15930
31844
-42.228461 -58.580599 -516.020840 7076.417225 -0.001168 0.993658 -0.112436 0.982624 -0.019728 -0.184556 0.185603 0.110698 0.976369
-47.420551 -68.123129 -1086.797304 5284.320441 -0.069986 -0.981705 0.177080 0.995951 -0.078806 -0.043268 0.056431 0.173334 0.983245
-51.004986 -74.836850 696.601373 9284.931873 0.336096 -0.938644 0.077372 0.940222 0.329595 -0.085725 0.054963 0.101558 0.993310
-38.711625 -55.828754 -185.625676 4220.589852 -0.421529 -0.868141 0.262001 0.889317 -0.452249 -0.067723 0.177283 0.204455 0.962688
-40.312826 -75.786727 -5287.762320 13710.429875 -0.407544 0.913046 0.015959 0.900936 0.404869 -0.156188 0.149068 0.049275 0.987598
-32.463145 -53.332098 -4904.599952 8388.378106 -0.116122 0.993233 -0.001773 0.952230 0.110820 -0.284563 0.282441 0.034732 0.958656
-31.854218 -45.592538 -863.433167 4569.388487 0.460149 0.859130 -0.223959 0.838862 -0.503330 -0.207289 0.290814 0.092487 0.952299
19.383419 -81.419447 -9981.883686 -23.090409 0.350265 0.925185 -0.146106 -0.376054 -0.003958 -0.926589 0.857845 -0.379495 -0.346534
19.240718 -75.959057 -10400.524975 -2921.809113 0.373763 0.922121 -0.099971 -0.190723 -0.029071 -0.981213 0.907704 -0.385807 -0.165004
40.295449 -91.444901 -6991.487338 -2144.369854 0.246561 0.963173 -0.107263 -0.360771 -0.011503 -0.932583 0.899473 -0.268636 -0.344649
-4.086128 -75.177232 -9470.387110 -525.691854 0.380469 0.912995 -0.147257 -0.312841 -0.022781 -0.949532 0.870272 -0.407335 -0.276955
25.025946 -90.458339 -9457.199807 -2301.316725 0.289461 0.938340 -0.189025 -0.523502 -0.010134 -0.851964 0.801348 -0.345565 -0.488289
1.427252 -81.487801 -11773.629100 -1544.782995 0.353296 0.907183 -0.228476 -0.499184 -0.023743 -0.866171 0.791200 -0.420066 -0.444462
26.880242 -50.994822 30820.844556 320.006395 0.030388 -0.682267 -0.730471 0.957385 -0.190126 0.217407 -0.287211 -0.705949 0.647415
31.154461 -51.188137 31196.180517 770.173357 0.053377 -0.686068 -0.725577 0.983509 -0.089623 0.157094 -0.172805 -0.721996 0.669970
-23.988275 -55.319424 22853.132079 1000.098720 -0.020741 -0.707951 -0.705957 0.972172 -0.179085 0.151029 -0.233347 -0.683179 0.691965
-26.004222 -55.244573 22226.561273 -417.853473 0.150301 -0.726732 -0.670276 0.983419 0.040317 0.176807 -0.101468 -0.685737 0.720742
9.602862 -85.825094 1271.260716 -6967.641350 0.692336 -0.071503 0.718024 -0.651705 0.365208 0.664758 0.309761 0.928176 -0.206248
3.045209 -81.586150 1597.228527 -7863.134197 0.737288 -0.121394 0.664583 -0.553056 0.456503 0.696946 0.387989 0.881401 -0.269436
14.073373 -93.411260 1839.379156 -5721.254955 0.738896 -0.132427 0.660678 -0.619869 0.250836 0.743534 0.264186 0.958929 -0.103255
6.868574 -89.495735 733.684301 -8391.854188 0.790977 -0.159944 0.590571 -0.514240 0.349228 0.783325 0.331532 0.923286 -0.193982
17.196967 -95.545573 294.981329 -4176.941421 0.700164 -0.085058 0.708897 -0.690106 0.173993 0.702481 0.183095 0.981067 -0.063125
66.934890 -48.378634 -8620.221312 9505.047836 0.178443 0.846766 -0.501144 0.976661 -0.090547 0.194765 0.119543 -0.524203 -0.843161
75.814778 -52.375257 9005.081378 9775.249508 0.205009 0.960203 -0.189689 0.951935 -0.150547 0.266749 0.227576 -0.235258 -0.944914
85.175210 -53.384891 516.072046 6018.035061 0.194230 0.918630 -0.344085 0.980634 -0.172840 0.092106 0.025140 -0.355311 -0.934410
10.962196 -55.875754 5866.227673 4436.744279 0.230165 0.970291 0.074556 -0.872231 0.171715 0.457959 -0.431552 0.170437 -0.885841
5.233270 -51.046523 5311.613082 6601.826873 0.191231 0.975094 0.112352 -0.815569 0.094160 0.570948 -0.546148 0.200814 -0.813262
33.922564 -54.071181 14694.836806 8168.771093 0.230117 0.968962 0.090321 -0.811389 0.139792 0.567544 -0.537302 0.203887 -0.818374
-3.254952 -60.677938 -459.386054 1380.278260 0.198759 0.974716 0.102091 -0.872947 0.223426 -0.433641 0.445487 0.002930 -0.895284
-5.412197 -62.050331 156.497956 1998.764245 0.185978 0.976861 0.105613 -0.818828 0.213501 -0.532858 0.543077 -0.012621 -0.839588
-4.632446 -62.616036 -1182.332617 1540.951445 0.216720 0.971340 0.097623 -0.806452 0.234486 -0.542819 0.550153 -0.038912 -0.834157
-1.789351 -61.859429 -1383.705301 302.308524 0.228156 0.968698 0.097822 -0.867310 0.247867 -0.431665 0.442400 -0.013645 -0.896714
9.148064 -130.310791 -2251.463640 1255.391441 -0.086425 0.989531 0.115578 -0.708530 -0.142606 0.691122 -0.700369 0.022160 -0.713437
19.780130 -123.815754 -1711.827747 -4519.612014 -0.101133 0.980958 0.165813 -0.824401 -0.175927 0.537971 -0.556898 0.082290 -0.826495
14.274076 -128.101267 -2403.771749 2930.201499 -0.086503 0.987865 0.128998 -0.634999 -0.154444 0.756917 -0.767654 0.016439 -0.640653
9.480137 -123.114694 -1513.377325 7386.843508 -0.068619 0.990572 0.118571 -0.517330 -0.136954 0.844756 -0.853031 0.003374 -0.521850
3.405773 -119.376101 -3514.297705 9854.442824 -0.105803 0.989101 0.102394 -0.478331 -0.140900 0.866802 -0.871783 -0.042732 -0.488026
0.066982 -126.209262 -3966.332781 1311.106387 -0.096159 0.992562 0.074667 -0.681448 -0.120325 0.721907 -0.725522 -0.018536 -0.687950
1.577456 -127.976949 -3885.960564 -2668.114628 -0.073277 0.995443 0.061019 -0.833953 -0.094714 0.543646 -0.546948 0.011051 -0.837093
9.259885 -138.332619 -2601.552629 -5855.638583 0.099830 0.986457 0.130139 0.510239 -0.163040 0.844438 -0.854219 0.017898 0.519605
9.591234 -167.593768 -1756.425157 -13129.456871 0.167925 0.971335 0.168256 0.721443 -0.237406 0.650506 -0.671804 -0.012151 0.740629
7.254589 -147.421879 -2234.425625 -15129.016973 0.136798 0.971252 0.194820 0.695762 -0.234198 0.679019 -0.705125 -0.042660 0.707798
5.884514 -125.493591 -2348.567833 -4744.316171 0.083591 0.986999 0.137280 0.512023 -0.160727 0.843800 -0.854895 0.000243 0.518801
4.179047 -113.016853 -394.090958 -8963.058804 0.111804 0.983362 0.143172 0.575888 -0.181532 0.797119 -0.809847 0.006670 0.586603
4.344552 -73.936168 -1137.283759 1821.640907 0.056063 0.965933 0.252648 0.414893 -0.252703 0.874074 -0.908142 -0.055819 0.414926
5.520551 -72.980994 -394.648985 2588.654167 0.040185 0.975629 0.215713 0.526241 -0.204185 0.825457 -0.849386 -0.080347 0.521621
6.688770 -74.546360 -547.386386 1833.748799 0.054444 0.967502 0.246932 0.379794 -0.248776 0.890992 -0.923468 -0.045274 0.380995
7.450324 -79.469995 -233.300190 2197.312613 0.065396 0.961894 0.265487 0.258110 -0.273308 0.926651 -0.963900 -0.007926 0.266148
7.826974 -81.168271 899.856899 2377.125679 0.072498 0.967896 0.240668 0.278613 -0.251351 0.926929 -0.957663 0.000147 0.287891
-25.750153 -47.713683 -5588.287947 3970.806829 0.490651 -0.516630 0.701680 0.645053 0.756734 0.106110 -0.585805 0.400558 0.704546
-14.846523 -45.751487 -4007.006236 3594.878690 0.550701 -0.382889 0.741704 0.519471 0.852747 0.054515 -0.653359 0.355272 0.668508
-25.570179 -58.500141 -5771.715116 5824.893385 0.622044 -0.279492 0.731400 0.401636 0.915761 0.008358 -0.672124 0.288557 0.681898
-36.669373 -59.152288 -6160.009243 6115.306631 0.657418 -0.321220 0.681629 0.450448 0.892697 -0.013762 -0.604068 0.316086 0.731568
-39.008133 -70.953993 -5650.625842 6587.366403 0.715309 -0.165475 0.678934 0.248656 0.968243 -0.025991 -0.653073 0.187412 0.733739
-27.215203 -70.471979 -6170.680440 5428.562544 0.667664 -0.125560 0.733797 0.181135 0.983452 0.003469 -0.722090 0.130600 0.679359
7.644900 -103.375725 -120.679724 3379.783226 0.798747 -0.298306 0.522509 -0.512491 -0.792288 0.331108 -0.315207 0.532253 0.785717
5.789093 -106.055631 325.950918 4709.578361 0.798156 -0.318618 0.511301 -0.564829 -0.690977 0.451130 -0.209559 0.648870 0.731473
7.870772 -91.186390 203.399900 3830.044977 0.823575 -0.285510 0.490111 -0.471114 -0.825521 0.310753 -0.315874 0.486826 0.814386
9.515603 -93.117361 -181.770400 -1704.191547 0.831482 -0.254006 0.494084 0.387132 0.902783 -0.187379 -0.398456 0.347078 0.848982
18.526874 -96.401505 -1515.025887 11216.548314 0.889614 -0.086634 0.448422 0.107249 0.994016 -0.020728 -0.443943 0.066533 0.893582
14.505766 -94.481644 -1131.742344 4805.148420 0.863259 -0.177927 0.472362 0.247731 0.964699 -0.089359 -0.439788 0.194158 0.876863
15.257225 -84.030546 381.713383 6335.854358 0.899986 -0.090464 0.426430 0.157398 0.979674 -0.124360 -0.406512 0.179042 0.895931
20.763732 -93.160547 1041.429580 10861.664572 0.924900 0.033627 0.378721 -0.021408 0.999107 -0.036430 -0.379607 0.025586 0.924794
12.102857 -77.272337 1629.047937 5497.023669 0.930386 -0.009774 0.366451 0.078777 0.981620 -0.173826 -0.358017 0.190593 0.914056
9.393525 -74.562066 456.241994 -691.685458 0.900522 -0.127959 0.415555 0.228944 0.952043 -0.202974 -0.369654 0.277922 0.886631
-12.424282 -88.251246 -649.570082 1199.427335 0.235495 0.967519 0.091918 -0.688844 0.232884 -0.686483 0.685592 -0.098346 -0.721313
-11.652988 -89.680486 -1406.337976 254.290199 0.246239 0.965095 0.089202 -0.530558 0.211244 -0.820904 0.811095 -0.154812 -0.564056
-9.395334 -92.780507 -439.852244 1190.527528 0.251588 0.964698 0.077851 -0.559649 0.210636 -0.801514 0.789618 -0.158082 -0.592886
-10.775499 -93.646622 -84.989907 985.951812 0.241228 0.964979 0.103074 -0.365439 0.188715 -0.911505 0.899035 -0.182213 -0.398164
-9.554956 -88.188643 -739.446325 1915.025822 0.241972 0.968581 0.057457 -0.718338 0.218634 -0.660446 0.652257 -0.118536 -0.748672
-8.390326 -91.667792 -1188.478347 2181.388418 0.257173 0.965890 0.030316 -0.707595 0.209581 -0.674823 0.658158 -0.152095 -0.737357
-8.164570 -96.753680 -784.564704 528.517651 0.276104 0.956359 0.095623 -0.359295 0.194980 -0.912628 0.891445 -0.217623 -0.397450
-7.496487 -97.404194 -759.938787 1572.141212 0.274513 0.959607 0.061627 -0.538804 0.206585 -0.816709 0.796450 -0.190992 -0.573750
-5.666751 -101.431076 2113.856262 6929.384360 0.848301 -0.273873 0.453188 -0.509640 -0.654562 0.558404 -0.143708 0.704658 0.694842
-7.277866 -91.141755 1010.835826 7031.449083 0.874773 -0.210649 0.436347 -0.431082 -0.749521 0.502382 -0.221225 0.627571 0.746468
-1.377042 -88.370538 2014.924335 6052.500319 0.860536 -0.253243 0.441980 -0.451606 -0.780674 0.431972 -0.235648 0.571328 0.786164
0.812238 -177.976154 -2099.003167 -19404.457958 0.867410 0.073090 0.492197 0.398582 -0.694206 -0.599342 -0.297880 -0.716056 0.631293
-0.126465 -139.698674 -1678.511925 -14969.901023 0.853252 0.101473 0.511531 0.316866 -0.879936 -0.353989 -0.414195 -0.464128 0.782961
1.536284 -150.566619 -420.534806 -17875.871002 0.861477 0.109497 0.495850 0.341101 -0.848152 -0.405325 -0.376174 -0.518313 0.768013
0.310794 -221.057697 -1035.885297 -20798.198258 0.879878 0.072814 0.469587 0.454874 -0.414969 -0.787966 -0.137489 -0.906917 0.398244
1.253839 -197.405274 -1961.368873 -15419.886891 0.870887 0.077320 0.485364 0.466085 -0.443287 -0.765677 -0.155953 -0.893039 0.422090
-0.156782 -188.921110 578.052081 -19659.359885 0.877047 0.093000 0.471317 0.414274 -0.643156 -0.643993 -0.243239 -0.760067 0.602605
-2.071967 -131.154033 916.190963 2223.902442 0.813870 -0.175500 0.553909 -0.551222 -0.534700 0.640507 -0.183766 0.826617 0.531916
-2.941426 -128.285056 374.169138 1069.538368 0.797142 -0.182108 0.575675 -0.576355 -0.513642 0.635599 -0.179943 0.838456 0.514404
-3.842350 -127.371197 -243.644170 -1042.985699 0.803014 -0.173876 0.570032 -0.520003 -0.671702 0.527649 -0.291146 0.720128 0.629801
-1.477986 -75.533446 -244.283673 -8480.859621 0.861590 -0.240143 0.447206 -0.295029 0.480011 0.826164 0.413062 0.843754 -0.342724
7.164530 -89.574029 197.420862 -7400.611623 0.838788 -0.209042 0.502729 -0.429139 0.314422 0.846746 0.335074 0.925981 -0.174025
-1.492032 -75.814979 137.864520 -7747.826632 0.811615 -0.176503 0.556891 -0.418583 0.489272 0.765115 0.407516 0.854084 -0.323220
-4.972354 -61.760513 -515.001055 -5480.640670 0.874160 -0.252565 0.414796 -0.208419 0.576361 0.790171 0.438642 0.777187 -0.451192
-2.146280 -66.541201 -1352.438513 -6518.349277 0.893803 -0.270277 0.357864 -0.175635 0.523273 0.833869 0.412636 0.808168 -0.420233
-6.935223 -60.287982 -702.405704 -5655.444818 0.847708 -0.211647 0.486411 -0.279512 0.601118 0.748686 0.450847 0.770625 -0.450415
3.814964 -317.990852 1440.598805 -92.662155 -0.807442 0.015902 -0.589732 -0.249525 0.896612 0.365819 0.534578 0.442531 -0.719995
2.942453 -290.715779 -2105.324460 14026.745139 -0.772408 0.019804 -0.634818 -0.316018 0.855020 0.411185 0.550925 0.518217 -0.654166
-0.507415 -290.194333 -1917.641362 7817.373814 0.800922 -0.040673 0.597385 -0.445818 0.625508 0.640302 0.399712 0.779157 -0.482850
-2.725962 -335.722934 -3139.873104 10761.852841 0.817372 -0.024383 0.575594 -0.386872 0.717087 0.579755 0.426887 0.696557 -0.576694
11.787369 -449.837571 -3335.549539 55557.749124 -0.804857 0.011338 -0.593361 -0.204466 0.933307 0.295179 0.557135 0.358899 -0.748861
-0.870569 -254.126612 3309.565982 28459.061350 0.843214 -0.263900 0.468345 -0.436257 0.173147 0.883006 0.314118 0.948882 -0.030872
-7.744284 -217.877116 963.769111 -9604.418703 0.778770 -0.259881 0.570946 -0.605794 -0.075238 0.792056 0.162884 0.962705 0.216027
-3.804950 -165.321098 356.409779 -2818.883910 0.823820 -0.263791 0.501732 -0.504342 0.062956 0.861206 0.258765 0.962523 0.081177
7.277512 -41.722528 -883.104307 -2480.066356 -0.103521 0.993149 0.054200 0.961180 0.113904 -0.251316 0.255768 -0.026079 0.966386
11.593965 -45.592810 -2255.872710 -1099.889898 -0.122328 0.991000 0.054367 0.925351 0.133687 -0.354758 0.358833 -0.006911 0.933376
6.294765 -46.124746 -64.129797 -1025.361278 -0.098336 0.993612 0.055368 0.923248 0.111854 -0.367562 0.371407 -0.014974 0.928349
12.356598 -41.593531 -2774.639736 -2340.279374 -0.107843 0.992888 0.050431 0.960863 0.117116 -0.251050 0.255171 -0.021383 0.966659
0.741861 -89.609948 -374.022641 -823.842417 -0.730079 0.193520 -0.655389 0.041415 0.969832 0.240232 0.682107 0.148245 -0.716068
-1.054046 -88.219655 -458.109777 1622.040135 -0.738585 0.181820 -0.649180 0.148056 0.983182 0.106920 0.657702 -0.017146 -0.753083
-0.214869 -87.415468 -244.058508 1362.083655 -0.736035 0.217820 -0.640942 0.065134 0.965213 0.253223 0.673803 0.144633 -0.724618
-0.662380 -90.908690 -473.945918 1157.268948 -0.734792 0.160416 -0.659050 0.158014 0.985382 0.063673 0.659630 -0.057353 -0.749399
23.101703 -49.317923 -3931.076201 -824.761256 -0.537504 -0.305869 -0.785833 -0.221659 0.950375 -0.218300 0.813607 0.056850 -0.578629
32.157778 -48.951705 -6601.901911 -2129.165415 -0.515144 -0.361766 -0.777015 -0.122651 0.928343 -0.350907 0.848283 -0.085466 -0.522601
23.490483 -42.818577 -2786.235714 -1241.609211 -0.495758 -0.404807 -0.768346 -0.198377 0.914116 -0.353609 0.845500 -0.022882 -0.533484
16.471479 -44.335630 -2024.050370 -71.596559 -0.505881 -0.358177 -0.784726 -0.273031 0.929432 -0.248214 0.818254 0.088688 -0.567975
-1.054743 -28.560479 -308.595217 -345.572351 -0.043336 0.993280 0.107318 0.055277 0.109638 -0.992433 0.997530 0.037076 0.059656
-4.630158 -29.943611 -1975.565524 -371.655240 -0.032019 0.976494 0.213153 0.006263 0.213454 -0.976933 0.999468 0.029945 0.012951
-1.705427 -29.712952 -2115.010344 -519.542117 -0.032041 0.986080 0.163157 0.087858 0.165387 -0.982308 0.995618 0.017139 0.091934
0.851389 -28.855027 -141.603172 61.204339 -0.047360 0.996539 0.068313 0.119942 0.073568 -0.990051 0.991651 0.038695 0.123011
0.250594 -28.397525 1321.367273 24.364731 -0.051427 0.998445 0.021513 0.084843 0.025832 -0.996059 0.995066 0.049399 0.086039
-1.483612 -28.370169 40.700611 23.516112 -0.044691 0.998052 0.043541 0.011934 0.044115 -0.998955 0.998930 0.044125 0.013883
0.784664 -45.875293 -1848.322228 -2847.906207 0.325680 0.891174 0.315818 0.543974 0.096593 -0.833524 0.773321 -0.443259 0.453317
-0.086762 -45.806692 -644.010287 -2679.130831 0.318200 0.897616 0.305017 0.619224 0.046835 -0.783816 0.717851 -0.438284 0.540922
1.295926 -46.510169 -1905.522458 -1875.901154 0.323055 0.892497 0.314777 0.607218 0.059643 -0.792294 0.725894 -0.447093 0.522672
3.381934 -48.424959 -1877.639742 -1547.194803 0.323395 0.891475 0.317314 0.494417 0.126731 -0.859936 0.806825 -0.434985 0.399776
2.920886 -52.023715 -1415.653714 57.867774 0.335869 0.894355 0.295501 0.387457 0.154768 -0.908803 0.858527 -0.419733 0.294543
-52.865152 -76.352274 134.981455 -1075.004122 0.390827 0.818624 -0.420842 0.661288 0.068317 0.747015 -0.640276 0.570252 0.514646
-53.810093 -79.832490 1666.613928 -541.209978 -0.387472 -0.836054 0.388432 0.782879 -0.075925 0.617525 -0.486792 0.543368 0.683947
-52.841907 -77.092193 3119.883060 -1173.673628 -0.406868 -0.793582 0.452422 0.734832 0.009882 0.678177 -0.542660 0.608383 0.579129
10.468132 -288.044273 1429.586269 34426.473617 0.338083 0.940087 0.044009 0.934673 -0.340863 0.100985 -0.109935 -0.006993 0.993914
12.313071 -318.200082 340.085955 11745.833039 0.322749 0.944225 0.065367 0.813598 -0.312062 0.490587 -0.483623 0.105155 0.868937
10.990629 -318.486127 3399.551903 970.878477 0.341433 0.939129 0.038220 0.791446 -0.309199 0.527266 -0.506988 0.149777 0.848840
6.495999 -302.222462 405.911084 4388.440918 0.343399 0.938234 0.042349 0.853671 -0.330612 0.402420 -0.391565 0.102039 0.914475
6.570862 -319.968585 2421.699084 -36093.771271 0.338417 0.940241 0.037705 0.615805 -0.251586 0.746652 -0.711518 0.229461 0.664146
19.679613 -144.411110 1869.570125 -13269.605700 -0.312214 -0.522361 0.793512 -0.698959 0.692002 0.180527 -0.643412 -0.498270 -0.581161
18.586806 -150.135147 -107.737216 -8645.598590 -0.338233 -0.590952 0.732376 -0.594398 0.737508 0.320583 -0.729582 -0.326891 -0.600710
5.085805 -147.063635 2673.972895 6031.703706 -0.308740 -0.547649 0.777663 -0.413910 0.813489 0.408552 -0.856363 -0.195746 -0.477834
6.618244 -160.819642 6098.996774 -4988.382325 -0.262244 -0.424765 0.866489 -0.568517 0.793550 0.216947 -0.779754 -0.435721 -0.449590
-14.264032 -111.570082 2039.952569 22316.092271 -0.334599 -0.516500 0.788208 -0.084733 0.849520 0.520707 -0.938544 0.107441 -0.328013
-0.159619 -141.129887 3405.625992 18348.772620 -0.307008 -0.414475 0.856712 -0.265159 0.901792 0.341264 -0.914022 -0.122395 -0.386760
-27.903153 -62.701803 -806.816135 16945.960566 -0.204485 0.874843 -0.439130 0.137563 0.469840 0.871967 -0.969155 -0.117896 0.216421
-31.373461 -76.382311 -2809.963723 7255.497344 -0.242404 0.916226 -0.319014 -0.029645 0.321673 0.946387 -0.969722 -0.238865 0.050814
-30.235467 -49.473263 -6071.173896 14991.899004 -0.331270 0.758534 -0.561147 0.094030 0.618307 0.780291 -0.938839 -0.205722 0.276152
-55.393909 -346.762069 7760.564252 -145872.999836 -0.140374 0.988595 -0.054545 -0.988834 -0.142765 -0.042720 0.050020 -0.047939 -0.997597
-51.176098 -150.906826 -4825.772950 57587.390107 -0.069963 0.951378 -0.299974 0.957238 -0.020592 -0.288566 -0.280713 -0.307335 -0.909255
-47.718905 -135.013828 4302.750722 -42260.872525 -0.128434 0.989623 -0.064427 -0.901424 -0.089410 0.423604 -0.413448 -0.112481 -0.903553
-82.133292 -270.163355 -14483.989246 94826.231350 -0.102465 0.947739 -0.302145 -0.518969 0.208198 0.829051 -0.848630 -0.241753 -0.470514
35.937919 -63.168369 4435.242538 -4560.019060 0.059480 0.837215 -0.543629 -0.109244 0.546782 0.830118 -0.992234 -0.010013 -0.123983
31.525877 -48.812407 6622.568174 -6533.904383 0.107689 0.857869 -0.502457 -0.250928 0.512487 0.821214 -0.961997 -0.037645 -0.270453
23.415996 -61.397018 5668.384266 -4863.988338 0.136650 0.844332 -0.518102 -0.104000 0.532346 0.840114 -0.985145 0.060919 -0.160556
-2.781957 -50.436857 -8513.869460 196.760747 0.734265 0.640313 -0.225508 -0.621048 0.499443 -0.604033 0.274142 -0.583572 -0.764389
7.339945 -47.148214 -5369.405332 143.464350 0.659110 0.706005 -0.259097 0.666505 -0.388794 0.636090 0.348347 -0.591943 -0.726814
1.362269 -49.314398 -4435.390560 -2086.790809 0.683594 0.692419 -0.230771 -0.668686 0.467450 -0.578230 0.292503 -0.549588 -0.782557
-9.722845 -50.709639 -5062.570213 -993.735407 0.756246 0.634490 -0.159731 -0.605422 0.586020 -0.538559 0.248105 -0.503987 -0.827309
-0.859252 -55.848696 -254.057795 1648.127579 0.026266 0.948688 -0.315121 0.980364 -0.086075 -0.177417 -0.195438 -0.304273 -0.932321
1.721660 -56.385987 -794.931257 2064.126429 0.009301 0.947442 -0.319792 0.989000 -0.055929 -0.136934 -0.147623 -0.315001 -0.937540
0.178533 -56.353383 -806.067099 1058.958306 0.000028 0.948618 -0.316423 -0.947061 0.101614 0.304548 -0.321053 -0.299663 -0.898402
0.857414 -57.860079 -1043.799625 1959.453216 -0.018070 0.950771 -0.309368 -0.907277 0.114429 0.404666 -0.420145 -0.287995 -0.860544
-1.558554 -57.591396 -765.296662 1164.564707 0.008603 0.948745 -0.315927 -0.894206 0.148709 0.422233 -0.447572 -0.278871 -0.849653
5.643525 -43.989584 -14.401304 1946.156024 0.139763 0.937979 -0.317272 0.963471 -0.054897 0.262126 0.228452 -0.342318 -0.911388
8.563692 -39.629039 762.576959 277.944908 0.163447 0.939501 -0.301035 0.933507 -0.048574 0.355254 0.319139 -0.339084 -0.884970
7.559428 -43.802095 550.638807 1290.992622 0.108581 0.947527 -0.300670 0.957839 -0.018790 0.286690 0.265997 -0.319123 -0.909619
5.864019 -45.602232 231.088997 2362.378943 0.079927 0.946736 -0.311934 0.980324 -0.017995 0.196572 0.180488 -0.321508 -0.929546
9.460520 -72.129845 -489.396743 2053.769550 0.160712 0.960680 -0.226418 -0.407775 -0.144280 -0.901611 0.898828 -0.237227 -0.368554
10.137402 -78.315936 1123.033612 713.296661 0.135277 0.970486 -0.199640 -0.241554 -0.163109 -0.956581 0.960912 -0.177627 -0.212360
9.766523 -74.897377 1544.711580 1295.388760 0.115761 0.967988 -0.222706 -0.385439 -0.162867 -0.908246 0.915443 -0.190979 -0.354247
7.503326 -68.069534 -2042.973131 2357.914417 0.195629 0.952247 -0.234423 -0.494619 -0.110603 -0.862044 0.846807 -0.284591 -0.449362
8.025160 -71.355151 -1946.884045 1554.929511 0.202888 0.955190 -0.215519 -0.347290 -0.135596 -0.927903 0.915547 -0.263108 -0.304218
7.083020 -65.031583 -814.974440 3186.933995 0.166773 0.954753 -0.246239 -0.592573 -0.102551 -0.798962 0.788063 -0.279160 -0.548658
8.622292 -67.416690 1006.779200 4072.708495 0.118619 0.964627 -0.235425 -0.538749 -0.136639 -0.831312 0.834074 -0.225444 -0.503484
-8.194098 -120.402249 -1623.900281 -5128.366944 0.204208 0.978740 0.019188 0.739121 -0.141302 -0.658584 0.641871 -0.148670 0.752262
-10.934353 -117.316120 -1916.596697 -9.614775 0.207444 0.978240 0.003671 0.587168 -0.121510 -0.800293 0.782433 -0.168172 0.599598
-11.834171 -113.923516 -721.819810 -5698.897875 0.163746 0.986492 0.004576 0.774529 -0.125687 -0.619926 0.610977 -0.105055 0.784647
-8.800730 -115.068509 -1281.261056 -5177.006971 0.180248 0.983104 0.031886 0.873247 -0.145018 -0.465198 0.452714 -0.111696 0.884632
9.801567 -63.571094 1225.851054 -5375.315877 -0.022697 -0.981138 -0.191970 0.983993 0.012025 -0.177800 0.176754 -0.192933 0.965160
3.820946 -46.774154 2330.387695 -4305.980082 0.015691 -0.970955 -0.238749 0.992083 0.044874 -0.117296 0.124602 -0.235018 0.963971
9.439839 -56.763486 1706.517891 1761.274331 0.103109 -0.968373 -0.227204 0.993253 0.112429 -0.028434 0.053079 -0.222739 0.973432
13.445863 -68.211539 -884.352810 46.124672 0.058822 -0.985207 -0.160956 0.997069 0.065885 -0.038898 0.048928 -0.158196 0.986195
12.997041 -12.876920 -5605.649818 -2540.599976 -0.619220 -0.233889 -0.749575 -0.395652 0.917504 0.040559 0.678252 0.321686 -0.660676
27.842600 -8.640952 -5859.146062 -1477.698280 -0.709103 -0.086984 -0.699719 -0.275238 0.947780 0.161108 0.649167 0.306832 -0.696015
16.275280 -7.219748 -6223.867482 -744.585879 -0.598283 -0.243401 -0.763422 -0.400233 0.916160 0.021558 0.694170 0.318445 -0.645540
10.503191 -131.196462 949.949645 -3552.567051 0.878669 0.370727 0.300836 -0.192201 -0.302126 0.933691 -0.437035 0.878226 0.194215
12.960602 -135.073180 -173.486615 -4899.522944 0.863212 0.412751 0.290690 -0.237125 -0.176842 0.955248 -0.445686 0.893512 0.054779
12.112566 -127.418680 1271.319219 -4218.532257 0.879514 0.374342 0.293809 -0.287211 -0.074709 0.954949 -0.379428 0.924276 -0.041808
8.750895 -137.683930 1805.515865 -5854.446458 0.888206 0.342746 0.305968 -0.275125 -0.136573 0.951659 -0.367964 0.929448 0.027007
11.469576 -136.882160 693.545745 432.981777 0.870734 0.384752 0.306248 -0.095467 -0.478659 0.872795 -0.482398 0.789209 0.380054
4.277280 -128.617189 -256.274993 -4345.678224 0.913370 0.306443 0.268043 -0.404808 0.613360 0.678174 -0.043415 0.727930 -0.684276
3.928515 -120.258932 -515.310862 -10076.810744 0.924343 0.290429 0.247468 -0.380465 0.750688 0.540106 0.028909 0.593396 -0.804391
6.018392 -131.883537 -1701.472155 -10258.801722 0.919820 0.296185 0.257304 -0.392287 0.705180 0.590621 0.006513 0.644202 -0.764828
5.512171 -141.353612 -1182.217358 414.758059 0.904937 0.307272 0.294404 -0.414258 0.477801 0.774659 -0.097364 0.822977 -0.559669
3.715334 -131.123127 -446.497136 4072.427568 0.903640 0.321255 0.283250 -0.402125 0.408764 0.819272 -0.147413 0.854229 -0.498560
3.767726 -75.603343 -731.515447 -244.708380 -0.046763 0.998317 0.034285 0.662489 0.005307 0.749053 -0.747611 -0.057742 0.661622
5.012030 -79.779662 30.234742 -443.081011 -0.018910 0.999265 0.033356 0.711146 -0.010008 0.702974 -0.702790 -0.037014 0.710433
4.301465 -78.168372 -611.172446 -1920.015286 -0.013563 0.998224 0.058013 0.773772 -0.026270 0.632919 -0.633319 -0.053474 0.772041
2.489384 -75.821229 -1428.273888 -2656.538603 -0.041714 0.997403 0.058712 0.743419 -0.008276 0.668775 -0.667524 -0.071545 0.741143
1.588467 -73.626200 -1357.646716 -921.674100 -0.057538 0.997465 0.041878 0.682742 0.008709 0.730607 -0.728390 -0.070630 0.681513
1.239797 -70.784549 -1161.803655 858.987301 -0.066813 0.997331 0.029428 0.589323 0.015646 0.807746 -0.805130 -0.071311 0.588796
-13.560413 -46.916597 -199.390434 817.644891 0.116206 0.984949 -0.127952 0.865090 -0.037079 0.500245 -0.487971 0.168822 0.856378
-12.148034 -47.535352 -838.527163 717.954828 0.142843 0.987017 -0.073443 0.861143 -0.087362 0.500800 -0.487882 0.134780 0.862442
-14.414499 -45.517591 -527.625278 1091.485863 0.147372 0.984073 -0.099407 0.912508 -0.096499 0.397514 -0.381590 0.149292 0.912196
-10.676392 -51.098642 -123.625830 886.069429 0.121877 0.988061 -0.094243 0.805810 -0.043063 0.590607 -0.579497 0.147924 0.801437
-13.488876 -47.941295 -104.067166 -30.328122 0.075119 0.979491 -0.186963 0.838299 0.039504 0.543778 -0.540011 0.197579 0.818139
-10.898861 -51.053553 -72.128097 1313.347397 0.096658 0.984860 -0.143903 0.799909 0.009170 0.600051 -0.592285 0.173109 0.786912
-8.736565 -227.254132 -1025.695100 11522.116476 0.802413 0.077312 0.591741 0.582248 0.115995 -0.804694 0.130851 -0.990236 -0.048061
-8.866429 -201.347145 19.752333 13210.439852 0.800020 0.104933 0.590725 0.551724 0.258175 -0.793061 0.235729 -0.960383 -0.148651
-7.400669 -217.242009 550.728614 -337.324114 0.789831 0.106236 0.604054 0.613046 -0.107081 -0.782757 0.018475 -0.988558 0.149703
-5.416791 -202.003126 156.624615 -8106.417048 0.777945 0.102170 0.619970 0.609219 -0.364165 -0.704440 -0.153799 -0.925713 0.345544
-5.664538 -229.411216 -993.555550 -9153.118704 0.789041 0.074559 0.609800 0.602339 -0.289135 -0.744035 -0.120839 -0.954380 0.273049
-5.187844 -216.246775 873.471024 -6681.634217 0.776332 0.122200 0.618365 0.612677 -0.376803 -0.694728 -0.148106 -0.918198 0.367393
-8.292974 -182.792128 -1111.954697 18313.566235 0.858686 0.105466 0.501533 0.201490 0.830323 -0.519582 0.471233 -0.547211 -0.691737
-5.736851 -205.933449 -3072.300362 17956.693017 0.884375 0.101453 0.455619 0.147641 0.865184 -0.479228 0.442813 -0.491085 -0.750168
-6.870893 -163.561225 1629.118781 4973.854260 -0.879227 -0.163914 -0.447318 0.025317 0.921543 -0.387450 0.475731 -0.351981 -0.806095
-16.723779 -45.427302 -288.948680 236.147783 0.188082 0.908124 0.374079 -0.522537 -0.229974 0.821016 -0.831613 0.349889 -0.431275
-16.759244 -45.664862 -582.594935 470.499326 0.193170 0.936765 0.291815 -0.534010 -0.149130 0.832222 -0.823115 0.316592 -0.471434
-15.024013 -44.689652 -609.901194 710.144211 0.188576 0.926171 0.326567 -0.443356 -0.216428 0.869824 -0.876285 0.308813 -0.369810
-14.163606 -44.080518 -67.363181 674.695589 0.185276 0.892027 0.412263 -0.442618 -0.298809 0.845460 -0.877361 0.339119 -0.339465
-12.980300 -42.882972 -484.939592 1303.053707 0.183072 0.911267 0.368887 -0.360947 -0.286719 0.887417 -0.914441 0.295610 -0.276429
-12.622044 -43.351703 -259.375789 1152.767332 0.190087 0.939088 0.286322 -0.355040 -0.206147 0.911839 -0.915322 0.274984 -0.294228
25.680559 -252.727038 20322.041141 -70657.823383 0.748904 0.400913 0.527648 0.612900 -0.116273 -0.781559 0.251985 -0.908707 0.332797
53.050700 -556.097732 13531.288803 -173332.489618 0.749947 0.312746 0.582897 0.555738 0.180073 -0.811621 0.358795 -0.932611 0.038759
52.623405 -442.409331 250.510077 -115427.471927 0.827172 0.244343 0.506046 0.556846 -0.235316 -0.796586 0.075559 -0.940704 0.330708
13.884947 -130.116361 1166.615828 -3990.549629 0.878262 0.384368 0.284461 -0.340072 0.083855 0.936653 -0.336166 0.919364 -0.204359
14.081993 -128.642725 -1234.674182 -3517.970061 0.851998 0.440385 0.283127 -0.320388 0.010864 0.947224 -0.414067 0.897743 -0.150350
19.188417 -40.185935 3517.085806 1702.899203 -0.056650 0.995868 0.070976 -0.179964 -0.080111 0.980406 -0.982041 -0.042766 -0.183758
37.578650 -37.249695 9410.311223 1613.804812 -0.094513 0.987290 0.127771 -0.136859 -0.140012 0.980646 -0.986071 -0.075197 -0.148353
25.583822 -42.056385 8233.302321 1112.170948 -0.065650 0.994392 0.082913 -0.250124 -0.096839 0.963359 -0.965985 -0.042506 -0.255079
-17.260690 -51.096716 814.325748 -1563.763905 -0.400799 0.916069 -0.013354 -0.738505 -0.331669 -0.587032 0.542191 0.225420 -0.809454
-17.216168 -52.357530 1536.196593 860.082278 -0.414172 0.909941 0.021642 -0.794092 -0.349616 -0.497178 0.444836 0.223103 -0.867379
-15.360495 -49.173714 1419.467751 -1693.704570 -0.390736 0.918365 0.062697 -0.758434 -0.282595 -0.587298 0.521636 0.277030 -0.806939
-14.722570 -44.023342 327.272762 -5164.200032 -0.377341 0.925774 0.023592 -0.680978 -0.260118 -0.684550 0.627602 0.274374 -0.728584
-15.347641 -45.749761 -425.846138 -4284.362497 -0.445365 0.889025 -0.106232 -0.637345 -0.398121 -0.659766 0.628841 0.226131 -0.743924
-24.955346 -47.871003 -7.419064 1720.658525 -0.807442 -0.583090 -0.089680 -0.529367 0.783207 -0.326126 0.260399 -0.215854 -0.941063
-24.080392 -45.318894 -1101.703593 1782.405365 -0.745913 -0.651481 -0.138515 -0.591338 0.743467 -0.312373 0.306487 -0.151093 -0.939807
-25.812252 -50.108386 -597.062296 2140.149623 -0.821091 -0.546276 -0.165502 -0.449728 0.797697 -0.401777 0.351502 -0.255465 -0.900658
-25.530533 -52.046559 330.649505 2129.410547 -0.847859 -0.517189 -0.116836 -0.429841 0.799463 -0.419638 0.310438 -0.305573 -0.900141
4.384800 -48.382316 -185.002356 3783.555413 0.000209 0.951882 -0.306466 -0.623711 0.239675 0.744003 -0.781655 -0.190991 -0.593749
5.174401 -48.417157 452.522596 4736.092061 -0.002331 0.959496 -0.281712 -0.674587 0.206449 0.708739 -0.738192 -0.191691 -0.646783
4.543829 -47.413136 265.525066 3525.584534 -0.001669 0.957166 -0.289534 -0.603008 0.230008 0.763857 -0.797733 -0.175867 -0.576795
8.876369 -191.239883 -2472.216341 -15630.299767 0.020419 0.971811 -0.234875 -0.552599 0.206749 0.807397 -0.833197 -0.113305 -0.541243
7.687047 -153.786433 -2645.055091 -11569.884135 0.022365 0.969714 -0.243219 -0.706983 0.187352 0.681963 -0.706876 -0.156700 -0.689762
11.600384 -163.205414 -1239.285312 -8882.703969 0.054113 0.975097 -0.215075 -0.773432 0.177163 0.608618 -0.631566 -0.133412 -0.763758
10.062887 -186.056844 543.110075 -14888.619787 0.062405 0.977474 -0.201618 -0.556563 0.201768 0.805933 -0.828458 -0.061919 -0.556617
20.111103 -640.340985 -6052.033195 -238483.496262 -0.432046 -0.754262 0.494394 0.901771 -0.353974 0.248016 -0.012066 0.552984 0.833104
9.992434 -557.423044 -11091.852432 -197028.616350 -0.345038 -0.773688 0.531371 0.809425 0.041331 0.585767 -0.475163 0.632217 0.611982
-1.034816 -519.742961 -9352.174865 -152207.400066 -0.443978 -0.704389 0.553823 0.878123 -0.219063 0.425338 -0.178281 0.675165 0.715799
5.520031 -512.854627 -7296.766950 -15348.850863 -0.414557 -0.702875 0.578022 0.834119 -0.547443 -0.067461 0.363850 0.454173 0.813228
-3.181966 -122.408958 -620.719524 26513.613468 0.035812 0.982725 -0.181574 0.878034 -0.117709 -0.463897 0.477256 0.142815 0.867081
-2.503052 -124.079574 -2752.976879 22808.129194 0.097266 0.979826 -0.174584 0.923657 -0.154201 -0.350828 0.370672 0.127132 0.920022
-6.436597 -76.604375 134.225064 18108.981636 0.013909 0.991005 -0.133097 0.841345 -0.083528 -0.534005 0.540319 0.104553 0.834939
1.512931 -76.085979 -1394.891006 19396.515496 -0.085370 0.991839 -0.094695 0.752986 0.001986 -0.658034 0.652476 0.127480 0.747010
-0.482132 -138.024481 799.949237 29973.818261 0.047891 0.976878 -0.208365 0.862890 -0.145535 -0.483984 0.503118 0.156617 0.849908
-56.219097 -82.127060 -422.699247 5999.404505 0.357357 -0.923097 0.142084 0.928864 0.367150 0.049118 -0.097506 0.114424 0.988635
-51.853713 -76.003302 -915.225445 3381.903346 -0.030071 -0.979849 0.197463 0.992753 -0.006283 0.120005 -0.116347 0.199641 0.972937
-44.134185 -68.445019 -319.214371 4605.643781 -0.274563 -0.926439 0.257539 0.961117 -0.272618 0.043967 0.029477 0.259597 0.965267
41.242979 -78.390674 -7005.600474 -6401.500515 0.264843 0.962682 -0.055688 -0.116086 -0.025501 -0.992912 0.957279 -0.269430 -0.105000
-4.661378 -69.084679 -8978.818392 -1860.069830 0.387877 0.916039 -0.102095 -0.157184 -0.043405 -0.986615 0.908210 -0.398733 -0.127151
8.162918 -169.423470 -3873.989925 6455.026817 0.771158 -0.121530 0.624937 0.618198 0.377524 -0.689425 0.152143 -0.917990 -0.366260
7.559900 -161.819579 -3701.961624 -13627.342572 0.761966 -0.126044 0.635232 0.644954 0.058844 -0.761952 -0.058660 -0.990278 -0.126130
32.516891 -166.485134 -12620.401036 -10931.336190 0.792848 -0.123039 0.596870 0.608331 0.101262 -0.787197 -0.036416 -0.987222 -0.155134
-0.792739 -169.761536 -745.587838 3211.835045 0.751391 -0.118403 0.649148 0.646283 0.330571 -0.687779 0.133154 -0.936324 -0.324910
31.224809 -168.287439 -11771.123915 12333.751001 0.813361 -0.078784 0.576401 0.550647 0.423933 -0.719075 0.187704 -0.902260 -0.388192
7.415538 -157.134733 -3837.262726 16806.282798 0.789526 -0.107259 0.604272 0.521321 0.636761 -0.568119 0.323841 -0.763564 -0.558656
-0.713722 -167.642498 -27.564918 16202.214192 0.760116 -0.111156 0.640209 0.556866 0.619159 -0.553662 0.334849 -0.777358 -0.532532
60.547843 -40.060675 -17032.853118 1143.934390 0.220227 0.781180 -0.584173 0.968613 -0.104353 0.225610 0.115282 -0.615523 -0.779642
49.423437 -36.605235 -17250.359360 -4329.011794 0.214645 0.774928 -0.594487 0.966480 -0.080732 0.243720 0.140871 -0.626872 -0.766281
64.237188 -37.473033 -5854.696344 -3319.615672 0.241664 0.894589 -0.375912 0.947713 -0.134386 0.289449 0.208420 -0.426206 -0.880289
-5.672649 -64.248272 311.450649 29.290759 0.193751 0.974182 0.115889 -0.715653 0.221147 -0.662522 0.671045 -0.045428 -0.740024
-5.089707 -63.185495 1406.066556 775.607972 0.160492 0.979017 0.125572 -0.797044 0.203588 -0.568571 0.582205 0.008835 -0.812994
17.639261 -122.925799 -821.058597 3115.791693 -0.070854 0.981533 0.177690 -0.630276 -0.182125 0.754707 -0.773131 0.058519 -0.631540
19.621641 -114.821309 -881.505554 -3205.311449 -0.080259 0.971027 0.225088 -0.756996 -0.206287 0.620002 -0.648472 0.120630 -0.751620
22.545157 -110.212551 -692.832038 -5119.950123 -0.112121 0.962580 0.246715 -0.880640 -0.211269 0.424075 -0.460329 0.169720 -0.871374
23.353469 -116.536455 -1981.149170 -10814.542525 -0.118012 0.982212 0.146057 -0.943541 -0.156759 0.291817 -0.309522 0.103373 -0.945257
25.529472 -109.591541 21.119621 -9541.681361 -0.132576 0.967297 0.216239 -0.944689 -0.189342 0.267792 -0.299978 0.168776 -0.938897
11.236071 -207.632470 1191.044266 -12654.998603 0.249156 0.961581 0.115255 0.738378 -0.265620 0.619874 -0.626673 0.069343 0.776191
10.210521 -203.364972 -1110.697325 -6424.406809 0.248378 0.952880 0.174147 0.884212 -0.296447 0.360954 -0.395572 -0.064330 0.916179
10.103184 -188.919291 -499.166359 -15713.875045 0.199231 0.969515 0.142647 0.717304 -0.243457 0.652842 -0.667668 0.027746 0.743942
10.590339 -153.348827 -1457.886286 -9566.840362 0.130106 0.985308 0.110641 0.505280 -0.161902 0.847632 -0.853091 0.054377 0.518921
12.774416 -180.089592 1468.554679 -15406.853576 0.203742 0.975904 0.078113 0.479438 -0.169021 0.861145 -0.853597 0.138001 0.502322
6.862571 -74.033882 1579.229455 2162.620049 0.041210 0.979847 0.195454 0.574681 -0.183269 0.797593 -0.817339 -0.079454 0.570652
4.342004 -73.591375 191.205142 -2076.346576 0.033044 0.980153 0.195471 0.632397 -0.171953 0.755319 -0.773939 -0.098656 0.625528
9.050742 -75.601532 2410.293670 -2090.367060 0.039205 0.980656 0.191772 0.653560 -0.170341 0.737458 -0.755859 -0.096422 0.647596
10.355529 -77.178933 3296.704123 2051.129137 0.040661 0.977559 0.206701 0.566792 -0.192934 0.800952 -0.822857 -0.084589 0.561918
7.019398 -40.854546 -4334.419889 2117.422496 0.634256 -0.161117 0.756148 0.301687 0.952085 -0.050188 -0.711831 0.259953 0.652473
-3.515182 -40.863481 -3477.244586 2741.472557 0.599345 -0.265287 0.755253 0.412926 0.910731 -0.007786 -0.685767 0.316530 0.655387
3.768759 -32.623344 -3400.539698 1813.920832 0.640852 -0.180602 0.746118 0.361857 0.928247 -0.086117 -0.677029 0.325176 0.660221
14.278618 -38.281465 -3333.794844 1868.465573 0.682087 -0.086054 0.726190 0.240607 0.964169 -0.111739 -0.690555 0.250942 0.678352
14.473110 -45.990802 -4414.495490 3597.584759 0.662763 -0.076574 0.744903 0.183179 0.981115 -0.062124 -0.726079 0.177624 0.664274
3.459281 -114.968462 438.805509 4975.687831 0.784315 -0.325969 0.527820 -0.614055 -0.528947 0.585792 -0.088238 0.783556 0.615024
0.853532 -112.078985 1795.393000 5833.935314 0.801750 -0.330130 0.498207 -0.590823 -0.563520 0.577385 -0.090137 0.757271 0.646851
6.689816 -114.036472 169.305470 3327.204588 0.780333 -0.320530 0.536974 -0.602219 -0.616599 0.507087 -0.168561 0.719073 0.674182
18.249455 -109.387361 -3026.064652 10257.456699 0.860797 -0.149854 0.486387 0.144705 0.988291 0.048394 -0.487944 0.028725 0.872402
12.107494 -102.070923 -1362.289652 5072.506128 0.840888 -0.213643 0.497257 0.287899 0.954582 -0.076724 -0.458282 0.207676 0.864204
-12.745024 -91.426596 -1279.545844 -4.738810 0.243300 0.962978 0.116094 -0.350385 0.198866 -0.915250 0.904453 -0.182003 -0.385797
-9.592778 -102.704892 554.825240 6737.482052 0.858669 -0.228753 0.458649 -0.493444 -0.610902 0.619122 -0.138563 0.757938 0.637440
0.782313 -118.203990 -956.718371 11295.134295 0.849155 0.121305 0.514024 -0.249536 0.949931 0.188052 -0.465476 -0.287952 0.836908
4.343983 -284.594879 1646.113140 12778.715933 0.787426 -0.077781 0.611482 -0.481092 0.542640 0.688543 0.385371 0.836356 -0.389869
0.582263 -291.669474 -1009.611886 -1241.782617 -0.784848 0.009225 -0.619620 -0.277669 0.888660 0.364943 0.553998 0.458474 -0.694901
4.570111 -286.750309 1410.081703 -19687.167413 0.799238 -0.062575 0.597748 -0.399592 0.687581 0.606266 0.448937 0.723406 -0.524537
-11.345679 -266.024768 2092.226326 726.441826 0.804487 -0.235844 0.545140 -0.561410 -0.002224 0.827535 0.193957 0.971788 0.134194
-6.871337 -292.603799 965.251215 -46279.666647 0.735601 -0.266692 0.622709 -0.677280 -0.307886 0.668205 -0.013519 0.913281 0.407106
-2.981391 -92.104456 -1105.680898 4439.392905 -0.734635 0.187970 -0.651904 0.198963 0.978297 0.057870 0.648633 -0.087191 -0.756090
-2.409124 -99.087591 -700.750054 4895.831676 -0.743687 0.148947 -0.651724 0.255992 0.964009 -0.071796 0.617574 -0.220229 -0.755050
-7.687004 -30.771918 -996.920509 -408.633438 -0.037548 0.959600 0.278850 -0.082586 0.275112 -0.957859 0.995876 0.058995 -0.068919
-8.097746 -31.664829 -1491.002102 -88.570576 -0.047621 0.949260 0.310866 -0.045184 0.308853 -0.950036 0.997843 0.059288 -0.028184
0.551637 -44.823899 -658.256049 579.995688 0.342074 0.896004 0.283130 0.643051 -0.003511 -0.765816 0.685179 -0.444033 0.577377
-53.896103 -76.703267 1075.369767 138.710166 0.334791 0.875602 -0.348190 0.744174 -0.019017 0.667715 -0.578031 0.482659 0.657967
-15.561866 -399.982285 -10096.140793 -109600.561463 -0.488588 -0.662262 0.568059 -0.722982 0.671766 0.161331 -0.488446 -0.331872 -0.807020
13.071043 -1043.238227 14486.483819 -347874.232953 0.423798 0.713634 -0.557783 -0.694560 0.651313 0.305576 -0.581361 -0.257911 -0.771687
8.010476 -742.031405 11824.841842 247749.272149 0.519247 0.594290 -0.614168 0.810239 -0.570907 0.132586 -0.271838 -0.566467 -0.777958
