19511
39014
-22.237687 -38.075978 -552.865154 2673.756347 -0.409169 -0.484493 -0.773206 -0.398349 0.857218 -0.326335 0.820913 0.174480 -0.543744
-22.451780 -37.462930 53.746482 2335.821893 -0.303017 -0.595149 -0.744297 -0.425843 0.783265 -0.452940 0.852548 0.179705 -0.490782
-28.672630 -46.123684 -454.409466 2150.659349 -0.461006 -0.258196 -0.849004 -0.160589 0.965213 -0.206337 0.872745 0.041218 -0.486433
-17.524914 -29.858339 -184.589351 1817.869785 0.216672 0.741977 0.634447 -0.587401 0.618166 -0.522332 0.779752 0.259500 -0.569778
-29.612619 -49.341008 -1097.664825 5338.826962 -0.539825 -0.057854 -0.839787 -0.122886 0.992364 0.010627 0.832759 0.108935 -0.542812
-20.201280 -35.285453 85.266099 3610.081308 -0.505238 -0.361918 -0.783422 -0.392877 0.904741 -0.164593 0.768363 0.224630 -0.599299
42.547406 -19.500276 -6171.129090 1550.811372 0.630409 0.613385 0.475755 0.762808 -0.375885 -0.526150 -0.143903 0.694600 -0.704857
56.836254 -32.005241 -5112.408620 1677.205823 0.641503 0.498382 0.583172 0.764458 -0.352039 -0.540067 -0.063861 0.792265 -0.606826
51.226784 -33.224728 -6865.970472 2210.646581 0.560436 0.609185 0.561075 0.808780 -0.256726 -0.529119 -0.178288 0.750324 -0.636575
73.124596 -42.534150 -4507.002930 2769.916991 0.633081 0.373774 0.677865 0.772310 -0.245715 -0.585799 -0.052395 0.894381 -0.444227
-5.727416 -23.676571 -1542.841754 -10567.061770 -0.799157 -0.001603 -0.601120 -0.190388 0.949191 0.250579 0.570176 0.314698 -0.758857
-4.123967 -6.559390 -2187.527201 -181.460803 -0.478452 0.864764 0.152533 -0.739880 -0.303452 -0.600412 0.472928 0.400125 -0.785009
8.232692 -5.635926 -327.890106 604.996766 -0.527967 0.842804 0.104554 -0.723139 -0.381581 -0.575731 0.445332 0.379574 -0.810927
1.267581 -19.011525 2318.005303 -14960.139919 -0.896105 0.142023 -0.420505 0.026104 0.962646 0.269502 0.443073 0.230525 -0.866340
-8.999317 -67.431294 -3992.489291 -24525.592889 -0.755638 -0.085443 -0.649393 -0.238582 0.959247 0.151405 0.609992 0.269341 -0.745228
-0.208724 -12.984846 23.440782 -276.919345 -0.465860 -0.377910 -0.800099 0.825637 0.139589 -0.546661 0.318274 -0.915259 0.246988
-1.439437 -14.306658 -101.837797 -354.940562 -0.457670 -0.378428 -0.804569 0.827286 0.150321 -0.541296 0.325785 -0.913343 0.244270
-0.706853 -14.469828 339.633989 -63.172055 -0.542262 -0.388803 -0.744838 0.761895 0.146185 -0.630988 0.354214 -0.909650 0.216957
0.158178 -12.712075 -162.592788 -78.517929 -0.509695 -0.400509 -0.761448 0.787486 0.139288 -0.600387 0.346521 -0.905644 0.244401
16.333199 -24.747102 -893.976493 2117.213534 0.950767 -0.308070 0.033702 0.120652 0.468121 0.875389 0.285457 0.828224 -0.482243
16.832269 -34.601110 -645.652849 3680.862404 0.964805 -0.257480 0.053433 0.097652 0.539469 0.836324 0.244162 0.801672 -0.545626
15.664634 -34.206480 -507.532395 3554.823213 0.942871 -0.322099 0.085129 0.107803 0.536739 0.836833 0.315235 0.779848 -0.540799
14.075124 -49.808962 -349.786602 5387.708610 0.965447 -0.239896 0.101796 0.077897 0.638419 0.765737 0.248685 0.731349 -0.635047
15.062245 -25.567879 870.518946 2247.473060 0.913116 -0.396381 0.095401 0.118972 0.482874 0.867570 0.389955 0.780842 -0.488078
15.901558 -41.473147 -735.333338 3413.264553 0.942935 -0.314535 0.109277 0.125436 0.639546 0.758450 0.308447 0.701462 -0.642504
15.582458 -32.795580 1071.371510 2944.766677 0.908349 -0.402752 0.112662 0.142156 0.550694 0.822513 0.393310 0.731113 -0.557476
-2.759543 -28.491334 -1402.653051 -204.995489 -0.080409 0.761093 0.643640 0.995957 0.087300 0.021193 -0.040060 0.642741 -0.765035
-3.880349 -28.184488 -954.965572 -1003.725491 -0.094582 0.753281 0.650863 0.995515 0.070277 0.063332 0.001966 0.653934 -0.756549
0.878421 -27.507167 -1288.287821 -131.851015 0.000587 0.770342 0.637631 0.997384 0.045637 -0.056055 -0.072281 0.635996 -0.768300
-1.070332 -25.921830 -1614.786271 875.629185 -0.066363 0.771891 0.632282 0.993667 0.108709 -0.028420 -0.090672 0.626392 -0.774217
6.154051 -23.863442 -1613.781972 1056.139147 0.098613 0.782401 0.614918 0.984066 0.015202 -0.177154 -0.147953 0.622590 -0.768435
4.245806 -25.819677 -1316.709972 -94.026891 0.058603 0.773001 0.631693 0.992940 0.020234 -0.116877 -0.103127 0.634082 -0.766358
-2.179177 -12.056839 -535.205154 1156.366953 0.720526 -0.343883 0.602152 -0.687211 -0.238094 0.686333 0.092649 0.908326 0.407873
0.012594 -10.710864 -337.937633 1598.113041 0.753269 -0.332211 0.567646 -0.653281 -0.277896 0.704271 0.076221 0.901338 0.426358
-0.259441 -6.002735 -507.959838 -1467.614184 0.628987 -0.373665 0.681725 0.775293 0.236751 -0.585550 0.057400 0.896841 0.438613
-2.954044 -7.857205 -629.171102 -1399.120325 0.524039 -0.398642 0.752641 0.849482 0.180983 -0.495607 0.061354 0.899072 0.433481
0.363107 -1.157999 991.819175 -522.224304 -0.322549 -0.402080 0.856910 0.945018 -0.188332 0.267344 0.053890 0.896026 0.440719
-1.635519 -3.942111 58.274209 -1349.335034 0.071141 -0.441484 0.894444 0.996306 -0.011794 -0.085064 0.048103 0.897191 0.439014
0.511416 -25.384860 -186.063127 74.339972 -0.035673 0.567489 0.822608 -0.462393 0.720351 -0.516998 -0.885957 -0.398811 0.236706
-0.057362 -24.421181 -1.784064 28.440171 -0.043154 0.578859 0.814285 -0.468923 0.707954 -0.528121 -0.882184 -0.404628 0.240890
0.771376 -24.189237 113.714860 -18.169141 -0.053569 0.609002 0.791357 -0.358636 0.727886 -0.584434 -0.931939 -0.315116 0.179418
1.096875 -25.156568 -219.320915 -175.287322 -0.054644 0.606171 0.793455 -0.364952 0.727538 -0.580947 -0.929421 -0.321318 0.181467
0.682461 -25.338879 75.952816 -259.450897 -0.060258 0.633129 0.771697 -0.258728 0.736774 -0.624679 -0.964069 -0.237301 0.119411
0.518579 -24.698266 31.383405 -99.833157 -0.062152 0.616062 0.785242 -0.291941 0.741131 -0.604562 -0.954415 -0.266819 0.133791
20.227665 -53.146384 -1612.974093 -5435.437734 0.089799 0.646648 0.757484 -0.707865 -0.493581 0.505276 -0.700616 0.581571 -0.413416
28.862569 -51.861184 -3183.946353 -5213.393253 0.067070 0.584097 0.808908 -0.723394 -0.529901 0.442612 -0.687170 0.614845 -0.386992
16.659553 -56.399478 -629.609421 -2466.938492 0.107593 0.633775 0.765998 -0.551144 -0.603221 0.576511 -0.827444 0.484203 -0.284399
12.293328 -57.178772 -870.895415 -1835.983051 0.103035 0.695154 0.711438 -0.564433 -0.548075 0.617276 -0.819023 0.465160 -0.335897
60.130559 -44.013949 2871.389574 1054.055602 0.429128 -0.000404 0.903243 0.669145 0.671841 -0.317608 -0.606708 0.740695 0.288577
68.516406 -43.512704 10277.006815 1275.265189 0.549172 -0.178916 0.816333 0.645411 0.711339 -0.278283 -0.530900 0.679695 0.506122
60.028909 -48.464223 1664.717912 3315.177219 0.410824 0.019101 0.911515 0.621383 0.725740 -0.295268 -0.667163 0.687703 0.286282
54.633677 -44.099247 11018.903484 -818.917029 0.591532 -0.234891 0.771308 0.682323 0.655497 -0.323665 -0.429564 0.717740 0.548019
64.148246 -53.662401 -8283.639575 3984.719474 0.158756 0.280859 0.946528 0.642827 0.698244 -0.315005 -0.749380 0.658463 -0.069693
66.303233 -41.953093 -4782.213187 1194.502758 0.260249 0.189308 0.946802 0.714988 0.621223 -0.320740 -0.648893 0.760424 0.026320
60.342802 -40.783364 4615.293374 -1278.426155 0.431579 -0.020604 0.901840 0.743065 0.574956 -0.342461 -0.511462 0.817925 0.263449
0.294180 -82.230258 -783.707791 -2106.040887 0.718396 0.022889 0.695257 0.442412 0.756252 -0.482032 0.536823 -0.653880 -0.533162
0.021125 -84.674669 728.196635 1759.547306 -0.728131 -0.053942 -0.683312 0.241464 0.912807 -0.329361 0.641498 -0.404813 -0.651618
0.082309 -79.523475 -801.032691 -1659.454205 0.714213 0.031041 0.699240 0.416359 0.784197 -0.460087 0.562624 -0.619735 -0.547159
-0.008338 -73.123530 -802.549367 -4636.286697 0.701524 0.014027 0.712507 0.568737 0.591436 -0.571613 0.429421 -0.806230 -0.406929
0.875683 -70.904253 -93.326418 -4898.753631 0.687836 0.029148 0.725281 0.622269 0.490761 -0.609865 0.373716 -0.870807 -0.319425
3.721004 -44.420680 -431.489824 -902.054515 0.084742 0.536736 0.839484 -0.265580 0.824203 -0.500157 -0.960357 -0.180566 0.212391
4.470421 -42.937938 -783.350580 -1815.343277 0.106745 0.478247 0.871714 -0.422050 0.815614 -0.395788 -0.900266 -0.325659 0.288907
1.779995 -39.624321 -618.191897 -1333.224407 0.092833 0.479710 0.872502 -0.431560 0.809083 -0.398924 -0.897295 -0.339503 0.282133
4.357700 -46.420370 -559.279294 -224.335502 0.061377 0.588741 0.805988 -0.096523 0.807227 -0.582296 -0.993437 -0.042056 0.106372
6.371619 -50.297858 -544.766092 -64.630413 0.090447 0.561095 0.822795 -0.119437 0.826330 -0.550376 -0.988713 -0.048492 0.141754
2.677137 -7.597242 -996.937690 512.118453 0.996014 0.029914 0.084033 -0.086274 0.083821 0.992739 -0.022653 0.996032 -0.086068
2.951204 -6.420420 -944.244309 -133.220594 0.999651 0.019409 -0.017909 0.016349 0.077794 0.996835 -0.020740 0.996781 -0.077449
0.647469 -8.513418 -1244.532184 -352.951230 0.994498 0.025418 -0.101628 0.099465 0.075359 0.992183 -0.032878 0.996832 -0.072416
3.868405 -6.282612 -83.187706 354.493360 0.994851 -0.000050 0.101347 -0.101005 0.081570 0.991536 0.008316 0.996668 -0.081145
3.150538 -8.669717 -1122.506438 1013.179017 0.986708 0.040279 0.157434 -0.160669 0.096575 0.982272 -0.024361 0.994510 -0.101763
4.815746 -6.959628 -268.823707 724.032603 0.978685 0.013151 0.204948 -0.205267 0.094177 0.974164 0.006490 0.995469 -0.094869
26.641501 -17.883457 -2377.951564 586.481294 0.835634 0.088060 -0.542182 -0.368207 -0.642657 -0.671875 0.407602 -0.761077 0.504601
15.126660 -22.678503 -2688.799663 786.722569 0.917716 0.114277 -0.380445 -0.241216 -0.600621 -0.762279 0.315614 -0.791325 0.523634
23.348373 -23.387665 -4130.890617 1774.197457 0.872013 0.020607 -0.489049 -0.357707 -0.655175 -0.665426 0.334124 -0.755196 0.563950
-6.282901 -21.915126 379.524703 184.046114 0.022186 0.591840 0.805750 -0.146177 0.799208 -0.583009 -0.989010 -0.104847 0.104245
-5.320280 -19.631831 841.372953 335.533708 0.055653 0.543749 0.837400 -0.240498 0.821307 -0.517316 -0.969053 -0.172603 0.176478
-4.246082 -21.787415 1218.910699 875.099697 0.082760 0.537550 0.839161 -0.149032 0.839256 -0.522913 -0.985363 -0.081785 0.149569
2.586495 -56.099626 972.714526 -2320.906230 -0.619512 0.001167 -0.784986 0.776828 0.144712 -0.612859 0.112882 -0.989473 -0.090557
3.787854 -75.801901 1320.034187 -4172.770320 -0.662351 -0.007448 -0.749157 0.730669 0.214565 -0.648139 0.165570 -0.976681 -0.136675
1.714162 -68.325775 1012.887311 -4785.307076 -0.667207 -0.011235 -0.744788 0.710315 0.291428 -0.640720 0.224251 -0.956527 -0.186463
6.993469 -54.492957 -529.650205 -550.821550 0.082293 0.614136 0.784898 0.033707 0.785404 -0.618065 -0.996038 0.077319 0.043933
10.083587 -63.667972 -549.922393 -1512.349898 0.113872 0.631974 0.766578 0.180961 0.745495 -0.641475 -0.976876 0.211767 -0.029472
7.916177 -59.170088 0.589708 -166.004319 0.121378 0.580608 0.805085 0.012779 0.810100 -0.586152 -0.992524 0.081434 0.090909
4.906566 -50.103338 -927.409749 -1357.339970 0.046861 0.631580 0.773893 0.004986 0.774587 -0.632448 -0.998889 0.033495 0.033149
-3.043327 -101.657685 -16.395018 -2258.941083 0.877319 0.190130 -0.440637 0.476684 -0.451472 0.754285 0.055524 0.871793 0.486717
-4.894920 -90.637522 905.511560 -1695.768245 0.868553 0.171321 -0.465042 0.492079 -0.409698 0.768118 0.058932 0.895989 0.440148
-3.305199 -104.393632 440.823764 -4754.569005 0.853717 0.211040 -0.476056 0.491320 -0.629358 0.602090 0.172545 0.747911 0.640982
-1.559855 -116.523948 471.301394 -4876.696866 0.853432 0.199176 -0.481646 0.471352 -0.689337 0.550129 0.222444 0.696523 0.682184
1.628011 -85.397226 18.499413 3300.100321 0.904356 0.013432 -0.426567 0.353449 0.536614 0.766237 -0.239194 0.843721 -0.480543
0.753231 -83.233292 761.010506 1156.726774 0.917505 -0.009632 -0.397608 0.288191 0.705070 0.647937 -0.274100 0.709073 -0.649681
-0.164121 -78.694524 1076.358731 3200.264200 0.911438 -0.030444 -0.410310 0.374454 0.474611 0.796573 -0.170487 0.879669 -0.443978
1.613989 -74.170504 587.658999 4640.911983 0.908248 -0.011875 -0.418265 0.404818 0.277855 0.871159 -0.105872 0.960550 -0.257169
-0.813159 -68.380010 1067.077133 3293.685861 0.906653 -0.035396 -0.420390 0.414703 0.257767 0.872684 -0.077473 0.965559 -0.248384
-1.476152 -72.818550 814.787559 1937.044095 0.908367 -0.007826 -0.418100 0.372479 0.469597 0.800461 -0.190074 0.882846 -0.429482
-19.021882 -28.276271 514.458787 462.089717 -0.110585 0.305635 -0.945705 -0.001128 0.951502 0.307640 0.993866 0.035087 -0.104877
-19.342098 -28.114714 527.715267 -366.458478 -0.098850 0.400435 -0.910978 0.143713 0.911609 0.385118 0.984670 -0.092850 -0.147660
-17.703578 -28.599393 577.419571 12.727770 -0.171332 0.305373 -0.936692 0.119084 0.950199 0.287995 0.977990 -0.062202 -0.199164
-18.131720 -28.166607 354.987743 364.863387 -0.166795 0.317308 -0.933539 -0.020211 0.945503 0.324986 0.985784 0.073073 -0.151292
26.894008 -32.544093 -1776.897207 384.647069 0.884310 -0.086263 -0.458862 0.384992 -0.421298 0.821151 0.264153 0.902810 0.339348
25.535721 -32.323875 862.692126 773.887250 0.882256 -0.179047 -0.435393 0.365334 -0.322899 0.873079 0.296910 0.929343 0.219468
26.022052 -30.351860 1833.458695 281.426486 0.834528 -0.211956 -0.508565 0.387413 -0.430577 0.815177 0.391758 0.877313 0.277214
25.000674 -31.629890 -1170.638951 -404.062627 0.858708 -0.095320 -0.503523 0.388654 -0.519284 0.761113 0.334020 0.849269 0.408867
22.310298 -29.570183 2567.333952 73.061771 0.795641 -0.245556 -0.553766 0.370626 -0.525759 0.765646 0.479157 0.814420 0.327306
6.460749 -67.621359 10362.254307 -10297.794594 0.350425 0.901075 -0.255472 0.926535 -0.373380 -0.046040 -0.136874 -0.220570 -0.965719
-39.731802 -63.192974 13343.340149 7764.783691 -0.059931 0.993680 -0.094908 -0.977031 -0.038916 0.209516 -0.204498 -0.105285 -0.973188
23.143817 -80.425609 5677.486904 24551.756646 0.417372 0.879203 -0.229787 -0.858365 0.464443 0.217951 -0.298346 -0.106275 -0.948523
37.407950 -96.261850 -3965.021481 27326.041775 0.513345 0.759271 -0.399980 -0.786134 0.602980 0.135676 -0.344195 -0.244789 -0.906426
24.115947 -22.818840 4291.343877 10120.922366 0.359927 0.881014 -0.307030 -0.854344 0.443468 0.270983 -0.374898 -0.164775 -0.912305
-4.938675 -20.659654 271.196303 -1684.885680 -0.533330 0.388553 -0.751389 0.834902 0.098976 -0.541426 -0.136004 -0.916095 -0.377191
-4.791995 -25.362403 444.566466 -1661.516015 -0.494967 0.396686 -0.773077 0.864828 0.138749 -0.482515 -0.084143 -0.907408 -0.411741
-6.118652 -23.537977 202.160498 -1905.591324 -0.549733 0.369523 -0.749164 0.826689 0.111920 -0.551416 -0.119915 -0.922457 -0.367007
-3.491310 -23.664733 567.541848 -1442.058613 -0.462762 0.415861 -0.782886 0.881729 0.124593 -0.455005 -0.091677 -0.900853 -0.424334
-2.689680 -20.186964 731.205287 -1452.102283 -0.466561 0.425567 -0.775380 0.873420 0.083415 -0.479771 -0.139496 -0.901074 -0.410616
-5.328977 -12.865783 741.706047 -754.487647 -0.192939 -0.424074 0.884837 0.969597 -0.220736 0.105630 0.150521 0.878315 0.453769
-3.967862 -14.767779 747.002953 -955.198087 -0.243620 -0.423505 0.872521 0.954565 -0.263894 0.138439 0.171624 0.866604 0.468553
-6.186959 -16.366419 751.816889 -673.257946 -0.226497 -0.414641 0.881347 0.949272 -0.296617 0.104405 0.218132 0.860285 0.460790
-13.179399 -21.829228 631.908955 -1184.217082 0.952159 -0.208047 0.223852 -0.225817 0.014575 0.974061 0.205913 0.978010 0.033103
-10.894545 -23.522024 804.436037 -782.683752 0.898992 -0.254860 0.356173 -0.356130 0.047966 0.933205 0.254921 0.965788 0.047642
-13.111475 -20.525767 763.961517 -316.683974 0.867357 -0.207513 0.452361 -0.433087 0.133122 0.891467 0.245210 0.969132 -0.025593
10.547262 -28.000976 -1485.231650 1201.523277 0.649286 -0.121789 -0.750730 0.759051 0.041941 0.649679 -0.047638 -0.991669 0.119676
7.896506 -25.087326 -1491.966567 1070.350847 0.623186 -0.133108 -0.770663 0.781902 0.126663 0.610398 0.016365 -0.982974 0.183012
13.815701 -25.162561 -1021.619310 1509.430256 0.681214 -0.059640 -0.729651 0.731304 0.101464 0.674463 0.033808 -0.993050 0.112733
15.708342 -27.237078 -917.620372 769.333368 0.694987 -0.050533 -0.717245 0.718344 0.005465 0.695667 -0.031234 -0.998707 0.040098
-8.081504 -17.874458 -66.808079 -285.869945 -0.459755 0.461073 -0.758971 -0.399591 0.655835 0.640474 0.793065 0.597739 -0.117283
-8.260487 -18.603250 248.243366 -179.042690 -0.454700 0.480941 -0.749629 -0.387357 0.651112 0.652693 0.801999 0.587153 -0.109765
-7.251282 -17.512683 414.714904 12.933020 -0.418709 0.379705 -0.824929 -0.388891 0.745910 0.540723 0.820638 0.547213 -0.164655
-1.352785 -32.165973 -33.687651 -184.992780 -0.086999 -0.517797 -0.851068 0.855500 -0.476566 0.202495 -0.510441 -0.710472 0.484436
-0.957251 -30.577903 136.526103 -381.219897 -0.060340 -0.534014 -0.843320 0.773449 -0.559076 0.298682 -0.630980 -0.634242 0.446767
-0.763357 -30.670030 193.217259 405.959004 0.070722 0.539554 0.838975 -0.757513 0.576264 -0.306747 -0.648978 -0.613841 0.449474
8.873328 -51.653263 2334.842437 370.106135 0.750285 -0.145973 0.644798 0.075774 0.987879 0.135472 -0.656758 -0.052784 0.752252
13.057347 -53.687712 2457.406465 1502.111774 0.736650 -0.141321 0.661344 0.022753 0.982547 0.184615 -0.675892 -0.120949 0.727009
15.838629 -52.979228 2697.361189 780.305792 0.727458 -0.146980 0.670225 0.118379 0.989025 0.088405 -0.675864 0.015030 0.736873
6.099736 -50.153089 2568.210107 193.952707 0.754862 -0.155436 0.637200 0.188782 0.981891 0.015877 -0.628128 0.108307 0.770535
9.821959 -76.326944 -10.060861 -1898.485457 0.523165 0.229047 0.820875 0.809767 -0.433857 -0.395026 0.265663 0.871381 -0.412454
13.349596 -80.412886 -148.767810 3559.682195 0.514102 0.239855 0.823510 0.712530 -0.653912 -0.254361 0.477493 0.717543 -0.507082
9.601134 -71.973984 458.321255 -1481.193278 0.455003 0.208856 0.865651 0.841002 -0.420340 -0.340632 0.292724 0.883003 -0.366905
-1.058641 -43.873636 -1667.440853 -4577.426407 0.678282 -0.068617 -0.731591 -0.309997 0.875969 -0.369567 0.666210 0.477462 0.572883
5.508259 -46.573421 -1099.953244 -4523.820203 0.681541 -0.055731 -0.729655 -0.400134 0.806453 -0.435346 0.612695 0.588665 0.527331
4.321718 -35.397006 -380.424049 -563.080635 0.614070 0.015015 -0.789109 -0.402446 0.866030 -0.296698 0.678936 0.499767 0.537846
-5.186080 -1151.015781 -684.601398 -296612.248187 0.818424 -0.298989 -0.490700 0.512399 0.766226 0.387745 -0.260056 0.568774 -0.780300
603.055267 -6131.104897 -72075.245631 -2221034.576541 -0.664144 0.514732 0.542185 0.742243 0.540689 0.395892 -0.089375 0.665362 -0.741152
-3.296618 -424.927076 -340.538518 -94327.684748 -0.891864 0.250233 0.376779 0.270806 0.962632 0.001698 -0.362275 0.103549 -0.926302
-2.068949 -558.095970 -229.211003 -125072.640628 -0.866818 0.283086 0.410475 0.252683 0.959068 -0.127823 -0.429858 -0.007079 -0.902869
3.548943 -393.129870 -648.147131 -57183.260206 0.858259 -0.253821 -0.446057 0.465401 0.751257 0.467990 -0.216318 0.609252 -0.762902
-0.380463 -39.651757 78.732182 131.467957 -0.251050 -0.462239 -0.850476 0.767052 0.440922 -0.466068 0.590428 -0.769365 0.243868
-1.373708 -45.284150 -206.527194 -2061.176811 -0.241650 -0.484069 -0.841001 0.862052 0.290809 -0.415085 0.445501 -0.825292 0.347019
-0.400672 -40.741393 -28.051482 717.361764 -0.227021 -0.459101 -0.858888 0.780334 0.441920 -0.442477 0.582701 -0.770671 0.257927
0.494803 -41.292687 212.872890 2891.782721 -0.247010 -0.451211 -0.857552 0.665367 0.564395 -0.488616 0.704467 -0.691280 0.160809
-65.576666 -82.231336 -8311.223885 1950.953396 0.854568 -0.208253 -0.475756 -0.293844 0.561456 -0.773578 -0.428216 -0.800873 -0.418609
-46.764820 -66.976778 -3701.374157 4040.911710 0.705961 -0.232519 -0.668995 -0.507697 0.492462 -0.706912 -0.493825 -0.838699 -0.229610
-44.240358 -73.532112 -6934.136872 -1289.948248 0.837216 -0.449223 -0.311877 -0.035636 0.524266 -0.850809 -0.545709 -0.723425 -0.422915
-42.224104 -82.554462 -10509.131913 -2103.457335 0.807391 -0.587555 -0.053844 0.327500 0.522197 -0.787435 -0.490778 -0.618134 -0.614042
-30.062224 -41.732417 -2364.014122 -770.191790 0.390941 -0.607688 -0.691289 0.582394 0.744909 -0.325465 0.712729 -0.275365 0.645129
-28.301593 -41.026259 -3204.510565 -364.350782 0.476828 -0.627924 -0.615099 0.565058 0.754996 -0.332702 0.673309 -0.188925 0.714817
-27.772457 -39.347846 -674.307696 -1916.155180 0.379589 -0.588522 -0.713830 0.684310 0.697857 -0.211461 0.622601 -0.408212 0.667630
-30.199046 -42.783892 -3649.773686 910.902023 0.443658 -0.638054 -0.629329 0.446141 0.766268 -0.462375 0.777255 -0.075633 0.624623
-31.736217 -42.105400 1768.150345 -1353.418252 0.248994 -0.577114 -0.777780 0.626090 0.708624 -0.325367 0.738927 -0.405946 0.537768
-30.566654 -43.626465 -899.551068 516.987048 0.304923 -0.650104 -0.695979 0.489848 0.733764 -0.470786 0.816744 -0.197370 0.542193
-25.691741 -27.019601 -520.348082 -7633.000775 0.071293 -0.177636 -0.981510 0.731121 -0.660063 0.172565 -0.678513 -0.729905 0.082816
-7.765656 -24.482470 8022.173420 492.604682 -0.676512 0.694529 -0.244871 -0.113957 0.229777 0.966549 -0.727562 -0.681786 0.076300
-15.559513 -27.102598 -8144.518481 -58.759466 0.695170 -0.685461 0.216524 0.171558 -0.134304 -0.975977 -0.698074 -0.715616 -0.024232
3.992643 -35.333705 636.843986 2844.510716 -0.294500 -0.272169 -0.916075 0.953148 -0.152987 -0.260965 -0.069121 -0.950010 0.304472
5.819081 -41.255928 945.445542 2508.134236 -0.350063 -0.261598 -0.899457 0.915235 -0.300021 -0.268945 -0.199500 -0.917362 0.344450
5.745156 -32.183698 612.070220 2033.304553 -0.318815 -0.297081 -0.900055 0.946057 -0.157589 -0.283094 -0.057737 -0.941758 0.331298
3.816576 -28.383639 641.842240 1615.928552 -0.250605 -0.286676 -0.924670 0.968035 -0.064083 -0.242490 0.010260 -0.955882 0.293572
4.491994 -25.182400 161.403406 1171.762714 -0.246983 -0.312677 -0.917187 0.967964 -0.035427 -0.248579 0.045232 -0.949199 0.311410
4.478019 -39.947866 383.094597 1682.170009 0.311149 -0.508249 0.803037 0.551332 0.784792 0.283080 -0.774093 0.354660 0.524401
1.597896 -36.392652 684.041253 1085.823864 0.339411 -0.495315 0.799665 0.540124 0.798634 0.265425 -0.770108 0.341830 0.538596
3.635675 -43.603912 97.405619 878.244720 0.348061 -0.434029 0.830947 0.408609 0.867981 0.282218 -0.843737 0.241303 0.479459
5.595286 -47.517042 142.877628 1731.659818 0.330642 -0.458696 0.824787 0.434378 0.849834 0.298492 -0.837849 0.259576 0.480239
5.202992 -50.367341 67.111086 753.081709 0.354663 -0.387492 0.850920 0.285027 0.911570 0.296311 -0.890491 0.137445 0.433746
-2.130586 -23.590672 -1064.791312 -1541.957473 0.065554 -0.239312 0.968727 0.257459 0.942001 0.215287 -0.964063 0.235295 0.123365
-1.836426 -18.818185 -309.207658 624.995771 0.113684 -0.156711 0.981080 0.238556 0.962899 0.126163 -0.964452 0.219700 0.146850
-3.323316 -20.054320 -702.951715 310.825733 0.099941 -0.200303 0.974623 0.226975 0.958291 0.173671 -0.968759 0.203858 0.141236
-4.672586 -18.710073 -188.884223 370.422150 0.128196 -0.233170 0.963949 0.186946 0.960226 0.207407 -0.973970 0.153617 0.166687
-5.506735 -23.779816 -258.523379 -1058.421469 0.104561 -0.290193 0.951239 0.237274 0.936140 0.259505 -0.965799 0.198570 0.166739
-3.193843 -32.813281 47.588509 1448.927677 -0.130818 0.532548 -0.836229 -0.726183 0.522760 0.446520 -0.674940 -0.665669 -0.318341
-3.084366 -33.833959 45.329296 1763.211246 -0.129844 0.539422 -0.831964 -0.731454 0.514369 0.447660 -0.669414 -0.666670 -0.327775
-3.377472 -30.453790 52.521169 -43.380186 -0.169521 0.540005 -0.824413 0.815256 -0.393173 -0.425174 -0.553733 -0.744183 -0.373591
-3.204207 -30.914358 16.318131 2037.362233 -0.187913 0.535747 -0.823203 0.885702 -0.269830 -0.377787 -0.424524 -0.800104 -0.423808
-3.761406 -29.776648 -59.117746 2061.693065 -0.187584 0.522983 -0.831445 0.880937 -0.284837 -0.377913 -0.434469 -0.803341 -0.407284
3.175116 -21.456047 62.086016 76.525536 0.019541 -0.388188 0.921373 0.316399 0.876588 0.362609 -0.948425 0.284435 0.139951
2.331055 -19.869568 123.178275 217.593306 0.030552 -0.412551 0.910422 0.298170 0.873137 0.385650 -0.954024 0.259679 0.149686
2.652549 -17.311288 102.113427 -621.304765 0.031976 -0.376979 0.925670 0.207610 0.908448 0.362794 -0.977689 0.180578 0.107313
-7.932375 -51.538835 -757.191843 4680.151763 -0.209636 0.625004 -0.751946 0.974903 0.192552 -0.111749 0.074944 -0.756501 -0.649684
-7.208136 -52.210388 1233.048269 3113.720527 -0.204722 0.686972 -0.697250 0.978466 0.124483 -0.164644 -0.026310 -0.715942 -0.697664
-6.887656 -48.725044 508.408390 6682.370238 -0.220303 0.664279 -0.714283 0.958808 0.282087 -0.033382 0.179315 -0.692214 -0.699061
-7.426420 -60.997243 -296.803516 1566.578932 -0.190132 0.625789 -0.756464 0.968835 -0.005014 -0.247657 -0.158774 -0.779976 -0.605333
-6.864976 -43.509666 -87.306643 6315.752448 -0.253289 0.629191 -0.734822 0.941433 0.335100 -0.037577 0.222595 -0.701304 -0.677218
-8.527661 -49.594465 -663.196816 3784.694942 -0.242170 0.609580 -0.754828 0.967722 0.207705 -0.142736 0.069773 -0.765030 -0.640203
8.342628 -53.471695 1257.950278 2799.608612 0.308171 -0.548467 0.777312 -0.408194 0.661808 0.628799 -0.859307 -0.511072 -0.019931
13.020761 -54.712288 -1742.130149 873.371494 -0.324109 0.582192 -0.745658 -0.537476 0.535314 0.651581 -0.778506 -0.611957 -0.139415
10.809777 -51.854004 1865.036721 4714.623099 0.334266 -0.568413 0.751780 -0.331063 0.676017 0.658330 -0.882419 -0.468944 0.037789
2.995793 -59.157982 -570.831761 890.863058 0.304805 -0.237728 0.922268 0.834658 -0.399737 -0.378889 0.458737 0.885266 0.076580
2.819452 -66.264801 753.045459 1424.832620 0.252169 -0.278206 0.926829 0.843055 -0.407025 -0.351552 0.475047 0.870018 0.131904
1.972352 -64.452725 -100.615291 1833.948172 0.248629 -0.242132 0.937846 0.921329 -0.239664 -0.306126 0.298891 0.940177 0.163496
1.322186 -60.585605 -796.992728 1891.006638 0.283963 -0.217257 0.933897 0.906202 -0.257454 -0.335434 0.313311 0.941550 0.123772
2.079754 -53.996034 -923.262698 1689.485933 0.321587 -0.230067 0.918505 0.833037 -0.392409 -0.389954 0.450145 0.890553 0.065460
2.755925 -51.811854 -1033.006718 -27.826839 0.354893 -0.243537 0.902630 0.753133 -0.497572 -0.430364 0.553933 0.832533 0.006831
13.481067 -37.118330 -3392.310741 -3374.670312 0.494003 -0.504696 0.707985 0.578421 -0.417182 -0.700991 0.649146 0.755805 0.085838
2.916977 -42.909679 -3143.501243 -4173.604332 0.486854 -0.482465 0.728149 0.552165 -0.475939 -0.684541 0.676821 0.735330 0.034688
8.350052 -45.697211 3529.484848 3616.440413 -0.475928 0.485351 -0.733435 -0.482304 0.553322 0.679130 0.735442 0.676956 -0.029255
12.767090 -47.214957 2076.480081 1907.074078 -0.438565 0.517390 -0.734825 -0.374157 0.638304 0.672737 0.817109 0.569979 -0.086352
16.373603 -41.739320 2749.173667 -3569.640271 -0.455893 0.538040 -0.708995 0.539755 -0.466260 -0.700904 0.707691 0.702221 0.077845
3.884888 -54.816118 3294.479897 872.717113 -0.455547 0.460535 -0.761830 -0.299281 0.726743 0.618284 0.838396 0.509659 -0.193236
-12.267273 -17.386760 673.626747 -962.504734 0.717776 -0.491133 0.493545 -0.597185 -0.069781 0.799063 0.358006 0.868285 0.343384
-9.975881 -16.800497 1450.759833 196.055632 0.892547 -0.433498 0.124255 -0.243141 -0.230548 0.942194 0.379792 0.871164 0.311176
-13.832357 -18.896543 650.198800 81.175750 0.805389 -0.431423 0.406476 -0.502483 -0.133174 0.854269 0.314419 0.892266 0.324040
-7.533910 -22.440254 -334.893361 1136.204974 0.244420 -0.386457 0.889331 0.090902 0.922242 0.375775 -0.965399 -0.011005 0.260544
-6.702032 -20.322266 -499.524462 195.296495 0.232472 -0.339630 0.911377 -0.017198 0.935467 0.352995 -0.972451 -0.097735 0.211628
-7.101858 -22.746612 235.958758 1130.553155 0.285822 -0.443870 0.849285 0.088303 0.894686 0.437881 -0.954206 -0.050162 0.294916
-8.380047 -24.526146 197.409627 49.829590 0.279574 -0.474977 0.834407 0.144612 0.879979 0.452465 -0.949171 -0.005832 0.314706
-8.170873 -25.195695 433.400326 89.473577 0.314844 -0.501967 0.805545 0.139416 0.863959 0.483877 -0.938848 -0.040040 0.341995
-7.215902 -22.773129 43.430425 96.831003 0.305630 -0.449786 0.839216 0.018466 0.884024 0.467076 -0.951971 -0.127256 0.278490
5.565894 -69.240249 -676.962798 1424.231743 -0.302850 0.403175 -0.863557 0.950291 0.196503 -0.241525 0.072315 -0.893776 -0.442645
4.383127 -77.302829 -337.167839 2996.000625 -0.252127 0.436934 -0.863436 0.962730 0.022993 -0.269486 -0.097895 -0.899200 -0.426446
4.831560 -72.670574 -296.983666 1758.778416 -0.237094 0.414820 -0.878471 0.963074 -0.018384 -0.268609 -0.127574 -0.909718 -0.395144
6.384582 -71.308989 -8.869968 1797.682893 -0.322050 0.392947 -0.861323 0.925316 0.323025 -0.198609 0.200186 -0.860957 -0.467630
6.205571 -63.180318 -730.644144 1006.974425 -0.351306 0.393986 -0.849329 0.904100 0.378476 -0.198393 0.243286 -0.837574 -0.489164
6.080792 -77.445058 244.777590 1869.541243 -0.256391 0.405177 -0.877550 0.966148 0.080513 -0.245102 -0.028655 -0.910686 -0.412104
-3.774901 -23.869887 205.541492 214.691846 0.437503 -0.404024 0.803340 0.166827 0.914337 0.368994 -0.883606 -0.027417 0.467427
-6.172600 -25.433445 -7.823710 382.918329 0.423113 -0.438629 0.792830 0.112617 0.893688 0.434327 -0.899051 -0.094483 0.427529
-5.779651 -25.620695 -439.861035 450.008195 0.431838 -0.414695 0.800965 0.075590 0.901551 0.426019 -0.898778 -0.123426 0.420671
-5.099047 -21.564621 -315.929165 -1145.583337 0.184713 -0.227972 0.955986 -0.114595 0.961093 0.251331 -0.976089 -0.155975 0.151402
-3.839467 -19.771908 -576.288710 -7.102571 0.184304 -0.251852 0.950054 -0.140617 0.949913 0.279093 -0.972758 -0.185031 0.139658
-5.854190 -20.517814 -833.173536 -800.099807 0.193166 -0.276846 0.941299 -0.113606 0.946604 0.301720 -0.974567 -0.165220 0.151401
2.795333 -38.685952 -192.477076 -652.116750 -0.235908 0.407111 -0.882388 -0.094131 0.894173 0.437715 0.967206 0.186321 -0.172621
3.384154 -37.625411 -470.242388 190.103065 -0.221417 0.445855 -0.867288 0.019791 0.891234 0.453112 0.974978 0.083163 -0.206158
2.688222 -41.100485 -199.363183 -625.783781 -0.229415 0.401780 -0.886533 -0.110366 0.894214 0.433821 0.967051 0.197368 -0.160803
0.271107 -113.131565 86.350392 6398.102466 -0.063732 0.074951 -0.995149 0.996479 0.059207 -0.059358 0.054471 -0.995428 -0.078460
-2.522046 -125.731469 -957.691978 5387.799848 -0.060504 0.045882 -0.997113 0.996609 0.058578 -0.057778 0.055758 -0.997228 -0.049271
0.991209 -103.737527 127.768726 5729.147102 -0.091187 0.070479 -0.993337 0.941210 0.331923 -0.062852 0.325281 -0.940670 -0.096602
-0.772241 -127.786577 314.680111 2089.730074 -0.043201 0.079123 -0.995928 0.962197 -0.265017 -0.062793 -0.268907 -0.960992 -0.064683
1.682116 -92.518814 147.484435 4944.518720 -0.090108 0.062544 -0.993966 0.953913 0.292257 -0.068087 0.286235 -0.954292 -0.085997
0.901806 -99.862568 0.296249 4614.053969 -0.076205 0.062313 -0.995143 0.992449 0.100944 -0.069678 0.096112 -0.992939 -0.069535
0.563773 -111.128362 178.300418 3330.303778 -0.051358 0.066924 -0.996435 0.980838 -0.184380 -0.062937 -0.187935 -0.980574 -0.056172
0.478830 -83.650355 -126.565386 2482.257372 0.240016 -0.361655 0.900887 0.132456 0.931536 0.338669 -0.961690 0.038042 0.271487
1.130065 -77.710194 197.767318 1558.554874 0.251060 -0.363453 0.897146 0.358265 0.895902 0.262691 -0.899230 0.255464 0.355138
-0.492717 -76.888936 293.659080 1183.666732 0.261998 -0.363318 0.894068 0.326634 0.905137 0.272099 -0.908112 0.220743 0.355816
-0.842829 -81.948876 475.990810 2838.464678 0.273316 -0.357480 0.893032 0.095875 0.933882 0.344489 -0.957134 -0.008535 0.289518
11.645907 -37.548192 -878.360127 2280.037388 0.035775 -0.094158 -0.994914 0.910132 0.414268 -0.006480 0.412771 -0.905272 0.100516
10.182166 -32.182861 -248.304334 1094.442658 0.057833 -0.120380 -0.991042 0.885908 0.463838 -0.004644 0.460242 -0.877703 0.133471
10.247261 -32.355193 -779.359740 577.341037 0.123359 -0.048739 -0.991165 0.861800 0.500469 0.082648 0.492019 -0.864381 0.103741
12.227810 -39.604868 -1681.895977 1864.945870 0.087003 -0.046561 -0.995119 0.885184 0.461886 0.055780 0.457034 -0.885717 0.081400
9.479658 -35.728631 -2786.555423 -219.622998 0.186982 0.005997 -0.982345 0.814510 0.558095 0.158443 0.549192 -0.829755 0.099469
-62.543722 -1539.324795 -722.341427 -348717.117254 -0.332700 0.210031 -0.919346 0.934776 -0.055275 -0.350912 -0.124519 -0.976131 -0.177942
-42.391469 -723.128665 -1398.106110 -170280.824898 -0.262573 0.276674 -0.924395 0.956277 -0.053267 -0.287571 -0.128803 -0.959486 -0.250591
-65.569483 -1179.129334 3548.482565 -289968.590336 -0.279920 0.409786 -0.868170 0.896500 0.435067 -0.083698 0.343414 -0.801743 -0.489157
-142.396793 -1161.318347 8183.594501 -223016.815312 -0.479584 0.249815 -0.841185 0.855481 0.346488 -0.384835 0.195322 -0.904179 -0.379882
-94.639173 -1159.938946 -4990.426551 87863.772708 -0.294172 0.517216 -0.803710 0.602711 0.753024 0.263995 0.741756 -0.406745 -0.533251
-96.901985 -1043.923492 5886.540938 242427.334631 -0.435117 0.275814 -0.857088 0.420437 0.904008 0.077470 0.796182 -0.326643 -0.509312
-8.207412 -187.950354 117.580197 -21930.057056 0.060268 -0.271646 0.960508 0.876864 -0.445372 -0.180978 0.476946 0.853142 0.211355
-5.509835 -154.511354 775.896147 -22221.780581 0.042351 -0.317938 0.947165 0.791770 -0.567512 -0.225902 0.609350 0.759504 0.227699
-4.719274 -317.397174 -1012.655644 59180.011672 -0.053811 0.310783 -0.948956 -0.638096 0.720284 0.272076 0.768075 0.620165 0.159551
-2.789088 -22.987873 1226.242102 177.971787 0.619925 -0.611464 0.491736 0.774561 0.577097 -0.258871 -0.125489 0.541360 0.831373
-6.174460 -22.713430 1113.644544 77.025543 0.589536 -0.625607 0.510943 0.802866 0.523246 -0.285691 -0.088618 0.578644 0.810751
-7.472901 -23.484993 1346.330927 158.860465 0.604177 -0.614514 0.507290 0.778541 0.590906 -0.211431 -0.169834 0.522688 0.835436
4.223806 -22.225873 -1149.717622 2709.242678 -0.445979 -0.075032 0.891893 0.828190 -0.412478 0.379425 0.339417 0.907872 0.246097
0.774983 -26.618665 -674.345056 -305.068080 -0.398953 -0.110526 0.910286 0.894200 -0.266752 0.359514 0.203085 0.957407 0.205254
0.828474 -22.005435 -609.964073 1862.125041 -0.289556 -0.147420 0.945740 0.906186 -0.360369 0.221272 0.308196 0.921087 0.237937
-13.234855 -31.496998 643.624811 697.209111 0.920730 -0.008294 0.390112 -0.388805 -0.103975 0.915434 -0.032970 0.994545 0.098958
-14.227600 -29.557128 1215.149325 1154.761917 0.917160 -0.020658 0.397984 -0.392740 -0.216317 0.893847 -0.067626 0.976105 0.206510
-12.264095 -29.635821 1680.934874 1194.671433 0.921882 -0.064388 0.382083 -0.387227 -0.188016 0.902610 -0.013720 0.980053 0.198262
-13.366103 -30.379542 -476.311670 838.423723 0.905517 0.051790 0.421138 -0.406085 -0.181982 0.895532 -0.123019 0.981937 0.143757
-2.785188 -44.623169 -213.828984 3280.721050 0.039145 -0.606792 0.793896 -0.405359 0.716550 0.567662 -0.913319 -0.344035 -0.217919
-3.015701 -42.740572 -220.399494 -467.454599 0.044421 -0.599635 0.799040 -0.590966 0.629105 0.504962 -0.805473 -0.494636 -0.326418
-2.916974 -44.907165 -285.476574 3866.004401 0.034352 -0.581798 0.812608 -0.396914 0.738273 0.545356 -0.917213 -0.341269 -0.205563
-8.222345 -60.718603 -378.797465 2310.584872 -0.280333 0.379866 -0.881541 -0.022274 0.915544 0.401601 0.959644 0.132218 -0.248196
-8.452723 -54.408351 -622.095232 1032.480065 -0.294543 0.357869 -0.886100 -0.189081 0.887079 0.421116 0.936746 0.291582 -0.193617
-7.818500 -55.217121 -319.661560 1447.183341 -0.275067 0.359082 -0.891851 -0.196366 0.887097 0.417731 0.941158 0.290033 -0.173500
-7.308031 -17.138398 -351.928726 -5.928885 0.459244 -0.378752 0.803518 0.872283 0.363327 -0.327286 -0.167979 0.851199 0.497235
-8.815397 -17.844952 -182.055918 201.312998 0.447846 -0.372759 0.812702 0.887053 0.299214 -0.351578 -0.112118 0.878363 0.464659
-6.966360 -17.522536 -528.085901 -161.223410 0.551981 -0.312077 0.773256 0.811937 0.412379 -0.413161 -0.189937 0.855892 0.481012
-5.578568 -17.622759 -399.178720 -350.492155 0.501879 -0.353451 0.789424 0.835685 0.433512 -0.337192 -0.223044 0.828939 0.512944
-7.414117 -17.470838 1.651695 -331.720877 0.312986 -0.464909 0.828190 0.932075 0.317839 -0.173825 -0.182418 0.826340 0.532809
2.660656 -112.625348 495.977958 11222.237321 0.111413 -0.309631 0.944307 0.385523 0.889273 0.246100 -0.915947 0.336634 0.218447
7.269613 -117.294002 -2353.466630 10196.834611 0.083994 -0.284266 0.955059 0.340572 0.908918 0.240580 -0.936459 0.305059 0.173157
5.749589 -126.132667 -644.390227 5601.012752 0.094182 -0.307532 0.946865 0.023727 0.951516 0.306683 -0.995272 -0.006418 0.096913
2.532322 -131.769739 227.551649 9815.612900 0.116113 -0.327647 0.937638 0.149547 0.939029 0.309614 -0.981913 0.104270 0.158032
1.337537 -112.838374 346.543928 11722.137852 0.107503 -0.312214 0.943910 0.529086 0.821774 0.211557 -0.841731 0.476666 0.253531
6.211659 -105.698453 1584.272611 11225.551272 -0.606382 -0.056589 -0.793157 0.742472 0.316793 -0.590235 0.284668 -0.946805 -0.150082
10.588707 -101.057019 -2453.322805 9629.504355 0.735942 0.111393 0.667819 0.618562 0.290405 -0.730100 0.275266 -0.950398 -0.144817
-2.092083 -77.386271 -901.038794 3097.021559 0.668180 0.063003 0.741327 0.627879 0.486785 -0.607296 0.399129 -0.871247 -0.285702
11.383807 -62.780754 2115.612050 322.364383 -0.164146 0.755292 -0.634499 -0.631951 0.413376 0.655559 -0.757426 -0.508580 -0.409454
18.342439 -59.449975 1334.109569 -1374.996768 -0.198524 0.700607 -0.685374 -0.718198 0.371851 0.588147 -0.666918 -0.608996 -0.429354
15.152865 -59.695326 1623.087320 1977.011680 -0.163605 0.730975 -0.662502 0.814444 -0.278879 -0.508829 -0.556699 -0.622818 -0.549713
6.207578 -64.845679 2530.628356 -1052.357117 -0.130428 0.782257 -0.609149 -0.778548 0.299609 0.551451 -0.613883 -0.546176 -0.569947
-25.121007 -43.682254 175.478154 1748.725044 -0.324468 -0.496843 -0.804902 -0.254146 0.865443 -0.431763 0.911115 0.064470 -0.407079
-24.005852 -40.471600 513.960229 1703.417965 -0.206734 -0.645099 -0.735600 -0.340247 0.752318 -0.564136 0.917329 0.133659 -0.375023
-18.498221 -29.384728 -124.070875 1265.544254 0.087149 0.809194 0.581042 -0.573749 0.517582 -0.634760 0.814381 0.278054 -0.509381
-21.437136 -34.327457 -224.552230 2164.374617 0.145791 0.728872 0.668947 -0.474568 0.644822 -0.599158 0.868061 0.230110 -0.439909
60.594251 -35.393004 -2971.760988 2513.050640 0.685411 0.328239 0.649978 0.725669 -0.381637 -0.572502 0.060138 0.864068 -0.499771
-7.414037 -13.957216 2708.669815 -3262.890516 -0.835498 -0.074722 -0.544389 -0.277932 0.912105 0.301360 0.474022 0.403089 -0.782830
-0.780680 -10.576326 -2492.767626 1558.628557 0.028386 0.871662 0.489284 -0.874172 0.259037 -0.410760 0.484787 0.416059 -0.769335
-6.722896 -12.911798 -2851.446853 1241.919157 0.207847 0.811418 0.546260 -0.825340 0.445208 -0.347280 0.524989 0.378669 -0.762231
-36.335702 -53.575405 38.825542 870.222592 0.778911 0.350306 -0.520176 -0.626651 0.402178 -0.667504 0.024627 -0.845895 -0.532781
-34.741533 -53.996563 -438.487409 1147.056950 0.795355 0.213767 -0.567199 -0.600577 0.404448 -0.689731 -0.081960 -0.889228 -0.450063
-34.505479 -47.451104 -487.088278 2551.732354 0.825109 0.223735 -0.518785 -0.538902 0.587399 -0.603778 -0.169647 -0.777756 -0.605240
-29.610701 -47.451971 -1120.363400 2406.336099 0.865718 0.032951 -0.499447 -0.431312 0.555420 -0.710971 -0.253975 -0.830917 -0.495049
-35.163985 -49.663285 10.640113 1456.502722 0.728412 0.431444 -0.532233 -0.684115 0.500466 -0.530585 -0.037447 -0.750593 -0.659703
-33.966365 -42.355634 -300.931521 3150.693849 0.754937 0.380509 -0.534119 -0.632846 0.636284 -0.441190 -0.171974 -0.671086 -0.721158
-26.932458 -37.249056 -2729.745836 2389.732154 0.950069 -0.250475 -0.186094 0.031680 0.670724 -0.741030 -0.310427 -0.698135 -0.645169
-28.736995 -34.327308 -3849.247106 1185.715275 0.933300 -0.357410 -0.034772 0.235106 0.681366 -0.693156 -0.271433 -0.638748 -0.719948
18.770160 -28.565829 139.541827 2824.473001 0.969709 -0.241834 0.034363 0.095642 0.505361 0.857591 0.224761 0.828327 -0.513183
18.449446 -47.120407 1922.122472 6560.050951 0.973813 -0.206769 0.094520 0.046649 0.588627 0.807058 0.222512 0.781514 -0.582858
-7.107449 -29.240110 -1319.238538 -447.202097 -0.164073 0.744020 0.647699 0.986207 0.138251 0.091012 -0.021830 0.653698 -0.756441
-9.159708 -29.922711 -1045.643065 -576.970429 -0.191333 0.728520 0.657761 0.978895 0.092612 0.182173 0.071800 0.678735 -0.730865
-7.062117 -28.437360 -1136.688834 57.786595 -0.201440 0.740825 0.640781 0.963980 0.033941 0.263802 0.173682 0.670840 -0.720977
