10116
20219
-48.936762 -71.160227 241.816140 5747.774767 0.317633 0.936612 -0.147875 0.920480 -0.342012 -0.189062 0.227653 0.076064 0.970767
-42.719223 -74.303526 -3368.067905 8264.309445 -0.085217 0.995032 0.051465 0.963509 0.095452 -0.250079 0.253749 -0.028276 0.966857
-43.935015 -57.547131 -640.453515 5984.428646 0.316391 0.937188 -0.146886 0.865703 -0.348564 -0.359252 0.387886 0.013496 0.921608
-30.821335 -57.394591 -3136.569884 8258.339598 0.138692 0.989041 0.050618 0.892692 -0.102723 -0.438804 0.428796 -0.106045 0.897156
-44.957775 -66.455549 592.340038 6661.637752 0.503450 0.808742 -0.304095 0.796394 -0.570854 -0.199706 0.335105 0.141637 0.931474
-30.661586 -45.319544 -751.463824 3526.126283 0.508009 0.838406 -0.197490 0.718410 -0.538908 -0.439847 0.475200 -0.081568 0.876089
-43.153617 -60.909894 1105.750873 -4613.342392 0.663569 0.625304 -0.410695 -0.621465 0.766360 0.162708 0.416483 0.147264 0.897137
-35.229790 -48.788445 437.887743 -2524.382612 0.698438 0.603227 -0.385100 -0.535741 0.797472 0.277524 0.474516 0.012481 0.880159
-24.637460 -28.788681 2123.507221 -1093.078845 0.519245 0.849660 -0.091997 0.649791 -0.462420 -0.603273 0.555118 -0.253468 0.792211
-8.478279 -32.337400 6914.405760 -2110.376972 -0.009630 0.972393 0.233152 0.803438 0.146334 -0.577126 0.595311 -0.181765 0.782666
-11.401057 -27.143308 8534.041883 -2380.053765 0.181606 0.978239 0.100340 0.834391 -0.099291 -0.542156 0.520395 -0.182181 0.834265
-20.195899 -30.276916 -2269.155605 2785.017659 0.828599 0.428255 -0.360584 -0.254865 0.862022 0.438134 0.498465 -0.271137 0.823418
-20.134422 -30.061303 790.002265 1219.629741 0.743391 -0.215649 -0.633139 0.388284 0.909903 0.145983 0.544615 -0.354360 0.760147
1580.063756 -11.222779 454995.896799 884.648868 0.542329 0.638612 -0.545943 0.301727 0.458413 0.835954 -0.784117 0.618088 -0.055924
425.402313 -20.140092 72972.753737 1831.108764 -0.066124 0.830839 -0.552571 0.288801 0.546015 0.786423 -0.955103 0.107582 0.276052
528.242808 -35.717580 -131506.260352 4312.575416 -0.647436 -0.511042 0.565387 0.257184 0.551838 0.793304 -0.717414 0.659022 -0.225848
638.000420 -45.433676 186989.077333 879.837523 0.728912 0.450742 -0.515285 0.292508 0.475462 0.829684 -0.618972 0.755491 -0.214724
419.147543 -37.463206 121081.795583 3185.788090 0.608260 0.495059 -0.620432 0.425317 0.456685 0.781374 -0.670168 0.739159 -0.067226
68.729705 -79.149937 -3409.612925 4672.489558 0.386466 0.896618 -0.216149 -0.432073 -0.031044 -0.901304 0.814836 -0.441715 -0.375407
65.037782 -90.863881 599.609323 4462.491298 0.271620 0.958684 -0.084543 -0.313506 0.005085 -0.949573 0.909910 -0.284428 -0.301934
76.527089 -85.040406 -1544.817392 4059.580168 0.284680 0.948147 -0.141334 -0.555295 0.042923 -0.830545 0.781412 -0.314921 -0.538721
54.033391 -85.976607 -1172.687796 5758.789371 0.405523 0.898092 -0.170238 -0.247553 -0.071376 -0.966242 0.879925 -0.433976 -0.193381
63.216171 -69.760647 -8046.269875 284.722567 0.480257 0.811782 -0.332211 -0.561014 -0.006857 -0.827778 0.674253 -0.583921 -0.452127
-8.197660 -92.216273 -291.892650 -450.099387 0.183467 0.932145 0.312164 0.783690 0.053009 -0.618886 0.593438 -0.358185 0.720788
-9.089053 -90.029097 -536.640582 -500.430808 0.162868 0.934982 0.315092 0.834172 0.040060 -0.550048 0.526907 -0.352426 0.773411
-7.323004 -88.933478 -48.468548 2235.895292 0.160683 0.935608 0.314353 0.885318 0.004177 -0.464967 0.436340 -0.353015 0.827640
-5.803556 -100.384169 -1353.549339 4966.325291 0.185808 0.915457 0.356951 0.880736 0.005892 -0.473572 0.435638 -0.402373 0.805181
-5.858340 -95.162420 -835.630140 101.612819 0.232705 0.916100 0.326510 0.778010 0.026095 -0.627710 0.583565 -0.400099 0.706663
-2.238641 -158.842814 263.773534 3020.296785 -0.082929 0.996338 -0.020825 0.884001 0.083194 0.460022 -0.460070 -0.019740 0.887663
-5.392746 -166.896714 488.541877 -410.493521 -0.103874 0.994287 -0.024568 0.726170 0.092697 0.681237 -0.679622 -0.052922 0.731651
-4.502242 -174.113936 -544.875782 -1342.986859 -0.093109 0.995541 -0.015095 0.924008 0.092046 0.371129 -0.370863 -0.020607 0.928459
-0.627429 -155.546980 1.929813 2701.197009 -0.068401 0.997513 -0.016992 0.986558 0.070164 0.147580 -0.148405 0.006669 0.988904
0.960861 -150.537943 1308.277418 821.654968 -0.069810 0.996868 -0.037169 0.964713 0.076947 0.251811 -0.253882 0.018279 0.967062
28.850747 -133.332750 9009.105977 -5410.056957 -0.065351 0.997849 0.005090 -0.305609 -0.024870 0.951832 -0.949912 -0.060647 -0.306577
92.092242 -129.030937 32164.067201 -13152.308808 0.040069 0.997369 -0.060411 -0.562667 0.072485 0.823499 -0.825712 -0.000995 -0.564091
31.530950 -125.940696 14058.600037 -15244.002522 -0.059614 0.997374 0.041115 -0.604509 -0.068847 0.793618 -0.794365 -0.022457 -0.607026
-13.561051 -54.218495 -677.098264 -1499.271696 0.611716 0.766474 -0.195757 0.560736 -0.594666 -0.576149 0.558013 -0.242671 0.793556
-17.046109 -54.154662 -1637.092922 -2695.803822 0.615395 0.757861 -0.216648 0.526964 -0.599979 -0.601942 0.586172 -0.256266 0.768590
-17.190547 -52.853963 -863.650610 -175.736099 0.588209 0.779917 -0.213868 0.604974 -0.599856 -0.523622 0.536672 -0.178615 0.824670
-13.243605 -51.526128 -315.757378 349.177358 0.600368 0.775151 -0.196720 0.630943 -0.610254 -0.479062 0.491395 -0.163495 0.855453
31.901815 -366.631241 -7473.497347 -92284.920658 -0.111182 0.991549 -0.066854 0.890907 0.129254 0.435405 -0.440367 0.011152 0.897749
18.699270 -198.770299 -5168.821216 -21915.287067 -0.202357 0.977700 -0.056156 0.932322 0.209880 0.294494 -0.299713 -0.007238 0.954002
19.272504 -180.447511 -8115.622634 -22785.065672 -0.256512 0.966345 -0.019470 0.766535 0.215661 0.604909 -0.588749 -0.140242 0.796057
31.142335 -190.816346 -4082.834776 -37845.656654 -0.201709 0.967686 -0.151316 0.656720 0.248241 0.712107 -0.726659 -0.044266 0.685571
20.766525 -137.613424 -9095.442193 -7462.064312 -0.299107 0.953474 -0.037707 0.551604 0.205014 0.808519 -0.778632 -0.221035 0.587261
7.952917 -137.210846 -8089.045244 -8678.696902 -0.288172 0.957578 0.000571 0.609605 0.182994 0.771295 -0.738471 -0.222614 0.636478
2.234859 -144.941510 -3833.677701 -6252.126357 -0.238082 0.970469 -0.038806 0.724806 0.204126 0.658019 -0.646509 -0.128536 0.752001
28.842933 -8.205643 23450.686629 2293.975252 0.879565 -0.469391 -0.077698 -0.318256 -0.459064 -0.829441 -0.353664 -0.754276 0.553164
256.749688 -20.478683 70170.059320 1941.703886 0.886874 -0.461992 -0.004174 -0.272787 -0.516327 -0.811784 -0.372883 -0.721089 0.583943
37.682487 -11.288895 28273.370237 2851.296447 0.907701 -0.418533 -0.030156 -0.261615 -0.508263 -0.820504 -0.328081 -0.752661 0.570845
151.860221 -8.584112 51414.848824 -1277.391915 0.890642 -0.454680 0.004806 -0.270217 -0.537753 -0.798627 -0.365704 -0.709992 0.601807
-14.402384 -32.063548 1849.495147 9930.777504 -0.306217 -0.483636 -0.819956 0.858921 -0.511759 -0.018917 -0.410471 -0.710069 0.572114
-4.625477 -22.540153 3123.650226 8256.062649 0.224707 -0.677591 -0.700270 0.885411 -0.158099 0.437095 -0.406883 -0.718245 0.564420
-14.228220 -39.830047 3198.147267 8061.806839 -0.083425 -0.563930 -0.821598 0.874671 -0.436487 0.210782 -0.477483 -0.701044 0.529668
-32.185704 -617.334817 11141.102399 -188386.657940 -0.011695 0.959251 0.282312 0.633874 0.225467 -0.739843 0.773348 -0.170298 0.610682
-48.742157 -152.875709 8696.332453 5310.340610 0.083148 0.971836 0.220502 0.741169 0.087601 -0.665579 0.666150 -0.218771 0.713010
-20.573799 -1367.843465 16972.562070 -490223.017021 0.003577 0.892319 0.451391 0.661178 0.336536 -0.670512 0.750220 -0.300848 0.588778
-39.062088 -270.662566 6524.254924 -59613.264358 -0.052617 0.877631 0.476440 0.507929 0.434296 -0.743905 0.859790 -0.202856 0.468626
-16.981068 -226.144384 -8211.883605 -33417.811656 0.041656 0.776910 0.628232 0.607697 0.479401 -0.633150 0.793076 -0.408150 0.452156
-173.048730 -6790.364120 95491.830672 -1905438.028276 0.162078 0.905405 0.392393 0.505306 0.265406 -0.821112 0.847583 -0.331363 0.414490
285.110155 -425.366833 -111079.276177 106946.537536 0.735301 0.147738 -0.661442 0.179613 0.898577 0.400373 0.653507 -0.413198 0.634189
10.080098 -50.198665 130.957226 -17.995819 -0.553013 0.820872 0.142637 0.095564 0.232561 -0.967875 0.827674 0.521617 0.207055
7.395217 -49.015042 2289.252654 629.587576 -0.557093 0.816104 0.153693 -0.024833 0.168618 -0.985369 0.830078 0.552759 0.073669
11.679075 -49.148450 4205.487195 -1407.088812 -0.584419 0.794101 0.166907 0.090017 0.267866 -0.959242 0.806443 0.545575 0.228029
-11.123469 -29.403057 221.369276 1637.744285 -0.562212 0.721203 0.404702 -0.222717 0.339244 -0.913953 0.796439 0.603970 0.030103
-12.242686 -32.373686 -25.200439 1086.410148 -0.534404 0.716435 0.448479 -0.190913 0.414575 -0.889764 0.823386 0.561114 0.084774
-11.859971 -29.311511 557.891051 1505.174267 -0.523435 0.729720 0.439914 -0.244782 0.365746 -0.897948 0.816148 0.577701 0.012822
-14.608304 -29.502913 1116.919362 1531.345892 -0.488110 0.734056 0.472134 -0.263244 0.391940 -0.881525 0.832136 0.554568 -0.001927
-12.433952 -24.199448 1028.394930 2291.344369 -0.531536 0.741366 0.409691 -0.293202 0.292736 -0.910131 0.794671 0.603889 -0.061770
-9.912182 -23.735069 524.935082 2184.049610 -0.578325 0.741911 0.339276 -0.249810 0.234851 -0.939383 0.776618 0.628023 -0.049517
-87.915283 -1756.790724 7604.035360 303692.076590 0.299511 0.074022 -0.951217 0.266894 0.950683 0.158018 0.916002 -0.301202 0.264984
-103.699259 -2226.867930 4712.365848 689396.898534 0.356425 -0.122808 -0.926218 -0.328144 0.911720 -0.247161 0.874804 0.392027 0.284661
-553.295621 -760.762955 -280061.464474 235088.077290 0.779094 0.509686 -0.365010 -0.215281 -0.329316 -0.919351 0.588783 -0.794840 0.146842
-66.672710 -1764.190552 -19897.522940 540625.096393 0.281371 -0.189120 -0.940778 -0.305343 0.911785 -0.274615 0.909723 0.364529 0.198804
-253.638471 -2208.983724 22163.228217 -603045.988750 0.313815 -0.059865 -0.947595 0.866452 0.426206 0.260017 0.388305 -0.902643 0.185620
-79.381870 -385.914253 4439.141954 -76743.104333 0.300641 -0.075436 -0.950749 0.906900 0.331169 0.260499 0.295208 -0.940551 0.167976
-55.964751 -1480.897429 4232.163680 264925.629700 0.197609 0.058909 -0.978509 0.301345 0.946208 0.117821 0.932814 -0.318152 0.169227
-47.018271 -52.066669 -3173.358230 57.942039 0.059779 0.929764 0.363270 -0.854143 -0.140691 0.500645 -0.516590 0.340213 -0.785741
-42.904876 -49.930165 -4105.522524 -324.706285 0.284726 0.942376 0.175668 -0.712398 0.085396 0.696561 -0.641421 0.323475 -0.695661
-48.985151 -54.272904 698.634952 -1999.220834 -0.558144 0.396359 0.728954 0.611819 0.790042 0.038881 -0.560494 0.467689 -0.683457
-54.054927 -76.659819 -2498.211593 3293.103226 -0.152788 -0.606863 0.779982 -0.514459 0.722717 0.461533 -0.843794 -0.330752 -0.422629
-54.316761 -77.026321 -3042.173222 -1539.804634 -0.257850 -0.436455 0.861986 -0.655668 0.734326 0.175683 -0.709657 -0.519877 -0.475516
-60.088062 -82.345944 -2340.019266 3549.311097 -0.050415 -0.525605 0.849233 -0.516513 0.741491 0.428259 -0.854794 -0.417050 -0.308864
-60.710900 -78.383333 -1021.207288 6660.582150 0.114981 -0.544493 0.830847 -0.330352 0.767830 0.548912 -0.936828 -0.337587 -0.091589
-55.231201 -70.930589 3371.600407 4001.532773 -0.037802 0.799727 -0.599173 -0.300233 0.562809 0.770134 -0.953117 -0.209004 -0.218829
8.907460 -45.088001 4014.041407 -25.359566 -0.426291 0.671088 0.606562 0.903174 0.353216 0.243959 -0.050529 0.651828 -0.756681
18.343644 -45.622081 2873.402011 324.055160 -0.446885 0.691786 0.567208 0.893310 0.379006 0.241562 -0.047866 0.614643 -0.787351
13.023520 -45.489375 3594.521283 -90.039261 -0.460657 0.671474 0.580446 0.885957 0.308353 0.346408 0.053621 0.673826 -0.736942
13.274958 -46.158095 3332.663807 16.426689 -0.419606 0.680988 0.600155 0.889798 0.439278 0.123671 -0.179416 0.585910 -0.790265
-0.106957 -43.487702 3553.457271 317.652492 -0.444991 0.664745 0.600081 0.892036 0.269843 0.362570 0.079089 0.696634 -0.713054
3.067081 -44.970751 4459.527921 399.591775 -0.401841 0.671800 0.622261 0.905700 0.391783 0.161906 -0.135022 0.628642 -0.765884
-4.998432 -44.567874 4398.570219 315.694637 -0.403545 0.674475 0.618251 0.913801 0.331105 0.235240 -0.046042 0.659888 -0.749952
31.040023 -28.338974 -3631.373060 -747.223493 -0.759359 0.504080 0.411433 0.149324 0.750450 -0.643838 -0.633306 -0.427468 -0.645132
21.241393 -32.692032 -3823.069774 -806.103201 -0.715179 0.594202 0.368026 0.317381 0.745220 -0.586444 -0.622726 -0.302609 -0.721554
28.838338 -32.302419 3806.765380 -1049.227855 -0.609164 0.649424 0.455156 0.275051 0.711325 -0.646811 -0.743819 -0.268822 -0.611938
38.205805 -28.783147 5044.030153 -1542.826874 -0.623343 0.615794 0.481914 0.163369 0.705258 -0.689871 -0.764692 -0.351297 -0.540220
41.786927 -28.854462 1457.827439 -508.264713 -0.708682 0.551281 0.440293 0.098804 0.695461 -0.711739 -0.698575 -0.460894 -0.547330
29.071216 -32.656380 11107.060180 -570.561611 0.878330 -0.324439 -0.351106 0.013572 0.751075 -0.660077 -0.477862 -0.575000 -0.664095
13.201345 -29.631757 -8540.451902 55.166342 -0.862028 0.259795 0.435216 -0.015249 0.844971 -0.534594 -0.506630 -0.467472 -0.724428
3.756464 -79.111650 -44.213608 2821.993653 -0.439006 0.896155 -0.064661 0.392259 0.126417 -0.911127 0.808336 0.425354 0.407022
2.948248 -76.954475 -318.331016 732.972467 -0.431175 0.900978 -0.048232 0.473168 0.180278 -0.862329 0.768245 0.394637 0.504046
3.111929 -82.422132 -15.391191 -1259.763681 -0.461025 0.886761 -0.033317 0.569704 0.266984 -0.777275 0.680362 0.377324 0.628278
2.555777 -85.037628 103.808559 2965.216144 -0.458222 0.887725 -0.044467 0.446343 0.186552 -0.875201 0.768642 0.420884 0.481712
2.222323 -83.314087 557.757962 -1821.114750 -0.502721 0.864418 -0.007343 0.675947 0.387788 -0.626671 0.538858 0.320004 0.779249
1.261225 -91.086225 337.171400 -345.227308 -0.492635 0.870007 -0.019955 0.598820 0.322261 -0.733187 0.631447 0.373143 0.679735
3.490795 -77.482012 199.841755 -2528.853706 -0.480432 0.877023 -0.003949 0.674702 0.366717 -0.640543 0.560323 0.310402 0.767912
-0.698583 -153.452078 -498.618279 3735.256912 -0.566945 0.820274 -0.075661 -0.461961 -0.240551 0.853655 -0.682031 -0.518928 -0.515313
-2.164649 -140.680682 161.225429 918.113455 -0.547635 0.834180 -0.065107 -0.596118 -0.334376 0.729956 -0.587145 -0.438561 -0.680386
-2.186285 -150.066484 -396.234244 -3633.928073 -0.540535 0.835352 -0.100048 -0.683530 -0.366707 0.631121 -0.490520 -0.409528 -0.769206
-2.410513 -169.897517 -893.116971 -1189.296740 -0.552112 0.827420 -0.102705 -0.611872 -0.318411 0.724035 -0.566379 -0.462590 -0.682074
-3.091921 -165.543773 -669.356624 9542.572752 -0.528104 0.838714 -0.132912 0.782088 0.419408 -0.460907 -0.330825 -0.347355 -0.877439
15.708919 -33.362946 -8031.893905 3484.457096 -0.477350 0.460758 0.748224 -0.469834 0.585729 -0.660437 -0.742558 -0.666801 -0.063118
11.920421 -24.610163 -5927.748886 1397.437448 -0.491302 0.490690 0.719615 -0.397753 0.608623 -0.686564 -0.774865 -0.623539 -0.103844
28.373708 -27.269422 -7535.655222 1874.986331 -0.463012 0.515183 0.721253 -0.416771 0.591619 -0.690136 -0.782254 -0.620139 -0.059213
31.632865 -36.690869 -7979.978960 4300.174544 -0.440554 0.515378 0.735050 -0.473813 0.561970 -0.678005 -0.762505 -0.646974 -0.003386
37.874182 -30.720194 -3267.236034 -2590.302004 -0.364364 0.605653 0.707406 0.428376 -0.565482 0.704787 -0.826882 -0.559834 0.053406
37.284230 -22.581661 12518.471836 -2085.631234 0.881025 -0.470159 -0.052393 -0.122588 -0.119929 -0.985185 -0.456910 -0.874395 0.163297
52.882291 -17.317909 7723.168902 -2856.306869 0.748808 -0.633076 -0.196218 -0.270550 -0.021700 -0.962461 -0.605053 -0.773786 0.187527
29.879760 -10.860472 7900.599174 -1843.932688 0.855450 -0.517832 0.007369 -0.096552 -0.173450 -0.980098 -0.508805 -0.837714 0.198376
13.174468 -29.891230 2593.609631 5738.638542 0.834247 -0.342276 0.432296 0.275337 -0.420674 -0.864421 -0.477726 -0.840167 0.256704
0.154122 -58.933808 957.310393 -851.735494 -0.480183 0.873917 -0.075451 -0.235412 -0.211253 -0.948659 0.844989 0.437768 -0.307170
1.315755 -56.956663 932.340516 -459.070647 -0.485198 0.869522 -0.092271 -0.205198 -0.215804 -0.954632 0.849986 0.444251 -0.283132
-0.234784 -55.980718 761.335079 20.368921 -0.473101 0.880076 -0.040520 -0.131756 -0.116154 -0.984453 0.871100 0.460407 -0.170908
-2.138413 -60.712812 630.153864 -351.702594 -0.460836 0.886213 -0.047496 -0.186815 -0.149185 -0.971002 0.867600 0.438600 -0.234308
3.410332 -74.205503 1062.934970 -861.572192 -0.527764 0.849333 0.009969 0.732849 0.461253 -0.500178 0.429415 0.256670 0.865865
43.629098 -85.226627 13475.165284 7866.093609 0.951487 0.298987 0.072657 -0.277338 0.935643 -0.218301 0.133250 -0.187560 -0.973173
69.069772 -104.738559 -18194.453005 18420.892826 -0.867944 -0.476113 -0.141385 -0.416766 0.853026 -0.314090 0.270147 -0.213688 -0.938807
16.256184 -92.048703 -2107.608570 11026.183269 -0.731528 -0.681600 -0.016954 -0.675310 0.727755 -0.119707 0.093931 -0.076120 -0.992664
10.199828 -71.421375 -3348.335532 4701.517052 -0.835315 -0.549703 -0.008680 -0.548961 0.834837 -0.041086 0.029831 -0.029555 -0.999118
9.986298 -70.908646 1859.349442 3930.515414 0.917681 0.396149 -0.030450 -0.397022 0.917258 -0.031805 -0.015331 -0.041276 -0.999030
-33.246177 -489.761948 -955.415707 -151029.269802 0.171710 0.921708 -0.347808 0.436863 0.245199 0.865464 -0.882987 0.300554 0.360557
-37.397022 -356.371137 7436.663027 -95775.712733 0.305790 0.882711 -0.356810 0.340420 0.248622 0.906808 -0.889161 0.398758 0.224466
-137.641113 -207.753072 6884.513827 13961.178381 0.196448 -0.154178 0.968317 0.259896 0.960424 0.100195 -0.945443 0.231979 0.228744
-50.409030 -631.920509 2505.473392 -152889.234575 0.018716 0.875477 -0.482897 0.455505 0.422481 0.783598 -0.890037 0.234628 0.390877
-50.491804 -1500.145380 -1066.167206 -473954.264349 0.412904 0.890342 -0.191834 0.768597 -0.227626 0.597867 -0.488640 0.394305 0.778302
-56.204816 -78.896950 -582.444156 2392.304187 0.049632 0.997671 -0.046797 0.997389 -0.051970 -0.050148 0.052463 0.044186 0.997645
-49.063823 -78.193620 952.633670 1336.817325 0.076327 -0.996545 -0.032750 0.997050 0.076019 0.010567 -0.008041 -0.033460 0.999408
-26.065953 -79.620973 6102.547752 4130.501160 0.070141 -0.987156 -0.143539 0.990137 0.086391 -0.110292 0.121276 -0.134388 0.983480
-22.463522 -77.599467 -5570.870127 13664.906481 -0.021628 0.984924 0.171632 0.934738 0.080823 -0.346024 0.354679 -0.152947 0.922394
-49.122916 -64.890188 280.554645 761.089542 0.184686 -0.385282 -0.904129 -0.267172 0.865627 -0.423450 0.945786 0.319763 0.056932
-47.795250 -63.612530 -697.180055 -178.488119 0.301923 -0.342966 -0.889504 -0.227422 0.880197 -0.416572 0.925809 0.328065 0.187753
-48.358087 -64.264696 427.808640 -2306.320612 0.153576 -0.405021 -0.901317 -0.115032 0.898608 -0.423404 0.981418 0.168705 0.091414
-51.308063 -64.741285 -540.579612 2514.621353 0.129816 -0.519479 -0.844565 -0.344079 0.775241 -0.529727 0.929923 0.359364 -0.078103
-2.708063 -39.781807 2973.438251 -1133.554671 -0.116219 0.933735 0.338574 0.652406 0.328799 -0.682831 0.748906 -0.141530 0.647386
-4.611084 -36.883964 6532.859876 -1168.030267 -0.075900 0.959467 0.271410 0.735872 0.237576 -0.634074 0.672854 -0.151596 0.724076
-7.908485 -36.952301 89.342672 -538.868423 -0.108791 0.911670 0.396261 0.666845 0.362558 -0.651052 0.737212 -0.193416 0.647385
4.214549 -38.346516 -9027.460156 98.146577 -0.165859 0.795735 0.582492 0.606627 0.548021 -0.575913 0.777492 -0.257835 0.573609
1.205259 -39.146147 -3349.929682 -815.179719 -0.128020 0.869899 0.476327 0.576339 0.456112 -0.678082 0.807121 -0.187718 0.559748
-9.082330 -34.816480 -7226.006003 -347.576389 -0.194521 0.802572 0.563950 0.676682 0.526014 -0.515180 0.710115 -0.281401 0.645407
50.654187 -46.086450 -7957.793862 -5057.784234 0.635308 -0.514051 0.576312 0.519819 0.836547 0.173139 -0.571114 0.189581 0.798679
51.140001 -70.387085 -11127.679174 -10174.787733 0.683743 -0.464162 0.563071 0.523236 0.849700 0.065071 -0.508645 0.250128 0.823843
98.555467 -62.234792 -21128.298914 -7646.710163 0.705051 -0.530062 0.471102 0.535470 0.833468 0.136395 -0.464946 0.156096 0.871469
448.322075 -15.399041 110864.041746 316.501916 0.777875 -0.578321 0.245878 0.198862 0.597689 0.776673 -0.596125 -0.555259 0.579933
1283.805280 -54.048601 -394743.795010 -1155.447228 -0.581547 0.710830 -0.395631 0.156240 0.574862 0.803195 -0.798369 -0.405282 0.445369
1245.820711 -17.321053 355893.976989 2021.849493 0.229622 0.748167 -0.622511 0.160656 0.601691 0.782405 -0.959929 0.279668 -0.017964
748.617597 -51.413031 -190723.286616 -4694.338433 -0.766582 0.619342 -0.169611 0.280817 0.560864 0.778828 -0.577490 -0.549406 0.603870
62.259883 -101.305262 2612.722221 4656.905534 0.146364 0.988216 0.044798 -0.345714 0.093529 -0.933667 0.926855 -0.121167 -0.355330
44.631985 -98.154026 1220.211612 3189.200644 0.282194 0.958537 -0.039660 -0.050780 -0.026359 -0.998362 0.958012 -0.283746 -0.041236
49.642488 -104.310768 1742.386782 4718.723391 0.191357 0.980504 0.044652 -0.135685 0.071482 -0.988170 0.972097 -0.183034 -0.146718
-6.714444 -93.069969 -1161.270887 -1956.000378 0.267423 0.912761 0.308790 0.625376 0.079392 -0.776274 0.733069 -0.400704 0.549588
-7.177212 -95.507463 -916.292491 444.453018 0.278326 0.918300 0.281531 0.395559 0.157513 -0.904833 0.875253 -0.363201 0.319402
-8.288719 -89.604077 -665.735516 -1546.215161 0.249524 0.924779 0.287265 0.528465 0.118538 -0.840639 0.811457 -0.361569 0.459135
-2.391309 -108.207529 132.564638 -4318.398602 0.034284 0.963584 0.265201 0.866895 -0.160714 0.471873 -0.497311 -0.213723 0.840835
-2.566448 -108.260090 550.707824 -1984.811806 0.016280 0.968812 0.247261 0.944543 -0.096021 0.314037 -0.327985 -0.228437 0.916647
0.762738 -102.890069 716.546679 -5927.059617 0.007154 0.967768 0.251741 0.806045 -0.154571 0.571314 -0.591812 -0.198827 0.781170
-7.025495 -162.965707 1204.358161 1168.036452 -0.131037 0.990568 -0.040059 0.776731 0.127691 0.616753 -0.616051 -0.049703 0.786137
-7.115971 -165.124717 760.711085 -1602.115246 -0.113038 0.992939 -0.035993 0.505872 0.088692 0.858037 -0.855170 -0.078783 0.512325
0.632040 -224.974282 3353.250232 -9967.599363 0.054401 0.997414 0.046976 -0.783818 0.071802 -0.616826 0.618603 0.003264 -0.785697
46.401732 -232.751494 14627.286540 -14184.125410 -0.060196 0.996458 -0.058718 -0.733089 -0.084056 -0.674918 0.677463 -0.002418 -0.735553
5.508446 -280.916896 2879.227427 -54322.230112 0.042545 0.998079 0.045035 -0.442251 0.059233 -0.894933 0.895882 -0.018158 -0.443921
22.934026 -235.247020 4128.718671 -18149.259443 0.135532 -0.984514 0.111192 0.989512 0.140164 0.034926 -0.049970 0.105292 0.993185
12.306217 -204.835941 2373.126594 389.660957 0.142053 -0.985530 0.092471 0.985646 0.132219 -0.104977 0.091231 0.106056 0.990166
4.533203 -184.950752 -1607.191566 -5224.899767 -0.153223 0.986587 -0.056299 0.974514 0.160302 0.156928 -0.163848 0.030819 0.986004
-24.900734 -331.351734 4444.400163 -72940.945258 -0.076107 0.964046 0.254605 0.778161 0.217081 -0.589356 0.623436 -0.153269 0.766705
6.441404 -49.874595 -1970.938557 2282.730138 -0.522141 0.845439 0.112255 -0.031941 0.112145 -0.993178 0.852261 0.522164 0.031551
7.367706 -47.813985 -763.244872 2155.086385 -0.520884 0.839278 0.155857 -0.154888 0.086628 -0.984127 0.839458 0.536757 -0.084871
-12.651549 -32.135032 -219.405023 1079.990510 -0.579768 0.720749 0.379986 -0.137880 0.372851 -0.917590 0.803030 0.584382 0.116790
-132.252420 -424.974703 -10567.459296 -96657.602595 -0.409669 0.006185 0.912213 0.726786 -0.602134 0.330478 0.551319 0.798371 0.242181
-162.988352 -628.446963 -7116.084279 -152608.042950 -0.541095 -0.127992 0.831165 0.743705 -0.534214 0.401893 0.392581 0.835604 0.384249
4.080123 -27.236993 -4420.136324 1774.003847 -0.518289 0.825892 0.221989 0.383417 -0.007622 0.923544 -0.764439 -0.563777 0.312711
15.034825 -28.223614 -4310.678481 562.366336 -0.499424 0.838890 0.216424 0.390388 -0.005100 0.920636 -0.773416 -0.544277 0.324946
6.720855 -27.148256 -4588.618875 -711.179431 -0.512966 0.827683 0.227609 0.432722 0.020332 0.901298 -0.741362 -0.560827 0.368587
-45.919979 -71.797565 -3493.477820 -500.209785 -0.376198 -0.470960 0.797917 -0.601786 0.779007 0.176071 -0.704506 -0.413938 -0.576478
-39.219318 -62.624582 5780.814153 -4075.291439 0.616313 0.219766 -0.756215 -0.573262 0.783593 -0.239484 -0.539934 -0.581107 -0.608922
19.933751 -46.853046 3037.245391 -343.248714 -0.475960 0.688778 0.546852 0.878066 0.337077 0.339676 0.049630 0.641844 -0.765228
19.699337 -47.387742 508.976291 25.931939 -0.449850 0.726033 0.520106 0.881441 0.454731 0.127601 -0.143866 0.515844 -0.844516
21.202988 -39.322729 3337.546615 1240.802968 -0.563116 0.717439 0.410099 -0.426957 -0.677480 0.598939 -0.707537 -0.162178 -0.687816
2.869133 -73.556367 -773.174890 3516.820264 -0.414713 0.907340 -0.068901 0.334746 0.081714 -0.938759 0.846143 0.412380 0.337617
-0.689088 -138.863169 -373.147535 376.983199 -0.578749 0.814326 -0.043842 -0.421883 -0.252962 0.870646 -0.697900 -0.522382 -0.489952
-2.559890 -143.452669 483.961269 0.559302 -0.562151 0.825580 -0.049025 -0.508343 -0.298165 0.807889 -0.652359 -0.479078 -0.587292
-0.263699 -29.172633 -3250.796587 2211.286729 -0.506309 0.539201 0.672988 -0.404535 0.540704 -0.737558 -0.761579 -0.645679 -0.055637
-1.694363 -23.841142 -2709.288748 704.424720 -0.513230 0.551666 0.657465 -0.345640 0.568326 -0.746685 -0.785575 -0.610467 -0.101004
44.245634 -6.989129 10891.683354 -2943.683513 0.718693 -0.632295 -0.289280 -0.364698 0.011434 -0.931056 -0.592009 -0.774643 0.222379
-0.948788 -58.528754 430.836810 14.748097 -0.456164 0.889655 0.020702 0.097507 0.073092 -0.992547 0.884538 0.450745 0.120089
-0.143257 -60.884364 717.890566 785.571665 -0.469508 0.882065 0.039029 0.233318 0.166581 -0.958026 0.851543 0.440695 0.284013
-2.019235 -60.041988 570.640258 618.740957 -0.454586 0.890692 0.004406 0.147592 0.080204 -0.985791 0.878390 0.447476 0.167919
-3.337509 -59.407111 396.192694 -647.963200 -0.446689 0.894455 -0.020484 0.037189 -0.004313 -0.999299 0.893916 0.447138 0.031337
2.846267 -32.956941 5676.733829 4676.451320 0.671972 -0.056701 0.738403 -0.107833 0.978947 0.173304 -0.732684 -0.196080 0.651711
-4.127970 -17.027299 4775.264217 4190.289749 0.656109 0.027014 0.754183 -0.096657 0.994136 0.048479 -0.748451 -0.104705 0.654873
-15.301858 -30.879083 4531.694079 5037.083016 0.619529 0.091253 0.779652 -0.180453 0.983176 0.028318 -0.763951 -0.158235 0.625572
9.353629 -19.829374 4051.035786 4813.080967 0.656440 -0.113108 0.745850 -0.012826 0.986879 0.160949 -0.754269 -0.115219 0.646377
16.467484 -35.894608 3857.950566 4464.471936 0.640405 -0.134311 0.756202 -0.083538 0.966568 0.242421 -0.763481 -0.218419 0.607775
20.974344 -232.609692 2750.536455 45027.310747 0.702041 0.287320 0.651603 -0.669893 0.576899 0.467366 0.241625 0.764614 -0.597480
34.458928 -116.626028 6392.942032 2113.172887 0.556846 0.419284 0.717025 0.829820 -0.318603 -0.458139 0.036356 0.850114 -0.525343
69.551277 -176.165610 12678.640633 33365.928234 0.496265 0.560853 0.662694 0.864960 -0.384998 -0.321901 0.074597 0.732953 -0.676177
15.037497 -137.319456 -3.263748 14682.331368 0.677982 0.374725 0.632393 -0.676570 0.654460 0.337543 0.287390 0.656707 -0.697240
-10.821407 -43.511691 -248.390706 786.407708 -0.477621 0.864764 -0.155119 -0.620541 -0.207063 0.756342 -0.621938 -0.457503 -0.635519
-10.531365 -44.229509 -792.096785 127.619778 -0.514645 0.843603 -0.153215 -0.609753 -0.234477 0.757114 -0.602778 -0.483068 -0.635062
-11.250921 -46.754289 -225.623912 -2274.977817 -0.517793 0.848040 -0.112778 -0.553367 -0.231466 0.800130 -0.652438 -0.476710 -0.589129
-53.134515 -77.882811 557.000456 2086.828924 -0.300385 -0.934196 0.192476 0.952719 -0.303553 0.013530 0.045787 0.187440 0.981208
-48.700741 -73.531974 -338.229787 5204.523419 -0.432459 -0.851456 0.296651 0.877844 -0.472708 -0.077056 0.205839 0.227090 0.951872
58.361282 -31.876584 26340.236919 253.182597 -0.335629 0.833104 0.439649 0.721129 0.527521 -0.449104 0.606075 -0.166312 0.777827
86.024682 -26.073596 33712.963202 -1498.569223 -0.270690 0.899187 0.343787 0.803921 0.407599 -0.433099 0.529564 -0.159142 0.833208
-0.779097 -32.489885 6914.319055 -769.839738 -0.205723 0.942761 0.262450 0.565317 -0.104425 0.818237 -0.798808 -0.316698 0.511476
-7.106876 -33.427720 7963.945190 459.417334 -0.238497 0.943349 0.230676 0.654082 -0.019541 0.756171 -0.717841 -0.331225 0.612367
10.509581 -33.443914 4306.802316 -943.308338 -0.321744 0.926147 0.196806 0.567542 0.022267 0.823044 -0.757877 -0.376505 0.532791
9.807656 -35.232587 3432.693551 -890.345678 -0.374701 0.911090 0.171800 0.610270 0.102868 0.785487 -0.697976 -0.399167 0.594555
15.419616 -30.343141 1754.157645 -1861.355696 -0.352748 0.914179 0.199612 0.486452 -0.003070 0.873702 -0.799333 -0.405299 0.443621
17.704403 -34.305747 -1371.059004 -2139.578415 -0.420071 0.883614 0.206803 0.532862 0.055706 0.844367 -0.734574 -0.464891 0.494244
43.093807 -70.942434 -8372.123365 -5313.888869 0.595638 0.694793 -0.403087 -0.577068 0.021062 -0.816425 0.558756 -0.718902 -0.413487
44.037150 -66.166191 -8219.273961 89.994315 0.606217 0.696746 -0.383467 -0.502300 -0.038395 -0.863841 0.616600 -0.716290 -0.326700
-6.714064 -99.653629 402.377649 4896.320249 -0.060259 -0.955193 -0.289786 0.965395 0.018027 -0.260167 0.253734 -0.295435 0.921052
-5.276161 -111.176428 988.280668 3973.799298 -0.057946 -0.951007 -0.303689 0.998263 -0.058428 -0.007506 -0.010605 -0.303597 0.952742
-6.881680 -104.418466 -174.140254 5077.654621 -0.073129 -0.955839 -0.284648 0.971456 -0.003689 -0.237190 0.225665 -0.293868 0.928825
-5.933338 -105.227371 63.844877 4803.385912 -0.038859 -0.964675 -0.260561 0.993588 -0.009595 -0.112656 0.106177 -0.263268 0.958862
-8.341217 -94.072191 -212.992212 3711.777023 0.055484 0.955506 0.289707 0.874876 0.093300 -0.475276 0.481158 -0.279828 0.830773
-7.237004 -94.994338 641.152788 5342.366738 0.027773 0.968422 0.247765 0.925692 0.068626 -0.372001 0.377257 -0.239686 0.894555
7.953759 -99.289982 1702.063482 -2757.238144 0.008343 0.965749 0.259344 0.608608 -0.210689 0.764988 -0.793427 -0.151456 0.589521
9.071419 -101.049946 615.892003 -1999.093117 -0.010590 0.955644 0.294332 0.478139 -0.253679 0.840851 -0.878220 -0.149636 0.454244
8.221275 -95.952243 1575.853309 247.060914 0.028767 0.955689 0.292970 0.402996 -0.279305 0.871541 -0.914749 -0.092994 0.393174
35.762526 -505.853653 2257.831620 -114254.741839 -0.029235 0.996465 -0.078762 -0.306607 -0.083937 -0.948128 0.951387 0.003569 -0.307977
12735.259620 114.890581 4021946.948452 89777.369444 -0.524913 0.355996 -0.773132 0.261359 0.931864 0.251638 0.810036 -0.069977 -0.582190
15.124504 -224.742089 -2495.980490 17079.510665 -0.115973 0.983936 -0.135720 0.920064 0.054939 -0.387897 0.374210 0.169857 0.911656
5.978372 -178.733701 -1063.641244 5947.028462 -0.102591 0.993137 -0.056154 0.965215 0.085741 -0.247001 0.240491 0.079541 0.967387
8.122037 -189.250204 -655.661174 17036.735185 -0.100199 0.991138 -0.087207 0.872897 0.045503 -0.485778 0.477505 0.124797 0.869721
-14.720049 -26.845748 2588.222370 6980.280599 0.752163 0.146242 0.642545 0.520737 -0.729447 -0.443554 -0.403836 -0.668222 0.624817
-24.613672 -687.377407 -2673.413467 -183015.833022 0.022817 0.990097 0.138517 0.410432 0.117062 -0.904346 0.911606 -0.077486 0.403697
-17.943865 -394.028297 3540.923778 -82339.596562 -0.046673 0.971807 0.231112 0.579453 0.214799 -0.786191 0.813668 -0.097224 0.573142
10.175407 -28.650895 1096.650315 6096.986939 -0.477963 0.857093 0.192206 -0.488341 -0.077402 -0.869213 0.730120 0.509314 -0.455549
11.756064 -3.967446 807.635434 13381.485503 -0.484714 0.853655 0.190593 -0.573789 -0.145871 -0.805908 0.660165 0.499995 -0.560524
12.543899 -11.477214 1008.064166 9314.103002 -0.515840 0.851955 0.089898 -0.485455 -0.204234 -0.850072 0.705863 0.482142 -0.518938
-21.650216 -44.631874 511.107668 -458.396204 -0.234559 0.593472 0.769917 -0.548785 0.572894 -0.608792 0.802382 0.565317 -0.191311
-17.928363 -43.477259 769.966526 2034.534253 -0.297273 0.559660 0.773569 -0.654008 0.470926 -0.592032 0.695631 0.681916 -0.226028
-20.214326 -47.846371 691.016690 -46.422218 -0.334492 0.609543 0.718729 -0.485402 0.542276 -0.685799 0.807775 0.578267 -0.114487
-19.090339 -41.659280 156.964261 596.126523 0.111973 -0.509209 -0.853328 -0.687883 0.580000 -0.436368 0.717132 0.635851 -0.285332
11.573104 -169.774539 851.944421 39380.609071 0.177322 0.018504 -0.983979 0.888754 -0.432438 0.152029 -0.422697 -0.901474 -0.093126
4.363853 -81.716381 1841.297596 190.798448 0.218173 -0.012903 -0.975825 0.927975 -0.306786 0.211531 -0.302099 -0.951691 -0.054958
7.654172 -178.842325 1833.632505 41396.694518 0.261772 0.028713 -0.964703 0.903036 -0.360025 0.234323 -0.340589 -0.932501 -0.120174
9.961047 -32.256152 -4196.207163 2062.753661 -0.508700 0.826864 0.239832 0.333351 -0.067671 0.940371 -0.793789 -0.558315 0.241212
16.639716 -30.688406 -1989.627097 2284.881146 -0.456302 0.863482 0.214911 0.331653 -0.059082 0.941550 -0.825709 -0.500907 0.259417
15131.060963 -3122.340217 4487208.718859 -527957.189265 -0.136970 0.990532 -0.009257 -0.319204 -0.035289 0.947029 -0.937736 -0.132669 -0.321015
4571.308037 -180.535126 2239568.544282 18264.124507 0.907330 -0.026230 0.419599 0.418479 -0.039397 -0.907371 -0.040331 -0.998879 0.024769
950.855974 -64.290673 244804.694460 -13134.796002 -0.117967 0.992642 0.027290 -0.499462 -0.083064 0.862345 -0.858267 -0.088098 -0.505586
8667.297092 -206.304404 6786913.925165 -15185.180596 0.883081 -0.139569 0.447983 0.460557 0.075205 -0.884438 -0.089749 -0.987352 -0.130692
706.090896 -69.129921 222179.549022 -1062.780244 0.093489 0.995617 0.002396 -0.391944 0.034592 0.919338 -0.915226 0.086887 -0.393461
1250.455133 -86.588261 332762.003959 -12310.912913 0.021230 0.980638 0.194675 -0.519092 -0.155604 0.840435 -0.854455 0.118897 -0.505738
634.947766 -46.503680 157783.264011 -6155.911085 -0.196059 0.975876 0.096055 -0.507076 -0.184739 0.841870 -0.839306 -0.116349 -0.531063
15.605788 -45.741945 2965.820634 -356.441510 -0.491780 0.674590 0.550528 0.858544 0.270313 0.435698 0.145103 0.686920 -0.712100
7.120091 -43.658500 2787.763352 118.643157 -0.479166 0.668478 0.568803 0.863156 0.241298 0.443549 0.159252 0.703500 -0.692623
19.446202 -37.927927 5214.591134 1578.358777 -0.507194 0.752479 0.420154 -0.397923 -0.636903 0.660311 -0.764468 -0.167717 -0.622463
26.852155 -31.732515 6414.375194 1971.341732 -0.528813 0.716988 0.454186 -0.266055 -0.648195 0.713483 -0.805960 -0.256461 -0.533532
3.543116 -71.232965 -595.535102 4654.646566 -0.418501 0.904587 -0.081109 0.211504 0.010220 -0.977324 0.883246 0.426166 0.195601
3.799723 -76.765797 52.751286 5145.831670 -0.442287 0.893932 -0.072580 0.298714 0.070520 -0.951734 0.845667 0.442620 0.298220
-0.726836 -135.577390 118.487682 7558.111773 -0.579503 0.814608 -0.024293 -0.270177 -0.163907 0.948757 -0.768883 -0.556371 -0.315073
-10.559239 -26.574138 -2198.763143 -741.462453 -0.528013 0.601270 0.599731 0.309338 -0.521511 0.795196 -0.790893 -0.605393 -0.089369
-4.101387 -23.969053 -2951.969655 -22.943195 -0.475678 0.486050 0.733134 -0.341115 0.666313 -0.663075 -0.810784 -0.565493 -0.151151
16.241899 -20.668374 -407.572557 8522.185662 0.763250 -0.313975 0.564685 0.375121 -0.496254 -0.782954 -0.526055 -0.809414 0.260987
2.308743 -53.701643 246.420463 -288.590640 -0.471452 0.872052 -0.131371 -0.155290 -0.228728 -0.961025 0.868112 0.432676 -0.243255
4.207979 -57.616413 830.202182 -1123.562614 -0.486058 0.861024 -0.149616 -0.285014 -0.318018 -0.904230 0.826145 0.396865 -0.399979
6.136287 -54.797412 879.377548 -1256.318339 -0.482695 0.858707 -0.172128 -0.256412 -0.326495 -0.909755 0.837412 0.394999 -0.377780
5.413834 -50.919029 813.388360 156.475478 -0.473767 0.861365 -0.183289 -0.161002 -0.289340 -0.943589 0.865808 0.417531 -0.275761
2.539136 -49.784304 589.086928 561.585228 -0.466910 0.868966 -0.163990 -0.064774 -0.218554 -0.973673 0.881929 0.443995 -0.158331
-0.019522 -91.068301 246.953060 -1179.371362 -0.527322 0.849558 0.013477 0.702906 0.445096 -0.554808 0.477340 0.283090 0.831869
-4.004059 -160.967403 791.769557 1883.050376 0.392760 0.913336 0.107508 0.347342 -0.255568 0.902241 -0.851524 0.317022 0.417616
-8.973601 -157.174196 1758.252757 -3619.718558 0.377649 0.917317 0.126139 0.593726 -0.344430 0.727225 -0.710542 0.199743 0.674709
-6.524481 -157.625051 1334.744612 -3615.228883 0.377984 0.921059 0.093696 0.590622 -0.317832 0.741720 -0.712947 0.225020 0.664133
15.062732 -634.160413 17297.914863 170223.399537 0.394174 0.813396 -0.427802 0.283160 -0.550332 -0.785465 0.874327 -0.188474 0.447247
-22.281174 -621.796692 7173.733979 180245.784048 0.519291 0.713126 -0.470945 -0.002445 -0.549830 -0.835273 0.854594 -0.434901 0.283778
-35.480808 -295.334702 -2233.043026 84600.257813 0.553330 0.762731 -0.334764 0.082822 -0.450284 -0.889036 0.828834 -0.464204 0.312327
4.644393 -6.613492 4222.875113 3336.323937 0.667814 0.023272 0.743965 -0.068330 0.997207 0.030142 -0.741186 -0.070965 0.667539
-4.251307 -9.345473 2765.436206 3115.128361 0.267729 0.874602 0.404219 0.598846 -0.479708 0.641299 -0.754788 -0.070371 0.652183
-13.884264 -22.540351 3435.255125 3595.011960 0.108963 0.953224 0.281940 0.595192 -0.289731 0.749535 -0.796162 -0.086137 0.598921
0.685495 -52.118575 390.522852 -402.983435 0.588091 -0.789769 -0.174396 0.707372 0.397701 0.584345 -0.392140 -0.467011 0.792545
-0.981621 -52.026022 1427.896531 -257.052219 0.595557 -0.779428 -0.194431 0.663585 0.340930 0.665899 -0.452733 -0.525603 0.720260
1.610767 -52.645463 322.468463 -197.894166 0.596495 -0.786328 -0.160878 0.625636 0.329971 0.706893 -0.502765 -0.522309 0.688782
71.070416 -192.620767 18419.408416 38837.575073 0.596147 0.459560 0.658341 0.793347 -0.211231 -0.570948 -0.123323 0.862662 -0.490516
27.247442 -119.429763 6896.433364 13114.000758 0.605100 0.415351 0.679219 0.787627 -0.187802 -0.586834 -0.116183 0.890064 -0.440780
-9.231739 -48.473004 -360.425087 -2670.866322 -0.526716 0.839020 -0.136437 -0.566038 -0.226445 0.792668 -0.634169 -0.494740 -0.594190
-60.648130 -79.005595 2350.232475 -2122.928203 0.012445 0.998604 -0.051336 0.983350 -0.002915 0.181697 -0.181293 0.052742 0.982014
-58.517095 -80.545705 -322.446402 -1883.876456 -0.148620 -0.982233 0.114586 0.982045 -0.132982 0.133804 -0.116189 0.132415 0.984361
16.233209 -35.149601 8420.341290 -1346.412129 -0.243239 0.862474 0.443818 0.680001 0.477915 -0.556054 0.691689 -0.166543 0.702731
15.664842 -50.562516 -364.927043 615.455894 -0.027228 0.985132 -0.169626 0.974051 -0.011994 -0.226012 0.224687 0.171378 0.959242
17.407252 -51.321093 -2915.036608 592.721463 -0.088854 0.991116 -0.098968 0.983734 0.071748 -0.164683 0.156119 0.111991 0.981369
20.354034 -51.319980 -344.446082 734.018880 -0.012170 -0.977304 0.211493 0.994655 -0.033521 -0.097662 0.102535 0.209174 0.972488
10.165661 -51.165375 -4126.599627 -830.940500 -0.059167 -0.953395 0.295868 0.974068 -0.119979 -0.191824 0.218382 0.276846 0.935770
-20.740470 -28.621695 8032.506524 1451.475226 -0.231570 0.938628 0.255643 0.738979 -0.001181 0.673727 -0.632681 -0.344930 0.693353
1.306806 -32.976119 7748.791388 838.739773 -0.362718 0.924707 0.115554 0.673092 0.174205 0.718748 -0.644501 -0.338481 0.685601
-24.200455 -36.464651 483.881955 3936.884406 0.307990 0.647231 0.697305 -0.701591 0.649546 -0.293019 -0.642583 -0.398976 0.654145
74.727509 -95.224948 6863.749733 5449.991330 0.070051 0.996612 0.043089 -0.578412 0.075773 -0.812218 0.812731 -0.031974 -0.581761
86.150864 -83.087391 67.320716 2495.695374 0.184676 0.975852 -0.116656 -0.702732 0.048135 -0.709824 0.687068 -0.213065 -0.694652
-5.060060 -115.718738 462.015730 2288.762795 -0.060599 -0.951960 -0.300167 0.990653 -0.094178 0.098681 -0.122209 -0.291382 0.948768
-3.517539 -111.336167 161.478532 -1005.435025 0.050229 0.961622 0.269741 0.946335 -0.132160 0.294930 -0.319260 -0.240451 0.916655
-4.479828 -111.845002 495.829803 1765.346235 -0.038013 -0.961232 -0.273107 0.981511 -0.087223 0.170378 -0.187594 -0.261581 0.946775
-8.109927 -88.507536 283.527083 1504.963560 0.025954 0.962763 0.269097 0.820379 0.133307 -0.556065 0.571231 -0.235194 0.786371
-6.512158 -91.601024 805.819104 4435.461154 0.008560 0.968799 0.247698 0.872537 0.113767 -0.475117 0.488473 -0.220193 0.844339
