16814
33610
-47.112729 -66.283510 -1171.724738 7366.657810 -0.083823 0.992044 -0.093926 0.988767 0.071099 -0.131473 0.123749 0.103891 0.986860
-48.104646 -70.116905 1780.580641 6665.643247 -0.008408 -0.990631 0.136307 0.998246 -0.016303 -0.056912 0.058601 0.135590 0.989031
-55.353583 -80.000796 856.250335 4010.660361 0.185762 -0.977048 0.104254 0.980203 0.191662 0.049673 -0.068515 0.092963 0.993309
-45.396091 -65.098580 -951.615389 4717.883016 -0.324886 -0.908055 0.264358 0.941708 -0.336427 0.001719 0.087376 0.249507 0.964423
-39.826825 -92.690385 -2798.395646 13519.968497 -0.433202 0.900937 -0.025451 0.898469 0.429436 -0.091307 0.071333 0.062421 0.995497
-38.451791 -59.961873 -4044.017026 8969.390215 -0.273156 0.961780 0.019097 0.931842 0.269478 -0.243004 0.238863 0.048583 0.969837
-39.694947 -52.339678 -330.477713 3636.141907 0.480181 0.847278 -0.227035 0.853160 -0.511265 -0.103563 0.203822 0.143968 0.968364
92.577257 -100.007349 -10518.321301 8440.621760 -0.461256 0.882591 0.090978 -0.195270 -0.000955 -0.980749 0.865513 0.470141 -0.172785
83.743879 -99.598102 -11939.996711 5542.701665 -0.339009 0.937564 0.077760 -0.190963 0.012357 -0.981519 0.921198 0.347593 -0.174851
84.093504 -106.346678 -9196.570638 2994.630920 -0.386799 0.912885 0.130491 -0.071001 0.111603 -0.991213 0.919427 0.392666 -0.021648
78.586552 -91.834815 -12237.568977 3200.520942 -0.315305 0.945722 0.078693 -0.335409 -0.033486 -0.941477 0.887741 0.323247 -0.327762
94.431535 -115.355302 -9557.500139 12488.693566 -0.493308 0.861645 0.119226 -0.090558 0.085447 -0.992219 0.865128 0.500267 -0.035877
99.234931 -115.469133 1840.491110 14291.068570 -0.646753 0.755889 0.101698 -0.122981 0.028241 -0.992007 0.752719 0.654091 -0.074695
88.287862 -91.211002 5458.733494 11910.714000 -0.642813 0.756705 0.119119 -0.288616 -0.095205 -0.952700 0.709572 0.646787 -0.279596
84.821689 -80.743574 -5092.335145 5425.354521 -0.486048 0.867228 0.108039 -0.356005 -0.083576 -0.930739 0.798134 0.490846 -0.349360
-44.384120 -76.205703 -1380.439835 2461.154447 -0.003862 0.994450 0.105144 -0.463953 0.091361 -0.881136 0.885851 0.052185 -0.461025
-44.944842 -75.228851 -34.728547 568.279273 -0.022808 0.994442 0.102790 -0.328873 0.089632 -0.940111 0.944099 0.055247 -0.325001
-42.361418 -74.794543 -3339.709219 1347.688620 0.122529 0.990750 0.058317 -0.366760 0.099802 -0.924947 0.922211 -0.091944 -0.375596
-40.743623 -75.717578 -2615.711472 3541.074034 0.131830 0.988579 0.073019 -0.506262 0.130476 -0.852452 0.852244 -0.075412 -0.517681
-44.227764 -74.145947 -2173.619209 3763.191636 0.000739 0.996468 0.083969 -0.611591 0.066885 -0.788342 0.791174 0.050772 -0.609480
7.990778 -36.130182 -463.668936 -3417.319080 -0.418815 -0.828731 0.371212 0.883371 -0.277129 0.377962 -0.210355 0.486214 0.848143
9.746833 -41.959162 -1134.121034 -4410.324289 -0.453293 -0.817483 0.355313 0.876011 -0.334902 0.347053 -0.164715 0.468575 0.867933
7.471368 -33.023175 -288.264892 -3014.799265 -0.450920 -0.825641 0.339100 0.858563 -0.297359 0.417669 -0.244011 0.479474 0.842950
6.352076 -32.170338 90.326982 -2424.153797 -0.385776 -0.840964 0.379416 0.885554 -0.222170 0.407964 -0.258788 0.493376 0.830427
4.813057 -28.621032 -61.999901 -984.561328 -0.376931 -0.844272 0.380956 0.878285 -0.195158 0.436496 -0.294175 0.499117 0.815073
4.162322 -26.879542 148.697160 -822.597506 -0.432051 -0.837384 0.334843 0.849190 -0.252729 0.463686 -0.303659 0.484681 0.820290
39.823482 -68.999302 485.377532 1733.592188 0.361545 0.922233 0.137011 0.407197 -0.023992 -0.913025 0.838734 -0.385890 0.384205
38.406268 -74.618855 -26.088028 5246.293297 0.367659 0.902404 0.224709 0.332848 0.097933 -0.937881 0.868354 -0.419614 0.264358
29.301135 -84.116810 -7955.461260 941.252654 0.464773 0.864250 0.192504 0.411454 -0.018298 -0.911247 0.784023 -0.502729 0.364104
31.265852 -77.378907 -7048.329016 -6542.367588 0.488916 0.863491 0.123874 0.511192 -0.168538 -0.842780 0.706855 -0.475372 0.523811
-21.417188 -30.540530 3450.397308 -614.439594 0.137040 0.983125 0.121181 0.851132 -0.179449 0.493327 -0.506748 -0.035535 0.861361
-21.075474 -31.179134 3296.008821 83.344591 0.070445 0.994635 0.075754 0.896791 -0.096404 0.431825 -0.436811 -0.037515 0.898771
-17.378997 -31.307281 1644.799063 -600.498889 0.124071 0.989458 0.074700 0.855064 -0.144808 0.497892 -0.503460 -0.002100 0.864016
-17.384352 -28.835240 1317.741256 -1560.244492 0.137840 0.985553 0.098415 0.808597 -0.169356 0.563462 -0.571988 -0.001910 0.820260
-3.511133 -52.949172 178.482709 2025.062713 -0.225667 -0.928039 -0.296343 0.919323 -0.102206 -0.379998 0.322365 -0.358188 0.876232
-5.235952 -60.927414 239.174746 2745.005281 -0.157006 -0.935617 -0.316181 0.979117 -0.105598 -0.173724 0.129151 -0.336854 0.932657
-2.694538 -56.278333 456.551815 2520.160889 -0.195347 -0.924167 -0.328260 0.927030 -0.064760 -0.369353 0.320085 -0.376459 0.869381
-0.561140 -48.916457 -458.984082 1170.418123 0.256856 0.917360 0.304098 0.838341 -0.054939 -0.542370 0.480842 -0.394249 0.783172
-2.075388 -47.524145 -296.760381 655.881767 0.278390 0.920352 0.274684 0.834031 -0.089814 -0.544357 0.476330 -0.380639 0.792606
7.638013 -100.718638 -1336.203011 14673.766178 -0.105033 0.983394 0.148002 -0.190257 -0.165947 0.967607 -0.976100 -0.073473 -0.204527
10.348803 -100.736941 -87.412590 9545.440005 -0.057601 0.984422 0.166116 -0.204543 -0.174499 0.963178 -0.977161 -0.021502 -0.211408
7.727762 -76.903783 -364.902996 11377.003326 -0.084346 0.977996 0.190814 -0.019297 -0.193064 0.980996 -0.996250 -0.079061 -0.035157
4.175148 -71.135252 -1832.427646 13691.726754 -0.132546 0.972844 0.189752 -0.013807 -0.193235 0.981055 -0.991081 -0.127415 -0.039044
4.179052 -51.549936 -1025.822972 5496.371997 -0.111125 0.945431 0.306288 0.113305 -0.294134 0.949024 -0.987326 -0.140164 0.074436
8.379274 -58.948892 -131.267102 4615.114087 -0.064331 0.946846 0.315188 0.132370 -0.304955 0.943123 -0.989111 -0.102393 0.105716
-3.053133 -127.306694 906.155618 999.320896 0.750759 -0.007206 0.660537 0.520318 0.622507 -0.584597 0.406976 -0.782581 -0.471102
-4.936820 -124.331068 727.415518 4152.234622 0.757424 -0.017883 0.652678 0.444570 0.746235 -0.495470 0.478191 -0.665442 -0.573167
-3.494871 -123.321228 729.680004 2673.263260 0.751307 -0.010503 0.659869 0.435530 0.759113 -0.483799 0.495834 -0.650874 -0.574901
-12.650822 -44.063851 162.236438 650.252292 0.103242 0.992413 0.066767 0.874430 -0.058567 -0.481603 0.474039 -0.108104 0.873843
-13.048755 -43.562224 -127.327354 -525.636471 0.139461 0.984363 0.107615 0.860374 -0.066655 -0.505287 0.490212 -0.163057 0.856215
-12.594990 -43.982557 781.554828 -506.465940 0.050741 0.996680 0.063681 0.794684 -0.001673 -0.607022 0.604900 -0.081407 0.792130
-12.204523 -43.468344 -555.716692 777.039925 0.169477 0.977761 0.123536 0.920526 -0.112277 -0.374199 0.352007 -0.177136 0.919083
-10.822075 -43.785380 817.232819 882.911451 0.013182 0.999104 0.040209 0.795753 0.013868 -0.605463 0.605478 -0.039977 0.794857
-13.923977 -45.815790 -432.327185 1742.321341 0.161091 0.984117 0.074595 0.932292 -0.126934 -0.338704 0.323855 -0.124106 0.937931
-12.082639 -47.896596 746.829619 1235.155763 0.150290 0.988536 0.014508 0.931246 -0.136622 -0.337808 0.331953 -0.064280 0.941103
-10.999126 -45.432669 317.544467 1738.375687 0.087205 0.995782 0.028523 0.875188 -0.062905 -0.479676 0.475859 -0.066793 0.876982
86.059929 -85.521600 6375.461419 18112.197329 0.865590 0.457956 0.202556 0.490695 -0.695052 -0.525472 0.099856 -0.554237 0.826347
110.084130 -61.679962 -5629.148400 17899.903283 0.888775 0.355882 0.288839 0.458207 -0.674467 -0.578913 0.011213 -0.646871 0.762517
90.179994 -89.321533 -1937.486220 15597.742202 0.915017 0.266545 0.302817 0.391945 -0.765109 -0.510869 -0.095519 -0.586141 0.804559
-6.673349 -105.471682 -502.269647 363.175548 0.280286 0.957021 0.074499 -0.193202 0.132264 -0.972203 0.940273 -0.258101 -0.221970
-6.879701 -104.019457 -512.903166 824.008994 0.269153 0.961872 0.048561 -0.389328 0.154784 -0.908001 0.880898 -0.225485 -0.416144
-8.818726 -101.489747 -497.253704 107.700726 0.251587 0.963476 0.091750 -0.195716 0.143488 -0.970106 0.947839 -0.226109 -0.224667
-8.250830 -98.506089 -523.836755 -800.966914 0.258138 0.959462 0.113128 0.015886 0.112865 -0.993483 0.965977 -0.258253 -0.013893
-11.084013 -98.694594 -505.724737 -137.336056 0.215162 0.969781 0.115025 -0.196752 0.158415 -0.967571 0.956553 -0.185553 -0.224891
-10.281820 -95.166077 -462.377918 -461.366848 0.220218 0.967178 0.126774 0.012694 0.127112 -0.991807 0.975368 -0.220023 -0.015715
33.251601 -19.089920 -7276.620433 -4573.058695 0.590436 0.800853 -0.100092 0.581236 -0.507974 -0.635710 0.559955 -0.317169 0.765411
45.039284 -21.667069 -2745.597934 -4254.551870 0.502541 0.855013 -0.128085 0.602601 -0.452644 -0.657255 0.619939 -0.253113 0.742704
32.953355 -31.205090 -8099.611840 -6702.385515 0.577503 0.814275 -0.058711 0.582814 -0.461567 -0.668793 0.571680 -0.352012 0.741127
42.582498 -14.748111 -1741.777939 -1611.158836 0.489722 0.858210 -0.153782 0.620688 -0.467035 -0.629782 0.612306 -0.212967 0.761397
21.360840 -32.446719 -9889.692191 -8513.104662 0.634055 0.772164 -0.041683 0.570131 -0.503213 -0.649405 0.522422 -0.387993 0.759300
7.660357 -168.506982 -1527.247962 4357.375313 0.824353 -0.080573 0.560313 -0.560749 0.019254 0.827762 0.077484 0.996563 0.029309
6.986549 -155.976970 -1653.703106 11351.550328 0.843094 -0.075727 0.532408 -0.533555 -0.241452 0.810568 -0.067169 0.967454 0.243971
10.066914 -173.717382 369.380792 11014.126146 0.832432 -0.083635 0.547779 -0.553902 -0.097469 0.826857 0.015763 0.991718 0.127462
8.423271 -153.339289 -156.920329 5336.201032 0.818424 -0.109992 0.563990 -0.568005 -0.006408 0.823000 0.086910 0.993912 0.067720
9.066454 -182.798534 -393.313926 -423.038441 0.810894 -0.073632 0.580543 -0.563098 0.171851 0.808324 0.159286 0.982367 -0.097891
9.576372 -156.296846 10.564387 -1846.648484 0.791348 -0.106546 0.602010 -0.567070 0.240071 0.787907 0.228473 0.964891 -0.129560
7.863222 -170.465992 -1633.521232 -4892.463136 0.797930 -0.072422 0.598383 -0.561033 0.273670 0.781247 0.220339 0.959093 -0.177739
-2.054866 -193.381101 164.934329 -18924.611673 0.858110 0.129283 0.496923 0.513436 -0.226391 -0.827726 -0.005488 -0.965419 0.260647
0.625809 -156.439685 1215.243803 -21577.815385 0.866170 0.135333 0.481076 0.479123 -0.498581 -0.722397 -0.142091 -0.856214 0.496697
-2.634257 -182.642757 2110.573562 -15422.571704 0.867907 0.145134 0.475051 0.496727 -0.253319 -0.830116 0.000138 -0.956434 0.291949
22.869979 -17.887597 6716.444536 2519.831884 -0.041179 0.834563 0.549371 -0.825758 0.281130 -0.488968 0.562519 0.473783 -0.677570
22.417856 -21.774094 5983.709409 1265.559413 -0.117030 0.874998 0.469769 -0.780842 0.211217 -0.587940 0.613670 0.435621 -0.658516
11.436851 -15.306167 5220.495755 439.747698 -0.026719 0.815892 0.577586 -0.801538 0.327780 -0.500097 0.597346 0.476319 -0.645211
61.218877 -105.556708 -6686.000315 7113.580609 0.924929 0.096531 0.367679 -0.172886 0.968222 0.180712 -0.338550 -0.230712 0.912226
51.679199 -108.880628 -10759.248058 7627.266676 0.900325 0.002648 0.435209 -0.098080 0.975492 0.196964 -0.424022 -0.220017 0.878520
43.753903 -97.984454 -3923.892178 9673.186422 0.927244 0.046090 0.371610 -0.057852 0.998113 0.020560 -0.369961 -0.040563 0.928161
42.073714 -94.035182 3058.799060 8689.919045 0.943779 0.142525 0.298276 -0.147119 0.989093 -0.007115 -0.296036 -0.037167 0.954453
26.559404 -82.551137 -1065.750301 5079.445777 0.925295 -0.022991 0.378550 0.069241 0.991625 -0.109021 -0.372873 0.127088 0.919138
25.873019 -78.463270 2084.964620 4821.718368 0.944539 0.081412 0.318148 -0.035713 0.988503 -0.146925 -0.326451 0.127415 0.936587
17.931965 -317.564919 8896.652826 -20751.837946 0.828840 -0.179293 0.529980 0.082773 0.976134 0.200777 -0.553329 -0.122544 0.823899
9.472161 -350.015532 9433.410478 -14315.900211 0.827213 -0.185137 0.530512 0.247172 0.967798 -0.047669 -0.504604 0.170560 0.846336
-0.422800 -287.400411 -1363.538542 -42773.456903 0.810182 -0.124443 0.572817 0.083056 0.991717 0.097975 -0.580264 -0.031801 0.813807
30.175032 -521.190904 18058.108702 -15779.425549 0.809553 -0.227616 0.541123 0.197447 0.973644 0.114157 -0.552845 0.014427 0.833159
17.805656 -273.104586 5449.861746 -21509.348408 0.815255 -0.139305 0.562098 -0.043876 0.952987 0.299817 -0.577438 -0.269090 0.770815
39.471478 -436.431115 20840.644284 -93492.490420 0.834945 -0.208956 0.509121 -0.054758 0.888980 0.454661 -0.547603 -0.407495 0.730807
29.717322 -193.320244 -53838.774745 -74668.291708 0.896880 -0.351398 0.268563 0.396991 0.371976 -0.839066 -0.194947 -0.859158 -0.473120
52.862775 -263.958204 -34754.105206 -59873.175700 0.916347 -0.317146 0.244390 0.395003 0.616343 -0.681245 -0.065426 -0.720791 -0.690057
9.551403 -213.500316 -44475.964474 -80849.358992 0.920913 -0.341050 0.188692 0.331514 0.430768 -0.839368 -0.204984 -0.835538 -0.509762
-12.720792 -114.184870 -2900.794713 -2334.030301 0.788767 -0.276535 0.548976 -0.607622 -0.215700 0.764375 0.092962 0.936484 0.338165
-7.832493 -111.049064 -3772.693749 -11570.886944 0.794637 -0.254397 0.551212 -0.579726 -0.048481 0.813368 0.180195 0.965884 0.186005
-9.339616 -126.860707 -2852.780655 42.562886 0.740341 -0.286844 0.607961 -0.672200 -0.307098 0.673675 0.006536 0.907420 0.420174
-12.003470 -102.374769 -4525.557372 -13460.491692 0.793167 -0.267729 0.546999 -0.565808 0.008287 0.824496 0.225274 0.963459 0.144910
-23.112853 -120.089253 -3673.549648 7258.472589 0.829377 -0.241073 0.504001 -0.556467 -0.436835 0.706767 -0.049783 0.866636 0.496450
-28.426305 -125.563220 -3339.735184 1155.309978 0.868046 -0.212152 0.448875 -0.494913 -0.441641 0.748341 -0.039479 0.871748 0.488361
5.869859 -466.446757 -15575.388477 -253804.294536 0.959787 -0.089314 0.266142 0.262937 -0.046139 -0.963709 -0.098353 -0.994934 0.020799
4.400921 -631.384718 4530.825876 -298800.965293 0.919873 -0.113576 0.375412 0.391828 0.223531 -0.892471 -0.017447 -0.968057 -0.250122
-1.598355 -773.144287 -6686.253068 -426671.981511 0.916469 -0.074765 0.393058 0.399848 0.135873 -0.906455 -0.014365 -0.987901 -0.154418
-34.266138 -251.834378 -26964.504959 -160060.093086 0.981823 -0.074732 0.174467 0.173206 -0.023081 -0.984615 -0.077609 -0.996936 0.009717
-5.421816 -64.733800 -3505.800214 66.818611 -0.453590 -0.804075 0.384342 0.850121 -0.519812 -0.084199 0.267488 0.288545 0.919343
-19.266128 -65.552645 4043.919971 373.434980 0.541763 0.748037 -0.383319 0.774310 -0.621586 -0.118637 0.327010 0.232534 0.915965
-11.813693 -61.786091 4414.100952 2011.524520 0.468367 0.787387 -0.400818 0.783494 -0.579818 -0.223490 0.408375 0.209363 0.888480
-12.279468 -35.086669 1877.709770 1210.391988 -0.363734 0.873743 0.322910 -0.456302 0.135086 -0.879511 0.812087 0.467253 -0.349556
-8.610610 -31.682090 2070.687035 1607.091887 -0.365392 0.873725 0.321082 -0.526516 0.090462 -0.845339 0.767639 0.477935 -0.426976
-6.106850 -34.640396 3358.914791 1597.550657 -0.444093 0.870559 0.211915 -0.415880 0.009213 -0.909373 0.793615 0.491977 -0.357957
-9.397997 -37.788218 2831.754881 916.056038 -0.439809 0.874700 0.203637 -0.329645 0.053690 -0.942577 0.835406 0.481682 -0.264727
-3.616551 -56.418789 -488.752891 -999.585361 -0.044420 0.964759 0.259359 0.518073 -0.199732 0.831690 -0.854182 -0.171310 0.490943
-3.316251 -64.192870 -222.445806 -1463.106925 -0.014373 0.952364 0.304624 0.650435 -0.222482 0.726248 -0.759426 -0.208576 0.616253
-4.625854 -61.856395 -431.583624 -1562.730022 -0.015158 0.956574 0.291094 0.672287 -0.205748 0.711125 -0.740136 -0.206478 0.639973
3445.860009 -3942.817358 -63635355.139592 -4146538.197538 -0.271864 0.962134 0.019726 0.733949 0.220558 -0.642397 0.622422 0.160166 0.766118
-68.307817 -1873.043407 325582.690851 893884.021292 0.360550 0.397729 -0.843691 -0.465310 0.860635 0.206867 0.808388 0.317992 0.495369
-324.438818 -1649.374961 -185382.239727 -268118.363388 -0.443312 -0.460417 0.769084 0.809859 -0.573477 0.123499 0.384191 0.677599 0.627102
-8.986850 -46.038092 11018.214391 2213.808444 0.021633 0.921184 0.388525 0.140828 0.381933 -0.913397 0.989798 -0.074475 0.121466
0.416539 -51.707341 3494.463075 8335.407576 0.090875 0.995604 0.022674 0.207666 0.003322 -0.978194 0.973969 -0.093602 0.206452
-18.131192 -75.612265 -6428.365852 -23429.501725 0.157437 0.812450 -0.561372 0.090324 -0.577926 -0.811076 0.983390 -0.076988 0.164371
-40.299184 -59.572151 488.571523 446.285560 -0.603603 0.143823 0.784206 0.511535 0.824320 0.242548 -0.611552 0.547551 -0.571132
-39.987905 -57.470133 1070.892566 364.237990 -0.565394 0.194413 0.801582 0.630087 0.728945 0.267636 -0.532277 0.656386 -0.534638
-42.863646 -59.339732 2034.349089 -476.110775 -0.697456 0.117753 0.706887 0.455539 0.834317 0.310481 -0.553208 0.538562 -0.635541
53.784056 -54.257009 1182.732951 8030.202803 0.721777 0.462231 0.515151 -0.259465 -0.509318 0.820533 -0.641651 0.725905 0.247681
56.227231 -45.738093 12617.661953 6739.953904 0.833208 0.348219 0.429544 -0.206416 -0.524789 0.825826 -0.512988 0.776750 0.365380
60.716124 -32.990945 4706.242935 3281.161876 0.755324 0.443852 0.482163 -0.194475 -0.550787 0.811673 -0.625832 0.706845 0.329704
64.159391 -37.169664 -4733.423644 5009.578869 0.642335 0.558470 0.524897 -0.181195 -0.554796 0.812016 -0.744697 0.616695 0.255173
60.348022 -25.544728 1694.642682 1085.274962 0.703809 0.555187 0.443193 -0.109596 -0.531546 0.839910 -0.701884 0.639708 0.313261
58.007717 -23.739350 2380.577762 368.291394 0.755276 0.466812 0.460049 -0.145711 -0.564765 0.812286 -0.639005 0.680534 0.358534
-1.211912 -5.094243 -592.492589 -4092.416158 0.012753 0.913321 0.407040 -0.687861 0.303462 -0.659361 0.725730 0.271578 -0.632108
11.152256 2.233415 -5866.988241 -2704.311414 -0.636503 -0.113455 -0.762884 -0.272792 0.958303 0.085083 0.721421 0.262265 -0.640913
0.469637 -6.626398 -2433.548552 -5766.741438 -0.439812 0.889743 -0.122159 -0.524998 -0.365071 -0.768830 0.728658 0.274008 -0.627676
-4.518970 -17.017002 -1018.675167 -7095.712637 -0.331792 0.942868 0.030239 -0.603186 -0.187396 -0.775274 0.725314 0.275469 -0.630901
-6.808992 -17.651631 -657.062306 -6683.301655 -0.229385 0.960479 0.157681 -0.653321 -0.031849 -0.756411 0.721495 0.276526 -0.634806
-5.402891 -53.160948 -665.180313 1241.102132 -0.044595 0.953982 -0.296528 -0.568832 0.219759 0.792550 -0.821244 -0.204019 -0.532856
-2.406461 -57.489600 -1082.710001 1018.395691 -0.064049 0.948059 -0.311580 -0.737251 0.165473 0.655042 -0.672576 -0.271668 -0.688359
-1.833490 -52.961063 -1528.242644 1679.735130 -0.075009 0.943040 -0.324113 -0.580985 0.222834 0.782816 -0.810450 -0.247023 -0.531178
-0.343459 -49.167934 -538.151273 393.708000 0.147510 0.987146 0.061504 0.905724 -0.109836 -0.409390 0.397372 -0.116095 0.910284
1.701879 -49.144550 -551.856733 707.919825 0.154919 0.986570 0.051767 0.885979 -0.115558 -0.449097 0.437084 -0.115438 0.891982
-1.249419 -47.714771 -785.926794 791.178674 0.155176 0.985969 0.061531 0.833892 -0.097338 -0.543276 0.529664 -0.135613 0.837296
1.764619 -50.600530 -310.460326 320.010722 0.138631 0.988819 0.054946 0.949114 -0.116812 -0.292469 0.282781 -0.092695 0.954695
-3.594087 -47.853093 -751.683967 782.466965 0.131670 0.988701 0.071648 0.855907 -0.076928 -0.511375 0.500085 -0.128657 0.856366
-2.192013 -49.264280 -656.243009 153.926837 0.129581 0.988996 0.071383 0.923396 -0.094127 -0.372129 0.361315 -0.114136 0.925432
0.803823 -50.187794 -334.078072 -157.501995 0.140118 0.988446 0.057801 0.961383 -0.121852 -0.246771 0.236877 -0.090146 0.967349
0.587476 -54.182018 647.878773 820.460464 0.059788 0.997543 0.036526 0.938782 -0.043754 -0.341722 0.339284 -0.054721 0.939091
1.548045 -52.652420 383.877344 738.147054 0.096659 0.994585 0.038191 0.932765 -0.077129 -0.352137 0.347284 -0.069660 0.935169
-0.250983 -56.058484 507.411180 1712.464361 0.061436 0.997369 0.038484 0.978354 -0.052542 -0.200158 0.197609 -0.049948 0.979008
-12.901149 -47.014512 -77.474219 436.485371 0.083884 0.978571 -0.188051 -0.302877 0.204826 0.930759 -0.949331 0.021120 -0.313569
-11.160893 -46.323202 -672.317674 959.343887 0.022799 0.973122 -0.229157 -0.335592 0.223366 0.915142 -0.941731 -0.056039 -0.331665
-10.208863 -43.322940 -1058.404359 502.107657 -0.000826 0.975883 -0.218294 -0.158634 0.215402 0.963555 -0.987337 -0.035425 -0.154630
-12.492899 -44.326692 876.963566 -688.232598 0.154887 0.982201 -0.106263 -0.285212 0.147437 0.947057 -0.945867 0.116379 -0.302972
-13.217115 -45.264840 875.286593 1437.506269 0.147175 0.985641 -0.082771 -0.406525 0.136565 0.903376 -0.901708 0.099306 -0.420787
-13.767715 -47.159823 711.779930 -935.348294 0.129904 0.975053 -0.179993 -0.140547 0.197806 0.970113 -0.981515 0.100724 -0.162736
-12.580065 -44.585210 -633.628153 -249.987563 0.045114 0.980907 -0.189173 -0.121791 0.193353 0.973541 -0.991530 0.020881 -0.128189
47.108974 -66.624807 -14154.306953 3448.046618 -0.051127 0.862771 0.503004 0.114840 -0.495242 0.861131 -0.992067 -0.101792 0.073760
51.458113 -78.522397 -15007.795571 6236.833600 -0.059216 0.847639 0.527259 0.010289 -0.527639 0.849406 -0.998192 -0.055723 -0.022524
67.227929 -74.418327 -16303.018667 7407.370953 0.003317 0.838653 0.544655 0.037535 -0.544379 0.837999 -0.999290 -0.017664 0.033284
39.854775 -58.152053 -17996.174704 1687.435559 -0.047293 0.882659 0.467629 0.234649 -0.445235 0.864121 -0.970929 -0.150595 0.186058
28.941570 -60.632859 -5315.832149 2367.897399 -0.057891 0.887607 0.456949 0.253203 -0.429696 0.866746 -0.965679 -0.165878 0.199869
11.735355 -121.863995 -610.435868 -2837.766111 0.859174 0.438870 0.263082 -0.210616 -0.165252 0.963500 -0.466326 0.883224 0.049547
10.784807 -122.062503 -1145.365411 -526.749347 0.850250 0.449356 0.274143 -0.104075 -0.367016 0.924374 -0.515988 0.814480 0.265289
9.056768 -120.403494 -1282.401125 -1788.025318 0.842444 0.471016 0.261594 -0.187167 -0.199444 0.961868 -0.505229 0.859282 0.079862
11.332874 -120.488794 -489.481033 -2288.191506 0.860058 0.447308 0.245389 -0.288434 0.029560 0.957043 -0.420839 0.893892 -0.154442
12.568861 -121.590608 91.259893 -813.178357 0.872543 0.415410 0.257104 -0.282367 -0.000635 0.959306 -0.398669 0.909634 -0.116744
0.865657 -86.316112 -10.405830 -589.816536 0.928640 0.309444 0.204628 -0.340497 0.929915 0.138994 0.147276 0.198750 -0.968921
1.871252 -91.394049 48.486420 -5167.705073 0.925575 0.318061 0.205301 -0.363554 0.898009 0.247806 0.105545 0.304001 -0.946807
3.721636 -85.574703 821.223691 -528.962775 0.925094 0.320279 0.204015 -0.346440 0.931828 0.108053 0.155499 0.170638 -0.972986
1.250527 -85.762142 -303.693754 2813.000953 -0.933679 -0.295186 -0.202752 -0.303142 0.952906 0.008646 0.190651 0.069535 -0.979192
3.588424 -85.827754 -1486.512080 1495.160694 -0.925749 -0.309501 -0.217252 -0.308398 0.950422 -0.039850 0.218815 0.030109 -0.975302
5.622390 -87.423993 -1396.608143 664.612123 -0.919461 -0.333018 -0.209022 -0.352921 0.933365 0.065398 0.173315 0.133899 -0.975722
-3.359501 -71.588351 -3670.449117 14468.943385 0.796838 0.412936 0.441059 0.026248 0.705649 -0.708075 -0.603623 0.575798 0.551449
1.514939 -57.283374 -4723.284871 -3424.771235 0.786666 0.324066 0.525488 0.141076 0.734283 -0.664022 -0.601044 0.596498 0.531918
-0.244305 -63.374751 -3589.881672 12351.789513 0.797271 0.367874 0.478569 0.075297 0.726026 -0.683533 -0.598907 0.580996 0.551139
-7.647643 -94.133570 -333.544171 26139.847879 0.811583 0.416496 0.409713 -0.037385 0.736864 -0.675007 -0.583040 0.532507 0.613596
-9.442045 -122.178968 489.011970 1382.666433 -0.792469 -0.301706 -0.530062 -0.430969 0.891964 0.136622 0.431577 0.336709 -0.836880
-10.256960 -114.347388 235.179597 3090.464088 -0.778309 -0.301146 -0.550950 -0.412789 0.906606 0.087588 0.473118 0.295597 -0.829929
-10.186365 -117.970178 1106.369597 2377.291914 -0.811414 -0.270724 -0.517992 -0.309147 0.950929 -0.012729 0.496020 0.149807 -0.855291
-21.575591 -45.696709 -1602.014933 -71.492246 0.166329 0.935361 0.312146 -0.714404 -0.103887 0.691978 -0.679677 0.338095 -0.650946
-21.440513 -44.056483 -2190.107330 -698.369573 0.140838 0.949236 0.281274 -0.805111 -0.055527 0.590519 -0.576161 0.309624 -0.756420
-18.278903 -45.358401 -1561.209285 -526.244378 0.168721 0.953970 0.247941 -0.713908 -0.055166 0.698063 -0.679609 0.294785 -0.671739
33.312681 -103.389676 -1167.930543 9885.904443 0.822083 0.152568 0.548545 -0.117991 0.988166 -0.098012 -0.557007 0.015850 0.830357
19.869023 -88.375800 -3910.473289 3893.066225 0.808515 0.194221 0.555502 -0.058900 0.965935 -0.251994 -0.585521 0.171022 0.792412
21.899215 -93.177825 -2177.412603 4053.995631 0.819793 0.260145 0.510161 -0.118697 0.948706 -0.293033 -0.560223 0.179672 0.808621
23.799968 -240.130416 -8549.102084 38121.732397 0.881074 0.052443 0.470063 0.194869 0.865314 -0.461798 0.430970 -0.498478 -0.752186
20.847799 -234.362377 -8754.805718 48968.003054 0.875609 0.015432 0.482774 0.292797 0.777963 -0.555916 0.384159 -0.628120 -0.676673
38.721028 -275.515467 -13567.452217 39092.964447 0.874256 0.073005 0.479944 0.286419 0.720662 -0.631356 0.391970 -0.689432 -0.609134
68.390793 -300.831410 -15712.742312 -15168.501295 0.841327 0.172852 0.512143 0.356103 0.535559 -0.765746 0.406644 -0.826619 -0.389027
43.855712 -337.619612 -11579.599758 126.639320 0.840044 0.212577 0.499137 0.129319 0.815056 -0.564766 0.526880 -0.538976 -0.657192
27.215213 -259.488540 -8588.905631 20753.396881 0.869666 0.120971 0.478588 0.148299 0.860698 -0.487038 0.470837 -0.494535 -0.730580
58.249368 -16.057841 -6804.757253 20944.590378 0.312332 -0.253199 -0.915609 0.944017 0.190486 0.269346 0.106212 -0.948475 0.298519
72.259058 1.242011 -15880.722941 23626.012612 0.461420 -0.282259 -0.841083 0.883290 0.234857 0.405760 0.083005 -0.930146 0.357684
79.486319 4.507160 -10123.351491 18926.382811 0.238570 -0.228502 -0.943860 0.963644 0.176113 0.200935 0.120312 -0.957482 0.262210
37.436791 -24.388978 -1367.356226 19564.139708 0.601034 -0.242558 -0.761527 0.797078 0.251690 0.548926 0.058522 -0.936919 0.344612
33.338298 -31.669955 -10782.453833 23167.304801 -0.061033 -0.230538 -0.971147 0.991267 0.099946 -0.086023 0.116894 -0.967917 0.222425
6.114920 -31.914531 4169.371498 8809.533291 0.303202 -0.245908 -0.920651 0.950601 0.145507 0.274201 0.066533 -0.958309 0.277879
-50.339011 -111.671148 -9285.313560 11647.523756 0.492285 0.095120 0.865221 0.669867 0.593328 -0.446363 -0.555818 0.799321 0.228369
10.044081 -219.533816 10688.072021 98408.351793 0.095439 -0.273705 0.957067 0.700590 0.701483 0.130749 -0.707153 0.658033 0.258704
-70.951272 -98.651855 21773.990375 5318.286905 -0.389698 -0.580309 0.715106 0.708784 0.306795 0.635218 -0.588014 0.754399 0.291757
-5.205003 -252.527461 7808.711845 95497.061825 0.352934 -0.011536 0.935577 0.654765 0.717331 -0.238157 -0.668371 0.696637 0.260725
-9.099570 -24.541441 -2908.075931 2110.209325 0.247943 0.486098 0.837993 -0.168665 0.873453 -0.456763 -0.953979 -0.028089 0.298554
-11.295157 -19.695572 -1434.192360 2502.401738 0.251971 0.612419 0.749302 -0.160219 0.789999 -0.591804 -0.954380 0.029065 0.297178
-5.385849 -20.793472 -2331.634435 1834.737869 0.226401 0.571453 0.788786 -0.146563 0.820580 -0.552420 -0.962944 0.009462 0.269534
-16.099863 -23.173660 -1651.440481 2860.732843 0.277976 0.580332 0.765469 -0.191343 0.814359 -0.547912 -0.941338 0.005839 0.337415
-3.192295 -26.423122 -2347.027972 1894.768656 0.226251 0.507936 0.831151 -0.174791 0.860598 -0.478351 -0.958258 -0.037051 0.283494
-14.100270 -29.467374 -3237.292834 2853.549293 0.280817 0.414359 0.865707 -0.193095 0.907950 -0.371943 -0.940136 -0.062716 0.334979
-6.415092 -31.824427 -2919.464773 2453.085357 0.245980 0.421487 0.872836 -0.205619 0.902699 -0.377961 -0.947214 -0.086500 0.308712
-23.851001 -47.896575 -280.455388 1523.365639 -0.715087 -0.650270 -0.256514 -0.494755 0.730042 -0.471441 0.493830 -0.210210 -0.843768
-21.697762 -43.399923 298.765715 1237.744992 0.648063 0.736958 0.192115 -0.655587 0.668199 -0.351731 0.387582 -0.101996 -0.916175
-22.978952 -43.907129 -604.788181 1057.365374 0.638854 0.729901 0.243123 -0.598175 0.670001 -0.439642 0.483788 -0.135437 -0.864642
8.983492 -169.722718 -1843.847302 -18929.953044 0.008666 0.950269 -0.311308 0.975441 0.060488 0.211791 0.220089 -0.305498 -0.926408
3.676786 -170.011640 -1152.215691 -2332.193857 0.016185 0.949255 -0.314090 0.965479 0.066841 0.251758 0.259977 -0.307322 -0.915404
8.005456 -188.240524 -1677.395463 1058.338858 0.015208 0.952795 -0.303235 -0.895766 -0.121766 -0.427524 0.444266 -0.278129 -0.851629
15.521781 -202.607914 -1848.209647 23339.081412 0.003216 0.966126 -0.258050 -0.915621 -0.100899 -0.389175 0.402029 -0.237527 -0.884281
3.283880 -181.031984 -3971.573490 3947.720320 0.721757 0.429677 -0.542628 -0.008000 0.789104 0.614207 0.692101 -0.438967 0.572978
-17.350378 -234.654529 -9988.690203 26606.323293 0.757622 0.373600 -0.535193 -0.177640 -0.670996 -0.719867 0.628055 -0.640459 0.441995
-7.523526 -211.193685 -3820.698817 44751.877991 0.722561 0.414308 -0.553403 -0.215812 0.895695 0.388787 0.656758 -0.161491 0.736607
-51.174176 -74.281133 355.230668 5519.085811 -0.010669 -0.980032 0.198555 0.999489 -0.004470 0.031644 -0.030125 0.198792 0.979579
70.584748 -100.143403 -8160.945468 -874.707233 -0.236231 0.967598 0.089156 -0.203810 0.040373 -0.978178 0.950082 0.249247 -0.187668
-44.325157 -72.186045 -4021.521345 -3937.097960 0.104003 0.993899 0.036719 -0.207755 0.057815 -0.976471 0.972636 -0.093928 -0.212500
8.475198 -42.036528 -236.779126 -4038.537669 -0.422994 -0.827634 0.368914 0.890290 -0.303798 0.339249 -0.168699 0.471941 0.865339
10.385249 -48.432998 -658.726817 -4443.384747 -0.441251 -0.822756 0.358287 0.891359 -0.355655 0.281048 -0.103808 0.443375 0.890305
12.673326 -51.113074 -830.822207 -5213.807828 -0.475970 -0.814017 0.332909 0.875101 -0.400718 0.271337 -0.087471 0.420477 0.903077
37.840445 -66.151119 3961.026967 3056.114610 0.289354 0.897202 0.333620 0.265470 0.259642 -0.928500 0.919674 -0.357231 0.163052
37.526373 -80.627194 -4481.893856 7524.197342 0.395182 0.865667 0.307330 0.285273 0.202368 -0.936838 0.873184 -0.457894 0.166979
28.168815 -87.472366 -8070.018894 10185.865023 0.443273 0.861062 0.249160 0.318360 0.108611 -0.941728 0.837947 -0.496765 0.225983
-26.537370 -30.730600 3327.769409 272.295185 0.158616 0.971897 0.173947 0.884717 -0.218117 0.411948 -0.438311 -0.088552 0.894450
-25.688346 -29.909149 3499.443897 717.382205 -0.046050 0.996432 0.070734 0.929562 0.016816 0.368281 -0.365778 -0.082711 0.927020
-20.263637 -30.717607 3069.589968 701.477961 0.023970 0.998530 0.048619 0.931474 -0.039967 0.361607 -0.363018 -0.036619 0.931062
-4.513170 -64.997248 433.461719 3001.670858 -0.130144 -0.930832 -0.341489 0.984530 -0.080572 -0.155590 0.117314 -0.356456 0.926918
7.128890 -103.810975 341.062115 -495.774605 -0.012372 0.938755 0.344363 0.411754 0.318618 -0.853780 0.911211 -0.131230 0.390478
5.630390 -105.989487 1263.358521 2825.372409 -0.054759 0.941035 0.333849 0.225355 0.337371 -0.914000 0.972737 -0.025185 0.230541
7.047504 -103.703712 641.162054 9310.486675 -0.027320 0.940377 0.339034 0.152107 0.339122 -0.928364 0.987986 -0.026206 0.152303
-6.337321 -21.969501 -658.160714 1807.604125 0.343620 0.934031 0.097529 -0.638755 0.308587 -0.704816 0.688416 -0.179892 -0.702654
-5.335646 -16.349390 -357.401258 1151.282755 0.460637 0.860093 0.219209 -0.602676 0.484396 -0.634147 0.651609 -0.160000 -0.741488
-9.284002 -21.665851 -1463.758447 1320.187373 0.361498 0.923259 0.130045 -0.646151 0.348628 -0.678931 0.672167 -0.161403 -0.722593
-4.938240 -16.213266 443.053458 1532.435119 0.395639 0.906817 0.145439 -0.632457 0.383844 -0.672802 0.665934 -0.174203 -0.725387
-10.341651 -29.496989 -1025.936668 3096.360897 0.213746 0.976375 -0.031696 -0.665057 0.121674 -0.736814 0.715550 -0.178571 -0.675353
-6.826596 -29.125741 -930.967793 3007.998754 0.277928 0.960592 0.004407 -0.630654 0.185924 -0.753464 0.724591 -0.206629 -0.657474
-3.856132 -21.415220 -512.718087 1778.359861 0.342980 0.936241 0.076273 -0.629022 0.289220 -0.721583 0.697635 -0.199511 -0.688113
-11.074106 -43.474017 -273.222095 -219.848927 0.203493 0.969578 0.136049 0.911686 -0.136987 -0.387380 0.356958 -0.202863 0.911826
11.096965 -122.735907 -69.155453 1718.582451 0.774204 -0.260617 0.576791 -0.632840 -0.334664 0.698222 -0.011063 0.905582 0.424027
11.000272 -121.722188 347.931512 1356.252300 0.769622 -0.293320 0.567138 -0.638347 -0.334070 0.693477 0.013947 0.895746 0.444347
11.044978 -119.105881 307.438048 3066.416401 0.775417 -0.271455 0.570124 -0.615739 -0.525201 0.587392 -0.139979 0.806521 0.574395
11.436772 -124.373312 -334.682799 153.741600 0.770088 -0.266358 0.579670 -0.623874 -0.124701 0.771512 0.133213 0.955774 0.262205
10.202133 -119.602496 -564.160487 2405.158224 0.775210 -0.238616 0.584903 -0.610414 -0.521307 0.596350 -0.162615 0.819330 0.549777
9.999869 -122.385096 -800.628689 1624.248087 0.772592 -0.228964 0.592180 -0.633604 -0.337671 0.696078 -0.040585 0.912992 0.405955
10.050259 -124.034344 -706.581575 797.112697 0.772649 -0.234472 0.589946 -0.627192 -0.138191 0.766507 0.098199 0.962250 0.253833
-4.855767 -109.924551 -390.830888 1186.936989 0.289364 0.956409 0.039382 -0.389205 0.155143 -0.907993 0.874522 -0.247412 -0.417131
51.179402 -107.577545 -14233.771489 -7163.355899 0.873224 -0.061848 0.483378 -0.162729 0.897969 0.408866 -0.459346 -0.435691 0.774064
67.587646 -104.402678 -14156.035801 6852.639313 0.902207 0.029623 0.430284 0.218320 -0.891752 -0.396376 -0.371965 -0.451553 0.811013
31.857793 -112.975642 -8649.944025 -4996.088381 0.852104 -0.134001 0.505927 -0.106970 0.901671 0.418982 -0.512324 -0.411135 0.753984
36.786272 -114.787031 -8540.177397 8753.137124 0.879131 -0.081279 0.469598 -0.022858 0.977024 0.211899 -0.476032 -0.197021 0.857074
42.657688 -102.536255 -12804.426870 22256.270793 0.844171 -0.138752 0.517806 0.234069 -0.773578 -0.588887 -0.482273 -0.618324 0.620555
63.846275 -100.023606 -17421.927890 21157.749879 0.868493 -0.063652 0.491598 0.273483 -0.765605 -0.582285 -0.413434 -0.640154 0.647515
6.888279 -141.911052 852.783646 6320.323305 0.838137 -0.120621 0.531956 -0.544756 -0.234640 0.805100 -0.027707 0.964570 0.262370
-4.135505 -199.927293 685.954772 -15823.960605 0.868492 0.118357 0.481366 0.489254 -0.048540 -0.870789 0.079699 -0.991784 0.100063
-6.618126 -203.388379 -17.139928 -10157.450723 0.871197 0.103319 0.479938 0.463254 0.150605 -0.873335 0.162513 -0.983180 -0.083344
-6.238538 -213.064539 1156.284642 -13289.352531 0.858163 0.116785 0.499917 0.470170 0.212231 -0.856679 0.206145 -0.970216 -0.127219
1.965785 -11.118794 2789.691216 -471.139329 0.162665 0.706786 0.688472 -0.783384 0.516735 -0.345390 0.599874 0.483156 -0.637739
-4.009170 -9.124391 -1248.076603 -1323.715682 -0.416480 -0.500744 -0.758815 -0.680610 0.725092 -0.104933 0.602755 0.472755 -0.642798
-0.766116 -9.132960 -3096.808439 1042.700939 -0.363942 -0.534558 -0.762754 -0.728081 0.674005 -0.124963 0.580900 0.509867 -0.634500
17.597495 -554.822486 15053.980539 -147195.593672 0.827979 -0.235776 0.508783 -0.431146 -0.847813 0.308749 -0.358557 0.474997 0.803626
41.362290 -4582.048690 -44895.625605 2595255.378394 0.715347 -0.125494 0.687408 0.510103 -0.578549 -0.636456 -0.477571 -0.805936 0.349849
74.015928 -3969.216195 176982.396853 -2099062.519406 -0.685410 0.177886 -0.706095 0.726412 0.099948 -0.679953 -0.050381 -0.978962 -0.197724
-214.496165 -5858.333384 -58045.410086 -6801636.797786 0.710112 -0.200179 0.675033 0.699148 0.087097 -0.709652 -0.083264 -0.975880 -0.201804
23.088335 -1852.383706 -37349.437310 705675.573476 0.685128 -0.198428 0.700875 0.640579 -0.293942 -0.709406 -0.346783 -0.935000 0.074280
-38.031905 -5420.395973 -27482.074403 9053122.385666 0.816158 -0.143585 0.559704 0.453705 -0.440588 -0.774619 -0.357823 -0.886152 0.294444
-46.925568 -2425.336937 -23944.752288 982743.426304 0.757037 -0.229830 0.611615 0.016199 0.942405 0.334081 -0.653171 -0.243004 0.717159
116.666750 -6937.252748 34160.652646 9463987.261463 0.758794 -0.290455 0.582981 0.196765 0.955465 0.219930 -0.620898 -0.052171 0.782153
-121.292481 -4539.049576 14133.169464 3062411.424005 0.744362 -0.215496 0.632050 -0.171795 0.852843 0.493098 -0.645300 -0.475627 0.597802
-11.730384 -33.169239 291.378515 1550.903083 -0.248240 0.861322 0.443285 -0.562928 0.244145 -0.789624 0.788346 0.445553 -0.424256
-9.191022 -29.345430 588.048083 1984.692479 -0.260726 0.870300 0.417852 -0.616797 0.182803 -0.765601 0.742687 0.457342 -0.489136
-5.223024 -27.541894 2061.125041 1876.248814 -0.375857 0.875662 0.303229 -0.574292 0.036700 -0.817827 0.727269 0.481529 -0.489092
22.984579 -46.006137 -3826.859181 4288.324666 0.707473 -0.038916 0.705668 0.129621 0.988691 -0.075428 -0.694752 0.144833 0.704516
13.540100 -47.562956 -5950.435236 4235.536609 0.660743 -0.097614 0.744238 0.197794 0.979107 -0.047184 -0.724083 0.178382 0.666246
19.551638 -38.536111 -3185.989138 4175.827940 0.709489 -0.081044 0.700041 0.215797 0.970631 -0.106339 -0.670863 0.226513 0.706140
25.068255 -38.145804 -444.354690 4457.866382 0.765829 -0.021546 0.642683 0.147493 0.978679 -0.142944 -0.625901 0.204262 0.752678
28.335383 -45.090407 -1092.967932 3333.463676 0.756271 -0.009313 0.654192 0.083945 0.993016 -0.082906 -0.648851 0.117615 0.751770
-1129.272971 -2880.311832 -692341.819050 2219728.173645 -0.148577 -0.564783 0.811754 0.983361 0.002383 0.181644 -0.104524 0.825236 0.555032
-1849.960396 -20786.162288 -936055.250366 14148210.064866 0.421914 -0.246550 0.872469 0.636364 0.765969 -0.091283 -0.645778 0.593721 0.480068
-956.971546 -1040.201512 -449069.180278 -447821.980582 -0.662693 -0.614209 0.428468 0.734221 -0.420179 0.533263 -0.147502 0.667979 0.729415
33.716012 -81.324788 -2473.235768 20257.427481 0.080168 0.909792 0.407249 -0.673083 -0.251940 0.695331 -0.735209 0.329856 -0.592168
39.118367 -89.342605 -6391.923570 37976.499801 0.065862 0.961756 0.265872 -0.652712 -0.160013 0.740515 -0.754737 0.222310 -0.617211
48.332470 -300.759044 -6496.761671 148726.231912 0.069109 0.901559 0.427101 -0.695033 -0.263609 0.668910 -0.715649 0.343076 -0.608396
-39.215049 -58.972104 -129.339702 687.586499 -0.482141 0.164593 0.860494 0.626842 0.750987 0.207577 -0.612054 0.639475 -0.465255
-39.382782 -56.992158 -71.385087 405.291319 -0.518614 0.196537 0.832113 0.711739 0.638520 0.292778 -0.473779 0.744087 -0.471029
-41.130533 -56.350911 2005.700227 1688.971642 -0.586145 0.245189 0.772215 0.715936 0.602945 0.351983 -0.379301 0.759170 -0.528954
48.846610 -73.657398 8654.002601 10964.437111 0.813072 0.376744 0.443822 -0.277499 -0.419374 0.864361 -0.511770 0.825948 0.236435
45.156148 -55.932820 9121.577540 9542.086232 0.872947 0.285819 0.395311 -0.215095 -0.501812 0.837806 -0.437833 0.816390 0.376577
39.729486 -36.392172 16512.786805 4823.006614 0.871615 0.254968 0.418663 -0.207186 -0.582423 0.786039 -0.444253 0.771865 0.454823
26.573331 5.018703 -9219.075325 -4959.265745 -0.658346 -0.052490 -0.750883 -0.223795 0.966104 0.128680 0.718677 0.252760 -0.647778
29.020799 0.121236 -9261.454112 -3060.334081 -0.661069 -0.068963 -0.747149 -0.236093 0.964307 0.119885 0.712214 0.255649 -0.653755
10.720231 3.883867 -6177.436398 -687.517167 -0.686665 0.279739 -0.670997 -0.000939 0.922658 0.385617 0.726974 0.265420 -0.633294
43.434335 4.903666 -10331.599528 -4940.123320 -0.701042 -0.051520 -0.711256 -0.214029 0.966606 0.140939 0.680243 0.251034 -0.688659
28.632580 8.297988 -10223.733685 -3712.850042 -0.684523 0.106434 -0.721180 -0.118664 0.959821 0.254287 0.719269 0.259643 -0.644390
-2.355588 -49.427210 -254.443682 876.265176 0.254621 0.914753 -0.313680 0.966934 -0.236000 0.096658 0.014390 -0.327919 -0.944596
3.513229 -45.872477 -79.674872 637.301113 0.295918 0.902289 -0.313540 0.938230 -0.212932 0.272734 0.179322 -0.374880 -0.909565
-0.252886 -50.384157 -516.787903 1259.508302 0.170820 0.928827 -0.328786 0.984312 -0.145911 0.099196 0.044162 -0.340572 -0.939181
1.612271 -45.689923 207.339312 183.079898 0.397271 0.871801 -0.286600 0.907459 -0.326660 0.264218 0.136725 -0.365044 -0.920896
-3.741537 -53.543239 -566.473493 1145.610303 0.127291 0.935424 -0.329818 0.981095 -0.167613 -0.096735 -0.145770 -0.311269 -0.939075
-6.636963 -51.675681 -470.210977 889.370968 0.200206 0.927922 -0.314450 0.964153 -0.243642 -0.105109 -0.174146 -0.282134 -0.943437
