11354
22699
-37.043472 -54.121015 283.074148 4597.455231 -0.142921 0.600994 0.786371 -0.234762 0.751268 -0.616833 -0.961489 -0.272768 0.033719
-41.103158 -60.613900 -306.324419 -2655.142072 -0.197328 0.671453 0.714291 0.386246 -0.616433 0.686167 -0.901042 -0.411292 0.137706
-27.378074 -64.520095 2296.332009 -5438.928197 -0.135203 0.823740 0.550610 0.272664 -0.503324 0.819951 -0.952562 -0.260992 0.156553
-39.721526 -56.486873 525.231597 2375.309577 -0.098460 0.301621 0.948330 -0.445741 0.838651 -0.313016 -0.889731 -0.453529 0.051872
-29.016442 -50.405907 1941.765307 -5912.159410 -0.078495 0.739798 0.668235 0.106872 -0.660196 0.743452 -0.991170 -0.129773 0.027241
-30.119594 -40.580964 92.337454 2398.388907 -0.060304 0.043955 0.997212 -0.179181 0.982326 -0.054134 -0.981966 -0.181946 -0.051362
-34.817081 -47.320949 215.755381 3838.357915 -0.088274 0.087940 0.992207 -0.266284 0.957760 -0.108577 -0.959844 -0.273793 -0.061128
9.305885 -38.080241 -273.317522 2810.954467 -0.425008 -0.394916 -0.814500 0.826300 -0.536657 -0.170963 -0.369591 -0.745681 0.554402
7.414133 -34.936384 619.051401 2381.392976 -0.350750 -0.393918 -0.849590 0.859563 -0.495472 -0.125139 -0.371653 -0.774168 0.512384
11.428623 -45.740091 12.762942 2947.065772 -0.386647 -0.413380 -0.824391 0.792190 -0.606540 -0.067403 -0.472164 -0.679136 0.561992
11.890750 -46.302748 -942.575191 3592.195942 -0.446630 -0.409765 -0.795371 0.781417 -0.611627 -0.123692 -0.435786 -0.676761 0.593368
3.635384 -142.453491 1632.686024 -1546.444611 0.983917 0.155840 -0.087302 0.147983 -0.437414 0.887001 -0.100043 0.885654 0.453441
4.407484 -142.802514 823.128788 11866.141431 0.982874 0.170609 -0.069649 0.172596 -0.719856 0.672323 -0.064567 0.672830 0.736974
11.232690 -148.375728 2817.056958 -1291.245624 0.986999 0.147415 -0.064038 0.123488 -0.440520 0.889209 -0.102873 0.885557 0.452997
-0.511216 -142.185362 944.265355 7571.378533 0.979951 0.169742 -0.104321 0.188834 -0.624311 0.758009 -0.063537 0.762511 0.643847
3.551163 -144.372164 2164.625845 -12912.247644 0.986835 0.140971 -0.079270 0.095522 -0.112524 0.989047 -0.130507 0.983598 0.124509
-1.556677 -155.350949 1107.703591 -12307.082579 0.980613 0.169166 -0.098899 0.136285 -0.226129 0.964516 -0.140799 0.959296 0.244800
-1.222843 -37.632814 -115.248229 -175.424827 -0.196194 0.177003 0.964457 0.036603 0.984210 -0.173182 -0.979882 0.001324 -0.199575
0.450266 -39.762748 -56.652107 -418.741250 -0.190399 0.169386 0.966983 0.212061 0.968843 -0.127957 -0.958529 0.180696 -0.220387
-0.033892 -38.292200 -494.093006 -297.478565 -0.203650 0.140234 0.968948 0.018787 0.990066 -0.139341 -0.978863 -0.010173 -0.204262
-2.425117 -37.073217 -576.267407 63.395738 -0.210330 0.148021 0.966360 -0.148393 0.972184 -0.181211 -0.966303 -0.181515 -0.182514
41.701215 -67.611789 478.949713 -1138.067657 -0.202887 0.448309 0.870549 0.954481 0.289048 0.073596 -0.218637 0.845855 -0.486547
32.268093 -70.028221 -868.249777 -2993.032548 -0.160345 0.516369 0.841221 0.915613 0.396156 -0.068648 -0.368703 0.759226 -0.536316
42.217300 -71.057000 -1393.598684 -1116.846861 -0.116426 0.617791 0.777676 0.977918 0.208128 -0.018934 -0.173553 0.758299 -0.628380
50.779448 -65.547689 1422.019063 4225.719372 -0.209357 0.468650 0.858217 0.977749 0.112254 0.177217 -0.013285 0.876222 -0.481724
29.597472 -78.378056 -1495.032077 -1590.142906 0.013549 0.748916 0.662527 0.953945 0.188898 -0.233038 -0.299676 0.635171 -0.711865
43.008413 -79.520954 -1944.418076 1648.268366 -0.015233 0.738397 0.674194 0.996446 0.067076 -0.050950 -0.082844 0.671022 -0.736795
57.033063 -70.003416 -434.751318 4272.855097 -0.133768 0.615532 0.776676 0.989803 0.044275 0.135387 0.048948 0.786867 -0.615178
-5.258391 -82.508648 -13.512577 -3921.251931 0.247916 0.838295 0.485592 -0.087045 -0.479937 0.872974 -0.964863 0.258693 0.046015
-4.453658 -88.451533 143.285290 -2832.236723 0.252945 0.839465 0.480955 0.191821 -0.530767 0.825525 -0.948274 0.116555 0.295282
-5.198152 -83.576404 249.964776 -3196.765013 0.283477 0.817038 0.502085 -0.028240 -0.516223 0.855989 -0.958563 0.256832 0.123264
-3.771375 -82.645820 -292.128515 -3973.237495 0.222768 0.857412 0.463917 -0.023661 -0.470980 0.881827 -0.974584 0.207420 0.084632
-6.608945 -73.475877 168.323893 -1518.228264 0.280138 0.817079 0.503890 -0.272944 -0.435447 0.857839 -0.920339 0.377847 -0.101031
-6.116838 -70.516299 -201.571258 -1413.434580 0.244820 0.846782 0.472253 -0.314300 -0.391462 0.864854 -0.917212 0.360163 -0.170307
-4.811947 -73.739991 -459.540475 -2225.016203 0.217306 0.863317 0.455480 -0.270652 -0.395043 0.877889 -0.937830 0.314047 -0.147813
-10.348338 -79.563302 -694.832535 209.228437 0.335960 0.857985 0.388577 0.941876 -0.305933 -0.138830 -0.000236 0.412633 -0.910897
-12.300487 -77.763579 -378.840289 -880.663182 0.319392 0.835663 0.446828 0.947612 -0.279394 -0.154825 -0.004541 0.472870 -0.881121
-11.042258 -77.250514 -798.554089 945.515003 0.353409 0.852555 0.385034 0.915567 -0.399681 0.044620 0.191932 0.336755 -0.921823
12.011237 -37.601501 -1867.192359 2062.106932 0.712755 0.276365 0.644672 0.657625 -0.582960 -0.477166 -0.243946 -0.764055 0.597252
10.145157 -29.926373 -1566.756031 950.972416 0.771352 0.235998 0.591033 0.614065 -0.519919 -0.593808 -0.167152 -0.820968 0.545959
7.751640 -30.663750 -874.394909 2174.867279 0.706696 0.273645 0.652456 0.676409 -0.531748 -0.509622 -0.207487 -0.801475 0.560880
11.128048 -40.977622 1617.305606 3289.056386 -0.652732 -0.299523 -0.695864 0.694933 -0.602485 -0.392530 -0.301676 -0.739796 0.601410
-3.912469 -70.322133 867.166554 -2348.547379 0.978622 0.184751 -0.090367 -0.078661 0.742201 0.665545 -0.190031 0.644209 -0.740867
-2.162549 -66.466070 718.809607 -481.324334 0.979774 0.169029 -0.107103 -0.081524 0.825980 0.557774 -0.182745 0.537761 -0.823054
-4.388979 -71.153362 -151.983962 -2796.910427 0.969470 0.220353 -0.107575 -0.102473 0.762634 0.638662 -0.222771 0.608140 -0.761931
-2.299625 -70.078540 881.822897 -1347.204546 0.982690 0.159105 -0.094896 -0.062340 0.766372 0.639365 -0.174452 0.622382 -0.763025
-5.074246 -79.768032 -198.676454 -3822.174406 0.968076 0.236183 -0.083944 -0.097000 0.661800 0.743379 -0.231128 0.711505 -0.663582
-3.736468 -77.025872 797.497695 -3393.381371 0.976848 0.199086 -0.078306 -0.072467 0.652323 0.754469 -0.201285 0.731327 -0.651648
-6.935766 -267.017283 -2169.437895 42467.185399 0.990876 0.116492 0.067780 -0.103829 0.980443 -0.167187 0.085930 -0.158624 -0.983593
-7.458725 -240.863262 -1090.109762 19217.586402 0.992444 0.111781 0.050602 -0.058367 0.792831 -0.606641 0.107930 -0.599103 -0.793364
-7.563696 -227.072655 344.336024 19549.212133 0.988470 0.128987 0.079306 -0.097564 0.943102 -0.317867 0.115794 -0.306465 -0.944813
-8.422369 -258.095470 -410.482711 33723.470265 0.982912 0.179089 0.042559 -0.147558 0.904790 -0.399478 0.110049 -0.386371 -0.915755
-8.485227 -205.121375 -248.028158 19778.633771 0.990437 0.095996 0.099093 -0.107502 0.987156 0.118183 0.086475 0.127706 -0.988035
-6.910679 -245.737266 40.169106 40172.927969 -0.978036 -0.184558 -0.096867 -0.187870 0.981845 0.026190 0.090274 0.043813 -0.994953
-5.700160 -160.825606 -1574.785960 12135.025948 0.988107 0.137001 0.069825 -0.147099 0.974460 0.169675 0.044796 0.177928 -0.983023
-18.801488 -729.326811 5803.582994 -154653.769882 0.833477 0.368748 -0.411511 0.545509 -0.667681 0.506579 0.087959 0.646704 0.757652
-46.532640 -118.812445 -8222.560439 -37475.648198 -0.595255 -0.614984 0.517172 0.777855 -0.279594 0.562823 -0.201529 0.737307 0.644798
-50.539588 -314.867097 3162.849453 -73016.946889 0.810679 0.511553 -0.284805 0.557319 -0.525146 0.643130 -0.179431 0.680099 0.710823
41.183602 -22.754232 1245.664287 643.488385 0.219619 0.856416 0.467246 0.933647 -0.045589 -0.355280 -0.282967 0.514269 -0.809603
41.472023 -24.218012 -1653.332783 -367.188877 0.094348 0.906472 0.411591 0.967341 0.014229 -0.253080 -0.235266 0.422026 -0.875525
34.116483 -19.780326 2450.738054 817.281632 0.200278 0.817420 0.540105 0.958463 -0.049207 -0.280939 -0.203068 0.573936 -0.793322
-19.499362 -42.732207 -623.183326 -361.849015 0.726336 -0.027632 -0.686784 0.596122 0.522725 0.609423 -0.342160 0.852053 -0.396146
-20.226771 -43.379000 424.473265 -201.819377 0.759101 -0.101566 -0.643001 0.614183 0.439098 0.655723 -0.215741 0.892680 -0.395700
-20.664383 -42.568908 580.630668 -558.243155 0.762396 -0.093162 -0.640370 0.552363 0.609219 0.568988 -0.337117 0.787511 -0.515925
14.784979 -114.825120 1216.427981 2450.273554 0.156314 0.672072 0.723799 0.916013 0.175457 -0.360743 -0.369441 0.719398 -0.588200
9.266242 -105.048995 1095.644570 -2755.973533 0.228077 0.656165 0.719325 0.891525 0.156220 -0.425180 -0.391361 0.738270 -0.549358
16.973949 -104.471550 1631.492697 3390.013123 0.183571 0.661743 0.726909 0.822177 0.301974 -0.482531 -0.538819 0.686227 -0.488637
7.048447 -121.725040 1133.675895 -4916.721052 0.222756 0.644615 0.731335 0.961751 -0.022635 -0.272988 -0.159418 0.764172 -0.625001
26.585465 -135.846204 2094.129331 -9814.854504 0.040007 0.668541 0.742599 -0.770613 -0.452440 0.448835 -0.636046 0.590213 -0.497086
13.015879 -127.679093 173.819944 3839.411104 0.090869 0.709058 0.699270 0.962156 0.118630 -0.245321 -0.256902 0.695099 -0.671445
10.440586 -119.948842 1056.027368 -1237.644608 0.150956 0.675516 0.721728 0.971338 0.034251 -0.235223 -0.183617 0.736550 -0.650984
-33.522897 -298.646440 -6020.285621 -55670.531982 0.947001 0.308424 -0.089798 -0.081227 0.500374 0.861991 -0.310791 0.809012 -0.498907
-24.445959 -355.916673 -4836.998438 -95090.876958 0.954630 0.240787 -0.175225 -0.080775 0.775716 0.625891 -0.286631 0.583341 -0.759971
-18.141163 -665.784027 -7595.769726 -142985.297890 0.914770 0.392482 -0.095677 -0.239946 0.718414 0.652922 -0.324995 0.574316 -0.751358
-8.623146 -288.596259 -3444.351589 -47475.214945 0.941065 0.330794 -0.070517 -0.047827 0.336543 0.940453 -0.334828 0.881654 -0.332530
-21.870110 -205.721407 -5247.504838 9102.741512 0.945609 0.315979 -0.077341 0.090017 -0.025696 0.995609 -0.312604 0.948418 0.052742
-55.750118 -221.920333 -9801.321275 21030.290732 0.964979 0.257089 -0.052170 0.087810 -0.129159 0.987728 -0.247196 0.957718 0.147211
-7.646401 -67.296913 -304.679125 -7343.477119 -0.043456 0.006453 -0.999035 0.887528 -0.458874 -0.041569 -0.458699 -0.888478 0.014214
-12.023216 -64.963132 -1638.723985 -1802.662397 -0.047811 -0.058128 -0.997164 0.972953 -0.228587 -0.033325 -0.226002 -0.971787 0.067484
-8.884034 -61.932431 -1735.881874 -5612.677437 -0.011281 -0.086990 -0.996145 0.864615 -0.501285 0.033984 -0.502309 -0.860899 0.080867
9.100870 -68.114422 7720.538716 4659.664258 0.119838 0.063142 -0.990783 0.960571 -0.259568 0.099641 -0.250884 -0.963658 -0.091759
-7.194297 -70.539150 1651.267001 14824.917956 0.025107 -0.006997 0.999660 -0.699805 0.713978 0.022573 -0.713893 -0.700134 0.013029
6.452442 -60.341354 3339.539672 -9863.656393 0.100768 -0.018495 -0.994738 0.808646 -0.580943 0.092718 -0.579601 -0.813734 -0.043585
12.902535 -19.382573 514.799084 2376.955800 0.987318 -0.101916 -0.121722 -0.158337 -0.576580 -0.801551 -0.011508 -0.810659 0.585405
9.727896 -13.130034 -249.659598 3721.930786 0.988827 -0.120170 -0.088206 -0.136888 -0.497740 -0.856456 -0.059016 -0.858961 0.508629
11.851969 -19.395253 -1224.331501 2012.165414 0.992305 -0.121372 -0.024474 -0.092264 -0.593038 -0.799871 -0.082568 -0.795974 0.599673
17.557404 -28.547892 -335.182856 1731.111744 0.992008 -0.113014 -0.056115 -0.116911 -0.655953 -0.745693 -0.047465 -0.746293 0.663923
-10.397351 -32.073120 1333.676682 1993.519113 0.397454 -0.145957 -0.905940 0.319279 0.947577 -0.012591 0.860285 -0.284244 0.423219
-16.788075 -45.792897 187.463893 5979.893897 0.260116 -0.500870 -0.825511 0.530970 0.788270 -0.310967 0.806480 -0.357434 0.470989
-10.480817 -31.507256 1299.983164 3477.017365 0.304304 -0.285542 -0.908771 0.437364 0.889395 -0.133001 0.846234 -0.356991 0.395532
-4.004040 -25.421256 2469.994293 3011.687330 0.254676 -0.267370 -0.929329 0.484353 0.867052 -0.116719 0.836984 -0.420398 0.350319
-4.331560 -18.935925 1392.504594 353.097444 0.432645 0.127781 -0.892463 0.260780 0.929852 0.259555 0.863025 -0.345032 0.368973
1.205207 -29.352614 2994.033589 -1352.106248 0.446945 0.105330 -0.888339 0.198864 0.956497 0.213465 0.872178 -0.272065 0.406555
11.918220 -33.089049 3136.103433 -985.048980 -0.104023 0.950385 0.293169 0.241016 0.310071 -0.919656 0.964930 0.025007 0.261312
11.550808 -36.456046 3001.207232 -961.324323 -0.116910 0.921909 0.369345 0.107950 0.381488 -0.918049 0.987258 0.067459 0.144120
13.070234 -37.490238 407.429109 -780.150010 -0.022490 0.935117 0.353625 0.209125 0.350290 -0.912997 0.977630 -0.053418 0.203435
1.091991 -29.886332 4320.093621 -1064.676436 -0.148688 0.948259 0.280530 0.189264 0.305728 -0.933118 0.970603 0.085649 0.224930
15.336518 -32.827462 -86.692090 -703.725654 -0.012837 0.952967 0.302803 0.334560 0.289468 -0.896816 0.942287 -0.089793 0.322540
1.121104 -26.299385 3304.000741 -728.405559 -0.086214 0.992748 0.083779 0.326172 0.107583 -0.939169 0.941371 0.053643 0.333082
14.185270 -28.507434 2749.475083 -665.488438 -0.078875 0.978263 0.191784 0.368661 0.207368 -0.906139 0.926212 0.000768 0.377003
21.715861 -42.391998 -2044.405622 -999.292726 0.483470 -0.794283 -0.367928 0.866324 0.494401 0.071068 0.125456 -0.353104 0.927135
28.720373 -52.497751 -283.437214 6777.213445 0.475512 -0.739961 -0.475758 0.860768 0.502983 0.078018 0.181568 -0.446616 0.876109
24.425621 -49.362433 -1934.492867 7773.823640 0.458735 -0.795573 -0.395760 0.881578 0.463265 0.090586 0.111274 -0.390448 0.913875
30.058362 -83.424093 -1917.928692 10986.645737 0.429684 -0.783861 -0.448256 0.902850 0.364551 0.227957 -0.015275 -0.502657 0.864351
16.058277 -41.480021 -2549.898646 -1911.498463 0.466089 -0.839779 -0.278447 0.883234 0.459996 0.091113 0.051570 -0.288400 0.956120
22.183096 -80.065104 -2306.646674 13964.384690 0.392903 -0.822897 -0.410448 0.919394 0.360488 0.157359 0.018472 -0.439191 0.898204
18.118536 -48.146337 -1904.175122 6814.419238 0.464125 -0.822931 -0.327676 0.884366 0.451331 0.119149 0.049839 -0.345086 0.937247
-4.773324 -18.520649 1428.518031 -2413.344331 -0.017648 0.951772 0.306298 0.985383 0.068471 -0.155987 -0.169436 0.299068 -0.939068
-0.947415 -12.712089 522.280247 -2363.673713 -0.078629 0.948147 0.307954 0.977041 0.134650 -0.165105 -0.198010 0.287901 -0.936966
-1.903325 -21.836552 -250.128285 -2439.289789 -0.120442 0.946123 0.300574 0.981212 0.159428 -0.108656 -0.150722 0.281840 -0.947549
-5.373153 -9.400999 1854.430927 -2723.866628 0.156637 0.950879 0.267010 0.963671 -0.087925 -0.252205 -0.216340 0.296814 -0.930107
-4.587863 -26.434611 320.236386 -2299.015449 -0.092111 0.949556 0.299766 0.990715 0.117625 -0.068173 -0.099994 0.290703 -0.951574
-9.171396 -23.823296 2394.215205 -2182.677699 0.031472 0.950296 0.309754 0.992871 0.005923 -0.119048 -0.114966 0.311292 -0.943334
-0.728031 -52.443655 305.925214 -2137.126925 -0.246753 0.953788 0.171470 -0.840648 -0.298699 0.451762 -0.482103 0.032672 -0.875505
-0.691478 -51.150802 -38.580390 -1587.318580 -0.218949 0.965422 0.141501 -0.829975 -0.260522 0.493224 -0.513033 0.009452 -0.858317
0.547628 -54.287973 296.554693 -730.215405 -0.219731 0.963197 0.154823 -0.742335 -0.268051 0.614075 -0.632975 -0.020001 -0.773914
-7.269279 -93.706053 336.608954 3677.749003 -0.141590 0.989924 0.001373 0.183904 0.024941 0.982628 -0.972693 -0.139382 0.185582
-8.151541 -94.498467 333.047400 85.632518 -0.142905 0.989631 0.014435 -0.050819 -0.021902 0.998468 -0.988431 -0.141953 -0.053422
-7.423023 -90.293183 -55.607675 3697.927514 -0.188933 0.981761 -0.021182 0.179689 0.055770 0.982141 -0.965410 -0.181753 0.186949
-6.012379 -84.311532 -87.896908 3081.067891 -0.191163 0.980939 -0.034868 0.375742 0.105949 0.920648 -0.906793 -0.162892 0.388834
2.023403 -61.059947 -299.491533 -2133.197316 -0.204803 0.973496 -0.101790 0.938794 0.224795 0.261024 -0.276987 0.042101 0.959951
2.746318 -59.546436 -285.038333 1252.585790 -0.223448 0.967596 -0.117596 0.878036 0.252200 0.406752 -0.423229 0.012366 0.905938
4.216700 -63.145671 -584.357402 -1258.869699 -0.185513 0.976880 -0.106260 0.944761 0.207051 0.254080 -0.270207 0.053256 0.961328
2.656371 -71.550321 -626.531348 -5069.387204 -0.176447 0.980508 -0.086438 0.979267 0.183743 0.085294 -0.099514 0.069596 0.992599
71.727524 -32.823735 -4746.947601 -307.684322 0.390619 0.912497 0.121520 0.863394 -0.408950 0.295484 -0.319323 0.010502 0.947588
61.159484 -34.245077 -9917.618812 -412.830502 -0.490215 -0.859893 0.142386 0.854819 -0.442415 0.271207 -0.170215 0.254664 0.951931
50.359058 -31.095488 -2289.491343 21.084050 0.437812 0.893512 0.099783 0.880461 -0.448565 0.153551 -0.181959 -0.020629 0.983090
46.352838 -31.061335 -8490.156575 210.348572 0.317479 0.913285 0.255180 0.916504 -0.364590 0.164604 -0.243367 -0.181615 0.952779
29.756147 -29.043004 5248.434610 297.035882 -0.370754 -0.903832 -0.213609 0.923157 -0.383810 0.021705 -0.101603 -0.189147 0.976678
33.524157 -28.613781 3105.997080 1206.803028 -0.481902 -0.867131 -0.125913 0.875447 -0.482530 -0.027506 -0.036906 -0.123485 0.991660
1.672738 -95.833311 783.908471 1444.976211 -0.322030 0.897077 0.302572 0.942156 0.335043 0.009397 -0.092944 0.288096 -0.953080
1.593620 -92.080335 348.812492 3353.060018 -0.300062 0.905732 0.299354 0.948431 0.249647 0.195334 0.102187 0.342529 -0.933934
1.954676 -100.393455 29.278566 1220.017328 -0.316508 0.898998 0.302697 0.943785 0.330519 0.005218 -0.095356 0.287333 -0.953072
0.815247 -103.588777 607.698399 1038.185940 -0.338168 0.886365 0.316228 -0.891769 -0.409164 0.193216 -0.300649 0.216663 -0.928799
1.729525 -100.046973 1198.549420 1783.855004 -0.325166 0.894521 0.306756 -0.896680 -0.394693 0.200456 -0.300387 0.209881 -0.930440
-1.163557 -73.398810 75.835096 -749.640104 -0.253810 0.920692 0.296491 -0.700890 0.036182 -0.712351 0.666584 0.388610 -0.636120
0.821652 -78.321890 713.658034 -3438.723439 -0.295641 0.910170 0.290150 -0.832825 -0.096776 -0.545011 0.467973 0.402772 -0.786624
1.685324 -67.568939 56.868499 -1286.895782 -0.289109 0.921203 0.260387 -0.776181 -0.066365 -0.627008 0.560321 0.383381 -0.734207
1.139750 -64.302249 413.218939 380.624682 -0.291843 0.914502 0.280205 -0.708322 -0.009780 -0.705822 0.642735 0.404464 -0.650616
3.462264 -67.948907 565.340382 -581.239813 -0.328771 0.907741 0.260608 -0.763327 -0.092928 -0.639293 0.556095 0.409110 -0.723455
7.916070 -96.277770 -247.794356 13815.352758 -0.243720 0.907524 0.342054 -0.299962 0.264861 -0.916445 0.922292 0.325960 -0.207671
7.673314 -129.447618 -96.244279 22292.418912 -0.259894 0.895930 0.360228 -0.237175 0.302393 -0.923204 0.936057 0.325373 -0.133902
7.780661 -78.603854 108.562053 8468.479378 -0.266206 0.903291 0.336452 -0.354571 0.232810 -0.905582 0.896333 0.360367 -0.258306
5.747063 -107.104413 938.813908 14943.943207 -0.305745 0.884075 0.353458 -0.329742 0.249940 -0.910385 0.893191 0.394895 -0.215099
6.623058 -61.633334 624.214956 2894.470923 -0.291087 0.897723 0.330698 -0.471029 0.166386 -0.866284 0.832707 0.407932 -0.374421
81.262196 -1042.257274 9311.028954 -202622.885345 -0.100002 0.961320 0.256639 0.032867 -0.254600 0.966488 -0.994444 -0.105085 0.006135
17.872419 -679.829592 13968.160266 13586.145663 0.141238 0.950782 0.275801 0.405403 -0.309711 0.860074 -0.903161 0.009665 0.429192
20.755411 -570.063378 4980.314135 75290.619315 0.023269 0.971371 0.236424 0.727384 -0.178686 0.662559 -0.685836 -0.156554 0.710718
39.012504 -742.669232 -12529.441427 -90191.725604 -0.234164 0.899389 0.369144 0.556339 -0.187421 0.809544 -0.797280 -0.394935 0.456478
34.412000 -475.320164 -892.739065 42236.743060 0.203134 -0.897522 -0.391397 0.946839 0.078212 0.312056 -0.249466 -0.433979 0.865696
-1.225984 -27.900492 -1365.941328 623.350057 0.227731 0.971092 -0.071544 -0.867494 0.168966 -0.467873 0.442259 -0.168614 -0.880895
-5.959306 -27.466240 -636.147803 784.320882 0.120991 0.987042 -0.105400 -0.892808 0.061796 -0.446179 0.433884 -0.148085 -0.888715
-3.204223 -29.647829 -1827.509310 421.101780 0.239506 0.968199 -0.072305 -0.822361 0.162714 -0.545204 0.516101 -0.190040 -0.835179
4.892303 -30.404681 -2473.266204 457.184582 0.264283 0.962323 -0.063941 -0.817416 0.188315 -0.544397 0.511845 -0.196142 -0.836387
4.803282 -27.994257 -1712.401297 497.401241 0.241015 0.968115 -0.068305 -0.865603 0.182599 -0.466250 0.438911 -0.171498 -0.882012
11.619502 -27.948612 -2412.851403 1831.194361 0.990205 -0.129875 0.051248 -0.045710 -0.648378 -0.759945 -0.131926 -0.750159 0.647964
13.531514 -35.700318 -2344.841516 2172.663642 0.988276 -0.144345 0.049759 -0.067992 -0.707877 -0.703056 -0.136706 -0.691430 0.709392
9.682831 -83.817329 -1206.720251 -19105.630362 -0.165050 0.938059 0.304638 0.419503 -0.212773 0.882465 -0.892623 -0.273447 0.358401
10.059147 -53.999665 -775.240050 -13992.733937 -0.122720 0.924801 0.360115 0.300017 -0.311310 0.901707 -0.946007 -0.218698 0.239252
11.793990 -71.854642 401.588373 -10681.311838 -0.100898 0.961992 0.253754 0.443708 -0.184775 0.876916 -0.890473 -0.201072 0.408200
3.976685 -64.957788 -3423.811784 -19748.776510 -0.193870 0.911547 0.362626 0.237711 -0.314974 0.918850 -0.951792 -0.264337 0.155620
13.136817 -99.343228 348.569265 -17005.388386 -0.144239 0.967341 0.208439 0.569501 -0.091110 0.816925 -0.809236 -0.236538 0.537760
10.267584 -124.607863 -322.420405 -24915.086752 -0.182795 0.944502 0.272952 0.591801 -0.115992 0.797695 -0.785085 -0.307348 0.537754
1.522163 -98.425187 -2917.571046 -22826.220163 -0.211960 0.915947 0.340756 0.399522 -0.236997 0.885559 -0.891883 -0.323843 0.315707
54.904581 -3027.416134 -11782.576111 -725217.642390 0.741937 0.092335 0.664081 -0.335346 -0.806573 0.486809 -0.580580 0.583878 0.567462
-8.935580 -443.065217 -1768.311655 64538.286207 0.568284 -0.090416 0.817850 0.237095 0.969781 -0.057534 -0.787933 0.226604 0.572548
48.439433 -2187.454429 -16903.864934 633621.990627 0.569504 -0.104008 0.815382 -0.101579 0.975454 0.195374 -0.815688 -0.194092 0.544960
-33.546403 -58.488879 920.070988 1140.071173 -0.104742 0.692896 0.713389 0.534369 -0.565770 0.627976 -0.838736 -0.446989 0.311002
-45.175868 -62.170747 -1030.561185 -600.022385 -0.221346 0.577940 0.785488 0.575789 -0.572629 0.583578 -0.787066 -0.581448 0.206022
-5.723819 -26.209542 -1726.467910 528.216809 0.177483 0.319027 0.930979 0.485047 0.794757 -0.364816 -0.856288 0.516317 -0.013688
2.388700 -26.722707 3063.306244 252.553785 0.302801 0.314368 0.899713 0.551693 0.711967 -0.434441 -0.777140 0.627915 0.042150
3.665982 -39.132166 -2197.286387 -6224.314018 0.053728 0.104566 0.993066 0.375460 0.919409 -0.117124 -0.925280 0.379149 0.010137
1.996790 -29.723237 883.346636 1784.994274 -0.279001 -0.409213 -0.868737 0.912697 -0.394270 -0.107400 -0.298567 -0.822858 0.483489
3.851714 -37.124096 1504.783229 2287.059209 -0.276243 -0.390307 -0.878266 0.870704 -0.488520 -0.056763 -0.406895 -0.780390 0.474792
3.696012 -26.878294 573.835426 1732.330341 -0.350592 -0.387659 -0.852529 0.893733 -0.410523 -0.180865 -0.279869 -0.825343 0.490390
9.324100 -44.602152 1982.336895 2573.792714 -0.301090 -0.387638 -0.871253 0.800782 -0.598867 -0.010288 -0.517777 -0.700782 0.490726
13.504778 -141.325471 3255.836201 17140.261474 0.983244 0.155821 -0.094606 0.180301 -0.754771 0.630723 -0.026873 0.637213 0.770219
7.375950 -118.844393 1101.581420 16507.710367 0.982267 0.170999 -0.076881 0.187400 -0.883018 0.430302 -0.005694 0.437079 0.899405
1.785682 -136.932330 1359.590605 17698.689543 0.980656 0.158132 -0.115364 0.190823 -0.903615 0.383492 0.043603 0.398088 0.916311
0.310990 -39.027066 241.065123 -307.162668 -0.182011 0.197552 0.963247 0.209498 0.964909 -0.158307 -0.960720 0.172985 -0.217011
1.242348 -41.039392 310.414823 -403.788732 -0.179367 0.185623 0.966111 0.377361 0.919901 -0.106684 -0.908529 0.345437 -0.235047
1.125344 -41.980652 62.626697 -426.718471 -0.184414 0.176182 0.966929 0.386379 0.917589 -0.093501 -0.903716 0.356358 -0.237289
31.423803 -68.911846 1668.729149 -2271.509992 -0.206264 0.372230 0.904931 0.891471 0.452761 0.016959 -0.403404 0.810218 -0.425220
22.523251 -69.497205 253.037197 934.977229 -0.191777 0.419185 0.887415 0.839400 0.538588 -0.073011 -0.508556 0.730894 -0.455153
-3.958048 -89.947658 83.596983 -3135.725322 0.271424 0.825811 0.494332 0.230635 -0.554456 0.799616 -0.934418 0.103025 0.340954
-3.306461 -88.811705 28.093757 1766.644956 0.239205 0.844597 0.478995 0.509791 -0.529098 0.678357 -0.826374 -0.081921 0.557131
-2.839067 -86.963478 -191.539592 -2048.024274 0.223434 0.857383 0.463651 0.266720 -0.511301 0.816965 -0.937517 0.058873 0.342923
-7.429894 -74.038449 -955.305837 -2333.339568 0.374555 0.855966 0.356413 -0.849089 0.471075 -0.239031 0.372499 0.213096 -0.903235
4.294893 -67.723553 -2288.271070 -2922.296427 0.359603 0.874271 0.326090 -0.772458 0.474964 -0.421567 0.523445 0.100294 -0.846136
4.109666 -73.501771 -2441.706073 -1583.515735 0.361009 0.874592 0.323668 -0.859408 0.446760 -0.248645 0.362065 0.188400 -0.912915
5.824558 -22.253883 -380.661140 1744.194499 0.800723 0.212163 0.560205 0.583791 -0.486006 -0.650374 -0.134278 -0.847812 0.513015
11.011969 -24.765088 -1242.776841 1148.435332 0.864606 0.165358 0.474461 0.493153 -0.460095 -0.738317 -0.096210 -0.872335 0.479348
13.648215 -30.787842 -1927.671836 861.902243 0.832035 0.204294 0.515735 0.543316 -0.487698 -0.683344 -0.111919 -0.848773 0.516778
-3.206934 -72.391920 -456.565141 -1688.556707 0.968815 0.214267 -0.124444 -0.116529 0.837212 0.534319 -0.218673 0.503155 -0.836073
-1.835790 -68.209537 515.745775 596.703098 0.978724 0.168143 -0.117588 -0.102957 0.898183 0.427396 -0.177480 0.406196 -0.896385
-1.587200 -68.968387 932.154195 310.238476 0.983262 0.149519 -0.104117 -0.083884 0.878780 0.469798 -0.161739 0.453200 -0.876613
-7.206022 -216.848463 -144.324887 -4042.486910 0.993623 0.105145 0.040728 -0.042039 0.680596 -0.731452 0.104628 -0.725075 -0.680676
-8.712348 -234.253101 -1125.344350 -17387.517727 0.993754 0.094241 0.059766 0.016702 0.403932 -0.914637 0.110338 -0.909922 -0.399835
-10.535008 -216.816765 -400.886668 -11089.420137 0.987778 0.131034 0.084405 -0.005395 0.569945 -0.821665 0.155772 -0.811168 -0.563686
3.207425 -97.962595 646.313378 -7435.980084 0.259314 0.634188 0.728397 0.923412 0.058159 -0.379378 -0.282960 0.770989 -0.570535
-45.126524 -63.216528 -4849.535406 -21499.767425 0.951625 0.286135 -0.111963 -0.169813 0.793457 0.584456 -0.256072 0.537171 -0.803663
-13.126777 -58.775242 -1799.608586 -1727.937598 0.013598 -0.116011 -0.993155 0.966882 -0.251636 0.042632 -0.254860 -0.960844 0.108747
13.341248 -60.703394 9458.718122 6462.555255 0.179619 0.066114 -0.981512 0.983655 -0.024899 0.178334 -0.012648 -0.997501 -0.069506
5.782261 -11.331578 -1749.803205 2869.813724 0.991498 -0.106580 0.074650 0.007153 -0.528181 -0.849102 -0.129926 -0.842417 0.522928
-36.667161 -52.633435 655.588759 828.441438 0.603291 0.492083 -0.627610 0.736225 -0.041078 0.675489 0.306616 -0.869579 -0.387065
-38.057202 -54.152981 391.258569 1378.224536 0.611379 0.355833 -0.706823 0.746936 0.035502 0.663948 0.261348 -0.933875 -0.244080
-37.941535 -55.133252 552.052673 965.594221 0.515614 0.464038 -0.720285 0.840319 -0.109677 0.530881 0.167350 -0.878999 -0.446491
-35.387764 -53.035857 831.959029 1174.835432 0.496146 0.601221 -0.626397 0.836676 -0.138313 0.529947 0.231976 -0.787022 -0.571650
-33.879172 -50.226077 829.765417 623.943492 0.574708 0.615446 -0.539386 0.736460 -0.101551 0.668816 0.356845 -0.781610 -0.511613
10.860698 -39.707593 -80.487639 -736.046966 -0.028936 0.916408 0.399198 0.079268 0.400211 -0.912988 0.996433 -0.005225 0.084223
7.423656 -38.073955 1684.088699 -779.639798 -0.109930 0.892409 0.437631 -0.018307 0.438407 -0.898590 0.993771 0.106794 0.031857
1.703229 -33.139800 3024.265992 -851.403952 -0.155013 0.898767 0.410109 0.054552 0.422281 -0.904822 0.986405 0.117887 0.114489
25.406941 -46.205540 -1960.572397 -654.586280 0.515178 -0.750634 -0.413691 0.830844 0.555898 0.026000 0.210454 -0.357107 0.910046
30.312820 -50.103654 202.350191 6617.275812 0.488759 -0.678656 -0.548215 0.821911 0.568902 0.028507 0.292534 -0.464517 0.835851
31.768113 -70.072038 1759.806691 7726.957692 0.438028 -0.680004 -0.587985 0.890794 0.416296 0.182163 0.120904 -0.603566 0.788093
-0.229108 -15.411752 -425.775539 -2622.880381 -0.190198 0.932361 0.307455 0.963421 0.237484 -0.124182 -0.188798 0.272589 -0.943425
-0.809714 -1.786069 877.999547 -2140.064488 -0.446674 0.816385 0.366057 0.864262 0.499519 -0.059433 -0.231373 0.289822 -0.928692
1.860631 -57.502477 257.661135 1148.682391 -0.225966 0.962873 0.147700 -0.640357 -0.261082 0.722343 -0.734086 -0.068644 -0.675578
2.635013 -59.568191 -49.286278 2049.875342 -0.231810 0.965131 0.121602 -0.545863 -0.232530 0.804962 -0.805169 -0.120220 -0.580732
2.360152 -60.864478 170.785232 575.291052 -0.250787 0.955777 0.153609 -0.679531 -0.286827 0.675254 -0.689452 -0.064963 -0.721413
-5.630230 -97.945917 634.910118 312.008123 -0.095683 0.994896 0.032029 -0.051368 -0.037069 0.997992 -0.994086 -0.093846 -0.054653
-6.098859 -96.782839 654.348850 -4461.485847 -0.099572 0.993833 0.048796 -0.275399 -0.074649 0.958427 -0.956160 -0.081994 -0.281133
-8.499101 -92.301084 326.943040 -4211.486415 -0.146305 0.988755 0.030965 -0.272864 -0.070423 0.959472 -0.950863 -0.131926 -0.280099
0.865680 -57.502931 -108.978247 1147.158782 -0.233576 0.965511 -0.115021 0.881544 0.260191 0.393930 -0.410272 0.009383 0.911915
1.200226 -60.196294 -321.947911 2395.443903 -0.244901 0.963076 -0.111843 0.797117 0.265670 0.542240 -0.551932 -0.043643 0.832747
3.894385 -61.283355 -478.235961 1691.759742 -0.245650 0.961284 -0.124859 0.777810 0.272337 0.566432 -0.578505 -0.042028 0.814595
47.125509 -36.777870 -22257.437845 -1571.286655 -0.540863 -0.775690 0.325226 0.831484 -0.434751 0.345871 -0.126896 0.457489 0.880114
36.804316 -37.964125 -15388.180050 233.240750 -0.544206 -0.787361 0.289660 0.838817 -0.504480 0.204661 -0.015014 0.354349 0.934993
0.720363 -84.008409 1244.096013 3197.838506 -0.295764 0.902028 0.314435 0.916905 0.175731 0.358335 0.267972 0.394289 -0.879049
-0.415147 -73.807265 980.106810 2482.252155 -0.279785 0.906070 0.317423 0.878352 0.108101 0.465631 0.387580 0.409085 -0.826094
0.956277 -83.816365 115.296312 5164.131619 -0.281171 0.912790 0.296239 0.921051 0.170004 0.350375 0.269457 0.371367 -0.888527
4.853981 -88.054628 433.620374 4192.301838 -0.324720 0.910269 0.256842 0.916213 0.235336 0.324301 0.234757 0.340629 -0.910418
-4.768613 -83.765108 283.740448 3097.739384 -0.331430 0.942836 -0.034839 0.217787 0.040524 -0.975155 0.917999 0.330783 0.218769
-4.645115 -79.510721 210.946521 1978.943077 -0.354751 0.934876 0.012577 -0.024452 0.004171 -0.999692 0.934641 0.354949 -0.021380
-3.927657 -87.788129 188.512435 3704.955847 -0.349680 0.936581 -0.023226 0.212568 0.055170 -0.975588 0.912436 0.346081 0.218379
20.027642 -211.682458 -1429.316747 33571.183362 -0.357433 0.824759 0.438194 0.917092 0.221238 0.331658 0.176593 0.520409 -0.835457
20.309275 -235.272076 -2566.930596 28754.949137 -0.358171 0.820444 0.445629 0.928063 0.365021 0.073886 -0.102044 0.440035 -0.892164
14.763302 -192.843048 -1252.039079 12800.656718 -0.384502 0.815038 0.433441 0.910680 0.411743 0.033619 -0.151065 0.407653 -0.900555
7.539948 -131.253748 -85.414159 21214.613544 -0.239782 0.890160 0.387453 -0.146534 0.361339 -0.920849 0.959704 0.277578 -0.043796
19.722776 -382.933183 10115.295132 -54635.990566 0.098087 0.970585 0.219872 -0.126251 -0.207017 0.970157 -0.987137 0.122919 -0.102231
43.588683 -1501.600423 25607.322419 -410837.812966 0.163063 0.972082 0.168720 0.337805 -0.215681 0.916171 -0.926983 0.092399 0.363544
-6.242075 -26.414411 -64.660135 414.557618 -0.030643 0.990615 -0.133205 -0.921647 -0.079578 -0.379782 0.386818 -0.111130 -0.915436
-4.923702 -25.402578 -535.305033 1133.889465 0.062550 0.990571 -0.121888 -0.934040 0.015071 -0.356850 0.351648 -0.136169 -0.926176
-2.956232 -22.233471 -813.459781 1683.417830 0.102704 0.988211 -0.113536 -0.953825 0.065450 -0.293145 0.282259 -0.138400 -0.949303
-4.822009 -23.300598 -452.027995 1226.409057 -0.009242 0.990998 -0.133557 -0.951975 -0.049597 -0.302133 0.306037 -0.124350 -0.943864
5.320862 -39.425953 -2925.932956 -15225.288729 -0.150473 0.887324 0.435905 0.164287 -0.412351 0.896089 -0.974868 -0.206451 0.083728
-7.663126 -399.313909 -765.869310 70848.282475 0.573969 -0.177481 0.799412 0.706401 0.601098 -0.373737 -0.414194 0.779219 0.470384
-11.611601 -2698.097686 -2311.596108 643577.662388 0.584963 -0.020601 0.810798 0.475341 0.818704 -0.322141 -0.657167 0.573846 0.488705
-20.426492 -525.335952 -1249.560035 35022.754910 0.520459 -0.021712 0.853611 -0.024819 0.998870 0.040539 -0.853526 -0.042285 0.519332
1.304881 -18.974306 154.885507 -2867.774987 0.368719 -0.462164 -0.806506 0.929255 0.204803 0.307476 0.023070 -0.862821 0.504982
3.174063 -30.475704 -261.738628 -2616.028664 0.275964 -0.491254 -0.826144 0.955803 0.230945 0.181947 0.101412 -0.839841 0.533275
1.722296 -20.502760 -257.684254 -2494.061146 0.245926 -0.485787 -0.838768 0.968468 0.158749 0.192011 0.039877 -0.859540 0.509510
-14.205338 -59.072462 5270.925315 2367.251650 0.010612 0.774912 0.631980 0.534935 -0.538372 0.651152 -0.844826 -0.331158 0.420241
-4.691636 -63.575267 6677.233363 -5177.988818 0.077303 0.786340 0.612939 0.282899 -0.606810 0.742799 -0.956030 -0.115979 0.269363
-17.652881 -63.008375 4031.458896 -9059.207067 -0.003214 0.789422 0.613843 0.122062 -0.608946 0.783764 -0.992517 -0.077446 0.094401
-4.315227 -30.054307 1810.662981 1813.025158 -0.185948 -0.430985 -0.882992 0.947127 -0.317780 -0.044347 -0.261484 -0.844552 0.467289
-3.081421 -36.558997 1992.597288 1941.300329 -0.247749 -0.403195 -0.880939 0.889518 -0.454972 -0.041927 -0.383898 -0.793999 0.471369
25.432258 -146.020685 5840.675962 14735.668089 0.985366 0.166933 -0.034453 0.143164 -0.700835 0.698809 -0.092509 0.693515 0.714478
22.480900 -150.253573 4787.287907 -7917.265309 0.984317 0.175916 -0.013206 0.071112 -0.327159 0.942290 -0.161444 0.928451 0.334537
13.845641 -143.176061 2467.563908 -15674.397554 0.985804 0.166875 -0.018532 0.027546 -0.051865 0.998274 -0.165626 0.984613 0.055726
-3.366683 -37.425649 135.370855 176.054215 -0.190979 0.214369 0.957900 -0.134015 0.961030 -0.241789 -0.972403 -0.174549 -0.154808
-1.140716 -37.722803 337.633631 -115.334751 -0.178029 0.225945 0.957734 0.034087 0.974114 -0.223473 -0.983435 -0.007139 -0.181123
-5.547542 -38.676960 -207.988463 531.993199 -0.213716 0.203061 0.955558 -0.311778 0.912826 -0.263711 -0.925808 -0.354281 -0.131775
-5.233637 -40.170982 404.601567 755.333632 -0.198071 0.277226 0.940167 -0.300458 0.895825 -0.327450 -0.933002 -0.347339 -0.094142
-2.508215 -38.322601 558.267363 261.540002 -0.173126 0.271388 0.946771 -0.135151 0.945647 -0.295780 -0.975583 -0.179164 -0.127038
22.476782 -68.273100 1732.406605 1247.966106 -0.237856 0.295639 0.925215 0.808535 0.588110 0.019937 -0.538234 0.752811 -0.378920
15.111038 -70.213301 436.629187 3467.722096 -0.228100 0.347463 0.909527 0.731139 0.678021 -0.075660 -0.642967 0.647732 -0.408700
11.337608 -71.122167 -892.293386 4617.853477 -0.173937 0.470685 0.864987 0.767074 0.615579 -0.180721 -0.617530 0.632075 -0.468122
-4.408968 -85.476342 87.547636 -3840.243465 0.290494 0.803866 0.519050 -0.040564 -0.531609 0.846018 -0.956017 0.266818 0.121822
-5.925752 -74.877410 186.458408 -1600.201157 0.293069 0.796118 0.529440 -0.273254 -0.460911 0.844330 -0.916211 0.392119 -0.082464
-1.610895 -65.784027 196.461654 236.948121 0.317399 -0.433037 -0.843645 0.947859 0.117988 0.296044 -0.028658 -0.893621 0.447907
-2.556135 -62.235347 153.978431 1608.544814 0.342711 -0.426900 -0.836842 0.916453 0.347776 0.197902 0.206550 -0.834750 0.510421
-1.809315 -67.894376 57.371062 374.432716 0.334865 -0.439696 -0.833386 0.942221 0.147617 0.300713 -0.009201 -0.885933 0.463723
-1.839297 -60.080013 207.671881 1510.226023 0.326641 -0.421386 -0.846014 0.924472 0.328650 0.193238 0.196615 -0.845235 0.496910
-0.899646 -69.288999 135.549722 -794.396792 0.311252 -0.440166 -0.842244 0.918179 -0.089283 0.385974 -0.245091 -0.893466 0.376362
-1.329978 -64.001827 111.637379 512.192576 0.301852 -0.433767 -0.848959 0.952505 0.099626 0.287766 -0.040245 -0.895500 0.443237
-0.627379 -67.263873 125.198648 -467.529648 0.292781 -0.436900 -0.850528 0.918031 -0.120304 0.377816 -0.267390 -0.891429 0.365865
6.862049 -33.364040 323.986102 3367.164013 -0.634678 -0.313601 -0.706285 0.731863 -0.537364 -0.419065 -0.248113 -0.782876 0.570566
10.273167 -45.309459 977.964866 4012.720792 -0.594827 -0.325049 -0.735204 0.717315 -0.627440 -0.302949 -0.362823 -0.707575 0.606380
-3.812720 -86.173815 -922.106820 -2910.063812 0.961044 0.258558 -0.097680 -0.124365 0.720133 0.682599 -0.246834 0.643860 -0.724236
-0.832611 -35.929231 265.687294 -2565.271028 -0.225851 0.087718 0.970204 -0.610288 0.763535 -0.211100 -0.759302 -0.639781 -0.118912
3.482609 -30.558857 -1299.271013 -3116.985946 -0.339870 0.209995 0.916728 -0.619816 0.683099 -0.386269 -0.707330 -0.699485 -0.102006
6.501968 -32.732960 1048.688709 881.653458 0.317101 -0.122168 -0.940490 0.675439 -0.667043 0.314382 -0.665755 -0.734935 -0.129003
1.832842 -36.421668 517.696032 684.461104 0.260853 -0.072803 -0.962629 0.669836 -0.704411 0.234787 -0.695180 -0.706049 -0.134982
-2.326104 -37.537630 620.734428 -775.357854 -0.166597 0.052063 0.984650 -0.527595 0.838921 -0.133624 -0.833000 -0.541758 -0.112294
-5.479501 -194.568287 203.651669 10768.647768 0.993727 0.100561 0.048931 -0.055614 0.823955 -0.563919 0.097026 -0.557660 -0.824379
-6.226971 -160.292813 211.555163 16811.936935 0.993593 0.096404 0.058980 -0.076586 0.958131 -0.275897 0.083108 -0.269612 -0.959376
-7.004843 -164.988779 -1815.706184 16139.663825 -0.988468 -0.119979 -0.092393 -0.117324 0.992523 -0.033664 0.095741 -0.022436 -0.995153
-5.837246 -139.954026 -1113.199401 5262.986715 0.985416 0.159667 0.058828 -0.169251 0.884043 0.435687 -0.017558 0.439289 -0.898174
-3.654177 -113.821537 -483.936674 1874.030421 0.985235 0.146469 0.088654 -0.170286 0.892021 0.418690 0.017756 0.427604 -0.903792
-5.311348 -115.266155 673.312949 -1784.564746 0.980695 0.148335 0.127414 -0.194044 0.818801 0.540288 0.024183 0.554582 -0.831778
-3.843290 -143.158403 539.162738 7742.453221 0.981460 0.135316 0.135746 -0.168830 0.945616 0.278040 0.090740 0.295803 -0.950929
2.237540 -38.697297 -1818.882093 -862.669503 0.519549 0.830910 0.199142 -0.311753 -0.032657 0.949602 -0.795537 0.555448 -0.242071
-2.495459 -35.204084 -1921.470249 -1675.367445 0.534422 0.831596 0.151135 -0.390864 0.084613 0.916551 -0.749412 0.548898 -0.370260
6.384145 -40.214045 -2819.007268 -2118.760729 0.558900 0.826723 0.064496 -0.306594 0.133750 0.942396 -0.770474 0.546480 -0.328221
-18.291027 -38.530437 400.921626 -557.735546 -0.709755 -0.006441 0.704419 0.388527 0.830539 0.399064 -0.587618 0.556924 -0.586976
-18.273794 -35.474686 -381.205123 -1077.382525 -0.705860 0.096101 0.701802 0.408651 0.864506 0.292633 -0.578590 0.493350 -0.649492
-17.496861 -36.543473 710.693703 -871.104174 -0.682513 -0.002022 0.730871 0.343994 0.881422 0.323672 -0.644859 0.472326 -0.600886
-17.388194 -54.288137 -3677.758522 457.260562 0.763823 -0.244161 -0.597461 0.495204 0.815383 0.299873 -0.413942 0.524915 -0.743717
0.213079 -47.481450 -409.211616 -5370.140848 0.173943 -0.088040 -0.980812 0.727151 -0.660171 0.188216 -0.664074 -0.745938 -0.050814
-39.529730 -56.814758 464.111833 1118.974739 0.515009 0.320028 -0.795203 0.849104 -0.063384 0.524409 0.117423 -0.945286 -0.304380
-38.159019 -55.382271 330.000250 2587.313573 0.557721 0.205681 -0.804141 0.796976 0.137974 0.588042 0.231899 -0.968844 -0.086971
9.415391 -40.061621 -2829.999115 -646.854877 0.032242 0.917213 0.397091 0.172348 0.386244 -0.906152 0.984508 -0.097654 0.145626
11.755427 -36.169856 -3045.029854 -788.335600 0.037359 0.927036 0.373106 0.303858 0.345149 -0.887999 0.951984 -0.146547 0.268793
13.946672 -72.846424 -1962.967592 -12012.206748 0.395571 -0.868368 -0.299099 0.908059 0.418597 -0.014357 0.137669 -0.265920 0.954114
-3.834021 -24.064452 -1060.205618 -2191.129163 -0.225220 0.927183 0.299346 0.966479 0.251475 -0.051758 -0.123267 0.277655 -0.952740
