14915
29819
-40.757812 -58.434055 237.459521 7397.751295 -0.392065 0.884903 0.251460 0.132030 0.324641 -0.936577 0.910414 0.333999 0.244114
-46.607527 -69.081415 885.986760 6214.151723 -0.419933 0.886154 0.195928 0.261037 0.324698 -0.909082 0.869204 0.330609 0.367671
-42.492274 -81.655325 -2223.947773 14309.546156 -0.402643 0.697658 0.592581 0.044011 0.661383 -0.748756 0.914298 0.275402 0.297005
-36.483005 -54.179575 765.528413 4075.378517 -0.357006 0.907234 -0.222427 0.315179 -0.107161 -0.942963 0.879323 0.406748 0.247684
-30.937188 -64.949619 -5999.202261 13608.543368 -0.318174 0.767929 0.555924 -0.046258 0.573123 -0.818163 0.946903 0.286034 0.146830
-34.327701 -45.963277 1949.463243 4398.462751 -0.323315 0.929401 -0.177993 0.198819 -0.117179 -0.973006 0.925169 0.349976 0.146897
-24.989460 -55.900928 517.102314 -20507.553878 0.087717 0.995431 0.037731 0.584526 -0.020764 -0.811110 0.806620 -0.093203 0.583676
-25.704838 -73.249940 6184.793449 -12646.078270 -0.082029 0.991856 0.097434 0.471994 0.124767 -0.872728 0.877777 0.025601 0.478385
-14.511199 -47.155233 7965.630344 -24873.120242 -0.015995 0.999388 -0.031125 0.700272 -0.011023 -0.713791 0.713697 0.033213 0.699666
-48.687036 -69.361713 -5456.414504 795.352895 0.538487 -0.366586 0.758714 0.820306 0.433962 -0.372525 -0.192690 0.822977 0.534395
-46.371892 -70.261005 -4258.220656 93.397839 0.499696 -0.321402 0.804366 0.840274 0.405359 -0.360033 -0.210342 0.855795 0.472622
-45.358978 -69.418812 -1287.614540 -1883.016999 0.581474 -0.360259 0.729453 0.749127 0.586811 -0.307345 -0.317327 0.725166 0.611095
5.054044 -10.662522 1608.217083 -356.077697 -0.540207 0.824712 0.167412 0.308568 0.379202 -0.872348 0.782919 0.419590 0.459328
2.862447 -14.342370 313.783969 -2177.470662 -0.372923 0.907169 -0.194867 0.459966 -0.001651 -0.887935 0.805829 0.420763 0.416651
3.530356 -5.396421 897.538459 -166.464367 -0.517145 0.843872 0.142973 0.316937 0.343977 -0.883873 0.795055 0.411777 0.445340
9.522016 -7.508877 3501.845425 805.540322 -0.592197 0.692257 0.412412 0.146810 0.595934 -0.789499 0.792307 0.406993 0.454540
10.921223 -9.589280 2471.192371 545.876138 -0.588835 0.694108 0.414109 0.156150 0.600393 -0.784312 0.793026 0.397168 0.461918
6.404531 -12.274048 2180.214951 -173.609011 -0.572539 0.781998 0.246330 0.270663 0.463881 -0.843538 0.773913 0.416286 0.477247
24.076485 -49.030976 -3735.819264 -154.723192 0.107391 0.939103 0.326424 0.971526 -0.029379 -0.235104 -0.211197 0.342377 -0.915518
27.260591 -48.007361 -2380.294758 -158.685811 0.112720 0.919422 0.376772 0.991151 -0.077293 -0.107911 -0.070093 0.385602 -0.919999
25.502696 -47.141453 2577.161161 -187.664247 0.137217 0.880891 0.452994 0.971038 -0.029322 -0.237120 -0.195594 0.472411 -0.859402
24.498098 -46.808424 -1720.975504 -699.628288 0.135981 0.922478 0.361309 0.938793 -0.003468 -0.344465 -0.316508 0.386035 -0.866487
19.479588 -48.780595 -4787.529694 60.901508 0.112395 0.949496 0.292957 0.949763 -0.015989 -0.312562 -0.292092 0.313370 -0.903594
101.713692 -32.871263 37227.690619 2.814462 -0.480541 0.876241 -0.035796 0.868037 0.469437 -0.161683 0.124869 0.108767 0.986193
100.834926 -46.094174 36423.942913 -1512.526793 -0.315642 0.948345 0.031818 0.919599 0.313996 -0.236101 0.233896 0.045264 0.971207
225.262437 -2.568427 68407.696426 -4598.804782 -0.607749 0.784406 0.123890 0.780017 0.618920 -0.092255 0.149043 -0.040569 0.987998
3.554483 -47.299474 -908.617089 -90.727643 -0.060277 0.993638 0.095132 0.867463 0.004994 0.497477 -0.493837 -0.112510 0.862245
4.245582 -48.200404 -492.155161 -70.278520 -0.016577 0.993775 0.110165 0.920310 -0.027903 0.390194 -0.390839 -0.107855 0.914118
3.169650 -45.997385 -934.272145 -219.349344 -0.048039 0.993006 0.107845 0.891310 -0.006117 0.453354 -0.450843 -0.117902 0.884782
5.222403 -50.179350 -223.586071 -491.033703 -0.026486 0.995734 0.088385 0.880065 -0.018708 0.474484 -0.474114 -0.090352 0.875816
3.213443 -45.768348 -719.131587 1.866744 -0.080569 0.993403 0.081607 0.824577 0.020431 0.565381 -0.559983 -0.112843 0.820783
4.428002 -48.196707 -912.794335 -380.160287 -0.080217 0.993598 0.079549 0.799723 0.016517 0.600143 -0.594987 -0.111759 0.795928
-15.848211 -41.220067 581.007526 -3940.397280 -0.245438 -0.912623 -0.326923 0.968047 -0.248627 -0.032707 -0.051432 -0.324505 0.944485
-15.108090 -36.681890 -45.526290 -2158.540823 -0.138724 -0.951895 -0.273222 0.989088 -0.146993 0.009922 -0.049607 -0.268865 0.961900
-14.047004 -36.273628 -157.005699 4055.207487 -0.263235 -0.923625 -0.278610 0.961293 -0.275481 0.005007 -0.081377 -0.266508 0.960391
-14.271630 -36.975365 844.276098 5652.330369 -0.248196 -0.911458 -0.328091 0.965737 -0.259326 -0.010141 -0.075840 -0.319366 0.944592
-11.752679 -105.270311 49.775877 -1967.675699 0.210483 0.950331 0.229276 0.704264 -0.310064 0.638649 -0.678018 -0.027046 0.734547
-12.639490 -99.617879 1.274559 -2822.251637 0.200879 0.956009 0.213763 0.521006 -0.289052 0.803120 -0.829579 0.049958 0.556151
-13.883158 -107.725059 98.360618 -3424.279031 0.177803 0.957522 0.227020 0.626260 -0.288052 0.724448 -0.759068 -0.013364 0.650874
-9.258703 -103.226019 1371.147251 -1733.203594 0.254269 0.944545 0.207800 0.620928 -0.324166 0.713698 -0.741482 0.052443 0.668920
-7.530670 -105.205162 1949.205394 -646.659035 0.268179 0.940618 0.208128 0.768263 -0.339165 0.542899 -0.581250 -0.014303 0.813599
5.518104 -78.311407 16.654908 4030.297944 -0.275712 -0.915969 -0.291519 0.946262 -0.205304 -0.249877 0.169030 -0.344748 0.923351
8.499203 -85.353543 -1241.392712 2599.908856 -0.274609 -0.915838 -0.292969 0.960226 -0.245173 -0.133625 0.050551 -0.318011 0.946738
8.252112 -87.095049 -800.815135 2819.954292 -0.293952 -0.916765 -0.270435 0.954625 -0.295731 -0.035123 -0.047777 -0.268489 0.962097
-10.792149 -43.982778 -343.291774 -4364.866465 0.050793 0.990051 -0.131224 -0.771529 -0.044534 -0.634634 0.634164 -0.133478 -0.761590
-10.540021 -44.088001 -205.044601 -5042.107423 0.058285 0.987420 -0.146982 -0.776856 -0.047606 -0.627877 0.626976 -0.150780 -0.764308
-11.038894 -43.062705 607.611680 1103.959009 0.034403 0.991487 -0.125575 -0.863083 -0.033876 -0.503925 0.503890 -0.125718 -0.854570
-10.766137 -41.793038 -335.607085 1393.487689 0.008104 0.991547 -0.129493 -0.857746 -0.059673 -0.510598 0.514009 -0.115210 -0.850012
-10.063674 -43.109041 2209.729569 5244.583216 -0.009544 0.993078 -0.117068 -0.929863 -0.051874 -0.364232 0.367783 -0.105381 -0.923921
-9.902580 -43.956476 1918.549529 5596.708196 0.031802 0.992141 -0.121015 -0.932460 -0.014144 -0.360997 0.359871 -0.124322 -0.924682
-11.583584 -43.290461 -476.991104 -1211.233743 -0.031321 0.999509 -0.000297 -0.498620 -0.015883 -0.866675 0.866255 0.026997 -0.498873
-10.733019 -41.284914 -373.062423 -708.079652 -0.015038 0.998890 -0.044645 -0.522366 -0.045921 -0.851484 0.852589 -0.010516 -0.522477
-10.594374 -43.262051 19.886640 4254.540010 -0.012190 0.998545 0.052538 -0.620074 0.033671 -0.783821 0.784449 0.042132 -0.618761
-9.636177 -43.299875 -957.100462 -3719.931772 -0.000675 0.999276 -0.038047 -0.411441 -0.034955 -0.910766 0.911436 -0.015040 -0.411166
-9.632293 -46.106997 117.864962 5485.182630 -0.042150 0.996918 0.066168 -0.624639 0.025394 -0.780501 0.779775 0.074229 -0.621643
-12.089593 -44.297752 -911.829305 -3992.294553 -0.024495 0.999594 -0.014583 -0.391983 -0.023023 -0.919684 0.919646 0.016812 -0.392387
-11.923004 -48.212663 -503.855594 -4134.774237 -0.057475 0.998221 -0.015861 -0.383951 -0.036767 -0.922621 0.921563 0.046938 -0.385381
-10.958755 -45.899105 -139.575491 935.627192 -0.066779 0.997557 0.020490 -0.503597 -0.015970 -0.863791 0.861354 0.068002 -0.503434
1.106291 -68.204044 360.485980 -3052.362579 0.278438 0.929093 0.243431 0.860188 -0.128480 -0.493528 0.427257 -0.346814 0.834968
0.989813 -78.982510 772.402127 -9358.649419 0.272258 0.933440 0.233592 0.798664 -0.083822 -0.595911 0.536667 -0.348803 0.768326
1.236911 -75.612650 55.241896 -6180.353385 0.275580 0.927305 0.253301 0.828695 -0.095636 -0.551470 0.487156 -0.361883 0.794808
-9.730276 -287.608826 -2208.389578 51957.532226 0.798881 0.559560 -0.220639 0.468339 -0.348501 0.811915 -0.377422 0.751957 0.540474
-0.421416 -280.252487 -4597.842084 46369.215668 0.764035 0.601027 -0.234555 0.477970 -0.283103 0.831503 -0.433352 0.747408 0.503574
-3.546484 -283.525448 -2302.544535 61987.031895 0.799553 0.565265 -0.202957 0.563346 -0.588688 0.579730 -0.208223 0.577860 0.789127
-11.082275 -257.311530 -1507.730195 -3125.381974 0.801636 0.547264 -0.240587 0.294519 -0.011324 0.955578 -0.520229 0.836883 0.170258
-9.442923 -280.267001 -3127.363304 63841.904939 0.816073 0.553730 -0.165551 0.543357 -0.637469 0.546257 -0.196945 0.535739 0.821095
-15.305066 -271.093259 -364.056796 -12207.105204 0.818609 0.523829 -0.235549 0.254087 0.037512 0.966454 -0.515092 0.850997 0.102390
-15.656025 -295.890277 -2742.177776 60413.632127 0.804713 0.553414 -0.214869 0.474869 -0.382834 0.792425 -0.356280 0.739710 0.570871
-11.780102 -133.879432 -1187.601028 16176.577132 0.851281 0.474628 -0.223718 0.521154 -0.814367 0.255354 0.060990 0.333969 0.940609
-9.856629 -122.984479 751.576235 8072.942417 0.838121 0.472777 -0.272094 0.526166 -0.832255 0.174645 0.143884 0.289540 0.946290
-10.098706 -155.016873 1491.060723 18215.078329 0.868224 0.431955 -0.244134 0.495896 -0.771850 0.397914 0.016554 0.466543 0.884343
-13.505270 -187.775662 -282.415924 34416.338587 0.859082 0.462121 -0.220049 0.506060 -0.702467 0.500443 -0.076688 0.541280 0.837338
-11.691574 -175.482969 -103.787158 32150.957082 0.835939 0.497298 -0.232163 0.548477 -0.771971 0.321300 0.019441 0.395924 0.918078
12.756143 -59.705765 215.375115 -2055.885614 -0.821584 -0.472377 0.319156 -0.279770 0.821871 0.496242 -0.496718 0.318414 -0.807393
14.778710 -63.838479 -65.366445 -1611.067941 -0.840302 -0.403322 0.362250 -0.112261 0.783184 0.611573 -0.530368 0.473239 -0.703388
12.640384 -65.810194 2154.769994 -1197.522421 -0.811909 -0.460089 0.359337 -0.202129 0.799007 0.566332 -0.547675 0.387177 -0.741718
-48.181820 -1049.309640 -3983.400517 287032.857878 0.809725 0.496933 0.312096 0.532444 -0.398602 -0.746740 0.246677 -0.770827 0.587347
-34.756192 -700.218042 12004.058007 235034.833437 0.705711 0.552974 0.442936 0.358827 0.260108 -0.896430 0.610914 -0.791557 0.014860
-48.057135 -803.151778 5152.409589 153203.575288 0.781245 0.588026 0.209480 0.498440 -0.385622 -0.776436 0.375785 -0.711000 0.594361
-120.490398 -1659.647840 5899.330270 -445883.098640 0.871760 0.455319 0.180886 0.489914 -0.806875 -0.330057 0.004329 -0.376349 0.926468
-27.756294 -2023.906928 -15936.549529 -784041.527235 0.939316 0.266693 0.215779 0.314958 -0.919728 -0.234313 -0.135969 -0.288055 0.947912
-42.307203 -9240.129521 -12433.610284 -6960449.901503 0.742767 0.426428 -0.516194 0.667275 -0.407948 0.623155 -0.055151 0.807303 0.587555
-19.596570 -5317.178370 27355.959820 3683091.060082 -0.785508 -0.589651 0.187851 -0.589913 0.805185 0.060669 -0.187028 -0.063160 -0.980322
39.326663 -3045.814996 -42725.033929 4624079.432286 0.873215 0.387065 -0.296103 0.051758 0.530499 0.846104 -0.484579 0.754156 -0.443206
21.720181 -25.481047 8098.572847 -1861.884796 -0.310367 0.948493 -0.063509 -0.761696 -0.288102 -0.580359 0.568763 0.131750 -0.811881
23.856430 -22.157347 8617.789505 668.167154 -0.382368 0.917527 -0.109265 -0.702237 -0.365412 -0.611014 0.600548 0.156903 -0.784043
7.403181 -20.467244 7335.436905 -455.806601 -0.413852 0.904570 -0.102369 -0.708595 -0.390686 -0.587586 0.571507 0.170636 -0.802660
5.939835 -26.430441 8291.551685 -3037.099940 -0.300542 0.953735 -0.007984 -0.789335 -0.253417 -0.559223 0.535374 0.161768 -0.828979
-1.403816 -13.100437 -419.289354 1748.701384 0.220138 0.856666 0.466543 -0.702836 -0.192362 0.684849 -0.676432 0.478665 -0.559749
-1.889936 -9.285233 -566.235894 927.534061 0.125871 0.821581 0.556022 -0.709910 -0.316905 0.628967 -0.692954 0.473894 -0.543359
-2.916899 -8.967199 -944.517719 1094.007283 0.257585 0.866203 0.428184 -0.672762 -0.157305 0.722943 -0.693571 0.474285 -0.542229
-4.438961 -110.899833 1455.238114 -934.504819 0.201133 0.936167 0.288335 0.263055 0.231918 -0.936491 0.943582 -0.264208 0.199617
-5.085858 -107.379395 1028.115331 3501.436415 0.208769 0.932681 0.294146 -0.020820 0.304944 -0.952143 0.977743 -0.192654 -0.083081
-4.959005 -112.499319 -256.150125 2032.213699 0.221223 0.927908 0.300078 0.122476 0.278830 -0.952498 0.967502 -0.247467 0.051963
-0.264759 -109.192339 436.687083 -5381.343539 0.219564 0.919935 0.324825 0.446040 0.201457 -0.872045 0.867663 -0.336355 0.366095
-3.941252 -104.813153 250.281916 -7660.414528 0.212139 0.929414 0.301973 0.536399 0.147553 -0.830966 0.816868 -0.338258 0.467234
-154.201180 -302.612438 26742.228147 60093.037297 0.571883 -0.553966 0.605039 0.064265 0.765538 0.640173 -0.817814 -0.327221 0.473399
-200.260594 -285.813967 -27531.518783 -6639.593295 -0.371297 0.760186 -0.533156 -0.124942 0.528077 0.839955 -0.920070 -0.378486 0.101094
-178.263613 -374.663354 35067.233716 91778.775534 0.575904 -0.543604 0.610597 0.432996 -0.430702 -0.791840 -0.693432 -0.720410 0.012664
-102.047433 -269.270445 19192.796020 -26418.547592 0.706329 -0.397395 0.585812 -0.247685 0.636502 0.730422 -0.663137 -0.661016 0.351151
-41.386003 -58.102512 -2333.591449 30.510354 0.680244 0.006208 0.732960 0.297035 0.911843 -0.283395 -0.670103 0.410493 0.618431
-38.287723 -56.716865 853.951704 627.517540 0.646368 0.038179 0.762070 0.357886 0.866904 -0.346980 -0.673889 0.497011 0.546675
-39.065058 -57.267602 -672.152384 359.855032 0.666180 0.059889 0.743382 0.229377 0.932002 -0.280640 -0.709641 0.357472 0.607144
51.060882 -20.683385 15757.802424 1438.503858 0.157802 0.974939 0.156817 0.959801 -0.114104 -0.256443 0.232123 -0.190980 0.953753
54.395164 -20.119031 16966.907945 461.987712 0.114950 0.980343 0.160354 0.954766 -0.064469 -0.290287 0.274243 -0.186469 0.943409
76.913757 -25.426442 -19036.624888 349.157529 -0.236754 -0.940947 -0.242006 0.943923 -0.163768 -0.286688 0.230126 -0.296309 0.926954
58.015080 -25.507592 -15206.202030 1101.677695 -0.209305 -0.964333 -0.162028 0.956285 -0.167253 -0.239886 0.204231 -0.205154 0.957184
27.678552 -23.435372 6626.883761 2852.345991 0.145559 0.977464 0.152896 0.969188 -0.109840 -0.220477 0.198714 -0.180278 0.963334
-19.420289 -48.179386 -4645.418596 -1458.608570 -0.070233 0.895764 0.438946 0.632406 -0.300319 0.714052 -0.771446 -0.327742 0.545395
-7.459391 -48.178032 -5983.501064 -555.047110 -0.098580 0.881682 0.461430 0.679404 -0.279173 0.678581 -0.727113 -0.380392 0.571497
-19.404779 -49.864727 -4541.540108 4.435211 -0.072324 0.899521 0.430850 0.730914 -0.246123 0.636544 -0.678627 -0.360952 0.639671
-26.182258 -50.240894 -2914.922067 -1388.011541 0.016895 0.901936 0.431540 0.677281 -0.327824 0.658651 -0.735530 -0.281146 0.616402
-21.959689 -47.089589 -2618.918995 -2245.277336 -0.022568 0.913915 0.405277 0.557377 -0.325031 0.763994 -0.829953 -0.243134 0.502060
-24.211107 -40.982700 -1809.449720 6429.165750 0.464427 -0.590423 -0.660082 0.422122 0.802808 -0.421086 0.778537 -0.083071 0.622076
-17.977942 -32.779944 3543.377704 3090.622973 -0.328144 0.846568 0.419099 0.560569 0.531616 -0.634939 0.760318 -0.026583 0.649006
-23.538347 -44.422592 -1012.335439 6653.533574 0.524975 -0.588323 -0.615043 0.461012 0.804000 -0.375569 0.715450 -0.086378 0.693304
-22.805379 -46.259054 531.257792 2517.100700 0.546721 -0.557852 -0.624417 0.560326 0.797900 -0.222237 0.622198 -0.228376 0.748808
-23.862160 -47.491860 548.383588 2703.847504 0.468288 -0.564406 -0.679817 0.541778 0.791203 -0.283681 0.697985 -0.235465 0.676294
1.696248 -68.533402 -1317.179824 -1863.277691 -0.661232 0.647691 -0.378509 0.694756 0.338378 -0.634677 -0.282996 -0.682640 -0.673733
0.197979 -67.112858 696.604919 778.618675 0.667437 -0.649734 0.363832 0.638665 0.248209 -0.728354 -0.382931 -0.718497 -0.580626
-0.075172 -66.224477 -691.937002 -784.144808 -0.649999 0.659203 -0.378091 0.691532 0.306793 -0.653959 -0.315096 -0.686535 -0.655275
0.836965 -66.839181 107.161155 -902.930222 -0.623268 0.676482 -0.392312 0.738961 0.345334 -0.578517 -0.255878 -0.650474 -0.715129
1.881111 -66.987989 -317.925968 -2666.397058 -0.640192 0.669173 -0.377309 0.729075 0.374471 -0.572905 -0.242081 -0.641856 -0.727611
30.292548 -64.705184 7454.378748 -1576.578855 -0.361839 0.884270 -0.295192 0.834511 0.166099 -0.525359 -0.415528 -0.436437 -0.798035
29.422855 -64.109506 -2339.711847 -9699.735358 -0.375533 0.817915 -0.435879 0.854706 0.123760 -0.504144 -0.358403 -0.561871 -0.745553
29.753934 -78.159913 4569.972383 -12211.272415 -0.357278 0.873968 -0.329441 0.866654 0.178703 -0.465808 -0.348229 -0.451934 -0.821275
21.333005 -71.152189 9519.416502 887.948992 -0.362926 0.905812 -0.218608 -0.824867 -0.203175 0.527556 -0.433451 -0.371786 -0.820911
-3.227777 -147.571557 2546.340156 -1448.220923 0.824155 -0.474359 0.309440 0.194684 -0.275792 -0.941295 -0.531853 -0.836016 0.134946
-0.911002 -132.209467 -1063.699269 -1929.434860 0.794447 -0.521208 0.311762 0.184586 -0.281831 -0.941541 -0.578603 -0.805552 0.127692
-0.560080 -138.434597 -165.315348 4329.086891 0.797360 -0.506241 0.328539 0.334271 -0.082785 -0.938834 -0.502474 -0.858409 -0.103212
-20.525766 -66.040303 -7049.809641 3677.814496 0.954141 0.139472 0.264882 0.274070 -0.762918 -0.585527 -0.120419 -0.631272 0.766156
-22.986979 -65.297833 -9092.963729 6128.073060 0.918606 0.231195 0.320486 0.392684 -0.624941 -0.674721 -0.044292 -0.745653 0.664861
-34.392843 -79.487334 -6018.395752 2433.648046 0.989863 0.076392 0.119734 0.133648 -0.786294 -0.603224 -0.048065 -0.613112 0.788533
-32.930600 -77.190588 -6071.357869 -1320.400181 0.995984 -0.016504 0.087995 0.026590 -0.883987 -0.466754 -0.085490 -0.467220 0.879999
-21.183763 -69.347754 -5720.966496 -1405.295439 0.986946 -0.020854 0.159695 0.054412 -0.890095 -0.452516 -0.151580 -0.455298 0.877341
-9.488773 -58.165368 -4127.331454 608.461169 0.952772 0.128865 0.274989 0.260786 -0.811182 -0.523426 -0.155615 -0.570419 0.806478
37.536168 -24.394389 15723.847030 274.715399 -0.211151 0.954064 -0.212547 0.598418 -0.045757 -0.799876 0.772859 0.296087 0.561268
53.097367 -28.657766 13956.396394 -5088.408725 -0.100555 0.957901 -0.268915 0.711530 -0.119684 -0.692387 0.695423 0.260964 0.669541
28.228818 -15.137607 7369.299220 -2645.820393 -0.037343 0.917262 -0.396530 0.695409 -0.261111 -0.669497 0.717643 0.300752 0.628122
16.197708 -19.260187 6216.237738 -819.831071 -0.151514 0.947570 -0.281343 0.620674 -0.130315 -0.773163 0.769290 0.291768 0.568388
4.759609 -66.619325 -926.789712 537.483588 -0.650413 0.741158 -0.166275 0.520227 0.594160 0.613464 -0.553468 -0.312504 0.772020
3.000533 -66.349670 -1323.164163 2392.188860 -0.664987 0.726592 -0.172792 0.492213 0.600373 0.630301 -0.561711 -0.334091 0.756878
5.708242 -69.972304 -1429.743255 625.056370 -0.666719 0.723829 -0.177641 0.435088 0.571510 0.695754 -0.605131 -0.386583 0.695967
5.303136 -40.333257 -4573.854411 -2212.317076 -0.472498 0.522190 -0.709974 0.804602 -0.073168 -0.589290 -0.359669 -0.849685 -0.385583
5.428460 -40.894742 -3078.783084 525.515122 -0.543358 0.548875 -0.635215 0.749699 -0.023242 -0.661371 -0.377774 -0.835581 -0.398862
-4.940851 -40.711712 -2229.868564 1443.080500 -0.406914 0.546539 -0.731926 0.796830 -0.179398 -0.576956 -0.446635 -0.817992 -0.362500
-6.643936 -39.427262 -4960.804713 -1013.051267 -0.342221 0.499003 -0.796166 0.842393 -0.212421 -0.495228 -0.416243 -0.840163 -0.347662
-8.235589 -143.672068 8.795485 -7373.151592 0.857849 -0.195353 0.475324 -0.049045 0.889587 0.454126 -0.511557 -0.412883 0.753550
-10.089757 -150.473548 -1124.540949 -7584.883139 0.857522 -0.193813 0.476541 -0.022275 0.911461 0.410783 -0.513964 -0.362870 0.777281
-7.952581 -159.477218 -533.126114 -8973.046013 0.855453 -0.218874 0.469355 0.137125 0.969683 0.202265 -0.499396 -0.108668 0.859532
-10.050695 -136.743246 475.541782 6710.108231 0.869105 -0.162039 0.467333 0.163878 -0.797124 -0.581152 -0.466692 -0.581668 0.666229
-8.423943 -139.997140 -6.740607 -2333.857045 0.845060 -0.211841 0.490914 0.031698 0.936395 0.349512 -0.533731 -0.279798 0.798025
-8.136363 -131.271999 216.464592 8921.719245 0.857238 -0.167111 0.487050 0.203052 -0.759519 -0.617981 -0.473195 -0.628654 0.617156
-7.793206 -130.663356 -931.792697 4131.942682 0.839925 -0.193934 0.506868 0.139860 -0.825072 -0.547444 -0.524370 -0.530703 0.665875
-4.820565 -112.517886 -7.983666 27.723971 -0.904436 0.071358 -0.420598 0.202695 0.939397 -0.276491 0.375379 -0.335322 -0.864089
-3.571355 -132.161418 -165.029852 3333.535783 0.906636 -0.064438 0.416963 0.247166 0.882050 -0.401120 0.341935 -0.466729 -0.815625
-2.843813 -119.516046 -21.127910 4514.524512 0.915400 -0.023257 0.401873 0.226706 0.854738 -0.466934 0.332637 -0.518538 -0.787700
-3.001020 -108.977901 -454.833173 1560.476358 0.917989 -0.046650 0.393853 0.192286 0.920889 -0.339102 0.346875 -0.387025 -0.854336
-4.197826 -103.538970 449.715344 372.236908 -0.907737 0.097850 -0.407970 0.161396 0.979032 -0.124292 0.387253 -0.178669 -0.904496
23.599963 -139.848582 -2209.247931 -23473.551306 0.693502 0.086048 0.715298 0.610902 -0.596531 -0.520527 -0.381907 -0.797964 0.466262
37.733143 -122.638580 5140.451063 -19884.846710 -0.588766 -0.236070 -0.773062 0.731230 -0.563136 -0.384942 -0.344466 -0.791927 0.504177
71.667900 -126.649812 17052.804990 -8496.324377 -0.517115 -0.180162 -0.836740 0.841994 -0.282679 -0.459498 -0.153744 -0.942143 0.297873
35.870439 -196.299128 -7482.933345 -42188.496183 0.725689 -0.028358 0.687438 0.609710 -0.436447 -0.661640 -0.318793 -0.899283 0.299435
-61.244481 -1453.782953 4253.232552 -534927.539179 0.902254 0.131081 0.410799 0.236953 0.645230 -0.726314 0.360266 -0.752659 -0.551101
-127.764621 -5493.183148 -52044.091081 -2173020.986125 0.896099 0.253269 0.364501 0.143424 0.611936 -0.777794 0.420042 -0.749259 -0.512030
-95.576540 -279.867788 -11402.294789 -106208.271385 0.900155 0.408970 0.149882 0.041251 0.262515 -0.964046 0.433612 -0.873973 -0.219434
-41.748043 -215.453629 -5264.090564 -89786.810138 0.941787 0.319118 0.105833 0.034473 0.221466 -0.974559 0.334437 -0.921475 -0.197573
-58.284606 -1575.053836 -11525.898697 -637167.026719 0.959801 0.146945 0.239142 0.153254 0.439433 -0.885106 0.235149 -0.886175 -0.399248
794.019822 -24830.219139 -627545.750056 -12624492.776580 0.972406 0.038637 0.230073 0.121027 0.759560 -0.639078 0.199447 -0.649288 -0.733925
36972.865498 -3285.822116 106233563.913531 1550360.661666 -0.156969 0.862669 0.480795 0.318757 0.505029 -0.802084 0.934748 -0.027354 0.354256
413.314249 -2111.203752 1111423.679373 7751332.738491 0.858374 -0.388940 0.334545 -0.081379 -0.747073 -0.659741 -0.506529 -0.539080 0.672920
-109.839502 -17993.265237 -103094.088353 7015158.692479 -0.117941 -0.068905 -0.990627 0.353277 0.929413 -0.106707 0.928054 -0.362551 -0.085274
-54.023375 -75.438601 2120.500657 9415.274097 0.563782 0.317575 -0.762428 -0.249590 0.945471 0.209257 0.787309 0.072319 0.612303
-54.446296 -60.724523 916.181579 10357.053531 0.652766 0.244171 -0.717131 -0.296021 0.953583 0.055226 0.697329 0.176236 0.694746
-58.250003 -82.665613 1362.239652 12139.567782 0.697457 0.156270 -0.699381 -0.128251 0.987397 0.092726 0.705057 0.025024 0.708709
-57.783748 -91.426596 2716.731722 8299.921045 0.606483 0.233726 -0.759967 -0.068127 0.967579 0.243209 0.792172 -0.095727 0.602743
-7.553857 -42.148819 -2961.214382 -2044.917519 0.328116 0.650072 0.685381 -0.358697 0.756947 -0.546230 -0.873886 -0.066617 0.481545
-7.188148 -39.418236 -3392.744652 -3012.126737 0.392849 0.530780 0.750961 -0.384167 0.836667 -0.390389 -0.835515 -0.135130 0.532592
-14.165174 -43.960478 -2180.503946 -1737.016717 0.414425 0.485250 0.769925 -0.266934 0.873597 -0.406908 -0.870057 -0.036886 0.491570
2.590250 -37.364604 -4942.978425 3059.317219 0.284946 0.703616 0.650946 0.480729 -0.692420 0.538010 -0.829280 -0.159625 0.535550
-0.114002 -40.795449 -2635.009267 2400.595838 0.251616 0.767821 0.589186 0.427074 -0.634382 0.644335 -0.868503 -0.089501 0.487537
-10.613531 -45.072849 -2110.932715 1064.283967 0.296554 0.710375 0.638297 0.291657 -0.703798 0.647769 -0.909391 0.005935 0.415900
-3.832186 -44.957387 -878.774839 -500.286624 -0.447419 0.798375 -0.403007 -0.327247 -0.565528 -0.757026 0.832302 0.206825 -0.514293
-1.350063 -45.075282 -1633.116765 70.842565 -0.432212 0.799066 -0.417955 -0.391300 -0.583761 -0.711413 0.812451 0.143935 -0.564983
-4.972278 -44.845294 -766.841293 -70.202114 -0.443437 0.807585 -0.388805 -0.451845 -0.576050 -0.681177 0.774080 0.126380 -0.620345
-9.384348 -27.828702 1072.997016 -1837.764366 0.454914 0.882025 0.122821 -0.276084 0.008562 0.961095 -0.846659 0.471124 -0.247408
-9.666580 -25.848508 -183.284301 -2259.220067 0.390998 0.893157 0.222240 -0.360988 -0.073299 0.929685 -0.846645 0.443731 -0.293759
-11.821277 -29.883679 -985.818997 -1392.543477 0.382467 0.892152 0.240384 -0.295726 -0.128282 0.946620 -0.875366 0.433138 -0.214769
14.550966 -509.886432 3143.175884 128683.652779 0.736999 -0.561936 0.375580 -0.670381 -0.678569 0.300222 -0.086151 0.473045 0.876816
8.891456 -346.865364 371.753372 34465.212643 0.748395 -0.530829 0.397650 -0.629772 -0.380656 0.677117 0.208066 0.757180 0.619183
7.291282 -319.259009 2140.501016 48305.072811 0.755160 -0.563704 0.334622 -0.639930 -0.523167 0.562837 0.142210 0.639166 0.755806
20.087433 -395.495627 1056.581292 123959.614303 0.752145 -0.492610 0.437736 -0.645848 -0.683051 0.341059 -0.130987 0.539237 0.831905
19.052161 -244.188104 1612.240564 -57165.719709 0.736504 -0.537096 0.411206 0.608141 0.791932 -0.054850 -0.296188 0.290468 0.909891
-287.059405 -471.505076 76030.116539 -128241.808479 0.890590 0.037335 0.453272 0.333954 0.622877 -0.707459 0.308746 -0.781428 -0.542260
-268.217100 -389.000087 -64993.782866 87933.723272 -0.248374 0.338833 -0.907471 0.962600 0.190997 -0.192148 0.108218 -0.921256 -0.373599
-277.148238 -393.349483 38588.782470 -25279.909609 0.744254 -0.442596 0.500195 0.667886 0.497480 -0.553572 0.003829 -0.746071 -0.665855
-51.064556 -90.938012 88.247043 8414.338441 0.499602 -0.672368 -0.546187 0.199273 0.702810 -0.682898 0.843023 0.232337 0.485109
-52.105162 -80.420215 602.066189 5163.808668 -0.441504 0.858148 0.262022 0.376946 0.442399 -0.813753 0.814239 0.260507 0.518797
-42.773847 -72.223914 -393.114324 6472.030436 -0.427996 0.902617 0.045844 0.372492 0.222387 -0.900996 0.823449 0.368546 0.431398
-41.018161 -62.076462 567.423045 4960.323152 -0.395465 0.894150 -0.210008 0.398000 -0.039241 -0.916546 0.827770 0.446045 0.340353
-10.889353 -77.741921 11540.099135 -14129.574319 -0.229356 0.958371 0.170063 0.502527 0.266226 -0.822551 0.833584 0.103196 0.542668
-21.909927 -88.240009 3483.345278 2263.888001 -0.110396 0.972752 0.203879 0.253554 0.225910 -0.940572 0.961001 0.052141 0.271585
-45.331024 -68.009895 -1112.419456 -894.318716 0.516941 -0.305762 0.799551 0.777541 0.558401 -0.289168 -0.358054 0.771167 0.526402
4.498497 -14.720759 460.787508 -3543.067159 -0.233456 0.881057 -0.411385 0.521578 -0.243594 -0.817691 0.820643 0.405464 0.402671
6.107744 -22.820786 1037.087437 -2438.497064 -0.273573 0.886514 -0.373163 0.473772 -0.213438 -0.854391 0.837077 0.410533 0.361615
26.716341 -47.618742 3792.032483 39.952001 0.111355 0.866969 0.485762 0.990519 -0.057255 -0.124878 -0.080453 0.495062 -0.865125
29.460123 -48.762827 824.800764 -101.488532 0.104075 0.903163 0.416492 0.991568 -0.126736 0.027049 0.077214 0.410165 -0.908737
27.795384 -48.151648 2974.267626 -940.579787 0.100035 0.875742 0.472302 0.994977 -0.089816 -0.044202 0.003711 0.474352 -0.880328
26.556499 -48.338102 -4287.416521 480.607246 0.129010 0.934642 0.331363 0.989961 -0.140845 0.011844 0.057741 0.326508 -0.943429
-21.224334 -49.830751 69.436683 1281.431783 -0.657303 0.497575 0.566014 0.037598 0.771770 -0.634789 -0.752688 -0.395968 -0.525995
-20.782345 -51.341713 128.462263 1379.094332 -0.613661 0.477603 0.628741 -0.091143 0.748137 -0.657255 -0.784291 -0.460638 -0.415572
-21.051397 -46.888315 -9.683864 768.385128 -0.597246 0.488245 0.636328 -0.011605 0.788025 -0.615533 -0.801974 -0.375010 -0.464979
-19.710890 -50.782991 -173.626030 754.929130 -0.667171 0.478415 0.570966 -0.067879 0.724261 -0.686177 -0.741806 -0.496554 -0.450731
-21.390698 -44.940163 -1145.436757 276.612091 -0.635124 0.540663 0.551635 0.125374 0.776863 -0.617062 -0.762167 -0.322750 -0.561190
-21.886244 -46.773466 818.380372 683.949664 -0.644000 0.593937 0.482186 0.230833 0.751770 -0.617704 -0.729370 -0.286497 -0.621240
-23.271453 -50.692133 1088.737284 598.978500 -0.678272 0.534878 0.503837 0.117627 0.755861 -0.644079 -0.725335 -0.377596 -0.575596
-21.972792 -51.192483 126.050538 947.882357 -0.704940 0.508872 0.494075 0.034404 0.720312 -0.692797 -0.708433 -0.471382 -0.525283
4.730480 -49.682703 390.537687 -356.334305 0.005973 0.995738 0.092038 0.936510 -0.037839 0.348593 -0.350590 -0.084112 0.932744
0.617490 -56.233302 129.575585 1998.469113 0.254026 0.966295 0.041766 -0.544960 0.178671 -0.819204 0.799056 -0.185338 -0.571979
2.741310 -51.221059 -817.198752 5154.109543 0.243844 0.969770 -0.009310 -0.642490 0.154346 -0.750589 0.726462 -0.189008 -0.660704
1.347635 -54.946392 128.807004 3157.838558 0.228926 0.973418 -0.007143 -0.553292 0.124078 -0.823694 0.800912 -0.192518 -0.566989
3.513442 -57.382245 -154.892265 -1029.774983 0.216161 0.976346 -0.004863 -0.654113 0.141118 -0.743117 0.724852 -0.163814 -0.669144
-0.551996 -60.732005 302.809149 2083.272626 0.241132 0.970446 0.009502 -0.430854 0.115820 -0.894959 0.869609 -0.211709 -0.446048
3.001175 -62.269650 675.921877 -1009.977080 0.242128 0.968132 0.063981 -0.616906 0.204513 -0.760001 0.748866 -0.144547 -0.646765
-2.376475 -59.526271 904.441437 1505.098712 0.245842 0.968481 0.040079 -0.395146 0.137890 -0.908210 0.885111 -0.207439 -0.416590
-1.044815 -57.180223 253.428766 380.775238 0.276172 0.956434 0.094675 -0.446115 0.214818 -0.868812 0.851299 -0.197705 -0.486006
0.155084 -60.449332 156.390325 57.356025 0.283617 0.953202 0.104727 -0.541351 0.249298 -0.802988 0.791517 -0.171047 -0.586722
-10.152268 -109.355424 -483.705957 523.160785 0.172826 0.950786 0.257171 0.873865 -0.268475 0.405316 -0.454412 -0.154684 0.877258
-12.253222 -108.825819 251.708633 -2515.219051 0.165281 0.957394 0.236811 0.758791 -0.276827 0.589578 -0.630014 -0.082245 0.772216
-11.068811 -113.035012 -1470.254391 -606.404557 0.134905 0.950958 0.278353 0.843053 -0.257766 0.472036 -0.520636 -0.170986 0.836482
-8.990437 -109.691880 -520.829233 4649.377848 0.167607 0.947198 0.273358 0.945009 -0.233350 0.229144 -0.280832 -0.219919 0.934221
-8.676947 -107.215707 582.223834 4472.709249 0.216646 0.947803 0.233952 0.915544 -0.280441 0.288326 -0.338886 -0.151729 0.928512
-9.184838 -44.187482 -653.781718 -695.303197 0.020588 0.982102 -0.187220 -0.747390 -0.109261 -0.655340 0.664066 -0.153418 -0.731764
-11.862897 -41.729250 112.599275 3462.470622 -0.002957 0.999769 0.021303 -0.628046 0.014721 -0.778037 0.778170 0.015679 -0.627858
-11.645915 -42.458567 194.084479 3288.142760 -0.023268 0.998809 -0.042879 -0.630609 -0.047945 -0.774618 0.775751 -0.009016 -0.630974
-8.126963 -39.902114 -639.684200 -5199.226089 0.010835 0.998615 -0.051483 -0.408018 -0.042589 -0.911980 0.912909 -0.030887 -0.406992
-9.007046 -42.279755 39.897695 -5060.843513 0.000137 0.996438 -0.084323 -0.423183 -0.076342 -0.902822 0.906044 -0.035808 -0.421665
-5.146446 -108.070036 -264.242504 -997.998355 0.830278 0.470845 -0.298233 0.121782 -0.675423 -0.727305 0.543882 -0.567546 0.618130
-3.802070 -106.253879 -748.537045 -1975.190810 0.835503 0.436288 -0.334048 -0.193268 0.802412 0.564609 0.514376 -0.407171 0.754738
-3.362243 -97.689866 -1178.132173 1633.318238 0.842475 0.441528 -0.308688 0.107743 -0.699498 -0.706466 0.527852 -0.561921 0.636881
-4.220864 -110.132548 68.645749 1724.257297 0.832333 0.435211 -0.343240 -0.184959 0.801845 0.568186 0.522506 -0.409434 0.747898
-4.496459 -102.720741 -1239.005278 -3371.572028 0.839876 0.469845 -0.271762 0.045601 -0.559996 -0.827240 0.540860 -0.682386 0.491752
-4.512594 -114.359471 807.935885 -1899.540951 0.820457 0.480149 -0.310334 0.104947 -0.660084 -0.743825 0.561993 -0.577708 0.591960
-5.534862 -111.645953 465.730639 -2330.805489 0.826017 0.497184 -0.265527 0.026663 -0.505028 -0.862691 0.563015 -0.705518 0.430418
-16.958515 -88.427289 960.228986 3228.209685 0.295457 0.923728 0.243788 -0.637076 0.000342 0.770801 -0.711927 0.383050 -0.588586
-19.110138 -81.139341 1272.538308 1680.082792 0.269440 0.940405 0.207464 -0.643014 0.015311 0.765702 -0.716893 0.339712 -0.608818
-18.714387 -82.125601 2080.820494 1764.675139 0.282442 0.932225 0.226236 -0.535337 -0.042526 0.843567 -0.796016 0.359371 -0.487043
-19.546804 -88.723338 2376.532635 2494.968566 0.300436 0.927586 0.222089 -0.748255 0.084817 0.657967 -0.591484 0.363856 -0.719552
-15.120985 -83.950291 195.571716 1051.722317 0.276669 0.929264 0.244789 -0.462348 -0.094589 0.881639 -0.842430 0.357100 -0.403474
-14.377785 -81.843223 -368.819814 918.086270 0.287964 0.921449 0.260785 -0.490141 -0.092132 0.866760 -0.822702 0.377417 -0.425110
-15.364570 -95.230068 -1184.319328 2745.893773 0.285459 0.933831 0.215574 -0.811909 0.116115 0.572120 -0.509232 0.338343 -0.791332
12.147511 -132.038989 309.267602 -2293.331679 0.881235 0.279032 -0.381532 0.418732 -0.086369 0.903993 -0.219291 0.956390 0.192951
11.471220 -130.182404 238.084560 -4775.174486 0.884123 0.277853 -0.375666 0.341146 0.165543 0.925319 -0.319291 0.946252 -0.051572
9.014303 -130.280933 1838.251505 -3521.219609 0.880863 0.265096 -0.392180 0.421728 -0.063185 0.904518 -0.215004 0.962150 0.167456
8.966936 -236.691835 -6465.047652 56247.060987 0.763558 0.612159 -0.205523 0.599296 -0.553268 0.578566 -0.240465 0.564938 0.789317
5.082988 -266.833054 -6781.511690 24555.451829 0.737330 0.622945 -0.261312 0.385539 -0.070412 0.920001 -0.554710 0.779091 0.292086
17.184927 -255.106671 -6918.937529 50242.906520 0.733660 0.621952 -0.273712 0.561106 -0.327294 0.760289 -0.383279 0.711375 0.589104
-6.880097 -272.829405 -2692.020879 -15883.573913 0.776848 0.579730 -0.245805 0.223578 0.110979 0.968347 -0.588659 0.807215 0.043401
-7.449344 -158.016332 1591.544781 20736.648951 0.839635 0.457025 -0.293498 0.527383 -0.815244 0.239259 0.129925 0.355677 0.925534
-9.026479 -160.749907 3234.156878 17663.834703 0.861360 0.421918 -0.282920 0.505396 -0.768007 0.393370 0.051315 0.481820 0.874766
3.914149 -66.936240 4230.063364 -3331.310513 -0.775680 -0.518287 0.360137 -0.358516 0.831469 0.424412 -0.519410 0.200093 -0.830768
6.802712 -70.644631 4139.467849 -1441.059751 -0.795743 -0.478374 0.371417 -0.217243 0.797916 0.562260 -0.565330 0.366727 -0.738859
-1.485412 -75.432255 4388.591207 -2214.559880 -0.792579 -0.472344 0.385630 -0.214058 0.807696 0.549368 -0.570962 0.352870 -0.741272
-3.500689 -69.684423 1718.915070 -3890.310885 -0.811925 -0.469031 0.347545 -0.308543 0.850197 0.426576 -0.495559 0.239115 -0.835012
0.201819 -63.135073 2946.218729 -4610.869920 -0.795692 -0.495063 0.348978 -0.387977 0.859021 0.334002 -0.465132 0.130367 -0.875589
4.130304 -61.645882 4386.633215 -3996.523111 -0.772489 -0.524722 0.357669 -0.445585 0.849186 0.283438 -0.452454 0.059581 -0.889795
9.579839 -58.791189 1783.040287 -3041.126129 -0.772951 -0.555631 0.306304 -0.471011 0.825970 0.309712 -0.425084 0.095120 -0.900142
-76.071648 -274.185407 -13732.647607 99801.240244 0.710649 0.417610 0.566198 0.253640 0.598582 -0.759846 0.656235 -0.683594 -0.319459
-153.370945 -578.638663 10704.248373 174577.225751 -0.604693 -0.525268 -0.598698 0.159237 0.656792 -0.737067 0.780378 -0.541035 -0.313515
-22.682693 -1132.167698 6923.955125 406399.500606 0.705428 0.587073 0.397135 0.174518 0.399190 -0.900106 0.686961 -0.704267 -0.179145
44.756549 -103.743565 -8178.658821 41107.423529 -0.502939 -0.187552 0.843728 0.860031 -0.011450 0.510112 -0.086012 0.982188 0.167059
395.875918 -8250.991062 -205782.131067 -2109342.237171 0.688354 0.438306 -0.577977 0.615903 -0.774080 0.146503 0.383187 0.456823 0.802795
-53.644810 -2078.124362 -6794.987366 691408.679815 0.830975 0.479626 -0.281850 0.119466 0.340971 0.932452 -0.543331 0.808515 -0.226040
55.127758 -48.388188 734.356129 1432.287051 -0.034582 0.990648 0.131990 0.496765 0.131637 -0.857844 0.867196 -0.035902 0.496671
59.554016 -51.573331 -1687.042750 -636.096863 -0.029924 0.944641 0.326739 0.367697 0.314367 -0.875199 0.929464 -0.093951 0.356748
62.011611 -69.385280 -11104.945413 548.809360 0.134307 0.936924 0.322699 0.452125 0.231840 -0.861298 0.881785 -0.261578 0.392469
59.588199 -70.016943 -9555.545455 558.357734 0.183223 0.951501 0.247132 0.565240 0.103714 -0.818381 0.804322 -0.289635 0.518823
4.934547 -46.706672 -415.975754 -1965.923445 0.150486 0.979335 0.135121 -0.562531 0.197219 -0.802909 0.812965 -0.044817 -0.580585
5.674903 -44.960265 276.065044 -1630.823418 0.147618 0.976410 0.157585 -0.512625 0.211792 -0.832082 0.845828 -0.042048 -0.531796
7.926268 -47.948792 -805.021528 -398.982599 0.163228 0.973338 0.161151 -0.603705 0.227730 -0.763989 0.780318 -0.027417 -0.624781
8.082348 -44.586236 -829.578436 -1073.862185 0.150766 0.972621 0.176856 -0.491918 0.228991 -0.839988 0.857488 -0.039643 -0.512974
-48.097360 -439.232741 -30406.780815 -124442.767920 -0.336609 0.247305 -0.908590 0.938873 0.014165 -0.343972 -0.072196 -0.968834 -0.236956
-171.353211 -476.611192 -13046.210980 -112892.172988 0.715808 -0.020557 0.697995 0.622821 0.470804 -0.624850 0.315773 -0.881999 -0.349808
-92.037677 -408.030987 3623.931598 -94313.632719 -0.472679 0.355341 -0.806416 0.855784 0.403430 -0.323848 0.210256 -0.843195 -0.494788
7.508355 -580.952379 -8143.693328 82612.379721 0.653110 -0.654976 0.380071 0.754812 0.603413 -0.257201 -0.060879 0.454863 0.888478
10.279633 -579.013999 3804.217650 25873.621871 0.684191 -0.661315 0.307480 0.722565 0.671854 -0.162826 -0.098902 0.333579 0.937520
-14.553808 -649.427534 -59.944767 -83611.458377 0.683684 -0.630568 0.367369 0.581338 0.774892 0.248172 -0.441161 0.043895 0.896354
7.451630 -379.308471 -1358.131685 -49358.259302 -0.643988 0.709587 -0.285948 0.710594 0.693283 0.120059 -0.283435 0.125876 0.950694
-108.939909 -1910.686550 2774.113067 -886864.863268 -0.638215 0.684750 -0.351850 0.295442 0.639885 0.709409 -0.710911 -0.348804 0.610689
-28.661578 -458.931134 -8516.736861 11935.575770 0.691181 -0.559348 0.457600 0.396687 0.822927 0.406731 -0.604076 -0.099601 0.790678
-3.977268 -451.765369 719.175656 -117578.386639 0.709174 -0.636979 0.302208 0.330204 0.678807 0.655886 -0.622926 -0.365347 0.691726
9.180106 -321.413310 -112.712071 -2144.136763 0.702896 -0.647013 0.295484 0.516682 0.749948 0.413059 -0.488853 -0.137666 0.861435
-4.636455 -96.849991 2374.492520 -419.004584 0.145285 0.988190 0.048714 0.673051 -0.062624 -0.736940 0.725186 -0.139853 0.674200
-13.863810 -101.232589 3137.684012 -936.085200 0.127206 0.986121 0.106695 0.734986 -0.021481 -0.677742 0.666043 -0.164632 0.727518
-13.611299 -107.441579 3190.463043 -2303.563589 0.170090 0.984055 0.052006 0.624811 -0.066885 -0.777906 0.762024 -0.164807 0.626225
-36.345751 -56.570474 1104.987186 35.792425 0.627578 0.061382 0.776130 0.262800 0.921677 -0.285392 -0.732859 0.383073 0.562293
28.083911 -22.848148 12979.106914 -5024.544431 -0.059415 0.983427 0.171295 0.947595 0.109524 -0.300115 0.313902 -0.144487 0.938397
58.078672 -22.052114 24271.550199 -2839.340229 0.032478 0.986649 0.159589 0.951091 0.018569 -0.308353 0.307200 -0.161798 0.937790
14.782618 -17.522989 8293.934615 -3438.006854 -0.058104 0.979827 0.191215 0.957530 0.108885 -0.266983 0.282417 -0.167582 0.944541
2.697335 -15.182549 987.030672 -1235.726438 -0.059006 0.975231 0.213172 0.962441 0.112265 -0.247194 0.265003 -0.190579 0.945227
3.544566 -20.658569 2388.038315 -4049.053864 -0.141786 0.963245 0.228159 0.944703 0.200518 -0.259477 0.295690 -0.178752 0.938411
-8.634561 -48.824045 -4690.553921 -56.564042 -0.115788 0.896781 0.427055 0.751379 -0.202118 0.628155 -0.649633 -0.393613 0.650419
5.181942 -48.866783 -7509.667124 -467.589696 -0.095512 0.881313 0.462780 0.750023 -0.241953 0.615568 -0.654479 -0.405890 0.637895
-1.492301 -59.826714 2915.841696 3357.563848 -0.684387 0.628577 -0.369467 0.708089 0.693820 -0.131237 0.173851 -0.351432 -0.919930
