12856
25695
-39.780757 -58.379669 218.247196 6307.901996 0.016891 0.965947 -0.258187 0.596369 -0.216996 -0.772824 0.802533 0.140921 0.579726
-48.855356 -69.171361 1591.333363 4774.865935 -0.039917 0.964680 -0.260382 0.705800 -0.157237 -0.690741 0.707286 0.211350 0.674595
-46.710265 -75.190214 -641.750294 11163.513866 -0.242633 0.965070 0.098839 0.607193 0.230533 -0.760376 0.756601 0.124478 0.641919
-39.858326 -58.709419 -442.621005 4317.723181 0.143512 0.830613 -0.538039 0.597622 -0.506083 -0.621875 0.788830 0.232298 0.569022
-32.916467 -63.824711 -5235.509493 12443.309692 -0.132004 0.980866 0.143098 0.503798 0.190713 -0.842506 0.853676 0.039121 0.519334
-36.307346 -47.550663 419.744712 5100.251735 0.140652 0.887349 -0.439123 0.490690 -0.447703 -0.747519 0.859907 0.110333 0.498384
-42.202357 -70.794456 1113.268672 -3622.251151 0.216511 0.971185 -0.099612 0.973389 -0.222589 -0.054473 -0.075076 -0.085167 -0.993534
-41.337525 -67.268915 2627.812303 3741.511692 0.207901 0.962257 -0.175607 -0.955494 0.238201 0.174042 -0.209303 -0.131608 -0.968954
-39.097769 -63.090033 695.813654 2269.430031 0.144205 0.987366 -0.065673 -0.958598 0.155855 0.238325 -0.245550 -0.028587 -0.968962
42.849557 -58.349000 -12258.049876 5200.606696 0.835534 -0.078083 -0.543863 0.459398 -0.443695 0.769473 0.301391 0.892770 0.334851
60.864317 -61.129001 -10723.377276 5802.669927 0.806540 -0.180208 -0.563044 0.468903 -0.385020 0.794915 0.360033 0.905144 0.226034
63.764239 -43.856092 -9458.270959 4064.516378 0.779143 -0.168953 -0.603648 0.463992 -0.492060 0.736606 0.421483 0.854009 0.304993
40.851825 -42.191702 -8456.481979 3893.695780 0.773737 -0.073287 -0.629254 0.475054 -0.590012 0.652848 0.419112 0.804062 0.421699
-8.086106 -45.650238 544.476400 -1339.161693 0.274662 0.922437 -0.271423 -0.679494 -0.013522 -0.733557 0.680330 -0.385911 -0.623077
-8.103959 -42.855159 -190.396310 -5294.161137 0.265455 0.913487 -0.308343 -0.730180 -0.018358 -0.683008 0.629579 -0.406454 -0.662137
-7.452103 -43.335410 117.373334 -4875.326378 0.263146 0.924492 -0.275807 -0.704355 -0.011258 -0.709759 0.659271 -0.381036 -0.648208
-8.620397 -41.718493 107.810964 -491.363714 0.242047 0.937447 -0.250210 -0.785148 0.037734 -0.618158 0.570049 -0.346076 -0.745168
-9.180807 -42.721068 -750.726364 -3070.388883 0.247923 0.927834 -0.278672 -0.704333 -0.024873 -0.709434 0.665168 -0.372163 -0.647338
3.361600 -50.980424 1435.994324 -652.204613 0.017777 0.996373 -0.083216 -0.253582 -0.076015 -0.964323 0.967151 -0.038245 -0.251311
1.090558 -49.698631 1616.994899 1056.798233 0.000926 0.993587 -0.113064 -0.398098 -0.103352 -0.911502 0.917342 -0.045855 -0.395450
1.595179 -48.849729 -581.897384 412.282519 0.037583 0.994732 -0.095376 -0.338476 -0.077129 -0.937809 0.940224 -0.067528 -0.333794
17.846228 -86.159113 2591.206934 1289.404412 0.314967 0.947836 -0.049027 0.948453 -0.316242 -0.020695 -0.035120 -0.039981 -0.998583
21.798000 -89.421508 4130.615704 -9628.097140 0.286455 0.958090 -0.002696 -0.949227 0.284185 0.134934 -0.130045 0.036094 -0.990851
19.437637 -81.883306 -81.340846 -6654.811453 0.265975 0.955615 -0.126713 -0.952708 0.280627 0.116600 -0.146983 -0.089708 -0.985063
15.528004 -84.209827 64.058839 -2698.961143 0.286317 0.948499 -0.135541 0.956444 -0.291337 -0.018350 -0.056894 -0.124384 -0.990602
11.990475 -93.527319 265.874412 -10433.921111 0.329912 0.938781 -0.099237 0.940682 -0.318105 0.118008 0.079216 -0.132282 -0.988042
4.037436 -138.486858 -2378.983298 10606.914710 0.132097 0.990445 -0.039606 0.989386 -0.134185 -0.055768 0.060550 0.031819 0.997658
0.957457 -128.990920 -828.945880 10018.214004 0.144567 0.987999 -0.054384 0.977149 -0.151202 -0.149392 0.155822 0.031544 0.987281
1.603445 -142.767164 -887.533809 6819.658382 0.125029 0.990669 -0.054252 0.978453 -0.114062 0.172104 -0.164310 0.074601 0.983584
2.906765 -121.149901 -1716.388581 6825.004303 0.149147 0.987094 -0.058307 0.948318 -0.159492 -0.274325 0.280084 0.014378 0.959868
7.820658 -151.563072 -2595.668008 8037.140899 0.135306 0.989876 -0.042879 0.988480 -0.137824 -0.062550 0.067826 0.033922 0.997120
6.586923 -133.659753 -3582.102910 3047.394097 0.164818 0.984991 -0.051255 0.939883 -0.172603 -0.294666 0.299090 -0.000392 0.954225
-22.836719 -27.572275 2018.707120 944.246090 0.005455 0.963533 0.267532 -0.788165 -0.160512 0.594164 -0.615439 0.214101 -0.758548
-25.551202 -31.274414 1348.545587 1381.236617 0.036572 0.986821 0.157629 -0.781352 -0.070100 0.620141 -0.623018 0.145844 -0.768491
-20.672231 -28.810904 3563.377183 -404.402602 -0.408692 0.716840 0.564900 -0.593585 -0.678932 0.432097 -0.693273 0.158721 -0.702980
-25.270923 -34.762051 1394.114566 603.925668 0.268365 0.963040 -0.023108 -0.786803 0.232968 0.571548 -0.555807 0.135202 -0.820243
-16.660111 -25.993860 3439.225985 1019.027212 -0.423131 0.674929 0.604509 0.612478 0.704721 -0.358105 -0.667706 0.218723 -0.711568
-22.285886 -33.133752 1345.695029 1597.691780 0.416686 0.906876 -0.062844 -0.740897 0.378853 0.554565 -0.526730 0.184518 -0.829764
-15.698461 -42.146428 4731.938119 -1883.512847 -0.379733 0.829886 -0.408769 0.535418 -0.163180 -0.828674 0.754408 0.533537 0.382371
-15.591625 -37.167758 3798.269153 -1236.975962 -0.500307 0.839448 -0.212180 0.508031 0.086162 -0.857019 0.701140 0.536566 0.469573
-27.277828 -43.887151 5809.073448 -1121.561795 -0.471760 0.861238 -0.188974 0.492152 0.079374 -0.866883 0.731593 0.501965 0.461306
-29.895002 -50.983171 6559.798256 -2684.150015 -0.295593 0.832568 -0.468461 0.514471 -0.274456 -0.812400 0.804950 0.481149 0.347205
-4.378993 -37.258839 1501.914295 1393.761945 0.029415 0.994841 -0.097091 -0.820840 -0.031387 -0.570294 0.570400 -0.096472 -0.815682
-0.717979 -35.084947 1472.040623 1016.430482 0.014895 0.994967 -0.099087 -0.842415 -0.040895 -0.537275 0.538623 -0.091474 -0.837566
-2.776821 -38.102063 1572.540093 859.823669 0.036529 0.996000 -0.081543 -0.778785 -0.022761 -0.626878 0.626226 -0.086404 -0.774839
-4.679578 -33.935443 1719.345713 1192.309201 -0.006133 0.993053 -0.117511 -0.870680 -0.063098 -0.487786 0.491811 -0.099323 -0.865018
-8.179401 -39.458983 1227.752625 816.125472 0.062064 0.994139 -0.088515 -0.761399 -0.010180 -0.648204 0.645306 -0.107625 -0.756305
-8.156544 -36.987484 1759.668684 1198.367544 0.018627 0.993652 -0.110949 -0.834608 -0.045649 -0.548949 0.550529 -0.102824 -0.828459
1.315482 -36.588577 -1138.144249 -2892.278838 0.169573 0.979784 -0.106147 -0.178575 -0.075376 -0.981035 0.969204 -0.185313 -0.162183
3.160336 -43.199275 -1777.676451 -2513.036837 0.183311 0.976086 -0.116846 -0.285262 -0.060930 -0.956511 0.940757 -0.208671 -0.267271
3.887229 -41.461851 345.246918 -2473.406417 0.164152 0.977425 -0.133022 -0.264848 -0.086229 -0.960427 0.950216 -0.192886 -0.244714
3.092437 -33.319630 305.134512 -2816.830020 0.167268 0.979082 -0.115847 -0.138367 -0.093027 -0.986002 0.976154 -0.180956 -0.119912
-1.178153 -28.713350 -752.850486 -2608.241922 0.168368 0.981754 -0.088377 -0.079759 -0.075794 -0.993928 0.982492 -0.174395 -0.065542
-12.387333 -262.097718 -2368.426063 -32401.897132 0.995587 -0.053294 0.077240 -0.024428 0.647534 0.761645 0.090607 0.760170 -0.643375
-14.288700 -268.097948 1925.649416 -2685.622738 0.987596 -0.081083 0.134460 -0.083192 0.456062 0.886051 0.133166 0.886247 -0.443660
-13.078995 -248.415840 -794.692745 11043.519100 0.990566 -0.072962 0.115999 -0.098217 0.212306 0.972255 0.095565 0.974476 -0.203136
-10.374987 -219.191997 -1647.719936 -15208.570156 0.987121 -0.096136 0.127865 -0.065102 0.488704 0.870018 0.146128 0.867137 -0.476151
-7.838023 -215.239078 1798.185096 -12346.549621 0.995312 -0.072516 -0.063997 -0.096523 -0.786662 -0.609792 0.006124 -0.613110 0.789974
-6.636717 -211.875144 -1315.519447 8588.173884 0.988566 -0.146081 -0.037374 -0.125513 -0.659834 -0.740854 -0.083564 -0.737075 0.670625
-12.445491 -201.467488 1106.931479 14579.819845 0.993586 -0.101338 -0.050177 -0.093014 -0.480065 -0.872288 -0.064307 -0.871360 0.486412
28.973037 -58.061866 5869.012405 3383.983083 0.690006 0.038280 -0.722790 -0.327564 0.907001 -0.264671 0.645440 0.419385 0.638375
38.060543 -62.108657 7293.153567 1591.579409 0.749048 -0.060626 -0.659736 -0.187090 0.935917 -0.298423 0.635550 0.346963 0.689705
21.692656 -60.584034 5615.164330 -1205.241489 0.781484 -0.148993 -0.605875 -0.181378 0.874881 -0.449094 0.596980 0.460852 0.656681
11.311334 -76.325473 6472.912526 4748.620846 0.821671 -0.294692 -0.487866 0.102663 -0.765440 0.635265 0.560639 0.572065 0.598686
4.446808 -56.942859 3325.337831 -662.202145 0.759027 -0.082542 -0.645805 -0.304287 0.831951 -0.463969 0.575575 0.548675 0.606357
6.975971 -632.658339 -22838.327714 -198420.838110 0.657285 -0.157113 0.737083 -0.336277 0.814127 0.473407 -0.674458 -0.559028 0.482280
47.715840 -1431.219033 -12286.832584 -443279.776187 0.717780 -0.211587 0.663342 0.161679 0.977317 0.136789 -0.677238 0.009064 0.735708
60.036371 -801.142266 -2312.236487 274767.366016 0.799323 -0.226686 0.556504 0.248844 -0.718099 -0.649931 -0.546955 -0.657987 0.517584
-41.752191 -1827.745702 -15940.881382 418544.330887 0.634117 0.160375 0.756422 -0.005058 0.979094 -0.203346 -0.773220 0.125119 0.621672
26.297503 -715.067152 4964.719675 274908.355017 0.835305 -0.066701 0.545725 0.466471 -0.439369 -0.767698 -0.290981 -0.895827 0.335893
-15.166837 -722.287095 -18960.142851 -204431.183359 0.654418 -0.043134 0.754902 -0.390454 0.835686 0.386231 -0.647520 -0.547511 0.530046
10.523459 -2028.584614 -12652.748580 573204.852847 0.788635 -0.050761 0.612762 0.536373 -0.430419 -0.725977 -0.300596 -0.901201 0.312217
-0.309118 -84.224315 8.773110 -323.476152 0.939015 -0.343293 0.020027 0.338878 0.913900 -0.223492 -0.058421 -0.216649 -0.974500
-2.244791 -88.487547 717.869479 4487.608576 0.949320 -0.313203 0.026355 0.299207 0.874842 -0.380954 -0.096259 -0.369533 -0.924218
-0.781046 -81.417746 763.421494 185.831565 0.931492 -0.362069 0.035059 0.360185 0.904555 -0.228138 -0.050889 -0.225136 -0.972997
30.214319 6.125561 -1027.840141 6008.225929 0.417324 0.908704 -0.009874 -0.609342 0.287870 0.738805 -0.674198 0.302305 -0.673847
27.760130 10.856039 2209.740995 2949.767746 0.397090 0.901221 0.173553 -0.705724 0.178938 0.685518 -0.586747 0.394693 -0.707068
29.802283 12.319631 -299.536880 -2453.406913 0.146149 0.958932 0.243086 -0.814208 -0.022966 0.580119 -0.561877 0.282706 -0.777413
28.603629 14.367728 -1661.995491 6833.227831 0.324042 0.945985 -0.010439 -0.636574 0.226190 0.737301 -0.699837 0.232271 -0.675484
-14.566945 -26.817322 1028.308090 2488.879164 0.496533 0.867473 0.030757 -0.711125 0.386212 0.587488 -0.497751 0.313579 -0.808648
-12.915675 -21.679582 1661.931840 2349.330221 0.403020 0.904130 0.141859 -0.755246 0.241021 0.609518 -0.516892 0.352787 -0.779977
-12.443527 -26.389239 1125.536396 2601.466701 0.506590 0.859181 0.071929 -0.721293 0.376624 0.581284 -0.472338 0.346355 -0.810515
-54.037588 -76.472063 -413.113150 -1358.187006 -0.026291 -0.853134 0.521028 0.987185 -0.104223 -0.120842 0.157398 0.511175 0.844942
-56.817144 -75.527404 591.645921 316.985703 -0.079305 -0.843162 0.531779 0.996693 -0.076540 0.027279 0.017702 0.532184 0.846443
-55.220234 -76.405430 381.910128 -1797.623377 0.023514 -0.916210 0.400007 0.996851 -0.008822 -0.078806 0.075732 0.400601 0.913118
96.750216 -4384.444125 16369.206604 -1520313.559020 0.821416 -0.569262 -0.034872 -0.394769 -0.611631 0.685613 0.411622 0.549407 0.727130
-12.028760 -473.844814 -923.738482 137615.580598 -0.588443 0.772936 -0.237286 0.355033 -0.016659 -0.934705 0.726420 0.634266 0.264615
71.056841 -2179.244564 -83195.791174 704678.704372 -0.694821 0.711632 0.103944 0.161811 0.295514 -0.941535 0.700743 0.637379 0.320479
-45.642601 -1143.788960 -21919.480258 324690.370789 -0.577048 0.809120 -0.111091 0.164992 -0.017726 -0.986136 0.799871 0.587377 0.123270
2.047516 -506.975357 -6804.493295 130009.152959 0.587719 -0.726079 0.356925 0.598599 0.093440 -0.795581 0.544303 0.681233 0.489547
-33.280770 -593.047144 -2055.341479 143240.500596 0.661770 -0.683246 0.308602 0.668374 0.351211 -0.655689 0.339612 0.640177 0.689084
-0.280800 -149.114116 4997.296286 26609.098746 0.832850 -0.478171 0.278770 0.125238 -0.327790 -0.936413 -0.539144 -0.814804 0.213114
3.439375 -140.918694 3449.736169 -12495.771781 0.826183 -0.529254 0.193163 0.121075 -0.168055 -0.978314 -0.550239 -0.831654 0.074765
9.850656 -134.883382 3058.286633 12567.657134 0.821704 -0.503614 0.266788 0.093164 -0.343125 -0.934658 -0.562248 -0.792867 0.235028
17.067717 -128.703251 2157.001828 12182.174313 0.794934 -0.538980 0.278533 0.065829 -0.379761 -0.922739 -0.603114 -0.751852 0.266404
13.959686 -144.792021 3493.517884 24614.856059 0.809927 -0.486490 0.327636 0.038957 -0.512747 -0.857655 -0.585236 -0.707402 0.396335
1.072862 -170.172028 5346.231161 27887.612042 0.837326 -0.436129 0.329663 0.052935 -0.535490 -0.842881 -0.544136 -0.723216 0.425293
-53.083740 -68.519649 7922.803342 -10492.867887 -0.600485 0.789543 -0.126647 0.335619 0.392606 0.856283 -0.725795 -0.471680 0.500739
-42.217664 -53.281862 1549.121063 -12436.115471 -0.574102 0.814403 0.084586 0.333160 0.137982 0.932719 -0.747938 -0.563657 0.350542
-31.531796 -61.547867 35789.492490 -5858.278234 0.122994 -0.460888 -0.878894 0.727376 -0.560614 0.395774 -0.675128 -0.687964 0.266287
-14.366419 -87.224661 3871.986449 10632.763581 -0.301029 -0.278218 0.912127 0.709479 -0.704463 0.019273 0.637198 0.652937 0.409454
-20.196085 -90.424065 2004.788714 9404.428509 -0.323665 -0.222280 0.919691 0.752406 -0.649829 0.107736 0.573694 0.726852 0.377572
-19.372617 -105.612984 3242.377377 8936.311846 -0.234434 -0.346972 0.908103 0.864752 -0.501196 0.031743 0.444123 0.792725 0.417542
-24.776883 -106.772598 3244.266966 6628.814063 -0.248173 -0.305549 0.919266 0.911017 -0.396226 0.114247 0.329329 0.865820 0.376694
26.768540 -47.538106 6652.086579 492.584946 0.036893 0.997367 -0.062433 0.105282 0.058248 0.992735 -0.993758 0.043198 0.102856
23.300783 -46.475941 6949.010317 364.380866 0.071386 0.993924 -0.083785 0.207600 0.067355 0.975892 -0.975606 0.087059 0.201531
26.777475 -47.044453 999.618138 183.591905 -0.061211 0.997411 -0.037748 0.212334 0.049965 0.975919 -0.975278 -0.051721 0.214843
25.788952 -46.915662 5044.827267 629.980578 0.034397 0.996604 -0.074814 0.321448 0.059848 0.945034 -0.946302 0.056555 0.318297
24.438967 -46.515037 -4093.815900 -231.757127 -0.139120 0.990258 -0.005965 0.350811 0.054916 0.934835 -0.926055 -0.127961 0.355033
-1.228945 -35.627531 -1832.534244 -2726.382643 -0.179184 0.982878 -0.042932 -0.462859 -0.045714 0.885252 -0.868133 -0.178495 -0.463125
-3.350576 -40.329334 -2247.639533 -1777.115069 -0.180544 0.982488 -0.046053 -0.368018 -0.024058 0.929508 -0.912122 -0.184766 -0.365916
-6.353511 -37.260505 -1521.279761 -2875.116590 -0.165280 0.985089 -0.047771 -0.454652 -0.033120 0.890053 -0.875199 -0.168827 -0.453347
-4.578850 -30.196034 -1347.608080 -2830.612878 -0.176528 0.983653 -0.035569 -0.525033 -0.063534 0.848707 -0.832573 -0.168496 -0.527666
-0.131760 -27.717200 -1511.528268 -2511.687853 -0.159433 0.985584 -0.056621 -0.544614 -0.039972 0.837734 -0.823394 -0.164399 -0.543135
1.826112 -53.534736 -457.324712 -3242.001039 0.435798 -0.652525 0.619913 0.698712 0.679436 0.223986 -0.567347 0.335528 0.752023
3.576754 -49.347725 272.693364 -469.282651 0.426979 -0.669845 0.607450 0.679994 0.680659 0.272603 -0.596068 0.296667 0.746118
1.588048 -56.332247 -364.886174 -3813.173744 -0.396813 0.689165 -0.606293 0.741837 0.629780 0.230337 -0.540571 0.358370 0.761153
-63.007566 -99.040792 -4800.006951 -271.124931 0.629962 -0.776437 0.017127 0.776585 0.629548 -0.024207 0.008013 0.028550 0.999560
-55.082959 -97.149336 3277.003337 1504.981523 -0.685739 0.719070 -0.112693 0.707272 0.694872 0.130073 -0.171839 -0.009492 0.985079
-64.314460 -100.861553 -4746.272229 314.381559 0.721015 -0.692691 -0.017785 -0.673483 -0.694524 -0.253094 -0.162964 -0.194463 0.967278
-52.595862 -91.077651 -4174.582056 -180.119699 0.613041 -0.771545 0.169995 0.789178 0.608130 -0.085876 -0.037122 0.186802 0.981696
-57.929316 -93.472878 -6014.115468 -955.734862 0.525630 -0.840659 0.130406 0.842767 0.493665 -0.214565 0.115999 0.222683 0.967965
-0.792170 -155.378461 -977.651846 -8830.885930 -0.196782 0.626578 0.754106 0.178542 0.779186 -0.600826 -0.964054 0.016407 -0.265200
-0.641243 -148.046318 -409.398633 -7172.328092 -0.171209 0.655494 0.735537 0.439625 0.718944 -0.538376 -0.881713 0.231186 -0.411261
-0.147330 -158.494792 -1524.180977 -7707.758995 -0.190057 0.658181 0.728475 0.433594 0.721987 -0.539195 -0.880837 0.213385 -0.422602
0.217413 -159.324702 -650.075026 70.372371 -0.191266 0.610658 0.768449 0.109600 0.791294 -0.601533 -0.975400 -0.030830 -0.218276
0.361487 -169.421829 -396.472286 -17264.963041 -0.176092 0.644916 0.743690 0.293121 0.755577 -0.585818 -0.939719 0.114833 -0.322090
5.945679 -10.320357 -2451.417934 -1241.685321 -0.791359 -0.312504 0.525445 -0.112309 0.919166 0.377520 -0.600948 0.239741 -0.762487
-0.461706 -17.450382 -1667.976400 -3070.752108 -0.734228 -0.553640 0.392927 -0.314275 0.790196 0.526139 -0.601781 0.262819 -0.754179
3.403339 -15.291927 -1802.437358 -2455.224973 -0.782892 -0.342524 0.519382 -0.124467 0.904159 0.408663 -0.609580 0.255293 -0.750492
12.752312 -9.841337 -2739.557688 -1458.620719 -0.772839 -0.078620 0.629713 0.086698 0.969911 0.227498 -0.628652 0.230415 -0.742769
-0.466381 -128.833897 2806.861846 11436.346987 -0.607605 0.102376 -0.787614 -0.020431 0.989315 0.144355 0.793977 0.103802 -0.599021
4.142364 -106.639864 4360.110722 3294.224561 -0.610320 0.080035 -0.788102 -0.172283 0.957658 0.230673 0.773194 0.276561 -0.570689
-3.653995 -120.099306 1405.562590 -1470.257408 -0.617298 0.158951 -0.770505 -0.158938 0.933987 0.320011 0.770508 0.320005 -0.551285
-6.108347 -128.676150 834.499763 -2623.732606 -0.598366 0.176265 -0.781593 -0.138237 0.938161 0.317404 0.789207 0.297969 -0.536997
-9.605870 -148.086639 -512.987299 -17088.266811 -0.607858 0.247547 -0.754473 -0.278506 0.823334 0.494525 0.743601 0.510726 -0.431527
685.585605 -675.479332 286483.581333 -78964.221797 -0.455495 -0.719376 0.524426 0.797028 -0.067115 0.600201 -0.396573 0.691371 0.603934
-26.763005 -411.305740 -4671.437987 126767.112955 0.365987 -0.458045 0.810092 0.844894 0.528472 -0.082899 -0.390139 0.714781 0.580413
-37.542933 -1257.066751 -7926.285947 470362.696103 0.480604 -0.299915 0.824057 0.444752 0.893240 0.065707 -0.755788 0.334923 0.562683
-17.911305 -706.300343 5047.291817 197996.322394 0.506878 -0.280138 0.815229 0.574309 0.815007 -0.077021 -0.642841 0.507233 0.573995
-51.032960 -2351.451022 -6399.137828 559197.487713 0.470992 -0.339882 0.814031 0.055395 0.932368 0.357241 -0.880396 -0.123164 0.457966
-2.386993 -1748.969085 -5935.623229 -803890.641791 0.528429 -0.263002 0.807213 -0.272736 0.847818 0.454774 -0.803977 -0.460472 0.376281
-81.991882 -1577.382743 -2922.668135 -82890.540046 0.412539 -0.334507 0.847299 -0.016675 0.927209 0.374174 -0.910787 -0.168490 0.376932
30.164242 -21.845966 1690.660161 -1998.884546 0.147045 0.961350 0.232774 -0.802499 -0.021627 0.596262 -0.578250 0.274478 -0.768302
23.881650 -21.901249 5031.834860 -695.602503 0.212108 0.926832 0.309826 -0.784258 -0.027715 0.619816 -0.583052 0.374451 -0.720997
28.012925 -28.852509 1911.384261 -1069.345845 0.230396 0.960529 0.155889 -0.732943 0.065918 0.677089 -0.640088 0.270256 -0.719200
31.996325 -29.178554 -2755.440654 -2463.451065 0.156946 0.982115 0.104014 -0.762164 0.053468 0.645172 -0.628072 0.180532 -0.756924
24.794646 -33.254026 1277.454302 -1565.638333 0.309451 0.948050 0.073770 -0.630753 0.146589 0.762012 -0.711611 0.282336 -0.643348
27.936893 -35.425008 -2590.311233 -1703.480077 0.201510 0.978795 0.036798 -0.695217 0.116462 0.709302 -0.689976 0.168514 -0.703943
-3.335108 -50.857051 1364.096663 -2075.989472 0.501985 -0.613156 0.609960 0.696620 0.704622 0.135009 -0.512573 0.357138 0.780847
-6.249062 -48.851599 1769.810339 -1354.218094 0.525238 -0.579423 0.623213 0.655447 0.742535 0.137956 -0.542692 0.336023 0.769788
-1.979607 -50.338386 1250.582199 1591.082853 0.530377 -0.580062 0.618246 0.630519 0.757393 0.169710 -0.566698 0.299806 0.767444
102.972310 -378.793817 -23004.851753 27648.504065 0.001481 0.561603 0.827406 0.997471 -0.059625 0.038685 0.071059 0.825256 -0.560271
65.772996 -467.745922 -18587.660322 155616.696054 -0.017095 0.599787 0.799977 0.816898 -0.452966 0.357071 0.576529 0.659604 -0.482221
119.529155 -479.145383 -12884.557743 132060.738710 -0.037381 0.375121 0.926222 0.896228 -0.397394 0.197115 0.442017 0.837474 -0.321339
152.748137 -530.988653 -31078.909511 -60836.593078 -0.001258 0.365077 0.930976 0.981873 0.176905 -0.068045 -0.189536 0.914015 -0.358682
254.303411 -727.418949 -72128.043533 -192415.633494 -0.021340 0.616510 0.787058 0.888272 0.372976 -0.268072 -0.458822 0.693401 -0.555588
67.598292 -336.310785 -21910.600748 -27297.811189 -0.011013 0.646947 0.762456 0.978461 0.164164 -0.125161 -0.206140 0.744654 -0.634820
-50.413750 -207.124615 -10184.595200 55279.110547 -0.024671 0.952174 0.304557 -0.062988 -0.305525 0.950098 -0.997709 -0.004257 -0.067513
-120.421327 -367.165655 -21764.061204 113439.718559 0.099009 0.919513 0.380386 -0.092861 -0.372059 0.923552 -0.990744 0.126763 -0.048550
-70.720102 -326.403044 -17289.642501 84003.911824 -0.019343 0.965676 0.259028 -0.382215 -0.246540 0.890578 -0.923871 0.081778 -0.373865
-137.760115 -307.090519 -28753.298198 69046.244430 0.080094 0.917401 0.389822 -0.512742 -0.297452 0.805368 -0.854798 0.264383 -0.446566
-25.581257 -319.394092 -7811.914696 84182.696607 -0.070815 0.964184 0.255606 -0.319898 -0.264666 0.909735 -0.944802 0.017345 -0.327183
-45.874467 -243.357188 -12831.675022 15946.778488 -0.017972 0.979258 0.201821 -0.741296 -0.148503 0.654544 -0.670938 0.137846 -0.728588
-114.649150 -264.207844 -30019.633169 -9488.608682 0.090699 0.971151 0.220543 -0.813929 -0.055319 0.578324 -0.573841 0.231960 -0.785431
-61.042007 -80.351147 2985.959994 4634.926792 -0.318717 0.947616 0.021039 0.738448 0.262160 -0.621263 0.594235 0.182470 0.783320
-52.420645 -76.722070 466.443706 3391.212758 -0.066501 0.956940 -0.282564 0.818881 -0.109461 -0.563429 0.570097 0.268855 0.776341
-44.323123 -69.982468 -748.321512 4242.602329 0.076256 0.874385 -0.479204 0.742620 -0.370512 -0.557886 0.665358 0.313324 0.677589
-57.297023 -69.528787 697.086689 4196.946579 -0.281788 0.874297 0.395222 0.893497 0.089003 0.440162 0.349656 0.477161 -0.806261
-56.001161 -63.134647 657.930820 -1862.784822 0.119420 0.829717 0.545259 -0.852741 0.366992 -0.371686 0.508500 0.420578 -0.751360
-56.520395 -70.350958 -1760.931856 -4855.240230 -0.147804 0.952070 0.267799 -0.884724 -0.006252 -0.466072 0.442059 0.305816 -0.843244
-55.934522 -61.432809 3191.767420 2149.332565 0.024244 0.735814 0.676750 0.907625 -0.299980 0.293647 0.419081 0.607116 -0.675116
-56.571331 -74.898904 -407.868048 534.145600 -0.248358 0.922918 0.294178 0.945691 0.165261 0.279922 0.209729 0.347722 -0.913840
-58.741838 -74.790987 -1003.445370 1723.076187 -0.334881 0.848480 0.409801 0.928683 0.223641 0.295858 0.159382 0.479653 -0.862862
-57.448850 -69.906622 1322.680044 5778.933379 -0.309913 0.792088 0.525880 0.907079 0.080591 0.413174 0.284889 0.605063 -0.743463
65.974767 -115.336900 -1800.893832 6322.332731 0.091805 0.994087 -0.057987 -0.819767 0.108508 0.562324 -0.565291 0.004089 -0.824881
64.700770 -118.928754 -1614.311694 5036.684144 0.062253 0.987886 -0.142144 -0.900021 0.117122 0.419814 -0.431377 -0.101798 -0.896410
71.016483 -128.003783 -1969.924759 5000.415290 0.101793 0.994790 -0.005554 -0.945912 0.098517 0.309102 -0.308039 0.026210 -0.951013
66.384199 -110.080901 -268.988070 3895.871401 0.167030 0.980837 0.100298 -0.849964 0.091692 0.518801 -0.499662 0.171905 -0.848991
62.619250 -73.049332 -3085.895408 8166.527278 0.723265 -0.316620 -0.613710 0.527568 -0.320110 0.786894 0.445601 0.892906 0.064485
51.074021 -80.896467 -8293.872249 8172.191773 0.813080 -0.199169 -0.547021 0.506995 -0.219543 0.833521 0.286106 0.955056 0.077528
45.101422 -92.211244 -1677.450071 9178.193402 0.718054 -0.319999 -0.618061 0.608414 -0.142638 0.780696 0.337981 0.936619 -0.092270
47.393228 -93.120013 -6189.263957 11427.199104 -0.567826 0.457270 0.684454 0.648442 -0.263709 0.714129 0.507046 0.849330 -0.146772
-7.380059 -46.356952 -656.793001 -6748.733456 0.285059 0.898448 -0.333964 -0.751011 -0.007144 -0.660251 0.595587 -0.439021 -0.672708
-8.639519 -45.562831 -209.958094 -581.574798 0.242184 0.914796 -0.323256 -0.834598 0.026524 -0.550220 0.494765 -0.403043 -0.769911
-9.340208 -43.768207 -187.805391 1271.054540 0.241150 0.922424 -0.301629 -0.831409 0.036039 -0.554492 0.500606 -0.384492 -0.775602
-7.922561 -46.230389 -583.114255 -1354.883866 0.285669 0.897938 -0.334813 -0.723694 -0.026895 -0.689597 0.628221 -0.439299 -0.642149
16.797439 -93.380447 4944.546860 615.486072 0.258660 0.965361 0.034244 -0.847798 0.209884 0.487018 -0.462961 0.155004 -0.872720
18.619631 -96.408523 3787.653405 -10809.813735 0.270186 0.962789 0.006064 -0.930274 0.259428 0.259397 -0.248172 0.075726 -0.965752
14.962330 -101.728080 -431.351018 -5796.176496 0.249269 0.967992 -0.029269 -0.890847 0.241046 0.385081 -0.379811 0.069915 -0.922418
11.930160 -104.698896 -1267.729870 -6291.821357 0.283855 0.958690 -0.018452 -0.895606 0.271953 0.352039 -0.342514 0.083403 -0.935803
11.775447 -98.965425 -1748.223656 6221.219206 0.230097 0.973159 -0.004088 -0.758001 0.181856 0.626389 -0.610320 0.141031 -0.779500
-6.039138 -83.493216 1588.878731 -533.488872 0.434342 0.900719 -0.007277 -0.326050 0.164748 0.930887 -0.839666 0.401950 -0.365236
-7.992975 -84.007621 374.507277 -1002.121319 0.410764 0.910405 -0.049351 -0.270688 0.173460 0.946911 -0.870633 0.375598 -0.317687
-4.287001 -82.029180 2001.133535 1051.952169 0.440730 0.897567 -0.011398 -0.122046 0.072498 0.989873 -0.889304 0.434876 -0.141497
-0.485333 -108.266976 -275.229531 5148.343442 0.190786 0.978800 -0.074502 0.908602 -0.204809 -0.364000 0.371542 -0.001754 0.928415
-0.917063 -118.802878 494.444980 11009.084868 0.152794 0.985770 -0.070084 0.971276 -0.162880 -0.173473 0.182419 0.041565 0.982342
1.532105 -115.154636 -111.132185 3005.228916 0.185571 0.979183 -0.082240 0.897158 -0.202975 -0.392312 0.400838 0.000981 0.916149
-27.914520 -34.670042 533.864214 1763.142386 0.071436 0.997081 0.026946 -0.780448 0.039052 0.624000 -0.621126 0.065606 -0.780960
-6.897418 -33.442607 2709.076778 -1585.245827 -0.408820 0.830581 -0.378156 0.567347 -0.093256 -0.818181 0.714831 0.549034 0.433103
-11.295636 -31.519287 1835.916860 -661.861366 -0.564238 0.817544 -0.115140 0.484246 0.214757 -0.848166 0.668686 0.534324 0.517066
1.166680 -36.163513 1579.035499 760.235174 0.012120 0.995353 -0.095525 -0.804303 -0.047055 -0.592354 0.594096 -0.084011 -0.799995
3.585162 -34.821993 1247.354852 610.075070 0.014758 0.994460 -0.104076 -0.832691 -0.045399 -0.551873 0.553541 -0.094808 -0.827408
1.322026 -32.640975 607.277382 993.347040 0.029443 0.994365 -0.101841 -0.882796 -0.021920 -0.469246 0.468834 -0.103721 -0.877175
-1.109807 -31.941208 1241.116792 891.473063 -0.000359 0.993333 -0.115283 -0.887957 -0.053338 -0.456824 0.459927 -0.102202 -0.882055
16.388352 -51.555440 -2266.500004 110.800143 0.187123 0.979432 -0.075482 -0.722684 0.085210 -0.685906 0.665367 -0.182898 -0.723765
9.462591 -51.069087 -3078.819189 398.882983 0.187753 0.975303 -0.116328 -0.639220 0.031407 -0.768383 0.745753 -0.218625 -0.629330
15.088626 -50.291895 -686.441281 574.561159 0.168948 0.984937 -0.036831 -0.641358 0.081485 -0.762902 0.748409 -0.152513 -0.645464
9.465555 -48.863743 -1248.988902 -465.703637 0.172659 0.981997 -0.076614 -0.515048 0.023710 -0.856833 0.839592 -0.187400 -0.509870
20.208209 -51.412664 705.253842 -4.911336 0.173362 0.984842 -0.005617 -0.708042 0.120668 -0.695785 0.684560 -0.124600 -0.718229
18.269247 -49.646745 535.920322 116.372719 0.166200 0.985592 0.031409 -0.659052 0.134716 -0.739934 0.733504 -0.102277 -0.671946
-16.635894 -297.802468 2218.654127 64172.382190 0.990974 -0.074807 0.111243 -0.113280 -0.023548 0.993284 0.071685 0.996920 0.031810
-10.720239 -245.420313 655.871548 -34287.011672 0.993370 -0.062394 0.096555 -0.019591 0.735730 0.676992 0.113278 0.674395 -0.729629
-9.927045 -245.300154 321.788891 -6521.255449 0.993229 -0.062337 0.098032 -0.065289 0.398455 0.914861 0.096091 0.915067 -0.391687
-8.860513 -288.417311 1070.891462 51954.914260 0.992295 -0.066014 0.104850 -0.103579 0.022406 0.994369 0.067991 0.997567 -0.015395
63.641927 -73.724562 10603.425661 7542.535817 0.629332 0.081379 -0.772864 -0.233293 0.968417 -0.087997 0.741293 0.235683 0.628441
70.212092 -86.300547 2659.616143 3767.945028 0.829602 -0.059886 -0.555134 -0.060387 0.978777 -0.195830 0.555080 0.195984 0.808379
111.059321 -1560.524466 555.649210 -554510.793175 0.885227 -0.220898 0.409363 -0.002308 0.877950 0.478746 -0.465154 -0.424744 0.776675
48.244004 -635.763885 118.521970 -59515.718471 0.861797 -0.111806 0.494779 0.171430 0.982211 -0.076642 -0.477408 0.150870 0.865633
55.423711 -935.093924 -13723.502662 -72866.979539 0.840876 -0.151309 0.519647 -0.437187 -0.755885 0.487345 -0.319054 0.636980 0.701756
753.761280 -3488.153132 -225563.624560 1514530.227714 0.621642 -0.229261 0.749000 0.622424 0.725103 -0.294642 -0.475552 0.649358 0.593452
7.892599 -116.490299 463.484356 -3956.057845 0.909014 -0.416009 0.025118 0.315470 0.726208 0.610820 0.272347 0.547319 -0.791371
7.861706 -120.720126 -947.805353 -3014.998574 0.928797 -0.370590 0.000190 0.267207 0.670048 0.692558 0.256782 0.643194 -0.721362
5.181293 -108.710605 -1229.370434 -3753.394376 0.933808 -0.357759 -0.003266 0.317598 0.824707 0.467964 0.164725 0.438026 -0.883742
6.377235 -101.575906 -217.885489 -3928.399922 0.920581 -0.389804 0.024161 0.356815 0.864600 0.353766 0.158790 0.317049 -0.935022
5.931507 -102.736960 1127.148816 -3134.670912 0.903073 -0.426652 0.049261 0.371662 0.833809 0.408204 0.215236 0.350329 -0.911561
6.315741 -119.977146 1622.479604 -3118.694689 0.885514 -0.463218 0.035974 0.292423 0.615830 0.731602 0.361045 0.637325 -0.680782
9.970224 -127.078173 1029.141454 -4497.156095 0.897829 -0.439912 0.019507 0.243897 0.533684 0.809751 0.366629 0.722260 -0.586450
5.855023 -108.572208 1052.650188 -4405.714850 0.896860 -0.440433 0.040746 0.354942 0.771609 0.527860 0.263927 0.458954 -0.848354
-2.554229 -89.578388 425.400962 6203.937619 0.952645 -0.304021 0.006189 0.267460 0.828049 -0.492747 -0.144681 -0.471068 -0.870151
-2.322355 -84.619444 306.440880 3536.049692 0.938569 -0.344839 0.013168 0.322189 0.861974 -0.391403 -0.123621 -0.371601 -0.920125
2.260494 -5.996792 -3872.098211 1497.411002 -0.787164 -0.591477 0.174722 -0.344250 0.656433 0.671259 -0.511727 0.468243 -0.720336
5.066025 3.286673 7167.745933 2429.480971 0.639527 0.761885 0.102646 -0.585339 0.396015 0.707496 -0.498381 0.512546 -0.699224
15.497367 0.367961 5987.608533 4971.932720 0.676446 0.736395 0.011968 -0.509339 0.456013 0.729812 -0.531973 0.499774 -0.683543
-2.269308 -6.615128 -698.905693 3532.724401 -0.778918 0.100394 0.619038 0.367303 0.873112 0.320568 -0.508306 0.477071 -0.716957
-10.429294 -19.083263 1578.259728 2121.735739 0.350445 0.913443 0.206908 -0.783948 0.165208 0.598441 -0.512459 0.371926 -0.773988
-9.664439 -15.812836 2133.587832 80.695981 -0.096654 0.865375 0.491715 -0.820870 -0.348692 0.452312 -0.562876 0.359916 -0.744063
-57.229639 -75.108261 618.733497 1293.868635 -0.095188 -0.842832 0.529692 0.986248 -0.007626 0.165099 -0.135111 0.538123 0.831967
-57.757156 -78.259922 636.617531 -17.114857 -0.076923 -0.747044 0.660310 0.996781 -0.042614 0.067908 -0.022592 0.663408 0.747917
-55.203703 -74.199125 -981.702867 -1375.149447 -0.040794 -0.620600 0.783065 0.986191 0.100892 0.131335 -0.160511 0.777609 0.607914
-56.617718 -75.165040 -76.927379 -1063.707216 -0.067698 -0.752694 0.654880 0.975243 0.088577 0.202622 -0.210520 0.652385 0.728063
-22.410761 -207.473191 7516.023121 12198.595028 0.812049 -0.506929 0.289135 0.201137 -0.221974 -0.954081 -0.547832 -0.832917 0.078292
-3.628476 -323.941358 5019.140878 -73968.428892 0.811244 -0.546676 0.207435 0.212205 -0.055308 -0.975659 -0.544842 -0.835516 -0.071140
22.244116 -45.521368 10210.548801 727.207300 -0.516137 0.360807 0.776801 -0.166848 0.847213 -0.504373 -0.840098 -0.389934 -0.377078
24.916811 -42.821737 2773.103854 -415.267150 -0.629371 0.264631 0.730659 -0.141693 0.885392 -0.442724 -0.764078 -0.382167 -0.519743
11.391564 -41.389078 7829.578748 -137.911515 -0.518826 0.357885 0.776362 -0.085961 0.881710 -0.463894 -0.850547 -0.307417 -0.426690
-114.849175 -152.881929 20110.456054 -28593.354789 -0.184415 0.934036 0.305888 0.835058 -0.015231 0.549951 -0.518333 -0.356853 0.777166
-122.145338 -155.563396 30095.319577 -3606.896665 -0.269028 0.950980 0.152518 0.924795 0.210826 0.316711 -0.269030 -0.226252 0.936180
-79.523880 -135.380088 18024.193150 -13821.042699 -0.232124 0.970612 0.063487 0.809955 0.156736 0.565160 -0.538600 -0.182609 0.822535
-102.955595 -155.767523 -7474.805228 -14203.848513 0.299026 -0.826321 -0.477260 0.919060 0.114831 0.377019 -0.256735 -0.551369 0.793776
-95.279399 -156.055601 5925.044277 -36840.181726 0.428218 -0.741303 -0.516816 0.730294 -0.052970 0.681077 -0.532260 -0.669077 0.518686
-3.259454 -117.686283 1021.300584 5060.763421 -0.070346 -0.462509 0.883819 0.902779 -0.406399 -0.140817 0.424312 0.787988 0.446133
2.308608 -97.696992 1553.914654 7814.438233 -0.145238 -0.411422 0.899799 0.754888 -0.633965 -0.168025 0.639570 0.654844 0.402653
-9.885254 -110.029448 2852.651657 7914.785974 -0.146888 -0.432234 0.889718 0.873724 -0.478368 -0.088149 0.463713 0.764420 0.447920
-11.603521 -123.121849 2546.026223 3988.647982 -0.109545 -0.464867 0.878578 0.975605 -0.219462 0.005523 0.190247 0.857750 0.477568
19.138053 -46.797548 779.195797 434.163428 0.273582 0.951071 -0.143583 -0.116714 0.181001 0.976533 -0.954741 0.250404 -0.160522
16.595990 -46.480639 -2737.980289 91.426016 0.268603 0.949852 -0.160106 -0.078895 0.187349 0.979120 -0.960015 0.250363 -0.125261
19.171051 -46.026771 2116.064128 434.965879 0.300275 0.942519 -0.146606 -0.001624 0.154204 0.988038 -0.953851 0.296444 -0.047834
21.736473 -45.745438 -3575.796761 -246.702345 0.274605 0.951501 -0.138698 -0.210216 0.200161 0.956946 -0.938297 0.233626 -0.254986
20.452393 -47.097260 4004.250364 559.794740 0.279436 0.952876 -0.118076 0.026007 0.115418 0.992977 -0.959812 0.280544 -0.007470
18.479524 -46.839120 2689.466562 1122.014199 0.249960 0.960555 -0.121879 -0.097986 0.150322 0.983769 -0.963285 0.233960 -0.131695
16.216677 -46.877094 1149.283841 421.829079 0.243275 0.961083 -0.130908 -0.218875 0.185876 0.957885 -0.944940 0.204377 -0.255576
17.195617 -47.244552 -2847.784680 -205.637568 0.237376 0.959613 -0.150981 -0.289419 0.218228 0.931994 -0.927302 0.177536 -0.329532
-1.393241 -46.401463 -3382.517555 -547.189482 -0.199958 0.979533 -0.023051 -0.166564 -0.010800 0.985971 -0.965543 -0.200992 -0.165315
0.847138 -43.523904 -3059.357634 -844.634150 -0.198546 0.979669 -0.028772 -0.275639 -0.027643 0.960864 -0.940533 -0.198707 -0.275523
10.143312 -45.547634 -4018.993861 -546.333972 -0.183542 0.982775 -0.021557 -0.210007 -0.017779 0.977538 -0.960317 -0.183947 -0.209653
11.148266 -47.522611 -6099.314149 -224.445239 -0.216023 0.976359 -0.007604 -0.062632 -0.006085 0.998018 -0.974377 -0.216071 -0.062466
19.511501 -47.212234 -5342.251054 474.571449 -0.173026 0.984798 -0.015347 -0.103757 -0.002730 0.994599 -0.979437 -0.173683 -0.102652
19.693042 -46.641760 -3525.962588 7.647199 -0.135220 0.989850 -0.043735 -0.201359 0.015766 0.979391 -0.970139 -0.141240 -0.197184
4.576715 -48.123444 465.848670 528.305206 0.427679 -0.670182 0.606586 0.588396 0.715822 0.376018 -0.686208 0.196098 0.700475
3.130761 -52.418562 -395.430932 -1768.482703 -0.393315 0.692564 -0.604697 0.687921 0.658031 0.306202 -0.609974 0.295550 0.735243
-57.926718 -100.284726 3096.475034 867.229000 -0.686208 0.724158 -0.068661 0.659919 0.659470 0.360008 -0.305983 -0.201729 0.930419
-47.973543 -93.198541 2205.865396 4142.896740 -0.647892 0.724046 -0.236629 0.732719 0.677300 0.066235 -0.208226 0.130469 0.969340
-51.603577 -101.896834 1549.971492 5763.734663 -0.629578 0.758399 -0.168709 0.707104 0.649292 0.280042 -0.321925 -0.057013 0.945047
-3.777695 -21.196647 1136.917029 -3492.550960 0.645450 0.716831 -0.263717 -0.465368 0.642858 0.608413 -0.605662 0.269975 -0.748524
-5.598524 -26.698768 -1533.455718 -3484.082180 -0.706621 -0.614083 0.351552 -0.335399 0.728146 0.597755 -0.623052 0.304476 -0.720486
0.773668 -12.716277 -2018.270162 -2111.932812 -0.736763 -0.553596 0.388215 -0.330678 0.795819 0.507272 -0.589773 0.245365 -0.769392
31.217629 -5.408412 -5900.761564 1683.340238 -0.012436 0.956372 0.291888 0.774966 0.193685 -0.601592 0.631880 -0.218722 0.743565
45.782697 -11.748296 -4163.654929 627.449233 -0.017460 0.969794 0.243299 0.792371 0.161827 -0.588184 0.609789 -0.182513 0.771262
38.938410 -12.507299 1671.272126 854.173384 0.006108 0.999787 0.019715 0.760581 0.008155 -0.649192 0.649215 -0.018960 0.760369
8.541247 -128.789691 2749.099797 13047.427653 -0.573722 0.069747 -0.816075 0.010774 0.996924 0.077629 0.818979 0.035745 -0.572709
21.766208 -106.917662 6722.748516 10840.865015 -0.573224 0.070818 -0.816333 -0.153311 0.969396 0.191750 0.804929 0.235068 -0.544824
316.743892 -650.466113 -149024.376274 -158747.878105 0.717328 0.485965 -0.499278 0.685791 -0.365955 0.629100 -0.123008 0.793672 0.595781
-27.393982 -678.953934 -5258.782994 239523.330772 0.520790 -0.384504 0.762191 0.820339 0.472502 -0.322157 -0.236266 0.793031 0.561498
27.423154 -13.299637 4654.946553 -3901.385325 0.121567 0.918677 0.375839 -0.852889 -0.097012 0.513001 -0.507742 0.382913 -0.771735
89.008678 -313.012912 10390.908145 -78321.554176 -0.058935 -0.413297 -0.908687 -0.598045 0.743456 -0.299358 0.799293 0.525793 -0.290986
51.073019 -293.159550 6485.530928 -73012.440646 -0.094970 -0.593423 -0.799268 -0.543180 0.703731 -0.457950 0.834228 0.390655 -0.389169
-69.461750 -81.538553 25018.044829 -14158.747229 -0.012113 -0.224123 0.974486 0.087232 0.970605 0.224314 -0.996114 0.087724 0.007793
-90.873970 -170.003469 36129.327322 -45920.824404 0.010253 -0.397835 0.917400 0.206923 0.898434 0.387298 -0.978304 0.185860 0.091533
-290.345334 -470.997039 -27962.802920 -152043.698500 0.284257 0.617805 0.733154 0.201116 0.709261 -0.675648 -0.937417 0.339507 0.077362
-171.910337 -396.558210 -27394.514518 114285.801841 0.271393 0.862731 0.426662 -0.369381 -0.315989 0.873904 -0.888765 0.394772 -0.232919
-48.045953 -90.042037 -1454.847934 11745.316406 -0.323721 0.921890 0.212891 0.663950 0.381645 -0.643053 0.674073 0.066821 0.735636
-23.426419 -86.185311 -8834.888821 13364.529501 -0.166569 0.959360 0.227779 0.621146 0.281500 -0.731393 0.765789 -0.019657 0.642792
-52.714430 -65.254634 -2421.257133 -3033.910183 0.172699 0.888352 0.425447 -0.795637 0.380441 -0.471410 0.580635 0.257090 -0.772507
-50.144458 -63.593267 -283.344763 -2.539904 -0.411730 -0.614905 -0.672585 -0.654206 0.713242 -0.251596 0.634423 0.336419 -0.695938
-51.129116 -61.020761 -1711.642943 2447.208499 -0.436934 -0.500382 -0.747466 -0.722244 0.690479 -0.040042 0.536146 0.522357 -0.663092
18.469616 -94.439421 -11300.517235 2614.423786 0.041013 0.853051 -0.520213 0.987920 -0.112492 -0.106578 -0.149437 -0.509558 -0.847360
-15.306398 -83.481064 -11261.736210 2435.142589 0.042522 0.834923 -0.548722 0.990226 -0.108240 -0.087960 -0.132834 -0.539619 -0.831365
7.808648 -90.146005 -10901.234229 2848.885723 0.124625 0.832607 -0.539661 0.991515 -0.084237 0.099010 0.036977 -0.547421 -0.836040
38.207664 -80.687856 -11882.332205 7996.042047 0.865983 -0.083732 -0.493014 0.452946 -0.286477 0.844258 0.211928 0.954421 0.210158
0.940772 -46.667906 -2310.881524 -61.036893 0.039158 0.991417 -0.124732 -0.406226 -0.098252 -0.908475 0.912933 -0.086243 -0.398892
-1.765121 -46.292019 -2097.109242 -312.358441 0.051183 0.995903 -0.074554 -0.312143 -0.054959 -0.948444 0.948655 -0.071816 -0.308052
18.984232 -83.677259 2653.965036 -2325.965955 0.249806 0.967142 -0.047250 -0.889857 0.248536 0.382602 -0.381774 0.053530 -0.922704
-9.333028 -84.400768 656.708990 -386.703849 0.416021 0.908175 -0.046316 -0.438321 0.244892 0.864813 -0.796744 0.339479 -0.499953
