14867
29717
-51.981042 -75.785938 -448.946631 6642.410156 0.169940 -0.970548 0.170756 0.985282 0.164101 -0.047854 0.018423 0.176375 0.984151
-40.581084 -71.795375 -3430.578430 11871.151472 -0.304883 0.951098 -0.049594 0.936528 0.289934 -0.197111 0.173093 0.106542 0.979126
-43.974481 -62.079011 -503.028270 6808.173579 -0.113851 -0.971291 0.208884 0.981679 -0.142316 -0.126699 0.152789 0.190632 0.969698
-37.181695 -49.964388 -238.471965 5792.803644 0.210583 0.955840 -0.204997 0.942930 -0.253936 -0.215406 0.257950 0.147937 0.954765
-44.981201 -67.989326 -866.596227 5738.719427 -0.224451 -0.930862 0.288302 0.972307 -0.233695 0.002420 0.065122 0.280861 0.957536
-38.229738 -55.402956 -873.525080 4309.717034 -0.457854 -0.821002 0.341064 0.864132 -0.501133 -0.046282 0.208917 0.273534 0.938900
31.863556 -46.536695 -1420.777732 9715.542727 0.541881 0.833547 -0.107532 0.698537 -0.517824 -0.493866 0.467344 -0.192502 0.862863
31.118045 -59.904244 881.960265 12398.940621 0.599334 0.798427 -0.057559 0.700062 -0.557651 -0.446025 0.388216 -0.227023 0.893168
28.232307 -68.837390 -129.571087 7375.478295 0.599064 0.793301 -0.108607 0.741443 -0.600812 -0.298810 0.302298 -0.098480 0.948112
31.534147 -36.419768 -1322.191065 10586.208579 0.561393 0.825406 -0.059526 0.678148 -0.500076 -0.538553 0.474292 -0.261972 0.840486
31.117160 -56.951807 -753.766731 9241.829412 0.528210 0.835252 -0.152801 0.737683 -0.540518 -0.404555 0.420497 -0.100971 0.901658
32.232018 -40.978778 -393.035223 8345.864212 0.480192 0.862442 -0.160027 0.715859 -0.490742 -0.496708 0.506914 -0.123959 0.853037
33.218749 -31.667087 -152.218002 6429.337068 0.477416 0.864465 -0.157399 0.692781 -0.480511 -0.537740 0.540489 -0.147683 0.828288
33.175365 -25.794117 -1796.089735 5416.940951 0.526610 0.843614 -0.104869 0.674359 -0.489661 -0.552696 0.517612 -0.220335 0.826759
70.573632 -107.526919 -12071.764593 10247.820562 0.865799 -0.458698 0.199971 -0.395713 -0.383031 0.834684 0.306273 0.801800 0.513141
49.283928 -103.197851 -6125.774290 10045.893021 0.871538 -0.386021 0.302338 -0.433813 -0.319666 0.842389 0.228533 0.865333 0.446062
48.478398 -110.397196 -10506.373787 4617.888430 0.887085 -0.400126 0.230174 -0.326860 -0.192378 0.925286 0.325950 0.896041 0.301441
62.434600 -111.565386 -12719.315822 1844.789875 0.867258 -0.476811 0.143229 -0.244274 -0.156849 0.956937 0.433813 0.864898 0.252501
-3.077404 -44.349150 6996.010467 1939.299346 -0.697756 0.387662 -0.602374 0.514278 0.856467 -0.044525 0.498653 -0.340855 -0.796971
-16.322200 -41.275751 2041.254847 1211.070390 -0.581474 0.517210 -0.627999 0.566131 0.811599 0.144231 0.584281 -0.271663 -0.764732
-17.188215 -44.598511 841.817891 1620.998518 -0.551070 0.527746 -0.646379 0.620824 0.776884 0.105015 0.557583 -0.343417 -0.755755
4.040871 -53.525823 -134.725869 144.373303 -0.130859 0.965316 0.225923 -0.482702 -0.261084 0.835963 -0.865953 -0.000340 -0.500125
3.773017 -53.231840 -306.266215 147.784045 -0.142575 0.962660 0.230126 -0.350623 -0.266547 0.897784 -0.925600 -0.047314 -0.375534
2.566951 -52.290575 -1412.955272 35.623728 -0.162413 0.961835 0.220216 -0.456563 -0.271105 0.847380 -0.874741 -0.037083 -0.483169
-11.569784 -113.650563 -1812.754472 -10191.494265 -0.237111 0.859408 0.452986 0.468471 -0.307337 0.828299 -0.851066 -0.408610 0.329735
-11.752514 -92.486296 -1261.249521 -13236.745481 -0.221325 0.865007 0.450308 0.301981 -0.378272 0.875053 -0.927266 -0.329656 0.177494
-7.070628 -97.690753 -3928.716487 -16484.802246 -0.275097 0.830985 0.483514 0.280650 -0.411604 0.867074 -0.919542 -0.374228 0.119985
-2.432210 -67.326258 -3020.613803 -15008.976417 -0.254438 0.834039 0.489530 0.071394 -0.488609 0.869577 -0.964450 -0.256203 -0.064775
0.244893 -93.979472 -2289.095691 -17503.025314 -0.240111 0.824622 0.512197 0.248822 -0.457724 0.853567 -0.938315 -0.332397 0.095279
-6.806785 -118.897524 -2762.965060 -11271.837637 -0.272053 0.834527 0.479115 0.499870 -0.302888 0.811411 -0.822263 -0.460242 0.334754
-8.909059 -85.105232 1160.405710 -6027.596766 -0.042054 0.949086 0.312198 0.422242 0.300081 -0.855373 0.905507 -0.095851 0.413364
-5.791146 -79.544719 973.588491 -5569.716883 -0.050909 0.951197 0.304356 0.564071 0.278875 -0.777209 0.824156 -0.132111 0.550740
-7.804789 -76.408460 1528.940775 -4036.973880 -0.032448 0.958736 0.282439 0.546371 0.253641 -0.798214 0.836915 -0.128416 0.532055
-9.402863 -80.499516 454.668098 -4268.075649 -0.009447 0.951975 0.306031 0.464719 0.275166 -0.841617 0.885408 -0.134267 0.445000
-10.094700 -88.304393 226.070122 -3745.918119 -0.016426 0.945502 0.325201 0.282291 0.316398 -0.905651 0.959188 -0.076925 0.272104
-9.477827 -94.243576 992.981992 -3980.964823 -0.054890 0.937546 0.343503 0.225264 0.346780 -0.910494 0.972750 -0.027402 0.230230
13.295962 -95.740654 231.281948 6868.938372 -0.075132 0.944862 0.318732 -0.179668 -0.327232 0.927706 -0.980854 -0.012435 -0.194347
13.184357 -84.642887 585.609580 7394.252245 -0.097762 0.936142 0.337759 -0.037002 -0.342569 0.938764 -0.994522 -0.079278 -0.068129
13.242253 -105.326390 -171.852456 10584.395393 -0.115109 0.948576 0.294880 -0.275329 -0.315690 0.908038 -0.954434 -0.023334 -0.297509
14.274654 -82.611260 367.358368 5595.991593 -0.073533 0.930549 0.358709 0.041689 -0.356500 0.933365 -0.996421 -0.083587 0.012579
13.349360 -92.002444 -1018.908229 4190.403220 -0.078306 0.938514 0.336245 -0.099876 -0.342969 0.934022 -0.991914 -0.039557 -0.120591
14.029540 -100.647524 51.870826 4550.066998 -0.072827 0.940690 0.331358 -0.304341 -0.337355 0.890825 -0.949775 0.035969 -0.310859
26.426386 -14.338186 5370.040604 -2341.707637 -0.857421 0.013138 -0.514447 -0.139901 0.956074 0.257587 0.495233 0.292832 -0.817920
17.324605 -23.206971 4487.395276 -3480.597723 -0.868803 0.090744 -0.486772 -0.090016 0.937738 0.335476 0.486907 0.335279 -0.806541
12.051573 -19.118423 4580.817047 -1961.960054 -0.893159 0.173381 -0.414978 0.010131 0.930225 0.366851 0.449627 0.323452 -0.832595
23.616757 -11.995263 6909.405083 -1481.058431 -0.887989 0.041168 -0.458018 -0.094228 0.958564 0.268844 0.450108 0.281888 -0.847315
8.582328 -14.680081 4778.135654 -1886.501966 -0.903416 0.192386 -0.383181 0.055403 0.938571 0.340611 0.425171 0.286484 -0.858578
3.096283 -26.843357 2573.487834 -2978.436487 -0.876813 0.340016 -0.339982 0.152546 0.867252 0.473923 0.455991 0.363679 -0.812287
0.734249 -23.017038 3054.854812 -1946.319743 -0.872464 0.381787 -0.305033 0.210800 0.857169 0.469920 0.440874 0.345688 -0.828329
-3.804694 -152.839626 -275.827122 -14368.809099 -0.684829 0.046370 -0.727227 0.711614 -0.172308 -0.681114 -0.156890 -0.983951 0.085005
-3.097737 -131.841856 -350.070811 -14429.369162 0.677235 -0.057503 0.733516 0.643230 -0.437753 -0.628194 -0.357222 -0.897254 0.259474
-4.507493 -131.394020 1169.704434 -15747.677287 0.681558 -0.043385 0.730477 0.652401 -0.416106 -0.633426 -0.331437 -0.908280 0.255296
-6.600196 -156.303177 -2167.904850 -14493.653661 -0.694222 0.028220 -0.719208 0.710025 -0.136947 -0.690732 -0.117986 -0.990176 0.075034
-2.600057 -58.394524 -645.843397 1590.888168 0.067189 -0.887172 -0.456522 0.923633 0.228352 -0.307826 0.377342 -0.400976 0.834764
-3.365291 -66.623777 -872.861554 5422.586307 0.060676 -0.886066 -0.459572 0.953609 0.187474 -0.235551 0.294871 -0.423959 0.856335
-3.881871 -59.295951 -429.282152 1211.373957 0.090743 -0.875057 -0.475438 0.931422 0.243532 -0.270454 0.352448 -0.418292 0.837146
-7.335476 -37.888427 1044.453636 1630.666361 -0.185721 -0.963159 -0.194504 0.977855 -0.161731 -0.132826 0.096475 -0.214865 0.971867
-7.593640 -37.737993 418.367899 1903.134291 -0.212669 -0.964157 -0.158659 0.973873 -0.195914 -0.114845 0.079646 -0.178938 0.980631
-8.562502 -43.421649 -290.121510 4008.589817 -0.191305 -0.968669 -0.158378 0.980444 -0.180998 -0.077263 0.046176 -0.170061 0.984351
-11.290906 -191.748530 720.667755 28836.626906 -0.800446 -0.034435 -0.598415 0.249137 0.888914 -0.384400 0.545176 -0.456778 -0.702949
-9.820022 -205.758032 -1294.066642 34204.695353 -0.764536 -0.030162 -0.643874 0.236073 0.916398 -0.323241 0.599795 -0.399131 -0.693499
-9.812801 -251.609462 701.660423 49343.944889 0.791840 0.076376 0.605934 0.353985 0.751100 -0.557265 0.497679 -0.655756 -0.567715
-2.795254 -125.908377 557.806817 4448.018405 0.795386 -0.176606 0.579802 -0.474595 -0.776472 0.414548 -0.376988 0.604897 0.701412
0.265633 -139.697729 1078.698759 3480.196697 0.792305 -0.166582 0.586943 -0.560773 -0.577850 0.592978 -0.240386 0.798962 0.551249
-2.279969 -131.462751 -728.349317 2859.261152 0.775966 -0.166553 0.608389 -0.522864 -0.709349 0.472691 -0.352832 0.684897 0.637516
0.745221 -151.253032 -268.922209 -83.420433 0.770261 -0.167981 0.615208 -0.598305 -0.524269 0.605948 -0.220746 0.834820 0.504328
-1.263899 -146.341547 -966.793138 3246.785398 0.761237 -0.175988 0.624137 -0.499552 -0.772839 0.391367 -0.413481 0.609711 0.676229
-16.864484 -40.390347 -2282.071002 -1173.402847 -0.642558 -0.003434 -0.766229 -0.415843 0.841476 0.344954 0.643578 0.540284 -0.542125
-20.581158 -37.223581 1045.204367 -1778.605810 -0.763269 0.143228 -0.630005 -0.265515 0.819430 0.507973 0.589001 0.554996 -0.587416
-15.112934 -43.462187 -544.857707 -2310.529457 0.746983 -0.145609 0.648702 -0.327577 0.768457 0.549697 0.578540 0.623114 -0.526326
-12.751590 -47.181040 1527.011881 -2045.733259 0.664280 -0.064986 0.744653 -0.432470 0.779133 0.453787 0.609674 0.623482 -0.489458
-3.229846 -368.387600 -2722.637700 23148.810732 0.793752 -0.066407 0.604606 -0.419474 0.660049 0.623199 0.440454 0.748282 -0.496059
-2.399926 -336.731044 -848.560894 18405.390025 0.770904 -0.072872 0.632770 -0.462084 0.619760 0.634331 0.438390 0.781401 -0.444102
-6.374521 -331.300257 -4561.477974 14916.772712 0.804359 -0.074277 0.589482 -0.549372 0.284859 0.785522 0.226265 0.955687 -0.188323
-5.823263 -35.686384 -4514.588204 -1193.120705 0.413429 -0.883440 0.220477 0.901491 0.363095 -0.235534 0.128027 0.296135 0.946527
-2.507869 -32.105248 -4102.512127 -1456.351140 0.391147 -0.891110 0.230059 0.918590 0.362656 -0.157078 0.056541 0.272771 0.960416
-9.937540 -33.136682 -2556.873800 -1442.298483 0.427674 -0.883466 0.191266 0.901126 0.400031 -0.167172 0.071178 0.243850 0.967197
-18.785843 -62.515964 -5489.933235 -1492.423606 -0.553617 -0.763121 0.333398 0.831704 -0.526933 0.174959 0.042163 0.374149 0.926410
-8.431512 -55.987375 -5014.539426 -2540.906779 -0.479883 -0.793392 0.374490 0.872247 -0.385559 0.300881 -0.094329 0.471035 0.877056
-20.388652 -59.606582 -5988.617972 -1920.369442 -0.540955 -0.774261 0.328463 0.837982 -0.462847 0.289064 -0.071783 0.431616 0.899197
-32.316072 -65.009977 -5402.147847 -1848.689849 -0.636073 -0.730336 0.249039 0.771281 -0.592064 0.233637 -0.023186 0.340689 0.939890
-32.818527 -67.229434 -5285.197896 -1027.462526 -0.676255 -0.686943 0.266062 0.728249 -0.677848 0.100876 0.111054 0.261977 0.958663
-24.847668 -65.163753 -4544.633533 -503.006755 -0.609861 -0.727715 0.313847 0.771180 -0.636186 0.023420 0.182622 0.256316 0.949185
-13.965886 -63.349392 -4849.929134 -1117.774700 -0.520939 -0.776972 0.353464 0.842276 -0.535098 0.065124 0.138539 0.331640 0.933178
-9.091657 -31.717528 760.443777 1883.064495 -0.151573 0.876473 0.456968 -0.562523 0.303655 -0.769000 0.812769 0.373615 -0.447011
-7.854904 -25.580846 768.838797 2463.315549 -0.198767 0.895659 0.397853 -0.613939 0.202634 -0.762901 0.763918 0.395897 -0.509603
-8.032094 -29.229953 32.105094 1918.341151 -0.204698 0.892672 0.401541 -0.566055 0.226715 -0.792579 0.798549 0.389534 -0.458893
-9.551209 -34.288857 -249.946893 1540.522478 -0.160507 0.874908 0.456917 -0.506302 0.324398 -0.799015 0.847288 0.359585 -0.390899
-237.589701 -2702.105584 -111462.242271 1309050.705071 0.807990 -0.040506 -0.587802 -0.039049 0.991759 -0.122020 0.587900 0.121544 0.799750
-102.853613 -3173.148371 -6617.686894 -1685680.607807 0.534270 0.144253 -0.832915 0.231223 0.922814 0.308140 0.813075 -0.357219 0.459677
161.435804 -67460.494642 -26559.619315 30635317.299433 0.372601 0.001536 -0.927990 -0.246633 0.964199 -0.097431 0.894618 0.265175 0.359640
-161.954132 -771.774332 -2125.760169 -222106.314666 -0.435045 -0.099432 0.894902 0.762807 -0.568760 0.307633 0.478396 0.816471 0.323284
-145.123996 -1906.409959 -14192.026433 -574623.575421 -0.434465 -0.231218 0.870505 0.827675 -0.483682 0.284616 0.355239 0.844151 0.401516
-239.312391 -1326.605973 72731.251642 479733.536309 0.288654 0.057495 -0.955706 -0.402982 0.912767 -0.066802 0.868495 0.404415 0.286643
5.677036 -607.167861 -2154.686408 53735.419443 -0.272655 -0.242737 0.930987 0.184579 0.936478 0.298226 -0.944240 0.253154 -0.210532
11.753124 -470.939574 -741.504492 55572.057594 -0.240293 -0.281055 0.929122 0.438500 0.822508 0.362212 -0.866012 0.494457 -0.074400
12.339682 -391.553572 2899.758510 3202.134395 -0.160946 -0.247481 0.955432 0.021166 0.966964 0.254034 -0.986736 0.061108 -0.150391
-7.429530 -537.516049 -5960.887326 -39428.516168 -0.299717 -0.227681 0.926462 -0.187362 0.966241 0.176844 -0.935449 -0.120580 -0.332258
-14.161718 -549.002215 -5858.403392 62748.316342 -0.251514 -0.210805 0.944618 0.337763 0.895513 0.289779 -0.907004 0.391940 -0.154032
-33.100547 -885.093455 8060.027293 -342175.181851 -0.211817 -0.342689 0.915258 -0.382963 0.890717 0.244872 -0.899151 -0.298642 -0.319906
-5.653881 -109.120977 2598.796838 5572.348150 -0.051855 0.912304 0.406217 0.886028 -0.145629 0.440167 -0.460723 -0.382744 0.800775
-8.843764 -115.046636 4758.761386 -3394.633888 -0.068346 0.925559 0.372384 0.701571 -0.220789 0.677532 -0.709314 -0.307561 0.634255
-8.439319 -119.388100 4540.406459 7119.709936 -0.076019 0.914959 0.396321 0.877828 -0.127100 0.461804 -0.472904 -0.383008 0.793515
-5.236579 -107.514336 -1266.466197 12619.723956 0.059163 -0.895367 -0.441381 0.977159 -0.038461 0.208999 -0.204107 -0.443665 0.872641
-38.364753 -56.586965 678.009418 -429.335170 -0.286441 -0.610663 0.738270 0.152717 0.731605 0.664403 -0.945848 0.303059 -0.116303
-40.419156 -57.766034 863.988595 -999.080221 0.248057 0.792165 -0.557622 0.080406 0.556791 0.826752 -0.965403 0.249918 -0.074422
-43.406099 -60.028865 615.689750 -1192.443845 0.295260 0.740358 -0.603897 0.213468 0.564978 0.797014 -0.931264 0.364239 -0.008772
-35.336564 -54.651519 303.551123 -1591.257528 -0.282551 -0.625853 0.726961 0.025286 0.752719 0.657856 -0.958919 0.204260 -0.196857
-40.278420 -56.891016 -116.999976 493.412045 -0.304057 -0.495188 0.813842 0.269186 0.774817 0.572012 -0.913832 0.392999 -0.102291
-37.458880 -56.739731 1015.969109 -691.003381 -0.331284 -0.424406 0.842693 0.178961 0.848650 0.497761 -0.926404 0.315710 -0.205192
31.353626 -82.833100 807.899899 12950.480247 0.540782 0.485693 0.686773 -0.518627 -0.450282 0.726823 -0.662254 0.749232 -0.008388
30.148800 -76.695428 925.421271 11661.216815 0.660362 0.433934 0.612880 -0.442793 -0.434164 0.784497 -0.606511 0.789432 0.094562
36.439992 -57.739126 713.292281 -9185.208529 0.587178 0.480773 0.651214 0.398046 0.529019 -0.749465 -0.704827 0.699283 0.119258
44.600534 -68.425960 2522.074390 -9863.906901 0.463593 0.518468 0.718521 0.473111 0.540803 -0.695484 -0.749165 0.662361 0.005420
47.505049 -47.691267 1657.567254 -5834.363277 0.500707 0.549136 0.669136 0.352266 0.576845 -0.736993 -0.790697 0.604731 0.095388
127.969743 -102.111760 25990.089076 3996.640525 -0.527146 0.747286 -0.404574 0.739140 0.168314 -0.652183 -0.419272 -0.642832 -0.641076
77.192016 -75.722478 18544.695696 -441.378033 -0.360451 0.887225 -0.287935 -0.746462 -0.089261 0.659414 -0.559347 -0.452618 -0.694454
93.705177 -77.071941 16701.425388 5654.612494 -0.328356 0.854558 -0.402384 -0.670458 0.089208 0.736565 -0.665334 -0.511637 -0.543653
108.627137 -66.121736 18345.496890 12819.601307 -0.283211 0.807018 -0.518183 -0.579716 0.286372 0.762837 -0.764017 -0.516442 -0.386737
147.059865 -102.623728 26557.774606 -12141.889237 -0.476276 0.709002 -0.520074 0.644423 -0.120951 -0.755043 -0.598231 -0.694756 -0.399291
65.227674 -54.110376 11635.953911 8086.607476 -0.149252 0.900584 -0.408254 -0.606438 0.242739 0.757173 -0.780997 -0.360591 -0.509919
1.998830 -50.244976 -811.674155 3365.082252 0.479544 0.860218 -0.173384 0.815372 -0.363765 0.450382 0.324355 -0.357351 -0.875839
3.171219 -47.570547 -84.947747 -2353.234783 0.511513 0.845849 -0.151306 -0.762273 0.365406 -0.534245 0.396603 -0.388610 -0.831678
4.762808 -46.148077 -508.201935 -2267.085598 0.468343 0.865183 -0.179201 -0.779531 0.309144 -0.544758 0.415917 -0.394826 -0.819223
4.985181 -48.199919 -597.875648 -3659.165860 0.438638 0.879590 -0.184169 -0.806843 0.295218 -0.511714 0.395728 -0.373052 -0.839185
6.285655 -41.215410 -1293.177184 -1025.678075 0.476048 0.857959 -0.193090 -0.755201 0.286326 -0.589652 0.450611 -0.426524 -0.784236
6.293962 -43.556319 -967.908562 -1890.057654 0.441882 0.875658 -0.194840 -0.776182 0.264313 -0.572433 0.449757 -0.404180 -0.796465
11.368359 -10.438086 199.338430 122.216397 0.557536 0.829935 -0.018999 0.504664 -0.320675 0.801550 -0.659142 0.456481 0.597626
8.106101 -9.468343 1491.367533 1650.947593 0.561118 0.824394 -0.074303 0.551305 -0.305259 0.776453 -0.617422 0.476645 0.625779
10.124235 -7.570345 -1479.824933 1492.938878 0.484085 0.872951 -0.060151 0.576472 -0.266449 0.772454 -0.658287 0.408609 0.632215
-3.626592 -65.878756 10.181912 2208.291215 0.338638 0.935171 -0.103825 0.935118 -0.322264 0.147314 0.104305 -0.146975 -0.983625
-3.479542 -64.869223 1282.028124 1945.798023 0.327810 0.941446 -0.078869 0.943865 -0.322763 0.070305 0.040733 -0.097489 -0.994403
-3.531553 -62.519047 452.553723 1025.188320 0.353693 0.930584 -0.094413 0.922662 -0.330532 0.198604 0.153611 -0.157356 -0.975522
11.391095 -88.800743 358.450581 3023.734139 0.236203 0.962219 0.135437 0.970736 -0.239882 0.011282 0.043345 0.128809 -0.990722
9.070137 -95.363646 1634.451653 854.840679 0.234216 0.956222 0.175449 0.972167 -0.229272 -0.048230 -0.005893 0.181862 -0.983306
11.484083 -92.317716 459.940773 703.339654 0.228349 0.963533 0.139500 0.962101 -0.201390 -0.183858 -0.149059 0.176197 -0.973003
7.024877 -190.885921 -2134.982947 3760.583850 0.413528 0.910203 -0.022907 0.177113 -0.055738 0.982611 -0.893099 0.410394 0.184259
6.956073 -172.362706 -1037.675759 -2600.738903 0.414584 0.908810 -0.046739 -0.000162 0.051434 0.998676 -0.910011 0.414028 -0.021472
5.118499 -210.585941 -2928.590079 6936.262452 0.394413 0.914752 -0.087561 -0.073341 0.126317 0.989275 -0.916002 0.383761 -0.116910
5.403768 -173.812257 -807.920843 3596.844691 0.420297 0.903697 -0.081744 -0.190547 0.175980 0.965776 -0.887154 0.390336 -0.246160
7.217111 -252.838985 -1601.844026 13364.070953 0.441900 0.895231 -0.057319 0.104165 0.012257 0.994485 -0.890996 0.445433 0.087835
6.355006 -246.699725 -1236.454054 -5501.906441 0.444504 0.890353 -0.098428 -0.250678 0.229128 0.940564 -0.859986 0.393411 -0.325040
3.421383 -190.620748 -978.418111 2974.408847 0.427921 0.896060 -0.118157 -0.330406 0.276773 0.902346 -0.841259 0.347093 -0.414500
3.763314 -73.372209 381.900695 -2573.211657 0.317435 0.945089 0.077730 0.752930 -0.301025 0.585218 -0.576481 0.127243 0.807142
2.734048 -68.667505 63.237439 -2503.899835 0.338878 0.935266 0.102170 0.628383 -0.305821 0.715268 -0.700212 0.178187 0.691341
2.954033 -67.342856 190.020221 -3446.666486 0.327344 0.941603 0.078935 0.696520 -0.296902 0.653230 -0.638519 0.158851 0.753034
2.163108 -64.224694 -420.598509 -400.178232 0.337834 0.936103 0.097877 0.599149 -0.294091 0.744668 -0.725871 0.192931 0.660219
3.475907 -71.652906 651.817514 -3208.571651 0.309311 0.949427 0.053999 0.785408 -0.287065 0.548387 -0.536154 0.127211 0.834479
2.201285 -66.618645 -450.833221 -1776.344345 0.324705 0.941864 0.086360 0.657122 -0.290323 0.695632 -0.680263 0.169126 0.713189
2.120248 -70.024434 -101.231831 -3872.424504 0.308946 0.948656 0.067851 0.758630 -0.288831 0.584001 -0.573614 0.128951 0.808912
-0.406702 -50.534723 1400.721549 2025.374270 0.359894 0.915113 0.181782 0.836496 -0.402780 0.371541 -0.413220 -0.018344 0.910446
-1.487125 -54.029704 270.143122 1809.583069 0.317245 0.932418 0.173068 0.775906 -0.360131 0.517952 -0.545275 0.030034 0.837719
0.797734 -53.476664 1891.992680 2839.791354 0.334385 0.927594 0.166600 0.848123 -0.373265 0.375981 -0.410943 -0.015575 0.911528
53.711783 -54.634546 24026.549179 -597.375330 0.533385 0.844273 -0.051995 0.844126 -0.535225 -0.031383 0.054325 0.027151 0.998154
170.484005 -53.920678 63087.743257 -859.764676 0.583967 0.811275 -0.028564 0.807586 -0.584163 -0.080989 0.082391 -0.024227 0.996306
126.795158 -54.437693 39925.858994 -967.715367 0.593953 0.804473 -0.006501 0.803090 -0.592415 0.063958 -0.047601 0.043210 0.997931
36.457682 -50.443521 21493.629244 -2172.931142 0.552840 0.833060 -0.019467 0.817988 -0.538086 0.203367 -0.158942 0.128353 0.978909
23.545334 -52.694970 15263.270630 -791.883275 0.533009 0.846074 -0.007829 0.843997 -0.531001 0.075542 -0.059757 0.046872 0.997112
13.478906 -16.854753 -1315.050433 3855.436537 0.039520 0.984184 0.172687 0.069325 -0.175106 0.982106 -0.996811 0.026841 0.075148
14.663237 -17.127008 -681.875941 3300.563280 0.081042 0.989085 0.123057 0.067757 -0.128645 0.989373 -0.994405 0.071843 0.077443
14.941330 -12.014415 -753.797425 1913.519723 0.065086 0.984374 0.163622 0.086101 -0.168898 0.981866 -0.994158 0.049817 0.095749
13.661753 -12.344727 -1319.677729 2218.238355 0.028923 0.977245 0.210135 0.085674 -0.211872 0.973535 -0.995903 0.010154 0.089853
13.969335 -10.677358 -1620.389844 -755.690132 0.031161 0.977950 0.206502 0.083388 -0.208425 0.974477 -0.996030 0.013146 0.088044
4.325119 -228.719589 79.648629 11862.766690 0.572388 0.442802 0.690144 -0.426350 -0.558225 0.711765 -0.700427 0.701649 0.130733
4.365661 -206.259237 1151.859074 -14864.464612 0.565235 0.429349 0.704393 0.283405 0.700842 -0.654601 -0.774720 0.569632 0.274460
4.534896 -217.004158 141.265424 9213.152551 0.570383 0.465175 0.676960 -0.506044 -0.450168 0.735709 -0.646979 0.762208 0.021369
1.942593 -194.397563 -1607.642213 -13792.755681 0.547052 0.458341 0.700470 0.273927 0.692696 -0.667186 -0.791011 0.556863 0.253388
5.245348 -235.943505 729.783170 -6116.802359 0.588882 0.455559 0.667595 0.639665 0.242179 -0.729505 -0.494010 0.856630 -0.148791
-14.808260 -175.416668 3149.892741 -5233.129223 0.755949 0.426166 0.496913 0.607489 -0.739524 -0.289932 -0.243920 -0.521044 0.817934
-7.443470 -169.469928 4085.337129 -3695.727443 0.803397 0.395456 0.445161 0.592337 -0.607053 -0.529739 -0.060748 -0.689275 0.721948
-6.950095 -156.712779 2384.369811 -1562.661775 0.786172 0.407671 0.464476 0.583184 -0.738106 -0.339260 -0.204526 -0.537591 0.818025
-14.251236 -46.159358 2664.648804 503.495430 0.096588 0.896974 0.431404 -0.681926 -0.256084 0.685126 -0.725016 0.360360 -0.586935
-5.910311 -47.011925 4041.758277 881.622662 0.116675 0.876795 0.466494 -0.694344 -0.263828 0.669538 -0.710122 0.402026 -0.578016
-12.912143 -47.339217 4076.698442 213.751360 0.088738 0.878940 0.468605 -0.763416 -0.242169 0.598790 -0.639782 0.410876 -0.649507
-11.006246 -45.961706 3628.204989 483.492410 0.113963 0.883837 0.453701 -0.628112 -0.289724 0.722174 -0.769732 0.367276 -0.522131
144.028312 -623.721443 -29482.061943 209288.834476 0.970105 0.226544 0.087029 -0.237472 0.812201 0.532857 -0.050031 0.537594 -0.841718
319.813328 -1137.528151 147980.885650 231483.589388 -0.932158 0.145752 -0.331417 0.064424 0.967554 0.244313 0.356273 0.206387 -0.911303
-49.408740 -72.360184 4769.355513 -7449.245219 0.082769 0.798646 0.596082 0.994151 -0.024534 -0.105172 -0.069371 0.601300 -0.796006
-63.936818 -99.962695 10430.210187 -1119.900846 0.316908 0.721127 0.616073 0.943119 -0.170782 -0.285236 -0.100477 0.671424 -0.734231
-49.096562 -148.188157 7925.273415 -37790.782131 0.030320 0.746323 0.664893 0.998547 0.007025 -0.053419 -0.044539 0.665547 -0.745026
2.980908 -34.693486 2916.258917 1073.567579 -0.044533 0.876017 0.480219 0.936725 -0.130457 0.324849 0.347221 0.464300 -0.814778
-2.432339 -32.162461 2557.626141 1548.237709 -0.058295 0.875914 0.478933 0.915061 -0.144901 0.376388 0.399081 0.460194 -0.793067
-6.299210 -35.136217 3114.686707 932.317404 -0.077876 0.875113 0.477611 0.941223 -0.093406 0.324615 0.328687 0.474818 -0.816402
-2.317146 -38.007275 3696.113471 683.679269 -0.023374 0.867194 0.497421 0.971626 -0.097435 0.215523 0.235366 0.488345 -0.840310
9.029626 -38.063590 3408.341832 597.984460 -0.026236 0.879939 0.474362 0.964793 -0.101937 0.242453 0.261699 0.464022 -0.846285
15.486490 -35.515729 3789.914461 1076.683757 -0.076529 0.893527 0.442440 0.930450 -0.095477 0.353760 0.358337 0.438742 -0.824075
7.070856 -31.057033 2010.813909 -1871.628727 -0.070862 0.889036 0.452320 -0.896951 0.141604 -0.418841 0.436415 0.435389 -0.787387
-6.708602 -103.832904 1112.140169 1834.608717 0.255669 0.948069 0.189205 -0.905931 0.303276 -0.295488 0.337524 0.095859 -0.936423
-5.699988 -98.124797 1147.478471 -4992.849009 0.285951 0.939433 0.188937 0.951822 -0.301249 0.057314 0.110760 0.163445 -0.980315
-4.726449 -101.573402 -40.730541 -5197.111549 0.257878 0.950689 0.172304 0.960546 -0.271492 0.060362 0.104165 0.149940 -0.983193
-4.077417 -104.486099 328.549319 645.238203 0.246985 0.951346 0.184228 -0.915218 0.291485 -0.278230 0.318393 0.099890 -0.942681
-10.209642 -31.982600 -27.933264 -1267.819826 -0.283553 0.913111 0.292962 -0.857652 -0.104809 -0.503437 0.428989 0.394010 -0.812850
-11.802124 -34.793011 -1191.823723 587.862279 -0.285499 0.910839 0.298097 0.888513 0.134973 0.438550 0.359213 0.390069 -0.847828
-10.289323 -32.968770 208.572072 1311.369427 -0.215185 0.906346 0.363638 0.892921 0.031818 0.449087 0.395458 0.421337 -0.816142
-13.099867 -35.820119 -934.859856 755.962357 -0.230535 0.910872 0.342296 0.923066 0.093404 0.373128 0.307900 0.401981 -0.862328
-31.640967 -223.199651 -9893.351154 15076.292278 0.984039 -0.177270 0.015577 -0.117780 -0.714414 -0.689739 -0.133398 -0.676896 0.723890
-11.624158 -194.491490 -7316.530903 7321.053597 0.981664 -0.185329 0.044598 -0.102862 -0.711998 -0.694606 -0.160484 -0.677282 0.718007
-25.545864 -232.894985 -7955.361047 47973.775298 0.992790 -0.113209 0.039388 -0.012613 -0.425449 -0.904895 -0.119200 -0.897874 0.423809
-55.249978 -318.785731 -11713.818286 65695.827992 0.990428 -0.121872 -0.064804 -0.116586 -0.487293 -0.865421 -0.073892 -0.864692 0.496837
-4.492752 -50.914055 -245.496362 -1218.212077 0.403802 0.903955 -0.140742 -0.097222 0.195373 0.975898 -0.909666 0.380387 -0.166777
-6.082392 -50.363703 -916.885848 2064.706917 0.395828 0.901332 -0.175845 0.021251 0.182443 0.982987 -0.918079 0.392830 -0.053061
-0.197805 -50.338903 1907.886322 4448.830415 0.427763 0.897022 -0.111222 0.045599 0.101476 0.993792 -0.902740 0.430179 -0.002504
-46.984081 -87.947485 2034.616270 9662.478439 0.441207 -0.892207 0.096451 0.896704 0.442557 -0.008085 -0.035472 0.090056 0.995305
-24.547542 -88.536610 -8753.917023 13402.033258 -0.373778 0.926637 0.040431 0.922626 0.375924 -0.086270 0.095140 -0.005057 0.995451
-29.397899 -48.437777 -4621.324816 7859.246001 -0.070267 0.996563 -0.043866 0.948438 0.053119 -0.312481 0.309077 0.063562 0.948911
-27.183397 -74.666984 -6791.138476 16637.761909 -0.330798 0.942212 0.053005 0.905483 0.332723 -0.263432 0.265845 0.039148 0.963221
10.453110 -86.291812 -31423.917605 12818.629221 -0.203490 0.951841 0.229325 0.836809 0.047488 0.545432 -0.508275 -0.302891 0.806172
-30.343408 -73.382250 -17176.187348 1601.287666 -0.181239 0.982256 0.048223 0.705025 0.095587 0.702711 -0.685633 -0.161357 0.709839
12.442824 -80.835494 -27937.633557 -2221.120355 -0.185278 0.975985 0.114570 0.648440 0.033822 0.760514 -0.738375 -0.215198 0.639134
40.573170 -125.291999 -18602.369480 33161.378505 -0.136181 0.989262 0.053062 0.841698 0.087287 0.532846 -0.522493 -0.117226 0.844547
-16.938517 -76.910377 -7412.114205 1208.963619 0.368702 0.914777 -0.165055 -0.511708 0.051503 -0.857614 0.776025 -0.400664 -0.487088
-0.391790 -81.623781 -11789.293653 362.724726 0.381169 0.897762 -0.220757 -0.510493 0.005305 -0.859865 0.770783 -0.440449 -0.460324
-12.861942 -77.212656 -7885.943139 883.511102 0.350334 0.909000 -0.225797 -0.635461 0.053573 -0.770272 0.688081 -0.413338 -0.596403
-27.450341 -75.284349 -2314.344117 1416.634922 0.303891 0.947285 -0.101500 -0.595575 0.105738 -0.796310 0.743600 -0.302443 -0.596312
30.696488 -81.120491 1743.904562 5865.221423 0.649693 0.758856 -0.045121 0.735092 -0.642258 -0.217129 0.193749 -0.107899 0.975100
40.278339 -68.809578 4677.856139 13966.166683 0.659835 0.751293 -0.013281 0.674061 -0.599630 -0.431375 0.332053 -0.275684 0.902075
37.898048 -38.729283 4561.553595 11219.825463 0.608309 0.792056 -0.051067 0.648429 -0.533044 -0.543510 0.457711 -0.297509 0.837848
4.007130 -34.243983 103.555979 643.328133 -0.074623 0.997194 0.006027 0.477086 0.041007 -0.877899 0.875683 0.062636 0.478807
2.420351 -35.355807 -1915.338146 830.498378 -0.052533 0.998202 0.028847 0.488070 0.050866 -0.871321 0.871222 0.031693 0.489865
5.231774 -36.749738 -1928.545638 420.217634 -0.048410 0.998780 0.009733 0.556686 0.035070 -0.829982 0.829311 0.034761 0.557705
2.988786 -32.698894 -1911.092334 1316.786676 -0.062243 0.996925 0.047602 0.400048 0.068615 -0.913922 0.914378 0.037843 0.403088
4.414973 -36.245863 553.502583 247.012263 -0.074911 0.997077 -0.015055 0.553814 0.029044 -0.832134 0.829264 0.070674 0.554371
2.023537 -34.921079 2324.316101 520.637165 -0.096348 0.995208 -0.016654 0.513462 0.035362 -0.857383 0.852686 0.091159 0.514409
3.852839 -31.686492 -285.264067 1308.432803 -0.079394 0.996473 0.027164 0.379721 0.055427 -0.923439 0.921688 0.063001 0.382782
3.175381 -32.735183 2213.809485 1181.524166 -0.100540 0.994892 -0.009053 0.420131 0.034205 -0.906818 0.901877 0.094975 0.421424
-15.751265 -38.982855 3159.411361 1769.483352 -0.638733 0.463100 -0.614458 0.486015 0.861938 0.144403 0.596498 -0.206401 -0.775622
-22.992885 -39.162309 312.928720 417.197471 -0.471379 0.647719 -0.598550 0.591281 0.735661 0.330439 0.654361 -0.198149 -0.729759
-3.597422 -73.242323 1023.170130 -1620.802180 -0.036762 0.960173 0.276977 0.698867 0.222816 -0.679660 0.714306 -0.168585 0.679225
-7.030126 -74.357644 1354.840355 -453.081943 -0.033748 0.959184 0.280762 0.668694 0.230451 -0.706924 0.742772 -0.163886 0.649178
-1.587414 -78.063268 1639.482002 -4093.615768 -0.054636 0.957016 0.284844 0.647447 0.251127 -0.719547 0.760150 -0.145109 0.633337
-3.002464 -89.014308 884.164240 -7919.572057 -0.071193 0.939601 0.334785 0.505389 0.323344 -0.800019 0.859950 -0.112240 0.497884
12.520261 -89.481591 -186.536303 12337.001806 -0.128638 0.952787 0.275044 -0.170969 -0.294503 0.940233 -0.976843 -0.073925 -0.200781
11.238239 -67.476912 276.732102 7286.585038 -0.132537 0.932548 0.335840 -0.007803 -0.339800 0.940465 -0.991147 -0.122026 -0.052313
13.640557 -65.699758 485.539130 -180.387923 -0.113605 0.895263 0.430811 0.093003 -0.422132 0.901751 -0.989163 -0.142510 0.035305
14.815051 -72.856827 782.805018 -347.859833 -0.088505 0.898824 0.429281 0.137035 -0.415887 0.899033 -0.986604 -0.138395 0.086362
26.579400 -17.147505 1649.033540 -3005.584211 -0.787321 -0.036763 -0.615446 -0.218491 0.950074 0.222757 0.576530 0.309851 -0.756046
20.714741 -23.829609 1782.639389 -3169.247671 -0.806490 0.005077 -0.591226 -0.209837 0.932410 0.294245 0.552759 0.361367 -0.750914
14.986187 -30.116295 4439.199277 -3741.472319 -0.865638 0.107060 -0.489091 -0.111118 0.911427 0.396174 0.488185 0.397290 -0.777069
7.181302 -32.910352 2697.856473 -4537.633265 -0.878797 0.218594 -0.424184 0.002442 0.890959 0.454077 0.477189 0.398006 -0.783506
64.905518 -49.590413 1804.519510 -3893.209037 -0.131609 0.976106 -0.172907 0.778790 0.209728 0.591185 -0.613323 0.056853 0.787784
58.183896 -35.913968 14712.538419 -4345.030877 -0.049794 0.894769 -0.443745 0.802948 0.300088 0.514997 -0.593965 0.330661 0.733395
68.377978 -45.604770 6607.353388 -590.120191 -0.208778 0.926704 -0.312460 0.864926 0.324080 0.383244 -0.456416 0.190242 0.869191
53.797390 -35.661507 16110.401703 1210.296566 -0.129459 0.829307 -0.543591 0.883309 0.345545 0.316802 -0.450561 0.439146 0.777268
-1.947464 -136.363964 -226.004419 -8787.682586 -0.678491 0.029580 -0.734013 0.709216 -0.234062 -0.665002 -0.191475 -0.971772 0.137830
-1.472610 -124.070558 305.223250 -7618.239256 0.676062 -0.037744 0.735878 0.640019 -0.464795 -0.611835 -0.365125 -0.884614 0.290073
-1.996323 -111.634718 -461.500357 -7100.285091 0.687073 -0.065762 0.723606 0.539817 -0.620402 -0.568946 -0.486342 -0.781522 0.390762
-5.811432 -66.367911 -589.535326 5258.209573 0.057181 -0.878759 -0.473829 0.962237 0.175027 -0.208483 0.266140 -0.444014 0.855582
-14.062044 -42.566328 -1570.214532 -3490.748738 0.162289 0.985664 0.046139 0.408756 -0.024596 -0.912312 0.898098 -0.166918 0.406888
-14.401596 -43.481029 -1058.355569 292.641748 0.116603 0.982988 0.141910 0.483215 0.068684 -0.872803 0.867702 -0.170345 0.466986
-11.877894 -45.982469 -2411.237561 -1979.673843 0.170784 0.975623 0.137812 0.449405 0.047341 -0.892073 0.876851 -0.214285 0.430365
-16.574947 -41.519483 -462.516227 -1160.906903 0.093770 0.992155 0.082680 0.471020 0.028954 -0.881647 0.877124 -0.121616 0.464610
-16.219688 -41.263818 462.093723 -2726.762189 0.126530 0.990773 -0.048568 0.367982 -0.092350 -0.925235 0.921184 -0.099198 0.376272
-2.759196 -331.152442 2394.395434 -15570.939639 0.770634 0.130128 0.623851 0.580776 0.259578 -0.771569 0.262341 -0.956915 -0.124464
-5.800203 -277.531764 2354.350163 -5509.180094 0.784043 0.127891 0.607389 0.546202 0.322686 -0.773005 0.294857 -0.937826 -0.183145
-6.005367 -337.386003 3599.637095 46082.702072 0.788457 0.125872 0.602073 0.403218 0.633404 -0.660465 0.464490 -0.763515 -0.448658
-7.124220 -285.764391 -2923.353262 43990.275664 -0.765822 -0.113525 -0.632952 0.218567 0.879741 -0.422237 0.604769 -0.461701 -0.648912
-4.441280 -357.105005 -3525.240026 60528.155563 -0.768421 -0.131831 -0.626219 0.224213 0.861063 -0.456397 0.599381 -0.491111 -0.632101
-6.167981 -349.940724 4262.324817 35850.223399 0.778634 0.121447 0.615614 0.434724 0.603076 -0.668816 0.452487 -0.788385 -0.416779
-18.095558 -36.321833 3213.681347 -1349.790778 -0.833465 0.377299 -0.403710 0.023868 0.754501 0.655865 0.552057 0.537005 -0.637855
-14.011507 -42.799611 -2174.109760 -2534.043793 0.820174 -0.275865 0.501211 -0.152774 0.738650 0.656548 0.551338 0.615056 -0.563677
15.171804 -516.904060 -11121.634308 -29638.775707 -0.775644 0.129455 -0.617752 0.027002 0.984650 0.172438 0.630593 0.117070 -0.767234
11.394512 -369.741815 -3771.941406 16459.339359 -0.782547 0.033474 -0.621691 -0.067990 0.987987 0.138778 0.618868 0.150869 -0.770870
5.654731 -409.624269 -4522.809231 38937.106043 -0.777500 0.072000 -0.624748 -0.218084 0.900911 0.375232 0.589859 0.427991 -0.684756
35.555927 -41.499945 18817.924966 495.121503 0.267615 0.963525 -0.001041 0.923564 -0.256208 0.285284 -0.274611 0.077308 0.958443
45.056735 -39.178117 19298.185639 1914.729528 0.228615 0.973498 0.006012 0.951368 -0.224720 0.210715 -0.206481 0.042453 0.977529
80.612743 -41.419723 27989.410248 -320.260512 0.198133 0.979386 0.039332 0.931961 -0.200665 0.301963 -0.303631 0.023173 0.952508
59.924620 -41.120777 22081.677238 -1587.262255 0.247120 0.968973 -0.004811 0.899427 -0.227531 0.373177 -0.360504 0.096546 0.927748
-0.774936 -47.623002 -3342.006435 -2883.519194 -0.429996 -0.813474 0.391617 0.878154 -0.276127 0.390639 -0.209639 0.511874 0.833089
-7.167809 -49.646507 -5042.443908 -2648.550281 -0.431997 -0.810545 0.395469 0.877012 -0.275293 0.393782 -0.210309 0.516943 0.829783
-10.829184 -81.886323 -222.346679 1905.312544 -0.019817 0.915007 0.402951 0.949905 -0.108503 0.293101 0.311911 0.388574 -0.867019
-12.867579 -80.981959 978.999366 1982.282627 -0.002613 0.913756 0.406254 0.952459 -0.121493 0.279393 0.304655 0.387671 -0.869998
-9.303263 -85.458157 271.542997 2070.422081 -0.026664 0.916455 0.399247 0.993976 -0.018165 0.108080 0.106303 0.399724 -0.910451
-12.444445 -78.852506 675.059377 -1011.988799 -0.006779 0.912110 0.409890 -0.882535 0.187281 -0.431344 0.470198 0.364666 -0.803699
16.046125 -422.819276 3899.030208 31586.536004 -0.128505 -0.317579 0.939484 0.409307 0.845903 0.341931 -0.903302 0.428477 0.021284
-12.389239 -122.770503 3325.516201 -7570.524475 -0.111431 0.909368 0.400789 0.678395 -0.225105 0.699363 -0.726198 -0.349824 0.591827
-10.543403 -110.844421 2842.255966 -8973.086481 -0.130737 0.922659 0.362778 0.530636 -0.243973 0.811728 -0.837457 -0.298626 0.457700
-46.344787 -63.163037 1140.261645 -3311.839564 0.257449 0.911320 -0.321271 0.121879 0.299199 0.946375 -0.958575 0.282800 0.034042
-39.473550 -56.018320 2048.098029 -2033.085899 0.211916 0.823704 -0.525931 -0.047609 0.546216 0.836290 -0.976127 0.152185 -0.154968
-42.946942 -59.718371 -1948.634738 -235.581119 -0.517381 -0.030791 0.855201 0.655740 0.627837 0.419316 -0.549838 0.777735 -0.304641
-39.367611 -57.946606 -247.141221 -462.639861 -0.541438 0.046986 0.839427 0.688350 0.598038 0.410517 -0.482721 0.800089 -0.356143
-39.878632 -57.708072 -1300.964151 156.965092 -0.518974 0.060177 0.852669 0.627643 0.704005 0.332328 -0.580285 0.707641 -0.403129
-41.189249 -60.273476 -883.973544 -1018.871460 -0.583895 -0.023622 0.811485 0.694649 0.502783 0.514463 -0.420153 0.864090 -0.277163
-43.392105 -61.072508 -2459.391061 -1296.691324 -0.593432 -0.096931 0.799026 0.666373 0.497608 0.555278 -0.451426 0.861969 -0.230704
20.243516 -97.181836 -173.759698 11676.610135 0.617287 0.457037 0.640370 -0.574220 -0.294672 0.763832 -0.537799 0.839217 -0.080543
24.316175 -92.549448 -449.344289 10262.328659 0.707452 0.419630 0.568702 -0.500943 -0.269906 0.822318 -0.498565 0.866638 -0.019265
30.728185 -72.552346 1796.682707 10476.665759 0.741402 0.377291 0.554954 -0.399669 -0.416051 0.816802 -0.539062 0.827377 0.157670
78.552446 -78.719893 17486.711695 5136.783308 -0.462091 0.850441 -0.251439 0.797204 0.274136 -0.537881 -0.388507 -0.448998 -0.804651
44.552751 -62.050366 11475.054179 -2126.772566 -0.343623 0.919901 -0.188961 -0.797588 -0.179650 0.575829 -0.495759 -0.348581 -0.795433
2.893138 -10.869377 2954.992610 1786.182934 0.586871 0.803827 -0.097183 0.554057 -0.311162 0.772139 -0.590427 0.506991 0.627978
6.348389 -5.185544 2916.260009 3148.703926 0.593202 0.802082 -0.069111 0.557319 -0.347193 0.754223 -0.580953 0.485923 0.652971
10.822359 -4.945650 -1209.171858 2851.910873 0.492872 0.865824 -0.086174 0.604632 -0.269591 0.749494 -0.625698 0.421508 0.656379
-3.929046 -66.468873 -311.776237 2821.365750 0.325451 0.938936 -0.111717 0.945531 -0.324062 0.030893 -0.007196 -0.115686 -0.993260
3.812639 -92.996683 -1637.789011 -12882.783590 0.115821 0.943621 0.310104 -0.425944 -0.234857 0.873736 -0.897305 0.233284 -0.374729
-2.212359 -102.852283 -528.091810 -8530.698010 0.112518 0.939947 0.322240 -0.202036 -0.295884 0.933614 -0.972893 0.170152 -0.156611
-0.396918 -84.729474 -135.896123 -14728.042384 0.113882 0.955970 0.270466 -0.445882 -0.194099 0.873793 -0.887818 0.220105 -0.404146
3.158889 -69.698291 231.041100 -11197.813083 0.133619 0.957742 0.254710 -0.522252 -0.150383 0.839427 -0.842258 0.245186 -0.480088
5.342502 -59.975817 1149.377737 -7858.823700 0.168765 0.969484 0.177820 -0.525170 -0.064223 0.848571 -0.834096 0.236594 -0.498305
1.829316 -73.336775 1439.720898 -12373.201688 0.168904 0.965759 0.196929 -0.432925 -0.106801 0.895081 -0.885464 0.236438 -0.400062
6.639542 -173.537791 -83.597069 5487.586164 0.427322 0.904040 -0.010385 0.169508 -0.068830 0.983122 -0.888067 0.421870 0.182655
1.543691 -67.167114 -696.476991 1120.311833 0.350763 0.928160 0.124438 0.526285 -0.305289 0.793614 -0.774590 0.212880 0.595561
-1.469245 -55.697475 178.769049 2229.761615 0.307346 0.933044 0.186993 0.860521 -0.356403 0.363979 -0.406254 -0.049044 0.912443
0.419389 -51.294147 903.452570 1983.626122 0.349256 0.918289 0.186453 0.895954 -0.385536 0.220518 -0.274384 -0.090036 0.957396
1.065131 -52.006077 92.822458 2290.853779 0.340273 0.918550 0.201195 0.879264 -0.386654 0.278196 -0.333330 -0.082241 0.939216
48.790503 -52.764671 23802.667047 482.265281 0.507859 0.860348 -0.043372 0.848071 -0.508178 -0.150103 0.151181 -0.039448 0.987719
663.065270 -71.724333 261983.201441 19579.557270 0.774822 0.624057 -0.101015 -0.598286 0.775476 0.201718 0.204218 -0.095860 0.974221
