17763
35504
-22.460651 -34.792450 -980.605955 1699.859465 0.792657 0.583208 -0.177658 0.263004 -0.589997 -0.763369 0.550021 -0.558365 0.621052
-25.513510 -40.753152 -788.009763 1907.817988 0.736286 0.672676 -0.073409 0.431057 -0.549891 -0.715409 0.521605 -0.495103 0.694839
-24.879519 -38.661593 -196.002543 2773.785877 0.659659 0.738506 0.139494 0.544342 -0.341498 -0.766206 0.518211 -0.581367 0.627272
-23.299711 -35.529948 -430.728986 -1204.011582 0.761398 0.573750 -0.301801 -0.234279 0.677597 0.697120 0.604472 -0.460080 0.650339
-19.851149 -29.767938 -1163.638558 2373.906380 0.815114 0.540356 -0.208817 0.169547 -0.567206 -0.805935 0.553934 -0.621525 0.553953
-19.290064 -30.260488 -637.231716 -1294.150534 0.794360 0.405435 -0.452343 0.015814 0.730608 0.682614 0.607241 -0.549395 0.573954
27.293058 -50.824308 2169.867690 2546.442857 -0.640099 -0.533426 -0.552929 0.087494 0.664391 -0.742246 0.763295 -0.523489 -0.378604
29.077167 -46.933359 1468.727455 558.133385 -0.684554 -0.593351 -0.423463 -0.094201 0.648046 -0.755753 0.722850 -0.477463 -0.499517
19.686105 -57.665906 2230.950731 4119.016593 -0.721446 -0.536944 -0.437271 0.053266 0.586563 -0.808150 0.690419 -0.606328 -0.394573
16.093355 -44.107716 -1086.386531 -4622.814160 0.925418 0.134229 -0.354378 -0.027622 -0.908782 -0.416356 0.377940 -0.395092 0.837296
16.385517 -48.902771 445.204914 -4356.491312 0.891137 0.191592 -0.411300 -0.048905 -0.860639 -0.506862 0.451092 -0.471798 0.757577
16.704480 -52.320086 -459.795034 -3980.709623 0.922054 0.161094 -0.351944 -0.059910 -0.838917 -0.540952 0.382396 -0.519872 0.763876
12.511544 -45.061621 -2163.499840 -4694.933152 0.952785 0.088709 -0.290398 -0.036832 -0.915547 -0.400522 0.301402 -0.392307 0.869052
13.825547 -35.131727 -2950.727217 4777.289616 0.953428 0.057901 -0.296010 0.032724 0.955751 0.292352 0.299839 -0.288424 0.909345
-8.262379 -10.467197 949.422462 285.247080 -0.282129 0.855272 0.434641 0.892522 0.067828 0.445875 0.351864 0.513721 -0.782485
-9.283155 -12.337700 1050.195591 203.110447 -0.346060 0.854315 0.387800 0.884770 0.159652 0.437828 0.312130 0.494629 -0.811121
-4.505670 -11.119113 679.320100 393.153285 -0.503881 0.799399 0.327208 0.804382 0.296225 0.514996 0.314759 0.522697 -0.792284
-4.185371 -8.953683 502.169791 425.597896 -0.478815 0.810720 0.336852 0.801022 0.246403 0.545572 0.359305 0.531054 -0.767386
-1.521530 -10.568444 125.633050 341.615343 -0.604631 0.757993 0.244679 0.732817 0.409024 0.543763 0.312089 0.508081 -0.802779
-2.029609 -12.408146 336.167274 466.389192 -0.592468 0.760779 0.264947 0.756271 0.411941 0.508290 0.277554 0.501517 -0.819417
12.594822 -19.700997 -3720.748588 -150.279193 0.803055 0.297093 0.516564 0.497053 0.144198 -0.855655 0.328697 -0.943898 0.031872
20.601875 -22.532377 -2230.432912 -516.044706 0.818796 0.415084 0.396583 0.389660 0.105475 -0.914899 0.421590 -0.903648 0.075379
13.569403 -22.412610 -4019.712158 -501.912470 0.855506 0.364880 0.367386 0.320278 0.184612 -0.929161 0.406856 -0.912568 -0.041074
22.993093 -20.441378 -3827.375464 -344.567962 0.788548 0.304512 0.534289 0.544815 0.057074 -0.836612 0.285253 -0.950797 0.120897
1.304239 -19.143113 -2737.724845 -27.351911 0.755295 0.274434 0.595159 0.546044 0.238700 -0.803031 0.362444 -0.931509 -0.030436
0.410470 -19.617878 1009.579550 117.069266 -0.553331 -0.203317 -0.807767 0.762006 0.268098 -0.589466 0.336409 -0.941693 0.006582
9.020974 -19.686983 2861.910254 -100.210029 -0.668721 -0.213944 -0.712067 0.698058 0.149068 -0.700353 0.255983 -0.965405 0.049661
-0.435655 -71.200039 -92.297531 4569.245751 0.823933 0.551695 0.129484 -0.120398 0.393698 -0.911321 0.553749 -0.735278 -0.390804
0.296359 -65.964620 -161.850660 3489.775193 0.818658 0.568905 0.078403 -0.285666 0.521848 -0.803784 0.498191 -0.635627 -0.589732
-0.825716 -63.816469 -144.327792 1799.879335 0.822774 0.560721 0.092926 -0.249696 0.503471 -0.827145 0.510583 -0.657350 -0.554252
10.395940 -4.342966 2583.517029 -878.795409 -0.620897 0.632533 0.463022 0.783833 0.493702 0.376649 0.009648 0.596792 -0.802338
9.707316 -6.255170 2083.158042 -933.399751 -0.565417 0.672773 0.477159 0.824107 0.437005 0.360380 0.033933 0.596995 -0.801527
1.826581 -7.521495 1394.568304 -1152.107164 -0.369279 0.738606 0.563999 0.929053 0.278887 0.243071 0.022242 0.613745 -0.789191
17.914743 -4.187130 3446.929124 -1134.679725 -0.673970 0.613763 0.411169 0.738106 0.536051 0.409694 0.031047 0.579608 -0.814304
21.784303 -3.329113 3732.422027 -769.174520 -0.701612 0.596869 0.389215 0.711866 0.563030 0.419815 0.031434 0.571616 -0.819919
8.723234 -23.464500 2660.582696 -1669.989182 -0.568764 0.708789 0.417284 0.784800 0.315825 0.533239 0.246165 0.630771 -0.735887
6.140385 -24.225130 1973.565459 86.333144 -0.542136 0.723020 0.428171 0.779184 0.241793 0.578280 0.314579 0.647131 -0.694451
3.273049 -25.630196 1513.417448 -1018.560142 -0.480313 0.734453 0.479457 0.829441 0.202610 0.520555 0.285181 0.647710 -0.706501
4.892884 -23.292944 1821.321712 -2361.208502 -0.496385 0.729238 0.470971 0.841169 0.269952 0.468573 0.214562 0.628759 -0.747413
-1.260762 -55.707086 119.958744 1535.326760 -0.667773 0.744006 0.023088 0.282089 0.224238 0.932815 -0.688843 -0.629422 0.359616
-0.637861 -51.826446 191.847397 563.237427 -0.647213 0.759193 0.068853 0.406313 0.267134 0.873813 -0.645000 -0.593519 0.481363
-1.392886 -50.930434 -185.546642 1780.145234 -0.661787 0.747786 0.053425 0.323854 0.220883 0.919962 -0.676133 -0.626121 0.388350
-2.150212 -58.451096 -237.835185 3325.943174 -0.673709 0.738603 0.024139 0.213098 0.162891 0.963356 -0.707606 -0.654166 0.267136
-2.028528 -54.461242 379.386222 519.650281 0.744103 0.595008 0.303770 -0.457271 0.122124 0.880902 -0.487046 0.794387 -0.362953
-2.487264 -55.355728 471.702953 -702.561778 0.724106 0.589766 0.357557 -0.406182 -0.054320 0.912176 -0.557393 0.805745 -0.200218
0.106417 -50.467811 147.060458 400.869441 0.735027 0.604147 0.307801 -0.435382 0.072535 0.897319 -0.519786 0.793565 -0.316350
-2.200119 -115.461915 605.993791 1042.400978 0.742240 -0.568519 -0.354775 -0.104224 0.425032 -0.899158 -0.661979 -0.704367 -0.256222
-2.203356 -109.870507 -586.682499 5348.510650 -0.738160 0.576916 0.349697 0.091402 0.599102 -0.795438 -0.668405 -0.555198 -0.494965
-0.213745 -115.570842 -310.831032 -240.999362 -0.741518 0.575621 0.344691 0.042386 -0.472532 0.880293 -0.669593 -0.667363 -0.325993
-5.226475 -110.992451 -864.823332 -5897.444668 -0.736480 0.571857 0.361354 -0.032830 -0.563772 0.825278 -0.675662 -0.595938 -0.433980
-0.068922 -114.504329 199.891110 -4390.815835 0.743459 -0.572580 -0.345573 -0.229153 0.267344 -0.935957 -0.628298 -0.775035 -0.067550
-1.765257 -114.640484 652.660933 -4051.230553 0.745553 -0.562783 -0.356967 -0.292523 0.204929 -0.934042 -0.598816 -0.800799 0.011841
-5.016473 -117.080320 1046.804037 1173.453107 0.739379 -0.561872 -0.370971 -0.172760 0.374212 -0.911109 -0.650748 -0.737743 -0.179615
0.108933 -71.256311 443.411216 -3782.976829 0.664512 -0.683348 -0.302422 0.463327 0.694284 -0.550724 0.586303 0.225843 0.777974
-0.060195 -73.650434 -816.178597 -2313.360889 -0.630852 0.719567 0.290259 0.460906 0.648469 -0.605850 0.624173 0.248419 0.740740
-2.449872 -62.525666 -975.134809 -2346.372396 -0.632596 0.710541 0.308146 0.573920 0.697233 -0.429513 0.520036 0.094857 0.848861
-1.507343 -58.260845 696.329371 -3991.590174 0.670344 -0.670184 -0.318579 0.560484 0.738646 -0.374514 0.486310 0.072495 0.870774
-4.810364 -53.179548 -643.349168 -1687.361492 -0.612569 0.727033 0.310133 0.675836 0.685236 -0.271475 0.409885 -0.043302 0.911109
-4.273806 -57.566046 27.583394 -2078.056716 -0.600243 0.751228 0.274528 0.691197 0.659916 -0.294547 0.402437 -0.012953 0.915356
-21.856524 -93.950965 5686.362661 12406.543184 0.613368 0.678872 0.403623 -0.585662 0.733822 -0.344246 -0.529887 -0.025237 0.847693
-37.081079 -100.505300 12886.852022 -69.128555 0.643526 0.664648 0.379627 -0.691203 0.717669 -0.084796 -0.328806 -0.207831 0.921245
-6.360676 -94.776706 815.974372 -1057.156732 0.613274 0.647734 0.452034 -0.696563 0.713337 -0.077137 -0.372417 -0.267564 0.888659
-7.455247 -102.171021 -3476.002876 10064.344177 0.634822 0.647451 0.421673 -0.636873 0.747471 -0.188892 -0.437487 -0.148639 0.886855
-7.540976 -94.957249 -1959.088903 14789.551096 0.606621 0.658386 0.445578 -0.562789 0.751511 -0.344237 -0.561497 -0.041945 0.826415
-2.485954 -54.166936 21766.179728 8654.995695 0.803572 0.029598 -0.594472 -0.366482 0.811593 -0.454981 -0.469002 -0.583473 -0.663020
32.817488 -111.745599 10812.220882 39802.551770 0.718600 0.069149 -0.691977 -0.494967 0.749809 -0.439083 -0.488489 -0.658031 -0.573040
-1.888945 -64.062602 12882.961454 11016.208453 0.702993 0.141803 -0.696916 -0.553202 0.724864 -0.410536 -0.446954 -0.674140 -0.588020
-41.592793 -97.113242 -7324.315996 -12678.040199 0.162536 0.583440 -0.795726 0.879922 -0.450600 -0.150654 -0.446451 -0.675690 -0.586620
-41.579147 -51.267054 -2318.751950 22859.758172 -0.051499 0.792361 -0.607875 0.873967 -0.258779 -0.411358 -0.483249 -0.552447 -0.679170
-406.227637 -3275.461934 90678.176377 -788300.200051 -0.525652 0.649400 0.549517 0.321396 0.749685 -0.578513 -0.787651 -0.127484 -0.602788
-185.305012 -2691.976029 -53361.863465 -774001.370655 0.400218 -0.632768 -0.662895 0.625617 -0.339918 0.702181 -0.669648 -0.695745 0.259829
-79.038791 -6546.794757 -963.325298 -2344966.438436 -0.333889 0.681631 0.651074 0.464492 0.720007 -0.515594 -0.820222 0.130268 -0.557015
79.108725 -18963.844254 -39547.569250 1992456.207113 -0.321134 0.673719 0.665564 0.847090 -0.109897 0.519963 0.423452 0.730771 -0.535409
-5.442976 -11.010015 -590.404412 1244.899945 -0.186276 0.982003 -0.031162 0.931737 0.166500 -0.322713 0.311717 0.089149 0.945984
-4.324471 -13.185149 -12.013161 -638.447376 0.286211 0.939161 -0.189893 0.893862 -0.333086 -0.300109 0.345101 0.083844 0.934813
-2.741255 -8.638890 1427.498095 -1177.666090 0.470490 0.838186 -0.275833 0.815292 -0.532498 -0.227477 0.337548 0.117859 0.933901
-3.154730 -5.381119 1300.538385 3033.282664 -0.599280 0.796097 0.084215 0.732623 0.587799 -0.343156 0.322687 0.143948 0.935496
2.203126 -4.344487 2489.929769 -2208.616334 0.572826 0.750847 -0.328786 0.759502 -0.637054 -0.131600 0.308266 0.174330 0.935191
1.828354 -9.778593 1196.642814 -1488.004649 0.500330 0.816517 -0.288043 0.802301 -0.562295 -0.200346 0.325551 0.130858 0.936426
-7.739278 -56.183700 376.049028 1372.860029 -0.490588 0.848578 0.198089 -0.459366 -0.058676 -0.886307 0.740477 0.525807 -0.418594
-6.415306 -57.646992 -695.185980 1030.284383 -0.465405 0.866227 0.181796 -0.460547 -0.061603 -0.885495 0.755840 0.495839 -0.427609
-6.629945 -55.089304 144.933241 109.361817 -0.482209 0.856599 0.183611 -0.555679 -0.137039 -0.820025 0.677271 0.497452 -0.542076
-5.986580 -28.238960 394.184158 -313.136127 0.769525 0.638554 0.009020 -0.564662 0.686940 -0.457460 0.298309 -0.346933 -0.889184
-6.770592 -28.295730 266.014183 -321.860195 0.779115 0.626347 0.025854 -0.571709 0.726859 -0.380559 0.257154 -0.281718 -0.924395
-5.949711 -27.205443 288.982632 -410.605147 0.812058 0.579305 0.070484 -0.495504 0.748259 -0.441117 0.308282 -0.323287 -0.894678
-0.865753 -7.618528 -385.747435 217.448513 0.864232 -0.484201 -0.136574 0.498915 0.859786 0.108870 -0.064709 0.162228 -0.984629
0.848240 -9.483103 -427.055789 395.404979 0.825063 -0.544130 -0.152294 0.557605 0.827657 0.063731 -0.091369 0.137502 -0.986278
-0.328801 -8.356601 -137.431939 388.809458 0.880721 -0.453852 -0.135459 0.469233 0.874992 0.119203 -0.064426 0.168546 -0.983586
3.033098 -16.184844 31.477580 439.554436 0.709642 -0.687176 -0.155557 0.679888 0.609972 0.407047 0.184827 0.394619 -0.900064
5.112996 -18.572716 13.245156 305.603608 -0.698191 0.696994 0.163490 0.705969 0.632371 0.318928 0.118904 0.338091 -0.933572
2.466650 -18.624101 951.311239 527.591412 0.766841 -0.640028 -0.048155 0.609609 0.702807 0.366659 0.200829 0.310525 -0.929108
-0.057082 -13.714723 598.559657 435.518079 0.763236 -0.641129 -0.080158 0.588790 0.639051 0.494914 0.266078 0.424933 -0.865237
1.456987 -13.614950 -102.091587 278.787599 0.714664 -0.679088 -0.167614 0.663758 0.582831 0.468758 0.220637 0.446260 -0.867278
0.043756 -15.975380 875.962177 654.162147 0.786135 -0.616781 -0.039660 0.564243 0.690022 0.453321 0.252233 0.378749 -0.890465
23.879749 -207.353211 -2026.896040 25955.271829 0.747045 0.600783 0.284574 -0.500412 0.226409 0.835660 -0.437620 0.766680 -0.469777
64.200840 -370.677600 -8580.668588 100703.610815 0.768369 0.557450 0.314417 -0.453720 0.127971 0.881908 -0.451383 0.820288 -0.351255
31.467585 -213.675734 -3680.687938 64928.099691 0.724193 0.624312 0.292880 -0.318735 -0.073586 0.944983 -0.611516 0.777702 -0.145700
13.250862 -140.251265 -1159.084401 17227.874070 0.683747 0.670562 0.287814 -0.422370 0.042044 0.905448 -0.595058 0.740661 -0.311973
-10.845772 -437.686106 -2233.720537 -82022.102362 0.153672 0.691527 -0.705815 -0.508798 0.667705 0.543411 -0.847060 -0.275610 -0.454455
149.436406 -11471.675999 -19413.049461 -3317588.287591 0.155943 0.907924 -0.389044 -0.146056 0.410727 0.899984 -0.976908 0.083524 -0.196658
-22.363020 -210.754682 3672.829430 -51065.970524 0.119282 0.725248 -0.678076 -0.439746 0.650903 0.618828 -0.890166 -0.224366 -0.396566
-16.333934 -111.002313 2028.481646 -31575.245372 -0.092859 -0.574307 0.813356 -0.591966 0.688677 0.418688 -0.800596 -0.442600 -0.403921
-25.425867 -94.128727 524.676886 -22077.334908 0.109831 0.709044 -0.696558 -0.538045 0.631655 0.558140 -0.835730 -0.313479 -0.450873
-11.257631 -199.914953 -2431.685503 -44094.735193 0.053443 0.785232 -0.616892 -0.419270 0.578327 0.699821 -0.906287 -0.221244 -0.360132
10.979730 -148.638166 -955.759153 -12033.473251 0.674928 0.737191 0.031981 0.734286 -0.675280 0.069428 -0.072778 0.023376 0.997074
8.755944 -149.281417 -1205.112041 10803.777108 0.711817 0.698494 0.073640 -0.699745 0.714301 -0.011468 -0.060612 -0.043366 0.997219
6.221159 -124.551751 -950.788409 -13248.463345 0.694192 0.717137 0.061738 0.654783 -0.664790 0.359602 -0.298927 0.209208 0.931061
12.958843 -161.813495 -1512.966137 -798.911393 0.698797 0.711447 0.074335 0.693953 -0.649043 -0.311724 0.173528 -0.269417 0.947261
5.405737 -117.672426 25.710105 -14386.852263 0.656876 0.753717 -0.020589 0.687789 -0.587782 0.425979 -0.308966 0.293976 0.904499
14.370493 -159.872541 924.034365 -463.472740 -0.660602 -0.750308 -0.025370 0.724618 -0.628418 -0.282877 0.196302 -0.205253 0.958820
11.052114 -145.633728 179.994929 -12293.981827 -0.629848 -0.775106 0.050019 0.774487 -0.621857 0.116034 -0.058834 0.111823 0.991985
-14.515290 -46.092409 -1022.946895 2824.137657 0.357345 0.823021 -0.441522 0.728393 0.050314 0.683310 -0.584593 0.565779 0.581503
-8.875160 -63.310695 -1047.732573 -2681.634749 0.461292 0.844200 -0.273014 0.682207 -0.140741 0.717485 -0.567277 0.517222 0.640842
-8.823872 -52.246006 1471.513557 -7168.406425 0.666558 0.741190 -0.079613 0.522005 -0.387846 0.759662 -0.532176 0.547917 0.645426
-0.117968 -84.257012 428.205159 -10271.158721 0.691757 0.721964 0.015510 0.562737 -0.552404 0.614961 -0.452547 0.416675 0.788405
-4.283425 -60.525640 332.358701 -6954.061772 0.725362 0.681390 0.097764 0.404491 -0.536826 0.740409 -0.556990 0.497520 0.665009
33.811498 -44.872091 256.905306 -5322.692679 0.547227 0.796820 0.256164 -0.556376 0.117660 0.822558 -0.625291 0.592650 -0.507718
33.651280 -44.301611 -521.043305 -2934.390987 0.644926 0.723458 0.246331 -0.549973 0.215533 0.806893 -0.530661 0.655861 -0.536885
28.905996 -48.758713 -1829.342017 -2818.656116 0.579987 0.732538 0.356376 -0.514808 -0.009450 0.857253 -0.631338 0.680661 -0.371636
-30.881302 -36.206517 -242.934486 568.817180 -0.037068 0.642394 0.765478 0.998245 0.059199 -0.001340 -0.046177 0.764085 -0.643461
-30.914098 -37.549126 -382.441159 -13.394292 -0.183436 0.498042 0.847529 0.976080 0.194629 0.096887 -0.116700 0.845029 -0.521831
-31.618249 -37.619195 -348.024687 688.357662 -0.271753 0.533796 0.800757 0.962011 0.128029 0.241131 0.026195 0.835865 -0.548310
17.367565 -30.315819 5200.391203 270.482849 0.706972 0.658950 0.256858 -0.027959 -0.336859 0.941140 -0.706689 0.672541 0.219726
20.750396 -30.088781 1811.477193 277.294414 0.656693 0.710990 0.251492 -0.107986 -0.241389 0.964402 -0.746387 0.660473 0.081741
16.483336 -30.443473 4966.491089 -189.949888 0.701028 0.670177 0.243767 -0.120170 -0.225923 0.966705 -0.702936 0.706981 0.077843
6.038591 -31.102985 3964.223255 112.146425 0.720379 0.657594 0.220508 -0.015211 -0.302871 0.952910 -0.693413 0.689811 0.208180
7.578126 -30.017662 3533.663827 369.859602 0.720788 0.651477 0.236733 0.070408 -0.408574 0.910005 -0.689571 0.639253 0.340365
-9.861027 -25.981040 -0.511289 117.483563 0.410496 0.693390 0.592202 0.907801 -0.371984 -0.193715 0.085969 0.617121 -0.782158
-9.684611 -25.761021 -252.663471 313.528467 0.270570 0.729781 0.627863 0.962378 -0.221924 -0.156778 0.024924 0.646661 -0.762371
-9.771954 -23.309577 -132.832095 484.943863 0.426048 0.662575 0.616018 0.896175 -0.402343 -0.187058 0.123910 0.631756 -0.765200
-9.245005 -23.844198 418.553192 79.105683 0.569470 0.588223 0.574193 0.801063 -0.553814 -0.227128 0.184394 0.589308 -0.786584
-10.183614 -26.479872 275.182690 14.507222 0.536366 0.635387 0.555513 0.829751 -0.517364 -0.209398 0.154354 0.573251 -0.804710
6.206284 -26.950562 44.471836 -110.239626 0.560498 0.828136 -0.005629 -0.776475 0.527872 0.344149 -0.287974 0.188525 -0.938898
3.950792 -28.935657 -135.628952 -466.118173 0.541646 0.840601 -0.003023 -0.732765 0.473917 0.488323 -0.411917 0.262283 -0.872658
6.467329 -26.728962 48.252292 -171.661904 0.603889 0.794185 -0.067728 -0.732204 0.586315 0.346570 -0.314951 0.159699 -0.935576
4.667687 -29.300815 8.660658 -459.866887 0.515477 0.854875 0.058917 -0.767170 0.429774 0.476177 -0.381751 0.290658 -0.877373
9.255862 -26.163096 412.836188 187.347962 0.606739 0.794286 -0.031273 -0.774920 0.599796 0.199358 -0.177105 0.096724 -0.979428
7.027770 -26.378006 110.492352 128.730045 0.575051 0.818007 0.013438 -0.802320 0.560659 0.204803 -0.159996 0.128554 -0.978711
6.002985 -27.147484 119.561814 -181.773961 0.541662 0.839025 0.051369 -0.799847 0.495645 0.338499 -0.258548 0.224439 -0.939564
1.760762 -29.835335 -174.855998 223.934757 0.730356 0.627367 0.270168 0.255139 0.116339 -0.959880 0.633628 -0.769985 0.075097
1.764444 -29.543210 -184.102057 80.421999 0.733851 0.632357 0.248167 0.148294 0.207384 -0.966954 0.662926 -0.746402 -0.058414
0.589452 -28.523964 -314.924565 195.445720 0.742398 0.621277 0.250719 0.169797 0.187527 -0.967472 0.648085 -0.760821 -0.033729
1.852591 -31.017108 37.920502 123.438735 0.713234 0.643968 0.276771 0.249359 0.135914 -0.958826 0.655071 -0.752883 0.063641
1.483912 -31.317317 13.320754 71.384243 0.714543 0.636376 0.290610 0.359233 0.022697 -0.932972 0.600317 -0.771045 0.212389
8.173619 -40.797546 262.659415 -6468.594687 -0.725689 -0.636210 -0.261939 -0.640319 0.763806 -0.081196 0.251728 0.108802 -0.961663
7.028382 -48.242347 -411.115525 -5478.399083 -0.653835 -0.675866 -0.340156 -0.694260 0.714634 -0.085447 0.300838 0.180288 -0.936479
6.250862 -56.418428 -527.836219 5244.183401 0.670652 0.696574 0.254970 0.730632 -0.679677 -0.064927 0.128071 0.229833 -0.964767
10.000572 -35.445352 -1014.844295 -5214.545595 -0.711073 -0.600943 -0.365024 -0.574579 0.795863 -0.190946 0.405257 0.073959 -0.911206
11.446958 -27.500978 158.866019 -2953.417187 -0.816548 -0.520666 -0.249310 -0.508506 0.853168 -0.116305 0.273259 0.031807 -0.961415
15.439889 -24.343715 -12.596967 -443.650432 -0.717859 -0.644000 0.264466 -0.650728 0.755706 0.073901 -0.247451 -0.119045 -0.961559
12.417978 -25.205921 407.198040 -350.125059 0.683720 0.708517 -0.174732 -0.689419 0.705642 0.163618 -0.239224 -0.008595 -0.970926
11.568410 -25.526286 -303.903310 -400.350166 -0.718203 -0.657277 0.228411 -0.618131 0.753385 0.224332 -0.319530 0.019928 -0.947367
5.303942 -72.121415 -239.114633 404.084698 0.937335 -0.165961 -0.306366 0.026885 -0.842205 0.538486 0.347391 0.512979 0.784967
5.457082 -72.593697 -443.180772 -570.201597 0.938124 -0.148765 -0.312719 0.126562 -0.693274 0.709474 0.322344 0.705153 0.631549
6.304789 -73.221265 -379.123540 -13.440695 0.932803 -0.174753 -0.315183 0.045550 -0.810386 0.584124 0.357497 0.559229 0.747970
5.562393 -71.958372 -554.365142 1331.645995 0.935958 -0.186098 -0.298916 -0.054476 -0.915232 0.399227 0.347873 0.357376 0.866757
-16.807883 -124.589623 -763.455054 -6667.269841 0.896620 -0.386481 -0.216112 -0.421890 -0.597415 -0.681985 -0.134466 -0.702657 0.698707
-14.811746 -116.310306 -461.843226 -5564.213143 0.903814 -0.344391 -0.253998 -0.417310 -0.577953 -0.701301 -0.094722 -0.739841 0.666080
-17.060498 -105.128760 -728.310719 -1822.016532 0.917391 -0.351889 -0.185927 -0.395998 -0.760416 -0.514736 -0.039748 -0.545841 0.836946
-16.307013 -120.713106 -1902.117625 -7280.400937 0.880766 -0.392831 -0.264452 -0.413102 -0.364351 -0.834623 -0.231513 -0.844353 0.483187
-16.905593 -108.443788 -313.527420 -4353.026530 0.905705 -0.392925 -0.159084 -0.419854 -0.779711 -0.464513 -0.058479 -0.487505 0.871160
-15.166221 -129.619248 560.914391 -7800.364691 0.892394 -0.417495 -0.171263 -0.416799 -0.617122 -0.667412 -0.172951 -0.666977 0.724727
-15.850013 -130.955609 721.864383 -8190.300928 0.888881 -0.388752 -0.242411 -0.396174 -0.386511 -0.832859 -0.230081 -0.836350 0.497576
-0.438801 -103.173990 -320.317974 -2628.952722 0.796444 -0.597616 -0.092375 -0.258292 -0.198071 -0.945544 -0.546775 -0.776932 0.312112
0.403544 -104.609305 86.684826 -4432.474473 0.808537 -0.578851 -0.105828 -0.298604 -0.248630 -0.921422 -0.507054 -0.776605 0.373873
-0.394695 -94.634362 -133.792980 -2433.623322 0.798381 -0.591639 -0.112033 -0.383578 -0.356277 -0.852018 -0.464172 -0.723208 0.511384
0.145897 -112.075985 -31.552699 -5425.881895 0.806776 -0.583681 -0.091815 -0.159044 -0.064868 -0.985138 -0.569050 -0.809388 0.145165
-1.471823 -104.413239 280.962206 -2268.672071 0.807206 -0.580283 -0.108126 -0.299434 -0.244690 -0.922207 -0.508683 -0.776788 0.371271
-0.955174 -114.324691 -96.066440 -2373.094176 0.797257 -0.597296 -0.087282 -0.136593 -0.037667 -0.989911 -0.587982 -0.801136 0.111617
-13.524314 -27.102108 689.011062 -176.517676 0.820368 0.284825 0.495854 -0.497585 -0.071744 0.864443 -0.281789 0.955891 -0.082869
-14.533692 -26.765029 -207.730853 -256.685543 0.804323 0.347973 0.481642 -0.487045 -0.078233 0.869866 -0.340370 0.934235 -0.106554
-12.870061 -27.926558 744.569577 -141.021099 0.837834 0.284767 0.465770 -0.428204 -0.186433 0.884242 -0.338638 0.940293 0.034262
-10.416425 -28.265780 1546.916425 -216.701083 0.846822 0.230971 0.479109 -0.449236 -0.171648 0.876769 -0.284746 0.957700 0.041594
-11.036276 -27.496551 1626.111120 -177.594932 0.832800 0.226795 0.504982 -0.506164 -0.057393 0.860525 -0.224145 0.972250 -0.066999
0.562106 -128.356695 -76.425456 -13044.037803 0.732234 -0.629630 -0.259615 -0.244464 0.112802 -0.963075 -0.635666 -0.768662 0.071324
-1.415521 -130.948551 976.560649 -15624.158136 0.759887 -0.599622 -0.251049 -0.278187 0.049087 -0.959272 -0.587524 -0.798776 0.129507
1.219384 -111.482430 -270.522562 -10932.761841 0.730086 -0.630313 -0.263970 -0.371769 -0.042244 -0.927364 -0.573378 -0.775191 0.265172
35.730751 -146.375813 -7849.701387 946.106377 0.982752 -0.184316 0.015015 0.163443 0.903696 0.395753 0.086513 0.386473 -0.918234
31.502620 -134.335465 862.651494 1635.339356 0.971978 -0.208162 0.109211 0.134818 0.874221 0.466435 0.192569 0.438641 -0.877788
25.210951 -134.682425 -6044.175604 946.132664 0.978605 -0.204869 0.019019 0.153546 0.788709 0.595283 0.136955 0.579626 -0.803291
23.294897 -146.703812 -7513.426701 -2133.448257 0.973845 -0.216760 -0.068125 0.220942 0.833441 0.506518 0.053014 0.508322 -0.859534
32.093100 -149.239306 -9761.073482 1738.344386 0.982345 -0.181870 -0.043828 0.185617 0.918345 0.349555 0.023325 0.351519 -0.935890
38.470915 23.532780 -26312.978590 76.664650 -0.144853 -0.210497 -0.966803 0.856866 -0.515285 -0.016191 -0.494771 -0.830766 0.255008
38.407482 20.981641 -24601.918463 -8456.170328 -0.458810 0.014901 -0.888410 0.710625 -0.594066 -0.376959 -0.533391 -0.804278 0.261974
65.335851 27.366867 -30158.270974 -5516.715495 -0.294548 -0.060048 -0.953748 0.784282 -0.585434 -0.205352 -0.546025 -0.808493 0.219533
10.088881 -145.807134 2230.696976 -68487.888832 0.839991 -0.482513 0.248186 0.122897 -0.276329 -0.953173 -0.528500 -0.831158 0.172815
4.624073 -225.364477 2160.087772 -126864.201848 0.849068 -0.498489 0.174907 0.062834 -0.233442 -0.970338 -0.524534 -0.834873 0.166886
-0.360181 -293.200407 435.394089 -123488.182499 0.849823 -0.496212 0.177691 0.142490 -0.108282 -0.983856 -0.507442 -0.861422 0.021316
-11.672919 -23.606664 1653.088734 -563.922341 0.255956 0.744996 -0.616009 0.687376 0.307797 0.657857 -0.679706 0.591812 0.433310
-8.801507 -17.992486 991.073121 463.482274 0.143908 0.661540 -0.735973 0.690793 0.465375 0.553383 -0.708587 0.588040 0.390016
-14.705408 -27.328889 1237.009071 656.433464 0.005651 0.614514 -0.788886 0.687482 0.570503 0.449327 -0.726180 0.544884 0.419243
-16.152552 -29.116709 1509.960044 -482.875931 0.199833 0.762680 -0.615131 0.712895 0.317517 0.625271 -0.672196 0.563473 0.480260
-10.452911 -26.451296 2401.913085 -1143.733091 0.398690 0.790832 -0.464361 0.669046 0.095494 0.737060 -0.627235 0.604538 0.491031
-5.087016 -28.013924 -953.821856 -436.776638 0.541512 0.832846 0.114595 -0.560842 0.256336 0.787241 -0.626275 0.490570 -0.605905
-6.323143 -27.737312 -698.614415 -142.774724 0.570033 0.815637 0.098987 -0.598034 0.329275 0.730708 -0.563398 0.475725 -0.675476
-0.226558 -28.486868 -1783.190553 -113.634992 0.526276 0.844121 0.102435 -0.591666 0.277006 0.757099 -0.610708 0.459050 -0.645220
-2.464162 -44.033135 389.382786 906.826239 0.883068 -0.202391 -0.423354 0.378081 0.841251 0.386460 -0.277931 0.501332 -0.819402
-2.245331 -46.551285 221.245279 1512.412822 0.865643 -0.236329 -0.441373 0.364167 0.902192 0.231152 -0.343576 0.360829 -0.867040
-3.143508 -48.149084 346.847198 1218.643723 0.871949 -0.220561 -0.437102 0.363719 0.889449 0.276746 -0.327741 0.400291 -0.855776
-27.865841 -1103.648023 22589.049841 -15213.352748 0.586041 0.331025 -0.739580 0.810012 -0.215802 0.545262 0.020893 -0.918614 -0.394603
78.863210 -899.599797 118695.398924 -118892.489045 0.731605 0.396083 -0.554863 -0.555141 -0.126279 -0.822114 0.395693 -0.909490 -0.127496
-602.753316 -2516.251821 -36890.941150 609792.264209 0.968732 0.074840 -0.236551 -0.247772 0.341377 -0.906681 -0.012897 -0.936942 -0.349247
-167.438935 -2444.845787 21139.162696 917564.529973 0.460469 0.380612 -0.801937 0.812075 -0.545449 0.207412 -0.358472 -0.746740 -0.560247
-47.104548 -1166.012152 -16015.391288 -70.849867 0.411515 0.384306 -0.826416 0.826289 -0.539933 0.160368 -0.384579 -0.748853 -0.539739
-7.722177 -167.379388 -1461.696997 36159.783799 -0.466159 -0.669452 0.578385 0.873726 -0.245709 0.419797 -0.138920 0.701042 0.699458
-9.457009 -2279.008433 -14010.718228 566890.443544 -0.478424 -0.606203 0.635318 0.841814 -0.110705 0.528293 -0.249920 0.787568 0.563274
-31.071008 -367.335096 -1735.721198 81450.584651 -0.338442 -0.656918 0.673732 0.914235 -0.060044 0.400711 -0.222780 0.751567 0.620899
9.065292 -73.554228 -352.368909 -2419.969791 0.691389 0.713524 -0.113424 0.464042 -0.318236 0.826674 -0.553756 0.624187 0.551130
11.011995 -81.567311 181.274766 -4775.673253 0.680720 0.722732 -0.119490 0.431880 -0.264198 0.862368 -0.591692 0.638637 0.491978
12.768735 -67.647218 -936.073080 -5406.400406 0.691946 0.719291 -0.061899 0.242066 -0.150376 0.958536 -0.680158 0.678239 0.278168
4.574513 -101.625158 -1238.679536 14193.714836 0.647655 0.365947 -0.668301 0.722340 -0.573962 0.385736 -0.242420 -0.732565 -0.636067
6.310319 -82.036450 -784.718412 11640.745248 0.655332 0.366300 -0.660578 0.726366 -0.545511 0.418104 -0.207201 -0.753819 -0.623559
12.940064 -280.359402 1500.404910 81827.889320 0.593535 0.419511 -0.686823 0.740313 -0.619328 0.261475 -0.315677 -0.663659 -0.678163
4.182091 -153.911680 -1491.142290 21045.600446 0.635288 0.383021 -0.670600 0.701211 -0.649933 0.293071 -0.323592 -0.656416 -0.681473
-33.585119 -49.351633 -178.194588 2460.709391 -0.507442 -0.837182 -0.204031 0.748372 -0.310808 -0.585951 0.427133 -0.450027 0.784241
-27.337117 -44.595581 -770.974532 1949.115569 0.694271 0.716496 -0.067979 0.522610 -0.566823 -0.636859 0.494839 -0.406626 0.767977
-25.757990 -41.332800 -242.267211 -1957.379925 0.724637 0.637317 -0.262160 -0.355398 0.671540 0.650174 0.590418 -0.377970 0.713124
56.508276 -60.014454 2395.003232 1378.359939 -0.408875 -0.702850 -0.582085 -0.477570 0.708321 -0.519816 0.777655 0.065447 -0.625275
51.651137 -60.255288 3586.496258 -878.804893 -0.531462 -0.701855 -0.474286 -0.454237 0.708728 -0.539790 0.714994 -0.071439 -0.695471
51.325686 -61.549372 2465.742745 441.978552 -0.484458 -0.678053 -0.552762 -0.317706 0.725088 -0.610992 0.815085 -0.120384 -0.566696
51.768010 -57.925439 3809.456919 801.280291 -0.542805 -0.701824 -0.461309 -0.578110 0.710660 -0.400938 0.609222 0.049056 -0.791481
55.640896 -68.921904 2095.558527 3279.791675 -0.388117 -0.685393 -0.616118 -0.357386 0.728141 -0.584881 0.849494 -0.006810 -0.527554
58.150562 -70.325717 -1462.118871 5139.288098 -0.227983 -0.689105 -0.687865 -0.420019 0.706961 -0.569026 0.878412 0.159189 -0.450612
52.428466 -54.227977 1593.127950 4554.048766 0.250698 0.681297 0.687739 -0.593216 0.669530 -0.447017 0.765014 0.295912 -0.572006
53.062316 -50.196304 -1613.485205 2333.672073 0.430994 0.692914 0.578026 -0.629770 0.689747 -0.357266 0.646246 0.210044 -0.733653
13.523561 -50.367034 1188.245169 -3509.661083 0.864140 0.241534 -0.441502 -0.083587 -0.796226 -0.599197 0.496262 -0.554694 0.667862
13.336083 -43.123199 1799.111799 3362.520447 0.850581 0.223894 -0.475798 0.055760 0.861322 0.504990 0.522880 -0.456065 0.720140
16.048576 -54.294966 936.175558 -3174.238241 0.890060 0.220502 -0.398964 -0.092375 -0.769814 -0.631548 0.446386 -0.598970 0.664812
12.706495 -44.929186 623.048360 -1962.937853 0.846808 0.284890 -0.449170 -0.055253 -0.792783 -0.606995 0.529021 -0.538826 0.655594
13.120468 -49.858445 -94.327770 -1724.237615 0.859697 0.289502 -0.420844 -0.089027 -0.726355 -0.681529 0.502987 -0.623375 0.598672
14.286237 -52.371346 435.002018 -1543.079397 0.872858 0.267032 -0.408428 -0.118519 -0.695911 -0.708280 0.473363 -0.666634 0.575783
12.740019 -30.174730 -341.623158 161.262624 0.617087 0.675783 0.403140 -0.133340 0.594709 -0.792806 0.775515 -0.435476 -0.457096
13.813011 -30.586048 -1290.996572 -55.951188 0.621155 0.671366 0.404270 -0.026819 0.533764 -0.845208 0.783229 -0.514163 -0.349556
18.051434 -30.575191 -3623.762440 -21.832389 0.611480 0.682810 0.399829 -0.119305 0.579092 -0.806486 0.782214 -0.445448 -0.435565
11.902458 -30.548515 1455.800624 104.416238 0.624299 0.670234 0.401294 -0.050618 0.547327 -0.835387 0.779544 -0.501218 -0.375621
15.777115 -30.219207 -2883.247382 135.798658 0.609868 0.689146 0.391330 -0.226854 0.624934 -0.746991 0.759341 -0.366791 -0.537462
11.902081 -29.411104 454.778476 263.980949 0.613934 0.682926 0.395849 -0.237753 0.638178 -0.732259 0.752701 -0.355445 -0.554167
12.766777 -29.762264 2273.720184 324.779252 0.622048 0.671434 0.402782 -0.153311 0.608912 -0.778281 0.767823 -0.422378 -0.481710
-11.542871 -14.323874 387.761956 977.771081 0.729457 0.404819 0.551375 -0.574227 0.800420 0.172023 0.371693 0.442098 -0.816330
-13.380325 -15.381752 403.931767 907.545774 0.676285 0.520523 0.521243 -0.656622 0.746696 0.106267 0.333896 0.414126 -0.846766
-10.073949 -14.247598 1144.202505 326.918852 -0.401121 0.847526 0.347567 0.874798 0.241873 0.419793 0.271719 0.472438 -0.838434
20.189433 -25.641353 -1337.129250 -528.087008 0.826757 0.469423 0.310026 0.250261 0.186663 -0.950014 0.503828 -0.863018 -0.036847
20.610642 -26.188651 2097.558307 -341.813933 0.753182 0.563363 0.339616 0.334984 0.115845 -0.935075 0.566130 -0.818048 0.101465
26.969225 -22.510711 -19.339209 -234.472790 0.762950 0.475620 0.437826 0.475979 0.044987 -0.878305 0.437437 -0.878500 0.192062
9.185206 -54.610882 352.681204 -2136.172389 -0.753145 -0.584954 -0.301000 -0.550637 0.810897 -0.198102 0.359961 0.016542 -0.932821
8.575225 -50.854052 732.096173 -2281.350505 -0.781138 -0.565682 -0.264248 -0.466489 0.810082 -0.355183 0.414983 -0.154178 -0.896671
9.198590 -52.219310 470.633533 -3273.997519 -0.770660 -0.560990 -0.302281 -0.444807 0.813237 -0.375223 0.456322 -0.154713 -0.876261
0.526235 -76.858054 -150.534641 5563.157625 0.825118 0.552977 0.115742 -0.146627 0.407452 -0.901378 0.545601 -0.726773 -0.417278
1.934449 -70.339413 -287.631032 4526.316100 0.816980 0.572155 0.071994 -0.304659 0.534242 -0.788523 0.489620 -0.622273 -0.610777
1.664018 -64.756959 -397.273877 1098.613416 0.808533 0.586892 0.042805 -0.402000 0.604008 -0.688165 0.429733 -0.539197 -0.724290
8.334572 -9.499337 1656.679005 -252.883910 -0.485998 0.721720 0.492876 0.867927 0.332419 0.369054 0.102512 0.607140 -0.787955
7.722494 -8.898260 1541.236598 142.759288 -0.481310 0.719019 0.501351 0.872527 0.338259 0.352531 0.083890 0.607119 -0.790170
15.714267 -6.992807 2985.338639 -274.006091 -0.612306 0.665750 0.426448 0.786085 0.454941 0.418449 0.084574 0.591443 -0.801899
9.170121 -7.208493 1878.954104 -291.130792 -0.528735 0.695845 0.486044 0.846499 0.390274 0.362113 0.062284 0.602897 -0.795384
15.567483 -9.112559 2920.880813 -622.583594 -0.590489 0.687940 0.421973 0.798252 0.420883 0.430873 0.118813 0.591267 -0.797676
22.024081 -6.629875 2875.271215 -607.915529 -0.652261 0.671021 0.352544 0.747222 0.491080 0.447771 0.127337 0.555493 -0.821714
23.529921 -4.590474 3105.993666 -515.897541 -0.686901 0.641790 0.340986 0.719551 0.534712 0.443090 0.102042 0.549716 -0.829096
17.824339 -5.270817 3406.828562 -627.880729 -0.649455 0.636842 0.415501 0.758508 0.504050 0.413036 0.053606 0.583409 -0.810407
9.625602 -22.464313 1454.367025 -797.160396 -0.617008 0.707288 0.345029 0.730257 0.351184 0.585999 0.293302 0.613526 -0.733185
5.998586 -22.191910 474.698798 640.762635 -0.588675 0.726545 0.354392 0.724704 0.280097 0.629563 0.358142 0.627437 -0.691417
4.129451 -25.297693 1472.957448 1041.545506 -0.498761 0.738146 0.454288 0.778734 0.151514 0.608783 0.380540 0.657407 -0.650389
-1.245521 -57.793227 301.967848 400.859150 -0.655493 0.753855 0.045074 0.371520 0.269932 0.888318 -0.657496 -0.599033 0.457011
-0.766143 -55.875059 364.806037 183.231678 -0.628145 0.772338 0.094485 0.501630 0.309134 0.807962 -0.594812 -0.554914 0.581609
0.171837 -50.026950 266.033935 -34.577478 -0.616519 0.778101 0.120261 0.527599 0.294908 0.796661 -0.584417 -0.554606 0.592342
-5.207060 -59.776273 729.338074 -845.086430 0.722034 0.591838 0.358322 -0.437666 -0.010390 0.899077 -0.535832 0.805990 -0.251526
-5.871824 -61.213342 870.112654 -1342.746699 0.709210 0.576591 0.405665 -0.360870 -0.197410 0.911484 -0.605636 0.792825 -0.068069
-2.936126 -56.211224 595.395963 -808.302140 0.710971 0.574572 0.405446 -0.331345 -0.234831 0.913819 -0.620266 0.784041 -0.023423
-0.570141 -110.965392 -472.027187 4985.966890 -0.744349 0.577477 0.335358 0.161404 0.642878 -0.748770 -0.647992 -0.503218 -0.571733
-2.058070 -98.340400 -574.981704 6461.384667 -0.734771 0.588077 0.338048 0.264352 0.707220 -0.655712 -0.624683 -0.392434 -0.675104
-5.010218 -98.914601 -745.846083 6713.097200 -0.732794 0.586883 0.344357 0.215908 0.680464 -0.700252 -0.645288 -0.438791 -0.625352
0.927157 -38.738401 -17.145502 -1434.318991 0.557213 -0.794749 -0.240599 0.599322 0.184368 0.778988 -0.574741 -0.578259 0.579042
-0.406920 -38.189522 2.810299 636.257829 -0.589950 0.785565 0.186673 0.509980 0.183278 0.840434 -0.626002 -0.591014 0.508748
0.596188 -41.539252 -57.108233 -856.469233 -0.581656 0.788941 0.198112 0.579561 0.231048 0.781489 -0.570775 -0.569376 0.591630
32.711255 -28.002356 -4142.438150 1287.650631 -0.630774 0.761804 0.147579 0.729236 0.516965 0.448288 0.265214 0.390388 -0.881623
35.387761 -40.041888 -3829.011700 10986.122975 -0.652096 0.740786 0.161270 0.713029 0.526981 0.462473 0.257607 0.416567 -0.871843
27.881953 -29.882889 -8550.993814 2161.351194 -0.637797 0.768634 0.049165 0.702226 0.554098 0.447050 0.316375 0.319652 -0.893157
38.717298 -37.617264 4448.435668 11645.063628 -0.658613 0.702037 0.270874 0.723571 0.492031 0.484097 0.206575 0.514830 -0.832032
25.555494 -30.087412 -5621.479741 -8771.582513 -0.656064 0.752676 0.055307 0.698074 0.577351 0.423507 0.286832 0.316456 -0.904203
25.096611 -31.895058 -2617.989698 -9658.693819 -0.629088 0.761834 0.154456 0.737162 0.521631 0.429526 0.246659 0.384069 -0.889747
29.460430 -29.348289 2810.564921 2681.843623 -0.656500 0.701802 0.276553 0.726422 0.489399 0.482493 0.203269 0.517651 -0.831095
55.298031 -127.327300 56.482887 51608.294762 0.772542 -0.251462 -0.583049 -0.216484 0.758915 -0.614152 -0.596920 -0.600679 -0.531856
46.514556 -65.909612 -3738.028182 25061.266071 -0.791912 0.201935 0.576279 -0.163113 0.839490 -0.518315 -0.588446 -0.504459 -0.631864
87.423660 -996.120778 -2250.164778 487300.300844 0.709246 -0.168543 -0.684517 -0.465656 0.617010 -0.634400 -0.529277 -0.768695 -0.359129
52.171965 -113.141015 -482.476888 41005.385301 -0.764993 0.368252 0.528371 -0.072119 0.766263 -0.638467 -0.639988 -0.526528 -0.559628
60.958418 -231.606935 -2295.602649 88593.634663 0.762030 -0.357723 -0.539763 -0.220256 0.640667 -0.735550 -0.608932 -0.679397 -0.409416
63.162887 -217.880553 -3297.930686 -43052.405021 -0.317109 0.935784 0.154108 0.451642 0.006121 0.892178 -0.833943 -0.352520 0.424581
65.393479 -232.262705 5948.819786 -64603.701531 -0.198321 0.978317 0.059700 0.390503 0.023001 0.920314 -0.898986 -0.205831 0.386597
52.297326 -221.481967 -540.644127 -32058.189422 -0.257802 0.958958 0.118057 0.692855 0.098321 0.714342 -0.673417 -0.265955 0.689766
43.649940 -207.757687 -4804.804453 -23537.791877 -0.398019 0.893024 0.209974 0.711695 0.156160 0.684912 -0.578853 -0.422046 0.697715
39.673957 -206.655088 5624.232531 11052.631685 0.329772 -0.926466 -0.181413 0.914961 0.266308 0.303194 -0.232587 -0.265970 0.935501
-261.844452 -2371.075700 -60359.900535 -1367165.482662 0.401957 -0.560586 -0.723998 0.907494 0.138538 0.396563 -0.122006 -0.816425 0.564415
-221.074562 -3229.530808 -52939.644764 -281008.630933 0.373324 -0.610872 -0.698187 0.749055 0.642492 -0.161619 0.547308 -0.462644 0.697434
-5.160728 -16.313749 -308.757706 563.734239 -0.019229 0.996718 -0.078633 0.949400 -0.006456 -0.314003 0.313480 0.080693 0.946160
-4.444038 -17.318429 236.115725 -350.117340 0.213039 0.963965 -0.159329 0.909166 -0.255306 -0.328992 0.357814 0.074769 0.930795
-2.460236 -15.385080 352.082093 -538.201993 0.390115 0.891279 -0.231154 0.837258 -0.447840 -0.313748 0.383157 0.071138 0.920940
6.742966 -19.637534 60.144656 -82.431237 -0.698480 0.695957 0.166646 0.713670 0.660192 0.234141 0.052934 0.282473 -0.957814
3.589020 -20.118498 1291.060448 411.410559 -0.629171 0.724124 0.282469 0.776875 0.574320 0.258112 0.024677 0.381840 -0.923899
4.195016 -20.144536 1238.018321 171.678060 0.767967 -0.639550 -0.034663 0.621685 0.731312 0.280518 0.154056 0.236978 -0.959223
5.722809 -21.001805 1744.551044 200.923000 -0.630052 0.716426 0.299615 0.774484 0.607864 0.175144 -0.056647 0.342397 -0.937846
6.500119 -20.877210 1593.323284 -444.506664 0.760028 -0.649426 -0.024574 0.643172 0.746209 0.171765 0.093212 0.146351 -0.984831
8.391361 -20.571342 -273.617210 -749.578130 0.708192 -0.684789 -0.171839 0.705342 0.696899 0.129710 -0.030930 0.213065 -0.976548
45.318313 -34.918483 14187.761886 2320.487088 0.238575 -0.632907 -0.736553 0.859216 -0.215900 0.463826 -0.452581 -0.743516 0.492295
40.524598 -28.449474 9767.067140 1313.047723 0.205408 -0.662311 -0.720522 0.897377 -0.166328 0.408717 -0.390540 -0.730534 0.560177
12.132591 -34.218133 11382.186075 2439.408976 0.262466 -0.589689 -0.763792 0.881789 -0.174875 0.438027 -0.391868 -0.788470 0.474083
2.855742 -33.937115 10532.795745 1651.844361 0.292047 -0.608804 -0.737609 0.832444 -0.217918 0.509460 -0.470899 -0.762804 0.443153
-13.674248 -36.713104 8643.950851 1769.429854 0.273273 -0.603591 -0.748999 0.850784 -0.211681 0.480996 -0.448874 -0.768680 0.455679
