15305
30600
-24.447994 -38.668867 707.843687 -3572.545221 0.943983 -0.327608 -0.039616 0.116365 0.218128 0.968958 0.308797 0.919290 -0.244031
-28.100485 -42.262278 -208.684635 -2544.196105 0.966971 -0.208902 0.146039 -0.109142 0.178418 0.977883 0.230338 0.961523 -0.149725
-30.065294 -52.634777 700.443670 -5669.964591 0.876991 -0.319446 -0.358944 0.378786 -0.000015 0.925484 0.295647 0.947605 -0.120989
-21.098549 -33.021664 526.366606 -2046.490499 0.918768 -0.153015 0.363938 -0.294009 0.350034 0.889401 0.263483 0.924155 -0.276612
-17.457054 -46.525539 2354.883384 -6404.111717 0.865679 -0.426971 -0.261332 0.357198 0.161102 0.920030 0.350725 0.889799 -0.291976
-18.037702 -29.952074 1854.517595 -2504.057905 0.931814 -0.362151 0.023865 0.106446 0.335566 0.935983 0.346975 0.869622 -0.351235
-16.906223 -44.786086 -3752.198970 8484.697131 0.867713 -0.426113 0.255935 -0.307679 -0.056041 0.949839 0.390396 0.902933 0.179733
-21.828316 -38.309265 671.695855 7351.932486 0.685640 -0.525338 0.503903 -0.553477 0.073406 0.829623 0.472822 0.847722 0.240432
-22.125644 -54.361414 -81.108337 1330.937629 0.829809 -0.488294 0.270157 -0.219304 0.159821 0.962478 0.513149 0.857919 -0.025537
-13.643779 -56.835291 -2094.707584 735.621382 0.886937 -0.436125 0.152115 -0.086229 0.167199 0.982145 0.453771 0.884217 -0.110689
-20.849661 -59.433896 552.805745 -4043.315373 0.843794 -0.499227 0.196939 -0.010721 0.351213 0.936234 0.536561 0.792100 -0.290999
-22.701049 -60.548630 1200.481355 -2484.524065 0.804682 -0.556248 0.207544 -0.080050 0.244730 0.966281 0.588284 0.794163 -0.152402
-33.280184 -46.095046 -486.787983 1060.096053 -0.395909 0.488215 0.777755 0.128332 0.868064 -0.479578 -0.909278 -0.090059 -0.406328
-32.892128 -44.801438 -241.180352 865.049781 -0.286352 0.652391 0.701704 0.189115 0.756450 -0.626115 -0.939275 -0.046586 -0.339988
-30.302154 -43.108558 -48.237258 1661.679070 -0.263857 0.667036 0.696737 0.353170 0.738985 -0.573735 -0.897580 0.094683 -0.430564
-31.591061 -44.564889 -72.328798 1817.143277 -0.435953 0.477425 0.762897 0.234069 0.878668 -0.416118 -0.868998 -0.002838 -0.494808
10.497341 -12.272484 852.859108 1302.611611 0.920405 -0.364504 -0.141392 0.117527 -0.086967 0.989254 0.372884 0.927132 0.037206
11.782454 -10.186699 529.276366 596.730541 0.927458 -0.340216 -0.155164 0.127201 -0.103154 0.986498 0.351628 0.934672 0.052395
11.718921 -13.280609 405.098021 1400.777000 0.935126 -0.326417 -0.137807 0.122768 -0.066342 0.990215 0.332365 0.942895 0.021965
10.419255 -13.249420 -801.159044 1057.894965 0.949082 -0.258523 -0.180028 0.168316 -0.066937 0.983458 0.266297 0.963683 0.020015
12.576437 -16.976381 -318.595046 1340.472332 0.946265 -0.282682 -0.157076 0.159916 -0.013151 0.987043 0.281085 0.959124 -0.032761
12.930415 -17.931916 921.110071 1506.660868 0.932830 -0.335004 -0.132668 0.138216 -0.007339 0.990375 0.332754 0.942188 -0.039457
9.844672 -16.857951 1021.483145 1668.099320 0.918779 -0.371530 -0.133456 0.133018 -0.026934 0.990748 0.371687 0.928030 -0.024674
27.819772 -72.195137 4083.602580 -532.808146 -0.449386 -0.021706 0.893074 0.426544 0.873174 0.235855 -0.784929 0.486925 -0.383134
30.449707 -69.707741 3826.784726 -3894.447518 -0.490522 0.096212 0.866101 0.325008 0.942373 0.079386 -0.808553 0.320430 -0.493525
44.613849 -75.554780 4555.719615 2745.298457 -0.517053 0.130509 0.845946 0.558474 0.800401 0.217864 -0.648663 0.585085 -0.486735
40.665428 -73.436596 6853.396070 5192.633840 -0.457937 -0.006703 0.888960 0.631241 0.701660 0.330466 -0.625963 0.712480 -0.317085
31.924236 -71.290663 3890.113740 4545.208202 -0.452883 -0.091958 0.886815 0.589638 0.715186 0.375280 -0.668748 0.692858 -0.269674
11.688461 -26.245023 2493.460993 -350.532688 -0.765949 0.383719 0.515832 0.316580 0.923445 -0.216853 -0.559553 -0.002796 -0.828790
14.616434 -28.200200 3065.443781 -214.518259 -0.780682 0.350154 0.517618 0.343775 0.932324 -0.112203 -0.521876 0.090349 -0.848223
5.644490 -27.131770 2790.639718 -354.092398 -0.767945 0.343915 0.540354 0.334701 0.934747 -0.119258 -0.546109 0.089274 -0.832943
1.963723 -25.400241 2094.891924 -411.151015 -0.758804 0.374646 0.532783 0.313701 0.927097 -0.205140 -0.570796 0.011474 -0.821012
1.544582 -23.545104 1717.494805 -688.759862 -0.753003 0.409128 0.515365 0.280646 0.908084 -0.310839 -0.595168 -0.089427 -0.798610
11.250410 -24.077640 2234.774951 -543.563813 -0.758017 0.420155 0.498879 0.293191 0.902740 -0.314801 -0.582623 -0.092357 -0.807478
3.223028 -35.963655 -237.586986 -511.428302 0.815258 -0.515693 -0.263466 -0.579091 -0.728197 -0.366582 0.002811 -0.451430 0.892302
2.043833 -35.391617 -833.831265 -579.602684 0.795850 -0.552366 -0.248020 -0.603208 -0.758836 -0.245578 0.052558 -0.345051 0.937111
2.738708 -34.808388 -163.574906 -515.660850 0.808510 -0.521994 -0.271725 -0.580447 -0.783414 -0.222134 0.096921 -0.337319 0.936388
0.882447 -34.619425 -980.290426 -187.697181 0.793487 -0.552917 -0.254286 -0.591738 -0.798582 -0.110061 0.142213 -0.237803 0.960846
3.018501 -35.328639 697.588101 -222.645333 0.821029 -0.486739 -0.298323 -0.568950 -0.740641 -0.357416 0.046982 -0.463180 0.885018
3.481265 -33.925752 666.269907 -520.504315 0.811369 -0.499757 -0.303187 -0.569544 -0.792615 -0.217673 0.131527 -0.349291 0.927737
2.559308 -33.549561 272.268474 -247.667821 0.808525 -0.515141 -0.284458 -0.558711 -0.823759 -0.096251 0.184742 -0.236751 0.953844
1.826198 -33.985256 -727.419001 -10.829501 0.802664 -0.537671 -0.258148 -0.570720 -0.818105 -0.070596 0.173235 -0.203996 0.963522
-2.686335 -24.243437 -432.814886 -755.413082 -0.550622 0.748108 0.370338 0.729743 0.646810 -0.221612 0.405328 -0.148227 0.902074
-5.961442 -38.138986 -919.811690 -5982.483136 -0.544778 0.743291 0.388246 0.726478 0.649578 -0.224229 0.418863 -0.159897 0.893860
-4.714108 -24.605058 -1059.704363 -1932.927760 -0.544141 0.744546 0.386732 0.736361 0.644730 -0.205172 0.402098 -0.173132 0.899079
-0.797169 -29.601632 -803.951758 -3333.576824 -0.499752 0.790211 0.354703 0.759989 0.596491 -0.258098 0.415529 -0.140585 0.898650
-4.135942 -22.539879 -362.815134 2063.755907 -0.596271 0.709243 0.376079 0.709259 0.684868 -0.167058 0.376049 -0.167125 0.911403
-2.646406 -27.589647 372.798802 3752.968532 0.648501 -0.660872 -0.377749 0.660670 0.735142 -0.151926 0.378102 -0.151043 0.913359
1.143318 -26.044854 -510.802065 1630.391401 -0.599803 0.708750 0.371363 0.688624 0.693589 -0.211497 0.407472 -0.128873 0.904079
-6.095834 -71.748122 730.917761 33.452960 0.786061 -0.576831 -0.222203 -0.618129 -0.730602 -0.290063 -0.004976 -0.365357 0.930854
-5.724938 -68.236706 -100.146091 1004.831817 0.781027 -0.599047 -0.176464 -0.606675 -0.660790 -0.441930 -0.148131 -0.452215 0.879522
-6.903354 -70.220408 825.665264 1442.671123 0.804312 -0.555372 -0.211290 -0.572804 -0.630091 -0.524291 -0.158045 -0.542721 0.824909
-7.593910 -74.268672 -77.756475 998.818441 0.800851 -0.563083 -0.203900 -0.593059 -0.698412 -0.400626 -0.083180 -0.441767 0.893265
6.536821 -61.520621 306.520780 900.666318 0.703262 -0.661436 -0.260624 0.671698 0.738292 -0.061213 0.232905 -0.132012 0.963498
6.092332 -60.492554 30.622788 667.726835 0.696999 -0.676393 -0.238085 0.676925 0.730188 -0.092732 0.236569 -0.096531 0.966807
6.004109 -55.979494 -236.819752 1134.379569 0.709668 -0.660214 -0.245945 0.602568 0.749665 -0.273703 0.365079 0.046040 0.929837
6.415902 -63.202058 143.047619 -1976.136679 0.707479 -0.650634 -0.275949 -0.679697 -0.733369 -0.013470 0.193608 -0.197091 0.961078
7.873094 -65.316980 318.662638 1333.560321 0.695274 -0.663698 -0.275860 0.709508 0.695107 0.115864 0.114853 -0.276282 0.954189
5.710706 -56.962535 194.142408 1616.194285 0.703583 -0.655219 -0.275062 0.627340 0.754533 -0.192678 0.333790 -0.036992 0.941922
-8.477560 -29.117398 244.247649 68.934821 0.868955 -0.493786 -0.033051 0.411398 0.683620 0.602839 0.275079 0.537438 -0.797178
-8.441689 -30.195407 806.319503 1965.135805 0.848249 -0.529555 -0.006738 0.382943 0.604515 0.698510 0.365827 0.595090 -0.715569
-8.037619 -29.019405 1123.143419 -349.720182 0.858400 -0.512981 0.000326 0.422685 0.707663 0.566171 0.290666 0.485864 -0.824287
-9.538141 -32.153353 -174.861575 2954.119625 0.862640 -0.503783 -0.045338 0.377958 0.582418 0.719678 0.336156 0.637959 -0.692826
-8.066088 -31.037043 329.770852 -2782.230469 0.874199 -0.483904 -0.040168 0.447481 0.770748 0.453551 0.188515 0.414468 -0.890325
-9.349250 -30.042556 -518.358815 -2105.784068 0.881759 -0.462423 -0.093088 0.440361 0.736256 0.513819 0.169065 0.494057 -0.852834
-10.242299 -30.560340 -858.881045 1603.640893 0.897783 -0.435878 -0.063208 0.365054 0.656128 0.660479 0.246416 0.616041 -0.748180
-2.587965 -94.725093 -157.432745 -1368.185683 0.278266 0.590233 -0.757755 0.907252 0.097520 0.409125 0.315376 -0.801320 -0.508354
-2.822978 -90.996566 174.274757 -3568.167659 0.275055 0.596374 -0.754111 0.937129 0.008929 0.348870 0.214791 -0.802657 -0.556423
-2.619938 -83.270829 35.575923 -2357.178012 0.290146 0.599149 -0.746214 0.956792 -0.166073 0.238681 0.019080 -0.783224 -0.621447
-1.987379 -89.239884 -73.962033 -855.875682 0.273685 0.601613 -0.750439 0.927645 0.041027 0.371203 0.254109 -0.797733 -0.546855
-1.930297 -85.984058 380.615561 -2577.672702 0.279065 0.619460 -0.733752 0.952445 -0.081195 0.293692 0.122353 -0.780818 -0.612661
-2.270886 -75.536465 -29.831205 -3152.109043 0.319220 0.595664 -0.737077 0.901597 -0.430475 0.042586 -0.291927 -0.678141 -0.674466
-2.294376 -80.036147 -65.312064 -3527.506258 0.301485 0.599354 -0.741540 0.947004 -0.278652 0.159798 -0.110856 -0.750418 -0.651601
-2.665870 -71.847619 248.980524 -3191.376172 0.311994 0.603244 -0.734001 0.931918 -0.344664 0.112856 -0.184904 -0.719238 -0.669707
-6.794854 -29.532796 390.941615 279.758079 0.881396 -0.472239 -0.011482 0.439464 0.810825 0.386568 0.173242 0.345766 -0.922189
-6.665585 -27.015896 727.534354 1733.105238 0.922060 -0.386633 0.017864 0.353652 0.860363 0.367022 0.157272 0.332099 -0.930041
-7.860367 -29.356912 276.562090 -357.548925 0.897241 -0.441020 -0.021440 0.409932 0.813984 0.411564 0.164056 0.378061 -0.911128
-8.076814 -27.361949 302.225659 1272.132322 0.928622 -0.370805 -0.012827 0.343507 0.846163 0.407444 0.140229 0.382768 -0.913140
-9.065221 -28.503800 162.039403 -1804.987080 0.892058 -0.448407 -0.056238 0.427157 0.795997 0.428866 0.147542 0.406596 -0.901616
2.366549 -110.837560 747.376134 3945.842782 0.087202 0.443814 -0.891866 -0.600380 0.737831 0.308461 0.794946 0.508561 0.330797
2.139534 -111.262909 -808.876963 4312.068650 -0.133206 -0.413808 0.900566 0.773601 -0.611404 -0.166513 0.619514 0.674498 0.401565
1.771990 -97.501223 -0.056061 199.056996 0.111357 0.437610 -0.892243 -0.716131 0.657833 0.233264 0.689025 0.612988 0.386640
-2.010723 -70.476507 -214.597157 -2925.201898 0.307216 0.603472 -0.735826 0.896431 -0.443048 0.010914 -0.319420 -0.662970 -0.677083
-1.395751 -79.115834 516.233840 -4574.703379 0.303740 0.624649 -0.719413 0.939724 -0.320873 0.118150 -0.157038 -0.711937 -0.684460
0.851284 -11.120768 -737.914559 -748.590838 0.361253 -0.272644 0.891719 0.908271 0.319323 -0.270325 -0.211044 0.907578 0.362991
-0.551424 -8.034969 -218.017049 243.023800 -0.004640 -0.373378 0.927668 0.971349 0.218749 0.092903 -0.237614 0.901520 0.361666
-2.913502 -7.544401 -775.224668 -1041.057532 0.434687 -0.240700 0.867819 0.875072 0.340615 -0.343847 -0.212828 0.908870 0.358691
5.570310 -15.542022 -1215.140172 -628.034765 0.421140 -0.252258 0.871210 0.888360 0.308436 -0.340123 -0.182914 0.917188 0.353991
5.025123 -13.535602 -754.724540 -325.743996 0.276636 -0.311668 0.909030 0.933533 0.311603 -0.177257 -0.228011 0.897645 0.377153
5.957031 -418.484238 574.500938 83155.467812 0.088703 0.566014 -0.819609 -0.024632 0.823848 0.566276 0.995754 -0.030042 0.087020
5.170408 -190.088248 894.904888 7682.317716 0.122129 0.543228 -0.830655 -0.358176 0.804645 0.473556 0.925632 0.239686 0.292841
1.626375 -181.708458 191.367878 15312.287388 0.105106 0.553464 -0.826215 -0.190276 0.826660 0.529556 0.976088 0.101549 0.192198
3.397300 -174.589635 309.682213 -469.983191 0.132268 0.489538 -0.861892 -0.453751 0.802977 0.386442 0.881258 0.339971 0.328336
-1.150975 -256.340520 806.625704 37854.205754 0.104862 0.585780 -0.803658 0.146983 0.790109 0.595083 0.983565 -0.180525 -0.003247
0.054649 -199.906786 634.632100 18313.361296 0.084556 0.523192 -0.848010 -0.135848 0.849164 0.510358 0.987115 0.072047 0.142877
3.905227 -432.105641 -3546.135287 -67413.619814 -0.437708 -0.396664 0.806888 0.400794 0.717250 0.570015 -0.804845 0.572896 -0.154965
-13.324581 -402.325699 2481.950493 -27385.201635 -0.403940 -0.421381 0.811955 0.259299 0.798445 0.543368 -0.877266 0.430027 -0.213261
-5.959393 -432.568465 2222.738629 -73006.644778 -0.467307 -0.473376 0.746685 0.572439 0.481623 0.663591 -0.673749 0.737532 0.045913
730.724146 -7735.478679 -159283.043205 -2886050.199093 -0.558352 -0.430721 0.709029 0.629062 0.337375 0.700328 -0.540854 0.837053 0.082576
0.869045 -371.393873 -662.213610 -90659.916773 -0.519994 -0.449380 0.726405 0.394945 0.627566 0.670954 -0.757380 0.635782 -0.148850
10.865474 -30.289423 453.738042 217.840276 0.924320 -0.381330 0.014813 0.361157 0.861565 -0.356751 -0.123278 -0.335102 -0.934082
13.281476 -31.505897 -31.387334 454.918154 0.922852 -0.383551 -0.035125 0.359194 0.889975 -0.280934 -0.139013 -0.246643 -0.959084
11.214021 -32.232950 -109.755266 829.938857 0.932696 -0.357555 -0.047253 0.319943 0.880732 -0.349210 -0.166479 -0.310588 -0.935852
12.415065 -32.627267 -482.394621 221.080992 0.931061 -0.353834 -0.089028 0.299508 0.880539 -0.367350 -0.208374 -0.315360 -0.925812
0.371124 -16.292436 -920.774768 1098.082800 -0.261690 -0.543079 0.797862 -0.601852 0.738078 0.304986 -0.754515 -0.400383 -0.520001
-6.009634 -9.913148 1950.251609 -600.508523 -0.578529 0.604031 0.548133 0.114551 0.725518 -0.678602 -0.807578 -0.329802 -0.488926
-1.505476 -15.238720 -1572.851278 -901.264389 -0.500151 -0.074531 0.862725 -0.340063 0.933155 -0.116531 -0.796371 -0.351664 -0.492063
-1.997638 -17.164742 -648.542518 157.909187 -0.001162 0.815452 -0.578823 -0.623738 0.451836 0.637804 -0.781632 -0.361775 -0.508104
2.545195 -21.271726 702.483663 -5.998755 0.100910 0.743524 -0.661052 -0.676455 0.538500 0.502421 -0.729538 -0.396473 -0.557300
-11.106615 -23.987349 605.592796 339.987336 -0.649619 0.754142 0.096258 -0.602037 -0.587600 0.540627 -0.464271 -0.293250 -0.835737
-9.198108 -24.142891 513.020420 292.676224 -0.615718 0.780093 0.111116 -0.628824 -0.571432 0.527300 -0.474838 -0.254796 -0.842382
-10.409761 -24.967401 430.810693 -230.327444 -0.638535 0.764341 0.089751 -0.654749 -0.600830 0.458592 -0.404446 -0.234063 -0.884103
-9.854399 -21.742805 371.285157 908.711906 -0.647126 0.752112 0.124722 -0.542309 -0.569104 0.618079 -0.535844 -0.332337 -0.776159
-13.317799 -24.292287 961.559054 486.300678 -0.691304 0.715751 0.098987 -0.558736 -0.616389 0.554868 -0.458162 -0.328275 -0.826028
-12.217339 -22.478749 535.861870 821.035931 -0.691353 0.711331 0.126645 -0.511215 -0.605459 0.609983 -0.510578 -0.356971 -0.782229
-1.199999 -18.988794 -910.962623 -102.951455 0.951771 -0.265621 -0.153550 0.286997 0.947719 0.139505 -0.108467 0.176845 -0.978244
1.532546 -18.441838 -655.223886 22.258232 0.927428 -0.335495 -0.165286 0.359724 0.921128 0.148736 -0.102349 0.197400 -0.974966
2.059260 -18.427302 -1037.326898 -28.254508 0.933844 -0.316685 -0.166272 0.345212 0.919659 0.187233 -0.093619 0.232246 -0.968141
3.880118 -202.561034 887.931526 -26962.847948 0.868702 -0.486497 -0.093146 -0.258508 -0.284869 -0.923051 -0.422528 -0.825936 0.373230
1.725124 -163.813258 703.666411 -1929.230404 0.850482 -0.517769 -0.092711 -0.108068 0.000499 -0.994143 -0.514783 -0.855520 0.055530
4.959279 -212.045459 1607.662850 -10724.852742 0.870749 -0.486653 -0.070465 -0.044332 0.065023 -0.996899 -0.489726 -0.871172 -0.035044
20.248270 -8957.441386 12195.319116 2034883.943220 0.634133 0.770797 0.061213 0.396815 -0.256467 -0.881341 0.663636 -0.583177 0.468499
-17.329538 -799.148888 802.568551 139362.499941 0.579210 0.802532 0.143029 0.130443 0.081950 -0.988063 0.804674 -0.590953 0.057218
-34.809882 -571.125779 -6208.523754 133130.319431 0.537572 0.806157 0.247240 0.265132 0.116740 -0.957119 0.800451 -0.580072 0.150982
-57.036120 -536.355273 -7403.134616 127285.006876 0.606703 0.794859 0.010510 0.481878 -0.357230 -0.800112 0.632222 -0.490495 0.599758
12.860315 -598.901158 1804.438697 -132566.094395 0.670836 0.740164 0.046215 -0.267399 0.299538 -0.915847 0.691720 -0.602025 -0.398860
8.973848 -174.813234 312.165991 -30979.659726 0.633430 0.771361 -0.061396 -0.155056 0.048793 -0.986700 0.758106 -0.634525 -0.150511
9.990367 -289.664200 835.703160 -68925.310667 0.631017 0.773689 -0.056764 -0.215558 0.104577 -0.970875 0.745219 -0.624875 -0.232765
-4.848883 -26.131622 541.436196 -753.750939 0.864760 -0.492709 0.097097 0.146954 0.433165 0.889254 0.480202 0.754723 -0.446989
-4.965168 -25.817082 371.515341 504.707303 0.871745 -0.479456 0.100909 0.148489 0.454798 0.878129 0.466917 0.750520 -0.467662
-4.820430 -26.054994 -71.961999 340.922623 0.882322 -0.461337 0.093144 0.111036 0.396362 0.911355 0.457361 0.793767 -0.400944
-4.518908 -25.212144 -40.956219 -1058.504233 0.877057 -0.473007 0.083876 0.114262 0.374998 0.919957 0.466599 0.797271 -0.382942
-4.113005 -23.922646 -460.805093 318.847314 0.891632 -0.446556 0.074708 0.085775 0.328621 0.940559 0.444562 0.832224 -0.331312
-4.659063 -26.239292 -629.025314 1160.195819 0.893713 -0.441769 0.078209 0.099008 0.364237 0.926028 0.437577 0.819861 -0.369262
-25.933866 -39.827416 351.643797 -131.014446 0.218284 0.765198 0.605660 0.725908 -0.542111 0.423289 -0.652235 -0.347256 0.673797
-26.170481 -38.943887 195.654611 -300.715818 0.203743 0.799768 0.564676 0.821347 -0.453523 0.345986 -0.532803 -0.393303 0.749289
-25.703075 -39.678211 -457.232650 -317.829137 0.242849 0.824157 0.511653 0.758063 -0.490334 0.430014 -0.605280 -0.283437 0.743841
-26.300168 -39.599088 723.049534 176.405071 0.183557 0.757564 0.626422 0.637714 -0.576725 0.510597 -0.748083 -0.305754 0.588971
-28.826863 -39.867096 975.929448 301.126244 0.205978 0.683678 0.700112 0.695709 -0.605447 0.386553 -0.688159 -0.407453 0.600349
-24.640399 -39.263213 -78.576624 208.334484 0.213799 0.814042 0.540024 0.668780 -0.524917 0.526494 -0.712056 -0.248593 0.656641
-21.735375 -71.927102 -5416.539150 -19501.301774 0.942976 -0.179704 0.280183 -0.001661 -0.844273 -0.535910 -0.332856 -0.504885 0.796428
-15.436457 -45.205704 -3055.007504 -8452.694575 0.940669 -0.333067 0.064873 -0.239572 -0.787276 -0.568156 -0.240307 -0.518905 0.820360
-28.504716 -54.503263 -8250.515939 8883.443493 0.778219 -0.613323 -0.134941 -0.408658 -0.331431 -0.850383 -0.476836 -0.716930 0.508566
-32.614775 -85.913869 -7457.304610 20866.797598 0.856098 -0.498902 -0.134879 -0.334617 -0.336189 -0.880345 -0.393862 -0.798795 0.454753
-33.825948 -178.011878 -3515.478706 54379.753990 0.882724 -0.408147 -0.232839 -0.238437 0.037918 -0.970417 -0.404902 -0.912128 0.063846
-5.242971 -19.739037 2465.157331 -770.787490 0.917310 -0.281105 -0.281997 -0.396483 -0.710057 -0.581911 0.036656 -0.645600 0.762796
-9.000948 -18.650589 -1155.303538 -1605.568665 0.986522 -0.144794 -0.076213 -0.160337 -0.762500 -0.626806 -0.032645 -0.630578 0.775439
-1.100342 -23.361899 1253.161120 -1028.438068 0.969370 -0.170579 -0.176708 -0.245468 -0.697064 -0.673682 0.008260 -0.696423 0.717584
-10.027413 -15.146382 358.470001 403.466878 0.713841 -0.563392 -0.415958 -0.700202 -0.584522 -0.409940 0.012180 -0.583886 0.811744
7.187642 -23.598731 4443.556929 -893.026151 0.923102 -0.225882 -0.311222 -0.374382 -0.712785 -0.593106 0.087863 -0.664014 0.742540
0.766755 -19.265099 3802.718292 -621.196175 0.858185 -0.344481 -0.380593 -0.503108 -0.711705 -0.490264 0.101983 -0.612217 0.784086
11.357747 -64.360821 1328.159390 863.084023 0.224361 -0.596192 0.770855 0.333444 0.790241 0.514135 -0.915684 0.141685 0.376096
4.214601 -63.093810 1149.211321 -2624.531494 0.222689 -0.605128 0.764349 0.043031 0.789374 0.612403 -0.973939 -0.103485 0.201824
6.575150 -63.761399 127.265596 -792.653089 0.174986 -0.546690 0.818847 0.159096 0.836449 0.524443 -0.971632 0.038505 0.233343
11.539120 -64.911756 423.307687 387.509418 0.189581 -0.549513 0.813692 0.379249 0.805388 0.455544 -0.905665 0.222230 0.361088
-4.290358 -38.674443 -174.500406 -2721.068562 0.885916 -0.431450 0.170303 0.429378 0.901697 0.050760 -0.175462 0.028155 0.984084
-2.755404 -36.383404 -310.358143 -3319.617790 0.874886 -0.450227 0.178524 -0.478709 -0.859836 0.177536 -0.073570 0.240785 0.967786
-3.266701 -35.013005 -312.693348 161.536805 0.894171 -0.401360 0.198418 0.415209 0.909160 -0.032093 -0.167513 0.111082 0.979592
-4.886674 -37.781007 1.775799 -719.960285 0.874990 -0.463033 0.141394 0.469589 0.882755 -0.015142 -0.117805 0.079646 0.989838
-2.973239 -36.023840 -179.385706 -3895.810293 0.895230 -0.404449 0.187040 0.378304 0.911640 0.160618 -0.235475 -0.073032 0.969133
-3.899961 -37.438655 30.608617 -4644.616751 0.897624 -0.406116 0.171292 0.370091 0.905523 0.207513 -0.239384 -0.122875 0.963118
-4.212591 -38.293689 -149.727270 -4028.282527 0.892603 -0.422980 0.156039 0.396957 0.901427 0.172785 -0.213742 -0.092287 0.972521
1.150938 -38.886438 334.981077 693.953445 0.946503 -0.251072 0.202719 0.134516 -0.264044 -0.955084 -0.293322 -0.931259 0.216146
-1.373392 -36.906141 390.205180 431.047316 0.945734 -0.238868 0.220293 0.148083 -0.286628 -0.946528 -0.289237 -0.927786 0.235701
0.957049 -37.569672 647.036112 -2575.272750 0.949907 -0.225025 0.216888 0.165079 -0.228009 -0.959563 -0.265378 -0.947299 0.179441
3.057402 -37.674752 308.713131 -1584.760000 0.944196 -0.259605 0.202729 0.152440 -0.201193 -0.967617 -0.291986 -0.944524 0.150392
3.290855 -36.245222 687.511100 -236.492153 0.949157 -0.231450 0.213382 0.212979 -0.027027 -0.976683 -0.231820 -0.972471 -0.023641
6.645111 -61.102466 734.513516 1262.057464 0.877644 -0.478365 0.030147 -0.076953 -0.202707 -0.976211 -0.473096 -0.854446 0.214716
7.885692 -55.706613 607.401880 3172.031817 0.880159 -0.470562 0.062376 0.048787 -0.041033 -0.997966 -0.472165 -0.881412 0.013158
7.928399 -58.876027 312.425671 3042.444243 0.863408 -0.502943 0.039671 0.016809 -0.049912 -0.998612 -0.504225 -0.862877 0.034640
7.156641 -61.306015 413.819230 -54.736415 0.868723 -0.494783 0.022583 -0.126490 -0.265709 -0.955719 -0.478874 -0.827399 0.293412
8.364527 -60.871613 -714.894292 2620.777597 0.824444 -0.565196 0.029079 -0.004860 -0.058449 -0.998279 -0.565923 -0.822883 0.050934
9.190749 -56.504195 -432.267138 2347.061225 0.828662 -0.556696 0.058393 0.128045 0.086972 -0.987947 -0.544908 -0.826151 -0.143353
0.226361 -61.321269 268.184025 -3745.780371 0.850086 -0.510738 0.128453 -0.504774 -0.720619 0.475302 0.150189 0.468888 0.870395
1.122261 -66.631437 168.690956 -5426.199986 0.862117 -0.495993 0.103655 -0.494351 -0.778403 0.386919 0.111224 0.384811 0.916269
0.482188 -75.201672 66.121902 -5216.010345 0.875269 -0.471361 0.108275 -0.482448 -0.835263 0.263780 0.033898 0.283115 0.958487
0.677625 -73.072685 425.622802 -5105.725790 0.866664 -0.483171 0.124257 -0.492909 -0.790821 0.362826 0.077042 0.375696 0.923535
0.619817 -88.246342 1023.606230 -4817.474956 0.892147 -0.441643 0.094996 -0.449076 -0.889870 0.080390 -0.049031 0.114380 0.992226
1.556356 -33.956622 -86.661511 636.633667 0.799660 -0.597075 0.063602 -0.051069 0.037910 0.997975 0.598277 0.801289 0.000177
2.357394 -36.272458 462.776933 1090.457267 0.796414 -0.600358 0.072765 -0.001379 0.118518 0.992951 0.604750 0.790900 -0.093562
1.298538 -34.306485 266.989158 547.477893 0.799275 -0.594966 0.084703 -0.071063 0.046387 0.996393 0.596749 0.802411 0.005204
0.485968 -32.957781 57.593441 40.712963 0.801042 -0.593321 0.079387 -0.135309 -0.050281 0.989527 0.583115 0.803394 0.120559
15.506196 -17.545626 -3278.586462 -937.455917 -0.227306 0.961401 -0.155048 0.862841 0.125016 -0.489772 0.451484 0.245110 0.857953
5.625359 -12.788949 -1079.666353 -1136.353221 -0.356663 0.929645 -0.092475 0.842534 0.277308 -0.461775 0.403643 0.242611 0.882164
16.892229 -13.313450 -2113.819270 -1326.189568 -0.322269 0.934184 -0.153112 0.871702 0.229774 -0.432828 0.369160 0.272954 0.888379
3.055763 -17.333450 -2091.717987 -995.343337 -0.191895 0.966178 -0.172270 0.861212 0.081603 -0.501651 0.470627 0.244625 0.847744
27.535541 -18.577186 -3879.986470 -210.386986 -0.297013 0.935537 -0.191190 0.846653 0.165431 -0.505778 0.441546 0.312094 0.841210
32.882688 -21.284611 -5743.675633 -356.110996 -0.226607 0.956309 -0.184724 0.826104 0.088245 -0.556566 0.515948 0.278722 0.810007
12.733926 -20.188147 -4624.266467 -543.790926 -0.131693 0.975673 -0.175268 0.839869 0.015899 -0.542557 0.526571 0.218653 0.821531
-0.233169 -50.376554 188.407566 1355.958867 0.807133 -0.564595 0.172536 -0.523266 -0.548836 0.651898 0.273364 0.616451 0.738417
-0.660938 -56.460885 -132.723328 2779.250884 0.789584 -0.578690 0.204144 -0.524923 -0.464652 0.713130 0.317825 0.670235 0.670650
-1.058749 -56.408784 460.228099 3522.483814 0.779880 -0.593077 0.200120 -0.507156 -0.411344 0.757357 0.366853 0.692139 0.621581
0.706189 -43.072254 127.650655 -652.767827 -0.827228 0.443795 -0.344586 0.491336 0.868866 -0.060502 0.272549 -0.219356 -0.936803
0.242495 -41.281221 -336.333941 -551.708753 0.818538 -0.461685 0.341822 0.533430 0.831703 -0.154021 0.213185 -0.308411 -0.927057
0.801408 -42.913271 166.182755 -219.391701 -0.809411 0.472364 -0.348893 0.498950 0.866490 0.015602 0.309682 -0.161451 -0.937033
-5.295320 -34.994641 56.445925 -436.459684 0.886047 -0.407852 0.220405 -0.463232 -0.760049 0.455788 0.018375 0.505948 0.862368
-5.005013 -35.579387 -106.578545 -2952.716556 0.874853 -0.434712 0.213677 -0.474052 -0.677734 0.562096 0.099533 0.593045 0.798994
-5.689573 -35.051320 48.064867 -3149.835233 0.887746 -0.406413 0.216185 -0.452262 -0.682458 0.574205 0.085827 0.607520 0.789654
-6.178884 -34.762251 373.490744 2482.210472 0.889856 -0.392433 0.232709 -0.449618 -0.840887 0.301251 -0.077461 0.372700 0.924713
-4.620468 -35.445204 46.298959 3231.425766 0.874148 -0.429712 0.226303 -0.481116 -0.829800 0.282770 -0.066277 0.356061 0.932109
-5.753403 -79.656194 1105.823505 531.526406 0.084185 -0.865459 0.493856 0.950071 -0.079731 -0.301676 0.300464 0.494595 0.815535
-2.926039 -92.252133 862.106583 438.476849 0.062499 -0.867607 0.493307 0.912307 -0.150766 -0.380744 0.404710 0.473843 0.782101
-2.747322 -77.600770 76.449197 -2156.386339 0.030928 -0.843074 0.536908 0.881177 -0.230544 -0.412768 0.471774 0.485877 0.735767
-6.110754 -38.691734 1108.541053 -830.501250 -0.142016 0.871584 -0.469226 -0.384333 0.388290 0.837568 -0.912206 -0.299287 -0.279835
-7.099347 -38.932250 190.707385 -1189.708871 -0.171645 0.847484 -0.502303 -0.395961 0.407526 0.822884 -0.902082 -0.340137 -0.265621
-4.593223 -47.139350 993.068634 -2914.494428 -0.145326 0.866483 -0.477585 -0.281970 0.426419 0.859453 -0.948353 -0.259565 -0.182353
-3.133675 -43.132361 1385.056724 -2096.592956 -0.141970 0.887734 -0.437919 -0.325127 0.376037 0.867692 -0.934953 -0.265566 -0.235241
-5.006428 -35.558206 1061.322927 35.629451 -0.141306 0.880950 -0.451619 -0.433443 0.355090 0.828274 -0.890034 -0.312791 -0.331665
2.924953 -202.404608 -982.879873 -2973.902405 -0.156775 0.762375 -0.627858 -0.778878 0.295445 0.553228 -0.607265 -0.575757 -0.547479
6.772680 -242.961238 -1222.202667 -9841.540757 -0.170215 0.784497 -0.596315 -0.788970 0.254062 0.559446 -0.590384 -0.565701 -0.575699
2.718091 -191.217701 -668.731223 -1430.208431 -0.182537 0.777357 -0.601993 -0.510845 0.448162 0.733613 -0.840070 -0.441437 -0.315303
1.402840 -174.061471 -256.441072 -5056.992481 -0.180229 0.765425 -0.617771 -0.695859 0.344673 0.630064 -0.695196 -0.543438 -0.470508
-9.326027 -164.597405 -1132.757037 6413.928753 -0.312161 0.856100 -0.411884 0.388594 0.510681 0.766941 -0.866920 -0.079353 0.492090
-7.610532 -166.691573 -735.255637 -7558.730367 -0.383925 0.819071 -0.426292 0.527087 0.573467 0.627148 -0.758143 -0.016085 0.651890
-10.075537 -182.172449 -310.982091 -17085.277042 -0.353595 0.807924 -0.471413 0.592976 0.583373 0.555028 -0.723430 0.083281 0.685357
-12.027309 -232.428977 5.772842 -27691.317133 -0.303611 0.819191 -0.486566 0.519618 0.570405 0.636109 -0.798634 0.059699 0.598848
12.077293 -3.431247 -971.163909 6637.632245 0.814688 -0.547600 0.190835 0.569560 0.693731 -0.440838 -0.109015 -0.467838 -0.877065
9.906564 -15.915598 35.556679 4653.208145 0.905774 -0.417663 0.071631 0.390793 0.757916 -0.522345 -0.163874 -0.501119 -0.849721
8.624379 -23.986457 -241.646085 2934.852271 0.894059 -0.430827 0.122663 0.414839 0.693009 -0.589616 -0.169016 -0.578037 -0.798315
-6.557958 -22.506835 803.657922 -308.455775 -0.638101 0.740920 0.209437 -0.107201 -0.354856 0.928755 -0.762453 -0.570188 -0.305861
-6.863542 -21.605490 117.972473 -507.958611 -0.669519 0.694018 0.264734 -0.100574 -0.437819 0.893420 -0.735955 -0.571536 -0.362928
-8.362662 -23.313671 -139.021572 -139.857643 -0.682076 0.668050 0.297459 -0.007226 -0.412901 0.910747 -0.731246 -0.619049 -0.286457
-7.874688 -19.365799 332.579064 1085.136453 -0.740743 0.491682 0.457765 -0.008945 0.674133 -0.738556 -0.671729 -0.551174 -0.494961
-6.881297 -19.357528 324.779945 960.467330 -0.718276 0.553809 0.421159 0.030407 0.629732 -0.776217 -0.695093 -0.544732 -0.469161
-6.912499 -15.671872 738.505392 1030.201695 -0.718275 0.583323 0.379230 0.119322 0.640261 -0.758834 -0.685451 -0.499800 -0.529486
-0.491266 -41.707427 -348.527663 -379.358880 0.848604 -0.511760 0.134063 -0.474232 -0.623560 0.621512 0.234469 0.590994 0.771849
0.056698 -41.922534 -292.239655 -74.746015 0.849681 -0.511468 0.128229 -0.466638 -0.616123 0.634540 0.245542 0.598993 0.762178
-0.146308 -47.239920 -101.992885 -3340.339558 0.859477 -0.497226 0.118599 -0.474068 -0.688551 0.548778 0.191205 0.527886 0.827513
-0.277370 -47.662534 32.743557 -3749.677407 0.863597 -0.491841 0.110875 -0.465508 -0.693365 0.550043 0.193657 0.526628 0.827744
-0.374512 -43.194420 181.923525 -1094.102047 0.854944 -0.505607 0.115898 -0.467105 -0.653246 0.595888 0.225575 0.563588 0.794660
-11.735977 -19.757122 1273.537543 -182.941613 0.865651 -0.328239 -0.378030 0.110910 0.862051 -0.494536 0.488208 0.386169 0.782641
-15.119501 -20.441399 1010.748661 -354.661601 0.884473 -0.033240 -0.465407 -0.148317 0.925695 -0.347981 0.442392 0.376807 0.813822
-11.508641 -18.836368 1818.755497 -409.980343 0.874439 -0.268226 -0.404241 0.094115 0.911216 -0.401032 0.475918 0.312633 0.822048
-14.991131 -20.862372 745.535602 -190.580896 0.863188 0.012637 -0.504724 -0.233109 0.896728 -0.376216 0.447846 0.442401 0.776991
-5.956929 -17.415234 1311.466467 -429.920103 0.835147 -0.438166 -0.332476 0.267120 0.851504 -0.451208 0.480809 0.288014 0.828173
-6.762122 -19.209334 870.282846 -370.533229 0.831947 -0.451932 -0.321903 0.249140 0.822649 -0.511057 0.495776 0.344973 0.796994
-8.511433 -20.517291 887.095640 -330.465683 0.816296 -0.495418 -0.297020 0.253176 0.769038 -0.586926 0.519194 0.403908 0.753191
-57.225657 -458.883697 -1541.413674 -74873.962912 0.611336 -0.041577 0.790278 0.205719 0.972637 -0.107967 -0.764165 0.228579 0.603161
-47.847115 -238.620366 -9694.401380 -50849.292237 0.578470 -0.210003 0.788207 0.204504 0.972768 0.109089 -0.789652 0.098087 0.605664
-107.086642 -599.383546 -7609.877775 -68795.122488 0.569335 0.153628 0.807624 0.083251 0.966561 -0.242549 -0.817880 0.205327 0.537507
-50.640770 -329.508697 -12293.590330 -84807.018724 0.568965 -0.320160 0.757480 0.300967 0.938268 0.170508 -0.765309 0.130963 0.630200
298.196754 -3738.876495 57328.763814 -953736.300435 0.297246 -0.632241 0.715483 0.678103 0.667329 0.307973 -0.672176 0.393628 0.627086
-15.153598 -312.710562 3977.147728 -51667.933621 -0.454099 0.149085 -0.878389 -0.490378 0.781308 0.386118 0.743857 0.606078 -0.281683
-4.263195 -240.114264 -3569.416981 12138.784853 0.484270 -0.136086 0.864270 0.663443 -0.586864 -0.464149 0.570373 0.798168 -0.193915
-15.592282 -343.571933 -2203.190374 11674.156044 0.465162 -0.179318 0.866874 0.774813 -0.391131 -0.496670 0.428123 0.902697 -0.043002
-33.211016 -50.572955 -68.632535 -2142.548811 0.977098 -0.212280 -0.014716 0.013643 -0.006518 0.999886 0.212351 0.977187 0.003473
-28.802037 -45.417597 100.533191 -2342.002089 0.953971 -0.080505 0.288892 -0.279752 0.108238 0.953951 0.108067 0.990860 -0.080735
-24.037704 -37.956118 140.785541 -1783.590038 0.911362 -0.076626 0.404411 -0.375428 0.248043 0.893045 0.168741 0.965714 -0.197289
-94.785412 -104.285872 -18398.113517 -5688.822887 0.779794 -0.552154 -0.295036 0.293562 0.738760 -0.606676 0.552940 0.386471 0.738172
-85.733248 -103.134511 -4289.706124 -3543.080056 0.519064 -0.677550 -0.521056 0.291655 0.713424 -0.637153 0.803436 0.178755 0.567923
-85.328623 -103.044333 -9411.629242 9947.872468 0.639735 -0.580239 -0.504045 -0.020357 0.642779 -0.765781 0.768326 0.500158 0.399397
-84.940838 -102.897373 -9458.159647 6128.214556 -0.265078 0.799730 0.538670 0.123065 0.582146 -0.803717 0.956341 0.146756 0.252733
9.482493 -10.069019 744.146647 189.030127 0.908039 -0.377932 -0.180647 0.148078 -0.113797 0.982407 0.391840 0.918813 0.047368
26.194197 -60.718751 3948.125248 -6200.805457 -0.492878 0.146103 0.857744 0.181953 0.981313 -0.062597 -0.850861 0.125216 -0.510252
41.165641 -70.665817 3736.531569 -4483.486146 -0.547044 0.198133 0.813318 0.356229 0.934322 0.011991 -0.757525 0.296288 -0.581695
2.396605 -36.968150 -389.892508 -403.583090 0.799748 -0.543472 -0.255033 -0.600060 -0.710770 -0.367062 -0.018218 -0.446592 0.894552
1.293284 -35.267331 -735.948903 -868.311714 0.784977 -0.562382 -0.259878 -0.616160 -0.752364 -0.233013 0.064480 -0.343036 0.937106
0.345035 -33.608027 -566.449072 -555.527925 0.779804 -0.565520 -0.268501 -0.608929 -0.784748 -0.115659 0.145298 -0.253689 0.956311
-3.899939 -51.924212 -1162.516504 -7842.555482 -0.502812 0.779989 0.372554 0.717558 0.616954 -0.323231 0.481965 -0.104805 0.869900
-4.259502 -68.823646 -386.797353 -1387.327998 0.759774 -0.626131 -0.175227 -0.650186 -0.732240 -0.202689 0.001398 -0.267928 0.963438
-5.222729 -68.008053 -921.394120 -219.027625 0.749983 -0.644985 -0.146695 -0.643416 -0.659918 -0.387975 -0.153432 -0.385361 0.909921
-6.605321 -65.618757 -684.813851 1551.892034 0.759555 -0.631285 -0.156702 -0.589534 -0.566361 -0.575922 -0.274820 -0.529825 0.802346
-6.662065 -28.973877 1038.153445 1628.072412 0.834847 -0.550436 0.007169 0.402507 0.619262 0.674169 0.375526 0.559942 -0.738543
-6.087346 -28.447480 649.399007 807.214223 0.849801 -0.526983 0.011242 0.356184 0.589835 0.724726 0.388550 0.611869 -0.688945
-7.717438 -29.570839 201.178432 808.078841 0.870490 -0.492171 -0.003855 0.327939 0.574140 0.750213 0.367019 0.654317 -0.661185
-5.999064 -32.500040 -263.885047 -498.797170 0.853662 -0.520827 0.000216 0.474002 0.777084 0.414080 0.215832 0.353382 -0.910240
-6.006048 -30.499604 -177.623049 634.524357 0.876394 -0.481594 -0.000680 0.447436 0.813709 0.371051 0.178142 0.325491 -0.928612
-6.453807 -31.383989 107.953616 -780.073169 0.855071 -0.518025 -0.022456 0.474973 0.765165 0.434652 0.207978 0.382325 -0.900318
-6.372237 -33.518252 -210.649681 1082.035208 0.882882 -0.468042 0.038143 0.430557 0.839239 0.332113 0.187454 0.276794 -0.942468
3.328958 -141.441484 741.931770 -5217.134615 0.122656 0.431456 -0.893757 -0.657388 0.709981 0.252522 0.743503 0.556572 0.370717
-1.202309 -70.977196 -463.792857 -1207.826244 -0.365951 -0.576229 0.730780 -0.659908 0.714363 0.232823 -0.656202 -0.397046 -0.641681
1.066479 -74.956967 -337.365049 -2345.620691 -0.352969 -0.570133 0.741863 -0.535683 0.773225 0.339364 -0.767110 -0.277618 -0.578335
0.095826 -68.842984 -52.292364 -995.797642 -0.338158 -0.582493 0.739156 -0.700323 0.680420 0.215814 -0.628647 -0.444669 -0.638023
9.815888 -213.872868 2334.749871 14770.197904 0.126858 0.577464 -0.806500 -0.221362 0.809045 0.544468 0.966905 0.109458 0.230463
7.585493 -226.662253 2561.947635 -18171.084594 0.192126 0.474274 -0.859158 -0.528149 0.787843 0.316801 0.827131 0.392898 0.401852
4.465349 -210.843801 326.612428 -17918.255106 0.207907 0.469701 -0.857995 -0.629282 0.735767 0.250303 0.748852 0.487881 0.448545
14.898333 -32.288583 926.622745 548.554879 -0.915790 0.389234 0.099124 0.359245 0.904130 -0.231282 -0.179644 -0.176196 -0.967824
15.965137 -30.610649 -33.930275 480.630314 0.909617 -0.414888 -0.021575 0.406786 0.899998 -0.156615 -0.084395 -0.133683 -0.987424
12.044913 -30.089131 1596.807524 130.142624 0.913609 -0.399339 0.076470 0.405865 0.884435 -0.230324 -0.024345 -0.241462 -0.970105
-3.683356 -115.342852 -1414.220949 -9737.954510 0.329544 0.495018 -0.803964 0.263821 0.769330 0.581834 0.906531 -0.403842 0.122932
2.087273 -101.610331 -707.549256 -5928.196391 0.320636 0.536633 -0.780524 0.484817 0.614930 0.621943 0.813723 -0.577829 -0.063000
-4.634994 -113.357747 -837.532442 -10589.653450 0.298313 0.456040 -0.838473 0.371716 0.753606 0.542131 0.879111 -0.473399 0.055293
-7.692120 -123.602122 -851.716333 -7528.785135 0.299657 0.441907 -0.845532 0.097872 0.867343 0.487992 0.949014 -0.228984 0.216655
-6.395053 -123.492831 -2133.286183 -6735.674783 0.358182 0.488676 -0.795551 -0.008991 0.853852 0.520439 0.933609 -0.179259 0.310228
-8.107675 -22.992954 523.146718 682.433311 -0.606240 0.784195 0.132329 -0.591062 -0.555609 0.584760 -0.532090 -0.276290 -0.800340
-7.383514 -23.983464 588.475468 313.076155 -0.595101 0.790749 0.143424 -0.633661 -0.571458 0.521449 -0.494296 -0.219433 -0.841142
-0.838046 -18.970231 -415.538670 44.167305 0.939986 -0.306154 -0.150652 0.321502 0.942574 0.090500 -0.114293 0.133504 -0.984436
-21.168845 -139.747708 605.819539 22772.432607 0.606340 0.757290 0.242620 0.158295 0.184054 -0.970086 0.779291 -0.626607 0.008276
-27.900839 -72.097853 -661.581981 9452.517151 0.547477 0.726918 0.414559 0.172313 0.386854 -0.905899 0.818887 -0.567393 -0.086536
-52.163600 -264.260991 -7315.665372 55763.262052 0.544490 0.837585 -0.044513 -0.074010 -0.004886 -0.997246 0.835496 -0.546285 -0.059329
7.254191 -121.991783 1623.815119 -20252.200644 0.607323 0.793453 -0.039904 -0.111753 0.035593 -0.993098 0.786556 -0.607590 -0.110287
11.143693 -111.488988 24.180417 -16180.397054 0.657521 0.752855 -0.029581 -0.037784 -0.006264 -0.999266 0.752488 -0.658156 -0.024327
10.245899 -114.073100 620.130018 -15517.863272 0.623218 0.781928 -0.013689 -0.017177 -0.003813 -0.999845 0.781860 -0.623357 -0.011055
-25.136302 -36.970686 0.628357 779.196593 0.225491 0.817955 0.529248 0.880969 -0.403148 0.247722 -0.415991 -0.410392 0.811499
-26.282450 -35.637516 -648.859942 905.102765 -0.145059 -0.803083 -0.577941 0.906275 -0.342230 0.248080 -0.397018 -0.487788 0.777457
-28.238708 -33.502860 -149.579073 578.398429 0.263130 -0.806211 -0.529893 0.885295 -0.016514 0.464737 -0.383427 -0.591398 0.709389
-24.180524 -30.356085 32.965504 1481.202127 0.213606 -0.844152 -0.491711 0.939178 0.038894 0.341221 -0.268918 -0.534691 0.801117
-9.256120 -34.130703 896.273135 -8367.860952 0.902737 -0.370621 -0.218418 -0.429771 -0.754454 -0.496081 -0.019072 -0.541701 0.840355
-10.629241 -27.893852 157.046161 -3976.900361 0.887297 -0.437321 -0.146472 -0.438512 -0.701591 -0.561673 -0.142868 -0.562601 0.814291
-23.640312 -106.532044 3137.316433 -25547.630399 0.969345 -0.137928 -0.203335 -0.213997 -0.880564 -0.422861 0.120726 -0.453412 0.883087
-2.286572 -23.834204 -1406.643828 -1311.282517 0.995964 -0.088923 -0.012158 -0.073405 -0.729124 -0.680434 -0.051641 -0.678580 0.732709
-4.388068 -19.020195 -3151.742178 -1673.155539 0.993475 0.018331 0.112569 0.082941 -0.793599 -0.602761 -0.078285 -0.608165 0.789941
-7.863106 -14.272647 -2868.391183 -1398.332021 0.954364 0.199723 0.222035 0.290243 -0.795397 -0.532074 -0.070339 -0.572236 0.817067
1.660635 -56.084314 286.318431 -2579.317988 0.177459 -0.552218 0.814594 -0.103783 0.812615 0.573485 -0.978641 -0.186312 0.086895
-0.631979 -57.017436 598.236579 -3622.400162 0.205246 -0.664810 0.718263 -0.119013 0.711487 0.692547 -0.971447 -0.227625 0.066909
-1.608115 -52.727619 636.602400 -3102.253193 0.198335 -0.604915 0.771195 -0.185531 0.749430 0.635557 -0.962414 -0.269134 0.036408
2.878475 -64.427270 257.909227 -3201.430435 0.195400 -0.687990 0.698920 0.066426 0.720305 0.690470 -0.978472 -0.088491 0.186447
