14761
29511
-37.585398 -61.654332 -56.466516 6518.171876 -0.143892 -0.956262 0.254671 0.985295 -0.162403 -0.053103 0.092140 0.243285 0.965569
-41.836639 -68.724816 -803.317301 5006.798705 -0.161342 -0.938113 0.306452 0.986624 -0.145995 0.072521 -0.023293 0.314053 0.949120
-48.482422 -76.503498 -450.531286 7738.951204 0.219121 -0.949070 0.226388 0.975108 0.221075 -0.017011 -0.033904 0.224480 0.973889
-34.315937 -57.621312 -184.748161 4775.171801 -0.373663 -0.865162 0.334471 0.920343 -0.390719 0.017531 0.115517 0.314379 0.942243
-37.638256 -69.302777 4133.320455 12104.486920 0.283394 -0.948910 0.138772 0.950112 0.258152 -0.175059 0.130291 0.181459 0.974729
-31.482573 -48.767205 -802.293624 5643.126791 0.280854 0.922396 -0.265155 0.935763 -0.324558 -0.137875 0.213233 0.209400 0.954297
-47.165248 -68.269380 -8448.762016 1378.601821 -0.005654 0.999135 0.041197 0.709047 -0.025045 0.704717 -0.705139 -0.033195 0.708292
-8.109155 -75.177913 -24237.140120 6660.381932 -0.190148 0.979220 0.070510 0.746563 0.097581 0.658120 -0.637564 -0.177781 0.749604
-32.075468 -70.387604 -18330.001663 1622.148731 -0.149351 0.982062 0.115102 0.821848 0.058568 0.566688 -0.549781 -0.179232 0.815853
32.135092 -88.683465 -38414.839305 28651.727674 -0.158560 0.952109 0.261434 0.897245 0.028437 0.440616 -0.412080 -0.304435 0.858784
-6.578262 -61.480049 -42393.022546 -2713.566944 -0.239764 0.923901 0.298195 0.844594 0.047045 0.533336 -0.478721 -0.379728 0.791601
-45.143982 -66.273363 -877.290037 505.513048 0.710486 -0.453083 -0.538448 0.637634 0.090784 0.764972 0.297713 0.886834 -0.353401
-43.740098 -64.382508 225.575800 3053.412985 0.736745 -0.499566 -0.455675 0.536513 0.021740 0.843612 0.411534 0.866003 -0.284041
-49.418830 -67.860128 -367.040907 1053.832766 0.776742 -0.535378 -0.331726 0.506654 0.218274 0.834061 0.374131 0.815921 -0.440794
-46.171623 -66.028942 -2050.498602 -1657.611717 0.705832 -0.454002 -0.543768 0.679144 0.215448 0.701673 0.201407 0.864560 -0.460403
3.382873 -17.089940 859.336627 -636.354230 0.164830 0.880844 -0.443785 0.848488 0.102776 0.519138 -0.502890 0.462116 0.730445
6.338472 -14.584579 1428.718207 108.054812 0.018411 0.854384 -0.519317 0.855845 0.255061 0.449970 -0.516904 0.452739 0.726524
5.789224 -16.937759 1509.365627 -93.344684 0.038297 0.851988 -0.522159 0.839797 0.255748 0.478888 -0.541548 0.456848 0.705702
2.703413 -20.554263 433.903598 -482.724232 0.215333 0.882567 -0.417979 0.843400 0.047675 0.535167 -0.492248 0.467763 0.734092
1.874067 -19.614040 347.761648 -803.140862 -0.314549 -0.885583 0.341763 0.832165 -0.084045 0.548122 -0.456684 0.456814 0.763387
5.136260 -37.546412 -2825.530967 125.644592 -0.070131 0.992224 0.102830 0.663482 0.123373 -0.737950 0.744898 -0.016472 0.666975
1.655193 -39.773613 -3185.381110 547.868358 -0.082745 0.989182 0.121128 0.687492 0.144651 -0.711640 0.721462 -0.024390 0.692024
8.559849 -39.218780 -2580.616561 731.915121 -0.051427 0.996275 0.069218 0.719304 0.085032 -0.689472 0.692789 -0.014331 0.720998
-28.296176 -40.694901 503.949818 958.856058 -0.242960 0.832970 -0.497124 -0.586159 -0.534403 -0.608959 0.772909 -0.143441 -0.618091
-26.254671 -40.807134 1046.422335 -481.450653 -0.341888 0.766065 -0.544294 -0.586664 -0.626457 -0.513202 0.734123 -0.143860 -0.663602
-28.118281 -39.230480 665.161551 -244.469572 -0.253279 0.853739 -0.454949 -0.528285 -0.516032 -0.674260 0.810410 -0.069566 -0.581718
5.017203 -49.404302 -635.393388 141.727185 0.073153 0.977532 -0.197687 -0.608617 0.200786 0.767640 -0.790085 -0.064161 -0.609630
4.742994 -47.740190 -524.786752 393.327027 0.066533 0.979756 -0.188815 -0.500849 0.196460 0.842943 -0.862973 -0.038484 -0.503781
3.891866 -48.355823 -1471.594629 -168.369295 0.051144 0.977037 -0.206839 -0.553333 0.200136 0.808559 -0.831388 -0.073098 -0.550863
-7.492612 -65.560218 2391.144472 8074.543124 -0.013796 0.997900 0.063294 -0.424119 -0.063164 0.903401 -0.905501 0.014380 -0.424100
-7.837274 -84.618623 1455.353464 8725.590034 0.016570 0.999845 -0.005961 -0.571109 0.014358 0.820748 -0.820707 0.010195 -0.571259
-10.348970 -73.802920 1582.731601 8398.769418 -0.018611 0.999020 0.040163 -0.450434 -0.044240 0.891713 -0.892616 0.001495 -0.450816
-8.520212 -53.884735 1756.117688 6459.559933 -0.050639 0.990949 0.124320 -0.334202 -0.134117 0.932910 -0.941140 -0.005693 -0.337969
-9.460978 -61.157539 408.994947 7306.176252 -0.063271 0.993541 0.094200 -0.339211 -0.110179 0.934236 -0.938580 -0.027157 -0.343991
8.604426 -78.098632 3151.116488 -1351.325035 -0.170295 0.907285 0.384491 0.949008 0.045956 0.311884 0.265298 0.417997 -0.868847
10.130147 -78.362403 3792.460627 3485.321323 -0.155589 0.908563 0.387691 -0.893182 0.038238 -0.448066 0.421921 0.415993 -0.805563
-0.530520 -83.305646 1421.702115 -1435.441420 -0.129238 0.905962 0.403150 0.910593 -0.052529 0.409952 0.392578 0.420087 -0.818174
-7.576467 -66.715002 -1680.307585 9868.363078 -0.103590 0.992212 0.069163 -0.305979 -0.097955 0.946985 -0.946386 -0.076936 -0.313744
-4.012900 -55.422062 -1637.723870 9578.395233 -0.140834 0.975905 0.166658 -0.158566 -0.188397 0.969208 -0.977253 -0.110071 -0.181278
-7.422021 -46.151908 -1310.704710 7627.279125 -0.142137 0.968978 0.202184 -0.155424 -0.223572 0.962216 -0.977569 -0.105342 -0.182381
-2.006757 -81.326507 -2338.381679 10546.723745 -0.112758 0.992278 0.051681 -0.358300 -0.089118 0.929343 -0.926772 -0.086274 -0.365582
7.298260 -21.946220 3325.070521 -3221.841624 -0.900856 0.178923 -0.395532 0.007633 0.917503 0.397656 0.434052 0.355212 -0.827903
17.323092 -19.961754 4279.819003 -3153.510893 -0.877589 0.034631 -0.478162 -0.139795 0.935557 0.324330 0.458580 0.351473 -0.816193
10.021723 -27.831467 3607.473771 -4313.095930 -0.889250 0.105675 -0.445047 -0.086435 0.916600 0.390350 0.449181 0.385587 -0.805953
20.494703 -13.615185 4405.004535 -2144.817123 -0.877047 0.015323 -0.480160 -0.141510 0.946905 0.288696 0.459090 0.321147 -0.828312
0.388532 -32.854005 2054.590027 -4389.806322 -0.894761 0.259814 -0.363180 0.056913 0.873029 0.484336 0.442904 0.412695 -0.795939
-0.291973 -21.343717 3241.111292 -3285.357925 -0.889024 0.359583 -0.283436 0.203783 0.865102 0.458334 0.410011 0.349711 -0.842374
11.677815 -13.906336 4196.419296 -2067.046516 -0.905068 0.124493 -0.406636 -0.022564 0.940786 0.338248 0.424667 0.315313 -0.848667
-3.272459 -29.574194 2075.910557 -3523.852363 -0.881053 0.377019 -0.285663 0.189740 0.834887 0.516685 0.433296 0.401025 -0.807114
-2.832201 -70.206621 779.558963 3534.868413 0.165084 0.982937 0.081131 0.976133 -0.151063 -0.156028 0.141110 -0.104952 0.984415
-0.303027 -66.090203 626.140522 4077.484171 0.158510 0.985213 0.065037 0.960468 -0.138590 -0.241442 0.228858 -0.100737 0.968233
0.205617 -70.324565 409.725080 4615.481106 0.152289 0.985599 0.073497 0.982525 -0.142922 -0.119241 0.107019 -0.090372 0.990141
-0.032779 -75.334195 -155.363920 1048.368539 -0.156431 -0.984366 -0.080953 0.986034 -0.160386 0.044872 -0.057154 -0.072803 0.995707
1.611345 -74.636224 292.329845 774.901206 0.140754 0.987482 0.071194 0.987402 -0.145265 0.062734 -0.072291 -0.061467 0.995488
15.776159 -41.499108 -5343.916277 -230.882007 0.370151 0.763279 -0.529522 0.770832 0.065767 0.633635 0.518465 -0.642713 -0.564016
27.336284 -39.765444 -5847.845892 -5891.206441 0.401424 0.771409 -0.493748 0.828247 -0.075616 0.555238 0.390980 -0.631831 -0.669271
15.605180 -38.343814 -8414.343802 -4261.334462 0.362769 0.725859 -0.584403 0.856705 -0.013010 0.515642 0.366680 -0.687720 -0.626567
-2.044271 -41.947401 -5722.256020 -157.763678 0.260552 0.730903 -0.630788 0.828051 0.166772 0.535275 0.496432 -0.661791 -0.561772
2.468662 -148.040388 -1162.108815 14530.215619 0.715890 -0.109226 0.689616 -0.187904 0.921109 0.340955 -0.672453 -0.373668 0.638889
-1.272719 -123.156229 -1108.416958 6425.019396 0.711366 -0.122279 0.692102 -0.105186 0.955134 0.276865 -0.694906 -0.269752 0.666588
1.456180 -117.021793 -1440.342406 8676.596174 0.711110 -0.107612 0.694796 -0.002821 0.987773 0.155876 -0.703075 -0.112805 0.702112
5.269971 -143.017227 -1009.850505 19390.223177 0.719538 -0.097935 0.687513 -0.111668 0.960807 0.253734 -0.685416 -0.259344 0.680401
3.751458 -182.721176 388.052016 27104.332465 0.740504 -0.109511 0.663070 -0.272266 0.853157 0.444967 -0.614431 -0.510031 0.601950
3.480141 -185.240574 -2088.884016 -20820.468981 0.714862 -0.149252 0.683151 0.353102 -0.766204 -0.536890 -0.603565 -0.625024 0.495029
-10.228309 -225.614246 -1963.677449 9080.096224 0.756465 -0.246472 0.605816 0.529252 -0.313521 -0.788414 -0.384258 -0.917037 0.106722
-6.454136 -225.733477 121.200777 -1900.627496 0.766927 -0.243052 0.593927 0.400333 -0.542135 -0.738799 -0.501555 -0.804373 0.318476
-7.450225 -233.050329 -1463.355073 34702.909243 0.753232 -0.270595 0.599517 0.584262 -0.143410 -0.798794 -0.302126 -0.951952 -0.050077
-17.543112 -106.183031 876.703659 -3193.839220 0.776637 -0.365498 0.513075 -0.496679 0.145710 0.855616 0.387486 0.919337 0.068371
-17.333457 -111.757327 1137.629231 -498.706416 0.780325 -0.367571 0.505949 -0.564406 -0.065505 0.822894 0.269330 0.927685 0.258575
-17.298373 -110.568658 1073.629936 -3336.509947 0.758609 -0.402218 0.512575 -0.506551 0.130693 0.852247 0.409780 0.906168 0.104599
-219.769286 -4009.068873 66124.942066 -1580625.061827 -0.378336 0.373533 -0.846956 0.910950 -0.012271 -0.412334 -0.164413 -0.927536 -0.335627
58.322829 -2815.932137 16029.239223 405023.431515 0.289209 -0.651014 0.701811 0.889562 -0.088043 -0.448249 0.353606 0.753943 0.553655
705.918337 -24439.994508 -254445.529932 -29411842.048544 -0.289989 0.089110 -0.952872 0.928805 0.266228 -0.257768 0.230712 -0.959782 -0.159969
-563.394378 -7742.307958 -183483.527161 -4377629.862394 0.646685 -0.418351 0.637794 -0.059899 0.805733 0.589242 -0.760402 -0.419257 0.495997
8.227322 -50.653145 -1364.419334 -3858.231219 -0.434520 -0.846224 0.308378 0.882189 -0.330893 0.335041 -0.181480 0.417630 0.890309
8.546185 -59.208574 -2293.686411 -3591.460298 -0.433594 -0.842768 0.318965 0.899463 -0.383396 0.209701 -0.054439 0.377822 0.924276
11.652741 -56.972674 -618.409576 -4332.543301 -0.448493 -0.848203 0.281792 0.886728 -0.382714 0.259313 -0.112104 0.366173 0.923770
-14.636261 -41.147396 1700.759170 -2309.990104 0.025749 0.961755 0.272699 -0.434306 0.256463 -0.863484 0.900397 0.096200 -0.424299
-17.776049 -45.006094 888.007540 -559.260180 -0.034504 0.997696 0.058410 -0.456625 0.036250 -0.888920 0.888990 0.057342 -0.454322
-20.223661 -45.925912 704.125672 -770.868467 0.021916 0.987057 0.158865 -0.554190 0.144249 -0.819796 0.832101 0.070075 -0.550179
-18.669662 -49.014359 448.408206 -2241.029270 0.015124 0.972856 0.230918 -0.544461 0.201717 -0.814170 0.838650 0.113412 -0.532733
-20.097734 -50.898862 202.467583 -1246.279392 0.067046 0.966413 0.248094 -0.641048 0.232264 -0.731513 0.764567 0.109995 -0.635090
-22.220525 -42.597155 147.506588 472.386855 0.107034 0.979626 0.169930 -0.614096 0.199551 -0.763587 0.781940 0.022623 -0.622943
-21.456611 -46.664286 377.141948 -1404.479540 0.128606 0.959913 0.249054 -0.637924 0.272359 -0.720328 0.759284 0.066239 -0.647379
47.305310 -32.851518 10623.280736 -4719.896936 -0.000075 0.941744 -0.336331 0.753924 0.221010 0.618670 -0.656962 0.253522 0.710020
51.429844 -36.050868 12319.945325 -6145.589060 -0.137444 0.898777 -0.416304 0.790146 0.352938 0.501104 -0.597310 0.260067 0.758674
57.900652 -46.951650 1314.230792 -7582.003476 -0.181479 0.965333 -0.187610 0.759041 0.258799 0.597394 -0.625237 0.033989 0.779694
31.123101 -24.185209 12297.447655 -4709.603608 -0.036014 0.876608 -0.479856 0.767409 0.331835 0.548606 -0.640145 0.348488 0.684668
55.756723 -41.522355 4312.925131 1981.636889 -0.021579 0.992687 -0.118770 0.771663 0.092071 0.629332 -0.635665 0.078070 0.768007
29.886975 -19.958609 9883.279937 -1475.799542 0.105739 0.914649 -0.390174 0.759623 0.178913 0.625270 -0.641710 0.362501 0.675871
44.097833 -26.084573 11411.362872 3539.981635 0.163228 0.955887 -0.244207 0.765453 0.033466 0.642621 -0.622446 0.291822 0.726224
-12.053383 -85.749476 1642.876525 1124.155240 -0.029554 0.922093 0.385839 0.998520 0.009608 0.053522 0.045645 0.386850 -0.921012
-7.278374 -88.789038 2064.221746 1811.203179 -0.041864 0.917707 0.395045 0.987664 0.097723 -0.122350 -0.150887 0.385050 -0.910478
-9.107380 -85.378026 2245.702370 1397.314032 -0.055010 0.914979 0.399735 0.996411 0.024509 0.081022 0.064337 0.402757 -0.913043
-12.398577 -83.089246 2052.660663 528.100439 -0.030750 0.914837 0.402650 0.976571 -0.058341 0.207135 0.212986 0.399586 -0.891610
-3.477418 -11.605937 801.113693 1329.161171 -0.460868 -0.150437 -0.874625 -0.539722 0.829839 0.141663 0.704486 0.537342 -0.463640
-3.329171 -12.284928 -63.700537 1221.825710 -0.558434 0.063029 -0.827151 -0.401038 0.852334 0.335700 0.726168 0.519186 -0.450695
-2.082066 -14.987535 236.654493 1165.691890 -0.533023 -0.011936 -0.846016 -0.429755 0.865135 0.258557 0.728832 0.501397 -0.466267
-1.885808 -15.258802 495.632892 1580.280017 -0.457620 -0.157761 -0.875040 -0.529888 0.838668 0.125912 0.714005 0.521293 -0.467387
-2.587403 -12.161633 628.796683 1342.783328 -0.377440 -0.274463 -0.884426 -0.611737 0.790907 0.015625 0.695210 0.546934 -0.466419
-3.325906 -9.326655 573.084141 656.062336 -0.274234 -0.390790 -0.878680 -0.677668 0.726827 -0.111755 0.682321 0.564806 -0.464146
-51.252942 -140.006035 5612.287943 -44443.368423 0.887565 0.068183 -0.455608 0.442532 -0.401050 0.802075 0.128034 0.913515 0.386131
-84.160780 -485.805022 8924.971680 -170288.463639 0.909012 0.010350 -0.416642 0.386716 -0.393695 0.833940 0.155399 0.919183 0.361875
-56.421103 -254.234725 -4275.564691 -94823.310063 0.889811 -0.018137 -0.455969 0.411049 -0.402092 0.818145 0.198180 0.915420 0.350330
-48.385454 -71.828308 -2721.715265 -966.727800 -0.615929 -0.222802 0.755639 0.767525 -0.385929 0.511825 0.177588 0.895220 0.408711
-67.112834 -261.153916 -15770.901061 -97277.757908 0.856933 -0.030248 -0.514539 0.461111 -0.401073 0.791528 0.230310 0.915546 0.329745
-44.869426 -52.997892 -19180.053704 -6468.176347 0.110055 -0.403168 0.908484 0.966899 -0.168273 -0.191808 0.230204 0.899522 0.371304
30.751751 -293.023003 -6140.908839 22803.154246 -0.137844 -0.401076 0.905614 0.920672 0.285239 0.266462 -0.365188 0.870504 0.329941
37.612236 -293.618432 -6082.445796 -6441.899982 -0.124489 -0.452872 0.882841 0.877477 0.365104 0.311021 -0.463181 0.813392 0.351933
27.739881 -330.034999 -226.038015 -18111.516668 -0.117992 -0.427548 0.896259 0.677611 0.625108 0.387406 -0.725894 0.653026 0.215953
20.172060 -354.706680 -2065.190327 11292.117140 -0.156221 -0.347967 0.924399 0.739853 0.578815 0.342914 -0.654379 0.737490 0.167022
17.079485 -340.677889 1804.510749 -11634.713645 -0.129721 -0.363216 0.922630 0.410458 0.827354 0.383418 -0.902606 0.428438 0.041760
11.039189 -316.858356 4044.061309 -34095.946949 -0.071061 -0.413796 0.907592 0.339800 0.845426 0.412057 -0.937809 0.337681 0.080531
72.455848 -83.001387 6930.286448 10631.533489 -0.341448 0.866152 0.364957 -0.110315 -0.422540 0.899606 -0.933405 -0.266908 -0.239825
68.455576 -93.032432 -795.183657 9116.226647 -0.266695 0.887771 0.375148 -0.202233 -0.432129 0.878844 -0.942325 -0.158516 -0.294783
77.492988 -78.157712 10074.527988 6859.457478 -0.271083 0.874973 0.401168 0.004992 -0.415490 0.909584 -0.962543 -0.248576 -0.108265
59.806752 -93.133785 1220.958897 10103.492792 -0.359286 0.888181 0.286442 -0.333152 -0.408782 0.849651 -0.871736 -0.209839 -0.442769
76.700981 -65.423781 6454.881885 3060.000877 -0.482924 0.783381 0.391278 -0.008871 -0.451191 0.892383 -0.875617 -0.427482 -0.224841
58.137323 -69.494606 1153.546475 5866.977919 -0.514111 0.795262 0.321322 -0.170029 -0.461680 0.870598 -0.840702 -0.392951 -0.372573
86.357398 -131.519641 8742.106185 26492.296869 0.623553 -0.625450 -0.469035 -0.378178 0.283770 -0.881167 -0.684224 -0.726834 0.059586
94.851499 -95.209752 9853.728071 -16063.451072 -0.466137 0.771368 0.433252 0.229053 -0.367790 0.901257 -0.854547 -0.519347 0.005244
94.596494 -113.345081 13387.720431 -23998.081778 -0.430454 0.806025 0.406243 0.316777 -0.286542 0.904182 -0.845199 -0.517898 0.131987
5.835927 -37.047087 369.704753 2481.299333 0.032951 0.803892 -0.593862 0.605060 0.456884 0.652042 -0.795497 0.380808 0.471348
3.947090 -32.707593 -11.588427 3003.409161 0.079465 0.833757 -0.546383 0.648591 0.372983 0.663486 -0.756978 0.407103 0.511128
3.789801 -28.460464 112.035272 3187.838617 0.024664 0.806420 -0.590828 0.665821 0.427600 0.611425 -0.745703 0.408466 0.526385
9.609371 -36.135766 913.904489 2484.277924 -0.064485 0.738097 -0.671606 0.577509 0.576460 0.578081 -0.813834 0.350581 0.463430
-1.527197 -44.603078 910.298564 376.997382 -0.346188 0.926176 -0.149505 -0.850819 -0.242798 0.466000 -0.395299 -0.288525 -0.872062
-2.076524 -44.236481 920.947202 525.865783 -0.234328 0.954299 -0.185480 -0.868776 -0.119944 0.480459 -0.436255 -0.273726 -0.857179
3.920708 -45.756331 1922.936487 133.930253 -0.280374 0.943187 -0.178294 -0.829983 -0.144901 0.538640 -0.482203 -0.299002 -0.823455
12.463431 -48.605057 3314.117004 834.203892 -0.398913 0.909586 -0.116279 -0.787293 -0.274714 0.551998 -0.470146 -0.311745 -0.825698
6.347432 -47.441507 3947.522507 -665.876559 -0.464678 0.882665 -0.070552 -0.797125 -0.382287 0.467385 -0.385573 -0.273422 -0.881234
45.314113 -39.024990 -9715.566918 1400.636735 0.636718 0.734540 0.234607 -0.098261 0.379061 -0.920140 0.764810 -0.562817 -0.313531
53.391015 -38.484810 229.390102 367.642104 0.427179 0.863834 0.267039 -0.126925 0.349709 -0.928221 0.895214 -0.362622 -0.259030
49.147191 -36.914708 -1846.321222 -749.254749 0.488116 0.841615 0.231145 -0.208354 0.369545 -0.905552 0.847545 -0.393855 -0.355734
38.547922 -36.919649 -9806.328478 -1747.067542 0.634514 0.744908 0.206167 -0.191228 0.409746 -0.891930 0.748882 -0.526518 -0.402437
18.003171 -93.017231 -2564.500680 8326.517014 -0.196346 0.877807 0.436925 0.980526 0.177635 0.083750 -0.004097 0.444861 -0.895590
19.195233 -80.671180 -1152.458620 10058.143930 -0.138450 0.895886 0.422162 0.981712 0.067908 0.177846 0.130662 0.439065 -0.888904
21.780998 -80.612966 -1237.612606 8119.621768 -0.168755 0.870217 0.462865 0.966617 0.054253 0.250417 0.192806 0.489672 -0.850322
19.484336 -94.302322 -340.249851 8545.447020 -0.222960 0.838684 0.496888 0.974827 0.191063 0.114926 0.001450 0.510003 -0.860171
21.721098 -85.686402 1398.618427 6793.401660 -0.220394 0.810123 0.543256 0.960474 0.083150 0.265660 0.170046 0.580333 -0.796428
20.916389 -101.581859 -396.622776 4886.815705 -0.266230 0.700521 0.662111 0.215622 0.712776 -0.667426 -0.939483 -0.034924 -0.340810
16.711927 -99.225942 -3737.512512 4504.678624 -0.330304 0.684747 0.649632 0.248386 0.727060 -0.640069 -0.910606 -0.050058 -0.410232
16.890993 -92.788354 -1913.661241 -3327.273426 -0.270573 0.727269 0.630769 -0.410238 -0.679845 0.607878 -0.870916 0.094290 -0.482301
22.479725 -105.580010 -1756.987403 1127.328057 -0.299702 0.686229 0.662773 0.000255 0.694764 -0.719238 -0.954033 -0.215388 -0.208397
3.302514 -42.572863 -2060.006508 2286.994181 -0.037948 -0.825413 -0.563253 0.976021 -0.151519 0.156285 -0.214343 -0.543816 0.811370
1.714551 -46.976662 -1130.439516 1178.924832 0.008580 -0.831504 -0.555453 0.950414 -0.165905 0.263038 -0.310870 -0.530167 0.788850
3.004916 -44.852005 -1729.082531 2165.990987 -0.023493 -0.830793 -0.556086 0.983329 -0.119525 0.137029 -0.180309 -0.543596 0.819751
3.569749 -45.604776 -473.233265 -156.729346 -0.014496 -0.824747 -0.565317 0.994935 -0.068140 0.073898 -0.099468 -0.561382 0.821557
4.169288 -44.504405 -1329.791559 1248.562752 -0.031816 -0.822347 -0.568096 0.989548 -0.105899 0.097874 -0.140647 -0.559045 0.817121
16.080924 -33.529336 10142.185158 2204.190646 -0.033743 0.988344 -0.148451 0.534113 0.143379 0.833166 -0.844739 0.051176 0.532726
53.986467 -29.508910 17328.968670 2682.194852 -0.075612 0.980296 -0.182490 0.546346 0.193826 0.814823 -0.834139 0.038093 0.550237
36.472031 -35.593249 17098.972616 1241.104416 -0.017019 0.981810 -0.189100 0.472368 0.174586 0.863938 -0.881237 0.074622 0.466747
6.815287 -38.377843 7980.405804 425.814406 -0.042964 0.986614 -0.157313 0.419598 0.160718 0.893369 -0.906693 0.027626 0.420886
-7.251313 -37.544958 4353.903348 1677.483327 -0.038563 0.996309 -0.076691 0.507816 0.085639 0.857198 -0.860602 0.005889 0.509245
-4.840103 -31.566442 3162.127424 3793.067425 -0.028730 0.998846 -0.038487 0.595324 0.048028 0.802049 -0.802972 -0.000130 0.596017
38.062283 -26.679088 13901.794605 -1129.835209 0.563539 0.805957 0.181267 0.303835 -0.406265 0.861761 -0.768185 0.430561 0.473824
18.890536 -19.858555 3194.559748 571.283919 0.574879 0.767677 0.283171 0.281522 -0.510515 0.812478 -0.768284 0.387358 0.509602
18.756279 -22.684203 7862.678303 -1293.769428 0.492563 0.864666 0.098663 0.422328 -0.336616 0.841623 -0.760934 0.372884 0.530977
41.335981 -32.975599 14645.091431 -3656.092895 0.430097 0.902279 0.030136 0.447683 -0.242150 0.860781 -0.783962 0.356728 0.508083
7.429076 -118.028201 -206.747086 -3676.003270 0.845824 0.482802 0.226903 -0.482820 0.511945 0.710491 -0.226864 0.710504 -0.666121
3.814784 -122.208164 -263.740130 -6576.450067 0.860565 0.455023 0.228870 -0.489796 0.616009 0.616955 -0.139742 0.643029 -0.752984
7.031123 -128.206901 -90.302227 455.459480 0.845559 0.474712 0.244290 -0.441582 0.364695 0.819758 -0.300058 0.801028 -0.517996
5.955241 -111.575851 126.801235 -6093.781677 0.854630 0.468809 0.223219 -0.506241 0.656729 0.558951 -0.115447 0.590699 -0.798591
10.552470 -120.302502 1367.389713 -2464.037786 0.840347 0.480624 0.250634 -0.452464 0.367356 0.812604 -0.298485 0.796272 -0.526172
8.761234 -114.115667 1429.005933 -3150.128777 0.843755 0.477513 0.245068 -0.498432 0.527727 0.687801 -0.199105 0.702485 -0.683280
-16.320142 -86.088021 983.491374 9658.973738 -0.112712 0.792871 0.598875 0.815806 -0.270231 0.511307 -0.567236 -0.546196 0.616371
-15.554634 -105.194812 2340.850035 5532.676338 -0.129219 0.826561 0.547814 0.613039 -0.367635 0.699305 -0.779414 -0.426194 0.459208
-19.092945 -109.380288 2194.295015 7933.087339 -0.137800 0.813135 0.565528 0.668209 -0.345139 0.659072 -0.731101 -0.468711 0.495784
4.963392 -113.655080 -1412.538963 -2331.504482 0.788456 0.573179 0.223168 -0.467372 0.322405 0.823176 -0.399877 0.753340 -0.522090
-0.957440 -121.996109 -1871.651340 -1806.973714 0.775620 0.588911 0.227152 -0.415707 0.205793 0.885911 -0.474976 0.781558 -0.404431
0.162365 -115.014360 -2173.614080 -4033.815025 0.783892 0.583979 0.210907 -0.527028 0.446233 0.723269 -0.328260 0.678119 -0.657572
6.173807 -108.396799 -1028.735470 -2932.810969 0.800622 0.558520 0.216932 -0.536702 0.507539 0.674058 -0.266373 0.656094 -0.706106
8.062210 -112.906897 -2174.710847 -1824.010821 0.793267 0.571285 0.210622 -0.496890 0.407482 0.766198 -0.351892 0.712455 -0.607107
9.016191 -117.837429 -2293.290858 -2484.453814 0.785494 0.578020 0.221115 -0.423011 0.240670 0.873579 -0.451730 0.779725 -0.433553
-1.815541 -212.517600 535.290051 -27789.315661 0.818583 0.251395 0.516452 0.566039 -0.505821 -0.650957 -0.097585 -0.825194 0.556356
1.106523 -233.942711 59.651407 -21441.010991 0.801550 0.245571 0.545171 0.594116 -0.224323 -0.772467 0.067401 -0.943066 0.325704
2.440001 -202.983411 670.165071 -20723.068028 0.805652 0.257170 0.533655 0.583230 -0.502142 -0.638511 -0.103764 -0.825662 0.554541
1.565255 -233.232875 562.522555 -32056.160183 0.797155 0.265897 0.542072 0.592591 -0.516555 -0.618067 -0.115668 -0.813922 0.569343
-670.364773 -5718.718670 -266252.747238 -10962291.935101 -0.783381 -0.619724 -0.047507 -0.592725 0.767878 -0.242982 0.187061 -0.162189 -0.968867
-2823.568265 -142174.997758 633123.226287 35593930.220960 0.355018 0.628184 0.692349 -0.066169 0.755619 -0.651660 -0.932515 0.185539 0.309825
-339.582386 -1893.842031 -15763392.890870 11696728.582276 0.987976 0.131506 0.081296 -0.152698 0.747646 0.646304 -0.024213 0.650947 -0.758737
-554.950332 -13147.500656 -121827.983676 -2063011.074919 -0.689834 -0.507441 -0.516365 -0.015039 0.723133 -0.690545 0.723811 -0.468596 -0.506473
16.904813 -41.432744 811.539271 -4624.296069 0.814886 -0.191164 0.547190 -0.015292 0.936629 0.349989 -0.579419 -0.293569 0.760323
20.299577 -46.988261 2003.200936 -913.456396 0.796324 -0.047677 0.602988 -0.035919 0.991402 0.125824 -0.603802 -0.121856 0.787765
11.688219 -55.576274 5115.137671 -808.041134 0.843446 -0.051457 0.534744 -0.042850 0.985786 0.162447 -0.535503 -0.159929 0.829253
19.749939 -33.950516 -589.303591 -5485.814299 0.757528 -0.097408 0.645494 -0.084673 0.965790 0.245112 -0.647288 -0.240335 0.723366
20.218306 -22.816535 792.370712 -2976.560564 0.776698 -0.504015 0.377769 0.191896 0.760588 0.620227 -0.599930 -0.409237 0.687465
16.943312 -25.354381 -2373.933912 -6965.345079 0.785363 -0.285618 0.549207 0.007476 0.891508 0.452943 -0.618991 -0.351619 0.702292
-5.868736 -33.262276 -1199.949115 -2090.254695 0.599297 0.731339 0.325557 0.775524 -0.631245 -0.009568 0.198509 0.258211 -0.945474
-3.830155 -31.147119 -674.065369 -965.085517 0.571292 0.753752 0.324782 0.806846 -0.588294 -0.053936 0.150413 0.292863 -0.944250
-5.518605 -29.493799 79.363646 -1019.721498 0.493560 0.798753 0.344083 0.857209 -0.513617 -0.037291 0.146940 0.313356 -0.938198
-9.023679 -31.676217 -362.665209 -1889.082634 0.500856 0.793041 0.346740 0.839684 -0.542374 0.027584 0.209938 0.277336 -0.937556
-6.434299 -28.776719 261.866729 -1204.811797 0.374684 0.856001 0.356195 0.913442 -0.406640 0.016374 0.158859 0.319229 -0.934268
-2.861970 -29.051677 768.182727 305.362176 0.370630 0.857437 0.356980 0.923556 -0.380947 -0.043865 0.098379 0.345949 -0.933081
0.776108 -57.479006 5058.265323 -2283.977083 0.193635 0.932229 0.305703 -0.406259 -0.207438 0.889901 -0.893006 0.296511 -0.338559
-2.177322 -58.030231 6027.114204 1104.840637 0.211128 0.929218 0.303281 -0.288662 -0.237164 0.927592 -0.933862 0.283387 -0.218158
11.683565 -52.281044 4461.241973 1488.660379 0.155648 0.922869 0.352258 -0.326615 -0.288467 0.900061 -0.932254 0.255145 -0.256523
10.265579 -112.558780 -4649.327607 9262.209084 0.039149 0.901882 0.430205 0.942625 0.109520 -0.315378 -0.331550 0.417869 -0.845849
11.522990 -155.038217 -4197.821564 -12701.533329 0.081218 0.896640 0.435247 -0.812506 -0.193360 0.549951 -0.577268 0.398307 -0.712821
2.774890 -141.705615 -1894.490447 2560.256026 0.012467 0.882867 0.469457 0.908758 0.185855 -0.373653 -0.417137 0.431281 -0.799996
-53.355628 -78.816760 -839.615845 2694.347079 0.107180 -0.947342 0.301753 0.976309 0.157663 0.148200 -0.187971 0.278720 0.941797
-46.119429 -74.173002 22.031558 4167.211188 -0.163088 -0.914232 0.370919 0.975629 -0.093503 0.198508 -0.146801 0.394254 0.907201
-40.097461 -65.833409 -233.748486 4802.893040 -0.362904 -0.854915 0.370703 0.931803 -0.335787 0.137808 0.006663 0.395433 0.918471
-37.224287 -73.504402 -9015.707417 -926.609751 -0.154943 0.984996 -0.075999 0.595460 0.154497 0.788389 -0.788302 -0.076901 0.610464
8.309585 -84.627263 -24066.547171 -10729.435460 -0.208015 0.977102 0.044738 0.551793 0.079459 0.830187 -0.807623 -0.197378 0.555686
33.312905 -110.275963 -24262.029233 25057.305677 -0.178704 0.983557 0.026099 0.789444 0.127503 0.600434 -0.587233 -0.127904 0.799249
-44.912491 -64.322114 -371.296286 2519.193562 0.737871 -0.567193 -0.365839 0.479826 0.059622 0.875335 0.474672 0.821424 -0.316148
8.928216 -14.920810 944.846803 174.096713 -0.080648 0.830839 -0.550639 0.834568 0.358333 0.418442 -0.544970 0.425799 0.722290
7.433908 -14.100663 -94.323571 383.443745 -0.139357 0.822213 -0.551856 0.847948 0.386911 0.362332 -0.511433 0.417452 0.751113
-6.243676 -41.011960 -2883.543790 117.487269 -0.114509 0.983091 0.142896 0.675231 0.182529 -0.714665 0.728664 -0.014652 0.684714
-4.123917 -38.447179 -2856.778608 805.221541 -0.122838 0.979502 0.159645 0.602491 0.201430 -0.772289 0.788616 -0.001318 0.614884
-9.762549 -39.494861 -1736.528550 1364.269598 -0.160652 0.973493 0.162793 0.586718 0.226821 -0.777376 0.793696 0.029373 0.607605
-8.576935 -38.225236 -1658.860848 1265.136910 -0.171489 0.965853 0.194214 0.518922 0.256126 -0.815549 0.837444 0.039076 0.545125
-3.220845 -36.706913 -2172.546635 887.285450 -0.139197 0.974035 0.178552 0.524854 0.225466 -0.820788 0.839734 0.020537 0.542610
-18.270758 -40.997949 3917.012822 1178.802078 -0.494350 0.574678 -0.652199 0.551158 0.787412 0.276056 0.672193 -0.222996 -0.705996
-13.205240 -38.739423 5491.045795 1469.367473 -0.579492 0.497164 -0.645768 0.450678 0.855684 0.254351 0.679028 -0.143639 -0.719923
-16.389713 -36.817714 4691.940018 1547.281171 -0.575408 0.496311 -0.650062 0.387494 0.865392 0.317718 0.720245 -0.069078 -0.690272
-26.571116 -37.684692 1558.274315 10.011855 -0.385514 0.770105 -0.508250 -0.515707 -0.636595 -0.573404 0.765131 -0.041053 -0.642565
2.038874 -45.565786 -683.805387 -1054.645434 0.070336 0.971987 -0.224264 -0.679265 0.211312 0.702813 -0.730515 -0.102901 -0.675099
2.244803 -47.625467 -1019.874026 -797.896004 0.047469 0.978013 -0.203070 -0.590780 0.191418 0.783797 -0.805435 -0.082764 -0.586877
0.863407 -46.160354 192.683994 -778.767454 0.060986 0.977794 -0.200499 -0.621755 0.194355 0.758714 -0.780834 -0.078390 -0.619801
0.313686 -43.998010 182.700275 -875.070535 0.080002 0.972330 -0.219486 -0.686275 0.213423 0.695325 -0.722929 -0.095001 -0.684360
1.356079 -43.727478 -320.015681 -498.848786 0.095898 0.965322 -0.242809 -0.746073 0.231184 0.624443 -0.658922 -0.121271 -0.742371
3.416448 -45.731613 -857.282304 -714.688550 0.087174 0.968002 -0.235316 -0.731652 0.222524 0.644336 -0.676082 -0.116000 -0.727638
-9.722333 -109.715575 -2335.703617 5472.837817 0.030714 0.994992 -0.095122 -0.831563 0.078239 0.549892 -0.554580 -0.062211 -0.829802
-2.030644 -117.375537 -5183.774987 4061.225112 -0.013845 0.994513 -0.103688 -0.850488 0.042819 0.524248 -0.525812 -0.095444 -0.845229
-8.703679 -103.616727 -1698.586245 8344.106092 0.001470 0.997582 -0.069483 -0.707566 0.050138 0.704866 -0.706646 -0.048128 -0.705929
-8.447328 -96.773758 1469.159984 7507.983798 0.052984 0.997955 -0.035768 -0.712692 0.062879 0.698653 -0.699473 0.011526 -0.714566
-10.680918 -87.144487 1514.083572 -3021.768535 -0.079936 0.953514 0.290555 0.309339 0.300826 -0.902116 0.947586 -0.017769 0.319006
-10.608861 -81.014320 805.418940 -3022.182836 -0.034547 0.960864 0.274860 0.401817 0.265170 -0.876486 0.915068 -0.080163 0.395252
-11.933858 -85.349023 514.285162 -1983.567119 -0.035687 0.956050 0.291024 0.212580 0.291807 -0.932555 0.976492 -0.028586 0.213651
-13.167078 -84.422438 -349.826063 -1823.741461 0.002090 0.958546 0.284931 0.278715 0.273082 -0.920730 0.960372 -0.081339 0.266590
-13.046488 -92.080349 1685.180458 -2570.461064 -0.075853 0.943562 0.322393 0.063751 0.327252 -0.942784 0.995079 0.050960 0.084976
-13.071937 -87.549931 -172.504785 -2331.634064 -0.022114 0.954242 0.298216 0.063404 0.299027 -0.952136 0.997743 0.002147 0.067116
-14.881449 -89.233260 -967.161031 -2216.802304 0.012560 0.956561 0.291260 0.065247 0.289878 -0.954837 0.997790 -0.030997 0.058771
-6.418868 -37.619766 -1492.228690 3756.959356 -0.172388 0.934633 0.311036 -0.057622 -0.324791 0.944029 -0.983342 -0.144817 -0.109845
1.999080 -75.564312 -1918.877893 11469.407311 -0.133929 0.983195 0.124060 -0.239283 -0.153568 0.958729 -0.961669 -0.098716 -0.255829
1.096858 -54.998600 -1551.273502 7972.400531 -0.153814 0.951786 0.265414 -0.063474 -0.277573 0.958605 -0.986059 -0.130600 -0.103109
-2.368076 -41.127405 -1065.750966 4232.177374 -0.161239 0.929260 0.332383 -0.034482 -0.341889 0.939108 -0.986313 -0.139959 -0.087168
17.957524 -25.085246 3382.093187 -3514.018690 -0.851238 -0.007659 -0.524725 -0.209340 0.921848 0.326148 0.481218 0.387475 -0.786315
25.242247 -16.876922 3459.763853 -2729.536647 -0.835062 -0.048813 -0.547987 -0.229131 0.936415 0.265754 0.500171 0.347482 -0.793149
-4.543139 -80.064585 844.185684 -2383.405656 0.713126 -0.314288 0.626637 0.342505 -0.623726 -0.702607 -0.611671 -0.715674 0.337150
-4.562566 -90.603442 910.683577 -7611.483262 0.687243 -0.269189 0.674711 0.432470 -0.594659 -0.677754 -0.583667 -0.757574 0.292259
-2.015685 -81.305056 -43.151264 1169.293406 0.704895 -0.304242 0.640750 0.309155 -0.681244 -0.663573 -0.638394 -0.665840 0.386148
-7.695583 -98.613394 903.416988 -12018.815632 0.683696 -0.273572 0.676548 0.483145 -0.525116 -0.700588 -0.546928 -0.805861 0.226845
-0.865635 -78.875608 178.205061 -4457.744629 0.729148 -0.356783 0.583994 -0.198115 0.706763 0.679144 -0.655052 -0.610894 0.444651
-7.199013 -86.774004 1106.063677 -8909.602070 0.712788 -0.314535 0.626898 0.394089 -0.559771 -0.728938 -0.580195 -0.766632 0.275043
-3.305654 -75.585977 402.894308 494.724941 0.733244 -0.370504 0.570158 0.248077 -0.634947 -0.731642 -0.633096 -0.677916 0.373657
-2.138193 -65.491364 601.438157 2928.096050 0.163285 0.983307 0.080281 0.941994 -0.131202 -0.308923 0.293233 -0.126067 0.947693
25.174052 -40.744932 -548.793152 -1356.568114 0.361233 0.846090 -0.391974 0.767887 -0.031434 0.639814 0.529018 -0.532113 -0.661056
-4.739276 -108.410874 -666.748845 2593.277241 0.708310 -0.154287 0.688834 0.101751 0.987947 0.116655 -0.698530 -0.012538 0.715471
-4.288027 -219.549021 726.505906 -14484.651039 0.769264 -0.266158 0.580856 0.291102 -0.663267 -0.689446 -0.568764 -0.699454 0.432748
-5.133124 -211.102128 -155.704236 8473.838411 0.745743 -0.274949 0.606853 0.508004 -0.354653 -0.784954 -0.431045 -0.893658 0.124805
-16.097698 -115.301382 217.118212 -77.197218 0.775199 -0.380233 0.504469 -0.590895 -0.154031 0.791908 0.223405 0.911974 0.344082
-683.198118 -4346.070658 100548.764634 -624422.078181 -0.303769 -0.483241 -0.821099 0.937960 -0.000439 -0.346744 0.167201 -0.875487 0.453394
13.356709 -64.914985 -2419.263189 -3232.001373 -0.431616 -0.852297 0.295460 0.901515 -0.418915 0.108537 0.031267 0.313208 0.949170
6.496542 -64.218353 -3384.263633 -2438.775417 -0.422714 -0.845616 0.325954 0.903244 -0.422443 0.075439 0.073905 0.326306 0.942371
2.501595 -60.558019 -2959.060841 -2680.012701 -0.438576 -0.837162 0.326819 0.898605 -0.403384 0.172599 -0.012660 0.369379 0.929193
-12.884893 -38.497203 2484.414483 -2390.939291 0.007064 0.973588 0.228201 -0.353964 0.215866 -0.910006 0.935232 0.074347 -0.346140
-16.516276 -44.087863 143.573802 -2005.632313 -0.016101 0.999778 0.013554 -0.375687 0.006514 -0.926724 0.926607 0.020013 -0.375499
-2.916141 -23.498649 1064.077667 1928.198361 -0.454670 0.830947 0.320629 -0.424550 0.114264 -0.898165 0.782964 0.544492 -0.300826
-0.416785 -17.750937 769.202200 2236.694951 -0.451555 0.833250 0.319050 -0.470363 0.081552 -0.878697 0.758193 0.546849 -0.355105
1.321974 -20.153543 1179.925741 2158.297007 -0.461461 0.834649 0.300692 -0.448610 0.072876 -0.890752 0.765378 0.545940 -0.340802
-3.561154 -18.518724 1121.551139 2243.557921 -0.423872 0.824478 0.374925 -0.493713 0.136715 -0.858811 0.759329 0.549131 -0.349106
1.275718 -25.568531 1596.042570 1809.901905 -0.493690 0.837079 0.235730 -0.363496 0.047623 -0.930378 0.790026 0.545005 -0.280764
-3.197223 -28.605721 1628.307348 1686.358229 -0.482825 0.834751 0.264710 -0.336178 0.102438 -0.936211 0.808619 0.541015 -0.231165
-7.882845 -29.312669 797.245693 1661.820873 -0.410498 0.817527 0.403907 -0.397049 0.238501 -0.886267 0.820880 0.524181 -0.226694
-6.039958 -24.755233 896.277193 2053.753873 -0.394748 0.813732 0.426633 -0.465334 0.223319 -0.856501 0.792236 0.536628 -0.290502
-2.690286 -12.544128 -510.432619 1178.180132 -0.617163 0.231399 -0.752040 -0.283120 0.826454 0.486638 0.734134 0.513252 -0.444543
-4.142700 -8.828052 -343.654329 1563.034077 -0.573069 0.118880 -0.810838 -0.388420 0.831826 0.396478 0.721610 0.542155 -0.430519
-3.942075 -7.336543 -185.592448 1941.603809 -0.644138 0.308208 -0.700067 -0.253583 0.777426 0.575590 0.721652 0.548284 -0.422614
-3.166984 -11.068771 -252.107247 1103.989354 -0.647768 0.341291 -0.681115 -0.206177 0.782145 0.587997 0.733408 0.521316 -0.436282
-4.445969 -5.342604 -575.102928 1031.724029 -0.265781 -0.334606 -0.904101 -0.648171 0.756237 -0.089337 0.713607 0.562268 -0.417875
-4.628034 -7.774709 -514.807599 898.521930 -0.374773 -0.215887 -0.901631 -0.598103 0.799375 0.057205 0.708392 0.560706 -0.428707
-4.378521 -6.427521 -1199.597418 -162.737177 -0.141017 -0.469764 -0.871456 -0.688330 0.679197 -0.254741 0.711559 0.563927 -0.419131
67.355099 -83.866232 -197.879045 7385.074976 -0.180988 0.880895 0.437342 -0.093524 -0.458086 0.883974 -0.979028 -0.119087 -0.165293
78.997751 -96.929218 -9481.433917 3557.821462 -0.188701 0.871286 0.453049 -0.347402 -0.490732 0.799058 -0.918533 0.006607 -0.395288
75.351187 -103.049809 -7707.276606 1945.504018 -0.313050 0.892444 0.324875 -0.473152 -0.443147 0.761412 -0.823485 -0.084645 -0.560989
36.226891 -53.772885 -14065.347497 -98.325011 -0.761280 0.591069 0.266626 -0.149795 -0.560380 0.814577 -0.630884 -0.580182 -0.515145
54.558690 -58.756408 -11760.422925 451.768501 -0.717838 0.617178 0.322181 -0.047360 -0.504979 0.861831 -0.694598 -0.603397 -0.391723
30.713409 -50.953592 26376.410324 1137.531497 0.837373 -0.456052 -0.301370 0.027331 0.585562 -0.810167 -0.545949 -0.670175 -0.502798
5.741100 -45.310276 1188.349121 2984.761927 0.131737 0.850283 -0.509573 0.529426 0.374247 0.761346 -0.838065 0.370079 0.400860
1.535271 -40.855792 1603.335103 2932.960303 0.181472 0.863017 -0.471455 0.580640 0.292893 0.759651 -0.793678 0.411601 0.447951
3.576063 -35.921066 -158.160437 2968.724323 0.127042 0.856114 -0.500928 0.629624 0.320628 0.707652 -0.766443 0.405298 0.498296
0.972484 -49.302226 3203.355306 2931.798953 0.182562 0.857777 -0.480510 0.474847 0.351022 0.807034 -0.860925 0.375503 0.343230
10.163342 -52.990784 1601.168884 2658.590033 0.134504 0.848238 -0.512251 0.409332 0.423219 0.808290 -0.902417 0.318399 0.290286
23.794036 -1.172803 727.576790 -8396.915463 0.442202 0.733950 0.515533 -0.317016 0.665583 -0.675649 0.839022 -0.135341 -0.526996
22.029533 -18.147582 581.531701 -6792.486273 0.283486 0.895704 0.342564 -0.485431 0.442103 -0.754256 0.827038 -0.047529 -0.560132
16.661093 -16.415622 -1506.404562 -4898.906832 0.357430 0.875791 0.324396 -0.503114 0.473194 -0.723162 0.786842 -0.095272 -0.609757
25.185777 -6.992295 2336.457282 -11122.177015 0.259749 0.866029 0.427229 -0.399418 0.499146 -0.768972 0.879202 -0.029097 -0.475560
15.451182 -8.915785 -1305.118188 -4817.913363 0.516825 0.714304 0.471871 -0.354713 0.680327 -0.641353 0.779148 -0.164089 -0.604983
37.528214 16.477334 -9638.905023 -6743.855705 -0.459368 -0.445338 -0.768541 -0.122744 0.888759 -0.441634 0.879724 -0.108539 -0.462930
-5.737660 -35.410474 -1447.206228 -1089.666289 -0.028169 0.964204 0.263662 -0.435642 -0.249242 0.864925 -0.899679 0.090498 -0.427068
-5.437546 -34.372276 -1366.459118 -2382.058132 -0.032937 0.962550 0.269095 -0.522943 -0.246043 0.816084 -0.851731 0.113842 -0.511463
-1.983685 -37.119828 -1284.473575 -1245.849626 -0.034982 0.966270 0.255145 -0.438214 -0.244280 0.865041 -0.898190 0.081547 -0.431978
-8.310031 -36.995742 -1344.590207 -2434.158619 -0.051610 0.941968 0.331713 -0.512021 -0.310136 0.801031 -0.857421 0.128502 -0.498313
-3.182249 -37.851541 -1309.521881 201.978206 -0.028040 0.969208 0.244644 -0.356934 -0.238314 0.903219 -0.933709 0.061995 -0.352626
-6.395280 -39.866079 -2017.710783 -63.984401 -0.034224 0.967565 0.250294 -0.337834 -0.246899 0.908245 -0.940583 0.053474 -0.335326
-8.705057 -37.317011 -1541.253873 -1655.858388 -0.028396 0.954461 0.296980 -0.424888 -0.280449 0.860708 -0.904801 0.101743 -0.413502
-4.295740 -58.787080 -980.447021 783.897514 -0.023190 0.974015 0.225294 0.986940 0.058238 -0.150192 -0.159410 0.218869 -0.962645
-2.740437 -59.992446 -1016.012560 -1376.441208 -0.011232 0.976610 0.214726 0.998158 0.023754 -0.055825 -0.059620 0.213703 -0.975078
-3.192161 -59.394360 -812.584285 583.409122 -0.044017 0.973572 0.224100 0.988748 0.074555 -0.129688 -0.142968 0.215870 -0.965899
15.856127 -92.163088 -1901.407141 6780.345870 -0.164371 0.892357 0.420334 0.985244 0.169134 0.026211 -0.047703 0.418440 -0.906991
14.134486 -87.057483 87.259200 5243.530211 -0.117953 0.901998 0.415315 0.992465 0.121051 0.018965 -0.033168 0.414423 -0.909480
13.018770 -97.090787 -1990.960405 2864.478120 -0.205272 0.878520 0.431354 0.953600 0.278718 -0.113855 -0.220250 0.387968 -0.894970
