19253
38499
-20.230965 -31.208258 128.340834 1967.341505 0.800405 0.425337 -0.422422 -0.556461 0.265110 -0.787443 0.222940 -0.865335 -0.448879
-21.422471 -35.340964 -107.136921 2030.112273 0.769949 0.471941 -0.429478 -0.558185 0.171990 -0.811695 0.309206 -0.864692 -0.395854
-26.185082 -41.041463 378.780799 1846.136081 0.922503 0.357291 -0.146052 -0.236295 0.223555 -0.945615 0.305209 -0.906844 -0.290656
-19.227745 -29.054796 74.906003 -1604.678173 0.559411 0.567254 -0.604386 0.773281 -0.094577 0.626971 0.298491 -0.818094 -0.491554
-22.763326 -44.973702 45.801312 4184.476727 0.970003 0.242340 -0.019136 -0.110267 0.368469 -0.923077 0.216647 -0.897497 -0.384138
-16.911099 -33.419890 -973.546078 3584.180514 0.961712 0.224650 -0.156979 -0.244472 0.444326 -0.861863 0.123868 -0.867241 -0.482235
-16.564798 -24.666474 132.798927 -1301.419738 0.621946 0.482336 -0.616875 0.771902 -0.245123 0.586585 0.131721 -0.840992 -0.524769
-16.376513 -25.154339 410.493487 -458.417325 0.379765 0.573540 -0.725831 0.898956 -0.043645 0.435859 0.218303 -0.818014 -0.532162
27.011568 -11.431569 1286.224008 1274.792987 -0.823765 0.021403 0.566527 -0.143862 0.958687 -0.245404 -0.548374 -0.283657 -0.786654
28.214681 -24.686504 -51.290370 1075.675528 -0.825918 0.098884 0.555050 -0.128952 0.925268 -0.356722 -0.548844 -0.366198 -0.751444
36.401288 -21.716958 -776.289610 1756.296923 -0.900713 0.027065 0.433570 -0.099835 0.958447 -0.267230 -0.422787 -0.283983 -0.860584
13.695803 -26.258465 3242.992234 4722.529812 -0.734272 0.056279 0.676519 -0.123970 0.968683 -0.215137 -0.667440 -0.241837 -0.704300
36.419025 -20.845090 1440.843063 367.182704 -0.861863 -0.085087 0.499953 -0.155366 0.982723 -0.100583 -0.482756 -0.164365 -0.860192
15.388055 -3.624629 -382.729508 1116.189065 -0.794584 0.301411 0.527056 0.055657 0.900580 -0.431113 -0.604598 -0.313221 -0.732361
-6.283572 -59.650868 2911.995260 -14465.308901 0.916403 0.254900 -0.308598 -0.400257 0.582458 -0.707486 0.000593 -0.771861 -0.635791
2.464018 -40.919328 -2165.148321 -7167.112536 0.906825 0.204602 -0.368518 -0.400094 0.692935 -0.599805 -0.132638 -0.691360 -0.710231
-4.035995 -15.779762 109.843841 -4183.480519 0.985690 -0.157660 -0.059651 0.057581 0.647503 -0.759884 -0.158427 -0.745576 -0.647316
-4.390570 -15.526386 269.674887 -6561.320870 0.937130 -0.313693 0.152920 0.304931 0.522935 -0.795963 -0.169721 -0.792550 -0.585713
21.824448 -621.242161 396.730784 -150423.312751 0.942660 -0.005748 -0.333705 -0.285663 0.503158 -0.815616 -0.172594 -0.864175 -0.472665
-12.065289 -110.669724 4933.435149 -27711.762116 0.910515 0.295339 -0.289376 -0.410577 0.563060 -0.717210 0.048884 -0.771841 -0.633934
2.658968 -5.845420 -75.283542 -958.376191 0.923987 0.026314 -0.381518 -0.212855 -0.793428 -0.570233 0.317712 -0.608095 0.727515
2.756626 -5.625736 71.712105 -1469.245877 0.754791 -0.320941 -0.572091 -0.588086 -0.717438 -0.373413 0.290596 -0.618287 0.730256
1.323003 -0.818950 416.817373 128.714745 0.916234 0.396277 -0.058993 0.258620 -0.697449 -0.668341 0.305993 -0.597100 0.741512
21.634984 -26.159963 -3000.524176 1250.497255 -0.688402 0.667509 -0.283785 0.721703 0.591284 -0.359901 -0.072439 -0.452565 -0.888784
45.614118 -27.229144 -7124.726930 264.912501 -0.643893 0.684683 -0.341484 0.745226 0.460121 -0.482625 -0.173321 -0.565241 -0.806512
16.070694 -24.985503 5524.278466 290.776779 0.800471 -0.510895 0.313419 0.598347 0.650594 -0.467663 -0.035018 -0.561884 -0.826474
9.502955 -24.070035 4597.089842 1277.903527 0.758240 -0.555435 0.341414 0.649871 0.685923 -0.327379 0.052346 -0.470107 -0.881056
13.400887 -22.249238 -1318.773588 1456.886488 -0.683863 0.682076 -0.259044 0.729533 0.634092 -0.256335 -0.010582 -0.364280 -0.931229
33.467746 -12.908128 -6456.704123 -957.069288 -0.660122 0.585447 -0.470627 0.076046 0.675403 0.733518 0.747299 0.448422 -0.490370
45.434531 -15.549430 -7116.453508 102.185314 -0.700056 0.463244 -0.543439 0.003764 0.763409 0.645904 0.714078 0.450123 -0.536173
17.677369 -7.932436 -5988.644219 -332.939474 -0.608795 0.528778 -0.591407 0.000974 0.745974 0.665974 0.793327 0.404866 -0.454660
11.972727 -8.435998 -5023.822613 1433.009470 -0.587240 0.663129 -0.464121 -0.116342 -0.636603 -0.762365 0.801008 0.393695 -0.450989
-3.009309 -5.529510 -2536.047397 779.340905 -0.505147 0.849042 -0.154770 -0.321802 -0.351701 -0.879062 0.800794 0.394250 -0.450884
-0.401264 -5.258776 -1667.789375 -607.606629 -0.447051 -0.055119 -0.892809 -0.379822 0.915350 0.133675 0.809865 0.398868 -0.430144
11.312197 -17.298446 -907.323093 585.388178 0.981856 -0.188849 -0.017150 0.187383 0.952398 0.240468 0.029078 0.239319 -0.970505
7.490873 -15.968198 -1523.175358 524.575341 0.970117 -0.227845 -0.083420 0.242281 0.928230 0.282292 -0.013114 0.294068 -0.955695
8.186506 -19.311807 -2117.755582 615.846752 0.974545 -0.204501 -0.091880 0.218917 0.956414 0.193255 -0.048355 0.208450 -0.976837
9.041862 -22.234433 -2827.846670 617.432612 0.974388 -0.192870 -0.115629 0.203319 0.975278 0.086567 -0.096074 0.107860 -0.989513
15.495356 -21.123746 -2055.299761 298.964327 0.981430 -0.188185 -0.037175 0.190894 0.977203 0.092921 -0.018841 0.098292 -0.994979
14.256870 -19.164751 -727.657437 321.712336 0.983082 -0.182080 0.019898 0.176266 0.969992 0.167470 0.049794 0.161130 -0.985676
-1.136620 -38.136766 60.400534 142.680140 0.678735 0.471154 -0.563323 0.040426 0.741936 0.669251 0.733270 -0.477017 0.484531
-1.596014 -37.345188 -74.333205 449.887124 0.678347 0.462316 -0.571059 0.033035 0.757248 0.652292 0.733998 -0.461346 0.498404
-1.352406 -39.542909 58.454330 1483.627770 0.677797 0.472206 -0.563571 -0.112592 0.824124 0.555106 0.726577 -0.312795 0.611756
-1.119450 -39.077357 -0.277624 -1880.781249 0.678105 0.448510 -0.582248 0.183469 0.663832 0.725028 0.711697 -0.598470 0.367860
-1.365189 -38.903636 307.964503 1433.733433 0.670923 0.480571 -0.564724 -0.117775 0.820963 0.558703 0.732114 -0.308337 0.607402
-1.189938 -37.849490 -137.377234 340.175012 0.696368 0.476366 -0.536793 -0.007899 0.752993 0.657981 0.717641 -0.453957 0.528124
-0.489963 -37.820606 -8.873381 -1617.062857 0.691101 0.468507 -0.550347 0.138481 0.661512 0.737038 0.709368 -0.585580 0.392292
-0.876212 -39.403987 179.535856 -1223.350815 0.677383 0.461021 -0.573247 0.204127 0.630860 0.748564 0.706742 -0.624080 0.333227
1.065426 -37.630027 -469.344993 1136.722322 0.304130 0.670921 -0.676292 0.373335 0.569190 0.732560 -0.876428 0.475276 0.077371
1.428962 -37.961860 -85.148942 907.135204 0.319465 0.645200 -0.694017 0.364025 0.592638 0.718517 -0.874888 0.482180 0.045542
1.756427 -36.386822 -188.818053 978.861816 0.318634 0.661127 -0.679252 0.443913 0.529079 0.723199 -0.837504 0.531965 0.124900
0.619123 -35.683110 -277.340147 1047.156118 0.325687 0.673081 -0.663996 0.468167 0.495339 0.731750 -0.821430 0.549182 0.153789
-0.304218 -37.962158 -227.835521 944.487149 0.329765 0.671000 -0.664089 0.343892 0.569729 0.746423 -0.879200 0.474519 0.042875
-11.480372 -35.671740 -310.885660 3953.196778 0.953550 0.251967 -0.165091 -0.163278 -0.028238 -0.986176 0.253146 -0.967324 -0.014214
-11.773835 -43.014302 -78.785906 4237.466433 0.973573 0.225188 -0.038035 -0.028053 -0.047361 -0.998484 0.226648 -0.973163 0.039792
-9.906923 -30.341924 55.501818 2769.519268 0.959310 0.239944 -0.148833 -0.154546 0.005061 -0.987973 0.236305 -0.970773 -0.041938
-1.823002 -51.760565 40.592356 -348.225949 0.878066 0.080629 -0.471698 -0.280661 0.885142 -0.371150 -0.387594 -0.458282 -0.799843
-1.866787 -48.773352 -22.323178 -1032.432091 0.880944 0.064354 -0.468824 -0.339836 0.775472 -0.532123 -0.329316 -0.628093 -0.705017
-1.578118 -52.436859 -11.107982 -646.198973 0.876038 0.083175 -0.475015 -0.289271 0.878758 -0.379614 -0.385848 -0.469965 -0.793885
-2.409333 -50.026600 201.815849 -467.001576 0.888294 0.087340 -0.450893 -0.305103 0.846033 -0.437195 -0.343286 -0.525927 -0.778174
-1.925993 -54.195296 152.482381 -333.385772 -0.868247 -0.095639 0.486827 -0.223525 0.951421 -0.211742 -0.442926 -0.292662 -0.847446
-2.281942 -52.308133 -25.837794 144.332551 -0.881023 -0.091197 0.464200 -0.234025 0.936786 -0.260124 -0.411133 -0.337810 -0.846672
-8.097749 -32.562465 201.405703 2322.380896 0.674864 0.323597 -0.663207 -0.595027 -0.292938 -0.748418 0.436465 -0.899707 0.005144
-7.898206 -27.005908 -149.636077 808.809237 0.687871 0.321135 -0.650927 -0.608727 -0.233210 -0.758330 0.395329 -0.917870 -0.035065
-7.854043 -31.163231 -205.547047 1404.366751 0.685059 0.339272 -0.644662 -0.584238 -0.272735 -0.764383 0.435156 -0.900283 -0.011376
-7.939045 -36.777316 117.779697 2142.967932 0.672765 0.338456 -0.657902 -0.545036 -0.374612 -0.750067 0.500323 -0.863200 0.067555
20.568346 -27.089411 -5737.580398 -1412.613769 -0.417413 -0.617978 0.666235 0.899786 -0.178536 0.398134 -0.127091 0.765655 0.630571
170.633691 -24.991470 -43043.926518 -1025.248445 -0.493654 -0.570101 0.656727 0.858737 -0.200247 0.471669 -0.137392 0.796797 0.588419
11.080774 -26.869278 -3316.417660 -1730.136049 -0.397883 -0.640746 0.656608 0.888224 -0.089872 0.450534 -0.229667 0.762475 0.604885
424.363443 -63.900111 -90358.715326 -5866.609748 -0.669628 -0.373858 0.641739 0.737236 -0.439189 0.513416 0.089900 0.816911 0.569715
-6.101078 -24.982704 58.854210 -1068.987841 -0.380686 -0.667081 0.640375 0.900477 -0.109950 0.420775 -0.210282 0.736827 0.642548
-1.706520 -27.570937 -887.437013 -1613.887950 -0.670355 -0.565044 0.480988 0.720439 -0.650858 0.239481 0.177738 0.507060 0.843386
0.623316 -30.150028 -361.066540 -1612.799690 -0.627940 -0.617491 0.473704 0.751894 -0.638438 0.164480 0.200866 0.459459 0.865188
1.014566 -26.557570 -87.972767 -574.311347 -0.655179 -0.596906 0.463080 0.744234 -0.615302 0.259844 0.129832 0.514884 0.847371
-5.585707 -26.369604 630.284850 1866.241740 0.670505 0.662525 -0.333892 -0.642219 0.292986 -0.708318 0.371452 -0.689362 -0.621934
-6.762578 -26.949480 231.580895 -1321.409657 0.633472 0.655177 -0.411651 0.687929 -0.233339 0.687245 0.354213 -0.718537 -0.598529
-6.394514 -23.536190 528.190361 -1860.143799 0.635864 0.680291 -0.364527 0.702208 -0.313936 0.639021 0.320282 -0.662305 -0.677327
150.561722 -13.251227 -16240.936281 -633.147696 0.899529 0.431955 -0.065281 0.230515 -0.596254 -0.768989 0.371093 -0.676680 0.635920
128.961312 -16.488076 -19350.757989 -798.765808 0.941261 0.335210 -0.040775 0.166355 -0.565391 -0.807873 0.293861 -0.753636 0.587944
186.552758 -17.046991 -37009.057313 -1009.727725 0.963330 0.130718 0.234325 0.267779 -0.523769 -0.808678 -0.017023 -0.841771 0.539566
263.236768 -17.996872 -51902.549003 -812.650938 0.948031 0.276126 0.158086 0.293569 -0.567514 -0.769250 0.122693 -0.775682 0.619083
175.012219 -13.822086 25031.099180 331.692194 0.612332 0.755861 -0.231784 0.353476 -0.523982 -0.774918 0.707181 -0.392577 0.588030
-1.740222 -63.554495 30.923296 2682.777672 0.718333 0.695279 -0.024191 0.677688 -0.691451 0.250268 -0.157279 0.196170 0.967874
-0.896663 -75.651281 277.167259 3998.916755 0.720720 0.692352 -0.034804 0.651958 -0.659896 0.373481 -0.235613 0.291866 0.926985
-1.292206 -76.578806 -178.089454 4941.626753 0.719152 0.694788 -0.009484 0.632350 -0.648745 0.423395 -0.288017 0.310483 0.905895
-1.269380 -95.132839 157.071845 6518.950747 0.728534 0.684654 -0.022071 0.560696 -0.577503 0.593389 -0.393520 0.444679 0.804613
-1.809023 -74.807029 -176.632931 4735.819137 0.722822 0.690999 -0.006905 0.664687 -0.692497 0.280426 -0.188993 0.207288 0.959851
-1.789547 -99.152970 -166.510192 6775.215398 0.710500 0.703358 -0.021841 0.584868 -0.572978 0.574131 -0.391305 0.420694 0.818472
0.947837 -75.234938 1343.287730 -2939.818774 -0.763149 -0.614577 0.199746 -0.489338 0.751468 0.442543 -0.422080 0.239983 -0.874218
4.257047 -68.822147 1786.865941 -5463.684420 -0.745192 -0.633682 0.207693 -0.590650 0.771787 0.235537 -0.309551 0.052846 -0.949413
4.669293 -72.790252 1333.656488 -2407.448089 -0.752617 -0.635041 0.174044 -0.505842 0.726827 0.464593 -0.421535 0.261622 -0.868253
1.171735 -75.535760 1416.528045 1811.925811 -0.758785 -0.616546 0.210041 -0.354326 0.661308 0.661154 -0.546534 0.427251 -0.720248
-13.683357 -21.639211 -789.188540 272.643221 0.875189 0.416140 0.246724 -0.152404 0.721180 -0.675775 0.459149 -0.553829 -0.694590
-15.348273 -22.719915 436.152587 285.533742 -0.835208 -0.458794 -0.303209 -0.187814 0.756173 -0.626840 0.516868 -0.466595 -0.717729
-16.159186 -23.615027 -686.504954 209.606132 0.828617 0.514589 0.220435 -0.195576 0.635050 -0.747303 0.524541 -0.576116 -0.626855
-14.374172 -24.049156 -864.016254 653.419207 0.863251 0.462199 0.202903 -0.161331 0.633516 -0.756723 0.478299 -0.620507 -0.621450
-15.945237 -24.364558 328.620632 104.535472 0.763036 0.599855 0.240727 -0.210366 0.582634 -0.785037 0.611164 -0.548371 -0.570760
-17.411053 -24.923216 -94.510250 358.762755 0.792635 0.573295 0.207516 -0.185917 0.551420 -0.813247 0.580659 -0.606027 -0.543660
-16.381410 -25.152033 -412.991981 396.109891 0.828215 0.522837 0.201746 -0.157452 0.562588 -0.811605 0.537837 -0.640418 -0.548266
-24.885142 -181.786014 -4859.290743 23121.870043 0.352832 -0.074707 0.932700 0.432043 0.897192 -0.091575 -0.829969 0.435277 0.348835
265.275490 -1104.911309 -19382.620341 134973.562079 0.079886 -0.049765 0.995561 -0.237773 0.968972 0.067515 -0.968030 -0.242111 0.065574
-25.246797 -637.004817 7342.034196 -83592.674856 -0.240641 -0.494844 0.834998 0.494689 0.677631 0.544150 -0.835090 0.544009 0.081729
-6.841418 -210.414667 4300.919568 -47285.577175 -0.311208 -0.582921 0.750568 0.702334 0.390983 0.594861 -0.640216 0.712275 0.287728
-6.504637 -580.243912 -343.125436 -37974.840437 0.897419 0.239166 -0.370728 -0.086910 -0.728008 -0.680037 0.432534 -0.642498 0.632542
-35.742461 -425.831802 -918.381171 68805.969756 0.806060 0.234564 -0.543366 -0.568413 0.051105 -0.821155 0.164845 -0.970756 -0.174523
-2.265394 -715.598857 -3180.295003 169101.816290 0.955020 0.289543 -0.064045 0.024419 -0.292026 -0.956099 0.295535 -0.911529 0.285961
-8.829207 -26.719870 -313.105615 -230.342152 -0.865241 0.437200 -0.245385 0.339532 0.871101 0.354825 0.368885 0.223693 -0.902156
-9.119900 -25.236134 -126.780811 -380.078253 -0.896906 0.382504 -0.221923 0.331685 0.913786 0.234480 0.292479 0.136698 -0.946451
-10.069411 -26.374922 1.405073 -255.653783 -0.886775 0.414826 -0.203836 0.326950 0.874712 0.357747 0.326700 0.250597 -0.911300
-9.657626 -26.730925 -302.965940 136.494662 -0.858112 0.465226 -0.217276 0.323086 0.818111 0.475720 0.399073 0.338022 -0.852339
-10.386453 -25.699866 -31.689115 -47.415230 0.884084 -0.436987 0.165643 0.323910 0.828481 0.456839 0.336864 0.350231 -0.873991
4.873069 -24.586263 -176.601244 2281.963488 -0.216752 0.819155 0.531040 0.842625 -0.117696 0.525481 0.492952 0.561367 -0.664730
8.515647 -16.978358 -93.249795 -5172.089641 -0.215517 0.823998 0.524003 -0.763877 0.192023 -0.616132 0.608313 0.533061 -0.588049
5.915604 -26.158607 -272.334545 3895.026075 -0.280051 0.824061 0.492438 0.804301 -0.078633 0.588996 0.524091 0.561017 -0.640772
33.085531 -27.062462 6303.524495 695.897977 -0.038298 0.891326 0.451742 -0.733259 -0.332192 0.593279 -0.678870 0.308522 -0.666295
43.813106 -25.986136 -398.613543 1889.468033 -0.207113 0.930617 0.301755 -0.648280 -0.361554 0.670084 -0.732692 0.056839 -0.678183
37.106517 -27.249804 -1521.670914 846.615445 -0.301240 0.920108 0.250313 -0.731486 -0.391382 0.558344 -0.611705 0.014905 -0.790946
52.244170 -25.804749 -8326.440159 1026.158472 -0.465340 0.880335 0.092028 -0.630009 -0.402450 0.664171 -0.621729 -0.251087 -0.741895
33.493945 -26.945611 1135.911077 178.731063 -0.198522 0.913554 0.354975 -0.807641 -0.357671 0.468815 -0.555253 0.193622 -0.808829
32.310612 -27.252608 -7252.718415 632.351866 -0.501386 0.863383 0.056401 -0.703913 -0.444946 0.553651 -0.503108 -0.237891 -0.830837
32.522911 -27.495917 -4881.013742 121.476458 -0.399003 0.908106 0.127042 -0.800317 -0.412514 0.435115 -0.447537 -0.071938 -0.891367
-6.558376 -25.020468 918.553647 697.493132 -0.394803 -0.690768 0.605781 0.708966 0.190323 0.679076 -0.584378 0.697579 0.414591
-6.056448 -27.405691 -1052.294744 111.413504 0.387569 0.683706 -0.618333 0.618639 0.304379 0.724320 -0.683430 0.663249 0.304999
-4.597656 -27.098327 43.577324 408.067271 -0.426645 -0.677955 0.598624 0.613778 0.269096 0.742202 -0.664267 0.684080 0.301305
-4.517092 -25.154153 345.317225 813.051500 -0.417152 -0.693399 0.587522 0.690067 0.179029 0.701253 -0.591432 0.697959 0.403810
-4.296328 -48.827040 2.115365 -361.380574 0.967235 0.119681 -0.223902 -0.229655 0.036475 -0.972589 0.108234 -0.992142 -0.062765
-3.525044 -53.496880 44.728546 199.318581 0.969546 0.134949 -0.204376 -0.202248 -0.029445 -0.978892 0.138118 -0.990415 0.001255
-3.837467 -54.465578 130.404782 678.819900 0.967219 0.129776 -0.218277 -0.206092 -0.101046 -0.973302 0.148367 -0.986381 0.070987
17.902168 -0.626590 -10970.335514 -2689.770798 -0.294996 0.679537 0.671719 0.691585 -0.333233 0.640832 -0.659308 -0.653594 0.371655
391.007133 -17.008582 84448.133529 -5096.944733 0.188675 -0.572016 -0.798248 0.726267 -0.465853 0.505487 -0.661013 -0.675114 0.327542
99.762562 -9.240587 22778.393718 -775.108951 0.169295 -0.548518 -0.818821 0.791714 -0.419111 0.444448 -0.586965 -0.723515 0.363316
0.219378 -95.440596 -605.069024 7543.028631 0.911805 0.274747 -0.305165 0.402856 -0.454673 0.794342 -0.079493 0.847223 0.525256
-0.692617 -100.341279 -4.183516 7289.343438 0.913874 0.246614 -0.322514 0.388729 -0.302293 0.870350 -0.117146 0.920761 0.372123
-1.240806 -120.414076 -462.808935 9952.409866 0.894474 0.260790 -0.363188 0.413315 -0.172434 0.894112 -0.170549 0.949871 0.262026
1.382543 -141.361731 -735.394030 21068.923451 0.894214 0.270098 -0.356971 0.436481 -0.349162 0.829199 -0.099324 0.897292 0.430118
-8.420398 -113.367936 -1858.698523 10981.190715 -0.637311 0.765616 -0.087560 0.765585 0.642008 0.041290 -0.087827 0.040720 0.995303
-17.473038 -120.356443 -2816.809409 300.652229 -0.634692 0.766198 -0.100534 0.705412 0.627569 0.329470 -0.315531 -0.138193 0.938798
-7.804075 -104.114823 -2422.744507 -5207.570654 -0.660478 0.748661 -0.057233 0.632621 0.595920 0.494642 -0.404426 -0.290494 0.867210
-2.595788 -92.276989 -1337.090706 -403.685044 -0.644815 0.759583 -0.085131 0.702949 0.633069 0.324171 -0.300129 -0.149188 0.942160
-4.264875 -23.187091 -196.421783 -58.668768 0.208315 0.773961 -0.597987 -0.820013 0.471447 0.324524 -0.533089 -0.422754 -0.732868
-4.040778 -22.105717 320.046746 1077.789945 0.242510 0.763500 -0.598545 -0.820988 0.490219 0.292684 -0.516883 -0.420419 -0.745707
-3.079256 -22.385791 -47.351040 -63.970787 0.264036 0.729464 -0.631006 -0.781376 0.545317 0.303449 -0.565453 -0.412931 -0.713968
-0.919846 -20.339723 -344.846262 -809.003613 0.295786 0.692734 -0.657746 -0.728291 0.609100 0.313990 -0.618144 -0.386157 -0.684675
-3.273422 -22.116518 -397.024077 -775.552376 0.234732 0.745942 -0.623275 -0.775318 0.530427 0.342826 -0.586330 -0.402764 -0.702850
-2.015398 -21.196885 -481.541088 -166.736042 0.296877 0.676055 -0.674399 -0.743161 0.607061 0.281404 -0.599646 -0.417645 -0.682640
-20.383134 -31.254982 256.998735 394.396011 -0.372646 0.918810 -0.130092 0.733361 0.205687 -0.647977 0.568609 0.336870 0.750468
-18.978659 -29.943777 260.110732 -662.089471 -0.356529 0.919740 -0.164210 0.818332 0.222614 -0.529883 0.450800 0.323297 0.832021
-19.476964 -29.289875 -361.474767 -321.687082 -0.193571 0.966896 -0.166258 0.833030 0.072463 -0.548462 0.518259 0.244664 0.819480
-21.168949 -29.609594 -190.911384 108.739688 -0.168489 0.972113 -0.163117 0.776504 0.028967 -0.629446 0.607168 0.232715 0.759731
-21.213574 -30.724771 296.396760 369.839034 -0.371546 0.922053 -0.108502 0.657193 0.178653 -0.732243 0.655782 0.343369 0.672345
-18.140832 -29.529451 187.985068 38.358641 -0.487239 0.839980 -0.238812 0.584080 0.110166 -0.804185 0.649191 0.531316 0.544293
-19.194048 -30.036578 608.415071 -58.010233 -0.462541 0.867557 -0.182760 0.506068 0.089091 -0.857880 0.727977 0.489293 0.480251
-17.528963 -29.608101 -231.858935 -379.495728 -0.483787 0.849748 -0.209473 0.489700 0.064457 -0.869505 0.725358 0.523235 0.447305
-18.213778 -30.363586 196.005201 -160.377543 -0.469025 0.862288 -0.190985 0.401861 0.015800 -0.915564 0.786462 0.506172 0.353930
2092.425922 -70.391839 647535.369324 -12460.794577 0.572861 0.450579 0.684696 -0.238279 0.890820 -0.386863 -0.784253 0.058470 0.617680
803.760238 -86.727257 -168381.734318 -21379.015216 -0.269856 0.237869 0.933057 -0.336877 0.884446 -0.322907 -0.902048 -0.401464 -0.158541
1100.733175 -29.698481 -269591.378008 -736.349749 0.111327 0.573388 0.811685 -0.240786 0.807988 -0.537752 -0.964172 -0.135576 0.228015
414.486589 -176.582437 -85766.459154 -32835.246617 -0.611480 0.140401 0.778704 -0.192753 0.928054 -0.318689 -0.767423 -0.344969 -0.540424
442.796240 -41.455666 89180.450061 -3826.041743 0.880581 0.321697 0.347976 -0.141340 0.879156 -0.455092 -0.452327 0.351562 0.819637
-0.323806 -23.339442 -424.388587 111.270102 0.950430 -0.065957 0.303862 -0.294110 0.126439 0.947371 0.100906 0.989779 -0.100773
2.777971 -24.123507 -1673.364588 27.527098 0.948214 -0.050822 0.313539 -0.308112 0.092681 0.946825 0.077179 0.994398 -0.072222
1.013399 -23.041936 -394.421283 0.895293 0.940385 -0.064063 0.334025 -0.332368 0.035293 0.942489 0.072168 0.997322 -0.011897
48.763251 -15.189048 -8088.980949 -887.363640 0.630876 -0.008891 0.775832 -0.300041 0.919346 0.254517 -0.715521 -0.393350 0.577326
59.368887 -17.496051 -9493.834782 -489.998562 0.611127 -0.016980 0.791351 -0.253391 0.942960 0.215917 -0.749878 -0.332474 0.571965
51.264630 -16.085321 -1303.252406 -709.369689 0.812356 0.047817 0.581198 -0.244687 0.932608 0.265276 -0.529345 -0.357710 0.769310
47.252156 -11.750930 -6369.867067 -566.940591 0.740311 -0.012126 0.672155 -0.262064 0.915535 0.305154 -0.619081 -0.402057 0.674603
33.443310 -11.500673 -5975.435154 -530.886305 0.615225 0.076657 0.784616 -0.386484 0.896783 0.215430 -0.687116 -0.435779 0.581350
3.346826 -21.327468 -128.987835 359.007770 0.768221 0.522539 0.369850 -0.187688 -0.368501 0.910483 -0.612053 0.768869 0.185016
3.601865 -22.902127 -319.842409 1134.715772 0.764901 0.503099 0.402265 -0.235424 -0.362946 0.901579 -0.599584 0.784322 0.159177
3.456658 -20.188296 -162.633122 265.206062 0.771799 0.515434 0.372363 -0.179903 -0.384668 0.905354 -0.609886 0.765740 0.204158
3.318112 -18.211227 -138.942496 -346.057246 0.766175 0.527779 0.366641 -0.153990 -0.403127 0.902095 -0.623909 0.747622 0.227593
2.181640 -18.639082 -268.031203 -147.708948 0.760680 0.537333 0.364198 -0.146984 -0.403906 0.902915 -0.632267 0.740361 0.228263
2.309640 -22.017240 -348.239189 540.123663 0.758485 0.535089 0.371994 -0.191771 -0.362277 0.912129 -0.622835 0.763174 0.172168
-2.235947 -38.617563 -127.711578 -45.290654 0.885881 0.198590 0.419258 -0.413175 -0.073209 0.907704 -0.210954 0.977345 -0.017198
-3.113477 -40.623188 258.878254 520.094850 0.885356 0.192787 0.423058 -0.439564 0.050738 0.896777 -0.151422 0.979928 -0.129663
-3.443578 -39.203367 453.109088 -88.549810 0.888091 0.188764 0.419121 -0.414465 -0.065461 0.907708 -0.198779 0.979838 -0.020101
-2.073503 -40.853447 -160.192723 786.598166 0.878458 0.201811 0.433110 -0.450310 0.046537 0.891659 -0.159791 0.978318 -0.131758
-1.126700 -39.351618 43.659610 -139.381396 0.892035 0.185277 0.412244 -0.414407 -0.028751 0.909637 -0.180388 0.982266 -0.051133
63.525945 -26.248665 16278.158275 -1170.178027 0.867907 0.398041 0.297153 0.053194 0.520303 -0.852323 0.493869 -0.755544 -0.430402
112.050089 -30.413060 24011.859617 -439.152006 0.865445 0.379153 0.327488 0.041222 0.597557 -0.800766 0.499306 -0.706518 -0.501523
439.737992 -34.316984 96511.792191 863.031396 0.879666 0.282023 0.382949 0.162919 0.577796 -0.799756 0.446816 -0.765908 -0.462320
-4.036573 -47.502502 143.280584 -1056.581787 0.813180 0.207434 0.543792 -0.505768 0.714177 0.483890 0.287988 0.668522 -0.685668
-3.920764 -48.039504 -54.621500 -935.562579 0.829166 0.221181 0.513384 -0.507925 0.681629 0.526682 0.233446 0.697468 -0.677527
-3.724496 -48.773399 89.015280 -876.748583 0.823701 0.210727 0.526413 -0.531033 0.612177 0.585870 0.198799 0.762124 -0.616154
-3.792231 -49.967971 153.704019 -829.388986 0.819465 0.196625 0.538345 -0.536576 0.593287 0.600081 0.201402 0.780608 -0.591682
-3.349664 -49.708216 73.782840 161.463384 0.833084 0.201474 0.515149 -0.544532 0.462427 0.699747 0.097238 0.863464 -0.494949
-4.024317 -28.560450 147.715090 -919.699342 0.896238 0.429549 0.110654 -0.291081 0.381298 0.877430 -0.334707 0.818596 -0.466768
-3.624492 -31.812768 -33.175637 -172.442677 0.873489 0.465551 0.142404 -0.354493 0.407720 0.841487 -0.333694 0.785511 -0.521173
-4.224436 -30.103340 163.173521 -938.263517 0.876821 0.457672 0.147379 -0.317741 0.321491 0.892011 -0.360868 0.828963 -0.427312
-4.024982 -31.358542 67.219442 -1270.797616 0.863383 0.475689 0.168197 -0.356477 0.339195 0.870558 -0.357063 0.811583 -0.462427
-4.437457 -26.665524 459.768338 -1.084910 0.891701 0.427374 0.149065 -0.268541 0.234420 0.934309 -0.364355 0.873154 -0.323800
-1.492824 -54.907241 -44.418539 2149.765069 -0.626191 -0.309902 0.715434 0.736846 0.064699 0.672957 -0.254839 0.948564 0.187837
-0.231351 -50.260928 119.244411 873.126947 -0.647934 -0.323476 0.689597 0.752532 -0.131833 0.645226 -0.117803 0.937008 0.328845
-1.226396 -50.479438 15.520828 1339.048542 -0.649972 -0.315268 0.691478 0.731531 -0.013024 0.681683 -0.205907 0.948913 0.239094
-0.194951 -47.818181 2.780559 -36.439427 -0.668245 -0.314416 0.674233 0.739260 -0.179142 0.649155 -0.083322 0.932229 0.352146
-2.185236 -56.437143 -107.914288 2443.924592 -0.636052 -0.302616 0.709832 0.699653 0.161817 0.695917 -0.325459 0.939276 0.108803
3.893953 -32.811434 237.641713 800.257299 0.776981 0.494363 0.389750 -0.432079 -0.031473 0.901286 -0.457829 0.868686 -0.189150
4.001935 -32.949655 114.143493 1090.635064 0.774857 0.489075 0.400502 -0.436185 -0.044911 0.898736 -0.457537 0.871085 -0.178527
4.119347 -31.517711 166.271089 250.632339 0.773635 0.496850 0.393230 -0.405627 -0.088426 0.909752 -0.486782 0.863320 -0.133127
3.557815 -29.750259 -51.418676 251.286040 0.764134 0.511186 0.393431 -0.389570 -0.120415 0.913091 -0.514135 0.850993 -0.107130
0.772119 -29.574900 337.123131 625.965578 -0.924122 -0.211435 -0.318266 -0.089955 0.929922 -0.356585 0.371357 -0.300898 -0.878382
0.039398 -29.291657 540.716981 -139.921396 -0.926157 -0.230931 -0.298169 -0.143612 0.946994 -0.287365 0.348725 -0.223325 -0.910229
-0.815540 -29.157629 385.763436 231.517139 -0.924300 -0.207327 -0.320445 -0.101452 0.942853 -0.317390 0.367936 -0.260854 -0.892512
1.061262 -30.636376 -3.283960 394.523548 -0.914688 -0.255859 -0.312861 -0.158902 0.939425 -0.303695 0.371613 -0.228072 -0.899937
-0.153944 -51.333617 172.381739 353.446295 0.839901 0.295375 0.455323 0.337122 0.373539 -0.864186 0.425340 -0.879330 -0.214159
0.288095 -51.875092 718.149567 305.118875 0.818072 0.292724 0.495047 0.357152 0.416103 -0.836242 0.450779 -0.860913 -0.235855
2.171804 -50.921014 623.046900 -563.078417 0.822121 0.291455 0.489052 0.435428 0.231509 -0.869946 0.366770 -0.928147 -0.063421
1.137300 -50.795462 56.619224 -558.597955 0.845137 0.293312 0.446890 0.397494 0.214138 -0.892269 0.357410 -0.931726 -0.064386
-3.158957 -82.556452 1087.626391 -418.215333 0.687366 0.277286 -0.671297 -0.601656 0.735127 -0.312407 -0.406863 -0.618629 -0.672132
-5.280257 -88.897627 611.680041 -897.991829 0.687069 0.250175 -0.682165 -0.586720 0.744833 -0.317779 -0.428599 -0.618576 -0.658534
-1.531189 -78.418028 -602.212815 823.907569 -0.659574 -0.303761 0.687525 -0.508186 0.854176 -0.110136 -0.553813 -0.422034 -0.717760
-0.958656 -77.283747 761.421771 -148.218267 0.669301 0.303009 -0.678397 -0.577620 0.786496 -0.218583 -0.467324 -0.538153 -0.701427
-0.552539 -55.436329 -480.842214 234.245151 0.617668 0.298278 -0.727679 0.669009 -0.685691 0.286801 -0.413416 -0.663972 -0.623080
0.731698 -64.417695 -240.423368 -699.546791 0.625625 0.301810 -0.719377 -0.621812 0.749786 -0.226207 -0.471108 -0.588839 -0.656755
0.116802 -60.637516 441.009378 -1085.525925 -0.595476 -0.327973 0.733378 -0.594866 0.793547 -0.128129 -0.539947 -0.512559 -0.667638
-1.302838 -58.191559 -528.766091 1107.779717 0.590179 0.330427 -0.736551 0.637541 -0.750470 0.174174 -0.495207 -0.572375 -0.653572
-1.631842 -52.122733 -376.517127 224.032274 0.627755 0.297410 -0.719355 0.693470 -0.633453 0.343272 -0.353585 -0.714342 -0.603898
-0.366300 -50.996318 133.465671 3092.623880 0.531605 -0.601713 -0.596101 -0.013664 0.697602 -0.716355 0.846882 0.388963 0.362627
-4.118294 -44.146882 552.370814 2974.320913 0.514490 -0.533066 -0.671670 -0.174753 0.701673 -0.690736 0.839500 0.472753 0.267849
1.402678 -51.920504 634.795961 1995.061093 0.504541 -0.500839 -0.703278 0.025131 0.822729 -0.567877 0.863022 0.268843 0.427687
-4.228681 -41.494747 110.371111 2911.256640 0.540506 -0.598494 -0.591319 -0.178292 0.605387 -0.775705 0.822232 0.524701 0.220508
-5.444556 -71.473684 -108.500570 -3898.702590 0.715909 0.139307 -0.684155 0.646908 -0.500969 0.574926 0.262649 0.854180 0.448767
-4.615653 -62.972031 111.532364 -3140.700930 0.708671 0.122338 -0.694852 0.678668 -0.387415 0.623955 0.192862 0.913752 0.357576
-5.577957 -61.294853 -85.652670 -669.336493 0.704317 0.138679 -0.696208 0.695169 -0.333399 0.636856 0.143796 0.932531 0.331224
-4.693227 -67.840442 -137.984171 -2701.870920 0.722928 0.155804 -0.673127 0.657116 -0.456064 0.600170 0.213480 0.876202 0.432083
-4.680138 -62.014401 -98.804076 302.137577 0.705065 0.149687 -0.693165 0.701269 -0.292431 0.650159 0.105383 0.944499 0.311153
-22.244036 -508.529037 2223.331336 102032.544192 0.878061 0.222571 -0.423641 0.471522 -0.251223 0.845313 -0.081713 0.941992 0.325536
-31.132804 -168.911847 3657.115378 30644.084589 0.918517 0.140814 -0.369457 0.395369 -0.319603 0.861125 -0.003179 0.937030 0.349235
-34.177252 -335.388536 4349.457615 62345.703208 0.881024 0.157694 -0.446015 0.449568 0.014392 0.893130 -0.147261 0.987383 0.058214
12.215409 -113.258655 -15596.739711 -1537.895141 0.866624 -0.216780 0.449411 -0.496116 -0.470433 0.729768 -0.053219 0.855394 0.515236
-62.628047 -1100.078187 -720.817789 211508.854996 0.883501 0.184009 -0.430775 0.293269 0.499806 0.814977 -0.365266 0.846366 -0.387615
-29.962087 -164.390758 -999.035592 38554.175569 0.962980 0.267334 -0.034666 0.194989 -0.601972 0.774344 -0.186140 0.752437 0.631815
-36.617733 -686.589618 5303.240370 134045.584422 0.908076 0.101279 -0.406376 0.418246 -0.169130 0.892449 -0.021656 0.980376 0.195942
-561.426460 -15376.458265 174353.815962 -19076442.037526 0.426370 0.737880 -0.523203 0.092399 0.539859 0.836669 -0.899817 0.405074 -0.162000
-543.352442 -13126.328293 78796.030957 775362.440731 0.767234 0.542690 -0.341817 0.639924 -0.683457 0.351260 0.042992 0.488236 0.871652
-271.956533 -1546.312825 53989.919112 -140833.025498 0.778646 0.415150 -0.470490 0.480985 0.086614 0.872440 -0.402944 0.905621 0.132239
-1750.652023 -3606.114574 -319013.459129 -789904.421026 0.243864 0.969807 0.002271 -0.711063 0.177208 0.680431 -0.659484 0.167548 -0.732809
-2.007670 -28.009426 1619.176020 -18.798509 0.965611 -0.004872 0.259944 -0.229131 -0.488404 0.841998 -0.122856 0.872604 0.472725
-4.578439 -27.886058 934.532902 -393.788957 0.970873 0.019803 0.238775 -0.214216 -0.374637 0.902086 -0.107318 0.926960 0.359483
-6.129073 -28.351804 597.606947 81.136430 0.968334 0.042724 0.245976 -0.196415 -0.477816 0.856220 -0.154112 0.877421 0.454294
-10.542669 -29.743458 197.832293 1180.655851 0.500707 -0.368300 -0.783357 -0.411549 0.694858 -0.589746 0.761525 0.617680 0.196347
-11.134824 -27.091789 805.466834 977.798350 0.506693 -0.500597 -0.701901 -0.387527 0.595015 -0.704117 0.770120 0.628777 0.107494
-12.811031 -25.438829 255.275484 525.042586 0.473612 -0.352419 -0.807151 -0.502596 0.644435 -0.576283 0.723249 0.678605 0.128088
-8.314892 -33.674923 856.707175 1995.243048 0.501175 -0.501129 -0.705474 -0.300282 0.663879 -0.684905 0.811576 0.555098 0.182240
-12.885699 -27.770501 470.920610 -441.321333 -0.445181 0.198660 0.873125 0.579981 -0.678933 0.450192 0.682228 0.706813 0.187029
-10.160736 -33.210457 -188.392979 1179.846744 0.502307 -0.269759 -0.821534 -0.425345 0.750111 -0.506374 0.752841 0.603791 0.262045
-7.421224 -37.377619 304.419509 2251.847529 0.515953 -0.417328 -0.748084 -0.275446 0.746095 -0.606194 0.811124 0.518824 0.269999
-0.066469 -22.845896 877.914424 212.098504 0.908855 -0.166816 0.382303 -0.376984 0.063746 0.924024 0.178512 0.983925 0.004951
2.540756 -20.679932 214.148860 666.605860 0.833253 -0.134373 0.536315 -0.535003 0.048800 0.843440 0.139508 0.989728 0.031227
-1.629141 -23.157509 296.812018 251.771789 0.893513 -0.149934 0.423266 -0.403272 0.146652 0.903253 0.197501 0.977759 -0.070571
-3.179875 -23.961658 720.490439 -31.279008 0.938714 -0.165328 0.302459 -0.282728 0.132647 0.949984 0.197180 0.977277 -0.077775
-18.114916 -30.946870 1529.988485 -127.510231 0.834424 0.523380 -0.172654 0.550944 -0.800134 0.237162 0.014020 0.293016 0.956005
-20.027353 -32.494722 1558.044742 -145.394741 0.859948 0.496399 -0.118646 0.509285 -0.849821 0.135771 0.033431 0.177181 0.983610
-12.797090 -30.701289 1807.229950 -431.709150 0.909449 0.375537 -0.178534 0.404856 -0.897632 0.174209 0.094836 0.230715 0.968389
-24.156861 -33.958628 -1112.718360 294.471968 -0.675462 -0.723847 0.140700 0.733649 -0.640474 0.227051 -0.074235 0.256588 0.963666
-3.909634 -24.849463 738.997831 -758.734160 -0.833418 0.352033 0.426013 0.329443 0.935396 -0.128460 -0.443713 0.033286 -0.895551
-6.807014 -27.208542 -88.964378 -305.562472 -0.845023 0.367433 0.388496 0.392821 0.919489 -0.015208 -0.362806 0.139758 -0.921325
-6.284800 -26.812041 -116.433936 -143.746328 -0.768565 0.520545 0.371941 0.499972 0.851420 -0.158469 -0.399169 0.064166 -0.914629
-2.232374 -25.785399 -77.276434 -243.879573 -0.875529 -0.359724 -0.322564 -0.372115 0.927857 -0.024726 0.308188 0.098382 -0.946225
-1.167983 -24.651654 -76.617075 -329.380725 -0.835979 -0.442548 -0.324485 -0.467689 0.883893 -0.000575 0.287064 0.151277 -0.945891
-3.076441 -24.160209 -118.601923 -49.235817 -0.865285 -0.369966 -0.338242 -0.362643 0.927843 -0.087159 0.346082 0.047244 -0.937014
2.824126 -23.195862 -443.589974 598.613561 0.954493 0.046697 0.294553 -0.240928 0.702850 0.669295 0.175773 0.709804 -0.682116
4.009958 -25.275363 -299.337682 521.657894 0.957318 0.014572 0.288669 -0.213691 0.708176 0.672921 0.194623 0.705885 -0.681064
3.852200 -23.130115 -450.624363 352.476377 0.942286 0.070958 0.327204 -0.295225 0.637053 0.712043 0.157921 0.767547 -0.621235
-3985.292066 -12255.806970 -310876.202383 -2278090.671433 0.709193 -0.496461 0.500571 -0.561299 0.032027 0.826993 0.426602 0.867468 0.255950
3223.745714 -3984.712878 536393.159329 748483.101753 0.092314 0.273719 0.957369 0.988284 0.092178 -0.121650 -0.121546 0.957383 -0.262002
-282.127157 -1804.747334 -125196.377511 -192879.462834 -0.047589 0.099553 0.993894 0.887106 0.461550 -0.003755 -0.459105 0.881511 -0.110278
-268.106488 -816.608798 38570.077031 -8379.270645 0.941958 -0.124407 -0.311831 0.055732 0.973867 -0.220176 0.331073 0.190018 0.924275
-172.909027 -5882.785633 -89727.710828 -1649328.187674 0.545320 0.656236 -0.521517 -0.406541 0.751151 0.520093 0.733042 -0.071599 0.676404
4.762487 -35.365367 -163.374070 -256.629528 -0.565729 0.642158 0.517285 -0.355811 0.375811 -0.855666 0.743874 0.668131 -0.015880
0.331896 -32.290890 -41.209561 -155.875353 -0.569796 0.630422 0.527163 -0.251474 0.476952 -0.842186 0.782364 0.612442 0.113230
-0.324990 -38.860142 65.173422 1909.951029 -0.545645 0.545563 0.636107 -0.349204 0.541998 -0.764392 0.761793 0.639218 0.105225
8.651534 -54.227365 -1334.650476 8161.865764 -0.144566 0.243472 0.959073 -0.354796 0.892051 -0.279938 -0.923699 -0.380745 -0.042577
7.186135 -111.227452 -1663.137611 16051.095956 -0.192249 0.249038 0.949221 -0.523847 0.791883 -0.313856 -0.829834 -0.557585 -0.021781
3.748312 -57.828373 -1073.868954 10402.673005 -0.136610 0.211097 0.967872 -0.314165 0.917364 -0.244424 -0.939488 -0.337462 -0.059002
-1.631685 -31.588740 -871.281732 6398.320890 -0.100772 0.133097 0.985967 -0.227426 0.961691 -0.153064 -0.968567 -0.239659 -0.066642
1.776305 -23.164648 -745.611282 5051.043586 -0.093208 0.138352 0.985987 -0.231459 0.960157 -0.156608 -0.968369 -0.242813 -0.057472
5.417799 -31.323204 -911.039245 5202.850835 -0.109944 0.198393 0.973937 -0.253563 0.941857 -0.220482 -0.961051 -0.271194 -0.053246
-3.370669 -41.133262 435.688619 -1532.921782 0.774591 0.331760 0.538464 -0.354290 0.932866 -0.065106 -0.523915 -0.140342 0.840129
-2.966841 -36.443238 179.622196 -30.628748 0.770187 0.320999 0.551154 -0.405497 0.913440 0.034646 -0.492325 -0.250175 0.833684
-2.749299 -39.482611 92.471886 -1262.553115 0.774624 0.323493 0.543425 -0.357980 0.932649 -0.044911 -0.521353 -0.159746 0.838256
-23.711189 -40.383291 -200.834492 1305.217585 0.779615 0.483592 -0.397919 -0.483395 0.060715 -0.873294 0.398158 -0.873185 -0.281100
-21.492099 -35.362922 -268.774078 2181.234016 0.656528 0.565956 -0.498663 -0.644139 0.076656 -0.761058 0.392500 -0.820864 -0.414881
36.970607 -25.870011 4097.981772 -847.697228 0.930411 -0.069575 -0.359854 -0.097951 0.898907 -0.427051 -0.353187 -0.432581 -0.829538
-0.966989 -94.963613 6557.394781 22824.154296 -0.440057 -0.326289 0.836591 -0.271555 0.936381 0.222369 -0.855925 -0.129325 -0.500666
5.607047 -42.718343 5522.801189 7106.250368 -0.508716 -0.229728 0.829719 -0.411923 0.911218 -0.000265 -0.755994 -0.341916 -0.558181
-4.816117 -24.817425 -3998.160143 -1521.019008 0.967619 -0.008883 -0.252259 -0.158913 0.755022 -0.636151 -0.196112 -0.655639 -0.729162
-3.221234 -17.985265 -3107.904420 -2916.224531 0.974503 -0.064382 -0.214938 -0.113765 0.683901 -0.720650 -0.193393 -0.726729 -0.659139
-0.908555 -14.798542 168.414420 -539.135358 0.938104 0.269524 -0.217524 0.071025 -0.764397 -0.640822 0.338992 -0.585708 0.736227
0.480176 -13.219579 82.804274 -334.620762 0.939244 0.257361 -0.227125 0.056879 -0.769238 -0.636426 0.338504 -0.584841 0.737141
-0.385399 -12.157073 186.190564 -333.263283 0.933192 0.311564 -0.179112 0.139310 -0.773036 -0.618876 0.331280 -0.552578 0.764795
0.167520 -15.775976 93.153160 -703.899635 0.940240 0.225333 -0.255293 0.003500 -0.756086 -0.654463 0.340496 -0.614458 0.711691
-0.922636 -17.575983 308.246956 -762.273037 0.938439 0.245390 -0.243139 0.017188 -0.736139 -0.676612 0.345018 -0.630780 0.695039
-2.504145 -13.057683 362.136045 -513.566260 0.927791 0.334605 -0.165058 0.165963 -0.766335 -0.620634 0.334157 -0.548425 0.766530
-2.622136 -15.727880 548.703611 -613.693074 0.931441 0.310590 -0.189611 0.116614 -0.748351 -0.652972 0.344702 -0.586093 0.733263
357.418499 -126.899385 77849.682618 9985.036358 0.661563 0.692128 0.288606 -0.410785 0.012503 0.911646 -0.627368 0.721666 -0.292587
561.768096 -20.051681 120268.467592 3625.650459 -0.128313 0.937665 0.322985 -0.391915 -0.347111 0.852007 -0.911009 0.017259 -0.412024
360.293314 -31.092782 89886.000688 -758.928830 0.076137 0.899544 0.430145 -0.736930 -0.239833 0.631993 -0.671668 0.365105 -0.644640
206.141157 -57.163572 52780.642700 -5836.166103 0.349612 0.870207 0.347147 -0.801288 0.085718 0.592106 -0.485499 0.485172 -0.727255
74.123173 -122.209459 16731.527892 -10962.955760 0.801564 0.597724 0.014878 -0.396111 0.512228 0.762049 -0.447874 0.616724 -0.647349
133.538397 -159.341284 29603.784467 15784.989389 0.906435 0.420301 0.041501 -0.103313 0.125379 0.986715 -0.409514 0.898681 -0.157070
259.436998 -239.566985 45976.363001 47299.650365 0.858110 0.511392 0.046104 0.065326 -0.197792 0.978065 -0.509294 0.836275 0.203135
55.935484 -20.748785 -7322.235657 -566.805872 -0.760774 0.526990 -0.378819 0.083454 0.658268 0.748144 0.643629 0.537554 -0.544773
71.560982 -27.930718 5463.527517 387.186446 0.885368 -0.353055 0.302448 0.046450 0.714505 0.698086 0.462564 0.604015 -0.649000
10.929672 -15.290473 -628.681561 517.153200 0.983352 -0.181600 -0.006428 0.175273 0.938570 0.297265 0.047950 0.293443 -0.954773
6.254762 -13.210854 -897.407669 450.207434 0.972169 -0.227000 -0.057945 0.232872 0.909251 0.345011 0.025631 0.348903 -0.936808
3.209084 -14.594144 -1067.659339 600.831741 0.956218 -0.271809 -0.108479 0.292605 0.894895 0.336964 -0.005488 0.353952 -0.935247
