18529
37051
-39.282889 -64.871120 345.023572 8515.275655 0.339408 0.939517 0.045926 0.792159 -0.259163 -0.552556 0.507234 -0.223923 0.832209
-37.320858 -67.938681 -2202.538514 6965.591595 0.441581 0.891372 -0.102282 0.761551 -0.432640 -0.482558 0.474390 -0.135196 0.869871
-44.944011 -75.691801 195.292165 4359.336646 0.301797 0.951988 0.051361 0.881360 -0.258056 -0.395742 0.363488 -0.164701 0.916924
-33.902923 -54.819668 -1912.073133 5928.805081 0.540172 0.819211 -0.192633 0.623649 -0.543367 -0.561973 0.565045 -0.183427 0.804412
-52.262378 -88.038800 2659.553309 13153.185169 -0.106743 0.962768 0.248362 0.919012 0.190874 -0.344940 0.379503 -0.191428 0.905170
-39.948612 -85.013551 -2517.998382 19976.611317 -0.024614 0.945648 0.324259 0.860230 0.185283 -0.475051 0.509311 -0.267244 0.818036
-32.024110 -57.515367 -1878.621952 11314.405657 0.278170 0.946672 0.162583 0.767295 -0.117180 -0.630497 0.577823 -0.300135 0.758973
-27.662354 -47.345600 -1968.276951 5621.290110 0.572829 0.805207 -0.153328 0.559586 -0.520848 -0.644655 0.598941 -0.283477 0.748940
130.548967 -98.540596 13240.575274 5196.317456 -0.533538 0.784739 0.315472 0.095342 0.426423 -0.899485 0.840385 0.449832 0.302332
110.314438 -87.294007 20003.213973 10092.025698 -0.638603 0.726336 0.254208 -0.000737 0.329762 -0.944064 0.769536 0.603069 0.210052
125.947271 -86.612646 12804.886142 8103.823355 -0.458615 0.811049 0.363141 -0.113325 0.351935 -0.929139 0.881379 0.467270 0.069490
108.139237 -97.517075 -25917.577850 -4356.870227 0.747361 -0.653478 -0.120075 -0.215912 -0.409780 0.886263 0.628358 0.636433 0.447347
139.158588 -93.166334 382.738631 3862.167562 -0.316684 0.856366 0.407858 0.020307 0.436011 -0.899712 0.948314 0.276642 0.155468
148.381932 -100.925612 -12692.436395 1958.291956 -0.282726 0.850098 0.444297 0.203013 0.505734 -0.838462 0.937471 0.146857 0.315565
150.417949 -108.744813 11075.549370 -3904.659063 -0.578187 0.770228 0.269164 0.329257 0.522106 -0.786763 0.746518 0.366272 0.555478
-50.517203 -77.949773 3489.896159 1630.103677 -0.433051 0.803048 0.409367 0.690969 0.004115 0.722873 0.578817 0.595901 -0.556663
-57.538455 -82.930824 4616.556498 2490.261192 -0.362045 0.873941 0.324270 -0.744253 -0.061556 -0.665055 0.561258 0.482119 -0.672719
-51.364207 -76.551535 4246.523227 -2502.747272 -0.491448 0.818016 0.298879 0.735017 0.205496 0.646159 0.467150 0.537235 -0.702246
-48.202474 -73.804780 2362.273291 -2511.523287 -0.530064 0.781031 0.330186 0.742095 0.238872 0.626287 0.410277 0.577001 -0.706217
-50.337191 -67.598895 2746.899463 -7239.946731 -0.541489 0.801510 0.253716 0.772597 0.355424 0.526086 0.331486 0.480890 -0.811703
60.999702 -47.458628 1615.212331 2299.411782 -0.178273 0.890207 0.419225 0.861378 0.347139 -0.370839 0.475653 -0.295000 0.828691
65.088134 -43.493685 2909.069344 1361.443999 -0.156369 0.903114 0.399917 0.809693 0.349088 -0.471736 0.565637 -0.250045 0.785832
50.334170 -41.466448 -18048.052378 1756.673198 -0.006234 0.808310 0.588723 0.831092 0.331590 -0.446469 0.556100 -0.486500 0.673847
58.890740 -41.423037 -14522.900165 -83.905182 0.015101 0.838351 0.544922 0.773987 0.335225 -0.537185 0.633021 -0.429875 0.643811
41.580176 -39.567154 -27423.279564 345.293587 0.129761 0.773438 0.620448 0.776790 0.309601 -0.548401 0.616246 -0.553119 0.560625
20.730881 -37.814838 -19987.036234 1381.447835 0.125684 0.780033 0.612986 0.811146 0.274946 -0.516186 0.571180 -0.562097 0.598164
20.847046 -38.959683 21791.998638 805.220961 -0.045997 -0.759959 -0.648342 0.871583 0.286586 -0.397759 0.488086 -0.583379 0.649185
-5.079847 -20.922978 -1798.059086 3175.204091 -0.255713 0.826605 0.501333 -0.557024 0.297865 -0.775243 0.790149 0.477494 -0.384271
-7.750825 -15.776059 -1573.188747 3012.612780 -0.402561 0.870763 0.282341 -0.485740 0.058233 -0.872161 0.775887 0.488243 -0.399522
-10.778854 -24.136892 -2305.754341 2470.987018 -0.306740 0.843510 0.440910 -0.499613 0.251594 -0.828907 0.810122 0.474543 -0.344254
-6.464722 -29.910636 -1728.205336 2608.301633 -0.203288 0.791680 0.576123 -0.521789 0.410296 -0.747926 0.828498 0.452659 -0.329682
-11.169140 -32.953086 -2353.103253 2984.383347 -0.211814 0.788759 0.577057 -0.487232 0.426619 -0.761972 0.847195 0.442557 -0.293945
14.621870 -47.604467 -6855.396093 104.993181 0.604043 -0.751290 0.265885 -0.590648 -0.198044 0.782249 0.535039 0.629557 0.563375
13.284743 -47.973173 -7327.377192 -673.116231 0.590955 -0.753394 0.288390 0.656368 0.241218 -0.714839 0.468991 0.611728 0.637053
2.653800 -46.914649 -5691.375947 407.419372 0.581617 -0.756270 0.299628 0.610875 0.162830 -0.774802 0.537171 0.633673 0.556691
8.130579 -45.682900 -5272.614136 -1507.080090 0.605579 -0.754206 0.253865 -0.521222 -0.134857 0.842698 0.601333 0.642641 0.474776
-7.477957 -40.909697 -491.067042 -3560.218385 -0.673464 -0.710410 0.204360 0.732694 -0.678156 0.057129 0.098003 0.188208 0.977227
-8.901115 -41.755382 546.684586 -4444.247369 -0.621930 -0.761116 0.184135 0.779116 -0.625046 0.047914 0.078624 0.173261 0.981732
-7.592994 -37.678880 287.671354 -1354.988459 0.654193 0.731261 -0.193105 0.735348 -0.674684 -0.063750 0.176903 0.100295 0.979105
0.276485 -52.753299 94.168463 2208.227039 -0.456263 -0.877213 0.149403 0.876031 -0.413334 0.248447 -0.156187 0.244239 0.957054
-0.687997 -57.438691 -119.366328 -6094.500426 0.457979 0.875907 -0.151797 0.827931 -0.358091 0.431626 -0.323707 0.323353 0.889189
-0.215941 -62.761508 -133.315043 -5299.481336 -0.428605 -0.887287 0.170352 0.843373 -0.325280 0.427686 -0.324068 0.326978 0.887730
-4.141626 -58.067130 -1871.817790 2815.302716 -0.430453 -0.880271 0.199582 0.895325 -0.444451 -0.029272 0.114471 0.166090 0.979444
-3.032333 -58.617150 2017.818250 3909.801492 0.454421 0.867676 -0.201595 0.857219 -0.487493 -0.165913 0.242235 0.097417 0.965315
-0.809691 -55.881602 751.413929 2087.191673 0.462550 0.864821 -0.195276 0.870241 -0.484976 -0.086482 0.169496 0.129935 0.976928
-7.338367 -61.051849 2130.899525 3764.067151 0.416019 0.893132 -0.171005 0.881736 -0.442182 -0.164368 0.222418 0.082401 0.971463
-1.565684 -64.473603 -1363.513770 2151.638203 -0.436661 -0.875723 0.206002 0.899625 -0.424694 0.101538 -0.001431 0.229663 0.973269
-9.017051 -60.848912 -2001.634453 1095.441219 -0.427806 -0.887770 0.169843 0.900095 -0.435587 -0.009630 0.082531 0.148755 0.985424
-5.664083 -67.262473 -1516.978202 1016.156712 -0.449707 -0.874895 0.179788 0.891689 -0.428155 0.146885 -0.051532 0.226370 0.972677
-2.590161 -88.059569 1671.243682 3553.939270 -0.040021 0.912303 0.407556 -0.779055 0.226917 -0.584449 0.625676 0.340899 -0.701653
3.205759 -83.143116 2199.238562 990.537583 -0.046291 0.919573 0.390183 -0.886168 0.142475 -0.440917 0.461046 0.366178 -0.808301
10.455911 -84.225332 4312.292977 1920.649727 -0.070163 0.923796 0.376402 -0.873557 0.125286 -0.470321 0.481638 0.361808 -0.798198
6.555888 -86.035142 2127.600966 3741.855108 -0.058377 0.937218 0.343823 -0.760679 0.181281 -0.623302 0.646498 0.297925 -0.702339
27.059113 -77.650825 11533.426845 5283.041633 -0.132445 0.927093 0.350653 -0.847490 0.077541 -0.525117 0.514022 0.366724 -0.775432
5.680856 -46.420013 4104.558150 -3362.359658 0.435123 0.798824 -0.415388 -0.453537 0.593008 0.665316 -0.777800 0.101100 -0.620328
3.634168 -47.327827 2959.446979 -3327.140985 0.429842 0.804476 -0.409943 -0.464644 0.586382 0.663522 -0.774171 0.094732 -0.625847
5.156446 -47.980394 3148.672830 -7320.684989 0.423608 0.814025 -0.397391 -0.432367 0.567194 0.700963 -0.795999 0.125115 -0.592226
4.373632 -48.081957 3188.232817 -7684.012584 0.420855 0.811407 -0.405585 -0.424124 0.571237 0.702714 -0.801873 0.123723 -0.584545
-2.131413 -78.561878 1894.340465 -783.669925 0.350103 0.896332 -0.272062 0.236118 0.196618 0.951625 -0.906464 0.397405 0.142804
-1.948796 -78.273202 -731.093069 1104.856171 0.321125 0.913109 -0.251217 0.348175 0.132857 0.927967 -0.880712 0.385461 0.275258
-3.797335 -76.395052 -667.044388 -1928.226985 0.322432 0.908748 -0.264981 0.140627 0.230840 0.962776 -0.936089 0.347693 0.053364
-0.196815 -81.523753 126.501056 1713.086316 0.341921 0.906422 -0.247972 0.449786 0.073833 0.890079 -0.825095 0.415871 0.382451
-3.577670 -73.265784 -780.187160 -1640.474655 0.322454 0.902902 -0.284239 0.041596 0.286473 0.957185 -0.945671 0.320472 -0.054817
-2.229474 -75.289171 57.041533 -3044.306098 0.323202 0.897080 -0.301311 0.032840 0.307576 0.950957 -0.945760 0.317246 -0.069950
0.422871 -80.837418 -403.279168 1994.322033 0.336545 0.906743 -0.254075 0.389849 0.111444 0.914110 -0.857178 0.406691 0.315987
16.933548 -46.702499 -9251.277621 456.034349 0.588771 -0.745232 0.313014 0.756680 0.371996 -0.537638 0.284226 0.553397 0.782922
1.021350 -46.791449 -6184.829628 577.070049 0.566510 -0.760720 0.316815 0.787887 0.387366 -0.478730 0.241456 0.520820 0.818808
3.793732 -46.815834 -8137.691041 -129.190212 0.579998 -0.745808 0.327677 0.751878 0.335308 -0.567668 0.313499 0.575620 0.755235
-15.974431 -39.366629 5147.797994 -2156.258177 0.312357 0.949261 -0.036566 0.575217 -0.158363 0.802525 -0.756015 0.271708 0.595497
-26.892391 -45.429878 7509.826438 -3082.665248 0.336817 0.940819 0.037609 0.569775 -0.235456 0.787348 -0.749607 0.243764 0.615361
-18.570482 -46.200296 6277.262513 -2911.259036 0.442795 0.886808 0.132306 0.565001 -0.390547 0.726806 -0.696209 0.247073 0.673979
-6.221413 -38.542325 3531.598061 -2050.277946 0.413782 0.906826 0.080315 0.568801 -0.326405 0.754934 -0.710809 0.266695 0.650864
-6.930465 -33.646495 3156.159107 -1670.029934 0.324793 0.944885 -0.041263 0.563552 -0.158308 0.810770 -0.759552 0.286586 0.583909
-12.668611 -33.689381 3685.150562 -660.680521 0.197692 0.957469 -0.210171 0.566441 0.063405 0.821659 -0.800039 0.281485 0.529815
3.206651 -86.027289 -142.497739 -8227.303496 0.405293 -0.216271 0.888237 -0.261030 0.903788 0.339162 -0.876129 -0.369316 0.309846
3.974476 -101.350153 -88.749071 -8721.023781 0.411051 -0.204479 0.888384 -0.130968 0.951164 0.279527 -0.902156 -0.231250 0.364196
3.609027 -87.424873 69.371895 -11647.340408 0.424748 -0.228520 0.875995 -0.294561 0.880082 0.372411 -0.856050 -0.416215 0.306500
2.548499 -74.027284 -198.885530 -9231.415688 0.412694 -0.236528 0.879624 -0.359133 0.845216 0.395771 -0.837083 -0.479234 0.263871
2.629603 -67.899239 -602.509494 -8212.112561 0.424355 -0.256353 0.868450 -0.411402 0.799800 0.437114 -0.806642 -0.542774 0.233935
-8.771493 -230.839780 -169.257080 6044.345699 -0.525600 -0.156863 -0.836145 0.839506 0.063503 -0.539626 0.137745 -0.985577 0.098310
-10.791347 -219.220213 -88.679973 23342.154994 -0.520870 -0.145743 -0.841102 0.731710 0.431247 -0.527851 0.439653 -0.890385 -0.117983
-10.105143 -248.628280 -1101.889126 37453.325853 -0.514709 -0.159029 -0.842487 0.769294 0.348144 -0.535708 0.378500 -0.923854 -0.056852
-6.583345 -232.746273 -1094.819939 -19059.704770 -0.543411 -0.172845 -0.821480 0.813709 -0.349004 -0.464837 -0.206354 -0.921043 0.330298
-7.278992 -229.013748 513.915665 656.321691 -0.550750 -0.135193 -0.823649 0.828182 -0.211320 -0.519094 -0.103876 -0.968022 0.228349
-6.322755 -259.159417 -1376.042575 3175.995865 -0.510909 -0.166660 -0.843325 0.859384 -0.075314 -0.505754 0.020774 -0.983134 0.181703
2.704279 -128.645737 -1532.325596 -6610.439318 -0.299293 0.045396 -0.953081 0.755404 -0.598953 -0.265746 -0.582914 -0.799497 0.144970
-1.039205 -120.133039 -861.180343 -7370.127257 -0.284539 0.023214 -0.958383 0.748810 -0.618845 -0.237308 -0.598599 -0.785170 0.158703
1.391036 -131.293469 -2157.290811 -8111.383002 -0.276405 -0.002278 -0.961039 0.880823 -0.400566 -0.252385 -0.384384 -0.916265 0.112725
44.543099 -45.999770 -5328.030670 -1042.875229 0.313155 -0.901407 -0.298999 0.945995 0.323860 0.014427 0.083829 -0.287369 0.954145
32.835556 -44.232938 -2275.975666 -1846.037604 0.347937 -0.902566 -0.253601 0.937019 0.325967 0.125461 -0.030571 -0.281282 0.959138
32.992459 -46.577945 -2424.360011 -874.033964 0.375505 -0.902731 -0.209935 0.922948 0.384901 -0.004240 0.084632 -0.192167 0.977706
39.206805 -48.430799 -2078.188227 -790.641464 0.344590 -0.901427 -0.262083 0.922446 0.376952 -0.083671 0.174216 -0.212925 0.961411
-16.427553 -40.967623 2666.174706 -3920.766173 -0.486002 0.516963 -0.704664 -0.457501 0.536500 0.709127 0.744644 0.667022 -0.024229
-20.606627 -41.098299 1376.860142 -2814.117572 -0.365330 0.426444 -0.827454 -0.525299 0.639400 0.561452 0.768502 0.639776 -0.009581
-20.787843 -36.875050 2999.962107 -2617.178251 -0.477265 0.506080 -0.718402 -0.419046 0.587512 0.692264 0.772411 0.631437 -0.068328
-13.932269 -39.536624 2654.006873 2704.095741 -0.555872 0.561048 -0.613376 0.366673 -0.496726 -0.786647 0.746027 0.662184 -0.070395
-18.013373 -34.239792 2916.517033 1185.532326 -0.566597 0.597943 -0.566950 0.275047 -0.511344 -0.814172 0.776735 0.617246 -0.125263
2.356156 -6.505357 -1065.354770 -796.121595 0.119696 0.986909 -0.108094 0.520398 0.030354 0.853384 -0.845493 0.158398 0.509952
3.328906 -4.107866 -748.228297 -325.261496 0.231595 0.967489 0.101628 0.456158 -0.200274 0.867070 -0.859234 0.154451 0.487711
7.607028 -3.980695 -2419.492734 -1858.173702 0.075369 0.981625 -0.175306 0.514387 0.112335 0.850168 -0.854239 0.154252 0.496469
-32.014081 -36.426053 -835.940152 -2681.244385 -0.160668 0.862499 -0.479876 0.095602 -0.470307 -0.877309 0.982368 0.186833 0.006893
-30.629890 -33.269219 1083.329971 -1991.860779 -0.283773 0.953549 0.101074 -0.011996 0.101869 -0.994725 0.958816 0.283489 0.017469
-30.846447 -35.579967 896.612048 -478.974885 -0.247161 0.965941 0.076614 0.025971 0.085643 -0.995987 0.968626 0.244179 0.046254
-27.660841 -34.828801 1448.404271 -156.218732 -0.321706 0.880116 0.349144 -0.064199 0.347623 -0.935434 0.944661 0.323349 0.055330
-31.147511 -36.252279 -499.381281 20.317433 -0.142720 0.960636 -0.238346 0.091344 -0.227000 -0.969602 0.985539 0.160153 0.055351
-26.928456 -34.192777 1163.036723 2439.029578 -0.308092 0.836968 0.452287 -0.067740 0.454906 -0.887959 0.948942 0.304211 0.083456
4.184234 -41.907670 907.746875 -1503.154330 0.607856 0.733518 -0.304075 -0.351567 -0.094748 -0.931356 0.711977 -0.673033 -0.200287
5.288279 -43.429949 -15.917947 -3639.680356 0.616540 0.734647 -0.283146 -0.273389 -0.137490 -0.952027 0.738333 -0.664372 -0.116076
3.958220 -42.126102 1423.344164 -2819.185591 0.608606 0.744121 -0.275468 -0.271323 -0.131076 -0.953521 0.745642 -0.655060 -0.122124
-12.294817 -30.158179 405.470669 2344.774079 -0.625496 0.751852 0.208504 -0.035019 0.239913 -0.970163 0.779441 0.614134 0.123735
-9.562359 -25.879212 585.743113 2813.894716 -0.626245 0.758983 0.178216 -0.064411 0.177441 -0.982021 0.776961 0.626465 0.062235
-9.787948 -28.961771 1754.233806 2580.904900 -0.646622 0.761585 0.043230 0.060925 0.108053 -0.992277 0.760374 0.638994 0.116269
33.894497 -65.499795 2517.558636 -3202.899263 0.081530 0.696600 -0.712812 -0.262544 0.704944 0.658882 0.961470 0.133426 0.240362
11.292896 -76.378496 -3661.260263 11241.275136 0.090811 0.450338 -0.888228 -0.132203 0.889471 0.437452 0.987054 0.077701 0.140310
21.788452 -56.812186 4379.111267 6556.543033 0.116539 0.795545 -0.594581 0.163966 -0.605857 -0.778494 0.979558 0.006766 0.201048
32.806968 -68.964931 901.889140 1181.315836 0.144752 0.865337 -0.479833 0.281131 -0.500923 -0.818561 0.948690 0.016407 0.315782
54.484198 -70.784693 3019.370216 408.639172 0.122523 0.772718 -0.622813 0.386153 -0.615208 -0.687317 0.914262 0.156289 0.373764
-41.633556 -69.199942 -16368.479553 48230.445466 0.555190 0.440719 0.705359 0.000582 0.847863 -0.530216 -0.831723 0.294781 0.470468
-28.800466 -79.478317 -7633.226713 27892.769174 0.491967 0.355571 0.794693 -0.106153 0.930485 -0.350613 -0.864118 0.088131 0.495513
-107.515501 -829.694869 -46067.605719 -347058.926123 0.157748 0.886202 0.435616 0.218659 -0.461537 0.859751 -0.962966 0.040373 0.266583
67.564284 -20.184363 36859.224861 -2584.858828 0.207708 0.919089 -0.334861 0.738488 0.077155 0.669837 -0.641477 0.386421 0.662711
22.904283 -14.585281 -2419.678889 19205.746184 -0.175557 0.877154 -0.446969 0.770203 0.405155 0.492582 -0.613161 0.257781 0.746714
13.178833 -31.429774 13759.026516 10178.792960 -0.188647 0.736301 -0.649826 0.702060 0.563801 0.435017 -0.686676 0.374152 0.623287
-24.230087 -43.858591 -2490.098871 -9149.499110 -0.585467 -0.630960 0.509036 -0.500124 0.775283 0.385762 -0.638047 -0.028731 -0.769461
-61.633366 -612.053712 -9418.491661 -276252.086979 0.219092 0.967966 -0.122636 -0.942680 0.242422 0.229316 -0.251699 -0.065365 -0.965596
-30.763345 -66.014581 -9126.075209 -10776.364343 -0.656415 -0.642636 0.395143 -0.451658 0.754311 0.476467 -0.604255 0.134291 -0.785393
15.987354 -58.191458 -2471.392406 5289.233793 0.209497 0.975696 -0.064253 0.105954 0.042673 0.993455 -0.972052 0.214934 0.094439
14.558480 -60.020443 -1993.851457 5854.677861 0.186164 0.976500 -0.108590 0.129098 0.085253 0.987960 -0.974000 0.197941 0.110193
17.183456 -67.632648 -3180.030636 6496.523911 0.179848 0.981217 -0.069774 0.024260 0.066484 0.997492 -0.983395 0.181090 0.011848
18.426253 -67.840392 -1723.459413 4846.112691 0.212767 0.976539 -0.033206 -0.058536 0.046662 0.997194 -0.975348 0.210226 -0.067091
15.248509 -56.826550 656.904521 4692.213041 0.268542 0.962569 -0.036677 0.075803 0.016840 0.996981 -0.960281 0.270512 0.068444
-6.297554 -46.344476 204.730665 332.980165 -0.162665 0.971466 0.172607 0.983130 0.144752 0.111811 0.083635 0.187883 -0.978624
-5.208219 -46.259743 -1983.491915 1173.537849 -0.224785 0.960359 0.164873 0.972000 0.209107 0.107190 0.068465 0.184351 -0.980473
-7.454813 -45.792470 -1142.423527 761.818105 -0.214629 0.961915 0.169272 0.966594 0.184333 0.178096 0.140111 0.201842 -0.969344
-9.055073 -46.564084 236.588066 -761.875515 -0.171124 0.969587 0.174978 0.970331 0.135065 0.200538 0.170806 0.204103 -0.963933
-9.644419 -47.061275 2184.691016 -485.125751 -0.124761 0.975177 0.182934 0.985706 0.100783 0.135003 0.113215 0.197162 -0.973812
7.592416 -62.622516 1875.300793 -12924.218060 -0.244660 0.965238 -0.091964 -0.324683 -0.170928 -0.930250 0.913632 0.197736 -0.355215
3.882325 -62.854819 -203.425388 -3001.348496 -0.234050 0.964363 -0.123385 -0.471233 -0.223532 -0.853213 0.850388 0.141551 -0.506758
7.405898 -60.808022 1311.969529 -11479.327825 -0.190564 0.981415 -0.022565 -0.383330 -0.095554 -0.918655 0.903739 0.166413 -0.394415
12.562851 -59.603608 2994.010806 -7664.669182 -0.207449 0.977321 -0.042516 -0.320536 -0.108971 -0.940947 0.924241 0.181571 -0.335873
14.596066 -57.956660 2903.211149 -7677.297343 -0.127707 0.989486 0.067883 -0.354528 0.018379 -0.934865 0.926284 0.143455 -0.348453
6.790094 -59.028881 2094.198253 -9319.866156 -0.095771 0.989765 0.105800 -0.444138 0.052631 -0.894411 0.890825 0.132649 -0.434552
1.606910 -62.028679 327.067218 1359.653126 -0.125877 0.991588 0.030127 -0.583692 -0.049473 -0.810467 0.802159 0.119604 -0.585009
-5.815561 -52.790738 -145.648685 -50.628656 0.572353 -0.810262 -0.126047 0.744662 0.449222 0.493638 -0.343353 -0.376397 0.860485
-8.783279 -55.374964 1836.304647 709.787114 0.565138 -0.811260 -0.149923 0.737989 0.415888 0.531422 -0.368770 -0.410968 0.833735
-5.946935 -53.133049 -87.914488 -385.921251 -0.555418 0.817888 0.150233 0.701943 0.364260 0.612038 -0.445855 -0.445392 0.776427
-5.268245 -51.076085 -1368.541993 -750.920613 0.564750 -0.814851 -0.130672 0.730031 0.419438 0.539562 -0.384854 -0.400112 0.831744
-3.883655 -53.204119 115.498317 -3888.474816 0.576216 -0.803690 -0.148515 0.688858 0.379788 0.617442 -0.439828 -0.458086 0.772469
-3.493940 -51.234966 303.866072 402.578706 0.577890 -0.803454 -0.143195 0.667073 0.363943 0.650045 -0.470167 -0.471176 0.746282
-0.701280 -50.896349 1603.610570 113.756097 0.578402 -0.797300 -0.172525 0.755853 0.444262 0.480955 -0.306819 -0.408589 0.859603
-2.125922 -51.835349 754.204376 1332.509868 0.578813 -0.799904 -0.158521 0.786661 0.496515 0.366929 -0.214800 -0.337085 0.916643
-3.588692 -51.203079 -402.034894 2346.821690 0.571276 -0.808843 -0.139344 0.771331 0.471053 0.427969 -0.280522 -0.351969 0.892987
1.614122 -58.369304 313.022451 -1801.709342 0.657137 -0.752806 -0.038142 0.700807 0.591547 0.398675 -0.277562 -0.288714 0.916299
2.485500 -56.194255 366.212661 1731.336747 0.667328 -0.743566 -0.042216 -0.664245 -0.568589 -0.485268 -0.336825 -0.351875 0.873346
1.650646 -60.560996 14.380360 -2304.702546 0.662531 -0.748158 -0.036233 0.711698 0.613687 0.341868 -0.233536 -0.252285 0.939049
0.527232 -57.226962 -945.240525 -2161.477841 0.665533 -0.745626 -0.033274 0.676006 0.583296 0.450312 -0.316356 -0.322191 0.892251
-11.468885 -113.282168 -283.022348 2248.954190 -0.479507 0.877537 -0.001285 0.853885 0.466244 -0.231294 0.202370 0.112005 0.972883
-8.607404 -112.695943 -54.853416 -4230.524726 -0.498970 0.866598 -0.006027 0.863823 0.497907 0.076798 -0.069554 -0.033113 0.997028
-12.208314 -115.306605 1566.618220 1270.892512 -0.475905 0.879486 -0.004297 0.866316 0.467925 -0.174768 0.151695 0.086896 0.984600
-8.678288 -112.167765 -1041.797388 1518.242773 -0.494289 0.869296 0.001626 0.855664 0.486866 -0.175502 0.153355 0.085358 0.984478
-13.293285 -107.734563 757.640640 6607.415463 -0.454031 0.890968 0.005658 0.778814 0.399947 -0.483210 0.432787 0.214985 0.875486
-10.330643 -105.184893 40.967402 6583.970233 -0.484761 0.874625 -0.006197 0.777555 0.427695 -0.460961 0.400517 0.228274 0.887399
21.407137 -44.123095 5459.753764 946.560924 -0.415151 0.868532 0.270743 0.820710 0.229141 0.523383 0.392536 0.439485 -0.807941
15.840506 -44.056685 4791.986376 -43.226388 -0.414446 0.863952 0.286045 0.846627 0.250711 0.469433 0.333852 0.436728 -0.835351
20.933056 -43.880779 2621.762273 737.806676 -0.400524 0.886848 0.230393 0.859756 0.276790 0.429193 0.316858 0.369984 -0.873334
23.783088 -43.363289 1044.206016 -2344.188227 -0.391219 0.902412 0.180554 -0.820981 -0.253564 -0.511561 0.415857 0.348364 -0.840063
19.737517 -44.745075 -3043.570784 -737.612008 -0.352013 0.926696 0.131614 -0.859620 -0.264443 -0.437176 0.370325 0.267030 -0.889693
20.791220 -45.551875 3731.090795 386.703884 -0.403389 0.881583 0.245129 0.888557 0.313430 0.335005 0.218504 0.352949 -0.909771
21.521121 -46.166252 -886.328251 339.249971 -0.365775 0.914153 0.174734 0.896610 0.295761 0.329571 0.249599 0.277217 -0.927821
-0.900713 -47.467612 -6635.414547 -119.479338 -0.251953 0.961444 0.110202 -0.905187 -0.193858 -0.378228 0.342281 0.195049 -0.919130
-3.718119 -48.477993 -7127.364588 337.137381 -0.261927 0.959852 0.100386 -0.870033 -0.189833 -0.454980 0.417657 0.206511 -0.884826
9.461202 -46.736507 -6861.268598 -264.230527 -0.312367 0.946239 0.084019 -0.839003 -0.233319 -0.491565 0.445535 0.224041 -0.866778
-6.259691 -63.792774 -52.204651 992.719770 -0.688462 0.720529 -0.082816 -0.621824 -0.645176 -0.443940 0.373303 0.254138 -0.892221
-8.236540 -67.199990 -291.070658 3803.286039 -0.693712 0.715076 -0.086190 -0.562486 -0.612609 -0.555265 0.449858 0.336714 -0.827195
-5.425405 -67.843364 -1099.038997 2818.335811 -0.669321 0.737708 -0.088296 -0.599646 -0.606542 -0.522045 0.438672 0.296469 -0.848335
-3.300392 -73.686588 -1795.038529 3604.144928 -0.650453 0.755164 -0.081469 -0.559379 -0.548831 -0.621192 0.513814 0.358484 -0.779413
-1.438397 -67.468356 -1547.963278 2446.843456 -0.652201 0.753505 -0.082845 -0.639931 -0.605864 -0.472671 0.406353 0.255261 -0.877336
-3.719480 -65.109959 -881.456991 439.495867 -0.664323 0.742090 -0.089313 -0.658265 -0.637471 -0.400398 0.354066 0.207201 -0.911979
9.799551 -120.203336 -1636.759722 7085.700637 -0.646160 0.745581 -0.163055 0.612476 0.634046 0.472079 -0.455358 -0.205171 0.866345
7.079951 -113.536378 -144.067744 5279.998928 -0.645651 0.740847 -0.185147 0.696288 0.670701 0.255624 -0.313556 -0.036128 0.948882
5.722386 -121.498566 203.376769 5211.779811 -0.659660 0.729899 -0.179154 0.668242 0.678709 0.304641 -0.343951 -0.081242 0.935466
6.783266 -119.365945 264.736839 4138.070334 -0.654552 0.732981 -0.185205 0.579796 0.643900 0.499229 -0.485179 -0.219390 0.846445
8.065172 -113.170032 -900.278819 -4662.928919 -0.655404 0.733252 -0.181074 0.458423 0.576735 0.676184 -0.600245 -0.360165 0.714134
11.709956 -115.381442 -2492.753427 -3523.903321 -0.645903 0.745721 -0.163428 0.477884 0.561891 0.675208 -0.595346 -0.358020 0.719295
-10.069860 -41.840701 -1265.389845 -4300.839591 -0.468388 0.862829 0.190105 0.410763 0.022161 0.911473 -0.782232 -0.505011 0.364798
-11.871007 -41.006346 -1188.464245 -4262.232694 -0.445854 0.877595 0.176188 0.379840 0.007265 0.925023 -0.810516 -0.479349 0.336585
-10.541152 -40.875317 -470.872682 -435.128029 -0.461587 0.872617 0.159616 0.354712 0.016636 0.934828 -0.813091 -0.488122 0.317207
-8.781786 -42.571092 -205.639281 -116.983875 -0.484140 0.861043 0.155606 0.377533 0.045130 0.924896 -0.789353 -0.506525 0.346922
2.453212 -204.424240 -1746.214539 -7851.042967 0.551255 -0.790443 0.267055 0.790581 0.392569 -0.469970 0.266647 0.470202 0.841314
3.465603 -204.763690 -661.716976 -7838.887187 0.525366 -0.811414 0.256121 0.846233 0.466863 -0.256767 0.088770 0.351635 0.931919
3.227557 -178.761978 -2195.634082 -11659.087352 0.510515 -0.811303 0.284890 0.859560 0.490386 -0.143798 -0.023042 0.318291 0.947713
0.471345 -175.226434 -1760.605193 -6339.629780 0.535771 -0.797735 0.276709 0.831956 0.442775 -0.334364 0.144214 0.409353 0.900907
-5.245522 -129.589861 -805.546162 8108.949966 0.621946 -0.754628 0.209096 -0.566718 -0.249501 0.785226 0.540384 0.606866 0.582837
-1.773527 -145.786927 1293.108557 -9292.123128 -0.623142 0.757087 -0.196247 0.440154 0.132059 -0.888158 0.646497 0.639827 0.415526
-7.340272 -142.161302 -2877.557641 -12203.088389 0.614846 -0.746447 0.254520 0.639985 0.283658 -0.714113 0.460851 0.601959 0.652121
-2.568960 -134.109433 -1336.684454 -5705.926733 -0.615817 0.771957 -0.157646 0.466579 0.196076 -0.862472 0.634881 0.604679 0.480926
-8.304042 -124.175027 -1011.295412 -2224.384549 0.619577 -0.751271 0.227412 0.665899 0.349685 -0.659013 0.415575 0.559743 0.716928
-6.540366 -130.816028 1971.247443 -94.228870 0.614184 -0.772204 0.162721 -0.593352 -0.315920 0.740357 0.520300 0.551266 0.652222
-8.817206 -36.240514 848.695020 1160.372264 -0.816184 -0.044893 0.576045 -0.021873 0.998663 0.046837 -0.577378 0.025628 -0.816075
-9.904719 -34.670327 1463.635103 929.562155 -0.821880 0.090906 0.562360 0.060275 0.995521 -0.072836 -0.566463 -0.025966 -0.823678
-5.952450 -39.098683 -464.263667 201.075157 -0.813952 0.104777 0.571405 0.040769 0.991478 -0.123730 -0.579500 -0.077415 -0.811287
14.989037 -215.144030 -3148.881690 48348.835599 -0.624846 0.774838 -0.095881 -0.354115 -0.171810 0.919284 -0.695823 -0.608364 -0.381737
22.820393 -215.492507 -2507.362257 53234.215389 -0.580010 0.809433 -0.091689 -0.304367 -0.110931 0.946074 -0.755612 -0.576639 -0.310705
20.004536 -179.378083 -3154.709828 54014.992393 -0.630737 0.770469 -0.092458 -0.154468 -0.007895 0.987966 -0.760468 -0.637428 -0.123992
1.985216 -230.406085 2126.154025 32292.748454 -0.359350 0.918802 -0.163312 0.209959 0.250117 0.945176 -0.909277 -0.305361 0.282791
4.825280 -198.196920 320.359347 12615.166489 -0.385470 0.906972 -0.169749 0.417738 0.335567 0.844328 -0.822744 -0.254552 0.508227
2.172648 -241.324646 -1165.156085 29822.564858 -0.391933 0.910136 -0.134314 0.159833 0.211137 0.964300 -0.906003 -0.356473 0.228222
0.099609 -264.569110 27.804746 26986.831336 -0.392640 0.910022 -0.133021 -0.163682 0.073182 0.983795 -0.905010 -0.408050 -0.120220
1.020646 -249.239673 1275.969823 39182.172289 -0.367222 0.915894 -0.162128 -0.010986 0.170023 0.985379 -0.930069 -0.363634 0.052375
9.277087 -153.459004 -3327.400383 -10351.083630 -0.596593 0.707361 -0.379101 0.074607 -0.421445 -0.903780 0.799069 0.567472 -0.198657
6.273107 -179.029307 -1196.570971 -7344.862162 -0.609070 0.734942 -0.298150 0.170513 -0.245791 -0.954208 0.774570 0.632018 -0.024386
11.922152 -238.512741 435.427047 -38629.630249 -0.605274 0.684178 -0.406871 0.017473 -0.499591 -0.866085 0.795825 0.531328 -0.290435
6.547357 -133.773167 -3047.051147 3265.224910 -0.599370 0.752213 -0.273737 0.169563 -0.214900 -0.961804 0.782307 0.622891 -0.001257
11.063785 -110.607634 -976.256204 -3044.180530 0.748726 -0.652390 0.117457 -0.044914 0.126858 0.990904 0.661356 0.747191 -0.065681
11.547156 -113.434607 1083.543493 -2800.434082 0.712566 -0.690232 0.125815 -0.065362 0.113238 0.991416 0.698554 0.714673 -0.035574
10.462699 -116.781600 254.684423 -7867.020610 0.733397 -0.667880 0.126749 -0.148912 0.024087 0.988557 0.663290 0.743879 0.081791
7.188093 -115.982896 -2049.780143 -5247.945926 0.761228 -0.636616 0.123501 -0.151893 0.010111 0.988345 0.630445 0.771115 0.089000
9.171842 -108.456397 -2710.321434 -988.590816 0.768776 -0.630083 0.109449 -0.055384 0.104904 0.992939 0.637116 0.769409 -0.045751
-3.389984 -28.422116 4124.679768 1905.348611 -0.345889 0.723701 0.597174 -0.375676 -0.690036 0.618643 -0.859784 0.010362 -0.510553
-8.526134 -26.763385 2584.890052 -2006.572419 -0.404771 0.634530 0.658432 0.276169 0.771260 -0.573488 -0.871717 -0.050292 -0.487421
-3.314671 -23.294292 3055.737741 -1525.708321 -0.389760 0.646684 0.655658 0.279937 0.761469 -0.584636 -0.877338 -0.044324 -0.477821
-16.128824 -35.745543 -887.466667 -358.352201 -0.607008 0.792511 -0.058882 -0.370090 -0.347476 -0.861565 0.703260 0.501185 -0.504221
-13.881669 -34.799153 -704.038319 1137.277116 -0.622019 0.781577 -0.047225 -0.420550 -0.384352 -0.821834 0.660477 0.491336 -0.567766
-15.700649 -36.161198 861.391446 -399.436289 -0.665862 0.741684 -0.080823 -0.320484 -0.382171 -0.866738 0.673734 0.551226 -0.492171
-16.664897 -35.181811 610.937984 -606.921564 -0.631320 0.773219 -0.059721 -0.293350 -0.309381 -0.904560 0.717900 0.553548 -0.422142
-15.027913 -35.717693 1095.754431 -881.672336 -0.679642 0.727566 -0.093460 -0.252932 -0.352032 -0.901165 0.688558 0.588831 -0.423280
-15.443481 -36.777902 34.216576 -230.971133 -0.681006 0.729113 -0.068017 -0.302900 -0.365039 -0.880340 0.666696 0.578914 -0.469441
2.018720 -51.825384 977.271008 -1172.906697 0.559817 -0.809720 -0.175952 0.746123 0.400225 0.532091 -0.360424 -0.429155 0.828203
2.075440 -51.984127 2366.808305 -584.559190 0.576914 -0.798172 -0.173471 0.728303 0.406521 0.551648 -0.369790 -0.444593 0.815839
3.249802 -51.685442 1521.684519 -255.721779 0.569004 -0.804407 -0.170776 0.709560 0.375300 0.596385 -0.415643 -0.460521 0.784322
-6.783774 -106.286952 1431.860642 -5160.670887 0.458059 -0.877555 -0.141698 0.844011 0.379329 0.379150 -0.278975 -0.293268 0.914422
-7.536649 -115.811150 1744.694357 -10760.411126 0.432347 -0.890031 -0.144643 0.894315 0.402753 0.194912 -0.115222 -0.213626 0.970097
-10.517787 -114.339163 1557.427963 -8045.007296 0.453125 -0.881645 -0.131830 0.869172 0.404093 0.285041 -0.198034 -0.243742 0.949406
-8.907008 -103.764419 -793.639390 -2874.323985 -0.480055 0.869278 0.117912 0.797073 0.376093 0.472471 -0.366363 -0.320796 0.873423
-11.669213 -25.713934 -3855.300652 -1677.077794 -0.482443 0.301961 0.822234 -0.257302 0.848433 -0.462554 -0.837284 -0.434718 -0.331626
-18.462444 -28.503133 -2672.103019 -648.338670 -0.448960 0.383756 0.806949 -0.261021 0.807366 -0.529177 -0.854578 -0.448210 -0.262306
-18.790955 -29.835400 -2292.333162 -2011.521116 -0.382061 0.173784 0.907650 -0.307938 0.902089 -0.302341 -0.871323 -0.395013 -0.291138
-15.432972 -28.083365 -2619.850997 -1777.582403 -0.399288 0.107900 0.910454 -0.298393 0.923690 -0.240331 -0.866909 -0.367634 -0.336622
29.692887 -2748.271253 59175.457007 -1277553.362168 0.958836 0.283877 0.006928 -0.253389 0.866360 -0.430365 0.128172 -0.410893 -0.902629
398.983663 -190.859805 -205975.590060 -97762.383351 0.895775 -0.444355 0.011681 0.022402 0.018884 -0.999571 -0.443943 -0.895652 -0.026870
-53.777825 -1945.385502 275956.182231 -530432.005389 -0.433628 0.021914 0.900826 -0.320662 0.930510 -0.176992 -0.842106 -0.365609 -0.396468
3769.391631 -14644.476215 -876838.656116 14099474.577181 0.126585 0.426183 0.895737 -0.119580 0.902971 -0.412727 -0.984722 -0.054868 0.165266
-216.524400 -537.730480 1797.151828 151598.271777 -0.797684 -0.111207 0.592734 0.195581 0.882027 0.428691 -0.570481 0.457888 -0.681829
1.276919 -1410.036592 16231.840416 -550735.932872 0.943414 0.095075 0.317697 0.301029 0.156355 -0.940710 0.139112 -0.983114 -0.118888
-36.414227 -1575.143511 12319.401134 -666852.113862 0.845905 0.064173 0.529460 0.492718 0.285957 -0.821862 0.204144 -0.956091 -0.210274
-23.278886 -205.111799 1759.146385 -67566.097857 0.839727 0.113789 0.530953 0.504217 0.199543 -0.840207 0.201554 -0.973260 -0.110188
-113.022925 -1078.403504 39209.952930 -437631.399658 0.875599 -0.008926 0.482956 0.457535 0.335909 -0.823302 0.154881 -0.941852 -0.298206
-56.292751 -373.821130 14470.909466 -178498.970450 0.930487 0.058729 0.361586 0.343497 0.203117 -0.916926 0.127294 -0.977392 -0.168824
-3.735839 -113.798397 1550.818657 41160.503196 0.911270 0.158234 0.380195 0.369189 0.095108 -0.924475 0.182443 -0.982810 -0.028251
-3.865059 -34.578735 1263.023543 13408.253926 0.947898 0.165072 0.272472 0.254714 0.120988 -0.959418 0.191339 -0.978833 -0.072637
-0.103723 -39.026631 1996.104551 21684.115084 0.946773 0.167742 0.274742 0.255253 0.128806 -0.958256 0.196129 -0.977380 -0.079134
5.551070 -67.643584 3195.823084 24190.447129 0.923009 0.172213 0.344088 0.330885 0.101179 -0.938231 0.196390 -0.979850 -0.036407
-6.667268 -52.589821 1692.535829 2396.447182 -0.363526 0.928981 -0.069593 -0.330960 -0.058957 0.941801 -0.870812 -0.365401 -0.328888
-7.507404 -47.683104 1620.703982 -5038.241785 -0.357211 0.931400 -0.069956 -0.314677 -0.049489 0.947908 -0.879420 -0.360616 -0.310768
-6.821040 -52.659957 -206.774354 3255.468715 -0.377053 0.923902 -0.065079 -0.312835 -0.060905 0.947853 -0.871760 -0.377750 -0.311994
-8.691600 -52.669949 2923.475341 1747.340180 -0.360863 0.931080 -0.053558 -0.340684 -0.078147 0.936924 -0.868166 -0.356348 -0.345404
-5.202347 -30.237640 -3095.512779 1677.633817 -0.303296 0.938691 -0.163922 -0.688606 -0.097001 0.718618 -0.658660 -0.330831 -0.675809
-6.425693 -37.494606 -3242.619216 -4969.518577 -0.353661 0.930376 -0.096567 -0.643950 -0.167295 0.746552 -0.678419 -0.326211 -0.658281
-6.878169 -29.727478 -3316.026233 834.154473 -0.312429 0.939008 -0.143707 -0.673740 -0.112391 0.730371 -0.669673 -0.325010 -0.667762
1.045364 -21.782005 -718.336960 1218.164641 0.032832 -0.188666 -0.981492 -0.563733 0.807408 -0.174061 0.825304 0.559014 -0.079849
1.482795 -21.954263 -950.534748 618.673696 -0.005714 -0.121606 -0.992562 -0.533833 0.839680 -0.099802 0.845571 0.529292 -0.069715
-0.908912 -24.805034 -1518.374988 1161.375390 0.038183 -0.192791 -0.980497 -0.517456 0.835594 -0.184451 0.854858 0.514407 -0.067855
0.157460 -21.704799 -430.782852 1357.641741 0.055345 -0.228691 -0.971925 -0.577485 0.786756 -0.218005 0.814523 0.573337 -0.088523
-39.435304 -75.522868 -3052.252854 3454.293842 0.400989 0.912977 -0.075371 0.844475 -0.400281 -0.355863 0.355064 -0.079048 0.931494
-41.010561 -71.650188 -1305.224180 5121.022270 0.460778 0.865293 -0.197363 0.774689 -0.500638 -0.386287 0.433059 -0.025098 0.901016
-38.033589 -59.598031 -760.692909 6494.138886 0.544907 0.787531 -0.287874 0.631198 -0.611260 -0.477440 0.551965 -0.078455 0.830168
89.502665 -73.556114 18323.631121 11309.631339 -0.646222 0.711745 0.275347 -0.133948 0.249417 -0.959088 0.751302 0.656666 0.065842
74.057631 -78.536398 -20063.100159 -12280.503779 0.749337 -0.645374 -0.148279 -0.015102 -0.240520 0.970527 0.662017 0.725012 0.189977
65.207058 -45.956180 8744.780587 216.964224 -0.261989 0.911640 0.316660 0.839777 0.377035 -0.390666 0.475539 -0.163574 0.864353
72.157989 -43.386676 10194.367290 692.588845 -0.244346 0.918805 0.309988 0.790182 0.373959 -0.485559 0.562057 -0.126302 0.817398
76.766265 -44.367739 8471.629164 -513.796988 -0.160301 0.909397 0.383798 0.755578 0.363246 -0.545118 0.635142 -0.202606 0.745349
-3.446155 -7.968383 22.909544 3061.479252 -0.547552 0.836414 -0.024460 -0.346831 -0.253458 -0.903032 0.761509 0.485974 -0.428876
-5.463202 -13.237690 1789.460339 2912.639615 -0.631087 0.705479 -0.322536 -0.126138 -0.503588 -0.854686 0.765388 0.498697 -0.406795
-2.990028 -13.137725 -1769.970441 4135.562163 -0.333760 0.860203 0.385557 -0.550189 0.154355 -0.820650 0.765438 0.486030 -0.421757
11.984155 -47.404248 -8658.827063 -630.777974 0.589885 -0.745608 0.310007 0.715071 0.303997 -0.629492 0.375113 0.593004 0.712486
24.944261 -47.836183 -6711.310435 -1230.687432 0.591562 -0.764227 0.256927 0.680418 0.302251 -0.667589 0.432533 0.569738 0.698794
-0.381409 -47.371569 -6852.182665 -157.699158 0.574556 -0.752725 0.321387 0.676237 0.215378 -0.704497 0.461073 0.622107 0.632767
25.874574 -46.299303 -7279.783484 -563.185830 0.585851 -0.765375 0.266419 0.727410 0.351686 -0.589229 0.357286 0.538997 0.762777
-3.861893 -47.281217 -7233.087188 -275.444036 0.569427 -0.753408 0.328830 0.721844 0.266881 -0.638527 0.393313 0.600958 0.695812
-12.532135 -60.469909 -2454.280874 574.368620 0.427103 0.868577 -0.251311 0.749609 -0.184705 0.635587 -0.505637 0.459846 0.729981
-12.865136 -67.934086 -1205.929576 -8599.123172 0.437817 0.856790 -0.272447 0.637949 -0.082526 0.765644 -0.633512 0.509019 0.582719
-12.053119 -61.646696 -1126.302184 1114.612970 0.423649 0.871467 -0.247117 0.745528 -0.180501 0.641566 -0.514498 0.456032 0.726172
-12.338840 -63.682166 1157.560639 8704.057108 -0.433840 -0.872007 0.226686 0.823556 -0.281755 0.492310 -0.365428 0.400273 0.840383
-13.877160 -63.396855 1325.774867 9635.498010 -0.442232 -0.863024 0.244172 0.830286 -0.290965 0.475357 -0.339199 0.412951 0.845231
3.238247 -46.771313 131.745406 -3819.890767 -0.487945 -0.858938 0.155352 0.872511 -0.485089 0.058420 0.025180 0.164052 0.986130
3.270670 -43.940705 -260.288485 -2230.734170 0.499132 0.852973 -0.152660 0.858409 -0.510780 -0.047312 0.118331 0.107430 0.987146
3.045791 -46.927297 268.998853 -4849.561409 -0.483180 -0.862946 0.147857 0.875016 -0.481702 0.048075 0.029736 0.152606 0.987840
-1.309169 -60.757141 986.124087 -798.711987 0.481052 0.853389 -0.200789 0.831087 -0.516813 -0.205423 0.279077 0.068054 0.957854
-5.327981 -63.450096 1665.087534 -57.911112 0.442904 0.878495 -0.179114 0.850046 -0.474975 -0.227643 0.285058 0.051431 0.957129
-3.392390 -85.632560 1553.835391 1173.558512 -0.008386 0.912535 0.408912 -0.844148 0.212751 -0.492090 0.536045 0.349309 -0.768530
6.129403 -40.630085 2641.303629 2557.432665 0.459167 0.762323 -0.456103 -0.458905 0.643163 0.612983 -0.760639 0.072154 -0.645152
2.116406 -43.041483 1197.810324 2033.717580 0.437966 0.784903 -0.438308 -0.482820 0.616638 0.621806 -0.758334 0.060706 -0.649033
-0.665044 -48.829756 622.122109 -2023.658881 0.404511 0.822307 -0.400229 -0.474142 0.562792 0.677093 -0.782023 0.084126 -0.617545
-3.088225 -76.570125 -743.699788 -1104.739494 0.331479 0.908369 -0.254927 0.241901 0.179342 0.953583 -0.911924 0.377759 0.160287
-2.052460 -74.851466 151.598742 2611.384190 0.349999 0.908106 -0.229879 0.405994 0.074101 0.910867 -0.844198 0.412131 0.342750
-1.102662 -79.729862 149.642320 967.988223 0.355719 0.908660 -0.218633 0.484217 0.020902 0.874698 -0.799374 0.417012 0.432553
-37.649897 -48.424788 8210.175126 -3176.254262 0.286982 0.957110 0.039764 0.565378 -0.202741 0.799527 -0.773297 0.206968 0.599312
-33.975024 -53.365570 7655.149828 -3876.349363 0.485876 0.833253 0.263843 0.527309 -0.520202 0.671815 -0.697044 0.187292 0.692136
3.419835 -97.422036 -544.259715 -8446.137367 0.392912 -0.200727 0.897401 -0.146799 0.949679 0.276694 -0.907783 -0.240454 0.343674
3.975680 -110.363598 -484.523895 -7401.092023 0.396185 -0.198393 0.896481 0.011067 0.977338 0.211396 -0.918104 -0.073831 0.389402
4.905699 -112.081209 -32.657568 -4339.042396 0.414292 -0.202729 0.887279 0.037931 0.977876 0.205718 -0.909353 -0.051572 0.412816
-4.840348 -89.232267 2294.637449 2402.879926 -0.024015 0.905745 0.423143 -0.735063 0.270878 -0.621536 0.677573 0.325963 -0.659275
-10.476892 -196.411236 -8.614019 23252.189788 -0.528083 -0.119992 -0.840673 0.700447 0.498148 -0.511100 0.480107 -0.858749 -0.179016
-11.528485 -180.209094 -501.737677 18631.898591 -0.502452 -0.120454 -0.856174 0.567686 0.700937 -0.431764 0.652131 -0.702978 -0.283807
-10.507419 -210.748186 -448.669351 38007.752865 -0.497891 -0.151386 -0.853924 0.603739 0.646358 -0.466605 0.622578 -0.747866 -0.230419
