15958
31909
-20.578938 -32.122855 172.345202 -2321.357920 0.880872 -0.140840 0.451917 -0.291685 -0.913417 0.283882 -0.372806 0.381881 0.845684
-20.666502 -32.385025 543.938056 1849.081108 0.746961 -0.369967 0.552425 0.496499 0.863000 -0.093377 -0.442196 0.344028 0.828316
-25.121521 -38.662394 -178.611531 1728.853001 0.872013 -0.099243 0.479316 0.190372 0.970897 -0.145316 -0.450945 0.217966 0.865528
-16.829351 -24.169301 218.383036 1133.397367 0.539597 -0.596131 0.594528 0.748592 0.662866 -0.014773 -0.385286 0.453030 0.803940
-26.796889 -42.651793 -697.147651 2978.967621 0.905026 0.180096 0.385348 -0.066815 0.954887 -0.289354 -0.420075 0.236126 0.876231
-21.691934 -44.382376 363.754485 4497.777711 0.931970 0.209980 0.295534 -0.084319 0.918379 -0.386615 -0.352594 0.335394 0.873606
-14.832090 -33.662238 1185.026258 -4174.809089 0.957366 0.054864 0.283619 -0.081362 -0.890842 0.446967 -0.277182 0.450987 0.848399
-14.005694 -22.887294 757.779114 -1464.681804 0.818583 -0.343431 0.460410 -0.506922 -0.808871 0.297921 -0.270097 0.477265 0.836221
-18.258711 -39.027126 4892.806099 -614.429949 0.960992 -0.161083 0.224827 -0.003473 -0.819854 -0.572562 -0.276555 -0.549447 0.788432
-26.304140 -37.967884 1718.677692 297.392411 0.939245 -0.136541 0.314922 0.014213 -0.901219 -0.433132 -0.342954 -0.411293 0.844524
-29.556118 -37.344606 925.636095 466.875492 0.902555 -0.335474 0.269910 -0.103660 -0.777720 -0.620005 -0.417909 -0.531610 0.736711
-24.208786 -38.371491 1802.993302 784.456794 0.926221 -0.225334 0.302223 0.046004 -0.728140 -0.683883 -0.374163 -0.647330 0.664052
-5.204500 -43.488955 5940.792977 2548.135514 0.970340 -0.102024 0.219159 0.081126 -0.716575 -0.692776 -0.227723 -0.690008 0.687045
9.919538 -47.616732 8536.570785 -3990.179941 0.983639 -0.132717 0.121818 -0.056760 -0.870090 -0.489615 -0.170973 -0.474690 0.863388
18.316904 -67.176969 5472.822723 8924.310827 0.967091 -0.109301 0.229757 0.118130 -0.606901 -0.785949 -0.225345 -0.787225 0.574017
8.300401 -51.484929 9151.669703 5684.743663 0.984414 0.071200 0.160811 0.171844 -0.583900 -0.793430 -0.037405 -0.808697 0.587034
31.206336 -62.945797 8395.946715 12857.994113 0.949177 0.096281 0.299656 0.310540 -0.441560 -0.841778 -0.051269 -0.892051 0.449018
49.693316 -213.595332 6093.474848 62189.917184 0.912414 -0.209100 0.351821 0.285773 -0.289872 -0.913405 -0.292976 -0.933944 0.204728
47.513178 -24.203356 2373.608554 -167.530517 0.813629 0.563968 -0.141235 0.350346 -0.669478 -0.655024 0.463967 -0.483466 0.742291
50.325361 -22.518350 -4910.788771 -244.647654 0.902175 0.428105 0.052987 0.362942 -0.686925 -0.629608 0.233140 -0.587248 0.775104
47.850363 -23.629159 2519.664004 221.427478 0.811003 0.569371 -0.134500 -0.395229 0.702710 0.591602 0.431355 -0.426632 0.794932
42.529103 -25.369907 8480.235384 -61.149228 0.662170 0.679828 -0.315220 0.383791 -0.668971 -0.636540 0.643611 -0.300519 0.703885
11.537807 -27.596963 1364.249224 44.126058 0.496851 0.627629 0.599350 0.076598 0.656215 -0.750676 -0.864449 0.418883 0.277966
10.151896 -27.386854 1513.260962 -470.064507 0.505117 0.623634 0.596605 -0.191122 -0.593284 0.781976 -0.841623 0.509014 0.180487
8.143916 -27.801897 1634.397037 135.769592 0.524873 0.618467 0.584813 0.123114 0.624675 -0.771119 -0.842230 0.476738 0.251733
7.139342 -27.596639 1145.052118 -590.453113 0.527056 0.621198 0.579935 -0.233848 -0.550056 0.801719 -0.817023 0.558168 0.144644
556.461098 -34.482086 113947.394659 -924.462531 -0.350964 0.237000 -0.905900 0.845501 0.495985 -0.197805 0.402433 -0.835362 -0.374457
819.961934 -47.857377 -165971.486213 1223.662859 0.094271 -0.421028 -0.902135 0.790386 0.582622 -0.189317 0.605312 -0.695188 0.387699
1858.679967 -50.497207 360539.256242 -947.156249 -0.477165 0.301730 -0.825392 0.756067 0.619702 -0.210550 0.447968 -0.724519 -0.523829
343.235448 -32.081519 71371.518643 523.744217 -0.629742 0.598341 -0.495392 0.767835 0.576099 -0.280251 0.117709 -0.556865 -0.822220
222.801037 -37.248829 -45609.023539 828.712981 0.726048 -0.501747 0.470217 0.650096 0.723712 -0.231553 0.224121 -0.473805 -0.851633
-1.222133 -34.943355 115.198575 34.160260 0.753424 -0.234518 0.614291 0.622403 -0.046926 -0.781289 -0.212052 -0.970979 -0.110610
-1.106275 -35.325028 -88.840613 -1582.235847 0.771131 -0.244141 0.588008 0.542828 -0.230515 -0.807590 -0.332710 -0.941944 0.045231
-1.729634 -33.105149 176.689519 370.525390 0.743855 -0.243628 0.622354 0.630137 -0.054668 -0.774557 -0.222727 -0.968327 -0.112854
-1.990135 -35.149242 62.579358 -2176.041034 0.766764 -0.249534 0.591444 0.541386 -0.243691 -0.804683 -0.344925 -0.937202 0.051759
-2.037226 -35.185785 231.143954 2222.190075 0.732116 -0.254470 0.631864 0.668452 0.089907 -0.738301 -0.131067 -0.962892 -0.235923
-1.603417 -35.863877 242.529745 1831.559620 0.729184 -0.244784 0.639040 0.675021 0.103885 -0.730448 -0.112415 -0.963996 -0.240986
-2.251375 -34.172374 111.836057 2173.359109 0.724062 -0.265340 0.636655 0.674443 0.079078 -0.734080 -0.144435 -0.960907 -0.236213
-2.331813 -31.655912 144.671702 -139.159670 0.742784 -0.254228 0.619387 0.617889 -0.095983 -0.780385 -0.257846 -0.962370 -0.085790
-2.676751 -51.110112 258.580934 -1427.638544 0.891700 -0.056857 0.449041 0.190213 0.947296 -0.257778 -0.410718 0.315275 0.855519
-5.731259 -44.741621 493.593944 -2449.445804 0.893030 -0.037959 0.448393 0.079970 0.993962 -0.075126 -0.442834 0.102948 0.890674
-3.469532 -48.820441 437.163516 -2242.167342 0.907272 -0.011255 0.420394 0.096161 0.978710 -0.181326 -0.409403 0.204937 0.889039
-2.497486 -42.600707 176.103628 -2629.154584 0.906154 -0.011288 0.422797 0.045484 0.996447 -0.070879 -0.420495 0.083457 0.903448
-0.872975 -51.599859 346.894491 -2240.293474 0.914869 0.019822 0.403264 0.106414 0.951641 -0.288194 -0.389475 0.306572 0.868517
0.283051 -68.481153 -137.169938 1339.619069 0.956888 0.016728 0.289975 0.209001 -0.732932 -0.647402 -0.201702 -0.680097 0.704830
-0.075867 -67.550716 -140.428017 972.848826 0.957617 0.015982 0.287602 0.200778 -0.752968 -0.626680 -0.206539 -0.657863 0.724263
0.448242 -62.454370 34.970831 3567.909455 0.952330 0.038602 0.302616 0.281391 -0.494314 -0.822479 -0.117838 -0.868426 0.481613
-0.071778 -71.312419 -87.887005 -1133.059340 0.959450 0.001219 0.281877 0.129447 -0.890217 -0.436758 -0.250399 -0.455536 0.854276
0.476823 -68.732230 365.561482 2687.427118 0.959802 0.040611 0.277723 0.236907 -0.647827 -0.724013 -0.150514 -0.760704 0.631407
-0.069778 -72.891797 205.701905 -211.633342 0.963202 0.012639 0.268483 0.153442 -0.845982 -0.510657 -0.220677 -0.533062 0.816790
2.606584 -22.788770 -439.375824 151.878385 -0.551049 0.350376 -0.757352 0.713077 0.669123 -0.209276 0.433436 -0.655371 -0.618564
1.064267 -21.910495 -216.688390 160.466153 -0.572534 0.337791 -0.747062 0.744449 0.595948 -0.301069 0.343512 -0.728522 -0.592668
0.162501 -22.932391 -504.047188 -37.815898 -0.563626 0.327467 -0.758348 0.714571 0.653844 -0.248749 0.414384 -0.682095 -0.602522
71.117302 -5.921278 -12897.707662 -1096.099774 0.012374 -0.774554 -0.632387 0.953036 0.200528 -0.226960 0.302604 -0.599879 0.740659
580.414806 -19.820878 -105866.917748 -180.727393 -0.061436 -0.731145 -0.679450 0.953808 0.157555 -0.255786 0.294067 -0.663780 0.687693
74.189857 -2.414867 -13888.162234 -244.312868 -0.065065 -0.827719 -0.557358 0.938462 0.139103 -0.316133 0.339200 -0.543628 0.767732
11.195541 -1.923542 -2033.961230 -622.228298 -0.252486 -0.848597 -0.464902 0.908181 -0.042057 -0.416460 0.333854 -0.527365 0.781298
12.463959 -5.051132 -2877.345197 -1488.143255 0.016472 -0.794019 -0.607669 0.956322 0.189908 -0.222222 0.291850 -0.577467 0.762467
34.947636 -21.200486 5188.612339 -1792.605796 -0.603514 -0.216864 -0.767295 0.704403 -0.595912 -0.385622 -0.373613 -0.773213 0.512401
17.056219 -15.495802 3596.513190 -873.930358 -0.465946 -0.194828 -0.863097 0.790003 -0.530909 -0.306643 -0.398483 -0.824729 0.401290
34.390435 -13.962031 4907.456549 -708.177550 -0.429525 -0.225133 -0.874542 0.786113 -0.569836 -0.239401 -0.444448 -0.790318 0.421738
-0.952616 -25.730995 -200.913666 -401.408084 0.640414 -0.492258 0.589536 0.686851 0.023609 -0.726415 0.343665 0.870129 0.353227
-0.179523 -24.359660 159.666634 79.520863 0.692934 -0.496171 0.523122 -0.674586 -0.190042 0.713314 0.254511 0.847171 0.466397
-1.108533 -26.192953 -437.466532 -325.182257 0.653814 -0.485052 0.580734 0.693433 0.076980 -0.716397 0.302784 0.871091 0.386682
0.141732 -23.163238 -4.456738 77.054884 0.684480 -0.497608 0.532798 -0.659034 -0.109864 0.744046 0.311708 0.860416 0.403140
-0.238336 -24.987682 -50.269126 -439.989639 0.630258 -0.504700 0.589961 0.665187 -0.040839 -0.745559 0.400377 0.862328 0.309981
371.497681 -23.047824 83431.741150 442.064351 -0.358762 0.758057 0.544645 0.804757 0.546820 -0.230985 0.472923 -0.355438 0.806230
329.494791 -28.009815 65623.301799 745.243489 -0.284351 0.740129 0.609388 0.820411 0.516731 -0.244774 0.496054 -0.430347 0.754143
214.775969 -24.633443 41806.524673 -1188.947015 -0.187502 0.822114 0.537560 0.880145 0.383592 -0.279647 0.436106 -0.420696 0.795504
-3.151739 -132.643574 104.204330 3000.461286 0.706073 -0.315362 -0.634040 0.056635 0.917642 -0.393352 0.705870 0.241826 0.665783
-3.241310 -123.648263 -87.121170 9507.804590 0.708849 -0.313775 -0.631727 -0.218402 0.753960 -0.619552 0.670696 0.577139 0.465915
-5.014784 -132.079047 170.650737 10159.235441 0.698935 -0.299772 -0.649327 -0.258948 0.740241 -0.620475 0.666660 0.601814 0.439755
-5.320071 -130.245545 430.547956 3128.572854 0.701542 -0.305159 -0.643985 -0.004529 0.901748 -0.432237 0.712614 0.306150 0.631232
-4.133015 -124.556707 324.716108 -3981.074687 0.704611 -0.318049 -0.634325 0.261913 0.947374 -0.184077 0.659489 -0.036435 0.750831
-2.986610 -139.390752 18.139522 -7457.543353 0.708794 -0.319636 -0.628843 0.376751 0.925191 -0.045616 0.596381 -0.204585 0.776193
10.360847 -63.642018 1120.524125 -6363.500100 0.708622 -0.305270 -0.636133 -0.491571 0.433173 -0.755460 -0.506175 -0.848040 -0.156894
13.102633 -68.794921 566.928386 -6369.678548 0.660604 -0.341206 -0.668716 -0.415284 0.575969 -0.704130 -0.625413 -0.742858 -0.238790
12.516378 -59.405760 -430.097912 -5281.399418 0.634137 -0.369283 -0.679338 -0.503362 0.469758 -0.725227 -0.586939 -0.801846 -0.112009
8.824840 -47.138214 -250.839289 -1597.091082 0.657835 -0.364421 -0.659129 -0.574760 0.322660 -0.752025 -0.486728 -0.873549 -0.002802
8.737804 -43.229130 913.814475 -2520.712235 0.740869 -0.308472 -0.596623 -0.527549 0.282526 -0.801169 -0.415699 -0.908309 -0.046581
-11.425401 -23.870752 -548.285224 -224.399144 0.267227 0.672526 0.690144 0.738559 -0.602966 0.301600 -0.618968 -0.429116 0.657828
-12.282498 -25.050081 36.375575 -82.232151 0.295052 0.702363 0.647789 0.778840 -0.569528 0.262766 -0.553492 -0.426994 0.715068
-11.686129 -24.516664 -424.478966 -33.943348 0.312184 0.655620 0.687535 0.693155 -0.652097 0.307091 -0.649675 -0.380699 0.658020
-13.107800 -25.136727 289.787203 -83.875547 0.401910 0.661394 0.633267 -0.702178 0.666497 -0.250455 -0.587720 -0.344005 0.732288
-8.799915 -23.719878 -1300.075239 53.159948 0.273209 0.617233 0.737821 -0.698501 0.654653 -0.289008 -0.661402 -0.436409 0.609995
-9.838430 -24.164729 -1225.617779 -105.888998 0.314496 0.593660 0.740716 -0.598185 0.729826 -0.330953 -0.737067 -0.339001 0.584646
-1.041535 -48.035571 -189.135382 -196.744148 -0.497660 0.123619 0.858518 0.855900 0.230436 0.462962 -0.140602 0.965203 -0.220484
-1.520285 -51.408861 -209.140819 -1420.041149 -0.534570 0.127444 0.835460 0.845110 0.086359 0.527571 -0.004913 0.988079 -0.153869
-1.531376 -50.435148 -339.998402 -857.941852 -0.522625 0.138057 0.841311 0.851712 0.040466 0.522446 0.038083 0.989597 -0.138734
32.071127 -21.358628 -1402.204640 159.828196 0.792227 0.600446 0.108819 0.610180 -0.777264 -0.153428 0.007544 -0.187949 0.982150
27.004266 -21.262378 -1535.832966 176.100879 0.787410 0.577897 0.214525 0.605203 -0.790860 -0.090935 -0.117108 -0.201434 0.972476
25.140641 -20.745193 1174.839762 165.773201 0.793313 0.608057 0.030352 0.608679 -0.791103 -0.060546 0.012804 -0.066507 0.997704
-14.230916 -24.273247 501.443925 -507.896798 0.201675 -0.114080 0.972786 0.967466 0.178106 -0.179686 -0.152761 0.977376 0.146288
-12.360750 -24.548475 123.531886 -39.716742 0.190594 -0.172609 0.966375 0.976147 0.137592 -0.167946 -0.103976 0.975333 0.194716
-13.386190 -25.029104 614.680110 -31.425179 0.152284 -0.158452 0.975552 0.987879 0.054447 -0.145365 -0.030082 0.985864 0.164823
0.696918 -53.592293 -267.102311 1681.074301 0.916885 0.167919 0.362111 -0.142664 -0.709411 0.690205 -0.372784 0.684500 0.626492
0.172157 -48.203284 -171.457790 1585.153610 0.913576 0.150449 0.377815 -0.093414 -0.826570 0.555027 -0.395794 0.542353 0.741081
-0.654396 -49.109072 -197.828474 1596.622502 0.912420 0.153804 0.379254 -0.119892 -0.785584 0.607028 -0.391300 0.599334 0.698343
-1.123857 -52.761905 -271.848218 708.583263 0.916672 0.186691 0.353354 -0.173896 -0.609754 0.773279 -0.359823 0.770290 0.526480
-1.417174 -7.289252 -9.099198 -397.702675 -0.627769 -0.221800 0.746131 0.411199 0.719387 0.559819 -0.660925 0.658245 -0.360405
-0.888268 -8.560900 289.810125 -359.493426 0.649766 0.229792 -0.724568 0.405250 0.701728 0.585962 -0.643099 0.674369 -0.362836
-1.110855 -6.253709 -244.141994 -493.080323 -0.690124 -0.320379 0.648912 0.293898 0.695325 0.655856 -0.661327 0.643336 -0.385701
-0.824787 -6.796645 -431.234050 -435.326131 -0.710585 -0.343405 0.614119 0.260183 0.682700 0.682807 -0.653738 0.644975 -0.395769
-0.986971 -4.954541 -314.750185 -341.842941 -0.744227 -0.501610 0.441037 0.069913 0.598178 0.798308 -0.664258 0.624957 -0.410111
-93.174940 -6626.074552 -11285.566839 1882735.610714 -0.202621 -0.796043 0.570316 0.977157 -0.202478 0.064545 0.064096 0.570367 0.818885
-108.665503 -223.798993 19008.293144 33011.459325 0.433467 0.815748 -0.382964 0.597780 -0.578289 -0.555194 0.674362 -0.011730 0.738307
-55.103118 -205.340282 823.962342 29691.629348 0.311797 0.864095 -0.395123 0.616583 -0.500411 -0.607795 0.722917 0.054117 0.688813
-129.036795 -917.783447 -2247.839610 158004.298035 0.271729 0.822489 -0.499675 0.776926 -0.493888 -0.390462 0.567934 0.282111 0.773217
-20.990476 -223.853934 -6601.828135 -23877.764478 0.959870 0.059996 0.273953 -0.130029 0.960715 0.245194 0.248480 0.270976 -0.929962
-37.405627 -222.581388 6194.476351 -35225.256918 -0.943727 0.088139 -0.318765 0.150800 0.972487 -0.177562 0.294345 -0.215640 -0.931053
-7.077778 -284.638847 -3965.566296 -49635.726376 0.957546 -0.025934 0.287113 0.106128 0.957712 -0.267440 0.268036 -0.286557 -0.919805
-41.646544 -199.442057 7429.987245 -22147.221352 -0.934126 0.036729 -0.355049 -0.029726 0.983232 0.179920 0.355704 0.178622 -0.917371
2.812290 -232.794500 866.074889 -25848.124966 -0.917146 -0.001017 -0.398551 -0.123979 0.951110 0.282875 0.378778 0.308849 -0.872433
-3.502836 -28.055595 -77.836093 -1273.163176 -0.656314 0.286912 -0.697806 0.747291 0.119761 -0.653616 -0.103961 -0.950441 -0.293007
-3.573702 -30.836323 165.719776 543.883894 0.705627 -0.279778 0.651011 0.696221 0.102879 -0.710417 -0.131783 -0.954537 -0.267381
-3.876766 -26.877954 -339.873430 -1008.735641 -0.667908 0.289352 -0.685693 0.736502 0.124423 -0.664894 -0.107073 -0.949102 -0.296211
-2.718247 -31.750539 76.515278 347.348917 0.710594 -0.270206 0.649650 0.693534 0.113348 -0.711451 -0.118602 -0.956107 -0.267941
-2.604716 -28.663067 -74.635582 -1413.476416 -0.670312 0.275018 -0.689236 0.738415 0.155008 -0.656290 -0.073654 -0.948861 -0.306981
12.442503 -53.287387 -462.991959 -330.893141 0.806588 0.449882 -0.383435 -0.591082 0.620680 -0.515150 -0.006233 -0.642155 -0.766550
17.857798 -56.724363 -512.526080 -1583.132008 0.754970 0.463841 -0.463543 -0.639815 0.675962 -0.365666 -0.143726 -0.572649 -0.807104
16.966313 -48.591726 694.080834 -371.663391 0.747993 0.468186 -0.470433 -0.662657 0.566650 -0.489687 -0.037306 -0.678019 -0.734097
8.826094 -46.573862 193.338947 -501.064764 0.807058 0.445711 -0.387298 -0.578852 0.467720 -0.667958 0.116569 -0.763269 -0.635478
5.361098 -50.989834 191.905936 -12.923347 0.866126 0.440703 -0.235808 -0.461086 0.522378 -0.717301 0.192936 -0.730001 -0.655648
3.889990 -10.327849 -211.976361 -300.706176 0.810891 0.564267 0.155107 -0.116836 0.415821 -0.901910 0.573415 -0.713229 -0.403112
6.037106 -10.533599 -357.088643 -329.615418 0.807450 0.534821 0.248982 -0.039702 0.470354 -0.881584 0.588599 -0.701950 -0.401021
5.711305 -12.306296 -390.512490 -446.101632 0.812104 0.561980 0.157054 -0.145647 0.455857 -0.878056 0.565044 -0.690198 -0.452054
2.765886 -12.191576 -458.740566 -499.974081 0.810658 0.580138 0.079203 -0.203404 0.405872 -0.891008 0.549054 -0.706192 -0.447026
1.643747 -10.221499 -334.451399 -371.062305 0.806011 0.588293 0.065247 -0.187669 0.358543 -0.914455 0.561361 -0.724816 -0.399394
-0.297961 -19.854413 323.602541 872.733931 -0.590048 -0.243261 0.769849 0.214920 0.871799 0.440200 -0.778237 0.425195 -0.462121
3.545262 -25.887109 1097.614524 2432.315748 -0.606723 -0.388537 0.693488 0.054628 0.849966 0.523999 -0.793034 0.355806 -0.494469
2.794056 -15.572119 1393.328471 1367.439625 -0.594002 -0.368311 0.715199 0.132406 0.832153 0.538508 -0.793493 0.414571 -0.445534
-1.252685 -25.355638 101.807373 1491.956962 -0.606485 -0.265558 0.749436 0.164119 0.880464 0.444800 -0.777972 0.392762 -0.490406
0.748291 -15.459306 443.579479 -398.431168 -0.516810 -0.061688 0.853875 0.383097 0.875299 0.295107 -0.765600 0.479631 -0.428731
-1.374746 -20.135468 69.405705 266.665409 -0.570837 -0.128704 0.810913 0.328626 0.869265 0.369300 -0.752429 0.477298 -0.453913
4.729420 -23.288985 921.720685 778.163450 0.830898 0.334100 0.444956 -0.556392 0.507617 0.657840 0.006084 0.794168 -0.607668
0.881136 -23.412813 345.677657 604.210280 0.825475 0.351610 0.441544 -0.564337 0.529005 0.633780 0.010736 0.772349 -0.635107
2.906604 -20.573469 753.184316 694.057078 0.840050 0.326315 0.433399 -0.541763 0.462715 0.701703 -0.028436 0.824265 -0.565489
6.077287 -20.362784 1178.127498 884.562995 0.850247 0.314125 0.422382 -0.523952 0.428003 0.736401 -0.050541 0.847431 -0.528495
2.312017 -18.349058 724.989744 961.531115 0.850136 0.318556 0.419274 -0.521484 0.399018 0.754214 -0.072961 0.859829 -0.505342
2.179591 -27.010709 95.099419 -184.103357 0.595925 0.677215 0.431571 -0.689545 0.706971 -0.157225 -0.411583 -0.203894 0.888272
2.680614 -27.530242 -0.691554 237.371260 0.574293 0.684994 0.448298 0.737501 -0.670603 0.079898 -0.355359 -0.284735 0.890307
2.743128 -28.131461 133.037581 -71.698152 0.597093 0.669747 0.441497 -0.661934 0.722263 -0.200448 -0.453126 -0.172556 0.874586
2.251860 -27.611543 122.031430 10.172862 0.616272 0.653487 0.439504 -0.600655 0.750963 -0.274352 -0.509336 -0.094915 0.855317
1.364855 -26.305334 99.294498 13.993752 0.613862 0.663363 0.427929 -0.633278 0.737461 -0.234757 -0.471310 -0.126890 0.872792
-5.912766 -43.190583 -200.007275 -5394.951696 -0.448675 -0.794439 -0.409338 0.870831 -0.285699 -0.400037 0.200857 -0.535951 0.820008
-4.931506 -41.061988 -184.428940 -4898.771350 -0.406735 -0.816365 -0.410018 0.891498 -0.256685 -0.373287 0.199493 -0.517359 0.832191
-4.993581 -28.649604 -162.883613 -3495.168204 -0.462878 -0.789995 -0.402059 0.877246 -0.343160 -0.335680 0.127215 -0.508083 0.851861
-2.912500 -43.057454 -56.317045 173.404973 0.442864 0.742176 0.503036 -0.123918 -0.505004 0.854175 -0.887984 0.440619 0.131680
-1.408128 -43.332551 -735.234268 891.687886 0.424553 0.764111 0.485685 -0.228558 -0.428608 0.874103 -0.876080 0.482110 0.007324
0.197740 -42.644769 -1047.584857 237.505027 0.415737 0.782471 0.463575 -0.055897 -0.486765 0.871743 -0.907766 0.388328 0.158628
-0.763097 -41.622282 -573.734524 -342.403883 0.432130 0.764890 0.477710 0.027928 -0.540819 0.840675 -0.901379 0.349940 0.255066
3.444922 -45.204023 -1546.475683 -846.232950 0.403095 0.798866 0.446462 0.116751 -0.528756 0.840706 -0.907680 0.286760 0.306407
-3.401250 -28.642542 297.871363 1068.045371 -0.418757 -0.774548 -0.474043 0.902497 -0.412861 -0.122661 -0.100707 -0.479188 0.871916
-4.226564 -26.750718 374.905036 2028.014376 -0.398333 -0.788575 -0.468488 0.916113 -0.367359 -0.160577 -0.045476 -0.493151 0.868754
-4.554952 -33.543947 429.291352 1466.928029 -0.427218 -0.770094 -0.473751 0.887595 -0.457019 -0.057518 -0.172219 -0.445072 0.878779
-3.711086 -23.222396 79.614622 1169.002895 -0.422711 -0.785855 -0.451384 0.905695 -0.348661 -0.241147 0.032126 -0.510752 0.859128
-3.529645 -35.665616 413.040941 1467.200570 -0.443958 -0.758532 -0.477002 0.865721 -0.500428 -0.009966 -0.231146 -0.417375 0.878846
-2.124930 -31.593251 173.727325 1211.315365 -0.424834 -0.770341 -0.475491 0.884039 -0.466125 -0.034689 -0.194916 -0.435089 0.879036
-1.861354 -27.193325 152.350740 659.616462 -0.422277 -0.770036 -0.478253 0.899672 -0.420510 -0.117306 -0.110780 -0.479807 0.870352
-3.011086 -25.515619 61.613239 222.348652 -0.463078 -0.761423 -0.453645 0.886316 -0.398910 -0.235193 -0.001882 -0.510986 0.859587
8.091456 -20.022951 -239.219139 509.383215 0.829688 0.416904 0.371225 -0.529555 0.377429 0.759683 -0.176604 0.826885 -0.533922
8.090023 -20.390884 361.755431 636.866913 0.846399 0.368920 0.384065 -0.517835 0.401785 0.755259 -0.124319 0.838133 -0.531110
8.872360 -17.563149 452.857229 100.981442 0.869067 0.358785 0.340582 -0.462678 0.345856 0.816280 -0.175077 0.866981 -0.466574
6.554225 -17.323129 922.676751 532.543741 0.873806 0.315147 0.370331 -0.472399 0.369513 0.800187 -0.115334 0.874152 -0.471758
8.273768 -19.338435 -283.559910 -50.223277 0.832018 0.426566 0.354665 -0.509107 0.333185 0.793598 -0.220353 0.840850 -0.494384
-0.357192 -40.015412 -216.313120 -909.606363 -0.571631 -0.633363 -0.521622 0.695248 -0.036279 -0.717853 0.435738 -0.773004 0.461082
-0.509041 -43.110957 -408.207386 1132.810586 -0.601980 -0.642970 -0.473508 0.718568 -0.177574 -0.672404 0.348253 -0.745022 0.568913
-1.191826 -36.018549 -203.984136 592.310757 -0.593765 -0.629192 -0.501558 0.718344 -0.133663 -0.682727 0.362527 -0.765671 0.531341
-1.180308 -36.273018 -329.649013 -1515.154103 -0.544548 -0.641809 -0.539952 0.707758 -0.006187 -0.706428 0.450051 -0.766840 0.457615
-1.748785 -34.352669 -13.174257 -604.211126 -0.553239 -0.630330 -0.544620 0.728808 -0.049615 -0.682919 0.403443 -0.774740 0.486838
-1.028968 -28.011226 172.925112 -65.897930 0.623625 0.540422 0.564833 -0.405633 -0.393952 0.824781 -0.668247 0.743469 0.026465
-0.025047 -28.078672 -123.274138 220.639435 0.605672 0.544195 0.580528 -0.469527 -0.344597 0.812894 -0.642421 0.764921 -0.046802
-0.418680 -26.685554 251.913547 130.071522 0.595300 0.505708 0.624401 -0.532665 -0.333421 0.777881 -0.601569 0.795669 -0.070888
2.566543 -28.544219 -1118.565711 -411.669308 -0.725150 -0.502282 -0.471032 -0.393111 0.863596 -0.315698 0.565351 -0.043761 -0.823689
5.863149 -27.868686 -874.827616 -566.527417 -0.718358 -0.532820 -0.447285 -0.409439 0.843619 -0.347371 0.562425 -0.066401 -0.824178
2.754595 -27.620027 -914.783008 -206.505620 -0.726812 -0.509678 -0.460404 -0.333419 0.847865 -0.412258 0.600479 -0.146127 -0.786175
-2.096443 -27.465494 -1122.738395 -392.963285 -0.726203 -0.484734 -0.487506 -0.296299 0.860562 -0.414294 0.620352 -0.156414 -0.768569
-1.465050 -25.877802 -734.101697 -103.285704 -0.736839 -0.492298 -0.463369 -0.236018 0.829578 -0.506060 0.633533 -0.263522 -0.727456
2.570002 -26.488254 -701.536630 -142.962917 -0.725229 -0.519382 -0.451980 -0.272327 0.819318 -0.504536 0.632362 -0.242818 -0.735634
19.736768 -21.255834 251.855560 282.268713 -0.438052 -0.207500 -0.874674 0.643719 0.606765 -0.466329 0.627484 -0.767320 -0.132223
18.494883 -29.567522 821.899337 2443.556050 -0.533940 -0.174136 -0.827396 0.626642 0.575471 -0.525503 0.567651 -0.799068 -0.198146
21.246268 -23.441278 311.461815 165.294144 -0.430891 -0.284993 -0.856220 0.654120 0.554995 -0.513914 0.621660 -0.781511 -0.052722
18.418819 -21.345113 -109.510568 676.227902 -0.472863 -0.152283 -0.867877 0.616947 0.646010 -0.449496 0.629108 -0.747984 -0.211524
17.857363 -22.627736 -52.236598 -1856.718910 -0.420985 -0.321129 -0.848321 0.631023 0.568149 -0.528220 0.651599 -0.757683 -0.036542
15.780590 -25.368787 -475.265181 -1878.681413 -0.467578 -0.331931 -0.819264 0.565744 0.599758 -0.565883 0.679194 -0.728088 -0.092646
-8.482811 -20.583807 -127.956934 114.717671 0.644532 0.716572 0.266651 0.756563 -0.648096 -0.087085 0.110413 0.257867 -0.959851
-8.614410 -20.213069 23.536122 4.510964 0.625146 0.719795 0.301807 0.778499 -0.602763 -0.174975 0.055972 0.344342 -0.937174
-8.319202 -20.354050 -6.658901 28.933879 0.664881 0.685094 0.297622 0.733744 -0.673632 -0.088541 0.139829 0.277247 -0.950569
-7.890897 -19.519827 178.340907 40.636716 0.682519 0.652261 0.329733 0.714789 -0.689824 -0.114977 0.152463 0.314163 -0.937047
-7.753893 -20.729702 49.562237 259.927356 0.711563 0.639573 0.290903 -0.674513 0.737735 0.027924 0.196750 0.216087 -0.956345
-7.572823 -20.271619 238.987131 154.069625 0.702906 0.632421 0.325525 -0.681870 0.729376 0.055352 0.202424 0.260873 -0.943912
-18.068885 -5899.210687 1233.166526 -6854674.600074 0.152903 0.747469 0.646461 -0.723732 0.530131 -0.441784 0.672928 0.400314 -0.622026
-470.351906 -4557.340644 82373.471486 1338777.994095 -0.124308 0.616321 0.777622 0.989633 0.020199 0.142190 0.071927 0.787236 -0.612443
1471.823413 7.396602 -4932700.140114 1463.355739 -0.165805 0.873050 -0.458577 -0.105033 -0.478003 -0.872056 0.980549 0.096425 -0.170954
-13.027038 -2540.927455 4284.694516 -144735.760413 -0.298201 -0.463623 -0.834344 0.532117 0.644934 -0.548555 0.792419 -0.607548 0.054382
8.275866 -27.490209 -1898.615608 111.243963 0.306226 -0.446192 -0.840915 0.917610 0.373502 0.135974 0.253413 -0.813271 0.523806
8.113680 -25.280898 -1469.570484 558.511185 0.214211 -0.480317 -0.850535 0.898289 0.438873 -0.021604 0.383654 -0.759398 0.525475
12.721338 -25.373737 -727.755225 218.951130 0.266734 -0.395719 -0.878783 0.911113 0.400806 0.096063 0.314208 -0.826293 0.467454
12.487264 -26.119404 -1276.092756 -94.589378 0.329592 -0.388094 -0.860670 0.923152 0.323547 0.207625 0.197889 -0.862960 0.464908
15.401150 -25.625454 -180.779541 -134.957559 0.300349 -0.310476 -0.901884 0.916730 0.355105 0.183047 0.263432 -0.881762 0.391279
13.827606 -23.476570 48.605532 306.202929 0.273734 -0.319869 -0.907058 0.894019 0.432396 0.117317 0.354682 -0.843040 0.404331
-4.860962 -22.708306 -88.992448 -328.369617 0.749760 0.572488 0.331839 -0.621924 0.438396 0.648860 -0.225987 0.692868 -0.684736
-4.435827 -23.116315 151.009427 -98.331116 0.786733 0.544082 0.291594 -0.594422 0.540338 0.595565 -0.166477 0.641880 -0.748516
-4.462739 -23.994427 227.312209 -182.742959 0.738719 0.589346 0.327055 -0.621475 0.407758 0.668956 -0.260887 0.697427 -0.667482
-5.341518 -23.168131 -280.265853 -420.561780 0.713227 0.599273 0.363565 -0.636606 0.336763 0.693774 -0.293325 0.726266 -0.621690
-5.308866 -24.704487 295.900141 48.833046 0.724992 0.610314 0.319224 -0.631231 0.403334 0.662472 -0.275562 0.681791 -0.677663
-5.425544 -23.475424 357.975231 260.290194 0.717639 0.616356 0.324191 -0.601379 0.313714 0.734797 -0.351193 0.722281 -0.595797
-5.006586 -23.460369 -167.799140 172.489012 0.699942 0.619785 0.354891 -0.611629 0.263606 0.745937 -0.368768 0.739174 -0.563588
-29.705301 -36.105871 549.160297 -1603.940207 -0.093099 0.015967 -0.995529 0.969899 0.227414 -0.087054 0.225008 -0.973667 -0.036658
-31.257004 -39.956520 433.573593 -674.536108 0.079893 0.084479 -0.993217 0.908828 0.403112 0.107393 0.409450 -0.911243 -0.044571
-30.432972 -40.242943 -98.381831 -1262.325956 0.207858 -0.039186 -0.977374 0.925586 0.331046 0.183572 0.316362 -0.942801 0.105081
10.153587 -23.666828 785.128175 580.701235 0.653337 0.635226 0.411873 -0.569148 0.053371 0.820501 -0.499222 0.770480 -0.396406
6.564520 -26.999205 405.650391 189.461114 0.707659 0.598518 0.375492 -0.575002 0.179007 0.798329 -0.410599 0.780853 -0.470825
6.905172 -25.955169 628.310011 453.486488 0.690873 0.597178 0.407521 -0.545743 0.061060 0.835725 -0.474194 0.799781 -0.368090
-8.411154 -21.944075 -446.765300 -240.678960 -0.806078 -0.566373 -0.171637 -0.374982 0.713168 -0.592267 0.457850 -0.413052 -0.787249
-7.828070 -20.903997 -21.917919 -113.971725 0.804796 0.584887 0.101050 -0.385213 0.644207 -0.660764 0.451569 -0.492854 -0.743761
-8.060385 -22.175694 -338.475189 -219.030212 0.808815 0.581455 0.087912 -0.433533 0.690582 -0.578918 0.397325 -0.430124 -0.810633
-67.265221 -670.388472 11114.589005 136356.550062 -0.444561 0.759031 0.475644 0.113753 0.574541 -0.810532 0.888496 0.306226 0.341761
1348.266544 -479.588325 780902.330868 91402.741630 -0.130847 0.277876 -0.951664 -0.499344 0.810794 0.305400 0.856466 0.515168 0.032665
375.600223 -8201.296055 -39331.737619 2230942.192777 -0.054381 0.620256 -0.782512 0.580940 0.657038 0.480426 0.812127 -0.428467 -0.396062
-6.892979 -119.563333 -3573.528091 2584.614577 -0.082085 0.996334 -0.024109 0.437372 0.014275 -0.899168 0.895527 0.084353 0.436940
-16.909179 -162.903636 2856.491477 23757.689963 -0.478483 0.800826 0.360182 0.366982 0.555019 -0.746511 0.797733 0.225013 0.559456
-22.852125 -38.470638 484.649058 1497.279317 0.765265 -0.306712 0.565948 0.366090 0.930533 0.009276 -0.529478 0.200089 0.824389
-20.923958 -33.947343 362.196650 1808.269449 0.657298 -0.431035 0.618198 0.534215 0.845082 0.021225 -0.531576 0.316299 0.785736
-19.261998 -28.306619 174.507544 1534.034005 0.548621 -0.546416 0.632807 0.686821 0.726141 0.031559 -0.476752 0.417311 0.773666
-26.715154 -41.414131 654.770756 -1274.002923 0.898225 0.165312 0.407263 -0.239427 0.961064 0.137953 -0.368600 -0.221423 0.902832
-18.218745 -33.979906 5479.425402 789.034049 0.991025 -0.073386 0.111730 -0.026232 -0.926345 -0.375762 -0.131077 -0.369459 0.919956
-21.806046 -37.103548 -85.337263 161.671246 -0.344415 -0.585364 0.733981 0.017543 0.777664 0.628435 -0.938654 0.229319 -0.257570
-23.622746 -36.513895 -205.641838 -357.442370 -0.268151 -0.594550 0.758027 -0.122337 0.801489 0.585362 -0.955578 0.064230 -0.287656
-23.102729 -36.902985 34.462844 268.615972 -0.253708 -0.604751 0.754923 0.041662 0.772902 0.633156 -0.966383 0.192088 -0.170896
-21.673726 -36.543743 -358.595811 -328.062446 -0.402765 -0.576802 0.710690 -0.083681 0.796406 0.598945 -0.911470 0.181763 -0.369032
-21.430265 -36.481352 -90.400477 183.184715 -0.441873 -0.561943 0.699263 0.069752 0.755608 0.651300 -0.894362 0.336567 -0.294686
45.041435 -22.855166 -2533.171075 303.913193 0.890055 0.455712 -0.011329 0.309799 -0.622930 -0.718320 0.334404 -0.635834 0.695621
42.004921 -22.443509 -8386.483685 -162.555462 0.943398 0.271723 0.190176 0.327302 -0.670073 -0.666239 0.053601 -0.690774 0.721082
40.043663 -20.805759 -6195.997247 -145.880019 0.918140 0.347267 0.190851 0.391490 -0.720483 -0.572398 0.061271 -0.600258 0.797456
11.029949 -24.888999 1039.651544 -211.276190 0.509222 0.663871 0.547694 -0.196081 0.709139 -0.677255 -0.838001 0.237481 0.491282
10.212576 -25.950434 1834.887854 -546.821342 0.523362 0.626974 0.577058 -0.099858 0.717671 -0.689185 -0.846239 0.303069 0.438210
6.152193 -25.811153 1285.052851 -558.420074 0.520972 0.643850 0.560397 -0.101705 0.698677 -0.708172 -0.847493 0.311942 0.429474
9.481814 -24.706272 -939.170003 421.158318 0.482705 0.689690 0.539744 0.170997 -0.678659 0.714270 -0.858927 0.252487 0.445527
-11.875918 -25.148604 -65.420740 57.997810 0.057283 -0.150125 0.987006 0.982723 -0.165799 -0.082252 0.175992 0.974666 0.138034
-14.076177 -25.422063 289.942737 153.309688 0.121769 -0.127446 0.984342 0.971638 -0.187233 -0.144439 0.202710 0.974013 0.101032
-12.919929 -24.333758 306.138494 303.630812 0.078674 -0.122576 0.989336 0.993961 -0.066505 -0.087281 0.076495 0.990228 0.116604
-12.187781 -27.296098 -24.111070 -233.860296 0.108924 -0.152645 0.982260 0.943472 -0.295306 -0.150514 0.313043 0.943130 0.111851
-12.271010 -24.560009 420.616278 -180.966833 0.112815 -0.198135 0.973661 0.991837 -0.036154 -0.122278 0.059429 0.979508 0.192439
-10.850821 -25.552950 -20.652323 -244.696276 0.060028 -0.197971 0.978368 0.965501 -0.237284 -0.107253 0.253384 0.951054 0.176897
-11.390553 -24.794661 401.119088 -355.130880 0.088530 -0.230914 0.968938 0.984615 -0.126834 -0.120190 0.150648 0.964672 0.216133
-1.028746 -38.242397 -25.947335 -845.057542 0.775471 -0.234344 0.586283 0.548297 -0.210487 -0.809361 -0.313074 -0.949093 0.034736
-1.340076 -39.673058 -5.319334 144.892935 0.774440 -0.240510 0.585147 0.523166 -0.276597 -0.806097 -0.355724 -0.930403 0.088381
-3.568407 -49.532154 262.033199 -1338.894953 0.872231 -0.089719 0.480794 0.218790 0.950763 -0.219499 -0.437429 0.296647 0.848915
-5.549718 -44.597747 42.465145 -1854.475262 0.859988 -0.101815 0.500054 0.169128 0.981380 -0.091047 -0.481473 0.162873 0.861195
-6.912756 -37.772774 307.300932 -2764.630612 0.873276 -0.072923 0.481738 0.039730 0.996101 0.078764 -0.485604 -0.049644 0.872768
-6.310463 -34.345576 426.165938 -2298.496492 0.889800 -0.054554 0.453078 -0.003780 0.991914 0.126858 -0.456335 -0.114590 0.882399
-0.711087 -68.602816 133.746026 -1720.994020 0.961555 0.005075 0.274564 0.115108 -0.915201 -0.386208 -0.249322 -0.402965 0.880601
0.189266 -26.794024 -106.043558 183.325202 0.649631 -0.291652 0.702082 0.580606 0.786499 -0.210511 0.490791 -0.544388 -0.680269
0.512867 -27.484549 -305.314551 -23.638122 0.654302 -0.288271 0.699135 0.581054 0.783341 -0.220801 0.484010 -0.550706 -0.680042
0.342184 -28.426809 111.099251 225.051135 0.651682 -0.266234 0.710232 0.638884 0.697374 -0.324802 0.408824 -0.665424 -0.624559
0.048174 -27.909465 26.285907 292.473549 0.649608 -0.283062 0.705610 0.638117 0.707540 -0.303635 0.413300 -0.647505 -0.640251
0.583144 -26.474631 229.863627 254.337326 0.633622 -0.297546 0.714136 0.594679 0.777762 -0.203576 0.494854 -0.553672 -0.669751
172.238423 -6.760742 -33634.927998 -571.450935 -0.096714 -0.800351 -0.591680 0.942800 0.116875 -0.312200 0.319022 -0.588029 0.743267
669.298641 -15.983379 -133133.349743 -2992.047519 -0.297280 -0.688774 -0.661222 0.913635 -0.004077 -0.406515 0.277301 -0.724965 0.630500
287.753472 -12.175389 -56530.179267 -1308.035536 -0.176552 -0.830625 -0.528101 0.919992 0.051483 -0.388541 0.349920 -0.554447 0.755079
3869.804615 -118.704136 -843683.550665 6866.677734 -0.405661 -0.702990 -0.584160 0.868823 -0.098077 -0.485312 0.283877 -0.704404 0.650560
22.174460 -18.026676 3967.117387 -798.092134 -0.621004 -0.139417 -0.771309 0.705747 -0.527565 -0.472859 -0.340991 -0.837996 0.426013
-1.904527 -42.793090 585.202580 -3105.137574 0.897837 0.083621 0.432315 0.429895 0.045986 -0.901707 0.095282 -0.995436 -0.005339
-2.628003 -43.609482 126.407569 -3762.895396 0.911563 0.065270 0.405947 0.400745 0.079781 -0.912709 0.091960 -0.994673 -0.046569
-3.245537 -49.668320 881.801174 -3135.674374 0.886838 0.091463 0.452937 0.423390 0.231794 -0.875792 0.185091 -0.968455 -0.166840
-2.069529 -52.259887 634.198676 -3528.097696 0.875426 0.079416 0.476783 0.450819 0.221611 -0.864668 0.174329 -0.971896 -0.158202
-3.655458 -58.757668 542.814548 -1673.883175 0.873465 0.067277 0.482217 0.404299 0.451641 -0.795338 0.271297 -0.889660 -0.367293
-4.626300 -57.679911 874.237543 -1303.149109 0.877522 0.079204 0.472950 0.389349 0.458061 -0.799117 0.279933 -0.885385 -0.371121
-0.407226 -25.560757 -152.633167 -181.429361 0.682937 -0.491723 0.540190 0.689078 0.188248 -0.699810 0.242423 0.850160 0.467397
0.684636 -24.842987 -50.826135 95.239897 0.721952 -0.482303 0.496154 -0.673428 -0.324990 0.663985 0.158997 0.813490 0.559423
0.698184 -24.096173 289.305240 -7.527871 0.748259 -0.486354 0.451185 -0.640655 -0.353165 0.681788 0.172247 0.799209 0.575844
0.499322 -22.741207 34.932135 -14.742835 0.731309 -0.485050 0.479493 -0.639024 -0.241545 0.730277 0.238401 0.840466 0.486603
535.160010 -39.360724 109666.781404 2606.537844 -0.743882 0.125899 -0.656345 0.246366 0.964588 -0.094199 0.621243 -0.231774 -0.748557
1310.150164 -70.570548 267085.316855 4389.173958 -0.644231 0.124333 -0.754657 0.359078 0.920363 -0.154901 0.675299 -0.370773 -0.637572
450.899438 -28.375911 87629.215279 583.180170 -0.615546 0.134721 -0.776501 0.266360 0.962864 -0.044094 0.741724 -0.233971 -0.628572
114.753125 -22.899745 23060.093823 168.806052 -0.653081 0.205115 -0.728981 0.237050 0.969615 0.060454 0.719231 -0.133324 -0.681859
-4.649531 -100.910920 33.553850 -7078.965016 0.693962 -0.283736 -0.661748 0.445235 -0.553184 0.704097 0.565846 0.783250 0.257560
-2.886550 -106.288407 235.640388 -8667.062001 0.681280 -0.328857 -0.653996 0.341697 -0.647240 0.681413 0.647379 0.687702 0.328582
-4.026940 -82.217264 183.277189 -4464.761661 0.672309 -0.282534 -0.684234 0.545484 -0.435781 0.715920 0.500448 0.854558 0.138861
-2.718007 -88.683773 380.218897 -6949.115664 0.669980 -0.327918 -0.666031 0.462234 -0.517772 0.719897 0.580919 0.790179 0.195322
-1.694571 -111.069727 335.666461 8800.833119 0.673539 -0.342391 -0.655067 -0.267828 0.712966 -0.648034 0.688922 0.611921 0.388509
-9.376186 -24.235046 -826.209812 -51.494360 0.236949 0.671054 0.702525 0.799086 -0.545892 0.251921 -0.552556 -0.501685 0.665578
-11.263611 -25.060683 -40.464396 -105.829610 -0.222577 -0.734064 -0.641568 0.865775 -0.451374 0.216090 -0.448211 -0.507357 0.736000
-3.791359 -22.881399 -1606.414371 26.742724 0.259585 0.600522 0.756300 -0.751179 0.617733 -0.232669 -0.606915 -0.507719 0.611454
-3.839931 -22.516624 1564.669657 -235.976806 -0.212404 -0.635342 -0.742446 0.823920 -0.524948 0.213508 -0.525396 -0.566366 0.634971
-8.815730 -24.104182 491.583885 -135.409328 -0.169060 -0.718204 -0.674983 0.870388 -0.430109 0.239648 -0.462432 -0.546982 0.697831
6.139956 -65.574174 -162.177291 357.225171 -0.412625 0.189955 0.890875 0.060755 0.981576 -0.181154 -0.908873 -0.020623 -0.416563
6.576469 -67.669777 64.954347 207.065536 -0.375392 0.201134 0.904780 -0.027857 0.973281 -0.227920 -0.926448 -0.110763 -0.359759
6.248558 -67.242715 84.724224 36.595288 -0.408961 0.201540 0.890018 -0.140142 0.949867 -0.279488 -0.901727 -0.239028 -0.360215
5.950578 -68.566286 110.022711 68.015303 -0.421200 0.193760 0.886029 -0.073107 0.966482 -0.246107 -0.904017 -0.168435 -0.392917
30.605273 -19.955043 -2529.654166 213.278464 0.799031 0.568769 0.195067 0.599965 -0.775670 -0.195903 -0.039884 -0.273567 0.961026
23.498343 -19.706845 -1998.448520 567.500285 0.773898 0.562825 0.290361 0.618065 -0.771203 -0.152455 -0.138122 -0.297447 0.944695
21.831432 -21.848628 -1645.323329 383.307377 0.765209 0.562757 0.312666 0.604432 -0.795210 -0.047997 -0.221625 -0.225713 0.948650
27.681526 -23.166623 -2703.498723 -201.171517 0.787124 0.548959 0.281211 -0.569098 0.822181 -0.012069 -0.237832 -0.150537 0.959570
-12.998530 -23.399125 160.920879 -362.537302 0.218390 -0.127458 0.967502 0.951432 0.248259 -0.182057 -0.216986 0.960272 0.175485
-11.553811 -23.811539 21.558544 -590.476435 0.217627 -0.200297 0.955259 0.947632 0.277741 -0.157653 -0.233737 0.939543 0.250252
-3.528826 -26.574443 362.667416 278.822117 0.796178 -0.310499 0.519319 -0.045711 0.824969 0.563326 -0.603334 -0.472246 0.642629
-3.818604 -29.112523 600.750484 1319.813878 0.784086 -0.301316 0.542602 0.172368 -0.734138 -0.656758 -0.596236 -0.608482 0.523690
-2.530180 -30.288297 281.120215 1235.799372 0.789927 -0.310936 0.528521 0.154888 -0.732783 -0.662600 -0.593318 -0.605267 0.530685
0.497998 -49.983419 -163.231431 1807.699557 0.914934 0.149668 0.374826 -0.094401 -0.823582 0.559286 -0.392407 0.547094 0.739394
-2.231638 -3.877673 60.013568 -491.680486 -0.632306 -0.262633 0.728844 0.362443 0.731196 0.577917 -0.684708 0.629584 -0.367150
-1.179525 -6.007213 20.218380 -369.015767 -0.492789 -0.035995 0.869404 0.560921 0.750703 0.349017 -0.665227 0.659659 -0.349748
-1.587603 -6.594834 139.389351 -433.630000 -0.584363 -0.167030 0.794116 0.462220 0.735817 0.494900 -0.666987 0.656258 -0.352779
-1.879390 -3.135200 -214.358489 22.626590 0.722057 0.636803 -0.270397 -0.072736 0.458550 0.885687 -0.687999 0.619849 -0.377418
-1.895704 -2.886490 -199.724031 -46.946666 0.721766 0.632791 -0.280408 -0.061173 0.461870 0.884836 -0.689428 0.621491 -0.372072
-2.134128 -3.583194 -372.885137 -62.174181 0.724647 0.633223 -0.271874 -0.073574 0.463360 0.883111 -0.685182 0.619940 -0.382361
-75.012109 -1522.231391 6036.012716 -254236.206348 0.101183 0.879162 -0.465656 0.063693 0.461373 0.884917 -0.992827 0.119197 0.009314
