13821
27633
-77.105610 -134.854159 6103.494920 -32394.172720 0.811771 0.420682 -0.405037 -0.099933 -0.583284 -0.806098 0.575362 -0.694843 0.431453
-64.985899 -102.102940 4983.176250 27594.125060 0.754785 0.275714 -0.595215 0.212833 0.755359 0.619786 0.620485 -0.594487 0.511453
-74.706670 -110.052362 -2684.782182 -22153.404398 0.719075 0.046059 -0.693404 -0.442800 -0.738650 -0.508257 0.535593 -0.672514 0.510750
-57.079066 -85.920615 -1127.398532 15138.346486 0.594182 -0.153103 -0.789625 0.538909 0.804559 0.249524 0.597097 -0.573799 0.560563
-88.249275 -135.074727 -2551.550112 -15865.435942 0.797991 0.190847 -0.571653 -0.374269 -0.586527 -0.718268 0.472370 -0.787123 0.396616
-77.842988 -121.958410 557.286839 -19141.594514 0.703489 -0.072279 -0.707021 -0.569459 -0.652543 -0.499904 0.425229 -0.754297 0.500217
-67.857068 -101.041976 -1186.499304 16267.742451 0.571036 -0.268035 -0.775935 0.659747 0.712310 0.239473 0.488519 -0.648669 0.583590
-87.658955 -133.181184 -879.666257 4988.233862 0.480456 -0.466652 -0.742562 0.874912 0.313679 0.368963 0.060748 -0.826947 0.558989
-88.228625 -132.456658 -1309.663559 11330.888958 0.590394 -0.335604 -0.734033 0.785021 0.450107 0.425613 0.187556 -0.827510 0.529197
-81.440235 -123.137133 -968.261851 16776.550146 0.424511 -0.498655 -0.755734 0.872598 0.448028 0.194534 0.241585 -0.742034 0.625318
-94.588413 -137.405177 -439.652184 -2646.681419 0.609183 -0.349778 -0.711724 0.792775 0.245879 0.557719 -0.020079 -0.903991 0.427081
-242.858346 -869.214916 154429.499656 -635912.399250 0.400490 0.266040 -0.876830 0.287668 0.872037 0.395978 0.869974 -0.410821 0.272711
-72.623018 -421.984653 29433.159824 -364007.909755 0.460274 0.550231 -0.696702 0.099941 0.747668 0.656509 0.882133 -0.371803 0.289142
-65.322495 -165.533685 41685.218045 -132005.939031 0.469170 0.151473 -0.870020 0.153602 0.956166 0.249303 0.869647 -0.250603 0.425338
-8.009119 -299.788188 -23510.059520 -186858.825324 0.577686 -0.159127 -0.800599 0.318565 0.946986 0.041643 0.751529 -0.279099 0.597752
-104.692081 -895.029255 11343.455120 -674406.499108 0.543444 0.057285 -0.837489 0.332566 0.901343 0.277454 0.770759 -0.429301 0.470778
124.631068 -58.924503 -67618.805358 -12351.050901 0.986604 0.025857 -0.161074 -0.151963 0.504772 -0.849772 -0.059333 -0.862865 -0.501939
152.719605 -61.108486 -56661.736196 -3752.094857 0.998063 0.023961 -0.057414 -0.061841 0.482933 -0.873471 -0.006797 -0.875329 -0.483479
141.370875 -82.450117 -23143.136452 -13301.532160 0.959643 0.272896 -0.067914 -0.202301 0.502154 -0.840783 0.195343 -0.820591 -0.537096
99.085608 -40.087279 -51830.803445 -8513.443684 0.984356 -0.169376 -0.048518 0.040924 0.487643 -0.872083 -0.171370 -0.856455 -0.486946
106.358563 -63.130046 -55777.985894 -5460.094349 0.966332 0.110449 -0.232387 -0.253313 0.566743 -0.783987 -0.045113 -0.816458 -0.575640
70.584136 -50.860583 -46821.714025 -11654.559268 0.984166 -0.046998 -0.170906 -0.118214 0.544415 -0.830444 -0.132073 -0.837498 -0.530239
-19.983862 -76.008956 -6742.030974 -2899.837835 0.761500 -0.603233 -0.237126 0.057336 -0.301715 0.951672 0.645625 0.738294 0.195169
-31.765524 -88.108636 5091.943635 4463.266901 0.647891 -0.488157 -0.584756 0.331141 -0.510837 0.793342 0.685991 0.707636 0.169318
-11.534451 -65.875710 -1248.997028 -6243.118429 0.734393 -0.571522 -0.366101 0.237358 -0.289075 0.927414 0.635868 0.767984 0.076639
-18.037423 -77.761869 -1671.272638 -4257.631623 -0.702639 0.277880 0.655042 0.253328 0.957964 -0.134650 -0.664923 0.071330 -0.743498
-16.102020 -77.211421 260.286276 2777.238495 -0.686247 0.293582 0.665488 0.350356 0.935211 -0.051286 -0.637429 0.197963 -0.744645
-12.585238 -76.181780 -2003.414853 869.453802 -0.723547 0.252212 0.642548 0.286949 0.956515 -0.052328 -0.627805 0.146517 -0.764456
-24.870740 -76.158822 -4538.261940 -2958.405810 -0.664639 0.343838 0.663348 0.323716 0.932682 -0.159098 -0.673396 0.108993 -0.731203
-12.471311 -80.668945 -3823.323590 -287.483101 -0.745094 0.208238 0.633619 0.193291 0.976659 -0.093680 -0.638337 0.052672 -0.767953
-18.931975 -80.637939 -1843.427176 31.213341 -0.717130 0.226350 0.659158 0.161626 0.974019 -0.158631 -0.677939 -0.007222 -0.735083
-25.966423 -77.093872 -5638.067794 -3933.708885 -0.687028 0.293852 0.664562 0.209881 0.955849 -0.205675 -0.695660 -0.001825 -0.718369
2.908848 -113.890786 -3524.962467 -11402.992833 0.732056 0.057159 -0.678842 -0.677200 -0.047352 -0.734273 0.074115 -0.997242 -0.004044
6.204368 -116.320637 2434.197033 -16329.665346 0.736303 0.086003 -0.671165 -0.670421 -0.041580 -0.740815 0.091619 -0.995427 -0.027042
5.164462 -108.092428 -791.267661 -10341.083693 0.717671 0.065987 -0.693249 -0.680672 -0.143793 -0.718338 0.147085 -0.987405 0.058280
4.907211 -106.768579 935.056064 -9414.966463 0.705080 0.090445 -0.703336 -0.693879 -0.116586 -0.710591 0.146268 -0.989054 0.019445
2.030032 -118.313245 93.618667 -3943.920869 0.723701 0.083242 -0.685075 -0.689619 0.124809 -0.713336 -0.026124 -0.988683 -0.147730
-44.710928 -194.103493 2347.998250 -48909.163153 0.899286 0.384955 -0.207592 -0.304652 0.210801 -0.928843 0.313803 -0.898539 -0.306848
-30.863584 -198.558514 18370.441736 -26256.972909 0.870100 0.468341 -0.153566 -0.326009 0.313196 -0.891979 0.369654 -0.826175 -0.425195
-30.757727 -171.094444 11382.294273 -47092.394841 0.875877 0.445802 -0.184664 -0.256146 0.105227 -0.960894 0.408936 -0.888925 -0.206356
-37.112273 -216.115261 7897.232924 -16174.858485 0.888147 0.412871 -0.201825 -0.385149 0.429132 -0.817010 0.250710 -0.803357 -0.540149
-37.255025 -149.267417 949.089102 -49313.380577 0.896182 0.384581 -0.221261 -0.247205 0.018688 -0.968783 0.368440 -0.922902 -0.111818
-51.225535 -224.723121 2186.716954 -26440.285650 0.889707 0.376670 -0.257957 -0.409447 0.408439 -0.815801 0.201928 -0.831443 -0.517617
0.096051 -251.916184 -1124.852063 -9181.360443 -0.688666 -0.284429 0.666963 0.717613 -0.399029 0.570796 0.103786 0.871709 0.478907
-1.997192 -246.968137 -1633.427190 -11548.002304 -0.657038 -0.298112 0.692409 0.699518 -0.583494 0.412564 0.281026 0.755423 0.591913
-5.152377 -269.860741 -118.313015 -12283.602120 -0.646798 -0.326158 0.689401 0.702346 -0.607056 0.371744 0.297257 0.724641 0.621718
-1.666332 -275.924158 1234.171405 -5671.457213 -0.677963 -0.309871 0.666593 0.724133 -0.437550 0.533087 0.126480 0.844115 0.521030
-5.579943 -134.542043 -2715.673514 12126.032324 -0.803062 0.040937 0.594488 -0.016332 0.995751 -0.090631 -0.595672 -0.082491 -0.798981
-4.755129 -128.596053 -1417.639005 14235.394094 -0.802050 0.058605 0.594375 0.046889 0.998281 -0.035158 -0.595414 -0.000329 -0.803419
-2.018493 -145.382547 -2392.424993 11869.532369 -0.805190 0.043829 0.591396 -0.076127 0.981374 -0.176379 -0.588111 -0.187040 -0.786856
-2.928565 -129.494856 96.311026 14553.998623 -0.804316 0.079390 0.588874 0.070601 0.996782 -0.037952 -0.589992 0.011050 -0.807333
-1.225961 -144.757725 1608.591486 13633.425809 -0.798440 0.066237 0.598419 -0.036839 0.986693 -0.158367 -0.600946 -0.148492 -0.785375
1.418338 -153.504068 1447.917888 6850.576808 -0.795810 0.052628 0.603255 -0.156209 0.944657 -0.288482 -0.585051 -0.323810 -0.743547
49.933926 -101.959332 19762.568594 36448.640541 0.233078 0.776786 -0.585045 -0.307862 -0.511730 -0.802093 0.922440 -0.367064 -0.119870
32.819353 -147.752808 3442.052003 53803.663429 0.220264 0.833996 -0.505900 -0.291069 -0.438814 -0.850130 0.931001 -0.334505 -0.146096
41.989816 -82.965318 9878.630384 27792.083422 0.184992 0.750415 -0.634551 -0.415346 -0.525490 -0.742528 0.890655 -0.400920 -0.214471
69.496513 -66.069726 20343.020877 25010.947892 0.271428 0.696830 -0.663894 -0.369999 -0.561235 -0.740349 0.888498 -0.446591 -0.105491
69.841694 -89.440463 19249.415585 23539.562853 0.308377 0.749895 -0.585288 -0.247734 -0.530734 -0.810524 0.918440 -0.394943 -0.022108
57.902615 -59.941531 19129.963894 19258.060006 0.208605 0.681518 -0.701439 -0.424643 -0.582966 -0.692697 0.881001 -0.442361 -0.167793
0.689223 -168.289501 540.737069 3573.182411 0.785824 0.413726 -0.459686 -0.563308 0.785625 -0.255886 -0.255274 -0.460027 -0.850418
0.710176 -156.251661 2128.272384 16259.518603 0.759835 0.457294 -0.462096 -0.617731 0.729389 -0.293939 -0.202631 -0.508797 -0.836700
0.185319 -159.235619 1463.514671 -23535.717326 0.807641 0.391887 -0.440614 -0.516333 0.830886 -0.207435 -0.284809 -0.395037 -0.873401
0.755291 -186.183465 418.059702 -34846.121199 0.814474 0.369982 -0.446929 -0.477509 0.865003 -0.154125 -0.329571 -0.338943 -0.881193
4.563416 -146.676335 5516.640858 -6706.479628 0.779127 0.061454 -0.623846 -0.527456 0.602051 -0.599438 -0.338750 -0.796089 -0.501488
5.934060 -153.028240 -1574.310005 -5820.430909 0.767364 0.011345 -0.641111 -0.504400 0.628000 -0.592619 -0.395894 -0.778131 -0.487627
6.181178 -145.749851 414.713034 -3297.271982 0.754477 0.044572 -0.654811 -0.599777 0.451960 -0.660302 -0.266518 -0.890924 -0.367727
2.375751 -136.392393 3842.238951 -2184.489961 0.767611 0.063440 -0.637769 -0.555951 0.561021 -0.613330 -0.318892 -0.825367 -0.465915
1.468273 -142.617668 3233.690977 -901.977867 0.775790 0.047250 -0.629219 -0.470242 0.708213 -0.526599 -0.420740 -0.704416 -0.571644
4.415792 -141.814338 6129.272188 -6419.684824 0.766389 0.077900 -0.637635 -0.596579 0.454391 -0.661530 -0.238202 -0.887390 -0.394714
-3.327092 -521.431377 24015.575459 -189771.570745 -0.244860 0.822473 -0.513402 -0.223995 0.467209 0.855302 -0.943329 -0.324428 -0.069829
13.325866 -552.884324 33599.950563 -156407.549909 -0.218832 0.822006 -0.525755 0.095294 0.554243 0.826882 -0.971098 -0.130847 0.199618
23.968692 -557.090142 22470.056787 -260211.096672 -0.220075 0.841845 -0.492813 -0.290891 0.425578 0.856893 -0.931101 -0.331935 -0.151227
-17.877887 -491.883042 10732.130686 -69521.257229 -0.284181 0.822827 -0.492135 0.078044 0.531447 0.843488 -0.955589 -0.201296 0.215244
-1.245551 -361.216306 18555.418091 -119822.903232 -0.255019 0.835755 -0.486290 -0.512911 0.309410 0.800742 -0.819687 -0.453628 -0.349763
-26.828137 -483.912475 9604.323120 -153592.388487 -0.285173 0.822441 -0.492206 -0.310278 0.406664 0.859274 -0.906865 -0.397762 -0.139216
-38.153152 -247.696466 18969.982638 -145249.170148 -0.426980 0.903504 -0.036993 -0.510282 -0.274520 -0.815016 0.746525 0.329119 -0.578257
-73.061260 -138.784724 -27746.275474 -138738.597951 -0.097799 0.958725 0.266985 -0.432741 0.200616 -0.878913 0.896198 0.201492 -0.395260
-35.537116 -572.351236 20692.124442 -381661.354886 -0.334180 0.920513 0.202434 -0.532316 -0.007089 -0.846516 0.777794 0.390648 -0.492373
15.747994 -476.668293 46916.590928 -274367.916442 -0.478723 0.867490 0.135224 -0.673363 -0.263946 -0.690590 0.563388 0.421656 -0.710493
13.041352 -16.186364 6613.517863 1456.504125 0.960306 0.081888 -0.266657 -0.235066 0.752238 -0.615534 -0.150185 -0.653783 -0.741628
11.951291 -22.578513 7869.670628 3379.414258 0.968767 0.081945 -0.234044 -0.216014 0.742369 -0.634213 -0.121776 -0.664961 -0.736884
4.150875 -19.651763 1786.681497 2887.806461 0.919328 0.196745 -0.340773 -0.367454 0.739036 -0.564626 -0.140756 -0.644295 -0.751712
4.491227 -10.774029 1888.241962 496.848809 0.805068 0.366267 -0.466598 -0.572350 0.686274 -0.448824 -0.155825 -0.628392 -0.762130
16.295530 -7.337865 8270.885090 6816.216386 0.952255 0.117139 -0.281939 -0.265749 0.772626 -0.576564 -0.150296 -0.623961 -0.766867
10.008396 -7.446416 -11379.841439 -20892.443192 -0.092208 0.994962 -0.039346 0.829663 0.098619 0.549485 -0.550598 -0.018023 0.834576
27.053569 -11.285327 -22585.495034 -17098.677520 0.192628 0.972308 0.132334 0.806869 -0.233693 0.542540 -0.558442 -0.002268 0.829540
9.238800 -20.706764 -12982.124560 -6711.659397 0.143830 0.985603 0.088884 0.853146 -0.169008 0.493536 -0.501452 -0.004846 0.865172
-2.563509 -22.466349 -4524.954597 -7531.294446 -0.182881 0.976477 -0.114223 0.852095 0.215385 0.477015 -0.490396 0.010091 0.871441
-2.707633 -28.753430 -4509.838283 1411.379019 -0.068566 0.996771 -0.041797 0.887502 0.080078 0.453793 -0.455675 0.005980 0.890126
-36.766932 -90.207914 3885.467918 6136.904217 0.617342 -0.589268 -0.521204 0.054107 0.692758 -0.719138 0.784832 0.415753 0.459552
-26.012797 -83.943690 9677.549554 6708.770928 0.582761 -0.522614 -0.622306 -0.104613 0.711162 -0.695201 0.805882 0.470237 0.359765
-37.848939 -87.790431 8825.711199 5655.956211 0.611835 -0.608435 -0.505436 -0.017404 0.628485 -0.777627 0.790794 0.484576 0.373940
-41.733831 -91.839698 2822.896500 2391.361842 0.644629 -0.628312 -0.435520 0.105184 0.637158 -0.763522 0.757225 0.446379 0.476819
-17.448405 -139.309605 1613.925300 -10398.274723 0.726361 0.460479 -0.510253 0.086046 0.675625 0.732207 0.681906 -0.575752 0.451125
-20.122719 -144.978827 -1016.656686 -5620.128715 0.749035 0.447540 -0.488522 0.017664 0.723606 0.689987 0.662294 -0.525454 0.534101
-17.052457 -140.640883 -763.913337 -3648.790165 0.750658 0.451127 -0.482698 0.129696 0.615763 0.777184 0.647837 -0.646003 0.403718
-1.843541 -25.870886 908.897544 -3631.700697 -0.304681 0.940546 -0.150144 0.897075 0.336347 0.286578 -0.320040 0.047376 0.946219
0.333296 -31.236078 1214.071966 -3253.685002 -0.220666 0.967183 -0.125947 0.927016 0.248121 0.281208 -0.303230 0.054702 0.951346
-1.937725 -24.429836 2143.479622 -4905.875165 -0.117837 0.988424 -0.095566 0.927250 0.143964 0.345662 -0.355419 0.047881 0.933480
-0.096021 -31.635003 1198.156243 -4001.719296 -0.131236 0.985861 -0.104192 0.936965 0.157682 0.311821 -0.323841 0.056702 0.944411
-2.165596 -24.124577 602.851460 -4552.516543 0.008933 0.998876 -0.046544 0.926364 0.009260 0.376515 -0.376523 0.046480 0.925241
-2.211783 -18.046738 2054.232409 -3697.032335 0.099053 0.995041 -0.009080 0.913768 -0.087342 0.396736 -0.393975 0.047594 0.917888
23.155717 -300.328191 137.817051 45094.820445 0.720637 0.404140 -0.563341 -0.633306 0.714373 -0.297648 -0.282144 -0.571264 -0.770748
27.409863 -377.078267 3696.365287 -75656.089105 0.683377 0.415296 -0.600438 0.712058 -0.560687 0.422614 -0.161148 -0.716351 -0.678875
18.218448 -346.422067 3850.870603 -55946.815171 0.671211 0.455193 -0.585043 0.740162 -0.454631 0.495450 -0.040453 -0.765578 -0.642070
56.079094 -76.242840 -13996.249183 5058.099837 0.851112 0.519123 0.078224 0.004158 0.142332 -0.989810 0.524967 -0.842765 -0.118982
82.825027 -73.162434 -19156.352604 3098.360713 0.794415 0.605879 0.042604 -0.051852 0.137542 -0.989138 0.605158 -0.783577 -0.140682
55.204094 -65.362373 -13825.767451 7615.207595 0.832858 0.550726 0.055218 -0.083686 0.223915 -0.971009 0.547124 -0.804092 -0.232577
-65.099307 -102.635293 2586.149403 -369.482686 -0.138891 0.986115 0.091026 0.265002 -0.051556 0.962869 -0.954193 -0.157856 0.254161
-67.075498 -106.433340 3471.712565 -2889.924954 -0.216557 0.961724 0.167900 0.264010 -0.107882 0.958468 -0.939894 -0.251890 0.230542
-67.374494 -109.028046 3816.109008 -4653.281092 -0.150148 0.973682 0.171464 0.406641 -0.097261 0.908396 -0.901165 -0.206118 0.381335
-66.745898 -102.433767 1133.165778 -5346.618505 -0.102847 0.990864 0.087246 0.360914 -0.044561 0.931534 -0.926911 -0.127294 0.353034
-69.072300 -110.214088 766.438559 -8577.107842 -0.104104 0.988031 0.113828 0.460452 -0.053565 0.886067 -0.881559 -0.144656 0.449364
-71.737339 -119.168106 949.679912 -8315.788625 -0.146442 0.971218 0.187857 0.541562 -0.080204 0.836826 -0.827808 -0.224282 0.514229
-74.435391 -119.262391 1995.882260 -4069.094953 -0.232806 0.931053 0.280965 0.499113 -0.133570 0.856181 -0.834678 -0.339557 0.433605
115.999206 -104.859017 58886.382117 -18875.330658 0.333887 0.940084 -0.068997 -0.852436 0.332378 0.403581 -0.402333 0.075935 -0.912339
68.462855 -111.410476 43652.633597 -11955.776602 0.439624 0.897310 -0.039571 -0.856031 0.431923 0.283995 -0.271923 0.090977 -0.958009
42.130843 -131.523639 27915.550798 -16818.727627 0.358490 0.933289 -0.021372 -0.836323 0.331248 0.436851 -0.414788 0.138732 -0.899280
65.124782 -131.373934 28123.037991 -15943.093370 0.301407 0.953397 -0.013747 -0.807663 0.262944 0.527771 -0.506789 0.147971 -0.849276
131.601820 -113.890218 62980.886272 -16351.302204 0.242355 0.969351 -0.040287 -0.801627 0.223466 0.554488 -0.546497 0.102087 -0.831216
29.127755 -93.560811 13775.131262 1605.608127 0.803448 0.578495 0.140765 -0.166598 -0.008539 0.985988 -0.571591 0.815641 -0.089515
20.778977 -92.872993 -1923.614860 1394.606757 0.802483 0.582223 0.130525 -0.137851 -0.031928 0.989938 -0.580532 0.812402 -0.054638
25.760345 -90.412765 13653.721136 3338.600795 0.808265 0.573573 0.133123 -0.094099 -0.097356 0.990791 -0.581251 0.813349 0.024717
39.361352 -89.228004 16673.948659 4987.666946 0.795699 0.593235 0.122209 -0.035782 -0.155375 0.987207 -0.604634 0.789893 0.102405
39.902227 -93.759022 16404.822779 3233.216636 0.786320 0.602683 0.135919 -0.117563 -0.070017 0.990594 -0.606530 0.794903 -0.015798
-6.900146 -92.767387 3349.714370 -8682.955437 0.997943 0.056532 0.030230 -0.029487 -0.013927 0.999468 -0.056923 0.998304 0.012231
-6.557796 -84.336228 1276.552700 -17502.418028 0.997222 0.071601 0.020522 -0.032474 0.169987 0.984911 -0.067032 0.982842 -0.171840
-7.909387 -91.921617 3754.576280 -16488.549601 0.996476 0.078685 0.029050 -0.034228 0.065286 0.997279 -0.076574 0.994759 -0.067749
-6.998699 -82.332646 -1770.687684 -12972.709586 0.996389 0.078189 0.033099 -0.044368 0.147099 0.988126 -0.072392 0.986027 -0.150037
-9.265838 -96.555154 2355.637197 2717.205522 0.995829 0.083986 0.035658 -0.025011 -0.124573 0.991895 -0.087747 0.988650 0.121953
-7.883431 -91.094499 902.431365 -11228.448069 0.997388 0.061021 0.038645 -0.040009 0.021289 0.998973 -0.060136 0.997909 -0.023675
-8.087150 -104.816870 4937.048085 -192.781070 0.998173 0.058149 0.016418 -0.003296 -0.218905 0.975741 -0.060333 0.974012 0.218314
-6.980087 -102.583950 383.245322 901.852372 0.996993 0.067417 0.038197 -0.025435 -0.180906 0.983171 -0.073193 0.981187 0.178648
-25.394924 -76.846575 -1729.083375 -608.648501 -0.934707 -0.354927 -0.018720 -0.354970 0.934877 -0.001042 0.017870 0.005671 -0.999824
-20.379774 -76.644708 -3347.590575 -1236.505991 -0.916481 -0.393810 -0.070537 -0.394751 0.918788 -0.000649 0.065065 0.027250 -0.997509
-23.773157 -71.517671 -2856.563815 -7487.676455 -0.932750 -0.356269 -0.055225 -0.349422 0.931078 -0.104871 0.088781 -0.078522 -0.992951
-28.182204 -71.690962 2366.506063 -7289.621924 0.941246 0.337627 0.007997 -0.334643 0.935595 -0.112591 0.045496 -0.103300 -0.993609
-29.546322 -76.910180 1951.529327 -669.238533 0.945481 0.324613 -0.026305 -0.325102 0.945526 -0.017020 -0.019347 -0.024644 -0.999509
-0.878492 -130.114899 6076.252639 9131.040174 0.989802 0.127938 0.062647 0.012819 -0.517987 0.855292 -0.141874 0.845766 0.514345
0.999984 -132.293301 6897.057791 2703.248119 0.990286 0.127794 0.054799 0.036653 -0.620075 0.783686 -0.134130 0.774064 0.618736
5.124357 -137.094486 4636.766858 5975.239483 0.988654 0.132593 0.070587 0.015157 -0.555573 0.831329 -0.149445 0.820827 0.551279
2.199636 -133.279080 5614.310334 -2466.312964 0.988837 0.126991 0.077939 -0.029208 -0.347723 0.937142 -0.146110 0.928957 0.340132
49.613806 -119.332800 15066.496839 -16404.355511 0.824241 0.523832 0.215003 0.563267 -0.797365 -0.216655 -0.057945 -0.299680 0.952278
51.101050 -136.037069 -3737.109025 -22836.567309 0.820517 0.478163 0.313227 0.565863 -0.757036 -0.326644 -0.080934 -0.445261 0.891736
51.911630 -121.895414 -11361.354893 2815.590963 0.824202 0.452175 0.340923 0.539103 -0.810820 -0.227901 -0.173376 -0.371629 0.912048
43.892169 -121.460215 4021.716992 23233.376891 0.847081 0.462706 0.261453 0.513052 -0.840307 -0.175104 -0.138679 -0.282466 0.949200
42.961149 -140.048443 -15730.183287 22626.643243 0.835745 0.400529 0.375642 0.478740 -0.866531 -0.141181 -0.268958 -0.297826 0.915948
-5.097645 -220.105320 3121.508179 -19590.944462 0.994211 0.105834 -0.018536 0.067708 -0.483169 0.872905 -0.083427 0.869107 0.487537
-6.943134 -218.856117 2000.738097 9435.975906 0.994987 0.099800 0.006330 0.030753 -0.365605 0.930262 -0.095154 0.925404 0.366841
-7.554773 -220.126611 -1108.699353 -18942.459331 0.993386 0.114746 0.004151 0.060764 -0.556032 0.828937 -0.097425 0.823202 0.559327
-4.129136 -231.146536 3101.228664 19421.555992 0.995008 0.099328 0.009682 0.019034 -0.284113 0.958602 -0.097966 0.953632 0.284585
-7.935496 -228.424295 -628.534977 -34951.125660 0.993618 0.112648 -0.005887 0.078016 -0.648575 0.757142 -0.081473 0.752769 0.653224
-5.351080 -250.248375 2523.200696 -36896.162782 0.993758 0.109658 -0.020495 0.092282 -0.704829 0.703349 -0.062682 0.700850 0.710549
-0.262077 -217.232110 5664.030640 -34028.293503 0.994701 0.098513 -0.029405 0.079952 -0.561450 0.823639 -0.064630 0.821626 0.566351
1.370753 -221.528918 7586.892987 -9073.884733 0.995692 0.088923 -0.026269 0.059694 -0.397958 0.915460 -0.070952 0.913084 0.401552
-15.703893 -74.051775 2453.664218 -2832.461882 0.034637 0.683961 0.728696 0.944644 0.215627 -0.247291 -0.326264 0.696924 -0.638631
-19.779619 -70.290431 3132.047026 -8360.599132 -0.107232 0.646386 0.755438 0.902701 0.381743 -0.198501 -0.416691 0.660649 -0.624429
-20.344633 -63.254319 -3766.238223 -4622.017053 -0.014722 0.665612 0.746153 0.921518 0.298645 -0.248227 -0.388057 0.683939 -0.617770
-15.048694 -64.726338 -70.874123 -901.226638 0.205702 0.702858 0.680938 0.934732 0.064916 -0.349375 -0.289765 0.708361 -0.643631
7.352971 -234.456646 5420.300791 14065.415830 0.843642 0.261474 0.468935 -0.236633 0.965076 -0.112399 -0.481947 -0.016141 0.876051
6.702593 -218.141524 2793.405235 21737.433518 0.834029 0.276555 0.477402 -0.130875 0.939770 -0.315760 -0.535973 0.200873 0.819990
6.340226 -231.723660 -1526.239245 23704.769280 0.831196 0.276316 0.482455 -0.163501 0.950868 -0.262902 -0.531395 0.139641 0.835536
7.792506 -246.167794 1437.779128 3719.473744 0.839532 0.252178 0.481240 -0.281750 0.959422 -0.011235 -0.464546 -0.126158 0.876517
-16.490374 -261.312400 -1371.159602 -3597.081689 0.916396 0.118887 0.382209 -0.225562 -0.635441 0.738469 -0.330666 0.762942 0.555499
-16.752793 -251.937531 233.888847 -9332.439736 0.929173 0.096353 0.356867 -0.250566 -0.545604 0.799708 -0.271763 0.832486 0.482817
-16.053263 -245.383382 -1326.863795 -6621.135922 0.920441 0.137380 0.365945 -0.286364 -0.400228 0.870525 -0.266054 0.906060 0.329046
12.847561 -570.052023 -962.498757 -98019.859549 0.897692 0.147763 0.415109 0.340474 -0.830620 -0.440621 -0.279691 -0.536876 0.795951
9.094897 -479.889401 -2769.646936 40822.161795 0.888434 0.150985 0.433460 -0.271499 0.934298 0.231033 -0.370098 -0.322942 0.871054
10.842402 -558.251155 -1450.201841 145129.579478 0.890993 0.169764 0.421083 -0.213123 0.975317 0.057750 -0.400886 -0.141197 0.905182
9.881323 -618.358444 -2022.302120 112965.659959 0.904075 0.165868 0.393873 -0.264359 0.941184 0.210444 -0.335801 -0.294381 0.894750
8.236153 -530.043622 -3713.105156 52258.222710 0.890973 0.188126 0.413251 -0.142716 0.980033 -0.138448 -0.431045 0.064376 0.900031
-35.179489 -455.651915 9770.236783 -193405.027542 0.874392 -0.108320 0.472975 0.271605 0.917008 -0.292108 -0.402081 0.383879 0.831245
-13.536000 -453.231825 16980.300205 213995.155352 0.870993 -0.173334 0.459702 -0.322987 -0.907091 0.269935 -0.370203 0.383589 0.846055
-11.985481 -1412.053928 15046.780118 882911.209093 0.927240 -0.031792 0.373115 -0.237509 -0.820259 0.520350 -0.289508 0.571108 0.768128
-16.224212 -899.815728 -6211.697678 531666.924267 0.849359 -0.103244 0.517620 -0.341650 -0.855060 0.390061 -0.402325 0.508147 0.761526
-1682.896628 -195447.084882 -614073.560425 66227831.130024 0.909527 -0.123769 0.396791 -0.356210 0.259828 0.897554 0.214187 0.957690 -0.192233
-482.024862 -6704.640856 280066.761499 -1177141.011152 0.865089 -0.302516 0.400131 0.483309 0.716223 -0.503426 0.134289 -0.628895 -0.765805
-760.575255 -10572.166399 462450.717682 -669596.749052 0.881796 -0.277035 0.381690 -0.199327 0.514559 0.833965 0.427440 0.811468 -0.398516
-14.559803 -149.396959 -4191.188560 -15991.694198 0.775482 0.223304 0.590561 -0.257654 -0.742007 0.618902 -0.576404 0.632108 0.517878
-9.756510 -166.155817 -6444.770768 17429.173095 0.765826 0.221006 0.603876 0.149945 0.851825 -0.501907 -0.625321 0.474922 0.619211
-18.199096 -165.228214 -5247.791359 18025.096031 0.777079 0.220245 0.589610 0.139022 0.853578 -0.502073 -0.613858 0.472120 0.632678
-18.484854 -148.738905 -3577.199172 -16688.670564 0.790631 0.230530 0.567238 -0.231745 -0.744830 0.625717 -0.566743 0.626166 0.535462
-13.873480 -134.615188 -1477.267365 -8075.300389 0.795422 0.240276 0.556391 -0.312943 -0.623359 0.716583 -0.519008 0.744105 0.420641
-25.849741 -61.826229 2300.241840 -1734.260764 0.871298 0.261584 0.415227 -0.046478 -0.798312 0.600448 -0.488548 0.542468 0.683410
-25.267018 -63.189565 -1106.252048 828.304232 0.849542 0.278463 0.448038 0.013035 0.837985 -0.545537 -0.527361 0.469297 0.708273
-26.671773 -63.098918 763.281158 -2126.160755 0.877523 0.257117 0.404778 -0.010840 -0.833252 0.552787 -0.479413 0.489471 0.728410
-23.982405 -59.791414 1234.149276 -2529.282801 0.887121 0.294825 0.355099 -0.006609 -0.761189 0.648496 -0.461490 0.577641 0.673318
-13.305745 -583.528982 -11125.229786 -128272.227287 0.450518 -0.493635 0.743881 0.861192 0.020654 -0.507860 0.235333 0.869424 0.434419
-27.086186 -846.798517 -24288.081745 409437.858804 0.450409 -0.457803 0.766517 0.605312 -0.474514 -0.639088 0.656300 0.751833 0.063388
1.673038 -940.362010 -7580.088244 458503.903870 0.434546 -0.474525 0.765503 0.610130 -0.470109 -0.637761 0.662503 0.744193 0.085238
-15.808358 -72.366339 -1089.852528 10689.260141 0.969121 0.238327 -0.063288 -0.162463 0.810190 0.563203 -0.185502 0.535529 -0.823892
-14.211730 -74.097409 2375.410727 11769.806654 0.974876 0.221410 -0.024378 -0.167932 0.802454 0.572596 -0.146341 0.554117 -0.819475
-19.284192 -80.842038 -2792.771359 9629.941594 0.961237 0.270506 -0.053379 -0.212586 0.850391 0.481292 -0.175585 0.451288 -0.874933
-18.105173 -78.436525 -1078.468417 10501.722225 0.970868 0.228153 -0.073225 -0.163943 0.855352 0.491422 -0.174753 0.465101 -0.867838
-43.032673 -134.423212 23173.073862 46247.886829 0.736437 0.513557 -0.440363 0.014070 0.639169 0.768937 0.676360 -0.572470 0.463482
-50.787423 -85.698723 12085.137855 22955.777973 0.719307 0.301509 -0.625851 0.154803 0.808684 0.567509 0.677225 -0.505097 0.535018
-72.214716 -109.200817 -523.583883 10516.275716 0.069931 0.988610 0.133264 0.895805 -0.121014 0.427655 -0.438911 -0.089472 0.894065
-70.899182 -105.634909 -2363.758484 4620.011106 0.120898 0.968587 0.217309 0.940014 -0.182057 0.288495 -0.318995 -0.169395 0.932495
-71.002133 -102.152189 2523.792365 3291.643920 0.194306 0.975067 0.107191 0.916881 -0.219370 0.333475 -0.348675 -0.033485 0.936645
-73.019378 -108.008931 4708.812719 10728.036071 0.133362 0.990508 0.033286 0.883416 -0.134032 0.449011 -0.449210 0.030475 0.892906
-72.410609 -104.442014 937.065377 -5873.137619 0.221895 0.973308 0.058607 0.935527 -0.229454 0.268588 -0.274867 0.004770 0.961471
-72.953945 -105.308787 1921.942525 5232.270691 0.174126 0.984664 -0.010802 0.909669 -0.156644 0.384663 -0.377072 0.076806 0.922994
41.984513 -219.959099 -11633.923747 34248.778939 0.433203 0.898133 -0.075452 -0.823221 0.360205 -0.438815 0.366936 -0.252210 -0.895404
40.198305 -218.012599 -7572.766435 -27966.661500 0.495560 0.867177 -0.049240 -0.622996 0.315373 -0.715832 0.605224 -0.385414 -0.696534
55.449827 -241.064304 -17152.253682 -28067.220429 0.434813 0.899086 -0.050823 -0.649208 0.273856 -0.709600 0.624073 -0.341538 -0.702769
72.166175 -242.993031 -19273.529675 33257.977498 0.366480 0.928910 -0.053091 -0.819673 0.295330 -0.490832 0.440260 -0.223398 -0.869635
168.639273 -87.269486 10139.506093 614.994020 0.933763 0.342432 0.104056 -0.075384 0.472408 -0.878150 0.349864 -0.812140 -0.466931
135.304105 -37.431803 -55586.615365 -2700.269625 0.982197 -0.187853 -0.001040 0.083253 0.440245 -0.894010 -0.168400 -0.878007 -0.448046
-19.878031 -78.035747 12547.458573 407.841671 0.592454 -0.506493 -0.626469 -0.270455 0.607458 -0.746893 0.758849 0.611931 0.222908
-12.813976 -82.425957 14577.658454 -1164.770193 0.575974 -0.458319 -0.676903 -0.406696 0.557642 -0.723625 0.709121 0.692083 0.134790
-33.505228 -85.867425 -932.861441 1364.298319 0.665961 -0.517473 -0.537325 -0.228933 0.543761 -0.807411 0.709990 0.660716 0.243657
1.321251 -76.739587 24979.873093 -3634.697542 0.520428 -0.456783 -0.721459 -0.351136 0.655675 -0.668427 0.778369 0.601199 0.180838
-32.970920 -83.669372 -4285.439555 3012.177178 -0.642223 0.594833 0.483450 -0.088194 0.569178 -0.817470 0.761428 0.567635 0.313079
-21.074487 -80.543920 17222.908535 694.937112 0.567316 -0.511049 -0.645740 -0.193161 0.679684 -0.707615 0.800526 0.526173 0.286881
-11.351140 -78.279766 -1007.597363 6627.397200 -0.719065 0.252606 0.647407 0.352777 0.935321 0.026879 -0.598743 0.247718 -0.761671
-14.516408 -79.749447 -1299.351090 2128.434189 -0.697136 0.273708 0.662636 0.391655 0.919548 0.032219 -0.600506 0.281986 -0.748249
-25.995436 -80.420268 -6457.721389 1176.145035 -0.660050 0.336177 0.671803 0.398560 0.914753 -0.066165 -0.636777 0.224082 -0.737769
4.672883 -116.896901 3456.565625 -11522.064229 0.725613 0.084785 -0.682859 -0.680714 -0.056585 -0.730360 0.100563 -0.994791 -0.016656
4.045547 -124.739521 5874.094726 -7230.673446 0.745286 0.095325 -0.659895 -0.666708 0.116956 -0.736086 -0.007012 -0.988552 -0.150720
-15.516627 -196.583998 27861.432368 -27564.165360 0.836739 0.525617 -0.153602 -0.337062 0.273290 -0.900945 0.431575 -0.805629 -0.405838
-20.055911 -217.768601 24269.260637 -4633.942700 0.850276 0.505757 -0.145742 -0.415909 0.475913 -0.774936 0.322569 -0.719525 -0.615006
-5.824374 -239.523138 995.743072 -16347.786050 0.612756 0.350251 -0.708417 -0.486299 0.873719 0.011346 0.622931 0.337550 0.705703
-4.864097 -247.912307 -471.122523 -8561.189138 -0.632492 -0.330849 0.700352 0.639609 -0.733066 0.231331 0.436869 0.594267 0.675272
-4.118891 -233.949839 -526.406229 -317.873513 0.633908 0.338013 -0.695635 -0.557689 0.822951 -0.108325 0.535859 0.456616 0.710181
-6.190178 -220.122896 -930.606520 -13565.995894 0.626665 0.351408 -0.695560 -0.445071 0.894059 0.050706 0.639690 0.277798 0.716676
-6.018451 -225.905475 3421.236236 -18402.422589 0.597590 0.359287 -0.716798 -0.401988 0.907765 0.119871 0.693752 0.216510 0.686900
-6.391798 -234.253363 -5927.553199 -11977.488389 0.666324 0.351283 -0.657732 -0.461975 0.886875 0.005655 0.585313 0.300088 0.753231
-2.895082 -234.295094 -1378.038842 -5515.007417 0.670457 0.312351 -0.672996 0.610553 -0.747644 0.261254 0.421559 0.586060 0.691970
-7.239219 -116.952219 -854.254922 12672.379976 -0.797938 0.055947 0.600137 0.118066 0.990902 0.064604 -0.591063 0.122406 -0.797284
-7.829195 -122.810897 -2672.055364 13969.657812 -0.800363 0.049422 0.597475 0.045612 0.998728 -0.021511 -0.597778 0.010036 -0.801599
-7.896550 -115.121979 1314.565903 12859.574711 -0.782712 0.050201 0.620357 0.097247 0.994364 0.042231 -0.614740 0.093383 -0.783182
-8.241677 -110.646624 -406.462709 11273.785355 -0.792953 0.056244 0.606681 0.138813 0.986220 0.090003 -0.593259 0.155584 -0.789834
37.070802 -119.385304 -11281.443155 51540.282367 0.206377 0.800408 -0.562811 -0.392649 -0.459104 -0.796900 0.896234 -0.385449 -0.219531
47.498169 -199.296104 -26365.177420 83952.708362 0.234316 0.855916 -0.460982 -0.255545 -0.403279 -0.878671 0.937973 -0.323688 -0.124230
-0.480085 -138.343023 -416.828487 25083.503453 0.749983 0.463499 -0.471904 -0.633538 0.708435 -0.311046 -0.190144 -0.532249 -0.824959
-1.607100 -124.739451 798.727131 5715.847962 0.770445 0.443310 -0.458139 -0.594147 0.759818 -0.263944 -0.231093 -0.475556 -0.848789
-1.252026 -127.323511 605.766736 -6847.049371 0.785772 0.423318 -0.450959 -0.562562 0.792171 -0.236618 -0.257072 -0.439620 -0.860609
1.872822 -158.865490 -5060.996600 -1505.133355 0.766364 -0.006249 -0.642376 -0.475802 0.666332 -0.574121 -0.431623 -0.745629 -0.507680
5.736992 -151.628639 -4249.318457 -5974.633236 0.753500 0.014213 -0.657295 -0.570691 0.510518 -0.643182 -0.326419 -0.859750 -0.392786
-12.847367 -192.016158 -8556.039372 13230.405997 -0.636665 0.725712 -0.260767 0.549725 0.664272 0.506503 -0.540795 -0.179122 0.821861
-5.675458 -178.203048 -9728.464594 8057.128806 -0.630019 0.738248 -0.240970 0.651485 0.671327 0.353394 -0.422662 -0.065657 0.903906
-17.371630 -173.192244 -6989.626494 11854.969473 -0.618668 0.740204 -0.263339 0.681310 0.672382 0.289342 -0.391237 0.000409 0.920290
23.120875 -572.679450 19550.687637 -182929.505017 -0.241293 0.824418 -0.511969 0.082426 0.543061 0.835638 -0.966945 -0.159434 0.198991
18.077111 -503.562142 14603.051207 96047.219882 -0.290180 0.809133 -0.510979 0.525002 0.581029 0.621915 -0.800106 0.087798 0.593399
-8.200563 -511.779369 20333.324408 114917.226522 -0.249264 0.816279 -0.521110 0.477326 0.571749 0.667281 -0.842631 0.082410 0.532148
43.115602 -740.933377 58938.256911 329972.838912 -0.477265 0.855336 0.201539 0.857045 0.402394 0.321796 0.194146 0.326310 -0.925110
55.078737 -1401.173314 51562.949850 -139415.448189 -0.420033 0.898318 0.128833 -0.824166 -0.437023 0.360224 -0.379899 -0.045126 -0.923927
405.023694 -7111.359227 -31810.655023 -4737120.875451 -0.695257 0.717299 -0.045814 -0.705426 -0.693192 -0.147847 0.137809 0.070474 -0.987949
-22.438383 -1384.654657 57731.544408 699573.978466 -0.387507 0.897311 0.211356 0.919122 0.393741 0.013526 -0.071082 0.199504 -0.977316
89.842834 -1370.116587 56538.481154 -892035.554837 -0.587848 0.808123 0.037041 -0.690707 -0.477547 -0.543021 0.421139 0.344799 -0.838901
-10.521519 -589.368401 46184.303987 -282092.712435 -0.418145 0.882538 0.215130 -0.777882 -0.225587 -0.586523 0.469098 0.412598 -0.780839
15.011532 -30.048244 -4573.848446 9502.705637 0.944774 0.151175 -0.290773 -0.301486 0.748780 -0.590284 -0.128488 -0.645348 -0.753005
30.709291 3.988283 -26437.834995 -25967.784705 0.230767 0.957705 0.171897 0.784330 -0.287642 0.549626 -0.575824 -0.007989 0.817535
45.253688 0.835025 -17364.015086 -20585.111580 0.410366 0.890887 0.194731 0.733350 -0.449321 0.510204 -0.542031 0.066565 0.837718
-4.630304 -20.692203 -1080.596595 -4565.330735 -0.416101 0.892075 -0.176244 0.843701 0.451045 0.291078 -0.339158 0.027579 0.940325
-6.799042 -14.764443 -27.135465 -6222.612857 -0.309206 0.941214 -0.136047 0.879092 0.337456 0.336633 -0.362753 0.015509 0.931756
-5.506169 -19.628700 -124.433806 -4365.482842 -0.483492 0.853743 -0.193282 0.808368 0.520186 0.275584 -0.335821 0.023000 0.941645
-4.076712 -25.140267 97.542989 -2800.157889 -0.447161 0.874443 -0.188141 0.837346 0.483201 0.255673 -0.314482 0.043212 0.948280
21.564677 -614.818322 3305.556456 -327810.745032 -0.584739 0.730743 0.352272 -0.288133 -0.593020 0.751869 -0.758327 -0.338146 -0.557313
79.294845 -785.072985 37323.175016 -375859.540269 -0.603641 0.708650 0.365285 -0.002788 -0.460051 0.887888 -0.797252 -0.534947 -0.279681
34.424786 -783.220583 3660.183135 341395.687004 -0.696895 0.539975 0.471979 0.169949 0.763705 -0.622793 -0.696746 -0.353809 -0.623991
-0.340170 -88.474508 12132.361796 6664.928805 0.374666 0.011163 -0.927093 0.919338 0.125135 0.373039 0.120176 -0.992077 0.036621
-6.630456 -89.893981 5251.804102 -6655.938733 0.389995 -0.035847 -0.920119 0.920798 0.021532 0.389445 0.005852 -0.999125 0.041405
1.044068 -85.317138 4536.853315 -2980.909790 0.346494 -0.034469 -0.937419 0.937751 -0.012576 0.347080 -0.023752 -0.999327 0.027965
-74.949995 -125.441424 6130.394049 -34949.372869 0.405340 0.556014 -0.725637 0.782675 -0.621220 -0.038804 -0.472355 -0.552209 -0.686983
-80.237559 -106.918767 -8900.758013 11317.601874 0.715538 0.110753 -0.689739 -0.469430 0.807431 -0.357337 -0.517340 -0.579473 -0.629738
-65.671007 -95.540419 2507.154090 12335.312022 -0.732272 -0.160098 0.661926 -0.414120 0.876299 -0.246182 -0.540631 -0.454389 -0.707989
-62.857032 -95.177909 -800.523971 3651.219731 -0.820272 0.286942 0.494791 -0.058903 0.818083 -0.572076 -0.568932 -0.498403 -0.654149
-46.759494 -122.759672 -22854.561262 41414.433786 -0.535571 -0.547336 0.643107 -0.686639 0.725561 0.045687 -0.491620 -0.417114 -0.764412
-43.611522 -86.022249 -11075.265905 15247.965876 -0.740063 -0.249099 0.624706 -0.401970 0.908539 -0.113921 -0.539192 -0.335422 -0.772505
-51.764016 -85.132096 -4519.098507 7076.234860 -0.825503 0.220418 0.519578 -0.037424 0.897185 -0.440067 -0.563156 -0.382721 -0.732380
-69.107865 -107.028154 1518.555111 -2502.393076 -0.289953 0.945924 0.145448 0.137123 -0.109348 0.984500 -0.947167 -0.305403 0.098003
-75.639397 -113.654834 1501.964786 -4162.499386 -0.314453 0.915816 0.249802 0.311932 -0.148850 0.938372 -0.896559 -0.372995 0.238865
59.716959 -34.925785 -2986.226939 388.489977 0.673981 -0.649717 0.351593 0.649897 0.295168 -0.700364 -0.351260 -0.700531 -0.621187
85.136915 -25.522084 -5066.584489 -4806.151813 -0.369244 0.786585 -0.494918 0.809199 0.010240 -0.587446 -0.457008 -0.617398 -0.640284
117.175961 -24.278444 -12130.534191 -8005.306889 -0.529917 0.703669 -0.473326 0.716001 0.072137 -0.694363 -0.454457 -0.706856 -0.542054
136.908728 -25.505803 -30937.243232 -5637.906620 -0.231986 0.796571 -0.558263 0.814811 -0.154332 -0.558807 -0.531287 -0.584514 -0.613252
70.296749 -45.946769 9853.267543 -3964.564571 0.831091 -0.474030 0.290832 0.487516 0.369341 -0.791148 -0.267611 -0.799302 -0.538053
184.244111 -27.646216 -41716.854398 -6992.305222 -0.536677 0.662999 -0.521929 0.697320 0.000208 -0.716760 -0.475103 -0.748620 -0.462435
117.801734 -40.496545 23633.089376 -7831.790671 0.776595 -0.489269 0.396882 0.546372 0.209420 -0.810938 -0.313652 -0.846616 -0.429957
194.309441 -25.531057 -18790.164505 5735.321379 -0.291093 0.815951 -0.499489 -0.760519 0.119388 0.638246 -0.580410 -0.565660 -0.585793
22.394532 -92.282966 -10614.659383 1424.276021 0.810634 0.576185 0.104325 -0.128095 0.000647 0.991762 -0.571371 0.817319 -0.074331
23.329372 -88.705473 -12166.166963 2116.966329 0.805966 0.582464 0.105617 -0.066233 -0.088568 0.993866 -0.588245 0.808017 0.032804
15.636155 -93.916452 -9008.992440 2556.918166 0.805597 0.581665 0.112601 -0.190102 0.073771 0.978989 -0.561137 0.810076 -0.170005
-11.181946 -83.300499 3132.616641 -15820.638554 0.995949 0.085019 0.029268 -0.044113 0.178365 0.982975 -0.078351 0.980285 -0.181393
-7.912860 -72.898838 -2139.359356 -6121.439047 0.996178 0.087351 0.000200 -0.019939 0.225167 0.974116 -0.085045 0.970397 -0.226049
-4.939198 -72.496651 -7969.662983 -5900.132647 0.994675 0.102696 0.008634 -0.029411 0.202563 0.978827 -0.098773 0.973869 -0.204505
-17.646356 -69.433402 -3596.713593 -7932.635671 -0.908032 -0.409826 -0.086719 -0.400285 0.909911 -0.108780 0.123488 -0.064063 -0.990276
-11.475119 -73.650903 -4788.983633 -1832.160153 -0.887375 -0.450656 -0.097335 -0.452814 0.891605 0.000092 0.086743 0.044157 -0.995252
-6.313805 -70.761180 6525.738109 5645.397715 0.874291 0.474271 0.103359 -0.484779 0.863936 0.136399 0.024605 0.169359 -0.985247
-0.762112 -74.742048 9209.193447 2238.215963 0.860227 0.495638 0.119801 -0.503981 0.862151 0.051949 0.077539 0.105066 -0.991438
-0.452438 -72.590717 -10294.535341 -5274.912184 -0.862507 -0.490030 -0.126301 -0.487955 0.871491 -0.049020 0.134092 0.019349 -0.990780
-7.464288 -65.865941 -7354.486173 -7916.944028 -0.880670 -0.460032 -0.113099 -0.447117 0.886053 -0.122462 0.156548 -0.057281 -0.986008
-10.716575 -123.990493 -2056.534801 5052.323853 0.975771 0.205370 0.075458 0.159453 -0.903650 0.397481 -0.149819 0.375819 0.914502
-10.022531 -127.189707 -1078.081159 7329.771064 0.977708 0.198509 0.068417 0.157807 -0.909658 0.384214 -0.138506 0.364852 0.920706
-11.150520 -131.495383 -2894.664389 -166.342494 0.978905 0.185647 0.085325 0.104914 -0.815076 0.569776 -0.175324 0.548805 0.817359
-9.677743 -119.338989 -786.987547 9568.580078 0.974446 0.216849 0.058584 0.195552 -0.947296 0.253750 -0.110522 0.235809 0.965494
-9.064783 -127.645877 -1014.750520 478.711405 0.980909 0.172664 0.089464 0.090392 -0.812167 0.576380 -0.172180 0.557290 0.812270
-6.294864 -120.150481 -2735.802938 2709.112929 0.976067 0.191926 0.102266 0.122860 -0.874669 0.468891 -0.179441 0.445104 0.877316
-8.684247 -113.253738 -72.248637 8256.430413 0.970580 0.233032 0.060587 0.217255 -0.956056 0.196868 -0.103801 0.177913 0.978556
-8.408303 -116.120190 -1920.402451 5305.228201 0.971643 0.221270 0.083362 0.185812 -0.932556 0.309536 -0.146231 0.285269 0.947227
