14533
29048
-39.051853 -58.264305 -1097.724322 6239.647654 0.142251 0.981619 -0.127234 0.910358 -0.079279 0.406157 -0.388605 0.173605 0.904902
-49.313981 -70.965597 -5.658417 5497.612435 0.106388 0.973685 -0.201543 0.843875 0.018786 0.536212 -0.525887 0.227123 0.819669
-45.308336 -86.396010 39.208797 11394.384456 -0.171165 0.935100 -0.310308 0.844330 0.301533 0.442928 -0.507750 0.186188 0.841145
-39.854099 -59.780303 565.209768 3364.842886 0.559095 0.828976 0.014565 0.711486 -0.488726 0.504910 -0.425676 0.271930 0.863049
-22.687743 -88.638498 -6547.773730 15957.520361 -0.201861 0.962519 -0.181134 0.897566 0.255812 0.359076 -0.391953 0.090096 0.915563
-27.845429 -52.380904 -5664.019099 9530.742266 -0.015447 0.995967 -0.088378 0.958787 0.039833 0.281320 -0.283706 0.080391 0.955536
-30.913073 -43.303187 -165.602508 -4096.458362 0.733039 0.671649 0.107427 -0.619337 0.724379 -0.302816 -0.281204 0.155443 0.946975
-33.450213 -50.133401 1276.420939 -2819.268674 0.743913 0.662612 0.086822 -0.584013 0.707756 -0.397505 -0.324840 0.245004 0.913483
-31.251218 -86.701945 -309.204404 -1269.122967 0.181669 0.946817 0.265581 0.810568 -0.297092 0.504694 -0.556755 -0.123584 0.821432
-30.179337 -70.485673 358.157011 -14174.800842 0.248381 0.927872 0.278137 0.648972 -0.372567 0.663347 -0.719126 -0.015741 0.694702
-33.069739 -66.306412 -4390.322622 -16154.519744 0.225716 0.897467 0.378953 0.629730 -0.431210 0.646141 -0.743299 -0.092794 0.662493
-30.642304 -79.155512 -2830.320631 -10914.152370 0.150954 0.923654 0.352245 0.730829 -0.344217 0.589409 -0.665659 -0.168457 0.726994
86.301060 -80.645967 25174.741966 -4912.309724 0.395200 0.507943 0.765383 -0.167152 0.859064 -0.483807 -0.903259 0.063265 0.424406
32.180246 -76.291146 4865.278067 -3627.102756 0.387718 0.689399 0.611885 -0.267620 0.719406 -0.640964 -0.882074 0.084761 0.463423
71.623171 -64.329422 22290.225695 -8203.270133 0.418037 0.640924 0.643787 -0.353406 0.767594 -0.534699 -0.836868 -0.003994 0.547390
305.467860 -68.786937 128064.839357 777.589100 0.492002 0.388232 0.779237 -0.240666 0.920835 -0.306826 -0.836669 -0.036577 0.546487
-5.595597 -57.342669 -2549.671883 3030.001431 0.242767 0.646688 -0.723090 0.730115 -0.612599 -0.302746 0.638746 0.454442 0.620875
-6.390314 -50.699373 -1074.415916 625.606566 0.223016 0.659478 -0.717880 0.682019 -0.631732 -0.368463 0.696501 0.407435 0.590663
-5.663416 -58.084778 61.612829 2834.604704 0.191840 0.668301 -0.718729 0.758468 -0.565710 -0.323571 0.622835 0.483059 0.615411
-5.302079 -50.695609 -2435.456154 -546.942598 0.257650 0.636768 -0.726735 -0.649449 0.671019 0.357700 0.715425 0.379816 0.586436
-1.891121 -71.864156 -2138.450532 8745.872743 0.197506 0.672601 -0.713162 0.807627 -0.523985 -0.270516 0.555636 0.522540 0.646700
-3.415306 -72.721758 -3326.465592 8780.751063 0.239786 0.648945 -0.722061 0.787083 -0.565355 -0.246728 0.568333 0.509160 0.646338
-3.382088 -56.373198 -1936.534151 3082.764001 0.254544 0.636523 -0.728043 0.710064 -0.634106 -0.306136 0.656518 0.439032 0.613380
38.003209 -22.382359 -7258.888281 -880.304054 0.129606 0.876786 -0.463085 -0.476600 0.464623 0.746310 -0.869514 -0.123980 -0.478094
36.769152 -19.446229 -7265.616044 1280.189219 0.144747 0.835461 -0.530144 -0.487009 0.526549 0.696827 -0.861319 -0.157322 -0.483094
46.033298 -23.161197 -2773.585680 959.805896 0.260111 0.883605 -0.389340 -0.479503 0.468191 0.742209 -0.838104 0.006367 -0.545473
3.392385 -60.934077 -524.320477 -1594.479507 -0.157484 0.982403 -0.100416 -0.143452 0.077848 0.986591 -0.977047 -0.169777 -0.128668
5.258616 -77.519343 -814.404983 -11170.999815 -0.154680 0.984528 -0.082333 -0.037201 0.077473 0.996300 -0.987264 -0.157171 -0.024642
2.407255 -64.463975 -1752.593204 -4067.621384 -0.190898 0.978035 -0.083694 -0.117115 0.061960 0.991184 -0.974598 -0.199017 -0.102714
-0.697076 -64.015079 -1449.717935 4486.571973 -0.190956 0.978239 -0.081145 -0.213491 0.039298 0.976154 -0.958101 -0.203726 -0.201341
-1.124994 -68.403898 357.244693 8605.046050 -0.126929 0.981752 -0.141605 -0.226603 0.110284 0.967723 -0.965681 -0.154920 -0.208469
-1.741141 -123.721327 -547.551884 -3212.070403 0.036307 0.999318 -0.006689 -0.569558 0.015192 -0.821811 0.821149 -0.033647 -0.569721
0.231439 -128.640265 -272.667494 -4277.822464 0.033920 0.999298 -0.015907 -0.565165 0.006053 -0.824956 0.824280 -0.036973 -0.564974
-1.502384 -119.345913 -294.817025 3512.599503 0.019436 0.999640 -0.018515 -0.756040 0.002576 -0.654520 0.654237 -0.026719 -0.755818
-3.444577 -113.763591 -514.711170 3284.485261 0.010313 0.999776 -0.018504 -0.762565 -0.004106 -0.646899 0.646829 -0.020782 -0.762352
-4.408725 -118.339429 -916.032476 -1147.470207 0.035211 0.999367 -0.004991 -0.580757 0.016397 -0.813912 0.813315 -0.031557 -0.580967
11.638214 -42.080211 -10746.160058 946.557782 -0.552720 0.821604 -0.139527 0.182272 0.282555 0.941775 -0.813190 -0.495105 0.305930
-10.231945 -50.219285 -10106.914603 -641.701540 -0.586588 0.724197 -0.362564 0.049444 0.478860 0.876498 -0.808375 -0.496217 0.316701
23.295202 -41.865888 -15775.334845 199.705117 -0.559463 0.827201 -0.052339 0.144938 0.159808 0.976450 -0.816085 -0.538701 0.209300
47.062027 -36.447858 -14690.586655 -450.816428 -0.478708 0.875318 0.068245 0.216609 0.042420 0.975336 -0.850834 -0.481684 0.209908
31.009252 -36.702091 -10712.939564 21.149627 -0.470055 0.882518 0.014474 0.270222 0.128279 0.954214 -0.840255 -0.452444 0.298774
85.123286 -52.114207 23176.612569 -5202.183753 0.210688 0.825083 0.524259 0.757339 -0.476865 0.446136 -0.618100 -0.303047 0.725338
364.234573 -79.642542 148134.210640 -14294.404849 0.041585 0.865378 0.499391 0.734835 -0.365149 0.571563 -0.676970 -0.343201 0.651094
157.804094 -51.133805 54367.645362 -8035.238163 0.239450 0.799841 0.550380 0.677911 -0.543544 0.494971 -0.695054 -0.254588 0.672372
44.321473 -41.930734 7177.378376 -5541.055410 0.377350 0.751500 0.541160 0.673213 -0.623878 0.396939 -0.635918 -0.214531 0.741340
1.703609 -59.759803 642.043150 -2238.071996 -0.112879 0.963189 0.243979 0.725682 -0.087811 0.682404 -0.678708 -0.254080 0.689056
0.812564 -63.795578 851.856555 -1218.460514 -0.098497 0.962598 0.252394 0.849759 -0.050635 0.524734 -0.517888 -0.266159 0.812989
3.265467 -58.904640 553.249837 -2008.023570 -0.131231 0.960294 0.246198 0.739901 -0.070409 0.669021 -0.659791 -0.269958 0.701283
2.375796 -75.532085 464.534882 435.654413 0.016180 0.992153 0.123980 -0.178496 0.124871 -0.975985 0.983808 0.006339 -0.179116
1.151131 -72.777069 615.971579 1153.765154 -0.005562 0.997355 0.072468 -0.350569 0.065925 -0.934214 0.936520 0.030601 -0.349275
3.752359 -68.801583 664.011030 1401.598162 0.022356 0.991521 0.128005 -0.237293 0.129641 -0.962749 0.971181 0.008852 -0.238180
-1.092806 -80.123439 730.123897 39.644364 -0.006463 0.997709 0.067349 -0.300199 0.062308 -0.951839 0.953855 0.026370 -0.299108
4.784330 -72.155054 380.048938 1640.026763 0.038792 0.983612 0.176074 -0.069069 0.178424 -0.981527 0.996857 -0.025915 -0.074858
3.753100 -78.167129 332.544848 1137.951077 0.028967 0.983907 0.176320 -0.004040 0.176508 -0.984291 0.999572 -0.027800 -0.009088
0.307488 -82.535830 612.345875 -516.714458 0.012167 0.992961 0.117813 -0.120630 0.118419 -0.985609 0.992623 0.002219 -0.121221
0.333590 -226.995239 3742.949214 -48826.093476 0.983608 0.156333 0.089862 -0.105349 0.093760 0.990005 -0.146345 0.983244 -0.108693
21.095707 -178.614592 10382.286058 -24197.057929 0.991012 0.131401 0.025096 -0.039440 0.107725 0.993398 -0.127830 0.985459 -0.111939
8.099343 -161.128950 5529.920125 -32399.164270 0.986108 0.144976 0.081076 -0.127171 0.344920 0.929977 -0.106860 0.927368 -0.358565
-6.163672 -223.167370 2998.274539 -52011.375799 0.980542 0.164828 0.106623 -0.130772 0.143365 0.980992 -0.146409 0.975847 -0.162131
-11.253571 -235.601815 1068.515609 -20707.389539 0.975946 0.195493 0.096502 -0.046571 -0.245483 0.968282 -0.212982 0.949484 0.230474
0.591075 -94.897748 -1032.417020 -6470.458320 0.905813 0.419489 0.059430 0.417849 -0.861332 -0.288980 0.070035 -0.286595 0.955489
1.281759 -92.128990 -686.556601 -2919.189545 0.905208 0.421662 0.052907 0.423732 -0.886062 -0.188004 0.032396 -0.192601 0.980742
0.014480 -103.847395 -493.791196 -8633.498038 0.911022 0.409937 0.044612 0.398464 -0.847314 -0.351122 0.106138 -0.337656 0.935266
0.162268 -89.827211 77.318111 -1940.105642 0.893331 0.447156 0.044847 0.447458 -0.875766 -0.181148 0.041726 -0.181892 0.982433
-0.243711 -105.840546 -912.152163 -8865.682392 0.909216 0.413070 0.051964 0.394404 -0.814637 -0.425220 0.133314 -0.407112 0.903597
-1.183284 -98.044838 146.761241 -6937.961617 0.895458 0.443033 0.043316 0.433398 -0.845482 -0.311972 0.101591 -0.298131 0.949104
19.876279 -48.492207 -37211.771382 5499.472388 0.561192 0.826518 -0.043958 0.781161 -0.546454 -0.301952 0.273590 -0.135115 0.952309
8.947778 -78.274211 455.178016 20997.574600 0.482889 0.856792 -0.180905 0.750514 -0.511374 -0.418599 0.451162 -0.066365 0.889971
41.368323 -52.276191 -48362.803433 -4796.358973 0.752992 0.652515 -0.085015 -0.597408 0.732056 0.327409 0.275875 -0.195748 0.941050
-5.896098 -464.865954 -908.512692 -106338.921812 0.995703 -0.018438 0.090747 0.084168 -0.228400 -0.969922 -0.038610 -0.973393 0.225866
-1.369063 -362.732729 2179.778082 -4838.917383 0.995018 0.017931 0.098070 0.091802 0.218834 -0.971434 0.038880 -0.975597 -0.216098
2.539059 -529.252424 -3527.455012 -147245.207624 0.999118 -0.010455 0.040658 0.040442 -0.020100 -0.998980 -0.011262 -0.999743 0.019660
1.376961 -524.690853 -1677.742870 -166215.828121 0.996127 -0.023864 0.084621 0.063529 -0.469996 -0.880380 -0.060781 -0.882346 0.466659
3.816752 -403.200061 -3281.025977 -108588.495261 0.997862 -0.012604 0.064127 0.055946 -0.342454 -0.937868 -0.033781 -0.939450 0.341016
-1.972225 -300.623850 -680.917812 -43603.145280 0.997785 0.016893 0.064340 0.065715 -0.100191 -0.992796 0.010325 -0.994825 0.101079
-1.639070 -316.762098 -3925.772199 -13117.506916 0.998574 -0.020075 0.049462 0.053048 0.269816 -0.961450 -0.005956 -0.962703 -0.270496
-593.207260 -3211.098665 1151733.615249 753422.778945 0.140195 0.982005 -0.126534 0.899276 -0.072813 0.431278 -0.414304 0.174251 0.893302
-173.821075 -2133.178988 44244.835782 -151333.259465 0.897838 0.418047 0.138287 -0.132181 -0.043686 0.990262 -0.420018 0.907374 -0.016035
-134.977658 -91114.049437 -238153.016245 24622385.996987 0.875622 0.428635 0.222615 0.482996 -0.777476 -0.402797 -0.000425 -0.460221 0.887805
0.703068 -22.889013 4690.707990 2685.607596 0.469580 0.777511 0.418297 0.560597 -0.628594 0.539074 -0.682074 0.018643 0.731045
-6.817950 -21.950169 4452.264721 2174.790174 0.515378 0.712139 0.476702 0.506966 -0.701852 0.500389 -0.690920 0.016218 0.722749
-3.459466 -18.649216 5442.982962 937.176304 0.449244 0.801304 0.395085 0.596247 -0.598237 0.535352 -0.665334 0.004936 0.746529
3.501382 -17.738232 4213.623787 1086.354894 0.430724 0.815070 0.387476 0.608981 -0.579357 0.541745 -0.666047 -0.002623 0.745905
-6.396732 -16.760033 4560.759890 -484.931372 0.462124 0.784019 0.414435 0.608759 -0.620284 0.494631 -0.644867 -0.023709 0.763927
-10.602861 -23.786373 -796.639956 1326.729972 0.217994 0.762142 -0.609605 -0.013596 0.626939 0.778950 -0.975856 0.161518 -0.147031
-13.903065 -25.299669 -1211.733329 1205.769076 0.230401 0.750087 -0.619907 -0.066578 0.647704 0.758977 -0.970816 0.133597 -0.199171
-9.556643 -26.033564 -1298.211364 1355.423524 0.203497 0.706794 -0.677518 -0.033861 0.696664 0.716598 -0.978490 0.122884 -0.165702
-7.374275 -24.425566 -697.215394 1119.947653 0.196908 0.758419 -0.621311 0.009634 0.632191 0.774753 -0.980375 0.158541 -0.117177
-6.132170 -26.897254 -1017.399687 1210.736222 0.184746 0.730297 -0.657674 -0.019254 0.671754 0.740524 -0.982598 0.124146 -0.138165
-7.757023 -28.334565 1563.081196 956.739541 -0.192209 -0.679054 0.708479 -0.070714 0.729647 0.680158 -0.978803 0.080633 -0.188264
-27.231275 -40.935016 -4433.912262 -1063.195426 -0.490040 -0.863579 -0.118708 0.870818 -0.478860 -0.111217 0.039200 -0.157874 0.986681
-24.968871 -42.845411 -3810.277458 -1527.450701 -0.571578 -0.815999 -0.086274 0.811506 -0.546582 -0.206656 0.121476 -0.188132 0.974602
-18.589263 -38.543291 -2879.654677 -714.228879 -0.408311 -0.907943 -0.094458 0.911462 -0.399815 -0.096881 0.050196 -0.125652 0.990804
-12.519239 -37.234453 2009.384798 -495.352147 0.413967 0.908661 0.054472 0.902997 -0.402353 -0.150693 0.115012 -0.111570 0.987079
-12.417371 -35.464984 -2543.837576 -660.456487 -0.311259 -0.947956 -0.067063 0.950185 -0.309225 -0.039097 0.016325 -0.075891 0.996982
-51.115030 -74.124773 -2478.869128 4231.011964 -0.584433 0.810176 -0.045306 -0.758298 -0.565179 -0.324895 0.288828 0.155524 -0.944664
-49.735968 -76.757383 1099.488204 -8426.209560 -0.568503 0.816119 0.103706 0.818636 0.548710 0.169564 0.081480 0.181295 -0.980048
-51.001763 -69.686847 4969.185526 -6270.610484 -0.513658 0.852785 0.094411 -0.807661 -0.443454 -0.388629 0.289551 0.275875 -0.916544
-51.659034 -62.257779 -129.383953 -7999.522116 -0.621550 0.774850 -0.115252 -0.643147 -0.588735 -0.489646 0.447255 0.230215 -0.864271
-238.854644 -370.064043 -15869.241229 -28579.767513 -0.412178 -0.807009 -0.422901 0.862967 -0.196922 -0.465306 0.292228 -0.556739 0.777589
-234.414816 -406.637680 46622.568334 57785.922442 0.328297 0.930763 0.160938 0.726212 -0.139760 -0.673115 0.604018 -0.337857 0.721814
-252.080152 -443.244257 -56158.364494 -84417.063475 -0.146726 -0.975472 -0.164090 0.981051 -0.122285 -0.150284 0.126532 -0.183032 0.974930
-164.134132 -374.151963 44972.717755 32778.234186 0.095508 0.995420 -0.004143 0.795012 -0.078783 -0.601456 0.599027 -0.054151 0.798895
-138.930899 -423.561539 41766.585765 -97606.325405 -0.036336 0.998244 -0.046784 0.982101 0.027012 -0.186409 0.184818 0.052720 0.981358
18.877563 -19.615037 -2232.770327 2712.921606 0.098020 0.994342 0.040939 -0.071045 -0.034040 0.996892 -0.992645 0.100624 -0.067307
16.647791 -26.284745 -1740.913798 3761.413588 0.094879 0.993246 0.066793 -0.126771 -0.054494 0.990434 -0.987384 0.102439 -0.120744
18.180853 -21.482908 1206.006506 2926.198588 0.162546 0.986282 0.028741 -0.081931 -0.015537 0.996517 -0.983293 0.164335 -0.078282
-25.260692 -40.157961 -10105.483579 12001.472281 -0.051121 0.964946 -0.257422 -0.354428 0.223452 0.907992 -0.933685 -0.137655 -0.330581
-33.630396 -47.438400 -7274.512403 16521.342449 0.126993 0.807897 -0.575478 -0.304526 0.583912 0.752536 -0.944000 -0.079681 -0.320178
-26.086889 -68.994304 -6095.066250 11179.078455 0.048739 0.893078 -0.447254 -0.453444 0.418767 0.786780 -0.889951 -0.164458 -0.425371
-31.727234 -75.931774 -1929.380429 4100.678943 0.139555 0.907754 -0.395611 -0.560392 0.401787 0.724243 -0.816385 -0.120625 -0.564770
-17.282751 -66.382853 -9674.815415 13388.313059 0.020442 0.841071 -0.540539 -0.428446 0.495862 0.755351 -0.903336 -0.216151 -0.370490
-23.207323 -75.334037 -4825.473954 6344.625838 0.045696 0.882848 -0.467430 -0.569026 0.407590 0.714198 -0.821049 -0.233344 -0.520989
-29.419521 -80.838244 -2464.421307 2054.578148 0.067479 0.926291 -0.370717 -0.629772 0.327733 0.704257 -0.773843 -0.185944 -0.605468
-42.742814 -52.353313 -1958.574529 236.812975 -0.040489 0.982159 0.183644 -0.558840 0.130100 -0.819007 0.828287 0.135788 -0.543602
-48.417231 -51.588237 -2997.753551 219.043196 0.133401 0.822312 0.553179 -0.583704 0.516278 -0.626695 0.800933 0.239291 -0.548859
-45.262550 -54.512111 -3795.760804 2075.527292 0.057917 0.910035 0.410465 -0.476182 0.386552 -0.789828 0.877437 0.149712 -0.455730
-40.187237 -55.749008 -573.283810 1387.880275 0.055522 0.972583 0.225831 -0.444279 0.226620 -0.866752 0.894166 0.052208 -0.444681
-53.378250 -61.122007 -3587.709808 4384.302560 -0.176152 0.982466 0.061078 -0.362358 -0.007028 -0.932012 0.915242 0.186308 -0.357243
-43.906937 -62.348331 -2608.872894 3555.031297 0.037209 0.968822 0.244948 -0.344091 0.242550 -0.907067 0.938199 0.050534 -0.342388
60.859443 -18.726545 13490.908373 -1575.945617 0.013259 0.508209 0.861131 0.904224 0.361547 -0.227295 -0.426852 0.781670 -0.454741
80.378983 -18.827371 24738.925090 -2764.720355 0.091441 0.587643 0.803937 0.862508 0.356767 -0.358885 -0.497714 0.726218 -0.474223
80.015402 -28.110995 9736.111366 -5145.144206 -0.058186 0.667330 0.742486 0.879288 0.386441 -0.278417 -0.472723 0.636659 -0.609261
63.999501 -26.154682 8153.450525 -898.200582 -0.119128 0.572947 0.810888 0.922772 0.365333 -0.122567 -0.366469 0.733664 -0.572221
100.938031 -214.402749 -19292.786647 60238.153892 -0.184840 0.336678 -0.923300 0.919208 0.391609 -0.041222 0.347694 -0.856324 -0.381862
85.828445 -170.589136 -13738.168006 41478.047709 -0.101462 0.483296 -0.869558 0.863551 0.476769 0.164225 0.493948 -0.734245 -0.465725
145.651854 -162.308037 -24038.455883 17582.432423 -0.027998 0.504737 -0.862819 0.991409 0.124346 0.040569 0.127765 -0.854271 -0.503883
61.382508 -178.995999 -10180.230915 49967.706098 -0.241459 0.269855 -0.932135 0.814108 0.579102 -0.043234 0.528135 -0.769297 -0.359521
153.794386 -184.323974 -33343.838754 -5223.918831 -0.127454 0.281008 -0.951204 0.990425 -0.015227 -0.137207 -0.053040 -0.959584 -0.276377
18.147639 -41.760114 4807.056131 -516.416349 -0.363765 0.920993 0.139453 0.011318 0.154069 -0.987995 0.931422 0.357820 0.066469
25.685801 -42.605656 6723.554630 -534.899036 -0.345952 0.928450 0.135271 0.015895 0.149952 -0.988565 0.938118 0.339846 0.066634
18.493023 -40.247983 4593.206839 -1072.055005 -0.357856 0.926023 0.120087 0.117031 0.172067 -0.978109 0.926414 0.335968 0.169948
8.711197 -39.536024 1629.878372 -1006.272743 -0.356546 0.924613 0.134036 0.110684 0.184257 -0.976626 0.927698 0.333377 0.168036
7.819945 -41.107683 1794.066050 -302.780994 -0.358639 0.921862 0.146795 0.006936 0.159883 -0.987112 0.933450 0.352999 0.063734
14.747422 -45.638985 1838.152661 1770.810666 0.532431 0.383270 0.754733 -0.403869 0.898612 -0.171423 -0.743913 -0.213543 0.633240
4.041111 -54.825648 -1986.310036 -5197.740523 0.573675 0.167055 0.801866 -0.239496 0.970408 -0.030827 -0.783287 -0.174359 0.596708
6.388382 -43.574416 1905.894826 93.698012 0.552940 0.366800 0.748141 -0.301057 0.925182 -0.231093 -0.776931 -0.097453 0.621998
13.752078 -45.259786 5397.022937 3074.604622 0.552723 0.454538 0.698493 -0.425933 0.874497 -0.232026 -0.716295 -0.169265 0.676957
20.670158 -48.520929 5205.656661 3580.333672 0.536195 0.464725 0.704646 -0.531186 0.834547 -0.146194 -0.656000 -0.295910 0.694336
-37.578985 -56.686452 -2192.335150 -2049.687070 0.389353 -0.061699 0.919020 0.455792 0.879938 -0.134026 -0.800411 0.471065 0.370728
-44.211546 -67.684265 867.825345 -6124.280952 0.135932 -0.457568 0.878723 0.667417 0.697782 0.260104 -0.732173 0.551118 0.400240
-42.660404 -54.293158 -3765.367243 -1780.774203 0.264696 -0.076174 0.961319 0.584492 0.805568 -0.097106 -0.767011 0.587586 0.257753
-30.489423 -51.210949 -4028.547359 475.611221 0.444951 0.285628 0.848785 0.394842 0.788117 -0.472197 -0.803815 0.545241 0.237896
-29.585191 -49.004951 -3754.871737 1329.760370 0.431203 0.316355 0.844975 0.517723 0.680239 -0.518881 -0.738936 0.661206 0.129537
-42.681789 -50.351451 -4618.112724 -37.920540 0.229858 0.026807 0.972855 0.676094 0.714633 -0.179434 -0.700044 0.698986 0.146140
-0.885892 -46.115442 -2473.936847 896.657338 -0.641428 -0.366128 -0.674181 -0.580240 0.806412 0.114110 0.501889 0.464380 -0.729697
7.294941 -43.756577 2401.703231 840.893578 0.581523 0.468494 0.665090 0.665825 -0.743834 -0.058203 0.467449 0.476680 -0.744492
-2.048640 -45.100766 -1997.319209 1367.677732 -0.548110 -0.487823 -0.679415 -0.614194 0.786136 -0.068956 0.567751 0.379497 -0.730507
8.897945 -132.979172 5600.195852 11303.245591 0.509014 0.279659 0.814061 0.106497 0.918021 -0.381963 -0.854145 0.281119 0.437502
20.382744 -127.875219 10185.084961 12570.070577 0.515836 0.249170 0.819651 0.135441 0.921015 -0.365222 -0.845913 0.299409 0.441345
6.062886 -118.877135 4628.675416 4571.259789 0.517059 0.324294 0.792139 0.241926 0.832347 -0.498669 -0.821049 0.449480 0.351917
-1.806780 -120.787494 1899.780885 5431.015203 0.508690 0.335881 0.792729 0.250404 0.823236 -0.509490 -0.823731 0.457675 0.334666
-3.671087 -150.139902 109.271454 -11441.275740 0.974611 -0.215132 0.062067 -0.090136 -0.630713 -0.770763 -0.204963 -0.745600 0.634091
-2.380657 -142.782516 -954.745662 -14525.516028 0.972411 -0.224143 0.064630 -0.127777 -0.743587 -0.656317 -0.195167 -0.629951 0.751712
-4.705786 -156.872043 -202.730050 -14666.692047 0.971526 -0.232350 0.046380 -0.104666 -0.596488 -0.795768 -0.212562 -0.768255 0.603823
-5.365075 -165.622431 700.828213 -10709.454656 0.975097 -0.215890 0.050777 -0.053699 -0.451964 -0.890419 -0.215181 -0.865517 0.452301
-4.669035 -161.125651 1295.336002 -9354.544211 0.980748 -0.188810 0.049833 -0.051778 -0.497499 -0.865918 -0.188286 -0.846668 0.497697
-26.591329 -39.195145 1146.895448 1730.496694 -0.088525 0.536654 -0.839146 -0.189838 0.817922 0.543107 0.977816 0.207381 0.029471
-29.114836 -37.531538 -1815.658108 -2338.182755 -0.094087 0.836519 -0.539799 0.195737 -0.516078 -0.833876 0.976132 0.184116 0.115182
-23.953825 -39.397184 -365.567012 -1089.762593 -0.087486 0.750563 -0.654982 0.104486 -0.646963 -0.755329 0.990671 0.134517 0.021823
-21.426353 -40.399079 1046.395223 -608.503448 -0.106230 0.526839 -0.843301 -0.078737 0.840979 0.535307 0.991219 0.123265 -0.047855
-22.932196 -41.522060 1767.193552 590.370952 -0.111131 0.352255 -0.929283 -0.185588 0.911270 0.367621 0.976323 0.213318 -0.035896
-58.187294 -109.802910 -14664.502177 487.418030 0.853272 0.356381 -0.380682 0.059459 0.658771 0.749990 -0.518065 0.662581 -0.540921
209.641679 -2045.716893 -150160.448751 637387.518811 0.913785 0.039340 -0.404289 0.154149 0.887261 0.434748 -0.375813 0.459587 -0.804701
3.892412 -383.320776 -22178.945747 103725.003674 0.742664 0.268631 -0.613423 0.383529 0.580285 0.718453 -0.548959 0.768835 -0.327929
-66.286653 -280.605331 -15145.499373 62615.330737 0.852755 0.206963 -0.479558 0.270620 0.610224 0.744574 -0.446738 0.764717 -0.464363
-110.932126 -248.256032 8086.069361 47892.332436 0.681861 0.603501 0.413343 -0.645806 0.231304 0.727622 -0.343513 0.763076 -0.547461
-12.673331 -326.002415 -12000.802884 -101560.844205 0.588353 0.629842 0.507090 0.695357 -0.074028 -0.714842 -0.412698 0.773188 -0.481519
15.288280 -49.065031 -2767.575377 608.195079 0.089099 0.979233 0.182112 -0.051311 0.187109 -0.980998 0.994700 -0.078062 -0.066916
14.616517 -50.193492 -3964.533909 -492.820425 0.151756 0.974274 0.166617 -0.028378 0.172794 -0.984549 0.988011 -0.144683 -0.053870
12.939199 -48.680106 -2470.218926 -540.469535 0.102133 0.980384 0.168572 0.077407 0.161112 -0.983896 0.991755 -0.113537 0.059434
11.083497 -47.011140 -1904.312410 -1070.281337 0.106379 0.980056 0.167853 0.181547 0.146829 -0.972359 0.977611 -0.133912 0.162306
14.186118 -47.853292 869.345216 -873.243940 0.013834 0.980139 0.197831 0.172805 0.192529 -0.965956 0.984859 -0.047549 0.166710
-15.223474 -40.359861 752.022995 1190.022498 -0.147696 -0.289172 -0.945815 0.599281 0.734593 -0.318175 0.786796 -0.613802 0.064799
-15.441197 -39.215893 2.387734 235.802157 -0.138391 -0.316894 -0.938310 0.501800 0.794375 -0.342293 0.853841 -0.518214 0.049084
-16.969855 -39.639362 938.650540 965.214451 -0.120565 -0.314156 -0.941685 0.551032 0.767867 -0.326718 0.825729 -0.558289 0.080532
-15.701586 -123.522339 654.957418 -3734.436725 0.112759 0.329783 -0.937299 -0.043877 0.944047 0.326879 0.992653 0.004267 0.120920
-18.201755 -119.391127 640.742853 1376.632675 0.136352 0.296512 -0.945245 -0.287219 0.925007 0.248732 0.948110 0.237578 0.211290
-16.127913 -111.739739 590.200374 -3294.909537 0.158395 0.388330 -0.907806 -0.034730 0.921035 0.387929 0.986765 -0.029918 0.159374
4.146927 -139.186708 904.226729 -2786.419874 -0.377981 -0.666565 0.642512 0.853271 -0.520110 -0.037614 0.359249 0.534020 0.765352
12.588378 -171.318906 2874.240499 -9776.721223 -0.411817 -0.636068 0.652552 0.824921 -0.564472 -0.029616 0.387185 0.526107 0.757165
3.342248 -167.697753 -673.486117 19382.810526 0.449726 0.599638 -0.661952 -0.731936 0.672169 0.111620 0.511875 0.434308 0.741188
12.282321 -166.506089 2762.908144 -790.914331 -0.322608 -0.687115 0.650996 0.922915 -0.381027 0.055193 0.210123 0.618620 0.757071
0.065602 -140.672601 250.589926 11194.976404 0.416474 0.628071 -0.657325 -0.747258 0.648299 0.145992 0.517836 0.430390 0.739331
5.509275 -129.228441 1401.161356 -163.293068 -0.311755 -0.706131 0.635757 0.935641 -0.344678 0.075978 0.165481 0.618527 0.768141
1.677878 -111.596013 474.070074 -3.248279 -0.337277 -0.698788 0.630824 0.914073 -0.403382 0.041877 0.225200 0.590744 0.774795
1.786801 -113.464631 355.293443 3176.383916 -0.365348 -0.680711 0.634944 0.839028 -0.536235 -0.092109 0.403178 0.499084 0.767048
-862.121800 -2345.018735 384217.420280 982228.610076 0.144507 0.989469 0.008362 0.842869 -0.127514 0.522793 -0.518353 0.068499 0.852419
-390.265640 -4536.140815 156167.595962 3371728.230848 0.121219 0.992465 -0.017873 0.520319 -0.048197 0.852611 -0.845325 0.112652 0.522241
-953.112835 -2588.162763 461712.056728 971946.553552 0.181042 0.963142 0.198949 0.736889 -0.266815 0.621132 -0.651321 -0.034152 0.758034
-1428.257422 -1993.049221 714231.909924 395276.743845 -0.039597 0.994664 0.095271 0.966553 0.013950 0.256087 -0.253391 -0.102225 0.961947
22.015715 -315.272513 -807.625352 -59484.401410 -0.644641 -0.612715 0.457185 -0.605663 0.774242 0.183634 -0.466488 -0.158522 -0.870207
20.163443 -287.018041 4145.509916 -8147.922301 -0.554234 -0.614046 0.561936 -0.528022 0.781254 0.332917 -0.643442 -0.112201 -0.757228
27.042621 -385.167487 -2652.561721 109035.452339 0.629388 0.594103 -0.500912 0.740803 -0.653390 0.155860 -0.234694 -0.469173 -0.851349
-55.476249 -89.709770 1277.572440 7659.481487 -0.131853 0.915145 -0.380952 0.735167 0.348070 0.581702 -0.664940 0.203365 0.718678
-54.009111 -77.460707 -434.901065 4088.096339 0.182022 0.965465 -0.186402 0.760807 -0.018189 0.648723 -0.622929 0.259898 0.737844
-43.488287 -67.611153 -426.967703 3241.572677 0.487614 0.871868 -0.045597 0.704218 -0.361907 0.610819 -0.516052 0.329954 0.790456
-22.483676 -77.774108 8793.940197 -12964.488243 0.283109 0.947359 0.149533 0.656564 -0.305089 0.689815 -0.699123 0.097114 0.708375
-16.113870 -54.411168 8020.922786 -26118.897002 0.311670 0.920225 0.236743 0.479914 -0.367490 0.796639 -0.820088 0.134672 0.556164
-22.801883 -85.906469 4763.096798 133.193904 0.214593 0.970754 0.107640 0.827685 -0.239255 0.507636 -0.518543 0.019843 0.854821
42.150703 -76.368037 1141.557425 -499.107588 -0.253297 0.960624 -0.114200 0.517208 0.034716 -0.855155 0.817518 0.275674 0.505636
42.274960 -75.180538 2281.918763 -2260.740734 -0.309300 0.949254 -0.057005 0.414972 0.080790 -0.906240 0.855647 0.303956 0.418902
47.598778 -88.084506 -2463.544515 -1266.504985 -0.181625 0.982421 -0.043151 0.444446 0.042866 -0.894780 0.877200 0.181693 0.444418
32.647381 -63.814662 7039.692109 232.865103 -0.350963 0.923522 -0.154701 0.500195 0.045235 -0.864730 0.791600 0.380869 0.477817
29.691950 -84.583248 5193.773163 -745.829687 0.388760 0.634317 0.668213 -0.076028 0.744875 -0.662858 -0.918197 0.206890 0.337804
-5.546721 -51.046127 498.300222 827.812958 0.138698 0.689763 -0.710626 0.727508 -0.557825 -0.399455 0.671934 0.461582 0.579178
-7.648314 -46.789149 522.853117 -2181.189633 0.211058 0.640128 -0.738709 -0.606488 0.678431 0.414613 0.766568 0.360511 0.531418
-7.461102 -46.637953 -795.184606 -1232.898939 0.253696 0.617070 -0.744891 -0.570935 0.717159 0.399646 0.780815 0.323896 0.534247
28.027780 -32.904397 8168.301051 -788.224946 0.373761 0.927456 -0.011303 -0.464285 0.197626 0.863356 -0.802958 0.317442 -0.504469
33.935995 -29.828598 6370.610228 -913.210237 0.333553 0.935258 -0.118472 -0.419997 0.259931 0.869505 -0.844006 0.240268 -0.479506
41.092029 -27.346127 5582.781333 364.293062 0.359238 0.913230 -0.192245 -0.469814 0.354958 0.808257 -0.806364 0.200037 -0.556563
3.399702 -82.765879 -1060.293509 -10500.373276 -0.168760 0.983060 -0.071508 0.024515 0.076713 0.996752 -0.985352 -0.166459 0.037046
1.337668 -131.030160 -136.472095 -3725.204704 0.024540 0.999505 -0.019668 -0.574695 -0.001994 -0.818365 0.818000 -0.031386 -0.574362
1.528635 -129.471498 -12.083214 -8517.156409 0.029365 0.999533 -0.008440 -0.370166 0.003031 -0.928961 0.928501 -0.030403 -0.370082
0.244236 -123.536201 -229.733113 4740.896753 0.023224 0.999392 -0.026019 -0.757231 0.000592 -0.653147 0.652734 -0.034871 -0.756784
1.667856 -130.917539 23.436005 -5922.269436 0.019687 0.999747 -0.010873 -0.405953 -0.001945 -0.913892 0.913682 -0.022406 -0.405812
2.452616 -128.707684 -331.854986 -496.841307 0.027075 0.999573 -0.010984 -0.600164 0.007467 -0.799842 0.799419 -0.028248 -0.600110
1.825760 -124.477695 -367.897361 5992.142586 0.024727 0.999423 -0.023270 -0.759830 0.003663 -0.650111 0.649651 -0.033756 -0.759483
-27.934754 -58.111634 -8105.176650 -1228.342677 -0.545515 0.635363 -0.546559 -0.053919 0.624183 0.779416 -0.836365 -0.454653 0.306243
-26.660739 -58.038639 6999.652905 -1214.409428 0.561226 -0.550731 0.617836 -0.032202 0.731388 0.681201 -0.827036 -0.402204 0.392739
-39.877373 -66.998417 4257.327252 -485.223179 0.461091 -0.452398 0.763368 -0.107116 0.825608 0.553984 -0.880864 -0.337206 0.332221
-26.257866 -56.874198 6217.735789 -904.352393 0.577301 -0.496628 0.648139 0.012193 0.798926 0.601305 -0.816440 -0.339231 0.467276
-35.110004 -63.049613 4582.503029 -346.755182 0.508655 -0.393849 0.765607 -0.061898 0.870207 0.488782 -0.858743 -0.296011 0.418256
104.276314 -64.739056 27300.843299 -4084.139116 0.026824 0.868257 0.495389 0.813651 -0.306861 0.493770 -0.580735 -0.389829 0.714689
292.964789 -80.331571 113651.976508 -3235.971147 -0.076226 0.880616 0.467658 0.778745 -0.240329 0.579480 -0.622692 -0.408358 0.667457
1226.540845 -141.991265 571859.749933 -1873.567802 -0.225161 0.829245 0.511522 0.700164 -0.227379 0.676809 -0.677550 -0.510540 0.529411
-0.086517 -71.329336 65.804721 1993.691859 -0.120282 0.991057 -0.057779 -0.988799 -0.124782 -0.081888 0.088366 -0.047282 -0.994965
0.829953 -71.291499 15.605271 1776.310853 -0.129529 0.989214 -0.068394 -0.986775 -0.135374 -0.089160 0.097457 -0.055941 -0.993666
-0.501068 -77.962497 220.509235 5970.520536 -0.121399 0.991285 -0.051147 -0.964811 -0.129951 -0.228589 0.233244 -0.021596 -0.972178
0.392609 -75.201833 -67.352865 4416.923774 -0.114749 0.991148 -0.066768 0.992555 0.111630 -0.048715 -0.040830 -0.071861 -0.996579
-1.779149 -82.539549 -16.493678 7277.532738 -0.082632 0.995737 -0.040995 -0.971968 -0.089609 -0.217365 0.220112 -0.021885 -0.975229
0.272173 -74.300872 65.464862 5007.122169 -0.126914 0.990288 -0.056767 0.991081 0.124255 -0.048160 -0.040638 -0.062373 -0.997225
-0.431115 -71.994478 114.595089 2164.159309 -0.108019 0.992970 -0.048399 -0.990762 -0.111539 -0.077139 0.081995 -0.039620 -0.995845
1.334267 -67.342393 -75.837975 -847.162591 0.115442 0.972677 0.201428 0.434309 0.132947 -0.890899 0.893336 -0.190329 0.407095
-0.146931 -66.050697 142.380246 -922.447031 0.103566 0.969445 0.222376 0.589534 0.120240 -0.798744 0.801076 -0.213821 0.559068
1.449781 -68.891940 -19.296061 -1354.709599 0.097391 0.967184 0.234671 0.468868 0.163398 -0.868023 0.877883 -0.194567 0.437568
34.890898 -176.013116 12270.901130 -19359.229721 0.983477 0.179895 -0.020274 0.009019 0.063163 0.997962 -0.180809 0.981656 -0.060497
21.553931 -207.678280 13914.702344 -20083.997790 0.989970 0.140936 0.009806 0.013751 -0.165206 0.986163 -0.140606 0.976137 0.165487
32.827991 -205.401371 12707.356548 -12519.446740 0.980520 0.194385 -0.028180 0.069804 -0.210750 0.975044 -0.183595 0.958018 0.220214
4.193184 -215.187101 6485.052366 -10952.492134 0.989283 0.139622 0.042712 0.018720 -0.411411 0.911258 -0.144804 0.900693 0.409615
17.693725 -218.539847 11740.611467 -8133.646190 0.987837 0.155489 0.000820 0.068731 -0.441375 0.894687 -0.139476 0.883749 0.446693
0.793045 -91.496222 -421.290100 -3094.924856 0.917636 0.395082 0.043057 0.395930 -0.899434 -0.185087 0.034398 -0.186890 0.981778
2.553965 -89.250358 -94.580876 118.552378 0.896505 0.441252 0.039696 0.442757 -0.895507 -0.045082 -0.015655 -0.057992 0.998194
46.666855 -79.029118 -10257.291295 -18364.811097 0.708161 0.652556 -0.269591 -0.529944 0.743562 0.407768 0.466549 -0.145897 0.872379
-882.368895 -110444.185538 575948.870937 -273284665.559491 0.870805 0.428560 0.240902 -0.010949 -0.472982 0.881004 -0.491506 0.769821 0.407183
-262.568655 -13461.249623 69621.283000 26707874.497250 0.917773 0.392121 0.062723 -0.355256 0.740167 0.570917 -0.177443 0.546255 -0.818608
-9.750710 -29.009323 2792.253050 -3872.746452 0.565994 0.602140 0.563097 -0.397476 0.797714 -0.453503 -0.722262 0.032862 0.690838
-13.742444 -22.378582 1813.400101 -1248.578441 0.639316 0.428030 0.638800 -0.304970 0.903760 -0.300352 -0.705881 -0.002795 0.708325
-2.540837 -29.383429 2647.439276 -337.543058 0.419202 0.135914 -0.897662 -0.281573 0.959441 0.013776 0.863126 0.246982 0.440470
1.306414 -30.763000 773.221747 -1471.415143 0.519032 -0.096360 -0.849306 -0.171641 0.961636 -0.213999 0.837344 0.256848 0.482581
-14.200055 -26.757581 3930.306852 569.645275 0.436502 0.038935 -0.898860 -0.302694 0.947179 -0.105965 0.847256 0.318333 0.425231
-29.347630 -47.713385 3488.213772 -2085.972539 0.728543 0.683547 0.044597 0.652607 -0.672834 -0.348423 0.208157 -0.282946 0.936276
-22.230532 -43.891331 -3289.548548 -1939.108848 -0.638353 -0.768965 -0.034620 0.739953 -0.600635 -0.302833 0.212074 -0.218932 0.952415
-42.618208 -69.284716 -6901.451913 5408.109154 -0.337424 0.940402 0.042301 -0.936436 -0.330736 -0.117053 0.096087 0.079109 -0.992224
-41.166980 -67.192139 -3299.532944 7705.612950 -0.330530 0.933442 0.139412 -0.936821 -0.342413 0.071557 -0.114531 0.106953 -0.987646
-43.141171 -75.688418 1095.087517 -11078.909397 -0.523719 0.818412 0.236475 0.842524 0.538657 0.001704 -0.125984 0.200128 -0.971636
4.070417 -131.880164 -690.204429 -14147.571722 -0.198030 0.950917 0.237783 0.921880 0.098259 0.374809 -0.333048 -0.293431 0.896090
2.111680 -133.206156 805.276331 -10547.001039 0.216161 -0.945260 -0.244453 0.930694 0.123815 0.344206 -0.295097 -0.301915 0.906513
5.105420 -120.756846 -1270.592371 -6819.631311 -0.193548 0.949317 0.247663 0.860159 0.042781 0.508229 -0.471875 -0.311396 0.824843
8.999331 -114.763282 -1431.880990 -2208.943474 -0.150587 0.957560 0.245770 0.893461 0.025414 0.448422 -0.423145 -0.287112 0.859369
3.298533 -106.540659 -1265.237228 -6384.007784 -0.218390 0.941379 0.257122 0.780920 0.010582 0.624541 -0.585209 -0.337185 0.737453
7.149508 -113.106687 -1329.571218 791.950318 -0.197736 0.952109 0.233213 0.740518 -0.010798 0.671950 -0.642288 -0.305567 0.702919
10.420959 -115.941874 -1357.446354 1922.615030 -0.149948 0.961751 0.229238 0.824208 -0.006464 0.566250 -0.546074 -0.273848 0.791714
-238.167001 -359.047319 3504.442561 11302.550670 -0.492466 -0.692582 -0.527074 0.678597 0.073644 -0.730809 0.544961 -0.717570 0.433717
-183.127930 -459.201941 48714.180836 137229.710849 0.009204 0.997281 0.073118 0.454168 0.060974 -0.888827 0.890869 -0.041389 0.452372
-268.717417 -418.244057 63343.322641 108941.935441 0.195379 0.937688 0.287348 0.474196 0.166146 -0.864600 0.858467 -0.305184 0.412187
-30.386107 -57.245003 -419.114881 17043.355553 0.188451 0.857499 -0.478729 -0.341666 0.514257 0.786641 -0.920733 -0.015322 -0.389891
-46.847661 -53.730320 -3586.319383 -3298.441611 -0.262218 0.965009 -0.000451 -0.597498 -0.162722 -0.785186 0.757785 0.205621 -0.619260
-52.357258 -54.441745 -1769.239784 -2553.299522 -0.693634 0.178792 -0.697786 -0.120058 0.926462 0.356728 0.710252 0.331213 -0.621160
52.833289 -16.573839 18573.202579 -1559.874948 0.091798 0.499309 0.861547 0.886079 0.353815 -0.299465 -0.454353 0.790889 -0.409948
54.208857 -19.915911 25850.478106 587.313174 0.157329 0.504746 0.848810 0.865379 0.343632 -0.364742 -0.475780 0.791927 -0.382733
81.705163 -20.441394 39890.076380 1415.952517 0.192354 0.556354 0.808375 0.859425 0.302132 -0.412439 -0.473698 0.774072 -0.420028
90.437952 -27.371738 23982.644350 1464.676411 0.115073 0.686226 0.718228 0.849804 0.306397 -0.428899 -0.514385 0.659708 -0.547899
114.727764 -140.408369 2573.271252 30032.116380 -0.014478 0.742085 -0.670150 0.959235 0.199489 0.200179 0.282237 -0.639933 -0.714722
52.820896 -102.371682 -11020.725949 18230.142204 -0.151907 0.387822 -0.909131 0.790447 0.599884 0.123826 0.593395 -0.699810 -0.397679
54.297930 -88.897044 -4582.017254 16399.030497 -0.102938 0.569394 -0.815594 0.801472 0.533096 0.271017 0.589106 -0.625778 -0.511230
83.923592 -120.037670 -5170.932691 26839.166247 -0.076951 0.660719 -0.746679 0.864220 0.417657 0.280511 0.497194 -0.623709 -0.603146
25.882940 -41.534483 6496.192923 -880.206376 -0.335443 0.935568 0.110412 0.122687 0.159589 -0.979530 0.934037 0.315031 0.168315
3.927643 -54.699665 781.948237 -508.669300 -0.759023 -0.313697 -0.570506 0.125027 0.789730 -0.600579 0.638946 -0.527183 -0.560203
6.146936 -54.222022 -1045.466954 -235.860595 0.758554 0.317617 0.568960 0.226348 0.690350 -0.687156 0.611034 -0.650028 -0.451776
6.277093 -54.093067 575.329368 -645.399407 -0.749396 -0.333543 -0.571974 0.106563 0.791832 -0.601370 0.653491 -0.511616 -0.557852
8.578374 -208.719906 1376.248627 44089.903330 0.510815 0.523891 0.681621 0.031738 0.780835 -0.623931 -0.859105 0.340346 0.382235
4.036568 -121.115253 121.973723 15599.690108 0.469811 0.609084 0.638980 0.136804 0.664857 -0.734336 -0.872102 0.432414 0.229032
-1.923257 -142.441140 2798.747220 -23735.837781 0.516714 0.655177 0.551135 -0.118602 -0.582748 0.803952 -0.847903 0.480779 0.223409
-3.926287 -72.992688 -700.661271 -18228.215152 0.605190 -0.062717 0.793607 -0.046638 0.992386 0.113991 -0.794714 -0.105998 0.597657
2.967232 -76.837919 -2775.929519 -16740.553524 0.581841 0.016719 0.813130 -0.214646 0.967498 0.133699 -0.784466 -0.252327 0.566519
-1.715819 -49.319541 229.868528 -4050.948438 0.591876 0.172156 0.787429 -0.123731 0.984751 -0.122293 -0.796475 -0.025047 0.604152
-1.834951 -96.653071 -675.502856 -28426.180894 0.605229 -0.128963 0.785536 -0.051163 0.978448 0.200053 -0.794406 -0.161268 0.585587
-10.034446 -137.837953 1160.460844 -68384.075379 0.582429 -0.310102 0.751408 0.160107 0.950030 0.267971 -0.796958 -0.035769 0.602974
-10.528846 -71.081973 265.555943 -16523.578555 0.587080 -0.129249 0.799144 0.096910 0.991294 0.089132 -0.803707 0.025117 0.594495
-36.969766 -70.574726 1753.170931 -5065.399220 0.361604 -0.332762 0.870926 0.533489 0.839943 0.099422 -0.764613 0.428678 0.481252
-44.457369 -83.029410 2150.872578 -6058.782234 0.074091 -0.577459 0.813051 0.739103 0.579143 0.343977 -0.669505 0.575443 0.469711
-46.531767 -73.265761 158.541027 -4875.928343 -0.161472 -0.586714 0.793532 0.760185 0.438809 0.479129 -0.629321 0.680597 0.375156
-7.310755 -46.336766 2847.328718 376.473084 -0.121975 0.959215 0.255006 -0.853570 0.029735 -0.520130 0.506499 0.281108 -0.815130
-5.255795 -45.971234 -3017.230629 90.919185 -0.128786 0.971804 0.197514 -0.848836 -0.005049 -0.528632 0.512730 0.235737 -0.825552
-9.133485 -44.820030 2798.447958 -87.113252 -0.119771 0.958231 0.259710 -0.906897 0.000845 -0.421351 0.403971 0.285995 -0.868916
-4.651584 -44.842453 5640.082401 662.101884 -0.089814 0.951799 0.293278 -0.914177 0.038074 -0.403522 0.395238 0.304350 -0.866694
-7.587447 -43.013456 6159.572861 -286.305073 -0.101057 0.948130 0.301391 0.951703 0.003850 0.306997 0.289912 0.317858 -0.902727
-10.104109 -43.379319 1002.382553 280.350172 -0.120143 0.961699 0.246373 -0.949657 -0.039002 -0.310855 0.289340 0.271317 -0.917970
39.260274 -126.700460 19296.246072 7928.509073 0.525936 0.183610 0.830469 -0.009161 0.977587 -0.210335 -0.850475 0.103015 0.515830
54.969624 -117.727458 22575.858241 11064.974282 0.477249 0.126463 0.869621 0.178692 0.954950 -0.236938 -0.860408 0.268473 0.433151
0.457999 -156.134232 -1462.545528 -20991.721876 0.970172 -0.238157 0.045246 -0.142713 -0.711987 -0.687538 -0.195956 -0.660573 0.724738
1.357330 -141.764813 -1643.025105 -7648.200442 0.971356 -0.229075 0.063184 -0.157251 -0.819001 -0.551824 -0.178157 -0.526082 0.831563
3.297808 -116.682940 1238.697355 -5831.092745 -0.504134 -0.061193 -0.861455 0.772610 -0.477675 -0.418210 -0.385904 -0.876403 0.288091
