11217
22415
-43.267571 -64.317111 362.638947 -4528.668206 0.273033 0.950505 -0.148301 -0.028367 0.162046 0.986375 -0.961586 0.265106 -0.071207
-30.901797 -61.618538 2738.892370 -7473.577921 0.380926 0.892252 -0.242451 -0.136729 0.313698 0.939627 -0.914440 0.324778 -0.241493
-36.746281 -51.635465 179.012441 -4322.867799 0.213703 0.967549 0.134833 -0.261616 -0.076298 0.962152 -0.941216 0.240889 -0.236821
-27.479228 -41.520397 2556.302839 -4073.347432 0.323167 0.944894 0.052329 -0.362458 0.072507 0.929175 -0.874178 0.319246 -0.365916
-41.191701 -60.824154 -90.763816 -3777.683915 0.134938 0.969014 0.206890 -0.115785 -0.191949 0.974551 -0.984066 0.155459 -0.086296
-30.962995 -42.546323 -154.710259 -2828.048773 -0.002456 0.850763 0.525544 -0.379630 -0.486996 0.786585 -0.925135 0.197580 -0.324171
-35.844551 -53.416627 -290.042447 -3565.400248 0.007677 0.903833 0.427817 -0.236678 -0.414031 0.878955 -0.971558 0.108003 -0.210739
-31.342311 -46.739292 -2486.326289 -114.283551 -0.426952 0.217142 0.877816 0.569728 0.818436 0.074650 -0.702227 0.531989 -0.473145
-28.064849 -41.930134 -2042.359779 700.788428 -0.349427 0.418964 0.838075 0.591216 0.792502 -0.149680 -0.726887 0.443181 -0.524620
-33.805107 -52.028761 -2106.280283 1037.830941 -0.156240 0.524105 0.837200 0.555045 0.747708 -0.364497 -0.817015 0.407735 -0.407724
-34.041511 -58.114350 -2620.598062 111.083929 -0.033949 0.621618 0.782584 0.412391 0.721980 -0.555589 -0.910374 0.303869 -0.280860
-41.351178 -60.196736 -1998.967409 282.812423 -0.073631 0.405155 0.911278 0.517246 0.796764 -0.312449 -0.852663 0.448349 -0.268231
-37.698100 -53.247820 -2005.555883 446.886740 -0.330541 0.175319 0.927365 0.594699 0.801675 0.060411 -0.732854 0.571472 -0.369249
2.308691 -90.817222 1696.152222 -14419.398568 0.507663 -0.400997 0.762548 0.861416 0.220301 -0.457635 0.015521 0.889196 0.457264
1.154340 -69.434044 1202.719000 -5659.153223 0.468639 -0.403852 0.785672 0.875635 0.329947 -0.352701 -0.116792 0.853252 0.508253
10.360253 -65.125046 3904.451506 -6398.689234 0.462489 -0.425257 0.777985 0.881877 0.311330 -0.354072 -0.091638 0.849841 0.519011
16.766006 -96.240086 5546.532548 -14965.072748 0.499761 -0.419774 0.757647 0.864960 0.195767 -0.462082 0.045648 0.886265 0.460924
4.954183 -123.800093 2675.756104 -20102.845325 0.521545 -0.405026 0.750962 0.834692 0.059757 -0.547466 0.176863 0.912350 0.369238
-3.187875 -133.715082 393.721649 -15867.793579 0.528646 -0.378992 0.759538 0.820380 -0.001654 -0.571817 0.217971 0.925398 0.310043
-16.960988 -36.962659 -52.014681 636.810593 -0.317972 0.797916 -0.512077 -0.483110 -0.601089 -0.636629 0.815781 -0.044960 -0.576611
-11.296438 -36.301996 -2094.777327 -1081.589498 -0.359679 0.673845 -0.645418 0.384530 0.737287 0.555468 0.850157 -0.048392 -0.524301
-16.010074 -34.008354 -596.755362 601.353495 -0.306223 0.762388 -0.570081 -0.519141 -0.635705 -0.571289 0.797947 -0.121011 -0.590454
10.682170 -43.601075 723.439484 -492.531939 0.584555 0.786251 0.200261 -0.548557 0.564852 -0.616464 0.597814 -0.250502 -0.761490
10.182962 -43.888054 -424.680857 -571.204850 0.623244 0.763445 0.169466 -0.502908 0.557222 -0.660747 0.598875 -0.326581 -0.731228
15.653980 -41.687745 -965.815210 -696.630116 0.570343 0.804360 0.166476 -0.456715 0.478994 -0.749650 0.682730 -0.351526 -0.640554
13.618593 -80.946690 4208.249303 6359.611465 0.822790 0.489750 -0.288379 0.561266 -0.620337 0.547870 -0.089427 0.612639 0.785287
6.638193 -91.176226 4143.013527 5113.341378 0.812254 0.493874 -0.310373 0.564828 -0.533079 0.629918 -0.145647 0.686960 0.711950
4.768633 -78.498855 3397.602575 10057.663423 0.815648 0.493529 -0.301907 0.578547 -0.697260 0.423217 0.001638 0.519863 0.854248
-1.910027 -79.829913 2010.302042 12469.767965 0.803280 0.525596 -0.280159 0.595436 -0.719738 0.356977 0.014015 0.453569 0.891111
4.090733 -62.327511 2777.528528 11513.399566 0.815617 0.504077 -0.284036 0.565512 -0.798306 0.207133 0.122336 0.329567 0.936173
11.006100 -62.224133 1909.084675 9104.069124 0.810826 0.529692 -0.248972 0.584473 -0.755213 0.296725 0.030854 0.386110 0.921937
-0.138756 -129.891245 180.675256 9204.269473 0.579357 0.775359 0.251323 -0.759251 0.625530 -0.179581 0.296450 0.086775 -0.951098
1.010537 -134.084438 530.269211 7914.990189 0.587722 0.763748 0.266968 -0.771829 0.628221 -0.098074 0.242618 0.148413 -0.958702
0.350659 -151.352904 599.830373 8685.645342 0.552951 0.794934 0.249651 -0.663533 0.601336 -0.445106 0.503954 -0.080470 -0.859974
-0.959412 -9.537407 -3804.664107 1428.977780 -0.183263 0.362624 -0.913739 0.676205 0.721162 0.150576 0.713556 -0.590279 -0.377370
13.322563 -7.206853 -4298.190170 1005.069428 -0.348183 0.190953 -0.917772 0.608616 0.790683 -0.066385 0.712991 -0.581684 -0.391519
5.238679 -11.469489 -3370.675251 1361.671889 -0.220803 0.334040 -0.916332 0.686817 0.720317 0.097086 0.692480 -0.607915 -0.388472
6.196314 -30.068088 1791.550035 1678.008362 0.451168 0.891795 -0.033913 0.478744 -0.209782 0.852523 -0.753161 0.400867 0.521588
8.321855 -26.465797 2015.834436 1660.500831 0.443470 0.895344 -0.041163 0.561735 -0.241858 0.791175 -0.698418 0.373985 0.610203
9.306257 -28.375160 634.137220 1918.846916 0.406028 0.913754 -0.013940 0.530269 -0.223147 0.817936 -0.744282 0.339497 0.575140
9.444045 -30.572567 674.571056 795.618233 0.401199 0.915396 -0.033024 0.428318 -0.155611 0.890129 -0.809681 0.371263 0.454511
8.880470 -29.500262 -1081.607671 1337.195465 0.351488 0.936146 0.009358 0.476568 -0.187520 0.858906 -0.805816 0.297435 0.512048
7.836350 -26.503908 -1629.307410 1337.338101 0.343320 0.938262 0.042376 0.557439 -0.239870 0.794811 -0.755906 0.249252 0.605376
0.121478 -31.382153 -1385.426369 -569.925999 0.416691 0.898450 -0.138408 -0.736895 0.422997 0.527313 -0.532311 0.117734 -0.838322
3.035493 -31.246854 -1023.550123 -477.724988 0.416846 0.900130 -0.126513 -0.727712 0.413873 0.546941 -0.544679 0.135926 -0.827556
0.036384 -33.062523 -853.357210 -329.950225 0.415633 0.901238 -0.122557 -0.671982 0.395084 0.626377 -0.612935 0.177987 -0.769825
-3.280262 -33.322330 -1431.881761 -231.411888 0.438516 0.884758 -0.157817 -0.652544 0.434196 0.621016 -0.617973 0.169343 -0.767745
-3.230403 -34.712109 -1211.951624 -209.427555 0.439215 0.884818 -0.155521 -0.569456 0.408093 0.713569 -0.694846 0.224848 -0.683105
-0.827134 -34.571539 -745.457090 -213.391495 0.414369 0.902710 -0.115818 -0.598421 0.366123 0.712633 -0.685705 0.225985 -0.691911
12.931674 -38.401304 1887.338765 -257.744004 0.432263 0.896970 0.092697 -0.834867 0.436934 -0.334792 0.340801 -0.067329 -0.937721
11.950647 -37.978132 873.595034 488.382431 0.409662 0.910150 0.061674 -0.812332 0.394725 -0.429312 0.415083 -0.125773 -0.901048
11.710972 -36.511424 1264.389855 -590.766922 0.434539 0.891613 0.127287 -0.805207 0.447907 -0.388614 0.403506 -0.066376 -0.912566
13.334311 -38.222980 1923.241948 -949.113655 0.441210 0.885983 0.142718 -0.842816 0.463718 -0.273180 0.308213 -0.000245 -0.951317
-19.901426 -256.263447 -5069.731747 -40367.898317 -0.332055 0.767576 -0.548240 0.222043 0.628493 0.745449 -0.916753 -0.125797 0.379129
-184.688759 -192.274956 -5491.337571 -11243.818902 -0.171668 0.968087 0.182583 0.223769 -0.142173 0.964217 -0.959405 -0.206382 0.192221
-23.428981 -223.414750 -4817.147449 -38014.139922 -0.326489 0.717324 -0.615509 -0.116524 0.615680 0.779333 -0.937991 -0.326165 0.117427
-10.718999 -36.464047 638.380221 -587.419711 0.480220 0.873588 0.078952 -0.257977 0.054634 0.964605 -0.838354 0.483590 -0.251602
-10.734864 -34.754295 722.783194 71.941171 0.520957 0.853407 -0.017321 -0.285813 0.193521 0.938542 -0.804310 0.483990 -0.344731
-10.395194 -38.634426 -128.085216 272.581844 0.464792 0.884707 -0.035521 -0.252989 0.171143 0.952211 -0.848507 0.433594 -0.303367
-193.173006 -8420.627534 -35215.989166 -4351508.155217 -0.109723 0.020402 0.993753 0.474374 0.879654 0.034318 -0.873459 0.475176 -0.106197
1056.804097 -616.922645 -13785.704597 114723.017541 -0.021136 0.415125 0.909519 0.976241 -0.187660 0.108339 0.215655 0.890199 -0.401296
-105.163054 -445.693515 -6097.986671 31542.917020 -0.555203 0.116231 0.823553 0.768548 -0.306818 0.561424 0.317936 0.944644 0.081017
-162.135150 -277.260313 14522.277832 -33695.987123 0.871664 -0.092450 -0.481306 0.431593 -0.320533 0.843200 0.232229 0.942715 0.239496
-121.920064 -172.026212 -29060.797762 25537.662245 -0.368317 0.115981 0.922438 0.830243 -0.405464 0.382485 0.418376 0.906723 0.053047
-106.026682 -442.025107 29914.394384 -94232.426882 0.882907 -0.421729 -0.206446 -0.148664 -0.668122 0.729049 0.445392 0.612991 0.652585
-215.726581 -655.615501 -41418.761529 124555.727680 -0.266318 -0.052289 0.962466 0.854231 -0.475353 0.210544 0.446502 0.878240 0.171262
-72.177521 -281.347043 -10955.898611 -55199.221949 0.843271 -0.472109 -0.256919 0.367147 0.855057 -0.366169 0.392553 0.214453 0.894378
-124.946853 -251.466084 -20073.169941 14209.528599 0.795804 -0.447706 -0.407744 0.001696 0.674986 -0.737829 0.605552 0.586475 0.537916
-58.162025 -210.536464 -10379.313473 -16569.186412 0.897159 -0.331188 -0.292266 -0.003687 -0.667266 0.744810 0.441692 0.667135 0.599865
-38.032089 -52.174284 87.214141 -352.303866 0.723450 -0.582558 -0.370468 -0.655022 -0.409679 -0.634909 -0.218099 -0.701989 0.677970
-36.719362 -50.936716 -34.787519 232.001954 0.753557 -0.572776 -0.322614 -0.644063 -0.544983 -0.536821 -0.131659 -0.612309 0.779579
-39.431950 -53.196719 177.704007 874.048658 0.607164 -0.716202 -0.344103 0.747833 0.368736 0.552069 -0.268510 -0.592528 0.759482
-40.369595 -54.989678 713.674083 1470.058930 0.607762 -0.666116 -0.432336 0.720955 0.234576 0.652072 -0.332939 -0.708000 0.622806
-38.735007 -53.385895 386.697338 1118.110518 0.669676 -0.552274 -0.496515 0.692155 0.221818 0.686818 -0.269176 -0.803611 0.530805
126.353178 -127.880942 14650.623551 -16331.086785 -0.538541 0.367928 -0.758026 -0.381150 0.695951 0.608587 0.751464 0.616670 -0.234562
78.928028 -103.814828 7005.363023 -14745.191635 -0.465026 0.364273 -0.806880 -0.175540 0.855386 0.487340 0.867719 0.368266 -0.333832
107.596638 -96.528379 -2642.709811 -16135.215988 -0.290878 0.563713 -0.773057 -0.213904 0.749227 0.626821 0.932542 0.347688 -0.097353
72.356585 -123.702880 14694.192718 -17272.342921 -0.642782 0.146036 -0.752001 -0.257473 0.883368 0.391624 0.721484 0.445349 -0.530212
121.059471 -105.212702 -9454.570190 8922.800608 -0.212094 0.678022 -0.703777 0.401840 -0.595953 -0.695245 0.890809 0.430262 0.146058
145.774293 -121.522556 -5124.275667 -5435.468304 0.424312 -0.518673 0.742252 0.684315 -0.353148 -0.637966 0.593020 0.778630 0.205091
195.275914 -148.168704 -43364.456426 -5071.138628 0.671479 -0.053942 0.739058 0.679425 -0.353302 -0.643086 0.295800 0.933953 -0.200585
13.451394 -32.303708 6252.261069 -1262.361513 0.621920 0.783006 0.010836 0.780075 -0.618262 -0.096104 0.068551 -0.068222 0.995312
7.547757 -29.485772 -4407.853211 -618.662999 -0.679423 -0.733716 -0.006697 0.733200 -0.678537 -0.044789 0.028318 -0.035341 0.998974
1.970926 -32.623076 -3794.666442 -1275.320568 -0.666569 -0.745309 -0.014125 0.739811 -0.659089 -0.135207 0.091462 -0.100575 0.990717
2.987495 -41.822533 198.517822 218.219728 0.559962 0.728719 0.394222 -0.486502 -0.095946 0.868395 -0.670640 0.678058 -0.300797
3.258090 -40.700670 299.135669 249.749264 0.566234 0.727672 0.387133 -0.421115 -0.148354 0.894792 -0.708548 0.669689 -0.222431
3.704816 -42.807380 480.867265 630.442551 0.560328 0.730740 0.389938 -0.470493 -0.106646 0.875935 -0.681667 0.674274 -0.284052
8.089249 -65.652994 -196.151915 994.907599 0.366856 0.882414 0.294553 0.266232 0.203799 -0.942118 0.891368 -0.424041 0.160162
7.859012 -67.745074 172.093792 2582.141179 0.390950 0.878474 0.274667 0.208495 0.206136 -0.956053 0.896487 -0.431036 0.102568
5.938840 -69.651441 -225.697341 91.371351 0.397219 0.879737 0.261304 0.361958 0.111467 -0.925506 0.843329 -0.462210 0.274150
9.487535 -64.314671 323.258570 2910.979753 0.357790 0.880815 0.310082 0.046030 0.315025 -0.947967 0.932667 -0.353446 -0.072168
6.020000 -66.374583 -919.185349 -1069.648716 0.393359 0.879791 0.266901 0.429038 0.081097 -0.899638 0.813139 -0.468392 0.345564
8.634523 -62.886196 -183.777183 2075.572752 0.348351 0.884266 0.311007 0.175957 0.264205 -0.948280 0.920701 -0.385058 0.063556
7.271248 -64.809395 -492.797990 -1045.539430 0.357749 0.886384 0.293834 0.360734 0.159054 -0.919007 0.861328 -0.434770 0.262847
2.657834 -134.028982 350.933085 -3520.255295 -0.372637 -0.839808 -0.394796 0.927243 -0.353882 -0.122424 -0.036899 -0.411692 0.910576
3.806683 -135.950665 -281.447779 -4781.622813 -0.384210 -0.838678 -0.386007 0.901182 -0.431534 0.040607 -0.200631 -0.332261 0.921602
3.670064 -125.385275 -27.360381 -7543.201022 0.411649 0.827767 0.381244 0.858652 -0.492462 0.142117 -0.305388 -0.268854 0.913486
2.891230 -140.870847 -341.697747 341.200700 -0.340353 -0.856099 -0.388914 0.934918 -0.263924 -0.237217 0.100437 -0.444340 0.890210
18.343779 -40.374612 -1657.877614 153.481119 0.509810 0.858666 0.052788 0.138400 -0.021300 -0.990147 0.849082 -0.512093 0.129698
18.943861 -40.336208 -825.400494 -503.712000 0.466756 0.883823 0.031557 0.050865 0.008795 -0.998667 0.882922 -0.467739 0.040851
17.568494 -40.553162 -2397.948403 -1229.111845 0.536229 0.843337 0.035226 0.027595 0.024195 -0.999326 0.843621 -0.536840 0.010298
-8.045473 -35.539068 1349.929692 -817.277360 -0.404020 -0.814090 -0.417164 0.732557 -0.014825 -0.680544 0.547840 -0.580550 0.602357
-5.715844 -35.507681 -669.257277 -425.923032 0.429648 0.816834 0.384948 0.683769 -0.015854 -0.729526 0.589799 -0.576655 0.565338
-9.792171 -39.836228 -1066.057721 -280.694888 0.364269 0.817164 0.446711 0.646096 0.123713 -0.753164 0.670722 -0.562972 0.482901
13.088569 -41.359823 -4184.928303 393.070363 0.414390 0.910030 0.011257 0.481561 -0.208754 -0.851188 0.772256 -0.358145 0.524740
15.988600 -42.178963 -2867.083437 72.236107 0.412187 0.911064 -0.008048 0.585595 -0.271683 -0.763719 0.697983 -0.310082 0.645498
18.552719 -40.519725 -2921.581247 657.173954 0.380027 0.923659 -0.049327 0.510258 -0.253822 -0.821712 0.771502 -0.287103 0.567764
16.566212 -44.981434 -2308.277401 643.839042 0.536890 0.839649 0.082091 0.553630 -0.277230 -0.785263 0.636587 -0.467048 0.613697
14.884513 -44.466972 148.581858 616.111725 0.469612 0.881843 0.042635 0.617709 -0.293681 -0.729512 0.630794 -0.368923 0.682638
16.784990 -44.156198 165.104862 965.032507 0.469667 0.881489 0.048895 0.523657 -0.233565 -0.819287 0.710772 -0.410396 0.571296
17.115071 -43.437362 -1355.972033 382.661195 0.509399 0.857888 0.067391 0.470085 -0.211821 -0.856827 0.720786 -0.468146 0.511181
15.818550 -42.659762 1143.906932 -62.841848 0.438011 0.898094 0.039674 0.463335 -0.187714 -0.866074 0.770368 -0.397733 0.498339
1.068257 -195.417357 1078.705406 4926.223376 0.793408 0.202365 0.574067 0.574201 0.064131 -0.816199 0.201985 -0.977208 0.065316
-1.469339 -189.391524 880.226821 7295.566220 0.781908 0.203156 0.589361 0.525797 0.292969 -0.798565 0.334898 -0.934289 -0.122256
-1.096959 -179.256210 491.957761 4361.407868 0.772364 0.181543 0.608684 0.491941 0.435230 -0.754036 0.401807 -0.881826 -0.246847
0.837046 -200.588640 777.033598 16884.055857 0.758627 0.174157 0.627818 0.430972 0.588534 -0.684026 0.488620 -0.789492 -0.371421
1.196546 -225.846665 1037.110832 17336.776278 0.784070 0.183051 0.593065 0.554437 0.222932 -0.801811 0.278986 -0.957493 -0.073304
-2.951673 -164.663673 525.357395 8754.858151 0.755706 0.167920 0.633018 0.324468 0.743606 -0.584611 0.568884 -0.647188 -0.507463
-27.503172 -153.090732 965.524903 10351.404478 0.974601 0.118202 0.190211 0.219795 -0.667653 -0.711288 -0.042920 -0.735030 0.676675
-20.963921 -139.723572 -3752.417878 3418.098101 0.805767 0.376321 0.457298 0.580961 -0.652192 -0.486960 -0.114994 -0.658048 0.744143
-11.591390 -136.223328 -1662.672551 -4329.571289 0.900254 0.272789 0.339306 0.432923 -0.478477 -0.763962 0.046051 -0.834653 0.548847
-0.781141 -13.013189 -251.180837 -832.116907 0.736051 -0.130984 0.664132 0.464941 0.810894 -0.355360 0.491994 -0.570346 -0.657759
-2.637998 -9.635053 -105.125542 -1028.971184 0.786069 -0.031860 0.617317 0.401119 0.786142 -0.470196 0.470318 -0.617224 -0.630741
-1.502689 -10.379521 141.541830 -973.942211 0.670423 -0.216340 0.709739 0.564430 0.769589 -0.298581 0.481613 -0.600774 -0.638060
-5.510792 -758.022069 -6679.097684 204618.559313 0.053843 0.224716 0.972935 0.748633 0.635696 -0.188255 -0.660795 0.738507 -0.134002
-31.683365 -558.118796 -3581.408709 102708.957017 0.175876 0.170181 0.969591 0.676885 0.694248 -0.244635 -0.714768 0.699327 0.006909
-11.379881 -540.345684 -3565.442552 132370.442291 0.026050 0.078379 0.996583 0.977173 0.208270 -0.041922 -0.210844 0.974926 -0.071164
-23.094738 -275.226541 -3389.845098 54590.524453 0.076823 0.179532 0.980748 0.986242 0.130727 -0.101184 -0.146376 0.975028 -0.167019
-9.713374 -427.769378 -5270.057630 93866.425806 0.012243 0.229869 0.973144 0.964450 0.254215 -0.072183 -0.263981 0.939433 -0.218585
-2.389750 -390.563186 -5765.035715 53817.185781 0.076033 0.297929 0.951555 0.682420 0.680250 -0.267512 -0.726995 0.669700 -0.151591
-84.032438 -1240.520445 -1211.551269 83773.996089 0.109718 0.384511 0.916577 0.216215 0.890830 -0.399592 -0.970161 0.242020 0.014603
-10.494940 -99.680695 -742.919394 -4557.890412 0.565599 0.797654 0.209395 0.657324 -0.589380 0.469635 -0.498020 0.127985 0.857669
-10.007898 -104.007456 462.301365 -6164.155209 0.619537 0.770917 0.147856 0.602936 -0.587962 0.539231 -0.502636 0.244925 0.829077
-10.260173 -94.054169 -450.493164 -7454.183738 0.599075 0.775235 0.200298 0.508082 -0.561399 0.653210 -0.618838 0.289555 0.730203
-9.462571 -89.283055 -628.007326 -5615.493765 0.581181 0.782761 0.222516 0.533575 -0.573001 0.622068 -0.614432 0.242805 0.750679
-34.071939 -70.258427 1919.953363 -5113.246902 0.338786 0.883868 -0.322493 0.089559 0.310911 0.946210 -0.936591 0.349445 -0.026174
-17.404426 -70.356303 5608.878365 -7897.455560 0.481695 0.844331 -0.234681 -0.056041 0.296927 0.953254 -0.874545 0.446026 -0.190346
-17.047162 -57.059631 4218.407199 -8207.556287 0.462428 0.872561 -0.157472 -0.252022 0.299627 0.920168 -0.850085 0.385825 -0.358460
-20.106897 -35.998429 -2320.802852 -2406.877890 0.430909 0.852395 0.296209 -0.721380 0.128177 0.680574 -0.542151 0.506945 -0.670134
-10.900740 -37.624194 -3262.585734 2100.878072 0.130695 0.862344 0.489164 -0.829913 -0.174758 0.529815 -0.542368 0.475208 -0.692831
-18.849866 -39.215103 -1634.206292 -2106.714934 0.263943 0.876389 0.402836 -0.750108 -0.076050 0.656928 -0.606360 0.475562 -0.637313
-8.697570 -32.876275 -3981.701204 1585.600143 -0.012575 0.836660 0.547578 -0.809591 -0.329921 0.485504 -0.586860 0.437209 -0.681502
-22.883442 -37.263282 -1808.082008 2454.186595 -0.229133 0.644777 0.729220 0.630287 0.669171 -0.393635 -0.741779 0.369423 -0.559723
-20.953848 -34.062781 -2497.893053 -979.242772 -0.611561 0.115548 0.782715 0.437994 0.873307 0.213298 -0.658904 0.473269 -0.584689
-18.982849 -28.344039 -1575.521702 -286.847286 -0.489053 0.388085 0.781164 0.545437 0.834939 -0.073326 -0.680680 0.390215 -0.620005
-16.415607 -32.710937 -2509.984041 -3302.234725 -0.152028 0.784427 0.601300 -0.658276 -0.534166 0.530414 -0.737265 0.315184 -0.597578
-15.666922 -42.113938 -2833.540735 -3217.345416 -0.072731 0.832608 0.549066 -0.584316 -0.481721 0.653085 -0.808260 0.273328 -0.521543
3.920182 -61.888835 1508.642976 2018.652330 0.410877 -0.428529 0.804701 0.888708 0.385195 -0.248642 -0.203417 0.817305 0.539105
-1.455933 -76.824315 -10.578412 -2807.066916 0.442948 -0.396705 0.804004 0.870434 0.405151 -0.279639 -0.214809 0.823698 0.524766
4.114560 -38.533869 -4960.627510 -1338.478889 -0.356478 0.544920 -0.758937 0.246284 0.838378 0.486278 0.901259 -0.013567 -0.433069
-6.040194 -34.978740 -3354.705816 -948.613216 -0.360170 0.592781 -0.720339 0.391844 0.796872 0.459840 0.846603 -0.116640 -0.519287
8.791571 -43.677299 -901.969733 -680.464877 0.651910 0.746314 0.134272 -0.522388 0.570353 -0.633884 0.549659 -0.343093 -0.761684
9.147968 -46.275489 -634.356704 -970.242181 0.652842 0.743475 0.145060 -0.581182 0.614438 -0.533566 0.485824 -0.264028 -0.833225
8.318068 -41.733662 -1153.038434 -184.313582 0.645433 0.752920 0.128560 -0.449552 0.510529 -0.732982 0.617511 -0.415296 -0.667989
8.109489 -45.824578 -280.299006 -917.537371 0.651150 0.748084 0.127959 -0.579696 0.599059 -0.552342 0.489853 -0.285481 -0.823738
7.392158 -43.747300 -688.477699 -447.661897 0.646172 0.754741 0.113263 -0.510236 0.537582 -0.671316 0.567558 -0.375994 -0.732466
15.062026 -96.789815 5139.315619 5557.215045 0.807063 0.502211 -0.310537 0.545127 -0.431624 0.718705 -0.226906 0.749323 0.622117
17.163308 -8.520303 -3241.396903 855.288066 -0.387883 0.203053 -0.899064 0.616871 0.781955 -0.089533 0.684848 -0.589335 -0.428564
2.622762 -25.778906 2051.148529 1282.950696 0.471937 0.881348 -0.022409 0.548208 -0.273453 0.790374 -0.690467 0.385292 0.612214
7.463062 -23.702546 2172.956727 205.415449 0.462382 0.886054 -0.033337 0.595464 -0.282442 0.752097 -0.656982 0.367607 0.658209
14.414447 -40.205239 167.637345 506.022055 0.423996 0.905631 0.007726 -0.849165 0.400497 -0.344269 0.314874 -0.139408 -0.938839
11.720148 -39.969932 67.598498 367.544527 0.393845 0.919137 -0.008514 -0.808979 0.342216 -0.477955 0.436393 -0.195128 -0.878343
9.992229 -38.017925 429.548199 711.604152 0.383833 0.922886 0.030888 -0.765366 0.336678 -0.548510 0.516612 -0.186896 -0.835573
-34.966865 -559.845480 -5744.910479 -127734.086422 -0.280836 0.838500 -0.466957 0.410471 0.544729 0.731289 -0.867551 -0.013700 0.497159
1068.729085 -3996.224722 195288.621790 -2918311.808092 -0.694827 0.366216 0.618952 0.463785 0.885941 -0.003548 -0.549654 0.284595 -0.785421
-34.298806 -51.174238 703.007680 544.694401 0.842966 -0.328588 -0.425956 -0.514112 -0.725217 -0.457984 0.158423 -0.605054 0.780264
-35.591309 -51.049500 476.080426 542.724131 0.834517 -0.424235 -0.351578 -0.550649 -0.664361 -0.505381 0.019174 -0.615345 0.788025
-34.642313 -50.061359 785.342064 740.762687 0.853242 -0.319610 -0.412101 -0.516560 -0.626609 -0.583547 0.071718 -0.710782 0.699747
-34.121308 -51.156328 186.128285 618.278771 0.840745 -0.244505 -0.483078 -0.503686 -0.680500 -0.532184 0.198613 -0.690751 0.695281
-34.307360 -49.615071 373.317773 732.858701 0.839957 -0.247433 -0.482959 -0.528481 -0.575064 -0.624507 0.123209 -0.779794 0.613792
-35.475024 -49.099768 656.991772 447.580601 0.835377 -0.329419 -0.440033 -0.549667 -0.505763 -0.664884 0.003527 -0.797300 0.603573
16.991736 -41.872348 -835.733948 568.126480 0.575358 0.814721 0.072055 0.369420 -0.180262 -0.911611 0.729720 -0.551121 0.404690
18.000411 -42.503396 1622.790441 973.152795 0.580354 0.812754 0.051199 0.372196 -0.208800 -0.904363 0.724334 -0.543907 0.423681
15.512837 -43.703586 638.800381 505.811526 0.584389 0.809160 0.061236 0.454010 -0.263480 -0.851148 0.672580 -0.525204 0.521342
18.884227 -40.653475 1568.287792 634.715282 0.580960 0.812158 0.053708 0.270310 -0.130278 -0.953918 0.767735 -0.568706 0.295221
17.065043 -43.910757 -2045.728711 344.275838 0.575879 0.813299 0.083113 0.458154 -0.236857 -0.856734 0.677095 -0.531454 0.509017
16.431376 -41.987878 -1223.942962 294.807486 0.526343 0.847448 0.069251 0.360694 -0.148785 -0.920740 0.769976 -0.509604 0.383981
17.899882 -40.750683 -1069.155221 723.314049 0.569866 0.818165 0.076538 0.274693 -0.101886 -0.956119 0.774465 -0.565884 0.282806
-4.831075 -30.913757 1774.177157 -936.216867 0.720655 0.692479 0.033597 0.690545 -0.712643 -0.123647 0.061680 -0.112307 0.991757
19.356558 -26.679669 -7290.378011 -515.119444 -0.666206 -0.745595 0.016057 0.745070 -0.664498 0.057562 -0.032249 0.050312 0.998213
3.778498 -25.677375 3652.976475 60.074673 0.732530 0.680673 0.009158 -0.680080 0.732349 -0.033995 -0.029846 0.018674 0.999380
-4.740274 -27.899983 1529.878900 -396.807098 0.776279 0.629240 0.038048 0.630355 -0.775455 -0.036366 -0.006622 -0.052214 0.998614
0.160180 -41.533829 513.866637 -243.452979 0.551034 0.715363 0.429671 0.616802 -0.002347 -0.787115 -0.562064 0.698749 -0.442531
0.124941 -40.211134 607.802593 -105.928088 0.569660 0.711786 0.410911 -0.530675 -0.063226 0.845214 -0.627592 0.699545 -0.341709
1.738996 -41.758418 376.334259 215.757448 0.560202 0.718626 0.412007 -0.534901 -0.065953 0.842336 -0.632498 0.692262 -0.347447
2.245827 -43.670300 446.768440 -414.272739 0.545296 0.719228 0.430538 0.637081 -0.021792 -0.770489 -0.544775 0.694432 -0.470089
5.118090 -73.437989 139.524614 1131.943991 0.425395 0.874600 0.232623 0.355999 0.074604 -0.931503 0.832048 -0.479071 0.279621
9.186116 -66.119572 283.523952 3341.581300 0.396758 0.874123 0.280165 0.027356 0.293821 -0.955469 0.917516 -0.386754 -0.092663
4.325729 -121.915291 24.888856 -7621.956742 0.426499 0.811317 0.399830 0.760176 -0.561070 0.327617 -0.490134 -0.164213 0.856039
3.427337 -159.391548 -710.501957 -3582.624877 -0.344181 -0.853716 -0.390778 0.936901 -0.339451 -0.083601 -0.061279 -0.394894 0.916681
4.492675 -143.429718 92.190757 -8435.599534 0.387815 0.824376 0.412316 0.832363 -0.505373 0.227530 -0.395943 -0.254958 0.882171
16.617035 -40.688785 2599.379004 587.063433 0.395799 0.918097 0.021015 0.124342 -0.030904 -0.991758 0.909880 -0.395150 0.126390
15.948761 -41.145115 3113.728130 -320.317333 0.380283 0.924505 0.025985 0.014422 0.022165 -0.999650 0.924758 -0.380524 0.004905
-6.377122 -30.959785 1092.686864 -670.734528 -0.435692 -0.821666 -0.367474 0.809039 -0.178558 -0.559976 0.394498 -0.541278 0.742556
-2.441352 -32.094412 1782.082096 -276.034100 -0.473034 -0.797880 -0.373665 0.795423 -0.204374 -0.570555 0.378868 -0.567114 0.731328
-6.661167 -33.418918 1420.384510 -1095.653579 -0.428706 -0.815266 -0.389297 0.783839 -0.121385 -0.608984 0.449229 -0.566222 0.691076
6.009237 -106.240390 -800.740606 -4587.486944 0.662615 0.299379 0.686523 -0.241931 0.953052 -0.182102 -0.708809 -0.045428 0.703936
5.583784 -105.910400 315.031484 -1306.898135 0.663090 0.326555 0.673553 -0.402123 0.914356 -0.047425 -0.631355 -0.239404 0.737616
6.319512 -109.254302 366.763334 485.851632 0.663500 0.312132 0.679957 -0.297024 0.944023 -0.143516 -0.686691 -0.106741 0.719070
4.293115 -102.716049 -247.743580 -1132.785119 0.659342 0.326755 0.677125 -0.415466 0.908970 -0.034080 -0.626623 -0.258852 0.735078
5.361039 -108.537770 -236.068552 -2124.858371 0.658736 0.305200 0.687692 -0.127825 0.946140 -0.297457 -0.741437 0.108041 0.662268
13.737991 -45.119178 -2081.785633 402.121179 0.530914 0.843787 0.078445 0.648691 -0.345097 -0.678313 0.545280 -0.411012 0.730574
12.394231 -44.738801 521.925547 92.677857 0.470182 0.881999 0.031720 0.711621 -0.357607 -0.604742 0.522038 -0.306912 0.795790
-1.712275 -178.773657 781.408924 5589.896075 0.800053 0.213832 0.560527 0.526751 0.196804 -0.826923 0.287137 -0.956841 -0.044817
-3.801182 -165.312535 575.462826 1119.120849 0.787698 0.199449 0.582883 0.427958 0.503438 -0.750601 0.443152 -0.840696 -0.311201
-0.065257 -91.998390 411.609540 -12721.351732 0.817094 -0.084256 0.570314 0.094540 0.995453 0.011616 -0.568700 0.044426 0.821344
-8.145444 -140.568836 2212.179023 -26194.511046 0.856061 0.013729 0.516693 0.070371 0.987244 -0.142822 -0.512063 0.158624 0.844174
-2.980904 -79.764676 2256.033268 -12310.866682 0.831607 -0.063703 0.551698 0.018551 0.996032 0.087046 -0.555054 -0.062153 0.829489
1.309923 -62.972164 626.032698 -702.742583 0.813137 -0.107945 0.571976 -0.005594 0.981159 0.193119 -0.582046 -0.160231 0.797213
1.319907 -65.942158 -87.191268 -5272.407795 0.802486 -0.114826 0.585518 0.040389 0.989511 0.138697 -0.595303 -0.087653 0.798706
-70.833408 -114.282601 7570.768956 28673.918492 0.868811 -0.476669 -0.133993 -0.464748 -0.691696 -0.552779 -0.170811 -0.542534 0.822485
15526.051115 -224890.684362 676494.114227 84399193.218923 0.811371 0.355296 0.464158 0.510842 -0.816956 -0.267627 -0.284109 -0.454256 0.844354
-66.473484 -307.786296 -11917.966658 62885.081227 0.126704 0.000907 0.991940 0.959870 0.252112 -0.122838 -0.250192 0.967698 0.031073
-42.294809 -1010.547285 -1613.359890 244351.502310 0.316421 0.127907 0.939956 0.526381 0.800651 -0.286148 -0.789177 0.585318 0.186015
-44.289021 -69.715186 481.510526 -1428.400644 0.257593 0.941141 -0.218861 0.207154 0.167449 0.963871 -0.943787 0.293624 0.151828
-46.936143 -66.716875 -520.091328 -1191.805393 0.203417 0.978693 0.027944 0.104573 -0.050095 0.993255 -0.973492 0.199123 0.112535
-23.158501 -40.411094 -3162.229305 -1033.965396 -0.646708 0.001380 0.762737 0.432371 0.824471 0.365106 -0.628351 0.565902 -0.533789
15.604817 -57.528514 4220.592946 674.495512 0.414759 -0.432225 0.800723 0.893784 0.358559 -0.269416 -0.170658 0.827416 0.535031
10.223858 -68.839651 2283.117876 7466.543693 0.376450 -0.428311 0.821483 0.879680 0.443398 -0.171937 -0.290601 0.787368 0.543694
2.572307 -74.310093 73.504465 4678.943947 0.393362 -0.407712 0.824037 0.851955 0.498566 -0.160011 -0.345599 0.764985 0.543470
11.029536 -34.984577 -6569.934508 -754.128389 -0.368942 0.459652 -0.807838 0.293596 0.882288 0.367927 0.881864 -0.101434 -0.460465
25.291879 -37.684630 -6502.790582 -1283.299535 -0.413752 0.393828 -0.820797 0.161680 0.919044 0.359468 0.895918 0.016024 -0.443931
32.160923 -40.503846 -8806.969814 -688.808069 -0.347639 0.428625 -0.833923 0.039273 0.895272 0.443786 0.936806 0.121527 -0.328065
12.283033 -40.244079 -1386.941220 -392.101986 0.620058 0.767437 0.162997 -0.393475 0.483929 -0.781658 0.678753 -0.420538 -0.602032
-1.666658 -135.010758 69.289839 11789.390836 0.656713 0.728349 0.195540 0.664213 -0.435829 -0.607350 -0.357141 0.528735 -0.769993
-1.506056 -124.029765 110.247376 4309.296437 0.618699 0.747508 0.241750 0.773377 -0.525368 -0.354792 -0.138202 0.406473 -0.903150
-2.939724 -116.092243 879.852026 3790.333425 0.633701 0.736712 0.235964 0.757570 -0.529279 -0.382035 -0.156559 0.420855 -0.893516
10.398917 -18.683037 -2389.360970 2359.580583 -0.314364 0.309945 -0.897279 0.706436 0.707771 -0.003018 0.634132 -0.634819 -0.441454
8.935172 -14.541364 -2754.820213 1476.426044 -0.266819 0.313999 -0.911160 0.701406 0.711647 0.039849 0.660937 -0.628461 -0.410122
17.460221 -11.437414 -1831.243968 1139.598498 -0.438995 0.226983 -0.869346 0.630992 0.766693 -0.118452 0.639635 -0.600550 -0.479799
0.052120 -23.198934 -1854.681204 2173.315547 -0.152918 0.432265 -0.888686 0.784263 0.600233 0.157008 0.601288 -0.672954 -0.430796
15.148962 -16.018449 -1368.414813 2087.364832 -0.470479 0.238332 -0.849616 0.636098 0.758920 -0.139352 0.611579 -0.606002 -0.508658
9.590731 -21.823460 -1480.898518 2621.602097 -0.375807 0.294134 -0.878780 0.710986 0.699728 -0.069846 0.594363 -0.651049 -0.472088
3.462685 -26.567291 -1524.527672 2753.529643 -0.229598 0.394908 -0.889569 0.789280 0.610341 0.067236 0.569493 -0.686681 -0.451826
8.274751 -32.442495 1601.008104 343.918441 0.433937 0.899022 -0.058800 0.381845 -0.124409 0.915815 -0.816023 0.419858 0.397273
10.674919 -30.503315 234.559843 -1082.588989 0.391434 0.918038 -0.063132 0.306468 -0.065367 0.949634 -0.867673 0.391067 0.306936
8.559365 -30.120061 -885.150711 -38.864174 0.352869 0.935380 -0.023391 0.373338 -0.117829 0.920182 -0.857964 0.333437 0.390792
-3.473327 -29.843188 -1305.928392 -741.172838 0.408300 0.904845 -0.120608 -0.796346 0.417654 0.437491 -0.446234 0.082582 -0.891098
-4.389569 -32.319182 -1348.653536 -559.671427 0.436355 0.888735 -0.140517 -0.719247 0.438361 0.539003 -0.540628 0.134130 -0.830500
-8.297860 -32.212143 -1156.041785 -729.295983 0.437043 0.891700 -0.117744 -0.752873 0.434301 0.494535 -0.492114 0.127487 -0.861145
-7.273815 -33.895578 -1071.752178 -459.996972 0.467503 0.871881 -0.145827 -0.661407 0.454444 0.596675 -0.586500 0.182497 -0.789122
15.284139 -39.932693 1017.210579 -5.720337 0.444951 0.894201 0.049229 -0.868553 0.444279 -0.219617 0.218253 -0.054961 -0.974343
-6.887014 -163.806923 -826.902380 14400.828316 0.364398 -0.311474 0.877609 0.057503 0.948133 0.312628 -0.929466 -0.063456 0.363408
-5.972870 -203.429910 -389.020262 16121.774488 0.353100 -0.337281 0.872675 -0.295765 0.844682 0.446134 -0.887605 -0.415637 0.198502
-8.238033 -214.752670 -1970.983498 27675.184027 0.361404 -0.352536 0.863195 -0.196752 0.876089 0.440179 -0.911414 -0.328918 0.247260
-9.129815 -216.667527 -1375.944522 22038.791314 0.371084 -0.328541 0.868538 -0.476375 0.735514 0.481754 -0.797097 -0.592521 0.116429
-9.713491 -201.657866 -1244.056046 31774.945761 0.399006 -0.320312 0.859183 -0.084605 0.920145 0.382329 -0.913037 -0.225242 0.340043
-7.832323 -159.555322 -1727.256114 17306.840425 0.372202 -0.321138 0.870825 0.113306 0.946939 0.300779 -0.921210 -0.013281 0.388839
-4.699005 -55.122156 486.331985 -1218.358565 0.746440 0.664147 -0.041679 0.066125 -0.011705 0.997743 -0.662159 0.747511 0.052654
-4.289692 -56.218033 188.097644 568.688359 0.738753 0.670060 -0.072556 0.241414 -0.162567 0.956709 -0.629257 0.724287 0.281859
-3.640907 -58.366613 -228.968351 126.722012 0.741262 0.668804 -0.056852 0.174421 -0.110140 0.978492 -0.648157 0.735235 0.198296
-3.633374 -56.593890 -19.650499 -2110.133143 0.748374 0.662346 -0.035134 -0.007999 0.061979 0.998045 -0.663229 0.746630 -0.051681
-3.952979 -50.956383 429.560689 -1747.309183 0.748058 0.663630 -0.002023 -0.103160 0.119295 0.987485 -0.655566 0.738487 -0.157700
369.050965 -2444.964553 -45659.976111 802885.134210 0.640181 -0.553152 0.533097 0.711196 0.689111 -0.139019 -0.290464 0.468133 0.834555
67.835450 -514.559298 59332.123328 -146094.657416 0.218747 0.268181 0.938205 -0.535326 0.836863 -0.114399 -0.815829 -0.477221 0.326625
173.774132 -1324.725261 -35446.723381 -415685.958156 0.111614 -0.217824 0.969585 -0.476195 0.844643 0.244573 -0.872227 -0.489010 -0.009453
-8.293112 -28.451605 -786.464479 -582.367599 0.169665 0.978260 -0.119255 0.976849 -0.150939 0.151604 0.130308 -0.142216 -0.981221
-12.049679 -31.570369 -904.717947 995.199711 0.042587 0.989548 -0.137770 -0.972535 0.009476 -0.232563 0.228827 -0.143890 -0.962774
-10.204722 -29.484505 343.690289 715.643242 0.157671 0.980007 -0.121351 -0.964284 0.126313 -0.232814 0.212831 -0.153725 -0.964920
-35.138005 -50.383330 -118.743454 70.407147 0.749500 -0.579671 -0.319737 -0.661309 -0.633458 -0.401748 -0.030342 -0.512555 0.858118
-33.619655 -50.318165 130.922380 -245.396214 0.806229 -0.463284 -0.367918 -0.581113 -0.736759 -0.345680 0.110919 -0.492499 0.863216
16.510989 -43.547498 1721.886521 676.708034 0.623965 0.780010 0.047466 0.430135 -0.292104 -0.854201 0.652420 -0.553408 0.517772
18.327950 -41.885187 2076.425626 1142.993928 0.625578 0.778708 0.047606 0.317562 -0.198428 -0.927244 0.712605 -0.595181 0.371420
-2.306268 -34.407494 -2459.170449 -949.084858 -0.650261 -0.758608 -0.040912 0.742957 -0.623751 -0.242795 0.158668 -0.188276 0.969215
-2.345555 -40.024899 619.471927 225.964322 0.562122 0.717877 0.410696 0.576609 0.015824 -0.816867 -0.592909 0.695990 -0.405039
4.588209 -67.130644 -31.494040 -2095.362311 0.415429 0.880014 0.230206 0.504602 -0.012383 -0.863263 0.756833 -0.474787 0.449201
4.162725 -107.355091 409.387629 -6149.040847 0.463902 0.798570 0.383510 0.702585 -0.595342 0.389798 -0.539601 -0.088620 0.837244
3.536354 -115.822594 645.544035 -9518.282076 0.438997 0.828595 0.347437 0.816804 -0.529139 0.229876 -0.374316 -0.182873 0.909090
18.332944 -40.521350 -2093.741487 315.853954 0.553172 0.829993 0.071503 0.224492 -0.065861 -0.972248 0.802250 -0.553872 0.222759
17.253459 -40.494445 215.804018 721.820523 0.460914 0.886396 0.043134 0.241990 -0.078772 -0.967076 0.853815 -0.456176 0.250806
-5.091424 -30.153428 1381.422032 109.533464 -0.458646 -0.810664 -0.363962 0.827111 -0.239716 -0.508354 0.324857 -0.534191 0.780453
-0.647557 -33.255541 1084.964429 1065.273451 -0.431922 -0.821567 -0.372116 0.849109 -0.231314 -0.474877 0.304068 -0.521077 0.797510
-4.498070 -32.051137 779.445851 613.197449 -0.417136 -0.831340 -0.367250 0.874287 -0.256688 -0.411987 0.248233 -0.492936 0.833903
4.096486 -32.194870 1523.504616 1017.773045 -0.475490 -0.807494 -0.349088 0.789152 -0.216152 -0.574906 0.388777 -0.548846 0.740014
5.724843 -35.730036 1213.278086 2394.188970 -0.424480 -0.831242 -0.358963 0.844581 -0.220612 -0.487865 0.326342 -0.510262 0.795697
0.868169 -38.974942 510.862339 1924.865696 -0.357070 -0.854979 -0.376180 0.906847 -0.220772 -0.359010 0.223896 -0.469330 0.854166
-3.690523 -36.660762 521.468098 1535.102420 -0.362521 -0.848620 -0.385257 0.912363 -0.238791 -0.332526 0.190192 -0.472041 0.860816
11.111586 -43.902337 1961.086410 -82.094829 0.408485 0.912704 -0.010516 0.741169 -0.338394 -0.579792 0.532737 -0.229042 0.814697
12.090774 -43.316297 1971.840270 -706.473623 0.443186 0.896409 -0.006071 0.789064 -0.393310 -0.471895 0.425399 -0.204346 0.881634
12.520025 -41.341842 172.330557 -644.230026 0.433778 0.900801 -0.019881 0.797694 -0.394199 -0.456389 0.418953 -0.182112 0.889558
13.524265 -42.576310 -1056.028928 -354.467559 0.423408 0.905877 -0.010605 0.744659 -0.354674 -0.565411 0.515954 -0.231503 0.824741
2.544296 -193.892372 386.262686 -518.319170 0.752212 0.166484 0.637542 0.531134 0.419427 -0.736192 0.389966 -0.892392 -0.227073
0.302878 -199.688293 1217.287991 3233.047700 0.730349 0.148413 0.666756 0.358239 0.747877 -0.558877 0.581597 -0.647034 -0.493044
-2.064398 -174.779840 -1187.761267 11211.265149 -0.731244 -0.137545 -0.668104 0.260506 0.848903 -0.459892 0.630411 -0.510338 -0.584924
-3.599503 -144.919280 1044.271172 -22714.849059 0.826864 -0.059863 0.559208 0.230474 0.943060 -0.239831 -0.513009 0.327190 0.793579
-1.938670 -43.945747 290.743719 -1792.575067 0.568457 0.753981 0.329196 0.223045 -0.526388 0.820467 -0.791901 0.392975 0.467401
-2.736477 -46.788038 334.303731 -706.152978 0.557691 0.774879 0.297561 0.378456 -0.556431 0.739700 -0.738750 0.299910 0.603574
-1.667546 -48.366667 79.817031 -967.246179 0.555956 0.778634 0.290934 0.352329 -0.537762 0.765948 -0.752846 0.323329 0.573308
-2.392480 -51.118060 378.679082 -555.179162 0.549648 0.794828 0.257169 0.488107 -0.555382 0.673277 -0.677966 0.244539 0.693226
-1.733055 -50.961236 217.679282 49.543698 0.559131 0.788761 0.255397 0.431000 -0.539684 0.723174 -0.708245 0.294273 0.641710
44.771077 -4100.176984 1364.603031 1086929.887319 0.270696 0.026341 0.962304 0.947316 -0.185083 -0.261414 0.171220 0.982370 -0.075055
-10.820253 -480.977076 -572.706489 118813.202320 0.105462 0.149946 0.983053 0.983038 -0.164886 -0.080310 0.150049 0.974848 -0.164792
-8.173276 -92.889378 -591.526124 -3657.490607 0.547887 0.810514 0.207092 0.677800 -0.575191 0.457977 -0.490314 0.110553 0.864506
-6.877617 -92.854372 -839.707489 2708.530730 0.530264 0.824025 0.199507 0.808645 -0.562267 0.173058 -0.254781 -0.069564 0.964494
-26.815293 -62.945748 5630.481225 3861.568419 0.439297 0.880336 -0.178960 0.289929 0.049615 0.955761 -0.850270 0.471749 0.233439
-15.528334 -61.879398 8439.654525 3234.978457 0.505806 0.829034 -0.238460 0.189756 0.162732 0.968252 -0.841518 0.534997 0.075003
-10.574499 -28.951833 -1796.908766 1731.549905 0.395028 0.841148 0.369355 0.811035 -0.130480 -0.570261 -0.431481 0.524829 -0.733743
-2.496694 -38.045429 -1194.060803 -4032.959840 0.265856 0.844886 0.464207 0.838291 0.035158 -0.544089 -0.476013 0.533790 -0.698913
1.211019 -46.449382 -4178.971276 7865.804284 0.013009 0.841381 0.540285 -0.811170 -0.307060 0.497713 -0.584666 0.444738 -0.678509
8.732208 -21.161409 -3473.334123 -688.734139 0.470596 0.873969 0.121313 -0.111005 -0.077755 0.990773 -0.875338 0.479720 -0.060424
9.652997 -21.905339 -2111.367538 1082.460398 0.484845 0.874429 0.017306 -0.094899 0.032928 0.994942 -0.869436 0.484035 -0.098947
24.828511 -25.105772 -6224.170823 336.091800 0.480800 0.876617 0.019339 -0.099754 0.032773 0.994472 -0.871138 0.480071 -0.103203
2.226601 -21.051418 -625.260127 117.774862 0.488257 0.868797 0.082443 -0.095173 -0.040896 0.994620 -0.867495 0.493476 -0.062718
24.926038 -25.061399 -7221.637505 -956.144523 0.450883 0.883019 0.130313 -0.082507 -0.104139 0.991135 -0.888762 0.457637 -0.025901
11.409172 -24.029783 -4024.713803 -1558.267915 0.452870 0.872156 0.185078 -0.091593 -0.160976 0.982699 -0.886859 0.461986 -0.006982
39.992567 -61.107680 9460.221285 -6937.706011 0.478202 -0.380242 0.791668 0.872068 0.312349 -0.376744 -0.104022 0.870548 0.480963
