10007
19999
-33.077492 -51.820956 -405.575481 4581.690317 0.890107 -0.383746 -0.245862 0.206642 -0.141006 0.968203 0.406212 0.912610 0.046212
-39.598071 -61.089912 772.560321 3563.022068 0.859739 -0.420739 -0.289530 0.331469 0.028375 0.943039 0.388558 0.906738 -0.163857
-29.324653 -66.293994 -2704.513421 8066.346675 0.782029 -0.266289 -0.563490 0.527267 -0.199378 0.825977 0.332296 0.943047 0.015513
-36.144896 -57.450160 -221.236235 3332.094446 0.882179 -0.466815 0.061997 0.006442 0.143603 0.989614 0.470869 0.872618 -0.129691
-23.980035 -47.817691 -2275.220240 5828.341136 0.873998 -0.260644 -0.410112 0.325265 -0.313219 0.892243 0.361012 0.913213 0.188974
-25.944593 -37.311320 -1162.638886 2741.957959 0.895813 -0.430896 0.108847 -0.172546 -0.111497 0.978671 0.409569 0.895487 0.174230
-30.611764 -47.980176 301.368014 3679.966658 0.869220 -0.467699 0.160359 -0.163519 0.034150 0.985949 0.466603 0.883228 0.046794
24.970926 -118.785502 12157.022637 17296.963325 -0.269403 -0.594628 0.757522 0.714794 0.403667 0.571071 -0.645362 0.695320 0.316288
22.515844 -88.547827 12984.969607 12648.990141 -0.261949 -0.632530 0.728895 0.830818 0.236488 0.503801 -0.491044 0.737549 0.463570
-25.190411 -102.573780 18707.247683 12750.309427 -0.194894 -0.658198 0.727181 0.788735 0.335529 0.515090 -0.583021 0.673941 0.453751
-45.037571 -129.164717 -21527.861396 9872.607195 0.168665 0.659182 -0.732824 0.568634 0.542210 0.618598 -0.805113 0.521045 0.283381
18.213626 -31.850061 242.243894 -670.536914 -0.575255 -0.019349 0.817745 0.808445 -0.165603 0.564794 0.124493 0.986003 0.110907
13.932855 -27.672525 -432.525433 -1418.228624 -0.576048 0.005616 0.817397 0.816375 -0.046504 0.575647 0.041245 0.998902 0.022204
13.793280 -30.061162 -1971.479916 -860.586352 -0.496853 0.070694 0.864951 0.855522 -0.127394 0.501849 0.145667 0.989330 0.002816
17.924093 -32.720656 -1855.628438 -198.062813 -0.512795 0.054912 0.856753 0.830151 -0.222667 0.511145 0.218839 0.973347 0.068597
22.060453 -36.090578 1070.804855 -409.164487 -0.568230 -0.050389 0.821325 0.793348 -0.298502 0.530561 0.218433 0.953078 0.209594
-13.205970 -43.145498 -2287.644849 -337.660282 0.583594 -0.802452 -0.124452 0.808244 0.559188 0.184529 -0.078484 -0.208278 0.974916
-14.081677 -43.203354 -1737.666537 385.531820 0.570987 -0.811278 -0.125708 0.818459 0.574477 0.010095 0.064026 -0.108651 0.992016
-6.714374 -41.765195 -2462.895304 -489.562464 0.650001 -0.756090 -0.076331 0.754236 0.629587 0.186409 -0.092885 -0.178738 0.979503
5.950336 -9.552410 737.306710 -851.369492 0.759571 -0.581891 -0.290611 0.631779 0.553843 0.542321 0.154619 0.595534 -0.788310
5.370721 -5.999780 200.974275 -1587.796277 0.710803 -0.608026 -0.353644 0.695554 0.532740 0.482071 0.104711 0.588636 -0.801588
3.676740 -10.158087 1149.675067 -1677.880075 0.743435 -0.605430 -0.284180 0.652220 0.562247 0.508417 0.148031 0.563323 -0.812868
-13.743644 -63.507985 2070.546031 -7296.993304 -0.779726 -0.097978 0.618408 -0.009228 0.989372 0.145117 -0.626053 0.107445 -0.772343
-10.985429 -45.012368 1010.292964 -3621.993317 -0.793344 0.013104 0.608633 0.033643 0.999184 0.022340 -0.607844 0.038199 -0.793137
-6.262614 -47.460045 620.209039 732.097526 -0.803610 -0.032875 0.594248 -0.008293 0.998995 0.044051 -0.595099 0.030471 -0.803075
-4.637540 -51.839474 1296.390520 -278.594078 -0.797653 -0.131066 0.588704 -0.059400 0.988428 0.139577 -0.600185 0.076365 -0.796208
-6.359611 -65.519718 2905.459232 -7404.092473 -0.761935 -0.250512 0.597243 -0.088857 0.953878 0.286743 -0.641529 0.165410 -0.749052
-15.895370 -91.624533 2974.529866 -11201.524946 -0.761110 -0.186481 0.621237 0.064299 0.931370 0.358352 -0.645428 0.312690 -0.696885
-3.835621 -99.131035 699.010056 769.472602 0.949978 0.111845 -0.291604 0.225883 -0.890835 0.394195 0.215683 0.440345 0.871537
-2.878388 -101.089192 7.832741 1823.258461 0.962449 0.094668 -0.254419 0.176821 -0.929754 0.322942 0.205975 0.355802 0.911581
-4.054025 -101.035967 946.598823 -4.760467 0.956386 0.074552 -0.282432 -0.137960 0.967532 -0.211774 0.257474 0.241502 0.935619
-3.940392 -105.806582 265.526419 3933.595692 0.944143 0.135669 -0.300313 0.261591 -0.862785 0.432634 0.200410 0.487027 0.850082
71.601655 -10.675239 14737.405654 -711.653487 -0.145567 -0.086806 0.985533 0.775415 0.608654 0.168143 -0.614444 0.788673 -0.021289
131.384226 -16.615751 22988.125146 189.459149 -0.247846 0.120032 0.961335 0.797243 0.589051 0.131992 -0.550432 0.799131 -0.241689
111.982354 -17.038883 24262.770810 -1746.589474 -0.228694 -0.037676 0.972769 0.763172 0.613423 0.203177 -0.604374 0.788855 -0.111533
15.655976 -9.691381 7368.505544 -995.711894 -0.112632 -0.190939 0.975119 0.754790 0.621801 0.208938 -0.646225 0.759543 0.074084
26.318399 -8.269085 7888.724357 -125.083169 -0.133575 -0.134253 0.981903 0.762140 0.619403 0.188368 -0.633482 0.773509 0.019583
51.202275 -12.521555 15576.596107 -1661.360435 -0.116271 -0.169691 0.978614 0.762466 0.616170 0.197434 -0.636496 0.769116 0.057741
7.661192 -89.721209 674.664881 4485.449034 -0.655204 -0.572805 -0.492547 -0.652848 0.757388 -0.012357 0.380127 0.313462 -0.870198
7.800283 -94.637639 -641.770055 -689.696268 0.655321 0.595549 0.464625 0.703191 -0.705614 -0.087357 0.275820 0.383967 -0.881188
4.888879 -100.915271 540.260907 4063.199852 -0.634704 -0.609838 -0.474604 -0.622266 0.767504 -0.154020 0.458188 0.197573 -0.866619
4.323327 -101.781055 352.312741 4933.515815 -0.638429 -0.583810 -0.501572 -0.530086 0.805990 -0.263418 0.558048 0.097702 -0.824037
2.950287 -103.488111 -630.084468 5070.960621 -0.594486 -0.650462 -0.472742 -0.561711 0.756615 -0.334685 0.575384 0.066579 -0.815169
1.561056 -113.203008 527.460968 6047.553830 -0.628247 -0.624090 -0.464560 -0.478025 0.780747 -0.402400 0.613838 -0.030735 -0.788833
-1.128101 -47.041825 427.896506 -1266.743317 0.822426 -0.533236 -0.198178 -0.541203 -0.626086 -0.561352 -0.175257 -0.568925 0.803498
-1.601861 -45.490266 514.572330 -1122.557964 0.835713 -0.515104 -0.190400 -0.539678 -0.706159 -0.458352 -0.101646 -0.485805 0.868137
-2.739158 -50.167039 230.434534 -817.588998 0.802026 -0.559887 -0.208041 -0.556724 -0.574571 -0.599939 -0.216364 -0.596987 0.772524
0.470797 -41.509859 575.198520 -1116.343480 0.859261 -0.482473 -0.169969 -0.506334 -0.754928 -0.416785 -0.072773 -0.444188 0.892973
-0.470644 -46.186364 269.128505 -1596.979043 0.822781 -0.532700 -0.198146 -0.532055 -0.599303 -0.598125 -0.199872 -0.597551 0.776521
0.861288 -41.671282 542.234655 -990.942847 0.856905 -0.486167 -0.171337 -0.500805 -0.706448 -0.500125 -0.122103 -0.514366 0.848834
-7.688432 -153.419780 -1291.006011 -3319.497733 0.720641 0.594597 0.356554 -0.395676 -0.069584 0.915750 -0.569313 0.801007 -0.185123
-2.789018 -143.850874 -1560.980325 -1911.566386 0.722450 0.618401 0.309266 -0.282341 -0.144443 0.948377 -0.631149 0.772474 -0.070247
-3.858808 -147.748794 -1143.736027 4740.599824 0.734308 0.595087 0.326595 -0.132514 -0.346201 0.928754 -0.665757 0.725270 0.175361
3.662516 -69.893475 754.888478 -4803.823273 0.916817 0.192384 0.349907 -0.393882 0.579678 0.713323 0.065601 0.791809 -0.607236
8.122076 -70.914203 2506.746434 -2754.867259 0.864237 0.226013 0.449457 -0.499761 0.488224 0.715455 0.057733 0.842944 -0.534894
0.566435 -65.519556 1489.431944 -4186.035179 0.863281 0.261306 0.431816 -0.482752 0.677164 0.555337 0.147297 0.687872 -0.710729
-1.082902 -58.238347 -746.457953 -4611.502191 0.896922 0.232303 0.376252 -0.416308 0.730446 0.541420 0.149058 0.642249 -0.751863
-5.603242 -54.855259 -128.058192 -741.513961 0.828234 0.333478 0.450356 -0.519659 0.757822 0.394539 0.209720 0.560802 -0.800949
0.710642 -242.583849 -1971.388478 -12170.769278 0.295076 0.924069 0.242954 -0.901975 0.353290 -0.248249 0.315232 0.145887 -0.937734
22.997549 -740.617824 -3037.008120 -148945.812615 0.429878 0.872241 0.233240 0.894668 -0.376730 -0.240093 -0.121550 0.311883 -0.942313
6.903977 -417.463280 -6362.993686 -46130.084358 0.232280 0.964381 0.126549 -0.955439 0.201864 0.215378 -0.182161 0.170938 -0.968296
570.239360 -62905.279568 -228898.889390 -17612306.421073 0.301325 0.938786 0.166983 -0.916797 0.333376 -0.219871 0.262080 0.086837 -0.961131
12.982651 -19.364017 4656.156887 -324.771355 0.964167 -0.264547 0.019916 -0.153900 -0.496593 0.854231 0.216094 0.826686 0.519513
17.407497 -22.503067 3942.986158 1278.747573 0.966592 -0.252208 0.045732 -0.160290 -0.455534 0.875668 0.200018 0.853744 0.480742
6.313326 -20.916272 4515.834987 1617.226381 0.955807 -0.291751 0.036255 -0.173394 -0.459831 0.870913 0.237419 0.838711 0.490097
1.176022 -49.580711 -387.653687 2441.344637 0.912570 -0.249421 -0.324046 0.269424 -0.229386 0.935304 0.307616 0.940836 0.142131
1.218442 -44.810394 33.537066 1697.848626 0.918675 -0.262643 -0.295051 0.218789 -0.283578 0.933657 0.328888 0.922281 0.203053
0.236106 -52.425980 -669.291848 2390.903582 0.916818 -0.230949 -0.325743 0.302763 -0.129822 0.944183 0.260346 0.964266 0.049100
6.235469 -18.149418 4770.841308 -1422.800618 0.078487 -0.010072 0.996864 0.826608 0.559632 -0.059428 -0.557278 0.828680 0.052249
-0.686573 -23.821017 2368.007954 -1290.343719 0.192138 0.099752 0.976285 0.860738 0.460728 -0.216472 -0.471396 0.881918 0.002663
-8.568226 -25.856295 2133.196068 -1394.019474 0.349626 0.197541 0.915827 0.794057 0.456311 -0.401564 -0.497227 0.867616 0.002679
-54.416435 -1719.722227 -5418.584697 489851.216487 -0.114924 0.976245 0.183678 -0.790474 -0.201856 0.578277 -0.601617 0.078734 -0.794895
-113.846897 -23685.689935 -44877.127605 -10301518.458884 0.055235 0.996792 0.057922 -0.944912 0.033439 0.325612 -0.322630 0.072717 -0.943728
-12.210206 -493.056487 -5903.104712 -67501.196741 -0.020737 0.996167 0.084980 -0.976885 -0.002101 -0.213755 0.212758 0.087449 -0.973184
-28.494306 -954.310442 -1373.875523 174963.227878 0.126114 0.978915 0.160690 0.990115 -0.134234 0.040675 0.061387 0.153972 -0.986166
-29.121975 -40.046450 1298.824180 -1827.904233 -0.820666 0.557626 0.124745 0.468880 0.781944 -0.410749 -0.326588 -0.278597 -0.903175
-19.159913 -41.983984 3173.608145 -3620.265618 -0.899317 0.242959 0.363592 0.089521 0.916132 -0.390754 -0.428036 -0.318863 -0.845643
-24.482741 -48.654420 3329.097126 -5044.176455 -0.925485 0.118361 0.359817 0.017850 0.962498 -0.270699 -0.378363 -0.244105 -0.892891
-13.028296 -56.290424 4541.857380 -5650.373014 -0.887656 0.091470 0.451332 -0.010036 0.976000 -0.217540 -0.460398 -0.197631 -0.865434
4.201486 -6.925159 33.563233 774.010924 0.986938 0.048495 0.153629 -0.129918 0.803476 0.580988 0.095262 0.593359 -0.799281
4.086742 -7.627090 208.706444 -204.175681 0.973245 0.106290 0.203705 -0.200879 0.823994 0.529794 0.111540 0.556540 -0.823300
2.765241 -7.594339 903.983047 764.348995 0.987927 -0.066367 0.139987 -0.029748 0.805512 0.591832 0.152039 0.588851 -0.793813
2.040250 -3.675866 483.720737 1130.736381 0.952785 0.147235 0.265562 -0.279935 0.764735 0.580360 0.117635 0.627298 -0.769844
-0.965521 -7.129518 1591.238637 872.258563 0.949147 0.100346 0.298415 -0.261194 0.780180 0.568416 0.175779 0.617454 -0.766715
-9.170456 -27.046692 -500.619123 -1557.072643 -0.474772 -0.480443 0.737405 0.083678 0.809420 0.581238 -0.876122 0.337660 -0.344087
-8.464797 -25.919293 -127.139901 -1950.818092 0.457360 0.688232 -0.563168 -0.069843 0.659128 0.748781 -0.886535 0.303129 -0.349527
-13.856407 -31.194282 -1086.649050 -1266.981647 -0.476682 -0.535045 0.697497 0.141886 0.736212 0.661710 -0.867550 0.414390 -0.275024
-9.788342 -31.643373 -859.651426 -1375.312943 -0.473583 -0.388770 0.790302 0.218862 0.817215 0.533160 -0.853123 0.425463 -0.301932
-7.308267 -28.522758 312.258126 -1248.784962 -0.480166 -0.393290 0.784069 0.164335 0.837695 0.520828 -0.861647 0.378934 -0.337601
-6.934159 -22.580683 614.922159 -1293.648564 -0.464336 -0.484645 0.741291 0.011645 0.833580 0.552276 -0.885583 0.265074 -0.381417
10.646620 -93.775580 1331.229294 1603.833794 0.267180 0.374085 -0.888074 0.919472 0.176866 0.351127 0.288421 -0.910373 -0.296705
7.522222 -95.367216 1364.748188 230.369966 0.254783 0.379433 -0.889447 0.945185 0.096547 0.311936 0.204232 -0.920168 -0.334036
10.422523 -88.614352 954.492040 2245.555991 0.283094 0.349874 -0.892998 0.957874 -0.056231 0.281630 0.048321 -0.935108 -0.351054
0.881696 -47.603752 239.945753 -684.839760 -0.337919 -0.346644 0.875014 0.921588 0.066815 0.382375 -0.191012 0.935614 0.296885
0.551356 -45.174235 -294.053436 -478.348549 -0.341194 -0.334825 0.878339 0.916399 0.089557 0.390118 -0.209283 0.938015 0.276276
-0.165088 -46.057855 478.148906 586.963421 -0.311843 -0.353996 0.881726 0.899795 0.188022 0.393721 -0.305159 0.916152 0.259890
0.242802 -48.899003 498.215704 521.459048 -0.309617 -0.350208 0.884020 0.890480 0.219229 0.398728 -0.333441 0.910655 0.243976
0.051727 -48.573798 642.011514 1304.233215 -0.303125 -0.351788 0.885641 0.849633 0.321105 0.418348 -0.431554 0.879282 0.201556
-10.659779 -37.323222 -1315.694004 -375.560910 0.850259 -0.185382 -0.492639 -0.526329 -0.288432 -0.799866 -0.006188 -0.939383 0.342814
-11.677361 -34.914820 -1144.247536 -863.905081 0.868483 -0.153785 -0.471262 -0.490063 -0.409561 -0.769479 0.074676 -0.899227 0.431061
-4.846069 -36.938251 -1879.329247 -757.503222 0.851870 -0.213585 -0.478225 -0.523753 -0.346139 -0.778377 -0.000718 -0.913547 0.406732
-12.782438 -36.192133 -524.159313 -488.243700 0.855439 -0.130625 -0.501160 -0.514807 -0.320127 -0.795294 0.056550 -0.938326 0.341095
-8.260669 -39.426392 -1276.145368 -487.336297 0.837425 -0.207190 -0.505758 -0.541233 -0.185575 -0.820140 -0.076069 -0.960539 0.267543
-11.821720 -37.711354 -647.611232 -265.667108 0.826676 -0.161549 -0.538989 -0.561616 -0.178052 -0.808013 -0.034566 -0.970669 0.237920
3.039051 -63.149296 -612.039053 -2339.707919 -0.364180 -0.254808 0.895793 0.771656 0.455989 0.443419 -0.521459 0.852729 0.030562
2.011546 -58.997306 -128.248867 -1725.949105 -0.369758 -0.271116 0.888693 0.667019 0.588396 0.457030 -0.646812 0.761765 -0.036724
0.708682 -62.397856 -292.309791 -3194.228772 -0.375189 -0.269476 0.886914 0.747899 0.477251 0.461388 -0.547613 0.836429 0.022481
0.560400 -65.413592 -437.606410 -1882.861959 -0.364487 -0.260417 0.894054 0.834576 0.334540 0.437683 -0.413077 0.905685 0.095402
-0.560120 -293.919469 -2172.893274 11680.200989 -0.451311 0.483017 0.750342 0.866409 0.438510 0.238841 -0.213669 0.757894 -0.616394
1.436552 -181.871048 -2610.328661 -1152.641339 -0.399858 0.515237 0.758053 0.915883 0.192428 0.352320 0.035657 0.835166 -0.548841
0.165253 -323.466401 -2762.034576 -21083.764207 -0.347976 0.476745 0.807234 0.924702 0.032733 0.379282 0.154397 0.878432 -0.452237
3.694759 -203.875707 507.798434 -6270.311855 -0.398893 0.443568 0.802579 0.916163 0.230107 0.328171 -0.039113 0.866198 -0.498168
-12.131637 -207.562257 828.648702 11977.097253 0.327924 -0.381780 -0.864124 -0.027527 0.910453 -0.412695 0.944303 0.159120 0.288050
-10.341875 -260.273866 -867.999221 48784.251911 0.399846 -0.392526 -0.828279 -0.313152 0.790782 -0.525928 0.861428 0.469667 0.193271
-10.017147 -236.227147 -1451.562077 18619.089302 0.394368 -0.400326 -0.827172 0.103449 0.913743 -0.392903 0.913111 0.069378 0.401764
-2.901815 -303.288538 -2898.052365 68309.279529 0.417189 -0.353331 -0.837323 -0.364423 0.778979 -0.510282 0.832556 0.518024 0.196220
65.061448 -1559.261179 -13687.287715 -2176081.252321 0.239560 -0.386718 -0.890539 0.960800 -0.037415 0.274708 -0.139554 -0.921439 0.362595
36.192954 -3124.063591 -5468.701457 -610424.657512 0.088314 -0.508870 -0.856302 0.762015 0.588157 -0.270931 0.641508 -0.628588 0.439709
5.378471 -1153.582912 -2246.895010 20578.849982 0.053058 -0.570859 -0.819332 -0.151392 0.806406 -0.571656 0.987049 0.154372 -0.043637
52.030396 -1431.382455 -5867.345621 20493.088435 -0.095386 0.714662 0.692935 -0.679274 0.462120 -0.570115 0.727659 0.525074 -0.441372
-7.619472 -1006.037955 7964.403442 -107581.122269 0.127963 -0.445118 -0.886282 0.637811 0.721260 -0.270151 0.759488 -0.530711 0.376196
-1.460965 -25.071013 1583.060711 -845.647754 0.433840 0.542107 -0.719654 -0.473862 -0.542060 -0.693993 0.766314 -0.642099 -0.021717
1.407711 -28.068004 2709.033672 -692.368797 0.446429 0.578436 -0.682725 -0.520905 -0.452375 -0.723889 0.727571 -0.678800 -0.099357
6.686194 -25.058374 2353.063569 -969.128086 0.450575 0.548021 -0.704737 -0.447244 -0.544636 -0.709468 0.772629 -0.634858 0.000300
-0.527221 -21.862141 1416.396925 1240.740530 0.423514 0.522783 -0.739820 0.415996 0.613242 0.671477 0.804726 -0.592142 0.042240
-10.893300 -27.814327 446.120492 -496.408518 0.313231 0.163831 -0.935439 0.757913 0.550400 0.350182 0.572236 -0.818669 0.048233
-12.792701 -28.817752 381.527625 -437.686551 0.362726 0.163426 -0.917454 0.696428 0.606624 0.383399 0.619207 -0.778010 0.106224
-12.068013 -26.459476 21.773739 -750.973931 0.457752 0.187833 -0.869012 0.715375 0.502569 0.485452 0.527922 -0.843886 0.095680
-10.974024 -28.386859 348.881558 70.279882 0.291153 0.164529 -0.942422 0.687402 0.649154 0.325697 0.665364 -0.742650 0.075906
-10.113881 -25.461696 72.748505 -814.820744 0.392911 0.181404 -0.901506 0.775753 0.461037 0.430874 0.493790 -0.868641 0.040422
-9.684426 -26.808726 180.615397 -492.135500 0.346991 0.201087 -0.916057 0.798728 0.448575 0.401017 0.491560 -0.870830 -0.004962
-10.034929 -28.572333 365.002197 -314.373056 0.276510 0.187861 -0.942470 0.764023 0.551907 0.334166 0.582933 -0.812470 0.009077
-53.755951 -277.524141 3468.025192 -56322.829346 -0.393553 0.917269 0.061100 -0.882516 -0.395582 0.254324 -0.257454 -0.046168 -0.965187
-87.633456 -443.393659 -6920.228907 88705.430317 -0.737126 0.670633 0.083045 0.619791 0.719924 -0.312359 -0.269264 -0.178778 -0.946327
-202.308499 -1056.700378 -31833.161229 256804.474066 -0.745085 0.631574 0.214391 0.552815 0.764625 -0.331277 -0.373155 -0.128311 -0.918854
-40.807472 -69.729916 -251.399175 5068.415065 0.731889 -0.360401 -0.578315 0.610733 -0.029481 0.791288 0.302230 0.932331 -0.198532
-48.102681 -67.819458 1845.252797 1135.347169 0.792923 -0.455652 -0.404542 0.528370 0.183502 0.828946 0.303477 0.871039 -0.386256
-42.447483 -65.230642 314.285984 1180.550320 0.871251 -0.478747 -0.108274 0.265684 0.274500 0.924155 0.412715 0.833937 -0.366354
52.709176 -102.263947 -6818.584957 14067.179949 -0.584422 -0.240131 0.775105 0.747638 0.211951 0.629376 -0.315417 0.947319 0.055662
43.648425 -100.122932 3248.844718 15379.940474 -0.450111 -0.444788 0.774315 0.806320 0.170176 0.566469 -0.383729 0.879320 0.282044
47.188479 -120.801892 140.323600 14461.607095 -0.484924 -0.394958 0.780293 0.652393 0.430833 0.623511 -0.582437 0.811413 0.048746
43.959620 -73.649536 -5696.938362 4581.635557 -0.582951 -0.215635 0.783371 0.796327 0.039824 0.603554 -0.161344 0.975662 0.148500
41.295809 -75.388527 -3463.022897 2366.839875 -0.613878 -0.137283 0.777372 0.773392 0.092728 0.627110 -0.158176 0.986182 0.049250
10.034295 -21.627353 -1439.723925 -1385.419690 -0.561243 0.040175 0.826676 0.827467 0.048331 0.559431 -0.017479 0.998023 -0.060369
13.921991 -24.883663 204.329895 -1816.941843 -0.631159 -0.025863 0.775222 0.775002 0.019901 0.631645 -0.031764 0.999467 0.007483
11.362549 -19.438544 -603.220394 -1806.979609 -0.634864 -0.010365 0.772554 0.768396 0.095988 0.632735 -0.080715 0.995328 -0.052975
12.213371 -24.639148 1124.049645 -2105.401992 -0.668166 -0.076906 0.740027 0.738404 0.053352 0.672245 -0.091182 0.995610 0.021140
-18.985707 -44.525872 -925.109977 315.365051 0.483939 -0.849225 -0.211234 0.873957 0.481359 0.067034 0.044752 -0.217050 0.975134
-15.105991 -41.499108 1922.323751 561.971070 -0.544691 0.833255 0.094861 0.813350 0.552444 -0.182395 0.204387 0.022194 0.978639
-9.456766 -40.774599 2252.271569 718.625472 -0.603547 0.793955 0.073261 0.789683 0.607924 -0.082635 0.110146 -0.007979 0.993883
-19.313007 -43.029690 1481.627434 841.646757 -0.492138 0.857059 0.152479 0.851051 0.510530 -0.122766 0.183063 -0.069350 0.980652
2.019817 -7.676735 -1188.528571 -1291.544291 -0.583214 0.718589 0.378802 0.801026 0.431261 0.415177 0.134979 0.545567 -0.827126
2.790406 -3.031133 62.946918 -1350.292731 -0.566978 0.693226 0.444942 0.818681 0.414495 0.397435 0.091086 0.589603 -0.802541
4.954412 -3.653639 -684.269129 -998.977933 0.801269 -0.496631 -0.333655 0.594870 0.601621 0.533086 0.064013 0.625627 -0.777491
-10.065295 -46.066746 -125.354280 -3481.083607 -0.801334 0.202883 0.562764 0.179852 0.978918 -0.096815 -0.570542 0.023633 -0.820929
-6.577716 -44.603316 331.218049 1413.364196 -0.808141 0.113015 0.578044 0.075113 0.993180 -0.089166 -0.584179 -0.028640 -0.811119
-3.465125 -116.216428 -453.368401 8199.925794 0.945439 0.151516 -0.288422 0.291665 -0.788099 0.542062 0.145174 0.596610 0.789291
-3.604793 -123.663924 -955.980458 9611.527946 0.953579 0.142409 -0.265343 0.257367 -0.842896 0.472534 0.156364 0.518889 0.840419
-4.197906 -105.035347 543.537938 6730.462526 0.935029 0.145098 -0.323523 0.310413 -0.775951 0.549130 0.171360 0.613878 0.770577
-2.539463 -121.729682 -13.974473 9090.408639 0.927571 0.169055 -0.333214 0.366229 -0.588148 0.721081 0.074077 0.790887 0.607462
-1.418771 -130.380398 -661.065677 9120.706335 0.927398 0.202205 -0.314716 0.373469 -0.548398 0.748185 0.021303 0.811402 0.584100
-3.694730 -140.350988 -1210.295611 13881.170838 0.939449 0.173640 -0.295441 0.333898 -0.657834 0.675105 0.077126 0.732873 0.675980
9.049841 -86.188226 -163.970861 -1397.459647 0.678298 0.543727 0.494240 0.695287 -0.692512 -0.192364 0.237674 0.474119 -0.847775
11.765012 -91.772504 -1456.993349 2294.661947 0.694465 0.569178 0.440176 0.716834 -0.600168 -0.354891 0.062183 0.561992 -0.824802
8.677292 -94.434275 -803.725672 1004.439479 0.665287 0.606508 0.435364 0.732071 -0.644386 -0.220994 0.146508 0.465742 -0.872708
6.596951 -101.258348 -256.256734 2743.228381 -0.629646 -0.629512 -0.455258 -0.706770 0.707443 -0.000724 0.322525 0.321307 -0.890359
-3.033971 -55.404496 167.044535 -881.855736 0.776598 -0.586052 -0.231168 -0.531413 -0.412298 -0.740007 -0.338373 -0.697534 0.631626
-2.508297 -53.444708 -189.346810 -452.259642 0.782132 -0.588448 -0.204932 -0.541142 -0.478404 -0.691588 -0.308923 -0.651811 0.692610
-2.336338 -56.405745 -222.733502 -1042.739107 0.772306 -0.595981 -0.219887 -0.501082 -0.358773 -0.787527 -0.390461 -0.718393 0.575718
-2.517098 -58.008948 157.774504 -743.964871 0.772791 -0.587489 -0.240107 -0.465812 -0.268079 -0.843299 -0.431061 -0.763538 0.480828
-3.163666 -55.635503 259.876600 -1025.758645 0.780035 -0.575317 -0.246080 -0.504873 -0.346332 -0.790669 -0.369660 -0.740989 0.560613
23.435190 -95.328404 -2935.953977 -5524.874649 0.819527 -0.370063 -0.437526 -0.414120 0.145268 -0.898555 -0.396081 -0.917579 0.034200
9.105297 -92.719706 -997.084230 1702.668065 0.834937 -0.387189 -0.391107 -0.213850 0.426559 -0.878815 -0.507098 -0.817393 -0.273350
11.411573 -93.309297 -1196.886334 -1963.210241 0.834228 -0.418274 -0.359320 -0.304656 0.193527 -0.932594 -0.459618 -0.887465 -0.034016
-9.018071 -155.659223 294.603888 -5531.452054 0.739015 0.595457 0.315099 0.606685 -0.384881 -0.695557 0.292899 -0.705193 0.645688
-10.345441 -174.994046 246.692895 1857.073283 0.788526 0.558208 0.258131 0.588907 -0.564374 -0.578507 0.177245 -0.608183 0.773756
-9.798175 -155.907123 -42.884171 851.386026 0.792265 0.547657 0.269051 0.606762 -0.660519 -0.442215 0.064469 -0.513602 0.855603
-8.489425 -225.520282 216.862632 20444.468638 0.822128 0.515843 0.240858 0.568323 -0.768463 -0.294064 -0.033400 -0.378644 0.924940
-7.942857 -141.662332 83.447042 -6539.848694 0.752601 0.574613 0.321578 0.625434 -0.471033 -0.622061 0.205971 -0.669289 0.713882
-8.500067 -182.424708 578.158401 13405.656428 0.835544 0.493359 0.241790 0.537752 -0.824571 -0.175798 -0.112642 -0.276910 0.954271
-8.867877 -189.863501 -60.493955 17556.976608 0.830046 0.488532 0.268998 0.539452 -0.825681 -0.165051 -0.141474 -0.282111 0.948893
9.772134 -71.634775 3018.020884 -179.036215 0.902488 0.174430 0.393814 -0.430660 0.350851 0.831526 -0.006872 0.920042 -0.391759
17.498074 -71.910725 3396.284060 4256.981559 0.864584 0.214064 0.454611 -0.494160 0.198170 0.846484 -0.091112 0.956507 -0.277116
15.923437 -76.084268 962.118666 1061.242222 0.802508 0.363450 0.473166 -0.591099 0.376461 0.713358 -0.081142 0.852163 -0.516948
46.758365 -1158.040970 24808.360248 -47825.547684 0.491089 0.802808 0.338129 0.843875 -0.534734 0.043980 0.216117 0.263740 -0.940072
19.489361 -508.899900 3825.791778 -4396.770813 0.517294 0.795178 0.316384 0.807741 -0.331498 -0.487508 -0.282775 0.507741 -0.813780
0.024482 -324.967314 -112.772252 -17106.089696 0.419153 0.852314 0.312845 -0.773298 0.515692 -0.368879 0.475732 0.087306 -0.875246
34.205057 5.849133 1261.527514 -2177.827016 0.565884 0.418543 -0.710350 0.310348 0.690070 0.653826 0.763845 -0.590445 0.260605
35.328476 10.336442 -1036.865963 -2782.744640 0.668405 0.296548 -0.682125 0.334172 0.699588 0.631590 0.664503 -0.650104 0.368510
36.170648 0.464999 -837.975702 5768.851634 0.685420 0.370418 -0.626889 -0.322103 -0.617877 -0.717270 0.653030 -0.693555 0.304193
-0.961260 -63.535895 541.163148 1734.404203 0.891476 -0.276506 -0.358908 0.424214 0.231235 0.875542 0.159100 0.932778 -0.323438
-0.826751 -62.793695 345.939105 2545.009441 0.886298 -0.274885 -0.372712 0.447161 0.298518 0.843169 0.120513 0.913961 -0.387494
-0.077375 -61.283988 -451.327936 1597.183178 0.897353 -0.241450 -0.369403 0.415080 0.177480 0.892306 0.149885 0.954045 -0.259484
-0.753375 -56.156196 598.696349 966.285544 0.907229 -0.268937 -0.323432 0.356570 0.083800 0.930503 0.223143 0.959505 -0.171920
-1.708592 -60.766516 21.330597 1367.257521 0.901203 -0.261429 -0.345670 0.406692 0.234472 0.882963 0.149783 0.936311 -0.317628
-15.545554 -25.004039 1680.693962 -1781.626599 0.473720 0.337259 0.813539 0.695325 0.423687 -0.580528 -0.540474 0.840682 -0.033796
-17.881289 -22.530321 36.897987 2794.263903 0.742440 0.578643 0.337573 -0.284042 -0.184464 0.940900 -0.606716 0.794446 -0.027406
-7.779805 -15.287463 3857.475239 -1789.132147 0.074679 0.006379 0.997187 0.785387 0.615816 -0.062756 -0.614484 0.787864 0.040979
-21.830116 -28.182326 747.634498 817.777319 0.739730 0.518375 0.429054 -0.419749 -0.142888 0.896322 -0.525937 0.843131 -0.111889
-29.506458 -92.943838 -2836.613528 -11423.658726 -0.177958 0.980660 0.081466 -0.221635 0.040716 -0.974279 0.958754 0.191437 -0.210103
-26.400712 -1453.038552 -4776.324999 -379141.327134 -0.195339 0.965128 0.174269 -0.336632 0.100915 -0.936213 0.921152 0.241544 -0.305181
-47.441471 -762.355683 20660.216039 -221163.930239 -0.298535 0.098878 -0.949263 -0.205274 0.964688 0.165041 0.932062 0.244130 -0.267696
-62.599942 -383.964878 7283.215941 80399.991243 -0.297240 0.736537 -0.607587 -0.058176 -0.649136 -0.758444 0.953029 0.190093 -0.235798
-1.359325 -54.076119 -130.420636 -2229.684466 0.849567 -0.339740 -0.403501 0.437265 0.881440 0.178502 -0.295018 0.328086 -0.897398
-2.508975 -55.171093 -928.649431 -2814.734599 0.851371 -0.321625 -0.414397 0.455717 0.844725 0.280646 -0.259789 0.427781 -0.865744
-2.479099 -47.567645 -678.787565 -1282.280837 0.837700 -0.353714 -0.416108 0.453390 0.875181 0.168806 -0.304460 0.330068 -0.893509
-25.635577 -35.579454 1903.486115 1364.146700 -0.743830 0.663807 0.077957 -0.536638 -0.662678 0.522377 -0.398417 -0.346725 -0.849144
-14.855691 -33.543890 2635.850567 -2119.974540 -0.859683 0.413180 0.300380 0.209915 0.821823 -0.529662 -0.465705 -0.392287 -0.793240
-8.435969 -45.449601 2317.946438 -4315.081310 -0.886840 0.253636 0.386243 0.080647 0.908016 -0.411099 -0.454984 -0.333430 -0.825720
2.799135 -6.921606 946.296179 -583.332395 0.943491 0.192522 0.269740 -0.305752 0.819654 0.484440 0.127828 0.539539 -0.832200
5.543372 -9.700252 -426.266280 189.892932 0.929558 0.277127 0.243151 -0.363105 0.802395 0.473622 0.063850 0.528549 -0.846498
5.584037 -8.865645 479.765025 481.465481 0.832511 0.430560 0.348631 -0.545960 0.744481 0.384286 0.094091 0.510261 -0.854857
-13.753969 -31.144501 87.137706 -1916.792664 0.447703 0.751328 -0.484838 -0.028536 0.553943 0.832066 -0.893727 0.358683 -0.269442
-2.416768 -28.032583 -2569.572572 -2144.409786 0.377332 0.832119 -0.406446 -0.145636 0.486748 0.861317 -0.914555 0.265810 -0.304852
2.189442 -21.226806 -1843.102839 -1918.210047 0.406228 0.786373 -0.465399 -0.201910 0.573974 0.793591 -0.891185 0.228410 -0.391941
-4.928774 -48.185883 78.100038 -2708.065213 -0.372073 -0.123303 0.919977 -0.336439 0.941654 -0.009860 -0.865084 -0.313185 -0.391848
-3.604690 -46.384198 227.682541 -2276.328236 -0.364086 -0.103068 0.925645 -0.394140 0.917529 -0.052863 -0.843857 -0.384080 -0.374683
-4.190714 -50.016128 261.881462 -3944.765462 -0.342010 -0.138949 0.929367 -0.338811 0.940719 0.015962 -0.876491 -0.309421 -0.368813
0.436952 -70.560940 243.779292 -6165.143483 -0.186010 -0.429739 0.883586 -0.546906 0.792377 0.270245 -0.816268 -0.432970 -0.382417
5.195069 -71.811022 582.184582 -2512.144864 -0.207646 -0.422412 0.882299 -0.630422 0.747452 0.209484 -0.747964 -0.512722 -0.421503
2.047610 -79.946415 1535.975833 -5214.935963 -0.157432 -0.472227 0.867304 -0.454895 0.814208 0.360745 -0.876519 -0.337740 -0.342996
-3.439884 -88.426168 638.204235 -6108.500410 -0.160940 -0.471961 0.866805 -0.282928 0.863456 0.417606 -0.945542 -0.178034 -0.272496
-13.717181 -34.041700 -534.758127 -971.379592 0.871473 -0.103064 -0.479492 -0.473102 -0.434341 -0.766500 0.129264 -0.894833 0.427276
2.690644 -55.177887 -51.954431 161.822158 -0.379724 -0.282612 0.880875 0.586158 0.663162 0.465442 -0.715702 0.693071 -0.086163
1.165755 -62.126797 153.053817 3033.886494 -0.367911 -0.266134 0.890963 0.577577 0.685507 0.443266 -0.728729 0.677682 -0.098492
-4.416858 -87.923156 -401.810003 3275.571702 0.404932 0.141978 -0.903256 0.696574 -0.687825 0.204161 -0.592296 -0.711856 -0.377420
-4.216428 -82.703175 -501.301861 2383.222502 0.437188 0.095168 -0.894321 0.801386 -0.492574 0.339340 -0.408225 -0.865051 -0.291614
-2.977655 -90.580738 -224.777796 3568.158780 0.419979 0.115715 -0.900127 0.728458 -0.634528 0.258310 -0.541265 -0.764189 -0.350782
-3.049440 -100.746626 305.350715 -3607.553510 -0.390156 -0.159679 0.906797 -0.569440 0.815760 -0.101357 -0.723545 -0.555912 -0.409201
-4.387727 -262.667867 1447.715044 -26200.124527 -0.430374 0.416052 0.801049 0.094931 0.903381 -0.418199 -0.897645 -0.103937 -0.428288
-5.617781 -228.600504 -94.740595 1462.978252 -0.455019 0.440400 0.773955 0.193473 0.897272 -0.396825 -0.869210 -0.030824 -0.493481
-7.155444 -252.157855 1275.422666 -35165.378067 -0.429206 0.426429 0.796204 -0.260006 0.785881 -0.561060 -0.864973 -0.447828 -0.226431
-3.422217 -214.253137 486.509398 5801.584591 -0.431732 0.460711 0.775469 0.473613 0.847458 -0.239802 -0.767658 0.263742 -0.584074
-3.207607 -223.203743 1267.622504 -33078.788302 -0.400938 0.447219 0.799527 -0.261440 0.780595 -0.567733 -0.878008 -0.436655 -0.196049
-5.018183 -370.846462 2500.142822 -61279.378020 -0.403965 0.458428 0.791616 0.021959 0.869977 -0.492602 -0.914511 -0.181611 -0.361507
-2.820101 -278.582752 927.322473 20164.687510 -0.418808 0.462733 0.781331 0.503209 0.834497 -0.224491 -0.755898 0.299154 -0.582345
-8.101010 -179.667668 347.992716 -16291.599635 0.282869 -0.433846 -0.855431 0.868372 0.494581 0.036313 0.407326 -0.753105 0.516642
-8.402252 -139.257545 113.921095 -9271.782026 0.294971 -0.448368 -0.843776 0.952481 0.208191 0.222344 0.075975 -0.869265 0.488472
-8.592760 -141.197059 -352.119838 -5550.716247 0.292185 -0.434885 -0.851764 0.941048 0.289479 0.175013 0.170457 -0.852688 0.493830
-8.933869 -175.157152 -536.942680 -12891.183755 0.288236 -0.445819 -0.847446 0.840673 0.541542 0.001041 0.458464 -0.712725 0.530881
-11.608740 -181.119625 795.283280 16321.558364 0.328548 -0.371441 -0.868383 -0.388800 0.784718 -0.482754 0.860750 0.496235 0.113401
-8.105405 -176.523022 -803.079322 27639.954124 0.402192 -0.380364 -0.832805 -0.577070 0.600871 -0.553122 0.710797 0.703048 0.022169
-4.063138 -171.084865 -2293.382530 30065.378964 0.424967 -0.339814 -0.839005 -0.565007 0.624569 -0.539147 0.707227 0.703164 0.073424
-300.287806 -2459.116209 -80664.067931 -3616548.573956 0.220106 -0.551218 -0.804805 0.843399 -0.307010 0.440935 -0.490135 -0.775824 0.397322
-29.943166 -3196.256200 -6745.337025 1464542.523764 0.076542 -0.560648 -0.824509 -0.243844 0.791299 -0.560702 0.966789 0.243969 -0.076143
3.595735 -31.857431 3624.033909 662.646047 0.486544 0.600086 -0.634958 0.583898 0.317270 0.747264 0.649875 -0.734328 -0.196023
10.388671 -29.870225 3111.826372 565.042497 0.482490 0.563247 -0.670788 0.533572 0.418327 0.735053 0.694625 -0.712569 -0.098694
-13.995186 -28.134951 153.050362 -798.619294 0.496884 0.202077 -0.843962 0.649536 0.558337 0.516103 0.575508 -0.804627 0.146172
-14.850963 -29.193675 501.438113 -133.963465 0.420102 0.187074 -0.887985 0.618906 0.656572 0.431124 0.663678 -0.730696 0.160046
-13.099376 -28.507512 752.727729 360.116516 0.343372 0.187103 -0.920374 0.614667 0.696174 0.370845 0.710127 -0.693061 0.124041
-99.831525 -1925.662151 -15399.707316 537644.108812 -0.562844 0.825617 -0.039546 -0.015471 0.037312 0.999184 -0.826419 -0.562996 0.008228
1429.375383 -6776.628428 155778.215337 1452063.731650 -0.206012 0.975989 0.070749 0.846045 0.141321 0.514039 -0.491698 -0.165755 0.854844
-150.598857 -1103.803160 33582.210184 362262.310624 0.298647 -0.655434 0.693697 0.448825 0.737929 0.504000 -0.842238 0.160831 0.514556
-25.246549 -67.514306 -4684.740604 2500.041759 0.782280 -0.219034 -0.583149 0.604562 0.041317 0.795486 0.150145 0.974842 -0.164741
-11.319334 -66.411021 -6514.362114 4597.637782 0.825064 -0.109222 -0.554382 0.548661 -0.079651 0.832242 0.135056 0.990821 0.005791
-18.127087 -65.083689 -4010.900498 9748.517746 0.826113 -0.163263 -0.539335 0.482234 -0.290330 0.826535 0.291527 0.942897 0.161114
12.305854 -48.769383 12168.874073 1380.584012 -0.409731 -0.655261 0.634629 0.876380 -0.089703 0.473192 -0.253136 0.750058 0.611012
21.587808 -50.814740 3598.560715 -736.984453 -0.575306 -0.475911 0.665231 0.813971 -0.253105 0.522866 -0.080465 0.842286 0.532991
1.713470 -43.165084 9716.242736 740.380312 -0.565195 -0.604996 0.560834 0.815924 -0.309624 0.488264 -0.121750 0.733562 0.668628
7.754607 -26.018017 -1802.238368 -1262.700639 -0.456913 0.083757 0.885560 0.887546 -0.023223 0.460134 0.059105 0.996216 -0.063727
-15.135983 -43.734981 -2294.696482 -702.400549 0.532702 -0.828185 -0.174176 0.828845 0.468958 0.305114 -0.171010 -0.306900 0.936252
-9.576541 -40.909057 -3717.723050 -1309.400544 0.593339 -0.797364 -0.110273 0.750395 0.498333 0.434248 -0.291301 -0.340405 0.894018
-10.975721 -42.387479 -3111.051465 -957.404916 0.546835 -0.818605 -0.175664 0.769157 0.408309 0.491611 -0.330710 -0.403943 0.852913
-18.082464 -44.473214 -1044.820890 -922.994583 0.441964 -0.849571 -0.287920 0.871002 0.329671 0.364241 -0.214529 -0.411760 0.885681
-19.189457 -44.698927 -716.868510 -256.064384 0.444343 -0.853044 -0.273633 0.892605 0.395569 0.216291 -0.076265 -0.340353 0.937200
-0.689138 -12.487448 1390.516465 -1057.917934 0.727901 -0.623965 -0.284301 0.664477 0.539586 0.517027 0.169202 0.565256 -0.807376
0.783411 -60.018114 1302.476268 -1317.556310 -0.791114 -0.233237 0.565455 -0.106280 0.962799 0.248439 -0.602365 0.136447 -0.786472
-0.807825 -55.341718 1242.972789 5471.129343 -0.808108 -0.001833 0.589032 -0.016039 0.999693 -0.018893 -0.588816 -0.024715 -0.807889
0.264811 -61.471958 1263.066414 4840.405789 -0.810695 -0.047486 0.583540 -0.043607 0.998834 0.020698 -0.583842 -0.008667 -0.811821
-3.115260 -115.377685 -931.076671 524.243877 0.970966 0.107351 -0.213776 0.173377 -0.931523 0.319695 0.164818 0.347477 0.923090
2.356670 -13.039520 4542.481802 1701.271188 -0.416380 -0.428986 0.801623 0.613397 0.518252 0.595953 -0.671097 0.739856 0.047349
6.303824 -13.545165 2701.189746 2482.949628 -0.388144 -0.358096 0.849183 0.652793 0.543591 0.527608 -0.650542 0.759129 0.022771
8.211651 -88.376761 -312.174537 3556.488195 -0.655099 -0.539911 -0.528528 -0.638479 0.769622 0.005184 0.403967 0.340850 -0.848900
11.986149 -82.002865 -443.813868 -2643.437198 0.712159 0.513439 0.478760 -0.694280 0.616095 0.372025 0.103949 0.597334 -0.795227
8.235043 -83.106893 1383.913981 692.613719 0.698889 0.481774 0.528629 -0.672261 0.694804 0.255562 0.244171 0.533986 -0.809469
-2.589318 -48.268689 503.118181 -903.387055 0.823471 -0.532296 -0.196361 -0.554764 -0.682911 -0.475257 -0.118880 -0.500294 0.857656
-1.682416 -45.143224 509.345511 -1175.439285 0.849447 -0.497495 -0.175895 -0.526885 -0.781443 -0.334274 -0.028847 -0.376624 0.925917
0.213413 -41.520188 399.653765 -911.869379 0.872133 -0.464021 -0.155137 -0.488533 -0.808514 -0.328085 -0.026808 -0.361923 0.931822
-7.391461 -166.122815 52.409699 -2542.365184 0.740372 0.596774 0.309370 0.532847 -0.240468 -0.811326 0.409784 -0.765530 0.496025
-4.891757 -156.848851 1260.345145 -2425.845530 0.754102 0.610351 0.242492 0.582171 -0.450326 -0.676967 0.303987 -0.651674 0.694920
-5.796687 -153.369962 280.222787 6528.148523 0.782370 0.575426 0.238288 0.609543 -0.628879 -0.482668 0.127886 -0.522872 0.842763
7.877497 -69.715066 452.650387 177.126728 0.935882 0.163301 0.312183 -0.349107 0.310563 0.884124 -0.047426 0.936421 -0.347660
2.752473 -58.492194 -1319.740649 -5050.554762 0.928285 0.199434 0.313868 -0.361574 0.681292 0.636479 0.086900 0.704320 -0.704544
5.063232 -67.340206 -1479.254198 -4730.290190 0.945544 0.176882 0.273240 -0.325213 0.548324 0.770439 0.013548 0.817345 -0.575989
29.710936 -30.258326 -2002.424587 -1279.586944 0.689790 0.180009 -0.701275 0.293622 0.815818 0.498224 0.661797 -0.549579 0.509889
31.167886 -24.777227 -441.600992 -1627.497365 0.628111 0.276762 -0.727241 0.275275 0.795137 0.540353 0.727805 -0.539593 0.423249
34.892878 -20.899231 -2331.709714 -2132.541277 0.689209 0.257262 -0.677353 0.295721 0.753564 0.587104 0.661468 -0.604945 0.443285
-0.124243 -57.590909 -1005.869367 1244.920113 0.905505 -0.228773 -0.357386 0.376333 0.043841 0.925447 0.196049 0.972492 -0.125793
0.332984 -62.827800 -568.205302 1504.294338 0.898842 -0.239496 -0.367049 0.409527 0.160644 0.898043 0.156113 0.957515 -0.242473
5.511578 -21.596128 3017.100170 -1301.147232 0.073813 0.026083 0.996931 0.871291 0.484659 -0.077191 -0.485185 0.874314 0.013048
-2.048303 -27.203380 766.705535 -965.055695 0.256031 0.138770 0.956656 0.878940 0.378527 -0.290140 -0.402383 0.915129 -0.025056
-2.483215 -368.614022 848.944857 -80200.282111 -0.134177 0.961110 0.241379 -0.384291 0.174054 -0.906656 0.913409 0.214412 -0.345992
-9.199534 -44.579518 -1891.194017 -5567.816639 -0.864179 0.391200 0.316476 0.144749 0.795631 -0.588233 -0.481916 -0.462529 -0.744194
-8.932790 -61.785508 -3919.823928 -5660.061918 -0.881283 0.310954 0.355875 0.143826 0.893789 -0.424800 -0.450171 -0.323185 -0.832405
-8.137591 -55.606705 -2865.059710 -4241.197840 -0.902209 0.288451 0.320647 0.149268 0.906330 -0.395328 -0.404645 -0.308806 -0.860756
-16.330918 -52.936066 -1146.107904 -6690.138268 -0.813684 0.457530 0.358586 0.148399 0.759914 -0.632857 -0.562046 -0.461732 -0.686227
-6.645571 -45.231352 -1226.031715 -4633.513678 -0.898421 0.289797 0.329934 0.105257 0.871538 -0.478897 -0.426333 -0.395523 -0.813512
-7.281134 -29.235377 1214.773676 -3934.310185 0.854781 -0.462839 -0.234796 0.203510 0.715098 -0.668744 -0.477423 -0.523847 -0.705444
-10.140777 -35.733154 1450.896700 -2190.558063 0.774856 -0.619626 -0.125151 0.322266 0.557525 -0.765056 -0.543823 -0.552476 -0.631685
4.917128 -7.870779 -621.957994 544.574970 0.984569 0.099455 0.143987 -0.164142 0.810118 0.562820 0.060671 0.577770 -0.813942
-18.043068 -32.803314 896.846670 -500.918978 0.471867 0.653713 -0.591609 0.135491 0.609274 0.781299 -0.871197 0.448827 -0.198924
-14.307048 -34.064137 -1051.715658 -754.452611 0.432796 0.808282 -0.399208 0.029193 0.430032 0.902342 -0.901019 0.402184 -0.162520
-6.791858 -33.753114 -2812.024927 -1966.682750 0.371645 0.855171 -0.361334 -0.071603 0.414456 0.907248 -0.925609 0.311302 -0.215263
-2.915912 -37.903205 -33.308301 -49.480207 -0.407253 -0.044815 0.912215 -0.438506 0.885738 -0.152254 -0.801160 -0.462018 -0.380371
-1.476526 -36.022056 68.819919 -815.847980 -0.403612 -0.035468 0.914243 -0.537782 0.817606 -0.205696 -0.740195 -0.574685 -0.349069
-2.404222 -43.438517 310.231606 -814.382534 -0.367976 -0.084311 0.926005 -0.436224 0.895138 -0.091846 -0.821159 -0.437743 -0.366168
