19367
38722
-32.971722 -52.590425 -548.708481 -5907.579860 -0.458772 0.204676 0.864659 0.762327 0.590597 0.264675 -0.456492 0.780579 -0.426980
-38.419050 -63.875246 -600.722859 -5300.855970 -0.338234 0.271208 0.901135 0.870017 0.455115 0.189581 -0.358704 0.848125 -0.389891
-39.580199 -67.819575 243.287706 -8688.591803 -0.102502 0.446736 0.888775 0.920086 0.382164 -0.085979 -0.378068 0.808936 -0.450208
-34.558730 -54.298504 -437.396247 -5185.905454 -0.562754 0.021310 0.826349 0.688083 0.566065 0.453995 -0.458093 0.824085 -0.333219
-30.422347 -50.966712 -1085.500052 -7947.769080 -0.278721 0.405448 0.870590 0.829159 0.558990 0.005126 -0.484573 0.723286 -0.491983
-27.362753 -42.544208 -46.557778 -4045.345778 0.650691 -0.015188 -0.759190 0.552324 0.695573 0.459474 -0.521094 0.718295 -0.460992
-28.709404 -44.613249 -798.173568 -2229.106521 0.717502 0.150583 -0.680085 0.457788 0.633939 0.623339 -0.524997 0.758582 -0.385917
89.620414 -69.732449 -16832.570688 8093.671657 0.025044 0.834952 0.549753 -0.448443 -0.482108 0.752643 -0.893461 0.265382 -0.362354
109.534193 -66.094407 -22510.598664 3975.236677 0.010193 0.788660 0.614745 -0.340562 -0.575285 0.743683 -0.940167 0.216939 -0.262724
77.638039 -53.869998 -7516.058226 3697.258007 -0.138845 0.787011 0.601112 -0.402575 -0.599429 0.691822 -0.904796 0.145937 -0.400059
21.182199 -6.621351 4813.712483 -3247.738076 -0.699993 -0.602032 0.384144 -0.247164 0.708892 0.660592 -0.670014 0.367463 -0.645021
13.385989 -17.201572 6162.282272 -6644.686729 -0.669051 -0.235713 0.704848 0.119221 0.902055 0.414829 -0.733592 0.361574 -0.575419
27.165318 -12.212266 12471.340827 -1264.032450 -0.665607 -0.518936 0.536351 -0.140676 0.793036 0.592710 -0.732924 0.319060 -0.600852
35.892901 -12.639076 8033.587099 -2083.006169 -0.672823 -0.658456 0.337260 -0.320790 0.670458 0.669014 -0.666635 0.341939 -0.662326
1.257543 -22.520787 -4254.925437 -24058.273469 0.205354 0.906523 0.368842 -0.807992 -0.055623 0.586562 -0.552248 0.418475 -0.721041
-58.024233 -92.791254 872.668976 2050.599381 -0.512181 0.784470 -0.349683 -0.436960 -0.588512 -0.680236 0.739417 0.195606 -0.644206
-56.516174 -92.466014 69.448438 3223.402757 -0.411173 0.819644 -0.398900 -0.489073 -0.567647 -0.662258 0.769250 0.077211 -0.634266
-55.698876 -83.295934 -37.188259 7581.540879 -0.466496 0.803594 -0.369617 -0.598534 -0.594456 -0.537009 0.651259 0.029284 -0.758290
-54.551827 -76.339426 505.283160 -8097.982614 -0.619309 0.704438 -0.346732 0.569420 0.707027 0.419374 0.540572 0.062286 -0.838989
-56.732447 -88.799673 684.601108 3290.647158 -0.618105 0.718548 -0.318802 -0.477883 -0.665478 -0.573382 0.624158 0.202061 -0.754717
-51.303355 -58.697398 -4005.908854 9664.003101 -0.172970 0.965104 -0.196612 -0.835708 -0.249450 -0.489252 0.521223 -0.079684 -0.849692
-46.386585 -67.715767 -4902.883327 9325.806112 -0.128684 0.948102 -0.290764 -0.777394 -0.278484 -0.564009 0.615711 -0.153459 -0.772885
23.456474 -61.172713 -336.115080 10430.667716 0.237410 0.967843 0.083161 -0.408170 0.021705 0.912648 -0.881495 0.250615 -0.400198
22.258332 -40.258277 -2591.555158 5513.677856 0.234846 0.970908 0.046749 -0.306614 0.028355 0.951411 -0.922407 0.237769 -0.304353
27.231671 -49.614905 3498.571547 7125.452313 0.226951 0.972908 0.044080 -0.362666 0.042420 0.930953 -0.903862 0.227267 -0.362468
31.122033 -79.286340 5817.421530 15570.253891 0.205818 0.975166 0.081795 -0.456948 0.021857 0.889225 -0.865354 0.220395 -0.450098
23.452872 -97.295875 3521.828754 16278.689868 0.200460 0.968570 0.147269 -0.555776 -0.011365 0.831254 -0.806802 0.248482 -0.536030
22.450494 -73.034417 -1766.914804 12422.556617 0.249769 0.960658 0.121452 -0.470384 0.010742 0.882397 -0.846377 0.277525 -0.454561
24.504532 -43.869758 6758.532756 -318.885690 0.448271 -0.141781 0.882582 0.882277 0.228860 -0.411352 -0.143666 0.963079 0.227681
20.926916 -43.989615 9013.198174 -141.383014 0.427894 -0.183483 0.885009 0.903387 0.117458 -0.412427 -0.028278 0.975980 0.216016
10.025981 -43.330859 7061.926211 -245.543606 0.422731 -0.188448 0.886446 0.898503 0.214822 -0.382812 -0.118288 0.958300 0.260133
11.129351 -43.206669 7358.992717 -343.688089 0.437711 -0.179891 0.880936 0.872773 0.320439 -0.368220 -0.216047 0.930031 0.297264
21.363060 -43.606195 6214.178154 -101.798115 0.451094 -0.137556 0.881812 0.858518 0.336842 -0.386633 -0.243848 0.931459 0.270042
29.122093 -43.221512 1238.083088 -422.511103 0.453770 -0.032053 0.890542 0.849740 0.316556 -0.421585 -0.268394 0.948032 0.170881
4.696275 -46.266606 -4092.030328 -1124.679562 0.395353 0.163861 0.903795 0.359992 0.877599 -0.316585 -0.845045 0.450522 0.287973
4.578359 -48.036859 -4256.464625 -763.203953 0.388716 0.146195 0.909685 0.459633 0.824930 -0.328979 -0.798522 0.546001 0.253467
11.574659 -43.404297 -2585.505556 -482.963148 0.437832 0.167487 0.883318 0.381443 0.855079 -0.351201 -0.814128 0.490702 0.310494
12.128311 -41.610735 -3306.208999 -1896.298641 0.440910 0.216704 0.870998 0.257779 0.898959 -0.354151 -0.859737 0.380674 0.340498
0.951466 -44.867968 23.237277 -5082.852807 0.753274 -0.213040 -0.622248 0.599168 0.612459 0.515646 -0.271248 0.761254 -0.588997
0.495458 -45.969213 -201.806376 -214.585539 0.738105 -0.222735 -0.636859 0.606167 0.633397 0.481009 -0.296247 0.741078 -0.602528
0.931611 -47.624662 350.427835 1274.812559 0.732576 -0.237362 -0.637959 0.614993 0.632506 0.470871 -0.291746 0.737289 -0.609335
1.059025 -61.499309 -1150.662670 -228.382173 -0.795135 -0.003712 0.606421 0.048454 0.996395 0.069632 -0.604494 0.084751 -0.792089
-1.544464 -58.862483 -1115.625910 -679.340818 -0.801671 -0.036060 0.596677 -0.010411 0.998870 0.046378 -0.597675 0.030968 -0.801140
-1.992171 -58.296583 -578.555756 717.058279 -0.792501 -0.000662 0.609870 0.114961 0.981910 0.150453 -0.598937 0.189345 -0.778089
0.260487 -61.057630 -914.811182 630.314817 -0.791875 0.019486 0.610372 0.152781 0.974028 0.167116 -0.591263 0.225588 -0.774285
58.528838 -71.696401 -2495.492980 -7406.862091 -0.309310 0.271760 0.911303 -0.350194 0.858403 -0.374845 -0.884133 -0.435076 -0.170343
59.200338 -71.534409 4890.419665 -9448.913473 -0.121251 0.392633 0.911667 -0.472815 0.784712 -0.400841 -0.872780 -0.479652 0.090496
67.169411 -60.597064 -4563.103141 -8595.033792 -0.290616 0.227714 0.929348 -0.538883 0.763634 -0.355624 -0.790663 -0.604160 -0.099213
62.731553 -53.992697 -5143.337407 -7518.952970 -0.357481 0.135972 0.923969 -0.484723 0.818641 -0.308010 -0.798280 -0.557977 -0.226740
-14.477433 -75.704362 1099.322504 2697.212233 0.355991 -0.407183 -0.841114 0.708317 -0.469537 0.527089 -0.609555 -0.783414 0.121264
-12.762342 -76.204544 2766.020232 1391.896807 0.370207 -0.379433 -0.847925 0.761548 -0.398746 0.510927 -0.531969 -0.834885 0.141338
-14.946528 -72.985833 -396.243379 1067.332363 0.336512 -0.428168 -0.838708 0.791053 -0.354660 0.498449 -0.510876 -0.831197 0.219356
-11.308750 -79.922741 2344.029204 2518.681557 0.381277 -0.381578 -0.842037 0.645439 -0.542216 0.537968 -0.661843 -0.748598 0.039551
-16.608321 -75.728531 -1914.682506 2988.991012 0.316425 -0.449054 -0.835599 0.720109 -0.459696 0.519733 -0.617510 -0.766179 0.177908
-14.550013 -78.469873 139.231137 -1855.659622 -0.328913 0.435737 0.837824 -0.614558 0.574859 -0.540237 -0.717032 -0.692583 0.078707
6.218865 -110.578797 2670.986035 10082.417346 0.163255 -0.408079 -0.898231 0.272990 0.893583 -0.356351 0.948063 -0.187032 0.257284
4.326360 -117.915670 890.008560 8878.211094 0.161346 -0.409843 -0.897773 0.437804 0.845005 -0.307072 0.884474 -0.343504 0.315769
5.267648 -124.893085 2058.962143 9547.626674 0.165783 -0.397610 -0.902453 0.499393 0.822952 -0.270843 0.850366 -0.405778 0.334996
8.387898 -110.652013 1502.994613 8185.604644 0.192490 -0.401071 -0.895595 0.319416 0.888568 -0.329272 0.927858 -0.222686 0.299149
-3.005325 -7.210847 238.495122 -3408.316074 0.625070 -0.010530 0.780497 -0.085192 0.993015 0.081624 -0.775905 -0.117513 0.619808
4.349565 -6.435161 3614.511808 -2470.331520 0.539777 -0.625747 0.563100 0.324994 0.771961 0.546311 -0.776543 -0.111882 0.620051
-4.589339 -11.593039 1141.719683 -2820.195937 0.633356 -0.148512 0.759477 0.024217 0.984735 0.172365 -0.773482 -0.090776 0.627284
-5.911390 -14.326838 -1361.386095 -3293.631807 0.544635 0.378059 0.748628 -0.304344 0.920879 -0.243633 -0.781504 -0.095150 0.616603
-9.170050 -42.999903 -266.268982 -1221.076839 0.601425 0.036874 -0.798078 0.167629 0.970875 0.171181 0.781146 -0.236733 0.577727
-8.179583 -42.460949 229.087073 1384.425437 0.602128 0.082421 -0.794134 0.191164 0.950842 0.243630 0.775177 -0.298506 0.556772
-8.222037 -43.646449 566.211711 -1771.494507 0.583109 0.052739 -0.810680 0.201844 0.957195 0.207453 0.786920 -0.284599 0.547504
-7.165255 -44.286914 77.908333 -3402.821326 0.581548 0.010320 -0.813447 0.160614 0.978781 0.127243 0.797499 -0.204649 0.567551
-12.490258 -81.087436 1573.802569 286.399738 -0.309595 0.516743 0.798203 -0.226470 0.775218 -0.589702 -0.923506 -0.363337 -0.122977
-11.740418 -79.298924 3047.458664 -171.614401 -0.312331 0.522132 0.793617 -0.074640 0.819339 -0.568430 -0.947037 -0.236774 -0.216933
-11.122087 -79.242778 686.826146 -629.571302 -0.330748 0.494859 0.803567 -0.189452 0.799339 -0.570233 -0.924507 -0.340841 -0.170628
-12.806526 -81.255515 724.157171 1366.885662 -0.326548 0.470138 0.819961 -0.320896 0.760845 -0.564039 -0.889040 -0.447308 -0.097587
-11.397922 -81.847195 -1291.823206 391.567004 -0.368383 0.448281 0.814456 -0.209847 0.813361 -0.542594 -0.905681 -0.370794 -0.205558
-0.960387 -138.676643 1538.204281 -17326.759991 -0.229395 0.912826 -0.337827 -0.135428 -0.373640 -0.917634 0.963866 0.164750 -0.209334
-7.920125 -172.560402 1581.041578 -19329.082285 -0.239788 0.888754 -0.390665 -0.356385 -0.454894 -0.816126 0.903046 0.056470 -0.425816
-3.536755 -165.023979 2317.973952 -21066.441432 -0.251751 0.909580 -0.330583 -0.374961 -0.406577 -0.833126 0.892203 0.085785 -0.443413
0.854611 -128.044327 1531.006460 -15267.310993 -0.231621 0.926317 -0.297134 -0.168339 -0.338998 -0.925604 0.958130 0.164369 -0.234454
3.348807 -106.305463 1267.179317 -11039.778358 -0.224704 0.932113 -0.284031 0.012971 -0.288598 -0.957362 0.974341 0.218808 -0.052759
3.300179 -105.656763 523.726917 -13304.292627 -0.225761 0.922270 -0.313768 0.098103 -0.298923 -0.949221 0.969231 0.245078 0.022992
0.403345 -123.566380 -65.597917 -235.870310 0.112721 -0.793875 0.597542 0.985726 0.165030 0.033305 -0.125053 0.585259 0.801145
0.298061 -125.306848 -696.716717 -748.008389 0.102754 -0.785547 0.610211 0.994651 0.074671 -0.071364 0.010495 0.614280 0.789018
-1.347827 -123.392714 -41.542281 54.970447 0.132763 -0.789585 0.599107 0.984579 0.035587 -0.171284 0.113923 0.612608 0.782133
-9.696120 -19.810925 5290.148304 -1956.873784 -0.507335 0.475868 0.718444 0.855778 0.376190 0.355141 -0.101272 0.795004 -0.598091
-17.687763 -25.517748 -1111.993969 2261.687010 0.923902 -0.177695 -0.338865 0.373711 0.609166 0.699469 -0.082133 0.772878 -0.629217
-14.308344 -25.416902 -426.604991 4463.253651 0.990751 0.039196 -0.129909 0.073206 0.651706 0.754931 -0.114253 0.757458 -0.642809
36.906227 -45.489465 -2562.212619 27.391192 0.055476 0.966050 -0.252330 -0.206603 0.258356 0.943699 -0.976851 0.000221 -0.213922
42.565992 -54.294599 -3719.465134 6805.608956 0.020651 0.976261 -0.215613 -0.284177 0.212495 0.934927 -0.958549 -0.041965 -0.281819
37.207301 -46.001517 3676.293364 4547.301823 0.145811 0.978518 -0.145748 -0.260100 0.180056 0.948645 -0.954509 0.100413 -0.280767
34.059737 -47.204365 8182.590885 5711.683202 0.228634 0.972939 -0.033413 -0.305331 0.104256 0.946522 -0.924391 0.206205 -0.320905
30.676647 -38.574938 7282.939349 -130.265871 0.229686 0.967464 -0.106104 -0.226865 0.159236 0.960821 -0.946455 0.196615 -0.256058
33.819702 -42.036459 2975.765893 -2394.058232 0.150308 0.968074 -0.200597 -0.206575 0.229177 0.951212 -0.966816 0.101537 -0.234427
5.322751 -253.861696 1343.381105 -13130.864839 0.077260 -0.887031 0.455200 0.986192 0.000915 -0.165602 0.146478 0.461709 0.874854
4.452800 -263.723241 -2489.442030 -1611.830497 -0.070106 0.894026 -0.442497 0.867470 -0.164378 -0.469548 0.492525 0.416771 0.764017
4.937360 -256.464951 1640.762685 -2350.015562 0.058147 -0.881731 0.468156 0.969681 -0.061612 -0.236479 0.237355 0.467712 0.851415
3.786707 -260.554587 -1224.161035 -15957.709015 0.065680 -0.867879 0.492414 0.992756 0.106589 0.055446 -0.100606 0.485206 0.868593
5.614478 -234.567086 319.092314 -18807.614753 0.051787 -0.873219 0.484568 0.967937 0.163314 0.190857 -0.245797 0.459148 0.853679
6.890449 -264.258893 -1066.631883 -34630.095854 0.102598 -0.869042 0.483984 0.994720 0.090873 -0.047694 -0.002533 0.486322 0.873776
9.694355 -111.690852 1588.015195 2027.597385 0.075217 -0.778048 0.623686 0.930406 -0.170248 -0.324592 0.358729 0.604696 0.711095
11.157153 -112.841744 106.869842 2901.821987 0.081880 -0.756987 0.648280 0.937018 -0.163137 -0.308842 0.339548 0.632738 0.695953
9.426616 -112.809469 541.943747 272.424274 0.086840 -0.768139 0.634366 0.840965 -0.284851 -0.460042 0.534076 0.573430 0.621241
6.875695 -28.921414 1612.887514 -1190.012751 0.356496 0.932769 0.053413 -0.043186 -0.040657 0.998239 -0.933298 0.358175 -0.025788
1.188414 -29.972016 1213.197428 260.544785 0.361176 0.931485 0.043454 0.045137 -0.064008 0.996928 -0.931405 0.358105 0.065162
5.275190 -30.716619 -235.025139 -874.254785 0.330874 0.939518 -0.088480 0.046238 0.077507 0.995919 -0.942542 0.333615 0.017796
-2.141487 -9.519493 -17.050349 1301.302410 0.054274 0.950795 -0.305029 0.541645 0.228597 0.808928 -0.838853 0.209121 0.502587
-2.939176 -7.527375 186.030769 1452.864383 0.207372 0.975887 -0.068125 0.523605 -0.051900 0.850379 -0.826338 0.212016 0.521742
-3.135123 -5.383551 -106.685771 1695.873754 0.208172 0.975007 -0.077631 0.532347 -0.046361 0.845256 -0.820531 0.217285 0.528693
-2.199323 -4.821435 1060.830775 61.056785 0.483397 0.762042 0.430836 0.313671 -0.610259 0.727457 -0.817275 0.216509 0.534028
2.101331 -54.675813 -343.946603 -5139.958819 -0.548264 0.228423 0.804506 0.796651 -0.150059 0.585517 0.254469 0.961928 -0.099701
1.394263 -53.056801 -621.895729 -5353.549507 -0.549060 0.241300 0.800192 0.790630 -0.160476 0.590890 0.270994 0.957090 -0.102668
0.899807 -55.153831 260.738143 -2922.495912 -0.545029 0.219094 0.809284 0.754196 -0.293525 0.587394 0.366240 0.930506 -0.005260
-9.053452 -76.707623 -850.052461 806.681278 -0.323250 0.524058 0.787955 0.275328 0.848719 -0.451521 -0.905375 0.070992 -0.418636
-9.846793 -77.616317 -459.146039 412.728185 -0.310741 0.517948 0.796976 0.404402 0.830852 -0.382287 -0.860174 0.203507 -0.467639
-9.259568 -78.275171 -479.615653 -591.105420 -0.333573 0.523814 0.783803 0.373516 0.836816 -0.400281 -0.865572 0.159240 -0.474792
-9.342344 -76.818970 -171.144735 719.195946 -0.335111 0.516308 0.788116 0.219850 0.856242 -0.467456 -0.916170 0.016618 -0.400446
-11.201292 -77.945104 -90.022560 1010.430086 -0.314311 0.524158 0.791497 0.126407 0.849435 -0.512329 -0.940866 -0.060980 -0.333244
28.825777 -32.219952 2882.432511 -726.124553 0.099567 0.943720 -0.315403 0.022831 0.314728 0.948907 -0.994769 0.101681 -0.009791
26.218430 -32.868628 -5597.450957 -332.005812 -0.052293 0.920781 -0.386558 0.020549 0.387998 0.921431 -0.998420 -0.040241 0.039210
34.825214 -34.380514 2366.319601 -49.541072 0.072555 0.940881 -0.330874 -0.035964 0.334001 0.941886 -0.996716 0.056439 -0.058071
29.179442 -32.752992 8222.961433 -319.606883 0.174464 0.949014 -0.262554 0.005810 0.265646 0.964053 -0.984646 0.169719 -0.040832
18.896649 -32.411451 5171.159055 84.118258 0.170912 0.953949 -0.246517 0.084139 0.235153 0.968310 -0.981687 0.186237 0.040074
17.754943 -139.478267 -2984.215318 -9880.286315 -0.416659 0.548304 0.725092 0.855150 0.507004 0.108005 -0.308405 0.665064 -0.680130
27.310912 -155.524565 -5322.338989 -8722.673775 -0.430836 0.538002 0.724524 0.895689 0.352883 0.270582 -0.110098 0.765524 -0.633917
27.488165 -142.646508 -3904.402582 -1438.630540 -0.436647 0.496010 0.750542 0.843686 0.515388 0.150232 -0.312304 0.698820 -0.643519
87.168575 -265.039236 -4986.051312 -29971.332701 -0.541901 -0.002887 0.840437 0.811491 -0.262003 0.522337 0.218689 0.965063 0.144322
65.844695 -245.536599 -5704.282849 1454.191607 -0.518868 0.144863 0.842491 0.640958 -0.586184 0.495542 0.565640 0.797122 0.211301
63.476339 -248.229969 943.040983 7698.428509 -0.558278 -0.115924 0.821515 0.683316 -0.625832 0.376051 0.470537 0.771295 0.428601
83.903536 -263.456176 3450.121835 -22516.003667 -0.555385 -0.230895 0.798896 0.808199 -0.376132 0.453144 0.195862 0.897336 0.395507
99.514604 -237.849333 4488.414028 -38384.972031 -0.548958 -0.250238 0.797512 0.828791 -0.039223 0.558181 -0.108397 0.967389 0.228927
-12.775066 -39.685526 1177.398750 2669.264825 0.733833 0.222690 -0.641793 0.389950 0.635509 0.666383 -0.556262 0.739281 -0.379520
-14.531766 -36.893840 697.961250 1335.584907 0.693393 0.140832 -0.706663 0.505397 0.603972 0.616273 -0.513595 0.784465 -0.347613
-14.785251 -41.178097 -2062.591351 4382.407461 0.697639 0.180872 -0.693242 0.464272 0.622823 0.629717 -0.545665 0.761168 -0.350532
-12.694541 -37.123077 3478.503122 1583.784103 0.727112 0.179778 -0.662562 0.453075 0.599421 0.659861 -0.515782 0.779983 -0.354393
-13.723142 -36.294289 1584.509215 1791.482198 0.710173 0.228809 -0.665808 0.435229 0.600665 0.670654 -0.553380 0.766060 -0.326992
-13.362530 -38.968916 1025.981457 1802.696565 0.717414 0.289874 -0.633475 0.341505 0.646231 0.682466 -0.607200 0.705946 -0.364622
-24.260797 -77.126773 -1003.782085 399.808944 -0.032540 -0.260076 -0.965040 -0.053092 0.964638 -0.258178 0.998059 0.042835 -0.045197
-26.842575 -74.247422 -3360.415340 -3543.593860 0.031032 -0.358641 -0.932959 0.064563 0.932179 -0.356194 0.997431 -0.049181 0.052082
-35.960055 -77.838135 -2428.837089 -997.788570 -0.014093 -0.156185 -0.987627 0.142733 0.977296 -0.156588 0.989661 -0.143174 0.008520
-40.605547 -68.895838 -2096.700283 -5215.676113 -0.032565 -0.037619 -0.998761 0.335956 0.940735 -0.046387 0.941315 -0.337050 -0.017997
-40.892681 -76.234733 -1533.772698 -5127.013072 -0.081201 0.011989 -0.996626 0.265632 0.964022 -0.010046 0.960649 -0.265551 -0.081464
-37.227405 -67.592254 -2958.938449 -2455.609386 0.036905 -0.100300 -0.994273 0.303452 0.949094 -0.084479 0.952132 -0.298597 0.065463
-38.795615 -45.424360 3179.711797 1223.838363 0.285029 -0.088563 -0.954419 0.892725 0.387073 0.230687 0.349000 -0.917786 0.189390
-43.150447 -52.016887 -518.600857 2434.739678 -0.067729 -0.307015 -0.949292 0.965930 0.218032 -0.139430 0.249783 -0.926393 0.281788
-34.839031 -55.737353 5029.784987 4728.356769 0.211829 -0.074699 -0.974448 0.944367 0.272329 0.184414 0.251595 -0.959300 0.128231
-44.428922 -59.032010 -845.145241 3464.671179 0.028956 -0.243091 -0.969571 0.990186 0.139649 -0.005441 0.136722 -0.959898 0.244749
45.560039 -94.049396 15228.966212 -12925.860157 0.408061 0.907205 -0.102304 0.884419 -0.365019 0.290798 -0.226470 0.209143 0.951299
74.538039 -105.981071 18000.574086 -9133.538200 0.345532 0.938143 0.022259 0.923477 -0.344153 0.169555 -0.166727 0.038031 0.985269
84.408267 -83.810619 18122.519592 -12153.907473 0.367834 0.927705 0.063736 0.842504 -0.361491 0.399389 -0.393555 0.093211 0.914563
68.754305 -51.011403 19027.926652 -10016.784967 0.452817 0.891507 0.013109 0.756084 -0.391742 0.524285 -0.472539 0.227494 0.851442
45.381920 -64.427079 15063.050025 -11581.622089 0.426617 0.901011 -0.078592 0.818223 -0.347467 0.458015 -0.385368 0.259702 0.885464
15.810580 -15.517864 1255.961082 2584.559811 -0.313070 -0.392158 -0.864985 0.546760 0.670279 -0.501777 0.776557 -0.630030 0.004572
14.111507 -12.520943 2354.022495 1838.697837 -0.358368 -0.393953 -0.846388 0.518049 0.670301 -0.531339 0.776658 -0.628886 -0.036127
10.384660 -16.632965 2952.559290 3000.946621 -0.371451 -0.377265 -0.848349 0.537844 0.657361 -0.527827 0.756802 -0.652341 -0.041268
61.700306 -84.326248 -12535.137321 1147.557642 0.563837 -0.687159 0.458149 0.802553 0.324944 -0.500319 0.194926 0.649787 0.734698
56.702165 -85.466148 -6265.296883 -558.437407 0.372591 -0.845165 0.383239 0.902122 0.233036 -0.363140 0.217604 0.481031 0.849269
43.388259 -81.509530 -6981.989790 -3634.798393 0.517420 -0.748968 0.413912 0.854164 0.422768 -0.302773 0.051778 0.510209 0.858490
40.307819 -80.682934 -5601.832060 -6848.652083 0.414287 -0.817567 0.399938 0.910115 0.375768 -0.174611 -0.007528 0.436329 0.899756
33.941889 -78.831665 -5915.966452 -3474.259562 0.638677 -0.635520 0.433827 0.769469 0.529738 -0.356785 -0.003071 0.561686 0.827344
18.590978 -73.991921 -2811.532461 -5257.460736 0.563057 -0.716295 0.412176 0.819839 0.546950 -0.169439 -0.104071 0.433322 0.895210
2.668480 -14.393494 1022.909543 513.403881 0.324936 0.621563 0.712794 0.481101 0.540247 -0.690416 0.814223 -0.567267 0.123488
-1.107280 -13.881701 1782.731530 -21.002380 0.345147 0.657508 0.669744 0.439251 0.517457 -0.734368 0.829416 -0.547651 0.110212
2.110697 -14.568416 -510.748387 -307.413092 -0.300665 -0.579534 -0.757457 0.474318 0.598160 -0.645931 0.827420 -0.553484 0.095037
-2.718026 -43.931798 75.919565 -256.630166 0.510273 0.250916 0.822595 0.800363 -0.488563 -0.347456 0.314707 0.835672 -0.450125
-3.727342 -44.947649 -922.728716 -807.119201 0.522245 0.251409 0.814895 0.793889 -0.492304 -0.356899 0.311448 0.833325 -0.456694
-2.533412 -46.114944 -601.528108 -634.073750 0.517563 0.255127 0.816724 0.762302 -0.571008 -0.304705 0.388617 0.780295 -0.490016
-4.688819 -41.614481 -321.386582 -987.873424 0.516479 0.246731 0.819984 0.831410 -0.373690 -0.411233 0.204956 0.894136 -0.398137
-1.508622 -45.915298 -198.331044 -729.906415 0.503613 0.259530 0.824026 0.772554 -0.562215 -0.295083 0.386697 0.785212 -0.483640
-1.210848 -43.723473 -572.824340 138.210644 0.495791 0.271449 0.824928 0.806807 -0.495440 -0.321871 0.321331 0.825139 -0.464642
-2.399221 -42.153882 -12.151797 -757.924338 0.497957 0.257506 0.828088 0.833992 -0.403927 -0.375900 0.237690 0.877801 -0.415896
-3.841266 -38.996042 949.047492 3189.047610 -0.676550 -0.116045 -0.727195 -0.432740 0.861660 0.265099 0.595832 0.494039 -0.633174
-5.623649 -27.986090 745.148250 -730.020899 -0.668544 -0.118468 -0.734176 -0.440055 0.858859 0.262129 0.599500 0.498323 -0.626318
-6.310978 -41.870122 606.402759 11358.722442 -0.663319 -0.132178 -0.736571 -0.455034 0.852650 0.256773 0.594097 0.505487 -0.625725
-6.140039 -37.107808 319.874489 -5826.440483 -0.652077 -0.150767 -0.743010 -0.474097 0.845862 0.244438 0.591631 0.511651 -0.623046
-4.983096 -60.755122 1633.129230 12757.346620 -0.704559 -0.087346 -0.704249 -0.376144 0.887487 0.266237 0.601758 0.452479 -0.658142
-1.248276 -45.780426 1470.679287 6392.197064 -0.688908 -0.095676 -0.718507 -0.408878 0.869784 0.276214 0.598519 0.484068 -0.638321
-3.825958 -40.400272 1003.013712 -6095.080358 -0.615592 -0.221742 -0.756225 -0.526392 0.829832 0.185175 0.586479 0.512063 -0.627562
-0.906777 -38.730195 1724.540048 -3869.194263 -0.631882 -0.203496 -0.747873 -0.502723 0.842018 0.195640 0.589911 0.499594 -0.634359
0.659053 -97.622963 -3292.975196 -1635.215044 -0.443049 -0.271860 -0.854283 0.706236 0.481122 -0.519376 0.552212 -0.833435 -0.021164
7.511463 -97.657955 -5104.933883 -1178.708916 -0.459290 -0.290557 -0.839422 0.696291 0.469021 -0.543322 0.551572 -0.834024 -0.013104
-0.896174 -89.276366 -3425.174518 1770.014759 -0.435457 -0.267903 -0.859422 0.787306 0.349571 -0.507887 0.436493 -0.897791 0.058698
-4.942352 -94.501578 -443.511955 2119.034408 -0.443734 -0.232862 -0.865376 0.749125 0.433601 -0.500801 0.491846 -0.870497 -0.017960
5.806378 -120.716824 722.353239 -9257.286758 0.300696 0.298157 0.905916 0.791801 0.451444 -0.411398 -0.531632 0.841012 -0.100333
6.744484 -123.092739 -506.719047 -8576.848622 0.298286 0.329687 0.895730 0.846882 0.341438 -0.407690 -0.440246 0.880186 -0.177360
4.900655 -133.857396 1307.382303 -5411.639892 0.335534 0.294586 0.894782 0.897674 0.188040 -0.398526 -0.285655 0.936942 -0.201348
4.924113 -134.803984 1395.530627 -10952.918453 0.331168 0.281094 0.900730 0.833441 0.360412 -0.418903 -0.442385 0.889432 -0.114918
4.187716 -73.745313 -7516.125918 -10556.483608 0.368023 0.408760 0.835149 0.436500 0.717112 -0.543339 -0.820991 0.564504 0.085490
9.134764 -79.584441 -8662.443121 -5901.654914 0.367738 0.420272 0.829542 0.570652 0.602356 -0.558143 -0.734252 0.678630 -0.018319
24.724988 -68.737486 -8833.733651 -9155.313948 0.411281 0.428711 0.804397 0.432197 0.685261 -0.586194 -0.802530 0.588748 0.096547
-3.481835 -87.133408 -5502.898059 -4226.362000 0.356932 0.368545 0.858355 0.640057 0.572791 -0.512091 -0.680387 0.732178 -0.031443
18.461325 -58.562892 -10188.307419 -8552.937616 0.397858 0.451417 0.798706 0.326333 0.744009 -0.583058 -0.857447 0.492619 0.148698
-4.972308 -50.913332 3697.354747 -334.144476 0.817574 -0.433854 0.378607 0.389691 0.900943 0.190901 -0.423927 -0.008537 0.905656
-8.565818 -51.179546 2271.980437 -843.231884 0.778924 -0.483139 0.399817 0.468454 0.872126 0.141233 -0.416926 0.077286 0.905648
-10.981682 -49.796650 2501.631815 -295.879390 0.813339 -0.423663 0.398735 0.356374 0.904529 0.234145 -0.459866 -0.048341 0.886672
-9.973349 -47.544481 1913.577915 -1107.840095 0.833240 -0.352894 0.425648 0.226163 0.920017 0.320030 -0.504540 -0.170396 0.846407
-4.263783 -49.376044 2955.882866 110.236155 0.831216 -0.393830 0.392400 0.304020 0.912933 0.272260 -0.465459 -0.107010 0.878577
3.174134 -69.207457 -1824.245295 -3154.062630 -0.455345 -0.079625 -0.886747 -0.415113 0.900094 0.132337 0.787618 0.428359 -0.442907
2.396973 -63.830449 -691.653688 -5227.087980 -0.459097 -0.106928 -0.881928 -0.308366 0.950188 0.045319 0.833151 0.292762 -0.469201
1.008354 -69.173289 -744.391847 -4915.481237 -0.460041 -0.091385 -0.883183 -0.398289 0.910238 0.113280 0.793554 0.403875 -0.455144
1.887276 -70.410410 -2356.555488 404.905815 -0.453789 -0.072365 -0.888166 -0.511043 0.837640 0.192857 0.730008 0.541407 -0.417093
-0.209785 -71.713917 -605.729841 799.037945 -0.456538 -0.090937 -0.885044 -0.543529 0.816061 0.196523 0.704379 0.570767 -0.421990
-8.554582 -84.524369 -583.560494 -354.889460 0.249551 0.135899 0.958778 -0.474080 0.880481 -0.001408 -0.844377 -0.454187 0.284152
-8.695404 -83.581100 -792.995242 583.159319 0.233588 0.158602 0.959313 -0.292749 0.952300 -0.086160 -0.927219 -0.260712 0.268877
-7.309049 -86.067677 -1266.942669 893.923571 0.220714 0.141969 0.964951 -0.352501 0.934086 -0.056800 -0.909411 -0.327610 0.256210
-6.345823 -87.386198 -1036.956723 -660.907327 0.223409 0.120354 0.967266 -0.504992 0.863074 0.009248 -0.833709 -0.490528 0.253596
-7.562222 -82.865095 -1436.502647 -2033.245128 0.237656 0.109991 0.965102 -0.600155 0.797861 0.056857 -0.763763 -0.592723 0.255628
-9.364374 -82.525343 -258.705754 -940.999033 0.270985 0.122193 0.954796 -0.624726 0.776951 0.077874 -0.732314 -0.617589 0.286880
0.133261 -36.806016 -999.680688 5987.392868 -0.232939 -0.413183 -0.880352 0.557162 0.685253 -0.469039 0.797063 -0.599756 0.070588
-1.802245 -37.130444 -1054.504703 2963.420896 -0.230113 -0.408347 -0.883346 0.555640 0.690074 -0.463748 0.798945 -0.597537 0.068099
1.802315 -30.330666 -1575.894384 2738.732084 -0.280116 -0.500875 -0.818938 0.486645 0.661257 -0.570891 0.827473 -0.558448 0.058519
0.930431 -33.901654 -412.963194 6904.624387 -0.277641 -0.461401 -0.842630 0.512411 0.670805 -0.536150 0.812620 -0.580630 0.050184
-1.608818 -157.661101 1123.911655 -7566.604554 0.743729 -0.175252 0.645100 0.294743 0.952125 -0.081146 -0.599995 0.250489 0.759777
-3.670280 -152.007266 972.138840 -316.997365 0.746422 -0.154261 0.647347 0.123950 0.987967 0.092510 -0.653828 0.011188 0.756561
-1.064078 -166.369613 1923.052859 -4647.538835 0.755843 -0.155173 0.636100 0.231739 0.972026 -0.038243 -0.612372 0.176315 0.770658
5.927497 -90.801422 -4322.673412 13793.115436 0.568706 -0.186840 0.801039 -0.475830 0.719639 0.505674 -0.670939 -0.668738 0.320359
13.553152 -93.138315 -6920.407298 -14554.330659 0.556112 -0.180919 0.811177 0.510238 -0.696115 -0.505055 -0.656047 -0.694761 0.294806
6.362068 -99.549661 4312.876917 -8933.418523 -0.569370 0.172646 -0.803748 0.616067 -0.557743 -0.556223 -0.544314 -0.811860 0.211201
-1.511105 -99.544139 -1853.515812 -8029.275570 0.574970 -0.158587 0.802658 0.565064 -0.632514 -0.529744 -0.591703 -0.758140 0.274065
-16.142666 -37.110824 719.611875 -104.099010 -0.583038 -0.370821 -0.722882 0.661819 -0.732857 -0.157850 -0.471235 -0.570450 0.672700
-15.431044 -35.898024 -1142.618526 521.286195 -0.611913 -0.313519 -0.726133 0.624795 -0.754546 -0.200729 -0.484968 -0.576512 0.657601
-16.015726 -36.272031 249.826924 -444.361438 -0.573426 -0.362158 -0.734864 0.688194 -0.699598 -0.192230 -0.444491 -0.615958 0.650402
-15.752737 -35.992001 972.171866 -125.886811 -0.554101 -0.391819 -0.734473 0.739226 -0.637298 -0.217707 -0.382777 -0.663573 0.642770
-17.909059 -36.868554 1995.644595 -728.854409 -0.565593 -0.404470 -0.718685 0.702800 -0.692359 -0.163438 -0.431482 -0.597531 0.675855
-15.380733 -34.996718 -1001.919760 23.373071 -0.529539 -0.399297 -0.748431 0.760956 -0.613504 -0.211089 -0.374878 -0.681303 0.628722
-10.438284 -272.026345 -2137.978744 48322.560960 0.740058 -0.115411 0.662566 -0.524182 -0.716211 0.460734 -0.421364 0.688275 0.590534
-7.978660 -277.149295 -3210.621214 57534.164450 0.714683 -0.100653 0.692168 -0.522150 -0.735217 0.432221 -0.465390 0.670317 0.578003
-8.613338 -215.355366 -2042.176681 -17427.186996 0.705949 -0.135780 0.695126 0.412622 0.876540 -0.247831 -0.575656 0.461781 0.674818
-11.721373 -208.155047 -2094.772220 -17737.094085 0.719797 -0.151681 0.677410 0.399827 0.888307 -0.225941 -0.567477 0.433479 0.700047
-6.215546 -225.291249 -2390.146338 26205.954447 0.691745 -0.158436 0.704547 0.276702 0.959326 -0.055944 -0.667027 0.233648 0.707449
-2.155644 -241.651451 -1803.294321 16819.661427 0.697391 -0.102329 0.709348 0.252734 0.961285 -0.109801 -0.670650 0.255850 0.696254
10.318879 -100.222480 -1520.876931 -12272.463589 0.515019 -0.050573 0.855685 0.730789 -0.495828 -0.469151 0.447999 0.866947 -0.218403
7.374089 -113.948352 -256.934309 -11792.563612 0.513315 -0.047400 0.856890 0.631541 -0.655205 -0.414564 0.581089 0.753963 -0.306391
3.415721 -131.296066 563.311435 -14942.933673 0.542197 -0.101076 0.834150 0.583313 -0.669266 -0.460249 0.604788 0.736116 -0.303915
-25.727387 -32.013294 -84.234593 -1230.143301 0.352271 0.899771 0.257522 -0.110736 0.313299 -0.943176 0.929324 -0.303736 -0.210003
-25.368288 -33.149448 566.017167 -1748.691104 0.281799 0.885867 0.368550 -0.113395 0.412174 -0.904021 0.952749 -0.212960 -0.216603
-23.912578 -29.224092 1496.615054 -1534.515428 0.309076 0.755543 0.577604 0.064067 0.589420 -0.805282 0.948877 -0.285899 -0.133770
-17.140594 -32.988228 -114.137679 1274.675448 -0.161589 0.669943 0.724614 0.626022 -0.498027 0.600054 -0.762880 -0.550587 0.338923
-18.628213 -36.089496 26.846877 1523.682912 -0.166930 0.699914 0.694446 0.553531 -0.516333 0.653456 -0.815928 -0.493478 0.301232
-15.306683 -36.251319 -1765.645276 1362.208081 -0.225508 0.672948 0.704477 0.558606 -0.503120 0.659416 -0.798189 -0.542229 0.262455
-17.665209 -32.952082 1314.548113 1253.213263 -0.067159 0.652106 0.755147 0.618935 -0.566401 0.544160 -0.782566 -0.503932 0.365573
-15.727101 -30.661669 1430.352922 1112.010993 -0.020636 0.609351 0.792632 0.683537 -0.569970 0.455972 -0.729624 -0.551203 0.404752
-3.239625 -55.576152 -649.457047 704.867422 -0.516823 -0.031171 -0.855525 0.734829 0.496568 -0.462003 0.439227 -0.867438 -0.233732
-3.369983 -59.834176 -1054.780642 702.102695 -0.518430 -0.035820 -0.854369 0.735885 0.490208 -0.467086 0.435549 -0.870869 -0.227779
-5.187727 -69.190506 -697.474358 -5384.645628 -0.534327 -0.036911 -0.844472 0.695839 0.547991 -0.464234 0.479898 -0.835669 -0.267123
-4.379977 -67.113576 92.483210 -4692.185069 -0.518080 -0.022903 -0.855025 0.716126 0.535010 -0.448249 0.467713 -0.844535 -0.260777
-1.147986 -51.034504 -197.589751 -20.402582 -0.492020 -0.019981 -0.870354 0.762831 0.471873 -0.442069 0.419530 -0.881440 -0.216929
16.114630 -33.779055 6857.956871 -230.222486 0.207230 0.960130 -0.187632 0.012613 0.189158 0.981866 -0.978211 0.205839 -0.027089
12.641102 -34.191813 7005.902994 116.572642 0.213214 0.965065 -0.152283 -0.046685 0.165753 0.985062 -0.975889 0.202920 -0.080395
0.186231 -34.540938 3853.765658 2.976116 0.192565 0.978337 -0.075999 0.011479 0.075197 0.997103 -0.981217 0.192880 -0.003250
-4.002755 -215.455886 -334.499122 -10153.141024 0.286150 0.227076 0.930889 0.771662 0.521317 -0.364371 -0.568029 0.822596 -0.026051
-0.724277 -240.704091 -2654.463102 15598.032007 0.250132 0.263313 0.931719 0.874099 0.352443 -0.334267 -0.416395 0.898026 -0.142004
-2.752606 -239.102987 -2814.319433 -9537.668134 0.239777 0.242942 0.939939 0.681448 0.647473 -0.341186 -0.691474 0.722328 -0.010303
-2.457933 -134.546712 -878.405680 20562.451536 -0.794604 0.457557 -0.399057 0.192991 0.813552 0.548532 0.575639 0.358851 -0.734756
1.823049 -136.586583 -2489.258977 4216.926431 -0.762208 0.543376 -0.351826 0.389065 0.818922 0.421895 0.517365 0.184689 -0.835598
-1.356273 -149.998940 -5881.249061 -2266.322796 -0.739838 0.517074 -0.430436 0.448826 0.855935 0.256770 0.501194 -0.003223 -0.865329
-5.520464 -160.754623 -4267.538479 25242.332004 -0.771097 0.465036 -0.434915 0.208959 0.830052 0.517058 0.601453 0.307823 -0.737224
-7.151635 -130.135027 497.909960 28662.400355 -0.816302 0.376671 -0.437915 -0.004865 0.753620 0.657292 0.577604 0.538680 -0.613349
14.083724 -27.572476 -5590.848573 2674.698850 -0.194510 -0.466412 -0.862917 0.296857 0.810475 -0.504982 0.934902 -0.354387 -0.019188
17.989012 -22.441927 -2888.930081 946.526755 -0.314376 -0.592783 -0.741469 0.233380 0.708837 -0.665646 0.920164 -0.382307 -0.084498
12.825488 -28.679114 -4152.470432 4840.423525 -0.283238 -0.555032 -0.782123 0.260171 0.740469 -0.619691 0.923086 -0.379005 -0.065326
3.195121 -34.970971 -2384.840597 3071.238076 -0.148527 -0.302544 -0.941492 0.391358 0.856343 -0.336921 0.908173 -0.418502 -0.008787
3.630910 -31.228592 -4763.974394 2295.379485 -0.159829 -0.365563 -0.916961 0.326175 0.857172 -0.398580 0.931700 -0.362794 -0.017764
-9.627582 -21.558797 -583.497149 -3135.145304 -0.141879 -0.148834 -0.978631 0.591768 0.779768 -0.204383 0.793524 -0.608120 -0.022558
-7.591171 -24.392080 -1198.249159 -3134.472479 -0.052452 -0.079344 -0.995466 0.585517 0.805072 -0.095020 0.808962 -0.587846 0.004230
-7.166144 -17.835698 -398.638614 -2525.992547 -0.066312 -0.079784 -0.994604 0.626265 0.772678 -0.103736 0.776785 -0.629764 -0.001272
-7.301135 -14.940516 -730.797808 -2315.186712 -0.160120 -0.182307 -0.970116 0.620939 0.745384 -0.242562 0.767330 -0.641223 -0.006150
-48.506252 -78.163770 1150.017879 -4956.394613 -0.018037 0.411745 0.911121 0.975156 0.208470 -0.074905 -0.220783 0.887134 -0.405276
-41.560939 -70.698836 -672.154409 -3277.758786 -0.334716 0.246617 0.909475 0.906922 0.346355 0.239857 -0.255848 0.905107 -0.339593
-37.890555 -65.161010 -1020.528152 -5570.865090 -0.452579 0.106880 0.885296 0.818644 0.443414 0.364973 -0.353544 0.889922 -0.288177
2.562251 -60.663882 1680.245660 18056.442026 -0.706005 0.055860 0.706000 0.220518 0.964666 0.144193 -0.673000 0.257486 -0.693377
10.588152 -52.607014 7327.007025 19524.408969 -0.687633 -0.241393 0.684755 0.098358 0.903449 0.417259 -0.719365 0.354272 -0.597499
0.186730 -54.782145 6810.919999 15894.585887 -0.668944 -0.165758 0.724595 0.113665 0.940543 0.320093 -0.734571 0.296485 -0.610329
-3.773827 -25.377607 8152.287831 4337.394511 -0.665667 -0.435801 0.605777 -0.072718 0.845780 0.528554 -0.742698 0.307790 -0.594698
-56.075826 -92.152272 -1021.182785 -2460.233353 -0.409667 0.805807 -0.427606 -0.316122 -0.565103 -0.762054 0.855710 0.177013 -0.486238
-52.387956 -92.172507 -2887.276142 470.420980 -0.304698 0.820179 -0.484217 -0.411958 -0.571864 -0.709410 0.858749 0.016679 -0.512125
25.143697 -37.460061 3953.576422 2655.164477 0.246157 0.969153 -0.012200 -0.270642 0.080817 0.959282 -0.930677 0.232832 -0.282187
25.690991 -34.855454 -3568.187841 4821.269834 0.292031 0.953806 0.070507 -0.282295 0.015526 0.959202 -0.913798 0.300021 -0.273789
21.734916 -30.362361 -4962.664619 1418.470975 0.245832 0.968619 0.036661 -0.256900 0.028638 0.966014 -0.934649 0.246895 -0.255879
20.355681 -32.582357 -888.966462 1121.676213 0.242219 0.970059 -0.017742 -0.231674 0.075586 0.969853 -0.942156 0.230806 -0.243046
15.370319 -43.083268 7932.592178 -196.209019 0.406353 -0.181355 0.895537 0.912686 0.034029 -0.407243 0.043381 0.982829 0.179348
30.668976 -43.561030 8406.265152 -210.891481 0.423530 -0.148090 0.893696 0.903419 -0.003648 -0.428742 0.066753 0.988967 0.132243
16.728730 -41.498658 7491.914098 693.646464 0.390516 -0.175184 0.903774 0.909196 -0.080625 -0.408487 0.144428 0.981229 0.127791
31.001164 -41.530853 8669.578919 945.990588 0.408026 -0.155469 0.899635 0.894594 -0.128627 -0.427968 0.182253 0.979431 0.086599
1.926608 -49.601587 -1605.432767 -511.006701 0.379645 0.119853 0.917336 0.467357 0.830895 -0.301977 -0.798403 0.543368 0.259431
4.959070 -47.958821 -648.319556 -206.044766 0.405876 0.135764 0.903788 0.541546 0.760872 -0.357494 -0.736202 0.634541 0.235297
9.368367 -47.901085 -5464.424192 -1595.031696 0.389856 0.129857 0.911674 0.541690 0.768272 -0.341072 -0.744704 0.626814 0.229173
-4.801451 -58.825786 457.993816 -2841.776067 -0.758730 -0.054894 0.649088 -0.321176 0.898431 -0.299447 -0.566723 -0.435671 -0.699297
-4.257567 -59.269007 920.009537 -1563.760710 -0.770400 -0.040560 0.636270 -0.355710 0.855556 -0.376158 -0.529107 -0.516120 -0.673547
-2.714908 -57.414631 219.944185 -397.063669 0.759770 0.075198 -0.645829 -0.393070 0.844348 -0.364105 -0.517925 -0.530492 -0.671068
-1.814796 -60.058459 -447.610545 2281.996811 0.762211 0.065828 -0.643973 -0.445356 0.775284 -0.447876 -0.469779 -0.628173 -0.620247
-3.506565 -56.815109 -592.317149 -1434.753340 -0.749876 -0.089664 0.655474 -0.375264 0.873611 -0.309807 -0.544851 -0.478292 -0.688748
-2.350884 -55.956777 695.595262 803.715129 0.751986 0.099372 -0.651646 -0.443045 0.808177 -0.388022 -0.488087 -0.580496 -0.651764
74.055573 -58.795837 900.523408 -8100.743755 -0.171525 0.303650 0.937217 -0.603005 0.719941 -0.343614 -0.779079 -0.624085 0.059615
41.354748 -86.067986 9303.569951 -3299.778135 -0.031823 0.486065 0.873343 -0.254331 0.841086 -0.477379 -0.966593 -0.237310 0.096856
41.273800 -77.618537 12472.167022 -6414.003070 0.031926 0.518138 0.854701 -0.466964 0.763802 -0.445590 -0.883700 -0.384889 0.266337
67.396135 -65.318320 15663.926917 -6641.990192 0.015986 0.440450 0.897635 -0.601897 0.721106 -0.343112 -0.798414 -0.534799 0.276633
-14.143001 -75.210504 272.577253 -1762.161473 0.346241 -0.406104 -0.845693 0.844368 -0.257962 0.469573 -0.408852 -0.876661 0.253584
-8.394694 -79.410347 2701.186243 2375.889553 0.375573 -0.367235 -0.850931 0.709333 -0.477017 0.518942 -0.596482 -0.798494 0.081337
-9.751324 -74.589026 2460.667081 912.856326 0.370868 -0.362983 -0.854810 0.796181 -0.349559 0.493867 -0.478071 -0.863743 0.159360
4.069788 -103.659454 1263.809948 9111.421808 0.155840 -0.417161 -0.895372 0.213724 0.899214 -0.381753 0.964384 -0.131870 0.229291
6.189809 -18.388181 2901.392003 -2374.693433 0.530810 -0.608155 0.590244 0.380061 0.793320 0.475602 -0.757492 -0.028126 0.652238
2.855044 -14.972307 2698.606247 -1283.438458 0.577544 -0.524674 0.625428 0.313580 0.849925 0.423433 -0.753731 -0.048430 0.655396
13.148253 -11.331896 4843.870312 -1143.301074 0.493573 -0.692938 0.525570 0.412952 0.718566 0.559583 -0.765413 -0.059160 0.640815
9.435707 -8.651057 4311.062221 -1297.475480 0.524934 -0.653909 0.544837 0.368731 0.751650 0.546863 -0.767126 -0.086169 0.635683
17.334946 -13.330189 -3997.397536 -1759.121581 -0.432411 0.748430 -0.502866 0.454831 0.662598 0.595057 -0.778556 -0.028590 0.626924
24.908878 -7.896734 -4567.115931 -987.849976 -0.392729 0.786603 -0.476466 0.460337 0.616657 0.638611 -0.796149 -0.031466 0.604282
22.256601 -6.121160 -5812.009887 -1042.893565 -0.439529 0.767158 -0.467208 0.437977 0.637162 0.634193 -0.784213 -0.074120 0.616048
46.247294 -143.563580 -10668.773511 28631.072732 -0.039761 0.846933 -0.530211 0.974210 0.150812 0.167843 0.222114 -0.509863 -0.831087
