19729
39434
-34.294866 -59.078933 -1965.469363 5785.529735 0.256758 0.946004 -0.197868 0.947201 -0.286991 -0.142991 0.192056 0.150707 0.969743
-37.469075 -69.061690 2854.223287 4939.795848 -0.156362 -0.970068 0.185794 0.983997 -0.169267 -0.055662 0.085444 0.174117 0.981011
-43.212141 -67.961520 1576.943874 9039.670092 -0.100360 0.990377 -0.095292 0.980837 0.082406 -0.176544 0.166993 0.111184 0.979669
-36.595730 -60.013886 376.707404 4605.204642 -0.338139 -0.893399 0.295804 0.927279 -0.369951 -0.057350 0.160670 0.254901 0.953525
-29.644757 -49.066970 -2236.595674 7408.555502 0.328069 0.926986 -0.181845 0.905485 -0.363441 -0.219106 0.269198 0.092776 0.958606
-30.752086 -50.743494 -14.967278 3555.790829 0.515922 0.803249 -0.297682 0.819933 -0.563671 -0.099926 0.248061 0.192525 0.949421
26.805632 -208.874779 28700.434478 -123415.949232 0.443638 0.840979 -0.309742 0.742955 -0.538397 -0.397677 0.501202 0.053700 0.863662
-92.777995 -562.205345 33720.555045 -312006.313583 0.510598 0.811801 -0.283316 0.794828 -0.571315 -0.204566 0.327929 0.120737 0.936955
-66.896892 -441.409834 50335.897199 -313472.544399 0.239715 0.965370 -0.102939 0.951871 -0.254565 -0.170701 0.190994 0.057065 0.979931
15.775992 -85.634033 4041.657790 -77792.103317 0.069869 0.989368 0.127551 0.884858 -0.002430 -0.465855 0.460592 -0.145413 0.875620
53.316161 -50.322026 19838.742971 -17563.845728 0.618331 0.785053 0.036873 0.659770 -0.493016 -0.567132 0.427049 -0.375003 0.822801
45.729948 -75.864915 19867.243512 -18164.562400 0.581324 0.811356 0.061352 0.643423 -0.412228 -0.645039 0.498065 -0.414452 0.761683
115.027333 -79.032062 53789.777892 -19855.100332 0.588708 0.804790 0.075744 0.646619 -0.412621 -0.641583 0.485085 -0.426682 0.763305
23.569994 -49.969398 -8044.998604 -382.816252 -0.194354 0.980380 -0.032885 0.116085 -0.010302 -0.993186 0.974038 0.196847 0.111805
20.396174 -50.864011 -7614.189130 -447.467408 -0.179474 0.983181 -0.033839 -0.000356 -0.034462 -0.999406 0.983763 0.179355 -0.006535
15.216462 -49.465488 -3342.732329 -981.163280 -0.182489 0.983046 -0.017846 0.106645 0.001747 -0.994296 0.977407 0.183352 0.105156
18.160764 -48.614384 -3981.613045 -295.601553 -0.194120 0.980966 -0.004724 0.213064 0.037461 -0.976320 0.957560 0.190530 0.216281
1.169245 -50.995392 836.220514 159.830608 0.047541 0.970080 0.238086 -0.891413 0.148751 -0.428085 0.450692 0.191881 -0.871813
8.488595 -46.890934 2497.640485 -66.021645 0.064866 0.968790 0.239245 -0.903567 0.158771 -0.397942 0.423508 0.190361 -0.885666
7.462815 -48.960259 1736.016028 771.705415 0.127049 0.956717 0.261824 -0.813123 0.251628 -0.524895 0.568058 0.146208 -0.809897
3.066885 -51.625336 980.703655 371.417869 0.097046 0.958839 0.266850 -0.796047 0.235711 -0.557449 0.597403 0.158327 -0.786156
8.427727 -51.263131 1246.012707 433.216438 0.161852 0.947716 0.275023 -0.694720 0.307360 -0.650303 0.700834 0.085811 -0.708144
17.245633 -50.247037 3023.885461 931.774894 0.168961 0.957652 0.233143 -0.722388 0.281244 -0.631710 0.670528 0.061686 -0.739315
-3.796129 -68.777877 -1609.634947 -13348.358158 -0.056469 0.985383 0.160719 -0.906618 0.016812 -0.421618 0.418158 0.169519 -0.892417
-8.132321 -89.035132 -729.630328 -8833.009526 -0.037854 0.982287 0.183518 -0.969323 0.008539 -0.245642 0.242858 0.187187 -0.951830
-7.289297 -75.340152 1004.480711 -9818.232317 0.019680 0.972138 0.233583 -0.931769 0.102544 -0.348270 0.362519 0.210791 -0.907826
-3.712426 -54.926481 316.894318 -10529.695398 -0.000797 0.977533 0.210779 -0.869445 0.103454 -0.483076 0.494028 0.183646 -0.849829
-1.705737 -62.855487 1594.186972 -9333.429712 0.065894 0.961585 0.266481 -0.889605 0.177576 -0.420797 0.451953 0.209335 -0.867132
-3.973807 -79.462885 1912.382052 -7151.307259 0.061311 0.960676 0.270820 -0.951657 0.138084 -0.274377 0.300983 0.240905 -0.922699
-6.067825 -111.605954 -435.321887 3944.081924 -0.006592 0.974874 0.222660 -0.213525 -0.218902 0.952097 -0.976915 0.041267 -0.209603
-7.687488 -111.654865 211.495338 -52.365943 0.028091 0.970048 0.241282 -0.408959 -0.209100 0.888274 -0.912121 0.123627 -0.390836
-7.145022 -114.949498 -528.131016 -1585.298435 0.000177 0.980003 0.198984 -0.443830 -0.178234 0.878207 -0.896111 0.088470 -0.434923
-5.859831 -115.990473 -1147.276230 -3455.103848 -0.019264 0.988125 0.152442 -0.612530 -0.132171 0.779319 -0.790213 0.078363 -0.607802
-5.130135 -119.786923 -1121.009017 -960.934074 -0.035746 0.984023 0.174416 -0.412026 -0.173515 0.894498 -0.910471 0.039889 -0.411645
0.462996 -76.754425 172.198938 -3234.608613 -0.003997 0.948485 0.316798 0.529052 -0.266827 0.805548 -0.848580 -0.170822 0.500732
-0.029107 -72.327947 12.689669 2395.226399 0.010059 0.938110 0.346192 0.406810 -0.320103 0.855593 -0.913458 -0.132228 0.384852
-0.455158 -74.939561 -140.074901 -3884.413704 0.001233 0.943737 0.330695 0.531486 -0.280739 0.799192 -0.847066 -0.174774 0.501929
33.531417 -43.191668 -6287.148014 -1016.186856 0.195721 0.978151 0.070095 0.334195 0.000670 -0.942504 0.921958 -0.207893 0.326763
34.184531 -46.316760 4134.376576 -1157.939507 0.129197 0.991280 0.025940 0.223560 -0.003631 -0.974683 0.966090 -0.131726 0.222080
31.627781 -45.077766 -9710.369666 -1457.620367 0.238384 0.969649 0.054357 0.230703 -0.002172 -0.973022 0.943371 -0.244493 0.224218
-28.140240 -47.020714 6160.655658 1036.209486 -0.209872 0.738607 -0.640635 0.807342 0.500505 0.312561 -0.551500 0.451613 0.701350
-30.265935 -47.362125 6584.929680 -856.331779 0.020988 0.847062 -0.531080 0.876229 0.240210 0.417759 -0.481439 0.474115 0.737178
-18.185051 -41.239612 4620.010961 -426.413005 -0.070252 0.789212 -0.610090 0.849443 0.367978 0.378203 -0.522982 0.491667 0.696242
10.739971 -120.427898 -2416.454270 11050.274232 0.804185 -0.184553 0.565002 0.103735 0.979564 0.172316 -0.585257 -0.079963 0.806895
6.148558 -119.986378 -68.527554 6503.102118 0.805121 -0.196205 0.559718 0.083967 0.971900 0.219911 -0.587137 -0.130057 0.798971
6.402733 -113.014536 -64.221851 8661.216265 0.800442 -0.191335 0.568053 0.190617 0.979742 0.061405 -0.568294 0.059129 0.820698
11.090749 -42.232075 -2480.738271 -110.400071 0.074506 0.995661 0.055748 -0.378600 0.079961 -0.922100 0.922557 -0.047596 -0.382915
8.973172 -41.816011 -972.564214 -679.459092 0.055916 0.998180 0.022597 -0.459379 0.045815 -0.887058 0.886479 -0.039220 -0.461104
8.614256 -40.596598 -2019.421268 943.203863 0.108655 0.993034 0.045576 -0.405659 0.086149 -0.909956 0.907543 -0.080383 -0.412194
7.848124 -42.359905 -4559.750741 1276.263046 0.127363 0.989961 0.061286 -0.327211 0.100266 -0.939617 0.936329 -0.099619 -0.336697
-7.510233 -135.200455 2725.052391 11444.852963 0.889763 -0.017465 0.456088 -0.132349 0.946462 0.294438 -0.436812 -0.322343 0.839816
-10.922099 -154.431772 2305.794965 -18099.008044 0.890958 -0.021455 0.453579 0.207879 -0.868792 -0.449429 -0.403708 -0.494712 0.769597
-5.228118 -135.773936 2953.233367 14385.304145 0.885039 0.031920 0.464422 -0.201187 0.925893 0.319760 -0.419798 -0.376435 0.825873
-0.902515 -118.403165 2771.151560 11063.021496 0.881844 0.051347 0.468738 -0.144999 0.975418 0.165938 -0.448695 -0.214298 0.867611
-3.268095 -121.346629 2951.089389 12003.336997 0.889391 -0.002008 0.457142 -0.068636 0.988069 0.137873 -0.451965 -0.154000 0.878642
-0.749082 -104.580378 239.502148 3208.059615 0.749094 -0.218065 0.625545 0.015549 0.949797 0.312479 -0.662282 -0.224349 0.714878
-1.160630 -110.084845 467.268741 4083.972251 0.746104 -0.171467 0.643372 -0.128626 0.910952 0.391946 -0.653287 -0.375187 0.657610
-1.350505 -112.607138 -109.639750 4715.161825 0.748182 -0.212141 0.628665 0.015921 0.952975 0.302630 -0.663302 -0.216413 0.716377
-1.463453 -100.067251 5.604054 3041.270813 0.744857 -0.181943 0.641938 -0.119869 0.909959 0.396995 -0.656368 -0.372654 0.655980
-0.631715 -104.799015 56.862059 2928.315093 0.746575 -0.252340 0.615589 0.154230 0.965717 0.208816 -0.647177 -0.060955 0.759899
-1.059978 -97.875604 -175.914045 1200.254673 0.746881 -0.222141 0.626755 0.011289 0.946649 0.322069 -0.664861 -0.233472 0.709542
-0.721035 -100.681663 315.240522 595.892660 0.747960 -0.248923 0.615299 0.139874 0.965308 0.220489 -0.648838 -0.078853 0.756830
-13.776410 -26.437614 -1701.695739 1616.640023 -0.174459 0.955950 0.236060 0.825984 0.011573 0.563575 -0.536017 -0.293303 0.791618
-13.259231 -30.816031 -1230.191871 2416.411825 -0.134018 0.956424 0.259409 0.798109 -0.050998 0.600351 -0.587419 -0.287494 0.756496
-10.908322 -25.495395 -366.824820 2151.771041 -0.185623 0.948454 0.256864 0.826533 0.009339 0.562810 -0.531401 -0.316777 0.785662
-18.407902 -30.728408 -2726.392762 1712.372778 -0.143214 0.965511 0.217438 0.789483 -0.021040 0.613412 -0.596831 -0.259512 0.759241
-9.740916 -20.577183 -1043.683733 538.510124 -0.345904 0.925466 0.154480 0.802644 0.206599 0.559534 -0.485914 -0.317538 0.814283
-19.488457 -27.718055 -2789.294366 931.636161 -0.222914 0.961074 0.163234 0.809659 0.089272 0.580071 -0.542919 -0.261470 0.798043
-14.011646 -23.062158 -1921.560686 304.384241 -0.357402 0.926455 0.118092 0.798017 0.237241 0.553973 -0.485215 -0.292230 0.824117
-8.542636 -97.696235 -3474.429576 5322.231358 0.656469 -0.024144 0.753966 0.721161 -0.273131 -0.636652 0.221303 0.961674 -0.161891
-14.984609 -104.534611 -4965.664842 3048.813887 0.633455 -0.013380 0.773663 0.772793 -0.039528 -0.633426 0.039057 0.999129 -0.014700
-22.889944 -105.524866 -2945.486580 3168.119427 0.693979 -0.044009 0.718649 0.717804 -0.035528 -0.695338 0.056133 0.998399 0.006934
6.874979 -261.645062 2414.341486 -65973.121056 -0.827106 0.096681 -0.553668 -0.108410 0.939153 0.325944 0.551491 0.329613 -0.766298
0.096095 -247.647730 -2888.846573 -9582.376979 0.811702 -0.077804 0.578867 -0.299018 0.796002 0.526279 0.501726 0.600273 -0.622851
-8.049683 -259.649378 -5207.058984 -29550.902389 0.837471 -0.129834 0.530835 -0.198308 0.832954 0.516587 0.509232 0.537895 -0.671827
-13.048800 -260.887751 -1617.516070 -9555.334803 0.829268 -0.219020 0.514145 -0.185096 0.760434 0.622479 0.527308 0.611368 -0.590064
1.400849 -262.139645 -1886.466589 -37814.736511 -0.824721 0.201383 -0.528469 -0.057516 0.899739 0.432621 0.562607 0.387187 -0.730451
20.910634 -225.095774 -16009.209851 29760.271001 0.929651 -0.331004 0.161822 0.038009 0.523020 0.851472 0.366476 0.785421 -0.498807
30.200518 -204.357481 -13301.633668 26293.566759 0.918718 -0.330729 0.215816 -0.041911 0.461746 0.886022 0.392685 0.823049 -0.410353
12.133450 -182.379604 -8916.480023 27495.397151 0.927153 -0.325662 0.185287 -0.061144 0.356382 0.932338 0.369659 0.875749 -0.310508
85.983318 -5.709251 -43328.783767 -29759.244205 0.298944 0.078663 -0.951023 0.942275 -0.181852 0.281153 -0.150829 -0.980174 -0.128486
73.420773 -38.598737 -26880.137317 -32304.104152 0.271971 0.118242 -0.955013 0.955569 -0.150409 0.253507 -0.113667 -0.981527 -0.153895
101.460444 -5.262580 -23615.181628 -28185.343563 0.439421 0.157749 -0.884321 0.891216 -0.199792 0.407208 -0.112443 -0.967057 -0.228381
124.293217 17.672986 -31946.916803 -21873.067538 0.475920 0.136398 -0.868847 0.872203 -0.200093 0.446346 -0.112969 -0.970236 -0.214195
122.101249 19.186757 -51483.736551 -21553.033020 0.387304 0.074376 -0.918947 0.911729 -0.178918 0.369781 -0.136913 -0.981049 -0.137106
85.427204 12.102734 -61443.036807 -22383.189738 0.272302 0.019116 -0.962022 0.949199 -0.169208 0.265310 -0.157711 -0.985395 -0.064221
83.217534 -212.959744 -129608.592552 128999.179862 0.784210 0.240341 -0.572059 -0.580951 -0.039467 -0.812981 0.217970 -0.969886 -0.108676
6819.847479 -2990.184257 -7966691.977973 -2003700.641014 0.471781 0.085501 -0.877561 0.860109 0.174357 0.479386 0.193997 -0.980963 0.008718
395.440668 -396.410065 -486321.118237 -121557.569799 0.534175 0.239928 -0.810612 0.776175 0.240758 0.582742 0.334978 -0.940463 -0.057619
-31.295882 -457.356004 -76.322418 23001.560577 0.974158 -0.149049 0.169710 0.193430 0.938477 -0.286088 0.116628 -0.311522 -0.943055
-24.437068 -457.218880 5169.296279 83496.022451 -0.965829 0.188878 -0.177484 0.180926 0.981658 0.060118 0.185583 0.025952 -0.982286
-32.001314 -522.744297 15759.463994 7249.372152 0.964965 -0.135337 0.224782 0.199596 0.934711 -0.294069 0.170308 -0.328632 -0.928976
317.206202 -6307.841314 202980.838468 21695415.309470 -0.886154 0.145137 -0.440076 0.200347 0.976335 -0.081433 0.417843 -0.160330 -0.894261
3.311969 -1717.573951 -9821.855607 126325.550016 0.858889 -0.161200 0.486132 -0.304971 0.601584 0.738301 0.411463 0.782375 -0.467533
169.851097 -18633.352263 98978.215699 -61410342.182247 -0.801069 0.150151 -0.579433 -0.049977 0.947868 0.314719 0.596481 0.281070 -0.751804
-92.856468 -6734.169756 -20064.072374 13496574.859307 0.856030 -0.130473 0.500190 0.462636 0.625045 -0.628718 0.230610 -0.769607 -0.595419
-2.744895 -68.781869 -784.839010 -1564.461243 -0.682909 0.277136 -0.675893 0.178568 0.960504 0.213414 0.708343 0.025050 -0.705424
-1.641579 -67.707828 1421.868255 -323.610999 -0.697264 0.280164 -0.659796 0.212115 0.959876 0.183424 0.684712 -0.012057 -0.728714
-1.341023 -70.408423 327.894591 -2675.455139 -0.684688 0.308702 -0.660232 0.144217 0.945343 0.292452 0.714426 0.105021 -0.691785
-11.622958 -52.101171 -4626.364297 -2587.465316 -0.472569 -0.802743 0.363707 0.859855 -0.329502 0.389972 -0.193205 0.497024 0.845955
-14.024473 -49.489397 -4901.998572 -2804.820358 -0.424597 -0.821602 0.380378 0.867543 -0.249013 0.430535 -0.259009 0.512799 0.818506
-22.641172 -56.579909 -5675.824560 -2490.085933 -0.509803 -0.799431 0.317822 0.838827 -0.379908 0.389922 -0.190973 0.465381 0.864263
-5.096461 -45.256200 -3597.119100 -2937.049540 -0.414644 -0.817389 0.399933 0.872150 -0.231556 0.430972 -0.259665 0.527501 0.808898
-19.679666 -58.107243 -5537.562070 -2182.515098 -0.539855 -0.779118 0.318642 0.832724 -0.439008 0.337405 -0.122992 0.447491 0.885791
-9.203548 -54.388534 -4364.838757 -2224.051107 -0.502183 -0.787961 0.356273 0.855090 -0.391020 0.340478 -0.128974 0.475627 0.870140
-3.222272 -48.292494 -3501.904030 -2925.883091 -0.456523 -0.803765 0.381509 0.867105 -0.305895 0.393138 -0.199288 0.510285 0.836596
-6.186789 -29.738006 3320.436315 1559.173970 -0.745279 0.241588 -0.621445 0.123277 0.965907 0.227656 0.655257 0.093057 -0.749652
4.552759 -30.545054 2248.786655 1437.851124 -0.750797 0.146927 -0.643985 0.074977 0.987603 0.137912 0.656264 0.055260 -0.752505
1.667474 -26.515194 1789.172514 1153.765904 -0.742621 0.146162 -0.653568 0.025979 0.981446 0.189969 0.669208 0.124096 -0.732639
18.994167 -37.376895 1488.283760 -800.228489 -0.717959 0.051720 -0.694162 0.213006 0.965722 -0.148355 0.662694 -0.254373 -0.704365
16.554931 -36.276702 1388.354743 -663.310156 -0.715171 0.056221 -0.696684 0.155226 0.984644 -0.079887 0.681494 -0.165276 -0.712916
13.958441 -37.139663 5752.557459 292.149251 -0.783769 0.161778 -0.599612 0.248889 0.966375 -0.064598 0.568999 -0.199867 -0.797680
13.668409 -36.784695 -4118.499918 -26.317612 -0.612551 -0.077511 -0.786621 0.075027 0.984986 -0.155481 0.786862 -0.154257 -0.597539
17.077037 -38.488987 6778.470283 423.994973 -0.798435 0.167209 -0.578396 0.297336 0.944849 -0.137304 0.523538 -0.281606 -0.804118
17.809391 -37.885455 -5239.048767 662.718473 -0.597491 -0.085379 -0.797317 0.138486 0.968388 -0.207476 0.789827 -0.234382 -0.566779
21.742946 -39.327818 1580.523404 -296.251555 -0.719274 0.052704 -0.692724 0.271308 0.939249 -0.210246 0.639560 -0.339166 -0.689877
-11.639622 -100.122261 5453.222341 -34921.669486 0.216276 0.974923 0.052446 -0.577725 0.084488 0.811847 -0.787057 0.205882 -0.581510
1.600364 -92.704102 3833.474048 -27873.229654 0.253688 0.967285 0.001535 -0.532974 0.138457 0.834727 -0.807206 0.212579 -0.550662
-6.206590 -63.662079 4169.050568 -33469.693355 0.198046 0.978431 0.058746 -0.662043 0.089328 0.744123 -0.722826 0.186263 -0.665454
-13.014924 -67.444393 711.823349 -28286.267141 0.051323 0.981877 0.182438 -0.667416 -0.102172 0.737643 -0.742915 0.159620 -0.650076
-17.992178 -96.095202 2123.576234 -23197.992759 0.118260 0.990630 0.068319 -0.543765 0.007038 0.839208 -0.830864 0.136395 -0.539502
18.735237 -93.605067 -2094.723499 21571.793629 0.078893 0.991780 0.100736 -0.133615 0.110659 -0.984836 0.987888 -0.064237 -0.141247
13.720344 -115.930534 2300.373169 17442.747903 0.046823 0.996627 0.067393 -0.062636 0.070264 -0.995560 0.996937 -0.042394 -0.065714
18.911500 -117.648628 -2286.600180 -11022.701159 0.098445 0.994699 0.029691 0.164927 0.013115 -0.986219 0.981380 -0.101985 0.162762
14.157414 -102.606661 1784.831913 52926.656022 0.050332 0.985959 0.159224 -0.333658 0.166866 -0.927808 0.941349 0.006428 -0.337372
21.582657 -88.314381 -7431.057308 -2701.663290 0.120439 0.989681 0.077632 0.052889 0.071693 -0.996024 0.991311 -0.124066 0.043708
22.536987 -73.955569 -3276.850901 42924.120678 0.083030 0.970389 0.226827 -0.354986 0.241483 -0.903145 0.931177 0.005532 -0.364525
24.870885 -66.191116 -7726.457601 15860.753769 0.107251 0.975784 0.190637 -0.173150 0.207145 -0.962866 0.979038 -0.070259 -0.191174
5.275488 -251.738024 -2303.856487 -24952.479579 -0.275396 -0.148118 0.949852 -0.603103 0.796049 -0.050726 -0.748615 -0.586828 -0.308559
-4.434649 -246.520835 4910.625807 71235.478181 0.310021 0.162196 -0.936792 0.819264 -0.545520 0.176675 -0.482383 -0.822253 -0.302004
-6.158117 -296.930288 -4927.876918 -29625.468603 -0.320002 -0.155684 0.934538 -0.576949 0.814433 -0.061881 -0.751485 -0.558983 -0.350442
143.749230 -204.481331 -123488.910318 42366.872768 -0.328651 0.196248 0.923837 -0.045648 0.973730 -0.223085 -0.943348 -0.115488 -0.311059
1.280804 -278.068820 -122500.949737 7377.766790 -0.406190 0.383471 0.829434 -0.280650 0.811464 -0.512603 -0.869624 -0.440995 -0.221987
48.294804 -247.876751 -111044.633622 116043.214088 -0.314369 0.183819 0.931334 0.097575 0.982134 -0.160909 -0.944273 0.040291 -0.326688
-78.206045 -340.534918 -163035.519457 155728.464214 -0.333453 0.065719 0.940473 0.225789 0.974102 0.011986 -0.915330 0.216345 -0.339656
103.666613 -194.586365 -111648.294824 102853.566021 -0.264720 0.000546 0.964325 0.195691 0.979223 0.053165 -0.944261 0.202784 -0.259327
179.426479 -179.990458 -114479.346297 80337.239479 -0.231974 0.082694 0.969200 0.107061 0.992497 -0.059057 -0.966812 0.090064 -0.239087
-21.981941 -57.090522 -7515.479478 -3084.921168 -0.093486 0.907546 -0.409415 0.992981 0.055066 -0.104673 -0.072451 -0.416327 -0.906324
-1.074220 -60.747901 -12213.956899 -5275.423619 0.024132 0.885245 -0.464499 0.997278 -0.053697 -0.050525 -0.069669 -0.462015 -0.884131
-16.037115 -49.449732 -8811.830725 -5609.488114 -0.033914 0.900572 -0.433382 0.986489 -0.039378 -0.159025 -0.160279 -0.432920 -0.887069
-29.916209 -54.029718 -4201.027750 -2070.751445 -0.195838 0.920725 -0.337511 0.968924 0.128643 -0.211275 -0.151107 -0.368398 -0.917306
-33.411895 -57.802317 -2124.046628 -782.318450 -0.239831 0.920209 -0.309349 0.969251 0.208885 -0.130074 -0.055077 -0.331033 -0.942011
89.356578 -87.107633 -13231.831870 -129.316195 -0.045317 0.835305 0.547915 -0.327487 -0.530591 0.781809 -0.943768 0.144006 -0.297597
76.238119 -92.500455 -17553.652198 521.835145 -0.151949 0.871851 0.465605 -0.369304 -0.487037 0.791461 -0.916802 0.051688 -0.395982
94.147192 -88.006747 -11183.262515 -2730.457021 -0.074774 0.831236 0.550868 -0.468179 -0.517010 0.716595 -0.880464 0.204322 -0.427826
94.178909 -76.099358 6266.012355 -473.773664 0.129618 0.724110 0.677395 -0.445711 -0.567703 0.692138 -0.885743 0.391636 -0.249160
94.894822 -78.636607 -766.780782 1303.631400 0.097098 0.776476 0.622621 -0.309663 -0.570958 0.760339 -0.945876 0.266630 -0.185007
108.742273 -86.513145 -3426.981974 -1241.119481 -0.036784 0.783033 0.620891 -0.599786 -0.514259 0.613021 -0.799315 0.349852 -0.488569
93.489607 -94.741407 -16272.663857 -5005.555779 -0.176215 0.863760 0.472087 -0.628438 -0.467852 0.621434 -0.757637 0.187171 -0.625263
-54.808884 -86.959795 49.787545 -859.737398 0.009078 0.065833 0.997789 -0.381267 0.922681 -0.057409 -0.924420 -0.379903 0.033476
-52.769166 -79.890854 138.608064 -4686.332455 -0.059995 0.160626 0.985190 -0.532995 0.829338 -0.167673 -0.843989 -0.535161 0.035856
-55.716940 -88.903247 -206.192240 -1629.815077 0.089246 0.066073 0.993816 -0.403714 0.914556 -0.024549 -0.910522 -0.399026 0.108295
-56.432155 -89.705570 164.151765 301.061693 0.108962 0.021228 0.993819 -0.261302 0.965224 0.008031 -0.959087 -0.260562 0.110720
-4.685285 -146.419669 5569.833312 -23524.892372 0.807072 0.484217 0.337888 0.542914 -0.383609 -0.747053 0.232119 -0.786370 0.572488
-6.701230 -162.816993 4653.722966 -22229.890758 0.809819 0.474019 0.345686 0.500039 -0.249506 -0.829281 0.306845 -0.844424 0.439083
2.806941 -171.312286 8261.618139 -22237.279943 0.790287 0.501624 0.351880 0.516317 -0.235936 -0.823257 0.329944 -0.832291 0.445454
-4.138930 -171.875867 4082.498954 -6602.306436 0.803045 0.468468 0.368317 0.445485 -0.061416 -0.893180 0.395806 -0.881343 0.258015
6.245179 -137.783668 5885.239375 -25162.761075 0.792227 0.482360 0.373771 0.588672 -0.442751 -0.676341 0.160752 -0.755844 0.634711
4.391164 -41.160178 -3813.386522 -1806.753525 -0.078630 0.959979 -0.268806 -0.926091 -0.170150 -0.336756 0.369016 -0.222460 -0.902407
-3.707278 -42.460422 -3106.127581 -1919.637367 -0.068008 0.960078 -0.271341 -0.929963 -0.159495 -0.331254 0.361308 -0.229810 -0.903684
-0.865443 -36.825254 -2184.175819 -2140.191218 -0.090517 0.958814 -0.269227 -0.885354 -0.201261 -0.419098 0.456021 -0.200425 -0.867107
6.841839 -35.333312 -3724.807787 -2105.304852 -0.066405 0.964443 -0.255812 -0.880462 -0.177259 -0.439734 0.469443 -0.196032 -0.860926
2.263410 -29.533406 -1964.422424 -2498.749698 -0.072635 0.965659 -0.249455 -0.836540 -0.195176 -0.511963 0.543070 -0.171493 -0.821989
-3.489235 -30.977984 -1098.704469 -2611.953898 -0.105840 0.958151 -0.265979 -0.838134 -0.229896 -0.494650 0.535097 -0.170572 -0.827391
-0.889693 -66.422764 -908.637623 -138.751535 0.391430 0.915471 -0.093244 -0.841566 0.315148 -0.438689 0.372222 -0.250187 -0.893788
1.691845 -67.254579 -1112.579784 -217.163400 0.415808 0.906421 -0.074191 -0.755982 0.299140 -0.582242 0.505563 -0.298188 -0.809623
1.987595 -69.574017 -1512.918734 818.345921 0.389940 0.915227 -0.101522 -0.848190 0.314064 -0.426542 0.358498 -0.252436 -0.898752
10.886939 -93.055825 3796.550218 6750.679427 0.185968 0.964729 0.186316 0.500829 0.070069 -0.862706 0.845332 -0.253748 0.470133
0.306935 -90.436734 2283.105848 4512.587291 0.217370 0.967255 0.131029 0.500660 0.004750 -0.865631 0.837908 -0.253763 0.483234
4.284441 -81.086132 3299.517310 854.914774 0.178493 0.966494 0.184472 0.389950 0.102646 -0.915097 0.903371 -0.235273 0.358563
-1.134583 -98.115192 2299.969212 1466.829964 0.254088 0.958500 0.129293 0.485273 -0.241978 0.840212 -0.836630 0.150745 0.526618
-6.306312 -103.639686 1627.992224 3681.865701 0.249943 0.950060 0.186852 0.552108 -0.298372 0.778557 -0.795427 0.091433 0.599112
-2.186473 -91.218452 2330.889022 3486.758930 0.287801 0.941526 0.175214 0.666759 -0.328320 0.669058 -0.687462 0.075731 0.722261
-25.421287 -41.870569 6565.229227 2275.404444 0.404022 0.882430 -0.241003 0.564355 -0.033109 0.824868 -0.719909 0.469277 0.511381
-23.122549 -45.217947 6752.344809 3247.580920 0.299481 0.868543 -0.394898 0.578729 0.163693 0.798923 -0.758541 0.467801 0.453628
-38.087355 -48.718709 8980.312381 3386.280658 0.243034 0.882671 -0.402277 0.587829 0.195872 0.784915 -0.771616 0.427231 0.471256
-13.827708 -38.124399 4684.213922 2884.303000 0.365172 0.867128 -0.338731 0.595967 0.061776 0.800629 -0.715173 0.494240 0.494221
-15.503963 -34.725470 4190.100309 1244.113590 0.473377 0.861039 -0.185809 0.559468 -0.130965 0.818440 -0.680375 0.491385 0.543719
11.209956 -155.476187 3344.077737 34634.240022 0.781397 0.401016 0.478126 0.254091 0.495338 -0.830710 0.569961 -0.770602 -0.285161
24.523533 -134.562849 10772.398517 33059.513518 0.756106 0.363135 0.544459 0.271281 0.583188 -0.765701 0.595575 -0.726653 -0.342441
28.330960 -161.456778 10001.290658 44017.738159 0.763630 0.374970 0.525610 0.329472 0.473797 -0.816679 0.555263 -0.796815 -0.238263
41.943910 -42.291525 61208.667235 3654.076861 0.446661 0.888530 -0.104917 0.816815 -0.452817 -0.357448 0.365112 -0.073960 0.928021
39.456733 -42.306229 61017.656136 2301.554893 0.422309 0.902735 -0.082004 0.807629 -0.415801 -0.418144 0.411571 -0.110357 0.904672
110.917780 -41.718791 139326.139445 3425.826238 0.421968 0.902450 -0.086758 0.826603 -0.422270 -0.372042 0.372384 -0.085275 0.924153
0.261360 -44.784948 13353.093173 2781.525405 0.536279 0.841214 -0.069024 0.768336 -0.520394 -0.372626 0.349378 -0.146798 0.925411
120.392818 -46.577033 123175.993353 2905.874140 0.458750 0.883634 -0.093488 0.839394 -0.465473 -0.280630 0.291491 -0.050266 0.955252
33.779449 -47.450416 50338.196710 2243.117715 0.490254 0.865059 -0.106418 0.821088 -0.499351 -0.276520 0.292346 -0.048186 0.955098
-2.247676 -65.236413 2883.091931 6713.333543 0.604749 0.201271 0.770564 0.108894 0.937556 -0.330351 -0.788937 0.283689 0.545068
2.785670 -56.278317 3683.355958 5487.917153 0.597978 0.148976 0.787546 0.186040 0.929942 -0.317171 -0.779622 0.336177 0.528369
-7.068991 -66.807370 2066.937394 -4418.435314 0.620554 0.309981 0.720295 0.101719 0.878970 -0.465901 -0.777539 0.362385 0.513917
-8.944977 -76.373306 752.156662 -2901.970043 0.596223 0.355878 0.719631 0.053892 0.876616 -0.478163 -0.801008 0.323874 0.503480
-10.452405 -92.023819 -26.084222 -14259.282678 0.599171 0.447035 0.664194 0.079781 0.792132 -0.605113 -0.796636 0.415557 0.438958
-10.636221 -89.584977 337.999046 -20321.943373 0.621342 0.415228 0.664470 0.088798 0.805256 -0.586240 -0.778492 0.423259 0.463468
9.010650 -138.355053 -2736.448644 6683.539086 0.689058 0.431660 0.582124 -0.632737 -0.033287 0.773651 -0.353332 0.901422 -0.250190
2.726969 -126.418648 -2160.290844 4016.171683 0.680443 0.440157 0.585883 -0.549071 -0.223247 0.805408 -0.485303 0.869726 -0.089771
4.150244 -132.151056 -1696.737296 2739.668124 0.712291 0.449690 0.538907 -0.606865 0.008817 0.794756 -0.352642 0.893141 -0.279182
8.804543 -141.838934 -2077.724636 4912.584413 0.727710 0.442158 0.524342 -0.651279 0.205690 0.730429 -0.215113 0.873033 -0.437652
4.697493 -134.251224 -870.460274 3646.940070 0.743600 0.451559 0.493107 -0.629165 0.222946 0.744612 -0.226299 0.863938 -0.449888
1.790373 -128.173441 -332.035085 1435.177789 0.734675 0.452551 0.505421 -0.580771 0.034472 0.813337 -0.350654 0.891072 -0.288154
8.566933 -49.142552 1336.713683 -2155.959681 0.536260 0.108104 0.837101 0.294632 0.905405 -0.305671 -0.790960 0.410556 0.453682
2.046181 -57.491083 4047.255872 -11682.461742 0.616349 0.187638 0.764791 0.220878 0.891017 -0.396613 -0.755861 0.413377 0.507733
7.125581 -50.852889 3452.759093 1907.042453 0.577015 0.110657 0.809203 0.248988 0.919783 -0.303323 -0.777855 0.376504 0.503176
-10.050423 -15.399468 7748.941349 -2279.871367 0.720706 0.505840 0.474036 -0.003993 0.686814 -0.726822 -0.693230 0.521932 0.497011
-9.837024 -22.894013 -2964.298209 7286.626700 0.149886 0.804301 -0.575008 0.664296 0.348825 0.661084 -0.732288 0.481063 0.482010
-7.854297 -15.009048 -1087.902285 4008.658828 0.405279 0.867565 -0.288236 0.581027 -0.001023 0.813884 -0.705802 0.497323 0.504493
1.986322 -139.110285 -669.255552 -20647.047126 -0.581042 -0.235315 -0.779113 0.639574 -0.724036 -0.258298 -0.503324 -0.648382 0.571197
3.214483 -141.669629 596.374996 -21765.018102 -0.582515 -0.216316 -0.783507 0.660406 -0.687910 -0.301070 -0.473856 -0.692811 0.543574
-0.083210 -158.228766 -795.477678 -16593.937956 -0.578396 -0.239697 -0.779746 0.731029 -0.576490 -0.365043 -0.362016 -0.781156 0.508665
0.195853 -151.542962 425.319559 -16262.736646 -0.553471 -0.244418 -0.796197 0.693518 -0.664613 -0.278070 -0.461198 -0.706080 0.537352
-9.736918 -315.508929 -49629.359588 165196.452638 -0.368039 -0.388425 -0.844792 0.900315 0.078156 -0.428164 0.232335 -0.918160 0.320941
-24.837756 -175.819047 -52466.392627 119455.332844 -0.349096 -0.386758 -0.853552 0.852292 0.247581 -0.460763 0.389526 -0.888326 0.243201
24.889012 -281.600211 -52265.490578 154331.153414 -0.293839 -0.365247 -0.883320 0.892334 0.226438 -0.390468 0.342634 -0.902951 0.259386
34.960411 -377.088806 -62611.140665 172189.790513 -0.316546 -0.399071 -0.860547 0.938010 0.003349 -0.346593 0.141197 -0.916914 0.373273
-13.949350 -400.923891 3728.660282 132257.278296 -0.141613 -0.566698 -0.811665 -0.753050 0.593873 -0.283251 0.642543 0.571111 -0.510852
-13.756056 -436.988876 -1309.822389 161620.964212 -0.147203 -0.555498 -0.818385 -0.773647 0.580189 -0.254660 0.616280 0.595654 -0.515165
-5.226025 -248.967237 -2671.768808 -67649.243741 0.070884 0.628224 0.774797 0.900067 -0.375087 0.221785 0.429947 0.681648 -0.592032
-6.200363 -247.489732 -794.720247 -41426.144283 0.075135 0.617296 0.783135 0.885963 -0.401744 0.231669 0.457628 0.676422 -0.577087
-9.918705 -319.446143 -738.750044 92855.317607 0.078837 0.601934 0.794644 -0.759292 0.552774 -0.343390 0.645957 0.576295 -0.500623
-20.601494 -533.516673 6053.760422 227246.944309 -0.149721 -0.525528 -0.837499 -0.563319 0.741463 -0.364561 0.812561 0.417197 -0.407053
26.242169 -206.068018 8325.097643 -22807.868843 0.538342 0.776649 0.327115 0.120906 -0.455327 0.882076 -0.834008 0.435308 0.339023
8.999193 -170.404560 24.869098 -22312.579549 0.526006 0.755506 0.390550 -0.110664 -0.394507 0.912205 -0.843251 0.523045 0.123906
22.020396 -191.590040 6063.870583 -20942.059072 0.539144 0.787242 0.299289 0.134758 -0.431417 0.892031 -0.831362 0.440602 0.338683
29.618551 -248.926835 7275.341652 -47033.682813 0.529807 0.798562 0.285663 0.295133 -0.489361 0.820623 -0.795110 0.350463 0.494950
3.468370 -240.856366 -3999.890377 -17141.183874 0.657137 0.162737 0.735994 0.655766 0.358030 -0.664670 0.371675 -0.919419 -0.128557
-2.784815 -245.166255 -1201.114516 6617.024182 0.652726 0.191298 0.733044 0.551020 0.544172 -0.632656 0.519928 -0.816873 -0.249787
-3.146172 -241.547635 1489.399270 -20532.964085 -0.652175 -0.184221 -0.735344 0.678154 0.291730 -0.674538 0.338786 -0.938593 -0.065329
9.828103 -118.999726 -140.787715 -1728.572071 0.708567 0.527061 0.469190 0.058034 0.619132 -0.783140 -0.703253 0.582136 0.408109
7.762662 -111.977799 -589.952514 -740.956156 0.696733 0.524980 0.488835 -0.076492 0.731952 -0.677049 -0.713241 0.434330 0.550131
8.171908 -113.336517 -1003.064665 -3566.987515 0.688767 0.551633 0.470426 0.034796 0.622977 -0.781466 -0.724147 0.554617 0.409892
-6.875065 -74.869689 1985.106623 -5051.048075 -0.741673 -0.549933 -0.384051 -0.577553 0.814740 -0.051288 0.341107 0.183771 -0.921886
-3.801686 -75.753623 806.919743 -4722.620710 -0.732506 -0.567758 -0.375613 -0.588593 0.805428 -0.069593 0.342041 0.170106 -0.924160
-6.684704 -82.777440 -1585.916913 -4566.916356 0.721753 0.582796 0.373391 -0.648465 0.757983 0.070389 0.242002 0.292935 -0.925000
-9.694109 -81.328502 -1914.141491 -4285.368519 0.728088 0.564171 0.389357 -0.635704 0.768221 0.075614 0.256452 0.302570 -0.917978
14.052568 -9.981837 -1813.769964 1235.116324 0.031668 0.979623 0.198333 0.080633 -0.200290 0.976413 -0.996241 0.014929 0.085332
16.904994 -10.138062 -1675.667935 -1431.149750 0.055695 0.975408 0.213252 0.076801 -0.217136 0.973115 -0.995490 0.037820 0.087005
13.070359 -10.583171 -1903.623626 -1531.080695 0.020809 0.980843 0.193685 0.076922 -0.194723 0.977837 -0.996820 0.005449 0.079501
-873.217897 -2732.288336 274233.363287 1468778.047190 0.811219 -0.171998 -0.558874 0.406329 0.853117 0.327242 -0.420500 0.492552 -0.761953
-304.806253 -3375.231579 217897.006065 1491013.920921 0.960026 -0.211923 -0.182860 0.275772 0.828021 0.488192 -0.047953 0.519105 -0.853365
-449.864390 -4342.235331 -160373.572614 -657041.231740 -0.937479 -0.005296 0.348002 -0.036860 0.995772 -0.084144 -0.346085 -0.091710 -0.933710
-1063.704761 -1557.599457 -529637.553125 -127547.032124 -0.765274 0.361307 0.532740 0.129777 0.897222 -0.422078 -0.630486 -0.253868 -0.733511
-588.608493 -1322.190512 296071.430091 -536183.807794 0.952212 -0.002814 -0.305423 -0.206333 0.731373 -0.650016 -0.225207 -0.681972 -0.695842
8.135091 -216.102180 1369.291893 -53722.561178 0.889968 0.439503 -0.121631 0.081111 0.109907 0.990627 -0.448751 0.891492 -0.062165
7.654423 -262.088573 3066.101854 -41056.487748 0.908890 0.401539 -0.112634 0.215674 -0.221410 0.951032 -0.356938 0.888675 0.287839
14.748863 -249.315829 2027.441409 -53345.069158 0.885204 0.458484 -0.078782 0.114447 -0.050483 0.992146 -0.450906 0.887267 0.097160
7.669763 -205.322454 1618.762390 -50570.766099 0.883606 0.464842 -0.056235 -0.062994 0.237025 0.969459 -0.463974 0.853077 -0.238719
14.587566 -230.249151 2028.421264 -50658.748614 0.869134 0.494554 -0.004601 -0.076549 0.143707 0.986655 -0.488616 0.857184 -0.162758
20.167604 -238.125459 1472.913417 -29009.200435 0.871549 0.489676 -0.024898 0.132245 -0.185871 0.973634 -0.472138 0.851862 0.226753
13.247781 -46.082922 6870.117184 1113.971289 0.490911 0.871198 -0.004506 0.195599 -0.105176 0.975028 -0.848968 0.479533 0.222038
20.447376 -43.053607 9847.208319 685.908914 0.532085 0.844252 0.064214 0.284978 -0.249989 0.925361 -0.797291 0.474071 0.373608
33.824979 -40.482953 8858.414717 886.437692 0.466917 0.877727 0.107628 0.164460 -0.205776 0.964681 -0.868874 0.432725 0.240432
1.189146 -48.116134 5347.988054 828.380120 0.498301 0.865449 -0.051914 0.317864 -0.126653 0.939639 -0.806634 0.484724 0.338207
28.097189 -45.069659 8522.899934 1695.376234 0.450791 0.891222 0.050113 0.072557 -0.092540 0.993062 -0.889676 0.444027 0.106380
8.737078 -50.998164 5506.376538 2231.118071 0.468219 0.881395 -0.062562 0.097445 0.018865 0.995062 -0.878223 0.472003 0.077054
-1.617410 -51.325078 3202.415940 808.469261 0.461764 0.880248 -0.109262 0.207103 0.012782 0.978236 -0.862486 0.474342 0.176399
-50.751098 -80.595061 -1246.278047 2097.685419 0.090728 -0.983809 0.154561 0.992978 0.101199 0.061270 -0.075919 0.147917 0.986082
-42.186323 -75.970257 2690.697937 3885.694487 -0.112811 -0.970782 0.211794 0.993181 -0.103857 0.052970 -0.029426 0.216325 0.975878
-41.454706 -70.863621 534.086718 6688.963572 -0.241121 -0.919733 0.309761 0.968374 -0.249098 0.014178 0.064121 0.303383 0.950709
-34.121547 -47.993739 -1063.380678 1117.437332 -0.261574 0.864493 0.429222 0.434862 0.502569 -0.747208 0.861669 0.008797 0.507394
-8.241184 -38.497062 -25636.179288 1357.300086 0.290986 0.899234 -0.326656 0.488325 -0.433204 -0.757544 0.822718 -0.060920 0.565175
-32.470885 -47.270148 540.526985 -1509.229903 -0.202711 0.859353 0.469489 0.452998 0.507352 -0.733067 0.868159 -0.064077 0.492131
-37.056589 -46.665072 -4201.302453 -1765.694607 -0.202236 0.938715 0.279131 0.551645 0.344694 -0.759522 0.809190 -0.000378 0.587547
-41.474483 -50.856739 -4871.536550 2921.449560 -0.365362 0.775684 0.514611 0.378634 0.628870 -0.679087 0.850380 0.053263 0.523466
121.783351 -303.685711 -30652.863698 248374.139026 0.101171 0.992011 0.075352 0.989828 -0.107984 0.092627 -0.100024 -0.065214 0.992846
158.761280 -808.140668 -37936.993348 417843.601805 -0.118468 -0.948289 0.294471 0.968389 -0.044778 0.245392 -0.219517 0.314233 0.923618
144.352653 -663.955099 -51462.914310 488675.005174 -0.276923 -0.931615 0.235388 0.960704 -0.273276 0.048653 0.019000 0.239612 0.970683
-32.200164 -72.673446 -10931.793407 -7617.536320 0.511831 0.273429 0.814411 -0.553438 0.830015 0.069150 -0.657066 -0.486119 0.576154
-49.243612 -85.899002 -7586.401110 -3842.831236 0.675680 0.124762 0.726561 -0.321473 0.936794 0.138098 -0.663409 -0.326880 0.673081
-31.535321 -79.486128 -7619.040835 -3125.999591 0.607069 0.089734 0.789566 -0.271632 0.957185 0.100064 -0.746782 -0.275217 0.605452
-52.618080 -82.359614 -7704.460655 -6800.799287 0.684560 0.188323 0.704210 -0.453461 0.866398 0.209112 -0.570745 -0.462482 0.678499
-14.785541 -67.302681 -8956.737705 -6604.241300 0.510696 0.190368 0.838421 -0.422696 0.904776 0.052037 -0.748677 -0.380972 0.542534
1.962999 -51.641843 -14700.568204 -3552.933288 0.277223 0.495545 0.823154 -0.723741 0.671190 -0.160319 -0.631938 -0.551306 0.544716
7.192435 -52.561100 24172.805851 -165.786531 -0.082149 -0.591372 -0.802204 0.835551 -0.479615 0.268001 -0.543237 -0.648266 0.533521
-34.480740 -66.843519 16653.321906 5073.908626 -0.366211 -0.439255 -0.820332 0.751477 -0.659522 0.017674 -0.548791 -0.609988 0.571615
30.422953 -49.783427 -6919.546473 247.719958 -0.226711 0.973278 -0.036503 0.004413 -0.036452 -0.999326 0.973952 0.226719 -0.003969
27.640000 -49.653234 -6848.073049 411.249075 -0.208209 0.977846 -0.021570 -0.113226 -0.046002 -0.992504 0.971508 0.204206 -0.120296
18.053173 -51.516609 -6829.857250 -36.640270 -0.167239 0.985477 -0.029423 -0.117869 -0.049614 -0.991789 0.978845 0.162397 -0.124454
0.678835 -51.956092 751.003605 -937.711318 -0.022084 0.978849 0.203388 -0.957099 0.038092 -0.287248 0.288920 0.201006 -0.936014
1.430722 -85.905135 -4273.323225 -14102.611556 -0.100032 0.989595 0.103420 -0.950104 -0.064137 -0.305267 0.295458 0.128797 -0.946634
-3.210316 -101.779870 -3508.696351 6760.316999 -0.087212 0.989391 0.116187 0.991756 0.075241 0.103721 0.093878 0.124274 -0.987797
-11.493759 -102.100016 -304.245162 3244.235692 -0.046746 0.980468 0.191044 0.998239 0.038860 0.044820 0.036520 0.192803 -0.980558
-5.967482 -106.532159 344.583634 4449.676736 0.023652 0.962098 0.271675 -0.170571 -0.263882 0.949353 -0.985061 0.068794 -0.157865
32.410782 -109.787122 5986.028530 -5958.456857 -0.120974 0.948844 0.291653 0.855446 -0.049397 0.515531 -0.503565 -0.311859 0.805709
30.134518 -97.501640 6285.387264 -4393.050769 -0.066255 0.947100 0.314026 0.711709 -0.175723 0.680141 -0.699343 -0.268557 0.662417
20.715598 -106.937419 5710.958834 -7346.276386 -0.054410 0.966280 0.251680 0.839105 -0.092377 0.536069 -0.541242 -0.240353 0.805784
34.396697 -101.565393 2657.689698 -3553.861497 -0.147148 0.902426 0.404937 0.724919 -0.180134 0.664864 -0.672934 -0.391380 0.627679
29.664254 -113.715269 1945.942963 -6462.226774 0.228051 -0.872905 -0.431312 0.845620 -0.042008 0.532130 -0.482617 -0.486079 0.728566
32.867200 -45.191159 8127.776704 -396.728337 0.087651 0.995641 0.031886 0.325313 0.001645 -0.945605 0.941535 -0.093257 0.323751
22.344538 -47.890533 14352.137145 -1012.494895 0.042159 0.998910 -0.020040 0.214586 -0.028643 -0.976285 0.975795 -0.036859 0.215560
26.058028 -49.312340 12017.130444 -1061.142299 0.067389 0.997692 -0.008282 0.103619 -0.015254 -0.994500 0.992332 -0.066160 0.104407
-18.468963 -42.335895 -5071.692824 -957.722781 -0.094529 -0.840361 0.533720 0.884710 0.174903 0.432084 -0.456456 0.513032 0.726943
-29.864696 -49.218218 -6519.258392 -2413.927754 -0.228075 -0.873335 0.430427 0.882643 0.001156 0.470042 -0.411002 0.487118 0.770580
-43.572919 -53.801314 6945.318580 -2566.798457 0.243544 0.905855 -0.346572 0.870619 -0.046701 0.489737 -0.427445 0.421005 0.800028
-7.479290 -113.284229 559.345525 8653.707783 0.729741 -0.117093 0.673622 0.492373 0.773582 -0.398923 0.474391 -0.622784 -0.622168
-5.876452 -132.111095 1345.281261 13906.594956 0.720737 -0.112060 0.684091 0.551858 0.689967 -0.468399 0.419512 -0.715114 -0.559127
-2.756483 -123.450010 -3240.657576 16593.933183 0.751996 -0.131325 0.645954 0.514787 0.729058 -0.451075 0.411700 -0.671735 -0.615853
-7.476599 -107.953862 1949.128160 7057.908148 0.714045 -0.123809 0.689065 0.485083 0.797184 -0.359433 0.504811 -0.590905 -0.629283
-8.045740 -108.372178 -4037.137427 12067.351340 0.749960 -0.132620 0.648053 0.455435 0.814029 -0.360467 0.479728 -0.565482 -0.670888
-8.023640 -95.678761 357.870583 6315.615960 -0.724721 0.136325 -0.675422 0.416487 0.867568 -0.271779 0.548924 -0.478269 -0.685523
12.290373 -44.540740 -76.696085 -826.206304 0.003110 0.999899 0.013849 -0.446066 0.013781 -0.894894 0.894994 0.003395 -0.446064
9.292632 -45.825427 -60.935715 -1664.099031 -0.002373 0.999824 -0.018619 -0.528579 -0.017060 -0.848713 0.848881 -0.007827 -0.528527
8.269107 -42.986659 75.780912 -2098.012825 0.031153 0.999278 -0.021726 -0.532111 -0.001820 -0.846672 0.846101 -0.037937 -0.531671
-13.721490 -176.495519 1545.932346 -19860.337191 0.890161 -0.024460 0.454989 0.292462 -0.735043 -0.611700 -0.349399 -0.677579 0.647153
-17.217483 -179.608010 118.098096 -12938.216787 0.878323 -0.078184 0.471631 0.244554 -0.774206 -0.583780 -0.410781 -0.628087 0.660883
