12170
24326
-38.949490 -58.686375 -1493.603050 6551.408493 0.058518 0.989670 -0.130877 0.977088 -0.083654 -0.195706 0.204633 0.116426 0.971890
-50.056713 -77.895918 1160.178267 8024.019924 0.284928 -0.952214 0.110022 0.958364 0.280733 -0.052232 0.018849 0.120324 0.992556
-37.228742 -70.240240 -3345.427793 10583.116743 -0.251294 0.967821 -0.013184 0.949690 0.243910 -0.196459 0.186921 0.061890 0.980423
-46.401886 -68.952874 83.642973 4911.070571 -0.190871 -0.953872 0.231727 0.980553 -0.196257 -0.000192 0.045661 0.227183 0.972781
-24.948075 -53.982515 -4883.287331 7588.707536 -0.154749 0.987127 0.040415 0.936070 0.159582 -0.313538 0.315951 0.010688 0.948715
-33.163258 -44.004486 -1062.129851 4050.204384 0.426410 0.871874 -0.240852 0.845315 -0.478867 -0.236915 0.321896 0.102573 0.941202
-38.046264 -54.935287 645.029581 4655.767244 -0.452339 -0.836983 0.307975 0.863798 -0.497085 -0.082221 0.221907 0.228836 0.947835
-56.273103 -75.245886 -2382.965959 -308.809382 -0.301835 0.937557 0.172864 -0.475074 0.009289 -0.879897 0.826560 0.347707 -0.442605
-56.180808 -76.268591 -2646.613309 -6028.496709 -0.245158 0.945055 0.216260 -0.305911 0.136264 -0.942258 0.919954 0.297159 -0.255696
-51.248321 -77.076887 -2939.312626 15.025488 -0.154480 0.981271 0.115081 -0.461976 0.031220 -0.886343 0.873335 0.190087 -0.448501
-52.196443 -76.117790 -2977.150307 4109.136755 -0.200061 0.975463 0.091909 -0.635377 -0.057757 -0.770039 0.745837 0.212452 -0.631341
-57.518353 -75.151446 -1685.754665 3671.501924 -0.378935 0.910942 0.163075 -0.599250 -0.107254 -0.793344 0.705200 0.398349 -0.586525
2.455198 -24.247866 1808.591510 -764.579032 -0.236215 -0.876001 0.420504 0.857261 0.015878 0.514637 -0.457500 0.482047 0.747211
4.461170 -28.931469 1200.470825 -1150.632431 -0.358223 -0.861400 0.360092 0.857507 -0.151012 0.491811 -0.369268 0.484959 0.792752
2.103083 -24.446743 614.795707 -459.479663 -0.310678 -0.865109 0.393785 0.850401 -0.067910 0.521735 -0.424615 0.496966 0.756787
2.231531 -21.795852 84.128412 -780.723780 -0.224876 -0.861605 0.455046 0.848173 0.056782 0.526667 -0.479617 0.504393 0.718022
2.738860 -20.106001 -800.123138 -987.443516 -0.275460 -0.860794 0.427967 0.846661 -0.006393 0.532094 -0.455287 0.508913 0.730562
28.949490 -60.180141 2950.812957 1957.676847 0.202352 0.945869 0.253743 0.299828 0.186824 -0.935521 0.932286 -0.265384 0.245793
37.223992 -73.233496 1208.148418 5914.910642 0.317522 0.890452 0.325998 0.261176 0.248368 -0.932792 0.911574 -0.381325 0.153702
34.931215 -69.258026 103.907169 572.602913 0.310328 0.924056 0.223198 0.409450 0.081969 -0.908643 0.857932 -0.373366 0.352917
40.859763 -83.130854 -1323.556934 -19.167266 0.406442 0.877442 0.254757 0.424335 0.065655 -0.903122 0.809163 -0.475168 0.345644
35.785582 -75.061535 -3811.364675 -1518.383528 0.385946 0.905469 0.176555 0.482772 -0.035154 -0.875040 0.786115 -0.422954 0.450703
-5.368878 -45.518731 -624.263791 -211.915229 0.354658 0.897702 0.261436 0.826013 -0.169810 -0.537464 0.438088 -0.406566 0.801738
-7.566908 -45.003770 -415.001208 -185.674224 0.333111 0.913137 0.234986 0.852991 -0.185641 -0.487795 0.401801 -0.362931 0.840736
-6.475267 -48.024082 389.312215 724.684528 -0.306477 -0.911411 -0.274594 0.910280 -0.196277 -0.364506 0.278319 -0.361670 0.889794
-4.086070 -46.259004 -478.325798 203.445164 0.337715 0.897534 0.283517 0.838204 -0.149743 -0.524396 0.428208 -0.414741 0.802887
-7.433979 -54.974346 -25.886723 2021.461996 -0.235097 -0.930412 -0.281182 0.965586 -0.190460 -0.177113 0.111234 -0.313144 0.943169
-5.337284 -50.528698 103.457757 1585.161681 -0.282204 -0.913784 -0.292163 0.915082 -0.164947 -0.367992 0.288074 -0.371201 0.882736
-8.084808 -51.861320 361.448390 1562.296911 -0.256432 -0.929594 -0.264760 0.961898 -0.218554 -0.164277 0.094846 -0.296798 0.950219
5.106389 -61.652416 -301.442415 591.811196 0.338373 0.899632 0.275981 -0.051698 0.310610 -0.949130 0.939591 -0.306892 -0.151611
4.277843 -61.110926 -483.439937 -725.026905 0.339285 0.894503 0.291119 0.148575 0.254635 -0.955556 0.928876 -0.367459 0.046507
5.063896 -62.985896 -43.535622 189.748438 0.312025 0.904449 0.290881 -0.020359 0.312461 -0.949712 0.949856 -0.290412 -0.115909
2.031179 -89.723809 339.135308 -4862.918576 0.011013 0.952058 0.305719 0.605238 0.237026 -0.759938 0.795968 -0.193402 0.573612
-0.659376 -104.408946 322.243271 -9839.925872 -0.001185 0.938730 0.344650 0.438072 0.310308 -0.843684 0.898939 -0.149982 0.411599
3.291440 -98.219932 -132.650960 -8739.076632 0.014109 0.933210 0.359054 0.582301 0.284247 -0.761662 0.812851 -0.219824 0.539399
-2.323210 -95.095542 642.980512 -7105.133942 0.009241 0.957039 0.289811 0.461579 0.253016 -0.850252 0.887051 -0.141628 0.439411
5.166635 -82.229798 -243.192965 -2075.663958 0.019490 0.943595 0.330527 0.719679 0.216244 -0.659773 0.694033 -0.250732 0.674871
4.986649 -81.773644 604.081767 3231.646510 0.010364 0.960996 0.276367 0.730832 0.181355 -0.658023 0.682478 -0.208798 0.700448
1.075673 -83.657745 1205.739900 -604.760207 0.017943 0.970290 0.241279 0.610981 0.180379 -0.770821 0.791442 -0.161248 0.589592
723.948823 -34.170117 726932.424775 -6985.056984 0.336670 0.936888 0.094309 -0.399283 0.051337 0.915389 -0.852776 0.345840 -0.391367
2345.597121 -15.590473 1850916.203973 -5194.097669 0.302490 0.948393 -0.095136 -0.294499 0.187923 0.936993 -0.906515 0.255413 -0.336146
3315.313663 -13.247333 2635225.117783 -12886.847198 -0.093238 0.965955 -0.241325 -0.372259 0.190981 0.908267 -0.923434 -0.174520 -0.341779
1311.444008 -28.757114 1176293.432832 -2887.067444 -0.117895 0.992104 -0.042783 -0.438479 -0.013354 0.898642 -0.890975 -0.124705 -0.436591
4407.934131 44.975178 -31878.291761 -16287.942450 -0.499966 0.752129 -0.429343 -0.482479 0.169796 0.859293 -0.719200 -0.636766 -0.277994
2152.072555 -2.622367 -522032.269664 6661.939123 -0.566514 0.676422 -0.470654 -0.417820 0.256506 0.871568 -0.710273 -0.690404 -0.137309
-8.036753 -49.753351 -5691.746425 4225.357399 0.567360 -0.237549 0.788462 0.359223 0.932978 0.022600 -0.740987 0.270411 0.614668
4.106166 -48.942241 -5146.830190 4609.924792 0.609705 -0.104627 0.785692 0.215894 0.975692 -0.037608 -0.762659 0.192556 0.617473
-11.980771 -61.323190 -6299.195057 4026.315551 0.602371 -0.126087 0.788195 0.195379 0.980699 0.007566 -0.773936 0.149439 0.615379
-21.229159 -61.261364 -5299.416303 4838.576581 0.617190 -0.203311 0.760093 0.299686 0.953965 0.011825 -0.727506 0.220491 0.649706
-25.571946 -74.018272 -5505.045682 6186.781983 0.666403 -0.059550 0.743209 0.100153 0.994921 -0.010084 -0.738834 0.081154 0.668983
-14.211823 -70.125705 -6625.256852 3576.225442 0.612201 -0.019078 0.790472 0.024940 0.999677 0.004812 -0.790309 0.016769 0.612479
62.951045 -1259.791749 -47505.642291 -2503540.487290 0.459228 -0.279718 -0.843130 0.704876 0.692362 0.154226 0.540611 -0.665126 0.515118
207.318376 -611.389524 -331145.268656 -1099912.887834 0.332781 -0.516744 -0.788817 0.643970 0.735605 -0.210212 0.688883 -0.438020 0.577562
356.640303 -976.280627 -639060.731207 -1813973.193779 0.315731 -0.538756 -0.781060 0.589308 0.756498 -0.283596 0.743660 -0.370745 0.556344
-5.640004 -18.763363 -571.505133 -1215.209286 0.488605 -0.867250 0.095618 0.871919 0.489351 -0.017097 -0.031963 0.091725 0.995271
-5.652073 -22.996727 -1069.755031 -1935.501261 0.441733 -0.891533 0.100207 0.897044 0.437232 -0.064338 0.013546 0.118311 0.992884
-2.467047 -18.399137 -1003.110171 -1239.364329 0.402008 -0.909767 0.103509 0.915427 0.401754 -0.024215 -0.019555 0.104489 0.994334
-7.894192 -22.736490 -1510.885923 -1697.661449 0.481187 -0.871654 0.093156 0.876618 0.478479 -0.050984 -0.000133 0.106195 0.994345
-3.530474 -16.394869 -498.810859 -481.776011 0.420516 -0.901819 0.099446 0.905572 0.423925 0.015046 -0.055726 0.083728 0.994929
-7.561771 -19.325238 -1142.166837 -691.082011 0.573981 -0.813760 0.091323 0.817657 0.575622 -0.009865 -0.044540 0.080333 0.995772
-6.426452 -17.238683 -203.340294 -336.911667 0.535174 -0.839350 0.095291 0.842114 0.538995 0.018127 -0.066576 0.070545 0.995284
-1.778283 -261.259534 1099.134882 32529.254510 0.846289 0.066371 0.528573 0.451587 0.436973 -0.777897 0.282602 -0.897023 -0.339833
-0.872481 -227.062983 1212.727871 8402.773901 0.853426 0.077535 0.515415 0.505060 0.121265 -0.854523 0.128758 -0.989587 -0.064331
-2.006862 -277.913681 -1766.809419 27285.055905 0.852881 0.011499 0.521979 0.510237 0.193594 -0.837961 0.110688 -0.981014 -0.159245
-0.572828 -253.313392 404.945616 -18509.977693 0.861071 0.067243 0.504018 0.506574 -0.199270 -0.838853 -0.044029 -0.977635 0.205649
-0.617229 -297.666207 -3629.951235 56619.085827 0.840767 0.008298 0.541334 0.419631 0.621790 -0.661277 0.342083 -0.783140 -0.519298
-6.191158 -274.304628 -959.317511 45868.970056 0.849756 0.039389 0.525703 0.428979 0.527957 -0.732966 0.306419 -0.848357 -0.431737
-3.617643 -284.580594 1487.526707 -30722.757258 0.859208 0.067875 0.507104 0.499750 -0.323656 -0.803428 -0.109595 -0.943737 0.312009
-6.502250 -275.790695 1459.485519 28637.947527 0.855651 0.063770 0.513609 0.505257 0.112111 -0.855656 0.112147 -0.991647 -0.063707
46.635028 -4.121442 -3901.355439 -2691.647092 -0.748408 -0.111324 -0.653829 -0.239320 0.964726 0.109678 0.618556 0.238558 -0.748651
48.023584 -1.905499 6641.761042 -1959.940572 -0.840629 -0.125908 -0.526774 -0.232223 0.962456 0.140539 0.489302 0.240471 -0.838307
48.341527 0.308855 -2985.895610 -2259.340737 -0.750463 -0.117703 -0.650347 -0.257421 0.958362 0.123600 0.608720 0.260171 -0.749514
44.611207 -0.254416 -10903.021531 -2159.305572 -0.658729 -0.087744 -0.747246 -0.260689 0.958272 0.117285 0.705774 0.272058 -0.654116
38.787898 -4.070861 -6497.752857 -1563.091266 -0.684094 -0.103342 -0.722036 -0.264231 0.957786 0.113263 0.679851 0.268267 -0.682521
-14.726792 -91.629280 325.960518 -3583.125761 0.761376 -0.287149 0.581250 -0.345165 0.579386 0.738358 0.548788 0.762795 -0.342017
-15.702096 -89.079902 474.993470 -3328.167516 0.777065 -0.269229 0.568933 -0.333200 0.590902 0.734719 0.533992 0.760494 -0.369462
-15.465140 -97.912548 603.295183 -5248.680828 0.783999 -0.286797 0.550538 -0.405612 0.434694 0.804065 0.469919 0.853691 -0.224471
16.973354 -1956.817693 -25411.544300 -630207.475309 0.970226 -0.006520 0.242115 0.213637 0.494006 -0.842803 0.114111 -0.869434 -0.480691
-19.774572 -314.114341 -22.077030 -102691.209321 0.964231 -0.015641 0.264600 0.265057 0.051023 -0.962882 -0.001559 -0.998575 -0.053344
-13.385879 -305.281489 3168.357411 -99941.821163 0.962460 0.004983 0.271379 0.268745 0.122639 -0.955372 0.038042 -0.992439 -0.116696
-513.302338 -1223.519032 -163794.321858 -345863.556444 0.934377 -0.039127 0.354132 0.335198 0.433421 -0.836534 0.120757 -0.900342 -0.418093
-13.413436 -892.705572 -4306.396143 -269161.797140 0.950059 -0.145218 0.276224 0.309710 0.547418 -0.777441 0.038312 -0.824164 -0.565054
3.166489 -1616.213212 -16414.526675 -632116.189960 0.921594 -0.217466 0.321518 0.313112 0.906048 -0.284672 0.229404 -0.363023 -0.903099
-92.005220 -2236.342060 1919.354802 -767526.545412 0.823355 -0.342995 0.452152 0.460617 0.869293 -0.179339 0.331541 -0.355928 -0.873725
-3.298335 -31.469916 2616.354139 1705.847699 -0.395425 0.894408 0.208982 -0.453438 0.007776 -0.891254 0.798770 0.447184 -0.402484
-6.249718 -34.813870 2867.748884 1571.301609 -0.397628 0.895217 0.201194 -0.383447 0.037082 -0.922818 0.833583 0.444085 -0.328523
-8.164336 -31.817433 1845.876809 1609.730019 -0.326537 0.893960 0.306936 -0.488555 0.118355 -0.864468 0.809128 0.432236 -0.398101
-5.027787 -27.732662 1768.661581 1922.697905 -0.334314 0.896545 0.290587 -0.541439 0.069664 -0.837849 0.771413 0.437440 -0.462135
-0.724471 -26.584236 1998.769644 1740.249242 -0.398411 0.895601 0.197909 -0.503096 -0.032967 -0.863602 0.766918 0.443636 -0.463707
26.247650 -35.784355 -1374.900848 1205.571201 -0.096318 0.975786 0.196378 -0.653079 0.086933 -0.752283 0.751139 0.200709 -0.628892
28.481157 -32.761600 -1255.092549 697.637151 -0.051132 0.970063 0.237408 -0.711602 0.131403 -0.690185 0.700719 0.204231 -0.683580
22.990243 -39.373447 -2878.082523 485.618901 -0.067220 0.991013 0.115651 -0.658735 0.042977 -0.751147 0.749366 0.126675 -0.649926
20.324748 -41.352692 -2528.180305 2012.248104 -0.107615 0.989913 0.092144 -0.590598 0.010903 -0.806892 0.799758 0.141254 -0.583468
25.061973 -38.583660 -2473.915890 1944.706061 -0.121769 0.981215 0.149629 -0.580753 0.051819 -0.812429 0.804921 0.185826 -0.563534
331.256399 -1756.899112 50464.774940 204712.592844 0.502686 0.248629 -0.827944 -0.008299 0.959092 0.282974 0.864429 -0.135375 0.484185
47.978623 -4562.942376 41095.014052 2411172.240750 -0.433594 -0.772699 0.463609 0.897872 -0.414036 0.149667 0.076303 0.481156 0.873308
-2343.236994 -4101.115114 1152030.612097 -537351.490969 0.991658 0.096387 -0.085579 0.051317 -0.904281 -0.423843 0.118241 -0.415915 0.901684
-770.848662 -3348.697993 -770607.197747 1595202.867406 -0.361805 -0.582001 -0.728267 0.782313 0.235329 -0.576721 0.507034 -0.778393 0.370163
-225.932978 -379.242695 -5203.915476 71445.301286 0.413490 0.855151 -0.312639 -0.671037 0.518294 0.530170 -0.615414 0.009428 -0.788147
-220.209222 -728.776393 21539.588943 192907.106539 -0.543409 -0.582168 0.604804 -0.071366 0.749890 0.657702 -0.836429 0.314239 -0.449044
-313.896511 -737.015116 -37129.788564 200661.970317 0.646656 0.694200 -0.316104 -0.209783 0.560285 0.801294 -0.733366 0.451848 -0.507944
82.672219 -111.590731 1682.841463 4966.782805 0.031626 0.749399 0.661363 -0.737194 -0.429338 0.521741 -0.674941 0.504053 -0.538874
78.203529 -113.882648 5447.614430 -3548.368295 0.051990 0.726362 0.685344 0.875342 0.297193 -0.381383 -0.480701 0.619738 -0.620364
70.070876 -113.197069 10854.420670 -7545.457444 0.196541 0.612252 0.765846 0.779455 0.376289 -0.500856 -0.594829 0.695381 -0.403266
82.471980 -98.791779 9379.305361 4065.270029 0.167868 0.643845 0.746515 -0.675635 -0.476299 0.562722 -0.717870 0.598835 -0.355049
80.470774 -97.960357 199.758527 2188.480321 0.046328 0.753430 0.655894 -0.574149 -0.517223 0.634692 -0.817439 0.405985 -0.408619
83.595346 -46.537617 -173.410930 6806.224033 0.323953 0.826918 0.459632 0.088889 -0.510286 0.855399 -0.941888 0.236253 0.238813
76.423696 -53.907280 1206.104644 3202.353024 0.318977 0.773759 0.547313 -0.073861 -0.555428 0.828278 -0.944880 0.304627 0.120019
72.827590 -38.601630 5385.940108 2906.698858 0.470910 0.731842 0.492597 -0.037777 -0.541144 0.840081 -0.881372 0.414211 0.227183
70.920436 -47.661206 2678.834994 2772.086915 0.425464 0.684513 0.591965 -0.193376 -0.570249 0.798387 -0.884073 0.454157 0.110252
63.573849 -34.525821 536.901289 2325.931191 0.547662 0.642590 0.535859 -0.158714 -0.549030 0.820595 -0.821509 0.534457 0.198695
60.622619 -26.603270 9176.132099 258.278054 0.630746 0.647437 0.427767 -0.042188 -0.521828 0.852007 -0.774842 0.555447 0.301827
-1.833286 -39.578451 -4352.069852 -2032.554168 0.134058 0.867575 0.478896 -0.036678 -0.478583 0.877276 -0.990294 0.135171 0.032337
-1.094787 -39.162839 -4557.494931 396.695695 0.131471 0.920627 0.367642 -0.096292 -0.357247 0.929033 -0.986632 0.157542 -0.041682
7.719502 -39.771342 -7818.231891 -539.740460 0.110982 0.912166 0.394508 -0.021074 -0.394711 0.918564 -0.993599 0.110258 0.024582
-7.171672 -35.877678 -360.050473 -613.626504 0.157592 0.878138 0.451707 -0.050045 -0.449733 0.891760 -0.986235 0.163140 0.026927
4.030620 -37.193455 -6259.741236 -1359.563234 0.123745 0.855185 0.503335 0.050918 -0.512037 0.857453 -0.991007 0.080477 0.106906
-7.846162 -37.880662 313.737382 -3907.212963 0.171580 0.773118 0.610614 -0.001344 -0.619621 0.784900 -0.985169 0.135494 0.105275
3.704801 -62.839559 1015.871101 -41.496577 0.113022 0.977219 -0.179636 -0.941030 0.163303 0.296300 -0.318886 -0.135555 -0.938050
5.547323 -61.839753 505.131887 -68.168169 0.102744 0.973816 -0.202796 -0.948822 0.157154 0.273933 -0.298630 -0.164272 -0.940125
3.506982 -62.487497 913.251031 461.125907 0.127668 0.974141 -0.186413 0.983149 -0.149091 -0.105781 -0.130838 -0.169767 -0.976760
5.128578 -59.731306 567.058020 745.793931 0.090289 0.976258 -0.196897 -0.870330 0.173452 0.460912 -0.484121 -0.129750 -0.865327
0.968897 -64.066545 1046.519705 719.435431 0.140591 0.974402 -0.175427 0.979075 -0.163161 -0.121620 -0.147129 -0.154658 -0.976951
3.333189 -60.674505 837.653545 1119.900261 0.095191 0.979878 -0.175435 -0.858531 0.170013 0.483757 -0.503849 -0.104567 -0.857439
1.124650 -64.348795 1070.170612 38.486041 0.122004 0.978013 -0.169131 -0.933837 0.170840 0.314264 -0.336249 -0.119599 -0.934148
12.959743 -86.092188 3388.075657 -6367.995652 -0.012700 0.988609 0.149970 -0.557920 0.117459 -0.821540 0.829797 0.094105 -0.550073
4.525257 -85.925742 2618.366552 562.590893 -0.030234 0.991399 0.127336 -0.601247 0.083732 -0.794664 0.798491 0.100586 -0.593544
10.976361 -94.440106 2856.474848 271.125688 0.006375 0.988572 0.150615 -0.707084 0.110961 -0.698369 0.707101 0.102046 -0.699711
-17.514864 -48.921913 -377.782704 61.224229 0.142371 0.982086 -0.123439 0.914954 -0.083000 0.394932 -0.377611 0.169168 0.910380
-15.879941 -49.857750 502.893806 -236.343847 0.108740 0.976972 -0.183580 0.919740 -0.028811 0.391469 -0.377165 0.211414 0.901693
-14.364595 -49.886608 -172.188121 1027.053736 0.155861 0.977789 -0.140130 0.846666 -0.059173 0.528825 -0.508787 0.201066 0.837083
-13.452524 -49.930945 -340.654611 1161.334548 0.193777 0.978357 -0.072582 0.841325 -0.127670 0.525236 -0.504602 0.162844 0.847855
-11.056063 -52.586118 -69.244944 1216.148496 0.178272 0.979095 -0.097940 0.745625 -0.069468 0.662735 -0.642076 0.191174 0.742422
-12.808839 -51.890740 -627.004680 1073.184173 0.156765 0.975492 -0.154403 0.751117 -0.016246 0.659969 -0.641286 0.219435 0.735256
-7.847597 -43.893912 4475.087936 5087.898469 0.842235 0.341096 0.417485 -0.104595 0.863068 -0.494140 -0.528867 0.372515 0.762583
-8.032670 -58.018734 5922.133381 6036.906069 0.854360 0.264953 0.447066 -0.096315 0.926096 -0.364787 -0.510678 0.268600 0.816739
0.299332 -47.016336 4626.196464 4592.291353 0.853555 0.262845 0.449840 -0.067577 0.911972 -0.404648 -0.516602 0.314991 0.796181
1.026440 -32.975825 2817.006131 3753.254041 0.839338 0.288366 0.460821 -0.039974 0.878152 -0.476709 -0.542138 0.381699 0.748593
9.348375 -42.800091 2867.765804 4028.307954 0.841394 0.183042 0.508479 0.002601 0.939511 -0.342509 -0.540416 0.289507 0.790023
-5.740122 -38.463361 664.653455 1973.655538 0.152716 0.986602 0.057404 0.717915 -0.070832 -0.692518 0.679173 -0.146970 0.719113
-9.100964 -43.955525 -309.465648 2433.836984 0.151683 0.986347 0.064128 0.799695 -0.084331 -0.594454 0.580930 -0.141451 0.801569
-7.937993 -42.512181 -1.904520 2338.145763 0.147030 0.984381 0.096831 0.786244 -0.056912 -0.615289 0.600168 -0.166598 0.782332
55.820063 -49.211494 59260.647960 897.851470 0.325240 0.892579 -0.312284 0.901470 -0.392397 -0.182691 0.285605 0.222096 0.932257
-0.169649 -51.339224 -15896.896555 277.323105 -0.208148 -0.951709 0.225663 0.972516 -0.225989 -0.056051 0.104341 0.207794 0.972592
-7.209015 -51.208730 19342.839901 1124.338660 0.210084 0.949011 -0.235039 0.942248 -0.260668 -0.210288 0.260832 0.177287 0.948966
8.093821 -127.108117 -1577.665622 -531.074416 0.807262 0.504530 0.306231 -0.390214 0.066990 0.918284 -0.442788 0.860791 -0.250953
11.630814 -122.830751 -684.603610 -1293.765899 0.832470 0.467887 0.296776 -0.462716 0.292446 0.836880 -0.304774 0.834001 -0.459951
12.142423 -128.903546 -516.927564 -902.533204 0.823630 0.470419 0.316764 -0.397518 0.080498 0.914057 -0.404491 0.878764 -0.253301
-11.036105 -279.240525 -3359.224649 42575.918088 0.750443 0.197435 0.630758 0.629377 0.077907 -0.773185 0.201794 -0.977215 0.065797
-4.342827 -309.110508 -989.959744 57732.627912 0.725632 0.219944 0.651983 0.634586 0.152391 -0.757679 0.266003 -0.963536 0.028994
2.817113 -183.686770 940.167130 13945.783738 0.762014 0.224674 0.607335 0.510598 0.368370 -0.776913 0.398276 -0.902123 -0.165985
-12.001805 -293.682528 -5796.168568 39081.855416 0.729210 0.169602 0.662938 0.677127 -0.318651 -0.663295 -0.098750 -0.932575 0.347206
-0.363279 -167.081126 268.826162 13161.783325 0.799334 0.237195 0.552090 0.489908 0.274752 -0.827346 0.347930 -0.931799 -0.103415
-12.913086 -201.935141 2584.271283 26149.964412 0.812260 0.289812 0.506204 0.506878 0.078729 -0.858415 0.288632 -0.953840 0.082951
-22.956838 -202.276193 1332.882202 28593.819952 0.789680 0.263600 0.554004 0.588830 -0.072048 -0.805040 0.172294 -0.961938 0.212110
-22.181114 -227.789714 -3093.216422 25482.618419 0.769804 0.200725 0.605897 0.638257 -0.250191 -0.728033 -0.005456 -0.947161 0.320712
3.985250 -22.603951 -3414.311297 260.666212 0.527711 -0.168793 0.832484 0.511147 0.845854 -0.152511 -0.678417 0.506003 0.532645
10.144172 -27.691700 -4031.910685 144.462431 0.518975 -0.169614 0.837792 0.519649 0.840809 -0.151675 -0.678697 0.514074 0.524499
7.011437 -28.610719 -4584.473606 606.039013 0.395287 -0.358424 0.845743 0.561664 0.822861 0.086214 -0.726830 0.440944 0.526580
-0.623073 -21.003057 -2682.168217 2094.665800 0.401662 -0.365300 0.839776 0.588234 0.805730 0.069139 -0.701889 0.466215 0.538513
17.212827 -365.357104 7328.310094 -56826.335242 0.719958 0.447899 0.530139 -0.488101 -0.216251 0.845573 -0.493374 0.867538 -0.062928
-98.436676 -277.107458 -41711.438845 -90647.867007 0.269507 0.960944 0.062862 -0.541912 0.097376 0.834775 -0.796051 0.259044 -0.546991
9.682480 -1117.897188 2401.311607 -526339.637520 0.889030 0.392044 0.236490 -0.440317 0.873672 0.206928 0.125490 0.288095 -0.949344
401.175032 -13093.741157 157496.276172 -5478180.052660 0.768059 0.460098 0.445416 -0.567667 0.167261 0.806088 -0.296379 0.871971 -0.389648
-1.980970 -44.991165 7340.925204 574.990508 0.146180 0.803391 0.577229 0.938225 0.072399 -0.338366 -0.313631 0.591034 -0.743179
-17.135560 -43.122808 4998.330614 464.094582 0.094034 0.821762 0.562018 0.969425 0.052942 -0.239609 -0.226656 0.567365 -0.791659
-17.836954 -44.675706 5244.577197 443.463281 0.116709 0.821297 0.558435 0.932411 0.103034 -0.346401 -0.342036 0.561119 -0.753762
-0.920101 -33.973496 -16.141050 -923.285440 0.191212 0.969829 0.151229 -0.910037 0.117433 0.397545 -0.367791 0.213640 -0.905035
-1.980167 -30.257195 -149.901275 -957.668327 0.166662 0.973496 0.156619 -0.947086 0.113858 0.300109 -0.274322 0.198348 -0.940960
-2.717991 -32.634193 1079.410708 -1412.686650 0.234143 0.961767 0.142063 -0.913933 0.167918 0.369500 -0.331518 0.216352 -0.918307
-4.197667 -32.235222 -1280.570661 -894.124147 0.126252 0.979074 0.159604 -0.947389 0.071299 0.312044 -0.294134 0.190603 -0.936566
-2.982340 -35.477694 -1508.676207 -1038.459966 0.158417 0.977035 0.142504 -0.907836 0.087380 0.410121 -0.388251 0.194340 -0.900829
4.042756 -165.997881 -1304.260294 -8429.467736 0.262110 0.935388 -0.237378 -0.647667 -0.011848 -0.761831 0.715420 -0.353426 -0.602714
8.383010 -192.424685 -1983.742734 -9474.813961 0.240776 0.939071 -0.245300 -0.651187 -0.031111 -0.758279 0.719710 -0.342312 -0.604020
3.881155 -173.967438 -1033.727148 -5994.788684 0.225897 0.937098 -0.266117 -0.806972 0.026988 -0.589973 0.545681 -0.348022 -0.762308
5.731964 -162.903006 -1450.836360 -6188.235731 0.300094 0.935200 -0.188004 -0.457116 -0.031999 -0.888831 0.837251 -0.352672 -0.417892
0.315399 -160.308622 -560.517578 -10885.942775 0.237253 0.936577 -0.257943 -0.792967 0.033328 -0.608352 0.561172 -0.348874 -0.750582
2.144464 -138.127749 -661.384124 -2897.689031 0.309338 0.932987 -0.183972 -0.476192 -0.015482 -0.879205 0.823135 -0.359577 -0.439492
0.352993 -144.449331 -497.797333 -5801.018688 0.277661 0.934581 -0.222401 -0.649152 0.011870 -0.760566 0.708171 -0.355551 -0.609981
-9.446052 -543.499151 -6200.742502 -119523.938889 -0.676879 -0.627965 0.384050 0.696971 -0.378926 0.608808 -0.236783 0.679761 0.694161
12.702320 -290.670059 868.687542 -62245.820687 0.573827 0.703148 -0.419888 0.486619 0.119646 0.865383 -0.658730 0.700905 0.273509
-75.715027 -1217.817773 -42127.199217 -275616.343873 -0.580475 -0.691172 0.430501 0.633636 -0.051356 0.771925 -0.511424 0.720864 0.467762
-28.420940 -228.869036 17543.486178 -45501.511615 0.577544 0.657913 -0.483314 0.423760 0.264419 0.866320 -0.697761 0.705147 0.126084
-11.621389 -1759.560980 -9103.472236 -582867.793804 0.813582 0.533093 -0.232156 0.579427 -0.710048 0.400120 -0.048459 0.460048 0.886571
-7.792586 -867.286336 1556.108618 -204512.148386 0.714716 0.631368 -0.300923 0.694845 -0.591868 0.408513 -0.079815 0.501066 0.861721
-112.321047 -341.701680 -11664.382389 -36500.546417 -0.275955 -0.518182 0.809528 0.798935 0.344584 0.492914 -0.534370 0.782783 0.318904
-29.944572 -89.263954 -5839.897247 14328.873672 -0.350716 0.936480 0.001891 0.933789 0.349860 -0.075069 0.070962 0.024562 0.997177
-52.690647 -78.562649 -1206.288888 3218.933275 0.031684 -0.978417 0.204196 0.990331 0.058338 0.125864 -0.135060 0.198234 0.970805
-57.858507 -80.853596 1836.390355 2002.313947 -0.254119 0.953570 -0.161644 0.942483 0.281671 0.179966 -0.217140 0.106614 0.970301
-51.601027 -89.100393 17.471644 5198.672351 -0.453887 0.883774 -0.113715 0.874514 0.466295 0.133396 -0.170917 0.038898 0.984517
-53.048016 -71.538244 -2063.836570 -5145.428687 -0.236739 0.938332 0.251967 -0.194013 0.208459 -0.958595 0.952005 0.275822 -0.132698
-56.076651 -69.836329 -2421.723987 -4712.805811 -0.273760 0.844001 0.461213 -0.266975 0.394005 -0.879480 0.924002 0.363899 -0.117465
-49.386923 -75.680365 -633.486915 -4144.845108 -0.165804 0.976803 0.135520 -0.233129 0.094703 -0.967823 0.958207 0.192062 -0.212019
-50.666681 -63.046367 -1766.934740 -1632.902823 -0.248297 0.782626 0.570829 -0.199494 0.535338 -0.820741 0.947919 0.317664 -0.023206
-48.923515 -66.542088 -370.855526 -1945.304902 -0.233137 0.949556 0.209740 -0.107652 0.189156 -0.976028 0.966467 0.250127 -0.058122
4.023120 -30.960577 33.119005 -1465.476027 -0.310700 -0.857181 0.410738 0.874387 -0.088311 0.477126 -0.372711 0.507387 0.776946
7.417226 -38.407325 -79.689560 -2840.867222 -0.392717 -0.843322 0.366854 0.874285 -0.218601 0.433404 -0.285305 0.490940 0.823152
7.443811 -37.337732 881.356952 -3017.653003 -0.433852 -0.843077 0.317794 0.852849 -0.270533 0.446610 -0.290553 0.464793 0.836389
4.256506 -29.675461 593.172716 -1776.097542 -0.440131 -0.843020 0.309196 0.830091 -0.250692 0.498099 -0.342394 0.475890 0.810121
23.367622 -100.780243 -493.015941 990.618029 0.865595 -0.268498 0.422675 -0.448529 -0.040442 0.892853 0.222635 0.962431 0.155436
37.942750 -102.182989 -30.012094 11472.592939 0.875651 -0.301604 0.377188 -0.463562 -0.305862 0.831600 0.135447 0.903041 0.407640
35.000715 -98.040803 1935.791643 10550.482136 0.840205 -0.258020 0.476949 -0.539358 -0.306641 0.784260 0.056103 0.916186 0.396806
40.159424 -107.244664 -6213.062842 4318.091207 0.912861 -0.309907 0.265787 -0.324966 -0.157454 0.932526 0.247147 0.937639 0.244442
22.017547 -98.563926 1098.227015 2085.641165 0.803015 -0.198537 0.561916 -0.577474 -0.026213 0.815988 0.147274 0.979743 0.135700
10.836492 -94.708371 1189.529696 -7673.454731 0.829493 -0.226315 0.510611 -0.458644 0.245709 0.853975 0.318728 0.942555 -0.100016
17.273786 -98.440959 -2709.605747 -9122.030423 0.898671 -0.303281 0.316878 -0.269618 0.187881 0.944461 0.345972 0.934196 -0.087073
10.210294 -97.517076 -639.383716 -8598.606572 0.875912 -0.248869 0.413331 -0.360710 0.231156 0.903579 0.320417 0.940548 -0.112702
3.459732 -64.217057 748.078808 1004.871806 0.274379 0.920754 0.277361 -0.188499 0.334333 -0.923412 0.942966 -0.201083 -0.265295
0.464414 -65.078358 1083.741547 1027.900215 0.251727 0.936385 0.244573 -0.350558 0.323771 -0.878796 0.902077 -0.135479 -0.409759
2.609620 -62.571130 819.098586 1070.220813 0.265945 0.929705 0.254798 -0.362318 0.341338 -0.867303 0.893308 -0.138337 -0.427626
2.455774 -106.028442 955.674541 -5460.701785 -0.019297 0.931363 0.363580 0.350360 0.346888 -0.870010 0.936416 -0.110596 0.333006
-2.011701 -108.383775 1083.296715 -3424.213319 -0.022438 0.935235 0.353315 0.166400 0.351968 -0.921102 0.985803 -0.038124 0.163520
-5.002438 -105.099952 464.094853 -7292.694971 0.010423 0.944512 0.328311 0.240957 0.316282 -0.917554 0.970480 -0.088673 0.224290
446.250478 -39.114171 402238.909779 -1593.451097 0.401852 0.913224 0.067354 -0.324260 0.073127 0.943137 -0.856370 0.400842 -0.325508
431.062833 -45.380882 317793.504398 744.406876 0.371753 0.927027 -0.049195 -0.213187 0.136828 0.967383 -0.903521 0.349140 -0.248496
1213.009779 -67.558706 757075.439994 6859.876181 0.238470 0.929527 -0.281268 -0.168642 0.324859 0.930605 -0.956395 0.174488 -0.234226
0.351304 -40.523679 -3954.055814 2385.671482 0.577289 -0.221874 0.785818 0.359515 0.933139 -0.000642 -0.733135 0.282884 0.618458
8.823280 -40.106547 -4188.359532 2734.949601 0.616834 -0.136534 0.775161 0.275836 0.959881 -0.050427 -0.737177 0.244922 0.629748
14.591570 -40.210607 -2788.870818 3067.033395 0.671564 -0.054112 0.738968 0.192346 0.975870 -0.103343 -0.715545 0.211539 0.665768
18.812364 -46.799901 -2957.790076 3760.594462 0.677124 -0.018291 0.735642 0.105744 0.991734 -0.072674 -0.728232 0.126999 0.673461
11.968610 -52.842513 -4963.606764 3216.730463 0.630777 -0.008037 0.775922 0.061424 0.997326 -0.039604 -0.773529 0.072642 0.629584
-5.592051 -73.577109 23.173558 -4780.447598 -0.726312 0.195592 -0.658949 0.027315 0.966116 0.256659 0.686822 0.168416 -0.707044
-7.594086 -77.367594 -1078.084188 -7065.772801 -0.704859 0.278935 -0.652203 0.043214 0.934619 0.353016 0.708030 0.220643 -0.670828
-5.318920 -72.711042 -236.286540 -3080.996603 -0.713213 0.250185 -0.654778 0.103579 0.961495 0.254556 0.693252 0.113732 -0.711665
-10.056772 -78.973501 350.055877 -3898.600443 -0.730959 0.253540 -0.633574 -0.045462 0.908267 0.415914 0.680905 0.332820 -0.652380
-0.664403 -68.856604 785.531233 -976.440842 -0.724870 0.176072 -0.666004 0.094703 0.983076 0.156823 0.682345 0.050604 -0.729277
0.330833 -68.343944 1323.432623 -1986.035673 -0.733612 0.118782 -0.669107 0.058314 0.991977 0.112163 0.677062 0.043266 -0.734653
1.633930 -69.026234 2601.702273 -2976.063455 -0.738274 0.042481 -0.673161 -0.045640 0.992581 0.112693 0.672955 0.113922 -0.730858
-9.735684 -75.124340 1477.993085 -1987.484636 -0.746810 0.135351 -0.651118 -0.105763 0.942438 0.317215 0.656574 0.305763 -0.689507
-11.893636 -77.325545 452.746884 -3302.814394 -0.742265 0.203756 -0.638378 -0.079181 0.919308 0.385490 0.665412 0.336683 -0.666237
-1.685077 -23.087917 -1504.766010 -2109.205091 0.370354 -0.922509 0.108699 0.928470 0.364119 -0.073222 0.027969 0.128042 0.991374
-5.616712 -28.501034 -1677.420031 -2104.636044 0.402431 -0.909460 0.104554 0.911804 0.388020 -0.134367 0.081633 0.149406 0.985400
-8.497010 -27.971502 -1849.398158 -1939.325733 0.425897 -0.899752 0.095175 0.902191 0.414385 -0.119737 0.068294 0.136861 0.988233
-2.028855 -259.052554 1772.529761 938.020496 0.849307 0.106896 0.516963 0.514445 0.052084 -0.855940 0.118422 -0.992905 0.010757
50.571923 4.162045 7625.716201 -2356.207238 -0.838131 -0.149144 -0.524683 -0.252620 0.958652 0.131034 0.483445 0.242369 -0.841153
-12.668288 -114.598992 -194.899486 -1183.153482 0.820488 -0.258631 0.509814 -0.559730 -0.182182 0.808401 0.116199 0.948641 0.294242
-13.000260 -114.042988 694.077327 -3034.174710 0.795334 -0.297292 0.528262 -0.549423 0.014613 0.835416 0.256082 0.954675 0.151717
-13.814474 -111.620072 151.381187 -3844.119983 0.812661 -0.260932 0.521053 -0.527707 0.049777 0.847967 0.247198 0.964073 0.097243
6.355356 -14.323907 1694.124149 -1138.895382 0.199998 -0.975817 -0.088215 0.979771 0.199827 0.010853 0.007038 -0.088601 0.996042
5.237047 -19.436603 835.183207 -3528.186392 0.212052 -0.974367 -0.075118 0.977007 0.213115 -0.006328 0.022175 -0.072049 0.997155
2.006264 -15.961637 1604.013615 -879.580160 0.209887 -0.973003 -0.095981 0.977377 0.211419 -0.005966 0.026097 -0.092557 0.995365
8.948362 -18.061362 1608.005442 -3496.744253 0.177205 -0.982070 -0.064317 0.984168 0.177043 0.008258 0.003277 -0.064763 0.997895
0.293603 -16.198283 2097.329926 1808.854898 0.125844 -0.985901 -0.110283 0.991977 0.126406 0.001904 0.012063 -0.109638 0.993898
5.755659 -14.889350 2260.632731 1372.843851 0.122983 -0.986919 -0.104238 0.992379 0.121481 0.020661 -0.007727 -0.105985 0.994338
-9.024538 -38.074154 2628.082456 997.035865 -0.397099 0.898363 0.187765 -0.292017 0.070279 -0.953828 0.870080 0.433594 -0.234429
-0.400060 -38.373780 3516.790428 1168.310319 -0.430062 0.893603 0.128528 -0.271915 0.007544 -0.962292 0.860877 0.448794 -0.239739
-4.457445 -41.152132 3219.614941 938.235446 -0.436082 0.893768 0.104935 -0.171397 0.031982 -0.984683 0.883434 0.447388 -0.139243
6.080499 -41.977381 4454.044056 908.681463 -0.443585 0.892567 0.080975 -0.164268 0.007849 -0.986385 0.881050 0.450847 -0.143138
26.324270 -36.196148 -3085.880769 329.254625 -0.030025 0.989106 0.144109 -0.719658 0.078664 -0.689859 0.693680 0.124422 -0.709456
31.843291 -27.337112 -1562.085163 2791.618576 -0.006161 0.962683 0.270560 -0.768971 0.168402 -0.616705 0.639254 0.211852 -0.739238
440.381282 -21.591714 187000.889412 -5589.715493 -0.370056 -0.153773 -0.916194 0.802462 -0.549824 -0.231838 -0.468095 -0.821004 0.326863
126.464181 -2.392989 40735.115501 3848.063346 -0.543446 0.013774 -0.839331 0.700153 -0.544151 -0.462261 -0.463090 -0.838874 0.286073
100.257335 -14.270655 48225.080492 326.775667 -0.402078 -0.092211 -0.910950 0.762067 -0.585196 -0.277127 -0.507531 -0.805632 0.305565
39.296004 -15.155179 22265.801253 4371.723016 -0.400717 -0.133825 -0.906376 0.735898 -0.636326 -0.231394 -0.545784 -0.759723 0.353469
241.888325 -30.643152 89133.714317 -1098.440635 -0.271209 -0.229441 -0.934774 0.805164 -0.586227 -0.089715 -0.527406 -0.776978 0.343727
459.760968 -3575.943371 -91263.132800 -148158.866396 0.807646 0.325571 -0.491642 0.007644 0.827910 0.560808 0.589618 -0.456693 0.666170
9049.447231 3345.616213 3349768.100417 912579.295990 0.961428 -0.268406 0.060118 -0.259064 -0.810197 0.525801 0.092420 0.521095 0.848480
77.522509 -2319.918252 -35344.454662 922594.637092 0.978812 -0.199460 0.046286 -0.137236 -0.806810 -0.574651 -0.151964 -0.556124 0.817088
1242.296836 -7229.084216 438276.682701 -2187036.188735 0.555713 -0.324326 0.765503 -0.040190 0.909212 0.414388 -0.830402 -0.261047 0.492227
97.471312 -189.864725 -38664.986784 73501.177305 -0.621771 0.009123 -0.783146 0.766993 0.209456 -0.606506 0.158501 -0.977776 -0.137231
-0.667437 -526.046250 24774.640730 155506.535516 0.248224 0.682609 0.687336 -0.712782 -0.351789 0.606784 -0.655993 0.640539 -0.399228
-138.474689 -247.975206 43108.739119 52860.024464 0.418672 0.764926 0.489491 -0.572124 -0.196423 0.796299 -0.705257 0.613438 -0.355396
-17.033450 -139.099421 17479.042958 29685.064494 0.190026 0.684448 0.703861 -0.591183 -0.492606 0.638625 -0.783832 0.537467 -0.311026
17.888188 -131.133290 7225.869003 24971.653415 0.166800 0.754652 0.634570 -0.637321 -0.408549 0.653383 -0.752329 0.513409 -0.412810
-40.175350 -82.278698 11273.037501 3774.850096 -0.060049 0.408007 0.911002 0.532728 0.784907 -0.316419 -0.844153 0.466316 -0.264490
-3.276138 -73.268682 4749.831341 6922.986479 0.120088 0.789550 0.601822 -0.539731 -0.456868 0.707080 -0.833228 0.409734 -0.371280
68.240338 -105.187822 8303.283316 2356.799658 0.056147 0.695633 0.716200 0.958775 0.162574 -0.233068 -0.278565 0.699761 -0.657827
58.305357 -106.287352 9349.056984 -987.748925 0.157336 0.623557 0.765782 0.920123 0.189045 -0.342981 -0.358635 0.758577 -0.544005
75.596503 -62.046242 -8453.184701 4950.018879 0.093057 0.856902 0.507010 0.050222 -0.512611 0.857151 -0.994393 0.054301 0.090737
78.386229 -64.965602 5471.863105 2939.306968 0.281962 0.714836 0.639927 -0.241833 -0.592501 0.768414 -0.928447 0.371419 -0.005808
75.345683 -66.603047 -1906.459895 1496.441231 0.180074 0.789030 0.587371 -0.147550 -0.568710 0.809196 -0.972524 0.232382 -0.014011
-14.274772 -34.164053 1274.021046 303.229414 0.199523 0.780294 0.592732 -0.850171 0.438622 -0.291238 0.487237 0.445815 -0.750899
-10.463098 -33.790272 1019.098828 -261.832016 0.131901 0.809444 0.572192 -0.816955 0.415692 -0.399731 0.561415 0.414730 -0.716109
-15.533963 -33.131384 746.360119 811.049239 -0.055135 0.894749 0.443152 -0.849941 0.190856 -0.491095 0.523985 0.403729 -0.749961
-11.059517 -37.709220 535.458666 -916.612567 0.290174 0.700003 0.652529 -0.803513 0.548570 -0.231166 0.519775 0.457237 -0.721643
-20.108250 -30.944155 736.612520 1258.641075 -0.047463 0.891397 0.450731 -0.890307 0.166836 -0.423697 0.452880 0.421399 -0.785699
-18.301256 -33.547678 1948.459314 1052.163588 0.372235 0.688291 0.622653 0.833065 -0.543537 0.102811 0.409199 0.480440 -0.775715
-13.999378 -38.856352 570.611739 900.894042 0.391541 0.640173 0.660965 0.813999 -0.575924 0.075612 0.429071 0.508419 -0.746598
-5.383464 -36.675652 -1268.450984 1358.556798 0.162134 0.932113 0.323849 -0.116377 -0.307838 0.944294 -0.979882 0.190791 -0.058566
5.171189 -61.291211 447.861820 432.027662 0.113414 0.971775 -0.206859 0.987469 -0.133246 -0.084561 -0.109737 -0.194676 -0.974710
6.138729 -61.213658 -339.023765 -98.385275 0.092288 0.966393 -0.239934 -0.955642 0.153648 0.251277 -0.279698 -0.206101 -0.937705
6.004800 -59.546202 -131.809944 539.473053 0.082209 0.969509 -0.230853 -0.881132 0.178939 0.437706 -0.465669 -0.167429 -0.868977
6.630843 -79.546784 3277.387135 -4727.419457 -0.043519 0.989148 0.140332 -0.437610 0.107399 -0.892728 0.898111 0.100262 -0.428187
-3.831466 -81.424218 1573.833745 783.883968 -0.034808 0.995169 0.091794 -0.483092 0.063652 -0.873253 0.874877 0.074741 -0.478543
-4.112582 -82.838098 1321.136361 2184.589728 -0.018492 0.994650 0.101637 -0.634215 0.066917 -0.770256 0.772936 0.078703 -0.629584
-20.457365 -51.478047 599.439468 -1410.580189 0.052958 0.983532 -0.172803 0.968864 -0.008694 0.247440 -0.241862 0.180526 0.953369
-12.421496 -51.315738 3214.926281 -1293.352791 0.108003 0.972431 -0.206673 0.967023 -0.054527 0.248785 -0.230657 0.226727 0.946252
-18.091826 -59.184211 5049.134405 7226.034598 0.830778 0.314378 0.459320 -0.105998 0.899476 -0.423919 -0.546418 0.303495 0.780588
-18.968198 -69.961006 5205.213709 7232.040901 0.837180 0.229087 0.496637 -0.092835 0.954395 -0.283747 -0.538991 0.191442 0.820268
-9.801747 -111.820997 -906.977111 464.803177 0.781782 0.488681 0.387308 -0.427605 -0.031924 0.903402 -0.453840 0.871878 -0.184004
-9.038379 -108.776080 -631.234975 232.432824 0.778359 0.454717 0.432885 -0.364078 -0.234803 0.901285 -0.511472 0.859127 0.017209
-10.886931 -113.294237 -323.008690 904.627113 0.780751 0.464746 0.417658 -0.460627 -0.023552 0.887281 -0.422197 0.885131 -0.195686
-0.862552 -504.152040 -7418.225699 132528.570252 0.734826 0.200423 0.647967 0.671514 -0.080612 -0.736594 0.095397 -0.976387 0.193822
32.123196 -844.759731 -6216.362608 261858.469859 0.732000 0.208640 0.648572 0.566164 0.343267 -0.749418 0.378992 -0.915771 -0.133147
6.179745 -198.410568 3467.386441 23985.002061 0.743885 0.228267 0.628116 0.496169 0.441002 -0.747886 0.447718 -0.867993 -0.214795
-0.757528 -249.778488 4494.314466 -50371.449476 0.531322 0.445581 0.720524 0.799907 -0.543972 -0.253462 0.279007 0.711022 -0.645448
-25.632471 -277.338530 6657.102248 -60829.796017 0.540836 0.456010 0.706789 0.791838 -0.559451 -0.244964 0.283708 0.692148 -0.663657
-13.049462 -359.662115 4944.936495 -97825.205469 0.562884 0.446162 0.695774 0.823578 -0.373904 -0.426514 0.069859 0.813102 -0.577914
4.937444 -227.772816 5698.329675 -40927.272227 0.554237 0.432527 0.711155 0.826779 -0.384837 -0.410289 0.096219 0.815366 -0.570895
-2.826733 -152.871780 3464.493263 -2857.561754 0.671941 0.388181 0.630722 0.736870 -0.265002 -0.621929 -0.074278 0.882661 -0.464105
-19.472113 -132.569863 5090.548341 2507.954417 0.660016 0.377833 0.649324 0.747218 -0.240715 -0.619453 -0.077748 0.894035 -0.441199
-3.668120 -22.857628 345.345135 1095.785207 0.214602 0.796255 0.565619 0.012015 -0.581220 0.813658 -0.976628 0.167817 0.134298
-3.566256 -23.041319 1072.647557 1481.021071 0.222397 0.814514 0.535822 -0.000728 -0.549447 0.835528 -0.974956 0.186209 0.121602
-3.859091 -27.042898 1339.291310 1769.093027 0.217373 0.830662 0.512590 -0.038569 -0.517428 0.854857 -0.975326 0.205593 0.080437
-4.640982 -19.404257 434.158272 812.354301 0.225311 0.766402 0.601551 0.036345 -0.623609 0.780891 -0.973609 0.154080 0.168361
