19799
39584
-38.959095 -61.144837 158.208116 5015.811447 0.237493 0.871448 0.429157 -0.333247 -0.341893 0.878667 -0.912438 0.351692 -0.209210
-42.484397 -70.231614 131.805209 2350.003917 0.276101 0.878447 0.389999 -0.443941 -0.243334 0.862383 -0.852458 0.411241 -0.322794
-50.603439 -78.482497 1130.181232 9421.859248 0.397867 0.911756 -0.101993 -0.251679 0.215375 0.943542 -0.882247 0.349735 -0.315161
-35.715861 -61.410957 -467.735535 3530.462119 0.234171 0.757531 0.609353 -0.437830 -0.477448 0.761806 -0.868026 0.445185 -0.219865
-37.554929 -65.631028 -2958.587918 12010.272319 0.279837 0.959860 0.018961 -0.166820 0.029166 0.985556 -0.945443 0.278958 -0.168286
-33.092768 -50.254274 899.326823 7815.595557 0.171622 0.777587 0.604900 -0.257076 -0.557388 0.789449 -0.951030 0.290992 -0.104239
-30.570512 -51.241249 789.938893 -3959.412478 0.172294 0.634152 0.753768 0.361649 0.671051 -0.647225 -0.916256 0.384113 -0.113722
35.355471 -41.006204 6415.102117 79.113100 -0.151350 0.969806 0.191232 0.491472 -0.094024 0.865803 -0.857641 -0.225024 0.462402
41.075024 -31.715225 10957.195784 1848.536125 -0.150920 0.987960 0.034028 0.513985 0.049019 0.856397 -0.844418 -0.146737 0.515195
38.030461 -32.384971 8231.686228 3687.685947 -0.237994 0.968887 0.067954 0.491969 0.059929 0.868548 -0.837452 -0.240140 0.490925
12.703784 -53.688805 -8387.544750 20087.920999 -0.358433 0.913376 0.193054 0.584540 0.058340 0.809265 -0.727900 -0.402916 0.554816
10.671004 -71.552824 -12211.265888 20753.398419 -0.164864 0.851237 0.498213 0.651429 -0.285301 0.703025 -0.740581 -0.440453 0.507485
42.990040 -11.468882 19542.877815 1958.300870 -0.435554 0.872187 -0.222671 0.373661 0.400230 0.836775 -0.818944 -0.281257 0.500225
1.319860 -79.185735 -56760.815302 15021.235688 -0.168166 0.970719 -0.171534 -0.790962 -0.029025 0.611176 -0.588302 -0.238456 -0.772684
52.550926 -136.235349 -57938.396195 41894.068903 0.004379 0.996463 -0.083918 -0.752165 0.058581 0.656366 -0.658961 -0.060246 -0.749761
94.797079 -70.972901 -57755.924858 48254.268282 -0.240055 0.970072 0.036532 -0.636259 -0.185649 0.748805 -0.733176 -0.156511 -0.661783
-7.309649 -53.705974 -381.533025 5765.755322 -0.214554 0.974723 0.062301 -0.973910 -0.218331 0.061892 -0.073930 0.047396 -0.996137
-6.919412 -54.026756 -556.565261 -4839.257820 -0.211422 0.975192 0.065588 -0.969219 -0.200519 -0.142852 0.126157 0.093771 -0.987568
-7.563135 -55.225934 -595.722901 1297.109133 -0.209215 0.977131 0.037991 0.976926 0.207149 0.052017 0.042957 0.047997 -0.997923
-9.255839 -53.410975 -253.706741 -225.575812 -0.209318 0.974330 0.082872 0.977658 0.206855 0.037373 0.019271 0.088843 -0.995859
-7.475852 -58.358343 -910.556076 11313.489620 -0.220070 0.975111 0.026968 -0.969371 -0.221697 0.105690 -0.109039 0.002883 -0.994033
-10.096198 -53.098602 -326.112068 5806.547179 -0.196417 0.977170 0.080994 -0.969485 -0.205901 0.133056 -0.146695 0.052388 -0.987794
-8.275391 -50.736090 -859.555785 7120.024090 -0.208743 0.976454 0.054437 -0.959669 -0.215237 0.180854 -0.188313 0.014490 -0.982002
-7.403730 -50.417812 -364.410876 7314.581040 -0.225501 0.973243 0.044123 -0.954387 -0.229776 0.190653 -0.195690 -0.000882 -0.980665
-11.511282 -54.981938 579.211332 -663.770551 -0.132838 0.985272 0.107668 0.923499 0.162483 -0.347490 0.359867 -0.053271 0.931482
-12.212858 -56.141557 -487.729075 1308.084178 -0.138615 0.981977 0.128478 0.875520 0.182141 -0.447536 0.462872 -0.050450 0.884989
-6.639445 -55.961481 4027.339490 -2961.611956 -0.222380 0.969357 0.104376 0.921065 0.243981 -0.303500 0.319666 -0.028645 0.947097
-4.985944 -54.590899 2469.108825 -3064.367985 -0.196425 0.973799 0.114596 0.955236 0.216418 -0.201710 0.221225 -0.069845 0.972718
19.396475 -71.517687 -4425.003768 11727.210993 -0.256507 0.961000 0.103360 -0.064396 -0.123692 0.990229 -0.964395 -0.247345 -0.093612
23.179496 -68.943980 -5921.508878 5459.455360 -0.241709 0.966483 0.086527 0.007765 -0.087241 0.996157 -0.970318 -0.241452 -0.013582
19.125029 -71.003736 -4790.670144 6519.897179 -0.258890 0.960809 0.099108 0.009513 -0.100065 0.994935 -0.965860 -0.258521 -0.016766
11.771557 -74.704411 -2113.038674 7650.162049 -0.263618 0.957765 0.114857 -0.040416 -0.129930 0.990699 -0.963780 -0.256524 -0.072961
14.918543 -72.027281 -4055.568718 -163.466941 -0.268439 0.956649 0.112975 0.047839 -0.103896 0.993437 -0.962108 -0.272082 0.017876
-8.498130 -103.516065 -248.249516 2025.384000 0.018496 0.998380 0.053805 0.585322 0.032817 -0.810137 0.810590 -0.046477 0.583766
-10.815406 -104.517545 173.722598 -591.441905 0.009538 0.997862 0.064657 0.737805 0.036621 -0.674019 0.674946 -0.054133 0.735879
-10.836770 -104.958527 220.728046 1139.243170 0.017506 0.996542 0.081229 0.633951 0.051760 -0.771639 0.773175 -0.065003 0.630853
-9.148796 -104.159044 592.291295 3043.191632 0.023609 0.998033 0.058077 0.449239 0.041306 -0.892456 0.893099 -0.047161 0.447380
-6.523621 -101.525092 187.525036 3690.777564 0.027261 0.999429 0.019983 0.406902 0.007165 -0.913444 0.913065 -0.033033 0.406474
1.354502 -50.179776 334.220688 402.858270 0.003000 0.998605 0.052721 -0.147302 0.052588 -0.987693 0.989087 0.004803 -0.147254
2.536686 -48.751808 -196.974114 -1490.038316 0.015522 0.996707 0.079590 -0.079577 0.080578 -0.993567 0.996708 -0.009089 -0.080566
1.294413 -50.784397 -1887.006354 -1244.616894 0.033396 0.994831 0.095893 -0.000640 0.095968 -0.995384 0.999442 -0.033180 -0.003842
2.225096 -50.932043 728.182296 -485.013811 -0.004699 0.997429 0.071511 0.017454 0.071582 -0.997282 0.999837 0.003439 0.017746
1.983708 -50.812587 1397.182957 -1722.491210 -0.021631 0.998053 0.058498 -0.035295 0.057713 -0.997709 0.999143 0.023647 -0.033978
0.686520 -51.422233 177.738959 1434.118761 -0.004654 0.999205 0.039593 -0.167521 0.038255 -0.985126 0.985857 0.011217 -0.167210
1.026003 -56.259410 1691.400790 -2519.736257 -0.031507 0.999437 0.011492 -0.270492 0.002543 -0.962719 0.962206 0.033441 -0.270260
2.084687 -52.996768 -241.591181 303.767068 0.004743 0.999681 0.024814 -0.273308 0.025165 -0.961597 0.961915 0.002221 -0.273340
-0.428776 -55.081670 1261.104482 -250.852760 -0.023644 0.999591 0.016084 -0.242500 0.009873 -0.970101 0.969863 0.026837 -0.242167
-7.013749 -95.669913 664.526719 5055.375183 0.196757 0.976545 -0.087449 0.225385 0.041754 0.973375 -0.954195 0.211228 0.211883
-8.151833 -104.597147 714.005071 3611.492874 0.198618 0.976917 -0.078633 0.040986 0.071882 0.996571 -0.979220 0.201160 0.025762
-9.444002 -98.619993 434.944036 4816.743705 0.168523 0.981561 -0.090212 0.182972 0.058779 0.981359 -0.968567 0.181888 0.169692
-7.249279 -91.184987 997.467963 5250.123527 0.189078 0.977518 -0.093318 0.354586 0.020653 0.934795 -0.915706 0.209839 0.342709
-10.208000 -89.934826 1282.985917 6423.023301 0.168433 0.981370 -0.092434 0.376450 0.022624 0.926161 -0.910997 0.190792 0.365626
-12.483523 -97.588797 1825.283066 3634.757112 0.158496 0.983078 -0.091851 0.204923 0.058249 0.977043 -0.965860 0.173680 0.192223
-12.347389 -102.603879 1417.982315 819.586752 0.148334 0.986510 -0.069248 -0.000945 0.070164 0.997535 -0.988937 0.147903 -0.011339
-0.310042 -73.483420 279.500412 1161.655548 0.051354 0.997982 0.037334 -0.244491 0.048809 -0.968422 0.968291 -0.040604 -0.246504
-0.476548 -73.154231 386.713510 4593.808462 0.052963 0.997591 0.044807 -0.232355 0.055950 -0.971021 0.971188 -0.041017 -0.234758
-0.843613 -83.285345 482.502674 10900.745321 0.058732 0.995340 0.076483 -0.148254 0.084462 -0.985336 0.987204 -0.046532 -0.152524
0.528937 -74.953809 646.379595 -5235.170042 0.028550 0.999500 -0.013568 -0.337921 -0.003124 -0.941169 0.940741 -0.031456 -0.337663
-0.324188 -79.625296 -392.025066 8853.827775 0.070437 0.994595 0.076284 -0.163670 0.086960 -0.982675 0.983997 -0.056731 -0.168910
0.709332 -79.707116 -539.305324 -6217.009761 0.045535 0.998954 -0.004267 -0.353405 0.012114 -0.935392 0.934362 -0.044101 -0.353587
0.745528 -77.986463 -677.580921 2119.209700 0.066611 0.995875 0.061608 -0.231810 0.075502 -0.969827 0.970478 -0.050320 -0.235883
-10.383489 -37.647897 -225.639924 -991.759020 0.010672 0.998000 -0.062313 0.467004 -0.060077 -0.882212 0.884191 0.019685 0.466711
-10.238924 -35.855222 -16.493965 -423.839221 0.011136 0.999509 -0.029285 0.518389 -0.030815 -0.854589 0.855072 0.005664 0.518478
-9.602088 -38.367957 -522.770906 -896.031320 0.026818 0.998447 -0.048820 0.449211 -0.055666 -0.891690 0.893023 -0.001983 0.450006
-9.341577 -42.069105 -746.709029 -2638.773914 0.016268 0.998718 -0.047928 0.401916 -0.050423 -0.914287 0.915532 0.004389 0.402221
-9.863372 -42.083134 -535.472822 -2725.233498 -0.009024 0.999296 -0.036427 0.412914 -0.029454 -0.910294 0.910725 0.023256 0.412358
-1.563324 -106.907073 -951.074720 6645.238945 -0.490425 -0.039862 -0.870571 -0.184092 0.981150 0.058780 0.851818 0.189093 -0.488519
-3.136997 -100.638019 -426.265988 110.500410 -0.482401 -0.065545 -0.873495 -0.337217 0.934237 0.116130 0.808439 0.350578 -0.472780
-0.619983 -95.668054 -1850.162270 2826.931638 -0.487944 -0.016123 -0.872726 -0.248190 0.961124 0.121008 0.836846 0.275647 -0.472976
3.857451 -109.350600 812.923459 -9652.543208 0.537347 0.284778 0.793826 -0.079161 0.954140 -0.288704 -0.839638 0.092294 0.535247
8.502080 -131.943938 -158.195625 -14140.731733 0.540399 0.320542 0.777960 0.100593 0.893349 -0.437960 -0.835374 0.314930 0.450521
6.558141 -133.545284 2354.844846 -17359.665878 0.560860 0.273970 0.781266 0.071467 0.924116 -0.375369 -0.824820 0.266364 0.498720
1.497668 -98.888532 1653.299760 209.761240 0.531386 0.291054 0.795561 -0.238634 0.952523 -0.189086 -0.812824 -0.089370 0.575612
1.910530 -101.605124 -555.515266 56.421377 0.511441 0.300422 0.805093 -0.229424 0.950626 -0.208985 -0.828126 -0.077825 0.555113
-30.914260 -41.226309 -768.165753 -1081.314561 0.143121 0.901488 -0.408455 0.433701 0.313840 0.844635 -0.889618 0.298032 0.346059
-29.938889 -39.625588 -3486.224379 -724.094635 0.085506 0.910965 -0.403525 0.357491 0.349989 0.865857 -0.929994 0.218292 0.295735
-27.033202 -41.209303 -1672.408860 -3020.196807 0.077041 0.915869 -0.394016 0.390594 0.335878 0.857101 -0.917334 0.219932 0.331856
-34.103726 -101.270677 2815.550716 4710.020561 0.829822 0.097551 0.549436 -0.408184 -0.565257 0.716847 -0.380502 0.819126 0.429244
-39.790089 -107.769424 2258.145033 2125.171040 0.830917 0.134405 0.539919 -0.466917 -0.359308 0.808014 -0.302599 0.923490 0.235799
-39.121337 -103.315912 -167.187113 4186.958294 0.825305 0.229202 0.516079 -0.367234 -0.476409 0.798858 -0.428964 0.848823 0.309012
-33.797294 -93.930902 969.458980 6063.469851 0.829176 0.196529 0.523300 -0.284958 -0.656773 0.698175 -0.480901 0.728028 0.488578
-25.698631 -86.860428 2446.239187 6777.958450 0.830896 0.073365 0.551570 -0.312116 -0.759186 0.571157 -0.460647 0.646726 0.607906
-1.674780 -306.694185 1005.016253 9009.850755 0.305804 0.124687 0.943895 -0.432667 0.901306 0.021115 -0.848105 -0.414849 0.329571
13.951312 -460.600024 -1142.071386 38051.792378 0.260960 0.189033 0.946660 -0.636302 0.771143 0.021420 -0.725961 -0.607952 0.321520
17.096461 -382.424367 4237.842642 -29123.176525 -0.305915 -0.115902 -0.944978 0.698926 -0.701309 -0.140245 -0.646466 -0.703373 0.295547
32.214104 -534.498352 4977.576116 17135.472954 -0.278583 -0.148187 -0.948911 0.880092 -0.434929 -0.190458 -0.384486 -0.888187 0.251583
-19.124498 -46.450061 2711.535215 -2542.000913 -0.099896 0.985175 0.139469 0.907769 0.032846 0.418183 -0.407402 -0.168380 0.897592
-21.444007 -44.005769 2394.629289 -1637.854387 -0.002873 0.973624 0.228140 0.892812 -0.100262 0.439128 -0.450420 -0.204948 0.868976
-23.905746 -45.999617 2196.203014 -306.121502 -0.080162 0.976618 0.199476 0.937740 0.006037 0.347286 -0.337962 -0.214896 0.916298
-20.838510 -49.912448 1993.370356 -1501.323224 -0.172611 0.976677 0.127699 0.943342 0.126617 0.306715 -0.283393 -0.173406 0.943196
-24.834585 -46.869250 1282.840507 -1185.977128 -0.269287 0.949362 0.161854 0.935298 0.217742 0.278936 -0.229569 -0.226495 0.946572
-27.657631 -42.157099 -1174.383341 1528.268517 0.122393 -0.961228 -0.247105 0.955770 0.047064 0.290325 -0.267439 -0.271709 0.924473
-6.810319 -31.998035 -1425.473513 51.002343 0.045183 0.996083 -0.076009 0.241760 0.062922 0.968294 -0.969284 0.062126 0.237970
-3.134243 -30.746650 -2387.942995 266.820462 0.034599 0.998992 -0.028586 0.215159 0.020486 0.976364 -0.975966 0.039931 0.214233
-4.760839 -31.700115 -1794.154871 -400.893429 0.022428 0.996101 -0.085321 0.277183 0.075801 0.957822 -0.960555 0.045131 0.274402
5.042312 -47.731291 -249.213166 -599.630998 -0.027912 0.988618 0.147837 0.527069 0.140221 -0.838174 0.849364 -0.054526 0.524984
2.775255 -45.085185 -1137.766264 -528.722157 -0.023523 0.982448 0.185050 0.563198 0.165956 -0.809486 0.825987 -0.085178 0.557216
5.660574 -46.729140 -605.326769 -636.119902 -0.037474 0.983401 0.177531 0.607627 0.163464 -0.777219 0.793338 -0.078747 0.603666
7.133615 -48.297995 -379.109618 -626.995421 -0.035666 0.987717 0.152126 0.591473 0.143562 -0.793442 0.805536 -0.061680 0.589328
66.664580 -32.217636 16348.672912 700.722377 0.116322 0.840299 0.529496 0.993208 -0.097039 -0.064194 -0.002560 0.533367 -0.845880
81.803775 -48.926083 -3371.055325 2050.369086 0.128701 0.957979 0.256343 0.988862 -0.104489 -0.105987 -0.074748 0.267129 -0.960757
75.616188 -44.276944 6525.170160 -6946.705987 0.012495 0.925120 0.379470 0.999366 0.001099 -0.035588 -0.033340 0.379674 -0.924519
63.040125 -33.327184 16175.337651 -9529.506992 -0.051800 0.826497 0.560553 0.998241 0.059059 0.005169 -0.028833 0.559835 -0.828102
42.836252 -20.461750 17178.464824 -1469.528354 0.078459 0.754262 0.651869 0.996789 -0.069837 -0.039167 0.015982 0.652849 -0.757319
-41.284336 -117.271540 -8922.084766 51195.935817 0.945248 -0.076112 -0.317352 0.326314 0.235241 0.915522 -0.004972 0.968952 -0.247198
-4.175731 -75.389879 5753.659786 27864.979459 0.948839 -0.128855 -0.288273 0.311841 0.238986 0.919587 0.049601 0.962436 -0.266941
0.620974 -222.837489 2371.654349 87003.116049 0.939407 -0.101718 -0.327366 0.341814 0.205383 0.917050 0.026045 0.973381 -0.227706
-8.398566 -45.580259 7440.617200 4347.674155 -0.068049 0.897665 0.435393 -0.508614 -0.406650 0.758912 -0.858301 0.169804 -0.484238
22.638609 -58.951337 240.003669 1800.693388 -0.138950 0.892952 0.428171 -0.613971 -0.416918 0.670238 -0.777003 0.169755 -0.606177
7.479218 -52.123235 2333.512222 3782.279699 -0.234565 0.696043 0.678604 -0.528034 -0.677346 0.512233 -0.816186 0.238174 -0.526416
-68.415414 -381.942679 18067.272921 112955.766142 0.336051 0.077790 -0.938626 0.840894 -0.473661 0.261805 -0.424225 -0.877265 -0.224588
-77.408675 -279.549405 22060.502095 86646.784948 0.324062 0.065579 -0.943760 0.936571 -0.163003 0.310267 -0.133488 -0.984444 -0.114243
-110.701720 -400.707904 24139.636983 145173.138275 0.174750 0.064663 -0.982487 0.934154 -0.326225 0.144682 -0.311156 -0.943078 -0.117413
-35.131671 -58.499385 444.955338 334.665312 -0.454562 0.426593 -0.781915 -0.416629 0.674069 0.609960 0.787269 0.603034 -0.128675
-35.286174 -58.272661 392.333812 -1868.355287 -0.454250 0.417588 -0.786942 -0.301980 0.758865 0.577002 0.838132 0.499744 -0.218611
-35.792095 -58.389422 -552.096714 -166.373482 -0.515328 0.389844 -0.763189 -0.351031 0.716387 0.602964 0.781802 0.578628 -0.232327
-35.657080 -57.071995 -524.754797 1063.630223 -0.440184 0.428657 -0.788981 -0.509540 0.604254 0.612573 0.739329 0.671663 -0.047565
-38.044995 -58.544271 1353.111857 2402.106391 -0.382549 0.467623 -0.796859 -0.503243 0.617844 0.604164 0.774856 0.632137 -0.001028
-36.154246 -57.657562 -56.710230 190.959036 -0.517974 0.367581 -0.772391 -0.460780 0.640858 0.613989 0.720684 0.673933 -0.162573
-47.456523 -58.622002 -3563.577814 1322.241436 -0.026541 -0.486230 0.873428 0.808899 -0.523814 -0.267023 0.587349 0.699428 0.407213
-49.347602 -61.116855 333.627305 -1281.782954 0.243348 0.469020 -0.849001 -0.753366 0.642716 0.139124 0.610918 0.605752 0.509748
-47.777753 -56.975177 3533.377926 322.699616 0.241465 0.317543 -0.916985 -0.701083 0.710431 0.061403 0.670952 0.628056 0.394169
-47.337874 -64.113012 -1832.609206 1135.910615 -0.030461 -0.588153 0.808176 0.863131 -0.423225 -0.275472 0.504060 0.689171 0.520545
-47.112249 -54.364894 -3260.360715 739.792577 -0.050668 -0.404537 0.913117 0.754639 -0.614389 -0.230318 0.654181 0.677403 0.336409
-44.568483 -62.129258 -3660.724900 2406.519523 0.166664 -0.579088 0.798048 0.847436 -0.329631 -0.416168 0.504059 0.745655 0.435802
-25.038270 -88.369825 21862.539844 -16866.164962 0.055117 0.743627 0.666319 0.293671 0.625743 -0.722636 0.954316 -0.235508 0.183893
-107.894850 -749.514834 9283.233214 -330917.389809 0.261611 0.963384 -0.058744 0.512971 -0.190339 -0.837037 0.817570 -0.188844 0.543983
-86.877447 -510.384331 26757.630226 -335104.697864 0.083785 0.981669 -0.171189 0.436252 -0.190590 -0.879409 0.895915 0.001000 0.444224
-11.396222 -73.148641 2351.764820 -11706.958673 0.196142 0.817732 0.541149 0.128654 0.525637 -0.840924 0.972099 -0.234562 0.002105
0.377961 -67.138993 -7452.246833 1048.624368 0.991904 0.071846 -0.104708 -0.049320 0.977790 0.203704 -0.117017 0.196890 -0.973417
-17.870862 -72.397805 -7447.527276 2851.329903 0.994052 -0.024103 -0.106209 0.051549 0.963177 0.263881 -0.095938 0.267787 -0.958690
-11.576911 -72.998600 8605.844530 -913.537500 -0.990221 -0.094389 0.102732 -0.085635 0.992562 0.086533 -0.110135 0.076889 -0.990938
9.418878 -62.564025 6675.211321 -1879.615151 -0.983616 -0.159639 0.083761 -0.153637 0.985366 0.073814 -0.094319 0.059735 -0.993748
2.862930 -42.885468 -3994.929541 -303.647208 -0.183707 0.908083 0.376347 0.444913 0.418214 -0.791928 0.876530 -0.021959 0.480847
5.978421 -45.274149 -5219.442346 -1242.109935 -0.182699 0.903905 0.386751 0.332698 0.427005 -0.840820 0.925166 0.024946 0.378741
-1.440630 -44.377691 -4043.211698 152.926161 -0.165178 0.925787 0.340052 0.395846 0.378029 -0.836899 0.903339 0.003629 0.428911
-5.767855 -44.622974 -2289.584229 885.304203 -0.149896 0.947015 0.284066 0.481093 0.320867 -0.815839 0.863760 -0.014371 0.503699
-13.192289 -60.564630 1932.951535 -153.468050 0.777572 -0.451369 -0.437776 -0.413904 0.156697 -0.896733 -0.473356 -0.878471 0.064980
-3.369447 -62.021191 -132.353223 1206.016855 0.812670 -0.484849 -0.323248 -0.272794 0.173642 -0.946273 -0.514929 -0.857187 -0.008850
0.068496 -57.977363 1708.310488 -1135.285878 0.772908 -0.445773 -0.451553 -0.378627 0.247048 -0.891969 -0.509171 -0.860380 -0.022164
47.404049 -36.893872 -27065.761974 4256.669329 0.802470 -0.596487 0.015680 0.080881 0.082700 -0.993287 -0.591186 -0.798351 -0.114609
113.667584 -41.990686 -41416.543194 858.347807 0.504501 0.797430 -0.331035 0.819892 -0.322276 0.473197 0.270656 -0.510142 -0.816395
108.245710 -37.494208 -17254.559161 -497.827600 0.390678 0.913570 -0.112961 -0.846293 0.308180 -0.434527 0.362159 -0.265358 -0.893547
76.005875 -43.332917 -32198.687424 -538.028135 0.544826 0.763522 -0.346697 0.823003 -0.407638 0.395598 0.160721 -0.500865 -0.850472
126.583474 -38.611713 -18391.116104 1576.082570 0.406751 0.907609 -0.103918 -0.823525 0.315054 -0.471749 0.395424 -0.277464 -0.875588
45.151588 -45.884768 -35665.851963 826.884031 0.587154 0.710546 -0.387783 0.788973 -0.395206 0.470461 0.181030 -0.582183 -0.792648
119.072180 -40.916325 -32848.526218 -573.459422 0.468714 0.848094 -0.247071 0.800150 -0.289121 0.525518 0.374255 -0.444012 -0.814117
62.706859 -45.586908 -39885.350610 -169.975215 0.540117 0.737270 -0.405840 0.804867 -0.311623 0.505055 0.245893 -0.599436 -0.761717
-0.293233 -55.029459 -395.607815 1412.219930 -0.353451 0.388941 0.850763 -0.128809 0.880567 -0.456081 -0.926542 -0.270788 -0.261138
-1.739096 -60.316673 -458.082333 777.093482 -0.357856 0.392854 0.847116 -0.230502 0.841954 -0.487834 -0.904880 -0.369836 -0.210745
-1.307431 -54.744255 -585.544444 1859.676159 -0.359436 0.417847 0.834392 -0.113255 0.868005 -0.483468 -0.926272 -0.268275 -0.264669
-2.111670 -61.318544 160.313844 965.662471 -0.349689 0.365118 0.862790 -0.263816 0.845290 -0.464636 -0.898955 -0.390095 -0.199264
0.803997 -51.202874 -360.952336 3032.299452 -0.357911 0.420956 0.833484 0.005161 0.893493 -0.449048 -0.933741 -0.156418 -0.321963
0.579294 -53.354874 -317.292952 3013.568802 -0.356866 0.392450 0.847720 -0.031037 0.901990 -0.430640 -0.933640 -0.179992 -0.309709
-1.002412 -56.753432 57.227617 1417.971596 -0.350791 0.358494 0.865117 -0.158588 0.887737 -0.432172 -0.922928 -0.288800 -0.254557
-24.586756 -76.209494 -743.512139 -5503.645908 -0.180625 -0.546934 -0.817458 -0.245408 0.829903 -0.501035 0.952444 0.110112 -0.284123
-23.141632 -85.223370 -1221.673598 -1418.551135 -0.169619 -0.592476 -0.787529 -0.455398 0.755795 -0.470518 0.873980 0.278831 -0.398009
-19.764840 -77.628130 -3267.372385 -1436.412033 -0.090093 -0.586343 -0.805037 -0.365968 0.771263 -0.520788 0.926256 0.247699 -0.284069
-29.133174 -80.973292 904.340320 -4015.031680 -0.278085 -0.506202 -0.816351 -0.257812 0.858022 -0.444219 0.925312 0.086935 -0.369108
-22.676907 -72.800219 -3542.348372 -5411.382929 -0.093058 -0.581157 -0.808453 -0.190066 0.807413 -0.558532 0.977351 0.101684 -0.185595
-27.822381 -69.905217 -961.044883 -5636.294919 -0.180675 -0.514355 -0.838329 -0.082720 0.857283 -0.508157 0.980058 -0.022465 -0.197437
-29.131164 -71.929229 58.063727 -8882.213853 -0.246401 -0.459282 -0.853432 -0.099284 0.887912 -0.449172 0.964069 -0.025944 -0.264382
-21.549762 -79.210702 -459.783542 -77.092129 0.890945 0.454104 -0.002455 0.108528 -0.207675 0.972159 -0.440952 0.866407 0.234310
-18.953043 -77.198764 -1855.336933 110.117581 0.864037 0.501400 0.045138 0.150534 -0.342883 0.927238 -0.480394 0.794374 0.371741
-22.370016 -77.957970 881.497912 -596.422566 0.899168 0.437521 -0.008495 0.175040 -0.341805 0.923326 -0.401071 0.831712 0.383924
-2.948055 -61.713949 796.823952 656.192205 -0.227878 0.577576 0.783886 0.749876 0.617636 -0.237091 -0.621094 0.533790 -0.573856
-2.849338 -58.059784 378.070057 919.628356 -0.205435 0.600717 0.772616 0.830328 0.524856 -0.187300 -0.518027 0.603047 -0.606616
-3.596998 -60.197631 23.187897 607.091282 -0.224505 0.598136 0.769305 0.809652 0.553812 -0.194310 -0.542274 0.579246 -0.608615
-2.861948 -60.217330 -69.349168 904.963868 -0.188861 0.617599 0.763481 0.889748 0.436617 -0.133094 -0.415548 0.654169 -0.631967
-3.985378 -63.372196 84.815123 1308.926547 -0.240367 0.583158 0.775983 0.734088 0.632247 -0.247749 -0.635090 0.510089 -0.580060
-3.276532 -64.194533 -528.903735 1174.986800 -0.241008 0.596227 0.765786 0.750329 0.614929 -0.242629 -0.615566 0.516115 -0.595570
-3.681838 -62.264605 -406.249215 -383.383570 -0.225614 0.611200 0.758638 0.818923 0.540783 -0.192141 -0.527696 0.577917 -0.622535
-3.516629 -61.520903 236.270570 -145.232898 -0.201396 0.611526 0.765164 0.882011 0.452978 -0.129873 -0.426023 0.648727 -0.630601
662.441765 -27.842725 -235708.445219 -3243.009919 -0.538215 -0.598365 -0.593535 -0.261460 0.788032 -0.557354 0.801226 -0.144791 -0.580579
606.204502 -23.347297 -212189.486842 -1149.256592 -0.539413 -0.639361 -0.547952 -0.265478 0.746684 -0.609905 0.799097 -0.183521 -0.572507
281.049107 -26.713007 -98016.227956 -6577.646836 -0.206278 -0.688381 -0.695400 -0.270496 0.723107 -0.635569 0.940362 0.056999 -0.335365
1108.543243 -40.003365 414666.463897 1785.492950 0.869190 0.488110 0.079104 -0.363405 0.739050 -0.567223 0.335329 -0.464278 -0.819757
41.893554 -44.124090 4891.909874 267.049177 0.129077 0.974710 0.182428 0.558856 0.080467 -0.825351 0.819158 -0.208485 0.534336
33.072429 -46.131522 13727.307340 -296.808739 0.026855 0.992617 0.118281 0.501324 0.088995 -0.860671 0.864843 -0.082410 0.495233
46.919919 -47.811560 8785.076613 -1716.625805 0.112030 0.979242 0.168923 0.472503 0.097051 -0.875969 0.874180 -0.177951 0.451822
30.121449 -44.676288 13491.261906 -135.087633 0.013469 0.990144 0.139407 0.586180 0.105131 -0.803331 0.810069 -0.092538 0.578986
46.512264 -45.456339 -5794.105582 -390.244391 0.225160 0.944197 0.240407 0.508709 0.096516 -0.855511 0.830974 -0.314924 0.458590
-4.672367 -68.037985 1772.372534 -1122.652553 0.299994 -0.276871 -0.912878 0.261578 0.944150 -0.200395 0.917377 -0.178671 0.355663
-7.865298 -68.383117 1822.218814 -1366.890813 0.309452 -0.281971 -0.908148 0.191776 0.953907 -0.230831 0.931376 -0.102730 0.349264
-8.441754 -67.056240 1423.271687 -256.929921 0.324647 -0.253734 -0.911166 0.293671 0.942775 -0.157902 0.899089 -0.216321 0.380583
-4.289506 -67.926494 1502.563387 501.138308 0.308520 -0.252925 -0.916976 0.354649 0.925080 -0.135837 0.882632 -0.283296 0.375105
-7.495546 -67.735824 979.511352 890.637763 0.342949 -0.223616 -0.912350 0.394310 0.915809 -0.076244 0.852588 -0.333600 0.402250
-7.352027 -106.652370 -2142.995147 -13075.257716 -0.398271 0.347712 0.848809 0.014912 0.927699 -0.373032 -0.917147 -0.135910 -0.374660
-7.644536 -104.507010 419.377004 -17401.476642 -0.350705 0.389087 0.851832 -0.060237 0.898348 -0.435134 -0.934547 -0.203915 -0.291618
-5.379559 -115.653089 -859.842664 -13919.693571 -0.372431 0.370713 0.850804 0.073498 0.925658 -0.371155 -0.925145 -0.075698 -0.371990
-3.300307 -124.566469 -1702.964619 -5997.412838 -0.396749 0.342793 0.851518 0.236010 0.934562 -0.266259 -0.887068 0.095328 -0.451688
-4.480570 -67.446961 -1829.795994 -4467.328763 0.018722 -0.624440 -0.780848 -0.064686 0.778592 -0.624187 0.997730 0.062196 -0.025816
-9.837923 -69.377106 -1830.596654 -5124.644646 -0.007319 -0.625176 -0.780450 -0.103461 0.776755 -0.621246 0.994607 0.076200 -0.070366
-6.394214 -74.411735 -1310.929814 -6743.288528 0.003395 -0.628948 -0.777440 -0.180138 0.764342 -0.619138 0.983635 0.142149 -0.110702
-3.353457 -72.987299 -1290.279201 -7439.755225 0.009103 -0.622625 -0.782467 -0.145719 0.773321 -0.617042 0.989284 0.119637 -0.083688
28.725363 -49.570798 3263.765459 -1601.157776 -0.082069 0.995379 0.049860 0.594409 0.089043 -0.799218 0.799964 0.035954 0.598969
23.425751 -51.152012 6314.801129 -1411.441602 -0.132420 0.991019 0.018609 0.530386 0.086706 -0.843310 0.837350 0.101801 0.537105
28.616353 -52.173797 -2392.749524 -2019.495566 -0.055799 0.993730 0.096884 0.522195 0.111751 -0.845473 0.850999 -0.003416 0.525156
27.480200 -50.503080 -4508.929255 -2193.641411 -0.023485 0.991929 0.124600 0.589295 0.114415 -0.799775 0.807576 -0.054643 0.587226
34.547187 -45.867319 -240.073887 -1686.199689 -0.045103 0.995831 0.079286 0.656143 0.089377 -0.749325 0.753287 -0.018226 0.657439
-27.214167 -178.983127 1913.690267 -4773.993716 0.167409 -0.116251 0.979010 0.837458 -0.507226 -0.203434 0.520228 0.853937 0.012442
-43.395979 -165.579818 1394.281741 -12802.179248 -0.192045 0.079961 -0.978123 -0.631760 0.752625 0.185567 0.750998 0.653576 -0.094022
-34.967834 -166.027846 2423.010088 -20505.169192 -0.337544 0.140222 -0.930807 -0.599869 0.729998 0.327505 0.725411 0.668910 -0.162292
-0.263176 -220.621025 258.807524 -22909.010224 -0.597832 0.291589 -0.746708 0.642972 -0.381870 -0.663899 -0.478731 -0.877013 0.040810
-1.388950 -236.806892 844.454935 -14649.795500 -0.609118 0.306762 -0.731349 0.756943 -0.050321 -0.651541 -0.236670 -0.950455 -0.201550
-2.709184 -237.009610 1080.348291 -4811.973458 -0.591113 0.294505 -0.750901 0.748326 -0.147158 -0.646801 -0.300988 -0.944252 -0.133399
-17.174800 -44.266647 735.974716 1148.945808 0.041221 0.966234 0.254348 0.792154 0.123539 -0.597688 0.608928 -0.226120 0.760313
-18.127868 -45.879246 -835.458941 -179.523310 0.029938 0.964195 0.263498 0.857463 0.110699 -0.502496 0.513674 -0.240983 0.823448
-18.559104 -45.082827 -627.182765 -175.200322 0.044893 0.954735 0.294051 0.860905 0.112347 -0.496207 0.506782 -0.275426 0.816892
15.060647 -261.848785 -2465.511973 -24599.534339 0.660044 -0.259457 0.704999 -0.291043 0.776853 0.558385 -0.692558 -0.573743 0.437244
34.469227 -204.415289 -7389.590008 13586.616294 0.682360 -0.269387 0.679570 0.393227 -0.648406 -0.651876 -0.616244 -0.712040 0.336516
20.697121 -255.540737 -6257.897964 -4489.244095 0.648294 -0.303208 0.698412 0.502609 -0.518604 -0.691689 -0.571925 -0.799446 0.183813
8.527215 -237.104766 -3556.386248 11445.180463 0.609211 -0.305087 0.731973 -0.406394 0.672501 0.618536 -0.680960 -0.674288 0.285709
9.542340 -234.321556 -3205.148847 -12905.730480 0.611232 -0.265831 0.745473 -0.200853 0.858970 0.470987 -0.765541 -0.437613 0.471637
257.648101 -7890.685946 96010.730561 5580025.056418 0.299341 0.134671 0.944594 -0.608444 0.789528 0.080252 -0.734976 -0.598756 0.318278
98.669503 -5312.061319 85053.385287 -2913596.550954 0.234148 0.360924 0.902723 0.640223 0.641530 -0.422556 -0.731634 0.676885 -0.080859
-104.590549 -16699.825257 333018.851817 14846269.444503 0.361103 0.340611 0.868095 0.701215 0.514491 -0.493555 -0.614738 0.786945 -0.053057
31.735747 -2838.441272 -26826.053239 3067167.788163 0.109783 0.149516 0.982646 -0.413255 0.905988 -0.091683 -0.903973 -0.396018 0.161251
-307.057863 -3572.617913 -124817.211877 819669.801321 -0.475541 -0.216319 -0.852682 0.690633 -0.692176 -0.209567 -0.544873 -0.688548 0.478555
-5.893472 -3120.469758 -57823.044659 -2999981.516914 -0.422707 -0.176935 -0.888827 0.572905 0.707757 -0.413352 0.702210 -0.683940 -0.197807
160.812383 -3268.139757 -62256.894277 -2259637.400507 -0.347827 -0.033828 -0.936948 0.927754 0.131729 -0.349170 0.135235 -0.990708 -0.014435
8.211924 -23.089269 2087.746662 1456.391124 0.323809 -0.898356 -0.296825 0.939169 0.267235 0.215747 -0.114496 -0.348630 0.930241
7.915365 -22.410013 2555.930080 71.202454 0.150064 -0.932301 -0.329082 0.986992 0.121845 0.104887 -0.057690 -0.340541 0.938458
3.568211 -19.018153 1692.494071 549.699746 0.257998 -0.911450 -0.320461 0.962538 0.213847 0.166705 -0.083414 -0.351465 0.932478
2.372793 -17.244589 1503.667741 585.406761 0.407833 -0.865553 -0.290672 0.905844 0.343627 0.247724 -0.114535 -0.364334 0.924198
0.089452 -15.793404 1397.525213 151.270027 0.278276 -0.905494 -0.320379 0.957342 0.234448 0.168908 -0.077833 -0.353715 0.932109
5.914651 -36.917335 9877.411416 -3815.368760 0.361866 0.891538 -0.272421 0.374650 -0.406668 -0.833222 0.853634 -0.199452 0.481174
-5.291909 -43.139078 7546.387370 -3490.017782 0.358438 0.906860 -0.221646 0.336739 -0.347033 -0.875314 0.870706 -0.239109 0.429765
10.642528 -45.346157 9326.255663 -4955.591889 0.376268 0.885734 -0.271841 0.301344 -0.394444 -0.868105 0.876136 -0.244722 0.415327
0.274660 -52.015923 328.878803 938.759034 -0.338970 0.383998 0.858863 0.131472 0.923286 -0.360913 -0.931566 -0.009423 -0.363451
0.150892 -51.720801 805.083764 814.927986 -0.341458 0.377914 0.860574 0.069866 0.923277 -0.377729 -0.937297 -0.068854 -0.341664
0.966717 -48.838223 869.462190 488.148988 -0.337810 0.417321 0.843640 0.208828 0.907223 -0.365154 -0.917756 0.052823 -0.393617
0.118126 -49.649875 822.688799 374.723141 -0.332151 0.415238 0.846908 0.241712 0.905373 -0.349106 -0.911730 0.088752 -0.401089
1.226601 -51.743676 -650.899913 635.951462 -0.344208 0.403267 0.847878 0.189252 0.914325 -0.358041 -0.919622 0.037222 -0.391037
-2.014620 -106.262942 -707.727725 9008.267149 0.731607 0.677393 0.076745 0.190773 -0.311506 0.930897 -0.654490 0.666410 0.357128
-3.587640 -110.915972 -497.734392 12027.262296 0.729863 0.681468 0.053868 0.163473 -0.250510 0.954212 -0.663759 0.687638 0.294240
-1.099214 -129.665847 -692.013241 16097.398492 0.728936 0.683728 0.034183 0.097578 -0.153194 0.983367 -0.677592 0.713476 0.178386
-6.125742 -40.359694 -1672.853272 1931.130533 -0.059876 0.994541 0.085457 -0.899430 -0.016622 -0.436749 0.432945 0.103014 -0.895515
-3.320895 -42.576003 -1245.969715 2041.065989 -0.075604 0.993989 0.079182 -0.885254 -0.030362 -0.464115 0.458921 0.105185 -0.882229
-3.158396 -35.265718 -2250.141526 3958.628234 -0.081844 0.994569 0.064303 -0.927348 -0.052357 -0.370519 0.365140 0.089956 -0.926596
-29.545479 -1067.344315 -225826.858199 -753246.795649 -0.164321 -0.490854 -0.855605 0.808234 0.430247 -0.402053 0.565470 -0.757595 0.326026
-163.951801 -1107.025748 47943.016222 -463723.478265 0.502375 0.766599 0.399931 -0.078169 0.500908 -0.861964 0.861109 -0.401767 -0.311568
-120.356900 -200.534743 -12344.671711 7587.802504 -0.544382 0.143425 -0.826485 0.533807 0.819261 -0.209432 0.647069 -0.555194 -0.522552
-15.271452 -46.494414 1734.917863 29.957958 0.235101 -0.312728 0.920287 0.219214 0.939491 0.263253 -0.946928 0.139848 0.289429
46.232419 -491.816015 -3007.214791 283069.339660 0.244831 0.311654 0.918112 -0.027153 0.948764 -0.314818 -0.969185 0.052148 0.240749
-22.971442 -52.582512 -4693.052500 5945.936951 0.277029 -0.082326 0.957328 0.169954 0.984812 0.035509 -0.945712 0.152864 0.286813
-2.631509 -22.458497 -1812.028998 -5431.747994 -0.060343 0.995289 0.075889 -0.594829 0.025199 -0.803457 0.801584 0.093624 -0.590506
-1.001391 -12.918695 -1508.177109 -3645.649216 -0.128997 0.991515 -0.016064 -0.555236 -0.085640 -0.827272 0.821628 0.097796 -0.561572
0.270753 -16.148188 -1046.945389 -4244.197605 -0.129685 0.991487 -0.011668 -0.572551 -0.084486 -0.815504 0.809547 0.099079 -0.578633
1.529126 -11.261112 208.668152 -1607.553522 -0.177072 0.982752 -0.053329 -0.561359 -0.145356 -0.814707 0.808407 0.114325 -0.577415
1.874148 -18.780666 -943.837091 -4453.956116 -0.122907 0.992412 0.003552 -0.585171 -0.069579 -0.807920 0.801542 0.101377 -0.589282
-0.525313 -27.106840 -1439.214067 -5565.260610 -0.079232 0.995261 0.056373 -0.615596 -0.004371 -0.788050 0.784069 0.097142 -0.613025
-55.950502 -81.294679 2218.350162 4606.273999 0.439945 0.897677 -0.024982 -0.382546 0.212506 0.899166 -0.812470 0.386027 -0.436894
-45.176485 -74.854629 -1206.054748 2282.403106 0.318869 0.878299 0.356249 -0.535408 -0.143234 0.832359 -0.782087 0.456152 -0.424576
-40.116669 -68.683308 -794.692002 3242.111806 0.278944 0.788763 0.547762 -0.522856 -0.353698 0.775577 -0.805488 0.502743 -0.313748
24.700522 -55.099030 -511.652876 12998.777882 -0.003335 0.977097 0.212770 0.675930 -0.154602 0.720567 -0.736958 -0.146221 0.659934
30.616972 -47.287499 165.216734 6620.024928 0.036965 0.962064 0.270307 0.723536 -0.212343 0.656815 -0.689296 -0.171298 0.703938
28.560033 -39.191807 -882.029993 5094.936294 -0.044553 0.970059 0.238747 0.666525 -0.149153 0.730409 -0.744150 -0.191673 0.639923
27.070071 -49.318071 1971.466927 4597.796481 -0.095872 0.991437 0.088668 0.566211 -0.018945 0.824042 -0.818666 -0.129207 0.559546
55.890106 -173.232592 -14394.392587 40960.697840 0.188071 0.964054 0.187695 -0.857183 0.067827 0.510525 -0.479443 0.256904 -0.839127
106.032292 -417.571535 -27941.227356 266161.686863 0.121126 0.980687 0.153564 -0.540838 -0.064523 0.838648 -0.832360 0.184635 -0.522577
19.077215 -99.745943 -34839.808638 -17113.044459 0.025223 0.999531 0.017361 -0.964927 0.019803 0.261769 -0.261302 0.023355 -0.964975
107.534595 -61.164397 -21826.304573 780.767117 0.241335 0.968406 0.062832 -0.901548 0.199772 0.383801 -0.359123 0.149271 -0.921276
79.380186 -75.694003 -17660.345966 1028.150926 0.134999 0.989808 -0.045332 -0.931366 0.142375 0.335094 -0.338133 0.003017 -0.941094
92.881522 -64.548416 -20137.214577 -3104.812412 0.146836 0.988296 0.041351 -0.968539 0.135157 0.208962 -0.200928 0.070733 -0.977049
63.269444 -82.033592 -15195.209418 -1519.504484 0.037107 0.997347 -0.062632 -0.986382 0.046604 0.157729 -0.160230 -0.055926 -0.985494
92.405086 -51.299593 917.231888 4291.273107 0.269978 0.922839 0.274738 0.943758 -0.197057 -0.265499 -0.190874 0.330965 -0.924137
76.998434 -71.424121 -17746.144100 1548.237196 0.031848 0.999237 0.022589 -0.997644 0.030407 0.061496 -0.060762 0.024494 -0.997852
-0.929943 -65.900796 -8105.891668 4388.209102 -0.942585 0.012538 -0.333731 -0.082561 0.959530 0.269232 0.323600 0.281327 -0.903404
5.212867 -67.038234 -7747.617825 2967.552015 -0.944569 0.069101 -0.320958 0.008014 0.982161 0.187872 0.328214 0.174886 -0.928273
-8.208010 -72.657853 -7981.905455 2952.864792 -0.944679 0.056624 -0.323072 -0.001631 0.984162 0.177262 0.327992 0.167982 -0.929625
-13.473952 -69.724267 -7779.294661 5121.961382 -0.943330 -0.015835 -0.331478 -0.114560 0.952995 0.280494 0.311455 0.302573 -0.900803
-5.468270 -38.888922 -2179.840256 2348.989862 0.028189 0.978043 0.206487 -0.294308 -0.189292 0.936777 -0.955295 0.087177 -0.282510
-1.192966 -37.820850 -2084.353141 917.345743 0.026638 0.981265 0.190813 -0.316475 -0.172784 0.932732 -0.948227 0.085233 -0.305943
-2.776501 -38.643094 -2288.349854 1572.050218 0.040504 0.987718 0.150906 -0.233221 -0.137513 0.962652 -0.971580 0.074186 -0.224787
-4.535917 -42.082437 -2663.097713 359.989211 0.007564 0.972890 0.231143 -0.414576 -0.207297 0.886090 -0.909983 0.102529 -0.401769
-7.022724 -39.844258 -1507.777029 1073.785258 0.054968 0.985865 0.158271 -0.222543 -0.142427 0.964463 -0.973372 0.088236 -0.211568
-11.477869 -41.637239 -1785.298513 2467.372863 0.058187 0.975543 0.211966 -0.269065 -0.189143 0.944367 -0.961363 0.111982 -0.251479
-9.383023 -41.383021 -1846.587580 866.564297 0.025447 0.966393 0.255807 -0.364990 -0.229243 0.902347 -0.930664 0.116330 -0.346890
-7.405827 -54.818209 -635.973163 -5604.547539 -0.199582 0.979135 0.038223 -0.965960 -0.190044 -0.175514 0.164588 0.071951 -0.983735
-7.294542 -56.528223 -52.810828 -3971.071411 -0.213856 0.975052 0.059499 -0.957219 -0.197012 -0.211940 0.194930 0.102278 -0.975470
-7.876902 -57.106048 272.434578 -2934.253926 -0.211526 0.974286 0.077610 -0.958260 -0.191108 -0.212640 0.192340 0.119349 -0.974044
-10.224697 -56.737720 -140.084415 -8157.451557 -0.210817 0.972565 0.098356 -0.966838 -0.192616 -0.167699 0.144154 0.130448 -0.980919
-12.296790 -51.840929 -679.742227 -734.230726 -0.072704 0.988254 0.134415 0.797669 0.138519 -0.586973 0.598698 -0.064543 0.798370
-13.981188 -49.739093 -57.753031 995.791869 -0.099379 0.989101 0.108638 0.781306 0.145174 -0.607030 0.616186 -0.024554 0.787218
-12.051903 -56.123107 -581.146916 1528.897643 -0.071950 0.988879 0.130161 0.836653 0.130881 -0.531866 0.542987 -0.070632 0.836765
-14.150094 -55.550202 -1690.851722 2874.541287 -0.086695 0.989201 0.118177 0.825953 0.137696 -0.546665 0.557033 -0.050215 0.828971
-10.476443 -50.884298 -627.250310 1011.596317 -0.055205 0.987356 0.148593 0.791157 0.134043 -0.596743 0.609116 -0.084617 0.788554
-10.694414 -57.304763 564.192457 2323.301999 -0.060221 0.988810 0.136487 0.844502 0.123368 -0.521149 0.532155 -0.083880 0.842481
-10.312476 -58.325691 -381.433066 3481.137894 -0.075774 0.985808 0.149800 0.885680 0.135557 -0.444067 0.458071 -0.099026 0.883382
1.311317 -51.816778 -150.304293 1986.208495 -0.115704 0.985144 -0.126900 -0.850084 -0.032128 0.525667 -0.513780 -0.168697 -0.841172
0.904978 -45.576785 -490.381470 1913.209199 -0.149716 0.981823 -0.116660 -0.779560 -0.044642 0.624734 -0.608170 -0.184476 -0.772073
0.483859 -51.239537 -106.627227 2354.438909 -0.118667 0.984135 -0.131893 -0.853333 -0.033163 0.520311 -0.507682 -0.174293 -0.843730
2.066165 -48.429506 -1155.425006 2804.943091 -0.147453 0.982376 -0.114871 -0.773722 -0.042220 0.632117 -0.616127 -0.182085 -0.766311
1.250766 -59.342089 -311.196823 3957.067535 -0.096453 0.984618 -0.145686 -0.891803 -0.020488 0.451959 -0.442022 -0.173516 -0.880062
2.774341 -63.371160 501.155155 4167.003029 -0.096985 0.986143 -0.134594 -0.903503 -0.030510 0.427495 -0.417464 -0.163067 -0.893942
2.614023 -54.633785 -355.960342 2871.012919 -0.118025 0.984849 -0.127050 -0.841986 -0.031424 0.538584 -0.526431 -0.170540 -0.832938
24.872006 -76.661281 -5046.708767 7903.010797 -0.223001 0.971338 0.082296 -0.050110 -0.095732 0.994145 -0.973529 -0.217571 -0.070022
28.895063 -74.281485 -3393.843843 -3658.138340 -0.189045 0.979688 0.066884 0.033856 -0.061569 0.997528 -0.981385 -0.190842 0.021529
-5.570483 -97.674725 1122.965069 5145.975990 0.214454 0.973731 -0.076538 0.188236 0.035690 0.981475 -0.958424 0.224888 0.175637
-7.136574 -108.107832 308.887250 2949.754916 0.197399 0.977649 -0.072360 -0.145182 0.102153 0.984117 -0.969513 0.183759 -0.162102
-8.739065 -105.251470 -179.485734 212.559367 0.175451 0.981951 -0.070640 -0.147048 0.097087 0.984353 -0.973444 0.162318 -0.161427
-5.901565 -106.278440 1216.645055 5080.030012 0.216606 0.973127 -0.078137 0.008655 0.078120 0.996906 -0.976221 0.216612 -0.008499
-9.767355 -49.668715 562.672698 1852.328970 -0.084234 0.854333 0.512854 0.849356 -0.207575 0.485291 -0.521056 -0.476474 0.708148
-8.247267 -42.826424 161.797904 2980.928209 0.150106 -0.852723 -0.500332 0.892163 -0.101249 0.440221 -0.426044 -0.512457 0.745569
