14039
28063
-42.547505 -69.480990 999.965250 6348.551367 0.245572 0.625596 -0.740489 -0.198521 0.780146 0.593263 0.948833 0.001314 0.315776
-43.824025 -70.330888 748.791434 -9289.041121 0.118463 0.821390 -0.557929 0.319078 -0.563574 -0.761954 0.940296 0.087760 0.328850
-37.705580 -57.536799 -737.887919 6245.235582 0.340828 0.431268 -0.835371 -0.266272 0.896471 0.354174 0.901630 0.101723 0.420377
-36.546561 -54.422909 927.927605 -9214.001057 0.139735 0.725418 -0.673976 0.429396 -0.657717 -0.618892 0.892241 0.202921 0.403397
-40.254640 -67.235310 -436.169418 6273.873595 0.384455 0.446394 -0.808039 -0.134903 0.893083 0.429191 0.913234 -0.055998 0.403570
-29.226861 -43.234389 266.367647 4347.612927 0.375625 0.262631 -0.888781 -0.312012 0.938861 0.145563 0.872671 0.222633 0.434603
-35.882308 -57.645570 -1412.097359 4296.502756 0.465581 0.190061 -0.864356 -0.110932 0.981498 0.156066 0.878025 0.023224 0.478051
-30.864763 -49.458471 -328.861404 2321.528548 0.482432 0.017562 -0.875757 -0.113317 0.992649 -0.042518 0.868573 0.119750 0.480876
-45.594992 -68.491067 -2363.149135 21.338071 0.769903 -0.312255 -0.556549 -0.551645 -0.764104 -0.334415 0.320838 -0.564485 0.760539
-46.310032 -69.225506 -2456.402498 -341.450016 0.771337 -0.270906 -0.575890 -0.577789 -0.677465 -0.455193 0.266831 -0.683850 0.679081
-46.198373 -69.539933 -970.287702 599.731720 0.732739 -0.233472 -0.639206 -0.546147 -0.762123 -0.347696 0.405976 -0.603871 0.685947
-45.440492 -67.941032 -2416.615211 729.443110 0.725720 -0.335156 -0.600833 -0.538847 -0.819877 -0.193507 0.427754 -0.464189 0.775600
-52.493170 -74.929788 -2073.225734 -2654.222495 0.718645 0.050553 -0.693538 -0.572105 -0.523951 -0.631008 0.395279 -0.850247 0.347613
-53.755808 -76.401868 -1329.982646 -2664.245599 0.655667 0.198762 -0.728419 -0.562775 -0.514515 -0.646961 0.503374 -0.834127 0.225492
-51.971987 -73.567737 -3319.073298 -1212.916197 0.659871 0.066917 -0.748393 -0.542848 -0.646198 -0.536418 0.519506 -0.760230 0.390081
-52.848832 -74.494598 -576.210094 -1127.340167 0.595968 0.202009 -0.777184 -0.510904 -0.651295 -0.561064 0.619516 -0.731442 0.284944
-0.856350 -53.139329 6577.510463 4942.058108 -0.934313 -0.193968 -0.299059 -0.180537 0.980916 -0.072189 0.307354 -0.013456 -0.951500
-1.679663 -60.740035 6838.385307 1388.626055 -0.900926 -0.341197 -0.268174 -0.260340 0.919330 -0.295051 0.347211 -0.196003 -0.917075
11.398247 -44.610968 3531.488485 4060.912234 -0.908000 -0.250229 -0.336039 -0.204846 0.964800 -0.164924 0.365479 -0.080915 -0.927296
10.925308 -31.917753 2849.886125 5239.449653 -0.939830 0.010668 -0.341477 -0.015777 0.997091 0.074574 0.341279 0.075474 -0.936927
-17.451817 -52.198642 4079.487245 -1085.277589 0.835409 0.390321 -0.386964 0.482390 -0.183259 0.856572 -0.263423 0.902256 0.341383
-12.786571 -49.156228 4097.548722 -2119.005219 0.811119 0.400438 -0.426305 0.490420 -0.068473 0.868792 -0.318707 0.913762 0.251922
-20.756934 -51.856947 2340.921284 -3322.539966 0.834173 0.436515 -0.337061 0.410561 -0.083446 0.908007 -0.368232 0.895819 0.248824
1.669425 -49.021219 -632.347311 -1163.941273 -0.504922 -0.465350 0.726983 0.856922 -0.371358 0.357460 0.103626 0.803457 0.586275
2.545028 -51.749330 -254.530168 -600.613328 -0.508993 -0.467849 0.722526 0.836793 -0.465685 0.287950 0.201752 0.751169 0.628523
1.462725 -49.391215 743.835314 -674.223358 -0.525573 -0.471714 0.707996 0.843427 -0.397852 0.361033 0.111373 0.786892 0.606957
2.304279 -51.692169 -778.458532 -1299.888128 -0.495060 -0.460616 0.736714 0.848307 -0.439573 0.295214 0.187859 0.771108 0.608359
0.522048 -47.753382 240.429172 -1103.294569 -0.528289 -0.464959 0.710439 0.848774 -0.311116 0.427540 0.022240 0.828866 0.559004
0.995116 -47.004430 -265.647798 -928.254896 -0.514572 -0.455662 0.726352 0.857442 -0.276342 0.434083 0.002927 0.846172 0.532902
1.752314 -48.633444 -491.106776 -906.164742 -0.495219 -0.464089 0.734425 0.863786 -0.353431 0.359111 0.092909 0.812224 0.575899
-50.105148 -123.477763 -3043.192711 -14554.816614 0.058827 0.879237 -0.472738 -0.045748 -0.470686 -0.881114 0.997219 -0.073460 -0.012534
-51.201561 -129.160915 -542.923609 -13798.434171 -0.050319 0.910873 -0.409609 -0.080592 -0.412494 -0.907388 0.995476 0.012647 -0.094165
-46.021980 -103.593704 -1755.711081 -13676.449228 -0.004549 0.888427 -0.458995 0.116260 -0.455417 -0.882655 0.993208 0.057378 0.101217
-40.817273 -97.703756 -2792.501717 -13058.417019 0.098550 0.814481 -0.571760 0.147773 -0.580164 -0.800982 0.984099 0.005554 0.177534
0.070661 -109.698203 -159.642744 14745.310341 -0.450256 0.763734 -0.462580 -0.366948 -0.630566 -0.683912 0.814014 0.138193 -0.564166
2.521799 -133.555723 807.177256 17456.978731 -0.458361 0.750431 -0.476191 -0.269263 -0.627860 -0.730266 0.846996 0.206504 -0.489850
0.585682 -136.555874 265.398399 12510.871168 -0.464993 0.739727 -0.486401 -0.102915 -0.590850 -0.800190 0.879312 0.322025 -0.350870
0.099690 -129.531973 24.039862 14866.828941 -0.460546 0.743963 -0.484165 -0.162170 -0.606797 -0.778138 0.872696 0.279851 -0.400106
1.691660 -114.818406 -3975.905596 -1637.406066 -0.569378 0.761589 -0.309502 0.738117 0.639365 0.215396 -0.361928 0.105807 0.926182
-7.750974 -110.092470 -1415.256240 -206.432444 -0.574809 0.740049 -0.349175 0.706380 0.664157 0.244792 -0.413065 0.105942 0.904519
-0.875590 -109.301865 -4057.442463 -4645.382798 -0.599352 0.737810 -0.310506 0.629145 0.674011 0.387152 -0.494929 -0.036687 0.868159
238.154428 -53.788173 -106363.744567 -4979.616295 0.758450 0.255132 -0.599718 -0.632222 0.511487 -0.581960 -0.158271 -0.820542 -0.549237
1441.028852 -123.446673 -524761.034224 -11458.925982 0.604574 0.399320 -0.689227 0.775148 -0.494159 0.393640 -0.183400 -0.772237 -0.608288
151.105025 -47.338052 -84367.346658 -2343.170059 0.722161 0.323476 -0.611430 -0.667537 0.557602 -0.493431 -0.181322 -0.764489 -0.618611
426.017261 -64.962651 -182558.347954 3269.146157 0.641688 0.315470 -0.699082 0.712508 -0.582534 0.391135 -0.283848 -0.749088 -0.598580
-2.006427 -63.756947 870.485899 -4145.254098 0.504010 0.750798 -0.426939 0.863697 -0.437503 0.250235 0.001089 -0.494867 -0.868968
-1.516437 -57.030518 284.208139 -2833.286290 0.440938 0.777440 -0.448509 0.894392 -0.422397 0.147116 -0.075075 -0.466012 -0.881588
-5.742334 -65.453487 -1242.411110 -5873.159927 0.465869 0.758253 -0.456089 0.883671 -0.372043 0.284094 0.045730 -0.535384 -0.843370
-5.060135 -57.147968 -300.756922 1544.421182 0.693822 0.462874 -0.551687 0.529644 0.191079 0.826418 -0.487943 0.865585 0.112583
-4.054778 -52.148812 -514.876621 2057.747970 0.669137 0.461540 -0.582441 0.613640 0.098919 0.783365 -0.419169 0.881587 0.217029
-6.261997 -55.510875 28.600735 1788.116019 0.692112 0.447442 -0.566372 0.588527 0.104449 0.801702 -0.417872 0.888193 0.191042
-2.633503 -52.819475 -1641.542794 1561.888171 0.662971 0.485776 -0.569641 0.574003 0.158645 0.803338 -0.480613 0.859566 0.173660
-7.070416 -60.741757 -39.326862 2567.803268 0.711050 0.459212 -0.532477 0.497546 0.206507 0.842498 -0.496845 0.863990 0.081643
-19.584771 -48.332962 -1947.790544 2135.769581 0.691130 0.388776 -0.609256 -0.672966 0.038776 -0.738657 0.263547 -0.920516 -0.288432
-8.327555 -52.212445 -4462.030290 -4528.994706 0.669854 0.349445 -0.655121 0.690688 0.030536 0.722508 0.272482 -0.936459 -0.220902
16.575139 -43.932443 -17169.356794 1177.406749 0.780472 0.300022 -0.548498 -0.599579 0.110655 -0.792629 0.177112 -0.947493 -0.266250
-1.975756 -196.138437 819.929457 24706.246080 0.764008 -0.070273 0.641369 0.623348 0.336945 -0.705624 0.166520 -0.938898 -0.301233
-3.651161 -180.445419 639.179181 21554.997708 0.747148 -0.095957 0.657695 0.605131 0.507514 -0.613389 0.274930 -0.856284 -0.437254
-2.629092 -164.797355 813.874588 15300.811862 0.742471 -0.099722 0.662415 0.584341 0.579923 -0.567658 0.327542 -0.808545 -0.488847
-0.975643 -199.271109 3067.253727 21176.397196 0.746351 -0.059503 0.662888 0.596643 0.501164 -0.626779 0.294921 -0.863304 -0.409546
-21.767210 -30.980763 991.444713 -1637.455515 -0.479321 0.656724 -0.582207 0.755638 0.646220 0.106826 -0.446389 0.388734 0.805992
-18.128286 -29.793447 2555.739541 -3166.916606 -0.373636 0.687774 -0.622385 0.803273 0.575445 0.153673 -0.463840 0.442527 0.767478
-17.124853 -25.733398 -2900.379605 -943.223152 0.586106 -0.475607 0.655956 0.631019 0.775766 -0.001348 -0.508227 0.414711 0.754798
-19.556999 -29.809521 -2594.836223 2906.931503 0.775160 -0.198245 0.599854 0.372281 0.910462 -0.180183 -0.510424 0.362985 0.779557
6.404660 -338.316217 902.249661 41475.193769 0.812713 -0.136924 0.566348 -0.195059 0.851976 0.485890 -0.549045 -0.505360 0.665703
6.875573 -509.120504 3114.082981 -106448.721760 0.799967 -0.095451 0.592403 0.312211 -0.776890 -0.546778 -0.512422 -0.622359 0.591686
12.441658 -474.790740 3468.099738 -101573.314092 0.777236 -0.105760 0.620257 0.448991 -0.597384 -0.664485 -0.440807 -0.794951 0.416823
5.083653 -358.451396 31.346407 -49639.393136 0.809438 -0.157949 0.565564 0.212430 -0.819144 -0.532800 -0.547434 -0.551412 0.629493
5.126145 -293.580830 1887.863211 21403.521122 0.816732 -0.182101 0.547529 0.030614 0.961234 0.274029 -0.576204 -0.207046 0.790646
9.153434 -435.141661 -65.060890 -65039.051909 0.800167 -0.131826 0.585111 0.428048 -0.557829 -0.711056 -0.420127 -0.819420 0.389929
20.776705 -775.479418 -323.839450 -119156.555299 0.936140 -0.181661 0.301067 0.203156 0.978270 -0.041415 -0.287002 0.099933 0.952703
-6.047334 -3155.355891 2826.355683 -190011.135426 0.893759 -0.126734 0.430271 -0.446398 -0.157522 0.880861 0.043858 0.979349 0.197360
1549.599168 -70.820689 -466777.216691 -24564.752447 0.611874 -0.300335 -0.731717 0.584201 -0.452049 0.674063 0.533217 0.839911 0.101141
123.029076 -10105.962223 -50426.309185 3085702.645188 -0.703387 -0.188744 -0.685290 -0.349895 0.931145 0.102677 0.618725 0.312002 -0.720996
121.391014 -934.285029 -92457.456148 -383847.301773 -0.548463 0.541479 -0.637172 0.110864 0.802371 0.586438 0.828793 0.251000 -0.500102
-16.942917 -36.356854 731.502651 1249.677278 -0.635512 -0.688051 0.350301 0.742761 -0.668688 0.034091 0.210786 0.281855 0.936017
-19.296164 -43.718168 571.078064 2068.937506 0.803520 0.483756 -0.346893 0.572845 -0.786845 0.229615 0.161873 0.383216 0.909364
-20.444733 -41.480567 31.002634 2069.507984 0.767433 0.551794 -0.326450 0.628136 -0.749103 0.210450 0.128419 0.366561 0.921489
-17.008797 -35.717636 1649.827015 1167.228392 -0.602354 -0.732771 0.316569 0.783924 -0.617794 0.061592 0.150442 0.285266 0.946568
-12.584924 -32.144702 1816.172128 245.627844 -0.414287 -0.862370 0.291005 0.889450 -0.451411 -0.071463 0.192991 0.229228 0.954049
-10.691873 -31.224411 -1471.738527 705.989565 0.392884 0.866559 -0.307762 0.875039 -0.455197 -0.164628 0.282752 0.204624 0.937113
4.893422 -49.085497 417.683418 -602.463788 0.454580 0.590610 -0.666736 -0.488285 0.791286 0.368027 0.744939 0.158259 0.648089
4.389016 -49.440761 1050.659693 979.255868 0.432593 0.612845 -0.661275 -0.390916 0.788421 0.474950 0.812433 0.053043 0.580636
4.737050 -48.378864 -65.223816 832.627112 0.458070 0.607257 -0.649161 -0.462141 0.786521 0.409648 0.759340 0.112357 0.640920
9.220316 -175.457326 -1930.511897 4150.202984 -0.195200 0.828677 -0.524587 0.783358 0.453568 0.425001 -0.590125 0.327979 0.737687
12.167839 -190.557766 1550.125116 14043.384611 -0.177428 0.801856 -0.570567 0.808037 0.449648 0.380648 -0.561780 0.393502 0.727709
16.837935 -144.271787 2113.726724 -4524.471057 0.147701 -0.844525 0.514744 0.924985 0.302197 0.230391 -0.350125 0.442102 0.825808
12.986955 -135.863938 -4441.117081 -4931.636327 -0.133224 0.888456 -0.439202 0.920207 0.275462 0.278100 -0.368062 0.367107 0.854261
6.986684 -157.594283 -2443.604943 -5572.750257 -0.172166 0.865780 -0.469876 0.766244 0.417468 0.488458 -0.619055 0.275944 0.735273
5.382358 -252.342281 -306.639016 56964.278963 -0.203041 0.821588 -0.532698 0.665466 0.514864 0.540436 -0.718282 0.244761 0.651278
-66.895311 -347.936439 15394.727865 101001.735306 0.910201 0.118129 0.396964 -0.158807 -0.785661 0.597927 -0.382512 0.607274 0.696350
-92.646445 -289.234124 16132.213947 -105210.444287 0.890067 0.207691 0.405764 -0.031665 0.916189 -0.399494 -0.454728 0.342728 0.822047
-48.261761 -244.857763 8845.574911 -79999.486640 0.931234 0.111688 0.346884 0.025905 0.929180 -0.368718 -0.363499 0.352349 0.862391
-34.357136 -372.551212 9372.367998 115363.903168 0.940656 0.076405 0.330649 -0.133601 -0.812269 0.567776 -0.311957 0.578257 0.753858
-35.702168 -267.137772 10808.459386 8431.177542 0.933715 0.066378 0.351810 -0.290669 -0.433146 0.853168 -0.209017 0.898876 0.385141
-85.514852 -259.930824 20036.857770 -628.437508 0.901882 0.158377 0.401903 -0.312846 -0.402100 0.860490 -0.297887 0.901794 0.313099
-39.697237 -60.686445 -1160.518386 -1316.036927 0.937320 -0.312923 -0.153329 -0.006655 0.423853 -0.905706 -0.348405 -0.849958 -0.395204
-38.332011 -60.558649 -1059.459270 -605.937286 0.913035 -0.371310 -0.168806 0.040327 0.494011 -0.868520 -0.405883 -0.786182 -0.466023
-38.787930 -57.081329 -175.138439 1046.051427 0.947255 -0.227235 -0.225990 -0.053906 0.582142 -0.811298 -0.315914 -0.780689 -0.539188
-37.842169 -60.342804 -1209.271403 -1996.166543 0.895565 -0.398247 -0.198399 -0.040034 0.371975 -0.927379 -0.443125 -0.838471 -0.317185
-41.327640 -59.337478 -181.743378 -133.572373 0.964273 -0.174228 -0.199554 -0.095330 0.474608 -0.875020 -0.247163 -0.862781 -0.441043
-42.062671 -59.566140 -1123.122027 -497.067565 0.958538 -0.266303 -0.101424 -0.005460 0.338690 -0.940882 -0.284911 -0.902425 -0.323193
-39.383170 -59.146973 -2377.762345 -1300.066646 0.927497 -0.340882 -0.153457 -0.051888 0.289135 -0.955881 -0.370212 -0.894539 -0.250484
-20.406211 -56.618992 11181.217871 2115.388467 0.305525 0.859081 0.410651 -0.881345 0.418378 -0.219524 0.360396 0.294855 -0.884972
-38.692565 -69.399584 -7320.254084 3406.305792 -0.599001 -0.689988 -0.406342 -0.671471 0.709287 -0.214568 0.436263 0.144320 -0.888170
-39.928060 -62.230317 8826.673009 4048.177452 0.399563 0.851653 0.339171 -0.878170 0.461751 -0.124916 0.262998 0.247938 -0.932394
-11.719071 -164.669622 297.166339 -22034.709315 -0.103033 0.990338 -0.092814 -0.986734 -0.113534 -0.116044 0.125460 -0.079626 -0.988898
-10.690487 -144.732440 594.421998 -26830.573343 -0.103965 0.991788 -0.074478 -0.955354 -0.120408 -0.269817 0.276570 -0.043102 -0.960027
-11.586164 -118.963899 -21.899789 -20228.724992 -0.091133 0.992077 -0.086470 -0.901319 -0.119095 -0.416462 0.423460 -0.039983 -0.905032
-11.012523 -138.463004 -663.905427 -20449.740888 -0.102156 0.985933 -0.132289 -0.961369 -0.132019 -0.241538 0.255605 -0.102504 -0.961332
5.432280 -58.578800 -502.239999 416.695236 -0.327429 0.906737 0.265740 0.163325 0.331323 -0.929274 0.930653 0.260869 0.256578
5.646874 -55.832575 183.331537 266.019483 -0.349010 0.897062 0.271055 0.081925 0.317343 -0.944766 0.933531 0.307527 0.184247
3.696059 -56.096363 -1176.900254 746.679723 -0.319438 0.896590 0.306734 -0.018569 0.317708 -0.948007 0.947425 0.308525 0.084839
1.616257 -57.384339 -764.304798 1303.910080 -0.322859 0.884604 0.336509 -0.063676 0.334442 -0.940263 0.944303 0.325000 0.051650
3.897221 -59.694739 -1467.746616 342.150075 -0.312098 0.902083 0.298061 0.103852 0.344246 -0.933118 0.944357 0.260271 0.201122
1.679068 -53.937586 -956.157493 2010.424352 -0.321233 0.884521 0.338278 -0.155850 0.302961 -0.940173 0.934088 0.354735 -0.040532
2.320225 -54.297453 -1508.315074 931.813229 -0.318876 0.893487 0.316227 -0.176606 0.271789 -0.946013 0.931197 0.357509 -0.071128
4.498039 -54.256596 728.931779 -4106.671149 -0.083465 0.960081 0.266981 -0.413388 -0.277134 0.867356 -0.906722 0.037972 -0.420017
5.197386 -64.615570 646.959224 -5971.372975 -0.071993 0.974261 0.213619 -0.291186 -0.225375 0.929740 -0.953954 -0.004732 -0.299917
5.171814 -58.652784 28.758505 -4514.988984 -0.111503 0.954785 0.275596 -0.407459 -0.296867 0.863624 -0.906391 0.015997 -0.422137
-14.586936 -81.306783 956.133178 -1355.185327 0.244762 -0.923112 -0.296574 0.968577 0.246721 0.031425 0.044162 -0.294946 0.954493
-13.942554 -80.515975 559.995301 -3287.825809 0.238393 -0.927877 -0.286729 0.957977 0.273169 -0.087512 0.159526 -0.253817 0.954006
-14.747597 -78.808989 -327.958402 -841.421241 0.240943 -0.937752 -0.250137 0.969884 0.242114 0.026561 0.035654 -0.249003 0.967846
-12.515600 -87.558540 1035.995516 -2453.384783 0.251597 -0.911966 -0.324062 0.945928 0.302542 -0.117001 0.204743 -0.277102 0.938773
-14.996604 -79.605370 -53.909219 1597.622475 0.241757 -0.937550 -0.250108 0.966183 0.208765 0.151353 -0.089687 -0.278241 0.956315
-13.445703 -83.781587 767.897923 -580.858712 0.259786 -0.908575 -0.327112 0.965557 0.249493 0.073841 0.014522 -0.335028 0.942096
-14.418271 -80.034268 474.346129 2144.324038 0.247641 -0.923084 -0.294260 0.963463 0.202644 0.175139 -0.102038 -0.326880 0.939541
2.643513 -118.582784 1018.901056 12089.042247 -0.391850 0.904564 0.167983 -0.366780 0.013859 -0.930204 0.843757 0.426113 -0.326345
0.499432 -112.038145 163.109522 10195.027827 -0.370894 0.914811 0.159872 -0.402682 -0.003297 -0.915334 0.836830 0.403869 -0.369601
1.314931 -101.681681 655.292649 13553.173080 -0.371412 0.911035 0.179078 -0.533919 -0.051777 -0.843949 0.759594 0.409066 -0.505650
2.369461 -103.976473 750.788894 12896.449187 -0.368791 0.910257 0.188214 -0.554305 -0.052827 -0.830636 0.746150 0.410659 -0.524042
4.934733 -122.239523 536.877459 11205.804124 -0.364914 0.915486 0.169482 -0.412964 0.003995 -0.910738 0.834445 0.402331 -0.376605
-3.677401 -153.312487 -47.727394 7945.340160 -0.091185 0.973193 -0.211144 -0.556863 0.125948 0.821000 -0.825584 -0.192441 -0.530450
-4.295751 -172.644138 -1427.895544 11572.093111 -0.105283 0.969669 -0.220586 -0.719662 0.078791 0.689840 -0.686296 -0.231376 -0.689538
-2.242155 -168.497824 791.620080 8692.360048 -0.100857 0.973183 -0.206745 -0.768202 0.055874 0.637765 -0.632213 -0.223145 -0.741965
-1.705686 -161.044591 -706.038382 1696.944265 -0.120850 0.966085 -0.228201 -0.900151 -0.009740 0.435469 -0.418477 -0.258042 -0.870799
-0.518709 -156.455916 28.429012 5100.438944 -0.097226 0.971857 -0.214573 -0.740998 0.073245 0.667500 -0.664431 -0.223897 -0.713023
7.385450 -38.848448 2135.843461 -285.506777 -0.336019 0.938433 -0.080218 -0.907513 -0.345380 -0.239025 0.252015 0.007518 -0.967694
7.780514 -37.094006 2162.847167 1077.321884 -0.359224 0.929770 -0.080529 -0.920679 -0.367179 -0.132400 0.152670 -0.026580 -0.987920
10.493736 -36.398844 1072.678955 1325.204862 -0.354208 0.928062 -0.115052 -0.918526 -0.368368 -0.143581 0.175634 -0.054821 -0.982928
1.866039 -127.449416 419.237741 -4517.892876 0.057243 0.997597 -0.039039 -0.083055 -0.034209 -0.995958 0.994900 -0.060254 -0.080897
6.530831 -119.227446 1746.453560 496.080166 0.055048 0.997801 -0.036917 -0.341902 -0.015901 -0.939601 0.938122 -0.064345 -0.340275
7.303307 -125.750296 2232.303368 -3766.222179 0.053354 0.996520 -0.064042 -0.082069 -0.059540 -0.994847 0.995197 -0.058335 -0.078607
-0.544641 -86.481188 481.155044 918.245082 -0.320402 0.918507 0.231706 -0.723416 -0.079336 -0.685838 0.611565 0.387364 -0.689883
-1.178104 -80.585064 563.235992 -5108.576597 -0.299849 0.918987 0.256036 -0.775402 -0.078431 -0.626578 0.555736 0.386409 -0.736102
0.485394 -96.268161 490.520700 -8494.252548 -0.276556 0.924262 0.263169 -0.828591 -0.090622 -0.552472 0.486780 0.370848 -0.790896
1.472110 -86.393850 234.820307 -4223.553529 -0.306138 0.923089 0.232779 -0.749243 -0.082778 -0.657102 0.587295 0.375571 -0.716959
-0.323588 -96.059114 4547.208865 -897.319476 -0.414830 0.903152 0.110603 0.847155 0.427717 -0.315256 0.332031 0.037080 0.942539
-11.446912 -98.787280 443.620744 822.647815 -0.336809 0.927975 0.159444 0.865249 0.371824 -0.336291 0.371354 -0.024692 0.928163
-10.595190 -106.827220 2143.444252 304.150708 -0.372563 0.916747 0.144120 0.772536 0.392432 -0.499185 0.514184 0.074640 0.854426
-0.598597 -107.412690 5662.499971 -349.133681 -0.424083 0.900242 0.098580 0.770730 0.415928 -0.482679 0.475531 0.128717 0.870231
-8.664311 -114.041215 2989.897170 -5484.226184 -0.417083 0.897128 0.145612 0.658144 0.408615 -0.632361 0.626808 0.167913 0.760866
-14.648491 -107.070357 151.160976 -3692.266769 -0.356894 0.915516 0.185625 0.659096 0.387606 -0.644480 0.661981 0.107667 0.741747
-17.484552 -226.155845 462.661789 -9700.594111 0.133765 0.977195 -0.164917 -0.634450 -0.043396 -0.771745 0.761301 -0.207864 -0.614176
-13.858992 -193.413121 757.455110 162.754609 0.119276 0.986780 -0.109725 -0.520567 -0.031951 -0.853223 0.845449 -0.158888 -0.509874
-10.019888 -210.003804 -1065.975245 -17252.715995 0.148728 0.975891 -0.159743 -0.327887 -0.103734 -0.939005 0.932936 -0.192034 -0.304553
-14.625608 -196.813252 911.936335 -257.317112 0.087306 0.984439 -0.152505 -0.773156 -0.029575 -0.633526 0.628178 -0.173221 -0.758543
-15.925247 -214.028180 920.055203 9648.753238 0.107547 0.976361 -0.187492 -0.892622 0.011784 -0.450652 0.437789 -0.215826 -0.872788
-16.541266 -224.223775 -218.886613 -9095.668866 0.146332 0.964011 -0.221967 -0.711730 -0.053240 -0.700432 0.687042 -0.260476 -0.678325
-9.915913 -27.520885 1375.915098 -3910.917977 -0.726479 0.012835 0.687069 -0.293436 0.898296 -0.327048 -0.621389 -0.439204 -0.648826
-15.563592 -32.225658 3136.693776 -2778.817140 -0.708519 -0.075667 0.701623 -0.364711 0.890425 -0.272267 -0.604141 -0.448796 -0.658480
-7.931401 -24.271066 3477.378302 107.097851 -0.522346 -0.360184 0.772931 -0.602948 0.796964 -0.036088 -0.603000 -0.484887 -0.633463
-6.789013 -20.411955 2273.139363 -1619.427275 -0.563034 -0.298752 0.770546 -0.543713 0.836079 -0.073128 -0.622390 -0.460130 -0.633176
8.898497 -274.481373 -5318.095412 29422.661239 0.088917 0.990452 -0.105352 0.775462 -0.002457 0.631389 -0.625101 0.137837 0.768277
25.055311 -396.153253 -5709.349122 83840.317824 0.091497 0.989619 -0.110823 0.520516 0.047347 0.852538 -0.848936 0.135690 0.510780
30.774782 -568.073275 -4344.275279 174534.522597 0.137152 0.985324 -0.101617 0.564991 0.006447 0.825072 -0.813618 0.170573 0.555815
10.106446 -490.018076 6389.652562 132076.819945 0.285421 0.955794 -0.070659 0.605537 -0.122697 0.786302 -0.742873 0.267214 0.613789
8.382301 -239.544367 670.455284 33370.727169 0.165212 0.979713 -0.113438 0.814097 -0.070541 0.576429 -0.556733 0.187582 0.809235
10.823159 -133.935648 364.139858 -7402.061972 0.001943 0.999654 0.026236 0.970247 -0.008236 0.241977 -0.242109 -0.024985 0.969927
7.410934 -143.097572 1571.758742 -5662.680625 -0.010173 -0.998158 -0.059813 0.998805 -0.007283 -0.048325 0.047800 -0.060233 0.997039
5.289931 -134.198752 -2302.291223 -6599.977348 -0.009021 0.996818 0.079201 0.967859 -0.011203 0.251243 -0.251331 -0.078922 0.964678
-4.683957 -95.101734 743.967601 554.183032 -0.105041 0.975062 0.195502 -0.299869 -0.218495 0.928622 -0.948180 -0.038918 -0.315341
-4.894078 -103.342132 -235.481809 2384.697043 -0.117645 0.970679 0.209625 -0.354569 -0.238235 0.904171 -0.927599 -0.032044 -0.372199
-4.424202 -100.712761 851.833706 2721.603063 -0.122977 0.963081 0.239481 -0.484191 -0.268869 0.832627 -0.866277 0.013561 -0.499380
-4.339052 -205.397644 -838.353389 -10060.483889 -0.199431 0.976145 0.085836 0.976564 0.205220 -0.064866 0.080934 -0.070889 0.994195
-6.352036 -239.052423 -1648.681055 -5053.692963 0.178648 -0.982821 -0.046350 0.983391 0.176820 0.040949 -0.032050 -0.052895 0.998086
-4.538688 -183.818993 -422.346629 791.912469 -0.129846 0.987771 0.086309 0.971128 0.109122 0.212140 -0.200128 -0.111363 0.973420
-35.320165 -203.055097 -5078.251400 53618.370879 -0.293622 -0.139734 -0.945654 0.906543 -0.354539 -0.229090 -0.303259 -0.924541 0.230775
-76.218794 -449.889826 2491.553194 137663.546422 0.107324 -0.174044 -0.978872 0.960533 -0.235984 0.147271 -0.256630 -0.956044 0.141848
-30.757898 -150.491484 -3345.981884 40553.829681 -0.314437 -0.047024 -0.948113 0.934717 -0.189607 -0.300590 -0.165634 -0.980733 0.103573
-7.304123 -68.294542 -2934.153355 7565.225760 -0.564209 0.004083 -0.825622 0.808514 -0.199841 -0.553506 -0.167253 -0.979820 0.109451
-17.156933 -131.564285 -4794.745999 33626.469544 -0.419314 -0.081699 -0.904158 0.880090 -0.280948 -0.382766 -0.222750 -0.956239 0.189708
-52.162004 -81.435248 -822.645356 -2840.293024 0.179172 0.820197 -0.543300 0.087956 -0.563379 -0.821503 0.979878 -0.099404 0.173083
-39.254753 -91.642290 2796.585519 -13013.071937 0.046887 0.916605 -0.397035 0.220675 -0.397156 -0.890825 0.974220 0.045847 0.220894
-25.756339 -74.725886 6054.555663 -15705.683522 -0.019262 0.874547 -0.484558 0.405896 -0.436073 -0.803174 0.913716 0.212151 0.346576
-51.166436 -72.752790 -1730.783304 1892.330482 0.648381 -0.018380 -0.761094 -0.515890 -0.745796 -0.421480 0.559874 -0.665921 0.493042
-48.867849 -71.805303 3.734617 -2347.978022 0.628544 -0.140736 -0.764935 0.506634 0.820303 0.265376 0.590131 -0.554343 0.586899
-49.076668 -70.639098 1084.998978 1062.091482 0.670386 -0.113386 -0.733298 -0.551314 -0.737547 -0.389972 0.496624 -0.665709 0.556952
-51.440345 -72.535573 -962.061295 -768.456453 0.687875 -0.013844 -0.725697 -0.560757 -0.644945 -0.519228 0.460847 -0.764104 0.451404
-48.087598 -70.681477 3119.700109 -1126.816416 0.700603 -0.058550 -0.711146 -0.568393 -0.648303 -0.506590 0.431377 -0.759128 0.487482
-53.561021 -75.951988 -1988.289390 -1665.049215 0.751400 0.118942 -0.649039 -0.575764 -0.362298 -0.732963 0.322326 -0.924442 0.203748
-55.391368 -76.009032 595.344590 -921.978934 0.557932 0.336587 -0.758565 -0.502684 -0.590224 -0.631620 0.660319 -0.733720 0.160108
-54.129145 -77.964403 -130.189543 -978.146617 0.670351 0.268162 -0.691895 -0.608907 -0.334117 -0.719443 0.424101 -0.903579 0.060691
-55.656264 -78.565491 388.647403 2486.566739 0.565304 0.368016 -0.738238 0.585415 0.451518 0.673365 0.581137 -0.812832 0.039803
10.122312 -13.135749 -2225.867962 -731.480055 0.421273 0.775093 -0.470913 0.668355 0.085660 0.738894 0.613050 -0.626013 -0.481951
4.301952 -16.476365 -1647.220248 -968.271672 0.309131 0.732826 -0.606139 0.720950 0.235080 0.651897 0.620218 -0.638517 -0.455660
7.060804 -14.599092 -2627.783759 -507.241965 0.368954 0.755409 -0.541508 -0.673724 -0.183993 -0.715711 0.640288 -0.628891 -0.441052
8.837799 -12.467276 -2708.187414 -955.351870 0.385476 0.773372 -0.503293 -0.645915 -0.163356 -0.745727 0.658941 -0.612544 -0.436562
13.003888 -13.386678 -2293.636447 -1023.059510 0.436966 0.794688 -0.421345 -0.620078 -0.073195 -0.781118 0.651586 -0.602589 -0.460785
-24.441099 -53.867798 1982.511510 256.120310 0.874609 0.391314 -0.286238 0.471018 -0.545899 0.692918 -0.114891 0.740856 0.661765
-18.926351 -52.822522 3080.605040 393.733211 0.872522 0.355806 -0.334825 0.483104 -0.526025 0.699934 -0.072914 0.772463 0.630860
-20.365329 -54.107113 2862.942589 280.922198 0.851300 0.386845 -0.354456 0.502186 -0.405071 0.764020 -0.151978 0.828413 0.539105
-25.639029 -55.330839 963.059738 867.546995 0.860938 0.434135 -0.265167 0.462455 -0.450746 0.763521 -0.211948 0.779971 0.588831
2.651081 -52.371182 692.285000 -298.436924 -0.533690 -0.472827 0.701149 0.821097 -0.488168 0.295789 0.202421 0.733571 0.648767
3.811263 -51.739225 137.749904 -529.165999 -0.516530 -0.473183 0.713649 0.810312 -0.539493 0.228784 0.276752 0.696452 0.662090
2.936083 -51.340653 -1552.620592 -537.212774 -0.496155 -0.454567 0.739729 0.822569 -0.518770 0.232931 0.277867 0.724049 0.631303
-49.494067 -128.598347 2034.583186 -10916.571140 -0.184721 0.925911 -0.329496 -0.106903 -0.352206 -0.929797 0.976960 0.136529 -0.164042
-51.950066 -140.135925 904.880954 -5198.183204 -0.090080 0.921653 -0.377414 -0.358648 -0.383550 -0.851035 0.929116 -0.058698 -0.365099
-50.019399 -140.036576 2308.624394 -3464.049169 -0.209860 0.925987 -0.313858 -0.378582 -0.372924 -0.847115 0.901462 0.058955 -0.428824
-50.630779 -135.094206 813.223567 7830.469084 -0.132576 0.918283 -0.373069 -0.631062 -0.368446 -0.682647 0.764319 -0.144927 -0.628341
-51.507280 -138.193272 167.941155 5390.524753 0.000558 0.915832 -0.401561 -0.603418 -0.319906 -0.730443 0.797425 -0.242717 -0.552451
2.205966 -169.155138 562.778927 12678.191289 -0.446079 0.728680 -0.519652 0.088118 -0.542042 -0.835718 0.890645 0.418587 -0.177584
3.151445 -144.678184 1471.353249 15215.372327 -0.459064 0.746012 -0.482416 -0.184844 -0.611337 -0.769480 0.868961 0.264069 -0.418539
4.447760 -152.085571 2392.950260 14758.258258 -0.462150 0.746739 -0.478329 -0.200217 -0.613321 -0.764036 0.863904 0.257329 -0.432956
3.298202 -177.101637 888.124028 11704.759633 -0.441803 0.723409 -0.530556 0.071159 -0.561283 -0.824559 0.894286 0.402046 -0.196499
0.662342 -184.158552 517.808285 2956.483087 -0.427975 0.704941 -0.565594 0.377688 -0.429041 -0.820534 0.821091 0.564786 0.082629
0.486378 -169.328154 -753.745143 -1508.485155 -0.421542 0.726556 -0.542603 0.378450 -0.402807 -0.833380 0.824062 0.556653 0.105166
-6.943578 -110.499585 1778.225530 3713.377547 0.550027 -0.763487 0.338464 0.807966 0.589020 0.015676 -0.211330 0.264845 0.940849
-10.440188 -107.526845 -882.405908 2412.489869 -0.540569 0.757075 -0.366909 0.787855 0.608514 0.094849 -0.295078 0.237799 0.925409
-12.335896 -106.561150 -732.147009 -37.342932 -0.557395 0.738451 -0.379474 0.676028 0.669009 0.308890 -0.481972 0.084361 0.872116
-19.133617 -44.496858 2839.095061 1942.650078 0.859679 0.387558 -0.332792 -0.510232 0.683087 -0.522547 -0.024809 -0.619024 -0.784980
-21.644069 -44.173661 1247.131421 594.548653 0.910682 0.285572 -0.298507 -0.412941 0.649761 -0.638193 -0.011708 -0.704456 -0.709651
-24.345522 -47.868532 4501.754574 912.724074 0.922953 0.278330 -0.265875 -0.383369 0.726506 -0.570279 -0.034434 -0.628269 -0.777234
-23.983958 -49.896744 7106.906261 808.580222 0.918605 0.284388 -0.274386 -0.388480 0.777151 -0.495095 -0.072440 -0.561391 -0.824374
-18.041269 -47.160768 6750.078827 368.343677 0.853808 0.411722 -0.318584 -0.518794 0.723686 -0.455117 -0.043173 -0.553863 -0.831488
-7.304066 -56.920091 -2369.970856 -4495.174807 0.391060 0.789326 -0.473325 0.920018 -0.349387 0.177472 -0.025291 -0.504870 -0.862825
-7.008623 -64.756729 473.022102 403.301979 0.731994 0.460713 -0.501925 0.329437 0.405514 0.852660 -0.596370 0.789495 -0.145058
-7.838507 -64.164410 -110.052244 1763.871852 0.727499 0.453750 -0.514642 0.419409 0.299523 0.856961 -0.542993 0.839284 -0.027596
-7.513169 -66.925525 -156.337320 446.315958 0.735371 0.452510 -0.504445 0.304718 0.444085 0.842577 -0.605291 0.773320 -0.188679
-5.846010 -66.441550 107.396884 257.157499 0.734691 0.475886 -0.483488 0.221145 0.505757 0.833849 -0.641345 0.719543 -0.266336
-5.933292 -64.092813 -90.982771 -82.988220 0.723761 0.483473 -0.492366 0.299283 0.422987 0.855284 -0.621771 0.766378 -0.161446
-5.418262 -57.585325 -2509.983079 -3165.294874 0.635413 0.354729 -0.685870 0.669425 0.189650 0.718264 0.384864 -0.915533 -0.116958
53.903846 -46.937134 -27682.839421 3391.567445 0.789121 0.283090 -0.545113 -0.582137 0.061538 -0.810759 0.195972 -0.957117 -0.213358
-8.212517 -280.832434 1444.985444 -3126.657420 0.666256 -0.281342 0.690615 -0.533915 0.466573 0.705155 0.520612 0.838544 -0.160644
-10.204963 -258.911448 2790.541569 -28665.930376 0.666748 -0.298249 0.683004 0.690913 -0.096256 -0.716501 0.279439 0.949622 0.141886
-10.603615 -292.011280 1162.487166 -42508.382171 0.680594 -0.286505 0.674320 0.701267 -0.011789 -0.712801 0.212170 0.958006 0.192893
-6.549350 -288.987928 1440.138914 13938.208631 0.669024 -0.293808 0.682703 -0.615555 0.295744 0.730498 0.416532 0.908962 -0.017005
-5.812527 -271.142034 566.668718 -22065.455724 0.674023 -0.289100 0.679790 -0.415133 0.612944 0.672283 0.611030 0.735338 -0.293124
-6.449767 -285.282518 -1391.942451 -46325.277260 -0.671598 0.284367 -0.684172 -0.247572 0.784209 0.568968 0.698329 0.551500 -0.456272
-7.912492 -259.507653 -1782.554380 -35556.464099 -0.663310 0.275163 -0.695920 -0.290042 0.762729 0.578031 0.689851 0.585260 -0.426117
-7.561991 -251.899019 -48.916594 -15745.367841 0.667682 -0.237996 0.705378 -0.440262 0.637827 0.631939 0.600308 0.732485 -0.321085
2.910871 -118.796817 1343.988930 6589.962741 0.871796 -0.098982 0.479764 0.061916 0.993784 0.092521 -0.485940 -0.050955 0.872506
2.769482 -123.307886 1322.004689 4899.580152 0.872005 -0.066234 0.484995 -0.081958 0.957061 0.278060 -0.482587 -0.282219 0.829133
4.578164 -137.312867 1399.140967 6068.131181 0.860648 -0.061932 0.505419 -0.104897 0.949722 0.294999 -0.498278 -0.306907 0.810880
-20.812862 -35.159604 -1388.678211 -2659.177147 0.337064 -0.745382 0.575146 0.856227 0.496716 0.141947 -0.391489 0.444611 0.805641
5238.690468 -3307425.868205 38865634.752721 -657439614.944133 0.872353 -0.166380 0.459693 0.178896 0.983729 0.016561 -0.454968 0.067790 0.887924
5.489425 -6681.125491 -15305.061802 -3023780.179127 0.919068 -0.111045 0.378131 -0.388292 -0.419254 0.820643 -0.067405 0.901052 0.428441
13.306716 -12.851868 -2185.822979 5912.440459 -0.903018 -0.049729 -0.426715 -0.069656 0.997083 0.031207 0.423919 0.057903 -0.903847
19.014472 -4.286784 3314.581805 -2056.174126 -0.748616 0.567983 -0.342007 0.483066 0.820593 0.305409 0.454116 0.063422 -0.888682
17.853195 -16.928268 98.908315 2884.247255 -0.903195 0.213796 -0.372196 0.160024 0.972329 0.170200 0.398285 0.094163 -0.912416
9.090225 -215.908694 1195.874518 37940.961688 -0.202528 0.773698 -0.600311 0.813746 0.473998 0.336368 -0.544794 0.420376 0.725592
17.518679 -161.105288 1091.695577 5706.441468 0.208174 -0.799249 0.563795 0.922150 0.352527 0.159259 -0.326041 0.486750 0.810414
-86.869176 -108.143344 -34210.790628 19681.117229 -0.434573 0.778418 -0.453004 0.764100 0.584915 0.272076 -0.476757 0.227903 0.848977
-58.338908 -88.242212 9612.995499 -36239.503729 0.917235 0.102800 0.384853 0.008523 0.960842 -0.276966 -0.398255 0.257323 0.880442
-172.525875 -273.519762 41412.179589 -75680.099866 0.807935 0.322753 0.493023 -0.099906 0.899577 -0.425182 -0.580741 0.294264 0.759045
-37.661321 -54.296517 -522.374333 3631.592339 0.896031 -0.412753 -0.163593 0.125059 0.588170 -0.799009 -0.426014 -0.695479 -0.578638
-38.502969 -60.016025 310.554945 -1201.922063 0.876531 -0.428189 -0.219881 0.015997 0.482466 -0.875769 -0.481079 -0.764121 -0.429746
13.319076 -37.770640 3619.321335 -2312.909369 -0.361161 0.927894 -0.092610 -0.866454 -0.297209 0.401154 -0.344704 -0.225123 -0.911317
19.813731 -39.257094 1851.068969 -1653.457408 -0.435252 0.892698 -0.116820 -0.812291 -0.333424 0.478551 -0.388251 -0.303182 -0.870254
17.722740 -35.108963 1780.991028 -2487.631880 -0.415464 0.900398 -0.129121 -0.853251 -0.336585 0.398339 -0.315204 -0.275668 -0.908104
19.484294 -35.919428 -264.230975 2060.129790 -0.485676 0.860910 -0.151505 0.809578 0.377626 -0.449424 -0.329702 -0.340930 -0.880377
14.794720 -29.984993 1161.380270 2932.750064 -0.366389 0.919173 -0.144497 0.897806 0.308460 -0.314320 -0.244343 -0.244894 -0.938256
16.052064 -29.391073 37.764603 2491.754925 -0.437415 0.885483 -0.156808 0.863575 0.364986 -0.347885 -0.250813 -0.287586 -0.924331
-9.106055 -170.418907 870.629962 -29510.054604 -0.100859 0.993302 -0.056372 -0.986039 -0.107346 -0.127295 0.132494 -0.042747 -0.990262
-7.432082 -194.060782 2047.752529 -27380.929464 -0.090282 0.995596 -0.025259 -0.993660 -0.088343 0.069541 -0.067004 -0.031377 -0.997259
-2.711630 -168.492296 2844.267792 -34928.627405 -0.082030 0.996610 -0.006254 -0.972806 -0.081431 -0.216835 0.216609 0.011703 -0.976188
5.561508 -50.328615 6000.460707 -25.927998 0.905469 -0.087911 0.415208 -0.328149 -0.765442 0.553550 -0.269154 0.637472 0.721932
8.267232 -50.335840 7262.199495 2344.395198 0.928352 -0.045220 0.368942 -0.231753 -0.846441 0.479404 -0.290609 0.530559 0.796275
31.999622 -53.769648 16716.999877 1898.606364 0.948145 -0.033109 0.316109 -0.220780 -0.784063 0.580088 -0.228643 0.619798 0.750715
35.258421 -50.775434 13749.221542 -352.328108 0.934075 -0.071237 0.349899 -0.299212 -0.690926 0.658099 -0.194873 0.719408 0.666691
6.253193 -57.939526 444.036218 521.976736 -0.345132 0.906138 0.244537 0.214537 0.329815 -0.919345 0.913705 0.264834 0.308230
6.332180 -56.484448 423.308885 486.926698 -0.359014 0.900097 0.246848 0.180781 0.326534 -0.927736 0.915657 0.288445 0.279951
6.139338 -54.647181 427.168097 390.610202 -0.361801 0.894162 0.263772 0.054159 0.302621 -0.951571 0.930681 0.329993 0.157915
4.116611 -73.913962 1090.749140 -3766.526652 -0.054766 0.982227 0.179530 -0.086779 -0.183802 0.979125 -0.994721 -0.038043 -0.095303
8.274183 -74.180843 979.720098 -4394.646401 -0.081614 0.976679 0.198586 -0.155762 -0.209302 0.965366 -0.984417 -0.047855 -0.169211
-13.469143 -80.925431 -589.823243 -2317.797970 0.224933 -0.945687 -0.234694 0.960328 0.255914 -0.110806 0.164849 -0.200459 0.965733
-12.067121 -87.329991 -470.509307 -3486.328626 -0.241495 0.925962 0.290300 0.913534 0.317836 -0.253842 0.327316 -0.203897 0.922654
-1.023697 -94.958440 794.301178 8941.534854 -0.362289 0.912209 0.191368 -0.596431 -0.069114 -0.799683 0.716252 0.403854 -0.569109
-5.228466 -148.580645 -1584.362515 10954.445836 -0.105747 0.970538 -0.216503 -0.477414 0.141438 0.867220 -0.872292 -0.195067 -0.448392
13.233854 -27.676692 -1659.528142 -2428.279559 -0.202225 0.969203 -0.140537 -0.841390 -0.245377 -0.481511 0.501166 -0.020873 -0.865099
12.187068 -31.185329 -1336.379096 -2387.309792 -0.223280 0.964339 -0.142115 -0.879162 -0.262197 -0.397903 0.420975 -0.036098 -0.906354
7.514250 -28.167974 -3505.337273 -2276.007892 -0.172503 0.970658 -0.167527 -0.866711 -0.230388 -0.442418 0.468033 -0.068879 -0.881023
1.495863 -125.965065 568.471456 583.523120 0.058714 0.998109 -0.018182 -0.214222 -0.005192 -0.976771 0.975019 -0.061245 -0.213512
7.396675 -102.746671 1933.316998 15145.295729 0.067038 0.997718 -0.008094 -0.631545 0.036151 -0.774496 0.772436 -0.057033 -0.632527
14.198112 -111.580947 2958.317245 9477.405007 0.069401 0.996120 -0.054106 -0.550005 -0.007042 -0.835132 0.832273 -0.087718 -0.547382
-2.022005 -81.188625 661.751208 5225.441639 -0.343365 0.913380 0.218718 -0.687303 -0.085653 -0.721303 0.640090 0.397996 -0.657179
-7.459579 -175.797700 -613.754610 -8366.752707 0.145522 0.985385 -0.088539 -0.198750 -0.058551 -0.978300 0.969186 -0.159962 -0.187325
-13.037155 -180.951988 1763.783367 -2588.579809 0.067572 0.991983 -0.106790 -0.671601 -0.033930 -0.740136 0.737826 -0.121733 -0.663924
-12.178040 -176.289511 444.927521 410.106339 0.116129 0.991817 -0.053047 -0.409519 -0.000845 -0.912301 0.904880 -0.127668 -0.406070
19.125469 -35.866473 2974.803741 -9357.324095 0.299340 0.859472 -0.414371 -0.872951 0.422003 0.244684 -0.385165 -0.288481 -0.876600
16.609347 -44.636584 1902.658652 -8896.862972 0.169114 0.900705 -0.400165 -0.858882 0.333833 0.388429 -0.483448 -0.278005 -0.830055
25.027765 -25.032525 687.012692 -3912.023122 0.340495 0.772811 -0.535561 -0.828455 0.515962 0.217821 -0.444664 -0.369521 -0.815922
22.783437 -70.913012 -1472.156512 -6252.869825 0.471574 0.849395 -0.236950 -0.416335 -0.022415 -0.908935 0.777356 -0.527281 -0.343063
17.472452 -64.856888 -638.479594 -4955.014407 0.492112 0.826431 -0.273564 -0.480123 -0.004469 -0.877190 0.726160 -0.563020 -0.394589
26.363152 -49.987182 2529.699738 -4684.323353 0.532109 0.838922 -0.114327 -0.265084 0.036829 -0.963522 0.804109 -0.543005 -0.241981
-243.795693 -6569.177816 -6056.553575 -1455149.243632 -0.117341 0.977282 -0.176498 0.709413 0.206858 0.673753 -0.694956 0.046151 0.717570
138.402343 -2802.694104 57687.788051 137366.387358 -0.121951 0.958450 -0.257878 -0.514407 0.161165 0.842265 -0.848830 -0.235369 -0.473380
-88.367411 -3421.080306 60718.526630 -1257317.120795 -0.144328 0.958052 -0.247600 0.565027 0.285208 0.774210 -0.812351 0.028160 0.582488
-543.273374 -11664.469579 186427.484776 -7259080.504803 -0.048673 0.944697 -0.324312 -0.692458 0.202083 0.692578 -0.719814 -0.258283 -0.644327
-209.291139 -4076.009200 56914.619519 1289806.928391 -0.192697 0.969110 -0.153930 0.561930 0.237585 0.792331 -0.804427 -0.066181 0.590354
-130.384601 -3345.231784 55387.935118 -3293804.202136 -0.008483 0.996101 -0.087811 0.992371 -0.002415 -0.123263 0.122994 0.088186 0.988481
-4.708902 -69.034846 662.375686 -841.644186 -0.282676 0.870571 0.402742 -0.774699 0.040384 -0.631039 0.565629 0.490383 -0.663015
-5.295052 -67.959510 324.332765 1.202878 -0.284549 0.876258 0.388850 -0.793951 0.011927 -0.607865 0.537284 0.481695 -0.692312
