15513
31016
-27.390797 -42.066822 -33.678936 2949.163140 0.245112 0.207184 -0.947098 0.506543 0.805585 0.307322 0.826641 -0.555074 0.092512
-31.682516 -48.031896 -508.504478 1334.804284 0.303746 0.250287 -0.919290 0.594976 0.703778 0.388200 0.744138 -0.664870 0.064855
-31.434933 -52.784483 711.675212 -4957.522942 0.447251 0.567715 -0.691134 -0.408038 -0.558116 -0.722503 0.795909 -0.605150 0.017969
-26.930370 -44.836104 -83.952149 1814.913414 0.164634 -0.061826 -0.984415 0.657213 0.751089 0.062741 0.735505 -0.657299 0.164288
-22.170710 -43.516400 1684.860215 6114.233221 0.312383 0.541386 -0.780588 0.321882 0.712778 0.623169 0.893761 -0.445925 0.048397
-22.498273 -33.703310 192.418641 3339.822400 0.146254 0.085328 -0.985560 0.427967 0.892759 0.140803 0.891882 -0.442380 0.094052
-22.473028 -36.363345 43.264935 2025.028803 0.091393 -0.170162 -0.981169 0.534122 0.839948 -0.095919 0.840453 -0.515298 0.167653
28.470457 -51.484153 157.863867 -5135.039560 0.081418 0.460746 -0.883790 -0.679046 0.674730 0.289200 0.729567 0.576587 0.367803
23.547186 -44.179946 193.448740 -928.994329 0.045252 0.459298 -0.887129 -0.625193 0.705652 0.333450 0.779157 0.539537 0.319082
27.351798 -49.832909 515.521979 -1342.619291 0.090694 0.530929 -0.842549 -0.644949 0.675963 0.356532 0.758825 0.511066 0.403728
31.308928 -57.818338 664.798051 -4440.470048 0.110284 0.511849 -0.851967 -0.748055 0.607146 0.267931 0.654409 0.607770 0.449850
57.280118 -29.372614 2718.222713 355.710772 -0.314523 0.711634 -0.628214 0.916966 0.398900 -0.007221 0.245456 -0.578322 -0.778007
57.976082 -25.190288 -8946.639094 294.406113 -0.189121 0.499409 -0.845473 0.905852 0.421078 0.046098 0.379032 -0.757156 -0.532025
53.771876 -28.452854 3674.958063 354.764664 -0.273461 0.766310 -0.581367 0.899040 0.418508 0.128756 0.341975 -0.487463 -0.803389
37.650069 -32.949973 12692.797360 -258.145067 -0.312927 0.877101 -0.364376 0.908690 0.388100 0.153823 0.276333 -0.282969 -0.918460
55.366142 -32.037115 13088.770552 106.599377 -0.338729 0.841667 -0.420546 0.917467 0.394568 0.050701 0.208607 -0.368663 -0.905854
48.564593 -29.630930 10605.343742 -85.640276 -0.285312 0.854368 -0.434341 -0.884231 -0.409482 -0.224631 0.369772 -0.319968 -0.872289
48.284346 -24.762377 1862.080111 74.263796 -0.192215 0.738224 -0.646590 0.864200 0.439523 0.244906 0.464987 -0.511708 -0.722456
21.313699 -31.869026 2415.758404 105.670799 0.143131 0.558484 -0.817073 -0.260512 0.817720 0.513291 0.954802 0.139390 0.262533
18.659898 -31.695616 2483.993311 -231.626206 0.126856 0.549891 -0.825547 -0.350153 0.803515 0.481411 0.928063 0.227998 0.294476
20.332307 -31.512287 -572.690181 -45.964357 0.119669 0.572388 -0.811204 -0.270607 0.804944 0.528051 0.955223 0.156326 0.251219
21.570209 -31.858443 104.962111 157.128038 0.123256 0.578225 -0.806513 -0.174401 0.812683 0.555995 0.976930 0.072127 0.201011
20.301323 -31.446246 -2692.900026 59.199823 0.086913 0.566488 -0.819474 -0.290404 0.801267 0.523102 0.952949 0.192514 0.234151
19.492461 -31.421014 -2123.249610 294.006899 0.088077 0.573346 -0.814565 -0.187803 0.812636 0.551682 0.978250 0.104388 0.179251
16.217648 -55.214186 -1371.239363 6802.022379 0.042031 0.481913 -0.875210 -0.593620 0.716651 0.366098 0.803647 0.504154 0.316195
16.261748 -49.581679 406.366532 7010.444027 0.070505 0.469137 -0.880306 -0.666168 0.679004 0.308504 0.742462 0.564681 0.360397
13.211938 -38.570427 -251.198237 3801.010596 0.013986 0.442967 -0.896429 -0.679295 0.662076 0.316564 0.733732 0.604513 0.310165
16.389706 -35.474963 1234.423631 3158.856329 0.072590 0.404917 -0.911467 -0.737252 0.637267 0.224389 0.671707 0.655693 0.344785
9.820446 -34.003184 638.918034 -996.007055 0.001100 0.394039 -0.919093 -0.722225 0.636011 0.271810 0.691657 0.663493 0.285285
5.806195 -71.957461 -1842.757541 1575.228341 0.116437 0.510150 -0.852167 0.880114 -0.450610 -0.149502 -0.460264 -0.732596 -0.501458
11.687991 -72.792185 -3340.474660 1554.523819 0.138380 0.481291 -0.865569 0.930626 -0.362172 -0.052600 -0.338801 -0.798242 -0.498019
15.139425 -70.437913 -4006.276776 778.488318 0.135899 0.465693 -0.874449 0.834273 -0.529838 -0.152513 -0.534341 -0.708803 -0.460520
9.567991 -69.523170 2698.534773 1307.336958 -0.126599 -0.494255 0.860050 -0.747057 0.617911 0.245136 -0.652593 -0.611472 -0.447463
17.232661 -70.700766 2879.440401 2149.195828 -0.165896 -0.496059 0.852294 -0.704083 0.664717 0.249837 -0.690468 -0.558638 -0.459540
-0.346556 -111.452232 398.401653 979.387238 -0.078718 0.685103 -0.724181 0.958388 -0.147946 -0.244139 -0.274400 -0.713265 -0.644948
-1.445444 -100.059231 -52.862497 5080.245615 -0.114036 0.675798 -0.728212 0.993145 0.096497 -0.065972 0.025686 -0.730743 -0.682169
-0.119721 -104.951198 -680.958191 2668.031133 -0.082657 0.666739 -0.740694 0.979682 -0.081919 -0.183066 -0.182734 -0.740775 -0.646421
-0.299361 -111.099892 -612.264414 331.632098 -0.050050 0.660467 -0.749185 0.893439 -0.305659 -0.329150 -0.446387 -0.685826 -0.574788
21.771539 -30.476536 -2163.968290 -158.434823 0.036065 0.558647 -0.828621 -0.425547 0.758814 0.493063 0.904217 0.334835 0.265097
20.709173 -31.279703 -2888.763855 -551.187790 0.062373 0.560959 -0.825491 -0.521055 0.723738 0.452443 0.851241 0.401906 0.337432
22.720854 -29.742218 -1172.530845 195.137054 -0.047228 0.538180 -0.841506 -0.498416 0.717382 0.486770 0.865651 0.442409 0.234358
20.320695 -30.505353 -1826.979498 -620.911893 -0.024864 0.537826 -0.842689 -0.568400 0.685831 0.454486 0.822377 0.490285 0.288648
20.048544 -30.086373 1733.747783 314.119032 -0.116986 0.499807 -0.858200 -0.396885 0.768603 0.501728 0.910383 0.399302 0.108450
23.696291 -29.070876 1947.624672 -22.247951 -0.129772 0.508462 -0.851250 -0.545587 0.680244 0.489492 0.827946 0.527953 0.189133
20.639848 -29.229660 3730.264630 664.879567 -0.176475 0.473561 -0.862900 -0.491557 0.717115 0.494083 0.852777 0.511358 0.106229
117.460717 -34.232206 20690.042380 2356.886970 0.628789 0.481843 -0.610288 0.674665 -0.728286 0.120112 -0.386589 -0.487265 -0.783021
153.196393 -45.058744 -27009.850980 -3299.061748 -0.601937 -0.460715 0.652238 -0.623237 0.781694 -0.023016 -0.499247 -0.420353 -0.757665
114.810783 -34.488320 12550.215741 -1957.070361 -0.360116 -0.205930 0.909895 -0.640179 0.764001 -0.080457 -0.678592 -0.611470 -0.406961
139.326544 -43.704933 39980.652989 -4408.112954 0.747530 0.574461 -0.333456 -0.639699 0.757798 -0.128559 -0.178840 -0.309413 -0.933959
89.015472 -24.764001 -2648.706093 502.682445 0.441671 0.252282 -0.860976 0.678997 -0.721249 0.136979 -0.586421 -0.645100 -0.489854
84.379959 -23.630643 14138.308668 1001.999410 0.651148 0.506472 -0.565237 0.706417 -0.676722 0.207419 -0.277456 -0.534353 -0.798427
91.910347 -31.923436 26522.159043 -2720.938380 0.725042 0.583604 -0.365678 -0.673290 0.712354 -0.198072 -0.144896 -0.389818 -0.909421
19.614551 -24.565668 -6171.027988 -1098.257801 0.019821 0.145344 -0.989183 0.874164 -0.482685 -0.053406 -0.485226 -0.863650 -0.136622
40.479878 -22.436795 -9289.086144 -153.185804 0.187931 0.108739 -0.976144 0.865131 -0.488858 0.112101 -0.465006 -0.865560 -0.185945
57.244349 -21.088198 -11476.434847 -546.555737 0.226499 0.076590 -0.970995 0.801680 -0.580840 0.141188 -0.553179 -0.810407 -0.192960
29.183069 -24.368146 -8810.997730 -1022.294683 0.045166 0.093903 -0.994556 0.825333 -0.564425 -0.015810 -0.562838 -0.820126 -0.102993
77.267496 -22.827024 -14376.712841 -369.098923 0.243724 0.053440 -0.968371 0.743866 -0.650979 0.151294 -0.622304 -0.757212 -0.198411
-1.262388 -102.494444 42.325186 -3424.157354 -0.511496 0.505096 0.695162 0.838959 0.118631 0.531106 0.185792 0.854871 -0.484434
-1.448335 -103.488605 423.607154 1970.806310 -0.520945 0.482664 0.704026 0.747995 -0.139234 0.648936 0.411242 0.864667 -0.288497
-1.442027 -104.297716 -64.360954 1771.325774 -0.509956 0.505834 0.695756 0.743479 -0.147624 0.652262 0.432647 0.849905 -0.300795
-1.764425 -103.477380 126.435854 -4755.200514 -0.508863 0.502959 0.698635 0.840587 0.115273 0.529269 0.185667 0.856589 -0.481438
77.631205 -14.816486 6451.024307 -1863.399535 0.864547 -0.426177 -0.266329 0.475687 0.523017 0.707231 0.162111 0.738124 -0.654900
127.001384 -18.175724 -31180.534722 -130.124603 -0.739155 0.670557 -0.063268 -0.424746 -0.536968 -0.728874 0.522724 0.511878 -0.681719
78.113898 -29.434067 16864.605563 879.966928 0.837083 -0.540111 0.087022 0.249254 0.518127 0.818179 0.486995 0.663193 -0.568340
9.552400 -25.308634 -1364.706157 -768.640794 0.952996 -0.040614 0.300248 0.271123 -0.328028 -0.904925 -0.135242 -0.943795 0.301598
9.524243 -25.784924 267.166784 -1192.311658 0.922690 0.037460 0.383719 0.380730 -0.245312 -0.891553 -0.060734 -0.968720 0.240609
5.111539 -28.749458 -2155.628058 -749.593958 0.932662 -0.043617 0.358104 0.336083 -0.255711 -0.906455 -0.131108 -0.965769 0.223833
1.662850 -29.063510 -3812.217162 -76.311869 0.957717 -0.112519 0.264796 0.213338 -0.339782 -0.915988 -0.193039 -0.933749 0.301411
-15.652442 -277.026488 5047.472087 -57707.603384 -0.492734 0.547687 0.676204 0.578260 0.786774 -0.215877 -0.650253 0.284651 -0.704376
-12.763834 -268.383658 6005.319473 -68718.740703 -0.502709 0.509767 0.698156 0.431728 0.847744 -0.308124 -0.748929 0.146516 -0.646249
-4.728808 -291.012164 11736.152035 -79509.719796 -0.482720 0.471689 0.737896 0.354746 0.875659 -0.327683 -0.800710 0.103587 -0.590028
-19.634287 -96.574607 5231.178818 -33261.452367 -0.394865 0.678659 0.619276 0.496331 0.724800 -0.477829 -0.773134 0.118688 -0.623038
5.630830 -482.156396 2159.405474 -150419.237362 -0.501644 0.534879 0.679895 0.376829 0.842565 -0.384818 -0.778687 0.063163 -0.624226
12.774703 -24.288515 5862.291813 -12820.557065 -0.633218 0.201398 0.747311 0.205117 0.974694 -0.088875 -0.746299 0.097008 -0.658504
-409.019682 -3721.305606 48000.224179 2232951.253407 0.478823 0.725454 -0.494414 0.842267 -0.220761 0.491783 0.247619 -0.651906 -0.716731
-360.843761 -2379.369407 -85064.941998 3900770.183261 -0.553916 -0.398697 -0.730902 0.758744 0.119680 -0.640300 0.342760 -0.909240 0.236216
-2772.820188 -3031.797780 -203627.492835 -1027013.278589 0.787632 -0.409434 0.460434 0.502639 -0.005230 -0.864481 -0.356356 -0.912325 -0.201678
-15.996675 -25.352478 1496.631834 -957.849956 -0.082004 -0.125996 -0.988636 -0.234785 0.966500 -0.103701 0.968582 0.223613 -0.108839
-13.559959 -23.296307 1160.550717 -636.627058 -0.100757 -0.095304 -0.990336 -0.173591 0.981817 -0.076823 0.979650 0.164173 -0.115469
-10.748086 -26.787595 1150.502255 -805.180804 -0.116782 -0.153115 -0.981284 -0.269998 0.955727 -0.116995 0.955753 0.251281 -0.152953
-15.624952 -28.185785 1954.432199 -939.666746 -0.084715 -0.190898 -0.977947 -0.321994 0.934060 -0.154439 0.942944 0.301810 -0.140597
-26.635859 -44.533802 3486.367048 -3545.777034 0.830541 0.314083 0.459949 0.554146 -0.548879 -0.625823 -0.055896 -0.774651 0.629914
-12.539932 -228.750923 -2581.100425 -51855.900886 0.952099 0.163068 0.258682 0.303137 -0.614518 -0.728337 -0.040197 -0.771865 0.634514
-40.016498 -346.686697 -3749.631891 -68692.163246 0.952767 0.153683 0.261946 0.299264 -0.621983 -0.723587 -0.051724 -0.767801 0.638597
-96.434902 -1371.632496 1818.340134 -299691.299625 0.895666 0.367428 0.250557 0.411219 -0.469691 -0.781210 0.169354 -0.802737 0.571780
-49.563498 -263.054494 -4613.865052 -60005.099602 0.901097 0.313197 0.299886 0.429832 -0.553989 -0.712980 0.057169 -0.771365 0.633820
-17.959462 -60.757318 -2684.161143 -9808.749237 -0.651886 -0.470648 -0.594588 0.758314 -0.406772 -0.509408 -0.002110 -0.782960 0.622068
18.175846 -115.574182 -1295.786274 20533.317426 -0.557742 -0.294145 -0.776146 0.829974 -0.188458 -0.525001 0.008155 -0.936996 0.349244
27.067593 -165.050592 -3052.369665 26589.115578 -0.573128 -0.246084 -0.781644 0.800085 -0.374259 -0.468822 -0.177168 -0.894076 0.411386
18.267987 -193.617172 -1755.782610 39419.396879 -0.624365 -0.288609 -0.725860 0.753482 -0.467574 -0.462213 -0.205994 -0.835512 0.509398
2.142322 -35.270246 -280.714681 -219.671643 -0.284835 0.130168 -0.949697 -0.504930 0.821773 0.264074 0.814810 0.554748 -0.168344
5.736483 -36.734541 -269.959750 -927.117862 -0.267858 0.094710 -0.958792 -0.565363 0.790355 0.236018 0.780139 0.605285 -0.158157
1.102012 -33.996535 6.038301 -59.720009 -0.252282 0.037804 -0.966915 -0.485594 0.859362 0.160297 0.836990 0.509968 -0.198444
-13.124331 -40.101971 -4254.159543 4429.580697 -0.130058 -0.557235 0.820106 -0.583931 0.711520 0.390851 -0.801317 -0.428052 -0.417925
-21.549719 -30.190486 -59.539110 2098.881326 -0.295471 -0.142192 0.944711 -0.476690 0.878911 -0.016803 -0.827927 -0.455299 -0.327474
-14.962482 -26.851909 -1775.209007 1235.133913 -0.277845 -0.267101 0.922745 -0.450199 0.884754 0.120546 -0.848601 -0.381925 -0.366073
-6.084452 -34.602632 -2813.860786 2680.061341 -0.201979 -0.467834 0.860428 -0.511255 0.799699 0.314801 -0.835358 -0.376315 -0.400705
-0.957427 -51.006090 -3709.843404 4662.570202 -0.191512 -0.571858 0.797685 -0.646114 0.685242 0.336126 -0.738824 -0.451023 -0.500717
-3.355194 -54.532962 7955.295894 6254.409400 0.152427 0.651591 -0.743098 -0.689247 0.608949 0.392581 -0.708311 -0.452338 -0.541928
48.151705 -33.198867 2260.192091 -2664.601966 -0.288378 0.426430 -0.857319 0.836141 -0.324151 -0.442486 -0.466590 -0.844443 -0.263078
50.170785 -28.410837 2552.523541 -1697.775374 -0.388881 0.427297 -0.816204 0.756268 -0.357901 -0.547691 -0.526147 -0.830256 -0.183970
45.290010 -24.874190 -5587.837243 -2879.123160 -0.461831 0.178404 -0.868841 0.791496 -0.359205 -0.494476 -0.400308 -0.916048 0.024686
43.444773 -28.758478 -5688.321436 -3000.753880 -0.367216 0.156010 -0.916959 0.860941 -0.316112 -0.398565 -0.352042 -0.935807 -0.018234
36.690626 -15.298124 -7781.824261 -1046.827255 -0.612445 0.032190 -0.789858 0.734709 -0.345571 -0.583767 -0.291743 -0.937840 0.187993
33.533331 -19.911237 -7745.909850 -1900.022216 -0.488039 0.023919 -0.872494 0.823050 -0.320125 -0.469157 -0.290529 -0.947073 0.136547
3.871206 -33.308197 -1443.416549 206.666872 -0.269169 0.766110 -0.583630 0.564780 0.616421 0.548679 -0.780110 0.181935 0.598605
7.350634 -32.375968 -2131.082352 561.288671 -0.267501 0.770473 -0.578632 0.662885 0.582978 0.469808 -0.699304 0.257892 0.666682
1.122649 -32.175894 -1348.845876 416.138110 -0.259987 0.773092 -0.578564 0.643113 0.585574 0.493466 -0.720286 0.243787 0.649427
-1.922263 -33.130365 -1245.349699 120.906148 -0.262427 0.769312 -0.582486 0.559800 0.613057 0.557482 -0.785975 0.179777 0.591544
0.594467 -33.664953 -1064.719348 -122.688650 -0.266847 0.758971 -0.593932 0.454070 0.642602 0.617157 -0.850066 0.105000 0.516103
-2.859977 -34.396152 -1159.931472 -138.171717 0.217474 0.564988 0.795923 0.844470 -0.517826 0.136842 0.489464 0.642374 -0.589729
-0.293938 -32.690288 -467.123462 -611.853302 0.220199 0.555593 0.801766 0.857292 -0.502353 0.112663 0.465364 0.662539 -0.586923
-2.876395 -29.932654 -1247.564073 -707.833575 0.228726 0.563626 0.793732 0.897865 -0.437220 0.051735 0.376195 0.700831 -0.606064
-2.519075 -25.825721 -1256.651964 -2484.379001 0.246172 0.552496 0.796334 0.935510 -0.350269 -0.046179 0.253417 0.756346 -0.603092
-3.903797 -27.322173 -880.925401 -1943.769942 0.208592 0.552423 0.807043 0.935390 -0.353619 0.000289 0.285545 0.754839 -0.590493
-6.978169 -40.270408 -590.082793 2422.792574 0.040227 0.378102 0.924889 -0.471304 0.823378 -0.316104 -0.881053 -0.423188 0.211323
-7.877522 -37.929437 75.272886 2913.360035 0.066511 0.415874 0.906987 -0.440548 0.827839 -0.347276 -0.895262 -0.376473 0.238273
-7.409694 -38.170779 -304.925141 527.679969 0.035861 0.422631 0.905592 -0.396646 0.837762 -0.375268 -0.917271 -0.345742 0.197678
-5.762873 -38.768653 -1238.673987 1841.784291 0.008456 0.394164 0.919001 -0.417113 0.836653 -0.355006 -0.908815 -0.380325 0.171485
-4.182997 -42.080059 -1165.209530 2357.451109 0.011474 0.371446 0.928384 -0.493227 0.809740 -0.317881 -0.869825 -0.454256 0.192498
-6.049969 -42.595970 -561.926363 746.115305 0.058754 0.357051 0.932235 -0.639808 0.730302 -0.239385 -0.766286 -0.582387 0.271352
303.455735 -50.897198 -92760.353391 6243.811876 -0.356956 -0.727401 -0.586063 0.916770 -0.152437 -0.369181 0.179205 -0.669067 0.721273
25.781956 -27.359889 -16671.180073 268.700764 -0.281982 -0.687314 -0.669392 0.948567 -0.095080 -0.301960 0.143895 -0.720111 0.678774
140.876888 -24.900635 -48061.533951 -652.868580 -0.365129 -0.762954 -0.533462 0.901503 -0.146771 -0.407124 0.232320 -0.629570 0.741396
702.039495 -67.546392 -184426.373534 12355.176437 -0.329003 -0.717482 -0.613984 0.916915 -0.087191 -0.389441 0.225883 -0.691099 0.686556
580.358552 -39.484648 -137741.938842 10443.674648 -0.396873 -0.673808 -0.623277 0.883931 -0.097614 -0.457316 0.247303 -0.732431 0.634340
-10.357440 -45.081015 -382.390216 2346.009878 0.757905 0.457062 0.465484 -0.255290 0.864426 -0.433122 -0.600340 0.209432 0.771836
-12.872778 -37.813051 -666.658882 1665.111218 0.781522 0.434405 0.447790 -0.172763 0.840375 -0.513735 -0.599480 0.324134 0.731821
-11.283664 -38.224632 -340.700626 1744.630343 0.749081 0.473077 0.463763 -0.178166 0.818111 -0.546764 -0.638071 0.326944 0.697117
-10.044109 -37.114999 -107.719511 1690.007079 0.721931 0.493500 0.485050 -0.173392 0.807627 -0.563626 -0.669888 0.322795 0.668620
-9.710587 -43.814945 -113.395075 2732.630322 0.723348 0.502756 0.473291 -0.262897 0.834353 -0.484501 -0.638477 0.226036 0.735700
-10.455438 -33.307003 27.931134 678.730851 0.738026 0.488935 0.465037 -0.108992 0.766505 -0.632922 -0.665911 0.416428 0.618991
76.801314 -37.229995 27694.464343 -2200.775737 -0.346173 0.938115 -0.010256 -0.813375 -0.294659 0.501595 -0.467531 -0.181981 -0.865042
110.040719 -31.727880 39701.965964 581.756211 -0.399199 0.915971 0.040473 -0.772425 -0.359765 0.523382 -0.493963 -0.177671 -0.851137
-23.375495 -29.444953 1084.222014 -759.612593 -0.884894 0.119602 0.450176 -0.013369 0.959553 -0.281211 -0.465601 -0.254861 -0.847503
3307.316839 -233.102736 869081.356225 12125.510311 -0.223380 0.972582 0.064696 -0.842914 -0.226076 0.488248 -0.489488 -0.054532 -0.870303
-2.856018 -25.331495 3509.455202 483.193911 -0.093834 0.411491 0.906571 -0.188808 0.886709 -0.422018 -0.977521 -0.210767 -0.005510
0.165792 -29.023813 3758.666793 953.755172 -0.064558 0.258035 0.963976 -0.307133 0.913963 -0.265217 -0.949474 -0.313191 0.020247
29.458078 -24.157634 10637.799914 1344.942855 -0.049497 0.254877 0.965706 -0.252891 0.932185 -0.258992 -0.966228 -0.257038 0.018316
17.614941 -19.835579 7878.554116 914.396189 -0.065727 0.335113 0.939883 -0.172977 0.923832 -0.341486 -0.982730 -0.185023 -0.002754
3.293010 -117.891548 2043.588691 -5882.540639 0.041507 0.753311 0.656353 0.949164 -0.234886 0.209561 0.312033 0.614289 -0.724766
-11.781522 -110.975311 2515.000086 -11422.668754 0.008944 0.738560 0.674128 0.999713 0.008366 -0.022429 -0.022205 0.674135 -0.738274
-2.170987 -114.517290 1056.790965 -6944.323060 0.132842 0.723125 0.677822 0.988742 -0.144204 -0.039936 0.068866 0.675496 -0.734141
-12.044657 -101.963153 1449.487367 -731.365110 0.138235 0.727121 0.672448 0.974969 0.019477 -0.221485 -0.174143 0.686233 -0.706229
-4.164525 -108.318656 752.157427 -2520.127523 0.239231 0.712949 0.659145 0.968382 -0.125728 -0.215475 -0.070750 0.689852 -0.720485
1.186024 -18.591063 -4613.183343 -1841.824338 -0.330880 -0.589765 0.736679 -0.164672 0.804758 0.570304 -0.929194 0.067392 -0.363396
10.534678 -18.111011 -5631.291781 -1055.812856 -0.322448 -0.664676 0.673968 -0.239124 0.746102 0.621411 -0.915886 0.039210 -0.399519
-0.738430 -14.962356 3431.830495 -211.110221 0.241175 0.853362 -0.462178 -0.313472 0.519208 0.795084 -0.918461 0.046875 -0.392725
-16.279488 -66.130253 -948.606069 3207.706692 0.511493 0.391403 0.764969 -0.388020 0.899512 -0.200795 -0.766691 -0.194119 0.611967
-13.038159 -68.536734 -956.801080 2752.584969 0.459580 0.413030 0.786252 -0.447793 0.872283 -0.196479 -0.766986 -0.261781 0.585836
-14.025978 -74.160351 -1151.396794 2368.468796 0.499758 0.389165 0.773817 -0.548482 0.833631 -0.065017 -0.670379 -0.391932 0.630064
-15.630701 -59.539683 -740.935917 3382.877857 0.476192 0.418868 0.773169 -0.266470 0.906654 -0.327066 -0.837995 -0.050280 0.543357
-17.979133 -57.345445 -517.652478 3571.386318 0.537113 0.394700 0.745467 -0.245914 0.918648 -0.309212 -0.806868 -0.017239 0.590480
4.149225 -151.157646 8369.899082 30319.150807 -0.683658 0.497292 0.534146 0.729803 0.465218 0.500959 0.000629 0.732306 -0.680975
-18.546457 -52.099956 -5689.634294 -5877.496401 0.921267 -0.314945 -0.228205 0.384133 0.644918 0.660699 0.060910 0.696341 -0.715122
-7.675015 -147.271507 1504.534797 40890.425189 -0.553523 0.635935 0.537772 0.826304 0.338646 0.450045 0.104085 0.693473 -0.712925
11.491036 -108.623408 -9522.631382 -15327.686151 0.913681 -0.258209 -0.313870 0.405771 0.535513 0.740659 0.023163 0.804086 -0.594062
16.597393 -944.757859 4427.108236 250904.962729 -0.683120 0.464016 0.563948 0.704146 0.623317 0.340080 -0.193715 0.629417 -0.752535
27.807654 -558.509728 -1402.755557 123675.263679 0.747653 -0.448413 -0.489837 0.642062 0.676490 0.360718 -0.169620 0.584198 -0.793689
28.121547 -221.799986 -5537.850484 24157.615245 0.766202 -0.505900 -0.396232 0.629693 0.468130 0.619952 0.128145 0.724513 -0.677244
229.125710 -2486.559384 -40651.637748 -395103.256870 0.383247 -0.642709 -0.663360 0.257718 0.764084 -0.591403 0.886963 0.055694 0.458470
21.763145 -69.528991 3498.240067 15000.895693 0.279008 -0.477613 -0.833091 0.957936 0.199123 0.206661 0.067183 -0.855708 0.513079
16.306384 -766.650810 -3392.713796 247062.816350 0.541769 -0.530674 -0.651822 0.830926 0.455025 0.320179 0.126684 -0.715079 0.687469
40.441619 -668.109246 -7423.882830 -151308.075293 0.666261 -0.566277 -0.485208 -0.350424 0.336595 -0.874017 -0.658255 -0.752352 -0.025823
-6.770188 -24.736838 -230.064448 5.679637 0.665552 0.314267 0.676962 0.676153 0.130149 -0.725175 -0.316005 0.940371 -0.125872
-8.349328 -24.771986 -441.080260 -219.934383 0.694633 0.309092 0.649575 -0.637666 -0.153389 0.754887 -0.332967 0.938581 -0.090548
-7.448510 -24.962559 -592.334498 85.727779 0.689391 0.306499 0.656352 -0.676917 -0.050035 0.734357 -0.257920 0.950555 -0.172981
-2.219146 -46.317049 460.130816 2.466971 -0.055042 -0.333250 -0.941230 0.845856 -0.516463 0.133393 -0.530564 -0.788803 0.310309
-4.394617 -46.138918 589.618258 312.900652 -0.072373 -0.337722 -0.938459 0.822178 -0.552856 0.135550 -0.564612 -0.761770 0.317679
-2.695948 -47.340774 845.671650 976.551656 -0.037216 -0.337196 -0.940698 0.780134 -0.598089 0.183523 -0.624504 -0.727041 0.285317
-4.767236 -67.567604 311.059226 -2058.219363 0.830987 0.086870 -0.549468 0.549857 0.021535 0.834981 -0.084368 0.995987 0.029871
-5.221230 -62.911665 405.327620 -2279.371488 0.841876 0.095751 -0.531109 0.508866 0.186897 0.840312 -0.179723 0.977702 -0.108619
-6.022122 -67.471461 -2.136355 -1121.552726 0.828200 0.111649 -0.549199 0.554967 -0.026847 0.831439 -0.078085 0.993385 0.084196
-21.268352 -306.402473 -5107.632477 18039.685218 0.525419 -0.404867 -0.748343 0.817605 0.483681 0.312368 0.235492 -0.775974 0.585157
-6.894543 -205.994239 -2713.177984 14638.269654 0.559194 -0.363144 -0.745271 0.709381 0.674824 0.203447 0.429046 -0.642448 0.634965
-4.565454 -298.246188 -814.599129 32828.815006 0.659812 -0.315121 -0.682163 0.739288 0.434766 0.514228 0.134537 -0.843609 0.519830
-16.765598 -245.205184 -4761.725346 36722.053968 0.523225 -0.409585 -0.747313 0.589385 0.807302 -0.029811 0.615517 -0.424857 0.663804
0.413573 -51.455077 243.720408 132.777016 0.032905 0.300808 0.953117 -0.576461 0.784739 -0.227766 -0.816462 -0.541940 0.199226
0.303260 -51.494844 314.677870 -378.587887 0.035187 0.308252 0.950654 -0.481920 0.838571 -0.254071 -0.875509 -0.449199 0.178060
-0.079963 -51.438516 380.826972 -88.376496 0.048952 0.288478 0.956234 -0.636424 0.746872 -0.192736 -0.769785 -0.599136 0.220155
-0.723189 -52.302208 347.383106 -320.976886 0.043780 0.290588 0.955846 -0.556129 0.801909 -0.218317 -0.829942 -0.522016 0.196712
-38.806795 -56.109189 -343.749392 -2467.162910 0.520196 0.514530 -0.681656 -0.510632 -0.452395 -0.731160 0.684581 -0.728421 -0.027402
-34.080573 -50.574299 -280.733815 1426.665049 0.339664 0.235426 -0.910606 0.677793 0.609973 0.410523 0.652093 -0.756643 0.047616
27.445984 -51.278412 179.215104 -5249.477245 0.041229 0.380991 -0.923659 -0.686016 0.682899 0.251061 0.726418 0.623294 0.289521
22.503861 -39.664757 739.873941 -2292.666202 0.009933 0.323401 -0.946210 -0.611207 0.750876 0.250222 0.791409 0.575844 0.205124
1.086938 -16.137243 -4571.734217 1030.923041 0.098172 -0.450599 -0.887312 0.053670 0.892719 -0.447407 0.993721 -0.003699 0.111824
-4.035544 -18.793556 -3872.056782 -739.737225 0.069858 -0.463322 -0.883432 0.036844 0.886190 -0.461855 0.996876 -0.000285 0.078978
8.386368 -30.360819 -3777.272275 -4991.979359 0.062694 -0.402672 -0.913195 0.067928 0.914595 -0.398626 0.995718 -0.037040 0.084692
65.895257 -27.553130 -9961.338627 649.204684 -0.247405 0.472512 -0.845886 0.921169 0.385377 -0.054152 0.300397 -0.792601 -0.530608
54.267251 -25.726694 -12482.825887 462.472566 -0.177476 0.333175 -0.926011 0.911212 0.411068 -0.026739 0.371745 -0.848538 -0.376548
31.834604 -21.035665 -9460.271596 1156.691091 -0.169586 0.353959 -0.919757 0.877505 0.479036 0.022556 0.448581 -0.803267 -0.391839
23.477237 -32.588166 3934.096156 257.493813 0.162311 0.548349 -0.820347 -0.328612 0.813953 0.479057 0.930414 0.191819 0.312307
23.120838 -31.891071 3027.998644 -77.129147 0.163266 0.545697 -0.821924 -0.406724 0.796242 0.447855 0.898843 0.261177 0.351947
-6.110988 -37.777478 -154.049557 2212.561109 -0.222969 0.593192 -0.773569 0.973307 0.091190 -0.210613 -0.054392 -0.799880 -0.597690
-6.002971 -36.602370 -463.405898 1110.990481 -0.233829 0.562988 -0.792697 0.966774 0.048004 -0.251084 -0.103305 -0.825070 -0.555507
-6.340526 -40.114621 -260.847828 -657.783437 -0.219159 0.573569 -0.789296 0.942877 -0.083527 -0.322501 -0.250904 -0.814888 -0.522499
-5.800131 -34.741359 -337.461735 3031.290788 -0.243374 0.579314 -0.777923 0.969225 0.175892 -0.172238 0.037051 -0.795900 -0.604293
-6.251200 -40.122298 -10.499406 279.723388 -0.205633 0.605282 -0.768992 0.959585 -0.029554 -0.279862 -0.192122 -0.795462 -0.574743
-5.790544 -36.643398 128.402877 1978.555246 -0.261983 0.602028 -0.754273 0.962781 0.216874 -0.161304 0.066473 -0.768458 -0.636438
-5.886104 -38.805217 346.954611 2975.564995 -0.241004 0.618908 -0.747576 0.970503 0.158729 -0.181462 0.006354 -0.769258 -0.638907
-3.385074 -33.229482 -219.685262 -76.022414 -0.390217 0.465735 -0.794242 0.342035 0.874225 0.344592 0.854835 -0.137193 -0.500435
-3.090566 -34.364727 -42.254610 -298.385776 -0.386665 0.441172 -0.809850 0.262661 0.894465 0.361858 0.884024 -0.072798 -0.461737
-4.317904 -32.242252 -56.615168 517.219365 -0.386976 0.429653 -0.815873 0.325282 0.891534 0.315213 0.862810 -0.143409 -0.484760
-1.846464 -35.445371 -161.917594 -641.764572 -0.391226 0.453827 -0.800614 0.238858 0.890215 0.387897 0.888757 -0.039477 -0.456676
-2.058383 -35.456207 206.382423 -428.768166 -0.396129 0.494437 -0.773702 0.289392 0.866917 0.405840 0.871398 -0.063138 -0.486497
18.785373 -62.019070 -1653.293278 729.546036 -0.038632 0.518641 -0.854119 -0.285827 0.813308 0.506787 0.957502 0.263709 0.116822
16.406719 -59.749439 -1911.795145 5919.571123 -0.006034 0.495851 -0.868387 -0.510621 0.745125 0.429016 0.859784 0.446005 0.248696
17.724216 -53.126518 512.015944 4888.421886 -0.143097 0.466318 -0.872967 -0.504179 0.724668 0.469745 0.851661 0.507351 0.131410
14.345857 -45.759859 1815.713359 3486.033961 -0.253555 0.444539 -0.859125 -0.569184 0.649559 0.504086 0.782138 0.616813 0.088326
16.645137 -51.996394 2074.516612 2774.140885 -0.261054 0.450283 -0.853871 -0.436025 0.734166 0.520463 0.861239 0.508179 0.004677
19.408509 -56.441554 823.506079 793.568825 -0.182054 0.493145 -0.850685 -0.293385 0.798492 0.525676 0.938500 0.345279 -0.000687
4.083281 -73.030074 -2178.257895 997.875730 0.106461 0.499893 -0.859519 0.946905 -0.314717 -0.065753 -0.303375 -0.806883 -0.506857
-0.649100 -116.234894 1125.312683 7076.085061 -0.113586 0.697436 -0.707588 0.992865 0.053663 -0.106487 -0.036296 -0.714635 -0.698555
17.374538 -31.926299 -2424.717939 -883.915226 0.062085 0.543704 -0.836977 -0.613095 0.682501 0.397877 0.787566 0.488445 0.375716
18.117262 -32.326783 -87.989926 -254.355967 0.090050 0.534719 -0.840218 -0.586071 0.710559 0.389392 0.805240 0.457363 0.377370
146.246334 -41.504129 25201.824446 -1437.138807 -0.229125 -0.181745 0.956279 -0.550924 0.834134 0.026529 -0.802486 -0.520759 -0.291249
259.301311 -45.734885 -71119.438811 -1007.330256 -0.775456 -0.507342 0.375861 -0.543625 0.839253 0.011255 -0.321153 -0.195600 -0.926608
0.213968 -50.416877 -409.500530 1693.365143 0.021967 -0.609727 0.792307 -0.180242 0.777098 0.603019 -0.983377 -0.156054 -0.092828
-0.925067 -44.990566 -498.712713 1848.284344 0.011938 -0.602534 0.798004 -0.016524 0.797833 0.602652 -0.999792 -0.020381 -0.000432
-0.475781 -44.939350 30.153637 1923.633612 0.027126 -0.589581 0.807254 0.001460 0.807574 0.589765 -0.999631 -0.014819 0.022767
0.373667 -50.185381 -181.209316 1971.398356 0.018238 -0.592174 0.805604 -0.135825 0.796801 0.588778 -0.990565 -0.120159 -0.065900
0.957653 -52.758100 -73.761010 1404.735698 0.027647 -0.604343 0.796244 -0.273996 0.761460 0.587456 -0.961333 -0.234409 -0.144535
1.132589 -55.141121 -128.691161 935.362580 0.034813 -0.616901 0.786270 -0.386918 0.717074 0.579741 -0.921457 -0.324404 -0.213726
4.019026 -21.197229 -1528.491089 -471.770955 0.449402 0.446477 -0.773754 0.748040 0.285400 0.599151 0.488337 -0.848059 -0.205724
1.894059 -18.740591 -783.728790 -755.770579 0.456620 0.457934 -0.762755 0.777412 0.211494 0.592369 0.432584 -0.863462 -0.259432
-0.598484 -20.200459 -889.208742 -628.386323 0.531770 0.471317 -0.703620 0.725862 0.174361 0.665374 0.436286 -0.864557 -0.249391
0.472942 -22.522053 -1291.095334 -557.559077 0.511754 0.458579 -0.726507 0.707447 0.254877 0.659209 0.487470 -0.851318 -0.193986
-2.924833 -19.139158 -785.738731 -609.850853 0.599153 0.478129 -0.642190 0.701465 0.073176 0.708937 0.385956 -0.875236 -0.291548
-2.741330 -21.459060 -755.553291 -448.117099 0.567155 0.485707 -0.665149 0.693172 0.154657 0.703984 0.444800 -0.860331 -0.248964
10.326095 -27.689535 -4255.739154 -720.563718 -0.061821 0.201780 -0.977478 0.927490 -0.350166 -0.130944 -0.368701 -0.914696 -0.165501
916.716214 -115.039318 230449.347319 7732.450995 -0.725049 0.502946 0.470477 0.247843 0.827922 -0.503110 -0.642556 -0.248174 -0.724936
130.171582 -88.690573 36115.788960 6443.147253 -0.537453 0.408890 0.737532 -0.030081 0.864733 -0.501330 -0.842757 -0.291627 -0.452453
348.704386 -82.998157 91270.639185 515.326180 -0.673616 0.514153 0.530932 -0.004440 0.715539 -0.698559 -0.739069 -0.472918 -0.479715
-0.772460 -95.022577 57.988309 -2601.198866 -0.508146 0.499116 0.701905 0.818184 0.534283 0.212404 -0.269001 0.682220 -0.679863
0.439318 -85.780151 222.142434 -589.945636 -0.508428 0.490803 0.707540 0.744060 0.663994 0.074074 -0.433447 0.564113 -0.702780
0.484752 -91.854219 -108.479990 -3799.505597 -0.509469 0.500429 0.700009 0.818860 0.531922 0.215704 -0.264405 0.683104 -0.680779
12.840734 -20.761634 584.304687 -390.802445 0.978392 0.007556 0.206618 0.197055 -0.336600 -0.920799 -0.062590 -0.941618 0.330816
9.267151 -18.995212 1158.882672 -870.433862 0.962701 0.056804 0.264536 0.269483 -0.288703 -0.918711 -0.024186 -0.955732 0.293243
8.365921 -24.624776 1764.557596 -1712.334625 0.889078 0.107571 0.444938 0.457583 -0.182121 -0.870316 0.012588 -0.977374 0.211143
11.382997 -31.544686 629.493310 -1730.998825 0.872201 0.070948 0.483976 0.489125 -0.116965 -0.864335 0.004715 -0.990599 0.136720
9.451358 -825.460622 6996.035982 -205654.571129 -0.518670 0.516649 0.681216 0.732367 0.679602 0.042191 -0.441158 0.520783 -0.730866
-1.856300 -274.812513 -2215.335927 -65108.649053 -0.618948 0.528931 0.580633 0.500962 0.835217 -0.226826 -0.604930 0.150481 -0.781930
-3.239916 -369.456203 886.248344 64783.713404 -0.729859 -0.404954 0.550743 -0.277909 0.911843 0.302174 -0.624558 0.067488 -0.778057
-939.217589 -1614.865446 231162.725327 -184794.241455 0.456750 0.841552 0.288391 -0.100208 0.370791 -0.923294 0.883933 -0.392816 -0.253689
2.650161 -34.453183 272.719556 -78.151345 0.064702 -0.518294 0.852751 0.340554 0.814708 0.469332 -0.937996 0.260041 0.229221
3.286878 -33.752791 110.119652 -12.427257 0.065966 -0.498894 0.864149 0.448392 0.788489 0.420986 -0.891399 0.359707 0.275714
2.613687 -34.484365 109.877738 -42.895981 0.056132 -0.524860 0.849336 0.405792 0.789240 0.460904 -0.912240 0.318782 0.257285
2.005900 -35.149783 211.384397 -138.254787 0.056753 -0.540875 0.839186 0.276765 0.816122 0.507292 -0.959260 0.203467 0.196013
1.585173 -35.130026 266.399075 269.361108 0.056538 -0.530575 0.845750 0.220822 0.832771 0.507671 -0.973674 0.158057 0.164246
0.172566 -49.636827 -4456.430807 -5325.166540 0.952605 0.089386 0.290780 0.279453 -0.634822 -0.720352 -0.120204 -0.767471 0.629714
22.563521 -184.602303 -2332.961286 13887.090006 -0.616121 -0.267622 -0.740792 0.641083 -0.716803 -0.274237 -0.457610 -0.643872 0.613206
31.763560 -184.250012 -4150.679222 6925.546276 -0.592777 -0.204734 -0.778909 0.635981 -0.712364 -0.296760 -0.494110 -0.671284 0.552479
-22.525184 -33.402819 1446.936226 864.399978 -0.466802 0.376791 0.800078 -0.331919 0.763911 -0.553416 -0.819711 -0.523897 -0.231531
-18.284910 -29.073617 614.699904 1240.792662 -0.458793 0.329456 0.825208 -0.266086 0.835156 -0.481365 -0.847766 -0.440423 -0.295500
-10.515808 -34.500235 364.894209 4362.867253 -0.399468 -0.142729 0.905568 -0.193188 0.978730 0.069041 -0.896161 -0.147365 -0.418544
-6.663116 -25.130529 1134.994154 3850.123655 -0.383549 0.000011 0.923520 -0.093094 0.994906 -0.038675 -0.918816 -0.100808 -0.381594
-8.990642 -23.659768 1000.441567 2904.844059 -0.424114 0.148917 0.893281 0.021942 0.987788 -0.154254 -0.905343 -0.045821 -0.422202
-14.895113 -37.245419 226.181100 3834.775245 -0.436682 -0.161787 0.884948 -0.179498 0.979585 0.090515 -0.881527 -0.119320 -0.456808
-12.394649 -47.435996 624.213074 4542.492513 -0.386753 -0.213594 0.897107 -0.313729 0.945256 0.089806 -0.867177 -0.246715 -0.432591
4.838260 -24.297919 2615.899926 576.470842 0.305147 -0.826040 0.473860 0.950273 0.296614 -0.094876 -0.062182 0.479247 0.875474
12.206950 -28.702373 2531.313208 1074.861645 0.445021 -0.779566 0.440719 0.887034 0.451317 -0.097380 -0.122990 0.434269 0.892347
19.836008 -34.506321 3737.271406 426.544066 0.260424 -0.824919 0.501684 0.955081 0.296217 -0.008713 -0.141419 0.481418 0.865007
46.893358 -42.142443 7510.868045 -2097.991764 -0.218061 0.617417 -0.755808 0.803902 -0.325466 -0.497809 -0.553346 -0.716148 -0.425371
52.012751 -33.922070 7714.016611 161.596224 -0.344341 0.600151 -0.721975 0.697557 -0.351145 -0.624589 -0.628365 -0.718691 -0.297725
12.083480 -33.810795 -2132.497118 584.385176 -0.259879 0.751597 -0.606271 0.625937 0.609195 0.486913 -0.735300 0.252949 0.628770
12.758797 -31.959094 -3085.220439 513.024856 -0.255351 0.770817 -0.583641 0.700598 0.563523 0.437726 -0.666302 0.297124 0.683929
8.762805 -30.478338 -2190.881189 477.791660 -0.247637 0.779911 -0.574817 0.749992 0.529905 0.395870 -0.613342 0.333076 0.716151
1.641484 -30.841816 -1543.225397 632.140452 -0.256730 0.774294 -0.578411 0.725163 0.549962 0.414344 -0.638927 0.313068 0.702681
-0.988916 -35.002603 -706.298713 -769.039393 0.220487 0.561029 0.797892 0.815982 -0.554257 0.164233 0.534377 0.614855 -0.579996
0.232530 -35.947389 338.418579 -921.737050 0.220019 0.535539 0.815346 0.797105 -0.580518 0.166201 0.562330 0.613349 -0.554606
-0.762624 -35.761945 137.437308 -969.802597 0.240242 0.522150 0.818317 0.808085 -0.574667 0.129445 0.537850 0.630172 -0.560001
0.043165 -33.967318 251.891549 -664.682904 0.246797 0.518142 0.818914 0.842505 -0.532276 0.082875 0.478829 0.669486 -0.567901
-7.860081 -35.534055 430.577036 160.427813 0.062980 0.447347 0.892140 -0.390985 0.833520 -0.390352 -0.918240 -0.324229 0.227401
-4.303418 -44.604451 63.113857 1358.140674 0.311723 0.669016 0.674720 -0.687388 0.649032 -0.325969 0.655993 0.362182 -0.662192
-3.579407 -48.665372 151.057536 761.708837 0.298478 0.688528 0.660939 -0.624809 0.664450 -0.410025 0.721474 0.290577 -0.628522
-4.662538 -43.196879 154.065043 1859.005206 0.284003 0.706947 0.647741 -0.744945 0.588006 -0.315129 0.603655 0.393034 -0.693632
-5.573294 -39.166342 160.052946 2164.897707 0.309786 0.678310 0.666279 -0.800954 0.563780 -0.201557 0.512353 0.471219 -0.717946
-5.984015 -41.787774 -228.745002 1485.858193 0.333970 0.649346 0.683238 -0.756678 0.616919 -0.216449 0.562053 0.444703 -0.697378
-5.096318 -58.429345 113.142806 -1659.944238 0.850016 0.112629 -0.514574 0.455499 0.333472 0.825420 -0.264562 0.936008 -0.232154
-3.676807 -57.416915 586.340425 -1665.480781 0.847095 0.083898 -0.524777 0.464759 0.361946 0.808080 -0.257738 0.928416 -0.267611
-20.893112 -31.182875 782.598295 338.317620 0.070474 -0.527765 -0.846462 0.997500 0.032916 0.062526 -0.005137 -0.848752 0.528766
-16.404912 -32.552609 -3790.361922 811.675089 0.054332 -0.601509 -0.797016 0.994704 0.102350 -0.009435 0.087250 -0.792282 0.603884
-14.775002 -31.095505 -3342.967533 -420.501082 -0.013996 -0.603780 -0.797028 0.999650 -0.026363 0.002416 -0.022471 -0.796715 0.603937
-17.612320 -34.120608 358.192441 -600.209417 -0.026576 -0.550246 -0.834579 0.989734 -0.131768 0.055359 -0.140432 -0.824540 0.548099
-6.917803 -33.162120 -4505.552700 -513.585223 -0.088259 -0.637936 -0.765015 0.991156 -0.132650 -0.003733 -0.099098 -0.758579 0.644001
-13.079755 -41.328563 -395.787155 2428.820375 0.832428 0.324802 0.448962 -0.144159 0.909243 -0.390506 -0.535053 0.260346 0.803703
-15.458673 -34.236861 -486.667133 1266.280813 0.824681 0.397469 0.402392 -0.145035 0.836267 -0.528794 -0.546686 0.377726 0.747300
-11.349469 -45.089530 -570.046991 2199.542518 0.794154 0.392595 0.463884 -0.221470 0.897796 -0.380675 -0.565925 0.199578 0.799936
19.260028 -29.059699 4812.753942 -2710.517346 -0.255574 -0.251342 0.933546 -0.067846 0.967897 0.242017 -0.964406 -0.001484 -0.264422
37.404749 -23.762415 8874.722917 -1767.528321 -0.228093 -0.213888 0.949856 -0.119578 0.974341 0.190686 -0.966268 -0.070087 -0.247817
37.867629 -33.726963 6465.834861 -3062.193888 -0.328405 -0.345681 0.879008 -0.155719 0.937703 0.310586 -0.931612 -0.034881 -0.361776
-3.425536 -56.640043 -182.784092 2985.864309 0.857055 0.195191 -0.476820 0.175977 0.758904 0.626974 -0.484241 0.621260 -0.616073
-3.514097 -59.583619 103.912035 2852.886802 0.870565 0.178202 -0.458651 0.166094 0.770982 0.614817 -0.463173 0.611417 -0.641592
-3.170093 -62.777938 233.073434 2380.742368 -0.858533 -0.218221 0.464006 0.052820 0.862468 0.503347 -0.510031 0.456648 -0.728931
0.913865 -62.639594 877.741527 -2190.712051 -0.368036 -0.574395 -0.731177 -0.085144 0.803887 -0.588657 0.925905 -0.154391 -0.344765
-0.628325 -55.576980 410.630817 -1693.270716 -0.358401 -0.521998 -0.773994 0.057707 0.815098 -0.576441 0.931782 -0.251262 -0.262010
0.962171 -62.875086 586.966195 -2275.848159 -0.359929 -0.509315 -0.781696 0.094689 0.813581 -0.573689 0.928162 -0.280506 -0.244605
3.631569 -71.431335 1258.572220 -1665.282265 -0.351908 -0.594165 -0.723276 -0.172639 0.800646 -0.573726 0.919976 -0.077033 -0.384330
5.734942 -75.700285 736.644086 -3124.670013 -0.332805 -0.524755 -0.783501 0.017480 0.827288 -0.561506 0.942834 -0.200568 -0.266153
70.114025 -100.475136 16455.192708 -6300.503064 -0.518906 -0.621399 -0.587026 -0.192772 0.754090 -0.627843 0.832812 -0.212629 -0.511091
21.998184 -93.392583 8183.967097 -1925.155810 -0.559216 -0.528355 -0.638842 -0.206469 0.835078 -0.509917 0.802900 -0.153253 -0.576078
94.579742 -94.508939 25049.345113 -3432.375344 -0.608753 -0.536299 -0.584640 0.013267 0.729932 -0.683392 0.793249 -0.423773 -0.437233
28.082192 -106.747698 7928.158257 -4312.773351 -0.458877 -0.632314 -0.624188 -0.436104 0.772362 -0.461812 0.774110 0.060296 -0.630173
96.617173 -102.282273 -12517.174430 -7887.749719 0.307822 0.698945 0.645540 0.017978 0.674091 -0.738430 0.951274 -0.238910 -0.194934
59.295499 -117.296330 -9268.392717 -9884.112369 0.338158 0.709355 0.618438 -0.294506 0.703909 -0.646358 0.893821 -0.036438 -0.446942
