13107
26201
-74.604381 -112.614846 711.051378 13183.546656 0.952091 -0.272294 -0.139209 0.142212 -0.008775 0.989797 0.270738 0.962174 -0.030369
-65.646917 -109.785894 -3755.650695 23689.900390 0.918255 -0.171390 -0.356977 0.330810 -0.163474 0.929430 0.217652 0.971546 0.093414
-59.436834 -90.340166 -1656.008352 14064.825661 0.949029 -0.284676 0.135290 -0.163462 -0.077535 0.983498 0.269489 0.955483 0.120117
-58.127327 -77.357129 -5858.242899 16968.168052 0.975183 -0.195299 -0.104295 0.051546 -0.257850 0.964809 0.215319 0.946241 0.241384
-63.605584 -97.568464 -234.401079 12490.335545 0.902982 -0.361207 0.232707 -0.232413 0.044930 0.971579 0.361397 0.931403 0.043378
-54.996532 -79.203901 3409.204820 9780.316055 0.794533 -0.377284 0.475787 -0.511846 0.005437 0.859060 0.326697 0.926081 0.188792
-67.308966 -94.607698 1631.791576 1367.108149 0.347738 0.556954 -0.754242 -0.229527 0.830537 0.507470 0.909063 -0.003348 0.416645
-66.369306 -99.173850 1542.095925 5571.072507 0.314375 0.598424 -0.736924 -0.132291 0.796325 0.590226 0.940036 -0.088064 0.329511
-64.225381 -97.855838 3999.067152 2387.439635 0.237893 0.550467 -0.800245 -0.223379 0.832821 0.506470 0.945256 0.058272 0.321085
15.072272 -136.928757 -28129.068966 -14211.759399 0.908386 -0.372414 0.190111 -0.195951 -0.780805 -0.593251 -0.369374 -0.501649 0.782248
55.340435 -158.391390 -25612.186638 -11103.705737 0.930955 -0.340843 0.130952 -0.192128 -0.762246 -0.618116 -0.310498 -0.550279 0.775103
33.452857 -151.093974 -29486.395684 -11575.097765 0.898505 -0.418242 0.133277 -0.194331 -0.651240 -0.733568 -0.393604 -0.633215 0.666419
-17.029977 -55.772733 3477.230496 5834.885539 0.754064 0.615923 0.228091 0.563970 -0.429196 -0.705499 0.336638 -0.660628 0.671003
-14.483220 -61.369336 1029.953571 2434.736656 0.853804 0.507098 0.117773 0.437085 -0.575367 -0.691310 0.282799 -0.641720 0.712896
-20.651396 -58.311439 -1427.275027 7741.776113 0.905181 0.424434 0.022426 0.283871 -0.564448 -0.775123 0.316330 -0.707993 0.631412
-26.789336 -48.674883 -164.723558 7911.544898 0.840097 0.528437 0.122439 0.401213 -0.453433 -0.795881 0.365055 -0.717742 0.592943
-24.724832 -51.918185 3167.694609 7116.466381 0.669828 0.666271 0.327740 0.631652 -0.279281 -0.723200 0.390315 -0.691437 0.607921
-15.765552 -57.319724 -6787.971261 4574.395954 -0.558287 -0.726745 -0.400195 0.732173 -0.204730 -0.649622 0.390178 -0.655688 0.646401
30.557130 -70.788721 12245.840406 -2800.869636 0.855365 -0.295142 -0.425725 0.039288 0.856416 -0.514789 0.516533 0.423607 0.744144
27.100137 -74.056545 14918.042623 -2040.760506 0.846831 -0.329849 -0.417225 0.000649 0.785102 -0.619367 0.531862 0.524228 0.665062
12.833034 -70.557159 11426.726006 -1322.734026 0.843472 -0.310710 -0.438195 0.001791 0.817364 -0.576119 0.537170 0.485156 0.689980
21.896832 -63.600360 10516.216095 -4042.267155 0.851681 -0.263707 -0.452876 0.077936 0.918295 -0.388151 0.518232 0.295285 0.802647
36.125560 -66.688219 8968.674676 -3369.910610 0.877927 -0.247663 -0.409765 0.069297 0.912541 -0.403071 0.473754 0.325471 0.818307
8.843777 -65.653175 11136.731257 -2903.851686 0.839799 -0.283671 -0.462891 0.042624 0.884450 -0.464683 0.541222 0.370511 0.754851
-1.982900 -64.822249 -5573.610167 4542.305820 0.988442 -0.026738 -0.149223 0.124797 0.702357 0.700799 -0.086070 0.711322 -0.697576
1.377165 -59.244786 -6343.611892 8250.187533 0.987279 -0.026374 -0.156795 0.138405 0.627927 0.765866 -0.078257 0.777825 -0.623590
-9.733340 -64.677051 -4568.026651 4149.797161 0.996922 0.024037 -0.074619 0.038019 0.684168 0.728333 -0.068559 0.728928 -0.681148
-12.438676 -65.033947 -4068.864483 -2121.395158 0.996258 0.011001 -0.085726 0.045962 0.772556 0.633281 -0.073195 0.634851 -0.769159
-4.697789 -95.668401 1010.179968 885.585434 0.945904 -0.157992 0.283380 -0.283883 -0.825912 0.487114 -0.157087 0.541210 0.826084
-8.402125 -100.397848 1402.464324 -670.878631 0.931560 -0.191816 0.308873 -0.311742 -0.858575 0.407020 -0.187118 0.475452 0.859612
-5.714261 -95.990578 1991.859172 289.829610 0.933982 -0.200611 0.295689 -0.303109 -0.883019 0.358333 -0.189214 0.424303 0.885531
-3.743283 -93.678206 3005.613339 571.187881 0.932996 -0.221184 0.283896 -0.299126 -0.915217 0.270003 -0.200106 0.336832 0.920055
-1.964076 -93.295804 3476.680017 1506.895189 0.945728 -0.185671 0.266691 -0.285624 -0.866343 0.409718 -0.154973 0.463656 0.872357
17.137303 -179.480010 9525.882576 7783.574488 0.854383 -0.268469 -0.444921 0.227666 -0.576267 0.784911 0.467117 0.771907 0.431231
16.738004 -173.412881 5156.287369 3334.940913 0.892793 -0.236952 -0.383111 0.272214 -0.393839 0.877947 0.358915 0.888113 0.287115
12.294734 -173.235791 5853.800164 -10561.201325 0.871983 -0.241366 -0.425897 0.345513 -0.312877 0.884720 0.346794 0.918613 0.189428
4.072559 -70.798430 1499.604326 -4812.157383 0.936778 -0.333590 0.105667 0.321518 0.701367 -0.636169 -0.138108 -0.629923 -0.764280
4.345079 -67.687975 -176.486256 -1864.639707 0.927517 -0.356929 0.110966 0.340473 0.684271 -0.644865 -0.154240 -0.635904 -0.756198
6.553211 -66.581007 1160.132362 -3161.173578 0.919700 -0.369348 0.133165 0.348061 0.610055 -0.711819 -0.181671 -0.701010 -0.689624
3.678675 -75.874973 512.690998 -4243.175223 0.940875 -0.325483 0.093891 0.320751 0.766815 -0.555980 -0.108965 -0.553223 -0.825876
2.138356 -81.495151 2524.394079 -6985.454860 0.953001 -0.292378 0.079400 0.286570 0.784864 -0.549423 -0.098321 -0.546354 -0.831763
1.975946 -78.893521 1703.177019 -5924.727852 0.951324 -0.295673 0.086945 0.284881 0.736023 -0.614095 -0.117578 -0.608972 -0.784429
398.410404 36.160641 -3549.344487 -16949.357754 0.023822 0.999357 0.026798 -0.612650 -0.006589 0.790327 -0.789996 0.035245 -0.612099
271.081309 -7.418265 123325.050726 5151.574884 -0.263613 0.911845 0.314717 -0.618037 -0.410153 0.670675 -0.740634 0.017708 -0.671675
184.897914 13.835912 46686.492763 727.216214 -0.021501 0.978352 0.205826 -0.604284 -0.176729 0.776922 -0.796479 0.107673 -0.595003
1177.455993 -30.000437 -508793.046144 -25996.537303 -0.000545 0.971596 -0.236645 -0.564566 0.195025 0.802017 -0.825388 -0.134039 -0.548423
428.290880 -46.766638 -167676.449592 -17612.607477 -0.456236 0.844539 -0.280361 -0.673307 -0.121632 0.729289 -0.581813 -0.521497 -0.624127
1042.569608 10.295272 423019.972202 -28100.558937 0.221380 0.869800 0.440953 -0.684676 -0.183351 0.705409 -0.694413 0.458073 -0.554940
230.917406 20.273125 -82920.012593 5542.057551 0.289439 0.949216 -0.123348 -0.565386 0.273519 0.778155 -0.772375 0.155489 -0.615841
324.318017 21.113758 27138.388003 -14065.105218 0.384041 0.900096 0.205768 -0.659707 0.111576 0.743194 -0.645987 0.421163 -0.636649
5.160915 -215.994225 1217.535177 -7794.211433 -0.067285 -0.473432 -0.878257 0.483912 0.754302 -0.443686 0.872526 -0.454852 0.178345
7.954789 -223.385401 3743.937536 -6485.302572 -0.065234 -0.457291 -0.886921 0.340197 0.825375 -0.450580 0.938089 -0.331121 0.101726
3.797586 -223.713539 673.122951 -6060.186996 -0.054612 -0.457404 -0.887580 0.242706 0.856167 -0.456149 0.968562 -0.240332 0.064258
2.134686 -238.010732 -751.201801 -334.310173 -0.062128 -0.427672 -0.901796 0.163107 0.887044 -0.431913 0.984650 -0.173923 0.014646
4.811517 -227.924446 -694.452134 -11463.975922 -0.073656 -0.463748 -0.882900 0.477265 0.760953 -0.439510 0.875667 -0.453750 0.165282
-3.292086 -178.487846 334.015926 821.385809 0.133746 0.433927 0.890965 0.913678 0.294192 -0.280436 -0.383804 0.851562 -0.357122
-3.258802 -181.128023 -1535.189573 -5516.404279 0.088372 0.423769 0.901449 0.985917 0.091781 -0.139799 -0.141979 0.901108 -0.409690
-2.150175 -166.984667 -1609.659020 -4850.092952 0.106382 0.430700 0.896203 0.942787 0.242722 -0.228559 -0.315969 0.869243 -0.380237
-4.091858 -172.324492 -1722.437579 4430.380403 0.152809 0.457732 0.875860 0.832509 0.417943 -0.363665 -0.532521 0.784733 -0.317200
-21.784823 -145.979991 -1347.125011 1526.867103 0.965675 -0.099182 -0.240070 0.067154 -0.797482 0.599594 0.250921 0.595135 0.763448
-21.567404 -147.816294 -575.841273 -1941.277468 0.956182 -0.114370 -0.269510 0.125202 -0.672387 0.729534 0.264652 0.731311 0.628605
-19.718133 -148.389535 -967.545665 -728.695901 0.970859 -0.086632 -0.223446 0.108424 -0.672716 0.731913 0.213723 0.734811 0.643719
-20.477228 -146.626616 -1037.833901 2334.407074 0.974540 -0.093925 -0.203591 0.039366 -0.822245 0.567771 0.220729 0.561331 0.797613
42.612148 -203.940081 -6651.934059 -30729.040462 0.880945 -0.406171 -0.242818 -0.419909 -0.434350 -0.796879 -0.218201 -0.803968 0.553194
64.442177 -183.817966 3268.354991 -33733.841291 0.874851 -0.376266 -0.305057 -0.480943 -0.599703 -0.639571 -0.057706 -0.706244 0.705613
51.956159 -177.630391 3440.498207 -18923.921024 0.874382 -0.320188 -0.364605 -0.480925 -0.471865 -0.738955 -0.064560 -0.821476 0.566576
-37.809364 -64.105376 -3067.292363 785.302454 0.924942 -0.122847 -0.359709 0.200824 -0.645537 0.736852 0.322726 0.753784 0.572414
-33.297159 -61.695866 -4363.229028 187.195210 0.919541 -0.021621 -0.392400 0.266724 -0.698972 0.663548 0.288623 0.714822 0.636967
-37.026437 -63.824676 -3670.909779 30.427537 0.905220 -0.064438 -0.420028 0.243403 -0.731598 0.636804 0.348326 0.678684 0.646573
-38.679303 -66.344118 557.323094 1236.308107 0.903060 -0.183289 -0.388442 0.169335 -0.679195 0.714156 0.394725 0.710703 0.582317
-37.028822 -65.285307 -115.610239 525.830057 0.890917 -0.131073 -0.434841 0.192846 -0.757673 0.623492 0.411190 0.639337 0.649747
-15.182435 -190.824880 5497.433711 -11026.920777 0.268302 -0.430483 -0.861800 0.618469 0.762862 -0.188516 0.738587 -0.482417 0.470918
-13.628564 -308.169120 3522.994197 60541.429659 0.283850 -0.404636 -0.869309 0.601220 0.781356 -0.167384 0.746970 -0.475134 0.465064
-17.309622 -219.643704 4284.681298 -9104.673630 0.207023 -0.509123 -0.835425 0.468537 0.801224 -0.372174 0.858845 -0.314379 0.404414
-26.940158 -206.602790 4505.777015 -18300.651364 0.211429 -0.493536 -0.843635 0.415767 0.826575 -0.379358 0.884554 -0.270548 0.379957
4.814339 -27.738527 2646.182568 2456.119451 0.895373 0.304167 0.325253 0.414272 -0.836867 -0.357815 -0.163358 -0.455121 0.875316
3.906838 -34.695215 -2347.146002 4123.342057 0.932104 0.199075 0.302575 0.307226 -0.877009 -0.369415 -0.191819 -0.437292 0.878625
6.027562 -29.857218 865.735406 3620.525741 0.955470 0.147407 0.255632 0.236451 -0.900733 -0.364379 -0.176544 -0.408597 0.895478
4.925763 -30.372753 -2148.487019 2561.294220 0.880206 0.320337 0.350174 0.445977 -0.810622 -0.379467 -0.162302 -0.490179 0.856378
-37.265920 -74.488704 -3543.933196 2128.347796 -0.517067 0.814730 -0.262404 0.803184 0.567800 0.180271 -0.295865 0.117547 0.947970
-35.691947 -72.586245 -1142.268248 1704.254666 -0.522582 0.827340 -0.205955 0.790034 0.560721 0.247867 -0.320554 0.033180 0.946649
-33.581937 -69.559891 -1095.843924 1380.137845 -0.599508 0.764119 -0.238144 0.766450 0.633801 0.104163 -0.230529 0.120078 0.965628
-32.305928 -68.587677 324.369741 3030.769017 0.626800 -0.729154 0.274694 0.759123 0.650932 -0.004328 -0.175651 0.211239 0.961522
-31.044875 -65.717499 -177.076895 2495.795171 0.674906 -0.703799 0.221740 0.723487 0.690247 -0.011232 -0.145150 0.168007 0.975041
-21.010709 -49.040953 628.191034 -1903.177541 0.928966 -0.358573 0.091910 -0.354281 -0.789308 0.501476 0.107270 0.498416 0.860276
-19.775098 -46.414894 -181.642522 -1556.610913 0.982476 -0.175435 -0.062963 -0.117922 -0.846638 0.518940 0.144347 0.502421 0.852489
-15.172303 -46.233518 760.868946 -1002.692609 0.964999 -0.262177 0.006351 -0.219889 -0.795676 0.564401 0.142920 0.546043 0.825476
-13.421404 -46.052160 3326.568828 -151.825059 0.967853 -0.251399 0.007716 -0.202554 -0.760883 0.616465 0.149107 0.598210 0.787345
-17.858197 -47.875402 3751.461571 -1548.079085 0.941670 -0.327875 0.075871 -0.310894 -0.761200 0.569139 0.128853 0.559528 0.818734
686.040953 -2913.323534 -1251877.763654 -2964801.866309 0.776489 0.149289 0.612191 -0.629872 0.211730 0.747283 0.018058 0.965859 -0.258439
-1931.553236 -7560.257954 345020.633676 -2416184.100531 0.779832 -0.151660 0.607340 -0.602741 0.080036 0.793913 0.169014 0.985187 0.028997
-227.688631 -1499.119047 -102512.120825 130299.969983 -0.478983 -0.101220 -0.871969 -0.455274 0.877935 0.148175 0.750534 0.467958 -0.466598
24.750376 -1074.077793 31873.770241 485070.074572 0.836811 -0.086597 -0.540600 -0.415682 -0.743103 -0.524411 0.356309 -0.663550 0.657833
-56.849087 -1384.035173 53761.662639 753688.606552 0.806404 -0.072263 -0.586933 -0.471829 -0.676941 -0.564915 0.356496 -0.732482 0.579984
104.056560 -9601.992117 -4607.016703 5660314.670395 0.887720 0.016428 -0.460091 -0.421479 -0.373075 -0.826541 0.185227 -0.927656 0.324262
-111.831635 -370.423641 73884.015609 161015.252687 0.835718 -0.006819 -0.549116 -0.546777 -0.103358 -0.830874 0.051090 -0.994621 0.090107
-0.975564 -337.546840 22141.141658 144068.005699 0.852797 -0.039478 -0.520749 -0.520771 -0.139107 -0.842287 0.039188 -0.989490 0.139189
56.841598 -1323.645145 -3684.908097 687226.244531 0.912010 -0.022911 -0.409528 -0.381179 -0.416031 -0.825603 0.151460 -0.909062 0.388157
-11.231972 -95.386254 -2852.027148 -4856.783062 0.949784 -0.146274 0.276611 0.032006 0.924787 0.379138 0.311265 0.351246 -0.883029
-9.975468 -88.549408 -5127.666590 -5906.500530 -0.925693 0.212318 -0.313072 0.116936 0.947704 0.296957 0.359749 0.238282 -0.902110
-20.115803 -93.299305 8455.701811 -1199.149551 -0.959285 0.089642 -0.267837 0.015630 0.963692 0.266557 0.282007 0.251518 -0.925857
-3.678530 -87.895661 -9717.743461 -5246.340399 -0.914926 0.243811 -0.321662 0.103977 0.912415 0.395839 0.389999 0.328718 -0.860143
-13.923528 -97.071586 -9294.030255 -4002.615597 0.963008 -0.110138 0.245937 0.017318 0.936069 0.351390 0.268915 0.334132 -0.903349
-12.398068 -93.576837 -4739.297338 -3255.410830 0.958081 -0.125225 0.257682 -0.009016 0.885794 0.463991 0.286357 0.446864 -0.847533
-34.882706 -45.833677 13522.263703 -819.778701 0.995443 0.090205 -0.030924 -0.085349 0.987441 0.132951 -0.042529 0.129705 -0.990640
-19.432627 -45.132782 12566.674175 1201.245585 0.993433 -0.110489 -0.029704 0.112197 0.991636 0.063790 -0.022408 0.066704 -0.997521
-39.568845 -46.579187 -10710.510474 360.668405 -0.983245 0.150935 0.102210 0.156359 0.986569 0.047268 -0.093703 0.062458 -0.993639
-42.057248 -48.912345 -4908.611283 -3569.557149 -0.918968 -0.386469 0.078357 -0.369386 0.913219 0.172005 -0.138031 0.129123 -0.981975
-38.808042 -50.397712 5078.297176 -3852.976837 0.906045 0.422514 -0.023741 -0.407705 0.886570 0.218563 -0.113394 0.188349 -0.975534
81.055137 -109.769499 -2510.393918 -8049.394918 0.955599 -0.121993 -0.268233 -0.238243 0.215836 -0.946919 -0.173411 -0.968779 -0.177188
96.885811 -131.475616 -227.775320 15831.366034 0.978601 -0.012304 -0.205399 -0.202698 0.114135 -0.972567 -0.035410 -0.993389 -0.109199
88.025285 -127.464806 -3837.420264 -8245.551196 0.960651 0.040798 -0.274746 -0.276544 0.232907 -0.932351 -0.025953 -0.971643 -0.235024
77.419120 -129.567619 -5015.137233 -20598.883334 0.934645 -0.012598 -0.355360 -0.326465 0.365674 -0.871610 -0.140926 -0.930658 -0.337662
135.321984 -67.095044 -30022.440668 15456.294299 0.903626 0.426529 0.039151 -0.424255 0.878732 0.218720 -0.058888 0.214251 -0.975002
142.776575 -48.136918 843.267129 15708.434203 0.815467 0.463457 0.346730 -0.532249 0.835822 0.134580 0.227432 0.294292 -0.928260
124.507260 -44.232175 8833.838511 11101.191531 0.903248 0.331072 0.273009 -0.400594 0.878631 0.259867 0.153839 0.344091 -0.926248
125.917032 -31.952067 -25792.131580 8123.319136 -0.762429 -0.377206 -0.525754 -0.514575 0.846071 0.139199 0.392318 0.376669 -0.839170
131.750268 -68.946276 -34664.379940 -1960.307355 0.953633 0.299837 -0.026126 -0.279443 0.914311 0.293166 -0.111789 0.272272 -0.955705
112.562468 -35.954638 44400.728644 -3205.126223 0.866824 0.197268 0.457932 -0.343880 0.901559 0.262559 0.361059 0.385066 -0.849330
116.069157 -53.268456 12381.407887 -11063.395455 0.958418 0.189703 0.213187 -0.248178 0.922855 0.294528 0.140868 0.335189 -0.931560
-18.417509 -53.438608 -1774.511659 -7841.131195 0.906328 0.332865 -0.260327 0.008326 -0.629998 -0.776552 0.422492 -0.701644 0.573756
-13.935467 -47.348962 1862.504814 -7746.403349 0.854513 0.517086 -0.049293 0.277467 -0.534624 -0.798241 0.439113 -0.668430 0.600318
-9.018208 -36.864260 -621.765902 -7929.240029 0.895356 0.414492 -0.162892 0.164700 -0.648006 -0.743614 0.413777 -0.638971 0.648463
-19.765915 -63.715139 -2992.162922 -8437.100823 0.895584 0.179803 -0.406940 -0.207149 -0.640963 -0.739091 0.393724 -0.746215 0.536791
-26.555486 -61.660701 -1733.392963 -4596.275928 0.900251 0.318277 -0.297066 -0.077692 -0.553932 -0.828929 0.428383 -0.769324 0.473950
-12.627809 -51.440737 -2830.035540 -9775.370445 0.907816 0.208344 -0.363954 -0.117917 -0.706037 -0.698289 0.402449 -0.676834 0.616385
-3.388519 -25.751162 1850.506309 2106.534042 0.867177 0.435086 -0.242288 -0.497821 0.770401 -0.398317 -0.013357 -0.466028 -0.884669
-10.589604 -25.249555 330.249849 -1235.226661 0.771498 0.561331 -0.299497 -0.635439 0.703321 -0.318680 -0.031758 -0.436173 -0.899302
-3.826560 -23.808319 2152.867629 436.351768 0.937881 0.298551 -0.176765 -0.346047 0.841765 -0.414346 -0.025092 -0.449777 -0.892789
33.375054 -66.173813 11703.273031 5527.969994 0.905869 0.373809 -0.199171 -0.396090 0.581037 -0.710992 0.150049 -0.722955 -0.674405
31.826000 -72.577063 13184.375016 5276.355960 0.889335 0.405315 -0.211667 -0.405443 0.484950 -0.774880 0.211422 -0.774947 -0.595615
14.663424 -65.499953 14722.748497 4457.010544 0.879700 0.434816 -0.192517 -0.430599 0.556598 -0.710481 0.201774 -0.707908 -0.676871
23.197021 -58.257832 14766.224502 4757.759641 0.895746 0.405912 -0.181316 -0.418128 0.630670 -0.653777 0.151025 -0.661431 -0.734643
-6.727854 -67.350700 10541.368492 2054.191613 0.870378 0.441366 -0.218264 -0.437780 0.490778 -0.753316 0.225369 -0.751221 -0.620383
-5.680720 -61.034939 9254.149202 4139.127461 0.877634 0.431993 -0.207706 -0.451033 0.597572 -0.662931 0.162262 -0.675492 -0.719292
5.062059 -56.467676 11570.068265 4478.956720 0.881917 0.431745 -0.189261 -0.447266 0.639527 -0.625267 0.148918 -0.636083 -0.757114
53.693586 -138.923556 -1361.345435 17814.918025 0.961212 0.040813 -0.272774 -0.180955 -0.653063 -0.735366 0.208151 -0.756203 0.620347
48.724437 -134.168309 -1289.471401 14835.939628 0.986230 0.013332 -0.164843 -0.113380 -0.671133 -0.732615 0.120399 -0.741217 0.660380
61.605365 -140.363594 -383.168729 16471.571950 0.971241 0.053012 -0.232124 -0.104088 -0.782276 -0.614174 0.214144 -0.620672 0.754261
58.587540 -151.365141 -3671.443857 14914.070677 0.942113 0.043360 -0.332481 -0.203705 -0.713605 -0.670278 0.266323 -0.699205 0.663464
69.920967 -147.285516 -3536.270440 2717.300277 0.952116 0.062807 -0.299218 -0.093738 -0.871572 -0.481222 0.291014 -0.486227 0.823950
66.400805 -136.086563 -3390.554130 -11171.657988 0.982592 0.054105 -0.177723 -0.017604 -0.925230 -0.378999 0.184940 -0.375530 0.908171
20.714274 -172.412494 5688.704521 -19624.891697 0.770041 -0.031298 -0.637226 0.637964 0.028113 0.769553 0.006171 0.999115 -0.041616
30.267561 -178.148780 3921.405568 -17781.876778 0.782544 0.034424 -0.621643 0.622082 -0.002670 0.782948 -0.025292 0.999404 0.023504
21.353339 -159.823941 1851.190331 -11518.724753 0.785085 0.010708 -0.619296 0.606608 0.188769 0.772264 -0.125174 0.981963 -0.141704
13.939182 -156.154884 4399.617305 -9936.318843 0.783380 -0.052843 -0.619292 0.614479 0.215631 0.758893 -0.093437 0.975044 -0.201392
10.316279 -164.758619 4878.802794 -20907.749909 0.786376 -0.072073 -0.613529 0.617543 0.066153 0.783750 0.015901 0.995203 -0.096530
-20.146377 -39.551747 -5367.456409 -6275.021933 0.900386 -0.255203 -0.352386 -0.428830 -0.657430 -0.619589 0.073548 -0.708984 0.701379
-22.480697 -31.565593 -7246.350439 -5000.724427 0.939242 -0.192204 -0.284398 -0.333669 -0.705673 -0.625053 0.080554 -0.681971 0.726930
-11.603027 -36.537167 -2334.674530 -4461.726032 0.977769 -0.093317 -0.187777 -0.196980 -0.715759 -0.669991 0.071882 -0.692084 0.718229
-11.996832 -45.563359 -2937.127813 -5772.222972 0.942368 -0.186771 -0.277595 -0.330971 -0.641889 -0.691692 0.048997 -0.743704 0.666711
-7.422749 -44.628925 -976.847555 -6599.424516 0.961467 -0.147360 -0.232091 -0.269001 -0.678501 -0.683575 0.056742 -0.719668 0.691996
-6.627633 -40.315695 -520.657373 -4859.592873 0.976878 -0.104209 -0.186679 -0.204355 -0.711728 -0.672073 0.062829 -0.694683 0.716567
-5.991094 -35.684915 -1062.582007 -2285.549695 0.992545 -0.029318 -0.118303 -0.100457 -0.746430 -0.657838 0.069019 -0.664818 0.743810
-22.410112 -104.293876 -2643.653521 -4783.125715 -0.060295 0.415785 -0.907462 0.945902 -0.266556 -0.184981 -0.318802 -0.869523 -0.377220
-28.035333 -107.305746 1469.535426 -8421.297719 -0.119454 0.461417 -0.879105 0.972425 -0.124260 -0.197354 -0.200300 -0.878439 -0.433850
-29.409381 -112.219272 -1626.290397 -7734.801800 -0.067839 0.414845 -0.907359 0.989334 -0.089528 -0.114900 -0.128900 -0.905477 -0.404347
-31.033810 -122.196961 4020.875668 -9041.785063 -0.158459 0.482367 -0.861518 0.987226 0.062752 -0.146446 -0.016579 -0.873719 -0.486149
-20.754975 -104.899954 -4669.544669 -5688.777400 -0.002278 0.371847 -0.928291 0.975524 -0.203287 -0.083825 -0.219879 -0.905761 -0.362283
-35.293496 -126.974266 -323.993480 -8230.507660 -0.110417 0.427206 -0.897387 0.991648 0.107910 -0.070644 0.066657 -0.897692 -0.435553
-27.432548 -113.230740 -5657.089773 -3897.876288 -0.019504 0.361974 -0.931984 0.999685 -0.007675 -0.023902 -0.015805 -0.932157 -0.361710
9.430817 -46.889162 1517.529034 9318.482110 0.977481 -0.012581 -0.210650 -0.083997 0.892537 -0.443082 -0.193587 -0.450798 -0.871381
7.085380 -34.185045 -115.859062 7731.295612 0.975758 -0.051774 -0.212641 -0.038087 0.916616 -0.397950 -0.215513 -0.396402 -0.892424
7.964215 -45.138104 -407.208453 8541.402599 0.972928 -0.058206 -0.223660 -0.048474 0.894843 -0.443741 -0.225969 -0.442570 -0.867796
9.657319 -54.064520 -1709.543154 7274.255900 0.970263 -0.076471 -0.229656 -0.049811 0.865397 -0.498604 -0.236873 -0.495217 -0.835854
10.774558 -57.949966 1195.172612 8111.189108 0.975405 -0.035224 -0.217585 -0.083775 0.853826 -0.513774 -0.203877 -0.519366 -0.829875
-9.384055 -222.068939 -4221.253208 -7483.051310 0.136771 -0.304825 0.942537 0.798522 -0.529143 -0.287003 0.586222 0.791890 0.171038
-7.513366 -264.613214 5820.631096 21516.346122 -0.176319 0.352910 -0.918894 -0.632535 0.674640 0.380473 0.754195 0.648318 0.104276
-4.032766 -260.559691 -4856.657767 -5704.376488 0.128937 -0.304939 0.943603 0.858804 -0.441424 -0.260002 0.495814 0.843894 0.204967
-16.966121 -291.369572 2446.342035 -34101.968028 0.054966 -0.360937 0.930969 -0.300319 0.883229 0.360160 -0.952254 -0.299385 -0.059848
-14.901868 -247.354473 259.849624 -30267.190926 0.062306 -0.382390 0.921898 -0.429937 0.823313 0.370555 -0.900707 -0.419445 -0.113106
-12.459683 -314.794095 1792.885657 -75931.138272 0.064490 -0.339523 0.938384 -0.163478 0.924044 0.345570 -0.984437 -0.175691 0.004087
-10.215752 -232.777163 1994.115837 -36597.687759 0.093823 -0.346460 0.933361 -0.315712 0.878757 0.357928 -0.944205 -0.328255 -0.026934
-9.244134 -287.485853 77.528804 -67489.942782 0.076195 -0.305027 0.949291 -0.062096 0.948759 0.309840 -0.995157 -0.082556 0.053350
-1.761490 -114.291515 -18.331778 -9943.515941 -0.134934 0.232403 -0.963214 0.857887 0.513825 0.003796 0.495806 -0.825816 -0.268707
-4.263452 -109.218547 -2744.754623 -3932.747472 -0.058994 0.263335 -0.962899 0.929962 0.365146 0.042884 0.362892 -0.892929 -0.266433
-7.630250 -123.900214 -6901.575649 -10987.671114 -0.111223 0.223467 -0.968345 0.869271 0.494132 0.014188 0.481660 -0.840177 -0.249212
-1.714588 -132.667129 -6387.952636 -18627.310396 -0.153081 0.180104 -0.971663 0.789615 0.613510 -0.010682 0.594201 -0.768875 -0.236130
-10.111524 -149.091379 -8647.397555 -20780.657387 -0.168559 0.186656 -0.967857 0.769639 0.638386 -0.010922 0.615828 -0.746741 -0.251264
41.417280 -30.153969 -7322.049805 19242.735078 0.955710 -0.050314 -0.289977 0.086514 0.989776 0.113397 0.281307 -0.133462 0.950292
34.074474 -60.635047 -9545.925461 -12334.263134 0.975013 -0.026128 -0.220606 -0.078114 -0.969965 -0.230360 0.207961 -0.241836 0.947770
30.562387 -23.870019 -6951.180559 26251.372322 0.977133 0.023690 -0.211304 -0.001300 0.994421 0.105478 0.212624 -0.102791 0.971712
42.880953 17.744201 1294.857286 24277.292327 0.914243 0.332351 -0.231738 -0.313064 0.942539 0.116671 0.257198 -0.034117 0.965756
50.203820 19.223003 -3939.456649 26683.549097 0.938518 0.102035 -0.329807 -0.077311 0.993180 0.087269 0.336462 -0.056405 0.940006
46.762375 -15.337016 -572.366070 18413.188273 0.912902 -0.076571 -0.400933 0.113838 0.991035 0.069931 0.391984 -0.109482 0.913434
44.762550 -46.971621 -1374.667807 8882.903577 0.927600 -0.043060 -0.371086 0.121636 0.974018 0.191031 0.353219 -0.222337 0.908737
-4.629439 -98.621482 -1716.886901 9410.039181 0.989130 0.055389 -0.136214 -0.024445 0.975392 0.219120 -0.144999 0.213408 -0.966143
-5.575814 -95.923487 -1336.279148 6230.389308 0.989629 0.083519 -0.116874 -0.056446 0.974257 0.218259 -0.132094 0.209399 -0.968867
-6.177133 -100.657397 1544.512336 380.136541 -0.989769 -0.042158 0.136307 -0.038761 0.998871 0.027482 -0.137311 0.021917 -0.990285
95.507757 -9486.412653 28350.369111 -5250640.170547 0.916793 0.010568 -0.399223 0.360421 -0.452452 0.815711 0.172009 0.891726 0.418614
32.709512 -895.895891 -4989.384440 -396406.412347 0.926732 -0.064219 -0.370195 0.187252 -0.775260 0.603248 0.325738 0.628369 0.706433
4.431927 -789.595276 -8837.564572 -338058.540479 0.930548 -0.083151 -0.356605 0.160483 -0.782748 0.601291 0.329130 0.616758 0.715040
-124.441950 -466.467774 36819.062601 215681.597123 -0.366146 -0.428333 -0.826116 0.925026 -0.070881 -0.373233 0.101312 -0.900837 0.422172
-48.648852 -701.061063 21327.202049 345586.668098 -0.351649 -0.324570 -0.878065 0.931687 -0.212645 -0.294520 -0.091124 -0.921649 0.377174
-64.241140 -241.568168 16713.704480 149144.169966 -0.326539 -0.363736 -0.872393 0.939228 -0.021416 -0.342626 0.105942 -0.931256 0.348624
-78.108628 -139.550744 43841.034414 44641.984571 0.767276 -0.163196 -0.620205 -0.621009 -0.430505 -0.654991 0.160109 -0.887712 0.431662
-192.539190 -234.514008 77057.933389 83736.765152 0.951818 0.081170 -0.295727 -0.204325 -0.551245 -0.808938 0.228680 -0.830386 0.508100
-261.137976 -656.361092 55876.055449 272725.769193 -0.528113 -0.571116 -0.628430 0.843869 -0.270372 -0.463448 0.094773 -0.775065 0.624734
-81.860115 -137.503891 172.686725 25400.878655 0.816250 -0.224807 -0.532164 0.539234 -0.034025 0.841468 0.207274 0.973809 -0.093451
-51.815113 -143.561492 -13181.887220 37355.741726 0.854797 -0.097772 -0.509669 0.499518 -0.111302 0.859124 0.140725 0.988965 0.046301
-40.845266 -120.136533 -15928.226154 38008.657540 0.888792 -0.039096 -0.456640 0.432271 -0.259549 0.863583 0.152283 0.964938 0.213785
-91.592456 -109.090548 3972.904342 5186.374217 0.723623 0.164818 -0.670228 0.150752 0.909880 0.386513 0.673531 -0.380728 0.633563
-90.418222 -106.213467 3752.242505 3626.297935 0.776916 0.226512 -0.587447 0.006495 0.930109 0.367227 0.629571 -0.289120 0.721145
-90.697406 -114.163991 795.238387 1828.358859 0.834619 0.072921 -0.545980 0.188882 0.893214 0.408035 0.517431 -0.443680 0.731719
-87.286019 -104.141446 5297.958449 -283.370789 0.643309 0.532149 -0.550428 -0.220739 0.817334 0.532203 0.733094 -0.220870 0.643264
-92.578975 -114.055360 391.536238 1442.516020 0.761082 0.068502 -0.645028 0.310886 0.834233 0.455417 0.569301 -0.547140 0.613624
-87.476630 -107.663108 5428.186988 5811.708866 0.647039 0.398397 -0.650092 0.014108 0.846227 0.532636 0.762326 -0.353808 0.541921
-90.293048 -110.693678 1476.960239 5775.598471 0.675955 0.124119 -0.726415 0.287528 0.863173 0.415042 0.678537 -0.489414 0.547778
-64.351686 -370.218137 -17418.445411 -267231.424440 0.993249 0.094073 -0.067867 0.093404 -0.301664 0.948828 -0.068786 0.948762 0.308414
-134.299588 -564.626243 -59908.539730 -360420.201266 0.958043 0.278868 -0.066228 0.148161 -0.284030 0.947299 -0.245360 0.917366 0.313431
-103.862300 -349.199883 -37262.838558 -189460.958674 0.996119 0.087454 0.009957 0.036662 -0.515087 0.856354 -0.080021 0.852665 0.516294
-74.294826 -256.756990 53159.491500 -148163.282372 0.937560 -0.344636 -0.046975 -0.120622 -0.448834 0.885437 0.326237 0.824484 0.462380
-15.456112 -65.155758 -161.432209 2574.976163 0.928257 0.371772 0.011178 0.265186 -0.640457 -0.720758 0.260798 -0.672013 0.693097
-6.926002 -64.770876 1814.312903 -4527.058735 0.855386 0.504878 0.115810 0.461130 -0.640372 -0.614233 0.235951 -0.578810 0.780580
-9.947102 -67.733873 3891.803651 -5267.497680 0.914672 0.403512 0.023520 0.333933 -0.721604 -0.606446 0.227736 -0.562553 0.794777
-0.016687 -64.558363 4881.661528 -6588.619535 0.856429 0.507400 0.095256 0.470764 -0.691802 -0.547532 0.211919 -0.513766 0.831345
7.026860 -61.478916 5194.082243 -4696.900132 0.756048 0.617270 0.217646 0.626989 -0.587612 -0.511465 0.187820 -0.523154 0.831284
13.870801 -74.138009 11850.088534 2335.235999 0.845792 -0.334207 -0.415861 0.027815 -0.750795 0.659949 0.532786 0.569748 0.625721
26.901976 -77.101145 14077.167805 2230.091339 0.847146 -0.350636 -0.399246 0.038062 -0.709393 0.703785 0.529995 0.611405 0.587614
39.525922 -80.785393 9206.351975 1348.819479 0.883895 -0.317139 -0.343733 0.056352 -0.657393 0.751438 0.464277 0.683562 0.563195
21.377252 -78.076985 12569.853885 301.376275 0.852159 -0.367167 -0.372844 0.088525 -0.601087 0.794265 0.515740 0.709847 0.479719
2.730639 -73.918167 10889.255435 1428.219396 0.845932 -0.353632 -0.399180 0.072250 -0.665622 0.742783 0.528374 0.657185 0.537521
10.442673 -56.729067 -6343.644633 8748.068290 0.972052 -0.090897 -0.216455 0.225377 0.619441 0.751996 -0.065727 0.779763 -0.622615
9.842768 -46.958774 -6847.777998 8945.806729 0.969192 -0.083793 -0.231617 0.238448 0.554848 0.797049 -0.061725 0.827721 -0.557734
-9.638091 -102.303995 1122.508711 -2145.477140 0.929873 -0.190835 0.314512 -0.325999 -0.823615 0.464093 -0.170472 0.534079 0.828070
-9.753571 -101.773383 1534.321575 121.682503 0.922686 -0.216471 0.319048 -0.316056 -0.898602 0.304341 -0.220816 0.381648 0.897544
29.501089 -174.466468 6902.309758 10499.797704 0.891427 -0.253237 -0.375804 0.136403 -0.640887 0.755419 0.432148 0.724662 0.536762
25.166592 -168.462606 3199.172689 19007.997817 0.915315 -0.230435 -0.330301 0.174518 -0.512195 0.840952 0.362963 0.827379 0.428604
35.787933 -157.905993 3398.515371 6368.861708 0.922757 -0.251088 -0.292360 0.066113 -0.644239 0.761961 0.379669 0.722434 0.577876
6.627283 -68.385730 1578.304930 7.170153 0.924106 -0.356519 0.137556 0.328727 0.558118 -0.761868 -0.194848 -0.749266 -0.632957
6.086548 -67.508390 -2136.665826 3839.312740 0.914125 -0.388844 0.114788 0.336616 0.570105 -0.749446 -0.225976 -0.723727 -0.652038
158.483780 -21.889938 91260.978249 8607.964890 -0.235359 0.854899 0.462335 -0.617501 -0.498878 0.608122 -0.750532 0.142365 -0.645317
6.813001 -210.107875 2160.728009 -11145.003863 -0.065328 -0.472761 -0.878766 0.611023 0.677289 -0.409794 0.788913 -0.563717 0.244622
-3.133979 -194.858255 -1215.874749 -14582.462576 0.063171 0.406910 0.911281 0.991649 -0.128466 -0.011378 0.112439 0.904390 -0.411627
-5.393131 -194.060823 -707.120111 -7073.459894 0.068921 0.405749 0.911382 0.995959 -0.080716 -0.039382 0.057584 0.910413 -0.409673
-2.340734 -192.058033 2423.151202 3458.845713 0.106959 0.412196 0.904795 0.975945 0.130353 -0.174755 -0.189976 0.901722 -0.388338
-3.655705 -198.573540 95.702459 -218.734793 0.060965 0.413044 0.908668 0.997807 -0.048741 -0.044790 0.025789 0.909406 -0.415110
-5.761740 -202.274813 -905.428085 -9765.526168 0.050103 0.407376 0.911885 0.960925 -0.268537 0.067169 0.272238 0.872888 -0.404912
-26.424757 -149.204499 -1813.771840 -615.397116 0.930503 -0.122612 -0.345152 0.116748 -0.793880 0.596762 0.347179 0.595585 0.724393
-24.699555 -151.034774 -1254.628375 -389.737472 0.940975 -0.126007 -0.314148 0.129760 -0.722917 0.678641 0.312616 0.679348 0.663896
-28.384153 -149.272301 -3228.181937 5361.128718 0.941066 -0.114230 -0.318349 0.054632 -0.877542 0.476377 0.333781 0.465694 0.819585
64.969102 -149.913105 12002.102715 -19295.973007 0.850841 -0.324000 -0.413634 -0.519644 -0.635330 -0.571249 0.077709 -0.700985 0.708929
46.304760 -153.240362 12849.863025 -13340.996686 0.841540 -0.250545 -0.478579 -0.528911 -0.562289 -0.635676 0.109834 -0.788072 0.605705
41.445553 -176.996617 7682.761957 -14402.138916 0.860411 -0.256394 -0.440403 -0.508169 -0.366943 -0.779177 -0.038174 -0.894212 0.446013
29.069562 -156.853696 11641.656100 -8580.118824 0.840861 -0.186697 -0.508032 -0.531353 -0.463419 -0.709159 0.103034 -0.866249 0.488873
23.493995 -143.047912 10949.068754 -8454.720971 0.833150 -0.198372 -0.516246 -0.509735 -0.637561 -0.577655 0.214548 -0.744422 0.632301
-34.027544 -61.798817 -5241.145887 206.734296 0.943347 -0.071133 -0.324094 0.211889 -0.622512 0.753381 0.255343 0.779371 0.572172
-27.162986 -59.397000 -4196.382449 -63.558472 0.938370 0.000409 -0.345631 0.258261 -0.665410 0.700379 0.229700 0.746478 0.624507
-37.192436 -64.666159 -3686.593329 437.598926 0.947137 -0.161293 -0.277336 0.148860 -0.544823 0.825233 0.284203 0.822893 0.492012
-29.131686 -61.015177 -5018.745041 506.542507 0.962645 -0.087349 -0.256291 0.165615 -0.558884 0.812540 0.214211 0.824633 0.523540
-22.777311 -404.572577 456.957949 146185.088058 -0.213951 -0.307383 -0.927222 -0.527078 0.835496 -0.155355 0.822444 0.455480 -0.340770
-18.558281 -246.273820 1389.016429 53759.755156 -0.206940 -0.304265 -0.929838 -0.706120 0.704287 -0.073309 0.677178 0.641407 -0.360593
-24.708927 -375.921981 -1001.681530 104960.353699 -0.183114 -0.297488 -0.937001 -0.480251 0.858718 -0.178780 0.857804 0.417259 -0.300112
-12.817645 -239.275361 -4417.533071 -65825.739619 0.257005 0.306720 0.916445 0.720060 -0.693259 0.030092 0.644563 0.652162 -0.399028
-9.029271 -378.914270 8950.746357 142213.368387 -0.287984 -0.285138 -0.914200 -0.542691 0.835147 -0.089527 0.789019 0.470346 -0.395251
-19.656358 -259.816586 2767.223870 -1077.574772 0.200730 -0.552381 -0.809063 0.363706 0.808866 -0.462010 0.909629 -0.201521 0.363268
6.090484 -39.234899 -6131.721621 5019.706388 0.958435 0.090248 0.270660 0.185570 -0.917763 -0.351106 -0.216716 -0.386739 0.896363
21.772798 -50.738680 20651.589475 790.760906 0.864570 0.501264 0.035392 0.497708 -0.844462 -0.197916 0.069321 -0.188727 0.979580
21.967020 -54.647037 20303.908281 2975.539026 0.871266 0.489790 0.031657 0.489907 -0.863934 -0.116663 0.029791 -0.117153 0.992667
-6.603348 -54.256298 13514.125679 1816.411982 0.930139 0.366281 0.026055 0.365353 -0.915993 -0.165755 0.036846 -0.163695 0.985823
-2.195015 -52.130346 17474.047942 -503.850055 0.908286 0.417978 0.017645 0.409930 -0.880792 -0.236988 0.083514 -0.222487 0.971352
18.131245 -51.163947 18494.850713 -767.716640 0.858465 0.510390 0.050392 0.503205 -0.819224 -0.275058 0.099104 -0.261486 0.960106
-37.811945 -78.113693 -2834.277841 2342.134768 -0.442604 0.867480 -0.227112 0.805954 0.495867 0.323349 -0.393116 0.039926 0.918622
-36.463243 -78.014172 -1043.942699 3774.973437 -0.425567 0.886036 -0.183937 0.800828 0.463400 0.379387 -0.421387 -0.014153 0.906770
2.833908 -80.045292 689.153271 -3218.796732 0.985811 -0.077776 0.148752 -0.159685 -0.161367 0.973890 0.051742 0.983825 0.171498
4.737569 -80.411423 1338.737028 -2410.869176 0.984533 -0.079158 0.156294 -0.170733 -0.233403 0.957274 0.039296 0.969153 0.243308
4.770289 -76.803578 1190.068781 -2798.475545 0.989093 -0.072835 0.128025 -0.133576 -0.077275 0.988021 0.062069 0.994346 0.086161
-25.684406 -48.663242 -93.167586 -2035.773155 0.987523 -0.111196 -0.111511 -0.052618 -0.900397 0.431876 0.148427 0.420620 0.895013
-21.233520 -48.361642 675.467002 -1558.955498 0.974003 0.038294 -0.223274 0.138091 -0.881681 0.451187 0.179578 0.470290 0.864048
-23.900797 -49.479354 -1295.449649 -2511.797168 0.945352 -0.322310 0.049259 -0.308967 -0.837270 0.451129 0.104161 0.441695 0.891098
6531.174580 -10358.273460 -2973931.859272 -5916525.702094 -0.266984 0.275507 0.923480 -0.468859 0.800072 -0.374240 -0.841956 -0.532898 -0.084433
-367.054979 -1433.219437 150458.937063 861115.150956 -0.086254 -0.148970 0.985073 -0.064491 0.987519 0.143693 -0.994184 -0.051134 -0.094785
-1656.517233 -13694.079859 -712235.797334 6699843.851477 0.257656 0.442443 -0.858987 0.819122 -0.571549 -0.048693 -0.512497 -0.691069 -0.509678
-352.198795 -1132.153576 100967.865431 162440.008206 0.139845 0.222006 0.964965 0.110802 0.964912 -0.238051 -0.983954 0.140210 0.110339
-280.302105 -3731.314458 -106582.477333 209583.032210 -0.237851 0.448770 -0.861413 0.966638 0.022562 -0.255151 -0.095069 -0.893362 -0.439165
-883.202200 -2598.275001 -434002.870161 -1218347.477597 -0.342703 0.477850 -0.808835 0.685444 -0.461585 -0.563121 -0.642433 -0.747395 -0.169353
-353.814711 -990.988763 129104.066661 433669.641717 0.132676 -0.143324 0.980742 -0.101502 0.982323 0.157286 -0.985948 -0.120415 0.115783
8.661926 -80.910504 -25127.492960 -5971.758890 -0.871480 0.367187 -0.325111 0.262352 0.909121 0.323528 0.414360 0.196654 -0.888613
20.680141 -43.049449 -287.030556 3455.887503 0.985258 -0.107532 -0.133052 0.139376 0.955545 0.259824 -0.099198 0.274538 -0.956446
17.843555 -42.075633 -8898.709019 2591.697951 0.973258 -0.094497 -0.209378 0.150817 0.950371 0.272121 -0.173272 0.296421 -0.939208
14.078807 -49.879181 -5833.223434 7103.280684 0.978013 -0.068736 -0.196889 0.110936 0.970932 0.212093 -0.176587 0.229272 -0.957210
18.703522 -48.945606 193.845578 5976.743504 0.989477 -0.073175 -0.124823 0.096135 0.977224 0.189187 -0.108137 0.199196 -0.973975
88.925163 -122.883662 -5335.881991 19994.358885 0.968603 -0.184558 -0.166576 -0.150107 0.099971 -0.983602 -0.198185 -0.977724 -0.069129
101.136698 -152.828545 3708.753268 32430.513842 0.984472 -0.066675 -0.162389 -0.165956 -0.051957 -0.984763 -0.057221 -0.996421 0.062216
106.301021 -143.091666 -3904.295391 24827.351997 0.981998 0.046153 -0.183164 -0.183004 -0.007720 -0.983082 0.046786 -0.998905 -0.000866
149.878197 -77.924429 26435.183071 12402.981583 -0.834390 -0.536227 -0.127492 -0.542120 0.840181 0.014202 0.099501 0.080966 -0.991738
161.227571 -57.938657 9501.366146 8337.265211 -0.734272 -0.542821 -0.407663 -0.582726 0.812051 -0.031689 0.348245 0.214287 -0.912582
144.593943 -36.924612 -6750.154623 7705.095903 -0.664864 -0.479700 -0.572576 -0.590033 0.807332 0.008757 0.458059 0.343661 -0.819805
-7.516368 -43.526118 3498.745673 -9010.485018 0.750424 0.649067 0.124805 0.480190 -0.405628 -0.777742 0.454182 -0.643566 0.616069
-5.754179 -34.514405 2709.584144 -8744.939985 0.814451 0.579623 0.026586 0.393762 -0.518474 -0.759036 0.426170 -0.628666 0.650505
-16.608762 -56.479609 3853.950993 -6689.138761 0.786879 0.612963 0.071401 0.377801 -0.387016 -0.841122 0.487943 -0.688836 0.536112
-9.263589 -29.261241 136.781683 2757.622685 0.628794 0.686867 -0.364461 0.776814 -0.575598 0.255436 -0.034332 -0.443735 -0.895500
-12.034283 -32.156243 -2571.365724 6063.563084 0.501682 0.770739 -0.392781 0.862326 -0.481599 0.156388 -0.068629 -0.417162 -0.906237
-16.121594 -27.548736 -1596.842165 4367.670472 0.652467 0.678420 -0.337689 0.756291 -0.611196 0.233372 -0.048070 -0.407659 -0.911868
41.140179 -73.352960 2311.322147 6650.259817 0.917470 0.309508 -0.249905 -0.382372 0.512859 -0.768614 0.109726 -0.800737 -0.588880
42.409683 -128.040856 -1441.042000 -2180.517415 0.965792 0.014241 -0.258927 -0.205130 -0.568893 -0.796419 0.158644 -0.822288 0.546511
38.460001 -123.863545 -1961.122694 -3272.298366 0.987617 -0.007563 -0.156700 -0.132856 -0.571534 -0.809752 0.083435 -0.820543 0.565462
39.656198 -123.911878 -4060.312841 -1273.599514 0.997221 -0.023483 -0.070698 -0.070275 -0.611451 -0.788155 0.024720 -0.790933 0.611403
44.515706 -130.870663 -4720.296873 10902.077419 0.999195 -0.015976 -0.036795 -0.036714 -0.733772 -0.678403 0.016161 -0.679208 0.733768
29.019137 -162.461446 1922.592167 -21018.610014 0.804304 0.061665 -0.591010 0.575384 0.167605 0.800526 -0.148421 0.983924 -0.099324
5.964946 -104.997201 -5391.213574 -19703.969695 0.839244 0.195535 -0.507381 0.360527 0.498417 0.788416 -0.407050 0.844598 -0.347798
