17441
34872
-42.810662 -62.442895 132.696413 7637.331172 0.614980 0.785093 -0.073680 0.070915 0.037995 0.996758 -0.785347 0.618212 0.032309
-42.741251 -66.679849 289.184926 6057.543128 0.674148 0.726333 0.134036 -0.130985 -0.061026 0.989504 -0.726889 0.684629 -0.053998
-50.291460 -76.663583 249.218363 7619.349668 0.627702 0.729109 -0.272745 0.078511 0.289287 0.954017 -0.774484 0.620252 -0.124343
-35.711953 -50.474690 -415.634749 4127.676559 0.613316 0.644582 0.456462 -0.241379 -0.397307 0.885372 -0.752050 0.653193 0.088086
-43.044075 -87.103859 -1239.988286 15194.024133 0.529372 0.718991 -0.450352 0.233893 0.386577 0.892105 -0.815512 0.577590 -0.036476
-33.608058 -61.556733 -3314.838338 12064.425382 0.505490 0.808948 -0.300139 0.263934 0.186210 0.946396 -0.821473 0.557611 0.119382
-34.361255 -45.294967 147.664375 6064.562198 0.600708 0.751329 0.273231 -0.050767 -0.305227 0.950925 -0.797855 0.585099 0.145210
41.204970 -68.857100 1956.066058 247.326133 0.419966 0.800213 -0.428121 -0.051054 0.491823 0.869197 -0.906102 0.343176 -0.247403
52.913122 -71.065928 11594.532970 4837.176294 0.358865 0.812576 -0.459278 -0.053383 0.509117 0.859040 -0.931862 0.283762 -0.226082
49.146567 -83.852376 4545.246376 8773.501033 0.384826 0.829819 -0.404115 -0.178003 0.496337 0.849685 -0.905662 0.255047 -0.338714
44.215635 -68.073157 4218.088644 -5825.881107 0.382490 0.807489 -0.449068 0.039000 0.471483 0.881012 -0.923136 0.354492 -0.148845
46.028259 -68.202803 -3875.514904 3398.669201 0.450287 0.805480 -0.385284 -0.151921 0.494328 0.855897 -0.879865 0.326866 -0.344959
44.957591 -64.767283 -7041.195451 440.748507 0.440673 0.801583 -0.404070 -0.014604 0.456475 0.889616 -0.897549 0.386129 -0.212863
43.471954 -67.347332 -5533.937447 -4558.855040 0.400499 0.800503 -0.445866 0.107830 0.442039 0.890491 -0.909930 0.404719 -0.090717
8.570583 -20.847610 11607.805308 -512.122035 0.644603 0.222071 0.731554 0.140441 0.906204 -0.398837 -0.751507 0.359832 0.552954
-3.484568 -27.720949 7130.384581 498.341092 0.628911 0.306720 0.714418 0.066932 0.894122 -0.442793 -0.774591 0.326295 0.541794
9.523817 -41.181586 9583.421656 10286.282173 0.630696 0.318534 0.707643 0.079684 0.880474 -0.467351 -0.771928 0.351144 0.529929
6.416177 -109.265618 133.478335 2432.413709 0.723111 -0.167448 -0.670128 0.576605 0.680504 0.452152 -0.380312 0.713355 -0.588631
4.585946 -114.491901 1106.766151 -1172.963030 0.725923 -0.186198 -0.662092 0.494346 0.810549 0.314057 -0.478182 0.555284 -0.680443
4.822269 -117.490867 1160.026102 3695.641338 0.726308 -0.188702 -0.660960 0.614995 0.607889 0.502248 -0.307015 0.771274 -0.557565
0.619262 -121.611813 1959.210492 1181.908146 0.724882 -0.202432 -0.658459 0.649824 0.518187 0.556068 -0.228639 0.830965 -0.507170
4.375311 -118.852104 1218.975216 2561.589050 0.730370 -0.189836 -0.656142 0.655860 0.463248 0.596028 -0.190809 0.865658 -0.462848
6.738732 -118.851552 628.841541 310.143434 0.736406 -0.171329 -0.654487 0.652405 0.435927 0.619948 -0.179093 0.883524 -0.432795
7.233924 -112.415567 38.711311 380.921269 0.729728 -0.162736 -0.664089 0.632844 0.528464 0.565893 -0.258856 0.833212 -0.488622
-1.318443 -13.159133 -92.690887 -791.265976 0.317447 -0.704839 -0.634373 0.836101 0.523663 -0.163437 0.447394 -0.478517 0.755552
-1.310427 -17.851270 614.677878 -2639.977101 0.236636 -0.743011 -0.626049 0.856974 0.463232 -0.225855 0.457819 -0.483063 0.746359
-3.068863 -12.447101 -160.769576 -334.459049 0.124967 -0.801165 -0.585251 0.893761 0.347019 -0.284201 0.430785 -0.487558 0.759415
-4.164806 -17.026603 973.913700 -1030.103667 0.035465 -0.826251 -0.562185 0.900034 0.270913 -0.341386 0.434374 -0.493879 0.753262
-2.489766 -11.386166 850.970312 340.223522 0.463778 -0.600415 -0.651469 0.776505 0.629515 -0.027390 0.426555 -0.493166 0.758181
-4.163815 -11.230801 -1511.139702 799.027111 -0.092801 -0.860337 -0.501206 0.908068 0.133347 -0.397029 0.408413 -0.491974 0.768870
-5.302725 -10.031982 58.441587 -265.195514 0.319711 -0.706824 -0.631019 0.852839 0.504847 -0.133398 0.412857 -0.495509 0.764212
-2.809473 -13.865124 -21.081566 618.885674 -0.097902 -0.858921 -0.502663 0.905522 0.132650 -0.403031 0.412850 -0.494630 0.764785
-6.814494 -37.805753 2044.827147 4098.874442 0.297297 0.883463 0.362089 0.470122 -0.465528 0.749846 -0.831023 0.052701 0.553735
-7.594081 -36.437437 -187.708004 1376.978453 0.277233 0.886771 0.369837 0.351819 -0.451884 0.819771 -0.894072 0.097152 0.437260
-7.766948 -36.871556 753.535892 1048.048536 0.262450 0.900709 0.346184 0.367314 -0.425004 0.827316 -0.892301 0.089970 0.442385
-7.622509 -38.495420 3.883962 -2913.052188 0.239128 0.909594 0.339788 0.242250 -0.394762 0.886272 -0.940283 0.129618 0.314748
-7.305714 -38.546822 174.470567 -3817.266245 0.227826 0.914803 0.333512 0.249549 -0.385937 0.888132 -0.941181 0.119112 0.316214
48.594069 -19.405603 970.157048 2813.582194 -0.631237 -0.663021 0.402422 -0.267270 0.673032 0.689633 -0.728084 0.327766 -0.602049
46.254077 -17.037429 7345.917085 3164.467737 -0.539466 -0.678376 0.498780 -0.247577 0.693980 0.676089 -0.804787 0.241241 -0.542329
44.304169 -18.755817 6206.297421 3170.551652 -0.557280 -0.650447 0.516098 -0.262875 0.727800 0.633407 -0.787614 0.217316 -0.576575
35.641650 -15.859954 8325.234363 2125.986748 -0.476897 -0.652322 0.589105 -0.236548 0.740754 0.628752 -0.846530 0.160498 -0.507569
49.010850 -25.107581 -2067.902629 1291.881911 -0.682780 -0.622200 0.382985 -0.329154 0.729934 0.599045 -0.652280 0.282955 -0.703184
47.715341 -24.246404 6606.423227 -506.489293 -0.566675 -0.621329 0.541137 -0.323682 0.771839 0.547261 -0.757700 0.134963 -0.638495
30.723969 -19.101689 7930.353865 708.895260 -0.485112 -0.607720 0.628763 -0.273239 0.788378 0.551181 -0.830667 0.095582 -0.548504
2.020582 -60.723104 938.786304 -378.036555 0.407556 0.905457 0.118514 0.149164 0.062030 -0.986865 0.900915 -0.419881 0.109781
2.523118 -59.575737 -1247.522315 1349.561421 0.444580 0.890669 0.095172 -0.040296 0.126029 -0.991208 0.894832 -0.436836 -0.091920
1.075624 -60.067357 -1914.599087 -1615.381092 0.454340 0.883129 0.116870 0.177980 0.038559 -0.983278 0.872868 -0.467543 0.139660
2.254278 -59.828983 463.981208 1963.384269 0.413387 0.904360 0.106038 -0.028925 0.129438 -0.991166 0.910096 -0.406667 -0.079667
0.716699 -58.991907 832.717214 -1181.474084 0.409296 0.902742 0.132416 0.326573 -0.009433 -0.945125 0.851955 -0.430079 0.298672
2.379106 -59.204908 1948.531643 -1664.719850 0.398916 0.908206 0.126597 0.280912 0.010385 -0.959677 0.872900 -0.418394 0.250983
1.232517 -60.520553 588.806341 -1710.476457 0.413637 0.900569 0.133715 0.219649 0.043820 -0.974594 0.883549 -0.432498 0.179684
2.204982 -61.008973 805.079033 1608.848546 0.413925 0.901509 0.126285 0.045306 0.118153 -0.991961 0.909183 -0.416319 -0.008063
1.686768 -86.335750 995.560373 -4928.704898 0.174214 0.982853 0.060408 0.626812 -0.157999 0.762983 -0.759445 0.095057 0.643590
1.629292 -67.969368 790.152647 -3777.683162 0.141726 0.989277 0.035268 0.522115 -0.104974 0.846390 -0.841017 0.101541 0.531394
2.095715 -73.082607 -153.156700 -7582.832843 0.131504 0.990920 0.027996 0.453935 -0.085300 0.886942 -0.881277 0.103928 0.461031
-9.300244 -76.260661 -401.110293 -385.720958 0.274815 0.938606 0.208556 0.645401 -0.340856 0.683575 -0.712695 0.053255 0.699449
-7.796056 -70.628262 -1212.467384 -868.032483 0.251504 0.936418 0.244679 0.619793 -0.349995 0.702396 -0.743373 0.025005 0.668410
-8.689046 -76.252511 -456.135449 -2768.202949 0.283615 0.925724 0.250195 0.715746 -0.377992 0.587222 -0.638177 -0.012531 0.769788
-7.082292 -73.278374 0.801479 212.374597 0.263902 0.943760 0.199181 0.537332 -0.315337 0.782200 -0.801018 0.099398 0.590331
-11.425614 -74.440512 -182.305476 -1862.569704 0.274916 0.943056 0.187260 0.724947 -0.331253 0.603923 -0.631564 0.030275 0.774732
-10.668644 -70.817153 -894.767056 192.445794 0.258694 0.952194 0.162490 0.616874 -0.292299 0.730772 -0.743333 0.088810 0.663000
-8.206109 -76.098425 21.237992 1530.865052 0.270532 0.946506 0.175893 0.481916 -0.291310 0.826375 -0.833409 0.138795 0.534945
8.672279 -80.206542 1168.628979 -2691.370552 0.241584 0.964463 0.106998 0.970092 -0.242727 -0.002408 0.023649 0.104379 -0.994256
8.451915 -84.135048 626.234883 977.013737 0.210167 0.970870 0.115072 -0.960821 0.226865 -0.159232 0.180699 0.077099 -0.980512
6.073599 -76.395313 581.500780 -4479.999627 0.226249 0.966620 0.120238 0.972975 -0.218415 -0.074937 -0.046174 0.133943 -0.989913
6.370490 -74.609745 1247.722978 3142.917014 0.261734 0.959156 0.107311 -0.951967 0.238253 0.192342 -0.158918 0.152499 -0.975443
8.336992 -77.479145 1067.478671 2293.996591 0.269674 0.959457 0.081965 -0.955293 0.255844 0.148188 -0.121209 0.118263 -0.985557
11.783853 -29.954767 -1322.340598 -1010.107721 0.718779 0.690907 0.077493 0.584153 -0.539728 -0.606184 0.376992 -0.480980 0.791540
12.721393 -34.231068 -650.211976 -834.439762 -0.640186 -0.763135 -0.088246 0.673122 -0.501864 -0.543175 0.370228 -0.407134 0.834969
14.182671 -34.540109 394.188165 -744.537691 0.706469 0.707147 0.029074 0.559467 -0.532827 -0.634895 0.433472 -0.464800 0.772051
12.406818 -29.367571 960.933781 -409.974128 -0.634129 -0.757020 -0.157485 0.704066 -0.481111 -0.522325 0.319643 -0.442100 0.838079
48.842553 -90.685297 6305.507523 2600.617089 0.180509 0.888445 0.421997 0.769914 -0.394630 0.501498 -0.612086 -0.234376 0.755260
66.969586 -98.595883 20369.557245 -6660.193741 0.242185 0.869463 0.430559 0.631643 -0.478139 0.610254 -0.736461 -0.124165 0.664988
44.762178 -82.595704 -148.123721 -1706.149556 0.229468 0.860409 0.455018 0.653653 -0.482611 0.582945 -0.721167 -0.163656 0.673152
1.490832 -27.855755 2176.130612 572.699997 0.513224 0.858126 0.014826 0.777116 -0.471967 0.416339 -0.364269 0.202153 0.909089
3.059087 -28.437557 30.501994 327.706102 0.466012 0.884511 0.021756 0.788518 -0.426340 0.443254 -0.401338 0.189407 0.896132
4.502395 -29.543734 2967.913434 376.429524 0.494919 0.868911 -0.006925 0.757258 -0.427387 0.493864 -0.426164 0.249667 0.869512
-0.529502 -115.912832 260.156144 14163.101103 0.219573 0.934826 0.279083 0.389332 -0.346261 0.853536 -0.894544 0.078757 0.439988
-1.553149 -113.563290 -194.953070 8744.809100 0.227028 0.921583 0.314870 0.487659 -0.387435 0.782357 -0.842999 0.024068 0.537377
-1.245129 -109.506959 2120.223997 8302.866528 0.245944 0.926458 0.284933 0.464441 -0.370658 0.804306 -0.850768 0.065480 0.521446
-0.967388 -84.961509 1372.540463 -31.007879 0.311221 0.936034 0.164263 -0.108950 0.206850 -0.972288 0.944072 -0.284700 -0.166357
-1.675139 -83.128837 998.154575 -1334.609576 0.306210 0.944612 0.118082 -0.279564 0.207802 -0.937370 0.909989 -0.254021 -0.327710
1.416702 -81.212718 -127.741663 -504.928140 0.334122 0.926826 0.171335 -0.079867 0.208968 -0.974656 0.939140 -0.311970 -0.143843
-4.459838 -87.964388 1828.225521 -3324.773930 0.301144 0.944549 0.130917 -0.206102 0.198517 -0.958182 0.931039 -0.261569 -0.254456
-4.574196 -89.462462 2075.290183 -198.367663 0.314697 0.930960 0.185149 -0.022711 0.202388 -0.979042 0.948921 -0.303897 -0.084833
-8.320795 -244.662573 -989.790216 -9074.685637 -0.608908 0.331104 0.720834 0.675683 -0.259553 0.689989 0.415553 0.907195 -0.065678
-7.403164 -246.433413 610.293312 33320.837705 0.638593 -0.326513 -0.696841 0.435654 -0.593054 0.677121 0.634353 0.735987 0.236473
-1.274103 -234.568116 -3401.949854 -2911.215766 -0.598516 0.383304 0.703460 0.632290 -0.313181 0.708610 0.491923 0.868905 -0.054916
-18.466475 -31.733417 2938.520364 -1021.597572 0.621593 0.082566 -0.778977 -0.134110 0.990965 -0.001980 0.771775 0.105699 0.627050
-16.378178 -36.752329 3176.560993 -1612.247863 0.649654 -0.115142 -0.751460 -0.080833 0.972399 -0.218877 0.755921 0.202937 0.622415
-21.957048 -31.819944 2631.032383 -918.247928 0.658740 -0.233773 -0.715130 0.052326 0.962437 -0.266417 0.750549 0.138079 0.646228
-16.901756 -37.697610 1074.487006 -1040.429913 0.682948 -0.292349 -0.669413 0.041385 0.930432 -0.364120 0.729294 0.220972 0.647535
-13.070636 -390.133352 1146.513270 120217.971896 -0.649095 -0.146506 0.746466 0.753202 -0.261280 0.603671 0.106595 0.954080 0.279944
8.721702 -475.516119 -4122.557459 154725.725057 -0.703456 -0.031984 0.710019 0.709128 -0.098815 0.698121 0.047832 0.994592 0.092192
-55.431281 -98.095730 50123.643684 -41.578130 0.721097 -0.393534 0.570219 -0.692641 -0.390037 0.606728 0.016361 0.832467 0.553833
-16.335831 -133.848808 7252.662591 -38357.413816 -0.367394 -0.201998 0.907865 0.894587 0.190282 0.404359 -0.254430 0.960723 0.110796
-2.134238 -221.898393 16620.752362 47093.596109 -0.288983 -0.243504 0.925848 0.936527 -0.272446 0.220661 0.198511 0.930849 0.306780
-27.382037 -87.717219 4631.909302 21156.932810 0.712565 0.058021 -0.699203 0.632655 -0.483967 0.604585 0.303312 0.873161 0.381565
11.168469 -114.488490 130.458546 -77.230976 0.773125 -0.107716 -0.625040 0.515308 -0.467866 0.718024 0.369778 0.877211 0.306211
11.767687 -115.689577 -101.376009 -685.541325 0.766224 -0.115502 -0.632108 0.591532 -0.257435 0.764079 0.250980 0.959368 0.128930
11.279580 -115.334091 -773.675229 -1666.249908 0.772851 -0.113059 -0.624434 0.527999 -0.431284 0.731582 0.352020 0.895105 0.273623
11.199918 -115.670158 -309.463897 -856.243981 0.775082 -0.084215 -0.626223 0.588591 -0.264215 0.764036 0.229801 0.960780 0.155220
10.663480 -113.820072 1114.701351 1538.980542 0.764005 -0.147942 -0.628021 0.402116 -0.652024 0.642781 0.504579 0.743625 0.438660
10.856701 -107.599547 129.533813 3069.877146 0.778402 -0.106413 -0.618682 0.431991 -0.624279 0.650891 0.455493 0.773920 0.439970
10.114297 -111.860963 -74.380285 1935.969497 0.779496 -0.082929 -0.620894 0.516384 -0.476016 0.711868 0.354590 0.875518 0.328229
36.026622 -39.886132 -4154.340633 -825.423753 0.415450 -0.813318 -0.407328 0.901625 0.427430 0.066148 0.120305 -0.394738 0.910884
25.633925 -38.548734 -1796.720917 -924.483690 0.387693 -0.838904 -0.382013 0.905825 0.423516 -0.010751 0.170808 -0.341869 0.924094
27.938253 -43.583545 -5325.536184 -1837.465534 0.479286 -0.774296 -0.413219 0.851502 0.524326 0.005155 0.212670 -0.354328 0.910617
35.565693 -44.743942 -4701.078378 -1107.272583 0.506420 -0.720648 -0.473503 0.837581 0.541614 0.071500 0.204929 -0.432806 0.877886
-9.347911 -34.678572 -574.498423 -114.063028 0.005443 0.995975 -0.089462 0.978632 -0.023694 -0.204251 0.205549 0.086438 0.974822
-10.267373 -34.798416 -1363.382790 273.799087 -0.000487 0.994295 -0.106668 0.965126 -0.027457 -0.260343 0.261786 0.103075 0.959606
-11.178758 -35.098295 -1486.912939 -160.443934 0.024063 0.993602 -0.110346 0.983488 -0.043332 -0.175707 0.179364 0.104296 0.978239
-2.815049 -56.970123 1170.531923 394.845049 0.369979 0.905319 0.208599 0.705254 -0.127529 -0.697390 0.604758 -0.405136 0.685662
-1.927803 -56.352975 352.465691 -243.143863 0.357844 0.904740 0.231069 0.791514 -0.162600 -0.589124 0.495432 -0.393709 0.774300
-3.703779 -57.781500 1414.296307 12.428522 0.342225 0.912440 0.224357 0.812452 -0.167400 -0.558480 0.472022 -0.373405 0.798602
-5.288221 -50.585340 709.011195 -636.690941 0.530751 0.831638 0.163345 -0.006103 -0.188976 0.981963 -0.847506 0.522175 0.095224
-10.189442 -47.290680 1916.959307 -1541.732686 0.546225 0.810249 0.212448 0.044058 -0.281068 0.958676 -0.836479 0.514293 0.189225
-7.082723 -48.398656 -282.919464 502.404328 0.520380 0.841080 0.147614 0.147904 -0.259025 0.954479 -0.841029 0.474859 0.259191
-0.945388 -50.196193 1011.365412 -1049.962459 0.542371 0.835259 0.090428 0.059132 -0.145319 0.987616 -0.838056 0.530307 0.128208
-71.832499 -1138.405457 9903.360756 402338.460433 0.423521 0.083505 0.902029 0.861915 0.269315 -0.429619 -0.278805 0.959425 0.042086
40.842951 -235.955332 7874.458042 100264.999227 -0.030018 -0.206442 0.977998 0.964392 0.251237 0.082633 -0.262768 0.945654 0.191550
-367.874075 -6576.109862 131955.407689 3002937.015638 0.037975 -0.006218 0.999259 0.385487 0.922670 -0.008908 -0.921932 0.385539 0.037436
14.788916 -101.965516 -5556.775979 -1506.078874 0.130428 0.972272 -0.194104 -0.428956 0.231842 0.873067 -0.893860 0.030610 -0.447300
23.649827 -100.254727 -7608.901447 -3038.674821 0.109479 0.978134 -0.176827 -0.552898 0.207761 0.806932 -0.826026 -0.009425 -0.563554
23.061613 -99.217135 -7455.635009 -1206.873820 0.122546 0.976085 -0.179556 -0.409374 0.214526 0.886787 -0.904099 0.035167 -0.425873
14.252430 -98.754434 -5167.114043 3865.994243 0.127267 0.974618 -0.184180 -0.220817 0.208871 0.952687 -0.966976 0.080575 -0.241795
-48.458337 -51.809711 592.216681 692.289253 0.337349 0.632327 -0.697394 -0.090462 0.759167 0.644579 0.937023 -0.154360 0.313306
-47.203411 -54.047098 841.667127 144.608999 0.247525 0.264022 -0.932215 -0.021383 0.963410 0.267179 0.968645 -0.046200 0.244114
-50.340143 -53.301312 1602.679592 -2352.628019 0.369488 0.412803 -0.832509 -0.081191 0.906823 0.413618 0.925682 -0.085235 0.368576
-46.834822 -50.910463 -2447.023209 1520.178094 0.325130 0.929748 -0.172797 0.363352 -0.291519 -0.884868 0.873078 -0.224911 0.432608
-40.504513 -83.321232 3788.171261 3898.589684 -0.570484 0.467595 0.675206 0.601811 0.797438 -0.043771 -0.558902 0.381376 -0.736329
-30.813157 -81.449776 5245.586538 5561.654289 -0.500908 0.440640 0.744935 0.619869 0.783324 -0.046536 -0.604031 0.438452 -0.665512
-30.371342 -76.034265 4979.742999 7654.155052 -0.476428 0.471961 0.741802 0.707432 0.706766 0.004684 -0.522070 0.527005 -0.670603
-51.063649 -85.545488 3000.087771 5556.363952 -0.639216 0.514014 0.572008 0.626919 0.779084 0.000485 -0.445393 0.358913 -0.820248
-49.739419 -89.735637 3036.102942 -346.420594 -0.650621 0.475295 0.592274 0.491910 0.857952 -0.148130 -0.578548 0.194969 -0.792004
-42.685482 -74.676994 3982.330799 8557.016858 -0.536903 0.531691 0.655011 0.743344 0.665315 0.069253 -0.398967 0.524080 -0.752439
-17.490679 -39.625382 -1771.932065 -849.848605 0.278419 0.946332 0.164129 -0.348934 0.258872 -0.900683 0.894834 -0.193497 -0.402283
-15.319229 -38.233622 -2229.421847 -1169.108356 0.312412 0.937727 0.151880 -0.289613 0.246291 -0.924913 0.904723 -0.244968 -0.348522
-12.830815 -40.296272 -1761.916475 -827.607037 0.345167 0.915861 0.205080 -0.388510 0.338338 -0.857081 0.854353 -0.216160 -0.472604
-17.033917 -38.005584 -1731.903411 -1694.268095 0.254112 0.960891 0.110071 -0.270041 0.179770 -0.945918 0.928711 -0.210645 -0.305162
-16.934120 -41.696827 -1918.099730 924.013753 0.293219 0.938118 0.184274 -0.418987 0.299344 -0.857230 0.859344 -0.174147 -0.480833
-18.934717 -42.086779 -1266.307932 200.907248 0.242145 0.950663 0.193922 -0.440969 0.285867 -0.850780 0.864241 -0.120498 -0.488435
-18.952695 -39.247611 -1551.620113 -1849.080439 0.218932 0.966928 0.130837 -0.269479 0.188793 -0.944319 0.937790 -0.171484 -0.301899
-19.981841 -40.438106 -954.282613 -867.161447 0.208497 0.964233 0.163659 -0.341156 0.228529 -0.911804 0.916592 -0.134275 -0.376602
33.990831 -39.144581 1464.156315 -1337.636207 0.209739 0.977652 -0.014324 0.403129 -0.099813 -0.909684 0.890784 -0.185022 0.415055
31.386618 -42.166802 -3632.091082 -1156.829652 0.336054 0.941112 0.037093 0.405197 -0.108911 -0.907719 0.850225 -0.320073 0.417936
33.803846 -38.287001 252.585779 -805.209432 0.258773 0.965421 -0.031614 0.458360 -0.151537 -0.875753 0.850260 -0.212130 0.481724
32.436958 -35.996687 184.892143 -634.414410 0.293984 0.954117 -0.056870 0.517148 -0.208818 -0.830032 0.803823 -0.214606 0.554808
29.389736 -32.932972 4981.669889 -1315.778589 0.161726 0.981277 -0.104591 0.518094 -0.174634 -0.837306 0.839895 -0.081227 0.536636
32.661569 -35.882867 5341.564603 -1151.035163 0.142027 0.987468 -0.068820 0.455269 -0.126899 -0.881264 0.878953 -0.093832 0.467587
-0.071709 -41.841622 -1338.801988 -180.210989 0.341047 0.885327 0.316041 0.057270 -0.355141 0.933057 -0.938300 0.300117 0.171822
3.116931 -41.384272 -1576.916237 -884.247535 0.349465 0.872884 0.340510 0.043371 -0.378104 0.924746 -0.935945 0.308399 0.169992
-0.410973 -43.707982 -1600.192344 -30.678465 0.345411 0.885455 0.310902 0.138818 -0.375857 0.916221 -0.928127 0.273315 0.252742
2.364083 -40.914302 -2057.352948 -1356.300246 0.330122 0.879564 0.342616 -0.083434 -0.334355 0.938747 -0.940244 0.338487 0.036992
-2.777353 -43.410278 -802.049689 16.857143 0.350173 0.887669 0.299034 0.163538 -0.372282 0.913598 -0.922298 0.271014 0.275531
-1.266863 -40.760432 -887.652003 -670.414365 0.348127 0.882399 0.316510 -0.017596 -0.331420 0.943319 -0.937282 0.333964 0.099849
-3.555040 -44.312811 -520.228340 740.773785 0.355707 0.889042 0.288230 0.088205 -0.338958 0.936657 -0.930426 0.307752 0.198988
12.348097 -67.488945 671.767717 -3488.523256 0.496056 0.852044 0.167180 0.107210 0.130963 -0.985573 0.861647 -0.506822 0.026383
11.950928 -65.691560 224.796544 -6875.356778 0.476102 0.866485 0.150101 0.083313 0.125476 -0.988592 0.875434 -0.483177 0.012450
10.685655 -75.726954 -192.390615 -8218.537319 0.499140 0.857629 0.123821 -0.019102 0.153750 -0.987925 0.866311 -0.490748 -0.093125
10.582237 -74.859595 -799.789188 -7686.449427 0.534643 0.831661 0.149989 -0.015520 0.187119 -0.982215 0.844935 -0.522807 -0.112949
8.900636 -87.180437 -46.523414 -5607.503024 0.448624 0.890058 0.080831 -0.123036 0.151090 -0.980833 0.885211 -0.430080 -0.177292
10.547914 -82.340170 717.562109 -6565.668906 0.417979 0.902552 0.103408 0.005992 0.111087 -0.993793 0.908437 -0.416004 -0.041024
8.013681 -91.579778 398.781611 -1580.474013 0.414337 0.906494 0.081198 -0.116984 0.141522 -0.982999 0.902574 -0.397793 -0.164683
-2.978941 -124.504673 -416.332221 -5679.346761 -0.640670 -0.665890 -0.382274 0.668516 -0.238877 -0.704290 0.377663 -0.706773 0.598199
-2.973403 -128.660022 -1291.109851 -5339.374789 0.658037 0.646843 0.385463 0.631919 -0.196017 -0.749837 0.409470 -0.737002 0.537739
-3.616788 -126.403280 -542.242791 363.801272 0.667981 0.649937 0.362469 0.514626 -0.051601 -0.855861 0.537551 -0.758235 0.368943
4.126540 -95.199842 668.203709 -7148.529534 0.402075 0.885937 0.231197 0.891143 -0.320671 -0.320991 -0.210239 0.335092 -0.918430
-2.531487 -103.609528 1682.173878 -4227.213360 0.422356 0.872067 0.247215 0.905632 -0.394546 -0.155447 -0.038022 0.289540 -0.956411
-0.120345 -91.570414 646.800990 -8192.105467 0.421203 0.875461 0.236970 0.857815 -0.299694 -0.417537 -0.294519 0.379144 -0.877216
-11.400613 -47.117937 -665.017937 -2961.699321 0.622606 0.675732 0.394649 0.217691 0.334852 -0.916780 0.751646 -0.656704 -0.061380
-12.028870 -46.884838 -401.875449 -365.240462 0.566949 0.640137 0.518454 0.338285 0.392933 -0.855083 0.751087 -0.660173 -0.006224
-8.851119 -49.548016 -684.026337 -970.016960 0.616138 0.644688 0.452495 0.320541 0.319531 -0.891714 0.719463 -0.694462 0.009773
-5.809624 -46.369574 -951.576607 2140.735346 0.609036 0.607927 0.509411 0.408389 0.310223 -0.858476 0.679922 -0.730880 0.059334
-7.438182 -51.484630 -1366.582317 -2163.837151 0.642503 0.633446 0.431204 0.324132 0.285239 -0.901985 0.694355 -0.719295 0.022053
-3.525056 -66.756998 -228.180506 -193.735517 0.173541 -0.515523 -0.839119 0.695117 0.667696 -0.266447 0.697635 -0.537046 0.474221
-7.180999 -65.323185 837.180361 -2041.803411 0.167349 -0.512551 -0.842191 0.605459 0.727605 -0.322506 0.778084 -0.455941 0.432092
-3.350605 -62.821366 294.887201 -733.286257 0.220256 -0.460073 -0.860128 0.679907 0.704690 -0.202825 0.699438 -0.540134 0.468019
0.086702 -66.469097 -407.542625 1288.377242 0.220673 -0.469335 -0.855002 0.773037 0.618697 -0.140102 0.594742 -0.630031 0.499343
2.911531 -64.779699 -657.233932 1283.791401 0.262835 -0.431685 -0.862882 0.764446 0.638825 -0.086742 0.588676 -0.636829 0.497906
2.164034 -62.250332 -1153.679606 101.343681 0.291640 -0.403265 -0.867366 0.706898 0.701747 -0.088579 0.644392 -0.587306 0.489725
-44.541859 -67.664836 -2841.681808 -3387.226156 -0.570934 0.748780 -0.336695 0.808504 0.441523 -0.389074 -0.142672 -0.494355 -0.857472
-50.508421 -75.706288 593.511209 -1188.210795 0.785799 -0.588851 0.189140 0.617687 0.731696 -0.288242 -0.031338 -0.343329 -0.938692
-44.894151 -71.013209 -2954.764632 -849.710766 -0.686605 0.646275 -0.333020 0.726826 0.621031 -0.293332 0.017242 -0.443451 -0.896133
-36.807340 -64.598825 -4814.532261 -1079.546513 -0.491819 0.740195 -0.458504 0.870557 0.408590 -0.274197 -0.015619 -0.534009 -0.845335
-9.791516 -84.250728 -881.495527 -1997.348081 -0.559493 -0.743239 -0.366829 0.692192 -0.175560 -0.700035 0.455893 -0.645581 0.612688
-10.645918 -83.321752 1432.697163 -1341.869996 -0.572862 -0.732861 -0.367076 0.670620 -0.161577 -0.723990 0.471273 -0.660915 0.584032
-11.728333 -79.707460 -345.581409 -2133.941199 -0.554335 -0.751914 -0.356845 0.772978 -0.306148 -0.555679 0.308575 -0.583865 0.750921
-9.930600 -87.302971 351.337724 -685.822197 0.569885 0.748101 0.339965 0.555901 -0.046309 -0.829958 0.605148 -0.661968 0.442260
-10.353068 -78.586956 -235.228286 -2390.845167 -0.547617 -0.739853 -0.390811 0.779399 -0.281124 -0.559916 0.304389 -0.611218 0.730589
-8.769263 -79.751712 387.187507 -2893.283969 -0.555673 -0.720297 -0.415211 0.772050 -0.261742 -0.579164 0.308492 -0.642389 0.701548
-9.521923 -85.951941 -9.219924 -3090.411246 -0.578175 -0.718735 -0.386177 0.677793 -0.159608 -0.717720 0.454214 -0.676716 0.579435
-9.708479 -89.493434 1774.881662 -1429.969404 0.571726 0.744870 0.343944 0.563948 -0.052306 -0.824152 0.595896 -0.665156 0.449973
26.635835 -38.627189 4508.798233 -2806.152682 -0.522264 -0.475362 -0.708006 0.850505 -0.350999 -0.391715 -0.062303 -0.806741 0.587612
8.683905 -36.668485 6578.574516 -509.258107 -0.388531 -0.448835 -0.804731 0.917571 -0.268366 -0.293331 -0.084305 -0.852366 0.516106
28.569134 -34.670571 5754.732768 -3305.491058 -0.491202 -0.452099 -0.744531 0.855092 -0.413120 -0.313287 -0.165944 -0.790531 0.589512
33.513996 -37.150826 2067.457384 -4935.643295 -0.541181 -0.513679 -0.665776 0.836336 -0.411226 -0.362540 -0.087555 -0.753012 0.652156
35.173306 -33.373387 1377.860960 -3851.606252 -0.522272 -0.526018 -0.671220 0.840991 -0.448115 -0.303193 -0.141299 -0.722840 0.676415
-4.489589 -113.599348 -431.762249 5341.018539 -0.579077 0.522807 0.625574 0.621290 0.779827 -0.076608 -0.527891 0.344300 -0.776394
-6.658749 -100.376535 -208.947222 3815.781398 -0.568361 0.517732 0.639468 0.702312 0.710164 0.049247 -0.428631 0.477096 -0.767238
-6.470411 -108.914763 -1413.715724 186.813374 -0.549183 0.562565 0.617996 0.737082 0.674562 0.040951 -0.393839 0.478004 -0.785114
-2.609322 -126.316222 -896.456193 1361.286996 -0.537453 0.576219 0.615725 0.737522 0.675219 0.011871 -0.408908 0.460491 -0.787872
-4.021350 -116.817074 -1356.395225 4917.465164 -0.575075 0.549563 0.606028 0.642842 0.761731 -0.080749 -0.506006 0.343143 -0.791334
20.718920 -126.218999 2980.764260 -21437.146465 0.365795 -0.356269 -0.859806 0.427399 0.884961 -0.184860 0.826755 -0.299860 0.475983
14.348767 -117.023592 2194.164941 -10463.428575 0.311968 -0.372469 -0.874038 0.396945 0.886910 -0.236273 0.863198 -0.273236 0.424537
16.220884 -99.920024 3215.332765 -7169.991562 0.339481 -0.319284 -0.884765 0.507617 0.854082 -0.113441 0.791882 -0.410611 0.452019
-0.121760 -29.954594 557.771654 -838.848918 -0.348173 0.927262 0.137694 0.931997 0.358192 -0.055498 -0.100782 0.109008 -0.988919
5.930676 -25.117894 -3894.104325 5211.187995 -0.239682 0.967562 0.079854 -0.950670 -0.250588 0.182844 -0.196923 0.032090 -0.979894
5.392745 -26.526369 -1891.091325 2223.929140 -0.357002 0.928198 0.104866 -0.919370 -0.369011 0.136342 -0.165249 0.047736 -0.985096
-0.525186 -29.676581 748.946997 2011.098117 -0.457638 0.876935 0.146808 0.886540 0.462652 -0.000008 -0.067928 0.130147 -0.989165
9.859091 -22.459613 -5802.875653 2027.735436 -0.277890 0.959516 0.045885 -0.936625 -0.281249 0.208886 -0.213334 -0.015071 -0.976863
6.341422 -25.991485 -3307.298135 2120.641943 -0.408329 0.909042 0.083127 -0.891995 -0.416696 0.175239 -0.193938 0.002594 -0.981010
0.580135 -30.903162 -172.998387 -1605.871478 -0.530207 0.837527 0.132019 -0.838594 -0.540978 0.064047 -0.125061 0.076752 -0.989176
-2.597409 -322.528257 -7414.654519 -144173.712887 -0.683389 0.666953 0.296905 0.082724 -0.333326 0.939175 -0.725352 -0.666384 -0.172618
-1.277024 -738.727631 -1659.743482 -271464.292439 -0.613142 0.689457 0.385624 0.229568 -0.311573 0.922074 -0.755881 -0.653889 -0.032761
85.618581 -2221.712276 54399.223215 -755646.414560 0.492023 -0.606076 -0.624967 0.518309 -0.372852 0.769635 -0.699478 -0.702604 0.130683
-9.035797 -624.830335 -632.577123 -170625.389647 0.543540 -0.756034 -0.364659 0.750510 0.243180 0.614491 -0.375898 -0.607681 0.699589
-5.078473 -486.042867 2037.938051 -153545.384917 -0.552660 0.757821 0.346807 0.510934 -0.020669 0.859372 -0.658418 -0.652135 0.375773
55.195071 -3212.269003 -2446.444790 -1095054.954691 -0.646245 0.659708 0.383607 0.237149 -0.304178 0.922625 -0.725347 -0.687213 -0.040125
32.605645 -32.572466 389.931469 -1170.374024 0.317889 0.943796 -0.090536 0.569853 -0.266505 -0.777331 0.757770 -0.195512 0.622543
28.286937 -29.608702 4671.571635 -1656.087525 0.216721 0.964895 -0.148354 0.570881 -0.248536 -0.782512 0.791913 -0.084894 0.604703
28.213244 -27.234209 4315.038096 -1251.117548 0.274638 0.943280 -0.186540 0.601012 -0.319834 -0.732455 0.750572 -0.089047 0.654761
30.631901 -38.486281 -3469.638930 -868.154624 0.381216 0.924483 0.002462 0.532228 -0.217288 -0.818242 0.755915 -0.313237 0.574869
32.515741 -31.585775 734.668549 -1093.254310 0.358529 0.925490 -0.122173 0.603033 -0.329513 -0.726480 0.712607 -0.186789 0.676241
31.424530 -36.989739 -3240.775571 -1346.035514 0.411980 0.910602 -0.032822 0.589884 -0.293987 -0.752070 0.694485 -0.290476 0.658266
-9.119413 -36.952872 1653.133780 -1477.185767 0.369887 0.861947 0.346743 -0.167302 0.428906 -0.887721 0.913889 -0.270346 -0.302853
-11.609572 -43.103393 1362.782193 -1438.829920 0.404744 0.824690 0.395055 -0.221140 0.507475 -0.832807 0.887288 -0.249711 -0.387769
-8.794987 -41.173975 815.623495 -4391.679629 0.366452 0.880205 0.301581 -0.232292 0.400414 -0.886402 0.900973 -0.254769 -0.351197
4.415582 -202.921529 5130.398278 2918.287568 -0.620621 -0.643264 -0.448376 0.775884 -0.421185 -0.469688 0.113284 -0.639386 0.760495
13.806033 -345.637139 1241.881638 55841.149568 -0.567293 -0.720571 -0.398693 0.806838 -0.389384 -0.444288 0.164896 -0.573723 0.802279
6.669053 -220.306292 4418.757138 33442.727361 -0.642400 -0.623981 -0.444938 0.676193 -0.188264 -0.712264 0.360674 -0.758422 0.542872
1.430189 -237.836649 5542.587416 -7693.822648 -0.558066 -0.692239 -0.457567 0.813393 -0.565450 -0.136592 -0.164177 -0.448409 0.878621
0.967498 -175.480588 3564.221560 -5254.556719 -0.599843 -0.675480 -0.428853 0.800074 -0.500740 -0.330367 0.008412 -0.541282 0.840799
13.985575 -249.843771 -2459.861747 37449.289439 0.614564 0.667834 0.419891 0.770688 -0.621894 -0.138883 0.168377 0.408958 -0.896885
17.650397 -263.020688 -3013.187033 25099.080265 0.584094 0.671945 0.455328 0.808150 -0.533736 -0.249038 0.075685 0.513435 -0.854785
10.666343 -268.897870 -3018.088636 11380.778346 0.603496 0.685017 0.408099 0.785398 -0.422336 -0.452529 -0.137635 0.593619 -0.792889
8.914857 -247.622702 -337.394152 11269.809242 0.636120 0.648693 0.417791 0.770113 -0.500291 -0.395770 -0.047716 0.573504 -0.817812
3.966376 -136.135448 -2486.106197 19896.240638 0.191757 -0.037779 0.980715 0.171964 0.985094 0.004324 -0.966260 0.167818 0.195395
-10.079222 -119.806160 259.014558 29809.691031 0.206394 -0.139023 0.968542 0.434017 0.900156 0.036719 -0.876944 0.412785 0.246125
-6.950947 -103.431626 -623.504772 20871.372752 0.228234 -0.053901 0.972113 0.371240 0.927850 -0.035713 -0.900050 0.369038 0.231778
-20.486353 -64.653503 -51.106274 18895.669675 0.283187 -0.034629 0.958439 0.510185 0.851656 -0.119972 -0.812106 0.522956 0.258845
2.175452 -70.745986 -1074.298589 2641.941597 0.407362 0.904621 0.125370 -0.541137 0.128506 0.831058 -0.735682 0.406383 -0.541872
3.219753 -72.963876 526.173935 2433.790985 0.425227 0.891265 0.157569 -0.566057 0.126040 0.814674 -0.706230 0.435615 -0.558103
2.566012 -65.675933 -878.029413 3065.772354 0.402069 0.904753 0.140581 -0.428090 0.050034 0.902350 -0.809370 0.422989 -0.407432
-1.773863 -44.721937 -705.287944 -2988.139324 -0.438802 -0.570838 -0.693972 0.673667 0.302108 -0.674466 0.594665 -0.763463 0.251989
-0.853464 -46.742270 530.306804 -1910.558586 -0.390128 -0.524423 -0.756822 0.720537 0.337862 -0.605538 0.573260 -0.781556 0.246057
1.609973 -47.030565 -956.375824 -286.609848 -0.427821 -0.556030 -0.712601 0.714264 0.275155 -0.643519 0.553892 -0.784296 0.279435
-1.374941 -45.158931 -1194.258761 -3130.626482 -0.479171 -0.594511 -0.645718 0.654737 0.247856 -0.714064 0.584564 -0.764934 0.270483
-45.644669 -72.764619 -744.442138 4243.776606 0.674435 0.738154 0.016313 -0.156685 0.121499 0.980147 -0.721517 0.663601 -0.197600
-43.482586 -71.916502 636.162989 4507.571929 0.717508 0.659012 0.225578 -0.289342 -0.012603 0.957143 -0.633611 0.752027 -0.181637
-38.792218 -60.398705 50.954118 4038.946518 0.671878 0.630839 0.388100 -0.302055 -0.245061 0.921253 -0.676271 0.736198 -0.025897
70.479426 -96.272485 13122.643264 17285.127542 0.293927 0.832010 -0.470495 -0.163283 0.528710 0.832949 -0.941778 0.168003 -0.291255
80.410011 -72.607470 15657.505899 12171.617945 0.234108 0.809108 -0.539015 -0.006645 0.555741 0.831329 -0.972188 0.191039 -0.135480
62.542412 -65.022428 15414.193109 78.101913 0.333275 0.797696 -0.502601 0.050883 0.517083 0.854422 -0.941455 0.310331 -0.131742
-31.614393 -55.136210 -864.632073 -3613.046158 0.602366 0.757922 0.250419 0.756175 -0.642304 0.125078 -0.255645 -0.114018 0.960024
-30.266305 -52.153791 -1088.410975 -3978.714044 0.565312 0.773404 0.286826 0.753574 -0.625639 0.201750 -0.335483 -0.102093 0.936498
-25.121633 -57.273908 -2162.046300 -3939.934470 0.541003 0.777614 0.320361 0.790589 -0.600144 0.121641 -0.286853 -0.187465 0.939453
-32.725434 -49.199191 -779.094605 -1909.595021 0.579682 0.783051 0.225390 0.746515 -0.621229 0.238309 -0.326627 -0.030114 0.944674
-29.921089 -62.482853 821.723121 -2817.273972 -0.550608 -0.788754 -0.273308 0.819573 -0.572969 0.002446 -0.158526 -0.222650 0.961923
-33.927334 -58.314848 -1048.873485 -4084.761680 0.607362 0.766142 0.210089 0.773253 -0.630776 0.064828 -0.182186 -0.123078 0.975531
-34.742677 -53.252737 -914.648311 -3628.232990 0.609087 0.773911 0.173422 0.759208 -0.632188 0.154730 -0.229383 -0.037419 0.972617
5.216089 -110.470248 -289.213266 1400.500911 0.711025 -0.170697 -0.682133 0.488240 0.817964 0.304232 -0.506028 0.549361 -0.664934
4.740042 -111.299140 692.112728 -4814.412072 -0.704703 0.163214 0.690474 0.361231 0.920140 0.151173 -0.610660 0.355953 -0.707384
0.702239 -20.061050 81.571316 -3330.609330 -0.358562 0.673023 0.646895 0.806762 0.572047 -0.147979 0.469648 -0.468831 0.748083
1.648794 -28.219939 -674.872080 -5110.434755 -0.300898 0.702232 0.645236 0.817781 0.538071 -0.204238 0.490605 -0.466207 0.736177
-2.872489 -24.816153 1755.838615 -3714.033500 0.181086 -0.763730 -0.619616 0.861229 0.427353 -0.275051 0.474860 -0.483823 0.735135
-4.875301 -43.149670 -2000.540625 -5780.910220 0.227091 0.886760 0.402598 0.563024 -0.456855 0.688685 -0.794628 -0.070278 0.603015
-4.864723 -42.690494 -930.387210 -1226.230053 0.236021 0.890350 0.389321 0.675962 -0.438253 0.592461 -0.698118 -0.123333 0.705280
-5.445631 -43.484629 240.927851 -5412.262019 0.259649 0.887385 0.380959 0.550150 -0.460138 0.696856 -0.793673 -0.028647 0.607669
43.228265 -19.616532 -4810.787289 -632.299485 0.554812 0.706054 -0.440081 -0.288599 0.659442 0.694152 -0.780317 0.258117 -0.569632
38.870492 -15.833491 -10759.189697 -411.659099 0.458730 0.705247 -0.540550 -0.269564 0.690116 0.671621 -0.846701 0.162380 -0.506686
2.335302 -58.147754 -821.647128 -240.032208 0.440965 0.892193 0.097679 0.070650 0.073989 -0.994753 0.894739 -0.445552 0.030407
3.663569 -57.336019 -46.401486 1812.757068 0.418562 0.903145 0.095578 -0.151433 0.173172 -0.973180 0.895474 -0.392862 -0.209249
13.580142 -69.272328 735.737206 2353.948775 -0.289642 -0.934519 -0.206839 0.948948 -0.308583 0.065371 -0.124917 -0.177345 0.976189
13.025691 -73.226703 555.960989 8535.817336 0.286226 0.936094 0.204459 0.929916 -0.322820 0.176191 -0.230935 -0.139699 0.962888
10.654721 -79.933481 -403.496707 11209.057201 0.264458 0.943587 0.199262 0.939982 -0.298398 0.165505 -0.215628 -0.143533 0.965869
-7.503970 -76.746166 -974.581252 -1629.532871 0.267541 0.924542 0.271374 0.683808 -0.380606 0.622531 -0.678843 -0.019015 0.734037
-6.457261 -74.657489 -470.244171 1732.194726 0.260571 0.930952 0.255795 0.541783 -0.360296 0.759380 -0.799108 0.059287 0.598256
-7.073736 -71.809752 -2047.883022 2522.535144 0.234835 0.944385 0.230195 0.509833 -0.321296 0.798022 -0.827601 0.070042 0.556930
11.386569 -92.133521 -331.142881 1459.318784 0.218465 0.974275 0.055329 -0.911412 0.223973 -0.345201 0.348713 -0.024986 -0.936897
10.440996 -90.599823 474.335470 2544.086410 0.246451 0.966749 0.068249 -0.955186 0.254209 -0.151647 0.163954 0.027817 -0.986076
12.698793 -95.528136 -973.102330 1027.866481 0.236414 0.971248 0.028031 -0.888015 0.227684 -0.399486 0.394382 -0.069552 -0.916311
14.201978 -37.360761 1839.894615 -609.936385 0.675508 0.737073 0.020302 0.585024 -0.518993 -0.623212 0.448816 -0.432862 0.781789
14.447401 -31.538295 120.562874 305.137701 -0.579533 -0.796871 -0.170699 0.765479 -0.460411 -0.449515 0.279614 -0.391175 0.876811
12.307081 -39.907288 821.617285 -1730.680096 0.631727 0.773683 0.048328 0.656613 -0.500915 -0.563865 0.412044 -0.387941 0.824452
11.809522 -36.647964 -794.936358 -1093.665847 -0.594211 -0.799497 -0.087852 0.727894 -0.488071 -0.481619 0.342175 -0.350130 0.871966
13.019423 -33.409853 -1241.755877 -178.548208 -0.577689 -0.807389 -0.119994 0.753555 -0.471017 -0.458582 0.313735 -0.355341 0.880513
77.882840 -108.640949 23462.318901 3604.370877 0.126342 0.912476 0.389135 0.810160 -0.321280 0.490326 -0.572431 -0.253313 0.779843
-2.704997 -46.700259 -393.070181 1546.893701 0.210267 0.975837 -0.059422 -0.946911 0.188160 -0.260684 0.243204 -0.111081 -0.963594
-1.510409 -46.035862 -436.920041 2142.342357 0.167467 0.983354 -0.070492 -0.950185 0.141925 -0.277501 0.262877 -0.113453 -0.958136
-4.794414 -42.090444 -121.910355 -1124.746962 0.236085 0.969730 -0.062345 -0.956574 0.220635 -0.190490 0.170968 -0.104609 -0.979708
-4.939713 -38.162108 120.199919 1138.230225 0.173062 0.981432 -0.082714 -0.972791 0.157194 -0.170201 0.154039 -0.109919 -0.981932
-6.782865 -38.883614 -479.631300 -2732.300988 0.250240 0.964878 -0.079945 -0.961013 0.237507 -0.141582 0.117621 -0.112258 -0.986693
-4.539014 -20.203685 852.533684 -1888.877973 0.632876 0.667429 -0.392436 0.163728 0.380028 0.910369 -0.756743 0.640404 -0.131234
-3.419357 -16.639739 332.090995 -1226.413165 0.630685 0.668406 -0.394295 0.141752 0.400315 0.905348 -0.762982 0.626882 -0.157725
-5.293619 -17.827993 723.115619 -1077.736561 0.614304 0.630839 -0.473997 0.192862 0.462447 0.865417 -0.765137 0.623045 -0.162418
-4.956139 -15.522528 203.887104 -274.625472 0.604502 0.604356 -0.518971 0.201704 0.514126 0.833661 -0.770644 0.608628 -0.188889
-5.546966 -20.073238 1250.261575 -1922.237041 0.620063 0.654058 -0.433278 0.181254 0.417897 0.890230 -0.763327 0.630532 -0.140572
-6.624662 -17.574308 706.995782 31.840751 0.580433 0.564059 -0.587311 0.250025 0.562954 0.787763 -0.774974 0.604086 -0.185729
-7.193970 -19.909280 1091.011198 -1135.540605 0.600128 0.633502 -0.488387 0.204050 0.469115 0.859240 -0.773441 0.615309 -0.152263
2.404164 -77.504131 271.700796 850.650922 0.330614 0.929769 0.161939 -0.142238 0.218717 -0.965366 0.932986 -0.296130 -0.204559
1.366977 -75.764246 67.853227 -199.344708 0.321062 0.939446 0.119834 -0.294986 0.219438 -0.929962 0.899946 -0.263226 -0.347577
0.719267 -77.066962 -302.843609 -226.754271 0.304678 0.950362 0.063120 -0.457723 0.204214 -0.865325 0.835261 -0.234754 -0.497221
-6.916419 -91.052125 2130.553061 -378.035563 0.283813 0.955158 0.084395 -0.424286 0.204024 -0.882245 0.859902 -0.214585 -0.463165
-13.253781 -236.450328 488.909516 28955.852336 0.633296 -0.305526 -0.711048 0.452756 -0.598876 0.660575 0.627652 0.740271 0.240937
-10.787140 -215.500239 -1143.327037 -37840.214426 0.635938 -0.293350 -0.713813 -0.234247 0.807930 -0.540720 0.735331 0.511072 0.445077
-3.490131 -229.873171 916.729788 -42159.469159 0.629645 -0.336591 -0.700181 -0.181215 0.812775 -0.553677 0.755452 0.475503 0.450764
