19323
38636
-18.156457 -31.871183 -457.572622 2248.982505 -0.033651 0.997898 -0.055376 -0.705979 -0.062953 -0.705430 0.707433 -0.015356 -0.706614
-20.877622 -37.893380 -480.781376 1900.851060 0.033892 0.998726 0.037379 -0.620773 0.050347 -0.782372 0.783258 -0.003312 -0.621688
-23.393668 -39.309144 191.891320 3479.012868 0.288541 0.928534 0.233598 -0.619164 0.367049 -0.694198 0.730329 -0.055669 -0.680824
-18.856550 -31.517912 -246.956480 1958.968093 -0.189847 0.976197 -0.104867 -0.659362 -0.205907 -0.723079 0.727461 0.068129 -0.682758
-18.213027 -27.437865 -148.683145 2115.472560 -0.055342 0.992208 -0.111625 -0.763761 -0.114077 -0.635339 0.643123 -0.050094 -0.764123
-15.766115 -26.043214 -66.952495 1139.059178 -0.318582 0.913833 -0.251823 -0.678202 -0.405351 -0.612971 0.662230 0.024494 -0.748900
33.685860 -37.776507 433.912058 -3243.725708 0.155030 0.987034 -0.041594 -0.842759 0.154104 0.515762 -0.515484 0.044905 -0.855722
32.987154 -42.779028 -542.725832 -2504.702447 0.055370 0.991123 -0.120872 -0.769625 0.119487 0.627216 -0.636090 -0.058297 -0.769409
28.715446 -33.543551 -2032.651693 -2279.397234 0.011489 0.979487 -0.201179 -0.861022 0.111992 0.496084 -0.508438 -0.167520 -0.844646
25.257642 -25.943184 -2824.045476 -1244.756571 -0.007974 0.965809 -0.259133 -0.904163 0.103723 0.414403 -0.427112 -0.237603 -0.872422
29.915538 -29.441485 -228.469721 -1570.667743 0.087730 0.986979 -0.134817 -0.893454 0.137810 0.427491 -0.440504 -0.082949 -0.893911
-4.218778 -116.244453 -5632.504006 36792.774692 -0.230103 0.880496 -0.414464 -0.806198 0.066070 0.587946 -0.545067 -0.469428 -0.694650
3.607331 -43.079072 -2910.672220 -9403.685903 -0.063234 0.905813 -0.418932 0.948611 -0.075864 -0.307217 -0.310063 -0.416830 -0.854467
17.742718 -19.611625 -797.533254 -2505.114358 0.402507 0.832325 -0.381081 0.876761 -0.470213 -0.100942 -0.263206 -0.293487 -0.919015
5.227058 -11.286750 -391.409988 -639.621207 0.232415 -0.594888 -0.769475 -0.019854 0.788072 -0.615262 0.972414 0.158273 0.171348
3.737012 -11.415190 -528.033071 -363.842235 0.233307 -0.500801 -0.833526 -0.090662 0.842245 -0.531416 0.968168 0.199552 0.151098
5.088503 -13.841823 564.542340 -468.704273 0.182818 -0.531330 -0.827204 -0.072617 0.831788 -0.550324 0.980461 0.160678 0.113482
2.580550 -8.767225 -1527.920114 -333.763009 0.279845 -0.625521 -0.728293 -0.019335 0.754777 -0.655697 0.959850 0.197575 0.199126
5.964009 -11.671465 633.805097 -496.773994 0.189193 -0.648315 -0.737492 0.014485 0.752817 -0.658071 0.981833 0.113820 0.151818
5.781617 -8.536060 905.387252 -378.797670 -0.251742 0.732525 0.632481 0.059906 0.664070 -0.745267 0.965939 0.149726 0.211057
1.284524 -7.365624 -1014.644315 -693.342310 -0.126643 0.908551 0.398116 0.253147 0.417660 -0.872626 0.959103 0.009730 0.282891
5.471080 -6.484434 -916.861372 -160.436981 -0.170766 0.879033 0.445129 0.216828 0.474215 -0.853291 0.961158 0.049196 0.271579
3.858581 -8.553038 -1478.793271 -574.441058 -0.129030 0.879917 0.457271 0.208882 0.474897 -0.854893 0.969391 0.014791 0.245074
6.928835 -8.627435 -1484.527506 -399.410454 -0.155641 0.826813 0.540514 0.151184 0.560674 -0.814118 0.976176 0.044993 0.212265
1.929541 -11.470870 -1963.427399 -738.921883 -0.127177 0.802937 0.582339 0.145676 0.595860 -0.789765 0.981124 0.015607 0.192748
0.958430 -10.959331 -991.994816 -1127.409752 -0.118445 0.882614 0.454932 0.225768 0.470095 -0.853252 0.966954 -0.001645 0.254946
-8.896836 -25.217961 -851.261870 186.863054 0.222477 0.967847 0.117371 -0.641277 0.235952 -0.730131 0.734349 -0.087170 -0.673152
-5.093224 -24.593906 -950.553829 434.406406 0.221818 0.972261 0.074199 -0.660369 0.205776 -0.722197 0.717433 -0.111198 -0.687696
-8.389252 -24.550941 -822.616410 213.060887 0.237285 0.964910 0.112449 -0.701891 0.250318 -0.666850 0.671598 -0.079306 -0.736659
-11.532591 -25.194614 -615.532821 44.162759 0.213417 0.963047 0.164295 -0.683382 0.267338 -0.679353 0.698171 -0.032709 -0.715183
-5.387800 -35.233169 -158.310144 -1693.956680 -0.082056 0.973589 -0.213051 0.486802 -0.147382 -0.860989 0.869650 0.174363 0.461851
-5.614265 -34.052094 -141.155876 -2000.646184 -0.079381 0.969748 -0.230840 0.382233 -0.184260 -0.905509 0.920650 0.160115 0.356043
-6.872247 -35.992122 -152.080829 -2414.981063 -0.102684 0.964273 -0.244202 0.460066 -0.171624 -0.871140 0.881927 0.201801 0.426006
6.628135 -20.261554 1786.210603 -118.991432 0.088738 0.881463 0.463842 -0.232480 0.471146 -0.850867 0.968545 0.032330 -0.246731
11.549339 -20.529409 1339.780363 -212.243223 0.121685 0.890456 0.438498 -0.280820 0.454617 -0.845260 0.952015 0.020284 -0.305378
11.088732 -20.141066 1033.133003 -171.787767 0.130198 0.897914 0.420474 -0.197084 0.439059 -0.876576 0.971703 -0.031260 -0.234130
6.548159 -19.633094 1631.935028 -110.438188 0.096014 0.881987 0.461389 -0.143256 0.470949 -0.870451 0.985017 -0.017478 -0.171568
9.568984 -18.735896 714.680820 -216.512570 0.141326 0.904102 0.403269 -0.105329 0.418778 -0.901959 0.984344 -0.084994 -0.154412
13.076190 -20.309973 45.777604 -65.514224 0.183998 0.911687 0.367385 -0.173052 0.397975 -0.900927 0.967573 -0.102192 -0.230996
0.794753 -32.701286 -489.857758 -712.548969 -0.099532 0.931944 -0.348676 -0.738216 -0.304118 -0.602121 0.667181 -0.197468 -0.718245
0.803140 -31.958648 51.739688 -588.413877 -0.111036 0.932103 -0.344754 -0.745842 -0.307418 -0.590943 0.656803 -0.191516 -0.729336
0.649575 -30.395128 87.023292 -793.143275 -0.075786 0.946649 -0.313228 -0.646918 -0.285725 -0.707007 0.758784 -0.149052 -0.634058
0.911089 -35.180312 -217.581036 -440.194644 -0.141472 0.919479 -0.366803 -0.814145 -0.318856 -0.485282 0.563164 -0.229977 -0.793698
1.149033 -32.106683 -371.086910 -955.345312 -0.076452 0.945126 -0.317636 -0.669626 -0.284704 -0.685963 0.738753 -0.160254 -0.654647
1.739420 -35.762794 -445.684484 -903.896896 -0.118906 0.928490 -0.351806 -0.777976 -0.307278 -0.548027 0.616940 -0.208533 -0.758880
11.520163 -51.872777 -325.177149 -2697.913140 -0.212234 0.920176 -0.328988 -0.391350 0.228449 0.891435 -0.895434 -0.317943 -0.311626
12.603823 -44.521877 -630.314392 -3240.965969 -0.203164 0.910175 -0.360978 -0.535573 0.205329 0.819147 -0.819686 -0.359751 -0.445750
14.855098 -48.254158 -742.611097 -3541.318652 -0.186722 0.943825 -0.272634 -0.494328 0.149559 0.856313 -0.848984 -0.294662 -0.438634
10.775380 -48.494085 149.864219 -2929.701565 -0.209125 0.904714 -0.371159 -0.429157 0.256139 0.866151 -0.878687 -0.340419 -0.334699
9.182803 -52.085078 134.708711 -794.439637 -0.219124 0.913264 -0.343415 -0.250863 0.287402 0.924374 -0.942896 -0.288703 -0.166127
-4.015140 -42.930119 -287.686701 -1251.873249 0.601272 0.765442 0.229283 -0.414369 0.544043 -0.729599 0.683205 -0.343680 -0.644294
-4.614461 -41.540033 150.064103 -1363.144581 0.580432 0.773921 0.253270 -0.399517 0.541666 -0.739584 0.709567 -0.328093 -0.623594
-3.737066 -41.207678 -150.540187 -945.803060 0.595728 0.759444 0.261444 -0.275761 0.499116 -0.821486 0.754364 -0.417286 -0.506763
-2.923912 -43.610493 -301.014989 -905.244091 0.604689 0.761992 0.231775 -0.339747 0.509981 -0.790248 0.720363 -0.399110 -0.567264
-3.798758 -46.415365 -380.469939 -1383.319142 0.597857 0.773746 0.209484 -0.487259 0.558292 -0.671482 0.636510 -0.299377 -0.710794
-12.057764 -29.062755 -40.561674 3282.396101 0.117992 0.952909 0.279359 0.918505 -0.211648 0.333995 -0.377393 -0.217184 0.900225
-10.930170 -23.043226 -440.026858 2729.939246 0.168268 0.927095 0.334934 0.934291 -0.258335 0.245689 -0.314302 -0.271585 0.909646
-12.177402 -21.523198 -164.349914 1752.146109 0.222195 0.926242 0.304476 0.916797 -0.304764 0.258074 -0.331832 -0.221800 0.916893
-12.797038 -18.676707 -386.685826 553.478209 0.253941 0.913654 0.317412 0.928749 -0.321970 0.183743 -0.270074 -0.248136 0.930316
-26.623535 -36.155020 -1303.847273 -1081.948811 0.590173 -0.116266 0.798860 0.555289 0.776747 -0.297183 0.585960 -0.618988 -0.522977
-18.279478 -31.165447 -3547.067092 2.577304 0.853546 0.283345 0.437236 0.173431 0.636826 -0.751248 0.491306 -0.717055 -0.494420
-19.264431 -31.452844 -2375.622844 20.151108 0.799499 0.097932 0.592630 0.315308 0.771333 -0.552835 0.511255 -0.628852 -0.585801
-24.322201 -35.719633 1240.989319 -1058.952799 -0.539501 0.308006 -0.783627 0.590409 0.801926 -0.091277 0.600297 -0.511904 -0.614489
0.038864 -25.739032 1034.585320 57.231694 0.147008 0.856834 0.494191 -0.835743 0.374837 -0.401287 0.529078 0.354024 -0.771196
4.633519 -25.854537 962.211426 8.201074 0.163770 0.855115 0.491891 -0.859881 0.368129 -0.353675 0.483513 0.365046 -0.795586
6.028721 -26.342001 1128.218954 138.075703 0.154683 0.858977 0.488091 -0.819049 0.387763 -0.422845 0.552477 0.334363 -0.763525
7.777587 -19.625556 185.621558 536.829815 0.281174 0.915419 0.288010 0.327157 0.190702 -0.925527 0.902169 -0.354459 0.245865
8.079649 -21.403263 -17.913339 468.417435 0.307748 0.922313 0.233728 0.383142 0.104725 -0.917734 0.870915 -0.371982 0.321148
7.593755 -19.557090 366.762658 483.401162 0.280565 0.925339 0.255012 0.356457 0.146232 -0.922797 0.891191 -0.349806 0.288815
-2.469776 -55.735915 132.964469 1350.255371 -0.242322 0.019060 0.970009 0.163003 0.986395 0.021339 -0.956405 0.163285 -0.242132
-1.900479 -53.483006 79.516549 1193.170596 -0.227614 0.047987 0.972568 0.272581 0.961994 0.016328 -0.934821 0.268820 -0.232044
-1.105551 -53.786028 127.764013 8.084966 -0.240664 0.035139 0.969972 0.345045 0.937163 0.051661 -0.907207 0.347117 -0.237666
-2.832469 -57.462750 4.635881 1539.226777 -0.232434 0.014117 0.972510 0.049388 0.998776 -0.002694 -0.971357 0.047405 -0.232846
-1.684410 -55.591391 -11.902147 1511.979971 -0.259077 0.000566 0.965857 0.236620 0.969564 0.062901 -0.936424 0.244837 -0.251325
-2.659679 -61.069815 -119.664077 2071.778860 -0.262361 0.002118 0.964967 0.041011 0.999119 0.008957 -0.964098 0.041924 -0.262217
-3.007114 -61.071059 -127.980687 2027.376823 -0.251806 0.001280 0.967777 -0.009278 0.999950 -0.003736 -0.967733 -0.009920 -0.251781
-2.358757 -35.640766 -227.802401 270.000321 -0.374450 0.894417 -0.244552 -0.299907 0.132741 0.944688 -0.877407 -0.427082 -0.218537
-1.818166 -36.594093 -36.636176 -519.415269 -0.372086 0.898037 -0.234697 -0.218448 0.161026 0.962471 -0.902127 -0.409391 -0.136259
-1.651762 -35.542741 -8.155288 -262.187244 -0.368890 0.903704 -0.217344 -0.199231 0.151522 0.968167 -0.907869 -0.400449 -0.124151
-0.832484 -66.697327 -667.569311 -1828.261098 0.041064 0.042024 -0.998272 0.739674 -0.672962 0.002097 -0.671711 -0.738482 -0.058718
2.589376 -64.923162 859.442190 -1693.067525 -0.071184 -0.047645 0.996325 -0.624526 0.780970 -0.007274 -0.777753 -0.622749 -0.085348
-0.617944 -64.297917 354.931628 421.612135 -0.041187 -0.074988 0.996333 -0.624492 0.780337 0.032915 -0.779944 -0.620847 -0.078969
2.709882 -64.288381 -1156.190537 669.176779 0.090257 0.005327 -0.995904 0.744420 -0.664646 0.063910 -0.661583 -0.747139 -0.063954
-5.732142 -368.016222 2964.743282 54638.523427 0.273361 0.175329 0.945798 0.139965 0.965534 -0.219441 -0.951674 0.192365 0.239399
-2.912620 -265.222427 2286.112341 50045.004084 0.253476 0.287125 0.923747 0.499860 0.778685 -0.379197 -0.828185 0.557861 0.053855
-17.230248 -432.770329 1459.002065 76699.299546 0.259771 0.151893 0.953650 0.140847 0.971032 -0.193027 -0.955344 0.184461 0.230852
-19.128271 -693.749867 -747.066561 102091.947208 0.326151 0.072086 0.942565 -0.334913 0.941226 0.043905 -0.884002 -0.329997 0.331124
-5.339680 -517.112400 2910.381213 72354.223388 0.361386 0.141631 0.921597 -0.264137 0.963459 -0.044488 -0.894221 -0.227351 0.385590
-11.517365 -924.334290 2046.885823 316766.807616 -0.234557 0.314985 0.919656 0.790741 0.612100 -0.007968 -0.565431 0.725340 -0.392644
-286.810344 -3472.695786 41988.295174 6998805.403893 -0.132830 0.231672 0.963683 0.039557 0.972763 -0.228402 -0.990349 0.007782 -0.138376
-229.559651 -2374.503690 41152.730481 -1687480.568885 0.050465 0.223806 0.973326 0.979131 -0.203192 -0.004044 0.196867 0.953218 -0.229390
-120.198859 -4260.475239 -45133.553699 4528665.753896 -0.001067 -0.222924 -0.974835 0.080547 0.971649 -0.222284 0.996750 -0.078757 0.016919
-324.778509 -1489.783353 -53834.565691 1664641.176898 -0.219270 -0.099140 -0.970614 -0.451067 0.892425 0.010746 0.865135 0.440168 -0.240401
-2.198003 -12.778186 -384.774063 1536.304228 0.394661 0.917039 0.057297 -0.114191 0.110828 -0.987258 0.911703 -0.383089 -0.148457
2.673139 -17.937499 1556.298856 1229.035535 0.331055 0.930835 -0.154752 -0.131709 -0.116811 -0.984382 0.934374 -0.346267 -0.083928
-3.763967 -16.517649 21.403094 1574.584244 0.366146 0.921169 -0.131850 -0.140793 -0.085220 -0.986365 0.919845 -0.379717 -0.098491
-4.390968 -15.361441 -746.901357 1218.318907 0.404058 0.914687 0.009185 -0.067775 0.039950 -0.996900 0.912219 -0.402183 -0.078135
-1.180012 -28.294288 622.248236 -765.974051 -0.243740 0.910079 -0.335183 -0.757588 0.037114 0.651678 -0.605518 -0.412770 -0.680418
1.759756 -26.188302 1161.780029 -881.333269 -0.192070 0.914315 -0.356562 -0.812026 0.055968 0.580932 -0.551111 -0.401117 -0.731698
-0.175987 -27.675562 631.873813 -1610.642009 -0.207838 0.907672 -0.364602 -0.831515 0.032361 0.554559 -0.515157 -0.418430 -0.748017
-1.915661 -59.690405 -40.654936 -414.240600 0.537445 0.831737 0.139165 -0.827355 0.551993 -0.103866 0.163207 0.059317 -0.984807
-2.085014 -58.354979 -90.228184 -456.324825 0.557504 0.819504 0.132673 -0.782374 0.572097 -0.246164 0.277634 -0.033437 -0.960105
-2.176548 -60.715869 29.627932 -976.769372 0.538621 0.832272 0.131190 -0.831055 0.550424 -0.079877 0.138689 0.066002 -0.988134
-1.907953 -60.056838 -174.948273 451.058031 0.507873 0.850954 0.133951 0.861031 -0.496716 -0.109083 -0.026289 0.170737 -0.984966
-6.992575 -19.527129 102.721713 -499.952844 0.168232 0.803476 0.571073 0.076841 0.566878 -0.820210 0.982748 -0.181868 -0.033627
-4.867039 -17.876368 -269.001642 -415.131503 0.184981 0.823133 0.536874 0.142548 0.518051 -0.843388 0.972349 -0.232541 0.021506
-6.562573 -18.953371 -297.277024 -559.261993 0.207202 0.880122 0.427145 0.060624 0.424230 -0.903523 0.976418 -0.213107 -0.034545
-4.733176 -18.834178 175.395266 -294.992629 0.142477 0.768054 0.624335 0.098366 0.616660 -0.781060 0.984898 -0.172697 -0.012309
-113.752226 -208.828307 26867.447982 -24735.578608 -0.017790 0.031403 -0.999348 0.948481 0.316759 -0.006931 0.316335 -0.947986 -0.035421
-77.926946 -596.357624 -35074.418301 128386.401643 0.881403 -0.385477 -0.273014 -0.471846 -0.691374 -0.547141 -0.022155 -0.611072 0.791265
-270.324500 -489.136179 26962.373508 108583.809167 -0.308871 0.696245 0.647952 -0.033091 0.672984 -0.738916 0.950528 0.249671 0.184826
31.879264 -249.160124 1962.316159 -47247.980319 -0.361580 0.018889 -0.932150 0.932249 -0.006693 -0.361755 -0.013072 -0.999799 -0.015189
-41.475621 -134.492774 6584.183551 -28493.747514 -0.338018 -0.021950 -0.940884 0.940953 -0.027797 -0.337395 -0.018748 -0.999373 0.030050
-4.371637 -257.989152 236.684027 49272.009851 0.838040 -0.431497 0.333915 0.087092 0.709951 0.698845 0.538612 0.556579 -0.632548
-7.543815 -534.523516 83.072180 121481.319325 -0.852843 0.398016 -0.337998 0.240466 0.873941 0.422378 0.463504 0.278945 -0.841043
-0.177886 -390.936459 -147.808654 78615.793914 0.879985 -0.359684 0.310247 0.112666 0.792564 0.599290 0.461446 0.492412 -0.737969
-0.084428 -667.150002 358.788563 146032.125237 -0.880909 0.372247 -0.292286 0.177538 0.832373 0.525011 0.438725 0.410595 -0.799333
1.670051 -116.254785 -554.393836 17840.203790 0.827739 -0.514843 0.223126 0.206846 0.649614 0.731585 0.521597 0.559409 -0.644204
8.647146 -1343.837198 5452.079842 366733.204543 -0.850025 0.454780 -0.265769 0.400856 0.885824 0.233731 0.341721 0.092142 -0.935274
22.994609 -846.235842 51.367953 -189000.015763 0.883311 -0.369584 0.288391 0.406431 0.297184 -0.864000 -0.233616 -0.880392 -0.412716
17.859968 -898.928294 -783.280268 -221572.130204 0.856083 -0.389058 0.340228 0.501087 0.463519 -0.730795 -0.126619 -0.796106 -0.591763
11.037908 -315.794717 1479.960612 -69412.638224 0.854549 -0.365832 0.368664 0.452450 0.175824 -0.874286 -0.255022 -0.913922 -0.315771
8.248366 -120.814759 -488.509245 -23156.378447 0.904793 -0.339105 0.257600 0.310509 0.111369 -0.944024 -0.291435 -0.934133 -0.206061
1.410708 -17.696930 -609.068785 1526.240365 0.406416 0.891511 0.200086 0.114950 0.167358 -0.979172 0.906428 -0.420951 0.034462
4.533627 -15.458776 -755.284458 1459.941177 0.382644 0.874409 0.298317 0.139809 0.264369 -0.954234 0.913256 -0.406839 0.021091
3.048007 -13.209589 -730.839529 1149.130867 0.396434 0.867847 0.299469 0.119100 0.274823 -0.954090 0.910305 -0.413900 -0.005588
0.705345 -15.130403 -675.197800 1155.631774 0.412300 0.885570 0.213948 0.085339 0.196264 -0.976830 0.907043 -0.421005 -0.005346
2.526794 -25.238409 43.146708 -165.569972 -0.336024 0.926570 -0.168985 0.687586 0.363945 0.628307 -0.643671 -0.094934 0.759391
2.047519 -24.861921 251.691959 -138.463518 -0.331625 0.927360 -0.173286 0.671693 0.361074 0.646880 -0.662460 -0.098126 0.742642
2.703800 -25.470378 -191.951360 -23.304890 -0.355908 0.917871 -0.175619 0.627412 0.373964 0.683012 -0.692592 -0.132904 0.708980
-18.340384 -30.487594 19.183336 -465.965546 0.500884 0.845357 0.185707 0.624073 -0.501415 0.599263 -0.599707 0.184266 0.778715
-20.413703 -29.849888 -623.527146 -108.392236 0.500965 0.859887 0.098129 0.665345 -0.455154 0.591735 -0.553489 0.231148 0.800138
-19.263577 -30.442261 -618.922613 272.081113 0.489031 0.864916 0.112996 0.606243 -0.430163 0.668901 -0.627150 0.258610 0.734713
-17.724609 -29.986601 -92.733444 -270.512428 0.472928 0.859037 0.195947 0.552867 -0.462479 0.693147 -0.686059 0.219476 0.693652
-17.628039 -30.360730 -559.054819 541.337204 0.486386 0.860105 0.153783 0.520796 -0.426707 0.739386 -0.701570 0.279537 0.655484
-21.109672 -30.884505 -1006.510033 508.355919 0.520611 0.850740 0.072155 0.562215 -0.405193 0.720925 -0.642556 0.334755 0.689246
34.742341 -66.582438 376.471123 298.254312 0.186560 0.980718 0.058210 -0.029127 -0.053703 0.998132 -0.982012 0.187907 -0.018546
35.418992 -65.448516 -292.967440 1973.189344 0.256379 0.965053 0.054247 0.121409 -0.087831 0.988709 -0.958921 0.246898 0.139684
33.731848 -59.803946 821.041189 1272.311015 0.152620 0.986399 0.061018 0.167966 -0.086732 0.981970 -0.973907 0.139620 0.178919
7.403133 -0.550927 213.229568 170.634663 0.288099 0.579828 -0.762102 -0.320569 0.808324 0.493810 0.902350 0.102040 0.418752
5.597133 -0.728791 805.314588 -1037.901800 0.128605 0.825675 -0.549292 0.405916 -0.549194 -0.730492 0.904817 0.129021 0.405783
6.655526 -2.839897 -358.471121 -965.620380 0.236416 0.765832 -0.598004 0.392394 -0.638283 -0.662285 0.888895 0.078078 0.451409
5.877986 -4.076098 -1297.230422 63.656682 0.337137 0.626516 -0.702721 -0.336759 0.777286 0.531432 0.879166 0.057482 0.473037
-10.143511 -22.257367 1157.254478 -133.220402 0.604260 0.115255 0.788407 0.390611 0.819576 -0.419188 -0.694473 0.561259 0.450217
-12.621056 -23.138735 607.849679 230.343144 0.642483 0.292339 0.708345 0.312951 0.743674 -0.590772 -0.699483 0.601238 0.386310
-10.597323 -22.869946 799.107826 -440.492085 0.628834 0.272090 0.728378 0.255323 0.812568 -0.523969 -0.734424 0.515461 0.441499
-6.697284 -21.508554 1422.052491 -499.666172 0.601928 0.110469 0.790872 0.308881 0.881087 -0.358158 -0.736393 0.459871 0.496229
-11.296518 -24.033987 55.113691 -690.067438 0.624950 0.431698 0.650441 0.135851 0.760337 -0.635163 -0.768753 0.485309 0.416526
-8.355979 -21.825140 998.454973 -793.659143 0.618581 0.257743 0.742244 0.187037 0.869208 -0.457706 -0.763135 0.421955 0.489468
3.476954 -24.161044 173.314153 -645.329474 0.321593 0.920062 -0.223748 0.758073 -0.108586 0.643067 -0.567365 0.376423 0.732395
2.856006 -25.036177 106.627132 -248.421308 0.330307 0.919658 -0.212429 0.755028 -0.122383 0.644170 -0.566418 0.373163 0.734792
2.819629 -23.259967 -450.077044 -686.430756 0.330727 0.924830 -0.187909 0.694060 -0.103445 0.712446 -0.639453 0.366045 0.676100
4.198330 -24.993537 291.742588 14.537772 0.326240 0.917262 -0.228470 0.807296 -0.144618 0.572152 -0.491773 0.371102 0.787682
4.054568 -24.837616 475.689552 194.620336 0.298749 0.920078 -0.253390 0.832760 -0.121652 0.540103 -0.466112 0.372368 0.802547
-1.156318 -21.908133 -2713.528868 334.541047 -0.859474 -0.038199 0.509751 -0.156582 0.968942 -0.191399 -0.486608 -0.244320 -0.838761
10.314286 -21.142196 -4429.799365 370.607415 -0.883779 0.040923 0.466111 -0.057447 0.979142 -0.194888 -0.464364 -0.199015 -0.862994
13.427056 -22.689801 -5655.689627 228.378877 -0.891505 0.026221 0.452250 -0.110276 0.955731 -0.272794 -0.439383 -0.293070 -0.849148
-2.946696 -24.380041 -733.219886 1560.633274 -0.082274 0.929105 -0.360548 0.368777 0.364477 0.855079 -0.925870 0.062611 0.372620
-2.828560 -24.293259 -154.098818 2454.450372 -0.074649 0.910837 -0.405960 0.346864 0.405392 0.845779 -0.934940 0.077677 0.346199
-2.140884 -24.261076 -382.589928 224.721488 -0.084399 0.914319 -0.396103 0.227417 0.404704 0.885718 -0.970133 0.015327 0.242089
-2.725095 -24.876230 64.926935 511.269073 -0.061501 0.920259 -0.386446 0.227006 0.389928 0.892426 -0.971950 0.032841 0.232885
-2.882800 -26.999461 -51.207867 -1172.117110 -0.060007 0.925052 -0.375070 0.062159 0.378480 0.923520 -0.996261 -0.032104 0.080212
-2.619206 -25.512117 -339.026810 -1043.127698 -0.070578 0.919800 -0.385987 0.108258 0.391729 0.913689 -0.991614 -0.022701 0.127223
0.556791 -40.771628 -450.029794 677.314094 -0.039364 0.928861 -0.368332 0.376643 0.355221 0.855545 -0.925522 0.105052 0.363832
1.218109 -40.988392 -753.149085 -407.218602 -0.057979 0.910868 -0.408605 0.159487 0.412488 0.896893 -0.985496 0.013166 0.169187
2.295730 -42.503904 -313.727051 130.537772 -0.028605 0.922182 -0.385696 0.272770 0.378412 0.884535 -0.961654 0.079904 0.262368
1.800677 -41.748502 -241.039499 809.097688 -0.010503 0.935824 -0.352311 0.443504 0.320139 0.837147 -0.896211 0.147459 0.418404
-20.610849 -57.544506 -225.938587 1142.293009 0.725498 0.637741 0.258726 0.421182 -0.114109 -0.899770 0.544297 -0.761751 0.351391
-17.291375 -51.568711 -609.791685 2151.188027 0.731885 0.592743 0.336155 0.401478 0.023511 -0.915567 0.550599 -0.805048 0.220766
-18.880691 -47.117308 -481.108803 3926.427661 0.714644 0.641035 0.279927 0.290158 0.092463 -0.952502 0.636469 -0.761922 0.119923
-0.026785 -72.973609 -493.327262 -1546.133155 0.734158 0.626325 0.262162 -0.223965 0.587889 -0.777320 0.640977 -0.511960 -0.571878
-1.235038 -66.288901 -480.985191 -2401.893814 0.740889 0.613852 0.272524 -0.087167 0.490218 -0.867230 0.665947 -0.618766 -0.416705
-0.269601 -65.959605 -152.848323 -2069.300128 0.728186 0.621825 0.288235 -0.080393 0.495138 -0.865087 0.680649 -0.606772 -0.410543
1.230899 -73.272873 -439.488656 -2599.315470 0.744619 0.609498 0.272129 -0.123044 0.526040 -0.841512 0.656050 -0.593123 -0.466694
5.821742 -65.745551 -127.378950 -456.614611 0.684586 0.674935 0.275328 -0.046645 0.417502 -0.907478 0.727438 -0.608404 -0.317299
4.532443 -81.278990 -110.546099 -4564.539298 0.703138 0.653424 0.280417 -0.198653 0.559186 -0.804890 0.682740 -0.510244 -0.522990
4.685150 -69.952159 -218.737917 -3185.979503 0.711485 0.647437 0.273157 -0.106108 0.483252 -0.869028 0.694644 -0.589316 -0.412524
2.077755 -16.452063 147.062733 256.353016 0.640912 0.257689 -0.723068 0.569495 0.471972 0.672991 -0.514690 0.843113 -0.155740
4.036204 -19.231915 971.508427 -183.675684 0.754866 0.343084 -0.558991 0.464438 0.322182 0.824922 -0.463114 0.882322 -0.083863
4.690296 -14.629983 742.593991 -797.057880 0.785717 0.379256 -0.488685 0.385301 0.317983 0.866274 -0.483933 0.868937 -0.103717
6.576827 -54.876924 980.094363 8124.717473 -0.619314 0.278507 -0.734088 0.742149 0.512808 -0.431559 0.256254 -0.812072 -0.524283
5.609004 -98.721702 1035.470936 14717.711755 -0.618820 0.279714 -0.734045 0.773361 0.380800 -0.506857 0.137750 -0.881335 -0.451966
12.346950 -72.258988 1678.237696 11529.512245 -0.584664 0.280296 -0.761316 0.782582 0.442225 -0.438181 0.213853 -0.851981 -0.477907
12.286440 -34.534432 1878.822936 6298.855420 -0.534349 0.320825 -0.782012 0.787691 0.524604 -0.323007 0.306618 -0.788582 -0.533033
22.849335 -28.354710 3034.710281 3965.384043 -0.452422 0.314368 -0.834558 0.827505 0.496881 -0.261429 0.332491 -0.808877 -0.484941
23.198325 -56.162039 2911.062263 9928.299691 -0.516322 0.258190 -0.816548 0.815363 0.439798 -0.376510 0.261905 -0.860183 -0.437596
-0.227614 -31.403062 208.290523 624.868016 0.270653 0.917384 -0.291809 0.088569 -0.325566 -0.941362 0.958594 -0.228937 0.169368
-0.393977 -33.115833 441.997121 1287.459314 0.256543 0.927416 -0.272187 0.192421 -0.324981 -0.925938 0.947185 -0.185168 0.261826
-1.172504 -33.869094 16.795281 1377.490062 0.278587 0.923455 -0.263855 0.133416 -0.309279 -0.941566 0.951099 -0.227106 0.209365
-0.974628 -30.990090 -65.766094 26.357579 0.280016 0.919196 -0.276893 0.058945 -0.304350 -0.950735 0.958184 -0.249900 0.139405
0.135684 -27.837204 222.710879 306.753235 0.270265 0.906514 -0.324328 -0.040113 -0.325969 -0.944529 0.961950 -0.268283 0.051735
-7.976451 -24.799462 -325.791603 143.139811 0.308025 0.889584 0.337286 0.173010 -0.400989 0.899597 -0.935515 0.218744 0.277421
-7.892301 -23.668922 18.992078 323.310205 0.353978 0.868630 0.346671 0.197850 -0.431830 0.879988 -0.914087 0.242907 0.324716
-8.008178 -24.385949 -101.052583 81.791981 0.332839 0.888359 0.316287 0.129396 -0.375264 0.917842 -0.934064 0.264567 0.239853
-7.383836 -25.012690 -215.545788 -26.664290 0.299218 0.899608 0.318079 0.068426 -0.352723 0.933223 -0.951728 0.257472 0.167097
-7.945559 -24.597951 -65.205676 -150.421905 0.337841 0.895236 0.290543 0.056517 -0.327432 0.943183 -0.939505 0.302226 0.161216
-9.454907 -48.576060 -182.619112 1.195584 0.644732 0.621141 0.445539 -0.306999 -0.323378 0.895086 -0.700052 0.713870 0.017802
-9.325301 -48.084857 197.800527 -57.997535 0.643352 0.624059 0.443451 -0.407303 -0.211450 0.888478 -0.648231 0.752223 -0.118144
-8.421197 -48.463289 184.370722 162.701800 0.626773 0.645324 0.436706 -0.307381 -0.310233 0.899596 -0.716011 0.698078 -0.003915
-7.729812 -47.780022 -260.415602 133.833578 0.605204 0.665108 0.437446 -0.172029 -0.427255 0.887614 -0.777260 0.612442 0.144159
-7.956257 -48.195978 250.298537 151.592736 0.635075 0.633466 0.442042 -0.202710 -0.415530 0.886704 -0.745378 0.652730 0.135483
10.400418 -22.823868 -250.628940 879.123193 0.037815 0.758333 -0.650770 0.847240 -0.369643 -0.381509 -0.529863 -0.536931 -0.656468
7.979763 -22.097402 -543.892050 542.914232 0.094492 0.684347 -0.723008 0.840326 -0.444236 -0.310657 -0.533783 -0.578208 -0.617051
12.213622 -19.812219 -1382.690076 2373.289284 0.065695 0.681634 -0.728738 0.904855 -0.348546 -0.244445 -0.420621 -0.643344 -0.639677
8.460491 -23.550800 -405.807781 507.606775 0.050377 0.726828 -0.684969 -0.783706 0.453902 0.424002 -0.619086 -0.515454 -0.592486
11.420476 -23.746860 597.695891 1915.709455 0.034172 0.823717 -0.565970 0.881989 -0.291189 -0.370546 -0.470029 -0.486517 -0.736460
9.071470 -24.090940 -56.040344 589.665155 0.021010 0.798495 -0.601635 -0.801309 0.373314 0.467483 -0.597881 -0.472274 -0.647685
0.312887 -39.993047 1415.833582 2019.879551 -0.362627 -0.105392 -0.925956 -0.302538 0.953085 0.010001 0.881461 0.283764 -0.377499
-2.343477 -42.839860 922.184160 2167.938260 -0.357048 -0.068135 -0.931598 -0.244272 0.969441 0.022717 0.901581 0.235674 -0.362780
3.064975 -48.344018 1412.258876 3392.742037 -0.350507 -0.125578 -0.928103 -0.217707 0.974749 -0.049670 0.910905 0.184645 -0.368996
4.673803 -46.475849 1248.673734 2712.167248 -0.336195 -0.103621 -0.936075 -0.314937 0.949079 0.008050 0.887574 0.297510 -0.351709
10.871029 -117.061849 -1511.887245 18784.958491 0.525825 -0.106650 0.843880 -0.449422 0.807484 0.382086 -0.722169 -0.580169 0.376665
1.894595 -103.102194 -1354.289813 15077.991857 0.543856 -0.204954 0.813766 -0.343214 0.830581 0.438566 -0.765784 -0.517812 0.381373
3.405823 -67.180295 -879.999412 8447.673062 0.528030 -0.132900 0.838762 -0.303269 0.893043 0.332419 -0.793229 -0.429897 0.431249
8.899574 -75.969607 -1331.807426 8957.165780 0.506434 -0.063947 0.859904 -0.385075 0.875509 0.291894 -0.771519 -0.478953 0.418763
1.845138 -118.209883 8.649558 -4702.117940 0.397728 -0.196876 0.896132 0.905162 0.243854 -0.348163 -0.149980 0.949619 0.275192
2.758587 -134.759089 209.453395 -7810.952946 0.367476 -0.222622 0.902995 0.917904 -0.069477 -0.390672 0.149709 0.972426 0.178815
1.937070 -123.446143 474.215384 -3720.127614 0.395710 -0.236422 0.887422 0.901165 0.286157 -0.325601 -0.176963 0.928557 0.326291
-2.892007 -133.114937 620.615411 11301.966497 0.318001 -0.225474 0.920889 0.925131 0.286257 -0.249378 -0.207383 0.931246 0.299623
3.451956 -157.584667 1667.757286 15026.621976 0.331263 -0.235337 0.913719 0.797950 0.586668 -0.138190 -0.503529 0.774879 0.382128
5.744627 -167.693640 2458.103107 16461.222506 0.298006 -0.280565 0.912401 0.891483 0.423502 -0.160946 -0.341248 0.861353 0.376325
-1.782541 -125.117509 1286.384786 5140.428841 0.330958 -0.252125 0.909340 0.943244 0.116489 -0.310999 -0.027518 0.960658 0.276368
-2.795762 -8.303251 136.486136 -428.034131 0.843524 0.534992 -0.047447 -0.295438 0.535958 0.790864 -0.448536 0.653095 -0.610150
-2.598411 -8.944752 -195.771084 -432.412756 0.790625 0.611631 0.028627 -0.386579 0.462362 0.797984 -0.474836 0.641973 -0.601999
-2.928114 -10.171878 18.804380 -228.067681 0.795333 0.604479 0.045288 -0.371994 0.427724 0.823816 -0.478608 0.672055 -0.565046
-3.742563 -11.078865 -113.359168 -351.685809 0.723571 0.675027 0.144165 -0.480060 0.342062 0.807797 -0.495972 0.653706 -0.571560
-3.218328 -9.318742 1.824737 -327.230857 0.810491 0.584178 0.042903 -0.362543 0.442766 0.820074 -0.460073 0.680216 -0.570647
-3.630857 -12.022385 131.065076 -386.867854 0.738538 0.658813 0.143275 -0.455446 0.330815 0.826517 -0.497122 0.675668 -0.544374
-3.404610 -12.519057 265.715097 -391.427982 0.776200 0.622044 0.102831 -0.396617 0.354957 0.846582 -0.490111 0.697902 -0.522231
-2.793730 -11.338514 29.217675 -334.142575 0.790425 0.607090 0.081671 -0.381325 0.383312 0.841227 -0.479395 0.696070 -0.534478
-1.644570 -42.564773 -266.717259 -1743.696278 -0.235655 -0.957821 0.164457 0.970139 -0.241849 -0.018420 0.057416 0.155205 0.986212
-1.846374 -40.736944 436.067161 95.057634 0.216687 0.958730 -0.184074 0.937185 -0.257087 -0.235779 0.273371 0.121421 0.954214
-1.343658 -40.406508 -187.554936 -1344.383082 -0.219337 -0.961020 0.168318 0.968298 -0.235559 -0.083137 0.119545 0.144747 0.982221
-7.895013 -59.716903 -415.412234 1896.569151 -0.642206 -0.670730 -0.371069 -0.652990 0.732244 -0.193450 0.401466 0.118069 -0.908232
-8.029010 -53.261002 411.910253 1657.766837 0.627831 0.688117 0.363761 -0.731194 0.681619 -0.027400 0.266801 0.248778 -0.931089
-6.617843 -53.575683 80.681016 1656.874151 -0.627816 -0.681790 -0.375513 -0.717417 0.694003 -0.060607 0.301928 0.231349 -0.924833
-6.819813 -59.797249 78.400447 1609.123149 -0.639120 -0.666371 -0.384025 -0.624106 0.741145 -0.247376 0.449463 0.081570 -0.889567
2.599809 -15.829096 -1975.482798 172.132858 -0.855992 0.032830 0.515946 0.069528 0.996226 0.051961 -0.512293 0.080350 -0.855044
12.146742 -15.695295 -2511.173864 192.076945 -0.839571 0.143016 0.524086 0.164256 0.986399 -0.006041 -0.517822 0.081013 -0.851644
6.616581 -16.341845 -3068.088788 349.680166 -0.862673 0.068088 0.501157 0.071753 0.997350 -0.011990 -0.500646 0.025616 -0.865273
-3.262011 -22.201274 -705.126871 -1809.145869 0.253218 -0.586346 0.769467 0.886680 -0.177422 -0.426990 0.386884 0.790392 0.474975
-2.651851 -45.957714 -242.750518 -7510.822567 0.371091 -0.628743 0.683355 0.817880 -0.127178 -0.561158 0.439732 0.767143 0.467041
-0.745884 -31.699202 249.358578 -3591.935443 0.290694 -0.610209 0.736982 0.877408 -0.137222 -0.459701 0.381644 0.780266 0.495513
-8.869618 -31.924438 -1396.660739 -2718.324543 0.173623 -0.561503 0.809054 0.880552 -0.279372 -0.382857 0.441003 0.778887 0.445927
-0.200952 -21.939537 -392.578885 325.594926 0.048092 -0.531884 0.845450 0.942908 -0.255100 -0.214122 0.329563 0.807479 0.489250
-4.403650 -18.109362 -1723.460052 438.977038 0.114125 -0.536436 0.836189 0.928482 -0.241822 -0.281856 0.353407 0.808554 0.470473
-11.290698 -36.419403 -1401.272692 -7845.714780 0.861368 -0.484339 0.153169 -0.341036 -0.327898 0.881009 0.376483 0.811110 0.447617
0.784046 -26.661204 -2282.390215 912.604707 -0.678825 -0.540411 -0.497145 -0.287094 0.818466 -0.497685 0.675851 -0.195114 -0.710743
-0.328974 -25.568549 1133.484593 1127.897685 -0.732461 -0.498905 -0.463243 -0.234963 0.823871 -0.515780 0.638978 -0.268944 -0.720678
-5.073009 -41.161991 -730.381326 6021.184075 -0.722008 -0.202711 -0.661523 0.031143 0.945627 -0.323759 0.691184 -0.254359 -0.676437
-27.149251 -44.285952 311.065749 1932.715379 0.244934 0.927662 0.281871 -0.481547 0.368731 -0.795079 0.841498 -0.059008 -0.537027
-23.600481 -42.097685 -505.961607 970.254198 0.028678 0.996925 0.072925 -0.499250 0.077489 -0.862986 0.865983 0.011660 -0.499937
-21.407275 -37.648092 -365.159605 1945.889806 -0.129472 0.991318 -0.022907 -0.581384 -0.094606 -0.808111 0.803262 0.091310 -0.588585
34.876984 -54.182953 -152.679965 -2569.426067 0.078947 0.994847 -0.063615 -0.650739 0.099773 0.752718 -0.755186 0.018028 -0.655262
27.817741 -47.463581 -2638.071811 -1668.922936 -0.051778 0.982796 -0.177290 -0.676124 0.096154 0.730487 -0.734966 -0.157694 -0.659513
36.992709 -48.431611 1409.507154 -3177.165538 0.163857 0.986454 -0.007656 -0.740687 0.128152 0.659515 -0.651562 0.102396 -0.751653
-0.797100 -58.257051 -4712.289494 -10420.575922 -0.271906 0.813733 -0.513717 0.954130 0.158449 -0.254028 -0.125313 -0.559225 -0.819490
1.473481 -30.158485 -1046.239747 -2736.858004 -0.088079 0.915030 -0.393653 0.993988 0.054931 -0.094717 -0.065045 -0.399629 -0.914366
5.306151 -12.854003 141.782140 -119.550164 0.187602 -0.412058 -0.891635 -0.165457 0.881524 -0.442198 0.968209 0.230484 0.097198
2.645610 -10.668504 -1054.025929 -33.003559 0.230003 -0.387092 -0.892893 -0.171465 0.887020 -0.428714 0.957966 0.251705 0.137645
0.149842 -9.190265 -1288.320331 -103.774312 0.253572 -0.457547 -0.852263 -0.125696 0.858003 -0.498027 0.959115 0.233412 0.160054
2.468986 -4.603450 -432.964926 -205.625568 -0.154888 0.913771 0.375542 0.257525 0.404331 -0.877609 0.953777 0.039220 0.297945
6.841624 -4.697606 -830.010245 -234.473813 -0.196849 0.859271 0.472126 0.233136 0.508760 -0.828741 0.952312 0.053067 0.300476
-5.448063 -25.153643 -1095.390008 -156.650227 0.200220 0.978116 0.056578 -0.565808 0.162578 -0.808350 0.799858 -0.129835 -0.585977
147.176246 -23.141785 -25179.553853 -76.333242 0.356719 -0.934180 0.007765 0.934196 0.356653 -0.008739 0.005395 0.010371 0.999932
107.042222 -20.427691 7390.608230 -369.796559 0.287390 -0.816644 -0.500499 0.935722 0.350961 -0.035351 0.204525 -0.458169 0.865015
104.757777 -20.018959 5673.730162 499.275629 0.345447 -0.842483 -0.413387 0.930967 0.363132 0.037899 0.118185 -0.397942 0.909766
130.866626 -23.571664 18831.161141 -301.347927 -0.375823 0.924145 0.068651 0.914845 0.381807 -0.131462 0.147701 -0.013399 0.988941
137.538248 -24.530924 25255.659199 330.927609 -0.368895 0.928401 -0.044574 0.926390 0.371151 0.063626 -0.075614 0.017822 0.996978
98.456511 -25.447866 -23089.585980 98.812727 0.350453 -0.898420 0.264620 0.926201 0.374396 0.044495 -0.139048 0.229498 0.963326
131.089395 -23.444737 -30689.405695 -385.176651 0.366643 -0.895849 0.251054 0.928620 0.368883 -0.039870 -0.056892 0.247752 0.967152
0.838713 -31.671750 275.902112 -328.357352 -0.126773 0.930547 -0.343527 -0.778884 -0.307832 -0.546423 0.614221 -0.198296 -0.763814
17.724569 -37.032293 -1602.672980 -3177.150234 -0.208931 0.925331 -0.316401 -0.624657 0.122659 0.771206 -0.752430 -0.358771 -0.552387
13.931981 -35.269582 -735.685833 -2223.620649 -0.207167 0.898813 -0.386286 -0.628216 0.180464 0.756821 -0.749951 -0.399460 -0.527262
11.707198 -42.792692 48.501634 -2847.414681 -0.209516 0.892847 -0.398656 -0.529292 0.239250 0.814008 -0.822163 -0.381553 -0.422450
-5.497958 -43.610519 -3.393119 -1002.405740 0.578905 0.770651 0.266395 -0.449897 0.574361 -0.683887 0.680045 -0.276055 -0.679214
-4.376558 -41.305392 -255.511444 -843.793540 0.593010 0.754515 0.281153 -0.294060 0.527993 -0.796713 0.749579 -0.389783 -0.534977
-11.388237 -37.903168 -7.425813 3753.070512 0.055047 0.970825 0.233386 0.888306 -0.154350 0.432538 -0.455942 -0.183508 0.870886
-10.063566 -35.372367 -338.314521 3777.688809 0.088142 0.949907 0.299847 0.908819 -0.199915 0.366172 -0.407773 -0.240232 0.880914
1.728491 -25.668672 807.855540 168.503468 0.172179 0.851204 0.495788 -0.892938 0.347391 -0.286325 0.415953 0.393409 -0.819886
7.850344 -22.135414 -535.400869 330.820775 0.335533 0.907423 0.252985 0.374172 0.118083 -0.919811 0.864531 -0.403286 0.299911
7.655227 -22.309281 -115.273513 -24.231574 0.332581 0.922936 0.193855 0.445103 0.027606 -0.895054 0.831429 -0.383963 0.401620
-2.652607 -51.994492 -64.148212 999.116249 -0.220627 0.054378 0.973841 0.157298 0.987359 -0.019496 -0.962591 0.148882 -0.226392
-2.113631 -36.575850 -130.516022 201.273827 -0.372381 0.888953 -0.266636 -0.304349 0.154443 0.939957 -0.876758 -0.431173 -0.213040
-1.337888 -38.016117 -56.837930 -638.736372 -0.371587 0.892377 -0.256097 -0.242485 0.172985 0.954608 -0.896172 -0.416820 -0.152109
0.936190 -88.866373 241.471202 -226.007571 0.426370 0.842727 0.328665 0.181789 -0.435766 0.881511 -0.886093 0.316102 0.338996
2.034340 -85.862015 -98.644358 337.092688 0.414176 0.838845 0.353267 0.393928 -0.515090 0.761251 -0.820536 0.176131 0.543782
0.945591 -84.182503 -1.101981 -1520.179638 0.418197 0.838556 0.349192 0.162371 -0.447240 0.879552 -0.893727 0.311127 0.323192
0.686277 -87.247754 69.413181 -1021.252672 0.426796 0.852460 0.301923 -0.047226 -0.312392 0.948779 -0.903114 0.419194 0.093070
4.236784 -71.428378 -33.965652 632.265806 0.264386 -0.003463 -0.964411 0.911184 -0.326739 0.250968 -0.315980 -0.945108 -0.083230
1.683962 -77.468539 -359.184886 -4246.864891 0.220359 -0.009239 -0.975375 0.964849 -0.144744 0.219352 -0.143206 -0.989426 -0.022982
3.792640 -72.897313 -306.316208 -2312.217284 0.271488 -0.009000 -0.962400 0.944631 -0.188991 0.268243 -0.184299 -0.981938 -0.042807
3.097987 -71.922637 369.512592 -3128.395930 0.224541 0.010301 -0.974410 0.920881 -0.329260 0.208726 -0.318684 -0.944183 -0.083419
3.680822 -71.481712 -103.646389 1349.268067 0.276562 0.009020 -0.960954 0.902087 -0.347157 0.256361 -0.331290 -0.937764 -0.104147
4.335300 -76.772066 -88.072725 4308.353034 0.249062 0.009224 -0.968443 0.839313 -0.500997 0.211081 -0.483240 -0.865400 -0.132522
5.198238 -70.164524 598.553911 2884.907931 0.254662 0.012571 -0.966948 0.867821 -0.444134 0.222781 -0.426654 -0.895872 -0.124013
-5.104538 -73.415397 44.927962 -1081.419414 -0.114486 -0.002439 0.993422 0.353636 0.934392 0.043048 -0.928351 0.356238 -0.106112
-5.343997 -70.060773 -54.119396 -1460.825496 -0.127480 -0.020872 0.991622 0.093833 0.995041 0.033007 -0.987393 0.097254 -0.124889
-5.212620 -70.429498 79.929242 -733.445152 -0.100167 -0.008817 0.994932 0.289617 0.956402 0.037633 -0.951887 0.291919 -0.093246
-3.033663 -26.221786 -118.926213 895.300950 -0.546231 -0.797772 -0.255326 0.606747 -0.166688 -0.777221 0.577486 -0.579460 0.575097
-6.402463 -25.842070 979.466214 348.347481 -0.571787 -0.788080 -0.228011 0.631312 -0.245172 -0.735756 0.523932 -0.564642 0.637710
-4.230408 -27.760762 -201.295510 -95.294786 -0.517088 -0.804954 -0.290978 0.696500 -0.198116 -0.689665 0.497501 -0.559284 0.663094
-9.528714 -1244.282216 827.267985 -6099.029345 -0.175946 0.264306 0.948254 0.902127 -0.342222 0.262775 0.393967 0.901680 -0.178225
-86.625427 -1297.229798 -17952.285550 -23624.416694 0.175159 -0.137501 -0.974891 -0.430826 0.879657 -0.201475 0.885273 0.455299 0.094840
-31.334749 -3097.093210 6206.304206 427684.288601 -0.295008 0.215320 0.930918 0.824840 0.549166 0.134371 -0.482295 0.807499 -0.339613
47.638459 -1245.937242 11607.669257 -106916.989732 -0.406286 0.222168 0.886326 0.579268 0.812792 0.061796 -0.706669 0.538527 -0.458920
0.509687 -715.070516 1866.269965 -178544.760231 -0.265650 0.173041 0.948413 0.961632 0.117471 0.247920 -0.068511 0.977884 -0.197608
-2.614996 -1579.928202 2835.505189 -27814.021833 0.274014 -0.201613 -0.940355 -0.553800 0.766317 -0.325673 0.786270 0.610008 0.098329
