17166
34323
-33.983420 -52.011957 1021.413967 -3281.006113 0.241509 0.617114 0.748895 0.800034 -0.563389 0.206250 0.549199 0.549330 -0.629775
-33.200303 -53.556994 -836.381203 -7783.458294 0.546608 0.452344 0.704702 0.703977 -0.703950 -0.094185 0.453471 0.547576 -0.703224
-29.902878 -43.748865 1514.157955 -3159.517905 0.048886 0.716122 0.696261 0.886768 -0.351902 0.299679 0.459622 0.602772 -0.652237
-26.453856 -37.025371 829.330360 -4119.706415 0.099541 0.733755 0.672083 0.930208 -0.308428 0.198959 0.353276 0.605372 -0.713246
-29.411706 -48.581387 513.701566 -2702.868464 -0.050771 0.708261 0.704123 0.828229 -0.364117 0.425976 0.558085 0.604802 -0.568116
-23.876494 -38.307764 132.090543 -2162.688028 -0.239703 0.758422 0.606085 0.871587 -0.106878 0.478449 0.427643 0.642941 -0.635412
11.205783 -72.834275 -1459.767374 -3827.251171 0.554458 0.782074 0.284493 0.659545 -0.204469 -0.723321 -0.507521 0.588687 -0.629183
18.941827 -71.377052 -2905.400920 3202.624614 0.612218 0.749643 0.251445 -0.575639 0.204560 0.791704 -0.542059 0.629437 -0.556759
15.585438 -67.781320 -1693.557649 5593.661307 0.522055 0.793913 0.311705 -0.563008 0.046247 0.825157 -0.640688 0.606270 -0.471123
16.629235 -55.183780 -684.962815 5233.412350 0.432389 0.813872 0.388139 -0.525398 -0.122424 0.842003 -0.732800 0.568001 -0.374672
10.969348 -64.902409 -879.251236 6934.801688 0.447017 0.822738 0.351110 -0.613754 -0.003451 0.789490 -0.650755 0.568410 -0.503416
9.500610 -68.675539 -1203.399950 -2127.758039 0.513433 0.805718 0.295306 0.697653 -0.191546 -0.690355 -0.499667 0.560472 -0.660457
-37.398149 -52.363540 -767.282417 -1707.367549 0.636206 0.359496 0.682646 0.114682 0.830912 -0.544456 -0.762948 0.424674 0.487403
-37.850975 -50.127634 -891.488195 -2147.895267 0.678628 0.300504 0.670195 0.059777 0.886848 -0.458177 -0.732046 0.350994 0.583877
-40.388008 -52.685815 -488.098463 -58.515661 0.727030 0.233160 0.645804 0.205838 0.823299 -0.528970 -0.655025 0.517509 0.550570
-34.953095 -47.930722 -1983.146354 -2747.272586 0.577067 0.453311 0.679340 -0.068553 0.855765 -0.512803 -0.813815 0.249351 0.524910
-34.763983 -53.643171 -1162.121335 -3465.930149 0.534325 0.508516 0.675209 0.002127 0.797989 -0.602668 -0.845276 0.323457 0.425304
31.303959 -23.568046 7337.425797 -56.528397 0.325890 0.918983 0.221960 0.941823 -0.295154 -0.160792 -0.082253 0.261447 -0.961707
29.217499 -20.913563 7916.894062 48.295797 0.252470 0.935570 0.246916 0.967571 -0.241959 -0.072545 -0.008128 0.257225 -0.966317
12.274548 -20.304872 3972.250077 939.612613 0.281227 0.928464 0.242624 0.957358 -0.254014 -0.137631 -0.066155 0.270984 -0.960308
44.726924 -25.175093 6596.230761 -747.646784 0.297780 0.945948 0.128490 0.953695 -0.288809 -0.084000 -0.042350 0.147554 -0.988147
12.940397 -23.636548 3995.715268 1067.966680 0.307867 0.920435 0.240870 0.942978 -0.261523 -0.205907 -0.126531 0.290527 -0.948464
42.262861 -25.784058 3718.559763 709.922853 0.363528 0.930988 0.033305 -0.921220 0.353936 0.161505 -0.138571 0.089392 -0.986310
38.563537 -24.158771 6907.681157 557.335232 0.372896 0.915867 0.148786 0.918344 -0.341368 -0.200282 -0.132641 0.211321 -0.968375
25.782364 -24.558476 6275.186811 1125.150166 0.343708 0.912293 0.222681 0.930477 -0.298830 -0.211926 -0.126795 0.280040 -0.951578
-10.339353 -33.863095 -319.840503 -185.769273 0.273097 0.961319 0.035835 0.591213 -0.197108 0.782058 -0.758871 0.192391 0.622174
-12.329298 -33.760043 -665.495972 -20.602495 0.292057 0.956374 0.007195 0.615585 -0.193734 0.763886 -0.731955 0.218669 0.645311
-10.692452 -32.712699 -283.049725 -493.208571 0.274374 0.961460 -0.017731 0.520418 -0.132958 0.843497 -0.808631 0.240661 0.536841
-10.660913 -33.322034 -809.826847 575.348966 0.295647 0.953984 0.050076 0.679966 -0.246967 0.690401 -0.670998 0.170065 0.721692
-9.613126 -33.032462 -374.348592 -698.259546 0.256122 0.966186 0.029772 0.502849 -0.159476 0.849535 -0.825557 0.202614 0.526691
-8.995214 -33.515251 -262.785419 -565.133759 0.248052 0.966743 0.062269 0.552097 -0.193892 0.810922 -0.796027 0.166773 0.581832
-9.261582 -33.920093 -196.371416 307.147882 0.264620 0.963026 0.050563 0.668441 -0.220962 0.710185 -0.695099 0.154131 0.702198
-11.932398 -16.754318 470.636134 1295.698314 0.215358 0.971801 0.096041 0.554686 -0.202676 0.806998 -0.803707 0.120521 0.582692
-10.983727 -13.626873 1309.330145 -292.484294 0.575420 0.521165 0.630301 -0.275781 0.849180 -0.450376 -0.769959 0.085331 0.632362
-9.669337 -12.241960 1234.179190 -177.883172 0.583759 0.543082 0.603562 -0.266925 0.830418 -0.489038 -0.766796 0.124374 0.629726
-6.506079 -10.634653 1452.225472 314.634133 0.633307 0.441241 0.635790 -0.177044 0.882357 -0.436007 -0.753377 0.163564 0.636922
-8.828670 -12.154565 948.559277 1273.017540 0.416844 0.866723 0.273919 0.490214 -0.468124 0.735221 -0.765461 0.172193 0.620015
-10.700256 -15.420271 191.975026 1207.890028 0.223151 0.973014 0.058708 0.556007 -0.176521 0.812217 -0.800662 0.148605 0.580393
-3.632795 -31.281222 -485.144669 3633.916722 -0.278024 0.918756 0.280337 0.946692 0.311514 -0.082053 -0.162716 0.242580 -0.956388
-2.901594 -31.612850 -31.781682 3599.787776 -0.312190 0.907044 0.282506 0.933396 0.348238 -0.086619 -0.176947 0.236648 -0.955347
-3.595849 -31.068796 -362.956578 -1980.117715 -0.276260 0.919283 0.280357 -0.925222 -0.333327 0.181268 -0.260087 0.209315 -0.942625
4.156264 -32.032886 -329.183599 -1344.171773 -0.346959 0.850005 0.396372 0.210929 -0.341078 0.916065 -0.913853 -0.401443 0.060951
4.186538 -32.215104 -80.044392 -196.773669 -0.335514 0.865209 0.372617 0.276275 -0.287779 0.916982 -0.900612 -0.410605 0.142482
4.995721 -31.496120 -614.954612 96.546999 -0.351294 0.842105 0.409210 0.336596 -0.294252 0.894494 -0.873668 -0.451969 0.180080
4.377950 -32.718958 141.549748 138.708268 -0.323882 0.859633 0.395135 0.396290 -0.255978 0.881720 -0.859101 -0.442161 0.257757
5.139765 -33.395608 -523.159351 695.960464 -0.346298 0.847582 0.402099 0.430115 -0.237468 0.870982 -0.833714 -0.474568 0.282323
5.257629 -32.085852 -19.524302 1319.566204 -0.344031 0.842357 0.414823 0.402546 -0.266813 0.875652 -0.848292 -0.468237 0.247295
8.355234 -49.231683 -470.367863 1963.160678 -0.288574 0.867302 0.405602 -0.353457 -0.490201 0.796725 -0.889828 -0.086551 -0.448013
7.508473 -52.073086 -376.803472 988.097974 -0.270160 0.880507 0.389514 -0.476143 -0.473806 0.740807 -0.836840 -0.014672 -0.547250
12.360464 -50.402130 -1475.774703 1951.120873 -0.274242 0.883297 0.380233 -0.349942 -0.459947 0.816081 -0.895730 -0.090744 -0.435240
-7.418738 -62.368328 675.531753 -3139.791230 0.461308 0.873248 0.156948 -0.633651 0.200443 0.747201 -0.621032 0.444140 -0.645801
-6.749433 -54.897038 740.292282 -2234.444577 0.436954 0.881219 0.180346 -0.751650 0.247597 0.611324 -0.494058 0.402678 -0.770557
-7.427896 -57.640573 916.301723 -2536.264488 0.434398 0.885641 0.164129 -0.686445 0.207536 0.696938 -0.583175 0.415414 -0.698097
-8.089813 -62.540860 1092.006857 -1848.180283 0.446802 0.881179 0.154567 -0.557508 0.139124 0.818431 -0.699681 0.451849 -0.553425
-2.912342 -36.487435 112.116146 1591.473590 0.030143 0.917837 0.395811 0.504316 0.327928 -0.798830 0.862993 -0.223693 0.452995
-2.392079 -35.479112 45.854629 170.776266 0.023943 0.912767 0.407778 0.398555 0.365363 -0.841228 0.916832 -0.182663 0.355040
-2.378021 -34.484011 80.232584 1352.565227 0.016807 0.915936 0.400971 0.465624 0.347719 -0.813809 0.884823 -0.200380 0.420638
-2.151220 -37.818665 144.874682 1799.066328 0.016517 0.916817 0.398966 0.552371 0.324236 -0.767956 0.833434 -0.233061 0.501068
-9.385049 -26.421649 1142.265588 1147.979179 -0.826687 -0.248715 0.504708 -0.020527 0.909733 0.414685 -0.562288 0.332455 -0.757170
-11.333629 -31.005492 1685.072270 893.213091 -0.836126 -0.267787 0.478731 -0.091603 0.928650 0.359469 -0.540835 0.256709 -0.800999
-7.136523 -27.875515 633.541906 929.869171 -0.813738 -0.362751 0.454139 -0.165456 0.893582 0.417295 -0.557184 0.264429 -0.787161
-7.515686 -24.638916 59.364784 1280.678891 -0.814972 -0.319032 0.483777 -0.077633 0.887397 0.454423 -0.574277 0.332785 -0.747970
-7.152726 -25.674289 -532.037580 904.239389 -0.796423 -0.420777 0.434347 -0.210937 0.866419 0.452574 -0.566760 0.268820 -0.778794
-5.130753 -27.071525 -268.657098 288.753203 -0.760032 -0.518626 0.391637 -0.355779 0.836340 0.417080 -0.543850 0.177658 -0.820161
-10.955260 -29.130933 -1657.869512 160.060932 -0.108786 0.856428 0.504675 -0.080836 0.498386 -0.863179 0.990773 0.134698 -0.015012
-11.967516 -29.421646 -1698.438782 665.276852 -0.119112 0.856829 0.501654 -0.003200 0.504917 -0.863162 0.992876 0.104418 0.057399
-8.631297 -29.628949 -1514.741443 726.579930 -0.095186 0.847092 0.522853 0.002222 0.525418 -0.850842 0.995457 0.079826 0.051895
-7.397565 -29.221603 -1279.427044 278.229486 -0.088740 0.864870 0.494090 -0.093307 0.486648 -0.868601 0.991675 0.123182 -0.037513
-10.072390 -30.553438 -1685.341264 -1047.130076 -0.101767 0.863529 0.493924 -0.144788 0.478358 -0.866147 0.984215 0.159660 -0.076348
-5.741880 -35.243752 398.875181 -291.390656 -0.055580 0.868107 0.493255 -0.109567 0.485732 -0.867214 0.992424 0.102244 -0.068119
-5.021337 -34.387677 671.112342 -605.908966 -0.071673 0.879557 0.470364 -0.196324 0.449911 -0.871227 0.977916 0.154787 -0.140432
-4.740966 -34.056004 709.409019 -286.707987 -0.080772 0.875661 0.476124 -0.138228 0.463228 -0.875393 0.987101 0.136521 -0.083625
-4.010920 -32.695857 495.754614 760.279767 -0.081815 0.858093 0.506934 -0.103727 0.498546 -0.860635 0.991235 0.122996 -0.048219
-5.249580 -33.609442 169.109017 1019.728216 -0.052313 0.846585 0.529677 -0.068856 0.526083 -0.847641 0.996254 0.080814 -0.030771
-3.916673 -32.735766 118.674962 -754.743496 -0.088508 0.883142 0.460681 -0.162498 0.443498 -0.881422 0.982731 0.152872 -0.104256
3.831549 -81.299893 -268.472449 1603.115504 -0.090042 0.518648 -0.850233 0.006487 0.853988 0.520252 0.995917 0.041329 -0.080259
3.940859 -82.216668 155.263837 379.341433 -0.087803 0.542017 -0.835768 -0.015745 0.838149 0.545215 0.996013 0.061031 -0.065058
4.787114 -82.882510 -118.765384 834.486282 -0.080775 0.521924 -0.849159 -0.181471 0.830003 0.527412 0.980073 0.196699 0.027671
2.817779 -80.368052 218.415497 -1025.402814 -0.098059 0.538737 -0.836748 0.211464 0.832879 0.511464 0.972454 -0.126789 -0.195595
3.604888 -81.109897 -604.788577 127.448831 -0.107040 0.523335 -0.845377 0.270862 0.833451 0.481656 0.956648 -0.177424 -0.230964
15.380902 -31.035477 592.865588 2137.837480 0.037788 0.813163 0.580808 0.943654 -0.220263 0.246986 0.328770 0.538749 -0.775667
14.045318 -33.298484 1718.948763 1244.094842 0.085545 0.804857 0.587271 0.968226 -0.206175 0.141526 0.234988 0.556505 -0.796921
18.087327 -27.917803 -170.979337 2295.470256 0.184197 0.805794 0.562820 0.915747 -0.348701 0.199537 0.357042 0.478647 -0.802133
20.999121 -22.285758 -1547.000654 1957.291202 0.274680 0.797210 0.537594 0.873418 -0.440680 0.207227 0.402110 0.412623 -0.817343
19.467459 -25.077998 1156.723339 1804.634560 0.110850 0.793742 0.598069 0.901499 -0.333618 0.275680 0.418345 0.508599 -0.752539
14.717184 -25.357192 -2006.279777 2019.376942 0.280621 0.806226 0.520818 0.899191 -0.410621 0.151150 0.335720 0.425899 -0.840180
-6.917807 -125.535136 1096.145889 -12245.849752 0.062908 0.593740 -0.802194 -0.620972 0.652534 0.434273 0.781304 0.470821 0.409746
-5.375830 -145.731783 -454.266367 12688.731659 -0.062374 -0.594031 0.802020 0.822819 -0.485413 -0.295539 0.564871 0.641483 0.519057
-8.009334 -146.056668 -977.041586 13262.288235 -0.075210 -0.603672 0.793677 0.816318 -0.494387 -0.298676 0.572686 0.625429 0.529971
-10.256623 -166.523370 -1552.292924 6345.096902 -0.079792 -0.599161 0.796643 0.951624 -0.283684 -0.118046 0.296723 0.748685 0.592812
-10.935485 -154.795424 1008.379221 21376.907113 0.109894 0.618146 -0.778344 0.733038 -0.579255 -0.356537 0.671251 0.531374 0.516781
-8.938338 -119.192034 713.716283 -14269.175099 0.106441 0.598836 -0.793767 -0.640790 0.651731 0.405753 0.760302 0.465449 0.453099
2.188998 -73.342589 -941.551778 -510.911182 -0.075152 -0.655724 0.751251 0.393052 0.672908 0.626662 -0.916440 0.342376 0.207163
-0.119595 -71.067589 -584.213579 2777.139637 -0.072777 -0.648875 0.757407 0.265645 0.719376 0.641819 -0.961320 0.247911 0.120017
0.871993 -70.037503 -652.527031 -1312.909071 -0.066058 -0.642311 0.763592 0.440273 0.667978 0.599971 -0.895431 0.375822 0.238667
-9.057167 -29.157436 -348.466052 335.465859 0.075809 0.848952 0.523004 0.979222 0.035556 -0.199652 -0.188091 0.527273 -0.828617
-10.969210 -29.856066 -320.795572 374.210048 0.071267 0.840130 0.537682 0.959739 0.089078 -0.266395 -0.271702 0.535020 -0.799957
-9.985818 -28.169064 -113.747885 313.570763 0.159020 0.833370 0.529346 0.973385 -0.042718 -0.225160 -0.165029 0.551062 -0.817983
-8.536510 -26.521668 -147.302546 356.628971 0.220081 0.824881 0.520706 0.972258 -0.142130 -0.185776 -0.079236 0.547147 -0.833278
-8.160263 -27.302467 9.654217 421.089147 0.149752 0.841540 0.519023 0.984377 -0.077728 -0.157990 -0.092612 0.534574 -0.840032
-9.794214 -27.240343 -88.138629 235.524706 0.256169 0.808019 0.530550 0.956567 -0.132908 -0.259449 -0.139125 0.573970 -0.806971
-32.113373 -108.945473 -15788.619301 41254.860796 -0.178835 0.691064 -0.700320 0.947923 0.311691 0.065509 0.263554 -0.652134 -0.710816
5.750213 -107.472818 -1039.742191 46860.477410 -0.217629 0.718533 -0.660566 0.940201 0.336027 0.055757 0.262031 -0.608930 -0.748694
-13.267461 -493.438649 -18312.073489 133108.690902 -0.369321 0.654134 -0.660084 0.907666 0.406291 -0.105216 0.199361 -0.637994 -0.743787
-42.823978 -382.105460 -7549.630091 97539.963725 0.055434 0.756402 -0.651754 0.983964 0.069450 0.164290 0.169534 -0.650410 -0.740422
-27.109049 -389.867894 -570.291342 122555.511801 0.112326 0.788815 -0.604280 0.972121 0.038730 0.231260 0.205825 -0.613409 -0.762473
-11.710571 -47.737721 -868.188192 -25115.302208 0.716991 0.580022 -0.386651 -0.677356 0.448686 -0.582983 0.164658 -0.679894 -0.714585
230.384160 -7401.117353 20600.520795 -3621324.908973 0.360234 -0.575545 0.734152 -0.370915 0.633736 0.678823 -0.855952 -0.516843 0.014815
-17.018150 -530.759183 6918.881987 154378.979960 -0.229648 0.724152 -0.650281 0.967578 0.242043 -0.072164 0.105138 -0.645770 -0.756259
-5.404881 -2888.851323 3079.827913 910724.455902 0.135287 -0.663329 0.735998 -0.258555 0.693454 0.672511 -0.956476 -0.281278 -0.077691
-11.060289 -22.929786 1544.565789 -1659.616206 -0.367659 0.602607 0.708302 0.790110 0.604106 -0.103836 -0.490462 0.521460 -0.698231
-14.713724 -23.794434 1409.181621 -424.768438 -0.637896 0.350386 0.685798 0.574974 0.809111 0.121424 -0.512341 0.471772 -0.717592
-11.841983 -19.589444 936.867854 506.747412 -0.727276 0.160016 0.667432 0.418438 0.874192 0.246371 -0.544040 0.458458 -0.702735
-15.904061 -28.900010 1641.804660 -1662.762198 -0.452415 0.574462 0.682140 0.767854 0.639938 -0.029658 -0.453564 0.510366 -0.730620
-8.901315 -16.194771 1007.574035 -851.407647 -0.479138 0.488281 0.729389 0.692448 0.720934 -0.027749 -0.539391 0.491769 -0.683536
-4.533594 -19.586195 1840.562898 -1742.905976 -0.232377 0.676849 0.698481 0.834715 0.507404 -0.213989 -0.499251 0.533307 -0.682886
-10.568173 -30.926788 1938.101486 -2202.927783 -0.257365 0.680925 0.685642 0.875186 0.465049 -0.133336 -0.409649 0.565749 -0.715623
-4.108035 -26.878991 2001.940137 -2199.594901 -0.181045 0.704899 0.685813 0.882513 0.424202 -0.203036 -0.434043 0.568480 -0.698882
-4.251218 -22.215820 916.690602 733.694105 0.465671 0.708383 0.530418 0.881993 -0.420531 -0.212703 0.072382 0.566874 -0.820618
0.172123 -21.363556 1365.623704 842.927393 0.460914 0.703399 0.541099 0.883775 -0.419212 -0.207855 0.080631 0.574013 -0.814867
-1.600885 -18.946822 1079.068674 773.109389 0.499094 0.685188 0.530492 0.855643 -0.486486 -0.176651 0.137038 0.542077 -0.829079
-0.697871 -15.826556 740.037356 679.283477 0.530866 0.668851 0.520403 0.828239 -0.539513 -0.151480 0.179447 0.511433 -0.840378
-2.264010 -16.803655 819.488757 541.036215 0.582392 0.630394 0.513248 0.789042 -0.590239 -0.170383 0.195530 0.504204 -0.841158
-3.430108 -19.492370 591.406295 677.651184 0.491260 0.696869 0.522530 0.859494 -0.485085 -0.161128 0.141186 0.528267 -0.837258
0.299696 -32.043692 -315.716843 -2587.716942 0.655703 -0.578257 0.485461 0.443387 0.815343 0.372322 -0.611115 -0.028886 0.791015
0.164094 -32.140906 -364.461237 -5446.178300 0.595972 -0.666645 0.447663 0.437091 0.736974 0.515579 -0.673624 -0.111602 0.730600
-3.071593 -23.764729 -877.466847 -3563.980593 0.620489 -0.619883 0.480353 0.392729 0.775804 0.493854 -0.678792 -0.117783 0.724824
-5.993520 -14.385955 770.017613 -1147.644835 -0.534448 0.766883 -0.355325 0.498204 0.625442 0.600512 -0.682757 -0.143918 0.716331
-6.172673 -21.209255 -686.716731 -3097.315485 0.670861 -0.543734 0.504281 0.339548 0.829755 0.442960 -0.659282 -0.125937 0.741274
-2.393771 -29.160731 -778.899926 -2995.303230 0.698399 -0.472471 0.537597 0.346675 0.880460 0.323429 -0.626144 -0.039511 0.778706
-1.677089 -5.859047 -523.721048 617.828923 0.457870 0.844572 0.277584 0.458337 -0.491797 0.740313 -0.761762 0.211740 0.612278
-0.936522 -7.000962 -139.679149 799.195600 0.480527 0.819226 0.312988 0.427414 -0.530409 0.732109 -0.765775 0.218023 0.605025
-1.240910 -4.971779 -209.674733 302.722867 0.507129 0.783752 0.358543 0.407342 -0.584568 0.701678 -0.759535 0.209792 0.615707
-2.876404 -4.585979 -467.876140 205.008358 0.399923 0.897060 0.188002 0.518792 -0.390652 0.760425 -0.755590 0.206577 0.621618
2.682241 -36.701585 -329.024522 -875.078316 -0.297789 0.907661 0.295760 -0.468626 -0.408908 0.783060 -0.831692 -0.094586 -0.547122
2.757201 -37.769156 -710.010055 473.467348 -0.322908 0.896213 0.304192 -0.317701 -0.405403 0.857155 -0.891514 -0.180140 -0.415635
1.167943 -36.541247 -635.067939 -447.830725 -0.316023 0.900786 0.297850 -0.421618 -0.414574 0.806453 -0.849922 -0.129279 -0.510802
0.962828 -35.657774 -480.338257 -896.066144 -0.303776 0.907977 0.288614 -0.556025 -0.414946 0.720178 -0.773664 -0.058296 -0.630909
2.454646 -35.756397 -607.821587 -840.672948 -0.300975 0.909913 0.285432 -0.583106 -0.412434 0.699918 -0.754587 -0.044220 -0.654709
-2.966906 -60.710929 -673.956853 693.833383 0.222867 0.973644 0.048447 -0.886340 0.181692 0.425899 -0.405871 0.137859 -0.903473
-2.594490 -61.182977 -239.275790 -643.409321 0.195200 0.978443 0.067419 -0.826118 0.126983 0.549003 -0.528608 0.162862 -0.833097
-3.280405 -62.047087 -629.879836 -1275.692026 0.198726 0.977906 0.064866 -0.800394 0.123745 0.586563 -0.565577 0.168484 -0.807302
-2.357404 -62.289525 106.813744 1366.760317 0.229195 0.971855 0.054475 -0.905976 0.192526 0.377017 -0.355918 0.135763 -0.924603
-2.342455 -64.775877 -247.941740 1962.786004 0.262376 0.963811 0.047199 -0.941094 0.244767 0.233305 -0.213309 0.105633 -0.971257
-0.589355 -11.665253 235.935475 319.574739 0.655086 -0.002552 0.755550 0.062058 0.996797 -0.050439 -0.753001 0.079930 0.653147
-0.936173 -10.184645 -200.013857 367.710377 0.650649 -0.018814 0.759145 0.092467 0.994217 -0.054613 -0.753728 0.105730 0.648626
-1.207051 -9.889001 43.332533 313.405304 0.659676 0.085476 0.746673 0.039236 0.988240 -0.147794 -0.750525 0.126792 0.648565
19.306759 -64.483404 -1396.665399 -357.264779 0.075832 0.925083 0.372117 0.943483 0.054181 -0.326963 -0.322629 0.375880 -0.868691
23.605752 -58.584904 914.036938 -3179.088524 0.017564 0.847052 0.531219 0.948299 0.154278 -0.277357 -0.316891 0.508626 -0.800549
14.924811 -49.134092 -751.575080 2366.911916 0.085703 0.902892 0.421238 -0.866655 -0.141008 0.478567 -0.491492 0.406083 -0.770411
8.297209 -39.784915 203.216161 2700.205472 0.191443 0.914481 0.356474 -0.766404 -0.087614 0.636356 -0.613168 0.395029 -0.684088
9.375588 -51.607638 -2961.965215 2423.052115 0.172956 0.950443 0.258348 -0.759078 -0.038511 0.649860 -0.627604 0.308504 -0.714799
11.798629 -62.116873 -1549.597994 -771.549796 0.189299 0.945695 0.264248 -0.829768 0.010172 0.558016 -0.525025 0.324896 -0.786633
25.618360 -82.555607 -445.529257 -5968.838985 0.011338 0.897161 0.441557 0.989941 0.052207 -0.131495 -0.141024 0.438607 -0.887545
25.216286 -69.843636 2082.683720 -3697.224958 0.002078 0.813469 0.581605 0.989857 0.080945 -0.116752 -0.142052 0.575948 -0.805050
-31.798125 -41.813057 -785.885647 608.967919 0.687791 -0.041532 -0.724720 0.092630 0.995222 0.030876 0.719975 -0.088367 0.688351
-32.039525 -41.613063 -541.970839 546.760160 0.742608 0.096983 -0.662667 -0.009179 0.990840 0.134726 0.669663 -0.093966 0.736696
-30.757846 -41.301435 -199.019802 410.818463 0.718221 0.028405 -0.695235 0.128276 0.976636 0.172419 0.683889 -0.213017 0.697796
47.099310 -94.203830 -24968.527630 -11941.725821 0.987642 0.078131 -0.135860 -0.154202 0.329571 -0.931453 0.028000 -0.940892 -0.337547
-33.796340 -108.045767 -26256.758080 -5784.091769 0.988085 0.025119 -0.151843 -0.139522 0.562662 -0.814828 -0.064969 -0.826305 -0.559463
-56.601132 -91.799402 -26708.528192 -12127.009632 0.999258 0.012013 -0.036598 -0.038513 0.294083 -0.955004 0.000710 -0.955704 -0.294328
19.087023 -15.218493 4932.003956 912.428369 0.240588 0.919137 0.311937 0.048050 0.309705 -0.949618 0.969437 -0.243455 -0.030347
8.462705 -11.495520 1796.147712 698.211536 0.243425 0.906163 0.345852 0.034165 0.348346 -0.936743 0.969318 -0.239842 -0.053837
26.781998 -13.967772 6886.013002 -168.950297 0.238087 0.904891 0.352828 0.025236 0.357388 -0.933615 0.970916 -0.231186 -0.062253
43.385790 -17.187678 9748.157320 739.704911 0.282975 0.922612 0.262129 0.018386 0.268032 -0.963235 0.958951 -0.277391 -0.058884
32.663643 -19.278176 6582.114626 1059.416226 0.276033 0.931659 0.236256 0.076892 0.223613 -0.971640 0.958068 -0.286371 0.009913
13.927229 -16.916432 3069.284666 1229.341387 0.247685 0.935098 0.253464 0.077421 0.241676 -0.967264 0.965742 -0.259201 0.012537
-10.053773 -32.947436 -536.914301 -408.390479 0.403960 -0.834771 0.374131 0.902623 0.430179 -0.014762 -0.148620 0.343662 0.927258
-8.903093 -31.458386 467.617510 -1111.787862 0.354331 -0.877918 0.322040 0.916781 0.394002 0.065385 -0.184287 0.272072 0.944465
-9.667646 -36.422175 -334.772496 -905.830612 0.378733 -0.857715 0.347686 0.923872 0.372684 -0.086988 -0.054966 0.354163 0.933567
-9.297918 -32.450621 651.768678 -973.198434 0.315879 -0.905337 0.283877 0.940671 0.337906 0.030931 -0.123927 0.257264 0.958362
-8.390874 -35.869108 -962.973571 -426.013666 0.372074 -0.837795 0.399575 0.925969 0.364871 -0.097209 -0.064352 0.406163 0.911532
-10.516738 -46.379140 -909.233879 -2555.219021 0.435924 -0.834846 0.336158 0.896813 0.371623 -0.240049 0.075480 0.406114 0.910700
-8.387547 -43.929934 -1034.847941 -2270.080649 0.400477 -0.834600 0.378234 0.915671 0.349144 -0.199108 0.034117 0.426077 0.904044
-4.780436 -32.852460 -680.190480 -623.154491 0.393003 -0.531568 -0.750323 0.571146 0.780605 -0.253867 0.720653 -0.328773 0.610382
-4.482355 -32.151266 -113.350268 -691.060643 0.363959 -0.558720 -0.745229 0.565095 0.768482 -0.300170 0.740406 -0.311876 0.595426
-5.101143 -36.654936 -234.550225 1248.053994 0.375349 -0.540769 -0.752783 0.606635 0.757381 -0.241595 0.700790 -0.365982 0.612331
-4.973374 -38.289001 -417.142721 1661.119958 0.374696 -0.534132 -0.757830 0.625188 0.749148 -0.218899 0.684648 -0.391765 0.614636
-8.931227 -34.430189 -939.185408 -203.347588 -0.435033 0.766070 0.473163 0.899753 0.389992 0.195833 -0.034508 0.510923 -0.858933
-9.249577 -35.217906 -1047.647866 119.826237 -0.467813 0.752908 0.462905 0.880770 0.353612 0.314964 0.073450 0.555058 -0.828563
-7.022831 -34.471142 -499.781360 15.790575 -0.446075 0.771350 0.453913 0.893128 0.350895 0.281417 0.057796 0.530935 -0.845439
-12.957655 -35.492897 -1503.902508 -93.290902 -0.448592 0.740706 0.500121 0.893597 0.381633 0.236308 -0.015828 0.552912 -0.833089
-6.458910 -32.930471 -355.427899 -118.146296 -0.423874 0.777508 0.464556 0.903505 0.398838 0.156864 -0.063320 0.486219 -0.871540
-8.330574 -33.411846 -686.711902 -491.792862 -0.398738 0.781242 0.480280 0.904934 0.420089 0.067961 -0.148666 0.461721 -0.874478
-11.851488 -34.779972 -1361.016161 -583.087163 -0.417243 0.757489 0.502114 0.899527 0.422935 0.109443 -0.129460 0.497329 -0.857849
6.991366 -37.386289 -667.939834 -397.818892 0.312466 -0.600835 -0.735773 0.947222 0.255499 0.193622 0.071655 -0.757442 0.648959
5.687255 -37.456600 -175.334474 -139.854981 0.325834 -0.602527 -0.728556 0.939555 0.292123 0.178609 0.105211 -0.742715 0.661290
6.771921 -36.238300 -377.309598 459.309688 0.305379 -0.607028 -0.733662 0.927780 0.363151 0.085710 0.214402 -0.706851 0.674087
6.283147 -35.485426 54.380713 780.724237 0.304644 -0.586278 -0.750647 0.929178 0.356145 0.098939 0.209334 -0.727626 0.653254
6.121390 -36.746206 -221.920996 810.100144 0.310932 -0.596340 -0.740067 0.895591 0.444511 0.018090 0.318180 -0.668422 0.672290
5.790798 -37.450876 -359.243807 433.280091 0.294840 -0.624892 -0.722897 0.894925 0.445753 -0.020318 0.334930 -0.640948 0.690657
-2.345071 -71.481344 286.850122 -5549.249748 -0.225790 0.780928 0.582383 -0.114414 0.572426 -0.811935 0.967434 0.249959 0.039899
1.043400 -64.675832 1225.674393 -4754.669163 -0.236841 0.752112 0.615008 -0.180578 0.587910 -0.788514 0.954619 0.297809 0.003426
1.190181 -58.190068 111.151685 -1559.127163 -0.200430 0.745858 0.635235 -0.070674 0.635696 -0.768698 0.977156 0.198964 0.074700
0.860522 -55.171631 -503.905663 -3302.423710 -0.196041 0.769412 0.607925 0.074125 0.629808 -0.773206 0.977790 0.106518 0.180501
-4.465010 -61.907600 498.243522 1011.113601 -0.439569 0.663312 0.605637 0.894472 0.384706 0.227862 -0.081848 0.641887 -0.762419
-5.974060 -63.278178 125.745451 824.321329 -0.490443 0.659124 0.570106 0.868207 0.426136 0.254216 -0.075383 0.619648 -0.781251
-7.079035 -66.206430 302.044416 1834.823819 -0.480269 0.651456 0.587321 0.856707 0.492028 0.154796 -0.188136 0.577506 -0.794413
54.947202 -130.050107 12207.444475 28204.575462 -0.520868 0.165819 0.837377 -0.001190 0.980810 -0.194961 -0.853636 -0.102545 -0.510675
150.714109 -81.455072 37739.475345 14985.934180 -0.553732 0.333230 0.763111 0.107183 0.937335 -0.331534 -0.825768 -0.101788 -0.554749
151.218079 -49.752631 40793.687071 7635.051279 -0.536594 0.333953 0.774947 0.160357 0.941978 -0.294897 -0.828464 -0.033972 -0.559011
45.603501 -177.695267 9738.210924 38361.528735 -0.560316 0.146066 0.815298 -0.142716 0.952580 -0.268743 -0.815891 -0.266937 -0.512900
86.427764 -46.255289 24446.954185 6806.352744 -0.488937 0.277566 0.826981 0.139912 0.960705 -0.239729 -0.861026 -0.001508 -0.508559
14.549238 -73.603794 2204.373286 16421.916755 -0.485386 0.039065 0.873427 -0.022674 0.998103 -0.057242 -0.874006 -0.047589 -0.483579
4.334333 -33.238891 -792.676857 -2718.382493 -0.216588 0.857912 0.465914 0.962972 0.109259 0.246470 0.160544 0.502045 -0.849810
4.891631 -33.663667 -959.864577 3617.142189 -0.375920 0.827940 0.416173 0.918542 0.273645 0.285306 0.122333 0.489524 -0.863366
2.990419 -26.140527 -838.673278 425.073684 -0.310853 0.851526 0.422225 0.936497 0.198545 0.289056 0.162308 0.485266 -0.859170
-5.747351 -90.402177 -876.540684 423.231489 -0.515937 0.218237 0.828361 0.529651 -0.678740 0.508706 0.673260 0.701202 0.234597
-4.491352 -91.686698 517.091683 1082.587098 -0.559763 0.208611 0.801965 0.609273 -0.552348 0.568945 0.561652 0.807089 0.182082
-7.585095 -90.073941 248.314590 -266.992755 0.571386 -0.230669 -0.787597 -0.459905 0.704839 -0.540083 0.679710 0.670816 0.296649
-7.520403 -25.711876 352.939561 -2161.079050 0.357456 -0.700815 -0.617320 0.309535 0.712533 -0.629671 0.881143 0.033998 0.471626
-8.038163 -25.389378 787.351365 253.638844 -0.378170 0.737000 0.560195 0.348353 0.673949 -0.651493 0.857693 0.051229 0.511604
-8.951372 -25.730670 831.737082 1007.504470 0.364155 -0.637445 -0.679010 0.307085 0.770479 -0.558624 0.879255 -0.005088 0.476324
-8.307816 -26.030292 1209.362901 -1834.060912 0.355983 -0.622371 -0.697087 0.284217 0.782722 -0.553685 0.890223 -0.001021 0.455524
-9.571188 -26.256660 1423.007607 2101.775558 0.383983 -0.567925 -0.728024 0.327096 0.821002 -0.467935 0.863461 -0.058454 0.501017
-7.760972 -25.689419 1428.150282 2663.567754 0.358993 -0.574828 -0.735321 0.303318 0.816927 -0.490539 0.882679 -0.046936 0.467627
-6.743341 -27.290598 957.246236 68.547550 0.362477 -0.579629 -0.729822 0.290283 0.814340 -0.502580 0.885633 -0.029681 0.463436
1.512846 -70.033060 1209.899917 -1105.538474 -0.328793 0.708771 0.624130 -0.711323 -0.620576 0.330008 -0.621220 0.335454 -0.708206
-3.122379 -71.272773 612.414194 -1542.986865 -0.347612 0.696134 0.628143 0.524837 0.699598 -0.484880 -0.776990 0.161122 -0.608545
0.782943 -70.761194 1297.115475 1006.978826 -0.316139 0.726333 0.610326 -0.586727 -0.655224 0.475850 -0.745525 0.207660 -0.633301
4.950553 -67.470489 1328.657652 -3154.910328 -0.318166 0.721165 0.615379 -0.814312 -0.540274 0.212131 -0.485455 0.433617 -0.759150
2.643325 -65.550892 905.402559 3693.160637 -0.339884 0.700625 0.627378 0.837872 0.528563 -0.136353 -0.427141 0.479318 -0.766684
8.011761 -131.448499 1254.824999 639.343417 0.663178 -0.145853 -0.734113 -0.098409 0.955322 -0.278703 0.741964 0.257073 0.619195
11.207071 -145.653691 3323.171540 10557.611514 0.662364 -0.195802 -0.723143 -0.269764 0.838163 -0.474036 0.698929 0.509063 0.502348
2.970251 -119.185410 1160.554240 5392.007280 0.662144 -0.178747 -0.727747 -0.274458 0.845814 -0.457463 0.697308 0.502642 0.510992
-1.042033 -105.623281 -435.189584 4696.370260 0.651158 -0.150983 -0.743773 -0.370182 0.792344 -0.484929 0.662540 0.591097 0.460049
1.576269 -111.623688 -334.163642 3849.023697 0.643779 -0.108209 -0.757522 -0.221852 0.921039 -0.320108 0.732346 0.374136 0.568939
5.168422 -119.213219 245.287670 -1605.593872 0.646211 -0.109489 -0.755264 -0.062546 0.978727 -0.195399 0.760592 0.173508 0.625616
4.949052 -72.512278 310.381959 12978.302021 0.772930 -0.184259 -0.607147 0.631874 0.136701 0.762921 0.057577 0.973325 -0.222088
2.153381 -84.391621 316.485435 12341.518595 0.800148 -0.151164 -0.580441 0.596996 0.294208 0.746349 -0.057949 0.943711 -0.325654
-3.583735 -111.513046 1218.301952 18093.585745 0.746262 -0.204673 -0.633405 0.659242 0.358992 0.660701 -0.092160 0.910623 -0.402831
41.344718 -89.085771 -4138.168466 -12347.624732 0.947046 0.196649 -0.253837 -0.213840 -0.203463 -0.955445 0.239534 -0.959131 0.150637
69.312711 -111.593225 -17221.855669 -12452.385492 0.960291 0.058215 -0.272860 -0.276941 0.080263 -0.957529 0.033842 -0.995072 -0.093198
27.662056 -121.947631 -3872.090112 -22707.515427 0.887220 0.094205 -0.451625 -0.428356 -0.195317 -0.882249 0.171322 -0.976205 0.132936
11.195352 -69.981612 -2241.037832 -6500.293628 0.884732 0.131022 -0.447305 -0.379069 -0.356148 -0.854087 0.271211 -0.925198 0.265430
12.690612 -65.265640 -1376.884397 -6590.272089 0.912402 0.184464 -0.365370 -0.270996 -0.396724 -0.877024 0.306730 -0.899212 0.311983
19.244889 -64.404839 -2540.592015 -5805.278518 0.937906 0.258292 -0.231555 -0.126265 -0.367530 -0.921400 0.323093 -0.893424 0.312096
46.704356 -61.067806 -8237.082485 -3181.869083 0.933550 0.358421 -0.004474 0.049701 -0.141791 -0.988648 0.354986 -0.922730 0.150183
-10.468850 -731.110035 2606.970676 168503.482939 -0.405627 -0.022696 0.913757 0.912815 -0.061771 0.403674 0.047282 0.997832 0.045774
-30.309696 -285.385218 7095.832088 66988.339327 -0.586751 -0.010054 0.809705 0.787949 -0.237640 0.568035 0.186708 0.971301 0.147358
-41.373079 -265.192254 7641.084876 60772.704880 -0.454407 0.063540 0.888525 0.808533 -0.389230 0.441332 0.373883 0.918946 0.125495
-27.887399 -497.301672 1944.608931 120842.488470 -0.453653 0.083493 0.887259 0.841423 -0.287882 0.457308 0.293608 0.954019 0.060345
16.234167 -35.898782 890.223622 -295.343402 0.202649 0.959504 0.195666 0.569681 0.047006 -0.820521 0.796491 -0.277745 0.537085
13.143021 -34.298501 649.744669 349.371372 0.200034 0.963931 0.175566 0.444766 0.070328 -0.892881 0.873023 -0.256693 0.414656
13.348914 -34.703009 -782.686168 129.509314 0.221881 0.946892 0.232731 0.503586 0.093104 -0.858914 0.834967 -0.307777 0.456184
-7.775762 -56.358412 -1296.853322 -3349.757617 0.808363 -0.154331 -0.568094 0.091007 0.986184 -0.138415 0.581607 0.060189 0.811240
-8.797235 -69.084533 -1774.325543 -3783.757069 0.804621 -0.219920 -0.551561 0.009851 0.933702 -0.357917 0.593707 0.282554 0.753443
-5.042185 -59.773015 -405.090344 -3396.087499 0.802125 -0.189705 -0.566223 0.044651 0.964597 -0.259921 0.595485 0.183206 0.782198
-4.218657 -69.252221 -1409.668636 -3157.223322 0.814042 -0.220749 -0.537221 -0.045811 0.897671 -0.438278 0.578997 0.381388 0.720629
-4.196958 -37.818308 439.465860 -2854.867915 0.273082 -0.643585 -0.714999 0.424209 0.747646 -0.510952 0.863408 -0.163777 0.477183
-3.184591 -37.171903 937.064594 -2750.136024 0.236518 -0.672254 -0.701523 0.373177 0.729483 -0.573230 0.897105 -0.126213 0.423406
-5.162543 -36.229491 728.455934 -1138.368094 0.255996 -0.672695 -0.694224 0.296652 0.738171 -0.605888 0.920034 -0.050838 0.388526
-2.668267 -34.788828 633.892398 -1745.053008 0.254929 -0.655260 -0.711088 0.445353 0.732309 -0.515154 0.858296 -0.185358 0.478509
-2.689311 -64.470900 -480.952378 3432.065054 0.347964 -0.792640 -0.500642 0.903509 0.426033 -0.046546 0.250184 -0.436139 0.864402
-2.821388 -61.644095 -133.682747 2827.881712 0.371553 -0.769607 -0.519282 0.880524 0.469427 -0.065692 0.294322 -0.432832 0.852074
-0.896913 -57.456867 463.284407 1497.927610 -0.364805 0.783139 0.503598 0.852909 0.498015 -0.156612 0.373449 -0.372391 0.849624
-6.572444 -39.519315 -3176.997069 169.841524 0.033692 -0.757166 -0.652353 0.998540 0.053070 -0.010026 0.042212 -0.651063 0.757849
-6.959376 -36.210420 -976.885345 -3077.835263 0.452678 -0.650688 -0.609663 0.878194 0.443781 0.178420 0.154461 -0.616169 0.772320
2.035685 -49.441736 2555.512205 -2571.512666 0.257202 -0.659848 -0.706009 0.950517 0.304485 0.061700 0.174256 -0.686943 0.705510
5.064388 -52.549249 2115.232696 -3972.407488 0.110717 -0.686348 -0.718796 0.993841 0.072993 0.083384 -0.004763 -0.723601 0.690202
-38.354198 -63.600542 -15.682972 6248.672431 -0.551771 -0.361838 -0.751413 -0.589958 0.806179 0.045003 0.589489 0.468133 -0.658296
-24.750275 -66.817606 2452.147785 8626.039697 -0.640145 -0.389060 -0.662455 -0.584212 0.806497 0.090881 0.498910 0.445192 -0.743568
-24.535999 -50.195040 -3035.065046 -9627.917746 0.608048 0.483689 0.629542 0.720247 -0.669648 -0.181153 0.333950 0.563575 -0.755553
10.757425 -72.402750 -2026.733150 -1069.095327 0.596932 0.760663 0.255075 0.693258 -0.329020 -0.641201 -0.403813 0.559586 -0.723739
19.293545 -70.263298 -2709.819564 787.212320 0.687260 0.690420 0.225817 -0.598181 0.361530 0.715175 -0.412132 0.626590 -0.661462
-39.854967 -49.699637 -337.848717 -1677.675201 0.751636 0.197831 0.629211 0.103848 0.906567 -0.409087 -0.651352 0.372827 0.660864
-36.657307 -44.630806 -1458.634546 -2170.514893 0.664111 0.375991 0.646209 -0.092573 0.899043 -0.427962 -0.741880 0.224393 0.631872
43.958128 -23.892777 8565.219068 -661.079214 0.223578 0.956127 0.189301 0.974159 -0.225588 -0.011143 0.032050 0.186900 -0.981856
-13.572614 -32.106681 -1140.660248 643.252931 0.324259 0.945528 0.028870 0.688418 -0.256798 0.678333 -0.648796 0.200081 0.734188
-13.041986 -19.795635 519.791059 828.645626 0.151804 0.985370 0.077467 0.531528 -0.147461 0.834106 -0.833327 0.085445 0.546137
-13.214219 -16.099982 592.406127 1375.701858 0.360735 0.849305 0.385424 0.498337 -0.524831 0.690082 -0.788372 0.056865 0.612565
-14.776508 -20.833516 551.635938 896.229170 0.138011 0.979905 0.144010 0.522495 -0.195556 0.829914 -0.841399 0.039292 0.538985
-12.101267 -20.897096 746.853798 546.928922 0.152269 0.988271 0.011589 0.511101 -0.088773 0.854924 -0.845925 0.124255 0.518624
-13.144455 -22.957753 431.800211 245.244595 0.108478 0.993736 0.026872 0.483724 -0.076381 0.871881 -0.868472 0.081581 0.488979
-0.427126 -29.510417 -650.366433 -1321.742245 -0.300752 0.915736 0.266414 -0.747306 -0.399837 0.530721 -0.592522 0.039477 -0.804586
-2.026322 -30.354666 -36.817930 -1832.999541 -0.289915 0.913900 0.284141 -0.802602 -0.393888 0.447975 -0.521324 0.098177 -0.847692
-0.332661 -30.703726 -476.049711 -1307.316179 -0.278393 0.923033 0.265530 -0.806851 -0.374729 0.456693 -0.521045 0.087103 -0.849073
1.014064 -30.752699 -905.273784 -537.780995 -0.282737 0.927614 0.244114 -0.749629 -0.372465 0.547107 -0.598428 0.028308 -0.800676
0.769107 -33.338341 -920.942754 138.668816 -0.310789 0.910997 0.271098 -0.637242 -0.411335 0.651710 -0.705219 -0.029789 -0.708364
1.168793 -34.913168 -287.514555 1694.619838 -0.342618 0.847676 0.405042 0.107591 -0.392896 0.913267 -0.933294 -0.356481 -0.043411
2.852992 -33.938159 -128.881957 315.509669 -0.337255 0.847209 0.410483 0.163301 -0.376770 0.911799 -0.927142 -0.374541 0.011282
1.504586 -35.091921 -80.305206 2007.399062 -0.335046 0.840709 0.425384 0.139295 -0.402320 0.904840 -0.931848 -0.362417 -0.017689
-5.322392 -55.681354 127.819465 -2277.075938 0.439700 0.881758 0.170782 -0.749114 0.255150 0.611332 -0.495472 0.396738 -0.772727
-3.491210 -35.471677 516.521099 -229.722587 0.018318 0.903305 0.428607 0.424906 0.381009 -0.821150 0.905052 -0.197159 0.376840
-2.668059 -37.367271 530.269991 -1635.074435 0.006092 0.898433 0.439068 0.331966 0.412359 -0.848386 0.943272 -0.150924 0.295737
-1.575674 -38.487732 -204.544877 -1730.701914 0.020351 0.907315 0.419958 0.322117 0.391697 -0.861867 0.946481 -0.152816 0.284290
-1.924479 -38.691438 -498.068602 -1908.403856 0.024535 0.912243 0.408914 0.318982 0.380513 -0.868021 0.947443 -0.151733 0.281653
-13.558451 -28.372666 1782.295554 1054.500593 -0.839222 -0.144129 0.524341 0.068329 0.928644 0.364625 -0.539479 0.341829 -0.769491
-18.274926 -32.146167 1793.824747 739.819330 -0.853536 -0.040490 0.519459 0.134855 0.945837 0.295308 -0.503280 0.322107 -0.801845
-9.295355 -31.078208 -1133.803384 1080.725401 -0.112049 0.834911 0.538858 0.085182 0.548347 -0.831901 0.990045 0.047312 0.132561
-9.208819 -29.749632 844.288603 698.106065 -0.165931 0.825625 0.539268 0.020796 0.549657 -0.835132 0.985918 0.127359 0.108375
1.611925 -31.522257 4078.464032 920.080401 -0.209040 0.757690 0.618230 0.114652 0.646826 -0.753970 0.971163 0.086729 0.222083
2.291613 -29.738810 7061.318061 851.968122 -0.226131 0.766298 0.601375 0.023942 0.621553 -0.783006 0.973803 0.162663 0.158899
4.694420 -29.168631 6267.845055 233.279799 -0.228753 0.750120 0.620477 -0.063596 0.624501 -0.778430 0.971405 0.217529 0.095152
-5.595357 -36.888965 170.303219 -598.057270 -0.041917 0.878204 0.476446 -0.142986 0.466684 -0.872789 0.988837 0.104710 -0.106009
-5.727728 -35.610743 546.229665 446.012489 -0.058501 0.890898 0.450420 -0.273659 0.419598 -0.865476 0.960046 0.173893 -0.219256
3.555495 -150.592031 -1043.629867 -9947.268571 0.020235 0.603489 -0.797114 0.793578 -0.494644 -0.354346 -0.608132 -0.625402 -0.488925
3.234025 -151.076628 200.060144 19569.786714 0.004009 -0.619207 0.785217 -0.555410 0.651593 0.516669 -0.831567 -0.438189 -0.341301
-1.171890 -145.757102 832.211419 18879.909344 -0.007453 -0.581900 0.813226 -0.553110 0.679915 0.481440 -0.833075 -0.446215 -0.326922
-1.704171 -97.070583 378.709979 11232.923480 0.022919 -0.618001 0.785843 -0.295329 0.746784 0.595897 -0.955121 -0.245740 -0.165398
-0.783959 -145.122606 -1513.133451 -10058.505522 0.018928 0.556589 -0.830572 0.787087 -0.520570 -0.330911 -0.616552 -0.647469 -0.447937
-2.009199 -136.854614 520.684047 17666.746566 -0.027725 -0.573223 0.818930 -0.561730 0.686593 0.461573 -0.826856 -0.447221 -0.341033
-4.216594 -98.547695 585.812191 9940.488013 0.009148 -0.593736 0.804608 -0.334367 0.756509 0.562044 -0.942399 -0.274176 -0.191605
9.500436 -36.334145 1119.682984 1426.903795 -0.001876 0.813254 0.581905 0.979378 -0.116067 0.165370 0.202028 0.570216 -0.796265
7.109373 -38.085742 2568.582603 815.478410 -0.009349 0.793517 0.608476 0.994887 -0.053810 0.085461 0.100557 0.606164 -0.788957
-4.658946 -125.404282 867.827307 -8933.425030 0.043937 0.594483 -0.802907 -0.673939 0.610910 0.415446 0.737480 0.522857 0.427487
-3.455869 -144.216088 -584.041780 10828.983886 -0.040137 -0.590221 0.806243 0.816989 -0.483929 -0.313594 0.575254 0.646105 0.501628
5.758966 -74.173713 448.350212 -3079.624484 0.064735 0.691686 -0.719291 0.392112 0.645195 0.655723 -0.917637 0.324491 0.229452
