10640
21262
-36.306419 -62.515349 -1855.064823 8248.358600 -0.070529 0.994257 -0.080484 0.676844 -0.011569 -0.736035 0.732740 0.106387 0.672141
-49.098293 -71.547558 -774.483893 7815.267136 -0.219784 0.975408 -0.016536 0.754097 0.159115 -0.637197 0.618896 0.152515 0.770523
-38.763070 -78.636492 -3386.047528 10854.046676 -0.260470 0.957628 0.122902 0.715955 0.276983 -0.640850 0.647737 0.078930 0.757764
-45.228532 -67.198067 1531.341773 5181.451164 0.133619 0.896007 -0.423459 0.761860 -0.366142 -0.534331 0.633810 0.251220 0.731555
-22.572489 -74.385422 -5849.819119 12963.068249 -0.115722 0.981520 0.152407 0.665881 0.190512 -0.721324 0.737028 -0.018012 0.675622
-22.440054 -53.544266 -4287.687279 9149.894627 0.007427 0.999813 -0.017850 0.588359 -0.018803 -0.808381 0.808566 0.004498 0.588389
-33.104831 -49.926473 -1265.624854 4505.801876 0.218996 0.874564 -0.432641 0.604648 -0.469643 -0.643301 0.765795 0.120715 0.631653
-44.775239 -72.130592 -905.852910 748.224128 -0.300898 -0.053419 0.952159 0.894872 -0.360935 0.262544 0.329643 0.931060 0.156408
-42.828814 -70.346973 -580.794175 754.281049 -0.216703 0.037411 0.975520 0.957129 -0.188598 0.219851 0.192206 0.981342 0.005063
-45.256186 -72.025517 -1109.663870 575.075483 -0.258589 -0.102791 0.960503 0.951282 -0.199936 0.234710 0.167913 0.974402 0.149484
-3.929547 -127.001290 -1595.243354 5722.265410 0.928854 -0.346939 0.129860 -0.368625 -0.830921 0.416757 0.036686 0.434976 0.899695
-2.630617 -118.355646 -1036.620533 6565.297341 0.927030 -0.354308 0.122806 -0.373175 -0.903833 0.209346 -0.036823 0.239898 0.970100
-5.726633 -137.159804 851.471391 8276.272457 0.927199 -0.365515 0.081858 -0.372490 -0.876775 0.304166 0.039406 0.312514 0.949096
-3.092484 -112.792345 61.053144 -6229.896770 0.927185 -0.360346 0.102370 0.362650 0.931916 -0.004215 -0.093881 0.041033 0.994737
-5.716062 -145.202107 -233.199404 4445.643138 0.930912 -0.352395 0.096021 -0.339227 -0.736746 0.584919 0.135379 0.577081 0.805388
-8.321619 -146.550613 960.399975 5191.557534 0.926969 -0.371380 0.052963 -0.333593 -0.751476 0.569209 0.171593 0.545308 0.820485
-7.425153 -135.411156 -237.766862 4666.297038 0.922996 -0.370698 0.103254 -0.384145 -0.871838 0.303860 0.022619 0.320126 0.947105
-5.770772 -116.729229 -297.138419 -3830.051014 0.929475 -0.352063 0.110128 0.357173 0.933553 -0.030096 -0.092215 0.067309 0.993462
19.867550 -47.496061 -1001.186239 -1227.017026 0.084272 0.988620 0.124615 -0.884135 0.131865 -0.448237 0.459569 0.072403 -0.885186
25.551256 -48.832923 -796.787168 -745.505574 0.083821 0.989324 0.119211 -0.937894 0.118742 -0.325967 0.336642 0.084484 -0.937835
25.027254 -47.043247 1736.090358 -1560.615270 0.113964 0.985312 0.127173 -0.890266 0.158099 -0.427119 0.440951 0.064541 -0.895207
23.464662 -46.193513 1831.919689 -25.715134 0.097223 0.987023 0.127802 -0.842646 0.149965 -0.517163 0.529618 0.057412 -0.846291
26.602888 -45.363133 4291.581413 257.157672 0.133277 0.984842 0.111007 -0.849916 0.171188 -0.498335 0.509785 0.027930 -0.859848
27.030801 -45.660154 4337.745018 -1576.053409 0.140724 0.984920 0.100648 -0.888987 0.170450 -0.425027 0.435773 0.029663 -0.899568
45.737953 -28.997473 3506.901078 90.187234 -0.225551 0.953966 0.197674 0.787197 0.298000 -0.539923 0.573976 -0.033828 0.818173
32.428413 -29.204089 4801.065323 217.971207 -0.215129 0.959308 0.182885 0.708893 0.282204 -0.646399 0.671707 0.009414 0.740757
42.505166 -27.476486 -1222.405390 646.029550 -0.201335 0.912877 0.355132 0.758827 0.374620 -0.532768 0.619391 -0.162219 0.768140
25.863690 -30.624505 6204.185923 -441.805526 -0.182505 0.982070 0.047225 0.747103 0.169743 -0.642670 0.639163 0.082009 0.764686
64.180877 -32.025511 -4261.873739 956.113760 -0.197540 0.912762 0.357552 0.829532 0.349997 -0.435176 0.522354 -0.210637 0.826304
38.743670 -30.854167 8598.092716 185.158050 -0.204378 0.978280 0.034614 0.814357 0.189541 -0.548541 0.543187 0.083922 0.835407
65.094478 -33.885718 5309.910373 866.723727 -0.232493 0.957607 0.170106 0.850791 0.284989 -0.441516 0.471277 -0.042075 0.880981
6.894852 -63.111172 -77.618309 -562.985075 0.404296 0.913626 0.042799 -0.074849 0.079687 -0.994006 0.911560 -0.398669 -0.100601
4.306804 -68.777706 -1133.781723 5596.141011 0.441724 0.896137 0.042637 0.019723 0.037813 -0.999090 0.896934 -0.442163 0.000972
2.930622 -73.626955 1495.997317 9436.662396 0.378862 0.920424 0.096353 0.030596 0.091601 -0.995326 0.924947 -0.380039 -0.006543
0.229812 -136.405580 -93.142160 471.854922 0.122456 0.991285 -0.048574 0.841778 -0.077811 0.534186 -0.525751 0.106303 0.843970
0.608531 -144.251696 -237.758041 919.627398 0.106340 0.992810 -0.054963 0.717990 -0.038429 0.694992 -0.687882 0.113369 0.716914
1.859939 -137.968915 -357.467344 3718.493407 0.106162 0.992444 -0.061516 0.857651 -0.060087 0.510710 -0.503154 0.106977 0.857550
1.131912 -126.107603 -268.506342 6499.997049 0.126660 0.991008 -0.043134 0.942739 -0.106737 0.315992 -0.308547 0.080688 0.947781
0.090885 -123.812601 -255.724239 5286.845185 0.138510 0.989699 -0.036219 0.939101 -0.119640 0.322142 -0.314490 0.078633 0.945998
34.981606 -20.874837 -964.417259 299.884864 0.780120 -0.270618 -0.564073 0.290135 -0.642305 0.709412 0.554287 0.717084 0.422560
55.063605 -27.904201 -5234.804158 1312.701451 0.817691 -0.241885 -0.522373 0.308610 -0.581822 0.752491 0.485945 0.776514 0.401102
53.448081 -22.633246 -2518.103968 788.955325 0.767381 -0.420042 -0.484450 0.208027 -0.551578 0.807766 0.606508 0.720643 0.335890
3.877776 -41.462165 32703.711436 -7472.699470 -0.077393 0.946912 -0.312039 0.793935 0.247845 0.555193 -0.603057 0.204771 0.770968
43.071471 -34.100527 42616.150080 -8856.262437 -0.056014 0.959863 -0.274818 0.746243 0.223112 0.627170 -0.663313 0.169951 0.728789
-25.817515 -36.196590 -13903.247201 -7634.367373 0.022599 0.993694 -0.109824 0.766135 0.053360 0.640461 -0.642283 0.098614 0.760098
-41.336279 -46.136094 -16899.625904 -6536.691564 0.141928 0.989568 -0.024720 0.817222 -0.103045 0.567036 -0.558573 0.100679 0.823322
-14.033322 -52.963276 33659.989955 -2242.294032 -0.131714 0.923573 -0.360090 0.849368 0.292440 0.439378 -0.511102 0.247977 0.822971
4.513836 -152.448580 2029.721038 -18611.674185 -0.979378 0.157039 -0.127108 0.156754 0.987561 0.012305 0.127459 -0.007874 -0.991813
19.564040 -621.961569 4181.816099 -183224.798871 0.968869 -0.232705 0.084510 0.206336 0.947621 0.243805 0.136818 0.218778 -0.966135
-2.028240 -158.176655 1067.074906 -13871.436986 -0.982379 0.107582 -0.152830 0.109746 0.993943 -0.005773 0.151283 -0.022444 -0.988236
13.841134 -270.940402 1237.727955 -61505.054047 0.968920 -0.233388 0.081997 0.195586 0.925718 0.323717 0.151458 0.297619 -0.942594
-1.446804 -125.534963 -954.842018 -443.160725 0.981535 -0.116275 0.151886 0.140298 0.977349 -0.158446 0.130023 -0.176829 -0.975615
2.631550 -131.861102 -272.421668 4660.542398 0.976684 -0.141047 0.161846 0.170274 0.968091 -0.183864 0.130749 -0.207135 -0.969536
6.135874 -145.212438 -510.138817 -14084.638855 -0.970884 0.179797 -0.158296 0.173800 0.983456 0.051059 0.164857 0.022061 -0.986071
-6.287792 -11.907204 3.272254 -841.612214 -0.635481 0.518513 0.572108 0.641471 0.766950 0.017425 -0.429743 0.378064 -0.819993
-6.296911 -10.512772 259.287983 -506.606295 0.860767 -0.156320 -0.484402 0.324254 0.901981 0.285113 -0.392352 0.402485 -0.827083
-6.227493 -10.024499 -509.218446 -358.671058 -0.669215 0.501309 0.548490 0.621791 0.781948 0.043965 -0.406850 0.370468 -0.835001
70.623064 -1457.337080 -1137.521036 455264.914138 0.914782 -0.136987 0.380012 -0.061602 0.882432 0.466390 0.399224 0.450054 -0.798794
-3.458795 -562.463943 -9878.871993 55730.927193 0.902108 -0.077987 0.424404 -0.309238 0.569117 0.761891 0.300953 0.818550 -0.489289
-6.472778 -359.966695 337.325683 -13050.847107 0.896435 -0.176516 0.406504 -0.081745 0.835658 0.543132 0.435570 0.520113 -0.734685
-3.882731 -545.676963 -2093.572403 107312.982044 0.924181 -0.100813 0.368411 -0.207422 0.677457 0.705711 0.320728 0.728621 -0.605182
22.824579 -613.778126 -327.028996 38659.357724 -0.909920 0.149885 -0.386755 0.115058 0.987044 0.111826 0.398505 0.057254 -0.915377
81.174987 -5208.734498 -23430.199537 709643.807133 -0.817688 0.524318 -0.237649 0.490100 0.850619 0.190391 0.301975 0.039208 -0.952509
2641.473830 -327.343206 32637662.084429 1295382.194421 0.739712 0.624463 -0.250745 -0.538279 0.772708 0.336421 0.403835 -0.113884 0.907716
-21.978298 -4592.428491 -8462.848830 -9242928.766849 0.932113 -0.362164 -0.001724 -0.272586 -0.698413 -0.661752 -0.238459 -0.617298 0.749721
-8.752528 -94.443910 -2389.153469 -3452.140318 -0.871564 0.453798 -0.185593 0.374134 0.860241 0.346425 0.316861 0.232495 -0.919535
-6.817894 -102.459359 2681.414516 -3618.300529 0.866093 -0.465365 0.182533 0.306031 0.782339 0.542486 0.395256 0.413983 -0.819994
-2.953154 -101.058656 -3959.224213 -5339.860229 -0.855037 0.469443 -0.220305 0.377836 0.854957 0.355370 0.355178 0.220615 -0.908393
3.075628 -100.309414 -1707.714752 -5896.519431 -0.872813 0.444918 -0.200614 0.371361 0.872140 0.318531 0.316684 0.203518 -0.926440
-1.602925 -89.519363 -1258.713453 -3938.713936 -0.878330 0.435628 -0.196889 0.418655 0.899759 0.123132 0.230793 0.025722 -0.972663
-6.567487 -90.233832 -2652.297208 -4709.559868 -0.868653 0.448647 -0.210138 0.426735 0.893052 0.142670 0.251672 0.034257 -0.967206
5.696975 -37.262433 -1138.020472 2529.979215 -0.795463 -0.238089 0.557272 -0.113287 0.961800 0.249211 -0.595319 0.135106 -0.792049
2.516767 -37.546195 -277.168318 -3753.978619 -0.802945 -0.038271 0.594824 -0.053448 0.998539 -0.007902 -0.593653 -0.038136 -0.803817
8.221917 -33.420134 -441.177684 7834.507071 -0.800771 -0.090130 0.592151 0.074270 0.966044 0.247475 -0.594348 0.242149 -0.766886
16.808742 -44.596285 842.352087 -1879.360116 0.136010 0.985254 -0.103812 -0.939091 0.161595 0.303308 -0.315611 -0.056236 -0.947221
18.336644 -42.487150 1598.241377 -514.320250 0.129904 0.989601 -0.061769 -0.960514 0.141055 0.239825 -0.246044 -0.028175 -0.968849
16.878843 -43.748606 1703.837088 -1891.290709 0.112016 0.992596 -0.046958 -0.939695 0.121176 0.319827 -0.323150 -0.008300 -0.946311
-6.573084 -1149.070781 6733.742090 292471.601258 -0.402738 0.750371 -0.524161 0.565176 -0.246586 -0.787256 0.719985 0.613301 0.324782
-11.469842 -656.550681 -4723.294249 155636.691727 0.484217 -0.745781 0.457542 0.670083 -0.020162 -0.742013 0.562604 0.665886 0.489972
-41.063995 -431.635753 -1491.511159 76746.172387 0.602961 -0.734902 0.310414 0.729815 0.350986 -0.586667 0.322192 0.580283 0.747974
-2.227227 -402.726214 -6857.862407 93388.715851 -0.495235 0.815582 -0.299278 0.338280 -0.136268 -0.931127 0.800193 0.562367 0.208411
-59.937866 -594.636947 856.448914 -131258.588185 0.690973 -0.689345 0.217620 -0.593923 -0.369759 0.714516 0.412082 0.622961 0.664912
-27.097964 -257.516026 798.653817 65933.341756 -0.526649 0.759089 -0.382655 0.323602 -0.237228 -0.915972 0.786081 0.606223 0.120707
121.387350 -1386.107935 -72343.075321 84371.032632 -0.425609 0.708136 -0.563384 0.542679 -0.298468 -0.785122 0.724125 0.639891 0.257260
13.609579 -114.512126 -5904.720044 1957.166191 0.416462 0.870655 0.261761 0.437400 0.060527 -0.897228 0.797020 -0.488156 0.355617
10.746929 -125.200399 -9957.553247 1008.918352 0.444996 0.835480 0.322417 0.616049 -0.024285 -0.787333 0.649971 -0.548985 0.525503
22.721746 -116.092027 -6475.412644 -554.842617 0.409161 0.874380 0.260857 0.614259 -0.052545 -0.787353 0.674739 -0.482388 0.558595
35.359945 -69.372226 9271.408983 -8322.195009 0.648576 0.728004 0.222168 -0.537577 0.231485 0.810818 -0.538850 0.645310 -0.541494
56.059107 -83.971413 9627.030184 -6917.524738 0.694464 0.701762 0.158903 -0.343897 0.129736 0.930002 -0.632024 0.700499 -0.331431
56.401035 -84.390621 4435.239273 -6314.611235 0.533513 0.816766 0.219676 -0.548465 0.136373 0.824978 -0.643856 0.560621 -0.520724
59.932856 -78.340686 2320.397407 -970.094701 0.393994 0.885471 0.246393 -0.680876 0.101111 0.725385 -0.617395 0.453561 -0.642734
44.941642 -68.611810 7788.064768 3721.521468 0.508133 0.814377 0.280341 0.666733 -0.165885 -0.726602 -0.545223 0.556122 -0.627263
20.382592 -49.029310 1468.134467 339.133846 0.057460 0.997892 -0.030166 0.590387 -0.009598 0.807063 -0.805072 0.064183 0.589694
22.530525 -46.074566 1683.248173 3138.251231 0.089559 0.995980 -0.001719 0.731891 -0.064641 0.678349 -0.675511 0.062011 0.734738
19.046116 -43.929925 -6654.417117 1855.531330 -0.070034 0.992004 0.104993 0.636565 -0.036594 0.770354 -0.768036 -0.120786 0.628912
19.225369 -48.632939 -2671.184152 -386.950806 -0.050461 0.998326 0.028277 0.493112 0.000283 0.869966 -0.868501 -0.057843 0.492300
9.330580 -45.270106 -7160.846819 176.844471 -0.156938 0.985966 0.056928 0.523539 0.034179 0.851316 -0.837423 -0.163408 0.521555
6.223539 -33.726609 -8909.502267 2944.464137 -0.049020 0.978534 0.200171 0.710788 -0.106620 0.695279 -0.701696 -0.176362 0.690304
5.010853 -38.824258 -4832.524658 2206.692446 -0.124732 0.990295 0.061297 0.625081 0.030453 0.779966 -0.770530 -0.135602 0.622813
19.720761 -47.463946 4937.177798 210.501124 0.060392 0.995630 -0.071231 -0.070277 0.075425 0.994672 -0.995698 0.055065 -0.074525
20.296548 -47.167534 4336.650725 -650.604468 0.051011 0.995453 -0.080440 0.076314 0.076424 0.994151 -0.995778 0.056851 0.072069
23.140565 -47.380144 -546.739675 633.566127 -0.078750 0.995010 -0.061261 0.014058 0.062554 0.997943 -0.996795 -0.077727 0.018914
21.966416 -46.646638 -3499.248808 -776.985343 -0.128592 0.990302 -0.052585 0.123316 0.068582 0.989995 -0.984001 -0.120821 0.130939
445.306584 -28.187191 -154998.827093 3211.550400 0.282321 0.846880 -0.450653 0.862329 -0.429865 -0.267590 0.420337 0.313065 0.851650
4348.090183 -4.016744 -3060593.765371 2776.212223 0.073701 -0.275930 0.958348 0.830784 -0.514615 -0.212060 0.551694 0.811809 0.191310
738.790820 -28.799435 -236420.693070 1341.190389 0.422950 0.903370 -0.070967 0.867146 -0.426231 -0.257653 0.263004 -0.047435 0.963628
-50.818023 -155.975676 382.738480 24808.228643 -0.447975 0.828390 -0.336286 0.607311 0.557995 0.565522 -0.656119 -0.049110 0.753058
-47.636694 -114.998878 1559.284973 11198.750509 -0.457794 0.760476 -0.460544 0.694301 0.629358 0.349078 -0.555312 0.159950 0.816116
-46.039207 -159.215153 4950.925689 25326.953179 -0.385606 0.758032 -0.526018 0.602191 0.638706 0.478978 -0.699052 0.132067 0.702769
-9.214516 -75.960306 -1004.477354 -2253.171881 -0.133031 0.684020 0.717231 0.908250 -0.205528 0.364471 0.396717 0.699911 -0.593920
-9.785575 -71.891111 -1209.949549 517.939328 -0.156637 0.684444 0.712040 0.951051 -0.089930 0.295660 0.266397 0.723498 -0.636854
-12.819526 -73.425933 -1057.422858 -1348.134311 -0.165371 0.652287 0.739712 0.896874 -0.212501 0.387893 0.410208 0.727574 -0.549877
-12.907115 -81.316282 -646.043899 -6197.001200 -0.147191 0.638918 0.755062 0.839209 -0.323367 0.437221 0.523510 0.698010 -0.488589
-16.565163 -78.911365 -882.125139 -3270.663757 -0.179432 0.603428 0.776968 0.817491 -0.347904 0.458988 0.547277 0.717522 -0.430872
-17.226256 -73.264832 -1156.527269 -176.073612 -0.188689 0.606149 0.772645 0.885437 -0.235273 0.400808 0.424732 0.759757 -0.492314
-27.759807 -57.324627 -3593.270251 4065.888302 0.804385 0.030362 0.593332 -0.049044 0.998678 0.015384 -0.592081 -0.041474 0.804811
-18.795271 -51.327246 -3901.911194 3288.862662 0.754989 0.115736 0.645443 -0.123406 0.991791 -0.033489 -0.644020 -0.054368 0.763074
-21.738195 -58.325016 -4044.120767 2525.059323 0.763429 0.178800 0.620650 -0.226793 0.973942 -0.001611 -0.604765 -0.139529 0.784086
-18.417848 -42.281899 -2854.014556 3421.481802 0.749878 -0.132565 0.648158 0.133029 0.989922 0.048558 -0.648063 0.049812 0.759956
-22.322218 -44.598640 -3770.665643 2513.730455 0.730195 -0.308652 0.609548 0.309179 0.944845 0.108060 -0.609281 0.109554 0.785350
-37.873585 -69.523478 -3872.031731 2894.710204 0.851014 0.060332 0.521666 -0.103014 0.993257 0.053178 -0.514941 -0.098994 0.851491
-34.187548 -59.710720 -3246.478526 4331.666855 0.827529 -0.141430 0.543316 0.145699 0.988694 0.035450 -0.542187 0.049824 0.838779
225.722135 -16.104384 78780.730322 6125.411287 -0.524380 -0.842527 -0.123182 0.825883 -0.468056 -0.314388 0.207225 -0.266593 0.941268
22.337233 -19.146742 -1083.276704 11361.381280 0.814684 0.578906 0.034031 0.558295 -0.767103 -0.316007 0.156833 -0.276445 0.948146
28.179866 -27.947810 -1533.814830 7875.656807 0.764304 0.644612 -0.017733 0.623823 -0.746061 -0.232888 0.163353 -0.166935 0.972342
109.145719 -40.649164 23340.151234 1387.935203 -0.289250 -0.863858 0.412412 0.949866 -0.312436 0.011755 0.118698 0.395136 0.910922
71.820363 -44.571493 6533.174666 1532.103668 -0.278387 -0.862571 0.422459 0.960413 -0.254725 0.112788 0.010323 0.437134 0.899337
107.546771 -40.981590 15715.350347 378.354360 -0.093907 -0.867412 0.488649 0.994293 -0.106666 0.001735 0.050617 0.486023 0.872479
46.071469 -48.149597 3589.032999 2021.476885 -0.457390 -0.824157 0.334005 0.888192 -0.441840 0.126062 0.043682 0.354320 0.934103
1967.485160 -147.798449 -1010581.976729 -19555.110964 0.298933 0.953187 0.045529 0.939800 -0.285785 -0.187357 0.165574 -0.098796 0.981236
137.582268 -32.677582 -47901.113946 1430.894400 0.401552 0.909329 -0.108980 0.909557 -0.409876 -0.068612 0.107059 0.071573 0.991673
46.175845 -46.394166 1074.604666 -2926.277476 -0.550133 -0.773949 0.313619 0.830533 -0.546212 0.108936 0.086991 0.320401 0.943279
-1.844382 -152.662610 -1830.747663 -4692.543617 0.131534 0.401943 -0.906168 -0.065354 0.915638 0.396657 0.989155 0.007048 0.146706
-11.745789 -149.417662 1325.839198 -2249.239545 0.118728 0.409744 -0.904441 -0.240522 0.895624 0.374176 0.963355 0.173113 0.204888
-4.356485 -170.030089 -1571.976657 -7726.166867 0.140244 0.411294 -0.900649 -0.413007 0.851024 0.324321 0.899865 0.326490 0.289219
14.021670 -143.111929 -9818.338067 -6611.101493 0.219330 0.423239 -0.879069 -0.505978 0.819718 0.268420 0.834195 0.385917 0.393938
13.689320 -131.091350 -7625.939121 -569.323260 0.209408 0.411527 -0.887014 -0.303094 0.889766 0.341249 0.929668 0.197388 0.311056
-0.033850 -174.663231 -3069.984896 -2791.232460 0.161512 0.415871 -0.894966 -0.731678 0.659019 0.174188 0.662240 0.626693 0.410723
-7.164712 -48.734341 -285.904932 26.383731 -0.217693 0.038392 0.975262 0.205693 0.978589 0.007390 -0.954096 0.202213 -0.220929
-9.509641 -45.025817 355.076281 -808.877125 -0.241960 0.020169 0.970077 0.269407 0.961869 0.047198 -0.932135 0.272765 -0.238167
-5.829376 -41.054779 -990.632392 -597.562116 -0.236046 0.169451 0.956853 0.161012 0.977888 -0.133456 -0.958310 0.122563 -0.258110
-4.291036 -46.882076 -614.280184 156.492691 -0.207056 0.167245 0.963928 0.078231 0.984955 -0.154089 -0.975196 0.043504 -0.217025
-1.293808 -38.169346 -2407.695814 188.960684 -0.244825 0.308474 0.919187 0.084706 0.951218 -0.296662 -0.965860 0.005230 -0.259011
-11.104154 -859.369380 -16094.505511 -225457.276736 0.821442 -0.497287 0.279176 0.561174 0.617646 -0.550997 -0.101572 -0.609278 -0.786424
-34.801343 -427.739914 -11082.911930 -120502.295516 0.853396 -0.434691 0.287679 0.360865 0.094423 -0.927826 -0.376154 -0.895616 -0.237445
-1.904219 -384.313599 -16457.286225 -92172.509214 0.763792 -0.529843 0.368630 0.558081 0.255158 -0.789582 -0.324296 -0.808802 -0.490583
24.851259 -31.647727 4001.861262 -1411.342442 0.382356 0.915940 0.121896 -0.672889 0.185596 0.716083 -0.633266 0.355821 -0.687289
13.739309 -23.906033 4826.609149 -1794.905013 0.404938 0.895786 0.183281 -0.723532 0.191371 0.663234 -0.559041 0.401178 -0.725623
18.105463 -31.181171 4855.140580 -1714.643844 0.481339 0.869987 0.106934 -0.598939 0.237371 0.764805 -0.639988 0.432178 -0.635325
22.376351 -26.478878 4543.828281 -1238.068368 0.299764 0.930606 0.210032 -0.780696 0.112752 0.614655 -0.548320 0.348223 -0.760320
27.204840 -36.921868 4679.306154 -1525.053706 0.463820 0.883137 0.070285 -0.544610 0.221653 0.808870 -0.698764 0.413448 -0.583772
-4.935535 -9.760895 -609.099888 -748.290241 0.607568 0.793092 -0.043204 -0.602345 0.495532 0.625802 -0.517728 0.354194 -0.778784
-3.596604 -14.067154 -141.555771 -1706.065204 0.545140 0.837670 0.033622 -0.651515 0.398073 0.645807 -0.527589 0.373960 -0.762760
-5.436583 -10.154077 -159.857681 -623.371579 0.438838 0.888654 0.133097 -0.739635 0.273123 0.615096 -0.510256 0.368371 -0.777137
-11.447534 -40.707751 -1526.325472 -747.155116 -0.090750 -0.667795 0.738793 0.129172 0.727694 0.673629 -0.987461 0.156563 0.020222
-14.904765 -43.938753 -1181.600794 -803.805420 -0.022889 -0.595687 0.802891 0.042055 0.801816 0.596089 -0.998853 0.047409 0.006699
-12.758071 -46.809921 1999.342360 -1486.395946 0.084426 0.718852 -0.690018 0.220258 0.661897 0.716505 -0.971781 0.212474 0.102452
-12.119332 -39.142362 -1048.521299 -133.057602 -0.071313 -0.526730 0.847036 -0.023718 0.849853 0.526486 -0.997172 0.017455 -0.073099
-9.889780 -35.751787 -618.608381 -370.353935 -0.100947 -0.638889 0.762647 0.053907 0.761925 0.645418 -0.993430 0.106265 -0.042473
4.989930 -303.248179 2079.479029 57786.328457 0.307456 -0.600208 -0.738391 0.462863 0.772322 -0.435059 0.831402 -0.208012 0.515269
2.817042 -336.195897 1110.458932 98965.815131 0.326488 -0.614811 -0.717923 0.315381 0.786876 -0.530435 0.891033 -0.053239 0.450805
-4.034347 -580.059426 -3696.367484 213462.230265 0.317619 -0.660539 -0.680299 0.611527 0.691003 -0.385422 0.724674 -0.293604 0.623413
20.469851 -663.871140 -758.312097 204426.946458 0.299946 -0.561271 -0.771367 0.148643 0.826220 -0.543383 0.942304 0.048328 0.331251
4.049833 -698.389223 1352.637532 214108.903199 -0.288145 0.641086 0.711324 0.783633 0.584792 -0.209613 0.550357 -0.497018 0.670881
21.188252 -889.114286 4690.627318 257466.191095 0.324240 -0.591284 -0.738412 0.516955 0.764470 -0.385153 0.792229 -0.256843 0.553538
-40.032927 -76.803576 -3441.262327 686.626195 -0.181800 0.983321 0.005403 0.868358 0.163119 -0.468345 0.461415 0.080453 0.883529
-53.804191 -75.182044 1397.501203 5592.542453 -0.134126 0.975902 -0.172119 0.840788 0.020143 -0.540990 0.524487 0.217277 0.823228
0.106671 -130.438211 -3026.438468 6513.054992 0.928182 -0.339621 0.152104 -0.371273 -0.872820 0.316768 -0.025178 0.350491 0.936228
-0.834923 -111.037784 -1546.987742 -8041.231955 0.927251 -0.350237 0.132435 0.354943 0.934798 -0.012992 -0.119250 0.059054 0.991106
29.200743 -48.975003 -3322.718762 1076.085893 0.067782 0.987454 0.142622 -0.975802 0.095399 -0.196746 0.207883 0.125835 -0.970026
23.768137 -50.736200 -2883.116202 154.309087 0.080540 0.991313 0.103984 -0.976004 0.099608 -0.193634 0.202309 0.085893 -0.975548
25.402896 -48.734598 -2994.539428 -1332.414656 0.059257 0.990152 0.126838 -0.884937 0.110901 -0.452313 0.461925 0.085441 -0.882794
26.558721 -47.710024 -1364.038048 -382.448782 0.031976 0.979130 0.200702 -0.937378 0.099061 -0.333931 0.346843 0.177456 -0.920983
31.750714 -26.889132 1192.842773 932.423853 -0.171456 0.939548 0.296400 0.679824 0.330580 -0.654642 0.713051 -0.089258 0.695407
25.229670 -31.165254 5925.260347 -385.066343 -0.178338 0.977068 0.116337 0.649187 0.205684 -0.732292 0.739427 0.055071 0.670980
15.616153 -34.151033 5663.270183 -1355.108709 -0.156536 0.987414 0.022603 0.684974 0.125020 -0.717761 0.711553 0.096873 0.695923
-4.356538 -104.173494 -1860.912570 7744.820806 0.170571 0.980759 0.094963 0.742752 -0.191306 0.641656 -0.647476 0.038914 0.761091
-8.866847 -94.320120 -950.031924 7673.449906 0.203164 0.975577 0.083512 0.750447 -0.209929 0.626705 -0.628930 0.064653 0.774769
-5.055506 -115.210886 -2504.811483 3956.977568 0.146732 0.986653 0.070613 0.581997 -0.143834 0.800369 -0.799843 0.076343 0.595334
-6.548136 -76.414035 -844.616671 10443.391676 0.238266 0.963737 0.120166 0.854573 -0.266831 0.445541 -0.461448 0.003467 0.887160
2.300335 -119.440181 -2174.403631 1112.866899 0.139026 0.985661 0.095623 0.555131 -0.157533 0.816709 -0.820062 0.060461 0.569072
-2.810559 -87.955540 -2003.902775 13331.861816 0.202636 0.970570 0.130126 0.861209 -0.239878 0.448081 -0.466108 -0.021269 0.884472
1.670508 -111.655056 -1969.609001 8500.398667 0.161887 0.980272 0.113404 0.731797 -0.196352 0.652625 -0.662017 0.022663 0.749146
-11.323618 -81.603762 -924.276336 -1959.735468 0.134688 0.974593 -0.178961 -0.412854 0.219379 0.883982 -0.900783 0.045177 -0.431912
-7.981548 -83.997090 -1233.517625 -1830.445003 0.093747 0.975639 -0.198342 -0.435959 0.219332 0.872831 -0.895071 -0.004644 -0.445900
-10.739654 -84.685767 -947.573020 -2141.152746 0.122490 0.977584 -0.171247 -0.275438 0.199253 0.940443 -0.953483 0.068027 -0.293670
-10.615097 -82.040398 -935.302948 -981.468241 0.137029 0.971470 -0.193571 -0.550477 0.237143 0.800461 -0.823528 0.003130 -0.567268
-13.593155 -83.632046 -399.208954 -1849.528845 0.183406 0.970682 -0.155365 -0.267320 0.201338 0.942339 -0.945993 0.131299 -0.296409
-13.664412 -81.596623 -492.737706 -1361.521742 0.187217 0.968906 -0.161773 -0.421771 0.228019 0.877563 -0.887164 0.096064 -0.451345
-6.536553 -37.779876 1520.150279 701.225275 -0.465670 -0.577794 -0.670302 0.126329 0.706280 -0.696570 0.875895 -0.409051 -0.255901
-17.562284 -46.533089 5071.074369 931.375942 -0.437341 -0.355788 -0.825923 0.193909 0.859498 -0.472929 0.878141 -0.366985 -0.306903
-14.918441 -47.738727 4917.939708 -273.809565 -0.449715 -0.453397 -0.769537 0.237627 0.769791 -0.592415 0.860982 -0.449281 -0.238448
-16.282539 -38.553621 3684.057499 1138.163435 -0.424690 -0.283986 -0.859645 0.140762 0.917269 -0.372563 0.894329 -0.279230 -0.349581
-10.653320 -35.924332 -643.947363 1397.166061 -0.425206 -0.435229 -0.793584 0.089532 0.852269 -0.515385 0.900657 -0.290196 -0.323423
-7.131835 -34.333117 -1332.316186 1139.016874 -0.456332 -0.637945 -0.620312 0.054897 0.675616 -0.735207 0.888115 -0.369551 -0.273284
1.265308 -30.720566 -2118.616448 -307.280521 0.487912 0.768113 0.414661 0.021732 0.464207 -0.885460 0.872622 -0.441038 -0.209800
11.840254 -30.052345 -4699.810267 -1354.955916 0.510078 0.799284 0.317751 0.046779 0.343097 -0.938134 0.858855 -0.493385 -0.137616
9.524598 -30.332193 7401.476431 -3716.118395 -0.015779 0.979903 -0.198849 0.741780 0.144825 0.654820 -0.670458 0.137170 0.729157
6.826457 -300.274068 -1612.934937 -57341.151520 0.979225 -0.155418 0.130241 0.106213 0.940262 0.323458 0.172732 0.302905 -0.937236
23.678809 -367.746082 1754.144898 -89125.583082 0.973390 -0.210083 0.091522 0.112580 0.786286 0.607520 0.199592 0.581050 -0.789014
-5.585279 -12.108886 -753.058793 899.258908 0.647693 -0.492137 -0.581631 0.644708 0.760822 0.074178 -0.406012 0.423026 -0.810064
-4.273317 -8.283828 1466.158877 1939.165862 0.923917 0.172807 -0.341344 0.014260 0.876011 0.482081 -0.382328 0.450270 -0.806897
-4.821767 -12.968611 1030.748663 903.760142 -0.414410 0.700919 0.580498 -0.792156 -0.591829 0.149091 -0.448056 0.398060 -0.800496
-2.814535 -8.758799 3126.223568 4487.594327 -0.489379 0.628874 0.604173 0.786301 0.617812 -0.006168 -0.377145 0.472043 -0.796829
-0.657634 -12.669906 3170.390895 1185.181499 -0.279110 0.775306 0.566567 0.867643 0.456427 -0.197156 -0.411453 0.436549 -0.800082
31.774033 -1888.548573 -20751.442320 612497.872880 0.947044 -0.079641 0.311072 -0.301393 0.113727 0.946693 0.110773 0.990315 -0.083701
-3.273342 -602.005042 2474.525668 44360.973662 0.925173 -0.079204 0.371189 -0.371400 -0.390453 0.842383 -0.078212 0.917209 0.390653
6.554138 -1214.570674 -13785.325855 403016.055706 0.961706 -0.042074 0.270836 -0.270073 -0.313915 0.910230 -0.046723 0.948518 0.313257
6.191521 -511.400949 -2118.375099 -12953.900377 0.928988 -0.060010 0.365213 -0.339187 0.256821 0.904983 0.148102 0.964594 -0.218229
3.719289 -508.275600 2071.850147 -36023.194663 0.921985 -0.069257 0.380982 -0.242121 0.664716 0.706775 0.302194 0.743879 -0.596090
-89.684587 -7855.026377 -94188.085360 42115234.051065 0.884168 -0.407409 0.228614 -0.123404 -0.675660 -0.726812 -0.450575 -0.614412 0.647673
26.342605 0.661879 4166.576175 3155.516061 -0.757098 -0.032821 0.652476 0.141410 0.966827 0.212717 -0.637813 0.253314 -0.727342
16.204261 -21.331031 1123.824501 10702.527354 -0.791501 -0.086247 0.605051 0.144219 0.935678 0.322038 -0.593908 0.342153 -0.728152
23.160249 -5.539270 -330.284904 6869.036770 -0.801099 0.104043 0.589419 0.263068 0.945762 0.190601 -0.537620 0.307748 -0.785020
28.594234 7.355330 7.026981 699.955238 -0.802562 0.091674 0.589483 0.208067 0.969089 0.132567 -0.559108 0.229046 -0.796829
28.650285 7.538273 -240.555681 -1896.020402 -0.806299 0.010717 0.591412 0.118258 0.982571 0.143422 -0.579567 0.185580 -0.793513
28.717317 8.461542 4033.256729 -1379.756258 -0.749865 -0.009846 0.661518 0.125325 0.979671 0.156645 -0.649612 0.200367 -0.733387
-40.948771 -764.781503 -3330.592557 147966.578593 0.608490 -0.662299 0.437150 0.793559 0.509148 -0.333214 -0.001887 0.549662 0.835385
-1.110114 -487.489742 -6115.145648 100883.205512 0.414107 -0.779527 0.469950 0.780145 0.037980 -0.624445 0.468923 0.625216 0.623872
63.123647 -91.157618 812.424533 3348.164492 0.250547 0.952032 0.175676 -0.695222 0.050655 0.717008 -0.673716 0.301778 -0.674564
67.151072 -80.908321 -2326.800911 716.808548 0.105575 0.991539 0.075528 -0.546435 -0.005611 0.837483 -0.830821 0.129688 -0.541219
61.122605 -90.807392 -2445.273112 6865.681970 0.093227 0.995569 0.012309 -0.688015 0.055481 0.723573 -0.719683 0.075925 -0.690138
44.893343 -62.869367 5949.806728 163.662917 0.333890 0.871454 0.359284 0.836120 -0.097823 -0.539753 -0.435224 0.480623 -0.761303
62.491936 -89.710480 337.080604 474.392926 0.192036 0.970190 0.147831 -0.876783 0.101938 0.469958 -0.440879 0.219865 -0.870222
20.271239 -51.245832 5779.287990 1437.670648 0.113469 0.988947 -0.095444 0.682708 -0.007817 0.730649 -0.721827 0.148066 0.676049
27.994195 -43.605650 10889.483986 3471.630288 0.159310 0.985470 -0.058901 0.805412 -0.095236 0.585014 -0.570905 0.140639 0.808881
33.797908 -38.962467 735.473873 2942.461859 0.128925 0.988737 0.076009 0.800626 -0.149011 0.580339 -0.585129 0.013965 0.810820
21.234896 -47.127867 6552.817772 3822.607578 0.144346 0.984729 -0.097330 0.787681 -0.054810 0.613640 -0.598935 0.165241 0.783564
20.931492 -45.988956 -1152.915271 294.844875 0.299922 0.947203 -0.113374 -0.163416 0.168102 0.972130 -0.939863 0.273036 -0.205206
18.214580 -46.710469 2963.614668 816.008864 0.290007 0.951179 -0.105610 -0.172197 0.160413 0.971913 -0.941405 0.263676 -0.210311
19.574160 -46.983175 -196.590891 302.049645 0.281760 0.953581 -0.106279 -0.277090 0.186916 0.942488 -0.918604 0.236106 -0.316893
16.178322 -47.916479 1810.627216 1382.405012 0.248957 0.964309 -0.090155 -0.281206 0.161046 0.946038 -0.926792 0.210171 -0.311263
22.699800 -46.424617 -3065.602412 588.282548 0.305133 0.944431 -0.122245 -0.242088 0.201077 0.949190 -0.921025 0.260035 -0.289990
22.759759 -46.485934 -3109.783887 -912.764161 0.288969 0.949983 -0.118449 -0.360199 0.222525 0.905947 -0.886991 0.219125 -0.406486
12.847061 -47.771711 1347.541895 595.319536 0.264088 0.959131 -0.101616 -0.373547 0.198845 0.906048 -0.889224 0.201318 -0.410793
18.289633 -47.545619 -2045.098038 -223.999232 0.270104 0.954319 -0.127746 -0.370538 0.225488 0.901031 -0.888676 0.196037 -0.414516
1022.307147 -31.552370 -334006.217159 -5207.390102 0.486554 0.783348 -0.386823 0.779973 -0.588951 -0.211608 0.393582 0.198753 0.897547
9906.153442 -85.083992 -5139247.845408 69607.454613 0.303211 -0.218546 0.927524 0.746599 -0.550367 -0.373745 0.592160 0.805812 -0.003711
5582.536541 -233.877124 -2429504.801692 -41041.650310 -0.006121 -0.234495 0.972098 0.718385 -0.677266 -0.158851 0.695619 0.697368 0.172603
1505.526250 -44.753085 -731671.150651 -3485.641250 0.169087 -0.193902 0.966339 0.783505 -0.568372 -0.251143 0.597937 0.799597 0.055819
-48.055731 -137.611592 -20549.032963 8858.735743 0.039760 0.931953 0.360393 0.032635 0.359274 -0.932661 0.998676 -0.048845 0.016130
-20.238008 -133.057088 -38101.999840 26314.177430 0.118991 0.917674 0.379098 -0.208171 0.396382 -0.894173 0.970827 -0.027481 -0.238199
-42.890790 -130.671646 110.196937 9661.640933 -0.050714 0.998593 -0.015502 -0.096103 -0.020329 -0.995164 0.994079 0.048979 -0.096999
-39.929111 -141.704752 -23876.405296 7730.456123 0.099314 0.877767 0.468681 0.029881 0.468167 -0.883135 0.994607 -0.101713 -0.020267
-86.919972 -136.282184 19295.556431 -14665.518085 -0.085485 0.984331 -0.154223 0.198723 -0.134835 -0.970736 0.976320 0.113631 0.184083
-76.975359 -124.509627 -4768.556472 -13553.059280 0.008925 0.936578 0.350345 0.286887 0.333232 -0.898138 0.957923 -0.108525 0.265719
-62.151815 -135.015055 -24644.060778 -18026.457155 0.077359 0.800279 0.594616 0.309605 0.547636 -0.777328 0.947713 -0.244229 0.205406
-6.779220 -75.222788 -666.292979 1132.660783 -0.154321 0.695020 0.702234 0.951982 -0.085613 0.293939 0.264414 0.713875 -0.648435
-9.411303 -76.499887 -1037.150039 2273.954265 -0.176829 0.685487 0.706285 0.976871 0.034580 0.211013 0.120224 0.727263 -0.675747
-13.251834 -73.729468 -1207.106891 905.616032 -0.174309 0.651720 0.738158 0.973552 0.001623 0.228462 0.147695 0.758458 -0.634766
-12.895013 -44.549799 -3157.443559 -978.130333 0.696362 0.288626 0.657095 -0.316849 0.945149 -0.079369 -0.643961 -0.152931 0.749617
-12.591649 -39.648740 -2072.771379 3277.620819 0.745716 0.051113 0.664301 -0.044169 0.998652 -0.027257 -0.664799 -0.009016 0.746968
3.658702 -35.218528 -2587.099911 4045.893898 0.210824 0.975694 -0.059780 0.869275 -0.215099 -0.445076 0.447117 -0.041867 0.893495
0.418647 -40.871125 -2536.242732 2984.360494 0.230235 0.971185 -0.061571 0.907440 -0.237115 -0.346884 0.351488 -0.023993 0.935885
9.732717 -34.825394 -2725.528354 3682.284123 0.206837 0.977092 -0.050092 0.877007 -0.207858 -0.433191 0.433679 -0.045669 0.899909
-1.516793 -31.504139 -2597.277673 2734.681336 0.227647 0.971507 -0.065965 0.851922 -0.231518 -0.469710 0.471599 -0.050731 0.880353
8.363872 -28.307853 -2880.391017 2843.200807 0.209289 0.976765 -0.046141 0.836349 -0.203253 -0.509125 0.506674 -0.067964 0.859455
-8.267114 -135.661307 1463.154019 -1795.055189 0.084105 0.392756 -0.915789 0.096560 0.911507 0.399788 0.991767 -0.122053 0.038738
-9.251388 -150.320406 663.952512 -5991.895093 0.117938 0.395849 -0.910711 -0.209658 0.906363 0.366809 0.970636 0.147677 0.189888
-7.812768 -52.866611 116.364591 -1189.987452 -0.238075 -0.064607 0.969096 0.333768 0.931576 0.144102 -0.912096 0.357760 -0.200221
-10.611846 -51.691359 1111.230746 -2173.981600 -0.260339 -0.086545 0.961631 0.384615 0.904245 0.185506 -0.885604 0.418152 -0.202124
1069.431573 -12497.947068 -1112043.407283 1796716.961182 -0.388293 0.878253 0.279107 -0.662190 -0.055278 -0.747295 0.640885 0.474991 -0.603034
-28.813506 -1090.705002 2043.465205 327660.113652 -0.754548 0.485058 -0.442014 0.378121 0.871854 0.311280 0.536360 0.067742 -0.841266
-37.549996 -919.575885 13352.530314 99507.921588 -0.778462 0.532747 -0.331932 0.525438 0.842368 0.119710 0.343384 -0.081220 -0.935677
17.729413 -49.875989 -2453.836268 184.094582 0.167435 0.981265 -0.095311 0.716109 -0.054602 0.695849 -0.677609 0.184763 0.711835
20.687229 -50.365192 3039.782534 847.342634 0.243108 0.959566 -0.141887 0.695862 -0.070619 0.714696 -0.675777 0.272482 0.684893
12.959545 -46.252945 349.966431 690.373160 0.219946 0.968167 -0.119486 0.784452 -0.102727 0.611622 -0.579878 0.228255 0.782075
13.126920 -50.024314 3937.222107 232.090391 0.285587 0.946369 -0.151085 0.699224 -0.097950 0.708161 -0.655383 0.307884 0.689697
9.895434 -46.256027 -3152.766749 1107.969520 0.107370 0.992119 -0.064588 0.799509 -0.047545 0.598770 -0.590980 0.115929 0.798313
11.619852 -41.622206 -3233.066193 2512.058258 0.152992 0.985585 -0.072224 0.867170 -0.098842 0.488105 -0.473930 0.137306 0.869791
10.195254 -43.032349 3044.583459 1559.580596 0.279845 0.948539 -0.148191 0.847995 -0.171852 0.501370 -0.450102 0.265971 0.852448
13.402190 -41.109679 18.277676 2337.346646 0.218184 0.970450 -0.103067 0.864958 -0.143390 0.480922 -0.451932 0.194078 0.870684
-19.524766 -38.966658 290.757775 163.677569 0.448671 0.888278 0.098265 -0.341342 0.068710 0.937424 -0.825942 0.454137 -0.334035
-22.345978 -38.971551 -874.787113 592.292102 0.364373 0.914933 0.173581 -0.336690 -0.044358 0.940570 -0.868258 0.401161 -0.291885
-21.312660 -40.011544 -1.979855 73.884413 0.457182 0.886161 0.075518 -0.241465 0.041955 0.969502 -0.855967 0.461474 -0.233157
-15.561358 -40.336817 2770.859030 -376.697189 0.539005 0.842053 0.020501 -0.222478 0.118850 0.967666 -0.812390 0.526138 -0.251399
-16.735711 -41.547900 3075.701685 -769.237513 0.546036 0.837656 -0.013318 -0.116945 0.091954 0.988872 -0.829559 0.538403 -0.148170
-22.713670 -41.060760 -88.854130 -731.919188 0.476549 0.879095 0.009626 -0.120213 0.054312 0.991261 -0.870891 0.473541 -0.131561
-17.315464 -49.762386 -782.597815 -1619.510286 0.013334 -0.669868 0.742360 0.148403 0.735530 0.661039 -0.988837 0.101354 0.109218
-17.767578 -48.636278 -367.780400 -1007.865283 0.077931 -0.561188 0.824012 -0.043070 0.823859 0.565157 -0.996028 -0.079534 0.040034
-14.606477 -42.845167 -1113.922876 -1066.840909 -0.008535 -0.470665 0.882271 -0.133907 0.874894 0.465435 -0.990957 -0.114170 -0.070493
3.523469 -193.548681 -8035.248947 -23936.672863 -0.130023 0.987804 0.085653 -0.269723 0.047890 -0.961746 0.954119 0.148152 -0.260207
-4.664181 -159.647031 -6509.022953 -40112.538214 -0.240533 0.969431 0.048462 0.127329 0.081010 -0.988547 0.962253 0.231607 0.142922
-7.420309 -149.706439 -5045.015077 -15470.504430 -0.290119 0.933701 0.209841 0.047881 0.233159 -0.971259 0.955792 0.271733 0.112351
-19.121183 -82.208850 -3448.048047 -17007.977714 -0.393045 0.900922 0.183996 0.235241 0.291960 -0.927050 0.888919 0.321089 0.326687
21.802985 -882.345657 -6414.908685 237089.599077 0.458327 -0.670120 -0.583846 0.096011 0.690390 -0.717038 0.883583 0.272582 0.380763
20.185018 -41.369369 -6475.649265 1477.685519 -0.878155 0.087468 0.470312 -0.119974 0.911452 -0.393524 -0.463088 -0.402000 -0.789902
23.970703 -44.355560 7565.095973 1178.277488 0.885166 -0.063635 -0.460904 -0.182957 0.863199 -0.470546 -0.427795 -0.500837 -0.752432
5.414268 -41.225830 -7720.902930 1399.722077 -0.874350 -0.000149 0.485296 -0.192012 0.918503 -0.345664 -0.445695 -0.395414 -0.803122
-23.951375 -75.938746 -6609.508145 2246.812405 -0.150986 0.978012 0.143861 0.819636 0.205212 -0.534869 0.552630 -0.037156 0.832598
-49.905863 -63.094211 -285.726804 -4082.690529 -0.074962 -0.413423 -0.907448 -0.301244 0.876880 -0.374611 0.950596 0.245281 -0.190274
-48.219976 -61.425274 -976.074906 -3646.680437 0.020464 -0.289176 -0.957057 -0.290242 0.914315 -0.282467 0.956734 0.283558 -0.065221
-48.786501 -53.792880 586.680776 -3842.187772 -0.043919 -0.517146 -0.854770 -0.159339 0.848269 -0.505025 0.986247 0.114018 -0.119657
-48.966265 -66.525404 -816.746513 -3434.799327 0.004125 -0.329134 -0.944274 -0.427531 0.853050 -0.299205 0.903991 0.404941 -0.137197
-50.254363 -66.175988 -196.085503 -380.670881 -0.106300 -0.390165 -0.914588 -0.504190 0.813934 -0.288625 0.857025 0.430445 -0.283239
-49.135154 -63.133847 353.153947 -4006.727817 -0.190683 -0.466715 -0.863607 -0.359635 0.851797 -0.380926 0.913402 0.237947 -0.330270
-3.115230 -144.535153 -2893.413665 3014.761939 0.931411 -0.334366 0.143783 -0.351193 -0.721863 0.596303 0.095592 0.605898 0.789778
-4.666957 -156.618391 -1895.703025 2002.731120 0.935059 -0.333280 0.120790 -0.298559 -0.556683 0.775220 0.191123 0.760939 0.620035
-8.031441 -135.908594 751.331028 -533.015528 0.922144 -0.381514 0.064008 -0.301042 -0.603805 0.738101 0.242948 0.699905 0.671647
26.322712 -49.694861 -5131.156055 -798.651873 0.086318 0.988594 0.123411 0.990156 -0.098828 0.099120 0.110186 0.113640 -0.987393
22.445728 -50.868107 -2258.959904 -71.007434 0.091919 0.991199 0.095263 -0.989606 0.101557 -0.101815 0.110593 0.084914 -0.990232
31.623808 -24.312353 -4884.102022 966.687622 -0.114980 0.862488 0.492842 0.729237 0.410178 -0.547693 0.674531 -0.296425 0.676121
46.675697 -29.702602 -7380.611196 1580.925239 -0.169531 0.840436 0.514710 0.789021 0.428683 -0.440088 0.590513 -0.331508 0.735796
-10.175051 -107.286924 -1771.914196 6874.500102 0.158643 0.985659 0.057514 0.623716 -0.145204 0.768045 -0.765382 0.085972 0.637808
-9.792614 -87.418921 725.496052 7957.528377 0.254678 0.963847 0.078347 0.736781 -0.245878 0.629839 -0.626332 0.102682 0.772764
