13088
26157
-30.447172 -51.888514 2114.426098 -5915.711712 0.995187 0.020604 -0.095805 -0.034434 -0.841781 -0.538720 0.091747 -0.539426 0.837019
-42.164176 -58.925853 -215.268081 -3949.471484 0.995348 -0.071938 -0.064086 -0.096310 -0.760350 -0.642334 0.002519 -0.645518 0.763741
-33.665145 -67.196990 1900.829217 -4660.750580 0.989768 0.137310 0.038804 0.123717 -0.690342 -0.712826 0.071091 -0.710333 0.700266
-36.628355 -51.880457 -525.088511 -2332.085082 0.823424 -0.488953 -0.287921 -0.563427 -0.644401 -0.517008 -0.067256 -0.587939 0.806104
-15.524890 -67.688082 4751.870663 -8811.103679 0.977661 0.156213 -0.140629 0.041883 -0.800429 -0.597962 0.205973 -0.578714 0.789091
-17.787867 -53.137517 3763.499464 -8394.714466 0.979693 0.093059 -0.177602 -0.000853 -0.883828 -0.467811 0.200504 -0.458463 0.865800
-23.861189 -38.522014 2378.539368 -4161.757751 0.942419 -0.191364 -0.274273 -0.286825 -0.884228 -0.368610 0.171981 -0.426053 0.888201
-30.036105 -40.742213 -789.149746 -2775.504065 0.754173 -0.551812 -0.355988 -0.653564 -0.683453 -0.325187 0.063859 -0.477908 0.876086
-41.417278 -60.770961 656.159481 511.528293 0.596418 -0.750221 -0.285401 0.633888 0.222099 0.740850 -0.492414 -0.622768 0.608020
-39.432511 -58.207243 560.259313 1668.893099 0.563803 -0.763257 -0.315541 0.734720 0.288999 0.613731 -0.377243 -0.577857 0.723719
-40.732264 -60.313634 407.910109 950.741153 -0.420525 0.865464 0.272270 0.705500 0.123240 0.697912 -0.570463 -0.485576 0.662410
-35.109232 -61.730978 1298.307698 -3223.063873 0.924135 -0.056195 -0.377910 0.375550 -0.048293 0.925543 0.070262 0.997251 0.023525
-33.514868 -59.085995 371.522985 -2285.280788 0.865672 -0.149807 -0.477671 0.476950 -0.043073 0.877874 0.152087 0.987777 -0.034164
-34.653397 -56.622027 1037.663246 -3492.395604 0.919910 -0.044889 -0.389551 0.391960 0.134458 0.910104 -0.011525 0.989902 -0.141284
-38.986846 -61.573449 1156.213498 -3623.689553 0.967468 0.079691 -0.240116 0.241194 -0.004043 0.970469 -0.076367 0.996811 0.023132
-12.922521 -34.453777 -463.853850 1470.881836 -0.585790 0.231115 0.776811 0.790703 0.373331 0.485193 -0.177872 0.898448 -0.401437
-7.973477 -31.496868 -204.541077 1273.054310 -0.619877 0.221378 0.752824 0.778450 0.294321 0.554428 -0.098833 0.929713 -0.354775
-12.399269 -37.138757 523.533163 1430.355817 0.729659 -0.178742 -0.660038 0.656917 0.451266 0.604003 -0.189892 0.874306 -0.446689
-17.703050 -36.543517 -884.392603 905.209067 -0.622805 0.209071 0.753926 0.735413 0.485278 0.472940 -0.266986 0.848996 -0.455987
-16.754468 -34.857324 -79.804590 1553.365588 -0.397147 0.281102 0.873645 0.884962 0.369491 0.283405 -0.243138 0.885696 -0.395507
-7.415807 -37.692395 66.145884 266.402916 0.827239 -0.316770 -0.464039 0.131183 -0.694189 0.707738 0.546321 0.646342 0.532705
-6.463743 -38.583208 84.632452 481.113626 0.809713 -0.331407 -0.484288 0.153380 -0.677058 0.719769 0.566427 0.657086 0.497391
-7.480309 -39.272474 -23.032017 502.015357 0.843117 -0.329166 -0.425209 0.198746 -0.544002 0.815206 0.499653 0.771823 0.393237
-7.985348 -37.676431 170.489444 65.113214 0.856731 -0.306618 -0.414726 0.185350 -0.567349 0.802347 0.481308 0.764265 0.429234
-7.991300 -36.961846 169.845363 194.302995 0.845113 -0.293138 -0.447051 0.111261 -0.721494 0.683423 0.522882 0.627309 0.577129
-2.706608 -59.326198 -89.695321 914.328019 0.788091 -0.058685 -0.612755 -0.444859 -0.742322 -0.501058 0.425457 -0.667468 0.611124
-2.347201 -52.085894 114.436073 860.280256 0.814291 -0.032807 -0.579529 -0.478940 -0.602044 -0.638873 0.327943 -0.797789 0.505952
-2.030435 -53.695112 -206.570831 667.677662 0.805392 -0.041695 -0.591274 -0.499853 -0.583904 -0.639690 0.318576 -0.810751 0.491113
-5.853776 -93.302760 202.597396 4875.457095 0.755404 0.140956 -0.639919 -0.446441 -0.604135 -0.660084 0.479640 -0.784316 0.393437
-6.163646 -105.698240 435.138556 1569.300068 0.748729 0.154072 -0.644723 0.272196 0.815372 0.510958 0.604413 -0.558060 0.568554
-8.894295 -99.426940 -674.918917 5709.566243 0.778511 0.123905 -0.615279 -0.429138 -0.610277 -0.665885 0.457997 -0.782438 0.421935
0.118821 -43.428112 -126.562905 -302.998285 0.839347 0.002557 -0.543590 -0.533325 0.197343 -0.822569 -0.105171 -0.980331 -0.167003
-0.780488 -45.680427 1.016196 886.045409 0.830069 0.007272 -0.557613 -0.557124 0.054637 -0.828630 -0.024441 -0.998480 -0.049404
0.037053 -43.944355 -416.775933 97.998818 0.849245 -0.014949 -0.527787 -0.520926 0.139338 -0.842153 -0.086130 -0.990132 -0.110545
-0.251788 -44.908337 -307.088486 962.058456 0.847199 -0.011983 -0.531140 -0.531189 -0.001053 -0.847253 -0.009593 -0.999928 0.007258
0.962366 -42.851476 -271.218879 56.510431 0.864742 -0.008029 -0.502152 -0.495595 0.148192 -0.855818 -0.081287 -0.988926 -0.124169
-8.096124 -35.279772 68.034332 -449.703021 0.864522 -0.247483 -0.437440 -0.014668 0.857569 -0.514160 0.502381 0.450919 0.737757
-7.717206 -35.871854 76.424577 -325.162555 0.843383 -0.280602 -0.458222 -0.023881 0.832385 -0.553683 0.536782 0.477910 0.695318
-8.535469 -36.014923 179.217427 330.622855 0.865162 -0.257886 -0.430105 0.095522 -0.757205 0.646155 0.492312 0.600113 0.630471
-7.214752 -35.395770 -31.384481 -83.695895 0.845377 -0.273018 -0.459128 0.066839 0.906826 -0.416172 0.529972 0.321135 0.784858
-8.871654 -35.076364 79.215848 441.907046 0.885185 -0.212808 -0.413715 0.090366 -0.793672 0.601597 0.456378 0.569911 0.683316
-7.773743 -35.067093 43.017585 30.377636 0.863605 -0.252166 -0.436576 0.074849 0.920462 -0.383597 0.498582 0.298599 0.813790
-8.666868 -34.939651 94.268906 -294.936548 0.884181 -0.222299 -0.410861 -0.003987 0.875894 -0.482487 0.467127 0.428244 0.773563
20.866949 -90.975157 9600.324021 -5567.553288 -0.574579 -0.066667 -0.815730 0.783169 -0.334257 -0.524326 -0.237708 -0.940121 0.244269
20.170221 -80.321440 6015.315746 -685.443840 -0.591826 -0.099456 -0.799906 0.732152 -0.481441 -0.481837 -0.337186 -0.870817 0.357747
45.540149 -86.620369 14264.437820 -6209.390942 -0.501871 -0.145802 -0.852565 0.843133 -0.302419 -0.444601 -0.193008 -0.941958 0.274706
36.571681 -94.738183 13787.219816 -6027.918741 -0.548090 -0.077164 -0.832852 0.830095 -0.172403 -0.530302 -0.102667 -0.981999 0.158546
85.264771 -95.156919 24248.559593 -7679.394854 -0.436485 -0.151013 -0.886948 0.898831 -0.116794 -0.422447 -0.039795 -0.981608 0.186714
75.427898 -82.135178 16091.634460 -5683.839697 -0.383626 -0.312849 -0.868882 0.917933 -0.232223 -0.321669 -0.101140 -0.920977 0.376261
-2.357745 -175.629124 -420.505960 -35374.151349 -0.177402 -0.051496 -0.982790 0.873208 0.452360 -0.181324 0.453912 -0.890348 -0.035282
-3.663982 -171.906513 159.661500 -17471.882316 -0.188467 -0.037849 -0.981350 0.785354 0.594165 -0.173742 0.589660 -0.803452 -0.082256
-4.446474 -196.045492 -45.851470 -25432.226898 -0.187980 -0.039580 -0.981375 0.650033 0.744030 -0.154520 0.736288 -0.666973 -0.114134
14.041218 -148.152375 1836.672736 1721.421702 0.509332 0.159189 0.845718 0.443300 0.793790 -0.416392 -0.737608 0.586989 0.333734
17.956310 -169.369621 452.048284 -2183.987760 0.425918 0.174106 0.887852 0.439342 0.818050 -0.371178 -0.790932 0.548162 0.271930
10.666377 -151.766934 -165.054268 10824.235724 0.455697 0.144848 0.878270 0.684078 0.574322 -0.449658 -0.569542 0.805713 0.162629
-10.064665 -24.261845 -35.204681 -1764.205598 -0.080675 -0.758152 0.647068 0.914957 -0.313860 -0.253666 0.395406 0.571574 0.718997
-10.276855 -24.604003 1423.333716 -1261.003708 -0.264478 -0.666092 0.697405 0.853640 -0.498169 -0.152075 0.448721 0.555112 0.700357
-11.528567 -20.356608 1286.866924 -2086.236739 -0.109030 -0.734434 0.669865 0.918171 -0.332620 -0.215235 0.380886 0.591584 0.710601
-20.780678 -91.268671 1050.336493 1572.364975 0.489670 0.385330 0.782141 0.058894 0.880379 -0.470600 -0.869917 0.276502 0.408401
-19.950760 -88.044084 -459.516825 3596.399231 0.448119 0.367184 0.815086 0.330446 0.779148 -0.532668 -0.830659 0.508040 0.227817
-17.311931 -86.963378 -1173.408748 1901.646258 0.398469 0.376946 0.836143 0.126946 0.880202 -0.457306 -0.908354 0.288367 0.302881
-40.428522 -195.678056 24497.707298 49351.188028 -0.443442 -0.292791 -0.847132 0.405515 0.777338 -0.480940 0.799322 -0.556794 -0.225973
-6.935821 -642.709190 19597.238249 184412.689197 -0.321228 -0.068432 -0.944526 0.595873 0.760589 -0.257759 0.736035 -0.645617 -0.203546
180.295279 -98.744897 -78801.961783 8942.589748 0.755900 0.178879 0.629776 0.574334 0.280559 -0.769043 0.314255 -0.943021 -0.109338
-5.025683 -1033.338476 -9559.055024 309496.798538 -0.112081 -0.134023 -0.984620 0.474167 0.863566 -0.171521 0.873272 -0.486098 -0.033240
-93.872238 -314.415054 37369.600831 89982.391062 -0.410863 -0.186643 -0.892388 0.402012 0.841434 -0.361075 0.818278 -0.507103 -0.270681
-40.832428 -197.291825 7135.538570 49505.279359 -0.245055 -0.023546 -0.969223 0.505165 0.850172 -0.148378 0.827500 -0.525978 -0.196444
-16.503150 -28.910509 -1885.787104 439.791572 0.986466 -0.163498 0.012404 0.009144 0.130384 0.991421 0.163713 0.977890 -0.130115
-13.080816 -27.251356 -1551.497034 177.131623 0.984828 -0.148598 -0.089628 0.101731 0.075939 0.991909 0.140589 0.985978 -0.089904
-14.792887 -28.427206 -590.627925 901.663647 0.978606 -0.193078 0.071074 -0.055981 0.082540 0.995014 0.197982 0.977705 -0.069966
-17.458769 -30.891325 202.705902 1195.952200 0.961793 -0.202052 0.184744 -0.151755 0.168194 0.974003 0.227872 0.964824 -0.131105
-4.925750 -78.351302 270.173935 2381.114560 0.839681 -0.345163 -0.419283 0.343175 -0.261141 0.902240 0.420911 0.901481 0.100824
-4.331968 -87.035241 129.467244 1803.665941 0.845989 -0.364615 -0.389049 0.400293 -0.047699 0.915145 0.352233 0.929936 -0.105600
-5.492483 -82.808570 269.087553 1302.116906 0.849680 -0.343896 -0.399723 0.407082 -0.054015 0.911793 0.335153 0.937453 -0.094099
21.479624 19.162554 -516.614969 -5674.849542 0.915582 0.317510 0.246774 -0.401352 0.759698 0.511640 0.025023 0.567491 -0.822999
29.016195 25.734914 -7220.938916 261.952906 0.270975 0.808426 0.522514 0.962295 -0.214160 -0.167700 -0.023672 0.548255 -0.835976
27.590447 24.319340 -660.109119 3162.070099 -0.109619 0.639618 0.760836 0.990431 0.005722 0.137888 0.083842 0.768671 -0.634125
40.434792 26.356550 -2333.121473 -786.703340 0.254088 0.693224 0.674448 0.965803 -0.144649 -0.215175 -0.051606 0.706057 -0.706272
20.514136 15.595051 -3167.244376 4883.040467 -0.643179 0.604973 0.469392 0.756498 0.407211 0.511752 0.118454 0.684242 -0.719570
33.620548 20.919084 7293.115703 1003.369551 0.106382 0.509791 0.853696 0.994226 -0.066695 -0.084067 0.014081 0.857709 -0.513942
21.933050 7.950060 -131.984443 7465.993942 -0.614961 0.503741 0.606686 0.779807 0.274185 0.562782 0.117153 0.819187 -0.561434
26.176411 8.718669 2743.832108 9421.131787 -0.556358 0.445858 0.701197 0.827260 0.217842 0.517866 0.078145 0.868191 -0.490038
8.393476 -178.938103 354.419462 27276.887450 0.877437 -0.284591 -0.386150 -0.478802 -0.568589 -0.668921 0.029192 -0.771825 0.635164
6.788936 -196.757746 -154.749046 21188.490050 0.876546 -0.329361 -0.350983 -0.480301 -0.645940 -0.593357 0.031285 -0.688682 0.724388
8.499528 -192.918083 431.306373 4891.518332 0.859314 -0.321786 -0.397534 -0.454890 -0.836153 -0.306467 0.233782 -0.444186 0.864896
7.990945 -137.558880 0.697420 15668.685792 0.877044 -0.274616 -0.394183 -0.476195 -0.605393 -0.637760 0.063497 -0.747052 0.661727
8.782314 -131.438427 76.036513 19152.897487 0.892243 -0.258413 -0.370304 -0.450041 -0.441784 -0.776074 -0.036953 -0.859098 0.510475
8.110060 -158.342707 375.170504 8279.935391 0.860955 -0.293303 -0.415608 -0.476729 -0.750245 -0.458108 0.177443 -0.592542 0.785753
44.293901 -54.319024 1736.918604 -2641.677789 0.978776 -0.052985 -0.197963 0.116873 0.937826 0.326838 -0.168338 0.343037 -0.924115
44.858849 -68.541067 1058.018535 -5792.437537 0.960396 -0.129840 -0.246538 0.236194 0.848758 0.473098 -0.147824 0.512592 -0.845812
52.689353 -70.967939 1596.735024 -5369.740390 0.928021 -0.022149 -0.371868 0.159817 0.925374 0.343717 -0.336504 0.378408 -0.862307
53.338904 -81.138193 1416.849712 -4923.293627 0.923880 -0.037007 -0.380888 0.262967 0.784486 0.561631 -0.278018 0.619041 -0.734503
79.970024 -19.670234 -18466.886257 1267.918724 0.466547 -0.744205 -0.478009 0.736910 0.028157 0.675404 -0.489180 -0.667357 0.561549
86.926652 -28.005605 -4885.769382 4313.685218 0.572846 -0.510747 -0.641081 0.756683 0.028870 0.653144 -0.315083 -0.859246 0.403012
78.229164 -25.421862 -12821.330985 4049.670467 0.406093 -0.700399 -0.586966 0.786206 -0.059622 0.615082 -0.465800 -0.711257 0.526446
56.958205 -17.248583 -11248.607218 317.823209 0.329967 -0.813476 -0.478934 0.757771 -0.074302 0.648277 -0.562944 -0.576833 0.591911
56.102839 -20.260935 -6595.362417 292.581533 0.279776 -0.776658 -0.564382 0.754295 -0.185856 0.629680 -0.593940 -0.601880 0.533832
11.641735 -36.134726 4661.552083 -478.070055 0.999289 0.024336 -0.028801 -0.032957 0.934826 -0.353574 -0.018319 -0.354272 -0.934963
-1.219656 -35.307967 1397.079455 -980.047144 0.997743 -0.024501 -0.062521 -0.006049 0.894478 -0.447070 -0.066877 -0.446440 -0.892311
-1.019771 -37.254319 2128.889666 -896.345638 0.998282 -0.003928 -0.058455 -0.016667 0.937484 -0.347628 -0.056166 -0.348005 -0.935809
14.847562 -34.160539 4767.153435 -51.005421 0.998468 0.034727 -0.043087 -0.050031 0.899222 -0.434622 -0.023652 -0.436112 -0.899582
26.262330 -35.281610 5924.016843 -80.447953 0.997154 0.011873 -0.074448 -0.040351 0.918214 -0.394025 -0.063681 -0.395908 -0.916080
-20.146679 -42.633738 591.960536 -7419.270138 0.773415 0.419316 0.475398 0.629377 -0.418526 -0.654767 0.075588 -0.805611 0.587603
-16.541787 -28.332667 -2442.398114 -3248.688443 0.978220 0.139575 0.153638 0.207077 -0.605174 -0.768689 0.014312 -0.783762 0.620896
-21.311260 -38.221943 -430.056185 -8059.892062 0.816686 0.319524 0.480549 0.577020 -0.439985 -0.688085 0.008425 -0.839236 0.543702
-16.456582 -28.067588 -539.913240 -4785.893404 0.915563 0.301335 0.266347 0.399134 -0.599555 -0.693704 0.049348 -0.741439 0.669203
-22.210244 -50.003574 -23.796160 -8137.858496 -0.694451 -0.406758 -0.593536 0.714912 -0.296650 -0.633166 0.081473 -0.864029 0.496805
-17.368472 -39.116183 568.181913 -3848.972021 0.812150 0.456076 0.363877 0.558577 -0.427636 -0.710717 0.168534 -0.780463 0.602058
-20.054758 -48.016707 1268.473294 -1140.841456 0.723922 0.434729 0.535676 0.656436 -0.195225 -0.728683 0.212202 -0.879146 0.426699
-16.950164 -45.914603 3283.544543 -972.265158 0.774622 0.482684 0.408628 0.577822 -0.277534 -0.767526 0.257065 -0.830657 0.493889
-2.005852 -49.421270 554.200142 1604.723511 0.758181 -0.588514 0.280736 0.343290 -0.005768 -0.939212 -0.554358 -0.808467 -0.197657
-0.487794 -51.899173 172.919451 1933.664219 0.763300 -0.594376 0.253161 0.320337 0.007909 -0.947271 -0.561032 -0.804149 -0.196437
-2.980160 -55.485073 514.734135 1496.413500 0.768997 -0.594618 0.234678 0.167161 -0.167292 -0.971633 -0.617010 -0.786411 0.029251
-4.789629 -52.788056 693.659172 1491.363675 0.761600 -0.596909 0.252320 0.190646 -0.165754 -0.967564 -0.619371 -0.785000 0.012440
-3.553459 -47.056525 525.768930 1311.570715 0.740761 -0.595614 0.310673 0.371948 -0.021459 -0.928005 -0.559400 -0.802984 -0.205641
2.123589 -80.279438 -194.017845 3651.705912 0.377837 0.911949 -0.159964 0.641736 -0.382484 -0.664741 0.667393 -0.148509 0.729747
3.447726 -86.922000 -376.734217 4401.431846 0.379435 0.909816 -0.168118 0.657224 -0.392937 -0.643162 0.651219 -0.133546 0.747047
1.593930 -74.249136 -25.315414 4724.211559 0.395191 0.898226 -0.192387 0.474289 -0.378879 -0.794670 0.786685 -0.222800 0.575749
1.246841 -70.328496 67.434995 5223.109654 0.392956 0.901121 -0.183213 0.451368 -0.362603 -0.815344 0.801157 -0.237698 0.549224
0.672778 -75.887736 -276.430728 3421.282289 0.392119 0.905492 -0.162256 0.621613 -0.390831 -0.678858 0.678115 -0.165333 0.716118
-13.032091 -41.832287 -2181.367500 -2046.065920 -0.076431 0.994105 0.076902 -0.694678 -0.108420 0.711103 -0.715249 -0.000928 -0.698869
-15.498410 -40.031310 -1796.612657 -1921.815790 -0.049146 0.992875 0.108552 -0.695638 -0.112015 0.709605 -0.716709 0.040639 -0.696187
-12.771163 -37.189451 -1752.828364 -1233.590461 -0.034676 0.998869 0.032522 -0.762185 -0.047480 0.645615 -0.646429 0.002401 -0.762970
-10.047071 -43.073860 -1351.831497 -1727.563791 -0.096676 0.993010 0.067719 -0.695381 -0.116065 0.709207 -0.712109 -0.021472 -0.701740
-8.068513 -39.045554 -575.895739 -796.928472 -0.076250 0.996036 0.045808 -0.775989 -0.088128 0.624560 -0.626121 -0.012077 -0.779632
47.071899 -11.747581 3049.433520 -875.796672 0.948281 0.181476 -0.260443 -0.084576 -0.646363 -0.758329 0.305958 -0.741136 0.597585
37.373400 -10.151599 7734.807888 -1508.469263 0.875478 0.421977 -0.235529 0.079228 -0.606112 -0.791424 0.476719 -0.674214 0.564070
60.148404 -15.131284 6491.294535 -1324.185661 0.916527 0.291547 -0.273824 -0.042714 -0.609346 -0.791753 0.397687 -0.737359 0.546028
-12.253187 -68.541117 -1905.028923 -3008.948896 -0.504869 0.862508 -0.034449 -0.551677 -0.291715 0.781380 -0.663898 -0.413499 -0.623104
-15.010352 -63.431965 -435.684049 -2709.226731 -0.460368 0.887621 -0.013797 -0.610776 -0.305426 0.730526 -0.644216 -0.344737 -0.682746
-13.285747 -62.098648 -1713.283743 -1271.455586 -0.467244 0.881744 -0.064894 -0.679779 -0.311348 0.664051 -0.565318 -0.354387 -0.744866
-10.298836 -68.168241 -2403.241011 -2572.080101 -0.495239 0.865614 -0.073822 -0.636564 -0.303737 0.708894 -0.591206 -0.398065 -0.701442
-10.310777 -62.143873 -1861.096018 -1364.648585 -0.474510 0.876106 -0.085313 -0.733555 -0.339998 0.588472 -0.486558 -0.341817 -0.804004
-13.746656 -58.069303 -793.480124 -1275.443202 -0.411861 0.908639 -0.068887 -0.775496 -0.309805 0.550115 -0.478514 -0.279992 -0.832243
-15.243385 -31.326240 908.638961 -891.508462 0.929846 0.363073 0.059696 -0.325438 0.735822 0.593848 -0.171685 0.571615 -0.802359
-10.803342 -27.580640 957.348254 -2343.216821 0.821556 0.516893 0.240555 -0.553320 0.621194 0.554937 -0.137411 0.589016 -0.796353
-13.651312 -26.908231 876.310462 286.255063 0.977397 0.211410 -0.001238 -0.177746 0.824901 0.536605 -0.114465 0.524256 -0.843833
1.491397 -283.443176 1629.789265 7696.281892 -0.388622 0.694087 -0.605984 -0.166663 0.593878 0.787104 -0.906199 -0.406881 0.115115
4.159786 -266.335553 2230.178113 9900.859414 -0.367553 0.706184 -0.605152 -0.125028 0.607271 0.784596 -0.921560 -0.364042 0.134912
4.103343 -234.931218 1564.510378 24405.854678 -0.364928 0.692582 -0.622220 -0.384630 0.496466 0.778191 -0.847872 -0.523309 -0.085213
2.282488 -289.310611 180.144779 21209.941794 -0.356755 0.670707 -0.650291 -0.548059 0.413457 0.727107 -0.756543 -0.615797 -0.220084
2.403150 -326.573670 1073.448118 47977.528149 -0.387505 0.677602 -0.625056 -0.400368 0.487048 0.776202 -0.830389 -0.551035 -0.082556
-6.502547 -39.443188 -4425.569224 1615.690887 0.892344 -0.382883 0.239004 0.291280 0.084007 -0.952942 -0.344787 -0.919969 -0.186489
-13.359471 -35.171477 -3778.061597 745.530943 0.829385 -0.405808 0.383979 0.461178 0.109375 -0.880540 -0.315333 -0.907390 -0.277864
-23.016194 -43.316194 -3726.304074 -54.703652 0.796938 -0.357990 0.486552 0.522000 0.002797 -0.852941 -0.303983 -0.933721 -0.189100
-14.341599 -45.289399 -4557.031898 1032.250803 0.882695 -0.365002 0.296011 0.302278 -0.041312 -0.952324 -0.359829 -0.930090 -0.073866
2.061990 -44.731362 -4293.021339 1424.322768 0.906616 -0.373844 0.195673 0.205696 -0.013330 -0.978525 -0.368424 -0.927396 -0.064813
7.413892 -20.925890 1600.193117 64.634574 -0.752447 -0.594393 0.283761 -0.607999 0.792497 0.047815 -0.253301 -0.136548 -0.957702
11.591312 -22.891570 1047.880910 121.465998 0.674694 0.713059 -0.190617 -0.721365 0.691707 0.034245 -0.156270 -0.114400 -0.981067
5.464288 -21.835878 456.008618 -223.324061 0.641146 0.739315 -0.205779 -0.734094 0.669005 0.116357 -0.223692 -0.076459 -0.971656
2.631404 -22.783152 755.573601 -1665.974876 -0.778804 -0.558264 0.286015 -0.563755 0.822878 0.071074 -0.275034 -0.105890 -0.955586
3.208865 -22.561157 2387.862947 -1155.968766 -0.836156 -0.441545 0.325393 -0.459947 0.887659 0.022599 -0.298816 -0.130768 -0.945309
3.200824 -22.440864 3154.743081 -324.193055 -0.846478 -0.408172 0.341862 -0.440489 0.897556 -0.019033 -0.299072 -0.166698 -0.939557
12.589382 -33.061169 -1792.144892 -1384.600591 -0.238195 -0.808028 -0.538845 0.960452 -0.278354 -0.007158 -0.144206 -0.519240 0.842374
9.158076 -25.366682 -1468.626670 -1115.254292 -0.230579 -0.804512 -0.547352 0.947777 -0.313066 0.060890 -0.220344 -0.504728 0.834684
3.288947 -30.308769 -2273.596369 -2500.193234 -0.116907 -0.857242 -0.501466 0.973418 -0.199038 0.113317 -0.196951 -0.474889 0.857724
-39.841971 -60.113651 -676.560117 -2966.159899 0.922759 -0.328587 -0.201359 -0.374257 -0.639471 -0.671571 -0.091906 -0.695059 0.713054
-45.897260 -64.232488 -847.531754 -1978.813894 0.995073 -0.086032 -0.049270 -0.092542 -0.627729 -0.772911 -0.035567 -0.773663 0.632598
-41.107305 -61.160580 765.958452 55.826753 -0.304325 0.928797 0.211476 0.586063 0.007547 0.810230 -0.750944 -0.370512 0.546631
-39.298071 -59.420903 721.565871 -179.127308 -0.211012 0.971070 0.111786 0.423042 -0.012372 0.906026 -0.881198 -0.238472 0.408193
-41.898952 -60.755497 802.356428 -208.290586 -0.362822 0.919175 0.153221 0.423098 0.015992 0.905943 -0.830270 -0.393524 0.394703
-34.125133 -55.576862 -464.039761 -2906.929572 0.840127 -0.166028 -0.516354 0.535235 0.099654 0.838804 0.087808 0.981073 -0.172586
-9.028070 -35.365169 -475.087229 1580.401971 0.759795 -0.168155 -0.628041 0.639839 0.364850 0.676381 -0.115404 0.915756 -0.384803
-0.220836 -27.516599 95.344118 814.163938 -0.521769 0.256426 0.813635 0.852805 0.132251 0.505207 0.021945 0.957473 -0.287686
-5.354199 -30.869969 -1052.560755 1638.046645 0.706814 -0.183832 -0.683095 0.706411 0.234437 0.667849 -0.037371 0.954592 -0.295565
-4.918334 -39.553210 455.965714 566.876527 0.778531 -0.356426 -0.516576 0.200934 -0.638210 0.743178 0.594572 0.682385 0.425248
-4.798009 -37.957827 421.060838 -308.245512 0.777722 -0.356150 -0.517982 -0.089853 0.752569 -0.652354 0.622153 0.553892 0.553289
-2.918856 -39.836602 615.953972 615.220348 0.758494 -0.364103 -0.540477 0.202394 -0.656732 0.726457 0.619454 0.660402 0.424435
-4.460837 -37.314481 427.890393 -159.561350 0.773091 -0.354745 -0.525819 0.024921 0.845330 -0.533663 0.633805 0.399466 0.662358
-2.839074 -37.769539 556.344650 -373.619006 0.759742 -0.363469 -0.539150 -0.083407 0.767848 -0.635179 0.644853 0.527541 0.553050
1.088761 -40.214337 210.881198 -66.870363 0.884574 0.023617 -0.465801 -0.459593 0.214143 -0.861926 -0.079392 -0.976517 -0.200280
0.710034 -39.821145 306.939037 416.681061 0.887871 0.023909 -0.459470 -0.435668 0.364737 -0.822897 -0.147911 -0.930804 -0.334256
2.024543 -40.605666 127.707051 66.029086 0.885866 0.011050 -0.463810 -0.450880 0.256048 -0.855071 -0.109309 -0.966601 -0.231807
-0.843944 -39.741085 426.204000 316.220117 0.882012 0.033794 -0.470013 -0.454482 0.324528 -0.829535 -0.124499 -0.945272 -0.301597
1.895994 -40.922116 51.932263 -68.523224 0.878556 0.013386 -0.477452 -0.476643 0.089116 -0.874568 -0.030842 -0.995931 -0.084674
-0.321300 -40.074317 397.267276 -222.187689 0.882274 0.032071 -0.469642 -0.467714 0.172586 -0.866867 -0.053252 -0.984472 -0.167268
1.389619 -40.383340 142.265453 -271.256905 0.881637 0.020100 -0.471500 -0.471916 0.044765 -0.880507 -0.003409 -0.998795 -0.048951
0.066283 -99.331283 2495.001147 106.299333 0.721153 0.178072 -0.669499 0.304998 0.786096 0.537614 0.622025 -0.591897 0.512584
-4.102353 -100.244956 -67.622379 3066.341858 0.768082 0.157354 -0.620717 0.109260 0.922920 0.369162 0.630962 -0.351366 0.691686
-0.343322 -45.229373 219.633155 869.925627 0.826900 0.023067 -0.561876 -0.561691 0.082215 -0.823252 -0.027205 -0.996348 -0.080940
-0.595371 -50.247251 363.720922 2338.516218 0.821952 0.023483 -0.569073 -0.566619 -0.067636 -0.821199 0.057774 -0.997434 0.042288
-1.342932 -50.097481 80.805255 1897.517928 0.818672 0.004201 -0.574245 -0.570500 -0.108300 -0.814125 0.065611 -0.994109 0.086266
-11.307832 -25.164553 331.344376 2593.176080 0.766170 -0.359791 -0.532479 -0.606708 -0.678146 -0.414757 0.211873 -0.640834 0.737863
-11.081231 -20.053434 -113.041655 -1736.784649 0.691749 -0.427882 -0.581722 0.700737 0.592387 0.397548 0.174501 -0.682638 0.709616
-9.207611 -24.090740 426.282022 2347.972758 0.810674 -0.273072 -0.517918 -0.528922 -0.720916 -0.447796 0.251095 -0.636955 0.728862
-11.752232 -19.806666 260.469051 2086.301454 0.730375 -0.419250 -0.539242 -0.669881 -0.593915 -0.445561 0.133463 -0.686654 0.714628
-8.425022 -30.454262 764.494326 2134.277367 0.840373 -0.230412 -0.490595 -0.456880 -0.788114 -0.412477 0.291605 -0.570777 0.767580
-10.962930 -31.361075 814.741518 2159.463770 0.826638 -0.286620 -0.484271 -0.499908 -0.769166 -0.398091 0.258384 -0.571168 0.779105
-12.690248 -25.236869 760.140120 2917.960816 0.784578 -0.370164 -0.497410 -0.596483 -0.669599 -0.442544 0.169252 -0.643906 0.746149
8.644285 -81.979210 3826.781768 -846.474978 -0.626563 -0.057849 -0.777221 0.687287 -0.511244 -0.516010 -0.367498 -0.857487 0.360086
1.537503 -180.434712 -610.130589 -13910.699891 0.345755 -0.045074 0.937242 -0.542251 0.805573 0.238782 -0.765779 -0.590780 0.254090
1.481665 -146.550870 1305.597327 16071.556750 -0.287726 0.025946 -0.957361 0.768834 -0.589797 -0.247051 -0.571058 -0.807135 0.149752
2.526565 -156.105829 -852.944709 10935.854583 -0.327046 0.008401 -0.944971 0.669882 -0.703256 -0.238092 -0.666557 -0.710887 0.224370
1.297195 -136.303459 -986.153300 15037.937653 -0.340600 -0.000242 -0.940208 0.796569 -0.531307 -0.288428 -0.499469 -0.847180 0.181155
2.891375 -173.429492 -219.902145 -9280.035986 0.337551 -0.052734 0.939829 -0.486172 0.845184 0.222038 -0.806037 -0.531868 0.259655
1.755317 -209.286288 -33.946009 -4655.097769 0.338906 -0.102718 0.935196 -0.225032 0.956319 0.186587 -0.913512 -0.273685 0.300987
1.382569 -136.009753 -27.283652 -6201.950516 0.333974 -0.022907 0.942304 -0.616094 0.751291 0.236621 -0.713365 -0.659573 0.236799
2.979067 -152.620300 -49.689736 -4993.473169 0.364042 -0.058083 0.929570 -0.398196 0.892534 0.211712 -0.841970 -0.447223 0.301792
0.395583 -106.995113 -634.216931 -7481.116771 -0.367728 -0.028148 -0.929507 0.086511 0.994172 -0.064331 0.925901 -0.104069 -0.363150
-1.744566 -103.119272 -128.864384 -3859.713630 -0.381764 -0.035407 -0.923581 0.145096 0.984580 -0.097722 0.912800 -0.171315 -0.370740
-2.476956 -110.661461 -298.318545 -4979.380560 -0.376890 -0.045122 -0.925158 -0.024638 0.998948 -0.038683 0.925930 0.008214 -0.377605
-7.279698 -27.341437 -992.101620 607.699807 0.415371 0.545088 -0.728248 -0.732347 0.675259 0.087717 0.539569 0.496895 0.679677
-13.703313 -25.355107 1999.255171 -756.572712 -0.456947 -0.498415 0.736737 0.735456 -0.677569 -0.002234 0.500304 0.540817 0.676176
-18.585493 -63.125252 470.247301 -48.638418 0.529352 0.149241 0.835173 0.816077 0.179574 -0.549337 -0.231958 0.972358 -0.026734
-20.116789 -65.476750 530.214719 1437.682385 0.564523 0.185226 0.804366 0.743207 0.309901 -0.592963 -0.359106 0.932552 0.037285
-17.853188 -67.745531 1436.409057 509.154811 0.598819 0.129934 0.790274 0.716337 0.354382 -0.601061 -0.358157 0.926030 0.119134
-18.772327 -57.948053 144.313889 36.874848 0.471877 0.197607 0.859234 0.852674 0.145574 -0.501753 -0.224232 0.969412 -0.099801
-16.859705 -57.416658 988.186402 1573.408339 0.478189 0.144330 0.866316 0.875940 -0.006769 -0.482373 -0.063757 0.989506 -0.129661
-15.812623 -63.518399 589.618283 1984.436140 0.552190 0.101276 0.827544 0.827701 0.052445 -0.558713 -0.099984 0.993475 -0.054866
398.613146 -128.086910 29942.417717 44898.128684 0.927314 0.366811 0.074416 0.011924 0.169770 -0.985412 0.374094 -0.914674 -0.153057
38.501085 -1008.960254 -1351.046433 285984.186700 -0.005321 0.034369 -0.999395 0.467139 0.883744 0.027905 0.884168 -0.466707 -0.020757
7.645372 -94.339063 900.688688 -1520.594246 0.654986 0.009672 0.755579 -0.493003 -0.752317 0.436998 -0.572661 0.658730 0.487989
8.729991 -100.287318 206.218566 2156.471221 0.647266 0.027423 0.761771 0.350546 0.876700 -0.329415 -0.676878 0.480255 0.557845
9.439485 -94.757569 -683.515655 -1900.860749 0.608843 0.046775 0.791911 -0.506994 -0.744840 0.433786 -0.610137 0.665602 0.429776
-0.520973 -64.869479 -499.694384 532.273157 0.603249 0.033339 0.796856 0.777557 -0.246909 -0.578309 0.177471 0.968465 -0.174870
-2.732634 -56.911555 890.125741 -152.567486 0.605454 0.003180 0.795874 0.758878 -0.303674 -0.576096 0.239854 0.952771 -0.186274
-0.878615 -62.347052 1281.086048 2239.400846 0.629608 -0.023145 0.776568 0.769330 -0.120742 -0.627338 0.108284 0.992414 -0.058214
2.764085 -69.899967 -164.774737 2123.820059 0.619717 0.023233 0.784481 0.784819 -0.014516 -0.619554 -0.003006 0.999625 -0.027230
2.351315 -63.858835 -41.369572 1561.380677 0.594276 0.020686 0.803995 0.793849 -0.175427 -0.582262 0.128998 0.984275 -0.120674
-12.986363 -28.346009 -1555.902897 164.431577 0.989657 -0.131912 -0.056381 0.077322 0.159455 0.984173 0.120834 0.978352 -0.168005
-9.912347 -27.070586 -772.106504 -30.810958 0.981565 -0.123843 -0.145580 0.160125 0.116955 0.980144 0.104357 0.985385 -0.134629
-9.475733 -25.891133 -1147.189007 243.988087 0.976042 -0.130000 -0.174476 0.179175 0.025287 0.983492 0.123442 0.991191 -0.047974
2.989282 -251.621454 63.008360 52842.411644 0.882855 -0.345415 -0.318207 -0.455511 -0.464804 -0.759254 -0.114354 -0.815258 0.567695
6.442544 -232.230167 -544.991859 5360.439677 0.890501 -0.336120 -0.306644 -0.438183 -0.815021 -0.379127 0.122489 -0.471979 0.873059
7.457318 -203.955613 -171.307724 -509.722309 0.871083 -0.339449 -0.354949 -0.437791 -0.864226 -0.247898 0.222608 -0.371333 0.901420
51.533013 -1986.448001 5727.719509 -419414.785653 -0.761926 -0.013032 -0.647533 -0.147327 0.977074 0.153690 0.630685 0.212500 -0.746378
11.329059 -1824.886592 912.907272 -562004.215268 0.805778 -0.232598 0.544629 -0.250811 0.699065 0.669628 0.536485 0.676170 -0.504953
-8.265534 -1554.785059 343.012453 -467154.118817 0.837336 -0.207687 0.505701 -0.296535 0.604576 0.739293 0.459276 0.768995 -0.444647
-5.883542 -536.784099 3734.515259 -117810.467205 -0.811588 0.177342 -0.556664 0.065947 0.974535 0.214320 0.580496 0.137229 -0.802616
33.467978 -77.633582 3526.160051 -4111.590672 0.896128 -0.410659 -0.168267 0.377736 0.506761 0.774925 0.232959 0.757992 -0.609243
31.680350 -69.461957 3289.093471 -7569.285688 0.918579 -0.373061 -0.130529 0.367699 0.685515 0.628384 0.144946 0.625216 -0.766874
14.000672 -66.468276 6555.475720 -4279.752192 0.865097 -0.492734 -0.093912 0.395739 0.555407 0.731378 0.308216 0.669878 -0.675475
-9.322047 -62.055801 8545.406366 -3702.930933 0.830948 -0.551790 -0.071093 0.412321 0.524990 0.744565 0.373521 0.648008 -0.663753
6.678185 -69.751017 8966.883606 -548.219324 0.788546 -0.592671 -0.164125 0.390998 0.277174 0.877665 0.474675 0.756251 -0.450297
28.423331 -78.299009 4667.462387 -254.084280 0.860760 -0.468330 -0.199397 0.368819 0.303862 0.878431 0.350807 0.829659 -0.434281
86.535522 -25.196979 -5694.552537 499.750135 0.655925 -0.493484 -0.571171 0.698462 0.109893 0.707159 -0.286204 -0.862784 0.416762
98.389994 -35.005946 12659.438186 1956.487430 0.689777 -0.204907 -0.694421 0.718028 0.070437 0.692441 -0.092973 -0.976244 0.195715
93.914294 -43.125168 8432.341989 5292.966302 0.628387 -0.220116 -0.746109 0.758899 -0.037232 0.650143 -0.170886 -0.974763 0.143650
-0.160143 -8.078200 369.789905 2243.052873 -0.486716 0.361448 0.795275 0.802736 0.544143 0.243973 -0.344560 0.757142 -0.554990
6.009972 -4.034832 1475.760030 597.105967 -0.100077 0.570583 0.815120 0.932905 0.338643 -0.122512 -0.345937 0.748169 -0.566190
-0.329533 -5.492752 377.357717 1512.497530 -0.584441 0.288270 0.758505 0.735393 0.583264 0.344964 -0.342966 0.759410 -0.552875
-0.074680 -9.343485 740.928402 2103.305614 -0.410127 0.412075 0.813628 0.842251 0.513356 0.164558 -0.349871 0.752768 -0.557612
-3.229258 -12.204637 -9.739983 3253.510268 0.761157 -0.109584 -0.639243 0.545180 0.641990 0.539099 -0.351310 0.758841 -0.548398
-4.092197 -14.103803 -86.483712 3213.958284 0.720528 -0.156800 -0.675465 0.592946 0.644359 0.482924 -0.359520 0.748475 -0.557253
-8.858389 -22.557906 -3404.817452 -1431.123809 0.990900 -0.060418 -0.120279 -0.129545 -0.670682 -0.730345 0.036543 -0.739280 0.672406
0.341702 -53.991619 -99.422151 2045.495196 0.769775 -0.595805 0.229049 0.296039 0.015322 -0.955053 -0.565516 -0.802983 -0.188176
1.594936 -47.369718 -111.063284 1842.562844 0.758719 -0.596325 0.262185 0.437945 0.168991 -0.882976 -0.482234 -0.784754 -0.389374
-1.471686 -57.923113 118.095925 1484.526896 0.769910 -0.599064 0.219911 0.148374 -0.167118 -0.974709 -0.620664 -0.783067 0.039781
1.136363 -49.406111 -99.156141 2041.797471 0.768678 -0.595220 0.234194 0.409100 0.176038 -0.895348 -0.491702 -0.784044 -0.378821
-0.233148 -56.058671 -54.453014 2023.383994 0.780738 -0.591681 0.200901 0.262299 0.018516 -0.964809 -0.567139 -0.805960 -0.169654
-0.870843 -59.695189 -128.007024 1294.774036 0.775994 -0.597779 0.201229 0.125397 -0.166454 -0.978043 -0.618149 -0.784189 0.054207
-37.715319 -68.539458 6860.947123 464.707366 0.492758 0.813178 -0.309726 -0.479607 -0.043188 -0.876420 0.726062 -0.580410 -0.368724
-52.023012 -73.455303 9731.713967 2053.175399 0.508391 0.800673 -0.316958 -0.372094 -0.127683 -0.919371 0.776586 -0.585338 -0.233012
-56.780232 -68.926420 4539.986189 1964.852766 0.722684 0.685787 -0.086163 -0.316783 0.217842 -0.923143 0.614310 -0.694436 -0.374677
5.193198 -96.806883 -408.716820 6729.613669 0.383594 0.901336 -0.201119 0.657616 -0.419497 -0.625750 0.648380 -0.107775 0.753650
7.294859 -118.792964 -713.249006 9901.076898 0.319703 0.933483 -0.162477 0.805344 -0.358052 -0.472462 0.499210 -0.020198 0.866245
2.214949 -78.554888 -277.697276 4145.953925 0.405582 0.889321 -0.211214 0.489387 -0.406436 -0.771564 0.772013 -0.209567 0.600065
12.110185 -140.717692 -843.221369 16824.651830 0.353756 0.908412 -0.222810 0.788146 -0.417781 -0.451980 0.503670 0.015717 0.863753
2.205547 -83.342839 -60.696376 3961.884575 0.413716 0.877288 -0.243322 0.490197 -0.439874 -0.752475 0.767168 -0.192035 0.612027
5.742246 -108.757746 139.893751 9641.008209 0.407507 0.876059 -0.257797 0.639366 -0.475271 -0.604425 0.652034 -0.081481 0.753798
-12.653407 -47.452848 -1574.212719 -3036.001546 -0.105473 0.984422 0.140671 -0.608650 -0.175775 0.773724 -0.786397 0.004013 -0.617708
-16.315782 -45.412742 -1043.241943 -3254.819691 -0.094135 0.970362 0.222568 -0.612070 -0.232728 0.755783 -0.785181 0.065082 -0.615838
-19.012055 -38.243854 -624.461843 -1724.035329 0.000231 0.988404 0.151848 -0.705824 -0.107406 0.700198 -0.708387 0.107339 -0.697614
29.289564 -4.764476 6607.109514 -1253.532484 0.908893 0.305246 -0.284145 -0.017428 -0.652957 -0.757194 0.416665 -0.693160 0.588148
18.037170 -10.235226 1589.823056 1488.626032 0.769411 0.636402 0.054757 0.406381 -0.421567 -0.810639 0.492809 -0.645967 0.582981
17.469520 -22.494952 2245.211559 2784.876520 0.670234 0.730088 0.133256 0.513391 -0.326447 -0.793639 0.535925 -0.600336 0.593616
-14.327460 -69.253439 243.070508 -4073.882387 -0.461473 0.886931 0.019885 -0.508991 -0.283055 0.812901 -0.726616 -0.365011 -0.582062
23.462957 -65.480612 5940.455087 -13001.271220 -0.434144 0.887160 -0.156412 0.441929 0.058444 -0.895144 0.784995 0.457745 0.417435
63.729027 -55.593075 17159.154554 -12183.272729 -0.421231 0.903824 -0.075284 0.411764 0.116622 -0.903798 0.808094 0.411706 0.421287
53.552449 -30.720336 13860.118322 -1956.749704 -0.473223 0.880510 -0.027619 0.429232 0.203082 -0.880067 0.769299 0.428322 0.474046
4.098492 -163.840613 2213.607206 -3562.120563 -0.342858 0.885132 -0.314626 0.496842 -0.113383 -0.860402 0.797243 0.451315 0.400897
4.256140 -160.975104 1924.643957 566.412130 -0.359804 0.897651 -0.254486 0.301069 -0.146463 -0.942287 0.883118 0.415657 0.217557
12.585395 -163.176237 1412.520639 -8397.553350 -0.355225 0.907780 -0.223050 0.560824 0.016063 -0.827779 0.747858 0.419140 0.514810
-12.234666 -34.836529 662.411377 1240.423875 0.975373 -0.120174 -0.184947 0.169939 0.943993 0.282838 -0.140598 0.307302 -0.941168
-15.467124 -35.044723 893.704606 1084.301731 0.980114 -0.046326 -0.192952 0.112842 0.929961 0.349913 -0.163227 0.364727 -0.916696
-12.775960 -30.846523 1021.804722 1649.277057 0.988806 -0.040044 -0.143735 0.097589 0.902271 0.419980 -0.112870 0.429305 -0.896079
4.527132 -285.379758 530.472417 2351.510569 -0.359662 0.687860 -0.630469 -0.386775 0.504998 0.771610 -0.849146 -0.521369 -0.084418
4.973862 -363.238228 622.691974 -24561.846131 -0.376001 0.698868 -0.608447 0.050463 0.671100 0.739647 -0.925244 -0.247404 0.287601
465.098567 -4353.611140 -252128.820295 1122029.068054 -0.160249 0.978037 -0.133282 -0.395129 -0.187297 -0.899329 0.904540 0.091453 -0.416465
68.555417 -2797.123781 4128.501106 865816.547556 -0.532479 0.522253 -0.666121 0.819597 0.514745 -0.251592 0.211488 -0.679918 -0.702128
79.846021 -142.539958 -17355.206987 33276.736713 -0.443388 0.013796 -0.896223 0.198368 0.976598 -0.083106 0.874103 -0.214630 -0.435749
-23.229474 -40.698376 2054.141480 -1437.946269 -0.615936 0.380588 -0.689765 0.752419 0.024767 -0.658219 -0.233426 -0.924413 -0.301617
5.932162 -25.567671 2040.156417 382.357183 0.532845 0.836955 -0.124828 -0.827759 0.546161 0.128542 -0.175760 -0.034835 -0.983816
11.228291 -28.140059 3229.190630 -114.417855 0.616937 0.779009 -0.111953 0.783344 -0.621535 -0.008110 -0.075900 -0.082694 -0.993680
18.632426 -25.675297 3131.719842 694.707788 0.704637 0.692736 -0.153637 -0.703530 0.710254 -0.024179 -0.092372 -0.125126 -0.987832
4.837139 -24.949814 -2179.223033 -2040.543151 -0.147170 -0.843159 -0.517130 0.957650 -0.252276 0.138789 -0.247481 -0.474804 0.844579
5.660610 -18.727784 -2038.023065 -2417.835606 -0.176684 -0.828903 -0.530756 0.938629 -0.304194 0.162610 -0.296241 -0.469453 0.831779
-2.473674 -103.562516 139.288796 3918.052498 0.465755 0.876087 -0.124673 -0.620887 0.223144 -0.751469 0.630532 -0.427409 -0.647882
-2.593269 -101.187506 208.084055 7115.591269 0.490533 0.866622 -0.091340 -0.756663 0.371595 -0.537939 0.432249 -0.332991 -0.838020
-1.887827 -109.785155 228.447498 3421.506186 0.466893 0.877736 -0.107661 -0.607881 0.230136 -0.759947 0.642256 -0.420259 -0.641007
7.811399 -242.848068 856.563157 16080.972027 0.844171 0.527279 0.096704 -0.502949 0.841444 -0.197518 -0.185518 0.118102 0.975518
11.620350 -263.424083 863.828290 12574.826252 0.824399 0.557031 0.100411 -0.559850 0.828594 -0.000120 -0.083267 -0.056116 0.994946
24.216044 -408.736843 1144.858675 -80202.728444 0.781565 0.614489 0.107513 0.620901 -0.782927 -0.038824 -0.060318 -0.097098 0.993445
-45.453006 -62.883019 -1089.207082 -1681.248710 0.935098 -0.313021 -0.166161 -0.313165 -0.510392 -0.800892 -0.165889 -0.800948 0.575294
-40.131296 -61.412214 -455.866546 -2341.574710 0.847859 -0.485501 -0.213128 -0.481658 -0.537190 -0.692411 -0.221676 -0.689721 0.689307
-34.178151 -55.938819 121.569603 757.053245 0.118130 0.992993 0.003144 0.554268 -0.068564 0.829509 -0.823913 0.096247 0.558484
-33.158115 -52.512434 -31.816333 250.577703 0.194669 0.978927 0.061693 0.650386 -0.175905 0.738956 -0.734236 0.103727 0.670923
-32.576240 -52.564147 24.083191 1417.346899 0.230791 0.969403 -0.083628 0.549979 -0.059069 0.833087 -0.802657 0.238262 0.546784
-34.391846 -55.941774 335.006378 9.762715 0.079505 0.987259 0.137835 0.682839 -0.154675 0.714008 -0.726230 -0.037352 0.686436
-32.782427 -55.286759 194.202690 614.974582 0.176266 0.976984 -0.120139 0.423567 0.034892 0.905193 -0.888550 0.210442 0.407668
-35.765556 -57.712798 599.899902 543.881157 0.000731 0.996189 0.087213 0.570335 -0.072053 0.818246 -0.821412 -0.049143 0.568214
-34.185455 -56.298634 378.650516 471.064595 0.069687 0.997413 -0.017622 0.417390 -0.013109 0.908633 -0.906051 0.070675 0.417224
-31.249479 -51.227596 755.879056 -2063.386993 0.906611 -0.088290 -0.412627 0.420431 0.272380 0.865475 -0.035978 0.958130 -0.284063
-34.722208 -50.592877 2003.341609 -1654.743050 0.942150 0.044337 -0.332247 0.309975 0.261945 0.913948 -0.127552 0.964064 -0.233048
-39.688770 -56.943047 1344.876100 -2779.396204 0.973743 0.136628 -0.182093 0.167336 0.112757 0.979431 -0.154350 0.984184 -0.086933
