11414
22817
-50.263390 -73.285103 154.201425 6125.628675 0.257236 0.958853 -0.120130 0.951321 -0.229433 0.205790 -0.169761 0.167219 0.971195
-39.549801 -71.943682 3103.032073 10537.512939 -0.077510 -0.995841 0.047879 0.995651 -0.074827 0.055494 -0.051681 0.051972 0.997310
-42.670844 -59.394349 -566.834284 6277.891675 -0.578068 -0.810096 0.097886 0.815949 -0.572682 0.079139 -0.008053 0.125618 0.992046
-35.442703 -47.607520 -1249.763557 5147.351037 0.554773 0.830581 -0.048594 0.829159 -0.556758 -0.050155 0.068713 0.012468 0.997559
-45.380729 -67.564063 -350.281208 5620.000048 -0.639247 -0.756568 0.137724 0.764380 -0.605528 0.221492 -0.084178 0.246862 0.965388
-33.278709 -49.797891 677.214121 2709.573659 0.873074 0.472716 -0.119505 0.482281 -0.873293 0.069020 0.071736 0.117895 0.990432
-40.200213 -59.002284 657.094556 4697.846175 0.849149 0.501962 -0.164258 0.525891 -0.832336 0.175087 0.048831 0.235057 0.970754
109.003587 -111.778431 -4599.587664 -6236.825134 0.237329 0.966127 0.101356 -0.074068 0.122030 -0.989759 0.968601 -0.227392 -0.100520
97.906031 -90.851120 -4198.131630 -6445.952907 0.189371 0.972572 0.135068 0.213159 0.093557 -0.972528 0.958489 -0.212959 0.189595
110.322992 -100.183363 3255.273633 1362.608966 -0.045056 0.988699 0.142980 0.014847 0.143773 -0.989499 0.998874 0.042460 0.021157
115.764641 -111.317958 3299.201837 424.905029 0.030208 0.986273 0.162337 -0.242162 0.164794 -0.956138 0.969765 0.010429 -0.243816
97.711817 -86.120977 9700.822323 5234.562502 -0.253670 0.948931 0.187570 -0.188049 0.141833 -0.971865 0.948836 0.281805 -0.142466
-30.973574 -57.232569 3884.012060 3816.866284 0.741441 0.638894 0.205134 0.662719 -0.745146 -0.074575 -0.105210 -0.191239 0.975889
-38.466249 -65.338922 3526.629785 -1428.803930 0.779655 0.553943 0.292037 -0.579674 0.814846 0.001946 -0.236887 -0.170803 0.956405
-39.304183 -58.338576 2850.915802 2420.166745 0.878253 0.412716 0.241532 0.461365 -0.864139 -0.201011 -0.125757 -0.287973 0.949345
-23.919127 -50.557165 -4178.891923 5198.769020 -0.680736 -0.716092 -0.154307 0.732234 -0.671171 -0.115603 -0.020784 -0.191684 0.981237
-17.902961 -59.295183 4732.333761 4194.309227 0.628140 0.764879 0.142830 0.770019 -0.637441 0.027199 -0.111849 -0.092897 0.989373
-34.446358 -48.879720 2940.615468 2648.171826 0.909097 0.392408 0.139850 0.416407 -0.865760 -0.277607 -0.012142 -0.310607 0.950461
39.789094 -47.715101 -126.256141 -4605.085216 0.535217 0.393818 0.747295 -0.578092 0.815817 -0.015896 -0.615916 -0.423498 0.664302
38.453266 -53.168739 -2147.779384 7807.292893 0.464429 0.405578 0.787282 -0.620166 0.783559 -0.037816 -0.632219 -0.470683 0.615433
35.357663 -55.026226 -3071.897027 182.539647 0.439865 0.351198 0.826546 -0.562789 0.825023 -0.051050 -0.699848 -0.442716 0.560549
38.958678 -63.980167 495.377316 -10093.169205 0.525537 0.395613 0.753194 -0.550584 0.833070 -0.053400 -0.648589 -0.386633 0.655627
35.813947 -67.934766 4394.049850 -12878.573083 0.599045 0.459683 0.655619 -0.577615 0.815136 -0.043757 -0.554533 -0.352483 0.753823
-23.881039 -48.062554 -752.342386 383.514500 0.004968 0.667518 -0.744577 0.302887 0.708605 0.637289 0.953014 -0.228689 -0.198662
-24.089640 -50.117101 -375.493109 988.062738 -0.070130 0.646181 -0.759955 0.369077 0.724577 0.582040 0.926749 -0.239663 -0.289305
-25.408649 -46.601076 -935.624011 701.169628 -0.035091 0.681426 -0.731045 0.213901 0.719665 0.660551 0.976225 -0.133192 -0.171011
-23.723310 -46.598660 -474.026873 692.430057 0.031988 0.693523 -0.719724 0.158993 0.707393 0.688707 0.986761 -0.136462 -0.087637
-22.838187 -49.109318 56.801385 226.833915 0.067885 0.660404 -0.747836 0.288758 0.704478 0.648328 0.954992 -0.259955 -0.142874
3.036302 -56.776267 356.593561 2548.152536 -0.391921 -0.902367 0.179254 0.919997 -0.383999 0.078428 -0.001938 0.195650 0.980672
3.460742 -49.837286 798.605927 1291.261641 -0.429869 -0.888446 0.160862 0.897766 -0.439546 -0.028544 0.096066 0.132146 0.986564
1.899472 -53.413826 821.912724 2346.891943 -0.415003 -0.895894 0.158575 0.909805 -0.409645 0.066675 0.005226 0.171942 0.985093
-43.070368 -128.004341 1297.343686 13720.384070 0.045826 0.998299 0.036042 0.879113 -0.057437 0.473139 -0.474405 -0.010003 0.880250
-44.579679 -139.123588 -181.208056 7771.407192 -0.056627 0.993552 0.098221 0.735251 -0.025055 0.677332 -0.675425 -0.110572 0.729091
-43.285154 -128.164980 468.806174 15140.749574 -0.052698 0.994840 0.086694 0.896817 0.008961 0.442311 -0.439252 -0.101057 0.892662
-38.341368 -104.418448 1203.646646 15204.619803 0.040376 0.995900 0.080955 0.977957 -0.056000 0.201155 -0.204864 -0.071048 0.976208
-35.293579 -104.254055 2391.472831 13366.230064 0.196638 0.980446 0.007754 0.942368 -0.191173 0.274583 -0.270696 0.046686 0.961532
-2.940070 -156.407033 -363.784838 -10482.094795 0.227663 0.915168 0.332620 -0.076147 0.357277 -0.930889 0.970758 -0.186601 -0.151026
-0.860634 -182.685943 -51.921081 -3930.948944 0.206047 0.924400 0.320982 -0.399647 0.378912 -0.834690 0.893211 -0.043706 -0.447508
-1.410247 -155.288845 1076.650870 -2020.345749 0.188866 0.926256 0.326157 -0.353140 0.373978 -0.857573 0.916309 -0.046787 -0.397730
-2.811973 -142.363022 -900.837996 -9279.527433 0.230479 0.913157 0.336189 0.005487 0.344266 -0.938856 0.973062 -0.218232 -0.074336
20.999468 -7.070937 4149.776338 -1722.195734 -0.474549 0.227555 -0.850307 -0.167081 0.925158 0.340832 0.864227 0.303811 -0.401012
12.544252 -4.659461 5370.875204 -1829.441273 -0.526558 0.251617 -0.812050 -0.140462 0.916319 0.375005 0.838455 0.311524 -0.447153
25.765342 -1.199507 5152.777152 -1452.518099 -0.467538 0.186966 -0.863974 -0.182804 0.935800 0.301433 0.864865 0.298869 -0.403344
27.631276 -4.069800 1238.219121 -1434.655575 -0.362150 0.207402 -0.908753 -0.184571 0.939671 0.288012 0.913664 0.272033 -0.302021
31.359998 1.126063 1339.144980 -1071.752181 -0.365635 0.200612 -0.908882 -0.199561 0.936890 0.287075 0.909113 0.286342 -0.302525
26.936611 -10.903167 1556.774428 -671.253600 -0.074356 0.933838 0.349883 0.327210 -0.308584 0.893146 -0.942022 -0.180896 0.282616
29.758375 -9.612990 -3196.881961 -1783.690622 -0.124565 0.853522 0.505948 0.377320 -0.430861 0.819749 -0.917667 -0.293017 0.268381
23.362550 -5.302875 -5576.712116 115.555248 -0.205598 0.929227 0.307029 0.312480 -0.234975 0.920404 -0.927408 -0.285173 0.242054
27.610757 -11.339726 -1906.177305 1070.591147 -0.159873 0.969946 0.183428 0.273591 -0.135000 0.952325 -0.948466 -0.202435 0.243786
56.786246 -46.573612 1430.897031 -1251.319631 -0.122019 0.819013 0.560650 0.712018 -0.321305 0.624334 -0.691478 -0.475374 0.543947
51.458387 -45.480015 15241.696948 -785.895397 0.065336 0.909523 0.410487 0.699890 -0.334982 0.630826 -0.711256 -0.246080 0.658452
51.227026 -44.831025 11721.600653 1020.752955 0.002003 0.906428 0.422355 0.778181 -0.266669 0.568615 -0.628037 -0.327530 0.705899
29.252533 -42.717846 12495.869502 1399.770548 0.082105 0.924891 0.371261 0.776559 -0.292861 0.557843 -0.624672 -0.242504 0.742278
31.982838 -48.785876 489.797022 724.727652 -0.310923 0.920818 0.235419 0.737221 0.389988 -0.551738 0.599861 -0.002008 0.800102
28.402994 -49.744776 -275.293897 324.690232 -0.262494 0.927210 0.267167 0.825957 0.359055 -0.434598 0.498891 -0.106589 0.860085
26.724200 -48.741712 777.419696 325.180045 -0.377434 0.904275 0.199576 0.788091 0.426831 -0.443540 0.486268 0.010123 0.873751
27.932703 -48.377942 207.389367 152.590093 -0.450340 0.878869 0.157427 0.767734 0.471179 -0.434253 0.455827 0.074700 0.886928
31.606739 -47.904731 883.786239 1395.431441 -0.416096 0.891538 0.178954 0.711798 0.441810 -0.546030 0.565870 0.099822 0.818430
24.409841 -48.877827 464.317956 -106.259787 -0.413376 0.892826 0.178835 0.823927 0.450372 -0.343962 0.387640 -0.005161 0.921796
1.000368 -292.733803 -154.223943 13084.797994 0.288525 0.422716 0.859107 0.812476 -0.582828 0.013911 0.506592 0.693990 -0.511607
4.249488 -322.004945 335.597351 -3351.774539 0.290194 0.406720 0.866237 0.951975 -0.215039 -0.217951 0.097629 0.887883 -0.449590
5.649879 -353.173227 -1074.370136 30067.435208 0.278636 0.426700 0.860401 0.938229 -0.312313 -0.148955 0.205156 0.848757 -0.487364
5.333481 -352.708741 2775.644372 54905.877310 0.281961 0.399205 0.872429 0.819013 -0.573772 -0.002151 0.499716 0.715137 -0.488735
13.739497 -14.197527 1611.067542 -4759.851489 0.115964 0.182909 0.976267 -0.366489 0.921422 -0.129101 -0.923168 -0.342820 0.173886
15.287671 -29.345961 6.476747 -6085.907249 0.256193 -0.160490 0.953209 -0.224969 0.949142 0.220270 -0.940082 -0.270874 0.207059
9.731194 -8.181527 2350.379763 -7170.142549 0.229664 -0.012379 0.973191 -0.319244 0.943639 0.087342 -0.919422 -0.330745 0.212768
17.001270 -2.091069 -5331.192697 -2404.580870 -0.122553 0.752356 0.647257 0.386317 -0.564574 0.729394 -0.914188 -0.339436 0.221458
33.296277 19.362887 -2325.956166 11400.703445 -0.318106 0.909202 0.268627 -0.515836 0.071745 -0.853678 0.795438 0.410127 -0.446177
29.645980 -5.794675 -3083.323303 9214.897078 -0.303923 0.920237 0.246566 -0.492719 0.069679 -0.867394 0.815389 0.385109 -0.432241
36.480288 10.229424 -3479.092778 10264.308148 -0.325062 0.858925 0.395705 -0.550040 0.168656 -0.817931 0.769279 0.483532 -0.417619
37.281138 26.504822 -2571.087891 7618.353710 -0.429970 0.863716 0.262910 -0.433505 0.057932 -0.899287 0.791959 0.500639 -0.349516
36.076679 -0.290594 -768.498270 6349.941653 -0.424371 0.797389 0.429046 -0.513231 0.178547 -0.839473 0.745991 0.576448 -0.333474
37.456329 17.786320 -178.820089 5931.229137 -0.493267 0.795908 0.351023 -0.446759 0.114451 -0.887304 0.746387 0.594501 -0.299124
-11.771503 -30.413477 183.375272 2104.271636 -0.558496 0.716438 0.418089 -0.203521 0.370265 -0.906357 0.804152 0.591287 0.060981
-10.598484 -23.876554 614.080605 2506.299020 -0.581081 0.724862 0.370029 -0.239382 0.282324 -0.928972 0.777844 0.628386 -0.009466
-10.952628 -29.054054 73.407524 2222.530095 -0.604833 0.734790 0.307020 -0.146760 0.276082 -0.949863 0.782712 0.619567 0.059145
-12.368186 -33.792001 -408.858290 1471.513563 -0.571069 0.720458 0.393473 -0.124843 0.397521 -0.909061 0.811353 0.568259 0.137068
-1406.715132 -5572.985511 -144086.595678 -1530834.197257 0.522290 0.159661 -0.837688 0.681437 0.512442 0.522539 0.512696 -0.843749 0.158844
-131.794577 -1685.208202 3885.552457 -181377.586704 0.423734 0.164058 -0.890806 0.129426 0.962403 0.238808 0.896492 -0.216485 0.386570
-1641.331296 -2549.050218 -405076.891984 -323368.545963 0.741892 0.445555 0.501076 0.304662 0.441706 -0.843846 0.597309 -0.778701 -0.191954
11.784605 -603.098486 -2878.646431 -167130.523343 -0.121764 -0.220001 0.967870 -0.668554 0.738921 0.083851 -0.733628 -0.636863 -0.237056
12.109789 -407.093189 -20.076250 -48347.671585 -0.146320 -0.216450 0.965267 -0.182594 0.964912 0.188692 -0.972240 -0.148643 -0.180708
11.994051 -256.012401 4427.406384 -31313.720869 -0.086734 -0.165376 0.982409 -0.482358 0.869798 0.103833 -0.871670 -0.464867 -0.155211
18.111741 -220.107227 653.502612 43872.824329 0.133640 0.074660 -0.988214 0.812817 -0.578746 0.066196 -0.566983 -0.812083 -0.138028
1.944308 -266.263714 7003.112240 -18588.369612 -0.053197 -0.250794 0.966578 -0.122939 0.962230 0.242899 -0.990987 -0.105908 -0.082020
-0.207193 -197.572810 5271.189260 -17289.889233 -0.082208 -0.088397 0.992687 -0.516452 0.855663 0.033426 -0.852361 -0.509928 -0.115995
10.920013 -264.173672 -5431.159513 55701.119090 0.035900 0.077852 -0.996318 0.750478 -0.660439 -0.024565 -0.659920 -0.746833 -0.082136
-18.726829 -48.773530 811.662602 2583.129311 0.446528 0.816128 -0.366808 0.721728 -0.570831 -0.391485 0.528887 0.089927 0.843914
-19.181650 -45.934454 292.279690 -683.624931 0.493824 0.789097 -0.365327 0.652992 -0.613957 -0.443462 0.574229 0.019563 0.818461
-18.464209 -44.739486 1207.145990 -324.905600 0.481794 0.763273 -0.430452 0.631590 -0.642982 -0.433206 0.607427 0.063153 0.791861
-47.618257 -60.723863 -28.756770 -516.051222 0.643614 0.191337 -0.741047 0.520197 0.600850 0.606939 -0.561388 0.776125 -0.287183
-46.184874 -61.719521 455.546312 -1219.141357 0.650950 0.050601 -0.757432 0.634074 0.512367 0.579163 -0.417390 0.857274 -0.301441
-44.248372 -60.148504 -939.003017 64.036628 -0.609339 0.050597 0.791294 0.646645 0.609239 0.458996 -0.458863 0.791371 -0.403952
-43.431892 -57.548039 -633.489199 -180.466945 0.613485 0.104547 -0.782756 0.498365 0.717638 0.486444 -0.612592 0.688524 -0.388157
-44.770098 -60.647396 1273.435448 -1259.452376 -0.646418 -0.379785 0.661745 0.340323 0.632735 0.695576 -0.682879 0.674840 -0.279762
-49.754238 -67.232019 -548.050641 -3100.267993 0.687009 0.463288 -0.559806 0.351990 0.461800 0.814152 -0.635706 0.756376 -0.154188
7.307371 -55.829743 -2971.578644 -5877.287427 -0.276387 0.956009 -0.098270 -0.915907 -0.292994 -0.274352 0.291075 -0.014179 -0.956595
11.150033 -47.560694 -4029.041421 -4788.666566 -0.291729 0.952507 -0.087321 -0.901572 -0.304319 -0.307503 0.319472 0.010981 -0.947532
9.149732 -68.858182 -2183.756978 -11741.957188 -0.291237 0.954400 -0.065582 -0.927987 -0.298501 -0.223019 0.232425 0.004092 -0.972606
6.130892 -85.062310 -226.884204 -13207.033536 -0.266968 0.961790 -0.060735 -0.951523 -0.273058 -0.141572 0.152746 -0.019996 -0.988063
7.616168 -96.142156 -606.631129 -15991.687983 -0.269167 0.961875 -0.048425 -0.961109 -0.271499 -0.050577 0.061796 -0.032928 -0.997545
9.911707 -83.345465 -357.013416 -13060.110188 -0.302630 0.952679 -0.028595 -0.942547 -0.303596 -0.139409 0.141493 0.015237 -0.989822
12.755730 -58.020962 2491.210895 -2374.587845 -0.388976 0.920277 -0.042295 -0.364350 -0.195844 -0.910436 0.846137 0.338727 -0.411481
8.536165 -58.819869 715.513238 -3214.059846 -0.349306 0.936399 -0.033787 -0.465294 -0.204642 -0.861175 0.813318 0.285093 -0.507184
17.967172 -55.325396 3255.737280 -2782.937064 -0.323619 0.945158 0.044120 -0.376618 -0.085896 -0.922378 0.868003 0.315115 -0.383761
29.173693 -52.673609 5835.838023 -1772.645926 -0.240994 0.957053 0.161157 -0.372825 0.062018 -0.925827 0.896060 0.283202 -0.341867
28.916032 -50.969784 5942.636024 237.868293 -0.345862 0.935160 0.076515 -0.294631 -0.030819 -0.955114 0.890827 0.352881 -0.286187
-10.085376 -43.551090 -427.459876 428.207039 -0.318339 0.891502 0.322312 -0.654509 -0.452653 0.605577 -0.685768 0.018178 -0.727593
-9.092041 -41.847543 867.009634 427.970542 -0.337359 0.864678 0.372184 -0.557129 -0.502078 0.661457 -0.758813 -0.015794 -0.651117
-9.948672 -41.822400 1233.220458 704.392692 -0.315366 0.872391 0.373468 -0.633994 -0.486525 0.601121 -0.706114 0.047203 -0.706524
-11.487957 -43.592689 1008.705062 1182.716523 -0.286384 0.895846 0.339770 -0.720033 -0.435186 0.540523 -0.632089 0.089849 -0.769669
-9.040571 -92.016571 -1991.262471 -4223.906705 0.689415 -0.715697 -0.111732 0.721694 0.691889 0.021160 0.062162 -0.095224 0.993513
-10.696868 -88.427161 -1525.312779 -7815.019983 0.702882 -0.697832 -0.137795 0.709804 0.675530 0.199593 -0.046198 -0.238098 0.970142
-13.273448 -100.371287 1189.808641 -3157.167979 -0.665040 0.728604 0.163887 0.733713 0.678367 -0.038516 0.139238 -0.094631 0.985727
-9.708541 -96.718548 1828.526163 292.063676 -0.659606 0.743416 0.110694 0.716143 0.666334 -0.207699 0.228166 0.057727 0.971909
-6.145769 -114.085627 -21.048012 -5991.314069 -0.626688 0.774874 0.082658 -0.470077 -0.460502 0.752971 -0.621522 -0.433022 -0.652842
-6.166318 -103.747207 -17.873580 -3157.288136 -0.628456 0.772189 0.093634 -0.544681 -0.522809 0.655739 -0.555307 -0.361102 -0.749159
-7.509905 -101.983580 143.777299 -4924.361053 -0.622290 0.779723 0.069194 -0.613981 -0.541016 0.574743 -0.485575 -0.315173 -0.815404
-8.141690 -101.015258 -554.009379 -5252.952100 -0.624914 0.779571 0.041855 -0.660575 -0.556577 0.503848 -0.416081 -0.287214 -0.862777
-5.804098 -107.774056 369.511117 -4376.327106 -0.617652 0.783704 0.065679 -0.538923 -0.482596 0.690408 -0.572772 -0.391036 -0.720433
-8.921790 -93.008743 -153.129453 -3908.797610 -0.621372 0.781386 0.057733 -0.717926 -0.597320 0.357478 -0.313814 -0.180679 -0.932135
33.726750 -38.568859 11268.645828 -1219.767788 -0.248421 0.837594 0.486541 0.539262 -0.297664 0.787777 -0.804663 -0.458074 0.377737
51.206033 -40.092391 5441.815280 215.310523 -0.315579 0.710858 0.628562 0.653015 -0.317910 0.687390 -0.688463 -0.627386 0.363875
44.430829 -38.948685 9589.565710 -478.011763 -0.274630 0.763648 0.584312 0.567986 -0.361494 0.739401 -0.775867 -0.534943 0.334464
28.528094 -35.323707 7906.366104 -702.318837 -0.271210 0.774895 0.570949 0.476660 -0.407209 0.779087 -0.836206 -0.483445 0.258922
-3.636280 -119.647534 -107.443545 -6173.157713 -0.304463 0.947663 -0.096114 -0.913375 -0.319090 -0.252840 0.270276 -0.010808 -0.962722
-3.604407 -136.810566 456.854588 6447.933748 -0.295582 0.952498 -0.073336 0.955261 0.293855 -0.033566 -0.010421 -0.079976 -0.996742
-1.215304 -126.069675 1363.163618 -7079.991872 -0.306471 0.950519 -0.050884 -0.940212 -0.310626 -0.139692 0.148586 -0.005030 -0.988887
-0.424851 -121.554133 1495.817109 -9247.244867 -0.321759 0.944950 -0.059495 -0.868769 -0.319634 -0.378252 0.376446 0.070019 -0.923789
-2.354225 -110.116524 -107.175604 -4325.578849 -0.323868 0.940833 -0.099710 -0.813154 -0.330680 -0.478990 0.483622 0.074050 -0.872139
-2.557097 -110.973046 -195.469138 -5679.427156 -0.354200 0.929622 -0.101708 -0.797780 -0.357118 -0.485812 0.487943 0.090934 -0.868126
2.202681 -106.532460 -1144.806581 -6769.565865 -0.580435 0.787803 0.206060 0.575190 0.217527 0.788568 -0.576413 -0.576236 0.579397
0.645177 -100.910057 -1064.962181 -6581.142993 -0.594881 0.779822 0.194919 0.513561 0.182183 0.838489 -0.618361 -0.598905 0.508864
2.317142 -103.431060 -951.131243 3479.071401 -0.607356 0.779400 0.153801 0.431592 0.161180 0.887552 -0.666969 -0.605439 0.434276
0.565080 -96.331629 -1115.618454 -1205.225089 -0.376783 0.914792 -0.145568 -0.761056 -0.395305 -0.514323 0.528042 0.083002 -0.845152
1.604398 -101.611259 -168.459613 -10.011765 -0.394702 0.909249 -0.132200 -0.650063 -0.378031 -0.659174 0.649329 0.174239 -0.740279
2.974639 -103.896847 -786.233725 712.341417 -0.408210 0.896838 -0.170432 -0.654004 -0.417558 -0.630812 0.636901 0.146041 -0.756987
0.341393 -108.230516 -862.984576 -3609.467071 -0.369246 0.917968 -0.144887 -0.829493 -0.395847 -0.394013 0.419044 0.025305 -0.907613
1.878082 -91.867999 267.477720 741.059190 -0.424323 0.894429 -0.141233 -0.742830 -0.433026 -0.510580 0.517835 0.111738 -0.848152
4.333338 -95.715929 416.671892 3221.863554 -0.468050 0.867084 -0.170571 -0.562781 -0.441286 -0.698959 0.681327 0.231154 -0.694522
6.415064 -68.175706 -1053.744105 1325.908193 -0.388540 0.901481 -0.190706 -0.807428 -0.432815 -0.400912 0.443955 0.001789 -0.896047
6.671345 -61.969555 504.735057 1629.243565 -0.388980 0.907071 -0.160986 -0.836558 -0.420973 -0.350645 0.385831 0.001720 -0.922568
7.767533 -74.504840 -976.464570 -2819.805589 -0.351327 0.919610 -0.175745 -0.889911 -0.386326 -0.242508 0.290908 -0.071198 -0.954098
6.618856 -110.294448 -1677.866219 -14856.273848 -0.324692 0.928796 -0.178640 -0.933778 -0.344831 -0.095655 0.150445 -0.135751 -0.979254
4.777723 -76.498223 -2102.596193 -2820.324926 -0.358647 0.912069 -0.198753 -0.877173 -0.402114 -0.262435 0.319280 -0.080219 -0.944259
-37.595484 -798.011329 -1505.384111 264071.850963 -0.049816 0.777901 -0.626409 -0.263007 0.594834 0.759605 -0.963507 -0.202591 -0.174961
-7.832174 -255.630500 1930.581998 105165.531341 -0.044640 0.755903 -0.653160 -0.188217 0.635739 0.748605 -0.981112 -0.156354 -0.113894
-38.908387 -609.672282 -19913.712969 189580.638735 -0.097989 0.786033 -0.610369 -0.177753 0.589634 0.787868 -0.979184 -0.185697 -0.081942
-60.877898 -438.982299 -18522.474648 121848.534795 -0.033159 0.765707 -0.642335 -0.569856 0.513501 0.641546 -0.821076 -0.387311 -0.419315
-24.170285 -342.482911 -8773.349892 92163.539171 -0.001935 0.731589 -0.681744 -0.311278 0.647434 0.695654 -0.950317 -0.213558 -0.226475
-1.356326 -31.313540 -1142.390455 3140.100987 -0.303505 0.906236 0.294314 -0.439064 -0.407152 0.800906 -0.845640 -0.113856 -0.521468
-2.404578 -25.128889 -26.611470 2876.046995 -0.303217 0.893423 0.331442 -0.387316 -0.433339 0.813759 -0.870658 -0.118373 -0.477433
-2.937272 -33.539814 541.491502 2846.907150 -0.280233 0.910852 0.303016 -0.476693 -0.406037 0.779678 -0.833207 -0.074046 -0.547982
-0.884104 -39.191682 -465.740400 2437.249941 -0.284950 0.918493 0.274178 -0.543179 -0.390405 0.743331 -0.789785 -0.062885 -0.610152
1.832576 -36.438261 -1952.434580 2800.886348 -0.299619 0.915300 0.269175 -0.501990 -0.391168 0.771358 -0.811317 -0.095990 -0.576673
9.449089 -36.597842 -1063.510550 1529.670358 -0.432168 0.894632 -0.113425 -0.748828 -0.426095 -0.507640 0.502481 0.134450 -0.854070
7.567856 -36.688079 1680.891310 1966.139890 -0.423734 0.905159 -0.033712 -0.747871 -0.370614 -0.550758 0.511018 0.208163 -0.833984
9.037520 -33.690907 2394.218641 1522.480728 -0.398742 0.917059 0.002676 -0.800631 -0.346693 -0.488666 0.447208 0.196994 -0.872467
3.747735 -36.187486 3004.715271 1879.909310 -0.350088 0.935178 0.053669 -0.790614 -0.264271 -0.552350 0.502362 0.235802 -0.831883
3.082200 -34.159367 3790.156537 902.373751 -0.337179 0.937015 0.091173 -0.837412 -0.254260 -0.483832 0.430176 0.239487 -0.870399
-2641.678975 -6705.586418 -697290.951711 -2057740.210082 -0.530968 0.136406 -0.836341 0.737573 -0.411525 -0.535381 -0.417205 -0.901133 0.117897
-439.806647 -2319.857875 -17972.842099 719256.148043 -0.578319 -0.609128 0.542688 0.013834 0.657795 0.753070 -0.815693 0.443022 -0.371988
-509.333085 -2702.194710 166927.145227 -1306002.010538 0.724560 -0.086735 -0.683733 -0.494138 0.626197 -0.603079 -0.480459 -0.774825 -0.410858
-48.212329 -4611.005540 6941.438164 -2059817.240702 0.844677 0.466644 -0.262228 -0.533477 0.693776 -0.483816 0.043842 -0.548561 -0.834960
27.199136 -328.120774 2583.413620 -14571.422207 0.633071 0.666536 0.393638 -0.284415 0.673229 -0.682547 -0.719951 0.320145 0.615775
35.777727 -285.679911 7321.239710 -11128.117673 0.608699 0.677361 0.413119 -0.032327 -0.499087 0.865948 -0.792742 0.540457 0.281897
23.152510 -296.988114 4107.105610 -35105.726964 0.650861 0.642199 0.404921 -0.034984 -0.507418 0.860990 -0.758391 0.574550 0.307792
16.478189 -402.606701 -1162.795147 3444.895744 0.672192 0.622831 0.400299 -0.491046 0.779684 -0.388544 -0.554104 0.064611 0.829936
15.381054 -315.676007 -2595.801679 -12944.233874 0.618363 0.636638 0.460781 -0.507514 0.771153 -0.384385 -0.600047 0.003836 0.799956
-44.615777 -83.284733 -2091.459898 8148.035300 -0.046489 0.992373 -0.114173 0.967584 0.073138 0.241726 -0.248232 0.099235 0.963604
-17.651874 -83.620347 -8414.687743 12218.750206 0.047429 0.997333 0.055466 0.989988 -0.054326 0.130281 -0.132947 -0.048732 0.989924
-26.842848 -63.517958 -6214.444848 12895.185396 0.086722 0.995145 0.046544 0.994754 -0.083954 -0.058454 0.054263 -0.051370 0.997204
59.495144 -55.598470 13284.670332 4082.142926 -0.490563 0.831435 0.260891 -0.259548 0.146391 -0.954570 0.831855 0.535991 -0.143983
75.654001 -76.112449 10892.005237 9171.314385 -0.453658 0.882034 0.127319 -0.085238 0.099265 -0.991404 0.887090 0.460610 -0.030151
44.316995 -60.245399 11545.005809 10288.352606 -0.622243 0.778370 0.083385 -0.076790 0.045314 -0.996017 0.779049 0.626168 -0.031575
-45.652299 -65.435991 2399.408781 1580.468411 0.900344 0.288038 0.326212 0.368002 -0.904046 -0.217431 -0.232282 -0.315810 0.919951
-33.417727 -68.090089 4234.145308 153.076367 0.710806 0.645679 0.279022 -0.619133 0.762586 -0.187449 -0.333810 -0.039512 0.941812
-46.023239 -71.100922 3885.736061 254.158524 0.795230 0.462466 0.392090 -0.477693 0.876151 -0.064561 -0.373387 -0.135958 0.917659
29.685002 -92.638299 -2896.263522 19178.774525 0.324840 0.413948 0.850368 -0.667465 0.737349 -0.103960 -0.670052 -0.533820 0.515816
39.528950 -112.089377 -3641.539169 31004.042587 0.356724 0.473406 0.805379 -0.735453 0.673911 -0.070377 -0.576071 -0.567213 0.588568
37.870337 -51.375763 -573.874694 7543.005418 0.495303 0.466450 0.732870 -0.674260 0.738357 -0.014251 -0.547767 -0.487087 0.680219
2.620650 -49.628990 10053.957797 1528.630350 -0.367892 0.391887 -0.843256 0.402400 0.884639 0.235561 0.838290 -0.252665 -0.483147
-12.692150 -51.045918 3228.632023 1918.379051 -0.202418 0.507858 -0.837321 0.423474 0.816339 0.392759 0.883004 -0.275082 -0.380307
-6.044015 -50.880377 4749.383495 1215.065197 -0.240402 0.506175 -0.828247 0.537081 0.780119 0.320872 0.808548 -0.367698 -0.459399
22.883570 -49.877877 17598.824108 -536.232318 -0.466269 0.377951 -0.799841 0.518967 0.849079 0.098684 0.716426 -0.369078 -0.592043
-21.895990 -56.723586 -885.402749 -1493.691162 0.004734 0.673780 -0.738917 -0.646465 -0.561692 -0.516319 0.762929 -0.480128 -0.432916
-2.134212 -50.613886 10112.451228 -914.853709 -0.298614 0.511614 -0.805655 0.646802 0.729223 0.223342 0.701767 -0.454406 -0.548670
-0.987800 -59.505128 242.913344 1843.136121 -0.405384 -0.898982 0.165817 0.890658 -0.347561 0.293139 -0.205895 0.266520 0.941581
-2.177327 -67.680600 -205.620507 2670.625914 0.386106 0.905169 -0.177739 0.858258 -0.281882 0.428878 -0.338106 0.318138 0.885705
-0.462227 -63.060793 932.293649 1676.765717 -0.374909 -0.912711 0.162483 0.885379 -0.300547 0.354648 -0.274857 0.276820 0.920774
-43.325082 -132.019400 -2638.771180 10328.942539 -0.151560 0.972816 0.175097 0.832019 0.029921 0.553940 -0.533642 -0.229639 0.813936
-40.347428 -136.585076 -2843.031380 -745.192044 -0.174309 0.960378 0.217464 0.631125 -0.060556 0.773314 -0.755842 -0.272043 0.595563
-43.386051 -135.714373 -691.737117 -8687.959752 -0.074262 0.992893 0.092996 0.441174 -0.050922 0.895976 -0.894344 -0.107564 0.434257
-1.168581 -180.645088 487.212389 3040.689400 0.188974 0.929740 0.316027 -0.624712 0.362128 -0.691809 0.757644 0.066692 -0.649252
-0.565698 -187.682951 -92.674756 -9668.204857 0.206662 0.928509 0.308482 -0.331348 0.363076 -0.870853 0.920597 -0.077757 -0.382694
-1.227263 -179.328930 -426.830879 -15693.352438 0.226570 0.914015 0.336516 0.017322 0.341664 -0.939662 0.973841 -0.218729 -0.061578
-2.609996 -220.337910 -915.198129 -882.328309 0.188726 0.940737 0.281773 -0.644461 0.335144 -0.687276 0.740981 0.051885 -0.669518
-0.129629 -163.047150 -1619.122281 -15047.831305 0.250751 0.906322 0.340154 -0.027873 0.357993 -0.933308 0.967650 -0.224547 -0.115029
0.640310 -212.576467 -2061.013928 -19543.046932 0.249266 0.922874 0.293546 -0.246014 0.353513 -0.902500 0.936666 -0.152746 -0.315159
0.355910 -8.713719 4083.906285 -2609.808902 -0.551437 0.433559 -0.712702 -0.033049 0.842312 0.537976 0.833562 0.320214 -0.450153
9.787614 -11.928685 4205.037084 -2346.205638 -0.537951 0.371376 -0.756762 -0.091236 0.866803 0.490234 0.838024 0.332765 -0.432415
-4.462265 -16.201393 3188.310874 -2814.060995 -0.544146 0.569477 -0.616118 0.024985 0.745030 0.666563 0.838618 0.347314 -0.419634
40.956532 -117.469333 851.753732 7654.190123 -0.280895 0.895906 0.344167 0.589060 -0.122174 0.798800 -0.757698 -0.427114 0.493424
51.107810 -127.804906 6387.986013 -3968.099894 -0.326570 0.859200 0.393861 0.389927 -0.257124 0.884220 -0.860993 -0.442337 0.251056
40.904709 -112.231106 -679.891637 -5461.018206 -0.253904 0.892400 0.373035 0.301191 -0.293551 0.907255 -0.919139 -0.342710 0.194249
47.910368 -35.777066 10472.312816 -967.024277 0.205323 0.952939 -0.223048 0.604680 0.055682 0.794520 -0.769548 0.298006 0.564790
52.515393 -48.528567 7439.007736 -3083.206155 0.174380 0.984484 0.019552 0.446841 -0.096811 0.889360 -0.877453 0.146350 0.456790
34.643594 -31.851027 9552.120201 -2990.464221 0.325836 0.939765 -0.103306 0.448630 -0.057508 0.891866 -0.832203 0.336948 0.440345
23.780095 -50.252292 483.076723 44.560735 -0.264899 0.928018 0.261938 0.895813 0.337367 -0.289315 0.356859 -0.158008 0.920698
29.192774 -49.914432 1881.775695 93.684508 -0.208968 0.935129 0.286123 0.881725 0.306711 -0.358455 0.422959 -0.177376 0.888619
26.931717 -49.592690 2700.001897 -91.516637 -0.202765 0.937777 0.281889 0.933747 0.271875 -0.232810 0.294962 -0.216007 0.930773
19.121279 -49.376936 712.416630 -245.411440 -0.266486 0.930879 0.249898 0.937748 0.310324 -0.155974 0.222742 -0.192777 0.955627
-0.288361 -264.764150 -963.664163 44925.854648 0.418075 0.538633 0.731497 -0.612000 0.762086 -0.211379 -0.671319 -0.359304 0.648252
-2.028621 -177.856589 -1533.741827 17664.529170 0.416530 0.533820 0.735893 -0.354406 0.840760 -0.409290 -0.837197 -0.090324 0.539391
0.370229 -194.874952 -1742.308384 19016.717475 0.419335 0.524907 0.740696 -0.392800 0.840476 -0.373239 -0.818454 -0.134433 0.558624
-3.332785 -197.050855 825.502506 22858.520913 0.435968 0.538990 0.720710 -0.454990 0.822944 -0.340216 -0.776477 -0.179592 0.604012
2.427335 -255.892779 -117.536089 36546.327942 0.407833 0.547420 0.730756 -0.650850 0.735608 -0.187817 -0.640364 -0.399015 0.656293
-5.147329 -253.077059 354.932895 33954.517283 0.432958 0.549520 0.714546 -0.697644 0.706251 -0.120425 -0.570825 -0.446360 0.689146
-8.608130 -316.164809 2730.602959 -58878.668990 -0.410952 -0.533196 -0.739473 0.812029 -0.582790 -0.031054 -0.414400 -0.613236 0.672469
0.061991 -287.399331 -901.946138 -44964.941552 -0.402521 -0.549442 -0.732182 0.829066 -0.557919 -0.037112 -0.388107 -0.621965 0.680097
11.114099 -152.274738 -2144.606983 -9392.184974 -0.191343 -0.495967 -0.846997 0.926692 0.193101 -0.322419 0.323465 -0.846598 0.422660
13.013963 -146.109245 -2723.839390 -1128.734779 -0.187519 -0.500921 -0.844935 0.763654 0.466673 -0.446148 0.617794 -0.728899 0.295020
12.260884 -158.637770 -944.678133 -3033.536534 -0.216331 -0.479941 -0.850210 0.838863 0.354166 -0.413370 0.499509 -0.802635 0.325988
-4.041107 -166.573637 1090.079788 14853.987007 -0.224557 -0.453069 -0.862730 0.740924 0.495664 -0.453155 0.632935 -0.740976 0.224384
-5.266321 -184.927587 -1012.826304 8667.839526 -0.196949 -0.491637 -0.848236 0.922588 0.199800 -0.330017 0.331726 -0.847569 0.414228
-3.946191 -170.154232 -1323.100497 19461.271972 -0.203137 -0.484197 -0.851051 0.721573 0.513500 -0.464382 0.661867 -0.708429 0.245072
-3.139296 -135.338834 625.485422 13164.262181 -0.236953 -0.457135 -0.857252 0.500656 0.698736 -0.510991 0.832584 -0.550269 0.063299
-17.168366 -372.946713 1458.730273 -13948.597090 0.192296 0.198180 0.961117 0.816834 -0.575128 -0.044838 0.543880 0.793695 -0.272475
-20.617507 -465.446074 -5325.812281 64987.085751 0.211826 0.322254 0.922650 0.734101 -0.675682 0.067457 0.645156 0.663029 -0.379694
-25.225602 -424.663990 -1083.028518 37084.167801 0.202465 0.311828 0.928316 0.942856 -0.318235 -0.098738 0.264634 0.895259 -0.358440
-25.570541 -551.291830 -2011.271661 -74423.979776 0.206764 0.164661 0.964435 0.967397 -0.181765 -0.176366 0.146261 0.969458 -0.196875
28.277560 -0.693764 371.706500 12715.499787 -0.302290 0.936976 0.175207 -0.504623 -0.001366 -0.863338 0.808688 0.349392 -0.473233
19.452371 -49.240198 -6071.314160 395.463346 -0.098758 -0.923940 0.369569 0.993336 -0.113704 -0.018822 0.059412 0.365247 0.929013
19.554745 -44.752422 -6609.536109 -104.730093 -0.169863 -0.907798 0.383469 0.984035 -0.135273 0.115655 -0.053118 0.396993 0.916283
4.145047 -48.606139 -6934.095142 -1474.227912 -0.221296 -0.877907 0.424625 0.972654 -0.230180 0.031010 0.070516 0.419876 0.904838
-611.151887 -6273.919018 152589.858777 3702338.537703 0.841094 -0.086893 -0.533864 0.092619 0.995571 -0.016122 0.532901 -0.035886 0.845417
-271.410264 -1453.205771 -21199.201657 440262.413746 0.961362 0.118801 -0.248333 -0.154268 0.979629 -0.128562 0.228001 0.161904 0.960106
-319.522879 -10682.218225 -32995.457214 5838819.388209 0.923117 -0.278730 -0.264886 -0.366441 -0.846428 -0.386368 0.116514 -0.453728 0.883490
98.987228 -1041.474682 -146534.825255 279168.956526 0.928119 -0.065193 -0.366531 -0.366480 -0.333154 -0.868735 0.065476 -0.940616 0.333099
-51.107374 -8744.903519 41786.801778 -5406895.314114 0.563050 0.035350 -0.825667 0.346186 0.897114 0.274484 0.750420 -0.440382 0.492882
-45.462117 -61.538289 1602.116434 -1783.852569 0.716528 -0.016206 -0.697370 0.638574 0.417581 0.646412 -0.280733 0.908495 -0.309558
-43.334700 -60.536247 -2057.686237 -662.898548 -0.647127 0.139915 0.749433 0.701383 0.494548 0.513307 -0.298812 0.857815 -0.418169
-48.775831 -65.541941 417.624379 -2324.462668 0.734903 0.164796 -0.657845 0.574371 0.364505 0.732963 -0.360577 0.916504 -0.173221
-43.785690 -59.263176 880.921810 1105.104935 0.191397 0.974061 -0.120717 -0.904269 0.127171 -0.407585 0.381661 -0.187171 -0.905153
-43.155705 -63.055278 468.529008 1290.609580 0.361530 0.930878 -0.052559 -0.780525 0.271340 -0.563165 0.509977 -0.244625 -0.824671
-40.612449 -63.080337 -1319.936505 2604.538115 0.348341 0.920951 -0.174664 -0.862570 0.241992 -0.444312 0.366922 -0.305432 -0.878680
9.485320 -41.459498 -4171.531500 -780.499831 -0.308477 0.943947 -0.117503 -0.873605 -0.330009 -0.357642 0.376372 0.007673 -0.926437
13.858726 -39.957684 -1821.090357 -2394.288223 -0.348709 0.934982 -0.064895 -0.864398 -0.347600 -0.363305 0.362242 0.070593 -0.929407
5.488729 -62.475909 79.897114 -1471.897925 -0.416423 0.902413 -0.110644 -0.480185 -0.321642 -0.816069 0.772019 0.286701 -0.567264
1.098862 -63.809997 -469.170764 513.848710 -0.389753 0.915613 -0.098715 -0.614256 -0.338333 -0.712896 0.686135 0.217217 -0.694287
2.988499 -40.631284 3772.888324 1031.777581 -0.307081 0.766113 0.564600 -0.616255 -0.612159 0.495471 -0.725211 0.195787 -0.660103
8.692544 -39.225458 2770.672359 1242.497333 -0.301287 0.793485 0.528779 -0.591811 -0.590421 0.548784 -0.747654 0.147595 -0.647479
12.617116 -43.377594 3041.498294 1061.310084 -0.304584 0.792306 0.528658 -0.684795 -0.567933 0.456626 -0.662030 0.222942 -0.715551
-0.068730 -37.217356 2837.652094 1267.061155 -0.308262 0.766185 0.563858 -0.528384 -0.630786 0.568260 -0.791066 0.122761 -0.599287
4.214388 -43.243598 4060.810591 935.993756 -0.315158 0.759032 0.569689 -0.696396 -0.592775 0.404537 -0.644754 0.269236 -0.715405
-4.578872 -41.437284 3422.793407 856.205639 -0.332363 0.747901 0.574612 -0.640944 -0.626053 0.444126 -0.691900 0.220683 -0.687440
-4.094635 -39.098407 3169.015261 938.365681 -0.323757 0.754412 0.571003 -0.567353 -0.637764 0.520929 -0.757160 0.155306 -0.634499
-13.389115 -113.742580 -182.483373 2293.616207 -0.595672 0.776514 0.205428 0.617206 0.606167 -0.501615 0.514035 0.172007 0.840346
-14.817496 -104.551121 1463.943582 4076.997845 -0.619775 0.768981 0.156677 0.644252 0.612553 -0.457949 0.448127 0.182886 0.875063
-14.734473 -112.048475 -232.231644 1464.953785 -0.623974 0.752918 0.209216 0.703618 0.657796 -0.268749 0.339967 0.020485 0.940214
-4.267679 -113.371028 -928.616518 -5718.651126 -0.641005 0.762358 0.089012 -0.415473 -0.442150 0.794912 -0.645365 -0.472561 -0.600159
49.238584 -40.666488 14051.417053 -377.566555 -0.230130 0.851628 0.470925 0.645739 -0.228399 0.728598 -0.728053 -0.471767 0.497368
-3.933515 -162.300175 1108.197738 -7909.285026 -0.297040 0.953225 -0.055941 -0.907864 -0.263780 0.325889 -0.295889 -0.147588 -0.943752
-6.467020 -160.589983 -12.768802 -14729.991206 -0.295475 0.950849 -0.092637 -0.933222 -0.266521 0.240964 -0.204430 -0.157649 -0.966103
-10.512315 -129.651372 -558.759648 -143.836984 0.350364 -0.872390 0.340853 0.912886 0.236677 -0.332600 0.209485 0.427692 0.879316
-4.274541 -147.158527 -2154.826034 -12920.294501 0.309976 -0.881650 0.355821 0.848590 0.087797 -0.521715 0.428730 0.463665 0.775374
-1.536199 -117.635277 -4017.304870 -4221.432042 0.300683 -0.862018 0.408062 0.923646 0.156593 -0.349796 0.237630 0.482083 0.843284
-8.760454 -143.327931 -256.186835 -4463.876551 0.343901 -0.879436 0.329128 0.842202 0.133880 -0.522275 0.415244 0.456803 0.786704
-9.684003 -119.722119 -1403.361033 6805.713934 0.386347 -0.847828 0.363214 0.922074 0.345319 -0.174742 0.022726 0.402421 0.915173
-10.840044 -138.239893 324.708593 14.062702 0.369296 -0.878244 0.303823 0.912236 0.280205 -0.298847 0.177328 0.387521 0.904645
152.093656 -212.621882 40339.336997 49895.760523 -0.226390 0.846603 0.481675 -0.391287 -0.531905 0.750980 -0.891988 0.018459 -0.451683
-132.446813 -158.055545 -17033.489049 2320.914242 0.142646 0.949772 -0.278543 -0.313567 0.310289 0.897439 -0.938791 0.040675 -0.342078
-16.435010 -162.491895 814.717713 16453.373987 0.051386 0.734967 -0.676153 -0.221114 0.668617 0.709971 -0.973893 -0.113025 -0.196869
-111.301778 -278.005802 1740.442227 26360.827824 -0.232757 -0.402880 0.885162 -0.153630 0.913963 0.375591 -0.960324 -0.048566 -0.274626
1300.976592 -1411.385200 -373552.793860 -420384.785253 -0.199415 -0.417901 0.886336 -0.134351 0.907621 0.397710 -0.970661 -0.039771 -0.237139
3.442380 -40.341851 273.282554 1878.690921 -0.471258 0.876331 -0.099798 -0.676461 -0.431725 -0.596669 0.565965 0.213676 -0.796258
0.380610 -39.495831 1449.541262 2294.999941 -0.391089 0.920350 0.002332 -0.725178 -0.306591 -0.616538 0.566716 0.242812 -0.787322
-7.197306 -30.475816 -1180.986770 674.014362 0.714263 -0.681630 -0.158772 0.414699 0.229445 0.880556 0.563784 0.694791 -0.446556
-9.250135 -32.180956 -461.543859 -423.905587 0.717388 -0.679503 -0.153721 0.468699 0.307491 0.828113 0.515438 0.666127 -0.539072
-6.690809 -30.098966 -239.768804 590.949686 0.694148 -0.687294 -0.213976 0.466017 0.202520 0.861286 0.548622 0.697577 -0.460870
-6.402889 -27.402080 -1102.502547 1792.503745 0.697230 -0.690509 -0.192530 0.379319 0.127486 0.916441 0.608266 0.712001 -0.350810
-9.625470 -31.391843 -1267.909395 855.568208 0.722864 -0.683185 -0.103566 0.372951 0.259572 0.890803 0.581701 0.682554 -0.442430
-4.934001 -27.352226 -703.435638 1539.341920 0.680118 -0.689465 -0.249153 0.434612 0.105504 0.894417 0.590382 0.716594 -0.371405
-2.907766 -113.895369 481.440420 -4719.304830 -0.578346 0.815140 -0.032601 -0.778251 -0.539309 0.321669 -0.244623 -0.211407 -0.946291
-3.330667 -109.047360 -429.166731 -3950.722567 -0.588893 0.807527 -0.033233 -0.777712 -0.555002 0.295191 -0.219930 -0.199681 -0.954860
-4.346433 -101.327219 -414.107850 2180.814475 -0.546983 0.835481 -0.052740 0.836608 0.543291 -0.070158 -0.029962 -0.082498 -0.996141
-1467.822483 -1985.325342 -363623.238670 916339.653855 -0.421385 -0.096840 -0.901697 0.846744 -0.398056 -0.352954 -0.324745 -0.912235 0.249733
-924.343079 -5911.917243 270349.618187 2945123.295098 -0.043898 0.679376 0.732476 0.419070 -0.653037 0.630811 -0.906892 -0.334650 0.256039
5115.417444 -89653.044064 -1458529.336417 73480979.357727 0.729433 -0.676889 0.098733 0.404544 0.310475 -0.860203 -0.551608 -0.667402 -0.500303
-2234.831145 -7476.678620 484859.516225 3341325.321433 0.332457 0.759842 0.558671 0.809565 -0.533801 0.244257 -0.483816 -0.371075 0.792607
396.501060 -175.158445 -58179.402677 271371.259486 0.802189 0.507742 -0.314151 -0.504445 0.294865 -0.811536 0.319419 -0.809477 -0.492665
-241.911569 -613.945258 68592.458404 70948.069231 0.965336 0.235584 0.112368 0.204440 -0.414812 -0.886643 0.162267 -0.878881 0.448595
-12.379339 -38.760196 -591.143629 294.206190 -0.411925 0.909401 0.057513 -0.636323 -0.332261 0.696201 -0.652235 -0.250186 -0.715540
-12.291510 -36.602982 294.636721 180.292009 -0.417587 0.907526 0.044912 -0.658442 -0.336295 0.673320 -0.626160 -0.251598 -0.737986
-11.463058 -37.900770 356.305799 -620.514613 -0.366159 0.930550 0.001862 -0.613316 -0.242836 0.751581 -0.699837 -0.274056 -0.659638
-56.881339 -81.729873 477.760316 1716.046998 0.109514 0.977332 -0.181187 0.924571 -0.033236 0.379559 -0.364933 0.209087 0.907252
-52.667554 -75.972831 68.929362 3026.642970 -0.438736 -0.886562 0.146690 0.859044 -0.365882 0.358014 -0.263730 0.283087 0.922121
-55.951370 -77.865997 60.029989 177.537654 0.607348 0.758984 -0.234676 0.583299 -0.225486 0.780332 -0.539343 0.610819 0.579663
-54.065552 -78.779691 -401.659934 -1205.501262 -0.601998 -0.766490 0.223812 0.670269 -0.332732 0.663347 -0.433980 0.549348 0.714058
-53.927019 -76.760550 320.156947 -1108.947176 0.695475 0.667888 -0.265029 0.601637 -0.339595 0.722985 -0.392871 0.662269 0.638006
-52.005340 -75.931655 983.653420 -559.824276 0.766607 0.596040 -0.238850 0.585688 -0.496585 0.640603 -0.263216 0.630983 0.729779
-54.444560 -76.080792 -50.935459 1571.379978 0.696120 0.652450 -0.299544 0.557259 -0.227996 0.798424 -0.452636 0.722722 0.522296
-22.479136 -41.852415 4008.947635 4860.255594 0.726455 0.675659 0.125496 0.685298 -0.698620 -0.205661 0.051283 -0.235406 0.970543
