18020
36026
-43.195901 -63.527663 329.707700 8727.591652 0.250149 0.967471 0.037759 0.242682 -0.100406 0.964896 -0.937300 0.232204 0.259904
-51.800852 -77.014584 191.952276 6973.805985 0.267997 0.959607 -0.085632 0.129524 0.052189 0.990202 -0.954673 0.276463 0.110306
-47.134305 -91.445886 -601.763306 14262.734457 0.159179 0.925094 -0.344765 0.197059 0.312418 0.929281 -0.967383 0.215861 0.132568
-40.174517 -60.178416 871.171712 5687.405204 0.396151 0.853783 0.337815 0.108807 -0.408975 0.906035 -0.911716 0.322170 0.254913
-37.788144 -70.582529 -3016.348909 14558.795208 0.100886 0.973492 -0.205268 0.329616 0.161963 0.930119 -0.938709 0.161496 0.304539
-32.477917 -48.553685 -491.939461 6765.908725 0.288326 0.909376 0.299837 0.290035 -0.381367 0.877746 -0.912550 0.166114 0.373710
-32.168448 -49.307730 977.555557 3873.578125 0.409796 0.744377 0.527229 0.118027 -0.616401 0.778537 -0.904509 0.256814 0.340455
129.127601 -119.214325 -25633.140086 3996.003225 0.011005 0.930552 -0.365994 0.721157 0.246163 0.647562 -0.692684 0.271066 0.668365
117.436193 -106.204901 -17377.503945 3289.600337 0.059359 0.921313 -0.384263 0.829106 0.168876 0.532977 -0.555931 0.350232 0.753842
88.763468 -109.546589 -16315.814132 9300.385530 -0.078518 0.960646 -0.266446 0.812337 0.216582 0.541481 -0.577879 0.173928 0.797374
118.772118 -112.479257 -6124.988170 1743.845900 0.207464 0.829653 -0.518300 0.795091 0.165657 0.583428 -0.569903 0.533136 0.625282
93.331709 -112.741052 -17184.760184 5019.487135 -0.150087 0.947616 -0.281953 0.645795 0.309903 0.697789 -0.748614 0.077355 0.658478
133.397743 -122.307144 -13927.460035 -3328.523505 0.199309 0.833838 -0.514771 0.634894 0.290267 0.715999 -0.746449 0.469530 0.471546
138.546141 -118.810229 -29994.949654 195.049590 -0.049870 0.920776 -0.386891 0.548731 0.348929 0.759699 -0.834511 0.174413 0.522659
-49.926192 -61.695723 -1928.629437 -8058.546693 -0.027316 -0.769513 0.638047 0.917478 -0.272697 -0.289605 0.396848 0.577483 0.713460
-52.140682 -71.053587 2109.251657 -6230.364752 -0.044610 -0.737249 0.674147 0.847938 -0.384748 -0.364651 0.528215 0.555368 0.642305
-49.075643 -61.294084 -211.515218 -8083.967647 0.156158 -0.751916 0.640497 0.906345 -0.148678 -0.395516 0.392623 0.642275 0.658279
-3.676725 -22.611212 1696.975869 2104.994687 -0.192206 0.976379 0.098698 -0.515811 -0.186073 0.836251 -0.834863 -0.109823 -0.539392
-1.456239 -22.116049 962.794943 -1349.263863 -0.103033 0.993576 -0.046808 -0.511499 -0.012564 0.859192 -0.853085 -0.112467 -0.509507
5.858426 -23.156520 4900.576967 662.757197 -0.127450 0.991754 0.013456 -0.520142 -0.078383 0.850475 -0.844517 -0.101394 -0.525843
-4.995759 -18.899082 -1070.392951 -973.234407 -0.066748 0.989375 -0.129160 -0.536638 0.073534 0.840603 -0.841169 -0.125421 -0.526028
13.504139 -24.752967 8309.958465 2760.927967 -0.149752 0.986145 0.071359 -0.546689 -0.142722 0.825083 -0.823836 -0.084547 -0.560487
8.765523 -28.934304 8796.600179 3549.692480 -0.188700 0.970907 0.147417 -0.559220 -0.229635 0.796581 -0.807258 -0.067876 -0.586283
-7.927403 -20.626932 -945.646763 2883.383529 -0.174641 0.984092 0.032601 -0.528501 -0.121623 0.840175 -0.830775 -0.129499 -0.541334
-6.297181 -26.999997 3234.726874 4744.230809 -0.260638 0.939823 0.220907 -0.514297 -0.328807 0.792076 -0.817048 -0.092833 -0.569048
-2.067883 -43.235250 -10794.476884 -990.493596 -0.166127 0.957442 0.236022 0.641465 -0.076860 0.763292 -0.748949 -0.278204 0.601397
12.813533 -45.361454 -12374.750300 -1221.856650 -0.199312 0.957530 0.208352 0.684236 -0.016217 0.729080 -0.701495 -0.287877 0.651944
-4.589496 -47.213115 -7968.103180 -1196.633852 -0.121427 0.961896 0.244972 0.732840 -0.079581 0.675731 -0.669478 -0.261577 0.695253
-15.540532 -44.959188 -2337.721966 -1324.910914 -0.036903 0.957838 0.284931 0.660341 -0.190633 0.726367 -0.750058 -0.214957 0.625465
5.831943 -55.455324 -1226.626214 2231.737979 -0.201133 0.970334 0.134151 0.875054 0.116431 0.469813 -0.440256 -0.211885 0.872513
5.000865 -57.850736 -694.855345 1318.705326 -0.190472 0.971810 0.138944 0.911728 0.122641 0.392060 -0.363967 -0.201355 0.909387
3.688867 -55.113591 -611.313497 2743.267350 -0.199995 0.969770 0.139815 0.880962 0.115523 0.458869 -0.428845 -0.214943 0.877434
4.028722 -52.798054 -718.006087 -1628.580539 -0.208867 0.969642 0.127158 0.796982 0.093420 0.596734 -0.566739 -0.225981 0.792300
-6.315932 -47.565689 -355.989686 -924.069715 -0.179121 0.983349 0.030663 -0.309209 -0.085857 0.947110 -0.933973 -0.160166 -0.319440
-7.824467 -56.704004 -510.700836 6121.587669 -0.163158 0.986572 0.007378 -0.346925 -0.064372 0.935681 -0.923592 -0.150105 -0.352769
-7.445101 -55.775250 109.131887 4386.246971 -0.167323 0.985830 -0.011958 -0.345059 -0.047196 0.937394 -0.923546 -0.160974 -0.348066
-8.367859 -59.881653 -92.247970 9137.906281 -0.161071 0.986520 -0.028871 -0.417707 -0.041638 0.907627 -0.894190 -0.158253 -0.418783
-5.548496 -47.702633 190.929633 -2082.528440 -0.182712 0.982987 0.018777 -0.307817 -0.075333 0.948458 -0.933737 -0.167515 -0.316345
-7.102040 -58.997940 210.296056 4914.709211 -0.172265 0.984679 -0.027038 -0.348538 -0.035256 0.936631 -0.921328 -0.170773 -0.349272
-5.448326 -52.699308 204.074411 6858.393397 -0.251754 0.932592 -0.258634 -0.101473 0.240332 0.965372 -0.962457 -0.269281 -0.034128
-6.899196 -60.407547 -338.979478 10569.452625 -0.246687 0.882888 -0.399568 -0.117670 0.381970 0.916653 -0.961925 -0.273143 -0.009663
-2.853348 -45.809059 -149.628565 918.550151 -0.264741 0.926687 -0.266764 -0.048570 0.263469 0.963444 -0.963096 -0.268020 0.024742
7.964244 -108.298819 5730.596455 4851.120259 -0.182682 0.927413 -0.326393 -0.273540 0.270929 0.922916 -0.944353 -0.257882 -0.204191
0.425726 -107.215640 2172.841308 2329.582700 -0.211121 0.928335 -0.305976 -0.216235 0.260918 0.940832 -0.953242 -0.264792 -0.145653
1.571748 -101.007513 6617.898154 1355.663571 -0.169601 0.937403 -0.304156 -0.129185 0.284818 0.949837 -0.977009 -0.200386 -0.072793
-3.631734 -128.722711 366.565103 -7984.659361 0.269790 -0.960377 -0.069923 0.961620 0.264943 0.071364 -0.050011 -0.086493 0.994996
-3.760379 -122.135811 382.577105 -6776.188202 -0.274541 0.959889 0.056932 0.939365 0.255077 0.229191 -0.205476 -0.116402 0.971715
-2.913786 -117.230890 -821.538614 -7869.077333 -0.283684 0.955631 0.079326 0.919491 0.247610 0.305329 -0.272140 -0.159557 0.948937
-1.735474 -125.227521 -1394.351961 -10170.921129 -0.274891 0.957693 0.085195 0.934249 0.245119 0.259028 -0.227186 -0.150798 0.962105
-0.784207 -88.714819 548.500435 -8141.934356 -0.241594 0.931081 -0.273349 -0.791990 -0.026430 0.609962 -0.560699 -0.363853 -0.743793
0.984322 -75.076672 -218.613515 -3784.002333 -0.239019 0.926060 -0.292031 -0.865946 -0.067217 0.495600 -0.439325 -0.371341 -0.817985
-0.177640 -74.922926 667.126128 -4291.457543 -0.258766 0.928468 -0.266435 -0.862922 -0.098253 0.495694 -0.434058 -0.358181 -0.826620
15.361858 -48.619994 -1377.163873 -1006.881665 -0.051685 -0.987171 0.151072 0.997084 -0.059515 -0.047773 0.056151 0.148163 0.987368
15.981011 -48.200255 1268.882112 -157.127210 0.062635 0.988231 -0.139554 0.985288 -0.083505 -0.149109 0.159008 0.128162 0.978923
18.519908 -47.891104 -2104.008071 -1790.312194 -0.056102 -0.990332 0.126869 0.996727 -0.062961 -0.050710 0.058208 0.123609 0.990622
19.332760 -45.068797 -1994.935231 -1502.064520 -0.030668 -0.991213 0.128669 0.998550 -0.024686 0.047828 -0.044232 0.129949 0.990534
15.204734 -47.424445 -1971.935042 -96.779453 -0.062889 -0.983056 0.172178 0.997113 -0.054536 0.052827 -0.042543 0.175003 0.983648
-4.287248 -63.892852 1113.350132 -2667.647072 -0.203438 0.961800 -0.183177 0.242076 0.230692 0.942433 -0.948690 -0.147384 0.279760
-5.708224 -58.082734 218.660089 -1184.573551 -0.226733 0.949657 -0.216203 0.151201 0.253613 0.955415 -0.962149 -0.183934 0.201091
-4.776210 -64.671620 781.467251 -5190.668587 -0.223796 0.948728 -0.223226 0.200414 0.268937 0.942076 -0.953808 -0.166095 0.250325
-4.990434 -57.079667 1110.375224 737.100658 -0.200762 0.962310 -0.183452 0.159713 0.216911 0.963038 -0.966533 -0.164042 0.197241
-3.109623 -58.345913 1127.332467 -504.095008 -0.190743 0.971292 -0.142156 0.216817 0.182924 0.958921 -0.957396 -0.152086 0.245484
-0.482203 -65.944109 1489.424925 -3843.295626 -0.166847 0.981682 -0.091993 0.335292 0.144231 0.931008 -0.927222 -0.124491 0.353215
-4.041415 -114.922650 -71.828306 11706.915039 0.871471 -0.007278 0.490393 0.392922 0.608757 -0.689222 0.293514 -0.793323 -0.533374
-4.146175 -97.716164 443.475176 8003.368278 0.873544 0.017185 0.486441 0.308645 0.753211 -0.580871 0.376375 -0.657554 -0.652659
-5.861138 -107.752084 -715.310653 13422.127826 0.873796 0.005029 0.486267 0.353301 0.680545 -0.641901 0.334155 -0.732689 -0.592880
-8.798636 -124.846097 -1979.332067 19813.513000 0.881602 0.009216 0.471903 0.373101 0.598765 -0.708714 0.289091 -0.800872 -0.524434
-6.432199 -132.841542 -983.200256 14113.129087 0.878392 -0.002406 0.477935 0.422248 0.472381 -0.773668 0.223906 -0.881391 -0.415952
6.510287 -54.809021 849.993629 -1946.860259 -0.196249 0.977953 0.071380 0.677778 0.082686 0.730602 -0.708592 -0.191760 0.679062
6.387241 -50.560082 704.117189 309.088320 -0.214021 0.974769 0.063408 0.612516 0.083352 0.786052 -0.760933 -0.207070 0.614900
6.130409 -52.537882 631.574670 -963.861037 -0.200394 0.978260 0.053388 0.623099 0.085209 0.777488 -0.756036 -0.189070 0.626628
6.260555 -56.638125 1525.899237 -3272.559809 -0.178257 0.982496 0.054091 0.688948 0.085371 0.719766 -0.702549 -0.165569 0.692107
2.545573 -33.636885 -206.251877 -3012.107302 0.028596 0.967941 -0.249546 -0.445264 0.235847 0.863780 -0.894943 -0.086413 -0.437733
1.518713 -26.378512 -109.705676 -3374.847586 0.050165 0.955335 -0.291235 -0.498572 0.276624 0.821526 -0.865395 -0.103990 -0.490181
2.599455 -25.974026 -293.353561 -3822.036471 0.055240 0.956300 -0.287122 -0.516235 0.273498 0.811603 -0.854664 -0.103390 -0.508784
1.148785 -19.874961 -243.556015 -3480.140053 0.071577 0.942204 -0.327306 -0.544130 0.311903 0.778871 -0.835942 -0.122348 -0.535006
4.401496 -33.567330 -733.890506 -3292.372760 0.039896 0.967783 -0.248605 -0.459435 0.238710 0.855533 -0.887315 -0.080086 -0.454157
2.861992 -18.698036 -106.923855 -3046.337903 0.079134 0.941311 -0.328133 -0.559582 0.314358 0.766842 -0.824988 -0.122934 -0.551617
3.472742 -21.567778 -559.438057 -4171.773378 0.071493 0.947832 -0.310650 -0.550860 0.297161 0.779903 -0.831530 -0.115367 -0.543368
5.570146 -25.269278 -1480.397926 -4010.048956 0.043068 0.961746 -0.270536 -0.535041 0.250886 0.806714 -0.843728 -0.110004 -0.525378
62.745999 -25.852067 7259.646836 -3233.625693 -0.234148 0.826503 0.511925 0.022578 -0.521798 0.852770 -0.971939 -0.211233 -0.103517
47.398203 -22.707916 4538.551548 -1996.182436 -0.104092 0.862025 0.496062 0.036320 -0.495144 0.868052 -0.993904 -0.108374 -0.020231
52.607135 -29.172176 2655.888109 -5807.726208 -0.193004 0.862222 0.468319 0.036468 -0.470660 0.881561 -0.980520 -0.187224 -0.059396
64.068797 -38.993236 4993.812997 -7948.820147 -0.320569 0.845842 0.426366 0.014945 -0.445548 0.895133 -0.947107 -0.293324 -0.130188
-19.994811 -101.956371 190.704443 4918.294352 0.976478 0.149452 0.155417 -0.067812 -0.471361 0.879330 -0.204675 0.869185 0.450139
-20.267110 -108.883462 1136.603822 2465.670771 0.973312 0.167405 0.156971 -0.101209 -0.300766 0.948313 -0.205964 0.938891 0.275796
-21.012821 -101.867531 1416.947492 4533.166716 0.966487 0.182546 0.180497 -0.068933 -0.492741 0.867441 -0.247286 0.850813 0.463645
-19.694730 -108.814263 -1400.810921 2457.383179 0.978668 0.144966 0.145579 -0.102492 -0.269622 0.957496 -0.178056 0.951992 0.249013
-17.749860 -102.066565 -198.792367 5202.165635 0.980895 0.093587 0.170545 -0.113979 -0.433964 0.893692 -0.157649 0.896056 0.415006
-15.856891 -91.910997 599.738345 6328.712433 0.978225 0.096944 0.183512 -0.089074 -0.602525 0.793114 -0.187458 0.792190 0.580770
3.790479 -280.499356 -5530.820505 41229.379111 0.947308 -0.143671 0.286296 0.289703 0.765615 -0.574375 0.136671 -0.627051 -0.766895
-2.046290 -303.229661 -1990.289745 72640.000322 0.947804 -0.129544 0.291354 0.301816 0.659199 -0.688741 0.102838 -0.740726 -0.663889
-2.972873 -356.884645 -5616.679784 79050.252200 0.938580 -0.155538 0.308019 0.342811 0.522112 -0.780948 0.039353 -0.838575 -0.543364
5.150557 -406.493897 -6199.151519 98939.419971 0.936497 -0.170700 0.306325 0.350204 0.500575 -0.791696 0.018196 -0.848697 -0.528567
13.937088 -323.380420 -5392.421538 46455.332976 0.938861 -0.138426 0.315242 0.310812 0.734634 -0.603082 0.148105 -0.664192 -0.732744
7.999133 -260.417827 -5292.766927 -9680.876535 0.953567 -0.089021 0.287725 0.195066 0.910423 -0.364800 0.229477 -0.403987 -0.885514
12.305947 -127.856421 -175.630936 3910.619597 0.877053 0.253329 0.408171 -0.379863 -0.154415 0.912064 -0.294080 0.954977 0.039200
11.719811 -123.602065 -367.298520 8066.303429 0.869414 0.266057 0.416334 -0.321478 -0.335262 0.885580 -0.375196 0.903777 0.205950
10.009031 -126.911620 -461.981219 4195.564002 0.870624 0.282316 0.402880 -0.386714 -0.113457 0.915194 -0.304083 0.952589 -0.010397
10.174724 -35.368734 4773.171984 1169.739964 0.725689 -0.655101 0.210281 0.561681 0.740594 0.368830 -0.397354 -0.149545 0.905399
17.068644 -34.226160 -5948.165387 866.194070 -0.667477 0.722829 -0.178865 0.600640 0.664618 0.444426 -0.440121 -0.189210 0.877777
14.268111 -31.367831 -3146.278307 -61.684709 -0.672635 0.703682 -0.228897 0.604794 0.701026 0.377872 -0.426364 -0.115734 0.897117
11.218616 -38.805572 4063.841425 1069.755198 0.707706 -0.678985 0.195276 0.551466 0.703654 0.448058 -0.441631 -0.209405 0.872417
5.919955 -40.522002 917.790571 966.189900 0.770262 -0.585199 0.253453 0.487275 0.796456 0.358079 -0.411411 -0.152314 0.898633
4.156881 -37.378695 2750.812935 1389.639048 0.792107 -0.552981 0.258415 0.488745 0.828222 0.274183 -0.365643 -0.090884 0.926307
57.310105 27.540646 -483.534502 -4762.130477 0.989028 0.021739 -0.146123 0.045595 -0.985743 0.161959 0.140519 0.166845 0.975919
66.051721 30.992480 19551.421527 3387.953975 0.945718 -0.019203 -0.324420 -0.005773 0.997103 -0.075850 0.324937 0.073605 0.942867
48.479216 26.830030 23278.608774 3705.067286 0.912178 0.017656 -0.409414 -0.065284 0.992573 -0.102649 0.404560 0.120363 0.906556
-19.558579 -36.652312 -1155.806627 439.142731 0.414177 -0.864921 0.283493 0.904729 0.425299 -0.024227 -0.099615 0.266519 0.958668
-17.475896 -36.239467 -37.527881 579.828806 0.453767 -0.837688 0.303931 0.886088 0.460346 -0.054126 -0.094573 0.293870 0.951155
-17.757493 -37.174919 -662.647796 -977.013385 0.422890 -0.854549 0.301512 0.888716 0.456119 0.046256 -0.177054 0.248397 0.952340
-20.093785 -36.365915 -1307.931920 -1458.890890 0.371248 -0.892274 0.256949 0.911713 0.402721 0.081207 -0.175938 0.204116 0.963007
-1.946722 -54.286559 -474.038795 4056.894810 0.020705 0.988738 -0.148215 0.992233 -0.002134 0.124377 0.122660 -0.149639 -0.981103
0.039096 -55.751000 1208.732776 -6842.804165 -0.017512 0.991557 -0.128481 -0.990367 -0.034855 -0.134010 0.137357 -0.124896 -0.982616
-1.671700 -52.521186 118.593513 46.331125 -0.013835 0.989534 -0.143633 0.998983 0.007515 -0.044452 -0.042907 -0.144102 -0.988632
-2.658046 -57.428280 -469.840282 2788.536448 -0.062968 0.986905 -0.148505 -0.982670 -0.035316 0.181966 -0.174338 -0.157389 -0.972026
-4.074403 -54.483244 -792.131255 2246.232914 -0.041830 0.989113 -0.141085 -0.985572 -0.017670 0.168333 -0.164007 -0.146091 -0.975581
-1.764323 -58.348094 -404.058475 -5765.757781 -0.064261 0.985675 -0.155932 0.985569 0.038165 -0.164913 -0.156600 -0.164279 -0.973904
129.048122 -575.702771 15876.303846 210834.647283 -0.143150 0.253346 -0.956726 0.989423 0.059536 -0.132277 0.023448 -0.965542 -0.259189
-163.580216 -408.772519 64795.547004 -124778.427427 0.946474 -0.016797 -0.322342 -0.322494 -0.007192 -0.946544 -0.013581 -0.999833 0.012224
-241.032722 -1673.769072 221726.333271 16978.260143 0.937359 0.269705 -0.220491 -0.327137 0.899050 -0.291017 -0.119744 -0.344918 -0.930963
-146.559477 -564.584873 -41252.757910 155391.862226 -0.373024 -0.376488 -0.848003 0.862546 -0.477472 -0.167437 -0.341860 -0.793900 0.502847
-184.326481 -3340.101641 60269.431682 1967066.651813 -0.079712 0.015871 0.996692 -0.199473 0.979395 -0.031549 -0.976656 -0.201328 -0.074904
82.126839 -430.671792 6251.830748 124598.035039 -0.351287 -0.001539 -0.936267 0.934226 -0.066582 -0.350412 -0.061799 -0.997780 0.024827
145.902008 -664.227558 104026.017464 214122.167643 -0.366017 -0.072035 -0.927816 0.930142 0.003221 -0.367185 0.029438 -0.997397 0.065824
10.430796 -808.746680 2023.974684 299414.837848 0.908766 0.387509 0.154859 -0.383352 0.921836 -0.057097 -0.164880 -0.007478 0.986285
27.512542 -797.090532 6494.687773 -304087.813423 0.859728 0.495225 0.124979 0.364065 -0.765808 0.530089 -0.358223 0.410232 0.838681
112.462122 -2335.892320 -45486.055363 856600.261467 0.953188 0.199760 0.226997 -0.125097 0.943970 -0.305405 -0.275286 0.262712 0.924770
3.936393 -498.290389 2211.286001 21072.663277 0.878460 0.451400 0.156672 0.477288 -0.813563 -0.332132 0.022462 -0.366543 0.930130
-5.040377 -727.675540 732.819698 196129.270686 0.894487 0.418112 0.158354 -0.430358 0.901189 0.051475 -0.121184 -0.114193 0.986040
-38.747241 -144.359535 -9482.433443 -5695.345115 0.910110 0.299474 0.286382 0.331866 -0.112950 -0.936540 0.248123 -0.947395 0.202182
-27.527285 -216.419936 -8802.084333 66943.997833 0.937169 0.285880 0.199968 0.264881 -0.210027 -0.941130 0.227052 -0.934966 0.272555
-16.111084 -140.659350 -5724.536918 -4851.732979 0.934762 0.264561 0.237121 0.272778 -0.106836 -0.956127 0.227621 -0.958433 0.172033
-42.378459 -231.125885 -7098.631302 -68158.478035 0.852943 0.275690 0.443265 0.452484 0.032933 -0.891164 0.260284 -0.960682 0.096655
12.396333 -161.084471 7840.652493 -39207.598230 -0.078795 0.995044 -0.060653 -0.824363 -0.030826 0.565222 -0.560551 -0.094536 -0.822706
4.104966 -200.487165 9577.523631 -88420.795067 -0.120073 0.992762 -0.002278 -0.923794 -0.110891 0.366480 -0.363575 -0.046109 -0.930423
-3.243508 -107.093514 3517.496684 -39189.038419 -0.136591 0.990606 -0.006553 -0.927695 -0.125590 0.351582 -0.347456 -0.054102 -0.936134
-7.254940 -65.796050 11311.021765 -26678.016279 -0.530533 0.828275 0.180265 -0.788409 -0.560273 0.253978 -0.311362 0.007379 -0.950263
-13.598550 -60.526859 -4529.950759 -15822.815260 0.043877 0.988905 -0.141921 -0.947835 0.086101 0.306912 -0.315726 -0.121052 -0.941097
-3.674414 -129.263004 5761.787408 -47943.401073 -0.089844 0.992800 -0.079217 -0.920189 -0.052317 0.387964 -0.381026 -0.107750 -0.918264
0.631975 -90.469910 -34846.579066 -18104.576093 -0.095201 0.991786 -0.085419 -0.810120 -0.027325 0.585627 -0.578483 -0.124952 -0.806067
-48.412202 -75.525562 -7859.017562 -1688.421872 0.094139 0.995327 0.021493 -0.765786 0.058599 0.640420 -0.636168 0.076747 -0.767724
-45.410795 -72.258884 -9365.666844 -954.154638 -0.053465 0.997749 0.040480 -0.824895 -0.066975 0.561304 -0.562752 0.003382 -0.826619
-1.349808 -65.267344 -40777.481544 -13175.627310 -0.014351 0.955222 -0.295543 -0.854569 0.141742 0.499620 -0.519139 -0.259732 -0.814269
14.687755 -47.406875 -4920.560204 843.595027 -0.150622 0.961973 -0.227864 -0.501094 -0.272981 -0.821210 0.852184 0.009511 -0.523155
24.512546 -44.931094 -6084.433627 817.621755 -0.208177 0.949862 -0.233290 -0.497789 -0.308206 -0.810688 0.841944 0.052637 -0.536992
14.181728 -43.210890 -6091.455976 1017.462134 -0.152063 0.964923 -0.214013 -0.605682 -0.262084 -0.751307 0.781042 -0.015378 -0.624289
21.152402 -48.723120 -6813.925678 917.389759 -0.155028 0.953920 -0.256911 -0.395471 -0.298234 -0.868711 0.905300 0.033074 -0.423482
8.651709 -45.321303 -2414.327525 1389.902848 -0.147574 0.969667 -0.194852 -0.579750 -0.244423 -0.777269 0.801319 0.001739 -0.598235
9.553675 -48.232212 137.612778 1507.027632 -0.154962 0.968247 -0.196176 -0.517777 -0.248716 -0.818564 0.841364 0.025271 -0.539877
12.197049 -49.192605 -145.136479 683.604429 -0.157890 0.964361 -0.212318 -0.407880 -0.259507 -0.875380 0.899280 0.051613 -0.434317
22.264592 -177.407441 -6753.034036 -6934.884195 0.788925 -0.214924 -0.575678 -0.614361 -0.295041 -0.731786 0.012570 -0.930999 0.364806
33.630293 -180.774820 -9051.984967 26188.151830 0.791387 -0.210412 -0.573964 -0.572473 0.074259 -0.816554 -0.214435 -0.974788 0.061687
13.927843 -172.958284 -7580.819178 14144.552741 0.752632 -0.271103 -0.600040 -0.630457 -0.033860 -0.775486 -0.189920 -0.961955 0.196403
7.489916 -171.777600 -4078.908299 -14674.953864 0.760633 -0.246603 -0.600520 -0.646629 -0.369759 -0.667195 0.057515 -0.895804 0.440712
10.225172 -167.097344 -5033.403415 -26408.837530 0.790401 -0.218217 -0.572406 -0.574824 -0.587210 -0.569879 0.211765 -0.779465 0.589567
26.431292 -177.508466 -6718.894666 -29259.336608 0.822756 -0.156604 -0.546396 -0.527706 -0.567626 -0.631923 0.211187 -0.808255 0.549659
35.505464 -45.147825 -5385.044910 1197.237661 -0.281694 0.956531 0.075480 -0.748029 -0.169661 -0.641613 0.600917 0.237200 -0.763305
41.189765 -41.329444 -6129.068253 447.859597 -0.306618 0.950624 0.047953 -0.778769 -0.221584 -0.586873 0.547270 0.217290 -0.808258
29.082617 -42.053397 -9036.448045 1296.019576 -0.291740 0.955765 -0.037418 -0.726530 -0.246873 -0.641255 0.622127 0.159895 -0.766415
39.346544 -47.123836 2484.665760 639.956265 -0.299569 0.927852 0.222146 -0.782151 -0.105501 -0.614093 0.546351 0.357715 -0.757325
-8.580807 -31.748485 -2008.300924 -3582.690021 0.252579 0.966798 -0.038792 -0.878461 0.212326 -0.428047 0.405598 -0.142193 -0.902924
-6.899729 -33.646144 -1134.695096 -3793.782264 0.184894 0.979971 -0.073962 -0.901944 0.139322 -0.408761 0.390270 -0.142287 -0.909639
-11.126668 -38.123889 -1604.419917 -2649.591134 0.260448 0.965164 -0.024999 -0.906555 0.235560 -0.350243 0.332153 -0.113883 -0.936325
-11.172696 -33.889542 -1685.019407 -2991.076595 0.316197 0.948641 0.009943 -0.864046 0.292297 -0.409863 0.391719 -0.121006 -0.912093
-12.378169 -38.078698 -28.003562 -1407.615306 0.343179 0.937717 0.053999 -0.875873 0.340249 -0.342165 0.339227 -0.070128 -0.938087
21.598189 -74.445054 3152.624755 -3994.762163 0.056258 -0.810305 -0.583301 0.889341 0.306195 -0.339584 0.453770 -0.499650 0.737864
26.760001 -80.377434 -2391.059414 -3675.560285 -0.060198 0.850886 0.521890 0.884484 0.287810 -0.367223 0.462670 -0.439497 0.769921
21.933820 -79.198519 -2554.347363 2193.184842 -0.029191 0.833444 0.551832 0.796360 0.353047 -0.491090 0.604119 -0.425121 0.674027
16.132124 -75.628428 -1858.621036 1470.438832 -0.034972 0.808363 0.587645 0.808387 0.368611 -0.458951 0.587612 -0.458994 0.666361
14.750178 -69.810111 1675.301923 -2500.951019 0.058532 -0.781679 -0.620928 0.886123 0.327128 -0.328287 0.459738 -0.531004 0.711811
-10.099645 -75.223050 -559.547925 452.697814 0.150264 0.987453 0.048561 -0.040406 0.055211 -0.997657 0.987820 -0.147950 -0.048195
-9.598661 -77.527158 -1748.173669 2029.380781 0.176324 0.981718 0.071696 -0.013694 0.075277 -0.997069 0.984237 -0.174825 -0.026717
-8.286837 -73.914477 -1411.425214 1520.712897 0.168887 0.983727 0.061305 -0.179948 0.091927 -0.979371 0.969069 -0.154372 -0.192545
1.347157 -86.269338 1548.677441 -3389.453141 0.138490 0.987402 -0.076531 -0.180799 0.101184 0.978301 -0.973721 0.121648 -0.192535
6.182302 -88.681247 2055.453777 -1358.746072 0.140727 0.985946 -0.090032 -0.203750 0.117832 0.971906 -0.968856 0.118429 -0.217469
3.280573 -83.642690 1494.924212 -783.714243 0.140181 0.986868 -0.080250 -0.310929 0.120826 0.942722 -0.940039 0.107199 -0.323783
4.174219 -92.971737 2230.709591 -2621.113831 0.141006 0.985667 -0.092619 -0.034619 0.098405 0.994544 -0.989403 0.137030 -0.047999
-0.605566 -84.493605 1108.407645 -1381.426069 0.131674 0.989059 -0.066507 -0.304905 0.104249 0.946660 -0.943236 0.104372 -0.315296
-3.383788 -90.577002 1102.723455 -2410.733625 0.123606 0.991287 -0.045521 -0.205159 0.070410 0.976193 -0.970892 0.111324 -0.212075
-1.039059 -92.871918 1509.110761 -2970.886132 0.137571 0.988313 -0.065659 -0.035918 0.071224 0.996813 -0.989841 0.134774 -0.045296
48.263907 -3.396751 -6410.651296 920.586066 -0.536733 0.757715 -0.371196 0.810021 0.585881 0.024693 0.236186 -0.287423 -0.928226
92.615310 -9.498418 -17539.678494 4414.360924 -0.629440 0.737279 -0.245407 0.758633 0.651421 0.011267 0.168170 -0.179082 -0.969355
45.698962 -5.762288 -2287.245300 3957.614382 -0.655666 0.695677 -0.293490 0.728188 0.685374 -0.002213 0.199611 -0.215167 -0.955960
30.085413 -4.504628 -1420.629677 2466.475022 -0.515857 0.756107 -0.402732 0.814963 0.578035 0.041348 0.264057 -0.306882 -0.914384
26.073767 -4.696344 -5794.381258 663.060577 -0.345652 0.798910 -0.492207 0.892953 0.441241 0.089110 0.288373 -0.408717 -0.865905
32.281663 -4.217618 -9936.928554 -2010.823240 -0.437964 0.742894 -0.506257 0.853986 0.519746 0.023902 0.280882 -0.421868 -0.862051
22.146908 -152.084060 -8610.125014 31668.539499 0.740368 -0.277202 -0.612384 -0.538584 0.300493 -0.787166 -0.402221 -0.912613 -0.073178
32.350568 -99.705182 -8023.405136 24611.577150 0.752042 -0.253878 -0.608259 -0.448426 0.479267 -0.754465 -0.483061 -0.840148 -0.246583
14.980453 -100.514787 -6422.930806 24262.885070 0.724434 -0.288210 -0.626203 -0.449332 0.491481 -0.746021 -0.522777 -0.821816 -0.226544
8.908334 -133.772723 -5297.077358 26615.798850 0.714683 -0.272541 -0.644166 -0.551633 0.346599 -0.758663 -0.430034 -0.897547 -0.097366
-0.841941 -55.718259 -640.178357 2296.129210 -0.207416 0.895786 0.393124 -0.505923 -0.442175 0.740624 -0.837269 0.045273 -0.544913
-2.045890 -52.946355 -1334.263010 660.453410 -0.204764 0.902181 0.379660 -0.496428 -0.430011 0.754089 -0.843582 0.034064 -0.535919
-0.866227 -58.727017 -751.807418 3505.518471 -0.198597 0.901502 0.384518 -0.573792 -0.425014 0.700090 -0.794557 0.081598 -0.601681
0.264614 -66.339518 352.357209 4345.376679 -0.186291 0.896695 0.401539 -0.629714 -0.422684 0.651766 -0.754159 0.131437 -0.643404
1.888217 -44.397103 2603.720633 -3860.436979 -0.312823 0.920519 0.234066 0.090132 0.274092 -0.957471 0.945525 0.278422 0.168710
1.053598 -38.570674 1082.694649 -2845.137650 -0.307525 0.904382 0.295841 0.149166 0.352882 -0.923701 0.939776 0.239931 0.243423
-2.638071 -43.450588 1727.193485 -4729.619704 -0.308930 0.905193 0.291871 0.125803 0.343077 -0.930845 0.942728 0.250848 0.219863
-6.160367 -48.502253 2700.708102 -4288.774138 -0.302418 0.921224 0.244722 0.065104 0.276108 -0.958919 0.950949 0.274062 0.143476
-11.364531 -45.142546 4129.478270 -3741.804031 -0.318102 0.884526 0.341210 0.115599 0.393407 -0.912068 0.940983 0.250687 0.227394
-3.834617 -89.884293 546.443760 -3056.159008 -0.101961 -0.954859 -0.279013 0.990330 -0.070904 -0.119248 0.094082 -0.288473 0.952855
-2.394560 -93.958712 485.548470 -3858.927809 -0.100208 -0.953449 -0.284419 0.994373 -0.086094 -0.061733 0.034373 -0.289005 0.956710
-4.120680 -100.803764 379.377333 -5519.550371 -0.133843 -0.952829 -0.272404 0.961570 -0.058372 -0.268283 0.239727 -0.297843 0.924024
-5.172776 -95.943753 1377.895791 -5899.428660 -0.137940 -0.950329 -0.279013 0.955842 -0.053922 -0.288893 0.259499 -0.306542 0.915801
-5.008672 -88.517098 484.338704 -2992.578658 -0.101698 -0.958389 -0.266736 0.986747 -0.063100 -0.149496 0.126444 -0.278404 0.952105
-5.939537 -83.912574 625.640853 -1888.338031 -0.068153 -0.962478 -0.262663 0.997141 -0.074329 0.013637 -0.032648 -0.260982 0.964791
5.494156 -61.566651 -217.690760 -2117.950438 -0.166148 0.775108 0.609592 0.571004 -0.428377 0.700320 -0.803959 -0.464436 0.371415
5.096484 -58.804072 -221.282983 -2157.941883 -0.178228 0.772329 0.609707 0.566298 -0.426218 0.705439 -0.804699 -0.471005 0.361404
5.735039 -56.892173 -358.462476 -1113.860036 -0.194853 0.788845 0.582886 0.476342 -0.443382 0.759283 -0.857398 -0.425601 0.289365
-2.590627 -180.789593 -733.638239 4518.124228 0.908178 -0.295624 -0.296342 0.174509 -0.376102 0.909997 0.380471 0.878154 0.289979
-3.796886 -179.535852 648.944628 8794.523982 0.904217 -0.321628 -0.280975 0.136174 -0.406439 0.903473 0.404781 0.855198 0.323711
-5.631137 -169.999901 -298.372171 2124.895683 0.907930 -0.292228 -0.300441 0.064008 -0.611749 0.788458 0.414205 0.735096 0.536720
-6.673777 -161.229318 -366.460166 5538.740328 0.904242 -0.273187 -0.328199 -0.015096 -0.788552 0.614783 0.426753 0.550958 0.717166
-4.743504 -175.403440 -816.469629 2299.488793 0.903730 -0.284361 -0.320016 0.083327 -0.616384 0.783025 0.419915 0.734309 0.533349
16.996999 -12.126198 -9964.499371 -5907.163126 -0.566794 0.626054 -0.535538 0.772853 0.629212 -0.082399 0.285381 -0.460595 -0.840482
41.000328 -8.179256 -13200.633905 -5433.067094 -0.484293 0.716636 -0.501889 0.834747 0.550279 -0.019751 0.262025 -0.428516 -0.864707
-5.068327 -107.167699 -897.887549 2508.279795 0.958524 -0.179097 -0.221710 0.113903 0.953794 -0.278034 0.261260 0.241249 0.934635
-6.574039 -118.696454 -1052.075074 1109.206633 0.950928 -0.234478 -0.201882 -0.121073 -0.882424 0.454609 0.284742 0.407858 0.867510
0.830441 -113.991914 -3855.759849 5225.059654 0.961137 -0.206646 -0.183065 -0.104073 -0.885397 0.453036 0.255703 0.416377 0.872494
2.948671 -103.954137 -4058.353756 4775.292120 0.965328 -0.169290 -0.198702 0.120749 0.964448 -0.235073 0.231433 0.202929 0.951451
67.770847 -1239.739647 64633.568982 101115.547954 -0.475697 0.857635 0.195383 -0.825317 -0.512015 0.238103 -0.304244 0.047988 -0.951385
-229.912399 -712.098179 24192.354358 178761.766047 -0.671959 0.704094 0.229616 0.682818 0.709063 -0.176038 -0.286759 0.038496 -0.957229
-12.797147 -927.479440 -23223.514717 363844.851171 -0.576350 0.805912 0.135378 0.769316 0.479205 0.422510 0.275632 0.347662 -0.896191
5.456804 -1650.610422 -2778.433848 568023.695678 -0.691808 0.642958 0.328645 0.719953 0.579267 0.382252 0.055398 0.501054 -0.863641
-120.214289 -21701.586765 -133925.018404 14560049.160433 0.873487 -0.431840 0.224799 0.271634 0.815484 0.511077 -0.404024 -0.385356 0.829617
-784.349262 -4716.135480 -310527.727822 34596247.708393 0.892686 -0.380079 0.242182 0.364707 0.293536 -0.883643 -0.264765 -0.877141 -0.400653
-120.154524 -17127.067470 -60598.290828 -7473986.408822 0.919246 -0.384238 0.085719 -0.289825 -0.807861 -0.513187 -0.266435 -0.446902 0.853985
-1245.050848 -2981.597545 185231.190010 -9073423.912260 0.951940 -0.296347 -0.077390 -0.138627 -0.642185 0.753910 0.273118 0.706949 0.652404
59.960584 -23.836681 12657.582123 -5251.614084 0.417162 0.835896 0.356727 -0.384523 0.517983 -0.764091 0.823479 -0.181580 -0.537504
46.474391 -16.125309 14713.463690 -2203.502049 0.366784 0.832952 0.414320 -0.359095 0.537605 -0.762910 0.858208 -0.131042 -0.496294
34.412492 -25.361111 13510.185936 -4668.504742 0.330490 0.839476 0.431342 -0.386737 0.537344 -0.749464 0.860936 -0.080874 -0.502243
-24.439564 -43.724603 -1446.318326 2137.802926 0.746001 0.634511 -0.202183 -0.664849 0.727025 -0.171491 -0.038179 -0.262354 -0.964216
-26.082092 -42.694935 -659.968174 7471.664343 0.805674 0.580546 -0.117713 -0.590371 0.803223 -0.079341 -0.048488 -0.133417 -0.989873
-25.279124 -48.213934 -1909.372916 1289.292589 0.826675 0.551404 -0.112082 -0.561386 0.794747 -0.230699 0.038132 -0.253634 -0.966548
-23.414658 -45.317872 -2325.646215 -4517.770255 0.742810 0.639772 -0.197294 -0.665335 0.672578 -0.323989 0.074584 -0.371929 -0.925260
-23.804486 -48.036982 -2547.320325 -7729.881334 0.842832 0.531775 -0.082759 -0.516349 0.755681 -0.402901 0.151713 -0.382310 -0.911494
4.885994 -50.847001 -1918.706380 1827.984410 0.157848 0.835116 0.526940 -0.021951 0.536465 -0.843637 0.987219 -0.121599 -0.103012
3.595311 -52.847266 -788.624172 6935.492255 0.149872 0.823628 0.546970 -0.125361 0.564583 -0.815801 0.980726 -0.053697 -0.187866
5.305391 -51.751443 -959.650430 930.106223 0.157394 0.825345 0.542248 0.019441 0.546396 -0.837301 0.987345 -0.142328 -0.069954
5.485391 -55.093876 -1612.149297 -3904.638279 0.160920 0.816951 0.553802 0.138576 0.536854 -0.832216 0.977191 -0.210664 0.026819
1.004556 -96.327355 -472.947160 1641.798533 0.010263 0.964380 0.264320 0.904906 -0.121434 0.407921 -0.425488 -0.234999 0.873920
-0.275663 -97.616283 -696.967293 3296.138326 -0.028883 0.965603 0.258413 0.847010 -0.113636 0.519288 -0.530791 -0.233877 0.814593
0.561013 -104.622530 -835.432971 5348.966497 -0.037058 0.968339 0.246873 0.813376 -0.114294 0.570400 -0.580557 -0.221938 0.783388
2.520703 -107.473963 -1105.320023 6732.799926 -0.028253 0.967261 0.252207 0.836842 -0.115108 0.535207 -0.546715 -0.226178 0.806192
-59.259080 -87.177531 -5097.574919 12822.122238 0.304262 -0.183555 -0.934736 0.865347 -0.356972 0.351774 -0.398245 -0.915903 0.050226
2.266495 -344.059046 -15732.565520 -126459.136854 0.695484 -0.317079 0.644796 0.592327 -0.254991 -0.764283 -0.406755 -0.913477 -0.010473
-40.540124 -234.698957 24394.033601 -70523.350052 0.841579 -0.360993 0.401781 0.399615 -0.084314 -0.912797 -0.363389 -0.928749 -0.073302
-153.509447 -294.463640 -542.742849 -73344.131010 0.942660 -0.102975 0.317472 0.323754 0.051019 -0.944765 -0.081090 -0.993375 -0.081432
44.589344 -371.237995 19721.446977 -112515.902436 0.936935 -0.347724 0.035217 0.032681 -0.013156 -0.999379 -0.347972 -0.937505 0.000962
-35.031172 -60.068943 1278.570217 -8455.957764 0.800443 -0.308924 0.513670 0.463171 -0.225192 -0.857182 -0.380479 -0.924042 0.037169
-49.042792 -79.211153 -683.409706 3720.472853 0.340290 0.933245 0.115141 -0.042651 -0.107004 0.993343 -0.939353 0.342935 -0.003391
-58.633198 -81.433450 12.095896 1648.278513 0.283073 0.931467 -0.228559 -0.040348 0.249661 0.967492 -0.958249 0.264649 -0.108255
-44.319259 -70.507098 360.041444 6807.412119 0.400427 0.884849 0.238118 0.046084 -0.278979 0.959191 -0.915169 0.373113 0.152488
-55.142390 -93.673810 497.547333 6612.847606 0.229176 0.877777 -0.420698 0.029580 0.425721 0.904371 -0.972936 0.219704 -0.071600
88.966180 -95.267221 -8958.736850 4295.701016 0.030726 0.950613 -0.308855 0.912651 0.099321 0.396490 -0.407584 0.294059 0.864525
105.092111 -96.696373 4572.368488 4155.420242 -0.156174 -0.874879 0.458471 0.898816 0.066587 0.433240 -0.409561 0.479742 0.775956
14.928933 -26.280154 6894.383245 -686.090183 -0.080327 0.995494 -0.050390 -0.495934 0.003937 0.868351 -0.864637 -0.094743 -0.493383
1.513744 -25.713450 1078.908527 -2136.257390 -0.057190 0.992384 -0.109100 -0.472771 0.069330 0.878454 -0.879327 -0.101818 -0.465206
-1.546770 -22.183053 -867.087801 -2951.634842 -0.003529 0.976261 -0.216568 -0.508141 0.184775 0.841220 -0.861267 -0.113015 -0.495426
-0.838431 -1.799153 -1783.509360 4366.322514 -0.061880 0.973509 -0.220116 0.881158 -0.050292 -0.470140 0.468756 0.223049 0.854703
6.421951 4.012647 2947.626776 779.189355 0.703820 -0.679470 -0.207261 0.536718 0.699762 -0.471452 0.465371 0.220577 0.857190
13.142087 0.758344 5020.691465 -1519.267128 0.889905 -0.098858 -0.445304 -0.014093 0.969808 -0.243461 0.455928 0.222933 0.861644
5.367590 -5.924595 -2390.397948 5185.860383 -0.359401 0.931996 -0.047064 0.806270 0.284735 -0.518512 0.469850 0.224300 0.853774
7.639732 -3.877130 4331.321924 -1650.878558 0.880877 0.005790 -0.473310 -0.110176 0.974969 -0.193121 0.460345 0.222263 0.859466
-1.216503 -14.330163 -1795.260981 5153.934413 -0.194809 0.969971 -0.145620 0.866430 0.100592 -0.489061 0.459727 0.221443 0.860008
-2.646461 -8.563963 3151.990241 -2787.461725 0.782682 0.340065 -0.521310 -0.408029 0.912808 -0.017155 0.470022 0.226136 0.853195
-5.000984 -11.239460 -1854.467590 4956.765906 0.007011 0.967769 -0.251742 0.883103 -0.124097 -0.452470 0.469127 0.219142 0.855510
-2.202557 -99.422432 -2575.383595 6857.183196 -0.013385 0.969017 -0.246630 -0.657124 -0.194433 -0.728274 0.753663 -0.152319 -0.639367
-7.551922 -92.890301 -723.904087 6770.914467 -0.023583 0.976411 -0.214629 -0.651567 -0.177839 -0.737451 0.758225 -0.122453 -0.640391
-2.504956 -105.512806 -2186.334644 4270.241035 0.012259 0.980197 -0.197647 -0.507174 -0.164254 -0.846047 0.861757 -0.110613 -0.495116
-7.240445 -77.473234 -1412.730840 9291.363559 -0.076897 0.957263 -0.278808 -0.793861 -0.227966 -0.563752 0.603218 -0.177984 -0.777463
6.025955 -116.575868 -4370.576022 3096.243643 0.007782 0.971505 -0.236893 -0.456174 -0.207365 -0.865393 0.889856 -0.114799 -0.441562
-2.810448 -87.294309 -2331.701903 10135.609791 -0.064763 0.953051 -0.295802 -0.786842 -0.231083 -0.572260 0.613748 -0.195688 -0.764866
1.532056 -102.625501 -5079.967604 8669.959285 -0.018616 0.958825 -0.283386 -0.692547 -0.216796 -0.688024 0.721132 -0.183450 -0.668068
-3.652462 -110.398662 -192.185740 4335.962949 -0.236060 0.924177 -0.300286 -0.280249 0.231142 0.931683 -0.930449 -0.304088 -0.204436
4.512454 -104.966247 3482.000306 4391.800517 -0.203413 0.927994 -0.312170 -0.394524 0.214119 0.893590 -0.896088 -0.304927 -0.322561
-2.229334 -103.681237 195.964856 1668.164426 -0.229709 0.925562 -0.300946 -0.466906 0.166510 0.868489 -0.853951 -0.340013 -0.393902
7.089169 -101.370952 3614.464530 -7865.386680 -0.197771 0.928913 -0.313061 -0.637900 0.120534 0.760629 -0.744292 -0.350132 -0.568715
-7.040438 -109.437883 -72.595844 4821.575603 -0.245429 0.925153 -0.289578 -0.280747 0.218081 0.934677 -0.927872 -0.310695 -0.206210
-0.869651 -100.417565 623.701795 -8480.991444 -0.223709 0.927644 -0.299051 -0.674391 0.074195 0.734637 -0.703669 -0.366022 -0.608997
-5.636905 -105.016484 655.961341 -655.113079 -0.242621 0.929494 -0.277806 -0.493386 0.128336 0.860291 -0.835288 -0.345790 -0.427462
-3.294545 -128.465691 -418.066905 -3229.086428 0.263403 -0.963149 -0.054431 0.964489 0.264070 -0.005327 0.019505 -0.051095 0.998503
-2.897494 -121.517356 -386.580397 -4903.279021 -0.266651 0.962252 0.054478 0.949591 0.252634 0.185618 -0.164848 -0.101227 0.981111
1.179027 -89.776299 359.286950 -7589.053579 -0.228145 0.928157 -0.294064 -0.781863 0.005332 0.623427 -0.580207 -0.372150 -0.724475
18.811016 -38.841794 1698.564038 6103.228122 0.059850 0.989197 -0.133816 0.949938 -0.097624 -0.296796 0.306654 0.109354 0.945518
15.574006 -37.085579 -67.501995 5014.227899 0.000860 0.988099 -0.153817 0.959561 -0.044114 -0.278023 0.281500 0.147358 0.948179
20.341663 -46.304134 2016.468565 -496.496617 0.085496 0.989943 -0.112708 0.984745 -0.101166 -0.141572 0.151550 0.098884 0.983491
18.087851 -16.054152 427.495283 12978.141608 -0.039308 0.989502 -0.139073 0.923014 -0.017356 -0.384374 0.382752 0.143476 0.912642
24.008533 -23.664915 2941.028947 13537.917588 0.095234 0.987299 -0.127167 0.917576 -0.136598 -0.373358 0.385986 0.081128 0.918930
23.188892 -37.385744 2456.755673 6803.830163 0.120812 0.986614 -0.109529 0.949798 -0.146966 -0.276197 0.288597 0.070662 0.954840
20.631792 -14.131316 2993.563019 14889.967353 0.021966 0.990125 -0.138453 0.915742 -0.075495 -0.394610 0.401166 0.118119 0.908358
-5.039783 -56.285627 -1355.091310 -4716.403122 -0.263552 0.937055 -0.229059 0.081362 0.258201 0.962659 -0.961208 -0.235074 0.144290
-3.458047 -106.619691 237.544933 7169.192641 0.876959 0.000266 0.480566 0.345468 0.694786 -0.630812 0.334058 -0.719216 -0.609207
-4.040142 -95.621704 1001.380137 3174.346291 0.881583 0.043160 0.470052 0.240002 0.816502 -0.525094 0.406462 -0.575728 -0.709455
-4.129707 -85.262260 743.597654 2102.403304 0.886234 0.068883 0.458087 0.187201 0.851283 -0.490176 0.423727 -0.520165 -0.741541
1.630167 -30.452717 177.443817 -2690.870709 0.030117 0.967783 -0.249977 -0.457999 0.235652 0.857149 -0.888442 -0.088675 -0.450341
0.666304 -23.555507 -393.700199 -3443.347995 0.046309 0.956394 -0.288385 -0.508581 0.271050 0.817237 -0.859768 -0.108822 -0.498956
145.959646 -100.970236 34337.712266 -4442.118548 0.969055 -0.033509 0.244561 0.119688 0.930275 -0.346791 0.215889 -0.365330 -0.905498
85.855106 -101.952355 -28678.775131 -11275.358901 -0.919196 -0.164490 -0.357800 -0.003044 0.911526 -0.411232 0.393788 -0.376914 -0.838372
82.169422 -109.873414 -20460.877412 537.105066 -0.942624 -0.088487 -0.321917 -0.037675 0.986271 -0.160780 0.331725 -0.139427 -0.933016
95.671455 -101.834294 -16315.644650 3431.229220 -0.983584 0.041712 -0.175566 0.065450 0.989131 -0.131670 0.168166 -0.140999 -0.975623
115.814238 -95.259275 -967.906131 -586.953003 0.970896 -0.216858 -0.101651 0.184111 0.947252 -0.262330 -0.153177 -0.235980 -0.959609
177.712938 -91.263829 20119.379515 -10518.516226 0.980674 -0.195537 -0.006544 0.164202 0.840785 -0.515867 -0.106373 -0.504823 -0.856644
