11750
23491
-48.615493 -76.003014 257.560770 3725.906760 -0.337345 -0.935539 0.104716 0.933424 -0.317986 0.166143 -0.122135 0.153792 0.980526
-31.682639 -76.578378 3733.006397 9644.219693 -0.164038 -0.986245 0.020295 0.986410 -0.164190 -0.006051 0.009300 0.019027 0.999776
-40.070306 -64.188827 1255.382934 6755.725574 -0.445216 -0.891616 0.082480 0.893396 -0.448514 -0.026042 0.060213 0.062093 0.996252
-31.291633 -53.983074 -2765.651782 6676.326474 0.412323 0.910942 -0.013219 0.895930 -0.408074 -0.175459 0.165228 -0.060502 0.984398
-43.755371 -67.065415 654.017397 5330.156325 -0.665295 -0.732277 0.145441 0.745925 -0.660138 0.088393 0.031283 0.167295 0.985410
-35.228820 -52.811774 -1191.950117 -4221.026423 0.761825 0.625061 -0.170060 -0.624676 0.778375 0.062552 0.171469 0.058579 0.983446
-26.221026 -60.999687 5045.543988 2786.580392 0.632731 0.728815 0.261689 0.732871 -0.672737 0.101613 -0.250104 -0.127491 0.959788
-41.928464 -64.539443 3601.914489 -1427.861893 0.780040 0.504199 0.370570 -0.555702 0.830426 0.039858 -0.287634 -0.237017 0.927949
-32.180101 -54.447723 4305.728123 3446.303646 0.730736 0.629871 0.263226 0.667360 -0.740296 -0.081197 -0.143721 -0.235000 0.961311
-33.897017 -66.235312 5148.944756 -338.287059 0.668372 0.670449 0.322144 -0.652795 0.736316 -0.178035 -0.356563 -0.091301 0.929799
-15.670833 -53.509835 -4937.196184 4720.017148 -0.579438 -0.784923 -0.219427 0.803443 -0.595328 0.007936 -0.136860 -0.171699 0.975597
-17.528103 -65.016909 5358.747794 -268.781083 0.591320 0.770109 0.239319 0.707450 -0.637823 0.304460 -0.387111 0.010727 0.921971
-5.585347 -61.475742 5071.420671 3288.974826 0.546568 0.812078 0.204434 0.797862 -0.579137 0.167380 -0.254321 -0.071626 0.964464
34.530229 -30.401491 -2658.529486 42.184103 -0.125929 0.991797 -0.021945 -0.246829 -0.052751 -0.967622 0.960842 0.116435 -0.251447
27.317577 -20.067007 -5292.539356 -2795.916154 0.026994 0.999627 0.004129 -0.173325 0.008748 -0.984826 0.984495 -0.025869 -0.173496
41.006091 -27.146945 -4918.373099 -3691.517926 -0.059246 0.994551 0.085781 -0.137629 0.076973 -0.987488 0.988710 0.070311 -0.132319
39.763520 -37.048294 1301.098945 -3183.171775 -0.215947 0.972056 0.092053 -0.160929 0.057555 -0.985286 0.963052 0.227584 -0.144004
34.306464 -37.618025 3135.437383 2230.148659 -0.283035 0.958240 0.040832 -0.279583 -0.041707 -0.959215 0.917455 0.282907 -0.279712
37.663517 -21.227366 1910.960229 7780.572377 -0.237169 0.969584 -0.060475 -0.354251 -0.144282 -0.923953 0.904575 0.197710 -0.377696
-6.340002 -23.559545 -1310.323405 3482.701651 -0.152873 0.854136 0.497073 -0.437576 0.392488 -0.808999 0.886091 0.341181 -0.313749
-6.376709 -28.774396 164.942412 4253.545874 -0.063304 0.748396 0.660224 -0.449339 0.569330 -0.688446 0.891116 0.340246 -0.300243
-1.921623 -17.492329 -1004.369424 4669.756292 -0.088842 0.799797 0.593660 -0.496419 0.481165 -0.722529 0.863525 0.358895 -0.354286
-2.846766 -25.016163 934.441977 6010.367270 -0.055851 -0.599651 -0.798310 -0.494652 0.711155 -0.499577 0.867294 0.366984 -0.336338
-4.430624 -13.686157 -1776.803390 3860.498351 -0.221911 0.905685 0.361234 -0.454908 0.231518 -0.859917 0.862446 0.355154 -0.360627
3.750270 -66.269534 -23.674696 -1582.812583 0.563094 0.583575 -0.585120 0.767923 -0.631098 0.109584 -0.305318 -0.511033 -0.803509
2.659374 -61.140123 -53.938698 -1259.554786 0.536200 0.592238 -0.601452 0.772183 -0.631948 0.066141 -0.340915 -0.499896 -0.796166
2.367418 -69.509347 -3.711467 -1807.157708 0.584179 0.568035 -0.579717 0.791453 -0.556945 0.251823 -0.179826 -0.605928 -0.774928
-9.752093 -115.853335 -592.044672 -4350.459379 -0.030735 0.936427 0.349513 -0.545915 -0.308643 0.778920 -0.837277 0.166865 -0.520696
-8.505740 -116.555534 -376.817131 -2105.500155 -0.031639 0.926085 0.375987 -0.356836 -0.361851 0.861239 -0.933631 0.106917 -0.341909
-10.490651 -109.818385 249.864058 -3748.752543 0.006279 0.914278 0.405038 -0.540945 -0.337559 0.770346 -0.841035 0.223940 -0.492455
-11.662480 -105.793222 -55.497079 -3825.437055 0.013174 0.922679 0.385343 -0.704885 -0.264763 0.658056 -0.709199 0.280292 -0.646895
-0.177639 -88.877470 217.585212 -7797.735914 -0.034902 0.904412 0.425231 0.729562 -0.267740 0.629328 -0.683023 -0.332197 0.650480
1.603007 -92.658742 501.753891 -5574.525073 -0.047551 0.902562 0.427927 0.731053 -0.260487 0.630641 -0.680661 -0.342825 0.647434
1.250413 -80.539590 283.182056 -991.781735 -0.027609 0.892589 0.450025 0.605770 -0.343175 0.717826 -0.795161 -0.292430 0.531229
0.383971 -76.952080 123.105780 -2691.052685 -0.020459 0.890898 0.453743 0.604547 -0.350447 0.715339 -0.796307 -0.288944 0.531420
8.988765 -40.609165 1550.513439 -376.951926 0.404611 0.756299 -0.514103 0.910847 -0.283164 0.300294 0.081536 -0.589771 -0.803444
10.909671 -43.705559 2118.024372 356.139890 0.511166 0.724542 -0.462329 0.818242 -0.245610 0.519765 0.263040 -0.643983 -0.718398
3.433657 -50.275832 1113.086276 1101.890967 0.481265 0.723410 -0.495038 0.851949 -0.253091 0.458398 0.206320 -0.642358 -0.738112
2.732171 -93.112821 -567.074079 8206.895570 -0.063509 0.930758 0.360077 0.344236 -0.318231 0.883306 -0.936733 -0.180050 0.300190
6.117855 -95.733601 -1097.080538 6392.011981 -0.060067 0.934559 0.350700 0.338788 -0.311393 0.887838 -0.938943 -0.172143 0.297913
3.469711 -86.109406 -619.084362 -1678.003543 -0.041678 0.916383 0.398128 0.457231 -0.336807 0.823105 -0.888371 -0.216342 0.404961
0.997390 -79.546803 -192.248531 -383.240919 -0.040187 0.916574 0.397840 0.469173 -0.334229 0.817415 -0.882192 -0.219505 0.416600
0.545866 -92.455005 -252.051571 8992.121851 -0.064058 0.929067 0.364322 0.364398 -0.318087 0.875234 -0.929037 -0.188824 0.318174
-13.087239 -93.700804 -267.322398 426.963750 0.121147 0.911034 0.394133 -0.680652 0.365253 -0.635062 0.722521 0.191332 -0.664346
-15.297443 -90.737028 -565.854330 2223.629684 0.107419 0.889687 0.443755 -0.693078 0.387018 -0.608161 0.712814 0.242228 -0.658195
-12.347252 -93.818803 -502.390283 347.128440 0.137008 0.902462 0.408402 -0.516381 0.416907 -0.748024 0.845328 0.108405 -0.523133
-9.822258 -97.872734 -499.501093 -862.458036 0.159205 0.918598 0.361707 -0.508245 0.390360 -0.767662 0.846369 0.061621 -0.529020
-9.321049 -97.512521 -466.162995 -979.197641 0.165949 0.907878 0.384992 -0.315188 0.418758 -0.851644 0.934408 -0.019985 -0.355645
-11.989567 -95.264219 -715.300861 -359.293987 0.142802 0.896837 0.418677 -0.324784 0.442050 -0.836127 0.934945 0.016578 -0.354404
12.332986 -462.645496 5103.180744 99714.912068 -0.116630 -0.334643 -0.935100 -0.002943 0.941638 -0.336615 0.993171 -0.036507 -0.110808
-8.478100 -536.344537 420.974694 105156.412855 -0.186903 -0.439343 -0.878661 0.381831 0.791607 -0.477036 0.905137 -0.424659 0.019801
-9.051280 -324.943587 -4691.220130 19346.455691 -0.119304 -0.349415 -0.929341 0.050587 0.932672 -0.357162 0.991568 -0.089623 -0.093596
-20.148285 -40.486563 -63.652300 -1609.078467 -0.107953 0.181811 -0.977390 -0.531373 0.820365 0.211292 0.840232 0.542168 0.008049
-23.477628 -35.300854 -1286.911251 1350.852714 0.140133 -0.315641 -0.938474 -0.373725 0.860855 -0.345339 0.916893 0.399124 0.002672
-24.261527 -33.026540 516.367035 -1406.358746 -0.203323 0.286228 -0.936340 -0.455949 0.818618 0.349250 0.866470 0.497934 -0.035938
-14.244668 -40.975066 1993.651291 -2929.621177 -0.321363 0.432617 -0.842359 -0.486646 0.687644 0.538816 0.812343 0.583086 -0.010452
-9.160136 -48.506974 1298.472175 -3381.294888 -0.255490 0.390687 -0.884358 -0.592078 0.659898 0.462577 0.764309 0.641793 0.062720
-10.267282 -49.652093 -904.835402 -2281.716750 -0.085503 0.218271 -0.972135 -0.624650 0.748394 0.222975 0.776210 0.626310 0.072353
4.320901 -465.017826 854.685554 20866.930308 0.207941 0.236788 0.949048 0.965910 -0.202667 -0.161071 0.154201 0.950188 -0.270859
-5.416979 -673.223488 -1155.011601 151279.784971 0.173122 0.295840 0.939419 0.984648 -0.073566 -0.158290 0.022280 0.952400 -0.304034
2.791129 -514.099596 3804.068213 62795.456622 0.127604 0.278205 0.952008 0.856222 -0.515363 0.035839 0.500600 0.810557 -0.303967
581.212700 -1927.047806 115983.101454 -7623618.051140 0.400645 -0.423833 -0.812311 0.268109 0.902002 -0.338394 0.876129 -0.082212 0.475015
-681.395787 -7789.857083 274095.648194 10599918.767639 0.591129 -0.204196 -0.780302 0.486184 -0.681712 0.546712 0.643577 0.702547 0.303703
-3087.885438 -6331.961738 1078508.559442 4925144.150022 0.667053 -0.339320 -0.663251 -0.621672 -0.744127 -0.244539 0.410566 -0.575445 0.707318
1.368190 -1714.613162 9578.936048 358802.152408 0.456130 -0.305250 -0.835923 0.812233 -0.241017 0.531214 -0.363625 -0.921267 0.137999
27.675081 15.778503 -3165.552996 12294.491112 -0.212870 0.865819 0.452817 -0.594414 0.253060 -0.763304 0.775473 0.431645 -0.460786
27.275039 23.715595 -8481.465264 12652.224154 0.063114 0.716409 0.694820 -0.643873 0.561166 -0.520116 0.762525 0.414550 -0.496693
24.644427 -18.066004 1633.948496 11088.331591 -0.367648 0.920938 0.129261 -0.444269 -0.051821 -0.894394 0.816982 0.386249 -0.428196
45.139163 27.441016 18010.600030 -547.818539 -0.448783 -0.080555 -0.890003 -0.439825 0.886865 0.141511 0.777913 0.454953 -0.433439
33.961365 27.942289 7136.743212 6146.065832 -0.082787 -0.529313 -0.844378 -0.647153 0.672883 -0.358358 0.757852 0.516774 -0.398252
-132.167864 -537.214963 12897.403444 -159133.846821 0.808334 -0.100848 -0.580023 0.404736 -0.620278 0.671896 0.427535 0.777872 0.460575
-197.188211 -636.647951 -65590.261122 -178572.971299 0.982495 -0.092180 0.161886 -0.185450 -0.566420 0.802980 -0.017677 0.818945 0.573600
114.740147 -1836.062412 -224021.906853 657362.313306 0.721476 -0.560014 -0.407255 0.210081 0.737452 -0.641896 0.659801 0.377556 0.649703
-56.365200 -257.874134 -1171.672254 -85779.143088 0.907712 -0.078923 -0.412104 0.338738 -0.441771 0.830720 0.247619 0.893650 0.374267
-223.660858 -1027.034360 13038.336062 300824.777199 0.895655 0.115277 -0.429550 -0.193447 0.970653 -0.142866 0.400475 0.211054 0.891670
-198.145088 -465.063980 5980.404542 -114331.210210 0.748690 -0.050450 -0.660998 0.513888 -0.585731 0.626768 0.418788 0.808934 0.412605
-72.589566 -412.487989 13359.597116 101660.856991 -0.259116 0.141086 0.955486 -0.013830 0.988630 -0.149730 -0.965747 -0.052012 -0.254218
-84.313842 -242.800679 18555.588865 17526.317046 -0.253447 0.193105 0.947879 -0.505109 0.809265 -0.299924 -0.825002 -0.554798 -0.107567
-39.589785 -217.015954 9996.824003 32497.086124 -0.146049 0.216317 0.965338 -0.396214 0.881329 -0.257437 -0.906468 -0.420079 -0.043010
-18.375811 -35.410283 -1898.695603 -1393.502143 0.077634 0.885046 -0.458984 0.265958 -0.462075 -0.846022 0.960853 0.056390 0.271258
-15.910037 -30.949342 -2150.006628 -1197.809112 0.010191 0.955613 -0.294448 0.385087 -0.275502 -0.880799 0.922824 0.104412 0.370802
-14.503498 -34.212353 -1167.149973 -1610.791558 0.104129 0.884439 -0.454889 0.337464 -0.461661 -0.820358 0.935561 0.068086 0.346539
-26.067918 -72.116609 -1166.821415 2047.773919 0.199113 0.953786 -0.225047 -0.230432 0.268775 0.935233 -0.952499 0.134359 -0.273299
-29.164431 -77.156189 659.241653 1071.936508 0.180709 0.947273 -0.264608 -0.283591 0.307795 0.908206 -0.941764 0.089081 -0.324260
-27.096736 -68.337962 -2169.456408 7743.243576 0.133093 0.954261 -0.267718 -0.089436 0.280583 0.955654 -0.987060 0.103247 -0.122689
-27.538911 -57.353237 -2192.288355 10670.684912 0.152618 0.939343 -0.307153 0.066766 0.300284 0.951510 -0.986027 0.165725 0.016887
-17.556112 -65.262783 3324.412787 10661.703092 0.254415 0.943419 -0.212681 0.007525 0.217980 0.975924 -0.967066 0.249890 -0.048358
-14.490490 -80.153290 3700.486071 1106.372526 0.293797 0.950898 -0.097349 -0.181962 0.155619 0.970913 -0.938388 0.267538 -0.218748
6.341658 -75.675142 -1216.328475 5647.349515 0.299685 0.938172 -0.173267 -0.063110 0.200711 0.977616 -0.951949 0.282042 -0.119358
9.439403 -74.152528 -2350.122488 4090.955945 0.307081 0.943230 -0.126561 -0.156011 0.181080 0.971015 -0.938809 0.278436 -0.202760
6.448295 -62.373311 -974.276642 5463.197684 0.322781 0.928138 -0.185396 0.062582 0.174522 0.982662 -0.944402 0.328788 0.001752
3.605477 -63.278631 -1114.673458 5961.730038 0.295355 0.927305 -0.229938 0.127061 0.200411 0.971437 -0.946901 0.316135 0.058632
4.101892 -71.617578 127.698648 5440.726014 0.310074 0.923630 -0.225305 0.035816 0.225468 0.973592 -0.950038 0.309955 -0.036831
4.906207 -82.215015 459.092794 4823.116862 0.316720 0.932578 -0.173168 -0.132945 0.224410 0.965384 -0.939156 0.282734 -0.195057
6.992035 -143.797881 1655.619308 5701.271731 0.293145 -0.948856 0.117210 0.949619 0.274755 -0.150777 0.110862 0.155505 0.981595
6.879177 -138.509258 -1021.248478 5623.168338 -0.315082 0.941248 -0.121553 0.891725 0.249765 -0.377417 0.324883 0.227309 0.918031
1.624403 -135.909298 -1727.064439 5046.841015 -0.284945 0.952144 -0.110580 0.943980 0.258709 -0.204867 0.166454 0.162762 0.972523
-2.369919 -57.365922 -500.006787 2781.918206 -0.473516 0.856221 -0.206563 -0.867127 -0.494313 -0.061204 0.154511 -0.150135 -0.976517
-3.022102 -63.951963 -579.395574 1956.014650 -0.433688 0.881723 -0.185685 -0.839637 -0.470233 -0.271830 0.326994 -0.038019 -0.944261
-0.692498 -65.587615 -572.290247 1947.980301 -0.461437 0.863723 -0.202631 -0.814179 -0.503003 -0.289999 0.352403 -0.031161 -0.935329
14.711194 -80.770416 138.761017 1740.276693 0.665146 -0.743589 -0.068231 0.624927 0.504320 0.595925 0.408713 0.439017 -0.800136
15.442011 -76.297849 311.022534 186.361733 -0.633021 0.772785 0.045701 -0.629769 -0.479741 -0.610934 0.450196 0.415515 -0.790361
15.797258 -86.794294 -722.322630 9676.081615 -0.637616 0.766424 0.077718 -0.601702 -0.432486 -0.671498 0.481041 0.474921 -0.736919
13.157609 -82.818186 -285.163225 -9638.397510 -0.662827 0.748704 0.010137 -0.642684 -0.561917 -0.520776 0.384211 0.351699 -0.853633
14.720636 -86.076177 -46.358010 -3993.951152 0.671610 -0.733215 -0.106470 0.582408 0.433630 0.687580 0.457975 0.523795 -0.718261
12.645619 -91.048801 114.059589 10184.914157 0.701122 -0.711972 -0.039050 0.635695 0.599322 0.486523 0.322987 0.365936 -0.872795
13.437728 -88.379464 -1029.793581 5193.555610 0.708331 -0.698856 -0.099333 0.604501 0.527902 0.596572 0.364480 0.482617 -0.796389
-7.105032 -115.299218 -390.941448 -6393.006615 -0.626741 0.779127 0.012487 -0.662032 -0.540864 0.518825 -0.410985 -0.316902 -0.854789
-8.761356 -102.206984 -441.217546 -4225.475770 -0.618796 0.785496 0.009377 -0.751517 -0.595419 0.284073 -0.228721 -0.168736 -0.958757
-7.569589 -103.276154 -483.631065 -4461.540584 -0.608238 0.793337 -0.025746 -0.763548 -0.575921 0.292076 -0.216887 -0.197310 -0.956048
-5.340209 -122.231601 -56.028527 -5384.942678 -0.631262 0.775278 0.021243 -0.516142 -0.440392 0.734610 -0.578883 -0.452768 -0.678157
-5.939425 -121.338378 -114.076798 -4492.149557 -0.635360 0.770708 0.048232 -0.497345 -0.456184 0.737932 -0.590733 -0.444865 -0.673149
-5.953579 -117.028838 -351.196808 -6943.127566 -0.621758 0.783024 -0.017066 -0.672512 -0.522585 0.524054 -0.401428 -0.337312 -0.851514
7.998299 -65.851545 -1258.964721 17634.661178 0.005574 0.983609 -0.180229 -0.649082 0.140663 0.747601 -0.760698 -0.112816 -0.639227
11.243417 -65.162753 -3459.043825 15482.680727 -0.022931 0.984790 -0.172231 -0.698102 0.107546 0.707876 -0.715631 -0.136467 -0.685017
17.194681 -41.634978 -4243.916098 11014.310324 0.118913 0.949470 -0.290460 -0.620576 0.299428 0.724726 -0.775078 -0.094073 -0.624824
14.917415 -42.277984 -4066.357332 14922.510275 0.123102 0.935747 -0.330491 -0.564342 0.339943 0.752301 -0.816311 -0.093900 -0.569928
3.005533 -85.315887 528.983756 21204.985951 -0.061273 0.991432 -0.115358 -0.643263 0.049147 0.764066 -0.763189 -0.121022 -0.634740
-4.215803 -102.215468 -56.046495 8981.823189 -0.221575 0.974876 0.022827 0.179003 0.017651 0.983690 -0.958573 -0.222047 0.178417
-6.317019 -119.270552 385.318790 16504.470448 -0.237400 0.971015 0.027758 0.043784 -0.017850 0.998882 -0.970425 -0.238350 0.038277
-5.448385 -97.720597 1075.892531 9189.268067 -0.224414 0.974336 0.017552 0.194767 0.027197 0.980472 -0.954832 -0.223450 0.195872
-3.319817 -85.739422 186.342552 1749.498261 -0.242111 0.969831 -0.028456 0.318244 0.107085 0.941941 -0.916571 -0.218998 0.334569
30.224295 -21.680081 -6462.070103 1902.558760 0.345720 0.766924 -0.540652 -0.455222 0.640917 0.618060 -0.820518 -0.032441 -0.570699
22.381267 -27.091372 -5101.834755 7806.238152 0.239706 0.861420 -0.447769 -0.519947 0.503403 0.690102 -0.819875 -0.067394 -0.568562
29.591066 -19.792303 -1539.431143 2368.485101 0.374614 0.802075 -0.465125 -0.510176 0.597199 0.618929 -0.774200 -0.005436 -0.632918
0.232486 -257.620184 4446.149951 16445.708699 -0.156813 0.984169 -0.082592 0.512772 0.009660 -0.858470 0.844082 0.176970 0.506169
-12.548060 -535.423700 11008.244713 123577.412305 -0.076277 0.985844 -0.149311 0.677892 -0.058540 -0.732827 0.731193 0.157114 0.663831
-0.647947 -261.569815 5129.963466 9318.537306 -0.121577 0.983825 -0.131558 0.819166 0.024603 -0.573029 0.560523 0.177435 0.808907
40.645878 -80.110133 1026.165182 6970.309525 0.451005 -0.500431 0.739029 0.730414 -0.268911 -0.627839 0.512923 0.822956 0.244242
50.792969 -93.397776 -5936.988395 8790.762066 0.533009 -0.570590 0.624763 0.632242 -0.222120 -0.742249 0.562292 0.790626 0.242359
124.524181 -101.884752 30510.006025 10277.499401 0.324961 -0.523183 0.787833 0.862548 -0.177659 -0.473759 0.387828 0.833497 0.393538
104.657203 -93.748129 27206.779534 8895.780209 0.244172 -0.443257 0.862498 0.897696 -0.233078 -0.373921 0.366772 0.865562 0.340999
106.465320 -3454.631595 54240.904087 -929013.761497 -0.200522 0.700827 -0.684567 0.190656 -0.657484 -0.728948 0.960958 0.276687 0.001777
115.141621 -8687.047827 26982.016393 -4295705.696102 -0.204111 0.799996 -0.564221 0.323847 -0.488724 -0.810106 0.923830 0.348073 0.159322
18.364847 -2131.903523 -4311.977053 1123286.922072 -0.024877 0.799418 -0.600260 0.763690 0.402667 0.504616 -0.645104 0.445859 0.620525
-171.116974 -13028.840673 216159.958468 1384098.720857 0.038886 -0.830840 0.555152 0.995766 0.078533 0.047782 -0.083297 0.550943 0.830375
24.250839 -3698.501377 12635.915077 157264.344935 0.078449 -0.320610 0.943957 0.983518 0.179619 -0.020730 -0.162906 0.930025 0.329417
2.463327 -1234.910687 -595.645924 429096.035007 0.121775 0.861743 -0.492514 -0.513184 0.479399 0.711912 -0.849596 -0.166057 -0.500611
113.620731 -6706.580115 101190.645577 1679091.721095 0.232754 0.862030 -0.450254 0.956540 -0.286535 -0.054109 -0.175658 -0.418092 -0.891259
76.417802 -3974.975547 27498.569715 111275.910546 0.126143 0.877850 -0.462026 -0.741704 0.392745 0.543715 -0.658759 -0.274101 -0.700647
-3.496727 -24.995070 -1343.802775 3096.390795 0.621236 -0.716749 -0.316759 0.437046 -0.018607 0.899247 0.650428 0.697083 -0.301693
-4.556347 -22.928221 -1080.245173 2926.236760 0.634834 -0.731468 -0.248879 0.366699 0.001712 0.930338 0.680086 0.681874 -0.269315
-6.392458 -28.018851 -732.550019 2413.470056 0.661942 -0.727225 -0.181598 0.374204 0.110696 0.920716 0.649465 0.677415 -0.345405
-5.951417 -29.964227 -653.386282 1950.389208 0.637885 -0.721515 -0.269292 0.461032 0.077666 0.883978 0.616889 0.688029 -0.382184
-8.629481 -32.981613 -245.337264 537.539812 0.676131 -0.720516 -0.153956 0.414740 0.199490 0.887803 0.608964 0.664123 -0.433708
-9.850113 -33.134457 -634.246366 922.747158 0.691718 -0.717625 -0.080870 0.366798 0.252660 0.895334 0.622081 0.648982 -0.437993
634.630143 -9054.629163 -1267193.200701 10002110.532581 0.661627 0.296178 0.688860 -0.409450 0.912332 0.001003 -0.628172 -0.282718 0.724893
29.318534 -23960.335992 -249033.442694 -9206779.926538 -0.464016 0.275385 0.841934 -0.362448 0.808226 -0.464115 -0.808283 -0.520514 -0.275217
984.054230 -1703.180313 -90393.597538 421803.587458 0.459092 0.688359 -0.561601 0.379384 0.419704 0.824570 -0.803307 0.591616 0.068470
-22.173036 -372.067244 -52420.856003 88946.548870 0.641204 0.213579 -0.737049 0.529791 0.571633 0.626543 -0.555138 0.792224 -0.253382
-0.272477 -150.720280 -4357.475391 -7676.720403 0.931164 -0.131131 0.340204 0.242744 -0.473252 -0.846822 -0.272047 -0.871113 0.408844
-7.695853 -167.453531 -3844.972378 -25283.429381 0.950509 -0.123035 0.285297 0.142257 -0.644004 -0.751679 -0.276215 -0.755064 0.594629
-8.232731 -139.038419 -495.323058 -29184.682506 0.960703 -0.120068 0.250267 0.067631 -0.773189 -0.630559 -0.269214 -0.622706 0.734685
-14.421247 -156.504457 1717.554472 -30931.690321 0.978359 -0.140262 0.152122 -0.036104 -0.839626 -0.541963 -0.203742 -0.524742 0.826520
-21.376783 -88.656402 4785.958568 -21042.909566 0.977111 -0.140022 0.160147 -0.050817 -0.884667 -0.463445 -0.206570 -0.444699 0.871534
-14.283842 -33.326341 1705.923647 1935.389109 -0.061256 0.908541 0.413282 -0.810341 0.196478 -0.552036 0.582748 0.368715 -0.724192
-12.546963 -32.849561 71.531325 1205.689748 -0.119944 0.910108 0.396631 -0.768945 0.167540 -0.616972 0.627963 0.378990 -0.679728
-14.926218 -35.067292 1140.623036 1525.806360 -0.043372 0.895076 0.443799 -0.753340 0.262469 -0.602983 0.656199 0.360484 -0.662913
-47.496942 -78.980066 -232.664849 1827.550225 0.123729 0.987521 -0.097430 0.958031 -0.093291 0.271060 -0.258588 0.126879 0.957619
-28.246705 -80.845667 -5282.748543 4003.627616 0.065766 0.997382 0.030053 0.980327 -0.070200 0.184474 -0.186101 -0.017330 0.982378
-10.184820 -79.808108 8903.176003 10496.300080 -0.139224 -0.980281 -0.140232 0.990111 -0.140267 -0.002467 -0.017252 -0.139188 0.990116
-19.512723 -68.893967 -6197.595444 13824.276469 0.169894 0.982483 0.076576 0.974482 -0.155926 -0.161466 0.146697 -0.102054 0.983903
-40.571537 -58.176155 3020.592748 1307.944074 0.889598 0.350610 0.292723 0.422849 -0.874488 -0.237634 -0.172666 -0.335177 0.926198
-47.124241 -66.136055 3451.050753 -409.851273 0.940715 0.127095 0.314486 0.241345 -0.902273 -0.357291 -0.238342 -0.412008 0.879456
-45.185703 -70.141684 3802.902960 945.540743 0.757704 0.469445 0.453328 -0.487854 0.868843 -0.084322 -0.433456 -0.157267 0.887346
-50.462907 -72.719841 2017.631285 1025.881360 0.871630 0.178961 0.456327 -0.308605 0.923649 0.227233 -0.380821 -0.338888 0.860308
32.421106 -18.731876 -7474.214509 -1483.725633 0.062549 0.984930 0.161245 -0.134534 0.168407 -0.976493 0.988933 -0.039386 -0.143041
20.016189 -14.478878 -5583.908089 68.880640 0.115942 0.966819 0.227637 -0.138570 0.242686 -0.960157 0.983542 -0.079779 -0.162110
7.267574 -10.347305 -3899.975756 -903.645733 0.058097 0.996975 -0.051638 -0.208486 -0.038468 -0.977268 0.976298 -0.067543 -0.205621
10.946765 -9.056466 -3269.074802 -116.054416 0.110824 0.967553 0.227068 -0.162684 0.243055 -0.956273 0.980435 -0.069038 -0.184341
-8.716076 -32.965297 -333.258130 3328.110817 -0.130456 0.821460 0.555144 -0.384403 0.474223 -0.792052 0.913901 0.316727 -0.253907
-10.650829 -36.180204 1172.093857 2660.672451 -0.067741 0.739802 0.669406 -0.365603 0.605870 -0.706581 0.928303 0.292601 -0.229432
-9.728864 -34.166045 -290.012581 3909.856453 -0.038811 -0.600823 -0.798440 -0.418155 0.735479 -0.533119 0.907546 0.313181 -0.279782
2.461237 -74.668618 -829.920727 -1062.159069 0.631103 0.531968 -0.564552 0.775571 -0.445967 0.446770 -0.014104 -0.719808 -0.694030
1.835782 -74.910862 -1421.283526 551.876934 0.679486 0.501142 -0.535869 0.719826 -0.314043 0.619053 0.141947 -0.806371 -0.574123
4.082858 -78.973465 -1263.164406 188.354872 0.658334 0.522118 -0.542207 0.751509 -0.414968 0.512870 0.042780 -0.745114 -0.665564
-6.581649 -120.880980 -946.661839 -763.789618 -0.064680 0.936470 0.344733 -0.317513 -0.346816 0.882555 -0.946045 0.052374 -0.319773
-6.580260 -113.693143 -311.349936 4213.094311 -0.035569 0.921083 0.387739 -0.114346 -0.389188 0.914034 -0.992804 0.011825 -0.119165
-1.954881 -104.356970 56.400895 -9088.914897 -0.045658 0.907036 0.418570 0.858012 -0.178980 0.481438 -0.511597 -0.381120 0.770076
1.934424 -102.845264 768.939075 -7871.317273 -0.076204 0.909455 0.408759 0.853691 -0.152302 0.498013 -0.515175 -0.386904 0.764787
6.700777 -94.001658 1574.720002 -4029.383706 -0.073049 0.906717 0.415365 0.736783 -0.231632 0.635215 -0.672172 -0.352436 0.651133
6.626777 -93.403648 -1224.984808 -2951.477780 -0.035374 0.917607 0.395911 0.452636 -0.338485 0.824954 -0.890994 -0.208386 0.403368
11.031097 -107.124930 -1477.609337 605.893747 -0.020110 0.936622 0.349765 0.364122 -0.318949 0.875036 -0.931134 -0.144954 0.334630
5.465688 -895.696687 -9966.256088 250605.269006 -0.155392 -0.503800 -0.849729 0.260685 0.808773 -0.527190 0.952836 -0.303432 0.005657
627.204340 -13811.970457 52060.486667 23631884.281812 -0.465691 0.090095 0.880349 0.489461 0.855012 0.171415 -0.737265 0.510723 -0.442269
-409.516247 -2726.217634 -103599.666686 -218538.697181 -0.580217 -0.217423 0.784905 0.801102 0.021484 0.598142 -0.146912 0.975841 0.161713
-577.857042 -3443.370447 180135.445183 -5359882.367004 0.925825 -0.177907 -0.333461 0.089867 0.960604 -0.262991 0.367112 0.213516 0.905340
53.537303 28.168293 23792.818982 3587.913590 -0.513443 0.007448 -0.858091 -0.370365 0.900108 0.229423 0.774084 0.435603 -0.459396
-13.558252 -33.955984 2042.398323 6532.555728 0.747071 0.109759 0.655620 0.488324 -0.759798 -0.429239 -0.451026 -0.640827 0.621221
-8.980251 -38.965244 2601.351707 4781.365426 0.831741 -0.005732 0.555134 0.334627 -0.792709 -0.509546 -0.442981 -0.609573 0.657410
-16.259942 -42.618593 1992.394483 3869.322802 0.754137 0.100904 0.648919 0.443316 -0.807233 -0.389675 -0.484509 -0.581544 0.653496
-6.748707 -19.575042 3411.997206 7393.200366 0.881278 -0.154594 0.446598 0.204963 -0.726464 -0.655927 -0.425840 -0.669590 0.608531
-19.639500 -42.067791 1057.183827 4442.257451 0.614691 0.244735 0.749840 0.604809 -0.756476 -0.248899 -0.506321 -0.606506 0.613017
-16.612233 -31.548753 -555.536850 6880.336804 -0.521032 -0.327319 -0.788281 0.712897 -0.674750 -0.191027 -0.469365 -0.661494 0.584911
-11.612909 -11.843094 10370.068884 165.660594 0.761756 -0.622079 -0.180958 -0.485009 -0.362391 -0.795889 -0.429528 -0.694039 0.577768
-420.730106 -2549.179595 -95828.217766 -1320661.241810 0.250744 -0.632505 0.732848 0.649357 0.671349 0.357249 -0.717958 0.386301 0.579058
226.516335 -87721.694596 -18205.908920 54672404.206097 0.961216 -0.231677 -0.149631 0.228419 0.972788 -0.038848 0.154559 0.003163 0.987978
90.360866 -1222.439247 -25491.843033 -455474.794218 0.954059 -0.103625 -0.281127 0.182619 -0.542738 0.819808 0.237531 0.833485 0.498880
-47.463384 -175.673372 5555.132594 41195.229045 -0.289688 0.340052 0.894676 0.229878 0.932116 -0.279850 -0.929105 0.124598 -0.348193
-17.901915 -67.519010 -4842.708143 7991.795683 -0.226379 0.693259 0.684211 0.297771 0.718074 -0.629049 -0.927408 0.061335 -0.368989
-10.237498 -75.718874 -1753.280448 4823.642318 -0.146237 0.883253 0.445509 -0.471106 -0.458183 0.753742 -0.869870 0.099657 -0.483110
-17.417953 -64.313690 4124.304396 -16500.512267 -0.687870 -0.341584 0.640434 -0.471135 0.881328 -0.035963 -0.552148 -0.326469 -0.767171
-22.307157 -82.621870 2140.591660 -30893.197967 -0.765637 -0.140363 0.627772 -0.291397 0.945711 -0.143939 -0.573487 -0.293136 -0.764973
-20.755524 -80.472247 2403.791672 -21811.468551 -0.783690 -0.223304 0.579624 -0.384792 0.907060 -0.170813 -0.487611 -0.356900 -0.796780
-38.718190 -54.323324 4.623700 3660.503748 0.218259 0.963410 -0.155574 0.169891 0.119472 0.978194 -0.960989 0.239930 0.137599
-30.605681 -51.287955 14929.836987 -5665.324062 0.462325 0.880138 0.107761 0.068171 -0.156450 0.985330 -0.884086 0.448197 0.132331
-23.362545 -47.772208 6119.033385 15888.561786 0.259798 0.909079 -0.325699 0.249574 0.262611 0.932067 -0.932855 0.323435 0.158657
-71.641552 -470.260696 989.902158 -134758.708943 0.280197 0.956203 0.084653 -0.099591 -0.058753 0.993292 -0.954762 0.286748 -0.078767
-36.775006 -80.311501 -7517.371791 -18466.045228 0.199076 0.921249 0.334169 0.040155 -0.348376 0.936494 -0.979161 0.173015 0.106346
-34.922338 -51.025520 -4016.853660 9705.737244 0.064066 0.856381 -0.512354 0.133178 0.501479 0.854858 -0.989019 0.123002 0.081924
-45.898901 -70.175257 1064.303194 -1004.849584 0.781153 -0.061385 -0.621315 0.616822 -0.078089 0.783219 0.096595 0.995055 0.023136
-42.856714 -68.673887 1046.145742 -1603.687821 0.738836 -0.208167 -0.640927 0.638525 -0.087782 0.764578 0.215421 0.974146 -0.068063
-44.904198 -67.315071 1364.052553 -2060.822875 0.722049 -0.103189 -0.684104 0.691404 0.072433 0.718828 0.024624 0.992021 -0.123646
9.935877 -65.059655 -1356.164662 4437.040262 0.335132 0.933177 -0.129876 -0.050465 0.155429 0.986557 -0.940819 0.324073 -0.099182
7.362523 -142.167697 -774.716967 527.987529 -0.331381 0.934585 -0.129372 0.890715 0.264668 -0.369564 0.311148 0.237700 0.920155
8.641132 -130.565725 -513.478318 -2670.453538 -0.333580 0.934053 -0.127552 0.816510 0.218635 -0.534331 0.471206 0.282390 0.835596
7.790669 -131.879564 -421.813741 -407.248095 -0.325327 0.936893 -0.128036 0.803082 0.202266 -0.560489 0.499221 0.285166 0.818205
-5.808305 -58.582603 -306.642564 -1742.844215 -0.624066 0.776523 -0.086915 -0.452722 -0.268675 0.850210 -0.636855 -0.569935 -0.519220
-4.509014 -62.458101 -281.031889 -1912.917354 -0.644773 0.759945 -0.082168 -0.435011 -0.276428 0.856944 -0.628517 -0.588278 -0.508818
-6.235689 -61.202582 -317.942729 150.317082 -0.643537 0.764383 -0.039740 -0.249550 -0.160448 0.954977 -0.723592 -0.624480 -0.294006
-3.544112 -55.803214 354.435638 2956.756670 0.615835 -0.776986 0.130537 0.609942 0.365291 -0.703231 -0.498716 -0.512694 -0.698875
-5.321003 -52.454115 -576.952509 -2264.086843 -0.598882 0.788803 -0.138312 -0.617358 -0.344725 0.707131 -0.510107 -0.508876 -0.693423
14.457097 -76.152027 550.515528 -8244.496274 -0.623046 0.782175 -0.003884 -0.652378 -0.522382 -0.549108 0.431528 0.339585 -0.835743
-4.150001 -117.905165 0.043361 2661.252350 -0.635143 0.770756 0.050285 -0.277374 -0.288362 0.916467 -0.720873 -0.568140 -0.396938
-3.799587 -117.330568 235.156033 3606.111132 -0.630240 0.771664 0.085628 -0.249940 -0.306068 0.918615 -0.735070 -0.557546 -0.385766
-2.648651 -78.142248 623.941037 -974.591991 0.747984 -0.663693 -0.005588 -0.078414 -0.080006 -0.993705 -0.659068 -0.743714 0.111886
-0.505561 -79.594976 929.827329 -741.794606 0.753853 -0.657007 -0.006818 -0.099975 -0.104443 -0.989493 -0.649392 -0.746614 0.144419
-2.654634 -73.302027 553.580016 -1648.705000 0.740902 -0.670968 -0.029441 -0.245505 -0.229770 -0.941771 -0.625133 -0.704988 0.334963
-0.654378 -82.875232 921.527034 -842.960244 0.754976 -0.655485 0.018717 0.072204 0.054725 -0.995887 -0.651765 -0.753222 -0.088645
-3.642635 -71.775912 215.574645 -1612.585559 0.729673 -0.683007 -0.032845 -0.237799 -0.208425 -0.948689 -0.641115 -0.700043 0.314500
-4.183989 -77.762786 441.670757 -1095.414635 0.741575 -0.670822 -0.007980 -0.062940 -0.057727 -0.996346 -0.667911 -0.739368 0.085030
-2.998465 -81.926822 723.284540 -1275.095400 0.749313 -0.661997 0.017047 0.093061 0.079778 -0.992459 -0.655645 -0.745249 -0.121384
18.098935 -41.408326 -3874.173837 9304.851231 0.121757 0.964903 -0.232676 -0.689175 0.250885 0.679775 -0.714292 -0.077587 -0.695534
-5.351787 -112.790466 59.600883 10317.893682 -0.214818 0.975353 0.050397 0.024263 -0.046256 0.998635 -0.976353 -0.215747 0.013729
-7.014151 -127.770103 -112.141309 14231.804192 -0.232372 0.971988 0.035238 -0.117851 -0.064100 0.990960 -0.965461 -0.226119 -0.129445
-9.289627 -152.648026 934.331360 21262.645020 -0.238880 0.970867 0.018814 -0.159058 -0.058234 0.985550 -0.957934 -0.232436 -0.168335
-6.178526 -106.349808 -442.843223 5014.997107 -0.596881 0.800453 -0.054850 0.775142 0.557660 -0.296935 -0.207095 -0.219751 -0.953321
15.895979 -38.994595 -4372.900026 8674.170629 0.160559 0.898473 -0.408617 -0.513530 0.429584 0.742795 -0.842916 -0.090575 -0.530366
21.342438 -430.705492 -1080.331596 -156043.931026 0.049364 0.998742 0.008794 0.975038 -0.046281 -0.217162 0.216481 -0.019295 0.976096
27.842564 -102.233963 -7404.184357 -8694.628712 0.072152 0.997203 -0.019500 0.984484 -0.074340 -0.158952 0.159957 0.007729 0.987094
32.307015 -109.357851 -5783.438579 -11453.300672 0.057864 0.994932 -0.082232 0.982314 -0.071436 -0.173081 0.178078 0.070762 0.981469
12.149607 -109.870124 -5887.120739 -10885.589540 0.066122 0.997807 0.003063 0.992899 -0.065491 -0.099310 0.098892 -0.009607 0.995052
32.312727 -217.495745 1518.403100 -55953.563120 -0.047069 0.981688 -0.184590 0.944726 -0.016276 -0.327456 0.324463 0.189800 0.926660
11.159062 -149.266377 -6329.418250 -31065.626665 0.049267 0.998629 0.017699 0.973093 -0.043998 -0.226172 0.225083 -0.028365 0.973927
32.000793 -79.168432 -11934.935297 -4866.797905 0.608072 -0.533833 0.587597 -0.499023 0.318628 0.805886 0.617434 0.783261 0.072646
48.312322 -90.681723 10547.618707 6844.824031 -0.571510 0.649517 -0.501501 0.409395 -0.303970 -0.860231 0.711176 0.696943 0.092187
54.135848 -102.246266 -4422.669299 7724.408202 0.498850 -0.712214 0.493862 0.545655 -0.184625 -0.817419 0.673357 0.677248 0.296524
-20.201267 -1803.320289 2984.912783 -555163.461216 -0.226188 0.863064 -0.451620 -0.887206 -0.373934 -0.270258 0.402126 -0.339550 -0.850294
102.270926 -25975.698980 -15132.030749 10422456.949546 -0.194716 0.818478 -0.540537 0.162494 -0.516553 -0.840695 0.967306 0.251531 0.032417
2.694790 -34.140730 -2801.457690 -2550.030208 0.036549 -0.092330 -0.995057 -0.424911 0.899795 -0.099098 0.904497 0.426433 -0.006345
6.139022 -36.762132 -904.194096 -795.960400 0.010492 -0.088114 -0.996055 -0.487736 0.869129 -0.082024 0.872928 0.486673 -0.033857
14.147132 -29.732023 -3332.125499 -4276.788955 -0.038128 0.026503 -0.998921 -0.385445 0.921899 0.039171 0.921943 0.386523 -0.024935
-1.852153 -19.675795 -1148.905594 2136.059017 0.595542 -0.721998 -0.352205 0.430114 -0.083714 0.898885 0.678478 0.686812 -0.260686
-165.797003 -1076.978017 48696.553236 349160.864066 0.963829 0.243399 -0.108586 -0.160053 0.854361 0.494419 -0.213112 0.459155 -0.862415
-99.838638 -758.735618 20346.768516 -204080.477100 0.923999 0.372972 -0.084373 -0.321011 0.636658 -0.701155 0.207794 -0.674951 -0.707999
70.207240 -722.706292 -14840.322501 -231543.468097 0.959790 0.269571 -0.078326 -0.256736 0.730083 -0.633298 0.113534 -0.627942 -0.769935
-161.169693 -57748.101137 -13763.700710 34780243.416002 -0.744251 -0.205371 0.635541 -0.120681 0.977240 0.174466 -0.656907 0.053149 -0.752096
-10.286384 -182.430143 -5659.606625 17180.935948 0.944308 -0.144171 0.295800 0.268287 -0.183193 -0.945760 -0.190540 -0.972448 0.134312
-31.624981 -248.747564 -6576.849314 -48635.261629 0.961984 -0.070087 0.263958 0.080124 -0.851549 -0.518116 -0.261087 -0.519569 0.813561
-28.385183 -198.299574 -9268.912146 -15054.886573 0.934195 -0.141234 0.327617 0.224550 -0.480817 -0.847580 -0.277231 -0.865371 0.417463
-56.619445 -80.534330 888.725601 -355.356067 0.339137 0.928310 -0.152406 0.874996 -0.251771 0.413513 -0.345497 0.273592 0.897652
-49.112061 -75.345749 1397.227222 2186.071468 -0.582205 -0.800278 0.143504 0.797840 -0.528378 0.290289 -0.156488 0.283501 0.946118
-4.426256 -24.218724 -1256.954750 -1833.331554 0.863670 0.462838 -0.199637 -0.368340 0.849885 0.376857 0.344092 -0.251946 0.904502
-15.269468 -15.409563 -659.016179 -4024.410110 0.830709 -0.363887 -0.421317 0.457608 0.877330 0.144524 0.317044 -0.312855 0.895324
-12.150293 -27.118888 -4506.745181 -2537.078937 0.881305 0.447186 -0.152730 -0.384229 0.866274 0.319278 0.275083 -0.222698 0.935273
-7.654752 -31.208922 -1003.222277 223.661950 0.705302 0.704853 -0.075704 0.644086 -0.681758 -0.346929 0.296145 -0.195930 0.934831
-32.778286 -47.415451 2343.629572 439.367000 0.916131 0.350541 0.194487 0.393655 -0.878343 -0.271200 -0.075760 -0.325015 0.942669
-19.925409 -40.626478 -4928.178043 3610.576152 -0.685078 -0.702546 -0.192604 0.728176 -0.667937 -0.153687 -0.020675 -0.245537 0.969167
54.897356 -43.007795 -2153.310480 -2049.834338 0.426751 0.279670 0.860040 -0.656749 0.749625 0.082113 -0.621743 -0.599872 0.503576
46.725127 -56.141044 -4401.491004 1782.336096 0.321842 0.222046 0.920388 -0.650483 0.758214 0.044541 -0.687960 -0.613032 0.388462
47.979434 -57.071040 693.444256 -10461.026153 0.442758 0.277234 0.852706 -0.631108 0.771890 0.076737 -0.636921 -0.572125 0.516725
50.414635 -62.200428 -1111.912305 13700.029793 0.343336 0.314492 0.884994 -0.699802 0.714117 0.017721 -0.626416 -0.625405 0.465265
47.585761 -54.249213 2358.145279 -10000.276780 0.491429 0.342875 0.800583 -0.656494 0.749880 0.081822 -0.572287 -0.565788 0.593609
49.713510 -42.677472 -1610.195294 546.530409 -0.466665 -0.351870 -0.811426 0.675284 -0.734231 -0.069972 -0.571152 -0.580597 0.580252
-9.430353 -28.870268 -1648.049706 3124.905611 -0.187408 0.876062 0.444290 -0.382227 0.351617 -0.854557 0.904865 0.329971 -0.268959
101.862301 -65.628727 -24386.754280 12560.486689 0.465292 0.665161 -0.584007 0.764169 0.031110 0.644265 0.446708 -0.746052 -0.493820
187.842309 -65.511336 -51159.151817 8362.494397 0.360484 0.759573 -0.541387 0.802254 0.043624 0.595387 0.475858 -0.648957 -0.593644
85.295586 -84.788133 -20206.593008 16981.708217 0.460430 0.686701 -0.562536 0.806763 -0.059342 0.587888 0.370321 -0.724514 -0.581327
169.029245 -54.573772 -40157.747108 4327.020546 0.373722 0.793664 -0.480030 0.744848 0.051616 0.665234 0.552750 -0.606163 -0.571869
42.659929 -86.468827 -9206.886552 13947.837673 0.558475 0.620323 -0.550731 0.772659 -0.147428 0.617465 0.301834 -0.770366 -0.561633
52.570877 -68.544132 -12322.918463 12586.102537 0.567643 0.585090 -0.579181 0.727541 -0.027246 0.685523 0.385312 -0.810511 -0.441143
108.380128 -52.502458 -23614.589233 8131.069312 0.469116 0.679244 -0.564409 0.709209 0.091088 0.699089 0.526263 -0.728238 -0.438995
-9.955882 -110.251013 -560.889172 -2661.762228 -0.014210 0.943110 0.332178 -0.708816 -0.243817 0.661916 -0.705250 0.226047 -0.671956
-6.999043 -120.434508 -949.115762 -4014.126711 -0.051920 0.946229 0.319304 -0.537675 -0.295923 0.789516 -0.841552 0.130690 -0.524128
-12.364789 -98.655300 105.557810 -2803.407891 0.033958 0.924355 0.380019 -0.824021 -0.189269 0.534011 -0.565541 0.331277 -0.755261
-10.359052 -101.126883 -499.596534 -694.190826 0.009907 0.945354 0.325896 -0.835176 -0.171403 0.522591 -0.549893 0.277357 -0.787839
-7.800250 -108.157919 -1347.885434 -1449.197916 -0.024450 0.960700 0.276509 -0.818231 -0.178145 0.546592 -0.574370 0.212884 -0.790430
-6.342293 -114.946979 -1115.599081 -3905.136139 -0.037851 0.955962 0.291041 -0.698290 -0.233642 0.676611 -0.714813 0.177621 -0.676382
-6.377983 -63.450037 -112.943970 1116.494698 0.510134 0.658842 -0.552893 0.828173 -0.202759 0.522512 0.232149 -0.724442 -0.649069
-7.460423 -62.604876 -380.037564 -419.426377 0.490948 0.658019 -0.570947 0.870568 -0.345813 0.350035 0.032889 -0.668897 -0.742627
-6.218810 -62.863263 496.053095 1481.373757 0.500793 0.698513 -0.511161 0.839025 -0.246627 0.484986 0.212704 -0.671755 -0.709579
5.645280 -106.802562 -1093.477057 -11967.278936 0.000529 0.894295 0.447477 0.566197 -0.369110 0.737007 -0.824270 -0.252970 0.506542
2.542480 -95.746103 -500.550408 -9883.933837 -0.005269 0.894893 0.446250 0.578908 -0.361142 0.731055 -0.815376 -0.262189 0.516158
-10.610532 -98.202193 -573.918863 -706.565597 0.142145 0.930448 0.337731 -0.674100 0.340841 -0.655299 0.724834 0.134517 -0.675664
-7.618470 -102.996640 -739.833598 -1416.154470 0.186256 0.927329 0.324607 -0.509818 0.373648 -0.774902 0.839878 0.021160 -0.542363
-7.205339 -101.431010 -455.800874 -1789.624408 0.191940 0.914614 0.355864 -0.320127 0.401122 -0.858266 0.927727 -0.050814 -0.369784
1400.418247 -35.770720 1042918.578843 4218.676788 -0.169820 0.942217 -0.288769 0.945305 0.072938 -0.317929 -0.278496 -0.326966 -0.903069
7228.737023 -133.455286 5983797.758300 13779.901637 -0.126781 0.739867 -0.660699 0.954636 -0.089917 -0.283875 -0.269438 -0.666717 -0.694904
11639.235251 -39.871785 10520281.049018 -27912.461132 -0.212033 0.735709 -0.643253 0.970916 0.083696 -0.224313 -0.111191 -0.672106 -0.732058
2024.048662 5.673609 1714256.733553 17349.459733 -0.320966 0.763528 -0.560362 0.938182 0.175361 -0.298435 -0.129598 -0.621509 -0.772613
-4.897580 -286.301618 2513.279701 -57421.610333 0.266440 0.211119 0.940446 0.590168 0.735691 -0.332356 -0.762044 0.643574 0.071421
-10.753164 -333.101009 776.068445 -70431.620823 0.238695 0.190928 0.952140 0.849163 0.434628 -0.300034 -0.471112 0.880139 -0.058386
