13661
27311
-22.885871 -38.160778 -984.961816 3154.461029 -0.620809 0.783945 -0.005169 0.594337 0.466338 -0.655204 0.511233 0.409828 0.755435
-27.367829 -42.091330 -341.578366 1814.611631 0.542611 -0.823686 0.164664 0.752722 0.389804 -0.530530 0.372803 0.411818 0.831519
-24.815990 -51.305477 1322.087805 5006.313412 0.792207 -0.588312 -0.162164 0.430371 0.727002 -0.535023 0.432653 0.354058 0.829128
-20.299846 -33.677636 -487.595730 2019.232401 -0.350318 0.873898 -0.337014 0.803520 0.095515 -0.587565 0.481282 0.476633 0.735655
-16.099098 -40.923022 -1847.427953 4656.853533 -0.674260 0.722459 0.153060 0.445407 0.563154 -0.696038 0.589055 0.401137 0.701501
-15.811946 -29.597366 -949.488993 2463.165067 -0.448584 0.879801 -0.157237 0.660911 0.208117 -0.721030 0.601639 0.427362 0.674828
-25.320901 -40.079622 -148.485490 1117.248983 -0.322935 -0.021596 0.946175 0.918332 0.234609 0.318787 -0.228866 0.971850 -0.055931
-25.218297 -39.452362 -293.853174 613.564799 -0.362838 -0.060144 0.929909 0.927196 0.076340 0.366716 -0.093045 0.995266 0.028066
-25.392356 -38.588940 -32.132224 268.929083 -0.401719 0.046900 0.914561 0.912219 0.108268 0.395138 -0.080486 0.993015 -0.086276
-25.080551 -39.510587 -247.815643 1268.240618 -0.363130 0.096718 0.926705 0.911911 0.240986 0.332182 -0.191194 0.965697 -0.175707
-26.846608 -38.320128 235.853895 -965.006656 -0.274465 0.157686 0.948580 0.961438 0.062956 0.267720 -0.017503 0.985480 -0.168885
-27.125944 -39.076414 247.174501 789.411052 -0.440239 0.163398 0.882888 0.892135 0.190661 0.409564 -0.101410 0.967962 -0.229709
54.119093 -82.874749 -4484.057781 -1511.107432 0.565952 -0.601059 -0.564292 0.818151 0.325095 0.474281 -0.101622 -0.730096 0.675746
56.390985 -69.956079 1811.649556 3915.272377 0.627065 -0.626468 -0.462954 0.778966 0.505343 0.371269 0.001363 -0.593435 0.804881
53.948488 -81.409239 -3508.891008 6203.014653 0.615820 -0.580894 -0.532286 0.777602 0.556910 0.291868 0.126890 -0.593645 0.794660
-8.881149 -22.941633 -39.996242 -665.930495 0.148150 -0.504426 -0.850651 -0.526933 0.687619 -0.499521 0.836895 0.522240 -0.163928
-6.112920 -21.272954 220.326218 -1438.335877 0.193899 -0.602973 -0.773839 -0.434866 0.654247 -0.618751 0.879372 0.456491 -0.135355
-8.474114 -25.192176 -730.992697 -1103.473624 -0.282966 0.723206 0.630002 -0.462117 0.472780 -0.750284 0.840463 0.503440 -0.200425
-12.704038 -25.637619 -495.429060 -354.468934 -0.282508 0.668026 0.688427 -0.561944 0.466379 -0.683162 0.777437 0.579856 -0.243637
-11.786086 -24.620198 -679.855819 11.531846 0.060865 -0.351145 -0.934341 -0.627466 0.714529 -0.309410 0.776261 0.605099 -0.176842
6.032267 -23.637868 728.429625 114.985079 -0.467515 0.877100 0.110112 0.650373 0.256922 0.714847 -0.598702 -0.405816 0.690557
4.157559 -22.932456 930.096158 46.763035 -0.449670 0.885526 0.116798 0.632732 0.223511 0.741413 -0.630434 -0.407293 0.660807
2.265120 -21.608149 1028.723703 492.070519 -0.483003 0.872600 0.072644 0.666232 0.312400 0.677156 -0.568193 -0.375466 0.732245
6.069776 -22.382515 532.877887 768.515519 -0.501647 0.860457 0.089243 0.688304 0.334522 0.643687 -0.524011 -0.384330 0.760068
-2.642455 -44.569058 -86.025004 -306.808188 -0.339699 0.891678 0.299191 0.151467 0.365820 -0.918278 0.928258 0.266621 0.259328
-2.783582 -44.353985 -144.533155 417.493334 -0.334769 0.898050 0.285371 -0.005103 0.301113 -0.953575 0.942286 0.320683 0.096221
-2.537659 -43.158108 116.211775 -205.829005 -0.352781 0.884263 0.305981 0.142100 0.373842 -0.916542 0.924853 0.279858 0.257538
-2.176182 -43.534017 220.390521 -72.027358 -0.358236 0.875438 0.324462 0.258108 0.426846 -0.866708 0.897244 0.226740 0.378869
-1.380820 -41.970904 400.971438 -108.884448 -0.378733 0.860015 0.341959 0.267201 0.455355 -0.849267 0.886095 0.230274 0.402255
-2.239451 -42.061343 327.706080 -145.062381 -0.371625 0.873379 0.314809 0.132934 0.385659 -0.913015 0.918817 0.297450 0.259422
4.708951 -57.372766 186.587963 3366.276464 0.716976 -0.634742 -0.288180 -0.683136 -0.722090 -0.109137 0.138818 -0.275114 0.951337
4.463330 -54.221326 -0.877348 2206.623508 0.714968 -0.647097 -0.264736 -0.686712 -0.721077 -0.092055 0.131327 -0.247614 0.959917
3.874932 -63.240439 -219.287311 -4373.466513 0.734156 -0.625564 -0.263980 0.638107 0.768537 -0.046589 0.232023 -0.134244 0.963402
58.093232 -27.985856 13661.920681 -799.020434 -0.394188 0.870610 0.294370 0.908235 0.417984 -0.019994 -0.140449 0.259476 -0.955482
2.035537 -25.267555 2011.781386 697.514552 -0.505830 0.821377 0.263581 -0.837534 -0.540796 0.077956 -0.206575 0.181326 -0.961482
31.561854 -24.888621 8565.676867 432.292193 -0.342829 0.901239 0.265020 -0.915397 -0.383864 0.121230 -0.210989 0.201037 -0.956592
-2.868488 -23.420632 331.527209 174.691685 -0.512454 0.822168 0.247852 -0.813926 -0.557052 0.164979 -0.273706 0.117189 -0.954647
1470.179029 -29.272837 -189139.775669 2164.625137 -0.611617 -0.277249 -0.740985 0.771842 -0.414776 -0.481893 -0.173738 -0.866657 0.467676
927.954512 0.588353 -214890.841115 -1365.260320 -0.331983 -0.719930 -0.609499 0.933865 -0.341932 -0.104775 -0.132977 -0.603973 0.785833
106.273227 -24.590224 -19068.594021 -326.410624 -0.174887 -0.972571 0.153363 0.976161 -0.191609 -0.101956 0.128545 0.131876 0.982896
422.430631 -25.882461 79933.998635 538.213352 0.146196 0.988966 0.023920 0.950813 -0.133799 -0.279378 0.273095 -0.063587 0.959883
-2.776901 -91.361986 -320.436415 -3041.836946 -0.050702 0.704758 -0.707634 -0.288103 -0.688745 -0.665303 0.956256 -0.170139 -0.237963
-1.571365 -102.318314 -713.164154 -2917.255210 -0.037366 0.695324 -0.717724 -0.461413 -0.649084 -0.604804 0.886398 -0.308568 -0.345085
-3.407925 -100.338677 -567.620185 -4071.245543 -0.045089 0.695996 -0.716629 -0.530108 -0.624697 -0.573358 0.846731 -0.354039 -0.397120
4.879895 -36.942756 -72.133063 -427.461550 -0.503397 0.842472 0.191917 0.860904 0.507984 0.028216 -0.073720 0.179426 -0.981005
5.170568 -39.048480 -71.077636 -680.649752 -0.455775 0.868031 0.196956 0.888480 0.430349 0.159383 0.053589 0.247635 -0.967370
3.967531 -40.862769 276.102151 -785.316512 -0.489948 0.841344 0.228235 0.870920 0.483839 0.086014 -0.038062 0.240916 -0.969799
3.566531 -38.530985 42.875502 150.288905 -0.544147 0.811441 0.213234 -0.822567 -0.566018 0.054839 -0.165193 0.145558 -0.975461
4.408605 -36.076425 37.761392 135.136252 -0.535418 0.819550 0.204121 -0.821942 -0.561205 0.097262 -0.194265 0.115700 -0.974102
-7.411646 -81.918535 859.770053 7540.057532 0.036249 0.592739 -0.804579 -0.282145 0.778424 0.560759 0.958687 0.206681 0.195455
-8.228657 -81.766327 1041.969537 5978.798569 0.055800 0.571921 -0.818409 -0.250761 0.801441 0.542966 0.966439 0.174927 0.188136
-10.083395 -87.125527 -401.493644 3109.529790 0.107197 0.586747 -0.802644 0.051232 0.802963 0.593823 0.992917 -0.104777 0.056015
-8.694097 -84.779789 366.797352 5220.725500 0.055240 0.598982 -0.798855 -0.062243 0.800586 0.595976 0.996531 0.016801 0.081507
-21.009359 -101.079781 1790.625627 7043.820529 -0.012425 -0.768991 0.639139 0.936191 0.215600 0.277602 -0.351272 0.601805 0.717244
-23.305986 -84.055391 430.597871 1712.988751 -0.119956 -0.770162 0.626467 0.969457 0.045103 0.241080 -0.213927 0.636251 0.741229
-43.658914 -62.143791 -2445.526626 -6803.740332 -0.324106 -0.777951 0.538281 0.851639 0.007810 0.524071 -0.411906 0.628276 0.660002
23.837099 -352.707212 -3395.955996 87986.500598 0.388279 -0.508547 0.768517 0.692951 0.710877 0.120305 -0.607502 0.485833 0.628417
15.839979 -28.600921 211.869287 -152.373262 -0.439386 0.877658 0.191458 -0.104841 0.161575 -0.981276 0.892160 0.451231 -0.021021
16.933685 -29.731329 524.896690 -71.452652 -0.457292 0.867438 0.196047 -0.016566 0.212100 -0.977108 0.889162 0.450071 0.082621
18.197864 -29.839687 -245.527403 490.716354 -0.493149 0.852914 0.171296 -0.087482 0.147285 -0.985218 0.865535 0.500844 -0.001981
15.722740 -28.345509 47.530515 125.891557 -0.370395 0.901409 0.224206 -0.073586 0.212140 -0.974465 0.925955 0.377436 0.012245
17.001437 -28.274675 -880.934922 639.994281 -0.464241 0.869565 0.168336 -0.199469 0.082530 -0.976423 0.862956 0.486873 -0.135138
14.848453 -27.252938 652.263325 -98.308290 -0.385742 0.896475 0.218026 -0.160299 0.167598 -0.972736 0.908574 0.410175 -0.079054
-11.128136 -27.258597 -2369.651625 -221.957638 0.827339 -0.549101 0.118319 -0.425257 -0.474695 0.770598 0.366971 0.687861 0.626242
-6.034428 -26.443105 -2958.426373 -217.919266 0.845284 -0.521963 0.114230 -0.364602 -0.407182 0.837417 0.390589 0.749504 0.534494
-1.442341 -27.398600 -3556.714509 -377.457516 0.838567 -0.523816 0.149744 -0.425158 -0.457341 0.781076 0.340656 0.718649 0.606215
-4.646761 -27.908590 -2914.898216 -123.496081 0.818251 -0.553001 0.157021 -0.487912 -0.523640 0.698386 0.303986 0.648067 0.698285
13.710201 -6.736878 1357.183373 -4478.691045 0.529792 0.126409 0.838655 0.627580 -0.723568 -0.287391 0.570495 0.678580 -0.462672
15.260171 -6.528597 -263.915695 -3741.070286 0.515934 0.296566 0.803655 0.687886 -0.702537 -0.182361 0.510515 0.646909 -0.566465
10.399466 -18.195122 551.593747 -5581.109937 0.515948 0.217388 0.828577 0.668383 -0.707147 -0.230668 0.535782 0.672819 -0.510149
6.801196 -18.708336 1143.141492 4640.578708 0.568468 0.034666 0.821975 -0.559915 0.748328 0.355670 0.602776 0.662423 -0.444811
7.130560 -25.892030 -91.404311 3473.928904 -0.470865 -0.347063 -0.811069 -0.666613 0.742164 0.069423 0.577852 0.573358 -0.580816
4.529269 -23.577917 -658.209779 1139.371303 -0.513883 -0.199794 -0.834270 -0.544989 0.827071 0.137626 0.662504 0.525391 -0.533904
-9.164496 -18.879137 -432.745997 -923.571860 0.660847 -0.565553 -0.493388 0.442841 -0.236930 0.864729 0.605948 0.789946 -0.093876
-10.161284 -20.833913 -142.415244 -721.501650 0.621545 -0.590455 -0.514826 0.433242 -0.288450 0.853872 0.652674 0.753764 -0.076526
-10.559360 -17.608319 -412.857446 -961.892193 0.658399 -0.602437 -0.451199 0.431602 -0.188928 0.882058 0.616628 0.775484 -0.135623
-7.604555 -16.284038 -324.558845 -974.178208 0.714085 -0.551655 -0.430998 0.409735 -0.169848 0.896253 0.567627 0.816596 -0.104746
-7.970434 -19.969198 -379.026219 -686.141830 0.677680 -0.535047 -0.504454 0.421232 -0.279847 0.862699 0.602754 0.797126 -0.035733
33.972099 -109.271274 4603.908739 14787.649389 0.178762 0.949447 -0.258059 0.898785 -0.050875 0.435428 -0.400287 0.309778 0.862443
39.969856 -117.395085 4084.421581 19773.784103 0.077755 0.981779 -0.173392 0.926983 -0.007181 0.375036 -0.366957 0.189892 0.910650
35.774106 -247.749432 6574.171739 54030.520615 0.212590 0.969409 -0.122683 0.754391 -0.083030 0.651153 -0.621047 0.230979 0.748965
31.521004 -52.231153 -4011.787088 -4315.932009 -0.628258 0.732296 -0.262743 0.769612 0.535496 -0.347766 -0.113969 -0.420697 -0.900014
40.999338 -52.383965 -1976.875671 -4889.241683 -0.627666 0.772381 -0.097273 0.733352 0.544719 -0.406787 -0.261208 -0.326662 -0.908329
28.637861 -40.254177 -3585.084309 -1813.916198 -0.678795 0.698225 -0.227417 0.701446 0.524888 -0.482147 -0.217279 -0.486799 -0.846059
42.104129 -64.605114 -2332.523150 -4869.901662 -0.592203 0.794519 -0.134297 0.802134 0.565416 -0.192055 -0.076658 -0.221460 -0.972152
16.460479 -52.244177 -5385.210856 -3579.263949 -0.599492 0.705974 -0.377108 0.799611 0.548933 -0.243507 0.035097 -0.447520 -0.893585
30.815722 -60.739244 -4356.100842 -3384.642649 -0.581486 0.762554 -0.283521 0.810707 0.572266 -0.123556 0.068032 -0.301699 -0.950973
-32.963978 -47.024497 -14.111558 -1108.577702 0.377100 -0.627491 0.681212 0.419084 0.771515 0.478679 -0.825933 0.104975 0.553909
-35.308279 -49.577798 463.707774 -545.983485 -0.400866 0.729598 -0.554069 0.555752 0.674461 0.486047 -0.728318 0.113085 0.675844
-33.909860 -48.870080 -253.219925 -233.225343 0.307341 -0.674713 0.671047 0.612433 0.679972 0.403192 -0.728332 0.287054 0.622200
11.030464 -12.349946 3154.384769 -22.467998 0.186563 0.963455 0.192220 0.462752 -0.258769 0.847879 -0.866634 0.069233 0.494118
3.718709 -9.256949 -778.594996 464.928263 0.220636 0.917917 0.329770 0.457568 -0.396000 0.796126 -0.861366 0.024762 0.507381
8.741833 -10.928825 2250.558081 584.307729 0.098446 0.992367 0.074268 0.559074 -0.116893 0.820836 -0.823252 0.039287 0.566315
24.554440 -16.086076 6268.033205 260.481915 0.100355 0.993929 0.045109 0.540728 -0.092542 0.836092 -0.835190 0.059514 0.546732
28.880343 -17.903805 7492.618049 -1044.981898 0.197902 0.966544 0.163181 0.407541 -0.232536 0.883084 -0.891485 0.108261 0.439926
15.981235 -12.894537 3769.725913 -344.452931 0.292974 0.900611 0.321040 0.352046 -0.413795 0.839546 -0.888949 0.132945 0.438288
24.508730 -30.868473 -10719.107504 478.076181 -0.106324 -0.398069 -0.911173 0.320682 0.853674 -0.410369 0.941201 -0.335829 0.036887
59.667647 -24.744160 -17662.660632 1657.966029 -0.007114 -0.244064 -0.969733 0.430262 0.874652 -0.223290 0.902676 -0.418828 0.098789
6.050478 -30.728242 -5232.629813 654.541248 -0.206663 -0.479113 -0.853078 0.328521 0.787302 -0.521757 0.921610 -0.388082 -0.005308
155.402103 -8.238368 10746.991285 1627.385459 0.030990 0.953589 0.299514 0.307111 -0.294246 0.905043 -0.951169 -0.063937 0.301976
133.505265 -14.961003 -6903.724076 1307.711532 -0.112580 0.956455 0.269296 0.286343 -0.228293 0.930532 -0.951490 -0.181870 0.248173
264.492322 -12.971656 50057.756599 -74.049292 0.378392 0.911666 0.160263 0.230783 -0.260585 0.937462 -0.896414 0.317741 0.309001
251.895161 -14.241932 -55917.622615 2002.110741 -0.572939 0.736914 0.358744 0.283570 -0.232443 0.930354 -0.768979 -0.634766 0.075791
437.236449 -16.055753 79730.759339 883.892560 0.540727 0.839337 0.055923 0.267306 -0.234480 0.934648 -0.797597 0.490441 0.351150
477.016656 -3.519272 81545.450692 5742.715906 0.530624 0.844529 0.072172 0.397154 -0.322948 0.859054 -0.748804 0.427171 0.506772
235.896450 -10.177773 -39826.362691 -403.723680 -0.324914 0.847395 0.419943 0.306662 -0.325645 0.894379 -0.894645 -0.419377 0.154058
217.142724 -7.810358 -45255.064530 2255.421697 -0.505435 0.734657 0.452565 0.335330 -0.316025 0.887514 -0.795040 -0.600340 0.086622
1.851347 -34.075180 40.559037 1111.653245 0.249116 0.941089 -0.228675 -0.906233 0.309796 0.287693 -0.341587 -0.135564 -0.930022
2.321240 -33.126829 200.787665 1068.832081 0.245611 0.940020 -0.236724 -0.917385 0.304298 0.256529 -0.313177 -0.154160 -0.937099
2.198433 -37.587655 158.821034 1882.991328 0.293819 0.926997 -0.233125 -0.926985 0.335833 0.167080 -0.233174 -0.167012 -0.957986
0.900543 -43.945799 43.493241 -2379.892434 0.365008 0.901249 -0.233492 0.919701 -0.388015 -0.059960 -0.144638 -0.192857 -0.970508
0.871084 -40.832124 -160.079182 2060.114440 0.308172 0.917506 -0.251422 -0.908609 0.362177 0.207984 -0.281886 -0.164349 -0.945267
-0.895547 -44.075749 242.761997 -1828.848947 0.399057 0.885532 -0.237880 0.914521 -0.403160 0.033354 -0.066368 -0.230856 -0.970722
-32.625692 -54.885897 275.884694 -590.304714 -0.433119 0.653724 -0.620526 0.900282 0.280476 -0.332904 -0.043585 -0.702835 -0.710016
-24.040576 -54.749906 -1333.978586 -2161.771010 -0.667865 0.494482 -0.556277 0.733236 0.565417 -0.377715 0.127755 -0.660145 -0.740194
-24.062328 -51.853820 2702.139100 -31.874542 0.820558 -0.307820 0.481592 0.562299 0.585846 -0.583613 0.102491 -0.749687 -0.653808
-13.573143 -53.920306 78.890771 1831.622873 -0.478391 0.803239 -0.354892 0.729233 0.588538 0.349058 -0.489245 0.091813 0.867300
-10.007828 -52.204370 3084.320733 3245.222667 0.660392 -0.659409 0.359253 0.650989 0.741202 0.163804 -0.374293 0.125695 0.918752
-4.618183 -48.859203 -575.902904 1077.597108 -0.361571 0.884191 -0.295757 0.835806 0.447962 0.317426 -0.413153 0.132423 0.900982
-18.165711 -54.190862 1940.048750 -218.861619 -0.299571 0.914199 -0.272942 0.737810 0.403361 0.541236 -0.604892 0.039241 0.795340
-8.978049 -53.188113 920.928648 965.614411 -0.132824 0.974413 -0.181320 0.827310 0.209743 0.521121 -0.545817 0.080791 0.834000
13.489417 -21.567754 4938.598891 -1155.114249 0.056643 0.929342 -0.364850 -0.590975 0.325749 0.737995 -0.804699 -0.173815 -0.567669
48.776024 -22.628533 10777.079536 -1272.236161 0.022397 0.933050 -0.359050 -0.552810 0.310799 0.773178 -0.833006 -0.181169 -0.522761
115.728779 -19.394399 24612.850765 -347.840160 0.063470 0.915396 -0.397519 -0.609972 0.350844 0.710523 -0.789877 -0.197379 -0.580634
24.726445 -16.457301 7820.886814 -869.735033 0.084285 0.916432 -0.391215 -0.639400 0.350863 0.684151 -0.764241 -0.192479 -0.615539
-10.220477 -62.814871 -843.873943 -2622.614104 0.511151 0.858511 -0.041031 -0.609183 0.395553 0.687338 -0.606317 0.326338 -0.725178
-13.859611 -54.234244 -881.191092 -1886.587370 0.540844 0.840974 -0.015845 -0.675790 0.445673 0.587097 -0.500795 0.306820 -0.809361
-11.495003 -53.668142 -779.526595 -1917.728836 0.553625 0.830739 -0.058064 -0.700071 0.502036 0.507800 -0.450999 0.240482 -0.859516
-14.619461 -46.377911 -547.147617 -879.599979 0.612014 0.790493 -0.023679 -0.707270 0.560487 0.430841 -0.353848 0.246933 -0.902117
-9.689065 -49.156578 -950.952999 -1306.790529 0.563144 0.820395 -0.099099 -0.731853 0.550830 0.401219 -0.383745 0.153418 -0.910606
-7.386017 -55.905817 -959.666625 -2187.548966 0.523616 0.845923 -0.101199 -0.689248 0.490436 0.533301 -0.500763 0.209494 -0.839850
-11.856878 -47.008053 -625.133471 -849.992684 0.597498 0.799069 -0.066969 -0.739427 0.581356 0.339520 -0.310233 0.153344 -0.938212
-1.079299 -145.407470 552.386705 2420.139131 -0.178978 -0.421759 0.888868 0.910001 0.272460 0.312513 -0.373986 0.864803 0.335036
1.741627 -136.545576 -4.566141 4287.566789 -0.174664 -0.395002 0.901924 0.957926 0.143707 0.248446 -0.227749 0.907371 0.353282
0.711032 -135.166350 397.124197 5413.795280 -0.199416 -0.405531 0.892064 0.979899 -0.077343 0.183891 -0.005578 0.910803 0.412803
-3.129435 -138.467978 1435.865723 6443.889848 -0.192182 -0.457423 0.868234 0.977763 -0.013578 0.209273 -0.083937 0.889146 0.449861
-2.488637 -137.156175 1268.807705 -152.488303 -0.161375 -0.443656 0.881549 0.869113 0.359299 0.339922 -0.467548 0.821020 0.327605
-3.945740 -87.664975 183.917604 -3897.898898 0.647360 0.738035 -0.190342 -0.600025 0.647478 0.469832 -0.469995 0.189940 -0.861991
-9.051544 -94.077944 1298.720541 -2800.612427 0.665807 0.717772 -0.203725 -0.618918 0.683801 0.386468 -0.416703 0.131224 -0.899522
-3.871817 -108.580211 977.489060 -5440.866819 0.665392 0.723521 -0.183770 -0.478941 0.602599 0.638349 -0.572598 0.336737 -0.747489
-4.914671 -81.053242 333.407127 575.107949 0.666699 0.713641 -0.215009 -0.665662 0.699890 0.258936 -0.335270 0.029509 -0.941660
-0.429953 -100.604602 87.372190 -5999.494094 0.633415 0.758474 -0.153303 -0.459360 0.527992 0.714292 -0.622715 0.382022 -0.682851
-0.900124 -82.631984 -105.354941 -3617.316099 0.627782 0.761159 -0.162870 -0.572347 0.593199 0.566157 -0.527550 0.262205 -0.808047
-2.648279 -80.720443 -122.714465 274.245452 0.661902 0.723471 -0.196151 -0.672935 0.688786 0.269691 -0.330219 0.046512 -0.942758
-2.115455 -75.903347 92.931708 -720.331512 0.655418 0.734808 -0.174598 -0.642643 0.664026 0.382202 -0.396783 0.138298 -0.907434
-11.663977 -29.559684 -377.274346 -764.952321 -0.435862 0.899194 0.038409 -0.784781 -0.358817 -0.505341 0.440617 0.250402 -0.862065
-11.798184 -30.544985 -315.650931 -233.215625 -0.416168 0.907500 0.056987 -0.837090 -0.357898 -0.413751 0.355084 0.219893 -0.908605
-12.613072 -30.587625 -66.142660 -462.811549 -0.506760 0.859898 0.061401 -0.760273 -0.412198 -0.502074 0.406423 0.301112 -0.862642
-12.767972 -28.507730 -468.846744 -841.159330 -0.513032 0.858365 -0.002865 -0.694753 -0.417199 -0.585886 0.504099 0.298588 -0.810388
-10.306734 -26.700522 -537.351137 -868.321979 -0.443334 0.896252 -0.013715 -0.736149 -0.372783 -0.564905 0.511410 0.240345 -0.825042
0.595125 -306.807456 -504.721129 -23711.357528 0.243631 0.167743 -0.955252 0.963824 -0.151659 0.219186 -0.108106 -0.974095 -0.198623
-2.628669 -293.696171 -1804.633783 -41800.396245 0.282295 0.113330 -0.952610 0.946906 -0.192196 0.257740 -0.153878 -0.974791 -0.161569
-0.836086 -267.732714 -1763.666916 20115.049438 0.251224 0.112274 -0.961395 0.889089 0.365874 0.275057 0.382631 -0.923867 -0.007905
-11.776721 -26.950611 -265.718439 506.526759 -0.717961 0.650770 -0.247045 -0.320800 -0.624312 -0.712266 0.617754 0.432127 -0.656998
-13.161372 -30.047188 87.013770 244.313794 -0.671744 0.737019 -0.074585 -0.506088 -0.530115 -0.680333 0.540957 0.419263 -0.729098
-11.420238 -28.721955 294.081780 -170.747104 -0.712898 0.691715 -0.115355 -0.389519 -0.527371 -0.755086 0.583140 0.493366 -0.645397
-10.087453 -27.178432 653.057118 -1217.543779 -0.715740 0.697873 -0.026268 -0.396562 -0.437100 -0.807268 0.574852 0.567377 -0.589600
-9.303819 -25.094512 153.690096 -1056.127165 -0.739152 0.643934 -0.197494 -0.252273 -0.536554 -0.805276 0.624510 0.545399 -0.559041
-13.200855 -24.699507 -657.141605 341.801934 0.446091 0.808732 0.383348 -0.685511 0.584125 -0.434594 0.575393 0.068921 -0.814968
-11.705234 -23.948866 -532.598279 180.788771 0.459766 0.809500 0.365138 -0.717482 0.580900 -0.384415 0.523292 0.085239 -0.847880
-12.101717 -22.631999 -295.254385 369.603366 0.394071 0.838889 0.375465 -0.779248 0.521573 -0.347470 0.487321 0.155653 -0.859239
-11.288426 -20.547117 -158.425736 576.915290 0.312009 0.883047 0.350539 -0.862804 0.417827 -0.284586 0.397768 0.213654 -0.892263
-12.694006 -21.037895 -99.599572 436.241847 0.217480 0.904176 0.367652 -0.853352 0.358978 -0.378055 0.473808 0.231517 -0.849651
-14.020304 -23.134633 -238.860866 366.307496 0.323359 0.851692 0.412382 -0.754639 0.495031 -0.430656 0.570928 0.171942 -0.802793
-2.019574 -29.132898 -558.976701 -77.047284 0.407266 0.911588 0.056048 0.900840 -0.390843 -0.189022 0.150404 -0.127472 0.980372
-2.484792 -29.471368 -627.387836 -91.657072 0.424995 0.903589 0.053905 0.869872 -0.391212 -0.300458 0.250402 -0.174583 0.952271
-5.347976 -28.207588 -864.683978 -58.535462 0.391921 0.918619 0.050367 0.908141 -0.377528 -0.180977 0.147234 -0.116668 0.982197
-9.025433 -23.427472 596.681898 636.428913 0.449930 0.856637 0.252460 -0.870680 0.483655 -0.089408 0.198694 0.179584 -0.963468
-7.860021 -23.539734 196.164024 143.796571 0.325346 0.918155 0.226144 0.935006 -0.348058 0.067970 0.141118 0.189332 -0.971720
-7.921708 -21.230195 -10.896021 280.025871 0.356771 0.898567 0.255523 -0.909007 0.396997 -0.126884 0.215456 0.187003 -0.958441
-155.823246 -377.988355 23025.802526 -120951.316335 -0.044862 0.953440 0.298227 0.785245 0.218199 -0.579465 0.617558 -0.208185 0.758473
-80.749819 -868.130589 16198.747603 -199505.052089 -0.008780 0.797994 -0.602601 -0.055507 -0.602084 -0.796501 0.998420 -0.026455 -0.049581
-147.647906 -773.541422 -4686.738198 130989.225123 0.433103 0.603364 -0.669607 -0.492413 0.780626 0.384906 0.754951 0.163019 0.635196
-271.363247 -3650.318810 -59181.872586 -896383.762736 0.505686 0.192010 -0.841079 0.816787 0.207308 0.538407 0.277742 -0.959247 -0.051998
-133.810754 -283.435944 -32020.344380 -2611.331110 0.659481 0.581594 0.476271 -0.587774 0.003980 0.809016 -0.468623 0.813470 -0.344470
-182.027346 -265.796467 -30753.444326 -27796.234427 0.761348 0.310763 0.569013 -0.642034 0.239229 0.728397 -0.090235 0.919889 -0.381657
-52.608087 -3366.063788 -8320.560194 837870.952021 0.702853 0.556160 0.443491 0.708270 -0.489345 -0.508817 -0.065963 0.671735 -0.737849
-23.604180 -389.724047 -23948.224294 64077.338749 0.609960 0.672503 0.419152 0.734902 -0.282206 -0.616667 -0.296423 0.684178 -0.666358
-14.532654 -328.300631 -21680.546035 55599.189208 0.690275 0.643448 0.330900 0.723487 -0.619679 -0.304244 0.009287 0.449413 -0.893276
-28.977820 -65.761469 2075.979072 2628.588851 -0.182133 0.954043 -0.237970 0.155498 0.266920 0.951091 -0.970901 -0.136221 0.196967
-24.795613 -63.077212 1631.348985 1130.407170 -0.126208 0.962223 -0.241243 0.089626 0.253253 0.963239 -0.987947 -0.099947 0.118203
-33.822961 -67.283128 2825.249294 95.833374 -0.167709 0.918554 -0.357955 -0.149710 0.335156 0.930192 -0.974403 -0.209591 -0.081308
-34.589669 -71.237471 2925.452692 3665.641579 -0.254034 0.913520 -0.317724 0.111107 0.353889 0.928665 -0.960792 -0.200611 0.191398
-28.258316 -64.082284 2149.977716 -1953.463387 -0.103988 0.925899 -0.363176 -0.351018 0.307492 0.884441 -0.930577 -0.219453 -0.293032
-35.333866 -68.196150 2896.973477 -2254.166479 -0.160501 0.894000 -0.418334 -0.426975 0.319235 0.846038 -0.889905 -0.314408 -0.330479
-33.857842 -50.796966 52.134258 -1907.131820 0.762138 -0.647371 0.007530 -0.593729 -0.694254 0.406814 0.258132 0.314519 0.913480
-29.421357 -46.970124 38.774745 1269.651113 0.483450 -0.835129 0.262366 0.850899 0.377955 -0.364859 0.205541 0.399638 0.893332
-24.473623 -40.582715 52.908378 1769.894424 0.324063 -0.864302 0.384663 0.883302 0.130832 -0.450178 0.338763 0.485660 0.805837
-25.648411 -39.642497 -308.550858 1170.119722 -0.307345 -0.125322 0.943310 0.932337 0.158779 0.324864 -0.190490 0.979328 0.068043
61.825949 -77.494494 2881.260376 920.958524 0.857387 -0.481002 -0.183096 -0.276929 -0.731017 0.623638 0.433818 0.483995 0.759968
62.385927 -63.944212 -394.458512 695.435538 0.911903 -0.410320 0.008383 -0.356717 -0.782342 0.510582 0.202944 0.468592 0.859788
56.912022 -73.501205 -4149.797679 2336.164620 0.945496 -0.314567 0.084169 -0.291974 -0.704510 0.646851 0.144180 0.636171 0.757957
-6.190339 -23.750100 -36.254151 -1439.572033 -0.288683 0.748579 0.596902 -0.376547 0.484433 -0.789643 0.880270 0.452718 -0.142028
-2.185865 -18.836322 -229.642443 -1292.896178 0.163813 -0.546784 -0.821092 -0.391583 0.727912 -0.562857 0.905444 0.413729 -0.094870
-5.623601 -9.287450 -769.102244 -591.616132 0.845741 -0.517211 0.131208 -0.002539 0.241992 0.970275 0.533588 0.820934 -0.203350
-6.852142 -12.253829 -521.852869 -1117.396168 0.777923 -0.566686 -0.271480 0.317257 -0.018713 0.948155 0.542387 0.823721 -0.165228
-8.116087 -10.862561 -740.089773 -767.897837 0.830075 -0.557423 0.015974 0.103399 0.181996 0.977848 0.547982 0.810035 -0.208708
-4.708662 -8.957752 -805.748566 206.410097 0.755334 -0.349457 0.554392 -0.368714 0.472747 0.800350 0.541775 0.808944 -0.228232
-8.872842 -25.400535 962.099359 1007.608840 0.299816 -0.899325 -0.318316 0.863211 0.113676 0.491878 -0.406173 -0.422247 0.810389
-9.062193 -27.361620 -901.956742 563.285765 -0.289431 0.895436 0.338267 0.816904 0.046882 0.574865 -0.498896 -0.442715 0.745054
-4.301442 -23.547253 1104.628303 902.915627 0.394100 -0.872400 -0.289143 0.825791 0.198026 0.528068 -0.403428 -0.446883 0.798462
-11.313956 -28.111801 -575.525750 360.238910 -0.209751 0.918127 0.336224 0.834037 -0.011456 0.551589 -0.510281 -0.396120 0.763350
-5.554722 -20.860755 1163.881209 1260.244982 0.409611 -0.870602 -0.272526 0.850516 0.256413 0.459210 -0.329910 -0.419886 0.845491
-10.920602 -25.750928 -686.616052 835.048222 -0.222717 0.921150 0.319186 0.882323 0.051215 0.467850 -0.414613 -0.385823 0.824158
-8.579777 -21.305761 921.025488 1371.090936 0.339286 -0.897044 -0.283190 0.883555 0.200583 0.423199 -0.322825 -0.393800 0.860642
-1.453993 -45.587222 -359.235789 401.967404 -0.320957 0.899345 0.296925 0.027404 0.322199 -0.946275 0.946697 0.295577 0.128058
-1.439303 -42.861461 -492.388097 1005.445697 -0.316002 0.906776 0.279104 -0.151933 0.242016 -0.958303 0.936514 0.345231 -0.061292
-3.167884 -42.730896 -396.010743 340.784358 -0.324555 0.904218 0.277585 -0.161923 0.236025 -0.958161 0.931904 0.355923 -0.069811
1.137436 -68.398252 -786.623796 -687.303494 0.765064 -0.599126 -0.236061 0.479098 0.774523 -0.413012 0.430281 0.202885 0.879600
-1.110647 -64.762772 -410.462698 -3629.369955 0.745349 -0.618767 -0.248159 0.546859 0.780362 -0.303282 0.381315 0.090343 0.920020
-1.948760 -68.810886 -596.936421 8.682994 0.764992 -0.595550 -0.245167 0.402417 0.739217 -0.540018 0.502839 0.314450 0.805155
4.917310 -69.562419 -920.794468 2482.221876 0.767246 -0.595887 -0.237176 0.416338 0.744048 -0.522547 0.487849 0.302176 0.818958
3.883786 -67.550372 -668.063811 -795.429062 0.756335 -0.605519 -0.247595 0.542916 0.792149 -0.278822 0.364964 0.076460 0.927877
0.907531 -70.960715 -1050.593711 2433.567690 0.780572 -0.581155 -0.230144 0.317775 0.686015 -0.654525 0.538263 0.437770 0.720160
241.976373 -29.683052 48454.621008 -497.736516 -0.387426 0.884206 0.260924 0.921591 0.364121 0.134485 0.023905 0.292568 -0.955946
117.232700 -25.686506 24249.471614 -249.771872 -0.403957 0.882343 0.241434 0.912027 0.408915 0.031548 -0.070889 0.232938 -0.969904
210.643003 -25.566615 39051.468125 -363.289869 -0.351600 0.936144 0.003285 -0.932620 -0.349968 -0.087997 0.081228 0.034003 -0.996115
6272.519076 -64.975842 1322031.358208 -2206.492237 -0.588011 0.805756 -0.070714 -0.791329 -0.591169 -0.155945 0.167458 0.035739 -0.985231
542.880087 15.822267 -5461.546512 3379.268512 -0.415479 0.447469 -0.791927 0.731919 0.681391 0.001016 0.540067 -0.579205 -0.610615
996.009710 -26.821062 -97744.806085 49776.662498 0.748612 -0.190018 0.635196 0.559134 0.695792 -0.450824 0.356299 -0.692652 -0.627124
6.638443 -11.800382 -885.997553 639.801492 -0.136501 0.984482 0.110285 -0.435210 0.040413 -0.899421 0.889921 0.170768 -0.422940
9.655093 -14.941297 -832.683433 119.719196 -0.103606 0.977007 0.186343 -0.389955 0.132451 -0.911258 0.914987 0.167078 -0.367266
11.680491 -15.776171 -527.293635 131.355149 -0.207987 0.972856 0.101449 -0.404671 0.008840 -0.914420 0.890496 0.231241 -0.391848
6.396463 -15.066339 -1009.624705 686.878218 -0.019224 0.970389 0.240781 -0.400722 0.213158 -0.891058 0.915998 0.113616 -0.384759
3.155858 -8.461283 -658.495522 932.305487 -0.108226 0.984601 0.137291 -0.468629 0.071266 -0.880516 0.876740 0.159633 -0.453700
3.729790 -10.949008 -551.281954 893.724819 -0.012717 0.961220 0.275489 -0.461012 0.238845 -0.854647 0.887303 0.137872 -0.440097
-0.157206 -100.854227 -133.645255 -2262.140467 -0.029105 0.712543 -0.701025 -0.299367 -0.675344 -0.674010 0.953694 -0.190247 -0.232968
0.282250 -100.482121 -32.659324 774.795307 -0.031126 0.706750 -0.706778 -0.598128 -0.579705 -0.553340 0.800796 -0.405520 -0.440771
-0.295982 -108.240542 -247.925243 -2916.741916 -0.035682 0.710935 -0.702351 -0.377751 -0.660252 -0.649131 0.925219 -0.242152 -0.292116
-0.722661 -96.734939 -437.724367 -4478.273112 -0.015058 0.719860 -0.693956 -0.044978 -0.693820 -0.718743 0.998874 -0.020390 -0.042825
-10.065171 -62.391350 -296.847022 1009.754655 -0.567205 0.751765 0.336344 0.070781 0.451380 -0.889520 0.820529 0.480734 0.309236
-10.745638 -60.048279 -576.393442 790.774555 -0.531509 0.773986 0.344157 0.033104 0.424970 -0.904602 0.846405 0.469411 0.251498
-10.616433 -59.390447 -147.211853 1212.409397 -0.572717 0.754225 0.321154 -0.121627 0.309252 -0.943170 0.810680 0.579231 0.085380
-8.793702 -62.560675 -348.158683 715.087389 -0.549352 0.757686 0.352314 0.230999 0.542911 -0.807395 0.803027 0.362160 0.473274
-9.956557 -58.555795 674.057012 1428.110298 -0.612579 0.713983 0.339080 -0.112989 0.345487 -0.931597 0.782292 0.608989 0.130966
-9.365003 -61.362431 240.037182 1036.542149 -0.598800 0.722733 0.345102 0.081883 0.483881 -0.871295 0.796702 0.493473 0.348927
-8.838569 -63.459187 49.694656 -76.886505 -0.585415 0.736330 0.339275 0.297609 0.584440 -0.754890 0.754134 0.340953 0.561278
4.162726 -35.504659 -309.216809 -279.946580 -0.460800 0.876389 0.140018 0.879379 0.429565 0.205343 0.119814 0.217751 -0.968622
4.319724 -39.184595 -374.644006 -788.314369 -0.444033 0.884126 0.145452 0.868540 0.384823 0.312329 0.220164 0.265015 -0.938773
5.263693 -37.939057 -47.344835 -251.156752 -0.442084 0.877403 0.186348 0.886177 0.395097 0.242049 0.138749 0.272144 -0.952201
-2.857864 -123.482915 -468.184422 4501.094297 -0.120076 0.677827 -0.725349 -0.719760 0.443781 0.533857 -0.683760 -0.586181 -0.434586
2.153281 -113.079400 -237.075948 8749.624489 -0.138244 0.691778 -0.708753 -0.426588 0.604249 0.672983 -0.893818 -0.395381 -0.211571
-2.396591 -112.113469 -32.215544 2513.387414 -0.149802 0.724312 -0.673002 -0.662822 0.431506 0.611939 -0.733639 -0.537750 -0.415450
-4.754809 -116.332707 256.128153 2926.789178 -0.101352 0.710810 -0.696044 0.893497 -0.242630 -0.377880 -0.437482 -0.660212 -0.610516
-6.398388 -131.465763 -1003.589093 2271.852210 -0.094789 0.653515 -0.750955 0.930975 -0.208967 -0.299364 -0.352564 -0.727497 -0.588598
-3.562196 -145.216173 -657.470383 -7436.938670 -0.080162 0.639880 -0.764283 0.792871 -0.423752 -0.437938 -0.604094 -0.641084 -0.473373
-9.964490 -28.034175 826.382604 -5410.112356 0.810099 -0.439054 0.388551 0.562146 0.393426 -0.727467 -0.166532 -0.807742 -0.565526
98.768027 -1807.338801 -14120.461203 -512464.461793 0.225078 0.585396 -0.778878 0.925572 -0.378200 -0.016781 -0.304395 -0.717131 -0.626950
-1.585527 -88.395475 -1442.119665 -29886.223966 -0.140834 0.690886 -0.709114 0.939639 -0.132329 -0.315544 -0.311841 -0.710750 -0.630547
20.141463 -30.584809 111.362093 -110.715861 -0.516673 0.838018 0.175426 0.030640 0.222860 -0.974369 0.855635 0.498055 0.140823
19.361480 -30.008353 590.398760 -703.099653 -0.468143 0.857917 0.211707 0.094638 0.286881 -0.953280 0.878570 0.426236 0.215493
17.067870 -29.240395 -582.621078 80.262092 -0.339261 0.909292 0.241019 0.027727 0.265769 -0.963638 0.940284 0.320242 0.115377
-17.159525 -26.308254 -1592.097270 -52.201529 0.836884 -0.547372 -0.002837 -0.307450 -0.474340 0.824910 0.452878 0.689482 0.565257
-13.358737 -25.650864 -2162.135725 -60.054331 0.849287 -0.526843 0.033873 -0.278234 -0.392147 0.876816 0.448661 0.754093 0.479632
18.586294 4.099109 481.425352 -908.514714 0.531972 0.227115 0.815736 0.617077 -0.763670 -0.189800 0.579846 0.604340 -0.546398
17.593088 3.170460 -1553.674591 -177.491944 0.539507 0.356373 0.762844 0.655699 -0.746192 -0.115137 0.528196 0.562313 -0.636249
-3.345335 -65.448568 -199.639199 -2537.286204 0.734865 -0.628988 -0.253670 0.506793 0.757826 -0.410926 0.450705 0.173417 0.875666
-7.603153 -35.793587 54.925339 2331.081124 -0.241102 0.921990 0.302993 0.836369 0.039025 0.546776 -0.492297 -0.385242 0.780533
-6.320175 -32.295607 -144.429815 1805.007802 -0.279827 0.909794 0.306548 0.867445 0.102778 0.486801 -0.411382 -0.402134 0.817957
-6.945417 -32.984778 -46.679905 1461.555383 -0.222800 0.928976 0.295574 0.869415 0.052191 0.491318 -0.440997 -0.366442 0.819294
-7.023810 -34.120575 20.684537 3371.632138 -0.297380 0.906058 0.301037 0.843645 0.101743 0.527173 -0.447021 -0.410739 0.794648
-7.143201 -35.799519 331.474578 2465.244208 -0.230530 0.939003 0.255205 0.821924 0.047519 0.567611 -0.520861 -0.340611 0.782744
-6.762980 -33.929405 288.326424 435.925929 -0.244592 0.935927 0.253408 0.733815 0.007847 0.679304 -0.633790 -0.352107 0.688716
36.459558 -42.302990 -1322.430657 653.933345 -0.662612 0.748605 -0.023138 -0.658132 -0.567229 0.495090 -0.357502 -0.343280 -0.868534
43.168918 -52.603383 -63.657177 4541.804555 -0.614065 0.785827 0.073481 -0.686956 -0.577992 0.440473 -0.388607 -0.220001 -0.894754
47.879251 -67.535232 -378.664527 5834.027075 -0.587048 0.805059 0.085175 -0.767359 -0.586886 0.258312 -0.257944 -0.086282 -0.962299
2.561222 -7.884843 -489.562617 339.704388 0.135472 0.978777 0.153764 0.539802 -0.203053 0.816935 -0.830819 0.027670 0.555854
-8.877099 -30.037890 61.292620 506.768654 -0.348157 -0.586017 -0.731691 0.180052 0.724189 -0.665682 0.919983 -0.363504 -0.146618
-12.763650 -31.323880 -507.926555 337.423056 0.391441 0.710391 0.584909 0.105385 0.596840 -0.795409 0.914149 -0.372996 -0.158764
-14.252554 -29.624996 -622.006855 110.540013 0.356413 0.687656 0.632534 0.019961 0.671234 -0.740977 0.934115 -0.276719 -0.225511
-10.785705 -28.982085 70.621262 444.768889 -0.323756 -0.586567 -0.742376 0.096830 0.759974 -0.642700 0.941173 -0.279962 -0.189249
197.549115 -24.916446 36223.250194 -489.266318 0.402491 0.903331 0.148305 0.172839 -0.234082 0.956730 -0.898959 0.359442 0.250346
105.618238 -19.051253 -6294.620855 187.488615 -0.101537 0.970744 0.217592 0.166108 -0.199108 0.965797 -0.980866 -0.134208 0.141032
188.590286 -18.190066 -35700.668588 1069.240608 -0.580018 0.756338 0.302542 0.212575 -0.217996 0.952517 -0.786378 -0.616790 0.034337
1.818553 -31.768157 -53.022596 473.748919 0.219906 0.946641 -0.235611 -0.882644 0.295932 0.365190 -0.415428 -0.127653 -0.900624
2.975242 -30.597468 83.354383 234.691686 0.225661 0.942522 -0.246434 -0.907024 0.295576 0.299905 -0.355507 -0.155845 -0.921590
2.790693 -33.051715 320.585265 1328.909541 0.240163 0.939326 -0.244925 -0.926072 0.297351 0.232321 -0.291054 -0.171023 -0.941296
-21.876468 -56.109183 -206.315003 350.623250 0.607735 -0.689144 0.394636 0.574128 0.724606 0.381213 -0.548666 -0.005105 0.836026
9.679502 -45.676432 2540.448986 -3828.867433 0.757715 0.501699 0.417332 0.037971 0.604527 -0.795679 -0.651480 0.618745 0.439009
0.403595 -58.214685 2642.188104 3115.574913 0.777844 0.524360 0.346417 -0.076279 -0.468371 0.880233 -0.623811 0.711109 0.324322
0.522783 -47.227757 3631.147521 -3209.992671 0.797004 0.448866 0.404108 0.009604 0.659579 -0.751574 -0.603898 0.602888 0.521377
-8.679782 -59.017336 2762.381254 2699.200798 0.774669 0.517631 0.363243 -0.031776 -0.541829 0.839888 -0.631567 0.662178 0.403290
10.284417 -35.679224 2979.639332 -2488.654863 0.769125 0.424193 0.478023 0.033482 0.720194 -0.692965 -0.638220 0.548982 0.539716
4.995172 -34.980892 2915.599435 -2130.402808 0.782215 0.341114 0.521325 0.026583 0.817751 -0.574958 -0.622441 0.463600 0.630589
-5.888166 -48.018427 2474.828527 -3447.889774 0.775566 0.459421 0.432931 -0.045072 0.724364 -0.687943 -0.629655 0.514032 0.582499
28.777731 -10.729470 -1584.770404 1217.299286 -0.678607 0.733100 -0.045346 0.289764 0.323933 0.900613 -0.674929 -0.598023 0.432249
26.461724 -14.665244 3936.658917 -1194.559165 0.830192 -0.544348 0.120278 -0.145632 -0.420029 -0.895749 -0.538119 -0.726127 0.427979
41.014168 -15.568354 2722.579561 -30.009001 0.745569 -0.666109 0.020644 -0.200426 -0.253662 -0.946301 -0.635576 -0.701395 0.322628
-14.045942 -60.653069 -1033.408912 -2664.250812 0.517789 0.855441 0.010733 -0.600630 0.354564 0.716609 -0.609211 0.377499 -0.697393
-16.090557 -52.113010 -963.928014 -2039.233054 0.562536 0.826512 0.020757 -0.681376 0.449242 0.577848 -0.468273 0.339204 -0.815880
5.938793 -26.270563 -1400.338607 -354.969818 0.119408 0.989425 -0.082339 -0.667630 0.141400 0.730942 -0.734855 0.032309 -0.677454
5.990424 -27.768505 428.240370 -1294.058203 0.213454 0.973146 -0.086164 -0.635153 0.205247 0.744617 -0.742306 0.104214 -0.661908
7.198444 -30.425354 -1952.444962 -229.018680 0.108826 0.988905 -0.101115 -0.579468 0.145758 0.801855 -0.807696 0.028669 -0.588901
4.885949 -27.524752 -2833.787258 -863.001517 0.064110 0.994336 -0.084768 -0.684555 0.105625 0.721268 -0.726136 -0.011788 -0.687450
3.151956 -138.347974 23.880372 2637.166449 -0.188858 -0.386637 0.902687 0.981154 -0.036046 0.189836 -0.040860 0.921527 0.386158
2.136033 -140.957688 -147.709606 1161.833271 -0.169724 -0.378823 0.909773 0.914960 0.282391 0.288277 -0.366118 0.881333 0.298680
2.439041 -135.113673 243.979098 2013.201488 -0.161861 -0.381777 0.909971 0.959558 0.154337 0.235433 -0.230325 0.911277 0.341356
2.267907 -144.442735 605.868023 -2070.836568 -0.149188 -0.386523 0.910133 0.842771 0.431718 0.321491 -0.517185 0.814997 0.261344
-10.581559 -114.320311 2929.877816 -7464.820774 0.685668 0.698382 -0.205237 -0.478814 0.645093 0.595477 -0.548267 0.310029 -0.776714
-17.233588 -97.704431 -2682.294733 -3871.631285 -0.680269 -0.690790 0.245038 -0.564739 0.707090 0.425550 -0.467230 0.151105 -0.871128
-15.882423 -89.937580 -2156.738742 1959.932824 -0.673206 -0.701188 0.234795 -0.671135 0.712690 0.204085 -0.310438 -0.020188 -0.950379
-8.586783 -90.012439 -852.886629 1337.955364 -0.674773 -0.702278 0.226908 -0.705732 0.703946 0.080019 -0.215926 -0.106141 -0.970623
-11.738968 -30.733707 -179.516544 418.408292 -0.399955 0.914141 0.066205 -0.879382 -0.362382 -0.308816 0.258309 0.181732 -0.948815
-11.330185 -30.596330 182.188977 259.187092 -0.470151 0.877781 0.091972 -0.836066 -0.409560 -0.365040 0.282757 0.248518 -0.926438
-7.468183 -350.625560 -669.391608 -49722.563107 0.229459 0.144232 -0.962572 0.825455 -0.552851 0.113934 -0.515726 -0.820703 -0.245913
-2.484763 -265.101282 -1679.950449 -38954.106081 0.255272 0.136514 -0.957183 0.833275 -0.533182 0.146184 -0.490396 -0.834914 -0.249860
-2.529809 -191.285241 -773.283374 -11923.074527 0.258676 0.155581 -0.953353 0.936573 -0.281999 0.208103 -0.236468 -0.946716 -0.218659
