14227
28440
-74.511542 -111.854161 -2311.242910 -14952.747244 0.518022 0.501336 0.693048 0.503309 0.476472 -0.720871 0.691616 -0.722244 0.005504
-61.617583 -113.769941 -6456.463809 -29307.236104 -0.330895 -0.456328 -0.825998 0.666171 0.506999 -0.546963 0.668375 -0.731243 0.136229
-65.127765 -89.311491 -31.393496 -12840.048731 0.644018 0.590908 0.485869 0.438151 0.235718 -0.867445 0.627109 -0.771534 0.107100
-55.522677 -76.684947 -4861.907904 -15185.095391 -0.537711 -0.599858 -0.592484 0.585404 0.240100 -0.774373 0.606769 -0.763232 0.222055
-66.230159 -101.889189 2721.945295 -12156.446445 0.702879 0.564144 0.433248 0.321257 0.291654 -0.900962 0.634630 -0.772451 -0.023762
-52.370190 -74.543243 -956.151358 -8205.276950 0.821768 0.567513 0.051243 0.138108 -0.111118 -0.984164 0.552832 -0.815832 0.169692
-60.335586 -86.094995 264.313652 -10136.212735 0.799011 0.564971 0.205887 0.205256 0.065575 -0.976509 0.565200 -0.822501 0.063569
-50.696861 -146.760753 5199.380786 -9447.008900 0.367698 0.820036 0.438564 0.428084 0.269405 -0.862650 0.825556 -0.504937 0.251985
-33.911249 -140.885317 -15220.470205 16558.146192 0.455490 0.746270 0.485396 0.330604 0.364452 -0.870561 0.826577 -0.557006 0.080715
-37.637514 -116.182605 -8166.884849 36622.122440 0.394125 0.809490 0.435191 0.205270 0.384024 -0.900216 0.895840 -0.444130 0.014811
-18.215597 -105.412802 -29860.517624 53806.799342 0.514122 0.726474 0.455977 0.106540 0.473410 -0.874375 0.851075 -0.498115 -0.165992
-33.265399 -75.353225 -6145.498510 60830.032265 0.419244 0.891916 0.169473 -0.116024 0.237776 -0.964366 0.900429 -0.384642 -0.203169
85.608792 -119.502850 -15131.532327 17060.358836 -0.003060 0.390139 0.920751 -0.416555 0.836570 -0.355854 -0.909105 -0.384633 0.159954
57.414099 -82.592481 -20711.558622 7175.176903 -0.098167 0.378017 0.920579 -0.342203 0.855815 -0.387914 -0.934484 -0.353106 0.045345
72.497535 -105.486389 -13293.782490 1535.699399 -0.003379 0.554203 0.832374 -0.263971 0.802361 -0.535292 -0.964525 -0.221531 0.143582
-5.690039 -30.589878 1557.587431 1424.785070 -0.315271 -0.155050 -0.936250 0.571388 0.756683 -0.317720 0.757707 -0.635130 -0.149967
3.469648 -27.878577 5876.677631 450.608049 -0.442870 -0.291419 -0.847904 0.507966 0.697727 -0.505121 0.738808 -0.654409 -0.160971
-2.572749 -28.332928 3952.706203 -759.683815 -0.380644 -0.224867 -0.896964 0.519844 0.750167 -0.408671 0.764769 -0.621840 -0.168651
-9.880971 -31.273786 397.930489 -577.707720 -0.224891 -0.038579 -0.973620 0.578245 0.798958 -0.165224 0.784256 -0.600148 -0.157371
-12.445153 -75.572474 -6325.291477 2084.613715 -0.528161 -0.533313 -0.660775 0.742766 0.086956 -0.663880 0.411514 -0.841437 0.350200
-4.849782 -76.671653 -3477.586971 1393.173548 -0.544005 -0.532563 -0.648409 0.750660 0.036395 -0.659685 0.374923 -0.845607 0.379975
-15.280228 -74.545800 -5837.476167 369.413082 -0.538446 -0.529131 -0.655818 0.783401 -0.027632 -0.620902 0.310417 -0.848090 0.429400
-21.102439 -73.956550 -9079.215221 3040.639423 -0.502864 -0.526250 -0.685703 0.760077 0.108538 -0.640705 0.411596 -0.843374 0.345410
0.347387 -83.468953 -1613.367579 -4435.419545 -0.442769 -0.696907 -0.564159 0.682382 0.146250 -0.716217 0.581645 -0.702091 0.410802
1.098521 -76.687454 -1432.553693 -413.461538 -0.451488 -0.698714 -0.554939 0.734832 0.061630 -0.675443 0.506142 -0.712742 0.485612
1.185114 -78.650626 -1123.631423 -1221.148989 -0.460479 -0.702132 -0.543111 0.701976 0.086448 -0.706934 0.543312 -0.706779 0.453072
2.273279 -73.374440 -414.086930 -3100.894468 -0.465531 -0.700141 -0.541371 0.776136 -0.029004 -0.629898 0.425316 -0.713415 0.556907
1.251467 -126.832509 -1779.216396 -5620.147010 0.450339 0.682908 0.575179 0.279115 0.504238 -0.817214 0.848110 -0.528564 -0.036468
0.206920 -143.401760 -3871.766073 -14543.560766 0.451842 0.651149 0.609790 0.183654 0.601008 -0.777856 0.872989 -0.463459 -0.151975
-2.279622 -145.914575 -640.053679 -15938.283831 0.433155 0.663772 0.609740 0.265704 0.552396 -0.790101 0.861265 -0.504247 -0.062906
-7.537413 -172.964163 1138.502992 -4688.680729 0.589430 0.536762 0.603705 0.319902 0.531134 -0.784576 0.741779 -0.655578 -0.141355
-6.645010 -176.478293 2567.919653 -2401.447092 0.576708 0.555039 0.599449 0.309991 0.530214 -0.789164 0.755853 -0.640940 -0.133721
-8.803570 -177.764994 1997.996177 -13739.531805 0.583999 0.558550 0.589039 0.463086 0.366739 -0.806879 0.666706 -0.743992 0.044482
-5.985618 -168.673647 -3059.361174 15708.584448 -0.571252 -0.547193 -0.611761 0.117063 0.683408 -0.720590 0.812383 -0.483253 -0.326342
-6.275695 -165.421231 -902.412946 20255.879383 -0.588665 -0.523139 -0.616278 0.111372 0.702610 -0.702805 0.800668 -0.482353 -0.355339
-6.802140 -165.768258 2770.760828 4635.467769 -0.608864 -0.489944 -0.623891 0.255942 0.623088 -0.739091 0.750851 -0.609686 -0.253979
-10.282521 -174.201896 -1382.041434 -14031.527636 0.601708 0.507333 0.616896 0.425727 0.449782 -0.785145 0.675799 -0.735057 -0.054652
-6.264817 -65.274743 -10732.276720 1856.541904 -0.320823 0.827755 -0.460320 0.174691 0.529387 0.830200 -0.930890 -0.185933 0.314441
-1.050911 -72.015677 -10354.562124 4807.982204 -0.328897 0.777227 -0.536419 0.057257 0.583387 0.810173 -0.942628 -0.235750 0.236377
8.337702 -69.843169 -10124.881846 661.680835 -0.313774 0.826316 -0.467704 0.198647 0.538809 0.818672 -0.928485 -0.163970 0.333210
-3.337979 -62.893064 -9494.744697 -302.384343 -0.287552 0.886455 -0.362645 0.305686 0.443777 0.842388 -0.907673 -0.131375 0.398586
-19.388683 -49.739554 -16210.077520 -4192.567314 -0.095315 0.133061 -0.986514 -0.130599 0.980788 0.144907 0.986843 0.142650 -0.076106
-42.351288 -50.445734 761.796898 1851.645302 -0.101149 -0.126920 -0.986742 -0.258504 0.961115 -0.097125 0.960700 0.245252 -0.130025
-14.714046 -53.056079 -21566.834492 -2261.760325 -0.087914 0.270738 -0.958630 -0.193423 0.939400 0.283046 0.977169 0.210305 -0.030220
42.256623 -55.152476 -44083.118563 -5169.379589 -0.033166 0.230933 -0.972404 -0.140825 0.962153 0.233302 0.989479 0.144676 0.000611
39.440478 -50.203215 -14612.692272 -13112.818335 0.811502 0.542980 0.215957 0.462967 -0.371921 -0.804572 0.356548 -0.752893 0.553196
20.923319 -55.088790 -17858.529569 -12672.987837 0.835239 0.497807 0.233587 0.442338 -0.355894 -0.823211 0.326668 -0.790903 0.517456
25.489753 -38.115911 -19258.824893 -7559.791983 0.814848 0.516483 0.263188 0.494987 -0.383663 -0.779609 0.301679 -0.765537 0.568280
42.303642 -34.635108 -15681.163783 -6157.198826 0.797121 0.555042 0.237752 0.502218 -0.390839 -0.771376 0.335223 -0.734284 0.590298
37.689607 -179.992775 3979.716694 -17713.936857 0.502089 0.432959 0.748634 0.749731 0.213562 -0.626335 -0.431057 0.875750 -0.217375
40.626796 -161.684351 -833.468625 -27207.112923 0.485784 0.438097 0.756363 0.620565 0.436533 -0.651413 -0.615559 0.785818 -0.059807
36.584498 -155.452616 -3054.322506 -14870.690217 0.441461 0.477668 0.759569 0.693292 0.355806 -0.626696 -0.569612 0.803265 -0.174089
29.026413 -153.162594 -8443.311113 -8215.270059 0.404625 0.547205 0.732697 0.747632 0.263447 -0.609625 -0.526617 0.794457 -0.302510
34.099972 -167.449813 -1310.308503 -11210.792309 0.453911 0.497618 0.739149 0.788764 0.161496 -0.593103 -0.414508 0.852230 -0.319198
-31.612327 -304.975908 2634.453902 -29076.482473 -0.073665 0.580938 -0.810607 0.015005 0.813369 0.581554 0.997170 0.030677 -0.068634
-28.985134 -259.312677 -2533.089093 -44307.037164 -0.026441 0.565618 -0.824243 0.276103 0.796590 0.537784 0.960764 -0.213356 -0.177231
-28.874426 -264.508554 1394.191461 -45647.372439 -0.092390 0.558196 -0.824549 0.336766 0.796808 0.501682 0.937045 -0.231330 -0.261599
-28.007187 -295.294296 2046.480769 -17268.198655 -0.112676 0.588870 -0.800335 -0.036162 0.802501 0.595554 0.992973 0.096047 -0.069128
-25.838372 -319.478446 3117.046731 -4857.030493 -0.103847 0.606153 -0.788539 -0.316942 0.731326 0.603913 0.942743 0.312636 0.116170
-29.372709 -345.512853 940.505390 -9182.981975 -0.037596 0.597002 -0.801359 -0.279880 0.763540 0.581957 0.959298 0.246163 0.138383
-21.335933 -138.359618 -932.257842 10713.350620 0.177520 -0.562729 0.807355 -0.226853 0.774892 0.589983 -0.957614 -0.287885 0.009902
-21.686072 -133.547413 -243.834920 3819.882187 0.196262 -0.581432 0.789568 -0.076046 0.793778 0.603435 -0.977598 -0.178475 0.111573
-16.003210 -124.644499 -3652.298955 5756.428863 0.157917 -0.624814 0.764637 -0.063620 0.766307 0.639317 -0.985401 -0.149606 0.081262
318.595834 -40871.112053 -318688.117364 -34321280.940246 -0.014436 -0.352781 0.935594 0.178570 0.919740 0.349559 -0.983821 0.172115 0.049719
-30.962416 -957.947293 -4609.960192 -492327.325466 0.018297 -0.119759 0.992634 -0.373094 0.920271 0.117906 -0.927613 -0.372503 -0.027843
-44.704787 -564.231234 -27043.596671 -254005.011905 0.000253 -0.011091 0.999938 -0.245981 0.969214 0.010812 -0.969275 -0.245968 -0.002483
31.401982 -12555.075621 -86089.533974 14034938.843581 0.028711 -0.273722 0.961380 0.750208 0.641491 0.160240 -0.660578 0.716635 0.223767
-60.701587 -2704.451872 -24894.517236 1897279.703156 -0.003309 -0.263905 0.964543 0.852985 0.502679 0.140462 -0.521924 0.823206 0.223444
23.994704 -83.336416 -7290.234689 2647.263673 -0.291021 0.758304 -0.583337 0.003740 0.610625 0.791911 -0.956709 -0.228281 0.180541
24.509137 -94.314136 -2997.859539 10829.923079 -0.258830 0.737106 -0.624245 -0.111478 0.619154 0.777317 -0.959468 -0.270783 0.078084
21.770807 -94.767715 2440.373137 8485.247725 -0.207998 0.725437 -0.656109 -0.078368 0.656263 0.750451 -0.974985 -0.207510 0.079651
-17.457168 -58.122217 355.444382 450.575803 -0.040347 0.761614 0.646773 0.787728 -0.373975 0.489518 -0.614700 -0.529232 0.584856
-19.432902 -59.781585 2160.584844 -161.696145 -0.040071 0.748799 0.661584 0.815543 -0.358042 0.454637 -0.577307 -0.557768 0.596331
-17.756997 -58.076719 -158.030762 -73.188854 -0.002680 -0.739860 -0.672756 0.847402 -0.358879 0.391299 -0.530944 -0.569046 0.627921
-17.360583 -56.115952 527.618014 509.876867 0.016623 0.762184 0.647146 0.821442 -0.379418 0.425765 -0.570050 -0.524516 0.632397
-3.935059 -193.713196 313.306604 -2023.146703 0.587342 0.601369 0.541650 0.309240 0.451719 -0.836851 0.747930 -0.659018 -0.079346
-5.591252 -181.454522 2852.667241 -10939.951090 0.578770 0.618461 0.531536 0.468531 0.281297 -0.837467 0.667460 -0.733742 0.126962
-4.412272 -186.547798 -377.291234 -10083.742568 0.588698 0.589338 0.553277 0.360026 0.421659 -0.832217 0.723752 -0.689118 -0.036052
-2.911143 -181.922403 130.764319 8766.081666 0.585164 0.590536 0.555743 0.173646 0.578180 -0.797217 0.792105 -0.563005 -0.235785
-24.097431 -60.748975 -1320.040324 1758.512306 -0.260561 -0.252479 -0.931859 0.726948 0.583863 -0.361458 0.635338 -0.771595 0.031407
-26.659033 -63.918422 -1120.343511 2017.452690 -0.315830 -0.317031 -0.894283 0.767294 0.469091 -0.437279 0.558132 -0.824284 0.095103
-25.626681 -63.134383 -397.257637 1525.416882 -0.275500 -0.248444 -0.928642 0.786346 0.497430 -0.366365 0.552955 -0.831167 0.058321
-19.571888 -53.742321 1939.214322 2483.026162 -0.231306 -0.161536 -0.959377 0.684799 0.673418 -0.278493 0.691048 -0.721398 -0.045146
-21.226914 -58.410365 -2051.194800 1951.937645 -0.209783 -0.213693 -0.954110 0.678645 0.670661 -0.299425 0.703869 -0.710316 0.004328
-16.343564 -56.892046 3955.112011 3259.385637 -0.293786 -0.188512 -0.937098 0.719246 0.602117 -0.346613 0.629583 -0.775834 -0.041307
1760.684020 -10982.386883 -640607.314224 5820435.606695 0.509060 0.266162 -0.818545 -0.309994 0.943864 0.114123 0.802970 0.195649 0.562992
16861.627007 -14495.955178 -10079698.343616 -6641752.082359 -0.405548 0.483185 -0.775927 0.712771 0.698607 0.062497 0.572266 -0.527713 -0.627719
-275.542903 -761.873884 25332.675216 -368486.278214 0.670836 0.378273 -0.637879 0.707728 -0.069543 0.703054 0.221586 -0.923078 -0.314367
-65.621127 -1300.810727 18743.573213 -774167.274927 0.555163 0.309735 -0.771919 0.828995 -0.281414 0.483294 -0.067536 -0.908224 -0.412999
-390.705139 -1187.939188 59934.507391 -565244.623569 0.434548 0.362212 -0.824603 0.900521 -0.190137 0.391037 -0.015150 -0.912497 -0.408803
-352.446750 -1438.300355 -67226.296619 701333.260636 0.955248 -0.023311 -0.294887 -0.280222 0.247991 -0.927349 -0.094747 -0.968482 -0.230360
28.360274 -314.691741 -2578.276523 -91497.376139 0.924769 0.075113 0.373043 0.354321 0.187556 -0.916122 0.138779 -0.979378 -0.146832
33.457608 -482.013870 -8299.891273 -150272.243582 0.937191 0.087578 0.337644 0.249976 0.506478 -0.825222 0.243281 -0.857793 -0.452774
27.683078 -402.463992 -3350.774451 -132041.197167 0.942749 0.083278 0.322938 0.249222 0.467533 -0.848117 0.221613 -0.880044 -0.420011
-3.072410 -37.706203 7079.385103 -8952.683874 0.439051 0.723526 0.532676 0.302812 0.439025 -0.845909 0.845895 -0.532698 0.026338
1.155374 -29.393636 6952.019838 -4954.119776 0.391221 0.650332 0.651164 0.409287 0.510783 -0.756032 0.824276 -0.562288 0.066344
-9.673403 -40.722882 6790.737819 -9454.346348 0.468574 0.767245 0.437919 0.269016 0.348241 -0.897975 0.841468 -0.538575 0.043224
-13.531820 -54.272163 5212.773817 -9381.676427 0.491443 0.800431 0.343213 0.138228 0.317402 -0.938162 0.859870 -0.508495 -0.045343
-3.971952 -48.984910 6220.392500 -9455.461137 0.455584 0.751323 0.477448 0.214398 0.427947 -0.878006 0.863989 -0.502370 -0.033883
-61.148759 -93.954083 -1308.413977 687.219603 -0.850633 0.244461 0.465469 0.341733 0.929884 0.136139 -0.399552 0.274870 -0.874531
-60.258583 -92.435273 -3024.661922 -1074.535959 -0.831219 0.246504 0.498309 0.291791 0.956385 0.013626 -0.473216 0.156728 -0.866893
-66.224958 -95.199263 -5602.624158 2110.351250 -0.822424 0.175308 0.541189 0.310689 0.935339 0.169156 -0.476541 0.307260 -0.823711
-87.495128 -132.402608 2797.803106 -3988.603553 -0.670979 0.741304 -0.015958 -0.352261 -0.337634 -0.872878 0.652456 0.580061 -0.487678
-91.268654 -133.511601 3665.046008 6687.336437 -0.728044 0.666887 -0.158786 -0.375111 -0.581414 -0.721976 0.573797 0.466068 -0.673452
-85.519425 -128.854901 -1504.436922 -5340.621942 0.749187 -0.661937 0.023602 0.396943 0.477220 0.784026 0.530240 0.578014 -0.620279
-76.991521 -118.672739 -6261.479455 7936.435758 0.689528 -0.693525 -0.208744 0.446387 0.179980 0.876554 0.570342 0.697589 -0.433681
-14.966078 -71.412686 4933.483376 -1808.698169 0.367043 0.745187 0.556754 0.836303 -0.002297 -0.548263 -0.407280 0.666851 -0.624045
-17.426103 -68.835185 5642.673068 -2080.221558 0.351341 0.745558 0.566306 0.790680 0.087640 -0.605925 -0.501383 0.660653 -0.558706
-12.495268 -68.274516 3813.673827 -2372.140189 0.374765 0.742226 0.555564 0.781718 0.069206 -0.619780 -0.498465 0.666566 -0.554276
28.037589 -62.114288 -7701.257163 -3789.919129 0.609834 0.585331 0.534312 -0.542885 0.799697 -0.256438 -0.577389 -0.133685 0.805450
36.883093 -65.274650 -11137.848330 -1316.802133 0.588320 0.609111 0.531848 -0.613214 0.764806 -0.197586 -0.527113 -0.209893 0.823467
19.217048 -64.387942 -433.734336 -2332.835757 0.592035 0.607691 0.529345 -0.566953 0.780861 -0.262335 -0.572764 -0.144803 0.806829
23.405807 -62.175355 -1559.577840 1310.928752 0.617350 0.583814 0.527295 -0.482890 0.810362 -0.331861 -0.621045 -0.049751 0.782195
16.166820 -69.328451 -47.088433 -3061.236350 0.592622 0.536931 0.600420 -0.189380 0.817402 -0.544049 -0.782901 0.208707 0.586094
18.729279 -63.370743 822.511664 -4099.408929 0.607144 0.560760 0.562960 -0.283364 0.814708 -0.505920 -0.742348 0.147644 0.653545
17.405226 -65.546074 182.856399 -3470.947691 0.582333 0.561750 0.587644 -0.302963 0.820742 -0.484351 -0.754388 0.104019 0.648135
9.400452 -144.128740 -3154.899456 504.439838 0.402082 0.566241 0.719515 0.662886 0.362053 -0.655362 -0.631595 0.740466 -0.229778
9.254562 -148.033269 -1816.911121 -13614.214070 0.378265 0.554315 0.741384 0.624003 0.438892 -0.646525 -0.683766 0.707184 -0.179877
5.651335 -146.087333 -1609.754857 1194.179139 0.359376 0.548782 0.754776 0.753947 0.305879 -0.581380 -0.549921 0.777995 -0.303827
4.630277 -132.572028 -2417.733092 11905.916413 0.377187 0.553300 0.742691 0.809588 0.192467 -0.554548 -0.449775 0.810442 -0.375349
10.509740 -134.473448 440.699741 2814.393646 0.450595 0.547647 0.705016 0.662295 0.324474 -0.675338 -0.598606 0.771232 -0.216498
-0.436817 -141.524673 1541.412362 -20135.325930 -0.345561 -0.601127 -0.720579 -0.564196 0.746686 -0.352340 0.749847 0.284793 -0.597178
0.116238 -146.137801 494.808533 -23979.408100 -0.323438 -0.614803 -0.719308 -0.569177 0.733677 -0.371153 0.755927 0.289369 -0.587232
-2.301052 -166.015720 1346.671191 -30227.006229 -0.340557 -0.601654 -0.722519 -0.663055 0.698516 -0.269137 0.666618 0.387413 -0.636814
20.047020 -118.304913 3414.530506 12325.253089 0.519231 0.566361 0.640027 0.068517 0.718894 -0.691735 -0.851883 0.403023 0.334467
11.370052 -116.116669 4017.313302 7006.738825 0.546194 0.556886 0.625739 0.059103 0.719528 -0.691944 -0.835571 0.414919 0.360089
15.574984 -117.515070 2996.033503 1516.017086 0.522135 0.579202 0.626019 -0.121729 0.777117 -0.617472 -0.844131 0.246199 0.476266
9.318574 -108.734392 2060.429064 -9179.658259 0.535760 0.586908 0.607042 -0.269803 0.800232 -0.535569 -0.800105 0.123155 0.587082
15.886905 -110.251270 2129.787598 -12880.429743 0.516774 0.594533 0.616016 -0.287987 0.798330 -0.528897 -0.806231 0.095916 0.583774
-19.793616 -68.675707 553.493755 519.042798 0.567550 0.512432 0.644438 0.285858 0.611382 -0.737900 -0.772122 0.603013 0.200507
-19.957400 -65.854702 486.062062 -2200.451134 0.551476 0.535990 0.639209 0.203265 0.656826 -0.726129 -0.809047 0.530371 0.253276
-16.758975 -66.708197 1530.933541 -2445.548504 0.575951 0.497905 0.648360 0.227224 0.664358 -0.712038 -0.785270 0.557422 0.269502
106.355986 -80.118790 15292.567754 1953.543183 -0.608040 -0.729513 -0.313205 0.785373 -0.610404 -0.102938 -0.116087 -0.308573 0.944090
222.674581 -56.374423 64516.583088 5597.651335 -0.404967 -0.866779 -0.291026 0.911786 -0.359103 -0.199228 0.068178 -0.346034 0.935742
119.565606 -84.348843 42374.083373 1131.706025 -0.585130 -0.688846 -0.427918 0.804163 -0.560954 -0.196601 -0.104614 -0.459153 0.882176
156.999752 -53.922850 14641.858579 8652.242195 -0.472076 -0.865864 -0.165600 0.880163 -0.452375 -0.143771 0.049573 -0.213626 0.975657
110.881588 -59.321475 5635.797031 -12755.790480 0.581181 0.796780 0.165439 0.796661 -0.598551 0.084069 -0.166008 -0.082939 0.982630
92.314977 -72.731097 -16624.713473 11449.175249 0.631064 0.689919 0.354640 -0.707566 0.699333 -0.101410 -0.317977 -0.186935 0.929487
-4.220860 -63.689575 -4309.714785 5059.718727 0.323433 0.752866 0.573222 -0.704535 -0.212799 0.677014 -0.631682 0.622823 -0.461594
-6.428533 -65.699830 -3894.915322 -1317.146449 0.306289 0.745765 0.591627 0.784012 0.154876 -0.601114 -0.539918 0.647957 -0.537252
1.211854 -62.719541 -6963.431436 -1848.789070 0.293072 0.760234 0.579787 0.766494 0.175649 -0.617765 -0.571486 0.625453 -0.531237
-11.258482 -64.461239 -3689.464488 -5785.199070 0.339185 0.747732 0.570834 0.705917 0.198778 -0.679829 -0.621799 0.633549 -0.460414
4.261636 -61.337226 -7215.240077 3206.462837 0.310459 0.760592 0.570189 -0.712242 -0.211126 0.669431 -0.629545 0.613943 -0.476179
98.319200 -54.805707 -12499.211493 3828.457601 0.090404 0.961066 0.261110 -0.412867 0.274760 -0.868359 0.906293 0.029300 -0.421632
73.975213 -56.535467 -29630.665560 1966.863470 0.266237 0.925355 0.269880 -0.436390 0.365361 -0.822238 0.859466 -0.101137 -0.501088
94.102531 -59.977337 -36116.716427 1058.690544 0.290192 0.920209 0.262685 -0.327850 0.353484 -0.876107 0.899057 -0.168118 -0.404269
9.448946 -363.368408 2290.517747 -6089.855416 0.727580 0.664430 -0.170761 -0.678765 0.661115 -0.319695 0.099522 -0.348510 -0.932006
2.022342 -381.471259 1924.729806 -18491.277917 0.715372 0.677761 -0.169950 -0.684232 0.630166 -0.367040 0.141669 -0.378855 -0.914548
5.282955 -370.442169 -2881.080383 6701.272477 -0.749822 -0.643173 0.155229 -0.650391 0.759579 0.005566 -0.121488 -0.096786 -0.987863
-0.849987 -329.094499 -1719.484495 10030.295447 -0.746237 -0.646989 0.156635 -0.591541 0.752424 0.289719 -0.305301 0.123544 -0.944208
4.522403 -375.891860 -4146.871262 25826.738691 -0.766164 -0.621012 0.165337 -0.537372 0.760192 0.365156 -0.352455 0.190922 -0.916146
9.460006 -414.685438 -2275.989011 27182.710461 -0.740254 -0.647729 0.180194 -0.654146 0.755793 0.029495 -0.155295 -0.096040 -0.983189
-15.771435 -230.071646 1595.538717 26809.067020 0.752086 0.626473 -0.204692 0.043373 0.262858 0.963859 -0.657636 0.733783 -0.170520
-16.037371 -275.156362 4331.175440 39964.828303 0.765201 0.617321 -0.182707 -0.084422 0.377565 0.922127 -0.638232 0.690188 -0.341029
-13.572139 -232.939186 -770.353549 23907.840057 0.735599 0.650643 -0.188566 -0.123965 0.402952 0.906787 -0.665978 0.643656 -0.377068
-13.575026 -225.249478 -3252.673891 20671.264151 0.718486 0.661352 -0.215387 0.024161 0.285750 0.958000 -0.695121 0.693514 -0.189328
-4.271983 -51.726908 1769.078122 1676.942686 0.003324 0.853403 0.521241 0.915413 -0.212399 0.341914 0.402501 0.476014 -0.781923
4.574501 -49.087846 6026.534634 3342.407400 0.022389 0.841541 0.539729 0.884632 -0.268182 0.381451 0.465753 0.468921 -0.750458
-1.863899 -45.055168 1605.131009 -2010.028001 -0.097021 0.875484 0.473407 -0.874224 0.152392 -0.460987 0.475730 0.458589 -0.750585
0.867552 -41.176684 1470.848635 -1937.042838 -0.201400 0.887917 0.413572 -0.819694 0.078364 -0.567416 0.536228 0.453280 -0.712038
-5.376284 -42.037037 213.578546 -251.066551 -0.207260 0.893034 0.399416 -0.855745 0.032351 -0.516385 0.474071 0.448824 -0.757505
-7.302447 -46.665185 504.722178 599.698310 -0.081072 0.877412 0.472837 0.906287 -0.132544 0.401343 0.414815 0.461064 -0.784442
43.646135 -657.964154 25637.832726 -229224.367050 0.704372 0.652781 -0.278814 0.215489 -0.570898 -0.792237 0.676332 -0.497948 0.542792
78.237079 -664.270688 35955.178383 122591.771488 0.731698 0.647128 -0.214112 -0.392281 0.656667 0.644131 0.557435 -0.387317 0.734337
59.915371 -490.535497 28078.410653 67426.321767 0.716452 0.589155 -0.373622 -0.356857 0.769679 0.529383 0.599458 -0.245948 0.761682
20.261672 -400.539962 12201.834633 24326.462931 0.706202 0.591310 -0.389400 -0.279194 0.738002 0.614332 0.650638 -0.325124 0.686268
-18.320370 -1609.014539 9365.680162 997171.274116 0.575339 0.800451 0.168119 0.799938 -0.507820 -0.319715 -0.170542 0.318429 -0.932480
5.654118 -712.431833 -14162.738754 286596.317142 0.466857 0.866186 0.178230 0.831151 -0.360940 -0.422978 -0.302047 0.345606 -0.888439
-6.433997 -324.855167 -5529.592459 58927.580574 0.600124 0.789955 0.125785 0.799907 -0.592612 -0.094658 -0.000234 0.157423 -0.987531
-13.636150 -333.485538 7101.905317 62060.913429 0.637525 0.755273 0.152066 0.766633 -0.641474 -0.028014 0.076389 0.134438 -0.987973
-21.456887 -367.400384 8094.206176 55018.698910 0.650675 0.749095 0.124413 0.757299 -0.628091 -0.178885 -0.055859 0.210614 -0.975972
-13.583688 -63.416819 4631.349524 -4521.402575 0.587494 0.808691 -0.029498 0.177710 -0.093368 0.979644 -0.789475 0.580777 0.198566
-21.383299 -69.453313 6989.706471 -4877.828163 0.545730 0.829437 -0.119220 0.286219 -0.050790 0.956817 -0.787564 0.556287 0.265118
-9.865984 -70.918438 9786.511913 -3294.812674 0.586686 0.807406 -0.062408 0.293954 -0.140520 0.945434 -0.754579 0.573018 0.319782
-20.764017 -60.406906 4589.910390 -5513.543408 0.546459 0.833269 -0.083938 0.167010 -0.010213 0.985902 -0.820665 0.552773 0.144745
11.559655 -93.158240 2265.724130 -1991.199060 0.570392 0.456707 0.682694 0.242567 0.700430 -0.671237 -0.784738 0.548467 0.288738
13.042356 -93.046236 2772.370179 -2056.544360 0.563523 0.455770 0.688996 0.194719 0.737252 -0.646950 -0.802824 0.498731 0.326712
13.416811 -95.455330 2826.700584 -362.996946 0.562547 0.454014 0.690950 0.324045 0.647781 -0.689474 -0.760615 0.611760 0.217287
10.230278 -96.124685 4467.866812 -1005.800288 0.582603 0.443860 0.680854 0.367713 0.603122 -0.707835 -0.724818 0.662746 0.188168
24.013217 -213.422198 -7125.841551 -16684.081059 0.388257 0.907569 -0.159920 -0.199519 0.252201 0.946883 -0.899694 0.335727 -0.278996
14.229668 -209.290018 -4457.000547 -16252.101385 0.371931 0.915020 -0.156221 -0.348807 0.293726 0.889977 -0.860233 0.276519 -0.428412
43.796045 -189.366858 -8426.190460 35452.285860 0.397207 0.917665 0.010819 -0.467170 0.192037 0.863061 -0.789923 0.347868 -0.504984
54.714220 -148.752488 -10174.695045 38472.690635 0.411902 0.906691 0.090816 -0.327926 0.054508 0.943130 -0.850177 0.418258 -0.319779
38.049835 -127.306475 -7752.481133 18870.562900 0.403524 0.914205 0.037399 -0.219220 0.056916 0.974014 -0.888319 0.401236 -0.223379
14.426972 -243.871924 1028.318616 -90564.966427 0.406118 0.873764 -0.267591 -0.082183 0.326562 0.941596 -0.910118 0.360408 -0.204431
-69.900542 -135.579337 -4973.954544 -30631.177050 -0.264228 -0.335566 -0.904201 0.620297 0.658766 -0.425745 0.738523 -0.673366 0.034086
-35.467473 -136.296133 -22117.792679 -29682.068061 -0.215998 -0.465851 -0.858096 0.606336 0.624852 -0.491851 0.765312 -0.626533 0.147495
-43.921128 -108.930466 -15243.459957 -34622.840971 -0.236633 -0.491326 -0.838215 0.732408 0.476674 -0.486169 0.638423 -0.728959 0.247054
-37.402160 -149.021690 -7919.199187 -17797.131022 0.431363 0.734954 0.523229 0.517954 0.273110 -0.810638 0.738681 -0.620688 0.262863
-17.531208 -142.167821 -33900.938095 13411.576024 0.512473 0.662044 0.546872 0.360483 0.412157 -0.836766 0.779374 -0.625958 0.027436
94.290240 -145.639095 -15051.691084 33385.364103 -0.020994 0.244155 0.969509 -0.544530 0.810479 -0.215897 -0.838479 -0.532459 0.115934
99.052469 -162.176683 -22045.068556 31378.699135 -0.060110 0.112418 0.991841 -0.690812 0.712560 -0.122630 -0.720532 -0.692547 0.034827
68.447088 -133.745209 -22105.121011 36633.221534 -0.088173 0.069494 0.993678 -0.547617 0.829907 -0.106633 -0.832070 -0.553557 -0.035119
9.214120 -30.207933 7275.845826 3215.482639 -0.489991 -0.348469 -0.799048 0.498405 0.640041 -0.584756 0.715193 -0.684775 -0.139936
-0.415845 -32.441061 3289.160934 2996.625817 -0.399223 -0.251162 -0.881782 0.559273 0.695386 -0.451278 0.726522 -0.673317 -0.137146
6.767108 -37.886115 5300.181046 4891.015147 -0.463934 -0.319465 -0.826261 0.554910 0.622248 -0.552161 0.690536 -0.714667 -0.111408
-3.698896 -39.117852 3961.736953 4147.962254 -0.374606 -0.220821 -0.900505 0.604697 0.678060 -0.417824 0.702860 -0.701052 -0.120475
-8.974666 -35.752697 2446.962883 2673.859117 -0.277209 -0.110956 -0.954381 0.610655 0.746538 -0.264163 0.741792 -0.656026 -0.139192
-29.486056 -72.868631 -7230.745337 -2651.496393 -0.522962 -0.501534 -0.689184 0.825115 -0.095097 -0.556904 0.213766 -0.859895 0.463555
-38.123691 -71.358215 -5552.817499 -757.397486 -0.495115 -0.464340 -0.734336 0.858565 -0.131962 -0.495432 0.133145 -0.875771 0.464002
-37.626466 -73.241212 -5489.262245 -2114.488462 -0.487219 -0.455092 -0.745325 0.853609 -0.068056 -0.516450 0.184308 -0.887840 0.421629
-34.067852 -72.771606 -5422.042150 -849.007729 -0.481331 -0.463786 -0.743790 0.835053 0.015338 -0.549955 0.266470 -0.885815 0.379903
15.632542 -68.427844 -445.510538 -1867.409960 0.680861 0.553703 0.479417 -0.229237 0.782789 -0.578525 -0.695613 0.283995 0.659901
12.606724 -73.744980 -854.397882 -2340.933995 0.680860 0.538269 0.496685 -0.122288 0.752176 -0.647516 -0.722133 0.380129 0.577950
12.051759 -70.331022 6027.465352 -2282.817443 0.718632 0.548739 0.427145 -0.187641 0.744486 -0.640728 -0.669596 0.380297 0.637977
14.758600 -72.780681 -5255.970212 -3447.674343 0.656162 0.532076 0.535113 -0.151563 0.787589 -0.597271 -0.739243 0.310803 0.597429
15.827212 -66.463120 3465.421346 -2439.882396 0.709356 0.564215 0.422463 -0.291710 0.780626 -0.552746 -0.641654 0.268857 0.718329
17.171459 -68.770086 -5938.518870 -2801.583790 0.652353 0.558232 0.512653 -0.256727 0.799165 -0.543531 -0.713111 0.222962 0.664651
17.688085 -66.260224 -430.565129 -100.124316 0.671485 0.571817 0.471310 -0.319768 0.797363 -0.511821 -0.668473 0.192970 0.718266
-1.758244 -89.733727 -473.553382 -4801.807802 0.452514 0.686946 0.568626 0.505270 0.327908 -0.798235 0.734801 -0.648522 0.198710
-3.993702 -96.688112 696.251107 -6730.541603 0.451933 0.677142 0.580720 0.440108 0.396996 -0.805418 0.775926 -0.619575 0.118600
-2.527327 -102.506953 -737.503690 -7054.602635 0.443692 0.673702 0.590985 0.417155 0.428392 -0.801537 0.793171 -0.602168 0.090964
-2.792804 -102.697484 -272.442990 -6049.027969 0.435090 0.678038 0.592419 0.428935 0.422415 -0.798486 0.791651 -0.601523 0.107046
-4.848005 -162.909549 2162.128367 -16054.010478 -0.436536 -0.622141 -0.649905 0.103000 0.683060 -0.723063 0.893771 -0.382583 -0.234100
0.285338 -148.863799 4924.470394 -6523.923443 -0.459577 -0.610562 -0.644983 -0.008488 0.729205 -0.684242 0.888097 -0.308988 -0.340308
-5.815481 -163.102522 3380.514306 2662.524512 -0.447538 -0.583179 -0.677947 -0.135505 0.793575 -0.593192 0.883939 -0.173611 -0.434178
1.567368 -149.203364 4065.071897 1230.866844 -0.457519 -0.579142 -0.674737 -0.185474 0.804279 -0.564566 0.869641 -0.133154 -0.475389
5.121648 -141.685172 5083.543351 -2392.111454 -0.457203 -0.604564 -0.652279 -0.085577 0.759925 -0.644353 0.885235 -0.238780 -0.399177
-5.992239 -177.564767 1418.907322 -3843.459824 0.579294 0.562126 0.590282 0.312145 0.515980 -0.797703 0.752984 -0.646358 -0.123439
9.317811 -115.518555 -1795.497368 12980.927880 -0.541222 -0.648567 -0.535200 0.828594 -0.302940 -0.470808 0.143217 -0.698275 0.701356
11.398931 -128.632739 -2042.995117 11908.611910 -0.579342 -0.626168 -0.521801 0.814996 -0.435574 -0.382175 0.012023 -0.646675 0.762671
8.005965 -119.763374 -2422.698995 12377.006742 -0.574399 -0.638359 -0.512408 0.816747 -0.405129 -0.410847 0.054676 -0.654498 0.754084
5.978766 -108.069902 -2096.807828 12360.337500 -0.543520 -0.656162 -0.523486 0.827803 -0.315715 -0.463751 0.139023 -0.685402 0.714771
4.065923 -116.090240 -2490.644884 13740.219961 -0.574135 -0.643060 -0.506797 0.817010 -0.409511 -0.405950 0.053512 -0.647128 0.760501
-0.010795 -82.693953 -8276.087961 7928.321716 -0.320086 0.734169 -0.598783 -0.101748 0.601740 0.792185 -0.941909 -0.314492 0.117908
-12.465603 -73.690005 -7693.385735 6925.756312 -0.310379 0.730072 -0.608819 -0.060178 0.624074 0.779044 -0.948706 -0.278436 0.149766
-6.569329 -87.674568 -4991.308960 10435.306575 -0.292836 0.686523 -0.665532 -0.203235 0.635449 0.744916 -0.934314 -0.353398 0.046557
-24.040729 -61.764796 -3641.788437 4668.920610 -0.266980 0.726515 -0.633165 -0.013948 0.654031 0.756339 -0.963601 -0.210759 0.164480
-17.052944 -73.276397 2269.232823 8084.405488 0.257104 -0.654627 0.710887 -0.144201 0.701392 0.698036 -0.955565 -0.281978 0.085933
-37.909043 -54.778684 6612.583711 3129.606614 0.009599 -0.659151 -0.751949 -0.333622 0.706785 -0.623820 0.942658 0.256855 -0.213123
-44.428367 -52.117657 -5082.327821 2114.986892 -0.150826 0.817381 0.556003 -0.327099 0.489492 -0.808334 0.932876 0.303786 -0.193536
-28.135907 -52.895166 -15398.921755 855.226649 -0.151716 0.342314 -0.927256 -0.265513 0.889521 0.371826 0.952095 0.302611 -0.044066
-45.417603 -49.800076 4119.641039 3013.173078 -0.360006 0.861606 -0.357813 0.014821 -0.378199 -0.925606 0.932832 0.338527 -0.123384
61.809792 -58.055701 -10478.491425 10488.217675 0.698297 0.667835 0.257638 0.647595 -0.436071 -0.624871 0.304962 -0.603190 0.736994
53.310808 -65.752592 11782.825510 3705.213206 -0.671935 -0.676592 -0.301208 0.708809 -0.469597 -0.526373 0.214693 -0.567187 0.795114
63.018981 -72.468214 -323.725588 12310.185485 -0.645262 -0.736171 -0.204178 0.685957 -0.440650 -0.579043 0.336304 -0.513692 0.789316
41.618539 -51.470207 -17823.936079 6472.463842 0.727966 0.603525 0.325304 0.649011 -0.453641 -0.610733 0.221022 -0.655719 0.721930
63.930933 -52.889023 645.479725 13801.654051 0.695900 0.699125 0.164159 0.594657 -0.432825 -0.677529 0.402625 -0.569110 0.716943
55.478292 -44.167628 -10435.017993 8270.833475 0.738047 0.629467 0.243019 0.592841 -0.432944 -0.679043 0.322222 -0.645237 0.692707
-23.808450 -217.857734 -1303.661395 -42654.446537 -0.044015 0.561530 -0.826285 0.482915 0.735997 0.474448 0.874560 -0.378142 -0.303567
-19.495868 -257.480326 -6687.953782 -65377.329304 0.041314 0.579155 -0.814170 0.438373 0.721739 0.535650 0.897843 -0.379040 -0.224068
-83.984624 -1033.816240 -21046.214501 -548320.018503 0.113526 -0.078154 0.990456 -0.630010 0.765185 0.132590 -0.768244 -0.639050 0.037630
-29.285992 -1367.218926 1404.561856 -815481.232591 0.068649 -0.185810 0.980185 -0.484559 0.852618 0.195565 -0.872061 -0.488383 -0.031504
-21.703746 -480.134867 -8228.122265 -221392.499810 -0.010820 -0.080115 0.996727 -0.595303 0.801409 0.057953 -0.803428 -0.592728 -0.056364
-32.809919 -2982.003821 -69388.552898 -2248554.440950 0.186129 -0.226198 0.956133 -0.644125 0.706749 0.292590 -0.741929 -0.670329 -0.014153
-29.591127 -981.529676 -17309.381397 -511624.771043 -0.018063 -0.124164 0.992097 -0.330764 0.937132 0.111262 -0.943540 -0.326141 -0.057996
-15.745372 -55.871480 -1520.977844 791.433168 -0.095483 -0.714594 -0.692992 0.893142 -0.368890 0.257329 -0.439524 -0.594369 0.673457
-11.794924 -51.097727 -3102.713402 673.037267 -0.228619 -0.682910 -0.693806 0.898511 -0.422334 0.119630 -0.374714 -0.596043 0.710156
-15.526219 -52.614792 -1159.393757 1149.867017 -0.132542 -0.725800 -0.675016 0.873971 -0.406829 0.265830 -0.467556 -0.554711 0.688250
-4.841024 -188.519192 874.051213 -12826.386299 0.587288 0.618620 0.521922 0.481667 0.251098 -0.839611 0.650453 -0.744486 0.150502
28.691734 -504.642903 2423.208609 -144945.982810 0.938508 0.064363 0.339204 0.179391 0.748534 -0.638370 0.294993 -0.659965 -0.690959
32.398163 -438.698301 -8181.794482 -23687.535916 0.944889 0.088136 0.315303 0.110049 0.821537 -0.559434 0.308340 -0.563302 -0.766562
39.913944 -470.764461 -9704.274454 -94893.085788 0.918991 0.136991 0.369716 0.218817 0.602835 -0.767274 0.327987 -0.786017 -0.524024
-2.795967 -33.904153 5871.685416 -4220.640550 0.423333 0.701211 0.573665 0.390359 0.430233 -0.813953 0.817563 -0.568509 0.091592
-59.436197 -92.615752 31.290447 -1061.533557 -0.857157 0.300821 0.418078 0.327449 0.944831 -0.008492 -0.397568 0.129620 -0.908372
-57.826237 -90.988696 509.421665 -1832.728899 -0.823620 0.303598 0.479040 0.273633 0.952561 -0.133237 -0.496765 0.021344 -0.867622
-61.349565 -92.641166 -4688.389177 -4482.781431 -0.791706 0.293356 0.535859 0.260660 0.955519 -0.137986 -0.552502 0.030432 -0.832956
-84.106031 -117.181873 -5210.830409 -9353.848768 0.868061 -0.449970 0.209754 0.265299 0.777558 0.570105 0.419627 0.439238 -0.794344
-87.736061 -120.996435 5108.107393 -10509.898345 -0.812805 0.508370 -0.284444 0.312868 0.792846 0.522981 0.491388 0.336088 -0.803482
-93.150408 -134.139569 3348.889124 10397.943559 -0.683071 0.674989 -0.278935 -0.398688 -0.664606 -0.631939 0.611934 0.320451 -0.723082
-23.113079 -70.132258 4129.442742 -2217.054375 0.317477 0.770162 0.553226 0.806503 0.087555 -0.584711 -0.498760 0.631811 -0.593341
-22.310751 -67.157783 4184.264017 -1016.284567 0.324440 0.757842 0.566052 0.762443 0.144660 -0.630678 -0.559839 0.636199 -0.530877
12.515415 -81.694788 -850.629521 -3415.019380 0.555522 0.502069 0.662814 -0.059792 0.819185 -0.570404 -0.829350 0.277241 0.485095
12.901137 -84.366530 -1076.574465 -5049.592599 0.565877 0.482940 0.668246 0.016954 0.803509 -0.595051 -0.824315 0.348055 0.446500
14.726009 -76.629954 -1144.718912 -4013.225131 0.572189 0.513463 0.639497 -0.100622 0.817820 -0.566609 -0.813926 0.259860 0.519613
12.837522 -75.264522 -1564.654045 -5068.173623 0.547300 0.528901 0.648634 -0.188175 0.832931 -0.520400 -0.815508 0.162758 0.555389
1.161359 -133.907401 464.817657 -22183.475818 -0.312881 -0.627312 -0.713151 -0.512771 0.743589 -0.429118 0.799482 0.231420 -0.554322
2.166054 -115.712976 5.823716 -11970.564090 -0.312084 -0.619498 -0.720296 -0.439540 0.766292 -0.468617 0.842264 0.170351 -0.511441
3.656786 -109.349135 22.434986 -6913.941454 -0.309870 -0.617063 -0.723335 -0.382344 0.777429 -0.499416 0.870513 0.121809 -0.476833
2.352865 -135.422785 -886.014489 -18885.081052 -0.300205 -0.628262 -0.717749 -0.533973 0.734196 -0.419319 0.790411 0.257377 -0.555884
15.358178 -116.368138 4150.130422 2649.741077 0.537196 0.544013 0.644570 0.198942 0.660916 -0.723610 -0.819660 0.516952 0.246814
459.355992 -58.189371 217038.370428 -1605.258382 -0.360759 -0.786133 -0.501845 0.932502 -0.294165 -0.209538 0.017099 -0.543564 0.839194
4054.518581 -72.356805 2022481.723402 -1116.957162 0.001282 -0.953300 -0.302022 0.978976 0.062801 -0.194069 0.203973 -0.295424 0.933338
433.721054 -16.795091 -195142.728097 3598.510281 0.036781 0.988492 0.146731 0.978566 -0.005855 -0.205852 0.202624 -0.151157 0.967520
5.083890 -54.445024 -3822.383262 1516.724813 0.352688 0.759829 0.546141 -0.606002 -0.259250 0.752031 -0.713003 0.596195 -0.369024
7.757705 -53.749346 -1596.968156 1711.876371 0.345206 0.745663 0.569929 -0.615268 -0.278762 0.737385 -0.708715 0.605209 -0.362553
4.636194 -51.314385 -2500.985589 1670.968949 0.351122 0.756581 0.551633 -0.557613 -0.304318 0.772307 -0.752185 0.578772 -0.315026
7.257328 -57.008186 -4551.446159 1481.305418 0.337676 0.756263 0.560393 -0.661558 -0.232823 0.712835 -0.669564 0.611440 -0.421694
-1.399943 -54.070465 -4032.137945 1979.627322 0.371950 0.771432 0.516281 -0.550909 -0.264186 0.791647 -0.747096 0.578877 -0.326725
35.996979 -59.352333 -25910.992176 2247.964520 0.403904 0.850717 0.336367 -0.351174 0.483712 -0.801686 0.844712 -0.205680 -0.494123
35.492545 -58.226060 -22759.818943 505.354076 0.377729 0.864048 0.332778 -0.429111 0.481837 -0.764001 0.820478 -0.145787 -0.552776
-0.614662 -315.082442 3600.271416 -7978.621208 0.711663 0.687471 -0.144634 -0.669108 0.600559 -0.437748 0.214078 -0.408305 -0.887388
1.432107 -327.692743 6587.915762 -12730.320221 0.714502 0.689010 -0.121457 -0.685840 0.655481 -0.316177 0.138236 -0.309209 -0.940894
1.539662 -325.534454 5676.190396 -21875.382154 0.700366 0.698360 -0.147582 -0.622870 0.496978 -0.604191 0.348598 -0.515079 -0.783054
-2.034316 -294.518020 4501.621611 -21617.202441 0.690979 0.704983 -0.159836 -0.576288 0.403742 -0.710553 0.436395 -0.583088 -0.685250
-5.719693 -290.806451 999.204924 -29102.679877 0.718822 0.676322 -0.160883 -0.616438 0.513096 -0.597274 0.321401 -0.528508 -0.785736
-3.594508 -307.299620 -642.870421 -8993.272561 0.717789 0.678189 -0.157604 -0.690074 0.662836 -0.290597 0.092614 -0.317346 -0.943777
-12.627157 -285.082323 2386.944090 15951.813836 0.769476 0.599200 -0.221058 0.020346 0.322946 0.946199 -0.638352 0.732575 -0.236308
-7.108163 -284.227356 4373.425876 11426.907541 0.786891 0.572464 -0.230409 0.068573 0.289948 0.954583 -0.613270 0.766952 -0.188901
-5.434714 -304.646721 5232.301165 42108.425205 0.787381 0.585802 -0.192008 -0.124433 0.456080 0.881196 -0.603777 0.669946 -0.432002
2.246190 -57.278971 5631.132750 2566.323227 0.119729 0.815565 0.566144 0.921453 -0.303564 0.242432 0.369580 0.492649 -0.787850
13.002708 -53.895118 9091.419635 5174.502695 0.134257 0.803250 0.580313 0.881197 -0.364650 0.300868 0.453284 0.470977 -0.756779
131.085581 -831.711774 59637.561128 25919.043259 0.708148 0.587392 -0.391786 -0.505247 0.809173 0.299940 0.493206 -0.014453 0.869793
147.004445 -1438.484341 -8990.554219 583059.431285 0.819371 0.533354 -0.210152 -0.482708 0.839654 0.248945 0.309231 -0.102536 0.945443
95.836954 -1032.750944 11201.393840 -344569.773833 0.795579 0.604879 0.034277 0.493650 -0.614405 -0.615481 0.351231 -0.506585 0.787406
65.653629 -826.363378 25505.625666 -185535.942998 0.773834 0.626929 -0.090231 0.201627 -0.378870 -0.903219 0.600440 -0.680748 0.419588
8.220807 -79.054179 -1487.677241 -977.131299 0.530077 0.587150 0.611779 0.727637 0.055487 -0.683715 -0.435389 0.807574 -0.397820
10.304127 -82.672209 550.986656 -1685.041964 0.524290 0.594285 0.609873 0.778828 -0.045071 -0.625616 -0.344307 0.802991 -0.486476
18.949020 -80.871642 -13827.504184 -1662.464561 0.483821 0.612377 0.625229 0.807275 -0.036390 -0.589052 -0.337969 0.789728 -0.511963
21.915522 -76.808060 -19305.043893 -223.589608 0.470178 0.625002 0.623141 0.771386 0.052048 -0.634236 -0.428832 0.778886 -0.457646
-14.819631 -75.523646 11663.632477 -2744.343864 0.563381 0.819736 -0.103126 0.395358 -0.157884 0.904856 -0.725461 0.550551 0.413038
-28.139784 -65.188002 4715.002807 -5279.350297 0.511028 0.851564 -0.117001 0.243289 -0.012744 0.969870 -0.824416 0.524095 0.213689
