10786
21553
-25.534000 -47.082498 773.737378 3020.775732 -0.189401 -0.049196 0.980667 0.713328 -0.693221 0.102993 0.674752 0.719044 0.166389
-21.220120 -37.254498 -1098.133336 -3194.791781 0.337830 -0.018954 -0.941016 -0.542847 0.812827 -0.211257 0.768888 0.582197 0.264308
-26.879646 -36.614174 18.423362 -1857.264158 0.405282 -0.254924 -0.877929 -0.509787 0.734138 -0.448507 0.758857 0.629329 0.167576
-19.868912 -28.492554 -214.689109 -1499.736899 0.530343 -0.470627 -0.705157 -0.245924 0.710600 -0.659218 0.811330 0.523027 0.261124
-31.494184 -43.104997 -45.512660 1578.889870 -0.282191 0.172571 0.943709 0.685859 -0.651517 0.324227 0.670795 0.738746 0.065493
-25.751460 -37.830491 238.534262 -1346.806518 0.476660 -0.479930 -0.736521 -0.446573 0.589473 -0.673123 0.757210 0.649761 0.066654
-22.346547 -32.454589 -251.692785 -1318.126400 -0.518419 0.668279 0.533522 -0.209549 0.505607 -0.836930 0.829054 0.545679 0.122079
-0.802424 -24.020087 -1904.481069 35.560700 0.583781 -0.399192 -0.706998 0.757610 0.580934 0.297560 0.291936 -0.709339 0.641570
-1.084684 -22.411952 -2204.928050 -76.668752 0.661921 -0.333576 -0.671259 -0.647727 -0.705236 -0.288256 0.377241 -0.625595 0.682876
5.009437 -24.331292 -2007.344867 -45.825187 0.656278 -0.317100 -0.684651 0.657511 0.685449 0.312793 0.370106 -0.655444 0.658342
12.595125 -27.596389 666.205938 144.805720 0.573472 0.085135 -0.814790 0.789134 0.209679 0.577323 0.219994 -0.974057 0.053062
12.117021 -28.117795 4.507702 248.072492 0.568172 0.072341 -0.819724 0.813763 0.098716 0.572752 0.122353 -0.992483 -0.002780
12.551300 -28.187629 1027.311834 458.435946 0.590517 0.060572 -0.804749 0.793030 0.141352 0.592557 0.149645 -0.988105 0.035435
11.044107 -28.054630 597.019267 248.491294 0.581014 0.048467 -0.812449 0.813741 -0.015249 0.581028 0.015772 -0.998708 -0.048300
14.715937 -27.449727 1025.427410 9.603884 0.593337 0.064378 -0.802376 0.765604 0.262714 0.587224 0.248600 -0.962724 0.106590
13.432935 -27.249480 552.179624 358.754861 0.617902 -0.034814 -0.785484 0.786001 0.052751 0.615971 0.019991 -0.998001 0.059959
13.739675 -27.400309 279.053513 112.437830 0.619734 -0.032699 -0.784130 0.774430 0.187456 0.604250 0.127231 -0.981729 0.141495
5.939793 -29.697050 146.603936 -11.571407 0.674804 -0.339772 -0.655130 -0.604494 0.254760 -0.754774 -0.423352 -0.905347 0.033477
6.944502 -29.698336 313.742401 -90.341343 0.655379 -0.339750 -0.674573 -0.622541 0.262749 -0.737161 -0.427693 -0.903069 0.039308
4.684977 -31.654404 8.685129 437.294872 0.685208 -0.351140 -0.638115 -0.641807 0.123113 -0.756919 -0.344345 -0.928194 0.141006
-0.306363 -38.672524 212.714128 112.840146 -0.606078 0.261925 0.751043 -0.298754 0.800130 -0.520133 -0.737168 -0.539618 -0.406690
0.150788 -38.596043 209.532273 -212.922226 -0.600490 0.237398 0.763579 -0.182541 0.889002 -0.419946 -0.778518 -0.391558 -0.490502
-1.338677 -37.804150 115.056798 302.651907 -0.607843 0.231199 0.759654 -0.286301 0.828515 -0.481243 -0.740647 -0.510010 -0.437415
-1.815360 -37.968578 174.686186 241.438028 -0.610605 0.244876 0.753125 -0.411369 0.714550 -0.565857 -0.676710 -0.655327 -0.335573
-1.913612 -37.333111 59.201084 231.135397 -0.604340 0.208097 0.769070 -0.330050 0.813176 -0.479387 -0.725148 -0.543545 -0.422752
-6.142260 -47.583268 -336.321930 -275.414893 -0.777466 0.070121 0.625003 -0.233674 0.890420 -0.390575 -0.583903 -0.449706 -0.675886
-3.430173 -44.876947 -281.540422 112.540805 -0.781474 0.039271 0.622700 -0.209390 0.923632 -0.321029 -0.587753 -0.381263 -0.713572
-4.068877 -46.401678 -272.435622 -81.159669 -0.776801 0.042887 0.628284 -0.312535 0.839888 -0.443745 -0.546719 -0.541063 -0.639022
-6.423322 -49.731464 104.690422 -81.223736 0.769190 -0.074101 -0.634709 -0.373954 0.753222 -0.541124 -0.518175 -0.653579 -0.551661
-7.349071 -48.653481 315.561113 -130.166372 0.766143 -0.096669 -0.635358 -0.359608 0.754881 -0.548486 -0.532642 -0.648698 -0.543584
-7.027728 -46.316439 -58.724802 -365.348910 -0.744387 0.126819 0.655595 -0.243674 0.862503 -0.443521 -0.621700 -0.489903 -0.611134
-6.896675 -46.347845 -228.400816 -373.640573 -0.760071 0.107910 0.640818 -0.160817 0.924209 -0.346375 -0.629627 -0.366324 -0.685111
1.257067 -38.864883 -435.367483 1038.646559 0.608822 -0.307652 -0.731222 -0.454477 0.620224 -0.639353 -0.650220 -0.721576 -0.237785
1.879212 -39.579330 207.075848 267.578812 -0.622705 0.295272 0.724605 -0.388845 0.686840 -0.614045 -0.678998 -0.664128 -0.312884
0.771120 -36.873109 166.200385 273.912513 -0.619381 0.299345 0.725782 -0.389031 0.685954 -0.614916 -0.681925 -0.663219 -0.308412
0.375487 -38.412448 -194.865504 1024.429715 0.620637 -0.291135 -0.728046 -0.472156 0.602536 -0.643444 -0.626002 -0.743096 -0.236495
-0.034468 -37.369315 248.730888 201.264548 -0.610888 0.302724 0.731556 -0.373552 0.704484 -0.603457 -0.698051 -0.641919 -0.317277
8.560887 -27.116643 -805.942871 288.086842 0.538387 -0.361224 -0.761352 0.834672 0.352980 0.422762 0.116030 -0.863089 0.491543
8.203652 -26.607337 -496.124922 15.261392 0.555210 -0.320634 -0.767421 0.800308 0.457107 0.388020 0.226381 -0.829606 0.510397
9.538476 -28.174475 966.467758 119.347918 0.544855 -0.236195 -0.804578 0.810909 0.392662 0.433871 0.213449 -0.888836 0.405476
4.455180 -25.402186 -1872.403223 202.479983 0.552379 -0.414257 -0.723373 0.813384 0.457773 0.358958 0.182440 -0.786661 0.589814
9.693548 -28.307236 695.761733 120.901509 0.535978 -0.262989 -0.802225 0.840156 0.259419 0.476277 0.082856 -0.929268 0.359995
-4.429560 -47.514945 -1.676578 1155.925075 0.677042 -0.204595 -0.706934 -0.544954 -0.784956 -0.294736 0.494610 -0.584795 0.642943
-5.412647 -46.137348 -125.307535 -106.467217 0.670207 -0.211420 -0.711424 -0.625321 -0.677157 -0.387856 0.399745 -0.704812 0.586040
-4.877349 -49.844588 -87.281455 1557.382555 0.676579 -0.188579 -0.711814 -0.524916 -0.801448 -0.286607 0.516434 -0.567555 0.641231
0.079188 -73.386331 38.712373 2957.593838 0.801291 0.049471 0.596227 0.574052 -0.344281 -0.742923 -0.168516 -0.937562 0.304269
-1.002427 -78.658345 414.197888 3213.733663 0.799256 0.072142 0.596645 0.552017 -0.480659 -0.681355 -0.237628 -0.873935 0.423993
-0.105153 -68.339090 452.276157 621.496789 0.781085 0.077101 0.619647 0.617826 -0.239312 -0.749013 -0.090539 -0.967877 0.234558
-0.938520 -77.529674 748.643508 3412.413503 0.800550 0.076414 0.594374 0.556696 -0.461978 -0.690410 -0.221831 -0.883593 0.412376
-1.115895 -67.484296 428.960228 2391.701572 0.784896 0.081524 0.614242 0.604663 -0.317321 -0.730540 -0.135355 -0.944807 0.298359
-10.291165 -42.539536 56.060747 2734.687883 -0.680872 0.522503 -0.513229 0.039551 0.725955 0.686603 0.731334 0.447190 -0.514949
-10.910081 -52.387914 967.390288 2678.139734 -0.711637 0.414905 -0.566945 0.129026 0.870444 0.475058 0.690598 0.264918 -0.672973
-5.374400 -40.094296 2711.128966 2651.881672 -0.752442 0.497143 -0.432065 0.109854 0.741511 0.661887 0.649433 0.450568 -0.612557
-0.581685 -32.200451 2761.343005 -1611.013013 -0.728605 0.606480 -0.318303 -0.108519 -0.561066 -0.820627 0.676283 0.563371 -0.474610
4.738160 -246.602891 1762.735549 -3719.347038 0.774251 0.292175 0.561400 0.269729 0.650121 -0.710344 0.572523 -0.701410 -0.424548
-0.965829 -384.696703 -810.822752 14235.604368 0.762192 0.250889 0.596757 0.355014 0.608857 -0.709407 0.541322 -0.752561 -0.374997
1.950071 -244.891008 991.176977 -29564.725907 0.779216 0.266005 0.567506 0.518910 0.234006 -0.822176 0.351503 -0.935138 -0.044309
0.371007 -17.186876 497.115224 -2266.076034 -0.768145 0.609892 0.194897 -0.211424 -0.528932 0.821907 -0.604361 -0.590138 -0.535243
-3.627852 -21.365572 -196.678586 1088.609722 0.790787 -0.535792 -0.295944 0.040660 0.528411 -0.848015 -0.610740 -0.658566 -0.439645
-1.567784 -20.913007 -471.039964 608.392103 0.758718 -0.637682 -0.133075 0.168975 0.389949 -0.905200 -0.629122 -0.664305 -0.403613
3.235353 -18.090217 -484.565194 2165.832073 0.732777 -0.680467 -0.001711 0.359266 0.389017 -0.848288 -0.577898 -0.620992 -0.529532
-14.914319 -21.994888 -253.898292 89.722398 0.219305 -0.008670 -0.975618 0.821761 -0.537401 0.189496 -0.525941 -0.843282 -0.110730
-15.141402 -22.978818 -499.610611 86.211582 -0.036315 0.118964 -0.992234 0.761711 -0.639427 -0.104543 -0.646899 -0.759592 -0.067395
-15.988631 -21.478210 -218.788878 27.766203 0.130970 0.091350 -0.987169 0.780507 -0.623463 0.045858 -0.611274 -0.776498 -0.152954
-3.455923 -59.386464 -486.721092 1916.403104 0.616127 -0.383542 -0.687956 0.785962 0.356476 0.505161 0.051489 -0.851951 0.521084
-2.857052 -52.369645 -641.747257 1541.087672 0.650209 -0.358761 -0.669716 0.729637 0.540595 0.418793 0.211798 -0.760952 0.613265
-2.138704 -52.905802 -211.637054 1230.213080 0.653971 -0.342124 -0.674740 0.706734 0.594490 0.383547 0.269905 -0.727690 0.630569
-1.866492 -58.363573 125.920993 1378.702476 0.621825 -0.346698 -0.702235 0.761394 0.477538 0.438447 0.183335 -0.807315 0.560919
-1.832839 -62.795552 278.474199 1400.672265 0.596204 -0.348011 -0.723484 0.801632 0.208778 0.560177 -0.043900 -0.913948 0.403450
10.201978 -101.256346 300.640335 8212.117683 -0.621518 0.157627 0.767378 0.630278 0.682361 0.370315 -0.465257 0.713819 -0.523448
36.944429 -810.113965 -2150.049276 117288.346654 0.671572 -0.115608 -0.731864 0.507821 0.791088 0.341023 -0.539544 0.600678 -0.589981
6.084677 -92.290947 -382.949144 -1312.182233 -0.625432 0.213980 0.750365 0.668753 0.642450 0.374202 -0.402000 0.735846 -0.544909
14.808842 -127.723296 -538.720287 11708.700410 0.765760 -0.120872 -0.631666 0.484254 0.754697 0.442640 -0.423214 0.644843 -0.636449
6.763054 -51.706438 575.933597 4783.139791 0.891585 -0.028313 -0.451968 0.336141 0.710163 0.618609 -0.303457 0.703467 -0.642688
19.409908 -257.920969 4430.652070 43824.750914 0.944560 -0.014565 -0.328015 0.222894 0.761994 0.608017 -0.241090 0.647421 -0.722995
-5.518804 -57.255187 3184.973726 6212.739472 0.958844 0.039328 -0.281197 0.185073 0.664496 0.724012 -0.215328 0.746256 -0.629869
-19.287616 -47.521832 671.362026 -6127.934723 0.795051 0.471855 0.381114 -0.565788 0.350506 0.746344 -0.218583 0.809011 -0.545639
-7.594323 -30.871973 799.705668 785.695690 0.905807 0.042941 -0.421508 0.295556 0.648782 0.701234 -0.303578 0.759762 -0.574980
-37.305441 -62.779227 6331.821304 -2736.857718 0.926655 0.326675 0.185996 -0.341780 0.526148 0.778688 -0.156516 0.785144 -0.599209
-26.223377 -33.396318 -263.222822 -298.127772 -0.212449 0.671762 0.709649 0.848432 0.487105 -0.207102 -0.484797 0.558090 -0.673429
-28.985047 -36.954246 -169.655814 -947.741748 -0.334420 0.628959 0.701836 0.876382 0.481418 -0.013839 -0.346581 0.610448 -0.712204
-25.880022 -34.515243 -88.194181 -309.809604 -0.022614 0.827205 0.561446 0.920364 0.236530 -0.311421 -0.390408 0.509692 -0.766679
-21.079474 -26.662011 -206.152289 1030.926621 -0.254273 0.000694 0.967132 -0.554432 0.819259 -0.146356 -0.792433 -0.573423 -0.207931
-21.468002 -28.838580 -327.581719 631.500942 -0.319108 -0.103349 0.942066 -0.595674 0.795016 -0.114557 -0.737118 -0.597720 -0.315258
-22.234383 -32.933499 -370.810398 275.163155 -0.258614 -0.080914 0.962586 -0.674007 0.728945 -0.119808 -0.691978 -0.679773 -0.243052
-22.272229 -30.625121 -430.164748 1051.387165 -0.246391 0.067620 0.966809 -0.612759 0.762006 -0.209458 -0.750878 -0.644030 -0.146317
-23.212788 -34.871230 627.446408 -422.647146 0.278188 -0.052639 -0.959083 0.721661 -0.647495 0.244860 -0.633891 -0.760250 -0.142137
4.054188 -14.893939 602.926494 583.589781 0.740284 -0.255194 -0.621977 0.669614 0.197357 0.716008 0.059970 0.946534 -0.316982
5.830785 -17.069342 503.270850 419.452118 0.754357 -0.247249 -0.608123 0.656438 0.275856 0.702134 0.005848 0.928855 -0.370398
2.718945 -16.052570 503.512844 457.559363 0.815634 -0.239402 -0.526715 0.577033 0.270306 0.770693 0.042131 0.932535 -0.358613
0.173934 -13.669994 371.886927 477.208047 0.840688 -0.230654 -0.489941 0.534402 0.207164 0.819450 0.087511 0.950727 -0.297422
-6.201932 -31.801681 315.651239 192.327298 0.256112 0.680645 0.686388 -0.012970 0.712427 -0.701627 -0.966560 0.170793 0.191289
-5.208977 -28.823986 203.038833 -1236.249310 0.255314 0.686709 0.680621 -0.208212 0.726485 -0.654880 -0.944173 0.025486 0.328463
-4.041362 -29.933020 270.431018 -713.076549 0.284231 0.658693 0.696661 -0.125646 0.745955 -0.654037 -0.950487 0.098365 0.294785
-2.710143 -25.771080 176.151547 -1519.439864 0.286790 0.657489 0.696750 -0.305944 0.752074 -0.583766 -0.907827 -0.045748 0.416842
-1.693633 -27.730985 123.065164 -1435.890315 0.301047 0.648596 0.699067 -0.293919 0.760495 -0.579015 -0.907184 -0.031158 0.419580
-1.851757 -29.881392 246.998931 -643.166643 0.308607 0.639743 0.703911 -0.135502 0.762053 -0.633178 -0.941489 0.100022 0.321862
-3.186592 -32.203887 270.528567 238.698060 0.297481 0.650661 0.698674 0.042148 0.722141 -0.690461 -0.953797 0.234846 0.187399
-5.483610 -32.560234 326.146698 142.769544 0.275907 0.670800 0.688406 0.079912 0.697718 -0.711902 -0.957857 0.251430 0.138901
-2.374312 -39.842093 -45.972279 -13.749217 -0.046969 0.646502 0.761465 0.921782 -0.265648 0.282400 0.384854 0.715168 -0.583457
-2.029344 -39.721361 -333.090534 505.550581 -0.028348 0.660507 0.750285 0.855170 -0.372614 0.360338 0.517573 0.651836 -0.554282
-1.175015 -39.934831 -476.861532 -512.337166 -0.011883 0.662215 0.749219 0.960929 -0.199655 0.191711 0.276540 0.722225 -0.633969
-2.600798 -40.324020 11.245682 1032.965533 -0.064233 0.644008 0.762317 0.806930 -0.415926 0.419368 0.587144 0.642074 -0.492954
-1.741738 -40.824830 -134.722979 -1138.713379 -0.018425 0.642193 0.766322 0.980334 -0.139019 0.140071 0.196486 0.753832 -0.627002
-2.253012 -42.058418 152.850137 -510.700669 -0.053856 0.621802 0.781320 0.977219 -0.128041 0.169258 0.205286 0.772637 -0.600741
-2.540325 -41.843291 275.411489 400.548846 -0.081380 0.624036 0.777146 0.894428 -0.298299 0.333191 0.439745 0.722216 -0.533880
22.057987 -54.764628 3807.893311 6556.775172 0.344400 0.757595 0.554472 0.263695 -0.644889 0.717345 -0.901029 0.100842 0.421874
13.487346 -45.316271 2684.073109 4046.949833 0.325038 0.852470 0.409445 0.421515 -0.518162 0.744200 -0.846567 0.069305 0.527751
38.718975 -39.697359 8959.092880 3917.253374 0.442175 0.737799 0.510034 0.424131 -0.673046 0.605906 -0.790313 0.051595 0.610527
39.798222 -30.502038 6612.790172 2838.022649 0.427019 0.805363 0.411150 0.540281 -0.591846 0.598176 -0.725087 0.033296 0.687852
-0.277238 -94.973923 390.343947 -3535.887935 0.135494 0.780046 -0.610877 -0.248229 0.623624 0.741266 -0.959179 -0.051200 -0.278127
-0.060720 -98.534653 -308.620653 -2258.454207 0.099564 0.771398 -0.628515 -0.313355 0.623822 0.715999 -0.944402 -0.125661 -0.303832
-0.675153 -94.492928 141.554927 4001.081018 0.142994 0.728726 -0.669710 -0.471670 0.645056 0.601191 -0.870104 -0.229915 -0.435957
-0.144216 -86.201126 87.970577 1331.990617 0.148950 0.732235 -0.664564 -0.419336 0.655412 0.628165 -0.895528 -0.185110 -0.404677
-1.077354 -89.222277 78.139619 -705.851554 0.037905 0.978075 0.204774 0.382502 -0.203515 0.901262 -0.923177 -0.044164 0.381830
-1.280617 -92.086468 84.132961 -1709.387685 0.025297 0.977889 0.207590 0.498869 -0.192300 0.845074 -0.866308 -0.082182 0.492703
-0.531599 -90.831952 184.804342 441.102112 0.047888 0.978835 0.198971 0.634308 -0.183679 0.750943 -0.771595 -0.090248 0.629679
-0.261730 -92.904981 38.294175 1318.971396 0.047604 0.978501 0.200672 0.681086 -0.178752 0.710049 -0.730654 -0.102874 0.674953
-0.038287 -85.419195 196.338972 782.314057 0.044421 0.979379 0.197089 0.836920 -0.144211 0.527985 -0.545519 -0.141494 0.826068
-1.294805 -34.783617 -300.413185 -423.367045 -0.074970 0.717473 0.692541 -0.161267 0.676630 -0.718446 0.984059 0.165546 -0.064978
-0.538471 -32.108283 -200.064225 -474.749794 -0.090129 0.742286 0.663994 -0.007417 0.666189 -0.745746 0.995902 0.072138 0.054537
-0.744032 -32.956701 12.946726 -430.895778 -0.102804 0.729488 0.676224 -0.155275 0.659722 -0.735293 0.982508 0.180591 -0.045449
-0.966818 -32.893282 -194.598295 -404.523741 -0.093289 0.738266 0.668028 0.047405 0.673486 -0.737678 0.994510 0.037149 0.097826
-1.031976 -36.505656 -107.974840 -265.684304 -0.082134 0.701653 0.707769 -0.359281 0.641571 -0.677720 0.929608 0.309951 -0.199396
-1.273483 -34.304074 -190.841163 -1059.170246 -0.093113 0.709255 0.698775 -0.014868 0.700756 -0.713247 0.995545 0.076802 0.054705
-1.855159 -36.851678 -419.290798 -252.856102 -0.064994 0.705434 0.705789 -0.336139 0.650473 -0.681099 0.939567 0.281511 -0.194847
-2.202175 -36.467073 -176.923865 283.590719 -0.087631 0.691841 0.716713 -0.309653 0.664918 -0.679705 0.946803 0.281495 -0.155963
-1.824309 -34.679149 -81.130311 -511.715432 -0.103320 0.695534 0.711026 -0.155507 0.694765 -0.702225 0.982417 0.183123 -0.036377
-0.717828 -25.758888 351.723421 -53.798986 -0.063189 0.856089 0.512952 0.753606 0.377891 -0.537844 0.654282 -0.352577 0.669032
-2.299624 -25.290761 280.518516 62.261804 -0.056605 0.850818 0.522403 0.757890 0.377230 -0.532259 0.649922 -0.365796 0.666180
-1.263186 -25.785074 316.405755 51.969164 -0.075999 0.843809 0.531235 0.668558 0.438395 -0.600699 0.739766 -0.309509 0.597453
-13.394445 -48.120738 -2390.565192 -4125.385303 0.313514 0.110606 -0.943120 -0.662891 0.736633 -0.133969 0.679915 0.667187 0.304264
-14.374081 -38.643944 -2016.313591 -4226.238923 0.375751 0.073064 -0.923836 -0.514173 0.845810 -0.142236 0.770998 0.528457 0.355382
-15.950640 -26.597515 -1284.020299 -1867.157961 0.498116 -0.213711 -0.840362 -0.322622 0.853896 -0.408383 0.804858 0.474541 0.356391
4.200387 -21.433330 -5.657187 1242.805565 0.190367 -0.628222 -0.754385 -0.297129 0.695525 -0.654186 0.935668 0.348685 -0.054258
5.446415 -27.703808 -122.313100 1751.245645 0.213436 -0.632602 -0.744486 -0.197029 0.718514 -0.667021 0.956883 0.289052 0.028716
3.918488 -23.209978 201.766561 1697.371051 -0.238816 0.663402 0.709129 -0.273755 0.654645 -0.704626 0.931679 0.362404 -0.025270
6.215545 -32.500487 -174.619067 2121.301751 0.256099 -0.665570 -0.701021 -0.145585 0.690377 -0.708650 0.955625 0.283542 0.079908
2.685166 -16.679668 -204.250492 848.334642 0.213435 -0.641828 -0.736548 -0.346155 0.655326 -0.671360 0.913576 0.398252 -0.082302
0.890457 -15.963790 333.988259 1279.079614 -0.262029 0.689605 0.675119 -0.333507 0.591755 -0.733893 0.905602 0.417458 -0.074931
3.696598 -25.616827 143.941487 1995.430543 -0.282133 0.707313 0.648159 -0.249560 0.598238 -0.761466 0.926348 0.376590 -0.007734
11.663265 -27.749404 -559.911868 -95.267317 0.553495 0.089216 -0.828060 0.802470 0.208967 0.558904 0.222901 -0.973844 0.044069
11.821492 -28.119111 -765.098960 -75.581673 0.543058 0.092748 -0.834557 0.831116 0.082342 0.549969 0.119728 -0.992279 -0.032367
12.139704 -27.980885 -382.378902 122.765637 0.566744 0.065019 -0.821325 0.823855 -0.034962 0.565722 0.008068 -0.997271 -0.073381
-1.650659 -24.902134 -256.887370 -1238.353864 0.720337 -0.356375 -0.595072 -0.635389 -0.683123 -0.360034 0.278200 -0.637448 0.718516
-0.711322 -27.915484 -332.664983 -534.396730 0.741591 -0.347612 -0.573767 -0.651480 -0.577219 -0.492332 0.160049 -0.738907 0.654523
-2.558803 -26.637313 -111.005057 -445.894462 0.708354 -0.344384 -0.616145 -0.678104 -0.574380 -0.458544 0.195986 -0.742622 0.640392
-1.359584 -29.970519 -159.704859 307.493505 0.727462 -0.343550 -0.593947 -0.680122 -0.475511 -0.557964 0.090740 -0.809854 0.579572
-1.871041 -31.025106 -232.189870 171.677307 0.700555 -0.350257 -0.621726 0.708046 0.449652 0.544503 0.088845 -0.821665 0.563004
1.277519 -39.984144 77.345585 -250.051396 -0.612842 0.256790 0.747317 -0.144224 0.893492 -0.425290 -0.776933 -0.368417 -0.510534
1.666354 -39.217765 273.096240 -321.963966 -0.601114 0.235875 0.763561 -0.058018 0.940049 -0.336069 -0.797054 -0.246316 -0.551391
1.357291 -38.744896 382.133854 -383.488722 -0.586143 0.206442 0.783466 -0.065350 0.951796 -0.299688 -0.807568 -0.226860 -0.544397
0.744938 -45.612757 -851.086433 755.674200 -0.791426 -0.019034 0.610969 -0.282021 0.898146 -0.337339 -0.542319 -0.439284 -0.716184
1.560436 -41.158974 -262.340580 922.292060 0.626010 -0.295492 -0.721662 -0.515244 0.537920 -0.667208 -0.585351 -0.789511 -0.184493
-1.181815 -87.614230 -0.126096 574.136234 0.801492 0.045842 0.596245 0.349316 -0.845158 -0.404582 -0.485374 -0.532548 0.693401
-0.771446 -85.054600 286.318874 3731.297504 0.809126 0.059206 0.584645 0.493366 -0.608920 -0.621134 -0.319227 -0.791019 0.521903
-0.221323 -88.878088 -123.830476 2580.517048 0.803973 0.044702 0.592984 0.398854 -0.780148 -0.481959 -0.441071 -0.623996 0.645047
-1.181672 -90.066010 271.048562 4555.613491 0.803244 0.062217 0.592392 0.461107 -0.694522 -0.552286 -0.377068 -0.716777 0.586559
-13.765339 -62.418441 -885.533014 2649.437803 -0.652802 0.359193 -0.666955 0.175978 0.928257 0.327675 0.736805 0.096538 -0.669178
-13.099170 -61.649227 227.803713 1245.842010 -0.698432 0.349873 -0.624325 0.267860 0.936745 0.225299 0.663660 -0.009876 -0.747969
-12.221457 -52.043262 -944.733881 2943.118922 -0.642646 0.403340 -0.651401 0.024318 0.860522 0.508833 0.765777 0.311159 -0.562819
0.830087 -29.466240 1328.558040 -1630.615932 0.120528 -0.563068 -0.817574 0.501163 0.745435 -0.439503 0.856918 -0.356766 0.372035
6.797650 -28.372013 1206.061964 -1854.247895 0.160223 -0.537695 -0.827776 0.525868 0.756190 -0.389409 0.835339 -0.372909 0.403915
6.520455 -34.172247 1001.848685 -1426.100444 0.154011 -0.556783 -0.816256 0.402899 0.789701 -0.462650 0.902194 -0.257615 0.345950
1.349876 -34.888650 1256.930135 -1048.185280 0.122872 -0.569768 -0.812568 0.359933 0.788610 -0.498541 0.924852 -0.231214 0.301976
-5.886341 -22.446661 5.645446 798.000248 0.783710 -0.388362 -0.484741 -0.172206 0.613972 -0.770314 -0.596778 -0.687178 -0.414298
-7.532414 -23.723284 53.171875 -272.657431 0.792597 -0.457992 -0.402533 -0.153412 0.489142 -0.858606 -0.590131 -0.742282 -0.317431
-2.288280 -17.585785 267.050890 1914.497828 -0.789978 0.463237 0.401680 -0.003106 0.652093 -0.758133 -0.613127 -0.600156 -0.513700
-11.628811 -20.057047 -66.762820 163.792936 0.531207 -0.119606 -0.838757 0.784838 -0.303438 0.540329 -0.319137 -0.945315 -0.067317
-11.860447 -20.948324 -253.682276 438.969518 0.311300 -0.091451 -0.945901 0.877296 -0.354961 0.323040 -0.365300 -0.930397 -0.030270
-13.966417 -21.008600 52.907325 195.736468 0.507320 -0.090731 -0.856968 0.757471 -0.427253 0.493653 -0.410932 -0.899568 -0.148028
17.843191 -224.161553 1389.756796 33288.465389 -0.576158 0.216380 0.788176 0.533597 0.830042 0.162187 -0.619125 0.514014 -0.593695
36.737506 -467.811524 3508.855389 73493.369013 -0.629742 0.250284 0.735379 0.330932 0.942908 -0.037522 -0.702787 0.219731 -0.676616
36.173725 -275.264182 2571.940518 32254.337754 -0.719892 0.169290 0.673125 0.369251 0.914585 0.164889 -0.587715 0.367254 -0.720913
16.887764 -134.015311 1186.047804 20352.764530 0.882481 -0.063779 -0.466004 0.337559 0.775822 0.533061 -0.327538 0.627720 -0.706178
62.908245 -1050.171284 4963.540624 208800.760519 0.929835 -0.090732 -0.356615 0.223102 0.909693 0.350264 -0.292629 0.405249 -0.866107
-31.506168 -38.889719 -184.735620 -828.176427 -0.544983 0.377924 0.748443 0.769911 0.579041 0.268230 -0.332009 0.722416 -0.606536
-31.836948 -39.673946 -279.506456 -883.814461 -0.458151 0.523385 0.718447 0.867661 0.438858 0.233598 -0.193035 0.730392 -0.655184
-30.579931 -38.763944 -281.353671 -1169.690213 -0.347104 0.682530 0.643173 0.918616 0.385539 0.086622 -0.188846 0.620896 -0.760805
-28.324571 -36.829769 -150.186608 -811.644228 -0.123053 0.809758 0.573715 0.960493 0.242591 -0.136389 -0.249621 0.534267 -0.807619
-20.022001 -23.211681 1143.251917 131.625369 -0.534425 0.636160 0.556499 0.096452 -0.608207 0.787896 -0.839695 -0.474747 -0.263682
8.164184 -19.359744 465.168658 252.304650 0.753514 -0.241055 -0.611645 0.656067 0.335636 0.675962 -0.042346 0.910627 -0.411054
5.843944 -19.101500 766.311775 438.177143 0.798710 -0.245406 -0.549399 0.601632 0.341013 0.722322 -0.010090 0.907461 -0.420014
-2.587206 -40.670461 -313.241166 -386.869736 -0.041704 0.660343 0.749806 -0.764145 0.462407 -0.449736 0.643695 0.591716 -0.485313
-1.320457 -40.275100 -189.958804 183.912820 -0.033074 0.657460 0.752764 0.794354 -0.439800 0.419020 0.606554 0.611819 -0.507709
0.139497 -84.844993 -458.646901 2591.037802 0.118301 0.740667 -0.661376 -0.397640 0.645652 0.651932 -0.909883 -0.185865 -0.370900
0.615363 -86.654975 -186.489577 -2377.567180 0.108670 0.789530 -0.604014 -0.187611 0.612982 0.767499 -0.976213 -0.029916 -0.214738
-1.760320 -84.794130 138.311466 -2589.776141 0.034077 0.975548 0.217128 0.171481 -0.219739 0.960369 -0.984598 -0.004507 0.174776
-1.910014 -87.948160 160.124281 -3583.015114 0.025808 0.976372 0.214552 0.319632 -0.211416 0.923655 -0.947190 -0.044740 0.317536
-5.555944 -44.466358 -463.054922 260.157728 -0.130337 0.584787 0.800647 0.953849 -0.146381 0.262192 0.270526 0.797870 -0.538720
-4.613530 -43.631743 -278.061326 257.000123 -0.133425 0.590951 0.795597 0.980093 -0.040412 0.194383 0.147022 0.805695 -0.573795
-6.646669 -44.000394 -646.558997 -313.136559 -0.138115 0.582606 0.800933 0.990073 0.059934 0.127135 0.026066 0.810542 -0.585100
854.064272 -71.558757 -183532.220543 1333.155045 0.035871 -0.433563 0.900409 0.965155 0.248726 0.081315 -0.259210 0.866117 0.427378
234.282412 -36.370919 -35586.527660 2863.206549 -0.007406 -0.151170 0.988480 0.958255 0.281469 0.050225 -0.285819 0.947588 0.142775
140.762410 -18.775278 -20219.002931 96.447281 0.092066 0.098150 0.990904 0.929417 0.348668 -0.120889 -0.357361 0.932093 -0.059122
3.352248 -85.163262 2539.809050 -137.863191 -0.245682 0.935283 0.254729 -0.364242 0.154453 -0.918407 0.898314 0.318419 -0.302723
11.387637 -99.501173 2692.476481 -3881.721330 -0.206205 0.942472 0.263110 -0.538351 0.115264 -0.834801 0.817103 0.313786 -0.483612
14.499483 -89.027643 3765.917963 -3130.310987 -0.257502 0.933461 0.249688 -0.214849 0.196623 -0.956650 0.942090 0.299984 -0.149922
-27.944980 -141.527663 -655.705503 12101.634081 0.188682 0.708763 0.679746 0.920220 -0.369307 0.129640 0.342919 0.601056 -0.721899
-13.739428 -245.119412 4762.299213 32839.870907 0.383023 0.493166 0.781077 0.800018 -0.599822 -0.013589 0.461806 0.630080 -0.624287
-19.485650 -91.127442 -200.020494 7954.731402 0.147124 0.729029 0.668484 -0.799204 0.485813 -0.353919 0.582776 0.482185 -0.654118
-29.567800 -46.268584 530.441602 771.916501 -0.195721 0.021003 0.980435 0.822687 -0.540626 0.175812 0.533741 0.841001 0.088533
-34.606740 -44.205064 -236.237573 575.621804 -0.258563 0.196882 0.945718 0.796409 -0.510615 0.324043 0.546697 0.836964 -0.024773
-30.236614 -41.565078 -120.685342 1065.767436 -0.393509 0.453270 0.799811 0.602900 -0.529547 0.596734 0.694018 0.717027 -0.064895
-22.593698 -37.847543 -22.184635 -208.557325 -0.109263 0.960891 -0.254460 -0.470864 -0.275482 -0.838091 0.875413 -0.028243 -0.482550
-23.527694 -39.065881 -440.584815 -63.680645 -0.163828 0.970509 -0.176840 -0.479403 -0.234996 -0.845547 0.862168 0.053747 -0.503763
-22.463606 -36.495099 -236.970686 -67.327716 -0.157088 0.939370 -0.304808 -0.298063 -0.339343 -0.892191 0.941532 0.049301 -0.333298
-23.877721 -39.265872 -56.374073 -356.326388 -0.100450 0.983904 -0.147793 -0.626633 -0.177943 -0.758728 0.772814 -0.016398 -0.634421
3.728766 -26.852285 415.638239 1424.613091 0.146057 -0.611917 -0.777319 -0.219384 0.746146 -0.628599 0.964644 0.262343 -0.025266
7.221800 -34.259701 -400.648434 1789.200472 0.234716 -0.616164 -0.751832 -0.084690 0.757535 -0.647278 0.968368 0.215599 0.125622
6.043018 -33.107871 169.158142 1460.020000 0.178170 -0.606402 -0.774940 -0.092402 0.773750 -0.626716 0.979652 0.183268 0.081826
13.737374 -27.126385 318.672653 -46.858063 0.573035 0.091025 -0.814460 0.758466 0.317528 0.569127 0.310418 -0.943870 0.112916
-1.451499 -26.760345 -239.594875 94.173763 0.729015 -0.344602 -0.591428 -0.612038 -0.715062 -0.337781 0.306507 -0.608224 0.732200
-3.011891 -26.002958 -196.355942 -253.836294 0.711837 -0.352467 -0.607499 -0.621603 -0.718816 -0.311311 0.326953 -0.599225 0.730774
-3.246218 -27.086931 -111.482397 1226.934395 0.715732 -0.344586 -0.607444 -0.602452 -0.744591 -0.287464 0.353241 -0.571703 0.740524
-1.376911 -25.936554 -232.536768 1005.532311 0.718036 -0.362580 -0.594105 -0.610290 -0.738372 -0.286971 0.334620 -0.568632 0.751457
-2.713138 -24.371611 -243.258015 -50.920606 0.713492 -0.360234 -0.600967 -0.554852 -0.814258 -0.170657 0.427866 -0.455210 0.780843
-1.368944 -39.100495 -184.261606 38.557506 0.605821 -0.264235 -0.750441 -0.440071 0.674513 -0.592764 -0.662811 -0.689356 -0.292352
-1.981174 -38.742300 -176.213034 -63.864769 0.614612 -0.259873 -0.744794 -0.530762 0.562247 -0.634169 -0.583561 -0.785076 -0.207633
-2.353061 -38.020452 -177.016511 -68.809113 0.628829 -0.255084 -0.734511 -0.524036 0.558843 -0.642714 -0.574422 -0.789067 -0.217743
-2.435618 -36.595706 -71.642287 169.646490 0.620074 -0.234015 -0.748829 -0.444903 0.681279 -0.581310 -0.646196 -0.693611 -0.318329
-4.573265 -52.734332 122.631254 -1847.941062 0.711400 -0.067053 -0.699582 -0.668629 -0.371142 -0.644352 0.216438 -0.926152 0.308864
-3.048266 -45.215559 273.609818 -1362.131118 0.676374 -0.076050 -0.732622 -0.636196 -0.561562 -0.529058 0.371178 -0.823932 0.428209
-5.599567 -48.623801 174.811882 1790.396570 0.680898 -0.091907 -0.726588 0.681122 0.444083 0.582119 0.269165 -0.891259 0.364975
-2.325461 -51.065208 485.285317 -2320.539819 0.703446 -0.017787 -0.710527 -0.618687 -0.507389 -0.599819 0.349844 -0.861534 0.367925
-6.398106 -55.605437 311.577154 1426.607310 0.702001 -0.074475 -0.708272 0.704152 0.221456 0.674631 0.106608 -0.972322 0.207904
-3.772199 -59.784983 390.683214 -2272.324358 0.723566 -0.002778 -0.690250 -0.655734 -0.315050 -0.686117 0.215557 -0.949071 0.229781
-4.964540 -58.643188 115.526986 -1390.958405 0.733241 -0.053373 -0.677871 -0.674335 -0.185141 -0.714839 0.087349 -0.981262 0.171744
-6.419031 -57.448242 -24.014606 -1470.485123 0.718720 -0.077721 -0.690942 -0.692741 -0.165216 -0.702007 0.059594 -0.983190 0.172585
0.739362 -39.584012 -368.208157 1177.845717 0.608942 -0.298958 -0.734720 -0.538946 0.523682 -0.659769 -0.582003 -0.797735 -0.157770
2.440408 -68.300088 281.969551 -459.616343 -0.611344 0.127105 0.781091 0.718482 -0.324594 0.615161 0.331727 0.937274 0.107116
3.633466 -77.958208 277.775016 -1102.672655 -0.582524 0.136171 0.801326 0.770773 -0.220412 0.597769 0.258021 0.965855 0.023438
3.540321 -83.970058 -294.816641 -1474.496102 0.623330 -0.165962 -0.764144 0.621516 -0.487870 0.612944 0.474529 0.856994 0.200955
3.397303 -75.842288 -94.186023 -2270.892351 0.651339 -0.181712 -0.736708 0.553796 -0.549880 0.625253 0.518717 0.815238 0.257527
1.605737 -68.283942 -186.726126 -1844.907101 0.660468 -0.167763 -0.731873 0.595440 -0.476775 0.646635 0.457420 0.862868 0.215002
0.552100 -67.680565 126.923091 1135.721366 -0.605463 0.126100 0.785820 0.750369 -0.238633 0.616442 0.265256 0.962888 0.049862
-3.498191 -61.980935 -341.219764 -3002.375874 0.714033 -0.230273 -0.661159 0.412992 0.901091 0.132182 0.565326 -0.367436 0.738510
-3.893993 -49.617907 -250.419629 1748.925923 0.689863 -0.262375 -0.674721 -0.564670 -0.778258 -0.274705 0.453031 -0.570503 0.685047
-4.074697 -52.296796 -171.919625 -2264.118081 0.697851 -0.226003 -0.679652 0.476466 0.854978 0.204920 0.534775 -0.466835 0.704330
-3.146840 -63.900083 27.031250 -3086.155802 0.691452 -0.189762 -0.697054 0.303141 0.952040 0.041527 0.655744 -0.240020 0.715815
0.041983 -82.460766 -357.707148 4665.244643 0.812284 0.018229 0.582977 0.507040 -0.516080 -0.690341 -0.288279 -0.856346 0.428446
-14.510143 -66.513387 -737.390057 575.028147 -0.668917 0.310639 -0.675317 0.359674 0.930321 0.071673 0.650526 -0.194951 -0.734037
-13.126028 -64.840327 445.588551 -731.567403 -0.724697 0.305254 -0.617765 0.414420 0.909341 -0.036824 0.550518 -0.282700 -0.785500
1.493127 -22.656029 1433.088945 -1578.530044 0.120711 -0.555860 -0.822465 0.597739 0.702184 -0.386840 0.792551 -0.444924 0.417021
2.550637 -20.049022 -72.599758 537.047916 0.713030 -0.692947 0.106833 0.340434 0.208963 -0.916755 -0.612938 -0.690043 -0.384900
6.614561 -16.449165 -261.401340 2744.407486 0.697841 -0.702304 0.140669 0.492506 0.327902 -0.806175 -0.520054 -0.631862 -0.574712
-13.669340 -20.492167 211.958909 -58.406240 0.710805 -0.116948 -0.693599 -0.585583 0.447902 -0.675630 -0.389678 -0.886401 -0.249888
-14.166269 -18.722394 229.100023 275.665405 0.649974 -0.040207 -0.758892 -0.623372 0.542963 -0.562671 -0.434673 -0.838794 -0.327848
-12.616460 -18.054211 318.952867 435.562096 0.750615 -0.062750 -0.657753 -0.538010 0.519841 -0.663560 -0.383565 -0.851956 -0.356440
-1.657139 -56.692117 72.147146 94.064396 0.665975 -0.320839 -0.673453 -0.651368 -0.690124 -0.315354 0.363589 -0.648684 0.668590
-2.411454 -53.549443 -139.427975 740.412827 0.687230 -0.294682 -0.663986 -0.591347 -0.757817 -0.275723 0.421929 -0.582131 0.695054
-98.333163 -150.185492 13505.680417 1599.331561 0.365018 0.617135 0.697070 -0.416570 -0.561337 0.715102 -0.832606 0.551403 -0.052182
-61.360270 -194.420404 8197.952437 26027.997956 0.408825 0.505031 0.760136 0.770582 0.255219 -0.584010 -0.488944 0.824504 -0.284827
-127.787091 -330.283311 8156.228721 56057.521587 -0.006848 0.608788 0.793303 0.840147 0.433743 -0.325606 -0.542315 0.664262 -0.514442
-146.815383 -238.832444 2199.600436 28219.377616 -0.274808 0.226958 0.934329 0.360254 0.925259 -0.118796 -0.891458 0.303950 -0.336031
-34.392562 -40.516501 -246.131861 -101.709679 -0.636245 0.282257 0.718000 0.749360 0.447397 0.488155 -0.183446 0.848626 -0.496166
-33.020378 -39.287979 189.347105 -413.119690 0.734513 -0.090888 -0.672480 0.577466 0.604192 0.549076 -0.356403 0.791638 -0.496272
-19.414011 -21.140914 1969.745983 200.635257 -0.471193 0.777661 0.416198 0.072044 -0.436354 0.896886 -0.879083 -0.452591 -0.149581
-18.538320 -21.967307 957.722213 2475.102896 -0.135415 0.072915 0.988102 -0.500328 0.855758 -0.131717 -0.855181 -0.512212 -0.079401
8.317942 -21.836715 560.734029 497.580987 0.785887 -0.234240 -0.572288 0.613928 0.406296 0.676769 -0.073992 0.883207 -0.463109
-4.847811 -10.746956 817.810256 -236.765179 0.882945 -0.255781 -0.393681 0.420042 0.055844 0.905785 0.209698 0.965120 -0.156746
-5.226677 -12.801908 -500.686910 -774.856109 0.988339 -0.140773 0.058051 -0.037770 0.142680 0.989048 0.147514 0.979707 -0.135699
-8.852778 -13.010630 -350.915250 -1036.815007 0.972132 -0.187879 0.140220 -0.115601 0.136181 0.983916 0.203952 0.972706 -0.110667
-6.100577 -16.538449 -730.181723 -1040.514554 0.956616 -0.114949 0.267716 -0.257060 0.099499 0.961260 0.137134 0.988376 -0.065633
-4.662844 -12.607201 1580.695099 -402.135477 0.719739 -0.277657 -0.636304 0.643913 -0.075637 0.761351 0.259522 0.957698 -0.124348
-9.025069 -17.741151 -883.393339 -1115.448008 0.919194 -0.136949 0.369226 -0.362789 0.070237 0.929220 0.153189 0.988085 -0.014878
-10.376485 -13.024976 1579.155360 -323.937790 0.788977 -0.268527 -0.552638 0.554413 -0.076564 0.828713 0.264844 0.960225 -0.088468
-1.248334 -39.565580 -201.285837 -208.066401 0.000368 0.640758 0.767743 0.991580 -0.099655 0.082696 0.129497 0.761248 -0.635399
-0.480289 -37.922579 -168.735269 -108.178078 0.022771 0.645454 0.763459 0.994692 -0.091274 0.047498 0.100342 0.758326 -0.644107
-0.643666 -38.935382 -71.183501 -473.739479 0.010185 0.638549 0.769513 0.978731 -0.164052 0.123178 0.204895 0.751892 -0.626639
-14.440829 -31.635993 280.744996 -295.665491 0.811567 0.178340 0.556375 -0.154240 0.983890 -0.090391 -0.563532 -0.012457 0.826000
17.570431 -2108.617634 1710.709099 -336957.228672 0.762895 -0.330124 0.555885 0.316041 0.940501 0.124803 -0.564011 0.080471 0.821837
-17.362354 -20.958236 723.082399 -1203.843853 0.796341 -0.136440 0.589257 0.113751 0.990625 0.075648 -0.594055 0.006787 0.804396
-11.221425 -22.233739 -394.679858 -1706.318424 0.529153 0.726699 0.438071 0.607805 -0.684863 0.401916 -0.592091 -0.053587 0.804088
-11.237300 -20.630987 -626.825997 987.256016 0.240923 0.945234 0.220201 0.735749 -0.325841 0.593718 -0.632953 -0.018972 0.773957
1.035300 -104.940560 -23.422719 -5875.190832 0.115198 0.801731 -0.586479 0.002703 0.590154 0.807286 -0.993339 0.094583 -0.065817
-3.024067 -14.825218 404.963059 -825.754025 -0.298768 0.058737 0.952516 -0.534909 0.816271 -0.218116 -0.790323 -0.574676 -0.212456
-5.932691 -14.835164 468.587175 -730.581148 -0.259333 -0.022850 0.965518 -0.576271 0.805912 -0.135710 -0.775022 -0.591594 -0.222167
-4.489929 -10.971876 336.211742 -685.801776 -0.261083 0.003122 0.965311 -0.608041 0.776151 -0.166964 -0.749748 -0.630540 -0.200741
-5.554021 -18.309688 493.586397 -824.666939 -0.299981 0.041202 0.953055 -0.500660 0.843612 -0.194057 -0.812004 -0.535370 -0.232439
-1.931775 -12.095361 321.443294 -730.568472 -0.316282 0.091156 0.944276 -0.557009 0.787889 -0.262627 -0.767924 -0.609034 -0.198420
-2.568699 -18.853477 447.467003 -867.445725 -0.306412 0.083055 0.948269 -0.464647 0.856394 -0.225149 -0.830792 -0.509599 -0.223818
0.640168 -15.803460 632.490264 -792.536267 -0.324576 0.116588 0.938647 -0.498439 0.822321 -0.274495 -0.803872 -0.556952 -0.208793
-0.556728 -32.033491 150.851260 308.432727 -0.091531 0.709569 0.698666 -0.343068 0.636189 -0.691062 0.934840 0.302944 -0.185199
-4.553623 -43.704619 -173.497572 356.059725 -0.132295 0.593300 0.794036 0.925844 -0.212125 0.312755 0.353992 0.776529 -0.521240
-3.362193 -44.077539 -197.317470 573.989176 -0.126529 0.607656 0.784056 0.955992 -0.136222 0.259850 0.264706 0.782430 -0.563679
137.389831 -26.383942 -23136.862467 984.469761 -0.146655 0.178562 0.972938 0.923750 0.376520 0.070138 -0.353806 0.909037 -0.220165
18.495552 -115.600028 1876.486659 -8887.179097 -0.113431 0.964651 0.237871 -0.441757 0.165482 -0.881741 0.889935 0.205098 -0.407370
-4.283460 -28.115437 -70.754179 -169.770356 -0.050342 0.997563 -0.048316 -0.696283 -0.000373 0.717767 -0.715999 -0.069775 -0.694605
-4.648168 -29.680049 -48.904576 -592.578069 -0.015387 0.998501 -0.052535 -0.654810 0.029644 0.755212 -0.755637 -0.046021 -0.653372
-4.950367 -30.067922 -84.274265 -370.120528 -0.065977 0.997765 0.010577 -0.754671 -0.056832 0.653637 -0.652777 -0.035143 -0.756734
-3.625241 -27.321499 -235.475443 -113.496373 0.010550 0.988408 -0.151454 -0.576778 0.129742 0.806532 -0.816833 -0.078847 -0.571461
-4.437916 -29.669558 106.429866 151.057632 -0.094258 0.995510 0.008659 -0.784838 -0.079657 0.614560 -0.612491 -0.051131 -0.788822
79.547431 -67.932059 -37978.694537 1350.741670 0.486446 -0.820660 -0.299811 0.861909 0.506948 0.010809 0.143118 -0.263667 0.953938
45.054851 -294.382983 8905.227828 53803.307563 0.677521 0.730954 0.081681 0.684705 -0.667382 0.292882 -0.268596 0.142507 0.952653
1974.700357 -4006.051945 -553640.226899 -842693.755593 0.130030 -0.039128 -0.990738 -0.677095 0.726445 -0.117556 0.724317 0.686109 0.067966
-11.653244 -77.095246 918.943947 8746.575599 0.158569 0.651117 0.742228 -0.753136 0.565877 -0.335514 0.638468 0.505797 -0.580110
-1.480045 -91.690947 2715.011744 8058.699112 -0.043141 0.874381 0.483318 -0.792129 0.264870 -0.549887 0.608827 0.406573 -0.681196
11.441303 -1865.997816 1592.064582 -515652.543120 0.022318 0.834433 0.550657 0.335237 0.512659 -0.790441 0.941869 -0.202242 0.268292
-5.398900 -15.084117 -135.081126 -30.855246 -0.454296 0.574062 0.681225 0.333215 0.818683 -0.467682 -0.826186 0.014528 -0.563211
-7.315511 -15.182312 -93.000002 221.479010 -0.437315 0.628516 0.643213 0.304969 0.776495 -0.551406 -0.846020 -0.044979 -0.531251
-5.875792 -15.726770 -65.346719 91.599498 -0.381184 0.695946 0.608571 0.383301 0.717997 -0.580999 -0.841296 0.011798 -0.540446
-7.523774 -16.243902 82.697423 -362.332480 -0.329384 0.787582 0.520789 -0.368275 -0.615047 0.697203 -0.869414 -0.037854 -0.492633
-6.752530 -17.948110 9.593442 -329.757029 -0.258351 0.843352 0.471181 -0.416892 -0.537315 0.733139 -0.871467 0.007025 -0.490403
-15.537028 -45.828887 2628.983246 0.215248 -0.299314 -0.107608 0.948067 0.817436 -0.541424 0.196620 0.492148 0.833835 0.250018
-24.979681 -40.551943 -440.595358 -160.355427 -0.168749 0.982807 -0.074923 -0.634938 -0.166530 -0.754401 0.753908 0.079733 -0.652124
0.476881 -10.506580 -367.358816 568.277056 0.190940 -0.598407 -0.778107 -0.421047 0.666135 -0.615616 0.886714 0.445166 -0.124765
13.145413 -27.790207 -412.028195 63.708476 0.539831 0.129781 -0.831709 0.764054 0.339119 0.548835 0.353277 -0.931748 0.083908
