18444
36868
-31.991684 -53.012546 -2238.034430 5986.234480 0.611176 0.774685 -0.162254 0.561599 -0.568899 -0.600799 0.557737 -0.276072 0.782760
-40.615017 -67.376538 -2033.130379 6846.184044 0.485490 0.872621 -0.053222 0.737057 -0.441288 -0.511871 0.470155 -0.209281 0.857412
-40.213442 -67.396088 2118.738919 9304.858812 0.312800 0.944851 0.097022 0.798237 -0.206146 -0.565969 0.514756 -0.254482 0.818698
-36.358773 -58.685173 -1583.333631 6401.847130 0.599945 0.759851 -0.250384 0.578293 -0.628140 -0.520593 0.552850 -0.167532 0.816266
-31.092866 -47.269637 -2634.681491 8682.387768 0.420586 0.901156 0.105004 0.688798 -0.241841 -0.683425 0.590478 -0.359765 0.722429
-27.056864 -43.072276 1167.568302 -1300.593459 0.769340 0.391712 -0.504656 -0.137568 0.873007 0.467904 0.623852 -0.290552 0.725526
-29.970113 -48.553308 -713.026604 -2986.953777 0.722405 0.569667 -0.391932 -0.348479 0.789504 0.505219 0.597239 -0.228392 0.768858
76.836873 -66.315726 -20334.331937 -2051.086114 0.690153 0.721434 -0.056763 -0.361401 0.275648 -0.890734 0.626959 -0.635257 -0.450966
71.064750 -54.055055 -17212.214539 -3035.264219 0.684238 0.728578 0.031512 -0.180204 0.210793 -0.960777 0.706644 -0.651721 -0.275525
98.374910 -65.293244 -13596.201750 -3688.007796 0.586163 0.806076 0.081577 -0.254503 0.278785 -0.926017 0.769182 -0.522035 -0.368562
108.258199 -74.542657 -13601.516709 -3128.817857 0.569757 0.820372 0.048653 -0.382303 0.316990 -0.867964 0.727476 -0.475928 -0.494238
75.722822 -79.682537 -24404.415468 -6416.333911 0.690117 0.709418 -0.143057 -0.493328 0.316524 -0.810210 0.529496 -0.629714 -0.568414
36.145395 -68.070708 -23187.580492 -1734.646048 0.758763 0.624544 -0.184995 -0.440873 0.283346 -0.851673 0.479489 -0.727777 -0.490337
102.890269 -81.062215 -15553.621286 -5314.559160 0.590713 0.806804 -0.011156 -0.450433 0.318257 -0.834160 0.669453 -0.497774 -0.551410
-57.954254 -89.922189 -1597.296279 6625.540341 0.544255 -0.090591 0.834014 0.532220 -0.731190 -0.426735 -0.648481 -0.676132 0.349740
-61.594925 -88.236012 248.397226 7094.903286 0.663083 -0.088687 0.743274 0.493178 -0.695217 -0.522923 -0.563113 -0.713308 0.417248
-61.963013 -98.550158 -600.392157 -2916.795335 0.614776 -0.101062 0.782200 -0.387827 0.824834 0.411386 -0.686761 -0.556269 0.467894
-54.832828 -68.322592 2917.798866 10795.849785 -0.392344 -0.091694 -0.915237 0.768063 -0.580145 -0.271131 -0.506108 -0.809336 0.298043
-55.249796 -96.428821 -3397.752201 -1289.881188 0.479867 -0.164913 0.861703 -0.373963 0.850036 0.370933 -0.793650 -0.500243 0.346233
-47.637240 -72.044351 5081.582285 8630.160569 -0.284337 -0.077199 -0.955611 0.753709 -0.634017 -0.173044 -0.592515 -0.769456 0.238460
-47.276934 -84.005895 -5928.069059 -6627.913035 0.350287 -0.059945 0.934722 -0.594423 0.757003 0.271308 -0.723851 -0.650656 0.229536
72.173304 -209.537649 10475.801521 -27202.647427 -0.372944 -0.212690 -0.903148 0.895330 0.172963 -0.410448 0.243509 -0.961690 0.125922
66.905947 -205.822668 8300.642321 32123.773719 -0.372613 -0.230776 -0.898834 0.751860 0.492657 -0.438174 0.543937 -0.839066 -0.010059
58.754443 -211.141070 9854.478628 11421.912086 -0.383777 -0.154124 -0.910473 0.842873 0.344283 -0.413562 0.377201 -0.926129 -0.002221
39.439490 -204.177301 8303.622086 8913.067649 -0.400855 -0.046108 -0.914980 0.854526 0.341263 -0.391567 0.330303 -0.938836 -0.097397
57.041855 -201.629019 12285.575743 -31161.455643 -0.377995 -0.097867 -0.920620 0.923692 0.027316 -0.382160 0.062549 -0.994825 0.080073
-6.222050 -45.046462 -241.889111 -1074.627181 0.207841 0.603031 -0.770166 0.838080 0.296232 0.458115 0.504405 -0.740675 -0.443819
33.312715 -42.269489 12188.505543 -1652.956324 -0.259442 0.510464 -0.819827 0.866731 0.497511 0.035489 0.425989 -0.701362 -0.571511
-11.658204 -48.974657 1502.014214 -941.275734 0.057820 0.558359 -0.827582 0.794408 0.476323 0.376871 0.604626 -0.679229 -0.416024
-17.824600 -51.387682 -1371.303732 -455.008962 0.323982 0.624893 -0.710313 0.684013 0.363966 0.632183 0.653576 -0.690679 -0.309516
0.442106 -39.701580 10881.631330 320.989312 -0.600161 0.703259 -0.381095 0.731550 0.675270 0.094051 -0.323484 0.222345 0.919740
15.309069 -38.540095 10274.554608 -356.530054 -0.573367 0.738258 -0.355282 0.763064 0.639077 0.096508 -0.298300 0.215768 0.929764
11.030006 -36.438429 9157.006701 -322.173792 -0.589117 0.728411 -0.349798 0.717178 0.670780 0.188969 -0.372285 0.139543 0.917568
-1.157355 -38.272996 -10319.588776 451.258467 0.647608 -0.653171 0.392393 0.646611 0.743524 0.170487 -0.403110 0.143317 0.903860
7.570163 -33.873106 -6931.835450 -793.910000 0.637662 -0.686931 0.348588 0.635618 0.724849 0.265677 -0.435175 0.052156 0.898834
21.495610 -32.233466 5201.927703 -1059.602792 -0.580178 0.767447 -0.272798 0.716156 0.640205 0.277952 -0.387960 0.034104 0.921045
-1.153564 -120.752805 -473.718461 -9744.903374 0.426675 0.886152 0.180782 0.078505 0.162847 -0.983523 0.900991 -0.433837 0.000084
-2.771597 -117.242078 -338.518682 -5101.468863 0.415235 0.893007 0.173549 0.057463 0.164645 -0.984678 0.907898 -0.418845 -0.017051
-1.078258 -113.819489 -583.882635 -6697.994726 0.431022 0.881795 0.191464 0.244327 0.090209 -0.965488 0.868634 -0.462926 0.176564
-2.493712 -124.182581 -142.836891 -3019.222988 0.405309 0.899444 0.163477 -0.125068 0.231699 -0.964714 0.905584 -0.370562 -0.206401
2.039720 -116.339130 -943.008902 -8028.212500 0.438306 0.879809 0.183911 0.234381 0.085657 -0.968364 0.867729 -0.467545 0.168667
1.200448 -125.786936 -785.280571 -13338.223114 0.436430 0.883095 0.172257 0.083577 0.150835 -0.985020 0.895848 -0.444289 0.007977
-1.276906 -130.299844 -84.407666 -9182.922044 0.413631 0.893527 0.174696 -0.087485 0.230000 -0.969251 0.906232 -0.385628 -0.173305
11.479338 -1.849722 7078.977624 -3783.817644 -0.646526 0.140582 -0.749827 -0.304234 0.853826 0.422401 0.699604 0.501216 -0.509251
-2.569028 -6.127687 1210.845431 3221.260323 -0.680628 0.691391 -0.242331 -0.225020 -0.512063 -0.828950 0.697217 0.509677 -0.504101
9.164685 0.604690 6022.440217 743.370474 -0.668514 0.217569 -0.711163 -0.264329 0.824301 0.500658 0.695140 0.522678 -0.493547
5.386295 -42.769718 -5547.415779 -798.294709 0.628482 -0.285304 0.723610 -0.444828 0.631321 0.635265 0.638074 0.721135 -0.269863
10.661656 -39.704746 -5927.704582 -2065.765629 0.628950 -0.285024 0.723314 -0.402542 0.676559 0.616626 0.665118 0.678991 -0.310787
13.053744 -43.308415 -4618.145705 -904.371902 0.568621 -0.241663 0.786301 -0.489578 0.668726 0.559570 0.661048 0.703139 -0.261939
6.043934 -40.725332 -5008.606235 1866.760206 0.619983 -0.284710 0.731137 -0.485338 0.593017 0.642478 0.616497 0.753174 -0.229480
-4.162589 -44.893977 -2920.720279 -2037.694234 0.660899 -0.337978 0.670062 -0.439424 0.549517 0.710589 0.608375 0.764069 -0.214660
-2.354623 -77.086086 459.773043 -4238.082822 -0.364371 0.045203 -0.930156 0.629725 -0.723879 -0.281861 -0.686061 -0.688445 0.235295
-3.326923 -87.215423 233.777534 -7577.439528 -0.332280 0.005264 -0.943166 0.726915 -0.635752 -0.259643 -0.600986 -0.771875 0.207421
-3.158148 -86.093025 499.968613 -3093.353578 -0.350357 0.022965 -0.936335 0.654305 -0.709311 -0.262225 -0.670175 -0.704521 0.233486
-2.237464 -81.129326 -790.079216 946.046671 0.384977 -0.074426 0.919920 -0.539224 0.790789 0.289639 -0.749020 -0.607547 0.264303
-0.831075 -72.017822 -770.680194 489.549021 0.402728 -0.101429 0.909683 -0.519825 0.792673 0.318515 -0.753388 -0.601150 0.266506
1.424919 -63.724028 -1250.638399 2109.423519 0.625459 0.699268 -0.346159 -0.231495 -0.257366 -0.938175 0.745125 -0.666924 -0.000905
0.789638 -61.308580 -1308.303486 1350.404154 0.633436 0.693281 -0.343686 -0.334397 -0.155282 -0.929552 0.697809 -0.703739 -0.133469
-1.869982 -63.584832 -611.227709 618.727500 0.618923 0.707093 -0.341985 -0.222346 -0.259863 -0.939698 0.753324 -0.657640 0.003616
-5.783810 -173.839020 -3783.061208 -25139.174424 0.486620 0.164168 0.858050 0.682146 0.542208 -0.490599 -0.545782 0.824051 0.151863
11.415274 -175.948307 -9160.440098 -27429.881923 0.492838 0.206871 0.845172 0.685561 0.505838 -0.523578 -0.535833 0.837456 0.107474
2.107738 -131.704225 -6159.882614 -24973.788310 0.501194 0.196650 0.842694 0.524730 0.705296 -0.476671 -0.688086 0.681092 0.250302
-10.552106 -129.697854 -1988.893859 -22378.362590 0.499088 0.140130 0.855146 0.523590 0.737563 -0.426445 -0.690481 0.660579 0.294738
-15.721023 -169.569881 -998.413059 -23728.549938 0.482678 0.114397 0.868295 0.674082 0.584437 -0.451715 -0.559139 0.803335 0.204982
17.486811 -123.871801 -2018.078964 -17844.403544 -0.345609 -0.065890 -0.936062 -0.501884 0.855846 0.125060 0.792885 0.513017 -0.328858
15.370014 -102.554026 -2141.614497 -16581.138780 -0.317252 -0.101834 -0.942858 -0.410067 0.911197 0.039564 0.855100 0.399187 -0.330837
13.506084 -120.691684 -1984.596611 -15543.648202 -0.335118 -0.035769 -0.941497 -0.523464 0.837925 0.154489 0.783378 0.544612 -0.299527
18.125565 -107.577806 -804.614597 -19146.104748 -0.336293 -0.126533 -0.933218 -0.400955 0.915873 0.020306 0.852140 0.381007 -0.358735
16.211403 -144.512594 -1711.722612 -15211.095445 -0.378998 -0.016328 -0.925253 -0.609863 0.756408 0.236461 0.696008 0.653896 -0.296636
17.802702 -137.488711 -896.980639 -19968.547822 -0.372265 -0.066630 -0.925732 -0.510856 0.847446 0.144436 0.774883 0.526684 -0.349513
38.294260 -36.194708 8312.919414 -8584.526592 -0.547012 -0.610558 -0.572709 0.834148 -0.339907 -0.434350 0.070528 -0.715320 0.695229
48.571229 -24.484772 4467.985250 -5315.309452 -0.561759 -0.670562 -0.484534 0.818507 -0.365320 -0.443383 0.120306 -0.645668 0.754081
47.599299 -35.454882 4875.935272 -8161.402505 -0.512128 -0.677054 -0.528510 0.849443 -0.308141 -0.428365 0.127171 -0.668316 0.732926
19.117432 -65.885505 18583.965535 63.445244 -0.438915 -0.022983 -0.898235 -0.500712 0.836324 0.223270 0.746084 0.547754 -0.378583
27.547675 -62.951006 12523.214911 -725.011494 -0.397035 0.020022 -0.917585 -0.577547 0.771551 0.266737 0.713304 0.635852 -0.294769
12.250272 -68.414880 15657.570039 1155.315913 -0.440952 0.007159 -0.897502 -0.570059 0.770137 0.286219 0.693249 0.637838 -0.335512
-60.646334 -668.971787 -10286.903911 310178.892917 -0.084111 -0.032825 -0.995916 0.911224 -0.406980 -0.063544 -0.403232 -0.912847 0.064143
-55.033858 -722.115620 -1013.078833 293885.634937 0.021043 -0.018313 -0.999611 0.741335 -0.670555 0.027891 -0.670805 -0.741634 -0.000534
-67.511605 -415.938523 -7754.110696 155465.032772 0.080892 -0.011738 -0.996654 0.918208 -0.388121 0.079096 -0.387750 -0.921534 -0.020618
-62.973086 -274.500867 3016.031211 101613.138007 0.128744 -0.079204 -0.988510 0.982592 -0.124440 0.137943 -0.133936 -0.989061 0.061804
-56.123564 -323.547588 -877.609120 108522.781288 0.186273 0.024368 -0.982196 0.937485 -0.303532 0.170263 -0.293979 -0.952510 -0.079385
-61.017243 -246.797055 -2244.300768 98253.372710 0.192970 -0.018070 -0.981038 0.977780 -0.079920 0.193801 -0.081906 -0.996637 0.002246
-53.861629 -399.597851 1900.677232 96250.285711 0.134620 0.092550 -0.986566 0.789805 -0.611281 0.050427 -0.598402 -0.785983 -0.155388
-4.583686 -227.933015 -26614.820105 53579.213307 -0.451455 0.393664 -0.800760 -0.236028 0.812767 0.532636 0.860511 0.429463 -0.274012
12.921770 -252.398616 -20326.077483 32314.390908 -0.461555 0.410394 -0.786475 0.020632 0.891284 0.452977 0.886871 0.192847 -0.419844
-12.010388 -239.434983 -14821.312638 40227.367789 -0.460905 0.338775 -0.820243 -0.187355 0.866293 0.463072 0.867447 0.367108 -0.335807
12.390302 -213.149684 -22777.108524 37331.628561 -0.461430 0.411168 -0.786145 -0.173711 0.827095 0.534546 0.870004 0.383217 -0.310222
-20.060642 -206.291718 -11654.601033 44237.852027 -0.456235 0.301085 -0.837375 -0.427057 0.751487 0.502881 0.780687 0.587039 -0.214275
-8.284614 -182.014674 -15542.369267 36134.311951 -0.462100 0.353243 -0.813439 -0.407823 0.729858 0.548624 0.787492 0.585258 -0.193207
3.210949 -123.648103 788.146391 30698.241052 0.405319 -0.276849 0.871247 0.751572 -0.441651 -0.489984 0.520438 0.853405 0.029063
2.015156 -131.939771 -83.455632 8533.918331 0.400351 -0.277398 0.873367 0.817405 -0.322701 -0.477194 0.414208 0.904939 0.097553
1.027676 -116.679740 -3179.592657 28142.618915 0.426325 -0.269963 0.863346 0.729989 -0.460960 -0.504612 0.534194 0.845362 0.000551
2.927287 -100.652646 -2995.298270 31016.130651 0.435708 -0.276105 0.856694 0.675604 -0.528584 -0.513964 0.594743 0.802724 -0.043771
2783.892602 -5144.173801 623129.365868 -4278113.649692 -0.217908 0.252732 -0.942679 0.604536 0.793233 0.072922 0.766193 -0.553993 -0.325637
154.370945 -2180.780772 51013.371838 -714761.983415 -0.402863 0.053954 -0.913669 0.463749 0.872665 -0.152948 0.789074 -0.485330 -0.376585
92.390200 -1917.531167 24716.649185 592149.847911 -0.597267 -0.058121 -0.799934 0.796806 -0.156786 -0.583539 -0.091503 -0.985921 0.139954
220.952055 -4445.349867 -3202.178976 -1593578.323353 0.645408 -0.008134 0.763795 -0.251248 0.942041 0.222338 -0.721334 -0.335400 0.605957
-683.800503 -3838.973559 -203909.621404 387541.902828 -0.664137 -0.094627 -0.741598 0.669259 -0.517337 -0.533343 -0.333188 -0.850534 0.406913
3.646022 -42.449312 -2069.815266 3284.388032 -0.466499 0.863896 0.189899 0.684744 0.216812 0.695786 -0.559915 -0.454616 0.692690
1.376739 -45.967502 -2368.412084 697.495796 -0.469474 0.861873 0.191753 0.613130 0.161956 0.773202 -0.635346 -0.480568 0.604475
9.293301 -43.103265 -2953.384020 2525.909644 -0.495077 0.855909 0.149393 0.649172 0.250114 0.718345 -0.577473 -0.452618 0.679457
11.879444 -35.443013 -2578.770240 4509.320796 -0.496147 0.856481 0.142403 0.705577 0.302156 0.640986 -0.505965 -0.418499 0.754227
15.143954 -43.136497 -3382.243914 1782.393888 -0.499817 0.858482 0.114856 0.620975 0.262736 0.738485 -0.603799 -0.440430 0.664416
16.934275 -36.866357 -3131.253729 3775.035359 -0.511187 0.853770 0.098817 0.673573 0.326551 0.663072 -0.533842 -0.405514 0.742005
2.315927 -211.559148 -293.316095 47198.033031 -0.458034 -0.217362 -0.861950 0.302452 0.873687 -0.381043 0.835899 -0.435230 -0.334437
1.384399 -271.440337 -607.868999 62489.148375 -0.471085 -0.242268 -0.848166 0.508069 0.711500 -0.485421 0.721072 -0.659601 -0.212088
-1.108381 -214.460224 -721.015496 53592.128412 -0.446792 -0.218349 -0.867583 0.316553 0.868440 -0.381585 0.836762 -0.445125 -0.318893
53.756470 -38.054343 5446.478004 -4563.806549 -0.272167 -0.199082 -0.941431 0.173828 0.952096 -0.251590 0.946419 -0.232121 -0.224523
58.307969 -39.908271 5531.123561 -560.450370 -0.275242 -0.230772 -0.933267 0.201257 0.935421 -0.290660 0.940073 -0.267828 -0.211023
50.702606 -35.958823 -4019.839517 -2862.352372 -0.187165 -0.257708 -0.947922 0.167118 0.942554 -0.289246 0.968009 -0.212552 -0.133346
45.209369 -43.052544 -2123.156189 -5277.621643 -0.193335 -0.202834 -0.959937 0.098242 0.969478 -0.224636 0.976202 -0.137736 -0.167508
38.796788 -39.879280 -10496.319683 -4176.452833 -0.100172 -0.246117 -0.964050 0.088967 0.962827 -0.255049 0.990985 -0.111317 -0.074552
-13.148515 -29.501656 18.328056 -484.228957 -0.432151 0.882358 0.186254 0.416471 0.378465 -0.826629 0.799873 0.279659 0.531031
-13.097432 -31.958531 160.513429 -417.513147 -0.502361 0.831151 0.238371 0.357787 0.450791 -0.817787 0.787160 0.325539 0.523835
-10.959951 -29.084617 -566.738155 90.603192 -0.368212 0.926005 0.083280 0.531773 0.283231 -0.798121 0.762652 0.249592 0.596713
-7.368787 -111.001268 -1365.667861 -3337.943099 0.138826 0.990207 0.014730 -0.821397 0.106825 0.560263 -0.553203 0.089879 -0.828184
-7.732925 -106.089912 -1431.660016 -2150.127456 0.159812 0.987144 0.002507 -0.905265 0.145543 0.399139 -0.393643 0.066057 -0.916887
-3.140792 -111.803960 -1191.021615 -3617.623857 0.157285 0.987526 -0.007351 -0.907032 0.147401 0.394417 -0.390581 0.055368 -0.918902
-90.117793 -2348.348971 26073.617109 -219759.758410 -0.070758 0.145615 -0.986808 0.854167 -0.502080 -0.135335 -0.515163 -0.852474 -0.088853
-196.218450 -1041.337255 199826.796316 -100142.364986 0.010425 0.106097 -0.994301 0.884812 -0.464205 -0.040256 -0.465831 -0.879350 -0.098715
207.999651 -1222.140537 -325514.775006 211697.817114 0.047846 -0.320508 0.946037 -0.573038 0.766950 0.288816 -0.818131 -0.555933 -0.146968
-502.379494 -2448.899677 210994.062073 -1014689.779623 0.444886 0.020809 -0.895345 0.887916 -0.140815 0.437922 -0.116966 -0.989817 -0.081123
114.900901 -4382.164176 -104438.566847 -3315809.601348 0.264665 -0.262044 0.928055 -0.449780 0.817740 0.359165 -0.853024 -0.512478 0.098565
-218.270841 -1301.334455 122329.500586 -500830.277870 0.478286 0.020630 -0.877962 0.872154 -0.128305 0.472108 -0.102907 -0.991520 -0.079359
115.902093 -543.785089 -110873.192177 -330385.865265 0.335392 -0.360924 -0.870199 0.756053 -0.447962 0.477195 -0.562047 -0.817963 0.122635
-19.824976 -411.887954 -9828.372192 167876.880001 0.043416 -0.105925 -0.993426 0.246567 0.964740 -0.092091 0.968153 -0.240948 0.068003
-19.860061 -161.950279 -7799.168468 68240.447032 0.051323 -0.053279 -0.997260 0.055940 0.997161 -0.050395 0.997114 -0.053200 0.054158
0.122181 -374.116054 -7415.666880 148231.387615 0.078145 -0.072049 -0.994335 0.277938 0.959415 -0.047676 0.957415 -0.272638 0.094999
-18.030518 -332.146475 -11328.377722 88424.743764 0.042064 -0.127742 -0.990915 0.567176 0.819547 -0.081574 0.822521 -0.558592 0.106926
7.232173 -213.613012 402.413198 -103330.537371 -0.124211 -0.055834 -0.990684 0.950103 -0.294609 -0.102519 -0.286140 -0.953986 0.089641
10.213692 -83.589904 -274.624975 -29872.366276 -0.188076 -0.077159 -0.979119 0.935412 -0.317955 -0.154624 -0.299385 -0.944961 0.131975
7.941482 -236.437516 -155.129373 -119274.928321 -0.157833 -0.077682 -0.984405 0.954919 -0.265843 -0.132127 -0.251433 -0.960881 0.116139
-15.044238 -31.884206 221.004119 -1280.810383 0.069418 0.892744 -0.445184 0.451810 -0.426003 -0.783830 0.889409 0.146727 0.432923
-17.680418 -36.591354 124.850115 -1843.917742 0.142908 0.803074 -0.578489 0.328823 -0.589812 -0.737562 0.933516 0.084817 0.348358
-17.180317 -32.794636 -1016.631905 -1459.903771 0.055573 0.885699 -0.460923 0.393307 -0.443730 -0.805241 0.917726 0.136535 0.373011
-17.513169 -76.805661 -1865.285822 9424.283039 -0.009590 0.999101 -0.041293 0.390485 0.041758 0.919662 -0.920559 0.007305 0.390534
-24.891961 -86.283867 798.618269 2198.424329 0.044522 0.998694 -0.025068 0.247311 0.013294 0.968845 -0.967913 0.049335 0.246396
-26.486804 -86.291887 -3552.063125 12504.061568 -0.115532 0.961494 -0.249361 0.318562 0.273647 0.907544 -0.940835 -0.025414 0.337911
-9.921875 -71.575068 -8633.794032 13066.146029 -0.110457 0.986512 -0.120803 0.467682 0.158840 0.869508 -0.876968 -0.039546 0.478919
-10.429624 -71.442064 -1591.460455 14413.437449 -0.131604 0.948035 -0.289671 0.477057 0.316719 0.819821 -0.868963 0.030298 0.493948
-40.644247 -100.404995 -2348.554164 8283.023166 -0.096778 0.912520 -0.397419 0.062436 0.404073 0.912594 -0.993346 -0.063506 0.096079
-45.531531 -101.943615 1945.938166 6464.862729 -0.160187 0.833216 -0.529236 0.063820 0.543780 0.836797 -0.985021 -0.100268 0.140282
-38.969259 -102.054422 5590.557530 22626.855884 -0.166777 0.843991 -0.509770 0.340595 0.534499 0.773503 -0.925300 0.044622 0.376601
108.886674 11.218612 20898.974263 20983.683809 0.223722 0.968426 -0.109998 0.816169 -0.124458 0.564250 -0.532745 0.216012 0.818243
48.941867 0.019085 12532.252367 24932.437481 0.115519 0.959503 -0.256923 0.834579 0.046504 0.548922 -0.538640 0.277833 0.795409
83.212977 4.069380 29741.369451 3861.798716 0.155117 0.897294 -0.413283 0.787135 0.140536 0.600556 -0.596956 0.418466 0.684492
110.393728 -108.452877 21805.239749 -74080.591748 0.368164 0.920021 -0.134228 0.573720 -0.111194 0.811469 -0.731643 0.375763 0.568772
0.739912 -45.049254 20869.739723 -5282.686345 -0.700536 -0.183632 0.689586 -0.086245 0.981028 0.173627 -0.708386 0.062159 -0.703083
2.582945 -30.194521 12335.614908 -9163.904920 -0.710128 -0.158990 0.685887 -0.119228 0.987256 0.105407 -0.693904 -0.006925 -0.720034
-4.880933 -50.246506 2516.657704 -9999.197709 -0.704932 -0.039228 0.708190 0.036238 0.995173 0.091196 -0.708349 0.089951 -0.700108
57.102999 -58.145038 35380.792828 -886.483625 -0.669765 -0.108596 0.734589 0.043966 0.981714 0.185216 -0.741270 0.156348 -0.652743
18.010640 -45.044283 40752.361261 1119.124549 -0.682449 -0.221048 0.696707 -0.038003 0.962616 0.268189 -0.729945 0.156548 -0.665337
-33.579541 -44.898780 17307.096842 998.654075 -0.710197 -0.339245 0.616873 -0.154375 0.929956 0.333692 -0.686868 0.141757 -0.712823
63.660045 -101.159289 13330.485519 -2591.783644 0.703631 -0.669663 0.237601 0.710211 0.673350 -0.205427 -0.022421 0.313291 0.949392
63.453746 -107.885394 15212.059292 -2561.292033 0.698094 -0.668906 0.255403 0.705093 0.580187 -0.407709 0.124537 0.464702 0.876666
52.867634 -102.969830 20457.495126 -2800.592349 0.701468 -0.694395 0.160496 0.710941 0.665943 -0.226017 0.050064 0.272647 0.960811
51.164973 -98.089675 16188.951171 -3246.199650 0.694669 -0.697222 0.176966 0.709425 0.704732 -0.008257 -0.118957 0.131279 0.984182
60.397273 -93.951537 9277.917847 -3111.672955 0.689866 -0.678131 0.253425 0.697725 0.716163 0.017029 -0.193042 0.165073 0.967205
157.176231 -92.164421 -88114.038472 -16383.980508 0.020568 0.396614 0.917755 0.697266 0.652176 -0.297469 -0.716518 0.646038 -0.263131
205.094987 -62.703023 -125548.594380 -7234.720721 -0.040400 0.439231 0.897465 0.616156 0.718041 -0.323681 -0.786588 0.539901 -0.299644
74.870127 -93.378749 -52604.720804 -16096.481277 -0.126737 0.363482 0.922940 0.705056 0.687490 -0.173937 -0.697735 0.628680 -0.343406
-5.207860 -32.173222 6392.995539 -392.298859 -0.277321 0.959166 0.055627 0.008111 -0.055559 0.998422 -0.960743 -0.277335 -0.007628
3.718272 -34.199423 4195.842938 -1029.732070 -0.281318 0.955415 0.089683 0.012905 -0.089682 0.995887 -0.959528 -0.281319 -0.012899
-3.804082 -31.159588 6168.787916 -1915.738996 -0.273058 0.954381 0.120811 -0.056143 -0.141179 0.988391 -0.960358 -0.263106 -0.092132
-14.729993 -29.977069 7030.281734 -1407.031815 -0.290346 0.949221 0.121158 -0.053149 -0.142413 0.988379 -0.955445 -0.280532 -0.091799
-12.571842 -27.076955 7269.941819 -2169.720653 -0.285621 0.938958 0.191776 -0.106263 -0.229908 0.967394 -0.952433 -0.255929 -0.165443
-1.939939 -27.693775 4695.244556 -1982.428195 -0.283954 0.945064 0.161939 -0.110529 -0.200028 0.973536 -0.952446 -0.258540 -0.161256
-3.627262 -56.353207 -346.316576 -2837.381910 -0.550774 0.816977 -0.170869 -0.622686 -0.265875 0.735916 -0.555797 -0.511721 -0.655157
-5.348754 -52.927046 -525.487474 -2215.947748 -0.531804 0.827772 -0.178824 -0.630423 -0.245964 0.736253 -0.565465 -0.504277 -0.652651
-2.500588 -47.756036 -634.582622 1938.878119 -0.508585 0.830964 -0.225477 0.751628 0.300739 -0.587036 -0.419996 -0.468033 -0.777527
-1.026702 -50.572409 -414.498019 2583.960891 -0.530953 0.821270 -0.208817 0.739811 0.329078 -0.586845 -0.413242 -0.466072 -0.782309
-1.954891 -43.098334 -784.041696 618.382599 -0.469105 0.844374 -0.258792 0.835717 0.329691 -0.439182 -0.285513 -0.422299 -0.860318
0.349422 -44.097522 -678.651329 1006.885998 -0.489396 0.835536 -0.249742 0.826814 0.353520 -0.437494 -0.277253 -0.420599 -0.863845
10.110377 -104.770381 553.343993 -1691.321456 -0.651243 0.758780 0.011606 -0.749895 -0.641121 -0.163159 0.116361 0.114959 -0.986532
8.162655 -103.224827 815.744072 -3174.285947 -0.652404 0.756987 0.036585 0.756503 0.647569 0.091421 0.045513 0.087320 -0.995140
10.039401 -97.930223 90.958242 6595.625366 -0.648388 0.761309 -0.000985 -0.757133 -0.644695 0.105440 -0.079638 -0.069111 -0.994425
9.772491 -77.892846 222.179310 -3373.221841 0.619993 -0.775190 -0.121202 0.719113 0.499632 0.482955 -0.313825 -0.386586 0.867217
9.315218 -97.066096 462.255981 -9332.233696 0.594146 -0.789973 -0.151439 0.783064 0.525039 0.333384 -0.183853 -0.316665 0.930549
5.679041 -74.233147 967.670370 -8389.535362 0.619919 -0.766967 -0.165719 0.728967 0.484772 0.483325 -0.290358 -0.420426 0.859613
5.905201 -60.166497 864.339614 1923.236391 0.680472 -0.725624 -0.102117 -0.621815 -0.498069 -0.604378 -0.387690 -0.474761 0.790126
11.530497 -70.095670 294.072853 554.092711 0.675929 -0.733516 -0.071227 -0.593817 -0.484847 -0.642109 -0.436464 -0.476316 0.763297
-3.493294 -140.998828 804.427102 -7018.470714 -0.614693 0.783766 0.088679 -0.518243 -0.486066 0.703679 -0.594623 -0.386589 -0.704963
-2.102162 -137.806182 515.776624 -792.173124 -0.618411 0.778771 0.105282 -0.398282 -0.426085 0.812295 -0.677451 -0.460400 -0.573666
-2.082859 -133.604495 415.910682 -5152.956370 -0.609409 0.788251 0.085333 -0.528424 -0.484039 0.697477 -0.591092 -0.379957 -0.711508
-14.238153 -71.944656 6581.906591 4261.201248 -0.005362 0.800159 0.599765 0.118058 -0.595072 0.794954 -0.992992 -0.075069 0.091274
-17.499085 -73.104356 2793.289654 2733.928055 -0.068896 0.840743 0.537034 0.054601 -0.534328 0.843512 -0.996129 -0.087437 0.009092
-18.046855 -73.664558 3763.791141 -219.745943 -0.040893 0.821855 0.568227 0.188112 -0.552201 0.812212 -0.981296 -0.140104 0.132019
7.646079 -126.102009 -530.658780 1364.859127 0.785710 -0.612159 0.089005 -0.418444 -0.419989 0.805303 0.455592 0.669979 0.586144
5.731375 -125.496087 -802.822392 4519.371809 0.792123 -0.601625 0.102896 -0.516838 -0.571472 0.637416 0.324683 0.558092 0.763619
3.322608 -127.078085 -1469.598936 991.814019 0.799630 -0.592834 0.095600 -0.431334 -0.456286 0.778302 0.417783 0.663590 0.620570
8.157910 -128.778223 -541.243709 -3926.319835 0.793409 -0.603420 0.079911 -0.286133 -0.253864 0.923949 0.537243 0.755935 0.374076
10.671372 -128.826486 -519.573733 -2263.380835 0.779375 -0.620982 0.083405 -0.309276 -0.265515 0.913154 0.544907 0.737484 0.398991
-10.159701 -94.245058 -479.187326 909.468615 -0.392780 0.916635 -0.074185 -0.643721 -0.331651 -0.689660 0.656770 0.223131 -0.720323
-10.231695 -95.260315 -621.052869 -333.643921 -0.369711 0.926696 -0.067437 -0.499156 -0.259309 -0.826802 0.783682 0.272016 -0.558435
-8.060524 -98.204027 -657.995152 900.060115 -0.358269 0.928124 -0.101135 -0.645843 -0.324604 -0.691028 0.674189 0.182257 -0.715718
-11.863577 -92.267113 -352.302322 349.415756 -0.417956 0.907174 -0.048457 -0.502537 -0.275307 -0.819550 0.756815 0.318184 -0.570955
-9.276703 -93.550226 -530.512521 563.075442 -0.401057 0.911060 -0.095521 -0.757013 -0.388338 -0.525475 0.515834 0.138435 -0.845430
-10.937235 -90.803544 -212.082775 485.765940 -0.432950 0.899626 -0.056815 -0.750557 -0.394681 -0.529992 0.499218 0.186817 -0.846097
-11.643722 -91.349791 -178.128852 1177.661519 -0.434787 0.899488 -0.043368 -0.640708 -0.342823 -0.686997 0.632813 0.270911 -0.725365
48.164729 -22.782535 -9518.470047 2179.849587 -0.099939 0.783624 -0.613144 -0.420640 0.525179 0.739763 -0.901706 -0.331844 -0.277137
37.487877 -27.388931 -9782.212945 4459.119966 -0.175912 0.831347 -0.527179 -0.441338 0.412090 0.797121 -0.879929 -0.372887 -0.294414
49.608876 -19.736748 -7986.650703 1894.869646 -0.032339 0.818318 -0.573855 -0.464772 0.495988 0.733473 -0.884839 -0.290432 -0.364292
3.781382 -128.121878 -7809.329142 -16045.671847 0.574857 -0.734000 0.361641 0.703066 0.216965 -0.677218 0.418615 0.643561 0.640774
8.677576 -164.583729 -7666.616608 22271.784440 0.605825 -0.734419 0.305948 -0.566417 -0.128097 0.814103 0.558702 0.666498 0.493592
13.031775 -129.763038 -15784.161456 -19727.583836 0.555917 -0.732824 0.392333 0.741720 0.224252 -0.632110 0.375243 0.642402 0.668216
3.665874 -101.497172 -14657.831200 -16471.010283 0.540876 -0.728029 0.421221 0.809321 0.314113 -0.496318 0.229023 0.609350 0.759106
-6.516992 -104.245382 -5689.606677 -12397.332927 0.573030 -0.730056 0.372364 0.769928 0.323889 -0.549824 0.280798 0.601760 0.747688
-3.973897 -179.561199 310.937777 4900.505269 -0.461460 0.870104 -0.173127 -0.226539 0.073109 0.971254 -0.857750 -0.487415 -0.163376
-4.137560 -175.773649 263.136311 5570.652994 -0.465025 0.864869 -0.189084 -0.194779 0.108397 0.974839 -0.863605 -0.490154 -0.118051
-2.796090 -171.432322 344.785257 4535.126619 -0.461029 0.867387 -0.187327 -0.029168 0.196174 0.980135 -0.886906 -0.457335 0.065142
-2.991593 -11.161744 2142.046342 922.452945 0.608136 -0.690855 -0.391012 0.435809 -0.121144 0.891849 0.663507 0.712772 -0.227409
-3.221677 -12.444202 -1457.427995 812.169434 0.732231 -0.671733 -0.112305 0.228735 0.087235 0.969572 0.641497 0.735639 -0.217525
-6.380146 -8.310469 2710.291448 328.055668 0.600318 -0.685127 -0.412576 0.435361 -0.152790 0.887195 0.670879 0.712219 -0.206555
-2.547623 -8.677012 -2850.530401 437.569187 -0.484296 0.655497 0.579466 0.537417 -0.299759 0.788243 0.690391 0.693158 -0.207103
-0.674121 -11.368263 1454.349311 1041.308849 0.550102 -0.671939 -0.495869 0.495506 -0.215332 0.841490 0.672207 0.708611 -0.214496
70.399020 5.532350 -34243.019720 -12963.934430 -0.178386 -0.359655 0.915875 -0.472177 0.847919 0.241003 -0.863265 -0.389464 -0.321078
79.744542 -0.658560 -17524.970363 -26807.624285 0.004045 -0.513896 0.857843 -0.501243 0.741260 0.446419 -0.865297 -0.431793 -0.254588
110.239760 24.954264 -45733.582229 -9912.750339 -0.170273 -0.225388 0.959275 -0.471278 0.873563 0.121597 -0.865393 -0.431380 -0.254964
115.878476 29.576890 -40976.287000 -13868.395143 -0.101117 -0.196873 0.975201 -0.497440 0.858903 0.121816 -0.861585 -0.472786 -0.184782
62.703961 -558.575538 -17927.363825 3285.708459 -0.414819 0.838763 -0.352707 0.868024 0.481034 0.123050 -0.272874 0.255114 0.927608
44.606575 -547.996052 -4863.943655 63953.134366 0.451713 -0.819856 0.351839 0.892161 0.414260 -0.180103 0.001906 0.395252 0.918571
55.744353 -622.401362 -78387.440130 42392.604246 0.419230 -0.810882 0.408310 0.876291 0.479015 0.051570 -0.237404 0.336178 0.911385
57.621294 -543.451470 56386.277789 -10763.377268 -0.388235 0.838401 -0.382567 0.786017 0.517968 0.337472 -0.481094 0.169686 0.860090
57.407027 -820.375104 82906.705914 -313731.907250 -0.413206 0.835474 -0.362277 0.753199 0.537152 0.379682 -0.511812 0.115980 0.851232
48.882019 -798.865183 -30046.068026 -3510.848023 0.520805 -0.807969 0.275586 0.851339 0.515439 -0.097691 -0.063116 0.285495 0.956299
6.405172 -106.125943 -4569.777337 4714.819446 -0.625179 0.759552 -0.179533 0.083243 -0.163826 -0.982971 0.776029 0.629478 -0.039193
0.349477 -104.236942 -6950.411308 3467.585311 -0.614320 0.766967 -0.185399 0.074416 -0.177601 -0.981285 0.785540 0.616620 -0.052030
4.757892 -100.557774 -4823.767323 -4824.689586 -0.630278 0.761109 -0.153180 0.157666 -0.067709 -0.985168 0.760192 0.645081 0.077325
-3.814157 -96.522837 -2110.296005 -9449.790267 -0.638189 0.750904 -0.169876 0.233318 -0.021634 -0.972160 0.733674 0.660057 0.161393
0.941021 -96.200813 -4924.409991 -13125.973460 -0.634754 0.760596 -0.136314 0.268464 0.051654 -0.961904 0.724579 0.647168 0.236980
16.354844 -70.058294 1646.029807 9136.574518 0.203169 0.978282 -0.041065 0.002175 0.041489 0.999137 -0.979141 0.203083 -0.006302
10.717735 -67.498756 3074.281491 7112.866742 0.240132 0.970627 -0.014856 -0.042762 0.025865 0.998750 -0.969798 0.239197 -0.047717
14.150724 -63.302182 1618.137420 10685.256895 0.217083 0.974315 -0.059885 0.061566 0.047560 0.996969 -0.974210 0.220112 0.049661
26.198409 -23.986456 -2747.679127 -6967.072597 -0.547068 0.837084 0.002519 -0.073435 -0.044994 -0.996285 0.833861 0.545221 -0.086086
21.047538 -24.027306 -2867.132871 -8975.670154 -0.489240 0.871771 0.025672 -0.066373 -0.007866 -0.997764 0.869620 0.489850 -0.061710
28.932129 0.523501 -2863.091287 -13543.915508 -0.558533 0.821334 -0.115982 0.049983 -0.106245 -0.993083 0.827975 0.560467 -0.018289
30.092384 -5.700899 -1004.395741 -9887.643997 -0.634982 0.765760 -0.102026 0.023858 -0.112567 -0.993358 0.772158 0.633198 -0.053208
27.282981 -23.840303 -774.149644 -5121.708164 -0.620856 0.783725 -0.017692 -0.074717 -0.081626 -0.993858 0.780356 0.615721 -0.109236
-1005.146768 -1146.011665 258107.134073 459717.298762 0.256158 0.942541 -0.214476 -0.014834 0.225686 0.974087 -0.966521 0.246339 -0.071793
-1282.996709 -2154.703572 -84596.280290 183900.669726 -0.260112 -0.219032 0.940408 -0.330326 0.935353 0.126488 -0.907318 -0.277741 -0.315648
-1346.790759 -3147.053967 618380.412756 2818033.685837 0.251070 0.074340 0.965110 0.081256 0.991909 -0.097542 -0.964552 0.102911 0.242998
-2004.391022 -11386.766751 592216.045213 6411420.959407 0.182601 -0.500070 0.846515 0.641849 0.712839 0.282650 -0.744773 0.491723 0.451135
-3408.923087 -14567.853303 1358601.424560 -9568695.895897 0.554557 0.536995 0.635691 -0.347173 0.843560 -0.409727 -0.756265 0.006522 0.654232
-2.888132 -253.588404 3711.635268 119872.411515 0.879327 0.462286 0.114352 -0.162936 0.066424 0.984398 -0.447478 0.884240 -0.133731
-33.218182 -57.558923 9531.533438 26373.968693 0.923676 0.348443 -0.159407 0.063985 0.269916 0.960756 -0.377795 0.897626 -0.227020
28.647520 -552.836108 20878.524844 206313.617814 0.970202 0.238318 -0.043727 -0.074419 0.464842 0.882260 -0.230585 0.852717 -0.468726
1583.282784 -384.490356 -567707.418671 54354.459324 0.014326 0.452090 0.891857 0.777588 0.555709 -0.294184 -0.628611 0.697712 -0.343579
-1395.594347 -22268.853248 -1061913.256767 -20000381.480410 0.774580 0.480995 0.410694 -0.630809 0.634628 0.446461 0.045892 0.604889 -0.794986
-25.051595 -150.241251 625.773393 40942.454737 0.700665 0.327194 0.634045 -0.697579 0.127522 0.705068 -0.149839 0.936313 -0.317594
-1.234496 -71.107669 1796.567106 -10108.869675 0.365026 0.379372 0.850196 0.914702 0.023970 -0.403417 -0.173425 0.924934 -0.338263
-5.067912 -90.277843 4335.035469 -13058.702062 0.439024 0.333705 0.834205 0.897039 -0.110327 -0.427958 -0.050776 0.936199 -0.347783
-32.497900 -206.054631 2285.746019 55744.877051 0.747408 0.237407 0.620500 -0.664364 0.269361 0.697184 0.001622 0.933318 -0.359047
-30.292049 -1336.391573 14281.576750 542632.947515 0.735124 0.323950 0.595524 -0.671654 0.228748 0.704666 -0.092052 0.918003 -0.385741
13.051975 -505.478447 1229.017837 206405.249525 -0.754544 -0.038879 -0.655096 -0.037636 0.999164 -0.015950 0.655169 0.012620 -0.755377
11.167295 -481.838528 634.371804 -31038.991068 -0.743765 -0.026731 -0.667906 0.253910 0.913008 -0.319289 0.618339 -0.407064 -0.672277
13.645665 -621.069324 -2526.352944 281225.738245 -0.708286 -0.033757 -0.705118 -0.078657 0.996410 0.031308 0.701530 0.077637 -0.708398
-53.435730 -82.400166 1258.223505 4763.309458 0.200926 0.973874 0.105820 0.923206 -0.152125 -0.352915 0.327597 -0.168604 0.929652
-43.746109 -75.709530 -2582.546605 4089.799046 0.436846 0.897339 -0.062837 0.815330 -0.424495 -0.393751 0.380002 -0.120776 0.917067
-41.730520 -71.311140 -1675.968420 7166.012333 0.515702 0.829791 -0.213301 0.705661 -0.552567 -0.443523 0.485894 -0.078208 0.870512
92.848137 -61.490814 -11923.465535 -3817.397989 0.555703 0.817619 0.150642 -0.125276 0.261476 -0.957046 0.821888 -0.512961 -0.247731
-64.508823 -96.838805 262.474946 3335.575064 0.723137 -0.044824 0.689248 0.387869 -0.799342 -0.458923 -0.571516 -0.599202 0.560648
-61.068030 -83.460866 -590.209662 7756.644380 0.742686 -0.078566 0.665015 0.466111 -0.652371 -0.597623 -0.480789 -0.753817 0.447886
-57.663039 -62.319399 4052.143355 11572.127562 -0.485851 -0.093559 -0.869020 0.758562 -0.539057 -0.366061 -0.434203 -0.837057 0.332872
69.259556 -200.626426 -4536.968041 -2199.859686 -0.306273 -0.386804 -0.869816 0.819517 0.357764 -0.447658 0.484345 -0.849934 0.207419
69.715652 -194.025212 1743.919066 55068.327258 -0.317227 -0.343808 -0.883834 0.605013 0.644310 -0.467786 0.730292 -0.683126 0.003616
42.030189 -29.706275 12539.893596 -3893.821563 -0.191405 0.560173 -0.805959 0.927562 0.371723 0.038078 0.320924 -0.740289 -0.590745
248.849146 -38.930663 55335.863803 -2680.478518 -0.472852 0.465095 -0.748397 0.834330 0.509481 -0.210527 0.283379 -0.723959 -0.628952
181.834610 -39.037687 41783.927999 -116.808564 -0.516856 0.380492 -0.766867 0.760644 0.615127 -0.207458 0.392785 -0.690539 -0.607351
1.014362 -41.027940 -9714.753404 -211.642477 0.571064 -0.732328 0.370920 0.787412 0.616409 0.004720 -0.232095 0.289371 0.928653
27.017903 -83.562605 -1141.324984 -1004.102330 0.500037 0.838520 -0.216444 -0.042622 -0.225802 -0.973240 0.864955 -0.495881 0.077170
30.844814 -76.808402 -1824.589072 6595.973075 0.505787 0.823674 -0.256400 -0.220987 -0.163592 -0.961459 0.833873 -0.542954 -0.099279
22.557774 -78.913367 -2626.912512 27.199666 0.561803 0.784848 -0.261516 -0.063591 -0.274213 -0.959564 0.824823 -0.555716 0.104145
20.260517 -81.895708 -2105.431528 -2513.557347 0.549741 0.804448 -0.225053 0.103955 -0.333206 -0.937106 0.828842 -0.491770 0.266803
15.593073 -74.694905 -3161.383190 588.838569 0.605652 0.738894 -0.295331 -0.082291 -0.310995 -0.946842 0.791463 -0.597760 0.127551
14.434441 -78.170066 -2652.546293 -1448.007016 0.597538 0.760369 -0.254533 0.081989 -0.373711 -0.923915 0.797638 -0.531205 0.285648
-3.293261 -118.521798 -169.903472 722.008365 0.395737 0.907150 0.143081 -0.150154 0.217616 -0.964415 0.906006 -0.360170 -0.222331
8.701013 -7.819082 6301.100816 -5804.569905 -0.669844 0.217680 -0.709877 -0.238717 0.842165 0.483500 0.703081 0.493329 -0.512155
-3.280724 -11.382898 1946.401815 -4362.554532 -0.710125 0.533408 -0.459564 0.030810 0.675636 0.736591 0.703401 0.508912 -0.496221
-6.967516 -13.512397 -1910.097558 3558.510400 -0.521679 0.843450 0.128229 -0.476547 -0.163421 -0.863827 0.707640 0.511748 -0.487197
13.279080 -35.444443 5992.898172 -4110.001628 -0.636058 0.296069 -0.712582 -0.351062 0.711326 0.608909 0.687157 0.637462 -0.348506
3.137335 -37.824179 3174.751277 -4702.183089 -0.673420 0.365236 -0.642735 -0.296714 0.662789 0.687511 0.677102 0.653692 -0.337965
18.123547 -40.581559 4662.821629 -2308.022048 -0.568558 0.247708 -0.784463 -0.444907 0.709507 0.546496 0.691953 0.659728 -0.293189
5.762820 -32.558416 3750.941884 -5411.877658 -0.677464 0.374285 -0.633209 -0.250612 0.691899 0.677104 0.691546 0.617403 -0.374936
20.786403 -34.546714 5339.457072 -4516.764011 -0.576065 0.252799 -0.777330 -0.397110 0.744655 0.536464 0.714460 0.617723 -0.328581
17.632176 -27.094911 6810.074898 -5428.376584 -0.641308 0.294711 -0.708428 -0.302887 0.751074 0.586642 0.704971 0.590791 -0.392405
-3.900897 -103.475218 256.110025 -11706.357743 -0.315804 -0.010681 -0.948764 0.810577 -0.522790 -0.263922 -0.493186 -0.852395 0.173757
-4.140442 -97.378052 -354.154821 -12170.502538 -0.325385 0.003555 -0.945575 0.792125 -0.545084 -0.274630 -0.516394 -0.838374 0.174546
-3.719920 -94.793672 186.250272 -5974.586379 -0.322799 -0.012412 -0.946386 0.753635 -0.608272 -0.249077 -0.572569 -0.793632 0.205704
-5.067636 -117.309994 228.592341 -15222.562278 -0.314127 0.008957 -0.949339 0.862820 -0.414468 -0.289410 -0.396062 -0.910020 0.122467
-4.524496 -117.879698 272.274210 -13571.827032 -0.308512 -0.016521 -0.951077 0.879065 -0.386938 -0.278431 -0.363407 -0.921958 0.133898
-4.101796 -107.171974 -71.775388 -10273.915374 -0.307669 -0.029334 -0.951041 0.835021 -0.487509 -0.255099 -0.456158 -0.872625 0.174486
36.569347 -102.652123 -7842.890491 10337.724033 0.284574 0.917054 -0.279338 0.911114 -0.168104 0.376314 0.298142 -0.361598 -0.883379
15.982094 -112.778336 -630.869180 1687.458326 0.349658 0.907605 -0.232362 0.933334 -0.315901 0.170570 0.081407 -0.276512 -0.957556
21.943614 -102.102775 -1829.307184 5992.760512 0.366578 0.895095 -0.253821 0.893844 -0.263112 0.363063 0.258192 -0.359967 -0.896527
27.194653 -175.850396 -11144.648949 -28186.840641 0.521151 0.194472 0.831013 0.693631 0.470810 -0.545173 -0.497270 0.860534 0.110471
17.112225 -221.163543 -9589.319923 -31972.750054 0.497960 0.200142 0.843789 0.802191 0.263317 -0.535868 -0.329433 0.943720 -0.029431
27.976775 -218.830872 -8556.888607 -32021.313493 0.520764 0.163359 0.837925 0.806105 0.229058 -0.545644 -0.281069 0.959607 -0.012400
1.830949 -243.642356 -6426.562844 -22021.460694 0.486743 0.193324 0.851885 0.866554 0.016276 -0.498818 -0.110299 0.981000 -0.159603
15.918982 -246.893694 -8503.600572 -24667.720459 0.504480 0.189245 0.842429 0.860564 -0.030863 -0.508407 -0.070214 0.981445 -0.178427
15.476182 -83.700228 -1217.013424 -14773.691248 -0.311999 -0.159092 -0.936668 -0.304055 0.950750 -0.060205 0.900115 0.266015 -0.345005
33.522067 -61.282877 10512.409798 275.684122 -0.359136 -0.003269 -0.933280 -0.515872 0.834038 0.195592 0.777752 0.551697 -0.301219
