19161
38302
-19.094039 -32.571170 -9.712767 -2746.138723 -0.229875 0.928098 0.292902 0.927475 0.300100 -0.223005 0.294870 -0.220396 0.929773
-21.579006 -39.606692 270.941282 -1955.869474 -0.344893 0.878064 0.331741 0.848272 0.442880 -0.290330 0.401850 -0.181274 0.897584
-22.225668 -37.865866 -340.071714 -3704.664747 -0.547107 0.779083 0.306111 0.786816 0.603438 -0.129547 0.285647 -0.169977 0.943140
-19.539540 -33.675264 -47.779147 -2260.567490 -0.090810 0.939571 0.330090 0.923388 0.203579 -0.325438 0.372971 -0.275248 0.886076
-15.888465 -26.728848 471.114823 -2476.907203 0.073141 -0.967771 -0.240977 0.976663 0.118428 -0.179174 0.201938 -0.222249 0.953848
-15.440693 -27.734290 703.666169 -1532.044862 -0.140600 -0.957118 -0.253290 0.953803 -0.062337 -0.293895 0.265503 -0.282911 0.921667
-24.904333 -29.558305 -197.914637 -7.761111 0.957698 0.057902 0.281889 0.186707 -0.870421 -0.455530 -0.218986 -0.488891 0.844412
-22.790565 -27.681324 -317.905987 -732.708861 0.984763 -0.104961 0.138656 -0.033060 -0.895771 -0.443284 -0.170731 -0.431946 0.885592
-20.490937 -26.064076 -2454.920106 288.988956 0.750237 -0.656058 -0.082056 -0.597734 -0.619967 -0.508287 -0.282594 -0.430383 0.857270
-25.237433 -28.403553 -65.719342 -240.786693 0.931919 0.055250 0.358434 0.235818 -0.843182 -0.483150 -0.275531 -0.534782 0.798806
18.235256 -47.952079 -3011.324790 2128.061337 0.964230 -0.257595 -0.062489 -0.131447 -0.669406 0.731175 0.230177 0.696807 0.679322
35.962333 -38.089579 -5933.920800 3207.153539 0.956001 -0.257790 -0.140021 -0.119291 -0.777659 0.617265 0.268014 0.573403 0.774195
21.995396 -39.443600 -5106.707285 2312.085318 0.969030 -0.226068 -0.099363 -0.120204 -0.783314 0.609894 0.215710 0.579062 0.786229
14.498501 -41.530580 -1995.084063 1786.279377 0.975423 -0.199184 -0.094213 -0.098446 -0.776491 0.622391 0.197126 0.597819 0.777016
11.861209 -47.462369 -411.429005 3748.329996 0.971543 -0.224631 -0.075136 -0.117460 -0.732364 0.670705 0.205689 0.642793 0.737909
11.165781 -56.245986 -393.204129 4148.342370 0.965521 -0.259412 -0.021794 -0.155564 -0.642072 0.750695 0.208732 0.721421 0.660289
10.667497 -59.632108 -1247.767167 1492.295078 0.962921 -0.266225 0.043674 -0.176465 -0.499086 0.848394 0.204066 0.824644 0.527560
7.829505 -6.832932 -684.029728 -188.441436 0.495893 -0.523029 -0.693203 -0.191972 0.712490 -0.674911 0.846898 0.467760 0.252912
9.141969 -7.420497 -277.798904 -566.423707 0.488400 -0.562815 -0.666862 -0.149816 0.698778 -0.699474 0.859663 0.441530 0.256964
6.875753 -6.405146 -348.819127 -166.070250 0.531935 -0.612171 -0.585058 -0.099479 0.640955 -0.761105 0.840922 0.463059 0.280048
3.263595 -4.927301 -227.672332 -102.377238 0.530402 -0.599637 -0.599257 -0.137965 0.636402 -0.758919 0.836444 0.485209 0.254820
1.077326 -5.136455 454.133463 33.350156 -0.573457 0.756015 0.315576 0.040832 0.411105 -0.910673 0.818217 0.509346 0.266621
3.030583 -6.633507 1101.347592 153.431838 -0.586944 0.736540 0.336163 0.046440 0.445151 -0.894250 0.808294 0.509264 0.295484
46.172998 -40.485484 557.489935 627.505485 0.897046 -0.038337 -0.440270 0.017990 0.998572 -0.050297 0.441570 0.037198 0.896455
38.446940 -41.886775 2558.837628 -419.584205 0.880420 0.041411 -0.472383 0.012801 0.993741 0.110976 0.474022 -0.103752 0.874379
43.099483 -47.998198 855.103239 -701.268181 0.935139 0.014358 -0.353990 0.032212 0.991594 0.125316 0.352813 -0.128590 0.926816
43.018080 -49.083351 -1090.864374 2121.507283 0.962397 -0.047249 -0.267504 0.022656 0.995287 -0.094286 0.270699 0.084680 0.958933
49.131809 -38.088890 -2147.431788 3197.774253 0.914397 -0.116839 -0.387591 0.011535 0.964575 -0.263556 0.404654 0.236524 0.883352
-8.250635 -24.265460 -484.626688 -309.458961 0.906926 -0.420363 0.027940 -0.250664 -0.485122 0.837749 0.338605 0.766780 0.545340
-7.607374 -24.782116 -600.893084 100.174118 0.897262 -0.438071 0.054905 -0.316803 -0.552228 0.771155 0.307500 0.709323 0.634275
-9.251880 -23.487548 -233.078667 -487.803629 0.869504 -0.490768 0.055761 -0.300680 -0.436366 0.848043 0.391861 0.754143 0.526986
-9.560476 -20.056904 -270.876599 -976.055678 0.882231 -0.468878 0.042686 -0.237032 -0.363993 0.900736 0.406798 0.804775 0.432265
-8.296842 -21.048982 -390.021132 -1032.623448 0.910415 -0.412328 0.033611 -0.213318 -0.398282 0.892114 0.354457 0.819364 0.450559
-0.981527 -74.876126 -14.165051 -3105.927873 0.776645 -0.605075 0.175233 0.542119 0.783667 0.303271 -0.320825 -0.140537 0.936654
-0.625134 -80.863231 -12.455648 -1441.470775 0.792172 -0.582213 0.183008 0.590688 0.806839 0.009979 -0.153468 0.100196 0.983061
-1.088452 -81.469451 17.489011 -3250.105895 0.768287 -0.616241 0.173154 0.549637 0.773752 0.314971 -0.328076 -0.146816 0.933173
-1.231582 -71.561513 38.030984 -3130.883017 0.748489 -0.643789 0.159058 0.466533 0.681660 0.563637 -0.471287 -0.347671 0.810564
-1.127083 -65.385425 -13.339367 -2662.078606 0.755448 -0.635298 0.160297 0.469033 0.695182 0.544729 -0.457501 -0.336330 0.823149
-3.856217 -52.409115 -4391.932994 7546.039803 0.527299 0.604083 0.597528 0.772393 -0.633831 -0.040829 0.354068 0.483056 -0.800808
-2.247765 -42.478910 9363.758392 -5743.930134 -0.506985 -0.628319 -0.590069 -0.717052 0.687333 -0.115800 0.478334 0.364400 -0.799005
80.869107 -30.872381 -59352.429394 -1728.400210 0.216311 0.856731 0.468211 -0.850886 0.400587 -0.339886 0.478750 0.324873 -0.815632
1.672097 -62.227685 -373.677401 539.069563 -0.330563 0.488978 -0.807235 -0.631680 0.520860 0.574182 0.701219 0.699718 0.136700
1.651216 -62.182971 -192.090778 -813.930251 -0.337860 0.482368 -0.808191 -0.481423 0.649284 0.588781 0.808754 0.588007 0.012856
1.013650 -61.756627 -160.976832 -1293.646683 -0.338668 0.488693 -0.804042 -0.594623 0.551101 0.585415 0.729197 0.676363 0.103948
1.589239 -94.511843 -68.379575 -3969.787621 -0.470004 0.497316 -0.729228 0.874332 0.149065 -0.461868 -0.120992 -0.854668 -0.504881
0.665781 -87.934075 76.990126 569.623100 -0.493484 0.501016 -0.710955 0.819681 -0.005452 -0.572794 -0.290855 -0.865421 -0.407983
0.214276 -88.413397 -146.970084 -102.716634 -0.473126 0.492159 -0.730706 0.863719 0.095675 -0.494809 -0.173614 -0.865232 -0.470353
1.266211 -96.203582 -277.246150 -3407.176060 -0.451425 0.490792 -0.745210 0.892304 0.245434 -0.378888 -0.003055 -0.835994 -0.548731
-2.664757 -79.263633 184.763248 -5323.162494 0.558851 -0.550452 0.620232 -0.097640 0.699048 0.708377 -0.823500 -0.456436 0.336917
-3.031212 -92.433158 132.084511 -7208.364030 0.553506 -0.581252 0.596470 0.071098 0.746546 0.661524 -0.829805 -0.323750 0.454544
-3.534751 -76.794502 332.847001 -4191.874269 0.551180 -0.554411 0.623561 -0.057234 0.720448 0.691143 -0.832421 -0.416634 0.365365
-2.352141 -96.369730 -66.148980 -9769.914353 0.559286 -0.578849 0.593408 0.028205 0.728706 0.684245 -0.828495 -0.365952 0.423882
-3.206834 -69.184184 387.202295 -1521.188822 0.551143 -0.524857 0.648665 -0.209745 0.665288 0.716518 -0.807619 -0.530958 0.256583
-2.022215 -71.106251 305.903022 -1934.208502 0.558946 -0.526228 0.640830 -0.242203 0.635513 0.733117 -0.793043 -0.564984 0.227763
-1.998971 -81.955315 59.762512 -6805.994512 0.564554 -0.554191 0.611679 -0.134475 0.669415 0.730616 -0.814368 -0.494728 0.303396
5.289649 -21.618894 18.959263 -603.548861 -0.582023 0.189224 -0.790850 0.660173 -0.457886 -0.595409 -0.474785 -0.868640 0.141580
3.875571 -24.872239 -742.266442 -812.849405 -0.506020 0.134040 -0.852043 0.765765 -0.384782 -0.515312 -0.396924 -0.913223 0.092064
6.277730 -24.483150 -293.646907 -391.033365 -0.535769 0.179448 -0.825075 0.711081 -0.431035 -0.555493 -0.455319 -0.884312 0.103333
8.074945 -22.804516 -97.449409 -556.259657 -0.591867 0.245568 -0.767717 0.602960 -0.497198 -0.623886 -0.534914 -0.832160 0.146208
7.719307 -19.325527 -628.769737 -520.649664 0.618741 -0.242466 0.747241 0.559419 -0.531818 -0.635783 -0.551552 -0.811406 0.193417
7.221720 -19.016065 259.910104 -264.049656 0.673772 -0.203761 0.710291 0.548426 -0.506328 -0.665478 -0.495238 -0.837922 0.229402
6.272064 -91.582913 216.109175 -4633.165409 0.515319 -0.598832 0.613063 0.601375 -0.256982 -0.756511 0.610569 0.758525 0.227695
8.713532 -109.530366 921.823655 -8687.222026 0.503244 -0.583762 0.637156 0.546608 -0.356038 -0.757929 0.669302 0.729698 0.139914
5.869835 -105.695122 -273.029501 -7264.302780 -0.488766 0.590430 -0.642262 0.516315 -0.397652 -0.758480 0.703226 0.702328 0.110489
-39.971548 -1517.487843 -10734.620834 211725.040584 -0.410215 0.268876 -0.871452 0.520441 0.853699 0.018413 0.748909 -0.445986 -0.490134
-98.119341 -934.820770 -13447.181966 225393.971034 -0.402882 0.239838 -0.883269 0.154397 0.969034 0.192702 0.902135 -0.058738 -0.427437
-34.040102 -998.524015 -11600.135506 164327.589093 -0.473033 0.156697 -0.866998 0.620527 0.757830 -0.201592 0.625448 -0.633356 -0.455713
-24.118782 -643.150268 12346.469259 25699.147935 -0.606234 0.309543 -0.732573 0.785557 0.089432 -0.612292 -0.124015 -0.946670 -0.297381
-3.649427 -1198.652068 -21298.922696 -612108.772352 0.672774 -0.325211 0.664540 0.621996 -0.237750 -0.746053 -0.400619 -0.915266 -0.042328
7.583870 -1008.141692 12407.210889 27251.545974 -0.668620 0.296532 -0.681920 0.743571 0.257959 -0.616895 -0.007022 -0.919525 -0.392969
-19.539453 -607.811254 1128.230558 -31882.740727 -0.603453 0.244598 -0.758957 0.700725 -0.291584 -0.651124 -0.380564 -0.924743 0.004561
-20.698106 -578.510714 9600.896706 109488.929882 -0.580581 0.309156 -0.753225 0.789058 0.441771 -0.426879 0.200781 -0.842176 -0.500426
-16.062747 -758.130172 -6022.785578 350765.498032 -0.596533 0.220784 -0.771624 0.772590 0.418366 -0.477572 0.217381 -0.881036 -0.420144
-8.234399 -775.473965 -5825.255506 239421.458426 -0.601511 0.192517 -0.775321 0.792648 0.022989 -0.609245 -0.099466 -0.981024 -0.166426
89.542294 -2962.399085 -8957.605458 1450198.882635 0.294108 -0.614156 0.732334 0.926990 0.369916 -0.062061 -0.232787 0.697119 0.678111
45.569432 -1282.030675 -22815.363614 -1177177.660247 0.258832 -0.485570 0.835002 0.948700 -0.034718 -0.314266 0.181588 0.873508 0.451674
395.248177 -2293.493313 79103.044528 -2237217.758692 -0.190705 0.606020 -0.772251 0.585037 -0.561549 -0.585145 0.788266 0.563385 0.247454
19.072559 -2647.520699 -3115.047520 1381405.555045 0.453812 -0.395529 0.798506 0.013032 0.898943 0.437872 -0.891002 -0.188306 0.413106
17.306689 -2041.146859 12648.512691 114102.768144 0.270077 -0.626763 0.730909 0.952509 0.063023 -0.297917 0.140659 0.776657 0.614018
97.211198 -1122.088595 -20195.354496 327297.082047 0.321237 -0.588531 0.741915 0.495464 0.772107 0.397953 -0.807045 0.239755 0.539625
0.295393 -23.068007 -268.501117 881.394256 0.969036 -0.219797 -0.112514 -0.093245 -0.747668 0.657493 0.228638 0.626643 0.745012
-0.849491 -24.730436 -387.758340 180.043008 0.970551 -0.213944 -0.110721 -0.063637 -0.670996 0.738725 0.232339 0.709924 0.664851
2.547821 -23.291159 -652.325339 646.159509 0.973751 -0.173267 -0.147608 -0.033038 -0.749215 0.661502 0.225207 0.639262 0.735273
3.821236 -19.678083 -513.829010 1186.427548 0.972367 -0.179064 -0.149793 -0.060291 -0.812476 0.579868 0.225537 0.554814 0.800821
6.190268 -20.359188 -842.758587 943.997074 0.971824 -0.143933 -0.186656 -0.007081 -0.809374 0.587251 0.235600 0.569383 0.787588
5.376951 -23.245757 -934.581397 437.129590 0.972563 -0.152863 -0.175371 0.004396 -0.741616 0.670810 0.232600 0.653176 0.720596
-0.213683 -41.284134 106.680777 1521.596097 -0.148511 0.560958 -0.814414 -0.249987 0.775503 0.579742 0.956792 0.289691 0.025062
-4.453473 -38.148883 -1094.402387 1601.813610 -0.123619 0.552399 -0.824363 -0.290350 0.774244 0.562355 0.948902 0.308872 0.064678
-3.990981 -36.562031 637.123808 384.889640 -0.208307 0.649838 -0.730971 0.371635 -0.638724 -0.673735 0.904707 0.411998 0.108452
-1.508637 -5.951532 -1842.527927 1944.379040 -0.521938 0.733616 0.435187 -0.080393 0.465615 -0.881328 0.849186 0.494985 0.184045
-0.304464 -1.590752 1097.967606 -1163.123085 0.314421 -0.117966 -0.941926 -0.416097 0.874722 -0.248445 0.853231 0.470049 0.225945
-2.201960 -4.226973 -5.342058 1235.626001 -0.383836 0.820631 -0.423362 0.398182 -0.266571 -0.877719 0.833139 0.505475 0.224441
-8.036043 -47.103726 -194.369898 1164.058036 0.813905 -0.580580 0.022045 0.562542 0.777994 -0.279770 -0.145278 -0.240107 -0.959814
-8.099511 -49.955526 -106.446207 367.577975 0.810363 -0.584774 0.036771 0.532003 0.708033 -0.464394 -0.245530 -0.395890 -0.884865
-6.468473 -50.701674 -319.373433 1158.854623 0.793559 -0.607744 -0.030180 0.531005 0.715872 -0.453388 -0.297149 -0.343765 -0.890802
7.200193 -574.783019 2477.019933 -106524.287993 0.401056 0.069877 0.913384 0.580753 0.751707 -0.312510 -0.708435 0.655785 0.260896
13.954398 -232.683566 -6045.361177 -92125.850930 0.425021 0.239620 0.872891 0.156800 0.930257 -0.331715 -0.891499 0.277855 0.357807
2.524241 -787.105565 -7709.582927 25923.998317 0.390213 0.040459 0.919835 0.586835 0.758891 -0.282327 -0.709477 0.649960 0.272386
7.897953 -151.102378 3611.937345 -76597.654465 0.541218 0.085923 0.836481 0.243076 0.936310 -0.253452 -0.804982 0.340501 0.485862
-6.670175 -411.637204 -31.688431 -80696.071727 0.401929 0.070456 0.912956 0.593293 0.739401 -0.318260 -0.697464 0.669568 0.255386
-10.414397 -144.899987 -322.433431 34504.402747 0.343413 -0.121474 0.931296 0.601574 0.789935 -0.118793 -0.721232 0.601038 0.344350
-9.385374 -120.775895 1390.240497 25975.132008 0.442983 -0.061216 0.894438 0.537103 0.816933 -0.210096 -0.717835 0.573474 0.394767
-6.092592 -46.145948 129.804627 10195.207629 0.421639 -0.017942 0.906586 0.599417 0.755709 -0.263824 -0.680382 0.654661 0.329392
-6.110021 -51.974612 -636.236282 12470.070551 0.332723 -0.075715 0.939980 0.656860 0.733803 -0.173400 -0.676631 0.675130 0.293887
5.731284 -9.355305 5371.018251 -1670.848648 0.840337 -0.330590 -0.429585 0.287536 -0.399963 0.870260 0.459518 0.854833 0.241048
5.416372 -6.585894 4901.448315 1747.035134 0.826904 -0.290271 -0.481635 0.328921 -0.445027 0.832923 0.456114 0.847168 0.272518
-2.350886 -11.113342 5241.286017 -1290.129063 0.839401 -0.323906 -0.436452 0.295694 -0.401629 0.866752 0.456038 0.856609 0.241351
10.387725 -31.794457 3327.690059 2338.582245 0.908947 -0.362294 0.206296 -0.078044 0.338212 0.937828 0.409542 0.868536 -0.279142
6.023121 -31.642052 2152.555596 1468.766015 0.913033 -0.354342 0.202022 -0.100549 0.284478 0.953395 0.395299 0.890794 -0.224108
20.470975 -29.468079 3370.474012 -1472.113988 0.919460 -0.274400 0.281598 -0.177486 0.349417 0.920004 0.350844 0.895887 -0.272572
-7.387864 -15.242044 -2995.093381 -3647.597392 -0.103007 0.769289 0.630543 0.992772 0.118766 0.017282 -0.061592 0.627765 -0.775962
-4.415832 -25.144247 -3077.588412 634.310443 -0.025957 0.785685 0.618082 0.998171 -0.013400 0.058954 0.054601 0.618482 -0.783900
-0.532626 -21.962895 -2116.863491 -1060.663045 0.018968 0.791173 0.611298 0.999724 -0.006539 -0.022558 -0.013851 0.611558 -0.791079
2.615368 -30.799711 -1607.747019 3673.908479 0.087558 0.779815 0.619856 0.990033 -0.137025 0.032538 0.110310 0.610829 -0.784041
-0.611147 -27.828890 2204.137351 1471.885152 0.078093 0.660097 0.747110 0.995294 -0.094740 -0.020329 0.057362 0.745182 -0.664390
16.423635 -43.683073 -3299.453825 2372.129953 0.930632 -0.283436 0.231492 -0.031404 0.568381 0.822166 0.364608 0.772404 -0.520052
5.220497 -39.619372 -1973.296969 1530.490869 0.937414 -0.315278 0.147830 0.007667 0.443120 0.896430 0.348131 0.839193 -0.417804
4.002281 -48.451276 -1330.866732 2383.870691 0.938183 -0.315739 0.141854 0.048828 0.526439 0.848810 0.342680 0.789412 -0.509313
5.964113 -10.089105 609.181756 362.980301 0.949285 -0.313621 -0.022368 0.147990 0.382910 0.911855 0.277412 0.868920 -0.409903
7.441588 -9.846420 173.724267 577.688575 0.946729 -0.308538 -0.092245 0.204042 0.353107 0.913062 0.249142 0.883244 -0.397251
7.801544 -12.284684 324.909822 679.458181 0.952684 -0.301890 -0.035437 0.167287 0.423397 0.890365 0.253788 0.854165 -0.453866
5.835688 -12.096165 529.321930 535.023001 0.955025 -0.292307 0.049846 0.092425 0.453164 0.886623 0.281754 0.842140 -0.459799
3.674808 -10.435046 609.572518 191.126074 0.954000 -0.290649 0.073535 0.057581 0.418336 0.906465 0.294226 0.860534 -0.415828
-3.406003 -40.215387 -120.891816 -2887.960800 -0.894622 0.186254 0.406154 0.124220 0.976820 -0.174336 -0.429210 -0.105512 -0.897020
-3.721602 -43.578642 -307.703472 -2596.895223 -0.899412 0.204064 0.386545 0.153218 0.975410 -0.158429 -0.409369 -0.083267 -0.908561
-2.919412 -36.701274 -101.512003 -1406.356672 -0.897005 0.175248 0.405797 0.075934 0.965494 -0.249110 -0.435450 -0.192639 -0.879360
-3.040603 -36.144066 27.869183 -1765.254641 -0.892008 0.171183 0.418351 0.072088 0.967545 -0.242198 -0.446234 -0.185884 -0.875399
-3.314138 -36.514782 62.583952 -1934.924835 -0.887756 0.170295 0.427656 0.078300 0.971377 -0.224268 -0.453607 -0.165610 -0.875679
-8.261766 -30.726023 115.358210 324.636615 0.516304 -0.505233 0.691498 -0.449870 0.527065 0.720985 -0.728730 -0.683332 0.044836
-1.789656 -29.155855 832.122797 -456.705155 0.452246 -0.361496 0.815349 -0.499321 0.654866 0.567299 -0.739021 -0.663680 0.115658
-4.622468 -26.126023 767.694611 746.390513 -0.546434 0.592956 -0.591450 -0.296527 0.523482 0.798773 -0.783251 -0.611858 0.110221
-4.232165 -28.073113 1515.250702 1005.491540 -0.597956 0.687533 -0.412004 -0.261215 0.318803 0.911115 -0.757770 -0.652429 0.011036
-9.890320 -32.515873 -177.394099 -712.969778 0.557714 -0.608191 0.564853 0.437656 -0.362760 -0.822716 -0.705275 -0.706052 -0.063862
1.343154 -31.259209 163.414166 526.478752 -0.910576 -0.143353 0.387687 -0.001950 0.939413 0.342781 -0.413337 0.311372 -0.855687
0.825675 -29.368609 112.789378 625.266159 -0.907362 -0.135855 0.397791 0.005454 0.942448 0.334308 -0.420315 0.305508 -0.854400
1.426957 -35.465768 238.658798 1249.803851 -0.910089 -0.078856 0.406840 -0.010252 0.985712 0.168125 -0.414285 0.148838 -0.897895
2.714132 -37.366425 300.514700 1219.992878 -0.914200 -0.084081 0.396445 -0.015792 0.984889 0.172468 -0.404956 0.151410 -0.901713
0.826562 -39.139822 229.102120 1127.115219 -0.911271 -0.055046 0.408111 -0.068021 0.997533 -0.017338 -0.406150 -0.043559 -0.912768
2.608794 -39.868975 374.175404 1062.565298 -0.913783 -0.048507 0.403296 -0.061070 0.997965 -0.018341 -0.401585 -0.041389 -0.914886
9.327515 -56.305174 -329.707789 171.885981 0.960424 0.273306 -0.053761 -0.067447 0.415451 0.907111 -0.270254 0.867585 -0.417443
13.705691 -59.538330 -166.408495 416.557495 0.957538 0.283667 -0.051511 -0.000854 0.181460 0.983398 -0.288304 0.941597 -0.173997
9.055368 -56.686614 -1640.008182 -725.462256 0.922216 0.382443 -0.057058 -0.071719 0.314177 0.946652 -0.379966 0.868925 -0.317167
-3.622529 -23.320088 -1395.115544 -1715.636963 -0.002645 0.562432 -0.826840 -0.632687 0.639371 0.436936 0.774403 0.524286 0.354152
1.805365 -19.880283 -2057.533868 -1595.276454 0.069378 0.507364 -0.858934 -0.600762 0.708623 0.370052 0.796412 0.490342 0.353968
-3.815446 -18.458514 -1368.676340 -1453.927985 -0.021756 0.593455 -0.804573 -0.576560 0.650011 0.495040 0.816765 0.474655 0.328021
5.562566 -12.319880 -2.235721 -894.084178 0.968472 -0.248654 0.015284 0.061544 0.298253 0.952501 0.241401 0.921530 -0.304152
4.610967 -12.975013 545.053272 -765.470558 0.959076 -0.278938 0.048643 0.037855 0.296569 0.954261 0.280605 0.913368 -0.294992
5.116454 -15.825662 -62.556774 -899.768226 0.970183 -0.241704 0.018003 0.042792 0.243930 0.968848 0.238566 0.939190 -0.247000
5.234976 -10.241857 533.644192 -502.940241 0.956808 -0.290194 0.017461 0.082632 0.329048 0.940691 0.278729 0.898618 -0.338815
4.330047 -15.767861 -460.508409 -1105.420705 0.977459 -0.210825 -0.011222 0.065252 0.251123 0.965753 0.200786 0.944717 -0.259219
6.183504 -9.180037 -1.473229 -490.563291 0.963133 -0.266890 -0.033824 0.121780 0.320415 0.939417 0.239883 0.908903 -0.341104
5.068812 -11.439463 -399.016483 -973.266588 0.974484 -0.222574 -0.029030 0.096508 0.298698 0.949455 0.202653 0.928030 -0.312557
0.449904 -23.729553 -279.042853 717.884602 0.937474 -0.314039 -0.150076 0.318959 0.602551 0.731572 0.139314 0.733697 -0.665041
0.384596 -24.172776 222.786731 687.299009 0.948190 -0.296672 -0.113677 0.281683 0.619541 0.732683 0.146939 0.726743 -0.671009
-0.343977 -19.748899 -128.562443 1137.539381 0.945111 -0.301214 -0.126634 0.274997 0.523938 0.806142 0.176473 0.796718 -0.578012
3.326880 -84.600659 497.537851 2363.231753 0.747782 -0.458907 -0.479819 0.487275 0.870203 -0.072876 0.450983 -0.179309 0.874335
1.661528 -80.815803 481.609204 1980.635276 0.751325 -0.446014 -0.486397 0.498713 0.866431 -0.024147 0.432199 -0.224430 0.873404
3.550153 -90.423882 502.033477 1679.347892 0.766655 -0.428735 -0.477940 0.538249 0.834989 0.114371 0.350040 -0.344934 0.870915
4.665890 -94.960689 245.112594 2028.897141 0.768936 -0.446840 -0.457243 0.529650 0.845787 0.064156 0.358062 -0.291510 0.887025
4.749654 -99.937339 229.544469 -2188.637642 0.787262 -0.421653 -0.449920 -0.565399 -0.784784 -0.253847 0.246054 -0.454228 0.856233
3.624768 -95.230360 448.918333 -1705.256041 0.785516 -0.404252 -0.468556 -0.571955 -0.763351 -0.300271 0.236287 -0.503861 0.830839
18.345723 -138.977531 -1285.424808 -3408.380879 0.738437 -0.483572 -0.469968 -0.497936 0.078946 -0.863613 -0.454721 -0.871737 0.182491
11.649723 -147.043560 -2515.199007 -1073.829772 0.731613 -0.528502 -0.430614 -0.342687 0.260939 -0.902483 -0.589328 -0.807834 -0.009796
19.045393 -140.083039 -4103.479216 -5912.780812 0.725127 -0.543813 -0.422443 -0.515378 -0.021723 -0.856687 -0.456701 -0.838925 0.296021
16.304022 -118.300486 1825.950381 8682.069523 0.776343 -0.344558 -0.527798 -0.391827 0.392091 -0.832308 -0.493723 -0.852962 -0.169390
17.123635 -111.992263 808.761302 11844.235568 0.784964 -0.373390 -0.494380 -0.241422 0.550546 -0.799133 -0.570567 -0.746645 -0.342014
19.179143 -124.535532 2182.563957 6789.372954 0.766781 -0.369676 -0.524774 -0.412418 0.342748 -0.844059 -0.491893 -0.863634 -0.110351
14.224598 -102.754439 1013.210414 10005.295667 0.808616 -0.349216 -0.473486 -0.233405 0.548334 -0.803027 -0.540058 -0.759854 -0.361883
18.126448 -117.507880 2395.658617 -2288.125657 0.762370 -0.339926 -0.550674 -0.556328 0.090443 -0.826026 -0.330592 -0.936093 0.120159
12.634967 -111.440683 993.447973 5505.169459 0.788421 -0.336775 -0.514757 -0.399359 0.356252 -0.844747 -0.467873 -0.871589 -0.146383
-0.591020 -12.019923 -467.722008 389.819593 0.882709 0.022432 0.469385 -0.453931 0.299045 0.839356 0.121539 0.953975 -0.274152
-2.208956 -12.078380 -494.736776 366.814228 0.765176 0.084940 0.638193 -0.633738 0.274110 0.723353 0.113494 0.957940 -0.263572
-2.678032 -12.793920 -427.923445 438.979913 0.812517 0.061251 0.579711 -0.564745 0.329213 0.756757 0.144496 0.942267 -0.302082
0.838982 -101.564003 -20.312231 -4425.048940 -0.793574 0.527041 0.304085 0.533801 0.842886 -0.067824 -0.292055 0.108497 -0.950227
2.766331 -102.573917 -302.700139 -4318.830389 -0.785970 0.537997 0.304649 0.530177 0.839977 -0.115548 -0.318063 0.070700 -0.945430
1.717433 -96.157970 -126.765244 -345.019870 -0.812005 0.497894 0.304548 0.440511 0.865119 -0.239834 -0.382882 -0.060589 -0.921808
1.541819 -111.458005 169.707991 -8519.320961 0.768622 -0.559984 -0.309254 0.606829 0.791241 0.075473 -0.202431 0.245675 -0.947980
1.208338 -84.937020 -111.886264 -1353.779786 -0.814268 0.496572 0.300639 0.461630 0.867933 -0.183279 -0.351945 -0.010454 -0.935962
0.097128 -92.495331 -119.311115 -6132.154050 -0.798609 0.525273 0.293788 0.541465 0.840177 -0.030305 -0.262753 0.134874 -0.955390
-0.359122 -113.320202 167.966337 -8109.270586 0.774482 -0.559074 -0.295997 0.616969 0.770920 0.158213 -0.139737 0.305154 -0.941995
22.700200 -375.378409 -1546.686817 -12357.043858 0.819499 -0.417154 -0.392943 0.328902 -0.219143 0.918586 0.469302 0.882020 0.042385
13.306248 -363.457846 -12081.326230 4879.652811 0.838048 -0.360509 -0.409523 0.352934 -0.214193 0.910801 0.416069 0.907830 0.052268
28.111669 -364.072940 804.552142 1206.275160 0.822243 -0.423307 -0.380432 0.440688 0.050543 0.896236 0.360155 0.904576 -0.228104
36.005283 -390.247877 4588.711063 47099.136055 0.808729 -0.445195 -0.384395 0.432446 0.007073 0.901632 0.398683 0.895406 -0.198243
42.383368 -513.028509 6090.295331 177033.305306 0.804438 -0.431159 -0.408635 0.343819 -0.223030 0.912165 0.484426 0.874277 0.031173
71.404461 -276.589885 -13228.912539 104560.903602 0.753871 -0.656339 0.029978 0.101685 0.161630 0.981599 0.649106 0.736950 -0.188589
-22.520260 -102.643854 -31386.704685 96085.895410 0.705845 -0.700225 -0.107094 0.124499 -0.026201 0.991874 0.697340 0.713442 -0.068684
318.012758 -631.760190 -214960.505022 365382.289578 0.739168 -0.662081 -0.123606 0.193023 0.032415 0.980659 0.645269 0.748731 -0.151758
42.516835 -1067.763354 -76010.117831 498417.254001 0.806335 -0.551640 -0.213347 0.455469 0.349020 0.818983 0.377321 0.757548 -0.532682
120.983624 -1033.648348 -14211.049697 253409.026374 0.775624 -0.611734 0.155529 0.231117 0.504536 0.831882 0.587361 0.609282 -0.532712
-7.273285 -454.231176 7432.928483 6341.914191 0.902382 -0.282983 -0.325002 0.050714 0.818672 -0.572017 -0.427942 -0.499696 -0.753107
1.201471 -446.367790 7275.780162 261.711448 0.904703 -0.270544 -0.329118 0.006992 0.781823 -0.623461 -0.425986 -0.561746 -0.709209
-7.045615 -431.911777 9088.975211 -21146.210027 0.900246 -0.270553 -0.341112 -0.118347 0.601914 -0.789743 -0.418987 -0.751333 -0.509851
70.560701 -1482.101935 42738.357607 -559127.136756 -0.730415 0.420478 0.538231 0.223391 0.891765 -0.393511 -0.645439 -0.167191 -0.745289
117.704847 -2974.851441 21407.537726 2103628.702815 -0.774288 0.257638 0.578014 0.041358 0.932024 -0.360029 -0.631480 -0.254861 -0.732310
-11.101404 -1167.504466 -19126.400498 -138444.129905 -0.735067 0.450798 0.506417 -0.062618 0.698602 -0.712765 -0.675097 -0.555641 -0.485291
-25.609979 -967.185129 2682.956543 113474.735042 0.714693 -0.257752 -0.650213 -0.306026 0.720685 -0.622062 -0.628937 -0.643566 -0.436190
8.775661 -25.038141 3441.444496 -23.450806 -0.906754 0.309490 0.286379 0.167578 0.887733 -0.428774 -0.386929 -0.340802 -0.856819
0.111598 -26.333855 2919.690005 8.697189 -0.893243 0.355008 0.275837 0.207729 0.870042 -0.447075 -0.398705 -0.342047 -0.850904
7.777079 -25.727630 -3099.789799 244.466820 0.909316 -0.294288 -0.294175 0.112458 0.854470 -0.507182 -0.400621 -0.428107 -0.810078
13.614138 -24.926392 -1994.977360 472.833874 0.929021 -0.272932 -0.249855 0.124461 0.866381 -0.483625 -0.348466 -0.418201 -0.838856
6.809424 -25.998438 -2166.777553 -109.425159 0.917396 -0.271773 -0.290730 0.051029 0.804821 -0.591320 -0.394690 -0.527639 -0.752208
11.964240 -25.448085 -1418.212503 531.155624 0.934603 -0.254875 -0.248104 0.076404 0.825097 -0.559801 -0.347389 -0.504236 -0.790612
-1.783310 -22.854667 1418.929958 228.710493 0.933685 -0.234348 0.270764 0.030435 0.805321 0.592058 0.356799 0.544554 -0.759049
-6.264503 -22.639787 1168.403448 173.509139 0.939951 -0.226527 0.255298 0.029243 0.798697 0.601023 0.340054 0.557466 -0.757360
-1.974727 -21.312263 1405.222722 217.599296 0.932554 -0.242302 0.267644 -0.001998 0.737857 0.674954 0.361025 0.629966 -0.687607
-2.118017 -19.480899 1228.685763 374.428734 0.933238 -0.239192 0.268057 -0.043455 0.665504 0.745129 0.356622 0.707031 -0.610679
2.042717 -19.584523 1198.819687 392.943610 0.935577 -0.250024 0.249368 -0.018709 0.670088 0.742046 0.352628 0.698906 -0.622241
4.420830 -32.722279 -1053.377600 918.473858 -0.913431 0.106516 0.392807 -0.052715 0.926052 -0.373697 -0.403565 -0.362053 -0.840270
3.825934 -30.286882 -681.910382 2771.286232 -0.907638 0.139644 0.395844 0.024506 0.959059 -0.282143 -0.419038 -0.246383 -0.873901
6.045106 -34.095180 -404.445296 971.304787 -0.903191 0.151743 0.401522 -0.006871 0.930197 -0.366996 -0.429183 -0.334226 -0.839103
6.232625 -37.412487 1248.859824 -283.520588 0.909901 -0.076150 -0.407775 -0.119717 0.892975 -0.433893 -0.397174 -0.443617 -0.803403
3.134935 -35.535595 1497.443904 -408.176838 0.907849 -0.040601 -0.417327 -0.159515 0.887020 -0.433303 -0.387770 -0.459943 -0.798803
-8.090386 -23.288564 -2023.589885 688.557622 0.693923 -0.714515 0.089097 0.591947 0.495636 -0.635566 -0.409962 -0.493775 -0.766889
-10.614745 -20.875494 -214.748523 418.981920 0.693768 -0.704773 0.148263 0.640625 0.509833 -0.574169 -0.329069 -0.493321 -0.805201
-10.755703 -23.201844 862.019261 1002.811842 -0.619991 0.755656 -0.211176 0.689424 0.396182 -0.606412 -0.374574 -0.521560 -0.766596
-6.446949 -59.020346 -18.771101 1939.991727 0.976952 -0.043697 -0.208937 -0.164357 -0.778550 -0.605678 0.136201 -0.626059 0.767788
-5.728551 -62.145178 217.189422 2381.032898 0.970266 0.010530 -0.241813 -0.105892 -0.879901 -0.463207 0.217649 -0.475040 0.852623
-6.353009 -63.768022 -7.816035 2334.888898 0.979686 -0.033343 -0.197744 -0.123103 -0.878411 -0.461779 0.158304 -0.476742 0.864672
-78.305068 -11979.853166 183273.570106 -8806122.049125 0.107767 0.977783 -0.179795 -0.954861 0.152154 0.255127 -0.276815 -0.144185 -0.950044
53.149086 -2232.033533 -73272.726053 888439.767237 0.003274 0.969077 -0.246738 -0.744439 0.167106 0.646442 -0.667683 -0.181565 -0.721965
-75.437924 -1024.135704 -36612.109127 32400.409417 0.042084 0.980268 -0.193144 -0.622720 0.176908 0.762184 -0.781313 -0.088198 -0.617877
10.890926 -35.119751 -2137.864767 2211.514417 0.968771 -0.177894 -0.172734 0.056404 0.836465 -0.545110 -0.241458 -0.518344 -0.820377
8.106463 -49.097737 -2849.123553 2586.206040 0.943178 -0.262725 -0.203448 0.127117 0.850970 -0.509600 -0.307013 -0.454782 -0.836012
9.777063 -38.544018 -2747.185631 -3519.257205 0.953470 -0.158431 -0.256504 -0.058732 0.736887 -0.673460 -0.295712 -0.657189 -0.693295
4.655167 -48.978638 656.291099 9046.038826 0.276310 0.657127 -0.701311 0.320126 0.625118 0.711861 -0.906185 0.421202 0.037637
4.540279 -107.233875 546.062424 27038.770311 0.282928 0.703909 -0.651509 0.236960 0.606908 0.758625 -0.929409 0.369018 -0.004913
1.677096 -46.655738 951.324287 8053.689007 0.300085 0.651108 -0.697142 0.291772 0.633148 0.716933 -0.908195 0.418548 -0.000023
1.437851 -34.807536 -1029.169418 -770.847799 -0.296543 -0.620788 0.725730 0.339531 0.641734 0.687674 -0.892626 0.450333 0.020475
4.980148 -32.188444 684.529486 -645.648406 0.285645 0.650513 -0.703732 0.350854 0.612359 0.708462 -0.891800 0.449276 0.053318
-25.192568 -44.139281 -259.898142 -1230.570844 -0.558269 0.747541 0.359886 0.693734 0.658517 -0.291699 0.455048 -0.086819 0.886225
-24.459735 -44.289062 491.282066 -592.890306 -0.413741 0.828656 0.377025 0.745600 0.546061 -0.381967 0.522398 -0.123075 0.843773
-22.869098 -40.798646 184.806565 -1681.313256 -0.193152 0.906836 0.374622 0.849476 0.345627 -0.398664 0.491002 -0.241229 0.837094
-20.564237 -26.998872 26.779200 -1819.092174 0.992254 0.031638 0.120129 0.073250 -0.930036 -0.360093 -0.100331 -0.366103 0.925150
-23.467671 -31.442506 219.770655 182.887179 0.945430 0.244571 0.215282 0.315807 -0.850419 -0.420777 -0.080170 -0.465803 0.881249
-11.924779 -24.969416 -6473.460619 -849.667100 0.768703 -0.636025 -0.067583 -0.611069 -0.699086 -0.371314 -0.188919 -0.326728 0.926045
-21.417864 -31.580123 1220.823960 -107.245414 0.939545 0.301399 0.162524 0.341965 -0.850490 -0.399658 -0.017769 -0.431074 0.902142
-16.529149 -20.360598 -1793.726898 -2482.529674 0.962175 -0.270643 0.031159 -0.251819 -0.927183 -0.277342 -0.103951 -0.259005 0.960266
69.096198 -149.438401 13398.945037 -72100.970422 -0.544383 0.837661 0.044393 0.769068 0.519537 -0.372312 0.334934 0.168539 0.927046
9904.420471 -78547.877435 1488166.004177 -23628480.152672 -0.503832 0.733727 0.455849 0.653431 0.668890 -0.354422 0.564961 -0.119297 0.816448
73.544176 -38.563477 -10411.047142 -20897.284175 -0.163533 0.976207 0.142399 0.797923 0.215765 -0.562818 0.580152 -0.021584 0.814222
8.721151 -8.397277 -363.248217 -261.206439 0.465793 -0.531792 -0.707272 -0.198370 0.716179 -0.669131 0.862372 0.451978 0.228099
8.275574 -8.187075 419.205075 -635.160636 0.456519 -0.582035 -0.672923 -0.147493 0.696363 -0.702370 0.877403 0.419897 0.232057
-8.749798 -24.995805 -253.165356 -123.941414 0.845112 -0.523076 0.110352 -0.405252 -0.492222 0.770382 0.348651 0.695779 0.627960
-6.841423 -23.993041 -627.206674 453.837706 0.886506 -0.456279 0.076921 -0.376792 -0.615350 0.692367 0.268579 0.642770 0.717434
0.782763 -42.654698 -117.615646 1217.598807 0.165976 -0.828535 -0.534772 0.986118 0.142124 0.085864 0.004862 -0.541600 0.840623
-0.405866 -39.277225 196.527186 508.355168 0.241744 -0.803881 -0.543447 0.951294 0.306762 -0.030602 0.191309 -0.509580 0.838886
0.122902 -45.784313 130.450240 1239.056945 0.202859 -0.815752 -0.541661 0.979203 0.167239 0.114859 -0.003109 -0.553696 0.832713
2.205470 -48.391420 -276.523674 1264.427362 0.131928 -0.829456 -0.542768 0.970059 -0.004606 0.242826 -0.203914 -0.558552 0.804014
-1.745615 -48.418060 604.338321 1242.769092 0.264385 -0.799057 -0.540007 0.964303 0.210392 0.160797 -0.014873 -0.563243 0.826158
2.234308 -51.087123 88.173940 1229.442088 0.197067 -0.815324 -0.544437 0.956280 0.037458 0.290044 -0.216086 -0.577793 0.787059
-0.610373 -87.384809 -15.489250 -1042.667068 0.782984 -0.594671 0.182491 0.602484 0.797983 0.015356 -0.154756 0.097925 0.983088
-0.234147 -81.272613 -35.035555 -1962.072537 0.806862 -0.560146 0.187642 -0.590263 -0.751713 0.294136 0.023706 0.348086 0.937163
8.257798 -18.197592 247.496145 -3441.009037 0.211061 -0.925556 0.314324 0.976976 0.189495 -0.098030 0.031169 0.327777 0.944241
11.319754 -12.170330 1215.911444 -691.199370 0.057709 -0.930772 0.361016 0.997071 0.035553 -0.067722 0.050199 0.363866 0.930098
8.866516 -17.214993 1034.130178 -4116.181211 0.222523 -0.919362 0.324434 0.973594 0.192154 -0.123253 0.050973 0.343294 0.937844
0.076081 -69.358866 -636.399807 7169.597765 0.621497 -0.643489 0.446837 0.678397 0.727320 0.103844 -0.391816 0.238594 0.888568
1.422800 -84.863996 843.807573 7772.142521 0.662728 -0.611959 0.431623 0.616346 0.773104 0.149757 -0.425335 0.166781 0.889536
0.616785 -74.311143 520.171616 9654.234860 0.626168 -0.653329 0.425529 0.707136 0.705767 0.043032 -0.328439 0.273962 0.903921
-9.767983 -31.305572 -292.907599 355.423047 0.732440 -0.575353 -0.364007 0.452348 0.011660 0.891765 0.508835 0.817822 -0.268800
-10.554071 -37.017323 -462.522900 -1667.202259 -0.560077 0.612680 0.557618 0.568487 -0.205372 0.796646 0.602608 0.763181 -0.233277
-7.207360 -31.948230 -476.003109 -383.706420 -0.576885 0.636899 0.511432 0.625629 -0.058028 0.777960 0.525159 0.768760 -0.364987
-3.691681 -67.881648 758.964452 239.696542 -0.268852 0.439415 -0.857107 0.679387 0.717302 0.154635 0.682754 -0.540733 -0.491381
-4.429724 -65.067588 1171.586956 -1427.126918 -0.283437 0.463473 -0.839557 0.825505 0.563466 0.032365 0.488063 -0.683885 -0.542306
-3.116073 -67.915904 537.510691 -199.189236 -0.265393 0.460659 -0.846971 0.680433 0.711862 0.173965 0.683065 -0.530138 -0.502371
11.266487 -44.782181 -2231.057374 403.265252 -0.179892 0.648556 -0.739604 -0.376777 0.649102 0.660837 0.908668 0.397545 0.127593
14.393971 -46.672911 -996.934524 568.857575 -0.202772 0.607061 -0.768349 -0.360726 0.683162 0.634954 0.910363 0.405914 0.080457
11.510942 -47.812112 -1348.180692 1681.882176 -0.162405 0.583347 -0.795821 -0.224384 0.763564 0.605493 0.960873 0.276904 0.006887
16.391617 -49.476930 -1107.338504 1534.650417 -0.235284 0.665440 -0.708400 0.485997 -0.550647 -0.678671 0.841693 0.503961 0.193844
8.517470 -46.002716 -1776.965996 1693.397073 -0.141864 0.591394 -0.793806 -0.237262 0.758227 0.607288 0.961032 0.274492 0.032750
4.698446 -42.476049 -3258.717666 -96.442706 -0.166300 0.684322 -0.709964 0.385102 -0.617740 -0.685634 0.907767 0.387429 0.160804
10.078519 -48.009318 -2849.244567 1830.244298 -0.225289 0.727148 -0.648461 0.496375 -0.487052 -0.718604 0.838366 0.483773 0.251210
1.792638 -90.919595 1.422199 -202.683157 -0.501451 0.498629 -0.707048 0.829718 0.045561 -0.556320 -0.245183 -0.865618 -0.436568
1.387200 -88.359007 -6.925722 451.498753 -0.517588 0.498820 -0.695185 0.754820 -0.116414 -0.645519 -0.402927 -0.858852 -0.316265
0.226177 -85.183019 153.998836 206.309630 -0.512121 0.506976 -0.693330 0.733868 -0.161151 -0.659900 -0.446285 -0.846762 -0.289525
-2.831416 -115.311557 -329.224837 -10089.289453 0.549631 -0.601673 0.579564 0.228959 0.775678 0.588135 -0.803420 -0.190561 0.564095
-5.798693 -66.365197 -382.720732 -927.384371 -0.263007 0.420024 -0.868566 -0.544288 0.678725 0.493034 0.796604 0.602421 0.050105
-4.881944 -67.741397 -1274.792181 -1586.133702 -0.250639 0.458606 -0.852561 -0.519495 0.679415 0.518190 0.816888 0.572779 0.067956
-3.858712 -60.659957 -1212.968790 -3136.621469 -0.235883 0.437267 -0.867846 -0.366824 0.786914 0.496192 0.899889 0.435390 -0.025220
-2.041988 -54.099810 -1070.402099 -4003.326736 -0.240881 0.442175 -0.863978 -0.199613 0.848588 0.489952 0.949806 0.290481 -0.116145
-4.970524 -60.463807 16.248590 -2636.285842 -0.258325 0.399942 -0.879383 -0.384094 0.792719 0.473358 0.886420 0.460046 -0.051164
3.893549 -27.323778 -1313.415400 -536.454382 -0.459411 0.105005 -0.881995 0.832387 -0.295620 -0.468766 -0.309958 -0.949517 0.048406
-0.809530 -24.821926 -622.570880 -480.221652 -0.532942 0.137082 -0.834974 0.781042 -0.299897 -0.547755 -0.325494 -0.944071 0.052761
-1.520479 -27.218365 -647.229002 -489.819377 -0.447745 0.111019 -0.887243 0.856688 -0.230987 -0.461228 -0.256146 -0.966602 0.008315
-3.415581 -26.319045 -382.403515 -401.125471 -0.491899 0.132700 -0.860480 0.832612 -0.217246 -0.509471 -0.254543 -0.967055 -0.003625
-5.095834 -25.126956 -513.956657 -247.518063 -0.562889 0.159697 -0.810958 0.782049 -0.214636 -0.585090 -0.267498 -0.963550 -0.004074
-10.210754 -2620.221215 -100959.835600 2998255.018165 -0.588910 0.168970 -0.790338 0.417333 0.901015 -0.118338 0.692112 -0.399525 -0.601133
-111.630007 -1205.503126 -15375.784005 1049825.836853 -0.550162 0.179674 -0.815499 0.444692 0.889625 -0.103999 0.706803 -0.419862 -0.569337
-31.808289 -1484.596058 -32422.958220 1261030.846352 -0.552588 0.205550 -0.807710 0.668460 0.688130 -0.282202 0.497803 -0.695863 -0.517654
-29.176857 -558.067195 5587.602399 139757.811085 -0.564218 0.256502 -0.784771 0.662577 0.707780 -0.245028 0.492595 -0.658220 -0.569294
-30.110947 -1162.239246 -14034.744604 536946.469304 -0.530591 0.200937 -0.823467 0.839958 0.255037 -0.478984 0.113769 -0.945823 -0.304099
-150.175895 -2482.927617 -4227.849085 -1930833.167232 0.653692 -0.235385 0.719222 0.442962 -0.651555 -0.615842 -0.613573 -0.721159 0.321649
-22.223092 -82.858799 1848.426666 1278.245877 -0.453583 0.435441 -0.777595 0.871747 0.398144 -0.285550 0.185255 -0.807387 -0.560185
-22.198260 -91.886568 2165.066535 11158.864113 -0.416867 0.447959 -0.790920 0.906285 0.271633 -0.323825 0.069780 -0.851791 -0.519213
-17.504056 -88.980133 2633.549500 6113.172615 -0.437232 0.500667 -0.747101 0.890733 0.355785 -0.282863 0.124187 -0.789145 -0.601522
-16.958893 -87.417474 2116.412231 -3666.245978 -0.460333 0.481281 -0.745964 0.852514 0.474036 -0.220247 0.247614 -0.737332 -0.628514
-9.922506 -95.354944 1933.643378 1827.103530 -0.448009 0.526453 -0.722589 0.877445 0.413871 -0.242489 0.171400 -0.742670 -0.647352
-10.193792 -103.878209 2341.964489 12157.758955 -0.434251 0.545244 -0.717032 0.900638 0.277516 -0.334418 0.016648 -0.791008 -0.611579
23.713280 -1659.895275 -1633.143908 644084.578444 -0.073066 0.416783 -0.906065 0.302250 0.875022 0.378129 0.950424 -0.246230 -0.189907
-4.151993 -1633.521329 8705.704216 2342942.030417 -0.255310 0.468430 -0.845807 0.263464 0.875400 0.405292 0.930271 -0.119365 -0.346913
19.243499 -3659.453203 -31579.207871 1767427.344156 0.209102 -0.480974 0.851434 0.165393 0.875533 0.453968 -0.963806 0.045895 0.262626
-66.526494 -2251.406564 -19083.186814 136061.756047 0.311582 -0.480678 0.819674 0.844009 0.536292 -0.006337 -0.436539 0.693786 0.572795
-1038.256171 -2831.606292 220376.140042 -1467855.963130 -0.206454 0.403229 -0.891506 -0.386651 0.803357 0.452899 0.898820 0.438205 -0.009948
2.995547 -145.870197 62.571369 4159.982146 -0.463754 0.560082 -0.686470 0.016720 0.780223 0.625278 0.885806 0.278497 -0.371196
3.527736 -133.963178 -80.144832 13966.926304 -0.460229 0.576438 -0.675210 -0.223305 0.660931 0.716453 0.859258 0.480510 -0.175458
3.062114 -149.059050 -227.359836 14502.938661 -0.461170 0.556688 -0.690957 -0.170771 0.708466 0.684773 0.870724 0.433792 -0.231657
