18804
37596
-19.890433 -31.562134 -359.940668 1869.738640 0.710344 -0.427530 -0.559134 -0.234950 0.604796 -0.760934 -0.663483 -0.671893 -0.329165
-19.372567 -33.364967 -621.712809 1542.824616 0.691741 -0.269205 -0.670091 -0.413164 0.613504 -0.672985 -0.592275 -0.742389 -0.313160
-23.402282 -38.224354 -176.124374 1683.800380 0.750829 -0.477774 -0.456056 -0.243649 0.441429 -0.863583 -0.613914 -0.759521 -0.215029
-17.603659 -26.709634 -535.013528 1189.280458 0.627787 -0.135692 -0.766467 -0.458761 0.730989 -0.505167 -0.628826 -0.668762 -0.396655
-23.636133 -44.998648 149.944516 4423.736976 0.760179 -0.636210 -0.131777 0.071179 0.283152 -0.956430 -0.645803 -0.717678 -0.260531
-17.293231 -30.916786 910.112307 -2741.112347 -0.700908 0.600669 0.384610 0.007744 -0.532794 0.846209 -0.713209 -0.596094 -0.368788
-14.996744 -23.203322 634.519661 1281.745786 -0.617383 0.217565 0.755978 -0.350290 0.784431 -0.511825 -0.704368 -0.580804 -0.408084
32.503676 -50.780433 2889.436678 -1662.974582 -0.514175 0.816098 0.263834 -0.664487 -0.573534 0.479079 -0.542293 -0.071016 -0.837183
28.497928 -51.130198 1896.851696 -1545.006713 -0.516565 0.800062 0.305061 -0.686142 -0.599909 0.411483 -0.512221 -0.003242 -0.858848
25.348795 -53.950223 1757.734766 -1832.428400 -0.501875 0.800476 0.327658 -0.589074 -0.593715 0.548173 -0.633335 -0.082100 -0.769511
34.066982 -52.479276 3507.006199 -1508.941831 -0.529752 0.811680 0.246045 -0.569724 -0.555447 0.605716 -0.628313 -0.180701 -0.756683
39.704983 -50.943581 3419.155801 -169.803266 -0.568258 0.809158 0.149484 -0.655523 -0.554976 0.512144 -0.497366 -0.193040 -0.845791
-23.403028 -34.869302 -126.157383 350.719248 0.295722 0.949585 0.104101 0.953467 -0.300105 0.028954 0.058736 0.090694 -0.994145
-25.372566 -35.220007 -315.458507 16.078386 0.194523 0.964132 0.180585 0.980828 -0.193382 -0.024082 0.011704 0.181807 -0.983265
-24.078333 -33.315814 -315.089778 -507.170685 0.263172 0.956744 0.124022 -0.952007 0.278365 -0.127259 0.156278 0.084579 -0.984085
-26.814171 -32.714073 -1016.824490 -455.506256 0.002387 0.993232 0.116126 -0.962426 0.033814 -0.269431 0.271534 0.111119 -0.955993
-24.109282 -30.176111 -246.921976 -825.564794 0.062560 0.995773 0.067251 -0.953426 0.079549 -0.290950 0.295070 0.045917 -0.954372
-32.607721 -41.519150 -83.054535 1689.860217 0.507783 -0.345609 0.789120 -0.351630 0.753074 0.556089 -0.786456 -0.559851 0.260872
-33.550553 -46.543125 18.913733 -433.727028 -0.524464 0.189604 -0.830053 0.525629 -0.694837 -0.490832 -0.669815 -0.693723 0.264756
-31.889963 -38.829066 138.017067 2346.223479 0.537652 -0.213576 0.815669 -0.334654 0.833874 0.438932 -0.773910 -0.508960 0.376859
-29.829572 -32.155004 1092.062740 2535.813822 -0.501141 0.761914 -0.410297 0.076628 0.511340 0.855955 -0.861966 -0.397515 0.314637
-26.483080 -33.324684 2138.191162 1952.854164 0.333818 0.408269 0.849636 -0.576866 0.801332 -0.158409 -0.745514 -0.437246 0.503015
-25.165473 -30.203395 4413.956208 -269.194873 -0.109244 0.852855 0.510592 0.542144 -0.379419 0.749748 -0.833154 -0.358720 0.420920
-0.215684 -18.939366 -631.155708 -393.480928 0.322703 0.547231 0.772270 0.933203 -0.320240 -0.163029 0.158097 0.773294 -0.614020
-4.854635 -18.720877 -448.766777 -52.363645 0.286689 0.556425 0.779872 0.924221 -0.374967 -0.072220 0.252242 0.741479 -0.621759
-0.849347 -19.517668 -917.663584 -130.424603 0.451296 0.500907 0.738529 0.868882 -0.435297 -0.235712 0.203410 0.748070 -0.631677
3.463029 -19.372757 -683.150386 -143.238345 0.475616 0.475359 0.740151 0.866132 -0.400030 -0.299653 0.153640 0.783588 -0.601984
1.656431 -20.625909 -854.142168 3.775793 0.591267 0.405119 0.697340 0.771561 -0.535822 -0.342912 0.234730 0.740792 -0.629388
8.850242 -19.697918 1592.678837 249.420621 0.710908 -0.382635 -0.590085 0.574263 -0.168540 0.801134 0.405995 0.908397 -0.099917
14.126011 -21.254795 2371.764005 1857.093902 0.734279 -0.322097 -0.597568 0.580615 -0.158119 0.798676 0.351739 0.933409 -0.070911
5.507830 -22.849901 906.591454 1579.115392 0.703083 -0.351044 -0.618419 0.621595 -0.119006 0.774246 0.345391 0.928765 -0.134536
4.534407 -21.160779 297.758058 277.348142 0.714737 -0.367040 -0.595342 0.592724 -0.133964 0.794186 0.371253 0.920508 -0.121804
3.657217 -22.631075 -483.234153 795.866980 0.718276 -0.327356 -0.613936 0.629991 -0.068485 0.773577 0.295280 0.942416 -0.157041
4.560472 -21.453337 54.844767 68.123641 0.711618 -0.337835 -0.616009 0.657243 0.010289 0.753608 0.248257 0.941149 -0.229362
0.480790 -24.803614 -137.249517 214.240552 0.804611 -0.521893 -0.283248 0.460374 0.849545 -0.257545 0.375043 0.076823 0.923819
0.544034 -25.821397 26.639688 347.722611 0.792764 -0.538356 -0.285827 0.518144 0.842188 -0.149148 0.321015 -0.029860 0.946603
0.379587 -24.647628 265.754692 176.230455 0.797373 -0.530726 -0.287273 0.482189 0.846535 -0.225548 0.362891 0.041326 0.930915
0.509321 -23.142176 55.012343 215.197682 0.813299 -0.501410 -0.295181 0.403804 0.851660 -0.334093 0.418911 0.152522 0.895126
6.657108 -50.308603 1086.591290 -3379.000052 0.715885 -0.603232 -0.351597 0.692591 0.549705 0.467057 0.088469 0.577872 -0.811318
6.788516 -42.938640 -675.787110 -3254.136515 -0.699198 0.608332 0.375572 0.712155 0.638861 0.291017 -0.062903 0.470944 -0.879917
5.611103 -52.188808 -575.838498 -3179.671266 0.725061 -0.580464 -0.370604 0.684165 0.545566 0.484021 0.078768 0.604499 -0.792702
4.596995 -51.907274 395.967848 -578.660733 0.741749 -0.572187 -0.349871 0.637291 0.438779 0.633508 0.208969 0.692874 -0.690114
8.077941 -48.502507 1801.504136 -1236.831363 0.718176 -0.606325 -0.341458 0.667215 0.460663 0.585332 0.197604 0.648197 -0.735387
20.236221 -38.644449 -3470.388267 -3392.775214 0.860418 -0.476180 -0.181477 0.130833 -0.137764 0.981786 0.492508 0.868489 0.056235
14.366552 -33.990739 -2552.307649 -2789.155213 0.867060 -0.459486 -0.192557 0.194512 -0.043611 0.979930 0.458662 0.887113 -0.051562
21.452252 -28.995357 -1937.778595 -1612.752524 0.814174 -0.561875 -0.146345 0.148844 -0.041649 0.987983 0.561218 0.826173 -0.049722
15.121078 -25.634296 -2575.363494 -570.039110 0.853600 -0.496922 -0.156319 0.193208 0.023327 0.980881 0.483775 0.867482 -0.115921
4.542078 -74.272670 -135.016411 -2735.101561 0.683940 -0.548265 -0.481282 -0.641243 -0.137189 -0.754975 -0.347900 -0.824976 0.445400
3.148101 -79.352074 -63.737520 -2009.897464 0.652073 -0.553620 -0.517983 -0.545641 0.131663 -0.827612 -0.526381 -0.822295 0.216224
3.725342 -70.683793 -211.052220 -2843.398943 0.686956 -0.565424 -0.456495 -0.624323 -0.137720 -0.768930 -0.371904 -0.813221 0.447615
4.991774 -66.731102 -703.712298 -1618.161583 0.721010 -0.565107 -0.400998 -0.663130 -0.394855 -0.635884 -0.201007 -0.724392 0.659433
3.959810 -58.706338 -598.764359 -3178.882613 0.714282 -0.568341 -0.408399 -0.650076 -0.322643 -0.687970 -0.259234 -0.756895 0.599923
1.763475 -39.851321 -80.079702 148.194173 0.720781 -0.582778 -0.375293 0.293100 0.746879 -0.596879 0.628146 0.320221 0.709148
1.207930 -43.131277 188.987758 -20.720531 0.703650 -0.609307 -0.365543 0.353376 0.746405 -0.563920 0.616443 0.267628 0.740522
0.856014 -39.374547 -144.699161 -627.885312 0.700292 -0.631146 -0.333534 0.468074 0.758747 -0.453001 0.538978 0.161115 0.826768
-0.307781 -72.131461 -609.346423 -162.808050 0.670222 0.121521 0.732144 -0.568523 -0.550054 0.611737 -0.477058 0.826241 0.299571
-0.535620 -68.791228 -223.416526 -96.433853 0.674640 0.103275 0.730887 -0.491063 -0.676471 0.548858 -0.551107 0.729193 0.405659
-1.395864 -69.516497 92.592143 -577.165689 0.685274 0.083391 0.723496 -0.571188 -0.554772 0.604956 -0.451823 0.827813 0.332538
-2.552724 -73.416879 -81.648657 -845.199160 0.682883 0.075463 0.726620 -0.628756 -0.445697 0.637197 -0.371937 0.891997 0.256911
-1.281904 -69.138370 -144.067485 -694.355187 0.676621 0.090614 0.730735 -0.655777 -0.377175 0.653984 -0.334875 0.921698 0.195782
2.803680 -63.897381 741.422863 -325.633168 0.760738 -0.027035 0.648496 0.427730 0.772373 -0.469562 0.488186 -0.634594 -0.599137
0.728707 -67.168931 82.554031 -198.663274 0.767381 -0.058542 0.638513 0.500914 0.676380 -0.539996 0.400265 -0.734223 -0.548366
1.788471 -67.234569 202.803132 -165.858177 0.769329 -0.047485 0.637085 0.367849 0.848258 -0.380981 0.522322 -0.527451 -0.670057
-0.147517 -68.804004 47.743526 -143.726137 0.757377 -0.058238 0.650375 0.489038 0.710592 -0.505866 0.432691 -0.701190 -0.566667
3.410057 -63.542877 -443.844607 -539.121014 -0.774845 0.028811 -0.631495 0.304883 0.892131 -0.333390 0.553771 -0.450857 -0.700047
2.767926 -65.998538 5.168439 574.977308 -0.783037 0.033307 -0.621082 0.199460 0.959273 -0.200028 0.589125 -0.280510 -0.757790
1.639920 -66.891454 -234.610839 366.030914 -0.767740 0.028730 -0.640117 0.210828 0.954697 -0.210012 0.605084 -0.296189 -0.739016
0.601795 -69.185217 -157.312591 297.934181 -0.759877 0.042515 -0.648675 0.341699 0.875010 -0.342927 0.553018 -0.482234 -0.679427
5.748804 -43.490292 -15.323188 -1270.357802 0.667269 -0.660287 -0.344635 0.744644 0.601369 0.289587 0.016043 -0.449863 0.892954
6.380721 -47.242919 -327.046079 -861.196393 0.688347 -0.646862 -0.328249 0.704301 0.704299 0.089017 0.173604 -0.292460 0.940387
5.912738 -48.277449 247.481569 -980.970273 0.663216 -0.648509 -0.373605 0.742251 0.633932 0.217241 0.095957 -0.421386 0.901790
8.447478 -44.247744 684.873575 -339.014229 0.639970 -0.670653 -0.375052 0.764730 0.508240 0.396081 -0.075016 -0.540293 0.838127
-4.007456 -49.185795 -176.407453 181.597885 0.677711 -0.447571 -0.583428 0.658459 0.722561 0.210562 -0.327321 0.526864 -0.784395
-4.256926 -48.721134 102.447768 60.111805 -0.694351 0.436360 0.572247 0.695450 0.611302 0.377702 -0.185002 0.660227 -0.727925
-4.958809 -49.401482 -190.259316 -143.500244 0.687551 -0.457230 -0.564105 0.675908 0.686895 0.267063 -0.265372 0.564903 -0.781321
-5.703326 -46.173542 341.144171 -210.024819 -0.693924 0.465353 0.549468 0.698796 0.619264 0.358045 -0.173649 0.632422 -0.754910
-5.349837 -46.688627 -150.576647 149.738157 0.686040 -0.478725 -0.547879 0.669262 0.710593 0.217131 -0.285373 0.515636 -0.807887
-5.126611 -47.379450 -46.095929 489.934538 0.679897 -0.482204 -0.552467 0.637461 0.761042 0.120242 -0.362469 0.433928 -0.824817
-4.649026 -48.257344 -195.803162 75.216316 0.669539 -0.472200 -0.573363 0.623929 0.776374 0.089195 -0.403026 0.417457 -0.814432
24.843937 -18.870547 4080.745892 405.861275 0.959074 -0.224391 -0.172700 -0.279167 -0.647331 -0.709245 -0.047354 -0.728431 0.683481
30.299108 -21.720171 5101.044716 -754.976148 0.958739 -0.218092 -0.182361 -0.284289 -0.735462 -0.615042 -0.000016 -0.641508 0.767117
16.128348 -21.275415 3954.204945 -910.244426 0.921445 -0.222670 -0.318367 -0.377249 -0.708672 -0.596211 0.092859 -0.669479 0.737004
8.499370 -19.246864 3170.339303 246.121881 0.912384 -0.253327 -0.321528 -0.408359 -0.617502 -0.672260 0.028242 -0.744659 0.666848
13.292695 -19.570433 3042.239341 752.987461 0.939017 -0.240709 -0.245573 -0.340369 -0.548975 -0.763397 -0.048943 -0.800428 0.597427
24.058291 -18.561980 3568.807589 1214.394000 0.960808 -0.239736 -0.139196 -0.256194 -0.576091 -0.776198 -0.105893 -0.781439 0.614931
-2.726539 -83.292975 311.501301 1181.861857 -0.732643 0.114944 -0.670837 -0.128343 0.944622 0.302023 0.668403 0.307372 -0.677318
-3.897090 -79.685718 382.953227 210.705938 -0.733662 0.100692 -0.672013 -0.280944 0.855527 0.434906 0.618716 0.507872 -0.599379
-3.539278 -82.496074 -443.586331 1752.361544 -0.704897 0.160726 -0.690860 -0.154457 0.915835 0.370661 0.692288 0.367986 -0.620744
-2.135134 -92.059573 109.135619 4499.680505 -0.724706 0.165945 -0.668777 0.041993 0.979400 0.197516 0.687777 0.115057 -0.716746
-13.962501 -22.214979 703.469478 216.447821 -0.797621 0.498546 0.339489 0.221107 0.765349 -0.604445 -0.561171 -0.407054 -0.720690
-15.596021 -23.084504 342.321685 407.174553 -0.801880 0.534176 0.267664 0.320282 0.762485 -0.562171 -0.504388 -0.365066 -0.782508
-14.559914 -22.435242 -9.471962 -154.946837 -0.782370 0.601512 0.161495 0.345492 0.634903 -0.691037 -0.518201 -0.484852 -0.704547
-13.647085 -23.219523 1003.667973 479.145872 -0.790945 0.465508 0.397125 0.224596 0.824583 -0.519249 -0.569177 -0.321505 -0.756751
-12.634993 -22.902937 732.066637 -615.887092 -0.785892 0.528565 0.320925 0.183144 0.694665 -0.695628 -0.590620 -0.487913 -0.642735
-10.267884 -22.844851 1054.282224 -163.615815 -0.770360 0.477570 0.422459 0.147392 0.778003 -0.610726 -0.620339 -0.408212 -0.669733
-7.851418 -64.848628 -293.237799 5535.757648 0.784010 -0.379252 0.491422 0.524943 0.827596 -0.198797 0.331305 -0.413828 -0.847929
-7.996591 -72.977195 612.301476 4918.782678 0.735201 -0.395671 0.550386 0.634686 0.686933 -0.353974 0.238021 -0.609564 -0.756160
113.066888 -3109.364675 -48273.933208 754048.599687 -0.691237 0.515466 -0.506444 0.696621 0.661658 -0.277360 0.192123 -0.544521 -0.816447
-9.298913 -133.812051 369.648921 20025.389103 -0.670031 0.453930 -0.587373 0.733150 0.528723 -0.427718 0.116404 -0.717216 -0.687060
-60.682201 -110.173548 2387.579080 -23554.351248 0.773545 0.632675 -0.036753 -0.570480 0.669898 -0.475173 0.276010 -0.388534 -0.879124
-5.781113 -150.473700 -481.580709 19797.692452 -0.675319 0.471386 -0.567221 0.736694 0.467654 -0.488448 0.035015 -0.747727 -0.663083
-51.773791 -131.075312 8840.289748 22324.417616 0.727860 -0.528246 0.437238 0.666226 0.695737 -0.268501 0.162368 -0.486730 -0.858330
20.434241 9.743215 6437.635143 211.887037 0.719950 -0.116190 0.684231 -0.624622 0.321263 0.711784 0.302520 0.939835 -0.158719
35.267049 12.218695 5022.461707 -569.897986 0.668853 0.048151 0.741833 0.720890 -0.285688 -0.631427 0.181529 0.957112 -0.225795
28.306667 11.303684 5850.204286 390.932213 0.749044 -0.074255 0.658346 -0.620795 0.268410 0.736594 0.231402 0.960439 -0.154954
37.927171 11.125728 6835.257338 562.002447 0.666009 -0.005389 0.745924 0.684699 -0.392391 -0.614179 0.296004 0.919783 -0.257646
-7.954355 -24.852382 -165.195851 186.218789 -0.294266 0.538045 0.789883 0.897717 -0.127939 0.421587 0.327890 0.833150 -0.445364
-6.842046 -24.661787 -235.238065 711.571007 -0.356615 0.580723 0.731838 0.852519 -0.118144 0.509170 0.382149 0.805483 -0.452946
-7.622704 -25.168294 -251.365411 -144.018739 -0.347480 0.561483 0.750996 0.898374 -0.030129 0.438197 0.268666 0.826940 -0.493953
13.521974 -24.094109 201.179054 -838.935549 0.727320 0.131919 0.673500 0.630072 -0.517368 -0.579085 -0.272055 -0.845534 0.459411
12.684875 -22.321175 -64.387382 -633.122213 0.735112 0.077828 0.673464 0.594590 -0.551244 -0.585315 -0.325689 -0.830706 0.451502
10.546129 -18.377737 -111.246985 -1726.218662 0.699908 0.167161 0.694396 0.630629 -0.601070 -0.490940 -0.335315 -0.781519 0.526110
12.339634 -24.189221 466.229388 -726.212652 0.710316 0.211551 0.671340 0.657714 -0.539218 -0.525981 -0.250727 -0.815162 0.522155
6.556042 -5.011711 903.593612 -3071.779912 -0.598812 -0.248753 -0.761280 0.685669 -0.650427 -0.326807 -0.413862 -0.717682 0.560045
8.832067 -9.237081 273.728038 -2370.098726 -0.517092 -0.375396 -0.769216 0.764651 -0.606427 -0.218072 -0.384610 -0.700945 0.600625
-4.545830 -11.996111 -276.796614 864.941841 -0.417111 0.852905 0.313959 0.816784 0.200277 0.541066 0.398599 0.482122 -0.780178
-5.110776 -14.545914 -197.736207 761.336578 -0.348119 0.865187 0.360922 0.865729 0.149011 0.477816 0.359619 0.478797 -0.800892
-5.515107 -13.432466 -228.691343 819.615478 -0.348280 0.856444 0.381058 0.859215 0.129145 0.495047 0.374768 0.499826 -0.780848
-4.758005 -9.164496 -462.383175 826.876067 -0.475294 0.834732 0.278063 0.769469 0.241121 0.591420 0.426630 0.495059 -0.756904
-1.919610 -15.357084 -282.741952 177.263335 -0.833927 0.366510 0.412596 0.365071 0.927034 -0.085617 -0.413871 0.079229 -0.906881
-4.171879 -16.612337 -354.919567 108.113348 -0.844618 0.328296 0.422897 0.324563 0.942197 -0.083207 -0.425769 0.066979 -0.902349
-3.454637 -15.363180 -396.422450 -43.372574 -0.862438 0.292674 0.412969 0.311804 0.949891 -0.022028 -0.398722 0.109768 -0.910479
-2.684092 -14.748233 -542.465843 -39.633292 -0.854801 0.331214 0.399514 0.360098 0.932910 -0.002955 -0.373690 0.141339 -0.916722
-4.217113 -15.193897 -343.693883 -122.135569 -0.877401 0.247423 0.411034 0.295637 0.953595 0.057052 -0.377844 0.171575 -0.909833
-8.332964 -100.219046 -1575.155616 -21045.257750 0.789327 0.613881 0.010636 -0.582253 0.742939 0.330185 -0.194792 0.266817 -0.943856
-4.640037 -162.595836 -2098.454803 -25120.733717 0.759156 0.650844 0.009204 -0.547515 0.630858 0.549769 -0.352007 0.422399 -0.835266
-11.183765 -140.581646 -1756.174031 -27934.985293 0.787673 0.614892 0.038454 -0.574742 0.710891 0.405345 -0.221907 0.341381 -0.913354
0.507452 -40.687779 137.619288 -288.036810 -0.592208 0.684753 0.424740 0.274820 -0.323868 0.905308 -0.757472 -0.652858 -0.003613
0.308929 -39.259458 -45.439283 2315.160833 -0.603061 0.662241 0.444695 0.255547 -0.367705 0.894141 -0.755654 -0.652862 -0.052515
0.314301 -37.847364 18.962492 1966.794993 -0.599816 0.677624 0.425496 0.223446 -0.368765 0.902266 -0.768305 -0.636269 -0.069779
-17.229327 -31.742423 1679.826232 189.875090 0.818416 0.306398 -0.486123 -0.002960 0.848218 0.529639 0.574619 -0.432026 0.695102
-20.843831 -31.915916 1186.507228 -290.469973 0.791624 0.507704 -0.339954 -0.288423 0.800993 0.524616 0.538650 -0.317247 0.780519
-23.021958 -33.257120 1103.523200 -331.773706 0.830991 0.472814 -0.293088 -0.242752 0.782270 0.573694 0.500525 -0.405587 0.764836
-15.041224 -28.447946 1442.332878 215.206932 0.784965 0.360985 -0.503508 -0.114616 0.883298 0.454586 0.608846 -0.299124 0.734732
-22.403841 -33.496437 1228.445619 76.591764 0.863634 0.374735 -0.337208 0.100334 -0.783296 -0.613498 0.494033 -0.496005 0.714080
-17.891386 -32.757000 1679.212711 26.131917 0.840125 0.250358 -0.481156 -0.115514 -0.784160 -0.609713 0.529949 -0.567816 0.629872
-10.043816 -31.628739 1618.266373 219.324661 0.787571 0.183359 -0.588313 0.201357 0.825725 0.526909 0.582398 -0.533439 0.613396
-10.616830 -30.095104 1633.508744 483.666528 0.784419 0.218826 -0.580347 0.091380 0.884708 0.457102 0.613463 -0.411592 0.673985
1.965900 -22.420172 -1590.526883 142.328566 0.851145 -0.287590 -0.439140 0.122984 -0.704034 0.699436 0.510321 0.649329 0.563866
9.656076 -22.089752 -2963.246565 -166.808392 0.861812 -0.292123 -0.414661 0.104736 -0.697401 0.708987 0.496296 0.654444 0.570433
6.065884 -21.848809 -2496.719896 -122.615308 0.857371 -0.298489 -0.419307 0.067262 -0.742702 0.666235 0.510284 0.599414 0.616694
-1.493637 -22.179739 -1067.726188 60.603049 0.835440 -0.270239 -0.478551 0.101915 -0.779473 0.618090 0.540050 0.565148 0.623661
-3.772883 -22.650779 -289.554520 115.970788 0.824965 -0.294155 -0.482603 0.121920 -0.741162 0.660162 0.551877 0.603449 0.575570
-4.137603 -23.120724 -316.100468 213.933607 0.824106 -0.307068 -0.475981 0.163425 -0.675681 0.718852 0.542348 0.670197 0.506650
-6.295675 -10.076342 -851.859007 186.719443 0.191838 0.678070 0.709521 0.869301 -0.452961 0.197844 0.455537 0.578833 -0.676342
-4.076363 -10.135721 -682.253447 219.064820 0.341208 0.595775 0.727069 0.833774 -0.548990 0.058570 0.434048 0.586227 -0.684061
-7.865440 -11.795829 -970.093750 -127.857832 0.217241 0.648482 0.729573 0.890094 -0.438404 0.124638 0.400673 0.622313 -0.672449
-9.288656 -11.309654 -550.956564 -411.815575 -0.200170 0.785789 0.585207 0.870988 -0.130812 0.473569 0.448677 0.604503 -0.658229
-10.149284 -12.372255 -529.871316 -465.616643 -0.134967 0.748806 0.648902 0.900353 -0.180751 0.395846 0.413702 0.637667 -0.649794
-10.512392 -13.270470 -535.108659 -251.190572 -0.053923 0.706748 0.705407 0.919691 -0.239996 0.310756 0.388921 0.665514 -0.637049
-5.175834 -12.645933 -666.109357 212.049371 0.416973 0.526058 0.741213 0.829580 -0.553480 -0.073866 0.371389 0.645695 -0.667194
-8.467592 -13.400765 -1151.906765 145.610652 0.269623 0.603802 0.750151 0.892941 -0.448396 0.039972 0.360499 0.659063 -0.660057
0.907306 -32.362799 -31.728119 -289.029262 0.771461 -0.317057 -0.551654 0.482065 -0.274625 0.831982 0.415284 0.907775 0.059021
1.454016 -32.401919 120.059983 -396.472649 0.776160 -0.341115 -0.530298 0.461899 -0.264904 0.846449 0.429214 0.901924 0.048047
1.136338 -30.479276 -65.618563 -1881.866576 0.775341 -0.335128 -0.535290 0.447317 -0.306914 0.840066 0.445818 0.890782 0.088055
3.190769 -32.723322 -253.353679 -1113.187922 0.776387 -0.344394 -0.527841 0.457586 -0.267903 0.847846 0.433403 0.899789 0.050406
3.734236 -31.901007 -541.308755 -1100.347705 0.780458 -0.328021 -0.532248 0.428406 -0.339460 0.837398 0.455361 0.881572 0.124408
-3.698755 -22.001229 9.651240 122.100061 0.736259 -0.469488 -0.487344 0.436584 0.879803 -0.187993 0.517027 -0.074355 0.852734
-4.195339 -24.498092 17.871551 -997.789745 0.716875 -0.482881 -0.502907 0.525959 0.848057 -0.064551 0.457665 -0.218233 0.861926
-3.296675 -21.051063 615.897043 225.246625 0.740648 -0.427628 -0.518242 0.401454 0.900149 -0.169019 0.538772 -0.082866 0.838366
-3.933584 -25.465519 -387.050631 -1180.482397 0.723304 -0.497559 -0.478818 0.536524 0.841461 -0.063920 0.434711 -0.210664 0.875584
-2.735188 -21.451312 509.865606 1746.417364 0.750378 -0.428030 -0.503710 0.314476 0.901435 -0.297522 0.581410 0.064849 0.811022
-3.392960 -22.411755 -540.938548 27.589405 0.743410 -0.484418 -0.461174 0.450025 0.872372 -0.190904 0.494793 -0.065620 0.866530
-3.209603 -21.919562 -171.269274 1864.084827 0.753378 -0.459152 -0.470746 0.343430 0.885209 -0.313785 0.560783 0.074730 0.824583
6.457595 -51.708700 31.960382 451.513248 -0.633439 0.636820 0.439563 -0.072382 0.516808 -0.853036 0.770400 0.572162 0.281272
5.780057 -49.532310 -35.892916 -1532.059462 0.641862 -0.632374 -0.433724 0.123177 0.643296 -0.755644 0.756863 0.431594 0.490801
6.131308 -51.577507 362.167359 -527.428506 -0.657628 0.615189 0.434819 0.049027 0.610912 -0.790179 0.751746 0.498325 0.431914
3.291744 -39.464362 353.113249 -1463.846993 0.554259 -0.644549 -0.526643 0.092669 0.676575 -0.730520 0.827169 0.356094 0.434727
1.319174 -36.661537 242.905905 -1878.150598 0.556771 -0.635680 -0.534711 -0.006324 0.640452 -0.767972 0.830642 0.430966 0.352565
1.899819 -36.867891 318.246519 -1100.120733 0.554939 -0.620092 -0.554553 0.093434 0.708859 -0.699135 0.826627 0.336163 0.451311
-0.225020 -71.933786 187.190093 -2477.038350 -0.657794 0.305655 0.688390 0.728489 0.490358 0.478385 -0.191337 0.816164 -0.545222
-1.089682 -77.054485 -194.676833 -999.248487 -0.677081 0.306460 0.669062 0.735851 0.293355 0.610300 -0.009240 0.905552 -0.424134
-0.021365 -69.646162 -14.397552 -2155.487361 -0.682952 0.299053 0.666441 0.729999 0.311930 0.608113 -0.026025 0.901813 -0.431342
1.141964 -64.694067 -79.768856 -1077.520297 -0.608095 0.346021 0.714486 0.723702 0.611561 0.319763 -0.326307 0.711521 -0.622304
0.382839 -65.841706 19.231903 -330.841501 -0.610243 0.349698 0.710855 0.711970 0.635595 0.298526 -0.347422 0.688280 -0.636842
2.687889 -35.168052 -117.704773 947.980335 0.621552 -0.594173 -0.510521 0.709001 0.149524 0.689173 -0.333153 -0.790317 0.514207
2.556614 -37.650249 -6.482048 -1130.541437 0.645735 -0.584669 -0.491110 -0.643858 -0.071187 -0.761826 -0.410455 -0.808143 0.422412
2.968030 -38.622469 111.686412 992.160965 0.633408 -0.587493 -0.503633 0.648804 0.048503 0.759408 -0.421719 -0.807775 0.411890
-5.862088 -21.295441 -104.603488 -607.239036 0.747859 -0.306848 -0.588686 0.572905 -0.149693 0.805836 0.335392 0.939913 -0.063846
-5.980069 -21.707172 -62.825291 -613.206011 0.725045 -0.327677 -0.605754 0.593183 -0.149770 0.791014 0.349921 0.932844 -0.085782
-5.611623 -19.096612 -226.683522 -916.439608 0.755236 -0.314852 -0.574880 0.592258 -0.047939 0.804321 0.280801 0.947929 -0.150268
-5.862935 -19.310120 -258.177429 -1120.750939 0.747930 -0.333380 -0.573985 0.595939 -0.043577 0.801847 0.292332 0.941785 -0.166082
-5.814533 -17.471211 -274.616549 -974.851068 0.767839 -0.327618 -0.550536 0.585634 0.010560 0.810507 0.259723 0.944751 -0.199973
-0.224452 -22.700955 -588.341231 -78.801112 0.559109 -0.543273 -0.626300 0.829023 0.356441 0.430895 -0.010854 -0.760134 0.649675
1.907239 -20.169117 -576.205821 -622.439663 0.559328 -0.546223 -0.623533 0.823165 0.277304 0.495482 -0.097736 -0.790407 0.604735
-1.674149 -20.810420 -692.657046 -499.632029 0.553066 -0.546417 -0.628925 0.827121 0.269552 0.493166 -0.099946 -0.792951 0.601032
-2.920273 -22.459933 -390.278833 -190.776142 0.596134 -0.518399 -0.613096 0.802651 0.366387 0.470650 -0.019354 -0.772673 0.634509
-3.620787 -17.413728 -728.693929 -921.587314 0.570575 -0.539896 -0.618834 0.804894 0.218014 0.551920 -0.163065 -0.813008 0.558953
-3.996405 -20.492269 -539.735470 -492.848329 0.574293 -0.531378 -0.622755 0.813198 0.282646 0.508743 -0.094315 -0.798591 0.594438
-2.147076 -63.940630 -66.857328 722.686482 -0.026308 -0.074890 0.996845 0.999375 0.021602 0.027998 -0.023631 0.996958 0.074275
-1.361886 -64.303368 -49.282960 551.282353 -0.016916 -0.081318 0.996545 0.987706 0.153553 0.029296 -0.155405 0.984789 0.077720
-0.721520 -66.772930 372.055812 51.747828 -0.028388 -0.111202 0.993392 0.991157 0.125742 0.042400 -0.129626 0.985811 0.106650
-1.335467 -64.261207 303.038809 817.090328 -0.040744 -0.105932 0.993538 0.993823 -0.107031 0.029344 0.103231 0.988596 0.109639
0.891374 -32.978609 176.776286 1253.674568 -0.650550 0.395715 0.648224 0.702896 0.636955 0.316582 -0.287613 0.661587 -0.692518
1.744843 -35.011818 183.180856 803.837291 -0.645245 0.400229 0.650750 0.670370 0.705151 0.231012 -0.366419 0.585302 -0.723297
2.127797 -34.599578 295.893413 1326.072432 -0.674074 0.374729 0.636556 0.679457 0.652606 0.335326 -0.289763 0.658547 -0.694517
6.309570 -19.940572 -152.101128 -639.445979 0.618605 -0.493946 -0.611020 0.606531 0.794558 -0.028257 0.499449 -0.353123 0.791110
6.238056 -20.191867 92.624097 -712.685922 0.584209 -0.524872 -0.619039 0.641553 0.765823 -0.043871 0.497101 -0.371517 0.784134
5.302052 -17.303730 -221.518699 -810.825754 0.598692 -0.525708 -0.604317 0.666966 0.744980 0.012684 0.443536 -0.410653 0.796643
3.962601 -13.156593 -224.740442 -885.386129 0.577243 -0.549726 -0.603814 0.719859 0.691652 0.058486 0.385477 -0.468422 0.794977
3.873796 -15.026531 -482.889579 -831.081660 0.625405 -0.515996 -0.585335 0.667462 0.742321 0.058768 0.404182 -0.427442 0.808659
5.004689 -18.456021 -364.732705 -666.424704 0.637880 -0.490812 -0.593475 0.614127 0.789172 0.007422 0.464711 -0.369204 0.804818
28.435006 -24.480003 -9382.152340 228.434171 0.462942 0.612866 0.640375 0.735945 0.136906 -0.663055 -0.494035 0.778237 -0.387656
54.433061 -26.129709 -15568.290049 -980.913075 0.448025 0.650951 0.612810 0.648167 0.235598 -0.724136 -0.615754 0.721635 -0.316372
19.886333 -25.386354 -10241.763874 -202.626036 0.365343 0.631052 0.684323 0.704914 0.292578 -0.646138 -0.607964 0.718451 -0.337946
64.199903 -25.773995 -19385.245557 -146.035672 0.397943 0.671066 0.625549 0.637316 0.288256 -0.714659 -0.659901 0.683066 -0.312971
18.553736 -21.711919 -9599.511802 -500.213231 0.339005 0.624072 0.703995 0.670624 0.364509 -0.646063 -0.659802 0.691135 -0.294948
16.773502 -67.664896 1286.246959 5188.325037 -0.016805 -0.022395 0.999608 0.938097 -0.346281 0.008013 0.345966 0.937864 0.026828
17.913073 -63.670659 -676.140426 3087.560141 0.040789 0.091881 0.994934 0.952280 -0.305032 -0.010871 0.302488 0.947899 -0.099939
20.223919 -56.092565 360.069573 5473.563293 0.026585 0.041943 0.998766 0.857913 -0.513793 -0.001259 0.513106 0.856888 -0.049643
15.762612 -58.974690 2110.144114 4435.598184 -0.043043 -0.067927 0.996761 0.851754 -0.523940 0.001076 0.522170 0.849042 0.080409
11.817966 -68.011625 1657.266952 4710.522562 -0.043959 -0.069072 0.996643 0.950022 -0.311522 0.020313 0.309073 0.947725 0.079315
14.200808 -70.772224 1499.936529 2462.991540 -0.026151 -0.043687 0.998703 0.990064 -0.139210 0.019835 0.138163 0.989299 0.046894
0.572432 -114.722559 635.441626 -8313.657709 0.230516 0.081123 0.969681 0.179204 0.975935 -0.124247 -0.956425 0.202412 0.210431
-0.351692 -136.880001 999.097780 -6493.047157 0.207514 0.044600 0.977215 0.507760 0.848939 -0.146570 -0.836133 0.526605 0.153521
-1.756648 -123.362849 522.859666 -3588.552971 0.210081 0.083269 0.974132 0.490088 0.853175 -0.178622 -0.845979 0.514935 0.138427
-6.399091 -22.937567 104.910798 -104.459018 0.697934 -0.349867 -0.624885 0.576333 -0.243563 0.780075 0.425122 0.904583 -0.031649
-7.306931 -23.072415 -148.146399 -73.661998 0.696238 -0.371513 -0.614191 0.582971 -0.206566 0.785796 0.418805 0.905156 -0.072762
-6.438052 -21.406740 -107.793259 -578.780945 0.716135 -0.349405 -0.604208 0.603411 -0.125129 0.787552 0.350778 0.928579 -0.121225
5.023904 -169.925858 930.146518 -1214.511316 0.067579 0.075509 0.994852 0.716085 -0.697999 0.004335 0.694734 0.712106 -0.101242
2.903865 -174.311010 1460.577506 9960.491340 0.110330 0.009283 0.993852 0.849990 -0.519138 -0.089510 0.515115 0.854640 -0.065167
4.801312 -203.860587 1389.502652 7322.954150 0.146989 0.019716 0.988942 0.917216 -0.376990 -0.128812 0.370282 0.926007 -0.073497
0.098172 -226.941478 1426.139638 23010.404025 0.173001 -0.000319 0.984922 0.974558 -0.144628 -0.171228 0.142502 0.989486 -0.024710
8.192693 -199.129764 1839.340023 -5018.465525 0.065192 0.068633 0.995510 0.850700 -0.525289 -0.019494 0.521593 0.848151 -0.092631
-2.169565 -12.921659 -272.273169 305.788514 -0.307889 -0.850137 -0.427166 0.932548 -0.180669 -0.312590 0.188568 -0.494596 0.848420
-3.282476 -11.584784 -191.220334 202.519959 -0.236168 -0.859178 -0.453915 0.942565 -0.089000 -0.321948 0.236212 -0.503878 0.830850
-2.012911 -12.580533 -81.121687 263.315828 -0.237190 -0.861156 -0.449612 0.948397 -0.105010 -0.299191 0.210436 -0.497376 0.841626
0.519541 -107.730325 541.602094 -8748.958742 0.575513 -0.282248 -0.767542 0.737155 -0.227346 0.636330 -0.354100 -0.932014 0.077220
-4.322840 -72.435279 447.317157 5116.328001 0.595966 -0.307182 -0.741932 -0.585668 0.465838 -0.663316 -0.549379 -0.829840 -0.097717
0.214217 -91.129517 1286.395920 -9704.551863 0.619637 -0.254700 -0.742414 0.623753 -0.414356 0.662753 -0.476426 -0.873749 -0.097880
-2.410876 -103.195348 -273.677057 -10839.253833 0.533117 -0.291512 -0.794233 0.732865 -0.309933 0.605682 -0.422723 -0.904965 0.048409
2.816610 -144.676901 979.275734 -17195.414289 0.612273 -0.259387 -0.746887 0.744492 -0.128888 0.655072 -0.266182 -0.957134 0.114198
3.849487 -141.459640 -71.865819 -13632.801953 0.564723 -0.292098 -0.771859 0.815757 0.055898 0.575687 -0.125012 -0.954753 0.269849
3.291977 -138.663171 -71.148243 -13907.252123 0.506043 -0.296551 -0.809925 0.847847 -0.001370 0.530239 -0.158353 -0.955016 0.250736
-11.609176 -876.287068 -1677.606349 -167044.330593 -0.256818 0.193961 -0.946796 -0.441368 0.847990 0.293441 0.859790 0.493247 -0.132171
-8.585416 -286.168946 834.837909 -52063.055461 -0.180856 -0.009033 -0.983468 -0.208694 0.977539 0.029400 0.961113 0.210561 -0.178679
-7.242499 -266.406874 2055.455036 -44975.100923 -0.223203 -0.001417 -0.974771 -0.459320 0.882175 0.103892 0.859771 0.470920 -0.197555
43.454442 -4169.586672 8822.086670 1119626.689602 0.244334 -0.002263 0.969688 0.784743 -0.586972 -0.199103 0.569631 0.809604 -0.141641
-4.387485 -102.679087 1167.631377 6014.531534 0.352774 -0.410522 0.840846 0.142477 0.911708 0.385343 -0.924798 -0.016137 0.380117
1.449746 -84.446628 1504.635399 -99.547029 0.370605 -0.374844 0.849790 -0.054554 0.904578 0.422803 -0.927187 -0.203053 0.314792
2.907179 -87.195541 1547.731168 5945.691702 0.369066 -0.357569 0.857866 0.283031 0.922428 0.262716 -0.885259 0.145843 0.441641
-2.299661 -101.898930 874.550731 10436.468001 0.343663 -0.330984 0.878832 0.404859 0.896615 0.179363 -0.847340 0.294162 0.442135
-10.001269 -141.760332 187.182735 17406.134501 0.279960 -0.407031 0.869453 0.396433 0.873859 0.281445 -0.874336 0.265886 0.406006
3.241085 -20.259885 432.714106 -1020.852983 0.588213 -0.412014 -0.695881 0.779640 0.517533 0.352593 0.214868 -0.749936 0.625642
7.173998 -19.148029 849.475129 -455.332496 0.509277 -0.452683 -0.731926 0.840135 0.445892 0.308794 0.186574 -0.772178 0.607397
6.172249 -18.007468 687.331211 -1552.595742 0.520171 -0.461647 -0.718543 0.832991 0.459960 0.307510 0.188540 -0.758498 0.623806
3.921836 -21.005262 694.374833 -280.739994 0.575775 -0.412122 -0.706143 0.795599 0.481455 0.367727 0.188428 -0.773535 0.605094
-0.581617 -23.065901 473.066243 -703.041049 0.657573 -0.355077 -0.664468 0.715521 0.570448 0.403262 0.235855 -0.740615 0.629176
-6.698516 -24.635108 275.193735 521.776661 0.589963 -0.439611 -0.677263 0.035973 0.852266 -0.521870 0.806628 0.283521 0.518620
-7.078261 -24.112673 223.807575 249.165994 0.586756 -0.457234 -0.668322 0.004644 0.827216 -0.561865 0.809750 0.326574 0.487497
-7.454346 -24.157648 623.323378 263.504601 0.597909 -0.439090 -0.670601 0.018627 0.844000 -0.536019 0.801348 0.307999 0.512814
-21.428311 -38.388546 -709.048763 1141.536578 0.719855 -0.317248 -0.617384 -0.443464 0.474054 -0.760666 -0.533993 -0.821357 -0.200562
-21.691212 -35.790460 -186.151233 1457.693886 0.699162 -0.171431 -0.694106 -0.511252 0.558778 -0.652984 -0.499793 -0.811405 -0.303032
-19.985285 -29.819864 -115.014360 1290.161634 0.626222 -0.039817 -0.778628 -0.557144 0.675754 -0.482646 -0.545378 -0.736051 -0.400988
22.869758 -51.268083 1520.449055 -2175.998683 -0.496817 0.771097 0.398224 -0.684615 -0.630227 0.366219 -0.533362 0.090687 -0.841012
18.990134 -51.185800 1026.337118 -623.420834 -0.454500 0.803069 0.385371 -0.539161 -0.592407 0.598632 -0.709039 -0.064301 -0.702232
16.858522 -46.532660 1447.615182 -1977.302668 -0.444007 0.761863 0.471617 -0.634138 -0.639041 0.435311 -0.633030 0.105789 -0.766865
20.144688 -43.226545 1648.497478 -2480.422470 -0.500203 0.710082 0.495561 -0.713550 -0.662235 0.228672 -0.490553 0.239225 -0.837931
-23.588955 -34.384929 115.051037 14.919562 0.257126 0.962852 0.082479 0.964597 -0.250536 -0.082367 -0.058643 0.100738 -0.993183
-33.603956 -45.673302 203.047335 485.274635 -0.434692 0.223993 -0.872278 0.674341 -0.561026 -0.480118 -0.596914 -0.796917 0.092826
-32.939931 -46.262562 -258.271035 731.712578 -0.549232 0.114660 -0.827767 0.671848 -0.528470 -0.518980 -0.496956 -0.841173 0.213218
-33.076567 -45.283347 -325.715455 258.460666 0.450810 -0.331052 0.828960 -0.503629 0.672412 0.542420 -0.736972 -0.662017 0.136403
-4.858050 -19.354620 -171.458681 -203.884046 0.067716 0.606902 0.791887 0.972174 -0.218544 0.084359 0.224260 0.764139 -0.604813
-8.194050 -18.659070 79.333938 373.053229 0.015020 0.631848 0.774947 0.940414 -0.272236 0.203739 0.339701 0.725711 -0.598287
-7.434294 -17.877469 -477.275288 315.771954 0.367530 0.517699 0.772599 0.866687 -0.491960 -0.082639 0.337305 0.699974 -0.629493
11.861604 -23.535251 2309.649152 -60.112234 0.847238 -0.529893 -0.037435 0.465332 0.774309 -0.428850 -0.256231 -0.345918 -0.902600
14.110246 -23.406155 2469.829913 42.299141 0.836914 -0.546341 -0.032973 0.509561 0.799732 -0.317454 -0.199808 -0.248880 -0.947700
19.695177 -23.881347 2374.163715 -342.843411 0.840831 -0.536208 -0.074056 0.469600 0.790644 -0.392884 -0.269220 -0.295572 -0.916601
27.859109 -19.405439 3264.714892 1195.021446 0.787285 -0.269766 -0.554444 0.533688 -0.152212 0.831871 0.308803 0.950820 -0.024137
18.370191 -22.110957 3299.856789 1862.507359 0.743763 -0.322377 -0.585568 0.592693 -0.087008 0.800715 0.309081 0.942604 -0.126358
0.873937 -26.032389 -396.751048 252.235539 0.790337 -0.543993 -0.281848 0.514947 0.839065 -0.175497 0.331958 -0.006435 0.943272
1.685136 -25.242869 -466.882085 31.026609 0.794338 -0.544304 -0.269741 0.551512 0.832324 -0.055422 0.254679 -0.104742 0.961337
7.148890 -39.316816 -133.888307 1959.098501 -0.688989 0.545526 0.477175 0.692159 0.690531 0.209959 -0.214966 0.474940 -0.853359
7.368373 -38.300159 -1228.987039 -783.462095 -0.668464 0.621679 0.408253 0.734400 0.638474 0.230236 -0.117526 0.453725 -0.883358
9.484423 -36.458817 -267.255987 -1229.816239 -0.683543 0.570042 0.455873 0.715871 0.645469 0.266268 -0.142468 0.508352 -0.849283
11.130988 -35.156498 1163.800932 -992.457111 -0.685010 0.520515 0.509730 0.700597 0.662545 0.264948 -0.199809 0.538607 -0.818522
20.883723 -34.436735 -2230.657534 2131.822392 -0.646180 0.746838 0.157111 -0.068194 0.148536 -0.986553 0.760132 0.648205 0.045052
13.281718 -41.612161 -1523.575812 1416.989785 -0.612864 0.760848 0.213325 0.045084 0.303196 -0.951861 0.788901 0.573744 0.220120
20.110697 -43.148613 -1557.048303 2797.260749 -0.672843 0.714340 0.192353 0.011924 0.270450 -0.962660 0.739689 0.645426 0.190489
3.747006 -84.779239 -185.388329 -1937.997828 0.651357 -0.537846 -0.535215 -0.553660 0.145426 -0.819946 -0.518839 -0.830405 0.203060
2.263346 -91.524301 -611.647894 -467.437769 0.624010 -0.544787 -0.560194 -0.388490 0.405732 -0.827319 -0.678002 -0.733886 -0.041536
0.847156 -70.570460 -513.622867 34.275441 0.674222 0.115460 0.729448 -0.430182 -0.741449 0.514973 -0.600307 0.661001 0.450232
-1.387401 -67.144725 123.973390 -333.730166 0.751510 -0.071098 0.655879 0.599000 0.490153 -0.633205 0.276462 -0.868732 -0.410943
6.903210 -52.260878 -319.967518 -530.713410 0.675660 -0.656937 -0.334540 0.687800 0.725071 -0.034695 0.265358 -0.206654 0.941743
7.486695 -52.225753 -426.892522 -657.470825 0.699565 -0.640313 -0.317188 0.644446 0.757117 -0.107067 0.308704 -0.129510 0.942300
-2.976362 -50.460516 -278.911302 108.344973 0.694142 -0.423656 -0.581965 0.681854 0.646126 0.342922 -0.230742 0.634852 -0.737375
-3.204741 -48.539464 -235.454952 -106.349063 0.715177 -0.406828 -0.568342 0.691746 0.528385 0.492236 -0.100049 0.745185 -0.659310
22.951634 -23.950664 5666.167956 531.695683 0.926959 -0.223055 -0.301652 -0.364349 -0.726906 -0.582114 0.089429 -0.649503 0.755082
-3.264138 -94.384593 1013.077275 1874.052443 -0.755195 0.071375 -0.651602 -0.195197 0.924471 0.327493 0.625762 0.374512 -0.684224
-3.859160 -85.947011 -722.972979 2077.418973 0.740720 -0.039482 0.670652 -0.426936 0.743103 0.515289 0.518709 0.668011 -0.533575
-4.661647 -74.175522 -436.913420 1309.536707 0.725023 -0.070686 0.685088 -0.466873 0.680848 0.564336 0.506332 0.729005 -0.460629
-1.421418 -52.891185 -116.253977 -1890.388603 0.738881 0.101813 0.666100 -0.619433 0.491749 0.611952 0.265249 0.864764 -0.426410
-1.692009 -58.535383 67.905694 -1816.999204 0.727478 0.097525 0.679165 -0.668415 0.324216 0.669407 0.154912 0.940943 -0.301047
-2.015927 -61.084917 -25.672064 -1750.862930 0.723462 0.101151 0.682914 -0.683287 0.246193 0.687392 0.098598 0.963928 -0.247226
-15.942116 -22.718204 -68.706606 449.105046 -0.797370 0.581681 0.160771 0.400463 0.709294 -0.580113 -0.451475 -0.398182 -0.798512
-17.013773 -23.404827 420.917782 -162.798215 -0.813838 0.517213 0.264875 0.339066 0.792850 -0.506382 -0.471913 -0.322303 -0.820621
-14.196388 -23.532192 778.163193 128.601158 -0.799150 0.476085 0.367019 0.274868 0.832381 -0.481238 -0.534609 -0.283699 -0.796057
10.180420 -24.795315 -1919.904162 612.259194 0.766262 0.215722 0.605232 -0.477033 0.822037 0.310958 0.430443 0.526991 -0.732802
13.039880 -25.783143 -1235.335564 360.355568 0.737897 0.178044 0.651006 -0.475323 0.821875 0.313990 0.479141 0.541130 -0.691087
10.757873 -23.676630 -1480.387091 -321.276417 0.747315 0.211814 0.629806 -0.514856 0.783766 0.347324 0.420052 0.583820 -0.694774
-9.648425 -65.851943 582.802076 2819.197067 0.734884 -0.384938 0.558362 0.622917 0.708681 -0.331278 0.268179 -0.591264 -0.760583
-11.528729 -110.723493 1408.701610 10466.011394 -0.551493 0.466265 -0.691702 0.823832 0.434633 -0.363861 0.130981 -0.770513 -0.623821
2.092179 -26.877870 242.872499 -14.429989 -0.612510 0.443959 0.654012 0.190446 0.885889 -0.423002 -0.767178 -0.134539 -0.627166
0.474300 -27.369371 564.064520 -118.182361 -0.617782 0.399458 0.677332 0.261861 0.916707 -0.301791 -0.741468 -0.009074 -0.670927
2.372163 -26.618076 -665.965232 -161.700877 -0.620246 0.450508 0.642134 0.199635 0.882329 -0.426194 -0.758578 -0.136153 -0.637199
4.504096 -25.513291 -1407.465298 -148.853143 -0.633964 0.466768 0.616618 0.114880 0.845313 -0.521774 -0.764783 -0.259949 -0.589520
2.651402 -26.254342 -141.596053 -183.455374 -0.616268 0.446349 0.648834 0.117316 0.866717 -0.484809 -0.778749 -0.222654 -0.586494
10.498559 -28.346608 1056.704747 1351.468217 -0.758942 -0.167016 -0.629374 -0.418242 0.865841 0.274578 0.499079 0.471619 -0.726977
6.998819 -26.154424 -1619.166608 1109.774833 0.770142 0.216277 0.600089 -0.449103 0.851920 0.269331 0.452977 0.476925 -0.753229
