12682
25354
-50.650057 -79.416736 3150.595000 -13643.900933 0.554088 0.758563 -0.342884 0.443742 -0.617635 -0.649323 0.704329 -0.207630 0.678830
-67.393950 -100.329131 -832.112162 -14588.737693 0.460697 0.872922 -0.160515 0.458288 -0.388833 -0.799238 0.760086 -0.294644 0.579184
-50.540906 -98.015403 7427.872221 -20160.429182 0.323145 0.939284 -0.115423 0.570767 -0.290728 -0.767921 0.754853 -0.182270 0.630060
-61.990919 -92.745121 958.726538 11471.811952 0.675406 0.595702 -0.434702 -0.210024 0.720440 0.660951 0.706906 -0.355113 0.611701
-34.858433 -73.432787 9553.661608 -15870.397429 0.350363 0.904761 -0.242183 0.625144 -0.418445 -0.658862 0.697453 -0.079442 0.712214
-44.381029 -58.609350 1428.642751 6033.152296 0.733102 0.342541 -0.587560 -0.165558 0.927801 0.334330 0.659660 -0.147822 0.736883
-49.751540 -70.572030 1720.795233 7910.253800 0.749920 0.361391 -0.554091 -0.119841 0.897950 0.423467 0.650583 -0.251163 0.716700
-84.922882 -107.362417 707.389012 10261.516678 -0.070228 0.973851 -0.216061 0.837522 0.175221 0.517547 -0.541872 0.144610 0.827927
-71.887563 -97.459049 -8598.051613 459.749230 -0.567155 0.768110 -0.297223 0.691439 0.640128 0.334886 -0.447490 0.015579 0.894153
-73.478059 -95.367083 -4701.374199 6739.069028 -0.380427 0.847896 -0.369253 0.821139 0.493370 0.286909 -0.425448 0.194060 0.883932
33.470013 -29.862116 -1455.904740 1544.181289 0.748537 -0.081310 0.658089 0.464056 0.773149 -0.432310 0.473651 -0.628990 -0.616463
28.487202 -30.466879 2740.423210 3005.792365 0.767839 0.066070 0.637227 0.332893 0.808692 -0.484973 0.547363 -0.584510 -0.598951
21.773308 -26.465206 -2250.863998 3834.497693 0.748244 -0.088468 0.657498 0.437824 0.810451 -0.389204 0.498438 -0.579088 -0.645149
21.693324 -27.582153 -5701.862565 2691.217587 0.688832 -0.269600 0.672924 0.576144 0.766983 -0.282480 0.439965 -0.582282 -0.683651
5.532404 -17.977968 -2573.029195 3689.521646 0.691751 -0.222392 0.687039 0.524361 0.808835 -0.266140 0.496514 -0.544360 -0.676126
82.747712 -135.963084 17036.158987 19859.660472 0.800349 0.037004 0.598391 0.584256 0.175743 -0.792312 0.134482 -0.983740 -0.119036
46.188792 -131.640825 5006.773293 6609.711938 0.783044 0.049247 0.620013 0.621946 -0.069960 -0.779928 -0.004967 -0.996333 0.085410
88.456464 -132.260575 8736.023239 19875.592804 0.697767 0.136628 0.703174 0.676208 0.198266 -0.709531 0.236357 -0.970579 -0.045955
2008.694096 -61.184603 2332044.222847 -345.130257 -0.761099 -0.453366 0.463884 -0.372317 0.890971 0.259905 -0.531139 0.025101 -0.846913
1695.033475 -72.446534 -882977.821020 -3223.892517 0.924295 0.372053 0.085178 -0.379802 0.874451 0.301805 -0.037804 0.311308 -0.949557
2398.663609 -66.452171 3425297.040718 -727.568521 -0.685424 -0.546726 0.480920 -0.376461 0.831432 0.408655 -0.623274 0.099055 -0.775704
1497.393881 -69.099684 448481.410275 -223.682641 0.914770 0.340292 0.217707 -0.381520 0.904905 0.188652 0.132807 0.255633 -0.957608
801.662610 -48.798082 1202034.394612 -6101.105352 -0.533529 -0.459664 0.709969 -0.337232 0.885425 0.319838 -0.775643 -0.068782 -0.627413
3048.941990 -67.594826 3490736.498005 6534.906971 -0.822370 -0.372825 0.429777 -0.360796 0.925805 0.112745 -0.439924 -0.062343 -0.895868
572.983130 -62.477658 656624.601670 6363.164581 -0.554173 -0.375610 0.742839 -0.356184 0.913580 0.196224 -0.752347 -0.155846 -0.640068
1.325746 -86.681197 -317.293739 -3449.744800 0.628445 0.613856 -0.477742 -0.233665 0.734794 0.636771 0.741928 -0.288544 0.605215
0.582802 -88.476652 324.360357 -1708.952528 0.635342 0.584132 -0.505105 -0.345894 0.800063 0.490159 0.690433 -0.136706 0.710361
1.736036 -82.103260 23.747385 -3216.225700 0.615786 0.626550 -0.477747 -0.242979 0.727800 0.641302 0.749512 -0.278823 0.600408
2.700992 -77.949771 -540.784364 -2234.372981 0.611456 0.636146 -0.470574 -0.262157 0.723978 0.638067 0.746589 -0.266786 0.609451
3.126224 -75.228059 184.109630 2138.038295 0.595367 0.665919 -0.449546 0.150199 -0.641899 -0.751935 0.789290 -0.380156 0.482185
-0.422971 -165.033373 316.739764 23613.702033 0.291734 0.946609 -0.137198 -0.615137 0.075837 -0.784765 0.732460 -0.313338 -0.604418
-1.492766 -181.081556 441.399782 7163.388628 0.281559 0.946892 -0.155308 -0.382859 -0.037553 -0.923043 0.879854 -0.319352 -0.351953
-0.940665 -159.424684 156.504306 22696.705573 0.300508 0.944658 -0.131591 -0.612981 0.085584 -0.785449 0.730719 -0.316696 -0.604776
-0.105771 -131.072849 26.571411 24803.919663 0.313054 0.942578 -0.116381 -0.757846 0.174063 -0.628786 0.572422 -0.285043 -0.768820
-0.216681 -127.904488 -172.981880 23442.408997 0.321882 0.940143 -0.111907 -0.754807 0.183465 -0.629767 0.571540 -0.287179 -0.768681
-1.726255 -155.991238 111.627396 21971.290151 0.313544 0.941688 -0.122123 -0.607947 0.100279 -0.787620 0.729446 -0.321198 -0.603938
6.308541 -88.038887 -2413.002106 6356.696954 -0.693663 -0.448553 0.563588 0.720208 -0.419405 0.552630 -0.011512 0.789240 0.613977
7.024757 -81.760890 3358.915399 -161.476787 0.715397 0.426718 -0.553280 0.694636 -0.519829 0.497252 0.075424 0.740060 0.668298
15.928865 -82.099305 5073.725209 9608.544982 0.711793 0.445267 -0.543220 0.702320 -0.462051 0.541531 0.009870 0.766972 0.641604
0.868167 -86.641228 2323.777405 315.919935 0.709749 0.427270 -0.560086 0.701403 -0.502541 0.505457 0.065499 0.751594 0.656367
13.960007 -96.456820 -2725.899002 12489.411055 -0.690829 -0.474147 0.545839 0.715471 -0.339512 0.610600 -0.104195 0.812352 0.573783
1.637569 -92.673577 -2004.243538 4123.893662 -0.699460 -0.437723 0.564938 0.713860 -0.390261 0.581464 -0.034047 0.809997 0.585445
6.797859 -100.005057 -1649.309288 8393.059905 -0.684908 -0.461927 0.563493 0.717671 -0.294057 0.631251 -0.125893 0.836752 0.532914
981.554139 -15.358448 -440518.765095 5010.507402 0.799886 0.394308 0.452442 -0.380680 -0.249460 0.890423 -0.463968 0.884472 0.049435
2951.143018 -83.631381 -1136590.147776 -26619.386756 0.707819 0.360734 0.607341 -0.519471 -0.316814 0.793586 -0.478688 0.877211 0.036857
59.883372 -85.615299 -12223.549357 14545.329738 0.865462 0.382502 -0.323523 0.373601 -0.062546 0.925478 -0.333763 0.921835 0.197035
241.072346 -108.283433 -200983.101378 -62839.814768 0.762726 0.634406 -0.125611 -0.009656 0.205377 0.978635 -0.646650 0.745217 -0.162772
2.687278 -132.586721 1726.883354 37036.113129 0.711466 0.315783 -0.627771 0.609757 0.166638 0.774873 -0.349302 0.934084 0.073994
45.497472 -122.965659 -50061.795363 -29857.506554 0.730856 0.512595 -0.450662 0.280054 0.376921 0.882893 -0.622430 0.771477 -0.131921
-10.009919 -178.753081 989.797141 87908.591334 0.643983 0.279340 -0.712219 0.633600 0.327009 0.701153 -0.428762 0.902793 -0.033598
635.511154 -62.394092 658194.771131 5994.247073 -0.608579 -0.310761 0.730109 -0.379053 0.922202 0.076565 -0.697101 -0.230154 -0.679028
339.850598 -63.042010 469347.422599 3174.121880 -0.536488 -0.314499 0.783116 -0.338258 0.930297 0.141877 -0.773151 -0.188780 -0.605475
442.301209 -61.036000 472104.023380 1875.385679 -0.571027 -0.282662 0.770734 -0.387722 0.920403 0.050295 -0.723602 -0.270110 -0.635169
-4.633315 -70.213770 85162.248408 -8900.423712 -0.634963 -0.128224 0.761827 -0.218590 0.975651 -0.017976 -0.740973 -0.177942 -0.647531
-17.291771 -93.513257 65752.793821 -29262.179872 -0.639969 0.036859 0.767516 -0.029429 0.996940 -0.072415 -0.767837 -0.068930 -0.636927
0.677343 -358.328436 834.580810 -28793.298872 -0.516283 0.526657 -0.675340 -0.391962 0.555819 0.733097 0.761458 0.643193 -0.080531
-0.883042 -360.927194 1408.566164 -56438.242862 0.531757 -0.543748 0.649286 0.702652 -0.144722 -0.696660 0.472774 0.826676 0.305109
-2.865321 -319.025935 -3588.480210 -11199.484468 0.539586 -0.520644 0.661647 0.583257 -0.335583 -0.739726 0.607172 0.785056 0.122593
-1.259441 -305.713902 2714.158554 -29276.876128 -0.522684 0.519276 -0.676132 -0.356542 0.587255 0.726643 0.774390 0.620874 -0.121805
0.948734 -438.550721 -1754.909490 -133788.773045 -0.514074 0.547602 -0.660197 0.005062 0.771612 0.636073 0.857731 0.323647 -0.399438
-4.894210 -346.231451 -2587.431521 -52740.118826 -0.517791 0.523554 -0.676597 -0.169448 0.712441 0.680966 0.838558 0.467246 -0.280181
2.606771 -336.999272 2422.360846 -87247.844418 -0.525143 0.519396 -0.674131 -0.123013 0.737502 0.664047 0.842076 0.431647 -0.323401
28.662909 -141.155799 -11233.315517 -10025.416591 -0.409501 0.572256 -0.710515 0.387462 0.814172 0.432431 0.825943 -0.098217 -0.555132
39.674948 -146.236041 -4548.834617 -7646.963775 -0.520798 0.490251 -0.698873 0.339573 0.870074 0.357298 0.783237 -0.051238 -0.619609
27.577477 -140.438193 -5572.859254 -15828.792696 -0.518992 0.478474 -0.708315 0.463818 0.853689 0.236830 0.717997 -0.205617 -0.664983
-676.614188 -37468.715498 -14711.307000 55302635.903058 0.739798 -0.543714 0.396326 -0.656337 -0.453559 0.602915 0.148056 0.706159 0.692401
-634.447200 -59602.677605 -353701.582035 -14276193.017597 -0.713892 0.453933 -0.533200 0.035432 0.783877 0.619905 0.699359 0.423653 -0.575687
-7421.542486 -235861.566297 -5497479.101192 2218694.549088 -0.713667 0.578775 -0.394587 0.094434 -0.478668 -0.872903 0.694090 0.660224 -0.286954
16.133794 -2372.801659 18544.089363 1107163.233807 0.700430 -0.667197 0.253470 -0.552340 -0.281802 0.784544 0.452017 0.689519 0.565901
8.657697 -1646.144940 7971.085425 617779.810686 -0.732305 0.378023 -0.566417 0.085643 0.876293 0.474106 0.675570 0.298680 -0.674088
47.688543 -189.104973 7775.340660 -15199.920676 0.523323 0.783905 -0.334104 0.617055 -0.619014 -0.485865 0.587687 -0.048103 0.807657
46.941574 -204.688003 6943.106366 6611.975070 0.599448 0.742910 -0.297903 0.606610 -0.664482 -0.436449 0.522194 -0.080918 0.848979
32.367384 -185.334883 2334.885789 4104.049536 0.525244 0.800542 -0.288531 0.742748 -0.596763 -0.303643 0.415264 0.054819 0.908048
84.650879 -226.824829 17692.928931 41964.681395 0.651416 0.671959 -0.352318 -0.392593 0.695885 0.601343 0.649251 -0.253407 0.717118
83.273591 -221.333684 20112.253691 -48771.312287 0.520812 0.755735 -0.397014 0.389294 -0.624149 -0.677413 0.759740 -0.198249 0.619268
6.211245 -155.887102 -6653.754621 -21507.886822 0.975049 -0.212133 0.065421 -0.077618 -0.601880 -0.794806 -0.207980 -0.769896 0.603327
2.599468 -251.371507 -7304.597584 -77007.373488 0.966250 -0.252301 -0.052009 -0.167454 -0.461746 -0.871063 -0.195755 -0.850374 0.488411
-6.958141 -164.199933 -4555.706930 -20747.116214 0.979685 -0.194220 0.049967 -0.056453 -0.506162 -0.860589 -0.192435 -0.840285 0.506844
-2.299442 -178.921506 -4629.688749 32393.213222 0.961941 -0.241908 0.127084 -0.056854 -0.632072 -0.772821 -0.267278 -0.736183 0.621770
-60.630190 -83.766036 2137.278655 422.477340 0.992729 -0.099099 0.068325 0.112900 0.569723 -0.814045 -0.041745 -0.815840 -0.576769
-61.737411 -85.163379 -100.864688 -280.437156 0.951978 -0.280623 0.122427 0.246729 0.466400 -0.849468 -0.181281 -0.838881 -0.513240
-58.682182 -80.908587 2552.798249 486.722056 0.979519 -0.184631 0.080340 0.181510 0.636938 -0.749242 -0.087162 -0.748479 -0.657405
-54.815004 -76.762317 2178.343062 1872.591538 0.997046 0.060906 -0.046795 -0.076540 0.737145 -0.671386 0.006396 -0.672984 -0.739629
-59.589124 -81.449906 945.902640 789.170625 0.995329 0.093865 -0.022588 -0.075993 0.617398 -0.782972 0.059548 -0.781031 -0.621647
22.213504 -24.358227 2583.580198 5089.229086 0.236640 0.869306 0.433946 0.964022 -0.154410 -0.216378 -0.121093 0.469537 -0.874569
17.738719 -18.845627 4477.894447 1613.045406 0.231500 0.855504 0.463163 0.968747 -0.159125 -0.190286 -0.089090 0.492739 -0.865605
15.553934 -24.460126 6565.925597 5852.420383 0.231740 0.849094 0.474696 0.967484 -0.150336 -0.203405 -0.101346 0.506398 -0.856324
58.169621 -179.464447 -7236.348183 21538.687561 -0.678776 0.728829 0.089837 -0.013417 -0.134625 0.990806 -0.734222 -0.671330 -0.101159
35.031993 -160.295133 6542.633078 -35930.673630 0.732251 -0.677720 -0.067104 -0.098448 -0.007839 -0.995111 -0.673881 -0.735278 0.072460
54.961707 -180.415277 -4755.515905 2695.531352 0.713121 -0.700804 -0.018247 0.210619 0.239003 -0.947901 -0.668654 -0.672125 -0.318041
98.225810 -176.820040 27645.107179 -29943.147778 -0.623221 0.780771 0.044640 -0.460701 -0.412664 0.785788 -0.631942 -0.469154 -0.616882
59.033547 -180.546314 1745.048868 -19506.108155 -0.622092 0.774999 0.111256 -0.295726 -0.364158 0.883139 -0.724947 -0.516492 -0.455727
19.668320 -52.555212 -1663.854171 -3020.069749 0.303850 0.875429 0.375897 0.916997 -0.375760 0.133871 0.258442 0.304019 -0.916941
22.948791 -53.552648 -746.828419 -138.835781 0.284592 0.870497 0.401550 0.909158 -0.377927 0.174937 0.304039 0.315287 -0.898974
21.266514 -53.525977 -1249.381325 -3672.413442 0.248325 0.883076 0.398136 0.942465 -0.315221 0.111336 0.223819 0.347582 -0.910545
-13.473583 -127.873228 -3952.635529 -1558.969519 0.326418 0.716840 0.616110 0.572650 0.368602 -0.732260 0.752012 -0.591838 0.290180
-12.757492 -124.854425 -3811.420256 8185.610468 0.305461 0.701568 0.643814 0.408398 0.514257 -0.754156 0.860177 -0.493297 0.129434
-17.199154 -134.484185 -1584.664871 4725.333892 0.266995 0.745557 0.610622 0.461672 0.457228 -0.760132 0.845915 -0.484858 0.222126
1.536924 -130.177675 -1911.106684 -8632.502359 -0.397768 -0.849376 -0.346902 0.905109 -0.301377 -0.299916 0.150193 -0.433281 0.888656
1.306186 -122.979707 -1942.896481 -3335.403233 -0.426709 -0.837934 -0.340275 0.904300 -0.390019 -0.173573 0.012729 -0.381775 0.924168
-4.201759 -122.735360 -2376.009667 -6784.237643 -0.400129 -0.848667 -0.345922 0.904466 -0.304819 -0.298372 0.147775 -0.432262 0.889557
-22.144547 -66.277483 6423.573900 -5160.836770 -0.729080 0.177582 0.660990 0.424688 0.874728 0.233431 -0.536733 0.450905 -0.713164
-13.070761 -59.236216 3818.828377 -2308.614742 -0.676809 0.237457 0.696810 0.502704 0.840567 0.201829 -0.537790 0.486889 -0.688274
-20.357537 -68.617708 -6774.771284 -2410.037140 0.670094 -0.268318 -0.692083 0.548644 0.807047 0.218323 -0.499963 0.526005 -0.688008
67.095851 -30.726701 -23770.789514 691.266355 -0.392883 0.722658 -0.568690 0.894897 0.442801 -0.055559 0.211667 -0.530747 -0.820673
104.511036 -34.989675 -28057.819536 6376.621941 -0.277420 0.838683 -0.468668 0.946308 0.322793 0.017487 0.165949 -0.438653 -0.883201
100.276884 -27.882692 -18292.499471 -116.138219 -0.475308 0.671823 -0.568099 0.866514 0.469324 -0.169968 0.152434 -0.573053 -0.805217
-2.601468 -177.662823 -3133.442408 3973.088619 0.240400 0.716937 0.654377 -0.542673 -0.459682 0.702993 -0.804807 0.524112 -0.278555
-2.354264 -159.427170 -2038.214231 8564.153163 0.235829 0.698555 0.675578 -0.338239 -0.592716 0.730946 -0.911032 0.400886 -0.096499
-6.678606 -159.195292 -1303.317721 3231.744571 0.246854 0.693529 0.676816 -0.489625 -0.513459 0.704718 -0.836260 0.505349 -0.212820
-7.156760 -168.037256 -2990.275904 5795.556898 0.244483 0.711612 0.658663 -0.611782 -0.413809 0.674155 -0.752297 0.567777 -0.334182
-6.466037 -167.691881 658.363628 -13519.088591 0.457434 0.685536 0.566387 0.754175 0.038379 -0.655551 -0.471142 0.727026 -0.499458
-8.061034 -162.745534 699.698069 -13478.785363 0.435031 0.698625 0.568042 0.756387 0.058714 -0.651484 -0.488495 0.713075 -0.502888
-8.302445 -147.970730 893.992149 -9442.789611 0.477409 0.689600 0.544548 0.594034 0.203352 -0.778313 -0.647460 0.695054 -0.312564
-6.024536 -172.750871 359.823832 -9956.704186 0.420581 0.696729 0.581103 0.871442 -0.132054 -0.472389 -0.252390 0.705075 -0.662698
-6.805957 -155.080062 588.819752 -11215.341983 0.496837 0.681487 0.537334 0.586222 0.193006 -0.786824 -0.639919 0.705921 -0.303610
-4.757264 -177.292537 497.023640 -8454.086536 0.438893 0.683625 0.583121 0.867737 -0.154006 -0.472563 -0.233252 0.713400 -0.660798
-5.208042 -175.202566 522.941204 -13666.694320 0.474881 0.677732 0.561398 0.749661 0.022618 -0.661436 -0.460974 0.734961 -0.497328
37.181617 -154.043818 -4147.014960 -44668.826841 0.408082 0.644898 0.646201 0.153504 0.649273 -0.744903 -0.899947 0.403176 0.165963
35.768313 -158.443622 13533.039022 -44719.698290 0.514342 0.589109 0.623220 0.176301 0.638557 -0.749108 -0.839268 0.495172 0.224576
32.098047 -124.157109 1068.545894 -6035.769175 0.434831 0.634585 0.638925 0.101614 0.670404 -0.735005 -0.894761 0.384527 0.227030
38.817705 -126.824112 -4870.281314 9310.965773 0.371700 0.667431 0.645271 -0.120348 -0.654563 0.746367 -0.920519 0.355082 0.162977
37.906573 -174.235190 -6276.090743 30784.568741 0.363001 0.679952 0.637099 -0.177588 -0.620719 0.763656 -0.914709 0.390349 0.104570
60.463245 -36.110094 12748.844500 -10525.353964 0.864939 0.401227 0.301491 -0.485477 0.821197 0.299913 0.127250 0.405774 -0.905072
40.450890 -74.973032 -1087.683578 28512.306278 0.660336 0.609122 0.439234 0.734927 -0.644418 -0.211207 0.154399 0.462273 -0.873192
43.419782 -48.276498 7898.952673 -13744.852368 0.781702 0.511499 0.356807 -0.615280 0.725951 0.307287 0.101847 0.459743 -0.882192
29.956271 -61.168861 7195.709577 19385.969701 0.688557 0.618183 0.379129 0.724961 -0.599707 -0.338798 0.017927 0.508135 -0.861091
47.062659 -42.654037 4181.552709 -198.548972 0.830061 0.508018 0.230036 -0.557459 0.744441 0.367487 -0.015442 0.433272 -0.901131
-186.291775 -825.526296 63823.195049 -255455.693642 0.560621 0.223874 0.797236 0.431141 0.743059 -0.511841 -0.706981 0.630669 0.320053
-99.464890 -1424.086054 52373.033199 -669104.261971 0.611085 0.363111 0.703368 -0.047380 0.903764 -0.425400 -0.790146 0.226630 0.569481
-14.025089 -739.764004 10867.293824 105960.406530 0.653231 0.285315 0.701345 -0.404300 -0.651739 0.641699 -0.640180 0.702731 0.310383
-131.086510 -3959.001403 72995.098537 2591359.613675 0.629052 0.361231 0.688335 0.760226 -0.100969 -0.641764 -0.162324 0.926994 -0.338132
-231.596492 -2672.182816 81433.526923 -1369083.206911 0.753426 0.316350 0.576431 -0.651896 0.244832 0.717697 -0.085915 0.916504 -0.390690
67.497443 -858.030615 -47405.905075 -140429.398763 0.536819 -0.027158 0.843260 0.586706 0.730268 -0.349978 -0.606301 0.682621 0.407955
38.790141 -630.150139 -44421.391561 125741.842753 0.521418 -0.422583 0.741314 0.154272 0.901129 0.405175 -0.839240 -0.096901 0.535057
0.634618 -143.323953 -7307.907597 7425.340598 0.191187 0.453548 0.870484 -0.573049 0.771590 -0.276161 -0.796908 -0.446031 0.407423
9.715593 -142.207229 -4325.600386 11854.750689 0.198309 0.472115 0.858942 -0.451126 0.821969 -0.347639 -0.870149 -0.318551 0.375987
7.804503 -156.116258 -5161.867313 3483.485203 0.206778 0.456820 0.865192 -0.691146 0.694113 -0.201309 -0.692503 -0.556348 0.459257
-7.340605 -97.209637 1278.188723 -8392.154565 0.269353 0.546056 0.793267 0.241905 0.758937 -0.604563 -0.932165 0.354735 0.072328
-8.632735 -92.401690 2332.744933 -176.106129 0.269968 0.511427 0.815818 0.133149 0.819309 -0.557677 -0.953619 0.259180 0.153091
-9.331727 -92.955375 -267.044902 -687.585792 0.260619 0.541570 0.799237 0.138887 0.798203 -0.586159 -0.955399 0.263768 0.132810
-16.178342 -48.522727 -3298.376459 212.397759 0.176971 0.597367 0.782199 -0.427575 0.762491 -0.485578 -0.886488 -0.248515 0.390358
-16.530532 -48.542718 -1996.694140 281.425893 0.197463 0.595488 0.778718 -0.500795 0.744161 -0.442074 -0.842741 -0.302685 0.445162
-18.632002 -48.654913 -745.120395 690.739845 0.233343 0.585616 0.776277 -0.388362 0.788006 -0.477725 -0.891474 -0.190002 0.411307
-13.002803 -192.558036 -1486.559279 -47102.449555 -0.081119 0.628730 -0.773381 0.781403 -0.441568 -0.440939 -0.618732 -0.640091 -0.455472
-9.487460 -350.643090 -5447.525225 -115723.805596 -0.053313 0.596867 -0.800567 0.916490 -0.289075 -0.276553 -0.396489 -0.748456 -0.531611
-3.488403 -353.895958 -6735.133165 -123047.134898 -0.092580 0.593095 -0.799792 0.819823 -0.410451 -0.399273 -0.565083 -0.692653 -0.448233
-11.848299 -137.867907 -3851.033016 27637.826112 -0.212971 0.668029 -0.713009 -0.661300 0.438646 0.608500 -0.719253 -0.601105 -0.348349
-3.106510 -201.619930 -6444.481378 50615.509501 -0.200456 0.625483 -0.754048 -0.647969 0.492638 0.580899 -0.734816 -0.605044 -0.306541
24.110108 -371.610300 -12248.486960 -108052.939262 -0.149928 0.616372 -0.773050 0.843722 -0.327842 -0.425032 -0.515416 -0.715964 -0.470894
35.135675 -155.867778 -205.804603 3912.308022 0.171466 0.687032 0.706107 0.972561 -0.232431 -0.010018 0.157238 0.688450 -0.708034
28.476603 -153.369586 12725.496130 3873.534683 0.121143 0.587398 0.800180 0.945123 -0.314666 0.087904 0.303424 0.745620 -0.593283
22.102155 -150.289795 12560.715784 -5811.255729 0.141784 0.580027 0.802163 0.989884 -0.087270 -0.111862 0.005122 0.809909 -0.586533
-56.395176 -119.718351 5170.749180 -18449.541313 0.308311 0.951286 0.000215 0.467650 -0.151368 -0.870857 0.828401 -0.268595 0.491537
-74.341540 -107.515285 -1080.681856 -5396.111625 0.522779 0.832112 -0.185181 0.283067 -0.374350 -0.883026 0.804099 -0.409209 0.431245
-40.622425 -104.711685 -9244.103167 4606.626202 -0.579799 -0.570578 0.581613 0.759046 -0.118834 0.640099 -0.296111 0.812600 0.501995
-7.083617 -102.169237 -28343.075438 5126.052032 -0.632872 -0.444403 0.634018 0.754914 -0.172280 0.632791 -0.171986 0.879105 0.444517
-5.179155 -110.216719 -31058.850151 1523.086448 -0.676899 -0.435171 0.593661 0.678358 -0.055738 0.732614 -0.285723 0.898621 0.332931
-60.738570 -108.046473 -1076.991386 3994.739659 -0.505206 -0.665965 0.548869 0.777162 -0.074563 0.624868 -0.375215 0.742248 0.555232
-52.926586 -96.935442 -3857.799331 9914.438790 -0.602906 -0.610117 0.514064 0.779513 -0.313277 0.542418 -0.169894 0.727747 0.664470
-61.661397 -108.593495 2538.927253 -3847.483250 -0.483132 -0.652137 0.584209 0.696501 0.118055 0.707777 -0.530536 0.748853 0.397178
-38.132494 -108.514724 -12078.312686 -1130.934460 -0.603661 -0.538013 0.588333 0.688157 0.020965 0.725259 -0.402533 0.842676 0.357582
47.254707 -29.441323 -1915.484636 -1302.509730 0.790631 0.144611 0.594970 0.309197 0.744415 -0.591813 0.528488 -0.651869 -0.543845
36.191532 -31.983521 -607.300319 -552.518112 0.798363 0.237188 0.553496 0.193722 0.769134 -0.609019 0.570165 -0.593443 -0.568100
-6.514519 -78.679552 876.656728 -8101.107903 -0.596696 -0.153421 -0.787665 0.618779 -0.712940 -0.329891 -0.510946 -0.684235 0.520342
-9.714495 -63.805783 -1636.101172 -4574.256024 0.609419 0.153480 0.777851 0.545897 -0.792719 -0.271278 -0.574982 -0.589949 0.566883
-9.351333 -64.344971 1425.718600 3500.785774 0.600156 0.167654 0.782116 -0.542941 0.803419 0.244404 -0.587391 -0.571323 0.573203
-11.449424 -66.537610 -1415.971792 -6599.017505 0.650548 0.120665 0.749818 0.536522 -0.771794 -0.341289 -0.537524 -0.624319 0.566828
-11.498278 -65.830115 -2238.667060 -167.007712 -0.588720 -0.167910 -0.790705 0.593726 -0.753626 -0.282023 -0.548541 -0.635495 0.543368
-6.495314 -83.044583 -1461.127498 -10727.415658 0.665743 0.094827 0.740131 0.582291 -0.686280 -0.435840 -0.466608 -0.721129 0.512103
1.806723 -108.690347 -861.688207 -17710.749353 -0.627705 -0.148482 -0.764160 0.674665 -0.593479 -0.438873 -0.388348 -0.791034 0.472705
4.774583 -92.210239 2194.507587 -15370.835005 -0.523038 -0.213891 -0.825034 0.733068 -0.606702 -0.307448 -0.434790 -0.765613 0.474125
-3.100388 -70.230421 1432.497626 -5536.473263 -0.496646 -0.247250 -0.831992 0.719835 -0.652916 -0.235663 -0.484953 -0.715938 0.502247
2340.762940 -133.919450 -1648354.322410 -23189.007237 -0.661493 -0.181327 -0.727700 -0.441678 0.878391 0.182618 0.606091 0.442210 -0.661138
1.712723 -93.366030 452.276347 -1175.294557 0.641729 0.577131 -0.505079 -0.346899 0.805781 0.479977 0.683992 -0.132804 0.717299
1.014071 -94.498087 1143.428370 345.851033 0.653612 0.542218 -0.528007 -0.440379 0.839863 0.317328 0.615514 0.025114 0.787726
-0.469645 -89.575426 298.114499 28.801076 0.652120 0.550759 -0.520965 -0.443360 0.834479 0.327225 0.614957 0.017585 0.788365
-0.660724 -190.669161 317.461883 8692.089917 0.278540 0.946098 -0.165273 -0.386444 -0.047135 -0.921108 0.879248 -0.320434 -0.352485
-1.772020 -189.034145 311.682352 -9446.695979 0.277979 0.941938 -0.188363 -0.106165 -0.164764 -0.980603 0.954703 -0.292584 -0.054200
-2.721038 -179.782161 542.998976 -10740.003149 0.280253 0.943846 -0.174968 -0.098582 -0.153009 -0.983295 0.954851 -0.292820 -0.050165
18.459764 -76.948317 6140.567896 -2405.154427 0.734298 0.427184 -0.527561 0.675579 -0.535823 0.506446 0.066334 0.728291 0.682050
8.484749 -82.368544 3902.923813 -6110.020970 0.730045 0.418925 -0.539941 0.665710 -0.614532 0.423298 0.154480 0.668470 0.727519
1.194782 -84.987934 2532.554892 -2590.301403 0.722695 0.418922 -0.549742 0.671933 -0.612172 0.416834 0.161916 0.670634 0.723902
158.282166 -54.787779 -38771.276714 9706.083099 0.934367 0.354509 -0.035808 0.092485 -0.144246 0.985210 -0.344101 0.923859 0.167566
499.098130 25.519514 -168269.780631 -53665.599292 0.841777 0.325320 0.430788 -0.413055 -0.125631 0.901999 -0.347559 0.937221 -0.028622
411.811854 -212.834909 -247737.139886 -106566.387065 0.854866 0.499499 -0.140376 0.025194 0.230273 0.972800 -0.518237 0.835150 -0.184268
28.834178 -32.828041 3517.910750 4605.987765 0.317508 0.827440 0.463175 -0.781751 0.504866 -0.366026 0.536706 0.245872 -0.807151
23.989580 -30.007423 -9306.676378 4577.943239 0.396575 0.852830 0.339718 -0.783792 0.507212 -0.358338 0.477911 0.124160 -0.869589
28.347617 -37.690951 -6293.530835 5753.341530 0.353910 0.862559 0.361579 -0.756807 0.491262 -0.431167 0.549537 0.121051 -0.826653
-1.985913 -322.169710 3680.580409 -57983.512901 0.525335 -0.538252 0.659021 0.831066 0.158335 -0.533160 0.182629 0.827777 0.530502
-3.637002 -332.128473 2707.940332 -57932.059210 0.538002 -0.537168 0.649618 0.702156 -0.140823 -0.697959 0.466402 0.831636 0.301412
-12.989340 -319.466316 5356.776492 -59986.229759 0.512225 -0.524166 0.680349 0.710809 -0.185892 -0.678376 0.482053 0.831080 0.277364
-5.367909 -251.635895 400.372459 -37481.963988 0.540083 -0.521369 0.660670 0.821209 0.154663 -0.549267 0.184190 0.839198 0.511684
-10.364244 -346.684067 -5795.186625 -27114.873648 -0.510354 0.538052 -0.670850 0.480414 -0.468631 -0.741342 0.713261 0.700632 0.019320
50.201495 -140.058710 -1903.063482 22661.473295 -0.525765 0.495104 -0.691695 0.149212 0.854229 0.498026 0.837440 0.158636 -0.522999
61.749968 -118.324559 -5150.547845 37984.140672 -0.463311 0.539494 -0.703057 -0.021385 0.786305 0.617468 0.885938 0.301114 -0.352767
63.676787 -121.613275 2584.511163 39671.019080 -0.549439 0.478365 -0.685043 -0.004835 0.818053 0.575123 0.835520 0.319307 -0.447157
-655.601150 -6942.452095 -281731.197519 -3525892.119846 0.794909 -0.386608 0.467604 0.509475 0.843844 -0.168410 0.329476 -0.372103 -0.867747
66.034852 -6664.765033 -73536.003462 166955.996402 0.801547 -0.286708 0.524711 0.597564 0.414902 -0.686130 0.020984 -0.863513 -0.503890
-2.357789 -4865.720198 -62354.428708 -712411.029060 0.790899 -0.432597 0.432826 -0.611531 -0.584777 0.532978 -0.022542 0.686218 0.727046
-102.067676 -12070.763581 -34525.492728 -3378395.083976 0.798679 -0.435330 0.415450 -0.196563 0.463789 0.863865 0.568748 0.771613 -0.284849
2.495646 -118.640504 3176.932028 7305.396829 0.845755 -0.265157 0.463023 0.138573 0.947159 0.289289 -0.515263 -0.180505 0.837808
-0.644598 -130.331360 5332.259028 9558.145543 0.846189 -0.238184 0.476689 0.019490 0.907782 0.418989 -0.532527 -0.345253 0.772797
2.642261 -131.397945 6598.824570 10319.106151 0.855547 -0.240839 0.458297 0.028090 0.905502 0.423412 -0.516963 -0.349375 0.781464
20.951377 -43.015169 2249.860818 -10868.021503 0.780207 -0.234620 0.579854 -0.207750 0.777181 0.593995 -0.590015 -0.583903 0.557620
12.811860 -34.875597 -8411.605651 -17680.817188 0.716936 -0.204178 0.666569 -0.307308 0.765678 0.565065 -0.625751 -0.609958 0.486197
18.478483 -49.192540 -9762.497773 -7333.487809 0.719243 -0.202788 0.664505 -0.253715 0.813732 0.522943 -0.646775 -0.544718 0.533821
9.037994 -17.150888 985.425574 17038.637625 0.797492 -0.270311 0.539388 0.205844 -0.718470 -0.664401 -0.567129 -0.640884 0.517332
22.208997 -48.713972 10300.266857 -2546.144631 0.817946 -0.260053 0.513164 -0.108248 0.806498 0.581243 -0.565019 -0.530974 0.631522
16.607622 -47.062810 12247.648516 7615.511658 0.819196 -0.250224 0.516048 0.150663 -0.774304 -0.614617 -0.553370 -0.581241 0.596607
11.558851 -39.112443 11587.479523 14752.623092 0.825084 -0.247042 0.508140 0.182424 -0.734704 -0.653400 -0.534750 -0.631807 0.561126
-22.287494 -44.005137 -7550.350929 -2901.223653 0.873590 -0.286769 0.393197 0.161638 0.933053 0.321379 -0.459036 -0.217198 0.861459
-17.189056 -49.292018 -8328.096415 -2865.318721 0.868984 -0.291523 0.399851 0.208000 0.948379 0.239403 -0.449002 -0.124869 0.884763
-3.259699 -45.847416 -9262.635234 -3125.152706 0.832914 -0.364692 0.416238 0.240507 0.915945 0.321248 -0.498407 -0.167464 0.850615
1.644084 -53.856515 -12086.444858 -3188.407366 0.829666 -0.349380 0.435418 0.308929 0.936981 0.163186 -0.464992 -0.000876 0.885314
23.025009 -58.216693 -11491.132092 -2698.096497 0.799352 -0.418985 0.430683 0.429001 0.899829 0.079158 -0.420707 0.121489 0.899025
17.582197 -54.450825 -9027.681601 -2670.682378 0.808893 -0.420193 0.411254 0.383826 0.907242 0.172017 -0.445387 0.018707 0.895143
29.529533 -187.323820 1697.286489 14696.854428 0.565350 0.781403 -0.264175 0.740907 -0.621833 -0.253732 0.362540 0.052281 0.930501
34.330938 -167.201757 720.474211 -10493.290849 0.678456 0.703747 -0.210801 -0.657251 0.709654 0.253797 0.328205 -0.033641 0.944007
77.750439 -209.676391 13079.437590 14203.271376 0.750879 0.594956 -0.286719 -0.410998 0.760775 0.502296 0.516973 -0.259323 0.815776
24.543080 -340.114550 -8841.581190 -83345.121539 0.970617 -0.231158 -0.066846 -0.180259 -0.514459 -0.838355 -0.159403 -0.825771 0.541011
17.550350 -437.817966 -9692.117211 -130660.203440 0.963667 -0.252844 -0.086118 -0.135814 -0.186201 -0.973079 -0.230002 -0.949420 0.213776
-60.412770 -84.027839 -3393.583643 -224.533173 0.905342 -0.413423 0.097144 0.271143 0.386645 -0.881469 -0.326859 -0.824371 -0.462143
-62.710341 -86.272529 -2233.643882 714.462433 0.935763 -0.346207 0.066994 0.180820 0.307993 -0.934047 -0.302740 -0.886161 -0.350810
-57.767814 -83.148453 -3400.123867 227.213388 0.881391 -0.470848 0.038091 0.169885 0.240704 -0.955615 -0.440781 -0.848742 -0.292145
-65.167103 -90.425651 -1937.492280 2212.450631 0.962250 -0.270333 -0.031552 0.033125 0.231391 -0.972297 -0.270145 -0.934547 -0.231611
-60.523325 -86.532488 -2936.036446 1644.515774 0.908305 -0.416322 -0.040721 0.033114 0.168604 -0.985127 -0.416996 -0.893448 -0.166930
-56.061605 -76.483316 -6314.378493 -555.922616 0.357815 0.924532 -0.131182 -0.448095 0.293253 0.844520 -0.819255 0.243400 -0.519209
-60.328825 -80.118328 -4328.333341 -2357.256289 0.425629 0.901196 -0.081769 -0.380843 0.260371 0.887223 -0.820852 0.346487 -0.454036
-59.951233 -73.091537 -4015.107507 1110.985929 0.388084 0.921619 0.003121 -0.506910 0.210624 0.835870 -0.769696 0.325970 -0.548918
1.294076 -15.467377 -2616.154804 5749.856796 0.486011 0.838732 -0.245607 0.757835 -0.264479 0.596436 0.435292 -0.476004 -0.764160
1.315518 -7.324154 -2378.004143 4226.084412 0.444305 0.851619 -0.278097 0.783457 -0.218805 0.581652 0.434497 -0.476308 -0.764423
3.094869 -19.969858 -2126.136869 -10282.910867 0.662513 0.743776 -0.088727 -0.620779 0.478908 -0.620710 0.419177 -0.466309 -0.779004
10.110179 -10.006389 -5086.058116 -1706.457900 0.003430 0.862270 -0.506437 0.896117 0.222112 0.384241 0.443806 -0.455145 -0.771932
2.240323 -26.468181 -1355.785102 -8657.710546 0.644287 0.758443 -0.098276 -0.642413 0.466985 -0.607644 0.414970 -0.454631 -0.788106
0.036038 -22.533986 -1193.984077 6456.385499 0.527284 0.824740 -0.204390 0.731067 -0.317762 0.603795 0.433027 -0.467794 -0.770491
3.981778 -14.350518 -5265.150471 1152.912600 0.214493 0.880736 -0.422253 0.863847 0.030688 0.502819 0.455809 -0.472613 -0.754238
25.662414 -126.477677 12068.983418 -42440.612841 0.733319 -0.670321 -0.113639 -0.272690 -0.136872 -0.952316 -0.622804 -0.729339 0.283161
13.423001 -130.426405 2950.385559 -34787.352828 0.741600 -0.669913 -0.035292 -0.183822 -0.152334 -0.971084 -0.645166 -0.726643 0.236116
59.191168 -157.316399 22882.930965 -39661.025682 0.709522 -0.694267 -0.120715 -0.222917 -0.058622 -0.973073 -0.668496 -0.717326 0.196358
5.977146 -34.580378 -3059.611094 -2420.123537 0.241994 0.909206 0.338797 0.968276 -0.248710 -0.024169 0.062287 0.333898 -0.940549
11.193906 -36.565988 -1750.049878 -2399.905546 0.211385 0.911314 0.353304 0.974880 -0.222540 -0.009258 0.070187 0.346386 -0.935463
5.710784 -30.220582 -1165.936125 -1677.553376 0.194141 0.918186 0.345316 0.980906 -0.185844 -0.057323 0.011542 0.349851 -0.936734
11.295954 -41.567490 -3046.109529 -3006.792115 0.254780 0.901216 0.350568 0.958519 -0.283273 0.031602 0.127787 0.327974 -0.936004
-0.146610 -28.859360 -3577.564388 -1984.693814 0.207406 0.918162 0.337581 0.978239 -0.196653 -0.066158 0.005642 0.343956 -0.938969
-2.533285 -33.351179 -6961.709370 -2821.413388 0.254377 0.909161 0.329725 0.965743 -0.256885 -0.036736 0.051303 0.327774 -0.943362
3.690511 -39.588582 -5991.004562 -3234.265858 0.280497 0.900850 0.331346 0.953074 -0.302354 0.015212 0.113888 0.311530 -0.943387
-17.547926 -138.790265 109.168536 -7943.694384 0.281557 0.786728 0.549350 0.750790 0.175890 -0.636693 0.597529 -0.591711 0.541144
-18.519602 -132.751336 2201.042895 -10743.641417 -0.309854 -0.760002 -0.571303 0.738404 0.186175 -0.648151 0.598958 -0.622684 0.503502
-17.756212 -140.061573 1187.996141 -5227.112213 0.254648 0.783256 0.567155 0.610457 0.324659 -0.722453 0.749998 -0.530195 0.395470
-10.479157 -125.855700 -2281.126261 -6055.233831 -0.386596 -0.844551 -0.370509 0.872787 -0.205237 -0.442856 0.297972 -0.494582 0.816457
-14.826291 -133.201911 -1255.849824 -7411.378248 -0.387186 -0.821361 -0.418871 0.813950 -0.091097 -0.573748 0.433097 -0.563087 0.703818
-10.598393 -138.894497 -2314.376451 -9455.599420 -0.361021 -0.848762 -0.386351 0.819935 -0.091533 -0.565092 0.444265 -0.520792 0.728975
-14.862214 -53.990471 2535.405986 -6566.283054 -0.736974 0.117875 0.665563 0.346306 0.911467 0.222036 -0.580466 0.394123 -0.712549
-11.425433 -45.834628 -2250.259036 -4276.847797 -0.703075 0.193994 0.684143 0.425758 0.885414 0.186474 -0.569575 0.422385 -0.705107
-10.484981 -49.839537 -799.490982 -390.369636 -0.612141 0.326228 0.720319 0.589261 0.795647 0.140421 -0.527310 0.510413 -0.679281
79.014132 -43.862220 -44653.729713 -4043.783158 -0.159950 0.848274 -0.504824 0.963139 0.246164 0.108474 0.216285 -0.468866 -0.856379
0.821078 -183.518376 -900.353020 6992.991154 0.246080 0.704715 0.665448 -0.515048 -0.486530 0.705701 -0.821079 0.516397 -0.243237
1.889051 -165.478192 -1875.580674 12870.653345 0.240747 0.700715 0.671595 -0.306487 -0.601659 0.737613 -0.920927 0.383413 -0.069912
-0.452340 -147.075015 -1069.572953 -11412.887699 0.239528 0.679542 0.693433 0.087032 0.696321 -0.712434 -0.966981 0.230999 0.107647
-4.229888 -137.975499 -1122.759787 -14061.038660 0.237094 0.673310 0.700314 0.162494 0.683228 -0.711896 -0.957801 0.282583 0.052581
153.043889 -24.307638 -1715.575401 -5679.601963 0.746094 -0.208679 0.632295 0.593139 0.639779 -0.488743 0.302538 -0.739687 -0.601111
266.374487 -27.547276 49023.962993 1497.558602 0.670658 -0.175597 0.720683 0.658301 0.588652 -0.469179 0.341844 -0.789085 -0.510380
134.297051 -34.006715 22959.944195 -3364.448378 0.749467 -0.039217 0.660879 0.512342 0.666575 -0.541464 0.419291 -0.744406 -0.519668
72.403767 -47.183431 6525.751168 -3622.538167 0.809947 0.151022 0.566726 0.298217 0.726002 -0.619668 0.505027 -0.670905 -0.542986
82.491767 -33.041462 -3775.623024 -1909.629507 0.821611 -0.081275 0.564225 0.420321 0.754992 -0.503306 0.385079 -0.650678 -0.654471
21.942732 -143.918529 16734.154338 -30368.052139 0.569214 0.560010 0.601984 0.116549 0.669819 -0.733320 -0.813887 0.487577 0.316002
15.914284 -176.232923 14332.607691 42459.565260 0.555477 0.574558 0.601106 -0.268166 -0.560488 0.783543 -0.787103 0.596437 0.157261
-12.711429 -1257.207010 8849.204846 -541692.789010 0.607149 0.306472 0.733106 -0.054591 0.936533 -0.346302 -0.792710 0.170236 0.585346
-51.116244 -310.329782 17959.247469 -86926.593661 0.589701 0.170205 0.789483 -0.185968 0.979889 -0.072347 -0.785919 -0.104155 0.609494
-23.612218 -54.822356 -1368.982251 6444.350309 0.722910 -0.375296 0.580132 -0.150980 0.733533 0.662672 -0.674244 -0.566641 0.473617
-21.459436 -56.663018 2416.082748 2830.369342 0.764228 -0.513921 0.389667 0.044401 0.644676 0.763165 -0.643415 -0.565931 0.515499
-31.117491 -49.674878 451.420759 1577.688792 0.737754 -0.502787 0.450470 0.037494 0.696783 0.716301 -0.674027 -0.511564 0.532906
-10.732925 -91.357808 2416.799584 6410.893808 0.258385 0.486315 0.834706 0.053517 0.855515 -0.515005 -0.964559 0.177740 0.195026
-9.104138 -89.353662 833.207601 -1104.403274 0.242154 0.494431 0.834805 0.120956 0.838317 -0.531596 -0.962669 0.229703 0.143198
-13.947207 -48.125684 -3333.986674 1122.364080 0.155742 0.609633 0.777234 -0.511825 0.722776 -0.464359 -0.844855 -0.325488 0.424592
-12.859197 -45.146633 -1862.357755 -1105.585179 0.157210 0.629599 0.760848 -0.588833 0.678260 -0.439590 -0.792818 -0.378905 0.477358
-15.616398 -45.811823 -1021.337892 -1910.820419 0.212265 0.603001 0.768982 -0.577757 0.712088 -0.398907 -0.788125 -0.359610 0.499540
-12.726616 -41.045635 702.361955 -753.725167 0.230636 0.894529 0.382915 0.370811 -0.444630 0.815355 -0.899614 0.046061 0.434249
-13.424460 -41.573735 -1495.654283 -427.494421 0.220322 0.918761 0.327623 0.336886 -0.386881 0.858389 -0.915405 0.078751 0.394756
-10.472951 -40.183278 -277.734012 3.352572 0.234839 0.882021 0.408522 0.293189 -0.464976 0.835367 -0.926764 0.076403 0.367793
19.278174 -745.604247 -5161.347134 324830.930970 -0.414058 -0.809975 -0.415328 0.784289 -0.085872 -0.614423 0.462003 -0.580144 0.670810
20.570471 -876.782628 -6736.427371 -342213.135333 -0.427898 -0.811312 -0.398341 0.892523 -0.448782 -0.044702 -0.142501 -0.374657 0.916147
11.235758 -527.412132 -3620.488999 -86336.149899 -0.421425 -0.806018 -0.415615 0.896379 -0.300744 -0.325666 0.137499 -0.509792 0.849239
18.955110 -152.727953 15255.587893 1268.399656 0.102636 0.570362 0.814956 0.918882 -0.368125 0.141914 0.380948 0.734283 -0.561878
14.944338 -157.922691 24466.339696 -5464.559423 0.102069 0.518516 0.848954 0.984249 -0.176475 -0.010549 0.144349 0.836659 -0.528361
-24.767633 -111.348728 14929.579481 -26974.096712 0.244265 0.958517 -0.146903 0.603410 -0.268831 -0.750750 0.759099 -0.094739 0.644045
64.794382 -29.259913 -21332.413492 -1339.873232 0.830619 0.343932 0.437930 0.100870 0.680509 -0.725763 0.547629 -0.647007 -0.530552
54.478864 -35.266782 -21706.505445 -2419.352401 0.827537 0.435451 0.354351 -0.030516 0.665135 -0.746099 0.560581 -0.606612 -0.563712
33.463967 -33.330116 5061.751216 -1774.617077 -0.802684 -0.431518 -0.411692 -0.031876 0.720344 -0.692884 0.595552 -0.543044 -0.591964
-10.671333 -57.015499 -1094.150580 3707.381186 0.597912 0.179905 0.781111 -0.499583 0.845702 0.187631 -0.626832 -0.502417 0.595533
-12.970773 -57.400646 -2298.166994 4316.241004 0.629537 0.161085 0.760089 -0.502054 0.830949 0.239720 -0.592979 -0.532518 0.603986
532.330774 -38.097734 1106970.275869 -7801.902095 -0.507435 -0.569213 0.646921 -0.321483 0.821609 0.470751 -0.799474 0.030901 -0.599905
2.583473 -91.667063 12.978181 -3541.095052 0.633457 0.606990 -0.479892 -0.233224 0.741126 0.629555 0.737793 -0.286873 0.611036
0.254965 -136.932735 248.505921 26108.103387 0.310320 0.943076 -0.119624 -0.756326 0.168695 -0.632070 0.575910 -0.286619 -0.765622
0.137088 -108.381543 71.973948 16137.535087 0.343959 0.934170 -0.094967 -0.833962 0.257445 -0.488087 0.431507 -0.247081 -0.867613
0.041479 -104.853720 -210.822798 14286.344368 0.340855 0.935126 -0.096733 -0.836300 0.254604 -0.485571 0.429441 -0.246407 -0.868829
24.976987 -88.393505 6697.808416 18148.638945 0.728311 0.460121 -0.507792 0.681419 -0.408087 0.607563 -0.072329 0.788514 0.610749
171.542844 -68.163585 -97150.685525 4759.805245 0.778608 0.614452 -0.127353 -0.411213 0.346310 -0.843193 0.473998 -0.708885 -0.522310
267.891210 -59.122613 46057.942480 611.872637 0.586710 0.799301 0.129962 -0.372801 0.409068 -0.832876 0.718882 -0.440207 -0.537985
336.375001 -57.855274 -176137.114224 2302.734842 0.833610 0.540574 -0.113464 -0.418393 0.483860 -0.768653 0.360613 -0.688229 -0.629523
149.671694 -70.605695 5038.634116 6630.500687 0.628998 0.774468 0.067529 -0.315138 0.333422 -0.888548 0.710668 -0.537614 -0.453786
