18891
37774
-34.904200 -54.192866 -1731.683966 5262.590058 0.296076 0.926849 -0.230847 0.927648 -0.336615 -0.161737 0.227612 0.166258 0.959453
-43.234253 -68.851568 757.924476 6158.766507 0.027013 -0.986135 0.163730 0.993860 0.008913 -0.110284 0.107296 0.165703 0.980321
-36.328043 -62.442265 -2180.388818 9727.371907 -0.163238 0.983775 -0.074427 0.956604 0.139369 -0.255902 0.241377 0.112970 0.963833
-37.657821 -62.235121 1242.124223 4999.499700 -0.251957 -0.926025 0.281061 0.957425 -0.280816 -0.066935 0.140910 0.252230 0.957353
-29.830140 -46.310264 -2353.398209 5690.407252 0.377960 0.898355 -0.223842 0.870970 -0.427003 -0.243065 0.313940 0.103091 0.943829
-28.943205 -46.070194 -67.174695 -3012.224147 0.630582 0.688746 -0.357764 -0.705149 0.700994 0.106642 0.324240 0.185030 0.927703
-33.999975 -52.505588 473.289639 3253.769785 -0.525437 -0.774753 0.351674 0.815947 -0.575978 -0.049796 0.241136 0.260783 0.934797
79.752374 -97.748265 657.427012 9523.972283 -0.519957 0.850620 0.078043 -0.187003 -0.024207 -0.982061 0.833471 0.525224 -0.171655
78.891205 -95.197631 -6304.097764 1769.906275 -0.365815 0.925615 0.097036 -0.090605 0.068349 -0.993539 0.926267 0.372244 -0.058862
85.802240 -101.100632 -2709.223366 -1364.845606 -0.515935 0.850620 0.101271 0.040395 0.142248 -0.989006 0.855675 0.506172 0.107751
76.280893 -104.224223 8507.310682 8829.105397 -0.681512 0.729204 0.061664 -0.098834 -0.008224 -0.995070 0.725102 0.684247 -0.077675
63.955398 -90.267834 10576.449890 11849.592049 -0.663072 0.742708 0.093386 -0.282935 -0.133166 -0.949850 0.693025 0.656241 -0.298437
1.393842 -41.626946 9665.151713 10543.096808 0.609811 0.629221 -0.481883 -0.386832 0.766980 0.511960 0.691731 -0.125791 0.711116
3.516143 -53.089041 5789.856160 -8362.344675 0.526012 0.802166 -0.282560 0.495961 -0.559219 -0.664302 0.690893 -0.209293 0.691999
11.942512 -75.353795 3774.472757 -27729.659175 0.611154 0.702343 -0.364972 0.494651 -0.698883 -0.516607 0.617908 -0.135193 0.774540
9.433266 -36.981049 10818.454181 8902.830828 0.637854 0.561937 -0.526658 -0.349337 0.820541 0.452411 0.686372 -0.104591 0.719691
-10.792810 -28.174365 6487.885967 -305.471157 0.552000 0.734435 -0.394843 0.490122 -0.668863 -0.558929 0.674593 -0.115008 0.729176
3.510749 -28.020384 939.225420 -989.899474 -0.401153 -0.824856 0.398358 0.827557 -0.139906 0.543669 -0.392716 0.547758 0.738739
2.744744 -27.406739 1409.544331 -189.176542 -0.331641 -0.834867 0.439330 0.835375 -0.043492 0.547958 -0.438365 0.548730 0.711851
4.615359 -30.617913 342.268259 -1629.362215 -0.379742 -0.821061 0.426210 0.839104 -0.111734 0.532373 -0.389488 0.559799 0.731385
5.283245 -34.165236 5.646114 -2890.459814 -0.466739 -0.803805 0.368852 0.819701 -0.236597 0.521644 -0.332030 0.545820 0.769309
3.605420 -28.012042 617.696296 -1976.335810 -0.459002 -0.811790 0.360991 0.812418 -0.219069 0.540356 -0.359574 0.541301 0.760066
-7.911862 -17.434320 -1234.918409 5675.370815 0.039662 0.963401 0.265113 -0.893244 0.153095 -0.422703 0.447820 0.220045 -0.866624
-4.835041 -20.488907 -1844.944059 5855.177961 0.224188 0.917904 0.327401 -0.862802 0.343147 -0.371246 0.453115 0.199253 -0.868899
-1.596816 -7.207808 4710.783624 911.210568 -0.699550 -0.539847 -0.468182 -0.574802 0.814358 -0.080152 0.424537 0.213042 -0.879989
-7.914170 -8.832899 -1263.374124 6740.582319 0.035243 0.962278 0.269776 -0.908151 0.143516 -0.393275 0.417157 0.231138 -0.878952
3.006369 -6.848216 7304.148393 -171.958868 -0.895827 -0.074931 -0.438040 -0.170941 0.967945 0.184013 0.410210 0.239723 -0.879921
-1.281841 -63.902985 -1691.282347 1605.651974 0.083176 0.987604 -0.133116 0.162307 0.118370 0.979615 -0.983228 0.103086 0.150450
-2.998676 -62.009654 471.736368 4351.894998 0.107008 0.989627 -0.095857 0.315785 0.057591 0.947081 -0.942777 0.131615 0.306347
-1.196835 -60.239609 -8.230447 1175.024022 0.115745 0.984233 -0.133752 0.196019 0.109375 0.974481 -0.973745 0.139009 0.180269
-4.941990 -66.424160 459.685317 1912.654336 0.097195 0.987764 -0.121968 0.204645 0.100095 0.973705 -0.973999 0.119599 0.192413
-1.774950 -67.873907 77.908478 -2184.057702 0.116944 0.984387 -0.131555 0.042771 0.127349 0.990935 -0.992217 0.121511 0.027210
-3.140685 -66.615028 465.131963 21.257883 0.107284 0.983728 -0.144119 0.003141 0.144619 0.989482 -0.994223 0.106608 -0.012426
30.170528 -96.348321 -1360.071104 8880.434168 0.071402 0.963291 -0.258791 0.016037 -0.260528 -0.965333 0.997319 -0.064777 0.034050
29.539459 -79.004267 -999.946762 13992.789104 0.085225 0.953534 -0.288979 -0.131164 -0.276773 -0.951941 0.987691 -0.119033 -0.101482
27.699174 -89.742450 830.079489 10411.104898 0.138822 0.956099 -0.258076 0.026487 -0.264091 -0.964134 0.989963 -0.127008 0.061986
35.253048 -80.499510 -2991.100350 13974.491381 0.024171 0.960110 -0.278576 -0.189056 -0.269239 -0.944335 0.981669 -0.075492 -0.175007
27.054241 -99.473697 318.333615 647.074433 0.109718 0.966316 -0.232800 0.221851 -0.252113 -0.941924 0.968888 -0.051699 0.242040
32.557744 -100.329553 -2412.465343 9111.764196 0.016583 0.967165 -0.253609 0.009953 -0.253791 -0.967208 0.999813 -0.013515 0.013835
29.294479 -102.852685 -405.584476 -22.742583 0.031824 0.970167 -0.240340 0.228471 -0.241157 -0.943210 0.973031 0.024894 0.229329
14.485896 -71.429223 6296.694716 -976.467937 -0.358379 0.920608 -0.155066 -0.583728 -0.350594 -0.732356 0.728578 0.171945 -0.663030
20.218998 -76.078471 7465.989806 -3206.719641 -0.371789 0.911197 -0.177460 -0.687019 -0.398639 -0.607530 0.624322 0.103954 -0.774219
33.244136 -77.143056 6396.393065 -4584.007898 -0.320676 0.919107 -0.228933 -0.627384 -0.387182 -0.675632 0.709617 0.073030 -0.700793
10.743734 -77.462976 5417.788485 -1959.267213 -0.356459 0.925516 -0.127896 -0.671354 -0.348926 -0.653861 0.649785 0.147211 -0.745727
4.313373 -77.716923 2897.470265 1444.684983 -0.316680 0.942000 -0.111134 -0.557925 -0.279740 -0.781323 0.767095 0.185425 -0.614153
0.886122 -129.686851 1544.670350 804.212639 -0.048830 0.998784 -0.006777 0.789559 0.042755 0.612183 -0.611729 -0.024542 0.790687
-0.453404 -134.899022 -1403.726916 -3789.655725 -0.072714 0.996832 0.032214 0.762231 0.034712 0.646373 -0.643208 -0.071555 0.762341
-0.254891 -125.716283 -517.903188 6567.831459 -0.044548 0.998272 0.038317 0.891257 0.022387 0.452946 -0.451306 -0.054328 0.890714
-2.077884 -130.785027 -769.610151 13258.850149 -0.004713 0.998595 0.052776 0.969573 -0.008354 0.244658 -0.244756 -0.052323 0.968172
-1.220074 -115.823910 552.558715 15337.816102 -0.009543 0.999393 0.033508 0.974964 0.001854 0.222355 -0.222158 -0.034791 0.974390
-4.387614 -53.800163 -1107.284487 4005.457377 0.031739 0.973224 -0.227655 -0.852682 0.145199 0.501848 -0.521466 -0.178189 -0.834459
-2.768209 -62.346549 -1099.206116 4712.159501 0.023716 0.976079 -0.216119 -0.903853 0.113310 0.412565 -0.427185 -0.185556 -0.884919
-5.346228 -50.199112 -700.521641 4500.479462 0.008488 0.976548 -0.215133 -0.821439 0.129494 0.555400 -0.570233 -0.172004 -0.803274
-6.184361 -46.469964 106.470681 2477.027352 0.057890 0.969122 -0.239690 -0.779102 0.193979 0.596131 -0.624219 -0.152233 -0.766274
-4.666373 -50.367533 -747.364075 3605.589702 0.058375 0.969507 -0.238009 -0.800731 0.187852 0.568808 -0.596173 -0.157377 -0.787280
19.054367 -40.925500 1613.794588 4.686397 0.561619 0.749550 -0.350369 -0.067847 -0.380314 -0.922366 0.824609 -0.541790 0.162737
13.644314 -43.486646 -1611.802930 -5216.574671 0.613737 0.686116 -0.390604 0.017864 -0.506684 -0.861947 0.789308 -0.522031 0.323228
12.776676 -43.423403 436.607893 -5295.646068 0.566575 0.761643 -0.314472 0.071552 -0.425668 -0.902046 0.820898 -0.488575 0.295670
21.895437 -19.508867 2090.730167 -2976.821279 -0.805560 0.007245 -0.592470 -0.190813 0.943483 0.270979 0.560949 0.331340 -0.758650
22.812711 -15.931815 3767.505634 -2615.067096 -0.850111 0.080889 -0.520355 -0.098514 0.946259 0.308041 0.517307 0.313131 -0.796456
26.398928 -12.789081 1903.861492 -3112.772183 -0.804573 -0.013602 -0.593699 -0.184885 0.955790 0.228656 0.564341 0.293736 -0.771517
-1.832928 -66.486295 -6170.552249 -17519.336608 -0.424773 0.904005 -0.048394 -0.521944 -0.200872 0.828990 -0.739690 -0.377392 -0.557166
-7.086272 -55.282660 -2869.915598 -14338.151976 -0.368191 0.928069 -0.055885 -0.583546 -0.183879 0.790988 -0.723816 -0.323846 -0.609273
1.442711 -46.860788 -4335.713028 -10776.768933 -0.415884 0.909321 -0.013227 -0.559396 -0.244322 0.792075 -0.717019 -0.336811 -0.610280
6.581459 -32.426507 14.386097 -1336.372497 -0.150089 0.936867 -0.315837 0.924544 0.246179 0.290887 -0.350275 0.248346 0.903123
0.303799 -29.420990 890.097980 -1298.835257 -0.219169 0.909952 -0.352069 0.881471 0.339366 0.328390 -0.418299 0.238366 0.876475
0.252677 -34.312418 4084.062882 -1376.646900 -0.207214 0.903329 -0.375579 0.910405 0.318580 0.263951 -0.358086 0.287234 0.888409
5.886413 -35.641824 -4157.384829 -1199.164794 0.160352 -0.921844 0.352833 0.944004 0.247648 0.218005 -0.288345 0.298118 0.909936
10.868064 -35.031692 1082.372742 -1079.617481 -0.118998 0.944166 -0.307229 0.952488 0.195928 0.233193 -0.280368 0.264883 0.922622
-4.227350 -110.894316 -729.509140 3304.253178 0.159466 0.985859 -0.051504 0.289438 -0.096568 -0.952313 0.943820 -0.136954 0.300744
-4.092300 -107.333886 384.054658 2260.411190 0.144167 0.988472 -0.046244 0.377639 -0.098153 -0.920736 0.914661 -0.115276 0.387437
-4.858033 -114.268768 -521.297648 3719.066434 0.138184 0.990367 -0.008897 0.494794 -0.076814 -0.865609 0.857953 -0.115211 0.500642
-4.775193 -117.113578 -599.715685 5225.367517 0.145574 0.989331 -0.005615 0.443596 -0.070343 -0.893462 0.884325 -0.127574 0.449103
105.227010 -39.284829 24861.033617 797.433834 0.207318 0.773232 -0.599276 -0.029939 0.617313 0.786148 -0.977815 0.145041 -0.151129
116.453843 -41.085467 39401.470664 -3686.997748 0.304557 0.778729 -0.548477 -0.147981 0.607525 0.780394 -0.940929 0.156511 -0.300263
57.700338 -38.596257 28864.168836 1579.032680 0.392409 0.778118 -0.490457 -0.024966 0.542041 0.839981 -0.919452 0.317371 -0.232128
78.929016 -38.334425 23391.315292 5633.550862 0.287680 0.769224 -0.570557 0.070203 0.577201 0.813579 -0.955150 0.274105 -0.112047
-1.599915 -132.387734 -540.889829 3260.739803 0.953806 -0.093924 0.285363 -0.299946 -0.351233 0.886943 -0.016923 0.931565 0.363180
-1.266367 -139.950726 -586.770761 2436.282114 0.945621 -0.093719 0.311477 -0.325270 -0.274565 0.904883 -0.000716 0.956990 0.290118
-5.128454 -133.293985 -2211.056865 5074.799261 0.941636 -0.089236 0.324589 -0.320961 -0.528760 0.785746 -0.101513 0.844067 0.526541
-19.739481 -44.445345 -4451.443653 -497.926412 0.195939 -0.930428 0.309697 0.911450 0.056290 -0.407542 0.361756 0.362126 0.859068
-21.957150 -45.586072 -2952.808014 816.680851 0.141740 -0.942669 0.302134 0.943317 0.036093 -0.329926 0.300106 0.331772 0.894351
-25.197150 -44.098457 2945.773205 -65.421743 -0.143478 0.949311 -0.279683 0.922258 0.025751 -0.385717 0.358963 0.313282 0.879204
-15.541644 -46.274326 -4434.993536 668.268718 0.186933 -0.922858 0.336732 0.931645 0.057816 -0.358742 0.311600 0.380775 0.870584
-12.193799 -45.542116 4548.726415 -65.426953 -0.213715 0.917022 -0.336743 0.888400 0.039079 -0.457405 0.406290 0.396917 0.823034
166.934936 -1231.407852 -68829.701801 -495537.672810 0.954307 -0.298149 0.020119 -0.152636 -0.428459 0.890575 0.256905 0.852953 0.454390
-191.384233 -3036.071261 -22926.499116 -498204.887236 0.938365 -0.316825 0.138180 -0.345645 -0.858679 0.378417 0.001239 0.402854 0.915263
46.238608 -1882.398480 -19818.182724 -41816.000070 0.896540 -0.300583 0.325370 -0.429655 -0.768782 0.473678 -0.107759 0.564468 0.818391
-41.542736 -576.658542 1484.176652 -189464.404828 0.824426 -0.362953 0.434265 -0.434745 0.085166 0.896517 0.362379 0.927907 0.087579
-15.849049 -256.572389 -7080.442034 -69475.948659 0.812821 -0.451508 0.368052 -0.289467 0.235227 0.927835 0.505501 0.860702 -0.060500
161.671006 -1145.457940 36855.223831 -564855.182867 0.876677 -0.480594 -0.021630 0.030412 0.010493 0.999482 0.480118 0.876881 -0.023815
-7.514416 -171.603919 3353.300885 -19540.287969 0.923356 -0.381768 0.040833 -0.115628 -0.175084 0.977740 0.366121 0.907523 0.205808
15.528978 -43.884049 -440.780149 -121.465907 0.108786 0.994011 -0.010390 0.034829 -0.014257 -0.999292 0.993455 -0.108347 0.036172
16.299120 -45.243901 1512.365682 -1155.048473 0.073375 0.995638 -0.057629 0.015545 -0.058919 -0.998142 0.997183 -0.072343 0.019800
12.108223 -44.153058 745.413268 -718.728930 0.086478 0.994500 -0.059087 -0.066702 -0.053396 -0.996343 0.994018 -0.090103 -0.061718
10.548196 -66.914099 2301.335636 -4381.905423 0.773600 -0.019625 0.633371 -0.457286 0.674645 0.579434 0.438672 0.737881 -0.512931
3.897331 -57.355504 2935.764121 -4079.298122 0.744101 0.032185 0.667292 -0.437112 0.778817 0.449862 0.505220 0.626424 -0.593587
2.490461 -58.858552 1999.594303 -3791.213363 0.781473 -0.053118 0.621674 -0.383710 0.744767 0.545976 0.492003 0.665208 -0.561633
7.746725 -66.925604 -858.836736 -5280.246558 0.825441 -0.103459 0.554926 -0.355637 0.668113 0.653565 0.438371 0.736832 -0.514694
19.451781 -80.403797 1197.750858 -7234.122896 0.792645 -0.045661 0.607971 -0.482342 0.562957 0.671137 0.372907 0.825224 -0.424201
19.427429 -80.001642 1447.620241 -6364.255855 0.762895 0.040368 0.645260 -0.542140 0.583707 0.604458 0.352242 0.810960 -0.467193
7.100212 -0.895296 -3658.458933 -1419.353563 0.035758 0.894609 -0.445417 0.791871 0.246528 0.558716 -0.609640 0.372691 0.699600
2.439543 -5.607241 -521.915145 156.408497 0.178163 0.907801 -0.379677 0.781498 0.103922 0.615192 -0.597929 0.406321 0.690930
5.508126 -5.253281 -2250.620229 2463.487392 0.422430 0.896864 -0.131104 0.666793 -0.209518 0.715185 -0.613955 0.389534 0.686529
11.938657 3.720868 -4019.048671 3082.117448 0.342001 0.919150 -0.195446 0.722614 -0.124283 0.679988 -0.600720 0.373788 0.706695
14.453137 4.615214 -4849.345014 -3766.611664 -0.124922 0.813272 -0.568316 0.770412 0.440449 0.460946 -0.625188 0.380255 0.681576
-25.820956 -29.562200 2197.809618 2592.817901 -0.148384 0.910079 -0.386960 -0.165623 -0.408635 -0.897545 0.974962 0.069092 -0.211365
-25.071491 -30.880993 3948.196101 3.827950 -0.181410 0.703214 -0.687445 0.158444 0.710812 0.685304 0.970560 0.015399 -0.240368
-19.739837 -28.513143 4524.189626 1256.559474 -0.238166 0.524984 -0.817110 0.068942 0.848335 0.524952 0.968774 0.068693 -0.238238
8.337277 -45.172499 2480.915521 -439.420933 0.386730 0.909718 -0.151171 -0.086421 -0.127453 -0.988072 0.918135 -0.395182 -0.029329
8.380021 -42.929709 3069.825873 -2480.025782 0.378641 0.908823 -0.175134 -0.154061 -0.124695 -0.980161 0.912631 -0.398111 -0.092800
10.696688 -43.994959 158.698699 0.594932 0.432034 0.888864 -0.152539 -0.103989 -0.118912 -0.987444 0.895842 -0.442472 -0.041058
9.986282 -42.912791 497.728657 2328.801765 0.424178 0.897013 -0.124257 -0.046096 -0.115648 -0.992220 0.904405 -0.426606 0.007706
11.413235 -41.237522 -1271.272988 3699.414067 0.464140 0.875800 -0.132471 -0.068181 -0.113787 -0.991163 0.883134 -0.469071 -0.006899
10.305193 -41.583525 -1329.140207 766.695268 0.464875 0.871980 -0.153431 -0.118502 -0.110456 -0.986791 0.877410 -0.476917 -0.051983
-12.300842 -39.041151 -1929.058605 -806.490368 -0.208356 0.950620 -0.230022 0.929849 0.265454 0.254783 -0.303262 0.160800 0.939242
-11.415221 -37.140830 -2017.228905 -2214.825980 -0.293021 0.912743 -0.284674 0.875767 0.375693 0.303129 -0.383629 0.160485 0.909436
-9.489278 -36.149361 -1210.419790 -1544.976521 -0.237489 0.937707 -0.253585 0.875689 0.319657 0.361924 -0.420439 0.136109 0.897054
-66.543561 -1346.937575 24176.457257 582330.661830 0.976627 0.140924 0.162299 0.207533 -0.814783 -0.541348 -0.055950 -0.562378 0.824986
-424.418746 -3089.829721 165984.071180 -1601383.910392 0.989041 0.106392 -0.102370 0.116190 -0.988668 0.095057 0.091097 0.105910 0.990194
-264.356255 -1372.437143 39777.966514 -595291.534864 0.888492 0.427917 0.165738 0.237778 -0.738206 0.631280 -0.392484 0.521478 0.757639
-98.137278 -427.329667 -28531.533671 -133907.037227 0.818112 0.352494 0.454358 -0.277820 -0.449511 0.848974 -0.503497 0.820785 0.269820
0.799896 -1628.399136 -77052.196155 324899.610601 -0.120757 -0.183012 0.975666 0.213481 0.955074 0.205572 -0.969455 0.233111 -0.076262
-12.017564 -786.420752 933.755230 265869.438365 0.814635 0.212745 -0.539546 -0.224465 -0.742142 -0.631539 0.534776 -0.635583 0.556821
-13.542379 -555.786541 -1315.133856 29769.416277 0.786490 0.286111 -0.547334 -0.056600 0.915884 0.397433 0.615005 -0.281597 0.736527
-7.925655 -1168.984748 3560.304446 456144.937225 0.805692 0.238053 -0.542394 -0.205760 0.971145 0.120584 0.555449 0.014449 0.831425
-38.797631 -62.778269 1470.006484 1396.356999 -0.584744 0.190782 0.788465 0.323003 0.946339 0.010565 -0.744140 0.260854 -0.614989
-38.318598 -62.879015 1112.851618 2956.286446 -0.583587 0.144875 0.799023 0.392252 0.911844 0.121160 -0.711031 0.384126 -0.588967
-40.980876 -62.013128 2123.065407 2506.784268 -0.651808 0.128866 0.747355 0.328835 0.936025 0.125396 -0.683384 0.327491 -0.652484
-40.677563 -60.929807 3136.669083 215.333022 -0.619548 0.226243 0.751648 0.308035 0.950827 -0.032297 -0.721994 0.211524 -0.658774
103.370538 -137.192716 2581.753896 -20121.372898 -0.465199 0.693943 0.549575 0.550494 -0.259398 0.793517 -0.693214 -0.671681 0.261340
99.938888 -101.908306 -29.442071 -19568.913423 -0.443419 0.712920 0.543254 0.327630 -0.435236 0.838587 -0.834289 -0.549831 0.040582
99.605642 -122.764066 19609.641724 -24968.981864 -0.268709 0.849817 0.453439 0.453015 -0.303941 0.838092 -0.850043 -0.430617 0.303308
98.631597 -142.784995 19965.754236 -12962.124117 -0.307176 0.862140 0.402936 0.670723 -0.104235 0.734348 -0.675110 -0.495832 0.546238
10.585436 1.728371 -4230.708818 3108.614938 0.548501 -0.305299 0.778421 0.580227 0.809306 -0.091435 -0.602066 0.501814 0.621048
18.427910 -1.501654 -925.638300 -2010.263083 0.736551 0.067060 0.673049 0.286951 0.870106 -0.400718 -0.612496 0.488281 0.621635
23.540056 -10.524275 -4031.741200 2700.444909 0.570120 -0.347533 0.744436 0.585830 0.807247 -0.071797 -0.575992 0.477046 0.663823
18.511396 -10.432213 -4890.571537 5733.953460 0.366126 -0.529860 0.764984 0.704812 0.694662 0.143825 -0.607612 0.486511 0.627785
29.169045 -21.326475 -4504.390474 5778.328704 0.408189 -0.554266 0.725377 0.691500 0.706481 0.150702 -0.595994 0.440084 0.671653
33.769624 -22.008075 -2644.809186 1261.872299 0.677452 -0.306239 0.668787 0.533939 0.830101 -0.160752 -0.505932 0.465993 0.725867
36.652613 -29.035836 -3499.088679 4868.015494 0.526427 -0.510905 0.679596 0.648135 0.758471 0.068145 -0.550269 0.404596 0.730415
19.642819 -50.329298 -5716.856311 -4735.046119 -0.624678 0.776031 0.086908 -0.639513 -0.572275 0.513346 -0.448108 -0.265098 -0.853770
15.967298 -53.339339 -4729.947138 -2949.073163 -0.695339 0.705574 0.136635 -0.514574 -0.621502 0.590719 -0.501715 -0.340441 -0.795225
6.787162 -48.352678 -4458.539041 -3102.232491 -0.709299 0.692509 0.131633 -0.565986 -0.670805 0.479250 -0.420185 -0.265429 -0.867751
9.136463 -43.942330 -6507.284660 -2555.931677 -0.673973 0.732955 0.092398 -0.640352 -0.641980 0.421677 -0.368388 -0.225031 -0.902026
28.460492 -42.390424 -38.483805 491.677937 0.561773 0.811893 0.158873 -0.086745 0.248789 -0.964665 0.822731 -0.528142 -0.210191
23.431981 -44.800908 1784.884919 -2784.763724 0.530145 0.829168 0.177277 -0.151484 0.298333 -0.942364 0.834265 -0.472735 -0.283765
21.821576 -42.603222 -2392.581969 944.488375 0.596642 0.774840 0.208905 -0.101779 0.331274 -0.938029 0.796027 -0.538406 -0.276515
19.825822 -36.822127 5960.766471 -1336.545875 0.290664 0.956755 0.011596 0.178066 -0.042181 -0.983114 0.940110 -0.287821 0.182626
15.851208 -39.912429 1888.586377 -4802.821588 0.325158 0.945360 -0.023804 0.105943 -0.061429 -0.992473 0.939706 -0.320189 0.120129
23.026480 -36.486910 3033.527519 -6040.381550 0.362209 0.931863 0.020860 0.172572 -0.045052 -0.983966 0.915982 -0.360001 0.177132
29.449233 -35.599812 4085.263297 -5060.164115 0.396724 0.917709 0.020496 0.119179 -0.029356 -0.992439 0.910169 -0.396167 0.121018
39.761156 -30.431358 4419.175806 -6464.928274 0.428695 0.900348 0.074793 0.223140 -0.025297 -0.974458 0.875459 -0.434435 0.211749
6.149656 -49.932049 1260.926128 809.257433 -0.104831 -0.953287 -0.283291 0.983993 -0.140706 0.109358 -0.144110 -0.267292 0.952779
5.991121 -50.997804 1007.051966 782.034236 -0.105367 -0.957432 -0.268740 0.989598 -0.127572 0.066496 -0.097949 -0.258938 0.960915
4.759333 -49.545992 1381.206935 911.776550 -0.109419 -0.952425 -0.284452 0.993926 -0.108222 -0.019974 -0.011760 -0.284910 0.958482
4.611618 -50.406631 631.198354 1118.080387 -0.093277 -0.954954 -0.281713 0.992269 -0.112426 0.052556 -0.081861 -0.274633 0.958058
4.063583 -47.616880 322.242269 481.060374 -0.116567 -0.953176 -0.279047 0.991433 -0.095003 -0.089638 0.058930 -0.287105 0.956085
4.761601 -48.245844 1506.667946 54.756640 -0.130416 -0.950636 -0.281571 0.984411 -0.090353 -0.150904 0.118014 -0.296862 0.947600
28.789363 -82.495455 157.928624 5110.487653 -0.135318 0.986442 0.092850 -0.809865 -0.056133 -0.583925 0.570796 0.154212 -0.806480
28.450249 -78.666445 -119.399118 6501.075755 -0.225858 0.966848 0.119139 -0.817243 -0.121493 -0.563341 0.530190 0.224600 -0.817590
23.499077 -80.020265 -778.862977 -1738.520885 -0.187472 0.980074 0.065638 -0.856524 -0.130396 -0.499363 0.480853 0.149838 -0.863903
21.717937 -77.695889 342.562309 -3529.206377 -0.086472 0.994468 0.059637 -0.867146 -0.045659 -0.495956 0.490489 0.094601 -0.866297
18.976602 -77.607190 -263.952332 -9013.200341 -0.161487 0.985183 0.057756 -0.892215 -0.120736 -0.435172 0.421751 0.121805 -0.898493
17.603193 -87.250125 -1388.985534 -10015.927108 -0.250802 0.966912 0.046694 -0.893106 -0.212511 -0.396486 0.373444 0.141142 -0.916852
7.463678 -102.392883 2818.265375 4483.176113 -0.492051 0.857805 0.148517 0.819468 0.398793 0.411626 0.293867 0.324246 -0.899170
1.988549 -101.109050 2593.186960 262.553322 -0.517425 0.843390 0.144796 0.811161 0.429509 0.396913 0.272561 0.322826 -0.906363
4.340956 -99.913373 922.956170 -3302.952750 -0.489036 0.863682 0.122057 0.864996 0.462164 0.195415 0.112367 0.201144 -0.973096
4.222364 -162.609680 2365.083090 3778.810296 -0.262559 0.954655 0.140345 0.879824 0.296580 -0.371415 0.396197 -0.025960 0.917799
4.017123 -162.961301 -2411.761548 -9752.049091 0.260166 -0.954238 -0.147458 0.963145 0.267273 -0.030276 0.068302 -0.134147 0.988605
0.973343 -168.731216 4536.409484 -3292.841897 -0.268156 0.955211 0.125160 0.917443 0.292844 -0.269332 0.293921 -0.042604 0.954880
3.446731 -160.366174 2151.630609 13457.231570 -0.237298 0.960519 0.145233 0.733206 0.275164 -0.621847 0.637259 0.041078 0.769554
5.046462 -146.871725 1775.457242 12410.257930 -0.240611 0.960169 0.142061 0.750981 0.276884 -0.599469 0.614926 0.037553 0.787690
4.616071 -154.635106 -1011.943943 12830.389080 -0.225991 0.959906 0.165860 0.765739 0.280298 -0.578858 0.602139 0.003811 0.798382
-23.725415 -33.999222 811.932271 -759.071473 -0.075669 0.959202 0.272407 -0.315871 0.236062 -0.918967 0.945780 0.155583 -0.285122
-21.748630 -29.699461 1756.338527 -3961.812821 -0.076130 0.886555 0.456316 -0.267708 0.422667 -0.865843 0.960488 0.188077 -0.205160
-24.221678 -30.190467 2286.876499 -3495.356621 -0.016718 0.877041 0.480125 -0.227878 0.464212 -0.855908 0.973546 0.123719 -0.192097
-24.775117 -35.362541 600.250730 171.472319 -0.020676 0.962374 0.270942 -0.309003 0.251580 -0.917183 0.950836 0.102685 -0.292175
-24.873056 -38.770661 609.758477 3014.341946 -0.040833 0.979184 0.198823 -0.377182 0.169160 -0.910560 0.925239 0.112174 -0.362423
-23.242461 -36.777736 801.811552 1473.300739 -0.131699 0.986623 0.096073 -0.389642 0.037594 -0.920199 0.911501 0.158624 -0.379478
-7.722916 -29.237974 -1476.482180 2908.639417 -0.074687 0.993649 -0.084169 0.359073 0.105540 0.927323 -0.930316 -0.039036 0.364675
-6.093736 -34.268660 -2006.309007 3720.600906 -0.063082 0.997514 -0.031396 0.305560 0.049252 0.950898 -0.950081 -0.050391 0.307907
-3.614415 -28.637494 -3427.984377 3055.677807 -0.078433 0.996617 -0.024559 0.352331 0.050756 0.934498 -0.932583 -0.064642 0.355120
-2.123794 -115.260443 20.354316 6422.646071 -0.805210 0.128019 0.579007 -0.209304 0.852215 -0.479501 -0.554824 -0.507287 -0.659417
-3.149672 -120.864380 676.713815 8574.380409 0.811494 -0.113116 -0.573308 -0.255986 0.813129 -0.522773 -0.525307 -0.570986 -0.630894
-3.182693 -128.017292 -696.695400 6698.493929 0.805931 -0.152015 -0.572160 -0.311772 0.712604 -0.628485 -0.503263 -0.684899 -0.526916
-1.442129 -108.245543 -1835.046413 5594.330117 -0.810669 0.097318 0.577360 -0.160193 0.911600 -0.378582 -0.563164 -0.399394 -0.723416
-1.936640 -126.683399 -1573.503002 8074.146673 0.796607 -0.162923 -0.582129 -0.251144 0.786754 -0.563867 -0.549859 -0.595378 -0.585816
-0.886471 -102.760301 -398.099665 5635.646670 -0.801463 0.105949 0.588585 -0.107600 0.942576 -0.316186 -0.588285 -0.316743 -0.744039
-1.180137 -112.873153 865.637753 8506.594612 -0.792907 0.133303 0.594583 -0.156757 0.898312 -0.410442 -0.588834 -0.418648 -0.691382
6.070579 -58.301597 242.772805 -5164.705024 0.070105 0.992329 -0.101825 -0.988025 0.055009 -0.144158 0.137451 -0.110712 -0.984302
6.095381 -57.738166 -630.631577 4909.170357 0.104055 0.985480 -0.134173 0.984912 -0.083346 0.151664 0.138279 -0.147930 -0.979283
7.120393 -60.256533 1046.752698 -2045.744178 0.091267 0.990961 -0.098314 -0.975533 0.069141 -0.208697 0.200013 -0.114956 -0.973026
5.744688 -60.526676 173.263250 332.119956 0.078238 0.991782 -0.101233 -0.980765 0.058356 -0.186267 0.178828 -0.113859 -0.977270
1.267837 -55.008501 -832.207724 -818.518975 0.209210 0.949032 0.235732 0.393063 0.139121 -0.908926 0.895395 -0.282814 0.343924
2.549530 -51.609231 259.743240 1054.187046 0.214660 0.958111 0.189589 0.271607 0.127898 -0.953872 0.938164 -0.256251 0.232775
1.700944 -55.851423 -4.381911 148.250943 0.203041 0.950024 0.237124 0.431995 0.130414 -0.892397 0.878723 -0.283629 0.383926
0.052395 -165.029922 412.927608 4450.605472 -0.258654 0.953494 0.154751 0.859494 0.300288 -0.413639 0.440872 -0.026018 0.897193
-0.349175 -160.319359 983.938177 15080.443386 -0.247095 0.959091 0.138163 0.709118 0.276151 -0.648762 0.660375 0.062332 0.748344
8.221924 -118.833298 3390.250950 -2789.005858 0.898627 0.014735 -0.438467 -0.354023 0.614633 -0.704907 -0.259110 -0.788675 -0.557542
12.244607 -110.209533 5718.361536 15774.618065 0.913976 0.028938 -0.404735 -0.251662 0.822863 -0.509473 -0.318299 -0.567503 -0.759359
15.912443 -122.996089 7184.551499 11583.389911 0.910764 0.022648 -0.412305 -0.302111 0.717219 -0.627953 -0.281491 -0.696479 -0.660060
-3.912109 -124.742532 -78.430650 4973.296764 0.908296 -0.007865 -0.418254 -0.094875 0.969897 -0.224272 0.407427 0.243387 0.880208
-5.238255 -127.101397 277.577057 2566.783711 0.900199 -0.007511 -0.435415 -0.136268 0.944782 -0.298024 0.413610 0.327614 0.849468
-3.314357 -128.812207 -831.883295 1727.011140 0.906898 0.016741 -0.421018 0.179902 -0.918939 0.350980 0.381014 0.394045 0.836395
-13.860769 -48.118059 1585.408448 -1384.205868 0.966914 -0.075487 -0.243680 0.134661 0.962322 0.236225 -0.216667 0.261223 -0.940648
-14.619580 -46.972045 329.002942 -1763.080373 0.969184 -0.094954 -0.227302 0.155773 0.951053 0.266895 -0.190834 0.294078 -0.936537
-13.380679 -45.633379 -1949.247669 -1148.941485 -0.959971 0.154288 0.233774 0.194213 0.968050 0.158617 -0.201832 0.197670 -0.959265
-14.341895 -47.822472 -1922.985194 -154.655550 -0.951687 0.149424 0.268260 0.190143 0.972743 0.132725 -0.241116 0.177321 -0.954160
-11.011852 -44.458495 -2865.618646 169.560557 -0.942884 0.228322 0.242566 0.246906 0.967811 0.048776 -0.223622 0.105881 -0.968908
73.281233 -285.985318 -18048.054308 -70490.507345 0.785779 0.014579 -0.618335 0.125429 0.975193 0.182388 0.605655 -0.220874 0.764458
48.404405 -246.813706 -11787.376878 -37285.311032 0.827789 -0.064276 -0.557346 0.212784 0.955163 0.205880 0.519123 -0.289020 0.804350
50.703034 -492.378121 -7180.053249 -193461.625121 0.798727 -0.037902 -0.600499 0.009363 0.998676 -0.050580 0.601621 0.034777 0.798024
56.421971 -402.301445 -19353.041431 -121109.878568 0.761654 0.099963 -0.640227 -0.145307 0.989215 -0.018413 0.631482 0.107054 0.767965
6.003063 -1204.230922 -24790.324494 499073.229698 0.736610 -0.118345 -0.665883 -0.541904 -0.692367 -0.476411 0.404655 -0.711774 0.574136
8.403411 -1246.967137 23765.353420 -517871.631941 0.793616 0.137634 -0.592647 0.011819 0.970406 0.241189 0.608304 -0.198416 0.768503
-33.042040 -1991.444804 -12264.978173 -716165.637845 0.776765 0.052001 -0.627640 0.247872 0.890909 0.380579 0.578960 -0.451195 0.679138
-7.029591 -62.342480 2278.315147 -1284.742586 -0.773913 -0.128086 0.620203 -0.245723 0.963342 -0.107670 -0.583677 -0.235726 -0.777017
-3.869358 -66.799578 1766.476605 2592.315643 -0.777885 -0.090613 0.621840 -0.272292 0.940431 -0.203585 -0.566350 -0.327688 -0.756220
-3.254150 -62.141165 1795.251832 -1320.729184 -0.767048 -0.131789 0.627909 -0.252816 0.961578 -0.107017 -0.589679 -0.240832 -0.770894
-3.133414 -66.321553 2042.241116 -2455.868650 -0.762032 -0.144000 0.631325 -0.197676 0.980152 -0.015038 -0.616629 -0.136257 -0.775373
2.195711 -35.561239 -3449.411378 -2920.522066 0.044312 0.990999 0.126320 -0.983799 0.065274 -0.166969 0.173711 0.116875 -0.977837
-3.472548 -35.051083 -2644.274408 -1446.063377 0.022702 0.990564 0.135158 -0.981513 0.047783 -0.185337 0.190046 0.128452 -0.973336
1.096848 -31.642344 -3435.726556 -5.197470 0.016055 0.992349 0.122415 -0.980062 0.039868 -0.194649 0.198040 0.116849 -0.973204
3.615955 -33.955512 -2317.459570 -1476.577653 0.058563 0.989627 0.131178 -0.978323 0.083040 -0.189706 0.198631 0.117225 -0.973038
0.945447 -31.768301 -3280.513512 750.995963 0.025413 0.992320 0.121060 -0.971122 0.053242 -0.232569 0.237228 0.111654 -0.965016
-4.543751 -74.780396 -71.808951 5142.794044 -0.062285 0.994200 0.087678 0.358011 -0.059747 0.931804 -0.931638 -0.089427 0.352213
-4.844835 -69.511327 -533.452862 2594.132425 -0.058505 0.994096 0.091384 0.431088 -0.057408 0.900482 -0.900411 -0.092077 0.425184
-5.183574 -71.230369 -38.980853 3232.850496 -0.042716 0.995253 0.087446 0.392960 -0.063735 0.917344 -0.918563 -0.073548 0.388372
-2.339460 -77.121931 -1419.566831 10666.734327 -0.407581 0.912931 0.020848 0.303625 0.113952 0.945953 -0.861214 -0.391883 0.323634
-5.630549 -90.002835 -2399.731985 11129.489036 -0.414561 0.909445 0.032388 0.205551 0.058909 0.976872 -0.886503 -0.411631 0.211358
-4.486804 -100.870155 -1582.302759 10723.832851 -0.403789 0.914816 0.008075 0.102212 0.036340 0.994099 -0.909124 -0.402232 0.108179
-0.823784 -92.327276 -709.500022 11368.285785 -0.404829 0.914383 -0.004023 0.198317 0.092095 0.975802 -0.892627 -0.394235 0.218621
2.732978 -194.677273 -1097.358327 19998.909735 -0.167861 0.977364 -0.128773 -0.534572 -0.199999 -0.821117 0.828285 0.068995 -0.556043
2.615991 -209.365811 2325.804834 34939.305769 -0.211685 0.970782 -0.113013 -0.603662 -0.220812 -0.766051 0.768623 0.093940 -0.632767
4.243559 -167.490871 1747.095363 23643.401929 -0.197039 0.969708 -0.144367 -0.786161 -0.244261 -0.567703 0.585769 -0.001636 -0.810476
3.613361 -167.050531 -942.414494 23160.699944 -0.189508 0.969376 -0.156197 -0.771508 -0.245408 -0.586984 0.607340 -0.009269 -0.794388
2.494410 -170.336373 -109.603022 8300.354516 -0.196982 0.971244 -0.133732 -0.491684 -0.215875 -0.843590 0.848201 0.100418 -0.520069
3.463619 -180.250175 1138.351873 -653.963728 -0.206939 0.972002 -0.111305 -0.302563 -0.171772 -0.937523 0.930394 0.160334 -0.329638
5.716962 -172.178073 -2082.274063 31464.661452 -0.180396 0.974263 -0.135162 -0.749296 -0.225142 -0.622790 0.637192 0.011072 -0.770626
8.305038 -156.358706 -4565.196661 24727.081336 -0.165669 0.975777 -0.142878 -0.789993 -0.218033 -0.573038 0.590309 -0.017938 -0.806978
6.598639 -126.276119 -2594.027592 7719.231919 -0.198224 0.968973 -0.147640 -0.863456 -0.243913 -0.441532 0.463844 -0.039958 -0.885015
8.223314 -99.602631 -6686.456440 3959.528040 -0.592273 0.790870 0.154072 0.304372 0.042555 0.951602 -0.746037 -0.610503 0.265923
6.271685 -90.672064 -7662.341063 4887.285544 -0.623401 0.768764 0.142733 0.416124 0.171649 0.892960 -0.661976 -0.616067 0.426908
-4.208141 -105.328463 -7346.943906 4789.350195 -0.610278 0.773233 0.172252 0.335830 0.055591 0.940281 -0.717481 -0.631680 0.293600
-1.488504 -109.737073 -7832.752365 3347.942145 -0.608039 0.767805 0.201904 0.188961 -0.107045 0.976133 -0.771092 -0.631678 0.079997
-1.211013 -32.027486 -1711.144917 1887.878293 -0.074318 0.908378 0.411494 -0.456774 -0.397811 0.795678 -0.886473 0.128826 -0.444487
-4.849054 -30.122857 -1333.898057 1922.936155 -0.103786 0.880116 0.463275 -0.443893 -0.457816 0.770301 -0.890049 0.125698 -0.438192
-4.535319 -32.082899 -1312.245290 2379.375300 -0.071037 0.911720 0.404625 -0.495484 -0.384316 0.778971 -0.865707 0.145149 -0.479044
-50.661826 -91.564362 -1041.978284 17005.197498 0.452772 -0.885890 0.100978 0.889053 0.439963 -0.126560 0.067692 0.147078 0.986806
-42.292403 -70.848892 1404.546044 4669.236832 -0.072286 -0.969667 0.233496 0.996739 -0.078650 -0.018048 0.035865 0.231430 0.972190
-53.039324 -80.944954 -1292.361811 5781.336132 0.223126 -0.955543 0.192747 0.972526 0.231680 0.022745 -0.066389 0.182376 0.980985
65.793322 -84.126435 -6909.759440 -3854.795021 -0.210684 0.972133 0.102811 0.005702 0.106392 -0.994308 0.977538 0.208898 0.027959
72.488988 -95.997072 -8474.009936 -3636.063425 -0.205579 0.976842 0.059310 -0.184015 0.020939 -0.982700 0.961184 0.212937 -0.175449
61.585257 -85.173739 -3317.845634 -9520.435510 -0.111622 0.992319 0.053319 -0.062862 0.046496 -0.996939 0.991761 0.114632 -0.057189
69.583467 -97.145172 -6904.597407 -3137.600745 -0.233409 0.970644 0.058052 -0.377640 -0.035471 -0.925273 0.896051 0.237890 -0.374834
63.556710 -101.760385 -4933.158835 -4365.873942 -0.144250 0.989137 0.028275 -0.343732 -0.023292 -0.938779 0.927923 0.145138 -0.343358
62.480359 -94.355894 -3078.911282 -6097.592433 -0.094183 0.995372 0.019070 -0.241087 -0.004219 -0.970494 0.965923 0.096001 -0.240369
2.154516 -80.655136 -7660.097609 -15610.279905 0.603337 0.789884 -0.109855 0.519586 -0.493847 -0.697241 0.604991 -0.363592 0.708369
2.539491 -26.496690 2061.888194 -140.509314 -0.287725 -0.840319 0.459432 0.820520 0.031114 0.570770 -0.493924 0.541198 0.680547
1.564596 -25.123585 723.455271 406.951171 -0.296468 -0.833696 0.465894 0.828686 0.017937 0.559427 -0.474749 0.551932 0.685554
3.426635 -23.363441 614.847500 -429.050445 -0.228810 -0.827319 0.513020 0.821514 0.118631 0.557711 -0.522265 0.549063 0.652510
2.074871 -22.665774 -904.858857 118.656941 -0.313023 -0.829322 0.462862 0.828250 0.000129 0.560358 -0.464777 0.558771 0.686846
3.791159 -21.347495 -1529.563841 -591.832505 -0.226288 -0.817642 0.529392 0.829116 0.123565 0.545250 -0.511234 0.562311 0.649959
-7.374302 -25.341212 -1392.916531 5750.627193 0.062058 0.962024 0.265818 -0.878547 0.179033 -0.442835 0.473608 0.206052 -0.856293
-8.726497 -34.505089 -598.322972 5635.756639 0.114250 0.948787 0.294533 -0.847791 0.247664 -0.468949 0.517878 0.196125 -0.832669
-7.965091 -35.441833 -865.583062 6430.102679 0.267363 0.894114 0.359273 -0.822521 0.405993 -0.398282 0.501972 0.189024 -0.843975
-0.371819 -23.171036 -3373.823621 6854.832254 0.399953 0.828000 0.393005 -0.798262 0.525385 -0.294530 0.450350 0.195923 -0.871091
-1.190629 -63.129195 161.577479 5998.839754 0.110685 0.986357 -0.121858 0.353804 0.075473 0.932270 -0.928747 0.146302 0.340623
-3.242029 -70.392438 1192.057949 -3114.966077 0.137966 0.987285 -0.078954 0.381193 0.020645 0.924265 -0.914143 0.157613 0.373498
-6.613088 -74.805257 2469.458654 -2306.510237 0.137866 0.986937 -0.083353 0.341101 0.031697 0.939492 -0.929862 0.157956 0.332275
26.706575 -69.379086 774.674889 12964.623652 0.145156 0.943883 -0.296673 -0.149480 -0.275486 -0.949612 0.978052 -0.182189 -0.101104
28.870755 -57.034177 -1024.669960 12889.579753 0.071936 0.933354 -0.351676 -0.272121 -0.320848 -0.907197 0.959570 -0.160959 -0.230905
34.934136 -75.510073 11635.478847 7472.306035 -0.327403 0.933345 -0.147219 -0.430864 -0.286137 -0.855851 0.840930 0.216777 -0.495827
44.157457 -65.063950 13291.367405 -1940.272686 -0.340623 0.914512 -0.218274 -0.488655 -0.370535 -0.789886 0.803239 0.162392 -0.573093
48.935458 -66.368606 11393.596232 8719.266925 -0.295132 0.931491 -0.212655 -0.456518 -0.332997 -0.825048 0.839338 0.146417 -0.523520
36.985103 -78.985994 6026.819169 11303.280412 -0.237901 0.954726 -0.178608 -0.316252 -0.250006 -0.915140 0.918362 0.161227 -0.361411
27.211716 -85.149880 9392.799031 7107.872865 -0.300515 0.945016 -0.128982 -0.260659 -0.211459 -0.941988 0.917468 0.249461 -0.309874
16.114587 -81.382170 7115.255210 4719.529311 -0.320148 0.941222 -0.107729 -0.393938 -0.235678 -0.888408 0.861579 0.241984 -0.446235
-0.782176 -74.442761 -1003.379085 5999.026646 0.045860 0.974215 -0.220912 -0.950161 0.110806 0.291405 -0.308369 -0.196538 -0.930742
-2.398018 -69.638892 317.046541 4788.456946 0.089888 0.972475 -0.214969 -0.949760 0.148670 0.275415 -0.299793 -0.179413 -0.936982
0.385902 -74.744381 -393.381184 -3778.920991 0.087102 0.971555 -0.220212 0.977704 -0.125768 -0.168158 -0.191070 -0.200655 -0.960848
41.391521 -38.823070 4758.324731 1948.349951 0.588150 0.769456 -0.249032 -0.313526 -0.066915 -0.947219 0.745508 -0.635185 -0.201889
32.109779 -45.592161 -1634.680238 -4830.321003 0.630454 0.712953 -0.306962 -0.214622 -0.219930 -0.951614 0.745966 -0.665829 -0.014360
25.734980 -44.923503 3772.943494 -4931.100708 0.547568 0.806841 -0.221760 -0.194241 -0.135218 -0.971590 0.813904 -0.575086 -0.082680
40.567933 -38.813250 -6142.678091 2392.420658 0.664794 0.671856 -0.326586 -0.332606 -0.125249 -0.934712 0.668896 -0.730015 -0.140199
31.135252 -43.313212 7875.070484 435.597234 0.529344 0.827451 -0.187401 -0.300939 -0.023397 -0.953356 0.793240 -0.561050 -0.236627
54.566866 -34.934351 -1805.994904 10291.807450 0.614900 0.732691 -0.291652 -0.429215 0.000688 -0.903202 0.661568 -0.680561 -0.314905
48.660218 -37.825021 9768.312116 8223.665751 0.551407 0.806270 -0.214194 -0.382217 0.015945 -0.923935 0.741526 -0.591333 -0.316962
35.112243 -17.249761 -6621.593360 -1626.550262 0.748107 -0.281980 0.600686 -0.620768 -0.617263 0.483357 -0.234484 0.734489 0.636823
48.684014 -21.752650 -9327.738654 161.307280 0.811919 -0.142596 0.566086 -0.518231 -0.622476 0.586482 -0.268745 0.769539 0.579297
57.285094 -24.049140 -4006.506522 -798.105872 0.742379 -0.381386 0.550835 -0.658492 -0.566952 0.494928 -0.123538 0.730144 0.672033
29.674450 -19.026608 -4281.434174 -923.375407 0.870712 -0.009686 0.491698 -0.372271 -0.666306 0.646104 -0.321363 0.745615 0.583767
20.364228 -16.479198 -4057.742314 -220.784103 0.844374 -0.103529 0.525656 -0.433133 -0.709379 0.556037 -0.315324 0.697182 0.643823
1.963706 -42.473308 -1744.764066 -30.006976 -0.331642 0.939764 -0.082805 -0.598480 -0.141726 0.788502 -0.729271 -0.311057 -0.609432
2.515207 -46.016605 -1117.446727 8864.877905 -0.217143 0.955652 -0.198943 -0.667039 0.003529 0.745014 -0.712677 -0.294477 -0.636691
6.679585 -54.976387 -784.779708 1157.571042 -0.291161 0.951554 -0.098847 -0.594135 -0.098874 0.798265 -0.749819 -0.291152 -0.594139
-1.857996 -25.619616 435.672530 -1216.195952 -0.300134 0.874196 -0.381707 0.822209 0.439963 0.361116 -0.483623 0.205460 0.850820
-6.188561 -29.805686 3000.294818 -906.736705 -0.313297 0.855826 -0.411590 0.831978 0.456328 0.315558 -0.457883 0.243571 0.854995
-4.602336 -32.992113 3772.192832 -796.661062 -0.260333 0.881733 -0.393412 0.879187 0.384897 0.280863 -0.399069 0.272765 0.875411
-4.725283 -109.608082 1940.259789 1837.314100 0.108662 0.993623 -0.030085 0.541925 -0.084581 -0.836160 0.833373 -0.074555 0.547660
123.535964 -41.165104 42672.664466 170.928726 0.392463 0.778241 -0.490218 -0.189318 0.589919 0.784955 -0.900073 0.215258 -0.378856
53.907563 -40.124238 31940.934834 -1539.660864 0.441521 0.785979 -0.432777 -0.162566 0.544429 0.822903 -0.882401 0.292973 -0.368151
-25.467058 -45.535376 674.302992 6.080223 -0.093247 0.961134 -0.259857 0.953131 0.010721 -0.302368 0.287830 0.275873 0.917087
-17.864370 -45.448291 -3206.673295 1477.676569 0.176204 -0.933255 0.313030 0.951127 0.079492 -0.298394 0.253594 0.350309 0.901650
