19176
38332
-35.195328 -57.919132 -1332.605242 7196.735141 0.577476 0.807998 -0.116883 0.619126 -0.526742 -0.582431 0.532170 -0.263975 0.804433
-40.463304 -69.784177 -2011.430482 5044.084796 0.483082 0.874418 -0.044997 0.749774 -0.439667 -0.494501 0.452185 -0.205147 0.868011
-39.847512 -67.597411 842.713892 10267.248476 0.321982 0.937075 0.134971 0.805584 -0.196283 -0.559024 0.497355 -0.288726 0.818092
-36.519039 -59.302551 -1165.840443 6355.691807 0.601290 0.758864 -0.250152 0.582495 -0.630606 -0.512870 0.546946 -0.162671 0.821212
-29.238227 -47.698449 -1636.080636 7684.374345 0.628460 0.767238 -0.127998 0.533349 -0.544827 -0.647072 0.566195 -0.338391 0.751608
-29.084604 -48.525622 -172.558042 -4806.044678 0.710752 0.604794 -0.359243 -0.376147 0.758308 0.532431 0.594428 -0.243299 0.766460
12.745467 -36.773062 -37603.370288 1593.469482 0.537884 0.615825 -0.575708 -0.256003 -0.531342 -0.807551 0.803208 -0.581752 0.128147
13.196416 -38.805223 -36899.011657 675.991859 0.501749 0.583313 -0.638743 -0.319847 -0.560978 -0.763545 0.803707 -0.587408 0.094899
-34.160090 -43.028785 205.791698 -2150.227150 0.413801 0.715237 0.563208 0.334191 0.456123 -0.824784 0.846808 -0.529516 0.050282
-34.523558 -36.074770 -5338.140977 -2525.398225 0.556086 0.760981 -0.334179 -0.173665 -0.286815 -0.942113 0.812778 -0.581931 0.027338
-35.717095 -48.174233 834.225716 2744.937295 0.446306 0.628850 0.636677 0.311681 0.557683 -0.769314 0.838848 -0.541790 -0.052897
-22.817638 -302.866569 -17728.706650 266709.099912 0.843987 0.391128 -0.367022 -0.459153 0.173156 -0.871319 0.277245 -0.903900 -0.325729
-92.264934 -2088.581143 -7119.537237 1032156.195380 0.794345 0.482436 -0.369149 -0.520432 0.227039 -0.823167 0.313314 -0.845996 -0.431423
-26.600545 -671.011189 -44439.650973 404156.451277 0.809514 0.255650 -0.528517 -0.544040 -0.011760 -0.838977 0.220700 -0.966698 -0.129564
12.711910 -17.735849 -4973.958728 -1465.616495 -0.202076 0.902565 -0.380186 0.637199 0.415960 0.648810 -0.743736 0.111145 0.659169
11.397065 -16.834746 -5915.428533 -1985.936873 -0.083743 0.967362 -0.239160 0.629988 0.237349 0.739446 -0.772077 0.088744 0.629302
18.540237 -11.043114 -925.699854 -1121.136033 -0.079059 0.937662 -0.338436 0.640431 0.307944 0.703576 -0.763936 0.161121 0.624854
-0.005681 -25.571231 -9143.271464 -2366.165195 -0.185468 0.938133 -0.292418 0.634743 0.341543 0.693145 -0.750135 0.057054 0.658819
15.862392 -11.633238 898.352454 -374.683792 -0.140106 0.896669 -0.419947 0.650292 0.403164 0.643878 -0.746653 0.182877 0.639582
4.751825 -27.383440 -7641.408127 -2148.029333 -0.334424 0.826372 -0.453067 0.618344 0.555201 0.556240 -0.711204 0.094131 0.696655
13.299503 -18.812928 -2921.507407 -1668.188615 -0.312244 0.803521 -0.506811 0.618418 0.576891 0.533625 -0.721154 0.146800 0.677043
29.797359 -106.126206 -26771.707210 11943.579093 0.757922 -0.436718 0.484594 -0.652344 -0.506202 0.564098 0.001049 0.743665 0.668552
132.053697 -106.942347 -84510.653668 17077.747403 0.833638 -0.370207 0.409871 -0.551075 -0.607144 0.572444 -0.036928 0.703081 0.710150
44.999684 -90.787611 -32344.696857 11650.709779 0.756911 -0.417119 0.503088 -0.640009 -0.628837 0.441535 -0.132188 0.656183 0.742933
15.461798 -37.345419 3324.282674 1310.754966 -0.359437 0.931365 0.057997 0.604073 0.184855 0.775193 -0.711267 -0.313667 0.629057
14.901186 -34.670482 3236.489973 2094.839225 -0.400634 0.916140 0.013423 0.640799 0.269695 0.718777 -0.654880 -0.296568 0.695111
20.390949 -39.809397 391.591105 1237.519787 -0.416413 0.907051 0.062120 0.601172 0.223444 0.767245 -0.682050 -0.356835 0.638339
21.046124 -39.914191 642.197789 -245.321298 -0.381192 0.919777 0.093291 0.548073 0.143565 0.824018 -0.744519 -0.365239 0.558830
15.594986 -37.676456 3850.345324 145.057365 -0.323826 0.941573 0.092614 0.553723 0.109239 0.825505 -0.767156 -0.318602 0.556745
1.799095 -74.650246 1500.436003 6450.397381 0.286494 0.935282 -0.207770 -0.683939 0.351515 0.639269 -0.670931 0.041044 -0.740383
3.336522 -86.429113 997.416546 6581.198249 0.315465 0.919529 -0.234409 -0.778929 0.392011 0.489487 -0.541989 -0.028172 -0.839913
1.932856 -92.238465 1696.356808 6174.864700 0.313825 0.924777 -0.215179 -0.793989 0.379880 0.474629 -0.520668 -0.021899 -0.853479
-3.185556 -88.092789 -1101.914746 -709.765961 0.283196 0.959035 -0.007135 -0.921064 0.269895 -0.280710 0.267285 -0.086067 -0.959766
0.182258 -95.171938 -770.466191 3669.626149 0.310061 0.950661 0.010283 -0.865598 0.286758 -0.410500 0.393195 -0.118379 -0.911803
0.363914 -93.915725 -759.697027 -1505.375721 0.279564 0.960121 -0.003362 -0.923464 0.267929 -0.274642 0.262788 -0.079884 -0.961541
14.649357 -76.301617 3142.085663 -17031.247675 -0.429534 -0.580952 -0.691372 0.898329 -0.196698 -0.392829 0.092223 -0.789813 0.606375
20.649419 -76.426293 8692.880451 -13642.822602 -0.426997 -0.582755 -0.691426 0.892244 -0.147322 -0.426846 0.146885 -0.799182 0.582866
10.461893 -103.067899 3449.243726 -20213.760861 -0.352362 -0.584807 -0.730645 0.916176 -0.056257 -0.396808 0.190952 -0.809219 0.555609
20.782827 -106.420227 -8182.253227 -24412.522155 -0.356841 -0.596503 -0.718922 0.923287 -0.108102 -0.368585 0.142145 -0.795298 0.589319
9.619886 -123.493803 2505.743055 -18183.973168 -0.287539 -0.576542 -0.764801 0.904392 0.099413 -0.414962 0.315274 -0.810997 0.492835
18.510828 -131.286328 -8878.332714 -26303.225480 -0.301575 -0.597625 -0.742897 0.917350 0.030481 -0.396914 0.259850 -0.801196 0.539039
259.200025 -45.546512 256830.296802 -1948.206262 0.845015 0.490437 -0.213121 -0.177584 0.633304 0.753253 -0.504394 0.598664 -0.622245
432.225163 -45.378783 357850.846321 -3679.873247 0.808267 0.553757 -0.200143 -0.233623 0.613608 0.754258 -0.540485 0.562884 -0.625330
127.461681 -51.557506 191076.143433 2917.987425 0.841563 0.486733 -0.234229 -0.209483 0.693783 0.689045 -0.497885 0.530807 -0.685824
474.925374 -45.432273 355387.679035 -3344.154467 0.801636 0.526755 -0.282680 -0.117305 0.602269 0.789627 -0.586190 0.599834 -0.544592
-12.675668 -67.819192 -34046.578828 15727.811397 -0.838991 -0.236878 0.489881 0.081255 0.835643 0.543230 -0.538045 0.495570 -0.681849
334.521815 -44.306719 256224.788385 -1083.971852 0.836481 0.481538 -0.261574 -0.092341 0.594362 0.798879 -0.540160 0.644093 -0.541638
-3.441199 -50.580295 44589.453327 4718.152766 0.834441 0.379869 -0.399258 0.000080 0.724396 0.689384 -0.551097 0.575282 -0.604435
2.650219 -156.221798 -126.108732 2739.414843 0.455639 0.010364 0.890104 0.635535 -0.703935 -0.317130 0.623289 0.710189 -0.327327
1.189634 -150.548108 387.526214 4494.214504 -0.450264 -0.030985 -0.892358 -0.514070 0.826141 0.230702 0.730065 0.562611 -0.387909
0.436408 -155.887284 285.160848 93.548057 0.457421 0.000144 0.889250 0.593547 -0.744687 -0.305194 0.662169 0.667414 -0.340720
2.037475 -173.031037 539.496218 11307.333119 0.468847 -0.021088 0.883028 0.697499 -0.604518 -0.384777 0.541920 0.796313 -0.268717
-3.746212 -183.256352 187.075308 35228.764655 -0.459753 -0.178613 -0.869899 0.407747 0.827747 -0.385458 0.788904 -0.531914 -0.307730
-4.329242 -220.759217 614.784389 34361.324475 -0.478938 -0.198344 -0.855148 0.566556 0.674259 -0.473697 0.670546 -0.711361 -0.210555
-4.966474 -174.990200 -847.277088 24256.834560 -0.466461 -0.177616 -0.866525 0.446364 0.798487 -0.403953 0.763658 -0.575214 -0.293182
-11.335701 -125.185717 3043.186130 9453.783631 0.532942 -0.201664 0.821769 0.192916 0.974565 0.114048 -0.823867 0.097751 0.558291
-8.519227 -110.912576 3561.451154 11540.395994 0.511683 -0.234790 0.826471 0.313865 0.946534 0.074579 -0.799793 0.221240 0.558018
-14.358175 -126.976940 1953.355491 6844.007360 0.507544 -0.225498 0.831595 0.152087 0.973438 0.171138 -0.848097 0.039615 0.528358
5.867144 -43.538163 -5512.078768 453.111080 -0.022852 0.090635 -0.995622 -0.286049 0.953654 0.093380 0.957943 0.286930 0.004133
6.667278 -44.912801 -6627.458546 -685.392901 -0.045360 0.156957 -0.986563 -0.356469 0.920021 0.162760 0.933206 0.359062 0.014218
18.287564 -48.115390 -5867.281213 1358.674740 -0.060391 0.084475 -0.994594 -0.298016 0.949441 0.098735 0.952648 0.302368 -0.032163
15.187984 -45.582700 -4339.565341 188.065592 -0.033643 0.002008 -0.999432 -0.205119 0.978697 0.008871 0.978159 0.205301 -0.032515
2.625708 -31.622908 -128.284603 2569.734909 0.658398 0.350284 0.666193 -0.028966 0.896243 -0.442617 -0.752113 0.272121 0.600231
8.462786 -35.975918 4409.020024 2459.608932 0.652149 0.377836 0.657223 -0.060344 0.890066 -0.451819 -0.755685 0.254994 0.603256
10.214054 -33.642502 535.698086 2165.518698 0.644859 0.251211 0.721838 0.108070 0.904983 -0.411493 -0.756622 0.343365 0.556438
12.162945 -27.941307 -2502.656064 269.861320 0.639022 0.104160 0.762104 0.203738 0.932480 -0.298280 -0.741716 0.345877 0.574654
6.036220 -25.059191 -2886.538088 609.478818 0.653402 0.183678 0.734390 0.094924 0.942581 -0.320204 -0.751036 0.278934 0.598449
3.454354 -154.932465 -237.366407 4853.299512 -0.444257 -0.031415 -0.895348 -0.552288 0.796503 0.246090 0.705417 0.603818 -0.371203
3.543616 -161.571481 94.144480 4001.956191 0.457041 0.018205 0.889259 0.662646 -0.673882 -0.326776 0.593307 0.738615 -0.320055
4.118529 -161.603949 -653.952200 4213.012975 -0.450959 -0.028569 -0.892087 -0.572914 0.775671 0.264773 0.684402 0.630491 -0.366163
3.705659 -160.485628 -1931.743424 2118.817788 -0.427079 -0.036615 -0.903473 -0.432480 0.885751 0.168540 0.794081 0.462714 -0.394121
2.957541 -152.468123 -313.655659 1701.468656 -0.436789 -0.042796 -0.898546 -0.409679 0.898733 0.156342 0.800861 0.436404 -0.410089
-80.696185 -1702.995732 73364.988898 -398995.327266 0.293198 -0.273233 0.916176 0.893804 -0.261794 -0.364114 0.339337 0.925639 0.167459
-143.557545 -2076.091228 136509.497355 -2424217.602146 0.212384 -0.186555 0.959213 0.936748 -0.240593 -0.254202 0.278203 0.952529 0.123657
-227.716625 -2521.652053 442709.765299 1407330.132405 0.597336 -0.231206 0.767941 0.801990 0.173517 -0.571580 -0.001098 0.957306 0.289073
-85.846584 -2083.545828 34684.923183 -2350931.018908 0.190965 -0.199448 0.961121 0.764292 -0.584194 -0.273086 0.615947 0.786726 0.040876
-77.159981 -9308.370760 -925817.292551 14558363.779730 0.519905 -0.291020 0.803123 0.830243 -0.049057 -0.555238 0.200984 0.955458 0.216113
-87.224173 -2056.872998 46507.522511 -333874.686063 0.211624 -0.256048 0.943215 0.691174 -0.643120 -0.329659 0.691009 0.721690 0.040874
15.291160 -1442.697334 59903.224218 -119020.743536 -0.288548 0.003356 -0.957459 -0.653360 0.730298 0.199462 0.699900 0.683121 -0.208533
30.315607 -2387.117261 105173.484850 -2133653.896755 -0.334275 0.020274 -0.942258 -0.170173 0.982038 0.081501 0.926985 0.187590 -0.324820
1185.536931 -3373.149662 931154.887431 -767034.962388 -0.228256 -0.133784 -0.964366 -0.458897 0.888369 -0.014625 0.858669 0.439207 -0.264168
89.881584 -1615.172329 -44327.650587 -122506.743011 0.288736 -0.031246 0.956899 0.882194 -0.379631 -0.278591 0.371973 0.924610 -0.082048
1.662694 -1711.195296 60779.574252 905488.360113 0.259891 -0.117568 0.958454 0.793814 -0.539150 -0.281382 0.549832 0.833963 -0.046793
311.453544 -1681.005101 133407.858258 -1235206.322821 -0.107865 -0.070841 -0.991638 -0.388898 0.920981 -0.023491 0.914944 0.383112 -0.126892
507.598583 -960.523415 296557.335874 62406.583731 -0.156665 -0.142032 -0.977386 -0.021800 0.989862 -0.140351 0.987411 -0.000681 -0.158173
-1006.067657 -11419.484973 346221.690801 20652358.087481 -0.313316 0.174362 -0.933505 -0.029335 0.980754 0.193032 0.949196 0.087864 -0.302171
-513.955309 -7872.750867 30281.722599 3781104.474588 -0.249867 -0.749270 -0.613320 0.812419 0.182399 -0.553810 0.526822 -0.636651 0.563146
-361.860548 -22623.599871 61395.523963 14446443.433941 -0.453198 -0.045987 -0.890223 0.877373 0.153516 -0.454587 0.157569 -0.987075 -0.029225
-13.679835 -39.746902 1039.740103 -801.324950 -0.118532 0.808246 0.576792 -0.100833 0.568086 -0.816769 0.987817 0.154973 -0.014161
-16.829919 -38.183937 2278.716270 462.070076 -0.104753 0.860093 0.499266 -0.075489 0.493703 -0.866348 0.991629 0.128442 -0.013211
-17.034633 -39.339456 1481.873917 -434.399037 -0.091531 0.813603 0.574172 -0.164869 0.556253 -0.814494 0.982059 0.169214 -0.083223
-15.239810 -41.640374 1125.192505 -1385.440629 -0.096280 0.772138 0.628118 -0.199337 0.603308 -0.772194 0.975190 0.199554 -0.095829
-6.830998 -31.561257 1091.706479 1671.467278 -0.052574 0.972158 -0.228352 0.764356 -0.107982 -0.635689 0.642648 0.207963 0.737398
-10.802267 -29.273755 1738.061756 903.873180 0.058308 0.949877 -0.307137 0.738449 -0.248073 -0.627019 0.671784 0.190244 0.715901
-8.422527 -28.083394 1031.723604 587.994470 -0.078247 0.973306 -0.215761 0.703266 -0.099508 -0.703928 0.706607 0.206817 0.676707
-6.110250 -29.943255 -591.621329 769.599770 -0.160730 0.979921 -0.117986 0.707517 0.031042 -0.706014 0.688176 0.196955 0.698300
-8.419403 -27.709559 165.308224 100.459108 -0.126509 0.979176 -0.158777 0.654592 -0.037858 -0.755034 0.745322 0.199453 0.636171
-11.341602 -27.625931 1975.691878 -447.443101 -0.014027 0.956593 -0.291091 0.656086 -0.210882 -0.724624 0.754556 0.201145 0.624649
-15.165478 -41.436325 -3001.664174 -601.193179 -0.540035 0.756116 0.369664 0.365054 -0.185320 0.912355 -0.758352 -0.627651 0.175944
-8.310492 -41.880546 -641.151446 -2207.157982 -0.593908 0.773947 0.219725 0.277214 -0.059524 0.958963 -0.755266 -0.630446 0.179197
-8.933334 -43.137169 -1998.962050 -1655.973294 -0.534838 0.767144 0.354174 0.421458 -0.121090 0.898727 -0.732340 -0.629943 0.258555
-190.608665 -2683.863666 -19121.132551 -2482424.683960 -0.075146 -0.291512 0.953611 0.989600 -0.139432 0.035358 0.122657 0.946351 0.298958
-132.614246 -1850.375460 9262.267231 -220999.391692 -0.137752 -0.223100 0.965013 0.981690 -0.160173 0.103103 0.131567 0.961546 0.241079
-245.543906 -1846.855050 -98251.279570 272139.156335 0.090354 -0.273159 0.957716 0.935063 0.354249 0.012821 -0.342772 0.894367 0.287429
-534.395364 -1692.097276 -224826.532532 -2992001.628541 0.271928 -0.329275 0.904231 0.906420 0.403224 -0.125752 -0.323200 0.853808 0.408109
-710.976304 -2105.299640 -23576.342521 -532626.100723 0.472070 -0.096362 0.876279 0.549190 0.809701 -0.206820 -0.689594 0.578877 0.435157
-208.164385 -2193.514263 -106547.138886 -230270.829323 0.065719 -0.187582 0.980048 0.598504 0.793294 0.111703 -0.798419 0.579222 0.164404
6.331941 -153.910630 2430.664091 29223.767852 -0.066193 0.169939 -0.983229 -0.460862 0.868780 0.181184 0.885000 0.465126 0.020812
16.554424 -90.543203 2614.020053 8492.968126 -0.112510 0.351081 -0.929561 -0.562083 0.748953 0.350901 0.819392 0.561971 0.113072
-3.343306 -207.203608 2432.778675 49330.119931 -0.052965 0.094990 -0.994068 -0.529101 0.841580 0.108609 0.846904 0.531715 0.005685
29.486110 -78.678270 4616.063282 -978.114157 -0.092239 0.430456 -0.897886 -0.436264 0.793105 0.425039 0.895078 0.430921 0.114638
-8.310275 -811.687979 1760.650305 266401.262470 -0.016700 -0.027584 -0.999480 -0.376129 0.926367 -0.019282 0.926417 0.375611 -0.025845
-2.742013 -482.094532 1458.212234 152666.239006 -0.044924 0.015441 -0.998871 -0.345019 0.938116 0.030019 0.937520 0.345978 -0.036817
14.314627 -120.222769 4487.278843 15213.446924 -0.089536 0.247022 -0.964865 -0.342814 0.901919 0.262719 0.935127 0.354292 0.003928
10.214365 -17.836761 -2866.577127 2061.002638 -0.502873 0.848255 0.166076 0.765417 0.347750 0.541485 -0.401565 -0.399416 0.824143
9.009972 -24.448714 -2150.311938 4224.166430 -0.467443 0.864179 0.186259 0.769828 0.294345 0.566327 -0.434583 -0.408113 0.802858
17.189904 -17.832489 -3079.898407 3116.748021 -0.494264 0.857979 0.139914 0.763551 0.351532 0.541678 -0.415564 -0.374564 0.828860
22.280618 -57.775197 7643.961530 8889.849190 -0.027232 0.782257 0.622361 -0.318865 -0.596865 0.736259 -0.947409 0.178399 -0.265688
28.818623 -50.352422 6981.905789 17356.691026 -0.014038 0.888050 0.459533 -0.390398 -0.427970 0.815127 -0.920539 0.167958 -0.352701
22.070156 -75.033071 6275.628560 15828.532231 0.032688 0.879222 0.475289 -0.454466 -0.410463 0.790557 -0.890164 0.241845 -0.386159
14.409402 -86.816376 4900.809446 14250.486656 0.047087 0.860997 0.506425 -0.432757 -0.439354 0.787204 -0.900280 0.256226 -0.351914
21.426126 -68.467842 9154.032693 9324.592185 -0.001469 0.763087 0.646294 -0.267212 -0.623093 0.735087 -0.963637 0.171618 -0.204821
15.079793 -82.781866 6119.946478 15952.803420 -0.004585 0.648161 0.761490 -0.156842 0.751607 -0.640693 -0.987613 -0.122371 0.098213
20.903030 -135.862347 8573.511333 -29894.067183 -0.021573 0.689390 0.724069 0.315264 -0.682596 0.659296 -0.948759 -0.242496 0.202614
32.075112 -132.210363 8876.389382 33036.232406 -0.045767 0.654918 0.754313 -0.256181 0.722157 -0.642543 -0.965545 -0.222648 0.134726
35.185887 -146.159982 11761.970374 -19553.098109 -0.031472 0.698712 0.714710 0.539899 -0.589884 0.600454 -0.841141 -0.404769 0.358670
30.623514 -71.301842 7453.392328 23218.563310 -0.048990 0.617434 0.785096 -0.129945 0.775419 -0.617932 -0.990310 -0.132292 0.042245
44.248750 -100.931076 10144.136427 31813.321852 -0.080360 0.614122 0.785109 -0.174253 0.766871 -0.617693 -0.981416 -0.186446 0.045387
48.875878 -149.587364 9697.853568 37524.833192 -0.092967 0.624634 0.775364 -0.363752 0.703600 -0.610435 -0.926845 -0.338791 0.161800
7.246671 -19.154034 1027.431945 817.155518 -0.355825 0.831322 0.426958 -0.288235 -0.532207 0.796038 -0.888993 -0.160186 -0.428989
10.559133 -19.065176 2287.761702 1102.193733 -0.341814 0.869312 0.357016 -0.312129 -0.463349 0.829387 -0.886419 -0.172061 -0.429717
10.357680 -22.523514 1242.156794 1600.194239 -0.358499 0.830679 0.425971 -0.333259 -0.540115 0.772796 -0.872019 -0.135088 -0.470462
6.208541 -22.442430 787.498578 1675.681090 -0.369861 0.789854 0.489217 -0.300888 -0.600010 0.741252 -0.879016 -0.126961 -0.459578
4.132822 -18.919568 6.106467 1248.160370 -0.374615 0.792627 0.481047 -0.255868 -0.587058 0.768046 -0.891176 -0.164637 -0.422728
16.406356 -50.369717 54.766232 1475.441654 -0.222833 0.960967 0.163978 -0.944987 -0.171608 -0.278480 0.239470 0.217011 -0.946340
16.123131 -47.791706 -254.647499 417.017292 -0.227325 0.962955 0.145055 0.964229 0.201723 0.171957 0.136326 0.178956 -0.974366
15.037189 -49.502338 -3608.048163 1263.561844 -0.210226 0.972319 0.101987 -0.954038 -0.181239 -0.238672 0.213581 0.147474 -0.965730
106.612975 -40.084383 22062.212255 1360.322642 -0.393027 0.912871 -0.110437 0.326249 0.026148 -0.944922 0.859704 0.407410 0.308100
36.010025 -41.782749 9332.070816 197.459796 -0.460175 0.869841 -0.177806 0.287437 -0.043520 -0.956810 0.840011 0.491409 0.229998
61.829784 -42.649016 13589.539417 -1108.500243 -0.373235 0.918021 -0.133912 0.223342 -0.051186 -0.973395 0.900452 0.393213 0.185928
106.359937 -37.963618 17581.522452 -273.875122 -0.235775 0.971679 0.015795 0.298732 0.087934 -0.950277 0.924754 0.219333 0.311004
159.339172 -33.353410 26081.059004 3162.678411 -0.205957 0.971805 0.114790 0.353157 0.183215 -0.917449 0.912612 0.148416 0.380935
1.134891 -66.231902 245.463746 45.849782 -0.442988 0.896525 0.002181 0.487536 0.242939 -0.838623 0.752377 0.370437 0.544707
0.788566 -69.212120 -398.847057 1108.732983 -0.418244 0.908021 -0.023868 0.467080 0.192457 -0.863016 0.779043 0.372099 0.504612
-0.451381 -65.472302 132.352820 2522.820886 -0.428610 0.903225 -0.021858 0.341735 0.139673 -0.929359 0.836368 0.405802 0.368529
-0.052040 -63.325206 428.464995 1390.054944 -0.449836 0.893097 0.004956 0.356990 0.184890 -0.915628 0.818661 0.410113 0.401997
1.337846 -63.605808 405.625669 -425.208269 -0.462805 0.885956 0.029885 0.498797 0.288134 -0.817423 0.732812 0.363401 0.575262
-10.801867 -115.492617 -70.492963 475.145361 -0.446482 0.893867 0.040684 0.879629 0.446797 -0.163172 0.164032 0.037067 0.985758
-9.526986 -115.089929 -36.434216 -6443.769953 0.461676 -0.886165 -0.039572 0.885386 0.457622 0.081692 -0.054284 -0.072752 0.995872
-10.219805 -119.795107 -588.195056 247.067379 -0.423492 0.902198 0.081815 0.887070 0.431313 -0.164547 0.183742 -0.002892 0.982970
-10.691300 -117.004341 -567.693760 7985.267059 -0.409471 0.909120 0.076388 0.827547 0.405364 -0.388388 0.384056 0.095819 0.918324
-11.348089 -112.475208 17.186731 7095.258572 -0.434310 0.900218 0.031362 0.826702 0.412184 -0.382973 0.357686 0.140402 0.923227
6.900721 -79.198020 771.440891 -2207.468400 -0.557762 0.829497 0.028925 0.441180 0.266775 0.856850 -0.703038 -0.490679 0.514754
5.446698 -80.705046 980.025560 2058.762770 -0.537223 0.842092 0.047679 0.326293 0.155370 0.932413 -0.777769 -0.516470 0.358237
3.407317 -75.924264 461.312667 -1981.044769 -0.550654 0.834662 0.010919 0.430505 0.272763 0.860387 -0.715154 -0.478477 0.509524
4.907432 -77.845277 792.390880 -2577.301949 -0.558996 0.829089 -0.011601 0.544601 0.377664 0.748852 -0.625247 -0.412288 0.662635
8.468803 -80.960316 947.390631 -1376.026845 -0.568486 0.822662 0.007133 0.564415 0.383691 0.730902 -0.598548 -0.419533 0.682445
13.122763 -47.338844 -1582.949662 240.102768 -0.266166 0.955035 0.130625 -0.953353 -0.280835 0.110678 -0.142385 0.095073 -0.985235
11.958381 -45.366460 -2104.762496 -445.424212 -0.239914 0.964007 0.114591 0.969432 0.244154 -0.024309 -0.051412 0.105256 -0.993115
14.025151 -49.185046 1311.751494 169.802880 -0.261637 0.951413 0.162354 0.958210 0.276210 -0.074446 -0.115673 0.136091 -0.983920
7.873017 -45.549378 -4699.013227 -451.948711 -0.266190 0.960415 0.082135 -0.955954 -0.273963 0.105344 -0.123676 0.050476 -0.991038
13.790933 -50.283994 2325.465425 -531.711994 -0.287659 0.940018 0.183353 -0.931675 -0.319011 0.173822 -0.221887 0.120824 -0.967558
12.216711 -47.435196 -1935.168595 -284.320393 -0.304578 0.943199 0.132693 -0.924725 -0.326207 0.196143 -0.228287 0.062963 -0.971556
1.829611 -171.511331 1853.070661 62187.531249 0.682094 -0.730787 0.026426 0.665122 0.604975 -0.437742 -0.303909 -0.316158 -0.898712
3.869311 -119.803993 -1990.426296 34002.786177 -0.629018 0.775533 -0.053721 0.748981 0.586070 -0.309110 -0.208241 -0.234672 -0.949508
5.064001 -193.670503 -1237.490409 -79916.187291 -0.660501 0.750588 -0.018854 -0.689118 -0.596058 0.412106 -0.298084 -0.285189 -0.910941
123.017347 -66.263431 89315.556966 -1716.662998 -0.179473 0.983338 0.028898 0.955684 0.167307 0.242230 -0.233360 -0.071091 0.969788
44.080388 -57.605622 37622.455069 2515.396857 -0.242182 0.970123 0.014471 0.950280 0.234166 0.205268 -0.195747 -0.063463 0.978599
125.907024 -60.574321 89394.573361 3305.805438 -0.267601 0.962081 0.052811 0.954889 0.257479 0.147960 -0.128752 -0.090023 0.987582
33.103393 -60.466848 32144.593357 -68.575737 -0.182429 0.983007 0.020426 0.934981 0.167014 0.312918 -0.304189 -0.076183 0.949561
112.437798 -63.782480 79261.403158 -2723.810135 -0.103719 0.994111 0.031388 0.937363 0.087149 0.337276 -0.332555 -0.064404 0.940882
-12.644827 -185.778760 1875.853782 -1770.629066 -0.646159 0.748078 -0.151188 0.230406 0.002351 -0.973092 0.727593 0.663607 0.173881
-8.621194 -174.321458 2285.193185 -4534.450715 -0.666145 0.729063 -0.157222 0.270856 0.040073 -0.961785 0.694901 0.683273 0.224166
-12.638770 -178.824868 2134.026578 -14855.933640 -0.653928 0.745204 -0.130573 0.406153 0.200180 -0.891609 0.638293 0.636081 0.433570
-16.284188 -192.467723 1368.591483 -15788.793894 -0.627906 0.769575 -0.116141 0.375783 0.169099 -0.911149 0.681558 0.615759 0.395371
-15.537372 -198.702071 895.171474 3076.707277 -0.616935 0.774543 -0.139547 0.174661 -0.038144 -0.983890 0.767388 0.631370 0.111750
-5.958963 -125.092563 -86.317459 -655.930872 0.686233 -0.713511 0.141374 -0.484590 -0.303512 0.820398 0.542454 0.631492 0.554041
-2.245084 -129.287019 -761.428926 3063.401149 0.681783 -0.716640 0.146966 -0.369368 -0.163812 0.914731 0.631458 0.677933 0.376388
-6.881130 -122.855864 -820.709945 4077.192233 0.664089 -0.719076 0.204731 -0.540319 -0.272319 0.796177 0.516760 0.639352 0.569375
-1.812726 -126.512491 593.189802 516.028936 0.689185 -0.717414 0.101694 -0.328514 -0.184277 0.926348 0.645834 0.671833 0.362682
-10.932793 -118.007797 -140.866410 721.591977 0.682353 -0.707083 0.185547 -0.611324 -0.412759 0.675214 0.400846 0.574164 0.713904
-4.008883 -125.859348 1220.367829 -2147.738444 0.691498 -0.716167 0.094532 -0.449822 -0.324495 0.832083 0.565235 0.617906 0.546535
-8.585564 -124.900026 711.954760 -2201.308455 0.696387 -0.706711 0.124918 -0.573305 -0.443110 0.689184 0.431702 0.551555 0.713737
22.482487 -63.967606 4127.905764 17473.978729 0.357873 -0.918001 0.170884 0.923473 0.320847 -0.210367 0.138290 0.233091 0.962572
33.990541 -59.770116 5443.574898 19442.226430 0.435574 -0.876627 0.204451 0.883769 0.373332 -0.282091 0.170961 0.303558 0.937350
41.942575 -43.443462 7092.351168 1141.880140 0.362844 -0.912665 0.188115 0.914878 0.310549 -0.257986 0.177036 0.265711 0.947658
27.836537 -48.759100 -7651.752468 3396.008928 -0.320154 0.938918 -0.126229 0.926605 0.282605 -0.248067 0.197241 0.196384 0.960484
10.904639 -59.028063 5056.687941 5580.944969 0.305922 -0.945343 0.112860 0.943279 0.284904 -0.170456 0.128985 0.158604 0.978881
12.857690 -72.916586 3045.968972 14764.814297 0.307270 -0.939993 0.148318 0.950734 0.296501 -0.090505 0.041098 0.168820 0.984790
39.454852 -25.901015 -4786.345618 -2377.722798 0.463459 -0.329422 0.822610 0.456753 0.884312 0.096796 -0.759330 0.330869 0.560307
63.149921 -27.683875 -6629.894703 -668.888812 0.492418 -0.279734 0.824180 0.497400 0.867517 -0.002736 -0.714225 0.411295 0.566321
41.490068 -29.239562 2209.250559 -1685.744924 0.477252 -0.455433 0.751539 0.516775 0.837167 0.179153 -0.710756 0.302875 0.634896
27.861865 -24.219825 -3930.252806 -1266.624662 0.401452 -0.519187 0.754507 0.501185 0.814049 0.293493 -0.766583 0.260325 0.587010
23.647495 -18.895182 -5167.309090 -2268.607048 0.426859 -0.393828 0.814058 0.441944 0.876219 0.192162 -0.788972 0.277742 0.548072
27.785268 -63.694091 -6687.405817 3051.129400 0.870991 -0.459489 0.173912 0.062804 0.455211 0.888166 0.487269 0.762662 -0.425342
28.753624 -65.687129 -9196.054859 767.214274 0.865768 -0.479419 0.143539 0.145385 0.515399 0.844527 0.478862 0.710296 -0.515917
40.061469 -68.101391 -5315.369897 -931.870484 0.840990 -0.524542 0.132636 0.156667 0.470729 0.868257 0.517873 0.709415 -0.478057
45.404285 -65.707020 -1100.945036 5576.864662 0.849895 -0.484583 0.207020 -0.022219 0.359558 0.932858 0.526483 0.797432 -0.294819
30.738854 -60.942362 -11968.927634 3057.346426 0.893040 -0.388622 0.226831 -0.058580 0.399396 0.914905 0.446147 0.830335 -0.333911
4.961439 -183.956492 -814.928480 -17797.027471 -0.514255 0.848223 -0.126727 0.804657 0.528321 0.270934 -0.296765 -0.037358 0.954220
5.846970 -180.600898 -954.145847 -12384.855758 -0.515608 0.844881 -0.142565 0.822422 0.534681 0.194262 -0.240355 0.017086 0.970535
4.458472 -206.292674 -993.183036 -14366.922059 -0.536970 0.833875 -0.127732 0.833107 0.547985 0.075138 -0.132651 0.066068 0.988958
4.505068 -211.825851 -60.310247 -20450.634209 -0.538826 0.833328 -0.123417 0.818558 0.552536 0.157057 -0.199073 0.016398 0.979848
3.915858 -222.464367 1097.874280 -17297.656052 0.561030 -0.818445 0.124065 0.826682 0.546179 -0.135221 0.042909 0.178426 0.983017
2.496126 -234.460678 560.102816 -18115.194493 0.560261 -0.819517 0.120415 0.828046 0.557840 -0.056162 -0.021147 0.131175 0.991134
-36.290100 -791.086169 4109.314971 15726.816295 0.671118 -0.730768 0.124811 0.741350 0.661567 -0.112822 -0.000125 0.168245 0.985745
-38.595250 -781.636189 25748.404129 106273.178650 0.660313 -0.745863 0.087614 0.741867 0.629706 -0.230443 0.116707 0.217162 0.969134
-43.469559 -771.408226 6890.288404 121659.602747 0.683926 -0.720750 0.112979 0.689240 0.587578 -0.423911 0.239150 0.367793 0.898630
-13.745237 -374.713743 -6100.568754 114641.859866 -0.599863 0.630240 -0.492912 0.603578 0.760860 0.238299 0.525222 -0.154564 -0.836810
-10.678603 -855.787418 -15989.837921 459544.962749 -0.528011 0.690090 -0.494955 0.773621 0.631269 0.054857 0.350306 -0.353942 -0.867185
-20.597344 -594.170939 -11181.619906 -248720.731386 -0.520065 0.694764 -0.496826 -0.758717 -0.642924 -0.104863 0.392276 -0.322415 -0.861492
-47.641589 -90.178120 -14532.422239 35895.308321 -0.028866 -0.595187 0.803069 0.814106 -0.480166 -0.326608 0.579999 0.644355 0.498406
-46.022345 -84.704441 16430.887187 23181.125961 0.782994 -0.473067 -0.403890 -0.006510 0.643043 -0.765802 0.621995 0.602248 0.500419
-40.190398 -73.430198 -9822.436762 -3768.271144 -0.544630 0.790708 -0.279570 0.489121 0.028678 -0.871744 0.681277 0.611522 0.402371
-26.881270 -87.719711 3323.512198 9469.180400 -0.412689 0.748778 -0.518671 0.611359 -0.194412 -0.767101 0.675224 0.633668 0.377541
3.583002 -232.559206 1068.440466 -12055.238837 0.582020 -0.804551 0.118109 0.779022 0.510013 -0.364708 0.233189 0.304276 0.923601
5.871648 -219.752606 1201.415980 -9840.460410 0.588330 -0.798761 0.125896 0.758964 0.491748 -0.426798 0.279000 0.346649 0.895541
3.282538 -235.338129 1070.971662 -1175.530785 0.598544 -0.793667 0.108802 0.684641 0.436277 -0.583891 0.415947 0.423974 0.804508
5.932502 -210.895104 1168.273639 -15004.231664 0.567700 -0.811925 0.135991 0.817754 0.537143 -0.206774 0.094839 0.228593 0.968892
0.156836 -250.796111 1266.838919 2391.566281 0.592554 -0.798239 0.108141 0.713867 0.458177 -0.529593 0.373194 0.391010 0.841331
1.498493 -246.994802 777.174693 -8865.958421 0.579292 -0.806998 0.114783 0.794758 0.527915 -0.299441 0.181052 0.264689 0.947185
-6.736495 -46.648669 -3210.972369 -1023.266539 -0.778080 0.625251 -0.060445 0.533967 0.709014 0.460628 0.330864 0.326130 -0.885533
-9.921219 -49.659867 -840.278247 -1328.972624 0.777710 -0.627888 0.030398 0.550356 0.703451 0.449738 0.303769 0.333036 -0.892643
-9.229967 -50.625139 1672.279486 -526.802920 0.822589 -0.560901 0.093476 0.430902 0.722125 0.541164 0.371041 0.404876 -0.835706
-3.750357 -46.693141 3432.772037 -629.411414 0.814223 -0.572050 0.098993 0.439036 0.718296 0.539720 0.379853 0.395992 -0.836004
0.974095 -41.942623 -7443.823914 -1250.722699 -0.747699 0.660344 -0.069946 0.569644 0.691976 0.443482 0.341251 0.291747 -0.893550
-6.450058 -29.189044 -1113.539884 1445.987792 0.712646 -0.668295 -0.213349 0.416107 0.157835 0.895513 0.564793 0.726959 -0.390563
-9.144316 -32.582732 -1038.853860 602.086197 0.737381 -0.666028 -0.112586 0.370048 0.258871 0.892217 0.565096 0.699566 -0.437349
-8.031105 -33.413050 -987.566221 -305.555730 0.738310 -0.656465 -0.154764 0.426331 0.276431 0.861294 0.522628 0.701883 -0.483963
-100.575798 -5790.218415 85626.208549 -2634010.691885 0.878516 0.272011 0.392708 0.133870 0.648941 -0.748969 0.458572 -0.710554 -0.533691
-234.638144 -2167.123514 128655.219575 -880526.474629 0.948710 0.314238 -0.034696 -0.050697 0.042890 -0.997793 0.312057 -0.948375 -0.056622
-200.409459 -1450.092342 129388.731426 -257037.177876 0.889867 0.362637 0.276823 0.053349 0.519899 -0.852560 0.453090 -0.773434 -0.443294
426.216262 -4306.225315 -63712.021700 -1427678.887847 0.975280 0.219226 -0.027726 -0.049594 0.094889 -0.994252 0.215335 -0.971049 -0.103416
-134.017886 -1882.064888 -121138.121305 -40600.140177 -0.866784 -0.402412 -0.294533 -0.204286 0.825320 -0.526416 0.454920 -0.396120 -0.797581
18.678103 -317.289708 19787.474712 -61962.146475 0.965057 0.254939 0.060597 -0.096810 0.561760 -0.821616 0.243503 -0.787040 -0.566811
-170.589008 -5100.222880 40090.779666 -974741.863073 -0.920083 -0.262190 -0.291039 -0.140532 0.914445 -0.379527 0.365648 -0.308296 -0.878211
112.429440 -3519.030228 -246718.600383 -2423248.747542 -0.842018 -0.412314 -0.347856 -0.274603 0.882642 -0.381492 0.464327 -0.225701 -0.856423
61.071993 -69.290963 7561.044455 12082.502316 0.340997 0.640250 0.688332 0.882919 -0.469525 -0.000667 0.322761 0.607969 -0.725396
48.260471 -56.835928 469.497726 6109.269538 0.292627 0.781850 0.550527 0.902780 -0.415675 0.110470 0.315211 0.464678 -0.827476
42.542449 -59.759477 6256.424562 6500.490054 0.383800 0.585328 0.714205 0.829171 -0.558857 0.012433 0.406416 0.587427 -0.699826
57.000376 -73.966926 -1306.454218 9064.139659 0.306144 0.815462 0.491221 0.931691 -0.362624 0.021323 0.195517 0.451139 -0.870774
75.725310 -93.585989 8540.590866 11466.128695 0.361608 0.681482 0.636256 0.926237 -0.340481 -0.161732 0.106416 0.647807 -0.754335
21.531659 -61.560615 -454.518716 12763.968711 0.889555 0.044612 0.454644 0.455028 0.001711 -0.890475 0.040504 -0.999003 0.018777
25.754152 -87.529686 1676.355394 18508.340211 0.913456 0.076655 0.399651 0.405533 -0.089969 -0.909642 0.033772 -0.992990 0.113269
17.554158 -50.842826 2851.206688 16756.831750 0.916749 0.135024 0.375952 0.372723 0.049426 -0.926625 0.143698 -0.989609 0.005015
-51.380259 -81.510392 438.843175 4339.606650 0.228022 0.967680 0.107714 0.919738 -0.177769 -0.349971 0.319511 -0.178870 0.930547
-43.981445 -78.695637 -2692.041655 3108.839385 0.435570 0.898368 -0.056698 0.819470 -0.421805 -0.388006 0.372488 -0.122541 0.919911
-41.509256 -72.403250 -1684.634083 6327.637436 0.534158 0.818001 -0.213421 0.698741 -0.569303 -0.433192 0.475853 -0.082267 0.875669
126.136311 -47.383084 -101231.712501 6041.139169 0.564921 0.571665 -0.595032 -0.280933 -0.544791 -0.790113 0.775849 -0.613516 0.147165
36.031038 -40.303647 -57728.219116 -61.892394 0.482697 0.509895 -0.712047 0.391860 0.601366 0.696279 0.783230 -0.615114 0.090470
53.105630 -104.486756 -22756.653205 16546.845274 0.404420 0.913528 -0.043712 0.161846 -0.118526 -0.979672 0.900139 -0.389124 0.195786
54.140620 -104.743044 -48112.419305 -22273.022509 0.534601 0.845104 -0.000575 0.279439 -0.177411 -0.943631 0.797568 -0.504306 0.330999
-60.128409 -187.974323 76546.400008 -12487.988651 -0.008308 0.993410 0.114315 0.450800 0.105764 -0.886337 0.892586 -0.044170 0.448708
46.885399 -73.720979 -58828.409671 -7235.850045 0.591940 0.763883 -0.257079 0.046420 -0.350746 -0.935319 0.804644 -0.541720 0.243080
-79.469709 -749.921773 74855.110675 629014.207183 0.001774 0.851323 0.524639 -0.232752 0.510583 -0.827727 0.972535 0.120643 -0.199052
75.826698 -103.216088 -36129.145704 26478.924573 0.488069 0.807348 -0.331629 -0.136159 -0.304876 -0.942609 0.862119 -0.505212 0.038873
41.049836 -81.580105 -11983.311859 -1145.110085 -0.254628 0.872260 0.417524 0.699270 -0.132153 0.702536 -0.667972 -0.470848 0.576295
63.030050 -76.773979 -14408.440737 8877.301947 -0.294206 0.904337 0.309221 0.797610 0.054071 0.600745 -0.526556 -0.423381 0.737216
35.974366 -81.742731 -10673.891449 6156.511093 -0.300934 0.861331 0.409327 0.803634 -0.002041 0.595120 -0.513430 -0.508040 0.691581
77.304629 -74.165992 -14845.384893 -3539.183238 -0.257492 0.928390 0.267936 0.724024 0.001739 0.689773 -0.639912 -0.371603 0.672624
19.352047 -95.655336 -7143.701047 3953.051164 -0.232606 0.815266 0.530317 0.740944 -0.204663 0.639621 -0.629998 -0.541715 0.556460
9.656162 -93.981957 -6306.928012 -1179.799038 -0.195166 0.816270 0.543704 0.565947 -0.359026 0.742162 -0.801008 -0.452552 0.391896
35.266401 -78.730664 -13984.029005 -5606.567046 -0.250256 0.852125 0.459625 0.604619 -0.233231 0.761603 -0.756180 -0.468494 0.456843
72.961046 -77.725583 -20673.101892 -12011.222457 -0.270398 0.901100 0.338974 0.581032 -0.128001 0.803752 -0.767650 -0.414287 0.488957
16.914041 -11.459637 -1145.771290 -782.890408 -0.002754 0.968994 -0.247069 0.630342 0.193487 0.751819 -0.776312 0.153668 0.611331
9.537219 -14.039637 -4661.522822 -1964.880187 0.027063 0.993009 -0.114898 0.610550 0.074590 0.788458 -0.791516 0.091489 0.604262
-1.893628 -21.564257 -9088.887015 -3958.893128 -0.033634 0.992631 -0.116417 0.606457 0.112857 0.787066 -0.794405 0.044130 0.605783
74.878857 -83.068839 -64560.851094 10680.634060 0.799407 -0.360540 0.480582 -0.575850 -0.687898 0.441806 -0.171302 0.629926 0.757528
150.712364 -80.816024 -100219.382120 10481.914676 0.815742 -0.406660 0.411330 -0.571598 -0.675617 0.465636 -0.088546 0.614954 0.783576
200.384068 -98.740227 -102618.824048 19513.774844 0.845244 -0.435141 0.310183 -0.533095 -0.646390 0.545885 0.037038 0.626763 0.778329
188.966788 -113.560182 -104920.797116 7956.315220 0.870849 -0.463335 0.164145 -0.422058 -0.533637 0.732870 0.251971 0.707498 0.660271
5.144257 -28.378904 6312.291636 1962.562790 -0.406019 0.912830 -0.043476 0.661265 0.326296 0.675470 -0.630776 -0.245504 0.736104
14.271404 -29.725954 4001.181398 2350.759121 -0.442323 0.896018 -0.038752 0.663455 0.355980 0.658108 -0.603471 -0.265386 0.751926
20.098339 -36.577937 549.104907 2427.608056 -0.452858 0.891297 0.022582 0.642254 0.308545 0.701648 -0.618409 -0.332250 0.712166
-24.560658 -114.507362 1904.515302 -15746.052108 0.183415 0.968445 -0.168741 0.087198 0.154948 0.984067 -0.979161 0.195206 0.056027
-19.373213 -87.393023 1736.204692 -15090.632392 0.168853 0.969397 -0.178209 -0.151771 0.204221 0.967088 -0.973886 0.136249 -0.181610
-27.841576 -117.659667 345.870004 -19924.564256 0.090970 0.992352 -0.083439 0.010262 0.082847 0.996509 -0.995801 0.091509 0.002647
-18.673256 -106.472469 2612.913523 -12479.987955 0.245383 0.941695 -0.230214 0.094187 0.213192 0.972460 -0.964840 0.260309 0.036382
-29.345619 -135.127042 1742.304186 -12787.057117 0.183514 0.977939 -0.099791 0.313757 0.037934 0.948745 -0.931600 0.205418 0.299873
-23.760201 -125.953031 3117.100084 -9731.326086 0.264741 0.948236 -0.175386 0.344866 0.076748 0.935509 -0.900544 0.308152 0.306696
-4.996249 -100.143801 -323.907227 -2015.172248 0.348632 0.913460 0.209872 0.508530 0.003742 -0.861036 0.787308 -0.406911 0.463217
-4.578751 -99.870967 -446.485898 -2288.856171 0.343532 0.911590 0.225807 0.655940 -0.060827 -0.752359 0.672108 -0.406575 0.618844
-4.375110 -103.124985 -149.593148 -1535.751409 0.371052 0.906640 0.200808 0.467200 0.004617 -0.884140 0.802524 -0.421879 0.421869
-5.510380 -96.734169 -404.054598 -1940.472908 0.311881 0.923955 0.221442 0.664123 -0.045324 -0.746248 0.679464 -0.379805 0.627756
-4.948902 -103.346906 -156.416790 948.749065 0.353218 0.916367 0.188437 0.312463 0.074300 -0.947020 0.881819 -0.393384 0.260087
-6.062012 -98.558996 -275.784016 -576.356875 0.320027 0.924805 0.205713 0.486177 0.026053 -0.873472 0.813151 -0.379547 0.441282
-37.313328 -65.066199 3785.761776 1907.983023 0.986621 0.162530 -0.012733 0.126882 -0.814568 -0.566021 0.102368 -0.556833 0.824292
-37.584020 -65.543036 4352.905259 972.222245 0.996109 0.079362 -0.038311 0.038325 -0.781595 -0.622608 0.079355 -0.618718 0.781595
-29.929783 -58.500589 5488.026860 989.931364 0.981509 0.007745 -0.191261 -0.113228 -0.782137 -0.612732 0.154338 -0.623058 0.766798
24.786325 -54.351016 8365.631266 -11885.480423 -0.499717 -0.574811 -0.647978 0.863911 -0.276533 -0.420935 0.062771 -0.770144 0.634774
34.847574 -53.267482 7489.393772 -10832.351691 -0.476287 -0.624323 -0.619170 0.870832 -0.237492 -0.430406 0.121664 -0.744190 0.656795
-1.127533 -60.973131 -554.308603 -3689.094744 0.260295 0.926279 -0.272496 -0.366222 0.355851 0.859797 -0.893380 0.124007 -0.431850
-2.624665 -71.505298 -797.016310 -4431.091957 0.269938 0.923230 -0.273461 -0.181495 0.327699 0.927186 -0.945618 0.200651 -0.256019
-2.884496 -61.760635 -677.731703 -2877.983626 0.271225 0.922003 -0.276311 -0.344373 0.361024 0.866642 -0.898802 0.139901 -0.415432
5.215228 -114.756106 269.200729 -587.130464 0.487521 -0.137060 0.862286 -0.053629 0.981036 0.186257 -0.871463 -0.137048 0.470925
5.467636 -115.710566 -98.954872 4985.660193 0.480815 -0.132778 0.866711 0.117253 0.989326 0.086516 -0.868947 0.060026 0.491251
4.653539 -113.557180 152.528409 4674.963507 0.492560 -0.133503 0.859978 -0.016143 0.986592 0.162404 -0.870129 -0.093876 0.483801
0.165981 -148.282725 629.551338 679.270070 -0.447999 -0.046410 -0.892828 -0.370314 0.918589 0.138066 0.813734 0.392481 -0.428714
-6.684437 -143.590359 -1134.518801 15475.453932 -0.450267 -0.139907 -0.881865 0.359625 0.875582 -0.322530 0.817269 -0.462365 -0.343932
-7.738983 -123.764200 -908.867387 6245.629218 -0.449787 -0.096817 -0.887873 0.281981 0.927867 -0.244026 0.847454 -0.360123 -0.390042
-5.578434 -126.611601 -1570.176501 8845.684669 -0.430895 -0.109062 -0.895787 0.233374 0.945432 -0.227365 0.871703 -0.307024 -0.381930
-11.878197 -123.184340 -154.691857 6010.705077 0.473802 -0.229025 0.850329 0.149793 0.972478 0.178460 -0.867798 0.042818 0.495068
-7.122837 -97.634189 1327.365351 13859.724861 0.495502 -0.237884 0.835397 0.465196 0.884884 -0.023947 -0.733533 0.400489 0.549125
