14866
29716
-42.303088 -55.652970 -339.470179 5560.223486 0.240436 0.946167 -0.216701 0.949007 -0.276035 -0.152283 0.203902 0.169036 0.964288
-46.180129 -67.261293 -293.650664 5365.203460 -0.178662 -0.955314 0.235490 0.980326 -0.193249 -0.040199 0.083911 0.223674 0.971045
-43.572272 -73.931974 3136.376896 11456.299218 0.272216 -0.957718 0.093139 0.953302 0.255262 -0.161423 0.130822 0.132732 0.982480
-38.563601 -57.450177 -60.110316 4299.264931 -0.495026 -0.808415 0.318455 0.849193 -0.527719 -0.019604 0.183903 0.260726 0.947735
-36.484255 -50.560157 -3645.829521 6733.194114 0.093498 0.988342 -0.120158 0.957279 -0.122410 -0.261978 0.273633 0.090530 0.957564
-32.697226 -45.617667 -81.107949 -3995.987918 0.647837 0.687736 -0.327607 -0.699549 0.707334 0.101537 0.301558 0.163398 0.939342
21.470126 -42.498132 6856.585718 -567.303347 -0.452549 0.888821 -0.072084 0.674341 0.288208 -0.679853 0.583493 0.356276 0.729797
28.982918 -44.575397 5406.439104 -1126.097700 -0.434423 0.899159 -0.052811 0.614492 0.252998 -0.747256 0.658541 0.357077 0.662434
32.885261 -43.677914 4122.749125 -1345.716813 -0.392546 0.918334 -0.050692 0.685466 0.255367 -0.681854 0.613225 0.302406 0.729730
28.442543 -41.296946 4432.204960 -247.571773 -0.367152 0.927832 -0.065776 0.751372 0.254153 -0.608971 0.548306 0.273007 0.790461
35.551882 -44.111854 464.466952 -828.945588 -0.328113 0.944332 -0.024079 0.720538 0.233708 -0.652844 0.610874 0.231556 0.757110
15.102250 -45.901988 -3450.431217 -2747.690895 0.848247 -0.528622 -0.032194 0.296353 0.423401 0.856099 0.438922 0.735724 -0.515807
9.771297 -52.461559 -3277.398046 -2420.148064 0.882845 -0.465714 0.060786 0.194036 0.479532 0.855803 0.427709 0.743747 -0.513718
3.650483 -42.631204 -731.957104 -610.639398 0.893325 -0.429028 0.133814 0.176636 0.608976 0.773271 0.413244 0.667145 -0.619795
0.882206 -53.840407 -1615.089216 -2327.160040 0.901411 -0.402010 0.160767 0.114229 0.578976 0.807303 0.417624 0.709348 -0.567817
4.915651 -32.448171 -631.763499 -1931.591843 0.837340 -0.546603 -0.009355 0.334318 0.498452 0.799861 0.432544 0.672883 -0.600112
0.813947 -45.956143 -1648.561498 -1232.046959 0.909363 -0.365920 0.197893 0.126555 0.696490 0.706318 0.396286 0.617256 -0.679671
4.671780 -39.487142 -1458.916517 -1376.744703 0.917914 -0.317300 0.238234 0.098072 0.763222 0.638651 0.384469 0.562862 -0.731690
3.313946 -33.260670 907.010331 -530.987100 0.904442 -0.362526 0.224853 0.115730 0.715833 0.688614 0.410598 0.596790 -0.689385
-6.564221 -32.080408 -2273.371426 7331.513006 0.384256 0.868113 0.314209 -0.871643 0.453298 -0.186438 0.304279 0.202239 -0.930867
-4.184182 -17.424155 -2767.263830 6851.703630 0.276574 0.917606 0.285491 -0.925069 0.334683 -0.179540 0.260296 0.214443 -0.941414
-10.573169 -31.165564 -1145.280749 6202.401020 0.178349 0.942647 0.282149 -0.930146 0.255049 -0.264156 0.320967 0.215328 -0.922287
-14.458549 -39.394582 -242.530514 3943.568893 0.132395 0.946869 0.293107 -0.903016 0.237151 -0.358220 0.408698 0.217254 -0.886435
-12.861486 -42.162720 -421.868711 4538.439238 0.289725 0.904181 0.313874 -0.866329 0.387146 -0.315582 0.406858 0.180486 -0.895484
-5.883910 -44.170150 781.820812 -1852.783448 0.129677 0.970696 0.202319 0.904933 -0.032453 -0.424315 0.405315 -0.238109 0.882623
-5.136969 -41.826293 587.549001 1523.682103 0.158020 0.966136 0.203986 0.847284 -0.026578 -0.530475 0.507089 -0.256660 0.822792
-4.700787 -39.481484 1655.565612 1565.518941 0.157730 0.973554 0.165271 0.844874 -0.046408 -0.532949 0.511184 -0.223695 0.829850
-4.233429 -41.093840 1090.702238 3047.123101 0.182913 0.968915 0.166572 0.772552 -0.036869 -0.633881 0.608035 -0.244631 0.755281
-3.888054 -39.452573 452.918136 1781.290972 0.199270 0.967894 0.153208 0.782456 -0.063030 -0.619508 0.589961 -0.243328 0.769894
4.127491 -74.762807 -221.271375 838.201300 0.093085 0.986272 0.136389 -0.008738 0.137788 -0.990423 0.995620 -0.091002 -0.021444
2.672709 -74.501941 -736.428495 2926.568172 0.108828 0.986132 0.125299 -0.190643 0.144412 -0.970979 0.975608 -0.081782 -0.203716
1.587426 -72.966976 -628.859688 8.939033 0.112769 0.983176 0.143693 -0.016286 0.146425 -0.989088 0.993488 -0.109198 -0.032525
3.295097 -71.384645 -541.238057 -4450.660167 0.099837 0.982354 0.158155 0.194797 0.136576 -0.971288 0.975749 -0.127779 0.177725
-9.392569 -103.682856 1143.885533 1886.530092 -0.030442 0.991555 0.126065 -0.197269 -0.129603 0.971745 -0.979877 -0.004713 -0.199548
-11.445969 -103.618757 733.529914 2242.990415 -0.063895 0.993654 0.092570 -0.158584 -0.101691 0.982095 -0.985276 -0.048071 -0.164075
-8.707025 -104.001621 1104.000126 4199.478716 -0.041920 0.990391 0.131791 0.014394 -0.131295 0.991239 -0.999017 -0.043450 0.008752
-6.021724 -100.470702 600.931115 4647.110984 -0.033804 0.986280 0.161586 0.047603 -0.159905 0.985984 -0.998294 -0.041022 0.041545
-6.502546 -99.171603 745.091515 2613.693232 -0.026375 0.987248 0.156989 -0.121544 -0.159045 0.979761 -0.992236 -0.006760 -0.124189
-8.476722 -100.344362 616.056263 -441.077209 -0.023078 0.989099 0.145432 -0.331913 -0.144800 0.932130 -0.943028 0.026759 -0.331636
-10.832347 -101.733587 1039.868185 -2591.834643 -0.015701 0.992718 0.119437 -0.483945 -0.112073 0.867892 -0.874958 0.044175 -0.482180
8.241516 -91.801546 1601.169415 2980.428113 -0.034453 0.972951 0.228428 0.222474 -0.215362 0.950855 -0.974330 -0.083579 0.209037
6.779728 -95.778979 2618.762418 1369.066001 -0.009044 0.970969 0.239035 -0.008327 -0.239110 0.970957 -0.999924 -0.006791 -0.010248
3.997764 -91.802955 2153.621019 4107.716843 -0.009457 0.974814 0.222821 0.167718 -0.218128 0.961401 -0.985790 -0.046463 0.161431
5.892003 -85.355989 2596.287464 3147.695132 -0.009640 0.976727 0.214268 0.330410 -0.199131 0.922592 -0.943788 -0.079690 0.320801
2.808949 -84.033945 2653.603869 3154.713837 0.008329 0.976958 0.213271 0.345625 -0.202947 0.916164 -0.938336 -0.066081 0.339351
-2.145209 -93.976881 1461.985007 3749.969709 -0.013233 0.981731 0.189815 0.050342 -0.188937 0.980698 -0.998644 -0.022533 0.046922
0.397631 -88.250285 2102.686508 2486.612880 0.002871 0.978223 0.207537 0.213391 -0.203356 0.955568 -0.976963 -0.041543 0.209328
489.870025 -92.587341 173481.652250 -7865.228451 0.031463 0.999065 0.029658 -0.401358 -0.014546 0.915806 -0.915381 0.040718 -0.400525
2074.997176 -239.814981 2304460.030040 -113824.169032 0.708713 0.380473 0.594110 -0.547038 -0.235416 0.803324 -0.445505 0.894327 -0.041291
36.268319 -68.310259 19306.034400 -3218.417420 0.049934 0.978677 0.199244 -0.455323 -0.155249 0.876686 -0.888925 0.134497 -0.437862
11.239694 -43.311274 7205.509758 -2306.575910 0.067854 0.994997 -0.073323 -0.392365 0.094183 0.914975 -0.917303 0.033315 -0.396793
207.688483 -57.317052 76420.622091 -6344.023415 0.063708 0.997654 -0.025066 -0.301639 0.043193 0.952443 -0.951291 0.053117 -0.303683
3.203521 -69.900027 786.583478 -3518.937204 0.093165 0.992408 0.080286 -0.992785 0.098707 -0.068072 0.075480 0.073365 -0.994445
2.483257 -66.421806 -129.406314 -2324.505801 0.081910 0.994594 0.063821 -0.985382 0.090416 -0.144382 0.149372 0.051062 -0.987462
2.115655 -62.475472 176.559568 -3077.024636 0.098877 0.992453 0.072529 -0.967395 0.112947 -0.226693 0.233174 0.047750 -0.971262
2.366408 -67.115366 357.172355 -4756.724886 0.105800 0.990840 0.083916 -0.980338 0.118069 -0.158107 0.166567 0.065538 -0.983850
-3.040940 -205.348472 1075.369279 -24635.593449 0.884017 -0.183432 0.429961 -0.364442 0.305563 0.879667 0.292739 0.934336 -0.203272
-6.046517 -174.700475 689.037845 -10187.010272 0.882248 -0.168472 0.439608 -0.291181 0.538476 0.790732 0.369935 0.825628 -0.426013
-5.198629 -182.219291 -103.364300 -13190.854097 0.891791 -0.168166 0.420035 -0.316485 0.431587 0.844731 0.323337 0.886258 -0.331663
-4.241125 -191.608669 1933.306497 -11963.860609 0.868802 -0.185493 0.459102 -0.315200 0.507886 0.801686 0.381879 0.841216 -0.382785
-2.265303 -199.517692 -268.498066 -9943.745551 0.899512 -0.172847 0.401251 -0.389653 0.098011 0.915732 0.197608 0.980060 -0.020812
-0.774056 -215.846407 1411.349992 -16067.472650 0.872803 -0.193819 0.447939 -0.407297 0.216461 0.887273 0.268932 0.956859 -0.109986
0.258690 -261.679801 344.879790 -43065.271121 0.901334 0.101446 0.421077 0.432204 -0.274054 -0.859124 -0.028243 -0.956349 0.290859
-1.048597 -254.198970 1442.443593 -19981.768323 0.889735 0.124712 0.439111 0.449731 -0.074725 -0.890032 0.078185 -0.989375 0.122573
0.924614 -238.566079 1837.864252 -40056.180757 0.897565 0.127163 0.422146 0.426791 -0.490752 -0.759613 -0.110574 -0.861970 0.494754
0.610723 -207.978691 1129.282854 -33660.336942 0.911958 0.105252 0.396553 0.381196 -0.574803 -0.724080 -0.151729 -0.811495 0.564318
-10.090782 -27.598197 -1234.226963 2676.250194 0.230645 0.971264 -0.058722 -0.746464 0.137904 -0.650979 0.624175 -0.193979 -0.756821
-12.972572 -27.423420 -1983.674975 1892.983729 0.291676 0.956463 0.010140 -0.739853 0.232314 -0.631385 0.606253 -0.176658 -0.775403
-12.213288 -33.206263 -1744.860353 2809.942405 0.182611 0.979493 -0.085132 -0.726102 0.075975 -0.683377 0.662895 -0.186606 -0.725085
-12.524570 -33.757925 -2805.321615 1524.746060 0.418334 -0.636603 0.647868 0.794223 0.602451 0.079139 -0.440689 0.481444 0.757631
-8.239903 -28.209296 -1574.521462 -162.828466 0.209584 -0.756103 0.619986 0.892028 0.407532 0.195458 -0.400451 0.512080 0.759877
-7.339673 -28.063855 -699.393110 2054.996107 0.504267 -0.555366 0.661274 0.728920 0.684338 0.018885 -0.463023 0.472493 0.749907
-17.355254 -40.157278 -5.297759 -513.288564 0.210887 0.964848 0.156827 -0.645759 0.257953 -0.718649 0.733841 -0.050281 -0.677458
-17.091326 -41.955124 185.125446 -1533.024824 0.234136 0.937992 0.255640 -0.635200 0.346657 -0.690181 0.736003 0.000787 -0.676977
-15.858786 -38.768606 -108.899639 -289.647564 0.209029 0.958420 0.194261 -0.586254 0.281809 -0.759533 0.782696 -0.044878 -0.620784
-18.541747 -44.331166 37.159816 -2441.948107 0.292809 0.920616 0.258322 -0.677822 0.390401 -0.623013 0.674404 -0.007328 -0.738326
-14.781595 -38.319083 -40.706169 89.519294 0.180160 0.976540 0.117951 -0.574847 0.201832 -0.792978 0.798181 -0.075059 -0.597723
-15.909819 -38.470532 -272.133658 610.010254 0.163226 0.985515 0.046021 -0.634590 0.140592 -0.759954 0.755416 -0.094839 -0.648346
-17.761519 -37.199949 38.268734 419.502110 0.214845 0.971549 0.099670 -0.682953 0.222405 -0.695781 0.698152 -0.081415 -0.711305
-18.865664 -39.882265 53.616789 -1706.277973 0.310555 0.926588 0.212108 -0.681480 0.372594 -0.629888 0.662677 -0.051067 -0.747162
62.984650 -124.929724 10243.903795 -1032.745267 -0.251156 0.898730 0.359450 0.774575 -0.036091 0.631452 -0.580478 -0.437014 0.687070
76.821537 -133.639042 11966.899004 -18026.846781 -0.224719 0.887748 0.401752 0.590692 -0.203800 0.780736 -0.774974 -0.412758 0.478588
54.191661 -105.143116 -394.784101 -5527.341119 -0.147278 0.926740 0.345632 0.706299 -0.146091 0.692675 -0.692424 -0.346136 0.633040
-4.692820 -69.386952 173.382227 -2224.041225 0.037952 -0.949561 -0.311278 0.985422 -0.016133 0.169360 -0.165840 -0.313168 0.935106
-4.100184 -67.942794 -638.925834 2056.530246 0.014369 -0.952300 -0.304826 0.998576 0.029328 -0.044552 0.051367 -0.303752 0.951366
-4.845077 -65.925291 721.594369 1287.629675 0.013716 -0.950322 -0.310965 0.999256 0.024239 -0.030000 0.036047 -0.310322 0.949948
-4.354124 -64.512188 565.194869 4544.440269 -0.025156 -0.950519 -0.309646 0.970910 0.050549 -0.234048 0.238120 -0.306526 0.921597
-6.853100 -28.114679 404.303937 697.254786 0.841265 -0.528976 -0.111615 0.532096 0.846681 -0.002152 0.095640 -0.057580 0.993749
-5.257774 -29.330943 623.075382 477.577298 0.772563 -0.622517 -0.124973 0.626941 0.779051 -0.004969 0.100453 -0.074512 0.992148
-7.957009 -28.846706 488.307354 485.155470 0.775196 -0.621014 -0.115810 0.617956 0.783515 -0.065079 0.131154 -0.021117 0.991137
9.287966 -308.890763 2698.374961 -28351.121015 0.143365 0.986997 -0.072691 0.765464 -0.064030 0.640285 -0.627305 0.147437 0.764690
9.587514 -333.053723 1215.676526 41131.176245 0.132350 0.989383 -0.060035 0.978488 -0.120742 0.167282 -0.158257 0.080883 0.984080
11.977940 -320.977331 294.216777 -9860.978237 0.121622 0.992450 -0.015834 0.921446 -0.106961 0.373492 -0.368979 0.060015 0.927498
8.561681 -303.701376 1096.414551 7304.082511 0.140309 0.988939 -0.048091 0.944480 -0.119110 0.306220 -0.297105 0.088387 0.950745
6.387412 -308.071079 2708.223938 -55659.104736 0.159360 0.984763 -0.069611 0.518027 -0.023389 0.855045 -0.840388 0.172320 0.513861
5.866685 -304.284896 -43.176187 -30449.631783 0.132100 0.989967 -0.050140 0.797703 -0.076146 0.598223 -0.588404 0.119022 0.799759
-14.120648 -177.486840 2317.603298 42745.908554 -0.110930 -0.317648 0.941697 -0.198697 0.935503 0.292153 -0.973763 -0.154704 -0.166891
-5.426248 -162.931495 4318.746757 16445.212075 -0.048504 -0.345949 0.936999 -0.431213 0.853428 0.292772 -0.900945 -0.389846 -0.190573
-13.950401 -128.439512 -141.738979 32151.303151 -0.111831 -0.345986 0.931551 -0.133393 0.934174 0.330946 -0.984734 -0.087252 -0.150621
-12.642869 -111.960460 -3351.778387 37077.932577 -0.185994 -0.175394 0.966769 0.046648 0.981252 0.186996 -0.981443 0.079878 -0.174326
-22.806511 -74.838418 -4904.155999 26275.914051 -0.151539 -0.243953 0.957874 0.047745 0.966128 0.253609 -0.987298 0.084165 -0.134759
-24.705639 -93.779829 3507.093570 13988.793882 -0.079246 -0.590999 0.802771 -0.044553 0.806598 0.589419 -0.995859 0.010944 -0.090251
-7.577558 -50.336099 1662.338014 -1465.650019 -0.199337 -0.973613 -0.111094 0.977449 -0.205614 0.048134 -0.069706 -0.098994 0.992644
-8.573760 -50.462227 1443.612042 1212.055776 -0.200120 -0.976751 -0.076868 0.979291 -0.196950 -0.046892 0.030663 -0.084661 0.995938
-8.332044 -50.936947 -1898.957162 -2596.413105 0.217913 0.972344 0.084026 0.966503 -0.226960 0.119840 -0.135596 -0.055096 0.989231
-10.641175 -48.296207 -530.350021 -3161.263229 0.203536 0.978609 0.029963 0.958334 -0.205397 0.198514 -0.200422 0.011691 0.979640
-8.766479 -48.911441 -848.375218 -1644.848724 0.202587 0.976891 0.068135 0.953116 -0.212671 0.215268 -0.224784 -0.021330 0.974175
-9.810209 -52.412455 -984.432135 -1155.820241 0.187377 0.977952 0.092191 0.967306 -0.200034 0.155903 -0.170907 -0.059965 0.983461
-0.695788 -43.051037 2899.356147 -3769.617985 0.123003 0.974716 -0.186543 -0.446370 0.222222 0.866817 -0.886354 0.023353 -0.462418
-6.640386 -54.061676 -1704.332578 -7245.234439 0.029985 0.996766 -0.074551 -0.385878 0.080346 0.919045 -0.922063 -0.001210 -0.387039
-5.502620 -36.875832 -2148.822926 -3309.410416 0.111871 0.959824 -0.257337 -0.443445 0.279967 0.851455 -0.889293 -0.018862 -0.456949
-1.729541 -30.825886 1063.616644 -1971.738596 0.226655 0.888404 -0.399208 -0.483964 0.458422 0.745405 -0.845226 -0.024253 -0.533859
76.316593 -97.440182 -1690.045811 2932.212657 -0.051528 0.876842 0.478009 -0.301082 -0.470014 0.829721 -0.952205 0.101166 -0.288221
84.797851 -103.992078 -10346.424455 2415.059874 0.010342 0.848441 0.529189 -0.417392 -0.477246 0.773318 -0.908668 0.228877 -0.349197
73.942156 -90.264483 -7830.449898 2579.955968 0.050132 0.840108 0.540097 -0.212793 -0.519376 0.827628 -0.975810 0.156420 -0.152731
-15.214875 -89.137589 -2771.807970 5752.353789 0.857599 0.352213 0.374793 -0.094740 -0.608063 0.788215 -0.505518 0.711481 0.488106
-11.811994 -98.026795 -1876.770325 4909.939107 0.847942 0.402535 0.344907 -0.110231 -0.502538 0.857499 -0.518502 0.765128 0.381751
-9.761965 -85.664253 -1855.568018 5288.696396 0.851010 0.366219 0.376385 -0.029635 -0.682087 0.730670 -0.524313 0.632962 0.569610
-14.367783 -75.538242 -2753.519707 6605.890766 0.861275 0.297747 0.411767 -0.044327 -0.763229 0.644606 -0.506202 0.573435 0.644152
-21.224797 -83.791941 -2985.919345 7803.852186 0.873798 0.280484 0.397247 -0.109856 -0.681923 0.723127 -0.473717 0.675507 0.565050
1.437087 -59.159563 3288.171397 9.376424 0.864368 0.455477 0.213093 0.489914 -0.667229 -0.561062 0.113369 -0.589361 0.799875
8.838846 -63.170049 5284.291818 -1086.684957 0.881343 0.438471 0.176004 0.446354 -0.650538 -0.614466 0.154929 -0.620116 0.769060
5.946098 -72.156362 4016.669498 7000.551185 0.854439 0.466368 0.228988 0.513704 -0.692399 -0.506648 0.077734 -0.550532 0.831187
-1.561332 -71.337931 1531.103159 3266.331306 0.874689 0.428191 0.227095 0.480518 -0.704786 -0.521900 0.063419 -0.565623 0.822222
-7.075255 -42.530708 -72.619549 2556.935388 -0.181388 0.954796 -0.235504 -0.128724 0.214364 0.968235 -0.974950 -0.205941 -0.084022
-4.043872 -36.454543 -426.190091 85.108607 -0.178979 0.948615 -0.260952 -0.060511 0.254119 0.965278 -0.981990 -0.188555 -0.011920
-7.852305 -39.706110 -752.900455 1138.909117 -0.173011 0.965077 -0.196708 -0.091397 0.183127 0.978832 -0.980670 -0.187327 -0.056522
-9.656991 -42.030123 -901.489392 3411.455160 -0.165664 0.960944 -0.221679 -0.175949 0.192378 0.965418 -0.970360 -0.198939 -0.137207
-12.287527 -40.144165 -1667.190940 3342.414790 -0.156535 0.973376 -0.167438 -0.103099 0.152498 0.982911 -0.982277 -0.171123 -0.076483
-9.508036 -37.733046 -1411.967943 -1271.405312 -0.164353 0.974477 -0.152916 -0.067112 0.143618 0.987355 -0.984116 -0.172537 -0.041795
-7.133565 -51.450412 -1869.755519 3557.025607 -0.096927 0.943781 -0.316041 -0.838654 0.093549 0.536570 -0.535970 -0.317057 -0.782439
-8.789089 -50.308800 -1296.355926 3620.484077 -0.084106 0.950518 -0.299067 -0.827299 0.100685 0.552666 -0.555430 -0.293900 -0.777894
-7.156669 -50.253308 -2006.632148 2743.349915 -0.052224 0.941853 -0.331943 -0.897098 0.101786 0.429947 -0.438734 -0.320239 -0.839619
-5.769155 -54.073383 -931.156712 1087.691850 -0.077329 0.943711 -0.321604 -0.918603 0.057945 0.390911 -0.387543 -0.325655 -0.862415
-6.605520 -54.856426 -859.913950 1637.371578 -0.029694 0.948050 -0.316733 0.962044 -0.058891 -0.266465 -0.271275 -0.312624 -0.910317
9.891671 -78.565041 537.358444 -822.235473 -0.128859 0.991648 -0.005404 -0.952730 -0.122286 0.278122 -0.275138 -0.040987 -0.960531
11.378151 -75.146972 1244.060841 2757.168129 -0.126718 0.991600 -0.025918 -0.966175 -0.117469 0.229578 -0.224605 -0.054133 -0.972945
9.900750 -84.678458 1437.894362 9871.986622 -0.096390 0.995318 -0.007126 -0.981558 -0.093865 0.166533 -0.165085 -0.023046 -0.986010
10.808895 -76.098045 499.264876 -9111.495301 -0.154626 0.987279 -0.037018 -0.937297 -0.134746 0.321431 -0.312355 -0.084398 -0.946209
10.035089 -84.422098 -122.572237 -9108.911424 -0.171557 0.985169 -0.003322 -0.904005 -0.156081 0.398011 -0.391590 -0.071285 -0.917374
8.588998 -107.112667 4696.654243 -6885.699233 -0.000773 0.999998 0.001687 0.233675 -0.001460 0.972314 -0.972314 -0.001146 0.233674
-0.208389 -108.891274 1080.037746 -5651.304003 -0.028890 0.999377 -0.020291 0.158954 0.024635 0.986979 -0.986863 -0.025288 0.159566
8.348442 -109.044846 4008.068969 -2348.990535 -0.001926 0.999983 -0.005576 0.404252 0.005879 0.914629 -0.914646 0.000492 0.404256
16.681200 -105.884529 7104.641277 -3153.156898 0.016853 0.999807 0.010142 0.422709 -0.016317 0.906118 -0.906109 0.010983 0.422903
13.475630 -106.821825 4672.401507 7010.957518 -0.003855 0.999987 -0.003338 0.663598 0.005056 0.748073 -0.748080 -0.000669 0.663608
68.996167 -32.076634 7990.306405 -8352.353919 -0.076695 0.807980 -0.584196 -0.217629 0.558228 0.800636 -0.973013 -0.188544 -0.133027
46.979126 -39.893796 7701.685459 -7154.574795 0.051982 0.845675 -0.531160 -0.166865 0.531757 0.830296 -0.984608 -0.045472 -0.168756
56.709178 -52.904286 5244.360226 -8618.368397 -0.068529 0.808785 -0.584098 -0.117428 0.574865 0.809778 -0.990714 -0.124083 -0.055580
53.690363 -24.005588 9414.181313 -6098.053554 0.049876 0.841821 -0.537448 -0.235211 0.532882 0.812842 -0.970664 -0.085872 -0.224584
23.602201 -53.416667 -4422.362196 5821.511408 0.235850 -0.648416 0.723831 0.590079 0.687365 0.423481 -0.772128 0.327240 0.544732
14.348966 -41.135094 2563.080512 3106.460913 -0.223977 0.652871 -0.723598 0.669169 0.642805 0.372846 -0.708553 0.400701 0.580854
22.545871 -45.616637 -4419.842065 3816.709437 0.339001 -0.580071 0.740673 0.611281 0.734267 0.295274 -0.715132 0.352661 0.603504
-1.010668 -60.473473 -166.610199 1212.627477 -0.051017 0.996467 -0.066721 0.969383 0.065477 0.236663 -0.240196 0.052604 0.969298
-0.574550 -59.141654 418.824404 5014.825644 -0.072308 0.994208 -0.079509 0.952466 0.092485 0.290268 -0.295940 0.054741 0.953637
-0.985309 -66.435821 -91.321026 7391.730002 -0.082294 0.993323 -0.080850 0.939265 0.104424 0.326920 -0.333180 0.049036 0.941587
-0.672049 -69.926067 -723.520235 7416.138069 -0.076304 0.994379 -0.073407 0.942788 0.095916 0.319297 -0.324543 0.044843 0.944807
4.619601 -86.761444 1711.879060 -34.428979 -0.170633 0.983517 0.059829 0.822273 0.108676 0.558621 -0.542911 -0.144515 0.827263
5.671734 -81.854462 -1524.432675 -1591.364627 -0.196373 0.974534 0.108268 0.832147 0.107235 0.544088 -0.518621 -0.196939 0.832014
5.546869 -79.625880 461.894491 -130.630259 -0.204566 0.976847 0.062636 0.739809 0.112392 0.663363 -0.640964 -0.182040 0.745672
2.979387 -169.759416 -1141.953387 -6395.451832 0.830133 0.179497 0.527882 -0.182324 0.982104 -0.047229 -0.526912 -0.057039 0.848004
4.031038 -173.158118 -1530.690613 -11527.456860 0.839436 0.157202 0.520226 -0.199618 0.979526 0.026110 -0.505470 -0.125764 0.853629
2.103390 -164.338276 -898.418871 3160.479014 0.846493 0.126040 0.517265 -0.253931 0.949523 0.184186 -0.467941 -0.287262 0.835770
1.942656 -71.602955 -1079.142255 -5506.877052 0.965124 0.198628 0.170539 -0.257168 0.597383 0.759604 -0.049002 0.776969 -0.627629
6.243802 -85.295244 -399.464298 -5078.286756 0.961141 0.212312 0.176443 -0.254519 0.434000 0.864213 -0.106907 0.875539 -0.471172
0.190897 -73.735031 -2060.211392 -5390.672769 0.939228 0.259747 0.224458 -0.334035 0.540659 0.772081 -0.079190 0.800137 -0.594567
-4.600815 -59.517125 -2420.514153 -4529.335959 0.952982 0.234879 0.191461 -0.302210 0.690287 0.657399 -0.022247 0.684351 -0.728814
1.333348 -59.924334 -2323.633610 -5343.176724 0.972690 0.188092 0.136001 -0.230977 0.726586 0.647087 -0.022896 0.660828 -0.750188
12.347989 -46.158863 2524.989806 1026.462030 -0.001561 0.999317 0.036909 -0.201478 -0.036466 0.978814 -0.979492 0.005908 -0.201397
14.860204 -47.199454 4454.153566 1204.897229 0.001073 0.999481 0.032201 -0.295641 -0.030445 0.954814 -0.955299 0.010545 -0.295455
11.478119 -49.247738 -1130.808108 960.430139 -0.013759 0.999857 -0.009806 -0.272575 0.005685 0.962118 -0.962036 -0.015910 -0.272458
-0.107838 -38.390569 735.843489 84.385861 -0.203928 0.940071 -0.273278 -0.285776 0.209824 0.935043 -0.936347 -0.268777 -0.225861
1.476571 -38.304384 236.898947 2230.977067 -0.195171 0.917509 -0.346533 -0.287112 0.284400 0.914704 -0.937803 -0.278017 -0.207921
2.624284 -37.156782 234.600946 1429.118589 -0.209490 0.930201 -0.301397 -0.391536 0.202647 0.897571 -0.895999 -0.306040 -0.321754
1.614339 -36.166414 404.009273 1770.766400 -0.212773 0.945290 -0.247295 -0.367334 0.157138 0.916719 -0.905425 -0.285892 -0.313802
3.971722 -43.316651 203.097523 1767.978986 -0.213428 0.943158 -0.254758 -0.473550 0.128212 0.871385 -0.854517 -0.306619 -0.419268
2.769186 -42.357946 -485.393949 737.151034 -0.225371 0.931406 -0.285816 -0.473551 0.151655 0.867612 -0.851444 -0.330883 -0.406890
-3.971803 -89.577303 -524.172179 -3868.518985 -0.125087 0.964580 -0.232247 -0.445820 0.154475 0.881693 -0.886340 -0.213828 -0.410706
-4.492461 -85.522955 -1003.260702 90.387844 -0.118952 0.957670 -0.262141 -0.598448 0.141519 0.788563 -0.792282 -0.250679 -0.556282
-2.950135 -88.582794 -863.439637 -2690.458290 -0.127546 0.956706 -0.261619 -0.543232 0.153308 0.825467 -0.829838 -0.247405 -0.500160
-2.830398 -94.740906 -938.367287 -6102.890364 -0.141117 0.964532 -0.223077 -0.379696 0.155369 0.911971 -0.914285 -0.213396 -0.344304
-2.752998 -103.035138 -639.812648 -6769.760827 -0.144499 0.964608 -0.220573 -0.376798 0.152478 0.913659 -0.914955 -0.215134 -0.341430
48.989159 -320.106975 -4949.271591 -107476.911504 -0.030408 0.995540 -0.089302 0.395316 -0.070080 -0.915868 0.918042 0.063152 0.391422
38.592932 -306.565944 -3901.653791 -75160.517442 0.082780 0.982120 -0.169078 0.241430 -0.184370 -0.952743 0.966881 -0.038048 0.252376
31.042419 -187.408895 -1735.347411 -38303.199186 0.072537 0.987201 -0.142029 0.558064 -0.158199 -0.814578 0.826622 0.020175 0.562396
33.053149 -131.384335 -541.659955 -30870.637181 -0.059184 0.986477 -0.152838 0.547739 -0.095908 -0.831134 0.834553 0.132905 0.534656
11.645885 -199.940779 -3057.481054 -30513.933226 -0.002538 0.944135 -0.329550 -0.043213 0.329139 0.943292 -0.999063 -0.016635 -0.039964
13.711313 -134.545422 -4345.975201 -12958.648338 0.010023 0.940325 -0.340130 -0.228372 0.333310 0.914741 -0.973522 -0.068508 -0.218085
18.817923 -206.167649 -3448.414317 -46161.337742 0.031157 0.937856 -0.345624 -0.048778 0.346807 0.936667 -0.998324 0.012325 -0.056552
1.848436 -65.478770 782.280341 20429.424651 -0.223134 0.959339 -0.172856 0.613835 0.000530 -0.789434 0.757244 0.282255 0.588994
14.505418 -50.044847 -1217.726063 9999.011372 -0.324555 0.944458 -0.051606 0.468836 0.113246 -0.875996 0.821497 0.308503 0.479550
6.103368 -91.685956 736.052597 26048.731858 -0.155048 0.955087 -0.252526 0.635097 -0.099431 -0.766006 0.756711 0.279146 0.591156
-12.591045 -52.706273 -190.047622 2924.895727 -0.007654 0.967864 -0.251358 0.262445 0.244498 0.933458 -0.964917 0.058823 0.255882
-12.374082 -51.877054 -406.178598 5482.376365 -0.051829 0.974684 -0.217497 0.293173 0.223043 0.929678 -0.954654 0.015580 0.297311
-10.946879 -49.904396 -464.473023 5108.317524 -0.031321 0.953321 -0.300329 0.397594 0.287564 0.871336 -0.917027 0.092118 0.388042
-12.493002 -53.656603 -2213.028477 2965.871562 -0.003979 0.973667 -0.227940 0.284384 0.219632 0.933214 -0.958702 0.061109 0.277769
-10.729555 -51.893360 -2356.498465 6924.404843 -0.000746 0.974433 -0.224678 0.439823 0.202100 0.875049 -0.898084 0.098166 0.428729
-53.164894 -79.462810 813.993682 6851.740889 0.210946 -0.958902 0.189760 0.976380 0.215977 0.005997 -0.046734 0.184013 0.981812
-50.497744 -74.922663 -850.013675 4319.561851 -0.145534 -0.951506 0.271027 0.987778 -0.124291 0.094057 -0.055810 0.281403 0.957965
-43.595372 -69.049480 -248.153527 4636.328119 -0.376667 -0.865420 0.330408 0.924979 -0.370758 0.083376 0.050347 0.337026 0.940148
-62.797858 -73.518777 -140.703422 -2098.866195 0.250876 0.967914 -0.014271 0.739510 -0.182121 0.648041 -0.624649 0.173131 0.761472
-55.250792 -72.340092 -4565.278625 -101.558669 0.226678 0.972591 0.051812 0.810464 -0.217859 0.543770 -0.540153 0.081269 0.837633
-63.250518 -75.735365 3449.674039 -2197.805692 0.178903 0.967011 -0.181340 0.837020 -0.052722 0.544626 -0.517099 0.249220 0.818839
-60.419406 -75.050627 1417.819535 -1821.112641 0.174509 0.946926 -0.269958 0.745732 0.051930 0.664219 -0.642985 0.317229 0.697091
-62.528282 -73.264677 423.100804 -1322.448476 0.114106 0.985681 -0.124147 0.690518 0.011154 0.723230 -0.714259 0.168250 0.679357
-44.074752 -64.512694 -721.007252 2802.057812 0.658148 -0.529794 -0.534939 0.574217 -0.106320 0.811770 0.486945 0.841436 -0.234242
-44.582132 -66.613453 1056.700508 391.557034 -0.654301 0.489444 0.576485 0.667070 0.014437 0.744855 0.356242 0.871915 -0.335939
-41.841223 -65.508700 -773.559072 2072.947587 0.662423 -0.438930 -0.607072 0.636169 -0.098319 0.765260 0.395582 0.893126 -0.214105
13.572749 -43.860119 7474.390669 -1149.847183 -0.503305 0.861649 -0.065162 0.602741 0.296035 -0.740990 0.619183 0.412220 0.668347
23.508231 -44.966184 7997.134488 -1012.383356 -0.494114 0.867426 -0.058519 0.537946 0.252166 -0.804379 0.682983 0.428935 0.591227
24.682115 -64.606345 -7432.842530 -8000.313990 0.859575 -0.508594 -0.049632 0.254655 0.342125 0.904490 0.443038 0.790115 -0.423598
10.598582 -68.643231 -4064.879719 -6400.401814 0.895756 -0.437171 0.080634 0.125727 0.423117 0.897310 0.426396 0.793633 -0.433974
2.223032 -16.838220 -4382.732676 7184.456907 0.537294 0.778852 0.323582 -0.803174 0.589582 -0.085471 0.257347 0.213969 -0.942332
5.965220 -73.871796 -653.772817 5704.337716 0.093014 0.988511 0.119139 -0.180684 0.134430 -0.974311 0.979133 -0.069098 -0.191112
4.887013 -72.961927 -1185.571415 1279.582283 0.109308 0.987512 0.113455 -0.296671 0.141348 -0.944461 0.948703 -0.069579 -0.308417
-11.554951 -107.189543 356.543950 1969.903885 -0.079834 0.994883 0.061928 -0.113740 -0.070813 0.990984 -0.990298 -0.072071 -0.118812
-9.387360 -101.828503 -27.096976 3833.026462 -0.070289 0.992046 0.104424 0.060578 -0.100245 0.993117 -0.995686 -0.076131 0.053050
10.252875 -93.717123 695.374734 2473.614605 -0.061284 0.968802 0.240141 0.118859 -0.231797 0.965475 -0.991018 -0.087711 0.100946
10.395966 -98.320770 1008.455918 486.210560 -0.068646 0.962608 0.262055 -0.122539 -0.268822 0.955363 -0.990087 -0.033470 -0.136411
4.971026 -97.975874 2651.701427 -902.891996 -0.022053 0.965361 0.259985 -0.269395 -0.256167 0.928334 -0.962777 0.049566 -0.265712
-6.346116 -1283.029381 -14697.034582 508303.579217 -0.463846 0.045360 0.884754 0.777949 -0.456941 0.431278 0.423843 0.888340 0.176662
392.717171 -120.253178 169273.083246 30151.496008 -0.257622 0.957156 0.132228 0.416894 0.233561 -0.878435 0.871682 0.171179 0.459203
105.643010 -90.927562 46715.711560 675.582582 -0.212017 0.959689 0.184514 0.484549 0.267196 -0.832958 0.848682 0.087195 0.521666
1.832803 -58.953443 -1149.889013 2626.315220 0.083334 0.995638 0.041953 -0.893243 0.093294 -0.439787 0.441783 0.000825 -0.897122
1.392173 -58.288276 -423.356575 -962.447952 0.100196 0.993172 0.059744 -0.929598 0.114850 -0.350225 0.354695 0.020447 -0.934758
-0.130274 -61.357532 -392.732337 1167.502735 0.075005 0.995908 0.050414 -0.898964 0.089411 -0.428800 0.431552 0.013158 -0.901992
-7.094935 -169.014132 1645.045736 -3045.144319 0.866330 -0.163431 0.471978 -0.221320 0.721514 0.656076 0.447762 0.672836 -0.588898
-15.114239 -32.466973 -1367.634915 1785.050700 0.224200 0.974543 0.000505 -0.727394 0.167687 -0.665417 0.648562 -0.148819 -0.746472
-15.573760 -30.485250 -1089.220998 -915.480493 0.449315 0.872739 0.190902 -0.671044 0.470766 -0.572782 0.589759 -0.129256 -0.797168
-28.748353 -300.839512 6743.790896 56459.329145 0.788668 -0.462373 0.405232 -0.388912 0.135302 0.911285 0.476183 0.876301 0.073114
67.277487 -336.935560 61294.763114 -82219.260621 0.233592 -0.464798 0.854048 0.912748 -0.197934 -0.357369 0.335149 0.863009 0.378008
23.658203 -561.819834 29145.271745 -122865.631332 0.854448 -0.515928 0.061125 -0.047395 0.039757 0.998085 0.517370 0.855709 -0.009518
169.448905 -694.258370 -89508.423152 -251445.362822 -0.357014 0.783798 -0.508136 0.495808 -0.302023 -0.814221 0.791653 0.542627 0.280787
6.606532 -183.401057 13198.443286 -40418.495634 0.587837 -0.330855 0.738230 0.649466 -0.351069 -0.674496 0.482330 0.875948 0.008508
-1.505749 -30.421194 -2012.245484 2747.665950 0.691024 -0.314125 0.651008 0.506657 0.852849 -0.126282 -0.515543 0.417102 0.748493
1.799242 -20.817597 -1785.614651 3525.887958 0.738602 -0.235444 0.631691 0.464388 0.856944 -0.223584 -0.488683 0.458489 0.742278
7.685537 -31.814148 -2344.816616 2063.237170 0.777915 -0.158228 0.608121 0.347323 0.914776 -0.206282 -0.523655 0.371684 0.766574
-15.042226 -38.782903 652.221479 -722.104588 0.229734 0.931857 0.280827 -0.562754 0.362605 -0.742849 0.794059 -0.012621 -0.607710
-17.675954 -45.821497 116.749333 -2688.582371 0.270432 0.916498 0.294785 -0.689569 0.398069 -0.605009 0.671834 0.039660 -0.739639
-16.823540 -45.013211 626.274748 -1734.762921 0.227189 0.917566 0.326279 -0.673562 0.390031 -0.627845 0.703348 0.077130 -0.706648
-14.078312 -40.988475 838.274520 -1479.817474 0.256231 0.894489 0.366382 -0.573361 0.445801 -0.687400 0.778205 0.033937 -0.627093
53.165853 -138.402053 31048.011000 21422.984345 0.674886 -0.391191 -0.625699 -0.540874 0.314571 -0.780065 -0.501981 -0.864879 -0.000714
91.091701 -140.260656 -8438.284886 -23008.465917 -0.520213 0.633881 0.572340 0.483916 -0.333416 0.809110 -0.703707 -0.697874 0.133297
71.773258 -145.497522 10297.745965 -6170.898297 0.522989 -0.614741 -0.590404 0.706534 -0.074777 0.703717 -0.476752 -0.785177 0.395228
5.039599 -142.343708 35148.665328 -3427.347501 0.676488 -0.322418 -0.662126 0.682217 -0.064287 0.728318 -0.277389 -0.944412 0.176470
95.698326 -153.879851 10969.353802 -25953.659453 -0.337845 0.805983 0.486059 0.506976 -0.279268 0.815466 -0.792992 -0.521921 0.314264
-3.885654 -65.006144 -378.164626 -815.862215 -0.077053 0.951251 0.298636 0.944617 -0.026183 0.327129 -0.319001 -0.307303 0.896551
-5.666219 -66.627245 1156.745377 -1847.684708 0.059116 -0.951388 -0.302270 0.967930 -0.019434 0.250469 -0.244167 -0.307382 0.919727
-5.140757 -60.954854 -671.036735 -1441.093343 -0.091882 0.955531 0.280212 0.904400 -0.037672 0.425019 -0.416675 -0.292475 0.860721
-13.930088 -96.221584 -856.130830 -2024.298182 -0.032159 0.983498 0.178038 -0.284801 0.161728 -0.944845 0.958047 0.081091 -0.274900
-12.181282 -91.867230 930.834796 -2093.655580 -0.084808 0.981115 0.173840 -0.152508 0.159632 -0.975325 0.984657 0.109227 -0.136090
-13.019435 -88.904403 -1265.046347 -1453.426056 -0.031215 0.988633 0.147071 -0.114533 0.142636 -0.983126 0.992929 0.047533 -0.108779
-13.974783 -93.293266 -1309.525687 -1981.750488 0.000164 0.990748 0.135717 -0.169453 0.133782 -0.976416 0.985538 0.022838 -0.167907
12.390103 -202.520129 319.909374 -17169.169819 0.049166 0.998439 0.026517 0.770481 -0.054808 0.635102 -0.635564 0.010795 0.771973
14.073660 -264.743909 911.551800 -20996.012742 0.096771 0.995306 0.000813 0.918071 -0.089577 0.386164 -0.384424 0.036623 0.922430
10.044081 -231.240518 -1245.144453 -3269.023507 0.082255 0.994243 0.068672 0.962389 -0.097144 0.253715 -0.258925 -0.045220 0.964838
-0.947815 -178.397436 -8593.090829 14549.859961 0.007246 0.329864 -0.944001 0.754218 -0.621651 -0.211435 -0.656584 -0.710451 -0.253294
6.768158 -148.766693 4281.251657 1708.770348 -0.036831 -0.418024 0.907689 -0.610252 0.728684 0.310824 -0.791351 -0.542471 -0.281938
-15.350160 -201.236307 7518.184018 12555.761177 -0.029163 -0.333031 0.942465 -0.533179 0.802714 0.267150 -0.845499 -0.494712 -0.200974
-6.649184 -48.490871 1160.345644 2843.621760 -0.182576 -0.978026 -0.100656 0.979334 -0.171845 -0.106648 0.087007 -0.118047 0.989189
-7.677026 -49.959168 -1394.444148 4064.395860 0.151632 0.984622 0.086763 0.972683 -0.133030 -0.190240 0.175773 -0.113239 0.977896
-12.197568 -51.665095 -1629.645127 2043.931780 0.163124 0.984809 0.059511 0.977386 -0.153079 -0.145886 0.134560 -0.081963 0.987510
-13.274095 -67.233017 -8676.145698 -12500.021709 -0.069919 0.994346 0.079923 -0.303297 -0.097516 0.947893 -0.950327 -0.042035 -0.308400
-15.146458 -45.364589 -4583.656983 -6078.258788 0.041328 0.991276 -0.125159 -0.393839 0.131286 0.909755 -0.918250 -0.011694 -0.395829
85.724879 -96.756650 -966.546005 4326.310737 0.227697 0.750309 0.620637 -0.362369 -0.526306 0.769214 -0.903794 0.400047 -0.152050
-10.097794 -105.232332 -1626.153762 3372.761997 0.843709 0.436915 0.311865 -0.151032 -0.364289 0.918957 -0.515115 0.822435 0.241366
-14.618366 -106.903226 -2071.350214 3135.548952 0.844062 0.411140 0.344273 -0.230666 -0.301207 0.925239 -0.484100 0.860371 0.159401
-17.534786 -111.015410 -1402.321829 1428.297507 0.850480 0.395576 0.346704 -0.340601 -0.088137 0.936068 -0.400843 0.914195 -0.059775
-13.878876 -109.969872 -1329.158454 1313.638000 0.845636 0.431290 0.314466 -0.278293 -0.146481 0.949261 -0.455470 0.890243 0.003844
24.317898 -56.493166 7210.276292 -566.767880 0.891512 0.406738 0.199425 0.433397 -0.637742 -0.636751 0.131809 -0.654102 0.744834
18.477091 -75.180629 5729.952111 10781.264444 0.871701 0.429202 0.236481 0.483836 -0.677282 -0.554249 0.077721 -0.597558 0.798050
-1.763587 -35.503499 -792.426391 -348.943185 -0.185134 0.930158 -0.317067 -0.072982 0.308740 0.948342 -0.980000 -0.198710 -0.010726
-0.206647 -35.417086 -1110.139333 1249.653996 -0.197774 0.925515 -0.322965 0.047942 0.338212 0.939848 -0.979074 -0.170394 0.111261
-3.809942 -39.312041 -619.657691 704.177615 -0.182570 0.937141 -0.297379 -0.127729 0.277292 0.952258 -0.974861 -0.211838 -0.069074
-7.617304 -52.003118 -992.316302 -1077.358947 -0.110314 0.953953 -0.278936 -0.798631 0.081979 0.596212 -0.591624 -0.288537 -0.752813
-11.307908 -50.183346 366.586238 406.029750 -0.069696 0.966550 -0.246828 -0.783829 0.099989 0.612874 -0.617053 -0.236185 -0.750641
11.626844 -85.127254 2309.383792 12584.450614 -0.098782 0.994897 -0.020531 -0.987653 -0.095500 0.124182 -0.121587 -0.032545 -0.992047
13.816768 -80.231771 336.017531 7856.254615 -0.114853 0.990915 -0.069971 -0.981856 -0.102540 0.159511 -0.150887 -0.087022 -0.984713
12.846888 -74.508821 -8.593672 -2102.451037 -0.143997 0.986459 -0.078503 -0.959389 -0.119718 0.255422 -0.242565 -0.112095 -0.963637
-4.080082 -95.373549 348.500911 -6186.284122 -0.037873 0.998593 -0.037109 -0.112478 0.032640 0.993118 -0.992932 -0.041786 -0.111084
-4.801211 -103.454517 -37.766039 -5978.926881 -0.037985 0.998873 -0.028472 0.046125 0.030214 0.998479 -0.998213 -0.036614 0.047221
-2.541946 -111.883872 474.107464 -7549.255190 -0.033980 0.998944 -0.030912 0.240381 0.038191 0.969927 -0.970084 -0.025527 0.241425
10.453606 -41.141157 8438.229257 223.479717 0.082745 0.897849 -0.432458 0.318460 -0.435016 -0.842226 0.944318 0.068031 0.321924
114.753636 -54.739521 40244.392285 -698.934294 0.100510 0.965081 -0.241900 0.251225 -0.259870 -0.932391 0.962696 -0.032943 0.268572
3923.760379 -530.665803 1284136.757666 -12752.530592 0.132407 0.991177 0.005990 0.353347 -0.041554 -0.934569 0.926075 -0.125860 0.355732
34.259828 -41.664169 16838.072469 -2960.880845 -0.051168 0.978380 -0.200388 0.285522 -0.177944 -0.941708 0.957005 0.105400 0.270244
-17.834237 -34.607946 -1883.195656 -5842.778326 0.018349 0.953813 -0.299841 0.411327 -0.280540 -0.867241 0.911303 0.107420 0.397477
13.618412 -37.580520 11523.817714 -1971.552441 -0.052926 0.980557 -0.188963 0.331457 -0.161250 -0.929588 0.941985 0.111833 0.316478
27.375388 -28.791855 18502.929964 2272.372270 0.058309 0.975472 -0.212260 0.769217 0.091625 0.632385 -0.636322 0.200148 0.745007
3.555005 -31.151482 7866.283549 2726.137568 0.090523 0.986874 -0.133736 0.778324 0.013671 0.627714 -0.621303 0.160912 0.766870
18.623849 -24.438648 10681.069962 3497.922242 0.096043 0.984260 -0.148352 0.819484 0.006411 0.573067 -0.564998 0.176611 0.805969
-1.727012 -27.552132 3794.312420 3619.086607 0.078836 0.991597 -0.102571 0.811206 -0.004008 0.584746 -0.579421 0.129305 0.804706
49.264136 -21.626499 13721.720363 1950.828019 -0.012591 0.986554 -0.162951 0.794517 0.108816 0.597412 -0.607111 0.121945 0.785204
35.118038 -18.662393 10665.391542 2635.188880 0.077577 0.989542 -0.121608 0.843098 -0.000010 0.537759 -0.532134 0.144245 0.834282
8.061607 -21.024197 5733.239697 2986.834195 0.126647 0.987275 -0.096169 0.845609 -0.056772 0.530775 -0.518561 0.148543 0.842039
15.140173 -48.945191 1849.000060 4049.925661 -0.155633 0.701560 -0.695408 0.643622 0.606060 0.467378 -0.749352 0.374841 0.545862
8.593852 -39.430634 -106.897746 2786.798157 -0.123453 0.735887 -0.665755 0.724765 0.525125 0.446048 -0.677846 0.427450 0.598173
6.118884 -32.509220 324.034224 2477.849525 -0.192980 0.691619 -0.696004 0.750796 0.560768 0.349063 -0.631715 0.455194 0.627482
4.706651 -112.903221 -327.562598 5802.072103 0.016871 0.995674 -0.091375 0.972531 0.004879 0.232721 -0.232160 0.092791 0.968241
5.161518 -108.766971 -645.657096 3787.002811 0.062525 0.994178 -0.087754 0.992230 -0.052444 0.112827 -0.107568 0.094127 0.989732
3.091684 -106.004223 681.328513 -2955.121948 -0.085766 -0.994196 0.064946 0.995889 -0.083640 0.034787 -0.029154 0.067662 0.997282
2.398655 -95.412623 26.387572 -8260.054236 -0.079136 -0.994935 0.061983 0.995692 -0.075876 0.053300 -0.048327 0.065934 0.996653
3.128940 -93.827848 -333.084751 -170.975362 0.035396 0.996580 -0.074667 0.984772 -0.022056 0.172446 -0.170209 0.079634 0.982185
-17.621512 -43.882596 -1419.466403 3104.230060 0.036697 0.974668 -0.220625 -0.791211 0.163198 0.589365 -0.610441 -0.152933 -0.777157
-16.623731 -44.068851 -2966.891089 3881.297404 0.043424 0.952315 -0.302012 -0.790731 0.217524 0.572213 -0.610622 -0.213963 -0.762470
-19.158410 -48.184078 -2894.322155 256.434424 0.009254 0.970533 -0.240790 -0.747095 0.166766 0.643458 -0.664653 -0.173939 -0.726624
