13363
26712
-48.349877 -72.114026 119.338734 -8900.181596 -0.335309 0.625381 -0.704603 -0.058746 0.732566 0.678156 0.940275 0.268785 -0.208898
-55.436109 -83.903099 1652.066537 -5334.929658 -0.362550 0.512927 -0.778116 -0.262986 0.744682 0.613422 0.894089 0.427030 -0.135092
-62.230990 -93.204005 -2009.457201 12729.742960 -0.364362 0.883891 -0.293220 0.030629 -0.303319 -0.952397 0.930754 0.355998 -0.083445
-45.172120 -71.352286 -801.274532 -6305.859015 -0.365725 0.317819 -0.874778 -0.215163 0.885559 0.411691 0.905511 0.338786 -0.255488
-40.329129 -87.981568 -8282.765080 21338.917530 -0.258557 0.915920 -0.306983 -0.107846 -0.343172 -0.933061 0.959957 0.208142 -0.187508
-35.236743 -63.846962 -5447.378026 12161.969513 -0.279765 0.734587 -0.618153 -0.107983 -0.663854 -0.740025 0.953977 0.140283 -0.265046
-36.407808 -59.141350 -2556.537324 -7489.614348 -0.328273 0.309969 -0.892276 -0.069245 0.934185 0.350004 0.942041 0.176683 -0.285204
-70.343090 -96.128822 -5148.706470 17674.587265 -0.131552 0.926760 -0.351867 0.990850 0.112120 -0.075141 -0.030186 -0.358533 -0.933029
-69.988336 -103.002948 -5435.576842 8371.244142 -0.149451 0.918869 -0.365164 0.959069 0.044877 -0.279593 -0.240522 -0.392003 -0.887966
-74.073405 -99.514479 -3928.921505 12702.957300 -0.095332 0.964345 -0.246883 0.983900 0.053619 -0.170484 -0.151168 -0.259161 -0.953931
77.661597 -140.815676 718.516897 -1176.640812 -0.047734 0.902434 -0.428175 -0.880061 0.164759 0.445362 -0.472456 -0.398079 -0.786333
78.891562 -127.899586 762.494071 -2153.372427 0.084943 0.911576 -0.402262 -0.771926 0.315478 0.551910 -0.630012 -0.263636 -0.730466
90.265667 -149.077158 -1743.694328 -1395.243114 -0.052733 0.866355 -0.496637 -0.751458 0.293107 0.591100 -0.657670 -0.404372 -0.635573
62.087095 -105.916494 5056.888053 1735.946126 0.059244 0.953671 -0.294961 -0.887195 0.185745 0.422356 -0.457576 -0.236666 -0.857096
-22.275086 -49.166542 -2069.099515 2251.710788 0.471295 0.760306 -0.447008 0.877649 -0.354144 0.322978 0.087257 -0.544534 -0.834187
-14.510521 -50.194263 -2860.192483 4646.443744 0.362154 0.771516 -0.523076 0.922020 -0.214128 0.322534 0.136835 -0.599093 -0.788900
-19.403835 -54.552256 -3860.333601 2872.254641 0.282079 0.796434 -0.534907 0.958823 -0.214845 0.185741 0.033008 -0.565274 -0.824242
-30.467622 -50.194323 -1541.768437 -122.336549 0.471071 0.775577 -0.420207 0.882039 -0.408759 0.234359 0.010000 -0.481038 -0.876643
-27.034232 -48.174924 2239.049848 -27.125731 0.758452 0.599755 -0.255039 -0.647657 0.649930 -0.397658 0.072740 -0.466782 -0.881376
-26.378085 -54.270601 -3314.498204 970.023763 0.283727 0.813986 -0.506878 0.958523 -0.255674 0.125953 -0.027072 -0.521591 -0.852766
-2.971020 -55.126008 -1931.326038 -4031.771683 0.154316 0.738119 -0.656785 -0.030496 -0.660873 -0.749878 0.987551 -0.135747 0.079474
-5.096987 -55.136631 -1821.220519 -3124.626910 0.130787 0.738683 -0.661242 -0.027258 -0.664040 -0.747200 0.991036 -0.115748 0.066713
-5.140813 -56.634315 -1297.859994 -10207.738579 0.133553 0.741682 -0.657322 0.116699 -0.670418 -0.732749 0.984147 -0.021152 0.176089
-2.705544 -60.561334 -1059.291825 7736.207053 0.137922 0.737886 -0.660683 -0.195423 -0.633670 -0.748513 0.970972 -0.232349 -0.056803
-3.701594 -52.578543 -1283.817805 -6272.463397 0.155846 0.747204 -0.646063 0.079349 -0.661411 -0.745814 0.984589 -0.064968 0.162368
-0.471333 -58.931531 -459.694909 -797.045261 0.141678 0.757931 -0.636764 -0.124590 -0.624485 -0.771036 0.982041 -0.188573 -0.005955
-21.481032 -51.431942 -1880.145192 3942.171001 0.129115 0.663372 -0.737066 0.777121 -0.529393 -0.340331 0.615964 0.528848 0.583873
-16.251055 -45.840631 -2682.691090 6018.539412 0.062648 0.741549 -0.667967 0.753883 -0.473742 -0.455223 0.654014 0.475050 0.588721
-17.194679 -41.503042 -2293.469416 5482.239909 0.069463 0.719345 -0.691171 0.723909 -0.513060 -0.461220 0.686389 0.468308 0.556379
-18.022901 -43.075631 -735.929148 5916.241570 0.142337 0.630601 -0.762943 0.704111 -0.606244 -0.369723 0.695678 0.484572 0.530304
-14.765333 -81.609737 -1386.568776 22078.084890 -0.323163 0.884475 -0.336556 0.247149 0.422176 0.872172 -0.913501 -0.198674 0.355029
-15.637180 -66.387401 271.047088 16518.172339 -0.281414 0.910777 -0.302145 0.310199 0.384308 0.869531 -0.908066 -0.150973 0.390671
-16.500135 -91.717971 1510.991111 19695.261133 -0.252355 0.909721 -0.329735 0.187600 0.380296 0.905639 -0.949275 -0.166684 0.266633
-10.934045 -56.448063 90.657458 -10418.638722 0.061971 0.788647 -0.611715 0.162620 -0.612681 -0.773419 0.984741 0.051547 0.166218
-13.169883 -53.506418 -1208.006104 -9954.470346 0.054005 0.796287 -0.602504 0.176043 -0.601526 -0.779215 0.982900 0.063985 0.172666
-11.054876 -53.630289 -1249.859682 -2948.670403 0.073942 0.783232 -0.617318 0.207882 -0.617519 -0.758587 0.975355 0.072238 0.208481
-17.351690 -32.977626 897.909874 4997.907709 0.052930 -0.758607 0.649395 0.996719 0.000253 -0.080945 0.061241 0.651549 0.756131
-13.512736 -37.579801 2117.178663 5265.425555 0.023646 -0.784145 0.620127 0.999447 0.004023 -0.033022 0.023399 0.620565 0.783806
-15.672727 -29.870157 1263.106306 1822.636227 -0.030361 -0.769564 0.637847 0.995313 -0.081897 -0.051433 0.091819 0.633296 0.768444
-22.007501 -40.365024 2633.438036 2112.901687 0.078946 0.996516 0.026913 0.060052 0.022195 -0.997948 0.995069 -0.080400 0.058090
-13.816919 -42.793687 -7760.864163 -2461.319511 0.162860 0.857611 -0.487831 0.019587 -0.497145 -0.867446 0.986455 -0.131717 0.097763
-26.448320 -37.965786 -1947.497147 117.819727 0.095195 0.890532 -0.444848 -0.050161 -0.442019 -0.895602 0.994194 -0.107571 -0.002592
-4.621742 -123.464979 84.741318 8354.873523 0.000873 0.902798 -0.430064 0.647434 -0.328271 -0.687799 0.762121 0.277837 0.584788
-4.432237 -144.597441 444.300688 16975.862072 -0.046674 0.916837 -0.396524 0.780916 -0.214040 -0.586820 0.622890 0.337041 0.705982
-3.544302 -142.679960 -1923.985118 15784.116013 0.001474 0.915875 -0.401462 0.694676 -0.289719 -0.658398 0.719321 0.277915 0.636663
-5.764216 -140.267649 1201.670506 17974.632215 -0.052256 0.913659 -0.403109 0.780233 -0.214593 -0.587526 0.623303 0.345221 0.701653
-5.854816 -115.170938 -121.806720 -1947.479149 0.021057 0.887428 -0.460466 0.500180 -0.408137 -0.763704 0.865665 0.214235 0.452468
-3.609302 -118.127800 1324.560630 5426.650047 -0.009111 0.897848 -0.440211 0.606913 -0.344906 -0.716028 0.794716 0.273693 0.541774
-4.303064 -129.516973 1249.790325 14576.609364 -0.047364 0.905879 -0.420879 0.736297 -0.253068 -0.627553 0.674998 0.339616 0.655010
-18.340360 -52.618576 3534.101625 6033.565274 0.127883 -0.950421 0.283454 0.970927 0.061660 -0.231297 0.202352 0.304793 0.930675
-18.721197 -58.368373 1444.739569 3023.078924 0.130817 -0.945969 0.296697 0.987094 0.096396 -0.127876 0.092367 0.309597 0.946371
-16.473139 -56.515474 717.080982 6051.038773 0.076134 -0.958993 0.273012 0.979480 0.020688 -0.200479 0.186610 0.282673 0.940890
-22.001813 -53.148691 3302.383594 2813.362525 0.246880 -0.917440 0.312017 0.964111 0.200089 -0.174512 0.097673 0.343903 0.933912
-23.988348 -49.664235 4095.073135 4850.569155 0.141879 -0.938686 0.314227 0.966954 0.063495 -0.246917 0.211826 0.338875 0.916675
13.516013 -663.652911 -617.181391 -187461.366340 -0.612908 -0.301884 -0.730212 -0.443507 0.896269 0.001726 0.653946 0.324912 -0.683218
6.418343 -502.858688 7202.800668 -82308.700039 -0.630396 -0.341460 -0.697142 -0.494546 0.868883 0.021618 0.598353 0.358396 -0.716607
1.047061 -508.679810 274.339827 124076.960834 -0.637355 -0.368595 -0.676695 -0.269882 0.929330 -0.252012 0.721763 0.022006 -0.691790
6.157563 -362.629957 -3195.206900 -19478.872837 -0.597042 -0.325712 -0.733112 -0.445050 0.894817 -0.035110 0.667437 0.305309 -0.679201
8.140575 -471.781173 448.066916 98173.331992 0.600449 0.315132 0.734951 0.606117 -0.778862 -0.161233 0.521616 0.542278 -0.658674
1.709982 -385.288158 -4173.865353 1943.320746 -0.585692 -0.378154 -0.716913 -0.190982 0.923977 -0.331350 0.787712 -0.057151 -0.613386
-3857.912579 -10076.781681 -1332698.634384 -13625773.481340 0.677697 0.259497 0.688032 0.595006 0.356277 -0.720441 0.432082 -0.897624 -0.087045
-49.525711 -27714.806215 -104361.552359 17537747.904541 -0.493746 -0.132972 -0.859380 -0.451200 0.883982 0.122452 0.743393 0.448213 -0.496460
3021.521062 -213239.075256 -2550954.149923 -309289188.688461 -0.492704 -0.196326 -0.847761 -0.414435 0.909577 0.030221 0.765171 0.366232 -0.529517
-988.163346 -5282.941119 314685.937097 22294741.233958 -0.597893 -0.256285 -0.759501 0.745616 0.170000 -0.644327 0.294246 -0.951535 0.089449
270.370248 -8153.928261 16129.750013 -140274581.892360 0.536769 0.245197 0.807315 -0.394455 0.918762 -0.016780 -0.745845 -0.309443 0.589882
-4.286966 -202.428090 -2022.838879 24085.539754 0.704031 0.331375 0.628117 0.553460 0.298189 -0.777667 0.444997 -0.895139 -0.026531
-4.432425 -268.843303 -2027.335017 54125.708865 0.738957 0.319598 0.593127 0.613832 0.043574 -0.788233 0.277762 -0.946551 0.163980
-3.903467 -297.830719 -4216.980284 62694.783244 0.742535 0.302590 0.597562 0.569986 0.183109 -0.800991 0.351791 -0.935366 0.036507
-18.189659 -46.596754 -3191.450628 876.639692 0.008749 0.933231 -0.359170 -0.597338 -0.283178 -0.750332 0.801942 -0.221110 -0.554977
-9.845158 -42.467158 -2793.482985 153.752560 -0.015038 0.899934 -0.435767 -0.592348 -0.359126 -0.721216 0.805542 -0.247280 -0.538475
-17.114695 -46.999915 -2385.593738 -407.900605 0.040132 0.943094 -0.330097 -0.647947 -0.226923 -0.727098 0.760628 -0.243065 -0.601968
-0.859460 -74.073582 -917.173511 -2074.147784 -0.158650 0.890984 -0.425414 0.594373 0.430236 0.679424 -0.788385 0.145064 0.597834
1.586658 -69.984270 -1292.509077 -540.377715 -0.181337 0.874532 -0.449789 0.476310 0.478249 0.737839 -0.860375 0.080441 0.503273
-0.360724 -74.749571 340.803605 -2396.279675 -0.155605 0.891988 -0.424433 0.567337 0.432434 0.700806 -0.808651 0.131748 0.573347
-2.307556 -80.210435 113.881538 -3610.662102 -0.120462 0.910743 -0.395014 0.703355 0.359106 0.613461 -0.700557 0.203937 0.683834
-1.515607 -73.608693 -594.780385 -3342.638920 -0.142618 0.901149 -0.409377 0.670789 0.392133 0.629502 -0.727806 0.184828 0.660407
-13.461784 -51.499782 -5110.489124 -3028.219817 0.042637 -0.689721 0.722819 0.996567 -0.022027 -0.079802 0.070963 0.723740 0.686414
-19.248208 -51.299088 -2679.729167 -2847.418513 -0.003074 -0.710250 0.703943 0.999967 0.003133 0.007528 -0.007552 0.703943 0.710216
-21.553558 -57.938448 -366.233694 -794.985436 -0.104604 -0.725664 0.680051 0.985682 -0.166577 -0.026134 0.132246 0.667581 0.732699
-19.022010 -62.521183 -349.753497 -462.905021 -0.086480 -0.713184 0.695622 0.972695 -0.211392 -0.095803 0.215374 0.668343 0.711992
-16.649163 -63.786854 -1448.392666 -3893.573263 -0.041034 -0.685158 0.727238 0.977898 -0.176888 -0.111476 0.205018 0.706590 0.677272
19.045184 -289.677351 994.933606 -50151.283180 0.089768 0.751592 -0.653491 0.169032 0.635124 0.753688 -0.981514 0.178118 0.070029
11.366851 -230.006271 33.840220 -51790.058914 0.089023 0.735854 -0.671262 -0.213744 0.672351 0.708701 -0.972825 -0.080387 -0.217139
24.073866 -404.000453 -6251.678856 -119972.676952 0.094097 0.734556 -0.671992 0.103860 0.664061 0.740430 -0.990131 0.139465 0.013805
6.015451 -223.649107 4403.696535 -53889.148868 -0.090091 -0.673545 0.733635 -0.247572 0.728654 0.638570 -0.964672 -0.124098 -0.232396
29.924483 -343.579517 -3900.724607 -44557.169160 0.093646 0.735442 -0.671085 0.430563 0.577840 0.693337 -0.897689 0.353873 0.262541
40.064317 -486.831165 -11768.770443 -120178.254549 0.101925 0.699277 -0.707547 0.455352 0.599569 0.658157 -0.884458 0.389266 0.257306
19.506529 -515.586901 7606.925829 -169576.153095 -0.142182 -0.627709 0.765353 0.084785 0.762644 0.641238 -0.986203 0.156063 -0.055214
10.970536 -96.120842 579.538582 -5158.091307 0.127387 0.387592 -0.912987 -0.623048 0.747481 0.230397 0.771741 0.539485 0.336708
-13.260658 -75.222415 -3938.885232 -2916.242331 0.148689 0.320122 -0.935635 -0.504772 0.838176 0.206559 0.850351 0.441569 0.286216
15.547195 -85.206430 1699.516225 5726.449495 -0.016925 0.652246 -0.757818 0.618026 -0.588972 -0.520726 0.785975 0.477165 0.393137
33.684669 -107.437622 4276.775464 -11910.014639 0.039145 0.530152 -0.846999 -0.739401 0.585532 0.332322 0.672126 0.613263 0.414916
47.316022 -61.937325 -13443.802172 942.571085 0.010598 0.994602 0.103218 0.787836 -0.071874 0.611677 -0.615794 -0.074837 0.784345
28.293911 -47.471495 -20036.973848 1223.609115 -0.168398 0.984408 0.050831 0.686281 0.080070 0.722916 -0.707574 -0.156622 0.689064
54.168891 -69.754372 -1564.731282 8435.626549 -0.089124 0.989756 -0.111537 0.680072 0.142286 0.719205 -0.727708 0.011755 0.685787
62.141026 -89.229170 4603.045272 11004.542500 0.041573 0.988015 -0.148657 0.776986 0.061570 0.626499 -0.628143 0.141550 0.765114
72.217175 -78.585512 5043.255096 6772.133489 0.131009 0.990921 -0.030202 0.851396 -0.096850 0.515505 -0.507900 0.093250 0.856354
61.886686 -67.950957 -22806.221800 -1658.920649 0.114218 0.973390 0.198659 0.857421 -0.197588 0.475172 -0.501781 -0.116061 0.857173
24.593607 -62.037492 -40535.916032 -2423.169534 0.017364 0.936184 0.351080 0.831660 -0.208437 0.514681 -0.555014 -0.283043 0.782206
18.534444 -52.966243 -4326.955247 2008.171880 0.158614 0.857777 -0.488937 0.416300 0.390934 0.820893 -0.895286 0.333749 0.295085
11.811110 -51.407689 -5786.766027 252.443941 0.109765 0.852207 -0.511561 0.489371 0.401634 0.774084 -0.865140 0.335310 0.372960
10.782857 -54.615263 -8641.965420 1568.851405 0.090376 0.865182 -0.493247 0.414099 0.417784 0.808689 -0.905734 0.277340 0.320513
17.307497 -48.397154 -28.065223 811.063895 0.185684 0.845066 -0.501382 0.492037 0.361709 0.791875 -0.850542 0.393737 0.348640
15.074564 -56.423085 -5182.260126 1929.224715 0.140932 0.864082 -0.483218 0.301679 0.427395 0.852246 -0.942936 0.265886 0.200442
21.021229 -51.411760 2299.341789 2236.699977 0.243933 0.845160 -0.475607 0.412777 0.353297 0.839522 -0.877560 0.401106 0.262682
20.280656 -55.392290 -914.292755 3789.185720 0.211976 0.854092 -0.474967 0.334475 0.393255 0.856433 -0.918255 0.340408 0.202312
6.026333 -58.026351 3823.042274 248.835068 -0.062789 -0.558412 0.827184 -0.039682 0.829561 0.557004 -0.997238 0.002149 -0.074246
8.464461 -61.243122 4614.299444 -710.370616 -0.055306 -0.574719 0.816480 0.077718 0.812773 0.577374 -0.995440 0.095387 -0.000286
3.394452 -57.808511 4888.815377 165.092937 -0.067281 -0.594859 0.801010 -0.008947 0.803156 0.595701 -0.997694 0.032912 -0.059359
-1.185170 -57.494164 3091.579295 447.287469 -0.082155 -0.623052 0.777854 -0.080714 0.782088 0.617919 -0.993346 -0.012018 -0.114542
-9.276705 -31.098799 -503.482341 9104.372949 -0.081655 0.881577 -0.464924 0.978907 -0.016715 -0.203620 -0.187278 -0.471744 -0.861617
-12.211687 -39.856686 277.365836 8829.625075 -0.070453 0.887801 -0.454803 0.969064 -0.047200 -0.242254 -0.236540 -0.457800 -0.857011
-6.920221 -23.236005 255.464335 6902.464002 0.161603 0.854987 -0.492831 0.970585 -0.228012 -0.077304 -0.178465 -0.465841 -0.866685
-5.313220 -17.543987 241.559044 7093.958384 -0.045269 0.878065 -0.476396 0.987722 -0.032036 -0.152904 -0.149522 -0.477469 -0.865833
-6.619455 -24.408907 1002.248172 5581.804999 0.363451 0.792711 -0.489401 0.910174 -0.414196 0.005039 -0.198714 -0.447271 -0.872044
-1.296859 -14.509475 1821.308418 3252.051215 0.579251 0.662744 -0.474593 0.796861 -0.583020 0.158429 -0.171699 -0.469955 -0.865830
0.017441 -76.250611 -486.681873 -12801.916150 0.162076 -0.032462 0.986244 0.303124 0.952773 -0.018453 -0.939067 0.301945 0.164261
-0.024090 -80.484539 -495.751709 -12463.396153 0.151244 -0.065450 0.986327 0.325554 0.945437 0.012816 -0.933349 0.319165 0.164299
-1.443975 -73.176921 -986.898210 904.170651 0.139968 -0.050652 0.988860 0.480429 0.876730 -0.023094 -0.865793 0.478309 0.147048
-2.916627 -82.672470 -894.733782 9277.668425 0.128995 -0.072165 0.989016 0.626719 0.778847 -0.024912 -0.768494 0.623049 0.145694
-2.307407 -78.168442 -119.534247 8458.480672 0.143326 -0.051945 0.988311 0.611290 0.790002 -0.047128 -0.778320 0.610899 0.144982
11.490804 -169.315457 -2688.250556 33129.149475 0.059115 0.152102 -0.986595 -0.553080 0.827754 0.094474 0.831028 0.540081 0.133058
7.143267 -119.551873 2043.503548 12464.936176 -0.127528 0.377309 -0.917265 -0.559373 0.736343 0.380658 0.819047 0.561638 0.117152
28.283572 -167.864118 5110.146188 29968.790654 0.029144 0.179978 -0.983239 -0.360068 0.919511 0.157641 0.932471 0.349438 0.091602
1.231396 -195.494471 -1632.697866 15741.365389 -0.711834 0.702329 0.005086 0.693612 0.704100 -0.152139 -0.110432 -0.104770 -0.988346
1.560767 -189.346718 -645.623687 -22517.615594 -0.707502 0.706710 0.001303 -0.704581 -0.705512 0.076282 -0.054828 -0.053052 -0.997085
0.876772 -190.106070 1152.648809 99.768248 -0.723193 0.689650 0.037080 -0.614885 -0.667382 0.420141 -0.314497 -0.281043 -0.906701
-0.758225 -192.006335 2666.408935 -5965.241960 0.744463 -0.667600 0.009190 0.562763 0.620030 -0.546682 -0.359267 -0.412157 -0.837290
-1.084012 -179.369357 3677.102121 9916.314743 0.729597 -0.683807 0.009845 0.656023 0.695741 -0.292538 -0.193190 -0.219894 -0.956203
18950.088551 -267.168824 7730813.256968 -191358.617629 -0.234338 -0.895954 0.377295 0.941553 -0.112562 0.317502 -0.241998 0.429647 0.869966
337.533441 -39.459453 1645.781629 -9754.089993 -0.417771 -0.394418 0.818475 0.906986 -0.233927 0.350221 0.053330 0.888658 0.455459
3855.302468 -131.562333 1565412.019189 -4748.794613 -0.401220 -0.824056 0.399942 0.903857 -0.285372 0.318755 -0.148540 0.489381 0.859326
656.580852 -73.808643 313521.700697 -3742.384510 -0.577744 -0.786506 0.218222 0.779121 -0.451723 0.434646 -0.243275 0.421135 0.873763
184.533023 -48.417606 -85406.449337 -13908.486650 0.529651 0.842557 -0.097820 0.778304 -0.436905 0.450952 -0.337215 0.314981 0.887172
-10.976125 -54.603987 -4452.178527 -1628.514464 0.037938 0.122313 0.991766 0.226309 0.965642 -0.127748 -0.973317 0.229292 0.008954
-5.290457 -51.820512 -7264.160074 2461.056291 -0.028175 0.014613 0.999496 0.270769 0.962623 -0.006441 -0.962232 0.270452 -0.031079
-12.310833 -64.716507 -3197.702817 4199.742137 0.045721 0.108532 0.993041 0.165290 0.979556 -0.114668 -0.985185 0.169383 0.026847
-9.341351 -50.867874 -6197.320268 5721.872187 0.029583 0.132442 0.990749 0.353755 0.925646 -0.134302 -0.934870 0.354455 -0.019469
-7.857269 -264.288026 5564.556564 -13434.193074 0.661249 0.372837 0.650955 0.190002 0.756214 -0.626131 -0.725706 0.537711 0.429205
-12.310165 -217.447972 4445.992304 -12495.454704 0.647241 0.396768 0.650887 0.009975 0.849381 -0.527685 -0.762220 0.348032 0.545797
-10.928663 -256.822825 4632.774236 2476.965641 0.653057 0.436311 0.618991 -0.126187 0.868622 -0.479138 -0.746722 0.234796 0.622316
-3.034523 -301.607450 -1342.700486 -20374.316869 0.616671 0.437663 0.654345 0.100569 0.780600 -0.616888 -0.780770 0.446224 0.437358
-12.183870 -265.765185 3420.793369 18893.578888 0.604880 0.525218 0.598554 -0.444218 0.846385 -0.293772 -0.660901 -0.088192 0.745273
-7.787230 -329.354990 3128.022424 8990.762132 0.615417 0.509686 0.601233 -0.252851 0.850139 -0.461876 -0.746544 0.132224 0.652065
-31.797643 -47.173291 2878.192617 351.367628 -0.595020 0.671411 0.441767 0.323378 0.703204 -0.633190 -0.735784 -0.233903 -0.635541
-23.565461 -51.364899 3698.044341 -1575.709351 -0.592949 0.519844 0.614958 0.156100 0.823415 -0.545547 -0.789965 -0.227487 -0.569391
-29.516703 -52.766463 3576.103482 -1562.992989 -0.645522 0.429017 0.631859 0.189788 0.891477 -0.411399 -0.739785 -0.145648 -0.656890
2.802484 -328.112986 183.536190 10262.883860 0.624986 0.395381 0.673102 -0.489041 -0.473773 0.732378 -0.608466 0.786900 0.102744
3.465920 -285.296071 2722.569246 -6702.279102 0.643668 0.388544 0.659337 -0.468284 -0.481463 0.740880 -0.605311 0.785638 0.127953
4.810833 -311.255762 2184.150431 -2780.981152 0.616661 0.384121 0.687154 0.638700 0.266154 -0.721959 -0.460208 0.884089 -0.081211
2.224897 -294.656219 528.844819 -15774.167055 0.638562 0.431964 0.636903 0.212656 0.696339 -0.685485 -0.739605 0.573166 0.352796
4.417554 -345.530114 376.679673 582.606051 0.629798 0.379598 0.677687 0.692623 0.120484 -0.711166 -0.351607 0.917273 -0.187038
-1.416646 -311.992428 2059.718536 -11604.492164 0.655131 0.410550 0.634233 0.149479 0.752442 -0.641473 -0.740580 0.515054 0.431579
-6.934201 -10.909653 245.075099 877.706158 0.229862 0.918546 -0.321617 0.959688 -0.268854 -0.081956 -0.161748 -0.289813 -0.943316
-9.560109 -12.363226 1279.274686 590.351731 0.483373 0.807428 -0.338245 0.861032 -0.508261 0.017194 -0.158034 -0.299551 -0.940901
-7.575699 -17.873265 1628.010335 2857.518431 0.179495 0.931877 -0.315256 0.967471 -0.225286 -0.115088 -0.178271 -0.284343 -0.942002
-5.947471 -16.684758 530.263047 2730.213662 0.115322 0.945816 -0.303534 0.977225 -0.162825 -0.136085 -0.178134 -0.280927 -0.943053
-7.059570 -24.201476 1500.320244 4171.961416 0.127810 0.944543 -0.302496 0.970092 -0.182517 -0.160026 -0.206362 -0.272996 -0.939621
-8.980647 -23.484510 1928.388971 4166.154261 0.086860 0.947989 -0.306223 0.974990 -0.144015 -0.169276 -0.204572 -0.283861 -0.936789
3.015550 -73.002161 361.670802 1875.934507 0.146525 -0.174393 -0.973713 0.170460 0.974064 -0.148805 0.974409 -0.144175 0.172452
3.687563 -67.532944 1088.016277 881.883153 0.150080 -0.129857 -0.980109 0.041558 0.991289 -0.124975 0.987800 -0.021975 0.154169
3.169305 -71.304883 566.998422 1326.734537 0.149716 -0.139093 -0.978896 0.032600 0.990211 -0.135715 0.988191 -0.011594 0.152785
-15.345946 -43.963075 -988.565040 1019.055622 -0.324808 -0.083025 0.942129 -0.456208 0.886344 -0.079174 -0.828477 -0.455523 -0.325768
-16.576367 -47.416896 -1388.853736 803.927662 -0.367836 0.056304 0.928184 -0.475503 0.846404 -0.239784 -0.799120 -0.529556 -0.284565
-16.233052 -46.823527 -1893.826863 1842.996395 -0.328735 -0.019017 0.944231 -0.427353 0.894578 -0.130766 -0.842201 -0.446508 -0.302206
-13.948553 -45.985582 -2368.636914 -974.404384 -0.288970 -0.134300 0.947871 -0.427492 0.904016 -0.002240 -0.856590 -0.405855 -0.318646
-667.020458 -1753.817566 254402.200162 -1175262.762744 -0.214743 0.579670 -0.786046 0.652377 0.684079 0.326250 0.726835 -0.442739 -0.525065
-496.410956 -896.333261 145515.573638 -765241.621629 0.006658 0.532692 -0.846283 0.949479 0.262175 0.172496 0.313761 -0.804676 -0.504034
-255.354118 -1177.459293 -125920.195227 325581.881665 0.623373 0.368560 0.689616 0.604359 0.332505 -0.724010 0.496142 -0.868104 0.015468
-187.919312 -496.281653 52796.439749 -181691.988935 -0.170579 0.544497 -0.821234 0.577117 0.730742 0.364625 0.798648 -0.411751 -0.438888
-22.085488 -1709.325689 42506.618263 -776854.739206 -0.274163 0.585078 -0.763229 0.297311 0.806326 0.511317 0.914571 -0.086732 -0.395015
15.522378 -61.985869 -7818.617323 14789.082703 0.605991 -0.322975 -0.726954 0.605976 -0.404601 0.684902 0.515333 0.855561 0.049470
-36.077439 -83.871272 31818.067044 15632.094939 -0.398671 0.011871 0.917017 0.791888 -0.499894 0.350742 0.462575 0.866005 0.189893
31.034038 -182.635473 24624.745448 83766.902195 -0.624401 0.245816 0.741416 0.629553 -0.403493 0.663971 0.462371 0.881344 0.097187
52.047849 -146.147014 -357.747753 70661.485964 0.612898 -0.421668 -0.668245 0.569124 -0.351091 0.743528 0.548137 0.836021 -0.024799
94.598370 -303.425575 8955.245341 111944.529594 -0.613900 0.412533 0.673011 0.646654 -0.226159 0.728485 0.452732 0.882422 -0.127927
-70.599415 -97.449425 3111.536414 5199.368035 -0.407682 0.763058 -0.501535 0.247804 -0.436185 -0.865064 0.878856 0.476954 0.011264
-58.810062 -92.419303 1014.091210 -3450.943619 -0.409366 0.541754 -0.734113 -0.378610 0.631201 0.676934 0.830105 0.555056 -0.053278
-49.573998 -80.143453 929.857527 -4978.381624 -0.396354 0.282734 -0.873479 -0.338289 0.839486 0.425234 0.853501 0.464031 -0.237088
-53.733908 -87.623471 -329.778036 -3205.233973 -0.424357 0.390925 -0.816761 -0.403895 0.725584 0.557133 0.810426 0.566309 -0.150014
-61.720166 -99.304182 -4460.727714 11277.040659 -0.147915 0.878683 -0.453913 0.984578 0.087474 -0.151509 -0.093422 -0.469323 -0.878071
-59.317984 -99.754877 -6344.462015 -144.983466 -0.142682 0.854524 -0.499430 0.927101 -0.061309 -0.369763 -0.346591 -0.515780 -0.783483
-67.695600 -104.749028 -4493.022454 8695.996715 -0.125950 0.924966 -0.358574 -0.867131 0.072931 0.492712 -0.481893 -0.372987 -0.792881
-3.460389 -107.803980 -22149.947582 1436.437499 -0.576830 0.468162 -0.669396 0.625977 -0.273141 -0.730443 -0.524805 -0.840368 -0.135503
-14.074712 -105.684812 -18028.477106 5642.415076 -0.494188 0.464398 -0.734923 0.783572 -0.128225 -0.607926 -0.376555 -0.876295 -0.300522
19.325698 -118.192468 -19696.894314 6506.958261 -0.498124 0.486949 -0.717463 0.759270 -0.154671 -0.632128 -0.418785 -0.859626 -0.292681
43.224294 -122.127863 -17497.443521 -1303.524212 -0.494693 0.543377 -0.678248 0.630499 -0.312725 -0.710404 -0.598122 -0.779067 -0.187896
-15.060991 -57.599151 -1960.258060 4021.222048 0.208768 0.795439 -0.568940 0.976771 -0.140851 0.161493 0.048322 -0.589438 -0.806367
-11.979606 -51.239329 344.096776 4854.521184 0.265127 0.790450 -0.552174 0.948449 -0.110664 0.296981 0.173643 -0.602447 -0.779042
-7.345342 -41.737721 -775.486376 3448.409259 0.530020 0.726918 -0.436656 0.813520 -0.290571 0.503740 0.239298 -0.622220 -0.745371
-7.684457 -58.031907 -2838.588332 -11726.006901 0.133175 0.746673 -0.651724 0.124334 -0.664973 -0.736446 0.983263 -0.017045 0.181394
-6.894918 -61.556490 -1481.935131 9333.776506 0.125232 0.756759 -0.641587 -0.190658 -0.616268 -0.764110 0.973636 -0.218014 -0.067106
49.680698 -52.222480 33835.481563 -4442.275045 -0.516667 -0.802074 0.299553 0.831033 -0.553976 -0.049946 0.206006 0.223133 0.952771
87.317053 -45.435854 27671.313594 -5915.585698 -0.366535 -0.831384 0.417676 0.887118 -0.447623 -0.112496 0.280489 0.329294 0.901605
71.135582 -58.821948 -37828.342513 -4277.522127 0.450473 0.844815 -0.288726 0.846128 -0.507170 -0.163848 0.284855 0.170490 0.943287
-1.645399 -66.545847 29374.189499 -401.128011 -0.676921 -0.689030 0.258874 0.715974 -0.697979 0.014406 0.170762 0.195099 0.965804
-13.899089 -53.974849 -2323.606564 17777.705148 -0.327313 0.891523 -0.313134 0.350836 0.422361 0.835778 -0.877371 -0.163702 0.451022
-13.909769 -46.663902 -119.790917 6425.264666 -0.288496 0.912077 -0.291350 0.384448 0.389026 0.837173 -0.876909 -0.129512 0.462879
-15.311074 -55.439964 -1449.271480 -8175.161146 0.000602 0.787480 -0.616340 0.180658 -0.606284 -0.774456 0.983546 0.110881 0.142629
-14.493969 -55.194115 -2276.367070 -8220.221377 0.039988 0.785931 -0.617020 0.176268 -0.613378 -0.769868 0.983530 0.077976 0.163062
-15.827452 -53.473311 -1363.884096 1524.166939 0.004911 0.773226 -0.634111 0.010542 -0.634124 -0.773160 0.999932 0.002888 0.011265
-16.558928 -54.503677 -718.156598 -3390.463055 -0.037752 0.754444 -0.655278 0.082401 -0.651162 -0.754452 0.995884 0.082478 0.037584
-14.558150 -59.054373 -14.660106 8966.133803 0.009601 0.759290 -0.650682 -0.153339 -0.641898 -0.751302 0.988127 -0.106988 -0.110266
-14.542867 -56.210134 -1601.590004 8743.284232 -0.009181 0.751282 -0.659917 -0.162318 -0.652312 -0.740366 0.986696 -0.100319 -0.127935
-16.506231 -55.984649 -669.318651 8080.780538 -0.047577 0.762174 -0.645621 -0.100660 -0.646721 -0.756055 0.993783 -0.029017 -0.107489
6.560012 -24.493364 -10722.151354 -294.506449 0.213933 -0.616178 0.757996 0.970245 0.043962 -0.238101 0.113390 0.786379 0.607248
13.810106 -26.119859 -15929.765204 -4408.629282 0.183710 -0.601548 0.777426 0.975346 0.013171 -0.220288 0.122274 0.798728 0.589137
40.342120 -22.902127 -17715.504245 -168.193828 0.217996 -0.620844 0.753015 0.968957 0.045483 -0.243011 0.116623 0.782614 0.611486
-7.486154 -28.396486 -8171.431252 -5690.810116 0.132722 -0.627224 0.767447 0.982284 -0.020113 -0.186313 0.132296 0.778579 0.613443
32.886918 -22.698499 -18600.615626 4501.183838 0.232783 -0.603673 0.762490 0.965907 0.052172 -0.253580 0.113298 0.795523 0.595236
10.605374 -28.147963 -11495.952353 5988.188507 0.169130 -0.619901 0.766236 0.980621 0.027843 -0.193926 0.098880 0.784186 0.612597
-11.364489 -26.118274 -4002.235195 3774.570330 0.129721 -0.651780 0.747232 0.985750 0.003378 -0.168182 0.107093 0.758401 0.642930
-15.263734 -26.233787 -3862.545090 -1812.778798 0.176828 -0.654294 0.735276 0.977989 0.032732 -0.206071 0.110764 0.755532 0.645680
-4.865393 -158.847305 637.729023 16691.730061 -0.073963 0.918064 -0.389472 0.899788 -0.106965 -0.423013 0.430013 0.381730 0.818151
-6.339774 -185.499458 3627.104895 15241.941525 0.729882 0.202819 0.652791 -0.476436 -0.533864 0.698569 -0.490185 0.820886 0.293027
-5.132529 -251.068784 5874.230807 26225.388109 0.707414 0.186899 0.681641 -0.613124 -0.317520 0.723367 -0.351631 0.929651 0.110026
-6.624307 -210.982560 694.415644 27425.828939 0.700600 0.229276 0.675716 -0.580411 -0.367739 0.726562 -0.415070 0.901222 0.124563
-16.767751 -57.560604 -856.778458 -426.017851 0.092528 -0.957912 0.271740 0.995226 0.080462 -0.055241 0.031051 0.275554 0.960784
-15.243512 -57.895075 472.089615 -2013.715442 0.181625 -0.933581 0.308931 0.982774 0.183243 -0.024031 -0.034174 0.307974 0.950781
0.878014 -694.471475 -70.813778 192913.634935 0.623306 0.337038 0.705617 0.668709 -0.697495 -0.257545 0.405361 0.632382 -0.660133
3.149418 -538.796089 11568.364663 -56654.099894 -0.590304 -0.374899 -0.714837 -0.518810 0.854660 -0.019803 0.618366 0.359175 -0.699011
-2155.266110 -32312.944670 -793412.603014 17499508.142255 0.603066 0.138715 0.785538 0.718699 0.332778 -0.610517 -0.346098 0.932747 0.100993
-12.120018 -44.374768 -866.428734 -1463.272228 0.026481 0.929324 -0.368316 -0.648466 -0.264435 -0.713839 0.760783 -0.257743 -0.595632
-4.862201 -40.721234 -3569.320994 -918.965418 -0.012569 0.882270 -0.470576 -0.612235 -0.378875 -0.693990 0.790576 -0.279380 -0.544919
-0.996564 -38.931832 -3997.898241 795.611032 -0.057031 0.848416 -0.526249 -0.568160 -0.461009 -0.681663 0.820939 -0.260118 -0.508328
0.597153 -71.179012 99.402097 -1143.328534 -0.175809 0.875781 -0.449554 0.440849 0.478359 0.759490 -0.880195 0.064660 0.470187
-3.642886 -46.200980 -12966.954108 1115.219653 0.217425 -0.627064 0.748008 0.972130 0.207960 -0.108236 -0.087685 0.750695 0.654804
-2.522958 -47.128699 -15377.204612 3920.540867 0.193669 -0.630894 0.751309 0.971462 0.230219 -0.057098 -0.136942 0.740927 0.657476
-22.051328 -53.647554 -1242.812141 -261.733576 0.008084 -0.743870 0.668275 0.998037 0.047509 0.040810 -0.062107 0.666634 0.742794
-24.450165 -58.233654 2274.495084 -1663.911545 -0.059212 -0.770665 0.634483 0.994902 -0.097534 -0.025621 0.081629 0.629732 0.772512
-24.750510 -53.266576 4731.421328 -2128.213411 0.066029 -0.790907 0.608364 0.997403 0.069898 -0.017382 -0.028776 0.607931 0.793468
-26.559128 -53.939446 5658.112907 -1135.675288 0.087882 -0.799806 0.593791 0.990191 0.135140 0.035477 -0.108619 0.584849 0.803837
14.482125 -219.296923 2912.829382 -44256.174757 0.082526 0.758611 -0.646297 -0.185903 0.648844 0.737863 -0.979096 -0.059256 -0.194575
0.884255 -155.272301 -3216.360508 -32578.483228 0.058016 0.721786 -0.689681 -0.452392 0.634848 0.626345 -0.889930 -0.275668 -0.363362
4.766638 -162.914536 2743.976827 -38162.484770 0.093739 0.745506 -0.659874 -0.494905 0.609995 0.618850 -0.863876 -0.268564 -0.426135
-3.090005 -73.093690 4933.585138 5460.174658 -0.085112 0.748250 -0.657935 0.455468 -0.558081 -0.693609 0.886174 0.358703 0.293305
3.901583 -35.916191 -25614.382409 -7180.693131 -0.178886 0.975323 0.129405 0.679686 0.027410 0.732991 -0.711356 -0.219076 0.667816
10.711123 -44.520935 -9443.093227 3675.701953 -0.396460 0.897702 -0.192225 0.536307 0.396411 0.745140 -0.745114 -0.192326 0.638605
34.903529 -55.702732 -8442.467777 9052.621150 -0.254615 0.955242 -0.150612 0.595220 0.277552 0.754108 -0.762158 -0.102360 0.639248
6.727216 -60.847616 -2173.865517 -1584.555931 -0.152981 -0.536046 0.830212 0.030160 0.837176 0.546101 -0.987769 0.108582 -0.111905
15.072178 -66.116505 311.442421 -4625.360116 -0.130088 -0.550650 0.824538 0.142327 0.812621 0.565146 -0.981234 0.190872 -0.027340
15.686566 -65.284659 5662.664577 -3705.613591 -0.065065 -0.592277 0.803103 0.199013 0.780939 0.592055 -0.977835 0.198350 0.067059
8.769223 -62.638519 6469.376632 -1690.081104 -0.049850 -0.609647 0.791104 0.152715 0.778121 0.609266 -0.987012 0.151186 0.054313
-14.289133 -44.379072 80.416546 8911.219857 -0.228005 0.873440 -0.430252 0.941397 0.084949 -0.326427 -0.248565 -0.479465 -0.841623
-17.404879 -51.543998 264.179839 5766.519442 -0.198756 0.883462 -0.424254 0.919063 0.017697 -0.393713 -0.340323 -0.468169 -0.815474
-16.281756 -47.138242 491.494297 5934.865790 -0.056827 0.899358 -0.433505 0.944742 -0.091971 -0.314648 -0.322851 -0.427431 -0.844435
1.665957 -73.315745 -478.619403 -6803.528234 0.165255 -0.027768 0.985860 0.249196 0.968345 -0.014496 -0.954250 0.248068 0.166944
1.478775 -76.329737 -282.178167 -8347.164484 0.151099 -0.062609 0.986534 0.253477 0.967078 0.022551 -0.955468 0.246656 0.161994
-0.115276 -83.312197 493.290114 -13884.022209 0.148600 -0.104217 0.983390 0.330257 0.942567 0.049986 -0.932120 0.317344 0.174484
-1.281706 -80.466818 66.088881 -1079.118163 0.130258 -0.107902 0.985591 0.501142 0.864897 0.028457 -0.855506 0.490214 0.166734
-81.125319 -134.520723 -5101.289233 -2862.988007 0.716743 -0.237987 0.655470 0.406296 0.906455 -0.115162 -0.566748 0.348856 0.746389
-73.645592 -125.604962 -7333.400886 -394.618297 0.613766 -0.252112 0.748151 0.528437 0.835244 -0.152057 -0.586554 0.488678 0.645870
-70.336504 -124.900761 -7008.406395 2300.588161 0.640967 -0.134342 0.755721 0.315701 0.943572 -0.100027 -0.699639 0.302696 0.647210
-62.021214 -114.123953 -6320.363226 3230.737525 0.538860 -0.178499 0.823267 0.540494 0.822870 -0.175362 -0.646139 0.539466 0.539889
-81.406701 -130.727072 -7780.069297 -3862.647232 0.744448 -0.143065 0.652173 0.187882 0.982191 0.000995 -0.640701 0.121791 0.758069
-70.059454 -123.581871 -6771.266931 -2841.466354 0.682639 -0.058344 0.728423 0.083071 0.996542 0.001970 -0.726018 0.059166 0.685125
-58.510103 -115.783357 -5142.341581 6863.067949 0.568090 -0.082674 0.818803 0.350982 0.924259 -0.150191 -0.744369 0.372707 0.554080
-64.326871 -131.397296 -2997.870470 7872.893243 0.589039 -0.111814 0.800332 0.183059 0.983098 0.002619 -0.787098 0.144965 0.599552
-3.674098 -173.351861 -1135.289685 -6344.688145 -0.721018 0.692571 0.021867 -0.647608 -0.684761 0.334224 -0.246447 -0.226820 -0.942240
-1.163312 -176.837137 2365.199228 -529.884348 0.740035 -0.672492 -0.010153 0.568467 0.633488 -0.524917 -0.359434 -0.382686 -0.851093
-3.491522 -172.706474 -198.747063 11742.329366 -0.726014 0.686742 0.035905 -0.516730 -0.579242 0.630451 -0.453754 -0.439163 -0.775398
-7.471097 -164.463040 -1066.027200 -3741.297537 -0.728678 0.684461 0.023267 -0.606337 -0.660558 0.442740 -0.318407 -0.308508 -0.896348
-5.697014 -159.517015 -1373.526473 -12730.032793 -0.707525 0.706529 0.014997 -0.692749 -0.697607 0.182874 -0.139668 -0.118999 -0.983022
520.559298 -61.595072 -25219.183805 -13225.637908 -0.434370 -0.333875 0.836570 0.876986 -0.368626 0.308237 0.205468 0.867550 0.452924
15892.817995 -290.943611 -6580823.011512 2787.486039 -0.162264 0.399300 0.902347 0.889383 -0.336906 0.309018 0.427397 0.852675 -0.300464
-11.154707 -70.098406 -2868.906427 9513.428744 0.006807 0.023091 0.999710 0.178824 0.983590 -0.023937 -0.983858 0.178935 0.002566
-3.641365 -55.854238 -4095.754665 5200.951916 -0.036058 -0.141843 0.989232 0.233578 0.961262 0.146347 -0.971669 0.236340 -0.001530
4.764519 -46.754447 -5005.967736 -73.922189 -0.035242 -0.122410 0.991854 0.344633 0.930102 0.127034 -0.938076 0.346303 0.009408
-0.707179 -47.811028 -8469.444341 2887.132772 -0.011971 0.034132 0.999346 0.429675 0.902618 -0.025682 -0.902904 0.429087 -0.025471
-14.132782 -98.307704 1434.074286 -7214.223180 0.212774 -0.157480 -0.964327 0.353252 0.932569 -0.074350 0.911010 -0.324831 0.254056
-8.629925 -116.749618 2146.972452 -23136.878735 0.234544 -0.096190 -0.967335 0.253890 0.966616 -0.034560 0.938365 -0.237491 0.251136
-8.265291 -129.269709 -855.155947 -19053.682343 0.269663 -0.128321 -0.954366 0.145882 0.985086 -0.091231 0.951840 -0.114624 0.284362
-8.460794 -153.716706 -6007.817277 -16839.358231 0.315098 -0.148981 -0.937293 -0.083207 0.979463 -0.183656 0.945405 0.135859 0.296230
-7.280514 -146.321618 -1830.841237 -17274.501369 0.277576 -0.186089 -0.942509 0.068700 0.982394 -0.173731 0.958244 -0.016527 0.285473
-12.490350 -110.425631 -2133.567288 -14943.420644 0.255066 -0.172457 -0.951420 0.278703 0.955318 -0.098446 0.925887 -0.240053 0.291734
-5.790871 -122.953377 -887.899796 8412.181705 -0.654768 0.754202 0.049583 0.747550 0.636517 0.189777 0.111569 0.161326 -0.980574
-6.467494 -114.177507 -762.087465 1429.274059 -0.625323 0.777295 0.069168 0.741443 0.564151 0.363312 0.243379 0.278471 -0.929097
-6.196947 -124.678587 697.483419 2827.399682 -0.625390 0.778020 0.059777 0.731782 0.558176 0.391069 0.270893 0.288314 -0.918418
-7.984995 -126.749512 2613.451758 -3377.811644 -0.604229 0.792539 0.082396 0.716771 0.495450 0.490681 0.348061 0.355542 -0.867435
-8.371332 -124.674543 1800.741285 4425.361691 -0.649385 0.758878 0.049022 0.737926 0.613254 0.281754 0.183754 0.219141 -0.958234
-5.148400 -139.729655 1294.429172 9557.063180 -0.579711 0.808348 0.102512 -0.688213 -0.418389 -0.592717 0.436232 0.414154 -0.798861
-7.461417 -134.216139 229.202792 8610.676633 -0.669705 0.741605 0.038961 0.738148 0.658995 0.144437 0.081441 0.125489 -0.988747
62.880847 -60.870115 27152.893439 1061.183434 0.919209 0.300636 -0.254310 -0.252532 -0.045458 -0.966520 0.302131 -0.952655 -0.034135
18.235577 -56.953845 18065.474021 759.759490 0.889800 0.291429 -0.351176 -0.368857 0.006187 -0.929466 0.268701 -0.956572 -0.113001
37.255799 -61.294683 20828.800625 925.851220 0.911487 0.307414 -0.273292 -0.313314 0.088407 -0.945526 0.266507 -0.947460 -0.176898
62.243300 -62.974835 18184.851379 2009.283630 0.963343 0.183201 -0.195980 -0.215086 0.090816 -0.972363 0.160340 -0.978872 -0.126891
-11.922527 -223.332266 6553.176645 -12220.096788 0.645674 0.355776 0.675669 0.294611 0.700263 -0.650258 -0.704493 0.618914 0.347326
-14.354520 -204.559336 3773.195284 -2785.709414 0.635712 0.386007 0.668483 0.105840 0.814228 -0.570816 -0.764636 0.433626 0.476759
-33.574521 -46.896206 -4122.658674 -684.109786 -0.100319 0.949074 -0.298655 -0.803222 0.099893 0.587245 -0.587172 -0.298798 -0.752296
-28.226923 -47.558422 -2542.580761 316.219010 0.272582 0.822997 -0.498373 -0.822993 0.467759 0.322310 -0.498378 -0.322302 -0.804823
-26.021439 -48.710350 -2813.176272 -561.966894 0.009481 0.916163 -0.400694 -0.863830 0.209349 0.458225 -0.503694 -0.341787 -0.793394
-33.347240 -46.214269 661.397104 648.899634 0.437734 0.721052 -0.537096 -0.709381 0.644002 0.286426 -0.552419 -0.255627 -0.793403
7.085210 -359.714260 4346.485055 -5385.640330 0.650569 0.373788 0.661092 -0.587329 -0.304229 0.749993 -0.481462 0.876201 -0.021615
3.988202 -357.642051 2038.112208 -5511.721750 0.653197 0.417450 0.631719 0.301756 0.621668 -0.722823 -0.694462 0.662770 0.280103
-15.937863 -58.606886 -2703.581888 -944.983439 -0.342416 0.672235 -0.656393 -0.582386 0.396360 0.709736 -0.737277 -0.625299 -0.255780
-15.901054 -55.949357 -2353.398228 1367.653824 -0.311434 0.670229 -0.673648 0.686220 -0.331766 -0.647328 -0.657352 -0.663870 -0.356601
-11.029546 -56.682668 -2676.460328 1047.186235 -0.355760 0.664926 -0.656741 0.651085 -0.327792 -0.684573 -0.670465 -0.671138 -0.316308
-7.772876 -10.250560 -385.912951 1247.007686 0.863457 0.423921 -0.273375 -0.482205 0.852767 -0.200666 -0.148059 -0.305089 -0.940744
-7.280075 -13.576306 674.429631 2703.768927 0.980770 0.094241 -0.170907 -0.142806 0.943414 -0.299294 -0.133030 -0.317945 -0.938730
-11.683064 -14.070875 2166.213167 2350.746019 0.874631 0.400361 -0.273370 -0.460565 0.862239 -0.210771 -0.151326 -0.310252 -0.938533
-14.257371 -55.102000 -2709.889036 1668.947881 0.165979 -0.084417 -0.982509 -0.059393 0.993665 -0.095409 0.984339 0.074190 0.159914
-15.494407 -57.472360 -3177.093781 1546.908282 0.161061 -0.131858 -0.978097 0.042642 0.991039 -0.126581 0.986023 -0.021321 0.165240
-15.925371 -54.188309 -1536.897808 901.558498 0.134242 -0.044255 -0.989960 -0.137152 0.988558 -0.062791 0.981411 0.144204 0.126636
