13800
27576
-28.079126 -42.681535 -1105.216091 3400.306746 0.893919 -0.426277 -0.138554 0.404348 0.633521 0.659662 0.193422 0.645708 -0.738680
-30.455764 -47.326662 -157.456436 2119.138346 0.964951 -0.231675 0.123275 0.129530 0.828995 0.544050 0.228237 0.509013 -0.829948
-36.915952 -52.779836 104.654125 2596.628547 0.840397 -0.524205 -0.137630 0.520634 0.710294 0.473732 0.150576 0.469778 -0.869848
-27.021939 -39.247195 -259.090454 2321.610875 0.954125 -0.108636 0.279006 -0.086438 0.792235 0.604063 0.286661 0.600468 -0.746501
-28.741072 -60.519382 1078.737184 5799.031421 -0.687609 0.631946 0.357546 0.715004 0.503640 0.484888 0.126348 0.589060 -0.798151
-16.913822 -46.115776 -2312.790601 6470.393350 0.836213 -0.447300 -0.317287 0.527566 0.498153 0.688126 0.149741 0.742810 -0.652542
-20.149085 -30.739372 -1398.492150 2916.873511 0.970270 -0.241495 -0.015981 0.164695 0.610437 0.774753 0.177344 0.754352 -0.632062
-23.906786 -31.830223 137.242284 1861.843896 0.911770 0.021452 0.410140 -0.298377 0.720821 0.625611 0.282217 0.692790 -0.663623
-28.728243 -46.087847 1179.341547 342.313144 0.999435 0.033605 -0.001050 0.033347 -0.986807 0.158430 -0.004288 0.158376 0.987370
-25.622048 -47.238025 -403.815057 -964.838719 0.986712 0.007464 0.162305 -0.031206 -0.971640 0.234397 -0.159452 0.236347 0.958496
-27.537170 -48.295636 -195.485651 -895.108071 0.985104 -0.077474 0.153517 0.085878 0.995106 -0.048879 -0.148979 0.061335 0.986936
-26.303333 -43.427218 1126.239318 -1057.811397 0.994289 -0.032635 -0.101608 0.036241 0.998769 0.033853 0.100378 -0.037343 0.994248
-27.344293 -45.882230 194.693440 -1626.298891 0.994264 -0.021175 -0.104840 0.011636 0.995803 -0.090776 0.106322 0.089036 0.990337
-28.556463 -45.462281 1758.768465 1458.006677 0.999944 -0.007175 -0.007732 -0.007348 -0.999720 -0.022475 0.007569 -0.022531 0.999717
1.651293 -39.231270 -2760.068181 2643.783631 0.336802 0.940438 0.046270 -0.874385 0.294160 0.385902 -0.349306 0.170431 -0.921379
-10.755033 -49.474119 -3586.157893 1045.180734 0.235409 0.967890 0.088152 -0.937005 0.201938 0.285032 -0.258079 0.149698 -0.954456
0.592217 -43.773916 -3269.794010 325.280163 0.205854 0.974318 0.091261 -0.967147 0.188347 0.170739 -0.149166 0.123410 -0.981081
9.919915 -39.974903 -2322.334713 1101.693832 0.245065 0.962568 0.115781 -0.949406 0.214075 0.229784 -0.196397 0.166235 -0.966330
10.773934 -29.337294 -1121.776901 3269.588342 0.340071 0.933082 0.117089 -0.883723 0.274517 0.379044 -0.321536 0.232376 -0.917941
11.980996 -19.113625 -1993.884064 2118.032441 0.609671 0.788507 -0.080977 -0.650914 0.556330 0.516534 -0.452341 0.262207 -0.852429
12.080227 -19.725336 1299.665592 -2685.799875 0.563018 -0.341464 -0.752604 0.479381 0.876733 -0.039160 0.673204 -0.338737 0.657308
25.307078 -27.238047 3098.322633 -1853.765618 0.633221 -0.253872 -0.731149 0.373501 0.927629 0.001381 0.677885 -0.273959 0.682216
16.439260 -23.352214 1305.664500 -2518.997934 0.447659 -0.468576 -0.761602 0.535506 0.822574 -0.191326 0.716125 -0.322194 0.619158
21.512390 -26.751945 4529.944883 -1264.595400 0.714057 -0.058770 -0.697617 0.292318 0.930478 0.220819 0.636139 -0.361603 0.681593
10.445784 -17.630618 -1587.477577 -2881.006892 0.367496 -0.583108 -0.724522 0.637820 0.724986 -0.259963 0.676855 -0.366580 0.638347
4.192649 -13.898217 2848.855060 -429.445352 0.671026 -0.106485 -0.733747 0.341436 0.922834 0.178324 0.658137 -0.370188 0.655603
3.095236 -12.165139 -2063.273599 -1445.818796 0.390706 -0.579467 -0.715238 0.645232 0.726564 -0.236178 0.656524 -0.369219 0.657764
1.734768 -39.219877 760.061136 -247.193901 0.981938 -0.058711 -0.179863 -0.189127 -0.331593 -0.924271 0.005376 -0.941594 0.336708
-2.372745 -38.081660 99.757391 543.960608 0.973260 -0.090825 -0.210989 -0.220762 -0.115999 -0.968405 -0.063481 -0.989088 0.132947
11.076675 -37.809323 2238.722900 -232.585805 0.994052 -0.013377 -0.108078 -0.107389 -0.285318 -0.952398 0.018097 -0.958339 0.285058
-2.670158 -39.697331 -155.202548 457.314063 0.962555 -0.120940 -0.242615 -0.259818 -0.156199 -0.952941 -0.077352 -0.980294 0.181772
24.017386 -37.633640 3848.650610 -644.817212 0.994676 0.024529 -0.100087 -0.076244 -0.478229 -0.874919 0.069326 -0.877892 0.473813
-2.044420 -40.372636 -16.494277 -282.120469 0.967367 -0.107791 -0.229306 -0.253033 -0.363790 -0.896455 -0.013210 -0.925223 0.379193
4.239157 -37.822115 1144.953837 -658.107669 0.984628 -0.031177 -0.171861 -0.162227 -0.527900 -0.833669 0.064734 -0.848734 0.524843
0.255851 -62.072040 97.920997 3044.684415 0.931717 0.146525 -0.332315 0.175391 0.619703 0.764988 -0.318027 0.771037 -0.551689
1.010359 -52.625231 -341.410946 2007.654741 0.926703 0.182315 -0.328608 0.225098 0.430909 0.873870 -0.300919 0.883786 -0.358286
0.735928 -58.345095 159.726897 1620.532192 0.936737 0.151105 -0.315738 0.158344 0.621524 0.767226 -0.312171 0.768684 -0.558278
0.217536 -64.329823 499.651974 1365.339362 0.940575 0.114783 -0.319599 0.103782 0.798954 0.592370 -0.323339 0.590337 -0.739563
1.682857 -92.110676 -26.214472 65.956856 0.988404 -0.122154 -0.090203 -0.124567 -0.312549 -0.941699 -0.086840 -0.942015 0.324141
1.483756 -81.698869 7.427211 -218.771785 0.988733 -0.128426 -0.076905 -0.117668 -0.349224 -0.929622 -0.092531 -0.928197 0.360401
1.607118 -91.169559 -89.965650 1090.124913 0.994044 -0.100912 -0.041151 -0.085107 -0.482973 -0.871490 -0.068069 -0.869801 0.488684
1.491938 -82.764238 11.427404 -852.684276 0.983481 -0.140234 -0.114449 -0.139306 -0.182675 -0.973254 -0.115577 -0.973121 0.199193
2.698449 -106.037054 -223.876349 903.706048 0.993350 -0.098470 -0.059660 -0.098028 -0.451585 -0.886827 -0.060384 -0.886778 0.458235
2.563121 -104.164057 -129.079648 153.955550 0.986298 -0.118029 -0.115264 -0.143123 -0.264677 -0.953657 -0.082051 -0.957087 0.277943
1.549708 -91.679608 26.893985 -248.114939 0.983051 -0.129644 -0.129628 -0.147404 -0.138512 -0.979330 -0.109009 -0.981839 0.155274
393.938018 -28.912255 -43127.807663 -1931.190340 -0.598819 0.774691 0.203148 -0.293087 -0.448032 0.844611 -0.745329 -0.446229 -0.495342
286.246393 -21.555695 8085.210881 -5731.358957 -0.513734 0.818416 0.257434 -0.363214 -0.479310 0.798960 -0.777272 -0.316950 -0.543499
1647.481647 -22.995441 -581999.458027 3913.282301 -0.278329 0.959269 0.048329 -0.391523 -0.159258 0.906282 -0.877065 -0.233323 -0.419902
1198.015791 -18.710420 -502302.587393 8883.615721 -0.443157 0.895479 0.041583 -0.314834 -0.198903 0.928072 -0.839340 -0.398190 -0.370072
2162.736655 -45.870356 -1062560.898866 13905.899236 -0.120654 0.990923 0.059277 -0.322176 -0.095569 0.941844 -0.938960 -0.094540 -0.330782
952.503214 -24.377582 -308577.205306 -130.372494 0.050956 0.996882 0.060248 -0.413372 -0.033863 0.909933 -0.909136 0.071271 -0.410357
10.445461 -23.179442 1282.375958 -1789.852111 -0.155028 -0.864406 -0.478298 0.904537 0.070466 -0.420532 0.397214 -0.497832 0.770963
7.950720 -22.039247 1624.742730 -2378.570411 -0.134733 -0.842422 -0.521702 0.931121 0.072441 -0.357442 0.338910 -0.533927 0.774637
11.924548 -18.271800 952.737477 -1721.094325 -0.180137 -0.870342 -0.458318 0.922929 0.011610 -0.384794 0.340224 -0.492311 0.801173
-4.278041 -80.563205 72.110159 2494.954828 0.062190 0.885219 -0.460998 0.850116 0.195015 0.489155 -0.522911 0.422323 0.740411
-3.601234 -81.643311 80.504385 1932.929416 0.072985 0.880578 -0.468248 0.855972 0.185647 0.482542 -0.511844 0.436026 0.740201
-3.678032 -85.630731 231.149730 1960.011972 0.084377 0.881430 -0.464716 0.741414 0.256053 0.620275 -0.665721 0.396884 0.631900
-4.847789 -88.336201 250.475501 3176.440682 0.062932 0.883668 -0.463864 0.732010 0.275059 0.623301 -0.678381 0.378779 0.629544
-4.071781 -83.284666 -27.214505 4223.046245 0.034398 0.888428 -0.457725 0.842554 0.220545 0.491389 -0.537513 0.402561 0.740962
-8.982358 -63.711138 -185.331516 -77.537306 0.988925 0.022746 -0.146660 -0.035577 0.995705 -0.085471 0.144086 0.089742 0.985487
-9.380177 -64.174332 1.516343 -503.334507 0.976566 0.046173 -0.210207 -0.069522 0.992031 -0.105076 0.203681 0.117228 0.971994
-8.507689 -65.755549 -162.395592 -485.275288 0.987947 0.023490 -0.152999 0.070159 -0.949014 0.307328 0.137979 0.314358 0.939224
-7.865020 -65.542972 -311.583617 32.257345 0.996417 0.005932 -0.084370 0.016658 -0.991763 0.126997 0.082921 0.127947 0.988308
-0.944804 -174.229406 5406.071512 -82149.516412 0.514089 0.257926 -0.818038 0.857697 -0.145449 0.493153 0.008214 -0.955154 -0.295996
-19.668303 -170.572281 -10368.119343 -83573.323540 0.364334 0.268653 -0.891676 0.923008 -0.231414 0.307413 -0.123759 -0.935026 -0.332281
31.335878 -102.397770 22740.882261 67943.394410 0.716812 0.140188 -0.683028 -0.661174 0.447734 -0.601982 -0.221424 -0.883109 -0.413630
3.286881 -98.544919 512.915165 4858.739727 -0.036712 0.965733 -0.256929 -0.178380 -0.259306 -0.949179 0.983277 -0.010985 -0.181787
8.904992 -103.210142 1594.766738 6774.508564 -0.023478 0.970020 -0.241890 -0.221313 -0.240996 -0.944956 0.974920 -0.031348 -0.220336
6.005909 -110.131231 567.617757 3589.014752 -0.029914 0.954894 -0.295436 0.060730 -0.293286 -0.954094 0.997706 0.046483 0.049218
3.116039 -100.406013 -19.001138 2505.512179 -0.042186 0.945456 -0.323007 0.085444 -0.318696 -0.943998 0.995449 0.067423 0.067339
0.720794 -92.429122 30.655441 2812.057210 -0.049143 0.955476 -0.290947 -0.138753 -0.295005 -0.945367 0.989107 0.006088 -0.147073
9.047129 -49.320494 -1545.886805 6522.763503 -0.103271 -0.865901 0.489439 0.994240 -0.104051 0.025699 0.028674 0.489274 0.871659
7.055734 -44.598796 224.330032 800.099334 -0.104294 -0.891280 0.441297 0.993645 -0.112268 0.008087 0.042336 0.439336 0.897325
7.335177 -56.513210 872.183554 10379.634808 -0.102381 -0.905093 0.412704 0.994684 -0.097743 0.032396 0.011017 0.413827 0.910289
59.530148 -2421.106918 -6654.189949 415636.104066 0.006837 0.882010 -0.471182 0.965253 0.117271 0.233525 0.261227 -0.456406 -0.850561
101.615996 -7506.041765 -8984.115080 -2732883.529322 -0.057681 0.860138 -0.506790 0.994882 0.091711 0.042422 0.082967 -0.501749 -0.861025
-33.242637 -1252.724016 5210.275626 -234589.448640 -0.103951 0.827661 -0.551518 -0.490322 -0.525099 -0.695598 0.865320 -0.198113 -0.460405
-0.191507 -33.586266 -881.602714 -272.145834 0.984676 -0.096300 -0.145393 0.135249 -0.104625 0.985272 0.110093 0.989838 0.089997
-0.015496 -31.689124 -1013.155119 -553.694174 0.982787 -0.092214 -0.160080 0.162961 0.024562 0.986327 0.087021 0.995436 -0.039167
2.743711 -33.701717 -1778.890579 -321.400313 0.981906 -0.085507 -0.168966 0.159799 -0.104644 0.981587 0.101614 0.990827 0.089087
-4.213173 -37.894707 98.733619 1876.940784 0.127903 -0.899143 0.418548 0.991397 0.127740 -0.028541 -0.027803 0.418598 0.907746
-3.712529 -44.548207 -221.720906 1753.723369 0.086242 -0.896342 0.434894 0.989727 0.127043 0.065573 -0.114026 0.424771 0.898091
-2.137944 -41.172524 478.063664 1825.709844 0.003247 -0.916830 0.399264 0.986103 0.069256 0.151014 -0.166106 0.393225 0.904314
-4.402343 -37.595950 533.311032 1192.075041 0.028960 -0.918932 0.393351 0.997330 0.052957 0.050288 -0.067042 0.390845 0.918012
-15.431288 -28.930797 -420.226206 220.188736 0.623471 -0.781009 -0.036173 0.772447 0.608164 0.182924 -0.120866 -0.141990 0.982461
-13.498114 -29.507743 -99.847625 404.422875 -0.662030 0.749437 -0.007779 0.746823 0.660522 0.077239 -0.063024 -0.045325 0.996982
-14.204232 -30.646827 205.869981 98.880982 -0.561921 0.827046 0.015522 0.801706 0.539891 0.256485 -0.203745 -0.156568 0.966423
-7.794676 -68.700818 111.310747 590.479679 0.945014 0.059280 -0.321611 0.149664 -0.952799 0.264149 0.290772 0.297758 0.909281
-6.472208 -69.611028 75.759134 -1537.418661 0.936801 0.053290 -0.345781 0.219192 -0.859718 0.461347 0.272689 0.507982 0.817065
-7.113287 -66.129471 118.093193 -1543.993537 0.951797 0.033206 -0.304925 0.185969 -0.853035 0.487593 0.243920 0.520797 0.818092
-3.730662 -366.499646 11685.942189 65502.354122 0.715527 0.434007 -0.547411 -0.403589 -0.382783 -0.831019 0.570208 -0.815546 0.098731
8.994383 -346.253900 13549.726208 49774.487158 0.731113 0.436734 -0.524154 -0.008192 0.773829 0.633342 0.682208 -0.458750 0.569334
-63.280448 -255.294622 20542.395793 8964.816399 0.750051 0.414304 -0.515534 0.113986 0.686842 0.717813 0.651483 -0.597160 0.467942
-80.828521 -327.739280 21326.197118 61906.442994 0.772447 0.400529 -0.492851 -0.394484 -0.305572 -0.866607 0.497703 -0.863830 0.078035
-7.022847 -16.777497 -823.620232 1541.978659 0.979044 -0.052909 -0.196654 0.194133 0.534196 0.822768 -0.061520 0.843704 -0.533273
-5.392118 -13.267647 -803.789907 987.411342 0.932661 -0.142845 -0.331268 0.358505 0.469368 0.806950 -0.040218 0.871372 -0.488972
-9.272479 -18.256815 -451.068487 1817.040873 0.999125 0.041739 0.002779 -0.024584 0.532118 0.846313 -0.033845 0.845641 -0.532678
-10.738714 -23.166576 -645.211352 1651.956770 0.998372 0.056915 0.003741 -0.036994 0.596205 0.801980 -0.043414 0.800812 -0.597340
-8.089144 -22.052310 -868.684161 1685.287195 0.991469 -0.000157 -0.130342 0.104673 0.596852 0.795494 -0.077670 0.802351 -0.591777
67.059341 -27.758628 9000.255030 92.135971 -0.680579 0.362318 0.636819 0.290375 0.931379 -0.219580 -0.672677 0.035475 -0.739085
62.664788 -27.955053 9864.161133 -212.938368 -0.656100 0.363207 0.661524 0.227762 0.930994 -0.285263 -0.719484 -0.036491 -0.693550
62.924018 -26.151709 -5260.249660 -466.160910 -0.861132 0.352855 0.365986 0.266718 0.926443 -0.265639 -0.432797 -0.131135 -0.891903
67.700119 -26.699550 -5173.392399 180.119121 -0.842919 0.384170 0.376697 0.342577 0.923081 -0.174823 -0.414884 -0.018314 -0.909690
63.027804 -25.537368 13162.150671 -401.365282 0.939660 -0.324287 -0.108982 0.282181 0.914786 -0.289033 -0.193425 -0.240840 -0.951096
64.148925 -26.497424 13458.225177 -887.951069 0.929971 -0.356185 -0.091031 0.327568 0.915225 -0.234652 -0.166893 -0.188401 -0.967808
19.486676 -29.532595 38.018443 -50.153095 0.933465 0.166480 -0.317690 -0.228908 -0.405371 -0.885028 0.276122 -0.898865 0.340291
19.205252 -29.773724 -2502.686164 82.464661 0.962780 0.060427 -0.263444 -0.215352 -0.417506 -0.882787 0.163334 -0.906663 0.388953
18.743606 -29.021305 166.437290 -95.873845 0.935782 0.150738 -0.318732 -0.205643 -0.500968 -0.840680 0.286397 -0.852238 0.437798
20.065576 -28.520415 2606.035273 -241.738516 0.896685 0.249611 -0.365582 -0.207366 -0.492785 -0.845081 0.391095 -0.833581 0.390112
20.259969 -27.798758 2442.666294 -352.178442 0.898080 0.226763 -0.376869 -0.185981 -0.580691 -0.792596 0.398576 -0.781906 0.479334
18.810627 -28.415552 179.420563 -258.306819 0.936977 0.132607 -0.323249 -0.187188 -0.590673 -0.784899 0.295018 -0.795940 0.528624
-8.088368 -31.259525 -1077.717102 -89.271203 0.717722 -0.086547 0.690930 -0.482819 0.653135 0.583353 0.501758 0.752279 -0.426983
-7.131988 -30.890793 -879.443478 -40.093484 0.715400 -0.087079 0.693268 -0.403257 0.758822 0.511443 0.570603 0.645451 -0.507746
-4.804968 -31.174715 -733.572441 -127.868496 0.730968 -0.088014 0.676712 -0.473168 0.649188 0.595539 0.491729 0.755519 -0.432890
-6.038663 -31.489017 -787.812379 -260.191567 0.740369 -0.105452 0.663877 -0.516457 0.542918 0.662202 0.430261 0.833139 -0.347499
-32.441063 -76.424573 2304.971085 -5452.762439 -0.713171 0.661466 0.232054 0.014745 -0.316809 0.948375 -0.700835 -0.679775 -0.216185
-29.648582 -86.333667 -630.762455 6549.169105 0.774441 -0.632035 0.027804 0.196114 0.198054 -0.960372 -0.601482 -0.749204 -0.277332
-26.108003 -90.066730 -1797.522563 1808.427057 0.728856 -0.656027 -0.195954 -0.170523 0.103250 -0.979929 -0.663092 -0.747642 0.036613
-33.215643 -73.762445 -909.956970 5902.456348 0.736670 -0.674438 0.049502 0.368149 0.338562 -0.865934 -0.567260 -0.656132 -0.497702
-20.587125 -84.847017 -1286.495253 4245.041073 0.625101 -0.637722 -0.450065 -0.379594 0.255452 -0.889187 -0.682024 -0.726673 0.082392
-35.105290 -62.909899 1264.254880 -3599.272724 -0.684784 0.716065 0.135356 -0.214651 -0.375691 0.901544 -0.696417 -0.588308 -0.410971
-29.908372 -69.578131 2433.827349 -5452.056556 -0.608084 0.637093 0.473651 0.212774 -0.444013 0.870391 -0.764827 -0.630052 -0.134441
0.432431 -58.391709 -148.521322 4994.374172 -0.289545 0.446670 0.846552 0.587504 0.781167 -0.211228 -0.755648 0.436192 -0.488603
1.110126 -57.244305 -125.414740 4639.015178 -0.292754 0.428888 0.854605 0.581186 0.789531 -0.197138 -0.759287 0.438972 -0.480402
-0.374222 -74.982587 -86.886190 6011.361946 -0.282001 0.461246 0.841266 0.420591 0.847539 -0.323699 -0.862310 0.262545 -0.433002
0.924265 -46.190557 -149.865727 1818.274905 -0.295764 0.429231 0.853396 0.691612 0.712457 -0.118650 -0.658936 0.555126 -0.507580
-0.805339 -76.783220 -55.733995 6266.727531 -0.273098 0.477755 0.834965 0.427088 0.837945 -0.339770 -0.861982 0.263814 -0.432885
-0.081400 -59.630962 -93.742204 5276.287229 -0.281709 0.463072 0.840359 0.594635 0.771620 -0.225858 -0.753027 0.436080 -0.492732
0.261502 -46.599075 -121.355430 2173.525344 -0.300271 0.435057 0.848859 0.696075 0.708398 -0.116842 -0.652163 0.555785 -0.515544
16.050233 -30.312793 1625.631952 1019.006649 0.968310 -0.065976 -0.240881 -0.245398 -0.430661 -0.868511 0.046437 -0.900099 0.433203
14.214997 -30.265984 3203.584997 912.942545 0.970789 0.033038 -0.237649 -0.201213 -0.427433 -0.881371 0.130697 -0.903443 0.408300
21.015706 -29.125420 2591.131403 -40.821489 0.968542 -0.034732 -0.246414 -0.241974 -0.362604 -0.899982 0.058093 -0.931296 0.359602
19.652783 -29.046261 -229.585274 15.738735 0.960928 -0.155520 -0.228979 -0.271418 -0.367090 -0.889706 -0.054311 -0.917092 0.394958
16.293873 -30.394405 -1572.417586 915.092061 0.963166 -0.173082 -0.205801 -0.262043 -0.432295 -0.862818 -0.060371 -0.884965 0.461727
9.856144 -27.419089 -1122.122272 -1839.535320 -0.382258 0.923992 0.010839 -0.865495 -0.353899 -0.354506 0.323724 0.144894 -0.934991
17.406721 -33.816847 -3206.215189 -1156.886310 -0.381643 0.924146 -0.017407 -0.897198 -0.374911 -0.233404 0.222225 0.073460 -0.972224
10.084058 -30.052312 -766.624720 -1865.048768 -0.500520 0.862941 -0.069378 -0.819532 -0.498117 -0.283280 0.279012 0.084930 -0.956525
4.817386 -23.420411 -556.775252 -2520.074011 -0.458353 0.887099 -0.054483 -0.806980 -0.441076 -0.392727 0.372419 0.136041 -0.918040
4.308331 -19.509943 -295.937714 -2230.758781 -0.285993 0.955691 0.069740 -0.862218 -0.224900 -0.453872 0.418077 0.189935 -0.888333
-6.693355 -74.863334 -1203.963212 5442.381139 0.368480 0.263003 0.891657 0.692089 0.562767 -0.452002 -0.620673 0.783660 0.025347
-7.850541 -61.599695 -1111.296017 5114.372335 0.388392 0.251802 0.886424 0.764319 0.449316 -0.462527 -0.514750 0.857152 -0.017946
-4.495579 -64.564505 -718.992329 2991.146566 0.395091 0.274073 0.876805 0.777616 0.408389 -0.478051 -0.489098 0.870691 -0.051773
-4.552666 -79.078350 -242.174122 4217.460517 0.373883 0.262214 0.889638 0.631091 0.630983 -0.451203 -0.679658 0.730140 0.070433
-2.672057 -66.642640 200.860280 2878.775472 0.380670 0.250809 0.890048 0.732327 0.505927 -0.455780 -0.564613 0.825308 0.008917
-4.028870 -56.890463 -1005.968891 623.253185 0.454391 0.306234 0.836510 0.823150 0.214619 -0.525703 -0.340519 0.927448 -0.154556
-2.335210 -63.225447 526.569362 1632.811688 0.442457 0.257781 0.858942 0.840651 0.214334 -0.497360 -0.312310 0.942130 -0.121871
-2.822469 -63.195788 427.833049 1466.958346 0.399605 0.250786 0.881715 0.807423 0.359123 -0.468080 -0.434032 0.898964 -0.058982
-3.653393 -80.593908 -340.235352 -4511.524606 0.505488 -0.380033 -0.774633 -0.391593 0.698948 -0.598437 0.768854 0.605843 0.204492
-4.428283 -71.190263 -361.065175 -6058.588554 0.511320 -0.402681 -0.759210 -0.213299 0.796320 -0.566019 0.832499 0.451356 0.321283
-6.160373 -75.557151 -607.497966 -3849.344413 0.492497 -0.381962 -0.782018 -0.400488 0.698296 -0.593289 0.772694 0.605382 0.190937
-2.463709 -76.115493 -137.945914 -7352.190168 0.521133 -0.405091 -0.751213 -0.201613 0.796840 -0.569559 0.829320 0.448270 0.333589
-3.917734 -87.030544 460.445616 834.746570 -0.492959 0.361458 0.791416 0.570260 -0.552764 0.607665 0.657111 0.750866 0.066365
-1.904846 -94.939918 82.955485 722.297549 -0.500026 0.375261 0.780483 0.560644 -0.546619 0.622001 0.660040 0.748590 0.062935
-1.781280 -86.232660 -41.405235 -5170.723651 0.511500 -0.391935 -0.764692 -0.384103 0.691772 -0.611487 0.768656 0.606496 0.203298
15.201664 -93.803586 4143.351915 6670.009554 -0.480590 -0.498955 -0.721164 -0.258638 0.866425 -0.427099 0.837938 -0.018739 -0.545444
18.266475 -112.644606 2580.177978 6032.943909 -0.448869 -0.446377 -0.774122 -0.022368 0.871639 -0.489638 0.893318 -0.202467 -0.401236
22.871759 -98.240890 1974.022514 11557.688068 -0.465802 -0.493334 -0.734609 -0.351852 0.864980 -0.357784 0.811929 0.091817 -0.576490
17.693101 -82.556439 7054.616152 9710.675244 -0.489412 -0.543860 -0.681683 -0.476164 0.821543 -0.313584 0.730578 0.171121 -0.661040
9.612400 -81.133987 4163.783948 6505.309947 -0.489306 -0.526233 -0.695456 -0.435673 0.838298 -0.327789 0.755493 0.142602 -0.639449
4.492848 -87.630639 -863.047250 2095.841712 0.418986 0.309597 0.853581 0.682821 0.512217 -0.520950 -0.598503 0.801114 0.003212
2.103677 -81.266820 -339.078680 2216.287289 0.408324 0.292648 0.864655 0.710565 0.492719 -0.502321 -0.573035 0.819503 -0.006756
2.128603 -86.070645 -889.837191 1600.995373 0.463925 0.326841 0.823376 0.758696 0.333239 -0.559761 -0.457334 0.884379 -0.093375
4.711747 -81.349880 -781.255809 825.256938 0.371891 0.282146 0.884359 0.614344 0.639395 -0.462337 -0.695901 0.715240 0.064451
3.500744 -94.330195 -173.012667 2307.877435 0.484128 0.314077 0.816686 0.749850 0.332094 -0.572223 -0.450938 0.889421 -0.074735
3.957379 -97.838253 128.317473 1449.000790 0.451688 0.291031 0.843373 0.658759 0.528709 -0.535260 -0.601677 0.797350 0.047093
0.688464 -57.957744 -24.007057 -2378.301219 -0.430313 -0.484516 -0.761626 0.580576 0.497518 -0.644521 0.691204 -0.719528 0.067210
0.626253 -59.753894 -184.753078 -2699.454018 -0.401894 -0.448618 -0.798263 0.616517 0.512000 -0.598133 0.677043 -0.732529 0.070811
3.573291 -65.846824 -890.285075 -1590.030555 -0.403751 -0.481218 -0.778084 0.437142 0.645641 -0.626142 0.803674 -0.592939 -0.050317
5.159239 -64.584178 89.862676 -497.606409 -0.463325 -0.513137 -0.722510 0.352349 0.641416 -0.681495 0.813130 -0.570330 -0.116380
9.216171 -67.577723 -1979.960021 601.085558 -0.396942 -0.509781 -0.763257 0.210238 0.758968 -0.616253 0.893441 -0.405082 -0.194091
2.455197 -69.741183 -2544.243962 -487.796660 -0.377567 -0.480728 -0.791419 0.256952 0.766723 -0.588313 0.889617 -0.425485 -0.165965
-0.673672 -413.341327 -1190.783342 -51324.228327 0.429366 0.093470 0.898280 0.867361 -0.319828 -0.381307 0.251654 0.942854 -0.218396
-28.098332 -837.549138 13338.521908 -160909.278910 -0.341157 -0.263933 -0.902192 -0.633486 0.773641 0.013223 0.694483 0.576038 -0.431131
3.321652 -385.508350 -1905.850485 19786.933161 0.389402 0.111539 0.914289 0.669224 -0.716294 -0.197643 0.632855 0.688827 -0.353571
0.133679 -290.539844 -3109.593053 -30010.499499 -0.437371 -0.042023 -0.898299 -0.339921 0.932523 0.121879 0.832563 0.358657 -0.422143
12.513194 -783.833314 -227.042370 -64549.124104 0.399760 0.055838 0.914917 0.805034 -0.498675 -0.321314 0.438305 0.864989 -0.244302
4.700991 -318.857257 -1207.098366 -24225.676995 0.407822 0.089971 0.908618 0.892230 -0.250623 -0.375650 0.193923 0.963895 -0.182485
-4.952975 -97.509255 -1522.806671 -342.951299 -0.563710 -0.144126 -0.813301 0.078587 0.970833 -0.226511 0.822226 -0.191602 -0.535942
-0.822426 -153.482969 -1093.047668 11070.413349 -0.576280 -0.213106 -0.788979 0.065743 0.950187 -0.304668 0.814604 -0.227444 -0.533564
-0.142239 -130.810643 -1907.625338 8824.267909 -0.584680 -0.267683 -0.765829 0.192178 0.871426 -0.451314 0.788173 -0.411050 -0.458063
9.561390 -31.295970 570.047587 203.062805 0.962228 -0.129171 -0.239651 -0.260107 -0.696117 -0.669153 0.080390 -0.706213 0.703421
8.625173 -32.145934 1494.756907 -161.033935 0.970321 -0.047373 -0.237136 -0.202984 -0.692545 -0.692227 0.131435 -0.719817 0.681607
11.187420 -31.674148 764.163470 45.553467 0.961775 -0.122259 -0.245033 -0.266096 -0.628543 -0.730839 0.064662 -0.768106 0.637050
9.097141 -31.509459 -578.530939 -273.711663 0.950656 -0.223532 -0.215142 -0.309603 -0.638877 -0.704260 -0.019975 -0.736118 0.676558
-8.557023 -26.238701 549.114197 -176.186497 0.846319 -0.383219 -0.369982 -0.443030 -0.120758 -0.888337 -0.295749 -0.915729 0.271978
-10.534302 -27.528504 -304.450005 19.743300 0.891419 -0.386254 -0.237024 -0.341346 -0.228252 -0.911802 -0.298086 -0.893705 0.335314
-9.452106 -28.518898 -340.221504 -397.949005 0.843053 -0.423958 -0.330941 -0.413726 -0.118048 -0.902716 -0.343647 -0.897956 0.274923
-4.794710 -26.795173 1225.188869 -593.435929 0.798934 -0.380109 -0.466071 -0.506588 -0.007644 -0.862154 -0.324149 -0.924910 0.198666
-1.377402 -19.567171 -2064.766920 407.635752 -0.318087 -0.928080 -0.193619 0.942021 -0.286381 -0.174879 0.106853 -0.238019 0.965365
-0.114908 -21.136035 -2536.125988 664.089888 -0.292293 -0.938817 -0.182175 0.955501 -0.278766 -0.096477 0.039790 -0.202268 0.978522
-10.860702 -19.874925 -1959.868290 484.407810 -0.418502 -0.882296 -0.215429 0.900794 -0.372974 -0.222398 0.115872 -0.287131 0.950857
72.182319 -11.772003 29651.759885 3220.788245 -0.444653 -0.690046 0.571069 -0.416807 0.723736 0.549980 -0.792815 0.006525 -0.609428
156.916263 -21.989834 65108.927571 -1341.116555 -0.458832 -0.640563 0.615753 -0.425871 0.766764 0.480318 -0.779812 -0.041846 -0.624614
97.539589 -15.673296 -48502.066072 -7217.867916 0.393840 0.715154 -0.577447 -0.505080 0.693254 0.514095 -0.767974 -0.089186 -0.634241
-3.453194 -12.880397 -3292.913128 -6357.680916 0.094545 0.979036 -0.180414 -0.708105 0.193519 0.679071 -0.699749 -0.063549 -0.711557
78.683306 -8.373357 -44455.919662 -2492.319339 0.249502 0.854580 -0.455458 -0.493093 0.516908 0.699761 -0.833431 -0.049992 -0.550357
7.777867 -25.730949 -1113.919820 9075.735196 -0.073975 0.997229 -0.007889 -0.544098 -0.033730 0.838343 -0.835754 -0.066308 -0.545086
-3.623594 -17.228359 -10521.376163 -9673.190894 -0.051385 0.972103 -0.228855 -0.663014 0.138165 0.735747 -0.746842 -0.189541 -0.637418
-2.616511 -141.715149 450.704261 -16294.924329 -0.341425 0.660484 0.668723 -0.026658 0.704385 -0.709317 -0.939531 -0.260005 -0.222887
-0.675640 -183.384538 1234.549369 -29158.878061 -0.316860 0.663487 0.677779 -0.049329 0.702106 -0.710362 -0.947189 -0.258519 -0.189740
-1.397882 -244.581395 107.764393 -48287.578012 -0.348837 0.676487 0.648597 0.195190 0.729338 -0.655719 -0.916631 -0.102139 -0.386464
-33.882395 -52.265546 -175.132903 1127.688275 0.953059 -0.283502 0.106322 0.222736 0.894315 0.388058 0.205101 0.346160 -0.915482
-28.302472 -45.304931 -326.716439 1983.993843 0.945025 -0.130457 0.299849 -0.041552 0.861630 0.505832 0.324348 0.490483 -0.808841
-31.604152 -50.596016 -39.543147 1616.938184 0.942355 -0.183379 0.279891 0.052589 0.907228 0.417338 0.330456 0.378562 -0.864575
-22.092795 -50.599202 -3210.571849 811.491820 0.946287 -0.109071 0.304376 0.153028 0.980354 -0.124450 -0.284822 0.164343 0.944387
-20.594995 -49.335135 -2854.998581 -1146.094313 0.962572 -0.018922 0.270364 -0.113892 -0.933446 0.340159 -0.245934 0.358220 0.900664
-9.678880 -51.921134 -4962.848091 1195.860027 0.932549 -0.052171 0.357253 0.155409 0.951148 -0.266769 -0.325883 0.304296 0.895100
-9.814006 -56.903433 -5270.322516 3172.233924 0.912426 -0.158065 0.377483 0.206478 0.974196 -0.091156 -0.353334 0.161115 0.921519
-14.894298 -55.121352 -4593.452833 1118.753939 0.910573 -0.234945 0.340085 0.227709 0.971775 0.061657 -0.344972 0.021297 0.938371
-25.342275 -50.399209 -2170.465912 -177.560734 0.937541 -0.249662 0.242250 0.223979 0.966049 0.128775 -0.266176 -0.066473 0.961630
-9.089251 -47.994399 -3415.647075 1563.009026 0.133624 0.984873 0.110313 0.988902 -0.125213 -0.079971 -0.064949 0.119775 -0.990674
36.354322 -40.091990 3450.247380 -1205.546911 0.761300 -0.157262 -0.629040 0.282128 0.953833 0.102986 0.583804 -0.255873 0.770521
2.011611 -35.377626 914.213512 868.676802 0.983770 -0.058024 -0.169792 -0.173024 -0.056122 -0.983317 -0.047527 -0.996736 0.065251
-4.448139 -35.600524 -192.717131 1271.827142 0.958827 -0.100746 -0.265522 -0.257301 0.087546 -0.962357 -0.120199 -0.991053 -0.058019
-3.425242 -37.231182 -297.221515 1141.632939 0.956125 -0.127822 -0.263605 -0.260155 0.043276 -0.964597 -0.134704 -0.990853 -0.008123
0.910746 -54.823352 -385.778938 3373.065938 0.920056 0.175077 -0.350493 0.249528 0.427834 0.868731 -0.302048 0.886739 -0.349944
2.468242 -45.236570 -830.733746 1075.851611 0.918676 0.193617 -0.344307 0.290819 0.258347 0.921239 -0.267318 0.946451 -0.181030
1.187434 -47.060221 -472.568735 753.203329 0.918593 0.187101 -0.348108 0.299936 0.243507 0.922357 -0.257341 0.951681 -0.167566
1.393626 -75.236717 -3.972658 -1261.317739 0.983438 -0.147942 -0.104704 -0.135691 -0.217991 -0.966472 -0.120157 -0.964673 0.234455
173.918154 -32.065452 17056.517291 1570.164649 -0.768276 0.585208 0.259389 0.292622 0.681482 -0.670787 -0.569319 -0.439447 -0.694811
191.939200 -4.351942 22366.606393 -3096.738970 -0.463697 0.826446 0.319330 -0.407980 -0.519106 0.751054 -0.786472 -0.217981 -0.577881
37.156192 -14.998344 -544.904347 215.154534 -0.046025 0.950029 0.308749 -0.679903 0.196648 -0.706443 0.731856 0.242434 -0.636877
26.103721 -14.503211 -16.745434 58.044727 0.108638 0.933823 0.340841 -0.722937 0.309557 -0.617686 0.682319 0.179302 -0.708725
36.285428 -17.070968 -2841.047634 575.947807 0.095680 0.956363 0.276070 -0.672257 0.266622 -0.690640 0.734109 0.119509 -0.668432
-3.470822 -79.526312 -61.648311 2159.540794 -0.055478 -0.871138 0.487895 0.927726 0.135672 0.347733 -0.369117 0.471924 0.800650
-3.430717 -84.239965 20.391051 1000.411366 0.076058 0.873607 -0.480652 0.847975 0.196922 0.492097 -0.524550 0.445009 0.725819
-3.216580 -86.252272 6.738879 1277.300079 0.089010 0.878025 -0.470264 0.747608 0.253081 0.614030 -0.658149 0.406228 0.633892
-8.631889 -64.973728 -60.557764 -417.046544 0.976228 0.038770 -0.213250 0.105625 -0.944236 0.311868 0.189268 0.326979 0.925885
-9.167783 -64.811507 113.930921 -1001.699311 0.961250 0.062420 -0.268519 -0.088172 0.992478 -0.084929 0.261198 0.105313 0.959523
-21.106951 -275.928036 -5394.101421 -116893.285280 0.273857 0.292445 -0.916230 0.954878 0.031169 0.295358 0.114934 -0.955774 -0.270713
-13.023563 -132.273662 -157.955262 -45138.509085 0.405859 0.289508 -0.866870 0.913633 -0.152949 0.376673 -0.023537 -0.944876 -0.326580
7.004103 -301.220413 13740.477696 -107229.455776 0.413790 0.328067 -0.849205 0.868743 0.136557 0.476065 0.272146 -0.934732 -0.228500
-8.144839 -204.121595 2730.261790 -67668.370905 0.295266 0.283945 -0.912246 0.942151 0.072018 0.327361 0.158650 -0.956132 -0.246255
-9.169337 -545.028139 -882.942112 -254115.504927 0.209539 0.271966 -0.939217 0.879483 0.367356 0.302587 0.427321 -0.889429 -0.162214
14.279442 -107.102752 2591.810934 8451.559905 -0.015562 0.970835 -0.239243 -0.271315 -0.234395 -0.933513 0.962365 -0.050383 -0.267050
12.374965 -88.846752 3698.539482 7673.519197 -0.026931 0.980935 -0.192463 -0.464595 -0.182758 -0.866459 0.885113 -0.066083 -0.460660
19.855787 -88.256629 3834.390131 10703.052030 0.006493 0.979023 -0.203649 -0.544278 -0.167384 -0.822036 0.838880 -0.116179 -0.531774
14.253846 -71.720420 4773.206164 7568.411309 -0.017792 0.985889 -0.166451 -0.650598 -0.137828 -0.746811 0.759214 -0.095006 -0.643869
7.563853 -73.983072 3837.222474 5805.141966 -0.041496 0.983798 -0.174411 -0.615688 -0.162658 -0.771019 0.786897 -0.075388 -0.612462
-4.966569 -78.736390 96.831057 1514.195531 -0.034803 -0.862480 0.504893 0.958470 -0.171894 -0.227567 0.283060 0.476005 0.832644
-5.822365 -79.618866 355.483382 278.301140 -0.025343 -0.876835 0.480123 0.911061 -0.217952 -0.349949 0.411491 0.428553 0.804374
-5.336596 -81.761500 278.058109 -57.095222 0.008896 0.865320 -0.501141 0.883634 -0.241402 -0.401143 0.468094 0.439256 0.766774
-6.512679 -13.885104 -1171.750484 -232.287220 0.660186 -0.352032 -0.663497 0.641021 0.724473 0.253438 -0.391467 0.592631 -0.703947
-11.684229 -17.021593 -1109.365462 119.081313 0.762219 -0.269368 -0.588611 0.525801 0.788014 0.320262 -0.377565 0.553602 -0.742273
-7.926606 -16.238446 -732.093637 649.830371 0.821717 -0.130512 -0.554750 0.399673 0.825886 0.397711 -0.406255 0.548524 -0.730807
3.455823 -51.185963 2401.845257 5019.783839 -0.090702 -0.924733 0.369652 0.993249 -0.110951 -0.033844 0.072310 0.364087 0.928554
4.011823 -50.937264 374.226663 -7308.721688 -0.106770 -0.890612 0.442054 0.992085 -0.124978 -0.012175 0.066090 0.437255 0.896906
-9.456256 -26.003753 -603.622085 -1549.839058 0.991565 0.058333 -0.115740 0.000990 0.889558 0.456821 -0.129605 0.453082 -0.881997
-11.758839 -26.085757 -622.302799 -1594.168463 0.996586 0.051685 -0.064384 -0.017440 0.894004 0.447719 -0.080700 0.445068 -0.891853
-10.919189 -20.389117 -552.013199 -2228.010271 0.991674 0.117780 -0.052056 -0.091428 0.928672 0.359458 -0.090680 0.351706 -0.931708
-12.519433 -57.703584 -422.847703 -2422.043743 0.110590 0.977449 -0.179900 0.588080 -0.210278 -0.780990 0.801207 0.019426 0.598072
-9.601317 -49.738953 -138.216242 -2454.549534 0.145742 0.964623 -0.219687 0.713092 -0.256347 -0.652523 0.685755 0.061557 0.725225
-9.673873 -56.793969 -257.571778 -2435.555333 0.176236 0.965703 -0.190680 0.570711 -0.258074 -0.779543 0.802016 -0.028561 0.596619
-13.279817 -53.455513 -757.072858 -3106.060405 0.061016 0.981441 -0.181798 0.725840 -0.168654 -0.666868 0.685152 0.091267 0.722659
-14.300436 -66.138588 -355.099916 -2469.745157 0.137260 0.972928 -0.185934 0.423296 -0.227322 -0.877009 0.895534 -0.041673 0.443038
-15.083949 -64.779977 -370.066039 -2318.572296 0.066318 0.986055 -0.152632 0.447911 -0.166110 -0.878512 0.891615 0.010104 0.452681
-4.986753 -41.881800 -320.144664 746.113233 0.172622 -0.885042 0.432322 0.984972 0.152624 -0.080839 0.005563 0.439780 0.898088
-24.734451 -406.243954 1087.953432 74914.790972 -0.336047 0.747750 -0.572663 -0.368478 0.455181 0.810577 -0.866774 -0.483406 -0.122567
-2.990062 -2096.538523 12068.125968 -534455.047861 -0.359008 0.737913 -0.571487 0.875642 0.054357 -0.479892 -0.323054 -0.672703 -0.665663
-22.793604 -842.975135 3559.120685 -168798.643534 -0.346050 0.806056 -0.480129 0.804620 -0.008225 -0.593733 -0.482531 -0.591783 -0.645722
-17.267940 -327.444702 -985.637628 61592.079825 -0.362211 0.752038 -0.550674 -0.370274 0.426084 0.825439 -0.855395 -0.502884 -0.124128
-9.974764 -802.920572 5991.992183 189009.228908 -0.430572 0.822613 -0.371369 -0.611447 0.036796 0.790430 -0.663883 -0.567410 -0.487140
-6.658344 -1210.884141 3254.493089 256065.460806 -0.506267 0.783441 -0.360436 0.862368 0.458088 -0.215584 -0.003786 -0.419972 -0.907529
28.693136 -307.550064 6662.136392 39255.012662 0.808828 0.344263 -0.476739 -0.301053 -0.453997 -0.838602 0.505138 -0.821809 0.263565
50.627254 -812.750254 3389.481555 197335.619590 0.794492 0.327723 -0.511254 -0.069385 0.885357 0.459705 0.603298 -0.329759 0.726148
-7.647845 -14.289396 -411.769226 1392.599825 0.996466 -0.021067 -0.081314 0.081372 0.482274 0.872233 -0.020841 0.875767 -0.482284
-1.240405 -30.962597 -1244.797495 -1515.291708 -0.844245 0.315700 -0.433109 0.026127 0.831385 0.555082 0.535320 0.457309 -0.710141
-0.284532 -36.176341 1661.932829 -1498.396406 0.840554 -0.266577 0.471599 -0.098724 0.780589 0.617199 0.532656 0.565347 -0.629810
3.915981 -30.685538 -920.828238 -1777.763210 -0.852886 0.269488 -0.447170 -0.026938 0.832635 0.553167 0.521401 0.483834 -0.702883
-29.526909 -41.498805 345.428944 -121.308537 -0.386725 0.320608 -0.864670 0.843321 0.502358 -0.190909 0.373167 -0.803024 -0.464650
-30.227784 -41.320412 -161.290112 21.241957 -0.246488 0.259860 -0.933657 0.842382 0.533800 -0.073821 0.479203 -0.804692 -0.350477
-28.789933 -40.614984 329.431601 70.804780 -0.320024 0.308499 -0.895775 0.900744 0.392157 -0.186743 0.293675 -0.866626 -0.403378
-30.873261 -42.336784 1.471412 -365.388810 -0.343815 0.249313 -0.905337 0.755093 0.646542 -0.108711 0.558235 -0.720990 -0.410545
-29.239128 -39.882449 292.584125 -90.660798 -0.500195 0.339231 -0.796697 0.844688 0.393614 -0.362725 0.190544 -0.854394 -0.483429
-32.147930 -42.811510 -37.066367 -616.145447 -0.502708 0.281196 -0.817443 0.738984 0.630439 -0.237590 0.448539 -0.723516 -0.524726
-30.684349 -41.329899 -93.705892 -463.798153 -0.553052 0.335540 -0.762592 0.789503 0.503431 -0.351059 0.266118 -0.796223 -0.543333
43.393823 -30.517306 16731.345154 20.121150 -0.495326 0.332929 0.802378 0.267695 0.937196 -0.223615 -0.826433 0.104030 -0.553341
31.443172 -29.998394 13452.294011 79.858759 -0.521952 0.308787 0.795121 0.125788 0.949847 -0.286302 -0.843649 -0.049420 -0.534616
19.705649 -30.808626 -3043.556664 -375.748086 0.961013 0.070906 -0.267256 -0.230802 -0.326548 -0.916568 0.152262 -0.942517 0.297452
-12.047113 -31.518840 -1182.429540 -262.082462 0.680613 -0.099000 0.725923 -0.459688 0.713819 0.528345 0.570484 0.693297 -0.440326
-11.282442 -31.081084 934.825391 -143.530435 -0.678457 0.093743 -0.728634 -0.370917 0.812413 0.449895 0.634126 0.575498 -0.516417
-7.149886 -31.913878 721.722829 273.722223 -0.723636 0.108459 -0.681607 -0.292222 0.846541 0.444944 0.625266 0.521158 -0.580893
-20.964133 -97.965420 198.513613 1193.295256 0.787668 -0.603841 0.122290 0.095943 -0.075848 -0.992493 -0.608583 -0.793488 0.001809
-26.200016 -97.581873 1738.360769 8723.368987 0.784523 -0.551512 0.283476 0.398278 0.097762 -0.912040 -0.475288 -0.828419 -0.296351
-31.439141 -82.844561 568.595229 7682.437151 0.757526 -0.608460 0.236496 0.498237 0.304809 -0.811696 -0.421799 -0.732712 -0.534059
1.464247 -47.015936 -88.242580 1459.817882 -0.288162 0.421094 0.860025 0.688517 0.715301 -0.119537 -0.665513 0.557696 -0.496053
-8.511586 -76.446533 -881.360395 7644.413008 0.397933 0.238288 0.885928 0.663830 0.591754 -0.457337 -0.633229 0.770095 0.077295
-16.285556 -50.851367 -231.722450 66.449935 0.225112 -0.508377 -0.831190 0.312237 0.845736 -0.432710 0.922948 -0.162120 0.349120
-16.037579 -52.840279 -236.699251 1151.581994 0.211593 -0.519103 -0.828107 0.459364 0.800693 -0.384545 0.862678 -0.299035 0.407879
-17.502466 -49.508879 -142.800314 262.511177 0.133057 -0.501808 -0.854684 0.303890 0.841471 -0.446741 0.943370 -0.200288 0.264458
-17.594673 -47.817854 32.979636 220.887240 0.031444 -0.505375 -0.862326 0.303542 0.826834 -0.473506 0.952299 -0.246863 0.179402
-18.317764 -48.531136 -235.009109 -489.755820 0.061127 -0.470437 -0.880314 0.143104 0.876982 -0.458719 0.987818 -0.097936 0.120928
-2.835295 -66.222141 -170.352749 -3862.841379 0.526553 -0.428093 -0.734491 -0.075141 0.837146 -0.541793 0.846815 0.340473 0.408635
13.188302 -123.959136 1280.075999 772.121321 -0.442636 -0.419052 -0.792760 0.250574 0.791062 -0.558062 0.860980 -0.445664 -0.245149
8.622855 -119.241304 -93.920922 2094.201826 -0.436882 -0.431564 -0.789232 0.246129 0.786557 -0.566347 0.865191 -0.441679 -0.237412
15.003236 -126.676532 3927.873568 2957.298301 -0.464099 -0.403484 -0.788551 0.144130 0.843968 -0.516667 0.873978 -0.353439 -0.333531
10.084987 -118.714575 321.320234 -631.448260 -0.422492 -0.379479 -0.823101 0.475534 0.680298 -0.557730 0.771601 -0.627049 -0.106966
10.520763 -127.522335 839.290826 -1472.532869 -0.431542 -0.351538 -0.830779 0.438164 0.723330 -0.533672 0.788533 -0.594319 -0.158116
-1.206196 -49.853154 285.761542 -3722.592729 -0.410562 -0.445030 -0.795856 0.734813 0.355311 -0.577757 0.539896 -0.822011 0.181137
-2.320470 -52.921274 64.168552 -3140.339165 -0.407514 -0.423528 -0.809046 0.738745 0.367918 -0.564705 0.536831 -0.827804 0.162947
-4.143545 -61.588714 -668.126652 -2999.256862 -0.405794 -0.451034 -0.794921 0.619000 0.504279 -0.602115 0.672437 -0.736390 0.074557
26.772342 -1915.355329 18116.657853 -496447.403867 0.524043 0.115854 0.843775 0.794515 -0.423371 -0.435319 0.306797 0.898518 -0.313912
-1.573236 -240.472319 2218.201385 -17392.843738 -0.408006 -0.179678 -0.895124 -0.647178 0.748471 0.144749 0.643966 0.638363 -0.421664
-1.911733 -102.816579 8080.979122 -29681.849444 0.683059 0.692211 0.232968 -0.315681 0.567455 -0.760487 0.658616 -0.445914 -0.606124
294.351255 -755.068157 -51697.833284 -180562.266089 0.653920 0.692455 0.304787 -0.399788 0.658285 -0.637833 0.642307 -0.295242 -0.707301
