17904
35788
-20.265217 -32.922059 114.946590 2201.593869 -0.325443 0.202060 0.923720 -0.006640 0.976388 -0.215920 -0.945538 -0.076403 -0.316417
-22.762040 -38.867265 530.574796 1480.612361 -0.315900 0.355699 0.879594 -0.064457 0.916879 -0.393927 -0.946601 -0.181138 -0.266714
-21.919865 -36.999672 -55.511583 2814.799617 -0.256714 0.541368 0.800637 0.082042 0.837615 -0.540065 -0.962999 -0.072956 -0.259442
-22.619952 -36.738111 126.586592 2006.447085 -0.402237 0.108624 0.909069 -0.142101 0.973497 -0.179198 -0.904441 -0.201259 -0.376141
-16.064692 -26.382514 476.115375 2399.369684 -0.292203 0.167298 0.941609 0.075603 0.985540 -0.151642 -0.953363 0.026878 -0.300626
-17.101809 -28.388295 -207.090795 1433.049642 -0.363420 -0.138345 0.921296 -0.093531 0.989334 0.111667 -0.926918 -0.045588 -0.372484
16.216231 -54.120580 -888.221602 -6528.596055 0.068726 0.967495 0.243371 0.614074 -0.233284 0.753984 -0.786251 -0.097629 0.610146
15.344735 -39.946273 -1898.704704 -1598.619816 -0.045042 0.975526 0.215222 0.565818 -0.152639 0.810278 -0.823299 -0.158273 0.545095
21.496955 -49.936782 -1845.790398 -4241.091184 0.084418 0.970423 0.226170 0.540000 -0.235314 0.808101 -0.837421 -0.053913 0.543893
22.099547 -75.868063 -1861.517047 -9999.178388 0.175085 0.947305 0.268251 0.632161 -0.317043 0.707005 -0.754797 -0.045792 0.654358
12.311008 -68.871256 -838.334567 -7278.996699 0.138252 0.942347 0.304744 0.740968 -0.302582 0.599509 -0.657156 -0.142923 0.740081
26.208075 -16.661268 -5134.404210 -369.011252 -0.001995 0.889327 0.457267 0.570238 -0.374624 0.731085 -0.821477 -0.262210 0.506381
12.481455 -14.617743 -1984.879459 -306.298756 -0.007381 0.887571 0.460613 0.550737 -0.380862 0.742720 -0.834646 -0.259158 0.486007
26.106531 -16.654029 -4412.696334 344.772691 -0.013826 0.914781 0.403713 0.522143 -0.337725 0.783140 -0.852746 -0.221624 0.472978
34.895091 -18.006858 -5261.345090 435.865032 0.035624 0.932294 0.359942 0.549630 -0.319084 0.772070 -0.834649 -0.170331 0.523784
30.100997 -19.141159 -3265.089070 930.394537 0.048969 0.947976 0.314553 0.491741 -0.297001 0.818524 -0.869364 -0.114596 0.480702
25.122202 -18.828570 -3453.378965 762.194067 -0.013913 0.932109 0.361910 0.461943 -0.315012 0.829082 -0.886800 -0.178717 0.426199
-4.852779 -8.892218 33.680227 -988.661201 -0.512956 0.853196 0.094517 -0.783197 -0.420091 -0.458394 0.351394 0.309161 -0.883709
-4.888050 -11.487245 -598.943150 -680.014269 -0.689417 0.723187 -0.041279 -0.640845 -0.635501 -0.430648 0.337672 0.270442 -0.901576
-6.674094 -11.755287 176.918699 -583.764881 -0.418842 0.895975 0.147646 -0.853761 -0.333174 -0.400110 0.309296 0.293637 -0.904496
-0.995457 -25.359281 205.787121 373.368094 -0.383101 0.103986 0.917835 0.782506 0.564531 0.262657 -0.490834 0.818835 -0.297642
-0.662724 -24.182670 176.452646 -43.972639 -0.397506 0.090993 0.913077 0.837598 0.442344 0.320565 -0.374725 0.892217 -0.252050
-2.068097 -25.226862 167.542034 347.596530 -0.402300 0.092662 0.910806 0.767467 0.576548 0.280332 -0.499148 0.811792 -0.303060
-3.087562 -28.174591 369.353001 544.425085 -0.385362 0.087392 0.918618 0.677862 0.702263 0.217556 -0.626098 0.706534 -0.329865
2.150956 -26.899392 -216.730266 -181.528753 0.670607 -0.143624 -0.727776 0.120236 0.989150 -0.084413 0.732004 -0.030897 0.680600
2.131966 -26.683474 -7.511582 67.658204 0.655904 -0.164794 -0.736636 0.226534 0.973869 -0.016158 0.720050 -0.156275 0.676096
1.415292 -26.045163 -324.680596 -59.105958 0.677155 -0.170591 -0.715793 0.252717 0.967503 0.008496 0.691083 -0.186647 0.698260
2.438014 -27.671511 7.309614 -124.978205 0.651595 -0.144842 -0.744610 0.098572 0.989446 -0.106210 0.752135 -0.004192 0.658995
2.620552 -28.356552 -161.819660 -295.897049 0.660673 -0.117627 -0.741401 -0.014373 0.985484 -0.169159 0.750537 0.122415 0.649392
33.324948 -48.248691 -372.432927 2753.802500 -0.344532 0.627656 0.698101 0.906800 0.030080 0.420486 0.242922 0.777909 -0.579522
31.528129 -51.510779 -2025.517932 1730.288231 -0.236621 0.763914 0.600371 0.919814 -0.022921 0.391686 0.312975 0.644911 -0.697235
39.054950 -42.004461 -521.965405 2382.194720 -0.381165 0.633737 0.673120 0.844641 -0.057318 0.532256 0.375892 0.771422 -0.513433
25.701341 -56.662123 -1534.468528 2123.027304 -0.224173 0.754535 0.616785 0.963454 0.076356 0.256762 0.146641 0.651803 -0.744077
27.661682 -53.723314 -337.127385 2046.845084 -0.313313 0.629507 0.711025 0.946610 0.147166 0.286830 0.075922 0.762931 -0.642007
-1.663344 -35.318154 -175.468962 884.401167 0.590629 -0.362577 -0.720899 0.600565 0.794196 0.092598 0.538961 -0.487638 0.686826
-2.424558 -35.793034 -27.055205 770.336413 0.584476 -0.346184 -0.733856 0.604170 0.789392 0.108806 0.541633 -0.506968 0.670535
-1.446363 -32.592123 -198.247059 188.650888 0.593058 -0.364374 -0.717993 0.515137 0.857056 -0.009446 0.618802 -0.364263 0.695986
-4.886184 -29.162966 467.769377 -171.882212 -0.347226 0.039902 0.936932 -0.503522 0.834931 -0.222163 -0.791138 -0.548907 -0.269818
-3.207250 -28.834435 690.633458 229.927791 -0.299632 0.028254 0.953636 -0.427148 0.889810 -0.160573 -0.853092 -0.455456 -0.254547
-7.028467 -31.230824 497.786309 191.544258 -0.382505 0.075007 0.920904 -0.301857 0.931863 -0.201279 -0.873254 -0.354971 -0.333801
-1.660736 -26.514444 388.137026 -304.013393 -0.320360 0.019862 0.947088 -0.608723 0.761726 -0.221880 -0.725828 -0.647595 -0.231936
-7.453273 -30.511019 109.045179 39.821576 -0.446790 0.107223 0.888190 -0.365305 0.884391 -0.290525 -0.816658 -0.454264 -0.355968
-4.271046 -26.938142 52.875551 -1079.904180 -0.433611 0.106495 0.894785 -0.538805 0.765280 -0.352186 -0.722267 -0.634827 -0.274454
-0.936227 -25.301337 -181.057210 1137.883675 0.379979 -0.040060 -0.924127 0.665333 -0.682229 0.303143 -0.642610 -0.730040 -0.232579
17.303004 -33.372299 4831.099691 -1839.182444 0.924035 0.251116 0.288269 0.320240 -0.096558 -0.942403 0.208818 -0.963129 0.169640
23.396438 -26.012792 1448.409233 -1295.674056 0.935838 0.167227 0.310229 0.331486 -0.118740 -0.935958 0.119681 -0.978742 0.166555
14.119006 -27.060606 4102.996974 -135.322384 0.849510 0.234530 0.472576 0.515360 -0.177284 -0.838436 0.112859 -0.955806 0.271472
5.863076 -35.883710 8887.449814 -1597.152490 0.892586 0.306330 0.330836 0.380579 -0.118431 -0.917133 0.241765 -0.944529 0.222293
-0.128248 -52.134186 100.549777 -1022.470865 0.985892 -0.046155 0.160895 0.051552 -0.830781 -0.554207 -0.159248 -0.554682 0.816681
-0.458586 -50.121005 207.806898 -108.831997 0.985639 -0.019852 0.167697 0.056101 -0.898167 -0.436060 -0.159277 -0.439205 0.884155
-0.319851 -54.304692 30.530874 267.803761 0.985674 -0.045724 0.162343 0.057321 -0.814438 -0.577413 -0.158620 -0.578447 0.800149
-0.384066 -55.412138 -144.330427 -927.480625 0.985289 -0.062917 0.158894 0.064248 -0.725188 -0.685547 -0.158360 -0.685671 0.710477
-0.426597 -56.090673 -22.844448 -2093.941561 0.984470 -0.047527 0.168997 0.077595 -0.745712 -0.661735 -0.157473 -0.664571 0.730443
-8.064764 -54.998486 -166.254212 -435.667983 -0.033090 0.794388 0.606509 0.987388 0.119988 -0.103288 -0.154824 0.595442 -0.788339
-8.344887 -53.538914 15.653236 -424.467533 -0.055572 0.753742 0.654817 0.985658 0.146078 -0.084497 -0.159343 0.640730 -0.751049
-8.513346 -54.968853 -189.061184 -449.054947 -0.019921 0.794491 0.606949 0.998579 -0.014204 0.051368 0.049433 0.607109 -0.793079
-7.503124 -52.175965 -7.649199 -249.133088 -0.059679 0.757855 0.649688 0.931006 0.277043 -0.237647 -0.360093 0.590681 -0.722101
-7.117754 -56.150756 -345.145979 64.103677 -0.001511 0.829669 0.558254 0.997371 -0.039192 0.060947 0.072445 0.556879 -0.827428
-6.441050 -56.143470 -273.825458 -18.162985 -0.013529 0.827252 0.561668 0.990822 0.086647 -0.103752 -0.134496 0.555109 -0.820832
-7.118829 -53.632343 -153.300697 -471.881668 -0.040567 0.796793 0.602889 0.931948 0.247762 -0.264740 -0.360316 0.551122 -0.752620
1.215157 -77.178890 -149.122870 -718.258507 -0.213308 0.734179 0.644578 0.378155 0.670381 -0.638427 0.900832 -0.107569 0.420631
1.420644 -72.193282 38.144687 -210.501957 -0.244448 0.727951 0.640572 0.338259 0.683132 -0.647233 0.908750 -0.058465 0.413226
1.462989 -74.943974 -141.447203 526.820376 -0.220001 0.719649 0.658562 0.181174 0.693500 -0.697304 0.958528 0.034093 0.282953
0.881491 -80.917900 -164.157749 -199.129657 -0.210906 0.729847 0.650263 0.237711 0.683551 -0.690110 0.948163 -0.009026 0.317657
1.139348 -80.208739 -147.821400 3446.101799 -0.216300 0.715912 0.663840 0.024228 0.683663 -0.729395 0.976026 0.141685 0.165222
1.643962 -71.619936 -104.588443 2505.829838 -0.227116 0.702698 0.674266 -0.015876 0.689595 -0.724021 0.973738 0.175141 0.145462
-4.189377 -80.999935 -390.434803 -6274.397736 0.857816 -0.005667 0.513926 -0.472848 -0.400561 0.784834 -0.201411 0.916252 0.346288
-6.342433 -81.524480 -467.327854 -6797.350765 0.870324 -0.016431 0.492205 -0.447013 -0.445788 0.775534 -0.206676 0.894988 0.395324
-3.841753 -66.531354 -6.628700 -5080.839983 0.893511 -0.003433 0.449028 -0.433928 -0.263847 0.861447 -0.115517 0.964558 0.237240
-2.822314 -66.028171 -86.226635 -4966.163498 0.874137 -0.001339 0.485677 -0.474758 -0.213225 0.853897 -0.102415 0.977002 0.187023
-1.218577 -58.473713 390.897262 -2481.870306 0.907237 0.000014 0.420619 -0.418617 -0.097413 0.902923 -0.040986 0.995244 0.088371
0.082784 -58.589446 797.817179 -2252.509899 0.930065 -0.000524 0.367396 -0.362833 -0.158427 0.918288 -0.057724 0.987371 0.147537
1.368993 -53.223390 -313.147822 2778.028119 0.969627 0.168496 0.177294 -0.219313 0.919853 0.325227 0.108285 0.354232 -0.928867
0.345185 -52.405264 -119.352213 2341.871470 0.977181 0.134009 0.164797 -0.182032 0.928164 0.324616 0.109457 0.347207 -0.931379
2.585843 -60.338892 -378.510429 2714.456346 0.976147 0.138696 0.167034 -0.168771 0.968721 0.181923 0.136577 0.205774 -0.969022
3.257950 -67.049254 361.710993 1977.766017 -0.981602 -0.094163 -0.166105 -0.098572 0.994958 0.018481 0.163527 0.034515 -0.985935
5.015134 -71.972797 480.924245 3019.162457 -0.976050 -0.115746 -0.184200 -0.123778 0.991772 0.032682 0.178901 0.054699 -0.982345
13.023709 -11.843663 725.002614 1890.263736 0.235106 -0.898296 -0.371199 0.959147 0.152589 0.238231 -0.157361 -0.412044 0.897473
11.889624 -10.025671 1731.228234 2952.231775 0.203703 -0.886887 -0.414651 0.972466 0.134320 0.190444 -0.113206 -0.442028 0.889829
7.204294 -14.716972 2808.016275 1567.126045 0.223146 -0.873444 -0.432783 0.961818 0.125113 0.243417 -0.158465 -0.470576 0.868013
16.767686 -9.598109 -735.121482 1367.544227 0.252054 -0.910072 -0.328996 0.958191 0.187132 0.216454 -0.135423 -0.369799 0.919190
13.680103 -12.188305 -1254.316018 1060.522468 0.249821 -0.927930 -0.276651 0.950272 0.180088 0.254068 -0.185935 -0.326365 0.926776
35.186753 -18.860898 3884.670957 -2517.105575 0.947932 0.032210 0.316840 0.012532 0.990329 -0.138171 -0.318226 0.134948 0.938361
25.457897 -18.341390 3275.106928 -1681.321882 0.963963 -0.047041 0.261843 0.061575 0.996968 -0.047576 -0.258811 0.061984 0.963937
34.868555 -14.963751 3165.142282 -1588.247864 0.934489 0.000759 0.355992 0.028729 0.996575 -0.077539 -0.354832 0.082686 0.931267
-8.468448 -88.366178 -276.840579 -5877.063201 0.933571 0.012988 0.358157 0.351831 0.157136 -0.922780 0.068264 -0.987492 -0.142128
-9.265400 -90.763503 201.200560 -6947.885620 0.918695 0.068794 0.388931 0.373208 0.171143 -0.911826 0.129291 -0.982842 -0.131554
-8.206199 -72.880231 -206.714589 -5303.106629 0.925049 0.018230 0.379411 0.379849 -0.043341 -0.924033 0.000401 -0.998894 0.047017
-5.229521 -50.162928 -1841.282047 -1051.714190 -0.951718 0.289198 -0.102944 0.284093 0.956821 0.061522 0.116291 0.029306 -0.992783
-4.913516 -50.276191 -1969.912053 4113.691724 -0.980334 0.160030 -0.115477 0.166872 0.984597 -0.052186 0.105347 -0.070429 -0.991938
-5.371106 -38.561418 -379.394002 2815.101231 -0.977765 0.186120 -0.096615 0.183017 0.982291 0.040124 0.102372 0.021550 -0.994513
-5.536142 -40.454867 -491.665748 -3145.366286 -0.940537 0.330122 -0.080054 0.320935 0.940803 0.109040 0.111311 0.076864 -0.990809
714.220322 -5305.681572 132037.754651 2334676.563530 0.902351 0.234474 0.361640 -0.209152 -0.495435 0.843089 -0.376852 0.836401 0.398016
249.998264 -440.183823 125405.988439 168723.294816 -0.409855 0.699028 -0.585985 0.798494 0.585506 0.139967 -0.440938 0.410539 0.798142
-2.487040 -102.822177 3398.191762 14340.606923 0.727922 0.678553 0.098466 0.531087 -0.648808 0.544972 -0.433678 0.344403 0.832652
6.793756 -430.452686 16233.801524 -199154.812178 0.887972 0.395266 0.235096 -0.311451 0.892967 -0.324974 -0.338384 0.215347 0.916036
16.618685 -65.440356 -13541.545955 18460.447888 0.667694 0.737621 0.100496 0.669082 -0.653798 0.353378 -0.326364 0.168708 0.930067
-39.940571 -67.288639 -28728.364839 8568.269458 0.721067 0.648336 0.244382 -0.412223 0.684926 -0.600790 -0.556898 0.332470 0.761136
6.076670 -409.294816 -8218.063775 48462.200048 0.997032 -0.011314 0.076147 0.069379 0.560716 -0.825097 0.033362 -0.827931 -0.559837
10.179072 -325.896414 -9698.897125 -2251.351907 0.992145 -0.100876 0.073980 0.102383 0.314981 -0.943560 -0.071880 -0.943722 -0.322835
20.029137 -543.126188 -6452.723238 -46650.718267 0.979584 -0.087423 0.181034 0.187464 0.071949 -0.979633 -0.072617 -0.993570 -0.086869
56.429459 -1078.202426 1108.461508 -289794.110379 0.988464 0.083658 0.126255 0.093130 0.321661 -0.942264 0.119439 -0.943152 -0.310159
28.457098 -546.394829 7253.072722 -84084.843689 0.972382 0.065800 0.223929 0.233181 -0.232661 -0.944190 0.010028 -0.970329 0.241579
-7.827231 -26.676235 -1247.576312 86.327605 -0.650951 0.758227 -0.036815 -0.415720 -0.315485 0.853022 -0.635169 -0.570580 -0.520575
-6.835732 -26.076871 -1507.619488 161.039605 -0.657083 0.753536 -0.020616 -0.313412 -0.248218 0.916603 -0.685576 -0.608745 -0.399267
-12.140445 -26.774781 -1470.941351 76.378867 -0.651129 0.758875 0.011824 -0.381756 -0.340940 0.859082 -0.655967 -0.554860 -0.511701
-12.774177 -26.816793 -1248.788041 66.373480 -0.655655 0.754948 0.012997 -0.463147 -0.415707 0.782740 -0.596331 -0.507189 -0.622213
-8.231850 -26.681146 -1321.532999 13.652889 -0.652074 0.756942 -0.042880 -0.499714 -0.386572 0.775144 -0.570163 -0.526879 -0.630328
30.419834 -26.411451 530.964590 2315.371509 0.889236 0.372562 0.265439 -0.435183 0.510140 0.741872 -0.140982 0.775213 -0.615767
33.451440 -22.622888 210.115421 2813.816959 0.890971 0.363845 0.271639 -0.424264 0.453951 0.783536 -0.161775 0.813354 -0.558823
29.450870 -23.675548 -1528.434076 2117.435110 0.861788 0.444615 0.244211 -0.454736 0.463774 0.760348 -0.224803 0.766310 -0.601858
24.700207 -29.201300 -539.535998 1399.385575 0.876648 0.430612 0.214619 -0.451368 0.581607 0.676757 -0.166596 0.690150 -0.704230
-0.994308 -28.892779 -139.098309 -560.706298 -0.514001 0.084626 0.853605 0.846816 0.208724 0.489221 -0.136767 0.974306 -0.178946
-0.072514 -25.768324 -6.638244 -264.352043 -0.450764 0.085503 0.888538 0.853958 0.331166 0.401354 -0.259937 0.939691 -0.222294
-0.438980 -26.974774 -185.030123 -279.044849 -0.476341 0.094972 0.874117 0.837590 0.351436 0.418253 -0.267474 0.931382 -0.246950
-35.528587 -389.325635 13899.839299 17316.696299 0.882163 0.440682 -0.166096 -0.468713 0.855859 -0.218665 -0.045793 -0.270749 -0.961560
-157.037056 -841.747629 49588.862242 -87326.231789 0.863080 0.455572 -0.218054 -0.505036 0.773579 -0.382771 0.005698 -0.440487 -0.897741
-645.143328 -7312.258099 -119551.027248 -1278988.312565 -0.771187 -0.632487 0.072321 -0.615126 0.769602 0.171267 -0.163982 0.087593 -0.982567
189.231450 -810.046762 115467.916481 -171711.354206 0.866622 0.498338 0.025010 -0.473658 0.805872 0.355273 -0.156891 0.319733 -0.934428
102.048817 -562.281651 -63136.383516 290181.841281 -0.694113 -0.675577 0.248603 -0.574866 0.728060 0.373440 -0.433285 0.116296 -0.893722
84.479369 -2106.502849 11426.983663 606976.674025 0.959133 -0.095912 -0.266204 0.002194 0.943291 -0.331960 -0.282947 -0.317810 -0.904952
0.686001 -12.894690 -337.577518 562.679566 -0.238797 -0.799925 0.550541 0.911966 0.010033 0.410143 -0.333607 0.600016 0.727109
2.551090 -10.972548 -513.845302 -385.981258 -0.445318 -0.780083 0.439502 0.838250 -0.190708 0.510850 -0.314689 0.595903 0.738830
0.006467 -15.282511 311.246862 1704.723096 -0.414634 -0.800248 0.433222 0.842753 -0.158094 0.514562 -0.343288 0.578454 0.739963
0.627461 -14.969660 1056.800367 1262.429052 -0.350420 -0.795147 0.494922 0.863304 -0.069303 0.499903 -0.363196 0.602444 0.710739
-3.490131 -24.985322 -1460.924980 2767.439574 -0.413127 -0.779618 0.470662 0.843590 -0.132933 0.520273 -0.343047 0.611984 0.712596
11.540092 -17.914182 -876.411836 999.055255 -0.116028 0.936080 0.332103 0.436116 -0.252392 0.863772 -0.892379 -0.245057 0.378955
19.568222 -20.909685 -2161.658590 565.342119 -0.071543 0.934788 0.347927 0.365078 -0.300074 0.881291 -0.928224 -0.190071 0.319802
17.274624 -18.150526 -2033.254114 843.584096 -0.063821 0.928096 0.366831 0.446930 -0.302078 0.842023 -0.892289 -0.217687 0.395515
-14.405602 -48.013939 -233.005353 -2181.569493 0.595786 -0.589801 -0.545137 0.783076 0.577373 0.231155 0.178412 -0.564602 0.805850
-7.540611 -42.965146 -1079.963351 -3381.111640 0.573449 -0.633689 -0.519224 0.819045 0.429604 0.380271 -0.017913 -0.643334 0.765376
-9.983521 -45.379198 -514.305989 -1401.974239 0.472352 -0.660673 -0.583434 0.874040 0.436516 0.213324 0.113741 -0.610709 0.783644
-15.495935 -52.057688 -212.879847 3323.764116 0.728492 -0.509205 -0.458269 -0.676628 -0.639429 -0.365109 0.107115 -0.576057 0.810361
-17.430830 -45.504830 736.512082 597.971822 0.486923 -0.616406 -0.618829 0.809846 0.584012 0.055499 0.327193 -0.528180 0.783563
-23.147984 -51.875575 -190.743248 1094.898762 0.766563 -0.399454 -0.502811 -0.555012 -0.805969 -0.205852 0.323022 -0.436864 0.839527
-30.555244 -31.911472 1468.445396 -4038.778719 0.759392 0.020973 0.650296 0.511360 -0.637219 -0.576596 -0.402288 -0.770397 0.494624
-34.208346 -45.584355 -804.289995 592.130748 -0.646064 -0.111672 -0.755070 0.702311 -0.474398 -0.530760 -0.298933 -0.873198 0.384920
-29.226609 -39.264466 -452.001852 -4809.521943 -0.530288 -0.289301 -0.796931 0.792334 -0.503565 -0.344426 -0.301664 -0.814081 0.496258
-21.065779 -41.088279 -1409.918573 -699.734119 0.543326 -0.321967 -0.775329 -0.435741 0.681243 -0.588250 0.717584 0.657453 0.229843
-13.568661 -44.352999 -4412.199505 -552.223304 0.579511 -0.171352 -0.796747 0.573012 -0.609511 0.547863 0.579503 0.774038 0.255032
-8.255297 -41.760185 -4550.294375 -1691.581524 0.626734 -0.203099 -0.752300 -0.413651 0.731464 -0.542082 0.660376 0.650931 0.374421
4.033285 -37.645519 -545.030889 -2604.929338 0.448515 -0.493501 -0.745178 0.867684 0.440401 0.230590 0.214380 -0.750003 0.625729
6.477507 -38.763462 -530.061381 -2670.306864 0.395197 -0.491993 -0.775733 0.871167 0.468582 0.146628 0.291355 -0.733740 0.613790
4.996787 -30.459177 -519.624960 -2364.816410 0.455614 -0.469521 -0.756285 0.875344 0.390758 0.284747 0.161830 -0.791744 0.589027
2.575095 -31.173059 -765.391505 -2313.042357 0.492413 -0.475923 -0.728715 0.864100 0.367566 0.343840 0.104210 -0.798994 0.592240
4.494370 -23.193913 -153.546277 -1668.006855 0.552846 -0.428204 -0.714845 0.830596 0.352024 0.431497 0.066874 -0.832298 0.550279
3.820763 -26.309581 -794.414655 -2237.104445 0.538839 -0.451560 -0.711159 0.839933 0.352666 0.412479 0.064543 -0.819585 0.569310
20.076993 -17.243349 889.245156 -388.072834 0.190785 0.785437 0.588803 0.981244 -0.169460 -0.091893 0.027602 0.595291 -0.803036
17.792475 -19.639272 925.633940 764.873533 0.095792 0.801302 0.590541 0.986843 -0.154081 0.048995 0.130251 0.578078 -0.805519
15.260139 -15.727011 2030.210805 312.517135 0.232433 0.715299 0.659032 0.969169 -0.227302 -0.095106 0.081770 0.660819 -0.746078
15.869053 -10.590433 2282.787448 -1778.139720 0.355389 0.656862 0.665004 0.934494 -0.265283 -0.237374 0.020492 0.705803 -0.708112
-4.345911 -32.179763 -126.951549 -413.047270 0.400368 -0.915884 -0.029360 0.916307 0.400469 0.002621 0.009357 -0.027952 0.999565
-5.205239 -30.492286 -170.488845 -380.315180 0.402791 -0.913573 -0.056071 0.914535 0.404193 -0.015942 0.037227 -0.044858 0.998299
-4.267304 -32.579678 106.573779 15.129042 -0.447762 0.893240 0.040388 0.869000 0.445361 -0.215623 0.210590 0.061450 0.975641
-5.089782 -28.698525 148.942407 -492.040084 -0.348247 0.935325 0.062375 0.926876 0.333629 0.172024 -0.140088 -0.117721 0.983116
-3.487489 -34.567641 104.171072 -55.964340 -0.444311 0.895766 0.013820 0.877179 0.438123 -0.196481 0.182056 0.075176 0.980410
-3.645706 -34.231469 109.188062 -441.157376 -0.392769 0.919623 0.005145 0.919326 0.392485 0.028209 -0.023923 -0.015810 0.999589
-4.305579 -30.239958 117.855541 -419.640832 -0.339568 0.939832 0.037545 0.924728 0.326281 0.196006 -0.171962 -0.101277 0.979884
2.091290 -28.167275 226.699489 -764.213629 -0.598356 0.795642 0.094466 0.145256 0.223668 -0.963781 0.787954 0.562962 0.249405
0.621124 -24.967640 282.431012 -271.409398 -0.607653 0.787087 0.106079 0.249342 0.315878 -0.915450 0.754047 0.529826 0.388198
0.829117 -28.565502 301.999804 -753.018351 -0.609429 0.785265 0.109339 0.130865 0.235647 -0.962988 0.781966 0.572564 0.246373
-0.449540 -57.845829 -404.660256 -650.465324 -0.291330 0.945732 -0.143938 -0.321351 -0.238471 -0.916441 0.901033 0.220732 -0.373386
2.509271 -57.999908 -645.580041 784.357284 -0.281895 0.947080 -0.153540 -0.382615 -0.257722 -0.887235 0.879853 0.191361 -0.435017
-0.619184 -57.782003 -560.982041 842.813220 -0.284407 0.946237 -0.154106 -0.527178 -0.288617 -0.799239 0.800747 0.146068 -0.580920
-3.433899 -57.359464 -355.003592 -225.903858 -0.299674 0.944597 -0.133909 -0.479613 -0.270494 -0.834748 0.824722 0.185928 -0.534101
-2.544302 -55.525714 -208.692382 -1402.125595 -0.300541 0.947791 -0.106615 -0.275033 -0.193157 -0.941832 0.913253 0.253736 -0.318725
328.678447 -32.392809 -49482.527242 -1699.039080 0.457090 0.787891 0.412671 0.193169 -0.540843 0.818642 -0.868190 0.294478 0.399410
241.632783 -41.170583 -60885.499634 -3254.861307 0.142692 0.902331 0.406741 0.215282 -0.429402 0.877079 -0.966071 0.037588 0.255528
573.337612 -31.211904 -196159.433394 -10450.179061 0.395547 0.796851 0.456696 0.066272 -0.520715 0.851154 -0.916052 0.306405 0.258776
957.372708 -14.075003 -359305.373948 8917.204700 0.659139 0.570430 0.490046 0.045152 0.620445 -0.782949 -0.750664 0.538199 0.383203
398.487389 -21.265176 -61256.491864 -429.428512 0.709122 0.592585 0.382084 -0.111019 0.628978 -0.769456 -0.696290 0.503219 0.511810
-7.159262 -21.881734 462.140775 -909.781477 -0.214287 0.773328 0.596695 0.879951 -0.112331 0.461593 0.423990 0.623976 -0.656419
-7.863397 -17.777309 377.176007 -997.603146 -0.185876 0.785341 0.590499 0.921123 -0.069921 0.382940 0.342027 0.615102 -0.710399
-5.208577 -18.129631 538.613351 -989.924254 -0.239456 0.758543 0.606031 0.908999 -0.044169 0.414451 0.341146 0.650124 -0.678939
-3.567866 -12.866799 539.254174 -942.966088 -0.261523 0.752820 0.604043 0.928206 0.024567 0.371254 0.264648 0.657768 -0.705197
-1.780506 -17.473483 620.471894 -970.104481 -0.257316 0.748856 0.610740 0.908491 -0.027900 0.416973 0.329293 0.662145 -0.673150
-2.835455 -14.432659 756.337722 -829.828421 0.221667 -0.903185 -0.367587 0.973599 0.183930 0.135182 -0.054484 -0.387848 0.920112
-2.286682 -12.070196 -244.349283 -879.763249 0.203000 -0.904999 -0.373856 0.975462 0.153677 0.157660 -0.085229 -0.396687 0.913989
-1.133542 -13.378613 -590.282066 -1517.423238 0.333531 -0.878635 -0.341700 0.941339 0.290641 0.171490 -0.051365 -0.378852 0.924031
-9.963732 -18.356844 880.161308 -402.154815 -0.231193 0.928183 0.291593 0.334610 0.357288 -0.871999 0.913557 0.104030 0.393182
-9.694822 -16.892726 94.588867 226.108625 0.002381 0.989302 -0.145863 0.473315 -0.129605 -0.871307 0.880890 0.066964 0.468560
-11.873253 -15.808684 -1170.165721 789.015258 0.220285 0.830555 -0.511520 0.356937 -0.556667 -0.750145 0.907783 0.017335 0.419081
5.245374 -7.828804 605.244617 -273.052282 -0.183732 0.947264 0.262552 0.856404 0.285368 -0.430275 0.482508 -0.145796 0.863672
2.449987 -7.766666 752.145868 -407.639159 -0.147948 0.964717 0.217789 0.867230 0.232406 -0.440341 0.475420 -0.123726 0.871015
4.389048 -10.093790 909.702148 -975.287449 -0.194495 0.946766 0.256528 0.847022 0.293996 -0.442855 0.494698 -0.131152 0.859112
3.090102 -7.992056 645.966158 431.655068 -0.159314 0.961261 0.224934 0.869334 0.244574 -0.429467 0.467843 -0.127123 0.874621
5.482238 -8.297917 499.679115 451.678846 -0.154656 0.956248 0.248335 0.869875 0.250968 -0.424656 0.468401 -0.150345 0.870630
-1.441623 -64.465037 223.558516 2887.452515 0.640469 -0.634647 -0.432461 -0.578388 -0.028150 -0.815276 -0.505238 -0.772289 0.385102
-0.285486 -66.193516 365.940549 3008.501880 0.644629 -0.630045 -0.433010 -0.597075 -0.061185 -0.799849 -0.477447 -0.774145 0.415626
-1.336231 -71.186523 157.762045 -3703.477938 0.639996 -0.635890 -0.431333 0.653791 0.155739 0.740474 -0.403685 -0.755903 0.515412
-0.382567 -61.996051 332.768918 1175.813045 0.646820 -0.632184 -0.426575 -0.517077 0.047615 -0.854614 -0.560585 -0.773354 0.296090
-1.541415 -69.838107 25.036075 -3196.742684 0.633973 -0.643166 -0.429437 0.639914 0.124455 0.758302 -0.434268 -0.755545 0.490472
-1.796922 -63.407782 113.394328 2623.607413 0.631846 -0.641727 -0.434692 -0.561976 0.006954 -0.827125 -0.533810 -0.766902 0.356241
-1.684743 -60.758439 251.016483 1309.890417 0.643154 -0.635984 -0.426471 -0.492323 0.083130 -0.866434 -0.586490 -0.767212 0.259645
-1.575953 -80.549890 -947.229145 -8911.497181 -0.703265 0.699728 0.125697 -0.030523 -0.206363 0.977999 -0.710273 -0.683956 -0.166485
4.147495 -68.147271 -2004.237744 -14467.978164 -0.720141 0.676263 0.155129 -0.188218 -0.405611 0.894457 -0.667811 -0.614937 -0.419382
0.220532 -77.716654 -676.161710 -10546.587642 -0.699232 0.675861 0.232994 0.011189 -0.315528 0.948850 -0.714807 -0.666074 -0.213065
-5.011091 -87.939875 481.584815 3222.926718 0.703887 -0.688902 -0.173081 -0.163049 0.080459 -0.983332 -0.691346 -0.720375 0.055691
-6.282740 -94.875410 501.403358 -2443.165109 -0.661083 0.742102 0.110693 0.170314 0.004739 0.985378 -0.730727 -0.670270 0.129523
13.343413 -125.653492 1183.169949 11926.642091 -0.622001 0.717493 0.313560 0.744294 0.417393 0.521353 0.243190 0.557663 -0.793644
13.582204 -104.848570 2694.643285 7119.932071 -0.569109 0.735478 0.367679 0.727287 0.241626 0.642394 0.383626 0.633000 -0.672415
13.182783 -137.384414 1518.548021 7829.796445 -0.590822 0.718320 0.367350 0.773995 0.376117 0.509379 0.227731 0.585279 -0.778195
17.492515 -137.818626 -2671.622526 6613.462250 -0.634274 0.712025 0.301194 0.770639 0.551182 0.319864 0.061738 0.434993 -0.898315
16.308050 -142.645793 -2186.444134 25.885921 -0.617844 0.717971 0.320602 0.786156 0.571862 0.234377 -0.015064 0.396852 -0.917759
0.651102 -15.048121 365.540056 -839.172775 0.159745 0.983805 0.081303 0.899761 -0.111226 -0.421971 0.406094 -0.140560 0.902956
1.799634 -15.700142 -143.376906 -368.600554 0.102635 0.983472 0.149158 0.910028 -0.032289 -0.413287 0.401640 -0.178155 0.898302
2.531983 -12.871285 186.248559 173.528351 0.258695 0.965415 0.032421 0.886552 -0.223968 -0.404801 0.383539 -0.133463 0.913830
0.380847 -12.818027 572.822591 -398.115176 0.335117 0.941558 -0.034132 0.855040 -0.319140 -0.408724 0.395731 -0.107786 0.912019
-1.856467 -126.701664 1113.794284 -9013.037269 -0.625463 0.729390 0.277103 0.657315 0.301216 0.690801 0.420395 0.614215 -0.667838
2.601519 -127.601939 310.962152 -7695.777310 -0.603409 0.738422 0.301050 0.654983 0.243604 0.715300 0.454856 0.628801 -0.630646
4.459078 -139.413930 78.299568 115.170949 0.607568 -0.741321 -0.285139 0.468254 0.044335 0.882481 0.641560 0.669684 -0.374064
-0.565628 -111.275705 1093.095968 -9015.487247 -0.611119 0.726738 0.313664 0.761017 0.430473 0.485331 0.217685 0.535299 -0.816130
-2.552459 -142.192390 -2100.656051 -2552.160061 0.679790 -0.689642 -0.249559 0.485493 0.168101 0.857927 0.549712 0.704369 -0.449090
-6.444993 -124.111739 1336.390090 -13080.887556 -0.645368 0.722580 0.247748 0.702050 0.433254 0.565170 0.301042 0.538674 -0.786895
-4.859434 -110.850200 1287.868585 -14374.936078 -0.633038 0.725843 0.269100 0.730744 0.445571 0.517184 0.255492 0.524041 -0.812469
-53.347937 -910.805075 -14842.173159 153328.388829 -0.624069 0.779841 0.048852 -0.529118 -0.467777 0.707968 -0.574954 -0.415972 -0.704553
-26.997025 -723.419529 5973.196628 20728.287246 -0.581849 0.794055 0.175866 -0.458558 -0.498889 0.735414 -0.671697 -0.347255 -0.654398
-61.154857 -997.796026 -7166.936524 -385828.256450 -0.673529 0.723951 0.149176 -0.608367 -0.657568 0.444403 -0.419820 -0.208565 -0.883319
-95.734161 -1453.306551 -8847.368150 -506169.192919 -0.739367 0.672326 0.036268 -0.537966 -0.622284 0.568644 -0.404883 -0.400926 -0.821784
-48.396325 -914.184829 -13328.627859 44938.153024 -0.570523 0.821214 0.010546 -0.810299 -0.564941 0.155746 -0.133859 -0.080311 -0.987741
-8.893691 -168.508248 -1483.475042 -35831.966634 -0.609928 0.763690 0.211578 -0.693281 -0.643555 0.324344 -0.383861 -0.051144 -0.921974
-3.416291 -216.617591 -2444.812820 -42052.180241 -0.599161 0.773314 0.207347 -0.507482 -0.567132 0.648709 -0.619248 -0.283456 -0.732246
-6.557672 -158.541425 -253.958257 -19928.527967 -0.601669 0.760390 0.244543 -0.596130 -0.631253 0.496133 -0.531623 -0.152729 -0.833097
31.913529 -1397.808256 -8484.199370 -103624.189306 0.862055 -0.505777 -0.032398 -0.102305 -0.236267 0.966288 0.496381 0.829679 0.255419
-191.388642 -13877.212313 20274.660195 4064693.960297 0.872694 -0.472970 0.121263 0.164924 0.519295 0.838530 0.459571 0.711781 -0.531189
-11.598174 -1656.872096 -1201.171056 -495409.921138 0.864354 -0.488906 0.117741 0.292521 0.679253 0.673088 0.409052 0.547344 -0.730130
19.149490 -856.910745 2754.658138 -450170.885538 -0.931055 0.339616 -0.133403 0.334465 0.940497 0.059992 0.145840 0.011238 -0.989244
-5.399105 -1594.589327 -4220.286283 -406046.696816 0.888831 -0.457226 -0.030399 0.211228 0.349942 0.912646 0.406647 0.817610 -0.407618
6.216862 -28.851045 -2266.654574 609.495489 -0.181200 0.872756 0.453281 -0.749577 0.175806 -0.638144 0.636633 0.455401 -0.622341
11.301232 -29.748061 -1857.938853 437.500641 -0.181643 0.852212 0.490653 -0.736785 0.212506 -0.641863 0.651270 0.478096 -0.589297
9.733386 -26.984095 -1840.041312 965.127323 -0.198504 0.865939 0.459070 -0.814318 0.114940 -0.568925 0.545420 0.486763 -0.682333
9.539893 -17.938628 -2654.278597 -368.544090 -0.093476 0.925437 0.367191 0.708685 0.320888 -0.628328 0.699305 -0.201489 0.685838
17.081556 -17.059962 -2404.111781 -208.378111 -0.067807 0.955932 0.285651 0.729380 0.242848 -0.639554 0.680740 -0.164982 0.713704
10.589946 -20.166161 -2401.372747 -485.953060 -0.091259 0.931331 0.352555 0.664242 0.320696 -0.675231 0.741926 -0.172561 0.647895
11.659262 -16.089666 -2692.291473 -361.789692 -0.100202 0.926642 0.362345 0.758731 0.306753 -0.574656 0.643651 -0.217341 0.733809
1.458426 -20.822960 -1663.798997 -639.487882 -0.129081 0.910189 0.393566 0.650598 0.377257 -0.659090 0.748371 -0.170977 0.640864
0.929121 -18.087814 -1458.963493 -616.343853 -0.138927 0.910147 0.390298 0.711810 0.365782 -0.599608 0.688496 -0.194516 0.698668
4.919886 -28.949572 488.391449 117.925769 -0.264165 0.797125 0.542964 0.043890 0.572313 -0.818860 0.963478 0.192483 0.186171
2.456642 -30.003579 385.006993 7.784191 -0.265567 0.843242 0.467352 0.004312 0.485793 -0.874063 0.964083 0.230107 0.132647
2.370494 -27.776788 601.718097 -198.169919 -0.261649 0.801612 0.537548 -0.042184 0.546920 -0.836121 0.964241 0.241446 0.109286
4.203164 -27.721288 -180.130098 10.299748 -0.248013 0.763900 0.595774 0.008282 0.616638 -0.787203 0.968721 0.190303 0.159260
-6.379583 -19.945682 -297.367158 8.091369 -0.316630 0.932000 -0.176412 -0.742080 -0.359229 -0.565926 0.590816 0.048278 -0.805361
-6.805602 -20.227837 -277.335093 -43.319915 -0.294168 0.939860 -0.173578 -0.692698 -0.334788 -0.638817 0.658510 0.067682 -0.749523
-5.988124 -19.999660 -27.685064 -67.519306 -0.276141 0.947045 -0.163865 -0.759001 -0.319473 -0.567322 0.589630 0.032287 -0.807028
-5.165230 -18.305040 -158.587342 282.880940 -0.269134 0.950796 -0.153473 -0.812923 -0.309716 -0.493186 0.516452 0.007971 -0.856279
-5.881510 -18.480781 -203.878591 352.349487 -0.333401 0.927986 -0.166392 -0.790428 -0.371332 -0.487172 0.513875 0.030902 -0.857308
-4.808362 -16.521341 -401.585948 113.961842 -0.139567 0.932898 0.331997 -0.584047 0.193195 -0.788394 0.799631 0.303935 -0.517893
-4.047519 -16.248935 -80.760356 10.844841 -0.168722 0.946249 0.275946 -0.615039 0.117700 -0.779662 0.770233 0.301264 -0.562122
-5.354445 -16.700347 -276.597929 -30.007796 -0.117586 0.925756 0.359374 -0.647869 0.202751 -0.734274 0.752622 0.319168 -0.575928
-7.260067 -17.042596 -584.744851 80.367303 -0.090824 0.902644 0.420696 -0.623515 0.277853 -0.730771 0.776518 0.328682 -0.537576
-6.879140 -17.214594 -569.356456 115.537068 -0.113219 0.907206 0.405166 -0.562929 0.277451 -0.778544 0.818714 0.316225 -0.479280
142.748942 -264.250117 24723.044905 -30000.487273 0.987452 0.154454 0.032904 0.091293 -0.728324 0.679124 -0.128858 0.667598 0.733286
92.236801 -1877.082739 7624.613949 -242276.336148 0.192956 -0.277993 0.941003 0.953575 -0.172866 -0.246603 0.231221 0.944901 0.231732
53.715867 -2203.368928 22401.415234 890270.089482 0.343837 -0.177729 0.922057 0.709585 -0.593952 -0.379091 0.615033 0.784623 -0.078109
8.539995 -30.686513 2169.201829 -2585.721678 -0.361110 0.861777 -0.356286 0.026220 0.391299 0.919890 -0.932154 -0.322840 0.163898
2.491626 -31.383411 3308.891272 -1882.065504 -0.356131 0.864891 -0.353743 0.088173 0.407977 0.908724 -0.930267 -0.292435 0.221553
3.332946 -50.993194 1874.019975 -7242.748676 -0.396611 0.707553 -0.584866 0.013191 0.641445 0.767056 -0.917892 -0.296508 0.263738
3.068346 -10.834369 609.795489 1022.114148 -0.161783 0.961141 0.223681 0.881510 0.242644 -0.405048 0.443584 -0.131648 0.886511
0.090245 -10.903876 601.446521 976.308207 -0.190533 0.955332 0.225918 0.875040 0.269591 -0.402027 0.444974 -0.121088 0.887319
-0.354519 -15.462761 527.727169 1308.556178 -0.211636 0.948772 0.234610 0.890783 0.286021 -0.353126 0.402139 -0.134252 0.905682
2.421613 -15.527614 593.118394 1294.780719 -0.156106 0.963223 0.218707 0.903309 0.228792 -0.362888 0.399580 -0.140911 0.905803
-29.518178 -44.830303 -326.256516 746.393961 -0.322254 0.588700 0.741339 -0.131147 0.747801 -0.650840 -0.937525 -0.306961 -0.163776
-25.395148 -41.406838 395.743574 1305.302881 -0.360206 0.343550 0.867309 -0.165305 0.891500 -0.421785 -0.918110 -0.295300 -0.264333
22.667780 -39.144938 -2097.615056 685.559571 -0.013067 0.978378 0.206412 0.484035 -0.174442 0.857485 -0.874951 -0.111116 0.471289
13.762467 -38.703256 -1586.887140 -1322.403006 -0.110783 0.969100 0.220392 0.578772 -0.117364 0.807000 -0.807930 -0.216958 0.547886
17.285373 -37.977189 -1535.461548 1771.395655 -0.108435 0.973402 0.201817 0.504157 -0.121122 0.855076 -0.856778 -0.194468 0.477613
21.586203 -24.816810 -16475.059744 -1436.420295 0.708401 0.340067 -0.618484 0.314776 0.632084 0.708086 -0.631731 0.696293 -0.340724
5.261222 -24.234954 -11489.066418 -1438.081920 0.777809 0.366644 -0.510476 0.259155 0.552853 0.791954 -0.572583 0.748282 -0.334997
-7.292393 -20.686584 -6603.104735 -864.191517 0.655170 0.113937 -0.746840 0.496789 0.679794 0.539520 -0.569169 0.724499 -0.388778
9.681164 -16.252569 -2158.236984 -1282.001867 0.034851 0.848034 0.528795 0.583804 -0.446727 0.677944 -0.811146 -0.285086 0.510654
1.847719 -13.827085 -428.628388 -895.550745 -0.000811 0.873574 0.486691 0.571678 -0.398914 0.716974 -0.820477 -0.278812 0.499080
-9.036742 -22.891298 181.210918 142.459887 0.353352 0.888543 0.292633 0.933923 -0.316953 -0.165315 -0.054139 0.331711 -0.941826
-7.407346 -24.743490 13.745341 -247.876992 0.316335 0.888622 0.332090 0.944473 -0.262211 -0.198028 -0.088895 0.376293 -0.922226
-8.351672 -23.345815 298.865689 706.490865 0.233885 0.909914 0.342569 0.971615 -0.231612 -0.048162 0.035520 0.344110 -0.938257
-10.939573 -21.545274 387.668823 640.966369 0.249915 0.921399 0.297600 0.967449 -0.250252 -0.037628 0.039805 0.297317 -0.953949
-11.407753 -21.462762 224.950890 391.188024 0.441840 0.862638 0.246238 0.896538 -0.414941 -0.155062 -0.031588 0.289275 -0.956725
0.084629 -24.437049 169.702830 84.923251 -0.398932 0.087806 0.912767 0.836654 0.442269 0.323121 -0.375316 0.892574 -0.249899
-0.251678 -25.051831 163.872397 -307.572994 -0.430976 0.070647 0.899594 0.864553 0.317886 0.389225 -0.258470 0.945493 -0.198079
-0.058635 -24.953079 -17.163729 -319.737501 -0.431951 0.083538 0.898020 0.868581 0.306661 0.389264 -0.242869 0.948146 -0.205022
1.543857 -26.418745 -56.482864 202.305379 0.653789 -0.192916 -0.731671 0.362257 0.928740 0.078821 0.664326 -0.316585 0.677085
2.017179 -27.433225 228.451825 223.327929 0.634813 -0.170476 -0.753625 0.210295 0.976657 -0.043787 0.743498 -0.130687 0.655845
1.762981 -27.303758 265.421015 367.154831 0.630002 -0.191645 -0.752576 0.343197 0.938014 0.048433 0.696644 -0.288794 0.656722
38.183487 -45.090666 -2755.918203 1753.392938 -0.255790 0.778010 0.573822 0.852101 -0.098911 0.513945 0.456612 0.620417 -0.637643
25.662409 -54.771088 -2933.654342 900.190841 -0.106139 0.859856 0.499381 0.935519 -0.083834 0.343186 0.336955 0.503606 -0.795514
21.012400 -58.883066 -2341.183205 1904.180200 -0.121300 0.849477 0.513493 0.977363 0.011874 0.211235 0.173342 0.527492 -0.831688
0.398706 -32.984446 -350.111553 -433.287887 0.592366 -0.379878 -0.710489 0.429661 0.894944 -0.120273 0.681538 -0.234024 0.693354
2.465976 -37.507169 -454.294571 -1246.853884 0.590289 -0.371070 -0.716844 0.329982 0.921407 -0.205235 0.736662 -0.115398 0.666343
1.902598 -33.296684 -485.091653 -880.193543 0.583573 -0.406225 -0.703152 0.457723 0.879777 -0.128383 0.670770 -0.246928 0.699353
26.538837 -21.807439 -1924.066437 -769.795106 0.939845 0.102447 0.325878 0.336997 -0.121949 -0.933575 0.055902 -0.987235 0.149138
40.208192 -27.994920 4482.787501 -1982.583244 0.985422 0.112455 0.127663 0.129353 -0.007835 -0.991568 0.110507 -0.993626 0.022267
30.627392 -19.632382 2486.845569 -828.800769 0.967142 0.060533 0.246925 0.252414 -0.112528 -0.961054 0.030390 -0.991803 0.124110
35.361332 -39.830758 3175.525882 -2759.715849 0.987324 0.142399 0.070103 0.050180 0.138969 -0.989024 0.150578 -0.980005 -0.130062
45.766896 -37.993509 6968.124035 -2425.818672 0.997066 0.057124 0.050958 0.040601 0.169707 -0.984658 0.064895 -0.983838 -0.166890
-1.076878 -49.988022 117.528501 -58.105874 0.981918 0.028137 0.187204 0.083268 -0.952288 -0.293624 -0.170011 -0.303903 0.937411
-0.445351 -44.960153 327.058242 -339.018794 0.985471 0.007388 0.169681 0.058615 -0.952467 -0.298951 -0.159407 -0.304554 0.939061
-0.640052 -54.757585 -9.567131 556.352381 0.983094 -0.009715 0.182842 0.073603 -0.893389 -0.443214 -0.167655 -0.449179 0.877570
-1.274809 -45.340580 187.972799 63.119440 0.979693 0.069961 0.187904 0.100691 -0.982077 -0.159330 -0.173389 -0.175014 0.969178
-1.529788 -51.048394 -6.853817 246.794888 0.974950 0.088728 0.203959 -0.118390 0.983310 0.138150 -0.188297 -0.158836 0.969183
-1.036800 -55.970507 -119.318345 72.375575 0.978114 0.041608 0.203866 0.100144 -0.952991 -0.285972 -0.182384 -0.300129 0.936300
-7.176424 -51.451296 175.616958 69.270747 -0.072704 0.708426 0.702030 0.946009 0.271921 -0.176427 -0.315883 0.651300 -0.689947
-5.210655 -97.291888 -651.345400 -6710.010350 0.844510 -0.013103 0.535380 -0.436212 -0.596782 0.673477 -0.310681 0.802297 0.509703
5.227256 -11.462752 4803.878513 2450.416146 0.324417 -0.840440 -0.434067 0.939602 0.233395 0.250348 -0.109094 -0.489067 0.865397
12.097659 -7.742456 1655.551689 3287.023186 0.306083 -0.872925 -0.379888 0.947946 0.242655 0.206196 -0.087812 -0.423226 0.901759
-1.893994 -53.459744 -1384.751451 3860.578970 -0.981002 0.155680 -0.115757 0.164642 0.983699 -0.072321 0.102611 -0.090006 -0.990641
-4.380358 -58.738509 2376.244623 3667.872808 0.984287 -0.118105 0.131268 0.147144 0.959558 -0.239994 0.097615 -0.255538 -0.961859
3.783931 -257.697954 891.349718 74626.980348 0.896625 0.078814 0.435720 -0.152956 -0.868327 0.471818 -0.415534 0.489690 0.766509
-6.582803 -219.318285 -14496.704916 47220.368289 0.999315 -0.036603 -0.005542 0.021878 0.704689 -0.709179 -0.029864 -0.708572 -0.705006
