14067
28117
-38.444278 -63.699411 -2274.060063 7867.083156 -0.450526 0.892717 0.009090 -0.233424 -0.127617 0.963964 -0.861708 -0.432169 -0.265876
-44.874729 -69.100361 898.036695 4452.861056 -0.439026 0.885024 0.154883 -0.276237 -0.296993 0.914050 -0.854956 -0.358507 -0.374864
-47.263439 -82.423199 -2673.791372 11557.355269 -0.272669 0.896594 -0.348956 -0.496430 0.179576 0.849300 -0.824142 -0.404809 -0.396131
-33.649487 -59.401399 -1167.449280 6681.510738 -0.441469 0.822571 0.358443 -0.066864 -0.428527 0.901051 -0.894782 -0.373820 -0.244182
-31.073404 -77.163462 -6392.914931 15345.468576 -0.375296 0.851094 -0.367141 -0.352101 0.235500 0.905850 -0.857425 -0.469233 -0.211289
-28.571586 -49.590157 -3659.281302 7454.890673 -0.486097 0.866944 0.110083 -0.060142 -0.158854 0.985469 -0.871833 -0.472412 -0.129358
-55.736552 -81.641711 659.659075 -38.432197 -0.231161 0.640945 0.731952 0.669994 0.650383 -0.357924 -0.705459 0.407665 -0.579773
-55.785410 -80.214633 448.783467 -228.358367 -0.187139 0.589612 0.785708 0.750729 0.601692 -0.272714 -0.633549 0.538818 -0.555239
-53.681260 -80.111176 3806.301786 1450.376661 -0.193967 0.653975 0.731227 -0.774171 -0.559849 0.295344 -0.602525 0.508808 -0.614881
-58.182190 -87.854532 -415.953999 1686.921937 -0.278821 0.731098 0.622699 -0.740858 -0.576329 0.344927 -0.611055 0.365159 -0.702332
-10.898578 -52.752363 1616.189675 1488.697709 -0.109883 -0.854191 -0.508216 0.963127 0.034831 -0.266783 0.245585 -0.518792 0.818867
7.072057 -40.218115 10860.261916 2777.041425 0.166595 -0.741168 -0.650320 0.899742 0.384076 -0.207241 0.403373 -0.550595 0.730846
-5.196858 -51.186974 -1136.753617 3425.173922 -0.277965 -0.852003 -0.443651 0.893036 -0.059065 -0.446092 0.353867 -0.520194 0.777288
-10.806200 -59.733999 -471.245003 -2506.163452 -0.340304 -0.845004 -0.412507 0.917068 -0.201305 -0.344185 0.207798 -0.495424 0.843430
-2.351708 -53.968215 2147.391827 1610.311153 -0.511880 0.833718 -0.207107 -0.025803 -0.255900 -0.966359 0.858669 0.489316 -0.152503
-3.469747 -57.125090 1614.177200 1703.160248 -0.504521 0.833140 -0.226576 0.070326 -0.221897 -0.972531 0.860531 0.506596 -0.053360
-5.678641 -53.121884 342.923326 862.645386 -0.497754 0.847924 -0.182388 -0.001237 -0.210984 -0.977489 0.867317 0.486324 -0.106067
-1.740418 -59.215562 2847.427798 2509.469147 -0.528313 0.807269 -0.263062 0.049675 -0.279911 -0.958740 0.847595 0.519582 -0.107780
1.563541 -53.487343 3686.593682 2083.225009 -0.531078 0.824806 -0.194040 -0.079704 -0.276617 -0.957669 0.843566 0.493131 -0.212645
2.849814 -53.210578 -293.816299 -2513.016418 -0.554439 0.702283 -0.446537 0.816860 0.356608 -0.453398 -0.159175 -0.616140 -0.771385
2.109896 -62.875479 -174.621288 -4848.598975 -0.528078 0.714636 -0.458725 0.847061 0.405009 -0.344173 -0.060171 -0.570318 -0.819217
3.009811 -58.619004 -592.060937 -2534.558801 -0.551129 0.705982 -0.444799 0.816276 0.345599 -0.462876 -0.173060 -0.618184 -0.766746
2.987814 -52.742127 -710.787310 -554.496303 -0.587661 0.685393 -0.429990 0.774597 0.323021 -0.543743 -0.233782 -0.652605 -0.720730
4.919052 -119.239748 -4723.093808 16321.633616 -0.107682 0.913978 -0.391214 -0.859009 -0.283637 -0.426208 0.500507 -0.290161 -0.815659
2.560495 -95.673207 491.236882 23949.875589 -0.142239 0.929838 -0.339366 -0.945094 -0.229489 -0.232664 0.294221 -0.287638 -0.911426
-1.854152 -117.150926 498.854873 19004.684786 -0.152483 0.926741 -0.343366 -0.862652 -0.294340 -0.411333 0.482265 -0.233484 -0.844337
1.165818 -140.094046 -3354.355593 11866.362458 -0.120303 0.918028 -0.377825 -0.714024 -0.344431 -0.609539 0.689708 -0.196446 -0.696930
-9.391953 -142.599445 -1152.560236 13370.552740 -0.164268 0.911354 -0.377425 -0.704120 -0.376297 -0.602175 0.690819 -0.166834 -0.703517
1.980357 -155.258341 -264.578647 7658.800556 -0.647873 0.699456 -0.301699 0.261431 0.576172 0.774390 -0.715482 -0.422833 0.556145
0.812713 -160.563745 712.752355 3904.251068 -0.648765 0.679664 -0.342287 -0.026310 0.429490 0.902688 -0.760534 -0.594638 0.260756
-1.020983 -163.497935 -276.867089 5691.390355 -0.649770 0.681376 -0.336936 0.153775 0.551926 0.819592 -0.744414 -0.480734 0.463403
31.087582 -51.877500 -1894.778510 -764.149131 -0.678050 0.710078 -0.189836 0.115089 0.357657 0.926734 -0.725949 -0.606524 0.324232
32.139787 -52.183623 3223.630127 -447.141545 -0.584460 0.775977 -0.237206 0.033794 0.315357 0.948371 -0.810718 -0.546269 0.210537
31.880522 -52.439012 4295.602679 -1816.384649 -0.571691 0.787140 -0.231476 0.113608 0.355353 0.927802 -0.812566 -0.504118 0.292578
339.142726 -125.436491 132184.819548 33422.353670 -0.227476 0.737525 0.635855 0.051589 0.661184 -0.748448 0.972416 0.137451 0.188452
413.886594 -93.272609 160243.971486 22630.267512 -0.220001 0.723420 0.654419 -0.023789 0.666676 -0.744967 0.975209 0.179462 0.129460
418.798820 -175.620822 136342.769541 53605.477402 0.144837 0.751647 0.643466 0.039837 0.645366 -0.762834 0.988653 -0.136120 -0.063529
-0.234113 -78.345953 -78.683774 6543.029667 -0.416924 0.824626 -0.382318 0.264743 -0.292211 -0.918980 0.869532 0.484361 0.096484
0.011462 -80.886246 -175.032675 6201.606300 -0.406841 0.826551 -0.388965 0.280835 -0.292007 -0.914256 0.869260 0.481192 0.113324
-2.990422 -90.829147 341.648357 10256.076018 -0.424509 0.830785 -0.359984 0.372024 -0.202429 -0.905881 0.825464 0.518477 0.223140
-1.448271 -76.150294 695.297178 5960.603364 -0.427276 0.827251 -0.364817 0.249319 -0.280052 -0.927044 0.869066 0.487059 0.086590
-15.914714 -45.152728 1403.198366 -3051.709282 0.694864 -0.707646 0.128064 0.332443 0.158177 -0.929764 -0.637688 -0.688634 -0.345163
-17.820043 -47.784234 -153.788462 -5789.792324 0.652965 -0.734291 0.185615 0.435226 0.163210 -0.885404 -0.619850 -0.658923 -0.426153
-15.290334 -50.521935 1368.260219 -7442.484495 0.687994 -0.698486 0.196930 0.385014 0.121284 -0.914907 -0.615165 -0.705271 -0.352369
-10.626871 -163.355381 200.219841 2940.666530 0.118487 -0.446640 -0.886833 0.772729 -0.519409 0.364834 -0.623579 -0.728510 0.283588
-11.130284 -173.684311 134.502324 -3590.651194 0.055520 -0.432189 -0.900072 0.948580 -0.258526 0.182648 -0.311630 -0.863931 0.395612
-8.245167 -148.209725 -757.920860 3543.560416 0.083854 -0.456987 -0.885512 0.881431 -0.380493 0.279829 -0.464809 -0.803983 0.370897
-8.001156 -149.863581 -688.087053 4226.132508 0.087191 -0.490938 -0.866820 0.750162 -0.540179 0.381397 -0.655481 -0.683510 0.321184
-9.866782 -152.645359 -484.763440 5336.779278 0.112031 -0.479812 -0.870189 0.727613 -0.556801 0.400688 -0.676778 -0.678051 0.286739
95.389716 -1455.407448 -7265.594571 -584592.508393 0.376328 -0.616025 -0.692019 0.670318 -0.334582 0.662366 -0.639571 -0.713139 0.287020
15.894411 -742.754262 -10909.242974 -187788.315686 0.298222 -0.633822 -0.713676 0.883981 -0.098649 0.456997 -0.360058 -0.767163 0.530867
6.716845 -913.854765 -7575.008028 -31900.727868 0.272451 -0.582031 -0.766166 0.957558 0.086149 0.275067 -0.094093 -0.808590 0.580800
8.551386 -548.350223 6816.026153 -157295.301760 -0.353320 0.630790 0.690847 0.606962 -0.407376 0.682380 -0.711872 -0.660416 0.238931
114.847704 -1720.125559 43910.746679 -836536.867592 0.189098 -0.401332 -0.896200 0.817379 -0.441449 0.370154 -0.544181 -0.802531 0.244564
6.699914 -803.815537 1250.110764 298181.542844 -0.346298 0.553583 0.757379 -0.355401 0.669740 -0.652027 -0.868198 -0.494969 -0.035186
6.089775 -476.138945 -1289.871867 113046.583753 -0.343985 0.486180 0.803308 -0.423025 0.683536 -0.594835 -0.838287 -0.544433 -0.029461
-8.111311 -104.071482 -4243.843342 6145.773399 -0.257005 0.759448 0.597652 0.430992 -0.463448 0.774250 -0.864982 -0.456569 0.208207
-7.626962 -94.492823 -2531.674290 3998.088532 -0.233969 0.759233 0.607309 0.613703 -0.369147 0.697925 -0.754074 -0.536000 0.379575
-13.234700 -96.890008 -2488.753907 3729.342926 -0.220257 0.761975 0.609000 0.528133 -0.431749 0.731210 -0.820099 -0.482687 0.307329
-14.886173 -101.704756 -1566.677421 3268.418928 -0.212990 0.773533 0.596893 0.363145 -0.504474 0.783346 -0.907062 -0.383604 0.173456
-29.946323 -48.110797 3557.287044 -3065.188310 -0.407781 0.823075 0.395300 0.522404 -0.144765 0.840320 -0.748872 -0.549173 0.370946
-22.550006 -41.294642 4218.409924 -1840.834746 -0.498490 0.852046 0.159765 0.335377 0.019603 0.941880 -0.799394 -0.523099 0.295529
-27.489450 -41.894788 2526.642199 -2487.039850 -0.488563 0.813252 0.316113 0.379574 -0.128118 0.916248 -0.785640 -0.567633 0.246096
-30.650572 -49.305496 -652.204316 -3969.436144 -0.423275 0.750730 0.507192 0.542029 -0.238746 0.805732 -0.725977 -0.615959 0.305863
-9.419005 -53.913836 -272.633147 -2421.111691 -0.612656 0.766319 -0.193411 0.755995 0.639573 0.139348 -0.230486 0.060845 0.971172
-4.832538 -52.135240 -1417.892508 -1310.461501 0.689472 -0.689123 0.223020 0.641741 0.723965 0.253067 -0.335853 -0.031362 0.941392
-7.341815 -55.827900 -280.642798 -2670.655830 -0.608863 0.771595 -0.184195 0.752429 0.635276 0.173998 -0.251271 0.032652 0.967366
-9.521869 -61.396269 243.905478 -2698.100264 -0.556632 0.811331 -0.178615 0.818775 0.572160 0.047332 -0.140599 0.119899 0.982780
-11.415053 -60.415996 299.232983 -2631.597043 0.550434 -0.812068 0.193825 0.825839 0.563669 0.016347 -0.122528 0.151070 0.980900
-5.707328 -41.492471 10689.564065 -459.808364 -0.611047 0.786723 0.087689 -0.673505 -0.458484 -0.579813 0.415948 0.413352 -0.810017
-1.862682 -42.783713 16974.348224 -3353.435443 -0.616676 0.779485 0.110068 0.645986 0.421161 0.636652 0.449904 0.463711 -0.763255
-17.614065 -45.642762 3224.193397 -386.988777 -0.697986 0.708639 -0.103177 -0.547094 -0.620649 -0.561679 0.462065 0.335597 -0.820896
-22.340158 -47.367916 -3958.880953 -1883.939928 -0.671822 0.707046 -0.220773 -0.523743 -0.664205 -0.533409 0.523783 0.242728 -0.816538
-22.481227 -48.793628 -574.108640 1197.164443 -0.746808 0.635614 -0.195633 0.505791 0.733848 0.453478 0.431802 0.239712 -0.869532
-25.191274 -47.345060 -4471.738801 -129.095291 -0.683991 0.689354 -0.238637 -0.470863 -0.667060 -0.577337 0.557175 0.282528 -0.780855
2.953401 -119.442602 -2588.296439 11710.199610 0.594744 -0.762001 0.256190 0.803656 0.555462 -0.213541 0.020415 0.332891 0.942744
3.003070 -111.560471 -5708.847028 21823.039250 0.739799 -0.623701 0.252377 -0.670802 -0.654625 0.348555 0.052181 0.427156 0.902671
8.051945 -118.398344 -1697.003496 17829.612431 0.716058 -0.665189 0.211623 -0.687712 -0.620303 0.377195 0.119636 0.415630 0.901631
5.483301 -143.440268 71.968920 18942.030527 0.616456 -0.759370 0.208181 0.783285 0.564461 -0.260478 0.080289 0.323638 0.942768
25.338217 -256.858331 -2869.846597 -71208.578127 0.920650 -0.006684 -0.390331 0.240916 0.796481 0.554597 -0.307184 0.604627 -0.734891
26.891208 -148.774623 -638.759550 -30972.278287 0.908708 -0.122766 -0.398972 0.291512 0.870739 0.396023 -0.298783 0.476175 -0.827035
34.871784 -278.264310 -4583.619380 -79607.939358 0.938178 -0.065957 -0.339811 0.269014 0.756709 0.595838 -0.217838 0.650416 -0.727671
30.460319 -415.860163 -1192.466346 -138497.108620 0.935222 0.001288 -0.354059 0.293806 0.555208 0.778089 -0.197579 0.831711 -0.518864
78.966046 -291.782837 -10010.807192 -72543.837894 0.905919 -0.397015 -0.147277 0.416756 0.897537 0.144020 -0.075009 0.191849 -0.978554
52.489866 -135.488527 8009.820513 -20258.034667 -0.866804 0.413016 0.279407 0.419624 0.906871 -0.038727 -0.269382 0.083677 -0.959391
58.986700 -147.739684 1805.381972 -18791.653872 -0.862762 0.500353 0.072716 0.498906 0.865815 -0.038179 -0.082062 0.003339 -0.996622
69.191145 -319.334950 -8292.356546 -80821.619014 -0.843417 0.531449 -0.078806 0.524136 0.846137 0.096606 0.118022 0.040174 -0.992198
49.372767 -155.573060 4862.901781 -15539.273494 0.809791 -0.578529 0.097682 0.586467 0.803017 -0.105922 0.017162 -0.143062 -0.989565
-18.651465 -51.038128 -467.103432 -343.127067 0.114607 -0.894315 -0.432510 0.925298 -0.062337 0.374083 -0.361509 -0.443073 0.820364
-21.779545 -48.534330 1851.171704 -315.380580 0.036278 -0.905451 -0.422898 0.961401 -0.083876 0.262057 -0.272751 -0.416081 0.867458
-21.159445 -48.122711 2047.127977 -25.674324 0.156470 -0.905598 -0.394221 0.907950 -0.025224 0.418319 -0.388773 -0.423387 0.818290
-17.654801 -22.785114 -113.756131 2366.963148 -0.666022 0.744214 -0.050605 -0.674514 -0.629834 -0.385148 0.318505 0.222383 -0.921466
-11.437257 -28.363162 2901.329981 4710.025290 -0.652020 0.758199 0.002052 -0.690976 -0.593092 -0.413272 0.312125 0.270879 -0.910605
-16.521513 -27.245659 -752.193485 5567.452254 -0.633536 0.772234 -0.047815 -0.692633 -0.593603 -0.409750 0.344806 0.226473 -0.910944
-41.360158 -67.753757 651.666549 2518.549988 0.368437 0.138586 0.919265 0.912960 0.132606 -0.385901 -0.175381 0.981432 -0.077667
-41.890238 -66.032406 696.676216 258.878471 0.393681 0.240393 0.887258 0.914029 0.000331 -0.405649 -0.097809 0.970676 -0.219595
-42.582065 -68.935541 1125.323018 1964.778083 0.307960 0.238617 0.920990 0.930222 0.127592 -0.344104 -0.199620 0.962695 -0.182674
-46.333449 -70.124895 838.831304 1832.664438 0.277708 0.351887 0.893898 0.946428 0.059390 -0.317407 -0.164781 0.934156 -0.316543
-42.184954 -71.756276 1299.003786 2634.450723 0.303465 0.170072 0.937542 0.900623 0.270063 -0.340506 -0.311106 0.947703 -0.071216
-44.793975 -72.345690 805.247628 1971.575626 0.237011 0.290598 0.927027 0.925858 0.221500 -0.306146 -0.294302 0.930855 -0.216554
97.999104 -47.861776 -10453.694796 -2124.768563 -0.868740 0.414010 -0.271823 0.194990 0.790423 0.580698 0.455270 0.451473 -0.767399
90.463369 -43.033150 4887.432105 -6485.689245 0.922144 -0.263723 0.283020 0.038475 0.790504 0.611247 0.384928 0.552769 -0.739106
84.396808 -34.666230 -13407.576711 -805.968004 0.970923 -0.237284 0.031692 0.170738 0.779177 0.603101 0.167800 0.580154 -0.797035
97.403607 -56.630049 -9715.389038 -8787.708329 -0.829974 0.393275 -0.395574 0.093601 0.797302 0.596279 0.549893 0.457870 -0.698550
87.535255 -43.131319 -8305.545513 4986.913635 0.915161 -0.399291 0.055192 0.294355 0.755546 0.585239 0.275381 0.519342 -0.808980
96.079190 -65.313375 -13523.104213 -2876.238356 -0.783809 0.467723 -0.408509 0.169146 0.793745 0.584258 0.597523 0.388849 -0.701258
93.418913 -62.834012 -15349.287551 4653.277147 -0.789135 0.522941 -0.322178 0.281983 0.774435 0.566335 0.545665 0.356067 -0.758595
20.956744 -53.715172 -10541.809460 -580.883631 -0.409012 0.910127 0.066165 0.591320 0.319567 -0.740417 0.695018 0.263715 0.668883
14.667709 -53.117201 -9347.889008 91.687629 -0.413277 0.906456 0.086837 0.672952 0.368270 -0.641493 0.613464 0.206677 0.762199
33.631942 -53.824404 -9303.836642 -985.636131 -0.459426 0.887109 0.044334 0.638118 0.364372 -0.678261 0.617845 0.283320 0.733483
33.645359 -54.777938 -5534.746167 -1093.568391 -0.486818 0.873478 -0.006641 0.559293 0.305855 -0.770483 0.670969 0.378800 0.637426
34.099414 -54.767214 1368.736275 -1202.307106 -0.560304 0.825205 -0.071384 0.629705 0.368400 -0.683925 0.538080 0.428157 0.726052
36.824807 -52.669875 -3504.155286 841.077647 -0.520991 0.853559 -0.002320 0.663460 0.403246 -0.630249 0.537019 0.329893 0.776390
-6.415371 -61.429381 3080.280931 1162.406883 0.550770 -0.266655 -0.790916 -0.351525 0.785347 -0.509569 0.757023 0.558682 0.338809
-3.633400 -55.207976 1537.000607 -5636.127941 0.538425 -0.219061 -0.813702 -0.391661 0.789927 -0.471822 0.746123 0.572736 0.339519
-6.889539 -56.116503 236.940948 -5221.430024 0.562197 -0.193186 -0.804123 -0.442303 0.751348 -0.489740 0.698786 0.630996 0.336959
-8.418824 -52.210346 -956.092914 -844.098117 -0.543412 0.171788 0.821701 0.584730 -0.624865 0.517334 0.602323 0.761599 0.239109
-11.823952 -56.888072 -99.268349 3403.873572 0.580056 -0.165156 -0.797658 0.488807 -0.712757 0.503037 0.651616 0.681690 0.332709
-8.752682 -45.294763 -1173.686769 -3120.816110 -0.661434 0.734749 -0.150494 -0.376232 -0.498638 -0.780903 0.648810 0.459895 -0.606252
-4.367956 -44.409868 -1487.243251 -4013.564351 -0.669554 0.714293 -0.203676 -0.322804 -0.526796 -0.786310 0.668951 0.460730 -0.583295
-6.213911 -48.522344 -1503.972692 -1223.283260 -0.667350 0.717872 -0.198253 -0.400714 -0.570499 -0.716910 0.627752 0.398987 -0.668383
-4.114103 -34.598548 -1266.074333 -5465.519590 -0.673052 0.713020 -0.196478 -0.257817 -0.475183 -0.841268 0.693204 0.515561 -0.503651
-7.695531 -37.220260 -1598.890329 -5078.331762 -0.649167 0.750750 -0.122296 -0.325978 -0.419850 -0.847032 0.687256 0.510000 -0.517281
-2.818818 -110.189183 660.769902 11184.920176 0.674980 -0.110685 -0.729487 -0.114266 0.961075 -0.251553 0.728934 0.253149 0.636059
-2.919200 -129.151000 720.460377 3891.467095 0.679387 -0.016210 -0.733601 0.018090 0.999822 -0.005339 0.733557 -0.009644 0.679559
-3.252409 -126.086240 -1238.826334 15652.909464 0.695491 -0.107747 -0.710410 -0.123424 0.956083 -0.265840 0.707855 0.272571 0.651649
1.369171 -98.455200 -1400.703721 8290.265727 0.471267 0.827141 -0.306179 -0.619760 0.063563 -0.782213 0.627539 -0.558388 -0.542584
1.246579 -114.683588 -1590.008870 15407.917162 0.496622 0.823337 -0.274740 -0.491679 0.006009 -0.870756 0.715275 -0.567521 -0.407801
1.678460 -123.203650 -194.581671 10997.869853 0.480372 0.829634 -0.284516 -0.543519 0.026991 -0.838963 0.688353 -0.557654 -0.463888
1.033364 -106.853232 650.265729 2365.531375 0.423727 0.843178 -0.330919 -0.717409 0.089370 -0.690896 0.552974 -0.530155 -0.642771
1.883147 -102.930831 2346.808791 7130.562090 0.420479 0.856122 -0.300421 -0.682025 0.079878 -0.726954 0.598364 -0.510564 -0.617483
2.303223 -116.019956 757.929459 11752.264557 0.449945 0.849254 -0.276256 -0.547264 0.017751 -0.836772 0.705728 -0.527686 -0.472753
2.319009 -140.385380 356.833528 15012.666009 0.476997 0.843897 -0.245585 -0.360208 -0.067172 -0.930450 0.801701 -0.532284 -0.271938
-4.027863 -163.808961 1180.156303 7395.871218 0.701339 0.170797 -0.692064 0.124387 0.926652 0.354746 0.701891 -0.334881 0.628652
-3.713049 -173.578140 -536.564755 11476.193178 0.725969 0.157018 -0.669562 0.236860 0.856937 0.457773 0.645651 -0.490922 0.584919
-2.621351 -171.175963 486.611524 2026.113087 0.706064 0.169940 -0.687455 0.338281 0.771912 0.538255 0.622126 -0.612595 0.487531
-2.726278 -172.724974 1120.416912 5013.482750 0.696522 0.165904 -0.698092 0.245794 0.858875 0.449355 0.674124 -0.484572 0.557447
-12.342705 -105.032869 -988.376361 -5994.283479 0.302017 0.938645 -0.166529 0.611043 -0.056526 0.789577 -0.731719 0.340222 0.590624
-11.688669 -94.304804 -1460.511320 -5046.198902 0.272913 0.940855 -0.200776 0.431364 0.066867 0.899696 -0.859909 0.332146 0.387602
-10.382811 -95.983567 -116.383583 -5279.782463 0.279331 0.940227 -0.194801 0.449578 0.051198 0.891773 -0.848442 0.336678 0.408404
-10.581646 -107.114195 -429.713128 -7619.919494 0.299692 0.941846 -0.152019 0.596148 -0.060472 0.800594 -0.744843 0.330558 0.579603
2.063568 -40.829525 -5587.804268 417.410613 0.730593 -0.204881 -0.651350 -0.644485 -0.522018 -0.558692 0.225551 -0.827962 0.513425
5.413077 -40.784857 -3938.871658 1235.498869 0.746762 -0.166064 -0.644026 -0.613997 -0.544334 -0.571584 0.255646 -0.822267 0.508451
9.617593 -43.922030 -8320.717221 3563.727914 0.758405 -0.210746 -0.616772 -0.642009 -0.404806 -0.651119 0.112452 -0.889785 0.442308
0.103186 -39.588604 -950.983054 -5253.668253 0.717395 -0.157256 -0.678686 -0.587862 -0.659419 -0.468599 0.373848 -0.735145 0.565508
-4.610121 -41.703137 -882.717871 -6025.964205 0.704298 -0.175208 -0.687944 -0.612981 -0.638890 -0.464838 0.358077 -0.749081 0.557368
-10.347648 -174.566154 185.073937 817.598827 -0.079644 -0.333060 -0.939536 -0.409869 0.870111 -0.273705 0.908661 0.363288 -0.205810
-8.028684 -214.925537 1767.001998 21277.275623 -0.138753 -0.314347 -0.939113 -0.425304 0.875299 -0.230149 0.894351 0.367475 -0.255144
-10.234876 -186.190106 1069.214448 -1849.947302 -0.079423 -0.362134 -0.928736 -0.633815 0.737448 -0.233345 0.769396 0.570114 -0.288096
-10.396912 -190.153789 1848.231964 19443.792801 -0.119612 -0.283218 -0.951567 -0.210068 0.943968 -0.254551 0.970342 0.169446 -0.172405
32.292584 -28.894914 -1063.539734 753.002295 0.732356 0.663564 0.152768 -0.602745 0.527371 0.598814 -0.316786 0.530625 -0.786183
26.228101 -24.850026 -1763.412994 -43.406109 0.749650 0.639936 0.168839 -0.604433 0.558059 0.568535 -0.269604 0.528254 -0.805147
36.727771 -22.405993 122.579797 202.197207 0.848683 0.517991 0.106872 -0.461089 0.625620 0.629283 -0.259102 0.583340 -0.769793
22.792525 -31.185919 1453.871711 -2188.916275 0.587166 0.766569 0.260014 0.765461 -0.421353 -0.486345 -0.263260 0.484596 -0.834183
29.827062 -37.577946 224.615131 -2688.049427 0.617346 0.765032 0.183331 0.704897 -0.434458 -0.560684 -0.349291 0.475365 -0.807480
-16.822125 -529.604390 3875.232061 -124542.198243 0.031905 0.400575 0.915708 0.989261 -0.143402 0.028264 0.142636 0.904973 -0.400849
-9.941811 -408.685980 2760.026022 -63461.718097 0.076040 0.367976 0.926721 0.975117 -0.221546 0.007959 0.208240 0.903056 -0.375666
2.023343 -529.623498 1064.698795 -83836.748565 0.052367 0.396451 0.916561 0.806939 -0.557503 0.195039 0.588309 0.729395 -0.349106
-21.540215 -353.036444 3166.374632 -39105.021440 0.069686 0.383523 0.920898 0.970182 0.188767 -0.152031 -0.232142 0.904034 -0.358933
51.907620 -1301.056198 -746.164323 -570773.612994 0.024918 0.466616 0.884109 0.871311 -0.443706 0.209622 0.490098 0.765111 -0.417624
-24.879687 -368.769120 839.548597 -25354.118885 0.020928 0.449054 0.893260 0.973965 0.192568 -0.119626 -0.225732 0.872507 -0.433332
-19.651243 -455.870459 -2274.571430 -112607.634040 -0.010279 0.496689 0.867868 0.995714 -0.074689 0.054539 0.091908 0.864709 -0.493793
18.652867 -28.779822 11004.006852 -4987.999273 -0.613458 0.784527 0.090479 -0.418392 -0.225696 -0.879778 0.669789 0.577562 -0.466695
1.079742 -25.145094 2885.676959 -4430.589629 -0.580553 0.803434 0.132111 -0.427212 -0.162446 -0.889439 0.693144 0.572805 -0.437545
-3.117272 -35.290567 3145.871750 -4273.382742 -0.581861 0.799633 0.148410 -0.492600 -0.201309 -0.846652 0.647135 0.565741 -0.511032
-6.843390 -29.848133 297.292357 -5763.549706 -0.601104 0.795429 0.077247 -0.411113 -0.224887 -0.883409 0.685317 0.562778 -0.462192
-9.916908 -38.783685 -265.015714 -4770.806082 -0.610899 0.790354 0.046297 -0.441300 -0.291384 -0.848734 0.657310 0.538922 -0.526789
-4.154011 -95.529748 3829.012150 5177.589136 0.785715 -0.072658 -0.614307 0.452200 -0.610169 0.650545 0.422098 0.788933 0.446563
0.368433 -95.451592 2765.518347 3794.303776 0.781206 -0.057458 -0.621624 0.416293 -0.694086 0.587320 0.465206 0.717595 0.518305
1.468436 -110.899815 4184.921565 7209.051039 0.791847 -0.095357 -0.603230 0.477184 -0.519839 0.708564 0.381148 0.848925 0.366130
-12.926991 -41.058541 862.821994 -710.453009 0.908391 0.169338 -0.382297 -0.106272 0.977799 0.180597 0.404392 -0.123425 0.906219
-11.664047 -41.512771 1420.838132 -309.050726 0.902167 0.111841 -0.416636 -0.048910 0.986099 0.158798 0.428605 -0.122885 0.895096
-13.222516 -42.229113 1076.303110 209.882199 0.904208 0.121229 -0.409526 -0.095094 0.991945 0.083677 0.416371 -0.036718 0.908453
-13.921917 -41.833729 -11.505649 -642.838257 0.920855 0.149119 -0.360264 -0.127485 0.988342 0.083231 0.368476 -0.030715 0.929130
-0.347436 -47.781806 32.422825 1879.472028 -0.871370 0.135503 0.471544 0.032393 0.974897 -0.220287 -0.489557 -0.176677 -0.853885
-1.999010 -47.228164 -1146.338895 1579.567423 -0.877656 0.108072 0.466949 0.028322 0.984239 -0.174562 -0.478454 -0.139981 -0.866883
-2.445840 -50.930258 -285.212729 -1366.405827 -0.872134 0.148859 0.466072 0.089784 0.985109 -0.146626 -0.480958 -0.086032 -0.872512
-11.165498 -77.809969 8069.160927 7608.393538 -0.078279 0.959316 0.271265 0.124634 -0.260548 0.957382 -0.989110 -0.108752 0.099169
-16.938087 -90.819120 7743.184919 23989.564637 -0.075502 0.932854 0.352255 0.123539 -0.341791 0.931621 -0.989463 -0.113856 0.089438
-30.309761 -62.158440 6561.590003 -1215.800985 -0.127519 0.955396 0.266380 0.144749 -0.247770 0.957944 -0.981217 -0.160715 0.106697
2.220621 -135.980474 9133.274282 32412.954881 -0.043917 0.958505 0.281671 0.000468 -0.281924 0.959437 -0.999035 -0.042268 -0.011932
-17.732869 -145.976430 7692.078361 -42585.166603 -0.117848 0.992338 0.037118 0.131927 -0.021402 0.991028 -0.984229 -0.121688 0.128394
1.049083 -108.942449 8181.772129 -7835.391688 -0.105762 0.988863 0.104709 0.096211 -0.094630 0.990852 -0.989726 -0.114868 0.085131
-57.314939 -80.000576 592.853684 2519.550546 -0.340827 0.939894 -0.020873 -0.484099 -0.156426 0.860917 -0.805906 -0.303529 -0.508316
-44.047272 -69.474080 1107.748612 4177.141594 -0.418243 0.827511 0.374563 -0.206348 -0.488140 0.848022 -0.884587 -0.277389 -0.374916
-43.060216 -79.327816 240.959189 559.388346 0.589087 -0.807044 0.040688 0.802870 0.578852 -0.142585 0.091520 0.116662 0.988946
-44.058873 -83.202405 2639.854647 1475.419282 0.566718 -0.815600 0.116739 0.823154 0.554408 -0.122680 0.035337 0.165619 0.985557
-41.452406 -79.810199 -2209.272545 -514.703705 -0.546705 0.836437 -0.038558 0.836715 0.547485 0.012969 -0.031958 0.025172 0.999172
11.989659 -25.792924 -1230.918184 1607.860939 0.093014 0.945635 0.311646 0.952054 0.007150 -0.305846 -0.291447 0.325152 -0.899630
9.508752 -21.112740 -2030.049986 3096.608848 -0.043787 0.939021 0.341060 0.975695 0.113565 -0.187408 -0.214713 0.324565 -0.921171
8.114663 -21.447357 -5771.736021 2871.654517 0.148889 0.943825 0.295002 0.958740 -0.064719 -0.276818 -0.242175 0.324046 -0.914519
30.457093 -28.021318 12303.656262 2189.051165 -0.138577 0.904664 0.402963 0.954618 0.230333 -0.188817 -0.263631 0.358510 -0.895527
14.218592 -23.550513 -1938.237152 2113.262389 0.216825 0.932627 0.288433 0.930364 -0.107935 -0.350389 -0.295651 0.344321 -0.891086
27.772885 -24.370443 4951.908829 -749.232898 0.149940 0.934541 0.322725 0.923077 -0.015387 -0.384307 -0.354185 0.355523 -0.864960
28.592411 -28.033280 14269.813171 -1193.018310 -0.006399 0.924950 0.380034 0.938827 0.136419 -0.316216 -0.344328 0.354763 -0.869242
9.068567 -40.539745 11670.209620 5721.384914 0.225568 -0.723907 -0.651980 0.905337 0.402942 -0.134172 0.359838 -0.559997 0.746270
44.586664 -36.947481 28742.133288 2765.469335 0.348089 -0.596766 -0.722983 0.816198 0.572289 -0.079412 0.461146 -0.562455 0.686287
-7.474275 -58.991464 -340.680543 1085.001457 -0.493751 0.834108 -0.245915 0.195463 -0.169102 -0.966022 0.847352 0.525041 0.079543
-6.183789 -55.704797 -135.016285 1617.541218 -0.488687 0.846716 -0.210372 0.088804 -0.191599 -0.977448 0.867928 0.496348 -0.018440
-6.620571 -56.969377 -1016.495451 1110.729141 -0.474133 0.850422 -0.227992 0.166001 -0.167960 -0.971717 0.864663 0.498570 0.061536
-3.511038 -60.470686 2057.464183 1858.055613 -0.510338 0.813564 -0.278693 0.164439 -0.225774 -0.960201 0.844106 0.535855 0.018561
-7.811146 -58.257887 -734.017131 428.386595 -0.485461 0.836757 -0.253310 0.276580 -0.127869 -0.952446 0.829356 0.532436 0.169355
-6.692578 -61.041836 689.361800 -2.364367 -0.489328 0.814901 -0.310637 0.299417 -0.177561 -0.937455 0.819090 0.551732 0.157109
-8.598017 -58.372132 -792.506923 -544.216808 -0.482779 0.828674 -0.283238 0.342855 -0.118759 -0.931851 0.805838 0.546988 0.226781
0.759291 -73.968169 -305.083900 -7330.287969 -0.514039 0.721074 -0.464561 0.855531 0.470076 -0.217015 0.061896 -0.509000 -0.858538
0.981853 -76.566045 -172.839471 -9353.026816 -0.504530 0.725946 -0.467387 0.863078 0.438707 -0.250265 0.023367 -0.529658 -0.847889
1.951841 -68.936786 294.232298 -5910.696428 -0.500657 0.736972 -0.454109 0.864199 0.395210 -0.311397 -0.050022 -0.548344 -0.834755
8.428057 -101.698823 -2701.776073 17615.551085 -0.146882 0.916689 -0.371628 -0.923153 -0.261977 -0.281347 0.355266 -0.301744 -0.884724
-1.949091 -160.901711 -918.478229 -2221.018221 -0.658370 0.649484 -0.380420 -0.137653 0.392994 0.909180 -0.740000 -0.650942 0.169332
-2.887681 -160.918030 -930.451065 2926.861191 0.638669 -0.668720 0.380676 0.315298 -0.223851 -0.922214 -0.701918 -0.709016 -0.067879
-2.279074 -155.990056 432.901226 -1308.551597 -0.642944 0.660511 -0.387748 -0.238295 0.308621 0.920852 -0.727900 -0.684454 0.041029
-1.157784 -155.579634 394.960740 1304.834744 -0.648547 0.672052 -0.357397 -0.214620 0.289030 0.932952 -0.730291 -0.681768 0.043214
1.607173 -147.770033 1552.483662 5142.572270 -0.634191 0.699721 -0.328926 0.017464 0.438277 0.898670 -0.772979 -0.564184 0.290171
28.647990 -52.154248 -4002.958839 1167.383435 -0.693221 0.693358 -0.196721 0.020029 0.291376 0.956399 -0.720447 -0.659056 0.215875
32.071538 -51.914881 2214.752473 1346.042273 -0.594069 0.768867 -0.236487 -0.061261 0.249889 0.966334 -0.802078 -0.588557 0.101350
-0.908662 -153.589724 -10242.153392 38904.737085 0.270610 -0.696225 -0.664861 0.188371 0.715573 -0.672660 0.944080 0.056788 0.324790
11.998116 -99.573127 -16802.819617 22731.139698 0.287407 -0.683715 -0.670769 0.052258 0.710467 -0.701788 0.956382 0.166646 0.239923
195.634654 -155.212926 84853.881993 40799.830970 -0.257129 0.765478 0.589855 0.168743 0.636564 -0.752537 0.951531 0.093965 0.292848
1.348054 -80.201136 249.354371 6605.260765 -0.406027 0.822705 -0.397868 0.297530 -0.292643 -0.908755 0.864070 0.487357 0.125958
1.985383 -74.783238 402.779633 1521.624667 -0.413990 0.832642 -0.367859 0.178542 -0.321992 -0.929755 0.892600 0.450587 0.015360
2.693417 -82.410126 982.703200 5849.066288 -0.412173 0.819542 -0.398075 0.321434 -0.278022 -0.905199 0.852522 0.501053 0.148835
1.351733 -70.123299 -148.575435 -3089.453440 -0.411347 0.835294 -0.364799 0.076423 -0.367211 -0.926993 0.908269 0.409194 -0.087215
0.055373 -82.884097 -277.086742 -6975.900837 -0.409299 0.839366 -0.357686 0.023372 -0.382254 -0.923762 0.912101 0.386455 -0.136839
-12.305268 -50.401964 72.170751 6711.359232 0.753633 -0.654210 0.063616 0.228104 0.169539 -0.958762 -0.616446 -0.737066 -0.276998
-13.121068 -47.995930 1070.008272 -391.665830 0.718069 -0.675706 0.166726 0.336688 0.127602 -0.932930 -0.609112 -0.726043 -0.319129
-13.478338 -51.576744 -1574.599082 -1699.705374 0.712397 -0.676914 0.185145 0.346509 0.109870 -0.931590 -0.610264 -0.727816 -0.312828
-11.143958 -54.232508 -683.703776 7373.801392 0.762441 -0.644369 0.058928 0.220453 0.173062 -0.959922 -0.608346 -0.744874 -0.274003
-11.707001 -55.465228 -1834.698843 -1687.738871 0.724706 -0.665912 0.177095 0.330156 0.109985 -0.937497 -0.604812 -0.737879 -0.299562
-13.324570 -54.342272 -1584.108050 -7723.420450 0.696976 -0.681964 0.221698 0.402920 0.116687 -0.907766 -0.593194 -0.722018 -0.356105
-11.799238 -162.981529 -381.746780 6360.242100 0.112165 -0.440425 -0.890755 0.859476 -0.406897 0.309412 -0.498719 -0.800288 0.332895
-11.974878 -175.894994 -253.641080 -7486.849935 0.059959 -0.428505 -0.901548 0.972301 -0.179333 0.149902 -0.225910 -0.885564 0.405883
-11.266267 -252.379044 1499.969891 -36360.748703 -0.010129 -0.426752 -0.904312 0.999180 -0.039776 0.007579 -0.039204 -0.903494 0.426805
-8.686764 -169.629966 -1614.947507 -8397.254137 0.028518 -0.459025 -0.887966 0.996402 -0.057870 0.061916 -0.079807 -0.886537 0.455723
-30.586590 -1638.919855 -10837.593431 720273.189152 0.360493 -0.624232 -0.693094 0.895051 0.440645 0.068670 0.262543 -0.645110 0.717569
-7.332859 -816.826863 -13333.407835 -205913.968051 0.269706 -0.648559 -0.711779 0.898408 -0.096566 0.428413 -0.346585 -0.755014 0.556627
-21.759266 -44.650738 4471.950150 -1483.048026 -0.447767 0.864709 0.227561 0.456172 0.002029 0.889889 -0.769033 -0.502270 0.395364
-13.932591 -39.917542 3527.966892 -1373.109977 -0.481007 0.872747 0.083335 0.336862 0.096224 0.936624 -0.809417 -0.478595 0.340280
-14.252649 -38.145760 4699.416593 -2042.043214 -0.499232 0.866028 0.027619 0.236846 0.105732 0.965777 -0.833469 -0.488688 0.257900
-4.829851 -55.020290 415.412641 -1526.934119 -0.650991 0.731544 -0.202616 0.674508 0.679913 0.287674 -0.348208 -0.050607 0.936050
0.306082 -55.277711 -1462.627964 1852.204007 0.716235 -0.657501 0.233878 0.581218 0.747519 0.321561 -0.386256 -0.094379 0.917551
-4.522094 -86.073316 -2788.102233 -8494.078511 0.685819 -0.683823 0.249075 0.727421 0.633457 -0.263802 0.022615 0.362103 0.931864
68.143654 -202.389338 -11615.014820 -44298.687169 0.896889 -0.317823 -0.307538 0.381498 0.907755 0.174470 -0.223719 0.273805 -0.935404
-42.099883 -63.128927 618.622572 1259.384532 0.387342 0.125804 0.913312 0.920423 0.003968 -0.390904 -0.052801 0.992047 -0.114256
-41.267714 -63.400668 2991.952284 -1731.625364 0.495376 0.152646 0.855162 0.868658 -0.093939 -0.486425 0.006082 0.983806 -0.179133
-45.193256 -67.050016 -380.915070 -65.522577 0.383873 0.357159 0.851516 0.922655 -0.111683 -0.369099 -0.036727 0.927343 -0.372406
79.182001 -29.643373 -12175.657491 -3301.689682 0.994695 -0.079316 0.065505 0.018970 0.767297 0.641011 0.101104 0.636368 -0.764731
82.615771 -50.893635 3805.296133 -5189.631309 0.914002 -0.183652 0.361762 -0.120704 0.728207 0.674644 0.387338 0.660293 -0.643415
76.975466 -38.788121 -487.013311 -4219.316615 0.969424 -0.064717 0.236703 -0.118872 0.720014 0.683703 0.214677 0.690935 -0.690306
86.637734 -62.723435 5528.250794 -4553.263111 0.852271 -0.291961 0.434044 -0.082256 0.744629 0.662391 0.516593 0.600239 -0.610610
4.466635 -52.868572 -6217.552658 274.596038 -0.420557 0.904607 0.069408 0.607567 0.337623 -0.718939 0.673791 0.260185 0.691599
-2.727905 -52.452302 -3987.195043 719.111839 -0.432518 0.900145 0.051642 0.684430 0.365074 -0.631092 0.586928 0.237613 0.773987
1.161511 -52.811456 212.643906 -5405.676769 0.556287 -0.215034 -0.802686 -0.371054 0.800021 -0.471471 0.743548 0.560113 0.365252
-2.020508 -53.697926 2607.650465 -3216.461485 0.523264 -0.225361 -0.821832 -0.493556 0.706034 -0.507856 0.694692 0.671363 0.258214
0.088434 -59.773156 1215.750392 1547.566055 0.561328 -0.244590 -0.790624 -0.327642 0.811596 -0.483697 0.759975 0.530554 0.375434
-8.375168 -48.098283 -1210.999555 1701.458243 -0.665196 0.721688 -0.191523 -0.475149 -0.607005 -0.637007 0.575976 0.332732 -0.746687
-3.423795 -47.290837 -2746.457088 592.322926 -0.667982 0.706525 -0.233714 -0.434849 -0.625438 -0.647869 0.603909 0.331134 -0.725013
-7.150943 -42.409317 -1988.060181 3632.955424 -0.666771 0.715405 -0.208836 -0.523919 -0.649249 -0.551348 0.530024 0.258210 -0.807714
-11.224030 -45.163164 -540.094622 2908.388649 -0.666269 0.731621 -0.144279 -0.535030 -0.603774 -0.590931 0.519449 0.316526 -0.793715
-9.739890 -77.986894 -803.017046 1012.312260 0.734509 -0.030669 -0.677906 0.219138 0.956176 0.194178 0.642242 -0.291181 0.709041
-9.977584 -82.632472 1080.944899 2393.327669 0.705860 -0.020412 -0.708057 0.145872 0.982349 0.117101 0.693169 -0.185942 0.696378
-8.483976 -76.837786 -1803.838543 2866.514788 0.721448 -0.093422 -0.686138 0.157154 0.987092 0.030842 0.674400 -0.130080 0.726818
-10.514314 -86.422234 1631.849303 -1914.945916 0.703565 0.057910 -0.708268 0.207482 0.936507 0.282676 0.679668 -0.345834 0.646878
-4.356113 -71.705245 -2849.777391 2035.564736 0.719723 -0.159389 -0.675718 0.228494 0.973448 0.013756 0.655583 -0.164298 0.737032
-13.006081 -78.788913 850.029336 -2721.233692 0.731994 0.059252 -0.678730 0.290843 0.873704 0.389939 0.616114 -0.482837 0.622312
-9.705525 -73.723814 -1706.328960 385.624346 0.741157 -0.045570 -0.669784 0.295538 0.917963 0.264576 0.602780 -0.394039 0.693822
0.561226 -113.245935 -383.689719 15022.994978 0.479508 0.835565 -0.268147 -0.489690 0.001214 -0.871896 0.728200 -0.549390 -0.409750
-3.873442 -78.240584 -2744.472100 2264.658758 -0.850050 0.342582 0.400066 0.301448 0.939303 -0.163829 -0.431908 -0.018664 -0.901724
-3.623471 -71.490469 -577.223238 1237.028020 -0.832110 0.365190 0.417407 0.342234 0.930339 -0.131705 -0.436427 0.033258 -0.899125
-3.928167 -75.391709 -1178.096041 -1178.629363 -0.830780 0.382969 0.403904 0.401325 0.914969 -0.042069 -0.385671 0.127147 -0.913834
-3.470181 -78.823098 -729.512763 -144.439078 -0.826867 0.394131 0.401187 0.417692 0.908053 -0.031199 -0.376596 0.141775 -0.915465
-5.549661 -162.611354 -761.170970 12610.907316 0.738037 0.152704 -0.657254 0.082139 0.946480 0.312136 0.669742 -0.284355 0.685994
-5.596553 -177.841232 1137.427857 4631.564422 0.718821 0.172867 -0.673359 0.312869 0.784515 0.535396 0.620813 -0.595528 0.509841
-4.379187 -155.850682 593.163044 12305.911430 0.716090 0.157719 -0.679956 0.053458 0.958884 0.278716 0.695958 -0.235935 0.678216
12.883169 -124.937752 2603.810452 -3437.754971 -0.864261 -0.026055 0.502369 0.132230 0.951772 0.276848 -0.485354 0.305697 -0.819134
5.723499 -129.884847 -262.649264 -554.598779 -0.852302 0.052769 0.520381 0.240822 0.922762 0.300857 -0.464312 0.381741 -0.799180
12.650847 -127.418777 3506.409643 746.194528 -0.849386 -0.008792 0.527699 0.068368 0.989604 0.126532 -0.523326 0.143552 -0.839954
2.989724 -136.402812 -2230.820210 -1229.192450 0.844767 -0.033157 -0.534106 0.316532 0.835715 0.448762 -0.431482 0.548161 -0.716480
29.736051 -113.530788 6369.719392 -3093.585478 -0.850796 -0.151025 0.503326 -0.124302 0.988469 0.086480 -0.510583 0.011012 -0.859758
21.870563 -105.130891 3535.328356 -4743.791968 -0.880379 -0.133583 0.455069 -0.038230 0.976380 0.212651 -0.472727 0.169816 -0.864692
11.344931 -112.466031 3570.429589 -7580.959306 -0.873406 -0.072003 0.481640 0.114490 0.930930 0.346787 -0.473343 0.358029 -0.804836
4.474540 -129.185276 -1104.889550 -2738.808740 0.868688 0.004239 -0.495341 0.266227 0.839275 0.474069 -0.417737 0.543691 -0.727939
33.628530 -56.238601 4153.745157 -289.846799 -0.571268 0.814198 -0.103604 0.494048 0.240318 -0.835562 0.655415 0.528515 0.539539
24.080994 -56.819820 -11147.938619 886.443451 0.649599 -0.744062 0.156180 -0.516655 -0.281324 0.808655 0.557753 0.605993 0.567172
28.728418 -58.721146 -11325.031965 -241.173533 0.641942 -0.749818 0.160262 -0.441521 -0.190602 0.876772 0.626873 0.633596 0.453416
-7.341408 -194.703060 2506.649239 -103.336420 -0.103331 -0.373879 -0.921703 -0.655343 0.722681 -0.219678 0.748230 0.581332 -0.319695
-6.206371 -202.261354 2205.419508 -2138.387323 -0.119034 -0.360117 -0.925282 -0.577798 0.782984 -0.230403 0.807453 0.507200 -0.301276
-8.389421 -260.174192 1957.574845 33510.218974 -0.136570 -0.238483 -0.961496 -0.067922 0.970560 -0.231083 0.988299 0.033748 -0.148748
-5.847007 -235.848189 1335.300992 17126.214936 -0.138142 -0.311840 -0.940039 -0.362167 0.899310 -0.245107 0.921820 0.306591 -0.237170
15.076466 -20.596167 -1026.927195 461.630412 0.687253 0.688419 0.231866 0.693961 -0.527858 -0.489678 -0.214711 0.497438 -0.840508
-11.487523 -346.085767 3962.496459 -1854.737899 0.049999 0.338249 0.939727 0.838046 -0.526045 0.144758 0.543303 0.780298 -0.309770
-6.903361 -362.868266 8060.086642 -39020.915366 0.077719 0.292356 0.953146 0.911340 -0.408485 0.050983 0.404252 0.864678 -0.298183
-5.322788 -309.320139 6812.229678 -21233.583050 0.081796 0.323647 0.942636 0.994666 -0.086150 -0.056732 0.062847 0.942248 -0.328968
-77.057852 -195.361870 28692.534814 -39190.581184 0.228406 0.764485 0.602821 -0.444226 -0.469137 0.763265 -0.866310 0.442123 -0.232451
-73.666237 -228.804472 14118.036988 -49090.409689 0.139281 0.846527 0.513803 -0.416801 -0.420546 0.805865 -0.898264 0.326395 -0.294259
-41.519957 -962.654859 20132.677980 -314217.533373 0.336245 0.886025 0.319216 -0.173965 -0.274684 0.945666 -0.925568 0.373508 -0.061777
-15.865362 -505.135471 15277.886844 -170487.275392 0.328988 0.836562 0.438100 -0.141090 -0.415174 0.898735 -0.933735 0.357485 0.018556
-4.993317 -360.731793 8060.341188 -100222.321453 0.271692 0.791798 0.547027 -0.306622 -0.467568 0.829074 -0.912231 0.392983 -0.115749
19.829101 -51.825554 3689.738156 1611.379168 -0.646445 0.749136 -0.144583 0.167362 -0.045652 -0.984838 0.744378 0.660841 0.095866
12.091882 -47.945452 -732.746852 1866.456927 -0.647130 0.748176 -0.146477 0.080122 -0.124324 -0.989001 0.758158 0.651749 -0.020508
21.788108 -47.162382 6616.974098 2395.600244 -0.658145 0.736364 -0.156885 0.067508 -0.149821 -0.986406 0.749858 0.659789 -0.048894
15.741474 -42.206979 3154.195690 2322.655253 -0.653464 0.738670 -0.165381 0.006045 -0.213382 -0.976950 0.756933 0.639402 -0.134972
30.269242 -48.608060 9328.132638 2910.894403 -0.644044 0.747228 -0.163882 0.130673 -0.103620 -0.985996 0.753745 0.656439 0.030907
24.908679 -40.289760 10105.479507 2217.316859 -0.658282 0.730954 -0.179919 -0.005756 -0.243889 -0.969786 0.752749 0.637357 -0.164755
31.680177 -45.314787 12919.911420 2830.880954 -0.654027 0.736951 -0.170737 0.054336 -0.179354 -0.982283 0.754517 0.651717 -0.077259
