13176
26342
-39.631344 -62.333990 443.861753 7266.157061 0.435634 0.899229 -0.040137 0.767782 -0.394489 -0.504866 0.469823 -0.189120 0.862264
-44.510177 -71.340516 -323.262001 4971.184613 0.492216 0.860826 -0.129235 0.786071 -0.503339 -0.358807 0.373919 -0.075022 0.924422
-51.341183 -80.264384 1331.985012 6768.994003 0.175075 0.983174 0.052123 0.931730 -0.148341 -0.331472 0.318163 -0.106597 0.942024
-36.746692 -57.146791 -506.646794 5564.583385 0.649488 0.705094 -0.284618 0.558760 -0.696451 -0.450271 0.515706 -0.133413 0.846315
-33.956403 -80.100122 -4332.619874 13791.738491 0.145766 0.971217 0.188388 0.890732 -0.045973 -0.452197 0.430521 -0.233718 0.871796
-28.156083 -56.641106 -4371.026903 9636.201707 0.349707 0.930423 0.109630 0.769903 -0.218737 -0.599503 0.533811 -0.294055 0.792829
-30.910588 -47.061480 -178.386291 -4856.068510 0.678998 0.682916 -0.269421 -0.476968 0.689344 0.545258 0.558089 -0.241724 0.793792
-39.886591 -67.515842 -72.132027 762.093046 -0.376502 0.175239 0.909691 0.696273 -0.594210 0.402640 0.611106 0.784988 0.101707
-38.917797 -64.641362 -6.110097 -1896.553853 0.406322 -0.235043 -0.882982 -0.544672 0.713589 -0.440593 0.733645 0.659959 0.161925
-40.454962 -64.067221 -635.855470 -2457.157225 0.345305 -0.277486 -0.896530 -0.605839 0.663666 -0.438756 0.716745 0.694657 0.061055
-40.070283 -66.927200 511.345681 525.212075 -0.309897 0.224972 0.923770 0.746777 -0.543761 0.382947 0.588463 0.808524 0.000506
-39.436807 -68.082778 -286.800717 -729.069069 -0.350261 0.156503 0.923485 0.813344 -0.438156 0.382741 0.464531 0.885170 0.026179
-41.332848 -69.420355 -389.193609 -150.525566 -0.427541 0.074390 0.900930 0.768332 -0.495207 0.405506 0.476313 0.865584 0.154565
-61.235395 -175.690664 -16636.716957 -59003.604876 0.687646 0.724640 0.045165 0.446393 -0.372904 -0.813434 0.572604 -0.579517 0.579900
-66.373042 -131.690379 25520.154452 37100.663033 0.299956 0.930571 0.209916 0.241151 0.138934 -0.960491 0.922970 -0.338726 0.182733
-56.961850 -121.530601 31298.323805 -33207.128657 0.330131 0.926208 -0.182078 0.440624 -0.321797 -0.838032 0.834784 -0.196433 0.514345
41.894370 -83.417773 -6792.679906 16194.149418 -0.058349 -0.420599 -0.905368 0.408026 0.817655 -0.406147 0.911104 -0.393112 0.123906
42.151545 -51.115938 -6666.724085 5338.523424 -0.026735 -0.320039 -0.947027 0.294967 0.902659 -0.313372 0.955133 -0.287720 0.070268
48.725708 -86.594854 -3097.386536 16648.618426 -0.171952 -0.309431 -0.935246 0.370838 0.859216 -0.352457 0.912640 -0.407431 -0.032996
53.480389 -139.255433 -10658.866260 34617.199005 -0.145392 -0.438991 -0.886650 0.486609 0.748558 -0.450414 0.861436 -0.496939 0.104783
43.564384 -138.593324 -9384.129592 30098.527465 -0.094349 -0.497235 -0.862471 0.541034 0.701624 -0.463688 0.835692 -0.510375 0.202823
4.958989 -45.281778 -450.412658 2047.696332 0.686222 0.696437 -0.209940 -0.678985 0.716825 0.158560 0.260918 0.033739 0.964771
6.238888 -42.996466 1897.810935 170.229756 0.703788 0.666469 -0.245972 -0.660752 0.741280 0.117946 0.260941 0.079518 0.962074
5.093884 -45.627008 624.986756 1448.629024 0.697989 0.680824 -0.222012 -0.644514 0.732376 0.219607 0.312109 -0.010193 0.949991
2.812891 -48.523744 -993.200571 563.773821 0.693671 0.693975 -0.192923 -0.595806 0.703334 0.387732 0.404766 -0.154013 0.901357
2.698367 -45.900157 -1428.594025 4155.382143 0.682096 0.706472 -0.188793 -0.669506 0.707160 0.227346 0.294120 -0.028673 0.955338
2.294949 -47.707652 281.300198 818.351487 0.692125 0.688553 -0.216465 -0.588050 0.711834 0.384042 0.418521 -0.138513 0.897583
1.711441 -45.676835 661.167068 812.292887 0.703167 0.674281 -0.225611 -0.627137 0.737675 0.250069 0.335045 -0.034351 0.941576
79.429573 -40.982557 9969.539653 -3593.390127 -0.164550 0.781895 0.601302 0.581343 -0.415601 0.699511 -0.796846 -0.464667 0.386162
71.185247 -36.599038 -12104.880767 -1809.721175 -0.355188 0.636599 0.684531 0.563134 -0.438779 0.700252 -0.746138 -0.634204 0.202642
72.729154 -35.533633 11729.466477 -4038.973520 -0.116381 0.809503 0.575465 0.522053 -0.443049 0.728813 -0.844935 -0.385243 0.371041
70.698253 -37.875078 22402.019330 -3989.134728 0.009956 0.886560 0.462506 0.524319 -0.398474 0.752535 -0.851464 -0.235008 0.468807
62.748841 -32.279916 19031.340652 -2550.495199 0.011633 0.874997 0.483988 0.492732 -0.426193 0.758666 -0.870103 -0.229651 0.436097
-6.716739 -64.153608 -751.738647 1848.660590 0.653267 0.613810 -0.443260 -0.491322 -0.101761 -0.865013 0.576060 -0.782868 -0.235101
-6.812434 -64.251621 1549.807768 2106.112384 0.621525 0.652309 -0.433820 -0.476996 -0.124169 -0.870090 0.621435 -0.747713 -0.233975
-7.422400 -64.279405 -17.449125 -631.138998 0.645551 0.627482 -0.435350 -0.399244 -0.208676 -0.892781 0.651052 -0.750147 -0.115808
-7.212029 -63.354846 1521.473011 -1834.905664 0.611318 0.659417 -0.437561 -0.359988 -0.260683 -0.895797 0.704769 -0.705133 -0.078022
-7.264172 -64.566936 -1771.939671 -1534.093077 0.670169 0.601983 -0.434153 -0.360471 -0.247336 -0.899380 0.648794 -0.759237 -0.051241
-6.929230 -63.493827 120.219749 -3226.539738 0.645067 0.633357 -0.427489 -0.279649 -0.324962 -0.903436 0.711115 -0.702324 0.032505
4.480743 -105.845176 -3545.232739 2495.802206 0.044663 -0.977260 -0.207287 0.991429 0.017859 0.129423 -0.122778 -0.211291 0.969681
5.764810 -105.241374 3753.870791 -955.054752 -0.042963 0.977696 0.205585 0.940099 -0.030093 0.339570 -0.338183 -0.207859 0.917838
-1.134335 -108.402615 -2440.061995 2328.542398 0.028300 -0.973780 -0.225727 0.992936 0.001355 0.118644 -0.115228 -0.227490 0.966939
-5.379449 -107.937590 -430.704528 3337.023730 0.006712 -0.966854 -0.255243 0.997513 -0.011434 0.069543 -0.070156 -0.255075 0.964373
-4.380412 -100.732996 -1130.731225 3669.584498 0.001712 -0.969041 -0.246894 0.992000 0.032810 -0.121896 0.126223 -0.244710 0.961345
-3.786492 -106.651207 575.929471 1240.596880 -0.008991 0.968768 0.247804 0.964493 -0.057013 0.257882 -0.263956 -0.241324 0.933858
1.092541 -59.056744 1395.574644 5033.770418 0.248886 0.953425 -0.170402 -0.552161 0.284223 0.783796 -0.795722 0.100987 -0.597183
-2.154002 -63.162934 1349.746043 5118.751764 0.206020 0.973523 -0.099040 -0.536575 0.197027 0.820529 -0.818318 0.115903 -0.562959
-3.237230 -52.614111 1555.557281 1246.705179 0.208074 0.971521 -0.113372 -0.474753 0.201653 0.856707 -0.855170 0.124435 -0.503191
0.013437 -51.756602 947.547643 1473.853938 0.244631 0.949434 -0.196804 -0.484428 0.295499 0.823414 -0.839932 0.106095 -0.532220
-5.494938 -50.952604 1369.338381 -2597.044855 0.240280 0.950284 -0.198052 -0.410042 0.284296 0.866626 -0.879847 0.127023 -0.457968
-9.402629 -51.529665 629.744150 -754.727203 0.186119 0.971297 -0.148126 -0.354940 0.207047 0.911674 -0.916175 0.117103 -0.383288
-16.926919 -54.002290 -1141.886780 487.581691 0.628712 0.735469 -0.252600 0.747667 -0.661013 -0.063687 0.213812 0.148820 0.965473
-18.850554 -51.295671 -73.527393 1739.829533 0.579247 0.755224 -0.306773 0.745796 -0.642908 -0.174525 0.329032 0.127697 0.935645
-14.830033 -54.511775 -265.315705 -139.209009 -0.570929 -0.763689 0.301363 0.801184 -0.598416 0.001377 0.179289 0.242234 0.953508
8.169837 -25.698800 4477.861720 -1216.491836 -0.244504 0.959869 0.137364 0.168074 -0.097565 0.980934 -0.954971 -0.262930 0.137474
-5.397840 -26.956919 5186.237064 -2258.782420 -0.228224 0.944816 0.235024 0.182311 -0.195654 0.963578 -0.956387 -0.262759 0.127597
1.550775 -27.830476 6392.320289 -2516.148123 -0.215520 0.955894 0.199546 0.226885 -0.149737 0.962342 -0.949776 -0.252677 0.184607
23.212007 -39.759765 -8084.666261 5690.426529 -0.451854 -0.847166 -0.279533 0.890159 -0.407550 -0.203766 0.058700 -0.340901 0.938265
31.397465 -48.880073 -4280.998421 6877.065182 -0.460848 -0.812457 -0.357119 0.887276 -0.430398 -0.165825 -0.018978 -0.393283 0.919222
17.464920 -51.934378 -7027.777452 6230.070076 -0.444947 -0.850248 -0.281248 0.895064 -0.432623 -0.108158 -0.029714 -0.299859 0.953521
34.067820 -30.636757 -6226.616196 4348.166208 -0.469465 -0.813046 -0.344323 0.880029 -0.399168 -0.257320 0.071770 -0.423817 0.902900
7.211669 -41.905106 -7473.197190 5531.903742 -0.457928 -0.851385 -0.255825 0.887669 -0.422228 -0.183759 0.048433 -0.311236 0.949098
15.237829 -30.194954 -8522.507016 4181.107917 -0.457730 -0.850037 -0.260614 0.881744 -0.396403 -0.255718 0.114061 -0.346845 0.930961
3.940258 -92.407008 890.135351 -1389.963628 -0.341949 0.202279 -0.917689 -0.279338 0.910535 0.304789 0.897241 0.360568 -0.254853
3.865626 -100.012752 28.302567 -3339.005092 -0.314534 0.192752 -0.929470 -0.350579 0.886352 0.302446 0.882135 0.420983 -0.211213
2.623980 -90.040071 344.915819 -2840.347193 -0.327518 0.183648 -0.926826 -0.166921 0.954253 0.248068 0.929984 0.235954 -0.281880
1.049847 -89.103946 3.165264 85.961807 -0.325950 0.189986 -0.926100 -0.058142 0.973716 0.220218 0.943597 0.125626 -0.306337
2.116108 -88.380526 -654.736400 -1616.669521 -0.321219 0.242077 -0.915542 -0.229729 0.917980 0.323322 0.918718 0.314184 -0.239261
5.921113 -99.320456 431.553691 -3973.174523 -0.338989 0.239454 -0.909807 -0.419052 0.827401 0.373902 0.842307 0.508005 -0.180136
-6.611221 -249.472795 -2838.405121 27634.123433 -0.412104 -0.114572 -0.903905 0.185902 0.960620 -0.206516 0.891970 -0.253144 -0.374576
-7.608451 -170.500077 -1463.982144 4963.116049 -0.422973 -0.027178 -0.905735 -0.039800 0.999143 -0.011395 0.905268 0.031229 -0.423692
-3.469742 -202.019135 -1612.590399 -1728.309489 -0.396627 -0.030835 -0.917462 -0.088746 0.996042 0.004890 0.913680 0.083360 -0.397794
-7.591264 -409.855143 -2488.222112 83398.563459 -0.469418 -0.179246 -0.864591 0.429711 0.809025 -0.401032 0.771360 -0.559776 -0.302747
-9.222213 -205.057703 -1681.967221 18672.584122 -0.450912 -0.114624 -0.885178 0.377915 0.873923 -0.305677 0.808615 -0.472356 -0.350744
-4.730664 -271.455681 -118.582023 36396.399442 -0.432543 -0.087466 -0.897361 0.180937 0.966615 -0.181431 0.883271 -0.240843 -0.402277
-13.570468 -43.351349 1699.816768 -2787.828811 -0.601375 0.767975 0.220371 0.155052 -0.158397 0.975125 -0.783778 -0.620584 0.023820
-20.105227 -48.000318 3521.312996 -1694.183844 -0.569701 0.753967 0.327068 0.333939 -0.151268 0.930378 -0.750950 -0.639258 0.165601
-11.955224 -46.631207 1983.173521 -1640.094045 -0.583634 0.776811 0.236506 0.275391 -0.084641 0.957599 -0.763892 -0.624019 0.164528
-8.408875 -42.988668 598.210275 -2519.203602 -0.586837 0.781202 0.212943 0.178547 -0.131668 0.975082 -0.789774 -0.610235 0.062214
6.644761 -374.450193 3789.709417 -82419.144502 0.558401 0.045893 0.828301 -0.224154 0.969675 0.097388 -0.798714 -0.240049 0.551754
10.376580 -470.552870 -1020.377249 -111630.822143 0.504315 0.083627 0.859461 -0.259849 0.963864 0.058689 -0.823495 -0.252928 0.507821
5.159653 -346.915658 12.590369 -51320.446151 0.505306 0.018514 0.862741 0.108803 0.990424 -0.084980 -0.856053 0.136810 0.498453
7.949806 -462.287669 3833.339143 -95687.560786 0.507427 -0.021968 0.861415 0.074451 0.997054 -0.018429 -0.858473 0.073485 0.507568
5.342363 -443.593639 864.429896 -82188.342077 0.482357 -0.004726 0.875962 0.388634 0.897338 -0.209163 -0.785045 0.441320 0.434673
21.564013 -1477.525855 -11426.938332 -551132.802765 0.533388 0.054400 0.844120 0.504023 0.780984 -0.368816 -0.679307 0.622178 0.389149
0.770693 -899.070969 -3733.852989 -171630.940384 0.490824 -0.226989 0.841171 0.840880 -0.129309 -0.525548 0.228064 0.965275 0.127402
120.132329 -306.565475 47812.091260 -106795.271969 -0.148548 -0.035211 0.988278 0.910583 -0.394661 0.122808 0.385711 0.918152 0.090689
162.102039 -2909.100715 -26872.628481 -983492.085406 0.564563 -0.217497 0.796218 0.493457 0.862219 -0.114363 -0.661640 0.457465 0.594102
-16.263397 -37.715233 -1896.217068 28.773056 -0.576036 0.782525 0.236299 0.404904 0.524274 -0.749126 0.710095 0.335845 0.618848
-13.650219 -37.051799 -310.758750 -381.978520 -0.557691 0.791969 0.248528 0.394731 0.516434 -0.759923 0.730183 0.325700 0.600626
-15.296365 -37.952100 -1184.267906 -659.656367 -0.587487 0.766731 0.258811 0.334789 0.521453 -0.784858 0.736733 0.374447 0.563040
-18.454262 -39.043499 -2107.049505 -352.214205 -0.609665 0.752033 0.250510 0.313376 0.518966 -0.795280 0.728083 0.406351 0.552064
-20.531652 -39.036121 -2564.055136 106.005637 -0.604204 0.769729 0.206046 0.387727 0.509905 -0.767897 0.696136 0.384077 0.606531
-15.378302 -90.915882 841.845710 2519.828864 0.127526 0.972024 0.197246 0.991718 -0.121902 -0.040446 -0.015269 0.200770 -0.979519
-15.336940 -88.147550 -207.823620 -50.484685 0.132706 0.970673 0.200459 0.980278 -0.158418 0.118148 0.146439 0.180826 -0.972552
-14.222934 -88.456920 -39.691670 -127.309706 0.145263 0.973420 0.177066 -0.972389 0.173498 -0.156068 0.182640 0.149507 -0.971746
-3.624364 -98.295579 -3992.300603 12336.311997 0.015152 0.975048 0.221475 -0.631429 -0.162415 0.758234 -0.775285 0.151335 -0.613213
-3.732300 -101.664489 -2159.953679 9297.989842 0.098488 0.976541 0.191488 -0.707964 -0.066471 0.703114 -0.699348 0.204815 -0.684809
5.438259 -277.993227 1596.375235 69112.090572 0.067124 0.959888 0.272231 -0.742849 -0.134071 0.655897 -0.666086 0.246253 -0.704052
-1.608068 -195.359378 1864.182344 45957.339708 0.106860 0.961308 0.253906 -0.670811 -0.118786 0.732054 -0.733889 0.248551 -0.632162
-43.251602 -63.441278 154.726929 -3781.666708 0.538328 0.780039 -0.318971 0.521746 -0.011255 0.853027 -0.661803 0.625630 0.413041
-49.835045 -69.957991 635.128079 -3742.892898 0.595986 0.793829 -0.120978 0.502287 -0.251000 0.827470 -0.626504 0.553927 0.548322
-48.257744 -67.676078 -150.841064 -4467.901664 -0.568283 -0.744921 0.349496 0.597106 -0.081094 0.798052 -0.566144 0.662206 0.490881
25.259104 -51.883086 -2973.277851 997.588054 -0.472713 0.807091 0.353761 -0.837211 -0.536604 0.105517 -0.274992 0.246293 -0.929365
28.717250 -53.151759 -1731.136390 -1023.619686 -0.466411 0.796370 0.385039 0.856227 0.515753 -0.029546 -0.222115 0.315900 -0.922427
27.751776 -51.063184 396.265387 1027.432778 -0.456696 0.784209 0.420054 -0.827597 -0.547730 0.122782 -0.326363 0.291561 -0.899155
14.028722 -55.982064 -3319.138986 -7022.756426 -0.564591 0.771059 -0.294456 0.027519 0.374143 0.926962 -0.824912 -0.515252 0.232456
4.715780 -74.104608 -2757.316564 -10223.052592 -0.574862 0.774800 -0.263095 0.118123 0.396746 0.910296 -0.809680 -0.492217 0.319596
5.490998 -61.285853 -3891.231078 2595.491827 -0.602349 0.763303 -0.233547 0.059084 0.334411 0.940573 -0.796043 -0.552754 0.246531
-1.814058 -62.941151 -2791.649589 206.080731 -0.597858 0.772716 -0.213249 0.108781 0.341776 0.933464 -0.794187 -0.534882 0.288390
-19.432357 -48.444629 617.688137 208.321811 -0.028688 -0.536032 -0.843710 -0.029745 0.844142 -0.535294 0.999146 0.009739 -0.040161
-16.784611 -47.920869 -953.583571 241.252905 0.014580 -0.398887 -0.916884 0.090713 0.913728 -0.396071 0.995770 -0.077398 0.049507
-16.574645 -50.268982 230.687118 -910.539928 -0.045717 -0.484210 -0.873756 0.139003 0.863078 -0.485566 0.989236 -0.143654 0.027850
-19.971543 -45.519297 -1752.944377 -196.215462 0.049565 -0.446795 -0.893262 -0.030187 0.893283 -0.448480 0.998315 0.049194 0.030788
-17.937498 -51.710645 718.988306 -1033.545982 -0.081380 -0.550673 -0.830744 0.041098 0.830946 -0.554833 0.995835 -0.079294 -0.044991
-19.526608 -51.970298 629.809013 1237.091121 -0.071084 -0.603787 -0.793970 -0.101869 0.796216 -0.596375 0.992255 0.038488 -0.118105
-22.331312 -48.179047 1719.636623 1521.479525 -0.044324 -0.670007 -0.741030 -0.212677 0.731084 -0.648293 0.976117 0.128865 -0.174900
-22.470921 -45.763957 1486.366090 151.905128 -0.006455 -0.581569 -0.813472 -0.128549 0.807221 -0.576080 0.991682 0.100852 -0.079971
2.420930 -56.618358 -487.440591 -104.708853 0.627586 -0.776711 -0.053432 0.757505 0.593336 0.272285 -0.179784 -0.211358 0.960732
3.635403 -54.746930 -827.904793 -80.966015 0.615629 -0.785308 -0.065515 0.767064 0.578117 0.278198 -0.180596 -0.221521 0.958287
1.780008 -55.028797 -645.083638 -1009.864153 0.641373 -0.765702 -0.048382 0.709609 0.568047 0.416866 -0.291712 -0.301699 0.907679
1.217469 -58.180056 4.933473 -1151.203763 0.653895 -0.755030 -0.048485 0.719202 0.600414 0.349644 -0.234881 -0.263501 0.935627
0.101453 -55.710396 15.566425 1360.124700 0.667307 -0.743637 -0.041283 -0.662021 -0.566848 -0.490318 -0.341217 -0.354523 0.870565
1.873980 -52.369637 881.206203 -558.222409 -0.635841 0.769833 0.055349 0.678506 0.523346 0.515499 -0.367881 -0.365330 0.855101
0.240798 -53.493824 -398.495211 158.302963 0.661630 -0.748676 -0.041585 -0.644964 -0.539936 -0.540824 -0.382449 -0.384646 0.840107
5.362000 -75.109237 -1878.545135 -3465.562911 -0.419451 0.894407 -0.155231 -0.640858 -0.412866 -0.647181 0.642933 0.171980 -0.746365
2.413021 -76.318633 -1752.418533 -2395.703103 -0.412115 0.896633 -0.161897 -0.615042 -0.404860 -0.676618 0.672223 0.179271 -0.718316
5.632230 -77.527947 -2026.349070 881.235976 -0.417768 0.893675 -0.163749 -0.556758 -0.394240 -0.731161 0.717977 0.214287 -0.662262
9.076091 -77.876165 -989.183693 1669.354732 -0.437881 0.887958 -0.140683 -0.558467 -0.391284 -0.731445 0.704539 0.241719 -0.667231
6.470978 -78.155104 -1033.606209 4627.809268 -0.431336 0.891094 -0.141071 -0.457148 -0.350678 -0.817337 0.777795 0.288057 -0.558622
-21.348291 -56.741692 5898.913104 4191.851694 0.439741 -0.188993 0.878015 0.024413 0.979763 0.198668 -0.897793 -0.065927 0.435455
-28.183391 -50.577299 4669.623496 5729.535993 0.402452 -0.058937 0.913542 0.090086 0.995631 0.024546 -0.910998 0.072419 0.406003
-37.358433 -63.258930 5364.088891 5331.080772 0.351009 -0.192222 0.916430 0.022297 0.980141 0.197045 -0.936106 -0.048731 0.348325
-23.365379 -64.288165 6766.776320 2239.660556 0.444116 -0.255524 0.858760 -0.076989 0.944042 0.320715 -0.892655 -0.208549 0.399592
437.906477 -63.744163 -150824.862436 1245.388056 0.220086 -0.970348 -0.099930 0.973649 0.212242 0.083436 -0.059753 -0.115660 0.991490
177.696921 -48.696823 -69818.164833 1135.006087 0.235657 -0.966921 -0.097622 0.965689 0.221700 0.135257 -0.109140 -0.126146 0.985990
240.820182 -55.097879 -75579.365368 -577.414406 0.315838 -0.946801 -0.061762 0.948813 0.315095 0.021669 -0.001055 -0.065445 0.997856
10.039700 -27.447973 1846.832474 2446.360732 -0.368438 0.797649 0.477503 -0.464744 -0.602882 0.648496 -0.805150 -0.017014 -0.592827
3.513177 -26.351140 2722.353517 2141.208452 -0.374377 0.752550 0.541766 -0.422296 -0.658521 0.622910 -0.825535 -0.004418 -0.564334
6.307968 -22.230442 1288.199618 1583.036596 -0.372840 0.789550 0.487444 -0.413326 -0.611643 0.674577 -0.830754 -0.050036 -0.554387
0.061811 -53.847834 -4208.531091 621.146891 -0.286192 0.950206 0.123302 -0.936541 -0.304594 0.173531 -0.202447 0.065815 -0.977079
8.411483 -53.282775 -2939.568508 496.428020 -0.316398 0.935893 0.154907 -0.930052 -0.338195 0.143622 -0.186804 0.098630 -0.977434
2.652942 -52.484204 -2674.940867 531.636511 -0.302252 0.941887 0.146605 -0.898845 -0.332823 0.285144 -0.317366 0.045590 -0.947206
-4.560074 -52.263606 -2994.510049 1067.330465 -0.278319 0.951684 0.129755 -0.892590 -0.306164 0.330978 -0.354712 0.023700 -0.934675
-1.555233 -49.805064 -2390.564651 861.321077 -0.301508 0.941869 0.148242 -0.839207 -0.335950 0.427632 -0.452575 -0.004529 -0.891715
3.229908 -50.668211 -684.251633 458.384044 -0.329266 0.926051 0.184428 -0.844676 -0.376173 0.380810 -0.422026 0.030394 -0.906074
-14.816913 -255.719693 -1467.950709 40001.788789 -0.322012 0.915413 -0.241512 -0.135495 -0.297035 -0.945204 0.936990 0.271643 -0.219683
-12.415981 -216.721075 -1679.995984 36061.759882 -0.302723 0.913608 -0.271438 -0.453287 -0.388542 -0.802226 0.838385 0.119813 -0.531747
-12.433732 -199.630581 -625.380560 24508.762440 -0.351997 0.893387 -0.279210 -0.344894 -0.401109 -0.848622 0.870142 0.202415 -0.449313
-10.895020 -298.702069 -789.066937 61262.615909 -0.311101 0.923399 -0.224833 -0.221066 -0.300394 -0.927844 0.924308 0.238950 -0.297585
-14.852467 -274.036778 -1456.192650 12653.799501 -0.320939 0.921894 -0.217049 0.215779 -0.151971 -0.964544 0.922192 0.356394 0.150152
22.598736 -74.170938 114.966680 -411.906032 -0.640202 0.730415 -0.237983 -0.117887 -0.399532 -0.909108 0.759107 0.553958 -0.341888
17.796440 -69.274781 2733.206704 -414.308819 -0.677814 0.706461 -0.203671 -0.229391 -0.466388 -0.854320 0.698533 0.532349 -0.478180
18.116809 -75.659910 -1600.945191 -634.331663 -0.593987 0.780954 -0.193108 -0.258418 -0.412546 -0.873514 0.761840 0.468953 -0.446859
21.931519 -68.567854 4951.443580 -354.384377 -0.715672 0.644844 -0.268309 -0.049249 -0.429793 -0.901583 0.696698 0.632024 -0.339349
-90.055021 -725.682505 -12305.345386 -324375.934295 -0.139178 0.927909 0.345852 0.163847 -0.322860 0.932157 -0.976619 -0.186403 0.107100
345.348403 -2993.235780 103334.761528 -1131437.557676 0.060313 0.995493 0.073181 -0.317174 -0.050402 0.947027 -0.946448 0.080329 -0.312705
-39.541219 -290.423647 2102.428346 -121797.915743 -0.169923 0.926311 0.336264 -0.208812 -0.367323 0.906351 -0.963080 -0.083794 -0.255841
2290.793456 -1083.502819 153.321037 -267167.920611 0.023105 0.190540 0.981407 -0.250479 0.951462 -0.178829 -0.967846 -0.241691 0.069710
-146.455795 -2078.445123 7721.649798 -359894.983102 -0.412231 0.910992 0.012645 0.762346 0.337301 0.552320 -0.498894 -0.237323 0.833537
-4.249322 -99.532894 65.996583 -1325.648233 -0.426929 0.896288 -0.119996 -0.899646 -0.434407 -0.043906 0.091479 -0.089209 -0.991803
-5.081255 -91.924857 -369.223002 -16.458762 -0.413088 0.903507 -0.114162 -0.882965 -0.428049 -0.192736 0.223005 -0.021184 -0.974587
-4.119072 -98.154295 113.224166 -445.804474 -0.392956 0.911672 -0.120163 -0.860819 -0.410656 -0.300588 0.323383 0.014679 -0.946154
9.397478 -238.972237 -3766.614108 10080.172276 -0.458102 0.873349 -0.165541 -0.610124 -0.173497 0.773077 -0.646445 -0.455149 -0.612330
28.752345 -304.601143 -7302.036527 -6596.326681 -0.445866 0.883144 -0.145811 -0.519060 -0.122386 0.845931 -0.729233 -0.452856 -0.512972
14.045300 -226.229563 -4293.765286 10797.128978 -0.477245 0.869844 -0.124936 -0.343796 -0.053974 0.937492 -0.808728 -0.490366 -0.324808
4.680729 -219.643425 -2346.014666 15628.834938 -0.486164 0.865576 -0.120096 -0.341279 -0.061548 0.937945 -0.804471 -0.496981 -0.325325
6.922851 -387.749652 3853.805590 -92971.131112 0.802393 0.378716 0.461237 -0.183219 -0.579211 0.794321 -0.567976 0.721865 0.395367
6.952238 -239.324757 2597.163956 -46873.645180 0.775092 0.384733 0.501211 -0.398536 -0.317867 0.860308 -0.490307 0.866569 0.093046
4.258247 -389.904736 3986.872524 -115264.281903 0.776728 0.378486 0.503430 -0.407606 -0.307284 0.859904 -0.480158 0.873112 0.084403
21.648389 -622.777380 9275.159393 -184996.209291 0.767126 0.358396 0.532042 -0.285903 -0.551439 0.783693 -0.574262 0.753304 0.320557
-8.314571 -435.919687 6574.304295 -103892.651153 0.809263 0.365403 0.459973 -0.178579 -0.592925 0.785207 -0.559646 0.717580 0.414578
-0.307177 -422.085805 5267.723492 61389.978025 0.834850 0.318267 0.449145 -0.031752 0.842403 -0.537912 -0.549561 0.434814 0.713386
13.730080 -418.771058 2422.042177 62220.532519 0.790735 0.333927 0.513061 0.023939 0.820608 -0.570990 -0.611690 0.463784 0.640890
-57.360806 -80.028199 1440.773963 858.950468 0.299375 0.951878 -0.065599 0.940617 -0.305967 -0.147051 0.160046 0.017681 0.986951
-41.609687 -66.615894 -873.772587 5743.573378 0.604908 0.735729 -0.304612 0.649985 -0.677192 -0.344863 0.460007 -0.010617 0.887852
-47.871761 -76.158389 -1301.490433 3112.690609 0.504758 0.837895 -0.207729 0.810834 -0.542754 -0.219013 0.296256 0.057885 0.953353
-59.591032 -187.457219 8542.202764 62253.988462 0.528875 0.845156 0.077478 0.000253 0.091133 -0.995839 0.848700 -0.526694 -0.047984
-58.746750 -222.408357 15329.635648 75352.526192 0.430648 0.870553 0.238074 -0.142571 0.326096 -0.934524 0.891188 -0.368509 -0.264548
64.852871 -178.633114 4958.068306 5851.721954 -0.355448 -0.208370 -0.911174 0.849320 0.335029 -0.407935 0.390271 -0.918878 0.057888
58.800418 -183.941596 3449.928289 40848.935176 -0.336484 -0.223784 -0.914713 0.592397 0.704771 -0.390339 0.732014 -0.673216 -0.104575
53.158735 -186.365304 8411.044720 29605.338983 -0.389167 -0.084723 -0.917263 0.719673 0.593594 -0.360162 0.574996 -0.800292 -0.170035
45.629746 -145.783020 8072.086247 26249.745616 -0.398630 -0.086872 -0.912988 0.514854 0.802635 -0.301168 0.758959 -0.590110 -0.275228
56.710404 -184.685452 8780.103279 -6049.407447 -0.387658 -0.065227 -0.919493 0.896655 0.204725 -0.392552 0.213848 -0.976644 -0.020877
32.905547 -187.696059 5651.223541 17102.783607 -0.384962 0.002372 -0.922930 0.829688 0.438900 -0.344942 0.404256 -0.898533 -0.170928
32.949763 -168.419643 7659.487203 30247.608345 -0.417178 0.009366 -0.908777 0.631013 0.722616 -0.282222 0.654053 -0.691187 -0.307370
3.514212 -43.139901 -1775.382879 61.959060 0.700245 0.688819 -0.187578 -0.684705 0.722383 0.096653 0.202080 0.060755 0.977483
6.263755 -41.525609 -287.040359 -559.981447 0.737477 0.642027 -0.209594 0.663142 -0.747162 0.044628 0.127949 0.171903 0.976769
77.910440 -42.771898 -10715.095263 -2063.683876 -0.362545 0.628908 0.687776 0.613531 -0.394451 0.684097 -0.701528 -0.669988 0.242849
61.316964 -44.329607 28210.912624 -916.680041 0.480425 -0.470395 -0.740217 0.619608 -0.415284 0.666052 -0.620707 -0.778632 0.091948
-5.731285 -63.267194 1206.958084 1009.279243 0.606805 0.656179 -0.448573 -0.493578 -0.131288 -0.859735 0.623032 -0.743097 -0.244209
11.846275 -103.043327 2724.035150 -3538.287931 -0.067007 0.970991 0.229537 0.853743 -0.063262 0.516837 -0.516365 -0.230598 0.824738
6.066334 -100.251854 3983.536661 -6929.932925 -0.037911 0.975363 0.217322 0.824848 -0.092220 0.557782 -0.564082 -0.200404 0.801031
-0.962760 -78.881998 751.813350 7210.156987 0.231415 0.962830 -0.139302 -0.614140 0.255632 0.746649 -0.754506 0.087235 -0.650470
-4.460951 -72.698222 247.218273 8573.337969 0.155360 0.985955 -0.061281 -0.497759 0.131715 0.857256 -0.853288 0.102680 -0.511231
1.945748 -26.555251 4376.358836 471.838273 -0.250452 0.957671 0.141917 0.128493 -0.112410 0.985319 -0.959564 -0.265010 0.094900
-12.902831 -27.997245 4476.020810 -1181.842519 -0.221902 0.918576 0.327075 0.170886 -0.293609 0.940527 -0.959978 -0.264598 0.091819
-18.082774 -33.559589 1688.288259 -4870.771231 -0.147509 0.773243 0.616715 0.297194 -0.560069 0.773304 -0.943354 -0.297353 0.147188
25.480732 -60.990104 -5625.328088 6371.172817 -0.453194 -0.832615 -0.318383 0.883738 -0.466421 -0.038182 -0.116709 -0.298671 0.947193
0.692610 -98.944322 150.723909 -816.084264 -0.314555 0.154635 -0.936559 -0.174510 0.960405 0.217183 0.933060 0.231755 -0.275114
-8.231015 -160.848460 -887.938224 -5026.453158 -0.445500 0.019712 -0.895065 -0.178470 0.977736 0.110363 0.877313 0.208909 -0.432063
-5.818154 -178.375567 -1498.938094 -2540.945108 -0.438150 0.033322 -0.898284 -0.325580 0.925578 0.193140 0.837868 0.377087 -0.394693
-3.510921 -182.228762 -1454.714275 -6625.632329 -0.410563 0.014989 -0.911709 -0.270328 0.952913 0.137401 0.870839 0.302872 -0.387179
2808.011829 319.177247 -122377.708179 30480.390929 -0.277010 0.950454 0.141075 -0.367703 0.030788 -0.929433 0.887727 0.309336 -0.340957
15.816307 -134.057097 19825.816161 115856.910278 -0.136542 -0.025389 -0.990309 -0.301905 0.953183 0.017189 0.943509 0.301327 -0.137814
-11.117845 -66.390618 -583.643253 6613.107532 0.573172 0.250502 0.780207 -0.010843 0.954363 -0.298453 -0.819363 0.162605 0.549730
-17.866749 -57.582317 644.295510 225.346813 0.569278 0.075846 0.818639 0.198938 0.953437 -0.226676 -0.797713 0.291900 0.527682
-9.962275 -59.570593 -2516.692769 4290.339120 0.550779 0.303847 0.777380 0.009663 0.928999 -0.369955 -0.834595 0.211275 0.508737
-13.857648 -37.494929 -465.137732 -588.388406 -0.577142 0.763814 0.288956 0.293598 0.524245 -0.799354 0.762041 0.376504 0.526818
-12.488598 -35.439852 477.804045 -92.773029 -0.529834 0.813365 0.240235 0.434205 0.503473 -0.746981 0.728520 0.291465 0.619925
-12.981074 -36.286289 178.675986 -682.781686 -0.551477 0.786513 0.277976 0.351910 0.521475 -0.777318 0.756328 0.330850 0.564363
-0.630703 -16.525648 177.091349 1190.704467 0.036129 -0.101535 -0.994176 -0.600972 0.792633 -0.102792 0.798453 0.601185 -0.032383
-0.596577 -15.369374 269.085873 1026.849440 -0.054918 0.017155 -0.998343 -0.586101 0.808923 0.046141 0.808374 0.587665 -0.034370
1.861404 -19.527229 -165.369186 642.710067 -0.039564 0.010487 -0.999162 -0.539629 0.841361 0.030199 0.840973 0.540372 -0.027628
-0.955591 -17.619422 -79.544347 1614.502643 0.101257 -0.191080 -0.976338 -0.611477 0.762172 -0.212582 0.784757 0.618533 -0.039666
-1.466654 -13.916888 353.032893 1657.837255 0.112654 -0.204508 -0.972361 -0.630078 0.741982 -0.229052 0.768317 0.638466 -0.045269
0.589180 -20.009414 -319.641926 691.721775 0.046322 -0.110924 -0.992749 -0.562467 0.818401 -0.117688 0.825521 0.563840 -0.024481
3.118851 -243.698093 695.079751 52492.305375 0.134635 0.969528 0.204666 -0.767054 -0.028783 0.640936 -0.627297 0.243283 -0.739806
-52.254458 -72.477475 -1077.787450 -2299.105150 -0.591590 -0.770021 0.238933 0.635353 -0.262815 0.726123 -0.496335 0.581374 0.644714
-57.223950 -75.030200 1291.080820 295.623145 0.630899 0.775748 0.013516 0.559547 -0.466997 0.684705 -0.537470 0.424416 0.728695
-56.349242 -72.172184 1794.802164 -3259.755064 0.651556 0.734379 0.190162 0.323693 -0.495849 0.805827 -0.686074 0.463487 0.560787
39.515975 -99.687043 -8337.512845 -7587.089283 0.455471 -0.708285 0.539332 0.824263 0.564407 0.045118 -0.336359 0.424002 0.840884
37.734155 -114.110253 -698.746276 -6833.163761 0.497938 -0.742567 0.447942 0.861779 0.481428 -0.159886 -0.096925 0.465641 0.879650
42.183565 -103.762685 3507.881598 -4872.892891 0.483143 -0.793667 0.369682 0.838025 0.541471 0.067252 -0.253548 0.277311 0.926721
28.164182 -100.099282 -10052.843646 -8259.438045 0.480699 -0.633692 0.606104 0.829412 0.552921 -0.079715 -0.284613 0.541029 0.791380
33.019320 -85.112956 4506.256025 -4172.458619 -0.408379 0.767349 -0.494370 0.778676 0.575469 0.249997 -0.476330 0.282861 0.832526
27.371325 -87.186425 12523.318170 -7116.313982 -0.411613 0.682437 -0.604032 0.795342 0.592593 0.127534 -0.444980 0.427917 0.786689
89.686741 -97.967035 28677.000774 5499.848192 0.477552 -0.510487 0.715086 0.874081 0.193570 -0.445547 0.089027 0.837815 0.538646
93.569194 -93.286821 10203.510257 -3123.509134 0.378296 -0.298255 0.876320 0.917840 0.243836 -0.313230 -0.120256 0.922815 0.365992
48.880309 -85.436801 4762.757231 2000.675082 0.427190 -0.352038 0.832813 0.895167 0.035072 -0.444349 0.127219 0.935329 0.330115
30.586131 -78.017761 511.997790 6207.178825 0.303746 -0.216161 0.927908 0.912231 -0.215032 -0.348707 0.274906 0.952384 0.131874
24.827891 -74.436561 2064.646249 4261.480807 0.490486 -0.385094 0.781746 0.798552 -0.160552 -0.580119 0.348911 0.908804 0.228769
42.950685 -90.393548 3489.349473 5040.754215 0.568342 -0.460426 0.681906 0.777956 0.030856 -0.627561 0.267904 0.887162 0.375728
-13.335959 -49.123072 -160.483549 655.565452 -0.010498 -0.379578 -0.925100 0.217213 0.902194 -0.372644 0.976068 -0.204856 0.072979
-7.061758 -45.579279 -4514.348140 1472.830171 0.076854 -0.256800 -0.963404 0.063568 0.965558 -0.252303 0.995014 -0.041851 0.090531
-9.060564 -48.032404 -3684.988874 1819.444288 0.049859 -0.286851 -0.956677 0.159920 0.947802 -0.275855 0.985870 -0.139238 0.093130
3.958065 -57.703681 -826.992131 -528.507044 0.602262 -0.796109 -0.059089 0.792717 0.587673 0.161987 -0.094234 -0.144399 0.985022
5.085849 -55.313362 -172.070662 -507.523709 0.592773 -0.800049 -0.092419 0.802289 0.576577 0.154568 -0.070375 -0.165771 0.983650
5.126669 -53.260579 -382.681988 -594.789621 0.603314 -0.792186 -0.091943 0.779587 0.561528 0.277363 -0.168094 -0.239015 0.956356
2.080351 -74.371747 -1887.046251 -897.199758 -0.412345 0.895488 -0.167552 -0.743507 -0.437064 -0.506135 0.526468 0.084126 -0.846023
-8.354259 -89.193381 -1562.627210 -25.192927 -0.432897 0.895373 -0.104434 -0.863045 -0.445119 -0.238795 0.260296 0.013243 -0.965438
-7.796185 -92.060184 -868.563611 926.251948 -0.403289 0.909749 -0.098559 -0.815106 -0.406093 -0.413148 0.415885 0.086282 -0.905315
-6.409538 -91.783689 -531.445547 478.940198 -0.425996 0.898898 -0.102516 -0.875264 -0.438150 -0.204788 0.229001 -0.002490 -0.973423
4.666372 -77.230323 -734.946279 -697.073200 -0.427860 0.895531 -0.122312 -0.270084 -0.255817 -0.928231 0.862549 0.364118 -0.351322
7.939298 -79.892589 309.412269 1116.988225 -0.452672 0.884595 -0.112156 -0.309757 -0.273952 -0.910495 0.836145 0.377415 -0.398020
6.462721 -76.738014 453.924918 -5324.768388 -0.440518 0.891001 -0.109826 -0.126777 -0.182851 -0.974932 0.888747 0.415552 -0.193508
1.642596 -77.848840 -2100.001276 1080.448490 -0.397466 0.906094 -0.144963 -0.404411 -0.314780 -0.858700 0.823694 0.282680 -0.491549
0.372315 -73.770163 -2874.259275 -2617.012421 -0.381499 0.916012 -0.124018 -0.190191 -0.209080 -0.959225 0.904591 0.342357 -0.253981
4.556448 -72.170677 -834.652025 -5110.459396 -0.417317 0.902075 -0.110033 -0.082934 -0.158379 -0.983889 0.904969 0.401468 -0.140907
-6.196781 -24.423517 3666.818614 3946.468969 0.469721 -0.114122 0.875408 0.210281 0.977532 0.014604 -0.857405 0.177222 0.483165
-16.440022 -26.749396 1723.590203 2549.243406 0.483980 0.309600 0.818481 0.036941 0.927260 -0.372591 -0.874299 0.210562 0.437339
-11.148669 -34.438244 3714.278359 4501.624057 0.464467 -0.059772 0.883571 0.145614 0.989295 -0.009621 -0.873537 0.133129 0.468198
-21.563915 -37.667868 3397.360342 4205.822138 0.439973 0.107823 0.891514 0.090423 0.982401 -0.163440 -0.893447 0.152522 0.422480
5.825212 -31.507278 3077.292031 2059.900297 -0.359741 0.771229 0.525159 -0.503692 -0.634302 0.586476 -0.785417 0.053539 -0.616647
-1.741576 -29.570755 3240.811144 2325.276406 -0.378120 0.731031 0.567996 -0.431966 -0.681983 0.590173 -0.818798 0.022199 -0.573652
-2.719873 -24.626450 2788.367516 -1567.279961 -0.408735 0.679397 0.609389 0.349672 0.733337 -0.583049 -0.843009 -0.025227 -0.537307
4.960046 -53.594513 -4623.577340 367.416637 -0.302443 0.944573 0.127712 0.951860 0.306321 -0.011425 -0.049913 0.118109 -0.991745
12.067025 -52.554155 -2089.123225 501.660034 -0.342632 0.924755 0.165627 0.938005 0.346580 0.005368 -0.052439 0.157199 -0.986174
10.853382 -52.509969 -114.955451 259.050214 -0.352734 0.915079 0.195472 -0.915525 -0.380676 0.130001 -0.193373 0.133104 -0.972055
-8.127703 -154.137030 -2288.989904 -14039.229047 0.323944 -0.890782 0.318697 0.926584 0.366755 0.083268 -0.191058 0.268326 0.944192
-8.124735 -129.432982 798.121568 -3548.877788 -0.288503 0.919069 -0.268474 0.909511 0.350693 0.223170 -0.299260 0.179795 0.937079
-9.978089 -137.039511 -1381.221819 -11423.031181 0.335733 -0.900358 0.276838 0.936392 0.350911 0.005663 -0.102245 0.257327 0.960900
-9.907133 -120.707793 -750.381541 -1913.021215 -0.269437 0.935492 -0.228600 0.931788 0.313210 0.183498 -0.243260 0.163566 0.956070
-7.799638 -180.231053 -2839.403657 -23026.893695 0.379183 -0.871239 0.311710 0.920405 0.320444 -0.223988 0.095261 0.371831 0.923399
-13.236278 -130.720007 565.317180 -9213.933943 0.343870 -0.911045 0.227489 0.938560 0.341020 -0.053005 -0.029288 0.231739 0.972337
-11.433981 -151.841531 -1686.303269 -14187.411420 0.394670 -0.881088 0.260613 0.906700 0.327545 -0.265725 0.148765 0.341171 0.928155
-11.805262 -227.745488 3423.818796 4965.467393 -0.212663 0.925098 -0.314590 0.059714 0.333657 0.940801 -0.975299 -0.181289 0.126198
-16.173905 -227.929278 907.115065 -9182.569022 -0.279185 0.908160 -0.311933 -0.147162 0.280546 0.948492 -0.948894 -0.310709 -0.055323
-16.127854 -233.342563 1056.255072 9831.910304 -0.285801 0.901798 -0.324156 0.179228 0.382599 0.906364 -0.941379 -0.200942 0.270975
-12.869461 -216.078265 2268.062244 -18041.636396 -0.234564 0.921751 -0.308797 -0.313734 0.228879 0.921513 -0.920082 -0.313034 -0.235497
-7.047682 -238.808085 2999.222899 -4226.226520 -0.193534 0.933534 -0.301760 -0.176609 0.269401 0.946695 -0.965067 -0.236512 -0.112732
35.017369 -84.088379 -4215.405973 -5343.101170 0.667385 -0.592634 0.450980 -0.398383 0.227533 0.888550 0.629197 0.772667 0.084243
29.359720 -72.898507 -7916.017330 -2731.547309 0.731622 -0.548496 0.404822 -0.263296 0.320399 0.909956 0.628812 0.772332 -0.089994
34.371169 -81.672421 -23.725492 3146.515282 -0.637113 0.673647 -0.374548 0.230238 -0.297422 -0.926569 0.735579 0.676565 -0.034392
25.696682 -70.442087 -5582.536153 584.108535 0.727007 -0.599525 0.334709 -0.126435 0.362243 0.923468 0.674888 0.713687 -0.187553
-274.174099 -13029.040243 -648068.116257 -6338751.633592 -0.255185 -0.255994 0.932388 0.632740 0.684947 0.361232 -0.731110 0.682140 -0.012811
-0.070855 -800.379154 6935.144443 -415073.876160 -0.316006 0.753340 0.576732 -0.717233 -0.587608 0.374558 -0.621062 0.295288 -0.726008
-88.188966 -6813.489504 -8746.259738 3904162.818699 0.179011 -0.751036 0.635532 0.978158 0.205227 -0.032993 -0.105649 0.627557 0.771370
105.490523 -4582.892089 -6241.824879 -1871607.584229 -0.012401 0.839154 -0.543752 0.570043 0.452706 0.685645 -0.821521 0.301460 0.483968
-277.220851 -999.201561 -324705.813457 331571.717461 -0.263356 -0.404761 0.875678 0.911998 -0.400375 0.089215 0.314489 0.822112 0.474583
-362.996149 -14639.866012 -2796.221601 -6106335.967375 0.855588 -0.361602 -0.370423 0.399554 0.006337 0.916688 0.329129 0.932311 -0.149902
-0.799294 -26.949683 -626.793729 1956.674713 0.593567 -0.680730 -0.429284 0.490248 -0.117176 0.863671 0.638228 0.723102 -0.264175
2.799217 -31.619577 -1710.882908 2002.982315 0.593670 -0.683771 -0.424278 0.526554 -0.068620 0.847368 0.608520 0.726463 -0.319305
3.340879 -25.008889 -845.028910 2035.467565 0.612659 -0.687282 -0.390246 0.445408 -0.107643 0.888834 0.652886 0.718371 -0.240172
27.220778 -267.648987 -5716.737071 20280.684459 -0.469774 0.880101 -0.068807 -0.107677 0.020235 0.993980 -0.876195 -0.474355 -0.085260
43.978756 -384.860716 -8392.718411 35905.788570 -0.347803 0.936383 -0.047119 -0.160731 -0.010038 0.986947 -0.923688 -0.350836 -0.153997
44.435159 -435.615455 -8983.812960 -50652.966216 -0.363969 0.924513 -0.113146 -0.622511 -0.151097 0.767887 -0.692826 -0.349921 -0.630514
3.463656 -168.797978 3215.515281 -37450.952900 0.746160 0.379257 0.547183 -0.576143 -0.044022 0.816162 -0.333624 0.924243 -0.185659
19.611010 -256.548392 5333.439959 -53771.263269 0.739665 0.376059 0.558099 -0.508136 -0.231651 0.829539 -0.441240 0.897172 -0.019745
27.035726 -105.154626 -1285.361244 -538.678558 -0.700632 0.700615 0.135105 -0.218442 -0.390873 0.894148 -0.679263 -0.596956 -0.426902
29.879535 -101.346496 821.434439 1904.216326 -0.683180 0.719752 0.123379 -0.038980 -0.204656 0.978057 -0.729209 -0.663380 -0.167873
24.092455 -108.740736 4007.159598 -459.762020 0.758022 -0.641777 -0.116297 0.111293 0.302965 -0.946481 -0.642663 -0.704510 -0.301079
20.486809 -105.098855 4706.542488 2782.188068 0.759025 -0.641263 -0.112531 0.283302 0.480931 -0.829726 -0.586192 -0.597903 -0.546710
-39.131068 -85.339018 -2678.382681 5707.405798 0.057073 0.985107 0.162193 0.968769 -0.015379 -0.247489 0.241309 -0.171252 0.955219
-54.058893 -82.424669 434.416240 1612.303027 0.076036 0.995628 0.054248 0.988782 -0.068275 -0.132852 0.128568 -0.063741 0.989650
5.667721 -85.575594 -11323.858360 31608.358486 0.858330 0.495133 -0.134585 -0.100949 -0.094213 -0.990421 0.503070 -0.863694 0.030883
-13.550805 -90.970426 -10090.107762 30049.382073 0.792095 0.583922 -0.177821 -0.123599 -0.131852 -0.983534 0.597753 -0.801031 0.032267
-12.427857 -195.833408 489.060433 -66046.234094 0.728881 0.669937 -0.141128 0.329671 -0.524100 -0.785262 0.600041 -0.525836 0.602865
-94.580687 -334.322488 -6109.362015 -115056.438843 0.730015 0.683409 -0.005585 0.445065 -0.481587 -0.754977 0.518648 -0.548659 0.655727
-38.658333 -200.680813 -10291.952829 -75382.589308 0.765099 0.629887 -0.133664 0.338500 -0.570030 -0.748655 0.547760 -0.527550 0.649346
4.482972 -96.776148 3436.604649 33148.054182 0.735002 0.529317 -0.423786 -0.078359 0.687113 0.722313 0.673522 -0.497694 0.546506
55.292980 -163.131152 -7479.001071 23344.053727 -0.224152 -0.435326 -0.871921 0.716522 0.532818 -0.450224 0.660570 -0.725669 0.192488
59.893349 -156.679065 -437.435247 37319.889171 -0.261961 -0.327089 -0.907959 0.488275 0.766594 -0.417038 0.832444 -0.552582 -0.041108
52.640346 -115.722511 4476.406246 25120.276784 -0.320352 -0.190409 -0.927965 0.427531 0.845091 -0.320997 0.845335 -0.499566 -0.189321
