16479
32945
-44.105891 -69.538420 500.517148 6600.985018 -0.116778 -0.971070 0.208294 0.991214 -0.100840 0.085595 -0.062114 0.216460 0.974314
-43.019820 -69.229177 746.013742 10413.900867 0.114744 -0.982555 0.146352 0.993291 0.111349 -0.031211 0.014370 0.148951 0.988740
-35.309656 -55.368813 1378.756048 6627.942191 -0.341468 -0.917436 0.204231 0.936659 -0.350173 -0.006960 0.077901 0.188918 0.978898
-31.367677 -50.100041 -2160.075097 7009.495643 0.209691 0.968300 -0.135736 0.967120 -0.225831 -0.116960 0.143906 0.106747 0.983817
-38.124826 -60.200015 6.379034 6745.638812 -0.452513 -0.850283 0.268796 0.891203 -0.441827 0.102690 0.031446 0.286020 0.957708
-28.570389 -44.030413 -1018.008459 2918.551102 0.675158 0.703436 -0.222125 0.720492 -0.693437 -0.006042 0.158280 0.155960 0.974999
-33.025810 -49.502631 -312.420029 3084.922143 -0.699307 -0.662950 0.267334 0.704232 -0.703089 0.098607 0.122588 0.257222 0.958545
45.007604 -66.464254 1507.313715 -2825.490998 -0.467393 0.877464 -0.107704 0.796983 0.470945 0.378191 -0.382572 -0.090926 0.919441
40.761639 -75.964259 8911.596689 3866.767359 -0.429239 0.900960 -0.063440 0.798555 0.411390 0.439395 -0.421976 -0.137945 0.896051
34.693531 -75.256762 -935.378517 4594.006476 -0.429203 0.900164 -0.074096 0.759985 0.404256 0.508921 -0.488066 -0.162118 0.857619
28.736376 -93.406303 400.073428 12366.714939 -0.361970 0.932184 -0.003188 0.735098 0.287540 0.613964 -0.573245 -0.219893 0.789327
41.415369 -77.208511 -10292.666459 5841.521127 -0.395336 0.915391 -0.075959 0.716398 0.359036 0.598220 -0.574877 -0.182081 0.797724
51.670966 -64.860898 -9555.371971 1747.136129 -0.446495 0.884080 -0.137999 0.764535 0.457066 0.454507 -0.464895 -0.097430 0.879988
7.737067 -25.621837 5155.973363 6444.137938 0.610332 0.742240 -0.276721 0.633487 -0.667072 -0.392057 0.475593 -0.063986 0.877335
0.317163 -29.776562 7565.752418 8945.625665 0.499613 0.832659 -0.238886 0.706160 -0.551211 -0.444415 0.501723 -0.053343 0.863382
16.004379 -14.969612 10803.340028 -7034.598317 0.754321 0.513169 -0.409461 -0.391409 0.852262 0.347057 0.527067 -0.101526 0.843738
2.807535 -19.492843 11467.946003 -4857.502121 0.710730 0.577890 -0.401130 -0.446221 0.811174 0.378000 0.543829 -0.089663 0.834392
-10.125698 -109.828477 714.619358 -2829.651573 0.448103 -0.218421 0.866889 0.893772 0.130462 -0.429128 -0.019365 0.967095 0.253679
-10.698741 -107.035669 -184.158981 -3759.728670 0.473253 -0.171780 0.864016 0.873076 0.222109 -0.434057 -0.117343 0.959771 0.255090
-9.229566 -103.179694 582.854257 -4637.393833 0.472856 -0.193763 0.859571 0.851059 0.353147 -0.388568 -0.228265 0.915283 0.331892
-6.890509 -93.506871 1368.593918 -3848.691233 0.483212 -0.194465 0.853633 0.786809 0.524079 -0.325996 -0.383976 0.829171 0.406248
-8.308192 -104.157699 333.482903 -3984.313315 0.458243 -0.210945 0.863433 0.858493 0.356662 -0.368486 -0.230223 0.910107 0.344532
9.398641 -8.624988 -3024.976462 5705.888628 0.087480 0.961094 -0.262005 -0.155668 -0.246593 -0.956535 0.983928 -0.124463 -0.128039
15.390313 -19.946211 -1204.865941 2966.990463 0.043500 0.969583 -0.240867 -0.121733 -0.234155 -0.964548 0.991609 -0.071279 -0.107844
14.001903 -2.007292 -2130.806997 9601.475673 0.047490 0.935247 -0.350797 -0.205209 -0.334567 -0.919758 0.977565 -0.115666 -0.176032
10.628557 -18.578907 -2486.265692 1368.221801 0.092439 0.984741 -0.147445 -0.080063 -0.140248 -0.986874 0.992494 -0.103030 -0.065877
-22.167536 -40.245728 1059.952692 -2982.247276 0.062449 0.717846 0.693396 0.187647 -0.690807 0.698266 -0.980249 -0.086507 0.177842
-18.971178 -37.987056 2148.144994 -2928.854371 0.027466 0.800115 0.599217 0.112256 -0.598120 0.793505 -0.993300 -0.045471 0.106246
-22.873521 -42.633859 -66.721274 451.876765 0.018950 0.618079 0.785888 -0.246061 0.764736 -0.595511 -0.969069 -0.182091 0.166577
-24.018513 -41.190968 -216.368795 -484.650492 0.103953 0.554009 0.825995 -0.290864 0.811120 -0.507427 -0.951100 -0.187503 0.245460
-22.456524 -34.334019 1956.153907 -402.002436 0.087534 0.805528 0.586057 0.253616 -0.586950 0.768875 -0.963336 -0.081330 0.255673
71.612466 -36.239126 20934.338244 -2285.349616 0.097355 0.978733 0.180564 0.414212 -0.204812 0.886837 -0.904959 0.011546 0.425342
76.726711 -38.382536 8834.766577 -3308.853024 -0.082464 0.952956 0.291675 0.458090 -0.223675 0.860304 -0.885072 -0.204557 0.418095
70.252304 -29.750675 3521.924713 -2938.718172 -0.117518 0.949964 0.289411 0.403013 -0.220731 0.888177 -0.907618 -0.221013 0.356908
61.208414 -22.828862 2154.570344 -3155.086057 -0.128217 0.953072 0.274252 0.338649 -0.217838 0.915349 -0.932136 -0.210238 0.294826
58.243359 -30.829135 18990.111609 -2453.273423 0.109144 0.984926 0.134192 0.345860 -0.164191 0.923809 -0.931917 0.054417 0.358567
-34.744588 -118.250066 -743.967833 -3711.545596 -0.421302 0.895234 -0.145126 -0.266472 0.030765 0.963352 -0.866890 -0.444533 -0.225593
-36.074668 -124.103562 -914.669203 -1525.791201 -0.419790 0.889622 -0.179859 -0.058369 0.171294 0.983489 -0.905742 -0.423357 0.019981
-37.872972 -123.705218 -2257.079247 -3011.388625 -0.386981 0.906701 -0.167749 -0.188674 0.100213 0.976913 -0.902579 -0.409696 -0.132290
-38.777104 -111.128656 -1646.216752 -5506.482020 -0.345079 0.927340 -0.144777 -0.369236 0.007684 0.929304 -0.862893 -0.374140 -0.339756
-5.430434 -107.290278 703.598883 -2064.399734 -0.341579 0.919379 0.195103 0.926260 0.364483 -0.095883 0.159264 -0.147964 0.976085
-5.067237 -109.175497 -1283.602789 2486.189773 0.384641 -0.906138 -0.175972 0.920236 0.361511 0.149920 -0.072232 -0.219601 0.972912
-6.095364 -102.597740 -891.454553 -507.191359 0.356689 -0.914619 -0.190380 0.934211 0.350230 0.067736 0.004725 -0.202015 0.979371
-6.755330 -108.734760 -2108.721985 5575.538296 0.378469 -0.908191 -0.178746 0.912015 0.332909 0.239582 -0.158080 -0.253693 0.954280
-5.743994 -105.956387 1188.336485 116.337584 0.334559 -0.916515 -0.219251 0.928675 0.360175 -0.088522 0.160100 -0.173997 0.971644
-5.118959 -114.193033 1563.850832 6737.002574 0.383532 -0.897888 -0.216104 0.915086 0.337909 0.220082 -0.124586 -0.282162 0.951243
-3.320584 -116.247815 2928.165564 5711.122283 0.356637 -0.902906 -0.239939 0.934158 0.348100 0.078577 0.012575 -0.252165 0.967603
23.828261 -58.127270 -5488.298686 4736.147102 0.699520 0.711889 -0.062334 0.149173 -0.230772 -0.961505 0.698870 -0.663293 0.267625
12.653999 -58.769700 -3988.341004 2744.773778 0.732018 0.678536 -0.061155 0.156455 -0.254791 -0.954255 0.663078 -0.688964 0.292671
18.664598 -64.720141 -4447.256126 3827.205911 0.708875 0.702151 -0.066934 0.230233 -0.320044 -0.919002 0.666700 -0.636047 0.388530
1.323825 -55.864034 -4791.206260 -2981.481358 -0.062144 -0.075556 -0.995203 -0.540911 0.840543 -0.030038 0.838781 0.536450 -0.093104
-1.060664 -48.755211 -3957.261780 -2279.797974 -0.044369 -0.127677 -0.990823 -0.448312 0.888872 -0.094464 0.892775 0.440007 -0.096678
-9.006243 -50.652227 -2621.250015 -2100.364136 -0.076414 -0.110035 -0.990986 -0.525157 0.849302 -0.053809 0.847567 0.516312 -0.122685
-6.010337 -57.217693 -2782.376645 -3303.971298 -0.114110 -0.044335 -0.992478 -0.607769 0.793367 0.034437 0.785872 0.607127 -0.117477
-12.978849 -52.007352 -1604.451575 -2687.695004 -0.160676 -0.027377 -0.986627 -0.590052 0.803987 0.073783 0.791216 0.594016 -0.145336
-15.353908 -45.647630 -2103.507687 -1348.586368 -0.089336 -0.138306 -0.986352 -0.517988 0.852302 -0.072594 0.850710 0.504434 -0.147782
-5.052077 -70.402318 1742.084205 -5523.297356 0.257471 0.963604 -0.071950 0.932988 -0.228530 0.278043 -0.251480 0.138717 0.957870
-11.350499 -63.070805 1873.867294 -2844.610632 0.187585 0.978633 -0.084199 0.917627 -0.144020 0.370430 -0.350389 0.146750 0.925036
-8.886010 -73.293186 1854.124382 -5984.605372 0.157062 0.983510 -0.089661 0.949724 -0.125518 0.286828 -0.270844 0.130203 0.953777
-8.124349 -63.425130 699.425309 -1709.808602 0.279952 0.958450 -0.054783 0.902563 -0.243325 0.355209 -0.327120 0.148887 0.933180
-1.775589 -68.812442 1485.999928 -3531.760772 0.353598 0.933490 -0.059702 0.912829 -0.330427 0.239921 -0.204236 0.139333 0.968955
-2.030116 -96.468561 200.173106 -1840.825886 -0.282244 0.074886 -0.956415 -0.043729 0.994908 0.090805 0.958345 0.067452 -0.277533
-0.925211 -93.744076 512.259088 -3065.980970 -0.280955 0.060301 -0.957825 -0.153774 0.982301 0.106947 0.947321 0.177336 -0.266710
-2.948837 -91.217912 448.398484 1704.232335 -0.280766 0.051222 -0.958408 -0.019490 0.998065 0.059051 0.959578 0.035259 -0.279225
0.170504 -102.224163 27.292042 -5501.598572 -0.285165 0.091586 -0.954093 -0.223915 0.961514 0.159223 0.931956 0.259041 -0.253683
-4.097006 -99.285997 308.913417 3807.382306 -0.285446 0.038671 -0.957614 0.104326 0.994502 0.009063 0.952700 -0.097317 -0.287911
-3.745051 -93.310875 590.059679 736.553377 -0.293825 0.067839 -0.953449 0.129137 0.991151 0.030725 0.947096 -0.114098 -0.299985
-2.102361 -93.181085 88.218448 -666.838082 -0.287970 0.097703 -0.952642 0.006944 0.994969 0.099945 0.957614 0.022166 -0.287200
-37.486233 -93.876391 2499.848815 -6640.403869 0.162410 0.954775 -0.249053 -0.474362 0.296873 0.828763 -0.865219 0.016458 -0.501124
-42.446724 -112.911520 1737.396956 -7229.721444 0.059613 0.977469 -0.202485 -0.340786 0.210588 0.916252 -0.938249 -0.014384 -0.345662
-41.110337 -112.640468 2793.749587 -5224.010518 0.145369 0.971967 -0.184791 -0.260288 0.217766 0.940653 -0.954525 0.088643 -0.284648
7.838608 -40.287942 -890.370462 6167.227293 0.596856 0.801958 -0.025033 0.540388 -0.378729 0.751362 -0.593080 0.461982 0.659415
2.476180 -55.012572 -1633.041171 9217.848354 0.602777 0.797906 0.002522 0.475558 -0.361794 0.801841 -0.640706 0.482132 0.597532
3.523666 -50.689234 -1976.583696 7478.699872 0.568194 0.820360 -0.064534 0.514906 -0.293265 0.805523 -0.641893 0.490922 0.589040
0.814731 -57.979450 -7098.030858 5324.130510 0.547054 0.837008 -0.012227 0.418501 -0.260817 0.869961 -0.724975 0.481033 0.492970
-3.828757 -212.699397 1203.880287 -2480.013992 0.399851 -0.132395 0.906968 0.900238 -0.129292 -0.415758 0.172308 0.982728 0.067489
-4.727213 -199.526165 952.235890 17824.144162 0.417389 -0.138132 0.898168 0.778286 -0.455882 -0.431789 0.469103 0.879256 -0.082774
-7.698322 -214.361164 1588.040723 8522.702592 0.415190 -0.123158 0.901360 0.847122 -0.308876 -0.432411 0.331663 0.943095 -0.023912
-8.444423 -211.269250 2592.490780 -15540.551010 0.406293 -0.134168 0.903839 0.913570 0.078860 -0.398962 -0.017749 0.987816 0.154612
17.631382 -99.276355 -3629.002119 2140.144391 -0.287531 -0.073400 -0.954955 0.089767 0.990605 -0.103168 0.953555 -0.115388 -0.278241
18.738508 -115.511060 -3136.747988 16380.655659 -0.319302 -0.059168 -0.945804 0.233227 0.962444 -0.138946 0.918505 -0.264953 -0.293511
13.856835 -111.291550 -2853.237696 12653.254695 -0.282515 -0.049108 -0.958005 0.222912 0.967989 -0.115357 0.933004 -0.246141 -0.262525
19.983457 -89.006717 -1711.790145 9246.977612 -0.354680 -0.050713 -0.933611 0.102170 0.990446 -0.092615 0.929389 -0.128236 -0.346110
11.962714 -107.600343 -2404.896682 3843.340117 -0.268901 -0.049343 -0.961903 0.089647 0.993069 -0.076002 0.958987 -0.106669 -0.262614
-21.104525 -42.928854 215.836186 -759.175186 -0.221478 0.921840 -0.318053 0.885134 0.326915 0.331157 -0.409250 0.208176 0.888357
-23.507330 -44.380458 702.931905 -745.122778 -0.188917 0.933866 -0.303653 0.935734 0.264984 0.232778 -0.297847 0.240162 0.923910
-18.798238 -43.104200 1666.618562 -534.612802 -0.206369 0.908007 -0.364602 0.912324 0.313241 0.263713 -0.353661 0.278213 0.893040
-17.980586 -41.524164 1279.183415 -639.908672 -0.255738 0.887037 -0.384399 0.852507 0.394428 0.343013 -0.455883 0.239982 0.857076
-19.440863 -40.673135 -56.891276 -908.012606 -0.255289 0.905723 -0.338368 0.819731 0.388332 0.420999 -0.512708 0.169895 0.841586
11.217295 -314.729084 -8187.016608 52628.402212 0.010075 -0.205949 0.978511 0.785853 0.606736 0.119609 -0.618331 0.767761 0.167958
24.276293 -423.377206 -8611.044703 59499.341995 0.053180 -0.230166 0.971697 0.665486 0.733662 0.137361 -0.744514 0.639346 0.192188
16.181336 -740.175076 -6423.246260 293692.901788 -0.001159 -0.170697 0.985323 0.561441 0.815261 0.141896 -0.827516 0.553365 0.094891
-7.887462 -351.275387 -7095.195105 81299.154970 -0.016995 -0.201385 0.979365 0.764876 0.628229 0.142455 -0.643954 0.751513 0.143358
-1286.235294 -3588.818160 493765.976747 168430.970117 0.040152 -0.190835 -0.980801 -0.064253 0.979067 -0.193128 0.997126 0.070774 0.027049
-227.606558 -1998.108682 135295.423243 -1188565.646955 0.091892 0.072570 -0.993121 0.859403 0.497988 0.115908 0.502974 -0.864142 -0.016606
-191.501024 -11835.181387 159799.833946 11008184.425592 -0.036954 -0.067964 -0.997003 0.299192 0.951167 -0.075929 0.953477 -0.301101 -0.014815
28.657679 -7.539976 4256.528786 9411.241722 -0.275941 -0.405279 -0.871554 -0.527175 0.822020 -0.215337 0.803706 0.400041 -0.440481
28.392615 4.882048 6011.914360 2664.570422 -0.303643 -0.454798 -0.837233 -0.499772 0.824158 -0.266441 0.811190 0.337523 -0.477545
19.405695 -10.444174 5007.894774 8344.617971 -0.234491 -0.586534 -0.775236 -0.564580 0.731363 -0.382568 0.791368 0.347974 -0.502643
35.266886 5.601576 4212.322633 1748.289585 -0.315813 -0.264107 -0.911323 -0.436475 0.893257 -0.107614 0.842467 0.363784 -0.397378
18.915801 -28.373267 3073.713046 12484.926332 -0.242544 -0.486070 -0.839588 -0.547086 0.783224 -0.295393 0.801167 0.387681 -0.455889
22.706587 -30.055866 715.779287 15190.464899 -0.242135 -0.354702 -0.903082 -0.540651 0.822205 -0.177976 0.805647 0.445158 -0.390855
28.728360 -10.609456 321.277592 10531.893567 -0.260244 -0.219793 -0.940194 -0.502651 0.862232 -0.062435 0.824387 0.456341 -0.334870
-140.799000 -161.049684 33616.312356 -19854.390166 -0.213012 0.902641 0.373986 0.492815 -0.231254 0.838842 -0.843658 -0.362990 0.395575
-103.884539 -154.915052 35404.197619 -19374.740495 -0.136166 0.982611 0.126232 0.422186 -0.057715 0.904670 -0.896224 -0.176479 0.406986
-123.669388 -137.248773 36911.303527 -26108.280406 -0.189675 0.978437 0.081753 0.184149 -0.046336 0.981806 -0.964423 -0.201279 0.171389
-121.957091 -141.925236 3260.815166 -31139.244977 -0.286307 0.675373 0.679632 0.401034 -0.559734 0.725169 -0.870172 -0.480176 0.110591
-129.679250 -158.781906 17868.089378 10700.253015 0.568631 -0.685642 -0.454481 -0.514331 0.134834 -0.846926 -0.641968 -0.715342 0.275976
-27.188997 -34.105291 1619.525553 -208.910871 -0.043093 0.998350 0.037956 0.385937 0.051676 -0.921077 0.921518 0.025043 0.387527
-28.923535 -35.104155 266.302652 -194.870602 0.069227 0.993732 -0.087776 0.336850 -0.106104 -0.935561 0.939010 -0.035199 0.342084
-27.767356 -35.921051 1484.790879 -597.236130 -0.084601 0.993208 0.079876 0.315148 0.102720 -0.943467 0.945264 0.054646 0.321697
-25.024843 -34.015165 1445.013814 -331.386695 -0.134925 0.979352 0.150550 0.380395 0.191494 -0.904782 0.914929 0.064809 0.398377
-24.272220 -34.847880 1046.587250 364.111327 -0.181668 0.965037 0.188944 0.298717 0.237219 -0.924389 0.936891 0.111491 0.331368
2.864675 -47.670781 1146.554063 1009.593442 -0.585167 -0.806348 -0.085919 0.792715 -0.546496 -0.270084 0.170827 -0.226153 0.958996
3.906180 -47.695963 1100.322221 -3048.861557 -0.586388 -0.805923 -0.081464 0.779654 -0.534255 -0.326666 0.219745 -0.255066 0.941623
1.734206 -47.775839 829.387258 -400.472549 -0.598576 -0.797209 -0.078514 0.778649 -0.556000 -0.290809 0.188182 -0.235206 0.953554
-21.058525 -34.721935 -1111.472790 674.660305 0.713848 0.628639 -0.308599 -0.537747 0.774346 0.333490 0.448608 -0.072113 0.890815
-18.510859 -37.942940 -1848.128497 -803.220919 0.782255 0.551547 -0.289609 -0.459907 0.824884 0.328712 0.420194 -0.123943 0.898930
-19.325677 -37.291130 -2422.952657 -485.819353 0.803949 0.497215 -0.326255 -0.379902 0.851466 0.361497 0.457537 -0.166681 0.873428
-22.130273 -36.402604 -3072.906746 699.151319 0.792706 0.498901 -0.350305 -0.372840 0.851420 0.368884 0.482293 -0.161809 0.860936
32.020525 -251.171550 -6238.708623 32963.740061 -0.312998 0.932749 0.178919 0.780146 0.145060 0.608547 -0.541667 -0.330057 0.773084
33.467399 -198.175251 4443.995436 24874.815691 0.279433 -0.943179 -0.179810 0.926611 0.215823 0.307915 -0.251612 -0.252655 0.934268
22.501472 -192.722829 4216.108140 23794.330246 0.323780 -0.924372 -0.201749 0.897991 0.233085 0.373207 -0.297958 -0.302006 0.905546
19.888820 -232.389574 -6537.456251 23050.556018 -0.370047 0.906183 0.204689 0.731009 0.148052 0.666112 -0.573315 -0.396122 0.717215
-53.556594 -1301.899388 14060.927853 519449.183988 -0.835856 -0.005284 0.548924 0.230742 0.903945 0.360057 -0.498100 0.427615 -0.754349
-28.629783 -551.689885 -845.451025 115248.469882 0.917402 0.186700 -0.351449 0.044238 0.829807 0.556294 -0.395495 0.525893 -0.753008
-68.395716 -891.536857 3245.174075 150327.007829 -0.932085 -0.103949 0.347004 -0.056394 0.987903 0.144457 -0.357823 0.115077 -0.926671
-48.382586 -943.155774 9024.780705 -30242.399275 -0.892332 -0.036915 0.449867 -0.115477 0.982153 -0.148462 -0.436358 -0.184427 -0.880669
-28.587662 -1462.495009 3676.335833 -400915.674063 -0.841163 -0.026370 0.540138 -0.170690 0.960698 -0.218917 -0.513136 -0.276341 -0.812605
-36.108547 -248.994654 -9695.810519 -55010.802828 0.971794 -0.082489 -0.220936 -0.201347 0.197551 -0.959392 -0.122786 -0.976816 -0.175370
-36.423714 -220.965572 -11377.968912 -8822.523825 0.960671 -0.144826 -0.236933 -0.124705 0.537351 -0.834088 -0.248114 -0.830830 -0.498157
-58.016311 -268.489228 -11493.204884 -44812.736046 0.989817 -0.031851 -0.138740 -0.118890 0.351022 -0.928789 -0.078284 -0.935825 -0.343661
-66.289716 -299.829574 -12264.975011 -63162.333518 0.974476 0.023489 -0.223258 -0.221540 -0.060073 -0.973299 0.036274 -0.997918 0.053336
-113.532380 -360.539649 -19377.358154 -91334.879642 0.995831 0.074273 -0.052956 -0.065226 0.173954 -0.982591 0.063768 -0.981949 -0.178073
-0.045477 -30.395461 -2465.531975 4219.691083 -0.205804 0.978243 -0.026169 0.638478 0.154494 0.753975 -0.741614 -0.138462 0.656382
2.598623 -34.890732 -1599.296408 3998.027882 -0.201083 0.978422 -0.047507 0.588853 0.159492 0.792347 -0.782827 -0.131353 0.608218
6.397392 -24.292376 -1740.752272 4063.910477 -0.252843 0.960671 -0.114808 0.625477 0.252836 0.738142 -0.738139 -0.114824 0.664805
9.067024 -28.745640 -1722.530522 4904.629451 -0.238104 0.963491 -0.122441 0.599624 0.245000 0.761857 -0.764040 -0.107983 0.636068
-36.298273 -81.932179 4150.934724 -2721.682250 -0.153660 0.902156 -0.403117 -0.483872 0.287002 0.826739 -0.861543 -0.322093 -0.392427
-33.087476 -79.036879 4551.102191 -5891.995093 -0.152769 0.951841 -0.265820 -0.517211 0.152194 0.842217 -0.842113 -0.266150 -0.469052
-38.087043 -69.717546 4896.195688 -6977.311149 -0.198608 0.928645 -0.313327 -0.616436 0.130180 0.776569 -0.761946 -0.347378 -0.546596
-40.564540 -71.640775 2985.473014 -8219.626164 -0.219239 0.873094 -0.435478 -0.617604 0.221342 0.754701 -0.755314 -0.434413 -0.490699
-33.847102 -47.927779 1818.395145 -7353.775940 -0.297847 0.924522 -0.237794 -0.692988 -0.038081 0.719943 -0.656548 -0.379221 -0.652025
-34.486868 -52.294626 -5892.103756 -7049.146036 -0.517965 0.847631 -0.115037 -0.568902 -0.240924 0.786324 -0.638798 -0.472733 -0.607009
-35.505161 -57.318887 191.592492 -685.291394 0.650126 -0.184824 -0.737005 0.616626 0.695090 0.369624 -0.443969 0.694758 -0.565864
-35.383936 -57.416024 808.360553 -547.680598 0.646929 -0.200381 -0.735751 0.558481 0.781465 0.278228 -0.519212 0.590897 -0.617462
-38.247535 -57.624650 2057.235931 519.722843 0.612910 -0.168732 -0.771927 0.599396 0.735832 0.315079 -0.514845 0.655805 -0.552136
-38.778389 -57.141705 1367.280094 437.296642 0.648072 -0.109734 -0.753632 0.617455 0.654983 0.435599 -0.445816 0.747634 -0.492231
-36.499260 -56.175179 -2116.557558 -147.214967 0.666525 -0.124230 -0.735059 0.629169 0.622624 0.465280 -0.399864 0.772597 -0.493156
22.923223 -18.558086 -3098.348509 -3040.752085 0.305858 0.329792 0.893134 0.312083 0.851532 -0.421305 -0.899475 0.407592 0.157526
27.557912 -19.141823 -2817.172947 -689.280752 0.316470 0.437837 0.841514 0.328748 0.781510 -0.530251 -0.889815 0.444455 0.103386
32.001098 -20.421574 -3282.166797 -1119.687478 0.324691 0.242882 0.914103 0.386807 0.847849 -0.362673 -0.863108 0.471338 0.181340
25.438192 -17.363066 -1625.643832 -2498.201792 0.323839 0.153470 0.933582 0.373388 0.885929 -0.275157 -0.869316 0.437695 0.229594
32.500305 -24.143459 -1431.389901 -1322.940393 0.344263 0.041797 0.937942 0.443967 0.873010 -0.201858 -0.827270 0.485908 0.281989
42.365781 -24.454619 -2221.475355 -639.489091 0.369399 0.177745 0.912114 0.447755 0.826039 -0.342309 -0.814285 0.534852 0.225551
53.661278 -188.472131 9516.498179 41132.907581 0.798815 -0.195120 0.569055 0.555991 0.600672 -0.574516 0.229716 -0.775321 -0.588310
56.750382 -183.315524 4374.891526 40945.846488 0.769327 -0.357218 0.529652 0.617831 0.626955 -0.474565 0.162545 -0.692331 -0.703034
68.474813 -176.495276 5723.699719 -9629.408087 0.778196 -0.268387 0.567785 0.622951 0.215224 -0.752071 -0.079645 -0.938961 -0.334679
44.419651 -139.775501 7241.243084 35452.008842 0.800562 -0.263055 0.538426 0.515647 0.760158 -0.395308 0.305301 -0.594106 -0.744197
56.001870 -185.909056 7787.239884 5097.701417 0.814795 -0.138118 0.563057 0.576487 0.295912 -0.761642 0.061419 -0.945177 -0.320731
35.911354 -168.112033 6676.822660 39566.814556 0.832941 -0.136373 0.536295 0.430248 0.769069 -0.472672 0.347988 -0.624448 -0.699264
-20.956382 -44.862462 1842.244553 162.825865 -0.047799 -0.360007 -0.931724 0.759937 0.592254 -0.267826 0.648237 -0.720854 0.245273
-5.977586 -44.794769 -7654.180929 -140.185277 0.132463 -0.326212 -0.935970 0.752557 0.647646 -0.119217 0.645068 -0.688578 0.331282
-0.758589 -43.464346 -7910.550215 -201.560307 0.105583 -0.351082 -0.930373 0.821657 0.557794 -0.117242 0.560118 -0.752068 0.347363
32.357107 -45.121639 -24359.995397 -201.646029 0.286795 -0.301085 -0.909448 0.747744 0.663794 0.016044 0.598856 -0.684635 0.415507
48.970860 -45.111419 -27280.414974 194.619744 0.280713 -0.326989 -0.902374 0.804873 0.592370 0.035728 0.522857 -0.736326 0.429471
26.567776 -39.958766 -23405.086890 -822.939638 0.187125 -0.371054 -0.909562 0.864284 0.502274 -0.027092 0.466902 -0.781051 0.414684
-3.213311 -46.616072 -68.502641 -3087.643038 0.505627 0.862612 -0.015551 -0.823619 0.477247 -0.306409 0.256891 -0.167737 -0.951773
-1.929856 -47.225933 -949.722839 -453.899766 0.510654 0.859196 -0.031849 -0.833657 0.485733 -0.262830 0.210352 -0.160767 -0.964316
-2.621695 -48.714055 -707.023308 6053.893395 0.503474 0.863550 -0.028192 -0.859246 0.497009 -0.121157 0.090613 -0.085223 -0.992233
-1.576932 -49.106557 -516.707261 -5725.590181 0.516420 0.856102 -0.019987 -0.787538 0.465635 -0.403693 0.336296 -0.224216 -0.914676
-3.536495 -49.218549 372.276511 -3825.933830 0.496597 0.867973 -0.003652 -0.807742 0.460589 -0.367981 0.317716 -0.185688 -0.929826
-3.294871 -49.783950 -351.711678 -5763.855620 0.501182 0.865126 -0.019332 -0.792741 0.450062 -0.411104 0.346956 -0.221363 -0.911383
0.762410 -42.925862 -770.929499 -174.720829 0.375727 0.926572 -0.017121 -0.895624 0.367800 0.250162 -0.238090 0.078658 -0.968053
-0.601598 -48.510005 -713.214465 -4727.748399 0.345016 0.938556 -0.008777 -0.893472 0.331279 0.303253 -0.287528 0.096785 -0.952870
-1.944542 -45.721895 -960.771504 -4280.587734 0.381698 0.924055 -0.020714 -0.886520 0.372350 0.274661 -0.261514 0.086474 -0.961318
-1.727880 -42.371499 -836.042116 290.065076 0.418195 0.907839 -0.030701 -0.878515 0.412816 0.240405 -0.230923 0.073565 -0.970187
11.669044 -83.529015 -2757.279254 2823.301891 0.574193 0.802591 0.161710 0.506770 -0.193281 -0.840135 0.643029 -0.564349 0.517710
6.309983 -80.212654 -2323.582115 1762.170290 0.588988 0.791369 0.163790 0.523743 -0.219441 -0.823127 0.615455 -0.570596 0.543723
8.524213 -84.152989 -2202.457156 -261.244072 0.565540 0.804853 0.179933 0.603907 -0.255561 -0.754974 0.561659 -0.535631 0.630586
62.105940 -27.020776 3663.630441 -202.288703 0.476537 0.288363 0.830518 0.485031 0.701667 -0.521927 -0.733251 0.651544 0.194505
50.808560 -39.421282 8982.522582 2898.481884 0.568207 0.134991 0.811738 -0.494224 -0.732736 0.467804 -0.657939 0.666990 0.349629
44.767769 -30.593547 2541.234085 -208.253228 0.463455 0.111552 0.879071 0.500567 0.785638 -0.363600 -0.731192 0.608546 0.308269
-1.784906 -76.355881 -66.409000 -8772.113304 -0.548792 0.808819 0.211278 0.575935 0.182630 0.796835 -0.605910 -0.558979 0.566053
-0.992320 -73.752982 -666.689169 -5554.709596 -0.561701 0.801799 0.203985 0.536937 0.165707 0.827188 -0.629437 -0.574159 0.523593
-1.357359 -91.394496 895.193605 -11434.801031 0.531686 -0.809617 -0.248658 0.662283 0.214436 0.717913 -0.527913 -0.546386 0.650208
0.645981 -50.934507 1256.812294 1094.307556 0.493615 0.855398 0.156967 -0.000670 0.180861 -0.983508 0.869681 -0.485369 -0.089849
-0.476930 -53.418777 777.577598 1306.577184 0.507074 0.841816 0.184991 0.006692 0.210779 -0.977511 0.861877 -0.496908 -0.101247
1.828312 -50.527644 881.116923 485.988723 0.499442 0.857126 0.126069 -0.099249 0.201166 -0.974516 0.860644 -0.474202 -0.185540
3.647764 -47.177407 388.886125 -290.311146 0.505852 0.859064 0.078243 -0.121257 0.160617 -0.979540 0.854055 -0.486015 -0.185416
14.632420 -51.582432 -6975.725983 -870.331000 -0.203132 0.968727 -0.142496 0.974480 0.185811 -0.125950 -0.095534 -0.164444 -0.981749
14.551787 -51.988464 -8125.746229 -1022.483557 -0.200864 0.967639 -0.152739 0.979539 0.200384 -0.018687 0.012524 -0.153368 -0.988090
22.472905 -51.540079 -4201.928231 -670.446852 -0.224697 0.970527 -0.087107 0.973406 0.219469 -0.065679 -0.044626 -0.099549 -0.994031
19.161915 -50.789642 -3206.966166 715.723022 -0.215309 0.972485 -0.088964 -0.961069 -0.194861 0.195894 -0.173168 -0.127679 -0.976581
3.322050 -213.304197 -2217.611071 1708.413412 0.681628 0.167261 0.712325 -0.455201 -0.665260 0.591794 -0.572866 0.727635 0.377322
1.245594 -199.381369 -1788.053242 5896.751797 0.681467 0.187429 0.707442 -0.462109 -0.639375 0.614537 -0.567502 0.745701 0.349100
2.939130 -211.728816 -2077.624269 263.732611 0.692587 0.212936 0.689190 -0.574032 -0.415885 0.705356 -0.436819 0.884137 0.165804
5.047256 -234.029239 -1218.516916 -5048.735917 0.709333 0.162794 0.685817 -0.582148 -0.413287 0.700212 -0.397430 0.895931 0.198388
3.922454 -219.880082 -1235.905044 -5489.522795 0.725329 0.197072 0.659591 -0.662946 -0.058183 0.746403 -0.185472 0.978661 -0.088447
-1.979090 -136.183581 1478.752332 -2044.038783 0.844406 0.117252 0.522714 -0.491440 -0.218826 0.842972 -0.213223 0.968694 0.127156
-4.344526 -126.758362 677.101852 -3132.814007 0.825803 0.138495 0.546688 -0.469422 -0.368444 0.802428 -0.312556 0.919276 0.239250
-4.089301 -136.106363 2375.990873 -1190.710401 0.855551 0.118998 0.503858 -0.404795 -0.452979 0.794324 -0.322760 0.883543 0.339377
9.404232 -13.781739 6033.462798 -1384.551672 -0.492635 0.767608 -0.409987 0.279879 -0.306338 -0.909849 0.824001 0.562970 0.063925
-2.287344 -12.126628 2137.445506 -1001.113183 -0.359267 0.640331 -0.678899 0.415657 -0.541535 -0.730732 0.835558 0.544717 0.071603
1.645100 -14.324753 4669.768494 752.696703 -0.482133 0.783773 -0.391470 0.238594 -0.312478 -0.919473 0.842983 0.536710 0.036348
8.863155 -6.331102 5772.498535 -5723.509100 -0.467027 0.729153 -0.500221 0.364116 -0.356934 -0.860243 0.805795 0.583895 0.098799
14.206928 -18.757229 6507.223326 -1120.248518 -0.515518 0.821659 -0.243141 0.164267 -0.183724 -0.969155 0.840986 0.539557 0.040258
19.335671 -10.050046 7825.387204 -4449.304265 -0.503507 0.789552 -0.350840 0.272169 -0.240449 -0.931723 0.820003 0.564617 0.093823
8.018269 -68.925758 -3482.161460 2647.082797 -0.859371 0.035987 -0.510085 0.203673 0.939068 -0.276889 0.469040 -0.341841 -0.814338
4.830315 -79.203331 -2220.835586 6372.933011 -0.865059 0.002097 -0.501665 0.207993 0.911494 -0.354849 0.456520 -0.411308 -0.788933
0.487565 -67.365584 -1364.792207 2540.369395 -0.880487 -0.048963 -0.471534 0.081998 0.963931 -0.253207 0.466924 -0.261610 -0.844714
9.045935 -63.672634 -2810.088982 -249.947564 -0.868174 0.062470 -0.492313 0.171036 0.968930 -0.178665 0.465855 -0.239315 -0.851884
18.808164 -64.993544 -3923.317642 1611.030791 -0.846685 0.147722 -0.511177 0.327616 0.901725 -0.282062 0.419275 -0.406288 -0.811874
1.804423 -66.749102 -2522.717881 665.713408 -0.873438 -0.014035 -0.486733 0.083139 0.980608 -0.177469 0.479785 -0.195474 -0.855334
19.929017 -1767.112750 22795.432788 707449.191194 0.774290 0.064025 0.629584 0.466633 -0.729783 -0.499671 -0.427468 -0.680675 0.594939
-14.627370 -3357.968198 41549.200041 3557839.531894 0.761314 0.055047 0.646043 0.387501 -0.837498 -0.385281 -0.519851 -0.543661 0.658929
-21.164519 -2464.853842 15089.227194 -174762.884119 0.801250 0.052930 0.595984 0.565265 0.259577 -0.783004 0.196148 -0.964271 -0.178067
-13.616521 -2158.477398 18818.878305 982016.409483 0.731218 0.175316 0.659231 0.125785 0.915184 -0.382905 -0.670447 0.362908 0.647147
75.458506 -2027.574542 21295.353579 1084905.206792 0.843422 0.039364 0.535808 0.500562 0.304655 -0.810323 0.195134 -0.951649 -0.237249
-6.088147 -9594.205291 39449.385801 -5397608.872165 0.749920 0.243801 0.614964 -0.097551 0.960204 -0.261711 -0.654296 0.136273 0.743859
580.601726 -15528.288414 -722157.610365 2568964.926430 0.846712 -0.087221 0.524853 0.386468 -0.577178 -0.719380 -0.365679 -0.811947 0.454996
-410.096772 -3643.057019 54281.554004 -2139666.108277 0.887555 -0.226172 0.401362 0.378400 0.854832 -0.355072 0.262790 -0.467022 -0.844294
-184.306327 -292059.451173 25373.622451 548348523.326374 0.485476 0.355916 0.798522 0.658402 0.452067 -0.601782 -0.575169 0.817899 -0.014868
7904.589775 -1859.027935 95979994.801409 -676095.917949 -0.360048 0.926381 0.110376 -0.665336 -0.172035 -0.726452 0.653983 0.334995 -0.678295
-411.369739 -12493.229675 -126486.536730 3059525.400513 -0.657359 -0.019705 -0.753320 0.674703 0.429855 -0.600001 0.335642 -0.902683 -0.269274
1.922798 -59.657840 9178.303628 -2403.802356 0.377590 0.873773 -0.306508 -0.497875 0.470670 0.728416 -0.780734 0.122440 -0.612750
12.811722 -61.632072 9550.991138 -680.992403 0.381309 0.873730 -0.301991 -0.422270 0.455220 0.783877 -0.822369 0.171377 -0.542530
23.764302 -58.785379 9319.019521 -2981.472334 0.349246 0.881860 -0.316781 -0.521219 0.463769 0.716414 -0.778690 0.085092 -0.621611
39.166041 -50.304899 9449.010086 -5602.187510 0.293526 0.892664 -0.342043 -0.625202 0.449934 0.637717 -0.723164 -0.026660 -0.690162
18.804851 -49.344709 10316.346111 -4605.244736 0.366575 0.880185 -0.301492 -0.622357 0.472855 0.623763 -0.691589 0.041020 -0.721126
0.843757 -54.824512 9302.689669 -3892.681271 0.393787 0.863295 -0.315678 -0.579908 0.499781 0.643371 -0.713189 0.070287 -0.697439
1.845243 -28.151015 5293.424252 1233.854269 -0.355104 0.779077 0.516662 -0.664242 -0.599174 0.446960 -0.657787 0.184471 -0.730265
7.688272 -32.807602 6746.616086 2100.012676 -0.294185 0.822005 0.487608 -0.737640 -0.519691 0.431056 -0.607736 0.232869 -0.759229
-2.242557 -33.863308 3604.068251 1385.133280 -0.349974 0.791881 0.500443 -0.706196 -0.574030 0.414459 -0.615472 0.208361 -0.760119
5.806224 -35.880817 6409.483040 1708.547495 -0.280552 0.833403 0.476163 -0.779691 -0.487203 0.393338 -0.559796 0.260908 -0.786482
-5.041429 -30.452111 1869.059523 -830.690666 -0.450959 0.700269 0.553407 0.578976 0.701393 -0.415733 -0.679281 0.132931 -0.721738
-3.367328 -37.836278 4366.351428 1521.523097 -0.289707 0.833425 0.470608 -0.793137 -0.484264 0.369352 -0.535726 0.266253 -0.801316
-6.613664 -33.740737 -947.350071 1492.117003 -0.370444 0.810299 0.454078 -0.674103 -0.570851 0.468737 -0.639028 0.132455 -0.757693
-8.471413 -36.682883 326.159047 1405.658893 -0.322914 0.840884 0.434328 -0.749486 -0.507431 0.425187 -0.577924 0.188224 -0.794088
-12.577318 -41.248180 5241.555231 -866.490365 -0.445796 -0.462672 -0.766290 0.597813 0.483280 -0.639578 0.666248 -0.743219 0.061147
-16.209493 -43.226863 2329.498624 -2184.084208 -0.459511 -0.501659 -0.732931 0.521086 0.515992 -0.679869 0.719249 -0.694328 0.024304
-19.256218 -43.864038 2335.172672 -529.218297 -0.341115 -0.434177 -0.833745 0.562105 0.616688 -0.551121 0.753445 -0.656648 0.033692
4.719634 -142.509748 -1192.203910 2396.771988 -0.312465 0.946728 0.077917 -0.697691 -0.173056 -0.695182 0.644665 0.271582 -0.714598
5.754807 -190.245206 -440.227442 22667.880955 -0.358177 0.931825 0.058405 -0.695829 -0.224708 -0.682150 0.622520 0.284970 -0.728876
3.263847 -269.801367 -2613.701863 69650.606598 -0.309889 0.947881 0.074103 -0.609758 -0.138335 -0.780422 0.729496 0.287029 -0.620846
-1.755929 -297.888603 -2044.753805 68808.465177 -0.311986 0.946655 0.080676 -0.629459 -0.142349 -0.763883 0.711650 0.289103 -0.640292
-43.174145 -1058.157889 -10000.303543 -398736.297103 0.961628 -0.000237 -0.274356 -0.273636 0.071557 -0.959168 -0.019860 -0.997436 -0.068747
-14.035881 -40.060759 506.017138 -11943.911197 0.956033 0.035806 -0.291064 -0.291981 0.023715 -0.956130 0.027333 -0.999077 -0.033127
-18.522918 -57.078309 -176.462743 -16353.350541 0.950991 -0.008585 -0.309100 -0.308275 0.051721 -0.949890 -0.024142 -0.998625 -0.046540
-107.684305 -666.256016 -13842.551524 -227632.647820 0.876704 -0.010358 -0.480918 -0.475965 0.126016 -0.870389 -0.069619 -0.991974 -0.105549
105.899632 -251.707542 -52303.465676 90144.844057 0.640367 0.026370 -0.767616 0.766989 -0.074942 0.637269 -0.040722 -0.996839 -0.068216
18.477493 -169.533303 2528.197674 39536.534366 0.987953 0.126871 0.088614 0.114881 -0.217602 -0.969253 0.103687 -0.967757 0.229555
11.087694 -90.690380 1443.438111 22888.905155 0.994061 0.106780 -0.020978 -0.015345 -0.053301 -0.998461 0.107733 -0.992853 0.051346
14.542293 -104.570110 2653.125280 7344.259027 0.988827 0.071859 0.130606 0.135261 -0.064252 -0.988724 0.062657 -0.995343 0.073254
22.277840 -137.382285 1790.025668 23331.928803 0.990269 0.058750 0.126155 0.136071 -0.218713 -0.966255 0.029176 -0.974019 0.224579
9.639027 -47.964863 2324.477446 1588.888481 0.401472 0.902651 0.155055 -0.539939 0.096516 0.836152 -0.739788 0.419412 -0.526125
5.123405 -52.742898 836.653533 2505.326594 0.392527 0.908474 0.143516 -0.605826 0.137982 0.783541 -0.692024 0.394507 -0.604539
3.662162 -51.854255 828.315278 2432.754368 0.437862 0.893804 0.096908 -0.551355 0.181821 0.814217 -0.710130 0.409945 -0.572416
12.088100 -49.120142 2345.150313 2302.152167 0.341768 0.917941 0.201442 -0.575954 0.035209 0.816724 -0.742611 0.395151 -0.540725
5.110115 -48.205833 1669.116047 1804.241889 0.471607 0.879793 0.059589 -0.465078 0.190750 0.864475 -0.749193 0.435406 -0.499131
-52.686509 -85.283099 67.904877 7912.615759 -0.285977 0.933358 -0.216935 0.941566 0.315751 0.117280 -0.177961 0.170719 0.969115
-39.122280 -92.552858 2460.479625 17064.119424 0.379272 -0.914658 0.139831 0.921913 0.386441 0.027216 -0.078930 0.118590 0.989801
-30.722172 -72.395715 -4085.684394 16622.242854 -0.218882 0.973472 -0.066648 0.968848 0.208716 -0.133311 0.115864 0.093751 0.988831
58.510297 -73.774337 14152.043052 -1157.095895 -0.441946 0.895515 -0.052309 0.846286 0.435568 0.306724 -0.297460 -0.091288 0.950360
62.909780 -90.049536 17644.262678 10043.208437 -0.429144 0.902256 0.042073 0.826985 0.373757 0.420002 -0.363224 -0.215035 0.906547
-12.129797 -109.480994 -249.278333 -1192.079251 0.458307 -0.181296 0.870107 0.885327 0.006735 -0.464921 0.078428 0.983405 0.163593
-14.407287 -110.008893 813.968555 -1909.269056 0.464107 -0.163356 0.870586 0.884579 0.034319 -0.465127 0.046104 0.985970 0.160429
19.898673 15.065462 17763.494035 -1732.945850 -0.256546 -0.314650 -0.913882 0.044625 0.940662 -0.336397 0.965501 -0.127083 -0.227282
19.024982 -0.047194 -614.329977 12537.332692 0.016513 0.960743 -0.276948 -0.223327 -0.266444 -0.937621 0.974604 -0.077333 -0.210160
35.631640 21.879381 21398.733524 -388.942026 -0.266957 -0.404126 -0.874881 -0.031545 0.911005 -0.411187 0.963192 -0.082171 -0.255947
43.476132 17.924645 12397.211087 -569.286353 -0.163814 -0.475460 -0.864351 -0.007522 0.876764 -0.480863 0.986463 -0.072270 -0.147203
34.908204 9.757278 12897.263740 -3562.469455 -0.195389 -0.557844 -0.806618 0.052553 0.815334 -0.576601 0.979317 -0.155052 -0.129990
-21.963787 -42.671396 1118.146720 3721.888240 0.001409 0.650837 0.759217 -0.123637 0.753506 -0.645711 -0.992326 -0.092958 0.081530
-15.689234 -33.734684 3818.158923 -3211.672973 0.002701 0.884288 0.466935 0.016816 -0.466911 0.884145 -0.999855 -0.005464 0.016132
-1.410702 -27.285860 5057.046308 -2159.132918 0.001017 0.992146 0.125084 -0.060659 -0.124792 0.990327 -0.998158 0.008595 -0.060056
-15.958197 -30.602162 6177.805882 -2604.919583 -0.001317 0.935107 0.354363 -0.065613 -0.353681 0.933062 -0.997844 0.022022 -0.061821
-22.602489 -39.834727 1939.841619 4262.272598 -0.042497 0.693737 0.718973 -0.055951 0.716842 -0.694987 -0.997529 -0.069762 0.008352
55.901702 -45.557652 -26646.210616 -1707.769811 -0.459526 0.715777 0.525832 0.527493 -0.256369 0.809954 -0.714554 -0.649568 0.259759
82.901758 -42.192893 -12830.151063 -1705.988814 -0.318853 0.853693 0.411754 0.533556 -0.197383 0.822410 -0.783358 -0.481922 0.392557
70.874474 -49.276715 28751.519159 105.205005 0.473815 -0.717156 -0.511065 0.603076 -0.158651 0.781748 -0.641716 -0.678615 0.357328
1.767327 -51.401646 142.255569 -2094.250190 -0.518437 -0.854449 -0.033765 0.854934 -0.518737 0.000155 -0.017648 -0.028786 0.999430
2.352988 -49.830090 448.444974 -1292.914651 0.485766 0.873823 0.021571 0.865184 -0.484184 0.130473 -0.124455 0.044717 0.991217
1.322234 -52.468013 349.112822 -2283.105374 0.515631 0.856608 0.018625 0.855158 -0.515864 0.050891 -0.053201 0.010314 0.998531
3.061026 -48.714608 -194.847588 -1280.336431 0.478678 0.877205 0.037120 0.869437 -0.479478 0.119080 -0.122256 0.024727 0.992190
0.059524 -55.654979 303.722149 -1351.059126 0.551669 0.833958 0.013229 0.830656 -0.547915 -0.098990 0.075306 -0.065598 0.995000
0.017281 -55.735010 80.003742 -1597.447057 0.567934 0.822770 0.022365 0.812700 -0.556268 -0.173448 0.130267 -0.116684 0.984589
1.994705 -50.596529 -571.858216 -753.143210 -0.519410 -0.854150 -0.025323 0.853303 -0.516856 -0.068794 0.045672 -0.057341 0.997309
2.684581 -47.902101 275.909101 -2250.912568 0.490016 0.871229 0.029069 0.870057 -0.490868 0.045279 -0.053717 -0.003104 0.998551
-30.887913 -116.610956 -1797.032453 -1323.224103 -0.478681 0.862518 -0.164094 -0.162599 0.096577 0.981954 -0.862801 -0.496724 -0.094015
-29.334632 -117.845308 -1645.577324 -1314.445151 -0.485179 0.851702 -0.198002 -0.011336 0.220293 0.975368 -0.874341 -0.475473 0.097227
-32.624883 -116.654837 -536.536438 2451.434600 -0.423241 0.879660 -0.216945 0.190267 0.320405 0.927976 -0.885814 -0.351480 0.302978
-3.954585 -99.642495 -1200.019924 -844.801834 0.358474 -0.916264 -0.178763 0.930383 0.366386 -0.012241 0.076712 -0.161930 0.983816
-4.698286 -122.846103 -1557.425873 8751.420861 0.417732 -0.893502 -0.164783 0.864712 0.335306 0.373957 -0.278878 -0.298704 0.912690
-3.188267 -115.294014 -1282.783220 6450.032456 0.421816 -0.891515 -0.165143 0.876286 0.354090 0.326716 -0.232797 -0.282527 0.930583
4.748691 -59.907987 -2964.178035 2171.015497 0.740839 0.667118 -0.078172 0.147721 -0.275356 -0.949925 0.655237 -0.692194 0.302541
7.060743 -63.766821 -3607.774077 2544.991788 0.738965 0.670117 -0.069815 0.223326 -0.341390 -0.913005 0.635654 -0.659087 0.401930
12.784548 -53.267662 -6993.645488 -2515.526655 -0.049713 -0.071944 -0.996169 -0.465841 0.883937 -0.040591 0.883471 0.462038 -0.077457
7.774454 -46.977768 -6236.542282 -2225.125888 -0.025523 -0.121805 -0.992226 -0.366554 0.924558 -0.104069 0.930047 0.361048 -0.068246
-13.343014 -59.465096 1656.969093 -486.606252 0.246421 0.967401 -0.058410 0.854950 -0.188602 0.483208 -0.456440 0.169010 0.873555
-2.369726 -95.525889 -431.056766 -113.744107 -0.259668 0.029381 -0.965251 -0.093869 0.994036 0.055510 0.961125 0.105021 -0.255361
-0.039576 -101.104751 -360.588424 -4802.424025 -0.264219 0.043926 -0.963462 -0.262837 0.957872 0.115752 0.927958 0.283817 -0.241542
1.120693 -100.124825 508.768300 -6846.433284 -0.281914 0.067947 -0.957031 -0.295536 0.942838 0.153996 0.912789 0.326251 -0.245718
0.436302 -53.068717 6075.555857 9481.801619 0.598168 0.789408 -0.137948 0.548799 -0.278086 0.788345 -0.583965 0.547268 0.599568
