10880
21745
-49.527473 -75.406043 128.254794 2896.447202 0.202613 0.974661 -0.094782 0.940797 -0.166882 0.295043 -0.271750 0.148950 0.950771
-38.481204 -74.600893 -2786.505720 9734.972731 0.094650 0.994986 -0.032316 0.993539 -0.092371 0.065935 -0.062620 0.038348 0.997300
-46.425672 -64.435321 71.549499 6631.335075 -0.380737 -0.921611 0.075320 0.924209 -0.376669 0.062909 -0.029607 0.093563 0.995173
-35.356556 -54.635590 -2932.615294 6900.835020 0.325247 0.945627 -0.002129 0.942008 -0.324198 -0.086700 0.082676 -0.026194 0.996232
-52.698339 -72.879140 -624.444603 4575.275057 -0.477662 -0.872458 0.103224 0.861933 -0.442646 0.247257 -0.170030 0.207077 0.963436
-43.117314 -63.226170 991.425132 5625.599049 0.741295 0.656776 -0.138304 0.670945 -0.730577 0.126846 0.017732 0.186825 0.982233
-37.636471 -51.294222 103.097573 -4304.367483 0.758987 0.639478 -0.122504 -0.643453 0.765432 0.009016 0.099534 0.071982 0.992427
5.090935 -31.318892 -92.816967 -3046.396621 0.593245 0.749293 0.294312 0.327259 -0.558495 0.762224 -0.735501 0.355869 0.576537
7.357740 -44.996766 132.326552 -4673.513762 0.584779 0.762864 0.275812 0.412805 -0.572547 0.708366 -0.698302 0.300381 0.649727
7.022831 -40.721510 -499.726790 -4828.871842 0.591361 0.728536 0.345727 0.340575 -0.614250 0.711833 -0.730959 0.303204 0.611365
3.937434 -27.710678 -193.184375 -3775.655555 0.608247 0.706251 0.362277 0.258066 -0.607574 0.751169 -0.750625 0.363405 0.551815
2.577031 -19.869638 -460.261189 -2424.780748 0.579446 0.773156 0.257822 0.297579 -0.495204 0.816223 -0.758742 0.396235 0.517019
1.593723 -46.409715 208.515608 1040.800113 0.665975 0.689215 -0.285413 -0.557270 0.714002 0.423854 0.495912 -0.123224 0.859586
-0.276138 -48.246252 311.104705 3033.448332 0.660537 0.694813 -0.284473 -0.629054 0.719007 0.295501 0.409856 -0.016240 0.912006
0.574766 -46.382012 -759.000046 -1422.228456 0.648604 0.717659 -0.253530 0.595351 -0.685894 -0.418457 0.474205 -0.120474 0.872133
1.490501 -48.570234 -601.467119 1154.065889 0.652616 0.711213 -0.261283 0.512079 -0.668176 -0.539737 0.558451 -0.218443 0.800259
1.591009 -51.300175 23.013346 1284.851008 0.656073 0.700759 -0.280187 0.485278 -0.676041 -0.554503 0.577991 -0.227825 0.783595
-3.569260 -60.924110 -184.963715 512.016601 0.652039 0.626199 -0.427458 0.012725 -0.572750 -0.819632 0.758079 -0.528992 0.381424
-2.496330 -64.356031 -30.252947 281.916009 0.644537 0.659733 -0.386424 0.180387 -0.622358 -0.761663 0.742989 -0.421215 0.520141
-4.367246 -67.221469 -37.378613 487.582247 0.649785 0.605002 -0.460164 -0.034818 -0.581060 -0.813115 0.759320 -0.544372 0.356500
-1.188219 -58.333945 255.185774 125.398883 0.636767 0.669336 -0.382777 0.151234 -0.595207 -0.789213 0.756080 -0.444656 0.480234
-4.839016 -61.449119 7.511991 278.930065 0.645648 0.590471 -0.484234 -0.142335 -0.529951 -0.835998 0.750253 -0.608684 0.258117
-4.555695 -58.876197 570.188952 85.781129 0.629497 0.624709 -0.462030 -0.129536 -0.501933 -0.855151 0.766129 -0.598165 0.235043
-2.262520 -56.034889 546.002471 126.535393 0.630499 0.655096 -0.416316 0.026605 -0.554284 -0.831902 0.775734 -0.513438 0.366904
5.683511 -83.029226 5325.727514 -914.349266 -0.167778 0.793088 0.585544 0.936033 -0.058222 0.347063 0.309343 0.606318 -0.732588
-10.326843 -83.357794 2137.101910 283.888052 -0.099078 0.802671 0.588135 0.966252 -0.063629 0.249616 0.237782 0.593018 -0.769278
10.469542 -81.463976 6883.262511 126.076135 -0.164546 0.781568 0.601728 0.976474 0.042877 0.211330 0.139368 0.622345 -0.770236
0.279292 -161.827731 -2921.691050 -5835.481121 -0.141050 -0.491920 -0.859139 0.969501 -0.244330 -0.019272 -0.200433 -0.835654 0.511380
1.012780 -153.984469 -2901.476395 -10407.719871 -0.159631 -0.485399 -0.859596 0.844738 -0.517745 0.135490 -0.510818 -0.704505 0.492683
-4.127281 -164.413400 -992.578304 -9515.861378 -0.133242 -0.471046 -0.871987 0.947317 -0.319103 0.027626 -0.291267 -0.822368 0.488748
-4.945377 -105.527022 -511.871307 1674.054908 0.124371 0.952844 0.276805 -0.661539 0.287549 -0.692590 0.739525 0.096979 -0.666106
-8.169292 -104.917704 -1256.932150 -157.074114 0.137756 0.945840 0.293956 -0.512347 0.322042 -0.796109 0.847658 0.040939 -0.528961
-4.866528 -107.737142 20.920037 -1891.980924 0.131411 0.944437 0.301281 -0.441261 0.327875 -0.835337 0.887705 0.023171 -0.459829
-13.846570 -271.421189 -300.679132 12318.086080 0.289293 0.439080 0.850599 0.936515 -0.313731 -0.156565 0.198114 0.841892 -0.501965
-11.976022 -265.334955 -460.942827 36364.316065 0.284122 0.426441 0.858733 0.815283 -0.578792 0.017678 0.504567 0.695088 -0.512118
-9.641853 -310.871369 -311.999735 58638.655617 0.290144 0.451350 0.843860 0.780329 -0.622044 0.064409 0.553989 0.639800 -0.532684
-10.577685 -259.064592 300.054286 -50358.993597 -0.295572 -0.437004 -0.849508 -0.537810 0.811057 -0.230102 0.789555 0.388863 -0.474751
-10.864967 -270.570670 -171.414673 -12574.211714 0.290764 0.466049 0.835617 0.953777 -0.210488 -0.214484 0.075927 0.859357 -0.505709
-8.276854 -273.857902 218.638444 -56202.398671 -0.296770 -0.452008 -0.841200 -0.511434 0.819134 -0.259720 0.806451 0.353141 -0.474266
-5.446154 -316.867927 2059.162590 -65257.271828 -0.289234 -0.487980 -0.823541 -0.620301 0.750792 -0.227020 0.729089 0.445181 -0.519849
-6.343841 -284.932672 -1675.608930 21138.382824 0.299906 0.476477 0.826454 0.877977 -0.476697 -0.043772 0.373112 0.738735 -0.561300
0.561047 -62.537652 -3210.140419 4455.083484 0.505970 0.509615 0.695907 0.084375 0.773689 -0.627922 -0.858414 0.376427 0.348465
3.561018 -78.103029 -2171.116468 6519.625571 0.505352 0.552871 0.662535 -0.113430 0.803688 -0.584140 -0.855426 0.220045 0.468858
0.364371 -71.360155 16.643491 6671.784779 0.528650 0.493355 0.690746 0.033485 0.800999 -0.597729 -0.848179 0.339119 0.406928
-3.902998 -62.959984 293.146606 1793.582351 0.526621 0.417008 0.740794 0.183143 0.795303 -0.577886 -0.830138 0.439998 0.342451
33.150313 28.372734 1049.744302 -711.932628 -0.448922 0.666396 -0.595302 0.029790 -0.654675 -0.755324 0.893074 0.356816 -0.274046
34.167064 27.927685 9474.465947 -3266.894030 -0.604844 0.545578 -0.580094 -0.009075 0.723677 0.690079 0.796292 0.422655 -0.432761
31.244573 26.349038 859.712285 -1874.099735 -0.480370 0.876968 -0.013130 -0.215159 -0.132342 -0.967570 0.850266 0.461967 -0.252260
31.533392 28.158177 105.790468 -11482.625362 -0.331258 0.928394 0.168385 -0.086351 0.147883 -0.985228 0.939581 0.340905 -0.031180
-16.911074 -45.510910 1072.635798 -221.133571 0.493099 0.713003 -0.498478 0.564345 -0.698222 -0.440455 0.662094 0.064125 0.746672
-15.878508 -45.675318 1852.961103 1825.651992 0.518437 0.652373 -0.552840 -0.440458 0.757874 0.481274 0.732953 -0.006008 0.680253
-14.525819 -43.452997 1485.085032 -117.359314 0.450158 0.712336 -0.538456 0.555023 -0.695583 -0.456195 0.699505 0.093496 0.708485
-14.007853 -46.543370 577.198399 2216.208601 0.532559 0.604744 -0.592170 -0.372325 0.795696 0.477747 0.760102 -0.033949 0.648916
-102.268109 -1353.916600 39662.051466 456965.865319 0.399291 0.197869 -0.895218 -0.491296 0.870583 -0.026707 0.774077 0.450481 0.444828
-582.630464 -867.772896 128418.154650 265442.519689 -0.686123 0.727062 0.024813 0.441650 0.443399 -0.779963 0.578084 0.524192 0.625333
54.968483 -32321.865066 9833.750711 -20157742.807622 0.511292 0.190623 -0.838000 0.272887 0.888618 0.368635 0.814931 -0.417159 0.402324
-259.539768 -678.028236 14258.302767 -163190.019286 0.838104 0.007775 -0.545455 0.452460 -0.568469 0.687112 0.304732 0.822668 0.479954
-135.701586 -948.714773 19796.561425 -244482.595295 0.443212 0.079797 -0.892858 0.536675 0.774181 0.335595 0.718013 -0.627914 0.300302
-201.261686 -2446.917092 -4245.739179 -697541.644514 -0.535320 -0.080278 0.840825 0.686559 -0.621215 0.377794 0.492004 0.779518 0.387665
-117.385717 -635.586372 -11373.271081 -160079.606909 0.691565 0.062288 -0.719624 0.646281 -0.498291 0.577951 0.322583 0.864770 0.384856
-390.459657 -683.237768 -74746.210757 -107572.698210 0.137974 0.191908 -0.971666 0.983192 0.091894 0.157761 0.119566 -0.977101 -0.176004
-281.901980 -471.284638 -37435.580753 -19206.519565 0.202630 0.532931 -0.821538 0.972045 -0.211082 0.102824 -0.118613 -0.819408 -0.560805
-256.046667 -427.803840 -24399.901019 24522.737947 0.256089 0.651677 -0.713958 0.940635 0.002208 0.339412 0.222763 -0.758493 -0.612425
-33.601025 -53.285295 -2118.099054 -1434.539935 0.593404 0.801411 -0.074910 -0.780676 0.595707 0.188889 -0.196002 0.053607 -0.979137
-38.441838 -50.088596 224.513901 569.842643 0.469922 0.882466 0.020660 -0.880085 0.466594 0.087976 -0.067996 0.059525 -0.995908
-34.514577 -46.919971 5663.632813 -221.642866 -0.816753 -0.551807 0.168591 -0.560825 0.827903 -0.007196 -0.135607 -0.100427 -0.985660
-32.609231 -60.561241 2739.512172 -5832.202796 0.469190 0.882804 -0.022767 -0.855718 0.460863 0.235270 -0.218189 0.090904 -0.971663
-31.561988 -53.396204 -748.309037 -1218.963657 0.462248 0.886750 0.000596 -0.842661 0.439056 0.311692 -0.276132 0.144581 -0.950183
-30.052514 -53.803830 3538.131662 -2665.667330 -0.718866 -0.666970 0.195916 -0.662810 0.742600 0.096064 -0.209559 -0.060798 -0.975904
190.899370 -56.968378 -40547.517640 -8760.936003 -0.180904 0.564211 0.805568 0.589366 0.717915 -0.370467 -0.787351 0.407755 -0.462400
133.524809 -32.629840 -14636.710219 -5601.272109 0.056773 0.424777 0.903516 0.556755 0.737727 -0.381817 -0.828735 0.524714 -0.194613
114.028490 -52.109661 -21522.503785 -5262.205119 -0.081846 0.675115 0.733159 0.454526 0.679956 -0.575383 -0.886965 0.286147 -0.362509
95.946399 -71.333728 -20524.798282 6458.849034 -0.207405 0.725204 0.656554 -0.478226 -0.660649 0.578656 -0.853395 0.193965 -0.483833
-7.256759 -21.729192 -86.991528 -4789.965881 -0.287912 0.560205 -0.776709 0.224910 0.827921 0.513772 0.930872 -0.026768 -0.364364
-7.844811 -25.857250 -1304.077716 -5195.943647 -0.282836 0.610775 -0.739566 0.230291 0.791737 0.565790 0.931112 -0.010289 -0.364588
-3.815771 -33.177556 -431.102923 -5238.990111 -0.286919 0.543003 -0.789193 0.147458 0.839047 0.523696 0.946538 0.033885 -0.320809
-5.919108 -23.838120 122.212266 -4474.195376 -0.300561 0.440521 -0.845934 0.175265 0.897350 0.405025 0.937521 -0.026528 -0.346916
-9.847117 -11.217201 562.394830 -2734.286024 -0.237006 0.692498 -0.681377 0.290572 0.719783 0.630460 0.927036 -0.048566 -0.371814
67.186289 -13.338198 4494.785219 5631.632817 0.232429 -0.535966 -0.811614 0.878931 -0.241581 0.411240 -0.416481 -0.808937 0.414927
64.364877 -38.607663 13105.482229 1328.997969 -0.246028 0.820082 0.516658 0.756353 -0.170905 0.631444 -0.606135 -0.546129 0.578224
155.858106 -23.031825 -43255.208340 -7788.463017 -0.172695 -0.715085 -0.677370 0.855968 -0.449208 0.255990 -0.487335 -0.535599 0.689666
264.702797 -2.301284 -71126.636158 -3207.249584 -0.275556 -0.392097 -0.877684 0.897724 -0.431454 -0.089100 -0.343744 -0.812470 0.470885
218.735656 2.003236 -49780.486490 1880.898045 -0.271029 -0.226167 -0.935624 0.922925 -0.337147 -0.185853 -0.273409 -0.913882 0.300111
57.853043 -1.693301 13696.668296 6620.088922 0.175862 -0.320303 -0.930848 0.933961 -0.244549 0.260599 -0.311108 -0.915206 0.256144
55.833203 -39.329580 21510.213647 3371.308573 0.506517 -0.408355 -0.759399 0.759451 -0.205728 0.617179 -0.408258 -0.889338 0.205921
-6.103805 -54.871688 650.377833 934.728371 0.692762 -0.702355 -0.163638 0.696043 0.591818 0.406541 -0.188692 -0.395535 0.898859
-4.643039 -54.159954 677.491374 808.533801 0.688137 -0.700862 -0.187776 0.697422 0.567501 0.437659 -0.200176 -0.432128 0.879315
-5.381646 -52.030250 571.371845 882.626032 0.698679 -0.695430 -0.168000 0.706432 0.633462 0.315721 -0.113140 -0.339268 0.933861
-6.238026 -52.686850 282.061233 827.213378 0.705529 -0.691966 -0.153009 0.706139 0.668142 0.234423 -0.059980 -0.273438 0.960018
-5.510228 -50.212292 528.284472 568.574580 0.701450 -0.691553 -0.172401 0.712688 0.678341 0.178690 -0.006627 -0.248211 0.968683
5.114725 -106.673608 2157.593790 -16793.453321 0.672145 -0.690628 -0.266936 0.729271 0.555177 0.399927 -0.128004 -0.463478 0.876814
9.930955 -123.520254 774.615945 -14227.116979 0.659228 -0.716744 -0.227368 0.751938 0.629495 0.195770 0.002810 -0.300024 0.953928
4.901891 -122.483379 3216.975858 -7586.967375 0.634292 -0.718008 -0.286597 0.761334 0.644548 0.070195 0.134325 -0.262720 0.955476
3.398196 -130.156153 -3747.083350 6209.364413 -0.610932 0.738311 0.285760 0.678796 0.674264 -0.290868 0.407429 -0.016272 0.913092
-4.342047 -118.318628 3292.034377 -3953.737062 0.632594 -0.723740 -0.275728 0.750571 0.660678 -0.012156 0.190965 -0.199264 0.961159
0.252673 -108.773893 3286.136908 -12215.063021 0.652186 -0.707302 -0.272721 0.757531 0.594672 0.269279 -0.028282 -0.382215 0.923640
347.106845 -106.791752 93312.127681 -4294.866399 0.328509 -0.558704 0.761532 0.929882 0.332623 -0.157100 -0.165531 0.759744 0.628799
170.570532 -99.484741 44383.531868 -6752.753424 0.423931 -0.636031 0.644784 0.903936 0.341476 -0.257477 -0.056415 0.691996 0.719694
247.306216 -84.548492 79421.573220 -12544.525665 0.501175 -0.615117 0.608650 0.833625 0.531885 -0.148887 -0.232149 0.582005 0.779344
65.170831 -81.740777 8895.143073 -7586.304940 0.397981 -0.650953 0.646430 0.883444 0.461862 -0.078807 -0.247262 0.602448 0.758892
101.918821 -60.082969 24016.881058 -9332.062379 0.454011 -0.632724 0.627323 0.799522 0.600048 0.026578 -0.393241 0.489492 0.778306
270.432941 -64.124175 72520.333771 -9445.444377 0.543015 -0.453606 0.706665 0.724714 0.678250 -0.121518 -0.424174 0.578117 0.697035
-1.930592 -63.705434 -709.215343 -2033.783374 0.741050 -0.667266 -0.074842 -0.383075 -0.328606 -0.863291 -0.551451 -0.668412 0.499126
-2.811173 -59.332812 599.979541 -1712.052070 0.738444 -0.664102 -0.116915 -0.414486 -0.310268 -0.855532 -0.531886 -0.680222 0.504376
-3.544035 -64.868767 -264.089887 -1643.810666 0.741985 -0.667031 -0.067289 -0.282166 -0.219665 -0.933879 -0.608145 -0.711911 0.351202
-3.652044 -67.696085 -702.244678 -1315.822916 0.749349 -0.660466 -0.047543 -0.229543 -0.191745 -0.954224 -0.621117 -0.725960 0.295289
-3.528816 -68.347481 -899.561975 -1097.393469 0.755274 -0.654284 -0.038402 -0.234009 -0.214472 -0.948283 -0.612210 -0.725200 0.315093
-3.643247 -67.893417 -357.601399 -1289.141130 0.768635 -0.638330 -0.041655 -0.255536 -0.246699 -0.934794 -0.586431 -0.729160 0.352738
-2.980984 -65.195356 75.598123 -2634.944063 0.771033 -0.633617 -0.063539 -0.350390 -0.338820 -0.873171 -0.531728 -0.695508 0.483254
-1.341594 -58.722454 -729.656472 -3142.275521 0.743125 -0.663134 -0.089541 -0.465769 -0.416531 -0.780744 -0.480442 -0.621896 0.618402
0.582446 -57.445215 -1087.128347 -2124.563490 0.724663 -0.680175 -0.110571 -0.520971 -0.435728 -0.733983 -0.451058 -0.589494 0.670107
-6.006290 -83.248991 -977.002671 -9369.162213 0.753339 -0.646548 -0.120234 -0.433001 -0.350051 -0.830647 -0.494965 -0.677820 0.543663
-4.580756 -99.380394 -1261.276779 -6097.461540 0.756685 -0.649913 -0.070995 -0.248116 -0.185005 -0.950900 -0.604868 -0.737147 0.301245
-7.082636 -104.477568 -1595.163186 -7920.766308 0.753553 -0.650169 -0.097150 -0.291841 -0.198440 -0.935655 -0.589055 -0.733418 0.339281
-13.743404 -116.793684 -530.105086 2099.214756 -0.610936 0.770867 0.180334 0.629428 0.611119 -0.479952 0.480185 0.179713 0.858560
-13.963187 -105.960172 997.650072 1755.600102 -0.604984 0.787574 0.117139 0.554807 0.522480 -0.647459 0.571125 0.326713 0.753044
-14.721254 -109.596810 993.737640 2320.154463 -0.634605 0.761962 0.129192 0.649563 0.616450 -0.445036 0.418740 0.198504 0.886145
-2.616321 -150.367845 1105.885534 9038.742282 -0.211119 0.977269 0.019369 -0.280482 -0.079551 0.956557 -0.936354 -0.196514 -0.290901
-0.317202 -166.772205 950.536639 5143.023045 -0.191696 0.981415 0.008833 -0.437985 -0.093597 0.894096 -0.878306 -0.167526 -0.447787
-1.550956 -159.090982 1826.837146 3865.446568 -0.191368 0.981088 0.029066 -0.530114 -0.128235 0.838174 -0.826049 -0.144991 -0.544628
-17.732583 -37.716697 171.058266 -829.520546 -0.124155 0.989533 0.073557 -0.530584 -0.003563 -0.847625 0.838491 0.144265 -0.525472
-18.663968 -32.157384 -250.865663 -472.515930 -0.142643 0.987270 -0.070367 -0.447533 -0.127745 -0.885096 0.882818 0.094761 -0.460058
-17.530195 -36.377629 70.316589 -1821.929398 -0.032510 0.989070 0.143816 -0.560306 0.101119 -0.822090 0.827648 0.107307 -0.550894
-16.930214 -41.583015 30.595048 -1950.666957 0.000105 0.986611 0.163091 -0.648721 0.124184 -0.750826 0.761026 0.105722 -0.640048
-16.746522 -41.563428 330.345588 -1273.296835 -0.058830 0.982512 0.176663 -0.661273 0.094218 -0.744205 0.747835 0.160604 -0.644166
-28.772607 -637.135281 -16058.871340 148167.483029 -0.445861 0.859960 0.248349 0.868920 0.482442 -0.110580 0.214909 -0.166492 0.962338
425.644728 -5085.548672 -175848.503261 1688952.535123 -0.164576 -0.916682 -0.364154 0.956261 -0.238794 0.168942 -0.241824 -0.320423 0.915888
-69.892878 -1144.359537 12041.215242 -147883.861624 0.352823 -0.881396 -0.314097 0.905839 0.237633 0.350694 -0.234461 -0.408254 0.882245
34.832852 -2451.151317 -6630.552639 785682.108698 -0.521358 0.834610 0.177796 0.804395 0.550218 -0.224074 0.284841 -0.026195 0.958217
-3.004594 -17.218635 -992.740663 247.599959 -0.383352 0.834347 0.396114 -0.292168 -0.516404 0.804963 -0.876173 -0.192852 -0.441734
-6.236843 -18.780674 -724.800796 -323.394497 -0.336014 0.883783 0.325609 -0.352602 -0.438607 0.826617 -0.873365 -0.162945 -0.459002
-3.147984 -19.606875 -322.163091 1431.493474 -0.345460 0.872953 0.344398 -0.353893 -0.461083 0.813733 -0.869147 -0.159232 -0.468218
-6.022951 -20.889800 -1340.541029 -1660.391620 -0.338343 0.900927 0.271762 -0.318179 -0.381311 0.867965 -0.885599 -0.207202 -0.415670
-0.672159 -17.525569 -1095.586583 1639.361267 -0.375096 0.852762 0.363455 -0.304399 -0.483650 0.820624 -0.875582 -0.197178 -0.440995
-0.877036 -17.735813 -1521.795144 -343.865376 -0.380475 0.859095 0.342337 -0.285696 -0.461260 0.840010 -0.879555 -0.221799 -0.420938
-21.011136 -35.838026 -3332.471910 1866.966389 0.013489 -0.383066 -0.923623 -0.415260 0.838136 -0.353676 0.909603 0.388314 -0.147766
-5.637764 -38.143318 -4187.527334 1244.418595 -0.023531 -0.185564 -0.982350 -0.281032 0.944227 -0.171631 0.959410 0.272033 -0.074368
-21.224384 -39.665669 -3218.108467 923.555159 -0.005422 -0.401364 -0.915903 -0.316327 0.869571 -0.379188 0.948635 0.287669 -0.131677
12.831005 -35.246449 6979.134459 -349.372197 -0.312683 0.815477 0.487059 0.412304 -0.345420 0.843025 -0.855707 -0.464416 0.228217
0.275321 -36.506635 4024.541430 -295.287604 -0.376217 0.873166 0.309907 0.323015 -0.189891 0.927148 -0.868402 -0.448914 0.210605
12.778475 -37.551209 9814.890093 -833.919154 -0.318377 0.861801 0.394885 0.433079 -0.238319 0.869280 -0.843255 -0.447775 0.297353
-60.710843 -475.420188 51498.726083 -144264.122612 0.784379 0.531687 -0.319467 -0.529520 0.305732 -0.791288 0.323046 -0.789833 -0.521349
321.444984 -175.451889 6533.251748 66809.777107 -0.115008 0.143652 -0.982923 0.993303 0.027651 -0.112182 0.011063 -0.989242 -0.145870
67.358569 -4526.741500 -12213.387459 -439322.626673 -0.936819 -0.306466 -0.168669 -0.305663 0.951623 -0.031361 0.170120 0.022176 -0.985174
-14.967152 -39.725563 -153.857043 1802.425443 -0.521339 0.844973 0.119274 -0.650662 -0.484042 0.585100 -0.552127 -0.227428 -0.802142
-13.902616 -38.834614 927.031950 2559.793696 -0.493835 0.864332 0.095165 -0.673850 -0.449563 0.586362 -0.549594 -0.225439 -0.804440
-12.965809 -36.641855 109.130545 2215.245810 -0.447298 0.893715 0.034607 -0.666255 -0.358771 0.653749 -0.596681 -0.269363 -0.755920
-13.487789 -38.231093 -729.593581 1058.596970 -0.449083 0.891915 0.053037 -0.623286 -0.355252 0.696642 -0.640187 -0.279793 -0.715456
-25.257957 -70.842608 -7018.322669 -1457.988196 0.150315 0.986267 0.068433 0.925580 -0.164715 0.340838 -0.347429 -0.012107 0.937628
-14.984009 -75.156895 -8445.422420 8706.672627 0.119587 0.988351 0.094133 0.986427 -0.129026 0.101557 -0.112519 -0.080710 0.990366
-26.056155 -66.680521 -4370.401459 12260.425229 0.159681 0.985222 0.061972 0.983302 -0.153191 -0.098230 0.087285 -0.076623 0.993232
-43.832071 -66.796836 1026.912732 784.517752 0.864308 -0.216386 -0.454036 0.264548 -0.572182 0.776287 0.427769 0.791066 0.437297
-45.394104 -69.276661 1599.669837 -613.959215 0.909843 -0.129592 -0.394197 0.233635 -0.625106 0.744753 0.342929 0.769706 0.538471
-42.687543 -65.401251 1347.178089 -137.005183 0.872744 -0.280289 -0.399695 0.115820 -0.676488 0.727289 0.474240 0.681030 0.557938
10.170388 -55.595858 20.251599 -6503.194009 0.580298 0.747278 0.323774 0.441818 -0.622837 0.645655 -0.684142 0.231623 0.691592
8.263336 -59.648733 1163.875045 -5121.826178 0.576841 0.781139 0.238906 0.543694 -0.585429 0.601390 -0.609632 0.217014 0.762400
28.579123 -47.907633 -1007.428104 510.145613 -0.560811 0.826116 -0.054986 0.708364 0.444373 -0.548409 0.428615 0.346504 0.834401
27.214427 -47.279830 -3293.875995 1241.413659 0.583906 -0.793421 0.171863 0.758826 0.458184 -0.462872 0.288508 0.400688 0.869605
24.764416 -46.939091 -4488.363395 304.195692 0.599816 -0.772730 0.207628 0.724538 0.414433 -0.550718 0.339508 0.480764 0.808456
25.118557 -48.015563 -3355.137362 -856.723320 0.594205 -0.785477 0.173049 0.676396 0.371582 -0.635936 0.435212 0.494926 0.752090
25.583216 -48.014472 -2407.768846 -1068.652006 -0.540032 0.841009 -0.032701 0.652615 0.393891 -0.647258 0.531469 0.370881 0.761569
-2.999771 -44.884036 264.460758 -692.395370 0.655231 0.698416 -0.287904 -0.655705 0.715064 0.242352 0.375132 0.029983 0.926486
-0.836882 -46.681698 -605.668788 -1341.086955 0.639144 0.726049 -0.253669 0.651997 -0.686454 -0.321994 0.407916 -0.040408 0.912125
-2.541179 -69.207977 310.540412 344.482391 0.642744 0.643894 -0.415066 0.157671 -0.641393 -0.750836 0.749680 -0.417152 0.513775
-0.143184 -58.748472 428.981208 217.042979 0.625084 0.697718 -0.349942 0.273717 -0.615789 -0.738839 0.730992 -0.366052 0.575897
0.010273 -61.277237 27.257856 -513.718672 0.618769 0.712176 -0.331557 0.376601 -0.639318 -0.670406 0.689418 -0.289962 0.663796
-13.766098 -86.855530 2049.892555 -2064.798228 -0.102159 0.803684 0.586222 0.897672 -0.179461 0.402467 0.428660 0.567350 -0.703110
-15.045244 -82.325448 1017.867301 251.999273 -0.063003 0.827265 0.558269 0.944548 -0.131206 0.301022 0.322273 0.546277 -0.773125
-14.249050 -84.799574 490.022475 3.221445 -0.053157 0.839054 0.541445 0.986589 -0.039668 0.158331 0.154326 0.542600 -0.825693
14.741360 -61.524132 -4780.157051 3916.531393 0.665103 0.538649 -0.517200 -0.428526 -0.291902 -0.855078 0.611559 -0.790348 -0.036680
17.650398 -56.759586 -5149.175842 2585.745269 0.669054 0.531593 -0.519399 -0.515678 -0.171220 -0.839500 0.535204 -0.829514 -0.159575
2.756417 -61.448912 -2720.492979 2467.535344 0.671403 0.522394 -0.525665 -0.444574 -0.283598 -0.849663 0.592936 -0.804162 -0.041834
-3.618199 -61.695292 -1288.520542 1002.177895 0.665015 0.538626 -0.517336 -0.490874 -0.206817 -0.846327 0.562848 -0.816767 -0.126861
-3.447591 -61.744432 -1512.367580 1545.276743 0.657239 0.532102 -0.533764 -0.415308 -0.335296 -0.845633 0.628932 -0.777460 -0.000617
-1.122013 -64.832567 -2292.402049 1890.485987 0.672223 0.529215 -0.517733 -0.326569 -0.415643 -0.848878 0.664431 -0.739711 0.106579
-4.834648 -137.173112 -148.165516 11287.324836 -0.134832 -0.443331 -0.886159 0.571737 0.695623 -0.435001 0.809282 -0.565302 0.159677
-5.558123 -158.059610 -1014.846345 9852.331236 -0.127167 -0.457255 -0.880197 0.788223 0.492097 -0.369519 0.602107 -0.740782 0.297840
-5.462719 -169.283693 600.141140 16854.503106 -0.153476 -0.436371 -0.886581 0.717441 0.567759 -0.403644 0.679503 -0.698019 0.225933
-5.897295 -138.896612 1041.757426 15519.939155 -0.170118 -0.416181 -0.893226 0.440876 0.778516 -0.446700 0.881299 -0.469794 0.051044
-4.602319 -144.035546 1087.198504 11494.518871 -0.176460 -0.420578 -0.889930 0.667868 0.612993 -0.422127 0.723058 -0.668845 0.172722
-12.199983 -257.994316 -792.355075 -12798.874804 0.293368 0.425999 0.855839 0.954085 -0.187091 -0.233919 0.060470 0.885168 -0.461325
7.591288 -344.828976 -1353.194386 22865.770095 0.231129 0.416177 0.879418 0.908700 -0.415302 -0.042287 0.347625 0.808901 -0.474169
6.106289 -319.405043 -997.333982 -12669.311980 0.268036 0.414304 0.869775 0.962029 -0.066795 -0.264649 -0.051548 0.907684 -0.416476
4.660688 -411.846365 27.313878 31472.901004 0.233500 0.403371 0.884743 0.959598 -0.242509 -0.142691 0.157001 0.882316 -0.443700
4.085739 -341.558064 61.947910 -9207.386910 0.272790 0.398569 0.875630 0.957735 -0.026160 -0.286461 -0.091268 0.916765 -0.388859
-0.214169 -467.158264 1734.307080 91983.417990 0.242262 0.383561 0.891174 0.754215 -0.652249 0.075698 0.610302 0.653798 -0.447302
7.259152 -85.855025 -1543.346228 5218.787563 0.500760 0.597595 0.626195 -0.325289 0.800329 -0.503647 -0.802139 0.048512 0.595164
6.016867 -78.509523 -3978.914112 6144.002897 0.483541 0.601097 0.636294 -0.187691 0.781219 -0.595373 -0.854962 0.168461 0.490572
10.059212 -70.497647 -2323.613313 6024.262700 0.512356 0.603075 0.611386 -0.182945 0.772236 -0.608426 -0.839060 0.199881 0.505989
9.670969 -83.717051 -2822.462412 8210.259127 0.489372 0.629472 0.603557 -0.319184 0.773355 -0.547762 -0.811565 0.075414 0.579375
-1.465347 -78.087782 979.427163 -892.776830 0.388956 0.864803 -0.317536 0.349258 0.180526 0.919472 -0.852486 0.468536 0.231823
-2.373708 -70.000891 569.927866 -2427.853188 0.383547 0.862563 -0.329964 0.159161 0.290205 0.943636 -0.909703 0.414446 0.025979
-2.282538 -72.611054 945.280793 -1887.332208 0.382030 0.856090 -0.348085 0.167082 0.306464 0.937104 -0.908921 0.416160 0.025959
-1.315671 -82.498162 539.649209 831.710016 0.379762 0.870823 -0.312166 0.516213 0.080539 0.852665 -0.767662 0.484954 0.418944
-0.536880 -79.670338 151.514788 428.936234 0.385205 0.875219 -0.292591 0.525432 0.052639 0.849206 -0.758643 0.480855 0.439591
-326.959098 -632.965041 -45981.190423 -138543.140741 0.783620 -0.004366 -0.621225 -0.612378 0.162870 -0.773606 -0.104556 -0.986638 -0.124955
-201.161481 -337.793383 -35807.894625 50094.210364 0.515053 0.201670 -0.833096 0.776625 -0.521095 0.353997 -0.362732 -0.829331 -0.425014
-40.780511 -54.088385 2029.433323 1339.240387 0.128699 0.990321 0.051965 -0.986744 0.133105 -0.092841 0.098859 0.039328 -0.994324
-40.086737 -47.147806 1590.097581 -1548.279755 0.407402 0.912784 -0.029133 0.913212 -0.406892 0.021972 0.008201 -0.035555 -0.999334
190.740356 -40.816537 -24851.812059 -6803.415427 0.038164 0.234475 0.971373 0.685683 0.700975 -0.196145 -0.726899 0.673540 -0.134023
134.337585 -20.745970 5006.925752 92.938575 0.290750 0.107491 0.950742 0.667643 0.688977 -0.282071 -0.685359 0.716768 0.128554
108.425086 -19.591824 8836.812503 346.049683 0.317590 0.296700 0.900614 0.585362 0.685862 -0.432371 -0.745982 0.664502 0.044146
-7.130917 -33.892235 -1151.277636 -4926.691828 -0.278746 0.658086 -0.699445 0.186037 0.751518 0.632939 0.942173 0.046306 -0.331911
-12.703628 -24.944819 -1574.961639 3343.989982 -0.238971 0.789074 -0.565911 -0.299232 -0.614276 -0.730154 0.923771 0.005147 -0.382910
59.332227 -41.434303 21207.628594 790.507213 -0.190431 0.910140 0.367943 0.761473 -0.099610 0.640498 -0.619593 -0.402149 0.674078
40.658008 -43.028898 16624.483463 -757.691699 -0.248861 0.903301 0.349451 0.647920 -0.112916 0.753293 -0.719908 -0.413882 0.557166
53.521848 -42.315322 13924.422530 -20.651274 -0.279825 0.818518 0.501723 0.675855 -0.203212 0.708467 -0.681849 -0.537339 0.496335
17.977658 -124.574361 1346.210604 7760.807374 0.685228 -0.694072 -0.220741 0.628402 0.716628 -0.302581 0.368202 0.068623 0.927210
15.371551 -123.058482 103.401718 -3544.282019 -0.681958 0.705988 0.191088 0.712235 0.700434 -0.045966 0.166296 -0.104753 0.980496
14.441702 -126.194454 857.598144 438.869596 0.706421 -0.680669 -0.194058 0.676787 0.729852 -0.096314 0.207192 -0.063298 0.976250
16.082207 -128.580473 291.275148 10988.301881 0.708838 -0.677577 -0.196057 0.543331 0.701737 -0.460822 0.449822 0.220124 0.865566
20.690597 -125.180395 347.724790 14729.220770 -0.696015 0.690907 0.195478 0.547855 0.686978 -0.477405 0.464131 0.225187 0.856664
-1.273563 -54.040977 -377.945312 1898.795797 0.775061 -0.626716 -0.080669 -0.560585 -0.623065 -0.545467 -0.291591 -0.467992 0.834241
0.029691 -57.764960 -208.412022 1917.234411 0.773160 -0.629286 -0.078883 -0.581121 -0.653121 -0.485521 -0.254012 -0.421226 0.870659
-0.265548 -55.275387 -277.865934 -345.845943 0.765775 -0.637523 -0.084579 -0.550632 -0.582017 -0.598382 -0.332256 -0.504798 0.796734
-1.432577 -53.209325 -597.395590 -1336.134914 0.757967 -0.645895 -0.091131 -0.546118 -0.551968 -0.630148 -0.356708 -0.527399 0.771109
0.409932 -58.767699 -226.362249 -2346.225756 0.765879 -0.636804 -0.088937 -0.514572 -0.524093 -0.678633 -0.385544 -0.565516 0.729073
-0.419522 -59.648862 -744.566063 -3481.847244 0.755498 -0.648496 -0.093140 -0.511898 -0.495583 -0.701682 -0.408879 -0.577798 0.706376
182.614894 -109.918807 38694.414989 2108.842480 0.325336 -0.610422 0.722178 0.941600 0.138973 -0.306717 0.086864 0.779790 0.619986
79.147318 -115.252171 3143.074335 -412.867632 0.432135 -0.634113 0.641217 0.883201 0.153890 -0.443029 0.182254 0.757772 0.626551
59.734037 -98.684628 -1349.020321 -5947.515239 0.404982 -0.638579 0.654375 0.911341 0.339698 -0.232516 -0.073810 0.690523 0.719535
-3.901272 -63.782017 1098.688231 -805.351998 0.753945 -0.652599 -0.075378 -0.256415 -0.186696 -0.948365 -0.604829 -0.734343 0.308095
-4.957353 -112.076760 -1787.062868 -2238.641572 0.747830 -0.662065 -0.049202 -0.077222 -0.013138 -0.996927 -0.659384 -0.749331 0.060951
-2.499266 -102.872645 -1109.658161 -1733.095917 0.757809 -0.651936 -0.026556 -0.052552 -0.020417 -0.998409 -0.650357 -0.757999 0.049733
-13.361835 -104.928404 941.298355 3702.962939 -0.610811 0.774964 0.162301 0.486706 0.529176 -0.695047 0.624522 0.345549 0.700406
-18.060530 -36.500687 139.898128 1170.077580 -0.223832 0.964239 -0.141924 -0.402994 -0.224152 -0.887328 0.887409 0.141418 -0.438755
-16.334778 -35.104075 -647.773584 2005.181917 -0.238213 0.929503 -0.281564 -0.317664 -0.348532 -0.881825 0.917793 0.120620 -0.378294
-34.425860 -684.977169 -6293.538852 171795.561111 -0.433972 0.883927 0.174186 0.842640 0.466650 -0.268693 0.318789 -0.030172 0.947345
-3386.163455 -25029.992888 656977.578698 5992212.300105 0.564136 0.732577 0.380897 0.761451 -0.639973 0.103092 -0.319286 -0.231876 0.918852
-9.712774 -18.131816 -1019.645415 -1597.774627 -0.287572 0.924872 0.248824 -0.390891 -0.350513 0.851085 -0.874361 -0.147485 -0.462322
-6.867051 -17.983759 -1005.532278 411.013479 -0.318764 0.892658 0.318672 -0.390959 -0.430105 0.813732 -0.863447 -0.134801 -0.486095
-11.356684 -24.497460 -1113.586060 -2412.487738 -0.247692 0.960605 0.126046 -0.375988 -0.215211 0.901286 -0.892906 -0.175849 -0.414482
-14.490138 -42.313001 -3834.040723 267.799310 -0.006829 -0.326266 -0.945253 -0.200797 0.926469 -0.318332 0.979609 0.187630 -0.071840
3.524040 -33.394669 -3481.853686 1569.054410 -0.058332 -0.084115 -0.994747 -0.354016 0.933429 -0.058171 0.933419 0.348763 -0.084227
9.262273 -37.697509 -4458.195172 1436.266392 -0.057438 -0.027203 -0.997978 -0.249252 0.968364 -0.012051 0.966734 0.248056 -0.062401
8.203333 -39.986182 -4751.553567 416.297470 -0.049475 -0.058976 -0.997033 -0.166707 0.984739 -0.049976 0.984765 0.163739 -0.058551
-1.399638 -43.469201 -4929.059143 829.763967 -0.019661 -0.174158 -0.984521 -0.118740 0.978149 -0.170660 0.992731 0.113546 -0.039911
7.182975 -38.451585 7399.638223 -1132.376432 -0.361597 0.881956 0.302327 0.397839 -0.147304 0.905553 -0.843191 -0.447723 0.297611
-5.511210 -37.324660 1232.538113 -953.363957 -0.452165 0.864235 0.220555 0.274427 -0.100482 0.956344 -0.848667 -0.492952 0.191735
2326.605445 -22565.953260 -1080924.404564 -6140200.689891 0.431854 0.181511 0.883491 -0.384289 0.923211 -0.001830 -0.815981 -0.338725 0.468445
-300.528737 -611.267325 -61062.924509 170319.654709 0.557570 -0.358657 -0.748653 0.776728 -0.092840 0.622956 -0.292932 -0.928841 0.226814
-318.659553 -930.077277 25822.520955 245085.746967 0.013173 -0.411103 0.911494 0.317485 0.866122 0.386051 -0.948172 0.284300 0.141929
-258.338461 -2598.873685 67631.802473 -958361.679230 0.619052 0.626215 0.473951 -0.519208 -0.126452 0.845241 -0.589235 0.769328 -0.246855
-483.251844 -993.176331 120346.427857 -352887.286117 0.673184 0.562296 0.480256 -0.492925 -0.142903 0.858256 -0.551224 0.814495 -0.180969
-24.932048 -933.126762 -6109.013691 -287457.839973 -0.754876 -0.193993 -0.626521 0.183229 0.854844 -0.485457 0.629753 -0.481257 -0.609756
0.189274 -709.198181 -4502.158334 -125595.707527 -0.725746 -0.266149 -0.634395 -0.059252 0.942891 -0.327789 0.685406 -0.200302 -0.700070
-27.933632 -789.718359 5120.285349 -196867.114659 0.755504 0.150343 0.637660 0.494056 0.508468 -0.705244 0.430259 -0.847854 -0.309872
-17.396211 -1468.923224 -4914.604532 -417679.604787 0.870422 0.271239 0.410847 0.323870 0.313033 -0.892815 0.370775 -0.910187 -0.184624
-56.231234 -80.122087 1548.706194 -71.860600 0.361656 0.921234 -0.143293 0.836391 -0.252690 0.486413 -0.411892 0.295763 0.861899
-48.471289 -70.865515 1094.061810 4074.282504 0.715198 0.679184 -0.164924 0.692499 -0.656700 0.298647 -0.094531 0.327802 0.940005
-50.298661 -76.328251 167.709381 1458.735799 -0.559010 -0.817090 0.140966 0.783893 -0.465391 0.411002 -0.270222 0.340256 0.900670
5.643883 -39.891005 -279.445058 5961.685795 0.606839 0.664480 0.436134 -0.241778 0.677037 -0.695100 -0.757159 0.316366 0.571509
9.012661 -52.959319 -220.620840 -7069.473170 0.588555 0.714332 0.378594 0.374161 -0.655796 0.655694 -0.716663 0.244256 0.653247
15.721451 -47.798480 -7404.719202 732.101846 0.603415 -0.747329 0.278192 0.760948 0.435325 -0.481093 0.238431 0.501988 0.831360
18.399075 -47.656402 -6566.283235 59.941963 0.592743 -0.763815 0.255428 0.792284 0.496010 -0.355331 0.144712 0.412991 0.899165
-5.708082 -40.223282 -295.323273 -485.676444 0.634483 0.723913 -0.270889 0.724633 -0.679056 -0.117428 0.268957 0.121789 0.955421
-3.996052 -39.721414 392.068021 374.183861 0.675215 0.680881 -0.283699 -0.688047 0.720008 0.090449 0.265850 0.134126 0.954638
-3.002626 -45.080832 -382.250820 931.884710 0.619790 0.741742 -0.256278 0.698997 -0.670235 -0.249376 0.356739 0.024577 0.933881
-6.362721 -39.539614 -633.081612 -2293.271002 -0.639554 -0.712950 0.287529 0.749254 -0.661787 0.025623 0.172014 0.231820 0.957429
-6.959107 -40.596153 677.464978 -2126.362162 -0.608856 -0.750089 0.258187 0.778401 -0.627650 0.012166 0.152925 0.208380 0.966018
-4.430918 -40.766864 -769.193673 -1315.317120 0.596096 0.765568 -0.242024 0.769672 -0.630675 -0.099268 0.228635 0.127106 0.965179
-2.202953 -69.772571 -317.862903 -370.630582 0.653964 0.604854 -0.454403 -0.012512 0.609211 0.792910 0.756422 -0.512849 0.405970
-2.936527 -68.174678 -945.726539 1235.618220 0.662489 0.566445 -0.490151 -0.170563 -0.523085 -0.835039 0.729395 -0.636806 0.249924
-5.863574 -65.285735 -98.227816 494.320650 0.644683 0.572732 -0.506322 -0.234732 -0.482027 -0.844127 0.727520 -0.663044 0.176316
59.572230 -84.891534 16741.854364 -464.785198 -0.259552 0.784111 0.563739 0.899255 -0.016595 0.437110 0.352098 0.620398 -0.700809
3.780889 -87.993122 4516.560640 -2995.068563 -0.176677 0.804912 0.566482 0.853869 -0.160936 0.494981 0.489584 0.571154 -0.658856
-11.263007 -62.708659 -261.797592 1535.694374 0.509344 0.705621 -0.492613 0.813070 -0.207052 0.544102 0.281934 -0.677664 -0.679180
-11.158493 -62.259682 -846.133248 -916.528109 0.497682 0.692429 -0.522355 0.865899 -0.361704 0.345527 0.050315 -0.624269 -0.779587
-9.802616 -62.112045 794.952592 1955.552077 0.526400 0.713590 -0.462268 0.806839 -0.247766 0.536305 0.268168 -0.655287 -0.706176
-2.964785 -162.565841 -1760.071102 9546.800427 -0.114227 -0.472036 -0.874148 0.706077 0.580410 -0.405684 0.698861 -0.663556 0.266995
-8.316052 -102.154184 -2076.949785 2916.155897 0.128889 0.958967 0.252527 -0.755618 0.259887 -0.601249 0.642207 0.113319 -0.758109
-11.261620 -101.223860 -2145.256931 436.866872 0.130716 0.953315 0.272219 -0.687629 0.284976 -0.667799 0.714199 0.099893 -0.692778
-13.220061 -273.802676 379.580144 -38189.667544 0.299619 0.446942 0.842895 0.910287 0.130616 -0.392833 -0.285669 0.884976 -0.367710
13.099195 -83.092350 2232.363125 826.185180 0.547666 0.509704 0.663524 -0.318491 0.860324 -0.398002 -0.773709 0.006646 0.633507
-71.393974 -2383.860718 83363.916944 676834.215566 0.056481 -0.531384 -0.845246 0.343751 0.805186 -0.483229 0.937361 -0.263261 0.228142
46.952947 -1869.837647 -42059.052445 4246757.093970 0.163413 -0.512224 -0.843162 -0.169911 0.827267 -0.535498 0.971816 0.230770 0.048153
-19.747589 -8473.730045 -11621.376861 13611659.714887 -0.185715 -0.493373 -0.849761 0.982207 -0.117788 -0.146273 -0.027924 -0.861806 0.506469
-3.374930 -6.053157 -1044.477375 -713.978174 -0.173083 0.597662 -0.782843 0.240519 0.796423 0.554852 0.955088 -0.092253 -0.281596
-3.416567 -6.235050 -2592.462397 -227.610826 0.143193 0.970032 0.196300 -0.227949 0.225336 -0.947240 0.963086 -0.090892 -0.253384
9.608798 -10.270298 -4216.847002 -830.099568 0.065171 0.988973 -0.132988 -0.279769 -0.109818 -0.953766 0.957853 -0.099364 -0.269527
-2.561692 -65.480346 1217.565749 -2511.209302 0.388818 0.845573 -0.365824 -0.006393 0.399534 0.916696 -0.921292 0.354089 -0.160752
-318.176288 -518.879860 1327.181197 116307.072743 0.887032 0.025468 -0.461005 -0.446241 -0.208980 -0.870170 0.118502 -0.977588 0.174007
-129.987900 -367.155574 -20787.470171 74950.028055 0.449834 -0.082521 -0.889292 0.790504 -0.426599 0.439450 -0.415634 -0.900669 -0.126666
-241.209634 -283.894014 11717.094612 71996.411337 -0.243629 0.756846 -0.606490 -0.638982 0.345174 0.687428 -0.729621 -0.555014 -0.399517
-49.127054 -58.484947 -4038.148725 -597.478770 -0.132643 0.961607 0.240245 -0.945941 -0.050436 -0.320393 0.295976 0.269755 -0.916314
-44.476821 -59.065378 -3239.649773 1281.190751 -0.015634 0.984750 0.173272 -0.975887 0.022706 -0.217094 0.217718 0.172488 -0.960649
-49.811929 -59.277055 -3630.042291 -1860.994405 -0.116458 0.952294 0.282087 0.987564 0.080826 0.134848 0.105615 0.294283 -0.949865
-44.587884 -57.863378 -2822.667716 -2173.620239 -0.047463 0.984482 0.168946 -0.923294 0.021300 -0.383504 0.381151 0.174189 -0.907955
-55.284607 -60.393476 -1709.310247 -666.943399 -0.404541 0.867233 0.290263 0.884269 0.289975 0.366036 0.233270 0.404747 -0.884175
-53.944874 -58.625890 -3314.046257 -1569.218968 -0.449417 0.879993 0.153743 -0.796931 -0.317179 -0.514100 0.403641 0.353567 -0.843839
-49.568976 -56.536129 -3494.529760 -3047.577357 -0.253451 0.958059 0.133735 -0.842856 -0.150868 -0.516559 0.474717 0.243642 -0.845743
263.029333 -92.665120 -68090.447527 -7410.679762 -0.232781 0.588945 0.773923 0.753553 0.612289 -0.239290 -0.614793 0.527490 -0.586331
314.574241 -69.521283 -75895.163042 -7358.414748 -0.115904 0.410847 0.904307 0.745273 0.637833 -0.194261 -0.656609 0.651439 -0.380121
90.573390 -86.995177 -14506.027755 4867.594859 -0.227303 0.691548 0.685635 -0.684063 -0.614492 0.393010 -0.693102 0.379685 -0.612738
0.242204 -34.242915 -1531.416900 -245.928275 -0.279670 0.598865 -0.750430 0.007336 0.782930 0.622067 0.960068 0.168469 -0.223356
-11.940541 -33.358902 -1467.271981 4569.344853 -0.276102 0.758697 -0.590039 -0.231367 -0.648316 -0.725366 0.932865 0.063759 -0.354538
-6.500614 -36.139177 -1568.052923 1686.901786 -0.284538 0.722391 -0.630230 -0.102960 -0.676629 -0.729090 0.953120 0.142565 -0.266904
785.331525 -70.069624 -222186.943404 -1667.126501 -0.284666 -0.540642 -0.791626 0.891037 -0.453810 -0.010483 -0.353581 -0.708352 0.610916
46.911686 -45.242720 15600.541013 -174.854810 -0.199591 0.917395 0.344312 0.810323 -0.043038 0.584400 -0.550944 -0.395645 0.734796
201.047280 -38.129011 54611.193588 -6676.974150 0.116319 0.862673 0.492204 0.894136 -0.306713 0.326264 -0.432425 -0.402147 0.807023
-7.369337 -55.206655 473.205687 1209.164455 0.681519 -0.715563 -0.153304 0.709361 0.594484 0.378676 -0.179830 -0.366823 0.912744
-7.582520 -56.957647 879.325780 928.637814 0.675466 -0.717417 -0.170465 0.684023 0.523261 0.508242 -0.275424 -0.459902 0.844175
13.672560 -120.265567 556.390346 -11781.067509 0.691353 -0.696028 -0.193846 0.722480 0.663230 0.195319 -0.007383 -0.275084 0.961392
