17019
34030
-62.496365 -97.145190 776.906757 -15525.576016 0.228847 0.604213 0.763253 -0.662607 0.671078 -0.332575 -0.713149 -0.429628 0.553930
-64.906349 -109.799285 -360.610169 -12819.527274 0.269885 0.606748 0.747675 -0.577429 0.723360 -0.378584 -0.770544 -0.329555 0.545578
-79.678433 -123.584089 1955.653332 21947.049338 0.011750 0.804806 0.593422 0.603255 -0.479003 0.637683 -0.797462 -0.350492 0.491131
-54.569726 -91.257296 -1524.296134 -11130.995566 0.456387 0.444538 0.770777 -0.559004 0.817205 -0.140322 -0.692261 -0.366827 0.621460
-59.827004 -115.162652 -7733.565488 34664.872449 -0.131324 0.808177 0.574112 0.712863 -0.325459 0.621211 -0.688898 -0.490842 0.533379
-53.528583 -78.314154 -3226.209925 -16300.372662 0.285672 0.543109 0.789572 -0.714895 0.669467 -0.201841 -0.638214 -0.506800 0.579514
68.426089 -118.673700 6618.208437 -16550.426866 0.088089 -0.528860 -0.844125 0.760304 0.583197 -0.286042 0.643567 -0.616594 0.453467
94.631205 -139.590335 17541.117039 -6048.389809 0.181772 -0.553270 -0.812927 0.677861 0.669390 -0.304009 0.712365 -0.495791 0.496717
78.446641 -145.853633 15874.109917 -21860.706883 0.067418 -0.532613 -0.843669 0.651096 0.664208 -0.367289 0.755995 -0.524548 0.391562
69.269087 -141.931538 3731.269733 -26221.928221 -0.022462 -0.522976 -0.852052 0.677919 0.618431 -0.397454 0.734794 -0.586549 0.340644
84.999814 -168.198517 6707.459941 -24922.069732 0.014800 -0.547186 -0.836880 0.509185 0.724443 -0.464665 0.860530 -0.419249 0.289341
-68.439372 -92.563247 1292.742811 -9442.090290 0.117901 -0.511546 -0.851129 0.840744 0.507532 -0.188575 0.528440 -0.693348 0.489918
-62.954736 -86.542652 1557.551938 -7342.582258 0.084128 -0.522982 -0.848182 0.894066 0.415447 -0.167482 0.439965 -0.744240 0.502531
-65.878018 -102.650544 5488.296217 -11380.113726 -0.057689 -0.545202 -0.836318 0.817699 0.454794 -0.352889 0.572748 -0.704214 0.419574
-68.759219 -101.198574 2414.858845 -9940.435204 -0.070610 0.596419 0.799561 0.789211 0.523619 -0.320888 0.610049 -0.608365 0.507674
29.967175 -72.100258 -11473.060408 1982.683245 -0.068887 -0.228634 -0.971072 0.843325 0.506675 -0.179119 0.532971 -0.831268 0.157909
32.393765 -67.754764 10154.183097 990.418881 -0.123886 -0.120290 -0.984979 0.852499 0.495103 -0.167687 0.507837 -0.860467 0.041211
34.418222 -70.076292 259.092315 2944.283579 -0.082156 -0.151577 -0.985025 0.899994 0.413261 -0.138657 0.428090 -0.897908 0.102467
59.572092 -96.912540 3120.107183 -13711.834148 -0.157422 -0.034524 -0.986928 0.980510 0.113496 -0.160368 0.117549 -0.992938 0.015984
63.430433 -71.396119 -253.464047 -12193.980921 -0.253918 -0.162219 -0.953525 0.958555 0.089502 -0.270484 0.129220 -0.982687 0.132770
58.856494 -81.678370 961.510768 -5857.222531 -0.182585 -0.123937 -0.975347 0.959571 0.193673 -0.204242 0.214212 -0.973206 0.083565
49.836584 -68.876632 -4144.561999 -5514.506057 -0.229709 -0.227212 -0.946366 0.941117 0.195974 -0.275486 0.248057 -0.953923 0.168816
-4.845148 -66.989321 5058.004875 -14672.737482 -0.543813 0.016203 -0.839050 0.830904 -0.129896 -0.541041 -0.117755 -0.991395 0.057176
-5.815095 -65.831779 5995.152702 -2060.182924 -0.534432 0.013602 -0.845102 0.831235 -0.172623 -0.528441 -0.153072 -0.984894 0.080949
-5.528234 -66.387859 -1413.377270 -410.681948 -0.547442 -0.002911 -0.836839 0.826584 -0.157992 -0.540183 -0.130641 -0.987436 0.088897
-3.248075 -69.257211 -602.767388 -14052.297764 -0.558524 0.003784 -0.829480 0.823820 -0.114182 -0.555233 -0.096812 -0.993453 0.060656
-4.975869 -66.883072 -7060.733880 -5.686565 -0.534055 -0.020440 -0.845202 0.838442 -0.141249 -0.526368 -0.108625 -0.989763 0.092573
-6.599159 -64.107487 -5234.124020 11711.452364 -0.547294 -0.019450 -0.836715 0.824065 -0.187208 -0.534668 -0.146240 -0.982128 0.118486
-8.744938 -111.484484 -1969.217135 21908.110781 0.314311 0.107695 0.943192 -0.252126 0.967333 -0.026433 -0.915228 -0.229495 0.331196
-9.221076 -98.535481 -3008.726432 -4785.847315 0.314752 0.089420 0.944953 -0.441205 0.895245 0.062244 -0.840398 -0.436509 0.321232
-12.879989 -105.117978 -2057.590456 21765.099251 0.333193 0.107200 0.936745 -0.257684 0.966044 -0.018897 -0.906963 -0.235088 0.349502
-9.884784 -105.374453 -2262.928542 7220.401246 0.311886 0.122151 0.942235 -0.204575 0.977074 -0.058952 -0.927834 -0.174372 0.329725
-20.684696 -142.271407 3063.425782 -24914.813587 0.289444 0.041113 0.956312 -0.403561 0.911183 0.082971 -0.867964 -0.409945 0.280328
-16.755075 -155.334504 14104.986573 -20131.926122 0.330621 0.098957 0.938561 -0.278878 0.960322 -0.003013 -0.901619 -0.260748 0.345099
-26.859049 -158.838160 2297.543961 -39545.247246 0.251451 0.086124 0.964031 -0.338251 0.941047 0.004156 -0.906840 -0.327129 0.265759
-31.742912 -158.290745 -2230.532634 -30843.299361 0.213133 0.077223 0.973967 -0.417120 0.908648 0.019234 -0.883507 -0.410360 0.225874
-35.159970 -176.888481 -2197.459306 -27871.308989 0.166542 0.156663 0.973509 -0.238751 0.964326 -0.114341 -0.956693 -0.213384 0.198005
-27.619594 -125.070475 2129.602144 -4495.898745 -0.116758 -0.185995 -0.975589 -0.184191 0.969321 -0.162757 0.975931 0.160691 -0.147434
-24.589108 -125.902043 -6730.032690 -1561.910983 -0.055028 -0.186926 -0.980832 -0.317846 0.934500 -0.160264 0.946544 0.302935 -0.110837
-25.916028 -127.050320 -8222.861307 -886.015922 -0.045529 -0.183982 -0.981875 -0.138757 0.974531 -0.176172 0.989279 0.128221 -0.069898
-27.236098 -128.690916 3229.457920 -3203.759900 -0.124537 -0.203603 -0.971101 -0.387484 0.910982 -0.141306 0.913426 0.358688 -0.192343
-26.819513 -123.793262 -48.966205 -2533.124673 -0.101449 -0.187909 -0.976933 -0.024274 0.982175 -0.186396 0.994545 0.004804 -0.104202
-28.251231 -125.997518 4494.473129 -3290.788597 -0.161797 -0.195694 -0.967226 -0.212959 0.963969 -0.159411 0.963572 0.180187 -0.197642
-28.956159 -123.265895 5080.309813 -1813.711980 -0.163291 -0.190142 -0.968082 -0.035351 0.981750 -0.186864 0.985944 0.003709 -0.167032
7.410569 -158.661467 -961.610074 -5228.626510 -0.043571 0.249860 0.967301 0.997690 -0.039630 0.055176 0.052120 0.967471 -0.247556
10.277517 -154.016498 1209.526053 -7601.912165 -0.048912 0.237880 0.970062 0.978613 0.205706 -0.001100 -0.199810 0.949262 -0.242855
10.790093 -155.763977 2435.574019 -5838.904426 -0.070456 0.228352 0.971026 0.997194 0.040821 0.062755 -0.025308 0.972722 -0.230588
7.667303 -154.379631 -1614.538539 -1984.146602 -0.065322 0.246857 0.966848 0.981307 -0.159883 0.107121 0.181026 0.955771 -0.231798
-1.022438 -158.158227 -3620.009028 3257.084065 -0.032124 0.250432 0.967601 0.936249 -0.331341 0.116840 0.349867 0.909669 -0.223822
-1.641009 -160.984460 6886.856325 538.024398 -0.021670 0.192164 0.981124 0.976591 -0.206002 0.061917 0.214011 0.959498 -0.183202
804.614172 -27.010310 -289148.080484 16759.671012 -0.515696 0.652332 -0.555446 -0.462350 0.333915 0.821421 -0.721311 -0.680414 -0.129408
1474.373088 -107.932216 734612.458159 -5313.174066 0.637585 -0.406461 0.654428 0.549905 -0.354806 -0.756120 -0.539528 -0.841964 0.002704
2899.736991 211.909636 -420607.864581 99258.598943 -0.198124 0.971122 -0.132927 -0.448551 0.030754 0.893228 -0.871521 -0.236595 -0.429505
1632.316369 173.887134 544066.945930 57156.052463 -0.024855 0.945212 -0.325510 -0.547856 0.259482 0.795313 -0.836203 -0.198100 -0.511391
822.689431 42.404025 227682.110999 32670.644415 0.249227 0.965107 0.080333 -0.479752 0.050981 0.875922 -0.841263 0.256843 -0.475718
76.286791 -92.017062 4286.828648 -23737.577797 -0.238319 0.038830 -0.970410 0.970374 -0.031364 -0.239565 -0.039738 -0.998754 -0.030205
75.692332 -124.221291 -1675.229166 -32963.669930 -0.127843 0.161735 -0.978518 0.988349 -0.061394 -0.139275 -0.082601 -0.984923 -0.152001
87.791668 -76.364855 4853.299285 -23401.990974 -0.316202 0.079984 -0.945314 0.935964 -0.136372 -0.324613 -0.154879 -0.987423 -0.031741
84.876471 -60.478694 -1046.615733 -19099.706580 -0.382518 -0.067280 -0.921495 0.921357 -0.102413 -0.374984 -0.069145 -0.992464 0.101164
72.238108 -74.483200 -2291.250088 -19036.255817 -0.280478 -0.100888 -0.954544 0.959543 -0.003909 -0.281534 0.024673 -0.994890 0.097903
-27.706954 -92.632771 1039.397503 22068.157223 0.311883 0.383751 0.869174 0.729457 0.489446 -0.477845 -0.608787 0.783057 -0.127280
-24.733540 -69.430536 1110.361557 20478.459169 0.342361 0.390291 0.854671 0.772674 0.400588 -0.492446 -0.534568 0.828977 -0.164422
-28.520660 -68.475239 -222.638065 15292.507986 0.264906 0.393472 0.880343 0.789981 0.434968 -0.432125 -0.552951 0.809927 -0.195610
-31.566534 -98.891014 -559.913234 25397.778899 0.237494 0.389063 0.890071 0.744800 0.515287 -0.423972 -0.623594 0.763616 -0.167397
-34.450752 -117.783996 343.867368 25809.777381 0.263072 0.362309 0.894162 0.676595 0.591408 -0.438697 -0.687759 0.720394 -0.089554
-33.431606 -121.315651 2345.256527 20321.531303 0.295979 0.345881 0.890372 0.623024 0.636660 -0.454428 -0.724043 0.689224 -0.027054
-3.307877 -60.522577 3361.130213 5104.907183 -0.494672 -0.113104 -0.861689 0.699418 -0.640335 -0.317467 -0.515863 -0.759722 0.395863
-4.155029 -60.365395 265.951033 3855.646065 -0.506604 -0.116149 -0.854320 0.700806 -0.632663 -0.329557 -0.502219 -0.765667 0.401908
-7.099151 -66.389829 2205.268836 -5061.654210 -0.495595 -0.113051 -0.861165 0.716299 -0.613952 -0.331629 -0.491224 -0.781205 0.385250
-12.442913 -69.328073 3559.083609 29.135711 -0.485300 -0.144098 -0.862392 0.722403 -0.621727 -0.302638 -0.492562 -0.769865 0.405821
-24.018509 -135.983884 -1349.708254 -2469.540850 -0.087393 -0.215275 -0.972635 -0.593576 0.795368 -0.122706 0.800019 0.566610 -0.197292
-26.351037 -131.740130 1645.087280 -2225.045175 -0.138013 -0.228710 -0.963662 -0.516156 0.847011 -0.127102 0.845302 0.479858 -0.234949
-24.107889 -137.737766 3334.190919 -4490.882394 -0.137427 -0.254873 -0.957159 -0.680415 0.726542 -0.095771 0.719825 0.638104 -0.273266
10.731631 -209.651324 -13441.822329 37793.252522 0.294564 0.884479 -0.361842 0.302646 0.272810 0.913225 -0.906442 0.378513 0.187324
1.670425 -219.677264 -7435.146032 21496.813252 0.319820 0.888237 -0.329774 0.150344 0.296070 0.943260 -0.935474 0.351253 0.038852
0.495681 -241.009516 -8970.601825 27687.366042 0.314807 0.865599 -0.389404 0.049409 0.394762 0.917454 -0.947869 0.308061 -0.081506
-3.107386 -477.826029 566.247104 73052.282707 0.485660 0.609097 -0.627005 0.871855 -0.285601 0.397870 0.063268 -0.739887 -0.669749
-3.210031 -562.504278 -1984.696360 83010.202174 0.482804 0.594763 -0.642773 0.875720 -0.331154 0.351357 -0.003882 -0.732526 -0.680728
-1.016684 -488.238731 4586.762853 -2169.558039 0.483506 0.618732 -0.619188 0.842338 -0.521283 0.136858 -0.238094 -0.587737 -0.773225
15.800188 -46.914308 5030.400775 -10919.273823 0.065471 -0.282944 -0.956899 0.838164 -0.504773 0.206603 -0.541474 -0.815565 0.204106
30.210691 -48.240229 10777.121896 -11488.603078 0.022180 -0.276654 -0.960714 0.833204 -0.525960 0.170695 -0.552520 -0.804257 0.218843
20.828744 -60.213026 9934.711783 -9314.817280 0.024733 -0.263566 -0.964324 0.875261 -0.460361 0.148273 -0.483017 -0.847703 0.219303
-5.274107 -107.534849 -6955.639585 12995.528023 0.343589 0.841075 -0.417779 0.565437 -0.540465 -0.623040 0.749818 0.022158 0.661273
-0.781057 -98.166120 -8297.630362 9308.706492 0.368490 0.822594 -0.433075 0.450509 -0.565512 -0.690824 0.813177 -0.059458 0.578971
-9.672713 -94.206796 -8169.975298 8966.928065 0.370232 0.815388 -0.445052 0.434544 -0.575465 -0.692829 0.821036 -0.063113 0.567377
3.891043 -109.667106 -7286.857327 11164.679636 0.356918 0.836854 -0.415072 0.529052 -0.547297 -0.648513 0.769879 -0.011871 0.638080
-18.412993 -74.148151 -2357.970508 2463.526365 0.017481 0.078642 -0.996750 -0.295266 0.952847 0.070000 0.955255 0.293083 0.039876
-22.196568 -75.233279 -1964.285261 -6278.822600 0.039203 0.017248 -0.999082 -0.150180 0.988596 0.011174 0.987881 0.149604 0.041346
-23.777984 -72.175343 -3907.998889 -6648.881593 -0.009694 0.100453 -0.994895 -0.183126 0.977936 0.100526 0.983042 0.183166 0.008915
-25.607895 -68.454087 -4243.930327 -7279.672866 0.015326 -0.017067 -0.999737 -0.061625 0.997937 -0.017981 0.997982 0.061884 0.014243
-25.604043 -69.208148 141.509874 -9566.775994 -0.102607 0.269207 -0.957601 -0.192836 0.939036 0.284650 0.975851 0.213867 -0.044439
-19.405546 -73.452886 -1216.505366 1576.122648 -0.060400 0.216621 -0.974385 -0.302950 0.926144 0.224676 0.951090 0.308761 0.009686
-29.535159 -65.633423 -3760.026113 -7718.394320 -0.039377 0.102782 -0.993924 -0.106842 0.988560 0.106460 0.993496 0.110385 -0.027946
36.108421 -52.196567 11803.294464 3931.347448 -0.186462 0.932726 -0.308634 0.330976 0.355417 0.874147 -0.925033 -0.060845 0.374982
20.556892 -47.821269 15621.014054 4456.140595 -0.108276 0.961733 -0.251686 0.366450 0.273958 0.889191 -0.924116 -0.004047 0.382090
27.419470 -38.687038 10769.835148 3280.274981 -0.167634 0.942672 -0.288561 0.372922 0.331588 0.866590 -0.912594 -0.037659 0.407129
35.704457 -44.096244 3418.304536 4467.523148 -0.250433 0.909403 -0.332068 0.344349 0.404240 0.847357 -0.904824 -0.097859 0.414387
42.511278 -62.401260 3350.143950 7133.901159 -0.262466 0.909881 -0.321290 0.286129 0.391375 0.874617 -0.921543 -0.137627 0.363066
-16.546170 -124.751626 -5162.913634 -4219.362554 -0.069810 -0.226851 -0.971424 0.989987 -0.135518 -0.039497 -0.122686 -0.964455 0.234040
-17.293797 -124.403959 -5738.601140 1558.450159 -0.046615 -0.255484 -0.965689 0.964707 -0.262332 0.022836 -0.259166 -0.930543 0.258695
-16.846235 -122.397506 -9779.102404 3939.810525 -0.055584 -0.249155 -0.966867 0.957380 -0.288191 0.019226 -0.283433 -0.924590 0.254555
23.867019 -192.309283 1536.213675 19824.905049 -0.176954 -0.099314 -0.979196 0.975811 0.112065 -0.187708 0.128376 -0.988725 0.077081
22.378228 -211.219037 3121.431651 1331.379924 -0.176709 -0.085241 -0.980565 0.970270 -0.182479 -0.158990 -0.165380 -0.979508 0.114952
26.232624 -198.481803 -2269.232656 19128.215237 -0.147789 -0.159677 -0.976044 0.978029 0.123116 -0.168231 0.147029 -0.979462 0.137974
63.578190 -425.327111 14465.415323 -90427.679927 0.706925 0.168558 0.686909 -0.083136 0.984258 -0.155965 -0.702385 0.053148 0.709810
70.171276 -491.077643 4435.591282 -72899.710880 0.592761 0.148465 0.791576 0.035522 0.977086 -0.209859 -0.804595 0.152515 0.573904
56.213387 -450.052989 10834.552907 60845.838026 0.677027 0.157688 0.718866 0.259214 0.863092 -0.433452 -0.688798 0.479799 0.543462
79.726199 -607.124247 22377.947176 -265856.839844 0.679726 0.179551 0.711149 -0.353262 0.929850 0.102884 -0.642789 -0.321155 0.695472
47.562813 -392.394578 7664.804749 -10430.980034 0.732495 0.161013 0.661457 0.099236 0.935995 -0.337735 -0.673501 0.313030 0.669634
58.169222 -350.649518 19047.995026 -98758.870628 0.729524 0.188151 0.657566 -0.294679 0.954073 0.053935 -0.617218 -0.233118 0.751464
42.785328 -342.548007 6227.825866 -96357.319709 0.736020 0.170594 0.655112 -0.178256 0.982415 -0.055554 -0.653069 -0.075889 0.753486
1.626540 -638.789919 -14487.975959 287283.445932 0.979233 0.173707 0.104539 -0.079005 0.801829 -0.592307 0.186710 -0.571748 -0.798902
-5.988306 -630.076963 -10830.757418 273216.263364 0.976443 0.208997 0.053667 -0.162450 0.875725 -0.454660 0.142020 -0.435231 -0.889047
-16.297655 -424.073436 -16316.976444 9531.220441 0.979078 0.192411 0.066208 -0.047938 0.534320 -0.843922 0.197757 -0.823092 -0.532365
-39.401036 -550.102257 -21698.587214 231631.260823 0.973814 0.225854 0.026001 -0.161658 0.768321 -0.619313 0.159852 -0.598893 -0.784713
-6.402273 -31.584607 4436.790974 6187.490284 0.060852 -0.212675 -0.975226 0.793100 -0.582925 0.176610 -0.606045 -0.784199 0.133200
-10.948539 -29.890802 3684.953149 6255.461575 -0.021246 -0.159155 -0.987025 0.808647 -0.583280 0.076646 -0.587910 -0.796526 0.141092
-16.812945 -41.929889 3483.964408 10169.353032 -0.178275 -0.029329 -0.983543 0.752639 -0.647936 -0.117101 -0.633839 -0.761130 0.137585
-16.449950 -47.857984 3351.963881 9839.566505 -0.141478 -0.052841 -0.988530 0.733862 -0.675794 -0.068906 -0.664402 -0.735194 0.134388
-9.402265 -56.566795 174.721800 2374.133727 0.376943 0.282837 0.881996 0.911777 0.054292 -0.407081 -0.163023 0.957630 -0.237419
-8.348275 -61.072916 544.614121 4427.419047 0.382515 0.270797 0.883375 0.901164 0.101673 -0.421386 -0.203925 0.957252 -0.205141
-8.049599 -56.244709 741.020474 1438.010346 0.369499 0.266986 0.890050 0.916446 0.053642 -0.396547 -0.153616 0.962206 -0.224857
21.491486 -35.527430 -17323.161479 -4083.385359 -0.041583 0.224890 0.973496 -0.161109 0.960080 -0.228673 -0.986060 -0.166348 -0.003691
28.556463 -34.680115 -17692.019096 1478.835427 -0.033412 0.249557 0.967784 -0.203578 0.946324 -0.251052 -0.978488 -0.205408 0.019186
4.619311 -33.247161 -11732.744339 115.486551 -0.033377 0.248994 0.967930 -0.203718 0.946442 -0.250491 -0.978461 -0.205545 0.019135
0.121050 -33.530141 -10745.985010 -5047.615019 -0.027891 0.247408 0.968510 -0.173472 0.952988 -0.248438 -0.984444 -0.174938 0.016338
71.751594 -140.409710 27714.538907 13868.353218 -0.250998 0.186224 0.949906 0.255446 0.959277 -0.120563 -0.933674 0.212389 -0.288346
103.454721 -189.288446 51672.233311 36684.771763 -0.295852 0.359879 0.884849 0.197857 0.929316 -0.311810 -0.934518 0.082824 -0.346145
154.469027 -166.111047 73776.197287 30702.965674 -0.292794 0.300562 0.907708 0.366793 0.911992 -0.183667 -0.883026 0.279164 -0.377270
116.706910 -123.043813 43183.627988 1765.865920 -0.242485 0.136302 0.960533 0.409221 0.912061 -0.026117 -0.879624 0.386738 -0.276939
82.514884 -106.632156 -5727.612353 -1874.874441 -0.249761 0.050766 0.966976 0.270918 0.962406 0.019450 -0.929636 0.266829 -0.254125
51.778690 -128.692316 -3782.568469 14495.080912 -0.242736 0.157236 0.957265 0.174968 0.977690 -0.116224 -0.954183 0.139279 -0.264832
-60.507601 -105.167776 -2134.760954 1313.234365 -0.294290 -0.492352 -0.819136 -0.038671 0.862524 -0.504537 0.954933 -0.116803 -0.272872
-55.682821 -113.361540 6230.765087 -883.520956 -0.382698 -0.567652 -0.728913 -0.144307 0.816019 -0.559722 0.912534 -0.109018 -0.394205
-61.776358 -106.048340 -2667.972398 2135.991869 -0.276072 -0.619285 -0.735031 -0.240451 0.784934 -0.571018 0.930574 0.019096 -0.365606
-2.246842 -68.321145 -5530.861297 2260.631476 0.321812 0.072309 0.944038 0.940063 -0.143165 -0.309491 0.112775 0.987054 -0.114047
-4.357375 -61.944863 -5866.775211 1726.314207 0.307677 0.076420 0.948417 0.926916 -0.249148 -0.280627 0.214850 0.965446 -0.147492
4.458782 -64.722665 -7993.842038 2468.066325 0.320365 0.086107 0.943373 0.933820 -0.196073 -0.299224 0.159204 0.976802 -0.143223
4.804722 -71.397942 -4718.070212 5649.801210 0.345455 0.075065 0.935428 0.936504 -0.091491 -0.338510 0.060173 0.992973 -0.101905
-40.368407 -62.908382 -2875.880641 -1759.387657 -0.394612 0.601716 -0.694420 0.419924 0.790310 0.446177 0.817279 -0.115537 -0.564540
-37.600479 -64.727584 -3106.291675 2699.206949 -0.343103 0.676180 -0.651967 0.507390 0.717540 0.477170 0.790465 -0.167083 -0.589277
-38.621499 -65.668194 -7018.220399 994.242583 -0.358446 0.682279 -0.637190 0.505562 0.715663 0.481905 0.784808 -0.149402 -0.601461
-36.234942 -59.751441 -1861.121639 2165.023514 -0.316143 0.677271 -0.664347 0.445161 0.724286 0.526537 0.837786 -0.129280 -0.530473
-39.563701 -58.082744 -1794.988299 -1405.534776 -0.385232 0.547720 -0.742697 0.333364 0.833062 0.441449 0.860503 -0.077528 -0.503512
-6.677312 -108.211732 972.179600 -19706.653153 0.476397 0.218133 0.851742 0.211948 0.911676 -0.352029 -0.853302 0.348230 0.388087
-6.099479 -107.690701 2035.706668 -18365.896991 0.488036 0.205409 0.848309 0.216758 0.912943 -0.345761 -0.845480 0.352621 0.401026
-6.082595 -100.293746 1181.518667 304.903755 0.474891 0.207786 0.855163 0.368132 0.835720 -0.407494 -0.799348 0.508328 0.320383
-7.597318 -101.413801 135.803331 -4142.135898 0.452872 0.215020 0.865259 0.329663 0.861321 -0.386585 -0.828389 0.460318 0.319184
-5.965379 -107.514567 647.222017 21675.525913 0.469787 0.235511 0.850785 0.500073 0.723214 -0.476328 -0.727480 0.649227 0.221984
-4.199306 -105.790438 1006.449725 22795.259643 0.477251 0.223504 0.849869 0.529609 0.698593 -0.481126 -0.701246 0.679716 0.215034
11.037606 -146.477426 -9302.542592 24492.185231 -0.550365 -0.093253 -0.829700 -0.431946 0.882222 0.187366 0.714508 0.461506 -0.525824
8.646883 -138.927385 -3829.899956 34723.406989 -0.573969 -0.071417 -0.815757 -0.502788 0.817036 0.282235 0.646346 0.572147 -0.504861
14.828399 -121.471716 3888.479151 -14484.942358 0.560524 0.150122 0.814418 0.588550 -0.764063 -0.264230 0.582599 0.627433 -0.516630
16.853079 -135.974123 -627.934684 24981.837975 -0.596234 -0.150161 -0.788642 -0.464787 0.865539 0.186589 0.654582 0.477801 -0.585857
18.649645 -109.906011 600.328398 15642.996459 0.589631 0.187735 0.785551 -0.583998 0.770961 0.254098 0.557926 0.608584 -0.564220
13.638298 -114.910463 5873.998662 7356.060626 0.537266 0.156099 0.828841 0.663911 -0.684352 -0.301470 0.520160 0.712247 -0.471315
15.929553 -113.711340 2991.359442 7948.681365 0.554477 0.187861 0.810718 0.660172 -0.692427 -0.291063 0.506684 0.696601 -0.507955
18.157503 -105.767552 1557.162787 636.625755 0.573324 0.188102 0.797444 0.631181 -0.721973 -0.283489 0.522408 0.665862 -0.532651
3.353764 -158.037342 -9453.997598 1820.991616 -0.453157 -0.049754 -0.890041 -0.570094 0.783746 0.246446 0.685304 0.619085 -0.383525
-2.825374 -154.685483 6416.408492 -79.598565 0.464677 0.071704 0.882572 0.635281 -0.721326 -0.275874 0.616841 0.688874 -0.380736
5.899912 -154.509474 7783.654937 -1455.528591 0.451487 0.064972 0.889909 0.716657 -0.620563 -0.318282 0.531565 0.781460 -0.326739
-4.841442 -221.133046 2167.978344 10388.307315 -0.833850 -0.164078 -0.527041 -0.307056 0.931318 0.195866 0.458706 0.325154 -0.826961
-5.029023 -224.347749 -197.299388 -12926.863127 -0.832008 -0.132006 -0.538829 -0.123944 0.990958 -0.051389 0.540741 0.024028 -0.840846
-3.931152 -234.497423 3604.288741 -905.080946 -0.848508 -0.138291 -0.510793 -0.184659 0.981951 0.040896 0.495918 0.129024 -0.858731
0.579426 -239.293941 5668.637289 21054.335736 -0.851259 -0.156862 -0.500752 -0.324786 0.907024 0.267995 0.412155 0.390770 -0.823059
-1.349985 -225.262108 -4879.233394 20798.883595 0.842716 0.173321 0.509695 -0.360857 0.884443 0.295878 0.399514 0.433268 -0.807878
-4.434172 -242.650191 4181.593570 -12260.517593 -0.848290 -0.091147 -0.521628 0.017187 0.979816 -0.199160 0.529253 -0.177911 -0.829602
-0.847841 -255.348297 1656.553913 8249.064912 -0.846153 -0.116651 -0.520017 -0.155560 0.987320 0.031644 0.509732 0.107669 -0.853569
-12.434875 -156.665351 -1297.910183 -8712.260819 -0.494956 -0.077997 -0.865410 -0.456156 0.871008 0.182389 0.739554 0.485037 -0.466690
-11.766963 -148.945955 737.158426 -13543.245230 -0.530320 -0.094270 -0.842540 -0.311268 0.946044 0.090070 0.788589 0.310022 -0.531050
-11.419315 -153.718806 1061.588798 -2964.025740 -0.531703 -0.085801 -0.842574 -0.476815 0.852537 0.214077 0.699957 0.515576 -0.494208
-14.453186 -153.485874 2165.348422 -1659.016807 -0.568564 -0.099770 -0.816567 -0.470143 0.853949 0.223016 0.675056 0.510702 -0.532431
-12.054151 -155.257652 2.878170 -5306.925472 0.520196 0.064847 0.851581 0.584291 -0.754264 -0.299483 0.622896 0.653361 -0.430255
-10.083310 -154.176276 -2944.071982 -8406.740817 0.549723 0.089970 0.830488 0.592620 -0.742680 -0.311814 0.588733 0.663575 -0.461586
430.147458 -31.222755 -200804.502640 2160.215503 -0.362182 0.363577 -0.858275 0.928850 0.217685 -0.299750 0.077851 -0.905773 -0.416551
12967.023710 -919.006150 -7086880.060066 -273486.358779 -0.166213 0.683520 -0.710755 0.984113 0.069368 -0.163429 -0.062403 -0.726628 -0.684191
1683.139821 -78.052731 -849822.129336 -32826.050451 -0.138336 0.770140 -0.622694 0.966468 -0.032368 -0.254739 -0.216340 -0.637054 -0.739838
674.748227 -37.896837 -301450.137669 -13299.607842 -0.355059 0.336996 -0.871990 0.934109 0.090915 -0.345217 -0.037060 -0.937106 -0.347071
-27.769197 -63.623122 5271.231255 -1639.900463 0.009752 0.355345 0.934684 0.877763 -0.450794 0.162224 0.478996 0.818849 -0.316305
-30.481318 -63.495656 4288.895035 935.200353 0.024924 0.379232 0.924966 0.894080 -0.422371 0.149078 0.447214 0.823277 -0.349591
-20.666123 -66.263218 7245.890945 1042.306793 -0.017280 0.345436 0.938283 0.913690 -0.375643 0.155122 0.406044 0.859981 -0.309130
-24.454142 -64.161245 5083.974326 -1266.356674 -0.028498 0.351480 0.935762 0.861522 -0.466106 0.201310 0.506920 0.811916 -0.289525
-2.934180 -142.598947 -2411.406155 382.109777 -0.793845 0.005621 -0.608094 0.299708 0.873697 -0.383182 0.529137 -0.486437 -0.695265
-1.384310 -136.725952 969.363646 92.812512 0.805890 -0.026141 0.591488 0.326302 0.853218 -0.406872 0.494033 -0.520898 -0.696130
-1.958265 -139.494121 -1431.463962 -2341.472192 -0.810295 0.003404 -0.586012 0.249697 0.906671 -0.339998 0.530163 -0.421824 -0.735522
-3.107007 -145.152440 -2281.682774 -5777.439743 -0.802778 -0.027829 -0.595628 0.164524 0.949796 -0.266121 0.573131 -0.311631 -0.757897
-7.549881 -138.896785 2860.526558 -4624.792320 -0.811761 -0.011111 -0.583884 0.193470 0.938242 -0.286831 0.551011 -0.345802 -0.759479
11.754326 -107.978137 -1119.746100 -13118.457894 -0.562167 -0.104455 -0.820401 0.820515 0.053764 -0.569091 0.103552 -0.993075 0.055482
11.051545 -115.317448 -1301.934523 -14666.281892 -0.566633 -0.105120 -0.817237 0.814781 0.076228 -0.574735 0.122713 -0.991534 0.042456
11.717862 -109.296692 156.121025 -7355.252061 -0.603951 -0.090730 -0.791840 0.771475 0.182973 -0.609383 0.200175 -0.978922 -0.040511
9.818903 -122.491847 -1073.140706 -3924.602829 -0.598534 -0.116371 -0.792600 0.758171 0.237240 -0.607367 0.258717 -0.964456 -0.053767
12.812431 -117.757087 -490.551618 4116.251006 -0.634477 -0.116056 -0.764179 0.676680 0.394410 -0.621728 0.373555 -0.911577 -0.171712
12.761812 -111.266033 1620.123228 -56.578238 -0.648894 -0.085925 -0.756012 0.687805 0.358639 -0.631112 0.325364 -0.929513 -0.173619
12.306732 -106.515129 -1628.719606 -1452.786917 -0.629845 -0.104316 -0.769684 0.715667 0.307164 -0.627273 0.301853 -0.945922 -0.118810
29.766442 -383.882405 8446.872746 -135087.253837 0.969519 0.145220 0.197345 -0.232692 0.293476 0.927214 -0.076734 0.944872 -0.318322
31.536930 -391.706891 3273.592531 -23543.069734 0.961350 0.179332 0.208918 -0.179834 -0.165591 0.969659 -0.208486 0.969752 0.126941
26.633027 -349.188358 308.579715 -91601.554712 0.957071 0.204217 0.205694 -0.231808 0.113244 0.966147 -0.174010 0.972354 -0.155721
20.807526 -348.653926 9607.713458 -109396.149540 0.972287 0.150059 0.179276 -0.217710 0.301677 0.928221 -0.085205 0.941527 -0.325986
23.266241 -382.157089 9785.018241 -43750.912790 0.970790 0.141691 0.193625 -0.189790 -0.040228 0.981000 -0.146788 0.989093 0.012161
34.520697 -272.746430 4916.144495 -78400.801638 0.970605 0.188560 0.149572 -0.215578 0.404782 0.888638 -0.107017 0.894761 -0.433532
-25.119079 -78.481362 1104.253756 -4269.925827 0.987702 -0.068648 0.140474 -0.123333 0.210121 0.969865 0.096096 0.975262 -0.199070
-24.754229 -80.761535 908.602661 -2364.326627 0.983911 -0.064028 0.166790 -0.158380 0.119390 0.980134 0.082669 0.990781 -0.107329
-27.505814 -79.859583 2832.209411 -1981.479364 0.981066 -0.111952 0.158039 -0.145459 0.112846 0.982908 0.127873 0.987285 -0.094425
-24.676195 -86.469965 -628.056704 -1672.952230 0.981113 -0.055505 0.185299 -0.184713 0.015553 0.982669 0.057425 0.998337 -0.005007
11.969285 -336.984858 -1920.800345 50473.136421 0.933510 0.228480 0.276325 0.313741 -0.893587 -0.321045 -0.173568 -0.386393 0.905856
9.410123 -575.913423 -13029.688256 241790.965753 0.922123 0.260093 0.286428 0.342546 -0.893008 -0.291888 -0.179864 -0.367271 0.912557
13.639669 -361.553021 -4957.846837 92191.872112 0.941705 0.194401 0.274590 0.321050 -0.763264 -0.560673 -0.100589 -0.616146 0.781182
9.794270 -327.670707 4391.406464 54139.596057 0.941976 0.217260 0.255890 0.320662 -0.807858 -0.494511 -0.099285 -0.547871 0.830650
9.595861 -401.291568 -472.285202 82956.962416 0.924017 0.269569 0.271156 0.324809 -0.927568 -0.184708 -0.201724 -0.258747 0.944647
25.871602 -383.371598 14055.090596 96571.500984 0.843426 0.243559 0.478865 -0.460624 -0.130921 0.877887 -0.276510 0.961009 -0.001767
13.861631 -281.891352 11504.157715 22808.402035 0.894014 0.243530 0.376074 -0.276860 -0.359662 0.891062 -0.352260 0.900742 0.254119
12.906059 -334.807706 -4703.866207 22392.447959 0.873570 0.326521 0.360914 -0.242656 -0.350613 0.904538 -0.421892 0.877755 0.227053
24.329441 -421.421728 -14316.793414 93905.996711 0.848372 0.333317 0.411297 -0.402185 -0.099417 0.910145 -0.344257 0.937559 -0.049712
-33.151455 -63.189682 -4201.063911 171.046351 -0.431025 0.258550 0.864505 0.640125 -0.587635 0.494899 0.635970 0.766705 0.087781
-37.313569 -65.154781 -3234.534128 1711.063051 -0.536027 0.320543 0.780979 0.630631 -0.462981 0.622859 0.561231 0.826378 0.046026
-40.996458 -61.090106 -4959.073136 -1035.244492 -0.442652 0.209090 0.871975 0.689271 -0.542660 0.480027 0.573555 0.813512 0.096090
-9.894936 -67.954560 644.586912 2635.113064 -0.535465 0.026885 -0.844129 0.768299 -0.399537 -0.500087 -0.350706 -0.916323 0.193282
-5.915105 -71.671203 2427.621248 5926.324715 -0.515909 0.028185 -0.856180 0.757380 -0.451991 -0.471254 -0.400268 -0.891577 0.211839
-5.343062 -65.699183 4460.650790 661.223857 -0.532434 0.046299 -0.845204 0.775231 -0.374275 -0.508857 -0.339899 -0.926161 0.163384
-11.796928 -62.301406 15.966788 437.886699 -0.557621 0.023373 -0.829767 0.792681 -0.281728 -0.540634 -0.246405 -0.959210 0.138570
-5.403057 -63.930725 5944.445835 -31.260244 -0.547492 0.075961 -0.833356 0.781374 -0.310037 -0.541601 -0.299512 -0.947685 0.110389
-7.720016 -61.673228 5978.705918 -720.631658 -0.557570 0.056537 -0.828203 0.784595 -0.289995 -0.548009 -0.271157 -0.955357 0.117334
1.040684 -51.729815 3678.391586 8472.768280 0.332357 0.630067 -0.701822 0.395532 0.582413 0.710176 -0.856209 0.513625 0.055643
-6.146471 -44.938813 6250.151910 8028.924111 0.358478 0.654342 -0.665830 0.389247 0.543508 0.743698 -0.848516 0.525772 0.059865
-1.788582 -41.056443 -3730.667546 4797.235386 -0.296967 -0.586395 0.753625 0.465131 0.600436 0.650484 -0.833945 0.543707 0.094441
-0.999238 -48.534381 1321.410667 6117.539341 -0.290687 -0.598046 0.746888 0.444600 0.606782 0.658898 -0.847250 0.523599 0.089508
-3.124744 -41.078638 1458.296542 2195.505692 -0.214235 -0.504875 0.836185 0.533466 0.656637 0.533144 -0.818240 0.560294 0.128659
-2.321131 -31.820812 -1627.027497 989.635078 -0.170307 -0.452133 0.875540 0.571178 0.678732 0.461604 -0.802964 0.578704 0.142655
3583.796235 -811.899809 -1308895.026741 -4342685.688125 0.914246 0.405154 0.002090 0.296360 -0.672246 0.678422 -0.276270 0.619625 0.734670
-661.993199 -1970.719232 382783.666123 843719.794349 0.869667 -0.310966 0.383380 0.162751 0.913836 0.372042 -0.466039 -0.261157 0.845343
-1559.810797 -46484.649012 48554.806101 -28293067.795556 0.876464 -0.431342 0.213903 -0.477527 -0.835509 0.271830 -0.061466 0.340394 0.938272
-1039.192776 -5083.258782 796400.860935 433512.644036 0.918945 0.071858 -0.387784 0.392595 -0.260284 0.882112 0.037547 0.962854 0.267398
-556.928787 -583.264041 204257.461272 -215005.050740 -0.317641 0.784497 -0.532606 0.933891 0.356079 -0.032480 0.164169 -0.507713 -0.845740
-470.522260 -798.968134 -166998.033638 334023.927351 0.992859 0.118404 -0.014575 -0.093099 0.692614 -0.715275 0.074596 -0.711524 -0.698691
-379.020495 -578.783306 -153898.959071 -51147.196192 0.863296 -0.471003 0.181321 0.494485 0.717441 -0.490676 -0.101023 -0.513259 -0.852267
-15.115390 -82.967108 -8919.298391 -15614.373482 0.549111 0.272385 0.790116 0.555248 0.587693 -0.588486 -0.624641 0.761855 0.171468
-9.591740 -83.772558 -6656.449021 15279.902033 0.551798 0.285318 0.783653 -0.547513 -0.584866 0.598466 -0.629085 0.759293 0.166513
-12.267100 -85.012627 -4920.658705 -1448.159473 0.541892 0.261723 0.798658 -0.534222 -0.626336 0.567724 -0.648814 0.734305 0.199588
7.316495 -72.079890 1239.597152 -117.529801 -0.686457 -0.279078 -0.671485 -0.375894 0.926662 -0.000858 0.622479 0.251818 -0.741018
6.459237 -74.490308 1443.702828 -2491.516263 -0.671782 -0.312738 -0.671494 -0.445372 0.894883 0.028786 0.591905 0.318403 -0.740451
4.693770 -70.713282 -1278.539591 -2026.410204 -0.673494 -0.297634 -0.676624 -0.417943 0.908324 0.016456 0.609696 0.293874 -0.736145
7.995544 -77.432658 2923.750737 -1793.310658 -0.686302 -0.301185 -0.662025 -0.441661 0.895769 0.050332 0.577863 0.326934 -0.747790
-66.738978 -111.174094 1611.703178 -12700.568920 0.355286 0.569157 0.741506 -0.519141 0.779819 -0.349823 -0.777345 -0.260659 0.572531
-84.109518 -127.081774 2448.250330 9677.431055 0.164536 0.755842 0.633743 0.487179 -0.620935 0.614082 -0.857663 -0.207707 0.470396
110.620167 -151.513648 20627.553144 -5328.797683 0.353707 -0.566925 -0.743967 0.738434 0.657449 -0.149919 0.574113 -0.496343 0.651182
116.653979 -157.739192 24030.126393 7003.854742 0.271412 -0.585953 -0.763541 0.607353 0.719689 -0.336408 0.746631 -0.372434 0.551212
76.797908 -130.955478 13505.441042 -8187.563506 0.228418 -0.531820 -0.815471 0.801575 0.578118 -0.152502 0.552542 -0.618827 0.558346
-60.541582 -88.865957 3049.177403 -8844.265571 -0.103331 -0.516482 -0.850040 0.866946 0.372163 -0.331511 0.487573 -0.771194 0.409306
-55.559111 -71.490401 1334.607213 -3934.312913 -0.096244 -0.544229 -0.833398 0.941614 0.221624 -0.253467 0.322645 -0.809134 0.491124
-57.359948 -81.989370 2144.367280 -4315.225295 -0.112966 -0.502840 -0.856966 0.905150 0.303649 -0.297490 0.409807 -0.809289 0.420844
20.279973 -63.518967 3939.498286 9356.354882 0.569574 0.261399 0.779266 -0.415860 0.909428 -0.001104 -0.708975 -0.323436 0.626692
12.533257 -49.438863 3113.002997 5074.028258 0.560945 0.305343 0.769484 -0.376662 0.921848 -0.091222 -0.737202 -0.238665 0.632118
12.100703 -56.913459 3504.050312 6102.223647 0.555685 0.336159 0.760402 -0.425431 0.900769 -0.087316 -0.714298 -0.274979 0.643556
15.410287 -69.201387 5960.002090 8451.743936 0.569144 0.324193 0.755628 -0.475412 0.879552 -0.019277 -0.670864 -0.348263 0.654717
6.374467 -60.932759 4727.745445 6303.869671 0.544540 0.388199 0.743490 -0.453719 0.881883 -0.128149 -0.705418 -0.267553 0.656354
40.047922 -165.301676 2199.642717 5011.944690 -0.551683 0.830812 0.073470 0.804668 0.553353 -0.215200 0.219445 0.059603 0.973802
65.380749 -167.452716 2671.003259 -27767.671665 0.519177 -0.851821 -0.069685 0.853676 0.512923 0.090268 -0.041149 -0.106354 0.993477
47.617108 -157.310311 -3989.950755 -12712.719114 -0.427963 0.903795 -0.001374 0.901962 0.426997 -0.064333 0.057557 0.028772 0.997928
63.326543 -178.367220 12264.884270 -16308.142221 -0.612371 0.782237 0.114484 0.785894 0.618059 -0.019304 0.085858 -0.078151 0.993238
24.019359 -153.197185 -3553.447124 18332.115639 -0.479953 0.877200 0.012840 0.810730 0.449082 -0.375557 0.335205 0.169840 0.926710
21.406470 -153.365835 4253.767815 30680.464763 -0.592876 0.800299 0.089547 0.672522 0.553222 -0.491589 0.442957 0.231230 0.866211
50.771783 -170.982324 15244.803873 19006.466865 -0.641420 0.755334 0.134353 0.694122 0.645952 -0.317710 0.326763 0.110528 0.938621
-1.449672 -90.315317 1150.103987 -2450.750884 0.502138 0.308389 0.807931 0.793754 -0.535166 -0.289053 0.343237 0.786443 -0.513513
-1.958500 -82.362922 1878.397739 -7359.861635 0.527740 0.294479 0.796726 0.823273 -0.408208 -0.394446 0.209074 0.864088 -0.457865
-4.603386 -88.615210 -1268.732828 -4675.991491 0.521140 0.310888 0.794834 0.806534 -0.483980 -0.339510 0.279134 0.817993 -0.502963
-4.393585 -78.959677 -2187.576781 -7186.894074 0.529068 0.316681 0.787274 0.838820 -0.335474 -0.428764 0.128328 0.887226 -0.443127
-3.704532 -96.226853 -862.162093 -3139.386126 0.504371 0.314815 0.804053 0.753169 -0.615806 -0.231343 0.422311 0.722271 -0.547703
-5.458504 -94.591359 -4405.891051 -4244.461316 0.521754 0.326768 0.788033 0.784494 -0.546708 -0.292711 0.335175 0.770930 -0.541595
-6.147559 -84.397897 -3366.046839 -6822.583467 0.530054 0.310010 0.789263 0.822117 -0.415931 -0.388747 0.207764 0.854924 -0.475331
-9.688386 -131.227806 4271.142175 -11728.664753 0.307778 0.050776 0.950102 -0.402237 0.911895 0.081567 -0.862252 -0.407271 0.301085
-5.660641 -144.926475 11888.074240 -12556.605630 0.337302 0.094240 0.936667 -0.233793 0.972191 -0.013623 -0.911903 -0.214391 0.349955
-12.522885 -156.080544 14863.628056 -1188.548968 0.343248 0.117586 0.931855 -0.008908 0.992495 -0.121957 -0.939203 0.033560 0.341720
-23.535632 -126.239853 -6230.984553 -2805.873982 -0.025175 -0.192277 -0.981018 -0.309769 0.934528 -0.175216 0.950479 0.299478 -0.083088
-21.160623 -127.452848 -7769.963771 -3309.924356 -0.027683 -0.186580 -0.982050 -0.467557 0.870752 -0.152255 0.883529 0.454950 -0.111342
-25.318184 -126.646141 -5023.267886 -2078.237115 -0.068072 -0.198728 -0.977688 -0.449285 0.881077 -0.147808 0.890791 0.429198 -0.149262
11.868652 -142.441598 2609.803889 -6150.822968 -0.042002 0.231168 0.972007 0.908607 0.413455 -0.059068 -0.415535 0.880691 -0.227407
8.254616 -146.368276 1099.558660 -7416.904681 -0.044579 0.226326 0.973031 0.937351 0.346351 -0.037616 -0.345524 0.910394 -0.227587
8.855322 -132.170945 -505.629546 -9331.429745 -0.051680 0.237613 0.969984 0.857026 0.509171 -0.079068 -0.512675 0.827215 -0.229954
7.068096 -130.881127 2289.856641 -8539.860357 -0.036452 0.206908 0.977681 0.854110 0.514359 -0.077010 -0.518813 0.832240 -0.195471
3.981572 -149.593536 9233.817276 -7336.201382 -0.023818 0.181704 0.983065 0.947574 0.317534 -0.035733 -0.318649 0.930675 -0.179741
4.426796 -34.447503 4207.644653 912.751677 -0.226174 -0.224186 -0.947938 -0.031637 0.974332 -0.222880 0.973573 -0.020420 -0.227461
10.972511 -42.849537 6645.047729 -2527.238760 -0.211465 -0.367224 -0.905776 -0.071994 0.930068 -0.360264 0.974730 -0.010973 -0.223115
2.899128 -34.617440 6827.099314 -2075.111986 -0.202426 -0.428016 -0.880810 -0.119176 0.903512 -0.411659 0.972019 0.021640 -0.233904
-6.778590 -27.975270 1829.805941 1485.409024 -0.216301 -0.275347 -0.936695 -0.093653 0.960835 -0.260817 0.971825 0.031309 -0.233616
99.138257 -92.249539 -2963.321055 -34475.397850 -0.258323 0.191735 -0.946841 0.932539 -0.206447 -0.296226 -0.252269 -0.959488 -0.125470
105.304732 -157.781446 -19293.710413 -55250.302961 -0.063335 0.269357 -0.960955 0.977618 -0.176824 -0.113997 -0.200626 -0.946668 -0.252130
53.245691 -147.745398 6416.517863 -19498.993583 -0.015289 0.189338 -0.981793 0.989730 0.142440 0.012057 0.142129 -0.971526 -0.189571
69.613173 -168.358630 -10737.922400 -28196.916355 -0.000005 0.210912 -0.977505 0.999551 0.029293 0.006315 0.029966 -0.977066 -0.210818
-26.385258 -56.715093 690.778750 9907.670829 0.309277 0.380478 0.871541 0.799957 0.391471 -0.454774 -0.514215 0.837846 -0.183293
-10.967029 -72.009664 1356.589743 449.517346 0.478510 0.285835 0.830257 0.543201 0.646535 -0.535653 -0.689899 0.707312 0.154107
-11.926582 -74.179739 -2787.351435 -1196.135203 0.457357 0.302320 0.836318 0.612652 0.574544 -0.542732 -0.644580 0.760593 0.077555
-9.576669 -73.726846 1368.979719 3202.117144 0.466263 0.305584 0.830191 0.594737 0.586441 -0.549886 -0.654895 0.750137 0.091694
-3.423681 -53.905908 903.306028 -628.704288 -0.511231 -0.102117 -0.853355 0.639832 -0.708146 -0.298572 -0.573811 -0.698643 0.427363
-8.009624 -58.379307 -3493.175287 -600.056602 -0.543140 -0.082456 -0.835584 0.630804 -0.696869 -0.341263 -0.554153 -0.712443 0.430510
-4.336499 -53.590752 4404.887417 -869.465032 -0.507977 -0.087854 -0.856878 0.623606 -0.723744 -0.295484 -0.594201 -0.684454 0.422431
-6.918318 -61.992293 -3467.774236 5004.168543 0.531600 0.050863 0.845467 -0.541265 0.788184 0.292912 -0.651485 -0.613334 0.446529
-7.782757 -61.337337 1457.689142 6050.944545 0.528959 0.081380 0.844736 -0.559168 0.782192 0.274786 -0.638383 -0.617700 0.459253
-22.197834 -152.502868 2576.161584 -4891.789517 -0.208966 -0.292916 -0.933024 -0.674631 0.733883 -0.079303 0.707960 0.612875 -0.350966
-16.996901 -156.382052 4618.778173 -7377.664488 -0.226704 -0.305215 -0.924905 -0.671294 0.737005 -0.078668 0.705670 0.603049 -0.371971
-19.146263 -165.191767 657.648532 8281.370543 0.183367 0.289699 0.939389 0.832584 -0.553837 0.008279 0.522667 0.780602 -0.342754
-25.144961 -161.562755 1173.645449 8387.895442 0.165470 0.278186 0.946167 0.821662 -0.569480 0.023739 0.545427 0.773502 -0.322806
