15090
30170
-31.642838 -50.153245 27.864625 -2596.196029 -0.692950 -0.184828 -0.696892 -0.052390 0.976936 -0.207007 0.719079 -0.106936 -0.686651
-29.863902 -50.164907 439.820598 -4647.704242 -0.639506 -0.000097 -0.768786 0.156959 0.978920 -0.130688 0.752593 -0.204243 -0.626010
-26.072494 -42.458484 -154.447302 -3056.952187 -0.684809 -0.410171 -0.602326 -0.112825 0.876262 -0.468440 0.719936 -0.252834 -0.646349
-20.746146 -34.207219 -805.017862 -2768.090631 -0.651141 -0.390429 -0.650830 0.020301 0.848266 -0.529181 0.758685 -0.357785 -0.544415
-28.674936 -48.129196 -469.624564 -2266.929332 -0.720223 -0.421936 -0.550680 -0.235575 0.895362 -0.377931 0.652520 -0.142468 -0.744258
-21.749395 -34.146219 -250.048355 -1994.945589 -0.654947 -0.658252 -0.371146 -0.281362 0.668251 -0.688677 0.701342 -0.346620 -0.622876
-25.890756 -41.670028 -212.597439 -2780.935536 -0.708800 -0.557911 -0.431669 -0.280210 0.784274 -0.553531 0.647367 -0.271385 -0.712226
-3.174337 -43.606428 6956.607176 8348.798401 -0.536566 -0.504691 -0.676301 -0.451382 0.848801 -0.275300 0.712987 0.157554 -0.683247
-17.024280 -39.201531 1643.755845 9721.797651 -0.369044 -0.591700 -0.716727 -0.499902 0.776483 -0.383631 0.783521 0.216717 -0.582348
-14.960433 -55.319145 2298.360205 2736.174278 -0.480403 -0.462808 -0.744998 -0.236923 0.886338 -0.397834 0.844441 -0.014613 -0.535449
-18.129704 -63.572408 1383.744329 -2778.457856 -0.506173 -0.432042 -0.746410 -0.044933 0.877507 -0.477454 0.861261 -0.208136 -0.463583
-10.401300 -61.613506 5765.027302 1930.817496 -0.601948 -0.381931 -0.701275 -0.180453 0.920545 -0.346458 0.777879 -0.082003 -0.623041
-20.979361 -62.760490 -1075.360720 -3613.215753 -0.406678 -0.447762 -0.796318 -0.009104 0.873596 -0.486566 0.913526 -0.190626 -0.359348
69.718756 -30.613724 10036.356084 -195.260438 -0.130891 0.567438 -0.812947 0.793754 -0.431317 -0.428860 -0.593989 -0.701413 -0.393950
93.250519 -51.974505 7928.222514 -321.071140 -0.319245 0.331243 -0.887897 0.778264 -0.442957 -0.445077 -0.540729 -0.833107 -0.116383
70.806516 -37.058025 8360.100526 -2345.628313 -0.305654 0.562686 -0.768088 0.813092 -0.265501 -0.518064 -0.495436 -0.782875 -0.376364
41.927606 -27.509528 6982.982783 -2650.269483 -0.310236 0.714843 -0.626700 0.805591 -0.152335 -0.572553 -0.504754 -0.682491 -0.528611
39.486899 -19.579217 6967.913176 -594.966982 -0.140822 0.703156 -0.696951 0.814786 -0.317582 -0.485041 -0.562399 -0.636171 -0.528199
21.507129 -28.886327 -3204.528828 789.905625 0.855777 -0.492130 0.159546 0.340134 0.767586 0.543250 0.389815 0.410634 -0.824272
22.134279 -30.501730 1933.613857 983.107478 -0.831086 0.523428 -0.187933 0.386462 0.786548 0.481652 0.399928 0.327665 -0.855975
25.147217 -29.712330 544.749808 669.416727 -0.806342 0.533578 -0.255162 0.336103 0.768372 0.544645 0.486670 0.353410 -0.798908
21.943350 -27.001582 1623.793973 489.119498 -0.839885 0.498406 -0.214909 0.279285 0.736360 0.616258 0.465397 0.457565 -0.757655
22.847479 -27.642861 -1403.708892 172.024161 -0.761945 0.556775 -0.330819 0.272318 0.738885 0.616354 0.587608 0.379539 -0.714610
-8.574303 -34.721343 -1554.246377 -490.930764 -0.802297 0.303836 -0.513812 0.199527 0.947757 0.248889 0.562591 0.097163 -0.821006
-15.717017 -33.309318 -1050.316228 -159.362449 -0.822324 0.345302 -0.452272 0.246519 0.932553 0.263767 0.512847 0.105408 -0.851984
-13.908778 -33.867484 -990.536114 -162.552160 -0.809163 0.385500 -0.443446 0.226348 0.900953 0.370203 0.542238 0.199181 -0.816275
-2.044673 -33.109020 814.048217 677.600653 -0.658143 -0.612878 -0.437297 0.704462 -0.296335 -0.644917 0.265669 -0.732507 0.626780
-2.531335 -32.544122 576.533677 92.726586 -0.661515 -0.612022 -0.433390 0.685786 -0.259826 -0.679844 0.303474 -0.746940 0.591595
-1.404324 -33.060343 76.004764 300.308509 -0.651457 -0.631140 -0.421029 0.673266 -0.225104 -0.704302 0.349737 -0.742287 0.571571
-1.278152 -33.825175 -21.288860 825.620129 -0.656921 -0.636974 -0.403386 0.680954 -0.271576 -0.680109 0.323661 -0.721465 0.612154
-0.185873 -32.512814 -1176.929553 651.305466 -0.628950 -0.673521 -0.388318 0.645798 -0.174516 -0.743296 0.432858 -0.718272 0.544720
-1.643514 -31.060276 -630.503448 -235.242245 -0.616742 -0.662109 -0.425724 0.664228 -0.147520 -0.732830 0.422411 -0.734745 0.530773
1.481129 -35.509092 -134.986069 -2171.770204 -0.710047 -0.436908 -0.552218 -0.520307 0.853953 -0.006622 0.474462 0.282621 -0.833673
1.393003 -28.302044 -301.653855 195.949506 -0.690706 -0.455975 -0.561259 -0.511113 0.856886 -0.067153 0.511555 0.240484 -0.824911
0.565518 -33.549791 -160.833386 -1780.473718 -0.690484 -0.461983 -0.556600 -0.541917 0.840061 -0.024989 0.479122 0.284377 -0.830404
0.303288 -38.728699 -156.044573 -3497.464702 -0.705135 -0.437996 -0.557624 -0.552316 0.832443 0.044565 0.444671 0.339409 -0.828896
-1.206035 -54.287074 -885.492839 186.216488 0.758227 0.422211 0.496819 -0.642493 0.613447 0.459224 0.110883 0.667399 -0.736400
1.477468 -49.688981 -906.548009 -261.075285 0.764621 0.419659 0.489122 -0.625625 0.665560 0.406970 0.154751 0.617184 -0.771450
1.698809 -52.619048 -615.652114 -469.575485 0.778500 0.399649 0.483961 -0.622401 0.591022 0.513137 0.080957 0.700696 -0.708852
-0.113248 -56.129156 -634.673885 -1019.537996 0.780437 0.397991 0.482205 -0.624797 0.525289 0.577669 0.023390 0.752114 -0.658618
-1.674237 -85.742205 1210.050751 -2145.676189 0.745467 -0.014120 0.666393 0.294566 0.903826 -0.310369 -0.597921 0.427667 0.677932
-0.225686 -89.640104 110.989988 -1210.937033 0.725885 -0.010781 0.687731 0.336402 0.877692 -0.341306 -0.599937 0.479103 0.640731
-1.126529 -87.118198 1224.319977 -286.359176 0.734358 -0.063669 0.675769 -0.504568 -0.717142 0.480747 -0.454014 0.694012 0.558765
0.069348 -83.121198 286.401683 -2255.259105 0.729850 0.017287 0.683389 0.119453 0.981075 -0.152391 -0.673090 0.192855 0.713972
-2.409228 -80.946547 980.900660 1630.708861 0.727405 -0.027938 0.685639 -0.411314 -0.817537 0.403057 -0.549275 0.575199 0.606172
-1.740036 -79.546259 1057.249784 -2157.223122 0.745362 0.020832 0.666334 0.103445 0.983791 -0.146471 -0.658585 0.178103 0.731126
-3.003346 -81.173338 669.956944 -2410.376224 0.724709 0.002217 0.689052 0.270938 0.918530 -0.287915 -0.633553 0.395345 0.665066
-6.794696 -27.042973 -1096.467828 -521.064405 -0.344667 -0.052165 -0.937274 0.891923 0.293134 -0.344304 0.292707 -0.954647 -0.054506
-3.991136 -23.550286 -1835.822948 -622.341368 -0.290200 -0.047952 -0.955764 0.929462 0.223600 -0.293433 0.227780 -0.973501 -0.020319
-9.864765 -24.794753 -473.748807 -707.688350 -0.353124 -0.024768 -0.935248 0.909528 0.225156 -0.349376 0.219230 -0.974008 -0.056981
-22.421556 -30.152817 -2594.149597 -1065.085834 0.975547 0.033499 0.217223 -0.217222 0.297615 0.929645 0.033507 0.954098 -0.297614
-13.188441 -25.740364 -1468.699253 -840.191911 0.977554 0.086244 0.192225 -0.208542 0.266276 0.941067 -0.029976 0.960031 -0.278285
-18.846803 -33.982220 -1855.610699 -2388.086148 0.991696 -0.022819 -0.126564 0.128580 0.194978 0.972343 -0.002490 0.980542 -0.196293
-12.136618 -15.773477 -596.953042 1150.771423 0.253514 0.857013 0.448619 -0.367560 0.514329 -0.774833 0.894779 -0.031537 -0.445393
-9.697682 -17.466492 2478.658954 1382.197458 -0.440801 -0.281921 -0.852182 -0.053333 0.955945 -0.288661 0.896019 -0.081793 -0.436417
-0.712128 -14.818110 3680.760080 1012.803336 -0.464165 -0.361501 -0.808621 -0.135763 0.931173 -0.338358 0.875282 -0.047273 -0.481296
-2.580444 -12.641006 3597.571680 102.469740 -0.448263 -0.444263 -0.775687 -0.205590 0.895731 -0.394207 0.869939 -0.017235 -0.492859
-8.636414 -14.501658 2256.572545 -252.248207 -0.368672 -0.625538 -0.687592 -0.301647 0.780175 -0.548029 0.879256 0.005367 -0.476320
-11.772185 -20.693629 -83.440969 1915.757608 -0.006281 0.999929 -0.010161 -0.401119 -0.011827 -0.915949 0.916004 0.001677 -0.401165
-2.241755 -79.220189 143.885718 558.113934 -0.586892 -0.199644 -0.784665 0.788015 0.081768 -0.610202 0.185984 -0.976451 0.109334
-1.157433 -79.615344 227.483052 -1167.198999 -0.610470 -0.200194 -0.766321 0.791738 -0.180908 -0.583457 -0.021829 -0.962909 0.268940
-1.487555 -76.465968 -638.331217 -1238.413938 -0.620644 -0.218939 -0.752905 0.783138 -0.220455 -0.581460 -0.038677 -0.950508 0.308283
-2.204525 -72.932460 -584.202593 460.340014 -0.597211 -0.227859 -0.769038 0.783986 0.036696 -0.619693 0.169423 -0.973002 0.156723
-0.424064 -109.382806 -371.295012 -834.161114 0.669150 0.041518 0.741966 -0.073074 0.997275 0.010098 -0.739526 -0.060976 0.670361
0.903144 -110.152480 -173.934259 3054.216984 0.676485 0.015876 0.736285 0.191618 0.961539 -0.196788 -0.711091 0.274210 0.647424
0.068499 -111.034469 495.028919 -2237.861074 0.698349 0.046569 0.714241 -0.078486 0.996846 0.011745 -0.711441 -0.064260 0.699802
-0.571387 -113.561223 -229.866703 -2946.371254 0.661085 0.100867 0.743500 -0.334379 0.926685 0.171596 -0.671682 -0.362051 0.646346
14.451922 -166.103439 1341.194324 -2539.370852 -0.564716 0.204188 0.799627 -0.214058 0.899511 -0.380866 -0.797042 -0.386248 -0.464260
12.312618 -194.442610 950.460501 -29365.593817 -0.566295 0.209001 0.797263 -0.470008 0.712725 -0.520687 -0.677054 -0.669583 -0.305381
17.433774 -159.728810 -993.106874 -18607.801731 0.592659 -0.183512 -0.784270 -0.491833 0.688637 -0.532803 -0.637853 -0.701500 -0.317870
17.438815 -163.530863 -978.666782 4164.299805 -0.629768 0.187914 0.753711 -0.125047 0.933118 -0.337127 -0.766652 -0.306561 -0.564150
7.290110 -23.134961 -4563.415135 -330.361072 -0.124261 0.690779 -0.712309 0.021532 0.719581 0.694075 0.992016 0.070909 -0.104290
8.344363 -24.624076 -4694.549615 93.652444 -0.103961 0.748468 -0.654972 0.035545 -0.655323 -0.754512 0.993946 0.101721 -0.041524
21.858053 -24.498563 -4509.365525 -86.874645 -0.168830 0.612946 -0.771877 -0.068420 0.773941 0.629550 0.983268 0.159099 -0.088727
-12.047318 -614.331012 2353.273539 -145751.804150 0.828895 0.236458 -0.506972 0.134688 0.795252 0.591129 -0.542948 0.558267 -0.627332
39.695065 -6123.113059 -15043.825869 -1932278.874756 0.852165 0.249328 -0.460055 0.332595 0.420665 0.844050 -0.403975 0.872282 -0.275551
19.572218 -891.214463 -5838.530935 -198969.186295 0.750302 0.305331 -0.586362 0.392093 0.508590 0.766551 -0.532269 0.805052 -0.261878
-19.589200 -707.318898 366.727658 -176548.482883 -0.780194 -0.223866 0.584107 0.195531 0.799701 0.567667 -0.594192 0.557102 -0.580149
17.105556 -41.245172 1467.554131 -2097.920936 0.789829 0.125328 -0.600386 -0.475326 0.743711 -0.470062 -0.387602 -0.656648 -0.646976
18.031429 -36.701684 1899.773273 -1237.277583 0.777478 0.171825 -0.604982 -0.543351 0.667924 -0.508573 -0.316697 -0.724123 -0.612658
11.404635 -37.849393 2921.055320 -1540.338224 0.804978 0.209142 -0.555220 -0.513072 0.715319 -0.474422 -0.297938 -0.666767 -0.683121
16.124262 -34.695210 3232.795417 -614.711865 0.764350 0.231579 -0.601781 -0.597184 0.606230 -0.525220 -0.243188 -0.760826 -0.601667
-6.192765 -14.537761 354.692517 -1088.090839 -0.543178 0.690378 -0.477846 0.761455 0.165262 -0.626797 -0.353757 -0.704320 -0.615458
-6.960041 -11.722127 327.036800 -1174.671661 -0.511480 0.678749 -0.526961 0.777174 0.103780 -0.620669 -0.366591 -0.727000 -0.580588
-5.602915 -9.719989 481.328305 -1013.436491 -0.581622 0.678969 -0.448014 0.714468 0.163073 -0.680399 -0.388912 -0.715827 -0.579948
-6.632742 -7.344599 -495.417014 -583.313081 0.827273 -0.546038 0.132143 0.398509 0.404562 -0.823116 -0.395993 -0.733602 -0.552284
-5.002020 -11.399789 531.884522 -975.373077 -0.586877 0.684627 -0.432275 0.714086 0.185998 -0.674897 -0.381651 -0.704763 -0.598040
-5.460473 -24.075196 796.074571 -861.384810 -0.875593 -0.378506 -0.300118 -0.206602 0.855046 -0.475617 0.436638 -0.354441 -0.826873
-7.177349 -24.554326 -148.098541 251.647930 -0.816686 -0.522516 -0.244952 -0.303888 0.750242 -0.587188 0.490588 -0.405110 -0.771498
-6.160995 -22.090298 134.411426 197.762749 -0.854337 -0.450869 -0.258504 -0.256961 0.798790 -0.543972 0.451751 -0.398310 -0.798292
6.817389 -91.485139 -774.335596 1629.512255 -0.552641 -0.244276 -0.796817 0.725392 0.329772 -0.604200 0.410359 -0.911910 -0.005049
7.952139 -81.976383 -627.435387 -763.329651 -0.563816 -0.230552 -0.793068 0.628051 0.503900 -0.592989 0.536342 -0.832424 -0.139308
11.452838 -99.859692 -603.811167 -2028.905133 -0.602846 -0.213426 -0.768782 0.622464 0.476960 -0.620522 0.499114 -0.852618 -0.154684
18.675902 -115.627602 -728.839937 -6421.064253 -0.618961 -0.231155 -0.750636 0.408403 0.721626 -0.558983 0.670890 -0.652551 -0.352254
15.515044 -91.917340 126.185880 -1968.877248 0.674126 0.202797 0.710231 0.506848 0.572435 -0.644534 0.537270 -0.794476 -0.283106
12.656368 -91.933843 -619.942223 -2327.553776 -0.638853 -0.192611 -0.744827 0.672120 0.331333 -0.662173 0.374328 -0.923644 -0.082215
7.966962 -115.858923 -669.899323 4896.435850 -0.585037 -0.228495 -0.778153 0.754985 0.196976 -0.625458 0.296192 -0.953410 0.057272
-26.146774 -200.089752 -1350.758456 36957.991434 0.645168 0.406647 -0.646836 -0.644190 0.744732 -0.174338 -0.410825 -0.529163 -0.742435
-9.885048 -120.858835 -2681.668816 20906.086826 0.759089 0.235731 -0.606807 -0.508043 0.797341 -0.325790 -0.407034 -0.555588 -0.725014
-9.826063 -92.123572 -2219.202715 13388.119583 0.812556 0.207761 -0.544599 -0.412530 0.865051 -0.285493 -0.411791 -0.456643 -0.788610
3.504514 -52.846675 -1561.917842 2628.941891 0.885844 0.034591 -0.462692 -0.260805 0.861889 -0.434888 -0.383746 -0.505915 -0.772521
25.162107 -1275.068928 -10488.306779 295913.346922 0.659162 0.019324 -0.751753 -0.050511 0.998550 -0.018621 0.750303 0.050246 0.659182
186.661892 -1996.695721 20996.745462 564124.041150 0.540797 0.469320 -0.698052 -0.463778 0.858704 0.218031 0.701746 0.205831 0.682045
6.793751 -201.692863 860.836907 42728.965620 0.576537 0.359861 -0.733556 -0.405033 0.905590 0.125921 0.709615 0.224517 0.667861
239.887325 -4336.174881 -23973.188130 1017803.031201 0.644130 -0.029857 -0.764333 -0.038126 0.996743 -0.071066 0.763965 0.074917 0.640893
5.596054 -197.159313 -736.019694 39258.452727 0.608365 0.247525 -0.754071 -0.294865 0.952606 0.074805 0.736849 0.176841 0.652519
6.847037 -65.511590 -843.520189 9448.069808 0.581375 0.292942 -0.759070 -0.390782 0.918821 0.055292 0.713647 0.264485 0.648656
7.831084 -44.633262 -496.680218 -206.903220 0.533754 0.460791 -0.709069 -0.492690 0.850936 0.182109 0.687287 0.252150 0.681218
-31.227810 -37.192768 1916.694397 1461.826936 0.294583 -0.212971 0.931592 0.274344 0.952662 0.131036 -0.915399 0.216976 0.339066
-33.401136 -36.102535 771.531454 1636.220303 0.103483 -0.450656 0.886679 0.388660 0.838910 0.381017 -0.915551 0.305188 0.261965
-35.153182 -38.371573 502.515698 1838.748301 0.060143 -0.555118 0.829594 0.307064 0.801087 0.513782 -0.949787 0.223838 0.218636
-6.793573 -31.348446 6094.265576 178.960062 0.584858 0.808938 -0.059670 0.503100 -0.304066 0.808971 -0.636263 0.503153 0.584813
-4.467214 -30.654643 4800.390561 2078.673522 0.550989 0.825511 -0.122240 0.620675 -0.307467 0.721267 -0.557829 0.473282 0.681785
-18.659363 -43.542045 -1007.449436 -4163.395940 0.688442 0.640522 0.340264 -0.241400 0.644748 -0.725277 -0.683940 0.417171 0.598493
8.505604 -30.733068 1993.742866 248.329797 0.555230 -0.563214 0.611972 0.574772 0.791670 0.207115 -0.601130 0.236748 0.763278
10.740884 -29.620904 1670.981164 159.620586 0.543204 -0.556527 0.628655 0.618845 0.771411 0.148176 -0.567415 0.308550 0.763438
5.408551 -30.128529 1254.098722 232.633120 0.575704 -0.535139 0.618216 0.620759 0.778161 0.095518 -0.532187 0.328774 0.780182
2.923100 -28.668807 1580.126184 452.442305 0.590269 -0.520864 0.616671 0.662993 0.748622 -0.002292 -0.460459 0.410201 0.787218
0.854565 -29.228826 536.527640 533.542424 0.585264 -0.508399 0.631661 0.650578 0.759393 0.008414 -0.483957 0.406020 0.775199
0.847239 -30.730083 135.518600 316.930555 0.586013 -0.497379 0.639689 0.599676 0.797137 0.070442 -0.544956 0.342326 0.765399
4.553912 -31.409892 1062.178606 268.201779 0.567958 -0.544097 0.617562 0.560782 0.805029 0.193525 -0.602452 0.236404 0.762342
-7.123434 -110.640513 -96.714941 -9678.678620 0.693245 -0.652396 0.306252 -0.687257 -0.470475 0.553472 0.216999 0.594166 0.774518
-6.694534 -108.905389 22.102111 -9258.740471 0.707185 -0.633841 0.313264 -0.673282 -0.468472 0.572036 0.215824 0.615451 0.758050
-6.668104 -118.947096 71.142747 -1964.961502 0.707300 -0.637992 0.304454 -0.706478 -0.653061 0.272764 -0.024806 0.408016 0.912638
-5.152321 -118.815015 481.512704 5665.987453 0.691784 -0.665429 0.280427 0.716366 0.583560 -0.382462 0.090855 0.465470 0.880388
-5.563000 -122.447834 170.858430 -4114.870160 0.696496 -0.659472 0.282826 0.698856 0.712834 -0.058891 -0.162771 0.238672 0.957362
-5.703470 -115.230408 179.288633 3054.140967 0.715630 -0.622647 0.316520 -0.666896 -0.743815 0.044601 -0.207662 0.243004 0.947537
-4.717428 -116.995075 164.165530 -6043.338461 0.711617 -0.637322 0.295672 0.643819 0.760020 0.088695 -0.281244 0.127242 0.951163
-3.933274 -37.686812 -167.748667 2092.438713 0.758523 -0.556492 0.339058 -0.635367 -0.516007 0.574496 0.144746 0.651195 0.744979
-4.379017 -34.600270 -354.445363 1340.935022 0.760094 -0.540766 0.360319 -0.636630 -0.508579 0.579699 0.130231 0.670015 0.730835
-4.110338 -39.256228 -135.583697 -582.587527 0.773759 -0.540492 0.330400 -0.623053 -0.555074 0.551088 0.114462 0.632267 0.766249
-4.543553 -40.590775 85.790041 -1316.478828 0.771585 -0.550514 0.318734 -0.622592 -0.550725 0.555951 0.130524 0.627405 0.767676
-4.323600 -39.063546 214.021705 1513.275809 0.746766 -0.579134 0.327023 -0.641709 -0.498184 0.583114 0.174783 0.645303 0.743663
-2.844130 -47.706633 -10.872881 -1613.019843 0.742572 -0.606041 0.285132 -0.630389 -0.488597 0.603227 0.226265 0.627684 0.744861
-3.508055 -48.831819 -130.482974 -1672.606186 0.739414 -0.615424 0.272985 -0.622424 -0.470321 0.625609 0.256624 0.632496 0.730816
-2.818031 -41.957179 280.839834 994.787614 0.711796 -0.646854 0.273726 -0.626280 -0.408060 0.664274 0.317991 0.644257 0.695568
-2.433471 -40.555770 -22.068688 1211.988289 0.727284 -0.612908 0.308871 -0.640852 -0.445331 0.625292 0.245697 0.652705 0.716665
-3.213467 -46.179202 -12.844216 -1213.507146 0.749461 -0.590542 0.299279 -0.629966 -0.497100 0.596686 0.203597 0.635729 0.744579
-3.374436 -49.941704 -61.775912 -2759.108210 0.763025 -0.581622 0.281972 -0.627292 -0.561125 0.540041 0.155878 0.588943 0.792999
4.042771 -57.583230 476.309889 6088.911069 0.726349 -0.642064 0.245297 0.578783 0.763854 0.285547 -0.370711 -0.065433 0.926440
5.050116 -54.406638 269.908642 5194.808662 0.718214 -0.637177 0.279596 0.595757 0.770706 0.226021 -0.359502 0.004240 0.933135
4.211159 -45.286467 465.808716 3536.662113 0.719597 -0.652064 0.238730 0.630343 0.757623 0.169338 -0.291287 0.028626 0.956207
3.029509 -49.176697 634.934830 3521.453564 0.718904 -0.661059 0.214890 0.627297 0.750173 0.209137 -0.299457 -0.015549 0.953983
2.743394 -56.820021 -139.129357 3502.480881 0.726364 -0.630734 0.273073 0.515569 0.762752 0.390383 -0.454515 -0.142773 0.879222
3.201076 -57.570402 1414.446678 -1720.651798 -0.637007 0.721216 -0.272159 0.746969 0.664728 0.013184 0.190420 -0.194896 -0.962162
4.353672 -66.574276 1185.513767 1926.212179 -0.653790 0.706042 -0.272147 -0.691560 -0.703508 -0.163774 0.307088 -0.081132 -0.948216
0.210936 -58.966118 947.796612 -1274.040213 -0.664144 0.694636 -0.276396 0.734586 0.675037 -0.068619 0.138912 -0.248609 -0.958591
-0.279997 -64.998448 954.504888 -1805.105919 -0.682837 0.680187 -0.266607 0.675370 0.726866 0.124664 0.278582 -0.094933 -0.955709
-12.010835 -39.846217 991.646159 501.012840 0.706473 -0.538200 0.459606 -0.262577 0.403733 0.876387 0.657229 0.739825 -0.143907
-10.749737 -39.712887 1432.518575 416.635905 0.673137 -0.578966 0.460092 -0.239694 0.417753 0.876373 0.699595 0.700200 -0.142430
-8.391970 -38.685852 -212.854242 -351.023935 -0.701988 0.487573 -0.519120 -0.209908 0.554881 0.805013 0.680552 0.674077 -0.287175
-10.266337 -37.190923 941.339569 1045.863462 0.684514 -0.551234 0.477055 -0.376700 0.292799 0.878844 0.624130 0.781287 0.007225
-8.593281 -38.567739 -1383.501977 94.826147 0.725836 -0.427049 0.539250 -0.305361 0.502423 0.808904 0.616374 0.751798 -0.234272
-12.960789 -38.898632 328.621021 1049.540738 0.727840 -0.503856 0.465165 -0.346509 0.315136 0.883527 0.591761 0.804250 -0.054778
10.227598 -49.372763 3795.984151 548.571029 0.136904 -0.421387 0.896488 0.948351 0.317193 0.004270 -0.286159 0.849601 0.443048
2.611196 -50.559279 1431.512929 -653.775122 0.185078 -0.382132 0.905385 0.964989 0.244911 -0.093893 -0.185859 0.891063 0.414080
3.525788 -52.063295 796.517676 1568.205284 0.134125 -0.392129 0.910080 0.930739 0.365127 0.020154 -0.340198 0.844344 0.413943
-0.617195 -57.974431 300.247534 250.316639 -0.704266 0.635099 -0.317268 -0.052623 0.398968 0.915454 -0.707983 -0.661419 0.247559
-0.605466 -57.555958 -108.585053 -3.107951 -0.711595 0.640104 -0.289655 -0.040469 0.374240 0.926448 -0.701424 -0.670978 0.240403
-1.662881 -61.389310 -103.542056 -1747.878467 -0.714739 0.619582 -0.324449 0.025190 0.486405 0.873370 -0.698938 -0.616059 0.363260
-0.675742 -61.773817 -561.938960 -306.815315 -0.722702 0.626670 -0.291526 0.029826 0.449677 0.892693 -0.690516 -0.636456 0.343674
-1.120408 -63.645641 301.924865 -2770.488581 -0.708311 0.618145 -0.340871 0.023671 0.503416 0.863720 -0.705504 -0.603713 0.371207
-1.694188 -66.282890 94.638840 -3664.051059 -0.720893 0.598153 -0.350038 0.108644 0.596363 0.795329 -0.684478 -0.535318 0.494899
-2.424679 -65.760181 -182.706166 -1956.352550 -0.722707 0.604989 -0.334191 0.117722 0.584210 0.803020 -0.681055 -0.541006 0.493433
-8.599802 -146.219713 114.962748 11312.592291 0.869430 -0.457518 0.186464 -0.419880 -0.485352 0.766899 0.260369 0.745057 0.614082
-10.262122 -156.895833 -122.047276 -913.272235 0.890146 -0.413887 0.190627 -0.267879 -0.136885 0.953679 0.368621 0.899978 0.232719
-9.076026 -156.913111 -389.354593 8218.416591 0.897555 -0.391266 0.203238 -0.370513 -0.419488 0.828704 0.238988 0.819110 0.521483
21.006936 -73.051914 62.524440 -22.066843 -0.851439 0.518861 0.076382 0.507826 0.852037 -0.127068 -0.131011 -0.069402 -0.988949
23.251163 -72.039247 561.473863 -1380.820845 0.843625 -0.531441 -0.076600 0.466228 0.795803 -0.386432 -0.266324 -0.290291 -0.919131
17.482916 -74.015254 2616.111941 -911.313708 0.855375 -0.517048 0.031550 0.490221 0.788306 -0.371828 -0.167382 -0.333519 -0.927765
13.827612 -74.864761 2042.361877 421.270745 0.841096 -0.537693 0.058688 0.539682 0.827031 -0.157362 -0.036076 -0.164029 -0.985796
8.611190 -74.992771 2628.827331 636.192351 0.833729 -0.545735 0.084079 0.534589 0.759643 -0.370347 -0.138242 -0.353716 -0.925080
3.567930 -157.767067 -727.464187 8327.404133 0.887845 -0.396744 0.233080 0.087268 0.642527 0.761278 0.451792 0.655556 -0.605087
3.695719 -192.693353 132.120585 21283.410944 0.870329 -0.413215 0.267919 0.002645 0.547945 0.836510 0.492463 0.727331 -0.477986
3.325049 -140.778241 -881.561401 2114.014879 0.886252 -0.346501 0.307398 -0.160699 0.392417 0.905641 0.434434 0.852025 -0.292098
3.514722 -119.811933 -470.726495 4199.422907 0.899358 -0.350661 0.261136 -0.093429 0.429337 0.898299 0.427113 0.832290 -0.353366
4.565922 -124.709777 -23.052643 7385.966641 0.889783 -0.383172 0.247924 0.051425 0.623951 0.779770 0.453478 0.681076 -0.574885
5.018747 -163.618004 -10.941442 11402.539122 0.876641 -0.426130 0.223416 0.237453 0.787021 0.569398 0.418470 0.446107 -0.791120
87.039335 -18746.284500 931.125430 -9015822.055588 0.854407 -0.507233 0.112706 0.134501 0.425415 0.894948 0.501894 0.749491 -0.431701
-130.049047 -13750.060155 -5290.795656 -2501567.382954 0.796830 -0.603717 0.024245 0.558525 0.720688 -0.410681 -0.230462 -0.340784 -0.911457
-220.826893 -3138.035480 -51108.925799 -2154344.213028 -0.787516 0.611173 0.079286 0.611240 0.791009 -0.026275 -0.078774 0.027771 -0.996506
-50.947031 -5993.733880 -1503.695848 1101190.646087 0.966481 -0.212127 0.144625 -0.154923 -0.032666 0.987386 0.204727 0.976696 0.064435
-1063.429838 -8338.705921 196436.524513 -7541463.052121 0.757613 -0.578310 0.302622 0.587396 0.806250 0.070197 -0.284584 0.124577 0.950522
25.204417 -53.925875 -2857.537955 -3218.068496 -0.793893 0.319492 0.517358 0.165288 0.932189 -0.322032 -0.585161 -0.170146 -0.792866
18.139901 -49.967901 108.124214 -3264.674405 -0.745135 0.164987 0.646184 -0.019517 0.963107 -0.268410 -0.666628 -0.212613 -0.714424
6.465590 -45.677098 -91.231648 -2743.192179 -0.773916 0.275438 0.570253 0.016369 0.908862 -0.416775 -0.633077 -0.313214 -0.707891
-14.239853 -22.820903 -390.463309 304.568375 0.678310 -0.572456 0.460641 0.548092 -0.023342 -0.836092 -0.489378 -0.819603 -0.297926
-13.359482 -20.059653 403.876760 47.730798 -0.574677 0.594995 -0.561896 0.667518 -0.056428 -0.742453 -0.473462 -0.801746 -0.364742
-15.012665 -22.040830 126.969366 -140.393772 -0.535991 0.529865 -0.657234 0.729315 -0.101503 -0.676607 -0.425222 -0.841986 -0.332034
-1.257017 -63.073628 -35.333200 -4393.415718 0.750239 -0.566469 0.340960 -0.567880 -0.287985 0.771088 0.338606 0.772125 0.537744
-0.775913 -61.149573 348.165803 -4181.365519 0.754479 -0.570073 0.325237 -0.557466 -0.295078 0.775990 0.346400 0.766776 0.540426
-0.499780 -50.387155 -82.956406 -3810.307245 0.750519 -0.563972 0.344466 -0.508046 -0.159054 0.846517 0.422623 0.810332 0.405897
-0.275618 -47.404888 -275.042657 -3518.646458 0.748584 -0.564280 0.348152 -0.483178 -0.104683 0.869241 0.454050 0.818920 0.351012
2018.481509 578.903913 573439.192413 -104405.306468 -0.629581 -0.754587 -0.185003 0.713381 -0.467129 -0.522377 0.307759 -0.460856 0.832404
37.760673 -159.765883 -7174.997755 33197.902547 0.576880 0.816064 0.035338 0.551844 -0.357475 -0.753446 0.602227 -0.454149 0.656560
-5712.211451 -15329.603824 -41812.589313 3911396.324523 0.153741 0.746641 -0.647218 0.489159 -0.626622 -0.606686 0.858538 0.223320 0.461564
-9.862667 -33.040054 7.464232 -2227.191770 0.781055 -0.440726 0.442395 0.156666 0.824082 0.544375 -0.604490 -0.355879 0.712701
-11.259423 -31.167995 427.157929 -1802.150061 0.772055 -0.425495 0.472107 0.114378 0.823717 0.555345 -0.625179 -0.374758 0.684622
-9.783898 -31.710601 413.726162 -2086.508768 0.795382 -0.400942 0.454546 0.064018 0.801320 0.594801 -0.602718 -0.443995 0.663023
-11.385448 -32.380683 -17.016972 -914.869510 0.760130 -0.438878 0.479155 0.184235 0.852731 0.488781 -0.623105 -0.283260 0.729043
-35.642105 -54.561177 234.788632 -2580.309827 -0.680302 0.125443 -0.722117 0.064717 0.991677 0.111300 0.730069 0.028984 -0.682758
-29.729563 -59.882931 -121.686550 -4467.498080 -0.604447 0.217952 -0.766251 0.163714 0.975302 0.148271 0.779642 -0.035825 -0.625200
-19.231538 -60.856288 -2502.580897 -7633.399379 -0.533319 0.131689 -0.835601 0.235231 0.971935 0.003039 0.812550 -0.194939 -0.549328
-22.100425 -45.923650 -1348.788646 -6519.421012 -0.567171 0.005444 -0.823582 0.281114 0.941205 -0.187372 0.774139 -0.337793 -0.535355
96.871854 -67.795418 8056.430299 5324.534023 -0.170886 0.302408 -0.937735 0.707314 -0.624921 -0.330425 -0.685934 -0.719738 -0.107108
105.395375 -68.270873 3167.558261 1291.154012 -0.392709 0.108750 -0.913211 0.734580 -0.560351 -0.382621 -0.553329 -0.821085 0.140169
76.153975 -44.307570 9366.915963 3526.149033 -0.083788 0.474818 -0.876086 0.769826 -0.527402 -0.359464 -0.632730 -0.704553 -0.321338
14.354534 -30.115864 -3429.932253 857.896665 0.870224 -0.479914 0.111326 0.384863 0.803304 0.454515 0.307557 0.352684 -0.883755
19.471554 -31.187615 2038.013759 -112.811466 -0.839396 0.517469 -0.166254 0.445582 0.830320 0.334703 0.311242 0.206868 -0.927542
3.789371 -36.477989 -2964.738873 240.363002 -0.777390 0.270199 -0.568030 0.026978 0.916531 0.399053 0.628441 0.294896 -0.719791
13.981510 -37.125201 -3063.947092 -712.835206 -0.789517 0.157182 -0.593259 -0.024689 0.957731 0.286604 0.613231 0.240926 -0.752265
0.965541 -35.611612 -2562.332175 -818.529622 -0.785904 0.235179 -0.571879 0.089853 0.958467 0.270680 0.611785 0.161344 -0.774395
1.354416 -26.637835 -433.660858 457.488468 -0.668544 -0.479029 -0.568841 -0.468836 0.865242 -0.177622 0.577271 0.147945 -0.803038
2.249788 -27.605796 -240.582664 277.779743 -0.683055 -0.476035 -0.553918 -0.456165 0.870354 -0.185466 0.570393 0.125995 -0.811651
2.237286 -30.154952 -223.978852 334.014384 -0.669291 -0.498979 -0.550518 -0.409687 0.865964 -0.286816 0.619844 0.033577 -0.784007
1.143168 -27.943858 -191.870008 -1421.691846 -0.658899 -0.504734 -0.557760 -0.421753 0.861847 -0.281681 0.622877 0.049638 -0.780743
-5.739980 -54.166122 -589.783647 -1921.578782 0.738389 0.413534 0.532701 -0.643220 0.669189 0.372093 0.202605 0.617394 -0.760116
-8.818130 -56.730250 -931.356154 -2886.762808 0.726212 0.427135 0.538677 -0.646745 0.690161 0.324651 0.233104 0.584152 -0.777450
-6.398697 -48.297190 -555.152226 -2535.202160 0.714004 0.434580 0.548943 -0.605733 0.776623 0.173044 0.351121 0.456067 -0.817751
1.802067 -87.018188 172.765837 -1475.987776 0.726805 0.007798 0.686800 0.185166 0.960689 -0.206860 -0.661414 0.277519 0.696789
0.933683 -91.679578 -31.434810 -960.677376 0.713680 -0.026272 0.699979 0.397068 0.838409 -0.373372 -0.577059 0.544408 0.608788
-1.058122 -88.977761 -247.993328 -813.595166 0.708316 -0.032175 0.705162 -0.528454 -0.686470 0.499495 -0.468001 0.726446 0.503240
-12.411531 -24.212325 -1847.265119 195.830596 0.885749 0.161895 0.435016 -0.464135 0.298277 0.834032 -0.005270 0.940649 -0.339339
-8.240675 -20.713449 -1099.956167 153.715556 0.873068 0.194478 0.447135 -0.486153 0.276636 0.828932 -0.037515 0.941090 -0.336068
-7.836234 -19.728828 -682.562346 -546.063068 0.955272 0.139708 0.260649 -0.289584 0.263160 0.920265 -0.059976 0.954583 -0.291846
0.620737 -83.001108 27.960782 -2148.892027 -0.617890 -0.209386 -0.757872 0.772045 -0.344057 -0.534389 -0.148857 -0.915305 0.374244
-1.234987 -85.074378 -52.900487 -833.221225 -0.583157 -0.220444 -0.781878 0.805957 -0.036395 -0.590855 0.101794 -0.974720 0.198892
1.043597 -98.784804 56.428945 2776.512792 0.649866 0.012163 -0.759952 0.346074 0.885473 0.310114 0.676688 -0.464532 0.571229
2.170247 -92.450795 142.388566 584.310912 0.644277 0.007575 -0.764755 0.170906 0.973238 0.153621 0.745452 -0.229676 0.625740
1.823421 -101.939185 559.378623 1497.514559 0.633362 0.000014 -0.773856 0.229357 0.955066 0.187734 0.739086 -0.296392 0.604899
2.468145 -98.746227 432.367329 1358.311264 0.637882 -0.011029 -0.770055 -0.006772 0.999778 -0.019929 0.770104 0.017928 0.637666
0.388092 -104.658729 -89.621218 76.498895 0.655347 -0.001578 -0.755326 0.452572 0.801438 0.390993 0.604731 -0.598075 0.525934
1.089408 -96.198229 758.672867 2646.736316 0.625017 0.004106 -0.780601 -0.000902 0.999989 0.004538 0.780611 -0.002133 0.625014
0.386608 -98.331236 735.312825 890.479727 0.620048 0.005853 -0.784542 0.211348 0.961760 0.174210 0.755561 -0.273830 0.595101
0.431509 -101.399404 702.003700 -422.010326 0.629060 0.009481 -0.777299 0.418397 0.838606 0.348833 0.655155 -0.544656 0.523566
18.673252 -25.090417 -5352.096833 -162.182082 -0.109629 0.676317 -0.728407 -0.117130 0.718928 0.685144 0.987047 0.160430 0.000401
6.733409 -331.897827 2319.359198 -35286.688298 0.821647 0.062634 -0.566545 0.343111 0.739347 0.579344 -0.455161 0.670405 -0.585992
29.118342 -456.952859 3849.989972 -21668.600147 0.801657 0.084854 -0.591731 0.536399 0.334819 0.774708 -0.263860 0.938454 -0.222894
-13.258820 -27.066258 -981.910871 -549.364433 0.820895 -0.533229 0.204446 0.567704 0.723089 -0.393517 -0.062002 -0.439101 -0.896296
-16.536707 -27.956552 -724.622979 -384.440991 0.836326 -0.499389 0.226205 0.547489 0.782255 -0.297208 0.028528 -0.372408 -0.927630
-16.144375 -26.127805 -228.793158 -286.297957 0.723861 -0.613445 0.315770 0.689899 0.638254 -0.341572 -0.007994 -0.465100 -0.885222
-12.645780 -28.942263 -1447.549515 -403.969971 0.857988 -0.488069 0.160140 0.513224 0.801538 -0.306821 -0.021391 -0.345436 -0.938198
-9.334970 -28.543827 -1756.562866 -574.257213 0.846800 -0.513842 0.137462 0.525543 0.768371 -0.365255 -0.082062 -0.381541 -0.920702
-7.161488 -27.260844 -1510.408277 -718.435335 0.817738 -0.553763 0.157008 0.558937 0.698823 -0.446359 -0.137456 -0.452762 -0.880972
-7.420598 -25.482855 593.333759 -709.464942 -0.845429 -0.444051 -0.296764 -0.255577 0.824258 -0.505252 0.468968 -0.351308 -0.810341
-9.150898 -25.470835 456.834080 179.476127 -0.805863 -0.534525 -0.254692 -0.295505 0.735827 -0.609290 0.513090 -0.415742 -0.750931
-8.031774 -27.642153 446.255371 1081.961167 0.754655 0.634463 0.167188 -0.363239 0.616198 -0.698826 0.546400 -0.466644 -0.695479
4.381825 -95.356199 -156.023033 3164.879880 -0.544648 -0.226641 -0.807461 0.687381 0.430965 -0.584617 0.480485 -0.873443 -0.078936
-15.905544 -491.274996 -1538.668306 -107259.552010 0.543037 0.397925 -0.739436 0.766591 -0.594321 0.243148 -0.342707 -0.698884 -0.627784
-2.445760 -111.702796 -2079.744514 17503.227723 0.770363 0.189136 -0.608908 -0.509727 0.756393 -0.409936 -0.383040 -0.626176 -0.679105
-9.010948 -1749.335067 -5760.537327 -389530.762697 0.698138 0.274413 -0.661287 0.699742 -0.457014 0.549090 -0.151540 -0.846070 -0.511078
-20.421111 -580.677628 -3719.353509 -132400.463513 0.616519 0.264980 -0.741410 0.781385 -0.321512 0.534852 -0.096647 -0.909074 -0.405270
-14.323820 -259.723778 -1503.405548 -51132.210398 0.637329 0.279913 -0.717956 0.709980 -0.575491 0.405880 -0.299566 -0.768413 -0.565510
-24.790474 -37.186137 -19.003096 392.448987 0.493606 -0.025260 0.869319 0.005437 0.999648 0.025961 -0.869668 -0.008088 0.493570
-27.273323 -37.726620 101.239877 -839.514413 0.441436 0.011961 0.897213 -0.147269 0.987318 0.059295 -0.885125 -0.158307 0.437599
-25.823596 -38.335456 -159.567347 420.143562 0.537963 0.036105 0.842195 -0.100393 0.994716 0.021484 -0.836969 -0.096108 0.538745
-25.042857 -36.871959 642.332271 985.065416 0.478997 -0.045537 0.876635 0.136606 0.990354 -0.023198 -0.867122 0.130866 0.480597
-26.125882 -37.649824 553.221242 -39.426154 0.433615 -0.070361 0.898347 0.020748 0.997462 0.068109 -0.900859 -0.010894 0.433975
-24.865762 -37.826991 14.251344 1158.911558 0.563770 0.006245 0.825908 0.056144 0.997369 -0.045866 -0.824021 0.072227 0.561936
-26.435618 -37.949794 -559.503350 -848.259477 0.492918 0.135218 0.859504 -0.297322 0.954560 0.020339 -0.817699 -0.265575 0.510723
13.266267 -30.884890 1642.732814 447.475788 0.514259 -0.567342 0.643165 0.562575 0.789195 0.246335 -0.647338 0.235148 0.725023
-7.000667 -89.238530 -89.660107 -10194.929866 0.691386 -0.653411 0.308284 -0.613122 -0.304915 0.728771 0.382187 0.692878 0.611435
-6.785335 -84.231238 -203.815842 -9100.977458 0.708440 -0.631252 0.315648 -0.587066 -0.278820 0.760008 0.391748 0.723727 0.568114
-6.930599 -100.467365 -130.609124 -7756.453606 0.709008 -0.622933 0.330548 -0.669263 -0.446655 0.593791 0.222251 0.642225 0.733588
-5.328320 -35.144807 476.774935 656.640501 0.756268 -0.554590 0.347115 -0.636273 -0.499875 0.587607 0.152367 0.665248 0.730910
-5.576937 -33.571324 56.511889 -462.901565 0.734915 -0.552478 0.393279 -0.632990 -0.350732 0.690152 0.243358 0.756145 0.607471
-5.437065 -32.572313 76.402566 -1136.095388 0.720586 -0.564945 0.401987 -0.601430 -0.220784 0.767813 0.345020 0.795042 0.498868
-5.945298 -32.961590 425.458669 -1449.443695 0.727993 -0.554131 0.403690 -0.610590 -0.256265 0.749339 0.311780 0.792002 0.524906
-4.664681 -34.959336 -209.369170 -2341.750655 0.730392 -0.562802 0.387016 -0.603044 -0.265291 0.752302 0.320726 0.782863 0.533161
-3.186923 -46.994142 170.586459 546.611860 0.720080 -0.651309 0.239338 -0.681892 -0.600332 0.417882 0.128488 0.464111 0.876409
-3.270782 -51.678775 -161.300583 -3691.093227 0.747206 -0.611256 0.260862 -0.629571 -0.525288 0.572462 0.212893 0.591978 0.777328
-3.513474 -48.212085 -162.964982 2183.772369 0.724448 -0.636903 0.263686 -0.686245 -0.630209 0.363186 0.065137 0.444062 0.893625
-3.014907 -50.619773 -3.232696 -4488.263676 0.738002 -0.631109 0.238860 -0.622273 -0.499577 0.602660 0.261015 0.593401 0.761411
-3.335378 -50.751467 195.261385 4758.356453 0.720158 -0.651687 0.238069 -0.693663 -0.683352 0.227729 -0.014277 0.329141 0.944173
-3.572729 -46.918551 390.413580 -474.363836 0.701875 -0.676139 0.224071 -0.688446 -0.563205 0.456992 0.182792 0.475012 0.860785
-2.778980 -49.260250 314.815268 3859.300468 0.709371 -0.668991 0.221908 -0.704185 -0.659155 0.263891 0.030269 0.343461 0.938679
6.494400 -41.960567 -7.158182 3765.805663 0.716132 -0.631410 0.297452 0.616101 0.772123 0.155712 -0.327987 0.071750 0.941953
6.304063 -53.304830 356.016596 7101.713856 0.714936 -0.638087 0.285852 0.591914 0.769963 0.238316 -0.372162 -0.001180 0.928167
6.161305 -49.480975 -22.659221 4647.315537 0.689765 -0.656419 0.305513 0.623180 0.753064 0.211048 -0.368607 0.044816 0.928504
7.078248 -58.696827 280.765578 4022.770950 0.705095 -0.643513 0.297879 0.517042 0.754036 0.405089 -0.485292 -0.131611 0.864390
-6.726639 -55.436439 368.514868 -489.894586 0.715712 -0.581418 0.386923 0.364033 0.783377 0.503787 -0.596017 -0.219713 0.772327
-5.567639 -50.961346 -332.996358 -520.180473 0.688622 -0.593117 0.417147 0.301270 0.757299 0.579426 -0.659572 -0.273332 0.700181
-6.903303 -53.183327 0.373628 -701.300577 0.708503 -0.578714 0.403874 0.199327 0.713099 0.672130 -0.676973 -0.395703 0.620586
-5.340064 -54.226626 -333.313193 -600.213874 0.679760 -0.608135 0.409998 0.421273 0.781339 0.460477 -0.600379 -0.140293 0.787313
-7.481989 -54.761331 136.094726 -734.041696 0.719194 -0.570236 0.396977 0.259388 0.750392 0.607972 -0.644576 -0.334279 0.687590
-5.539982 -59.197605 -300.519406 -1406.459236 0.695785 -0.589580 0.410218 0.484583 0.806896 0.337783 -0.530153 -0.036239 0.847127
-6.504285 -57.118518 215.912767 -1269.106123 0.702915 -0.596289 0.387751 0.461331 0.797137 0.389547 -0.541373 -0.094937 0.835406
-6.936556 -58.023395 635.382636 -877.506897 0.729217 -0.573196 0.373750 0.414040 0.804462 0.425925 -0.544806 -0.155844 0.823953
7.717456 -56.098919 15.496721 -1737.551017 -0.637883 0.681135 -0.359389 0.078071 -0.407062 -0.910058 0.766166 0.608568 -0.206481
8.598175 -63.107661 23.524881 -1887.038283 -0.640210 0.667891 -0.379543 -0.088685 -0.555023 -0.827094 0.763064 0.495854 -0.414563
6.963602 -61.838800 -178.230443 -3495.328326 -0.606706 0.679101 -0.413194 -0.030200 -0.539104 -0.841697 0.794352 0.498184 -0.347587
8.090322 -57.877490 -222.181447 -1369.991083 -0.641257 0.671781 -0.370810 0.049601 -0.445949 -0.893683 0.765721 0.591473 -0.252647
5.773377 -51.574826 -52.727245 -2321.363855 -0.615078 0.699514 -0.363811 0.073065 -0.408863 -0.909666 0.785073 0.586098 -0.200372
7.795442 -47.782872 -268.109260 -313.984356 -0.626723 0.721093 -0.295369 0.157399 -0.254088 -0.954288 0.763180 0.644565 -0.045743
8.408648 -51.550129 30.670001 -1128.927081 -0.644873 0.690699 -0.327222 0.179079 -0.279671 -0.943247 0.743014 0.666873 -0.056663
8.194549 -55.583171 -250.853223 -1193.385666 -0.640386 0.671784 -0.372307 0.165473 -0.352683 -0.920996 0.750017 0.651399 -0.114691
-8.746857 -38.703093 -734.367375 -419.910238 -0.679979 0.547139 -0.488126 -0.141689 0.555122 0.819612 0.719411 0.626481 -0.299948
-8.683126 -39.106366 -705.812557 -488.466234 -0.666865 0.581031 -0.466577 0.226585 -0.438375 -0.869762 0.709894 0.685734 -0.160684
-8.344596 -37.016235 599.134272 544.195532 0.663577 -0.565410 0.489876 -0.350556 0.343469 0.871286 0.660891 0.749894 -0.029710
5.949719 -51.254273 1733.848982 -2465.024767 0.229632 -0.349174 0.908486 0.973269 0.086364 -0.212813 -0.004152 0.933069 0.359672
-0.241045 -51.176400 112.916791 643.195675 0.210610 -0.327723 0.921000 0.973256 0.158710 -0.166085 -0.091742 0.931348 0.352385
13.075856 -48.245726 3993.221508 -1878.008344 0.197594 -0.391703 0.898624 0.970833 0.205176 -0.124037 -0.135791 0.896923 0.420820
0.779468 -60.104812 -80.268185 -2229.708395 0.708812 -0.650851 0.271988 0.133495 -0.254845 -0.957723 -0.692650 -0.715155 0.093752
0.731552 -57.869868 619.160940 -266.441650 0.726262 -0.631508 0.271554 0.073247 -0.321694 -0.944006 -0.683505 -0.705486 0.187378
-5.378528 -27.740364 -523.944659 3259.994359 0.803907 -0.404811 0.435731 -0.541165 -0.801785 0.253538 -0.246727 0.439623 0.863630
-4.886859 -30.227324 -523.500044 823.701387 0.815415 -0.370444 0.444826 -0.551544 -0.730511 0.402682 -0.175779 0.573694 0.799986
