16671
33334
-49.960624 -71.956149 970.804782 5146.993796 -0.420300 0.907128 0.021591 0.750853 0.361056 -0.553045 0.509478 0.216233 0.832872
-45.874376 -74.713699 -1105.118164 11832.699402 -0.553596 0.796503 0.243133 0.583927 0.579414 -0.568602 0.593768 0.172804 0.785861
-41.101660 -58.258289 1373.183161 5245.984050 -0.215530 0.967934 -0.129041 0.755481 0.081558 -0.650075 0.618705 0.237598 0.748833
-38.044532 -53.959692 -1282.893444 8397.831219 -0.287859 0.957206 0.029917 0.651920 0.218743 -0.726052 0.701525 0.189497 0.686989
-39.104667 -57.887535 1798.772935 4005.975451 -0.107951 0.944598 -0.309970 0.812507 -0.095837 -0.575019 0.572869 0.313927 0.757147
-33.011861 -49.466482 1928.408936 3963.546009 0.047997 0.910483 -0.410753 0.735669 -0.310384 -0.602041 0.675639 0.273282 0.684711
83.948024 -106.253399 -7477.255355 -2938.183530 -0.486487 0.743390 0.459022 0.629040 -0.066588 0.774516 0.606333 0.665535 -0.435228
86.257206 -113.342913 3164.253635 4640.469280 0.545391 -0.656043 -0.521686 0.469888 -0.276093 0.838438 0.694085 0.702411 -0.157688
85.901690 -112.226841 -4413.132438 -4855.613765 0.641873 -0.540587 -0.543842 0.609847 -0.070059 0.789416 0.464850 0.838366 -0.284706
80.500344 -100.255386 2233.215272 -12167.874210 -0.603916 0.604618 0.519348 0.717656 0.128991 0.684347 0.346777 0.786002 -0.511808
-41.351763 -73.807188 -1572.075139 -3985.673950 -0.314759 0.939400 0.135846 -0.708839 -0.137459 -0.691847 0.631248 0.314058 -0.709150
-38.656002 -71.787568 -1676.784347 -3666.595959 -0.264036 0.961981 0.069845 -0.667457 -0.129962 -0.733220 0.696266 0.240215 -0.676395
-39.686233 -74.361400 -2116.747119 633.755350 -0.250992 0.965018 0.075779 -0.814321 -0.168174 -0.555516 0.523339 0.201139 -0.828045
-46.299262 -76.138710 -2592.607505 -1149.344921 -0.327097 0.927503 0.180958 -0.804911 -0.173127 -0.567579 0.495102 0.331308 -0.803187
31.567238 -47.182337 -4555.997376 -1256.594640 -0.209815 0.962156 0.173880 0.188113 0.214240 -0.958496 0.959474 0.168397 0.225945
25.878509 -46.944407 -6982.238390 -185.837279 -0.146498 0.973299 0.176715 0.277611 0.211915 -0.937029 0.949458 0.088215 0.301243
32.778050 -45.571072 -3027.280473 -113.263341 -0.238450 0.957352 0.163155 0.285361 0.229654 -0.930499 0.928284 0.175320 0.327951
24.311651 -45.800232 -4416.953451 770.736350 -0.172291 0.971461 0.163030 0.376032 0.217834 -0.900638 0.910448 0.093867 0.402832
33.842496 -46.178294 2382.552047 -1096.909813 -0.320844 0.934768 0.152538 0.205100 0.225802 -0.952338 0.924658 0.274266 0.264168
28.049494 -43.811649 -484.489260 434.260478 -0.271524 0.953443 0.131226 0.390022 0.233657 -0.890667 0.879862 0.190657 0.435308
32.931962 -44.650775 2814.465854 -119.880975 -0.324570 0.935909 0.136851 0.294813 0.237577 -0.925550 0.898743 0.260060 0.353028
-9.180304 -47.098140 4552.187774 -2088.339164 -0.134851 0.977751 -0.160681 -0.496823 -0.207025 -0.842798 0.857311 0.033822 -0.513686
-10.691263 -49.668086 3778.794075 -2421.009649 -0.143158 0.974479 -0.172905 -0.582173 -0.224198 -0.781544 0.800363 0.011224 -0.599411
-4.543357 -47.280937 3491.403174 -1879.754587 -0.106356 0.989877 -0.093980 -0.549782 -0.137297 -0.823948 0.828510 0.035964 -0.558818
-15.002242 -49.825009 2268.672140 -2263.125314 -0.132943 0.963375 -0.232885 -0.551326 -0.267143 -0.790364 0.823630 -0.023322 -0.566648
-0.204983 -45.578989 4925.996503 -894.868192 -0.109924 0.989653 -0.092219 -0.465407 -0.133231 -0.875012 0.878244 0.053265 -0.475237
-2.748213 -43.451063 5357.965731 -417.665458 -0.125966 0.983591 -0.129153 -0.414355 -0.170456 -0.894010 0.901356 0.059100 -0.429028
-12.963118 -45.221800 3549.588280 -1715.757918 -0.121452 0.970190 -0.209718 -0.441045 -0.242026 -0.864236 0.889229 0.012468 -0.457292
2.729198 -47.127374 -1057.565003 853.769858 0.209932 0.833569 -0.510972 -0.813256 -0.141224 -0.564509 0.542718 -0.534059 -0.648257
2.680063 -44.498538 -963.169306 1794.268510 0.188726 0.821531 -0.538024 0.838735 0.150123 0.523437 0.510790 -0.550045 -0.660715
1.417878 -48.386049 -309.557865 1461.187280 0.186095 0.831520 -0.523395 -0.799874 -0.181141 -0.572179 0.570587 -0.525130 -0.631402
1.147545 -47.542711 -982.149432 3209.361831 0.209748 0.833459 -0.511226 -0.773342 -0.178521 -0.608336 0.598288 -0.522950 -0.607104
5.268189 -44.945753 98.393229 -1553.316320 0.241267 0.929346 -0.279475 0.145473 -0.319362 -0.936400 0.959494 -0.185266 0.212246
3.997120 -46.442864 -50.861642 -937.461882 0.240567 0.932156 -0.270577 0.245623 -0.328153 -0.912132 0.939040 -0.152969 0.307902
5.066616 -45.779427 -248.264036 -1335.201798 0.236606 0.936710 -0.258053 0.222571 -0.310786 -0.924053 0.945769 -0.161201 0.282018
4.532855 -46.279314 -468.421909 -707.615478 0.241653 0.932456 -0.268570 0.083465 -0.295720 -0.951621 0.966766 -0.207546 0.149289
5.882788 -46.244767 315.435607 991.678807 0.241574 0.926702 -0.287865 -0.002774 -0.295991 -0.955187 0.970379 -0.231546 0.068933
35.418129 -78.759350 -4775.402458 -3810.458271 0.122688 0.936069 -0.329731 -0.703194 -0.152458 -0.694460 0.700333 -0.317067 -0.639533
28.178053 -73.899524 -5947.203404 -3176.863621 0.174398 0.910384 -0.375215 -0.606731 -0.200771 -0.769135 0.775541 -0.361790 -0.517344
35.404623 -73.276376 -5057.830766 -5107.864259 0.146238 0.941479 -0.303697 -0.565435 -0.172355 -0.806583 0.811725 -0.289674 -0.507140
-2.483337 -110.918800 -784.072560 -5694.602426 -0.038569 -0.972189 -0.231000 0.998876 -0.031132 -0.035756 0.027570 -0.232119 0.972297
-3.581954 -116.613513 196.873056 8741.063063 0.061934 0.969168 0.238492 0.949811 0.016179 -0.312407 0.306633 -0.245871 0.919524
-3.810296 -113.627028 375.979743 2662.690718 0.035496 0.972082 0.231940 0.971459 0.020904 -0.236284 0.234536 -0.233708 0.943596
-2.713497 -113.484906 176.587610 -81.999948 -0.061334 -0.965532 -0.252953 0.992298 -0.031658 -0.119764 0.107628 -0.258350 0.960037
-2.295242 -108.255444 71.480279 -8489.960410 -0.020239 -0.971466 -0.236313 0.995969 -0.040248 0.080156 -0.087380 -0.233738 0.968365
-1.939441 -109.076832 -293.509788 -13721.866174 -0.033729 -0.970545 -0.238548 0.982555 -0.075878 0.169791 -0.182890 -0.228660 0.956173
-1.655937 -110.507741 147.326147 -13157.192696 -0.046570 -0.966254 -0.253348 0.985022 -0.086573 0.149121 -0.166022 -0.242609 0.955813
-0.115576 -113.122896 -1216.486244 11438.599229 -0.108437 0.985433 0.131006 0.408953 -0.075895 0.909394 -0.906090 -0.152187 0.394766
0.801737 -115.217110 -148.258828 12770.388950 -0.101686 0.987266 0.122337 0.423005 -0.068395 0.903543 -0.900404 -0.143626 0.410663
0.949190 -95.946757 -991.594050 11908.735731 -0.092104 0.984112 0.151790 0.608059 -0.065129 0.791216 -0.788531 -0.165172 0.592400
-0.687056 -93.402514 -932.318806 13542.475386 -0.087647 0.984953 0.148946 0.594319 -0.068292 0.801325 -0.799440 -0.158755 0.579390
-2.126151 -106.245868 -770.141555 9235.623345 -0.091652 0.986853 0.133118 0.398496 -0.086162 0.913114 -0.912579 -0.136736 0.385360
41.585627 -49.524843 22236.083076 58.208251 -0.075447 0.827757 -0.555992 0.358989 0.542741 0.759315 -0.930288 0.142306 0.338104
33.032303 -49.262830 13441.218732 -803.832348 -0.086650 0.839981 -0.535653 0.241489 0.539349 0.806713 -0.966527 0.059452 0.249581
1.262329 -48.356216 3568.186115 -852.014700 -0.102772 0.865092 -0.490973 0.316974 0.496337 0.808194 -0.942850 0.072566 0.325221
171.510414 -50.839661 59364.941463 2019.409977 -0.087947 0.816105 -0.571172 0.314557 0.566808 0.761435 -0.945156 0.112700 0.306561
196.966275 -50.654781 71329.964824 2289.356414 -0.101376 0.792451 -0.601452 0.410062 0.584105 0.700478 -0.906406 0.175621 0.384168
52.538528 -47.599467 26175.360617 912.131450 -0.070795 0.794186 -0.603536 0.451046 0.565152 0.690768 -0.889688 0.223320 0.398225
25.671653 -30.886892 -11800.035523 1476.286785 0.639502 -0.731706 0.235888 0.751726 0.530860 -0.391275 0.161075 0.427544 0.889528
12.809560 -25.947604 -5449.258262 -1558.959711 0.753251 -0.636086 0.167355 -0.631060 -0.627195 0.456496 0.185406 0.449468 0.873844
32.716750 -30.787744 -16254.685402 -4415.733860 0.706201 -0.671778 0.223595 -0.678488 -0.551873 0.484862 0.202323 0.494116 0.845526
54.286196 -37.864872 -15747.381938 5174.768979 0.631098 -0.755953 0.173928 0.732341 0.506734 -0.454860 0.255717 0.414435 0.873414
54.036276 -30.459931 -18879.194149 -4478.642467 0.717979 -0.667789 0.196378 -0.655607 -0.553992 0.513101 0.233851 0.497142 0.835561
8.419239 -77.541550 919.441617 1075.619683 -0.034815 0.963155 0.266686 0.620781 -0.188283 0.761039 -0.783211 -0.192049 0.591353
12.447367 -77.904082 2282.881754 1909.250690 -0.024933 0.960389 0.277546 0.723228 -0.174342 0.668241 -0.690159 -0.217390 0.690233
10.404735 -81.762998 1056.179695 2444.886085 -0.036441 0.961724 0.271586 0.570378 -0.203137 0.795867 -0.820573 -0.183909 0.541144
-1.615094 -40.127535 2130.082619 -3.915777 -0.082598 0.965534 -0.246823 0.417844 -0.191296 -0.888151 0.904756 0.176493 0.387642
-0.205467 -39.704168 2573.076099 506.869696 -0.088932 0.962355 -0.256834 0.319863 -0.216605 -0.922372 0.943281 0.164180 0.288559
2.680169 -39.226903 2422.087147 311.944291 -0.085539 0.965083 -0.247582 0.398862 -0.194542 -0.896138 0.913013 0.175406 0.368294
-5.389390 -41.518771 2346.544360 -891.113474 -0.069936 0.958594 -0.276055 0.395020 -0.227499 -0.890058 0.916007 0.171294 0.362753
0.784850 -42.643044 2204.329914 1132.172708 -0.078417 0.962912 -0.258168 0.478776 -0.190771 -0.856960 0.874428 0.190805 0.446060
-4.813279 -43.222401 1706.752756 741.339232 -0.074725 0.966812 -0.244318 0.473012 -0.181322 -0.862196 0.877882 0.179993 0.443764
-8.436059 -131.944210 4924.347126 18752.042993 -0.900902 0.100122 -0.422317 0.161213 0.980609 -0.111424 0.402972 -0.168465 -0.899574
-8.969472 -137.077198 -4810.770533 3190.302945 0.888452 -0.128000 0.440760 0.299930 0.888826 -0.346453 0.347413 -0.440004 -0.828070
-9.083658 -140.283427 202.255386 13840.031396 -0.887936 0.107831 -0.447148 0.222175 0.951753 -0.211672 0.402750 -0.287296 -0.869053
70.917362 -36.569769 6361.916018 2097.538751 0.009106 0.928422 0.371416 0.649053 0.277068 -0.708494 0.760688 -0.247520 0.600072
68.387368 -38.880944 -3538.916138 1451.354409 0.118369 0.887709 0.444930 0.711932 0.236486 -0.661231 0.692200 -0.395029 0.603996
63.951812 -33.941693 17250.907323 1303.224025 -0.075539 0.975602 0.206143 0.678645 0.201767 -0.706209 0.730571 -0.086552 0.677329
58.911495 -34.945373 15042.294060 -602.486345 -0.102275 0.962412 0.251600 0.631801 0.258207 -0.730860 0.768353 -0.084212 0.634461
-28.250771 -94.101650 -1374.090129 4937.815958 0.987835 -0.071663 0.138007 -0.155364 -0.492499 0.856333 -0.006600 0.867357 0.497642
-27.707054 -103.247334 -900.072099 580.943029 0.974874 -0.087503 0.204849 -0.219715 -0.226300 0.948954 0.036679 0.970119 0.239840
-22.182881 -93.982882 -4886.231701 5834.646286 0.980165 -0.024151 0.196706 -0.187211 -0.438499 0.879017 -0.065027 0.898407 0.434323
-2.101963 -190.465122 -2022.885962 8841.358751 -0.684439 0.032285 -0.728355 0.079345 0.996384 -0.030395 0.724740 -0.078595 -0.684525
-3.620455 -248.610337 -1236.463160 35343.309804 -0.713295 -0.046904 -0.699293 0.231008 0.926269 -0.297761 0.661699 -0.373934 -0.649868
-3.891616 -190.367853 226.449655 19787.785159 -0.710288 0.023104 -0.703532 0.211683 0.960208 -0.182183 0.671328 -0.278328 -0.686915
-2.079440 -160.353051 -913.452558 510.513333 -0.691348 0.069266 -0.719194 0.088638 0.996006 0.010721 0.717064 -0.056336 -0.694727
-5.723306 -190.527032 113.454175 16590.076808 -0.709297 0.052782 -0.702931 0.164799 0.981975 -0.092556 0.685375 -0.181492 -0.705210
16.370296 -45.368365 3806.300630 2207.522618 0.003072 0.999964 -0.007852 -0.836921 -0.001727 -0.547320 0.547314 -0.008252 -0.836886
15.822864 -39.579668 3570.016841 2512.845942 0.013220 0.999829 -0.012900 -0.903181 0.006405 -0.429211 0.429056 -0.017325 -0.903112
18.453256 -42.443632 2254.435081 2771.678280 0.036312 0.997919 -0.053280 -0.877654 0.006348 -0.479253 0.477917 -0.064164 -0.876058
18.073459 -42.510282 -1809.078678 2705.359662 0.068046 0.992715 -0.099432 -0.881461 0.013136 -0.472075 0.467330 -0.119768 -0.875933
18.415911 -46.714522 1313.903883 1719.012587 0.038281 0.996843 -0.069557 -0.824924 -0.007759 -0.565191 0.563946 -0.079015 -0.822023
-11.469239 -44.167765 -1581.314686 -5316.756338 0.132868 0.970310 0.202099 0.964507 -0.079635 -0.251763 -0.228194 0.228377 -0.946452
-13.154982 -45.774253 -940.926808 -2904.515015 0.243664 0.957254 0.155863 0.957005 -0.211231 -0.198805 -0.157384 0.197603 -0.967566
-5.225640 -35.204839 -2117.466452 6114.438458 0.261327 0.953714 0.148789 -0.918245 0.198113 0.342896 -0.297548 0.226233 -0.927515
-7.473425 -32.778980 -2185.427536 6706.717857 0.094251 0.972723 0.211961 -0.944972 0.020413 0.326514 -0.313281 0.231072 -0.921119
-0.025928 -35.492592 -1781.002090 8974.037398 0.454370 0.886845 0.083990 -0.829213 0.386615 0.403652 -0.325505 0.253053 -0.911049
4.246545 -18.888064 -3892.318131 6716.975251 0.338176 0.934913 0.107584 -0.867871 0.265615 0.419820 -0.363919 0.235342 -0.901209
-12.901234 -34.419576 -1037.422376 432.789308 -0.020875 0.979951 0.198141 -0.321022 0.181120 -0.929591 0.946842 0.083013 -0.310805
-12.175613 -34.909898 -195.001175 -385.884556 0.006083 0.965615 0.259906 -0.389907 0.241630 -0.888588 0.920834 0.095934 -0.377970
-15.314484 -36.159293 -1063.077283 214.193494 -0.014837 0.964990 0.261868 -0.376957 0.237175 -0.895350 0.926112 0.111997 -0.360240
-9.165460 -32.951583 -1615.937376 168.232279 0.004346 0.985200 0.171356 -0.343728 0.162388 -0.924922 0.939059 0.054880 -0.339347
-3.442551 -80.508481 -648.911750 9873.524016 0.145818 0.973418 -0.176618 0.922422 -0.198305 -0.331381 0.357596 0.114595 0.926819
-4.556739 -79.498933 111.656033 9228.163397 0.125270 0.978065 -0.166421 0.919702 -0.177393 -0.350257 0.372096 0.109181 0.921750
-3.351324 -75.315301 88.774879 7050.481285 0.146885 0.971096 -0.188144 0.875995 -0.216048 -0.431227 0.459411 0.101472 0.882409
-2.579045 -78.080216 -282.962573 9625.060971 0.156665 0.968522 -0.193445 0.879635 -0.225892 -0.418587 0.449109 0.104583 0.887335
-4.058283 -70.774145 5222.600502 -5732.510205 -0.002075 0.990725 0.135866 -0.252931 0.130928 -0.958584 0.967482 0.036353 -0.250313
9.730268 -108.418348 3633.407173 -18747.979723 0.011075 0.971975 0.234824 -0.385257 0.220856 -0.895991 0.922743 0.080545 -0.376906
12.493073 -97.611502 -2901.977585 -4027.512529 0.080768 0.987095 0.138278 -0.389942 0.158966 -0.907014 0.917290 -0.019337 -0.397749
8.992131 -79.783067 -3946.829179 1471.554243 0.088316 0.996084 -0.004222 -0.177811 0.011595 -0.983996 0.980094 -0.087653 -0.178139
-5.525599 -44.868287 1042.155286 2487.447891 -0.066532 0.963734 -0.258439 0.553053 -0.179966 -0.813477 0.830485 0.197053 0.521022
-7.297906 -44.423481 1203.845602 1371.705049 -0.054100 0.963519 -0.262115 0.511702 -0.198661 -0.835880 0.857458 0.179346 0.482287
6.481239 -22.016565 -977.201149 329.803918 -0.964407 -0.007794 -0.264306 -0.057663 0.981708 0.181453 0.258057 0.190235 -0.947215
5.179671 -20.487109 -127.193253 388.013539 -0.970981 0.104013 -0.215354 0.052222 0.970953 0.233501 0.233386 0.215479 -0.948209
7.393724 -22.781495 246.202556 136.431353 -0.971284 0.094610 -0.218305 0.053839 0.981137 0.185668 0.231753 0.168583 -0.958056
2.383604 -19.684368 174.729645 1218.764831 0.962336 0.049058 0.267401 -0.116850 0.962736 0.243898 0.245471 0.265957 -0.932207
8.743318 -23.919605 -773.684719 461.894869 -0.966642 0.017968 -0.255500 -0.017991 0.990309 0.137709 0.255499 0.137712 -0.956951
6.428068 -24.254528 -1790.420849 299.955327 -0.946360 -0.105892 -0.305270 -0.149282 0.981186 0.122432 0.286561 0.161436 -0.944363
2.885765 -22.829439 -925.719632 525.765115 -0.940217 -0.149767 -0.305879 -0.208327 0.963409 0.168647 0.269429 0.222288 -0.937015
26.397113 -22.695125 10965.264434 -2893.543973 -0.238789 0.968222 -0.074340 0.675025 0.220537 0.704063 -0.698084 -0.117941 0.706236
4.831967 -18.607588 1861.131131 -2764.090893 -0.264359 0.960640 -0.085353 0.646077 0.242109 0.723857 -0.716030 -0.136213 0.684651
21.969526 -27.020868 9108.608561 -3685.333875 -0.263040 0.958015 -0.114097 0.681156 0.268160 0.681261 -0.683254 -0.101481 0.723094
68.982950 -29.883648 24692.616794 -2469.689805 -0.193235 0.980430 -0.037650 0.731201 0.169489 0.660772 -0.654222 -0.100154 0.749642
-8.701496 -54.913604 3065.060740 -806.520924 0.758085 0.614626 0.218042 -0.502368 0.337168 0.796206 -0.415852 0.713129 -0.564370
-9.534500 -50.645907 1363.002671 133.588076 0.740247 0.635565 0.219299 -0.553702 0.391269 0.735066 -0.381377 0.665557 -0.641550
-10.744404 -51.621406 1848.166756 -156.403509 0.741748 0.641318 0.196271 -0.509945 0.349211 0.786135 -0.435622 0.683201 -0.586063
-11.886095 -52.999138 1078.432841 -1554.709264 0.735274 0.657777 0.163406 -0.463237 0.311723 0.829602 -0.494756 0.685681 -0.533908
-9.323916 -58.177677 2999.670495 -2822.804491 0.764590 0.619624 0.177392 -0.437430 0.296745 0.848880 -0.473346 0.726642 -0.497931
-9.720411 -21.513396 4252.080770 -1533.075357 0.147074 0.988320 0.039909 0.745649 -0.137292 0.652042 -0.649905 0.066140 0.757132
-0.559402 -25.133214 3376.347516 -1503.280010 0.148248 0.988145 0.039904 0.785594 -0.142178 0.602186 -0.600720 0.057925 0.797358
2.223667 -21.813820 3356.362033 -2019.198830 0.185861 0.979716 0.074920 0.737582 -0.189489 0.648126 -0.649176 0.065202 0.757839
-0.878852 -47.060748 -909.379700 -1869.225983 0.184361 0.980501 -0.068032 -0.273965 0.117741 0.954505 -0.943904 0.157335 -0.290329
-2.008061 -47.771717 -242.247799 272.753210 0.204715 0.972910 -0.107413 -0.309198 0.168395 0.935970 -0.928703 0.158395 -0.335295
-0.289781 -49.429880 -517.651859 505.901854 0.201277 0.974143 -0.102626 -0.326834 0.165555 0.930468 -0.923400 0.153740 -0.351705
1.618217 -49.950092 -1099.328494 -386.776621 0.190996 0.978107 -0.082624 -0.301478 0.138558 0.943352 -0.934147 0.155267 -0.321342
1.482088 -99.738309 -1864.184396 -10084.450557 0.599017 0.800284 0.026933 0.800001 -0.599569 0.022693 -0.034309 -0.007952 0.999380
0.340879 -95.521588 -732.065324 -10065.187713 -0.591205 -0.806504 0.005336 0.806495 -0.591119 0.011994 -0.006519 0.011394 0.999914
1.854270 -87.169478 -289.491753 -7632.883599 0.569561 0.821936 0.004665 0.807071 -0.560317 0.186226 -0.155680 0.102302 0.982496
3.292998 -91.415093 -1348.387314 -5112.463863 0.575663 0.817661 0.006468 0.803200 -0.566929 0.182924 -0.153236 0.100108 0.983106
-11.893790 -51.936471 -601.909472 101.479752 0.449725 0.893015 -0.016484 0.761317 -0.392922 -0.515760 0.467058 -0.219400 0.856575
-12.918632 -52.612665 -267.457349 203.201252 0.439354 0.896819 -0.051799 0.727680 -0.389117 -0.564863 0.526736 -0.210482 0.823557
-14.035817 -52.819547 -1007.914782 313.583749 0.454698 0.889231 -0.050184 0.770025 -0.420808 -0.479564 0.447561 -0.179413 0.876071
4.525288 -135.034185 42.108404 968.312213 -0.097620 0.805132 -0.585007 0.479586 0.553119 0.681217 -0.872048 0.214061 0.440126
2.842847 -134.179105 -521.697500 3439.882433 -0.085229 0.819037 -0.567376 0.635718 0.483178 0.601998 -0.767202 0.309383 0.561857
1.510062 -135.200319 72.653952 306.966567 -0.104696 0.819555 -0.563355 0.715370 0.455574 0.529809 -0.690857 0.347539 0.633982
5.711159 -138.903751 -1838.378565 1510.106139 -0.109773 0.814709 -0.569385 0.442323 0.553039 0.706044 -0.890113 0.174347 0.421073
3.906136 -127.162919 713.585586 1673.519948 -0.116339 0.800513 -0.587915 0.360909 0.585544 0.725867 -0.925316 0.127738 0.357034
3.502132 -129.099548 1094.402542 -3430.294348 -0.091495 0.795706 -0.598732 0.198696 0.603751 0.772013 -0.975781 0.048331 0.213344
5.700373 -129.771347 -1018.729713 -2108.336418 -0.112479 0.794897 -0.596228 0.267841 0.602080 0.752171 -0.956875 0.075090 0.280627
5.468486 -123.590449 -810.090869 -6621.191319 -0.112986 0.783281 -0.611314 0.052948 0.619126 0.783505 -0.992185 -0.056157 0.111426
4.957521 -120.446204 -1092.018579 -11332.551704 -0.114648 0.768799 -0.629129 -0.134384 0.615481 0.776611 -0.984275 -0.173582 -0.032750
4.706872 -135.437349 -2100.672426 -5425.061251 -0.115350 0.791228 -0.600543 0.139539 0.611491 0.778850 -0.983475 -0.006041 0.180943
5.390133 -209.588517 3057.173036 17684.753752 0.019062 -0.841840 0.539391 0.998356 -0.013142 -0.055792 0.054057 0.539568 0.840205
7.850275 -238.939879 1021.055280 27089.479441 0.023049 -0.823615 0.566680 0.996642 -0.025616 -0.077769 0.078568 0.566570 0.820259
5.608035 -189.759832 2592.178850 18178.211880 -0.038487 -0.836321 0.546888 0.925929 -0.235636 -0.295180 0.375732 0.495019 0.783442
6.670560 -246.820154 1307.265202 16562.307493 0.060493 -0.823841 0.563583 0.962318 0.198097 0.186285 -0.265114 0.531077 0.804781
4.921874 -180.226958 1545.116849 24630.990851 -0.029858 -0.838604 0.543923 0.948649 -0.195218 -0.248906 0.314917 0.508560 0.801370
3.337622 -229.663857 1063.770110 18723.726557 0.068972 -0.829900 0.553632 0.967252 0.191510 0.166574 -0.244266 0.524013 0.815932
-9.483743 -150.829306 -568.470400 9071.463920 -0.084587 0.773031 -0.628704 0.892605 -0.221631 -0.392602 -0.442833 -0.594393 -0.671264
-7.239637 -159.189922 -1307.605855 -9389.442966 -0.116747 0.761584 -0.637463 -0.767786 0.337929 0.544343 -0.629980 -0.552986 -0.545282
-8.101963 -158.458865 -222.920022 -7001.744528 -0.104516 0.788749 -0.605765 -0.703499 0.371903 0.605621 -0.702969 -0.489452 -0.516015
-9.618649 -147.947574 -653.015923 -12124.229444 -0.099119 0.789024 -0.606314 -0.798943 0.300121 0.521170 -0.593183 -0.536068 -0.600637
-30.055884 -44.488445 -1636.702498 -999.185693 0.153509 0.901974 0.403582 -0.574323 -0.250915 0.779227 -0.804107 0.351405 -0.479507
-29.020638 -45.954222 -1462.550375 -161.806056 0.205630 0.917050 0.341667 -0.448485 -0.222002 0.865781 -0.869815 0.331263 -0.365632
-28.793727 -45.977432 731.069864 -540.351377 0.223772 0.869530 0.440277 -0.507538 -0.281689 0.814283 -0.832064 0.405671 -0.378286
-28.069312 -47.145495 551.997489 -408.369076 0.246294 0.878311 0.409768 -0.400219 -0.292894 0.868354 -0.882703 0.377867 -0.279379
-24.659324 -47.505671 3250.237661 -524.889333 0.296582 0.839698 0.454913 -0.444126 -0.300429 0.844094 -0.845453 0.452382 -0.283830
0.076581 -87.381079 330.675180 4201.467833 -0.101932 0.758957 -0.643113 -0.744274 0.370760 0.555512 -0.660050 -0.535277 -0.527079
-0.786329 -92.360995 142.917417 3450.930292 -0.107651 0.758174 -0.643105 -0.721379 0.385553 0.575293 -0.684123 -0.525853 -0.505425
-0.121863 -83.006605 475.974647 440.029134 -0.118311 0.768871 -0.628363 -0.635742 0.427456 0.642739 -0.762780 -0.475520 -0.438231
0.419799 -83.477211 714.449200 1069.363295 -0.107444 0.769228 -0.629876 -0.686066 0.401163 0.606945 -0.719562 -0.497349 -0.484639
-0.152569 -91.514059 -164.933530 5044.812240 -0.102728 0.755144 -0.647460 -0.797605 0.326400 0.507237 -0.594368 -0.568525 -0.568776
-49.025074 -613.261268 -16830.698062 -225114.356877 0.423773 -0.573626 0.700978 0.734668 0.670344 0.104417 -0.529792 0.470736 0.705498
-43.054669 -476.123531 -7291.001182 -136793.443888 0.508033 -0.501977 0.699944 0.777668 0.616689 -0.122177 -0.370318 0.606394 0.703669
-25.588230 -1559.028719 -10851.741324 -659159.795205 0.398806 -0.522017 0.753958 0.875024 0.462619 -0.142540 -0.274386 0.716576 0.641272
-26.847089 -412.769473 -12940.197787 -128371.699590 0.409271 -0.529949 0.742732 0.782164 0.622927 0.013467 -0.469804 0.575427 0.669453
-17.641629 -50.574557 240.041866 595.860353 -0.410312 0.845782 0.341024 -0.776236 -0.520187 0.356179 -0.478646 0.118570 -0.869965
-14.946830 -49.736937 117.385797 1052.551399 -0.383948 0.854013 0.351063 -0.712284 -0.515877 0.475943 -0.587567 0.067319 -0.806370
-16.706032 -51.954773 238.192487 295.000582 -0.424551 0.807503 0.409507 -0.735329 -0.571404 0.364403 -0.528250 0.146415 -0.836370
-17.769629 -51.611988 357.107935 -359.608152 -0.426512 0.814506 0.393279 -0.802632 -0.541286 0.250583 -0.416978 0.208781 -0.884613
-18.411861 -50.861350 822.422444 343.378610 -0.460595 0.812582 0.357159 -0.808059 -0.550370 0.210080 -0.367277 0.191844 -0.910112
-18.944732 -48.159696 -66.734833 1084.649052 -0.452368 0.837389 0.306827 -0.794454 -0.534698 0.287994 -0.405222 0.113480 -0.907148
-14.385537 -24.199116 1084.866242 2632.621861 -0.164673 0.904251 0.393971 0.981973 0.112719 0.151732 0.092795 0.411855 -0.906512
-14.081446 -29.428020 941.727813 2329.665695 -0.265453 0.876903 0.400719 0.963798 0.230554 0.133932 0.025058 0.421765 -0.906359
-12.109354 -23.472103 1336.045134 2830.327854 -0.128519 0.894152 0.428923 0.988041 0.078293 0.132835 0.085193 0.440865 -0.893521
-10.588423 -18.414368 2322.853910 1799.025252 0.151834 0.875151 0.459409 0.979040 -0.196998 0.051701 0.135749 0.441930 -0.886719
-3.552023 -122.894345 361.926187 -9401.133950 0.410668 0.908085 -0.082058 0.137749 0.027174 0.990094 -0.901320 0.417903 0.113929
-3.105652 -119.979145 -1438.603090 3089.989041 0.394053 0.917487 -0.054230 0.404784 -0.120272 0.906468 -0.825150 0.379148 0.418777
-4.745069 -121.714655 -1658.204615 -9765.004441 0.388105 0.919113 -0.067873 0.168916 0.001458 0.985629 -0.906003 0.393992 0.154687
86.765520 -6289.335125 -4071.044340 -3323669.382363 0.994571 -0.066331 0.080184 -0.048742 -0.977712 -0.204214 -0.091943 -0.199197 0.975637
-528.398298 -2197.408216 48064.841696 963536.917898 0.158458 0.688214 -0.707992 0.505612 0.559343 0.656881 -0.848085 0.462057 0.259337
-2371.985066 -2748.285085 365879.624822 2102488.520228 -0.394699 0.852829 -0.341901 0.526067 0.514840 0.676900 -0.753303 -0.087309 0.651852
-251.508162 -1202.850214 -85842.007507 429853.308144 0.094693 0.096334 -0.990834 0.805554 -0.592204 0.019409 -0.584906 -0.800009 -0.133680
-138.631815 -444.670423 -24892.683882 60797.301836 0.861270 0.039046 -0.506645 -0.505793 -0.029983 -0.862134 0.048854 -0.998787 0.006074
-48.283517 -243.647672 -9638.374947 49740.985035 0.915891 -0.029735 -0.400324 -0.401396 -0.055607 -0.914215 -0.004924 -0.998010 0.062865
-73.112420 -247.068447 -18518.651794 -39126.683915 0.983608 0.004936 -0.180253 -0.180233 0.058038 -0.981910 -0.005615 -0.998302 -0.057976
-155.232448 -548.551614 -36530.664503 -146746.431230 0.997387 0.035076 -0.063161 -0.069805 0.242472 -0.967644 0.018627 -0.969524 -0.244287
-56.129793 -91.461252 -1304.962479 10099.861240 0.706463 -0.658274 -0.259973 0.554167 0.742973 -0.375353 0.440238 0.121104 0.889677
-39.571353 -95.963798 2587.177341 15173.522142 0.643201 -0.680865 -0.350307 0.550514 0.729190 -0.406468 0.532190 0.068591 0.843842
-31.342195 -81.708297 -6520.814048 18160.073109 -0.522682 0.774581 0.356128 0.502479 0.617363 -0.605291 0.688708 0.137428 0.711896
47.644824 -80.305858 -5603.422276 -7004.569646 -0.287677 0.912308 0.291439 -0.547842 0.092847 -0.831414 0.785564 0.398841 -0.473090
44.250564 -85.374538 -488.745641 -10656.203950 -0.272682 0.944321 0.184128 -0.612297 -0.022710 -0.790301 0.742116 0.328242 -0.584397
39.860048 -73.247965 822.860155 -5099.240877 -0.260468 0.944913 0.198232 -0.521256 0.035196 -0.852674 0.812680 0.325424 -0.483374
35.719187 -71.365257 -1242.517787 156.863234 -0.232027 0.935995 0.264721 -0.474903 0.128502 -0.870606 0.848900 0.327721 -0.414691
-37.359584 -70.765319 -509.495431 -2821.612555 -0.208530 0.977816 0.019756 -0.645757 -0.122488 -0.753654 0.734515 0.169917 -0.656974
-36.541239 -72.590768 -1399.477452 -727.146555 -0.215018 0.976366 0.021850 -0.754680 -0.151914 -0.638263 0.619859 0.153728 -0.769508
15.948988 -47.570195 -4762.168183 766.310962 -0.110518 0.981796 0.154472 0.379253 0.185324 -0.906544 0.918669 0.041605 0.392831
-8.938958 -50.397832 2779.053197 -1324.529676 -0.139900 0.978374 -0.152359 -0.653513 -0.206833 -0.728108 0.743874 0.002294 -0.668316
7.403447 -43.768486 692.746536 1813.334017 0.070704 0.782689 -0.618385 0.858171 0.268281 0.437684 0.508471 -0.561626 -0.652712
2.894544 -43.335558 122.069272 -3311.724996 0.112634 0.803917 -0.583979 -0.823685 -0.253173 -0.507391 0.555748 -0.538164 -0.633658
7.018894 -43.178965 1208.626676 -787.926947 0.098900 0.805838 -0.583818 0.899934 0.177943 0.398065 0.424662 -0.564766 -0.707602
12.104123 -42.732501 2630.474022 -3175.438256 0.024274 0.786582 -0.617008 0.932756 0.204242 0.297071 0.359690 -0.582730 -0.728731
9.440695 -43.540543 1976.944021 504.213547 0.013123 0.768236 -0.640033 0.874248 0.301848 0.380235 0.485302 -0.564537 -0.667667
6.616050 -45.273321 362.550104 -4952.115180 0.056479 0.771041 -0.634276 -0.812256 -0.333928 -0.478259 0.580560 -0.542206 -0.607423
12.930763 -23.434311 7750.433077 -552.024707 -0.026124 0.995361 -0.092592 0.989315 0.039032 0.140472 -0.143434 0.087933 0.985746
1.618228 -25.095241 6714.181349 -1742.544192 0.065730 0.995036 -0.074722 0.993628 -0.058397 0.096403 -0.091561 0.080583 0.992534
11.590172 -26.668887 6661.771745 -2484.258444 0.018409 0.997713 -0.065044 0.997349 -0.013744 0.071456 -0.070398 0.066187 0.995321
19.882317 -23.216098 4056.196122 -2156.413044 -0.044314 0.998780 -0.021809 0.990854 0.046726 0.126589 -0.127454 0.015999 0.991715
18.647614 -28.038982 3569.434807 -3737.541360 -0.019740 0.999770 -0.008429 0.998017 0.020208 0.059610 -0.059766 0.007235 0.998186
2.889447 -44.961381 -675.938602 1958.446841 0.257128 0.925670 -0.277526 0.313702 -0.351582 -0.882033 0.914044 -0.139735 0.380786
2.757922 -46.483381 -803.235323 1873.853424 0.261809 0.922767 -0.282766 0.251786 -0.348144 -0.902995 0.931697 -0.165216 0.323487
1.578727 -46.465985 -1188.612766 4337.668077 0.266510 0.922642 -0.278754 0.302228 -0.354626 -0.884816 0.915222 -0.151564 0.373360
0.292876 -47.468961 -1032.672657 1986.828153 0.273467 0.914184 -0.299138 0.247828 -0.367458 -0.896413 0.929407 -0.171005 0.327048
-4.237851 -109.635585 187.049404 6091.866076 0.059402 0.970839 0.232257 0.902859 0.046997 -0.427361 0.425814 -0.235082 0.873738
-4.021556 -108.476544 -207.607603 6458.633876 0.084730 0.966720 0.241398 0.875810 0.043276 -0.480712 0.475160 -0.252149 0.842997
-3.575966 -118.019275 -283.848484 8442.258525 0.080999 0.964793 0.250227 0.934711 0.013637 -0.355148 0.346057 -0.262656 0.900698
0.590520 -113.444959 -211.921167 11376.989630 -0.100965 0.986734 0.127131 0.447367 -0.069108 0.891677 -0.888633 -0.146902 0.434454
1.213954 -96.055945 7.927341 11594.279312 -0.085501 0.985474 0.146730 0.613424 -0.063981 0.787158 -0.785112 -0.157310 0.599043
-9.927474 -45.898002 -1942.317221 1206.871703 -0.123764 0.874005 -0.469892 0.510855 0.462079 0.724920 -0.850711 0.150328 0.503679
-8.199444 -47.209375 -1206.391311 -880.785913 -0.102233 0.885303 -0.453637 0.405561 0.453500 0.793636 -0.908333 0.102842 0.405407
-8.120295 -45.470735 -2095.435292 1208.620962 -0.110943 0.897435 -0.426968 0.518210 0.418831 0.745681 -0.848027 0.138531 0.511526
-10.860313 -44.618359 -2310.833738 2095.050702 -0.118045 0.886384 -0.447648 0.587558 0.425765 0.688113 -0.800525 0.181791 0.571062
-11.567260 -45.282769 -2233.732768 2675.926541 -0.130206 0.868876 -0.477600 0.579383 0.457576 0.674493 -0.804588 0.188890 0.562991
9.455803 -75.352835 1250.507330 2501.161990 -0.039884 0.964701 0.260309 0.757896 -0.140564 0.637053 -0.651156 -0.222696 0.725536
15.501897 -76.151732 3224.799701 280.766418 -0.040511 0.963765 0.263660 0.829593 -0.114630 0.546475 -0.556896 -0.240869 0.794889
18.423821 -78.895517 2285.390057 -724.354741 -0.035879 0.947952 0.316385 0.808556 -0.158525 0.566664 -0.587325 -0.276146 0.760784
5.656224 -40.313755 1948.002181 793.625364 -0.080021 0.967734 -0.238931 0.331826 -0.200166 -0.921859 0.939940 0.153052 0.305102
-5.067722 -39.987863 2953.922805 96.575943 -0.078695 0.950791 -0.299671 0.305617 -0.263120 -0.915077 0.948897 0.163597 0.269872
-10.109955 -139.937497 -1054.566484 -6423.452110 0.876640 -0.124067 0.464875 0.375710 0.780087 -0.500306 0.300572 -0.613247 -0.730469
-12.662486 -140.201445 -1344.857296 -10986.946134 0.866505 -0.090595 0.490879 0.387473 0.742045 -0.547022 0.314697 -0.664200 -0.678089
-29.259832 -104.052082 1024.688895 1916.608410 0.979895 -0.137557 0.144515 -0.177750 -0.272909 0.945477 0.090618 0.952155 0.291872
-26.642556 -104.970153 208.920534 -1873.841061 0.976680 -0.122542 0.176292 -0.178832 -0.009960 0.983829 0.118805 0.992413 0.031642
-23.399892 -103.075039 -2118.498013 -3076.183598 0.971008 -0.061875 0.230901 -0.228917 0.037523 0.972722 0.068851 0.997378 -0.022271
-17.500710 -102.632453 -4702.111440 -1873.289040 0.962774 -0.022626 0.269359 -0.270164 -0.048122 0.961611 0.008795 0.998585 0.052444
-1.742568 -208.047556 -1270.116385 8713.961379 -0.702616 0.012987 -0.711451 0.097432 0.992172 -0.078110 0.704867 -0.124200 -0.698382
-2.985780 -272.258928 -705.780293 38103.585106 -0.727233 -0.043396 -0.685017 0.240830 0.918421 -0.313855 0.642754 -0.393218 -0.657455
-13.178542 -35.948027 -1513.792100 143.463335 -0.040852 0.991224 0.125726 -0.220633 0.113775 -0.968698 0.974501 0.067313 -0.214049
-18.467010 -37.576210 -2107.069414 -100.787394 -0.077489 0.990750 0.111397 -0.214518 0.092548 -0.972325 0.973641 0.099241 -0.205363
-16.611081 -38.455347 -2201.340904 636.610705 -0.066949 0.995090 0.072900 -0.165271 0.060995 -0.984360 0.983973 0.077950 -0.160376
-11.962046 -37.696318 -1600.960887 1215.863231 -0.053787 0.998097 0.030156 -0.132652 0.022790 -0.990901 0.989702 0.057298 -0.131174
-48.319177 -684.972074 -26960.914296 -259339.223342 0.860167 0.212962 -0.463422 0.509340 -0.312063 0.801991 -0.026176 0.925885 0.376897
395.933607 -538.934137 64445.573498 -241497.247346 0.774922 -0.223460 -0.591238 0.373576 -0.592614 0.713618 0.509841 0.773870 0.375750
25.400961 -690.837959 26032.704099 -247990.294154 0.784871 -0.365956 -0.500053 0.283039 -0.506157 0.814674 0.551240 0.780949 0.293689
6481.482084 -10961.771175 2245838.857811 59925635.901046 0.333835 0.019840 -0.942423 0.002470 0.999757 0.021922 0.942628 -0.009646 0.333705
54.068705 -433.189238 -832.037043 -170459.882570 0.906647 -0.126702 -0.402414 0.351134 -0.302130 0.886240 0.233870 0.944809 0.229436
-527.025394 -15137.563837 -2779333.090936 -7313952.902105 0.913833 -0.388691 -0.117597 -0.317845 -0.864843 0.388615 0.252754 0.317752 0.913865
-70.088396 -457.491148 8728.488261 -161803.049441 0.768328 -0.055997 -0.637602 0.541452 -0.474363 0.694125 0.341324 0.878546 0.334147
-143.796177 -321.288652 -23409.106284 88064.545211 -0.424220 0.247262 -0.871148 0.295674 0.947097 0.124836 0.855929 -0.204617 -0.474887
-182.868596 -300.932686 -26755.364351 84220.399388 -0.573371 0.302593 -0.761369 0.305022 0.941333 0.144411 0.760400 -0.149433 -0.632030
-159.354078 -214.378184 4995.037525 -53932.310417 -0.385906 0.707372 -0.592200 -0.281946 -0.701644 -0.654372 0.878398 0.085557 -0.470209
-194.548958 -277.352371 -29654.010113 20011.570715 -0.442289 0.444599 -0.778917 0.674258 0.737512 0.038104 0.591402 -0.508338 -0.625968
-110.879860 -279.919757 -23661.149012 97061.491596 -0.320285 0.128632 -0.938547 0.006267 0.991004 0.133683 0.947300 0.036935 -0.318210
-124.278734 -268.769318 -27790.205912 26580.271540 -0.372377 0.152550 -0.915458 0.576437 0.811084 -0.099317 0.727362 -0.564687 -0.389965
62.585475 -131.906927 -556.037553 24043.696293 0.042211 0.857966 -0.511969 0.572113 -0.440853 -0.691618 0.819088 0.263711 0.509462
46.330052 -92.157114 -4522.572265 1070.808247 0.057464 0.902244 -0.427379 0.463617 -0.403244 -0.788957 0.884170 0.152804 0.441468
58.001818 -136.007738 -9360.423234 19805.151329 0.148488 0.935977 -0.319215 0.563741 -0.345324 -0.750298 0.812494 0.068544 0.578925
85.938530 -278.060229 -11232.376331 76051.189193 0.117691 0.908722 -0.400467 0.704748 -0.360543 -0.611015 0.699628 0.210317 0.682852
-6.168670 -43.034253 428.351984 -308.822314 -0.035708 0.962594 -0.268585 0.623240 -0.188641 -0.758938 0.781215 0.194493 0.593191
2.692935 -20.288422 -685.194640 806.801932 0.964941 -0.197726 0.172607 0.144526 0.949232 0.279410 0.219091 0.244668 -0.944530
6.082251 -22.517883 1266.332455 487.005906 -0.968175 0.179169 -0.174745 0.139338 0.965877 0.218328 0.207899 0.187031 -0.960103
1.799093 -18.453977 50.822027 1276.943110 0.971500 -0.092292 0.218333 0.025872 0.956871 0.289358 0.235622 0.275463 -0.931989
49.211590 -85.995843 -1067.917118 11398.531907 -0.301358 0.953437 0.011906 -0.774659 -0.252093 0.579959 -0.555956 -0.165552 -0.814559
53.387648 -87.030523 -677.205607 12431.028476 -0.243479 0.963710 0.109459 -0.735219 -0.256992 0.627222 -0.632590 -0.072239 -0.771110
49.177663 -71.582519 -1057.088073 5284.672873 -0.314028 0.947256 0.063970 -0.666844 -0.268025 0.695328 -0.675799 -0.175695 -0.715840
51.748422 -100.354876 147.246217 10869.706100 -0.248508 0.965750 0.074634 -0.864842 -0.255921 0.431917 -0.436224 -0.042789 -0.898820
47.890282 -99.421211 -1168.375595 8257.175742 -0.290651 0.956427 -0.027730 -0.893867 -0.261073 0.364476 -0.341355 -0.130722 -0.930800
39.006219 -39.648441 -7394.873187 928.184083 -0.349729 0.899805 0.260846 0.247289 -0.179890 0.952096 -0.903625 -0.397480 0.159599
39.984397 -41.838419 -13534.822988 503.502883 -0.408073 0.887485 0.214120 0.151196 -0.165600 0.974534 -0.900342 -0.430055 0.066607
47.346684 -44.487742 2688.936205 752.020664 -0.259769 0.947754 0.185156 0.158529 -0.147283 0.976307 -0.952569 -0.282967 0.111987
19.303256 -37.296419 -16910.378490 2434.711065 -0.472688 0.842013 0.259964 0.203202 -0.182905 0.961901 -0.857482 -0.507504 0.084642
43.270000 -42.797287 7395.042125 1098.728270 -0.162753 0.967321 0.194424 0.264627 -0.147037 0.953075 -0.950518 -0.206566 0.232049
24.705602 -34.136220 -14026.527068 1782.727524 -0.420111 0.836585 0.351613 0.332665 -0.218515 0.917379 -0.844299 -0.502371 0.186502
42.629452 -38.022751 -679.304885 489.822072 -0.259726 0.922949 0.284091 0.349903 -0.184251 0.918488 -0.900061 -0.337960 0.275088
-7.154234 -48.806616 1089.921729 -238.040178 0.737979 0.630052 0.241705 -0.576842 0.403099 0.710468 -0.350200 0.663737 -0.660919
-8.240697 -46.827919 96.777637 -1816.333506 0.716140 0.660606 0.225262 -0.618104 0.450365 0.644297 -0.324177 0.600642 -0.730848
2.681437 -50.622910 -1468.819279 2073.240118 0.322656 0.893130 -0.313387 0.921801 -0.371675 -0.110182 -0.214885 -0.253330 -0.943212
3.111179 -48.404549 -814.017408 2821.470847 0.375927 0.869824 -0.319508 0.905071 -0.418632 -0.074789 -0.198809 -0.261062 -0.944628
6.011216 -46.615960 -599.987861 4122.437110 0.372110 0.873431 -0.314088 0.923684 -0.381755 0.032716 -0.091329 -0.302292 -0.948830
0.919957 -53.951221 -1854.250684 597.603339 0.332943 0.886368 -0.321714 -0.883278 0.412601 0.222667 -0.330104 -0.210027 -0.920282
6.240074 -46.005331 -193.454975 2761.289257 0.324368 0.900295 -0.290266 0.943954 -0.327902 0.037826 -0.061125 -0.286268 -0.956198
-0.165971 -57.676899 -1059.551904 -1577.596558 0.297545 0.908041 -0.294836 -0.885445 0.377952 0.270444 -0.357008 -0.180592 -0.916478
1.621048 -54.400444 -441.775578 -1011.442576 0.276875 0.917695 -0.284913 -0.910365 0.345410 0.227874 -0.307531 -0.196283 -0.931074
4.377969 -48.388805 411.180739 2325.754998 0.286129 0.917785 -0.275319 0.946635 -0.315249 -0.067091 -0.148369 -0.241430 -0.959009
-11.472529 -24.986435 4982.893608 -1027.100033 0.079577 0.996663 -0.018157 0.795599 -0.052528 0.603542 -0.600575 0.062474 0.797124
-5.587834 -27.651515 4704.335154 -742.409475 0.104280 0.994526 0.006580 0.828472 -0.090525 0.552666 -0.550237 0.052180 0.833377
-3.035835 -64.205839 -939.195071 -6240.965429 0.178889 0.983864 -0.003152 -0.016476 0.006199 0.999845 -0.983731 0.178809 -0.017319
-2.300118 -54.503280 -414.142110 -2055.972257 0.188446 0.981622 -0.030094 -0.077391 0.045391 0.995967 -0.979030 0.185357 -0.084522
-1.803183 -63.707081 -1058.682858 -6243.651765 0.177208 0.984106 -0.011486 -0.018098 0.014927 0.999725 -0.984007 0.176951 -0.020455
-3.084491 -68.057882 -676.060979 -3332.301806 0.189148 0.981568 0.027350 0.159848 -0.058260 0.985421 -0.968851 0.182018 0.167921
-4.367759 -66.255119 308.286298 -8055.384351 0.203513 0.978892 0.018796 0.038981 -0.027284 0.998867 -0.978296 0.202550 0.043711
-1.790315 -69.307887 -1352.630544 -6443.249088 0.170060 0.985416 0.005956 0.083753 -0.020475 0.996276 -0.981868 0.168928 0.086014
-4.918495 -92.769205 2514.918401 -1499.222324 0.323831 0.946096 0.005963 0.381882 -0.124940 -0.915727 0.865621 -0.298818 0.401756
-3.418820 -85.197040 2165.646972 -5010.103237 0.300290 0.952181 0.056364 0.572306 -0.132585 -0.809251 0.763080 -0.275268 0.584754
-10.052639 -98.475739 2498.019637 -938.012444 0.334130 0.942392 0.015960 0.395200 -0.124707 -0.910091 0.855672 -0.310396 0.414101
0.848957 -85.551517 2256.232428 -3163.360065 0.314036 0.949314 0.013560 0.427247 -0.128551 -0.894949 0.847845 -0.286840 0.445962
