17658
35286
-48.719910 -77.243634 6826.062020 -11887.442916 0.976352 0.120025 0.179805 -0.026608 0.892112 -0.451031 0.214542 -0.435581 -0.874209
-62.765115 -97.071058 3132.917403 -11293.444742 0.973696 -0.042293 0.223890 0.108505 0.950118 -0.292409 0.200355 -0.309011 -0.929715
-61.073022 -101.050622 -1352.489377 -23364.373832 0.865035 -0.352454 0.357057 0.456274 0.848603 -0.267743 0.208633 -0.394523 -0.894888
-53.440687 -85.954123 4422.050246 -7843.664197 0.977485 0.202957 0.057727 -0.167823 0.913609 -0.370343 0.127903 -0.352316 -0.927100
-40.689239 -74.489935 12028.508717 -18158.960549 0.864865 -0.252783 0.433715 0.437289 0.803679 -0.403582 0.246549 -0.538703 -0.805614
-45.697861 -63.978913 70.102580 -12529.793859 0.862604 0.489843 -0.126367 -0.472592 0.691177 -0.546746 0.180477 -0.531345 -0.827708
-44.395243 -74.235495 6373.055118 -8131.111971 0.923059 0.383499 -0.029837 -0.351721 0.810073 -0.469121 0.155737 -0.443521 -0.882630
69.136969 -150.032231 -15726.366002 4639.628741 -0.602457 0.205993 -0.771111 0.742683 -0.209191 -0.636129 -0.292348 -0.955932 -0.026959
59.793843 -136.790076 -11740.194561 -3469.209406 -0.647349 0.183412 -0.739797 0.692934 -0.262650 -0.671459 -0.317461 -0.947299 0.042934
48.284752 -145.988880 -8332.719706 -9590.378596 -0.644383 0.179290 -0.743388 0.734975 -0.123210 -0.666806 -0.211144 -0.976050 -0.052379
47.738805 -155.104048 -12533.080615 -1522.430738 -0.615530 0.188440 -0.765254 0.778656 -0.004565 -0.627434 -0.121727 -0.982074 -0.143920
59.710922 -146.446914 -10636.817768 1116.210784 -0.541063 0.265397 -0.798007 0.816179 -0.063043 -0.574350 -0.202739 -0.962076 -0.182501
79.737761 -151.247746 -5972.145937 21380.262804 -0.508605 0.332768 -0.794095 0.787904 -0.192004 -0.585100 -0.347172 -0.923255 -0.164535
49.376014 -115.679135 -965.703083 22162.047869 0.837995 0.477312 -0.264458 -0.545657 0.728715 -0.413803 0.004798 -0.491068 -0.871108
43.213469 -115.958372 -14167.795758 13026.530586 0.882855 0.360227 -0.301336 -0.468716 0.716175 -0.517106 -0.029534 -0.597771 -0.801123
53.743378 -129.670612 -2046.793021 22805.781179 0.864783 0.436348 -0.248497 -0.499863 0.700919 -0.508773 0.047826 -0.564193 -0.824257
52.705031 -115.777845 18100.059804 36330.303258 0.795652 0.575269 -0.189746 -0.604020 0.729769 -0.320307 0.045792 -0.369464 -0.928116
56.150779 -131.934495 7791.223717 33357.255605 0.813575 0.551563 -0.184049 -0.570720 0.696934 -0.434236 0.111239 -0.458324 -0.881796
61.006821 -140.554182 -6170.299235 14198.631149 0.889498 0.390698 -0.236955 -0.445778 0.628063 -0.637824 0.100374 -0.672973 -0.732825
-22.375477 -78.603576 -6414.546764 -101.957214 0.990316 -0.126165 0.057944 -0.075299 -0.838738 -0.539305 -0.116641 -0.529719 0.840115
-28.052460 -76.913198 -928.954958 2778.633023 0.995091 -0.093976 0.031009 -0.054284 -0.780359 -0.622971 -0.082742 -0.618230 0.781630
-21.984644 -77.543103 4477.815800 -1694.024601 0.997978 -0.041461 0.048181 -0.012655 -0.872410 -0.488612 -0.062292 -0.487014 0.871170
-19.650815 -75.159162 -11148.552772 4428.392680 0.989371 -0.124956 0.074372 -0.044201 -0.745679 -0.664838 -0.138533 -0.654484 0.743276
-19.517744 -77.036096 466.655906 -4196.754436 0.995625 -0.070278 0.061577 -0.040145 -0.916823 -0.397270 -0.084374 -0.393060 0.915634
-18.980550 -79.119752 -5331.836547 -1371.405345 0.987965 -0.134458 0.076456 -0.084332 -0.882616 -0.462468 -0.129664 -0.450455 0.883333
-16.504724 -76.832088 -10441.488184 2201.900560 0.985407 -0.132440 0.106925 -0.044163 -0.805590 -0.590826 -0.164387 -0.577482 0.799682
60.802475 -56.271440 41742.985150 6559.984099 0.801578 -0.546777 -0.241881 0.328063 0.740446 -0.586613 0.499847 0.390864 0.772903
13.934720 -62.462590 23438.055500 4853.585898 0.733537 -0.664178 -0.144190 0.501869 0.672394 -0.544072 0.458313 0.326733 0.826556
50.714232 -65.169225 28700.268458 4259.394200 0.873357 -0.452466 -0.180336 0.335667 0.827381 -0.450298 0.352951 0.332738 0.874477
83.058787 -63.349834 24321.910275 -7277.402186 0.925720 -0.356661 -0.125842 -0.243644 -0.816862 0.522851 0.289276 0.453353 0.843084
106.498957 -56.763920 48803.269412 -6669.502682 0.844689 -0.484203 -0.228139 -0.246474 -0.730207 0.637220 0.475132 0.482022 0.736141
12.783074 -55.582039 -12790.750593 1982.963908 0.741670 -0.411204 0.529941 0.640849 0.201079 -0.740864 -0.198087 -0.889089 -0.412654
23.656783 -50.753753 -13992.832141 3271.173098 0.790571 -0.372449 0.486085 0.600254 0.314201 -0.735509 -0.121211 -0.873247 -0.471962
7.353013 -49.998891 -9248.277119 3622.472413 0.745344 -0.402195 0.531698 0.655633 0.297613 -0.693954 -0.120864 -0.865833 -0.485516
24.858320 -125.665989 7145.540639 14254.246733 0.935748 0.039666 0.350431 -0.027982 0.998873 -0.038343 -0.351557 0.026074 0.935803
21.549891 -103.224115 8193.708846 21460.893641 0.935824 -0.013502 0.352209 0.070479 0.986254 -0.149453 -0.345350 0.164685 0.923912
17.954623 -115.040824 7796.320203 14608.748604 0.947747 0.056578 0.313965 -0.041352 0.997632 -0.054954 -0.316331 0.039099 0.947843
20.415068 -125.131668 8414.877830 -4442.887448 0.945011 0.088339 0.314883 -0.132532 0.983669 0.121785 -0.298982 -0.156820 0.941285
9.204701 -118.879473 3989.338740 -936.211019 0.945084 0.093849 0.313065 -0.132243 0.985777 0.103708 -0.298879 -0.139413 0.944053
8.055345 -108.648542 2594.161849 15687.198354 0.945426 0.075737 0.316913 -0.052001 0.995216 -0.082709 -0.321661 0.061715 0.944841
-2.777328 -193.487847 1270.511283 21807.233675 0.970694 0.168950 0.170909 0.221595 -0.904464 -0.364472 -0.093003 -0.391663 0.915396
-2.111163 -175.871935 1902.609128 19843.053736 0.972594 0.163956 0.164863 0.227243 -0.820367 -0.524745 -0.049213 -0.547828 0.835142
2.351374 -185.035506 2855.580384 31507.157351 0.972775 0.171780 0.155562 0.219424 -0.898695 -0.379737 -0.074571 -0.403532 0.911921
1.840986 -205.350690 2207.084016 19453.604374 0.970128 0.179757 0.162911 0.211348 -0.955931 -0.203786 -0.119099 -0.232130 0.965366
-2.804439 -204.883887 789.993494 2111.936130 0.970330 0.166768 0.175066 0.197330 -0.964622 -0.174832 -0.139716 -0.204190 0.968910
19.634134 -4.854616 -7934.324286 6787.943178 -0.256199 -0.885485 0.387657 0.851216 -0.016639 0.524552 -0.458033 0.464370 0.758002
2.631433 -1.726100 -9808.945042 4518.419743 -0.373150 -0.862110 0.342821 0.810627 -0.123230 0.572449 -0.451268 0.491509 0.744833
19.095268 -1.114023 7822.207320 -176.225776 0.273442 0.885627 -0.375360 0.838677 -0.028428 0.543887 -0.471010 0.463527 0.750528
3.906854 -68.923503 6255.835915 -2245.022929 0.034648 0.859160 -0.510533 0.675719 0.356240 0.645365 -0.736344 0.367337 0.568208
2.437418 -66.282551 7589.658772 -12100.525380 0.021999 0.843547 -0.536605 0.598952 0.418630 0.682646 -0.800483 0.336418 0.496035
-4.626420 -70.523407 -1335.909497 -4924.415379 -0.005849 0.855508 -0.517757 0.626799 0.406565 0.664701 -0.779159 0.320642 0.538609
-2.875460 -69.263558 911.748126 3818.730233 0.000249 0.853136 -0.521688 0.696535 0.374175 0.612235 -0.717522 0.363526 0.594147
-6.986498 -72.769790 -1789.120882 -5922.627613 -0.022544 0.851217 -0.524329 0.638494 0.415828 0.647620 -0.769296 0.320181 0.552872
-14.077399 -142.260986 -3350.462458 32565.005592 -0.236138 0.843648 0.482180 -0.356612 0.386351 -0.850624 0.903917 0.372816 -0.209623
-11.928160 -116.766008 -2218.830554 14288.697323 -0.261794 0.855101 0.447512 -0.439487 0.307196 -0.844086 0.859252 0.417653 -0.295384
-16.875431 -137.885936 -2670.287112 40580.376935 -0.276813 0.847805 0.452329 -0.378484 0.336476 -0.862284 0.883246 0.409891 -0.227739
-19.527219 -172.167320 -3251.893346 56292.703244 -0.265194 0.843921 0.466336 -0.276706 0.396697 -0.875252 0.923637 0.361149 -0.128316
-20.661463 -175.106202 1027.567196 67611.152666 -0.327270 0.829160 0.453198 -0.298506 0.364330 -0.882132 0.896542 0.423978 -0.128275
-18.174707 -125.256974 -585.528498 38839.005478 -0.324857 0.844371 0.426034 -0.382811 0.294522 -0.875621 0.864826 0.447542 -0.227557
-14.716394 -164.056335 47.036863 6486.927562 0.907027 -0.025594 0.420294 -0.369805 -0.525745 0.766053 -0.201361 0.850257 0.486329
-17.253835 -173.880072 39.194048 437.976977 0.899939 -0.032477 0.434804 -0.421752 -0.317820 0.849186 -0.110610 0.947595 0.299715
-16.871793 -158.919243 -3421.188313 -736.280898 0.913180 0.030580 0.406409 -0.348282 -0.459336 0.817135 -0.211666 0.887736 0.408806
18.127009 -263.814956 17222.431165 -66112.945245 -0.046450 0.814911 0.577722 -0.664280 -0.457135 0.591405 -0.746039 0.356299 -0.562563
-3.932778 -275.058902 10603.069349 -69502.592272 -0.071797 0.791027 0.607554 -0.664409 -0.492239 0.562372 -0.743913 0.363287 -0.560906
1.222870 -321.702216 10573.766035 -70190.073370 -0.061728 0.794668 0.603898 -0.466747 -0.557800 0.686299 -0.882234 0.239503 -0.405341
23.893854 -312.632441 23282.733705 -55744.073295 -0.043324 0.823427 0.565765 -0.436291 -0.525038 0.730743 -0.898762 0.215179 -0.382001
-3.566438 -332.139142 7519.304243 -26909.937134 -0.070483 0.806528 0.586979 -0.186265 -0.588734 0.786573 -0.979968 0.053894 -0.191724
-16.929298 -333.609620 1960.539272 -26023.327452 -0.116878 0.794093 0.596453 -0.191874 -0.607309 0.770947 -0.974435 0.024337 -0.223347
15.604306 -138.134686 -3687.264976 20802.197598 -0.151582 0.867543 0.473701 0.833367 -0.145539 0.533215 -0.531528 -0.475592 0.700921
19.834450 -161.581409 -2692.395058 29926.568626 -0.166465 0.875930 0.452810 0.753674 -0.183084 0.631234 -0.635819 -0.446349 0.629688
14.216512 -140.799644 1955.492735 26615.693047 -0.101794 0.874950 0.473393 0.845969 -0.174246 0.503960 -0.523426 -0.451776 0.722443
8.311622 -122.788023 -2601.165977 13845.395769 0.108522 -0.872810 -0.475843 0.899315 -0.117782 0.421141 -0.423622 -0.473635 0.772149
8.933964 -125.891087 2083.739348 8957.903241 0.162615 -0.866157 -0.472577 0.888526 -0.079715 0.451848 -0.429043 -0.493375 0.756640
180.758318 -49.414449 -97094.640207 13601.255285 0.938849 0.287886 -0.188904 -0.210003 0.043961 -0.976712 0.272878 -0.956655 -0.101729
435.436926 -104.793792 -390290.283000 21151.819519 0.928894 0.368845 -0.033308 -0.071684 0.090830 -0.993283 0.363342 -0.925042 -0.110811
525.807542 -63.532441 -497132.393488 8221.242215 0.936029 0.333462 -0.112485 -0.160111 0.118885 -0.979914 0.313392 -0.935237 -0.164671
-33.593692 -171.292695 -2629.528423 2280.828659 -0.190371 0.981386 0.025326 -0.318437 -0.086133 0.944023 -0.928632 -0.171649 -0.328906
-26.534510 -167.532231 -3745.145573 -8174.611755 -0.188345 0.981952 0.017230 -0.553072 -0.120547 0.824366 -0.811565 -0.145736 -0.565795
-30.309825 -172.189370 1403.878734 2398.727449 -0.224390 0.973326 0.047818 -0.342773 -0.124766 0.931096 -0.912226 -0.192538 -0.361626
9.067789 -91.957156 -1729.400897 3197.807303 0.184585 -0.878814 -0.440015 0.942633 0.031593 0.332333 -0.278158 -0.476117 0.834231
10.398542 -92.739115 12640.058685 10694.494502 0.152856 -0.860515 -0.485951 0.951431 -0.004828 0.307823 -0.267233 -0.509402 0.817983
6.212474 -112.486900 -1076.859033 53732.875721 0.110429 -0.871133 -0.478468 0.947517 -0.053051 0.315273 -0.300028 -0.488172 0.819556
-0.578913 -108.585297 2464.416437 53606.035844 0.191824 -0.870290 -0.453651 0.935545 0.022467 0.352491 -0.296578 -0.492027 0.818505
6.250636 -88.830111 -14915.080638 -2015.053086 0.217369 -0.896004 -0.387205 0.920221 0.055832 0.387397 -0.325491 -0.440522 0.836658
5.357773 -111.062668 -23625.911360 -46331.883429 0.139738 -0.911992 -0.385674 0.943749 0.004785 0.330627 -0.299684 -0.410181 0.861360
-79.290364 -1563.057382 2462.645373 -1094679.255906 0.174973 -0.281151 -0.943578 -0.377481 0.865972 -0.328026 0.909336 0.413578 0.045393
-91.051269 -927.359264 -49244.450610 310470.286621 -0.241939 0.363781 0.899516 0.717439 -0.557081 0.418260 0.653258 0.746542 -0.126212
-94.970019 -704.774049 18318.391846 -289333.258738 0.258612 -0.252818 -0.932311 -0.514461 0.780831 -0.354446 0.817588 0.571301 0.071867
-6.426580 -2113.804625 162502.473150 -2026013.996607 0.240372 -0.465651 -0.851699 -0.149301 0.849247 -0.506447 0.959130 0.248895 0.134613
-80.992982 -611.968372 -6968.896081 -231980.737304 0.318090 -0.165638 -0.933479 -0.454631 0.837375 -0.303504 0.831943 0.520930 0.191056
-82.159480 -651.215763 11272.361071 20182.051723 -0.348059 0.174239 0.921138 0.732957 -0.562034 0.383265 0.584491 0.808553 0.067911
143.657741 -361.292175 -7815.171226 104291.815211 -0.335892 0.520890 0.784761 0.645553 -0.479395 0.594510 0.685885 0.706296 -0.175237
156.488524 -272.939138 -38465.944918 -11005.650374 -0.226403 0.575992 0.785477 -0.591596 0.559319 -0.580669 0.773793 0.596150 -0.214123
146.770004 -277.075675 -8924.305012 -64614.517082 0.350700 -0.485841 -0.800605 -0.520632 0.609465 -0.597909 0.778429 0.626507 -0.039205
164.639490 11.919441 120618.637961 63422.773663 -0.224182 0.795906 -0.562384 -0.076800 -0.589706 -0.803958 0.971517 0.137041 -0.193327
85.582402 -68.417022 42998.252894 143182.979556 -0.166823 0.931701 -0.322649 -0.164056 -0.348902 -0.922688 0.972243 0.100993 -0.211057
85.894873 -109.708249 36565.443684 290746.742210 -0.243029 0.968663 -0.051281 -0.237621 -0.110705 -0.965029 0.940464 0.222345 -0.257079
97.971120 -3255.502252 112008.233304 -3200611.113977 -0.398878 0.215175 0.891401 -0.244788 0.911820 -0.329640 -0.883728 -0.349690 -0.311033
46.513662 -2756.530705 22839.011603 -1041698.236441 -0.458546 0.193117 0.867434 0.193346 0.974400 -0.114724 -0.867383 0.115109 -0.484146
-183.704495 -3849.830210 176420.409829 -1446423.152569 -0.328893 0.313115 0.890948 0.619130 0.783885 -0.046938 -0.713097 0.536175 -0.451673
-1254.060462 -19322.652165 412509.201838 4680774.736387 -0.379453 0.204457 0.902338 0.055824 0.978560 -0.198252 -0.923526 -0.024856 -0.382731
120.705368 -3917.993425 -371227.354366 10975291.950835 0.355788 -0.228412 -0.906225 0.789585 -0.445285 0.422228 -0.499970 -0.865765 0.021924
-14.153077 -44.627430 250.365339 8562.553716 -0.223813 0.969752 -0.097407 -0.965744 -0.207195 0.156233 -0.131325 -0.129037 -0.982905
-8.526756 -40.874568 7070.261322 5270.110909 0.145272 0.977616 -0.152192 -0.977558 0.165546 0.130291 -0.152569 -0.129849 -0.979725
-4.104793 -52.994928 7164.333048 433.945159 -0.041799 0.993468 -0.106179 0.995624 0.032526 -0.087609 -0.083583 -0.109376 -0.990480
-7.683285 -53.585945 4083.170895 -6128.199569 -0.295721 0.952641 -0.070883 0.950946 0.286514 -0.116667 -0.090833 -0.101907 -0.990638
-13.790454 -51.617404 2584.862449 6162.197218 -0.455625 0.888608 -0.052748 -0.879859 -0.440561 0.178198 -0.135109 -0.127602 -0.982580
-24.767830 -111.628134 5181.831054 15964.729163 -0.110743 0.980404 0.162926 0.504073 -0.085876 0.859381 -0.856532 -0.177297 0.484685
-31.337732 -130.568602 4151.358309 15784.879710 -0.139338 0.983784 0.112931 0.352927 -0.057217 0.933900 -0.925217 -0.169985 0.339232
-31.553303 -116.995196 7804.988244 16968.859007 -0.165047 0.979522 0.115309 0.476067 -0.023272 0.879101 -0.863782 -0.199988 0.462477
-26.366192 -58.569362 2753.541849 6817.204307 0.966925 -0.116232 0.227036 0.103724 0.992393 0.066310 -0.233017 -0.040567 0.971626
-30.244867 -57.339539 -614.282550 6539.354344 0.960444 -0.035542 0.276195 0.033582 0.999366 0.011827 -0.276440 -0.002084 0.961029
-27.703605 -66.910631 -208.564713 3887.380218 0.952399 -0.118498 0.280881 0.082117 0.987027 0.137968 -0.293586 -0.108335 0.949774
85.439152 36.672209 -51210.418082 -7362.751224 -0.219786 -0.917767 0.330752 0.898267 -0.058136 0.435587 -0.380539 0.392840 0.837178
90.148060 38.896842 -3345.494484 -7585.645488 0.058368 0.990781 -0.122257 0.912765 -0.003369 0.408471 -0.404293 0.135433 0.904547
92.942495 42.824614 -54389.603832 -4706.610657 -0.168741 -0.918077 0.358695 0.938518 -0.038455 0.343082 -0.301182 0.394533 0.868120
-26.412588 -50.775080 567.581958 -1718.693894 0.914828 -0.069108 0.397888 -0.048742 0.959152 0.278661 -0.400892 -0.274321 0.874090
-25.917453 -52.605766 2893.303587 -2107.139293 0.919281 -0.272069 0.284430 0.175524 0.930170 0.322452 -0.352298 -0.246500 0.902842
-32.097765 -53.226804 -318.746122 -2274.462949 0.910539 -0.041555 0.411330 -0.036707 0.982880 0.180553 -0.411790 -0.179499 0.893425
18.616490 -185.187336 5440.036117 -93136.823731 0.890509 -0.032537 0.453800 -0.442836 0.166788 0.880953 0.104352 0.985456 -0.134118
11.637869 -227.082169 3856.258882 -64012.900025 0.899498 -0.056672 0.433234 -0.430973 0.048024 0.901086 0.071872 0.997237 -0.018773
21.537186 -267.024247 5915.936520 -119430.486968 0.887802 -0.022411 0.459680 -0.460131 -0.022907 0.887555 0.009361 0.999486 0.030648
36.079627 -234.735871 10002.338783 -169147.997261 0.865535 0.016797 0.500566 -0.498796 0.119281 0.858472 0.045288 0.992718 -0.111621
46.241671 -429.811206 11853.791169 -267943.892718 0.884572 0.037886 0.464862 -0.457233 -0.126228 0.880343 -0.092031 0.991277 0.094335
24.882289 -362.190209 5326.684683 -116565.807868 0.906043 -0.000671 0.423186 -0.406026 -0.283253 0.868856 -0.119286 0.959045 0.256911
-726.408166 -7798.023240 491269.673668 -11772995.066879 -0.266031 0.908156 0.323233 0.113937 0.362589 -0.924958 0.957207 0.209239 0.199933
-563.545171 -2889.758726 379476.717151 -2732611.602626 -0.443939 0.845789 0.295905 -0.102164 0.280300 -0.954460 0.890214 0.453953 0.038027
-1009.514705 -2589.049394 128331.743737 -2273115.540995 -0.207914 0.967045 -0.146952 0.512052 -0.020399 -0.858712 0.833412 0.253785 0.490936
-1634.242403 -4090.615054 829824.302028 -4145163.232332 0.054043 0.981687 -0.182677 0.575546 -0.180121 -0.797686 0.815982 0.062030 0.574740
-582.012098 -3358.070413 -408941.401982 2349041.943488 0.571439 -0.543721 -0.614675 0.274930 0.832571 -0.480873 0.773221 0.105798 0.625249
-69.717066 -83.863982 12105.448825 5720.129059 0.630128 -0.424910 0.649916 0.600243 0.797523 -0.060553 -0.492593 0.428263 0.757590
-74.857392 -83.936125 11655.210419 4354.450967 0.600355 -0.383656 0.701700 0.653337 0.741308 -0.153666 -0.461221 0.550701 0.695704
-79.421183 -85.772772 -6170.139699 7770.149832 -0.247635 0.690630 -0.679490 0.795561 0.545222 0.264224 -0.552954 0.475145 0.684455
-92.371031 -150.330307 723.061273 -8854.133806 0.055075 0.964987 0.256449 -0.804921 0.194885 -0.560466 0.590821 0.175553 -0.787472
-93.814794 -151.233482 -4234.423322 -2629.152594 0.092191 0.982532 0.161652 -0.844456 0.163170 -0.510165 0.527631 0.089475 -0.844748
-91.357318 -143.880469 1243.027386 7681.895765 0.012844 0.973403 0.228740 -0.903012 0.109534 -0.415417 0.429423 0.201220 -0.880402
-90.474853 -146.897591 4119.196518 -2909.865387 0.003090 0.948580 0.316521 -0.836662 0.175817 -0.518735 0.547711 0.263218 -0.794184
-88.957465 -142.500228 3196.226594 -11566.022318 0.050673 0.922082 0.383662 -0.714927 0.301730 -0.630745 0.697361 0.242329 -0.674510
248.472431 -289.827599 -108802.025498 62159.373162 0.183808 0.684195 -0.705756 -0.473706 0.690771 0.546295 0.861288 0.233907 0.451077
161.909459 -233.711355 -64416.041214 235516.137392 0.176461 0.615064 -0.768477 -0.707874 0.621784 0.335111 0.683942 0.484851 0.545108
201.556899 -278.870553 -45668.450428 138826.121800 0.035800 0.618820 -0.784717 -0.610033 0.635485 0.473307 0.791567 0.461758 0.400251
316.717551 -324.067081 -96737.137104 70706.941349 0.046662 0.698165 -0.714415 0.287328 -0.694349 -0.659789 0.956695 0.174484 0.233002
378.046605 -324.959959 -171404.109515 74496.218356 0.197899 0.718167 -0.667138 0.186108 -0.695747 -0.693758 0.962393 -0.013134 0.271344
262.645348 -310.300651 -83611.856315 -49465.996006 0.021577 0.659856 -0.751082 -0.423431 0.686582 0.591026 0.905671 0.305279 0.294218
67.541990 -67.565274 -29684.546712 -312.368085 0.584211 0.809554 -0.057614 0.552523 -0.448715 -0.702405 0.594487 -0.378520 0.709442
52.876124 -67.796994 -26113.277736 -1865.661178 0.545638 0.835734 -0.061861 0.643920 -0.465358 -0.607296 0.536326 -0.291530 0.792064
245.244571 -59.989960 -81427.097908 -3041.790308 0.441632 0.887509 0.131489 0.667151 -0.226858 -0.709539 0.599892 -0.401078 0.692290
336.973182 -60.990220 -107302.491340 4119.731189 0.516820 0.846454 0.128115 0.562712 -0.223100 -0.795978 0.645176 -0.483469 0.591612
85.922008 -56.497190 -34079.757220 7992.107896 0.622264 0.780139 -0.064578 0.442513 -0.418611 -0.793062 0.645732 -0.464917 0.605708
19.023602 -54.902890 -9332.275546 -2017.229496 0.840516 0.341016 0.421000 -0.538757 0.608147 0.583007 0.057215 0.716844 -0.694882
28.634332 -55.662080 -8329.665876 -1577.807275 0.872423 0.269361 0.407826 -0.481418 0.617596 0.621942 0.084345 0.738932 -0.668480
26.081292 -60.371285 -12460.800964 -1611.728240 0.842174 0.349545 0.410562 -0.539120 0.532305 0.652687 -0.009599 0.771018 -0.636741
-6.666060 -88.891941 5877.755112 -18406.226194 0.446227 0.526403 -0.723728 -0.295230 0.850023 0.436234 0.844820 0.019006 0.534713
12.588854 -125.919850 10473.270763 -186.356074 0.406214 0.675702 -0.615156 -0.311261 0.735260 0.602088 0.859131 -0.053102 0.508993
3.166870 -125.264665 5672.495649 -25294.767809 0.495303 0.379723 -0.781335 -0.299347 0.918928 0.256831 0.815516 0.106681 0.568817
-5.139531 -111.242627 2202.537133 -22305.201096 0.536669 0.284272 -0.794466 -0.304573 0.943327 0.131795 0.786907 0.171242 0.592835
-12.374880 -80.674140 2765.487701 -18661.033430 0.516300 0.345087 -0.783804 -0.257521 0.935424 0.242209 0.816772 0.076794 0.571826
-0.451754 -181.628643 1170.484956 27113.716591 0.238815 -0.676293 0.696847 0.956043 0.289483 -0.046699 -0.170143 0.677368 0.715698
-1.879584 -190.468185 1546.612296 34746.084305 0.224465 -0.690396 0.687728 0.963926 0.260900 -0.052700 -0.143044 0.674748 0.724053
-2.212718 -253.666681 1539.458452 88039.553653 0.250762 -0.677211 0.691740 0.930277 0.366238 0.021312 -0.267774 0.638165 0.721832
-0.706946 -154.361298 636.394072 -13332.685810 0.198272 -0.683352 0.702651 0.979248 0.168797 -0.112161 -0.041960 0.710308 0.702639
1.320218 -235.103422 2265.656399 89032.640799 0.269129 -0.663499 0.698097 0.927275 0.374377 -0.001659 -0.260250 0.647774 0.716002
1.638524 -152.035459 79.372991 -33782.953564 0.221088 -0.668986 0.709632 0.970122 0.225405 -0.089750 -0.099913 0.708273 0.698833
3.890867 -168.328183 1496.578686 8615.621279 0.273784 -0.655783 0.703556 0.941251 0.333060 -0.055837 -0.197709 0.677510 0.708443
-1.091682 -26.700476 -5465.037133 9469.569652 0.588156 0.763277 0.267358 0.534105 -0.614822 0.580281 -0.607293 0.198498 0.769281
10.522530 -19.636525 -5406.759070 5418.236208 0.421491 0.902874 0.084641 0.689338 -0.379646 0.616994 -0.589202 0.201712 0.782403
8.880081 -16.662092 -6201.432100 5110.739895 0.494430 0.853399 0.165075 0.636154 -0.484688 0.600321 -0.592323 0.191804 0.782537
0.861002 -19.536024 -4089.209696 -8730.000397 0.673765 0.641488 0.366790 -0.434796 0.745506 -0.505146 -0.597489 0.180871 0.781212
-7.707946 -31.926533 -2058.708524 -10092.869394 0.742348 0.484369 0.462931 -0.272385 0.849428 -0.451972 -0.612148 0.209426 0.762506
-10.523630 -38.770259 -7522.381751 -9564.265853 0.676024 0.628862 0.384089 -0.380243 0.744185 -0.549185 -0.631195 0.225215 0.742207
-9.266943 -45.921365 -4910.409045 9797.597618 0.625578 0.716483 0.308714 0.443597 -0.652182 0.614720 -0.641774 0.247611 0.725820
214.647138 -58.091496 79729.468513 -13565.697796 0.787473 0.321178 0.526053 -0.486448 0.847984 0.210456 0.378491 0.421626 -0.824000
156.124947 -77.647044 -83824.713192 370.704360 -0.716751 -0.229870 -0.658353 -0.449062 0.874438 0.183577 0.533490 0.427221 -0.729980
162.828458 -84.303453 75704.707639 -17805.953787 0.691950 0.316473 0.648884 -0.549405 0.813922 0.188904 0.468358 0.487212 -0.737065
-9.545131 -145.217396 -3945.215882 -2910.655262 0.771211 0.291541 -0.565896 -0.593957 0.009733 -0.804438 0.229019 -0.956509 -0.180669
-6.048366 -137.645219 -2076.105654 -9770.496738 0.787068 0.285899 -0.546612 -0.574919 0.018799 -0.817994 0.223588 -0.958075 -0.179165
-7.977030 -151.143610 -4092.977217 -7316.036760 0.787677 0.291274 -0.542885 -0.600423 0.165477 -0.782375 0.138051 -0.942219 -0.305230
-14.623790 -156.032986 -4329.519798 -1088.018433 0.781947 0.307943 -0.541969 -0.603964 0.159164 -0.780957 0.154229 -0.937997 -0.310444
-7.796859 -163.378483 -3938.833433 -12329.219087 0.786784 0.293296 -0.543091 -0.615946 0.316396 -0.721460 0.039770 -0.902148 -0.429590
-14.261975 -162.006538 -4472.551972 -7900.836634 0.792093 0.304809 -0.528848 -0.607834 0.314508 -0.729125 0.055918 -0.898986 -0.434393
6.319663 -176.916397 2610.068805 12064.631336 0.664882 0.184623 -0.723772 -0.021295 0.973264 0.228702 0.746645 -0.136647 0.651037
7.352167 -178.071740 3230.980571 11062.732620 0.656259 0.202314 -0.726906 0.058663 0.946786 0.316473 0.752251 -0.250331 0.609469
12.687010 -200.431922 2165.889330 23772.302919 0.678406 0.188391 -0.710122 0.124951 0.922897 0.364209 0.723984 -0.335813 0.602559
13.232325 -205.909651 2448.939475 36061.477013 0.680004 0.153719 -0.716914 0.103413 0.947894 0.301334 0.725879 -0.279046 0.628675
-11.898166 -167.467290 2036.593883 -9092.510690 -0.524376 0.250665 0.813755 0.568938 -0.607894 0.553872 0.633513 0.753413 0.176152
-9.222928 -160.608557 2823.107868 -8575.617586 -0.531859 0.229192 0.815228 0.542614 -0.646856 0.535861 0.650150 0.727357 0.219673
-12.263590 -191.868092 -1758.448676 37860.395380 0.502935 -0.220029 -0.835849 -0.488630 0.725308 -0.484942 0.712950 0.652315 0.257271
-14.211473 -193.380106 -907.867939 31711.101646 0.490058 -0.243562 -0.836971 -0.516232 0.692591 -0.503808 0.702387 0.678966 0.213675
-13.894104 -222.315752 1011.725696 47070.644267 0.463645 -0.218132 -0.858750 -0.403134 0.811151 -0.423696 0.788997 0.542635 0.288150
-12.520132 -223.153553 -2152.332247 51327.221733 0.493130 -0.193328 -0.848202 -0.362449 0.840687 -0.402338 0.790856 0.505835 0.344496
-4.704876 -375.112589 3009.736804 75182.609032 -0.555731 0.312588 0.770358 -0.206302 0.845787 -0.492020 -0.805359 -0.432357 -0.405543
1.741939 -339.335107 3949.178228 37073.344458 -0.541243 0.314464 0.779851 -0.110419 0.892827 -0.436655 -0.833585 -0.322447 -0.448513
-6.459363 -336.980218 2523.807154 83594.058721 -0.558699 0.317552 0.766170 0.012720 0.926969 -0.374922 -0.829273 -0.199723 -0.521936
-14.555269 -341.334089 5833.888640 68533.700984 -0.563101 0.322361 0.760921 -0.047334 0.906686 -0.419141 -0.825031 -0.272036 -0.495297
-40.675989 -635.583753 -44076.428178 5197.184918 0.602551 -0.748720 -0.276315 0.788169 0.503870 0.353419 -0.125386 -0.430736 0.893725
-76.099034 -674.567658 -11995.103604 -38504.761664 0.579631 -0.738179 -0.345138 0.806790 0.460329 0.370389 -0.114536 -0.493142 0.862376
-76.487765 -601.778169 -23100.422198 108648.798122 0.558652 -0.765891 -0.318307 0.808373 0.588666 0.002341 0.185583 -0.258619 0.947985
-35.943971 -561.024071 -69039.332927 95852.356214 0.593134 -0.777785 -0.207951 0.797077 0.603676 0.015598 0.113403 -0.175005 0.978015
-1278.559128 -30100.878061 -825975.779086 26462829.819816 -0.578748 0.813814 -0.052503 -0.681962 -0.518275 -0.516061 0.447189 0.262864 -0.854941
-76.480699 -3839.259293 1061037.535634 -2772269.793920 -0.536208 0.506278 0.675399 0.829775 0.169448 0.531752 0.154770 0.845559 -0.510956
-101.124526 -433.033964 29673.002176 -193567.858088 -0.390206 0.708675 0.587808 0.917139 0.355481 0.180250 -0.081215 0.609436 -0.788664
6437.559782 -1356.284298 8470749.131249 -1137889.747774 -0.498426 0.866087 0.038266 0.077707 0.088595 -0.993032 0.863443 0.491980 0.111459
-232.336596 -490.443243 -67009.573525 -327868.127054 0.977589 -0.060377 -0.201679 0.136448 0.911248 0.388599 -0.160318 0.407409 -0.899064
-141.329815 -248.549033 102543.159917 -206364.037562 0.082922 -0.030348 -0.996094 0.164010 0.986322 -0.016397 0.982967 -0.162009 0.086765
-1085.880351 -88193.751888 -6043207.328841 -205796893.974676 0.374006 0.681992 -0.628495 0.793519 0.115456 0.597492 0.480048 -0.722189 -0.497993
-109.855887 -4664.952441 18378.403562 -3607554.418680 -0.976346 -0.104177 0.189459 -0.097152 0.994205 0.046021 -0.193156 0.026526 -0.980810
10.082350 -4018.373400 -66914.303560 2592716.221549 0.764211 -0.219441 -0.606488 0.086307 0.966677 -0.241013 0.639166 0.131840 0.757684
-41.454882 -5250.304474 51594.692621 4403207.817381 0.609922 -0.349834 -0.711063 -0.188290 0.807614 -0.558844 0.769767 0.474738 0.426712
-20.769256 -4992.538822 -36580.697857 8199568.232136 0.713419 -0.165845 -0.680830 -0.636931 -0.558546 -0.531362 0.292151 -0.812725 0.504109
-399.462721 -41635.941891 123443.082062 -4890749.772856 0.701726 -0.417166 -0.577540 0.685562 0.174796 0.706719 0.193868 0.891863 -0.408652
-75.778250 -5037.999866 -44873.542221 569575.038764 0.755972 -0.261776 -0.599983 -0.654128 -0.337058 -0.677133 0.024972 -0.904359 0.426041
-139.109320 -4002.253743 -62569.349208 10065295.603804 0.745580 -0.284432 -0.602668 0.358584 -0.591037 0.722559 0.561718 0.754833 0.338673
-159.662835 -10194.608548 -264169.959558 -38089879.989482 0.758855 -0.199784 -0.619859 -0.522877 -0.754311 -0.397008 0.388251 -0.625381 0.676875
40.380681 -75.612747 12364.373913 -752.473754 0.911249 -0.018928 0.411421 -0.365419 0.423643 0.828852 0.189984 0.905631 -0.379128
42.491688 -75.818555 -10030.514030 -357.080834 0.913474 0.082670 0.398411 -0.395196 0.413378 0.820328 0.096878 0.906799 -0.410281
36.856060 -70.920334 6802.354535 -2615.976325 0.911848 0.012535 0.410336 -0.350950 0.542392 0.763312 0.212995 0.840032 -0.498979
24.006765 -71.328612 20182.770213 -2033.384393 0.908005 -0.077762 0.411679 -0.313574 0.525518 0.790887 0.277846 0.847221 -0.452789
23.931233 -64.766272 17162.515983 -5027.183184 0.905664 -0.058299 0.419968 -0.290192 0.636933 0.714217 0.309129 0.768712 -0.559929
32.778320 -64.509581 5287.219053 -5044.840218 0.911151 0.026862 0.411196 -0.329142 0.647827 0.687012 0.247930 0.761313 -0.599110
34.611315 -42.251352 14290.614024 -2679.480553 0.165246 -0.579117 0.798322 0.985543 0.066268 -0.155927 0.037397 0.812547 0.581695
47.521811 -47.820819 24165.932447 -4648.105813 0.301773 -0.577830 0.758317 0.946222 0.084244 -0.312357 0.116605 0.811797 0.572178
25.138066 -50.408155 25017.024344 -3502.146022 0.135766 -0.617229 0.774982 0.989131 0.039876 -0.141523 0.056449 0.785773 0.615934
15.378797 -48.472903 12094.809063 -333.209254 -0.062146 -0.595410 0.801015 0.997187 -0.003348 0.074877 -0.041901 0.803415 0.593943
24.215116 -40.495482 7395.476509 -25.365146 0.075886 -0.570816 0.817564 0.996924 0.059537 -0.050965 -0.019584 0.818917 0.573578
-9.537482 -142.688645 -1168.634877 23331.979398 0.604017 0.733174 -0.312441 0.133300 0.293573 0.946597 -0.785745 0.613409 -0.079591
-26.119167 -110.921176 -6254.859189 18710.963192 0.594086 0.765722 -0.246436 0.253714 0.112353 0.960732 -0.763342 0.633282 0.127527
-17.869795 -127.934654 7175.737232 19694.274200 0.611974 0.689050 -0.388199 0.251520 0.295797 0.921543 -0.749817 0.661600 -0.007710
47.583717 -218.073987 -15903.251127 103726.006252 -0.180777 0.372069 -0.910431 0.888064 -0.336076 -0.313681 -0.422685 -0.865227 -0.269667
58.935183 -282.309327 -20991.639575 52740.782708 -0.169985 0.363546 -0.915936 0.765127 -0.537065 -0.355164 -0.621036 -0.761180 -0.186866
20.871235 -273.713150 -8549.122223 35924.363253 -0.230375 0.355619 -0.905794 0.830911 -0.412583 -0.373312 -0.506472 -0.838636 -0.200439
18.366704 -237.033559 -7467.025163 70834.389872 -0.252729 0.359888 -0.898114 0.909909 -0.227164 -0.347076 -0.328928 -0.904918 -0.270055
-975.465208 -9852.363852 -539119.264916 -9945760.805587 0.780253 0.082122 0.620049 0.549749 -0.562837 -0.617245 -0.298297 -0.822479 0.484302
-1539.987512 -5568.727185 -832883.961570 -7240891.201456 0.793873 0.160934 0.586401 0.605787 -0.293059 -0.739688 -0.052809 -0.942452 0.330144
-1547.776034 -2253.448211 848972.736114 -2084322.291709 -0.545153 -0.469285 -0.694680 0.809853 -0.508962 -0.291711 -0.216670 -0.721616 0.657514
-703.041997 -5827.334831 -321654.415158 5628105.174151 0.910856 -0.412660 0.007240 -0.271333 -0.611941 -0.742904 -0.310997 -0.674714 0.669359
10.631891 -455.782701 -4671.302013 88103.215262 -0.182873 0.691952 -0.698399 0.279430 0.717663 0.637870 0.942590 -0.078504 -0.324593
10.504438 -440.905977 -4648.858371 73409.075542 -0.186455 0.682511 -0.706691 -0.608405 -0.644999 -0.462406 0.771413 -0.343737 -0.535507
5.351448 -442.626498 -5599.193151 72088.687890 -0.180924 0.678397 -0.712070 0.258660 0.731352 0.631046 0.948874 -0.070012 -0.307793
22.909562 -195.650573 -568.422723 24099.258045 0.795521 -0.508708 0.329185 0.480325 0.198260 -0.854389 -0.369370 -0.837800 -0.402065
5.230181 -167.817124 687.982348 18357.916633 0.751036 -0.539134 0.381155 0.592035 0.294322 -0.750246 -0.292301 -0.789119 -0.540233
23.605690 -214.629832 -1309.281012 5181.968740 0.692766 -0.595077 0.407380 0.584995 0.133362 -0.799997 -0.421731 -0.792526 -0.440506
4.704154 -162.178103 624.718031 37637.855682 0.870567 -0.423601 0.250349 0.431395 0.412361 -0.802407 -0.236666 -0.806548 -0.541728
35.792101 -221.271422 -4853.253818 6915.233489 0.720683 -0.587781 0.367600 0.467788 0.020957 -0.883592 -0.511655 -0.808749 -0.290060
37.251140 -215.901959 6300.280646 10883.786391 0.821057 -0.475113 0.316439 0.374225 0.029386 -0.926872 -0.431070 -0.879434 -0.201927
19.484561 -203.363696 8867.501399 40028.450815 0.878021 -0.399491 0.263604 0.391212 0.281716 -0.876122 -0.275741 -0.872378 -0.403638
-82.263935 -117.985181 1136.085494 -14100.915685 -0.873632 0.381166 -0.302456 0.416699 0.907026 -0.060551 0.251256 -0.178932 -0.951238
-67.664612 -109.415868 2437.893175 -9382.656753 0.980459 -0.057008 0.188280 0.091426 0.979497 -0.179521 0.174186 -0.193227 -0.965569
-60.986034 -102.277054 2884.321634 -10108.466657 0.991097 0.117154 0.063259 -0.097096 0.961077 -0.258658 0.091100 -0.250213 -0.963895
54.308272 -136.775474 3812.044352 -15356.675080 0.706758 -0.185604 0.682674 0.634622 -0.260119 -0.727731 -0.312646 -0.947570 0.066052
30.631789 -159.625642 8472.825799 -18241.365128 0.713739 -0.114574 0.690978 0.694089 -0.016563 -0.719699 -0.093903 -0.993277 -0.067702
44.714317 -127.258547 4388.361641 -25061.788085 0.779272 -0.093867 0.619617 0.588337 -0.230979 -0.774924 -0.215859 -0.968420 0.124770
69.447252 -125.760220 3590.387471 202.934859 0.749761 -0.195571 0.632147 0.529389 -0.395869 -0.750357 -0.396995 -0.897240 0.193275
58.873979 -109.450093 -4041.446911 91.024456 0.797350 -0.153578 0.583649 0.514075 -0.333792 -0.790133 -0.316164 -0.930052 0.187198
23.761588 -103.760196 -21435.442496 2227.879524 0.883590 0.336438 -0.325697 -0.453145 0.789654 -0.413651 -0.118020 -0.513085 -0.850185
25.046552 -110.547787 -19015.822713 -918.033184 0.916230 0.238919 -0.321620 -0.387761 0.730782 -0.561782 -0.100813 -0.639434 -0.762208
46.279399 -100.284828 -11595.761922 6271.762274 0.818894 0.485506 -0.306100 -0.571793 0.736250 -0.361923 -0.049650 -0.471402 -0.880520
-22.350205 -76.320005 10898.710180 1627.468826 0.998870 0.014538 0.045245 0.038149 -0.813046 -0.580948 -0.028341 -0.582018 0.812682
-31.153933 -73.806867 2220.118689 3489.249039 0.998259 -0.052944 0.026007 -0.020325 -0.722626 -0.690940 -0.055375 -0.689208 0.722444
-27.522819 -72.965928 -7320.871025 4982.758001 0.992948 -0.109314 0.045887 -0.041987 -0.686216 -0.726185 -0.110870 -0.719137 0.685966
-7.174587 -71.697365 14698.810412 3136.354401 0.765629 -0.636481 -0.093291 0.577850 0.744208 -0.335030 0.282668 0.202600 0.937578
17.357993 -68.443256 25289.472126 5018.667707 0.806041 -0.561535 -0.187018 0.451651 0.787792 -0.418802 0.382503 0.253105 0.888611
-11.650393 -70.077252 -9574.293614 2562.936699 -0.644158 0.764669 0.018466 0.677560 0.581647 -0.450110 0.354926 0.277430 0.892782
-26.394205 -76.470564 -1055.799561 -264.955215 -0.619074 0.784889 -0.026390 0.758915 0.589269 -0.277148 0.201979 0.191603 0.960465
-3.945776 -65.885809 -519.440831 4653.794803 -0.413051 0.894720 -0.169898 0.801670 0.268698 -0.533973 0.432105 0.356760 0.828256
-13.474586 -72.078750 -2866.804218 -1979.729425 0.343271 -0.910209 0.231701 0.885501 0.231384 -0.402927 0.313135 0.343484 0.885418
-24.742438 -73.890276 -3493.845828 -444.419626 -0.513638 0.853596 -0.086891 0.819702 0.458262 -0.343635 0.253506 0.247728 0.935075
-4.282431 -164.002352 1253.692845 8045.858565 0.968488 0.166605 0.185131 0.248314 -0.703387 -0.666023 -0.019256 -0.691006 0.722592
-0.781847 -160.968792 1881.616807 -1711.709577 0.973532 0.156347 0.166709 0.227512 -0.732450 -0.641681 -0.021781 -0.662625 0.748634
-3.130854 -160.282723 807.646420 -13058.173160 0.963927 0.169145 0.205512 0.265930 -0.579375 -0.770458 0.011251 -0.797317 0.603456
1.008720 -4.994502 -9764.128717 10426.836241 -0.171764 -0.864092 0.473119 0.875645 0.086134 0.475212 -0.451379 0.495909 0.741843
-5.444405 -14.287382 8415.161014 -12943.519259 0.866687 0.034823 0.497635 -0.222388 -0.865978 0.447912 -0.446539 0.498868 0.742788
3.790759 -13.396629 -7904.953595 9966.307823 -0.098894 -0.858364 0.503420 0.880619 0.160092 0.445959 -0.463389 0.487424 0.740060
-8.513294 -14.515887 -5383.307598 12167.623291 0.370438 -0.645528 0.667885 0.809225 0.577276 0.109120 -0.455994 0.500047 0.736222
10.315719 -63.865948 11727.668143 -11090.726576 0.064265 0.864467 -0.498565 0.633744 0.350568 0.689544 -0.770869 0.360276 0.525321
9.355530 -58.169288 13476.158179 -20147.528490 0.028314 0.835419 -0.548884 0.565535 0.439386 0.697932 -0.824238 0.330174 0.460018
6.183650 -60.624744 10428.260646 -2791.363030 -0.002029 0.806164 -0.591689 0.556836 0.492381 0.668950 -0.830620 0.328116 0.449900
-9.873122 -129.299318 -725.687341 12982.360229 -0.239068 0.842396 0.482923 -0.420669 0.358395 -0.833421 0.875148 0.402395 -0.268689
-8.640023 -118.460147 67.299899 1489.396054 -0.274003 0.861723 0.427032 -0.504904 0.249020 -0.826475 0.818532 0.442067 -0.366855
0.241291 -103.172187 753.855705 9450.488155 0.950112 0.073359 0.303160 -0.043770 0.993689 -0.103277 -0.308824 0.084855 0.947327
0.773292 -95.388504 1644.667853 4621.755705 0.954021 0.072059 0.290950 -0.001968 0.972157 -0.234321 -0.299734 0.222975 0.927600
-1.689308 -102.127029 1417.608846 5006.047757 0.950537 0.069709 0.302689 -0.039398 0.993679 -0.105122 -0.308103 0.087997 0.947274
-8.893585 -176.823541 6746.707201 5670.644823 0.898545 -0.106659 0.425723 -0.431415 -0.392803 0.812149 -0.080603 0.913416 0.398966
-7.961162 -180.992067 7992.568045 -1281.989808 0.885690 -0.129386 0.445884 -0.463182 -0.180306 0.867728 0.031876 0.975064 0.219625
-17.768640 -170.860402 2107.694516 -121.729609 0.886810 -0.062166 0.457933 -0.462061 -0.101705 0.880997 0.008194 0.992870 0.118917
6.532900 -208.194647 12070.744446 -59141.368990 -0.057252 0.806553 0.588384 -0.825079 -0.370048 0.426977 -0.562109 0.461018 -0.686655
-13.005005 -256.417138 5070.557895 -68605.560020 -0.122909 0.788857 0.602162 -0.722801 -0.486930 0.490365 -0.680038 0.374973 -0.630034
-19.121339 -324.051142 3755.854784 -76448.282991 -0.137321 0.794468 0.591578 -0.514913 -0.567453 0.642543 -0.846172 0.216376 -0.487005
22.711263 -191.321848 -1906.014527 38059.808547 -0.189899 0.887500 0.419861 0.656462 -0.203217 0.726471 -0.730066 -0.413579 0.544019
20.567156 -185.056327 -3274.355681 29658.578064 -0.228065 0.879978 0.416682 0.627202 -0.194555 0.754166 -0.744717 -0.433343 0.507553
17.845673 -171.576438 3368.400706 35641.951463 -0.130589 0.884319 0.448248 0.764279 -0.198199 0.613672 -0.631525 -0.422726 0.649984
20.631715 -221.402650 -93.865834 37802.683311 -0.223368 0.900278 0.373640 0.509570 -0.218920 0.832113 -0.830930 -0.376263 0.409855
19.090584 -209.410122 3346.733965 42635.999081 -0.172277 0.897548 0.405867 0.643772 -0.209269 0.736046 -0.745572 -0.388090 0.541764
-163.029455 -1472.123209 -29595.144093 -229510.110437 -0.254359 0.306777 0.917164 0.871810 -0.337775 0.354761 0.418627 0.889829 -0.181536
-80.306096 -932.269123 -37408.669269 -311759.814520 -0.226812 0.300107 0.926548 0.930922 -0.212807 0.296811 0.286251 0.929865 -0.231110
126.874824 -460.112809 -24952.389288 213157.021856 -0.351817 0.589694 0.726970 0.735150 -0.306698 0.604559 0.579465 0.747126 -0.325612
78.683158 -540.485274 -22910.990805 182391.593237 -0.313531 0.646265 0.695730 0.895643 -0.042146 0.442772 0.315470 0.761948 -0.565609
98.496409 -409.127995 -38266.817601 99237.973043 -0.216935 0.700695 0.679680 0.771828 -0.303176 0.558896 0.597679 0.645841 -0.475047
-9.957744 -676.585351 -3419.303497 705399.589499 -0.152167 0.961494 0.228855 -0.160832 0.204376 -0.965590 0.975181 0.183738 -0.123539
26.976832 -138.530100 7347.271481 161838.935990 -0.148341 0.970239 -0.191394 -0.136439 -0.211763 -0.967750 0.979479 0.117443 -0.163792
112.690829 -52.950480 26491.101305 55147.112325 0.017708 0.714992 -0.698908 -0.049258 -0.697545 -0.714846 0.998629 -0.047085 -0.022866
