16206
32400
-40.897131 -61.394866 -719.121852 -7328.157057 0.300554 0.304153 0.903968 -0.640472 0.766662 -0.045009 -0.706727 -0.565439 0.425225
-38.431687 -63.845878 -1745.813414 -5753.846895 0.486532 0.079752 0.870015 -0.468875 0.864100 0.182995 -0.737186 -0.496962 0.457806
-48.033578 -73.482003 53.305681 -3217.968612 0.316054 0.352363 0.880880 -0.469206 0.865030 -0.177675 -0.824594 -0.357159 0.438727
-36.792045 -54.571484 133.606418 -6522.968444 0.642467 -0.054520 0.764372 -0.406554 0.821266 0.400293 -0.649577 -0.567934 0.505471
-35.629149 -95.034499 -1838.652545 -12920.841499 0.119345 0.508775 0.852587 -0.610013 0.715101 -0.341342 -0.783352 -0.479351 0.395703
-25.395642 -84.020888 -4159.917457 -16092.652679 0.091336 0.401722 0.911196 -0.721032 0.657803 -0.217734 -0.686856 -0.637114 0.349735
-33.512067 -49.746353 1863.606979 7125.404330 -0.320924 -0.228765 -0.919062 0.696290 -0.714792 -0.065215 -0.642019 -0.660862 0.388680
-32.906858 -44.143734 1106.746614 2739.614326 0.744882 -0.254655 0.616686 0.275610 -0.724304 -0.631998 -0.607610 -0.640729 0.469336
28.987406 -66.696891 13109.616218 1756.921908 0.008680 0.506380 0.862267 -0.369089 0.803034 -0.467879 -0.929354 -0.314192 0.193869
39.100965 -74.311005 10572.555657 -8976.890643 -0.026703 0.489536 0.871574 -0.280920 0.833075 -0.476519 -0.959360 -0.257567 0.115275
20.751934 -63.073372 7397.029528 -885.868050 0.019536 0.531422 0.846882 -0.290587 0.813496 -0.503769 -0.956649 -0.236251 0.170317
23.038180 -60.082146 3927.421097 3959.478821 -0.003982 0.570443 0.821327 -0.365364 0.763720 -0.532204 -0.930856 -0.302203 0.205378
17.869615 -61.685029 2899.777997 109.870814 0.011270 0.562335 0.826833 -0.283659 0.794714 -0.536625 -0.958859 -0.228491 0.168468
-31.555853 -46.086268 3103.417977 -5456.658909 -0.529198 0.185211 -0.828038 0.841154 0.242638 -0.483309 0.111399 -0.952273 -0.284194
-34.759478 -59.254968 575.735078 -7971.358123 -0.447683 0.162723 -0.879261 0.872440 0.295053 -0.389605 0.196030 -0.941523 -0.274057
-36.076514 -47.380299 -1155.982525 -3934.858814 -0.412068 0.111801 -0.904268 0.895342 0.233768 -0.379098 0.169005 -0.965843 -0.196429
-22.856696 -34.482004 -10666.867157 141.259585 0.983154 0.055940 0.174008 0.158679 0.211257 -0.964464 0.090713 -0.975829 -0.198821
-29.256268 -34.478043 -7535.557891 -58.185352 0.924498 0.064389 0.375709 0.362770 0.154038 -0.919059 0.117050 -0.985965 -0.119050
-35.009603 -45.803260 -475.655063 -3385.219200 -0.387390 0.043765 -0.920877 0.901236 0.228358 -0.368275 0.194172 -0.972593 -0.127906
4.638646 -66.682534 -820.980144 3107.966633 0.425225 -0.455355 0.782199 0.169232 0.888984 0.425521 -0.889125 -0.048569 0.455079
7.984369 -67.736690 -2111.092086 1602.419174 0.444689 -0.377860 0.812080 0.092053 0.921137 0.378196 -0.890942 -0.093425 0.444403
10.400131 -73.391603 -1790.539123 1289.730590 0.414763 -0.443401 0.794586 0.012307 0.875893 0.482348 -0.909846 -0.190281 0.368745
1.943265 -58.638095 -1488.493786 4692.927294 0.433814 -0.414857 0.799812 0.261590 0.907447 0.328801 -0.862193 0.066584 0.502185
7.273306 -69.298825 1622.330768 3580.750804 0.425167 -0.507685 0.749325 0.138819 0.854660 0.500286 -0.894406 -0.108684 0.433850
2.841095 -58.133051 1486.026831 3124.999737 0.437467 -0.493185 0.751925 0.273121 0.869554 0.411437 -0.856754 0.025376 0.515101
4.341839 -62.890991 3015.773411 5055.386087 0.438653 -0.522288 0.731299 0.237530 0.852213 0.466167 -0.866696 -0.030780 0.497885
7.584955 -42.879237 -1911.519049 2006.929483 0.089953 0.054786 -0.994438 0.992688 0.075760 0.093969 0.080487 -0.995620 -0.047571
13.180065 -44.649132 -1289.399896 816.452052 -0.019467 0.038252 -0.999078 0.999332 -0.030179 -0.020627 -0.030940 -0.998812 -0.037639
1.557695 -42.894060 -1502.087694 1069.852425 -0.091202 0.020372 -0.995624 0.993295 0.073192 -0.089491 0.071048 -0.997110 -0.026910
-4.854301 -43.275086 -1662.088845 218.908254 -0.276321 -0.022746 -0.960796 0.944675 0.177419 -0.275885 0.176739 -0.983872 -0.027537
-1.717377 -40.338231 -452.041415 2363.362909 -0.077429 0.019105 -0.996815 0.986125 0.148724 -0.073748 0.146842 -0.988694 -0.030355
288.088364 -33.140000 -74519.303672 1321.312349 0.767383 0.487044 0.417028 -0.589781 0.280994 0.757100 -0.251559 0.826941 -0.502879
290.127123 -38.915093 55846.922711 333.382354 0.794856 0.145575 0.589078 -0.605070 0.263368 0.751350 0.045767 0.953648 -0.297423
294.672788 -36.348435 -102522.518586 580.025015 0.643246 0.674540 0.362257 -0.608224 0.162780 0.776896 -0.465079 0.720068 -0.514979
275.090924 -28.802409 -120300.640472 4739.928265 0.518897 0.825837 0.220770 -0.608892 0.175797 0.773529 -0.599998 0.535807 -0.594066
261.543322 -42.504421 -88238.075371 1776.296680 0.613307 0.674339 0.411245 0.616597 -0.083370 -0.782852 -0.493622 0.733701 -0.466927
231.221466 -42.939759 -120432.567808 -250.137200 0.428363 0.872869 0.233677 -0.640786 0.111105 0.759637 -0.637101 0.475137 -0.606916
188.437440 -21.759376 -100521.967196 345.857886 0.439982 0.865628 0.238963 -0.648140 0.121925 0.751698 -0.621555 0.485615 -0.614693
0.477267 -64.589943 351.414951 -2448.303945 0.495619 -0.145504 0.856266 -0.003987 0.985476 0.169768 -0.868531 -0.087555 0.487840
1.427391 -59.453628 187.408975 -1445.515114 0.497127 -0.185770 0.847558 -0.152315 0.942960 0.296019 -0.854204 -0.276255 0.440475
1.035734 -61.799038 73.787169 -2565.838319 0.488058 -0.162309 0.857587 -0.024065 0.979681 0.199112 -0.872480 -0.117815 0.474235
0.414281 -68.420474 -6.845638 -2383.129212 0.486862 -0.137159 0.862643 0.158580 0.985062 0.067123 -0.858963 0.104118 0.501340
2.372967 -98.394526 1279.452320 3409.800022 -0.001834 0.566634 0.823968 0.524837 0.701910 -0.481528 -0.851201 0.431565 -0.298678
0.159000 -100.972453 1150.652468 -1078.434183 -0.004037 0.568069 0.822971 0.262163 0.794794 -0.547334 -0.965015 0.213543 -0.152135
5.579239 -100.715691 2269.814641 1643.560838 0.038601 0.579940 0.813744 0.457401 0.713773 -0.530389 -0.888422 0.392681 -0.237713
-2.252653 -100.509285 186.856046 3047.457158 -0.035347 0.558069 0.829041 0.500486 0.727922 -0.468661 -0.865023 0.398358 -0.305036
8.529229 -93.760659 2631.412209 4678.714664 0.014922 0.568301 0.822685 0.693103 0.587149 -0.418168 -0.720684 0.576446 -0.385130
2.034283 -93.705592 797.149214 6377.769698 -0.015687 0.568834 0.822303 0.724817 0.572980 -0.382536 -0.688762 0.590019 -0.421289
-8.256655 -43.809275 2995.021889 3644.414755 0.736686 0.674652 0.046231 0.172540 -0.253628 0.951789 -0.653852 0.693194 0.303249
0.633850 -44.683179 4463.937988 4341.690024 0.720545 0.688778 -0.079998 0.225350 -0.123499 0.966419 -0.655768 0.714376 0.244203
-10.028136 -55.555445 4303.604209 4762.082814 0.714807 0.695843 -0.069666 0.186825 -0.094014 0.977884 -0.673904 0.712014 0.197202
-11.564536 -64.983003 5714.222836 3053.183249 0.704648 0.688776 -0.170468 0.156312 0.083659 0.984158 -0.692125 0.720131 0.048714
-21.053523 -66.135784 4696.588574 5902.417154 0.686526 0.719972 -0.101597 0.179492 -0.032408 0.983226 -0.704602 0.693246 0.151478
-17.065921 -53.221997 3200.958824 5082.378154 0.708745 0.705271 0.016525 0.184138 -0.207555 0.960736 -0.681009 0.677874 0.276971
6.114710 -87.558965 289.810641 -3138.448523 0.385996 0.922500 -0.000769 0.745342 -0.311378 0.589498 -0.543573 0.228117 0.807769
3.968116 -93.447932 -822.618299 -4545.622761 0.390784 0.920202 0.022725 0.822624 -0.360210 0.439930 -0.413011 0.153223 0.897744
4.920444 -84.582071 -826.642731 -3246.752330 0.354290 0.935121 0.005279 0.741373 -0.284316 0.607890 -0.569951 0.211455 0.794004
6.802305 -81.277601 512.115093 -180.205353 0.348969 0.936760 -0.026473 0.656149 -0.224070 0.720597 -0.669095 0.268836 0.692848
68.783999 -38.558060 15529.248511 -741.907125 0.064485 0.120198 0.990653 0.045996 0.991307 -0.123271 -0.996858 0.053515 0.058396
70.637290 -38.718775 20178.667618 1271.757127 0.125368 0.048781 0.990910 0.159782 0.984759 -0.068694 -0.979159 0.166942 0.115663
43.307128 -33.110073 17164.176121 -2141.653699 0.165933 0.064154 0.984048 0.024704 0.997298 -0.069183 -0.985827 0.035790 0.163900
9.614394 -37.498646 4255.824515 1334.575790 0.258615 0.394072 0.881944 -0.281825 0.904064 -0.321315 -0.923955 -0.165457 0.344864
14.039334 -36.406395 937.568750 1718.725490 0.212153 0.370863 0.904131 -0.296738 0.905954 -0.301982 -0.931095 -0.204224 0.302250
13.051526 -31.334089 1550.579519 1686.933247 0.209202 0.419876 0.883141 -0.225138 0.899544 -0.374343 -0.951603 -0.120515 0.282716
11.302701 -40.768052 3241.112623 1384.201216 0.254083 0.355814 0.899354 -0.364772 0.896456 -0.251613 -0.895759 -0.264128 0.357565
4.262797 -42.009984 5119.197708 852.323905 0.275956 0.372472 0.886066 -0.352094 0.896956 -0.267393 -0.894359 -0.238190 0.378666
4.440958 -145.887708 -416.225210 -10142.856793 0.241155 0.944622 -0.222563 0.616665 0.027931 0.786730 -0.749379 0.326971 0.575779
3.583396 -163.537060 -865.667257 -10395.238068 0.267050 0.944888 -0.189397 0.748246 -0.079452 0.658646 -0.607299 0.317607 0.728226
4.019110 -147.019938 646.627471 -8997.492879 0.268416 0.938823 -0.215790 0.688656 -0.030375 0.724452 -0.673577 0.343059 0.654679
3.319385 -129.909729 -155.541088 -9750.550531 0.228971 0.944474 -0.235671 0.534635 0.080304 0.841259 -0.813473 0.318622 0.486561
1.758969 -136.831178 -1246.231169 -7597.039592 0.241830 0.953762 -0.178481 0.696380 -0.042505 0.716413 -0.675702 0.297541 0.674460
3.248208 -153.524602 -1006.941078 -8093.557710 0.289246 0.945806 -0.147608 0.825111 -0.168159 0.539364 -0.485313 0.277802 0.829034
1.879913 -108.043671 -907.795833 -2563.100618 0.431641 0.840421 -0.327688 0.884433 -0.465736 -0.029471 -0.177384 -0.277097 -0.944326
1.464150 -111.100606 -996.236902 -4933.198145 0.412732 0.850772 -0.325330 0.910195 -0.398800 0.111821 -0.034607 -0.342266 -0.938966
4.952392 -103.260142 -1632.240690 -3259.058653 0.435291 0.838793 -0.327028 0.886762 -0.462198 -0.005166 -0.155485 -0.287747 -0.945000
-1.233946 -113.974614 -464.152822 -2285.365165 0.403419 0.855982 -0.323338 0.914014 -0.393502 0.098660 -0.042783 -0.335337 -0.941126
5.721278 -103.045396 -1402.369735 -1530.471350 0.454932 0.828783 -0.325814 -0.845886 0.516551 0.132861 -0.278413 -0.215159 -0.936052
3.240805 -108.006922 -1083.642059 171.773823 0.448418 0.830604 -0.330178 -0.837677 0.519386 0.168923 -0.311798 -0.200835 -0.928680
-0.303208 -112.874316 -686.980541 -1258.036737 0.418757 0.847294 -0.326703 0.886542 -0.459366 -0.055011 -0.196687 -0.266600 -0.943525
-2.480386 -160.954020 -4.077219 14375.744753 0.346690 0.930061 -0.121625 0.686418 -0.339937 -0.642863 0.639247 -0.139389 0.756263
-2.764158 -150.469924 -258.967805 17181.085369 0.369601 0.919962 -0.130632 0.549551 -0.329786 -0.767617 0.749259 -0.211923 0.627455
-4.312993 -145.494686 195.934546 15318.143798 0.347717 0.930101 -0.118344 0.524641 -0.297622 -0.797605 0.777075 -0.215252 0.591457
-6.736508 -47.881787 1352.631565 2065.238381 0.022784 0.448927 0.893278 0.831782 0.487188 -0.266058 -0.554634 0.749074 -0.362310
-5.276607 -48.758053 662.997957 1203.891838 0.008447 0.439232 0.898334 0.771609 0.568554 -0.285245 -0.636040 0.695573 -0.334113
-8.415730 -46.416145 -1423.337036 2037.028404 0.024944 0.439660 0.897818 0.829702 0.491874 -0.263921 -0.557648 0.751505 -0.352518
-6.634324 -43.385967 1709.558153 2426.513270 0.011330 0.435473 0.900131 0.877774 0.426834 -0.217546 -0.478942 0.792576 -0.377411
-17.062992 -43.520124 -5882.906883 1744.493328 0.019261 0.432345 0.901503 0.830078 0.495692 -0.255460 -0.557314 0.753238 -0.349332
-8.383086 -42.146663 -1621.035726 2483.973930 0.050196 0.452968 0.890113 0.877594 0.405447 -0.255817 -0.476770 0.793998 -0.377170
6.607709 -134.238562 1081.946479 -9870.689900 0.271225 0.891981 -0.361672 -0.006754 0.377512 0.925980 -0.962492 0.248706 -0.108415
5.677010 -128.398775 1014.244716 2812.708414 0.277206 0.873342 -0.400537 -0.104527 0.441812 0.890998 -0.955108 0.205123 -0.213760
6.289734 -144.413125 721.624571 -13070.871522 0.295660 0.881497 -0.368167 -0.002157 0.386012 0.922491 -0.955291 0.271950 -0.116030
15.213157 -1752.651995 25134.847116 745651.025540 -0.024258 0.997249 0.070037 -0.941303 -0.046379 0.334361 -0.336690 0.057815 -0.939839
-49.053593 -724.677350 186.389747 272583.359426 0.166975 0.975504 0.143219 -0.950325 0.197933 -0.240220 0.262683 0.095994 -0.960095
-42.887452 -1054.238718 4515.802685 328732.841842 0.115185 0.980002 0.162258 -0.940693 0.160088 -0.299113 0.319107 0.118182 -0.940321
180.692578 -2465.608639 23353.258837 -1357289.120897 0.797557 0.473837 -0.373338 -0.603206 0.633311 -0.484830 -0.006708 -0.611879 -0.790923
1104.337303 -8457.780188 741725.467297 7621060.685379 0.913840 0.396844 -0.086089 -0.191559 0.234358 -0.953090 0.358052 -0.887463 -0.290185
11.166627 -2379.582923 59695.732702 92254.843554 0.758277 0.591541 -0.274035 -0.647052 0.734223 -0.205524 -0.079627 -0.333159 -0.939502
27.557096 -16.572692 3429.609350 11695.925472 0.350804 0.675214 -0.648862 -0.011900 0.696055 0.717890 0.936373 -0.244117 0.252214
19.065422 -24.585418 2667.739346 13146.782971 0.307892 0.590861 -0.745712 0.044730 0.773931 0.631688 0.950369 -0.227847 0.211858
19.356345 -44.504875 1305.120456 15737.571554 0.405978 0.667287 -0.624428 0.002794 0.682360 0.731011 0.913878 -0.298519 0.275159
24.607673 -28.727616 81.312568 -19079.900180 0.451522 0.721481 -0.524969 0.096975 -0.624555 -0.774937 0.886974 -0.298993 0.351966
30.124583 -2.175129 2012.925554 -9076.142604 0.408736 0.723505 -0.556306 0.049956 -0.626371 -0.777923 0.911285 -0.290174 0.292163
-28.283869 -39.807049 -3083.685249 -365.565692 0.948211 -0.283832 0.142603 0.170444 0.075807 -0.982447 -0.268040 -0.955873 -0.120258
-24.211120 -36.970959 -2452.234985 -1026.577817 0.904566 -0.307982 0.294801 0.286895 -0.071754 -0.955271 -0.315359 -0.948683 -0.023453
-20.347179 -39.059613 -3095.660458 -627.566859 0.882775 -0.369769 0.289792 0.324649 0.034285 -0.945213 -0.339575 -0.928491 -0.150311
-21.817767 -41.241023 -3656.593486 -518.492227 0.901560 -0.341504 0.265640 0.332630 0.154481 -0.930319 -0.276672 -0.927098 -0.252869
-31.674966 -41.213773 -945.021718 -1030.513606 -0.478364 -0.098162 0.872658 0.600803 0.688177 0.406752 -0.640471 0.718871 -0.270223
-34.701820 -39.284813 -9026.985857 956.828736 0.003141 0.374893 0.927063 0.830387 0.515567 -0.211303 -0.557179 0.770484 -0.309687
-18.861383 -41.809680 -6139.460844 134.314671 -0.107828 0.327247 0.938767 0.761242 0.634524 -0.133753 -0.639440 0.700206 -0.317534
-35.244976 -47.883929 -992.789392 -7442.575312 0.800337 0.475023 -0.365807 0.187454 0.381289 0.905251 -0.569493 0.793078 -0.216115
-31.924194 -49.132236 -2141.693308 -5577.069742 0.698219 0.442681 -0.562605 0.333435 0.494340 0.802776 -0.633491 0.748106 -0.197552
-168.916483 -3291.380890 85002.116176 863653.814586 -0.773045 0.574375 0.269247 0.435635 0.789219 -0.432845 -0.461111 -0.217315 -0.860320
-2.204647 -2161.935951 32871.660418 267738.523846 0.785834 -0.590816 -0.182761 0.226213 0.549647 -0.804187 -0.575580 -0.590614 -0.565581
-256.884688 -1959.264937 -129290.511912 -500682.590583 -0.867546 0.380428 0.320373 0.265900 0.899133 -0.347644 -0.420311 -0.216410 -0.881195
91.602050 -1571.197504 5999.354718 -307168.313064 -0.586738 0.799999 0.125462 -0.339560 -0.383718 0.858755 -0.735145 -0.461262 -0.496789
-47.123241 -303.922766 4741.831201 -22572.521971 -0.795092 0.514755 0.320712 0.393739 0.840318 -0.372606 -0.461301 -0.169980 -0.870809
7.246561 -194.370944 -1045.580676 -25049.015840 0.870939 -0.487765 0.059584 0.405537 0.781943 0.473397 0.277498 0.388136 -0.878832
6.031731 -223.907122 328.704724 -17830.991084 0.852623 -0.513604 0.096154 0.374454 0.728920 0.573114 0.364442 0.452645 -0.813815
6.757959 -211.827929 -3086.787837 -16634.695987 0.893813 -0.434226 0.112013 0.229419 0.657395 0.717773 0.385312 0.615857 -0.687208
3.557533 -185.908968 -3208.506089 -33138.375619 -0.825641 0.553015 -0.111761 0.518248 0.821674 0.237214 0.223014 0.137933 -0.965007
-0.691613 -157.260829 -2827.187524 -5430.397348 0.879425 -0.474634 0.036525 0.341854 0.683070 0.645408 0.331282 0.555102 -0.762964
5.143988 -147.414404 -750.584006 -15387.144395 0.834718 -0.550230 -0.022196 0.506957 0.752082 0.421150 0.215036 0.362794 -0.906719
10.968193 -148.612878 968.792160 -25357.360911 0.833514 -0.551797 0.027818 0.538358 0.822470 0.183616 0.124198 0.138071 -0.982604
5.626826 -53.210472 6797.517767 1418.293937 0.644489 -0.379346 0.663876 0.661663 0.711827 -0.235595 -0.383192 0.591100 0.709764
7.025785 -53.659983 5269.305054 -1568.186439 0.627054 -0.384515 0.677459 0.563482 0.824385 -0.053649 -0.537858 0.415377 0.733601
37.715090 -44.954403 16498.936386 -1252.878489 0.780714 -0.249034 0.573121 -0.528296 -0.752889 0.392505 -0.333749 0.609212 0.719355
-23.901637 -41.153469 -760.035107 -951.403852 0.857576 0.175681 0.483425 -0.477564 -0.077121 0.875206 -0.191039 0.981422 -0.017762
-19.571965 -43.900568 -4102.780597 3843.285355 0.319585 0.148342 0.935874 0.926017 0.160504 -0.341660 -0.200894 0.975824 -0.086072
-24.572011 -44.024558 619.589534 -2028.354549 0.696313 0.175421 0.695971 -0.676360 -0.164109 0.718057 -0.240177 0.970719 -0.004377
-23.589747 -46.663983 -790.952559 -921.534493 0.886318 0.183232 0.425284 -0.399536 -0.161729 0.902338 -0.234118 0.969675 0.070136
-2.040508 -12.583551 -3353.540030 -2.845642 0.865877 -0.317209 0.386827 0.001310 0.774692 0.632337 0.500255 0.547020 -0.671203
6.183177 -26.967593 6664.596114 4510.951920 -0.675544 -0.236063 -0.698509 -0.507685 0.835936 0.208488 0.534692 0.495465 -0.684557
11.045562 -14.311383 -6634.242076 -2146.584448 0.392008 0.525411 0.755164 0.776343 -0.629345 0.034869 0.493580 0.572598 -0.654608
12.979398 -10.102507 14496.146436 -3868.943494 -0.487498 0.762389 0.425568 0.753170 0.120630 0.646671 0.441679 0.635776 -0.633016
8.859625 -28.293565 -12560.863592 -4226.026206 0.780498 -0.619990 -0.080225 0.428284 0.436801 0.791061 0.455408 0.651780 -0.606454
-10.643039 -26.964324 -12170.555749 -4225.587532 0.847935 -0.482334 0.219910 0.173899 0.644988 0.744143 0.500765 0.592743 -0.630785
4.833298 -14.159701 1076.959951 -5569.032748 0.723246 0.209211 0.658138 0.273212 0.788574 -0.550914 -0.634248 0.578257 0.513175
6.591941 -22.359312 1008.310538 3280.678514 0.740200 0.276884 0.612730 -0.254207 -0.728402 0.636246 -0.622481 0.626710 0.468777
4.767447 -18.427245 865.536143 -3516.727126 0.714058 0.183973 0.675481 0.317281 0.775037 -0.546489 -0.624062 0.604542 0.495051
13.461094 -45.046475 682.543673 1155.685990 -0.265313 -0.418151 -0.868769 -0.179884 0.906707 -0.381477 0.947233 0.055067 -0.315779
15.931062 -43.247595 -26.841493 1215.858057 -0.253410 -0.413451 -0.874552 -0.291757 0.894629 -0.338403 0.922313 0.169402 -0.347335
13.203906 -43.590689 3193.162938 541.268509 -0.309455 -0.458852 -0.832882 -0.247039 0.884595 -0.395556 0.918265 0.083347 -0.387096
10.601206 -44.748384 -3138.902649 1334.817878 -0.206444 -0.370289 -0.905686 -0.225164 0.918762 -0.324310 0.952198 0.136976 -0.273049
9.561896 -45.214247 2624.882894 667.594322 -0.309040 -0.455005 -0.835144 -0.135740 0.890241 -0.434793 0.941312 -0.021006 -0.336882
9.586884 -46.473504 -1799.616619 1171.917639 -0.223623 -0.380233 -0.897450 -0.109464 0.924740 -0.364519 0.968509 0.016723 -0.248415
10.790302 -46.551649 1079.273422 894.879356 -0.275255 -0.417878 -0.865802 -0.064571 0.906593 -0.417037 0.959200 -0.058885 -0.276527
11.011496 -41.263526 -1361.986836 582.279007 -0.374878 0.444698 -0.813456 0.905265 0.364795 -0.217762 0.199906 -0.818027 -0.539323
7.080667 -41.320606 -1096.468141 597.795715 -0.407810 0.396035 -0.822707 0.874929 0.427189 -0.228055 0.261134 -0.812813 -0.520715
6.894737 -40.496807 -767.809745 -55.601474 -0.433439 0.407186 -0.803946 0.821875 0.544547 -0.167301 0.369664 -0.733258 -0.570685
8.376487 -39.642601 -642.051421 -164.899704 -0.392808 0.472882 -0.788724 0.847994 0.518103 -0.111696 0.355821 -0.712708 -0.604516
12.048408 -37.612588 -401.498583 -6.288874 -0.336873 0.520655 -0.784497 0.916660 0.371671 -0.146954 0.215063 -0.768621 -0.602470
16.087009 -40.344784 -493.342904 362.721895 -0.291605 0.534085 -0.793548 0.955962 0.191531 -0.222380 0.033219 -0.823449 -0.566417
33.462241 -78.622031 2639.003799 8152.398036 -0.238102 0.232240 -0.943065 0.944760 0.280571 -0.169436 0.225247 -0.931313 -0.286216
54.064791 -71.757929 6922.362194 10776.830064 -0.097370 0.182056 -0.978455 0.939945 0.339982 -0.030279 0.327144 -0.922642 -0.204227
46.760943 -58.444164 5760.383693 11935.339735 -0.242834 0.261487 -0.934161 0.888370 0.446754 -0.105877 0.389654 -0.855591 -0.340784
32.466630 -66.403539 3839.869310 9366.205344 -0.354243 0.306382 -0.883540 0.891816 0.394970 -0.220599 0.281384 -0.866100 -0.413151
24.619837 -84.145734 2226.873614 6815.038602 -0.333984 0.292986 -0.895887 0.934131 0.229845 -0.273074 0.125909 -0.928079 -0.350452
-7.131583 -111.426475 -842.164907 2036.051919 -0.267262 0.402587 0.875497 -0.631236 0.613329 -0.474729 -0.728088 -0.679522 0.090207
-8.389480 -109.735900 979.793714 281.947996 0.251536 -0.391097 -0.885309 0.785647 -0.451698 0.422763 -0.565234 -0.801880 0.193646
-9.135276 -107.180643 -350.797143 3046.489488 -0.240271 0.440705 0.864899 -0.651101 0.587671 -0.480322 -0.719956 -0.678544 0.145743
11.298402 -98.892851 2115.814796 -4378.570555 -0.344865 0.470634 0.812141 0.773625 0.632502 -0.038024 -0.531576 0.615179 -0.582222
8.878945 -96.599589 2766.252795 -6137.244031 -0.306998 0.456649 0.834999 0.746878 0.659376 -0.086005 -0.589853 0.597239 -0.543488
12.112349 -88.167073 1997.126208 -3834.471184 -0.323717 0.495488 0.806039 0.619390 0.754973 -0.215341 -0.715237 0.429543 -0.551298
9.303747 -91.103890 -668.321199 -3141.104065 -0.367545 0.532381 0.762549 0.641728 0.738642 -0.206380 -0.673124 0.413495 -0.613129
3.986072 -103.460626 -3098.464612 -4374.116051 -0.417033 0.536925 0.733345 0.766887 0.640925 -0.033151 -0.487818 0.548568 -0.679048
224.827590 -22.654390 40416.537989 70.992640 -0.400798 -0.431924 0.807962 -0.673309 0.736927 0.059948 -0.621301 -0.519981 -0.586178
221.898948 -5.014691 29203.059248 -3007.117621 -0.682365 -0.454778 0.572324 -0.556196 0.831046 -0.002774 -0.474367 -0.320217 -0.820023
553.494928 -20.167886 153557.378470 -739.948027 -0.569362 -0.316729 0.758623 -0.517430 0.855153 -0.031311 -0.638822 -0.410362 -0.650777
188.019884 -28.208584 38774.608768 -1100.879547 -0.202948 -0.439758 0.874886 -0.686478 0.701034 0.193129 -0.698255 -0.561394 -0.444158
-1.748320 -18.560133 3409.691603 1009.555755 -0.561120 0.086110 0.823244 0.824413 -0.030879 0.565146 0.074086 0.995807 -0.053663
4.072906 -14.948834 1773.417270 -745.084866 -0.254980 0.110697 0.960589 0.963129 -0.059109 0.262466 0.085834 0.992095 -0.091544
13.254931 -18.181363 2066.999542 -1300.299628 -0.234603 0.112326 0.965580 0.963289 -0.106508 0.246436 0.130523 0.987947 -0.083215
2.244127 -20.394326 5064.564989 -180.417329 -0.475015 0.069130 0.877258 0.872927 -0.088930 0.479677 0.111175 0.993636 -0.018102
-12.009382 -106.891318 -338.744110 19458.100614 -0.457613 0.888664 -0.029432 -0.542550 -0.252853 0.801064 -0.704435 -0.382546 -0.597854
-9.378541 -109.226852 -2667.164247 26734.451998 -0.496177 0.865028 -0.074403 -0.514081 -0.223650 0.828071 -0.699664 -0.449119 -0.555664
-11.835013 -85.158345 -984.289071 17990.477543 -0.464978 0.884244 -0.043677 -0.445311 -0.190957 0.874776 -0.765175 -0.426202 -0.482555
-4.814374 -141.174335 1981.548863 -2776.523542 -0.204997 0.951551 -0.229185 0.231840 -0.180287 -0.955901 0.950908 0.249092 0.183649
-3.274866 -153.236979 938.185229 2655.911092 -0.205208 0.957038 -0.204861 0.149179 -0.176284 -0.972969 0.967282 0.230222 0.106595
-2.215834 -153.359386 1428.003943 -4803.697617 -0.192565 0.951856 -0.238516 0.404015 -0.144603 -0.903251 0.894254 0.270298 0.356718
-5.921518 -138.371688 2271.961825 4005.535043 -0.218472 0.953559 -0.207353 0.012205 -0.209799 -0.977668 0.975767 0.216124 -0.034197
-4.812396 -140.918049 1104.811785 783.694263 -0.159587 0.953428 -0.255942 0.380334 -0.179869 -0.907190 0.910977 0.242119 0.333916
-6.306299 -135.624483 908.314648 -748.476502 -0.166002 0.957638 -0.235314 0.178566 -0.205489 -0.962231 0.969823 0.201751 0.136890
-6.836913 -129.161288 430.235807 5997.193276 -0.163425 0.963123 -0.213746 -0.050362 -0.224521 -0.973167 0.985270 0.148275 -0.085197
-6.944816 -127.519783 1567.912330 8606.767734 -0.203086 0.960718 -0.189148 -0.189063 -0.228013 -0.955126 0.960735 0.158212 -0.227943
-5.603454 -138.543680 1359.740236 12640.526145 -0.206098 0.963424 -0.171282 -0.221457 -0.216422 -0.950851 0.953142 0.158037 -0.257962
-14.887826 -125.827741 -1575.827704 4616.993237 -0.285425 0.907043 -0.309525 0.320976 0.394778 0.860886 -0.903054 -0.146368 0.403818
-16.031255 -117.461748 -2662.416838 13612.477000 -0.287263 0.895380 -0.340257 0.523494 0.444241 0.727052 -0.802144 -0.030732 0.596339
-15.539916 -130.511990 -1240.141954 4694.984331 -0.267873 0.902778 -0.336505 0.336070 0.414886 0.845533 -0.902940 -0.113407 0.414533
-10.788638 -37.601940 -307.969095 713.991090 -0.121819 -0.370993 -0.920611 -0.161385 0.922579 -0.350431 0.979344 0.105884 -0.172260
-11.754784 -36.708707 -239.046351 1258.942035 -0.146511 -0.363599 -0.919962 -0.223992 0.918036 -0.327165 0.963515 0.158131 -0.215946
-8.722183 -35.929459 -970.014011 1111.617910 -0.112168 -0.360564 -0.925966 -0.255118 0.911061 -0.323856 0.960382 0.199904 -0.194178
-10.028321 -37.783720 -43.344763 785.646628 -0.102327 -0.388199 -0.915877 -0.175546 0.913307 -0.367497 0.979139 0.123173 -0.161602
-12.437256 -40.393498 -68.228894 154.115143 -0.103776 -0.436263 -0.893815 -0.050017 0.899819 -0.433387 0.993342 -0.000269 -0.115201
-5.434930 -130.413637 1417.799133 551.000827 -0.173676 0.980393 -0.093088 -0.574923 -0.177682 -0.798682 0.799563 0.085193 -0.594509
-2.276200 -137.013434 1156.686276 -2756.871981 -0.180183 0.980255 -0.081451 -0.544064 -0.168307 -0.821989 0.819468 0.103794 -0.563648
-4.633131 -130.170322 984.075181 13416.740510 -0.190890 0.972536 -0.133173 -0.431756 -0.205025 -0.878380 0.881560 0.110176 -0.459036
-7.054382 -123.708707 1386.852974 13156.054738 -0.191294 0.971404 -0.140645 -0.464498 -0.215823 -0.858872 0.864666 0.098968 -0.492501
-7.387217 -121.625326 645.435587 3642.671461 -0.167192 0.978603 -0.119932 -0.610454 -0.198273 -0.766833 0.774204 0.054996 -0.630542
10.041799 -166.951489 -1194.116137 -11899.471602 0.070457 0.941290 -0.330166 0.762477 -0.264232 -0.590602 0.643168 0.210132 0.736329
2.741329 -144.916340 -3072.870115 -9368.869044 0.125224 0.933489 -0.336032 0.742712 -0.312764 -0.592079 0.657798 0.175433 0.732479
4.048988 -131.073335 -1991.245149 -1060.977484 0.033209 0.957776 -0.285590 0.863743 -0.171267 -0.473936 0.502837 0.230937 0.832961
7.737279 -146.026288 -659.529891 -2490.479484 -0.034447 0.960211 -0.277144 0.916010 -0.080564 -0.392981 0.399673 0.267403 0.876788
9.060666 -179.962010 605.821741 -10829.479516 -0.020706 0.953220 -0.301566 0.878007 -0.126933 -0.461510 0.478199 0.274333 0.834306
15.382810 -191.088198 1184.855742 -16583.770715 0.023897 0.939953 -0.340467 0.698864 -0.259231 -0.666625 0.714855 0.222010 0.663094
21.512361 -32.851808 -1275.675525 -1449.775021 0.095433 -0.429772 -0.897880 0.647189 0.712126 -0.272072 0.756332 -0.555134 0.346104
16.051063 -29.031650 -4301.689251 -2023.632307 0.188687 -0.455119 -0.870209 0.642231 0.727554 -0.241256 0.742924 -0.513354 0.429571
22.741646 -36.070825 -1397.219318 -814.740579 0.132809 -0.393707 -0.909591 0.566894 0.782963 -0.256126 0.813015 -0.481626 0.327175
14.163999 -25.364373 -4224.755905 -2490.367837 0.135724 -0.508063 -0.850560 0.711616 0.647315 -0.273106 0.689335 -0.568204 0.449401
22.868609 -39.546870 2597.759411 129.420671 0.038286 -0.348548 -0.936509 0.563033 0.781792 -0.267948 0.825547 -0.517026 0.226175
19.855414 -30.435111 -1506.225290 -2119.094252 0.035655 -0.485162 -0.873697 0.721561 0.617368 -0.313377 0.691432 -0.619253 0.372087
21.406663 -37.638644 2154.004390 -672.983599 -0.001446 -0.385270 -0.922803 0.649063 0.701646 -0.293954 0.760733 -0.599383 0.249050
-17.358182 -34.123069 -597.395910 1011.142604 0.093874 0.415363 -0.904799 0.620090 0.686615 0.379537 0.778895 -0.596685 -0.193107
-20.069840 -36.968899 -1578.046111 1020.545116 0.143223 0.516931 -0.843961 0.649486 0.594344 0.474260 0.746763 -0.616066 -0.250616
-17.953414 -32.670500 -2237.376330 1215.381894 0.064334 0.414142 -0.907936 0.551538 0.743481 0.378208 0.831665 -0.525092 -0.180584
-14.968517 -29.970666 -577.276320 1125.054183 0.020966 0.306751 -0.951559 0.518245 0.810583 0.272723 0.854975 -0.498859 -0.141977
-16.466613 -31.855352 1209.611185 1047.476470 0.028521 0.303748 -0.952325 0.590233 0.763776 0.261286 0.806729 -0.569546 -0.157498
-0.757066 -46.687242 272.061346 1637.799696 0.331391 -0.247855 0.910356 0.838083 -0.365848 -0.404688 0.433356 0.897064 0.086484
1.401769 -48.255991 484.663688 -12.338247 0.355186 -0.258332 0.898392 0.896998 -0.176334 -0.405339 0.263129 0.949827 0.169092
2.102294 -47.975970 1533.584491 761.015266 0.291441 -0.250489 0.923210 0.868364 -0.335551 -0.365170 0.401256 0.908108 0.119722
-1.776411 -47.297681 -118.196707 809.426286 0.402468 -0.250620 0.880460 0.865385 -0.209501 -0.455211 0.298542 0.945145 0.132566
-3.212670 -45.273671 -357.995287 2116.513602 0.372068 -0.234770 0.898025 0.800983 -0.407672 -0.438439 0.469032 0.882432 0.036365
11.999733 -51.660773 -3245.579334 12186.703655 -0.174948 -0.201692 -0.963698 0.728880 -0.684553 0.010950 -0.661911 -0.700505 0.266771
1.797081 -56.125983 -4509.962486 766.907154 -0.075684 -0.300884 -0.950653 0.815634 -0.567113 0.114558 -0.573596 -0.766715 0.288333
7.286498 -49.534484 -1031.696376 659.813264 -0.081535 -0.234718 -0.968638 0.759414 -0.644050 0.092141 -0.645479 -0.728085 0.230760
-1799.232172 -2677.246180 111558.972814 2002173.635653 0.915741 0.317836 0.245760 -0.001536 -0.608922 0.793229 -0.401765 0.726770 0.557127
-2399.932661 -4949.299672 1247246.759920 -2673568.525033 0.644651 -0.478251 0.596407 0.762294 0.343231 -0.548726 0.057723 0.808374 0.585832
-1540.094871 -3836.036254 808128.752823 4081786.183994 0.988806 0.030647 0.146025 -0.135464 -0.225856 0.964696 -0.062546 0.973679 0.219176
-1500.298587 -2562.142918 654214.985846 2239406.967225 0.865437 0.357213 0.351308 -0.293246 -0.207384 0.933273 -0.406233 0.910709 0.074727
-13.652905 -1359.082179 -9341.021134 561889.215034 -0.314590 0.940758 -0.126520 -0.941532 -0.326193 -0.084350 0.120623 -0.092587 -0.988371
-26.929440 -732.476813 1866.720201 315642.754935 -0.475468 0.879732 -0.000910 -0.876423 -0.473589 0.087156 -0.076243 -0.042237 -0.996194
-50.242628 -1133.556690 3461.944382 427925.594713 -0.632654 0.769389 -0.088263 -0.709253 -0.621396 -0.332908 0.310982 0.148015 -0.938819
-20.306290 -433.941188 5422.117749 -144550.548920 -0.457713 0.886290 0.070631 0.888494 0.453022 0.073143 0.032829 0.096234 -0.994817
-132.914661 -3224.979341 40041.479601 -1387723.396889 -0.739605 0.636788 -0.217912 0.394238 0.672306 0.626563 0.545491 0.377500 -0.748287
3.573216 -210.006468 -2290.351661 -64259.530589 -0.299134 0.941068 -0.157827 0.940208 0.262452 -0.217089 -0.162873 -0.213329 -0.963308
8.078329 -212.379406 -1347.281003 -71309.872201 -0.292126 0.948676 -0.121144 0.942441 0.264003 -0.205200 -0.162686 -0.174115 -0.971194
11.327384 -78.016445 -1016.189608 11071.267176 -0.355730 0.928509 -0.106432 -0.910936 -0.319013 0.261585 -0.208931 -0.190007 -0.959294
7.228609 -66.709282 -1541.466088 -10022.395881 -0.393788 0.910653 -0.125066 0.895380 0.349242 -0.276270 -0.207908 -0.220773 -0.952908
-41.507716 -71.078792 -1532.467717 -3134.852313 0.490334 0.130640 0.861688 -0.400338 0.911982 0.089543 -0.774146 -0.388873 0.499476
-37.814271 -65.330589 -1008.874999 -6685.274787 0.618793 0.038126 0.784629 -0.381063 0.888003 0.257374 -0.686940 -0.458254 0.564018
70.459199 -81.316375 16322.948900 -12132.937443 -0.130000 0.459425 0.878652 -0.305296 0.824571 -0.476317 -0.943342 -0.330170 0.033067
69.223273 -114.813507 18143.597144 -22518.373692 -0.111491 0.406558 0.906797 -0.178968 0.889352 -0.420741 -0.977517 -0.209197 -0.026394
60.270278 -69.634260 19396.606838 -3727.973101 -0.067747 0.489749 0.869227 -0.404171 0.783068 -0.472705 -0.912171 -0.383340 0.144892
15.733188 -69.982045 -3059.871117 -1570.502998 0.436771 -0.355160 0.826494 -0.092607 0.896129 0.434023 -0.894793 -0.266108 0.358513
12.814563 -65.301957 -621.973715 1626.507184 0.495150 -0.307149 0.812703 0.050787 0.944057 0.325850 -0.867322 -0.120069 0.483048
6.868678 -59.731889 -1972.153161 4829.677799 0.460425 -0.345733 0.817605 0.216597 0.936955 0.274228 -0.860869 0.050830 0.506282
11.898668 -4.137243 6609.304746 -3998.731249 0.418922 0.642793 -0.641343 0.594365 0.339851 0.728856 0.686465 -0.686526 -0.239682
-0.275847 -1.854118 3035.613716 3454.004018 -0.446220 -0.173468 -0.877950 0.586921 0.683862 -0.433424 0.675582 -0.708690 -0.203341
15.637784 5.188643 11408.989624 4430.935073 0.438998 0.697119 -0.566839 -0.563419 -0.277843 -0.778051 0.699886 -0.660930 -0.270797
1.099451 -8.595008 134.139971 -2057.746067 0.383571 0.554268 -0.738689 0.616983 0.441372 0.651553 0.687172 -0.705675 -0.172676
29.160086 0.238472 11431.430025 -5551.169681 0.296418 0.599126 -0.743763 0.685844 0.408425 0.602335 0.664646 -0.688648 -0.289842
19.715276 -8.519472 6565.958089 -4099.996476 0.319443 0.567043 -0.759222 0.672654 0.428642 0.603161 0.667452 -0.703369 -0.244497
9.442365 -11.419823 3262.075968 1298.927965 0.413389 0.600736 -0.684271 -0.579211 -0.406361 -0.706672 0.702584 -0.688467 -0.179968
320.949614 -43.805049 143838.525665 -168.587785 0.793668 -0.004529 0.608335 -0.555099 0.403752 0.727220 0.248910 0.914857 -0.317930
262.952531 -46.540503 218194.704327 1429.186014 0.736581 -0.184247 0.650769 -0.557773 0.378728 0.738549 0.382540 0.906983 -0.176196
0.346706 -62.854454 540.012804 -1591.278192 0.499707 -0.153805 0.852430 -0.145568 0.955201 0.257682 -0.853875 -0.252852 0.454931
2.329368 -61.803164 5.127776 405.417457 0.507022 -0.215075 0.834668 -0.264934 0.882601 0.388362 -0.820206 -0.418040 0.390517
2.260465 -57.838667 -125.581336 539.890483 0.508191 -0.248417 0.824640 -0.262580 0.867220 0.423061 -0.820240 -0.431530 0.375484
2.455903 -100.156986 1587.537295 -2407.188872 0.026826 0.591069 0.806175 0.169218 0.792141 -0.586411 -0.985213 0.152150 -0.078770
-1.573468 -99.324491 1022.257552 -3448.218559 -0.010927 0.573591 0.819069 -0.033043 0.818464 -0.573607 -0.999394 -0.033332 0.010010
-3.811785 -102.206894 251.358499 -2283.687675 -0.040402 0.553718 0.831724 0.209745 0.818557 -0.534763 -0.976921 0.152845 -0.149211
-0.064649 -35.413798 3796.016462 2760.377795 0.738864 0.673854 -0.000413 0.221134 -0.241890 0.944769 -0.636537 0.698148 0.327736
9.647524 -36.297809 5104.660060 4356.609600 0.708116 0.696516 -0.115917 0.285598 -0.132391 0.949161 -0.645759 0.705222 0.292672
11.594925 -45.542948 4881.568030 4515.765426 0.690418 0.704537 -0.164166 0.257585 -0.027364 0.965868 -0.675997 0.709140 0.200371
5.957169 -95.125490 -638.563969 -3756.309017 0.412085 0.910962 0.018279 0.825456 -0.381748 0.415801 -0.385757 0.156257 0.909272
1.752065 -100.366456 -1734.508197 -3240.532601 0.405889 0.913033 0.040319 0.886112 -0.403955 0.227215 -0.223742 0.056497 0.973010
-0.728293 -98.988583 -1808.105385 -4614.996855 0.381191 0.923808 0.035658 0.889913 -0.377109 0.256601 -0.250497 0.066081 0.965859
90.670773 -38.047290 12923.519142 1926.983391 -0.018843 0.071504 0.997262 0.245675 0.967190 -0.064706 -0.969169 0.243784 -0.035791
82.395223 -37.390406 29333.880187 697.448114 0.194507 -0.003391 0.980895 0.237674 0.970358 -0.043775 -0.951671 0.241648 0.189547
13.961994 -30.817545 -1304.849699 1910.012594 0.160912 0.383908 0.909242 -0.236707 0.909372 -0.342072 -0.958163 -0.160180 0.237203
14.305320 -40.382417 -348.963696 2062.174293 0.206678 0.334774 0.919353 -0.378102 0.893971 -0.240531 -0.902399 -0.297897 0.311343
14.494824 -35.621083 -1900.418666 2187.484341 0.161719 0.348284 0.923334 -0.309138 0.906435 -0.287765 -0.937166 -0.238900 0.254255
5.870417 -167.083625 -80.377047 -9601.099941 0.266825 0.938850 -0.217634 0.713718 -0.040750 0.699247 -0.647619 0.341906 0.680948
6.452102 -176.462147 459.092731 -6878.825284 0.300510 0.932692 -0.199448 0.826117 -0.150022 0.543161 -0.476680 0.327992 0.815596
3.253167 -177.613910 -1218.942025 -17284.655904 0.301233 0.938718 -0.167530 0.856087 -0.188858 0.481090 -0.419969 0.288341 0.860515
4.710126 -109.106385 -1662.266684 -9095.633381 0.417024 0.849340 -0.323595 0.908401 -0.401227 0.117575 -0.029974 -0.342985 -0.938862
0.476628 -117.823902 -836.961983 -4615.903385 0.409313 0.854389 -0.320128 0.903749 -0.331475 0.270854 0.125300 -0.400180 -0.907830
-2.072881 -116.759793 -382.381205 -1534.411428 0.398662 0.858805 -0.321750 0.909044 -0.323651 0.262466 0.121273 -0.397121 -0.909719
-1.264473 -157.925541 -829.255723 18702.873888 0.388069 0.911699 -0.134933 0.580553 -0.355527 -0.732502 0.715794 -0.205926 0.667259
-2.498040 -144.468867 -1165.155533 8968.166033 0.395887 0.905769 -0.151182 0.427681 -0.327549 -0.842497 0.812627 -0.268876 0.517053
-10.244119 -49.043222 2028.156505 2590.756043 0.041013 0.485044 0.873528 0.803816 0.503261 -0.317186 -0.593462 0.715165 -0.369246
39.714259 -49.194409 -3755.054994 -6182.736921 0.518536 0.692023 -0.502220 -0.236526 -0.448346 -0.861999 0.821691 -0.565765 0.068802
32.478679 -47.444487 -4089.391600 -3107.329324 0.533071 0.652546 -0.538534 -0.328551 -0.426904 -0.842501 0.779673 -0.626048 0.013176
32.650400 -44.387431 -6897.771537 -6244.004112 0.567648 0.662153 -0.489213 -0.220146 -0.450507 -0.865205 0.793292 -0.598830 0.109959
40.163759 -53.741926 -3185.850229 -3062.036040 0.477905 0.695596 -0.536426 -0.331716 -0.422548 -0.843456 0.813370 -0.581033 -0.028803
6.346922 -149.123973 63.728158 10729.982340 0.284788 0.864607 -0.413945 -0.162289 0.469081 0.868116 -0.944753 0.180051 -0.273905
-5.148893 -1422.577255 10527.379019 -470840.028516 -0.044762 0.997724 0.050435 -0.682191 0.006353 -0.731146 0.729802 0.067133 -0.680354
827.245869 -24858.684673 -65191.045338 -23602182.735233 0.774807 0.606536 -0.178292 -0.557010 0.521555 -0.646313 0.299023 -0.600078 -0.741951
66.370541 -3392.077866 105893.840198 -783825.603743 0.806909 0.538478 -0.242774 0.180896 -0.616542 -0.766259 0.562294 -0.574384 0.594901
5.555860 -42.371828 -2608.326027 485.102635 -0.294680 -0.589312 -0.752247 0.955047 -0.208311 -0.210932 -0.032397 -0.780588 0.624206
4.099549 -43.280963 -2649.261863 -3.898266 -0.318558 -0.584290 -0.746409 0.936482 -0.315864 -0.152420 -0.146706 -0.747553 0.647798
-2.879992 -41.391433 -3269.119355 427.535674 -0.289970 -0.602412 -0.743651 0.956119 -0.216361 -0.197548 -0.041891 -0.768302 0.638715
-1.589510 -39.613664 -3159.757582 1133.694528 -0.263113 -0.606639 -0.750174 0.962149 -0.107775 -0.250307 0.070996 -0.787638 0.612034
6.758728 -40.282838 -2378.143806 1323.026358 -0.271941 -0.591363 -0.759169 0.958996 -0.101084 -0.264780 0.079841 -0.800045 0.594604
15.475623 -47.218419 1011.761160 10286.471186 0.353860 0.616930 -0.702979 0.119878 0.715494 0.688257 0.927584 -0.327818 0.179229
-27.683023 -36.863950 -943.733269 -839.102707 0.937897 -0.221657 0.266866 0.259570 -0.061977 -0.963734 -0.230157 -0.973153 0.000593
-24.301189 -33.808625 262.431127 -1595.427659 0.876286 -0.186476 0.444240 0.413045 -0.183902 -0.891949 -0.248024 -0.965094 0.084128
-22.226435 -33.832897 -1376.803673 -1664.052930 0.853645 -0.268978 0.446028 0.397422 -0.217152 -0.891572 -0.336669 -0.938348 0.078473
-10.967420 -80.276624 765.588607 1723.476444 -0.041291 -0.372077 -0.927283 0.658405 0.687939 -0.305358 0.751531 -0.623136 0.216572
-7.782189 -86.758746 970.778770 2482.140432 -0.058284 -0.333394 -0.940984 0.785003 0.567019 -0.249520 0.616744 -0.753218 0.228667
-7.567351 -80.553613 1160.580852 2676.511368 -0.086022 -0.346448 -0.934117 0.656224 0.685775 -0.314774 0.749647 -0.640067 0.168355
-18.690735 -40.053647 -5896.812488 1944.180245 0.136760 0.488958 0.861520 0.866839 0.361872 -0.342986 -0.479465 0.793706 -0.374358
-34.478225 -49.870927 1227.563651 -8209.340334 0.865939 0.494858 -0.072557 -0.066125 0.257072 0.964127 -0.495759 0.830078 -0.255332
-32.413930 -41.217219 -2149.163352 -3923.271533 0.647297 0.584714 0.488995 -0.599856 -0.005055 0.800092 -0.470297 0.811224 -0.347472
199.483108 -1538.510593 354979.680785 313533.864767 0.832550 -0.546569 -0.090124 0.299152 0.580545 -0.757282 -0.466228 -0.603515 -0.646840
