19414
38804
-36.424653 -57.671361 -2171.320692 4123.810655 0.369279 0.899902 -0.231968 0.908734 -0.401915 -0.112547 0.194513 0.169236 0.966190
-42.483261 -68.119982 1543.060970 6787.336542 -0.175394 -0.956379 0.233614 0.977812 -0.196835 -0.071687 0.114543 0.215858 0.969683
-45.663263 -67.361460 1094.206495 11797.188382 -0.095751 0.988280 -0.118891 0.977878 0.071076 -0.196728 0.185972 0.135098 0.973223
-37.905351 -59.159746 1143.833510 3358.324294 -0.462583 -0.827132 0.319170 0.869958 -0.492854 -0.016377 0.170850 0.270089 0.947556
-30.974588 -48.468430 -3047.507183 5905.275647 0.399299 0.892950 -0.207847 0.878295 -0.437588 -0.192650 0.262978 0.105626 0.959002
-31.602762 -50.280558 -1767.477729 2747.848088 0.618426 0.721021 -0.312536 0.745593 -0.664000 -0.056517 0.248274 0.198073 0.948223
-44.140316 -47.354426 -7328.635007 -780.242901 -0.132245 0.988688 0.070756 0.676167 0.142178 -0.722900 0.724782 0.047757 0.687321
-42.770101 -46.570460 -1126.172702 -4366.905413 -0.543196 0.716758 0.437261 0.521262 0.696163 -0.493602 0.658198 0.040195 0.751771
-16.910702 -52.194495 -27558.556695 -3054.868368 0.190027 0.971456 -0.141995 0.693548 -0.235195 -0.680936 0.694896 -0.030916 0.718445
-19.017029 -49.251676 -27536.752519 3378.453848 0.198972 0.964390 -0.174248 0.638335 -0.262449 -0.723636 0.743599 -0.032755 0.667823
-40.443725 -46.215625 -7355.520925 1215.417520 0.252244 0.903643 -0.346125 0.571635 -0.427760 -0.700182 0.780773 0.021240 0.624454
-47.266379 -51.161782 -146.070055 -2416.811269 0.610457 -0.259994 -0.748161 0.091027 0.961360 -0.259810 0.786801 0.090501 0.610536
112.712637 -259.553832 -20484.651639 178607.863098 0.208962 0.975712 0.065739 0.973819 -0.213767 0.077330 -0.089504 -0.047859 0.994836
180.817694 -283.220808 114856.318941 159418.118254 -0.001501 -0.924616 -0.380897 0.966537 -0.099050 0.236633 -0.256522 -0.367796 0.893825
108.046861 -357.944698 -32406.927233 192950.924905 -0.032675 0.997272 -0.066189 0.936410 0.053697 0.346776 -0.349384 0.050649 0.935610
141.622140 -483.105707 -44724.549292 274029.961894 -0.301503 -0.901372 0.310844 0.953032 -0.294731 0.069744 0.028750 0.317272 0.947899
125.512884 -377.303410 49550.647852 113721.821599 0.332193 0.873472 -0.355941 0.770693 -0.033807 0.636310 -0.543766 0.485699 0.684409
101.839770 -264.061330 -4321.700482 -104952.820787 0.236384 0.961222 -0.142038 0.441884 0.023844 0.896755 -0.865367 0.274743 0.419113
40.107340 -153.298302 -43730.686316 -5872.213987 -0.059202 0.997221 0.045230 0.661772 0.005285 0.749686 -0.747364 -0.074315 0.660246
-62.618072 -928.274585 22549.882729 -390227.231290 0.449975 0.890008 -0.073540 0.797453 -0.437513 -0.415514 0.401985 -0.128326 0.906609
-37.998305 -314.785626 -24795.014544 170527.006375 0.754165 0.593628 -0.280785 -0.014941 -0.411958 -0.911080 0.656515 -0.691300 0.301815
-40.923638 -228.351198 -4161.635528 85548.649081 0.642866 0.731698 -0.226588 0.203783 -0.448529 -0.870227 0.738374 -0.513264 0.437451
-314.206297 -1869.678431 75445.815654 -896147.605590 0.392985 0.907802 -0.146486 0.807181 -0.416868 -0.417947 0.440479 -0.046006 0.896583
-14.701817 -67.878570 -9530.686348 -6799.120165 0.702676 0.139345 0.697732 -0.351814 0.920413 0.170489 -0.618445 -0.365271 0.695775
10.388541 -44.933626 -8937.303386 -4223.258668 0.579310 0.385996 0.717919 -0.579959 0.814082 0.030288 -0.572754 -0.433910 0.695467
2.547916 -51.802489 15346.402963 3541.421185 -0.490052 -0.451170 -0.745852 0.703957 -0.709458 -0.033371 -0.514095 -0.541401 0.665275
65.126618 -39.341099 25884.764647 -1092.048302 -0.206383 -0.700331 -0.683332 0.897049 -0.414338 0.153714 -0.390781 -0.581258 0.713743
8.140884 -52.257635 24479.142257 -216.830145 -0.304672 -0.555242 -0.773874 0.847411 -0.528951 0.045890 -0.434821 -0.641808 0.631675
2.516335 -39.800859 -227.447694 1302.654512 -0.148599 0.988857 0.008906 0.409583 0.069741 -0.909603 0.900089 0.131519 0.415382
0.175122 -42.593428 -1340.740787 2093.224671 -0.110329 0.993834 -0.011038 0.443504 0.039290 -0.895411 0.889456 0.103686 0.445104
0.969716 -44.138729 -376.478339 2237.575327 -0.123946 0.992227 -0.011113 0.520805 0.055517 -0.851868 0.844630 0.111373 0.523638
1.193783 -40.694042 908.836677 286.928791 -0.180365 0.983406 0.019526 0.495753 0.108035 -0.861718 0.849528 0.145744 0.507012
2.778440 -37.868191 1513.451420 192.449807 -0.204507 0.978535 0.025430 0.381307 0.103564 -0.918629 0.901544 0.178170 0.394301
-3.752365 -49.523339 -859.951932 937.384589 -0.284976 0.943789 0.167484 0.343786 -0.062468 0.936968 -0.894762 -0.324592 0.306659
-4.086852 -48.394190 -1069.950966 191.479343 -0.287823 0.943504 0.164191 0.460781 -0.013864 0.887406 -0.839547 -0.331071 0.430758
-6.095485 -50.137656 -466.084014 993.038012 -0.265477 0.952038 0.152138 0.375875 -0.043111 0.925667 -0.887829 -0.302928 0.346403
-6.106008 -52.261756 -588.205096 845.301223 -0.260064 0.948563 0.180541 0.237527 -0.118384 0.964140 -0.935921 -0.293621 0.194522
11.467746 -85.090597 853.063354 12900.726663 -0.121487 0.969048 0.214912 -0.276888 0.174836 -0.944863 0.953191 0.174295 -0.247077
8.571110 -92.280952 103.732548 8259.136808 -0.120555 0.957651 0.261479 -0.035265 0.259102 -0.965206 0.992080 0.125581 -0.002535
10.233087 -91.281473 9.092962 13166.835173 -0.142966 0.957217 0.251588 -0.235877 0.213921 -0.947945 0.961209 0.194868 -0.195202
10.197919 -84.357411 604.149969 6565.962609 -0.099408 0.971485 0.215257 -0.060579 0.210019 -0.975819 0.993201 0.110044 -0.037974
13.144433 -79.496718 -110.686996 9492.813221 -0.071857 0.982789 0.170186 -0.279643 0.143933 -0.949254 0.957411 0.115801 -0.264488
-2.999084 -120.452233 126.101905 -3131.637546 0.115001 -0.979573 -0.164959 0.989586 0.127446 -0.066918 0.086575 -0.155545 0.984028
-4.477693 -120.238490 -128.410358 5755.119115 -0.109208 0.981226 0.158961 0.910859 0.162815 -0.379245 0.398007 -0.103375 0.911540
-3.599050 -117.436452 104.528684 -2928.264878 0.139451 -0.977521 -0.158136 0.986843 0.150386 -0.059371 0.081818 -0.147776 0.985631
-3.380905 -123.902719 -223.283103 5734.591067 -0.084667 0.981773 0.170156 0.915914 0.143925 -0.374684 0.392344 -0.124125 0.911405
-1.989425 -110.315485 -219.366471 -10535.465253 -0.149334 0.975246 0.163080 0.962960 0.105993 0.247940 -0.224517 -0.194065 0.954951
-1.596094 -112.838154 -121.222517 -11419.172317 -0.127446 0.977554 0.167768 0.966455 0.084367 0.242584 -0.222985 -0.193056 0.955514
-2.095842 -124.292350 207.243920 -4035.577433 0.095346 -0.979750 -0.176064 0.992404 0.107370 -0.060055 0.077743 -0.169001 0.982545
-1.422621 -77.735420 -351.909313 -1172.832716 -0.163137 0.926475 0.339161 0.881067 -0.017886 0.472654 -0.443968 -0.375931 0.813368
-2.181037 -72.974263 -425.809936 -1606.073871 -0.192235 0.926535 0.323387 0.758570 -0.068768 0.647952 -0.622589 -0.369871 0.689622
-0.296268 -80.269091 -499.236254 -1092.583021 -0.177150 0.925716 0.334168 0.864453 -0.015954 0.502461 -0.470467 -0.377883 0.797411
0.232030 -83.564026 485.494460 -1150.249579 0.141711 -0.926648 -0.348197 0.954539 0.034731 0.296056 -0.262247 -0.374322 0.889444
-0.930728 -81.425491 364.537961 -1360.485601 0.134407 -0.927084 -0.349928 0.962299 0.037846 0.269349 -0.236466 -0.372938 0.897219
63.451623 -39.077211 10219.126643 -2491.794925 0.815704 -0.578459 -0.003661 -0.464827 -0.651675 -0.599379 -0.344330 -0.490617 0.800457
83.697486 -49.330471 16315.156947 -3018.511838 0.815921 -0.578161 0.001876 -0.410837 -0.582064 -0.701722 -0.406800 -0.571779 0.712448
78.478381 -42.866615 -366.470613 2066.754537 -0.683150 0.717700 -0.134954 0.503535 0.596771 0.624753 -0.528922 -0.358846 0.769072
52.248131 -48.273329 22825.167687 -3188.852880 0.884105 -0.458268 -0.091372 -0.392357 -0.621803 -0.677803 -0.253800 -0.635100 0.729544
57.896708 -35.002388 456.014738 1969.016766 -0.686289 0.715352 -0.131449 0.573435 0.643343 0.507231 -0.447415 -0.272729 0.851727
36.632790 -28.914866 11531.077430 -2603.273343 0.856283 -0.507818 -0.094336 -0.478477 -0.711108 -0.515155 -0.194522 -0.486256 0.851890
40.835246 -36.106045 14348.213310 -2455.200160 0.886730 -0.456672 -0.071840 -0.403151 -0.687852 -0.603596 -0.226230 -0.564189 0.794047
48.013486 -29.063686 7304.368062 -2025.258048 0.784154 -0.620334 -0.016969 -0.551180 -0.683652 -0.478351 -0.285137 -0.384454 0.878005
-7.393510 -52.103767 -273.797695 -1754.817047 -0.216260 0.959537 0.180333 -0.014599 -0.187861 0.982087 -0.976227 -0.209754 -0.054635
-5.026615 -48.867208 626.373797 -2633.215850 -0.182645 0.971987 0.147929 -0.145237 -0.175483 0.973710 -0.972392 -0.156358 -0.173220
-4.439760 -47.135953 368.876810 -2718.034881 -0.208065 0.959446 0.190189 -0.169366 -0.226847 0.959091 -0.963340 -0.167342 -0.209696
-12.738785 -108.407184 -954.609076 -7349.267820 0.837131 -0.266138 0.477894 -0.389128 0.324270 0.862223 0.384437 0.907755 -0.167895
-12.857310 -95.904656 -1613.170499 -8158.293469 0.829089 -0.250216 0.500003 -0.333587 0.496297 0.801504 0.448699 0.831313 -0.328006
-11.749764 -105.133788 -1658.284832 -7907.519570 0.845575 -0.249692 0.471864 -0.385641 0.325521 0.863317 0.369165 0.911970 -0.178961
-11.626261 -115.670726 -262.063807 -4094.932646 0.851122 -0.263080 0.454291 -0.447842 0.087661 0.889805 0.273913 0.960783 0.043208
-9.410829 -113.137633 -1130.064549 -5928.371541 0.859158 -0.241400 0.451191 -0.435080 0.119515 0.892425 0.269355 0.963038 0.002346
-9.580741 -103.147121 -828.785279 -7363.262779 0.852718 -0.238489 0.464752 -0.379611 0.328261 0.864951 0.358841 0.913985 -0.189381
-8.813810 -48.965787 -1041.198686 1350.185135 0.059158 0.997233 0.045016 0.960145 -0.044501 -0.275936 0.273170 -0.059546 0.960121
-9.105364 -50.895822 -615.723503 606.449499 0.053004 0.997614 0.044246 0.993661 -0.048291 -0.101517 0.099138 -0.049346 0.993849
-8.015520 -48.367491 -171.667547 1427.717292 0.041441 0.997608 0.055318 0.951556 -0.022524 -0.306650 0.304671 -0.065347 0.950213
-2.359105 -101.545469 -121.701893 1468.904755 0.834625 -0.206396 0.510688 0.147042 0.976983 0.154538 -0.530829 -0.053889 0.845764
-1.865847 -99.710604 -116.606606 -2013.438917 0.834821 -0.197648 0.513817 0.128536 0.977512 0.167179 -0.535305 -0.073520 0.841453
-1.819211 -100.063702 -497.097542 1967.175541 0.832916 -0.182121 0.522574 0.037370 0.960651 0.275231 -0.552137 -0.209716 0.806947
-10.238956 -103.020808 -2730.377948 6804.654917 0.834530 -0.244172 0.493902 0.281536 0.959550 -0.001327 -0.473600 0.140159 0.869516
-6.974763 -110.828450 -1566.581989 6294.704619 0.835956 -0.216777 0.504168 0.169187 0.975732 0.139008 -0.522066 -0.030906 0.852345
-10.598708 -116.074213 -3102.877289 8435.192533 0.835292 -0.227289 0.500626 0.183770 0.973599 0.135404 -0.518185 -0.021102 0.855008
23.323604 -99.072398 -10453.371106 1853.056543 0.849665 -0.283965 0.444335 -0.450875 0.045759 0.891414 0.273463 0.957742 0.089153
13.423150 -100.069861 -17103.741173 -6577.346825 0.885961 -0.271363 0.376080 -0.317931 0.234989 0.918531 0.337630 0.933350 -0.121917
27.867596 -101.281029 -7209.521935 3978.526390 0.867945 -0.315561 0.383527 -0.413439 -0.031160 0.909998 0.275209 0.948394 0.157510
43.562760 -95.140245 -10018.261604 11356.647058 0.858065 -0.285180 0.427079 -0.500364 -0.277098 0.820275 0.115584 0.917545 0.380463
34.145410 -100.118507 -16361.526916 10954.791186 0.850608 -0.256173 0.459175 -0.512138 -0.205867 0.833867 0.119085 0.944454 0.306308
19.947665 -68.131207 10400.701920 4466.362867 -0.874646 -0.055502 -0.481575 0.165871 0.899194 -0.404892 0.455501 -0.434016 -0.777270
35.663337 -61.099441 10558.777747 4540.517594 -0.857772 -0.148201 -0.492202 0.107954 0.884244 -0.454377 0.502566 -0.442887 -0.742481
27.100023 -56.696495 8068.248479 1490.781405 -0.845677 -0.094798 -0.525208 0.109380 0.932422 -0.344421 0.522366 -0.348716 -0.778159
15.015683 -62.147679 7174.367023 2601.377898 -0.857602 -0.012776 -0.514156 0.162681 0.941626 -0.294746 0.487908 -0.336418 -0.805462
9.004019 -143.790450 -308.927284 8632.478747 0.883252 0.071377 0.463435 0.346957 -0.764321 -0.543539 -0.315417 -0.640873 0.699853
7.727473 -147.596385 -333.544738 -13892.144790 0.867267 0.108102 0.485966 0.442349 -0.615199 -0.652577 -0.228421 -0.780925 0.581361
8.815280 -145.564216 -1199.296394 5190.885475 0.863019 0.065442 0.500915 0.398743 -0.697051 -0.595923 -0.310165 -0.714029 0.627663
153.965162 35.989049 6602.093616 -9502.115848 0.589176 0.250213 -0.768287 0.804254 -0.273111 0.527812 -0.077762 -0.928872 -0.362145
120.639448 18.894808 -35.898640 -16017.953625 0.611286 0.214471 -0.761795 0.781594 -0.314736 0.538565 -0.124258 -0.924631 -0.360023
126.574180 18.425918 11460.243210 12011.863120 0.759046 0.280703 -0.587413 -0.650952 0.341762 -0.677835 -0.010485 -0.896886 -0.442138
171.644628 38.218651 32461.814076 -7205.886759 0.634915 0.343096 -0.692220 0.772032 -0.247950 0.585224 0.029152 -0.905984 -0.422308
73.354897 -25.099668 -9578.183333 28770.124353 0.936359 0.161308 -0.311787 -0.351015 0.418999 -0.837394 0.004440 -0.893543 -0.448955
99.219857 -21.273517 17762.968330 32398.019627 0.931595 0.271233 -0.242000 -0.342782 0.433971 -0.833168 0.120962 -0.859128 -0.497259
145.739921 24.378649 42552.390819 11915.166699 0.740192 0.404924 -0.536797 -0.663717 0.312151 -0.679737 0.107680 -0.859417 -0.499807
124.897851 9.704891 30700.749849 17545.444599 0.829728 0.350302 -0.434557 -0.549410 0.375188 -0.746581 0.098489 -0.858209 -0.503763
-17.126787 -132.168260 -11816.681353 33977.574552 0.476503 -0.636677 0.606290 0.847382 0.516365 -0.123739 -0.234285 0.572721 0.785558
-11.973991 -156.428137 -8362.771378 22740.467997 0.441576 -0.671148 0.595459 0.799987 0.595006 0.077390 -0.406242 0.442186 0.799649
-32.541597 -142.440379 -2390.484633 47555.199140 0.409817 -0.731340 0.545153 0.885029 0.463497 -0.043521 -0.220848 0.500312 0.837206
-67.022718 -976.073318 36453.696994 113256.630703 0.475823 -0.667467 0.572784 0.856280 0.500325 -0.128299 -0.200943 0.551510 0.809604
13.900866 -495.724518 8862.554725 9697.932777 0.271818 -0.785279 0.556284 0.942591 0.333780 0.010601 -0.194002 0.521467 0.830925
-82.313859 -928.000049 -26297.262272 105679.890497 -0.424199 0.729123 -0.537061 0.782699 0.593484 0.187507 -0.455453 0.340817 0.822439
-17.917279 -1229.480856 19668.941303 143965.039535 0.519616 -0.625956 0.581531 0.706961 0.697207 0.118777 -0.479797 0.349402 0.804806
-44.345843 -1395.678350 25681.876154 408717.196657 0.582544 -0.585673 0.563587 0.784736 0.585896 -0.202276 -0.211736 0.560101 0.800909
-55.028000 -1999.182132 -66119.422997 997526.643079 0.546761 -0.550787 0.630624 0.837235 0.351089 -0.419255 0.009515 0.757212 0.653099
-99.676395 -1792.675823 -53033.994032 97929.724393 0.600578 -0.442571 0.665910 0.425862 0.881936 0.202063 -0.676718 0.162232 0.718146
-218.296195 -3756.846799 2317.276821 -4260297.604976 0.602204 -0.299952 0.739851 0.309126 0.942051 0.130314 -0.736065 0.150232 0.660030
-816.872858 -3980.578954 -312613.687007 642745.206997 0.662096 -0.324260 0.675636 0.742904 0.402611 -0.534788 -0.098608 0.856014 0.507461
-160.595764 -15820.525731 -566768.257285 -18338933.575690 0.442831 -0.330252 0.833567 0.568457 -0.615541 -0.545863 0.693367 0.715572 -0.084847
18.186217 -41.637969 8482.716946 2343.746840 0.135162 0.990446 0.027351 -0.564825 0.099700 -0.819166 0.814066 -0.095271 -0.572904
20.126079 -37.803848 6256.859245 1996.279721 0.150484 0.988519 0.013594 -0.628182 0.106229 -0.770781 0.763376 -0.107450 -0.636955
26.161492 -41.317074 5636.268039 2322.245699 0.192097 0.981306 0.011727 -0.553325 0.118171 -0.824541 0.810512 -0.151903 -0.565681
25.951457 -45.308594 10284.386752 1972.111756 0.152331 0.988042 0.023848 -0.476863 0.094612 -0.873871 0.865677 -0.121745 -0.485573
30.627134 -45.409297 280.719787 1643.715062 0.240357 0.970681 0.002668 -0.458074 0.115849 -0.881333 0.855802 -0.210612 -0.472489
27.014293 -41.257382 -3215.157235 2178.843996 0.276987 0.960703 -0.018116 -0.539003 0.139740 -0.830632 0.795458 -0.239839 -0.556528
44.638526 -33.570679 6698.469517 -3687.987097 0.390687 0.887300 -0.245075 0.402858 -0.404194 -0.821177 0.827689 -0.222093 0.515370
40.022578 -25.238821 10833.416978 -3789.818302 0.376874 0.872448 -0.311129 0.438170 -0.463859 -0.769963 0.816072 -0.153851 0.557096
30.567004 -32.073978 12708.905552 -3189.976929 0.322907 0.900683 -0.290689 0.390314 -0.406539 -0.826064 0.862198 -0.153282 0.482824
34.216401 -39.070250 9579.031837 -2371.741840 0.321822 0.921886 -0.215771 0.349280 -0.327419 -0.877952 0.880019 -0.207180 0.427367
20.946902 -36.512536 12764.429761 -2006.470303 0.277913 0.925916 -0.255820 0.334045 -0.342843 -0.877993 0.900654 -0.158550 0.404578
12.860813 -30.703846 12209.590427 -2771.608435 0.286929 0.904726 -0.314869 0.381869 -0.409469 -0.828560 0.878549 -0.117499 0.462975
-7.122360 -31.834690 -680.195349 -693.355333 -0.101241 0.959908 0.261393 -0.276432 0.225254 -0.934262 0.955686 0.166843 -0.242545
-8.436940 -34.477631 -603.247247 -681.767585 -0.096048 0.925229 0.367050 -0.304439 0.323778 -0.895815 0.947677 0.197786 -0.250577
-4.720300 -31.211029 -1300.220700 -417.365377 -0.111251 0.971627 0.208721 -0.183256 0.186366 -0.965238 0.976750 0.145633 -0.157323
-6.179089 -110.762531 -1023.723717 -6043.354139 -0.231240 0.972356 -0.032449 -0.499444 -0.090020 0.861657 -0.834916 -0.215456 -0.506453
-6.661745 -103.730923 -1134.602119 -6522.558099 -0.219231 0.974284 -0.052035 -0.652748 -0.106823 0.750006 -0.725161 -0.198390 -0.659381
-2.860181 -108.311940 -775.591157 -7751.010755 -0.226319 0.972327 -0.057968 -0.658201 -0.108791 0.744940 -0.718019 -0.206748 -0.664608
-55.966445 -70.498608 458.305123 1322.636554 0.407793 0.882408 -0.234651 0.544268 -0.028571 0.838425 -0.733128 0.469617 0.491917
-58.048060 -65.760082 1083.887689 -386.266534 0.316462 0.936162 -0.153141 0.555641 -0.052090 0.829789 -0.768840 0.347688 0.536654
-56.671912 -68.059084 1170.080147 -595.938589 0.334843 0.893808 -0.298307 0.666052 -0.000575 0.745905 -0.666525 0.448449 0.595515
-385.272938 -1639.426545 -269770.831681 -123057.388159 0.529138 -0.287040 0.798512 -0.310752 0.810118 0.497134 -0.789586 -0.511192 0.339465
-159.182144 -1820.188429 -336360.599930 628496.542211 0.313930 -0.387266 0.866875 -0.278133 0.835468 0.473958 -0.907794 -0.389896 0.154567
-538.521278 -2095.542705 312940.163317 1727188.251966 -0.557112 0.278214 -0.782447 0.660181 -0.423199 -0.620535 -0.503772 -0.862264 0.052098
-884.354666 -3354.516174 -478732.027771 1441128.937613 0.531014 -0.219919 0.818328 0.232077 0.966553 0.109158 -0.814963 0.131950 0.564291
-2357.767866 -5593.579071 -2219688.257251 -8422042.518533 0.736841 -0.339115 0.584864 -0.097948 0.802424 0.588661 -0.668933 -0.491036 0.558043
4.423836 -44.043579 7262.210754 -1117.124576 -0.158514 0.922858 0.351009 -0.240804 0.308634 -0.920195 0.957542 0.230388 -0.173305
8.501025 -46.592663 4373.360446 8125.652942 -0.238498 0.970125 -0.044463 -0.074517 -0.063930 -0.995168 0.968280 0.234033 -0.087538
-11.375370 -40.413251 -3328.010214 -153.795862 -0.287079 0.822612 -0.490811 0.018632 -0.507486 -0.861459 0.957726 0.256451 -0.130361
17.443425 -89.608110 4737.725467 25834.391571 0.071646 0.530302 -0.844776 0.968665 -0.238928 -0.067832 -0.237813 -0.813445 -0.530803
25.788383 -89.878516 2174.312443 19311.060170 -0.010919 0.466409 -0.884502 0.954100 -0.259894 -0.148824 -0.299289 -0.845528 -0.442163
15.202558 -56.528848 3016.937156 17735.694995 0.066345 0.500742 -0.863051 0.986134 -0.164764 -0.019790 -0.152110 -0.849771 -0.504730
27.328343 -118.125483 3407.924849 23130.992500 0.002734 0.485135 -0.874435 0.909621 -0.364475 -0.199366 -0.415429 -0.794860 -0.442286
16.934425 -127.728397 4734.857560 31645.849827 0.048141 0.548159 -0.834987 0.926893 -0.336043 -0.167168 -0.372226 -0.765896 -0.524262
2.920356 -22.284347 433.411345 -975.582395 -0.403887 -0.819753 0.406054 0.890158 -0.249820 0.381062 -0.210937 0.515358 0.830609
4.163552 -25.952365 72.768295 -160.933515 -0.438410 -0.805699 0.398304 0.884736 -0.308849 0.349076 -0.158234 0.505432 0.848234
3.400004 -23.153570 557.686700 196.817650 -0.482173 -0.793884 0.370482 0.859735 -0.347490 0.374308 -0.168419 0.498998 0.850080
-25.566945 -33.610251 -676.284197 2215.155890 0.822760 -0.284679 0.491959 0.182901 0.952099 0.245060 -0.538157 -0.111645 0.835418
-25.575513 -35.715508 -472.134113 -1518.488153 0.813854 -0.370274 0.447816 0.212549 0.906968 0.363637 -0.540800 -0.200765 0.816841
-27.152428 -33.652977 -977.900056 -752.176544 0.850262 -0.304734 0.429176 0.182582 0.935492 0.302520 -0.493679 -0.178862 0.851052
-24.819049 -36.299898 879.923671 -1066.419546 0.782945 -0.396190 0.479614 0.218594 0.897020 0.384149 -0.582420 -0.195927 0.788923
-25.395375 -33.546515 432.338211 2757.524270 0.767728 -0.390245 0.508235 0.262997 0.915174 0.305433 -0.584317 -0.100825 0.805238
-46.365308 -61.061386 2038.154712 -752.478187 -0.795230 0.158584 0.585201 0.356039 0.903388 0.239011 -0.490760 0.398423 -0.774863
-45.817931 -60.575165 1251.788851 511.170643 -0.755315 0.206072 0.622120 0.347177 0.930950 0.113139 -0.555848 0.301441 -0.774704
-43.488061 -61.756878 1249.609336 793.847404 -0.706841 0.177413 0.684763 0.422260 0.882467 0.207240 -0.567514 0.435633 -0.698679
-47.983494 -58.034961 549.787775 -1020.667636 -0.797245 0.256365 0.546514 0.350030 0.933927 0.072519 -0.491813 0.249111 -0.834304
-42.667684 -59.186836 -1936.250057 -392.823116 0.692232 -0.199869 -0.693446 0.505557 0.820009 0.268324 -0.515002 0.536319 -0.668681
-45.990691 -61.168977 -2626.535881 -1556.014908 0.778367 -0.205812 -0.593116 0.455588 0.835182 0.308076 -0.431954 0.510013 -0.743843
-49.621184 -63.295121 -1624.757261 -1329.732556 0.855855 -0.207776 -0.473646 0.377644 0.876765 0.297771 -0.353407 0.433719 -0.828850
-49.049084 -60.266532 1856.100330 -1824.755494 -0.854519 0.176641 0.488463 0.309223 0.928598 0.205149 -0.417348 0.326348 -0.848126
2.316131 -15.242136 -858.365066 3926.605866 -0.189886 -0.824654 0.532812 0.868555 0.111935 0.482786 -0.457772 0.554451 0.695003
2.504849 -24.544930 -146.751602 2508.003819 -0.073847 -0.808973 0.583188 0.856701 0.247890 0.452343 -0.510500 0.533022 0.674742
1.947601 -19.732961 -72.306106 3328.483519 -0.142816 -0.823776 0.548631 0.869571 0.160306 0.467063 -0.472705 0.543778 0.693437
21.558551 -97.743588 -867.072808 4544.040987 0.900242 0.330319 0.283645 -0.275478 -0.072354 0.958581 -0.337160 0.941092 -0.025860
9.726738 -98.201608 -1962.302651 -3608.475452 0.896558 0.338332 0.285858 -0.359856 0.180123 0.915456 -0.258238 0.923627 -0.283241
23.271805 -100.010690 -12852.518601 575.804314 0.900347 0.366389 0.234808 -0.269720 0.046395 0.961820 -0.341507 0.929304 -0.140594
31.579090 -91.444251 -7991.138928 4352.688890 0.925503 0.292352 0.240778 -0.203040 -0.153675 0.967036 -0.319717 0.943883 0.082868
31.544959 -97.487082 -11548.638332 268.295647 0.937340 0.288463 0.195405 -0.218341 0.049271 0.974628 -0.271517 0.956222 -0.109167
20.851651 -94.540677 -12612.457194 -2739.577725 0.929291 0.325098 0.175300 -0.267950 0.266739 0.925772 -0.254207 0.907283 -0.334988
33.360068 -38.861208 5758.899576 924.921097 0.003704 0.902628 0.430405 0.998279 -0.028529 0.051239 0.058529 0.429474 -0.901181
24.859363 -36.621082 5106.129459 710.067103 0.031101 0.878633 0.476484 0.997991 -0.053627 0.033747 0.055203 0.474477 -0.878535
34.233313 -40.515493 5790.276757 589.689823 0.042033 0.899081 0.435761 0.998583 -0.023556 -0.047721 -0.032641 0.437149 -0.898797
1.784872 -68.842960 -791.317076 2992.484340 -0.148697 0.964135 -0.219846 -0.701321 0.053917 0.710804 -0.697164 -0.259877 -0.668151
4.131805 -70.967874 -1237.946520 -582.492446 -0.134560 0.962822 -0.234237 -0.842356 0.013345 0.538756 -0.521852 -0.269806 -0.809243
4.404741 -71.442937 -1042.615970 2735.011129 -0.145881 0.966449 -0.211410 -0.698676 0.050647 0.713643 -0.700407 -0.251814 -0.667847
-0.077114 -77.011048 -14.385167 7225.712081 -0.129956 0.990834 -0.036862 0.962859 0.134986 0.233841 -0.236673 0.005104 0.971576
-0.167560 -95.390750 15.293793 12200.664384 -0.156340 0.986575 -0.047190 0.900274 0.161991 0.404061 -0.406281 -0.020687 0.913514
0.180150 -97.805630 -176.028929 12661.874497 -0.165526 0.984914 -0.050444 0.895905 0.171555 0.409785 -0.412257 -0.022637 0.910786
1.243317 -102.399565 -348.685693 13297.669720 -0.165496 0.984773 -0.053222 0.892052 0.172489 0.417720 -0.420540 -0.021654 0.907016
0.434257 -81.556374 -213.676227 8213.268485 -0.124611 0.991549 -0.036084 0.962290 0.129637 0.239147 -0.241804 0.004923 0.970313
4.668283 -59.918049 -1008.989395 -4091.945763 -0.024189 0.969968 -0.242027 -0.889218 -0.131509 -0.438174 0.456843 -0.204616 -0.865694
8.385413 -59.967374 -1233.229506 -6866.030208 -0.015479 0.976399 -0.215418 -0.894848 -0.109650 -0.432695 0.446103 -0.186069 -0.875426
5.132396 -66.942849 -1108.587253 -3856.197366 -0.029425 0.971847 -0.233769 -0.947854 -0.101378 -0.302150 0.317343 -0.212688 -0.924152
1.778595 -65.305399 -1057.467192 -2467.783597 -0.027396 0.968139 -0.248910 -0.945031 -0.106248 -0.309236 0.325830 -0.226756 -0.917833
1.868482 -60.583462 -1116.407404 -2151.122549 -0.019264 0.966504 -0.255928 -0.883773 -0.136156 -0.447667 0.467518 -0.217559 -0.856793
-3.004076 -116.876762 -78.570901 7223.468733 0.951355 0.297988 0.078273 -0.153384 0.678418 -0.718486 0.267202 -0.671530 -0.691123
-3.507671 -130.372473 515.246350 11994.003231 0.953231 0.290021 0.085080 -0.111315 0.598583 -0.793289 0.280998 -0.746717 -0.602872
-1.453753 -109.828906 382.710678 6872.563417 0.956850 0.275909 0.091169 -0.152521 0.743927 -0.650623 0.247336 -0.608644 -0.753908
-0.902325 -99.216793 -666.566617 2802.428858 0.955175 0.287895 0.068973 -0.200105 0.799569 -0.566258 0.218172 -0.527073 -0.821337
64.968431 -8.508101 16688.523939 -1802.998165 0.085648 0.862800 -0.498238 -0.224536 0.503926 0.834052 -0.970694 -0.040437 -0.236890
63.246176 -15.212613 13075.334716 -6788.471226 0.059430 0.881589 -0.468262 -0.235692 0.468221 0.851597 -0.970009 -0.059755 -0.235610
84.856491 -6.232050 19480.737652 -2516.014285 0.001701 0.848120 -0.529801 -0.230892 0.515819 0.824997 -0.972978 -0.120924 -0.196702
44.820561 -18.386682 10755.114672 -5534.806028 0.125523 0.885299 -0.447760 -0.221999 0.464950 0.857052 -0.966934 0.008178 -0.254897
85.488479 -7.719567 21315.774924 2581.472676 0.011733 0.835545 -0.549296 -0.220123 0.538016 0.813686 -0.975402 -0.111366 -0.190235
41.906594 -11.525023 11509.457357 -1935.111214 0.151353 0.855541 -0.495118 -0.224663 0.517553 0.825630 -0.962611 0.013727 -0.270541
53.897899 -9.536581 15605.967993 1799.420126 0.117484 0.836748 -0.534836 -0.222039 0.547065 0.807105 -0.967934 -0.023933 -0.250062
20.612840 -51.095176 8509.450726 -997.557621 0.122230 0.983163 0.135834 -0.735342 -0.002210 0.677693 -0.666582 0.182718 -0.722691
13.491187 -48.761512 8977.751669 -1044.744589 0.135416 0.975519 0.173277 -0.805039 0.006386 0.593187 -0.577559 0.219822 -0.786196
9.441151 -51.217185 7587.037115 -796.151478 0.137053 0.975551 0.171805 -0.724191 -0.019657 0.689319 -0.675843 0.218893 -0.703791
-22.332839 -164.554323 -4870.207650 15679.173214 0.845940 0.250495 0.470784 -0.340548 0.933114 0.115431 -0.410381 -0.257972 0.874664
-22.736959 -167.000824 -2120.862158 13587.932023 0.846870 0.309645 0.432355 -0.378713 0.921915 0.081540 -0.373346 -0.232792 0.898009
-17.499368 -149.323027 -4247.951942 13045.000711 0.843401 0.265910 0.466870 -0.261385 0.962249 -0.075866 -0.469418 -0.058047 0.881066
-10.534654 -147.131063 -4037.334659 14319.649627 0.854245 0.187898 0.484726 -0.213884 0.976857 -0.001733 -0.473834 -0.102195 0.874664
-5.502623 -127.514799 -3356.105360 14964.777667 0.858322 0.177748 0.481340 -0.110631 0.980126 -0.164662 -0.501042 0.088082 0.860929
-11.764892 -129.407762 -4330.294726 15352.949938 0.845722 0.258133 0.467035 -0.159774 0.957554 -0.239922 -0.509143 0.128287 0.851067
-2.745391 -107.456795 816.867740 41.924953 0.912732 0.377457 0.156353 0.391003 -0.917993 -0.066377 -0.118477 -0.121719 0.985468
-4.511530 -116.011841 1205.013451 913.595886 0.912057 0.379457 0.155450 -0.391897 0.918175 0.058057 -0.120700 -0.113872 0.986136
-2.944772 -108.671847 479.102340 -1208.073237 0.931219 0.332505 0.149233 0.359954 -0.903258 -0.233577 -0.057130 -0.271229 0.960818
-4.695318 -112.712054 1409.732499 674.911513 0.896094 0.416100 0.154517 -0.400965 0.908164 -0.120272 -0.190372 0.045819 0.980642
-1.662269 -99.019535 414.270512 -523.928329 0.928460 0.338992 0.151814 0.366686 -0.901674 -0.229184 -0.059195 -0.268456 0.961471
-0.771330 -100.000144 480.177027 2064.556477 0.910083 0.382136 0.160378 0.397169 -0.914740 -0.074210 -0.118346 -0.131234 0.984262
-2.401541 -107.014949 648.011203 -1581.068883 0.898178 0.410254 0.158013 -0.398797 0.911579 -0.099921 -0.185034 0.026732 0.982368
8.905150 -45.899783 -3335.347398 1154.096768 0.989274 0.121891 0.080492 -0.144689 0.893325 0.425484 0.020043 0.432567 -0.901379
10.571634 -49.266554 -3827.973405 2202.631344 0.992042 0.093169 0.084686 -0.117757 0.924634 0.362194 0.044559 0.369284 -0.928248
13.126871 -46.064662 -3464.200775 904.002602 0.991784 0.092799 0.088045 -0.121370 0.900068 0.418505 0.040409 0.425753 -0.903937
11.660495 -46.627988 -3197.985339 -692.066162 0.988911 0.117091 0.091354 -0.147217 0.853944 0.499106 0.019570 0.507020 -0.861712
4.713816 -46.675687 -3540.196221 -1038.201586 0.985136 0.151998 0.080027 -0.171650 0.853030 0.492825 -0.006643 0.499236 -0.866441
8.163583 -176.580252 -1190.120034 -13692.996286 0.885379 0.196611 0.421247 -0.096792 0.964267 -0.246619 -0.454682 0.177578 0.872771
6.622775 -184.764507 -1395.306937 -20163.074490 0.893981 0.164600 0.416778 -0.139577 0.986107 -0.090058 -0.425811 0.022338 0.904536
8.298467 -155.817918 -1193.251250 -14667.048896 0.889590 0.160673 0.427566 -0.144748 0.987008 -0.069740 -0.433217 0.000151 0.901290
7.490235 -151.618660 547.276355 -8957.724492 0.895449 0.176055 0.408871 -0.126822 0.981301 -0.144789 -0.426716 0.077798 0.901033
7.897786 -163.250206 515.848621 -7540.677241 0.891997 0.197641 0.406545 -0.076085 0.952167 -0.295956 -0.445592 0.233060 0.864367
85.323111 -48.713150 10196.562105 40233.225213 -0.469042 -0.023382 -0.882867 0.864671 0.191407 -0.464444 0.179847 -0.981232 -0.069560
89.720184 -130.139210 12510.871316 79473.344049 -0.570645 -0.041776 -0.820134 0.810098 0.135009 -0.570539 0.134560 -0.989963 -0.043200
81.424487 -89.553489 -3943.505712 74910.724585 -0.569824 -0.105768 -0.814932 0.798912 0.160954 -0.579512 0.192460 -0.981278 -0.007216
89.230447 -10.609080 11129.607501 27403.382833 -0.330768 -0.080409 -0.940280 0.916180 0.211554 -0.340381 0.226290 -0.974053 0.003694
92.795457 -1.185487 23223.516008 24222.284485 -0.265014 0.044815 -0.963203 0.941422 0.228075 -0.248409 0.208550 -0.972612 -0.102633
-27.643154 -1424.095683 2913.838936 818839.956870 -0.699379 -0.305624 -0.646113 -0.228963 0.952131 -0.202539 0.677085 0.006284 -0.735878
-12.683921 -638.474892 1186.377912 264551.861831 -0.703351 -0.362167 -0.611664 -0.341565 0.926820 -0.156007 0.623403 0.099195 -0.775583
-78.641173 -1052.586694 -23509.713078 645393.578453 -0.697803 -0.395748 -0.597039 -0.504209 0.863415 0.016990 0.508768 0.312888 -0.802033
-19.477770 -510.616734 7444.506716 204032.250264 -0.674178 -0.402785 -0.619070 -0.362644 0.910733 -0.197623 0.643407 0.091269 -0.760064
-24.260782 -584.813789 7077.245020 159155.778264 -0.666747 -0.351306 -0.657292 -0.021067 0.890466 -0.454562 0.744986 -0.289230 -0.601117
1.095023 -152.461528 10670.751406 -24755.478834 0.850141 0.514782 -0.110724 0.349753 -0.394872 0.849558 -0.393615 0.760970 0.515743
16.386823 -168.532853 5895.072108 -20423.812082 0.843604 0.532824 -0.066568 0.341847 -0.437316 0.831802 -0.414092 0.724468 0.551066
9.278292 -145.588087 4635.954288 -26519.480211 0.861669 0.507457 0.003659 0.168517 -0.292931 0.941166 -0.478674 0.810357 0.337925
-3.055521 -121.194830 10172.480951 -24793.399883 0.873385 0.486693 -0.018157 0.162991 -0.256953 0.952580 -0.458948 0.834928 0.303745
-18.092712 -119.922756 14398.226279 -31006.631107 0.841460 0.519406 -0.148874 0.313131 -0.244232 0.917769 -0.440334 0.818882 0.368154
-13.670675 -147.571976 11256.748837 -26566.834379 0.812107 0.549034 -0.197593 0.446297 -0.366295 0.816485 -0.375901 0.751258 0.542503
-599.100238 -1998.263387 -84310.667492 -1854792.066097 0.897052 0.240060 0.371038 0.409132 -0.133743 -0.902620 0.167060 -0.961501 0.218191
-103.382489 -816.050359 107339.714684 -96510.998780 -0.519150 -0.247336 -0.818112 0.835463 -0.348716 -0.424735 -0.180236 -0.904003 0.387676
-10.982212 -2695.742518 914.232225 -2389709.492416 0.832903 0.246164 0.495658 0.545737 -0.216624 -0.809472 0.091891 -0.944710 0.314768
128.542868 -5046.134845 38686.961437 -4676838.120602 0.849838 0.326931 0.413391 0.298060 0.348755 -0.888555 0.434669 -0.878343 -0.198940
202.208208 -2470.223533 78583.416041 -2106386.518348 0.943983 0.173265 0.280847 0.155452 0.517235 -0.841607 0.291086 -0.838121 -0.461327
24.472215 -46.224512 6327.822554 9249.945959 0.839387 0.489740 0.235764 0.530973 -0.646118 -0.548269 0.116178 -0.585394 0.802382
38.977674 -31.681636 10488.706226 725.556265 0.855855 0.460719 0.235052 0.502466 -0.632874 -0.589066 0.122636 -0.622261 0.773144
41.981741 -43.010399 9704.280995 10532.603033 0.867926 0.426832 0.254007 0.490387 -0.655139 -0.574729 0.078903 -0.623384 0.777924
-227.976500 -8132.956209 201490.179082 10227012.081789 0.706227 0.408343 -0.578359 -0.388580 -0.459305 -0.798777 0.591819 -0.788856 0.165700
-152.677549 -1626.290694 311092.713489 -613713.174460 0.680940 0.504214 -0.531121 0.056829 0.686671 0.724744 0.730131 -0.523690 0.438928
-1680.422173 -4278.820272 798361.563131 4024244.051593 0.848548 0.447040 -0.283057 -0.123023 -0.353612 -0.927267 0.514618 -0.821653 0.245061
-1088.192873 -4412.706877 571374.872399 2534983.180550 0.326078 0.184546 -0.927155 0.882715 0.291598 0.368490 0.338360 -0.938570 -0.067818
-699.917889 -19639.609001 897431.032782 14194187.778435 0.227107 0.246342 -0.942198 0.894450 0.329914 0.301855 0.385204 -0.911303 -0.145415
13.643923 -45.119158 4175.982555 7745.726071 -0.576203 0.791077 0.205397 -0.679266 -0.603273 0.417923 -0.454520 -0.101289 -0.884959
14.289645 -47.688587 9429.539423 5410.008419 -0.645101 0.715855 0.267201 -0.645914 -0.697716 0.309818 -0.408215 -0.027274 -0.912478
-21.892630 -43.205847 7530.812913 2117.018540 -0.830784 0.315042 0.458853 0.254859 0.948211 -0.189587 -0.494817 -0.040563 -0.868050
14.294416 -39.212978 357.621051 -7588.816249 0.538594 0.428113 -0.725697 0.584967 0.429891 0.687755 0.606407 -0.794930 -0.018895
10.127365 -37.648067 1660.013906 -2721.811265 0.626234 0.480387 -0.614052 -0.522056 -0.326585 -0.787908 0.579041 -0.813984 -0.046270
17.839673 -51.008519 11.147782 9100.591812 0.648452 0.445508 -0.617278 -0.489237 -0.377352 -0.786291 0.583230 -0.811867 0.026736
24.038095 -70.406678 -242.147374 15101.977455 0.598625 0.416554 -0.684201 -0.497823 -0.475703 -0.725175 0.627551 -0.774719 0.077397
18.922888 -61.911502 3038.925547 -19430.595060 0.477810 0.439501 -0.760616 0.599548 0.469687 0.648025 0.642059 -0.765659 -0.039081
-54.203130 -82.481559 147.919907 11812.250517 0.262343 -0.949969 0.169514 0.964454 0.252355 -0.078392 0.031692 0.184054 0.982405
-46.138109 -75.374020 1630.564571 4707.338494 -0.129134 -0.956990 0.259798 0.991594 -0.122493 0.041664 -0.008048 0.262995 0.964764
-43.063851 -69.137758 879.134154 5539.076215 -0.347387 -0.875059 0.337037 0.934267 -0.353802 0.044373 0.080415 0.330297 0.940445
-36.763861 -44.543908 -1127.482615 -7323.195975 0.724998 -0.443587 -0.526885 0.344866 0.895982 -0.279792 0.596192 0.021144 0.802563
-38.990431 -54.578469 -2512.913886 -4078.934103 0.792947 -0.202985 -0.574485 0.097062 0.972917 -0.209791 0.601510 0.110592 0.791173
-33.934064 -45.671198 -11518.549326 -3599.745026 -0.146070 0.978186 0.147700 0.749162 0.206883 -0.629250 0.646080 -0.018737 0.763040
-29.475008 -34.314744 -5227.436751 -7346.722933 0.837483 0.130523 -0.530647 -0.091872 0.990864 0.098728 0.538686 -0.033931 0.841823
-18.570892 -38.026797 -14364.871242 -7591.578391 -0.224945 0.948728 0.222069 0.769858 0.312755 -0.556330 0.597259 -0.045818 0.800739
-25.646430 -174.091477 -40654.725187 -55684.614076 0.719538 0.687029 0.101274 0.515379 -0.430543 -0.740957 0.465456 -0.585341 0.663873
2.911197 -59.317868 -6426.959199 -4350.019601 0.718518 0.108452 0.687000 -0.240273 0.965659 0.098854 -0.652687 -0.236096 0.719902
18.404601 -31.817586 -3724.229585 -4380.749408 0.612047 0.413090 0.674355 -0.553314 0.832934 -0.008041 -0.565015 -0.368209 0.738363
50.918886 -23.886379 -16157.219428 -2181.223732 0.294809 0.718361 0.630115 0.815509 -0.532833 0.225907 -0.498029 -0.447265 0.742914
-4.532567 -45.400862 -1470.194140 868.270963 -0.106648 0.993408 -0.042023 0.519171 0.019592 -0.854446 0.847990 0.112942 0.517838
-5.019631 -41.480802 -2452.877975 1779.700535 -0.101803 0.994735 -0.011777 0.366432 0.026490 -0.930068 0.924859 0.099000 0.367200
-0.229799 -46.993727 -756.834377 1968.241253 -0.107138 0.993695 -0.033040 0.569070 0.034038 -0.821584 0.815280 0.106825 0.569129
-12.260390 -43.730142 -2678.966305 1342.649866 -0.113134 0.992838 -0.038382 0.405350 0.010852 -0.914097 0.907134 0.118974 0.403675
-11.136378 -45.920223 -2426.322029 -82.020715 -0.096260 0.993291 -0.064093 0.551127 -0.000432 -0.834421 0.828851 0.115645 0.547387
-6.941457 -47.273386 -1606.417597 -243.409041 -0.116728 0.991902 -0.050052 0.646961 0.037704 -0.761590 0.753536 0.121280 0.646123
-2.192921 -49.437939 -390.022765 244.037411 -0.120088 0.991117 -0.057141 0.642252 0.033670 -0.765754 0.757028 0.128657 0.640590
-2.126040 -49.042581 -1157.801514 394.325552 -0.297071 0.938628 0.175287 0.460251 -0.020083 0.887562 -0.836611 -0.344345 0.426038
-4.217772 -49.062986 -1234.719512 -760.207757 -0.284086 0.941030 0.183735 0.572495 0.012763 0.819809 -0.769119 -0.338083 0.542361
8.002831 -99.767691 -846.298522 7363.353799 -0.132451 0.946429 0.294497 0.013878 0.298856 -0.954197 0.991092 0.122298 0.052718
6.236113 -98.508839 -86.088679 -2416.799528 -0.137902 0.945378 0.295370 0.250342 0.321806 -0.913110 0.958286 0.051976 0.281046
6.767423 -92.231519 833.605555 -1871.960877 -0.125261 0.959376 0.252801 0.215450 0.275031 -0.936984 0.968448 0.062901 0.241148
-4.695574 -113.678771 -368.556264 9107.356990 -0.067547 0.984821 0.159892 0.766153 0.153855 -0.623970 0.639099 -0.080354 0.764916
-2.473481 -67.157669 -272.633181 -2328.042657 -0.214620 0.929731 0.299228 0.606643 -0.113212 0.786872 -0.765456 -0.350404 0.539717
-2.959808 -66.230314 58.790308 -2032.232975 -0.193080 0.934444 0.299224 0.649145 -0.107024 0.753098 -0.735752 -0.339648 0.585926
-2.203079 -60.800257 394.271096 -2578.217156 -0.206583 0.941771 0.265313 0.500139 -0.131418 0.855915 -0.840943 -0.309511 0.443868
-2.343500 -64.208949 169.935872 -2405.953040 -0.191804 0.938771 0.286216 0.637538 -0.102540 0.763564 -0.746161 -0.328928 0.578835
55.017657 -56.172545 30789.255775 -4725.558069 0.898772 -0.426674 -0.100785 -0.352808 -0.567433 -0.744007 -0.260260 -0.704251 0.660527
119.777969 -50.287561 16970.393243 2328.834567 -0.212502 0.942485 -0.258002 -0.887774 -0.075891 0.453980 -0.408289 -0.325519 -0.852841
212.242245 -50.014846 42014.342348 1224.341351 -0.121499 0.990077 -0.070602 -0.837794 -0.064147 0.542206 -0.532297 -0.125027 -0.837274
176.303995 -44.635314 25792.398599 5902.839681 -0.316427 0.881953 -0.349331 -0.778534 -0.031040 0.626835 -0.541996 -0.470313 -0.696452
583.083883 -18.048190 -116833.532597 -3353.543899 0.723761 -0.672697 0.153782 0.531949 0.401951 -0.745295 -0.439545 -0.621220 -0.648757
83.323090 -45.510613 5488.756462 711.036576 -0.247086 0.874442 -0.417491 0.945947 0.124264 -0.299572 -0.210079 -0.468944 -0.857880
-11.871520 -104.671731 942.505631 -5016.827828 0.812017 -0.285874 0.508826 -0.328298 0.497087 0.803197 0.482543 0.819256 -0.309791
-11.807001 -92.182017 -108.984712 -4114.532412 0.806533 -0.257634 0.532100 -0.279899 0.626374 0.727538 0.520732 0.735718 -0.433080
-13.078062 -88.612827 -1615.795819 -4776.151512 0.819233 -0.224987 0.527483 -0.294765 0.623801 0.723869 0.491905 0.748501 -0.444720
-10.320217 -46.668415 -314.736706 -44.043295 -0.013748 0.999458 -0.029895 0.206479 -0.026416 -0.978094 0.978354 0.019620 0.206004
-10.711816 -42.450681 -162.399207 -60.255329 -0.059074 0.993962 -0.092462 0.140458 -0.083427 -0.986566 0.988323 0.071268 0.134681
-11.215772 -44.950469 -156.751929 599.121429 -0.058802 0.998024 -0.022143 0.285794 -0.004423 -0.958281 0.956485 0.062677 0.284969
