13820
27621
-38.017628 -62.161247 3008.954256 7072.090297 0.034286 -0.991799 0.123126 0.999032 0.030613 -0.031603 0.027575 0.124090 0.991888
-45.206449 -67.076137 -410.533095 3646.553961 -0.169410 -0.969674 0.176161 0.977872 -0.143122 0.152585 -0.122745 0.198113 0.972463
-38.166869 -86.084243 -2886.804974 9003.993541 -0.242730 0.952266 -0.185126 0.954392 0.268608 0.130331 -0.173836 0.145047 0.974034
-38.095047 -60.821383 343.569158 3047.726575 -0.522676 -0.832463 0.183888 0.851838 -0.501258 0.152026 -0.034380 0.236103 0.971120
-24.091095 -91.594251 5822.341265 13802.372583 0.234314 -0.969772 0.068114 0.971712 0.235760 0.013914 -0.029552 0.062927 0.997581
-19.839498 -75.887281 -6314.213649 15708.169716 -0.157619 0.987151 -0.026257 0.982088 0.153920 -0.108682 0.103244 0.042917 0.993730
-21.530493 -51.377593 -5591.534122 8572.172021 0.046163 0.997720 -0.049225 0.985350 -0.053579 -0.161908 0.164176 0.041030 0.985577
-31.197506 -44.049116 -2797.933637 4830.390868 0.536311 0.828772 -0.159711 0.830203 -0.552100 -0.077126 0.152096 0.091229 0.984146
-34.832864 -52.152005 -582.934730 4055.284816 -0.645762 -0.733951 0.210492 0.758436 -0.648408 0.065889 0.088125 0.202194 0.975373
-23.012595 -78.337613 193.501335 12053.502654 0.230423 0.971778 0.050522 0.942035 -0.209757 -0.261862 0.243875 -0.107933 0.963782
-25.917052 -58.581399 715.829851 10394.584546 0.319377 0.946892 0.037347 0.878536 -0.281088 -0.386218 0.355208 -0.156160 0.921651
-17.794448 -58.094590 2861.829826 11764.525652 0.294813 0.954918 -0.034896 0.882866 -0.286176 -0.372357 0.365557 -0.078967 0.927433
3.093276 -57.519130 -5753.403264 -5635.490564 -0.110302 0.006349 0.993878 0.051140 0.998691 -0.000704 -0.992582 0.050750 -0.110482
-13.712976 -72.073090 -7932.851907 -1961.476869 -0.122417 -0.087556 0.988609 0.135548 0.985292 0.104046 -0.983179 0.146741 -0.108749
2.510812 -63.824526 -7270.618272 -600.681851 -0.126548 -0.122227 0.984401 0.240967 0.958867 0.150033 -0.962248 0.256194 -0.091890
15.760231 -58.646907 -4634.303326 -2264.684608 -0.079575 -0.098748 0.991926 0.188702 0.975597 0.112261 -0.978805 0.196111 -0.058999
16.168598 -43.311865 -2208.968107 -6972.474362 -0.037424 -0.028844 0.998883 0.051173 0.998217 0.030742 -0.997988 0.052266 -0.035881
15.350490 -27.609728 -2982.475511 -5365.142992 -0.076854 0.314049 0.946291 -0.068809 0.945165 -0.319264 -0.994665 -0.089650 -0.051031
-4.284208 -37.596345 3124.861661 -420.335082 0.137979 -0.600867 -0.787350 -0.537085 0.622530 -0.569206 0.832167 0.501412 -0.236821
2.336923 -36.578546 9223.550432 208.648198 -0.436297 0.805387 0.401244 -0.360239 0.252283 -0.898099 0.824544 0.536381 -0.180062
-13.700461 -30.942272 1691.019650 -2813.462443 -0.307370 0.762279 0.569609 -0.402426 0.438298 -0.803709 0.862309 0.476262 -0.172041
-11.671454 -33.485357 7345.784072 -2286.410331 -0.018828 -0.389067 -0.921017 -0.457479 0.822447 -0.338075 0.889021 0.414980 -0.193475
-20.022629 -24.606004 2266.141576 1599.510033 -0.175654 0.039743 -0.983649 -0.386638 0.916113 0.106058 0.905349 0.398946 -0.145552
1.781359 -57.428272 2000.499519 -472.044348 0.118335 0.985726 0.119753 -0.591793 0.166852 -0.788633 0.797357 -0.022454 -0.603090
-5.848011 -56.564701 90.105059 1342.081331 0.110099 0.991667 0.066899 -0.753827 0.127182 -0.644646 0.647783 -0.020545 -0.761548
20.624017 -56.190860 6652.170960 -597.151548 0.150192 0.966031 0.210299 -0.629340 0.257468 -0.733240 0.762479 0.022222 -0.646632
-5.964689 -58.450735 -548.954720 1239.164483 0.098686 0.994995 0.015667 -0.721557 0.082390 -0.687435 0.685285 -0.056535 -0.726077
46.573775 -55.848824 11549.332763 -1781.306133 0.127582 0.960441 0.247542 -0.457313 0.278432 -0.844595 0.880106 0.005449 -0.474745
-4.874854 -58.988438 -238.598396 -572.431858 0.101704 0.994228 0.034147 -0.558565 0.085474 -0.825045 0.823202 -0.064837 -0.564035
6.763853 -55.141695 3124.839904 -1611.643690 0.106930 0.982306 0.153755 -0.403956 0.184225 -0.896036 0.908507 -0.033702 -0.416508
-0.710238 -87.856627 -313.531223 8554.619174 -0.195879 0.969780 0.145455 0.129099 -0.121535 0.984156 -0.972093 -0.211554 0.101392
-1.432263 -92.918833 1123.694884 4787.944826 -0.147131 0.978349 0.145551 -0.094968 -0.160446 0.982465 -0.984547 -0.130729 -0.116518
-3.873207 -102.582076 819.897606 6827.909760 -0.160725 0.981510 0.103953 -0.140909 -0.127062 0.981835 -0.976889 -0.143157 -0.158725
-2.686741 -100.651552 -528.004482 13736.246118 -0.210223 0.973983 0.084633 0.110346 -0.062376 0.991934 -0.971406 -0.217866 0.094363
2.666604 -72.739597 -1926.754222 7440.646749 -0.235574 0.963026 0.130712 0.290320 -0.058623 0.955132 -0.927480 -0.262952 0.265776
1.978975 -131.796572 83.817379 1795.390682 0.090721 0.988358 0.122140 0.163827 0.106164 -0.980760 0.982309 -0.108986 0.152289
2.546801 -151.287589 -257.198885 2294.443016 0.074901 0.984734 0.157125 0.346790 0.122010 -0.929973 0.934947 -0.124145 0.332357
1.963199 -152.546623 -87.777517 2783.699813 0.088018 0.991031 0.100550 0.132073 0.088440 -0.987287 0.987325 -0.100178 0.123104
1229.046733 -33.844888 701320.104474 8789.907977 0.369324 0.535230 -0.759690 0.830490 -0.556918 0.011374 -0.416997 -0.635116 -0.650186
3826.128504 -70.178282 3468560.398471 37716.285428 0.440983 0.641603 -0.627599 0.849001 -0.524991 0.059845 -0.291087 -0.559223 -0.776234
4177.781549 -44.386949 2967636.657615 21193.135532 0.469158 0.656907 -0.590223 0.805506 -0.592286 -0.018921 -0.362010 -0.466552 -0.807018
803.980082 -27.444661 201274.476865 -5831.328729 0.322340 0.633938 -0.703008 0.814594 -0.564067 -0.135144 -0.482217 -0.529104 -0.698224
-2.724030 -98.514979 -202.246305 8710.987284 0.676382 0.471505 -0.565854 -0.167139 0.846461 0.505538 0.717337 -0.247360 0.651337
-2.604861 -107.117442 -497.262529 8536.268548 0.685315 0.446954 -0.574957 -0.044128 0.813544 0.579826 0.726908 -0.371992 0.577258
-3.586631 -105.743827 -247.248858 6458.235360 0.676252 0.458204 -0.576830 -0.028418 0.798666 0.601103 0.736122 -0.390105 0.553121
-1.728173 -103.295381 -521.750975 4137.938613 0.090877 0.974345 0.205895 0.659689 0.095982 -0.745384 0.746024 -0.203565 0.634043
-0.810685 -96.666207 -512.315862 3949.862927 0.109191 0.977548 0.180216 0.502977 0.102042 -0.858255 0.857375 -0.184358 0.480542
-3.901929 -96.872598 -614.013664 4693.783689 0.092398 0.978835 0.182604 0.650621 0.079474 -0.755232 0.753760 -0.188588 0.629508
-4.522683 -103.983175 -584.298623 3738.788448 0.069846 0.976367 0.204522 0.792016 0.070372 -0.606431 0.606492 -0.204341 0.768383
-7.248940 -97.030579 -688.930436 3502.332013 0.065945 0.982349 0.175047 0.784610 0.057333 -0.617333 0.616472 -0.178053 0.766980
-7.160230 -90.684268 -846.128541 3539.000873 0.088177 0.983122 0.160297 0.648041 0.065594 -0.758775 0.756484 -0.170785 0.631320
23.171629 -13.601458 4181.710675 -918.534883 0.743775 0.648272 0.162921 0.662043 -0.748066 -0.045795 -0.092188 -0.141922 0.985576
25.885766 -17.667751 5919.810307 -2736.632144 0.729842 0.668744 0.141816 0.681096 -0.729129 -0.066927 -0.058645 -0.145436 0.987628
75.634984 -19.027170 20647.746255 -2836.045690 0.746458 0.630158 0.213781 0.654210 -0.753720 -0.062573 -0.121700 -0.186566 0.974875
59.680190 -26.182704 -14933.991064 -4224.442024 -0.697295 -0.686659 -0.205620 0.711546 -0.697724 -0.082965 -0.086497 -0.204159 0.975109
339.815432 -59.867322 120780.969962 -14897.063193 0.694939 0.647902 0.311902 0.694210 -0.717580 -0.056148 -0.187436 -0.255545 0.948454
20.167716 -106.464521 9896.134870 -10287.281303 -0.447383 -0.527155 0.722465 0.551231 0.473598 0.686913 -0.704268 0.705558 0.078705
33.867739 -81.701863 12670.893255 -7689.901229 -0.456982 -0.512281 0.727142 0.431017 0.587568 0.684827 -0.778069 0.626365 -0.047706
41.723400 -98.210799 15355.214501 -13594.371617 -0.461252 -0.484885 0.743057 0.530986 0.520092 0.668998 -0.710845 0.703129 0.017574
31.688152 -123.681914 12060.862250 -18461.849689 -0.474042 -0.492345 0.729987 0.607883 0.416780 0.675850 -0.636995 0.764128 0.101717
56.573057 -115.964215 13837.830323 -21212.408146 -0.524271 -0.435178 0.731956 0.565631 0.464574 0.681347 -0.636555 0.771227 0.002587
44.160766 -117.005408 14343.575734 -21674.906439 -0.479524 -0.466654 0.743162 0.591612 0.453561 0.666541 -0.648114 0.759286 0.058585
-12.233505 -163.114842 875.345708 7608.094729 0.638494 0.426078 -0.640924 0.743691 -0.555936 0.371293 -0.198113 -0.713718 -0.671832
-11.943664 -149.096069 2382.331110 15075.950904 0.654298 0.412794 -0.633636 0.755361 -0.397034 0.521338 -0.036370 -0.819735 -0.571587
-16.938289 -167.839096 1356.659052 7240.905218 0.635172 0.410379 -0.654328 0.741965 -0.559557 0.369302 -0.214580 -0.720059 -0.659902
11.458381 -19.153415 -3172.971735 -142.259091 0.266904 -0.097771 0.958751 0.772503 0.616505 -0.152185 -0.576195 0.781257 0.240076
12.363991 -17.249827 -1799.399034 -737.399556 0.146560 -0.230319 0.962015 0.803586 0.594852 0.019992 -0.576862 0.770132 0.272263
3.538949 -17.257361 -1248.150590 658.600254 0.361680 -0.032891 0.931722 0.705159 0.663396 -0.250313 -0.609868 0.747545 0.263131
3.797602 -25.662711 784.778728 3727.735351 0.538252 0.170142 0.825431 0.572227 0.645268 -0.506147 -0.618742 0.744769 0.249957
12.588575 -22.517257 -1311.158943 909.881813 0.351800 -0.008371 0.936038 0.742411 0.611548 -0.273559 -0.570142 0.791163 0.221357
23.524944 -14.352034 192.126793 14989.013591 0.299350 0.948790 0.100926 -0.158446 0.153739 -0.975325 0.940895 -0.275973 -0.196354
29.546425 23.114820 -545.635192 22432.476420 0.333201 0.934570 0.124726 -0.195869 0.198010 -0.960431 0.922286 -0.295586 -0.249031
27.008069 -15.654304 -270.178805 10472.121486 0.341206 0.939978 -0.004535 -0.166954 0.055854 -0.984381 0.925043 -0.336634 -0.175990
-11.091271 -52.887183 -1280.416818 -2265.490065 0.487816 0.859534 0.152436 0.510778 -0.139436 -0.848330 0.707913 -0.491690 0.507050
-7.783784 -50.938165 -31.551683 -265.842568 0.464237 0.862589 0.201056 0.612089 -0.148373 -0.776745 0.640181 -0.483658 0.596861
-11.540438 -55.871770 896.204805 -1951.868202 0.520083 0.846877 0.110963 0.481759 -0.183587 -0.856857 0.705281 -0.499094 0.503471
-11.999360 -54.850804 923.906908 -40.896873 0.548941 0.827093 0.120750 0.413103 -0.142869 -0.899408 0.726643 -0.543604 0.420102
-12.333947 -55.101207 338.832899 -1636.933378 0.530438 0.842640 0.092697 0.390340 -0.145713 -0.909067 0.752509 -0.518387 0.406208
-47.905264 -102.937963 6504.512297 -7120.013822 -0.298987 -0.441843 0.845802 0.922256 0.093817 0.375023 -0.245052 0.892173 0.379443
-42.358969 -82.783838 6512.652229 -9555.120004 -0.228166 -0.431312 0.872875 0.859495 0.331945 0.388692 -0.457393 0.838918 0.294972
-35.812951 -100.752978 4757.307099 -6633.321150 -0.298550 -0.496489 0.815087 0.908872 0.112712 0.401557 -0.291239 0.860694 0.417595
-15.324274 -41.119925 2816.399072 -1011.738220 0.407586 0.876793 -0.255162 0.504668 -0.449159 -0.737269 0.761041 -0.171729 0.625561
-16.406046 -38.972053 3186.023092 -791.841363 0.364084 0.914127 -0.178366 0.606968 -0.378137 -0.699001 0.706423 -0.146233 0.692519
-23.234475 -43.918700 4192.205948 -1720.117202 0.476834 0.823370 -0.307720 0.455358 -0.530834 -0.714748 0.751850 -0.200693 0.628048
-9.727588 -37.783635 2104.984211 -601.027218 0.336322 0.920838 -0.197345 0.570624 -0.365964 -0.735159 0.749184 -0.134640 0.648533
-20.336812 -44.961878 3470.242175 -2176.491835 0.481642 0.792501 -0.374116 0.349531 -0.565185 -0.747258 0.803648 -0.229145 0.549220
-13.209533 -41.692056 2301.504637 -1398.506419 0.413724 0.857342 -0.306263 0.426859 -0.479811 -0.766533 0.804129 -0.186402 0.564474
-39.517501 -67.261772 5390.337290 -1505.799409 -0.113069 0.905428 0.409164 -0.809311 -0.322821 0.490717 -0.576396 0.275656 -0.769274
-47.171674 -66.439223 4316.190491 -6018.308513 -0.229119 0.898391 0.374696 -0.883164 -0.353721 0.308063 -0.409299 0.260335 -0.874471
-47.556993 -73.530869 -431.620992 5507.258874 -0.333842 0.843217 0.421349 -0.729766 -0.514128 0.450682 -0.596650 0.157030 -0.786988
-43.237367 -73.113370 42.574574 9384.058864 -0.252771 0.825933 0.503927 -0.612769 -0.539727 0.577243 -0.748747 0.162880 -0.642533
-30.638264 -62.619664 4521.740278 2697.908460 0.016583 0.925399 0.378632 -0.693013 -0.262330 0.671503 -0.720735 0.273532 -0.636963
-33.547702 -137.245327 -4151.390555 21409.799256 -0.623687 0.185643 -0.759310 0.771462 -0.010318 -0.636191 -0.125939 -0.982563 -0.136782
769.185387 -4192.506086 308637.339758 1872775.200289 0.483220 0.085081 -0.871355 0.871522 -0.141504 0.469495 -0.083355 -0.986275 -0.142527
-41.570366 -87.059852 -3953.364691 11370.546205 -0.655360 0.166943 -0.736636 0.749976 0.028055 -0.660870 -0.089661 -0.985567 -0.143589
14.306460 -163.756894 -629.547221 -23464.294942 0.765317 0.066370 0.640222 0.477758 0.607965 -0.634134 0.431320 -0.791185 -0.433577
13.745235 -173.273017 2467.730569 -25058.481716 0.716279 0.142345 0.683142 0.432854 0.677240 -0.594965 0.547341 -0.721862 -0.423478
7.762400 -184.562838 1226.663195 -10080.812464 -0.755560 -0.146151 -0.638568 0.263236 0.824893 -0.500259 0.599864 -0.546069 -0.584784
10.892748 -157.337371 -3025.177453 -5029.173211 0.778230 0.002424 0.627974 0.411624 0.753243 -0.513021 0.474261 -0.657738 -0.585199
-9.492790 -49.106963 543.658202 652.051401 0.295305 0.917561 0.266226 0.387856 -0.369792 0.844287 -0.873134 0.146065 0.465083
-8.944679 -48.777721 747.929792 -131.768375 0.287061 0.926506 0.243274 0.236274 -0.314600 0.919348 -0.928316 0.206430 0.309219
-11.490050 -48.851765 -437.814193 1488.296875 0.252159 0.919287 0.302203 0.416038 -0.384948 0.823849 -0.873687 0.082013 0.479526
-42.583557 -59.490613 -3354.251987 993.181963 0.728048 -0.314671 -0.609039 0.624997 0.669691 0.401115 -0.281648 0.672678 -0.684235
-41.913599 -60.356620 -2634.769950 -1050.377671 0.770348 -0.241138 -0.590269 0.503433 0.798134 0.330965 -0.391305 0.552119 -0.736237
-37.154232 -58.998157 -1493.977630 -311.460504 0.659965 -0.282688 -0.696084 0.640421 0.696108 0.324492 -0.392820 0.659940 -0.640446
-39.731954 -58.121344 2197.063640 2069.327778 -0.677591 0.339388 0.652446 0.707051 0.544725 0.450947 -0.202357 0.766871 -0.609066
-46.992247 -58.688410 -3792.947257 3813.254474 0.772277 -0.355806 -0.526299 0.627537 0.556255 0.544773 -0.098923 0.750988 -0.652864
8.373852 -16.919878 -4101.637081 2587.608380 0.192315 0.970524 0.145250 -0.694684 0.030096 0.718686 -0.693130 0.239117 -0.679995
6.203293 -12.297383 -4890.041840 841.166772 0.164739 0.976015 0.142324 -0.684900 0.009361 0.728577 -0.709769 0.217503 -0.670015
1.830115 -17.643582 -6353.240989 2889.589529 0.106658 0.978283 0.177726 -0.703649 -0.052024 0.708641 -0.702497 0.200639 -0.682819
15.428504 -112.927635 5955.634548 4343.350499 -0.076090 0.401613 0.912643 0.972045 -0.174024 0.157623 0.222125 0.899123 -0.377144
7.884103 -102.106918 3735.356995 12379.452017 -0.065656 0.415558 0.907194 0.895857 -0.375857 0.237004 0.439465 0.828277 -0.347603
4.014601 -111.788019 -873.001507 9888.319674 0.050849 0.407304 0.911876 0.946826 -0.310116 0.085720 0.317702 0.859029 -0.401416
14.935933 -115.000546 1326.293569 -5342.447557 0.007482 0.397520 0.917563 0.999709 -0.024001 0.002246 0.022915 0.917280 -0.397584
-13.138070 -46.712931 -2533.924624 331.975965 0.827684 0.409704 0.383512 -0.131053 0.805600 -0.577783 -0.545678 0.427962 0.720475
-20.487557 -48.586240 -3001.001288 97.577565 0.861436 0.366117 0.351974 -0.153611 0.848415 -0.506552 -0.484078 0.382295 0.787095
-19.474911 -47.107861 -2939.373553 597.057007 0.854326 0.358231 0.376560 -0.055937 0.783686 -0.618633 -0.516719 0.507451 0.689562
-30.557604 -177.928954 -1367.918679 5390.333938 0.654610 0.710255 -0.258888 0.737242 -0.524047 0.426437 0.167210 -0.470013 -0.866677
-42.474421 -161.231705 -3675.208000 8152.942344 0.431249 0.795588 -0.425516 0.880399 -0.267945 0.391284 0.197286 -0.543365 -0.815986
-43.878904 -155.055097 -3391.844878 -14642.993772 0.567295 0.750901 -0.338117 0.818982 -0.557445 0.136101 -0.086283 -0.354121 -0.931211
-38.040689 -182.344560 2484.250854 27712.009825 0.731691 0.658489 -0.176125 -0.678746 0.727616 -0.099391 -0.062704 -0.192267 -0.979337
-46.469491 -157.449212 464.999020 24638.489714 -0.693300 -0.671410 0.261809 -0.656690 0.738228 0.154201 -0.296807 -0.065019 -0.952721
-48.038422 -134.389263 -3475.694656 15311.210069 0.567406 0.727708 -0.385346 -0.764230 0.639630 0.082615 -0.306598 -0.247617 -0.919067
1.272853 -83.368681 -252.043136 -9795.072908 0.542924 -0.570137 0.616586 0.464881 -0.407414 -0.786066 -0.699371 -0.713413 -0.043851
1.121188 -67.800119 301.965954 3763.815504 -0.542315 0.572191 -0.615218 -0.351161 0.510854 0.784675 -0.763270 -0.641581 0.076113
1.705638 -68.889816 163.691992 3027.399663 -0.551316 0.565460 -0.613438 -0.352767 0.508316 0.785602 -0.756047 -0.649515 0.080767
19.023153 -47.523938 5730.280570 1121.248260 0.049689 0.950268 0.307443 -0.692879 0.254500 -0.674647 0.719340 0.179498 -0.671067
23.235816 -47.441454 2602.095002 1932.122863 0.086120 0.969233 0.230590 -0.698307 0.223805 -0.679911 0.710599 0.102469 -0.696096
16.745289 -48.310758 2219.077059 1576.185139 0.079099 0.964135 0.253351 -0.619137 0.246701 -0.745525 0.781289 0.097889 -0.616446
19.155355 -48.002526 -2181.251806 1598.117459 0.141596 0.977440 0.156719 -0.691455 0.210949 -0.690935 0.708407 0.010530 -0.705725
16.392105 -47.298786 1454.784942 -361.386276 0.087943 0.973180 0.212570 -0.513456 0.227150 -0.827506 0.853598 0.036372 -0.519661
15.899907 -48.535733 4633.562999 252.155897 0.063349 0.960443 0.271177 -0.522536 0.263421 -0.810904 0.850261 0.090329 -0.518553
13.886315 -48.419214 2272.244269 -120.662586 0.074757 0.953071 0.293370 -0.521278 0.288147 -0.803269 0.850106 0.092877 -0.518356
16.566694 -47.667795 -2063.061340 -1101.913572 0.150787 0.979354 0.134645 -0.573501 0.197602 -0.795016 0.805208 -0.042659 -0.591456
13.859972 -43.095116 3260.885111 4466.031267 0.312430 0.557525 -0.769125 0.560832 0.545233 0.623048 -0.766717 0.626009 0.142330
18.753365 -51.012178 -7816.560006 2106.973500 -0.350851 -0.562432 0.748715 0.470299 0.585561 0.660255 -0.809767 0.583771 0.059066
14.815518 -50.048260 3327.459358 3903.816016 0.401210 0.619170 -0.675025 0.431368 0.522386 0.735550 -0.808054 0.586295 0.057504
30.043824 -47.027075 -7181.779367 1824.674543 -0.193959 -0.476309 0.857619 0.591923 0.640327 0.489498 -0.782309 0.602587 0.157741
10.441367 -44.026885 -573.185786 6957.497466 0.406527 0.647519 -0.644558 0.480353 0.448629 0.753653 -0.777172 0.615996 0.128658
6.913524 -32.763677 597.853469 6394.131211 0.312838 0.566718 -0.762210 0.615969 0.489800 0.616991 -0.722990 0.662515 0.195852
15.493795 -36.239537 -2850.481225 4137.718918 -0.168651 -0.465801 0.868669 0.693576 0.570115 0.440365 -0.700364 0.676756 0.226918
-2.371570 -109.734300 195.139664 -10685.949553 0.932315 0.059518 0.356717 0.355172 -0.336517 -0.872129 -0.068134 -0.939795 0.334879
-4.949294 -130.195861 744.344477 -9713.983956 0.926620 0.095140 0.363763 0.375420 -0.287794 -0.881042 -0.020867 -0.952955 0.302393
-3.957068 -105.480669 872.859085 -8885.633038 0.931950 0.079220 0.353828 0.348731 -0.463033 -0.814854 -0.099281 -0.882794 0.459150
-1.578987 -103.638988 -707.584283 -8434.084665 0.926207 0.050993 0.373551 0.360615 -0.408875 -0.838318 -0.109987 -0.911165 0.397092
-3.791983 -96.864137 -374.295943 -4835.290484 0.918671 0.069596 0.388844 0.363434 -0.534625 -0.762949 -0.154788 -0.842219 0.516438
-4.929146 -92.678273 559.624957 -5855.419929 0.928994 0.082693 0.360738 0.339671 -0.577522 -0.742356 -0.146947 -0.812177 0.564603
-17.270370 -92.613240 -1030.856265 -3734.392944 -0.390636 0.626443 -0.674517 0.340617 -0.582368 -0.738124 0.855210 0.518090 -0.014117
-17.953421 -86.212839 -1049.260293 -3699.452034 -0.393806 0.637118 -0.662570 0.497667 -0.458246 -0.736436 0.772816 0.619752 0.136613
-13.183282 -96.176775 -851.445861 -4005.640608 -0.348855 0.671314 -0.653940 0.338258 -0.560547 -0.755889 0.874003 0.484896 0.031528
-12.887076 -102.724717 -848.290872 2642.855109 -0.350116 0.653946 -0.670651 -0.143382 0.670115 0.728277 0.925667 0.351141 -0.140854
-16.160607 -98.154433 -905.282613 2001.439493 -0.397020 0.613238 -0.682872 -0.152341 0.689672 0.707916 0.905078 0.385086 -0.180393
111.746729 -136.835196 -62501.490172 25900.869691 0.733497 0.272078 0.622860 -0.314789 -0.676198 0.666081 -0.602403 0.684638 0.410343
23.074190 -140.069344 -11925.600760 11331.066969 0.708115 0.131536 0.693737 -0.474940 -0.638300 0.605809 -0.522498 0.758466 0.389518
41.105522 -163.189505 -13713.189814 13406.763661 0.781067 0.153059 0.605398 -0.491970 -0.446250 0.747547 -0.384578 0.881722 0.273251
20.639118 -149.833331 -6214.177358 -1973.424501 0.822109 0.215551 0.526948 0.514674 -0.677079 -0.525998 -0.243406 -0.703635 0.667571
8.106065 -138.194160 -2300.637562 1565.325215 0.848876 0.169606 0.500643 0.504404 -0.543140 -0.671249 -0.158072 -0.822334 0.546608
8.160456 -135.028299 -4770.467280 879.387684 0.801489 0.213670 0.558534 0.538338 -0.664497 -0.518301 -0.260399 -0.716093 0.647614
-4.706585 -87.973761 850.975091 -6330.216551 0.713847 -0.024793 0.699862 -0.560186 0.579513 0.591910 0.420254 0.814586 -0.399795
1.393299 -98.203302 684.470143 -3745.916849 0.694949 -0.010133 0.718988 -0.662373 0.380111 0.645584 0.279836 0.924885 -0.257446
-5.998444 -86.978603 -72.393721 -7677.045644 0.649464 0.031780 0.759728 -0.622181 0.596588 0.506925 0.437134 0.801918 -0.407236
60.027808 -293.701267 -8501.431200 25617.489892 0.793971 -0.021684 -0.607569 -0.577035 -0.341532 -0.741880 0.191418 -0.939620 0.283679
46.968644 -402.959742 -11356.657765 51458.594563 0.822617 -0.107770 -0.558289 -0.546964 -0.418236 -0.725196 0.155342 -0.901923 0.402994
61.903598 -492.200192 -9698.340006 122543.501482 0.808027 0.049899 -0.587029 -0.408466 -0.670591 -0.619244 0.424556 -0.740147 0.521474
93.168607 -2802.565082 -47077.410044 1106290.325965 0.808570 0.232855 -0.540363 -0.474600 -0.284750 -0.832870 0.347807 -0.929890 0.119728
67.545529 -413.000346 -3358.343974 78905.009003 0.674025 0.263383 -0.690159 -0.362307 -0.696322 -0.619572 0.643758 -0.667656 0.373913
21.977523 -3504.850526 6178.473342 1251916.788472 -0.599099 -0.513285 0.614506 0.102621 0.711932 0.694710 -0.794071 0.479261 -0.373844
-677.089046 -3540.195363 168224.975585 2749428.279687 0.793811 0.390895 -0.465902 0.544764 -0.797594 0.258989 0.270364 0.459395 0.846085
97.545708 -1711.441684 -17647.226223 -1415082.805989 -0.569717 -0.519919 0.636480 0.098124 0.725884 0.680782 -0.815962 0.450307 -0.362532
-893.010878 -3192.836832 272641.398233 2158129.097282 0.835908 0.235110 -0.495964 -0.533076 0.562969 -0.631583 -0.130721 -0.792332 -0.595922
10.260034 -51.194617 916.930816 320.066518 0.177164 0.976532 0.122467 -0.975933 0.190391 -0.106332 0.127153 0.100681 -0.986760
15.370886 -50.408214 10694.784663 -249.794279 0.183555 0.967291 0.175085 -0.952663 0.218958 -0.210926 0.242363 0.128081 -0.961694
11.099432 -49.851812 2422.668979 -271.040966 0.197475 0.970854 0.135820 -0.943208 0.225924 -0.243551 0.267137 0.080011 -0.960331
-26.249710 -115.691582 -1038.886733 -2284.217490 0.713098 0.166838 0.680924 -0.700305 0.124314 0.702936 -0.032627 0.978116 -0.205486
-27.617094 -115.671061 -522.120141 -3668.661322 0.731696 0.089869 0.675681 -0.681032 0.137941 0.719144 0.028575 0.986355 -0.162134
-24.782615 -107.289705 422.939703 -6273.299584 0.739075 0.105839 0.665257 -0.650467 0.368842 0.663964 0.175102 0.923447 -0.341447
-1.518098 -32.537428 -5582.716059 749.009496 0.106084 -0.016525 -0.994220 0.319698 0.947342 0.018366 0.941562 -0.319798 0.105780
-17.276075 -32.453643 -3971.696089 643.335043 0.013445 -0.074819 -0.997107 0.313160 0.947344 -0.066862 0.949605 -0.311355 0.036167
-14.156255 -30.501609 -3989.835456 1019.686534 0.042337 -0.046177 -0.998036 0.228016 0.973015 -0.035347 0.972736 -0.226072 0.051723
68.848062 -17.957401 -48395.610975 -6742.860685 -0.623836 0.444752 0.642669 -0.138876 0.746129 -0.651157 -0.769118 -0.495466 -0.403697
85.896465 -35.422046 -61097.781639 -4443.957372 -0.708724 0.451539 0.542054 -0.025031 0.751763 -0.658958 -0.705041 -0.480588 -0.521490
314.448317 -51.479292 -202649.984514 9749.227197 -0.661666 0.511255 0.548468 -0.023686 0.716869 -0.696805 -0.749425 -0.474043 -0.462218
-2268.094326 -4370.643423 -596536.655473 -2818330.755087 0.630988 -0.165098 -0.758022 0.757062 -0.082371 0.648130 -0.169444 -0.982831 0.073014
-2632.134266 -4334.015592 -1342395.034687 2838003.148656 0.652406 -0.529667 -0.542051 0.752080 0.540713 0.376835 0.093497 -0.653515 0.751117
-1593.157754 -3357.232649 -791869.935341 -1448572.941337 0.653366 -0.584592 -0.481004 -0.627377 -0.062525 -0.776201 -0.423686 -0.808915 0.407611
-2285.179066 -6211.063424 1266681.379605 4795131.665459 -0.240495 0.543400 -0.804288 -0.655839 0.519883 0.547354 -0.715568 -0.659119 -0.231353
-3278.353407 -5525.740915 2051714.805019 -1422698.833560 0.112712 0.583480 -0.804268 0.992853 -0.098093 0.067977 -0.039230 -0.806182 -0.590366
-156.350314 -434.522841 -35735.742034 100150.139973 0.357290 0.819264 -0.448497 0.795321 -0.518640 -0.313810 0.489702 0.244578 0.836883
-195.562268 -299.450291 45905.496345 33261.033400 -0.222284 -0.802912 0.553102 0.928364 -0.347622 -0.131529 0.297876 0.484243 0.822665
-117.218860 -255.372390 27095.361850 -21915.608980 -0.325780 -0.836088 0.441389 0.945072 -0.274856 0.176901 -0.026586 0.474775 0.879706
-69.516476 -256.652572 17566.587402 26476.619235 -0.380431 -0.866764 0.322480 0.914616 -0.404253 -0.007578 0.136931 0.292063 0.946546
-53.326963 -77.206793 193.684918 3572.559123 0.024175 0.971770 -0.234690 0.965598 0.038103 0.257234 -0.258915 0.232835 0.937417
-44.657311 -68.510726 -276.601064 1487.556372 -0.450320 -0.869290 0.203830 0.878659 -0.390889 0.274160 -0.158649 0.302557 0.939835
-46.756599 -70.656861 661.133501 -1293.750529 0.916691 0.148330 -0.371046 0.394568 -0.482829 0.781788 0.063189 0.863061 0.501131
-47.750554 -71.373353 680.881310 -202.385524 0.896189 0.200626 -0.395721 0.442665 -0.344230 0.827982 -0.029895 0.917199 0.397305
-48.056107 -71.609773 -115.037323 -1585.209694 0.895434 0.314927 -0.314673 0.438621 -0.503047 0.744685 -0.076226 0.804838 0.588579
-45.410016 -69.464263 1165.113672 660.970086 0.885059 0.040747 -0.463691 0.450408 -0.326392 0.831024 0.117484 0.944356 0.307229
-44.427934 -68.218636 1081.625454 -684.340937 0.902136 -0.008236 -0.431373 0.380514 -0.456089 0.804482 0.203370 0.889896 0.408320
-10.697683 -69.646391 -7659.206115 3526.983785 -0.137276 -0.175098 0.974934 0.311832 0.926567 0.210319 -0.940168 0.332887 -0.072594
13.232557 -42.595985 3022.856468 -1273.842149 -0.277211 0.711172 0.646056 -0.566503 0.422116 -0.707738 0.776034 0.562185 -0.285866
19.663102 -47.260759 10951.414051 617.902545 -0.432696 0.835720 0.338151 -0.343096 0.194210 -0.919004 0.833702 0.513668 -0.202698
1.746056 -52.953914 2246.573125 1965.361531 0.126956 0.983860 0.126101 -0.794140 0.176991 -0.581392 0.594327 0.026331 -0.803792
-9.549495 -53.298113 -793.005282 2682.709232 0.070389 0.997220 0.024450 -0.868232 0.073316 -0.490712 0.491140 -0.013313 -0.870979
-7.096175 -55.255563 -876.808618 2426.624364 0.088789 0.996050 0.001261 -0.839790 0.075540 -0.537631 0.535603 -0.046677 -0.843179
-3.027709 -100.742600 1353.706167 384.398721 -0.132680 0.984681 0.113134 -0.373401 -0.155392 0.914563 -0.918133 -0.079100 -0.388298
-0.437570 -92.154101 846.527095 1171.631004 -0.147662 0.980664 0.128430 -0.307797 -0.168970 0.936328 -0.939924 -0.098730 -0.326796
-0.421641 -110.866669 -272.131838 3247.545118 0.074135 0.972810 0.219419 0.671225 0.114048 -0.732428 0.737537 -0.201579 0.644519
-1.506188 -116.413309 -227.116818 4394.328983 0.043257 0.968730 0.244317 0.800075 0.112869 -0.589186 0.598338 -0.220959 0.770175
0.543482 -119.143162 -132.191119 1616.939210 0.048283 0.971049 0.233951 0.689883 0.136959 -0.710847 0.722309 -0.195721 0.663298
-2.693303 -110.704779 -430.195913 4393.254029 0.063206 0.971823 0.227080 0.794199 0.088809 -0.601132 0.604361 -0.218342 0.766208
0.519027 -104.776403 -185.737026 3686.093539 0.089376 0.976976 0.193724 0.512991 0.121566 -0.849742 0.853728 -0.175325 0.490315
1.199342 -115.461386 -47.438274 2033.037106 0.071804 0.976977 0.200900 0.532441 0.132776 -0.835988 0.843416 -0.166995 0.510649
1958.872907 -12.083459 1546718.143970 16871.389293 0.433673 0.363901 -0.824320 0.801608 -0.573615 0.168498 -0.411525 -0.733855 -0.540467
5111.843234 -104.519971 5516273.865937 -99999.661450 0.543339 0.457090 -0.704167 0.781867 -0.580974 0.226171 -0.305722 -0.673453 -0.673049
3621.245747 -56.001111 3674524.765089 17261.542143 0.481528 0.722064 -0.496743 0.855776 -0.509688 0.088684 -0.189148 -0.467805 -0.863355
107.991251 -63.877394 -19534.297520 -5860.434984 -0.262649 0.962078 -0.073635 0.791817 0.258519 0.553348 -0.551400 -0.087031 0.829689
123.477109 -50.472372 -20862.949020 1930.079174 -0.154521 0.980485 -0.121538 0.781518 0.196561 0.592109 -0.604444 0.003491 0.796640
123.013284 -45.987878 -22292.630428 -4089.216923 -0.162182 0.972580 -0.166686 0.789445 0.229233 0.569411 -0.592008 0.039241 0.804977
-1.350103 -91.115998 -64.342292 4338.937715 0.677032 0.463418 -0.571727 -0.259922 0.877353 0.403351 0.688527 -0.124477 0.714448
1.950396 -89.104127 273.686494 60.041433 0.679391 0.446750 -0.582101 -0.342212 0.894650 0.287215 0.649090 0.004071 0.760701
0.421755 -90.472521 -40.644460 2520.900832 0.684310 0.443606 -0.578735 -0.246409 0.887656 0.389037 0.686297 -0.123617 0.716740
509.755786 -159.664701 -206217.310326 44393.568794 -0.574798 -0.194622 0.794814 0.080241 0.953218 0.291439 -0.814352 0.231295 -0.532291
500.417416 -144.483598 -194363.605701 -2410.387688 -0.628128 -0.354042 0.692899 -0.264331 0.934622 0.237931 -0.731837 -0.033704 -0.680646
264.429890 -161.654612 -123606.420090 39002.591306 -0.639877 -0.344175 0.687096 -0.035757 0.906467 0.420761 -0.767645 0.244666 -0.592334
10.213094 -96.249424 -7002.738107 -4853.938506 0.460003 0.571523 -0.679528 0.413548 0.539327 0.733556 -0.785732 0.618456 -0.011740
3.756843 -14.083379 -925.503346 -403.223131 0.172536 -0.223465 0.959320 0.777135 0.629296 0.006819 -0.605221 0.744345 0.282238
15.383191 -112.162543 -3342.890409 11586.399253 -0.742062 -0.113343 0.660680 0.135723 0.939783 0.313666 -0.656448 0.322429 -0.681994
21.603403 -97.084710 -4268.475910 5376.828868 -0.730128 -0.099175 0.676075 0.284675 0.855311 0.432902 -0.621187 0.508535 -0.596254
20.745549 -102.102313 -2053.790170 7013.644939 -0.705450 -0.130688 0.696607 0.153793 0.931210 0.330447 -0.691872 0.340247 -0.636824
15.899141 -123.637172 116.762543 14063.063095 -0.697913 -0.161317 0.697778 0.023737 0.968556 0.247659 -0.715789 0.189407 -0.672139
-46.318720 -800.090274 14224.293053 242656.411479 0.779908 0.489746 -0.389734 -0.136343 0.740666 0.657894 0.610864 -0.459959 0.644425
347.886002 -164.833561 -56690.227396 58947.742265 -0.575415 0.812755 0.091249 0.771165 0.576334 -0.270450 0.272399 0.085253 0.958400
40.745477 -3161.836371 -13055.892186 -2005077.473726 -0.524826 -0.822311 0.219914 0.807956 -0.399935 0.432735 -0.267892 0.404791 0.874287
165.565437 -1981.748189 -138101.518614 663635.373259 0.848596 0.276422 -0.451083 -0.527460 0.376187 -0.761755 0.040874 -0.884350 -0.465032
-8.939984 -1411.741855 15457.741450 559866.537352 0.731854 0.384382 -0.562708 -0.581521 -0.078231 -0.809761 0.355279 -0.919853 -0.166273
153.175986 -521.928930 -67561.531686 376176.813512 0.723909 0.328663 -0.606578 -0.063860 0.907379 0.415434 0.686934 -0.262000 0.677848
31.343055 23.947112 2846.328116 19085.187270 0.256978 0.897173 -0.359226 -0.363867 -0.254533 -0.895998 0.895300 -0.360963 -0.261042
57.547961 33.290850 25490.479018 2409.685686 -0.218176 0.074983 -0.973025 0.302250 0.953212 0.005685 0.927925 -0.292856 -0.230631
56.354356 28.908800 22303.216461 3680.777407 -0.184784 0.010610 -0.982722 0.210978 0.977057 -0.029122 0.959866 -0.212714 -0.182783
-9.954179 -47.301920 -2554.589389 -328.214864 0.419151 0.869798 0.260314 0.636282 -0.076888 -0.767616 0.647656 -0.487380 0.585664
-5.549816 -45.673365 -2325.506893 1326.605104 0.378857 0.873427 0.305931 0.711850 -0.063786 -0.699429 0.591386 -0.482760 0.645914
-45.506546 -111.311257 3631.286700 4042.407848 -0.347294 -0.389728 0.852935 0.894986 -0.409308 0.177393 0.279978 0.824972 0.490951
-40.530394 -110.670843 3485.206179 2855.774045 -0.324574 -0.478972 0.815621 0.923197 -0.348056 0.162988 0.205815 0.805880 0.555156
-37.519660 -103.817231 2018.578251 6480.830925 -0.339163 -0.448070 0.827165 0.833224 -0.551259 0.043034 0.436700 0.703809 0.560309
-33.805924 -90.906454 -787.599329 -7778.781351 0.341906 0.411197 -0.844995 -0.703426 0.708230 0.060020 0.623131 0.573871 0.531395
-39.962548 -103.246821 1926.363646 7397.259371 -0.368836 -0.348075 0.861861 0.781087 -0.618692 0.084401 0.503848 0.704318 0.500073
-26.234401 -41.597637 4993.896942 -1308.655958 0.450397 0.860024 -0.239793 0.555099 -0.480095 -0.679245 0.699291 -0.172821 0.693632
-9.749259 -35.180106 2970.729274 -1078.225570 0.270293 0.954794 -0.123735 0.682203 -0.280623 -0.675167 0.679368 -0.098080 0.727213
-47.418337 -70.227140 -4238.583317 207.632920 -0.403031 0.855330 0.325540 -0.815359 -0.497133 0.296730 -0.415639 0.145841 -0.897761
-46.722436 -57.812088 -724.927236 -7875.992657 -0.284843 0.912434 0.293818 -0.923769 -0.343134 0.170028 -0.255958 0.222988 -0.940618
1.904930 -118.970736 978.576364 -16673.185441 0.051924 -0.948935 -0.311170 0.996874 0.030672 0.072809 -0.059547 -0.313978 0.947561
5.109090 -135.385985 1083.665544 -23483.617792 0.064430 -0.950664 -0.303459 0.995095 0.084079 -0.052122 0.075065 -0.298613 0.951418
1.892612 -138.815310 863.612872 -14810.036308 0.054843 -0.949725 -0.308246 0.991368 0.088611 -0.096633 0.119089 -0.300285 0.946386
-27.849922 -358.760453 -6128.918924 -76974.725503 -0.682020 -0.201885 -0.702916 0.331572 0.771325 -0.543248 0.651850 -0.603573 -0.459119
-7.329672 -257.470884 3963.219128 -52163.522881 0.692708 0.190910 0.695491 0.381560 0.721312 -0.578031 0.612019 -0.665779 -0.426815
-21.975983 -382.150022 3204.587113 -112302.520102 0.706174 0.163065 0.689005 0.586268 0.410965 -0.698139 0.396999 -0.896949 -0.194613
-37.748714 -59.716011 -1752.243161 -613.227657 0.689347 -0.253366 -0.678680 0.542981 0.800874 0.252532 -0.479554 0.542593 -0.689653
3.405483 -12.921095 -491.216275 5626.750526 0.464547 0.630942 -0.621377 0.539632 0.354660 0.763553 -0.702135 0.690021 0.175720
5.707961 -19.749395 1060.770549 4582.446103 0.558918 0.654847 -0.508710 0.443709 0.282083 0.850618 -0.700523 0.701145 0.132900
1.829598 -6.983265 622.142334 4041.528471 0.657103 0.696707 -0.287777 0.341718 0.064966 0.937554 -0.671896 0.714408 0.195388
7.383078 -30.925410 66.333633 4448.137081 0.521113 0.658688 -0.542744 0.429003 0.347590 0.833749 -0.737833 0.667317 0.101446
4.945047 -18.673969 218.342272 4871.032015 0.418222 0.595048 -0.686300 0.558930 0.426995 0.710825 -0.716022 0.680877 0.154011
28.064387 -106.420567 10774.399230 12125.614880 -0.171096 0.424800 0.888972 0.914006 -0.268442 0.304191 0.367857 0.864572 -0.342340
17.882038 -86.848231 9445.016853 10533.413319 -0.158909 0.431816 0.887853 0.848400 -0.400203 0.346490 0.504942 0.808315 -0.302756
1.440994 -84.029472 3460.500727 11857.011491 -0.056298 0.409990 0.910351 0.796381 -0.531488 0.288614 0.602170 0.741234 -0.296587
-9.802839 -46.755789 -1810.572500 542.171753 0.817325 0.444603 0.366481 -0.237277 0.839341 -0.489087 -0.525052 0.312785 0.791508
-9.325586 -45.743785 -868.569179 -113.709676 0.819948 0.466583 0.331640 -0.346163 0.865562 -0.361902 -0.455912 0.181939 0.871230
-13.425615 -46.488356 -1194.803014 -460.334522 0.832250 0.456375 0.314773 -0.330171 0.864110 -0.379871 -0.445361 0.212219 0.869837
9.717813 -156.291250 18445.151963 16158.718608 0.226571 0.852608 -0.470878 0.834709 0.079162 0.544971 0.501922 -0.516521 -0.693744
-32.356936 -142.952383 356.289388 -3134.295863 0.144042 0.826023 -0.544921 0.955393 0.027391 0.294064 0.257830 -0.562971 -0.785231
-0.757709 -109.046874 143.181338 -12801.890743 -0.518388 0.563326 -0.643380 0.618580 -0.272465 -0.736968 -0.590452 -0.780017 -0.207220
-2.239313 -120.531061 -121.588342 -5086.039000 -0.492248 0.550965 -0.673891 0.790777 -0.040525 -0.610761 -0.363817 -0.833544 -0.415742
-1.141967 -111.881775 28.761195 -13431.046104 -0.507093 0.555632 -0.658885 0.628128 -0.285223 -0.723949 -0.590179 -0.780974 -0.204374
21.933999 -46.647583 1336.292092 64.613217 0.102690 0.969998 0.220360 -0.752084 0.220700 -0.621016 0.651018 0.101957 -0.752184
29.831085 -56.395706 -8405.483639 3145.218944 -0.390846 -0.580571 0.714267 0.366979 0.613364 0.699365 -0.844136 0.535465 -0.026674
32.839680 -53.288281 -12132.241917 1480.949977 -0.287244 -0.520937 0.803813 0.468707 0.655404 0.592249 -0.835347 0.546873 0.055906
-1.671452 -123.242574 928.408187 -8920.784953 0.924282 0.077560 0.373749 0.381701 -0.180492 -0.906492 0.002849 -0.980514 0.196430
-6.779469 -148.462871 -1788.645363 -6707.042845 0.923988 0.056071 0.378290 0.379929 -0.021819 -0.924758 0.043598 -0.998188 0.041464
-8.510626 -133.725235 -2988.828110 -10870.888062 0.933155 0.049255 0.356084 0.352448 -0.320260 -0.879326 -0.070728 -0.946048 0.316212
-13.747491 -87.035190 -989.808330 -3731.452270 -0.359399 0.683839 -0.634977 0.505850 -0.429034 -0.748362 0.784186 0.590164 0.191726
-18.186109 -79.500327 1110.097795 -1742.120528 0.402803 -0.649426 0.644977 0.610524 -0.334363 -0.717956 0.681916 0.682970 0.261807
-50.934577 -128.832354 -5708.602060 -14232.700373 0.961035 0.037078 -0.273930 -0.216401 0.717505 -0.662085 -0.171997 -0.695566 -0.697571
-36.964313 -125.860444 -6516.986976 2071.279533 0.931206 0.012479 -0.364279 -0.251571 0.745205 -0.617561 -0.263756 -0.666719 -0.697079
-52.272418 -141.964143 -8308.572524 -14720.663618 0.959269 -0.073310 -0.272816 -0.091375 0.833304 -0.545210 -0.267308 -0.547932 -0.792664
-41.844712 -112.847190 -2674.635730 732.121950 0.924604 0.132855 -0.357012 -0.360163 0.610112 -0.705723 -0.124059 -0.781097 -0.611962
-54.117905 -143.208765 -2057.651103 -17862.993517 0.984111 0.025009 -0.175782 -0.119504 0.825513 -0.551586 -0.131316 -0.563829 -0.815385
-52.197885 -141.705517 -193.290140 -17955.948621 0.986963 0.092569 -0.131660 -0.157328 0.727354 -0.667985 -0.033929 -0.679990 -0.732436
-48.646495 -122.235517 -2394.294726 -7814.307027 0.964968 0.107477 -0.239343 -0.253743 0.614257 -0.747196 -0.066712 -0.781752 -0.620011
17.702172 -157.573830 -3240.101241 996.463898 0.876090 0.173210 0.449961 0.466629 -0.539474 -0.700875 -0.121344 -0.823994 0.553452
8.531198 -143.041596 -871.473911 2357.440824 0.898100 0.125996 0.421356 0.435912 -0.381993 -0.814900 -0.058281 -0.915536 0.397991
5.027362 -126.577964 -693.722026 -313.125594 0.883331 0.130368 0.450257 0.459812 -0.427668 -0.778250 -0.091102 -0.894486 0.437717
-5.463032 -32.633598 -528.762610 -875.535397 -0.663212 0.482135 -0.572447 0.369962 0.876072 0.309236 0.650598 -0.006695 -0.759393
-4.461025 -36.431338 -3457.208221 -442.181431 -0.668676 0.417919 -0.614992 0.331099 0.907928 0.256983 0.665767 -0.031785 -0.745482
-10.103511 -39.354313 -223.877744 -1580.829151 -0.731115 0.266807 -0.627921 0.139378 0.959362 0.245354 0.667865 0.091863 -0.738591
2.706742 -30.285157 -3086.840941 1050.468502 -0.583156 0.601004 -0.546556 0.506814 0.794969 0.333412 0.634877 -0.082571 -0.768188
-12.345795 -35.711553 1396.009117 -2646.869298 -0.689743 0.434715 -0.579031 0.289649 0.898592 0.329599 0.663595 0.059623 -0.745713
2.527183 -27.458115 -213.363985 155.098142 -0.550502 0.681587 -0.482065 0.562525 0.729514 0.389069 0.616857 -0.056990 -0.785009
-6.564390 -30.560712 921.645332 -2144.181732 -0.582542 0.649207 -0.489054 0.500018 0.760604 0.414082 0.640802 -0.003316 -0.767699
54.261037 -644.908230 -8899.089550 -177682.027287 0.833394 -0.076112 -0.547413 -0.552668 -0.120811 -0.824598 0.003371 -0.989753 0.142748
22.209655 -392.709811 -7856.162399 -66669.573613 0.809740 -0.136256 -0.570750 -0.586382 -0.224127 -0.778411 0.021857 -0.964988 0.261382
27.173452 -1083.910926 -8913.571182 -336903.266277 0.844942 -0.106052 -0.524238 -0.506421 -0.473966 -0.720343 0.172077 -0.874134 0.454180
72.879670 -742.740717 -34885.737924 -206769.612721 0.767796 -0.168207 -0.618219 -0.637110 -0.098530 -0.764449 -0.067673 -0.980815 0.182817
-71.283649 -99.563498 -1966.176945 10758.835758 0.857749 0.190793 -0.477352 0.505096 -0.485528 0.713541 0.095629 0.853148 0.512829
