10439
20859
-43.270993 -62.808063 -2050.383762 7014.031247 -0.138909 0.990027 0.023461 0.007227 0.024704 -0.999669 0.990279 0.138694 0.010586
-49.123487 -69.222850 676.764600 4503.805873 -0.195673 0.944618 -0.263454 0.194094 -0.226029 -0.954588 0.961270 0.237922 0.139117
-54.859909 -77.807152 1034.857820 7388.857242 -0.218722 0.952349 0.212584 0.148258 0.247763 -0.957409 0.964459 0.177889 0.195385
-43.212131 -55.415407 239.023377 4672.007760 -0.205172 0.827821 -0.522127 0.094142 -0.514311 -0.852421 0.974188 0.224047 -0.027590
-41.258430 -81.597192 -2902.077124 9868.155338 -0.125945 0.952019 0.278922 0.109066 0.292744 -0.949950 0.986024 0.089220 0.140703
-22.263619 -76.924772 -6898.663575 12281.739498 -0.014569 0.977514 0.210369 0.004426 0.210452 -0.977594 0.999884 0.013311 0.007393
-31.716367 -53.395129 -4388.050510 8280.102007 -0.036218 0.998824 0.032227 -0.127084 0.027383 -0.991514 0.991230 0.040006 -0.125943
-37.605832 -46.079960 -551.333305 4471.326613 -0.180991 0.809167 -0.559008 -0.016529 -0.570818 -0.820910 0.983346 0.139338 -0.116688
-17.075401 -45.436995 2795.815002 5157.309884 -0.053436 0.860439 -0.506744 -0.466277 -0.470248 -0.749302 0.883023 -0.196243 -0.426331
-9.487316 -40.510651 5233.709266 -1899.665317 -0.163847 0.753689 -0.636480 -0.499056 -0.619875 -0.605556 0.850939 -0.218421 -0.477697
-1.070698 -35.365296 7133.568757 -570.271384 -0.247890 0.668312 -0.701362 0.445513 0.721506 0.530045 0.860272 -0.181074 -0.476596
2.736270 -128.827728 -585.207673 -6164.126738 0.813735 -0.315907 -0.487892 0.126446 0.915515 -0.381896 0.567316 0.249070 0.784931
3.183055 -150.981389 -659.789490 -2888.007930 0.808597 -0.316713 -0.495847 -0.085840 0.770236 -0.631956 0.582068 0.553561 0.595623
5.038121 -144.071086 -394.950584 -4766.856881 0.808455 -0.334241 -0.484441 -0.018922 0.807913 -0.588998 0.588254 0.485345 0.646837
3.779664 -130.249040 -338.611075 -6155.341688 0.804586 -0.348432 -0.480871 0.150618 0.903029 -0.402309 0.574418 0.251264 0.779044
-0.497930 -113.389380 -449.756665 -10575.184932 0.812064 -0.335219 -0.477683 0.298987 0.941953 -0.152745 0.501158 -0.018782 0.865152
1.433944 -113.781266 -358.900535 -7073.074671 0.824840 -0.303493 -0.477002 0.281139 0.952176 -0.119672 0.490510 -0.035393 0.870717
0.615972 -123.528580 -83.355579 -10735.070590 0.814255 -0.304806 -0.494047 0.211180 0.948280 -0.236998 0.540733 0.088644 0.836510
12.027934 -45.201374 4033.998024 -208.108303 0.258847 0.907770 0.330079 0.921898 -0.130191 -0.364902 -0.288274 0.398753 -0.870571
14.666524 -43.615200 3663.370246 -783.400015 0.276954 0.910171 0.308035 0.873646 -0.105054 -0.475085 -0.400048 0.400690 -0.824263
19.807725 -47.147140 965.972937 449.626756 0.223220 0.939938 0.258244 0.931523 -0.127660 -0.340539 -0.287118 0.316575 -0.904070
14.867807 -47.347920 4194.944325 -440.155019 0.227989 0.914655 0.333806 0.957621 -0.148665 -0.246700 -0.176020 0.375905 -0.909787
-8.781636 -62.447153 -645.700151 -147.067471 0.314631 0.922243 -0.224667 -0.007450 -0.234281 -0.972140 0.949185 -0.307540 0.066841
-9.082470 -66.214077 -213.808331 -2364.844864 0.287942 0.927465 -0.238532 -0.086054 -0.223014 -0.971009 0.953774 -0.300121 -0.015597
-8.387648 -57.710608 87.910388 848.238757 0.281890 0.938192 -0.200833 0.003107 -0.210214 -0.977651 0.959442 -0.274966 0.062172
-8.297882 -56.822702 -256.860933 -1433.794208 0.298908 0.936210 -0.184838 0.161024 -0.240398 -0.957225 0.940598 -0.256358 0.222610
-7.582501 -54.152041 110.954500 -1633.734784 0.264828 0.948848 -0.171914 0.210016 -0.230753 -0.950077 0.941148 -0.215502 0.260383
5.821863 -67.011390 95.925745 1765.808580 0.125270 0.978094 -0.166250 0.683583 0.036355 0.728967 -0.719042 0.204963 0.664055
4.664504 -68.441666 360.466185 982.479098 0.113761 0.975919 -0.186120 0.530072 0.098824 0.842174 -0.840287 0.194464 0.506065
5.417931 -70.395708 140.835729 1751.179232 0.105893 0.974563 -0.197519 0.579010 0.101057 0.809033 -0.808415 0.200037 0.553580
3.705804 -66.752967 -1158.493715 624.740289 0.086792 0.986840 -0.136432 0.542651 0.068018 0.837200 -0.835462 0.146697 0.529606
6.360198 -70.828492 175.055746 2082.037445 0.128414 0.973457 -0.189451 0.692357 0.048773 0.719905 -0.710036 0.223614 0.667717
6.885668 -65.462430 10.282562 1345.096174 0.145290 0.976341 -0.160154 0.781825 -0.014095 0.623339 -0.606334 0.215777 0.765376
6.683929 -61.609229 -394.919414 936.519970 0.141750 0.981619 -0.127793 0.804953 -0.039162 0.592045 -0.576158 0.186790 0.795708
5.466786 -63.962657 -1015.765516 1291.824093 0.106773 0.988602 -0.106142 0.699064 0.001271 0.715058 -0.707042 0.150549 0.690961
-4.705535 -127.573216 1687.258459 -2917.791652 -0.064822 -0.993434 0.094267 0.995330 -0.057594 0.077471 -0.071533 0.098848 0.992528
-8.199992 -116.450600 987.525158 616.384934 -0.109721 -0.984240 0.138685 0.991508 -0.118179 -0.054273 0.069807 0.131553 0.988848
-9.062505 -115.102751 -1281.357838 -4724.645093 0.078836 0.988540 -0.128739 0.977660 -0.051427 0.203803 -0.194847 0.141930 0.970510
-7.541460 -121.269342 -2548.166520 -7106.973255 0.036771 0.995618 -0.085978 0.943578 -0.006257 0.331090 -0.329101 0.093302 0.939674
-10.604645 -108.185388 -804.171977 -4341.841812 0.062120 0.986501 -0.151516 0.916284 0.003816 0.400511 -0.395683 0.163712 0.903678
4.066062 -78.230813 1358.312657 -2394.085477 0.210456 0.962200 -0.172856 0.386458 -0.244298 -0.889364 0.897975 -0.120370 0.423264
10.710595 -84.450790 1813.328347 -2304.822583 0.239605 0.959691 -0.146908 0.359722 -0.228301 -0.904698 0.901770 -0.163925 0.399925
6.136157 -77.434676 883.040462 307.034953 0.239831 0.952808 -0.186112 0.536670 -0.289872 -0.792439 0.808991 -0.090170 0.580864
2.461098 -73.028550 236.182213 -429.811017 0.244110 0.947867 -0.204836 0.512673 -0.305436 -0.802418 0.823151 -0.090864 0.560506
3.864501 -75.299577 149.104951 2321.897705 0.263818 0.939182 -0.219856 0.632114 -0.340503 -0.696053 0.728582 -0.044658 0.683501
8.712807 -80.953979 410.617896 1801.753911 0.277528 0.941619 -0.190610 0.666167 -0.331573 -0.668043 0.692243 -0.058423 0.719296
5.738098 -79.217662 1252.821251 1494.564836 0.249884 0.939872 -0.232805 0.670762 -0.341423 -0.658413 0.698309 -0.008370 0.715747
8.116921 -52.346264 1014.444465 -7392.567135 -0.348700 0.701922 -0.621059 0.186538 -0.597416 -0.779934 0.918484 0.387814 -0.077384
16.779934 -53.114899 3294.548112 7057.617875 -0.282385 0.583861 -0.761160 -0.268881 0.713475 0.647036 0.920848 0.387375 -0.044486
4.731681 -35.392152 1523.592488 6489.241138 -0.296270 0.587755 -0.752840 -0.355807 0.663571 0.658084 0.886355 0.462837 0.012531
17.330256 -65.944335 2735.881747 -5699.677861 -0.360802 0.701222 -0.614906 0.022915 -0.652451 -0.757484 0.932361 0.287393 -0.219337
1.575865 -32.593264 -280.409652 -5297.071445 -0.363611 0.710805 -0.602116 0.261175 -0.542648 -0.798323 0.894189 0.447537 -0.011668
6.117325 -49.158691 -760.924335 -7436.409339 -0.368077 0.764500 -0.529206 0.146043 -0.514563 -0.844924 0.918254 0.388284 -0.077749
10.967661 -160.024233 17.463720 -2153.019119 0.807847 -0.369488 -0.459197 0.499976 0.017046 0.865872 0.312102 0.929079 -0.198505
11.175493 -142.808229 -103.132525 -2542.235257 0.803017 -0.392506 -0.448445 0.476113 -0.030059 0.878870 0.358442 0.919258 -0.162739
10.457760 -159.485564 14.698159 2060.802035 0.806599 -0.372881 -0.458648 0.357161 -0.310815 0.880812 0.470993 0.874273 0.117525
12.151184 -146.485823 -170.088331 -4838.228129 0.807019 -0.381909 -0.450405 0.557479 0.241147 0.794396 0.194773 0.892185 -0.407517
10.521421 -160.128438 -316.308245 -5956.205847 0.822008 -0.347172 -0.451413 0.562261 0.369001 0.740068 0.090359 0.862154 -0.498523
5.397503 -32.327580 5611.732204 252.668284 -0.086899 0.994654 -0.055791 0.189700 -0.038457 -0.981089 0.977989 0.095839 0.185344
19.124668 -32.659842 10340.981122 1405.631303 -0.157400 0.983647 0.087548 0.273580 0.128617 -0.953211 0.948883 0.126084 0.289350
-4.834479 -36.592116 5349.400089 479.033679 -0.070477 0.988597 -0.133078 0.200993 -0.116599 -0.972629 0.977054 0.095296 0.190483
-3.431381 -34.909668 3645.068088 -1130.391987 -0.040923 0.966460 -0.253535 0.163704 -0.243833 -0.955901 0.985660 0.080623 0.148235
-4.339571 -36.504780 2600.605228 -1712.998565 -0.039957 0.974541 -0.220622 0.102097 -0.215660 -0.971116 0.993972 0.061328 0.090880
-3.269829 -267.658289 -952.077120 -30272.627866 -0.953573 0.077195 0.291099 0.122946 0.982160 0.142289 -0.274922 0.171472 -0.946052
0.749311 -322.711906 2538.353116 -33249.107962 0.940576 -0.124375 -0.315986 0.284114 0.797891 0.531648 -0.185998 0.589832 -0.785814
-3.755137 -325.030727 2215.784394 -6229.257190 0.952858 -0.061767 -0.297063 0.139009 0.959133 0.246457 -0.269700 0.276133 -0.922503
-3.570515 -222.423562 1199.401254 -14530.430637 0.937488 -0.129810 -0.322901 0.228086 0.929962 0.288353 -0.262855 0.343976 -0.901436
-4.213099 -246.972465 -1655.944614 -14333.144806 -0.957952 0.048285 0.282838 0.008100 0.989897 -0.141557 -0.286815 -0.133313 -0.948665
-5.721096 -225.380431 -2296.134974 -13760.316850 -0.957078 0.039648 0.287107 -0.012252 0.984179 -0.176751 -0.289572 -0.172682 -0.941450
-5.534806 -197.261484 291.232318 -11696.307353 -0.941666 0.073216 0.328490 0.059025 0.996850 -0.052981 -0.331334 -0.030501 -0.943020
-12.079556 -31.784918 -1586.630232 766.573315 0.654941 0.753558 0.056597 -0.598304 0.562838 -0.570303 0.461611 -0.339653 -0.819482
-14.925139 -30.758939 -3246.586260 -362.885311 0.406093 0.902454 -0.143755 -0.824836 0.294266 -0.482756 0.393362 -0.314618 -0.863876
-17.871676 -30.164019 -1253.855787 1864.707332 -0.778001 -0.589462 -0.217368 -0.453316 0.766238 -0.455395 0.434994 -0.255762 -0.863346
565.295151 -13776.064239 -122306.094347 -4283350.330118 0.749330 -0.411433 -0.518871 -0.008140 0.777778 -0.628487 0.662146 0.475168 0.579463
-135.508416 -5823.089538 -22065.663432 58483.757637 0.849890 -0.371198 -0.374030 0.510581 0.404482 0.758749 0.130357 0.835827 -0.533292
86.064168 -512.332689 14527.002327 177722.052541 0.968915 -0.190795 -0.157481 0.242459 0.858840 0.451229 -0.049158 0.475386 -0.878403
109.219357 -21.450497 35281.169324 11010.458989 0.387761 0.357420 0.849643 0.758336 -0.647692 -0.073626 0.523992 0.672864 -0.522194
30.966935 -228.807081 29464.887636 57406.722200 0.540450 0.017229 -0.841200 0.388330 0.881825 0.267553 0.746400 -0.471263 0.469892
183.298846 -5533.854120 -28994.778343 -3773770.171421 0.905611 -0.015197 -0.423837 -0.397844 0.315786 -0.861394 -0.146932 -0.948709 -0.279933
11.992458 -34.025250 -1403.241379 2769.110706 0.319891 -0.140663 -0.936954 -0.285327 0.928706 -0.236840 0.903470 0.343101 0.256950
9.499232 -20.615294 -987.305965 3948.315784 0.301439 -0.124871 -0.945273 -0.410000 0.878077 -0.246740 0.860833 0.461939 0.213490
11.880864 -29.735893 1316.068803 3179.785654 0.213065 -0.086133 -0.973234 -0.349974 0.923282 -0.158330 0.912207 0.374341 0.166575
17.743559 -45.200714 463.750987 2968.571656 0.218631 -0.116110 -0.968875 -0.218009 0.961987 -0.164480 0.951143 0.247184 0.185007
-1.736913 -14.984438 -468.804356 1259.941831 -0.199252 0.338948 0.919463 0.405445 0.882717 -0.237540 -0.892139 0.325462 -0.313308
-0.538043 -18.341878 -509.057292 1509.739776 -0.187394 0.377917 0.906677 0.397795 0.873149 -0.281725 -0.898133 0.307878 -0.313956
-1.018476 -18.490297 -313.193420 1449.225721 -0.230846 0.258589 0.937999 0.346128 0.922801 -0.169215 -0.909343 0.285605 -0.302530
-3.363859 -13.568317 -290.124920 1239.708416 -0.241624 0.215379 0.946166 0.385697 0.916042 -0.110025 -0.890424 0.338349 -0.304409
4.299044 -171.225756 1703.618838 30643.474865 -0.552423 0.806666 0.210044 0.718114 0.332608 0.611297 0.423250 0.488530 -0.763019
11.397457 -136.661027 786.190430 -17386.830717 -0.520339 0.837111 0.168797 -0.637802 -0.249522 -0.728661 0.567852 0.486810 -0.663747
-17.891567 -247.556771 -3122.810969 54165.230812 0.678015 -0.720604 -0.145001 0.595937 0.423416 0.682333 0.430297 0.549043 -0.716517
20.908595 -130.438563 -395.477600 -4622.263446 -0.397181 0.896580 0.195937 -0.772728 -0.211530 -0.598453 0.495114 0.389100 -0.776829
-64.376891 -1873.492471 -3270.283080 548357.966953 0.708598 -0.683538 -0.175114 0.668010 0.569916 0.478497 0.227270 0.456040 -0.860451
-8.547961 -1442.720569 4766.287686 394287.279994 -0.620920 0.761124 0.187480 0.735670 0.483247 0.474618 0.270644 0.432623 -0.859994
11.049531 -15.703548 -1387.989561 -100.077292 0.235612 0.941040 -0.242758 0.810810 -0.328053 -0.484736 0.535793 0.082621 0.840297
10.324109 -18.460280 -1109.631430 2283.728454 0.192721 0.953445 -0.231951 0.831772 -0.284142 -0.476885 0.520590 0.101024 0.847809
11.345987 -15.328726 1110.786344 694.513289 0.180461 0.942279 -0.282034 0.823470 -0.301552 -0.480586 0.537895 0.145520 0.830357
10.680744 -16.574288 828.428040 -1349.110753 0.198703 0.936293 -0.289607 0.802706 -0.325017 -0.500027 0.562299 0.133113 0.816150
-8.976813 -46.992276 -2066.467466 858.300105 -0.535379 0.386789 -0.750842 0.780313 -0.113703 -0.614967 -0.323236 -0.915132 -0.240942
-13.475142 -48.828633 -40.512435 313.570291 -0.438334 0.392239 -0.808710 0.753286 -0.330528 -0.568605 -0.490330 -0.858429 -0.150586
-13.540199 -50.727740 740.844296 -34.127502 -0.380710 0.429091 -0.819110 0.821305 -0.250099 -0.512745 -0.424873 -0.867947 -0.257199
-8.176672 -46.584434 -3657.690815 556.852056 -0.589849 0.350145 -0.727652 0.717504 -0.186178 -0.671212 -0.370494 -0.918007 -0.141413
-6.657792 -45.087515 -1681.426609 1342.594175 -0.448107 0.402229 -0.798381 0.855775 -0.065287 -0.513213 -0.258553 -0.913208 -0.314962
0.343105 -43.293626 -4248.819885 1777.838565 -0.582821 0.357714 -0.729630 0.790956 0.043872 -0.610298 -0.186302 -0.932800 -0.308505
0.216793 -44.907587 -4334.507681 464.471229 -0.655844 0.353070 -0.667241 0.707677 -0.020145 -0.706249 -0.262796 -0.935380 -0.236648
10.008092 -46.123035 6022.049237 3319.966363 -0.654192 0.626229 -0.424110 0.719880 0.687536 -0.095224 0.231959 -0.367603 -0.900590
-2.282597 -53.886405 -3542.329111 2274.095663 0.712955 -0.565373 0.414787 0.689890 0.671422 -0.270636 0.125487 -0.479109 -0.868739
15.839628 -46.902478 7157.792478 2050.939358 -0.637394 0.658253 -0.400539 0.751875 0.645036 -0.136428 0.168558 -0.388114 -0.906066
-3.320875 -48.060748 -2728.023020 3403.895770 0.688786 -0.578572 0.436839 0.672038 0.735576 -0.085402 0.271917 -0.352395 -0.895477
261.999156 -45.729493 93566.123601 1160.448141 -0.494191 0.768396 -0.406623 0.831722 0.554018 0.036092 0.253009 -0.320361 -0.912883
34.327892 -44.366461 16032.351251 -2641.852840 -0.569227 0.707005 -0.419672 -0.756072 -0.650665 -0.070641 0.323009 -0.277092 -0.904923
-10.503877 -89.511643 -845.258806 -5860.408376 0.903838 -0.209309 0.373184 0.427872 0.439322 -0.789887 -0.001382 -0.873605 -0.486634
-6.433040 -85.727085 -711.342556 -2790.523569 0.872243 -0.260946 0.413641 0.488846 0.490894 -0.721147 0.014873 -0.831222 -0.555742
-4.338567 -93.549781 -381.246830 315.821231 0.852455 -0.287630 0.436566 0.508795 0.648428 -0.566277 0.120204 -0.704848 -0.699100
-13.711694 -106.548805 -294.748744 -9353.603541 0.920488 -0.183735 0.344883 0.390086 0.379773 -0.838812 -0.023142 -0.906650 -0.421249
-55.074339 -292.452102 -4366.264693 80628.612888 0.798844 0.048806 -0.599555 -0.592701 0.234083 -0.770656 -0.102733 -0.970991 -0.215923
-6.317554 -103.970305 883.417195 -2813.610577 0.877820 -0.234876 0.417451 0.471506 0.577182 -0.666740 0.084344 -0.782108 -0.617408
-2.126230 -144.917479 -691.493037 -12103.123079 0.451256 0.696891 0.557414 0.890601 -0.312102 -0.330792 -0.056556 0.645705 -0.761489
-2.049781 -160.499118 -1550.856700 -7989.719496 0.406770 0.712398 0.571863 0.863903 -0.096460 -0.494335 -0.297002 0.695115 -0.654679
-2.520674 -127.896303 -545.351737 -5329.147065 0.406087 0.706491 0.579624 0.876827 -0.122559 -0.464924 -0.257426 0.697029 -0.669240
-3.624716 -128.353468 -898.591546 1372.420775 0.346219 0.707995 0.615529 0.817096 0.094813 -0.568652 -0.460963 0.699824 -0.545674
-3.283389 -137.012343 -97.942634 -16616.267265 0.466249 0.664984 0.583446 0.881510 -0.293679 -0.369719 -0.074512 0.686694 -0.723117
-3.592455 -116.930403 -96.230891 -4697.191048 0.389609 0.689054 0.611073 0.871251 -0.060678 -0.487073 -0.298541 0.722166 -0.623979
-1.843647 -38.824278 941.984216 -190.152414 0.728690 -0.399808 0.556025 0.442824 -0.344267 -0.827881 -0.522415 -0.849490 0.073820
-1.140613 -34.274254 -595.079864 -1386.715190 0.744163 -0.459760 0.484605 0.381127 -0.303566 -0.873264 -0.548601 -0.834547 0.050676
-3.425508 -38.372928 904.665392 2046.835265 0.668871 -0.339865 0.661138 0.486483 -0.472356 -0.734993 -0.562091 -0.813248 0.150607
-3.316272 -41.519537 385.759723 3639.825990 0.654192 -0.353762 0.668495 0.519079 -0.432837 -0.737027 -0.550082 -0.829159 0.099528
-6.013993 -40.816025 761.349009 2837.195267 0.688092 -0.368754 0.624940 0.396838 -0.529799 -0.749555 -0.607493 -0.763763 0.218215
-5.625434 -43.628086 490.007938 1645.045253 0.625828 -0.304419 0.718101 0.427514 -0.636177 -0.642270 -0.652358 -0.708949 0.267994
-11.905820 -45.377120 -1718.857314 -279.460413 -0.611583 0.550875 -0.567894 -0.130130 0.637966 0.758989 0.780405 0.538085 -0.318484
-20.892436 -45.051688 -3325.911665 273.995423 -0.627357 0.479790 -0.613371 -0.141549 0.704275 0.695673 0.765759 0.523257 -0.373918
-17.659362 -45.119789 -2037.052198 -672.709332 -0.628871 0.517797 -0.580006 -0.194317 0.617637 0.762080 0.752836 0.591955 -0.287797
-14.043898 -47.186227 -1166.239802 1077.045269 -0.624982 0.573508 -0.529609 0.203129 -0.535584 -0.819688 0.753748 0.619869 -0.218234
-5.772683 -142.585947 -1143.365153 8753.046105 0.618448 -0.199361 0.760117 -0.200977 0.894987 0.398254 -0.759691 -0.399066 0.513436
-5.269878 -132.711684 -1420.195673 6223.471988 0.604039 -0.199904 0.771476 -0.059942 0.953892 0.294103 -0.794697 -0.223893 0.564206
-3.592749 -139.091185 -1067.555601 4818.006388 0.601999 -0.190211 0.775511 -0.253712 0.875320 0.411638 -0.757118 -0.444562 0.478682
-3.103616 -130.771846 -315.422205 7866.967378 0.611669 -0.197909 0.765959 -0.018955 0.964259 0.264282 -0.790887 -0.176172 0.586056
-5.888280 -61.142611 454.756605 -3319.393761 0.441920 -0.141445 0.885833 0.541842 0.829086 -0.137927 -0.714922 0.540934 0.443031
-7.722029 -58.091032 1646.450394 -3318.835885 0.433704 -0.136792 0.890611 0.512850 0.850168 -0.119165 -0.740868 0.508432 0.438875
-6.314969 -52.750971 622.217389 -881.223466 0.459783 -0.098788 0.882519 0.414938 0.902533 -0.115150 -0.785128 0.419136 0.455960
-9.883353 -49.972066 1360.429346 -1802.987630 0.432040 -0.101174 0.896161 0.439054 0.891576 -0.111012 -0.787764 0.441425 0.429618
-7.648486 -57.812482 -607.536479 -1881.193253 0.443934 -0.137299 0.885478 0.487520 0.866140 -0.110117 -0.751829 0.480573 0.451445
-1428.103591 -3801.955895 -450026.205538 3331292.090386 0.795706 -0.429737 0.426823 0.184924 0.843417 0.504431 -0.576763 -0.322449 0.750580
-1005.599577 -6239.727303 -309966.321447 4478207.212890 0.711069 -0.429457 0.556729 0.640915 0.721504 -0.262029 0.289152 -0.543137 -0.788285
-631.594610 -4250.333557 -191652.675612 -4574573.804952 0.863358 -0.163516 0.477364 0.431088 -0.252665 -0.866212 -0.262253 -0.953637 0.147651
1102.751042 -68.562991 1979252.065837 860626.594280 -0.280810 -0.906043 0.316595 0.959734 -0.267674 0.085215 0.007535 0.327776 0.944725
-912.302033 -3631.076260 -246997.512429 986993.752106 0.706285 -0.543406 0.453731 -0.434824 0.172782 0.883784 0.558650 0.821497 0.114252
-9.686286 -39.810116 472.483651 -59.548005 0.577041 -0.371670 0.727245 -0.088090 0.856933 0.507845 -0.811951 -0.357110 0.461745
-10.888714 -38.952842 731.541438 -323.149479 0.549647 -0.360109 0.753797 -0.070445 0.879129 0.471350 -0.832421 -0.312177 0.457843
-9.283354 -38.097407 1268.568158 174.900174 0.555303 -0.337008 0.760305 -0.146195 0.860422 0.488161 -0.818697 -0.382230 0.428526
-3.096730 -16.124256 -601.687454 1551.261518 -0.286846 0.103160 0.952406 0.324087 0.946015 -0.004859 -0.901491 0.307268 -0.304794
-5.580224 -12.723813 -578.941080 1563.238449 -0.317730 -0.009636 0.948132 0.329533 0.936494 0.119948 -0.889076 0.350552 -0.294377
-37.416244 -120.845477 -1139.239991 -10872.925179 -0.537775 0.775907 0.329797 -0.749016 -0.619262 0.235563 -0.387006 0.120343 -0.914190
-44.132159 -137.543586 2175.401220 -7099.285519 -0.292248 0.861804 0.414589 -0.886227 -0.406983 0.221283 -0.359434 0.302750 -0.882695
-48.046101 -168.178277 1542.064814 34429.093863 -0.317725 0.876155 0.362496 -0.884324 -0.411745 0.220085 -0.342084 0.250637 -0.905627
-33.788220 -155.222759 4489.585236 -26785.841934 -0.306772 0.806460 0.505482 0.911039 0.402532 -0.089310 -0.275498 0.433116 -0.858202
-2.834224 -26.982877 -596.408836 -3910.060242 0.048575 0.997546 -0.050425 0.828580 -0.068436 -0.555673 0.557760 0.014790 0.829871
-0.912672 -22.078413 -481.497791 -2557.991081 0.033127 0.998798 -0.036116 0.855274 -0.047026 -0.516038 0.517117 0.013795 0.855804
1.258431 -19.497856 -1305.613687 -2412.839311 0.169512 0.978368 -0.118579 0.844657 -0.206217 -0.493992 0.507760 0.016420 0.861342
-60.330355 -78.782847 806.977525 2932.940142 -0.255934 0.961020 0.104584 0.335036 0.189663 -0.922919 0.906779 0.201167 0.370517
-44.575184 -60.029944 496.057543 4093.447478 -0.247097 0.750578 -0.612843 0.206249 -0.577222 -0.790111 0.946786 0.321633 0.012176
-46.335080 -69.105599 -227.013105 4221.240184 -0.240758 0.843365 -0.480387 0.295393 -0.407797 -0.863970 0.924542 0.349911 0.150944
-54.000528 -76.911512 1169.384989 3002.842376 -0.248151 0.923643 -0.292069 0.371877 -0.187571 -0.909134 0.894499 0.334216 0.296936
-2.012138 -169.142606 -3036.824319 6485.336150 0.840332 -0.269992 -0.470050 0.156443 -0.709443 0.687180 0.519007 0.650995 0.553929
4.431401 -159.921878 -1042.225517 2328.497027 0.812628 -0.322268 -0.485571 0.244228 -0.568182 0.785826 0.529139 0.757174 0.383014
7.311785 -159.671196 -598.436988 4401.775738 0.813217 -0.320493 -0.485759 0.205292 -0.623053 0.754759 0.544549 0.713505 0.440883
52.276945 -110.455886 9200.568791 -221.200169 0.238590 0.507118 0.828194 0.965762 -0.213371 -0.147571 0.101877 0.835047 -0.540664
29.783029 -108.344097 5858.788288 -6864.037237 0.219064 0.452262 0.864563 0.971893 -0.022841 -0.234311 -0.086222 0.891593 -0.444554
42.949601 -108.623218 9646.865525 -12346.143441 0.303601 0.490328 0.816949 0.920257 0.071273 -0.384770 -0.246890 0.868619 -0.429589
41.135582 -107.486129 2841.324989 8681.605013 0.145435 0.489831 0.859601 0.949207 -0.314113 0.018396 0.279023 0.813265 -0.510634
66.408609 -117.500760 9827.404963 -10277.579446 0.311932 0.611487 0.727174 0.941084 -0.093637 -0.324952 -0.130613 0.785695 -0.604668
73.975321 -118.214073 6685.832710 4823.601705 0.257510 0.638195 0.725531 0.938423 -0.344154 -0.030344 0.230329 0.688669 -0.687520
63.082097 -105.908480 3714.000922 11549.442277 0.154260 0.555082 0.817367 0.875446 -0.460300 0.147373 0.458038 0.692826 -0.556950
-7.538649 -68.025579 -997.474658 -2295.347581 0.341316 0.911560 -0.229264 -0.076241 -0.216258 -0.973355 0.936851 -0.349701 0.004314
-8.699912 -65.150157 -539.738457 -2391.603070 0.309119 0.919008 -0.244682 -0.162600 -0.202422 -0.965705 0.937020 -0.338303 -0.086858
3.241146 -70.482733 163.161423 -186.207012 0.099200 0.971102 -0.217072 0.402965 0.160256 0.901076 -0.909824 0.176859 0.375422
1.746181 -67.487531 -202.491318 -197.087472 0.093665 0.978086 -0.185943 0.366596 0.139760 0.919823 -0.925653 0.154321 0.345472
-8.082668 -106.193857 -185.565448 3684.171449 0.157680 0.971000 -0.179712 0.952333 -0.197655 -0.232368 0.261150 0.134506 0.955881
-7.409714 -102.918555 568.417416 3041.025673 0.183008 0.959909 -0.212327 0.957809 -0.222774 -0.181585 0.221606 0.170137 0.960179
-9.825736 -107.640935 80.771445 798.828735 -0.144965 -0.972447 0.182568 0.989319 -0.145304 0.011590 0.015258 0.182298 0.983125
5.472556 -92.422099 2212.437041 -5413.125016 0.201562 0.967916 -0.150040 0.187015 -0.188396 -0.964122 0.961456 -0.166271 0.218988
15.095529 -97.240127 3538.184915 -5344.257753 0.231005 0.964511 -0.127887 0.161186 -0.167563 -0.972595 0.959508 -0.204061 0.194173
20.920106 -87.281582 3814.006226 -2937.231036 0.256372 0.953812 -0.156577 0.289033 -0.230229 -0.929223 0.922352 -0.192971 0.334707
18.057190 -83.775968 3607.325482 -25.978701 0.260720 0.947697 -0.184107 0.438069 -0.286073 -0.852208 0.860303 -0.141536 0.489741
18.810071 -51.831216 5469.756996 6759.472694 -0.209146 0.481081 -0.851363 -0.385631 0.759486 0.523898 0.898636 0.437884 0.026676
8.766837 -36.389360 2202.435069 5817.078854 -0.208310 0.474142 -0.855451 -0.448597 0.730898 0.514344 0.869119 0.490895 0.060445
9.511115 -146.712747 882.546853 -228.370478 0.786209 -0.413899 -0.458872 0.329737 -0.347034 0.877976 0.522637 0.841579 0.136363
10.305388 -150.366404 379.742793 -3709.096411 0.795139 -0.420699 -0.436768 0.440226 -0.094915 0.892856 0.417080 0.902221 -0.109732
11.259274 -151.857247 87.714416 -6122.220417 0.802849 -0.412671 -0.430275 0.547618 0.225138 0.805871 0.235688 0.882618 -0.406738
50.089116 -35.377307 12264.933276 2154.269209 -0.147648 0.966312 0.210811 0.374182 0.251879 -0.892494 0.915526 0.052893 0.398766
42.189310 -30.123556 9216.146930 265.013198 -0.091138 0.971647 0.218166 0.310483 0.235882 -0.920847 0.946200 0.016188 0.323178
56.162251 -30.379925 5201.402519 462.380433 -0.006344 0.947089 0.320909 0.345239 0.303257 -0.888170 0.938493 -0.105156 0.328896
1.942183 -323.670315 504.630208 -9522.444150 0.948079 -0.089150 -0.305283 0.263932 0.756113 0.598859 -0.177441 0.648340 -0.740385
2.346512 -360.478141 875.627592 -23851.630100 0.926029 -0.117421 -0.358724 0.369382 0.477399 0.797275 -0.077638 0.870806 -0.485458
-2.074874 -267.372360 1610.848571 -22453.531807 0.920858 -0.173413 -0.349210 0.360619 0.719329 0.593734 -0.148236 0.672677 -0.724936
767.818895 -40831.167216 -389064.164904 25864541.186328 0.957061 -0.080574 -0.278462 0.262414 -0.167362 0.950331 0.123176 0.982597 0.139032
4.033182 -719.127084 246.151938 -40418.693030 0.935472 -0.067078 -0.346977 0.342056 0.418640 0.841272 -0.088827 0.905671 -0.414571
12.315625 -1018.215287 7420.212584 -354293.679013 0.890715 -0.109826 -0.441095 0.450084 0.077217 0.889641 0.063645 0.990947 -0.118209
3.850386 -368.459432 3149.102675 -6520.545921 0.953475 -0.098154 -0.285045 0.290060 0.556358 0.778672 -0.082157 0.825125 -0.558944
-4.406367 -699.422267 3145.353717 162264.528787 0.923674 -0.067000 -0.377276 0.291453 -0.516352 0.805255 0.248759 0.853751 0.457414
5.355094 -551.624245 1194.734037 -132126.838012 0.918785 -0.105308 -0.380453 0.392761 0.340686 0.854208 -0.039661 0.934261 -0.354378
383.109123 -5530.405805 -18161.251715 -2379818.690572 0.775588 -0.069369 -0.627417 0.619374 -0.108180 0.777607 0.121816 0.991708 0.040938
24294.062693 -75.421550 -35813808.712265 -69500.281587 0.387287 -0.001579 0.921958 0.856983 -0.368145 -0.360624 0.339984 0.929767 -0.141224
30.926247 -15518.737607 14638.051810 13381714.201492 0.869641 -0.247771 -0.427007 -0.037835 0.828943 -0.558051 -0.492233 -0.501460 -0.711508
12.045089 -7.789077 -1736.917311 -9296.841725 0.195802 -0.283748 -0.938695 0.331747 0.919952 -0.208884 0.922825 -0.270509 0.274261
12.797015 -12.165536 1151.262786 -10079.240627 0.345911 0.059600 -0.936373 0.234419 0.960841 0.147755 0.908512 -0.270614 0.318394
20.625023 -34.122953 -590.672638 -7798.584122 0.254361 -0.149788 -0.955439 0.214463 0.972072 -0.095300 0.943030 -0.180665 0.279381
20.120144 -0.469746 -7208.760416 -2495.336084 0.319358 0.911337 -0.259760 0.194846 -0.331406 -0.923149 0.927386 -0.244202 0.283408
16.554956 -30.930423 48.187245 -7356.017079 0.147982 -0.266913 -0.952291 0.284128 0.933774 -0.217570 0.947297 -0.238376 0.214019
22.858631 -0.621128 -6807.794087 1226.353384 0.189180 0.973319 0.129853 0.319566 0.064015 -0.945399 0.928487 -0.220347 0.298929
19.885849 -7.229881 -1623.355263 487.400770 0.073310 0.762887 0.642362 0.407158 0.565079 -0.717571 0.910411 -0.314147 0.269190
3.869817 -51.364726 744.922515 441.137202 0.128050 0.945408 -0.299677 -0.191679 0.320058 0.927805 -0.973069 0.061364 -0.222198
8.399318 -51.190821 911.715199 -113.691845 0.114225 0.926497 -0.358547 -0.246420 0.376054 0.893230 -0.962408 0.013676 -0.271263
6.257950 -51.027237 768.638812 829.176028 0.133217 0.935539 -0.327138 -0.305932 0.352778 0.884281 -0.942687 0.017719 -0.333207
21.381167 -169.465368 -220.442782 27624.116106 -0.460191 0.884886 0.072125 -0.586665 -0.242111 -0.772792 0.666370 0.397945 -0.630548
0.202092 -79.381000 -825.320687 -1279.028479 0.415785 0.886837 -0.201599 0.102604 -0.265994 -0.958499 0.903657 -0.377845 0.201590
0.711128 -80.257685 -1412.349240 -930.827398 0.421815 0.875362 -0.236248 -0.107056 -0.210656 -0.971681 0.900340 -0.435161 -0.004855
-1.286585 -82.200263 -2004.924670 -2505.484001 0.437135 0.871478 -0.222350 -0.067985 -0.214497 -0.974356 0.896823 -0.441042 0.034516
-1.073625 -77.519987 -478.389246 -1712.165342 0.406383 0.891967 -0.198111 0.145046 -0.277050 -0.949845 0.902116 -0.357266 0.241965
-0.822813 -12.525436 249.712180 -338.268719 -0.198409 -0.373598 0.906123 -0.272522 0.909075 0.315142 -0.941470 -0.184412 -0.282182
-0.194980 -7.303162 1337.349029 -1683.369273 -0.201337 -0.325644 0.923807 -0.306795 0.916631 0.256251 -0.930237 -0.231826 -0.284458
2.481556 -10.480265 1505.028910 -2187.521783 -0.116313 -0.589026 0.799700 -0.351786 0.777401 0.521436 -0.928826 -0.220673 -0.297633
-2.420332 -13.883348 359.592320 -57.885985 -0.138941 -0.536376 0.832464 -0.282043 0.827236 0.485934 -0.949288 -0.167275 -0.266218
-21.389313 -50.121586 2497.969259 -6858.429789 -0.356711 0.916429 -0.181426 0.596637 0.372914 0.710605 -0.718875 -0.145235 0.679798
-18.778752 -33.937757 3831.458976 -4375.832179 -0.372042 0.904802 -0.207168 0.514662 0.386820 0.765175 -0.772469 -0.178056 0.609581
-28.967090 -53.611234 3299.415638 -4625.676610 -0.327746 0.943057 -0.056803 0.651022 0.269006 0.709793 -0.684656 -0.195651 0.702116
-10.314291 -41.075980 3847.930259 -2545.253411 -0.444295 0.814217 -0.373701 0.457509 0.564849 0.686754 -0.770251 -0.134150 0.623472
8.468176 -24.263997 -2081.415953 3418.626723 0.215049 0.955296 -0.202886 0.855496 -0.284473 -0.432668 0.471042 0.080523 0.878428
9.181835 -25.480116 -1204.159827 3055.023639 0.186008 0.953689 -0.236387 0.865533 -0.272910 -0.419968 0.465032 0.126484 0.876212
10.024768 -18.062273 -1426.951737 2477.259138 0.251676 0.941795 -0.222892 0.816687 -0.330245 -0.473244 0.519308 0.062929 0.852267
-14.703966 -51.095971 1168.374912 -580.003683 -0.316786 0.400905 -0.859606 0.781599 -0.403101 -0.476038 -0.537354 -0.822669 -0.185650
-16.695795 -50.508635 1296.523163 -548.598073 -0.367047 0.412015 -0.833978 0.671235 -0.503378 -0.544108 -0.643987 -0.759509 -0.091796
-16.814587 -50.967360 114.597814 1143.065867 -0.453333 0.384161 -0.804307 0.676962 -0.438613 -0.591052 -0.579838 -0.812428 -0.061225
-13.571108 -48.821002 -2195.469729 1943.724892 -0.545395 0.356173 -0.758739 0.689020 -0.324941 -0.647816 -0.477280 -0.876102 -0.068189
-10.962998 -59.112904 -1706.603392 2621.681162 0.738118 -0.511713 0.439695 0.665328 0.660168 -0.348593 0.111893 -0.549844 -0.827739
-8.504286 -60.704334 -5206.813132 19.503996 0.754191 -0.550625 0.357783 0.652019 0.563313 -0.507493 -0.077895 -0.616028 -0.783863
-9.697163 -52.884075 -2457.054943 3381.263726 0.723944 -0.540435 0.428760 0.657816 0.728015 -0.193061 0.207807 -0.421811 -0.882549
-4.937378 -85.663566 -1250.136621 447.278896 0.848877 -0.308185 0.429452 0.524012 0.597332 -0.607129 0.069417 -0.740416 -0.668554
-2.716085 -177.710363 -613.585046 -15152.039513 0.488694 0.677628 0.549544 0.872154 -0.395998 -0.287286 0.022945 0.619682 -0.784518
-2.079348 -180.042030 -1127.696520 -7927.096184 0.426495 0.696824 0.576662 0.878686 -0.168000 -0.446863 -0.214506 0.697290 -0.683940
-0.097329 -177.676892 -250.762500 10571.871777 0.342564 0.692947 0.634409 0.812365 0.120722 -0.570516 -0.471925 0.710810 -0.521571
-1.072032 -162.719457 -2116.484160 6807.087986 0.299737 0.714368 0.632326 0.783504 0.193833 -0.590382 -0.544316 0.672389 -0.501611
1.709620 -38.592529 -176.206558 -2881.572047 0.774354 -0.466661 0.427321 0.361410 -0.228145 -0.904064 -0.519383 -0.854504 0.008009
-0.796562 -40.613346 -1334.785540 -4263.283184 0.778298 -0.509890 0.366421 0.320029 -0.179947 -0.930162 -0.540217 -0.841208 -0.023128
-2.709244 -34.109710 -1053.960597 -3242.738875 0.774451 -0.500015 0.387571 0.312588 -0.230179 -0.921578 -0.550013 -0.834867 0.021964
-1.109093 -28.820031 -1076.357824 -506.337600 0.742968 -0.470023 0.476526 0.366027 -0.310744 -0.877190 -0.560377 -0.826145 0.058832
-0.385689 -54.679525 1015.394211 1588.730194 -0.589377 0.680526 -0.435338 -0.032811 -0.558600 -0.828788 0.807191 0.474185 -0.351555
0.756163 -51.183192 229.474265 1365.756537 -0.574968 0.664584 -0.477220 -0.105577 -0.638663 -0.762209 0.811335 0.387863 -0.437376
-0.705394 -53.034717 -294.532954 1172.497966 -0.568887 0.685956 -0.453686 0.003413 -0.549677 -0.835370 0.822408 0.476780 -0.310363
-1.570659 -58.099455 581.264956 -69.251037 -0.591732 0.697165 -0.404741 0.119135 -0.420934 -0.899234 0.797283 0.580324 -0.166024
-2.902460 -58.186133 -875.040122 631.375461 -0.562932 0.710904 -0.421573 0.170924 -0.398908 -0.900920 0.808636 0.579214 -0.103047
-2.993221 -51.974141 -1758.558218 562.791127 -0.549890 0.703291 -0.450558 0.077962 -0.493863 -0.866038 0.831590 0.511352 -0.216740
-1.261867 -49.694956 -873.184859 1116.529205 -0.563768 0.672231 -0.479866 -0.010574 -0.586826 -0.809644 0.825865 0.451377 -0.337942
2.675371 -113.547733 497.344777 -639.260855 0.595065 -0.320655 0.736938 0.323936 0.934869 0.145206 -0.735502 0.152314 0.660180
3.667847 -115.578630 142.455379 -700.171272 0.588232 -0.339945 0.733772 0.523562 0.851616 -0.025175 -0.616333 0.398984 0.678929
4.102351 -112.992503 0.742708 -1826.330676 0.570606 -0.356244 0.739931 0.489807 0.870840 0.041551 -0.659164 0.338715 0.671398
6.177461 -119.722353 -955.228421 -4034.912719 0.553607 -0.369198 0.746467 0.655769 0.745763 -0.117493 -0.513309 0.554555 0.654968
1.623070 -103.142384 -161.315881 -1806.897766 0.577684 -0.337110 0.743396 0.283420 0.936911 0.204622 -0.765477 0.092486 0.636782
4.695995 -109.757735 109.872804 -3307.838218 0.555335 -0.398552 0.729904 0.618974 0.784249 -0.042710 -0.555404 0.475510 0.682214
1.398840 -100.386554 460.226904 -3902.202585 0.571160 -0.378127 0.728557 0.422651 0.896351 0.133872 -0.703664 0.231463 0.671776
-7.080573 -132.156206 -1099.429640 8777.745593 0.625149 -0.198125 0.754941 0.005430 0.968326 0.249629 -0.780487 -0.151956 0.606424
-11.098542 -66.297881 -507.716105 287.462500 0.536715 -0.144209 0.831349 0.144986 0.986394 0.077501 -0.831213 0.078938 0.550321
-15.566467 -72.749779 761.500225 -1391.694462 0.541238 -0.260585 0.799472 0.322370 0.942426 0.088938 -0.776620 0.209590 0.594082
-14.510761 -65.852751 -1011.172187 492.386672 0.514443 -0.167006 0.841105 0.281049 0.959513 0.018619 -0.810160 0.226813 0.540552
-6.595179 -62.145634 -1483.733362 137.862369 0.509012 -0.011157 0.860687 0.000391 0.999919 0.012731 -0.860759 -0.006143 0.508975
-6.679131 -66.833276 -481.566300 -633.365861 0.544431 -0.096804 0.833201 -0.032020 0.990196 0.135967 -0.838194 -0.100704 0.535994
-61.625746 -233.073912 -15296.132817 30789.118007 0.800425 -0.562120 0.208182 0.120343 0.490920 0.862853 0.587228 0.665596 -0.460592
-15.792764 -2699.071092 4124.282892 1042673.073386 0.830686 -0.556741 -0.000262 0.151444 0.225510 0.962398 0.535748 0.799490 -0.271644
-40.175711 -191.074591 4986.346625 6485.608269 0.682078 -0.294799 0.669226 -0.411983 0.601187 0.684722 0.604185 0.742744 -0.288604
-49.024095 -143.107794 6125.789737 -9980.221171 -0.696704 0.636658 -0.330560 -0.107992 -0.548633 -0.829059 0.709184 0.541911 -0.450989
-8.625723 -43.615623 -2628.643531 1006.686276 0.538427 -0.359469 0.762154 -0.254881 0.792613 0.553896 -0.803201 -0.492491 0.335143
-8.795236 -45.958229 -1669.200177 61.875650 0.577274 -0.343507 0.740782 -0.325642 0.735096 0.594636 -0.748807 -0.584498 0.312491
-11.769894 -45.094280 -2051.372416 932.489989 0.592992 -0.409738 0.693163 -0.160271 0.783563 0.600285 -0.789097 -0.467058 0.398978
59.566871 -8102.314924 86007.202260 -2363848.243759 -0.413272 0.866242 0.280768 -0.820602 -0.487937 0.297540 -0.394739 0.107434 -0.912491
-54.764078 -269.513207 2029.565134 -53830.735538 -0.185083 0.904423 0.384399 -0.869903 -0.332754 0.364065 -0.457179 0.267007 -0.848348
-45.909526 -182.504112 8308.701486 -33781.259208 -0.028594 0.904320 0.425897 -0.919259 -0.191140 0.344135 -0.392614 0.381669 -0.836770
-33.994217 -143.496433 8189.224627 986.746186 -0.092656 0.869243 0.485624 0.939731 0.237555 -0.245912 -0.329120 0.433571 -0.838866
4.028762 -24.020039 2440.202247 -2692.626329 -0.074631 0.996770 0.029658 0.846515 0.079045 -0.526464 0.527108 0.014185 0.849680
6.320975 -18.461390 1094.053560 -649.381872 0.052308 0.997862 -0.039187 0.870673 -0.064789 -0.487578 0.489074 0.008615 0.872200
-46.262597 -79.705210 -2368.158976 2060.598134 -0.154739 0.955527 0.251047 0.306709 0.288014 -0.907181 0.939141 0.063378 0.337635
-19.949522 -73.457574 -10123.083335 229.538852 0.023520 0.982999 0.182098 0.302368 0.166622 -0.938515 0.952901 -0.077135 0.293309
-9.577900 -40.472489 2511.573137 -1022.990934 0.000361 0.851498 -0.524357 -0.601412 -0.418744 -0.680409 0.798939 -0.315601 -0.511950
0.777267 -47.791656 4429.532492 -8984.355860 -0.178358 0.718646 -0.672114 -0.448228 -0.667419 -0.594679 0.875945 -0.195194 -0.441157
-5.330658 -142.615030 -1255.829007 2386.025998 0.808200 -0.309750 -0.500867 0.225597 -0.622779 0.749168 0.543984 0.718471 0.433451
-3.754084 -149.732192 -3201.045473 -2517.365916 0.833692 -0.273460 -0.479768 0.302204 -0.501227 0.810830 0.462202 0.820970 0.335228
2.823857 -176.710695 -1896.737779 -6183.195166 0.829299 -0.288799 -0.478391 0.380151 -0.335897 0.861776 0.409571 0.896531 0.168772
19.820396 -91.096775 5467.911362 -11408.214039 0.259012 0.457825 0.850475 0.888968 0.231318 -0.395258 -0.377689 0.858422 -0.347078
12.188470 -100.827379 3298.461410 -9242.320152 0.149050 0.417892 0.896186 0.947449 0.199086 -0.250410 -0.283063 0.886414 -0.366258
-8.410684 -61.988645 -128.819678 2280.830421 0.293462 0.917361 -0.268938 -0.347626 -0.159661 -0.923939 0.890525 -0.364632 -0.272044
-6.173098 -66.083717 -1531.728004 1602.801417 0.357563 0.892921 -0.273570 -0.305276 -0.165089 -0.937845 0.882585 -0.418852 -0.213557
-6.258058 -61.605292 -784.352467 6857.220589 0.321548 0.900526 -0.292677 -0.488241 -0.107156 -0.866106 0.811312 -0.421391 -0.405218
-7.500748 -58.399442 5.624210 4735.265989 0.272702 0.911945 -0.306578 -0.535792 -0.120718 -0.835676 0.799100 -0.392152 -0.455693
4.784426 -74.026375 464.910199 1106.123341 0.110164 0.966012 -0.233848 0.525301 0.143145 0.838790 -0.843755 0.215245 0.491678
5.133519 -74.662378 728.013446 2863.860037 0.133020 0.964943 -0.226255 0.651852 0.086786 0.753364 -0.746589 0.247697 0.617456
5.141901 -71.481768 683.109032 1578.790848 0.155389 0.968108 -0.196520 0.745501 0.015601 0.666322 -0.648138 0.250045 0.719302
6.112318 -67.219477 559.601213 1387.740972 0.173501 0.970079 -0.169837 0.813466 -0.043956 0.579949 -0.555131 0.238778 0.796753
-5.637790 -96.713542 706.061628 4140.731659 0.196265 0.956352 -0.216498 0.882676 -0.268471 -0.385754 0.427040 0.115387 0.896840
-3.727194 -96.876295 1472.867571 4624.026970 0.214745 0.943146 -0.253694 0.908518 -0.288234 -0.302518 0.358442 0.165521 0.918761
-5.968058 -101.599746 -1413.203634 4310.517912 -0.200276 -0.946601 0.252660 0.967963 -0.231040 -0.098327 0.151451 0.224872 0.962546
1.591949 -75.488529 -140.611057 -4079.467999 0.236859 0.953896 -0.184339 0.383772 -0.266171 -0.884235 0.892534 -0.138695 0.429123
1.010180 -71.397675 214.171061 500.543893 0.237301 0.947379 -0.214849 0.497179 -0.308448 -0.810970 0.834567 -0.085626 0.544212
1.732891 -73.613755 732.810876 3546.525121 0.245301 0.939823 -0.237823 0.615244 -0.340504 -0.711007 0.749201 -0.028092 0.661747
27.151772 -58.130129 5827.200381 6034.612909 -0.172213 0.436332 -0.883152 -0.384083 0.795845 0.468092 0.907096 0.419816 0.030533
19.113900 -40.952826 2983.407140 3974.336212 -0.114436 0.369202 -0.922277 -0.501621 0.779858 0.374430 0.857485 0.505481 0.095956
8.681206 -163.400861 875.254111 -502.240268 0.791730 -0.389370 -0.470695 0.198049 -0.565301 0.800757 0.577876 0.727204 0.370451
8.863499 -156.098434 -522.408074 47.007235 0.810721 -0.338680 -0.477523 0.255409 -0.529337 0.809054 0.526781 0.777881 0.342643
