13666
27319
-27.591878 -40.703073 -364.455151 3310.656513 0.128105 0.562654 0.816707 0.975805 0.075614 -0.205153 -0.177185 0.823227 -0.539354
-29.342753 -43.256167 -172.994805 2498.832578 -0.011274 0.595957 0.802937 0.962521 0.224069 -0.152794 -0.270972 0.771121 -0.576148
-32.722263 -51.228269 -66.864797 3006.183888 0.399807 0.602021 0.691176 0.847227 0.045055 -0.529317 -0.349802 0.797208 -0.492035
-23.471174 -35.300543 -198.689704 2253.095340 -0.291873 0.543791 0.786830 0.945933 0.285817 0.153359 -0.141494 0.789050 -0.597812
-23.424174 -52.762782 1519.090116 5764.149790 0.480958 0.520136 0.705789 0.848029 -0.071652 -0.525083 -0.222544 0.851072 -0.475552
-22.182322 -39.517889 1425.040402 4782.341276 0.319921 0.505420 0.801375 0.943928 -0.097222 -0.315513 -0.081555 0.857379 -0.508183
-20.763753 -30.453110 435.511016 2119.886176 -0.216200 0.524979 0.823198 0.974988 0.160590 0.153653 -0.051533 0.835828 -0.546568
-34.091500 -48.728964 -570.442319 -163.922135 -0.591858 0.622283 0.512316 0.559315 0.774735 -0.294875 -0.580405 0.112022 -0.806586
-33.091736 -49.247637 -432.952442 -348.095787 -0.564666 0.590835 0.576252 0.633363 0.757879 -0.156429 -0.529153 0.276647 -0.802162
-32.822535 -48.128595 -339.038858 -557.963925 -0.693156 0.542512 0.474568 0.564577 0.817958 -0.110441 -0.448093 0.191378 -0.873263
-35.154329 -50.809270 -163.942609 -50.545372 -0.431655 0.648484 0.627011 0.577618 0.732613 -0.360050 -0.692843 0.206755 -0.690812
-33.158277 -48.131419 -318.694859 -247.423182 -0.691909 0.593540 0.411063 0.527307 0.804342 -0.273828 -0.493163 0.027292 -0.869509
-34.060014 -48.341916 -644.990876 489.478659 -0.613120 0.671278 0.416498 0.510472 0.739016 -0.439629 -0.602912 -0.056935 -0.795774
-34.832352 -49.067021 -257.340471 751.501107 -0.498561 0.681208 0.536090 0.500638 0.731138 -0.463464 -0.707671 0.037322 -0.705555
6.435099 -54.765903 -7846.463415 369.842487 0.283707 -0.625439 -0.726868 0.381673 0.769035 -0.512749 0.879680 -0.131956 0.456893
48.976918 -62.326197 -11915.967076 615.139886 0.254536 -0.577321 -0.775830 0.252854 0.814076 -0.522824 0.933422 -0.063094 0.353189
44.077916 -61.358151 -12390.323387 59.849199 0.202303 -0.661938 -0.721742 0.483849 0.708308 -0.513995 0.851448 -0.245231 0.463570
6.278459 -53.085667 8474.309876 -233.790569 -0.251135 0.708994 0.658983 0.583512 0.654080 -0.481345 0.772299 -0.263642 0.577969
-12.777462 -49.516425 -4267.573031 819.541693 0.215500 -0.636294 -0.740736 0.488227 0.727150 -0.482585 0.845692 -0.257650 0.467356
-5.017693 -23.926931 765.195582 736.274030 -0.862574 0.216245 -0.457389 0.117240 0.964880 0.235078 0.492160 0.149147 -0.857633
-8.670313 -24.209338 182.179317 193.928738 -0.849648 0.291517 -0.439449 0.240387 0.955803 0.169276 0.469374 0.038187 -0.882173
-3.212820 -23.023546 469.360984 431.543528 -0.825148 0.382202 -0.415997 0.267255 0.912874 0.308602 0.497701 0.143465 -0.855401
-0.353164 -22.271170 813.775941 409.585073 -0.833240 0.357055 -0.422165 0.206188 0.909112 0.361941 0.513028 0.214538 -0.831129
1.588446 -23.200936 654.027144 312.597093 -0.775446 0.512192 -0.369246 0.358557 0.838559 0.410191 0.519731 0.185685 -0.833907
5.038782 -28.824836 -2069.369227 -646.756093 0.610249 0.783629 -0.116285 -0.770096 0.621228 0.145011 -0.185874 -0.001057 -0.982573
11.326838 -30.055747 -1776.325547 -423.691007 0.642113 0.762037 -0.083614 -0.748103 0.646694 0.148760 -0.167433 0.032969 -0.985332
9.702360 -30.950549 -2067.761872 -326.237552 0.599286 0.794364 -0.099204 -0.753401 0.601548 0.265570 -0.270635 0.084412 -0.958974
3.215340 -30.712223 -2656.297797 -39.320987 0.562365 0.818384 -0.118295 -0.752117 0.565698 0.338090 -0.343607 0.101158 -0.933650
2.485418 -29.637597 -2382.371744 -566.564088 0.578315 0.807074 -0.119095 -0.775411 0.589157 0.227227 -0.253555 0.039061 -0.966532
6.069319 -24.222330 -1713.416687 -338.831239 0.693058 0.637214 0.337089 0.193191 -0.614679 0.764753 -0.694513 0.464895 0.549112
7.778075 -23.668883 -570.825952 -452.937374 0.711225 0.641079 0.288405 0.181828 -0.564076 0.805455 -0.679042 0.520419 0.517750
8.551286 -25.198240 -685.525433 28.848623 0.713094 0.622565 0.322350 -0.231790 0.643307 -0.729678 -0.661642 0.445612 0.603043
3.979780 -24.108012 -2086.568363 131.724399 0.695447 0.606249 0.385767 -0.215456 0.688072 -0.692918 -0.685516 0.398772 0.609137
1.012876 -41.500613 -91.888405 -978.930292 -0.221111 0.575807 0.787119 0.974587 0.160183 0.156594 -0.035915 0.801740 -0.596593
0.813528 -46.120276 -122.376794 -298.262732 -0.262529 0.578079 0.772595 0.958832 0.066452 0.276091 0.108262 0.813271 -0.571726
-0.143565 -43.747561 -34.881246 -168.502034 -0.270683 0.570762 0.775217 0.951062 0.033880 0.307138 0.149038 0.820416 -0.552001
0.723753 -42.887894 -473.037061 -923.580035 -0.203189 0.599522 0.774137 0.975613 0.191004 0.108150 -0.083025 0.777233 -0.623711
57.208335 -53.462387 5897.179731 -344.345431 -0.579626 -0.574157 -0.578254 0.194139 0.591886 -0.782292 0.791419 -0.565699 -0.231606
50.177721 -52.592615 -7996.078658 206.128811 0.733560 0.423289 0.531711 0.286718 0.516581 -0.806806 0.616184 -0.744292 -0.257579
55.436737 -55.016063 -3831.585746 1898.034773 0.527546 0.601098 0.600314 0.320074 0.513933 -0.795880 0.786923 -0.612008 -0.078727
53.014143 -62.350597 3852.680131 3322.788642 0.256544 0.758935 0.598501 0.399997 0.480343 -0.780560 0.879879 -0.439646 0.180343
57.900053 -55.504478 2704.864144 2601.240477 0.265085 0.742993 0.614566 0.225566 0.571898 -0.788703 0.937470 -0.347699 0.015992
17.526814 -15.066074 1761.678058 791.180419 0.215578 -0.184776 0.958845 0.951566 0.260175 -0.163803 -0.219200 0.947717 0.231915
15.220074 -17.575425 -281.830125 1146.216623 0.199036 -0.203139 0.958707 0.948511 0.285898 -0.136340 -0.246397 0.936481 0.249583
16.617223 -21.807430 1461.289562 3831.815999 0.234989 -0.158706 0.958954 0.939553 0.289862 -0.182263 -0.249038 0.943818 0.217227
21.551865 -19.813401 1983.010213 2635.726284 0.247210 -0.097112 0.964083 0.939950 0.265681 -0.214260 -0.235331 0.959158 0.156959
23.568615 -19.373015 -4820.139666 1484.336882 0.259554 0.712824 0.651547 0.185051 -0.698877 0.690888 -0.947833 0.058754 0.313305
38.485832 -26.361744 -5893.010174 -1539.528746 0.351950 0.697134 0.624608 -0.135898 0.698290 -0.702796 -0.926101 0.162466 0.340503
31.622272 -29.159549 -4402.230471 -1947.852372 0.414620 0.568616 0.710469 -0.175548 0.816053 -0.550672 -0.892902 0.103598 0.438171
18.396152 -19.381252 -4409.340863 -1133.852817 0.310673 0.540370 0.781973 -0.192604 0.841404 -0.504919 -0.930799 0.006254 0.365479
9.952763 -14.585445 -1923.904196 -1967.791790 0.263611 0.702280 0.661296 -0.237878 0.711699 -0.660983 -0.934839 0.016935 0.354668
-3.207870 -71.934436 -67.350628 -4919.289405 0.344139 -0.782254 0.519275 0.926231 0.373456 -0.051252 -0.153834 0.498607 0.853069
-3.586487 -74.178313 102.780266 -6296.781765 0.326992 -0.798734 0.505074 0.942164 0.317108 -0.108489 -0.073509 0.511337 0.856230
-3.819803 -84.867385 -76.402653 -5408.376502 0.350453 -0.777498 0.522187 0.933981 0.248609 -0.256658 0.069731 0.577659 0.813294
-2.861066 -80.132553 -124.189690 -5452.690986 0.365478 -0.770330 0.522510 0.930412 0.318956 -0.180558 -0.027569 0.552140 0.833296
-2.572892 -68.110736 -26.902842 -3938.252488 0.334755 -0.787933 0.516818 0.913637 0.405656 0.026673 -0.230667 0.463255 0.855680
-11.136309 -53.894169 98.664122 -360.912880 -0.590952 -0.361485 -0.721183 0.375179 0.668264 -0.642389 0.714155 -0.650194 -0.259290
-11.163973 -52.659000 -655.634555 520.189491 0.622490 0.333034 0.708233 0.467263 0.567802 -0.677692 0.627831 -0.752787 -0.197837
-10.345847 -54.759266 -762.080141 -386.970381 0.641928 0.309394 0.701572 0.393184 0.652702 -0.647600 0.658281 -0.691560 -0.297339
12.774738 -73.246657 329.407941 -739.319950 -0.025750 0.733034 0.679704 0.816012 0.408176 -0.409288 0.577461 -0.544107 0.608675
26.492855 -70.509392 2806.578408 1523.091772 -0.006651 0.769114 0.639077 0.620265 0.504464 -0.600656 0.784364 -0.392402 0.480410
20.217208 -73.829271 1642.634294 306.721823 0.059408 0.751196 0.657400 0.780139 0.375927 -0.500062 0.622779 -0.542571 0.563704
11.874114 -79.403624 -2003.736817 2913.364233 -0.161621 0.729046 -0.665110 -0.061615 -0.680111 -0.730516 0.984928 0.077086 -0.154840
7.296890 -77.212239 -1746.928653 -1331.611287 -0.128140 0.703305 -0.699244 0.048562 0.708660 0.703877 0.990566 0.056238 -0.124961
6.485901 -82.334981 -1687.921216 -2056.302245 -0.158398 0.723627 -0.671769 0.212821 -0.639345 -0.738881 0.964167 0.260004 0.052733
10.046269 -86.372618 -1280.810269 -2192.878520 -0.208958 0.745659 -0.632716 0.240042 -0.588096 -0.772349 0.948007 0.313267 0.056102
-8.271831 -19.082952 559.292803 -751.652320 0.990012 0.140927 -0.004060 -0.008380 0.087572 0.996123 -0.140736 0.986139 -0.087879
-9.332900 -22.673126 265.894331 -717.213315 0.929339 0.136668 -0.343003 0.327165 0.125805 0.936555 -0.171149 0.982596 -0.072202
-4.863853 -21.448597 2092.412952 -311.390403 0.993439 0.104227 0.047063 -0.044666 -0.025212 0.998684 -0.105276 0.994234 0.020391
43.480688 -300.853990 4968.613404 -57951.167965 0.096038 -0.903483 0.417727 0.932328 -0.065336 -0.355662 0.348627 0.423616 0.836067
45.486881 -308.847856 1913.455037 -43668.251617 0.203889 -0.838637 0.505092 0.963967 0.081930 -0.253089 0.170868 0.538494 0.825123
27.199636 -838.072496 6433.032270 -209615.777425 0.145585 -0.835158 0.530393 0.845214 -0.173651 -0.505430 0.514217 0.521878 0.680606
22.370358 -30.631021 -1271.035386 257.099453 0.790380 0.501903 0.351274 -0.425129 0.036506 0.904396 -0.441096 0.864153 -0.242227
25.046756 -29.777485 -1403.901850 503.120050 0.798825 0.447040 0.402534 -0.424922 -0.054336 0.903598 -0.425817 0.892862 -0.146552
20.427642 -29.411265 -1423.079443 613.969153 0.788671 0.497431 0.361331 -0.379328 -0.068823 0.922699 -0.483847 0.864769 -0.134411
28.556653 -30.207062 -1492.159535 -12.311047 0.795145 0.446463 0.410384 -0.486251 0.065031 0.871396 -0.362359 0.892436 -0.268802
5.600588 2.005833 1071.226862 1328.631201 0.197583 0.840713 0.504146 0.345901 -0.540996 0.766600 -0.917232 -0.022917 0.397695
5.824948 -0.589875 -420.324172 356.942140 -0.049619 0.975388 0.214838 0.360808 -0.183071 0.914496 -0.931319 -0.122892 0.342844
7.627402 -1.973852 478.558267 1633.525102 0.146042 0.849266 0.507365 0.361976 -0.523173 0.771533 -0.920677 -0.070978 0.383819
2.112140 -120.136951 -283.586531 8287.490995 -0.318672 -0.424631 -0.847429 -0.202129 0.903919 -0.376928 0.926063 0.051174 -0.373884
-0.235003 -168.755642 -586.983998 20228.952828 -0.302897 -0.468277 -0.830042 -0.121080 0.882808 -0.453861 0.945301 -0.036972 -0.324098
0.585264 -135.192461 -355.239992 6670.930132 -0.324366 -0.460956 -0.826018 0.086966 0.855002 -0.511281 0.941925 -0.237678 -0.237246
3.416395 -131.350904 -399.114571 13719.357123 -0.308368 -0.417645 -0.854683 -0.422944 0.864973 -0.270075 0.852073 0.278200 -0.443370
0.348931 -124.250188 156.301329 1847.906733 -0.353968 -0.435034 -0.827920 0.112625 0.858963 -0.499497 0.928451 -0.270051 -0.255050
0.667456 -112.797657 -360.130121 7993.673368 -0.324947 -0.409090 -0.852675 -0.237403 0.908018 -0.345170 0.915450 0.090266 -0.392177
2.314061 -101.428701 -404.787527 6923.494375 -0.318500 -0.385113 -0.866167 -0.464398 0.859978 -0.211596 0.826373 0.334853 -0.452749
24.696030 -830.936896 -6584.168207 -163082.713843 0.834372 -0.506230 0.218070 0.545450 0.815305 -0.194325 0.079420 -0.281086 -0.956391
-2.148820 -74.116784 -1282.088352 -9861.582885 -0.349492 0.909038 -0.226948 0.929366 0.305607 -0.207081 -0.118888 -0.283291 -0.951636
-11.691983 -119.748540 -2043.765451 -19785.232465 -0.485074 0.834535 -0.261255 0.874243 0.455944 -0.166776 -0.020063 -0.309299 -0.950753
-21.385414 -352.969719 -2838.771838 59714.522165 -0.597982 0.735895 -0.317610 -0.735310 -0.661377 -0.147984 0.318960 -0.145050 -0.936603
-29.027930 -487.758249 -6875.945298 89679.092313 -0.564545 0.755515 -0.332394 -0.770609 -0.626720 -0.115686 0.295720 -0.190836 -0.936019
-8.124237 -239.116805 -1710.377536 -39598.462581 0.594096 -0.634458 0.494482 0.751939 0.219679 -0.621553 0.285722 0.741083 0.607585
3.639707 -193.048691 -1634.488989 -31819.284660 0.604506 -0.625586 0.493168 0.761485 0.272018 -0.588343 0.233909 0.731197 0.640810
-3.748099 -114.925131 -2255.957133 2454.642568 0.666146 -0.579810 0.469117 0.734048 0.398376 -0.549972 0.131995 0.710716 0.690985
1.290016 -24.393291 -652.120426 -137.917325 0.276929 -0.565309 -0.777005 -0.516944 0.593989 -0.616398 0.809988 0.572366 -0.127740
0.430331 -25.222668 -709.521547 489.549679 0.271805 -0.564879 -0.779124 -0.469372 0.628963 -0.619755 0.840126 0.534151 -0.094183
-1.032045 -24.757153 -709.180814 -42.966289 0.266995 -0.558783 -0.785160 -0.498387 0.617260 -0.608769 0.824818 0.553852 -0.113685
-27.292465 -37.188100 81.890436 180.404328 -0.588534 0.807818 -0.032544 0.011186 0.048386 0.998766 -0.808395 -0.587443 0.037512
-24.706063 -35.460831 678.154705 427.714281 -0.555484 0.826250 0.093534 0.216182 0.034882 0.975730 -0.802934 -0.562222 0.197997
-24.855492 -35.093195 749.047957 295.264373 -0.438763 0.860361 0.259358 0.249713 -0.160516 0.954923 -0.863209 -0.483750 0.144415
-27.029133 -36.094444 744.090085 297.712954 -0.479898 0.868144 0.126583 0.076041 -0.102580 0.991814 -0.874023 -0.485595 0.016787
22.693402 -38.809784 -1073.666962 -1596.173891 0.903358 -0.040660 0.426955 -0.073145 0.966306 0.246784 -0.422604 -0.254164 0.869946
22.487276 -56.527139 -1445.408787 -6382.924249 0.890826 -0.055096 0.450992 -0.023887 0.985568 0.167587 -0.453716 -0.160064 0.876653
19.587593 -44.687711 1474.520696 -4117.601140 0.941608 -0.072452 0.328823 -0.001688 0.975547 0.219783 -0.336706 -0.207505 0.918461
17.136365 -41.737641 -2739.814223 -707.045148 0.846066 -0.017883 0.532778 -0.107890 0.973010 0.203991 -0.522046 -0.230071 0.821301
0.516461 -24.542573 1540.290966 -1343.689377 -0.453046 -0.548252 -0.702971 0.866748 -0.086411 -0.491203 0.208559 -0.831837 0.514345
-5.544664 -23.071252 1439.119173 -1124.825223 -0.441168 -0.560920 -0.700528 0.862933 -0.050815 -0.502757 0.246409 -0.826309 0.506455
-3.709896 -18.721260 1972.593070 -1322.842887 -0.327840 -0.555100 -0.764451 0.934445 -0.071442 -0.348867 0.139042 -0.828710 0.542132
5.534397 -21.808464 1518.847511 -1606.328176 -0.383009 -0.567836 -0.728606 0.915230 -0.126423 -0.382584 0.125132 -0.813376 0.568122
2.361463 -15.898249 2039.479760 -1401.386777 -0.237760 -0.558905 -0.794415 0.968842 -0.078023 -0.235071 0.069400 -0.825553 0.560041
-4.562706 -13.078233 1488.230908 -596.187277 0.068687 -0.551274 -0.831492 0.995143 0.096767 0.018050 0.070510 -0.828693 0.555244
-10.142988 -14.500642 1284.584851 -734.056115 0.035378 -0.574640 -0.817641 0.991147 0.124936 -0.044921 0.127966 -0.808814 0.573973
4.283158 -35.892283 1416.075287 -42.689324 0.583723 0.811034 -0.038618 0.660697 -0.446799 0.603200 -0.471961 0.377617 0.796655
3.599768 -44.664028 971.039039 4389.429350 0.561557 0.827111 -0.023245 0.628518 -0.408116 0.662122 -0.538162 0.386430 0.749035
-0.752025 -40.383083 1225.687224 273.014525 0.603474 0.797064 -0.022543 0.619217 -0.450635 0.643038 -0.502384 0.402016 0.765502
9.213951 -41.130723 1067.926318 4254.424486 0.543006 0.839703 -0.006619 0.673104 -0.430532 0.601309 -0.502071 0.330970 0.798989
-3.267524 -42.357171 -717.929704 -1008.690415 0.749275 0.662137 -0.012682 0.594808 -0.664418 0.452496 -0.291188 0.346587 0.891676
-2.854415 -42.411863 -500.485173 -478.988847 0.748338 0.663309 -0.003364 0.612169 -0.688671 0.388562 -0.255420 0.292835 0.921416
-3.335807 -43.783126 -397.907803 -208.894007 0.742486 0.669139 -0.031095 0.648761 -0.706763 0.282126 -0.166805 0.229648 0.958873
-10.118976 -76.351725 -429.643392 -2791.946505 0.826495 0.554742 -0.095740 0.493360 -0.631878 0.597768 -0.271111 0.541287 0.795932
-8.598581 -70.997761 478.394997 -3377.322788 0.828039 0.534640 -0.168853 0.500794 -0.569854 0.651515 -0.252104 0.624040 0.739606
-8.552073 -62.347551 -332.133021 -5359.388801 0.821526 0.558227 -0.116092 0.438971 -0.489300 0.753585 -0.363868 0.670050 0.647018
-5.159880 -68.459457 -128.758799 2395.459496 0.764883 0.614615 0.192882 -0.058854 -0.231497 0.971054 -0.641475 0.754094 0.140896
-6.120523 -76.725396 357.697275 3596.315498 0.778241 0.590073 0.214838 -0.200454 -0.090787 0.975488 -0.595113 0.802229 -0.047629
-5.702873 -69.284919 -20.854858 2293.557258 0.756703 0.631228 0.170153 -0.079310 -0.169711 0.982297 -0.648930 0.756802 0.078359
-3.915737 -60.081184 -347.437253 1752.843202 0.751881 0.641030 0.154129 0.088416 -0.329703 0.939936 -0.653344 0.693092 0.304574
-3.734844 -58.401964 -57.983538 1533.541818 0.752014 0.647792 0.121820 0.087586 -0.281379 0.955591 -0.653302 0.707948 0.268338
4.203635 -85.105890 819.501730 5231.977442 0.820261 0.541434 0.184448 0.090819 -0.441659 0.892575 -0.564733 0.715393 0.411448
2.783312 -69.243971 376.993541 3348.087925 0.805243 0.566810 0.174096 0.209267 -0.546386 0.810968 -0.554789 0.616594 0.558588
4.411918 -74.168102 725.987026 1346.122965 0.805232 0.571190 0.159197 0.261639 -0.583188 0.769049 -0.532115 0.577611 0.619047
-2.053286 -36.368327 -1331.943883 220.087360 0.374847 0.837023 -0.398601 0.910565 -0.251591 0.327984 0.174246 -0.485896 -0.856472
1.227149 -38.383253 -2294.054910 28.681743 0.502857 0.783975 -0.364029 0.821707 -0.302899 0.482753 0.268202 -0.541881 -0.796513
8.395511 -41.103425 -3450.737731 635.647979 0.450111 0.795945 -0.404811 0.883091 -0.329512 0.334023 0.132474 -0.507832 -0.851209
3.106238 -39.640668 -983.963502 938.412958 0.284992 0.865313 -0.412327 0.957981 -0.242579 0.153060 0.032424 -0.438622 -0.898086
-3.173556 -34.833832 187.804008 759.642595 0.166639 0.897447 -0.408436 0.982952 -0.118560 0.140530 0.077694 -0.424891 -0.901904
16.225168 -9.548124 981.747946 -1019.186241 0.580785 0.811422 0.065446 0.689877 -0.533276 0.489578 -0.432155 0.239190 0.869500
24.652006 -11.236889 947.028591 954.315604 0.695174 0.662039 0.280066 -0.535318 0.736811 -0.412970 -0.479758 0.137162 0.866613
16.297063 -5.331999 1828.204721 1202.498479 0.706507 0.662212 0.249646 -0.518792 0.724549 -0.453744 -0.481356 0.191059 0.855449
11.985970 -13.250114 -602.684626 1106.927991 0.288329 0.946102 -0.147507 0.846975 -0.180135 0.500184 -0.446654 0.269152 0.853263
13.190439 -18.654568 586.298146 112.492909 0.396727 0.908720 -0.129750 0.823891 -0.290183 0.486824 -0.404735 0.300036 0.863810
8.271698 -5.458882 -1156.163561 1135.699639 0.280638 0.954016 -0.105335 0.841076 -0.191562 0.505861 -0.462422 0.230559 0.856159
-10.235901 -29.878144 299.285430 -91.015063 0.701522 0.559696 0.441143 0.217090 0.421764 -0.880333 0.678777 -0.713341 -0.174373
-10.584241 -29.167404 -168.566391 71.757280 0.720034 0.524815 0.454005 0.162745 0.508286 -0.845671 0.674585 -0.682799 -0.280572
-10.181877 -30.427396 270.958456 -73.025683 0.672146 0.551068 0.494513 0.198187 0.509610 -0.837269 0.713401 -0.660773 -0.233318
-9.194271 -31.199960 341.998019 -312.289282 0.647929 0.577342 0.496854 0.281362 0.424754 -0.860476 0.707830 -0.697324 -0.112769
-9.479512 -31.200072 451.427234 -83.279160 0.623146 0.564728 0.541084 0.227296 0.531204 -0.816185 0.748349 -0.631589 -0.202657
-5.548545 -23.339353 -606.973912 697.516551 0.714774 0.587842 0.378868 -0.572806 0.802894 -0.165092 -0.401238 -0.099014 0.910606
-6.823690 -26.358836 382.016480 466.971876 0.669781 0.671893 0.316153 -0.663474 0.732693 -0.151535 -0.333458 -0.108264 0.936528
-5.580648 -23.628865 229.236718 460.950747 0.721249 0.605717 0.336015 -0.561798 0.795303 -0.227765 -0.405195 -0.024497 0.913902
-6.812181 -28.828377 -163.108272 1160.656623 0.656584 0.673289 0.339969 -0.688792 0.718906 -0.093487 -0.307350 -0.172786 0.935778
-1.404426 -20.602544 -1319.829817 40.962732 0.805263 0.423269 0.415205 -0.383424 0.905890 -0.179860 -0.452259 -0.014365 0.891771
18.757277 -56.348720 1403.079260 7114.236567 0.521253 0.843037 0.132604 0.633253 -0.486253 0.602121 -0.572089 0.229886 0.787316
12.797605 -55.951670 870.534252 7077.572284 0.541069 0.837845 0.072527 0.627855 -0.459821 0.627983 -0.559502 0.294245 0.774840
14.034060 -37.386357 1312.877386 2954.623237 0.526371 0.849664 0.031713 0.703199 -0.455996 0.545508 -0.477959 0.264839 0.837506
24.562316 -60.647629 961.834045 5685.883872 0.449635 0.866779 0.215692 0.570443 -0.464476 0.677389 -0.687331 0.181538 0.703293
20.701052 -66.822586 2112.916730 3912.161687 0.518895 0.839973 0.158724 0.428166 -0.416089 0.802212 -0.739880 0.348304 0.575554
-1.715141 -84.483180 147.309846 4653.809505 0.701199 0.683344 0.203373 -0.529819 0.690303 -0.492722 -0.477087 0.237745 0.846088
-2.441792 -87.613401 564.064122 -4068.698790 0.695876 0.694087 0.184391 0.554933 -0.682663 0.475417 -0.455857 0.228506 0.860220
-1.435188 -97.167234 61.215978 4759.476930 0.698002 0.680897 0.221747 -0.642547 0.732223 -0.225795 -0.316111 0.015123 0.948602
-0.329538 -23.255395 -23.313073 -2523.171577 0.857340 0.399408 0.324718 0.478462 -0.850993 -0.216531 -0.189849 -0.341006 0.920691
2.491406 -19.500657 -581.788660 -1163.886933 0.881374 0.337444 0.330623 0.417028 -0.884562 -0.208899 -0.221965 -0.321997 0.920353
2.632996 -17.289024 60.234165 -1648.352068 0.929721 0.251961 0.268578 0.316666 -0.919276 -0.233784 -0.187993 -0.302403 0.934458
-0.783094 -21.589260 129.861714 -2349.939125 0.914095 0.290826 0.282579 0.368085 -0.887472 -0.277320 -0.170129 -0.357510 0.918282
1.444352 -159.889715 -3.072195 -9012.534877 0.420071 0.834612 0.356318 0.329139 -0.506026 0.797249 -0.845700 0.217623 0.487270
0.550354 -242.047307 -1448.454167 -19999.401331 0.420369 0.831345 0.363533 0.393891 -0.528131 0.752282 -0.817398 0.173044 0.549468
2.168592 -210.936715 336.040754 -22342.435315 0.420079 0.828277 0.370797 0.589999 -0.559730 0.581896 -0.689518 0.025672 0.723814
3.417773 -336.813017 -3504.627590 55787.175681 0.404612 0.876499 0.260840 0.171119 -0.352759 0.919934 -0.898336 0.327582 0.292717
1.687230 -161.169008 275.845375 -10686.128428 0.417403 0.830610 0.368594 0.352868 -0.521939 0.776572 -0.837412 0.194078 0.510955
3.002877 -151.277204 348.555849 2320.836270 0.427821 0.838437 0.337630 0.129015 -0.426361 0.895305 -0.894609 0.339471 0.290577
-9.781486 -23.404762 39.850367 1164.435359 -0.499049 -0.750815 -0.432697 0.809254 -0.582368 0.077174 -0.309932 -0.311648 0.898230
-5.151770 -23.918623 -1141.252627 885.601228 0.490743 0.729015 0.477188 0.786596 -0.606238 0.117229 -0.374751 -0.317825 0.870947
-8.019378 -20.001687 344.614551 1261.216565 -0.442612 -0.774191 -0.452463 0.857957 -0.512358 0.037398 -0.260776 -0.371642 0.890999
-9.014915 -19.967591 -194.998817 1333.807781 -0.550726 -0.731272 -0.402421 0.802066 -0.597102 -0.012610 -0.231066 -0.329713 0.915368
-5.497511 -21.811330 787.650607 63.007956 0.811701 0.537626 0.228252 0.094660 0.264537 -0.959719 0.576351 -0.800611 -0.163833
-4.145028 -22.194997 845.314945 0.275457 0.799490 0.525998 0.290072 0.208312 0.210151 -0.955219 0.563402 -0.824114 -0.058442
-7.369275 -22.787934 780.633350 56.350368 0.818665 0.520994 0.241562 0.150962 0.210606 -0.965845 0.554073 -0.827170 -0.093765
-8.288408 -23.718320 412.978073 63.677134 0.832397 0.497304 0.244546 0.191051 0.156709 -0.968990 0.520206 -0.853306 -0.035434
-9.473782 -23.870291 381.282763 -84.608060 0.845597 0.509703 0.158646 0.063339 0.199290 -0.977891 0.530051 -0.836950 -0.136235
-8.649975 -22.864496 745.285104 -107.944828 0.828091 0.537766 0.158341 0.030976 0.238128 -0.970740 0.559737 -0.808766 -0.180534
2.403248 -30.156355 -290.066362 -1686.653386 0.605351 0.793709 0.059807 0.364778 -0.209857 -0.907137 0.707452 -0.570952 0.416565
1.511226 -34.582014 -516.223706 -1722.385000 0.613060 0.786830 0.071108 0.312761 -0.159061 -0.936419 0.725491 -0.596321 0.343604
1.855644 -27.629305 -293.010416 -1257.253009 0.610651 0.789778 0.057935 0.399561 -0.244120 -0.883604 0.683708 -0.562722 0.464636
-5.116631 -27.518185 -511.668950 1500.656199 0.692093 0.666273 0.277649 -0.600996 0.744954 -0.289566 -0.399765 0.033541 0.916004
-4.819691 -26.296611 141.923252 717.613160 0.690481 0.667729 0.278160 -0.607490 0.744047 -0.278119 -0.392672 0.023056 0.919390
-4.865411 -27.470648 -61.906267 316.229396 0.670109 0.688906 0.276339 -0.668225 0.721986 -0.179477 -0.323155 -0.064388 0.944153
-4.116914 -29.987187 44.887710 139.698776 0.651425 0.712148 0.261709 0.719642 -0.689221 0.084194 -0.240334 -0.133491 0.961468
-5.428505 -30.834204 -689.242217 536.168835 0.661768 0.700829 0.266275 0.708404 -0.700802 0.083911 -0.245414 -0.133100 0.960238
-4.683414 -30.025355 528.458451 -460.505888 0.657882 0.701923 0.272939 0.708136 -0.699910 0.093111 -0.256390 -0.132022 0.957515
-5.539919 -28.232331 -597.582620 650.234357 0.675735 0.686528 0.268442 -0.657073 0.726037 -0.202793 -0.334123 -0.039351 0.941708
-5.763944 -55.121698 -444.326886 407.134919 0.705050 0.650392 0.282657 -0.414536 0.054589 0.908394 -0.575382 0.757635 -0.308099
-0.477538 -156.951457 -155.509092 30589.424065 0.729802 0.649116 0.214563 -0.382056 0.126973 0.915375 -0.566940 0.750018 -0.340664
-0.266829 -158.881225 -376.564476 26203.552050 0.709428 0.647729 0.277775 -0.428484 0.083474 0.899685 -0.559566 0.757284 -0.336760
-2.806679 -197.293398 -2869.516746 1658.563612 0.181315 0.570406 -0.801100 0.040745 0.809546 0.585641 0.982581 -0.138827 0.123542
6.026583 -238.178039 -1496.376967 -22306.844277 0.122145 0.594587 -0.794699 0.222332 0.763955 0.605757 0.967290 -0.250677 -0.038883
-0.531477 -412.277038 -2344.181925 -89326.023933 0.202823 0.578376 -0.790154 0.579696 0.579412 0.572918 0.789186 -0.574250 -0.217764
-8.685568 -76.422623 -342.878608 -3272.260970 0.813714 0.575828 -0.079320 0.514110 -0.649298 0.560448 -0.271220 0.496824 0.824382
-9.101190 -79.553831 153.824854 -822.209140 0.819931 0.559583 -0.120747 0.556853 -0.730709 0.394941 -0.132771 0.391063 0.910737
-35.039536 -50.626846 -161.636120 1174.363733 0.195937 0.636032 0.746373 0.878247 0.224765 -0.422093 -0.436223 0.738203 -0.514553
-30.109739 -45.551980 -23.898966 2269.394747 -0.168180 0.616196 0.769427 0.923841 0.370794 -0.095019 -0.343849 0.694848 -0.631628
-26.177367 -38.491162 -181.989068 2156.025909 -0.377241 0.565756 0.733219 0.905265 0.392317 0.163044 -0.195411 0.725264 -0.660157
-34.017891 -50.454834 -368.452022 -544.092866 -0.443624 0.620564 0.646605 0.667421 0.710268 -0.223758 -0.598119 0.332293 -0.729270
-32.392017 -47.994910 -324.618091 645.608205 -0.512875 0.577991 0.634733 0.728286 0.684392 -0.034743 -0.454487 0.444448 -0.771950
-7.835515 -25.770023 241.102330 614.454336 -0.866981 0.108350 -0.486421 0.062106 0.991960 0.110263 0.494457 0.065386 -0.866739
-9.265868 -25.532176 -130.147585 -226.726715 -0.865667 0.068114 -0.495965 0.081159 0.996690 -0.004776 0.493997 -0.044386 -0.868330
-12.317435 -23.304898 -315.875564 -408.194472 -0.871525 0.151343 -0.466412 0.177369 0.984070 -0.012111 0.457149 -0.093282 -0.884485
-13.042437 -22.896161 241.337666 -284.519009 -0.782395 0.478809 -0.398247 0.464310 0.874636 0.139384 0.415060 -0.075857 -0.906626
12.005166 -31.282554 -2613.239194 329.706062 0.565474 0.818572 -0.100888 -0.674923 0.529571 0.513843 -0.474045 0.222473 -0.851931
4.494533 -30.600116 -3403.655537 103.982354 0.524599 0.842986 -0.119038 -0.669381 0.494815 0.554154 -0.526046 0.211027 -0.823859
3.536858 -31.086572 -2991.355578 157.546881 0.542466 0.831780 -0.117782 -0.718110 0.531884 0.448795 -0.435945 0.158876 -0.885839
5.346819 -19.589012 -1017.328703 -1070.134635 0.691320 0.672617 0.263939 0.127012 -0.472725 0.872009 -0.711298 0.569314 0.412235
4.205000 -15.729102 -1596.504670 -1179.716280 0.662847 0.716784 0.216457 0.114667 -0.382856 0.916664 -0.739922 0.582788 0.335967
8.973053 -15.411664 -193.987386 -1424.615195 0.714302 0.660379 0.231672 0.073317 -0.399829 0.913653 -0.695987 0.635638 0.334016
7.761212 -23.655144 286.777284 -876.930384 0.743215 0.621940 0.246621 0.153624 -0.517400 0.841842 -0.651177 0.587782 0.480084
8.640225 -19.811751 115.985287 -1449.268654 0.738397 0.635231 0.226387 0.112488 -0.447021 0.887422 -0.664918 0.629804 0.401535
-0.107564 -46.019977 226.550398 59.037088 -0.311238 0.567862 0.762013 0.909257 -0.055251 0.412552 0.276375 0.821268 -0.499136
1.342570 -47.036907 217.513002 -984.212815 -0.212761 0.581288 0.785390 0.976852 0.144796 0.157461 -0.022191 0.800711 -0.598639
1.939209 -48.974049 86.926215 262.221762 -0.307105 0.579946 0.754552 0.903701 -0.070849 0.422263 0.298349 0.811568 -0.502340
1.642486 -48.200169 -350.361127 152.967773 -0.266049 0.588728 0.763294 0.948007 0.016340 0.317829 0.174642 0.808166 -0.562465
44.049939 -53.606012 -7839.313312 -1415.870914 0.742156 0.420339 0.522035 0.199686 0.604844 -0.770902 0.639789 -0.676372 -0.364952
20.640811 -53.147688 -4415.865165 -1208.942725 0.748265 0.361346 0.556353 0.257787 0.614357 -0.745729 0.611266 -0.701423 -0.366552
-1.932819 -76.552462 480.086921 446.814593 0.345814 0.349319 0.870856 0.772194 -0.633202 -0.052645 0.533038 0.690675 -0.488712
-0.951556 -87.159233 506.157395 5224.858077 0.378606 0.337917 0.861667 0.836846 -0.522697 -0.162715 0.395407 0.782687 -0.480681
-0.354751 -79.640457 608.201332 953.238034 0.338631 0.352918 0.872226 0.725071 -0.688668 -0.002853 0.599668 0.633392 -0.489095
14.747429 -16.785794 399.579274 -1677.100714 0.218070 -0.228809 0.948732 0.951076 0.267833 -0.154014 -0.218862 0.935902 0.276021
18.242138 -18.420945 -2160.685607 -833.975465 0.208521 -0.245720 0.946647 0.943910 0.303952 -0.129022 -0.256032 0.920454 0.295318
17.716910 -22.662661 -2309.661692 2827.167261 0.216685 -0.220284 0.951064 0.940095 0.309728 -0.142447 -0.263192 0.924956 0.274201
13.323795 -27.141443 -1276.722227 4754.719843 0.231665 -0.182807 0.955465 0.933300 0.318790 -0.165297 -0.274375 0.930029 0.244466
-2.857445 -23.875419 -230.531491 1020.061125 0.246249 0.922673 -0.296708 0.912272 -0.117275 0.392437 0.327294 -0.367316 -0.870608
0.809003 -21.395587 -1116.457729 876.929818 0.114871 0.915919 -0.384574 0.929922 0.037002 0.365890 0.349356 -0.399654 -0.847483
-3.358596 -24.778648 -345.687494 510.994971 0.238541 0.915627 -0.323614 0.935749 -0.127581 0.328781 0.259754 -0.381249 -0.887230
-4.450831 -91.353024 131.473537 -5620.233920 0.333798 -0.792511 0.510398 0.923140 0.165253 -0.347137 0.190765 0.587042 0.786759
-11.683748 -54.261782 -250.923375 -108.612278 -0.541673 -0.387122 -0.746141 0.380461 0.678607 -0.628285 0.749560 -0.624203 -0.220299
-11.548772 -56.458550 -556.225924 -778.707994 -0.521959 -0.383034 -0.762131 0.230689 0.796812 -0.558456 0.821183 -0.467306 -0.327541
-10.511944 -57.110563 -134.929736 -405.182998 -0.511401 -0.407128 -0.756780 0.292845 0.745372 -0.598884 0.807905 -0.527889 -0.261959
-9.873796 -58.850857 -575.847017 -741.062377 -0.487756 -0.403702 -0.774028 0.118290 0.847909 -0.516776 0.864928 -0.343621 -0.365819
-10.931560 -54.478054 -141.471365 -270.767932 -0.526624 -0.404600 -0.747640 0.445918 0.617293 -0.648157 0.723757 -0.674721 -0.144663
-9.821289 -55.170898 -98.274898 -313.793733 -0.496192 -0.434540 -0.751644 0.413884 0.642649 -0.644750 0.763213 -0.631013 -0.139028
-9.875448 -58.365149 -42.331017 -727.185734 -0.469309 -0.451131 -0.759098 0.326059 0.710364 -0.623753 0.820631 -0.540244 -0.186285
-9.430514 -60.297939 189.548486 -426.971841 -0.480946 -0.429344 -0.764431 0.154664 0.816671 -0.555993 0.863001 -0.385632 -0.326370
36.078336 -69.772434 5222.728053 1879.515341 0.109376 0.792053 0.600574 0.626576 0.414104 -0.660243 0.771647 -0.448520 0.450988
1.187867 -25.815146 -3198.523384 -168.031353 0.507771 0.846737 -0.158763 -0.024301 0.198292 0.979842 -0.861149 0.493677 -0.121264
2.852307 -23.910150 -2778.258019 1.117766 0.515607 0.840213 -0.167904 0.071185 0.153278 0.985616 -0.853863 0.520143 -0.019221
-4.201554 -26.913455 -2022.688174 -466.942956 0.512897 0.811850 -0.278992 0.124556 0.251177 0.959894 -0.849366 0.527076 -0.027707
-7.672202 -28.430740 -1985.342618 -373.641725 0.540634 0.802657 -0.251907 0.035003 0.277719 0.960024 -0.840529 0.527839 -0.122050
26.176444 -24.852636 -3002.960396 723.961446 0.458863 0.361442 0.811668 -0.103277 0.929024 -0.355315 -0.882484 0.079214 0.463623
14.091548 -14.126690 -3066.732094 763.904459 0.342498 0.386431 0.856368 -0.126696 0.922168 -0.365451 -0.930937 0.016668 0.364800
10.210958 -11.748897 -2252.158484 -1062.492201 0.295726 0.558653 0.774889 -0.208988 0.829356 -0.518163 -0.932132 -0.008708 0.362014
-2.258897 -44.182449 203.437739 1505.103298 0.003735 0.662565 0.748995 0.227079 0.728871 -0.645896 -0.973869 0.172493 -0.147733
-1.359100 -44.901973 168.928400 1583.389488 0.013501 0.652306 0.757836 0.338097 0.710286 -0.617401 -0.941014 0.264558 -0.210953
-2.675115 -44.169398 304.232488 1565.928552 -0.001647 0.645408 0.763837 0.363191 0.712065 -0.600880 -0.931713 0.276429 -0.235579
-3.801149 -43.949355 358.599109 1289.625369 -0.011777 0.652554 0.757650 0.296465 0.725913 -0.620611 -0.954971 0.217308 -0.202009
-2.373798 -173.460916 38.579021 7700.826792 -0.374938 -0.491495 -0.786037 0.313255 0.730849 -0.606409 0.872521 -0.473595 -0.120060
-0.686615 -181.921128 -200.692916 18736.502206 -0.352008 -0.490986 -0.796883 -0.008741 0.853061 -0.521737 0.935956 -0.176690 -0.304576
2.816882 -134.496777 -391.409910 13127.908629 -0.315962 -0.433975 -0.843702 -0.312795 0.887187 -0.339203 0.895727 0.156731 -0.416062
1.632947 -73.471165 -1244.613138 -6920.509692 -0.366195 0.904994 -0.216533 0.930534 0.356822 -0.082367 0.002722 -0.231654 -0.972795
2.706286 -43.993780 -250.947680 -1007.503970 -0.182562 0.961188 -0.206853 0.972086 0.144922 -0.184519 -0.147380 -0.234765 -0.960815
2.775652 -350.006885 -1841.413170 67792.136951 0.656234 -0.646080 0.389791 -0.587836 -0.113863 0.800927 0.473080 0.754729 0.454510
1.961281 -26.367291 -394.896023 794.778954 0.272825 -0.580335 -0.767318 -0.455386 0.624667 -0.634362 0.847461 0.522496 -0.093852
-21.421798 -31.536668 1409.956104 1042.871558 -0.462480 0.846206 0.264665 0.422493 -0.052106 0.904867 -0.779495 -0.530302 0.333418
-14.885328 -25.939927 2529.377884 1511.645250 -0.264051 0.817442 0.511924 0.645012 -0.244958 0.723847 -0.717103 -0.521330 0.462578
-17.605853 -29.117423 952.435590 1104.023606 -0.194067 0.785128 0.588143 0.585866 -0.388118 0.711425 -0.786828 -0.482637 0.384659
-10.108589 -25.138101 1776.265467 944.534786 -0.044381 0.717356 0.695291 0.693588 -0.478778 0.538245 -0.719004 -0.506134 0.476301
13.446778 -69.720845 -0.016017 3032.586202 0.792953 0.163322 0.586985 0.586600 -0.465066 -0.663034 -0.164699 -0.870080 0.464580
7.004345 -65.997480 -125.421510 -1354.912609 0.809460 0.139786 0.570294 0.482257 -0.712342 -0.509899 -0.334968 -0.687771 0.644025
8.879306 -65.485082 -234.071560 -1772.194936 0.780175 0.199636 0.592852 0.539919 -0.693525 -0.476981 -0.315935 -0.692220 0.648858
13.789175 -65.700094 -140.067708 2430.187550 0.744073 0.261237 0.614906 0.654772 -0.468054 -0.593464 -0.132774 -0.844204 0.519317
-1.944654 -27.254719 1342.847772 -600.417787 -0.503694 -0.550489 -0.665774 0.806347 -0.023042 -0.590993 0.309995 -0.834524 0.455491
-6.264527 -26.452823 1008.219196 -416.303502 -0.499242 -0.569021 -0.653431 0.789382 0.012248 -0.613780 0.357257 -0.822231 0.443061
47.265610 -62.969973 7174.385622 -248.849381 0.119526 0.936324 -0.330168 -0.784727 0.292817 0.546317 -0.608208 -0.193793 -0.769758
84.790061 -64.723473 14892.736895 487.097531 -0.040356 0.940941 -0.336156 -0.691205 0.216653 0.689418 -0.721531 -0.260175 -0.641640
44.572271 -58.455124 2895.671245 1240.666561 -0.168788 0.899119 -0.403852 -0.784031 0.125834 0.607834 -0.597333 -0.419227 -0.683697
21.175476 -51.383006 -1377.216647 1839.433310 -0.311874 0.838413 -0.446988 0.894986 0.101302 -0.434441 -0.318960 -0.535539 -0.781961
26.544844 -55.278510 2051.230894 -1743.095526 0.019541 0.925178 -0.379031 -0.905791 0.176877 0.385042 -0.423274 -0.335799 -0.841474
-7.142960 -32.544276 242.687277 -78.135599 0.725602 0.677210 0.122017 -0.657993 0.734734 -0.164959 -0.201362 0.039409 0.978724
-7.198520 -34.925664 183.486597 -593.541010 0.718960 0.686569 0.108256 -0.686603 0.725764 -0.042926 -0.108040 -0.043466 0.993196
-6.611113 -33.013318 524.865136 -170.516374 0.729185 0.679076 0.084531 -0.663446 0.731806 -0.155884 -0.167717 0.057586 0.984152
-7.544138 -34.673248 226.400534 -497.907262 0.703430 0.697546 0.136439 -0.702130 0.711792 -0.019117 -0.110452 -0.082351 0.990464
-6.523576 -31.632537 310.396406 890.059552 0.746621 0.656782 0.105807 -0.601699 0.734540 -0.313701 -0.283752 0.170552 0.943608
-8.227058 -32.199458 524.592399 -141.368874 0.708830 0.690627 0.143510 -0.675015 0.723180 -0.146168 -0.204731 0.006737 0.978795
-7.771452 -31.632204 238.779315 1319.527391 0.724782 0.674674 0.139667 -0.618173 0.726307 -0.300568 -0.304226 0.131508 0.943479
-4.443700 -46.627465 179.017747 -81.163809 0.734366 0.674456 -0.076267 0.673433 -0.709953 0.206046 -0.084823 0.202674 0.975566
-4.156290 -49.294852 -75.463242 -1197.545472 0.730905 0.679341 -0.065380 0.682476 -0.727864 0.066647 0.002312 0.093333 0.995632
-4.037532 -48.860883 316.172934 -1060.160192 0.734168 0.673596 -0.085235 0.678964 -0.727995 0.095028 -0.001959 0.127638 0.991819
-3.914447 -47.158091 222.367674 -44.971102 0.740779 0.666177 -0.086339 0.666841 -0.713760 0.214173 -0.081052 0.216229 0.972973
-4.647916 -45.135595 394.150835 -77.329459 0.749559 0.656646 -0.083525 0.632334 -0.673001 0.383696 -0.195741 0.340419 0.919674
-4.925360 -33.420352 101.042798 -5111.202231 0.838983 0.534215 -0.103545 0.287778 -0.274092 0.917637 -0.461835 0.799680 0.383694
-6.511191 -44.705196 -358.510995 -6218.786846 0.838466 0.542012 -0.056540 0.286101 -0.349515 0.892180 -0.463811 0.764239 0.448127
-6.694344 -49.133630 -396.854383 -8381.213166 0.825537 0.554765 -0.103562 0.335927 -0.335598 0.880072 -0.453478 0.761321 0.463409
-4.476164 -43.609978 733.927560 -7005.994221 0.832293 0.530092 -0.162142 0.340614 -0.258274 0.904034 -0.437344 0.807649 0.395516
-5.520140 -79.246659 209.877594 3237.529086 0.779201 0.578951 0.240127 -0.270663 -0.034740 0.962047 -0.565320 0.814622 -0.129631
-6.904026 -78.923740 572.497371 959.553972 0.777084 0.576969 0.251491 -0.405856 0.153945 0.900878 -0.481063 0.802127 -0.353795
-5.299938 -72.092420 632.539140 1964.558434 0.796267 0.570790 0.200392 -0.092222 -0.212849 0.972723 -0.597874 0.793028 0.116846
-6.584363 -23.892984 -226.825096 93.903681 0.756226 0.594714 0.272833 -0.468037 0.783053 -0.409597 -0.457236 0.182052 0.870513
-6.405209 -24.449771 -199.240027 -702.638243 0.726616 0.633977 0.264768 -0.478431 0.743484 -0.467263 -0.493085 0.212848 0.843542
-5.551228 -25.025681 -228.034880 -346.082714 0.717391 0.642367 0.269657 -0.521438 0.751781 -0.403643 -0.462010 0.148960 0.874276
-3.227355 -25.283142 -530.247513 -825.655473 0.727383 0.621337 0.291297 -0.453138 0.753671 -0.476073 -0.515344 0.214290 0.829759
-5.898186 -26.296505 -390.935061 735.414116 0.722218 0.638136 0.266803 -0.547323 0.763116 -0.343644 -0.422893 0.102158 0.900403
-4.636099 -24.381610 -44.358668 -658.469617 0.711466 0.645093 0.278696 -0.527261 0.752228 -0.395156 -0.464556 0.134194 0.875317
-4.870882 -25.379134 -86.990928 300.400486 0.716881 0.637924 0.281308 -0.552959 0.765985 -0.327876 -0.424638 0.079497 0.901866
-13.993530 -19.378211 709.348430 129.250608 -0.911798 -0.012945 -0.410434 0.097413 0.964153 -0.246818 0.398916 -0.265030 -0.877853
-13.870231 -19.623706 18.604949 531.916316 -0.882812 -0.396619 -0.251667 -0.251849 0.851915 -0.459143 0.396504 -0.341956 -0.851969
-12.481209 -17.464632 758.359792 391.420082 -0.933291 -0.026681 -0.358129 0.081111 0.955806 -0.282587 0.349842 -0.292784 -0.889881
-9.203919 -17.445296 1258.321685 -192.977937 -0.846978 0.339241 -0.409321 0.405702 0.910018 -0.085278 0.343560 -0.238291 -0.908396
20.977873 -8.069483 204.830906 919.601904 0.719590 0.564857 0.403890 -0.408774 0.814759 -0.411182 -0.561332 0.130783 0.817192
-9.782321 -28.651444 -94.883792 110.733614 0.746616 0.543453 0.383696 0.171352 0.400206 -0.900263 0.642809 -0.737898 -0.205679
-8.984258 -27.953452 -510.324846 49.678931 0.742801 0.487102 0.459323 0.172874 0.523249 -0.834461 0.646808 -0.699244 -0.304463
-5.669660 -26.514189 617.109008 546.656746 0.675974 0.681562 0.280238 -0.657251 0.729583 -0.189023 -0.333288 -0.056412 0.941136
-6.086927 -30.029125 592.221879 818.353186 0.654932 0.699430 0.286117 -0.709061 0.699708 -0.087413 -0.261338 -0.145624 0.954199
6.992493 -60.237080 366.239882 7293.846241 0.547107 0.835977 0.042617 0.567700 -0.407984 0.715029 -0.615135 0.367004 0.697795
