19518
39019
-22.594918 -34.041737 -16.157224 -2501.799945 -0.634744 0.585830 -0.503889 0.739289 0.270662 -0.616599 -0.224838 -0.763901 -0.604899
-23.524169 -38.751659 -116.598747 -2541.723217 -0.587730 0.634951 -0.501409 0.787519 0.306925 -0.534426 -0.185440 -0.708967 -0.680425
-28.312982 -45.096787 -399.051299 -2688.661141 -0.328274 0.654908 -0.680685 0.940738 0.161730 -0.298085 -0.085130 -0.738200 -0.669189
-20.207731 -32.075249 -143.610287 -1666.868677 0.789378 -0.556335 0.259565 0.548552 0.449362 -0.705099 -0.275632 -0.698974 -0.659895
-24.175852 -44.966895 -675.911083 -4544.919624 -0.195096 0.618119 -0.761490 0.965382 -0.016031 -0.260347 -0.173133 -0.785921 -0.593593
-20.094398 -29.009110 -666.743458 -2547.791823 -0.638969 0.558246 -0.529227 0.717854 0.185517 -0.671021 -0.276414 -0.808669 -0.519278
-17.265422 -26.852281 -101.822610 -1116.472862 0.879153 -0.456913 0.135357 0.364493 0.461770 -0.808649 -0.306978 -0.760263 -0.572508
13.879814 -6.734903 -3327.209008 -1367.439539 0.859057 -0.374249 -0.349225 -0.263593 0.261399 -0.928542 -0.438793 -0.889724 -0.125907
5.153386 -12.278407 -1215.221424 -1764.433557 0.883095 -0.469004 -0.013339 0.065112 0.150654 -0.986440 -0.464654 -0.870252 -0.163580
5.512152 -13.306312 -2948.189932 -2360.801100 0.872020 -0.488859 0.024428 0.089273 0.109777 -0.989939 -0.481259 -0.865428 -0.139370
14.509581 -6.535072 -4595.531410 -1258.434180 0.837484 -0.415696 -0.354707 -0.270471 0.248693 -0.930052 -0.474832 -0.874842 -0.095843
14.309441 -16.039863 -1169.820342 1406.675027 0.858816 -0.290325 -0.422073 -0.354072 0.259033 -0.898629 -0.370226 -0.921202 -0.119666
10.486152 -4.969187 170.309976 -1414.203619 0.746903 -0.112779 -0.655299 -0.590793 0.339671 -0.731838 -0.305122 -0.933758 -0.187072
16.074200 -30.310920 -1459.418378 -1941.212381 0.799442 -0.224285 0.557305 0.483808 0.790308 -0.375957 0.356121 -0.570184 -0.740316
18.597807 -33.579524 -376.150061 -2011.252750 0.775493 -0.144534 0.614590 0.446232 0.814119 -0.371600 0.446641 -0.562423 -0.695839
15.044688 -36.512856 -852.274559 -1551.929525 0.801706 -0.189941 0.566736 0.414881 0.859391 -0.298867 0.430281 -0.474731 -0.767782
19.526268 -24.605117 -819.388009 -2228.508797 0.780505 -0.177455 0.599435 0.510298 0.734745 -0.446930 0.361121 -0.654721 -0.664027
11.014124 -33.905705 -1410.147872 -1585.707363 0.816618 -0.245456 0.522386 0.450511 0.836831 -0.311053 0.360799 -0.489352 -0.793951
15.669338 -24.218560 -1767.606436 -1929.886822 0.796373 -0.250419 0.550528 0.526160 0.735719 -0.426466 0.298238 -0.629292 -0.717667
10.680040 -27.541767 -1761.802022 -1824.494367 0.811252 -0.266037 0.520667 0.503942 0.769710 -0.391905 0.296501 -0.580320 -0.758496
-6.927930 -24.033092 -1548.189687 -196.144363 -0.396499 0.489711 -0.776512 0.901420 0.367872 -0.228279 0.173867 -0.790476 -0.587297
-11.194099 -24.445941 -827.242942 -649.247064 -0.357708 0.555834 -0.750396 0.926719 0.310295 -0.211918 0.115053 -0.771210 -0.626097
-9.629448 -24.137273 -1222.402066 405.104558 -0.379840 0.527164 -0.760144 0.897469 0.409177 -0.164694 0.224213 -0.744763 -0.628535
-13.348476 -23.999908 -396.112133 37.606153 -0.347887 0.593820 -0.725501 0.918381 0.371470 -0.136329 0.188547 -0.713714 -0.674583
-5.809045 -24.573932 -1665.762386 502.055780 -0.391993 0.487001 -0.780494 0.875571 0.457868 -0.154051 0.282340 -0.743765 -0.605886
-10.059774 -24.416340 -830.876237 603.339595 -0.363655 0.553909 -0.748959 0.883511 0.459906 -0.088852 0.295235 -0.694025 -0.656632
21.767488 -28.051063 -7952.861343 -483.012391 0.714620 -0.500566 0.488622 -0.478997 0.158889 0.863317 0.509783 0.850993 0.126224
47.694013 -26.623628 -12989.291130 -113.982947 0.714956 -0.507180 0.481256 -0.438279 0.211192 0.873676 0.544748 0.835564 0.071294
81.142047 -25.298168 -15248.366393 -413.762250 0.702848 -0.570796 0.424496 -0.455372 0.097415 0.884956 0.546481 0.815293 0.191457
43.428591 -27.069156 -12144.323264 -553.365406 0.748004 -0.495540 0.441509 -0.498454 0.019788 0.866690 0.438217 0.868360 0.232202
-0.641320 -22.457177 -1655.221247 232.718198 -0.364095 0.522055 -0.771293 0.778019 0.625717 0.056251 0.511977 -0.579600 -0.633990
5.338752 -23.395363 -2215.579232 169.929998 -0.373941 0.504608 -0.778164 0.767123 0.639830 0.046268 0.521240 -0.579645 -0.626355
2.466146 -23.152719 -2126.717381 229.999209 -0.397294 0.482098 -0.780858 0.796220 0.604155 -0.032108 0.456280 -0.634491 -0.623883
1.562062 -23.316334 -202.724550 -725.880038 -0.464127 0.344896 -0.815863 0.872323 0.337857 -0.353420 0.153752 -0.875728 -0.457669
1.428853 -23.551223 -533.421346 -620.487627 -0.459838 0.342293 -0.819380 0.868826 0.364148 -0.335466 0.183548 -0.866159 -0.464842
1.372496 -25.290965 -240.502974 10.909376 -0.487753 0.342330 -0.803061 0.866421 0.302398 -0.397329 0.106827 -0.889587 -0.444098
1.472546 -24.859402 -128.045972 -75.587980 -0.482013 0.342808 -0.806317 0.870995 0.287303 -0.398529 0.095038 -0.894393 -0.437068
1.389440 -25.064799 -70.153235 973.507911 -0.484465 0.343744 -0.804447 0.872532 0.256204 -0.415991 0.063108 -0.903438 -0.424049
-4.101285 -50.872832 461.169798 624.051195 -0.238160 0.298034 -0.924368 0.808472 -0.466569 -0.358730 -0.538195 -0.832760 -0.129834
-4.189974 -46.560546 -77.570497 1197.497817 -0.228215 0.287925 -0.930063 0.903503 -0.293305 -0.312498 -0.362768 -0.911631 -0.193205
-3.534155 -49.284768 -222.124277 1046.404513 -0.254594 0.268234 -0.929103 0.857574 -0.381404 -0.345106 -0.446933 -0.884636 -0.132927
12.230790 -25.715164 -1405.259929 -215.774143 -0.293037 0.527919 -0.797139 0.895421 -0.140756 -0.422385 -0.335187 -0.837550 -0.431463
13.508270 -24.612577 -1266.072018 -578.956399 -0.283755 0.526258 -0.801583 0.856249 -0.237242 -0.458861 -0.431649 -0.816559 -0.383290
8.682879 -25.933822 -1860.247209 -408.925042 -0.346761 0.493469 -0.797650 0.871332 -0.145306 -0.468686 -0.347186 -0.857540 -0.379588
13.961304 -24.586252 689.458950 -255.869547 -0.222075 0.605342 -0.764358 0.875801 -0.220715 -0.429252 -0.428549 -0.764752 -0.481144
7.833905 -27.201921 -1847.909100 -119.367738 -0.352081 0.498427 -0.792218 0.901556 -0.046807 -0.430122 -0.251466 -0.865667 -0.432881
13.739804 -26.174628 5.007702 -308.326428 -0.238370 0.588330 -0.772688 0.922053 -0.112733 -0.370284 -0.304956 -0.800724 -0.515599
11.192508 -27.466112 -1587.031556 -334.553149 -0.303826 0.526474 -0.794050 0.919253 -0.056992 -0.389520 -0.250327 -0.848279 -0.466647
6.097552 -16.491625 477.853895 -1288.780168 -0.297795 0.684631 -0.665280 0.505739 0.704210 0.498313 0.809658 -0.188063 -0.555955
4.369647 -13.506518 965.202140 1151.548144 -0.291237 0.719267 -0.630742 -0.542241 -0.667296 -0.510579 0.788134 -0.193314 -0.584358
6.625682 -11.527408 527.204408 1306.840102 -0.285638 0.707323 -0.646610 -0.564720 -0.669362 -0.482748 0.774275 -0.227263 -0.590635
-2.014202 -52.908893 348.298382 -526.852188 -0.552081 0.664182 0.504052 -0.203726 0.478754 -0.853985 0.808519 0.574157 0.129000
-2.078807 -53.375996 97.226125 253.511408 -0.545157 0.639798 0.541721 -0.107764 0.587346 -0.802130 0.831379 0.495665 0.251249
-2.294814 -56.398612 -250.219962 679.891057 -0.536783 0.669870 0.512969 -0.221084 0.475068 -0.851723 0.814239 0.570600 0.106911
-1.485674 -37.538144 213.480687 -775.603535 0.680239 -0.429127 0.594243 0.344798 0.902748 0.257216 -0.646830 0.029925 0.762047
-0.918852 -38.603899 408.374419 -854.808717 0.691525 -0.405754 0.597626 0.319741 0.913807 0.250445 -0.647734 0.017897 0.761656
-0.317080 -40.374428 437.598803 -1341.319481 0.686544 -0.428189 0.587632 0.402921 0.896807 0.182733 -0.605237 0.111315 0.788224
-1.138133 -35.403563 90.391883 -19.567395 0.612977 -0.534672 0.581708 0.479442 0.836914 0.264029 -0.628008 0.117051 0.769353
-0.967653 -36.440529 -30.274964 -39.455972 0.615721 -0.526396 0.586340 0.485267 0.839583 0.244166 -0.620809 0.134193 0.772392
-0.467972 -37.182540 151.884260 -749.515986 0.606058 -0.549405 0.575194 0.561009 0.807881 0.180547 -0.563882 0.213268 0.797843
0.038516 -37.306733 -86.471586 -900.923734 0.609865 -0.529472 0.589682 0.537866 0.822997 0.182689 -0.582035 0.205754 0.786702
-8.492201 -50.944484 -346.553910 -663.404053 0.231948 -0.428896 0.873068 0.955448 0.268881 -0.121745 -0.182536 0.862410 0.472154
-7.877696 -51.825304 663.245959 -295.471984 0.266324 -0.479886 0.835931 0.929345 0.357921 -0.090612 -0.255714 0.801000 0.541303
-7.923317 -54.850087 657.940801 -883.343911 0.235979 -0.489060 0.839723 0.969486 0.177547 -0.169040 -0.066420 0.853989 0.516034
-8.591132 -53.252587 -298.007372 -1092.476570 0.209679 -0.444188 0.871052 0.977503 0.116037 -0.176132 -0.022839 0.888387 0.458526
-7.984508 -52.931512 -753.980545 -827.927181 0.187690 -0.398423 0.897792 0.982063 0.092880 -0.164089 -0.018010 0.912487 0.408709
-8.244724 -49.913089 -729.166980 -655.126228 0.213448 -0.396252 0.892986 0.959088 0.259001 -0.114320 -0.185985 0.880854 0.435323
-9.523651 -49.298631 -699.706303 -359.236148 0.238852 -0.392313 0.888279 0.914538 0.398404 -0.069956 -0.326450 0.829075 0.453945
-1.909330 -80.487642 312.564491 -6491.106666 0.371333 -0.717925 -0.588809 0.923822 0.349247 0.156779 0.093084 -0.602172 0.792921
-2.892857 -93.612994 429.597577 -7613.259255 0.352922 -0.730994 -0.584032 0.879264 0.472528 -0.060106 0.319909 -0.492306 0.809502
-1.182087 -77.129605 -104.482144 -5992.639113 0.392966 -0.716540 -0.576323 0.915573 0.363133 0.172802 0.085462 -0.595571 0.798744
1.512171 -67.863311 -1165.457394 -3183.796157 0.437936 -0.711261 -0.549836 0.896924 0.387273 0.213415 0.061143 -0.586623 0.807549
0.190832 -66.409066 -540.013303 -594.137519 0.410005 -0.709349 -0.573341 0.909964 0.275303 0.310119 -0.062140 -0.648870 0.758358
-1.359972 -67.086470 29.620639 -1948.168482 0.389414 -0.714589 -0.581136 0.918696 0.256140 0.300649 -0.065988 -0.650964 0.756235
0.407918 -100.774153 -54.268354 5755.084935 -0.316201 0.718669 0.619299 -0.086861 0.628119 -0.773254 0.944707 0.298296 0.136188
0.189166 -114.672911 -101.246389 5499.663052 -0.315202 0.735771 0.599407 0.212489 0.670284 -0.711033 0.924930 0.096751 0.367618
0.284013 -105.809106 -148.048840 4550.608911 -0.318179 0.721951 0.614450 0.117232 0.673121 -0.730181 0.940755 0.160295 0.298808
0.081169 -110.932802 -279.478545 920.374161 -0.309853 0.730931 0.608055 0.405640 0.680032 -0.610747 0.859911 -0.057410 0.507205
3.240317 -8.418653 -2371.742614 32.406705 0.088722 0.771302 -0.630255 -0.205120 -0.605040 -0.769319 0.974707 -0.197534 -0.104530
3.882910 -9.375716 -2554.152676 -384.977923 0.121264 0.844603 -0.521480 -0.217622 -0.489954 -0.844148 0.968471 -0.215850 -0.124390
-2.189208 -10.394762 -2291.559979 -266.780484 0.105436 0.822409 -0.559042 -0.212497 -0.530557 -0.820582 0.971457 -0.205313 -0.118820
-2.031669 -10.260531 -2457.392200 -39.393423 0.047252 0.647842 -0.760308 0.180111 0.743157 0.644421 0.982511 -0.167390 -0.081568
-3.305106 -57.056735 -310.480135 -3751.483777 0.562607 -0.633406 -0.531291 0.668236 -0.029963 0.743346 -0.486759 -0.773239 0.406407
-2.674966 -75.254701 -326.042903 -5884.369299 0.577710 -0.625400 -0.524524 0.745304 0.142145 0.651396 -0.332825 -0.767248 0.548232
-2.252384 -70.938807 -536.940941 -7004.494549 0.546789 -0.640353 -0.539416 0.724255 0.038495 0.688457 -0.420091 -0.767115 0.484828
-3.112229 -49.996542 -307.060749 -3540.564790 0.558730 -0.641790 -0.525287 0.626493 -0.088409 0.774397 -0.543440 -0.761767 0.352680
10.837706 -874.479313 101.180880 -182949.159292 -0.216871 0.743875 0.632153 0.457716 -0.494486 0.738904 -0.862243 -0.449593 0.233244
2.899026 -592.235424 3445.805706 -126269.332975 -0.261391 0.836432 0.481723 0.479499 -0.320614 0.816877 -0.837709 -0.444509 0.317263
3.186146 -228.759720 2578.170130 -40373.967019 -0.332045 0.833755 0.441134 0.032027 -0.457433 0.888667 -0.942720 -0.309206 -0.125185
9.774246 -185.042380 2557.283168 -26923.630394 -0.384892 0.813372 0.436216 -0.153501 -0.522456 0.838735 -0.910107 -0.255863 -0.325943
3.336107 -144.921155 1863.465041 -24671.049798 -0.364264 0.811385 0.457129 -0.250273 -0.558083 0.791143 -0.897037 -0.173778 -0.406357
-3.112319 -142.656119 1388.467259 -22100.677260 -0.347384 0.849102 0.397931 -0.251262 -0.493126 0.832883 -0.903433 -0.189345 -0.384652
-2.838852 -235.551715 2083.597577 -41699.731091 -0.330131 0.848817 0.412944 0.039409 -0.424696 0.904478 -0.943112 -0.314870 -0.106755
-1855.196356 -2652.071467 333891.701807 5428312.884114 -0.588336 0.547564 0.595009 0.216181 0.815561 -0.536773 -0.779184 -0.187173 -0.598197
-450.358743 -2290.411062 90460.258302 481570.416365 -0.459174 0.734707 0.499365 0.874303 0.274200 0.400510 0.157332 0.620500 -0.768262
-867.638804 -8130.540124 151829.692790 391400.973495 -0.575538 0.688210 0.441728 0.398856 0.707788 -0.583052 -0.713912 -0.159383 -0.681855
-685.625966 -2519.893876 -141261.377344 -697957.529333 0.548483 -0.639902 -0.538231 0.665356 -0.055853 0.744434 -0.506426 -0.766424 0.395128
12.784035 -27.450621 3249.647330 354.258532 -0.373662 0.526446 -0.763696 0.927498 0.202190 -0.314429 -0.011118 -0.825817 -0.563829
5.069591 -28.212577 1470.360714 296.671335 -0.373002 0.525405 -0.764734 0.926881 0.248281 -0.281510 0.041962 -0.813822 -0.579598
5.289265 -28.506971 1863.844367 57.464079 -0.394257 0.523336 -0.755434 0.916173 0.159397 -0.367721 -0.072028 -0.837085 -0.542310
2.292332 -28.534537 -186.026555 -300.478727 -0.397602 0.504079 -0.766692 0.909784 0.108038 -0.400776 -0.119191 -0.856874 -0.501559
6.064330 -28.097702 1305.199430 -277.798281 -0.399484 0.519908 -0.755055 0.895168 0.043606 -0.443590 -0.197702 -0.853109 -0.482825
11.477863 -27.316917 2693.430366 -44.074308 -0.386713 0.524337 -0.758633 0.912975 0.101609 -0.395161 -0.130114 -0.845427 -0.518000
-6.000257 -19.040094 12.673168 418.238781 -0.101450 -0.370887 0.923120 -0.428259 0.853811 0.295975 -0.897943 -0.365308 -0.245455
-6.255681 -18.272076 267.232956 453.958109 -0.089257 -0.442052 0.892537 -0.427160 0.826508 0.366632 -0.899760 -0.348531 -0.262599
-6.392575 -20.245558 207.266271 347.620712 -0.109633 -0.377486 0.919503 -0.486573 0.827041 0.281513 -0.866734 -0.416542 -0.274346
-6.074656 -20.525001 -152.457148 448.361369 -0.106935 -0.350390 0.930479 -0.487227 0.834245 0.258157 -0.866704 -0.425749 -0.259929
-1.367412 -49.177456 -81.686765 -657.680726 -0.218426 0.246036 -0.944329 0.975463 0.027674 -0.218417 -0.027605 -0.968866 -0.246044
-1.915031 -47.487821 -8.275927 759.276282 -0.260072 0.245066 -0.933973 0.948598 -0.115812 -0.294532 -0.180346 -0.962564 -0.202350
-1.992713 -46.136005 -179.083177 1022.240520 -0.238856 0.251638 -0.937884 0.956264 -0.106981 -0.272241 -0.168842 -0.961890 -0.215079
-2.158625 -46.341293 -212.337687 -324.874630 -0.212890 0.253899 -0.943511 0.976288 0.016507 -0.215844 -0.039229 -0.967090 -0.251393
12.031468 -74.664348 -943.935839 2069.372702 0.289991 -0.443808 0.847903 -0.612789 0.594429 0.520714 -0.735115 -0.670589 -0.099582
12.816175 -75.312964 -710.779774 1750.963768 0.298970 -0.403850 0.864594 -0.600618 0.624421 0.499355 -0.741535 -0.668583 -0.055877
14.133431 -79.326432 166.305523 1289.743523 -0.311875 0.397867 -0.862807 0.769472 -0.426938 -0.475012 -0.557357 -0.812050 -0.172996
14.534168 -81.401144 492.834931 3330.783009 -0.332097 0.449851 -0.829063 0.818550 -0.299314 -0.490293 -0.468709 -0.841454 -0.268824
10.396854 -69.467276 1145.805853 3245.673233 -0.304618 0.522854 -0.796135 0.741535 -0.394401 -0.542746 -0.597774 -0.755693 -0.267573
8.864380 -68.045355 -1376.406635 3399.390470 0.232447 -0.482823 0.844304 -0.502151 0.683860 0.529320 -0.832954 -0.547007 -0.083489
-16.435937 -621.246369 -10274.271635 106710.535092 -0.658240 0.387007 0.645714 0.123499 0.901632 -0.414496 -0.742609 -0.193093 -0.641285
-13.033215 -231.966483 1537.750213 43903.781489 -0.595531 0.688164 0.414455 0.522624 0.723704 -0.450684 -0.610087 -0.051792 -0.790640
-48.102717 -652.172746 -4338.293983 125712.230605 -0.651522 0.513200 0.558699 0.050105 0.763960 -0.643316 -0.756973 -0.391141 -0.523451
-41.787018 -759.653854 -2213.846501 145067.695960 -0.560977 0.583513 0.587212 -0.155243 0.622601 -0.766986 -0.813145 -0.521422 -0.258678
-16.047632 -693.501057 3600.040844 -145649.874475 -0.555268 0.721928 0.412913 -0.070087 -0.535339 0.841724 -0.828713 -0.438443 -0.347854
8.519202 -289.331497 -270.856945 49136.545482 0.537654 -0.698935 -0.471613 0.828935 0.335830 0.447309 -0.154258 -0.631434 0.759932
3.917095 -192.262260 658.107371 -5537.440618 0.530411 -0.693939 -0.486942 0.650390 -0.035316 0.758779 -0.543743 -0.719167 0.432599
6.378522 -217.552257 -58.222561 831.834282 0.523324 -0.714171 -0.464856 0.664139 0.000041 0.747609 -0.533902 -0.699971 0.474331
18.285285 -892.284023 -1343.537774 195786.917323 0.580355 -0.663613 -0.472024 0.810852 0.417113 0.410531 -0.075547 -0.620995 0.780165
0.488894 -42.279303 -550.017688 -284.047476 -0.349972 0.439047 -0.827501 0.409576 0.866173 0.286344 0.842477 -0.238712 -0.482959
0.217036 -43.124310 -489.054789 777.040500 -0.358076 0.453674 -0.816065 0.197143 0.891050 0.408857 0.912642 -0.014480 -0.408502
1.045164 -42.416525 -149.814162 1171.005330 -0.368355 0.455885 -0.810236 0.263523 0.886972 0.379257 0.891555 -0.073814 -0.446857
1.279414 -43.570327 -231.736344 -380.822808 -0.365083 0.443378 -0.818615 0.445007 0.855460 0.264872 0.817730 -0.267589 -0.509620
1.364446 -43.712008 -210.239931 -578.460509 -0.372745 0.436087 -0.819079 0.544424 0.817578 0.187532 0.751441 -0.376025 -0.542164
0.558576 -43.324920 -417.790153 -826.609251 -0.362897 0.433853 -0.824668 0.564050 0.806722 0.176200 0.741723 -0.401212 -0.537472
-5.840154 -19.488096 258.058362 243.106268 0.836371 -0.452837 0.308906 0.397655 0.113344 -0.910507 -0.377299 -0.884360 -0.274870
-4.679286 -21.445324 -226.026612 -81.360236 0.829665 -0.453775 0.325185 0.393019 0.061082 -0.917499 -0.396475 -0.889021 -0.229019
-5.242510 -20.064824 378.381708 112.739955 0.855889 -0.445312 0.262965 0.331794 0.082791 -0.939712 -0.396694 -0.891540 -0.218612
-7.035094 -19.736452 763.911063 167.889156 0.844720 -0.450733 0.288596 0.354729 0.067729 -0.932513 -0.400768 -0.890086 -0.217100
17.444518 -23.877035 7414.234843 -8752.151786 -0.600082 0.571785 -0.559431 0.356554 0.817216 0.452800 0.716080 0.072250 -0.694269
19.465373 -37.156399 602.821106 -5368.508863 -0.478919 0.468368 -0.742474 0.202256 0.881895 0.425856 0.854242 0.053781 -0.517087
12.137727 -46.238121 5132.363349 -2830.906003 -0.615935 0.497794 -0.610594 0.165339 0.839486 0.517616 0.770251 0.217863 -0.599374
-0.241153 -38.666857 6228.925614 -7155.303419 -0.596148 0.613555 -0.517840 0.321722 0.773489 0.546085 0.735597 0.158947 -0.658508
-3.643254 -51.159597 4297.185852 -2430.172997 -0.591775 0.572530 -0.567461 0.157210 0.772408 0.615363 0.790625 0.274946 -0.547099
2.513185 -52.901054 4832.174306 77.388076 -0.628483 0.488054 -0.605650 0.028346 0.792501 0.609211 0.777306 0.365712 -0.511908
-26.032302 -35.448494 875.076993 977.225811 -0.501885 0.757842 0.416877 0.828038 0.281716 0.484756 0.249928 0.588482 -0.768912
-25.430839 -34.815008 -96.821186 644.061794 -0.447000 0.821303 0.354476 0.809313 0.202503 0.551367 0.381056 0.533343 -0.755210
-28.659568 -37.390740 -216.064534 1336.271552 -0.580099 0.783973 0.221070 0.756058 0.417247 0.504264 0.303088 0.459664 -0.834773
-21.854918 -44.755443 2624.576424 1330.751694 0.587644 -0.760373 0.276598 0.807845 0.570547 -0.147857 -0.045386 0.310336 0.949543
-13.623915 -48.377536 3895.964041 -557.079227 0.677843 -0.706295 0.204147 0.721065 0.692861 0.002917 -0.143506 0.145226 0.978936
-6.829619 -46.036790 4567.104718 2349.257312 0.639413 -0.748074 0.177585 0.767390 0.606640 -0.207607 0.047576 0.269024 0.961958
-8.770644 -19.027779 -727.178100 1166.026323 0.524351 -0.681816 0.510081 0.841053 0.321150 -0.435307 0.132987 0.657259 0.741839
-4.681662 -20.485341 -2357.114221 1128.268792 0.622594 -0.616947 0.481407 0.774857 0.400003 -0.489484 0.109422 0.677771 0.727085
-5.191438 -21.766126 -313.228511 610.299352 0.511846 -0.689126 0.512951 0.857000 0.368101 -0.360627 0.059700 0.624185 0.778993
-3.081379 -20.579676 2558.421743 839.710776 0.348342 -0.766817 0.539119 0.927193 0.197361 -0.318373 0.137733 0.610770 0.779737
19.500305 -35.180151 -2054.771808 -1480.608201 0.011757 -0.924442 0.381141 0.970244 0.102736 0.219254 -0.241845 0.367222 0.898142
15.941936 -30.939711 -1437.780069 -856.288856 -0.067128 -0.936779 0.343422 0.941856 0.054085 0.331636 -0.329244 0.345716 0.878680
12.884853 -29.398293 -2669.081802 -581.753416 0.000263 -0.897040 0.441949 0.960115 0.123797 0.250705 -0.279605 0.424256 0.861294
10.051339 -25.994046 -2565.043544 -861.191435 -0.068868 -0.907143 0.415148 0.919304 0.103921 0.379580 -0.387476 0.407788 0.826783
16.425780 -33.037871 -2134.104346 -716.829210 0.124433 -0.880648 0.457139 0.979542 0.182464 0.084875 -0.158156 0.437226 0.885336
8.308103 -27.707998 -1765.209895 -256.755334 0.129848 -0.862146 0.489739 0.961485 0.230156 0.150246 -0.242250 0.451367 0.858826
5.779709 -26.322715 -2413.321265 -507.130227 0.034664 -0.880687 0.472429 0.945442 0.182120 0.270132 -0.323941 0.437290 0.838951
-2.622420 -25.476972 299.293639 -200.400140 0.809994 -0.232749 0.538273 -0.582816 -0.421346 0.694833 -0.065078 0.876525 0.476938
-3.220136 -24.267566 -100.493683 1464.921556 0.797523 -0.232658 0.556622 -0.601576 -0.376178 0.704696 -0.045435 0.896861 0.439972
-2.926435 -23.045673 -44.421680 1483.564358 0.830615 -0.196439 0.521047 -0.554494 -0.377700 0.741539 -0.051132 0.904851 0.422647
-3.663710 -22.366995 -153.259566 664.448709 0.805444 -0.193113 0.560328 -0.592646 -0.271381 0.758369 -0.005612 0.942900 0.333030
-5.096432 -23.710773 -172.564153 1009.659398 0.826439 -0.164780 0.538374 -0.557679 -0.371052 0.742505 -0.077415 0.913875 0.398547
-3.722152 -31.695931 45.658285 102.398492 -0.603091 0.169562 -0.779442 -0.322440 0.841933 0.432644 0.729598 0.512247 -0.453089
-4.160272 -31.748373 -60.553201 191.257092 -0.606424 0.160877 -0.778696 -0.360465 0.817284 0.449568 0.708742 0.553322 -0.437630
-4.189354 -33.286101 -110.293698 1070.025389 -0.612907 0.200800 -0.764215 -0.413772 0.742397 0.526915 0.673156 0.639160 -0.371935
-3.680205 -31.126959 -73.667743 -1149.334130 -0.600466 0.138225 -0.787613 -0.226541 0.915190 0.333327 0.766890 0.378578 -0.518226
-3.484646 -33.855248 -143.810234 1163.755172 -0.607118 0.218685 -0.763927 -0.387278 0.758036 0.524782 0.693846 0.614457 -0.375526
-3.070760 -31.995747 173.032875 13.237935 -0.605146 0.187060 -0.773826 -0.295589 0.849729 0.436564 0.739206 0.492920 -0.458917
-3.347378 -32.567710 16.379783 -1523.112928 -0.600846 0.168123 -0.781485 -0.203098 0.913444 0.352664 0.773133 0.370615 -0.514694
-0.944017 -26.920175 412.895664 -2166.414522 0.679314 -0.317407 0.661653 0.711213 0.062555 -0.700188 0.180854 0.946224 0.268238
-2.907234 -29.415563 724.094344 69.693300 0.670155 -0.308935 0.674872 0.685691 -0.090359 -0.722263 0.284113 0.946781 0.151279
-2.599576 -25.538074 939.369061 -2037.934925 0.679272 -0.323158 0.658906 0.712332 0.074329 -0.697895 0.176555 0.943421 0.280685
-1.798943 -25.153862 710.861663 -1698.341985 0.687378 -0.318692 0.652646 0.713488 0.128257 -0.688829 0.135818 0.939141 0.315544
-11.630914 -61.974601 41.408430 2071.285322 -0.497901 0.067348 -0.864615 0.836221 0.301518 -0.458064 0.229847 -0.951079 -0.206444
-11.245299 -59.065332 939.791735 2080.765483 -0.512546 0.123726 -0.849699 0.826839 0.338013 -0.449538 0.231590 -0.932973 -0.275549
-11.179468 -56.485594 79.080609 3049.212810 -0.480215 0.080970 -0.873405 0.797735 0.454328 -0.396491 0.364709 -0.887147 -0.282768
-8.281536 -62.728535 -1768.940692 2331.174082 -0.471858 0.002562 -0.881671 0.827743 0.345665 -0.441992 0.303630 -0.938354 -0.165226
2.926785 -46.619958 596.743982 -866.412210 0.352716 -0.316649 0.880525 0.932329 0.038767 -0.359526 0.079708 0.947750 0.308895
3.252115 -45.730888 247.688830 -2087.413049 0.373502 -0.292772 0.880216 0.914651 -0.041940 -0.402064 0.154630 0.955262 0.252119
3.502653 -45.853343 698.283676 -1251.632588 0.331490 -0.303781 0.893214 0.914365 -0.129856 -0.383503 0.232490 0.943851 0.234721
2.652647 -44.524013 577.701848 -694.414756 0.318247 -0.304579 0.897747 0.937786 -0.037540 -0.345177 0.138836 0.951747 0.273683
1.570380 -42.751840 272.146915 -565.084340 0.312749 -0.274550 0.909291 0.908545 -0.192720 -0.370682 0.277010 0.942062 0.189168
5.407522 -49.226139 615.863003 -422.903454 0.302089 -0.294857 0.906533 0.852624 -0.341741 -0.395279 0.426350 0.892341 0.148166
0.512361 -90.591192 -142.298437 343.063723 -0.548464 0.143546 -0.823760 0.835657 0.059451 -0.546025 -0.029406 -0.987856 -0.152562
0.133131 -89.686963 31.599301 -3345.742428 -0.565056 0.154708 -0.810418 0.772799 -0.244765 -0.585552 -0.288952 -0.957160 0.018748
0.772819 -86.655265 -37.154421 -2459.422023 -0.557450 0.151380 -0.816293 0.802012 -0.155892 -0.576607 -0.214540 -0.976106 -0.034506
-0.017614 -92.451666 366.299052 -1302.579279 -0.548227 0.156615 -0.821534 0.828304 -0.034083 -0.559242 -0.115586 -0.987071 -0.111040
7.937371 -40.107321 394.398213 -1452.006381 0.751687 -0.114956 0.649424 -0.044892 0.973490 0.224281 -0.657990 -0.197743 0.726600
6.623031 -38.867567 268.315347 -1051.220470 0.762590 -0.104906 0.638319 -0.062066 0.970344 0.233624 -0.643898 -0.217777 0.733463
6.765260 -34.824292 315.860632 -2068.062092 0.762370 -0.092527 0.640493 -0.150182 0.937409 0.314180 -0.629474 -0.335712 0.700757
28.177054 -40.522847 -3756.162130 5286.525567 -0.338033 0.372654 -0.864212 -0.413782 0.765904 0.492112 0.845292 0.523946 -0.104703
29.491473 -33.244911 -585.516974 3213.933348 -0.496816 0.338384 -0.799169 -0.327715 0.779528 0.533797 0.803603 0.527098 -0.276388
29.076197 -36.688861 -2792.822105 159.702070 -0.388642 0.406975 -0.826637 -0.184321 0.844689 0.502521 0.902764 0.347667 -0.253268
18.568009 -46.125003 -2870.031419 2703.342311 -0.315708 0.389096 -0.865409 -0.282354 0.832214 0.477176 0.905872 0.395000 -0.152873
9.773579 -41.998395 189.657350 -1126.102660 -0.268312 0.370968 -0.889040 0.477439 0.852770 0.211742 0.836696 -0.367649 -0.405923
9.154418 -42.653883 604.873361 -392.001637 -0.328982 0.338146 -0.881719 0.538810 0.834007 0.118811 0.775535 -0.435992 -0.456570
8.961325 -39.054536 395.042426 -177.732236 -0.332267 0.285409 -0.898966 0.585624 0.809567 0.040573 0.739353 -0.512976 -0.436134
8.397077 -33.462748 -300.469888 -775.722132 -0.250821 0.339034 -0.906722 0.564954 0.811870 0.147288 0.786076 -0.475313 -0.395172
7.336487 -38.531374 -1352.375007 -2708.997179 -0.147912 0.386698 -0.910267 0.509801 0.818501 0.264875 0.847481 -0.424877 -0.318205
8.469805 -48.312428 -1913.290521 -1534.616623 -0.130982 0.374345 -0.917992 0.327915 0.890209 0.316228 0.935583 -0.259604 -0.239355
12.948313 -45.243340 200.014057 -577.332319 -0.262053 0.377032 -0.888355 0.295619 0.907634 0.298011 0.918661 -0.184520 -0.349306
31.239267 -12.264282 -3628.395336 767.142528 -0.041884 0.212776 -0.976203 -0.629666 0.752985 0.191139 0.775736 0.622687 0.102440
25.581741 -10.876272 -3775.574246 -367.601409 0.099204 0.203808 -0.973972 -0.580349 0.806939 0.109745 0.808303 0.554356 0.198332
19.604458 -11.998462 -4577.388950 -673.664357 0.127786 0.212864 -0.968690 -0.597421 0.796144 0.096138 0.791681 0.566430 0.228905
25.669016 -13.312488 -5246.601813 -1524.731230 0.018260 0.267600 -0.963357 -0.607039 0.768573 0.201987 0.794462 0.581107 0.176477
37.527035 -14.587376 -3233.875502 323.396919 -0.173567 0.207736 -0.962663 -0.649451 0.710681 0.270455 0.740329 0.672145 0.011564
-0.567608 -66.990513 220.482061 -1546.152280 0.658873 -0.354621 0.663423 0.311196 0.931402 0.188803 -0.684867 0.082057 0.724033
-1.380807 -61.199980 291.941158 -1893.078362 0.667731 -0.322502 0.670916 0.189956 0.945262 0.265323 -0.719759 -0.049720 0.692442
-0.062688 -62.296341 413.159298 -2019.289441 0.675486 -0.309193 0.669416 0.110307 0.939996 0.322862 -0.729075 -0.144248 0.669061
0.362422 -66.624819 413.452612 -1814.607400 0.674097 -0.332980 0.659331 0.188442 0.940614 0.282374 -0.714200 -0.066101 0.696813
31.440651 -21.569705 2036.010006 858.675996 0.327655 -0.193205 0.924832 0.750611 -0.541240 -0.379001 0.573781 0.818371 -0.032318
32.893462 -23.050097 -3162.967535 787.505401 0.493937 -0.048683 0.868134 0.729743 -0.519652 -0.444339 0.472759 0.852990 -0.221149
36.557991 -19.855066 -368.540044 337.183606 0.383993 -0.125895 0.914713 0.726782 -0.569820 -0.383527 0.569506 0.812069 -0.127308
30.455691 -19.135527 5697.462006 752.215954 0.171011 -0.281479 0.944206 0.742237 -0.593424 -0.311338 0.647950 0.754067 0.107442
25.263030 -19.764569 5923.555859 345.933986 0.167505 -0.290423 0.942123 0.786457 -0.536895 -0.305334 0.594497 0.792085 0.138473
1.261886 -81.778962 -68.722085 -1438.992587 -0.070130 0.729014 0.680896 0.053402 0.684342 -0.727203 0.996107 0.014637 0.086923
1.805152 -86.740923 83.972701 -2515.677225 -0.062029 0.741886 0.667651 0.079638 0.670485 -0.737636 0.994892 -0.007415 0.100672
0.907909 -80.795306 12.603090 2086.221335 -0.071054 0.752801 0.654402 0.207719 0.652844 -0.728455 0.975604 -0.084172 0.202759
-2.629583 -7.600285 84.328306 -502.267373 -0.098187 -0.255594 0.961785 -0.043081 0.966641 0.252486 -0.994235 -0.016644 -0.105923
-1.652128 -8.289198 -456.313552 -545.747040 -0.098140 -0.465004 0.879852 -0.054344 0.885305 0.461824 -0.993688 -0.002491 -0.112154
-3.583833 -6.200028 -32.507112 -227.305159 -0.087644 -0.473494 0.876426 -0.078910 0.880347 0.467721 -0.993022 -0.028166 -0.114520
-1.240597 -10.553577 -271.496564 -749.540997 -0.098586 -0.308679 0.946043 -0.007931 0.950888 0.309434 -0.995097 0.023003 -0.096192
-3.460327 -6.340315 343.512222 -260.908522 -0.101470 -0.016020 0.994710 -0.048106 0.998780 0.011178 -0.993675 -0.046718 -0.102117
-2.426611 -8.520522 -98.319116 -505.181959 -0.097698 -0.179941 0.978814 -0.033913 0.983549 0.177427 -0.994638 -0.015860 -0.102193
23.707291 -57.743444 -1397.316285 -1879.495102 0.109676 0.782080 0.613451 0.039234 0.613287 -0.788885 0.993193 -0.110590 -0.036579
35.032983 -52.620998 -1793.038948 -4106.130795 0.025247 0.852479 0.522151 0.204063 0.506925 -0.837488 0.978632 -0.127695 0.161161
27.411519 -54.426349 -1333.469115 710.158351 0.015938 0.843111 0.537503 -0.042290 0.537659 -0.842101 0.998978 0.009310 -0.044225
30.458946 -52.865020 -2225.868420 -5566.153414 0.126133 0.791943 0.597425 0.288417 0.546943 -0.785919 0.949161 -0.271438 0.159422
1.723295 -117.408467 40.764642 835.035820 0.147587 0.644183 0.750497 -0.645492 -0.512189 0.566571 -0.749372 0.568058 -0.340223
1.684605 -115.654028 372.800835 2611.607934 0.170760 0.658200 0.733222 -0.358848 -0.651501 0.668412 -0.917643 0.377253 -0.124943
2.374460 -117.386499 275.472357 -775.391879 0.153967 0.652138 0.742301 -0.566468 -0.557279 0.607086 -0.809573 0.513961 -0.283613
1.776441 -116.500612 688.088189 -3285.531930 0.169422 0.668445 0.724209 0.246075 0.682866 -0.687852 -0.954329 0.294747 -0.048795
2.032551 -114.495429 -146.414737 2160.047114 0.138026 0.647981 0.749045 0.790295 0.383792 -0.477637 -0.596977 0.657893 -0.459123
2.565562 -121.908434 581.632726 -2506.118407 0.156255 0.637060 0.754811 -0.723759 -0.446178 0.526401 -0.672129 0.628554 -0.391360
2.900058 -131.714473 600.780442 -1659.563036 0.149440 0.661961 0.734490 -0.489844 -0.595705 0.636544 -0.858907 0.454911 -0.235235
1.036935 -148.719751 1279.483792 7191.522469 0.017092 0.581547 0.813333 0.889379 0.362838 -0.278125 -0.456851 0.728115 -0.511014
2.383688 -144.423557 1174.736195 5363.471575 -0.028214 0.554873 0.831456 0.932206 0.314857 -0.178488 -0.360828 0.770053 -0.526139
-4.253888 -192.280058 1465.504109 -21455.091713 0.009043 0.596474 0.802582 0.985506 0.130651 -0.108204 -0.169399 0.791927 -0.586647
4.014226 -17.770882 -735.319749 -658.298608 -0.091238 -0.329130 0.939866 0.136151 0.930817 0.339178 -0.986478 0.158910 -0.040114
11.511988 -20.153170 -1654.302247 -375.837587 -0.086595 -0.353326 0.931484 0.204199 0.908850 0.363724 -0.975092 0.221704 -0.006553
9.085002 -18.309875 -1466.672567 -759.831502 -0.088875 -0.390781 0.916183 0.111740 0.910105 0.399028 -0.989755 0.137838 -0.037220
3.628479 -14.912353 -746.669384 -865.340077 -0.091921 -0.397071 0.913173 0.046812 0.914319 0.402281 -0.994665 0.079725 -0.065457
17.788552 -14.139508 -1305.375431 -2002.671341 -0.262268 0.715294 -0.647743 -0.247420 0.598957 0.761599 -0.932737 -0.360007 -0.019891
16.557405 -1.652883 -1195.843130 -4235.174013 -0.317726 0.789437 -0.525204 -0.265072 0.457869 0.848583 -0.910378 -0.408833 -0.063781
22.635280 -4.511082 -1441.365328 -3442.223820 -0.228777 0.762029 -0.605783 -0.272345 0.547337 0.791360 -0.934606 -0.346027 -0.082316
22.046523 -15.344299 -1261.652287 -936.216713 -0.205820 0.711073 -0.672319 -0.208790 0.639300 0.740069 -0.956057 -0.292695 -0.016884
-11.179961 -22.977128 -209.316149 647.283210 0.507897 0.310732 0.803422 -0.267090 0.943515 -0.196069 -0.818965 -0.115003 0.562202
-10.366301 -21.341607 38.575571 486.308507 0.497371 0.208761 0.842046 -0.183141 0.974007 -0.133301 -0.847987 -0.087913 0.522676
-11.117464 -22.907901 -259.774768 305.412385 0.469785 0.286068 0.835145 -0.318263 0.937302 -0.142031 -0.823414 -0.199071 0.531376
-0.290819 -31.014673 -379.177027 -95.956067 0.763770 -0.153866 0.626881 0.190597 0.981630 0.008721 -0.616707 0.112821 0.779066
0.259388 -31.060599 -562.520213 395.044550 0.754319 -0.171949 0.633591 0.291585 0.952427 -0.088668 -0.588202 0.251629 0.768571
1.220345 -30.454722 -562.491822 -6.339308 0.752987 -0.181232 0.632587 0.257366 0.965859 -0.029638 -0.605618 0.185124 0.773922
0.640661 -30.439785 -475.384576 -325.932216 0.756637 -0.172486 0.630673 0.177025 0.982592 0.056351 -0.629414 0.069007 0.774000
-7.088320 -52.016460 -236.170270 620.790087 0.389394 -0.334346 0.858245 0.634931 0.772462 0.012853 -0.667260 0.539921 0.513078
-7.148957 -48.758039 79.557757 572.199713 0.438572 -0.337670 0.832846 0.698406 0.711285 -0.079393 -0.565582 0.616484 0.547781
-6.316300 -48.981345 -322.328996 972.363331 0.403549 -0.313542 0.859557 0.724203 0.683604 -0.090643 -0.559176 0.659073 0.502936
-6.170881 -50.558984 -393.815318 1134.881574 0.375322 -0.314677 0.871844 0.720221 0.691092 -0.060611 -0.583452 0.650669 0.486019
-10.134743 -19.157546 -1473.564472 -1451.153360 -0.342390 0.918524 -0.197695 0.297833 -0.093456 -0.950032 0.891103 0.384162 0.241568
-13.381974 -24.684946 -748.184398 -2451.477597 -0.451241 0.873984 0.180371 0.103962 0.252225 -0.962068 0.886326 0.415373 0.204675
-10.496950 -16.646383 -833.018052 -2605.772787 -0.446310 0.894484 0.026561 0.257304 0.156699 -0.953541 0.857089 0.418741 0.300091
-3.024296 -12.173082 -2001.843677 -1244.641276 -0.169584 0.788170 -0.591633 0.486948 -0.454914 -0.745611 0.856810 0.414538 0.306651
-4.653171 -16.802931 -1402.385355 -942.008701 -0.201568 0.817412 -0.539637 0.417154 -0.426838 -0.802367 0.886202 0.386843 0.254950
-724.175724 -2071.208133 146820.471039 -380260.722947 -0.763390 0.335570 -0.551933 0.157170 0.925284 0.345178 0.626525 0.176758 -0.759093
-896.445569 -1917.890117 -228836.864408 -803534.748032 -0.033645 0.262005 -0.964480 0.241297 0.938608 0.246560 0.969868 -0.224430 -0.094800
-802.234554 -10667.565212 -174411.130349 -4098121.109350 0.739506 0.613189 0.277723 -0.022685 0.435039 -0.900126 0.672768 -0.659348 -0.335624
-201.576699 -1079.777929 -37304.075770 -158761.878792 0.650659 0.090422 -0.753967 0.212126 0.931717 0.294800 0.729140 -0.351750 0.587049
-465.731567 -10667.133076 -56689.643387 -3998594.492674 0.926636 -0.191990 0.323244 0.308062 0.880585 -0.360093 0.215509 -0.433255 -0.875126
-365.145485 -738.428239 -51510.571793 -141364.355529 0.905658 0.397833 0.146669 0.118830 0.093904 -0.988464 0.407016 -0.912640 -0.037770
-18.554219 -170.180973 645.391297 -31764.331240 0.932215 0.039934 -0.359694 -0.258251 -0.622885 -0.738458 0.253538 -0.781293 0.570350
-12.867684 -76.212017 -874.434830 -16873.070406 0.887980 -0.108725 -0.446845 -0.391840 -0.687503 -0.611393 0.240733 -0.717996 0.653092
-8.700569 -192.874970 -2054.179793 -40250.542920 0.948759 -0.092693 -0.302101 -0.304905 -0.519645 -0.798124 0.083005 -0.849339 0.521280
-3.452315 -107.677157 2281.260232 390.357331 0.874950 0.354387 -0.329957 -0.329569 -0.063389 -0.942001 0.354749 -0.932948 -0.061333
5.418756 -92.783515 1917.599373 -1256.236508 0.892315 0.325924 -0.312327 -0.292871 -0.108518 -0.949974 0.343513 -0.939147 0.001379
3.097521 -96.221328 3033.432509 -7767.613300 0.876754 0.364924 -0.313263 -0.184962 -0.345411 -0.920043 0.443950 -0.864593 0.235344
-2.106087 -104.938284 2355.563976 -9898.008317 0.886529 0.345170 -0.308096 -0.163602 -0.389019 -0.906586 0.432782 -0.854120 0.288406
0.700498 -24.917362 605.820247 -102.331330 0.814315 0.250269 0.523696 -0.247842 0.965802 -0.076169 -0.524849 -0.067768 0.848493
0.556292 -24.081526 -141.376056 -619.575903 0.820702 0.189505 0.539013 -0.198674 0.979176 -0.041755 -0.535702 -0.072820 0.841262
-1.525243 -25.188110 71.953440 -1830.365351 0.811099 0.235009 0.535620 -0.216699 0.971305 -0.098018 -0.543286 -0.036566 0.838751
-1.892824 -25.264409 527.296532 -1587.195394 0.786662 0.337635 0.516880 -0.301377 0.940691 -0.155796 -0.538827 -0.033217 0.841762
-25.961196 -43.676733 -192.871535 -1514.337432 -0.544699 0.658485 -0.519326 0.835072 0.368887 -0.408138 -0.077180 -0.655987 -0.750816
-23.441233 -38.774481 -558.068033 -2194.015276 0.713948 -0.621054 0.323373 0.666855 0.462274 -0.584472 -0.213502 -0.632925 -0.744193
83.630810 -67.111025 -9308.000334 -1290.238576 -0.140424 0.611477 -0.778702 0.802569 -0.390271 -0.451189 -0.579796 -0.688320 -0.435949
73.659173 -61.175297 -5880.079889 1526.165244 -0.126266 0.661506 -0.739234 -0.673471 0.489980 0.553494 -0.728350 -0.567740 -0.383638
59.314342 -60.553445 -7007.910223 -2919.867797 -0.245805 0.485425 -0.839013 0.703319 -0.506314 -0.498987 -0.667025 -0.712748 -0.216954
76.142539 -64.815243 161.433071 -59.950622 0.060730 0.837415 -0.543182 -0.769800 0.385704 0.508567 -0.635389 -0.387257 -0.668067
60.046936 -62.501181 -6953.588936 -1997.759987 -0.197323 0.445965 -0.873028 0.838317 -0.384907 -0.386098 -0.508221 -0.808061 -0.297909
87.410897 -67.978766 -4298.982720 848.284157 0.009129 0.797980 -0.602615 0.894577 -0.275801 -0.351662 -0.446821 -0.535875 -0.716372
89.899104 -66.973164 -13029.184973 -1080.943724 -0.111869 0.558236 -0.822105 0.901823 -0.290442 -0.319936 -0.417374 -0.777185 -0.470939
1.056507 -18.395725 -1420.181181 -1407.610849 0.828479 -0.503888 0.244373 0.329078 0.084954 -0.940474 -0.453133 -0.859581 -0.236201
2.012245 -4.463003 1030.180384 -76.202274 -0.676668 0.731753 -0.081596 -0.483983 -0.525568 -0.699670 0.554870 0.433953 -0.709791
-0.538366 -3.592978 1607.084645 -367.292401 -0.514201 0.850068 0.113936 -0.658378 -0.306083 -0.687642 0.549669 0.428600 -0.717054
4.136988 -6.049718 1327.540405 -467.268084 -0.461189 0.875089 0.146713 -0.691225 -0.250657 -0.677776 0.556339 0.413994 -0.720483
-0.421630 -5.910154 -483.886886 795.176463 -0.820004 0.114619 -0.560764 -0.143843 0.907029 0.395737 0.553989 0.405168 -0.727280
5.189141 -6.090554 664.868512 -153.277134 -0.567252 0.823500 0.008569 -0.588567 -0.398101 -0.703637 0.576033 0.404183 -0.710508
1.178102 -5.704878 330.436079 307.117945 -0.821256 0.457253 -0.341260 0.175695 0.771722 0.611208 0.542835 0.442001 -0.714119
4.856260 -5.269519 952.881317 155.137380 -0.682605 0.724415 -0.096299 -0.467242 -0.533951 -0.704685 0.561903 0.436027 -0.702955
20.949353 -30.326718 220.474249 -2619.081660 0.750118 -0.083155 0.656055 0.468981 0.766327 -0.439090 0.466240 -0.637046 -0.613834
18.926521 -37.366055 291.077744 -2058.747728 0.753259 -0.071015 0.653879 0.396890 0.841831 -0.365784 0.524480 -0.535048 -0.662302
-8.143460 -24.909649 -1073.507432 -381.855616 -0.360341 0.518816 -0.775232 0.929796 0.266640 -0.253739 0.075064 -0.812240 -0.578474
-11.989943 -25.630072 -827.317333 -35.407940 -0.339286 0.566639 -0.750870 0.939461 0.244783 -0.239778 0.047932 -0.786767 -0.615387
-14.646430 -24.660336 -485.646867 -488.920777 -0.321911 0.611188 -0.723065 0.943477 0.270725 -0.191203 0.078891 -0.743745 -0.663792
-11.985461 -24.410853 -166.145616 -243.193671 -0.541209 0.832200 0.120565 0.565822 0.254346 0.784317 -0.622043 -0.492698 0.608532
-12.588898 -25.621559 282.272178 -105.752032 -0.481924 0.866783 0.128206 0.656635 0.260387 0.707834 -0.580155 -0.425307 0.694647
-13.351046 -24.012639 319.384329 50.309312 -0.514584 0.855996 0.049743 0.561276 0.292419 0.774248 -0.648208 -0.426335 0.630924
