13981
27950
-25.656659 -35.689284 567.688056 -2140.848625 0.100623 0.962772 -0.250890 0.737048 -0.241520 -0.631212 0.668308 0.121404 0.733911
-23.469359 -36.434991 394.288256 -1594.310207 0.347570 0.844046 -0.408388 0.612209 -0.534172 -0.582976 0.710208 0.047394 0.702395
-28.938105 -42.745289 215.944518 -1354.903343 0.130850 0.964346 -0.230034 0.591097 -0.262164 -0.762807 0.795916 0.036159 0.604326
-22.899713 -32.163959 -149.903214 -1530.951726 0.529860 0.714672 -0.456610 0.567932 -0.698861 -0.434795 0.629843 0.028943 0.776183
-21.419063 -47.080475 919.545154 -3372.731091 -0.097326 0.990572 -0.096405 0.674102 -0.005652 -0.738617 0.732198 0.136874 0.667197
-21.253883 -31.596734 1196.764542 -2560.533644 0.013030 0.965173 -0.261288 0.805938 -0.164809 -0.568597 0.591857 0.203173 0.780017
-21.331524 -27.613279 -57.809200 1287.393117 0.619753 0.605978 -0.498694 -0.551978 0.788285 0.271897 0.557877 0.106759 0.823029
-15.401159 -52.651782 296.636344 -2492.561172 0.140846 0.754481 -0.641031 0.734392 -0.513847 -0.443429 0.663951 0.408313 0.626458
-14.108078 -44.744249 -380.284651 1110.259150 0.177215 0.726922 -0.663460 0.518172 -0.642042 -0.565048 0.836715 0.243652 0.490450
-15.997550 -43.303527 1665.320810 109.935599 0.085600 0.697396 -0.711556 0.597163 -0.607594 -0.523665 0.797539 0.380090 0.468469
-13.295788 -30.712124 -6662.139622 445.598243 0.287865 -0.442453 0.849335 0.878428 -0.231254 -0.418195 0.381443 0.866463 0.322093
15.661540 -28.221316 -8206.266228 -96.863788 0.149948 -0.387719 0.909500 0.928337 -0.261275 -0.264435 0.340157 0.883974 0.320756
-13.942746 -31.544074 -5045.707073 642.338732 0.404414 -0.462994 0.788724 0.879100 -0.041074 -0.474865 0.252255 0.885409 0.390407
-27.719557 -35.552747 -2047.127123 -2115.109117 0.714747 -0.550620 0.431224 -0.601786 -0.170027 0.780349 0.356356 0.817256 0.452882
-25.721411 -36.010144 -2074.901549 -1326.648653 0.717570 -0.503833 0.480880 -0.657619 -0.262697 0.706064 0.229412 0.822887 0.519834
-16.613517 -32.524096 -3506.691688 839.609033 0.558553 -0.459116 0.690819 0.817822 0.165744 -0.551087 0.138514 0.872778 0.468052
21.014582 -40.496426 3008.558166 3316.568953 0.719948 -0.693888 0.013898 -0.141558 -0.166420 -0.975841 -0.679438 -0.700588 0.218039
30.541130 -56.474898 4395.531036 4654.024876 0.719475 -0.693266 0.041688 -0.252571 -0.317090 -0.914146 -0.646965 -0.647176 0.403237
19.493850 -48.796865 3958.933928 4989.492556 0.763454 -0.645025 -0.032878 -0.208421 -0.197865 -0.957815 -0.611309 -0.738100 0.285498
6.641815 -7.278224 -671.228925 748.367545 0.354373 0.912898 0.202577 0.716342 -0.125774 -0.686320 0.601061 -0.388328 0.698518
8.238794 -4.501405 247.223965 1302.817577 0.332346 0.925525 0.181520 0.693150 -0.109167 -0.712478 0.639600 -0.362610 0.677809
5.055020 -7.649702 -493.052036 1523.526866 0.457414 0.880310 0.125807 0.642119 -0.229098 -0.731571 0.615187 -0.415414 0.670057
7.154466 -6.150100 49.317598 403.895812 0.246094 0.940357 0.234874 0.756482 -0.034851 -0.653086 0.605948 -0.338398 0.719940
1.011578 -35.773850 -22.081832 -595.177686 0.002961 0.761938 -0.647643 -0.725304 -0.444219 -0.525931 0.688423 -0.471295 -0.551321
0.467193 -32.100096 -14.314671 -1005.404947 -0.020360 0.752353 -0.658445 -0.596054 -0.537878 -0.596160 0.802686 -0.380331 -0.459395
1.160098 -33.506149 -92.502585 -318.265703 0.014566 0.769491 -0.638491 -0.719929 -0.435069 -0.540756 0.693895 -0.467545 -0.547641
1.696264 -36.041328 -143.772103 -263.799394 0.044952 0.780890 -0.623049 -0.816263 -0.330847 -0.473555 0.575928 -0.529859 -0.622540
2.493261 -68.052986 211.546387 -1234.696385 0.171490 0.878368 -0.446163 -0.480968 -0.320591 -0.816021 0.859803 -0.354530 -0.367489
1.420505 -71.058948 117.786579 -448.406521 0.145820 0.871785 -0.467683 -0.519459 -0.334856 -0.786152 0.841962 -0.357579 -0.404028
1.411476 -71.291105 69.737060 -338.128087 0.165734 0.871125 -0.462248 -0.653707 -0.253908 -0.712880 0.738376 -0.420323 -0.527380
2.392412 -66.046438 235.606546 -2102.795147 0.145131 0.876226 -0.459527 -0.313357 -0.399830 -0.861362 0.938480 -0.269006 -0.216543
2.407359 -66.782477 185.822179 -1279.907114 0.196705 0.877716 -0.436946 -0.606288 -0.241343 -0.757739 0.770533 -0.413966 -0.484676
4.057188 -63.646331 339.894396 -2008.026527 0.178927 0.885072 -0.429688 -0.288273 -0.370407 -0.883005 0.940683 -0.281861 -0.188867
4.247190 -64.034408 349.891057 -1046.304910 0.214486 0.886425 -0.410178 -0.443713 -0.285687 -0.849413 0.870124 -0.364188 -0.332042
2.955139 -14.799625 1820.811052 -594.198738 -0.509175 0.827100 -0.238006 0.517215 0.073023 -0.852735 0.687917 0.557292 0.464969
12.084841 -13.131105 2152.518398 -394.318994 -0.517189 0.831527 -0.202679 0.512519 0.111242 -0.851440 0.685449 0.544231 0.483707
1.134714 -11.510484 1228.162771 -201.684362 -0.458655 0.839243 -0.292073 0.577043 0.031337 -0.816112 0.675764 0.542853 0.498652
18.510361 -16.987284 3258.170283 -806.236268 -0.550173 0.819684 -0.159460 0.438949 0.121432 -0.890268 0.710376 0.559796 0.426608
-4.213541 -15.283377 293.601532 -1037.573304 -0.321921 0.833111 -0.449770 0.636647 -0.161126 -0.754134 0.700747 0.529117 0.478528
-5.248350 -18.204133 435.156252 -1564.618331 -0.394482 0.833102 -0.387717 0.582927 -0.099285 -0.806436 0.710338 0.544135 0.446472
4.652138 -17.789159 2699.107054 -1071.511840 -0.571616 0.806668 -0.150139 0.422605 0.132594 -0.896562 0.703321 0.575939 0.416695
8.132983 -17.189782 -816.318321 1174.739997 -0.663130 0.524418 0.534083 -0.000070 0.713491 -0.700665 -0.748504 -0.464669 -0.473100
6.819639 -20.171400 -948.844567 1116.301230 -0.672572 0.552795 0.492001 -0.013038 0.655882 -0.754751 -0.739917 -0.514039 -0.433920
6.055762 -20.296880 -985.704258 1692.515727 -0.680347 0.557710 0.475486 0.028529 0.668444 -0.743215 -0.732334 -0.492079 -0.470685
6.544075 -15.998883 -891.311872 1337.558646 -0.681626 0.545469 0.487698 0.060780 0.706433 -0.705165 -0.729172 -0.451017 -0.514677
-0.277674 -69.771081 373.581271 1309.724163 0.188716 0.498152 0.846304 0.957687 -0.284055 -0.046353 0.217306 0.819242 -0.530679
0.023377 -67.103465 402.443924 2576.435900 0.202477 0.496748 0.843946 0.901993 -0.430180 0.036802 0.381330 0.753781 -0.535164
-1.800548 -71.992509 345.700824 2228.160466 0.185069 0.506134 0.842364 0.947230 -0.320170 -0.015735 0.261736 0.800824 -0.538679
0.764460 -72.115384 -23.534483 -790.060922 0.177325 0.870715 -0.458707 0.904662 0.039297 0.424314 0.387482 -0.490216 -0.780734
0.809242 -67.517058 16.942966 -1316.740813 0.182461 0.876181 -0.446111 0.916450 0.012787 0.399946 0.356129 -0.481813 -0.800642
0.934562 -69.783003 -29.955742 -1152.900099 0.201466 0.869555 -0.450872 0.954353 -0.070636 0.290209 0.220505 -0.488759 -0.844093
0.902104 -76.042117 -37.736338 -58.932888 0.191180 0.865601 -0.462801 0.944304 -0.033537 0.327360 0.267843 -0.499610 -0.823802
1.044605 -75.794460 -32.196525 -976.587858 0.219987 0.863034 -0.454727 0.971231 -0.150196 0.184802 0.091192 -0.482299 -0.871247
1.015123 -68.348867 -35.397378 -1085.331693 0.231486 0.865649 -0.443921 0.971020 -0.177708 0.159812 0.059453 -0.468051 -0.881700
1.090221 -67.032791 -359.569100 -1198.682839 0.251497 0.507556 0.824097 0.888401 -0.458924 0.011527 0.384048 0.729230 -0.566331
1.113868 -66.105874 -44.115232 -796.450522 0.238978 0.500666 0.831999 0.941802 -0.328133 -0.073059 0.236428 0.801038 -0.549945
0.112724 -68.646973 -536.404698 -2579.662271 0.258924 0.513473 0.818110 0.904272 -0.426558 -0.018472 0.339486 0.744577 -0.574765
-0.242223 -72.894540 -937.978784 -1372.308583 0.237658 0.538190 0.808622 0.827356 -0.548317 0.121776 0.508920 0.640078 -0.575587
-4.414096 -103.745785 -548.968447 -6.963550 -0.092783 -0.565832 -0.819283 -0.614878 0.679750 -0.399831 0.783145 0.466662 -0.410987
-3.421878 -100.615740 -642.602546 -3204.308493 -0.083093 -0.581360 -0.809392 -0.393918 0.765215 -0.509189 0.915382 0.276524 -0.292593
-4.652880 -100.812053 -258.833329 299.383248 -0.116055 -0.584018 -0.803402 -0.614294 0.677817 -0.403989 0.780496 0.446640 -0.437423
-4.060584 -102.311400 -577.615416 -3920.950364 -0.071968 -0.561360 -0.824437 -0.389621 0.776728 -0.494863 0.918159 0.285603 -0.274617
-4.011625 -96.657803 649.677777 -4923.337777 0.117131 0.555537 0.823201 0.800073 -0.543858 0.253182 0.588356 0.628965 -0.508172
-4.185314 -98.434603 -992.460611 -4421.990453 0.124184 0.571623 0.811065 0.806172 -0.534675 0.253394 0.578502 0.622390 -0.527225
-4.998993 -104.635734 346.932222 -991.308518 -0.092407 -0.552546 -0.828344 -0.615742 0.685480 -0.388559 0.782510 0.474141 -0.403569
-14.612669 -23.404671 -1021.973270 -39.527323 -0.241795 0.886217 -0.395165 0.466655 0.463266 0.753405 -0.850746 0.002236 0.525572
-15.281005 -23.869370 -1080.570139 -76.155034 -0.211593 0.909371 -0.358151 0.570870 0.412434 0.709933 -0.793307 0.054241 0.606401
-16.907978 -23.236355 -353.592957 -72.778055 -0.217212 0.844535 -0.489468 0.443372 0.532090 0.721320 -0.869621 0.060337 0.490019
-11.436908 -24.180792 -1135.232181 -17.753522 -0.246993 0.915037 -0.318907 0.566698 0.403357 0.718441 -0.786033 0.003274 0.618176
-14.539838 -23.057957 -838.615876 -73.790680 -0.257402 0.846274 -0.466437 0.344868 0.531368 0.773766 -0.902669 -0.038310 0.428628
-11.069341 -23.740260 -1255.652032 -109.986822 -0.277006 0.891719 -0.357918 0.446022 0.449261 0.774099 -0.851077 -0.054791 0.522174
5.824514 -15.780874 -246.417184 -1434.518859 0.835809 0.020410 -0.548641 0.194575 0.923434 0.330772 0.513385 -0.383214 0.767843
8.139400 -20.879529 -723.703936 -1473.855340 0.836077 0.052674 -0.546077 0.169058 0.922204 0.347792 0.521914 -0.383100 0.762129
10.107318 -14.127228 -40.537967 -378.776602 0.767079 -0.199319 -0.609805 0.420527 0.874051 0.243295 0.484507 -0.443066 0.754285
4.779996 -11.883056 -212.940453 -547.092795 0.809018 -0.136979 -0.571600 0.327626 0.912478 0.245041 0.488007 -0.385514 0.783089
0.969542 -789.338807 6062.678496 -129841.565072 0.319787 0.428080 0.845272 0.169283 0.851949 -0.495506 -0.932244 0.301547 0.199975
-17.890922 -381.843110 -1275.119397 -56390.247832 0.412957 0.594346 0.690087 -0.325026 0.803993 -0.497950 -0.850779 -0.018664 0.525192
-10.547640 -179.325665 -1208.984699 25936.112530 0.339787 0.763958 0.548555 0.508104 -0.639926 0.576477 -0.791439 -0.082844 0.605608
-4.333673 -1046.889289 -1211.001199 223257.667264 0.260100 0.559937 0.786650 0.892497 0.171505 -0.417175 -0.368506 0.810590 -0.455134
-0.775523 -1090.821191 -3628.091491 244144.494283 0.265130 0.568484 0.778801 -0.597678 -0.536923 0.595395 -0.756629 0.623330 -0.197416
-33.531968 -1520.900129 -1492.639203 -11683.005145 0.262657 0.553109 0.790621 0.751972 0.396096 -0.526921 -0.604607 0.732925 -0.311885
138.273936 -153.890974 7503.100350 -34463.336490 0.246355 -0.610038 0.753102 0.287452 0.788078 0.544339 -0.925571 0.082380 0.369503
11.015432 -8.050745 -759.356061 618.953613 -0.662361 0.454126 0.595859 0.016990 0.804243 -0.594057 -0.748992 -0.383357 -0.540415
10.747207 -9.649259 -119.976870 799.179808 -0.625826 0.462785 0.627831 -0.008743 0.800737 -0.598952 -0.779914 -0.380329 -0.497076
9.771688 -12.218671 -688.800159 857.084251 -0.653127 0.505041 0.564233 0.021614 0.757239 -0.652780 -0.756940 -0.414152 -0.505489
-65.849315 -89.525464 -1086.368775 -2736.039599 -0.476998 0.877260 0.053730 -0.235093 -0.068446 -0.969560 0.846879 0.475110 -0.238886
-72.195869 -92.025798 -10360.659914 -2784.269516 -0.126591 0.991849 0.014503 -0.267292 -0.020028 -0.963407 0.955264 0.125835 -0.267649
-64.534578 -89.292167 -1800.656071 6053.366948 -0.402395 0.915407 -0.010409 -0.479246 -0.220327 -0.849576 0.780001 0.336876 -0.527364
-71.586757 -96.326546 7847.583518 -9301.318923 -0.573672 0.731565 0.368393 0.613019 0.085177 0.785463 0.543239 0.676431 -0.497326
-1.608356 -31.765590 145.686522 581.363867 0.025904 0.794502 -0.606709 0.208322 -0.597878 -0.774044 0.977717 0.106341 0.181000
-1.564062 -35.728549 56.558139 396.226889 0.037078 0.757011 -0.652349 0.394087 -0.610970 -0.686594 0.918325 0.231625 0.320982
-2.408307 -34.703099 181.015140 447.208644 0.038542 0.764894 -0.643002 0.415886 -0.597379 -0.685694 0.908600 0.240987 0.341133
33.942181 -155.097868 17851.714657 6085.013954 0.823670 0.554298 -0.119674 0.561788 -0.826356 0.039111 0.077214 0.099446 0.992043
34.293719 -46.224952 -9528.706586 13147.755728 0.762909 -0.522997 -0.380058 -0.640368 -0.692113 -0.333028 0.088870 -0.497448 0.862930
271.133753 -27.949995 12360.212833 17553.501126 0.962600 -0.206827 -0.174999 -0.265430 -0.849400 -0.456143 0.054301 -0.485533 0.872530
-12.686579 -466.394569 -260.611427 80645.057557 0.506033 0.719149 0.476188 0.660267 0.032240 -0.750339 -0.554958 0.694107 -0.458516
-16.661305 -313.563586 434.098860 52889.384134 0.501455 0.638854 0.583445 0.755868 0.004620 -0.654707 -0.420958 0.769314 -0.480573
-18.589876 -261.215428 -41.016771 38905.214923 0.531999 0.715134 0.453387 0.821149 -0.305071 -0.482334 -0.206618 0.628900 -0.749529
-0.788064 -41.942990 -2.346617 2237.859303 0.073616 0.901873 -0.425683 -0.900256 -0.123557 -0.417461 0.429092 -0.413956 -0.802820
-1.215815 -32.334542 -1192.778335 -1920.528511 0.214855 0.888551 -0.405358 0.943402 -0.081453 0.321493 0.252646 -0.451490 -0.855761
-1.283988 -43.378127 -1627.832931 -1757.749826 0.188769 0.895278 -0.403539 0.896407 0.010718 0.443102 0.401025 -0.445379 -0.800510
4.711388 -47.593004 -2463.758076 -33.455429 0.139700 0.882696 -0.448700 -0.802085 -0.164843 -0.574008 0.580640 -0.440085 -0.684969
-7.628810 -42.975601 -840.815579 -3129.661950 0.267772 0.920187 -0.285577 0.928219 -0.166924 0.332483 0.258277 -0.354108 -0.898833
-2.775417 -44.294019 -2619.254244 -489.705620 0.269709 0.893964 -0.357890 -0.803071 0.003735 -0.595872 0.531351 -0.448123 -0.718924
32.004383 -59.148395 515.933085 -1126.917031 -0.021450 0.853565 -0.520544 -0.399664 0.469931 0.787041 -0.916411 -0.224925 -0.331059
32.109641 -51.807500 1317.521424 -808.461378 -0.071397 0.826291 -0.558700 -0.489306 0.459087 0.741497 -0.869185 -0.326316 -0.371532
32.738989 -54.130605 741.306657 -1325.744622 0.000565 0.840503 -0.541806 -0.571845 0.444749 0.689342 -0.820362 -0.309439 -0.480888
30.993582 -61.122274 -182.662953 -1627.138244 0.055646 0.865740 -0.497391 -0.438155 0.468807 0.766968 -0.897175 -0.175256 -0.405416
31.491085 -53.823459 102.001997 -2838.619274 0.059421 0.863252 -0.501263 -0.647794 0.415403 0.638595 -0.759494 -0.286769 -0.583894
0.535718 -2.416589 -605.571617 -664.196389 0.648293 0.758077 -0.070961 0.519154 -0.508289 -0.687111 0.556952 -0.408610 0.723079
6.010118 -1.869042 -1939.423908 60.266648 0.815972 0.222164 -0.533697 0.054536 0.889506 0.453658 0.575513 -0.399278 0.713696
1.441038 -1.299782 -2797.853844 480.805701 0.823434 0.102051 -0.558159 0.141180 0.915909 0.375738 0.549567 -0.388196 0.739783
0.514358 -5.806323 106.400829 -2127.417660 0.146571 0.909987 0.387867 0.800822 0.121019 -0.586548 0.580690 -0.396584 0.710999
3.920640 0.944825 977.933091 668.265367 -0.439616 0.234481 0.867039 -0.118078 0.941857 -0.314584 -0.890391 -0.240674 -0.386368
-0.502585 -2.833295 736.234230 981.663186 -0.130465 -0.652411 0.746551 -0.423145 0.717604 0.553166 -0.896620 -0.243731 -0.369687
4.292490 -0.893360 811.980968 606.615386 -0.432113 0.123373 0.893341 -0.168244 0.962178 -0.214260 -0.885987 -0.242884 -0.395013
10.285547 0.939004 1570.938468 839.544179 -0.460125 0.303575 0.834342 -0.071837 0.923918 -0.375785 -0.884943 -0.232845 -0.403310
-10.895968 -20.015382 -1844.814739 -662.658182 0.131290 0.990843 -0.031516 0.388262 -0.080646 -0.918014 0.912149 -0.108289 0.395295
-3.938394 -19.208798 -1560.210592 222.141920 0.244617 0.916434 -0.316720 0.319007 -0.384524 -0.866242 0.915640 -0.110861 0.386410
-11.004940 -19.279080 -1840.796256 -353.185945 0.176333 0.981769 -0.070965 0.313296 -0.124323 -0.941483 0.933141 -0.143781 0.329506
-15.294851 -27.319972 -434.886711 -2995.793819 -0.084164 0.831010 0.549854 0.282536 0.549067 -0.786574 0.955557 -0.089153 0.281002
-14.033020 -22.327944 -505.936294 -2617.291586 0.019053 0.884667 0.465834 0.284999 0.441783 -0.850649 0.958339 -0.148969 0.243712
-10.574769 -16.919856 -1762.923737 37.442188 0.221125 0.964987 -0.141081 0.226743 -0.191568 -0.954929 0.948521 -0.179170 0.261165
1.107510 -32.547677 -56.950752 871.752915 0.746750 0.663764 0.042205 -0.294855 0.387263 -0.873549 0.596175 -0.639879 -0.484903
0.572094 -31.253753 130.205419 667.575143 0.745668 0.661963 0.076052 -0.272454 0.407067 -0.871817 0.608069 -0.629366 -0.483891
1.883323 -29.513073 -18.464441 313.244104 0.755166 0.650673 0.079683 -0.362834 0.516119 -0.775869 0.545963 -0.556998 -0.625842
1.554174 -30.549874 -80.706294 427.939384 0.756866 0.651537 0.051506 -0.374013 0.496406 -0.783387 0.535973 -0.573655 -0.619397
2.351663 -29.543646 -23.564508 -222.139669 0.766352 0.633677 0.105634 -0.420584 0.619185 -0.663113 0.485606 -0.463750 -0.741028
1.878148 -30.477572 -114.178863 -234.670781 0.777186 0.623376 0.085929 -0.414692 0.610079 -0.675155 0.473299 -0.489087 -0.732654
-37.979182 -50.720611 -1715.244508 2158.999699 -0.045353 0.941581 0.333720 -0.649748 0.225944 -0.725794 0.758795 0.249751 -0.601543
-38.144013 -47.504621 1808.158390 974.804007 -0.532085 0.846488 0.018536 -0.505428 -0.299986 -0.809044 0.679285 0.439849 -0.587456
-43.083217 -54.172337 -1050.506951 2402.097111 -0.128602 0.909592 0.395101 -0.511620 0.280442 -0.812156 0.849533 0.306587 -0.429300
0.836632 -62.001235 173.339128 -942.402971 0.853586 -0.519664 -0.036608 -0.377530 -0.665480 0.643900 0.358973 0.535803 0.764234
2.362133 -68.874126 211.483623 -2070.303736 0.865066 -0.499814 -0.042978 -0.363106 -0.682956 0.633819 0.346144 0.532689 0.772287
1.389978 -55.419767 86.390632 -1746.559769 0.841067 -0.540781 -0.012753 -0.315853 -0.510108 0.800017 0.439139 0.668840 0.599842
0.413207 -52.368691 130.653296 -1637.336991 0.832861 -0.553438 -0.006985 -0.316965 -0.487265 0.813699 0.453735 0.675484 0.581245
-0.841947 -58.847224 252.640860 -833.007246 0.835884 -0.548532 -0.020272 -0.399509 -0.633291 0.662824 0.376418 0.545945 0.748501
14.400089 -44.204110 -3573.952065 -3117.654450 0.917448 -0.211109 -0.337228 -0.392902 -0.614091 -0.684485 0.062588 -0.760477 0.646341
11.412030 -51.934079 -999.330323 -2698.682454 0.927150 -0.122421 -0.354127 -0.368431 -0.469887 -0.802162 0.068198 -0.874196 0.480760
3.878235 -55.744650 -3315.069246 -1851.338924 0.943449 -0.185236 -0.274941 -0.329828 -0.440802 -0.834810 -0.033442 -0.878283 0.476970
3.722578 -56.187258 -1167.605961 -193.988035 0.947541 -0.128062 -0.292858 -0.313803 -0.198510 -0.928505 -0.060771 -0.971696 0.228282
-2.803064 -58.799644 -2104.932946 520.436747 0.957814 -0.132406 -0.255071 -0.276974 -0.188522 -0.942202 -0.076667 -0.973102 0.217242
-4.717076 -58.399988 -3385.026534 -1152.270895 0.953912 -0.160409 -0.253614 -0.299095 -0.439609 -0.846928 -0.024363 -0.883749 0.467326
2.608256 -61.359033 -551.791546 172.626602 0.899477 0.385476 -0.205789 -0.339307 0.912893 0.226932 0.275340 -0.134294 0.951921
4.763575 -60.556315 -873.245153 427.581237 0.903118 0.375647 -0.208006 -0.333913 0.918958 0.209806 0.269961 -0.120024 0.955361
1.825353 -61.091601 -207.612808 1029.609905 0.893631 0.399929 -0.203668 -0.296173 0.866463 0.401901 0.337203 -0.298830 0.892746
8.613857 -64.674223 -1815.768232 -2157.836993 0.923973 0.326127 -0.199787 -0.326207 0.944706 0.033469 0.199655 0.034247 0.979268
1.341336 -61.775508 214.726407 943.123716 0.893327 0.398427 -0.207900 -0.291240 0.865573 0.407385 0.342266 -0.303379 0.889278
2.199944 -66.787343 -764.750777 -2266.967049 0.908351 0.365565 -0.203127 -0.362414 0.930458 0.053877 0.208697 0.024677 0.977669
0.683915 -62.078528 258.319401 60.564137 0.897406 0.387061 -0.211770 -0.337952 0.911598 0.234046 0.283639 -0.138467 0.948881
0.052942 -77.299877 145.100534 -5617.454805 0.966342 0.243117 -0.084131 -0.189797 0.894489 0.404805 -0.173669 0.375212 -0.910525
3.549367 -105.542074 -560.066558 -10655.460338 0.965697 0.247487 -0.078611 -0.165223 0.819164 0.549247 -0.200326 0.517418 -0.831954
2.199155 -102.900078 -623.577466 -9647.388913 0.961703 0.264451 -0.072067 -0.167923 0.776258 0.607639 -0.216633 0.572267 -0.790937
2.385121 -72.780516 -617.149395 -5018.173741 0.969067 0.217693 -0.116269 -0.162595 0.917569 0.362809 -0.185665 0.332681 -0.924582
-0.154884 -77.880624 -259.447795 -5466.048381 0.961078 0.259492 -0.094831 -0.199536 0.889356 0.411378 -0.191088 0.376444 -0.906518
-0.221657 -58.276620 -55.428740 -2976.987952 0.967095 0.231166 -0.106257 -0.197839 0.945892 0.257191 -0.159962 0.227707 -0.960501
-0.416793 -59.406688 283.645668 -2638.662015 0.965791 0.244879 -0.085337 -0.221156 0.949618 0.222072 -0.135418 0.195602 -0.971289
-1.597709 -14.055844 -1682.361545 7008.685827 0.235431 -0.398526 -0.886425 -0.453841 0.761433 -0.462869 0.859419 0.511270 -0.001603
46.794098 -11.711568 15254.386317 1945.618945 -0.075477 0.008916 -0.997108 -0.444325 0.894898 0.041635 0.892681 0.446182 -0.063582
-0.907268 -9.792069 3402.365430 -3896.174795 0.047147 -0.214529 -0.975579 -0.332837 0.917478 -0.217838 0.941805 0.334979 -0.028147
-1.728363 -65.880080 385.542177 2026.340367 0.873128 0.246388 0.420643 -0.055988 0.907846 -0.415549 -0.484265 0.339277 0.806460
-2.773064 -64.685806 366.807701 962.179365 0.862127 0.264676 0.432069 -0.109914 0.930110 -0.350448 -0.494627 0.254640 0.830965
-1.697853 -70.882012 140.428197 1554.550271 0.859295 0.291230 0.420472 -0.193618 0.946105 -0.259612 -0.473417 0.141672 0.869371
-0.802000 -76.676167 137.762165 2174.504027 0.866512 0.281172 0.412430 -0.149264 0.934407 -0.323426 -0.476316 0.218691 0.851644
-1.391160 -76.611060 214.867214 1474.146444 0.852886 0.329649 0.404867 -0.312429 0.943540 -0.110088 -0.418299 -0.032599 0.907724
-0.993859 -81.770419 -16.140939 1106.782433 0.856273 0.313906 0.410194 -0.280857 0.949441 -0.140289 -0.433492 0.004920 0.901144
-4.989867 -81.012124 -222.456239 2389.955891 -0.758857 -0.398780 -0.514890 0.076686 0.730393 -0.678708 0.646727 -0.554527 -0.523683
-5.471000 -76.868747 449.252622 2946.183621 -0.790401 -0.373616 -0.485465 0.029446 0.768393 -0.639301 0.611881 -0.519599 -0.596337
-5.511974 -78.068177 27.477439 2334.322045 -0.761486 -0.381637 -0.523920 -0.045124 0.837544 -0.544504 0.646609 -0.390991 -0.654999
37.030345 -18.767575 -2102.261481 583.415272 -0.062690 0.895539 -0.440545 -0.164189 -0.444654 -0.880526 0.984435 -0.017132 -0.174913
36.023889 -20.090086 3133.734628 477.099398 -0.349210 0.822610 -0.448737 -0.215938 -0.536642 -0.815712 0.911824 0.187955 -0.365033
36.829852 -16.860126 -2923.863131 790.023407 -0.047882 0.869525 -0.491562 -0.223100 -0.489004 -0.843268 0.973619 -0.069291 -0.217406
-17.607987 -608.187202 2925.403085 57123.248649 0.504614 0.562159 0.655242 0.528621 0.398871 -0.749308 -0.682587 0.724486 -0.095893
-88.922661 -507.913560 779.898459 105092.400039 0.122613 0.518716 0.846109 0.984930 0.041184 -0.167979 -0.121979 0.853954 -0.505849
-10.359175 -1827.369354 -978.556003 -466781.387210 0.464023 0.669093 0.580514 -0.502883 -0.340522 0.794452 -0.729240 0.660574 -0.178465
-29.337447 -1097.813575 -291.994382 265153.737529 0.392433 0.711483 0.582913 0.110283 -0.665578 0.738135 -0.913145 0.225383 0.339659
-7.230353 -774.875403 2756.336733 138651.894966 0.472664 0.711147 0.520441 0.094594 -0.628108 0.772355 -0.876151 0.315834 0.364154
-78573.538589 -235391.693696 24472354.984898 -41208616.317390 0.805028 -0.578463 -0.131568 0.580302 0.721805 0.377156 0.123205 0.379970 -0.916757
-30.812611 -20778.462105 15056.407578 -2447473.790144 0.828946 0.528119 0.184225 0.048106 0.260830 -0.964185 0.557256 -0.808120 -0.190808
-196.231824 -13500.568377 -19597.419793 311439.946651 0.814852 0.537357 0.217402 -0.572761 0.804098 0.159282 0.089221 0.254310 -0.962998
-281.395710 -12935.085228 -29104.510538 -1672176.869013 0.858972 0.461609 0.221552 -0.079899 -0.306557 0.948493 -0.505751 0.832430 0.226442
0.764922 -33.289371 333.765853 812.260424 -0.967649 0.235473 0.090592 0.228442 0.970135 -0.081563 -0.107092 -0.058230 -0.992542
0.362237 -27.417758 -154.710994 819.037033 0.901480 -0.431516 -0.033571 0.423774 0.895756 -0.134302 -0.088025 -0.106844 -0.990372
6.081242 -26.929573 563.465463 354.795300 -0.845215 0.534254 0.013575 0.533655 0.845087 -0.032264 -0.028709 -0.020025 -0.999387
-646.403379 -1975.866546 -102816.161940 -1066546.396412 0.026092 0.775589 0.630699 -0.422540 0.580339 -0.696180 0.905969 0.248331 -0.342859
-270.354771 -650.152122 -556984.225179 -244801.001511 -0.480236 -0.523070 -0.704110 -0.479888 0.828621 -0.288261 0.734221 0.199461 -0.648949
-571.884871 -2352.246875 -147512.261339 408659.578017 0.146185 0.889276 0.433379 0.930702 -0.272116 0.244432 0.335297 0.367614 -0.867430
-1018.134762 -2285.972483 -355384.084197 -187480.794376 -0.477149 0.841981 0.251786 -0.386897 0.055989 -0.920422 0.789075 0.536593 -0.299045
189.514534 -8498.431682 -341020.608242 1017379.995729 -0.328442 0.929075 -0.170134 0.556053 0.044591 -0.829950 0.763499 0.367193 0.531261
-1895.080649 -4171.191221 -806240.432308 599329.122863 -0.083958 0.988687 -0.124295 0.334120 -0.089583 -0.938264 0.938784 0.120304 0.322819
-1023.542644 -2120.813251 -343723.427885 -407460.591705 -0.250970 0.754834 0.606004 0.908930 -0.031575 0.415752 0.332958 0.655156 -0.678166
12.369771 -191.713230 -4.531778 22218.725110 -0.381072 0.912691 0.147581 0.052893 0.180885 -0.982081 0.923031 0.366437 0.117206
12.035439 -160.510796 570.533037 8068.630768 -0.426238 0.890298 0.160282 0.159192 0.248241 -0.955528 0.890494 0.381767 0.247538
16.302560 -197.870912 791.859075 30010.173220 -0.404270 0.894015 0.193141 -0.321469 0.058808 -0.945092 0.856285 0.444161 -0.263624
-25.143013 -40.381842 144.095098 -1070.911531 0.366582 0.848429 -0.381819 0.536258 -0.528040 -0.658484 0.760293 -0.036635 0.648547
-23.461972 -36.859234 3.823825 -1417.759187 0.523474 0.741090 -0.420429 0.505003 -0.667287 -0.547449 0.686255 -0.074257 0.723560
-10.150582 -47.437679 -2871.802320 654.010073 0.232159 0.797769 -0.556478 0.575328 -0.573925 -0.582758 0.784283 0.184865 0.592221
-7.905964 -35.444942 -2446.207092 6663.751634 0.269334 0.742244 -0.613623 0.307337 -0.670097 -0.675658 0.912690 0.006611 0.408598
-29.097706 -41.142394 -489.728210 234.570949 0.907742 0.310463 -0.282166 -0.157236 -0.371787 -0.914905 0.388949 -0.874864 0.288671
-28.340088 -39.767584 -331.606277 440.953535 0.933975 0.299040 -0.195619 -0.138779 -0.200913 -0.969729 0.329290 -0.932850 0.146147
-30.292549 -40.684564 -514.308076 703.104694 0.858252 0.433888 -0.274125 -0.203837 -0.202012 -0.957936 0.471013 -0.878028 0.084935
12.611495 -29.249560 -9867.461366 16.150263 0.147045 -0.348052 0.925871 0.883941 -0.373816 -0.280910 0.443877 0.859722 0.252689
34.311898 -67.150563 -3609.395564 -3284.247678 -0.681258 0.728036 -0.076488 0.400198 0.457885 0.793841 -0.612968 -0.510200 0.603296
25.589872 -65.943224 4345.758733 3218.617045 0.749997 -0.660857 -0.027797 -0.397865 -0.417161 -0.817117 -0.528402 -0.623895 0.575801
21.163207 -58.578563 4161.900574 5701.930943 0.762026 -0.646893 -0.029075 -0.283405 -0.292800 -0.913209 -0.582235 -0.704129 0.406454
8.254389 -3.891304 -418.490915 1988.918220 0.399709 0.902566 0.160024 0.643946 -0.152243 -0.749770 0.652355 -0.402737 0.642056
9.540527 0.190035 487.284970 1045.062199 0.246187 0.943438 0.222072 0.713772 -0.021474 -0.700049 0.655684 -0.330852 0.678687
8.746816 -2.130299 931.570336 725.156500 0.199454 0.957927 0.206385 0.743908 -0.010931 -0.668192 0.637823 -0.286805 0.714790
-0.149871 -33.864251 -31.784893 -1343.045921 -0.032200 0.743119 -0.668384 -0.599294 -0.549538 -0.582112 0.799881 -0.381814 -0.463042
-0.607121 -29.423848 -49.312584 -1223.742790 -0.045301 0.733125 -0.678583 -0.467380 -0.615904 -0.634206 0.882895 -0.288426 -0.370550
-0.211388 -29.323240 -46.839611 -884.193855 -0.029390 0.751466 -0.659117 -0.461707 -0.595048 -0.657833 0.886545 -0.284985 -0.364446
1.118753 -67.578489 115.618295 -1779.853260 0.133154 0.867920 -0.478524 -0.335913 -0.414724 -0.845675 0.932434 -0.273347 -0.236324
25.746189 -16.152660 2146.516662 -479.756794 -0.431879 0.887983 -0.158012 0.484845 0.080845 -0.870855 0.760530 0.452715 0.465449
5.895804 -19.955695 -958.751877 -39.749098 -0.677230 0.570165 0.465050 -0.055503 0.590669 -0.805003 -0.733675 -0.570984 -0.368373
5.981829 -18.049255 251.789077 20.610411 -0.626073 0.545906 0.556794 -0.093433 0.656391 -0.748613 -0.774147 -0.520709 -0.359943
4.290591 -17.597545 471.922409 749.675367 -0.627234 0.580006 0.519780 0.136477 -0.575205 0.806544 -0.766780 -0.576830 -0.281630
4.806997 -19.979764 -900.365343 1685.130039 -0.677013 0.601838 0.423608 0.096074 -0.498382 0.861618 -0.729673 -0.624024 -0.279590
-5.791295 -50.510773 238.046583 -915.004384 0.311378 0.809639 -0.497522 -0.517018 0.583617 0.626166 -0.797331 -0.062254 -0.600323
-7.302483 -49.392161 232.996485 -862.108159 0.285551 0.794789 -0.535509 -0.483997 0.601878 0.635209 -0.827169 -0.077800 -0.556542
-5.778184 -53.601528 211.195642 -632.742046 0.317404 0.794766 -0.517301 -0.315573 0.602943 0.732716 -0.894242 0.069321 -0.442184
-4.088992 -53.268568 188.351157 -1068.946567 0.340914 0.807808 -0.480857 -0.479683 0.589376 0.650031 -0.808506 -0.009054 -0.588419
-5.377771 -55.881395 146.663150 -281.835773 0.322429 0.780920 -0.534979 -0.098894 0.589860 0.801427 -0.941414 0.205497 -0.267416
-4.103095 -56.156961 165.713969 -574.225980 0.350684 0.792416 -0.499097 -0.292836 0.599004 0.745280 -0.889532 0.115204 -0.442109
-6.568167 -54.219922 215.675609 -58.043253 0.291223 0.781302 -0.552048 -0.091637 0.597190 0.796848 -0.952256 0.181473 -0.245512
1.475472 -66.638246 115.839439 -163.788757 0.229809 0.496174 0.837257 0.932383 -0.358876 -0.043243 0.279016 0.790582 -0.545097
0.866722 -66.463042 42.034010 892.610483 0.208958 0.505334 0.837242 0.969596 -0.218557 -0.110077 0.127360 0.834788 -0.535639
0.839491 -65.273012 232.984012 1733.944171 0.213289 0.494605 0.842540 0.972717 -0.188062 -0.135844 0.091261 0.848527 -0.521222
-2.264318 -94.934527 -921.497837 -4774.941078 -0.067036 -0.570306 -0.818693 -0.162706 0.815803 -0.554970 0.984395 0.096003 -0.147480
-17.448850 -23.738686 -580.157027 -205.701170 -0.172920 0.893732 -0.413934 0.567748 0.433864 0.699589 -0.804836 0.114037 0.582438
-15.406130 -24.376578 -1223.917388 -119.387025 -0.192383 0.925695 -0.325695 0.678250 0.365291 0.637604 -0.709201 0.098238 0.698129
-11.443133 -24.477045 -1195.650192 -37.465296 -0.221800 0.931347 -0.288787 0.673536 0.360490 0.645287 -0.705091 0.051384 0.707253
11.507187 -7.047456 -92.838667 789.644298 -0.621536 0.434207 0.652041 0.000154 0.832405 -0.554168 -0.783386 -0.344335 -0.517436
9.520306 -9.396599 845.799293 761.024077 -0.565437 0.422950 0.708092 -0.055033 0.837251 -0.544043 -0.822954 -0.346590 -0.450136
-42.258900 -83.208581 -8288.812948 5161.653164 -0.076973 0.957279 -0.278734 -0.343013 -0.287924 -0.894115 0.936172 -0.026787 -0.350521
-68.466259 -85.893071 -12193.766922 4794.310754 0.007934 0.998725 -0.049851 -0.553470 -0.037134 -0.832041 0.832831 -0.034192 -0.552470
5.201645 -8.646395 -890.050318 285.896912 0.020021 -0.860439 0.509160 0.953643 -0.136514 -0.268195 0.300273 0.490927 0.817818
1.537583 -9.747010 -738.843602 -452.126522 0.014084 -0.848370 0.529217 0.953114 -0.148615 -0.263605 0.302284 0.508117 0.806500
5.500684 -9.124266 -1055.034009 -464.280519 -0.026703 -0.845751 0.532909 0.948125 -0.190360 -0.254600 0.316773 0.498466 0.806961
-759.635745 -5477.901177 432173.025015 -5792660.163997 -0.190897 -0.912260 -0.362408 0.961193 -0.098812 -0.257573 0.199164 -0.397514 0.895721
-351.317319 -4530.533866 97625.500759 -1231621.303596 0.266948 -0.730225 -0.628896 0.950981 0.305318 0.049152 0.156121 -0.611189 0.775934
-1015.648167 -2142.028980 -243941.174109 738587.741170 0.052549 0.892813 0.447352 0.822977 0.215023 -0.525808 0.565639 -0.395791 0.723465
-439.754120 -4709.880054 -3029.344407 -1647442.827842 0.521450 -0.677874 -0.518244 0.491453 0.735094 -0.467024 0.697541 -0.011163 0.716458
-844.814685 -2706.988509 -251816.364388 -586263.094176 -0.090825 0.825120 0.557609 0.384573 0.545549 -0.744634 0.918616 -0.146810 0.366868
-27.186214 -404.689185 -1583.159310 69542.468755 0.532206 0.602132 0.595142 0.769070 -0.049945 -0.637210 -0.353960 0.796833 -0.489662
-14.818492 -269.223232 1178.275106 42614.591149 0.590512 0.597960 0.541977 0.800099 -0.345959 -0.490054 -0.105531 0.723019 -0.682721
-1.592341 -31.014064 967.193942 -2072.917633 0.106877 0.912293 -0.395347 0.946972 0.027783 0.320112 0.303019 -0.408595 -0.860947
-1.260059 -20.971286 -1075.944447 -1498.090400 0.395149 0.851982 -0.343488 0.911966 -0.318918 0.258089 0.110343 -0.415233 -0.902998
-2.601519 -27.026674 -1570.728069 -1984.937214 0.350773 0.870679 -0.344783 0.928052 -0.273978 0.252300 0.125210 -0.408477 -0.904140
-2.500523 -23.054237 206.241319 -1216.523038 0.278509 0.894116 -0.350699 0.939506 -0.177817 0.292762 0.199403 -0.411021 -0.889551
-30.346681 -38.554043 -174.995889 1679.935503 0.617039 0.661202 -0.426702 -0.510618 -0.076175 -0.856426 0.598775 -0.746330 -0.290619
-30.488965 -38.886681 265.844047 979.651937 0.437836 0.729456 -0.525541 -0.558555 -0.237350 -0.794784 0.704497 -0.641528 -0.303521
-31.220448 -40.473352 -89.360602 532.815724 0.606639 0.664338 -0.436628 -0.406114 -0.213185 -0.888608 0.683419 -0.716385 -0.140471
-30.798850 -40.121028 -402.909890 1143.149228 0.765658 0.561447 -0.313918 -0.321259 -0.089032 -0.942797 0.557279 -0.822709 -0.112202
-28.935685 -36.712826 -361.401739 1108.648412 0.817339 0.549330 -0.173764 -0.274934 0.106823 -0.955510 0.506329 -0.828749 -0.238341
6.775382 -2.462762 -1183.847545 -368.685702 0.799396 0.355860 -0.484076 -0.050460 0.842634 0.536117 0.598681 -0.404144 0.691555
8.533945 -3.412406 -266.449506 -25.770873 0.767604 0.263498 -0.584254 0.052618 0.882595 0.467181 0.638761 -0.389353 0.663618
0.249200 -2.488715 449.974036 1425.394335 -0.186968 0.962168 -0.198183 -0.393087 0.111610 0.912703 -0.900292 -0.248549 -0.357348
-3.446096 -9.580407 435.894841 2104.731223 -0.237570 0.967153 -0.090416 -0.362390 -0.001885 0.932025 -0.901240 -0.254187 -0.350935
-3.390658 -8.131763 -347.498818 1632.608590 0.036283 0.778155 -0.627024 -0.445478 0.574242 0.686874 -0.894558 -0.254403 -0.367486
-5.051500 -18.145951 -1538.802128 -372.495187 0.201993 0.943549 -0.262516 0.414207 -0.325191 -0.850108 0.887486 -0.062980 0.456511
1.975533 -18.099775 -889.270712 -240.441546 0.251740 0.886576 -0.388085 0.359458 -0.457968 -0.813053 0.898564 -0.065177 0.433976
1.952369 -19.899972 -727.068794 448.395351 0.260242 0.868657 -0.421556 0.275805 -0.485286 -0.829716 0.925314 -0.099660 0.365871
-0.325317 -35.674540 78.734716 917.156750 0.743592 0.667804 0.033299 -0.171532 0.238660 -0.955834 0.646257 -0.705039 -0.292015
-1.376975 -33.962077 267.357145 755.183556 0.742948 0.666464 0.062077 -0.152672 0.259027 -0.953727 0.651705 -0.699093 -0.294195
-42.704054 -49.965761 1241.678313 1562.969898 -0.497440 0.863806 0.079961 -0.411999 -0.154127 -0.898055 0.763421 0.479672 -0.432555
-35.650352 -49.422312 4570.588517 780.155644 -0.748517 0.644846 -0.154584 -0.196241 -0.438086 -0.877252 0.633413 0.626302 -0.454460
-25.730315 -48.563238 3244.694387 619.314127 -0.767359 0.617499 -0.172785 -0.252223 -0.538418 -0.804046 0.589528 0.573411 -0.568907
2.230236 -60.035359 166.770931 -2104.278662 0.840913 -0.541142 -0.005520 -0.333170 -0.525717 0.782700 0.426454 0.656343 0.622375
4.723660 -81.687253 317.588238 -4647.054370 0.872513 -0.488028 -0.023426 -0.368557 -0.688881 0.624186 0.320759 0.535977 0.780924
17.918345 -40.342422 -51.837178 -3068.513593 0.906343 -0.150167 -0.394958 -0.393673 -0.639668 -0.660187 0.153504 -0.753840 0.638875
17.114743 -40.637467 880.140607 -2923.655180 0.895409 -0.090526 -0.435944 -0.395443 -0.611647 -0.685210 0.204615 -0.785934 0.583473
7.008656 -54.877139 325.267369 -863.640698 0.921678 -0.059303 -0.383396 -0.386310 -0.231204 -0.892922 0.035690 -0.971096 0.236005
12.106629 -62.322952 -2272.785975 -1703.966349 0.931175 0.300764 -0.206044 -0.300647 0.953177 0.032640 0.206213 0.031553 0.977998
11.657246 -116.473625 -1724.332607 -10008.353125 0.966677 0.237098 -0.096540 -0.084708 0.652118 0.753370 -0.241578 0.720088 -0.650471
8.166021 -102.941507 -1520.418088 -12615.790811 0.973540 0.186667 -0.131812 -0.100243 0.867217 0.487735 -0.205354 0.461617 -0.862983
14.662577 -120.843262 -2322.517928 -15678.329101 0.971101 0.202494 -0.126325 -0.066621 0.738244 0.671236 -0.229180 0.643422 -0.730400
1131.211395 21.538048 -1478568.489412 -13416.147208 0.646107 0.723031 0.244485 0.572701 -0.671007 0.470919 -0.504540 0.164247 0.847622
134.812282 -21.944193 -177954.114489 86.125424 0.668456 0.711600 0.216315 0.554996 -0.670863 0.491857 -0.495123 0.208731 0.843377
1570.296984 77.713745 -1390252.790789 15895.846007 0.558433 0.802526 0.210012 0.649545 -0.580485 0.491049 -0.515988 0.137806 0.845438
15.238326 -31.059785 -23987.792086 5274.600303 0.901498 0.367294 0.228903 0.214857 -0.838955 0.499991 -0.375683 0.401560 0.835232
9002.154946 -212.376035 -8798505.505937 73898.248753 0.732137 0.678367 0.061596 -0.603134 0.687642 -0.404200 -0.316552 0.258779 0.912594
1.493242 -34.220389 -15044.116592 -10249.484370 0.914676 0.108940 0.389230 0.022222 0.947982 -0.317549 -0.403577 0.299104 0.864675
779.748117 44.392563 -608547.921522 10116.548361 0.641727 0.709667 0.290792 0.591709 -0.699361 0.400967 -0.487921 0.085247 0.868715
-2.639182 -63.267267 557.352657 994.832264 0.870627 0.226116 0.436898 0.017338 0.873451 -0.486603 -0.491638 0.431225 0.756530
-3.743315 -59.203550 166.522050 561.568495 0.859599 0.235453 0.453488 -0.019089 0.901684 -0.431974 -0.510613 0.362668 0.779581
-5.910719 -77.593421 -406.963521 1095.588174 -0.744909 -0.355004 -0.564874 -0.105009 0.898511 -0.426206 0.658850 -0.258168 -0.706587
-5.039021 -92.712362 -802.825732 -5582.482733 -0.739513 -0.288781 -0.608051 -0.168603 0.953972 -0.248014 0.651685 -0.080890 -0.754164
-4.598583 -86.280384 -396.916855 1911.255674 -0.739266 -0.354091 -0.572805 -0.083596 0.892274 -0.443688 0.668205 -0.280119 -0.689228
18.001430 -58.530623 -2701.221757 -1220.818377 0.946098 0.226134 -0.231867 -0.236768 0.971386 -0.018729 0.220997 0.072618 0.972567
29.475503 -48.188510 -3256.659539 -350.152885 0.953560 0.019234 -0.300587 -0.049732 0.994316 -0.094143 0.297068 0.104720 0.949097
12.888841 -54.542200 -843.816292 928.462688 0.928746 0.250952 -0.272862 -0.216212 0.964569 0.151190 0.301136 -0.081421 0.950099
-125.131342 -609.952359 16067.786019 73123.419901 -0.331025 0.571001 0.751253 0.841019 -0.182503 0.509293 0.427913 0.800406 -0.419810
-19.654459 -197.053613 509.010585 31448.017785 0.071595 0.567733 0.820093 0.988243 -0.151734 0.018767 0.135091 0.809108 -0.571922
-32.569395 -678.366341 1252.876400 115827.113466 0.378933 0.557014 0.739017 0.923420 -0.280111 -0.262361 0.060868 0.781840 -0.620501
-282.949089 -12528.998263 -42667.164422 9616664.756563 0.830660 0.543131 0.122524 0.556774 -0.809310 -0.187134 0.002479 -0.223663 0.974663
-174.834568 -12194.735950 -28590.972217 2835205.969421 0.843485 0.520991 0.130773 0.537003 -0.823637 -0.182348 -0.012708 -0.224033 0.974499
-398.687617 -90137.554615 38353.421887 15840376.888378 0.586253 0.751908 0.301566 0.068356 0.325006 -0.943238 0.807239 -0.573590 -0.139138
-2.034629 -36.068675 120.217458 588.201005 0.994329 -0.056774 -0.089930 0.042303 0.986954 -0.155344 -0.097576 -0.150659 -0.983759
-4.339944 -36.304459 -372.698369 131.719382 0.993333 -0.054049 -0.101822 0.022045 0.956037 -0.292417 -0.113150 -0.288223 -0.950855
-2.793373 -35.500919 -467.710394 549.657296 0.984445 -0.135986 -0.111243 0.107166 0.966521 -0.233137 -0.139222 -0.217589 -0.966060
-2.256089 -33.987022 -213.998889 321.519563 0.976330 -0.190507 -0.102404 0.156321 0.948757 -0.274633 -0.149476 -0.252125 -0.956081
-2.465730 -34.555621 -585.468573 -96.023103 0.910983 0.404218 0.081962 -0.405413 0.841059 0.358135 -0.075830 0.359483 -0.930065
0.308665 -31.900515 -440.211748 -71.311119 0.880744 0.459087 0.116314 -0.468774 0.810139 0.352031 -0.067382 0.364575 -0.928733
-2.960784 -32.821168 -478.510956 175.075968 0.920136 0.384516 0.074142 -0.364658 0.772325 0.520133 -0.142738 0.505630 -0.850861
-3.436501 -31.182858 -324.764586 246.274513 0.927491 0.367050 0.070962 -0.320543 0.683108 0.656213 -0.192388 0.631378 -0.751232
