18734
37448
-33.503162 -58.058998 -1498.838329 7030.184946 0.596702 0.796787 -0.095274 0.774620 -0.602928 -0.190897 0.209548 -0.040108 0.976976
-39.993316 -68.787034 -1957.213973 5217.432446 0.464921 0.882509 -0.070896 0.878640 -0.469756 -0.085557 0.108809 0.022515 0.993808
-41.167266 -67.074368 1083.053019 9899.510672 0.224811 0.974240 0.017799 0.958146 -0.217701 -0.185913 0.177249 -0.058849 0.982405
-35.296565 -59.773072 -966.458814 6073.879951 0.655012 0.731123 -0.190839 0.725474 -0.679118 -0.111743 0.211300 0.065256 0.975241
-28.353587 -47.361618 -1861.856383 7404.277503 0.659265 0.746452 -0.090444 0.702726 -0.654456 -0.279040 0.267482 -0.120404 0.956011
-28.518831 -50.143541 79.788844 -3962.661344 0.786967 0.577482 -0.217249 -0.550168 0.816172 0.176575 0.279282 -0.019435 0.960012
59.502536 -35.767295 -1495.487829 3222.930800 0.349138 0.843845 0.407466 0.529988 0.180781 -0.828511 0.772797 -0.505217 0.384110
61.923802 -41.597181 -9511.365884 -4463.961263 0.463618 0.845916 0.263597 0.368987 0.086146 -0.925434 0.805547 -0.526312 0.272193
47.062032 -18.632596 -6296.543066 -1837.895033 0.429625 0.791009 0.435577 0.547434 0.155466 -0.822281 0.718149 -0.591722 0.366233
53.441804 -41.883512 8376.563823 2643.588900 0.288918 0.722663 0.627921 0.681305 0.305579 -0.665166 0.672570 -0.619984 0.404067
90.123040 -12.123429 -42439.782279 -1927.359807 0.049370 -0.489696 -0.870494 0.737138 0.605956 -0.299074 0.673936 -0.626909 0.390889
30.211754 8.284940 -26832.962498 -1313.841033 0.013916 -0.472645 -0.881143 0.743930 0.593711 -0.306718 0.668113 -0.651241 0.359877
9.315808 -81.089087 -6742.223360 -20849.365583 -0.046527 0.925228 0.376547 0.868142 0.223920 -0.442933 0.494131 -0.306288 0.813648
26.650438 -54.407968 -26959.243417 -10598.443637 0.190927 0.928448 0.318639 0.825762 0.023589 -0.563526 0.530721 -0.370712 0.762173
6.077529 -33.054771 -15900.396865 -11816.215414 -0.120893 0.860523 0.494859 0.874265 0.328411 -0.357500 0.470154 -0.389419 0.792028
5.731134 -89.778725 -2065.498167 -40188.093803 -0.185830 0.879547 0.438024 0.887887 0.341253 -0.308549 0.420860 -0.331578 0.844353
8.136159 -7.773129 4419.502514 -181.276612 0.226335 0.899587 -0.373518 0.557174 0.194967 0.807183 -0.798955 0.390808 0.457099
1.931512 -5.619096 5532.615750 -1226.676412 0.190016 0.879047 -0.437229 0.568368 0.264635 0.779054 -0.800532 0.396540 0.449338
10.398775 -10.118963 4093.974763 -1326.682112 0.012618 0.800243 -0.599543 0.604582 0.471472 0.642024 -0.796443 0.370574 0.477864
1.785577 -9.800947 -121.512662 -3466.260415 0.485042 0.871108 0.076844 0.365665 -0.281856 0.887044 -0.794370 0.402155 0.455245
14.244947 -10.436008 1178.369444 96.319933 0.086929 0.876304 -0.473851 0.590850 0.337611 0.732745 -0.802084 0.343672 0.488416
5.520020 -9.351853 2752.276387 -513.767927 0.402328 0.907118 -0.123570 0.461277 -0.084269 0.883245 -0.790794 0.412354 0.452336
13.102468 -8.228720 3402.445566 1092.088072 0.230622 0.908388 -0.348775 0.551785 0.173144 0.815815 -0.801465 0.380594 0.461304
27.995833 -27.300306 5336.385691 -1614.735683 -0.439163 0.894516 -0.083521 0.827271 0.438895 0.350705 -0.350369 -0.084922 0.932754
20.113489 -22.598757 6827.849994 -1582.202332 -0.421196 0.902697 -0.087935 0.805714 0.416926 0.420711 -0.416437 -0.106351 0.902923
20.992460 -26.883529 3511.827410 -1392.773511 -0.508127 0.848704 -0.146655 0.778823 0.525473 0.342509 -0.367753 -0.059820 0.927998
28.988539 -31.009075 4614.264711 -1034.758685 -0.501414 0.851242 -0.154825 0.810552 0.524750 0.260084 -0.302639 -0.004916 0.953093
18.741006 -31.555543 3797.426596 -1074.423097 -0.562265 0.799367 -0.211825 0.757341 0.600621 0.256300 -0.332104 0.016315 0.943102
11.602483 -28.329140 1083.785756 -1487.770057 -0.606886 0.767226 -0.207491 0.695005 0.638935 0.329742 -0.385560 -0.055908 0.920987
21.148915 -12.091771 -14668.951527 2653.362974 0.541149 -0.533045 -0.650400 0.497428 -0.420704 0.758666 0.678029 0.734079 -0.037488
5.484941 -14.696985 8162.572638 4926.924381 -0.342841 0.312329 0.885952 0.653633 -0.598060 0.463776 0.674704 0.738088 0.000891
27.058775 -23.696563 16345.966230 6800.863265 -0.482312 0.449945 0.751614 0.574206 -0.485587 0.659161 0.661561 0.749502 -0.024156
78.832742 -57.884218 4509.437938 -8752.683283 0.101026 0.962044 -0.253505 0.924274 0.003524 0.381715 -0.368120 0.272871 0.888836
48.624175 -51.035401 -9266.776863 19.493122 -0.185215 -0.937482 0.294656 0.962731 -0.112966 0.245738 -0.197088 0.329189 0.923467
49.719940 -54.107069 1272.866551 -627.680296 -0.039945 -0.979600 0.196948 0.990179 -0.012379 0.139257 -0.133978 0.200577 0.970474
57.407859 -56.077300 -8569.536869 -7253.653881 -0.074714 0.993331 -0.087816 0.961296 0.095163 0.258562 -0.265195 0.065099 0.961995
3.191107 -65.019802 -38.626532 1826.360414 0.414332 0.792200 -0.448049 -0.739812 0.579894 0.341177 -0.530101 -0.190112 -0.826347
4.754922 -70.155889 -86.146185 2794.835948 0.461774 0.755655 -0.464490 -0.783446 0.593011 0.185875 -0.415905 -0.278071 -0.865852
5.920966 -76.987665 -668.895402 3177.519767 0.449620 0.770142 -0.452463 -0.802781 0.570519 0.173350 -0.391643 -0.285287 -0.874773
2.757701 -110.351721 304.321052 4176.205518 0.160479 0.968110 0.192377 0.975352 -0.185441 0.119580 0.151442 0.168445 -0.974008
2.565808 -99.467205 -45.374461 -3996.536910 0.160964 0.972111 0.170558 -0.971653 0.186401 -0.145415 0.173152 0.142317 -0.974559
2.223508 -110.629396 310.837842 2957.363777 0.203578 0.957791 0.202960 -0.930181 0.253895 -0.265143 0.305482 0.134813 -0.942606
1.618323 -123.453611 304.341612 3012.278295 0.208327 0.954934 0.211428 -0.934948 0.257908 -0.243630 0.287179 0.146920 -0.946542
0.819211 -129.946475 270.991943 6750.259346 0.250793 0.940059 0.231067 -0.855403 0.326953 -0.401730 0.453198 0.096904 -0.886127
1.376637 -117.138439 73.884775 7847.250603 0.246694 0.945207 0.213836 -0.860321 0.315177 -0.400640 0.446083 0.085132 -0.890933
58.048543 -1.583475 9657.528686 -181.892438 0.722803 -0.691007 -0.008058 -0.442797 -0.454157 -0.773093 -0.530553 -0.562362 0.634241
39.350616 -3.886590 17935.851044 842.379668 0.743295 -0.627694 -0.231328 -0.529370 -0.340486 -0.777069 -0.408998 -0.700050 0.585364
30.332980 -4.227009 11631.048349 -1239.861022 0.648302 -0.688614 -0.324832 -0.629074 -0.244108 -0.738023 -0.428918 -0.682805 0.591444
0.095018 -76.536330 -108.409238 -171.508041 0.009367 0.951464 0.307617 0.399293 -0.285599 0.871205 -0.916776 -0.114668 0.382588
-0.332451 -71.861603 -44.211253 1055.832955 0.009462 0.950782 0.309715 0.397605 -0.287769 0.871263 -0.917508 -0.114901 0.380758
-0.554206 -91.187299 -278.911320 9865.175191 -0.010501 0.963138 0.268804 0.285122 -0.254775 0.924010 -0.958434 -0.086345 0.271936
-0.070878 -77.090196 -13.980080 -8280.045389 0.034083 0.934870 0.353351 0.499929 -0.322092 0.803945 -0.865395 -0.149249 0.478347
0.864596 -93.619673 -331.751540 9129.638632 -0.008159 0.964896 0.262507 0.269520 -0.250679 0.929795 -0.962960 -0.078337 0.258013
1.186186 -88.642441 -325.660939 -8590.240068 0.037965 0.934272 0.354534 0.496059 -0.325608 0.804925 -0.867458 -0.145311 0.475816
0.243064 -85.662406 -184.832756 -9362.871313 0.037191 0.931975 0.360609 0.524933 -0.325282 0.786535 -0.850331 -0.160044 0.501322
1.738726 -81.204896 -340.266477 -272.372505 0.011774 0.953961 0.299699 0.378622 -0.281657 0.881655 -0.925477 -0.103092 0.364507
1.809442 -52.117281 -479.069795 -667.232400 0.616218 0.756373 -0.219487 0.503793 -0.592774 -0.628340 0.605365 -0.276618 0.746334
0.604648 -49.456865 -368.866364 -525.330050 0.606834 0.764189 -0.218558 0.611781 -0.624621 -0.485358 0.507421 -0.160822 0.846558
2.452037 -51.751536 -300.926671 -578.004519 0.596206 0.771802 -0.221042 0.527640 -0.584210 -0.616680 0.605090 -0.251038 0.755543
3.989480 -60.694554 -131.089071 -1344.226915 0.512196 0.685393 -0.517582 0.813238 -0.580841 0.035613 -0.276224 -0.439158 -0.854892
5.200812 -65.469333 6.774099 -1580.717726 0.534777 0.683547 -0.496766 0.810961 -0.580342 0.074466 -0.237394 -0.442681 -0.864684
4.839483 -57.806290 -153.566839 944.063442 0.483688 0.706342 -0.516843 -0.782968 0.613108 0.105162 -0.391161 -0.353806 -0.849597
3.661217 -53.867407 -287.080926 487.941651 0.462637 0.710042 -0.530856 -0.781115 0.609678 0.134734 -0.419318 -0.352326 -0.836683
2.826250 -57.175722 -595.301951 -1662.488681 0.484432 0.688170 -0.540137 0.814445 -0.580175 -0.008731 -0.319383 -0.435683 -0.841532
-8.241412 -111.900502 494.813117 -7091.039665 -0.308853 0.054256 -0.949561 0.306330 0.950846 -0.045307 0.900429 -0.304872 -0.310292
-7.790629 -108.783652 728.301579 -2704.684456 -0.317420 0.041348 -0.947383 0.439291 0.891798 -0.108262 0.840398 -0.450541 -0.301238
-6.672368 -110.275936 879.257638 -5889.449984 -0.328484 0.047833 -0.943297 0.345801 0.935465 -0.072983 0.878931 -0.350167 -0.323826
-7.791039 -113.594956 586.704933 -3470.946046 -0.330091 0.053963 -0.942406 0.170136 0.985415 -0.003167 0.928490 -0.161383 -0.334457
10.429092 -89.180088 7260.081858 16518.887211 -0.441213 0.024285 -0.897074 0.006612 0.999695 0.023811 0.897378 0.004574 -0.441239
-1.899772 -106.241001 1434.936262 10955.286230 -0.406482 -0.027953 -0.913231 0.129058 0.987753 -0.087679 0.904498 -0.153500 -0.397896
4.124111 -111.140891 3754.361861 15045.700623 -0.417697 -0.039963 -0.907707 0.154531 0.981352 -0.114315 0.895349 -0.188018 -0.403733
59.023776 -33.617111 2392.809325 -7407.595503 -0.478318 -0.689196 -0.544262 0.876447 -0.413625 -0.246485 -0.055244 -0.594915 0.801888
47.959849 -49.113591 5297.668285 -8237.560349 -0.427824 -0.643752 -0.634469 0.902748 -0.339174 -0.264589 -0.044865 -0.685963 0.726252
50.950076 -35.673241 5489.952279 -8453.215304 -0.497695 -0.625058 -0.601334 0.860340 -0.443747 -0.250808 -0.110071 -0.642177 0.758613
-8.070530 -79.020632 5399.477248 10343.719072 0.509352 0.214231 0.833466 0.049189 0.959686 -0.276735 -0.859152 0.181953 0.478280
-2.064784 -80.748441 13912.869560 7349.115875 0.532996 0.087065 0.841626 0.121753 0.976448 -0.178117 -0.837312 0.197406 0.509843
-10.544635 -67.682383 4219.517326 2685.309094 0.469008 -0.000366 0.883194 0.292156 0.943767 -0.154755 -0.833472 0.330612 0.442741
-12.454751 -66.843363 -2597.996525 12111.775141 0.451575 0.239145 0.859587 0.117880 0.938974 -0.323158 -0.884412 0.247258 0.395827
-14.125311 -60.355137 -2320.008634 1635.545209 0.398454 -0.052736 0.915671 0.374202 0.920824 -0.109801 -0.837381 0.386396 0.386640
-8.977672 -72.445021 1876.657149 -4086.983552 0.391907 -0.169846 0.904191 0.494106 0.867897 -0.051133 -0.776060 0.466805 0.424057
24.212566 -147.412254 -4482.276194 -1861.800868 -0.180956 0.035096 -0.982865 0.665548 0.740142 -0.096106 0.724086 -0.671535 -0.157291
21.286840 -131.759179 -4879.172248 -10621.446748 -0.158566 0.038966 -0.986579 0.792320 0.601246 -0.103597 0.589140 -0.798113 -0.126211
20.431767 -146.061524 -9228.287568 -1163.980117 -0.142374 0.027795 -0.989423 0.695626 0.713932 -0.080042 0.704155 -0.699664 -0.120980
2.519310 -260.585322 -2901.247193 53448.652570 -0.270758 -0.151620 -0.950632 0.664876 0.684685 -0.298572 0.696153 -0.712894 -0.084576
2.233137 -276.640350 -4164.720942 21052.656707 -0.270687 -0.176249 -0.946396 0.860623 0.396191 -0.319938 0.431342 -0.901093 0.044440
-3.329071 -262.914420 -960.737396 43042.608154 -0.274251 -0.141333 -0.951216 0.751742 0.585357 -0.303713 0.599725 -0.798362 -0.054289
76.241367 -294.342077 27726.688938 1264.630180 -0.377893 0.453454 -0.807202 0.859108 0.496761 -0.123133 0.345151 -0.740005 -0.577289
69.604114 -281.568252 15620.318862 5219.156381 -0.327563 0.431959 -0.840306 0.787621 0.616084 0.009672 0.521877 -0.658674 -0.542026
62.534328 -302.351068 21675.688850 9460.665129 -0.354269 0.491773 -0.795395 0.767817 0.638492 0.052778 0.533808 -0.592020 -0.603789
78.150638 -274.147773 8059.792349 21307.286344 -0.329838 0.335935 -0.882244 0.795357 0.602314 -0.068009 0.508542 -0.724131 -0.465854
99.311963 -273.589548 9399.184669 -1938.910048 -0.345464 0.326463 -0.879816 0.885446 0.423969 -0.190357 0.310870 -0.844791 -0.435531
98.243210 -270.569406 52649.254676 -38212.276094 -0.370905 0.480151 -0.794912 0.925759 0.258896 -0.275577 0.073481 -0.838110 -0.540529
47.671678 -291.800669 38048.216933 -16069.289905 -0.410894 0.521920 -0.747506 0.900963 0.357829 -0.245406 0.139397 -0.774311 -0.617260
-111.579768 -1004.523135 36727.792914 588751.016033 -0.385755 0.549540 -0.741080 -0.394081 0.628142 0.670923 0.834202 0.550857 -0.025746
48.358879 -271.646752 -630764.446470 134724.657893 0.580959 -0.308522 -0.753194 -0.398445 0.699114 -0.593701 0.709738 0.645022 0.283227
-28.191041 -1292.484069 -22714.356716 -739500.603562 -0.501824 0.615348 -0.607880 0.502758 -0.364365 -0.783883 0.703851 0.698988 0.126524
-19.864263 -1671.469949 -2521.901201 879239.649700 -0.410307 0.415097 -0.811999 0.007692 0.891945 0.452078 0.911915 0.179245 -0.369165
-41.778159 -288.087630 13081.956709 -263848.971765 -0.400097 0.653597 -0.642443 0.510606 -0.423146 -0.748484 0.761054 0.627502 0.164431
51.297182 -17.931740 -5685.499153 -1397.119522 -0.538434 -0.763066 -0.357519 0.841998 -0.470264 -0.264370 0.033603 -0.443376 0.895706
32.728715 -16.852921 -11120.126155 -797.536693 -0.538480 -0.813868 -0.218308 0.834126 -0.478108 -0.275040 0.119471 -0.330199 0.936320
40.157035 -20.353574 -10764.149363 -2243.819977 -0.505174 -0.823208 -0.259091 0.853070 -0.430868 -0.294320 0.130652 -0.369706 0.919917
-11.061765 -42.773207 -453.822787 3138.055235 -0.050124 0.740478 0.670209 0.595010 0.561104 -0.575435 0.802154 -0.369938 0.468717
-3.520334 -45.546388 -1302.164707 2495.904447 -0.001042 0.765983 0.642860 0.684864 0.468980 -0.557691 0.728670 -0.439690 0.525083
-9.859680 -45.175554 -520.778399 1817.496759 0.046341 0.798053 0.600803 0.635168 0.440665 -0.634332 0.770983 -0.411006 0.486476
20.915519 -28.255567 1369.456515 877.951153 -0.533854 0.796275 0.284510 -0.294170 0.140556 -0.945361 0.792757 0.588380 -0.159204
22.446365 -32.450094 -2125.446835 1283.783575 -0.470936 0.850684 0.233571 -0.298074 0.095753 -0.949728 0.830284 0.516882 -0.208473
19.267087 -37.068604 -3272.676796 1798.073058 -0.480952 0.861472 0.162944 -0.192546 0.077530 -0.978220 0.855343 0.501851 -0.128585
-14.993073 -31.835640 -2131.593245 -18763.728709 0.908982 -0.360396 0.209443 0.008121 -0.487052 -0.873335 -0.416756 -0.795547 0.439795
10.130132 -5.973436 17254.365735 -5944.927170 0.885051 -0.200083 0.420298 0.250696 -0.555900 -0.792545 -0.392218 -0.806810 0.441840
-11.058264 -31.146249 -5965.771209 12202.014297 0.586800 -0.573029 -0.572104 0.711709 0.028030 0.701915 -0.386182 -0.819055 0.424278
38.304558 -23.615046 31173.722028 -15866.219673 0.823128 -0.098805 0.559193 0.395795 -0.606309 -0.689736 -0.407193 -0.789067 0.459964
-27.297743 -46.431838 -1552.114185 -14428.906095 0.792878 -0.535171 -0.291439 -0.451382 -0.194486 -0.870878 -0.409388 -0.822051 0.395770
-24.739159 -54.954902 -6887.797657 -22595.200605 0.900779 -0.399143 0.171119 -0.017858 -0.427743 -0.903724 -0.433909 -0.811000 0.392430
-8.218792 -47.523903 3311.610544 -26928.866939 0.873158 -0.220492 0.434717 0.245432 -0.571663 -0.782920 -0.421140 -0.790306 0.445036
96.802298 -4115.058059 109389.533080 -2396239.575699 0.885626 -0.156895 0.437094 -0.013542 0.932076 0.362008 -0.464202 -0.326523 0.823346
120.854560 0.586800 -72021.883519 -24543.966572 0.012986 -0.437150 -0.899295 0.980979 -0.168634 0.096138 -0.193678 -0.883438 0.426645
135.029863 -4457.729348 -117599.125334 -3379907.758746 0.366278 -0.293136 0.883126 -0.421509 0.793853 0.438325 -0.829561 -0.532794 0.167211
-149.040959 -4059.342500 -4982.275084 -1991174.517066 0.293055 -0.371745 0.880866 0.506760 0.841650 0.186602 -0.810749 0.391703 0.435035
299.726158 -237.993781 178210.802219 -5042.308201 0.690913 -0.601926 0.400404 0.722549 0.556788 -0.409769 0.023710 0.572426 0.819613
314.887694 -1733.348379 549498.595872 -148973.939912 0.179404 0.131354 -0.974967 -0.259496 0.962266 0.081893 0.948934 0.238308 0.206720
1774.198170 -2967.479110 -1519654.952993 -954384.638594 0.130219 -0.296306 0.946174 -0.028928 0.952758 0.302349 -0.991063 -0.066742 0.115496
-30.179588 -137.099633 12029.893306 38206.835167 -0.177971 0.505551 0.844242 0.373325 0.828487 -0.417418 -0.910470 0.240888 -0.336181
3.172890 -70.244568 7899.792822 -8165.230882 -0.082937 0.779711 0.620622 -0.463068 -0.581603 0.668809 -0.882434 0.231921 -0.409296
-24.539787 -81.112550 26025.387987 -5350.062431 -0.025791 0.758038 0.651700 -0.484746 -0.579627 0.655022 -0.874275 0.299015 -0.382405
6.677450 -78.984556 -60.110448 -16210.238180 -0.122273 0.722833 0.680119 -0.391764 -0.664767 0.636086 -0.911905 0.188670 -0.364463
-16.692872 -141.556230 7176.487624 43470.389472 -0.154664 0.497632 0.853488 0.266156 0.852931 -0.449076 -0.951441 0.157705 -0.264365
70.626649 -80.544777 7621.829319 4056.778160 0.007782 0.715515 -0.698554 0.545131 -0.588679 -0.596900 0.838315 0.376158 0.394631
86.372108 -107.487891 2323.761246 14979.349407 0.161253 0.791081 -0.590074 0.651926 -0.534263 -0.538103 0.740939 0.297914 0.601878
80.413732 -106.037981 11552.029155 11839.708036 0.010440 0.630895 -0.775798 0.672134 -0.578857 -0.461693 0.740356 0.516620 0.430090
-22.312554 -47.479174 5097.403147 108.921451 -0.481349 -0.556987 0.676807 0.120659 0.722689 0.680560 -0.868184 0.409250 -0.280660
-32.878665 -53.869877 3027.146829 -119.187848 -0.470537 -0.332391 0.817381 0.334972 0.789703 0.513967 -0.816326 0.515641 -0.260243
-29.053906 -49.384186 4300.093949 -30.007434 -0.490350 -0.396317 0.776202 0.216501 0.807315 0.548972 -0.844206 0.437237 -0.310064
-1.316148 -44.587195 -1643.983096 1173.682502 -0.335792 0.907659 0.251793 -0.626383 -0.414817 0.659978 -0.703483 -0.063896 -0.707834
6.264470 -46.570402 -4666.841802 333.941053 -0.369585 0.893727 0.254282 -0.694563 -0.447499 0.563318 -0.617243 -0.031579 -0.786139
6.855000 -43.828596 -4862.216815 1234.385042 -0.360115 0.899264 0.248276 -0.616587 -0.429145 0.660042 -0.700099 -0.084607 -0.709016
-0.230450 -40.297608 -2495.194348 2356.670404 -0.339198 0.907364 0.248267 -0.537734 -0.403564 0.740255 -0.771872 -0.117591 -0.624808
44.365740 -50.888065 1059.971367 -21526.464130 -0.070871 0.909910 -0.408708 -0.039302 0.406873 0.912639 -0.996711 -0.080743 -0.006926
48.814755 -32.968752 -539.738864 -6074.028270 -0.099265 0.840042 -0.533363 -0.060367 0.529940 0.845884 -0.993228 -0.116164 0.001894
43.358085 -54.259874 1896.705167 -20404.802005 0.010313 0.902832 -0.429869 -0.083856 0.429159 0.899328 -0.996425 -0.026772 -0.080134
40.290483 -83.755123 1889.606444 -30351.141179 0.002302 0.946931 -0.321429 0.004795 0.321416 0.946926 -0.999986 0.003721 0.003800
179.474739 -46.473027 -26264.078336 -3428.614330 0.112535 -0.851300 -0.512468 0.911903 -0.116370 0.393561 -0.394675 -0.511611 0.763208
169.994962 -30.423944 39745.403646 -447.010125 0.258483 -0.583816 -0.769640 0.910090 -0.119978 0.396663 -0.323918 -0.802972 0.500312
145.481366 -38.934565 -17721.555111 219.641239 0.188236 -0.825210 -0.532537 0.855689 -0.128334 0.501325 -0.482041 -0.550053 0.681966
147.209588 -46.812248 60906.044586 -820.590454 -0.085883 0.945424 0.314321 0.850542 -0.094723 0.517307 -0.518848 -0.311771 0.795987
0.995380 -67.419599 188.808899 4786.692445 0.687379 -0.724189 0.055329 0.626757 0.552955 -0.549014 -0.366995 -0.412058 -0.833980
0.051621 -62.891859 361.043581 4841.356326 0.678351 -0.731451 0.069422 0.650190 0.553601 -0.520364 -0.342189 -0.398126 -0.851118
1.678202 -58.021076 -275.647604 2481.629989 -0.640170 0.763670 -0.083607 0.725703 0.565430 -0.391973 -0.252064 -0.311603 -0.916170
2.361455 -63.441493 53.243837 2730.154905 -0.656666 0.751766 -0.060315 0.701798 0.579814 -0.413879 -0.276169 -0.314109 -0.908332
2.472618 -56.707650 -560.115476 -1502.283619 -0.563551 0.817783 -0.116797 0.813589 0.524957 -0.249986 -0.143121 -0.235905 -0.961179
3.815866 -61.564376 -408.826063 -1083.590113 -0.581996 0.807542 -0.095687 0.797618 0.543967 -0.260586 -0.158384 -0.227982 -0.960697
2.179325 -71.088877 397.377983 6093.693063 0.719882 -0.694093 -0.002385 0.499812 0.520761 -0.692095 -0.481620 -0.497035 -0.721802
-0.447033 -83.290792 351.465441 8685.263840 0.714137 -0.699637 0.022741 0.426326 0.408935 -0.806857 -0.555207 -0.585902 -0.590309
2.276970 -68.742869 1168.308459 2956.499764 0.714090 -0.698470 0.047072 0.530407 0.495932 -0.687546 -0.456885 -0.515937 -0.724613
-17.733234 -45.049682 -499.764284 -1562.308514 -0.003227 0.986485 0.163818 -0.703327 0.114214 -0.701632 0.710860 0.117482 -0.693453
-18.610414 -41.034529 -181.912466 -2076.182320 -0.013611 0.980714 0.194974 -0.632991 0.142494 -0.760932 0.774040 0.133774 -0.618843
-16.111283 -41.862692 -924.102051 -1993.042109 0.038056 0.987541 0.152690 -0.641836 0.141271 -0.753717 0.765897 0.069319 -0.639216
-30.512498 -69.006405 -14606.366448 -3948.207246 0.373538 -0.596711 -0.710215 0.664416 -0.362176 0.653743 -0.647319 -0.716076 0.261178
-32.687893 -73.201170 -7767.564869 16071.436854 0.572205 -0.603374 -0.555447 0.637003 -0.099587 0.764401 -0.516536 -0.791215 0.327367
-18.003856 -63.158229 -11426.796745 11583.517518 0.386505 -0.583853 -0.713954 0.775810 -0.212787 0.594004 -0.498731 -0.783478 0.370715
-37.136569 -74.359899 6668.476029 -17949.947938 -0.373982 0.527008 0.763151 0.584883 -0.504580 0.635068 -0.719756 -0.683858 0.119534
-41.986728 -80.007255 -7448.642733 2027.033384 0.516369 -0.572271 -0.637079 0.613830 -0.271403 0.741319 -0.597140 -0.773852 0.211133
-18.708276 -68.427556 -9604.639316 899.221696 0.288751 -0.578240 -0.763061 0.751846 -0.356493 0.554654 -0.592748 -0.733861 0.331810
-10.878087 -22.882480 4539.403341 2860.693824 0.553162 0.823669 -0.124828 -0.687732 0.536062 0.489553 -0.470145 0.184953 -0.862993
-19.871235 -24.640596 1247.801126 955.897447 -0.825604 -0.417004 0.380113 -0.316764 0.900024 0.299363 -0.466946 0.126749 -0.875155
-10.623831 -21.593280 961.523204 2496.159343 -0.842541 -0.345212 0.413466 -0.216641 0.919981 0.326651 -0.493145 0.185643 -0.849909
-0.538126 -17.332189 5237.909116 2047.104671 0.625144 0.764605 -0.156761 -0.603274 0.600778 0.524525 -0.495233 0.233333 -0.836839
-9.358563 -31.901042 891.329259 3012.839300 -0.860831 -0.016329 0.508628 0.054123 0.990879 0.123412 -0.506004 0.133765 -0.852096
-8.123829 -24.757749 288.094901 3884.354923 -0.860307 -0.203046 0.467594 -0.076096 0.958127 0.276047 -0.504065 0.201903 -0.839734
-2.753994 -16.939252 -3168.288396 1570.563853 -0.748027 -0.603718 0.275643 -0.434651 0.759512 0.483963 -0.501531 0.242209 -0.830542
-0.138183 -166.253823 1168.832230 -5428.475954 -0.245159 0.946066 -0.211793 0.769625 0.057072 -0.635940 0.589554 0.318908 0.742108
-2.094947 -161.206160 811.647032 -2626.566150 -0.251827 0.947272 -0.198137 0.738739 0.055899 -0.671670 0.625179 0.315516 0.713863
0.273591 -168.009800 626.220840 -2265.796024 -0.256447 0.947273 -0.192115 0.622391 0.009767 -0.782645 0.739503 0.320278 0.592079
2.824863 -174.089965 1088.119347 -4639.697909 -0.252260 0.948553 -0.191344 0.655498 0.022050 -0.754875 0.711820 0.315851 0.627337
-7.750830 -152.952660 -5966.039104 -42376.016934 -0.224716 0.943672 -0.242870 -0.550369 0.082764 0.830810 -0.804113 -0.320364 -0.500769
-10.668936 -146.721361 -4626.760588 -35598.078517 -0.187152 0.946044 -0.264528 -0.582568 0.109931 0.805314 -0.790942 -0.304822 -0.530561
0.267768 -111.668430 -7753.471835 -26950.447799 -0.252106 0.946061 -0.203495 -0.646398 -0.008142 0.762957 -0.720148 -0.323885 -0.613584
4.798162 -121.078448 -5151.159979 -35470.218153 -0.257143 0.952663 -0.162205 -0.604880 -0.027767 0.795832 -0.753656 -0.302757 -0.583387
11.776469 -95.735650 -5097.617131 -15352.101404 -0.275989 0.953263 -0.122964 -0.664794 -0.096925 0.740712 -0.694175 -0.286174 -0.660474
6.902941 -91.597025 -8559.642158 -4907.556667 -0.288240 0.944452 -0.157886 -0.691569 -0.091280 0.716520 -0.662307 -0.315719 -0.679464
-16.884413 -191.003624 -5352.222436 -5345.298377 -0.241984 0.942984 -0.228528 -0.084439 0.214168 0.973140 -0.966599 -0.254781 -0.027800
-6.011596 -167.876316 -3920.103379 -32652.652169 -0.244856 0.951866 -0.184382 -0.400612 0.073853 0.913266 -0.882924 -0.297484 -0.363246
-12.653586 -184.756854 -1519.934657 -8424.151608 -0.233859 0.954682 -0.184098 -0.080558 0.169672 0.982203 -0.968927 -0.244527 -0.037228
-8.468292 -41.999883 881.125051 233.346082 -0.268380 0.902314 0.337345 -0.604596 -0.430407 0.670234 -0.749958 0.024080 -0.661048
-9.689047 -39.892158 -34.612346 575.478105 -0.275493 0.893417 0.354838 -0.599672 -0.448216 0.662945 -0.751330 0.030149 -0.659237
-9.309655 -42.298555 700.772132 879.805239 -0.237935 0.919883 0.311772 -0.695099 -0.385466 0.606839 -0.678398 0.072324 -0.731126
-8.704919 -38.186156 237.648827 188.507214 -0.316507 0.857324 0.405979 -0.494541 -0.514349 0.700624 -0.809477 -0.020979 -0.586777
-7.608109 -40.922301 1048.129374 -52.783623 -0.310361 0.866823 0.390249 -0.493411 -0.497783 0.713272 -0.812540 -0.028818 -0.582192
-0.568049 -77.615514 -1976.144330 2269.329020 -0.317578 0.939639 -0.127370 0.944498 0.325370 0.045366 0.084070 -0.105894 -0.990817
0.914072 -83.232855 -1970.713084 -2022.099794 -0.288366 0.948959 -0.127755 0.957278 0.282716 -0.060747 -0.021528 -0.139814 -0.989944
-2.657348 -86.050134 -1619.449081 1209.456388 -0.332871 0.934516 -0.126003 0.942831 0.332148 -0.027331 0.016310 -0.127898 -0.991653
-0.622672 -105.921805 -1971.781039 11508.738514 -0.312018 0.941847 -0.124780 0.945919 0.295689 -0.133437 -0.088781 -0.159666 -0.983171
-3.465803 -97.241534 -2444.006091 2054.811976 -0.317459 0.939372 -0.129616 0.944864 0.301772 -0.127144 -0.080321 -0.162833 -0.983379
-5.457965 -90.660098 -970.335887 -455.325750 -0.348301 0.931035 -0.108909 0.937351 0.344967 -0.048699 -0.007771 -0.119048 -0.992858
26.386377 -245.681668 10283.095880 -44951.543629 -0.009026 0.997682 -0.067452 -0.951754 0.012120 0.306623 -0.306730 -0.066966 -0.949438
5.605090 -238.826995 1947.507452 -35545.239831 -0.021489 0.996831 -0.076595 -0.931609 0.007838 0.363376 -0.362825 -0.079165 -0.928488
24.267991 -257.610679 10608.600215 -40437.324975 0.018467 0.997497 -0.068260 -0.855085 0.051138 0.515960 -0.518159 -0.048840 -0.853889
47.276076 -266.412249 15829.528778 -33131.051659 -0.016435 0.995426 -0.094113 -0.851331 0.035432 0.523431 -0.524371 -0.088724 -0.846855
-11.666286 -813.788604 -19471.331360 129867.306123 -0.279766 0.944299 -0.173296 0.090696 0.205691 0.974405 -0.955775 -0.256888 0.143190
4.979058 -727.694029 -24987.248906 381433.619201 -0.272611 0.956248 -0.106172 0.175634 0.157958 0.971700 -0.945958 -0.246248 0.211011
-6.370232 -699.015619 -40347.808209 36898.033830 -0.283581 0.945658 -0.159097 0.358375 0.258397 0.897105 -0.889466 -0.197385 0.412177
13.563520 -799.998638 -14277.432913 337138.764386 -0.222910 0.970724 -0.089479 -0.168732 0.051983 0.984290 -0.960125 -0.234506 -0.152204
-36.203640 -1105.036880 -2603.366041 -209443.288294 -0.214844 0.963976 -0.156816 0.333199 0.223279 0.916037 -0.918052 -0.144554 0.369167
-22.301544 -907.731987 -20178.549003 -30318.539740 -0.242145 0.953495 -0.179479 0.035066 0.193463 0.980481 -0.969606 -0.231125 0.080281
-3.039217 -841.395534 -57238.900925 370785.023041 -0.322369 0.937701 -0.129598 -0.211230 0.062198 0.975456 -0.922746 -0.341831 -0.178019
-25.230801 -206.617785 11028.879605 64898.143131 -0.317772 0.947038 0.046264 0.167345 0.104045 -0.980393 0.933283 0.303800 0.191544
-43.880168 -135.632226 -692.651049 79888.334214 -0.332694 0.916277 0.223050 -0.141995 0.185154 -0.972397 0.932283 0.355182 -0.068507
-15.258528 -266.018475 18175.300926 125801.063312 -0.350868 0.920662 0.171094 -0.036576 0.169096 -0.984921 0.935710 0.351835 0.025656
-32.272914 -326.613710 1841.510489 100693.894240 -0.253743 0.961517 -0.105353 0.404746 0.006621 -0.914405 0.878519 0.274666 0.390850
3.847840 -270.258289 26569.544949 128670.854489 -0.237989 0.883537 0.403391 -0.429679 0.276698 -0.859543 0.871055 0.377890 -0.313786
12.220000 -397.574532 27237.455344 180663.365722 -0.287686 0.950159 0.120145 -0.097994 0.095587 -0.990586 0.952698 0.296752 -0.065611
-20.733301 -403.710904 28755.570843 91584.229027 -0.287517 0.957270 -0.031124 0.311572 0.062754 -0.948148 0.905680 0.282306 0.316301
94.031020 -219.484100 74069.983180 -125728.159428 0.004520 -0.006744 0.999967 0.183963 0.982916 0.005798 -0.982923 0.183931 0.005684
782.397041 -3617.593806 -7261.284312 -2933781.500326 0.011285 -0.602511 0.798031 0.209396 0.781811 0.587303 -0.977766 0.160477 0.134986
-16.548890 -165.772650 28455.355125 -20239.795653 0.079491 0.120668 0.989505 0.096569 0.987045 -0.128125 -0.992147 0.105740 0.066808
-38.375198 -320.112767 36.713361 130274.741306 -0.353550 0.897642 0.263137 0.706721 0.440618 -0.553535 0.612819 0.009737 0.790163
-63.138531 -700.551167 4874.172110 346701.269036 -0.362681 0.924404 0.118064 0.586517 0.324872 -0.741927 0.724196 0.199836 0.660004
-45.214040 -571.721350 -6180.403925 217322.180647 -0.344684 0.897829 0.274038 0.755812 0.438567 -0.486216 0.556723 -0.039530 0.829757
-2.909982 -38.892814 2762.309275 2325.676539 0.465016 0.882502 0.070358 0.147807 -0.155749 0.976676 -0.872877 0.443770 0.202866
1.919615 -36.184704 1324.790005 2072.113464 0.450823 0.892254 0.025327 0.172687 -0.115020 0.978238 -0.875750 0.436639 0.205934
-0.295809 -41.271436 2618.333591 2318.834840 0.457161 0.889315 0.011054 0.122346 -0.075194 0.989635 -0.880928 0.451070 0.143180
-7.989470 -44.686514 4374.553938 2258.758063 0.460501 0.887222 0.027862 0.107468 -0.086882 0.990405 -0.881130 0.453088 0.135357
2.127861 -43.646699 2670.614285 2325.438678 0.452198 0.891518 -0.026709 0.086550 -0.014056 0.996148 -0.887708 0.452768 0.083517
-5.110014 -46.854273 4004.780286 2187.025037 0.457187 0.888880 -0.029522 0.076547 -0.006257 0.997046 -0.886070 0.458096 0.070902
25.079321 -70.409771 -25458.946034 -7355.686024 0.706294 -0.547835 0.448359 -0.291056 0.352620 0.889351 0.645318 0.758641 -0.089603
54.169522 -72.839027 12132.957649 7290.092857 -0.627601 0.645290 -0.435565 0.275839 -0.338870 -0.899489 0.728031 0.684666 -0.034679
41.293060 -80.687688 -26417.696069 -7390.921718 0.677655 -0.550711 0.487341 -0.393862 0.287839 0.872938 0.621013 0.783496 0.021849
18.247798 -79.523628 -31544.096978 -6319.389513 0.718537 -0.522354 0.459185 -0.380230 0.257789 0.888240 0.582349 0.812829 0.013384
-4.405916 -44.954151 1287.974293 -1842.023158 -0.309271 0.940932 0.137837 -0.345915 0.023705 -0.937966 0.885830 0.337765 -0.318152
-4.437571 -42.340570 -1311.455862 -2103.074123 -0.281805 0.939616 0.194187 -0.328085 0.095823 -0.939775 0.901635 0.328543 -0.281271
-1.537558 -38.230329 -1110.534886 -3433.922771 -0.287883 0.943040 0.166731 -0.255506 0.092156 -0.962405 0.922952 0.319661 -0.214422
1.763971 -32.304179 -3012.575506 -3870.431125 -0.257409 0.940517 0.221740 -0.202977 0.171726 -0.964007 0.944744 0.293153 -0.146700
1.528731 -34.664731 -165.660044 -4762.258916 -0.283607 0.945631 0.159217 -0.182738 0.109697 -0.977023 0.941368 0.306185 -0.141692
-2.789850 -42.202530 2250.733852 -4122.829073 -0.323431 0.942479 0.084412 -0.243361 0.003357 -0.969930 0.914422 0.334248 -0.228277
25.391156 -24.790738 -3278.050277 -8707.470746 -0.362480 0.931621 0.026257 -0.076049 -0.001487 -0.997103 0.928883 0.363427 -0.071388
31.287243 -25.114188 -3280.266022 -6859.543003 -0.432679 0.901522 0.006783 -0.092366 -0.036843 -0.995043 0.896804 0.431161 -0.099212
21.922029 -40.711727 -3069.039673 -3030.254591 -0.349058 0.930995 0.106802 -0.199961 0.037349 -0.979092 0.915519 0.363116 -0.173126
-20.297210 -55.314470 -7266.189761 17713.803888 0.527401 -0.577317 -0.623341 0.732568 -0.062615 0.677808 -0.430340 -0.814116 0.389901
-1023.470965 -1283.000135 247668.740061 745431.040960 0.210639 0.819237 -0.533369 0.034301 0.539080 0.841556 -0.976962 0.195560 -0.085451
-1237.365807 -2138.706766 40189.073853 303901.983728 -0.185435 -0.296792 0.936765 -0.433375 0.880281 0.193109 -0.881930 -0.370162 -0.291857
-1196.028991 -1854.272321 543325.457749 689171.375673 0.256674 0.694584 0.672065 -0.088416 0.709320 -0.699320 -0.962445 0.120076 0.243476
-846.822029 -1374.649180 468820.719548 -753926.722626 0.634163 0.597679 0.490526 -0.323323 -0.371297 0.870403 -0.702353 0.710576 0.042220
-2157.180920 -7678.038849 920768.340634 4141093.348705 0.608730 0.238002 0.756838 -0.201618 0.969033 -0.142568 -0.767332 -0.065807 0.637865
-1193.876423 -1891.389667 686359.629720 2404273.066564 0.648283 0.632219 0.424297 0.060489 -0.598263 0.799013 -0.758993 0.492321 0.426086
-1.123079 -264.192113 3900.923364 124358.046898 0.825196 0.554419 0.108035 -0.151912 0.033617 0.987822 -0.544035 0.831559 -0.111963
-30.961008 -60.433652 9873.428940 26941.616618 0.877196 0.449560 -0.168590 0.052070 0.259988 0.964207 -0.477300 0.854577 -0.204651
38.264086 -630.188379 19068.197885 236910.159961 0.936363 0.348008 -0.045981 -0.118496 0.436657 0.891790 -0.330428 0.829591 -0.450107
1645.404987 -405.932968 -592067.743298 63734.536073 -0.029828 0.433381 0.900717 0.710048 0.643425 -0.286071 -0.703522 0.631019 -0.326913
-1028.443343 -17862.221345 -528361.521386 -10428542.280498 0.744433 0.540434 0.392110 -0.666878 0.572735 0.476705 -0.033053 0.616365 -0.786767
-4.760028 -85.163738 4462.217474 -13378.698757 0.487151 0.381694 0.785489 0.851529 -0.007945 -0.524248 -0.193862 0.924255 -0.328894
-23.198173 -146.440353 552.643401 41490.127820 0.722224 0.405139 0.560585 -0.630918 0.053758 0.773985 -0.283435 0.912673 -0.294434
-1.638069 -65.370842 1805.229929 -9960.780331 0.409633 0.419158 0.810252 0.858942 0.121956 -0.497339 -0.307278 0.899685 -0.310075
-30.068626 -203.841597 2178.845303 56735.804608 0.776569 0.321694 0.541714 -0.613669 0.191532 0.765980 -0.142656 0.927270 -0.346151
4.032633 -67.715415 1685.049606 -3341.260310 0.439876 0.426508 0.790316 0.869881 0.016362 -0.492990 -0.223196 0.904336 -0.363814
-20.747490 -144.388884 6326.268184 -29707.153711 0.694464 0.297604 0.655096 0.717971 -0.226770 -0.658098 -0.047296 0.927366 -0.371155
3.363066 -79.779575 4280.708970 -4409.049958 0.463114 0.387648 0.797029 0.880425 -0.097847 -0.463981 -0.101874 0.916600 -0.386609
11.838928 -554.909799 -2045.329818 -46312.675630 -0.780781 -0.117013 -0.613750 0.107546 0.942476 -0.316500 0.615479 -0.313124 -0.723283
13.334835 -599.234025 -2084.893883 266159.264855 -0.781706 -0.113837 -0.613169 -0.181296 0.982218 0.048775 0.596714 0.149293 -0.788444
12.197035 -479.931828 691.394686 -29043.552802 -0.813824 -0.110932 -0.570425 0.108154 0.935546 -0.336240 0.570958 -0.335334 -0.749372
13.887165 -581.082087 989.755774 -245557.094419 0.809857 0.103982 0.577338 0.331833 0.730379 -0.597021 0.483755 -0.675081 -0.556998
11.707545 -723.642567 1567.097683 -359445.992757 0.786585 0.114936 0.606691 0.359566 0.713502 -0.601355 0.501992 -0.691162 -0.519903
21.559154 -108.002232 969.891361 -1012.240759 0.760938 -0.620306 -0.190249 0.060495 0.359773 -0.931077 -0.645999 -0.696982 -0.311290
26.496714 -102.791089 -147.248178 -2631.458707 0.757895 -0.629673 -0.170611 -0.093810 0.153615 -0.983668 -0.645597 -0.761521 -0.057355
20.644555 -106.160124 3775.114486 379.945066 0.798578 -0.569983 -0.193372 -0.006744 0.312781 -0.949801 -0.601854 -0.759795 -0.245936
12.754782 -102.940826 5441.860165 2639.179031 0.819334 -0.547000 -0.171703 0.138665 0.479670 -0.866423 -0.556294 -0.686081 -0.468860
-52.179461 -79.589411 -799.305369 4859.552693 -0.147617 -0.988086 0.043540 0.988423 -0.145821 0.041903 -0.035054 0.049221 0.998173
-43.730988 -77.798450 2573.044422 3072.672487 -0.417952 -0.902854 0.100850 0.908363 -0.417019 0.031181 0.013904 0.104641 0.994413
-40.527959 -71.755036 1494.706502 5957.971630 -0.576091 -0.794534 0.191923 0.808164 -0.588838 -0.011856 0.122432 0.148275 0.981338
65.221034 -48.947066 -2549.740924 2927.232338 0.298932 0.882525 0.363028 0.486344 0.186415 -0.853650 0.821042 -0.431740 0.373486
73.994752 -58.552451 -6482.545865 -1718.584626 0.292682 0.919508 0.262377 0.367259 0.145249 -0.918708 0.882870 -0.365249 0.295186
84.688501 -63.268705 -6856.226429 -4598.353139 0.406941 0.897497 0.169992 0.222553 0.083076 -0.971374 0.885928 -0.433125 0.165934
69.382343 -61.110151 -17306.127491 -5135.881629 0.611375 0.783055 0.114217 0.174540 0.007345 -0.984623 0.771853 -0.621909 0.132184
-14.483671 -41.083100 -19828.596389 -8786.317108 -0.005633 0.906195 0.422822 0.864903 0.216639 -0.452781 0.501908 -0.363149 0.784991
7.379620 -9.213157 -5728.668547 -2178.282415 0.144948 -0.622900 0.768756 0.600718 0.672778 0.431866 -0.786211 0.399207 0.471705
0.281806 -5.261917 1346.070317 217.496759 0.477609 -0.106808 0.872056 0.395265 0.912580 -0.104708 -0.784637 0.394702 0.478074
0.368463 -9.948100 -1445.639452 -4109.201182 0.591525 0.680563 0.432358 0.164338 -0.626742 0.761701 -0.789362 0.379512 0.482576
26.957255 -23.483579 3846.331727 -2212.179535 -0.374995 0.927021 -0.003328 0.837327 0.340249 0.427918 -0.397821 -0.157681 0.903811
31.369244 -47.567334 -13624.595609 1290.387055 0.608437 -0.743903 0.276429 0.738489 0.403185 -0.540441 0.290584 0.532964 0.794676
30.473188 -48.181055 -13246.959853 984.562399 0.599745 -0.751547 0.274742 0.776575 0.463863 -0.426336 0.192969 0.469051 0.861832
13.159753 -47.677934 -10204.780314 768.984521 0.608637 -0.737754 0.292028 0.747040 0.408788 -0.524236 0.267379 0.537226 0.799935
14.762061 -46.969428 -11083.475255 517.180398 0.614149 -0.732557 0.293567 0.704183 0.340731 -0.622919 0.356297 0.589290 0.725114
31.751328 -46.802513 -10974.647258 50.073646 0.607891 -0.752009 0.254854 0.695548 0.349511 -0.627738 0.382990 0.558860 0.735523
80.080947 -58.337095 -35069.429807 -6547.517736 -0.265641 -0.884829 0.382771 0.878436 -0.058560 0.474259 -0.397223 0.462222 0.792821
36.441000 -52.495240 -18026.687346 2724.091359 -0.362796 -0.871412 0.330181 0.894995 -0.227150 0.383910 -0.259543 0.434792 0.862319
25.803464 -46.696106 -4749.066946 6639.377189 -0.260248 -0.926756 0.270913 0.963813 -0.232563 0.130305 -0.057757 0.295021 0.953744
-7.260501 -81.845450 -1273.478708 3253.332442 -0.385498 -0.894429 0.226691 0.898023 -0.307237 0.314895 -0.212003 0.324965 0.921657
-7.147774 -90.982529 1240.988424 3502.035500 0.361453 0.899396 -0.245842 0.831632 -0.191763 0.521168 -0.421593 0.392828 0.817279
-12.042960 -84.252817 -1467.190047 4732.430957 -0.390268 -0.899671 0.195661 0.895482 -0.321509 0.307806 -0.214017 0.295338 0.931113
-3.436176 -87.974770 799.909250 2740.508923 0.365182 0.895598 -0.254060 0.833997 -0.193479 0.516734 -0.413631 0.400587 0.817581
-11.707856 -74.433647 -1538.570919 2600.424711 -0.404918 -0.895012 0.187068 0.914147 -0.391918 0.103616 -0.019422 0.212964 0.976867
-6.658132 -74.156842 -1465.400626 2308.798503 -0.397545 -0.890742 0.220308 0.917559 -0.384196 0.102365 -0.006539 0.242841 0.970044
-3.124521 -79.710300 -976.028170 2738.224671 -0.381510 -0.892232 0.241603 0.902747 -0.303440 0.304913 -0.198741 0.334434 0.921225
2.854163 -106.027105 -83.271569 8600.457289 0.120448 0.978551 0.167123 0.992643 -0.120813 -0.008016 0.012347 0.166859 -0.985903
0.556568 -96.555407 -778.813738 7364.412940 0.122119 0.982292 0.142089 0.992236 -0.124222 0.005989 0.023534 0.140255 -0.989836
0.428592 -90.870485 -737.891836 -2406.838565 0.163648 0.975807 0.144980 -0.970935 0.185332 -0.151452 0.174658 0.115981 -0.977775
95.224467 -22.124954 5986.246759 -1744.749867 -0.208497 0.745633 -0.632899 0.805301 0.498102 0.321534 -0.554995 0.442636 0.704311
77.948470 -16.336083 16496.428027 -1309.031464 -0.065546 0.782321 -0.619418 0.790357 0.419637 0.446364 -0.609130 0.460303 0.645818
77.357743 -17.268662 1238.796475 -215.110177 -0.211330 0.632539 -0.745140 0.787955 0.561337 0.253037 -0.578331 0.533663 0.617040
110.860816 -23.921687 756.877305 -2041.695311 0.268578 -0.611848 0.743981 0.801769 0.570075 0.179389 -0.533884 0.548321 0.643670
110.918786 -28.097650 -4453.996541 -3096.617466 -0.291649 0.720432 -0.629220 0.813701 0.532664 0.232722 -0.502824 0.444124 0.741567
0.010911 -74.611946 148.445864 -7450.933126 0.037100 0.934092 0.355100 0.497797 -0.325393 0.803939 -0.866500 -0.146942 0.477060
5.328501 -62.987354 -1.625636 1717.420802 0.498230 0.708997 -0.499090 -0.789130 0.609284 0.077767 -0.359224 -0.355101 -0.863053
5.948866 -71.330063 -222.690049 -1946.588440 0.545730 0.683292 -0.485068 0.814344 -0.568921 0.114773 -0.197542 -0.457647 -0.866912
-9.190963 -112.331464 287.378584 -3812.130588 -0.295009 0.041450 -0.954595 0.403572 0.910976 -0.085164 0.866083 -0.410372 -0.285474
