17019
34028
-20.592067 -32.239393 172.710847 2536.659814 0.867888 -0.415169 -0.272772 0.074037 0.651076 -0.755393 -0.491211 -0.635402 -0.595799
-25.930337 -39.128663 130.514834 2067.081325 0.877329 -0.460996 -0.133327 0.126303 0.489850 -0.862609 -0.462969 -0.739953 -0.487985
-24.569977 -42.565018 356.629870 3375.481731 0.808545 -0.588074 0.020595 0.311277 0.397751 -0.863076 -0.499361 -0.704247 -0.504653
-20.235867 -29.973820 -122.235024 1652.177928 0.876367 -0.156028 -0.455670 -0.204625 0.735834 -0.645505 -0.436015 -0.658941 -0.612934
-14.594413 -42.643754 -1654.552425 5084.367922 0.769790 -0.634326 -0.071092 0.328780 0.489509 -0.807641 -0.547108 -0.598341 -0.585373
-15.421937 -27.998691 1117.253025 2963.586846 -0.813692 0.533632 0.230526 0.229057 0.658827 -0.716575 -0.534264 -0.530268 -0.658314
-16.016732 -24.196431 -94.500970 1456.434609 0.832151 -0.077651 -0.549085 -0.261909 0.817725 -0.512571 -0.488802 -0.570347 -0.660134
52.309320 -45.046096 -7078.389987 -1630.867759 0.808411 -0.292912 -0.510563 0.557378 0.659761 0.504029 -0.189213 0.692039 -0.696621
59.658075 -46.280430 -1607.899917 -2154.188221 0.795680 -0.522747 -0.305988 0.605698 0.690690 0.395066 -0.004824 0.499682 -0.866195
66.159612 -53.983426 -2802.531891 -2071.642176 0.817519 -0.485888 -0.309152 0.565326 0.574675 0.591739 0.109857 0.658530 -0.744493
53.724999 -53.286387 -7933.874629 -2177.921920 0.852627 -0.224774 -0.471703 0.514626 0.517559 0.683588 -0.090481 0.825596 -0.556960
-22.512490 -39.085502 50.036437 -1588.883316 0.851656 -0.328458 -0.408408 0.508599 0.706077 0.492730 -0.126526 0.627353 -0.768388
-22.212988 -35.095917 88.979754 -2100.517108 0.873667 -0.355222 -0.332450 0.473199 0.779239 0.410937 -0.113084 0.516337 -0.848886
-21.286265 -32.491935 114.191112 -1915.478889 0.880954 -0.281839 -0.380114 0.427098 0.819422 0.382276 -0.203734 0.499114 -0.842246
-23.941156 -43.063794 -379.427028 -2557.896261 0.849827 -0.402079 -0.340775 0.525308 0.698852 0.485445 -0.042964 0.591556 -0.805118
4.966783 -21.998867 -2174.286693 -110.716402 -0.715141 0.671479 0.194140 -0.332839 -0.571373 0.750168 -0.614648 -0.471858 -0.632106
2.294956 -21.193103 -2070.228196 83.633810 -0.730563 0.641274 0.234617 -0.261504 -0.580139 0.771397 -0.630788 -0.502201 -0.591524
-1.068568 -21.838823 -1625.272529 200.982674 -0.726626 0.650988 0.219614 -0.332730 -0.613109 0.716511 -0.601087 -0.447563 -0.662104
10.217121 -22.236474 -2098.268127 46.247806 -0.691630 0.699236 0.180878 -0.308017 -0.512079 0.801811 -0.653279 -0.498843 -0.569546
2.761591 -22.188767 -1838.228961 151.734671 -0.697081 0.695188 0.175477 -0.398665 -0.579226 0.711030 -0.595940 -0.425689 -0.680914
9.481208 -22.661356 -1541.039644 -110.063907 -0.649946 0.746494 0.142537 -0.422100 -0.510545 0.749117 -0.631982 -0.426721 -0.646922
1.172674 -38.241580 605.801053 2094.830311 0.486190 0.770209 0.412792 0.383896 -0.612613 0.690890 -0.785012 0.177434 0.593527
2.591967 -33.274478 543.455735 -885.686335 0.505397 0.723452 0.470309 0.432713 -0.684044 0.587234 -0.746548 0.093277 0.658761
6.002034 -28.915176 1201.993528 -364.846783 0.507058 0.727737 0.461834 0.376368 -0.668989 0.640938 -0.775396 0.151173 0.613113
-0.548536 -38.598055 230.776326 1984.835536 0.484109 0.769367 0.416788 0.433727 -0.624684 0.649347 -0.759947 0.133582 0.636110
3.411245 -34.935545 932.491463 2530.429536 0.486011 0.777461 0.399184 0.362505 -0.594945 0.717378 -0.795225 0.203947 0.570983
13.647106 -22.591515 156.318709 -810.930363 0.837094 0.049668 -0.544800 0.362382 0.695696 0.620231 -0.409821 0.716617 -0.564364
16.979257 -23.213490 -578.212262 1094.548025 0.807088 0.092257 -0.583178 0.449387 0.544661 0.708093 -0.382961 0.833566 -0.398130
10.432149 -22.536157 -2498.997243 -402.663414 0.770317 0.204945 -0.603829 0.318083 0.697217 0.642427 -0.552662 0.686940 -0.471888
16.418002 -23.869645 1958.890835 977.241800 0.849886 -0.025905 -0.526330 0.433113 0.603285 0.669672 -0.300179 0.797105 -0.523944
13.152253 -22.955523 -1649.088780 -1661.505762 0.790321 0.106139 -0.603430 0.313850 0.775722 0.547497 -0.526204 0.622085 -0.579758
14.434672 -24.534995 1700.082404 -1971.570688 0.853599 0.006217 -0.520894 0.320725 0.781670 0.534908 -0.410493 0.623661 -0.665239
11.862970 -23.157606 1786.937744 -1291.984698 0.848781 -0.054694 -0.525909 0.392340 0.731928 0.557091 -0.354458 0.679183 -0.642705
-4.073682 -35.168365 109.576165 2443.646231 0.903293 -0.004386 -0.429001 0.429018 0.004503 0.903285 0.002029 0.999980 -0.005949
-0.188981 -33.781469 287.678899 2563.999445 0.909956 -0.023866 -0.414018 0.413644 -0.019147 0.910237 0.029651 0.999532 0.007551
-1.763636 -34.239814 516.624308 -506.813840 0.880592 -0.039309 -0.472242 0.469661 0.205009 0.858714 -0.063059 0.977970 -0.198991
-3.746848 -34.676246 379.697794 -298.112788 0.885116 -0.018292 -0.465010 0.458041 0.210882 0.863555 -0.082266 0.977340 -0.195033
-2.618451 -35.833940 1155.459907 -2135.533461 0.889631 -0.065145 -0.452009 0.434360 0.426348 0.793447 -0.141024 0.902210 -0.407589
-1.439191 -34.044145 1238.275926 -3170.854933 0.885810 -0.066496 -0.459259 0.447910 0.381248 0.808719 -0.121314 0.922078 -0.367497
2.225987 -25.249498 -333.060905 -813.323709 0.830260 -0.258492 -0.493812 -0.283119 0.567568 -0.773117 -0.480117 -0.781696 -0.398045
1.882627 -25.343903 -56.095678 -941.771959 0.842743 -0.242932 -0.480384 -0.318329 0.494741 -0.808640 -0.434110 -0.834395 -0.339607
1.301022 -28.766703 36.684773 -522.662314 0.835835 -0.215309 -0.504997 -0.273005 0.635054 -0.722617 -0.476286 -0.741855 -0.472019
0.639420 -32.381474 263.333224 -806.536934 0.833234 -0.164681 -0.527827 -0.266067 0.717404 -0.643847 -0.484695 -0.676913 -0.553950
0.828159 -31.225628 17.520659 -470.455256 0.822981 -0.193715 -0.534020 -0.235496 0.739137 -0.631045 -0.516957 -0.645097 -0.562676
1.313118 -29.896517 -95.022936 181.465852 0.825553 -0.230200 -0.515237 -0.250100 0.669209 -0.699721 -0.505877 -0.706518 -0.494894
0.738481 -31.471760 239.567238 -4.117251 0.837122 -0.194571 -0.511242 -0.268949 0.667438 -0.694401 -0.476332 -0.718797 -0.506398
20.011135 -49.220632 123.537040 631.446972 0.918103 -0.311375 -0.245218 0.360108 0.913783 0.187942 -0.165555 0.260855 -0.951076
18.185743 -51.441093 -298.070253 -1054.085094 0.898629 -0.387952 -0.204839 0.411183 0.907586 0.084949 -0.152953 0.160564 -0.975102
22.132834 -50.469062 -284.668971 894.181967 0.910242 -0.361714 -0.201551 0.409027 0.861223 0.301647 -0.064471 0.357012 -0.931872
-1.632200 -55.486940 -138.845566 -726.970432 -0.749481 0.547679 0.371923 0.258570 0.759339 -0.597114 -0.609443 -0.351358 -0.710723
-1.254485 -57.146447 -302.850797 608.943389 -0.749236 0.569356 0.338349 0.165465 0.655581 -0.736773 -0.641301 -0.496032 -0.585393
-2.124582 -57.650404 182.588993 -603.213513 -0.732111 0.559079 0.389158 0.230860 0.741128 -0.630423 -0.640872 -0.371699 -0.671657
-2.218297 -66.820333 344.763271 385.407595 -0.725429 0.583684 0.364783 0.156857 0.656225 -0.738082 -0.670186 -0.478207 -0.567599
-2.346798 -66.677820 144.851477 -1530.212248 -0.740777 0.550251 0.385322 0.290264 0.779490 -0.555105 -0.605802 -0.299364 -0.737147
-1.335935 -39.487415 -46.206112 1582.783674 0.966517 -0.084003 -0.242462 0.051405 0.989128 -0.137779 0.251400 0.120702 0.960328
-0.067186 -43.291199 -7.173426 1084.275981 0.961014 -0.100165 -0.257720 0.101679 0.994789 -0.007485 0.257127 -0.019012 0.966191
-0.482703 -37.305652 -135.737076 1507.679623 0.963818 -0.082636 -0.253430 0.037715 0.983445 -0.177238 0.263880 0.161267 0.950979
1.276638 -41.096090 632.225251 1165.760418 0.950714 -0.112430 -0.288967 0.098572 0.993189 -0.062119 0.293983 0.030573 0.955321
-0.795212 -32.038121 -254.897991 -1870.917945 0.967749 -0.097016 -0.232486 -0.011911 -0.939458 0.342456 0.251635 0.328642 0.910315
0.320226 -36.516008 718.373636 1382.803135 0.951144 -0.107987 -0.289248 0.043788 0.974551 -0.219849 0.305627 0.196442 0.931666
-0.519407 -32.790772 52.018260 -2179.266003 0.961514 -0.085676 -0.261057 -0.002748 -0.953090 0.302674 0.274743 0.290308 0.916645
-5.973076 -14.266262 -1259.474285 -469.487247 -0.620239 -0.697934 -0.358039 -0.596323 0.716069 -0.362827 0.509610 -0.011533 -0.860328
-12.046569 -15.826533 -978.921165 -339.787388 -0.680094 -0.653959 -0.331374 -0.586098 0.756523 -0.290106 0.440410 -0.003081 -0.897792
-6.444093 -16.537633 -1199.518441 -452.859524 -0.623874 -0.700551 -0.346426 -0.637333 0.712600 -0.293273 0.452315 0.037823 -0.891056
4.316224 -21.433135 -1231.130575 941.599530 0.710585 -0.512748 0.481828 0.280421 0.834435 0.474428 -0.645317 -0.202006 0.736722
2.160525 -17.470923 -1268.052678 872.902864 0.703402 -0.519792 0.484811 0.340703 0.845171 0.411834 -0.623816 -0.124509 0.771590
8.029086 -19.712306 -1398.274673 970.353955 0.717557 -0.510204 0.474135 0.306838 0.842683 0.442420 -0.625270 -0.171979 0.761223
8.106911 -23.014955 -1117.565417 658.827504 0.722324 -0.500249 0.477493 0.234766 0.826837 0.511102 -0.650487 -0.257082 0.714685
-1.738858 -54.783437 384.100419 -1284.841278 0.477237 0.769742 0.423960 0.766950 -0.600345 0.226658 -0.428990 -0.216987 0.876860
-1.922415 -53.364921 221.257805 -265.162474 0.450988 0.790794 0.413830 0.717844 -0.596905 0.358335 -0.530386 -0.135460 0.836864
-1.767815 -56.344921 258.832306 -984.402289 0.477207 0.769007 0.425326 0.774180 -0.596901 0.210607 -0.415836 -0.228775 0.880195
-8.493453 -25.759541 -1059.594711 -102.279895 0.842627 -0.182947 -0.506468 -0.260628 0.684473 -0.680860 -0.471225 -0.705711 -0.529074
-8.954723 -25.764416 -1469.318962 -1685.264087 0.828782 -0.140854 -0.541553 -0.287655 0.722890 -0.628240 -0.479974 -0.676454 -0.558601
-10.146707 -24.645594 -925.013259 -442.156494 0.868494 -0.160351 -0.469048 -0.257736 0.662199 -0.703608 -0.423427 -0.731970 -0.533788
-9.319650 -25.074854 -402.539507 1489.342096 0.861647 -0.145605 -0.486172 -0.289963 0.644964 -0.707066 -0.416515 -0.750214 -0.513512
-11.338258 -25.594192 95.630209 703.194601 0.888180 -0.102794 -0.447851 -0.289241 0.632256 -0.718743 -0.357039 -0.767910 -0.531825
-11.880652 -24.006588 -164.264394 -1149.089317 0.867184 -0.044314 -0.496011 -0.341769 0.671473 -0.657509 -0.362195 -0.739703 -0.567146
2.256677 -54.648762 -85.003738 3361.961346 -0.075405 -0.830133 -0.552443 0.988414 -0.135412 0.068567 -0.131727 -0.540872 0.830726
0.554332 -52.032183 -655.688549 2744.648760 -0.089024 -0.847224 -0.523723 0.991216 -0.126988 0.036938 -0.097801 -0.515834 0.851088
1.746868 -46.816223 -615.808490 1921.234608 -0.073915 -0.844582 -0.530300 0.995747 -0.033182 -0.085943 0.054989 -0.534398 0.843443
-0.514887 -49.268723 -1198.879296 -2541.113289 -0.128787 -0.861567 -0.491036 0.976943 -0.025204 -0.212006 0.170281 -0.507018 0.844948
3.753064 -45.483815 -990.170665 -2201.193915 -0.106305 -0.847821 -0.519518 0.975702 0.011725 -0.218786 0.191583 -0.530153 0.825975
1.727436 -55.290115 -50.016555 4110.173044 -0.114860 -0.821745 -0.558160 0.991410 -0.130211 -0.012314 -0.062559 -0.554780 0.829642
4.453771 -45.486990 -521.968999 2344.431420 -0.076728 -0.834675 -0.545372 0.990872 -0.003024 -0.134775 0.110844 -0.550734 0.827288
1.388139 -64.093745 1196.832196 3985.988385 0.243926 0.783798 0.571105 -0.814437 0.485266 -0.318134 0.526491 0.387528 -0.756723
0.361360 -54.953410 1322.404823 1922.234548 0.247075 0.764984 0.594772 0.862543 -0.453328 0.224751 0.441557 0.457486 -0.771838
5.226598 -58.088135 1927.428298 -21.501724 0.222149 0.784883 0.578453 0.876747 -0.420368 0.233678 0.426573 0.455246 -0.781528
-1.874379 -58.583933 484.013817 366.413319 0.277137 0.769812 0.574965 -0.803684 0.513679 -0.300375 0.526580 0.378845 -0.761045
4.689642 -89.539768 1637.247989 8895.686648 0.214890 0.814225 0.539315 -0.824204 0.447439 -0.347110 0.523936 0.369915 -0.767238
1.623142 -107.903973 1146.672346 14416.456058 0.223980 0.819169 0.528011 -0.726608 0.501424 -0.469697 0.649518 0.278454 -0.707524
-1.282180 -83.761234 389.139442 8136.463413 0.258380 0.804629 0.534615 -0.734552 0.523068 -0.432241 0.627434 0.281020 -0.726192
-12.690154 -27.077789 -641.856749 -12.613658 0.848436 -0.289384 0.443185 0.461985 -0.003758 -0.886880 -0.258314 -0.957206 -0.130503
-15.539828 -26.561631 -463.231246 -102.760252 0.841953 -0.234971 0.485699 0.506148 0.032152 -0.861847 -0.186893 -0.971471 -0.146000
-14.563742 -25.612502 -415.268274 -62.155244 0.799057 -0.227931 0.556377 0.541291 -0.130138 -0.830704 -0.261749 -0.964941 -0.019389
-15.059784 -24.779220 -41.347828 -29.602219 0.747370 -0.137573 0.650009 0.629683 -0.165483 -0.759022 -0.211986 -0.976570 0.037050
-14.569058 -25.267089 -519.909946 77.924368 0.721364 -0.167733 0.671937 0.618797 -0.279595 -0.734110 -0.311005 -0.945353 0.097897
-11.729902 -26.026846 -620.621365 14.621233 0.769983 -0.244132 0.589513 0.527644 -0.275875 -0.803421 -0.358773 -0.929673 0.083604
-11.023714 -26.419577 -701.580462 -306.663597 0.819471 -0.292524 0.492846 0.467754 -0.155536 -0.870066 -0.331170 -0.943525 -0.009372
-4.235336 -72.646915 722.500326 2646.683691 0.375479 0.845428 0.379825 0.839622 -0.136728 -0.525681 -0.392492 0.516292 -0.761178
-3.966206 -78.833941 455.369674 -2056.772745 0.383577 0.848045 0.365634 -0.718391 0.025207 0.695182 -0.580329 0.529325 -0.618897
-3.660603 -84.326486 473.475871 4033.102999 0.402905 0.838787 0.366203 0.787336 -0.113637 -0.605960 -0.466657 0.532469 -0.706192
-3.043815 -73.260718 604.661679 4066.548060 0.383800 0.839818 0.383931 0.900746 -0.248923 -0.355941 -0.203357 0.482434 -0.851999
-2.070515 -69.146215 -19.241089 3820.290221 0.392949 0.847563 0.356690 0.886005 -0.245139 -0.393577 -0.246143 0.470684 -0.847272
-21.005142 -265.132952 3916.671478 39418.874619 0.609304 0.792166 -0.034958 0.575706 -0.472267 -0.667478 0.545263 -0.386571 0.743808
-24.012023 -304.114093 1878.173306 46139.622576 0.614286 0.788641 -0.026430 0.592979 -0.483461 -0.643926 0.520604 -0.379882 0.764631
-172.662617 -605.290873 28872.535791 122416.644909 0.704769 0.698779 -0.122510 0.284883 -0.436909 -0.853201 0.649725 -0.566408 0.506990
-13.812869 -125.106001 3995.755705 15941.250557 0.654210 0.751102 -0.088622 0.300811 -0.365919 -0.880691 0.693917 -0.549498 0.465328
-481.556989 -5190.873787 -115878.074001 671785.622084 -0.690319 -0.437626 -0.576145 -0.386775 0.896203 -0.217313 0.611445 0.072823 -0.787928
-710.081517 -6738.070664 -96571.800598 -5866278.497774 -0.691428 -0.425873 -0.583574 0.154789 0.701688 -0.695467 0.705668 -0.571196 -0.419246
-371.938848 -2697.758726 -73610.222537 -1737655.099933 -0.518227 -0.347778 -0.781339 0.832414 -0.414785 -0.367479 -0.196287 -0.840835 0.504448
-381.273827 -4740.048575 -80098.229057 -4134642.655938 -0.609092 -0.232996 -0.758103 0.725851 0.221433 -0.651235 0.319604 -0.946932 0.034247
-881.256140 -24410.190029 157651.224680 22683056.016342 0.411104 0.595409 0.690277 0.790238 0.144719 -0.595467 -0.454442 0.790282 -0.411020
-194.265145 -35175.256396 47392.054784 -30867318.704179 0.274474 0.464381 0.842030 -0.411687 0.848098 -0.333531 -0.869010 -0.255107 0.423961
4.146828 -28.592799 -1587.414084 -1308.774347 -0.130358 0.973818 -0.186241 -0.932447 -0.056573 0.356850 -0.336970 -0.220178 -0.915409
1.123574 -24.369198 -1805.959227 -1251.771745 -0.131126 0.970532 -0.202174 -0.961403 -0.074731 0.264801 -0.241889 -0.229093 -0.942871
7.571458 -28.205028 -2400.294418 -1922.135196 -0.069215 0.973461 -0.218135 -0.965381 -0.010235 0.260643 -0.251493 -0.228623 -0.940469
-61.439900 -86.424759 13220.563459 -4059.480858 0.631066 -0.722417 -0.282612 -0.566008 -0.179681 -0.804581 -0.530463 -0.667703 0.522284
-57.937198 -78.054534 13066.896419 -9158.860745 0.681384 -0.709473 -0.179900 -0.632844 -0.447582 -0.631806 -0.367730 -0.544351 0.753961
-79.058441 -90.266296 -8244.415096 9667.336930 -0.272806 0.901215 0.336731 0.773623 -0.002571 0.633641 -0.571913 -0.433364 0.696499
-21.680302 -75.444758 4241.344046 -6829.332214 0.668641 -0.726573 -0.158147 -0.554953 -0.346046 -0.756491 -0.494920 -0.593585 0.634595
-15.112161 -18.102648 -531.090570 -429.505184 -0.775185 -0.563792 -0.285004 -0.539492 0.825529 -0.165681 0.328688 0.025324 -0.944099
-16.013688 -16.919208 -198.286950 -273.216944 -0.937390 -0.094529 -0.335207 -0.065902 0.993217 -0.095797 0.341989 -0.067709 -0.937261
-16.713586 -18.932598 63.358980 -440.929689 -0.970521 -0.091545 -0.222956 -0.074050 0.993573 -0.085616 0.229361 -0.066583 -0.971062
-14.272821 -16.940557 -897.992083 -656.952003 -0.713424 -0.626971 -0.312942 -0.574328 0.779042 -0.251476 0.401463 0.000322 -0.915875
-16.392785 -19.738758 -231.081454 -506.038700 -0.831243 -0.509662 -0.221990 -0.504092 0.859406 -0.085518 0.234365 0.040817 -0.971291
-11.528027 -17.621387 -1107.032232 -446.235003 -0.674122 -0.652920 -0.345334 -0.613974 0.755251 -0.229416 0.410604 0.057372 -0.910007
-12.268684 -19.316642 -988.242037 -329.514926 -0.688322 -0.646167 -0.329668 -0.641235 0.754473 -0.139957 0.339161 0.115060 -0.933665
-15.110916 -19.837741 -1207.499385 -261.731560 -0.708210 -0.642402 -0.292845 -0.645395 0.757234 -0.100306 0.286189 0.117963 -0.950884
-1.533406 -30.042896 132.880623 208.659834 -0.808023 0.084953 0.582993 0.029879 0.994185 -0.103459 -0.588392 -0.066178 -0.805863
-2.220696 -30.384769 300.024537 -224.564631 -0.810450 0.045339 0.584050 0.077925 0.996484 0.030776 -0.580601 0.070455 -0.811134
-1.585828 -28.873881 157.036347 407.591778 -0.811054 0.094963 0.577212 0.067688 0.995342 -0.068644 -0.581042 -0.016603 -0.813704
-0.933338 -100.155750 -386.769294 400.678652 0.817564 -0.456372 -0.351161 0.519883 0.322760 0.790916 0.247611 0.829187 -0.501137
-0.185008 -95.002603 -589.084791 -19.813933 0.788073 -0.467006 -0.401056 0.613846 0.547289 0.568918 0.046194 0.694536 -0.717974
0.165475 -111.559895 -441.600641 -190.762066 0.808511 -0.464042 -0.361905 0.575045 0.492326 0.653405 0.125032 0.736397 -0.664896
8.747422 -240.097211 1672.451549 -55538.547355 0.795666 -0.564516 -0.219632 0.605486 0.730805 0.315135 0.017390 0.383726 -0.923283
6.885147 -75.673373 962.674866 -19.392803 0.842619 -0.493936 -0.214526 0.537889 0.791120 0.291214 -0.025874 0.360774 -0.932294
5.436349 -67.668532 404.690619 298.375592 0.841757 -0.495036 -0.215372 0.537526 0.805571 0.249242 -0.050114 0.325569 -0.944189
16.968935 -263.084987 -1114.600258 -53777.588147 0.845435 -0.483620 -0.226608 0.534066 0.768349 0.352721 -0.003531 0.419227 -0.907875
6.858548 -63.965525 -368.877811 -5746.104966 0.808779 -0.549306 -0.210094 0.587335 0.772775 0.240532 -0.030230 0.317932 -0.947631
9.810002 -275.250343 547.478199 -57997.309801 0.784198 -0.595151 -0.175582 0.615592 0.710626 0.340672 0.077978 0.375242 -0.923641
18.967795 -517.479342 -1364.953235 -107689.862627 0.850124 -0.497659 -0.172119 0.503552 0.672680 0.542160 0.154030 0.547574 -0.822458
6.158918 -37.029964 -1015.627390 1915.455216 0.734647 -0.678268 -0.015680 -0.538304 -0.596804 0.595024 0.412944 0.428692 0.803555
1.803847 -41.875068 -2060.084645 1757.928970 0.805541 -0.591741 -0.030756 -0.441033 -0.633428 0.635814 0.395719 0.498610 0.771230
3.316739 -64.838447 -633.496404 -9620.888315 0.784035 -0.608394 -0.123065 0.399362 0.646204 -0.650331 0.475183 0.460735 0.749616
3.934711 -14.105553 -761.310710 -963.633306 0.690407 -0.538611 0.482946 -0.034047 0.642654 0.765400 -0.722620 -0.544880 0.425355
2.630928 -11.304735 -789.445839 -645.099876 0.674320 -0.512882 0.531267 -0.112154 0.639966 0.760174 -0.729872 -0.572184 0.374020
-0.583418 -14.922553 808.811424 -846.976857 -0.676169 0.607422 -0.416935 0.029683 0.587914 0.808379 -0.736148 -0.534225 0.415560
5.841221 -10.097346 -857.041164 -748.623667 0.684954 -0.480659 0.547544 -0.132799 0.656563 0.742488 -0.716381 -0.581284 0.385885
0.440483 -16.851083 773.062261 -879.335973 -0.679424 0.609448 -0.408604 0.064125 0.604062 0.794353 -0.730939 -0.513501 0.449495
0.459742 -19.072676 -664.329085 -1166.356368 0.685387 -0.592616 0.423145 0.072321 0.633625 0.770252 -0.724579 -0.497318 0.477137
4.099778 -18.471472 -690.304639 -1198.305115 0.700222 -0.529680 0.478673 0.008047 0.676293 0.736588 -0.713880 -0.511924 0.477818
2.055789 -27.475346 -856.934758 651.888334 -0.825496 0.174791 0.536661 0.125034 0.983847 -0.128111 -0.550385 -0.038655 -0.834016
0.214761 -27.155267 -466.008797 29.304143 -0.819899 0.119387 0.559922 0.134580 0.990801 -0.014192 -0.556466 0.063719 -0.828424
1.561328 -26.604751 -523.812757 -1.454096 -0.816263 0.148082 0.558378 0.155129 0.987272 -0.035050 -0.556462 0.058011 -0.828846
0.405058 -9.731104 147.507979 -325.450155 0.556966 0.774390 0.300181 -0.588357 0.622986 -0.515485 0.586195 -0.110494 -0.802600
0.519896 -9.513779 -14.403889 -194.225121 0.480051 0.846270 0.231036 -0.647074 0.519425 -0.558116 0.592323 -0.118427 -0.796950
-0.313780 -8.833525 186.535875 -189.954967 0.543189 0.786869 0.292888 -0.584859 0.604891 -0.540414 0.602400 -0.122248 -0.788777
47.041089 -54.210837 -1164.291401 -2209.294500 -0.470504 0.882346 0.009576 0.195023 0.114567 -0.974084 0.860577 0.456443 0.225982
34.581302 -44.734483 -786.563913 -260.616349 -0.556809 0.830640 0.001111 0.321829 0.216966 -0.921603 0.765761 0.512799 0.388133
48.098701 -47.818790 -365.829074 -3298.698386 -0.661957 0.744609 0.085849 0.144276 0.238972 -0.960248 0.735525 0.623258 0.265618
33.820667 -51.778358 -290.574894 -1505.694202 -0.380263 0.921134 -0.083137 0.385782 0.076276 -0.919432 0.840579 0.381698 0.384361
61.628599 -58.198973 -1126.839917 -2433.867090 -0.593258 0.800517 0.084949 -0.026893 0.085758 -0.995953 0.804563 0.593142 0.029349
0.998373 -18.186144 1377.735044 -1138.034233 0.873833 0.395618 -0.282669 -0.429274 0.900730 -0.066400 0.228340 0.179365 0.956917
-0.799950 -15.654331 1327.028439 1160.512999 0.918011 0.277035 -0.283738 -0.307000 0.949397 -0.066304 0.251012 0.147976 0.956607
6.926181 -11.499013 2514.359101 503.203388 0.839134 0.452943 -0.301159 -0.478351 0.878084 -0.012214 0.258910 0.154308 0.953496
13.360682 -16.338130 2936.025664 -2523.493484 0.757969 0.591348 -0.275301 -0.609344 0.792522 0.024675 0.232774 0.149050 0.961041
10.532933 -8.000094 1954.824243 -78.248430 0.622821 0.743528 -0.243434 0.750054 -0.655955 -0.084509 0.222516 0.129955 0.966229
-20.882138 -27.944565 -3864.532366 202.112127 0.560953 -0.297056 0.772715 0.561734 0.822220 -0.091704 -0.608101 0.485502 0.628093
-1.945513 -26.463430 -5399.984541 184.525943 0.549189 -0.200119 0.811384 0.457071 0.884747 -0.091158 -0.699627 0.420923 0.577362
-16.592235 -28.959522 -4283.541148 675.459502 0.641346 -0.060977 0.764825 0.323805 0.925225 -0.197761 -0.695576 0.374488 0.613134
-27.509958 -32.157025 -2177.214635 1486.620959 0.766923 0.335980 0.546759 -0.037573 0.874044 -0.484392 -0.640638 0.350948 0.682948
-28.789766 -32.888250 -410.042356 -1825.121181 -0.479384 -0.838248 0.259869 0.741987 -0.228995 0.630093 -0.468665 0.494876 0.731745
-23.750277 -29.608987 -2051.858005 -1100.004330 0.068711 -0.718729 0.691887 0.866726 0.386439 0.315357 -0.494028 0.578008 0.649494
-13.529594 -26.545220 -4759.723808 -218.641576 0.396945 -0.428112 0.811884 0.717980 0.695881 0.015909 -0.571786 0.576601 0.583602
2.635817 -47.146095 -713.757842 -2678.021407 0.645736 -0.257204 0.718938 -0.635407 0.341116 0.692746 0.423418 0.904149 -0.056842
2.452764 -71.811444 -634.375259 7825.604750 0.655017 -0.248504 0.713581 0.687364 -0.196253 -0.699297 0.313820 0.948541 0.042264
-0.442512 -45.649604 -518.556365 2530.068203 0.622339 -0.244700 0.743516 0.650565 -0.366508 -0.665160 0.435269 0.897660 -0.068899
-1.901842 -40.090767 36.375950 1960.824972 0.588694 -0.258061 0.766058 0.622122 -0.460461 -0.633198 0.516144 0.849341 -0.110525
-1.330057 -36.374750 -135.880734 1372.089570 0.599688 -0.243670 0.762233 0.601900 -0.490347 -0.630299 0.527344 0.836770 -0.147390
0.189662 -37.301091 -664.772076 -735.446044 0.623573 -0.239660 0.744124 -0.588139 0.483258 0.648501 0.515023 0.842036 -0.160394
38.758003 -19.442814 1428.198969 -459.936999 0.765384 -0.460016 0.450081 0.496280 0.867130 0.042324 -0.409749 0.190972 0.891984
36.480732 -16.432070 1040.338242 -629.545749 0.759786 -0.436704 0.481679 0.439377 0.890950 0.114701 -0.479242 0.124491 0.868809
39.054216 -18.599667 -3157.790354 -793.187615 0.665477 -0.370276 0.648102 0.434952 0.897999 0.066436 -0.606595 0.237682 0.758650
1.107935 -24.207546 -29.388983 1119.751793 0.817675 -0.189984 0.543428 -0.552193 0.008046 0.833677 0.162758 0.981754 0.098329
1.283161 -23.697527 88.736674 1010.692626 0.824577 -0.184966 0.534659 -0.541743 0.014230 0.840424 0.163058 0.982642 0.088470
0.669715 -25.596420 -32.252987 1776.729181 0.826529 -0.186569 0.531076 -0.529902 0.060366 0.845908 0.189879 0.980586 0.048969
0.595122 -27.014080 54.752067 1951.158281 0.829188 -0.204642 0.520163 -0.518343 0.066782 0.852561 0.209207 0.976556 0.050700
3.781814 -48.182460 -1944.977333 -3221.311664 0.474438 -0.315399 0.821847 -0.027984 0.927734 0.372190 -0.879844 -0.199580 0.431326
-0.501886 -48.800085 -1211.224635 -4226.737712 0.496826 -0.313984 0.809060 -0.070848 0.914472 0.398400 -0.864953 -0.255256 0.432088
-1.382102 -57.567383 -785.319353 -1784.618851 0.497374 -0.333073 0.801050 0.168621 0.942868 0.287343 -0.850991 -0.007843 0.525122
1.738978 -39.721733 -1141.735120 -3567.064727 0.505346 -0.308658 0.805827 -0.207123 0.863154 0.460506 -0.837691 -0.399619 0.372261
2.527297 -54.381581 -2054.176221 -1326.747110 0.471395 -0.321656 0.821172 0.191886 0.946218 0.260484 -0.860794 0.034780 0.507764
7.728614 -50.503084 -2190.350245 -1807.192909 0.482822 -0.315492 0.816914 0.141190 0.948690 0.282936 -0.864262 -0.021268 0.502592
9.239347 -42.993785 -1515.121751 -2136.924737 0.522323 -0.300401 0.798084 -0.006789 0.934402 0.356154 -0.852721 -0.191446 0.486021
5.563739 -38.620738 -871.671687 -2219.434507 0.542691 -0.318784 0.777086 -0.137374 0.879032 0.456542 -0.828622 -0.354513 0.433251
-1.449713 -67.058441 -509.605240 -1068.381867 0.724376 -0.525020 0.446804 0.204354 -0.455451 -0.866489 -0.658422 -0.718970 0.222628
-1.677576 -57.837791 -345.104765 368.140072 0.720691 -0.505532 0.474385 -0.116736 0.586020 0.801843 -0.683357 -0.633260 0.363326
-1.292263 -63.900462 -252.845609 2280.702711 0.724362 -0.505796 0.468476 -0.068604 0.623267 0.778994 -0.685998 -0.596413 0.416771
-5.396640 -9.723867 368.411471 -988.578426 -0.836373 0.474043 -0.275252 0.308312 0.821993 0.478823 0.453238 0.315611 -0.833646
-5.114865 -8.086868 295.755552 -527.880623 -0.766958 0.617158 -0.175760 0.462899 0.721790 0.514533 0.444410 0.313266 -0.839264
-4.438071 -9.989000 79.840360 -1236.518820 -0.786986 0.585702 -0.193923 0.428745 0.745194 0.510748 0.443656 0.318808 -0.837574
-4.423307 -11.583242 163.361457 -1369.217746 -0.800117 0.563365 -0.205992 0.395572 0.753711 0.524827 0.450927 0.338438 -0.825908
-8.803498 -25.032300 -378.702086 1107.400506 0.804426 -0.336491 0.489564 -0.546466 -0.095965 0.831965 0.232968 0.936784 0.261077
-8.959364 -24.184925 -481.546875 1171.766386 0.757401 -0.371592 0.536901 -0.606814 -0.096982 0.788905 0.241081 0.923317 0.298941
-9.415624 -24.297414 -562.598692 185.387625 0.801322 -0.372424 0.468169 -0.502730 0.004969 0.864429 0.324261 0.928049 0.183247
-9.060252 -25.366026 176.769124 -910.204853 0.750868 -0.448660 0.484667 -0.493114 0.107338 0.863317 0.439359 0.887233 0.140644
-9.671810 -26.473668 -148.696530 -888.260491 0.802286 -0.403788 0.439651 -0.435700 0.107350 0.893668 0.408049 0.908533 0.089805
-2.476730 -82.950504 410.118001 -3164.076492 0.608449 -0.388740 0.691861 0.652890 0.740804 -0.157936 -0.451137 0.547805 0.704546
-3.870820 -85.820101 135.134570 -3994.962023 0.593080 -0.361538 0.719408 0.622400 0.772687 -0.124793 -0.510759 0.521771 0.683286
-2.407289 -78.964616 256.715213 -4325.542718 0.601921 -0.380132 0.702276 0.541097 0.840916 -0.008599 -0.587286 0.385175 0.711853
-1.661823 -83.537993 -19.425392 -4628.760770 0.596826 -0.388487 0.702051 0.578515 0.814640 -0.041016 -0.555985 0.430626 0.710944
3.820250 -36.333241 -160.783873 -362.848227 0.856344 -0.120013 0.502267 -0.406621 0.442852 0.799088 0.318331 0.888526 -0.330434
3.905783 -34.815607 59.323246 -93.799551 0.846516 -0.132380 0.515641 -0.430159 0.400564 0.809019 0.313646 0.906655 -0.282140
3.096777 -34.469734 -288.670143 -701.643404 0.866719 -0.114907 0.485381 -0.420566 0.354853 0.834988 0.268184 0.927834 -0.259232
2.770559 -35.547108 -326.500337 -457.689223 0.874217 -0.112416 0.472343 -0.391589 0.411915 0.822791 0.287059 0.904262 -0.316082
0.399896 -27.397510 -917.685105 321.998981 0.786064 -0.500940 0.362163 -0.515661 -0.208320 0.831081 0.340876 0.840037 0.422068
-2.130462 -27.642712 -1103.798979 317.007734 0.796812 -0.501546 0.336961 -0.489973 -0.210002 0.846065 0.353578 0.839256 0.413076
2.553861 -28.454680 -1244.930058 117.419723 0.786053 -0.488779 0.378438 -0.469451 -0.073724 0.879875 0.402165 0.869287 0.287409
-3.434243 -27.211489 -955.458025 414.693929 0.794793 -0.504501 0.337317 -0.532116 -0.312050 0.787069 0.291817 0.805049 0.516468
0.346599 -27.242016 -703.442086 412.300150 0.779177 -0.508553 0.366411 -0.553890 -0.285001 0.782291 0.293409 0.812495 0.503749
1.047568 -47.444385 350.881844 470.712620 -0.575585 0.277995 -0.769039 -0.314650 0.792745 0.522064 0.754783 0.542470 -0.368821
1.954415 -50.550637 495.531271 1742.027522 -0.581468 0.260328 -0.770795 -0.199954 0.872635 0.445563 0.788615 0.413204 -0.455356
1.651798 -50.272691 337.476156 1118.817529 -0.560078 0.260305 -0.786482 -0.290231 0.827535 0.480575 0.775938 0.497421 -0.387935
0.326244 -49.247571 187.253703 -154.235558 -0.567530 0.286060 -0.772062 -0.419559 0.706350 0.570123 0.708435 0.647487 -0.280856
1.243064 -45.894107 -64.372436 69.798601 -0.533730 0.268709 -0.801828 -0.384378 0.767480 0.513057 0.753250 0.582039 -0.306342
-7.446869 -68.161647 -291.163740 -1029.790412 -0.660489 0.082370 -0.746304 0.716052 0.368131 -0.593085 0.225885 -0.926118 -0.302127
-5.232565 -69.710653 41.314575 112.029321 -0.642688 0.136380 -0.753892 0.722787 0.434214 -0.537621 0.254030 -0.890426 -0.377638
-3.904458 -77.415808 795.932587 -3012.584721 0.650770 -0.101041 0.752522 0.650218 0.585937 -0.483625 0.392065 -0.804032 -0.447009
5.763650 -84.898568 -621.592298 10125.692835 0.657603 -0.281690 0.698720 0.678341 -0.182080 -0.711829 0.327738 0.942071 0.071345
-16.937202 -70.647182 1223.710481 3697.364680 -0.719745 -0.029170 -0.693625 0.242428 0.925660 -0.290485 0.650534 -0.377230 -0.659168
-11.800603 -69.045327 668.491339 2107.505863 -0.733031 -0.042202 -0.678885 0.213964 0.933102 -0.289034 0.645667 -0.357128 -0.674963
-13.636050 -52.778765 1943.566568 1980.757762 -0.684275 0.084978 -0.724256 0.169118 0.984602 -0.044257 0.709343 -0.152769 -0.688110
-18.595956 -65.226920 -224.445009 -91.242334 0.789741 0.111794 0.603168 0.294865 0.793034 -0.533059 0.537925 -0.598832 -0.593327
-91.288337 -132.107529 11523.638456 23997.914507 0.328783 0.923411 -0.198022 -0.626675 0.056455 -0.777233 0.706526 -0.379637 -0.597241
-13.825383 -94.816633 -990.977612 7811.207114 0.789499 0.126873 0.600495 0.258819 0.818328 -0.513178 0.556510 -0.560574 -0.613232
48.049767 -4965.494623 -46399.773730 -9132429.436043 0.647701 0.097744 0.755599 0.642038 0.463935 -0.610370 0.410209 -0.880460 -0.237736
-11.957579 -4650.369578 -6194.800950 5653652.983813 0.742222 0.047426 0.668474 0.630855 -0.386009 -0.673067 -0.226117 -0.921275 0.316423
-12.665473 -3627.491884 2523.946624 -6029.465184 0.647695 0.106737 0.754386 0.490077 0.699757 -0.519774 0.583366 -0.706362 -0.400920
15.783239 -1977.033052 2329.368570 476723.784892 -0.646127 0.003894 -0.763220 -0.141134 0.982132 0.124493 0.750067 0.188154 -0.634033
-32.180601 -3770.528124 1296.358478 1560875.867101 -0.510478 0.062610 -0.857608 -0.356103 0.892411 0.277116 0.782690 0.446858 -0.433260
16.378984 -21.058065 4366.156578 -120.946829 0.854416 -0.490048 0.172704 -0.505565 -0.860790 0.058684 -0.119904 0.137453 0.983224
4.470892 -19.994240 2675.427812 -424.814701 0.884528 -0.422556 0.197629 -0.454166 -0.876793 0.158014 -0.106510 0.229524 0.967458
0.175925 -21.049935 1734.291651 -75.779184 0.874793 -0.436796 0.209633 0.452706 0.891068 -0.032482 -0.172610 0.123317 0.977240
29.403468 -20.179556 6022.975512 2.961192 0.829917 -0.523123 0.193856 -0.544973 -0.834520 0.081122 -0.119340 0.172971 0.977670
17.798987 -20.655404 4592.782204 -451.882360 0.851763 -0.497348 0.164759 0.499721 0.865676 0.029734 -0.157416 0.057007 0.985886
35.561530 -20.785930 6363.325992 107.656476 0.839524 -0.501885 0.208114 0.517362 0.855428 -0.024079 -0.165941 0.127885 0.977808
-7.888555 -46.457400 147.952367 1575.068732 -0.527856 0.174621 -0.831189 -0.191788 0.928854 0.316936 0.827397 0.326709 -0.456811
-5.226067 -42.354887 -464.519504 1546.742401 -0.501464 0.178715 -0.846519 -0.309060 0.876873 0.368206 0.808094 0.446267 -0.384486
-6.497108 -46.882815 -1113.191186 1379.566797 -0.474724 0.178217 -0.861902 -0.185724 0.936949 0.296029 0.860316 0.300608 -0.411693
-10.505257 -29.721012 759.468779 356.177236 -0.544224 0.803742 0.240456 0.824038 0.458347 0.332985 0.157422 0.379363 -0.911758
-7.290461 -28.850939 639.613740 -72.854897 -0.529285 0.820568 0.215695 0.847222 0.497522 0.186243 0.045512 0.281318 -0.958535
-4.579912 -29.861517 2333.158029 202.591600 -0.627846 0.730474 0.268732 0.778190 0.582404 0.235002 0.015153 0.356670 -0.934108
1.334626 -25.095773 -405.014535 917.177881 0.873956 -0.106161 0.474269 -0.473974 0.029613 0.880041 0.107471 0.993908 0.024437
-0.010841 -24.759278 -361.169419 845.897533 0.881850 -0.105874 0.459491 -0.459226 0.028327 0.887868 0.107018 0.993976 0.023640
1.051338 -28.802473 -353.306492 2232.701641 0.877299 -0.110927 0.466949 -0.460203 0.081737 0.884043 0.136231 0.990462 -0.020658
-8.076720 -147.390053 -460.743496 23954.142238 0.428132 -0.351534 -0.832542 0.320352 0.920455 -0.223915 0.845031 -0.170842 0.506691
-59.845100 -223.918517 5183.955827 -25099.043390 0.558016 0.285297 -0.779245 -0.081778 0.953377 0.290489 0.825791 -0.098372 0.555331
-14.210888 -389.010443 3373.287328 84364.321736 0.203044 -0.641621 -0.739659 0.536572 0.704786 -0.464077 0.819063 -0.302652 0.487379
-9.712247 -472.916370 3054.291263 -101554.021666 0.803962 -0.375846 0.460853 0.581867 0.337158 -0.740105 -0.122785 -0.863171 -0.489755
-32.516435 -249.046812 5331.313380 -26306.386905 0.798624 -0.437670 0.413092 0.596699 0.486391 -0.638259 -0.078423 -0.756220 -0.649601
-10.628746 -247.034965 2673.522374 17291.057373 0.807474 -0.387882 0.444447 0.556425 0.751014 -0.355485 0.195899 -0.534347 -0.822251
0.445756 -249.336115 1834.991805 -27696.783598 0.797732 -0.348576 0.492056 0.600623 0.531885 -0.596951 0.053634 -0.771747 -0.633664
1.598540 -588.070101 -1415.728811 119382.914042 -0.805427 0.349892 -0.478396 0.443708 0.891091 -0.095296 0.392951 -0.289022 -0.872958
16.507064 -56.617499 -1604.334535 -139.742774 0.532517 -0.415885 0.737202 0.673349 0.735883 -0.071252 -0.512862 0.534337 0.671906
18.860312 -54.709725 -860.026290 -702.290103 0.562028 -0.412012 0.717196 0.588413 0.808553 0.003387 -0.581287 0.420104 0.696863
13.215033 -56.911912 -1232.641575 -574.734729 0.531063 -0.394874 0.749698 0.549064 0.834255 0.050471 -0.645369 0.384829 0.659853
8.756133 -58.905923 -2291.913593 81.899235 0.470447 -0.388808 0.792154 0.703298 0.707393 -0.070471 -0.532965 0.590274 0.606239
-27.777843 -50.146574 235.486067 2449.451222 0.792393 -0.581056 0.185709 0.347626 0.179960 -0.920201 -0.501268 -0.793718 -0.344589
-23.422039 -41.059136 -504.817490 1266.086534 0.905301 -0.293498 -0.307067 -0.133256 0.490172 -0.861380 -0.403328 -0.820726 -0.404642
-27.678707 -43.222304 387.592472 663.504293 0.888138 -0.436268 -0.144505 0.017765 0.346786 -0.937776 -0.459234 -0.830307 -0.315744
-22.350735 -35.902351 -174.783569 1859.158541 0.903287 -0.180113 -0.389400 -0.199225 0.627741 -0.752496 -0.379977 -0.757298 -0.531147
64.944676 -43.254151 753.720622 -1978.356473 0.757046 -0.632265 -0.164688 0.649593 0.701344 0.293505 0.070070 0.329177 -0.941665
76.046902 -51.355643 2009.814271 -1519.601293 0.748491 -0.656986 -0.090172 0.610053 0.628859 0.482049 0.259994 0.415819 -0.871492
8.471636 -33.432206 1184.977611 -2594.451374 0.501937 0.709071 0.495256 0.427431 -0.701163 0.570677 -0.751906 0.074756 0.655019
2.215200 -39.313989 150.925224 -2554.133325 0.506888 0.708842 0.490518 0.509880 -0.705367 0.492422 -0.695044 -0.000503 0.718967
4.020968 -41.673007 525.333013 -3075.893168 0.495250 0.716830 0.490797 0.508402 -0.697247 0.505345 -0.704453 0.000750 0.709750
1.269514 -35.527728 35.533601 -670.535325 0.502696 0.719216 0.479609 0.477038 -0.693478 0.539929 -0.720924 0.042629 0.691701
11.247643 -23.646411 -2820.874204 517.055802 0.769103 0.205890 -0.605054 0.395606 0.590178 0.703694 -0.501973 0.780576 -0.372457
15.743273 -23.639875 -3898.995875 668.799745 0.753305 0.229853 -0.616198 0.446664 0.508897 0.735877 -0.482725 0.829573 -0.280688
19.308888 -22.581959 60.124164 837.446726 0.818908 0.069648 -0.569683 0.472840 0.480715 0.738468 -0.325288 0.874106 -0.360729
19.309890 -23.804703 3094.255727 1422.134003 0.862813 -0.049985 -0.503046 0.459596 0.491993 0.739401 -0.210537 0.869163 -0.447471
-1.029209 -32.483376 429.636784 2168.901267 0.908336 -0.019686 -0.417778 0.414648 -0.088276 0.905690 0.054710 0.995901 0.072022
1.854293 -24.624670 -111.133245 -1624.336157 0.839590 -0.253797 -0.480287 -0.324338 0.475050 -0.818005 -0.435767 -0.842565 -0.316531
1.806253 -25.709609 -70.526813 123.956823 0.841782 -0.258430 -0.473938 -0.334562 0.439249 -0.833744 -0.423641 -0.860392 -0.283291
13.811792 -55.954525 -216.200360 -662.859758 -0.868671 0.480851 0.119133 0.480808 0.876277 -0.031008 -0.119304 0.030344 -0.992394
19.318644 -54.706876 -126.991362 -36.987969 0.875211 -0.466511 -0.127960 0.483368 0.853785 0.193409 -0.019023 0.231125 -0.972738
14.137524 -50.245633 357.655276 -1631.829305 -0.882799 0.416872 0.216524 0.399917 0.908775 -0.119140 -0.246438 -0.018585 -0.968980
-1.499929 -54.469700 -202.085452 51.850309 -0.750563 0.570008 0.334283 0.179025 0.662364 -0.727477 -0.636085 -0.486173 -0.599192
-0.828315 -58.109452 -286.865060 -1804.570395 -0.748250 0.589038 0.305214 -0.078291 -0.535251 0.841057 -0.658781 -0.605426 -0.446618
-1.395331 -62.292377 -489.403873 -2718.716479 -0.750274 0.586323 0.305473 -0.068474 -0.528479 0.846180 -0.657571 -0.613950 -0.436652
-1.319160 -46.200504 568.149146 1167.873096 0.958728 -0.088468 -0.270212 0.107998 0.992443 0.058252 0.263016 -0.085030 0.961037
0.998094 -47.742664 254.026620 841.267642 0.955611 -0.119898 -0.269133 0.174226 0.966591 0.188011 0.237600 -0.226555 0.944574
1.906633 -45.429380 124.850549 1113.262018 0.955323 -0.132205 -0.264346 0.160810 0.982912 0.089578 0.247986 -0.128085 0.960259
6.222314 -27.296377 -88.832848 304.555711 -0.779897 0.385591 -0.493031 0.373700 0.918757 0.127410 0.502104 -0.084879 -0.860632
7.237209 -25.348510 131.472729 559.798812 -0.762026 0.444619 -0.470776 0.357040 0.895010 0.267356 0.540221 0.035646 -0.840768
8.287188 -26.412890 -285.566886 69.065246 -0.769093 0.452077 -0.451799 0.396886 0.891891 0.216824 0.500976 -0.012555 -0.865370
7.168468 -23.777883 450.890478 575.910755 -0.749766 0.446598 -0.488263 0.365417 0.894619 0.257152 0.551653 0.014385 -0.833950
8.957872 -27.275281 -555.442644 -279.570875 -0.772804 0.413196 -0.481708 0.429329 0.899357 0.082672 0.467387 -0.142921 -0.872423
5.812396 -25.330879 275.240282 441.640723 -0.765500 0.396562 -0.506703 0.376194 0.914716 0.147552 0.522003 -0.077668 -0.849400
8.403017 -27.535092 -657.494879 -128.973982 -0.777933 0.376729 -0.502887 0.442784 0.896529 -0.013339 0.445828 -0.233047 -0.864249
5.844371 -26.421073 -403.694148 343.987787 -0.763312 0.372029 -0.528157 0.418749 0.907465 0.034019 0.491940 -0.195198 -0.848465
-0.423984 -20.750886 -1163.036911 970.615755 0.688654 -0.540685 0.483132 0.312081 0.822450 0.475586 -0.654494 -0.176738 0.735120
-2.347698 -16.822277 -791.439309 1134.563892 0.689410 -0.557236 0.462819 0.376808 0.821552 0.427863 -0.618651 -0.120579 0.776358
-3.064290 -12.972223 -681.326139 712.258138 0.692848 -0.561279 0.452689 0.417042 0.824049 0.383430 -0.588249 -0.076869 0.805018
2.227770 -13.717406 -1311.999489 439.922737 0.703011 -0.520544 0.484572 0.385660 0.851519 0.355220 -0.597530 -0.062844 0.799380
-1.629188 -49.078998 134.018738 323.181229 0.434052 0.809972 0.394390 0.634796 -0.585618 0.504069 -0.639244 -0.031564 0.768356
-2.269727 -54.474445 -78.490353 223.353941 0.419787 0.814581 0.400296 0.628242 -0.579090 0.519583 -0.655050 -0.033369 0.754848
