10296
20576
-22.841473 -37.110138 419.762049 -2806.515005 0.388799 0.810952 -0.437256 -0.081268 -0.442559 -0.893049 0.917731 -0.382751 0.106162
-28.729556 -43.682295 -215.038760 -2198.617605 0.423217 0.782315 -0.457023 -0.264945 -0.375515 -0.888140 0.866424 -0.496962 -0.048346
-23.712478 -44.743009 871.710033 -4122.355113 0.383691 0.905518 -0.181158 -0.054197 -0.173753 -0.983297 0.921870 -0.387101 0.017591
-25.922655 -40.210587 110.394377 1972.208237 0.398883 0.574023 -0.715115 0.346981 0.627378 0.697138 0.848821 -0.526208 0.051075
-14.453258 -43.004489 1900.011189 -4322.077273 0.286447 0.933740 -0.214658 0.043532 -0.236499 -0.970656 0.957107 -0.268697 0.108392
-17.373820 -28.601738 1292.457969 -1875.308994 0.314608 0.810895 -0.493427 0.023484 -0.526313 -0.849967 0.948931 -0.255819 0.184625
-19.972620 -30.764695 378.995453 1651.423466 0.347684 0.502949 -0.791302 0.218664 0.777188 0.590055 0.911758 -0.378182 0.160239
3.310109 -20.681110 2588.523777 160.443239 -0.110492 0.993406 0.030592 0.107829 0.042581 -0.993257 0.988010 0.106449 0.111822
-5.745170 -15.813077 904.757882 496.159093 -0.028278 0.999043 0.033366 -0.001580 0.033334 -0.999443 0.999599 0.028315 -0.000636
2.029612 -19.779798 2941.235003 175.333668 -0.117297 0.970041 0.212750 -0.052015 0.207933 -0.976759 0.991734 0.125637 -0.026066
7.810802 -13.329303 3203.412480 1770.002796 0.304886 -0.771155 -0.558896 0.926906 0.105420 0.360184 -0.218839 -0.627859 0.746929
8.331089 -13.158785 3714.144207 -1195.336551 -0.178044 -0.738181 -0.650684 0.960504 -0.274075 0.048111 -0.213851 -0.616418 0.757823
-4.003571 -6.887878 -767.081736 1242.875017 0.875963 -0.468309 -0.115655 -0.433773 -0.659838 -0.613559 -0.211021 -0.587623 0.781134
0.124071 -16.890423 99.731843 -877.522797 0.727698 -0.621151 -0.290907 -0.655833 -0.505929 -0.560285 -0.200844 -0.598504 0.775535
9.419407 -28.874702 2319.423484 3553.388395 0.517658 -0.716239 -0.468008 0.818223 0.254538 0.515482 -0.250082 -0.649778 0.717807
35.121903 -27.356707 6986.117902 2986.343109 0.274112 -0.785152 -0.555337 0.921780 0.049859 0.384495 -0.274198 -0.617293 0.737404
25.360633 -27.002699 3964.784804 -707.594119 -0.222808 0.894829 0.386830 0.912194 0.051393 0.406524 0.343889 0.443441 -0.827708
17.334069 -24.908594 5458.563601 -1173.074531 -0.319701 0.839446 0.439457 0.929249 0.187137 0.318555 0.185171 0.510207 -0.839881
26.147013 -20.646934 1563.166717 -1421.640228 -0.182766 0.944894 0.271609 0.954351 0.104124 0.279950 0.236243 0.310375 -0.920791
27.427423 -18.377179 -3070.304495 1503.127802 -0.044597 0.998614 0.027949 -0.971653 -0.036858 -0.233521 0.232167 0.037571 -0.971950
25.363140 -23.937603 -1282.942064 792.723381 -0.061919 0.994943 0.079083 -0.934243 -0.029894 -0.355383 0.351222 0.095888 -0.931369
24.848859 -15.318289 533.503625 -1235.427797 -0.158572 0.966955 0.199632 0.965994 0.110116 0.233943 0.204230 0.229941 -0.951534
4.183666 -51.539086 270.698548 -2529.312594 0.634794 0.631799 -0.444821 -0.071173 0.621049 0.780534 -0.769396 0.463819 -0.439206
7.657241 -62.028922 554.879262 -1929.091225 0.616020 0.615530 -0.491572 0.179089 0.498259 0.848331 -0.767103 0.610624 -0.196702
3.819077 -56.514470 -215.273135 -2413.023870 0.579676 0.697211 -0.421749 -0.113850 0.581804 0.805321 -0.806854 0.418809 -0.416636
2.373288 -44.079235 -161.232757 -2647.671248 0.598872 0.694977 -0.397943 -0.282605 0.648332 0.706965 -0.749324 0.310921 -0.584672
-0.832864 -64.768072 424.262137 2110.659729 0.351778 0.912893 -0.207071 0.299724 0.099719 0.948800 -0.886802 0.395831 0.238537
-3.823967 -62.246665 668.432991 1487.644045 0.360099 0.906438 -0.220677 0.333451 0.095862 0.937881 -0.871286 0.411315 0.267733
-1.569465 -59.863208 470.456483 151.244110 0.337900 0.905661 -0.256127 0.468217 0.074316 0.880483 -0.816454 0.417438 0.398934
-0.316485 -62.770259 235.027454 44.675236 0.325535 0.908468 -0.262131 0.512755 0.063311 0.856197 -0.794424 0.413131 0.445212
1.972034 -19.122639 -2620.800673 1189.754934 0.081584 0.995738 -0.043012 -0.970838 0.069634 -0.229400 0.225427 -0.060473 -0.972381
18.218349 -21.917708 -4351.924259 1143.816656 0.041555 0.995544 -0.084654 -0.957398 0.015443 -0.288359 0.285767 -0.093030 -0.953773
14.308646 -15.328568 -3685.895326 1263.522816 0.039144 0.996234 -0.077366 -0.981610 0.023861 -0.189398 0.186839 -0.083357 -0.978848
1.226338 -13.265489 -1905.537567 1149.585832 0.096935 0.995161 -0.016091 -0.988314 0.094332 -0.119740 0.117643 -0.027510 -0.992675
3.413412 -16.787826 -784.482280 525.657381 0.386370 0.906050 0.172602 0.916894 -0.397614 0.034751 0.100115 0.144831 -0.984378
-1.485819 -16.493211 -1210.517079 274.869944 0.379702 0.912068 0.154787 0.923000 -0.384786 0.003140 0.062423 0.141676 -0.987943
-3.082562 -17.003662 -1359.567400 245.908646 0.299842 0.944293 0.135667 -0.947112 0.311699 -0.076301 0.114338 0.105613 -0.987812
4.051667 -16.020485 -1090.809961 150.460476 0.396996 0.905121 0.152148 -0.907886 0.411590 -0.079605 0.134675 0.106530 -0.985147
-7.780211 -17.985829 -1174.390771 -159.255115 0.209123 0.964624 0.160522 0.974646 -0.218961 0.046063 0.079582 0.146819 -0.985957
-10.887570 -19.870343 -758.336874 879.346563 -0.032253 0.991383 0.126966 -0.986595 -0.011248 -0.162800 0.159969 0.130515 -0.978456
15.822193 -26.654277 -1128.273514 -686.318220 0.676206 0.708417 -0.202216 -0.237950 -0.049754 -0.970002 0.697227 -0.704038 -0.134924
9.723692 -27.098324 -2438.916677 102.293871 0.725272 0.615797 -0.307855 -0.302190 -0.117038 -0.946035 0.618597 -0.779164 -0.101203
12.358825 -28.443138 -1314.667098 187.804824 0.698505 0.694088 -0.174160 -0.165865 -0.079714 -0.982922 0.696117 -0.715463 -0.059444
3604.875935 -71.483877 687474.148039 3867.589809 -0.658447 -0.308592 0.686453 -0.330400 0.938009 0.104758 -0.676227 -0.157827 -0.719588
198.357278 -35.866980 41892.996990 -704.556721 -0.470154 -0.374530 0.799176 -0.354106 0.909467 0.217897 -0.808433 -0.180548 -0.560213
1875.226306 -179.559683 398934.084428 -13259.429113 -0.594936 -0.081625 0.799618 -0.276734 0.954809 -0.108430 -0.754632 -0.285791 -0.590639
-3.588624 -73.494283 -518.236068 261.569186 0.985835 -0.166892 0.016614 0.161694 0.919447 -0.358429 -0.044543 -0.356039 -0.933409
-4.318342 -74.044102 -304.288085 1620.953175 0.983541 -0.176611 0.038144 0.165607 0.796741 -0.581186 -0.072253 -0.577938 -0.812876
-3.410078 -80.071691 -282.963992 2060.498059 0.984221 -0.173855 0.032927 0.170430 0.881394 -0.440566 -0.047573 -0.439226 -0.897116
-8.835649 -22.955680 -607.441300 -747.556398 0.933175 0.236836 0.270357 0.334624 -0.847033 -0.412992 -0.131190 -0.475861 0.869681
-6.550389 -19.843797 -640.270348 -712.133529 0.911376 0.259400 0.319539 0.357452 -0.883716 -0.302114 -0.204014 -0.389560 0.898121
-5.657871 -24.406380 -356.660714 -724.911032 0.917891 0.246061 0.311336 0.363109 -0.837281 -0.408794 -0.160087 -0.488277 0.857880
-7.641782 -26.538111 -569.560904 -995.584445 0.952866 0.183149 0.241872 0.286600 -0.804927 -0.519570 -0.099530 -0.564401 0.819478
10.650654 -215.071211 -5371.641969 -34603.224205 0.970366 0.065715 0.232534 -0.241383 0.219140 0.945363 -0.011167 0.973478 -0.228508
23.721915 -365.208359 -3478.346976 -26668.870761 0.986718 -0.046663 0.155593 -0.162311 -0.245064 0.955824 0.006471 0.968383 0.249383
102.897758 -1519.837165 13769.113806 -299533.468950 0.978123 0.207812 0.009473 0.046776 -0.264079 0.963366 -0.202701 0.941847 0.268022
27.067801 -374.491910 -3391.360461 39426.942259 0.989848 -0.123304 0.070686 -0.025187 0.337290 0.941064 0.139879 0.933291 -0.330760
2.620593 -300.331936 -2686.797960 -56658.822313 0.965427 0.037389 0.257977 -0.259352 0.237265 0.936185 0.026207 0.970725 -0.238759
-7.473349 -17.919000 67.834142 -758.591707 -0.099234 -0.841552 -0.530983 0.993399 -0.114642 -0.003960 -0.057541 -0.527871 0.847373
-6.436004 -13.234599 288.932934 -866.945832 -0.119747 -0.835502 -0.536281 0.981761 -0.179996 0.061208 -0.147668 -0.519170 0.841817
-6.230477 -14.529518 138.909730 -909.125804 -0.205509 -0.806725 -0.554040 0.969287 -0.245930 -0.001442 -0.135092 -0.537320 0.832489
-7.123719 -17.251439 10.208387 -787.885684 -0.195584 -0.807994 -0.555782 0.977659 -0.205143 -0.045809 -0.077001 -0.552325 0.830065
-8.311933 -20.282356 -194.937522 -550.427515 -0.154643 -0.824979 -0.543595 0.987823 -0.119616 -0.099485 0.017050 -0.552360 0.833431
15.356300 -25.576709 -1793.827143 -161.544053 0.672489 0.659310 -0.336257 -0.423264 -0.030096 -0.905506 0.607130 -0.751268 -0.258823
5.186981 -25.655359 -2140.854191 504.979975 0.693069 0.576855 -0.432312 -0.435398 -0.142986 -0.888810 0.574529 -0.804235 -0.152062
0.638044 -28.827232 -1763.805387 587.690632 0.703269 0.578170 -0.413680 -0.351647 -0.222819 -0.909228 0.617865 -0.784902 -0.046610
-279.078968 -514.611713 52736.181240 -78865.239992 -0.120896 0.128757 -0.984279 0.763967 0.645186 -0.009437 0.633828 -0.753098 -0.176366
-90.662701 -309.236619 -9927.919789 -37374.543585 -0.315412 0.502475 0.805006 0.658448 -0.494985 0.566953 0.683345 0.708879 -0.174729
-35.202608 -929.439608 2038.664543 210206.942368 -0.521246 0.847194 0.102788 -0.201255 -0.004982 -0.979526 0.829336 0.531261 -0.173099
-10.475234 -431.784957 -2280.534639 -74231.375015 0.193614 0.961588 -0.194582 -0.336098 0.251344 0.907670 -0.921711 0.110340 -0.371852
1.790796 -279.427932 -84.916366 -41089.885649 0.235339 0.949253 -0.208650 -0.281898 0.272118 0.920046 -0.930134 0.157705 -0.331633
-3.255188 -283.556017 -1597.889476 -35589.170943 0.193859 0.968281 -0.157642 0.237997 0.109471 0.965077 -0.951723 0.224607 0.209226
-33.688947 -45.198999 472.562545 51.253953 0.309392 0.814847 -0.490205 0.929311 -0.149781 0.337560 0.201636 -0.559991 -0.803587
-34.392294 -44.329100 -878.704424 -264.743702 0.333597 0.729311 -0.597343 0.940999 -0.219393 0.257657 0.056859 -0.648053 -0.759470
-31.279367 -43.440753 107.551982 -185.968272 0.189765 0.839104 -0.509797 0.981545 -0.149627 0.119088 0.023648 -0.522988 -0.852012
1.737876 -65.784386 -216.671457 3301.240732 0.642995 0.716293 0.271075 -0.555001 0.679697 -0.479569 0.527760 -0.157914 -0.834585
1.018510 -77.546312 -332.704800 4371.602485 0.649401 0.710763 0.270359 -0.496328 0.665518 -0.557444 0.576140 -0.227819 -0.784960
2.208927 -79.221181 -245.347621 4854.833084 0.659109 0.702134 0.269412 -0.398700 0.629988 -0.666449 0.637662 -0.331848 -0.695172
1.869671 -79.886520 24.330203 4538.373904 0.630451 0.726878 0.272361 -0.521052 0.656368 -0.545606 0.575358 -0.202063 -0.792549
-2.938340 -24.666682 549.809381 92.329672 0.302379 0.917377 0.258819 -0.118645 -0.233194 0.965165 -0.945775 0.322554 -0.038329
-3.728116 -23.996880 568.134306 188.076363 0.295938 0.914709 0.275187 -0.027860 -0.279703 0.959682 -0.954801 0.291673 0.057290
-1.974241 -23.734144 394.902237 240.813619 0.314567 0.907281 0.279085 -0.021647 -0.287077 0.957663 -0.948988 0.307290 0.070665
-5.778871 -25.215734 427.091990 235.407437 0.271703 0.926437 0.260562 -0.085227 -0.246521 0.965383 -0.958600 0.284504 -0.011977
-1.924467 -24.545172 282.259324 56.756160 0.311652 0.911736 0.267601 -0.154826 -0.229138 0.961002 -0.937498 0.340930 -0.069749
-3.131715 -25.079231 360.419035 -34.878812 0.308985 0.919521 0.242920 -0.227385 -0.176588 0.957660 -0.923485 0.351139 -0.154522
-4.816001 -25.635174 499.586565 101.049638 0.293376 0.927456 0.231855 -0.199683 -0.177728 0.963607 -0.934910 0.328996 -0.133056
0.058887 -30.582652 415.071792 151.083660 0.323509 0.784278 0.529386 -0.610979 0.600345 -0.516033 0.722528 0.156503 -0.673395
0.354196 -30.550709 301.114820 152.281919 0.330374 0.782627 0.527587 -0.477989 0.620725 -0.621472 0.813867 0.046863 -0.579159
-1.310356 -30.840904 502.654140 -112.124118 0.317903 0.789942 0.524338 -0.505574 0.609078 -0.611080 0.802080 0.070827 -0.593002
2.281728 -41.309240 38.985401 -1130.102892 -0.409765 -0.804276 -0.430386 0.912109 -0.354904 -0.205185 0.012279 -0.476637 0.879015
5.777136 -36.517663 -321.130509 917.437980 -0.350564 -0.815050 -0.461301 0.936242 -0.317388 -0.150715 -0.023571 -0.484725 0.874349
5.815969 -43.025237 371.715480 2052.851876 -0.438595 -0.777598 -0.450528 0.891063 -0.441434 -0.105559 -0.116796 -0.447747 0.886500
6.858981 -42.797169 -277.394704 2286.064744 -0.501592 -0.777993 -0.378328 0.853923 -0.515339 -0.072399 -0.138641 -0.359378 0.922836
4.196532 -37.260354 -41.235714 117.264075 -0.492578 -0.782684 -0.380491 0.869730 -0.458103 -0.183605 -0.030599 -0.421364 0.906375
-4.460605 -62.216716 217.118783 671.752064 0.571933 0.688148 0.446481 -0.290706 -0.338930 0.894772 -0.767061 0.641544 -0.006203
-5.536627 -60.311995 91.069066 988.283428 0.541279 0.707839 0.453851 -0.230123 -0.394444 0.889639 -0.808740 0.585985 0.050614
-4.791466 -55.566465 264.521208 30.454973 0.575546 0.698063 0.425975 -0.141562 -0.427988 0.892629 -0.805424 0.574051 0.147507
-4.223186 -59.621338 -560.951006 -1496.809966 0.402438 0.642429 0.652173 -0.736718 0.650162 -0.185839 -0.543406 -0.405678 0.734939
-7.380369 -58.253902 -167.761931 -776.456109 0.428411 0.660682 0.616411 -0.677170 0.686421 -0.265080 -0.598251 -0.303852 0.741464
-4.815233 -60.757476 -527.903406 -767.273428 0.393326 0.656036 0.644136 -0.603030 0.712935 -0.357880 -0.694010 -0.247670 0.676025
4.235926 -90.358529 -400.721534 -2344.922385 -0.627226 -0.713399 -0.312488 0.778837 -0.574573 -0.251552 -0.000090 -0.401158 0.916009
2.802231 -89.582471 -576.510808 126.195688 -0.619044 -0.732971 -0.282026 0.762529 -0.475008 -0.439223 0.187973 -0.486951 0.852962
5.317302 -101.395763 -196.929566 -2544.292754 -0.640355 -0.700531 -0.314962 0.721342 -0.407643 -0.559905 0.263839 -0.585733 0.766359
5.699418 -87.002298 256.999151 303.374226 -0.643126 -0.681729 -0.348761 0.758053 -0.502337 -0.415948 0.108369 -0.531887 0.839853
6.013304 -94.320440 223.050887 -1501.327787 -0.660072 -0.673347 -0.333031 0.679280 -0.345716 -0.647348 0.320755 -0.653517 0.685588
-2.526917 -111.249359 535.555938 4547.954273 0.738101 0.674689 -0.001201 -0.332362 0.365148 0.869599 -0.587147 0.641453 -0.493757
-0.994578 -114.619073 222.094131 7181.989195 0.717941 0.695679 -0.024328 -0.280752 0.321361 0.904381 -0.636977 0.642462 -0.426031
2.637410 -88.257158 820.601452 823.751938 0.702024 0.711252 0.035825 -0.175224 0.123754 0.976720 -0.690260 0.691958 -0.211507
-1.510110 -110.811141 1373.248102 4380.022711 0.712824 0.696850 0.079260 -0.391689 0.301806 0.869191 -0.581775 0.650625 -0.488083
-6.770965 -27.771347 -1137.637420 -516.581642 -0.024791 0.936092 0.350879 -0.350280 -0.336870 0.873969 -0.936317 0.101240 -0.336246
-6.668241 -28.634976 -1109.432156 -371.557292 -0.026982 0.931810 0.361942 -0.236044 -0.357774 0.903483 -0.971368 0.061057 -0.229601
-10.027258 -27.900772 -469.250991 -377.400109 0.038606 0.942465 0.332069 -0.301448 -0.305850 0.903097 -0.952701 0.134966 -0.272296
-7.206018 -26.181402 -813.684726 -383.744779 0.006618 0.947209 0.320549 -0.438164 -0.285398 0.852385 -0.898871 0.146094 -0.413144
-13.029814 -20.118158 -372.184819 363.808125 0.390688 0.801683 0.452401 0.820671 -0.525958 0.223309 -0.416967 -0.284028 0.863404
-14.625876 -19.509537 -341.989115 370.452044 0.193270 0.909719 0.367502 0.923691 -0.295001 0.244477 -0.330818 -0.292208 0.897315
-15.096934 -21.779128 -384.667447 100.118557 0.246294 0.912403 0.326896 0.887220 -0.348009 0.302870 -0.390102 -0.215434 0.895214
-124.739208 -411.404142 -12189.686433 33767.103965 -0.299675 0.174800 -0.937891 -0.482767 0.820135 0.307107 0.822880 0.544815 -0.161386
-126.016268 -443.170964 8795.756545 -41669.869544 0.223771 -0.258209 0.939816 0.827327 -0.459418 -0.323210 0.515225 0.849860 0.110819
-87.010782 -244.733732 10927.202657 -31809.569685 0.373033 -0.322268 0.870051 0.765522 -0.422936 -0.484872 0.524235 0.846917 0.088935
-10.324683 -298.928848 706.533368 39942.048895 -0.535357 0.387219 -0.750636 -0.325700 0.725343 0.606462 0.779302 0.569156 -0.262201
-30.131826 -48.221297 203.787715 -1830.876143 0.452054 0.876583 -0.165072 -0.214765 -0.072655 -0.973960 0.865750 -0.475734 -0.155415
-31.665466 -47.181509 -424.734970 -620.601459 0.453791 0.776208 -0.437693 -0.421531 -0.245764 -0.872875 0.785102 -0.580605 -0.215670
-30.067087 -45.312079 -97.848620 -1023.313858 0.454680 0.660908 -0.597048 -0.470709 -0.390769 -0.791032 0.756108 -0.640703 -0.133421
14.130235 -24.845815 3418.264708 447.057195 -0.098498 0.990204 -0.098966 0.340489 -0.059913 -0.938338 0.935075 0.126121 0.331252
7.091468 -24.966317 1755.940530 480.258082 -0.061709 0.979836 -0.190037 0.372247 -0.154069 -0.915257 0.926080 0.127220 0.355233
3.657736 -22.551500 3114.562740 74.771496 -0.099268 0.988396 -0.114975 0.265215 -0.085085 -0.960428 0.959066 0.125833 0.253692
-1.783411 -11.959306 -572.831881 -916.449936 0.698449 0.452446 0.554492 0.680543 -0.659623 -0.318996 -0.221427 -0.600158 0.768622
-6.952848 -31.527416 5820.356492 -125.890376 -0.509649 0.761363 0.400729 0.840700 0.341625 0.420137 0.182977 0.551016 -0.814187
-19.257565 -79.240625 -1006.259577 -6920.930225 0.497533 0.825927 -0.265152 0.849689 -0.525552 -0.042692 -0.174612 -0.204056 -0.963261
-15.512025 -58.111838 -606.225677 4535.204508 0.508989 0.828935 -0.231942 -0.784708 0.557597 0.270777 -0.353786 -0.044184 -0.934282
-19.177050 -68.389184 56.484441 6270.823985 0.432653 0.893725 -0.118602 -0.881830 0.446878 0.150583 -0.187580 -0.039437 -0.981457
-16.097822 -72.735099 -542.867098 -5755.504615 0.551362 0.774569 -0.309908 0.815940 -0.578097 0.006786 -0.173900 -0.256608 -0.950742
-21.924280 -79.798905 -666.029534 -5598.911181 0.477142 0.855885 -0.199492 0.878678 -0.460437 0.126188 0.016148 -0.235499 -0.971740
-21.124269 -82.659566 -1102.941765 -3058.763490 0.507589 0.808849 -0.296844 0.852866 -0.422754 0.306429 0.122363 -0.408708 -0.904425
-4.294465 -66.860289 530.103297 2059.921244 0.357243 0.919218 -0.165574 0.047473 0.159173 0.986109 -0.932804 0.360141 -0.013226
-6.075846 -58.576139 543.891882 1710.619071 0.337113 0.919308 -0.203047 0.214022 0.135192 0.967428 -0.916815 0.369589 0.151177
7.000083 -24.629247 -3441.318539 806.387396 0.074251 0.995316 -0.061907 -0.931504 0.047058 -0.360675 0.356073 -0.084447 -0.930635
27.575116 -26.429533 -4873.317440 711.430032 0.032384 0.997273 -0.066317 -0.910824 0.002127 -0.412790 0.411523 -0.073771 -0.908409
58.928843 -20.983576 -13885.200407 -952.005416 -0.687978 -0.040858 -0.724581 -0.284690 0.933581 0.217665 0.667561 0.356030 -0.653915
26.865446 -20.440492 -7430.449467 543.681460 -0.732120 -0.044709 -0.679707 -0.341055 0.887822 0.308955 0.589646 0.458010 -0.665241
166.457150 -34.472251 -25980.950507 -1206.954741 -0.679859 -0.005821 -0.733320 -0.348649 0.882295 0.316228 0.645163 0.470662 -0.601866
2057.019652 -166.927202 -329648.174638 11468.358116 -0.863783 0.024669 -0.503260 -0.169513 0.926353 0.336356 0.474494 0.375848 -0.795986
1428.551702 34.770524 -246221.169557 8619.121779 -0.691697 -0.112336 -0.713398 -0.252526 0.963092 0.093190 0.676599 0.244611 -0.694535
-3.183721 -30.980813 549.690416 -803.492271 0.701140 0.397816 -0.591731 0.383228 0.489581 0.783228 -0.601281 0.775920 -0.190811
-1.888380 -30.760146 205.290907 -795.882493 0.700543 0.402078 -0.589552 0.396671 0.467351 0.790086 -0.593204 0.787348 -0.167907
-2.336760 -28.316041 389.152377 -386.323677 0.704237 0.410468 -0.579281 0.320368 0.544407 0.775232 -0.633573 0.731530 -0.251891
-3.640516 -27.409686 435.268764 -291.479806 0.705103 0.426119 -0.566791 0.262689 0.585471 0.766954 -0.658653 0.689672 -0.300880
-4.920013 -29.154102 382.108144 -646.615252 0.679563 0.419892 -0.601568 0.366010 0.516604 0.774052 -0.635791 0.746197 -0.197381
-4.256022 -32.323908 306.507339 -871.661450 0.679718 0.414891 -0.604854 0.448108 0.417954 0.790262 -0.580674 0.808195 -0.098175
2.656554 -36.487021 -100.971775 -673.783899 0.633643 0.396563 -0.664255 0.499783 0.445568 0.742756 -0.590520 0.802625 -0.084135
2.954394 -39.582569 124.675570 -802.123054 0.632430 0.388952 -0.669887 0.503154 0.451251 0.737027 -0.588955 0.803174 -0.089682
2.748467 -34.623609 -25.534662 -606.156584 0.651297 0.407326 -0.640232 0.395745 0.537561 0.744590 -0.647455 0.738318 -0.188914
1.943435 -34.609501 69.337929 -758.342044 0.657661 0.388914 -0.645158 0.454041 0.478741 0.751435 -0.601107 0.787117 -0.138267
-4.112741 -72.639110 9.192183 -1127.630446 0.986006 -0.154157 0.063463 0.164924 0.846440 -0.506300 -0.024332 -0.509681 -0.860019
-2.829017 -75.024554 392.548721 1086.798501 0.980203 -0.169724 0.101964 0.192303 0.693461 -0.694357 -0.047141 -0.700218 -0.712371
-3.903598 -81.653274 -239.930740 2196.893048 0.977369 -0.203223 0.058742 0.170392 0.591719 -0.787930 -0.125367 -0.780108 -0.612956
5.700170 -62.413477 -1715.858779 -2382.685197 0.947768 -0.278868 -0.154819 -0.243545 -0.319278 -0.915832 -0.205966 -0.905701 0.370518
9.251907 -53.900744 -195.206937 -2479.942473 0.949189 -0.262558 -0.173502 -0.292393 -0.531871 -0.794745 -0.116386 -0.805094 0.581617
8.647963 -54.460415 -229.739343 -2015.846935 0.951875 -0.230901 -0.201540 -0.286641 -0.437912 -0.852097 -0.108493 -0.868860 0.483023
3.804279 -60.248564 -665.744344 -2643.495983 0.964514 -0.244592 -0.099434 -0.204375 -0.453194 -0.867667 -0.167161 -0.857199 0.487101
11.806142 -61.755059 -1820.923298 -1748.925946 0.954051 -0.249932 -0.165290 -0.220523 -0.212177 -0.952024 -0.202871 -0.944730 0.257543
5.370448 -63.955513 -2728.356847 -871.189884 0.943336 -0.306087 -0.128173 -0.153707 -0.060723 -0.986249 -0.294095 -0.950065 0.104330
-1.370683 -66.757756 -881.726375 -2473.930516 0.971668 -0.227107 -0.065447 -0.122027 -0.244906 -0.961837 -0.202412 -0.942573 0.265680
-44.077346 -4705.283279 -4737.847510 895201.622128 0.970965 -0.232619 0.055824 0.237424 0.965623 -0.105839 0.029285 -0.116020 -0.992815
-38.799524 -3165.058021 3881.780751 433965.096012 0.931063 -0.353209 0.091458 0.204441 0.712668 0.671050 0.302201 0.606092 -0.735749
20.675057 -1446.229653 -3016.218826 -417117.574603 0.990255 -0.128079 0.054696 0.123059 0.620796 -0.774254 -0.065211 -0.773439 -0.630507
-7.897455 -1053.665178 110.137884 201171.381906 0.897610 -0.440707 0.008595 0.023429 0.067173 0.997466 0.440168 0.895134 -0.070621
-106.597839 -4019.642178 -11423.405525 -718421.433035 0.981104 -0.190787 0.032178 0.014746 -0.092090 -0.995641 -0.192919 -0.977302 0.087537
161.669075 -4846.126313 -22377.706291 -1678795.236120 0.980896 -0.174805 0.085358 0.175330 0.604333 -0.777201 -0.084274 -0.777319 -0.623436
14.585282 -486.091354 -4098.128036 67990.122535 0.925700 -0.249746 0.284089 0.087385 0.871926 0.481776 0.368026 0.421155 -0.828966
27.669302 -19.348179 2261.098866 -904.706215 0.051757 0.992804 -0.107986 0.974439 -0.073876 -0.212160 0.218611 0.094245 0.971250
27.179540 -18.026224 178.885606 -305.449357 0.162208 0.986752 0.003106 0.974971 -0.159785 -0.154599 0.152055 -0.028105 0.987972
22.065571 -15.676817 2600.154186 -595.361282 0.055537 0.984990 -0.163434 0.984058 -0.081697 -0.157976 0.168957 0.152055 0.973824
-4.743594 -10.510739 355.716636 -826.650855 -0.330476 -0.753165 -0.568795 0.924109 -0.380719 -0.032792 -0.191853 -0.536466 0.821825
-6.443992 -8.538398 384.112900 -830.052481 -0.213355 -0.813046 -0.541696 0.954423 -0.291902 0.062210 -0.208702 -0.503735 0.838269
-57.156776 -209.001364 3054.585249 -32005.429422 -0.326566 0.387179 0.862234 0.801077 -0.370774 0.469897 0.501628 0.844168 -0.189078
-50.674413 -473.620405 -7172.282008 -70002.257411 0.696056 -0.513952 -0.501359 0.524257 -0.113298 0.843990 0.490573 0.850304 -0.190581
-116.217797 -278.058717 -19171.428829 -32579.743085 0.798692 -0.436026 -0.414696 0.203619 -0.452672 0.868117 0.566243 0.777798 0.272762
4.427065 -299.686373 -186.051328 -43180.359114 0.230980 0.949057 -0.214333 0.220377 0.163532 0.961609 -0.947672 0.269347 0.171378
8.870002 -31.777505 675.071922 147.080174 0.256975 0.908546 0.329405 -0.069875 -0.322492 0.943990 -0.963889 0.265599 0.019388
11.999290 -31.843123 1076.753986 43.895495 0.227648 0.907939 0.351886 -0.100965 -0.337418 0.935925 -0.968495 0.248589 -0.014857
7.936280 -31.717164 1047.941141 -186.438555 0.263437 0.903233 0.338779 -0.224653 -0.284087 0.932108 -0.938153 0.321660 -0.128075
12.908720 -31.371189 937.800683 227.884445 0.234051 0.910967 0.339645 0.072167 -0.364663 0.928339 -0.969542 0.192768 0.151091
5.324901 -31.804684 236.505910 -151.841353 0.281621 0.911718 0.299099 -0.222438 -0.241191 0.944642 -0.933387 0.332562 -0.134876
7.373197 -31.674256 -58.056072 111.538349 0.285629 0.912021 0.294336 -0.039456 -0.295679 0.954472 -0.957528 0.284238 0.048470
9.999377 -30.908087 162.592509 254.201713 0.265333 0.911174 0.315215 0.098884 -0.350926 0.931167 -0.959073 0.215900 0.183213
-3.747310 -23.178552 666.298065 301.596328 0.304107 0.906299 0.293498 0.069092 -0.328261 0.942057 -0.950129 0.266208 0.162444
-5.984515 -24.157387 399.857981 23.310435 0.266441 0.917229 0.296143 0.000584 -0.307403 0.951579 -0.963851 0.253366 0.082441
13.133456 -17.625720 -2457.645950 -312.448526 -0.050019 0.969182 0.241213 0.996361 0.031732 0.079112 0.069020 0.244292 -0.967242
18.203230 -15.705522 -1161.538830 -522.131146 -0.157353 0.926226 0.342558 0.986155 0.128996 0.104202 0.052326 0.354211 -0.933700
11.564990 -15.649829 -1918.103713 -31.145921 -0.045602 0.960813 0.273420 0.998659 0.050566 -0.011134 -0.024523 0.272546 -0.961830
21.805121 -19.539113 -2729.127419 -388.714044 -0.109746 0.960586 0.255401 0.975174 0.054336 0.214671 0.192333 0.272620 -0.942702
3.250085 -18.520884 -1550.485806 -28.450198 0.117187 0.960203 0.253531 0.992507 -0.104342 -0.063580 -0.034596 0.259082 -0.965236
1.714840 -19.221164 -1475.647373 21.237866 0.146891 0.956310 0.252773 0.988406 -0.151836 0.000055 0.038433 0.249834 -0.967526
10.128450 -19.010855 -2558.443180 12.417242 0.028468 0.972935 0.229317 0.986053 -0.064966 0.153227 0.163978 0.221757 -0.961215
-4.237799 -65.513647 211.370602 1558.868975 0.538649 0.686212 0.488845 -0.465495 -0.241228 0.851542 -0.702262 0.686237 -0.189491
-4.968421 -58.636775 263.788053 711.289662 0.526264 0.696827 0.487318 -0.335016 -0.356830 0.872030 -0.781544 0.622177 -0.045661
-7.358479 -56.189847 215.488289 1632.678334 -0.434676 -0.652408 -0.620822 0.803426 -0.592375 0.059986 -0.406895 -0.472710 0.781653
-8.308413 -55.875633 -110.335015 1162.307985 0.456036 0.677931 0.576577 0.754899 -0.637787 0.152824 -0.471337 -0.365564 0.802623
-7.876338 -57.352328 -141.922534 -223.083683 0.443717 0.686511 0.576037 -0.625071 0.697694 -0.350013 -0.642185 -0.204757 0.738697
2.653291 -86.499456 -258.982333 -937.092947 -0.627877 -0.729626 -0.270954 0.773857 -0.548033 -0.317499 0.083164 -0.409030 0.908723
1.681610 -99.071377 90.669274 -1269.184217 -0.623297 -0.719139 -0.307147 0.729550 -0.393362 -0.559485 0.281528 -0.572805 0.769829
2.337205 -82.953920 -699.932839 -1040.164714 -0.618296 -0.738924 -0.267772 0.782945 -0.608826 -0.127778 -0.068608 -0.288656 0.954972
3.126990 -79.389210 -618.988572 -1296.084231 -0.628184 -0.721831 -0.290422 0.773959 -0.618002 -0.138061 -0.079825 -0.311502 0.946887
-6.526322 -26.377634 36.670802 316.194655 0.410345 0.815851 0.407437 0.880383 -0.470912 0.056287 0.237789 0.335603 -0.911497
-5.683148 -26.472294 163.152540 106.628820 0.386576 0.813158 0.435123 0.868546 -0.479655 0.124737 0.310140 0.329704 -0.891689
-6.196856 -25.722442 255.537002 281.947775 0.365975 0.831163 0.418605 -0.858167 0.475423 -0.193705 0.360015 0.288342 -0.887270
-6.159837 -27.249901 134.048210 589.425077 0.432897 0.786747 0.440032 0.877955 -0.478678 -0.007877 0.204436 0.389739 -0.897947
-6.917123 -26.666641 28.063738 527.887812 0.444073 0.806452 0.390429 0.883763 -0.465985 -0.042672 0.147521 0.363996 -0.919644
-6.510268 -27.239703 65.835944 688.085024 0.452188 0.790091 0.413864 0.880221 -0.470222 -0.064047 0.144005 0.393253 -0.908083
-1.704761 -147.587534 -281.330151 12858.587598 0.689005 0.723762 -0.037957 -0.442470 0.461546 0.768892 -0.574014 0.512976 -0.638250
-0.839428 -156.081273 -220.014846 17641.260918 0.704531 0.707323 -0.057710 -0.220796 0.295753 0.929397 -0.674452 0.642047 -0.364541
-5.637646 -25.168674 8.678125 -25.815193 0.180121 0.944030 0.276341 -0.650906 -0.096239 0.753034 -0.737481 0.315509 -0.597140
-6.699022 -23.765549 293.905201 -109.601797 0.156457 0.943830 0.291042 -0.640794 -0.127236 0.757096 -0.751601 0.304951 -0.584893
-6.832974 -25.399090 137.651619 -292.272069 0.209440 0.949788 0.232459 -0.544646 -0.084125 0.834436 -0.812093 0.301372 -0.499679
-5.863330 -23.388628 206.552753 105.705880 0.122202 0.937353 0.326245 -0.709956 -0.147146 0.688702 -0.693562 0.315781 -0.647498
-4.843892 -23.866938 42.252804 -115.200105 0.123909 0.933241 0.337206 -0.753070 -0.132849 0.644389 -0.646167 0.333785 -0.686335
5.883943 -495.154025 -407.709899 -70654.372337 0.695721 0.711983 0.095145 0.625490 -0.535355 -0.567589 0.353177 -0.454396 0.817796
4.552954 -213.406329 125.602068 -20060.625254 -0.662415 -0.732650 -0.156303 0.744078 -0.619252 -0.250749 0.086921 -0.282401 0.955350
11.256616 -533.611724 -1688.188615 -93331.437294 -0.600547 -0.784386 -0.155182 0.799439 -0.592784 -0.097492 -0.015518 -0.182607 0.983064
13.278682 -23.170572 -941.493010 428.636969 0.106407 0.854143 0.509036 0.770545 -0.394397 0.500712 -0.628441 -0.338956 0.700122
12.074784 -21.088317 -1201.207545 273.768161 0.157448 0.826251 0.540850 0.817975 -0.415969 0.397349 -0.553287 -0.379840 0.741347
8.065037 -20.321002 -1193.968772 479.361736 0.076026 0.835344 0.544445 0.800321 -0.376804 0.466375 -0.594733 -0.400274 0.697190
7.489812 -17.326049 -964.743705 513.064279 0.173713 0.802721 0.570493 0.854230 -0.411072 0.318295 -0.490016 -0.432040 0.757117
3.242097 -17.096800 -746.930631 655.327684 0.098856 0.820225 0.563434 0.846424 -0.367038 0.385811 -0.523254 -0.438764 0.730542
3.180819 -19.553336 -890.069520 487.641486 0.039097 0.840598 0.540247 0.795377 -0.353450 0.492391 -0.604853 -0.410449 0.682411
-7.383943 -24.736648 -391.525243 104.649377 0.343530 0.868743 0.356752 -0.056044 -0.360230 0.931179 -0.937468 0.339882 0.075062
-8.820946 -25.609083 -142.487529 76.921000 0.412278 0.848232 0.332460 -0.014159 -0.358906 0.933266 -0.910948 0.389473 0.135959
-8.778576 -25.599300 -358.614260 27.763700 0.383165 0.838834 0.386706 -0.158342 -0.352810 0.922200 -0.910007 0.414587 0.002362
-8.702507 -25.386253 -440.643619 119.826648 0.362065 0.845431 0.392626 -0.184235 -0.347992 0.919216 -0.913765 0.405151 -0.029762
-8.002537 -25.483915 -537.041914 147.575597 0.323682 0.862604 0.388773 -0.201358 -0.338679 0.919103 -0.924492 0.375780 -0.064068
-81.613696 -377.362821 -1074.664752 1446.369621 0.063202 0.022681 0.997743 0.930721 -0.362195 -0.050723 0.360227 0.931826 -0.044001
52.824829 -614.086945 -15017.063611 97725.387165 -0.177447 -0.066644 0.981871 0.886482 -0.444110 0.130064 0.427390 0.893491 0.137884
-0.415482 -870.266885 1200.602511 164425.507684 0.597171 -0.476949 0.644908 0.757068 0.069499 -0.649630 0.265020 0.876179 0.402585
4.073950 -465.403985 628.005209 63639.316887 0.648432 -0.419041 0.635563 0.718640 0.061474 -0.692660 0.251183 0.905884 0.341001
460.283465 -3709.713937 31341.042837 -777704.202462 0.792896 -0.484096 0.370089 -0.418533 0.008772 0.908159 0.442883 0.874971 0.195655
-18.565732 -47.170408 2022.620700 -3020.656901 0.339470 0.931784 -0.128605 -0.135340 -0.086915 -0.986980 0.930829 -0.352456 -0.096603
6.914249 -32.145875 -175.342863 -1805.177776 -0.093520 0.823861 -0.559024 0.909223 0.299451 0.289210 0.405669 -0.481230 -0.777078
10.440064 -38.944388 51.108677 1246.861698 -0.094944 0.836527 -0.539637 -0.822959 -0.370963 -0.430262 0.560111 -0.403248 -0.723648
10.055085 -37.611057 -207.507656 1809.382516 -0.185974 0.814051 -0.550213 -0.854049 -0.410805 -0.319123 0.485813 -0.410561 -0.771639
7.900920 -38.482466 -530.510184 1033.082254 -0.013582 0.825630 -0.564048 -0.809644 -0.340105 -0.478336 0.586764 -0.450182 -0.673086
7.207617 -30.929653 -68.068589 -2181.851365 -0.203552 0.814024 -0.543996 0.919840 0.349317 0.178525 0.335351 -0.464051 -0.819876
2.543421 -34.974265 -809.733482 -1221.372870 0.010965 0.805060 -0.593092 0.874263 0.280161 0.396452 0.485329 -0.522865 -0.700762
3.250832 -28.283465 -507.441134 -1585.575657 0.006207 0.813267 -0.581857 0.943590 0.187872 0.272656 0.331058 -0.550727 -0.766225
3.187818 -28.520952 -2632.128164 38.050294 0.727971 0.509619 0.458635 0.374634 0.264572 -0.888623 0.574202 -0.818712 -0.001680
9.085100 -28.546757 -2861.466535 38.669059 0.725600 0.509276 0.462755 0.448750 0.159603 -0.879290 0.521658 -0.845674 0.112730
13.796312 -28.389753 -2510.692292 -127.565616 0.710504 0.535201 0.456886 0.381844 0.252142 -0.889168 0.591084 -0.806216 0.025215
7.567200 -28.018773 -2441.866005 136.337075 0.726276 0.522763 0.446365 0.287634 0.358656 -0.888050 0.624331 -0.773359 -0.110119
23.478538 -12.739739 -2704.389064 848.536215 -0.035419 0.998844 0.032492 -0.981343 -0.028614 -0.190124 0.188974 0.038620 -0.981222
-14.073233 -48.312469 544.022317 3797.046184 0.388154 0.917767 -0.083907 -0.841541 0.390081 0.373692 -0.375693 0.074439 -0.923750
-9.059434 -38.565915 136.349317 852.182599 0.517780 0.834822 -0.187021 -0.733692 0.545742 0.404798 -0.439999 0.072380 -0.895076
-11.094378 -52.986720 -201.639182 3662.918627 0.594489 0.757053 -0.271022 -0.722781 0.650802 0.232475 -0.352377 -0.057686 -0.934079
-1.102748 -69.989264 474.427021 2457.257719 0.359433 0.919527 -0.158988 0.021036 0.162347 0.986510 -0.932934 0.357929 -0.039010
0.916654 -73.465581 446.336596 2294.679232 0.366198 0.913223 -0.178669 0.098039 0.153073 0.983340 -0.925358 0.377614 0.033476
0.595276 -66.580185 418.506623 661.043082 0.334080 0.907533 -0.254509 0.500523 0.057987 0.863779 -0.798666 0.415959 0.434869
1.487580 -78.095776 356.002083 1467.588908 0.346251 0.914380 -0.209809 0.331941 0.089766 0.939019 -0.877454 0.394780 0.272439
-15.243758 -19.418268 -1177.939003 -274.230470 0.058243 0.998246 0.010618 -0.836448 0.054603 -0.545319 0.544943 -0.022880 -0.838161
-13.799105 -22.313648 -928.726103 194.341499 -0.042837 0.999082 -0.000058 -0.892996 -0.038314 -0.448432 0.448022 0.019158 -0.893817
-15.011932 -23.735814 183.505184 422.187251 -0.387448 0.911270 -0.139538 -0.749154 -0.399434 -0.528414 0.537264 0.100198 -0.837441
-15.534436 -21.800277 -255.263145 -565.813033 -0.595133 0.694568 -0.404218 0.499706 0.713767 0.490745 0.629373 0.090069 -0.771866
-12.208185 -24.665132 823.340244 -713.208793 -0.414195 0.910119 -0.011202 -0.720354 -0.335306 -0.607174 0.556357 0.243419 -0.794490
-14.144906 -24.058075 365.871366 -663.430918 -0.532295 0.817527 -0.219800 -0.580152 -0.541359 -0.608567 0.616511 0.196420 -0.762453
43.679373 -20.519315 -13138.666819 1181.931964 -0.719040 0.087325 -0.689461 -0.307563 0.849648 0.428372 0.623207 0.520069 -0.584073
-14.007260 -18.519642 -114.689768 -932.730535 -0.399268 -0.576369 -0.713010 -0.760719 0.642346 -0.093263 0.511753 0.505163 -0.694924
-11.719031 -22.273055 -800.247425 108.528190 0.291272 0.754042 0.588712 0.867008 -0.468156 0.170668 0.404300 0.460707 -0.790121
-0.673944 -29.675401 205.881346 -470.542193 0.700279 0.401531 -0.590239 0.346425 0.531791 0.772780 -0.624179 0.745635 -0.233302
2.514232 -36.211631 -92.797104 -746.171536 0.646062 0.421965 -0.636042 0.360515 0.565795 0.741556 -0.672780 0.708394 -0.213414
2.862362 -41.221759 38.793155 -1013.733732 0.626781 0.422028 -0.655010 0.420547 0.524452 0.740331 -0.655961 0.739488 -0.151234
3.494338 -46.962187 241.205901 -735.148093 0.601123 0.393575 -0.695521 0.600495 0.351815 0.718075 -0.527311 0.849309 0.024855
-1.413010 -74.919191 -32.225891 1249.147533 0.974425 -0.223926 0.018812 0.224132 0.962460 -0.153085 -0.016174 -0.153387 -0.988034
-2.323718 -74.929910 -132.970095 -1001.919302 -0.968686 0.247521 -0.019514 0.246940 0.968624 0.028059 0.025847 0.022362 -0.999416
-2.172583 -77.142239 404.113309 -53.802735 0.980273 -0.192516 0.044752 0.197495 0.945138 -0.260212 -0.007798 -0.263918 -0.964514
-1.689351 -77.148020 -37.149010 1889.656010 0.979617 -0.200177 0.016746 0.190391 0.898669 -0.395152 -0.064051 -0.390286 -0.918463
11.601978 -43.886563 1344.026453 -1900.218950 0.943482 -0.223749 -0.244496 -0.331391 -0.626504 -0.705459 -0.004668 -0.746612 0.665243
12.100184 -43.560884 372.152493 -1727.332155 0.945217 -0.268085 -0.186268 -0.323390 -0.691125 -0.646348 -0.044542 -0.671176 0.739959
7.744280 -51.656241 -680.104673 -1984.134514 0.961915 -0.260577 -0.082583 -0.233386 -0.625624 -0.744396 -0.142307 -0.735319 0.662612
486.115898 -34152.859788 -578893.664324 -38823595.580072 0.956484 -0.200851 0.211655 0.247609 0.942466 -0.224603 0.154366 -0.267237 -0.951186
70.380805 -6133.096539 9061.560002 4781552.513286 0.906106 -0.417851 -0.066122 -0.226350 -0.610892 0.758667 0.357403 0.672466 0.648114
24.441388 -6879.173913 2841.579935 2194573.266803 0.874422 -0.477507 -0.085867 -0.224164 -0.554597 0.801357 0.430276 0.681476 0.591991
-5.671935 -14.861397 283.731304 -869.091716 -0.355322 -0.740615 -0.570294 0.924817 -0.367220 -0.099315 -0.135869 -0.562706 0.815415
-7.492523 -18.590666 53.457810 -716.743707 -0.281295 -0.770032 -0.572646 0.958761 -0.250789 -0.133728 -0.040638 -0.586648 0.808822
28.857043 -26.158547 -3372.925506 -221.427169 0.665116 0.645985 -0.374599 -0.545678 0.078006 -0.834356 0.509760 -0.759354 -0.404383
14.172620 -23.436252 -1367.565524 -288.665515 0.599169 0.645092 -0.474186 -0.590914 -0.043302 -0.805572 0.540201 -0.762877 -0.355249
-9.660486 -39.207323 -2227.157639 3640.719007 0.512970 0.770421 -0.378567 0.838065 -0.544920 0.026637 -0.185767 -0.330927 -0.925191
-14.895956 -45.178206 -254.975476 -502.020325 0.524571 0.807072 -0.271034 -0.798141 0.576987 0.173370 -0.296306 -0.125378 -0.946828
-14.109007 -37.212101 444.326657 4229.516259 0.566789 0.794891 -0.216559 0.818300 -0.573659 0.036051 -0.095574 -0.197644 -0.975604
-16.675139 -45.503645 1216.284613 -712.040773 0.592873 0.785808 -0.176089 -0.769045 0.617351 0.165675 -0.238898 -0.037196 -0.970332
10.335824 -31.276652 1349.053174 -516.431114 0.244241 0.900032 0.360956 -0.304058 -0.282379 0.909841 -0.920812 0.331972 -0.204693
15.493731 -31.583460 246.086826 272.414823 0.136677 0.918798 0.370311 -0.056492 -0.365982 0.928906 -0.989004 0.147879 -0.001883
13.602577 -31.389053 209.043858 -598.755808 0.142763 0.921376 0.361505 -0.250972 -0.319610 0.913708 -0.957409 0.221171 -0.185611
14.948347 -31.322945 1016.186902 360.083499 0.191385 0.913191 0.359797 0.037994 -0.373191 0.926976 -0.980779 0.163739 0.106119
-1.815864 -24.222024 -168.247596 150.646765 0.293165 0.911672 0.287938 -0.127328 -0.261257 0.956835 -0.947545 0.317173 -0.039490
-2.133348 -25.324473 -151.426213 106.849575 0.298035 0.918200 0.260929 -0.258175 -0.185625 0.948098 -0.918978 0.349931 -0.181733
15.741557 -13.979557 1196.367964 -327.432733 -0.196652 0.851801 0.485554 0.980424 0.175813 0.088649 -0.009855 0.493482 -0.869700
15.282213 -14.105382 -621.904990 -35.175950 -0.127231 0.912928 0.387782 0.991771 0.122708 0.036517 -0.014247 0.389237 -0.921028
17.685817 -16.555186 1520.054555 -828.321619 -0.250752 0.830902 0.496714 0.966463 0.185490 0.177603 0.055435 0.524590 -0.849548
22.758236 -19.491017 148.950078 -933.742236 -0.209826 0.894560 0.394634 0.968929 0.136185 0.206472 0.130958 0.425695 -0.895340
10.233110 -51.785099 -495.741667 -688.429428 0.482551 0.748488 0.454875 0.668921 -0.650196 0.360264 -0.565410 -0.130430 0.814432
11.244544 -56.994857 -842.263569 -2176.924204 0.436658 0.741418 0.509539 0.663992 -0.647761 0.373523 -0.606996 -0.175228 0.775146
10.167680 -54.708316 -391.564252 -1662.629559 0.482844 0.734347 0.477070 0.519668 -0.678769 0.518862 -0.704845 0.002612 0.709356
9.902114 -52.812337 -818.524064 1202.727017 0.427921 0.746522 0.509498 0.792550 -0.580908 0.185501 -0.434452 -0.324423 0.840239
10.149864 -51.644795 399.679298 -1246.839081 0.553959 0.731217 0.398060 0.530087 -0.678467 0.508617 -0.641980 0.070746 0.763451
10.088177 -49.503592 1061.686301 -62.813142 0.555636 0.752767 0.353002 0.694127 -0.653704 0.301430 -0.457665 -0.077543 0.885737
-5.925192 -65.236896 454.616111 2046.082649 0.469442 0.713182 0.520573 -0.517909 -0.255094 0.816515 -0.715119 0.652916 -0.249612
-4.467937 -63.705299 -50.214350 1641.129123 0.466607 0.726565 0.504363 -0.521155 -0.234883 0.820504 -0.714616 0.645704 -0.269055
-4.319149 -71.313689 -79.935980 -1598.422222 0.442056 0.737679 0.510310 0.717578 0.050528 -0.694643 -0.538208 0.673258 -0.507006
-5.733134 -58.454408 49.971427 1214.229801 0.468479 0.728408 0.499949 -0.322909 -0.385562 0.864333 -0.822348 0.566360 -0.054582
