19622
39233
-29.026450 -46.084958 -99.181568 4390.705078 0.851396 -0.119887 -0.510638 -0.082423 0.930855 -0.355970 0.518007 0.345160 0.782645
-29.576029 -48.914639 455.567349 2589.680825 0.873969 -0.260520 -0.410253 0.121858 0.934681 -0.333948 0.470456 0.241868 0.848629
-35.602334 -57.574481 -849.562167 3297.525369 0.845837 0.097594 -0.524438 -0.173481 0.980006 -0.097425 0.504445 0.173386 0.845856
-25.235001 -41.037524 111.062067 3168.864068 0.842869 -0.479410 -0.244414 0.290044 0.787315 -0.544068 0.453263 0.387687 0.802653
-34.216332 -62.939366 -979.279239 6578.969015 0.782506 0.223225 -0.581253 -0.325088 0.942655 -0.075628 0.531039 0.248138 0.810201
-25.061290 -60.367018 1806.700991 10537.367552 0.728264 0.176780 -0.662103 -0.374676 0.911679 -0.168699 0.573803 0.370932 0.730178
-20.884767 -38.743785 1228.977522 6133.883758 0.797337 -0.096300 -0.595802 -0.207275 0.883451 -0.420180 0.566825 0.458520 0.684448
-22.049580 -34.881431 160.139288 3483.154135 0.823753 -0.482618 -0.297508 0.221788 0.757250 -0.614314 0.521767 0.440060 0.730826
54.957111 -45.055871 11381.742198 865.447282 0.709370 -0.558548 -0.429906 0.592003 0.141126 0.793483 0.382527 0.817379 -0.430773
49.161660 -40.178219 8972.652784 2130.386610 0.688338 -0.523814 -0.501806 0.577654 -0.022598 0.815969 0.438756 0.851533 -0.287028
73.624646 -50.810324 8827.026324 2395.367097 0.737754 -0.380821 -0.557399 0.625560 0.075282 0.776536 0.253759 0.921579 -0.293766
80.958964 -54.241200 10664.502591 1981.990163 0.762419 -0.401420 -0.507524 0.618880 0.223317 0.753072 0.188959 0.888252 -0.418692
67.734352 -54.307403 14362.425499 2592.712885 0.751597 -0.542413 -0.375354 0.585537 0.286611 0.758288 0.303724 0.789710 -0.533019
34.813856 -46.306912 11797.092015 1134.666058 0.709467 -0.627060 -0.321641 0.569546 0.241371 0.785721 0.415059 0.740632 -0.528384
-5.956764 -44.858164 3274.224448 3207.991247 0.755897 -0.166843 -0.633075 0.425819 -0.609211 0.668985 0.497291 0.775259 0.389455
-31.845207 -83.355257 -12666.804258 -15365.959813 0.778028 0.101073 -0.620045 0.595978 -0.430915 0.677586 0.198701 0.896714 0.395502
-7.294145 -41.630361 3847.859635 -3011.389729 0.803180 -0.264811 -0.533645 0.393431 -0.436859 0.808929 0.447341 0.859668 0.246692
-6.524190 -56.412791 886.196870 -8867.521185 0.873758 -0.302312 -0.380992 0.317840 -0.238012 0.917784 0.368138 0.923016 0.111878
-9.648782 -38.083993 7179.256201 67.914838 0.788972 -0.247410 -0.562416 0.389547 -0.506454 0.769258 0.475160 0.826010 0.303200
25.627731 -13.106038 -1575.836762 -233.620220 0.757941 0.378836 0.531045 0.649996 -0.507303 -0.565816 -0.055049 -0.774033 0.630748
31.823510 -12.344534 -2334.630443 -475.471237 0.872992 0.350393 0.339277 0.487033 -0.588980 -0.644904 0.026143 -0.728236 0.684828
18.958214 -13.224284 533.721575 -463.696193 0.779179 0.421402 0.464005 0.625785 -0.480850 -0.614146 0.035686 -0.768897 0.638376
44.354314 -12.622642 -3650.839565 126.211449 0.878216 0.340569 0.335782 0.478264 -0.626568 -0.615367 -0.000815 -0.701017 0.713144
14.724227 -14.747656 1170.157360 132.296539 -0.627028 -0.430417 -0.649289 0.778663 -0.370674 -0.506245 -0.022778 -0.823008 0.567573
36.502195 -13.966456 -3441.256506 377.703030 0.778127 0.345688 0.524422 0.619482 -0.560263 -0.549861 -0.103733 -0.752732 0.650103
29.706562 -15.302142 3354.542081 -387.359640 -0.649330 -0.376091 -0.661004 0.746259 -0.482549 -0.458524 -0.146520 -0.791014 0.593994
20.122765 -16.196146 1736.293602 -40.169127 -0.556249 -0.426185 -0.713410 0.825653 -0.380800 -0.416279 -0.094255 -0.820584 0.563700
25.422818 -31.241945 -860.809773 -1018.953717 0.923905 0.255315 -0.284980 -0.254459 0.966227 0.040692 0.285745 0.034921 0.957669
25.194439 -32.575957 1513.591739 1546.479291 0.908829 0.229176 -0.348580 -0.222499 0.973105 0.059666 0.352880 0.023332 0.935378
22.366204 -31.774149 -2418.138288 235.488495 0.966096 0.154278 -0.207021 -0.148338 0.987957 0.044009 0.211318 -0.011808 0.977346
19.023999 -34.694083 -3493.071600 -2273.385972 0.960688 0.191518 -0.200994 -0.196999 0.980375 -0.007440 0.195625 0.046743 0.979564
15.082826 -31.915173 2379.803083 -783.312223 -0.625696 -0.765659 0.149235 0.652217 -0.408537 0.638522 -0.427922 0.496855 0.754996
13.194500 -30.439196 1590.263136 -373.573232 -0.610116 -0.769012 0.190733 0.641398 -0.338053 0.688716 -0.465153 0.542532 0.699494
17.460691 -33.425469 892.682631 -653.170603 -0.635614 -0.740179 0.219385 0.669268 -0.386662 0.634487 -0.384806 0.550116 0.741146
-2.014345 -39.079342 -251.412742 -1122.296727 0.868316 -0.475971 -0.139563 0.062765 -0.173672 0.982801 0.492024 0.862142 0.120928
-1.562813 -37.106914 -208.167801 781.479321 0.867104 -0.468391 -0.169530 0.025551 -0.298066 0.954203 0.497472 0.831725 0.246486
-1.933964 -39.959841 86.202279 -47.880397 0.859208 -0.495878 -0.125964 0.021722 -0.210623 0.977326 0.511165 0.842462 0.170198
30.633278 -70.898362 1271.591944 471.069946 0.816806 0.039593 -0.575552 0.572222 0.071353 0.816989 -0.073414 0.996665 -0.035626
36.299935 -73.769162 -988.013412 -3730.671833 0.788703 0.133902 -0.600016 0.553618 0.269679 0.787896 -0.267312 0.953595 -0.138566
39.327792 -66.646698 1313.221780 -2961.505458 0.875222 -0.008066 -0.483654 0.466548 0.278129 0.839629 -0.127746 0.960510 -0.247188
23.766489 -79.148138 -1107.135644 281.534375 0.732568 0.199031 -0.650946 0.664520 -0.001886 0.747268 -0.147502 0.979991 0.133642
21.672321 -71.188409 754.100407 1388.884271 0.764383 0.102223 -0.636607 0.644735 -0.130196 0.753237 0.005886 0.986205 0.165426
25.815244 -67.167627 564.472467 2764.981833 0.829999 0.028822 -0.557019 0.557548 -0.070707 0.827128 0.015546 0.997081 0.074757
2.260449 -86.676991 1655.223902 -6040.207942 0.757102 0.202698 -0.621056 -0.637107 0.018758 -0.770547 0.144539 -0.979062 -0.143342
1.143442 -83.198673 -35.790687 -6278.800327 0.749803 0.196772 -0.631725 -0.636215 -0.047823 -0.770029 0.181731 -0.979282 -0.089331
0.594575 -90.572039 390.281985 -5005.059532 0.755100 0.190487 -0.627327 -0.654761 0.170417 -0.736374 0.033362 -0.966785 -0.253405
7.229012 -13.941253 -2756.367570 -1569.027126 0.655844 0.587212 0.474396 -0.305570 -0.368134 0.878125 -0.690287 0.720874 0.062004
1.501757 -18.435808 -1239.974995 -2095.317924 0.697680 0.626596 0.347303 -0.189387 -0.306223 0.932931 -0.690923 0.716662 0.094976
0.106080 -15.842196 -1121.762673 -1554.723620 0.706674 0.656116 0.264807 -0.142210 -0.234914 0.961557 -0.693100 0.717166 0.072701
-2.408598 -22.095503 -231.371099 -1874.734199 0.719193 0.657754 0.223877 -0.069271 -0.252730 0.965054 -0.691349 0.709568 0.136198
-3.840633 -19.320921 -773.425614 -1861.018425 0.720182 0.680525 0.134995 -0.026542 -0.167410 0.985530 -0.693277 0.713344 0.102503
-3.624779 -15.202240 -1024.551200 -1269.757274 0.719951 0.680930 0.134182 -0.051901 -0.139974 0.988794 -0.692082 0.718847 0.065433
8.438462 -33.525021 -2075.308457 -1624.297371 0.211476 -0.490738 -0.845254 0.922270 0.386495 0.006354 0.323568 -0.780896 0.534327
5.850080 -27.624696 -2027.895624 -882.053280 0.175979 -0.500201 -0.847839 0.954822 0.296256 0.023402 0.239471 -0.813653 0.529738
4.987488 -29.059279 -870.601043 -1694.936844 0.241777 -0.477354 -0.844794 0.929887 0.362722 0.061173 0.277224 -0.800354 0.531583
8.463422 -38.902588 -1366.002751 -2436.164235 0.275428 -0.474539 -0.836033 0.878614 0.477170 0.018611 0.390099 -0.739676 0.548363
-11.408924 -30.937028 -583.116369 -67.495902 -0.394407 -0.117533 0.911389 0.862174 -0.390498 0.322750 0.317962 0.913070 0.255349
-13.065712 -31.623975 -624.202407 -68.397265 -0.495405 -0.073559 0.865542 0.833089 -0.322458 0.449425 0.246042 0.943721 0.221028
-12.867656 -28.600888 -2.186894 -104.217055 -0.381514 -0.163213 0.909840 0.894689 -0.312594 0.319086 0.232331 0.935760 0.265284
-14.231413 -28.021380 260.499347 372.647607 -0.416856 -0.178267 0.891320 0.894766 -0.253162 0.367834 0.160076 0.950857 0.265040
-10.101980 -25.859705 1625.451524 -44.857391 -0.186374 -0.283552 0.940672 0.960190 -0.255355 0.113268 0.208088 0.924333 0.319855
-10.194034 -29.033544 584.103720 -461.418292 -0.221981 -0.241131 0.944764 0.928699 -0.347480 0.129520 0.297055 0.906153 0.301073
-5.867085 -55.849058 568.279206 1571.538686 0.661611 0.043329 -0.748595 -0.419330 0.849013 -0.321464 0.621638 0.526593 0.579885
-5.452959 -60.161822 -680.476802 4221.590981 0.669793 0.088872 -0.737210 -0.398867 0.880478 -0.256249 0.626324 0.465683 0.625186
-5.353926 -59.874775 144.589504 5126.359045 0.661333 0.054566 -0.748105 -0.375728 0.887305 -0.267429 0.649205 0.457943 0.607306
-5.347225 -57.344042 -127.278229 2158.474953 0.661017 0.056819 -0.748217 -0.428722 0.846950 -0.314441 0.615836 0.528628 0.584208
-4.169889 -61.215724 269.640000 4487.733460 0.656270 0.045022 -0.753182 -0.365518 0.892239 -0.265152 0.660080 0.449313 0.602006
-5.406847 -63.043407 909.591846 4075.410396 0.649361 0.087307 -0.755452 -0.264051 0.957470 -0.116316 0.713167 0.275008 0.644797
6.085145 -77.929483 257.889979 -1113.531198 -0.651114 -0.370045 -0.662659 0.735405 -0.523508 -0.430253 -0.187694 -0.767467 0.612997
5.952600 -76.662089 317.738227 883.148005 -0.672959 -0.365392 -0.643129 0.690924 -0.620965 -0.370171 -0.264103 -0.693463 0.670342
5.944710 -72.384347 235.952524 -772.595437 -0.662730 -0.380279 -0.645118 0.734413 -0.498440 -0.460646 -0.146378 -0.779067 0.609613
4.818464 -79.243869 348.505066 -1080.593126 -0.629324 -0.384915 -0.675123 0.777006 -0.327952 -0.537317 -0.014586 -0.862721 0.505470
-0.898525 -63.463010 42.288691 -4382.530929 -0.209644 -0.512457 -0.832729 0.946569 0.107085 -0.304204 0.245064 -0.852010 0.462626
-2.724854 -66.861622 493.410335 -3496.739242 -0.237787 -0.500596 -0.832383 0.923497 0.149060 -0.353461 0.301016 -0.852751 0.426854
-3.678397 -60.481915 886.186036 -825.887392 -0.258720 -0.483004 -0.836523 0.960103 -0.033422 -0.277643 0.106144 -0.874980 0.472381
0.569590 -61.435339 768.611806 -2988.186384 -0.211930 -0.490995 -0.844991 0.970075 -0.000858 -0.242804 0.118490 -0.871162 0.476484
-5.815541 -101.584079 1144.844915 3329.930497 0.480151 0.383285 0.789017 0.748107 0.290745 -0.596492 -0.458029 0.876676 -0.147137
-2.909015 -114.791764 447.160167 2760.646240 0.486191 0.414311 0.769393 0.543112 0.546488 -0.637480 -0.684579 0.727803 0.040680
-2.674357 -106.944755 289.816298 2301.783223 0.454661 0.392169 0.799679 0.733814 0.343910 -0.585869 -0.504778 0.853187 -0.131417
16.340877 -70.068017 -1595.923432 -2943.903311 -0.296969 -0.543667 -0.785007 0.776312 0.341228 -0.530002 0.556011 -0.766804 0.320721
27.816034 -67.713089 -1568.418158 4856.052850 -0.296563 -0.540355 -0.787443 0.563705 0.566533 -0.601063 0.770900 -0.622139 0.136588
24.356444 -73.410520 546.195016 1031.288264 -0.387246 -0.513878 -0.765487 0.655061 0.430908 -0.620656 0.648796 -0.741786 0.169754
0.052900 -215.495618 -1507.320139 9125.751325 0.420826 0.430352 0.798563 0.387737 0.710509 -0.587228 -0.820100 0.556754 0.132137
2.653973 -272.188649 1119.041627 28822.127542 0.462095 0.430511 0.775325 0.093639 0.845692 -0.525392 -0.881873 0.315382 0.350478
-1.448781 -250.016702 -3449.590628 16431.635312 0.422421 0.420301 0.803061 0.040909 0.876247 -0.480123 -0.905476 0.235667 0.352951
-7.025418 -195.231274 -3917.651571 -721.993961 0.423440 0.414128 0.805727 0.287862 0.781796 -0.553110 -0.858973 0.466147 0.211832
-8.517875 -214.546870 -3718.104655 20210.918149 0.443118 0.411440 0.796469 0.015299 0.884857 -0.465611 -0.896333 0.218505 0.385801
-10.483037 -176.802537 3415.460361 13023.288119 0.686159 0.424827 0.590515 -0.280197 -0.594781 0.753475 -0.671324 0.682464 0.289079
-12.327909 -196.029198 896.259351 -23398.629579 0.623686 0.429169 0.653322 0.353131 0.590951 -0.725311 -0.697362 0.683074 0.217015
-21.183849 -163.506935 931.069088 -10462.588000 0.619864 0.427013 0.658352 0.147735 0.760469 -0.632346 -0.770677 0.489231 0.408303
-16.249930 -175.892831 2504.751189 13362.292418 0.675083 0.393109 0.624282 0.125714 0.772532 -0.622406 -0.726952 0.498657 0.472104
2.908231 -70.287898 -701.878473 -1255.986575 0.614932 0.294189 0.731650 -0.421533 -0.661497 0.620267 -0.666460 0.689837 0.282765
3.733107 -67.820793 -834.799410 -997.088841 0.637185 0.285071 0.716052 -0.424630 -0.645495 0.634842 -0.643183 0.708569 0.290250
3.964119 -75.008251 -244.034402 2016.348062 0.634431 0.292568 0.715473 0.296581 0.762628 -0.574838 -0.713819 0.576891 0.397064
-9.902188 -27.628848 615.526418 140.197149 -0.386337 -0.267513 0.882712 0.903603 0.082235 0.420403 -0.185053 0.960039 0.209955
-12.979638 -26.431155 1220.619912 -546.836682 -0.478228 -0.245935 0.843098 0.863640 0.042596 0.502306 -0.159447 0.968350 0.192029
-13.098022 -26.114543 1372.080067 348.088114 -0.396143 -0.245269 0.884824 0.892449 0.123720 0.433852 -0.215881 0.961528 0.169880
-10.705471 -28.588883 961.681838 726.999150 -0.303042 -0.252657 0.918874 0.911909 0.203125 0.356598 -0.276744 0.945994 0.168845
-14.046084 -27.013228 1594.357972 1292.229415 -0.260878 -0.209682 0.942325 0.922591 0.233210 0.307308 -0.284197 0.949551 0.132612
-16.465030 -25.438861 1448.105840 615.636355 -0.354311 -0.201796 0.913095 0.903990 0.175961 0.389666 -0.239302 0.963492 0.120077
-19.088816 -27.491369 78.512279 140.798517 -0.510657 -0.790604 0.337898 0.821293 -0.332273 0.463758 -0.254375 0.514335 0.818995
-17.114280 -27.566938 -325.365560 16.443100 -0.459179 -0.792582 0.401210 0.833618 -0.228372 0.502920 -0.306980 0.565385 0.765573
-17.611355 -29.019575 860.602234 -230.835376 -0.630026 -0.747939 0.208936 0.716725 -0.456457 0.527212 -0.298952 0.481907 0.823646
-20.358940 -28.865254 3.979287 -160.972371 -0.608878 -0.738295 0.290152 0.772073 -0.467569 0.430444 -0.182129 0.486107 0.854710
-15.868736 -30.618932 -1407.071006 -385.173041 0.712620 0.694865 -0.096621 0.640160 -0.587723 0.494749 -0.286998 0.414421 0.863648
-19.939569 -31.119896 -747.680799 -712.735980 0.719355 0.678895 -0.147073 0.661173 -0.604243 0.444680 -0.213023 0.417123 0.883532
-11.268352 -29.575763 -1927.364899 -636.075352 0.682826 0.725951 -0.082116 0.630114 -0.528312 0.569073 -0.369736 0.440320 0.818177
0.066773 -53.680612 141.291583 -5519.405453 0.933275 -0.172144 -0.315222 -0.314288 -0.816228 -0.484762 0.173844 -0.551487 0.815868
-0.384027 -49.751962 115.844264 -949.392992 0.934306 -0.180940 -0.307136 -0.339294 -0.715627 -0.610539 0.109324 -0.674640 0.730006
0.401333 -52.181050 57.238429 -4412.880875 0.935684 -0.172816 -0.307620 -0.315968 -0.798418 -0.512536 0.157034 -0.576770 0.801671
0.496768 -51.843204 237.395452 -1661.614096 0.929616 -0.190103 -0.315712 -0.320474 -0.839995 -0.437842 0.181962 -0.508202 0.841796
1.580099 -51.477031 272.206828 -816.452229 0.933830 -0.186088 -0.305503 -0.316239 -0.828635 -0.461907 0.167195 -0.527954 0.832652
0.108699 -49.914664 -106.873238 -295.495421 0.937046 -0.180050 -0.299210 -0.338995 -0.674696 -0.655643 0.083828 -0.715798 0.693257
1.229441 -50.631164 180.740921 -4748.087601 0.936282 -0.169951 -0.307397 -0.315690 -0.790855 -0.524298 0.154001 -0.587933 0.794115
9.596868 -108.318016 1669.240544 -9265.383533 0.683017 -0.119541 -0.720554 0.525923 -0.604079 0.598743 0.506846 0.787908 0.349726
12.332574 -102.545411 2408.925709 -4321.287092 0.697197 -0.144556 -0.702154 0.532357 -0.551574 0.642154 0.480117 0.821505 0.307600
9.576372 -95.541222 1527.489509 -6451.630159 0.708589 -0.130211 -0.693503 0.601952 -0.401269 0.690389 0.368178 0.906658 0.205954
13.118534 -112.032061 2525.948027 -3919.332992 0.675045 -0.138428 -0.724674 0.398963 -0.757743 0.516385 0.620598 0.637701 0.456283
6.050555 -135.397420 1307.546704 -12190.929444 0.678496 -0.098165 -0.728016 0.416396 -0.765054 0.491231 0.605193 0.636441 0.478210
-13.677755 -29.689088 3364.861344 3575.681759 0.358708 0.136965 -0.923347 0.861833 -0.428571 0.271238 -0.358569 -0.893066 -0.271772
-24.069867 -36.010788 168.908815 2103.138675 -0.084255 0.291717 -0.952787 0.884294 -0.418822 -0.206430 -0.459267 -0.859936 -0.222676
-19.246087 -33.836174 3173.659946 1263.903728 0.359496 0.119479 -0.925466 0.815711 -0.521893 0.249485 -0.453186 -0.844602 -0.285079
-5.404203 -37.050350 7807.722983 1534.543328 0.641177 0.008035 -0.767351 0.654877 -0.526993 0.541678 -0.400036 -0.849832 -0.343157
-19.294931 -218.491088 3591.758198 92634.685454 0.980772 -0.188863 0.049162 0.195117 0.954005 -0.227606 0.003914 -0.232822 -0.972511
14.146537 -45.240666 5081.331147 2231.182385 0.904759 0.221686 -0.363685 -0.387526 0.782765 -0.486932 -0.176734 -0.581493 -0.794123
-10.688132 -66.090920 13367.693654 24176.644575 0.992902 0.023256 0.116639 0.037058 0.871380 -0.489207 0.113014 -0.490057 -0.864333
-15.138490 -107.519030 8998.858667 37166.077534 0.948103 -0.189915 0.255016 0.303823 0.777623 -0.550450 0.093767 -0.599362 -0.794967
-31.284526 -38.736980 -1800.606276 -260.644469 0.789160 -0.575497 0.214545 0.528054 0.457353 -0.715533 -0.313664 -0.677961 -0.664818
-26.372771 -34.825907 -1811.086113 168.626925 0.825278 -0.561195 0.063055 0.408071 0.515433 -0.753530 -0.390377 -0.647602 -0.654383
-27.117111 -38.055943 2453.614178 -1088.237419 -0.558842 0.738169 -0.377892 0.772922 0.298528 -0.559887 -0.300479 -0.604969 -0.737377
-30.287252 -41.670471 2041.688347 -761.581393 -0.502076 0.726053 -0.469858 0.843961 0.292730 -0.449487 -0.188810 -0.622219 -0.759733
-34.188757 -41.961650 -1166.364208 -389.205317 0.738726 -0.569285 0.360830 0.636285 0.412446 -0.651943 -0.222319 -0.711198 -0.666912
10.517079 -33.542979 -2995.093672 739.266293 -0.539958 -0.590741 0.599559 -0.325245 0.803435 0.498706 -0.776313 0.074277 -0.625957
8.292248 -34.740320 -979.586831 378.365395 -0.539267 -0.590048 0.600861 -0.405825 0.807267 0.428516 -0.737901 -0.012760 -0.674789
7.117320 -32.857597 -890.925127 704.306578 -0.546612 -0.580969 0.603068 -0.313724 0.809805 0.495776 -0.776398 0.081800 -0.624912
11.104380 -32.028422 -1841.581803 432.672787 -0.544834 -0.582017 0.603666 -0.246722 0.799296 0.547954 -0.801426 0.149607 -0.579080
9.348121 -31.899810 1038.588496 739.331964 -0.537637 -0.576966 0.614863 -0.251335 0.805734 0.536305 -0.804846 0.133800 -0.578204
14.571758 -39.387865 -6827.566125 1680.024030 -0.661246 0.089102 0.744859 0.744881 0.195683 0.637857 -0.088922 0.976611 -0.195765
23.180544 -37.930398 -8352.342771 492.571224 -0.661104 0.123304 0.740094 0.750283 0.103209 0.653011 0.004134 0.986987 -0.160744
30.462365 -38.894963 6011.887558 1255.330150 0.711439 -0.002616 -0.702743 0.696465 0.136051 0.704576 -0.093766 0.990698 -0.098615
30.555398 -35.295104 -689.173424 944.119168 0.714239 0.145149 -0.684686 0.659039 0.189891 0.727742 -0.235647 0.971017 -0.039969
22.545173 -37.653148 -5783.825536 1125.296003 -0.689020 0.032175 0.724028 0.707700 0.245242 0.662583 -0.156244 0.968928 -0.191747
35.611059 -36.631970 -47.665829 552.083171 0.736760 0.178338 -0.652212 0.647967 0.089383 0.756406 -0.193192 0.979901 0.049704
-7.249464 -24.945217 -695.433370 -979.639988 -0.613943 -0.673896 0.411020 0.724971 -0.275426 0.631314 -0.312235 0.685569 0.657651
-1.869636 -23.137578 -2044.445490 -2005.543323 0.704142 0.654652 -0.274982 0.587524 -0.319688 0.743381 -0.398748 0.685004 0.609729
-2.061820 -23.474167 2543.086336 -495.193285 -0.656727 -0.683799 0.318006 0.681286 -0.357154 0.638976 -0.323354 0.636286 0.700416
-7.007469 -24.735460 1299.677857 -1914.455225 0.693370 0.630092 -0.349603 0.624197 -0.282797 0.728288 -0.360022 0.723194 0.589385
-7.564601 -29.152615 -324.452175 1070.803827 -0.552178 -0.702362 0.449208 0.804603 -0.307764 0.507833 -0.218432 0.641848 0.735063
-7.534562 -28.535608 -929.606709 -291.983051 -0.592311 -0.668217 0.450171 0.764243 -0.289018 0.576542 -0.255148 0.685532 0.681869
-1.562119 -40.013786 1389.685788 -1009.980693 0.542515 0.787448 -0.292580 -0.497517 0.020549 -0.867211 0.676871 -0.616039 -0.402917
-2.500885 -43.589045 815.168088 722.717792 0.567310 0.783750 -0.252775 -0.565211 0.147339 -0.811682 0.598912 -0.603346 -0.526572
-1.604724 -40.748133 945.434798 -847.071448 0.543030 0.788873 -0.287746 -0.444724 -0.020484 -0.895433 0.712277 -0.614215 -0.339708
-3.057152 -39.508976 -215.616538 -444.536538 0.579943 0.751424 -0.314687 -0.522287 0.046499 -0.851501 0.625206 -0.658179 -0.419425
-2.070737 -42.149299 147.478709 -3452.312466 0.569614 0.756972 -0.320209 -0.397048 -0.087689 -0.913599 0.719647 -0.647537 -0.250605
-7.552492 -61.153025 2042.163527 -4816.375068 -0.631071 -0.665502 0.398568 0.713330 -0.295965 0.635267 -0.304810 0.685209 0.661498
-4.011310 -60.555292 654.824614 -4123.215940 -0.662935 -0.638714 0.390591 0.696027 -0.333607 0.635809 -0.275796 0.693362 0.665722
-7.929208 -67.159604 1235.654649 724.294401 -0.650920 -0.646738 0.397535 0.751350 -0.473981 0.459147 -0.108524 0.597556 0.794449
-2.691121 -63.355061 306.375818 -1475.267065 -0.683714 -0.621160 0.383009 0.707542 -0.435766 0.556320 -0.178661 0.651359 0.737436
-10.559500 -67.612979 1317.116697 -1116.600320 -0.621655 -0.653223 0.432256 0.766500 -0.393661 0.507454 -0.161318 0.646785 0.745416
-12.110384 -70.472364 1014.097040 2868.505437 -0.611764 -0.650211 0.450523 0.789810 -0.533821 0.302051 0.044102 0.540612 0.840115
-6.800071 -64.789568 1020.233503 2999.472782 -0.638598 -0.659856 0.395956 0.768458 -0.574080 0.282672 0.040788 0.484790 0.873679
-10.278224 -66.870984 1041.264081 2872.986494 -0.621405 -0.658688 0.424247 0.781461 -0.560004 0.275161 0.056335 0.502519 0.862729
-4.003988 -64.787132 201.837231 2875.524942 -0.661123 -0.635478 0.398854 0.750224 -0.566257 0.341345 0.008936 0.524901 0.851116
9.983820 -85.903840 2305.623225 2968.295951 0.449360 0.719544 -0.529464 0.602348 -0.681723 -0.415247 0.659736 0.132326 0.739755
14.618510 -87.205988 -1486.578635 -1251.332378 0.478677 0.751607 -0.453822 0.761391 -0.612746 -0.211721 0.437209 0.244190 0.865575
14.781253 -86.308918 394.297286 -3261.923745 0.486406 0.715081 -0.502065 0.778719 -0.615386 -0.122049 0.396239 0.331602 0.856175
20.082672 -86.123987 2065.750820 -5410.659856 -0.469708 -0.759448 0.450127 0.863959 -0.500270 0.057493 0.181522 0.415896 0.891112
7.602430 -84.273286 2565.233222 -419.674142 0.478060 0.698557 -0.532425 0.668991 -0.682383 -0.294625 0.569130 0.215339 0.793549
9.133494 -82.893838 -3104.861436 -3591.808339 -0.495555 -0.677341 0.543722 0.784006 -0.618255 -0.055637 0.373844 0.398710 0.837419
18.228260 -83.912762 -374.862352 -5096.671162 -0.482327 -0.714440 0.506889 0.858015 -0.501926 0.108993 0.176552 0.487489 0.855093
-2.852060 -67.081768 142.580425 108.185304 -0.770912 -0.579523 0.264286 -0.377628 0.749994 0.543053 -0.512924 0.318844 -0.797024
-3.704758 -69.725078 -130.855985 1395.290145 -0.773331 -0.580341 0.255273 -0.413900 0.767124 0.490109 -0.480256 0.273359 -0.833444
-3.303941 -67.862090 -615.143325 384.532892 -0.759058 -0.604411 0.241905 -0.501370 0.779743 0.375005 -0.415281 0.163367 -0.894904
-2.314801 -64.898974 166.486429 -337.091228 -0.756564 -0.595543 0.270073 -0.480078 0.786274 0.388971 -0.444000 0.164626 -0.880774
1.339802 -35.030270 408.575226 2331.626038 0.509349 0.837839 -0.196443 0.860411 -0.491569 0.134358 0.016005 -0.237457 -0.971266
2.923447 -33.774333 1003.338639 113.618828 0.531856 0.826810 -0.183069 0.845638 -0.507059 0.166695 0.044998 -0.243468 -0.968865
0.835850 -40.542592 376.813778 -2557.007269 0.567190 0.803997 -0.178562 0.822112 -0.539737 0.181149 0.049267 -0.249544 -0.967109
-0.196456 -38.214761 -234.379037 1944.521516 0.509334 0.834912 -0.208569 0.860462 -0.497914 0.108109 -0.013588 -0.234529 -0.972014
2.063828 -36.900501 -3931.943039 1705.349765 0.680530 0.550073 -0.484044 -0.246458 0.793965 0.555768 0.690027 -0.258920 0.675887
-2.586560 -41.044605 -2184.311851 941.344729 0.663450 0.572578 -0.481652 -0.156108 0.735491 0.659305 0.731754 -0.362226 0.577346
-7.957629 -40.739590 189.310124 1637.397642 0.613912 0.667151 -0.421927 -0.277525 0.682802 0.675841 0.738980 -0.297812 0.604331
-9.469444 -40.828404 813.125360 -1001.349095 0.577186 0.709677 -0.404000 0.281035 -0.637131 -0.717693 0.766731 -0.300704 0.567187
-3.589620 -36.357532 -1145.354217 1760.562317 0.626332 0.651789 -0.427644 -0.349813 0.725233 0.593016 0.696663 -0.221829 0.682241
3.905102 -15.648093 -682.966470 -1017.312981 0.966495 0.137789 0.216568 0.254198 -0.396622 -0.882085 0.035647 -0.907582 0.418359
2.521596 -21.820501 -281.156279 -2137.786127 0.998145 0.026468 -0.054835 -0.041199 -0.369546 -0.928299 0.044834 -0.928835 0.367770
2.240095 -11.772438 -593.608690 -1504.112779 0.976818 0.107210 0.185288 0.212575 -0.383691 -0.898662 0.025252 -0.917217 0.397587
4.403027 -22.908073 -230.410091 -1438.095570 0.990587 0.105399 0.087338 0.123241 -0.409060 -0.904147 0.059569 -0.906400 0.418199
8.463225 -16.979031 574.063018 360.320084 0.889557 0.236910 0.390592 0.456109 -0.412775 -0.788404 0.025554 -0.879483 0.475244
-8.238545 -59.807785 -817.619220 -635.623882 0.632319 0.682687 -0.366212 -0.054385 0.510660 0.858061 -0.772797 0.522652 -0.360027
-8.591342 -61.487996 33.110148 -686.065849 0.631834 0.684749 -0.363188 0.085131 0.404426 0.910600 -0.770415 0.606267 -0.197236
-9.816363 -60.946547 -973.653325 -1134.442572 0.633102 0.677894 -0.373686 0.067609 0.432485 0.899103 -0.771110 0.594489 -0.227975
3.910192 -150.018483 394.954565 -11403.429278 0.884956 0.443008 -0.143514 -0.433609 0.896294 0.092956 0.169811 -0.020033 0.985273
4.408343 -140.593139 -6.695721 -10836.035187 0.892709 0.422543 -0.156617 -0.400547 0.903266 0.153858 0.206478 -0.074618 0.975602
2.063732 -125.819922 260.659508 -11783.798504 0.904590 0.395528 -0.158980 -0.319718 0.876180 0.360679 0.281954 -0.275437 0.919041
5.024621 -160.694144 456.470264 7085.132607 0.872443 0.458675 -0.168701 0.482254 -0.863937 0.145065 0.079209 0.207918 0.974934
2.763014 -121.757238 -532.260840 8800.636924 0.906297 0.405092 -0.120523 0.339772 -0.867940 -0.362265 0.251357 -0.287370 0.924250
4.265369 -161.978459 -399.909930 4162.492508 0.864217 0.486637 -0.127723 0.502310 -0.820173 0.273863 -0.028517 0.300834 0.953250
-4.155964 -82.232306 1246.272424 3430.519456 0.728691 0.655393 -0.198670 0.304700 -0.570068 -0.763008 0.613325 -0.495462 0.615101
-2.943833 -75.837372 1173.336705 1835.866774 0.726286 0.652590 -0.215953 0.176574 -0.480739 -0.858902 0.664327 -0.585677 0.464384
-0.779819 -74.717743 1692.737004 2843.497454 0.717273 0.661767 -0.218135 0.225824 -0.516937 -0.825700 0.659183 -0.542992 0.520228
-1.367074 -80.475684 1050.561678 4692.377238 0.725613 0.657366 -0.203364 0.336931 -0.597115 -0.727964 0.599970 -0.459700 0.654761
21.747732 -54.002882 3003.149699 -175.868502 0.745588 0.657637 -0.107761 0.148348 -0.006142 0.988916 -0.649686 0.753310 0.102139
16.538294 -54.381273 2641.467489 161.206233 0.743176 0.646358 -0.172948 0.087098 0.162828 0.982803 -0.663403 0.745459 -0.064714
11.877186 -58.563213 4450.392814 -840.973805 0.780622 0.596633 -0.186168 0.150241 0.110003 0.982511 -0.606677 0.794940 0.003768
10.498560 -56.488132 3282.358833 -158.530973 0.759402 0.614621 -0.213424 0.072793 0.245708 0.966607 -0.646537 0.749579 -0.141851
15.877460 -60.717306 4898.432787 -1109.264944 0.799460 0.587927 -0.123309 0.221622 -0.097875 0.970208 -0.558343 0.802971 0.208545
3.298906 -61.069527 3655.039424 -1443.872529 0.785983 0.589686 -0.185747 0.206156 0.033267 0.977953 -0.582864 0.806947 0.095420
4.269720 -58.216289 3368.777860 -677.767625 0.774967 0.587876 -0.232008 0.085159 0.266621 0.960032 -0.626238 0.763751 -0.156560
1.417926 -59.804143 3290.630240 -1043.442684 0.776620 0.590725 -0.218875 0.147642 0.167087 0.974825 -0.612424 0.789383 -0.042548
0.424474 -205.536150 631.183286 26478.096632 -0.879805 -0.356831 0.314029 -0.343389 0.933942 0.099177 -0.328675 -0.020577 -0.944219
2.269852 -178.688533 1140.940871 9579.961845 -0.847886 -0.420393 0.323046 -0.295823 0.880777 0.369757 -0.439975 0.217948 -0.871161
1.743729 -159.969656 160.985044 9348.328310 -0.853274 -0.424431 0.302956 -0.310256 0.880162 0.359243 -0.419124 0.212539 -0.882702
3.106957 -213.049452 2264.550693 20552.113151 -0.863713 -0.356864 0.355876 -0.350127 0.932782 0.085610 -0.362506 -0.050659 -0.930604
-1.864559 -199.306036 464.275979 24337.983703 -0.871765 -0.369118 0.322146 -0.335477 0.928948 0.156557 -0.357045 0.028409 -0.933655
-1.589386 -232.720321 -302.289003 22164.789850 0.897547 0.324079 -0.298968 -0.402368 0.879300 -0.254816 -0.180302 -0.349005 -0.919612
2.142178 -245.028259 -619.497172 36646.068859 0.890661 0.328466 -0.314377 -0.407095 0.884035 -0.229686 -0.202476 -0.332554 -0.921092
-42.196061 -180.700849 12831.022448 -39450.201091 0.864335 0.502895 0.004663 0.218205 -0.383353 0.897456 -0.453114 0.774685 0.441080
-44.502418 -280.203376 9627.362413 -49208.107871 0.846014 0.525313 -0.091144 0.404415 -0.520876 0.751756 -0.347432 0.672855 0.653113
-14.295299 -160.261792 3736.671403 -15582.112616 0.914679 0.403211 0.027976 0.261180 -0.642469 0.720429 -0.308459 0.651655 0.692964
-22.406034 -135.869813 1422.106368 -19681.909935 0.901895 0.430069 0.040321 0.168618 -0.436467 0.883779 -0.397685 0.790277 0.466165
-13.184430 -29.885993 5.382970 1040.957574 0.669843 0.266081 -0.693190 0.408648 0.647362 0.643374 -0.619934 0.714230 -0.324897
-11.907319 -28.188390 -536.937357 948.721141 0.647132 0.297008 -0.702144 0.422166 0.627289 0.654435 -0.634819 0.719927 -0.280552
-12.789070 -26.228366 -63.033385 918.966599 0.645350 0.249657 -0.721938 0.489192 0.590795 0.641601 -0.586698 0.767224 -0.259139
-8.749608 -25.551807 -1588.694778 234.499525 -0.724785 -0.155769 0.671136 0.260793 0.839599 0.476509 -0.637710 0.520394 -0.567905
-5.857402 -28.611826 -1602.747710 -332.996877 -0.741178 -0.165536 0.650579 0.276371 0.807940 0.520435 -0.611779 0.565536 -0.553078
-9.032994 -25.893242 -1081.903806 -11.937816 -0.756752 -0.251840 0.603244 0.125313 0.849810 0.511976 -0.641579 0.463033 -0.611537
-8.050150 -28.375588 -1454.680314 -261.652368 -0.686979 -0.095755 0.720341 0.378674 0.798879 0.467331 -0.620214 0.593821 -0.512554
-10.687311 -25.133560 -694.848359 -522.567592 -0.697803 -0.151236 0.700142 0.229328 0.878836 0.418397 -0.678586 0.452521 -0.578572
-11.152745 -25.573364 -442.238497 -92.571203 -0.659585 -0.108842 0.743708 0.331779 0.845686 0.418017 -0.674441 0.522464 -0.521690
18.228558 -22.084290 -1384.406231 374.700674 0.478100 0.759131 -0.441747 0.420335 0.243857 0.873987 -0.771193 0.603535 0.202501
21.331220 -26.327082 623.072907 308.527952 0.532471 0.685897 -0.496004 0.417385 0.297028 0.858816 -0.736386 0.664319 0.128124
19.573897 -25.282995 523.566417 331.112993 0.571893 0.687492 -0.447540 0.438356 0.205023 0.875105 -0.693384 0.696649 0.184115
-9.027904 -31.270121 1654.091552 1082.427343 -0.549102 -0.608730 0.572657 -0.723979 0.688777 0.037964 -0.417543 -0.393745 -0.818916
-8.413428 -29.354196 -364.797133 39.955516 0.526170 0.666482 -0.528154 -0.744296 0.661336 0.093045 -0.411300 -0.344146 -0.844035
-8.961960 -29.999566 -787.279484 1482.147852 0.525297 0.661954 -0.534677 -0.755215 0.652197 0.065484 -0.392062 -0.369398 -0.842516
-9.262459 -28.383795 959.938285 -595.835467 0.550852 0.677271 -0.487715 0.759957 -0.648593 -0.042339 -0.345003 -0.347319 -0.871976
-9.809384 -29.943390 -193.720640 2548.164679 -0.546870 -0.493644 0.676201 -0.476227 0.847699 0.233698 -0.688579 -0.194223 -0.698668
-9.876499 -30.146817 -133.597895 574.515450 -0.567328 -0.468782 0.677040 -0.521202 0.840935 0.145519 -0.637564 -0.270318 -0.721416
-11.735675 -30.991424 -989.311497 527.411190 -0.554004 -0.461836 0.692667 -0.514060 0.844226 0.151735 -0.654844 -0.272010 -0.705117
-10.275389 -31.607348 -189.655155 -655.306620 -0.567371 -0.450365 0.689393 -0.584542 0.809940 0.048037 -0.580000 -0.375725 -0.722793
-351.740413 -779.055429 44446.949909 -147722.315496 -0.688381 0.722617 -0.062890 -0.521099 -0.552991 -0.650121 0.504566 0.414760 -0.757223
-140.357967 -1981.301920 81261.430759 -368622.600059 -0.371793 0.852962 0.366369 -0.822075 -0.485850 0.296887 -0.431234 0.190802 -0.881834
-676.335087 -1219.306609 -165740.925997 363587.353316 -0.560887 0.329134 -0.759656 0.501521 0.865134 0.004539 0.658698 -0.378438 -0.650309
-102.725847 -246.242963 -29208.949240 58179.453403 -0.696089 0.155548 -0.700903 -0.143751 0.926284 0.348330 0.703417 0.343224 -0.622416
-26.934915 -65.936330 2318.491467 -13129.837946 -0.524915 0.840739 -0.132747 -0.421781 -0.392399 -0.817389 0.739300 0.373070 -0.560584
5.321722 -79.728085 1552.020786 10342.708000 -0.153254 0.516975 0.842170 -0.332439 0.775592 -0.536601 -0.930590 -0.362206 0.053000
11.555699 -64.984913 580.558024 4064.476390 -0.132343 0.410932 0.902009 -0.200197 0.880177 -0.430359 -0.970776 -0.237535 -0.034218
7.179838 -54.903342 -100.928735 2538.823946 -0.082187 0.375763 0.923064 -0.238131 0.891966 -0.384306 -0.967749 -0.251395 0.016173
0.414545 -82.651000 418.832083 21845.032061 -0.142217 0.858783 0.492206 -0.591035 0.325209 -0.738185 0.794010 0.395893 -0.461320
-2.907194 -80.701007 410.505397 20635.071776 -0.153213 0.871490 0.465865 -0.606066 0.289488 -0.740865 0.780519 0.395855 -0.483827
-1.556523 -28.383476 1011.764021 8047.908978 -0.199056 0.883284 0.424484 -0.625173 0.219109 -0.749099 0.754675 0.414489 -0.508590
3.262978 -45.207466 1827.751112 11602.144553 -0.159907 0.848647 0.504210 -0.609520 0.316895 -0.726679 0.776476 0.423528 -0.466593
-10.044588 -33.872880 62.684414 2782.289108 -0.720765 -0.579453 0.380438 -0.452326 0.809041 0.375305 -0.525261 0.098424 -0.845230
-11.707827 -32.306976 -526.050061 2357.684057 -0.718716 -0.567019 0.402415 -0.421340 0.815564 0.396647 -0.553101 0.115523 -0.825066
-9.998147 -32.313955 -387.321133 3018.794534 -0.739848 -0.557223 0.376999 -0.381062 0.808891 0.447758 -0.554452 0.187613 -0.810793
-11.593562 -33.553529 87.590624 984.259452 -0.706709 -0.571661 0.416853 -0.478960 0.820211 0.312813 -0.520731 0.021412 -0.853453
-33.376114 -54.831062 466.037035 778.306096 0.881602 -0.179716 -0.436440 0.125117 0.980577 -0.151045 0.455108 0.078556 0.886964
-28.810011 -52.053449 759.543578 1537.081695 0.891315 -0.324122 -0.317022 0.231230 0.926434 -0.297075 0.389988 0.191483 0.900691
-27.314959 -47.201422 386.754946 3194.643226 0.875694 -0.410813 -0.253759 0.281898 0.861616 -0.422081 0.392039 0.298080 0.870318
60.647873 -40.789788 5870.758764 1967.956926 0.689008 -0.336754 -0.641767 0.645869 -0.116445 0.754515 0.328816 0.934365 -0.137267
-20.717520 -58.676159 -10714.362261 6498.697585 0.710843 0.150981 -0.686954 0.572645 -0.691329 0.440616 0.408387 0.706590 0.577885
0.432221 -272.491675 -2806.407980 80450.485723 0.885309 -0.272358 -0.376894 0.070292 -0.722820 0.687452 0.459659 0.635100 0.620775
-50.136998 -157.379350 -18403.693601 -6474.959031 0.832217 0.041318 -0.552909 0.517112 -0.417601 0.747131 0.200025 0.907691 0.368901
-49.127962 -281.276476 12548.079624 -107658.264463 -0.604652 -0.015193 0.796345 0.795497 0.038379 0.604741 -0.039751 0.999148 -0.011120
27.359207 -12.967757 -2196.598691 -587.777824 0.903652 0.329090 0.274066 0.423038 -0.586221 -0.690930 0.066715 -0.740301 0.668957
49.800135 -15.608043 -6653.368563 418.055771 0.944266 0.293269 0.149518 0.312017 -0.652606 -0.690472 0.104918 -0.698641 0.707738
22.604020 -35.569516 3582.000967 1057.767765 0.848219 0.289897 -0.443266 -0.273200 0.956455 0.102739 0.453748 0.033955 0.890483
26.278568 -36.657967 707.475973 2254.911978 0.932812 0.157907 -0.323926 -0.122125 0.984213 0.128099 0.339040 -0.079933 0.937370
24.324392 -38.134311 2881.065093 300.185139 0.863217 0.270389 -0.426316 -0.186085 0.955430 0.229187 0.469284 -0.118507 0.875059
10.000958 -37.353874 3471.995764 -287.400700 0.800461 0.370935 -0.470817 -0.309474 0.928471 0.205345 0.513310 -0.018665 0.858000
8.926269 -28.943631 -1711.021289 -718.699585 0.620945 0.770636 -0.143345 0.608405 -0.358528 0.708026 -0.494237 0.526857 0.691485
9.255466 -26.997553 1566.355980 -569.678378 -0.595129 -0.781380 0.187796 0.603786 -0.280538 0.746150 -0.530343 0.557444 0.638743
12.233642 -28.821729 1612.296677 -568.308055 -0.580019 -0.779486 0.236600 0.623904 -0.238339 0.744271 -0.523757 0.579307 0.624565
0.874196 -33.164350 -543.627784 -1995.923167 0.833012 -0.496817 -0.243443 -0.185972 -0.665860 0.722526 0.521062 0.556599 0.647064
0.422680 -35.638565 -407.540421 -74.544810 0.835929 -0.488156 -0.250851 -0.148516 -0.641201 0.752864 0.528361 0.592086 0.608497
0.215081 -33.594164 -459.208762 -2152.459412 0.830404 -0.506958 -0.231135 -0.200107 -0.658533 0.725460 0.519987 0.556173 0.648294
1.075287 -35.844746 -217.882262 34.244017 0.836269 -0.481507 -0.262306 -0.140266 -0.650325 0.746594 0.530074 0.587561 0.611386
0.898270 -32.849475 260.628677 -1944.293458 0.832364 -0.483532 -0.270861 -0.165315 -0.683078 0.711389 0.528999 0.547358 0.648505
2.089162 -98.644150 -1268.244635 -2088.442625 0.763779 0.174735 -0.621376 -0.639112 0.339582 -0.690087 -0.090426 -0.924203 -0.371041
2.909671 -97.305036 779.844795 -85.781324 0.778317 0.206212 -0.593042 -0.620360 0.398233 -0.675695 -0.096833 -0.893805 -0.437877
2.601076 -104.469051 -862.587364 1976.091405 0.772200 0.171172 -0.611889 -0.574544 0.599323 -0.557414 -0.271305 -0.781992 -0.561143
2.072462 -88.008276 -128.083015 -5957.030575 0.767592 0.189156 -0.612391 -0.631237 0.057489 -0.773457 0.111098 -0.980263 -0.163531
2.486495 -104.244128 -1585.676041 317.969080 0.763130 0.162130 -0.625577 -0.607980 0.508269 -0.609937 -0.219072 -0.845800 -0.486447
1.184534 -96.279296 -759.881007 -4559.517505 0.754884 0.189428 -0.627907 -0.655704 0.238781 -0.716266 -0.014252 -0.952418 -0.304460
1.090162 -87.752340 -451.199046 -5408.242011 0.759476 0.193157 -0.621197 -0.645945 0.110679 -0.755318 0.077141 -0.974906 -0.208826
2.481135 -77.000595 1399.144410 -3990.452607 0.741797 0.187650 -0.643836 -0.618152 -0.180959 -0.764946 0.260050 -0.965423 0.018238
0.914180 -69.498248 782.742241 -3328.030733 0.733648 0.188863 -0.652756 -0.602212 -0.264309 -0.753314 0.314802 -0.945765 0.080174
1.243176 -68.724595 -483.722437 -4981.282622 0.755884 0.187328 -0.627334 -0.585295 -0.236018 -0.775709 0.293375 -0.953522 0.068760
-4.110817 -22.798036 -1005.993578 984.791590 0.662171 0.651947 0.369453 0.042961 -0.525246 0.849865 -0.748121 0.546884 0.375811
-0.416284 -24.851686 -2001.872564 -498.799153 0.643529 0.527606 0.554529 0.165008 0.611814 -0.773600 -0.747424 0.589336 0.306661
-0.857008 -19.852709 -2309.209950 -2316.210084 0.629967 0.539462 0.558678 0.106399 0.652636 -0.750164 -0.769299 0.532021 0.353741
-3.736503 -26.950994 -1125.854345 108.720228 0.677635 0.599954 0.425284 -0.070444 -0.522690 0.849608 -0.732017 0.605682 0.311929
-2.244529 -13.624487 -1511.358166 -766.506469 0.573280 0.813753 0.095691 0.294683 -0.313743 0.902622 -0.764534 0.489257 0.419662
3.520413 -24.629869 -504.182878 -1543.569118 0.180998 -0.480659 -0.858025 0.963867 0.260074 0.057634 0.195448 -0.837453 0.510365
6.774578 -24.753228 -1560.555888 -694.372449 0.062456 -0.515586 -0.854559 0.983881 0.175559 -0.034013 0.167562 -0.838660 0.518240
4.880037 -22.013458 -731.394260 -1029.644827 -0.048584 -0.508792 -0.859518 0.995552 0.044880 -0.082840 0.080723 -0.859719 0.504348
1.987520 -19.280491 -420.784567 -1597.771838 0.054449 -0.500117 -0.864244 0.991310 0.130874 -0.013280 0.119748 -0.856011 0.502897
7.479106 -25.732574 -1702.617722 -606.963756 -0.007814 -0.510248 -0.859992 0.994631 0.084780 -0.059338 0.103187 -0.855838 0.506847
11.511467 -28.466258 -1807.065198 384.692395 0.013064 -0.495159 -0.868704 0.985258 0.154581 -0.073294 0.170577 -0.854940 0.489878
-3.851626 -40.393081 -818.226409 297.069678 0.964315 -0.200385 -0.173040 -0.088611 0.371616 -0.924148 -0.249490 -0.906503 -0.340599
-2.771131 -39.686685 8.964052 -162.592502 0.973908 -0.165626 -0.155146 -0.076548 0.403829 -0.911626 -0.213642 -0.899717 -0.380614
-3.012724 -41.714960 175.510473 687.634276 0.972917 -0.152809 -0.173439 -0.113051 0.339902 -0.933641 -0.201621 -0.927963 -0.313421
-4.378567 -42.591062 -964.498156 515.105747 0.961277 -0.198757 -0.190897 -0.136487 0.258412 -0.956344 -0.239410 -0.945367 -0.221278
-2.322218 -38.913168 -242.514711 221.942899 0.969947 -0.193411 -0.147631 -0.062922 0.386722 -0.920047 -0.235039 -0.901686 -0.362930
-10.908881 -33.499701 -157.507222 105.912218 -0.506121 -0.037772 0.861635 0.802187 -0.387540 0.454213 0.316761 0.921079 0.226443
-12.982282 -32.727779 -586.367852 -126.058080 -0.559395 -0.027823 0.828434 0.799411 -0.282326 0.530315 0.219133 0.958915 0.180174
0.193927 -76.925198 48.860077 -5023.834226 -0.217034 -0.512546 -0.830778 0.879369 0.266833 -0.394349 0.423801 -0.816147 0.392805
