13775
27542
-39.406612 -61.997999 -762.389754 8073.754082 0.300083 0.951702 0.064908 0.795566 -0.212146 -0.567511 0.526332 -0.221939 0.820803
-46.930604 -74.529523 -146.666805 5214.106730 0.256011 0.965591 0.045749 0.886656 -0.215703 -0.409039 0.385096 -0.145282 0.911369
-33.659002 -88.325909 -2945.816480 12788.027115 0.054044 0.971325 0.231532 0.910224 0.047418 -0.411392 0.410575 -0.232979 0.881561
-43.453900 -66.612243 -1341.865622 6003.607202 0.522130 0.827359 -0.207018 0.698430 -0.554101 -0.452955 0.489465 -0.091914 0.867165
-25.294757 -70.880196 -5335.801015 13131.418420 0.156047 0.947599 0.278756 0.825187 0.030041 -0.564061 0.542878 -0.318046 0.777258
-30.070978 -49.145660 -3494.855455 6840.651541 0.359459 0.928604 0.092109 0.707077 -0.206627 -0.676275 0.608960 -0.308221 0.730868
-35.843113 -50.606482 -1170.903365 4953.935940 0.570579 0.789975 -0.224452 0.578638 -0.580661 -0.572722 0.582767 -0.196907 0.788423
-50.216354 -75.233771 -561.624860 -1606.722864 -0.579999 -0.398290 0.710610 0.729534 -0.642102 0.235553 0.362465 0.655034 0.662985
-48.692925 -72.738598 -523.196276 -133.300750 -0.516250 -0.303819 0.800737 0.794865 -0.518074 0.315895 0.318866 0.799559 0.508950
-51.736977 -73.657705 -1116.265388 526.539514 -0.515955 -0.452982 0.727048 0.821558 -0.501998 0.270259 0.242554 0.736754 0.631159
-46.127940 -81.040439 -990.625355 9479.538885 0.528281 0.841794 0.110913 -0.756715 0.526032 -0.388165 0.385099 -0.121130 -0.914891
-44.883955 -69.231456 354.354897 5457.367922 0.557609 0.814989 0.157684 -0.772016 0.578957 -0.262299 0.305063 -0.024526 -0.952016
-50.932920 -83.130591 -2427.903563 10615.994717 0.424037 0.882898 0.201704 -0.812589 0.469246 -0.345699 0.399866 0.017314 -0.916410
35.857512 -57.445731 -1096.309759 9472.724437 -0.498173 -0.740046 -0.451835 0.864893 -0.461082 -0.198401 -0.061507 -0.489627 0.869760
29.301135 -74.006154 -264.501965 4178.482064 -0.521420 -0.718809 -0.459821 0.819894 -0.571345 -0.036584 -0.236419 -0.396080 0.887258
31.386012 -65.998117 -2649.213708 6217.306338 -0.484897 -0.790457 -0.374236 0.868057 -0.487126 -0.095838 -0.106544 -0.371330 0.922368
33.780016 -50.266818 -4740.615066 9129.970968 -0.469076 -0.811162 -0.349262 0.882344 -0.413466 -0.224754 0.037903 -0.413596 0.909671
21.246323 -61.401901 -4158.771172 4972.671142 -0.465012 -0.834921 -0.294401 0.882894 -0.461878 -0.084660 -0.065293 -0.299293 0.951925
23.593449 -69.978259 -2547.019347 2233.863443 -0.472961 -0.820176 -0.321899 0.854046 -0.516567 0.061342 -0.216593 -0.245904 0.944785
-6.317568 -52.368205 -1584.833684 -1396.770795 0.622650 0.763299 -0.172284 0.676952 -0.635878 -0.370670 0.392483 -0.114170 0.912646
-3.846484 -51.128957 -2111.760246 -1185.257057 0.656960 0.737770 -0.155240 0.714999 -0.674997 -0.182085 0.239124 -0.008626 0.970951
-2.331818 -53.331836 -1878.696993 -1574.647326 0.649435 0.746168 -0.146519 0.665966 -0.651117 -0.364054 0.367047 -0.138853 0.919781
-10.464029 -53.235429 -1213.463660 -979.072034 0.610712 0.762334 -0.214191 0.696943 -0.645882 -0.311619 0.375900 -0.041031 0.925751
-4.286586 -55.234515 -1429.161842 -737.584112 0.642068 0.748535 -0.165662 0.571549 -0.611382 -0.547306 0.510961 -0.256723 0.820373
-9.790168 -55.565130 -935.211151 -746.528054 0.604720 0.770654 -0.201015 0.597047 -0.605692 -0.525996 0.527114 -0.198065 0.826390
2.207519 -46.230040 -825.784293 282.556619 0.418916 0.767348 -0.485476 -0.601460 0.635035 0.484744 -0.680261 -0.088927 -0.727555
0.304868 -45.060990 -388.302468 10.096025 0.416279 0.772403 -0.479693 -0.589810 0.630913 0.504057 -0.691980 -0.073099 -0.718207
1.444751 -46.514913 -419.296154 -90.162229 0.436931 0.755884 -0.487577 -0.681599 0.631938 0.368886 -0.586954 -0.171154 -0.791323
3.604906 -48.228411 -594.193885 399.578949 0.446700 0.751035 -0.486216 -0.688719 0.635537 0.348939 -0.571074 -0.178995 -0.801146
2.899275 -49.196101 -322.494584 73.121035 0.466993 0.737518 -0.487838 -0.748993 0.623164 0.225116 -0.470030 -0.260259 -0.843408
0.655545 -47.181160 -388.732492 -41.252196 0.453283 0.742255 -0.493551 -0.741848 0.621106 0.252764 -0.494163 -0.251566 -0.832176
-15.670155 -117.516639 -4759.128644 -8430.421477 -0.142087 0.952369 0.269822 0.372884 -0.201009 0.905844 -0.916935 -0.229321 0.326563
-22.919434 -135.239430 -3641.504954 -1534.553713 -0.141807 0.966551 0.213704 0.612844 -0.083815 0.785746 -0.777376 -0.242392 0.580459
-29.075540 -129.736459 -2606.505215 -11134.211059 -0.087615 0.983567 0.157861 0.357940 -0.116803 0.926410 -0.929625 -0.137672 0.341824
-21.800275 -109.617525 -3046.000737 -16968.371156 -0.063740 0.971975 0.226280 0.074853 -0.221446 0.972296 -0.995155 -0.078912 0.058641
-3.419230 -59.066914 11.664574 -1244.304416 0.331406 0.884008 -0.329696 -0.422206 0.451455 0.786085 -0.843749 0.121314 -0.522849
-3.402990 -58.804855 226.223871 -1541.277122 0.352211 0.874369 -0.333806 -0.408335 0.464486 0.785821 -0.842146 0.140470 -0.520633
-2.435910 -57.365794 308.547971 -721.505366 0.349485 0.872717 -0.340918 -0.545398 0.485353 0.683354 -0.761840 0.052886 -0.645602
-3.936324 -64.192742 -87.206454 -2323.093595 0.337765 0.884813 -0.320968 -0.264894 0.416587 0.869647 -0.903186 0.208714 -0.375090
-1.669371 -58.605489 -255.678092 119.126180 0.318200 0.887873 -0.332312 -0.550661 0.458435 0.697574 -0.771700 0.038977 -0.634791
-2.229405 -59.113966 -570.725579 -962.955288 0.305413 0.893573 -0.329015 -0.428392 0.437521 0.790605 -0.850414 0.100514 -0.516424
-3.822500 -64.407242 -217.057881 -2463.331140 0.325200 0.888689 -0.323230 -0.278507 0.416656 0.865350 -0.903703 0.191390 -0.383003
-8.674909 -52.178472 1506.247329 -517.612885 -0.698844 -0.688031 0.195527 0.715223 -0.675468 0.179442 0.008611 0.265247 0.964142
-1.781687 -45.386324 597.613375 -3520.434548 -0.681957 -0.695086 0.227575 0.717280 -0.574771 0.393888 -0.142983 0.431850 0.890540
-3.071948 -47.365123 -1256.345024 -943.646045 0.720269 0.670882 -0.176438 0.688130 -0.658839 0.303987 -0.087695 0.340364 0.936195
-13.103575 -54.559355 318.913637 108.601006 -0.609669 -0.745914 0.268170 0.780965 -0.623148 0.042195 0.135636 0.235156 0.962447
-7.464021 -48.143954 107.095214 -3404.349015 -0.616227 -0.744747 0.256156 0.786350 -0.563738 0.252692 -0.043787 0.357144 0.933023
6.198556 -56.210144 -1544.074362 -6348.823994 0.456779 -0.282094 0.843668 -0.469818 0.728835 0.498067 -0.755397 -0.623877 0.200384
3.187525 -59.411389 -480.347153 -4232.036841 0.443598 -0.265865 0.855884 -0.450900 0.759115 0.469503 -0.774539 -0.594188 0.216863
4.881230 -70.054294 -207.405118 -10538.546966 0.454240 -0.259906 0.852124 -0.384357 0.805724 0.450642 -0.803701 -0.532220 0.266095
-6.330325 -222.258636 -1785.404988 -64268.792491 -0.555056 -0.174765 -0.813247 0.598246 -0.763160 -0.244313 -0.577940 -0.622129 0.528149
-1.081408 -159.978630 2327.518384 33725.559462 0.567116 0.173164 0.805229 -0.409351 0.907612 0.093122 -0.714711 -0.382432 0.585606
-2.302657 -160.378586 2137.510722 31889.150993 0.563042 0.182707 0.805979 -0.491409 0.858130 0.148760 -0.664455 -0.479824 0.572947
-1.444539 -102.566698 95.421662 -1348.799588 0.391422 -0.277899 0.877246 0.259936 0.947877 0.184291 -0.882735 0.155893 0.443256
-3.498697 -106.799975 316.014090 -5038.936049 0.401262 -0.264909 0.876819 0.387227 0.916577 0.099713 -0.830087 0.299517 0.470367
-2.442359 -102.110484 783.263980 -3745.539296 0.407344 -0.251740 0.877894 0.223736 0.959475 0.171320 -0.885445 0.126631 0.447160
-0.886673 -100.142105 570.324934 1346.348987 0.399529 -0.253634 0.880935 0.095169 0.967247 0.235323 -0.911767 -0.010180 0.410581
-3.095190 -104.688807 737.191635 -7214.695664 0.413459 -0.228591 0.881361 0.190501 0.968267 0.161765 -0.890372 0.101017 0.443885
-2.302379 -98.097266 562.528929 -3062.869230 0.406055 -0.239960 0.881781 0.061165 0.969882 0.235769 -0.911799 -0.041801 0.408503
-33.773340 -103.998593 7634.997635 -7457.647146 0.427495 -0.227239 0.874992 0.778282 0.584927 -0.228337 -0.459920 0.778603 0.426909
-19.517937 -111.265274 3273.810936 -2175.639985 0.391720 -0.254616 0.884153 0.892451 0.338887 -0.297804 -0.223803 0.905719 0.359981
-31.306484 -103.454998 338.062249 -4941.199653 0.325381 -0.203682 0.923385 0.855059 0.480324 -0.195353 -0.403734 0.853113 0.330449
-12.662804 -398.276222 -11335.472832 -20309.650769 0.466955 -0.045355 0.883117 0.694771 -0.598988 -0.398129 0.547034 0.799473 -0.248189
-6.619755 -494.405409 -12555.708793 70523.019714 0.412256 0.010476 0.911008 0.875642 -0.280684 -0.393024 0.251588 0.959743 -0.124886
-20.740604 -389.688497 -5869.685804 40661.887126 0.400436 -0.059353 0.914400 0.850354 -0.347716 -0.394959 0.341394 0.935719 -0.088767
-22.159364 -351.458733 2537.473788 13163.018998 0.388238 -0.212360 0.896758 0.798671 -0.407952 -0.442379 0.459778 0.887963 0.011223
-19.950601 -513.377064 -2370.288427 -66674.545365 0.396996 -0.157876 0.904140 0.643354 -0.654704 -0.396810 0.654591 0.739214 -0.158345
-23.216063 -381.688431 -1670.809297 61730.099789 0.364158 -0.121322 0.923401 0.920893 -0.101162 -0.376460 0.139086 0.987445 0.074885
-534.726071 -3482.330408 155738.260660 -45923.742013 -0.124743 0.118001 -0.985147 0.071952 0.991364 0.109635 0.989577 -0.057207 -0.132157
20997.817207 -162.547968 -38976799.214275 277433.540379 0.699799 -0.414784 -0.581581 0.713418 0.364472 0.598494 -0.036275 -0.833735 0.550971
-1287.949769 -5470.108378 456556.136796 12531399.668377 -0.418069 0.017826 -0.908240 0.848402 0.365032 -0.383360 0.324703 -0.930824 -0.167732
-2.073822 -120.899337 199.858359 485.106994 -0.526654 -0.065111 -0.847583 0.481037 0.799244 -0.360295 0.700885 -0.597469 -0.389604
-3.618004 -132.814305 -1634.894922 8309.127427 0.561805 0.066493 0.824593 0.557071 0.706493 -0.436509 0.611594 -0.704590 -0.359870
-0.900649 -141.626388 128.004133 10516.289090 -0.551534 -0.081095 -0.830201 0.606103 0.644836 -0.465646 0.573105 -0.760006 -0.306497
17.772482 -20.180706 15592.087961 -9550.274916 0.151082 0.972839 -0.175382 0.480904 0.082675 0.872867 -0.863658 0.216216 0.455351
28.363681 -28.596551 20401.964687 -12096.502515 0.186018 0.976610 -0.107848 0.519453 -0.004580 0.854487 -0.834006 0.214972 0.508155
44.877714 -27.572141 31296.644504 -12735.299346 0.241639 0.969789 -0.033478 0.442200 -0.079340 0.893400 -0.863753 0.230685 0.448012
29.968133 -15.454379 18836.899117 -5978.911700 0.241848 0.967147 -0.078332 0.451993 -0.040856 0.891085 -0.858611 0.250912 0.447025
0.347207 -20.986327 3418.253388 -4715.312361 0.077217 0.965368 -0.249204 0.488802 0.181195 0.853371 -0.868971 0.187706 0.457882
-0.195624 -17.947597 211.425846 501.834670 -0.133890 0.069632 -0.988547 -0.522255 0.842807 0.130101 0.842214 0.533692 -0.076478
-0.192286 -18.798252 -238.173686 515.071541 -0.053957 -0.038508 -0.997800 -0.540785 0.841155 -0.003219 0.839428 0.539422 -0.066211
-1.296980 -15.286302 53.688250 571.377336 -0.110716 0.041982 -0.992965 -0.564576 0.819590 0.097602 0.817921 0.571411 -0.067040
-788.734347 -1888.624040 388708.965924 350420.950830 0.035988 0.121054 -0.991993 0.881566 0.463678 0.088565 0.470686 -0.877695 -0.090030
-662.921889 -33069.257905 2459957.687178 46544514.744998 -0.303231 0.004341 -0.952907 0.951168 -0.059185 -0.302947 -0.057713 -0.998238 0.013818
-438.105505 -1073.355346 245659.647538 595216.892007 -0.139242 0.073855 -0.987500 0.988047 -0.056237 -0.143525 -0.066134 -0.995682 -0.065142
-151.283073 -291.871952 -34618.122989 53783.335618 -0.135549 0.118484 -0.983661 0.615432 0.788125 0.010125 0.776447 -0.604003 -0.179748
-137.772204 -419.716941 -29200.537677 121775.340083 -0.143600 0.122947 -0.981969 0.183773 0.978307 0.095614 0.972423 -0.166730 -0.163079
-63.055001 -368.581805 -15690.455485 93732.522891 -0.066556 -0.045417 -0.996749 0.440959 0.894777 -0.070214 0.895056 -0.444198 -0.039526
-280.854246 -358.053749 -41105.861631 87897.848427 -0.278051 0.455063 -0.845935 0.421513 0.849146 0.318242 0.863142 -0.268085 -0.427921
-71.043867 -286.332047 -17769.878132 -29675.988044 -0.106485 -0.090933 -0.990148 0.879181 0.456525 -0.136477 0.464438 -0.885051 0.031334
-268.749170 -1052.099640 41752.379123 361393.671140 0.523184 0.758109 -0.389293 0.569076 0.029252 0.821764 0.634375 -0.651471 -0.416118
-297.308739 -447.830342 -34239.046559 104625.371143 0.664365 0.393081 -0.635694 0.683669 0.024081 0.729395 0.302019 -0.919189 -0.252739
-125.254076 -322.860539 -30906.919633 -65747.288759 -0.179360 -0.001408 -0.983783 0.929015 0.328761 -0.169845 0.323668 -0.944412 -0.057658
-31.301024 -41.786886 -452.864932 -7429.277016 -0.113691 0.978864 0.169996 -0.365091 -0.200296 0.909170 -0.924004 -0.041300 -0.380146
1.292932 -37.052109 -15635.929343 1291.373394 -0.474227 0.501337 0.723719 0.119410 0.851063 -0.511305 -0.872267 -0.156055 -0.463462
-34.536946 -44.371016 -10013.797872 -6365.317557 -0.361955 0.777739 0.513917 -0.245126 -0.611304 0.752476 -0.899390 -0.146388 -0.411909
-2.047797 -44.371461 -19415.683409 2748.842431 -0.497410 0.453441 0.739577 0.007154 0.854638 -0.519175 -0.867486 -0.252951 -0.428349
-45.466083 -47.872848 -13877.734041 -5542.278572 -0.426064 0.812135 0.398631 -0.185454 -0.509672 0.840144 -0.885481 -0.284028 -0.367766
122.739675 -116.837188 -22877.754404 11248.647127 0.346016 0.937652 -0.032903 -0.934650 0.341424 -0.099294 0.081870 -0.065110 -0.994514
133.415553 -122.721710 -3752.767378 -7441.273915 0.225789 0.932087 0.283254 0.959293 -0.263364 0.101960 0.169634 0.248702 -0.953610
112.125677 -102.690273 -3151.132367 -13934.020727 0.262316 0.950461 0.166776 0.963026 -0.246845 -0.107932 -0.061417 0.188922 -0.980070
3.173099 -106.456871 -146.746942 -10285.449732 -0.647894 0.742077 -0.171918 0.546300 0.609952 0.574033 -0.530838 -0.277994 0.800581
4.057865 -107.589651 478.151667 -8722.272272 -0.640666 0.746860 -0.178177 0.554800 0.610707 0.565007 -0.530796 -0.263128 0.805618
4.305554 -118.919808 -561.895503 -7758.162660 -0.640199 0.750624 -0.163432 0.647311 0.641660 0.411412 -0.413683 -0.157595 0.896677
25.312451 -24.367710 -5174.469247 -2897.324602 0.095249 0.813998 0.573006 -0.265348 0.575557 -0.773514 0.959436 0.078370 -0.270814
24.170282 -28.346926 -5239.938440 1763.779703 0.056023 0.869706 0.490381 -0.358944 0.475859 -0.802943 0.931676 0.131036 -0.338834
14.057440 -21.227267 -5319.432085 862.527973 0.137883 0.818493 0.557725 -0.326417 0.569197 -0.754631 0.935115 0.078000 -0.345652
15.255026 -23.710965 -4887.615183 11.362621 0.052605 0.912104 0.406570 -0.398389 0.392500 -0.828993 0.915707 0.118364 -0.384020
13.872873 -16.636413 -6079.696801 -3246.550587 0.210021 0.720287 0.661118 -0.215894 0.693674 -0.687173 0.953562 -0.001590 -0.301192
3.074989 -18.389953 3475.697892 -2556.883722 -0.230180 -0.671513 -0.704334 -0.250624 0.740261 -0.623860 0.940322 0.032923 -0.338691
3.451113 -17.114465 -3432.341882 167.035866 0.190111 0.756828 0.625356 -0.316333 0.650223 -0.690756 0.929404 0.066501 -0.363024
5.236271 -18.787269 -3762.753806 775.963210 0.124098 0.861363 0.492599 -0.372693 0.500550 -0.781376 0.919619 0.086621 -0.383142
-7.900741 -50.566858 -2642.955375 1667.489745 -0.015498 -0.319987 -0.947295 0.154385 0.935281 -0.318455 0.987889 -0.151184 0.034906
-17.866380 -52.190762 -678.709547 -198.210063 -0.092623 -0.494233 -0.864381 0.071505 0.862570 -0.500859 0.993130 -0.108199 -0.044554
-9.690829 -46.463013 -2489.042052 951.991791 -0.005316 -0.341852 -0.939739 0.062349 0.937810 -0.341504 0.998040 -0.060407 0.016329
8.345561 -46.547442 -5806.302796 2266.838145 0.066719 -0.158706 -0.985069 0.109454 0.982475 -0.150874 0.991750 -0.097753 0.082921
4.182423 -42.359997 -5356.986099 1751.099737 0.061029 -0.149108 -0.986936 0.012310 0.988816 -0.148631 0.998060 -0.003078 0.062182
-11.603899 -42.442992 -2480.653092 1001.919712 0.011779 -0.358591 -0.933420 -0.033473 0.932821 -0.358783 0.999370 0.035470 -0.001015
0.036595 -67.452004 -73.202133 3267.318277 -0.434268 0.885964 -0.162724 -0.859274 -0.461647 -0.220296 0.270296 -0.044157 -0.961764
0.224202 -66.021203 597.616367 3033.747919 -0.453324 0.876316 -0.162999 -0.847270 -0.480434 -0.226531 0.276823 -0.035412 -0.960268
-1.011789 -71.531462 4.547460 939.611375 -0.428380 0.889640 -0.158209 -0.783917 -0.452981 -0.424597 0.449405 0.057866 -0.891452
0.546471 -71.972461 -681.449487 470.949380 -0.414003 0.895617 -0.162701 -0.789098 -0.442215 -0.426346 0.453791 0.048122 -0.889808
-0.157512 -75.069632 -1007.160653 -951.265816 -0.401432 0.900786 -0.165639 -0.682302 -0.414767 -0.602024 0.610996 0.128656 -0.781109
-2.061832 -74.795903 -168.184423 -282.926095 -0.420086 0.893665 -0.157766 -0.678208 -0.424682 -0.599733 0.602961 0.144941 -0.784494
-0.556131 -116.500498 -224.803755 11753.963017 -0.564404 0.822996 -0.064227 -0.143166 -0.020963 0.989477 -0.812989 -0.567660 -0.129657
-1.313664 -114.356150 -198.590950 11480.895210 -0.564234 0.823702 -0.056180 -0.134262 -0.024403 0.990645 -0.814625 -0.566498 -0.124361
-1.330285 -130.299462 -405.925174 5612.888350 -0.559244 0.824345 -0.087756 -0.381726 -0.162098 0.909950 -0.735888 -0.542383 -0.405326
-0.468237 -137.105885 -260.426214 6407.663328 -0.552827 0.827732 -0.096141 -0.388569 -0.154001 0.908459 -0.737155 -0.539578 -0.406766
-1.576799 -140.196774 -337.636189 -1357.686998 -0.532890 0.837923 -0.117956 -0.610453 -0.284150 0.739328 -0.585983 -0.465987 -0.662933
-2.503711 -132.920794 -334.980969 -3034.378112 -0.541361 0.834718 -0.100863 -0.606567 -0.304658 0.734343 -0.582241 -0.458725 -0.671243
4.122322 -55.024470 -617.950373 2851.922401 -0.379288 0.920459 -0.094312 0.177500 -0.027654 -0.983732 0.908094 0.389859 0.152893
5.246588 -51.852701 76.338506 1960.148009 -0.402236 0.910951 -0.091511 0.150439 -0.032831 -0.988074 0.903091 0.411206 0.123836
4.144475 -53.389424 -641.327670 -2525.666365 -0.378542 0.921247 -0.089501 0.089998 -0.059603 -0.994157 0.921198 0.384385 0.060348
4.495443 -62.410480 155.286533 6953.135496 -0.407539 0.908963 -0.087736 0.233889 0.011025 -0.972201 0.882728 0.416730 0.217090
1.579790 -54.515159 -1289.209327 -1269.891529 -0.361044 0.928523 -0.086561 0.108706 -0.050284 -0.992801 0.926191 0.367855 0.082781
1.964665 -57.508721 -1139.303549 3216.740681 -0.365040 0.927035 -0.085746 0.205032 -0.009789 -0.978706 0.908134 0.374848 0.186498
4.039799 -65.182983 -547.160571 6715.223706 -0.387964 0.918037 -0.081799 0.270964 0.028779 -0.962159 0.880944 0.395448 0.259921
-8.584197 -46.943934 709.683009 775.465556 0.594495 -0.799439 -0.086447 0.804094 0.590634 0.067714 -0.003075 -0.109767 0.993953
-10.133543 -49.232402 1288.555935 1628.418200 0.608682 -0.788169 -0.091082 0.785788 0.582969 0.206601 -0.109738 -0.197326 0.974177
-8.394841 -48.335252 1070.902037 1170.851588 0.611605 -0.783564 -0.109392 0.788083 0.591184 0.171539 -0.069741 -0.191125 0.979085
1.278472 -22.005818 2038.932776 1491.958046 -0.361634 0.743798 0.562126 -0.343386 -0.666809 0.661402 -0.866780 -0.046160 -0.496551
6.040287 -22.254650 845.123419 1542.482684 -0.354459 0.790258 0.499851 -0.379840 -0.610155 0.695293 -0.854448 -0.056589 -0.516447
3.076319 -26.582790 2828.760512 1898.535737 -0.348161 0.759853 0.549006 -0.404432 -0.650092 0.643285 -0.845706 -0.001931 -0.533646
2.551292 -18.653444 766.940985 921.814867 -0.361816 0.782813 0.506255 -0.332001 -0.615641 0.714676 -0.871129 -0.090504 -0.482643
-2.641758 -26.655407 3762.801192 1567.588409 -0.354349 0.727190 0.587905 -0.378158 -0.686433 0.621133 -0.855239 0.002223 -0.518229
-2.573237 -18.521269 1801.021151 -1197.490684 -0.382963 0.702668 0.599664 0.268074 0.705754 -0.655780 -0.884011 -0.090385 -0.458645
-3.281454 -22.681833 3387.407523 -1209.077335 -0.371467 0.696756 0.613631 0.314467 0.716277 -0.622942 -0.873569 -0.038435 -0.485180
5.527243 -109.839887 -2659.679845 -2790.260800 0.757548 -0.639542 0.130795 -0.002927 0.197036 0.980392 0.652773 0.743076 -0.147392
7.332958 -117.190517 -2109.709966 -1951.213981 0.747916 -0.648008 0.143900 -0.140198 0.057686 0.988442 0.648820 0.759446 0.047705
0.878540 -115.932455 -3538.092549 -1415.451894 0.763074 -0.630609 0.141601 -0.167968 0.018068 0.985627 0.624104 0.775890 0.092135
0.139520 -166.271052 1166.805670 7438.994072 -0.574108 0.796798 -0.188447 0.069748 -0.181727 -0.980872 0.815803 0.576271 -0.048756
-1.788454 -153.101937 52.547233 4282.075852 -0.570587 0.797911 -0.194339 0.037303 -0.211216 -0.976727 0.820389 0.564558 -0.090753
-0.614476 -160.077349 851.802908 -3752.453107 -0.570055 0.805481 -0.161979 -0.106336 -0.267822 -0.957583 0.814696 0.528650 -0.238325
32.850384 -30.223905 472.879861 1468.932570 -0.551640 0.771436 0.317145 -0.414994 -0.583678 0.697925 -0.723515 -0.253390 -0.642122
39.281545 -31.672732 1642.237820 236.011789 -0.524582 0.803976 0.280066 -0.393042 -0.520509 0.758016 -0.755203 -0.287564 -0.589046
30.587445 -35.794253 -7828.268440 -576.841371 -0.695664 0.674898 0.246097 -0.358316 -0.622915 0.695404 -0.622625 -0.395587 -0.675166
33.776818 -26.542110 8679.141383 1162.241981 -0.370265 0.855819 0.361216 -0.420732 -0.501186 0.756173 -0.828184 -0.128010 -0.545642
21.079661 -33.318974 -5999.320628 -842.561254 -0.723306 0.613018 0.317863 0.329334 0.710839 -0.621487 -0.606933 -0.344842 -0.716042
27.421792 -30.591758 -3071.025682 2063.090394 -0.590867 0.748649 0.300668 -0.449866 -0.615103 0.647509 -0.669699 -0.247331 -0.700236
27.970462 -31.702114 3844.464375 1756.280337 -0.419477 0.845187 0.331208 -0.522767 -0.523201 0.673034 -0.742128 -0.109178 -0.661307
28.102640 -28.130066 7319.793822 1100.659030 -0.369655 0.853429 0.367443 -0.484918 -0.514520 0.707194 -0.792597 -0.083238 -0.604038
-0.975197 -233.468888 1011.229229 -11793.374038 -0.473335 0.877815 -0.073455 -0.849888 -0.477015 -0.223936 0.231614 0.043568 -0.971832
-5.405608 -211.496020 2877.824861 -8673.391947 -0.458807 0.885993 -0.067173 -0.874307 -0.463643 -0.143604 0.158376 0.007157 -0.987353
-1.163908 -289.180145 1757.655124 35236.124994 -0.405604 0.910984 -0.074782 0.910402 0.395331 -0.121991 -0.081569 -0.117562 -0.989710
-0.459738 -337.877755 -850.865079 50474.918065 -0.429415 0.900393 -0.069960 0.902850 0.429852 -0.009456 0.021559 -0.067224 -0.997505
-10.372668 -7346.228549 46593.196232 5322892.804826 0.555852 -0.564505 0.610215 0.820305 0.253585 -0.512635 0.134644 0.785511 0.604022
-69.599085 -1890.028923 1302.886366 -406311.375401 -0.668202 0.657449 -0.348234 -0.129438 -0.563664 -0.815800 0.732633 0.500045 -0.461740
-250.415608 -8922.283461 -91340.375014 -1405271.391100 -0.624427 0.694527 -0.357383 -0.361343 -0.662502 -0.656142 0.692475 0.280575 -0.664647
51.287808 -591.682473 10324.217653 -1281226.298646 0.563170 -0.529151 0.634696 0.771048 0.060257 -0.633920 0.297194 0.846386 0.441935
-51.703569 -7708.608391 57717.277790 -3185881.956231 0.581071 -0.620532 0.526589 0.803620 0.335195 -0.491771 0.128650 0.708932 0.693444
-9.375375 -4442.248185 -11059.429230 -1462932.031753 0.550045 -0.434451 0.713234 0.630562 0.776020 -0.013593 -0.547578 0.457215 0.700794
-7.963486 -30.934074 3043.816898 1419.700716 -0.362463 0.740429 0.566026 -0.443258 -0.671194 0.594155 -0.819843 0.035536 -0.571484
-2.812763 -30.826747 4053.921874 1603.463972 -0.340001 0.751153 0.565835 -0.459988 -0.657626 0.596607 -0.820250 0.057430 -0.569114
-8.961768 -34.648966 3224.920335 1258.785151 -0.349701 0.760721 0.546821 -0.530760 -0.641839 0.553477 -0.772013 0.096679 -0.628212
-12.353051 -34.741264 446.502434 1120.692063 -0.366456 0.778029 0.510275 -0.529349 -0.625356 0.573341 -0.765180 0.060009 -0.641014
-11.171586 -31.259104 525.058277 1193.227514 -0.390501 0.740216 0.547347 -0.429680 -0.672369 0.602740 -0.814177 -0.000186 -0.580617
25.843982 -24.462559 -3231.262279 -7204.026846 -0.485781 0.874019 0.010382 -0.017158 0.002340 -0.999850 0.873912 0.485886 -0.013860
21.008063 -23.445643 -2962.940480 -9684.702014 -0.427952 0.902896 0.040449 -0.006711 0.041579 -0.999113 0.903777 0.427844 0.011735
28.535406 -0.128180 -3451.134521 -13304.441213 -0.491108 0.864403 -0.107793 0.103114 -0.065187 -0.992531 0.864974 0.498555 0.057118
31.226281 -6.076364 -1280.634744 -10104.449985 -0.573585 0.813285 -0.097814 0.073165 -0.068067 -0.994994 0.815872 0.577870 0.020462
28.092532 -24.514150 -1136.550209 -4966.308865 -0.561524 0.827292 -0.016680 -0.025094 -0.037175 -0.998994 0.827080 0.560541 -0.041635
4.722974 -56.058682 -93.495518 -540.473805 -0.528647 0.841431 0.111924 0.840238 0.537446 -0.071778 0.120549 -0.056097 0.991121
3.961152 -53.725971 -293.352779 -523.681046 -0.530291 0.837610 0.131154 0.840788 0.539442 -0.045588 0.108935 -0.086097 0.990313
4.361376 -54.672313 37.993388 -167.351606 0.550346 -0.827305 -0.112626 0.834934 0.545624 0.071964 0.001916 -0.133640 0.991028
-25.202032 -36.181235 -2210.363585 -738.026408 -0.420727 0.620889 0.661427 0.280777 -0.604175 0.745746 -0.862643 -0.499469 -0.079861
-19.670998 -32.356952 -2796.909954 -385.559632 -0.521111 0.668493 0.530622 0.180680 -0.521214 0.834081 -0.834145 -0.530521 -0.150827
-19.559423 -34.829868 -3080.258226 -381.081680 -0.527329 0.729773 0.435149 0.192094 -0.396486 0.897719 -0.827662 -0.556983 -0.068894
-21.125168 -333.685186 79708.057601 25169.920329 0.512358 0.106574 0.852133 0.521529 0.749719 -0.407343 -0.682273 0.653118 0.328544
-231.550913 -2205.355156 185970.707014 983922.794657 0.322199 0.231759 0.917865 0.844941 0.366845 -0.389229 -0.426921 0.900951 -0.077626
-258.355065 -1919.010080 162360.571613 259059.301128 0.666117 0.234035 0.708178 0.255627 0.820349 -0.511549 -0.700673 0.521781 0.486623
32.638783 -310.741603 2899.560313 131446.738257 0.245133 0.187728 0.951140 0.881945 0.364226 -0.299187 -0.402596 0.912194 -0.076282
151.905172 -4684.831728 173019.509369 4934978.287489 0.670295 0.351628 0.653500 -0.209594 0.934466 -0.287826 -0.711881 0.055958 0.700067
-13.173433 -138.406864 -49493.233459 33555.971425 -0.020758 0.312930 0.949549 0.810479 0.561373 -0.167286 -0.585400 0.766117 -0.265276
-8.365381 -23.753868 32.927124 1664.489686 0.946493 0.106614 0.304604 0.290201 0.131751 -0.947853 0.141186 -0.985533 -0.093762
-12.203093 -66.715439 560.386329 24038.247710 0.903778 0.097499 0.416748 0.399585 0.156662 -0.903210 0.153351 -0.982828 -0.102629
330.748660 -133.580570 117448.977776 25071.137024 0.201674 0.136741 -0.969860 0.965972 0.135953 0.220034 0.161943 -0.981233 -0.104670
143.112854 -132.918720 43359.503605 36715.074053 0.009844 0.112323 -0.993623 0.990570 0.134701 0.025040 0.136654 -0.984499 -0.109938
-8.195683 -53.002766 -1595.219305 -9556.855134 0.916934 0.084122 0.390070 0.377945 0.130526 -0.916581 0.128019 -0.987870 -0.087890
-50.686107 -78.058226 -1413.823033 4486.476763 0.391293 0.916983 -0.077660 0.863468 -0.395021 -0.313659 0.318298 -0.055676 0.946355
-56.652205 -80.481490 1914.357422 1142.356239 0.203616 0.977952 0.046365 0.958150 -0.189312 -0.214731 0.201219 -0.088147 0.975572
-54.791926 -87.437093 2393.076874 5863.402393 -0.068868 0.986742 0.146959 0.961763 0.104809 -0.253035 0.265083 -0.123913 0.956230
-40.137802 -59.905641 65.087248 -1562.844603 0.293874 -0.351212 -0.888982 -0.529993 0.714114 -0.457328 0.795453 0.605551 0.023719
-40.469040 -62.659847 -168.365212 2986.453341 -0.274721 0.284180 0.918570 0.654683 -0.644393 0.395156 0.704215 0.709929 -0.009020
-40.156767 -60.805142 268.225633 -2549.085047 0.383728 -0.243106 -0.890872 -0.520859 0.739641 -0.426189 0.762534 0.627559 0.157197
-41.336740 -61.590087 735.512281 -3103.299278 0.229006 -0.445112 -0.865697 -0.631776 0.608611 -0.480054 0.740551 0.656862 -0.141835
-40.820035 -59.489884 145.992060 -598.009899 0.225523 -0.479104 -0.848292 -0.536553 0.665691 -0.518620 0.813173 0.572115 -0.106936
-49.085398 -65.710461 3136.183218 321.980509 0.532748 0.844999 0.046433 -0.818381 0.528383 -0.225972 0.215481 -0.082386 -0.973026
-44.821735 -61.869393 989.731592 -1081.684399 0.469444 0.871055 0.144522 -0.850094 0.490116 -0.192682 0.238669 0.032404 -0.970560
30.334926 -62.164164 3253.967853 10091.590208 -0.524865 -0.668806 -0.526513 0.837962 -0.514608 -0.181656 -0.149455 -0.536543 0.830533
25.383858 -80.290293 2611.381218 3017.071158 -0.520961 -0.638396 -0.566613 0.776226 -0.630446 -0.003369 -0.355068 -0.441574 0.823977
-0.077070 -50.430725 -1115.501457 -1193.471378 0.669023 0.722487 -0.174414 0.699667 -0.691382 -0.180158 0.250748 0.001502 0.968051
-1.770410 -50.352596 -1922.630781 -167.513349 0.711091 0.685377 -0.156870 -0.692411 0.721384 0.013088 0.122134 0.099312 0.987532
-8.459395 -53.097678 -1952.448541 -10.605034 0.667467 0.721330 -0.184855 0.716232 -0.689821 -0.105638 0.203717 0.061889 0.977072
0.894902 -44.891018 -943.723521 228.577482 0.398661 0.784727 -0.474630 -0.492266 0.619761 0.611204 -0.773785 0.010019 -0.633368
-0.617119 -44.202256 -338.319713 183.160833 0.403559 0.785762 -0.468741 -0.472006 0.617669 0.629044 -0.783805 0.032608 -0.620150
-1.559436 -44.306718 -423.022079 14.554263 0.409274 0.779895 -0.473559 -0.574013 0.623525 0.530779 -0.709228 -0.054595 -0.702862
-11.723595 -125.226781 -5721.842063 -827.657265 -0.198240 0.941151 0.273745 0.720627 -0.049360 0.691564 -0.664378 -0.334364 0.668433
-23.115917 -128.339843 -2197.240274 7033.700820 -0.152938 0.970990 0.183818 0.809704 0.016484 0.586608 -0.566560 -0.238553 0.788735
-32.008604 -132.620854 -1581.210578 9678.290242 -0.108858 0.985838 0.127567 0.824477 0.017850 0.565615 -0.555327 -0.166747 0.814743
-7.554638 -121.509445 -6819.165406 -6055.669720 -0.186777 0.929226 0.318832 0.532908 -0.176810 0.827495 -0.825302 -0.324465 0.462168
-3.860042 -63.807440 397.478372 -2539.540809 0.361849 0.878737 -0.311268 -0.252998 0.413928 0.874446 -0.897250 0.237667 -0.372098
4.594453 -43.301899 266.618843 586.689454 0.618789 0.683534 -0.387146 -0.298807 -0.250981 -0.920719 0.726509 -0.685412 -0.048940
0.091344 -44.759281 700.903136 767.864967 0.609741 0.693747 -0.383315 -0.181154 -0.348836 -0.919509 0.771621 -0.630102 0.087025
3.479229 -43.528249 1703.625787 -173.266280 0.603608 0.734101 -0.311051 -0.269622 -0.179203 -0.946145 0.750307 -0.654967 -0.089762
8.838259 -44.486680 2000.479397 -656.693184 0.601306 0.725896 -0.333925 -0.365984 -0.121283 -0.922684 0.710272 -0.677027 -0.192739
7.447044 -45.147809 2046.927708 -1076.759087 0.594371 0.750278 -0.289494 -0.368422 -0.065940 -0.927317 0.714835 -0.657826 -0.237226
1.421701 -44.381614 1102.479871 -785.434382 0.610568 0.743033 -0.274059 -0.257006 -0.141424 -0.956006 0.749103 -0.654141 -0.104615
-4.900460 -73.028281 1825.049333 -1339.284254 0.445760 0.877437 -0.177205 0.855054 -0.475952 -0.205799 0.264917 0.059783 0.962416
-8.546040 -71.484674 -1625.629204 614.637967 -0.430319 -0.888620 0.158678 0.898818 -0.438045 -0.015607 0.083377 0.135907 0.987207
-10.442304 -74.203839 2052.503849 -2820.164295 0.397708 0.906802 -0.139779 0.884945 -0.419343 -0.202545 0.242283 0.043143 0.969246
-7.407715 -166.135381 -462.340083 14799.047968 -0.323150 0.075977 -0.943293 0.831518 0.498703 -0.244691 0.451833 -0.863436 -0.224332
-7.747702 -164.900636 -1443.862284 4839.342473 -0.318422 0.076600 -0.944849 0.904056 0.324325 -0.278381 0.285114 -0.942839 -0.172523
-6.881164 -155.405022 -985.973551 16442.225996 -0.319926 0.087653 -0.943379 0.797406 0.562633 -0.218146 0.511655 -0.822047 -0.249896
-6.814478 -145.482974 531.059725 4939.649352 -0.323207 0.064278 -0.944143 0.855957 0.445339 -0.262699 0.403577 -0.893052 -0.198956
-6.476769 -156.656505 1115.978598 962.867072 -0.314448 0.083326 -0.945610 0.922645 0.261116 -0.283803 0.223266 -0.961704 -0.158988
-6.516579 -146.613832 466.543295 12629.562731 -0.331976 0.064464 -0.941082 0.750687 0.622173 -0.222193 0.571193 -0.780221 -0.254939
-2.763099 -157.590653 533.228764 -14686.474555 -0.562532 -0.142653 -0.814376 0.569815 -0.780596 -0.256865 -0.599056 -0.608539 0.520396
-3.627015 -179.528144 1051.038810 -17796.358376 -0.561649 -0.125675 -0.817775 0.661467 -0.661933 -0.352571 -0.497003 -0.738952 0.454904
-3.784949 -183.490757 -137.198573 -17751.698109 -0.559538 -0.147331 -0.815605 0.694686 -0.620081 -0.364571 -0.452028 -0.770580 0.449307
-5.204579 -106.345803 -382.721264 -3300.618260 0.397697 -0.292945 0.869494 0.412182 0.903695 0.115941 -0.819722 0.312280 0.480143
-6.445093 -112.482431 -788.426350 -6320.428912 0.405175 -0.266599 0.874504 0.529262 0.848352 0.013409 -0.745463 0.457409 0.484833
-24.542247 -107.335890 6952.412248 -7141.537896 0.455406 -0.256568 0.852513 0.788321 0.561190 -0.252222 -0.413709 0.786917 0.457827
-7.917351 -115.114934 2051.820380 2505.139743 0.455340 -0.251975 0.853917 0.890239 0.141598 -0.432926 -0.011826 0.957318 0.288793
-11.394847 -109.712357 -171.182849 4816.368160 0.346820 -0.240528 0.906566 0.935797 0.023562 -0.351752 0.063246 0.970356 0.233257
-13.845126 -116.524661 5189.812623 -5243.958290 0.483541 -0.265429 0.834108 0.830904 0.438885 -0.342021 -0.275296 0.858445 0.432765
-14041.076680 -49215.551495 -11615406.136114 -13771336.759875 -0.441213 0.865962 0.235457 0.373160 -0.061578 0.925721 -0.816139 -0.496304 0.295973
50.152808 -41.534169 30872.163185 -13888.790898 0.177737 0.974699 -0.135545 0.547564 0.016492 0.836601 -0.817669 0.222914 0.530779
-1340.174518 -5892.100468 800201.901407 -5353584.723811 0.164102 -0.014820 -0.986332 0.910826 0.386208 0.145737 0.378769 -0.922293 0.076876
-58.613069 -375.796947 -13123.583510 129157.267102 -0.044767 -0.000684 -0.998997 0.076850 0.997034 -0.004127 0.996037 -0.076958 -0.044582
-79.239982 -187.414500 37899.356388 -41217.976644 0.030506 0.990315 0.135448 -0.138718 0.138395 -0.980614 0.989862 -0.011125 -0.141597
-150.033697 -448.007257 49936.292745 -119845.877361 0.056391 0.998293 -0.015233 -0.290181 0.001789 -0.956970 0.955309 -0.058385 -0.289786
-13.912408 -117.356401 -5742.670748 8279.900964 -0.207469 0.941776 0.264602 0.882097 0.063166 0.466813 -0.422919 -0.330254 0.843843
-7.190101 -32.260901 -10882.068103 -877.664289 -0.384530 0.735259 0.558149 -0.302407 -0.671608 0.676382 -0.872173 -0.091301 -0.480601
15.734844 -35.392361 -10078.868972 -504.342255 -0.369572 0.634352 0.678980 0.195896 0.767480 -0.610409 -0.908318 -0.092580 -0.407907
24.283206 -40.022278 -10557.607435 2415.301623 -0.383690 0.503034 0.774428 0.086164 0.854457 -0.512328 -0.919433 -0.129847 -0.371190
165.202000 -125.660145 -8065.704832 1317.276871 0.225684 0.922508 0.313123 -0.894967 0.323297 -0.307430 0.384839 0.210853 -0.898577
9.564395 -52.831274 -2091.729750 738.523501 -0.445065 0.847343 0.289701 0.880490 0.473054 -0.030943 -0.163264 0.241307 -0.956617
13.986231 -53.562544 -4283.671660 496.898244 -0.464729 0.836624 0.289979 0.869736 0.492737 -0.027742 -0.166093 0.239312 -0.956631
7.846265 -53.165293 -2972.292265 528.209529 -0.462463 0.840787 0.281433 -0.841557 -0.516175 0.159201 -0.279123 0.163217 -0.946283
13.611345 -51.927392 -5182.200362 1356.812122 -0.451747 0.846670 0.281202 0.890881 0.444890 0.091670 -0.047490 0.291929 -0.955260
4.943011 -52.580520 1903.923174 -146.110672 -0.427832 0.855429 0.291893 -0.861270 -0.483791 0.155436 -0.274180 0.184898 -0.943736
9.230184 -50.596870 90.357476 1036.212975 -0.430303 0.853846 0.292892 0.901301 0.424353 0.087065 -0.049950 0.301448 -0.952173
8.398366 -52.097575 2999.886916 869.051156 -0.410871 0.860490 0.301234 0.897390 0.440010 -0.032907 -0.160862 0.256804 -0.952982
28.820038 -34.559289 -2119.448641 1647.186640 -0.021557 0.875417 0.482888 -0.334373 0.448873 -0.828678 0.942194 0.179329 -0.283040
22.289265 -31.709844 -3396.008600 889.637556 -0.019825 0.922686 0.385042 -0.401105 0.345427 -0.848407 0.915817 0.171262 -0.363246
-16.232625 -53.383694 -384.444502 -643.961109 -0.116497 -0.485677 -0.866341 0.172590 0.849110 -0.499225 0.978080 -0.207680 -0.015095
-19.221934 -55.792653 337.974713 -1341.944718 -0.182426 -0.600338 -0.778662 0.044964 0.786029 -0.616552 0.982191 -0.147487 -0.116399
-21.232898 -54.202343 -324.238036 277.901310 -0.152706 -0.598172 -0.786683 -0.068547 0.800513 -0.595382 0.985892 -0.036994 -0.163246
2.407519 -57.419514 774.104398 -3255.460177 -0.475375 0.862327 -0.174386 0.870680 0.489562 0.047383 0.126232 -0.129309 -0.983537
1.913969 -65.311244 919.921456 2874.276238 -0.471295 0.865277 -0.170811 -0.833604 -0.500270 -0.234166 0.288070 -0.032028 -0.957074
-0.874793 -92.998549 -74.711775 10782.178613 -0.565922 0.823492 -0.039920 0.057098 0.087451 0.994531 -0.822479 -0.560547 0.096510
-0.978186 -91.852691 -6.792474 10494.542673 -0.563040 0.825808 -0.032037 0.068200 0.085063 0.994039 -0.823611 -0.557499 0.104214
-1.899438 -112.992053 -132.261579 11106.483746 -0.560448 0.827204 -0.040402 -0.123800 -0.035442 0.991674 -0.818885 -0.560783 -0.122272
6.003948 -52.505106 19.058402 -4625.670450 -0.403794 0.911329 -0.080188 0.072541 -0.055481 -0.995821 0.911969 0.407924 0.043705
3.927236 -58.044758 746.075890 7149.162293 -0.430882 0.899380 -0.073865 0.192367 0.011572 -0.981255 0.881666 0.437014 0.177998
8.874771 -26.611713 2002.255761 2103.508833 -0.343170 0.798109 0.495234 -0.435511 -0.602354 0.668954 -0.832205 -0.013885 -0.554295
-5.360413 -126.205737 -2739.013949 30598.849820 -0.692124 0.721686 0.011575 0.031451 0.014134 0.999405 -0.721094 -0.692076 0.032481
-8.438037 -101.199788 -894.983774 21398.572381 -0.656073 0.754563 0.014247 0.118785 0.084601 0.989309 -0.745291 -0.650752 0.145135
-7.847365 -126.342116 -177.456979 24342.441936 -0.645350 0.763791 0.012142 0.003163 -0.013223 0.999908 -0.763881 -0.645328 -0.006118
-1.471145 -139.480071 -45.500262 9367.756135 -0.359853 0.901599 -0.240052 0.393837 0.380028 0.836941 -0.845812 -0.206634 0.491838
-0.447022 -137.387821 -889.629860 8760.980536 -0.362973 0.902846 -0.230476 0.440510 0.384224 0.811371 -0.821098 -0.192979 0.537175
-2.382085 -125.606835 896.524934 8400.666200 -0.345172 0.905910 -0.245322 0.557502 0.408182 0.722896 -0.755015 -0.112756 0.645940
-1.146291 -154.386322 -591.432696 9650.212977 -0.367956 0.896786 -0.245731 0.251827 0.350505 0.902070 -0.895093 -0.270040 0.354805
-2.719902 -129.973111 426.661099 10797.083250 -0.350043 0.902913 -0.249433 0.536916 0.411591 0.736420 -0.767588 -0.123854 0.628863
-2.194323 -147.153923 -270.938317 11974.705796 -0.357553 0.901881 -0.242417 0.356171 0.371647 0.857333 -0.863307 -0.220200 0.454108
-1.565759 -156.077301 -349.710736 9753.282371 -0.366700 0.896518 -0.248567 0.196065 0.335650 0.921356 -0.909445 -0.289126 0.298859
2.338908 -180.604548 -1832.585396 -7050.023330 0.501250 -0.811546 0.300236 0.858089 0.421483 -0.293317 0.111496 0.404655 0.907647
0.602464 -171.667801 -19.768773 -5134.430813 0.511168 -0.812803 0.279391 0.842669 0.409970 -0.349048 0.169165 0.413856 0.894487
3.386560 -201.861458 -1937.072538 -3277.828142 0.523705 -0.802721 0.285259 0.800669 0.349428 -0.486650 0.290967 0.483259 0.825711
3.238875 -222.816725 -2788.816937 -5926.933772 0.509540 -0.808537 0.294343 0.849520 0.418373 -0.321372 0.136696 0.413802 0.900045
3.323197 -240.879078 -2829.081137 -3507.095024 0.539745 -0.796084 0.273725 0.735520 0.287793 -0.613339 0.409493 0.532377 0.740871
3.366779 -195.847782 -400.396313 1150.656712 0.535466 -0.805495 0.253877 0.688487 0.242224 -0.683603 0.489143 0.540838 0.684276
41.448991 -35.798571 -9373.324447 -1089.237912 -0.675906 0.708565 0.202698 -0.353216 -0.552838 0.754724 -0.646830 -0.438526 -0.623944
46.588447 -30.737868 3613.447708 -459.565220 -0.478578 0.844105 0.241763 -0.375531 -0.445660 0.812628 -0.793688 -0.298116 -0.530270
38.006024 -26.429100 10574.565784 591.015269 -0.326726 0.889862 0.318428 -0.396453 -0.434883 0.808518 -0.857948 -0.137923 -0.494876
-4.892018 -186.222700 2757.316406 -3994.583760 -0.531343 0.844828 -0.062777 -0.727837 -0.493169 -0.476485 0.433507 0.207486 -0.876939
-8.948759 -159.237475 3306.384684 4594.937411 -0.518183 0.852245 -0.071862 -0.795706 -0.511198 -0.324853 0.313590 0.111152 -0.943030
-9.523219 -170.156998 3114.646674 -13607.769858 -0.450215 0.889850 -0.073982 -0.884312 -0.455819 -0.101101 0.123687 -0.019906 -0.992122
234.550337 -2615.759022 -78833.655778 -631857.748649 -0.477294 0.794554 -0.375333 0.877060 0.404308 -0.259425 -0.054377 -0.453011 -0.889845
23.211633 -186.465105 -3741.458669 -88912.385135 -0.574326 0.571679 -0.585946 0.262353 -0.549479 -0.793249 0.775449 0.609308 -0.165598
35.746710 -1330.477973 -38039.701363 -837250.577597 -0.518501 0.791584 -0.323344 -0.692005 -0.610586 -0.385116 0.502281 -0.024073 -0.864370
-3.033082 -34.830403 4409.685127 1213.010601 -0.331309 0.760542 0.558400 -0.541962 -0.637850 0.547197 -0.772342 0.121341 -0.623510
23.600385 3.777070 -3268.886740 -14356.583151 -0.421079 0.894402 -0.150790 0.135802 -0.102206 -0.985450 0.896800 0.435430 0.078425
