15622
31230
-40.431665 -58.287794 2369.003887 7411.510650 0.167456 0.028976 -0.985454 -0.091141 0.995743 0.013791 0.981658 0.087506 0.169384
-42.061001 -60.636356 1115.989839 5596.422369 0.237851 -0.267364 -0.933779 0.029047 0.962897 -0.268302 0.970867 0.036693 0.236792
-51.919220 -74.706325 396.399855 8546.923686 0.213818 0.182361 -0.959701 0.020847 0.981346 0.191119 0.976651 -0.060872 0.206028
-33.762663 -48.763288 475.985292 3392.251078 0.261235 -0.566702 -0.781412 0.009428 0.810982 -0.584995 0.965229 0.145454 0.217199
-44.073402 -78.332632 2454.408966 14066.390430 0.129447 0.393422 -0.910199 -0.079745 0.919079 0.385919 0.988375 0.022628 0.150345
-28.123189 -69.168524 7035.602533 15746.809079 0.042719 0.332144 -0.942261 -0.174660 0.931081 0.320285 0.983702 0.150893 0.097788
-33.343381 -45.739027 2575.997375 5481.820977 0.152320 -0.154887 -0.976119 -0.165594 0.969682 -0.179706 0.974360 0.189013 0.122053
24.694755 -84.058351 -13554.212047 795.995709 -0.163669 0.380735 0.910084 0.974863 0.203789 0.090064 -0.151175 0.901949 -0.404518
49.392429 -94.381948 -12480.836471 5130.135410 -0.175985 0.285110 0.942200 0.963030 0.248186 0.104775 -0.203968 0.925806 -0.318246
25.848427 -91.554993 -14478.390538 1430.741361 -0.229920 0.338649 0.912389 0.918438 0.385577 0.088331 -0.321883 0.858282 -0.399680
1.485037 -83.048817 -12506.228812 -828.098438 -0.194692 0.379933 0.904293 0.948529 0.307696 0.074939 -0.249776 0.872338 -0.420284
-9.963281 -77.681994 -9450.657812 723.991609 -0.135433 0.382043 0.914167 0.986662 0.136112 0.089290 -0.090316 0.914066 -0.395381
61.288435 -539.193896 -48856.848461 -233723.042639 0.144417 -0.219589 -0.964844 0.989268 0.053888 0.135808 0.022172 -0.974103 0.225015
-47.136716 -245.965241 -91152.643237 23980.209364 0.366797 -0.280373 -0.887046 0.760767 0.639193 0.112547 0.535438 -0.716117 0.447752
58.868712 -147.361226 -17562.089522 7520.363512 0.228593 -0.108406 -0.967468 0.787858 0.604362 0.118435 0.571862 -0.789300 0.223561
58.594005 -116.145499 28613.567037 -15392.186478 -0.020290 0.184734 -0.982579 0.839767 0.536483 0.083523 0.542567 -0.823443 -0.166019
73.658811 -219.212340 22112.221801 -109187.248003 0.074093 0.181116 -0.980667 0.991644 0.090758 0.091684 0.105609 -0.979265 -0.172878
-49.094402 -74.147433 9720.544804 9286.347623 -0.645708 -0.607951 -0.462013 -0.257529 0.742996 -0.617767 0.718846 -0.279915 -0.636324
-9.319351 -58.045862 26164.032082 315.322663 -0.770556 -0.077057 -0.632697 0.081884 0.972471 -0.218164 0.632090 -0.219915 -0.743034
-52.932493 -66.730276 13256.090554 5111.367685 -0.646701 -0.393208 -0.653578 -0.188381 0.912673 -0.362686 0.739114 -0.111428 -0.664300
-2.176757 -141.139789 -1215.074822 92.011743 0.589697 0.805501 0.058535 0.497325 -0.305067 -0.812159 0.636337 -0.508038 0.580493
0.583118 -137.544296 -1996.045407 -696.383555 0.602355 0.796395 0.054063 0.605847 -0.412033 -0.680572 0.519729 -0.442700 0.730684
1.633167 -141.418347 -1955.881586 99.648253 0.601492 0.797066 0.053790 0.491316 -0.315990 -0.811640 0.629933 -0.514622 0.581677
-1.540989 -141.784638 -895.874417 -1026.720992 0.592180 0.804291 0.049383 0.648089 -0.438962 -0.622328 0.478856 -0.400535 0.781197
-3.999104 -134.161926 -1058.929089 4379.763934 0.590976 0.805241 0.048314 0.303060 -0.166117 -0.938381 0.747597 -0.569203 0.342208
-4.865549 -134.338992 -798.058968 2238.357479 0.581788 0.811557 0.053836 0.432798 -0.252862 -0.865301 0.688628 -0.526722 0.498353
-4.138436 -137.042725 -531.243734 870.366254 0.576310 0.814942 0.061128 0.576580 -0.352456 -0.737110 0.579157 -0.460049 0.673003
-10.524419 -65.177183 592.849602 816.194472 -0.091984 0.473258 -0.876108 0.089106 0.880220 0.466124 0.991766 -0.035191 -0.123137
-9.444802 -63.880637 345.640819 -1737.308423 -0.081536 0.468578 -0.879651 0.007251 0.882846 0.469607 0.996644 0.031911 -0.075382
-10.290107 -63.302031 -185.912480 369.307676 -0.058356 0.475042 -0.878026 0.046397 0.879865 0.472953 0.997217 -0.013138 -0.073386
-11.108923 -63.234470 498.323795 4914.136274 -0.072690 0.468423 -0.880509 0.118061 0.880679 0.458767 0.990342 -0.070606 -0.119319
-10.153213 -63.516630 53.423912 3115.682782 -0.035783 0.471500 -0.881140 0.048191 0.881493 0.469732 0.998197 -0.025655 -0.054265
-8.405851 -59.482750 -1466.185233 -2214.512871 -0.021625 0.441895 -0.896806 -0.026869 0.896435 0.442360 0.999405 0.033663 -0.007512
-3.228722 -62.280523 -1252.436073 3608.611609 -0.054512 -0.295532 0.953776 0.997454 0.027867 0.065644 -0.045979 0.954926 0.293260
-4.287677 -62.162056 -592.856892 -2531.876727 -0.062732 -0.316069 0.946660 0.977503 0.171929 0.122179 -0.201375 0.933028 0.298173
-5.714669 -60.945501 -912.561272 3954.888430 -0.053371 -0.307180 0.950154 0.998503 -0.004984 0.054476 -0.011998 0.951638 0.306986
3.732797 -48.508394 -1298.082242 -261.209596 -0.022937 -0.679772 0.733065 0.185479 0.717634 0.671267 -0.982380 0.151365 0.109623
3.926667 -49.155556 -199.785648 5663.700786 -0.012410 -0.580124 0.814433 0.224640 0.792058 0.567610 -0.974363 0.189998 0.120490
8.269433 -51.732736 377.563761 -6139.955132 0.004673 -0.638854 0.769314 0.257973 0.744052 0.616309 -0.966141 0.195582 0.168283
9.216346 -113.299120 -1370.214852 7322.145819 0.264187 -0.550534 0.791908 0.939101 -0.040253 -0.341276 0.219760 0.833842 0.506373
10.913403 -114.903252 1465.563746 -1299.840738 0.257257 -0.585989 0.768398 0.964328 0.207005 -0.164989 -0.062380 0.783432 0.618339
12.242749 -110.898065 -535.230846 -1538.070687 0.258942 -0.553332 0.791690 0.965515 0.125346 -0.228188 0.027028 0.823475 0.566708
-1.406026 -126.694263 -857.087898 -6136.599662 -0.051291 -0.306369 0.950530 0.998683 -0.017093 0.048380 0.001425 0.951759 0.306842
-1.952139 -131.580096 410.929661 -3682.316314 -0.030584 -0.329603 0.943624 0.989501 -0.143401 -0.018018 0.141255 0.933166 0.330528
-0.677824 -146.154253 -1659.329904 -17494.003744 -0.015116 -0.317029 0.948295 0.975647 -0.212236 -0.055401 0.218826 0.924364 0.312517
-1.176803 -142.588112 -436.125142 -13846.943062 0.005197 -0.337953 0.941149 0.940195 -0.318909 -0.119707 0.340596 0.885486 0.316084
0.411673 -140.616803 -1608.508728 -8821.109417 -0.038538 -0.304088 0.951864 0.997791 -0.063295 0.020176 0.054113 0.950539 0.305856
-0.697651 -174.479648 -478.659243 -22016.894618 0.018786 -0.346504 0.937860 0.874471 -0.449060 -0.183426 0.484714 0.823578 0.294572
0.109525 -156.222371 -1055.506049 -14664.789557 -0.013286 -0.320804 0.947052 0.955548 -0.283063 -0.082479 0.294535 0.903858 0.310305
-14.380668 -101.503747 1733.031199 -3296.179202 0.208507 -0.537073 0.817360 0.618104 0.720030 0.315442 -0.757939 0.439441 0.482099
-13.310388 -94.508481 1181.629159 -3542.719662 0.234777 -0.541780 0.807065 0.468179 0.790649 0.394566 -0.851873 0.285216 0.439276
-13.187690 -102.442706 1724.277505 -3177.700535 0.228988 -0.548628 0.804097 0.630305 0.713060 0.307018 -0.741808 0.436523 0.509085
-14.968415 -107.000255 2680.676899 -2831.066846 0.215497 -0.549378 0.807307 0.730625 0.639221 0.239967 -0.647880 0.538126 0.539140
-13.180762 -108.695058 -148.241826 -4063.871931 0.212036 -0.545581 0.810791 0.731716 0.638580 0.238344 -0.647791 0.542731 0.534612
32.771615 -58.985400 2723.617260 245.815149 0.200092 0.143197 0.969256 0.951611 -0.263900 -0.157461 0.233239 0.953861 -0.189072
27.564950 -50.669570 3635.735679 914.554663 0.085135 0.112088 0.990045 0.953479 -0.297566 -0.048301 0.289189 0.948099 -0.132207
20.705406 -50.587995 2404.157661 1425.210466 0.134564 0.097636 0.986083 0.973064 -0.201004 -0.112885 0.187185 0.974713 -0.122054
21.844377 -55.006879 1864.971523 -114.949296 0.259825 0.113462 0.958967 0.959231 -0.144686 -0.242778 0.111203 0.982951 -0.146429
1576.371456 -53.436643 -625540.080015 21318.100538 0.216579 0.906179 -0.363226 -0.812845 0.373449 0.447011 -0.540719 -0.198434 -0.817464
953.192310 -5.928339 -366466.672416 7241.050958 0.297041 0.942299 -0.154399 -0.830837 0.334751 0.444580 -0.470613 0.003779 -0.882332
413.609478 -33.718899 -129814.143513 4953.634035 0.229300 0.720902 -0.654005 -0.708003 0.584613 0.396181 -0.667948 -0.372193 -0.644452
814.437116 17.929569 32114.821969 -14477.868497 0.479783 0.831634 0.279631 0.841468 -0.345887 -0.415082 -0.248476 0.434450 -0.865744
354.540685 -47.339185 -109716.484836 1093.265009 0.209542 0.662551 -0.719110 -0.754881 0.577057 0.311705 -0.621488 -0.477527 -0.621065
3083.081865 23.096398 -1130833.775545 -7917.597337 0.284545 0.941617 0.179979 0.940406 -0.237698 -0.243180 -0.186202 0.238449 -0.953137
-13.006600 -39.391740 -1589.272677 1902.214796 0.108623 0.021448 0.993852 0.921481 0.372887 -0.108760 -0.372927 0.927629 0.020740
-14.844805 -42.238866 -1307.803566 2688.843930 0.054754 -0.017719 0.998343 0.901857 0.430006 -0.041830 -0.428552 0.902652 0.039524
-12.489954 -36.697512 461.939807 2831.916184 0.202263 0.013428 0.979239 0.905395 0.378573 -0.192202 -0.373294 0.925474 0.064414
-9.861867 -38.887667 -1621.332834 -250.034983 0.218443 0.066944 0.973551 0.927752 0.295100 -0.228458 -0.302588 0.953118 0.002355
-10.719305 -43.456567 -1018.562958 1624.251728 0.053988 0.017278 0.998392 0.930106 0.362907 -0.056575 -0.363301 0.931665 0.003522
-9.171238 -34.524896 1306.627080 316.181237 0.349609 0.077833 0.933657 0.883140 0.305326 -0.356146 -0.312789 0.949062 0.038007
-5.681077 -113.309333 458.493695 -773.442163 -0.075991 -0.400399 0.913185 0.774744 0.552818 0.306862 -0.627692 0.730803 0.268197
-7.181586 -109.314814 1032.937975 -2442.753890 -0.081611 -0.429491 0.899376 0.642931 0.666838 0.376785 -0.761564 0.608986 0.221712
-6.800728 -110.820371 48.114527 431.289107 -0.062821 -0.405957 0.911731 0.802554 0.522491 0.287943 -0.593263 0.749802 0.292978
-4.583682 -113.944619 697.375844 2039.165017 -0.046910 -0.390465 0.919422 0.894934 0.392443 0.212325 -0.443727 0.832782 0.331030
-5.855774 -111.340896 -548.865499 2142.303502 -0.039268 -0.377047 0.925361 0.928071 0.329453 0.173622 -0.370326 0.865619 0.336989
-7.509724 -106.506328 -1479.075111 1117.145848 -0.049360 -0.386503 0.920966 0.897045 0.388297 0.211035 -0.439174 0.836565 0.327544
27.980377 -89.155557 -4500.360521 6958.428029 -0.276699 0.678671 -0.680326 -0.369991 0.578148 0.727222 -0.886873 -0.452936 -0.091130
27.503848 -107.017960 -2345.550003 9090.982427 -0.242358 0.670856 -0.700867 -0.522256 0.518596 0.676984 -0.817625 -0.530105 -0.224672
31.813550 -106.520119 -1874.959902 11413.743814 -0.204123 0.691401 -0.693036 -0.411634 0.581694 0.701562 -0.888195 -0.428482 -0.165867
-9.262963 -139.477965 -2436.420670 -12100.276939 0.555042 0.831603 -0.019113 -0.146939 0.075406 -0.986267 0.818741 -0.550228 -0.164048
-13.535945 -165.879040 -4389.619280 -14756.868458 0.553210 0.832875 -0.016672 -0.271018 0.161018 -0.949011 0.787723 -0.529521 -0.314801
-13.559552 -139.462100 -2792.564806 -19268.485211 0.534645 0.844624 -0.027649 -0.019612 -0.020308 -0.999601 0.844849 -0.534974 -0.005707
-11.514367 -121.437264 -2627.548321 -10105.419113 0.556201 0.830650 -0.025712 0.039810 -0.057535 -0.997549 0.830094 -0.553814 0.065070
-7.294467 -125.328880 -2173.487910 -5280.629308 0.574598 0.818349 -0.011921 -0.026024 0.003710 -0.999654 0.818022 -0.574710 -0.023429
40.601050 -74.284932 -4598.442126 6979.590809 0.580372 0.696558 0.421872 -0.498303 -0.105980 0.860501 -0.644099 0.709631 -0.285589
33.121470 -62.194013 -2997.270601 488.110253 0.630707 0.678684 0.376293 -0.368853 -0.164442 0.914826 -0.682756 0.715784 -0.146620
28.536179 -70.453069 -7329.130473 3058.564148 0.574902 0.758383 0.307152 -0.380961 -0.084122 0.920756 -0.724124 0.646358 -0.240552
35.998242 -92.063976 -8088.428162 12027.345307 0.545905 0.765702 0.340130 -0.508661 -0.019699 0.860742 -0.665772 0.642894 -0.378728
18.859328 -1032.657094 -29700.768756 -317417.943585 0.044687 0.932225 0.359109 0.984503 0.019923 -0.174231 -0.169577 0.361330 -0.916889
7.849712 -178.364823 26904.918668 -24934.206860 -0.464233 0.711061 0.528091 0.882994 0.324867 0.338796 0.069345 0.623582 -0.778677
157.486081 -728.364229 37856.795857 -271708.937278 -0.085671 0.846974 0.524686 0.927202 0.260509 -0.269132 -0.364633 0.463433 -0.807634
46.199834 -516.858493 -69025.268790 206120.761552 0.005878 0.937818 0.347076 -0.899901 -0.146388 0.410790 -0.436054 0.314749 -0.843083
-823.162863 -3909.464375 -279662.231087 1680671.235128 0.256648 0.961526 -0.097978 0.446059 -0.207769 -0.870553 0.857416 -0.179722 0.482221
-650.060599 -12229.843281 -207022.943889 -1352909.275369 0.251451 0.960693 -0.117651 0.352151 -0.204035 -0.913433 0.901533 -0.188253 0.389614
-214.421371 -8805.224973 -70082.686706 1129125.594031 0.347325 0.936459 -0.049078 -0.836951 0.285964 -0.466624 0.422940 -0.203146 -0.883093
-407.243601 -2137.043293 -125572.727806 1490646.358089 0.336043 0.939230 0.070161 -0.873188 0.338601 -0.350559 0.353012 -0.056539 -0.933909
-36.462105 -6436.221293 4002.226654 -4295483.181557 0.436846 0.891740 -0.118177 -0.086324 0.172328 0.981250 -0.895385 0.418454 -0.152260
-4.031994 -42.136795 -7190.457448 5497.354339 0.403535 -0.244616 -0.881659 -0.554535 0.701070 -0.448321 0.727771 0.669824 0.147258
-14.681502 -34.548966 5258.544636 -4409.004531 -0.477068 0.358780 0.802299 0.531333 -0.609417 0.588470 0.700065 0.707028 0.100102
-1.210195 -28.894764 7726.616194 -3654.239200 -0.403963 0.244828 0.881404 0.611724 -0.644097 0.459275 0.680153 0.724706 0.110424
-13.917315 -46.242412 -1771.618583 2564.997821 0.375932 0.362257 0.852904 0.419612 0.754094 -0.505241 -0.826196 0.547825 0.131481
-18.439845 -41.982292 -942.464848 2337.813496 0.304570 0.257393 0.917053 0.561362 0.729305 -0.391136 -0.769487 0.633926 0.077634
-13.021959 -39.679387 -2293.971410 3994.407712 0.387897 0.457620 0.800075 0.443783 0.668071 -0.597275 -0.807832 0.586740 0.056059
-6.197501 -43.313490 -2867.683530 815.994886 0.410172 0.489394 0.769580 0.296859 0.726233 -0.620049 -0.862342 0.482783 0.152599
-50.385101 -74.063183 -6068.165085 -3924.589852 0.178755 -0.601538 -0.778587 0.189152 0.797582 -0.572786 0.965540 -0.044882 0.256354
-56.784313 -81.232084 4237.516323 -2973.365110 -0.136356 0.753368 0.643307 0.045918 0.653480 -0.755550 0.989595 0.073484 0.123700
-45.706822 -75.033907 -6430.869133 -2521.965662 0.246635 -0.595622 -0.764464 0.072722 0.797984 -0.598276 0.966376 0.091963 0.240126
-12.033385 -28.411385 698.096345 -1113.370083 -0.038255 0.993615 -0.106138 -0.045970 -0.107854 -0.993103 0.998210 0.033112 -0.049802
-10.456256 -29.659636 239.595291 -671.887521 -0.056094 0.995143 -0.080890 -0.070013 -0.084738 -0.993940 0.995968 0.050091 -0.074426
-11.139624 -27.741402 -384.041892 -1402.148962 -0.058138 0.989001 -0.136003 0.009036 -0.135707 -0.990708 0.998268 0.058827 0.001047
-11.258685 -26.024520 398.026170 -1805.453360 -0.039538 0.986040 -0.161745 0.025955 -0.160804 -0.986645 0.998881 0.043208 0.019234
-5048.364357 -14693.821272 1926557.258724 -6605104.554114 -0.639449 0.187366 -0.745654 0.526202 0.813766 -0.246772 0.560551 -0.550163 -0.618954
-78.057475 -4684.309710 -18483.870195 -1777203.067637 0.116217 0.718203 0.686060 0.741245 0.397045 -0.541212 0.661097 -0.571436 0.486221
-1075.065068 -2809.941522 167985.934861 1117642.780693 -0.483532 0.861310 0.156017 -0.390594 -0.052800 -0.919047 0.783347 0.505328 -0.361953
-90.927628 -2139.000583 -44302.018557 -944925.260280 0.524112 0.814780 -0.247871 0.546270 -0.544913 -0.636128 0.653373 -0.197997 0.730685
-31.663937 -303.247440 13010.560474 -86405.436124 0.744760 -0.659232 -0.103660 0.657873 0.699229 0.279790 0.111965 0.276572 -0.954449
-127.044454 -426.508706 3881.167500 32331.470493 0.884765 -0.415724 -0.210630 0.464884 0.755504 0.461625 0.032777 0.506348 -0.861706
42.779847 -92.494616 4528.978176 -9477.925923 -0.465851 -0.662489 0.586592 0.877255 -0.432524 0.208200 0.115785 0.611581 0.782664
29.742459 -86.362650 2402.083296 -6138.717230 -0.538842 -0.653877 0.531125 0.841886 -0.395834 0.366801 -0.029605 0.644794 0.763783
31.089467 -74.054017 2940.734313 -8067.394646 -0.437583 -0.644824 0.626676 0.898943 -0.297785 0.321287 -0.020559 0.703936 0.709966
35.745134 -82.341988 1157.640640 -5634.401826 -0.364713 -0.618275 0.696219 0.927355 -0.308366 0.211950 0.083646 0.722943 0.685825
50.410345 -124.772102 7205.546055 -14729.207279 -0.474024 -0.637256 0.607623 0.825548 -0.561646 0.054997 0.306222 0.527692 0.792319
43.008624 -117.669509 6899.835164 -13518.620710 -0.531881 -0.661405 0.528816 0.801772 -0.594286 0.063129 0.272515 0.457567 0.846386
43.525451 -100.183319 1982.517941 -3937.912436 -0.383107 -0.610045 0.693595 0.894821 -0.431410 0.114812 0.229183 0.664628 0.711157
10.005780 -124.275643 7076.101085 -2832.862843 -0.408447 0.646040 -0.644828 0.247797 0.758392 0.602858 0.878503 0.086449 -0.469850
23.209787 -115.613532 6170.374742 -4008.793955 -0.351032 0.644920 -0.678862 0.219730 0.761490 0.609797 0.910217 0.064892 -0.409016
12.161982 -123.054022 7408.216927 -18.969084 -0.385748 0.659420 -0.645263 0.027721 0.707361 0.706309 0.922188 0.254570 -0.291143
-33.188176 -96.698387 2598.373993 -7351.924911 0.325632 0.213429 -0.921093 0.903269 -0.358111 0.236352 -0.279409 -0.908958 -0.309396
-26.396957 -90.574228 -157.264875 -14040.955940 0.264590 0.178010 -0.947789 0.847248 -0.512336 0.140298 -0.460612 -0.840134 -0.286377
-30.207877 -90.072058 2034.474661 -12381.834311 0.261114 0.255369 -0.930917 0.865010 -0.489943 0.108227 -0.428459 -0.833512 -0.348828
-30.868257 -89.345610 175.982614 -8404.784936 0.248082 0.310984 -0.917466 0.897971 -0.429152 0.097345 -0.363460 -0.848008 -0.385720
-33.227020 -93.682594 3819.558630 -5485.428662 0.285215 0.281540 -0.916181 0.920740 -0.346019 0.180303 -0.266253 -0.894989 -0.357915
-49.737339 -70.488003 139.121420 -1547.262070 0.697584 -0.611271 -0.373798 0.712703 0.538310 0.449752 -0.073701 -0.580147 0.811171
-53.256872 -71.729136 -500.743858 1505.066787 0.723984 -0.532444 -0.438579 -0.689349 -0.535010 -0.488429 -0.025417 -0.655948 0.754378
-53.555727 -75.386962 -836.713351 -1180.446387 0.636030 -0.608291 -0.474813 0.765766 0.573474 0.291086 0.095228 -0.548735 0.830555
-48.862108 -73.416729 -809.891790 -1248.253886 0.652659 -0.672193 -0.349562 0.757648 0.577655 0.303782 -0.002274 -0.463111 0.886297
-47.851805 -68.855755 -2476.628031 -1374.863360 0.673823 -0.699187 -0.238958 0.715867 0.537638 0.445511 -0.183022 -0.471257 0.862797
2.666282 -14.469330 2828.945493 755.392156 0.118127 -0.258233 -0.958834 0.688077 0.717486 -0.108463 0.715958 -0.646939 0.262439
4.478279 -19.709723 -638.019092 2012.970426 0.142229 -0.235503 -0.961410 0.670606 0.737334 -0.081407 0.728052 -0.633149 0.262800
3.709862 -17.474603 3502.219804 178.131185 0.031191 -0.313848 -0.948961 0.723470 0.662178 -0.195222 0.689651 -0.680456 0.247714
13.064557 -52.560436 -6242.057847 -1069.051529 -0.472813 0.064500 -0.878799 0.620214 -0.684075 -0.383896 -0.625925 -0.726555 0.283436
23.325589 -54.076791 -6728.796664 -1009.489687 -0.442618 0.064529 -0.894386 0.629032 -0.688489 -0.360972 -0.639068 -0.722370 0.264146
15.335904 -51.272182 7341.853904 825.131388 0.486305 -0.069672 0.871007 -0.538886 0.760760 0.361727 -0.687829 -0.645283 0.332416
2.910068 -51.008382 -5746.044734 -715.926658 -0.492763 0.072020 -0.867178 0.596932 -0.697128 -0.397096 -0.633133 -0.713320 0.300528
2.956262 -52.094822 -4562.993421 -793.641758 -0.472411 0.066003 -0.878903 0.676158 -0.612516 -0.409433 -0.565366 -0.787698 0.244731
2.130198 -61.573323 -818.474236 658.908459 -0.410806 -0.203305 0.888766 -0.136895 0.977524 0.160332 -0.901387 -0.055802 -0.429404
0.974329 -61.782331 492.966992 878.345509 -0.398539 -0.188918 0.897483 -0.149123 0.978882 0.139832 -0.904947 -0.078107 -0.418295
1.180168 -58.247571 -463.136190 395.985156 -0.412888 -0.166632 0.895409 -0.063731 0.985997 0.154103 -0.908549 0.006562 -0.417726
3.999034 -57.258462 -1126.709176 369.319060 -0.416078 -0.199592 0.887154 -0.043450 0.978863 0.199847 -0.908290 0.044605 -0.415956
4.793045 -53.109158 -600.362951 3899.284507 -0.410718 -0.178113 0.894196 0.085034 0.968976 0.232066 -0.907788 0.171351 -0.382831
2.491930 -52.184207 -1087.484445 4630.692575 -0.423355 -0.123421 0.897518 0.121184 0.974060 0.191108 -0.897823 0.189671 -0.397416
0.940449 -56.147486 -645.133460 -5062.437997 0.176366 0.330065 -0.927336 0.977167 -0.172115 0.124582 -0.118489 -0.928135 -0.352883
0.399292 -58.356239 474.649977 -2287.786322 0.166954 0.351305 -0.921255 0.985895 -0.048372 0.160223 0.011725 -0.935011 -0.354426
2.465651 -51.312297 9.187215 -4265.359155 0.219770 0.338347 -0.914999 0.959149 -0.246213 0.139330 -0.178143 -0.908240 -0.378635
2.273128 -50.261118 -901.812939 -3386.230175 0.203988 0.324509 -0.923625 0.953712 -0.278816 0.112673 -0.220958 -0.903856 -0.366363
0.748129 -55.021365 -1169.952784 -5889.991849 0.182871 0.329703 -0.926204 0.966124 -0.234771 0.107181 -0.182108 -0.914428 -0.361466
-0.670737 -60.448364 -246.403499 -4899.945151 0.137655 0.344112 -0.928783 0.988778 -0.102698 0.108497 -0.058050 -0.933295 -0.354387
10.217274 -77.889796 -1972.018751 4466.218937 -0.310468 -0.214024 0.926177 -0.333881 0.936799 0.104557 -0.890019 -0.276771 -0.362304
12.580270 -77.855821 -1700.922703 1288.899891 -0.298959 -0.202163 0.932606 -0.211924 0.966962 0.141675 -0.930436 -0.155287 -0.331925
15.043743 -78.570722 -1351.434685 3769.572707 -0.264458 -0.223516 0.938138 -0.304194 0.942445 0.138791 -0.915166 -0.248672 -0.317229
10.923108 -82.275091 -1054.418988 1418.677215 -0.271944 -0.226433 0.935294 -0.506795 0.859918 0.060830 -0.818050 -0.457459 -0.348605
-13.355726 -93.017060 -379.940947 -3525.775827 0.046694 -0.450451 0.891579 0.958539 0.271386 0.086911 -0.281111 0.850555 0.444447
-14.947038 -87.325873 -610.037595 -1948.130655 0.062816 -0.453632 0.888973 0.897089 0.416008 0.148894 -0.437363 0.788134 0.433080
-13.354070 -90.382217 394.828893 -2314.538204 0.091218 -0.477075 0.874116 0.926790 0.361814 0.100757 -0.364336 0.800931 0.475152
-11.001190 -97.003083 -16.151454 -3880.826457 0.087834 -0.471670 0.877390 0.979396 0.201685 0.010377 -0.181850 0.858400 0.479666
-11.308717 -93.182856 1212.052354 -2474.989695 0.126873 -0.495085 0.859531 0.948809 0.313258 0.040383 -0.289248 0.810408 0.509485
-12.663300 -88.429746 1160.484319 -1353.662541 0.140828 -0.496298 0.856654 0.882188 0.455628 0.118940 -0.449345 0.738980 0.501994
-14.613830 -50.939956 2951.336157 -3678.590945 0.302093 0.195556 -0.933005 0.723920 -0.683848 0.091061 -0.620226 -0.702929 -0.348153
-13.281351 -50.744743 2287.317931 -2537.645314 0.299225 0.229506 -0.926170 0.732030 -0.677816 0.068539 -0.612043 -0.698493 -0.370825
-15.146842 -52.570469 3938.934305 6078.927778 0.322847 0.230006 -0.918078 0.823087 -0.547091 0.152380 -0.467224 -0.804853 -0.365942
-15.910392 -53.041538 -1081.833491 8138.624025 -0.274650 -0.204462 0.939554 -0.628894 0.777353 -0.014674 -0.727365 -0.594910 -0.342085
-18.298554 -54.811050 -1015.647787 8595.208590 -0.277060 -0.153491 0.948514 -0.671846 0.736674 -0.077035 -0.686921 -0.658599 -0.307225
22.235538 -31.554842 -2753.537474 -87.103778 0.639577 0.736752 0.219404 0.552365 -0.241951 -0.797717 0.534635 -0.631393 0.561702
26.056906 -36.520901 -854.589958 2051.112518 -0.549137 -0.782349 -0.293902 0.657679 -0.187553 -0.729576 0.515661 -0.593930 0.617528
17.675949 -39.127681 -367.883210 392.492858 0.629228 0.762436 0.150871 0.518652 -0.267335 -0.812116 0.578853 -0.589256 0.563654
16.099940 -31.355642 -3431.629728 136.618052 0.701954 0.703552 0.110790 0.421740 -0.285250 -0.860679 0.573930 -0.650881 0.496949
15.170880 -40.724351 690.291259 -393.580553 0.671010 0.741258 0.016787 0.379105 -0.323545 -0.866948 0.637201 -0.588095 0.498116
1.021498 -144.405022 -143.596767 -7682.964507 0.097608 0.902813 0.418811 -0.895399 0.263359 -0.359030 0.434434 0.339959 -0.834084
0.516837 -155.779390 -222.656187 7168.270730 0.113647 0.903778 0.412638 0.981935 -0.165420 0.091870 0.151288 0.394743 -0.906250
-0.793380 -160.317731 -1455.726039 13073.658956 0.120177 0.909507 0.397938 0.951219 -0.220224 0.216065 0.284148 0.352560 -0.891606
-18.712964 -104.823626 -1280.728599 8727.582767 -0.060486 0.196265 -0.978684 0.134039 0.973195 0.186880 0.989128 -0.119878 -0.085172
-23.199282 -122.956403 -2533.772751 5520.454316 -0.044377 0.258344 -0.965033 0.374120 0.899989 0.223728 0.926318 -0.351110 -0.136590
-22.944042 -116.039997 -1231.967094 8704.548438 -0.094464 0.253668 -0.962668 0.221654 0.948078 0.228073 0.970539 -0.191835 -0.145786
-7.621014 -48.842449 184.162911 -505.739555 0.351377 0.222291 -0.909462 0.836303 0.362158 0.411630 0.420871 -0.905223 -0.058649
-7.564871 -49.069184 -626.679012 -3877.123058 0.365594 0.206086 -0.907673 0.882452 0.233382 0.408425 0.296005 -0.950295 -0.096538
-6.460323 -49.149997 771.486761 -3856.186199 0.333444 0.237724 -0.912306 0.884063 0.257299 0.390167 0.327487 -0.936635 -0.124368
-8.315622 -47.883467 -618.749108 -169.968650 0.385572 0.214871 -0.897310 0.809531 0.387840 0.440726 0.442712 -0.896332 -0.024404
-7.159239 -52.208898 1464.017356 699.228274 0.304798 0.241266 -0.921351 0.824316 0.417746 0.382089 0.477076 -0.875944 -0.071551
-8.758533 -53.809760 567.602759 2995.956696 0.328666 0.214952 -0.919660 0.779722 0.487710 0.392648 0.532928 -0.846129 -0.007309
-0.956802 -156.918595 -1351.462879 5187.219015 0.453495 0.792158 0.408445 0.206248 0.352564 -0.912776 0.867066 -0.498181 0.003495
-4.123793 -144.830548 -1150.796770 1392.449513 0.458662 0.802838 0.380894 0.042783 0.408191 -0.911893 0.887580 -0.434546 -0.152874
-3.793941 -159.477455 -1931.907372 9071.403840 0.443585 0.777615 0.445585 0.332024 0.319216 -0.887615 0.832462 -0.541678 0.116587
-0.698801 -172.114235 -2136.630168 8350.550659 0.434376 0.764212 0.476758 0.487241 0.245817 -0.837956 0.757571 -0.596283 0.265578
-3.130422 -183.884203 -1378.860733 14503.679928 0.397138 0.767345 0.503451 0.593073 0.204063 -0.778860 0.700390 -0.607898 0.374051
17.566922 -167.043781 -2496.739713 -28736.286938 0.179638 0.904877 0.385911 0.383052 -0.425672 0.819801 -0.906091 -0.000556 0.423082
18.476748 -206.809365 -2277.175871 -23270.660227 0.223585 0.883614 0.411383 0.616637 -0.455099 0.642373 -0.754830 -0.110049 0.646623
16.052084 -179.485330 -1190.417221 -18898.637584 0.199021 0.884737 0.421464 0.587871 -0.451877 0.670980 -0.784091 -0.114228 0.610044
-7.634872 -25.596437 1855.705930 -2182.975445 -0.156561 0.581416 -0.798401 0.811103 0.536941 0.231962 0.563560 -0.611269 -0.555652
-8.079073 -26.286575 -1159.591425 -2541.302568 -0.251684 0.509368 -0.822922 0.776686 0.613611 0.142267 0.577420 -0.603346 -0.550055
-9.762722 -30.327510 958.987151 1626.895820 -0.134078 0.593042 -0.793930 -0.777864 -0.559350 -0.286453 0.613963 -0.579162 -0.536302
-14.158547 -30.391011 3366.788251 1552.117602 0.009279 0.680489 -0.732700 -0.800745 -0.433820 -0.413047 0.598934 -0.590538 -0.540872
-14.528157 -25.301952 4587.515251 -2594.210282 -0.041742 0.646419 -0.761840 0.838658 0.437113 0.324939 0.543057 -0.625359 -0.560370
28.410252 -305.373206 -8817.146845 -36695.061657 0.341578 0.898691 0.275098 -0.791248 0.432934 -0.431851 0.507200 0.070160 -0.858968
25.647197 -284.040279 -11765.035861 23844.969586 0.363278 0.871976 0.328157 -0.638663 0.489511 -0.593708 0.678335 -0.006099 -0.734727
46.577875 -444.793785 -11022.075207 56210.022387 0.359530 0.875015 0.324171 -0.779277 0.472644 -0.411503 0.513288 0.104671 -0.851809
43.756737 -404.753789 -13983.041092 37323.155770 0.353907 0.899774 0.255259 0.922154 -0.381257 0.065378 0.156144 0.212251 -0.964660
58.213509 -425.083816 -2943.687495 65714.830841 0.285411 0.847242 0.448020 -0.741202 0.491478 -0.457241 0.607585 0.201571 -0.768251
63.878331 -371.390241 -5614.683950 31365.146003 0.324033 0.844965 0.425484 0.905644 -0.407081 0.118715 0.273516 0.346870 -0.897146
-11.321842 -428.831818 52560.511357 -135703.778744 -0.568179 -0.276298 -0.775134 0.740972 -0.581516 -0.335856 -0.357956 -0.765179 0.535134
-17.593746 -111.143601 12782.288192 22327.816337 -0.529102 -0.323734 -0.784377 0.833336 -0.372536 -0.408372 -0.160005 -0.869720 0.466889
-2364.499299 -19416.672304 -1329589.240508 -11140501.485944 0.903586 -0.409134 -0.127047 0.060276 0.415023 -0.907812 -0.424144 -0.812629 -0.399670
15.693946 -29.525709 1464.720376 5541.371048 0.139671 0.104583 0.984660 0.655857 0.735234 -0.171122 -0.741852 0.669696 0.034100
12.081185 -38.231445 1983.430970 6218.209113 0.088796 -0.017411 0.995898 0.667305 0.743331 -0.046503 -0.739472 0.668697 0.077623
11.066134 -43.193431 2265.806377 -242.287319 0.070764 -0.023254 0.997222 0.573311 0.819054 -0.021583 -0.816276 0.573245 0.071291
-4.533695 -91.579366 4261.703218 -8668.848679 0.260086 0.867751 0.423512 0.726727 -0.464713 0.505875 -0.635785 -0.176207 0.751484
1.362871 -85.940744 614.803693 -7648.459728 0.196907 0.885995 0.419809 0.719465 -0.421464 0.552031 -0.666032 -0.193339 0.720432
0.998682 -75.512011 2804.499853 -7300.659018 0.225455 0.883778 0.410008 0.610729 -0.456095 0.647292 -0.759065 -0.104468 0.642578
-6.022292 -87.576549 4926.420234 -9286.628170 0.287720 0.848479 0.444186 0.667996 -0.510148 0.541785 -0.686294 -0.140831 0.713560
-12.567551 -104.413349 3291.092684 -9008.204518 0.311455 0.827657 0.466882 0.783415 -0.501717 0.366798 -0.537826 -0.251522 0.804661
-22.649865 -37.461495 717.686150 270.856032 0.128375 -0.470867 0.872814 0.320013 0.852685 0.412940 -0.938675 0.226301 0.260147
-20.012409 -36.818956 1551.955389 -818.334623 0.137292 -0.521137 0.842358 0.254458 0.840427 0.478469 -0.957289 0.148654 0.247992
-20.153699 -37.453185 669.163344 580.679662 0.135865 -0.583604 0.800591 0.353662 0.783414 0.511064 -0.925453 0.213703 0.312837
-21.467474 -36.304345 919.563176 -941.125525 0.130510 -0.355250 0.925616 0.217177 0.921170 0.322923 -0.967368 0.158878 0.197374
-23.613450 -37.157902 1030.439454 624.392245 0.142247 -0.497659 0.855629 0.397882 0.820256 0.410938 -0.906342 0.281985 0.314688
-25.035947 -38.025944 849.643271 48.039304 0.139470 -0.339836 0.930086 0.337564 0.899322 0.277976 -0.930913 0.275194 0.240145
-8.418782 -50.780707 -1759.462220 2935.368877 0.280292 0.123392 -0.951951 0.519468 0.814445 0.258520 0.807211 -0.566969 0.164184
-8.163734 -50.745865 -719.329162 1901.813385 0.288323 0.131036 -0.948525 0.593589 0.752827 0.284434 0.751347 -0.645043 0.139275
-10.773704 -52.079436 -951.077819 1265.723187 0.312980 0.174308 -0.933627 0.600427 0.725340 0.336702 0.735887 -0.665957 0.122358
-12.242581 -53.796322 -1103.433076 3876.350028 0.294570 0.185939 -0.937366 0.515908 0.794724 0.319769 0.804405 -0.577789 0.138175
-8.108440 -47.295649 -2509.943289 790.198157 0.274476 0.132394 -0.952436 0.464911 0.848748 0.251961 0.841737 -0.511955 0.171410
18.053093 -209.020388 -2213.414937 -34819.124363 -0.116640 -0.376268 0.919139 -0.100998 0.925152 0.365913 -0.988026 -0.050151 -0.145912
18.842981 -128.149677 816.806389 -4526.412071 -0.072125 -0.377904 0.923031 -0.050655 0.925635 0.375012 -0.996108 -0.019708 -0.085904
14.327869 -122.823758 4838.458769 15542.537645 -0.031284 -0.360209 0.932347 -0.184788 0.918808 0.348777 -0.982280 -0.161376 -0.095306
14.103808 -128.948012 3296.916366 6078.119376 -0.015083 -0.415535 0.909452 -0.076242 0.907386 0.413326 -0.996975 -0.063104 -0.045367
7.345369 -113.510883 5296.218223 15647.155888 -0.006676 -0.324213 0.945961 -0.314404 0.898688 0.305792 -0.949266 -0.295373 -0.107934
1.733473 -152.697756 -1252.787163 -37056.111201 0.551507 -0.479384 -0.682665 0.833845 0.339673 0.435115 0.023296 -0.809206 0.587064
5.898449 -106.631685 -586.877032 -10493.189033 0.369178 -0.544733 -0.752976 0.917093 0.082336 0.390078 -0.150492 -0.834558 0.529967
3.615903 -84.850983 -525.790800 -2850.029019 0.294912 -0.566849 -0.769226 0.949305 0.082110 0.303444 -0.108845 -0.819719 0.562328
4.243032 -169.427860 -956.232673 -36525.082104 0.533121 -0.489774 -0.689858 0.846019 0.302925 0.438736 -0.005906 -0.817531 0.575854
-30.981575 -413.613527 -11536.319753 -101572.852904 -0.446476 0.840817 0.306082 -0.821499 -0.520765 0.232255 -0.354681 0.147749 -0.923240
-76.782177 -452.061306 -17754.838566 -116681.252605 -0.340419 0.878005 0.336486 -0.881003 -0.422882 0.212140 -0.328554 0.224229 -0.917482
-44.715705 -401.864475 -13639.324134 108628.235026 -0.429858 0.843805 0.321271 0.899001 0.433010 0.065574 -0.083782 0.317010 -0.944714
24.135885 -29.087227 -6648.466027 3511.596605 -0.144428 0.216283 -0.965589 0.981433 0.155779 -0.111904 0.126216 -0.963823 -0.234766
49.846836 -31.481661 -14752.521152 1786.294873 -0.182388 0.246163 -0.951913 0.975812 0.163995 -0.144559 0.120524 -0.955254 -0.270119
26.989755 -35.890974 -10369.783632 2722.816214 -0.156283 0.214735 -0.964087 0.986329 0.085568 -0.140829 0.052254 -0.972917 -0.225172
14.540283 -35.295328 -3072.871553 3519.355510 -0.103452 0.223973 -0.969089 0.992943 0.080052 -0.087497 0.057981 -0.971302 -0.230674
14.744820 -42.571203 -1510.286586 2422.907941 -0.095129 0.223547 -0.970040 0.994630 -0.018557 -0.101817 -0.040762 -0.974517 -0.220581
26.097927 -40.385445 -9410.795587 1946.169717 -0.148776 0.228187 -0.962183 0.987850 -0.009907 -0.155095 -0.044923 -0.973567 -0.223941
-46.515783 -70.271847 9.546370 6481.070032 0.285210 -0.252048 -0.924731 0.142572 0.965227 -0.219113 0.947802 -0.069347 0.311227
-39.133855 -56.892114 -216.647776 4470.250751 0.299213 -0.539397 -0.787097 0.108605 0.838780 -0.533529 0.947986 0.074156 0.309555
64.089439 -105.818905 -4023.811319 7266.034592 -0.138434 0.115306 0.983636 0.955857 0.275476 0.102232 -0.259180 0.954368 -0.148351
48.744157 -104.978935 -11495.172830 4355.776172 -0.230942 0.237356 0.943572 0.883444 0.457489 0.101144 -0.407666 0.856952 -0.315344
-145.778741 -1183.993204 -82101.424733 -512916.955974 0.077449 -0.286288 -0.955008 0.996354 -0.012160 0.084447 -0.035789 -0.958066 0.284302
-55.163940 -68.054597 7690.389833 5776.860294 -0.507373 0.771750 -0.383373 -0.377393 -0.598958 -0.706274 0.774691 0.213662 -0.595149
-64.261827 -81.215386 750.567981 8759.849405 -0.072851 0.995069 0.067307 -0.515087 0.020251 -0.856899 0.854037 0.097094 -0.511071
-54.782150 -63.316052 18217.803515 -922.324079 -0.657479 0.295335 -0.693180 0.147453 0.952625 0.266014 0.738904 0.072687 -0.669879
-17.427516 -58.984654 23543.963831 -970.697146 -0.737906 0.239009 -0.631165 0.051609 0.952438 0.300332 0.672927 0.189043 -0.715145
5.355228 -139.194026 -2463.698303 -1293.686228 0.611747 0.789674 0.046699 0.638389 -0.457964 -0.618651 0.467146 -0.408269 0.784277
2.839954 -138.191197 -2429.040190 -145.034230 0.609872 0.790469 0.056707 0.704620 -0.508103 -0.495320 0.362722 -0.342038 0.866858
-9.696808 -66.892152 966.291664 -2000.573117 -0.118909 0.469149 -0.875077 0.004157 0.881557 0.472059 0.992896 0.052494 -0.106776
-9.404969 -61.080376 247.359881 -1553.255402 -0.091546 0.455160 -0.885691 -0.086681 0.882408 0.462432 0.992021 0.119106 -0.041328
12.796105 -62.595765 -877.797212 -10410.523341 -0.000062 -0.495870 0.868397 0.352469 0.812655 0.464066 -0.935824 0.306112 0.174728
14.821507 -76.328355 -687.108820 -11510.712463 0.017362 -0.499909 0.865904 0.459430 0.773182 0.437166 -0.888044 0.390232 0.243097
12.023120 -63.706075 -402.296788 -12689.344657 0.008215 -0.551135 0.834376 0.326294 0.790210 0.518749 -0.945233 0.267991 0.186323
10.069029 -56.588368 -1045.151226 -2824.397634 -0.004318 -0.497317 0.867558 0.288541 0.830046 0.477250 -0.957458 0.252387 0.139912
4.786864 -118.692506 4482.623680 -5513.388158 0.288594 -0.618700 0.730701 0.855719 0.509011 0.093020 -0.429487 0.598429 0.676331
10.348925 -119.438910 4469.994661 -2201.596290 0.268885 -0.620091 0.737013 0.933758 0.355481 -0.041578 -0.236212 0.699372 0.674598
5.076741 -120.994877 4672.387543 -2699.525401 0.281889 -0.626585 0.726588 0.929790 0.365236 -0.045756 -0.236706 0.688472 0.685548
-2.909848 -120.452943 1139.557722 42.191816 0.258320 -0.591077 0.764133 0.922763 0.385112 -0.014052 -0.285971 0.708743 0.644906
0.398845 -119.900198 2750.516238 -7023.050168 0.269860 -0.612277 0.743164 0.861715 0.497965 0.097355 -0.429678 0.614124 0.661989
-2.058747 -132.089914 639.653133 -3397.303951 -0.026625 -0.335762 0.941570 0.980151 -0.193879 -0.041421 0.196458 0.921778 0.334259
697.765291 10.077726 218654.367337 -1519.789746 0.640317 0.652384 0.405450 0.761466 -0.469858 -0.446545 -0.100815 0.594667 -0.797626
363.029061 12.548015 -40206.512624 -7452.843739 0.482010 0.871964 0.085705 -0.828757 0.422002 0.367526 -0.284302 0.248179 -0.926056
-15.787617 -43.626919 -1336.224960 76.169308 0.019500 -0.038711 0.999060 0.859096 0.511805 0.003063 -0.511442 0.858229 0.043236
-15.415513 -41.327317 93.757195 1828.106569 0.101660 -0.039478 0.994036 0.883325 0.463207 -0.071941 -0.457604 0.885370 0.081961
28.478680 -124.162962 145.866987 10903.291251 -0.173915 0.678558 -0.713662 -0.621219 0.486715 0.614162 -0.764094 -0.550152 -0.336886
25.896855 -118.283781 344.542561 9591.907496 -0.207190 0.666016 -0.716586 -0.683791 0.425253 0.592950 -0.699645 -0.612848 -0.367308
20.756772 -111.424411 -3312.306140 7777.526953 -0.275295 0.626303 -0.729354 -0.627973 0.457292 0.629710 -0.727917 -0.631370 -0.267411
-0.626713 -171.352895 -2122.318771 5549.328847 0.615439 0.783899 0.082079 -0.641252 0.558538 -0.526147 0.458290 -0.271178 -0.846423
-9.091146 -179.944412 -3688.069306 -4732.852038 0.577216 0.815886 0.033920 -0.495427 0.382916 -0.779697 0.649133 -0.433249 -0.625238
-2.047013 -159.420250 -675.439286 -1956.722571 0.588244 0.804655 0.080615 -0.504719 0.443196 -0.740835 0.631845 -0.395104 -0.666832
0.155287 -146.142640 445.438605 -2954.213146 0.609532 0.786020 0.103166 -0.468981 0.462440 -0.752467 0.639162 -0.410270 -0.650500
3.653317 -155.617164 1292.544857 4630.881913 0.619990 0.773468 0.131756 -0.610784 0.581187 -0.537740 0.492500 -0.252919 -0.832752
-5.064905 -220.193529 -2037.215680 29779.052744 0.451975 0.860161 0.236308 -0.738734 0.212446 0.639640 -0.499991 0.463670 -0.731451
-4.163763 -178.788169 -1558.263006 22565.110853 0.453519 0.862526 0.224431 -0.568332 0.085907 0.818302 -0.686527 0.498667 -0.529162
-7.691195 -187.657497 -1076.235619 25738.119714 0.471278 0.850443 0.233758 -0.587298 0.104861 0.802549 -0.658011 0.515510 -0.548882
-7.496785 -155.076597 -1485.872945 17052.533354 0.475623 0.853887 0.211328 -0.382234 -0.015755 0.923931 -0.792262 0.520220 -0.318891
-126.441695 -1109.853947 -21621.522039 -339373.140311 0.594831 0.691543 -0.409811 0.803806 -0.517112 0.294095 -0.008539 -0.504345 -0.863460
-71.843448 -1383.135316 8782.944346 677033.165740 -0.650648 -0.694010 0.308234 -0.674405 0.714671 0.185538 -0.349051 -0.087155 -0.933042
-58.788817 -733.879914 7320.198492 231604.579058 0.745209 0.634060 -0.206476 -0.659428 0.746730 -0.086887 -0.099090 -0.200905 -0.974586
-62.534836 -1283.752254 16065.123017 641595.216115 -0.613192 -0.645205 0.455748 -0.686456 0.720711 0.096715 -0.390864 -0.253545 -0.884839
-163.672091 -1691.583443 22142.971538 -140241.009713 0.387766 0.748655 -0.537729 0.846227 -0.057861 0.529672 0.365428 -0.660429 -0.655969
-86.084528 -1615.110234 -5475.701496 -701542.157686 0.703795 0.609053 -0.365686 -0.587209 0.209040 -0.781977 0.399823 -0.765086 -0.504763
-37.693249 -718.112545 -16130.777462 -82997.240943 0.662390 0.577551 -0.477152 0.749159 -0.509775 0.422955 0.001038 -0.637624 -0.770347
11.657146 -40.249370 -532.164561 6665.038856 0.522637 0.696330 0.491909 0.014348 -0.584084 0.811566 -0.852435 0.417096 0.315255
2.303484 -42.375673 -2175.798414 -2277.634866 0.463883 0.604387 0.647711 0.146607 0.668681 -0.728953 -0.873681 0.433108 0.221582
3.136695 -42.826192 -905.144329 -4117.512886 0.490389 0.659908 0.569244 -0.207310 -0.546096 0.811666 -0.846487 0.516042 0.130994
7.842518 -45.615772 386.330829 -4691.875801 0.534333 0.712886 0.454182 -0.125369 -0.464538 0.876634 -0.835925 0.525355 0.158845
-49.495003 -78.353115 -5256.445443 -1366.449509 0.248823 -0.681215 -0.688500 -0.054432 0.699899 -0.712165 0.967018 0.214680 0.137071
-30.403467 -33.707417 2000.431894 479.561189 -0.126163 0.528890 -0.839260 0.382756 0.806463 0.450683 0.915194 -0.264373 -0.304182
-28.871835 -35.431739 2216.911257 759.496180 -0.144673 0.501610 -0.852911 0.451725 0.800393 0.394101 0.880349 -0.328265 -0.342385
-25.774947 -33.223872 3089.837734 1038.473015 -0.232611 0.444684 -0.864955 0.367946 0.863485 0.344977 0.900282 -0.238011 -0.364476
-26.306745 -30.467849 2515.609187 419.823131 -0.175707 0.572593 -0.800790 0.337269 0.799230 0.497475 0.924866 -0.182672 -0.333549
