16706
33394
-21.331618 -30.126152 448.662237 -1552.935291 0.545203 0.823639 0.156115 -0.146460 0.276949 -0.949657 0.825411 -0.494892 -0.271623
-23.739343 -35.058993 134.966820 -1373.262452 0.567517 0.812261 0.134748 -0.232452 0.315060 -0.920165 0.789867 -0.490887 -0.367614
-24.499333 -40.310261 -128.617745 -2535.051630 -0.565248 -0.620942 -0.543070 0.019797 0.647929 -0.761443 0.824683 -0.441155 -0.353948
-20.566390 -29.848287 81.918668 -835.428386 0.536859 0.820770 -0.195240 -0.369664 0.020826 -0.928932 0.758374 -0.570879 -0.314590
-17.756667 -29.565412 1369.600367 -2130.063050 0.501921 0.760906 0.411215 0.052834 0.447579 -0.892682 0.863298 -0.469782 -0.184448
-19.007342 -25.419563 196.421924 -1121.356383 0.480189 0.829677 -0.284700 -0.331717 -0.128704 -0.934558 0.812024 -0.543205 -0.213416
32.475820 -56.482829 2672.575618 -6290.431893 -0.162858 -0.652225 -0.740324 -0.272626 0.750876 -0.601549 0.948236 0.103865 -0.300100
32.363825 -38.260655 2677.587937 -3231.845751 -0.154541 -0.611699 -0.775848 -0.128690 0.791056 -0.598055 0.979569 0.007419 -0.200970
36.673390 -52.274924 584.208351 -5416.724165 -0.039969 -0.583492 -0.811135 -0.172532 0.803620 -0.569585 0.984193 0.117181 -0.132791
42.099739 -69.373732 2153.942046 -6456.947376 -0.061462 -0.613221 -0.787516 -0.411054 0.734543 -0.539891 0.909537 0.290529 -0.297213
36.083784 -67.522486 -3530.531306 -5514.425144 0.158323 0.691835 0.704484 -0.500921 0.671128 -0.546503 0.850889 0.266367 -0.452809
6.680739 -12.014714 -2610.348505 -693.551779 0.481284 0.522734 -0.703644 0.136931 0.748039 0.649375 0.865803 -0.408884 0.288441
18.442520 -10.251262 -3858.260556 -1044.813079 0.444759 0.476702 -0.758252 0.192526 0.775918 0.600736 0.874713 -0.413166 0.253319
3.612834 -7.454018 -2495.061795 1322.326893 0.519835 0.579768 -0.627408 0.109286 0.683272 0.721939 0.847248 -0.443856 0.291828
-3.027741 -13.036614 -1500.416061 -1641.604198 0.493312 0.709467 -0.503289 0.004593 -0.580707 -0.814100 0.869840 -0.399293 0.289728
19.485295 -25.093527 -1414.506853 129.921279 -0.441792 -0.733066 -0.517140 0.688340 0.092692 -0.719441 0.575333 -0.673812 0.463648
19.235487 -24.304757 -1021.283733 183.269098 -0.455566 -0.724579 -0.517150 0.603407 0.175769 -0.777821 0.654492 -0.666401 0.357142
20.658129 -24.614842 692.108891 107.407802 -0.496118 -0.655432 -0.569452 0.684423 0.108347 -0.720990 0.534258 -0.747442 0.394839
21.168755 -25.241260 50.607417 50.367630 -0.475162 -0.671838 -0.568203 0.755671 0.019229 -0.654669 0.450758 -0.740448 0.498552
19.016185 -25.506377 -1856.904131 94.298966 -0.430473 -0.745374 -0.509030 0.757385 0.008478 -0.652914 0.490980 -0.666593 0.560885
0.095239 -17.660942 207.145773 2187.978971 -0.436386 0.807986 -0.395887 0.721045 0.577226 0.383282 -0.538202 0.118194 0.834487
-1.708466 -16.464723 363.467063 1516.330200 -0.357388 0.863994 -0.354666 0.770740 0.487311 0.410473 -0.527479 0.126657 0.840074
-0.728683 -10.707464 171.675910 891.053228 -0.397126 0.839927 -0.369884 0.758712 0.527221 0.382615 -0.516379 0.128689 0.846636
0.300260 -11.856835 107.316775 1175.863871 -0.479207 0.776155 -0.409810 0.702141 0.619164 0.351618 -0.526649 0.119246 0.841678
-2.407597 -20.543676 688.284218 420.432504 0.398659 0.665090 0.631448 0.093106 0.655618 -0.749330 0.912361 -0.357519 -0.199444
0.606343 -22.062525 1193.191977 473.118510 0.377977 0.738595 0.558221 0.072233 0.577586 -0.813128 0.922993 -0.347665 -0.164963
-2.907662 -22.148649 668.637080 189.952494 0.418983 0.741474 0.524089 0.178017 0.498914 -0.848171 0.890373 -0.448666 -0.077042
-4.288177 -19.569764 112.465086 208.278755 -0.441735 -0.634818 -0.633937 0.144291 0.647145 -0.748588 0.885466 -0.422149 -0.194268
-4.400386 -20.454253 -205.667599 32.710813 0.467516 0.701223 0.538251 0.212017 0.502172 -0.838375 0.858183 -0.506072 -0.086102
-4.050302 -22.627161 47.661697 -80.039906 0.467114 0.760326 0.451342 0.282958 0.355068 -0.890989 0.837699 -0.543904 0.049283
-2.454457 -24.271569 801.557390 75.038616 0.428099 0.802128 0.416319 0.261479 0.331026 -0.906670 0.865078 -0.497003 0.068028
-3.005578 -24.632973 115.137067 -455.702996 0.249564 0.858254 0.448461 0.841817 0.036607 -0.538520 -0.478604 0.511917 -0.713357
-2.473962 -22.735787 -88.302037 596.952530 0.240961 0.872147 0.425790 -0.776876 -0.089634 0.623242 -0.581723 0.480963 -0.655952
-2.924076 -22.135694 23.312346 510.331512 0.248607 0.861560 0.442616 -0.763773 -0.106661 0.636612 -0.595689 0.496324 -0.631519
9.280098 -28.982315 -1310.299733 -1695.885762 0.133726 0.817153 0.560695 0.266332 -0.574595 0.773891 -0.954560 -0.045841 0.294472
12.331257 -27.332900 -1380.093054 1007.405971 0.181224 0.775615 0.604631 0.212818 -0.631173 0.745875 -0.960139 0.006494 0.279449
11.776740 -23.880032 -927.400059 -695.528093 0.295835 0.752971 0.587806 0.283358 -0.656826 0.698776 -0.912245 0.040163 0.407672
8.439236 -31.492615 -791.804588 -4318.649051 0.226384 0.829286 0.510915 0.343274 -0.558806 0.754916 -0.911544 -0.004483 0.411177
5.715889 -36.405161 -823.598600 -3113.679190 0.122640 0.874758 0.468784 0.396172 -0.476234 0.785015 -0.909949 -0.089444 0.404960
0.497920 -56.823675 118.120135 2617.947473 0.410317 0.850958 0.327886 0.911655 -0.391793 -0.124031 0.022919 0.349811 -0.936540
1.024914 -62.809878 106.193503 1493.080681 0.428670 0.846110 0.316765 0.881323 -0.314481 -0.352663 -0.198775 0.430348 -0.880505
1.723486 -56.791700 165.683158 2519.611047 0.427999 0.846025 0.317898 0.903723 -0.404544 -0.140102 0.010074 0.347256 -0.937716
0.937075 -50.201378 123.037315 2050.069667 0.395723 0.860137 0.321820 0.894399 -0.440497 0.077538 0.208454 0.257153 -0.943620
-0.077786 -48.930606 106.452533 2314.102277 0.376513 0.866288 0.328305 0.897418 -0.429024 0.102859 0.229956 0.255899 -0.938955
-6.912562 -20.797718 1138.903195 425.555282 0.775108 -0.598729 0.201820 0.328419 0.654668 0.680846 -0.539767 -0.461447 0.704072
-5.241868 -22.411030 1129.772867 468.201967 0.805826 -0.533895 0.256127 0.209138 0.661263 0.720411 -0.553991 -0.526960 0.644521
-3.481698 -21.425428 787.010524 381.236727 0.794725 -0.560572 0.232748 0.285957 0.684029 0.671068 -0.535388 -0.466759 0.703914
-9.710422 -21.086870 1264.078777 430.124085 0.787664 -0.563469 0.249175 0.240913 0.653917 0.717184 -0.567051 -0.504870 0.650814
-3.754742 -20.641782 708.702963 322.083987 0.777391 -0.593802 0.207517 0.352857 0.684783 0.637624 -0.520726 -0.422459 0.741871
-9.819589 -19.928204 -1233.396454 439.959071 -0.724134 0.676133 -0.135919 0.419461 0.588229 0.691404 -0.547433 -0.443656 0.709568
-6.726066 -19.658747 -1027.732865 262.868271 -0.731544 0.667743 -0.137702 0.445700 0.621205 0.644559 -0.515941 -0.410150 0.752052
-3.169317 -12.600818 722.061928 583.782568 0.407957 0.836703 0.365376 -0.647188 0.547293 -0.530678 0.643987 0.019973 -0.764776
-2.382283 -15.544650 766.926525 1110.174455 0.392729 0.846635 0.359128 -0.619129 0.532155 -0.577486 0.680031 -0.004449 -0.733170
-5.559376 -12.772671 216.680920 736.095937 0.371496 0.882086 0.289681 -0.683299 0.470997 -0.557912 0.628565 -0.009323 -0.777701
-2.523246 -79.943710 -216.004280 -877.479269 0.776933 -0.440802 0.449520 -0.575564 -0.207934 0.790879 0.255151 0.873188 0.415261
-2.980398 -80.564054 -104.502169 2486.484506 0.777619 -0.441228 0.447914 -0.617545 -0.402180 0.675936 0.118100 0.802228 0.585221
-4.036044 -78.443026 79.676848 562.899729 0.771460 -0.459377 0.440253 -0.598228 -0.287979 0.747791 0.216734 0.840263 0.496976
354.334027 47.997334 39763.461386 -5191.692797 0.808138 -0.471869 0.352495 -0.479918 -0.180590 0.858525 0.341454 0.862976 0.372401
1080.495447 4.871727 -125173.748925 3191.152005 -0.410408 0.910649 0.047780 0.599273 0.308830 -0.738577 0.687341 0.274485 0.672474
357.536204 -6.154653 -39818.799134 4714.323465 -0.384541 0.920553 -0.068634 0.643515 0.214022 -0.734903 0.661828 0.326767 0.674690
-0.328613 -45.430091 -109.460205 495.124862 0.798704 -0.376744 0.469187 0.099720 0.851829 0.514240 -0.593404 -0.363938 0.717928
0.432603 -44.911614 -135.340747 539.047973 0.799581 -0.371649 0.471750 0.121788 0.869540 0.478610 -0.588080 -0.325234 0.740530
0.245570 -47.706819 -67.988702 1155.901621 0.799849 -0.370309 0.472349 0.022459 0.804898 0.592988 -0.599781 -0.463692 0.652114
-0.084789 -48.304137 -79.512457 1370.287141 0.797764 -0.387079 0.462323 0.015550 0.779695 0.625966 -0.602769 -0.492184 0.628032
-2.954093 -36.594459 -963.142890 -2721.574266 -0.629775 0.393359 -0.669815 0.568854 0.820738 -0.052859 0.528950 -0.414316 -0.740644
-3.663083 -37.533061 -892.713979 -1359.424375 -0.647557 0.374862 -0.663437 0.562720 0.822305 -0.084624 0.513825 -0.428128 -0.743432
-5.710410 -47.006322 -135.331260 -3963.229561 -0.702706 0.315039 -0.637930 0.455065 0.888254 -0.062612 0.546919 -0.334297 -0.767545
-3.983825 -43.574927 -785.222727 -5416.039956 -0.632558 0.388384 -0.670096 0.532279 0.846486 -0.011843 0.562627 -0.364169 -0.742180
3.978827 -54.015151 345.930157 5170.757068 0.771120 -0.440215 0.459983 -0.623268 -0.374366 0.686576 0.130039 0.816125 0.563053
7.646462 -48.565654 1803.295677 867.424457 0.797124 -0.441417 0.412001 -0.595595 -0.462587 0.656719 0.099301 0.768872 0.631645
7.279494 -51.228057 20.340136 4853.359382 0.763927 -0.421969 0.488219 -0.642093 -0.421689 0.640230 0.064280 0.802571 0.593083
5.643338 -50.711149 922.033606 107.328770 0.792859 -0.459140 0.400705 -0.591346 -0.420775 0.687937 0.147253 0.782393 0.605126
-0.039087 -67.983223 35.170693 5872.092573 0.755966 -0.437545 0.486898 -0.618431 -0.233512 0.750343 0.214613 0.868347 0.447119
4.133226 -53.705562 595.360970 4484.180911 0.797185 -0.444038 0.409056 -0.576638 -0.359294 0.733755 0.178844 0.820816 0.542473
-13.927512 -21.574415 -183.777957 -61.821778 -0.324247 -0.710466 -0.624581 0.915901 -0.070629 -0.395142 0.236622 -0.700178 0.673618
-12.531434 -20.659150 -499.300221 -19.542650 -0.285678 -0.768563 -0.572451 0.920608 -0.054156 -0.386713 0.266212 -0.637478 0.723016
-13.153977 -21.078318 -231.634312 29.977902 -0.184280 -0.735557 -0.651918 0.975889 -0.057997 -0.210421 0.116968 -0.674976 0.728510
-12.843047 -21.472398 -578.391111 -211.336064 -0.415113 -0.757105 -0.504454 0.827455 -0.083723 -0.555255 0.378152 -0.647907 0.661225
-13.313273 -21.563249 113.856743 -41.060147 -0.237967 -0.683891 -0.689685 0.967911 -0.107944 -0.226929 0.080748 -0.721555 0.687632
-13.758753 -21.996366 176.964202 -53.141437 -0.338380 -0.656741 -0.673937 0.922612 -0.090619 -0.374933 0.185162 -0.748652 0.636581
-13.980007 -22.315359 328.080781 -129.234825 -0.416525 -0.648692 -0.636950 0.858055 -0.048996 -0.511215 0.300413 -0.759472 0.577022
-14.020365 -22.123284 -236.804711 -173.045737 -0.438157 -0.703862 -0.559103 0.821961 -0.061948 -0.566165 0.363867 -0.707630 0.605690
16.001046 -150.082294 3264.260853 -8030.898400 0.647715 -0.613298 0.452031 0.727093 0.674826 -0.126273 -0.227599 0.410458 0.883019
13.161318 -148.667793 3189.326263 -1188.257094 0.636873 -0.633518 0.439371 0.769540 0.487690 -0.412270 0.046903 0.600677 0.798115
4.695239 -143.905279 1221.040962 -12142.253323 0.623824 -0.635998 0.454258 0.750016 0.650614 -0.119070 -0.219818 0.414979 0.882877
2.894079 -132.573881 361.298493 -13633.855770 0.616442 -0.622955 0.481587 0.665101 0.739332 0.105017 -0.421473 0.255567 0.870084
-1.502190 -148.943297 -161.516285 -14935.805629 0.629719 -0.616404 0.472759 0.706379 0.707597 -0.018308 -0.323237 0.345476 0.881002
-38.779095 -1692.653538 9465.840069 756410.021079 -0.482754 0.319581 -0.815363 -0.163981 0.881585 0.442626 0.860267 0.347383 -0.373183
49.153936 -338.869816 11915.342157 -81770.223207 -0.458854 0.511014 -0.726855 0.523854 -0.505157 -0.685852 0.717656 0.695472 0.035903
59.188177 -585.988051 -24074.677947 198229.039449 0.619740 -0.489025 0.613821 -0.527183 0.319990 0.787200 0.581377 0.811456 0.059495
-29.481054 -461.545487 -11870.777326 125439.264662 0.630545 -0.466688 0.620174 -0.422877 0.463458 0.778706 0.650837 0.753266 -0.094880
-9.891990 -127.830683 31.362347 -1594.390215 0.695429 -0.329512 0.638593 0.642840 -0.111883 -0.757785 -0.321147 -0.937499 -0.134017
-8.967935 -143.380028 697.225907 -9526.012845 0.725804 -0.303594 0.617284 0.683764 0.220120 -0.695711 -0.075337 -0.927026 -0.367351
-9.597219 -148.602953 319.369584 -19656.710298 0.741787 -0.285797 0.606689 0.646713 0.065372 -0.759927 -0.177525 -0.956058 -0.233320
14.133581 -14.618271 -1449.084517 -442.095802 0.159942 0.778146 0.607378 0.812023 -0.453576 0.367270 -0.561281 -0.434463 0.704418
15.116125 -16.710875 -1353.313393 -454.475142 0.216171 0.745527 0.630444 0.837513 -0.473481 0.272741 -0.501839 -0.469046 0.726741
10.118271 -13.003950 -1146.269750 -511.497388 0.187447 0.730769 0.656384 0.807876 -0.494802 0.320166 -0.558748 -0.470263 0.683120
8.709068 -10.908188 -1213.087319 -439.876441 0.112266 0.775762 0.620959 0.788085 -0.450139 0.419877 -0.605242 -0.442231 0.661902
5.097829 -9.571731 -466.985262 -530.896616 0.183074 0.723446 0.665665 0.779901 -0.519112 0.349681 -0.598530 -0.455135 0.659253
6.410033 -11.879423 -516.284959 -547.679942 0.249467 0.675078 0.694288 0.792035 -0.554752 0.254814 -0.557177 -0.486333 0.673078
-12.672025 -25.230373 -66.829527 -377.902479 0.956643 0.270481 0.108043 -0.265376 0.962314 -0.059396 -0.120037 0.028149 0.992370
-12.320522 -23.938433 638.652176 475.225569 0.944707 0.324112 0.049813 0.326178 -0.944415 -0.041079 -0.033729 -0.055056 0.997913
-8.911352 -25.050309 1314.557576 92.338238 0.920313 0.390501 0.023099 0.384217 -0.913439 0.134185 -0.073499 0.114617 0.990687
-13.234281 -22.672116 -457.586684 588.084912 0.938470 0.324413 0.118450 0.335446 -0.937831 -0.089163 -0.082160 -0.123410 0.988949
-9.659315 -25.372958 607.964455 -31.169055 0.940257 0.329646 0.085149 0.300873 -0.921563 0.245350 -0.159348 0.205073 0.965688
-12.695054 -26.226166 -447.660811 -342.665248 0.963160 0.201639 0.177945 -0.175837 0.972829 -0.150614 -0.203480 0.113776 0.972446
-12.811648 -23.960678 -684.386218 -544.085649 0.944568 0.282333 0.167568 -0.287206 0.957855 0.005079 -0.159072 -0.052923 0.985848
-8.040420 -70.159546 10837.582390 -3346.593715 -0.341726 0.114011 0.932858 0.878649 -0.313448 0.360176 0.333467 0.942736 0.006937
23.167898 -75.115737 7890.176781 359.284776 -0.249354 0.211898 0.944945 0.794462 -0.513207 0.324728 0.553762 0.831695 -0.040375
-15.549636 -76.489985 11654.566908 250.967835 -0.291387 0.081264 0.953147 0.776984 -0.561122 0.285373 0.558023 0.823734 0.100363
-600.057415 -1489.718547 -178768.238320 41736.203050 0.884239 0.448637 -0.129793 -0.327979 0.398654 -0.856449 0.332492 -0.799875 -0.499649
-250.206909 -1559.916969 -75145.211655 -130164.471622 0.796185 0.531818 -0.288546 -0.268105 -0.117425 -0.956207 0.542410 -0.838678 -0.049091
-38.407973 -1403.047549 -60337.363975 -29995.176842 0.881758 0.464698 -0.080982 -0.304112 0.428805 -0.850671 0.360580 -0.774714 -0.519423
-100.144020 -2003.282869 -46787.900567 221489.445693 0.870968 0.482817 -0.091120 -0.462531 0.743110 -0.483583 0.165770 -0.463331 -0.870543
3.639301 -117.980737 -164.669442 -5892.613898 0.343963 0.937085 0.059668 -0.408552 0.206571 -0.889052 0.845443 -0.281424 -0.453902
3.765575 -106.805124 -92.142526 -5062.717664 0.326446 0.943275 0.060544 -0.200854 0.131816 -0.970712 0.923629 -0.304725 -0.232492
4.149085 -111.826326 -70.434211 -3410.402122 0.322480 0.942922 0.083093 -0.465151 0.234309 -0.853659 0.824403 -0.236637 -0.514162
4.338918 -122.382016 -559.885955 6308.598806 -0.785391 -0.584159 0.204742 -0.376971 0.713732 0.590321 -0.490972 0.386451 -0.780770
3.690793 -107.708249 -894.651355 3761.567633 -0.809641 -0.550394 0.203835 -0.292227 0.679209 0.673260 -0.509004 0.485533 -0.710755
5.451407 -127.725343 -148.656321 6336.589853 -0.798540 -0.536182 0.273575 -0.156932 0.624213 0.765331 -0.581125 0.568214 -0.582603
5.749555 -110.136861 -701.796826 4218.074603 0.784994 0.516089 -0.342691 0.057343 0.490264 0.869686 -0.616844 0.702349 -0.355260
-0.938127 -157.288907 688.330205 16566.904973 -0.767377 -0.534924 0.353537 -0.003453 0.554811 0.831969 -0.641186 0.637214 -0.427597
-3.931322 -23.440312 -622.030498 533.206532 0.488746 0.850804 0.193028 -0.408212 0.418558 -0.811278 0.771032 -0.317713 -0.551877
-1.892798 -21.573672 -534.410180 714.462387 0.517617 0.815277 0.259608 -0.498480 0.533953 -0.682943 0.695406 -0.224093 -0.682783
-6.382083 -24.788949 216.348076 434.499559 0.376059 0.915491 0.143024 -0.437771 0.311581 -0.843370 0.816662 -0.254546 -0.517948
-7.209812 -25.854030 -36.984834 -19.090693 0.391727 0.911239 0.127256 -0.274313 0.247686 -0.929195 0.878238 -0.329083 -0.346990
-4.075407 -24.846013 -851.518488 128.816515 0.489327 0.856636 0.163505 -0.271687 0.327892 -0.904806 0.828701 -0.398324 -0.393183
-29.183528 -46.584844 -665.557901 -3023.760647 -0.243167 0.930794 0.272934 0.958670 0.273472 -0.078517 -0.147723 0.242561 -0.958823
-27.722042 -38.879478 -275.761568 -1586.283643 -0.006795 0.967807 0.251602 0.970821 0.066700 -0.230344 -0.239710 0.242695 -0.940020
-25.339239 -45.050645 -382.558216 -1634.006168 -0.048029 0.937811 0.343808 0.979125 0.112264 -0.169444 -0.197504 0.328493 -0.923626
-28.828274 -37.284124 609.369546 -203.851053 -0.192431 0.958954 0.208271 0.977544 0.205902 -0.044853 -0.085896 0.194963 -0.977042
-25.074274 -44.941694 -293.572063 -1542.691291 -0.214475 0.919876 0.328372 0.973300 0.229429 -0.006997 -0.081774 0.318104 -0.944523
-27.032710 -43.275593 -312.895333 115.941658 -0.293729 0.922092 0.251930 0.955758 0.278945 0.093361 0.015813 0.268207 -0.963231
35.953223 -45.308119 1132.493573 -938.483452 0.197864 0.890560 0.409577 0.060034 -0.428063 0.901753 -0.978389 0.153836 0.138162
33.883510 -41.277318 912.071835 -87.448441 0.299154 0.859395 0.414664 0.009555 -0.437241 0.899293 -0.954157 0.265065 0.139014
34.378845 -45.443324 -68.906157 -2460.206903 0.283858 0.884997 0.369060 0.173594 -0.425963 0.887930 -0.943021 0.187980 0.274544
-22.377163 -31.281198 -621.527264 -658.223036 0.652187 0.593831 0.471187 -0.045944 -0.589464 0.806487 -0.756665 0.547629 0.357158
-20.317733 -31.015271 897.651156 -1902.513517 0.737583 0.593919 0.321296 -0.002909 -0.473014 0.881050 -0.675250 0.650782 0.347160
-21.793445 -28.369019 -183.088977 1564.999218 0.655142 0.533446 0.534999 0.191145 0.568060 -0.800482 -0.730925 0.626692 0.270195
-20.573407 -29.155417 -802.618511 134.245324 0.573813 0.566998 0.590975 0.163987 0.627436 -0.761204 -0.802401 0.533701 0.267051
-20.283271 -30.037481 -1090.983025 -138.394168 0.575846 0.678931 0.455472 0.024238 -0.571045 0.820561 -0.817199 0.461477 0.345290
-1.915779 -40.555076 -535.369114 -558.058496 -0.249101 0.717054 -0.650985 0.776194 0.549810 0.308598 -0.579199 0.428419 0.693531
-0.409147 -39.541723 -568.542047 -647.631606 -0.270325 0.703734 -0.657026 0.774887 0.564040 0.285321 -0.571379 0.431992 0.697789
-1.442779 -41.832495 530.137169 -277.951533 0.271345 -0.701819 0.658652 0.836835 0.510094 0.198775 -0.475478 0.497246 0.725718
-3.155279 -42.478278 -42.601035 -538.871333 -0.231610 0.706034 -0.669233 0.796913 0.532252 0.285723 -0.557931 0.467145 0.685922
0.193790 -43.510278 694.868842 -176.715474 0.311871 -0.680819 0.662739 0.889041 0.455173 0.049226 -0.335175 0.573850 0.747231
-2.372597 -44.706085 192.615560 -635.132985 0.264480 -0.693817 0.669827 0.863992 0.479037 0.155049 -0.428448 0.537718 0.726148
-6.541669 -22.914717 -702.562260 -547.317575 -0.446151 0.833714 -0.325377 0.813496 0.529340 0.240879 -0.373060 0.157224 0.914389
-11.344270 -21.892996 128.820266 -254.789316 -0.145267 0.953574 -0.263807 0.840593 0.259580 0.475417 -0.521824 0.152692 0.839276
-6.920601 -20.477871 -827.488189 -495.058583 -0.455192 0.838932 -0.298316 0.779566 0.537380 0.321714 -0.430205 0.086115 0.898614
0.847395 -35.127533 203.227640 -767.956423 0.629479 0.724976 0.279581 -0.357198 -0.049547 0.932713 -0.690047 0.686990 -0.227771
0.137846 -33.911407 36.828494 -742.612799 0.624499 0.727440 0.284311 -0.356259 -0.058630 0.932546 -0.695040 0.683662 -0.222543
0.539861 -35.446120 190.731492 -10.135147 0.636594 0.725581 0.261304 -0.182355 -0.187597 0.965170 -0.749330 0.662072 -0.012890
1.975504 -36.028484 318.156405 190.548927 0.637078 0.725616 0.260026 -0.178663 -0.189146 0.965558 -0.749807 0.661593 -0.009140
0.223869 -35.805972 197.233070 500.535759 0.643397 0.725459 0.244436 -0.011124 -0.310409 0.950538 -0.765451 0.614293 0.191647
1.718667 -36.282082 351.299845 708.591170 0.647339 0.722660 0.242312 -0.007547 -0.311818 0.950112 -0.762165 0.616873 0.196398
1.381502 -67.144241 108.802163 -3281.396113 0.546282 0.759628 0.352905 -0.704234 0.644644 -0.297470 0.453464 0.086025 -0.887113
0.565069 -63.933884 96.864526 -3390.406470 0.537228 0.762743 0.360013 -0.699779 0.641362 -0.314584 0.470846 0.082926 -0.878310
0.821307 -73.999459 113.462778 1359.264708 0.566501 0.742268 0.357931 0.789941 -0.612835 0.020634 0.234668 0.271055 -0.933520
1.636032 -79.317999 103.681128 1438.674734 0.582462 0.737093 0.342684 0.783722 -0.621100 0.003851 0.215680 0.266326 -0.939443
0.044523 -73.807442 118.062443 -1076.779746 0.586548 0.730245 0.350290 0.809546 -0.515562 -0.280769 -0.024434 0.448260 -0.893569
0.780640 -78.685021 102.044919 -843.301246 0.604696 0.723633 0.332713 0.795671 -0.530316 -0.292698 -0.035363 0.441723 -0.896454
1.949145 -29.306278 193.214479 186.708349 0.624719 0.764257 0.160120 0.659816 -0.626327 0.415160 -0.417576 0.153709 0.895547
3.282294 -27.125543 247.653746 611.105767 0.601973 0.781930 0.161907 0.665253 -0.603241 0.439929 -0.441663 0.157117 0.883317
2.068434 -30.275430 236.021605 931.862055 0.607680 0.778343 0.157816 0.611526 -0.585374 0.532328 -0.506715 0.226976 0.831698
0.775239 -30.880444 238.304817 393.141035 0.616913 0.772489 0.150594 0.612777 -0.591524 0.524026 -0.493885 0.230998 0.838283
1.009047 -30.771602 230.613070 93.817743 0.624628 0.766426 0.149769 0.674532 -0.626155 0.391070 -0.393505 0.143250 0.908093
-7.290683 -17.026638 -751.620173 -708.139185 0.021233 0.890700 -0.454095 0.950048 0.123485 0.286636 0.311381 -0.437498 -0.843586
-12.109946 -21.173690 -1257.007017 -848.081332 0.011870 0.906191 -0.422701 0.953024 0.117701 0.279090 0.302661 -0.406157 -0.862225
-9.702247 -22.112829 -1150.314177 -1010.204168 -0.166939 0.852341 -0.495628 0.916399 0.319605 0.240967 0.363791 -0.413966 -0.834439
-5.149118 -17.737960 -765.818538 -904.908197 -0.176434 0.833175 -0.524109 0.913797 0.336550 0.227396 0.365850 -0.438808 -0.820732
10.034755 -78.622043 2081.821073 -11028.229048 0.371052 -0.655849 0.657406 0.928337 0.279200 -0.245432 -0.022581 0.701363 0.712447
12.276874 -76.601329 2694.077874 -10542.099142 0.424830 -0.628539 0.651505 0.899752 0.372528 -0.227310 -0.099831 0.682761 0.723790
20.499343 -91.157750 3426.964119 -10154.675023 0.420781 -0.621024 0.661266 0.903733 0.223646 -0.365033 0.078804 0.751207 0.655346
-3.878896 -39.947597 -414.064251 -1100.437333 -0.614210 0.589746 -0.524352 0.688294 0.725369 0.009587 0.386002 -0.355020 -0.851448
-2.157161 -34.724265 -745.855816 -1507.687682 -0.640717 0.541396 -0.544401 0.674541 0.735600 -0.062342 0.366710 -0.407164 -0.836506
-5.426948 -40.796953 -182.775989 952.708971 -0.534527 0.661727 -0.525736 0.788412 0.614503 -0.028141 0.304445 -0.429539 -0.850182
-5.270576 -46.249159 44.283977 1084.259086 -0.537303 0.683549 -0.494031 0.786570 0.617500 -0.001083 0.304324 -0.389172 -0.869444
-5.974359 -48.698959 27.103807 3719.525323 -0.452303 0.720357 -0.525840 0.868239 0.490454 -0.074937 0.203919 -0.490449 -0.847276
-5.232127 -51.764589 150.806932 3005.801352 -0.464072 0.735248 -0.494013 0.864900 0.496537 -0.073477 0.191272 -0.461370 -0.866344
3.910377 -77.876377 343.092652 -2093.298692 -0.378864 0.732360 -0.565783 -0.622169 0.251021 0.741548 -0.685104 -0.632959 -0.360549
1.671584 -69.856615 370.411323 1813.103493 -0.398322 0.744133 -0.536288 0.743595 -0.080348 -0.663786 -0.537035 -0.663182 -0.521329
2.396272 -71.523691 269.342154 -1365.722546 -0.341349 0.738189 -0.581858 -0.627396 0.282008 0.725841 -0.699896 -0.612821 -0.366873
4.108317 -74.706791 328.626164 -526.546215 -0.323219 0.724848 -0.608379 -0.468841 0.435784 0.768297 -0.822020 -0.533561 -0.198985
2.680423 -69.129273 178.388103 -591.703498 -0.293623 0.728067 -0.619438 -0.481261 0.447298 0.753865 -0.825938 -0.519463 -0.219053
1.516220 -67.166153 100.662908 -1014.416012 -0.311404 0.737514 -0.599250 -0.636121 0.306692 0.708018 -0.705959 -0.601675 -0.373643
-10.581771 -17.422011 446.288829 -473.401372 0.353101 0.484009 0.800659 -0.336753 0.864176 -0.373894 -0.872879 -0.137602 0.468133
-11.661649 -18.073191 451.746303 -469.306263 0.406059 0.213531 0.888550 -0.173267 0.972671 -0.154565 -0.897271 -0.091194 0.431959
-13.146402 -15.604365 750.954598 -617.741675 0.337525 0.443473 0.830307 -0.345656 0.878839 -0.328883 -0.875556 -0.175994 0.449919
1.656692 -89.714980 56.325515 499.816158 -0.442347 0.702042 -0.558091 0.127422 0.665168 0.735741 -0.887746 -0.254340 0.383691
2.638321 -89.657097 267.299879 -668.458636 -0.436366 0.703541 -0.560905 0.096713 0.656450 0.748144 -0.894556 -0.272218 0.354494
1.763310 -88.663962 36.457917 44.723459 -0.446912 0.707353 -0.547651 -0.044715 0.593761 0.803398 -0.893460 -0.383537 0.233729
2.375105 -90.556952 -479.382523 1919.575698 0.429387 -0.691756 0.580604 0.288635 0.714283 0.637565 -0.855755 -0.106180 0.506368
1.296059 -85.199516 -265.493539 2450.199857 0.432529 -0.693132 0.576617 0.318416 0.715755 0.621536 -0.843522 -0.085228 0.530289
-14.066907 -53.023449 7301.076129 -13374.696611 -0.274243 -0.393067 0.877661 0.894730 -0.438817 0.083050 0.352488 0.808046 0.472031
-26.137218 -71.848606 842.693613 -19578.460117 0.033398 -0.450840 0.891980 0.926993 -0.319631 -0.196263 0.373588 0.833414 0.407251
-5.551235 -23.073017 11453.853716 -10127.896459 -0.593351 -0.216261 0.775349 0.762175 -0.460742 0.454759 0.258889 0.860783 0.438211
24.194395 -20.003746 15332.327517 -8355.893097 -0.665746 -0.178097 0.724613 0.693363 -0.506501 0.512546 0.275735 0.843646 0.460687
9.214839 -45.326253 12847.100216 -9290.863518 -0.475387 -0.320913 0.819160 0.805849 -0.532435 0.259076 0.353008 0.783280 0.511720
9.646562 -26.856660 -1085.027364 46.300525 0.333562 0.904739 0.264922 -0.738395 0.076027 0.670069 -0.586097 0.419126 -0.693415
9.007782 -27.500193 -1349.054903 176.007659 0.305881 0.916057 0.259376 -0.655096 0.004819 0.755531 -0.690859 0.401018 -0.601579
5.843245 -26.873001 -1037.114559 -51.722767 0.298682 0.915078 0.270964 -0.752369 0.051101 0.656757 -0.587138 0.400026 -0.703739
14.576172 -7.513358 -2515.416383 -516.108365 0.809831 0.578181 -0.099398 -0.314934 0.571398 0.757840 -0.494964 0.582418 -0.644825
4.956129 -8.422859 -2733.257734 -500.102480 0.814450 0.541695 -0.207936 -0.227007 0.627277 0.744977 -0.533984 0.559544 -0.633855
11.786794 -6.385488 -2800.895966 -147.810159 0.804775 0.573748 -0.152152 -0.292712 0.606595 0.739163 -0.516388 0.550324 -0.656115
-9.867250 -29.865523 -2027.185598 664.770176 -0.764239 0.480995 -0.429632 -0.067518 0.602833 0.795006 0.641390 0.636582 -0.428232
-13.581671 -30.307078 -5273.234826 -4372.834904 -0.745426 0.343164 -0.571471 -0.125177 0.769991 0.625655 0.654730 0.537915 -0.531015
-8.913336 -28.030403 843.376721 -802.643704 0.784954 -0.430937 0.445130 -0.080303 0.641640 0.762790 0.614328 0.634501 -0.469053
-12.943779 -27.540068 -2394.336591 -377.617361 -0.754798 0.446432 -0.480602 -0.100236 0.645570 0.757094 0.648254 0.619627 -0.442527
-4.965761 -30.887089 -2009.511757 4599.986027 0.815511 -0.426518 0.391183 -0.119998 0.536616 0.835251 0.566165 0.728097 -0.386434
-4.378758 -30.138181 53.838629 4080.087723 0.782038 -0.449027 0.432193 -0.145887 0.542313 0.827414 0.605915 0.710120 -0.358603
-715.242836 -1253.275687 -29671.679246 -111287.532330 -0.595708 0.650652 -0.470939 0.243661 0.705091 0.665940 0.765350 0.281956 -0.578567
-811.418195 -1841.987797 161885.779656 -833343.322980 -0.502509 0.811617 0.297930 -0.326683 0.140805 -0.934587 0.800477 0.566967 -0.194385
-2394.836207 -5914.667426 -700371.952298 -2299167.560358 -0.174374 0.612652 -0.770877 0.316960 0.776127 0.545127 0.932272 -0.149281 -0.329522
-628.321585 -740.616561 -120566.815081 -63487.137883 0.581181 0.810949 0.067753 -0.502537 0.423140 -0.753929 0.640067 -0.404121 -0.653453
-871.850440 -1106.132631 -127538.527747 -172920.156436 0.768469 0.592797 0.240930 -0.012616 0.390482 -0.920524 0.639763 -0.704354 -0.307552
-665.808444 -1842.534428 -85668.528012 -478491.700056 0.150153 -0.296148 -0.943266 0.359785 0.905033 -0.226872 0.920874 -0.305307 0.242443
5.991531 -99.438195 618.353962 12117.896906 0.752647 0.654316 -0.073438 -0.656841 0.753883 -0.014873 -0.045632 -0.059431 -0.997189
7.592369 -85.369106 1135.271323 9765.857361 0.771816 0.631435 -0.074772 -0.634913 0.771705 -0.036838 -0.034441 -0.075906 -0.996520
10.044089 -122.466333 1030.575155 14140.503728 0.775892 0.629130 -0.046772 -0.612366 0.733242 -0.295574 0.151659 -0.257976 -0.954174
6.036423 -54.130174 558.276243 2933.413691 0.689414 0.719782 -0.081378 -0.703773 0.692171 0.160007 -0.171497 0.053039 -0.983756
6.274473 -114.020650 -71.364093 12923.565517 0.746300 0.660775 -0.080084 -0.665584 0.741907 -0.081063 -0.005851 -0.113800 -0.993486
4.048915 -73.468204 78.794137 7275.147125 0.691631 0.717418 -0.083414 -0.697984 0.693606 0.178126 -0.185647 0.064976 -0.980466
14.088525 -63.884918 -45.515371 5368.430877 0.686657 0.472079 -0.552851 -0.413784 0.879065 0.236702 0.597734 0.066228 0.798955
12.033919 -47.178092 211.560126 3966.226194 0.628244 0.519715 -0.578970 -0.552090 0.822131 0.138914 0.548185 0.232371 0.803428
11.628018 -71.190400 943.579859 4593.843056 0.593645 0.476779 -0.648280 -0.419108 0.870889 0.256710 0.686974 0.119304 0.716821
-27.965134 -40.409639 99.686938 -984.853837 0.586512 0.737487 0.334839 -0.230935 0.548522 -0.803613 0.776320 -0.394002 -0.492026
-24.004072 -36.990339 442.184681 -1437.878152 0.593848 0.795947 0.117531 -0.313349 0.363341 -0.877380 0.741052 -0.484202 -0.465179
-22.845447 -34.592739 -25.326289 -1375.633803 0.596447 0.796046 -0.102768 -0.382146 0.169041 -0.908510 0.705843 -0.581151 -0.405030
49.428454 -42.276857 -2014.282208 187.285842 -0.302135 -0.477009 -0.825334 0.718578 0.454947 -0.525994 0.626387 -0.751988 0.205313
53.134106 -44.861121 -1834.251666 1652.656621 -0.315544 -0.439282 -0.841108 0.804123 0.346824 -0.482803 0.503803 -0.828700 0.243798
45.260765 -44.389658 -2824.534440 1143.819941 -0.233639 -0.576050 -0.783313 0.790728 0.356244 -0.497834 0.565828 -0.735701 0.372266
38.293324 -45.063844 -4035.841041 -570.306890 -0.206177 -0.628913 -0.749640 0.725754 0.415572 -0.548253 0.656332 -0.657091 0.370755
13.075879 -39.889091 -3180.668321 7593.954226 0.460566 0.689939 -0.558446 -0.096131 -0.586675 -0.804097 0.882404 -0.424024 0.203878
17.918798 -25.062777 -4071.116338 -4631.750073 0.438614 0.635610 -0.635310 0.128160 0.655474 0.744264 0.889490 -0.407866 0.206040
19.010277 -8.362184 -2245.617666 1716.644537 0.288010 0.258000 -0.922218 0.269675 0.902199 0.336619 0.918872 -0.345649 0.190266
18.279370 -23.651012 700.641361 136.549452 0.471147 0.720571 0.508723 0.508615 0.249270 -0.824121 0.720646 -0.647026 0.249051
15.529252 -24.193232 2035.096376 143.123125 0.415109 0.777924 0.471719 0.516681 0.225186 -0.826034 0.748816 -0.586622 0.308462
19.366074 -23.759680 927.181864 198.160591 -0.511890 -0.650200 -0.561434 0.598640 0.198737 -0.775972 0.616115 -0.733310 0.287505
14.976646 -23.930779 1658.878224 -3.325335 0.432859 0.772875 0.464002 0.415058 0.286046 -0.863658 0.800225 -0.566430 0.196970
17.629495 -22.955353 -1098.349290 143.983934 0.527932 0.650214 0.546360 0.505742 0.276128 -0.817299 0.682285 -0.707796 0.183063
16.866687 -23.018631 434.629202 31.652260 0.486178 0.721931 0.492388 0.407812 0.310900 -0.858505 0.772865 -0.618188 0.143259
-0.418936 -21.503962 263.064171 2041.029812 -0.369690 0.861666 -0.347652 0.731985 0.500544 0.462227 -0.572300 0.083595 0.815772
-3.256795 -19.744739 482.262929 1523.087300 -0.296349 0.906328 -0.301242 0.778402 0.411962 0.473684 -0.553414 0.094112 0.827573
-3.942982 -14.271976 522.208017 953.965037 -0.258386 0.920939 -0.291733 0.822052 0.368227 0.434327 -0.507413 0.127596 0.852204
1.497838 -19.121131 -1206.333489 565.239952 -0.377857 -0.676098 -0.632546 -0.008234 0.685623 -0.727910 0.925827 -0.269838 -0.264634
4.870796 -19.798178 576.110134 611.143401 0.409988 0.735648 0.539196 -0.057232 0.610749 -0.789753 0.910294 -0.292930 -0.292502
-1.021165 -29.231690 189.509179 -660.921246 0.405298 0.855587 0.322032 -0.325755 -0.193974 0.925342 -0.854177 0.479942 -0.200094
-0.485098 -31.732140 155.758178 -314.584371 0.406271 0.858670 0.312457 -0.146973 -0.276089 0.949828 -0.901855 0.431811 -0.014034
0.341640 -30.139829 212.029251 -534.380244 0.408596 0.849294 0.334290 -0.293530 -0.224528 0.929208 -0.864228 0.477794 -0.157552
-1.002220 -30.982968 49.395861 -423.778780 0.399769 0.874616 0.274284 -0.172079 -0.222305 0.959672 -0.900318 0.430846 -0.061633
0.146756 -27.566563 215.836553 -640.149725 0.401003 0.847321 0.348200 -0.442467 -0.153674 0.883520 -0.802134 0.508362 -0.313288
-1.336828 -26.301704 199.735391 -756.797747 0.396137 0.852190 0.341829 -0.475627 -0.127994 0.870285 -0.785401 0.507336 -0.354621
-2.213315 -28.010042 137.857376 -795.306413 0.398878 0.868173 0.295247 -0.356629 -0.149757 0.922165 -0.844815 0.473125 -0.249881
13.374476 -33.871865 -986.874449 2346.888916 0.220994 0.784582 0.579304 0.115968 -0.610916 0.783156 -0.968356 0.105892 0.225995
8.315374 -35.136295 -1215.163084 753.187323 0.120417 0.832123 0.541360 0.054642 -0.550057 0.833337 -0.991218 0.070767 0.111705
10.181251 -43.012968 -1096.201707 1252.145592 0.144775 0.840802 0.521624 -0.081975 -0.515173 0.853157 -0.986063 0.166276 0.005659
0.323661 -36.190090 -550.688814 247.854861 0.119312 0.883979 0.452046 0.195863 -0.467307 0.862126 -0.973346 0.014323 0.228894
1.037269 -39.328415 -731.995067 463.732099 0.106342 0.880852 0.461292 0.034967 -0.466949 0.883593 -0.993715 0.077833 0.080458
4.933587 -41.184692 -1069.359144 573.232224 0.094529 0.866159 0.490746 -0.129892 -0.478009 0.868698 -0.987012 0.145861 -0.067322
2.180630 -61.855946 194.449534 1768.273650 0.447457 0.841049 0.304003 0.875334 -0.342238 -0.341560 -0.183227 0.418938 -0.889336
-0.661490 -22.454630 1116.707474 232.757069 0.810490 -0.534300 0.240060 0.250563 0.686688 0.682406 -0.529456 -0.492933 0.690430
-3.840329 -25.249577 976.203859 -690.941528 0.815789 -0.485585 0.314158 -0.076046 -0.628543 -0.774048 -0.573328 -0.607569 0.549686
0.325299 -23.399758 1065.648716 583.705255 0.817470 -0.508638 0.270242 0.171120 0.662484 0.729269 -0.549964 -0.549912 0.628599
-8.085078 -23.267160 1080.374585 558.392987 0.809072 -0.473178 0.348576 0.068035 0.664529 0.744158 -0.583758 -0.578362 0.569845
-6.580206 -11.666919 -139.575121 -123.106611 0.385286 0.889565 0.245418 -0.711303 0.455714 -0.535137 0.587879 -0.031614 -0.808331
-6.297298 -11.461298 -215.493632 -804.106745 0.425535 0.875366 0.229465 -0.714051 0.480570 -0.509101 0.555924 -0.052791 -0.829555
-6.766536 -13.100668 -132.733065 -925.040104 0.452920 0.841816 0.293613 -0.693114 0.539609 -0.477928 0.560764 -0.012956 -0.827874
-0.481031 -80.785220 -757.617070 1088.122840 0.774570 -0.417036 0.475522 -0.614570 -0.318569 0.721677 0.149479 0.851231 0.503052
-0.481456 -81.159465 -592.155040 4501.269625 0.769942 -0.420307 0.480137 -0.637851 -0.485315 0.598010 0.018330 0.766689 0.641757
-2.382519 -74.759685 -173.643256 3766.988937 0.773620 -0.436273 0.459541 -0.633005 -0.564823 0.529415 -0.028590 0.700458 0.713121
-5.608409 -22.162562 78.869523 57.865991 0.290210 0.940405 0.177248 0.117022 0.148955 -0.981895 0.949781 -0.305698 0.066820
-6.225727 -22.162663 143.183212 -198.029016 0.311014 0.927487 0.207456 0.115567 0.179756 -0.976899 0.943353 -0.327805 0.051281
-5.054183 -22.782663 169.509704 -252.891016 0.273259 0.950530 0.147725 -0.042905 0.165460 -0.985283 0.960983 -0.262900 -0.085996
-4.293163 -22.630261 33.596394 -89.052628 0.261951 0.955475 0.135831 -0.029069 0.148494 -0.988486 0.964643 -0.254986 -0.066673
-4.760466 -22.191750 82.569592 73.045288 0.254026 0.955209 0.151808 0.147298 0.116919 -0.982157 0.955915 -0.271855 0.111000
-0.419145 -44.307732 -126.541676 -82.289863 0.797627 -0.386450 0.463084 0.197758 0.892895 0.404512 -0.569809 -0.231071 0.788621
0.057410 -44.063524 -212.119740 17.072979 0.791622 -0.384705 0.474697 0.224003 0.905538 0.360312 -0.568470 -0.178897 0.803018
1.090749 -45.253193 -121.795666 156.990863 0.801076 -0.363433 0.475599 0.146335 0.889369 0.433138 -0.580400 -0.277380 0.765635
9.074120 -47.380945 -1574.938666 6749.554269 -0.502984 0.561164 -0.657345 0.768800 0.638000 -0.043618 0.394909 -0.527306 -0.752327
4.686098 -39.642913 -1373.337894 4063.221886 -0.523030 0.532229 -0.665711 0.748341 0.660613 -0.059797 0.407952 -0.529455 -0.743810
8.376723 -33.663191 -1843.879647 3901.528399 -0.492265 0.564793 -0.662332 0.753330 0.657642 0.000896 0.436083 -0.498514 -0.749210
9.747954 -32.773019 -1460.818125 3326.684895 -0.479450 0.593662 -0.646292 0.759996 0.649116 0.032454 0.438786 -0.475619 -0.762400
10.173288 -48.363031 547.931256 472.281387 0.780158 -0.423687 0.460264 -0.624795 -0.490802 0.607243 0.031382 0.761316 0.647621
9.167707 -50.070079 2699.919532 -3926.459596 0.797297 -0.460085 0.390691 -0.599764 -0.531154 0.598464 0.067827 0.711476 0.699429
7.447103 -49.319653 1656.795995 -4134.387809 0.807456 -0.461064 0.368015 -0.579683 -0.504358 0.639993 0.109466 0.730098 0.674518
-10.489275 -20.554935 -594.528632 -210.930339 -0.400101 -0.792205 -0.460794 0.825244 -0.092739 -0.557111 0.398612 -0.603168 0.690867
35.600517 -163.126837 7864.657151 4030.490328 0.649679 -0.625136 0.432576 0.759680 0.555101 -0.338748 -0.028360 0.548697 0.835540
36.660269 -159.383433 6951.073138 14043.920622 0.636003 -0.622961 0.455433 0.728780 0.290829 -0.619918 0.253731 0.726180 0.638970
14.601146 -144.253569 3857.990691 10500.889437 0.622189 -0.648431 0.438653 0.689255 0.188028 -0.699695 0.371225 0.737687 0.563923
3.088947 -144.217837 1485.992726 8485.846049 0.616625 -0.655054 0.436667 0.754973 0.334823 -0.563835 0.223136 0.677346 0.701008
17.142865 -18.350200 -432.214590 -412.346644 0.245391 0.805091 0.540011 0.836149 -0.457651 0.302341 -0.490548 -0.377338 0.785480
-13.250401 -21.065435 32.539459 633.192006 0.919720 0.383825 0.082422 0.392483 -0.903549 -0.171918 -0.008486 -0.190466 0.981657
-2.652864 -53.787272 114.784765 1989.037824 -0.196651 -0.885272 -0.421453 0.911221 -0.006336 -0.411869 0.361946 -0.465031 0.807924
-4.685825 -53.642404 54.181471 881.373857 -0.206821 -0.898839 -0.386410 0.964871 -0.121981 -0.232690 0.162017 -0.420961 0.892492
-3.494745 -55.826252 211.985489 7.257637 -0.184649 -0.881901 -0.433768 0.978385 -0.123137 -0.166133 0.093100 -0.455069 0.885576
-27.827842 -37.852081 -74.738748 183.860897 0.620859 0.707719 -0.337146 0.783346 -0.543607 0.301431 0.030054 -0.451248 -0.891892
-28.796926 -38.233979 -184.952690 -60.581170 0.618307 0.749745 -0.235753 0.757842 -0.489263 0.431622 0.208261 -0.445538 -0.870703
-27.528943 -39.455661 44.714626 -236.475246 0.641966 0.680683 -0.352917 0.756084 -0.485557 0.438829 0.127342 -0.548548 -0.826365
-646.378524 -7652.075200 -107281.258416 1660092.967946 0.675051 0.493325 -0.548577 -0.457179 -0.303876 -0.835851 0.579045 -0.815040 -0.020407
-583.921020 -5806.466550 -60016.585289 -238511.867884 0.706218 0.450634 -0.546064 0.131598 0.674290 0.726646 0.695657 -0.585031 0.416893
103.727904 -1186.037397 -114592.978299 -259859.077116 0.781546 0.407817 -0.472091 -0.171507 -0.587125 -0.791119 0.599809 -0.699263 0.388922
-531.899099 -3029.485462 -113865.286147 -776012.659523 0.556138 0.415805 -0.719595 0.277362 0.723345 0.632330 0.783442 -0.551251 0.286951
4.018180 -107.205584 -19.578017 -6961.914137 0.346445 0.936807 0.048667 -0.138825 0.102510 -0.984997 0.927741 -0.334491 -0.165566
3.877566 -87.652020 -77.006684 -3829.661786 0.332824 0.941753 0.048255 0.078345 0.023380 -0.996652 0.939729 -0.335491 0.066000
3.954466 -91.382171 -11.510155 -2930.743885 0.305175 0.950579 0.057167 0.030409 0.050273 -0.998272 0.951811 -0.306386 0.013565
-1.618031 -74.421934 -1293.118698 2024.319006 -0.809448 -0.564312 0.162312 -0.390890 0.724123 0.568200 -0.438176 0.396482 -0.806724
1.412722 -77.971042 753.578575 379.266430 0.855154 0.452861 -0.252248 -0.149892 0.681850 0.715970 -0.496230 0.574454 -0.650967
