10562
21112
-41.777558 -61.022864 836.146344 7752.165766 0.006116 -0.967444 0.253011 0.992557 -0.024902 -0.119212 0.121631 0.251857 0.960091
-46.311615 -69.426179 -797.148162 5855.732886 -0.030988 -0.955186 0.294379 0.999506 -0.028068 0.014142 -0.005246 0.294672 0.955584
-38.874678 -77.169874 3664.231751 9951.421421 0.307626 -0.936906 0.166050 0.950842 0.296165 -0.090479 0.035592 0.185721 0.981958
-41.424935 -63.221884 -1329.279609 5660.429461 -0.374402 -0.848632 0.373694 0.925188 -0.368853 0.089302 0.062054 0.379172 0.923243
-32.420393 -54.457996 -3887.140873 7483.362805 -0.104802 0.982270 -0.155440 0.970093 0.066564 -0.233427 0.218942 0.175255 0.959870
-35.873372 -50.853821 -237.379975 4423.049869 -0.442425 -0.826397 0.348322 0.878939 -0.476711 -0.014609 0.178122 0.299690 0.937261
-45.938778 -61.597576 708.099379 -2442.097759 0.512925 -0.422119 -0.747478 -0.220323 0.776844 -0.589891 0.829678 0.467256 0.305461
-46.202525 -62.868486 971.869520 -267.366666 0.603316 -0.398718 -0.690676 -0.312159 0.678883 -0.664586 0.733871 0.616557 0.285117
-46.970098 -62.339185 156.089649 -3143.145065 0.639832 -0.320952 -0.698287 -0.211018 0.800325 -0.561205 0.738977 0.506428 0.444347
23.002017 -49.187226 -3118.620732 -95.482226 -0.263490 0.951668 0.157802 0.655041 0.296596 -0.694948 0.708163 0.079745 0.701531
19.718807 -49.687740 -3315.569823 -405.833637 -0.240340 0.956946 0.162763 0.744205 0.289309 -0.602046 0.623214 0.023566 0.781696
25.195667 -48.989885 -3593.699901 -675.260886 -0.293928 0.945869 0.137620 0.733269 0.315496 -0.602311 0.613126 0.076123 0.786309
17.652898 -50.552521 -907.699145 -67.391696 -0.222562 0.963103 0.151325 0.692929 0.265456 -0.670359 0.685795 0.044339 0.726443
26.353730 -48.989685 -1332.717675 76.938304 -0.338712 0.935404 0.101454 0.632183 0.306115 -0.711786 0.696864 0.176953 0.695031
24.830845 -49.846504 -3315.872311 549.315125 -0.270984 0.950758 0.150422 0.541026 0.279687 -0.793137 0.796152 0.133545 0.590175
20.195445 -50.558658 -1058.475269 399.309389 -0.231555 0.960410 0.154903 0.567616 0.262698 -0.780258 0.790060 0.092748 0.605973
59.393843 -102.007651 -11184.794519 -8380.794773 0.865916 -0.493653 0.080602 -0.063159 0.051943 0.996651 0.496186 0.868106 -0.013800
34.306818 -103.239520 -7992.219809 -7773.068540 0.898370 -0.398842 0.184002 -0.178243 0.051839 0.982620 0.401449 0.915553 0.024520
28.816068 -91.292840 -7094.498094 -12614.180208 0.891333 -0.427532 0.150805 -0.027223 0.281571 0.959154 0.452532 0.859031 -0.239334
8.763565 -68.434986 -4104.625221 -6826.372256 0.898072 -0.377893 0.225087 -0.039296 0.440759 0.896765 0.438090 0.814204 -0.380983
23.258115 -67.273678 -6698.464087 -8186.634792 0.887119 -0.443904 0.126371 0.064368 0.390119 0.918512 0.457031 0.806695 -0.374655
41.787856 -79.092852 -9600.822643 -13083.915113 0.845176 -0.533285 0.035843 0.143047 0.290303 0.946183 0.514990 0.794564 -0.321642
-1.336000 -42.980434 -127.245145 -988.485849 0.364262 0.931266 0.007514 0.726456 -0.279084 -0.627992 0.582731 -0.234212 0.778184
-1.430832 -43.001822 -241.767821 -2012.007009 0.382472 0.923947 -0.006097 0.736046 -0.308665 -0.602464 0.558526 -0.225938 0.798123
-2.233469 -37.849684 382.975772 -484.076734 0.389187 0.920780 -0.026421 0.779530 -0.344495 -0.523122 0.490781 -0.182997 0.851848
-4.400503 -37.592423 281.380087 -207.854198 0.334397 0.942406 0.006966 0.836605 -0.293436 -0.462588 0.433902 -0.160516 0.886546
-2.133707 -39.634088 112.512999 530.150246 0.356445 0.934280 0.008292 0.763639 -0.286206 -0.578742 0.538334 -0.212622 0.815469
-5.201129 -38.359579 557.724077 -393.131514 0.349920 0.936771 -0.003904 0.864215 -0.324421 -0.384557 0.361508 -0.131190 0.923093
-1.644414 -67.565609 -1566.461092 969.691421 0.345445 0.923195 -0.168462 -0.414678 -0.010870 -0.909903 0.841849 -0.384179 -0.379074
-2.610624 -66.662385 30.824601 638.394274 0.307895 0.936914 -0.165508 -0.489604 0.006871 -0.871918 0.815775 -0.349492 -0.460832
-3.972584 -68.585082 368.665597 450.727608 0.309553 0.937388 -0.159626 -0.348374 -0.044398 -0.936304 0.884767 -0.345445 -0.312818
12.727011 -101.327507 422.354261 5001.047521 -0.071780 0.950299 0.302953 -0.165015 -0.310865 0.936020 -0.983676 -0.017196 -0.179127
12.504261 -98.300233 -281.743160 5252.039547 -0.100101 0.961555 0.255718 -0.308047 -0.274332 0.910961 -0.946090 -0.012415 -0.323665
14.112823 -114.710797 137.008425 3840.369802 -0.082830 0.956773 0.278792 -0.479830 -0.283480 0.830303 -0.873443 0.064999 -0.482568
12.216496 -100.964885 21.146851 2305.433604 -0.063830 0.951333 0.301481 -0.341335 -0.304689 0.889188 -0.937772 0.046149 -0.344172
15.599784 -48.211448 2068.218778 -393.005789 0.061402 0.995724 0.069014 0.270100 0.049989 -0.961534 0.960872 -0.077680 0.265876
16.507031 -49.335097 2325.225982 152.804674 0.022659 0.994985 0.097424 0.171192 0.092148 -0.980919 0.984977 -0.038905 0.168246
16.323579 -49.278584 1370.728758 -851.606268 0.082257 0.994056 0.071323 0.136112 0.059690 -0.988894 0.987273 -0.091051 0.130393
14.448087 -49.414553 3301.496301 125.682946 0.001682 0.995770 0.091863 0.346010 0.085609 -0.934317 0.938229 -0.033357 0.344402
-1.032129 -119.955986 -1440.443201 913.961518 -0.651124 0.269202 -0.709625 -0.104644 0.894211 0.435243 0.751723 0.357655 -0.554072
0.130622 -110.955580 8.861234 -5754.490972 -0.682661 0.290835 -0.670365 -0.097574 0.872889 0.478063 0.724192 0.391765 -0.567509
1.503602 -113.051882 -447.666283 -3385.577141 -0.669460 0.292301 -0.682923 -0.217052 0.802242 0.556144 0.710431 0.520546 -0.473624
-8.177944 -100.267204 -694.785885 815.992538 0.201179 0.958882 0.200179 -0.088995 0.221404 -0.971113 0.975503 -0.177553 -0.129877
-6.497944 -102.399301 -122.772436 1709.587676 0.201917 0.960368 0.192152 -0.131440 0.220990 -0.966378 0.970543 -0.169871 -0.170852
-8.569891 -99.382191 -705.362961 -1258.343621 0.187383 0.969436 0.158370 -0.326744 0.213560 -0.920669 0.926351 -0.120772 -0.356775
-6.455646 -99.488486 -134.702519 2266.451050 0.192910 0.953244 0.232618 0.128648 0.210453 -0.969102 0.972746 -0.216876 0.082035
-8.999926 -100.725980 -898.381860 -179.450756 0.188924 0.955274 0.227505 0.070900 0.217803 -0.973414 0.979429 -0.200032 0.026581
-3.188528 -303.340130 3810.871147 81599.688430 0.786008 -0.169969 0.594393 -0.007236 0.958868 0.283761 -0.618175 -0.227339 0.752447
-3.427082 -295.749640 1664.766674 -52795.505144 0.770104 -0.165967 0.615951 0.286559 -0.772657 -0.566467 -0.569934 -0.612745 0.547467
0.985833 -247.718947 -1404.682121 45335.757482 0.765252 -0.200241 0.611795 -0.057908 0.925122 0.375227 -0.641121 -0.322571 0.696356
-0.819985 -251.141206 1541.025565 47311.670496 0.775612 -0.195968 0.600018 -0.046249 0.930386 0.363651 -0.629513 -0.309802 0.712556
6.712114 -160.432623 -635.792392 25670.940093 0.769015 -0.167794 0.616816 0.137182 0.985772 0.097131 -0.624338 0.009921 0.781092
3.395283 -173.500420 1449.155441 28984.926967 0.793132 -0.194933 0.577012 0.163623 0.980766 0.106425 -0.586660 0.010003 0.809772
-3.103024 -132.532567 893.592863 -2680.456131 0.699692 -0.185029 0.690069 0.534509 -0.505324 -0.677457 -0.474058 -0.842859 0.254671
-3.449236 -128.795027 56.031471 -851.114770 0.720460 -0.224463 0.656166 0.357403 -0.690663 -0.628687 -0.594307 -0.687460 0.417371
-1.955204 -125.194562 -830.644789 -1562.784335 0.689899 -0.215757 0.691005 0.467521 -0.595984 -0.652861 -0.552687 -0.773467 0.310298
2.144893 -39.923015 -3487.608618 415.087244 0.842408 0.381427 0.380609 -0.107367 0.811002 -0.575107 -0.528036 0.443610 0.724147
7.628265 -46.595033 -3843.542514 3171.148056 0.805003 0.526985 0.272500 -0.335265 0.783035 -0.523883 -0.489456 0.330368 0.807026
-3.147170 -48.311817 -4422.027080 1768.834853 0.843505 0.403253 0.354806 -0.195974 0.846087 -0.495713 -0.500094 0.348603 0.792705
24.267833 16.402915 -236.148418 4719.014515 0.076661 0.982498 0.169765 -0.732284 0.171035 -0.659172 0.676671 0.073783 -0.732579
26.154293 18.082033 1733.244295 -6260.297115 0.155887 0.898070 0.411303 -0.483355 0.432488 -0.761132 0.861433 0.080154 -0.501505
23.547750 21.183613 -1345.759013 -1530.138863 0.345899 0.847529 0.402552 -0.566471 0.530656 -0.630488 0.747973 0.009949 -0.663654
-2.904610 -73.935295 194.182687 6036.336479 0.116077 0.987640 0.105324 0.969976 -0.135535 0.201933 -0.213712 -0.078722 0.973720
-1.548356 -75.579867 -356.787985 2896.267427 0.112233 0.986491 0.119326 0.964883 -0.136893 0.224191 -0.237497 -0.089974 0.967212
-2.654811 -71.461881 -398.268530 3878.748601 0.129560 0.984143 0.121150 0.982351 -0.144017 0.119354 -0.134909 -0.103549 0.985432
-1.174698 -64.051607 -24.601026 1607.775786 -0.153173 -0.982107 -0.109563 0.987222 -0.157008 0.027222 -0.043937 -0.103993 0.993607
-2.157405 -70.726281 500.090324 3998.816075 0.138284 0.985958 0.093614 0.979720 -0.150021 0.132828 -0.145007 -0.073347 0.986708
22.110756 -36.091873 7446.817097 34.262855 -0.674351 0.192626 -0.712844 0.177187 0.979382 0.097031 0.716837 -0.060874 -0.694578
19.549054 -34.529410 3277.108870 -72.118286 -0.624920 0.136190 -0.768718 0.087099 0.990682 0.104708 0.775815 -0.001521 -0.630959
11.483603 -33.918532 7643.057352 -697.680075 -0.683328 0.235233 -0.691179 0.156775 0.971868 0.175767 0.713081 0.011747 -0.700983
6.008836 -36.257338 8151.196603 673.446664 -0.676725 0.295603 -0.674287 0.245429 0.954046 0.171931 0.694124 -0.049139 -0.718176
-52.066814 -71.715552 -397.829268 -2282.020635 0.483391 0.601216 -0.636296 0.426139 0.473317 0.770958 -0.764682 0.643825 0.027404
-50.212138 -71.498357 -708.769458 -2624.895470 0.403344 0.662271 -0.631436 0.341626 0.531175 0.775335 -0.848885 0.528441 0.012003
-53.615039 -76.836919 -473.446073 -1569.806130 0.410025 0.711436 -0.570735 0.513873 0.336789 0.788992 -0.753535 0.616791 0.227496
-53.209758 -72.477377 -177.108653 -937.121365 -0.523838 -0.574274 0.629128 0.548410 0.337776 0.764954 -0.651798 0.745732 0.137998
7.032141 -160.290345 2042.526516 -4136.938718 0.872251 0.362820 0.327932 -0.101340 -0.521897 0.846967 -0.478443 0.772001 0.418457
2.001249 -158.956476 2092.793226 -3933.705412 0.871854 0.362400 0.329450 -0.086320 -0.548437 0.831724 -0.482100 0.753580 0.446875
5.167427 -153.173658 1856.242765 1160.567458 0.870341 0.370805 0.324052 0.078734 -0.754357 0.651726 -0.486114 0.541710 0.685743
9.942661 -168.237005 1974.565354 -2031.777579 0.865003 0.390749 0.314777 -0.029187 -0.587092 0.808994 -0.500916 0.708970 0.496432
10.218963 -55.911350 3557.786910 4591.164403 0.226908 0.531761 0.815931 0.933868 -0.356572 -0.027319 0.276411 0.768171 -0.577503
10.746027 -46.979562 2573.717547 4588.896598 0.164397 0.559437 0.812406 0.921080 -0.381783 0.076514 0.352968 0.735712 -0.578050
0.572792 -44.612587 1784.438756 1775.230591 0.324978 0.482657 0.813284 0.855558 -0.516499 -0.035345 0.403001 0.707299 -0.580792
0.471565 -35.227462 412.834966 2291.706075 0.365011 0.457767 0.810688 0.794401 -0.607213 -0.014806 0.485482 0.649417 -0.585291
-0.768272 -57.993368 2885.901000 3353.119694 0.338350 0.487392 0.804965 0.894119 -0.433200 -0.113529 0.293377 0.758147 -0.582360
-0.692290 -36.515485 1680.657272 2034.731440 0.444097 0.389349 0.806960 0.712341 -0.699721 -0.054417 0.543460 0.598997 -0.588093
26.358442 -27.971283 -3053.356914 763.023099 0.002409 0.711325 0.702860 0.364364 -0.655168 0.661810 -0.931253 -0.254503 0.260759
19.564768 -31.557948 -311.552046 1305.273469 0.077879 0.770867 0.632218 0.299624 -0.622925 0.722627 -0.950873 -0.133151 0.279483
23.338175 -31.214807 147.533440 385.641194 0.096963 0.775889 0.623373 0.345467 -0.613621 0.710015 -0.933408 -0.146510 0.327542
21.047608 -29.877787 -734.749215 1453.782799 0.000754 0.774825 0.632176 0.279137 -0.607211 0.743893 -0.960251 -0.175903 0.216740
21.306840 -26.016118 -1283.538571 586.316174 -0.034882 0.752729 0.657405 0.263493 -0.627604 0.732588 -0.964030 -0.198776 0.176447
20.443710 -22.729407 -770.152942 43.792075 -0.012235 0.676997 0.735884 -0.330334 0.691884 -0.642010 -0.943785 -0.250942 0.215170
22.391409 -97.991585 750.489075 -4147.138926 -0.230825 0.796080 0.559443 0.912728 -0.022054 0.407972 0.337116 0.604789 -0.721514
24.157395 -87.621240 87.675754 -8335.203188 -0.165403 0.846797 0.505546 0.894723 -0.086790 0.438108 0.414864 0.524788 -0.743293
23.358626 -97.178136 -1493.465879 4817.451947 -0.159680 0.824236 0.543265 -0.804530 0.210244 -0.555453 0.572043 0.525768 -0.629551
20.462657 -104.294605 1264.690076 -5278.443467 -0.228056 0.770489 0.595263 0.829344 -0.166566 0.533333 0.510078 0.615307 -0.601014
16.655518 -103.549820 2319.964131 1737.790426 -0.300293 0.752036 0.586741 0.937033 0.117596 0.328847 0.178306 0.648546 -0.739996
19.523392 -102.094156 474.746968 5853.932585 -0.263675 0.811386 0.521659 0.951406 0.129576 0.279351 0.159067 0.569967 -0.806124
19.512674 -98.304480 2340.776971 -2357.394557 -0.261752 0.754647 0.601659 0.898452 -0.037172 0.437495 0.352520 0.655077 -0.668285
-6.910560 -96.568747 -1053.942245 198.805370 -0.130080 0.903680 0.407972 0.965981 0.208264 -0.153318 -0.223516 0.374150 -0.900029
-8.810104 -87.175077 -375.668135 -1090.050254 -0.142245 0.882256 0.448765 0.973489 0.206737 -0.097871 -0.179124 0.422946 -0.888274
-8.408767 -91.827216 -1138.569628 -308.611438 -0.116277 0.902225 0.415295 0.993142 0.110740 0.037485 -0.012170 0.416805 -0.908914
-7.477888 -100.259409 -971.792783 -813.402938 -0.086271 0.909818 0.405942 0.994745 0.056116 0.085635 0.055133 0.411196 -0.909878
-9.361372 -93.961698 -637.319146 -1329.801288 -0.092277 0.898947 0.428229 0.976924 -0.001462 0.213582 0.192625 0.438056 -0.878068
2.888438 -94.444518 -283.124419 8852.163725 -0.215018 0.771799 0.598409 0.405782 -0.486741 0.773578 -0.888318 -0.409157 0.208524
3.505486 -79.627716 219.013075 4461.894090 -0.209748 0.785629 0.582059 0.564314 -0.388876 0.728235 -0.798471 -0.481210 0.361775
5.474739 -81.313955 -99.578248 4621.060027 -0.232943 0.770676 0.593124 0.580628 -0.379048 0.720551 -0.780133 -0.512232 0.359179
31.887542 -24.848155 1966.487979 -69.538921 0.676252 0.451094 0.582406 0.188926 0.657953 -0.728976 -0.712032 0.603003 0.359719
31.393050 -30.873137 2675.247332 2056.208217 0.734115 0.352446 0.580394 -0.246774 -0.657822 0.711599 -0.632596 0.665621 0.395943
23.962836 -25.717014 849.420542 -628.786206 0.706561 0.278141 0.650699 0.279119 0.735432 -0.617440 -0.650281 0.617882 0.441993
20.523478 -50.444211 2057.665011 91.929391 -0.103278 0.992331 0.067916 -0.835232 -0.123600 0.535828 -0.540113 0.001386 -0.841591
21.274724 -50.969888 -3156.270937 -692.092133 -0.118242 0.991860 0.047243 -0.895342 -0.127068 0.426869 -0.429398 -0.008175 -0.903079
19.020982 -53.366637 -1871.764591 -350.070615 -0.109781 0.991620 0.068097 -0.802094 -0.128844 0.583133 -0.587021 -0.009396 -0.809517
18.745635 -52.671545 -332.597701 291.859783 -0.122492 0.989039 0.082444 -0.685902 -0.144401 0.713223 -0.717310 -0.030816 -0.696072
19.794526 -52.385934 1968.025051 112.608518 -0.103702 0.991492 0.078669 -0.757297 -0.129988 0.640003 -0.644784 -0.006794 -0.764334
-4.556418 -182.064275 3669.005346 46172.917613 0.861134 0.188196 0.472260 -0.105150 -0.842934 0.527642 -0.497384 0.504029 0.706091
2.007453 -169.679969 2536.520531 -43540.718014 0.860227 0.183012 0.475938 0.097663 0.856960 -0.506045 -0.500472 0.481794 0.719307
-0.189532 -1513.078411 18043.715573 583702.848738 0.843779 0.146947 0.516182 -0.298071 -0.671504 0.678407 -0.446308 0.726284 0.522801
-9.844639 -689.500025 723.368141 221663.212185 0.852112 0.262448 0.452798 -0.162979 -0.689089 0.706112 -0.497336 0.675483 0.544407
-5.628429 -502.153274 -177.273392 141844.409819 0.848473 0.246854 0.468141 -0.358275 -0.383136 0.851379 -0.389528 0.890096 0.236639
-25.068958 -41.113312 -1705.016856 471.137840 -0.405561 0.771547 0.490138 0.913659 0.358211 0.192125 -0.027339 0.525737 -0.850208
-21.925308 -39.932631 -427.900304 437.436674 -0.417482 0.764939 0.490487 0.904630 0.298935 0.303779 0.085749 0.570532 -0.816787
-21.606331 -39.790438 -906.316128 -183.022916 -0.437670 0.783614 0.440902 0.899128 0.379420 0.218196 0.003695 0.491925 -0.870630
-208.884435 -4017.856503 47508.691514 -3513984.351695 0.809018 0.520285 0.273483 0.587382 -0.698427 -0.408878 0.021726 -0.491429 0.870647
-149.698629 -5198.569996 52842.446607 684994.197276 0.753237 0.642871 0.139109 0.628176 -0.640393 -0.441919 0.195013 -0.420255 0.886203
292.355548 -6458.679631 166859.133560 -14298487.663484 0.634813 0.769900 0.065324 0.499691 -0.473554 0.725297 -0.589340 0.427786 0.685330
-75.240217 -2236.118042 141321.711656 1197192.370355 0.693277 0.707622 0.136523 -0.446850 0.273454 0.851791 -0.565413 0.651532 -0.505781
-725.832194 -15985.114926 222579.689205 15514201.664559 0.548413 0.831531 0.088316 0.147353 -0.200060 0.968640 -0.823122 0.518201 0.232244
-9.834657 -41.770623 2591.208980 1524.707390 -0.047900 0.781742 0.621759 -0.501643 -0.557106 0.661806 -0.863747 0.280201 -0.418841
-0.369398 -44.484039 4119.946805 1730.234763 -0.013295 0.770119 0.637762 -0.556642 -0.535549 0.635088 -0.830646 0.346562 -0.435801
-8.744484 -44.592785 2937.374607 1053.141160 -0.056717 0.764135 0.642558 -0.596031 -0.542237 0.592222 -0.800956 0.349395 -0.486202
-13.924885 -40.524839 779.233197 1491.626938 -0.074965 0.811321 0.579775 -0.473077 -0.540753 0.695546 -0.877826 0.222136 -0.424355
-11.025920 -37.521251 705.925853 1298.242213 -0.059984 0.798809 0.598587 -0.399342 -0.568791 0.719029 -0.914838 0.195910 -0.353116
-18.384981 -34.413257 191.161288 652.381106 -0.168850 0.931937 0.320911 -0.857112 0.021930 -0.514664 0.486672 0.361957 -0.795071
-15.595298 -33.172062 63.410370 452.027426 -0.130170 0.935074 0.329686 -0.903257 0.025288 -0.428355 0.408880 0.353550 -0.841320
-17.001677 -34.891731 530.279144 516.336949 -0.349154 0.898101 0.267407 -0.816858 -0.151877 -0.556486 0.459168 0.412732 -0.786649
-19.084483 -35.089591 638.463343 103.168661 -0.354173 0.899621 0.255428 -0.758329 -0.116439 -0.641389 0.547265 0.420861 -0.723448
-131.729307 -287.641949 27368.551825 14939.657160 -0.671328 -0.479788 -0.564908 -0.329169 0.875909 -0.352748 0.664053 -0.050859 -0.745954
-273.621141 -346.593724 -35657.880399 21493.258973 0.240018 0.919661 0.310830 -0.433325 0.388018 -0.813432 0.868689 -0.060548 -0.491644
-263.080925 -502.431162 54913.274266 -73758.469569 -0.653931 -0.501376 -0.566566 0.015592 0.739786 -0.672661 0.756394 -0.448708 -0.475952
-83.560517 -528.993970 16030.091438 -76681.253506 -0.731574 -0.450759 -0.511484 0.047694 0.714562 -0.697944 0.680091 -0.534993 -0.501257
-52.338914 -77.599825 -402.780346 3570.232666 0.110136 -0.951022 0.288838 0.981098 0.150545 0.121584 -0.159112 0.269988 0.949626
-47.857313 -72.570253 -865.257037 4486.106455 -0.207464 -0.906038 0.368855 0.972808 -0.151394 0.175283 -0.102970 0.395190 0.912810
18.651802 -49.445744 -3567.307166 -618.438620 -0.243408 0.956099 0.163179 0.820946 0.292679 -0.490293 0.516528 -0.014620 0.856146
14.087742 -49.961892 -1306.476278 -269.769020 -0.201003 0.968489 0.147061 0.795912 0.248981 -0.551844 0.571070 -0.006126 0.820878
38.390304 -110.422133 -8386.888484 5227.911960 0.897456 -0.368838 0.241934 -0.342109 -0.235782 0.909598 0.278450 0.899091 0.337787
19.228989 -104.430980 -4392.217106 -5848.392760 0.885923 -0.366980 0.283666 -0.297060 0.020777 0.954633 0.356225 0.929997 0.090609
57.478901 -110.996690 -13409.559036 443.139891 0.896963 -0.415149 0.152016 -0.234461 -0.155170 0.959662 0.374814 0.896423 0.236518
-1.597889 -45.397508 -1257.615369 -3423.846180 0.373269 0.927457 0.022205 0.706221 -0.268546 -0.655084 0.601600 -0.260204 0.755230
-2.314171 -87.691542 2833.466985 3517.703711 -0.072453 0.913900 0.399420 0.993956 0.099280 -0.046861 -0.082481 0.393611 -0.915569
5.592741 -100.644774 3980.660472 4971.913037 -0.092015 0.900159 0.425731 0.987155 0.138542 -0.079572 -0.130609 0.412940 -0.901344
-4.365974 -89.840578 2815.688545 2216.927059 -0.072270 0.909730 0.408863 0.995695 0.041951 0.082656 0.058042 0.413076 -0.908845
-2.445533 -93.193647 1524.189815 1303.739587 -0.048165 0.930522 0.363055 0.968163 0.132881 -0.212137 -0.245642 0.341279 -0.907298
-8.342485 -87.800506 712.208464 1577.352024 -0.034752 0.933920 0.355789 0.998518 0.047363 -0.026793 -0.041874 0.354331 -0.934182
6.154391 -70.014308 -1790.968992 2233.206050 0.347023 0.929588 -0.124266 -0.403871 0.028537 -0.914371 0.846442 -0.367495 -0.385336
9.078087 -66.224141 -1752.116415 3437.918639 0.338552 0.932357 -0.126857 -0.533127 0.078977 -0.842341 0.775344 -0.352807 -0.523803
4.266818 -67.718725 -1703.687407 2063.482783 0.352267 0.925480 -0.139267 -0.537657 0.078318 -0.839518 0.766050 -0.370612 -0.525180
0.947900 -67.998598 -1844.011330 1692.280767 0.355932 0.919186 -0.168554 -0.536732 0.053425 -0.842060 0.765004 -0.390184 -0.512372
1.933084 -69.980101 -2139.634967 1280.602336 0.362713 0.921144 -0.141186 -0.367999 0.002388 -0.929823 0.856164 -0.389216 -0.339846
3.226096 -66.185849 -1178.352464 552.126835 0.346939 0.923984 -0.160895 -0.673441 0.126024 -0.728420 0.652772 -0.361070 -0.665971
-7.428484 -40.789579 -745.227739 -790.578257 0.210865 0.976945 -0.033393 0.440256 -0.125415 -0.889070 0.872760 -0.172772 0.456551
-3.279638 -42.435957 -4989.441358 -825.315748 0.249200 0.968068 0.027286 0.390411 -0.074636 -0.917610 0.886273 -0.239321 0.396543
-3.706548 -44.078722 -1445.297682 -1496.804678 0.206754 0.978277 -0.015077 0.333097 -0.084871 -0.939065 0.919945 -0.189133 0.343409
-3.593713 -98.997143 448.001802 -3530.626682 0.715051 -0.259584 0.649091 0.342155 -0.679733 -0.648762 -0.609617 -0.685988 0.397226
-6.432084 -121.838293 356.100474 -12646.885418 0.698020 -0.245444 0.672700 0.496845 -0.510500 -0.701809 -0.515668 -0.824104 0.234391
-3.522901 -106.717758 1104.947890 -8397.146047 0.696616 -0.214493 0.684631 0.455854 -0.604548 -0.653238 -0.554007 -0.767147 0.323360
-5.478934 -89.569831 537.472858 -6854.905635 0.713440 -0.270619 0.646351 0.382789 -0.622096 -0.682985 -0.586921 -0.734685 0.340238
-1.964384 -97.289552 61.005715 120.448594 0.708909 -0.259058 0.656001 -0.297713 0.733269 0.611296 -0.639386 -0.628654 0.442696
-2.116401 -84.904965 158.830252 -2797.685960 0.732063 -0.298235 0.612486 -0.252339 0.716414 0.650443 -0.632779 -0.630720 0.449203
-0.374290 -99.374995 -31.348419 -3862.887785 0.726818 -0.296585 0.619494 -0.159808 0.804181 0.572498 -0.667980 -0.515102 0.537097
-4.863230 -109.089870 83.906047 -1845.961529 0.204907 0.963741 0.170925 -0.215818 0.214820 -0.952510 0.954691 -0.158287 -0.252011
-6.641307 -101.667057 -487.362985 -783.160594 0.196535 0.970086 0.142503 -0.355727 0.205981 -0.911608 0.913692 -0.128471 -0.385568
-4.729313 -107.081752 78.857853 1452.892884 0.208248 0.955253 0.210060 0.019016 0.210774 -0.977350 0.977891 -0.207526 -0.025728
-4.319259 -284.764540 -248.080981 -50255.620356 0.772066 -0.173600 0.611374 0.289546 -0.760258 -0.581525 -0.565754 -0.625996 0.536704
-6.580052 -261.591057 -872.132249 -10494.610433 0.746195 -0.179192 0.641158 0.517530 -0.449665 -0.727986 -0.418755 -0.875038 0.242800
-2.465478 -227.257105 -1074.601302 -21701.421284 0.749398 -0.236201 0.618556 0.271131 -0.742818 -0.612135 -0.604061 -0.626443 0.492625
-3.306508 -230.418355 472.961306 -5434.159225 0.755615 -0.210610 0.620234 0.464078 -0.496104 -0.733834 -0.462254 -0.842332 0.277124
-3.878218 -262.985210 -618.324000 21070.140095 0.746969 -0.191010 0.636831 0.570399 -0.308006 -0.761431 -0.341589 -0.932012 0.121119
6.522864 -57.062836 -5548.828468 5776.304462 0.795660 0.530766 0.291913 -0.371394 0.808154 -0.457115 -0.478532 0.255293 0.840138
15.335157 -62.762894 -3956.005883 8226.273324 0.764973 0.601299 0.230771 -0.460553 0.761167 -0.456636 -0.450230 0.243032 0.859202
13.945810 -43.613508 -1290.427003 3076.574941 0.807724 0.550892 0.210002 -0.393682 0.769133 -0.503437 -0.438858 0.323964 0.838123
23.191773 -4.090596 1095.277296 -9835.286093 0.076559 0.952192 0.295753 -0.431072 0.299078 -0.851310 0.899064 0.062315 -0.433360
25.517797 17.593729 -2677.602578 -6277.665050 -0.375294 -0.686937 -0.622312 -0.311402 0.725804 -0.613382 0.873031 -0.036410 -0.486303
27.661101 10.100722 156.008636 -12192.861872 -0.006295 0.953312 0.301921 -0.410447 0.272858 -0.870105 0.911863 0.129400 -0.389566
25.219017 -37.011655 -1367.878205 693.422211 -0.514810 0.106905 -0.850613 0.146211 0.988607 0.035758 0.844745 -0.105960 -0.524575
20.342882 -34.073006 -3966.494989 51.696658 -0.468633 0.090754 -0.878719 0.043198 0.995873 0.079816 0.882336 -0.000554 -0.470619
-41.945778 -63.522760 1251.992033 -1222.180521 0.703568 -0.018738 -0.710381 0.640003 0.451172 0.621965 -0.308850 0.892240 -0.329422
-39.469228 -63.310865 1094.101837 -990.774472 0.718338 -0.137806 -0.681910 0.650255 0.481433 0.587700 -0.247305 0.865582 -0.435440
-41.397199 -61.603772 1339.557298 -863.995894 0.659614 -0.075096 -0.747843 0.636993 0.583978 0.503200 -0.398936 0.808289 -0.433035
-41.328912 -67.264630 1000.134712 -1403.713051 0.743177 -0.057092 -0.666654 0.647848 0.310489 0.695622 -0.167275 0.948861 -0.267735
-45.417574 -64.168963 2114.755400 -1624.723570 0.657095 0.067827 -0.750750 0.614585 0.528476 0.585661 -0.436477 0.846235 -0.305573
-45.780357 -67.168517 1629.980499 -672.259128 0.719853 0.094103 -0.687718 0.629459 0.329093 0.703903 -0.292562 0.939597 -0.177664
22.145304 -50.685665 295.771534 1058.579268 -0.059959 0.866465 0.495625 -0.676240 -0.400478 0.618318 -0.734238 0.298088 -0.609950
19.604516 -52.227136 -2562.491006 1055.457923 -0.109104 0.901123 0.419610 -0.655929 -0.382446 0.650763 -0.746896 0.204233 -0.632799
23.619264 -52.713295 -734.887573 1081.448795 -0.091192 0.868527 0.487181 -0.749378 -0.382039 0.540813 -0.655833 0.315765 -0.685694
19.302514 -47.511163 319.253297 1062.486039 -0.052953 0.875874 0.479626 -0.579348 -0.418150 0.699647 -0.813359 0.240821 -0.529578
22.561588 -50.590803 2611.176109 500.445131 -0.047017 0.828143 0.558541 -0.726267 -0.412239 0.550087 -0.685803 0.379786 -0.620835
19.480628 -48.159994 2650.740068 1304.748785 -0.027635 0.837838 0.545220 -0.626662 -0.439463 0.643558 -0.778801 0.323883 -0.537185
30.927229 -68.396808 7866.180973 7619.982316 0.074426 0.604676 0.792987 0.977807 -0.200416 0.061050 0.195843 0.770844 -0.606172
19.883896 -43.841054 5883.325242 5807.841665 -0.018436 0.645908 0.763193 0.940654 -0.247504 0.232191 0.338867 0.722181 -0.603013
3.731748 -25.655741 1557.870221 4589.797347 0.056683 0.629283 0.775107 0.898746 -0.370257 0.234875 0.434791 0.683311 -0.586552
16.936438 -34.544705 4917.354490 -256.820532 0.164252 0.817640 0.551803 0.278089 -0.575093 0.769373 -0.946408 -0.027079 0.321836
12.707083 -34.170832 2474.589354 582.880971 0.089713 0.845968 0.525632 0.184700 -0.532737 0.825880 -0.978692 -0.022992 0.204044
23.564634 -81.704254 -19.540149 -4953.195359 -0.130756 0.881342 0.454025 0.901225 -0.085182 0.424898 0.413155 0.464736 -0.783149
22.230057 -82.345118 -374.659110 918.052834 -0.181443 0.869576 0.459255 0.935655 0.008903 0.352803 0.302700 0.493719 -0.815239
21.042020 -80.363449 -625.382057 3131.724684 -0.137346 0.903699 0.405542 0.937681 -0.013317 0.347242 0.319203 0.427962 -0.845552
19.330360 -90.223669 -953.115093 8877.743289 -0.191319 0.883853 0.426849 0.961657 0.081731 0.261792 0.196499 0.460569 -0.865601
19.296340 -93.714779 -404.809464 9472.690039 -0.237530 0.850132 0.469952 0.957423 0.123175 0.261094 0.164078 0.511960 -0.843193
-8.124271 -85.567264 -250.418316 744.220383 -0.157990 0.867362 0.471935 -0.899172 -0.323889 0.294255 -0.408080 0.377862 -0.831078
-9.921666 -87.144876 -325.056650 58.523790 -0.161067 0.861207 0.482057 0.949264 0.268854 -0.163142 -0.270102 0.431323 -0.860817
-8.151099 -88.716756 -1048.019506 488.551107 -0.160125 0.887658 0.431767 -0.920440 -0.292282 0.259542 -0.356582 0.355856 -0.863838
3.587436 -72.535575 388.775267 -1284.825944 -0.225632 0.802542 0.552283 0.671943 -0.282273 0.684700 -0.705395 -0.525593 0.475573
2.498986 -76.239305 614.664258 4464.529996 -0.195695 0.799814 0.567451 0.574188 -0.375633 0.727467 -0.794992 -0.468185 0.385734
2.889194 -69.766295 485.909140 -1683.620928 -0.214291 0.803247 0.555765 0.683414 -0.283223 0.672852 -0.697871 -0.524004 0.488258
2.874976 -73.664881 298.758594 -4596.678868 -0.242272 0.807967 0.537117 0.757947 -0.187975 0.624645 -0.605657 -0.558440 0.566855
4.781824 -75.953786 630.993920 -3701.217897 -0.250297 0.811225 0.528456 0.770015 -0.164070 0.616570 -0.586880 -0.561244 0.583589
-4.303019 -22.948163 -3424.245400 2183.005671 -0.354060 0.935024 -0.019264 -0.544388 -0.189304 0.817194 -0.760449 -0.299823 -0.576041
-2.599793 -25.324035 -5708.013482 -692.517942 -0.583378 0.742827 0.328447 -0.263822 -0.555773 0.788362 -0.768159 -0.373261 -0.520200
-11.379198 -23.022936 642.075447 3507.550871 -0.618201 0.401993 0.675448 0.018728 0.866615 -0.498626 -0.785797 -0.295601 -0.543271
0.508532 -27.724659 -5196.013062 597.570012 -0.629825 0.622695 0.464296 0.103316 0.659602 -0.744481 -0.769835 -0.420923 -0.479768
-5.241146 -18.568809 8118.872273 372.131419 0.167648 0.847219 -0.504097 -0.577802 0.498744 0.646064 -0.798774 -0.182957 -0.573138
-11.287346 -31.602834 156.511398 4297.713821 -0.565792 0.003399 0.824541 -0.181643 0.974911 -0.128660 -0.804292 -0.222567 -0.550980
-10.455352 -35.253956 -953.253972 893.923733 -0.605892 0.297348 0.737888 -0.094791 0.893932 -0.438064 -0.789880 -0.335364 -0.513440
31.665212 -49.169587 5293.490746 -838.221092 -0.069772 0.939928 0.334166 -0.949749 -0.165055 0.265958 -0.305137 0.298818 -0.904212
30.347398 -51.303248 4785.180569 -1176.275489 -0.065149 0.946520 0.316000 -0.899544 -0.192783 0.391989 -0.431945 0.258718 -0.863996
30.105763 -49.214434 451.512897 -642.088106 -0.084695 0.970956 0.223766 -0.944644 -0.149685 0.291962 -0.316976 0.186651 -0.929886
32.291486 -47.803463 2904.254282 -222.921818 -0.086770 0.959333 0.268610 0.970087 0.142726 -0.196370 -0.226722 0.243536 -0.943020
17.756198 -1492.041010 4317.000719 -422553.210764 0.837823 0.215207 0.501735 -0.486879 0.710302 0.508350 0.246983 0.670192 -0.699887
-4.295975 -335.346252 1886.137944 -42655.282193 0.840828 0.232708 0.488729 -0.538983 0.276419 0.795670 -0.050065 0.932437 -0.357846
9.569898 -309.829896 4573.591424 -44794.614320 0.860970 0.183765 0.474302 -0.505770 0.408470 0.759834 0.054107 0.894082 -0.444623
18.933225 -384.999477 3605.339560 -77529.132130 0.845421 0.189345 0.499411 -0.519080 0.511478 0.684797 0.125775 0.838176 -0.530700
15.491687 -445.580799 695.101167 -107212.919324 0.853277 0.224970 0.470432 -0.440278 0.794222 0.418769 0.279417 0.564446 -0.776741
13.506503 -310.726343 4290.584798 25278.202272 0.864238 0.150162 0.480150 -0.490854 0.042531 0.870203 -0.110250 0.987746 -0.110465
-23.135714 -40.312873 -64.642912 621.547843 -0.333904 0.756957 0.561716 0.942332 0.253666 0.218321 0.022772 0.602221 -0.798004
-19.214217 -38.421976 177.575707 692.965489 -0.376998 0.758112 0.532108 0.907879 0.188723 0.374351 0.183379 0.624219 -0.759422
-20.799593 -39.311456 -686.190244 649.715769 -0.516185 0.744517 0.423376 0.835194 0.328045 0.441404 0.189746 0.581447 -0.791148
-16.559375 -39.074304 2122.888000 760.367081 -0.281498 0.735091 0.616766 0.953143 0.139982 0.268187 0.110806 0.663360 -0.740051
-3.081419 -332.877407 -2248.707588 -22607.419774 0.894857 0.081883 0.438777 0.411963 0.226862 -0.882508 0.171804 -0.970479 -0.169277
13.401595 -444.008246 -7330.611930 -65729.125111 0.912400 0.078391 0.401723 0.370200 0.260587 -0.891654 0.174581 -0.962263 -0.208739
-3.095488 -347.562634 -3169.972642 10884.608666 0.909530 0.105556 0.402010 0.258601 0.613491 -0.746159 0.325392 -0.782615 -0.530692
-5.211880 -309.199789 1056.596753 20400.488151 0.880527 0.121686 0.458110 0.300291 0.604575 -0.737776 0.366739 -0.787198 -0.495804
-3.377830 -291.657311 1465.819647 -13212.309362 0.875684 0.130192 0.465003 0.428426 0.234789 -0.872540 0.222775 -0.963288 -0.149823
-657.042640 -9032.101029 147394.264760 -2398527.657318 0.818679 0.567155 -0.089998 -0.194777 0.126820 -0.972614 0.540209 -0.813789 -0.214294
-17.083226 -34.812703 -632.048542 566.636345 0.085654 0.922272 0.376931 -0.877853 0.248785 -0.409242 0.471208 0.295837 -0.830929
-14.387814 -32.827337 -235.620880 716.417161 0.121757 0.917437 0.378794 -0.915868 0.250943 -0.313391 0.382572 0.308768 -0.870805
-12.640266 -31.305809 -46.209603 -667.229855 -0.097811 0.937008 0.335333 0.938821 -0.024931 0.343501 0.330224 0.348416 -0.877245
-143.723841 -807.367616 -2518.296799 229248.410153 -0.436646 -0.488361 0.755542 0.168790 0.780447 0.602007 -0.883657 0.390392 -0.258348
540.859652 -6505.783015 712145.810749 2442866.793653 -0.853727 -0.319749 0.410988 -0.182168 0.922789 0.339521 -0.487817 0.214989 -0.846058
-544.613327 -676.884850 86218.638133 185739.717351 -0.138855 0.913398 -0.382654 0.240908 0.405944 0.881574 -0.960564 -0.030227 0.276412
-188.044994 -2153.114106 76915.179505 1047248.279767 -0.226239 -0.465562 0.855609 -0.691734 0.695219 0.195382 -0.685799 -0.547651 -0.479331
-153.043555 -523.394514 10619.149729 128800.023334 -0.158432 -0.374602 0.913550 0.327222 0.853028 0.406533 -0.931571 0.363341 -0.012569
-283.383722 -1362.207226 74422.093238 462151.022015 0.333166 0.938626 -0.089338 -0.276374 0.187808 0.942521 -0.901453 0.289325 -0.321983
-63.741510 -412.791671 -6301.865539 121713.802816 0.425268 0.724773 -0.542081 0.219706 0.498356 0.838672 -0.877996 0.475758 -0.052698
-256.131402 -498.975471 -14940.988176 81487.925880 0.043851 0.976880 0.209242 -0.144069 0.213438 -0.966276 0.988596 -0.012227 -0.150097
-116.673665 -11323.091836 -206856.100944 4919128.163315 0.515185 0.788538 0.335847 -0.007742 0.396116 -0.918168 0.857044 -0.470426 -0.210178
-44.639141 -76.792168 -1700.259954 1964.087567 -0.224958 0.953659 -0.199822 0.950842 0.259654 0.168760 -0.212824 0.152035 0.965190
-22.681277 -75.881713 -8490.504593 -820.361251 -0.295125 0.953546 -0.060432 0.935684 0.301240 0.183711 -0.193381 0.002327 0.981121
-13.068741 -79.919822 -8439.575339 10245.758365 -0.280781 0.959394 -0.026925 0.958016 0.278461 -0.068294 0.058023 0.044970 0.997302
-25.699954 -72.293637 -4834.472224 14040.460896 -0.291690 0.953577 -0.074881 0.934207 0.267206 -0.236344 0.205363 0.138893 0.968780
-46.490874 -65.627565 1378.960804 2005.268531 -0.517359 0.513441 0.684630 -0.472583 0.495552 -0.728761 0.713446 0.700576 0.013735
-43.741990 -64.683552 309.330233 -1941.267117 0.598627 -0.455394 -0.658985 0.500347 -0.429864 0.751578 0.625538 0.779637 0.029473
-46.620941 -65.335871 -195.588012 765.790044 0.510966 -0.455311 -0.729112 -0.392965 0.630654 -0.669219 0.764521 0.628464 0.143322
-47.852412 -65.590104 -2039.563483 -528.376909 0.599879 -0.547215 -0.583696 0.499465 -0.313804 0.807503 0.625044 0.775940 -0.085071
-50.138189 -67.066234 1380.007102 -342.979784 -0.431789 0.613323 0.661357 -0.349817 0.561971 -0.749545 0.831376 0.554999 0.028102
-51.048083 -67.958820 3113.502761 380.776720 -0.496594 0.638542 0.587928 -0.443857 0.395274 -0.804207 0.745912 0.660321 -0.087131
24.619394 -48.578005 -1922.111629 -526.669257 -0.323730 0.940667 0.101707 0.800062 0.329542 -0.501301 0.505074 0.080915 0.859274
20.286296 -47.324596 -2574.723885 230.972645 -0.281587 0.951497 0.123941 0.863206 0.307603 -0.400320 0.419028 0.005738 0.907955
13.891134 -48.399790 -3594.910803 -151.202985 -0.219335 0.962274 0.161003 0.895366 0.264080 -0.358584 0.387573 -0.065507 0.919508
10.950441 -49.194162 -1829.295596 -459.995952 -0.194656 0.969157 0.151140 0.872603 0.241474 -0.424563 0.447965 -0.049242 0.892694
0.571089 -47.388495 -869.479135 -2166.017612 0.387268 0.921733 0.020765 0.612952 -0.240578 -0.752604 0.688704 -0.304188 0.658146
0.537788 -46.974887 -174.393368 -1687.994466 0.350744 0.936228 0.021345 0.654230 -0.228662 -0.720900 0.670046 -0.266816 0.692711
2.089959 -50.767441 -906.354167 -767.716247 0.378751 0.925283 0.019986 0.495543 -0.184509 -0.848760 0.781656 -0.331373 0.528400
1.120096 -50.406397 -482.718936 1020.267064 0.381005 0.924560 0.004956 0.511496 -0.206313 -0.834150 0.770199 -0.320350 0.551515
-0.898348 -66.077319 -53.911518 -913.829355 0.251527 0.943233 -0.216902 -0.835645 0.098580 -0.540351 0.488294 -0.317166 -0.813003
-1.957425 -63.610219 -512.809019 429.718012 0.279423 0.935287 -0.217168 -0.757146 0.075540 -0.648864 0.590469 -0.345735 -0.729256
0.372746 -68.627660 -1161.318969 -179.703760 0.289435 0.930697 -0.223675 -0.836556 0.132388 -0.531645 0.465189 -0.340993 -0.816898
-2.239773 -65.086982 610.154165 -30.333358 0.239545 0.948489 -0.207331 -0.768015 0.054481 -0.638111 0.593946 -0.312089 -0.741504
1.074582 -69.530470 -258.991923 -1378.653960 0.251109 0.942736 -0.219529 -0.899960 0.143881 -0.411547 0.356394 -0.300911 -0.884554
-1.163166 -67.471010 461.714679 -1107.952619 0.228471 0.949307 -0.215909 -0.854873 0.089509 -0.511058 0.465825 -0.301337 -0.831987
3.697091 -91.003899 3619.085507 1507.078206 -0.128407 0.904906 0.405779 0.985574 0.070950 0.153657 0.110255 0.419656 -0.900962
18.890219 -103.167450 4219.048896 6069.208129 -0.143475 0.923384 0.356058 0.987113 0.159291 -0.015335 -0.070877 0.349269 -0.934338
13.445832 -113.540718 3372.613069 -5715.039984 -0.098341 0.921783 0.375027 -0.923315 -0.225099 0.311160 -0.371240 0.315668 -0.873232
5.787078 -98.373792 3420.182496 -2044.849749 -0.058460 0.912336 0.405247 -0.926699 -0.200551 0.317818 -0.371230 0.356962 -0.857185
-5.478703 -132.796891 1456.791068 -17810.703074 0.692546 -0.197330 0.693859 0.574835 -0.430157 -0.696082 -0.435826 -0.880923 0.184471
-4.658393 -110.792264 -402.114193 -508.647192 0.227078 0.961843 0.152625 -0.337009 0.224645 -0.914308 0.913707 -0.156183 -0.375162
-4.649643 -113.420542 -391.011261 437.620303 0.227174 0.955026 0.190569 -0.096432 0.216784 -0.971445 0.969068 -0.202310 -0.141343
-5.129165 -120.191391 -910.712764 -832.590384 0.250113 0.950145 0.186195 -0.095188 0.215505 -0.971852 0.963526 -0.225349 -0.144343
-4.443675 -110.969212 -562.928713 430.871933 0.247967 0.943692 0.218993 0.131890 0.191063 -0.972677 0.959749 -0.270074 0.077086
-0.176979 -219.124347 666.818422 32413.519316 0.767944 -0.122802 0.628634 -0.217506 0.873132 0.436271 -0.602456 -0.471764 0.643806
2.823243 -175.436367 -442.547214 25911.791990 0.749604 -0.129629 0.649068 -0.013245 0.977500 0.210519 -0.661754 -0.166402 0.731021
-4.436148 -62.291910 -2374.708938 4369.241024 0.877267 0.344900 0.333837 -0.199887 0.894812 -0.399196 -0.436404 0.283472 0.853929
-16.814241 -56.758201 -1595.739282 -2188.548733 0.891186 0.167036 0.421767 0.030295 0.905752 -0.422725 -0.452626 0.389504 0.802133
0.246115 -12.505185 -40.621731 -1083.203543 -0.631283 -0.437743 -0.640206 -0.225678 0.893445 -0.388363 0.741991 -0.100686 -0.662805
-0.215245 -11.401242 -290.251204 -1373.974883 -0.612653 -0.494392 -0.616631 -0.264315 0.863439 -0.429663 0.744845 -0.100249 -0.659664
-0.284075 -5.566070 961.981830 -1401.129131 -0.608483 -0.550531 -0.571546 -0.284541 0.823693 -0.490476 0.740800 -0.135818 -0.657852
3.409138 -7.852391 1627.581257 -1436.865139 -0.592364 -0.579643 -0.559571 -0.292690 0.801913 -0.520835 0.750625 -0.144743 -0.644680
0.046485 -75.690788 -659.193679 1613.481432 0.098040 0.988077 0.118709 0.966751 -0.122868 0.224266 -0.236178 -0.092775 0.967271
-0.070481 -71.301904 -727.656843 1064.385203 0.115856 0.986060 0.119429 0.986826 -0.127940 0.099027 -0.112926 -0.106383 0.987892
-1.285585 -77.975577 -588.684109 201.044089 0.093843 0.988734 0.116610 0.910351 -0.132636 0.392007 -0.403058 -0.069369 0.912542
27.083107 -37.719797 7166.751375 1302.223767 -0.673621 0.197846 -0.712104 0.238246 0.970199 0.044183 0.699624 -0.139894 -0.700683
3.364401 -20.887088 -355.832455 652.146830 -0.527511 0.074721 -0.846256 -0.300951 0.915091 0.268395 0.794456 0.396263 -0.460234
2.055959 -19.418689 353.265988 813.298451 -0.569785 0.154526 -0.807135 -0.266074 0.894569 0.359096 0.777527 0.419366 -0.468597
4.519146 -22.677304 194.337200 681.711382 -0.557012 0.134362 -0.819564 -0.218281 0.928447 0.300566 0.801306 0.346314 -0.487827
0.826446 -18.729307 -226.811727 651.471400 -0.520969 0.048460 -0.852199 -0.354540 0.895906 0.267683 0.776462 0.441593 -0.449558
2.528981 -23.552730 -934.473666 747.617759 -0.490276 0.015679 -0.871426 -0.309426 0.931575 0.190848 0.814791 0.363210 -0.451878
-0.779047 -20.220302 -761.700006 814.257089 -0.462656 -0.068420 -0.883893 -0.425754 0.891667 0.153831 0.777613 0.447492 -0.441665
-40.080621 -64.318942 223.079797 -1996.556804 0.702922 -0.214803 -0.678056 0.702140 0.361785 0.613279 -0.113576 0.907178 -0.405128
