17719
35422
-22.838981 -38.870226 -120.671538 -1708.026664 -0.886041 -0.126896 -0.445901 -0.029623 0.975342 -0.218703 0.462659 -0.180570 -0.867952
-27.082310 -42.630308 75.684523 -954.378500 -0.899598 -0.070062 -0.431061 -0.041817 0.996331 -0.074667 0.434711 -0.049145 -0.899228
-29.204498 -47.124544 -40.359514 -2960.755037 -0.809019 0.324410 -0.490149 0.319602 0.942638 0.096373 0.493298 -0.078685 -0.866294
-21.339498 -37.258342 -205.431222 -1398.665259 -0.883074 -0.349761 -0.312805 -0.260368 0.919830 -0.293464 0.390370 -0.177706 -0.903345
-23.838625 -39.923616 -981.048440 -3821.237354 -0.798911 0.223571 -0.558352 0.325490 0.941368 -0.088788 0.505764 -0.252672 -0.824839
-19.759116 -32.678884 -155.335057 -2218.161093 -0.876715 -0.301695 -0.374636 -0.143823 0.907636 -0.394350 0.459006 -0.291852 -0.839128
22.304445 -42.995075 2141.979811 652.208990 -0.605454 0.492687 -0.625048 0.670252 -0.107853 -0.734255 -0.429171 -0.863497 -0.264924
29.262991 -50.795780 245.160879 918.498648 -0.675318 0.388130 -0.627137 0.687646 0.023953 -0.725651 -0.266625 -0.921293 -0.283071
25.710943 -45.675023 1499.017170 -479.970888 -0.664078 0.493857 -0.561343 0.665973 0.049472 -0.744333 -0.339824 -0.868135 -0.361749
17.849599 -40.002303 3127.205126 -770.557570 -0.633927 0.563335 -0.529897 0.645848 0.008678 -0.763417 -0.425460 -0.826183 -0.369330
23.419060 -45.535718 -1969.622350 -2308.248022 0.694391 -0.539072 0.476679 0.640863 0.161989 -0.750370 -0.327287 -0.826535 -0.457955
-0.070302 -14.153376 -1041.494021 850.929044 0.532233 0.213979 0.819110 0.676379 -0.689362 -0.259407 0.509155 0.692094 -0.511632
1.527007 -12.562165 -469.083966 437.426299 0.647132 0.082558 0.757894 -0.548394 0.741002 0.387531 0.529607 0.666409 -0.524801
9.419143 -14.134268 -2814.786698 87.299588 0.596278 0.143248 0.789894 0.607530 -0.723695 -0.327373 0.524747 0.675089 -0.518551
-2.504504 -11.784749 378.255118 -19.187014 0.684513 0.023937 0.728607 -0.514159 0.724386 0.459245 0.516800 0.688979 -0.508159
11.559689 -15.827522 -3842.607540 1061.345039 0.544643 0.214294 0.810828 0.681393 -0.676717 -0.278850 0.488946 0.704366 -0.514587
8.304733 -18.197423 -4127.640932 1534.006345 0.495021 0.280963 0.822201 0.739613 -0.632863 -0.229035 0.455990 0.721488 -0.521084
-5.435749 -14.124404 175.119469 1461.938652 0.552473 0.171751 0.815644 0.662174 -0.684770 -0.304328 0.506260 0.708232 -0.492046
-2.743513 -17.569623 -1338.985002 2003.336288 0.451817 0.293931 0.842298 0.750634 -0.635475 -0.180890 0.482089 0.713986 -0.507753
-6.862804 -17.058404 -983.177937 -1830.042894 0.932207 -0.333515 0.140559 0.098816 -0.139070 -0.985340 -0.348174 -0.932431 0.096685
-8.295745 -17.286466 212.747276 -2098.718754 0.838967 -0.211450 0.501422 0.447634 -0.255810 -0.856846 -0.309448 -0.943319 0.119964
-5.524032 -11.740713 -776.856030 -2154.049461 0.931085 -0.315219 0.183622 0.122218 -0.204718 -0.971161 -0.343719 -0.926675 0.152085
-1.572197 -10.944479 -1317.446231 -1630.856785 0.912489 -0.375868 -0.161516 -0.203920 -0.075626 -0.976062 -0.354656 -0.923582 0.145655
-2.852049 -17.134061 -1012.389870 -1797.633817 0.922728 -0.372009 -0.100910 -0.125457 -0.042315 -0.991196 -0.364464 -0.927264 0.085716
-6.840107 -21.433213 -1251.160997 -1220.270491 0.931975 -0.361534 0.026745 0.017588 -0.028595 -0.999436 -0.362095 -0.931920 0.020291
-2.262082 -9.188691 -680.104666 373.112709 0.955464 -0.105679 -0.275535 -0.219076 0.371559 -0.902191 -0.197720 -0.922375 -0.331860
-5.145753 -9.178051 -1177.030755 33.951747 0.978746 -0.202926 -0.029628 0.043021 0.344425 -0.937828 -0.200515 -0.916620 -0.345834
-5.042709 -10.246358 -1316.137102 455.136882 0.971164 -0.135857 -0.195915 -0.137152 0.353795 -0.925212 -0.195011 -0.925403 -0.324960
-5.879838 -38.496407 212.206373 138.962300 0.640291 -0.170096 0.749062 0.762394 0.021747 -0.646748 0.093719 0.985187 0.143605
-5.494946 -39.229409 98.216339 -875.625816 0.616780 -0.149776 0.772755 0.772657 -0.072229 -0.630701 0.150280 0.986078 0.071176
-5.207727 -35.572019 169.027239 917.271958 0.639320 -0.145121 0.755122 0.763326 0.001323 -0.646012 0.092751 0.989413 0.111620
-5.313616 -35.653799 175.491675 -255.160014 0.666422 -0.152873 0.729734 0.745386 0.158593 -0.647493 -0.016747 0.975437 0.219640
0.157820 -32.537535 205.128699 -412.847704 0.554952 -0.211760 0.804479 -0.543435 0.639910 0.543318 0.629847 0.738697 -0.240041
0.701307 -31.537202 -181.541800 -2186.382873 -0.536392 0.190635 -0.822157 -0.464586 0.746578 0.476216 0.704588 0.637401 -0.311892
0.620252 -31.191436 -119.865207 -1440.807505 0.539561 -0.175252 0.823505 -0.512087 0.708075 0.486206 0.668312 0.684044 -0.292305
0.190564 -33.812588 -134.776219 -402.993409 0.551489 -0.188578 0.812588 0.613105 -0.568907 -0.548130 0.565652 0.800490 -0.198127
-0.368307 -36.350716 170.955504 -699.484258 0.568771 -0.224301 0.791321 0.613410 -0.525252 -0.589779 0.547931 0.820853 -0.161160
0.363712 -34.870006 332.458917 -96.828138 -0.642901 0.285411 -0.710788 -0.367549 0.699205 0.613205 0.672002 0.655479 -0.344617
2.028216 -33.540516 155.941534 -1145.378416 -0.626199 0.260880 -0.734722 -0.296411 0.791941 0.533826 0.721121 0.552060 -0.418585
1.242331 -34.290057 480.629941 -805.389912 -0.622651 0.239055 -0.745090 -0.368624 0.750306 0.548778 0.690234 0.616355 -0.379057
0.953162 -35.822972 -291.832748 -663.208637 -0.639733 0.299749 -0.707737 -0.281842 0.765185 0.578841 0.715057 0.569774 -0.405032
-1.283773 -37.914043 -585.412300 153.249768 0.653459 -0.297397 0.696094 -0.422821 0.619351 0.661534 0.627864 0.726608 -0.278975
-0.310723 -35.768364 73.009502 327.382869 0.663871 -0.338653 0.666776 -0.340442 0.656998 0.672646 0.665864 0.673548 -0.320870
-0.155467 -39.429649 -554.474735 -1215.491001 0.622541 -0.257733 0.738929 -0.447710 0.657143 0.606398 0.641871 0.708334 -0.293708
-0.809414 -77.142192 -69.899481 -460.863188 0.639767 -0.333002 0.692682 0.751375 0.081423 -0.654833 0.161661 0.939404 0.302301
0.504477 -71.183387 -312.597246 -4120.013449 0.648017 -0.323524 0.689497 0.758756 0.352742 -0.547596 -0.066054 0.878012 0.474059
-0.154427 -76.842057 -117.382789 -671.015522 0.634578 -0.333262 0.697314 0.762647 0.123832 -0.634851 0.125222 0.934667 0.332742
-0.836557 -79.239391 -439.883856 1697.808449 0.629209 -0.323844 0.706556 0.713973 -0.118411 -0.690087 0.307144 0.938671 0.156711
-0.981195 -77.959325 -91.796709 1580.292961 0.629960 -0.329882 0.703085 0.685501 -0.189312 -0.703028 0.365019 0.924845 0.106875
-0.394514 -77.098992 397.216083 2181.269212 0.635840 -0.337808 0.693969 0.711563 -0.091725 -0.696610 0.298975 0.936735 0.182050
-1.484901 -56.038993 -1023.637518 -1792.266538 0.764541 -0.391936 0.511726 0.606838 0.705320 -0.366431 0.217312 -0.590686 -0.777088
-4.197724 -55.757454 -1155.506901 -2266.981529 0.756569 -0.406514 0.512202 0.621297 0.691164 -0.369165 0.203945 -0.597528 -0.775479
-2.374237 -51.501566 -855.834202 -357.509247 0.745956 -0.407081 0.527100 0.652930 0.603006 -0.458329 0.131268 -0.686053 -0.715612
-11.699885 -16.872979 -284.740573 421.309034 0.742421 0.036359 0.668946 -0.666128 -0.066219 0.742892 -0.071308 0.997142 0.024943
-11.212738 -17.354725 -730.146448 164.070130 0.895893 0.068490 0.438959 -0.429529 -0.118873 0.895195 -0.113492 0.990545 0.077079
-15.089706 -17.769590 -588.287157 249.172306 0.946040 0.036786 0.321956 -0.318157 -0.083176 0.944382 -0.061519 0.995856 0.066984
-3.111883 -67.894658 -175.783427 1096.817505 0.855629 0.516513 0.033379 0.218232 -0.418485 0.881615 -0.469334 0.747051 0.470788
-3.525303 -66.499800 -35.395755 239.712830 0.851367 0.524381 0.014086 0.307954 -0.521363 0.795830 -0.424662 0.673206 0.605356
-3.605079 -69.494947 427.490111 -885.001907 0.868997 0.494607 0.014414 0.231525 -0.432175 0.871562 -0.437311 0.754048 0.490073
-4.143963 -69.260821 292.957616 893.899051 0.865719 0.499704 0.028737 0.147553 -0.309650 0.939332 -0.478287 0.808958 0.341803
-2.679727 -37.546087 -439.618734 -17.149851 0.657519 -0.319787 0.682206 -0.429583 0.584743 0.688138 0.618973 0.745528 -0.247105
-2.309610 -41.744480 -325.858584 -2149.840575 0.613396 -0.274089 0.740690 -0.499823 0.591416 0.632775 0.611492 0.758355 -0.225776
-4.207317 -38.997156 -166.211748 -1246.570153 0.612562 -0.296597 0.732665 -0.529530 0.534183 0.658974 0.586827 0.791630 -0.170164
-6.339808 -30.984522 23.876997 219.410613 0.664016 0.000215 0.747718 0.746650 0.053248 -0.663083 -0.039957 0.998581 0.035197
-5.715111 -29.627680 226.818443 -1753.910972 0.687518 -0.002620 0.726162 0.713330 0.189635 -0.674685 -0.135938 0.981851 0.132246
-4.636559 -30.920640 -365.714760 314.963684 0.674533 -0.018708 0.738007 0.738069 0.038903 -0.673603 -0.016109 0.999068 0.040049
-5.115703 -33.941176 -207.653474 571.013844 0.648123 -0.014129 0.761404 0.758960 -0.070170 -0.647345 0.062574 0.997435 -0.034755
-5.914578 -32.009282 243.638725 217.631291 0.641277 0.002490 0.767305 0.766547 -0.046651 -0.640492 0.034201 0.998908 -0.031825
1.713206 -144.329548 187.807462 170.669981 0.627474 0.772687 -0.096076 -0.666179 0.596624 0.447488 -0.403089 0.216783 -0.889114
0.247285 -141.732086 512.930136 -6417.031962 0.615760 0.784479 -0.073703 -0.778770 0.620154 0.094475 -0.119821 0.000776 -0.992795
0.150822 -144.825238 -248.795883 -7109.961476 0.633440 0.765399 -0.113656 -0.716335 0.635588 0.287909 -0.292604 0.100958 -0.950889
1.117784 -144.379603 68.200355 3617.978976 0.640788 0.758616 -0.117871 -0.510868 0.535955 0.672136 -0.573066 0.370479 -0.730986
-0.903676 -140.300981 754.317357 554.202882 0.651976 0.753930 -0.080727 -0.656620 0.614631 0.437126 -0.379179 0.231989 -0.895770
-1.675702 -140.799324 507.423672 -11065.580565 0.642380 0.761629 -0.085255 -0.763978 0.645199 0.007477 -0.060701 -0.060330 -0.996331
-0.473891 -70.160704 852.234847 882.888160 0.896139 0.442834 0.028876 -0.067259 0.071214 0.995191 -0.438648 0.893771 -0.093602
-0.776197 -70.291289 264.699075 -261.828247 0.884257 0.462609 0.063891 -0.005199 -0.127052 0.991882 -0.466971 0.877411 0.109941
3.555362 -69.682745 1761.184313 -1423.320123 0.903954 0.427303 0.016705 -0.046238 0.058831 0.997197 -0.425123 0.902192 -0.072938
6.026437 -68.489527 2662.187639 1264.226950 0.916515 0.399377 -0.022318 -0.085979 0.251187 0.964112 -0.390650 0.881705 -0.264555
-0.100579 -72.191696 1210.260892 1146.502548 0.904931 0.425503 -0.006845 -0.122147 0.275114 0.953621 -0.407652 0.862125 -0.300933
-28.756536 -68.424897 -659.796700 878.753528 -0.867218 -0.310031 0.389633 -0.251510 0.948089 0.194603 -0.429739 0.070766 -0.900176
-26.717036 -67.494946 1032.588102 196.770626 -0.811315 -0.345972 0.471244 -0.315792 0.937720 0.144762 -0.491979 -0.031367 -0.870042
-25.031531 -61.954579 1986.394467 2070.184968 -0.795372 -0.288466 0.533076 -0.121126 0.937393 0.326531 -0.593895 0.195144 -0.780517
-24.333258 -51.790591 1810.823100 3265.304970 -0.813303 -0.188827 0.550348 0.105544 0.882304 0.458694 -0.572188 0.431143 -0.697651
-29.251970 -61.984813 -515.173906 2478.323002 -0.867434 -0.275130 0.414562 -0.099910 0.912549 0.396575 -0.487418 0.302583 -0.819065
2.498663 -306.777938 2627.076087 32664.297143 0.439310 0.835737 -0.329471 0.110063 -0.414067 -0.903568 0.891568 -0.360684 0.273887
0.900477 -258.588413 1304.932970 6481.826260 0.438915 0.837896 -0.324474 0.493923 -0.526655 -0.691863 0.750596 -0.143404 0.645013
-2.659112 -218.369584 270.359582 23685.362026 0.468459 0.820985 -0.326389 0.179723 -0.450264 -0.874621 0.865012 -0.351064 0.358480
6.757620 -31.643468 1230.721398 -429.396561 -0.629965 -0.172185 -0.757296 0.190101 0.911261 -0.365330 0.752998 -0.374107 -0.541330
5.378043 -33.438183 710.999313 -229.746697 -0.622404 -0.143350 -0.769457 0.091516 0.963014 -0.253436 0.777328 -0.228157 -0.586265
6.519578 -31.740194 -1502.900081 -649.786380 -0.601947 -0.138240 -0.786479 0.199058 0.927833 -0.315439 0.773328 -0.346433 -0.530989
-10.512200 -32.466193 -310.181135 -637.213979 0.834873 0.345163 -0.428776 -0.546433 0.425866 -0.721145 0.066312 -0.836362 -0.544152
-11.833613 -34.966893 23.868765 -1623.126114 0.823027 0.343352 -0.452478 -0.567831 0.477806 -0.670276 0.013944 -0.808586 -0.588213
-12.885564 -37.450311 -410.376851 -1611.117530 0.875631 0.323300 -0.358815 -0.481374 0.523633 -0.702913 0.039364 -0.788217 -0.614138
-11.956897 -34.588915 -757.958010 -263.877447 0.848815 0.358961 -0.388150 -0.517758 0.415866 -0.747651 0.106959 -0.835585 -0.538848
-0.252134 -53.738714 -174.721795 1659.363858 0.821871 0.565916 0.065326 -0.062025 0.202884 -0.977236 0.566287 -0.799110 -0.201846
-0.296374 -53.542764 -707.076531 1694.666617 0.830087 0.552798 0.073274 -0.033664 0.180840 -0.982936 0.556616 -0.813456 -0.168722
0.537138 -49.253806 -304.304179 458.472485 0.826637 0.554157 0.097889 -0.089260 0.300871 -0.949478 0.555612 -0.776136 -0.298175
1.399924 -50.983324 57.107415 196.772921 0.821463 0.562872 0.091514 -0.138116 0.352076 -0.925725 0.553284 -0.747809 -0.366959
2.069058 -11.866763 -516.159310 -889.631624 0.824164 -0.380606 0.419396 0.542002 0.315248 -0.779008 -0.164281 -0.869343 -0.466105
1.670129 -14.799746 -951.119233 -813.581560 0.843289 -0.377455 0.382611 0.515960 0.369207 -0.772963 -0.150496 -0.849243 -0.506100
0.242127 -11.396620 -338.301360 -927.784041 0.856579 -0.365737 0.364017 0.485193 0.330696 -0.809462 -0.175671 -0.869986 -0.460721
0.405977 -51.529527 -128.470315 -3813.756632 0.680794 -0.309134 0.664045 0.686309 0.585973 -0.430831 -0.255929 0.749047 0.611088
-0.255789 -65.955267 -89.623609 -4839.402225 0.668855 -0.316719 0.672549 0.731830 0.439476 -0.520852 -0.130605 0.840566 0.525730
0.002832 -56.716993 199.219541 -3818.175942 0.682431 -0.321201 0.656595 0.704369 0.529015 -0.473295 -0.195325 0.785476 0.587261
0.672798 -42.268630 149.484231 2296.971798 0.694303 -0.311429 0.648810 -0.637093 -0.685294 0.352823 -0.334746 0.658319 0.674211
0.428767 -18.600332 550.457342 64.185373 -0.777677 0.031333 -0.627883 0.337480 0.863455 -0.374904 0.530402 -0.503452 -0.682063
-2.778629 -19.202179 1119.613807 96.479212 -0.789409 0.005504 -0.613843 0.312303 0.864482 -0.393875 0.528488 -0.502633 -0.684149
-1.411966 -19.304091 -584.920232 323.034185 0.796329 0.013181 0.604720 0.327148 0.831526 -0.448931 0.508758 -0.555330 -0.657856
-4.315511 -20.196755 -1243.309096 439.004788 0.813184 0.049932 0.579861 0.293392 0.825290 -0.482512 0.502646 -0.562497 -0.656463
0.519251 -18.803242 -89.099259 166.592640 0.778649 -0.023691 0.627012 0.358256 0.837176 -0.413266 0.515129 -0.546420 -0.660354
-1.464404 -19.489348 -351.281534 270.204054 0.800506 0.024083 0.598840 0.348203 0.794563 -0.497417 0.487796 -0.606704 -0.627667
-4.374601 -20.507507 -857.422263 322.860007 0.823769 0.077511 0.561602 0.301276 0.779301 -0.549475 0.480247 -0.621838 -0.618612
11.353433 -77.758814 -454.021782 -1677.989157 -0.562713 0.174657 -0.807991 0.110411 0.984547 0.135928 0.819246 -0.012722 -0.573302
13.168088 -83.128375 -382.755799 -2615.223829 -0.583705 0.167966 -0.794403 -0.080247 0.961647 0.262291 0.807991 0.216849 -0.547839
13.812613 -80.266635 451.331634 -2705.015083 -0.619820 0.167880 -0.766576 0.109223 0.985796 0.127576 0.777106 -0.004653 -0.629353
11.504398 -85.257644 -327.497953 3042.434645 -0.581324 0.163182 -0.797142 0.282127 0.959331 -0.009361 0.763195 -0.230337 -0.603720
8.982355 -88.025008 -795.001979 4007.549245 -0.526097 0.161403 -0.834968 0.261257 0.965020 0.021930 0.809300 -0.206604 -0.549862
19.081149 -71.000640 1050.793052 3978.238856 0.650696 0.021317 0.759039 -0.482198 0.783787 0.391359 0.586583 0.620663 -0.520286
21.372979 -65.292852 1050.017118 4124.731486 0.664069 0.087116 0.742579 -0.481601 0.809542 0.335711 0.571903 0.580562 -0.579547
12.227272 -79.102359 757.399026 6260.488883 -0.700564 0.040728 -0.712426 -0.285884 0.898728 0.332503 0.653819 0.436611 -0.617973
-1.834103 -87.661414 -297.541137 -7081.884615 0.234025 -0.936562 -0.260928 0.924837 0.131678 0.356843 -0.299847 -0.324826 0.896984
-0.818946 -97.904257 -34.768845 -9536.532433 0.303675 -0.925318 -0.227085 0.913055 0.214528 0.346854 -0.272235 -0.312672 0.910014
4.025795 -96.966883 -831.282470 -621.694139 0.256448 -0.942713 -0.213371 0.966123 0.243384 0.085857 -0.029007 -0.228161 0.973191
-7.668112 -66.449001 -1078.261844 176.181551 0.697227 -0.208674 0.685806 -0.687168 -0.467002 0.556515 -0.204143 0.859281 0.469000
-8.127073 -67.902238 -986.466044 585.332718 0.662273 -0.228920 0.713435 0.745069 0.301808 -0.594797 -0.079159 0.925477 0.370441
-3.897611 -63.320895 -1079.261836 -52.354305 0.686778 -0.196118 0.699910 0.692748 0.468157 -0.548571 -0.220083 0.861607 0.457380
-11.516069 -72.979836 -924.411824 877.446104 0.700220 -0.230381 0.675734 -0.685104 -0.483061 0.545238 -0.200808 0.844735 0.496084
9.630552 4.791550 1459.490565 1418.745998 0.924694 0.361322 0.119949 -0.270784 0.402730 0.874348 -0.267614 0.840984 -0.470242
6.516462 5.843069 2048.246828 -219.153543 0.963420 0.267516 -0.016014 -0.132483 0.527359 0.839250 -0.232958 0.806429 -0.543510
8.924094 2.293504 342.456069 -1613.492795 0.853023 0.008112 -0.521811 0.388481 0.657789 0.645288 -0.348476 0.753159 -0.557958
7.581388 2.888195 1537.035701 1438.931281 0.556381 0.509296 0.656550 0.804544 -0.132666 -0.578886 -0.207723 0.850304 -0.483564
-26.310047 -37.008426 -1082.651995 -955.015790 -0.285789 -0.626469 0.725163 0.319727 0.651030 0.688430 -0.903382 0.428599 0.014242
-23.217711 -34.977306 -683.298352 -791.255350 -0.282005 -0.578530 0.765360 0.226706 0.734965 0.639087 -0.932243 0.353737 -0.076108
-25.373577 -35.303584 -1218.912653 -980.992703 -0.230453 -0.670328 0.705374 0.190501 0.679780 0.708244 -0.954254 0.297591 -0.028959
-22.257288 -33.789787 -819.560618 -191.924147 -0.255842 -0.596072 0.761080 0.127220 0.759675 0.637737 -0.958311 0.259985 -0.118525
-29.229664 -36.828606 1164.101567 -1469.168002 0.219046 0.755370 -0.617604 0.248501 0.568914 0.783955 -0.943539 0.325197 0.063092
-30.001262 -36.121988 1086.245796 -1054.335453 0.176068 0.837155 -0.517853 0.151103 0.496852 0.854580 -0.972712 0.228713 0.039017
-26.945431 -34.693888 1230.690770 -157.229350 0.181579 0.723735 -0.665761 0.085176 0.662896 0.743851 -0.979681 0.191775 -0.058723
46.757633 -85.096022 -5511.451081 -7318.145812 0.017546 0.649819 -0.759886 0.740660 -0.518983 -0.426707 0.671650 0.555331 0.490402
37.471162 -61.622873 7657.568184 -5985.078204 0.006864 -0.714127 0.699982 0.887713 -0.317898 -0.333027 0.460346 0.623669 0.631758
52.606616 -71.752768 -1684.908687 -8248.213431 0.144891 -0.557323 0.817556 0.864993 -0.329837 -0.378146 0.480410 0.761970 0.434290
58.255014 -91.697066 -3641.611379 -8068.494639 0.189190 -0.518686 0.833770 0.727415 -0.496340 -0.473829 0.659602 0.696140 0.283397
-9.149172 -34.693609 -2401.417308 530.865549 0.697699 0.634202 0.333172 0.017742 -0.480224 0.876966 -0.716171 0.605948 0.346304
-15.923358 -34.246827 -2084.318478 12.547752 0.676884 0.718637 0.159337 0.243848 -0.423160 0.872624 -0.694525 0.551812 0.461669
-19.886426 -37.099096 -2402.438103 7.869149 0.705740 0.695649 0.134179 0.192243 -0.370322 0.908793 -0.681890 0.615576 0.395085
-24.946234 -39.679338 -2409.526473 -337.187244 0.726426 0.686910 0.021427 0.221869 -0.263913 0.938682 -0.650445 0.677129 0.344117
-14.996526 -37.640858 -2784.062272 223.318008 0.716695 0.634981 0.288355 -0.038480 -0.376843 0.925478 -0.696325 0.674381 0.245647
9.794464 1.958628 1597.259509 1246.825728 0.443054 0.012192 -0.896412 0.889918 -0.126876 0.438119 -0.108391 -0.991844 -0.067063
5.785803 -0.949200 614.004490 776.000117 0.224521 0.045619 -0.973401 0.967616 -0.128693 0.217156 -0.115364 -0.990635 -0.073036
8.452820 -2.219996 1151.592247 881.684160 0.435960 0.001110 -0.899965 0.891942 -0.133772 0.431908 -0.119910 -0.991012 -0.059309
12.998910 -0.138957 1647.368773 1095.652790 0.534429 -0.031316 -0.844633 0.836897 -0.120234 0.533992 -0.118276 -0.992252 -0.038048
4.130236 -4.456552 653.965837 476.599620 0.325762 0.020581 -0.945228 0.935511 -0.151611 0.319112 -0.136739 -0.988226 -0.068643
8.571798 -4.011652 1227.645409 455.405468 0.465068 -0.009650 -0.885222 0.874650 -0.149448 0.461143 -0.136745 -0.988723 -0.061063
12.694187 -2.712899 1524.985370 396.005329 0.543806 -0.046063 -0.837946 0.827386 -0.137602 0.544517 -0.140385 -0.989416 -0.036717
-7.948194 -32.296557 24.913461 -28.770144 0.187016 -0.505241 -0.842470 0.495881 0.788872 -0.363019 0.848014 -0.349875 0.398071
-8.702638 -31.324099 871.381417 -1646.208975 0.180094 -0.455939 -0.871599 0.575223 0.767600 -0.282681 0.797925 -0.450454 0.400507
-9.564553 -33.957387 -562.985040 -1182.754403 0.165716 -0.504399 -0.847419 0.499515 0.783846 -0.368877 0.850308 -0.362170 0.381850
-5.768562 -33.944873 -923.438757 -151.037448 0.146912 -0.599462 -0.786805 0.402927 0.762719 -0.505876 0.903364 -0.242705 0.353592
-5.232455 -31.458805 -727.566672 879.668934 0.159893 -0.587035 -0.793615 0.444137 0.760769 -0.473257 0.881576 -0.276803 0.382366
1.077865 -27.396851 257.019262 -417.933579 0.243739 0.883099 0.400908 0.535000 0.222360 -0.815065 0.808929 -0.413149 0.418260
-0.734996 -27.359308 1258.270624 -426.631888 0.225406 0.899859 0.373423 0.527643 0.209457 -0.823238 0.819014 -0.382597 0.427592
-1.010818 -29.142085 730.156630 -517.668814 0.237313 0.894875 0.377998 0.450391 0.243409 -0.859011 0.860715 -0.374101 0.345280
-0.478081 -29.181940 55.218664 -705.695754 0.234689 0.875839 0.421695 0.474260 0.275510 -0.836165 0.848527 -0.396231 0.350717
1.529338 -28.502490 -392.973016 -203.849405 0.236511 0.866128 0.440324 0.521175 0.269383 -0.809821 0.820024 -0.421017 0.387693
1.961996 -25.780395 -224.361707 -17.996820 0.249317 0.877016 0.410712 0.566599 0.211839 -0.796297 0.785370 -0.431240 0.444102
1.442721 -27.749352 462.965929 -478.181839 0.208664 0.718604 0.663376 0.921297 -0.372020 0.113199 0.328134 0.587545 -0.739675
0.565593 -28.374517 225.388341 -7.602200 0.228587 0.718253 0.657161 0.946502 -0.321905 0.022598 0.227775 0.616838 -0.753412
1.396767 -28.803578 290.259524 -133.637559 0.235947 0.716383 0.656600 0.938875 -0.342355 0.036144 0.250683 0.607938 -0.753372
-25.074749 -68.796058 821.655655 1390.894987 0.873084 0.477065 0.100663 -0.475092 0.878821 -0.044298 -0.109598 -0.009148 0.993934
-25.808657 -80.888034 838.225574 3576.423741 0.798808 0.569708 0.193231 -0.553446 0.821846 -0.135153 -0.235804 0.001018 0.971800
-20.755967 -78.441431 -860.076588 3991.836856 0.848925 0.502597 0.163470 0.526689 -0.830183 -0.182740 -0.043866 -0.241231 0.969476
-26.262576 -70.247287 1088.822116 3409.798817 0.783926 0.605592 0.136814 -0.544900 0.776725 -0.315882 -0.297563 0.173079 0.938882
-19.179787 -62.555629 -139.723101 -207.494698 0.973507 0.225130 0.040002 0.228570 -0.953329 -0.197281 0.006279 -0.201198 0.979531
-26.165315 -64.024607 1138.708326 1527.766235 0.823626 0.564255 0.057075 -0.542626 0.813298 -0.210006 -0.164916 0.141996 0.976033
-26.478658 -59.581198 122.022547 792.130721 0.926382 0.376206 0.016892 -0.375474 0.926162 -0.035269 -0.028913 0.026330 0.999235
-1.956945 -50.213189 4300.225843 -2726.860436 -0.489803 0.640722 0.591243 0.696543 0.695442 -0.176604 -0.524329 0.325325 -0.786920
-13.227556 -49.546757 40.012587 -1255.066500 -0.575069 0.628061 0.524247 0.694725 0.713305 -0.092483 -0.432033 0.311024 -0.846529
-16.929787 -43.613088 258.693711 -436.068979 -0.529380 0.630569 0.567574 0.628339 0.740926 -0.237105 -0.570041 0.231110 -0.788442
-16.726926 -45.074963 -598.018039 -48.855492 -0.635159 0.582121 0.507650 0.583537 0.792256 -0.178371 -0.506022 0.182939 -0.842897
1.118425 -29.992991 -153.076236 58.477614 0.271468 0.714155 0.645204 0.942475 -0.333116 -0.027829 0.195053 0.615643 -0.763503
0.124796 -31.292740 -396.574888 51.458312 0.310996 0.709868 0.631956 0.949234 -0.265090 -0.169361 0.047301 0.652544 -0.756273
0.268901 -30.577743 -608.315992 211.918054 0.291961 0.720356 0.629163 0.935058 -0.353272 -0.029435 0.201062 0.596898 -0.776716
1.052745 -31.100296 -274.697931 -147.465217 0.258665 0.724702 0.638670 0.920090 -0.386182 0.065560 0.294154 0.570676 -0.766683
0.686510 -31.985491 -208.284835 -148.453839 0.272676 0.723066 0.634684 0.917845 -0.393286 0.053723 0.288457 0.567892 -0.770902
0.062148 -31.246577 -101.961377 374.038123 0.300292 0.705517 0.641927 0.929431 -0.367723 -0.030636 0.214437 0.605826 -0.766154
26.790458 -20.709675 -8871.356815 -1081.203977 0.704409 0.283724 0.650621 -0.641933 -0.136476 0.754517 -0.302869 0.949144 -0.085997
48.408047 -23.097764 -10316.580642 -442.377293 0.761758 0.272466 0.587781 -0.552218 -0.201372 0.809015 -0.338792 0.940857 0.002936
16.207807 -23.047087 -5931.414682 -101.393671 0.703818 0.265864 0.658753 -0.627765 -0.201258 0.751935 -0.332492 0.942768 -0.025251
32.781748 -23.934730 -9631.033261 119.134049 0.715734 0.295913 0.632582 -0.566102 -0.284602 0.773648 -0.408966 0.911832 0.036183
2.836340 -20.339704 -3462.088248 1020.704850 0.680804 0.234404 0.693945 0.684271 0.134446 -0.716727 -0.261302 0.962798 -0.068864
-4.725331 -21.822663 -1322.079119 -1016.809865 0.700033 0.198282 0.686031 -0.667342 -0.160302 0.727294 -0.254181 0.966948 -0.020105
4.514890 -24.089204 -3341.331525 -277.361135 0.697307 0.245515 0.673413 -0.623009 -0.256969 0.738801 -0.354433 0.934714 0.026228
7.166300 -35.307221 -934.865266 -855.000607 0.241845 0.853264 0.462008 0.013197 0.473206 -0.880853 0.970225 -0.219127 -0.103182
2.821714 -34.747600 544.972221 656.852601 0.199264 0.876436 0.438353 0.104627 0.425739 -0.898777 0.974344 -0.224958 0.006865
6.092986 -35.520171 -964.453648 1596.371476 0.223417 0.838276 0.497371 0.046291 0.500568 -0.864459 0.973623 -0.216159 -0.073031
-6.047957 -71.480038 -147.352961 364.681295 0.095504 0.816303 0.569673 -0.364284 -0.503929 0.783168 -0.926378 0.282319 -0.249239
-4.909943 -70.951371 382.008704 -159.252303 0.145386 0.820382 0.553024 -0.359402 -0.476986 0.802069 -0.921788 0.315368 -0.225500
-4.316582 -70.530089 -27.152163 214.452566 0.119520 0.815770 0.565892 -0.506084 -0.440310 0.741624 -0.854163 0.375028 -0.360223
-3.794829 -72.036140 52.581785 -56.569176 0.085066 0.804538 0.587778 -0.587023 -0.436195 0.682010 -0.805089 0.403055 -0.435177
-6.517857 -72.047263 583.620558 610.862981 0.080203 0.789206 0.608869 -0.389920 -0.537322 0.747829 -0.917349 0.297388 -0.264632
5.892410 -69.361182 849.799870 -3470.860054 0.847302 -0.450898 -0.280661 -0.047194 -0.590270 0.805825 0.529011 0.669532 0.521416
4.815754 -69.392490 638.916104 -3898.559234 0.846935 -0.440249 -0.298133 -0.069143 -0.647152 0.759219 0.527182 0.622396 0.578535
6.408460 -79.360375 1004.226517 -3957.840471 0.848093 -0.424466 -0.317122 -0.125910 -0.742825 0.657540 0.514669 0.517726 0.683429
-0.683152 -37.605496 -83.239471 1404.717366 0.087374 0.859620 0.503407 -0.356089 0.498903 -0.790124 0.930358 0.110222 -0.349693
-1.100139 -37.483157 288.931780 716.273074 0.087024 0.850107 0.519370 -0.415432 0.504821 -0.756685 0.905452 0.149914 -0.397093
-1.145773 -39.942346 377.248593 1277.688712 0.064565 0.870774 0.487426 -0.348119 0.477415 -0.806776 0.935224 0.117593 -0.333957
-0.607693 -35.674887 -415.886585 509.417983 0.115999 0.837073 0.534652 -0.439759 0.525935 -0.728014 0.890593 0.150669 -0.429118
0.222104 -35.294615 -661.961582 922.201105 0.121608 0.839168 0.530103 -0.418351 0.527645 -0.739306 0.900108 0.131863 -0.415232
-0.160187 -37.035097 -722.171312 747.102710 0.119217 0.851740 0.510221 -0.301131 0.520699 -0.798870 0.946101 0.058404 -0.318562
-3.194798 -92.914636 -418.629993 -5326.848096 -0.375519 -0.819392 0.433107 0.913492 -0.406171 0.023599 0.156579 0.404502 0.901034
-3.146138 -107.235880 897.123682 -8818.999010 0.357191 0.835000 -0.418558 0.854030 -0.473425 -0.215642 0.378217 0.280435 0.882218
-1.422487 -113.842793 -62.121176 -8175.589367 0.366379 0.832231 -0.416123 0.833950 -0.492051 -0.249825 0.412666 0.255495 0.874316
-1.833515 -98.373967 234.561360 -6559.737640 -0.385546 -0.817909 0.427058 0.893612 -0.446271 -0.047957 0.229809 0.363135 0.902951
0.205606 -110.535345 -829.631966 -8100.884244 0.145182 0.973832 0.174855 0.693877 0.025767 -0.719633 0.705307 -0.225805 0.671978
-4.919614 -111.643558 -3334.304463 -9103.556638 0.245583 0.964108 0.100920 0.676712 -0.095965 -0.729967 0.694082 -0.247561 0.675991
-13.019759 -94.962212 -1410.243570 -1963.977859 0.159435 0.975627 0.150770 0.845719 -0.056199 -0.530661 0.509254 -0.212115 0.834067
-10.946269 -89.444681 -645.143229 2439.177045 0.076757 0.972248 0.221003 0.926990 0.012033 -0.374893 0.367148 -0.233643 0.900340
-5.311025 -92.630235 -636.014792 -1925.929170 0.086441 0.971666 0.219984 0.818044 0.056803 -0.572344 0.568623 -0.229431 0.789955
-18.314889 -93.733458 -1542.366045 2509.933245 0.138567 0.973226 0.183384 0.952443 -0.080216 -0.293969 0.271388 -0.215397 0.938058
-7.642833 -43.059669 210.827088 2385.125331 -0.343162 0.744210 0.573055 0.267221 -0.507538 0.819145 -0.900463 -0.434232 0.024701
-4.974454 -50.916887 -234.336895 2201.799818 -0.344634 0.728175 0.592443 0.103577 -0.597756 0.794959 -0.933005 -0.335334 -0.130585
-7.058189 -45.604935 25.200650 2266.487330 -0.345376 0.704420 0.620087 0.216861 -0.582957 0.783028 -0.913064 -0.404912 -0.048578
-5.217086 -51.932866 392.680062 2294.266295 -0.343738 0.678658 0.649051 0.087601 -0.664979 0.741706 -0.934971 -0.311811 -0.169128
-8.499788 -43.613341 589.675251 2529.920616 -0.353621 0.663003 0.659833 0.258878 -0.608487 0.750150 -0.898851 -0.436086 -0.043537
-10.368614 -37.434219 520.644609 2000.733551 -0.352815 0.705838 0.614259 0.352280 -0.507970 0.786044 -0.866845 -0.493720 0.069433
6.060393 -152.302772 1006.834776 4423.840379 0.329092 0.751307 -0.572046 -0.124630 -0.565933 -0.814977 0.936037 -0.339496 0.092609
11.541902 -152.599701 2250.481480 4679.759322 0.338311 0.748669 -0.570124 -0.126453 -0.564185 -0.815907 0.932500 -0.348124 0.096199
9.218496 -203.338299 2495.375731 24586.004975 0.326123 0.734055 -0.595657 0.148365 -0.662042 -0.734634 0.933612 -0.151206 0.324815
0.975490 -197.292686 1303.342536 27051.202230 0.311835 0.747446 -0.586587 0.115687 -0.642646 -0.757378 0.943067 -0.168317 0.286869
2.834497 -83.444529 -127.833643 -2221.066336 0.080633 0.853795 0.514327 0.991851 -0.119795 0.043366 0.098640 0.506639 -0.856497
2.431456 -79.353760 -520.967727 -1896.342535 0.058287 0.867111 0.494693 0.998215 -0.057081 -0.017560 0.013011 0.494833 -0.868891
1.080749 -83.548367 -512.838947 -1164.302903 0.057335 0.868481 0.492396 0.965286 -0.174113 0.194700 0.254825 0.464139 -0.848315
4.778358 -77.751182 -250.493446 -1063.531515 0.082035 0.859602 0.504336 0.984785 0.007871 -0.173600 -0.153197 0.510903 -0.845877
0.669549 -84.976587 -301.292624 -592.767929 0.080147 0.851223 0.518648 0.916857 -0.267104 0.296697 0.391089 0.451746 -0.801857
1.741890 -87.885595 -225.131802 -2033.190819 0.097480 0.848164 0.520688 0.962774 -0.212900 0.166554 0.252120 0.485069 -0.837343
2.926081 -81.506517 219.421595 -2122.422526 0.112088 0.840218 0.530537 0.993572 -0.086253 -0.073315 -0.015840 0.535345 -0.844485
4.263344 -76.683830 -311.613101 -1334.652940 0.087249 0.855936 0.509668 0.991168 -0.023299 -0.130548 -0.099866 0.516557 -0.850409
-9.704567 -32.530564 -460.333711 242.783228 0.803067 -0.197570 0.562183 0.430106 -0.460782 -0.776330 -0.412424 -0.865243 0.285063
-10.863501 -32.115343 -499.923152 381.117506 0.821449 -0.166428 0.545456 0.442111 -0.418308 -0.793446 -0.360221 -0.892928 0.270039
-10.436781 -31.567466 -323.415628 103.275017 0.807967 -0.143250 0.571549 0.425019 -0.530138 -0.733698 -0.408102 -0.835723 0.367450
-8.749039 -31.257980 -345.811702 -152.264638 0.807682 -0.203717 0.553307 0.362436 -0.568651 -0.738428 -0.465069 -0.796954 0.385455
-34.668919 -43.232873 -1825.459311 -2123.523239 0.823999 0.516984 -0.231849 0.235502 0.059671 0.970040 -0.515330 0.853913 0.072582
-38.035336 -48.133472 -557.242749 -3515.425035 0.706111 0.351018 -0.614974 0.576318 0.219713 0.787136 -0.411417 0.910227 0.047156
-35.852305 -40.298266 -1591.856347 -3017.468411 0.852064 0.412906 -0.321708 0.248095 0.222611 0.942811 -0.460908 0.883150 -0.087239
-37.756801 -48.157966 -426.137974 -3532.194101 -0.666904 -0.184167 0.722026 0.669322 0.277801 0.689083 -0.327485 0.942820 -0.061999
-11.823579 -24.405547 143.399827 737.170424 0.701864 -0.402059 0.587992 0.493598 -0.320628 -0.808430 -0.513563 -0.857640 0.026582
-11.408141 -24.394205 22.431848 700.446257 0.754948 -0.382507 0.532674 0.449701 -0.289238 -0.845051 -0.477307 -0.877513 0.046346
-12.140450 -25.036601 168.517524 312.561427 0.742173 -0.383645 0.549541 0.420185 -0.372444 -0.827484 -0.522133 -0.845046 0.115216
-1.795395 -36.494061 99.658519 932.883324 0.378295 0.675686 0.632726 0.920891 -0.205229 -0.331421 -0.094083 0.708047 -0.699870
-1.728912 -36.363287 28.350138 1009.507358 0.382542 0.677081 0.628667 0.922722 -0.245065 -0.297537 -0.047393 0.693905 -0.718505
-1.795158 -35.171412 216.798308 355.843009 0.362751 0.681700 0.635371 0.931796 -0.274824 -0.237124 0.012968 0.678054 -0.734898
-101.562829 -1221.045158 10657.323416 -236055.539671 0.907936 0.399562 0.126498 0.416889 -0.892030 -0.174603 -0.043075 -0.211264 0.976480
-51.698618 -1157.720450 -3936.593809 -291504.249297 0.962154 0.215483 0.166813 0.264779 -0.594504 -0.759248 0.064433 -0.774682 0.629060
-121.976574 -967.569260 -21233.270259 -215302.939762 0.958211 0.258336 0.122861 0.285987 -0.855169 -0.432317 0.006616 -0.449387 0.893313
-43.621030 -944.085758 6792.209085 201608.259877 0.850150 0.525439 0.034040 -0.522048 0.849561 -0.075585 -0.068634 0.046488 0.996558
1.481240 -13.811644 279.531885 -157.643281 0.696228 0.077409 -0.713635 0.711499 -0.206071 0.671792 -0.095057 -0.975471 -0.198548
2.595580 -14.528214 688.694727 109.569455 0.631037 0.106943 -0.768346 0.774590 -0.141081 0.616528 -0.042466 -0.984205 -0.171864
-0.036770 -13.616305 517.034103 -132.539224 0.606022 0.110690 -0.787709 0.790068 -0.198744 0.579909 -0.092362 -0.973781 -0.207896
-0.264418 -12.509621 326.095348 -542.578109 0.647997 0.094474 -0.755761 0.749707 -0.254100 0.611042 -0.134311 -0.962553 -0.235484
-34.137508 -49.703179 434.353475 -1707.348105 -0.847668 0.311523 -0.429432 0.238125 0.946739 0.216751 0.474083 0.081474 -0.876702
-29.227533 -45.633501 -183.825727 -908.619991 -0.915542 -0.026759 -0.401332 -0.062606 0.995104 0.076470 0.397321 0.095137 -0.912735
-24.246629 -42.103866 -172.366174 -1174.505887 -0.903446 -0.274024 -0.329692 -0.247827 0.961354 -0.119915 0.349810 -0.026630 -0.936442
30.435616 -47.640238 469.101586 3639.590434 -0.698937 0.273215 -0.660939 0.713917 0.211557 -0.667508 -0.042547 -0.938401 -0.342918
30.637659 -47.007187 -108.024751 -290.574051 -0.675547 0.315287 -0.666506 0.737305 0.294079 -0.608193 0.004250 -0.902281 -0.431127
31.202550 -47.969537 -239.802989 855.224244 -0.688045 0.358609 -0.630867 0.715752 0.192147 -0.671400 -0.119551 -0.913498 -0.388881
30.786509 -50.857252 174.769345 3323.186173 0.704017 -0.300714 0.643375 0.695073 0.105882 -0.711099 -0.145715 -0.947819 -0.283561
7.206729 -14.884508 -1287.208104 800.724379 0.636167 0.091542 0.766102 -0.541779 0.759957 0.359083 0.549333 0.643495 -0.533055
2.193289 -15.839482 -64.095790 1005.884639 0.686182 0.042342 0.726196 -0.478701 0.777963 0.406963 0.547722 0.626881 -0.554094
0.344692 -12.618061 133.502154 791.039761 0.739491 -0.040348 0.671957 -0.428574 0.741545 0.516173 0.519112 0.669689 -0.531074
-5.811980 -11.317189 370.241351 -2271.542497 0.814825 -0.183527 0.549889 0.481207 -0.314820 -0.818125 -0.323264 -0.931239 0.168208
-10.523701 -24.418773 765.115536 -1604.403301 0.711216 -0.138522 0.689190 0.658029 -0.213741 -0.722019 -0.247324 -0.967019 0.060865
-7.781758 -19.118954 450.334081 -2360.505730 0.690643 -0.111036 0.714621 0.663524 -0.295759 -0.687214 -0.287661 -0.948788 0.130589
26.185020 -27.735269 -2770.240405 -221.638932 0.870377 -0.289793 0.398074 0.466237 0.745012 -0.477054 0.158323 -0.600814 -0.783554
23.654224 -28.355762 -2832.109180 -235.173944 0.896997 -0.267941 0.351572 0.398880 0.833398 -0.382546 0.190500 -0.483378 -0.854433
17.142772 -26.634859 -3615.632075 -290.889812 0.894800 -0.320024 0.311315 0.437914 0.764927 -0.472354 0.086969 -0.558991 -0.824600
18.286708 -25.714211 -3418.159318 -247.930113 0.877968 -0.336178 0.340818 0.474875 0.701647 -0.531211 0.060553 -0.628232 -0.775666
23.604730 -26.248106 -2765.281238 -79.730599 0.859368 -0.326082 0.393900 0.503828 0.671631 -0.543202 0.087427 -0.665269 -0.741468
26.610440 -28.000157 -521.825492 -310.480869 0.833257 -0.246334 0.494976 0.516112 0.667608 -0.536589 0.198270 -0.702580 -0.683425
-5.443496 -41.314890 -198.142123 -936.282192 0.613891 -0.161083 0.772781 0.769155 -0.098179 -0.631476 0.177591 0.982045 0.063626
3.048480 -35.185106 79.291341 -52.852757 -0.620241 0.217696 -0.753597 -0.258816 0.850120 0.458596 0.740483 0.479483 -0.470936
2.195629 -32.676868 -192.692974 -432.972256 -0.597837 0.211070 -0.773330 -0.291721 0.841279 0.455136 0.746652 0.497694 -0.441374
0.344535 -44.292154 113.052564 3516.192663 0.681650 -0.306560 0.664360 -0.646978 -0.676604 0.351606 -0.341720 0.669499 0.659544
0.375277 -59.451954 70.139179 -4748.071357 0.659105 -0.320278 0.680443 0.721731 0.523694 -0.452602 -0.211385 0.789409 0.576324
0.067171 -52.802000 -157.831023 -4025.112085 0.670276 -0.313306 0.672733 0.687801 0.602680 -0.404608 -0.278677 0.733905 0.619453
0.655192 -50.905869 103.190637 -3926.002789 0.669781 -0.324825 0.667744 0.687733 0.610475 -0.392866 -0.280028 0.722364 0.632278
-0.120054 -42.390086 10.059390 1614.094897 0.691750 -0.297236 0.658128 -0.615729 -0.718946 0.322482 -0.377305 0.628305 0.680348
-1.094484 -96.823128 -336.059214 -6375.170946 -0.524035 0.275589 -0.805877 -0.452922 0.711145 0.537712 0.721283 0.646780 -0.247844
-0.904930 -97.131462 -114.563760 4900.813793 0.545593 -0.279137 0.790197 0.572606 -0.564316 -0.594701 0.611924 0.776936 -0.148051
0.369946 -109.408324 651.648147 4543.679804 0.528781 -0.293784 0.796293 0.631068 -0.491293 -0.600320 0.567577 0.819953 -0.074388
0.459215 -106.113908 185.250802 1755.847253 0.558065 -0.299151 0.773997 0.718845 -0.291663 -0.631027 0.414519 0.908538 0.052276
0.178554 -101.005257 -991.842118 -5647.477105 -0.499487 0.281419 -0.819339 -0.481682 0.695885 0.532660 0.720066 0.660717 -0.212031
2.318172 -117.394945 727.103238 787.517058 0.548059 -0.302087 0.779984 0.769778 -0.182641 -0.611624 0.327221 0.935620 0.132442
2.656108 -114.464139 872.250830 3577.073429 0.514044 -0.281932 0.810107 0.663601 -0.467709 -0.583851 0.543500 0.837713 -0.053332
-4.422026 -50.794237 -508.546283 -1434.182172 0.743841 -0.399796 0.535597 0.653334 0.603900 -0.456573 0.140911 -0.689542 -0.710406
-9.387019 -32.929049 521.390938 444.381508 0.904341 -0.387330 0.179281 -0.333584 -0.379401 0.863004 0.266248 0.840256 0.472315
3.667776 -34.815430 5986.304528 -2966.126052 0.879796 -0.471801 0.057984 -0.237415 -0.330457 0.913472 0.411816 0.817436 0.402748
-5.293690 -30.044408 2258.658487 -2663.905370 0.871971 -0.460472 0.166231 -0.293008 -0.218861 0.930724 0.392191 0.860270 0.325762
13.313316 -28.035583 8041.636062 -2903.722521 0.878420 -0.477888 0.001377 -0.147498 -0.268378 0.951955 0.454558 0.836419 0.306236
7.189614 -24.321990 5029.343125 -2292.800987 0.889452 -0.456168 0.028026 -0.135754 -0.205147 0.969271 0.436401 0.865924 0.244395
-3.356256 -68.174434 367.831505 -901.136812 0.856750 0.515678 -0.007446 0.339759 -0.553498 0.760397 -0.387998 0.654000 0.649416
-3.430992 -64.132554 -32.877693 324.797815 0.833566 0.552388 -0.005905 0.412308 -0.614997 0.672147 -0.367654 0.562714 0.740394
-2.227533 -61.309221 -355.908535 1429.453452 0.834270 0.551225 0.012018 0.392044 -0.608397 0.690039 -0.387678 0.570968 0.723672
-2.500574 -57.575361 -275.095193 1438.602865 0.808058 0.588652 -0.023033 0.504792 -0.671726 0.542189 -0.303689 0.449747 0.839941
-2.758697 -69.317329 361.453613 529.928800 0.840606 0.540792 -0.030404 0.441019 -0.650770 0.618062 -0.314457 0.532955 0.785541
-2.942228 -62.633284 -141.010340 1376.766362 0.806044 0.590865 -0.034233 0.528996 -0.693290 0.489401 -0.265436 0.412588 0.871387
-4.577286 -29.950977 -258.294207 1786.221199 0.719715 0.003831 0.694259 -0.669131 -0.262827 0.695115 -0.185133 0.964835 0.186597
-7.861599 -27.590960 966.720130 1220.117219 0.697401 -0.002810 0.716675 -0.695914 -0.241640 0.676250 -0.171277 0.970362 0.170476
-6.058317 -26.813243 388.774468 343.755364 0.763773 0.018632 0.645216 -0.610146 -0.305366 0.731077 -0.210649 0.952053 0.221862
-12.317942 -26.947634 1962.154368 -1213.529656 0.606703 -0.008957 0.794878 0.780348 0.197354 -0.593388 -0.151557 0.980291 0.126725
