19141
38272
-37.703791 -57.772305 -93.027057 7037.716216 0.782274 -0.161393 0.601664 0.438869 -0.542665 -0.716177 -0.442088 -0.824298 0.353682
-43.184402 -69.044445 -241.782619 6255.672791 0.706615 -0.057110 0.705290 0.507674 -0.653409 -0.561537 -0.492912 -0.754848 0.432715
-44.299611 -70.768342 -381.056764 11027.396423 -0.476774 -0.073902 -0.875914 0.724997 -0.596523 -0.344297 -0.497058 -0.799186 0.337985
-38.118569 -58.683622 -398.591622 6508.895043 0.856017 -0.154607 0.493286 0.332056 -0.566890 -0.753906 -0.396198 -0.809155 0.433929
-33.296816 -50.036765 -792.181720 6225.141058 0.792671 -0.215874 0.570150 0.434433 -0.456110 -0.776680 -0.427716 -0.863343 0.267763
-31.549085 -49.481223 549.909249 2987.888186 0.916633 -0.292179 0.272794 0.133073 -0.420468 -0.897495 -0.376930 -0.858975 0.346534
95.260068 -66.549893 5953.075361 -3502.577005 -0.413140 0.124147 -0.902165 0.842545 0.428057 -0.326933 0.345590 -0.895184 -0.281447
122.271521 -77.743589 2433.330441 -7255.054749 -0.374063 -0.009211 -0.927357 0.786392 0.526900 -0.322436 0.491594 -0.849878 -0.189851
101.438364 -67.866748 7530.421236 -6335.424139 -0.520212 0.174145 -0.836094 0.760990 0.538887 -0.361241 0.387652 -0.824181 -0.412859
118.594704 -81.297630 2863.483576 -5659.190441 -0.483936 0.074130 -0.871958 0.669867 0.672536 -0.314599 0.563102 -0.736342 -0.375121
1.998879 -51.994693 5591.072456 -11981.513447 0.904462 -0.305072 0.298128 0.351351 0.136512 -0.926238 -0.241871 -0.942494 -0.230657
9.641043 -87.645199 883.284100 -36945.677366 0.879536 -0.367039 0.302818 0.325953 0.001111 -0.945385 -0.346656 -0.930205 -0.120615
11.082431 -47.613045 10127.977168 -18695.822554 0.974436 -0.217012 0.058136 0.085034 0.116738 -0.989516 -0.207950 -0.969164 -0.132207
-61.749795 -93.185560 -723.028346 -2452.892579 0.106929 0.908524 -0.403918 -0.131955 0.415621 0.899915 -0.985472 0.042928 -0.164326
-58.968649 -82.886840 -1538.239771 -6255.811730 -0.023014 0.945026 -0.326183 -0.272557 0.307979 0.911516 -0.961864 -0.109882 -0.250486
-61.076821 -93.690845 -443.142041 -1169.129459 0.001451 0.907897 -0.419191 -0.045291 0.418821 0.906938 -0.998973 -0.017670 -0.041727
-58.411187 -81.401375 602.577293 -7569.908811 0.091824 0.940285 -0.327769 -0.318792 0.339594 0.884900 -0.943366 -0.023235 -0.330939
26.097098 -45.241756 5030.003899 7851.619435 0.430292 0.190589 -0.882340 0.860368 0.209194 0.464763 0.273159 -0.959121 -0.073962
23.953121 -63.441930 3854.509299 13399.065522 0.400780 0.178773 -0.898563 0.891917 0.148062 0.427273 0.209428 -0.972686 -0.100111
25.757774 -59.752907 2879.870990 11367.369330 0.420241 0.118735 -0.899611 0.885410 0.163339 0.435165 0.198611 -0.979399 -0.036487
21.854835 -89.310545 3097.745236 16746.254184 0.356116 0.162758 -0.920158 0.927533 0.057950 0.369220 0.113417 -0.984963 -0.130326
26.885404 -39.118691 3421.399941 6185.119499 0.441368 0.125801 -0.888464 0.855234 0.240717 0.458944 0.271604 -0.962408 -0.001345
23.961344 -80.167804 1420.019218 10952.111684 0.364091 0.100059 -0.925973 0.930848 -0.006042 0.365356 0.030963 -0.994963 -0.095339
23.966771 -60.975047 -4408.488677 10533.916466 0.443360 0.016401 -0.896194 0.887826 0.129474 0.441590 0.123276 -0.991447 0.042843
26.220360 -44.728607 -4176.284821 7482.129313 0.464063 0.026684 -0.885400 0.860440 0.223891 0.457728 0.210447 -0.974249 0.080939
28.330816 -47.629530 -11640.108102 792.889146 -0.311895 -0.892126 -0.326852 0.936151 -0.347321 0.054681 -0.162305 -0.288928 0.943492
15.321350 -47.597599 -10873.224150 678.067074 -0.330772 -0.893117 -0.304848 0.921329 -0.375550 0.100576 -0.204312 -0.247598 0.947075
13.161322 -47.567505 -9597.278047 -192.340722 -0.318698 -0.895748 -0.309948 0.943265 -0.331865 -0.010807 -0.093181 -0.295807 0.950692
26.926944 -47.136955 -8810.293871 -517.382893 -0.300343 -0.889472 -0.344432 0.950140 -0.310733 -0.026068 -0.083839 -0.335088 0.938449
31.711894 -24.850955 9696.613011 1098.241499 -0.204762 0.065121 -0.976643 0.802730 0.582115 -0.129485 0.560087 -0.810494 -0.171470
24.775951 -28.339900 11522.643786 1608.644707 -0.199047 0.121040 -0.972486 0.824200 0.557524 -0.099304 0.530164 -0.821289 -0.210735
45.143933 -28.006577 12877.919642 1475.077011 -0.222924 0.028445 -0.974421 0.822635 0.541809 -0.172382 0.523046 -0.840020 -0.144182
7.727178 -26.957671 6072.694778 2169.946486 -0.123231 0.158346 -0.979664 0.795702 0.605684 -0.002192 0.593019 -0.779791 -0.200635
49.960768 -24.656247 10148.248049 843.038096 -0.211126 -0.049315 -0.976214 0.797255 0.569134 -0.201173 0.565518 -0.820764 -0.080843
19.459304 -21.394905 6494.757635 2046.055168 -0.157748 0.082923 -0.983992 0.771792 0.631958 -0.070473 0.615998 -0.770554 -0.163689
38.735031 -22.569358 8044.749744 1027.644971 -0.238700 -0.078504 -0.967915 0.758682 0.607080 -0.236338 0.606156 -0.790753 -0.085350
-3.525538 -64.023189 -271.929955 8622.715536 0.775058 0.056995 0.629314 -0.407480 -0.716105 0.566704 -0.482954 0.695662 0.531799
-3.470824 -63.417345 660.365179 4968.644599 0.782241 0.035236 0.621979 -0.411327 -0.720621 0.558136 -0.467877 0.692434 0.549205
-3.866255 -62.711424 169.224524 354.699272 0.784443 0.044244 0.618621 -0.475948 -0.596579 0.646194 -0.397647 0.801334 0.446924
-4.169742 -70.509367 -69.118360 1090.282272 0.763982 0.029201 0.644577 -0.404422 -0.756728 0.513621 -0.502768 0.653078 0.566316
4.054358 -72.314577 -445.810815 4472.128235 -0.918314 0.135716 -0.371860 0.125781 0.990748 0.050971 0.375337 0.000034 -0.926888
5.556510 -64.520383 129.713178 4435.737631 -0.922355 0.126845 -0.364927 0.071306 0.984231 0.161881 0.379706 0.123290 -0.916855
4.009811 -68.286340 -883.031473 3155.143040 -0.922681 0.112100 -0.368909 0.089380 0.992925 0.078172 0.375062 0.039155 -0.926172
3.698788 -74.446263 -858.043774 3576.556324 -0.917947 0.138039 -0.371912 0.159703 0.986770 -0.027928 0.363136 -0.085032 -0.927848
3.678550 -71.925365 -460.141056 4151.330394 -0.926462 0.120047 -0.356730 0.126762 0.991922 0.004588 0.354399 -0.040970 -0.934196
3.441468 -66.980575 966.649499 3074.265252 -0.936337 0.084547 -0.340771 0.066864 0.995750 0.063329 0.344677 0.036512 -0.938011
4.336102 -58.587025 1018.557037 2521.244281 -0.937900 0.075490 -0.338592 0.012469 0.982741 0.184567 0.346681 0.168883 -0.922654
-3.996017 -86.106777 2408.923547 1315.802629 -0.651415 -0.072000 -0.755298 -0.070417 0.996928 -0.034302 0.755447 0.030841 -0.654484
-2.676082 -90.668144 423.274491 -2223.249523 -0.637652 -0.098121 -0.764050 -0.185335 0.982261 0.028531 0.747697 0.159798 -0.644526
-7.339039 -87.283924 2724.712477 -2125.466849 -0.647340 -0.092110 -0.756615 -0.195619 0.979499 0.048123 0.736671 0.179160 -0.652087
-36.869733 -42.548075 -2961.836289 -2464.549324 0.869925 -0.169345 0.463198 -0.492419 -0.245979 0.834876 0.027445 0.954367 0.297371
-31.022591 -43.606617 4146.093068 888.560000 0.704368 -0.330992 0.627941 0.708328 0.270136 -0.652148 0.046226 0.904141 0.424727
-29.544444 -40.822988 4007.562014 -2524.617559 0.824195 -0.280385 0.492024 -0.551602 -0.200768 0.809585 0.128213 0.938657 0.320133
-36.186047 -40.123309 -1995.603126 -824.287587 0.942774 -0.153307 0.296098 -0.322408 -0.192677 0.926784 0.085031 0.969212 0.231078
-31.661682 -54.903749 -5498.961544 -3980.866807 0.979379 -0.187837 0.074393 0.013645 0.428879 0.903259 0.201571 0.883617 -0.422598
-23.740196 -49.888731 -6862.132904 -1659.614412 0.954618 -0.071775 0.289054 -0.206891 0.538330 0.816944 0.214242 0.839672 -0.499050
-27.911070 -51.168428 -7765.666503 -785.647575 0.963195 -0.049847 0.264143 -0.215822 0.442375 0.870474 0.160241 0.895444 -0.415335
-22.270796 -54.985094 3082.654838 -5511.193020 0.956856 -0.243254 0.158918 -0.005712 0.531075 0.847306 0.290507 0.811657 -0.506772
48.461114 -17.823424 7637.941968 878.227176 0.621469 0.775760 0.109425 0.499586 -0.500005 0.707395 -0.603482 0.384957 0.698296
55.377746 -17.242270 7966.239095 -10.961621 0.603206 0.797454 -0.014463 0.584372 -0.429541 0.688479 -0.542818 0.423747 0.725112
82.060570 -21.634119 17138.699670 -1613.894234 0.645953 0.719141 0.256088 0.420842 -0.615357 0.666504 -0.636896 0.322757 0.700136
58.788552 -19.498343 18829.934401 521.982298 0.680855 0.691352 0.241802 0.391357 -0.622467 0.677772 -0.619093 0.366833 0.694375
-1.399134 -67.742470 233.485682 -1698.819598 0.832754 0.135808 0.536728 -0.534258 -0.057164 0.843386 -0.145220 0.989085 -0.024954
-2.998751 -67.009033 -700.684565 -3478.614137 0.819496 0.144218 0.554641 -0.554867 -0.042405 0.830857 -0.143344 0.988637 -0.045271
-1.648572 -60.461359 796.363401 -5233.756007 0.834560 0.129408 0.535503 -0.548890 0.111988 0.828359 -0.047226 0.985247 -0.164491
-0.437572 -76.496412 611.145247 -2623.544578 0.816947 0.129733 0.561932 -0.538092 -0.179104 0.823638 -0.207497 0.975239 0.076510
0.002746 -78.782571 507.127417 -2801.652054 0.825373 0.136699 0.547789 -0.524749 -0.172264 0.833645 -0.208323 0.975520 0.070450
-12.481232 -81.684186 2006.039870 315.556159 0.520828 0.704699 -0.481806 -0.009229 -0.559718 -0.828632 0.853611 -0.436021 0.285014
-9.235474 -79.885681 3227.348832 569.932943 0.498702 0.697667 -0.514352 -0.094679 -0.546012 -0.832410 0.861587 -0.463823 0.206243
-10.943759 -82.120344 1973.664590 -256.548022 0.508838 0.719118 -0.473237 0.108154 -0.598770 -0.793585 0.854041 -0.352623 0.382453
-10.725343 -79.956463 895.829376 2677.209212 0.537632 0.687792 -0.487743 -0.155900 -0.487398 -0.859150 0.828642 -0.537945 0.154814
-4.754879 -92.935435 -132.683323 -4476.568054 0.424040 0.051776 0.904162 -0.432771 0.888584 0.152080 -0.795550 -0.455783 0.399203
-4.452678 -105.212582 261.583840 -5714.765776 0.428534 0.073162 0.900559 -0.319914 0.944433 0.075506 -0.844993 -0.320458 0.428127
-4.338219 -109.577382 -501.251588 -5684.716472 0.407327 0.059216 0.911361 -0.293925 0.953304 0.069426 -0.864692 -0.296151 0.405711
12.035124 -124.698819 -577.701736 79.260108 0.579882 0.716855 -0.387112 0.738365 -0.663246 -0.122155 0.344318 0.214994 0.913905
11.207097 -123.394750 -1350.138645 5554.913538 0.593777 0.713715 -0.371536 0.625879 -0.699869 -0.344179 0.505672 0.028171 0.862266
5.539766 -122.939838 -3031.415471 675.095691 0.592885 0.728432 -0.343328 0.717586 -0.671377 -0.185264 0.365455 0.136527 0.920762
1.218680 -179.191001 -1558.779661 27497.044263 0.175224 0.701261 -0.691035 0.017042 0.699628 0.714304 -0.984381 0.136940 -0.110641
4.100238 -150.099428 -1488.377280 9360.859822 0.190060 0.723201 -0.663971 0.250259 0.618270 0.745059 -0.949341 0.307770 0.063479
1.533340 -149.227446 -2126.984890 9533.109017 0.168232 0.728538 -0.664026 0.232957 0.625162 0.744918 -0.957825 0.280009 0.064546
20.343968 -112.409505 -2172.121666 20276.886753 0.451557 0.590241 -0.669113 -0.373090 -0.556306 -0.742515 0.810494 -0.584927 0.030991
17.545341 -88.850905 -2630.989703 7627.613015 0.479428 0.564894 -0.671597 -0.467771 -0.483012 -0.740196 0.742522 -0.669025 -0.032671
12.338630 -106.450888 -1476.937542 -10438.664341 0.482684 0.567344 -0.667186 0.330947 0.587163 0.738724 0.810858 -0.577374 0.095653
16.264182 -142.003568 208.331922 -21233.291034 0.452487 0.620991 -0.640020 0.176109 0.641337 0.746775 0.874209 -0.450619 0.180835
21.776662 -159.739956 -1616.035212 31946.323020 0.432557 0.636089 -0.638972 -0.181714 -0.632655 -0.752813 0.883105 -0.441745 0.158073
-1.092533 -4.560793 491.183562 -6.211413 -0.132335 0.692734 0.708948 0.624234 0.613828 -0.483268 0.769948 -0.378596 0.513659
-1.779365 -5.115562 350.392314 -1030.200673 0.235756 -0.568183 -0.788408 0.588385 0.729135 -0.349523 0.773449 -0.381485 0.506208
-1.334832 -5.192532 1797.496212 -508.528586 0.245663 -0.546182 -0.800834 0.586422 0.741565 -0.325870 0.771855 -0.389572 0.502468
-1.900313 -5.257150 -1472.376519 -623.241680 0.293830 -0.510163 -0.808330 0.562448 0.776040 -0.285333 0.772863 -0.370804 0.514963
-1.282456 -5.762582 -1354.936234 662.120921 -0.109571 0.701433 0.704263 0.631127 0.596473 -0.495883 0.767902 -0.390145 0.508049
-1.371026 -5.480331 1156.178506 976.471033 -0.033004 0.781980 0.622429 0.640759 0.494499 -0.587281 0.767032 -0.379444 0.517381
-2.179623 -4.420852 2926.352571 658.074082 -0.083683 0.748468 0.657870 0.636590 0.548066 -0.542566 0.766649 -0.373390 0.522331
-2.645755 -4.014389 -2338.278920 84.617377 0.273826 -0.543159 -0.793724 0.576662 0.753194 -0.316481 0.769727 -0.371049 0.519463
-18.456518 -271.513074 8867.688639 -5097.174385 0.392988 0.716501 -0.576357 0.371690 -0.697074 -0.613134 0.841075 -0.026728 0.540258
-14.285198 -302.449690 7590.428002 -43498.533200 0.409711 0.687881 -0.599130 -0.609668 0.695040 0.381082 0.678558 0.209137 0.704145
-28.344364 -265.292282 6194.496006 29439.581591 0.426100 0.711487 -0.558771 0.526089 -0.697348 -0.486761 0.735982 0.086554 0.671445
-32.406273 -242.374499 1172.901447 -30697.353345 0.496175 0.697737 -0.516695 -0.624005 0.700372 0.346549 0.603678 0.150471 0.782899
-32.613510 -210.584573 426.719435 -321.411437 0.479405 0.732542 -0.483273 0.463312 -0.678946 -0.569538 0.745327 -0.049134 0.664886
-28.279178 -245.799468 1747.588816 -21037.499373 0.451870 0.741125 -0.496536 0.324590 -0.655043 -0.682320 0.830936 -0.147149 0.536556
43.441298 -606.498025 15851.688931 188170.996779 -0.695470 -0.624546 0.355335 0.696393 -0.463970 0.547511 -0.177081 0.628231 0.757607
-6.189339 -315.380239 9890.674517 10229.030268 -0.620720 -0.677460 0.394657 0.778864 -0.475109 0.409442 -0.089876 0.561533 0.822559
21.931700 -374.341093 14369.851721 27270.976951 -0.610511 -0.676778 0.411398 0.702592 -0.223031 0.675738 -0.365570 0.701590 0.611662
-10.183948 -486.393915 9526.879277 154823.064591 -0.669004 -0.637292 0.382482 0.723230 -0.676825 0.137284 0.171383 0.368466 0.913707
-8.503235 -42.831147 -1013.132024 2997.834400 0.093814 0.532057 0.841495 0.380699 0.761817 -0.524121 -0.919928 0.369527 -0.131084
-8.128114 -36.134698 -1692.493492 4334.232727 0.080985 0.558916 0.825260 0.442761 0.721628 -0.532180 -0.892975 0.408491 -0.189025
-4.426019 -42.656955 -2169.663294 2445.041607 0.094192 0.599250 0.795001 0.344561 0.729577 -0.590758 -0.934026 0.329571 -0.137758
-2.328037 -36.806391 -2755.791887 4240.496824 0.108966 0.631257 0.767881 0.418523 0.671542 -0.611449 -0.901645 0.388004 -0.191020
-15.388503 -35.087265 721.720109 975.105061 0.125067 -0.714062 -0.688820 0.844551 0.440965 -0.303782 0.520665 -0.543751 0.658212
-13.405538 -35.352337 441.718931 1113.395089 0.158175 -0.668430 -0.726761 0.830195 0.488496 -0.268603 0.534562 -0.560868 0.632195
-12.115737 -31.176617 -64.364886 1758.212585 -0.114286 0.714070 0.690683 0.787279 0.489131 -0.375424 0.605913 -0.500854 0.618073
-13.620987 -32.769543 67.297554 1321.633790 -0.019155 0.785559 0.618491 0.821835 0.364671 -0.437724 0.569404 -0.499913 0.652585
-16.601738 -35.231218 111.502428 614.744386 0.056570 -0.775023 -0.629396 0.868284 0.349372 -0.352168 0.492831 -0.526572 0.692704
-3.796274 -88.679475 978.521445 267.488738 -0.446730 0.052013 -0.893156 0.698133 -0.604050 -0.384362 -0.559503 -0.795247 0.233535
-3.597444 -90.307512 486.604168 -3102.508009 -0.470370 0.067677 -0.879871 0.768681 -0.458314 -0.446181 -0.433453 -0.886210 0.163555
-3.396548 -84.264378 1027.911203 -4198.907908 -0.459928 0.050913 -0.886495 0.736260 -0.536221 -0.412780 -0.496374 -0.842541 0.209138
-3.599661 -84.116656 1168.272909 7.341006 -0.432160 0.025312 -0.901442 0.661717 -0.670223 -0.336053 -0.612674 -0.741728 0.272894
-3.284045 -94.260513 245.581454 6971.306715 -0.421684 0.005272 -0.906728 0.610518 -0.737698 -0.288218 -0.670411 -0.675110 0.307856
-2.633946 -93.288024 -653.902110 6751.404288 -0.436275 0.018420 -0.899625 0.647376 -0.687967 -0.328033 -0.624955 -0.725508 0.288219
-242.794149 -941.837045 73689.496408 343576.528061 0.956375 0.059211 -0.286077 0.196947 -0.853941 0.481661 0.215773 0.516990 0.828350
-760.425030 -1963.241948 201475.717615 793441.008362 0.934927 0.175267 -0.308534 0.344668 -0.655251 0.672197 0.084354 0.734797 0.673021
-152.059018 -2032.359042 44180.368061 8683.929291 0.870893 0.180510 -0.457123 0.483290 -0.145529 0.863280 -0.089306 0.972747 0.213979
-49.861611 -1473.706843 4475.195306 -226397.903814 0.847470 0.207708 -0.488520 0.417763 0.306826 0.855180 -0.327518 0.928825 -0.173253
0.183202 -283.091555 2185.582376 48457.954105 0.937826 0.107922 -0.329901 0.243552 -0.881788 0.403896 0.247314 0.459132 0.853249
-0.157533 -582.376972 6944.104102 213086.360294 0.936847 0.093045 -0.337135 0.262371 -0.824372 0.501570 0.231256 0.558349 0.796723
-6.732217 -296.017196 1163.318117 -83648.599114 0.946160 0.097850 -0.308554 -0.145330 0.980156 -0.134812 0.289240 0.172395 0.941605
7.490500 -334.207882 3575.906599 30328.843500 0.926723 0.091803 -0.364357 0.334864 -0.641646 0.690041 0.170440 0.761487 0.625370
2.401667 -249.850432 4699.473609 -53886.297435 0.927767 0.140977 -0.345506 -0.206340 0.965276 -0.160209 0.310923 0.219928 0.924640
9.317705 -47.133585 -1944.132667 -9758.254862 -0.777877 0.099579 0.620477 0.050655 0.994088 -0.096034 -0.626371 -0.043272 -0.778323
5.488480 -66.328839 -2128.354292 19845.299731 -0.744949 -0.148124 0.650469 -0.131202 0.988526 0.074847 -0.654092 -0.029586 -0.755836
0.744823 -55.492891 -3315.000854 18004.781327 -0.759639 -0.110765 0.640843 -0.111942 0.992952 0.038931 -0.640639 -0.042164 -0.766684
318.146512 -33.959526 -112792.608917 -2588.124177 0.085243 0.645213 0.759232 0.049845 0.758290 -0.650009 -0.995113 0.093252 0.032478
66.319022 -27.807840 -32675.477851 -4039.930366 0.100642 0.781752 0.615415 0.007776 -0.619155 0.785231 -0.994892 0.074242 0.068392
35.681250 -26.832643 -20068.795385 -2420.993840 0.079004 0.880554 0.467314 0.060058 -0.472132 0.879480 -0.995063 0.041417 0.090185
0.703840 -47.071737 930.071936 -773.796849 0.803273 -0.194815 0.562849 0.592743 0.168846 -0.787494 -0.058381 -0.966198 -0.251104
2.614695 -47.651526 480.736263 1040.553042 0.777129 -0.210285 0.593170 0.619930 0.093390 -0.779080 -0.108433 -0.973169 -0.202938
1.532108 -48.930164 942.917153 -61.385011 0.812323 -0.195404 0.549498 0.575918 0.120265 -0.808613 -0.091921 -0.973321 -0.210231
3.906223 -47.026501 -1419.029968 2966.561413 0.540130 0.758291 -0.365040 -0.074311 -0.389087 -0.918199 0.838294 -0.523074 0.153808
15.021884 -42.561841 -442.493097 -10811.678271 0.504305 0.717153 -0.481008 0.020916 -0.567009 -0.823446 0.863272 -0.405207 0.300945
5.306636 -49.407425 -446.744890 5453.253602 0.498131 0.701462 -0.509723 -0.222502 -0.464758 -0.857025 0.838068 -0.540325 0.075433
29.553842 -49.471581 -12800.858496 4066.494062 0.811928 0.152399 0.563513 -0.477679 0.728328 0.491284 0.335552 0.668066 -0.664148
18.386033 -64.744878 -15170.980501 7967.449004 0.837120 0.135471 0.529980 -0.407354 0.801015 0.438677 0.365094 0.583115 -0.725730
49.263163 -59.944160 -12506.624182 11105.560791 0.785341 0.109354 0.609328 -0.461929 0.758795 0.459185 0.412142 0.642084 -0.646427
34.721780 -43.147317 -11089.670342 1967.383405 0.787344 0.160657 0.595213 -0.528043 0.674047 0.516557 0.318213 0.721006 -0.615541
8.839320 -43.039771 -13701.662871 1623.020603 0.835409 0.177975 0.520015 -0.483173 0.688779 0.540488 0.261982 0.702786 -0.661405
53.768710 -51.531020 -9412.393762 6383.871296 0.747573 0.114750 0.654192 -0.524495 0.706278 0.475475 0.407481 0.698573 -0.588180
19.127607 -73.757717 2319.326852 7006.820511 0.674725 0.439589 0.592881 -0.394006 -0.464724 0.792963 -0.624104 0.768631 0.140360
23.202591 -80.144664 1586.530914 6556.357798 0.650356 0.482277 0.586895 -0.412455 -0.424607 0.805972 -0.637901 0.766236 0.077228
20.691123 -81.984986 1632.307018 5350.522587 0.657708 0.431004 0.617783 -0.514420 -0.342109 0.786342 -0.550265 0.834983 0.003291
15.945729 -75.301573 2065.667263 7627.263446 0.678356 0.391229 0.621911 -0.466930 -0.423982 0.776026 -0.567282 0.816811 0.104934
14.080510 -61.271339 1713.536839 5188.465303 0.701341 0.416098 0.578778 -0.353548 -0.501990 0.789310 -0.618971 0.758201 0.204956
16.633811 -59.689575 2200.298558 3862.766955 0.698930 0.466941 0.541723 -0.273211 -0.525684 0.805613 -0.660948 0.711072 0.239842
-16.140329 -44.841604 1192.658621 -1446.144636 -0.083182 -0.491115 -0.867114 -0.710555 0.639310 -0.293929 0.698707 0.591683 -0.402144
-14.441739 -42.617517 858.242476 -653.348593 -0.070373 -0.528989 -0.845706 -0.659022 0.661092 -0.358675 0.748824 0.532098 -0.395139
-13.894404 -43.896599 376.689428 -1830.771739 -0.103249 -0.515419 -0.850696 -0.702551 0.643223 -0.304446 0.704104 0.566223 -0.428520
-14.607987 -44.859891 -34.125003 757.265744 0.101433 0.475173 0.874026 0.773560 -0.590105 0.231043 0.625553 0.652676 -0.427431
-17.556300 -42.506851 -2952.502346 1164.853448 0.434162 0.153906 -0.887590 0.736470 0.506761 0.448113 0.518763 -0.848237 0.106669
-4.164634 -42.770461 -4804.964814 1969.200288 0.547896 0.192324 -0.814139 0.682782 0.459496 0.568042 0.483342 -0.867107 0.120440
-14.213013 -44.868342 -2424.487883 1922.632625 0.458497 0.181003 -0.870068 0.758212 0.431021 0.489219 0.463568 -0.884001 0.060383
11.231304 -39.138798 -5541.719678 -2036.216817 0.090949 0.660063 0.745685 0.969465 -0.229922 0.085279 0.227739 0.715159 -0.660819
12.232093 -35.224510 -7858.458349 -1032.885612 0.016525 0.688020 0.725504 0.984738 -0.136932 0.107428 0.173257 0.712656 -0.679782
1.199033 -33.203321 -6954.937905 -1911.996152 -0.075744 0.707435 0.702708 0.980895 -0.073778 0.180004 0.179186 0.702918 -0.688331
-6.118839 -71.131446 -1482.194630 130.292124 0.406793 0.697961 0.589381 0.205470 0.558737 -0.803489 0.890113 -0.447954 -0.083881
-4.095278 -73.324280 -295.937250 1151.953214 0.395229 0.701054 0.593564 0.215438 0.557407 -0.801800 0.892962 -0.444771 -0.069270
-4.878189 -71.240834 -716.084771 1471.552693 0.409260 0.705385 0.578738 0.047116 0.617106 -0.785468 0.911201 -0.348728 -0.219322
-1.503091 -72.562199 -1080.520858 2325.153571 0.412395 0.703443 0.578876 0.115140 0.590084 -0.799089 0.903700 -0.396192 -0.162354
0.918642 -82.024060 2155.826628 7058.592109 -0.023214 0.831692 0.554751 0.988100 0.103484 -0.113797 -0.152052 0.545508 -0.824197
-3.821271 -97.578628 1950.383127 1158.220027 -0.017976 0.823994 0.566314 0.943562 0.201326 -0.262981 -0.330709 0.529625 -0.781108
2.395102 -77.764609 1930.492526 7595.759309 0.051088 0.833673 0.549890 0.989953 0.030419 -0.138089 -0.131848 0.551420 -0.823743
6.150581 -68.778279 2089.404557 12603.836803 0.034496 0.838804 0.543340 0.998892 -0.046356 0.008146 0.032020 0.542457 -0.839473
8.920320 -60.625193 564.053537 10605.337968 0.121466 0.848082 0.515755 0.992006 -0.121630 -0.033625 0.034215 0.515716 -0.856076
42.547813 -26.283864 18318.168415 -1942.855892 0.339189 0.387666 0.857126 0.642510 0.570045 -0.512083 -0.687118 0.724406 -0.055727
23.368005 -30.169123 18340.981403 -1931.397764 0.347765 0.355778 0.867457 0.654232 0.570648 -0.496328 -0.671595 0.740124 -0.034310
18.810771 -24.132875 13390.630290 -3879.188162 0.314183 0.348106 0.883239 0.617712 0.631521 -0.468629 -0.720917 0.692823 -0.016616
42.564240 -20.163249 9942.199093 -2430.731537 0.281709 0.451145 0.846822 0.612896 0.594439 -0.520578 -0.738240 0.665666 -0.109047
22.749153 -16.606560 12248.151427 -5788.219808 0.297440 0.359089 0.884638 0.573547 0.673543 -0.466245 -0.763265 0.646061 -0.005615
-0.123193 -19.549728 8126.905087 -6112.953960 0.263904 0.337592 0.903541 0.587532 0.686649 -0.428159 -0.764958 0.643852 -0.017137
9.732186 -138.016313 4112.639778 24355.804280 0.118272 0.693606 0.710579 0.859867 -0.429441 0.276062 0.496630 0.578353 -0.647199
12.502628 -149.500795 1681.396385 28270.790361 0.151218 0.716565 0.680931 0.865642 -0.428595 0.258786 0.477281 0.550309 -0.685100
9.855316 -111.497215 2926.991047 -23465.292240 0.122507 0.703543 0.700014 -0.760020 0.520094 -0.389707 0.638249 0.484283 -0.598422
7.294616 -114.481605 2462.149092 -22833.434182 0.104455 0.692675 0.713646 -0.781816 0.500706 -0.371560 0.614697 0.519129 -0.593846
7.892124 -132.106906 3231.709839 13684.295750 0.138415 0.686815 0.713531 0.898184 -0.390598 0.201738 0.417260 0.612959 -0.670951
-7.471078 -72.454573 -1080.702696 4030.864155 0.063650 0.871460 0.486320 -0.175007 0.489503 -0.854259 0.982508 0.030735 -0.183668
-6.957068 -65.922243 482.621998 3241.992552 0.049729 0.872254 0.486519 -0.311040 0.476423 -0.822360 0.949095 0.110432 -0.294998
-8.112960 -68.277566 -187.596288 3680.249946 0.033631 0.892537 0.449718 -0.270402 0.441317 -0.855642 0.962160 0.092829 -0.256185
-4.632810 -68.084389 -1144.713391 2887.504597 0.076091 0.864669 0.496546 -0.297030 0.495037 -0.816524 0.951831 0.085359 -0.294501
-11.394626 -76.904157 270.976683 4360.830734 0.030198 0.889499 0.455938 -0.106495 0.456412 -0.883372 0.993855 0.021879 -0.108511
-10.796079 -79.317845 -1416.686342 4087.033893 0.061582 0.875396 0.479469 -0.027925 0.481703 -0.875889 0.997711 -0.040550 -0.054109
-4.098527 -78.301417 -3278.279928 2949.879002 0.087817 0.866440 0.491498 -0.011208 0.494233 -0.869257 0.996074 -0.070827 -0.053113
-1.988921 -72.638435 -1927.358541 3635.036780 0.078235 0.859893 0.504444 -0.169296 0.510105 -0.843286 0.982455 0.019426 -0.185485
1.050134 -93.471368 1945.969689 -11629.083314 0.113364 0.908971 0.401149 0.038430 -0.407461 0.912413 -0.992810 0.088019 0.081123
-2.197004 -76.091066 1551.982537 -8178.742454 0.111050 0.916825 0.383535 -0.118524 -0.370950 0.921058 -0.986722 0.147742 -0.067472
-2.838079 -92.504487 2717.338790 -13279.872510 0.129458 0.915323 0.381345 -0.018222 -0.382321 0.923850 -0.991417 0.126549 0.032815
0.548112 -110.003802 2408.943166 -10208.996737 0.127006 0.904579 0.406947 0.208214 -0.425442 0.880708 -0.969802 0.027123 0.242380
3.924277 -70.041454 -1759.088285 -7429.315171 0.395162 0.677144 0.620744 0.528318 0.385272 -0.756601 0.751483 -0.626930 0.205502
1.182933 -68.264638 -1584.679104 -5180.882941 0.397911 0.673366 0.623093 0.529028 0.386471 -0.755493 0.749530 -0.630253 0.202448
3.114715 -60.095110 -1973.888844 -5422.086484 0.392394 0.665147 0.635300 0.605945 0.332700 -0.722594 0.691995 -0.668498 0.272493
13.773603 -37.645965 -2679.648768 -1470.818522 -0.230946 -0.503927 -0.832299 0.311944 0.771917 -0.553926 0.921604 -0.387558 -0.021074
12.198764 -38.133497 -521.594391 -357.653174 -0.236868 -0.570797 -0.786184 0.300798 0.726365 -0.617993 0.923804 -0.382865 -0.000358
8.447993 -40.168556 -989.576683 -2380.450791 -0.246246 -0.570163 -0.783758 0.236354 0.748919 -0.619078 0.939947 -0.337690 -0.049658
16.918087 -37.750945 -2499.643524 561.223049 -0.207894 -0.492155 -0.845319 0.386867 0.752365 -0.533180 0.898395 -0.437871 0.033986
10.080522 -42.192903 -4126.990542 -3013.712643 -0.231321 -0.502575 -0.833012 0.230366 0.803590 -0.548795 0.945210 -0.318845 -0.070111
17.745344 -34.860869 -1164.948722 -773.615684 -0.234483 -0.436752 -0.868484 0.385834 0.778198 -0.495520 0.892272 -0.451282 -0.013961
14.998716 -38.153197 -1326.516143 -2185.554876 -0.252544 -0.452813 -0.855091 0.298717 0.804081 -0.514025 0.920320 -0.385244 -0.067803
-10.441927 -192.421429 -3385.977406 28198.177233 0.308891 0.857752 0.410910 0.861064 -0.068720 -0.503832 -0.403925 0.509449 -0.759806
-10.885987 -215.443379 -1615.511372 34864.582359 0.267454 0.862089 0.430432 0.839201 0.011115 -0.543708 -0.473509 0.506635 -0.720493
-15.989894 -209.184781 -119.270938 -19749.381831 0.315815 0.852030 0.417499 -0.676569 -0.106273 0.728670 -0.665218 0.512592 -0.542895
-14.750561 -213.360410 277.999251 -18716.331528 0.360982 0.827006 0.430991 -0.687911 -0.075903 0.721815 -0.629659 0.557046 -0.541507
-11.783663 -135.767127 -281.759263 1558.357210 0.094812 0.949791 0.298174 0.507986 -0.303751 0.806031 -0.856131 -0.075047 0.511280
-13.385542 -124.155192 -783.062496 6824.405089 0.073642 0.955971 0.284072 0.687489 -0.255010 0.679947 -0.722451 -0.145224 0.675999
-9.844966 -138.527953 975.555898 8708.675350 0.114185 0.953344 0.279460 0.617264 -0.288494 0.731954 -0.778426 -0.088922 0.621406
43.186199 -102.464187 1985.291971 3388.618321 0.192673 0.972642 0.129785 0.924150 -0.135400 -0.357229 0.329884 -0.188769 0.924956
42.377203 -99.560043 -5233.101055 3132.417502 0.206565 0.957694 0.200384 0.849527 -0.073943 -0.522337 0.485422 -0.278128 0.828861
40.936203 -105.793608 -3580.387259 925.411382 0.226648 0.951924 0.206088 0.930114 -0.148757 -0.335798 0.288997 -0.267793 0.919112
34.999346 -110.124845 5015.043081 -1092.138508 -0.232850 -0.933694 -0.272024 0.962527 -0.181280 -0.201691 0.139005 -0.308794 0.940916
42.595355 -108.328952 -1779.154943 2808.678521 -0.227348 -0.962068 -0.150789 0.966865 -0.204538 -0.152765 0.116128 -0.180523 0.976691
51.588017 -343.582709 2768.936522 -64001.914277 0.302525 0.830947 0.466910 0.900700 -0.088983 -0.425231 -0.311797 0.549189 -0.775354
47.176942 -308.210765 -4802.246826 82181.736636 0.228115 0.882406 0.411489 -0.705664 -0.141348 0.694304 -0.670822 0.448754 -0.590439
49.068278 -614.438320 -7595.875068 217920.546919 0.220768 0.934867 0.278001 -0.871941 0.061465 0.485737 -0.437013 0.349636 -0.828719
0.482183 -12923.527082 -21679.628418 4633781.527461 0.450184 0.892856 0.011950 0.351087 -0.189294 0.917009 -0.821019 0.408627 0.398688
-5.144507 -3809.000379 -16132.409837 -1714050.604059 0.357691 0.929825 -0.086504 0.774429 -0.347120 -0.528931 0.521840 -0.122202 0.844245
-980.579832 -10167.857598 -387218.622782 -18023875.924583 0.420077 0.905276 -0.063325 0.836902 -0.413441 -0.358694 0.350898 -0.097682 0.931305
-1767.790450 -12968.534875 -658810.550150 29232693.238073 0.747580 0.656293 -0.102000 0.620034 -0.634568 0.461391 -0.238082 0.408170 0.881314
-77.704694 -8387.590820 -117297.605475 3691059.688082 0.526740 0.849759 0.021332 0.548433 -0.358917 0.755249 -0.649436 0.386120 0.655091
-174.633391 -9934.561761 25970.317613 3622754.252320 0.587259 0.802286 0.107070 -0.413264 0.183467 0.891938 -0.695946 0.568047 -0.439298
-30.156835 -5760.809661 -5180.592360 -2429225.253274 0.393886 0.905625 0.157154 0.914564 -0.369071 -0.165407 -0.091796 0.208879 -0.973624
-893.785475 -14440.446334 -298382.747025 -5586467.061938 0.416285 0.909226 -0.003806 -0.820679 0.377539 0.428895 -0.391399 0.175419 -0.903346
-3.109195 -49.019224 1812.601235 -29.214052 -0.351337 -0.477780 -0.805164 -0.235274 0.877447 -0.418010 0.906206 0.042571 -0.420689
-4.439385 -49.504941 1127.239224 -524.081704 -0.345493 -0.463158 -0.816161 -0.142416 0.885522 -0.442232 0.927552 -0.036554 -0.371903
0.046051 -50.777985 1579.812070 81.628206 -0.345681 -0.480337 -0.806090 -0.162925 0.876724 -0.452559 0.924100 -0.025109 -0.381326
3.566533 -50.140027 2465.509793 1063.240954 -0.347417 -0.487218 -0.801199 -0.225446 0.872758 -0.432976 0.910206 0.030204 -0.413052
7.111206 -51.087346 2601.228990 12.714747 -0.349169 -0.464325 -0.813931 -0.116226 0.883354 -0.454068 0.929824 -0.063946 -0.362406
-1.899054 -31.778490 -1635.127909 -768.212917 -0.147726 -0.556225 -0.817796 -0.321876 0.808892 -0.492025 0.935186 0.190544 -0.298530
-4.071356 -31.700789 -1721.812925 -386.716485 -0.157742 -0.551551 -0.819090 -0.311546 0.814908 -0.488737 0.937047 0.178090 -0.300379
-4.565026 -33.081458 -1487.936962 -1053.730299 -0.160433 -0.559361 -0.813250 -0.356958 0.801037 -0.480542 0.920240 0.213201 -0.328181
-3.909304 -110.084795 718.584852 2660.001310 0.225667 0.760817 0.608467 0.928347 0.021428 -0.371097 -0.295375 0.648612 -0.701467
-5.096870 -110.568015 -1146.051159 314.554063 0.218387 0.774978 0.593056 0.909723 0.058245 -0.411109 -0.353144 0.629298 -0.692296
-3.947310 -112.046078 655.367360 -9170.726002 0.227794 0.758994 0.609949 0.812702 0.196821 -0.548431 -0.536306 0.620636 -0.572002
-5.066915 -40.183063 -898.470251 -727.641105 0.312605 0.633958 0.707372 0.675587 0.375101 -0.634729 -0.667728 0.676311 -0.311036
-6.192918 -38.667049 -1573.175512 -123.713819 0.305891 0.627692 0.715844 -0.660062 -0.402031 0.634578 -0.686111 0.666613 -0.291338
-5.770547 -42.357096 -2248.940013 -2016.030865 0.332139 0.643338 0.689782 0.696414 0.325957 -0.639342 -0.636153 0.692725 -0.339767
-4.612101 -43.762869 680.753739 -3535.473989 0.329450 0.626068 0.706754 0.703796 0.336146 -0.625841 -0.629392 0.703594 -0.329881
6.605793 -129.270547 1629.243652 13723.967671 -0.487949 -0.624389 -0.609954 0.049112 0.678044 -0.733379 0.871489 -0.387807 -0.300186
2.510793 -152.136686 96.508480 17512.439466 0.477999 0.636478 0.605321 0.182251 0.602283 -0.777200 0.859245 -0.481821 -0.171892
6.045863 -162.237959 -1619.538921 21470.270878 0.479425 0.619737 0.621351 0.219022 0.601124 -0.768557 0.849812 -0.504555 -0.152457
10.654247 -128.683074 2333.498452 9009.376837 -0.471757 -0.624175 -0.622777 0.007446 0.703468 -0.710687 0.881697 -0.339909 -0.327219
8.424328 -145.603527 1742.002324 17900.512679 -0.465181 -0.610741 -0.640783 0.181971 0.642437 -0.744420 0.866310 -0.462893 -0.187713
-2.083106 -110.081177 1317.243106 2452.390664 -0.498273 -0.661002 -0.561071 -0.294549 0.737691 -0.607497 0.815454 -0.137437 -0.562269
0.312283 -106.385202 1394.276229 131.707634 -0.499361 -0.653069 -0.569333 -0.309087 0.748173 -0.587113 0.809385 -0.117208 -0.575464
-1.817134 -120.221633 853.762333 -10665.169279 -0.481287 -0.680137 -0.552970 -0.437179 0.733029 -0.521098 0.759762 -0.009051 -0.650139
-0.605907 -111.726462 1565.237361 10940.712737 -0.505563 -0.649146 -0.568345 -0.168983 0.720470 -0.672582 0.846079 -0.243992 -0.473938
-126.090934 -287.639709 25845.951362 -29288.004386 -0.301614 0.879869 -0.367233 -0.481805 0.191714 0.855049 -0.822735 -0.434830 -0.366102
-173.346251 -291.428844 21354.177297 -6344.027522 -0.510928 0.662969 -0.547198 -0.491669 0.296778 0.818648 -0.705134 -0.687310 -0.174329
-163.862831 -379.691623 30490.428135 108675.068783 -0.432657 0.801935 -0.411957 -0.031913 0.443030 0.895939 -0.900994 -0.400781 0.166088
11.361398 -97.832506 -7979.498465 5799.640288 -0.125102 0.886997 0.444506 -0.393792 -0.455616 0.798337 -0.910647 0.075170 -0.406291
14.908150 -101.962610 -8405.396348 3458.877212 -0.123302 0.873205 0.471498 -0.562479 -0.452927 0.691718 -0.817566 0.179917 -0.547006
23.409013 -94.333613 -5160.972729 6237.812204 -0.065550 0.872316 0.484529 -0.454729 -0.458336 0.763642 -0.888214 0.170272 -0.426711
17.583494 -86.522679 -5111.392033 5569.982231 -0.068839 0.889481 0.451757 -0.290004 -0.451118 0.844032 -0.954546 0.072909 -0.289008
-54.575567 -82.801131 -1788.817707 8428.412582 -0.439557 -0.206567 -0.874139 0.688008 -0.703072 -0.179819 -0.577438 -0.680455 0.451160
-48.307359 -77.837189 -346.460335 3439.590223 0.676840 0.004948 0.736113 0.483746 -0.756734 -0.439708 -0.554867 -0.653704 0.514582
-42.612336 -70.211313 -806.836997 6138.277661 0.820087 -0.097625 0.563850 0.355647 -0.684975 -0.635865 -0.448300 -0.721996 0.527019
13.900823 -281.988061 10419.465830 -163956.218641 0.893298 -0.322098 0.313483 0.272581 -0.166334 -0.947646 -0.357378 -0.931980 0.060788
26.794586 -62.316383 10966.974336 -38810.581967 0.964628 -0.261904 0.029994 0.044238 0.048662 -0.997835 -0.259877 -0.963866 -0.058526
21.747033 -64.283926 3573.954244 8178.397616 0.182159 -0.514910 0.837667 0.492291 0.785215 0.375615 -0.851157 0.343954 0.396519
23.379809 -67.983833 -25.955852 8460.729723 0.121441 -0.511384 0.850728 0.497401 0.773049 0.393685 -0.858979 0.375343 0.348243
18.078788 -51.903119 1991.622385 3345.033566 0.121832 -0.561452 0.818492 0.584772 0.706920 0.397875 -0.801996 0.430157 0.414447
17.784692 -67.882977 -4948.019862 6810.916292 0.026869 -0.513791 0.857494 0.555292 0.720954 0.414580 -0.831222 0.465020 0.304675
16.099270 -52.285833 4433.655911 4187.782893 0.206232 -0.537981 0.817340 0.540620 0.758878 0.363090 -0.815597 0.366989 0.447348
16.815028 -49.728271 -2320.945644 1908.776286 0.017560 -0.587656 0.808920 0.664360 0.611474 0.429796 -0.747206 0.529868 0.401153
16.089334 -41.556530 -2673.898758 1056.348243 -0.065712 0.624756 -0.778050 0.674440 0.602468 0.426806 -0.735399 0.496702 0.460950
13.470179 -41.454000 4900.748235 2614.917013 0.144201 -0.595443 0.790350 0.646031 0.661649 0.380611 -0.749566 0.455706 0.480085
26.193076 -55.184702 -1340.624010 9915.398471 0.400090 0.195371 -0.895409 0.885141 0.170921 0.432795 0.237600 -0.965721 -0.104547
23.558747 -86.598331 -1373.502626 19495.066803 0.355909 0.175936 -0.917810 0.923088 0.086970 0.374627 0.145732 -0.980552 -0.131451
3.157680 -46.686608 7148.787764 -384.564894 0.342226 0.884567 0.316895 0.888205 -0.414578 0.198033 -0.306551 -0.213696 0.927556
23.925167 -47.134386 10954.231209 576.420160 0.331030 0.887629 0.320209 0.892533 -0.404671 0.199064 -0.306274 -0.219901 0.926197
18.391131 -46.562709 9026.807824 -341.217171 0.337543 0.882862 0.326527 0.858893 -0.430811 0.276955 -0.385185 -0.186967 0.903701
33.610027 -32.806234 16044.890118 1689.630198 -0.228961 0.098907 -0.968398 0.854341 0.497229 -0.151210 0.466560 -0.861963 -0.198347
8.816169 -31.096116 11060.685774 1677.566903 -0.181632 0.146149 -0.972446 0.835717 0.544109 -0.074320 0.518254 -0.826188 -0.220966
-2.526607 -74.108296 -69.996987 -178.700490 0.737439 0.029958 0.674749 -0.457297 -0.713056 0.531442 -0.497055 0.700467 0.512135
-3.688062 -79.237960 353.404351 -7392.791820 0.740383 0.023301 0.671781 -0.416759 -0.768212 0.485965 -0.527394 0.639771 0.559061
-3.217217 -75.283308 253.999431 -2460.952028 0.746603 0.026036 0.664760 -0.429643 -0.744036 0.511680 -0.507928 0.667632 0.544313
-2.732041 -69.612666 -157.952248 2657.803617 0.748062 0.040321 0.662403 -0.466825 -0.677466 0.568431 -0.471675 0.734448 0.487964
5.558566 -71.682949 1144.669033 4787.283550 -0.918977 0.150227 -0.364572 0.125299 0.987914 0.091244 0.373873 0.038171 -0.926694
6.686975 -63.862730 746.959620 4580.147726 -0.921580 0.119189 -0.369438 0.036147 0.973911 0.224035 0.386502 0.193112 -0.901845
6.325924 -57.643627 514.484918 3279.332149 -0.927044 0.090577 -0.363849 -0.010380 0.963812 0.266379 0.374810 0.250722 -0.892556
-14.533240 -81.266211 -38.571642 -1588.552876 -0.597940 -0.033638 -0.800835 -0.159030 0.984235 0.077397 0.785607 0.173635 -0.593863
-11.017467 -87.044613 2960.952784 -2527.009492 -0.639843 -0.070189 -0.765294 -0.194891 0.978087 0.073238 0.743383 0.196010 -0.639501
-15.355030 -84.919616 1066.055147 -3858.952102 -0.606858 -0.063798 -0.792245 -0.278470 0.950659 0.136752 0.744431 0.303606 -0.594682
-15.901045 -84.679870 -2478.497365 -3481.807314 -0.562671 -0.052720 -0.824998 -0.318281 0.934849 0.157336 0.762953 0.351110 -0.542793
-14.913386 -79.472398 -1302.431799 -714.747490 -0.551751 -0.044695 -0.832810 -0.245763 0.962937 0.111144 0.796976 0.265997 -0.542286
-15.523371 -79.299732 -1550.875110 763.950542 -0.557979 -0.028506 -0.829365 -0.111406 0.992936 0.040824 0.822343 0.115175 -0.557214
-33.640200 -44.648996 -2546.054410 -487.298151 0.866157 -0.161336 0.473015 -0.497222 -0.373686 0.783026 -0.050429 0.913416 0.403890
-25.742047 -50.915097 2720.748584 -472.819738 0.798238 -0.276688 0.535033 -0.600854 -0.428181 0.675008 -0.042325 0.860294 0.508039
-20.026947 -46.980178 6374.388789 -636.485316 0.770139 -0.365841 0.522538 -0.635489 -0.369255 0.678088 0.055122 0.854290 0.516866
-22.090117 -46.750957 -5835.084883 526.101553 0.984608 -0.059749 0.164249 -0.143151 0.263490 0.953982 0.100277 0.962810 -0.250881
-24.892253 -48.183132 -6087.044339 -1092.110482 0.973573 -0.071146 0.217013 -0.177704 0.360870 0.915530 0.143449 0.929899 -0.338690
-12.377789 -45.201571 -3309.670470 36.339832 0.950902 -0.003532 0.309471 -0.290407 0.335511 0.896156 0.106996 0.942030 -0.318012
-13.319425 -45.023118 -3914.598831 623.472611 0.956463 0.002985 0.291839 -0.284899 0.226561 0.931398 0.063339 0.973992 -0.217548
-25.092042 -46.953029 -5980.467412 1589.518428 0.991549 -0.059435 0.115317 -0.104076 0.166238 0.980578 0.077451 0.984293 -0.158647
44.332324 -21.828330 -3233.131600 349.318318 -0.494050 -0.811636 0.311707 0.739388 -0.203607 0.641755 -0.457406 0.547531 0.700706
68.409709 -19.252327 -8922.523608 227.102470 -0.587209 -0.798774 0.130941 0.670100 -0.388983 0.632185 -0.454039 0.458969 0.763673
-1.807363 -77.506217 -626.504475 -3781.986522 0.807868 0.136283 0.573390 -0.543801 -0.202718 0.814362 -0.227220 0.969707 0.089658
-10.382238 -111.104824 1537.411315 6873.191637 0.511187 0.771774 -0.378224 0.612343 -0.635840 -0.469833 0.603095 -0.008569 0.797623
-8.738858 -117.171790 876.198850 1857.154633 0.515510 0.774366 -0.366888 0.730866 -0.620864 -0.283485 0.447309 0.122007 0.886019
-8.550227 -115.711005 -2547.994259 4541.395221 0.562730 0.756653 -0.332882 0.648286 -0.653806 -0.390209 0.512893 -0.003779 0.858444
-5.183190 -119.262879 -2603.882008 -1930.163504 0.555479 0.763120 -0.330289 0.757460 -0.628248 -0.177649 0.343071 0.151501 0.927011
