19869
39727
-32.138392 -55.861871 951.155714 -5696.694443 0.294413 0.846965 0.442687 0.625142 0.179689 -0.759546 0.722854 -0.500362 0.476570
-36.776214 -65.250109 1821.239239 -5274.489290 0.216878 0.811595 0.542474 0.559144 0.352237 -0.750525 0.800201 -0.466093 0.377405
-40.434264 -66.859646 -1283.766391 -6662.010167 0.032118 0.746598 0.664500 0.622214 0.505365 -0.597876 0.782188 -0.432664 0.448312
-36.073567 -58.096633 317.570657 -5090.024564 0.435613 0.821600 0.367717 0.518321 0.105037 -0.848711 0.735925 -0.560305 0.380097
-33.820798 -52.667296 -178.676189 -8515.568119 0.061066 0.797146 0.600691 0.726972 0.376858 -0.574012 0.683946 -0.471738 0.556490
-28.212001 -46.552414 402.325002 -4030.997730 0.419781 0.858713 0.293931 0.622872 -0.037008 -0.781448 0.660162 -0.511118 0.550404
-29.495195 -48.747866 -396.418739 -2429.963065 0.539834 0.820881 0.186368 0.497547 -0.132577 -0.857246 0.678989 -0.555497 0.479997
60.252941 -38.060272 -6428.128212 1365.617625 0.183933 -0.894993 -0.406394 0.965661 0.087354 0.244678 -0.183485 -0.437443 0.880328
60.479649 -26.739236 6392.180511 -2286.661593 0.372735 -0.862828 -0.341462 0.925550 0.319310 0.203466 -0.066524 -0.391879 0.917608
61.148966 -42.613629 3586.066383 -2647.518147 0.311920 -0.837511 -0.448645 0.947904 0.242166 0.206964 -0.064688 -0.489828 0.869416
67.418355 -47.123014 -3271.092863 -3347.664329 0.267908 -0.834643 -0.481244 0.949974 0.145612 0.276308 -0.160544 -0.531194 0.831900
70.006172 -53.467967 -6528.766482 1216.936269 0.160409 -0.851108 -0.499884 0.954057 0.003847 0.299600 -0.253068 -0.524977 0.812623
58.058972 -50.797834 -10671.910999 3980.307936 0.003268 -0.919506 -0.393063 0.956846 -0.111341 0.268419 -0.290577 -0.376978 0.879461
3.615583 -39.291059 -912.726938 -10551.951415 -0.284707 -0.934865 -0.212061 0.957094 -0.264758 -0.117789 0.053972 -0.236497 0.970132
13.413987 -64.701780 -12391.875130 -17328.628908 -0.132373 -0.977441 -0.164582 0.985990 -0.146851 0.079107 -0.101491 -0.151805 0.983186
-2.347649 -68.983364 14645.723890 -5951.155077 0.282442 0.958421 0.040680 0.949470 -0.273250 -0.154406 0.136870 -0.082235 0.987170
4.562623 -51.461544 950.046826 11866.899701 -0.460404 -0.867930 -0.186346 0.834390 -0.351453 -0.424586 0.303019 -0.350966 0.886003
106.184263 -48.013567 -2143.196265 4147.490728 -0.272904 0.127625 -0.953538 0.188484 0.979046 0.077094 0.943397 -0.158687 -0.291241
112.777834 -63.008985 -3123.463421 1010.949906 -0.007188 0.055276 -0.998445 0.200456 0.978283 0.052716 0.979676 -0.199765 -0.018112
108.172088 -48.254038 -4569.016898 6700.847865 -0.079975 -0.007845 -0.996766 0.030195 0.999491 -0.010289 0.996339 -0.030920 -0.079697
103.139294 -66.311624 -3540.929119 6631.505565 0.115743 -0.035988 -0.992627 0.049452 0.998313 -0.030428 0.992047 -0.045565 0.117327
13.297910 -10.266372 -824.845314 812.964493 -0.297424 -0.527943 -0.795497 -0.563850 0.769509 -0.299881 0.770463 0.359349 -0.526551
11.099352 -12.556010 1192.203233 -735.914806 -0.299189 -0.580100 -0.757608 -0.541869 0.756824 -0.365508 0.785407 0.301169 -0.540772
12.076470 -11.145721 -1234.151469 -804.167782 -0.262400 -0.549579 -0.793164 -0.535777 0.766603 -0.353925 0.802552 0.332089 -0.495608
9.084307 -9.023586 -2004.843079 549.993767 -0.276693 -0.505298 -0.817383 -0.552846 0.779434 -0.294693 0.786004 0.370348 -0.495015
4.628921 -10.872020 -2124.707603 707.532594 -0.200978 -0.578608 -0.790456 -0.563333 0.728413 -0.389962 0.801413 0.366917 -0.472344
-14.766524 -46.647844 -3308.095233 -749.168115 0.221971 -0.296320 -0.928937 0.719195 0.693062 -0.049226 0.658397 -0.657160 0.366951
-7.852983 -44.727616 -3858.117746 -1447.298498 0.230042 -0.332098 -0.914763 0.747418 0.662279 -0.052476 0.623255 -0.671638 0.400568
-13.424322 -43.415088 -3188.911250 -1463.077382 0.258537 -0.280893 -0.924261 0.794846 0.605602 0.038287 0.548980 -0.744543 0.379837
-21.678325 -45.550415 -2878.012967 -756.481074 0.218277 -0.242711 -0.945223 0.757911 0.652315 0.007522 0.614757 -0.718036 0.326339
-19.557627 -44.145427 -3078.546956 -1767.362385 0.267496 -0.225896 -0.936705 0.813244 0.574324 0.093735 0.516798 -0.786844 0.337338
-14.942981 -41.192777 -2762.388206 -920.660763 0.317253 -0.224318 -0.921429 0.823343 0.547296 0.150244 0.470592 -0.806318 0.358322
-9.887590 -39.664136 -2096.059888 -710.528229 0.298649 -0.264617 -0.916944 0.825906 0.553096 0.109382 0.478214 -0.789976 0.383730
-7.835092 -50.761660 -5238.738808 134.146953 0.461186 0.666476 0.585762 -0.380556 -0.447788 0.809112 -0.801551 0.596066 -0.047117
-4.311264 -40.950320 -3559.804993 -2550.516219 0.464531 0.650912 0.600436 -0.515841 -0.352230 0.780924 -0.719804 0.672493 -0.172146
-0.149959 -47.262270 -2964.809043 -1132.928994 0.452637 0.637007 0.623972 -0.445855 -0.444327 0.777037 -0.772226 0.629917 -0.082894
1.564168 -58.982147 -432.252879 -1993.379255 0.283948 0.722648 0.630201 0.400525 0.507772 -0.762724 0.871179 -0.468985 0.145257
2.004241 -52.098459 -458.903498 -1307.124600 0.288682 0.731356 0.617885 0.459763 0.460187 -0.759504 0.839810 -0.503336 0.203403
2.893377 -58.466556 -92.227261 -3552.265270 0.271254 0.720465 0.638241 0.387537 0.525227 -0.757596 0.881043 -0.452843 0.136737
2.853215 -64.645211 81.716685 -4735.850984 0.266258 0.711364 0.650437 0.309809 0.575834 -0.756594 0.912757 -0.402960 0.067067
3.212768 -62.706320 -139.799433 -3375.918488 0.263124 0.698537 0.665441 0.258395 0.613521 -0.746207 0.929515 -0.368291 0.019066
40.897595 -63.960035 5907.044076 -7258.767123 0.493347 0.702047 0.513555 0.628823 -0.695785 0.347081 -0.600991 -0.151703 0.784727
38.279559 -73.194599 4079.155766 -5538.461554 0.453446 0.725548 0.517655 0.717284 -0.641813 0.271256 -0.529047 -0.248305 0.811451
45.654423 -71.901978 3936.467449 -6632.235465 0.402695 0.718903 0.566582 0.689149 -0.645506 0.329236 -0.602421 -0.257878 0.755373
-10.555941 -84.339264 -722.245142 2166.164114 0.298557 -0.735921 -0.607687 0.952383 0.188439 0.239704 -0.061891 -0.650316 0.757138
-10.203662 -82.106769 -252.060912 3390.772280 0.321822 -0.713008 -0.622937 0.944425 0.288319 0.157902 0.067020 -0.639134 0.766170
-9.971168 -82.501878 -428.140145 3175.197835 0.309208 -0.730528 -0.608867 0.947816 0.289034 0.134552 0.077689 -0.618698 0.781778
-8.987499 -85.365883 -857.032417 2409.674408 0.291512 -0.753652 -0.589092 0.956553 0.226328 0.183799 -0.005193 -0.617078 0.786885
-9.969245 -85.458959 -813.793543 -1192.577103 0.278526 -0.753631 -0.595368 0.939543 0.085228 0.331655 -0.199204 -0.651748 0.731807
-11.107686 -84.230537 -954.390234 -1956.735599 0.287177 -0.736691 -0.612222 0.918171 0.029596 0.395078 -0.272931 -0.675581 0.684908
-3.525817 -50.465849 629.125724 -1461.173524 0.355923 0.576665 0.735375 0.928355 -0.127980 -0.348967 -0.107124 0.806894 -0.580901
-4.269716 -50.028066 926.500118 -10.646295 0.343813 0.569182 0.746877 0.936444 -0.148736 -0.317728 -0.069757 0.808647 -0.584144
-4.278800 -52.421237 1871.025536 -181.937722 0.350078 0.562806 0.748796 0.935848 -0.244637 -0.253656 0.040424 0.789558 -0.612343
-1.734947 -78.255757 -1178.760891 1443.478352 -0.296803 -0.612147 -0.732928 -0.694903 0.664891 -0.273917 0.654995 0.428014 -0.622724
-3.114451 -76.794535 146.816473 6444.786937 0.303211 0.631159 0.713934 -0.772856 0.601160 -0.203225 0.557456 0.490148 -0.670073
-3.224095 -78.214582 1667.383239 -6910.437684 0.306479 0.602465 0.736958 0.794800 -0.588001 0.150159 0.523798 0.539713 -0.659049
-1.733828 -79.763932 219.028634 -4050.818511 0.321204 0.603722 0.729621 0.790802 -0.594871 0.144085 0.521018 0.530706 -0.668500
-0.825229 -80.869836 -1321.859191 -12.870685 -0.295547 -0.611506 -0.733970 -0.664185 0.683755 -0.302222 0.686666 0.398171 -0.608235
-1.202785 -82.536613 -961.161541 -2822.777493 -0.286004 -0.626895 -0.724710 -0.555067 0.724878 -0.407986 0.781091 0.285577 -0.555287
-0.664280 -81.854405 -784.177056 -2908.953283 -0.286004 -0.632307 -0.719993 -0.558457 0.720571 -0.410978 0.778670 0.284543 -0.559203
-12.047099 -48.401746 79.801192 2236.769092 -0.650644 -0.605932 -0.457721 0.758571 -0.490747 -0.428647 0.035105 -0.626111 0.778944
-11.491724 -46.063113 14.637925 3062.724210 -0.597376 -0.654706 -0.463143 0.801858 -0.496892 -0.331847 -0.012870 -0.569612 0.821813
-8.060544 -44.289025 565.319601 1029.150354 -0.671009 -0.583666 -0.457254 0.737664 -0.587755 -0.332259 -0.074825 -0.560249 0.824938
-7.919657 -41.354169 715.078843 -3093.839277 -0.612272 -0.638192 -0.466727 0.776171 -0.597608 -0.201057 -0.150606 -0.485361 0.861244
-8.588625 -48.229830 -109.457328 1771.420614 0.711541 0.543617 0.445186 0.702565 -0.560030 -0.439055 -0.010640 -0.625178 0.780410
-4.987020 -40.800693 1434.052129 -5103.674160 -0.680791 -0.562609 -0.469036 0.702698 -0.682379 -0.201429 -0.206734 -0.466722 0.859902
-5.599313 -43.831589 -1571.279746 -1105.484231 0.719021 0.516879 0.464591 0.682561 -0.651040 -0.332050 -0.130838 -0.555863 0.820913
7.794821 -95.313409 -1294.505727 2094.522593 -0.628602 0.282356 -0.724661 0.185826 0.959309 0.212590 0.755200 -0.001026 -0.655493
5.586322 -96.807804 -725.126565 4818.236869 -0.627250 0.288394 -0.723454 0.244916 0.954829 0.168280 0.739306 -0.071632 -0.669549
7.610675 -89.696403 -782.386840 3008.621565 -0.616920 0.317149 -0.720296 0.121352 0.942599 0.311095 0.777614 0.104512 -0.619995
8.420176 -94.892160 -112.672327 -1249.904816 -0.638226 0.319211 -0.700552 0.063587 0.928734 0.365253 0.767219 0.188568 -0.613039
8.058423 -98.664493 555.412862 1588.736500 -0.660264 0.273413 -0.699497 0.169298 0.961592 0.216056 0.731703 0.024231 -0.681193
7.498183 -99.881175 -924.199552 2954.624963 -0.646842 0.248621 -0.720959 0.286635 0.955310 0.072269 0.706708 -0.159906 -0.689199
-2.444702 -120.613115 -393.872172 -8571.481304 0.805831 -0.367573 0.464248 0.043262 0.818460 0.572932 -0.590563 -0.441602 0.675443
-1.630000 -129.270944 251.086762 -4227.037021 0.810526 -0.369296 0.454607 0.198021 0.903250 0.380693 -0.551213 -0.218540 0.805236
-4.178307 -123.135577 286.404364 -6769.178617 0.807402 -0.374323 0.456053 0.140204 0.872555 0.467965 -0.573102 -0.313895 0.756984
-3.480208 -109.463719 42.672834 -8547.208646 0.809221 -0.358563 0.465396 -0.030520 0.765432 0.642793 -0.586711 -0.534366 0.608460
3.446180 -44.355662 -459.025808 -532.697697 -0.358967 -0.811988 -0.460238 0.822147 -0.041655 -0.567750 0.441834 -0.582186 0.682526
4.551337 -46.260588 669.687405 -1344.416410 -0.347127 -0.798868 -0.491236 0.839087 -0.030622 -0.543134 0.418850 -0.600727 0.680950
5.522931 -47.007826 761.530870 557.875394 -0.377824 -0.796330 -0.472342 0.853221 -0.101358 -0.511606 0.359532 -0.596309 0.717741
5.230138 -47.947177 534.444624 -318.958063 -0.357304 -0.796111 -0.488407 0.852192 -0.063879 -0.519315 0.382233 -0.601770 0.701263
-4.875465 -62.980281 71.000311 -1826.781327 0.584323 0.591168 0.555955 -0.093320 0.729482 -0.677604 -0.806137 0.344058 0.481421
-4.958444 -65.082031 -120.500728 -1268.132836 0.593871 0.594253 0.542384 -0.102839 0.724674 -0.681375 -0.797961 0.348870 0.491475
-3.853869 -60.884631 -384.860523 -2959.679795 0.587484 0.587050 0.556987 -0.021858 0.699549 -0.714251 -0.808941 0.407436 0.423805
-0.518405 -104.928114 417.542301 4317.095904 -0.168305 0.622369 0.764415 -0.709304 -0.614972 0.344525 -0.684515 0.484217 -0.544952
-2.316465 -106.279842 982.747737 4348.288767 -0.172208 0.615125 0.769393 -0.768729 -0.572314 0.285502 -0.615954 0.542290 -0.571421
-2.695603 -95.416480 1131.338742 -3824.003427 -0.148130 0.636031 0.757312 0.621115 0.655729 -0.429226 -0.769593 0.406797 -0.492181
1.484895 -96.636783 1113.734425 -5338.936235 -0.142610 0.634461 0.759685 0.575335 0.677681 -0.457971 -0.805389 0.371762 -0.461672
1.791754 -107.961672 1918.230591 -5378.586363 -0.155619 0.616296 0.771986 0.702452 0.618501 -0.352163 -0.694510 0.487480 -0.529168
-2.528724 -109.037995 -1160.809122 4107.505442 0.595301 -0.616130 0.515753 0.290142 0.763405 0.577087 -0.749289 -0.193899 0.633221
-1.264939 -118.257791 -305.580394 -1920.258208 0.589472 -0.633970 0.500604 0.424894 0.770407 0.475329 -0.687013 -0.067489 0.723504
-1.656737 -111.923297 -28.808491 3595.693058 0.602900 -0.625299 0.495492 0.275165 0.745927 0.606529 -0.748863 -0.229335 0.621779
-2.579624 -104.955554 -18.480902 -3915.838030 0.598062 -0.619980 0.507885 0.028862 0.649957 0.759423 -0.800930 -0.439524 0.406608
-3.838910 -108.034877 -657.708095 1470.431468 0.598990 -0.613112 0.515078 0.098322 0.694684 0.712563 -0.794697 -0.376174 0.476391
-5.501633 -237.055021 -60.165903 9178.126820 0.608863 -0.655626 0.446587 0.786970 0.428375 -0.444041 0.099818 0.621811 0.776780
-1.929470 -213.330594 364.486537 30670.791491 0.595042 -0.668788 0.445699 0.678775 0.121257 -0.724266 0.430336 0.733498 0.526110
-4.397574 -223.484144 141.322681 20085.408691 0.588282 -0.667661 0.456239 0.760917 0.266053 -0.591795 0.273735 0.695302 0.664548
10.946907 -38.425875 -8026.908722 840.540437 0.303539 0.132250 -0.943596 -0.231930 0.970789 0.061453 0.924160 0.200195 0.325345
-4.672535 -41.109331 -1250.377939 538.817661 0.202778 0.438101 -0.875756 -0.325963 0.873531 0.361513 0.923379 0.212157 0.319937
22.453998 -31.424199 -14519.462108 4986.136555 0.345710 0.110042 -0.931866 -0.334195 0.942418 -0.012694 0.876811 0.315814 0.362579
-8.930033 -44.402750 -290.107386 -97.376962 0.219816 0.379265 -0.898799 -0.227052 0.915921 0.330962 0.948751 0.131323 0.287447
19.456254 -57.399164 5236.231721 5814.829714 -0.530377 0.839664 -0.116900 -0.212182 -0.264981 -0.940619 0.820780 0.474078 -0.318701
20.102662 -74.965348 4748.565230 8571.569571 -0.516868 0.854335 -0.054395 -0.119638 -0.135005 -0.983596 0.847664 0.501881 -0.171991
9.961305 -68.245379 7248.860717 6164.854133 -0.562711 0.819142 -0.111192 -0.145593 -0.230612 -0.962092 0.813732 0.525191 -0.249029
16.894341 -48.162332 6227.784922 2006.019991 -0.544393 0.824807 -0.152741 -0.272245 -0.345962 -0.897883 0.793423 0.447217 -0.412889
20.326975 -46.520678 1635.856233 2331.088613 -0.487850 0.860052 -0.149375 -0.266444 -0.309663 -0.912752 0.831270 0.405486 -0.380225
-17.255650 -80.573606 2952.356842 -831.686535 -0.512265 0.244329 -0.823339 0.822742 -0.135361 -0.552063 -0.246333 -0.960198 -0.131679
-11.026181 -90.476571 2599.641796 -8084.889558 -0.546769 0.270664 -0.792329 0.819391 -0.021613 -0.572827 -0.172168 -0.962431 -0.209963
-25.054386 -75.496667 5691.204558 -11934.322848 -0.547876 0.237796 -0.802051 0.815622 -0.061322 -0.575327 -0.185994 -0.969378 -0.160354
-43.119866 -64.180840 6759.884593 -12048.224356 -0.674529 0.247083 -0.695673 0.701393 -0.079533 -0.708323 -0.230343 -0.965725 -0.119655
-49.427031 -131.708410 -8252.443040 3070.118426 0.827225 -0.183315 0.531125 0.550630 0.076355 -0.831250 -0.111827 -0.980084 -0.164102
8404.240857 -1101.830201 3694793.465231 541447.585075 0.918216 0.388459 -0.077326 -0.200430 0.287321 -0.936629 0.341625 -0.875526 -0.341682
15.999791 -110.179507 -3256.026450 26311.070486 0.878604 -0.352312 0.322385 0.336509 -0.022256 -0.941417 -0.338848 -0.935618 -0.099002
128.823051 -172.934549 -77860.725957 -32402.450781 0.292744 0.115146 -0.949232 0.955941 -0.057950 0.287783 -0.021871 -0.991657 -0.127038
19.819486 -43.419104 640.145081 1012.615663 0.421656 -0.274490 -0.864211 0.314261 0.938248 -0.144675 0.850556 -0.210585 0.481879
22.818761 -45.275147 -1061.725406 1452.998970 0.435285 -0.298383 -0.849408 0.392192 0.912098 -0.119424 0.810378 -0.281148 0.514047
21.629364 -43.788144 -1198.922480 1263.127411 0.455014 -0.332247 -0.826180 0.340172 0.922277 -0.183544 0.822949 -0.197529 0.532670
18.619442 -40.797248 -280.751239 1395.289994 0.440263 -0.315614 -0.840569 0.245150 0.942866 -0.225623 0.863754 -0.106733 0.492481
16.079938 -40.891054 2376.970882 722.227972 0.398305 -0.265313 -0.878044 0.227388 0.955934 -0.185700 0.888621 -0.125691 0.441083
36.379038 -38.787380 7390.825076 1682.359616 0.526179 -0.426350 -0.735772 0.192937 0.902524 -0.385000 0.828197 0.060621 0.557148
29.264436 -36.542628 5642.848364 1463.921413 0.490511 -0.432393 -0.756595 0.176305 0.899503 -0.399764 0.853414 0.062697 0.517449
29.171135 -39.964021 5165.048538 1767.799183 0.493912 -0.411826 -0.765800 0.222161 0.911262 -0.346766 0.840652 0.001141 0.541575
4.719341 -30.130680 2941.812637 -1259.884002 0.849345 -0.419206 -0.320748 -0.501268 -0.450226 -0.738936 -0.165358 -0.788393 0.592532
8.826534 -28.832418 4167.298529 -1620.970577 0.858699 -0.406540 -0.312026 -0.495463 -0.502978 -0.708188 -0.130964 -0.762718 0.633332
-2.062877 -32.288377 2465.643948 -1028.269659 0.750488 -0.483168 -0.450905 -0.638892 -0.355880 -0.682031 -0.169068 -0.799936 0.575776
-2.049988 -32.398129 1890.142733 -836.211596 0.800425 -0.456122 -0.388937 -0.562934 -0.349027 -0.749190 -0.205973 -0.818616 0.536136
-7.785959 -35.334752 930.492308 800.143704 0.680709 -0.521126 -0.514843 0.690455 0.221593 0.688599 -0.244761 -0.824211 0.510654
-8.797176 -36.290561 1776.833342 476.738553 0.633683 -0.544081 -0.549930 0.737729 0.211077 0.641251 -0.232815 -0.812048 0.535140
-43.381671 -67.432324 -4847.896673 3422.132311 -0.154997 0.982359 -0.104626 0.030018 -0.101174 -0.994416 0.987459 0.157272 0.013807
-49.434647 -74.224250 -3065.104179 3131.394566 -0.140384 0.937157 -0.319419 0.224468 -0.284089 -0.932152 0.964316 0.202559 0.170481
-39.502986 -67.784276 -5019.479843 2176.765431 -0.096494 0.993493 -0.060498 0.135592 -0.047094 -0.989645 0.986055 0.103698 0.130165
-12.655690 -34.371171 433.596546 132.041197 0.704753 -0.171179 -0.688492 -0.683016 0.098742 -0.723698 -0.191865 -0.980279 0.047330
-13.742264 -34.250375 360.114639 111.970592 0.691241 -0.189942 -0.697215 0.706350 -0.026016 0.707385 -0.152500 -0.981451 0.116182
-14.357964 -34.264857 762.301025 -500.633319 0.700761 -0.203460 -0.683768 -0.684729 0.077150 -0.724702 -0.200201 -0.976039 0.085252
-13.796118 -33.662795 1116.253339 146.184098 0.704448 -0.187156 -0.684636 -0.670833 0.139477 -0.728374 -0.231811 -0.972378 0.027296
-11.827087 -42.055458 -2105.363681 546.793378 0.769388 -0.416154 -0.484622 0.240971 -0.513528 0.823542 0.591588 0.750403 0.294821
-7.854124 -40.269736 -3844.978158 2391.713516 0.773561 -0.439741 -0.456323 0.138891 -0.584919 0.799112 0.618315 0.681541 0.391394
-17.449131 -46.325949 -2460.248933 2224.662281 0.792379 -0.531960 -0.298587 0.065979 -0.411858 0.908856 0.606451 0.739859 0.291249
-1.841917 -40.205978 -2525.505475 1202.452043 0.716576 -0.316180 -0.621731 0.318360 -0.644840 0.694858 0.620617 0.695853 0.361418
-18.384746 -44.472025 -1332.435163 4.258722 0.799842 -0.519610 -0.300429 0.141819 -0.322756 0.935797 0.583215 0.791097 0.184463
-7.180160 -40.740357 -1959.326298 -942.540594 0.688991 -0.265040 -0.674570 0.442848 -0.582837 0.681313 0.573739 0.768151 0.284197
-15.276924 -41.145732 -1795.541272 -302.569193 0.774053 -0.396660 -0.493460 0.309067 -0.443493 0.841304 0.552557 0.803726 0.220692
8.805178 -251.436693 3834.819328 57802.521106 -0.095602 0.774948 0.624753 0.606351 -0.452410 0.653959 -0.789429 -0.441340 0.426639
8.848306 -1250.122555 -3333.399153 564314.885756 -0.141474 0.765248 0.627997 0.508857 -0.487937 0.709212 -0.849146 -0.419896 0.320372
5.784856 -394.959553 3799.260699 120937.049181 -0.111417 0.737755 0.665811 0.349703 -0.598024 0.721162 -0.930212 -0.313186 0.191365
10.512740 -184.381413 855.542700 35990.505571 -0.120479 0.749411 0.651051 0.654377 -0.433221 0.619766 -0.746509 -0.500702 0.438204
14.235149 -145.751187 2639.344030 -1301.920138 -0.098506 0.761555 0.640570 0.729430 -0.382611 0.567046 -0.676926 -0.523109 0.517812
9.682376 -177.068904 2439.497861 28367.359517 -0.117550 0.792187 0.598851 0.670977 -0.381204 0.635982 -0.732101 -0.476575 0.486728
-8.034885 -49.786891 2845.744405 -9391.875352 0.726255 -0.051762 0.685474 0.596637 0.542740 -0.591149 0.341435 -0.838304 -0.425051
-13.086695 -88.296504 99.022362 -24858.466108 0.859316 0.054782 0.508503 0.397800 0.553311 -0.731849 0.321452 -0.831172 -0.453677
-10.927589 -92.468987 2827.384698 -28838.244921 0.840435 0.087066 0.534873 0.391981 0.583863 -0.710953 0.374193 -0.807170 -0.456571
-11.117628 -114.581264 2441.918626 -33980.033248 0.808839 0.084429 0.581937 0.426681 0.596707 -0.679620 0.404626 -0.798005 -0.446616
-12.457752 -81.955066 10539.086081 -15621.480238 0.774248 -0.495735 -0.393430 0.625959 0.508131 0.591589 0.093357 0.704308 -0.703729
-10.239644 -83.227593 2551.376078 -16241.330201 0.788457 -0.469031 -0.397927 0.602953 0.461482 0.650755 0.121588 0.753024 -0.646662
5.987669 -56.184144 -421.489592 -2276.925646 -0.547091 0.559243 0.622847 0.837032 0.358171 0.413631 0.008234 0.747637 -0.664057
-18.020846 -72.944666 -16295.644100 -1133.670107 -0.594096 0.601478 0.534111 0.804084 0.425632 0.415074 0.022323 0.676064 -0.736505
-0.206991 -61.926900 68.371647 3142.218187 0.298548 0.672377 0.677331 -0.788017 0.574039 -0.222505 0.538421 0.467320 -0.701223
-0.541172 -58.792226 311.598281 610.518011 0.311942 0.661764 0.681733 -0.789322 0.579891 -0.201733 0.528831 0.475178 -0.703238
0.069066 -57.091611 -22.524039 -1055.869197 0.299528 0.663399 0.685700 0.817038 -0.549478 0.174708 0.492679 0.507913 -0.706606
-0.797967 -65.025557 -130.959885 3640.213925 0.281709 0.683384 0.673518 -0.778566 0.573060 -0.255807 0.560780 0.452316 -0.693495
-0.365118 -62.242491 -593.556963 2646.197893 0.294041 0.676248 0.675447 -0.816243 0.545342 -0.190656 0.497280 0.495268 -0.712336
-21.442106 -38.488341 614.054474 2942.701858 -0.481330 -0.663716 -0.572541 0.764093 0.002360 -0.645102 0.429515 -0.747981 0.506005
-18.843352 -37.688159 341.621973 -924.113270 -0.417339 -0.643372 -0.641796 0.787500 0.096406 -0.608728 0.453511 -0.759460 0.466421
-20.816473 -41.527455 372.534041 -2494.920751 -0.413003 -0.664933 -0.622328 0.773232 0.105025 -0.625365 0.481186 -0.739482 0.470772
-22.115930 -38.372743 203.444616 -752.956839 -0.425298 -0.680810 -0.596338 0.780137 0.058257 -0.622891 0.458811 -0.730140 0.506348
-11.126558 -38.656483 -1147.302238 -2147.322084 0.473343 -0.564650 -0.676104 -0.129699 0.714494 -0.687515 0.871277 0.413120 0.264967
-7.798151 -38.670147 -1537.465929 -2425.401017 0.475557 -0.492100 -0.729166 -0.175238 0.759287 -0.626717 0.862054 0.425817 0.274850
-5.953522 -32.863286 -1539.991342 -2703.543523 0.473588 -0.471859 -0.743682 -0.127724 0.798657 -0.588076 0.871436 0.373492 0.317967
-35.762678 -69.439235 4984.096817 2301.461551 0.310698 0.690588 0.653112 -0.013828 -0.683762 0.729574 -0.950408 0.235708 0.202894
-30.503259 -69.187745 6561.149421 1614.721533 0.353828 0.638237 0.683710 0.172912 0.673761 -0.718434 -0.919188 0.372424 0.128037
-42.774465 -66.726986 -506.238199 283.693580 0.196925 0.613877 0.764445 0.178248 0.744301 -0.643618 -0.964079 0.263005 0.037149
-43.255387 -63.611899 -358.474862 1994.325961 0.193397 0.709543 0.677603 -0.004235 -0.690032 0.723767 -0.981111 0.142844 0.130445
-5.631821 -41.981845 -3541.890015 156.343646 -0.126464 0.680384 0.721862 -0.628351 -0.618038 0.472444 -0.767582 0.393836 -0.505680
-10.306079 -40.047674 -3490.191444 -954.322523 -0.078861 0.706522 0.703283 -0.698663 -0.542399 0.466554 -0.711091 0.454565 -0.536396
-1.405934 -39.560843 -4507.766685 -1607.320391 -0.094234 0.710893 0.696959 -0.729643 -0.525600 0.437455 -0.677305 0.467308 -0.568227
-0.326000 -32.827543 -5506.656654 -3265.555261 -0.043078 0.750075 0.659949 -0.804920 -0.417352 0.421807 -0.591818 0.513035 -0.621729
7.252744 -38.357385 -3909.299999 -2999.819157 -0.091962 0.704557 0.703664 -0.782169 -0.488437 0.386835 -0.616243 0.514810 -0.596000
6.127726 -42.211962 -4287.848363 -1592.333496 -0.133881 0.679184 0.721655 -0.722448 -0.565352 0.398052 -0.678339 0.468067 -0.566365
1.386037 -43.237923 -3358.789904 -46.017302 -0.139778 0.666045 0.732698 -0.653078 -0.618211 0.437385 -0.744279 0.417372 -0.521391
-7.971927 -20.342060 957.699314 4577.533279 0.489105 -0.193478 0.850495 -0.471606 0.761601 0.444468 -0.733733 -0.618490 0.281258
-9.347931 -23.820539 1285.377490 5154.601768 0.447269 -0.150629 0.881624 -0.516950 0.760854 0.392255 -0.729872 -0.631199 0.262439
-6.540387 -32.318642 710.235140 6936.930384 0.456164 -0.144186 0.878137 -0.535356 0.743783 0.400226 -0.710851 -0.652684 0.262096
-11.631722 -16.633335 1683.054858 2068.941855 0.385307 -0.065783 0.920441 -0.546096 0.787787 0.284904 -0.743853 -0.612425 0.267616
-4.919605 -29.165636 613.115954 6238.234976 0.525773 -0.217368 0.822383 -0.465907 0.735292 0.492216 -0.711684 -0.641948 0.285323
-2.874666 -22.989456 1092.500017 758.790179 0.875768 -0.472180 0.100378 0.144763 0.058521 -0.987734 -0.460514 -0.879557 -0.119605
-5.385967 -21.773500 1605.488007 473.152078 0.886474 -0.462368 0.019494 0.092255 0.135283 -0.986503 -0.453490 -0.876307 -0.162581
-1.586879 -21.531077 368.181087 880.633228 0.878086 -0.469879 0.090437 0.151918 0.094533 -0.983862 -0.453747 -0.877654 -0.154391
0.066866 -21.565200 293.724529 779.206477 0.869819 -0.473091 0.140000 0.191694 0.062598 -0.979456 -0.454608 -0.878787 -0.145138
5.872297 -57.617134 1551.389736 -1843.692991 -0.070817 0.100222 0.992442 -0.531070 0.838417 -0.122563 -0.844363 -0.535736 -0.006149
5.143884 -57.373978 2084.156045 -3255.601753 -0.080882 0.133920 0.987686 -0.565928 0.809540 -0.156109 -0.820478 -0.571585 0.010311
7.087262 -56.349900 1952.267396 -3096.958760 -0.070878 0.116948 0.990606 -0.651064 0.746962 -0.134768 -0.755706 -0.654500 0.023197
8.592922 -55.565156 528.494830 -3314.814741 -0.077578 0.061479 0.995089 -0.641423 0.761028 -0.097024 -0.763255 -0.645799 -0.019605
3.608286 -48.856335 -380.128180 118.091914 0.491144 -0.015625 -0.870938 0.136922 0.988795 0.059475 0.860250 -0.148461 0.487780
4.830931 -48.581213 -36.211909 835.119368 0.474669 -0.010504 -0.880101 0.082063 0.996101 0.032371 0.876330 -0.087590 0.473681
5.101706 -49.963309 -258.014372 396.437804 0.478259 -0.018741 -0.878019 0.179907 0.980660 0.077064 0.859594 -0.194819 0.472382
7.613020 -46.119881 1742.099367 5882.698719 0.496744 -0.090042 -0.863214 0.810134 -0.308679 0.498397 -0.311333 -0.946895 -0.080389
8.634715 -67.013126 2443.143818 11550.541882 0.494108 -0.053227 -0.867770 0.807292 -0.342393 0.480674 -0.322703 -0.938048 -0.126209
10.796953 -56.587395 2645.399802 12997.251689 0.488064 -0.068392 -0.870124 0.803980 -0.352801 0.478693 -0.339719 -0.933196 -0.117204
12.121756 -56.884073 285.409333 11037.632886 0.405837 -0.082950 -0.910173 0.828247 -0.387655 0.404637 -0.386398 -0.918065 -0.088622
-5.630857 -95.833453 679.854678 -149.689157 -0.610183 -0.232409 0.757406 0.770297 0.049510 0.635760 -0.185256 0.971357 0.148814
-5.118247 -82.885925 -1607.375661 -12005.042068 -0.576669 -0.214625 0.788283 0.734660 0.285859 0.615272 -0.357390 0.933928 -0.007169
-3.696551 -88.517161 2376.585598 -13064.239772 -0.599861 -0.262274 0.755897 0.703465 0.277216 0.654438 -0.381188 0.924318 0.018209
0.606899 -93.526016 6859.371266 -7996.544856 -0.598268 -0.313822 0.737287 0.734226 0.153811 0.661253 -0.320918 0.936941 0.138396
-6.127461 -95.351273 -710.727284 -6031.947618 0.386885 -0.212504 -0.897308 0.899794 0.299866 0.316941 0.201721 -0.930012 0.307223
-5.896498 -82.255084 -1636.383417 -3748.512629 0.348020 -0.235743 -0.907363 0.937361 0.071623 0.340917 -0.015380 -0.969173 0.245902
-9.394281 -82.821994 -3073.875820 -3731.913651 0.354124 -0.237056 -0.904655 0.931645 0.173665 0.319183 0.081443 -0.955848 0.282351
-12.254576 -88.451036 -3487.230392 -5961.559390 0.374117 -0.226188 -0.899375 0.902827 0.310518 0.297460 0.211990 -0.923265 0.320379
-7.456005 -41.906170 458.906669 -565.500349 0.460700 0.040972 -0.886610 0.349787 0.909706 0.223796 0.815723 -0.413228 0.404770
3.639962 -39.409596 5089.757404 -286.252486 0.379527 -0.091798 -0.920615 0.426537 0.900366 0.086063 0.820991 -0.425339 0.380868
-4.613079 -41.552421 2222.609111 -1126.608065 0.426710 -0.002382 -0.904385 0.307331 0.940868 0.142528 0.850568 -0.338764 0.402210
-8.962165 -43.230428 -689.381994 -677.182097 0.477204 0.060010 -0.876741 0.244941 0.949046 0.198279 0.843967 -0.309370 0.438190
-1.020934 -69.246856 1103.549666 6380.311942 0.091144 -0.094166 -0.991376 -0.559157 0.818934 -0.129193 0.824037 0.566110 0.021987
-4.365533 -67.011474 535.367109 3943.648677 0.101258 -0.078342 -0.991771 -0.632127 0.764725 -0.124946 0.768220 0.639577 0.027912
-0.599800 -81.316453 547.880608 9934.012863 0.075143 -0.073278 -0.994477 -0.526348 0.844132 -0.101971 0.846942 0.531103 0.024861
0.684153 -84.534254 1520.988814 9758.612960 0.077781 -0.090945 -0.992814 -0.442826 0.889055 -0.116133 0.893227 0.448677 0.028879
0.024128 -103.567931 2299.309927 10877.530066 0.069039 -0.103444 -0.992236 -0.309424 0.943338 -0.119876 0.948415 0.315298 0.033119
4.467568 -68.917278 993.999719 4445.486825 -0.176368 0.072077 0.981682 0.272441 0.961928 -0.021680 -0.945870 0.263627 -0.189290
3.011727 -61.198704 988.636609 4090.306949 -0.174461 0.047281 0.983528 0.330579 0.943685 0.013274 -0.927513 0.327449 -0.180267
2.341934 -73.306290 1379.584900 5297.511191 -0.165343 0.080569 0.982940 0.206235 0.977447 -0.045427 -0.964432 0.195206 -0.178230
21.828320 -43.531869 -3343.287488 -1614.135791 -0.443856 0.307646 0.841633 0.176834 0.950821 -0.254300 -0.878477 0.035957 -0.476430
15.288768 -45.016305 -5292.161105 -1186.188008 -0.492156 0.298124 0.817866 0.233810 0.950275 -0.205693 -0.838520 0.089992 -0.537388
20.496180 -46.564285 -1402.991847 -1394.600351 -0.421826 0.322760 0.847283 0.286483 0.934065 -0.213191 -0.860227 0.152803 -0.486478
18.726467 -48.814840 -949.745285 -1892.402930 -0.421864 0.329000 0.844861 0.360444 0.915895 -0.176681 -0.831932 0.229990 -0.504969
19.504750 -49.744474 2956.216316 -1826.264789 -0.360040 0.349344 0.865061 0.364434 0.906237 -0.214294 -0.858812 0.238104 -0.453594
20.279693 -47.984907 2627.466863 -1405.468248 -0.353013 0.345877 0.869340 0.304338 0.921080 -0.242880 -0.884738 0.178833 -0.430416
23.133113 -44.840081 2473.659265 -1967.141394 -0.367901 0.326560 0.870636 0.207217 0.941552 -0.265596 -0.906482 0.082698 -0.414067
16.472935 -73.190391 10858.736024 6738.060809 -0.203519 -0.129229 -0.970505 0.691721 0.682535 -0.235941 0.692894 -0.719337 -0.049519
30.686576 -87.022338 9456.912162 14599.478060 -0.195854 -0.200487 -0.959920 0.704317 0.652353 -0.279953 0.682333 -0.730918 0.013440
22.303418 -67.003758 7240.076937 -4236.257783 -0.163473 -0.172855 -0.971287 0.658588 0.713910 -0.237895 0.734532 -0.678568 -0.002865
15.608927 -105.675274 9990.447793 16151.026092 -0.191911 -0.136072 -0.971933 0.771856 0.590730 -0.235109 0.606142 -0.795313 -0.008339
0.721176 -92.629732 6837.687452 33.970962 -0.130383 -0.054673 -0.989955 0.711243 0.690478 -0.131809 0.690749 -0.721284 -0.051140
-1.195503 -148.251969 1017.428227 10662.253585 -0.072337 -0.253835 -0.964539 0.453967 0.852711 -0.258451 0.888077 -0.456565 0.053551
-3.751270 -142.890273 448.341765 9322.836034 -0.054063 -0.249120 -0.966962 0.521710 0.818646 -0.240078 0.851408 -0.517453 0.085710
-0.796077 -160.642478 1431.279124 10029.733484 -0.054155 -0.221356 -0.973688 0.668062 0.716699 -0.200089 0.742133 -0.661320 0.109067
-2.866296 -43.266759 687.994218 -3129.142718 0.806099 -0.398408 0.437579 0.505501 0.079116 -0.859191 -0.307689 -0.913790 -0.265171
7.438081 -52.338081 -405.153573 -3051.896819 0.748960 -0.410770 0.519930 0.623115 0.169750 -0.763487 -0.225359 -0.895797 -0.383093
6.414203 -52.465589 -814.512160 -4281.968752 0.830519 -0.405624 0.381716 0.487025 0.196312 -0.851039 -0.270267 -0.892710 -0.360590
-10.056594 -108.986166 450.615987 -1956.140078 0.070058 0.274749 0.958960 -0.094680 0.958814 -0.267790 -0.993040 -0.072034 0.093186
-9.576412 -107.404901 1463.293772 -2795.879103 0.102559 0.291968 0.950913 -0.044253 0.956347 -0.288863 -0.993742 -0.012456 0.111002
-8.877132 -107.756481 -705.951696 -821.528920 0.051899 0.301616 0.952016 0.135061 0.942422 -0.305939 -0.989477 0.144458 0.008174
29.402219 -35.942088 15276.247849 20997.074464 0.650628 0.044950 0.758065 -0.649416 0.550366 0.524743 0.393626 0.833713 -0.387275
5.360214 -10.746026 20582.413872 318.932691 0.690461 -0.198223 0.695681 -0.463530 0.617086 0.635881 0.555341 0.761520 -0.334191
40.626341 -0.473462 5784.504275 6410.844101 0.843069 -0.201773 0.498520 -0.326468 0.544617 0.772535 0.427379 0.814051 -0.393278
-849.119452 -15828.126519 -359878.118117 6918126.885983 -0.307784 0.182925 0.933706 0.235653 0.965425 -0.111459 -0.921812 0.185725 -0.340249
666.739532 -2260.285729 276327.162210 -786009.925009 -0.013544 0.311426 0.950174 0.475486 0.837950 -0.267866 -0.879619 0.448167 -0.159428
370.043335 -1473.798104 106363.477713 -662536.355738 -0.137763 0.435082 0.889790 -0.400467 0.797183 -0.451802 -0.905896 -0.418573 0.064413
14.688631 -45.921193 -3052.081544 129.788812 -0.450418 0.328212 0.830301 -0.368973 0.778418 -0.507862 -0.813008 -0.535110 -0.229512
13.817646 -45.946697 -1050.279547 -401.667593 -0.464586 0.329362 0.821998 -0.369590 0.771423 -0.517987 -0.804713 -0.544452 -0.236663
16.628710 -45.113685 -3947.752885 594.887411 -0.460561 0.308688 0.832223 -0.277819 0.840342 -0.465448 -0.843031 -0.445574 -0.301269
18.836516 -44.087465 -1779.322527 439.316622 -0.390590 0.304233 0.868840 -0.322739 0.838652 -0.438751 -0.862136 -0.451780 -0.229381
22.464723 -43.712311 -1503.462787 1311.073821 -0.381091 0.304391 0.872992 -0.236067 0.880912 -0.410203 -0.893892 -0.362410 -0.263851
23.186702 -43.167840 -4911.274772 1708.576446 -0.448030 0.290506 0.845503 -0.180972 0.896685 -0.403988 -0.875510 -0.334011 -0.349168
15.204609 -45.397757 -3431.531354 896.216352 -0.491743 0.311329 0.813181 -0.195329 0.870654 -0.451451 -0.848549 -0.380836 -0.367327
27.216976 -34.076676 8734.995206 -494.207795 -0.593276 -0.073708 0.801617 0.705488 0.431984 0.561851 -0.387699 0.898864 -0.204286
25.837893 -31.037040 7350.745937 631.772311 -0.599739 -0.037805 0.799302 0.689330 0.482864 0.540062 -0.406371 0.874879 -0.263532
37.247002 -29.131421 3689.005325 606.175406 -0.539696 0.105537 0.835219 0.777594 0.442680 0.446523 -0.322609 0.890447 -0.320977
0.030300 -44.626575 -2309.764008 1389.521967 -0.224467 -0.069785 0.971980 -0.524421 0.849333 -0.060129 -0.821338 -0.523224 -0.227244
-0.057454 -43.254870 -3081.937557 1904.409806 -0.281103 0.021985 0.959426 -0.477476 0.864011 -0.159695 -0.832465 -0.502993 -0.232378
5.168332 -41.063634 -2334.248497 1108.622312 -0.252727 -0.012476 0.967457 -0.427485 0.898465 -0.100085 -0.867978 -0.438867 -0.232400
3.568526 -43.112554 13.656254 424.863288 -0.194240 -0.078381 0.977818 -0.470404 0.882158 -0.022732 -0.860808 -0.464385 -0.208221
8.498734 -39.024318 714.390328 558.743527 -0.228088 -0.000931 0.973640 -0.361475 0.928609 -0.083793 -0.904053 -0.371058 -0.212141
7.213689 -38.421026 -966.817208 1560.828453 -0.276887 0.064176 0.958757 -0.342793 0.925521 -0.160949 -0.897678 -0.373220 -0.234266
3.316486 -44.540566 -2475.668335 -2627.045621 -0.522086 0.178933 -0.833912 0.622322 -0.588672 -0.515927 -0.583217 -0.788320 0.195984
0.942881 -42.040967 -1172.684055 317.814707 -0.410574 0.105104 -0.905749 0.714720 -0.579737 -0.391255 -0.566219 -0.807997 0.162905
7.359271 -37.483926 -2730.336054 7902.782551 -0.479729 0.139098 -0.866321 0.751422 -0.444648 -0.487497 -0.453017 -0.884839 0.108790
8.654308 -38.721743 1787.424233 2009.477208 0.609185 -0.286843 0.739334 0.576666 -0.479750 -0.661283 -0.544380 -0.829193 0.126844
-8.462551 -33.573456 1476.932564 266.451126 -0.565957 -0.061338 0.822150 -0.496979 0.821055 -0.280858 -0.657803 -0.567545 -0.495165
-6.393652 -32.709475 -717.990487 -154.689812 0.553075 0.069950 -0.830190 -0.551335 0.777796 -0.301766 -0.624610 -0.624612 -0.468745
-8.521916 -33.529075 547.732142 311.034274 -0.525225 -0.106979 0.844212 -0.514549 0.830085 -0.214938 -0.677774 -0.547279 -0.491028
-2.322314 -56.432540 262.303636 -3271.507292 0.436209 0.092403 -0.895089 -0.415643 0.902931 -0.109345 0.798100 0.419735 0.432273
-1.225204 -51.164110 -18.941529 64.717091 0.454705 0.064303 -0.888318 -0.344079 0.932637 -0.108614 0.821494 0.355039 0.446200
-1.351122 -54.587189 -115.374029 -2066.607066 0.457579 0.058610 -0.887235 -0.391777 0.909036 -0.142004 0.798206 0.412576 0.438918
-3.112902 -58.169737 -190.612568 -3442.734576 0.435532 0.092641 -0.895393 -0.486976 0.860818 -0.147808 0.757077 0.500410 0.420028
-2.282102 -93.473872 -965.629710 -2337.953579 -0.247423 0.006832 0.968883 0.570308 0.809425 0.139932 -0.783282 0.587184 -0.204167
-3.575040 -90.018254 884.318661 -1918.421489 -0.245244 -0.001810 0.969460 0.552003 0.821805 0.141174 -0.796962 0.569767 -0.200543
-3.491219 -87.319589 -638.695872 212.365398 -0.240233 0.037336 0.969997 0.413785 0.907866 0.067535 -0.878106 0.417594 -0.233549
-2927.817939 -10071.472195 337499.111944 -3789836.424100 0.990446 0.137748 -0.006484 -0.128190 0.937015 0.324916 -0.050833 0.320980 -0.945721
-2462.688071 -10902.599620 -1177803.348383 -8961369.051826 -0.383054 0.470687 0.794810 0.919178 0.279506 0.277468 -0.091553 0.836857 -0.539711
-1785.327867 -9235.097200 772900.880650 -6840482.674845 0.835705 -0.543516 -0.078662 0.281195 0.300457 0.911403 0.471727 0.783783 -0.403928
-812.155397 -1438.105089 -176403.533779 445217.192519 -0.525698 0.689374 -0.498403 -0.092162 -0.628600 -0.772249 0.845664 0.360036 -0.393988
-7.562795 -36.057051 355.682345 -13739.853312 -0.212719 -0.935050 0.283607 0.930124 -0.104846 0.351962 -0.299367 0.338658 0.892014
-9.468917 -96.607032 1034.266497 -38281.442570 -0.150800 -0.947645 0.281475 0.951018 -0.061342 0.302987 -0.269858 0.313378 0.910478
-13.795245 -119.225432 -1771.885897 -50713.157299 -0.052541 -0.937576 0.343789 0.958522 0.049225 0.280737 -0.280135 0.344279 0.896101
-11.516792 -41.815859 535.822621 -14826.603385 -0.133230 -0.936634 0.323986 0.946487 -0.023285 0.321901 -0.293959 0.349536 0.889614
-76.914526 -251.634238 20355.282665 9521.343218 0.156863 0.892366 -0.423175 0.877379 -0.322635 -0.355123 0.453431 0.315579 0.833553
-40.996646 -227.658554 9001.447243 -3054.702671 0.157266 0.862818 -0.480430 0.902947 -0.322647 -0.283876 0.399943 0.389159 0.829820
-72.199622 -381.073781 -15018.133492 -106510.718847 -0.222129 -0.881476 0.416724 0.974449 -0.186113 0.125742 -0.033281 0.434007 0.900295
-101.152727 -354.331162 -21426.976734 -90376.597063 -0.210175 -0.923997 0.319460 0.976204 -0.216189 0.016954 0.053398 0.315422 0.947448
2.635296 -69.831792 -256.758108 -3157.925966 0.458170 0.089196 -0.884378 -0.554823 0.806025 -0.206144 0.694443 0.585123 0.418784
2.050147 -69.348170 -789.816350 -1848.738785 0.450536 0.113440 -0.885522 -0.591664 0.780723 -0.201012 0.668545 0.614494 0.418862
4.072461 -72.906908 103.646721 4541.087512 -0.443072 -0.104974 0.890319 0.621072 -0.752127 0.220399 0.646496 0.650604 0.398443
-13.459473 -40.871020 3093.884158 1599.603634 -0.410314 0.134224 0.902013 0.783445 0.558127 0.273327 -0.466750 0.818828 -0.334164
-14.340547 -42.404870 2666.870821 -3263.860056 -0.444322 0.111782 0.888866 0.691420 0.673698 0.260900 -0.569663 0.730504 -0.376627
-12.714930 -37.585056 978.323570 996.028457 -0.384589 0.152780 0.910357 0.786185 0.571031 0.236299 -0.483740 0.806587 -0.339726
-12.082535 -39.554911 2885.709434 2911.720203 -0.366236 0.154734 0.917567 0.851119 0.454281 0.263106 -0.376122 0.877317 -0.298071
-45.374122 -74.775544 -412.065410 -2516.254527 0.036823 0.709541 0.703701 0.490889 0.600521 -0.631192 0.870444 -0.368681 0.326193
-40.049630 -72.386672 2910.822894 -2808.081547 0.201160 0.783883 0.587420 0.444228 0.461465 -0.767927 0.873038 -0.415425 0.255395
-39.219286 -66.791282 1090.372907 -5841.428019 0.326969 0.796866 0.508032 0.494159 0.314065 -0.810661 0.805543 -0.516109 0.291089
49.698232 -44.610019 2410.276711 -600.233964 0.298179 -0.896390 -0.327986 0.954228 0.271588 0.125256 -0.023201 -0.350322 0.936342
51.158361 -12.485729 13403.954976 -2964.080660 0.552237 -0.801685 -0.228772 0.830470 0.504905 0.235351 -0.073169 -0.319958 0.944602
28.043564 -45.233571 -7965.147797 -11378.706407 0.224558 -0.949355 -0.219769 0.963154 0.181977 0.198040 -0.148017 -0.256143 0.955239
6.831026 -101.850120 25802.107949 -48981.708407 0.238166 0.970633 0.033901 0.940973 -0.239251 0.239432 -0.240512 0.025125 0.970321
11.023490 -15.203195 -64.190777 2358.476430 -0.472579 0.016035 -0.881143 -0.208058 0.969542 0.129230 0.856377 0.244400 -0.454849
12.750325 -15.733142 763.537721 2544.110965 -0.521983 0.212115 -0.826160 -0.073088 0.953900 0.291090 0.849819 0.212327 -0.482417
14.106245 -20.161099 -2318.298131 2141.426950 -0.461967 0.122144 -0.878446 -0.127985 0.970923 0.202309 0.877614 0.205888 -0.432902
