13436
26862
-42.244850 -69.191831 -1849.718246 10331.623057 -0.015021 0.994683 0.101884 0.812539 0.071525 -0.578503 0.582714 -0.074095 0.809293
-45.565566 -74.727660 -638.518376 8650.709421 -0.010097 0.999293 0.036224 0.864517 0.026928 -0.501882 0.502503 -0.026249 0.864177
-35.386301 -87.124933 -4287.434938 8225.352309 -0.113049 0.977281 0.179284 0.897710 0.177797 -0.403118 0.425836 -0.115373 0.897415
-47.005184 -66.167118 668.848967 6649.437729 0.319847 0.912406 -0.255370 0.775278 -0.406970 -0.483031 0.544648 0.043487 0.837537
-24.903627 -86.263139 -5487.351215 13802.868962 -0.059739 0.965939 0.251781 0.831025 0.187863 -0.523550 0.553018 -0.177960 0.813942
-35.961868 -59.804063 -2878.289678 9537.655562 -0.004817 0.984840 0.173401 0.756260 0.117038 -0.643718 0.654253 -0.128036 0.745359
-38.646883 -50.431621 1022.133576 3500.985804 0.504224 0.759071 -0.411789 0.566222 -0.650637 -0.506028 0.652036 -0.021988 0.757869
-59.088227 -73.783638 320.905047 -4324.276051 -0.160534 0.912414 0.376471 -0.665367 0.181690 -0.724068 0.729051 0.366729 -0.577923
-56.219219 -75.246555 1871.268575 -2550.270880 -0.377233 0.885421 0.271525 -0.706960 -0.085918 -0.702015 0.598250 0.456781 -0.658368
-57.086065 -66.950548 3315.210812 -4438.569278 -0.305666 0.840242 0.447841 -0.629757 0.174364 -0.756970 0.714125 0.513411 -0.475851
-56.916491 -68.035367 -3448.247531 1630.644914 -0.103674 -0.620118 -0.777628 -0.584772 0.670438 -0.456678 0.804545 0.407390 -0.432134
-51.426052 -63.413784 -3809.354772 4247.037965 -0.126679 -0.399277 -0.908037 -0.591896 0.765009 -0.253810 0.795997 0.505311 -0.333241
-51.875909 -59.403848 3538.289303 -2581.718062 -0.297783 0.724067 0.622135 -0.642222 0.330232 -0.691735 0.706311 0.605536 -0.366675
-83.460091 -235.997417 -38929.018360 -78547.244902 0.601805 0.744594 -0.288809 0.237205 -0.511951 -0.825615 0.762604 -0.428353 0.484716
-57.608242 -146.828802 34295.406608 56454.785368 -0.022415 0.962753 0.269451 0.035378 0.270114 -0.962178 0.999123 0.012034 0.040115
-45.917637 -142.896119 29510.210409 -31953.671238 0.042578 0.992591 -0.113802 0.427001 -0.121057 -0.896111 0.903248 0.010439 0.428992
508.259223 -140.861539 243135.962650 14911.141712 -0.453912 0.446853 -0.770900 0.727307 0.685620 -0.030823 0.514771 -0.574672 -0.636210
382.782358 -208.105595 176898.238124 -47451.735788 -0.439196 0.713991 -0.545275 -0.749697 -0.625719 -0.215477 0.495037 -0.314154 -0.810090
740.853424 -364.007216 269495.755263 -92550.754059 -0.330822 0.727753 -0.600777 0.942107 0.291588 -0.165561 0.054691 -0.620767 -0.782085
477.202295 -145.983912 88918.742638 3478.776759 -0.211775 0.160924 -0.963979 0.852465 0.512803 -0.101670 0.477970 -0.843289 -0.245781
806.153436 -172.178811 124484.515080 -42973.242244 -0.291681 0.098105 -0.951471 0.935409 0.237068 -0.262313 0.199829 -0.966527 -0.160917
-2.445979 -43.075675 -536.493781 1247.708926 0.639270 0.750739 -0.166508 0.000628 -0.217039 -0.976163 0.768982 -0.623927 0.139218
-1.647684 -41.029826 -448.796338 -207.899053 0.639924 0.743611 -0.193752 -0.121836 -0.150766 -0.981033 0.758718 -0.651392 0.005880
-4.221593 -42.497560 -429.109030 1142.714313 0.635262 0.746916 -0.196364 -0.011757 -0.244877 -0.969483 0.772207 -0.618184 0.146780
-6.051915 -48.002552 -980.643777 1840.111512 0.645017 0.744538 -0.172091 0.125879 -0.325647 -0.937074 0.753729 -0.582767 0.303770
1.024422 -58.440866 444.795203 191.452524 0.431447 0.830248 -0.352904 -0.695743 0.555242 0.455684 -0.574278 -0.048927 -0.817197
2.182069 -54.525623 688.869070 51.450202 0.450964 0.812091 -0.370325 -0.671579 0.582023 0.458509 -0.587889 -0.041931 -0.807854
2.860295 -60.583726 472.341976 772.382611 0.473219 0.797370 -0.374520 -0.744366 0.589291 0.314095 -0.471151 -0.130144 -0.872398
2.415319 -65.495890 76.013752 889.785913 0.456967 0.812272 -0.362486 -0.764504 0.566971 0.306721 -0.454660 -0.136961 -0.880072
4.233416 -64.431858 367.480422 2059.943236 0.510546 0.766958 -0.388738 -0.778123 0.604481 0.170666 -0.365878 -0.215353 -0.905404
3.920281 -69.702671 68.508417 2401.675441 0.505472 0.776153 -0.376941 -0.792677 0.590273 0.152453 -0.340825 -0.221731 -0.913605
44.091380 -95.290125 1179.952265 4284.418542 0.208200 0.977938 0.017007 -0.244814 0.068939 -0.967116 0.946953 -0.197190 -0.253766
47.409546 -89.702282 525.373740 4084.072383 0.299624 0.951738 -0.066484 -0.225940 0.003081 -0.974136 0.926918 -0.306897 -0.215959
36.195529 -97.878469 1049.237187 169.248891 0.210281 0.976618 0.044717 -0.060065 0.058559 -0.996475 0.975794 -0.206854 -0.070974
31.546028 -106.397382 2900.957948 2037.657585 0.090311 0.987266 0.130958 -0.067528 0.137263 -0.988230 0.993622 -0.080404 -0.079064
23.353002 -107.021226 2315.534291 2394.350770 0.092686 0.984714 0.147472 0.129844 0.134891 -0.982316 0.987193 -0.110195 0.115357
27.094681 -99.576067 1248.456197 -2077.594852 0.192968 0.978575 0.071794 0.152595 0.042349 -0.987381 0.969267 -0.201489 0.141153
-7.317426 -142.541227 -452.489109 -2086.642584 -0.047046 0.869905 -0.490971 -0.819972 -0.314336 -0.478371 0.570467 -0.380077 -0.728086
-7.203927 -140.077458 201.919605 -5067.215081 -0.057340 0.880247 -0.471039 -0.700471 -0.371662 -0.609268 0.711373 -0.295014 -0.637899
-7.297966 -135.520296 -167.460775 -1640.357042 -0.054708 0.870464 -0.489182 -0.688120 -0.387869 -0.613228 0.723532 -0.303067 -0.620203
10.930060 -115.964610 3004.436173 67.987238 -0.170404 0.957036 -0.234617 0.409576 0.285349 0.866501 -0.896220 -0.051562 0.440603
9.904461 -115.741687 1107.024425 -1198.277267 -0.174430 0.958983 -0.223439 0.579307 0.283436 0.764243 -0.796227 -0.003868 0.604986
19.130804 -115.107390 2564.128897 1768.483281 -0.202557 0.944174 -0.259819 0.388849 0.321054 0.863551 -0.898759 -0.073887 0.432173
6.497576 -117.340082 184.177517 -1822.177123 -0.166144 0.961723 -0.217911 0.588782 0.274017 0.760428 -0.791032 0.001961 0.611771
21.255806 -118.922371 5562.968229 3771.918601 -0.181582 0.943812 -0.276129 0.205528 0.311020 0.927914 -0.961658 -0.111741 0.250455
10.052492 -121.914946 4616.961510 4931.897732 -0.156942 0.955671 -0.249125 0.234420 0.281089 0.930611 -0.959383 -0.087652 0.268143
4.783337 -119.203730 300.600109 1655.528946 -0.172587 0.957606 -0.230663 0.421437 0.283449 0.861422 -0.890283 -0.051461 0.452490
4.113253 -236.019387 2075.486676 -37415.670299 0.004502 0.954291 -0.298844 -0.670685 -0.218784 -0.708742 0.741729 -0.203621 -0.639044
-4.984449 -220.830397 285.134305 -35692.776143 -0.010059 0.953035 -0.302693 -0.662200 -0.233167 -0.712126 0.749259 -0.193280 -0.633445
2.332560 -230.584851 2221.482106 -14174.957782 0.024992 0.952984 -0.301989 -0.880041 -0.122331 -0.458871 0.474240 -0.277231 -0.835608
63.256585 -242.170140 23716.964228 -13900.949191 -0.061532 0.939788 -0.336174 -0.885942 -0.206552 -0.415264 0.459697 -0.272279 -0.845306
-28.528889 -51.425551 -3508.083352 -2228.655392 0.512224 0.776050 -0.367930 0.190324 0.315180 0.929752 -0.837498 0.546267 -0.013742
-29.045565 -46.662539 -4003.073650 -1515.658969 0.500706 0.723694 -0.474931 0.098696 0.497354 0.861915 -0.859972 0.478440 -0.177603
-18.540374 -51.859583 -1904.285765 -1966.509360 0.475406 0.806432 -0.351648 0.156531 0.315794 0.935827 -0.865729 0.499942 -0.023899
-19.492491 -58.159803 -1979.011860 -2066.281499 0.481350 0.823035 -0.301521 0.303065 0.166505 0.938311 -0.822468 0.543036 0.169286
-26.037853 -57.474809 -2165.934346 -1867.779663 0.539956 0.790543 -0.288946 0.311088 0.131545 0.941233 -0.782095 0.598112 0.174899
-11.231136 -227.920148 -730.348934 35794.641218 -0.148641 0.749636 -0.644943 0.852820 0.427329 0.300147 0.500604 -0.505406 -0.702823
-10.180846 -212.804193 4487.310795 -31632.636134 -0.160406 0.794549 -0.585630 -0.770953 -0.471345 -0.428328 0.616361 -0.382787 -0.688166
-11.909383 -194.223516 -731.469316 -29225.382764 -0.096437 0.769937 -0.630790 -0.711615 -0.496434 -0.497150 0.695920 -0.400936 -0.595773
14.183323 -132.662122 -10.478568 23640.185826 -0.107729 0.836523 -0.537238 0.322553 -0.481742 -0.814791 0.940401 0.261064 0.217926
15.489903 -192.283629 1452.599681 35762.438913 -0.168847 0.846022 -0.505706 0.527772 -0.355717 -0.771312 0.832435 0.397131 0.386445
15.469388 -150.642335 1280.376200 33899.980226 -0.132742 0.819141 -0.558021 0.250014 -0.517125 -0.818581 0.959100 0.248173 0.136152
-19.643599 -42.159481 -2144.099224 1185.575037 -0.402566 0.915377 -0.005042 0.637825 0.276544 -0.718820 0.656597 0.292589 0.695178
-25.927464 -44.343287 -3051.751704 1359.114374 -0.414776 0.908011 -0.058964 0.654018 0.252445 -0.713114 0.632631 0.334346 0.698564
-19.482527 -45.581869 -2494.797308 1706.589328 -0.343515 0.937408 -0.057128 0.746988 0.235854 -0.621596 0.569215 0.256202 0.781252
-11.990553 -42.894620 -1661.026571 1795.760691 -0.311978 0.949409 -0.035934 0.737367 0.218103 -0.639313 0.599133 0.225949 0.768106
-13.063059 -38.726804 -1068.976757 997.765296 -0.376416 0.926233 0.020110 0.632822 0.272908 -0.724608 0.676644 0.260028 0.688867
-31.275736 -126.197269 10709.017390 -26577.537363 0.072095 0.949637 0.304945 0.701089 -0.265714 0.661717 -0.709420 -0.166087 0.684937
-87.458220 -140.579984 29465.511207 -20696.646682 0.031971 0.964136 0.263477 0.734461 -0.201456 0.648061 -0.677898 -0.172794 0.714560
-38.066142 -124.838443 11882.245587 -3605.170722 0.066405 0.938546 0.338705 0.901799 -0.201729 0.382182 -0.427022 -0.280065 0.859776
-93.925244 -137.618854 32170.971102 723.496874 -0.009098 0.959008 0.283233 0.909828 -0.109580 0.400256 -0.414885 -0.261335 0.871535
-1.214020 -119.196568 6134.101044 -10660.321049 0.111584 0.922384 0.369808 0.862770 -0.274581 0.424539 -0.493130 -0.271687 0.826444
-153.668786 -6058.080295 -28486.311795 -2883751.440577 0.234180 0.641376 -0.730613 0.957374 -0.021424 0.288056 0.169100 -0.766927 -0.619054
-111.391432 -566.344029 -24916.047944 -227960.203913 0.382123 0.804133 0.455358 0.666821 0.101214 -0.738313 0.639790 -0.585769 0.497537
-43.457604 -188.772915 -6791.731725 13834.171685 0.294431 0.917857 -0.266175 0.073521 -0.299450 -0.951275 0.952840 -0.260515 0.155649
10.964402 -295.947069 21613.695581 -70834.039936 0.841380 -0.491219 -0.225352 0.021031 0.446419 -0.894577 -0.540034 -0.747940 -0.385939
178.625545 -9031.367348 48184.953919 5361796.743741 0.068838 0.954428 -0.290392 -0.828435 -0.107491 -0.549673 0.555839 -0.278410 -0.783283
7.999381 -40.729329 4503.485978 -824.558058 0.561969 -0.820297 -0.106318 0.826691 0.552674 0.105515 -0.027794 -0.147188 0.988718
6.508782 -38.165575 -2395.991061 -1628.814062 0.577715 -0.811307 -0.089592 0.810195 0.556641 0.183670 -0.099142 -0.178696 0.978897
10.459710 -37.622336 3696.082406 -2315.969121 0.565648 -0.817494 -0.108377 0.815565 0.535115 0.220241 -0.122052 -0.212968 0.969406
20.592085 -36.057617 7974.251980 -2507.153381 0.545852 -0.830380 -0.111872 0.825610 0.510274 0.240809 -0.142877 -0.223809 0.964104
15.360333 -40.248127 9697.859725 -1093.133137 0.559084 -0.819409 -0.126467 0.827733 0.542833 0.142093 -0.047782 -0.184123 0.981741
-0.365019 -213.406147 123.767591 -11953.796600 0.201140 0.971746 0.123500 0.979076 -0.195461 -0.056623 -0.030884 0.132305 -0.990728
-1.041447 -242.494673 318.684816 46028.605596 0.196334 0.972182 0.127729 -0.965793 0.169229 0.196485 -0.169403 0.161936 -0.972152
0.617953 -182.741006 -241.160154 20814.603422 0.144716 0.982379 0.118274 -0.952068 0.105692 0.287046 -0.269487 0.154145 -0.950587
26.840894 -122.778989 -1765.746094 -15384.001914 0.288972 0.948379 -0.130658 0.471819 -0.259840 -0.842538 0.832996 -0.181823 0.522550
24.332032 -95.626681 -3039.796670 -6371.941050 0.275357 0.946057 -0.170749 0.336752 -0.261283 -0.904616 0.900432 -0.191592 0.390532
18.080450 -110.391908 -103.376393 -1658.066952 0.251920 0.966200 -0.054711 0.221424 -0.112582 -0.968657 0.942076 -0.231910 0.242302
42.662125 -96.188922 -4948.664260 -7898.990304 0.302854 0.889301 -0.342670 0.500794 -0.454412 -0.736692 0.810855 -0.051503 0.582977
50.562061 -112.669698 -6475.234736 -1275.810326 0.362550 0.900060 -0.241764 0.580856 -0.421093 -0.696626 0.728810 -0.112131 0.675472
50.715206 -3692.831315 -25.711385 -1222435.980080 0.216099 0.957851 0.189271 0.961102 -0.174535 -0.214056 -0.172000 0.228166 -0.958309
80.293597 -2476.881819 53641.321298 790903.905398 0.081364 0.936612 0.340789 -0.901879 -0.076359 0.425187 -0.424257 0.341945 -0.838498
54.532455 -746.427090 -6364.406396 208649.665720 0.276366 0.953941 0.116701 -0.751500 0.138815 0.644964 -0.599057 0.265947 -0.755250
32.954813 -416.106274 -8680.041350 129426.898981 0.249392 0.963432 0.097997 -0.825823 0.158729 0.541129 -0.505786 0.215881 -0.835210
14.680553 -213.408074 -2496.258705 83367.391936 0.178926 0.971678 0.154359 -0.746266 0.031795 0.664888 -0.641149 0.234158 -0.730820
10.585686 -159.711460 -1538.779895 42529.756057 0.178015 0.970606 0.161972 -0.732534 0.020806 0.680413 -0.657043 0.239773 -0.714705
-14.809096 -43.662695 3085.280442 -2281.101702 0.153546 0.881116 -0.447278 -0.169761 0.469438 0.866493 -0.973450 0.057116 -0.221659
-16.206951 -58.970279 1628.715227 -10412.616674 0.111979 0.983882 -0.139420 -0.106231 0.151351 0.982755 -0.988016 0.095237 -0.121467
-7.700730 -36.625235 3382.662177 -3346.914015 0.182933 0.875500 -0.447253 -0.130251 0.472503 0.871651 -0.974459 0.101199 -0.200471
4.343753 -42.253138 -5795.291696 5785.299096 -0.222125 -0.688690 0.690193 -0.126467 0.722248 0.679974 -0.966781 0.063753 -0.247526
6.193033 -23.997640 -5977.039947 1040.270804 -0.239232 -0.642094 0.728343 -0.061535 0.758643 0.648594 -0.969010 0.110346 -0.221003
0.821794 -28.507848 4134.848785 -5034.319087 0.211507 0.895411 -0.391796 -0.091220 0.417200 0.904225 -0.973110 0.155511 -0.169920
30.665553 -74.124287 -12500.022970 -2370.431985 -0.290044 0.708699 0.643132 0.550170 -0.426394 0.717984 -0.783063 -0.562079 0.266232
6.620703 -73.237350 -4987.625727 -3554.065017 -0.278656 0.712989 0.643426 0.508771 -0.458638 0.728563 -0.814557 -0.530375 0.234946
25.241814 -67.722570 -17285.251584 -10960.235540 -0.311190 0.675762 0.668211 0.407500 -0.540323 0.736203 -0.858548 -0.501395 0.107230
48.214600 -68.388814 -18554.040450 -12891.877608 -0.270901 0.692213 0.668920 0.401617 -0.550257 0.732066 -0.874823 -0.466967 0.128940
49.826409 -66.618655 -13097.917451 1860.041287 -0.264494 0.737343 0.621586 0.567208 -0.402332 0.718613 -0.779948 -0.542637 0.311812
7.574114 -48.086252 -3906.768690 668.081514 -0.513328 0.786136 0.344217 0.843738 0.535613 0.035004 -0.156849 0.308398 -0.938237
16.580041 -48.674368 -7011.591294 345.904498 -0.500453 0.791314 0.351238 0.850224 0.525729 0.026993 -0.163296 0.312140 -0.935897
9.360505 -49.769925 -5243.712359 -807.081474 -0.519094 0.785632 0.336635 -0.816765 -0.572011 0.075487 -0.251863 0.235767 -0.938605
4.806410 -49.442492 869.357078 1099.232033 -0.515666 0.776993 0.361069 0.816542 0.573317 -0.067579 -0.259515 0.259980 -0.930087
5.137045 -62.544588 -186.519925 -942.732919 -0.269578 0.955588 -0.119081 -0.604911 -0.264257 -0.751167 0.749274 0.130464 -0.649283
14.677198 -59.168744 792.763503 -1378.771361 -0.265155 0.960487 -0.084602 -0.442529 -0.199181 -0.874354 0.856657 0.194400 -0.477857
6.527099 -64.031660 -467.258957 -1135.857412 -0.334097 0.924664 -0.182689 -0.558324 -0.350313 -0.752034 0.759378 0.149253 -0.633300
1.312780 -65.708965 -682.247206 -30.994574 -0.342768 0.919328 -0.193251 -0.709462 -0.388167 -0.588209 0.615771 0.064515 -0.785279
-0.964067 -63.934607 -435.366148 155.106867 -0.303498 0.940530 -0.152616 -0.746288 -0.334224 -0.575629 0.592404 0.060807 -0.803343
3.960130 -55.330833 -422.780722 -8.627858 0.583038 -0.805591 -0.105310 0.812352 0.580014 0.060568 0.012288 -0.120862 0.992593
3.602714 -57.204808 -308.522304 56.226996 0.602328 -0.793147 -0.090105 0.797665 0.602358 0.029931 0.030536 -0.089901 0.995482
4.893589 -56.432848 133.228219 -53.274193 -0.560396 0.820719 0.111249 0.816148 0.570075 -0.094425 0.140917 -0.037880 0.989296
4.747747 -53.663763 -67.941754 -88.204863 -0.550082 0.824382 0.133433 0.824495 0.561507 -0.070124 0.132733 -0.071441 0.988574
4.082226 -53.025099 -57.798157 -81.869119 0.571387 -0.809764 -0.133413 0.820638 0.565427 0.082741 0.008435 -0.156761 0.987601
12.354557 -105.920434 638.411790 1705.834019 -0.619278 0.780511 0.085431 -0.266182 -0.106334 -0.958040 0.738676 0.616033 -0.273608
12.310291 -98.044864 1127.737298 3258.556405 -0.616002 0.779483 0.113791 -0.415393 -0.198688 -0.887678 0.669321 0.594079 -0.446184
14.316228 -104.616886 -1443.724671 7025.778648 -0.555997 0.828402 0.067945 -0.420111 -0.209547 -0.882948 0.717198 0.519461 -0.464529
8.970596 -97.913965 2706.187196 2188.871322 -0.674619 0.730241 0.107874 -0.285365 -0.123222 -0.950465 0.680776 0.671985 -0.291513
9.713129 -98.209622 2746.090809 326.143209 -0.686605 0.723578 0.070767 -0.131839 -0.028193 -0.990870 0.714977 0.689667 -0.114753
-9.803243 -75.590850 -1127.302533 -8927.827503 0.653051 -0.749614 -0.107719 0.740507 0.602264 0.298207 -0.158665 -0.274512 0.948403
-5.780994 -63.966517 -1606.746094 7120.295718 0.697254 -0.714833 -0.053382 -0.687074 -0.645230 -0.334078 -0.204367 -0.269614 0.941033
-7.096580 -56.711365 -833.273430 8317.958010 0.697250 -0.709616 -0.101429 -0.661177 -0.581984 -0.473434 -0.276926 -0.397164 0.874970
-9.331052 -79.488028 641.408510 -10031.927382 0.619486 -0.765446 -0.174153 0.769633 0.548526 0.326778 -0.154603 -0.336469 0.928917
-5.764305 -60.630750 557.131291 -10574.451940 0.659361 -0.733633 -0.164395 0.700632 0.520287 0.488279 -0.272685 -0.437132 0.857064
-4.680794 -46.952640 35.722082 5165.524474 0.738025 -0.667135 -0.101243 -0.582432 -0.554054 -0.594808 -0.340723 -0.497950 0.797467
-5.608963 -45.940585 -264.476407 3482.643952 0.734457 -0.672987 -0.087535 -0.588005 -0.566635 -0.577213 -0.338856 -0.475409 0.811888
-8.663594 -26.996661 -614.780818 -2440.508628 -0.386326 0.883019 0.266513 -0.671367 -0.071071 -0.737710 0.632470 0.463925 -0.620286
-11.390155 -25.368118 -1006.068415 -2303.569679 -0.401956 0.871931 0.279585 -0.656598 -0.061650 -0.751717 0.638208 0.485732 -0.597289
-9.021907 -21.223138 -473.089930 -2096.903310 -0.387359 0.882602 0.266395 -0.623014 -0.037609 -0.781306 0.679564 0.468614 -0.564441
-10.972145 -32.670766 -861.165440 -2659.358976 -0.385540 0.876207 0.289170 -0.717366 -0.087543 -0.691175 0.580298 0.473916 -0.662312
-7.019149 -25.763192 -332.527275 -2276.286637 -0.370695 0.891645 0.259913 -0.662080 -0.057439 -0.747229 0.651334 0.449077 -0.611632
-8.143686 -33.175370 -864.756708 -2584.052447 -0.391886 0.888600 0.238361 -0.705452 -0.123924 -0.697839 0.590561 0.441626 -0.675429
14.523128 -42.987028 -4680.772739 -236.378964 -0.490337 0.825964 0.278123 0.173304 -0.220342 0.959904 -0.854128 -0.518876 0.035101
15.765773 -39.093339 -4999.444164 2479.401817 -0.490356 0.832179 0.258900 0.259665 -0.144071 0.954891 -0.831941 -0.535464 0.145441
7.776028 -43.285178 -4609.568543 825.974778 -0.498669 0.822331 0.274046 0.198225 -0.199593 0.959620 -0.843822 -0.532855 0.063476
6.817211 -42.882086 -4029.075495 -1073.463900 -0.497156 0.821798 0.278359 0.114200 -0.256048 0.959895 -0.860113 -0.509006 -0.033447
0.432266 -43.204862 -2853.735276 662.776616 -0.498755 0.830733 0.247238 0.180687 -0.179328 0.967054 -0.847700 -0.526995 0.060662
10.476131 -52.612263 -1760.389643 331.228832 -0.463272 0.854338 0.235552 -0.778527 -0.519328 0.352413 -0.423409 0.020120 -0.905715
4.213621 -53.436147 -4332.014987 711.251892 -0.448841 0.872242 0.194256 -0.785399 -0.488746 0.379837 -0.426252 -0.017918 -0.904427
12.412172 -52.767721 -3691.422834 -196.197585 -0.470330 0.854966 0.218684 -0.829124 -0.512972 0.222291 -0.302230 0.076766 -0.950139
14.087778 -51.817276 -83.164047 -385.244596 -0.480505 0.833679 0.272203 -0.817598 -0.538120 0.204844 -0.317252 0.124124 -0.940183
16.847906 -50.249866 -1223.639764 -1150.749229 -0.486661 0.833833 0.260545 -0.851241 -0.519660 0.073094 -0.196343 0.186214 -0.962691
12.912954 -51.304703 -4943.884254 -1204.619723 -0.474421 0.855988 0.205449 -0.862895 -0.498377 0.083862 -0.174176 0.137496 -0.975068
-11.065213 -206.971030 -2220.637982 6946.312989 0.842135 0.499282 0.203781 -0.015933 -0.354683 0.934851 -0.539032 0.790517 0.290736
-15.259852 -217.481760 -679.693337 5508.316105 0.866477 0.464266 0.183509 -0.091275 -0.214065 0.972546 -0.490802 0.859438 0.143107
-9.295418 -197.849548 -580.862880 -7794.792149 0.857945 0.467514 0.212981 -0.213565 -0.052489 0.975518 -0.467247 0.882426 -0.054812
-5.178803 -176.992576 -20.063731 -9160.941963 0.852069 0.473206 0.223730 -0.214576 -0.074082 0.973894 -0.477426 0.877832 -0.038416
-6.879697 -196.135415 -792.786460 3127.075623 0.845313 0.489356 0.214421 -0.048581 -0.329269 0.942985 -0.532058 0.807535 0.254562
-10.496876 -182.932662 2034.172466 -6192.028616 0.861462 0.478968 0.168738 0.387653 -0.405603 -0.827775 0.328038 -0.778509 0.535085
-13.614932 -190.895996 2313.090616 -9383.163386 0.849697 0.491324 0.191353 0.410847 -0.389476 -0.824326 0.330484 -0.779044 0.532796
-7.630730 -179.587361 3525.786465 3153.472279 0.865497 0.483831 0.129706 0.233714 -0.161021 -0.958880 0.443050 -0.860221 0.252441
-7.232418 -160.315443 4090.654607 -2818.105842 0.867473 0.484891 0.111227 0.271984 -0.275050 -0.922156 0.416552 -0.830198 0.370481
-3.690442 -155.318620 4317.785113 5919.061367 0.880622 0.469950 0.060427 0.113086 -0.084616 -0.989976 0.460126 -0.878628 0.127659
-9.560435 -177.695341 -3108.090978 13287.775308 0.891173 0.426210 0.155420 0.182958 -0.024159 -0.982824 0.415135 -0.904302 0.099509
-0.745291 -164.009871 1562.493408 18118.350269 0.883548 0.458838 0.093864 0.057559 0.092514 -0.994046 0.464790 -0.883691 -0.055330
-1350.224729 -12055.501097 315421.686490 -20411153.783758 0.683381 0.729520 0.028119 -0.597009 0.536253 0.596668 -0.420202 0.424538 -0.801996
16646.293937 -56873.489830 -14044486.378410 -295710205.347410 0.652370 0.439693 0.617319 0.015668 0.806514 -0.591007 -0.757739 0.395228 0.519256
-2364.956973 -3225.312387 592501.827513 1706934.714250 0.729991 0.596428 0.333747 -0.330671 -0.119152 0.936194 -0.598139 0.793773 -0.110242
-884.832286 -53435.183784 217319.636691 65269.847460 0.657483 0.694292 0.292703 -0.092413 0.459847 -0.883177 0.747781 -0.553624 -0.366503
-7.139899 -36.609781 -1392.465149 -1882.944496 -0.733493 0.545049 -0.406091 -0.011583 0.587349 0.809251 0.679598 0.598284 -0.424503
-11.436469 -37.901874 -1425.834439 -85.807762 -0.737369 0.635459 -0.229082 -0.108791 -0.446427 -0.888182 0.666671 0.629997 -0.398313
-5.806932 -32.184166 1126.239889 5878.870199 0.746004 -0.581605 0.324367 -0.067772 0.418247 0.905802 0.662484 0.697714 -0.272597
-2.735023 -37.594601 -1516.530960 2742.435520 -0.711918 0.477400 -0.515036 -0.193174 0.571977 0.797199 0.675171 0.667032 -0.314980
-5.501038 -36.031282 -1271.052710 -3740.830244 -0.702477 0.440367 -0.559110 -0.129348 0.693511 0.708740 0.699854 0.570193 -0.430215
-3912.680760 -33987.729641 2515891.951928 28421613.709796 0.322151 0.375810 0.868899 0.684812 0.541210 -0.487980 -0.653645 0.752236 -0.083008
-602.658727 -2157.664623 386337.871384 -1048885.444692 0.623837 0.781410 0.015041 -0.530698 0.409397 0.742127 -0.573748 0.470949 -0.670090
-1292.421268 -5589.002013 829957.443174 1729040.658446 0.552933 0.801132 0.229025 -0.215820 -0.127782 0.968036 -0.804790 0.584687 -0.102245
3.875392 -363.317217 -512.249770 137092.218044 0.767691 0.182569 0.614263 -0.490029 0.784941 0.379129 0.412943 0.592060 -0.692057
-6.584598 -218.632724 -7360.533339 94756.406393 0.806906 0.199086 0.556118 -0.447742 0.820228 0.356022 0.385265 0.536274 -0.750987
19.908735 -1014.061144 -7.883482 373802.204298 -0.812712 -0.075808 -0.577713 -0.293373 0.909891 0.293312 0.503420 0.407863 -0.761719
-45.138696 -1296.722751 -16.116304 502748.934449 -0.840584 -0.059161 -0.538440 -0.278870 0.899432 0.336532 0.464381 0.433039 -0.772546
-7.145305 -442.724923 4291.485311 121712.459238 -0.829640 0.031898 -0.557387 0.015281 0.999290 0.034441 0.558090 0.020056 -0.829538
3.035744 -393.755140 1740.489306 68523.393563 -0.781238 -0.008052 -0.624182 0.109619 0.982609 -0.149877 0.614534 -0.185512 -0.766768
-52.650744 -77.717851 -333.765317 4155.303511 -0.010487 0.999936 -0.004253 0.928033 0.008149 -0.372410 0.372351 0.007853 0.928059
-57.367915 -77.975615 -245.042034 2511.108309 -0.136022 0.953299 0.269663 -0.809466 0.049992 -0.585035 0.571195 0.297861 -0.764863
-54.985185 -75.639206 -131.694515 4609.298692 -0.327362 0.918105 0.223424 -0.845643 -0.179172 -0.502777 0.421570 0.353527 -0.835043
-53.327090 -75.930396 766.039730 1077.289262 -0.495462 0.824301 0.273945 0.727624 0.221601 0.649196 0.474426 0.520981 -0.709576
-52.150390 -152.744776 14706.473081 58007.688409 0.223150 0.974772 -0.004833 -0.093691 0.016512 -0.995464 0.970271 -0.222591 -0.095012
-65.457176 -313.810583 17148.859781 135372.452906 0.093800 0.932833 0.347884 -0.381204 0.356447 -0.853012 0.919720 0.052602 -0.389034
122.598133 -158.467831 38759.010579 31470.024333 -0.257094 0.633284 -0.729969 0.514849 0.728994 0.451109 0.817823 -0.259846 -0.513465
70.597477 -223.107899 16139.722376 -59541.083360 -0.179096 0.858062 -0.481305 -0.617540 -0.478882 -0.623953 0.765878 -0.185477 -0.615653
73.147404 -247.943537 34571.488119 -37846.746738 -0.130424 0.927375 -0.350664 -0.832814 -0.294384 -0.468784 0.537968 -0.230898 -0.810726
-0.580489 -41.688891 -438.037338 246.926183 0.643194 0.741362 -0.191530 -0.120541 -0.148980 -0.981466 0.756156 -0.654360 0.006459
-0.914502 -43.167115 -447.062357 -1162.829936 0.637454 0.733448 -0.236020 -0.247385 -0.095275 -0.964222 0.729694 -0.673035 -0.120711
-0.477443 -42.924773 74.822419 -1255.695835 0.626183 0.742480 -0.237946 -0.257224 -0.091370 -0.962023 0.736023 -0.663608 -0.133769
0.248499 -53.857928 483.572921 205.807833 0.416956 0.840331 -0.346398 -0.596068 0.540514 0.593757 -0.686185 0.041094 -0.726265
1.937761 -50.895314 677.144212 -24.611707 0.434935 0.821304 -0.369177 -0.571272 0.568589 0.591907 -0.696046 0.046541 -0.716487
3.216790 -60.430214 230.720647 3393.274528 0.321979 0.915847 -0.239904 -0.532538 0.384710 0.753924 -0.782773 0.114990 -0.611592
2.232748 -56.977225 -550.466238 -941.186556 0.312694 0.911694 -0.266527 -0.436131 0.387078 0.812379 -0.843808 0.137786 -0.518655
3.571954 -59.236776 -1275.827344 2827.817958 0.314177 0.908197 -0.276535 -0.527245 0.409151 0.744720 -0.789497 0.088172 -0.607388
-3.946751 -23.503559 -2908.372322 1765.103871 0.059489 0.761401 0.645546 -0.483638 0.587706 -0.648611 0.873244 0.273626 -0.403205
-0.617790 -18.216658 -2340.388061 1057.678972 0.117210 0.687661 0.716509 -0.515360 0.658849 -0.548017 0.848921 0.305027 -0.431616
-7.683929 -22.639803 -2939.445933 802.873015 0.108957 0.690435 0.715142 -0.516396 0.654047 -0.552773 0.849390 0.309068 -0.427801
1.284298 -21.713976 -1726.406475 1944.721501 0.066622 0.739874 0.669439 -0.478802 0.612340 -0.629117 0.875391 0.278615 -0.395049
-13.078356 -27.613451 -2746.433722 2155.052681 -0.019187 0.819264 0.573096 -0.479773 0.495351 -0.724186 0.877183 0.288851 -0.383556
-10.084353 -29.692680 -2434.221372 2586.065649 -0.029175 0.848335 0.528656 -0.430819 0.466564 -0.772472 0.901967 0.250292 -0.351866
-3.269977 -27.976478 -2335.799867 2609.119409 0.027328 0.796966 0.603406 -0.430125 0.554268 -0.712586 0.902355 0.240066 -0.357942
7.943951 -119.989286 827.452256 -1440.298513 -0.149442 0.965557 -0.212994 0.747266 0.251355 0.615154 -0.647503 0.067233 0.759091
-0.397864 -172.809228 -587.852063 -31208.365446 -0.045443 0.936437 -0.347879 -0.390744 -0.337156 -0.856531 0.919377 -0.097009 -0.381229
-3.346670 -161.702130 1867.209622 -27026.759814 -0.071647 0.942847 -0.325433 -0.418242 -0.324601 -0.848356 0.905506 -0.075328 -0.417595
-5.437585 -201.933315 1893.894878 -30149.103646 -0.025533 0.952504 -0.303453 -0.659363 -0.244207 -0.711058 0.751391 -0.181930 -0.634281
-16.659588 -47.772229 -1247.982120 -614.373847 0.487051 0.764213 -0.422799 0.047023 0.460451 0.886439 -0.872107 0.451622 -0.188328
-0.695726 -108.675576 -906.093818 -7795.353291 -0.252059 0.784878 -0.566068 -0.003358 0.584242 0.811572 -0.967706 -0.206465 0.144628
-0.304632 -112.734722 -742.345508 4539.663496 -0.261136 0.768258 -0.584455 -0.130242 0.571886 0.809928 -0.956475 -0.287623 0.049280
0.515574 -126.592202 -1020.494734 -4924.539838 -0.245530 0.784652 -0.569242 -0.015723 0.583916 0.811661 -0.969262 -0.208238 0.131032
-1.239498 -113.946828 682.395838 -548.504902 -0.233634 0.792958 -0.562702 -0.074989 0.562300 0.823526 -0.969429 -0.234600 0.071909
-1.285839 -130.166203 -542.158775 -4357.592855 -0.238852 0.812365 -0.531990 0.085023 0.563238 0.821909 -0.967327 -0.151083 0.203600
-29.534023 -46.285940 -1635.631170 1003.358406 -0.412972 0.892704 -0.180372 0.716022 0.195856 -0.670039 0.562820 0.405858 0.720079
-28.373046 -43.910372 -1597.004016 705.504839 -0.494533 0.863758 -0.096741 0.581125 0.245826 -0.775798 0.646321 0.439877 0.623521
-26.388728 -47.222220 -3226.983646 1451.326823 -0.355185 0.928337 -0.109696 0.767135 0.222410 -0.601696 0.534179 0.297865 0.791157
-28.734309 -46.820833 1188.591644 615.678824 -0.460143 0.851320 -0.252037 0.710060 0.182446 -0.680094 0.532994 0.491902 0.688440
-29.997618 -47.917270 -1182.577875 533.749405 0.412763 -0.869920 0.269936 0.798679 0.203203 -0.566410 0.437879 0.449385 0.778662
-30.182241 -48.000785 -1817.232690 894.027465 -0.364014 0.909246 -0.201903 0.808311 0.200700 -0.553491 0.462738 0.364679 0.808011
-54.424573 -190.865589 2777.989085 33032.926570 -0.032317 0.999400 0.012443 0.849299 0.034022 -0.526814 0.526921 0.006457 0.849890
-29.091351 -184.378321 4011.981445 23636.200136 -0.171809 0.982204 -0.075876 0.953952 0.146653 -0.261667 0.245883 0.117339 0.962171
-45.248629 -154.871288 -48966.045236 24372.792518 0.669239 0.705702 -0.232602 0.611400 -0.700889 -0.367348 0.422266 -0.103630 0.900529
-96.620157 -335.787282 -1037.931961 30955.474337 0.031832 0.998923 0.033759 0.727285 0.000019 -0.686335 0.685597 -0.046400 0.726501
-51.500708 -123.159688 1226.174669 18476.145406 0.206060 0.952759 -0.223135 0.655541 -0.303703 -0.691398 0.726502 0.003805 0.687154
7.511298 -41.813254 -6503.394576 -839.024102 0.556560 -0.826886 -0.080628 0.830561 0.551405 0.078238 -0.020236 -0.110511 0.993669
1.907088 -43.048296 -1559.602424 4391.864286 0.728984 -0.167062 0.663832 -0.566876 0.396265 0.722237 0.383712 0.902809 -0.194167
2.166856 -38.745864 801.306358 6970.997230 0.706917 -0.167973 0.687062 -0.598662 0.375203 0.707691 0.376660 0.911596 -0.164678
0.843044 -32.229451 -1487.034248 9977.319742 0.805786 -0.201930 0.556716 -0.494073 0.289055 0.819963 0.326497 0.935773 -0.133148
-13.925825 -35.185786 440.270956 -201.771651 -0.512901 0.730483 0.450919 -0.069810 0.488040 -0.870025 0.855604 0.477715 0.199321
-14.285251 -34.759984 586.348334 298.826410 -0.504366 0.725588 0.468122 -0.158143 0.455338 -0.876161 0.848885 0.515936 0.114910
-13.798701 -35.367499 -288.098022 118.491768 -0.538462 0.715037 0.445848 -0.105601 0.467670 -0.877572 0.836006 0.519622 0.176314
-14.145532 -35.995801 -371.444400 -442.803952 -0.549621 0.717978 0.427112 -0.014741 0.502843 -0.864252 0.835284 0.481307 0.265789
-13.487486 -34.748922 475.142403 -407.518177 -0.525272 0.740231 0.419699 0.024926 0.506395 -0.861941 0.850569 0.442292 0.284447
-5.156614 -131.581589 3814.051779 -18951.254350 0.355669 0.932740 -0.059122 -0.369590 0.198469 0.907752 -0.858430 0.301008 -0.415321
2.820793 -131.045598 4211.231577 -29167.615684 0.389742 0.920719 -0.019436 -0.379426 0.179770 0.907589 -0.839129 0.346351 -0.419409
-3.703481 -109.891151 4782.138953 -27616.922892 0.353260 0.935344 -0.018416 -0.560234 0.227272 0.796546 -0.749230 0.271071 -0.604297
4.894110 -167.623389 3318.053638 -22834.819074 0.400259 0.915845 -0.031930 -0.130546 0.091472 0.987214 -0.907056 0.390973 -0.156172
-7.261288 -92.867985 2105.950705 -11827.821624 0.295602 0.955115 -0.019329 -0.596052 0.200210 0.777585 -0.746553 0.218335 -0.628481
-4.246334 -164.784026 1523.406139 -17627.694474 0.366372 0.922410 -0.122191 -0.090599 0.166063 0.981945 -0.926047 0.348687 -0.144410
-10.904597 -106.466549 832.029256 -13967.776778 0.328409 0.932644 -0.149410 -0.329161 0.261273 0.907408 -0.885325 0.248821 -0.392795
18.975768 -101.931437 -2645.609266 692.600660 0.257978 0.964870 -0.049724 0.046298 -0.063753 -0.996891 0.965041 -0.254874 0.061118
19.259064 -73.413633 -3534.965037 3030.076613 0.271188 0.943108 -0.192363 0.163572 -0.242102 -0.956364 0.948526 -0.227889 0.219921
30.554520 -74.739960 -2711.485518 -1167.914148 0.253678 0.883741 -0.393255 0.344944 -0.462474 -0.816781 0.903693 -0.071549 0.422161
11.275013 -426.805122 4204.420042 26064.537535 0.170387 0.959274 0.225305 -0.954614 0.217381 -0.203611 0.244296 0.180386 -0.952775
-27.190836 -55.581559 -2296.294081 -3691.905248 0.495006 -0.716661 -0.491290 0.591075 -0.136696 0.794949 -0.636867 -0.683894 0.355935
-14.279938 -49.034141 1778.867946 -1593.175798 -0.604539 0.742223 0.289203 0.404613 -0.026617 0.914101 -0.686164 -0.669625 0.284222
-18.491363 -50.308314 -831.415435 1153.237933 0.524671 -0.709536 -0.470403 -0.516848 0.173579 -0.838295 -0.676453 -0.682956 0.275650
-24.379566 -67.590390 933.940283 -9586.660390 0.053594 0.990349 -0.127811 -0.098384 0.132609 0.986273 -0.993704 0.040284 -0.104542
-21.913178 -83.550924 1333.857669 -10957.178884 0.062328 0.996412 -0.057264 0.039646 0.054858 0.997707 -0.997268 0.064455 0.036085
-8.945571 -66.688795 -952.447791 -3888.488180 -0.226219 0.665772 0.711036 0.406610 -0.598778 0.690025 -0.885152 -0.445211 0.135254
-8.061857 -75.724539 1756.840244 -5970.938081 -0.211544 0.680651 0.701402 0.520414 -0.529007 0.670314 -0.827296 -0.506820 0.242312
-13.254184 -68.242233 4399.013853 -2965.100589 -0.162961 0.661813 0.731742 0.451554 -0.609394 0.651719 -0.877236 -0.436626 0.199537
-8.473991 -79.111578 2586.715197 -10689.644175 -0.178732 0.659418 0.730221 0.542548 -0.553083 0.632251 -0.820790 -0.509183 0.258912
14.198617 -47.334742 -6514.003462 176.037683 -0.496437 0.793764 0.351411 0.865742 0.482370 0.133456 -0.063577 0.370484 -0.926660
24.638953 -47.365665 -5643.917403 -58.213338 -0.483829 0.782714 0.391496 0.871194 0.473310 0.130377 -0.083251 0.404150 -0.910896
25.723893 -49.634196 -4914.237988 506.114011 -0.486461 0.776446 0.400609 0.853595 0.520165 0.028358 -0.186364 0.355753 -0.915810
27.787653 -54.916498 3266.152706 -1322.612336 -0.267326 0.962473 -0.046717 -0.277868 -0.123418 -0.952658 0.922674 0.241689 -0.300433
31.362896 -55.027748 3948.488846 -579.392817 -0.177311 0.982669 0.054052 -0.336592 -0.008940 -0.941608 0.924806 0.185151 -0.332343
51.358666 -50.077376 5589.748053 -1025.688230 -0.156953 0.984915 0.072858 -0.158561 0.047685 -0.986197 0.974794 0.166339 -0.148685
29.321452 -55.181302 3628.645007 -276.653284 -0.079916 0.988121 0.131268 -0.390937 0.090069 -0.916000 0.916942 0.124520 -0.379095
41.955766 -52.176608 2899.101486 -109.391909 -0.033265 0.987570 0.153622 -0.221960 0.142569 -0.964576 0.974488 0.066184 -0.214459
2.838007 -60.060659 -119.902601 190.414550 0.617914 -0.781979 -0.081802 0.784959 0.619505 0.007293 0.044974 -0.068718 0.996622
1.976391 -57.185591 -197.276185 -758.157395 0.636711 -0.766791 -0.081429 0.766108 0.617051 0.179798 -0.087622 -0.176862 0.980328
1.144107 -59.277118 -75.719957 -1375.144497 0.652044 -0.754355 -0.076073 0.753921 0.634487 0.170379 -0.080258 -0.168448 0.982438
0.174904 -56.444101 -111.068907 -1537.480617 0.660938 -0.746136 -0.080267 0.722975 0.604424 0.334632 -0.201166 -0.279202 0.938924
1.006211 -56.051108 -110.168903 -1040.557644 0.646727 -0.758176 -0.083143 0.732707 0.587295 0.343839 -0.211861 -0.283290 0.935340
11.675066 -90.619492 1890.791211 1107.341091 -0.626884 0.767663 0.133077 -0.533349 -0.298324 -0.791544 0.567939 0.567182 -0.596447
14.769463 -93.199169 -760.473148 9086.604412 -0.569163 0.817705 0.086094 -0.561705 -0.310221 -0.766975 0.600451 0.484893 -0.635875
14.232163 -86.013808 640.683861 3130.130982 -0.601429 0.791953 0.105329 -0.642250 -0.400848 -0.653327 0.475183 0.460577 -0.749713
7.893851 -93.233205 -2918.534349 793.115570 0.666068 -0.732740 -0.139448 0.412060 0.205638 0.887648 0.621739 0.648695 -0.438902
5.915963 -93.219343 -2884.424944 4057.879692 0.670026 -0.728609 -0.142106 0.512253 0.315253 0.798882 0.537273 0.608066 -0.584460
10.221754 -91.304336 -2563.610526 3975.722441 0.654558 -0.744138 -0.133461 0.604626 0.409290 0.683308 0.453851 0.527959 -0.717829
-12.937769 -21.146036 -1026.026716 -561.986912 -0.566412 0.823914 0.018534 -0.460858 -0.298019 -0.835939 0.683219 0.482028 -0.548509
-15.560517 -26.427315 -1621.880207 -1109.983710 -0.526412 0.837448 0.146869 -0.558036 -0.209982 -0.802810 0.641472 0.504567 -0.577863
-14.123425 -31.592105 -1320.900507 -2346.187843 -0.372525 0.866480 0.332321 -0.722624 -0.046157 -0.689698 0.582271 0.497073 -0.643335
22.036219 -38.828151 -2049.083618 1814.803958 -0.438274 0.868736 0.230679 0.228971 -0.140268 0.963274 -0.869188 -0.474997 0.137439
25.460190 -32.776315 -2598.767181 3916.511855 -0.450248 0.873222 0.186439 0.303057 -0.046957 0.951815 -0.839901 -0.485054 0.243494
-55.975730 -74.802288 -2131.211215 4128.156244 -0.066677 -0.587292 0.806624 -0.374584 0.764025 0.525312 -0.924792 -0.267123 -0.270933
-48.663281 -67.174968 4513.028621 739.687020 0.008018 0.881147 -0.472774 -0.281501 0.455658 0.844472 -0.959527 -0.126316 -0.251697
-52.393701 -71.441758 -2321.345336 3801.363678 -0.156112 -0.650624 0.743180 -0.413538 0.726340 0.549014 -0.897003 -0.221626 -0.382448
4.424404 -51.846673 -2966.173372 731.441113 -0.443625 0.871713 0.208120 -0.720680 -0.485026 0.495347 -0.532744 -0.069760 -0.843396
-3.302136 -51.913081 -3517.667533 1085.282113 -0.428675 0.882210 0.194788 -0.715959 -0.463220 0.522330 -0.551035 -0.084450 -0.830198
-18.067466 -218.230497 333.399318 27157.009014 0.899170 0.415049 0.138665 0.071029 -0.451102 0.889641 -0.431797 0.790090 0.435098
-18.715987 -231.980926 -3223.908790 -6290.161763 0.873169 0.461728 0.156147 -0.132678 -0.083103 0.987669 -0.469011 0.883120 0.011301
-14.859202 -203.872250 -683.663489 27554.762508 0.875029 0.455413 0.164081 0.106088 -0.511138 0.852926 -0.472302 0.728928 0.495575
12.444263 -8.612028 2724.777554 1722.087260 0.349959 0.022245 0.936501 0.665322 -0.709670 -0.231765 0.659451 0.704183 -0.263155
17.192898 -6.946758 2109.348804 2375.536915 0.464352 -0.045554 0.884478 0.600984 -0.717348 -0.352463 0.650535 0.695224 -0.305725
18.235968 -4.720514 2545.080478 1235.978012 0.465676 -0.063289 0.882689 0.596527 -0.714322 -0.365924 0.653683 0.696949 -0.294889
15.953196 -8.365925 1550.420094 2208.913222 0.461800 -0.024183 0.886654 0.613217 -0.713547 -0.338846 0.640864 0.700190 -0.314687
3.886156 -11.772263 2378.231082 2183.808248 0.184144 0.157752 0.970157 0.732200 -0.680501 -0.028325 0.655724 0.715565 -0.240816
5.010283 -13.796893 2457.255585 1838.554606 0.226395 0.126897 0.965734 0.733902 -0.674108 -0.083470 0.640417 0.727651 -0.245744
-5729.631348 -12993.948826 -4753282.281391 15310388.497720 -0.590613 0.543748 0.596250 -0.209491 0.610240 -0.764016 -0.779288 -0.576147 -0.246506
-1096.477998 -26175.027727 -285097.378415 -62499768.744691 -0.675463 -0.568601 -0.469514 0.736717 -0.547650 -0.396645 -0.031596 -0.613818 0.788815
-14.763250 -40.376454 318.859290 153.040423 0.722335 -0.691466 0.010348 0.288060 0.314456 0.904510 0.628693 0.650378 -0.426326
-9.147548 -31.744219 368.237008 5379.899477 0.736143 -0.675140 0.047743 0.148229 0.229644 0.961921 0.660396 0.701034 -0.269126
-2.873554 -31.157525 -3717.865274 3472.678134 -0.521391 0.827743 0.207347 0.328994 -0.029207 0.943880 -0.787346 -0.560347 0.257094
7.045259 -25.099750 -7264.087000 2284.571547 -0.550170 0.813402 0.188919 0.357225 0.024763 0.933690 -0.754787 -0.581175 0.304191
-3.814167 -24.645661 -4046.890678 2776.438497 -0.536701 0.826934 0.167728 0.361365 0.045637 0.931307 -0.762475 -0.560444 0.323319
90.649318 -3876.153671 -14626.892541 -1783012.522094 0.706682 0.385757 0.593121 0.643911 -0.698065 -0.313184 -0.293224 -0.603238 0.741703
147.937021 -15929.820001 -539293.080805 5489577.866762 0.847250 0.296106 0.441010 0.498096 -0.154377 -0.853269 0.184576 -0.942597 0.278285
-740.086081 -23763.920788 462540.050577 -9634930.928858 0.896993 0.152736 0.414820 0.441922 -0.332007 -0.833352 -0.010440 -0.930829 0.365305
-324.915471 -764.755695 -221090.975549 462530.825129 -0.035598 0.098808 -0.994470 0.902720 0.430103 0.010420 0.428753 -0.897357 -0.104506
