17810
35610
-36.043586 -57.374358 -494.259321 6510.233794 -0.343619 -0.912798 0.220737 0.938827 -0.328136 0.104545 -0.022997 0.243157 0.969714
-41.334689 -67.549647 137.660205 5517.680260 -0.185637 -0.950498 0.249185 0.973023 -0.142463 0.181468 -0.136985 0.276150 0.951302
-39.703345 -70.205032 845.173086 10460.949158 0.084330 -0.973203 0.213928 0.993257 0.099242 0.059936 -0.079560 0.207431 0.975009
-35.921983 -57.607064 125.504768 5264.981315 -0.502643 -0.822087 0.267436 0.863975 -0.466979 0.188357 -0.029959 0.325734 0.944987
-34.234996 -53.155189 1548.783991 8894.313684 -0.120687 -0.977491 0.173051 0.991576 -0.126962 -0.025626 0.047020 0.168500 0.984579
-31.025171 -46.740710 -748.562492 3878.281670 -0.639367 -0.737144 0.218697 0.767051 -0.631208 0.114935 0.053320 0.241238 0.969000
70.815410 -101.586510 -3931.158427 -1859.834279 -0.405175 0.913487 0.037087 0.415225 0.220010 -0.882714 0.814507 0.342254 0.468445
78.392086 -104.054868 -3377.384987 -2614.272882 -0.421512 0.906823 0.000701 0.274078 0.128134 -0.953133 0.864413 0.401565 0.302550
69.194826 -91.422345 -3252.828668 -4458.852562 -0.287051 0.957656 0.022279 0.301449 0.112385 -0.946836 0.909247 0.265074 0.320945
77.929363 -110.996201 -595.640794 -3876.322643 -0.550312 0.834618 -0.023878 0.377724 0.223347 -0.898577 0.744635 0.503517 0.438166
-57.975643 -77.793092 59.624681 7351.932948 -0.399059 0.899557 -0.177619 -0.441696 -0.358346 -0.822492 0.803528 0.249769 -0.540332
-53.476029 -71.330666 2067.460439 5778.883920 -0.602735 0.737139 -0.305509 -0.355409 -0.590802 -0.724319 0.714419 0.327992 -0.618083
-57.903567 -80.072640 2887.000809 2676.168877 -0.566712 0.788193 -0.239979 -0.277880 -0.457047 -0.844920 0.775642 0.412141 -0.478037
-53.431798 -65.907217 -1188.960255 8274.414946 -0.383725 0.898531 -0.213067 -0.551970 -0.408150 -0.727147 0.740327 0.161418 -0.652580
-54.383248 -75.273448 -3756.003624 9408.357288 -0.158254 0.984100 -0.080641 -0.558851 -0.156600 -0.814347 0.814028 0.083807 -0.574748
-28.655150 -47.856341 1928.875309 -4683.440993 0.820259 0.566746 -0.077287 -0.532529 0.805983 0.258466 0.208776 -0.170852 0.962924
-30.579582 -45.185986 2698.035083 -196.998098 0.972805 0.109665 -0.204020 0.047494 -0.956542 -0.287701 0.226704 -0.270188 0.935737
-25.793235 -37.267303 2250.488066 -909.034881 0.946579 0.213225 -0.241917 -0.144638 0.951231 0.272469 0.288216 -0.222923 0.931256
-23.732163 -40.969087 2661.694334 -5290.687519 0.757328 0.641856 -0.120308 -0.591685 0.752394 0.289502 0.276338 -0.148064 0.949586
-0.711638 -43.136990 -9940.679964 -1068.058696 0.324603 0.922830 0.207407 0.536241 0.001083 -0.844064 0.779152 -0.385206 0.494508
13.571131 -45.376703 -11483.181714 -1431.568602 0.298800 0.921880 0.246691 0.490140 0.073552 -0.868535 0.818829 -0.380431 0.429873
-0.695452 -47.287321 -6180.267839 -944.939599 0.320580 0.928927 0.185264 0.440100 0.027122 -0.897539 0.838773 -0.369268 0.400127
-8.046058 -44.718060 -1841.828780 -1488.935035 0.319322 0.941381 0.108792 0.497752 -0.068925 -0.864576 0.806397 -0.330230 0.490584
-17.001722 -49.644163 -5295.713231 2169.427005 0.342157 0.696148 -0.631116 -0.550227 -0.396021 -0.735131 0.761695 -0.598787 -0.247538
-10.811824 -50.654848 -7210.893323 81.685849 0.434783 0.714096 -0.548662 -0.425087 -0.374368 -0.824105 0.793892 -0.591536 -0.140784
-3.605823 -47.248257 -8243.893991 1134.782767 0.448606 0.733033 -0.511287 -0.516900 -0.253888 -0.817530 0.729087 -0.631033 -0.265009
-15.234779 -48.840141 -6374.139947 3001.279380 0.343391 0.710718 -0.613972 -0.627882 -0.312439 -0.712843 0.698460 -0.630286 -0.338959
-22.846615 -51.161679 -2505.651637 4080.193883 0.224073 0.672558 -0.705307 -0.630237 -0.452018 -0.631254 0.743366 -0.585957 -0.322586
-25.378644 -52.978317 58.357160 901.162874 0.187717 0.670980 -0.717320 -0.534708 -0.542795 -0.647658 0.823923 -0.505133 -0.256887
1.479818 -43.139948 -1099.108376 -3173.354676 0.420790 0.906532 -0.033691 -0.377602 0.141263 -0.915129 0.824835 -0.397799 -0.401751
1.943181 -42.580386 -255.931104 -5001.460936 0.413184 0.909770 -0.039962 -0.315096 0.101657 -0.943600 0.854397 -0.402472 -0.328668
4.300460 -42.033548 -2019.436359 -2267.053686 0.420826 0.906504 -0.033995 -0.307480 0.107284 -0.945487 0.853441 -0.408338 -0.323880
1.895996 -55.876729 133.241026 233.922325 0.042876 0.997852 -0.049520 -0.808571 0.063771 0.584933 -0.586834 -0.014961 -0.809569
2.321538 -54.941514 208.102455 -156.706955 0.065759 0.995042 -0.074607 -0.819533 0.096512 0.564847 -0.569247 -0.023999 -0.821816
2.131165 -58.161933 1655.555166 1245.049863 0.089313 0.994083 -0.061829 -0.855403 0.108357 0.506503 -0.510205 -0.007651 -0.860019
3.438885 -59.824168 516.240130 1952.823555 0.070155 0.995944 -0.056339 -0.851538 0.089208 0.516648 -0.519578 -0.011729 -0.854342
3.607635 -61.141333 715.350956 1889.019608 0.113369 0.990775 -0.074251 -0.904326 0.133852 0.405313 -0.411513 -0.021197 -0.911158
0.978008 -86.553131 -810.143337 -8516.071089 -0.008302 0.969139 0.246374 0.896263 0.116472 -0.427956 0.443444 -0.217263 0.869571
2.689620 -97.135784 94.865237 -5068.905055 -0.017460 0.971653 0.235764 0.796589 0.156027 -0.584039 0.604269 -0.177610 0.776733
0.237180 -86.424557 -921.372000 -8681.355247 0.001790 0.972240 0.233978 0.897772 0.101495 -0.428608 0.440457 -0.210826 0.872668
-1.749328 -84.690810 -994.062885 -8356.747465 0.014709 0.975135 0.221123 0.900768 0.083077 -0.426281 0.434052 -0.205451 0.877148
-1.139690 -68.248110 -652.629768 -11113.338603 0.016912 0.974756 0.222632 0.969077 0.038844 -0.243683 0.246180 -0.219869 0.943956
0.357492 -68.555980 -941.616980 -10590.485214 0.007692 0.971664 0.236242 0.960969 0.058153 -0.270475 0.276549 -0.229102 0.933291
-1.385304 -123.369637 -491.170969 4081.800797 0.261506 0.955216 0.138482 -0.467425 0.250859 -0.847693 0.844469 -0.156948 -0.512093
0.642855 -121.212298 -320.666065 2880.152754 0.249192 0.961028 0.119703 -0.630797 0.254853 -0.732902 0.734845 -0.107125 -0.669721
-0.256227 -115.770613 -417.222873 2564.947806 0.241107 0.964381 0.108800 -0.592267 0.235024 -0.770703 0.768822 -0.121383 -0.627837
-2.603701 -118.779109 -886.047389 4091.425471 0.264522 0.954725 0.136116 -0.399798 0.237008 -0.885431 0.877604 -0.179797 -0.444391
0.094407 -105.905323 -396.247401 1963.147624 0.217785 0.972733 0.079750 -0.705878 0.213413 -0.675419 0.674022 -0.090802 -0.733109
-1.343135 -111.165565 -752.449568 2332.657456 0.247514 0.963449 0.102485 -0.557295 0.228096 -0.798370 0.792565 -0.140494 -0.593383
-0.100711 -85.990394 1582.291913 -6708.729740 -0.029562 0.979505 0.199238 0.685717 -0.125153 0.717027 -0.727267 -0.157818 0.667964
1.984541 -76.855633 1497.952130 -2317.808643 -0.046756 0.981692 0.184647 0.633979 -0.113684 0.764949 -0.771936 -0.152828 0.617056
0.773933 -71.902666 1047.933925 -2570.305361 -0.034035 0.979346 0.199305 0.580322 -0.142992 0.801735 -0.813675 -0.142948 0.563470
-1.211866 -85.779254 149.233933 -6963.352927 -0.034444 0.976206 0.214094 0.677150 -0.134758 0.723400 -0.735038 -0.169891 0.656396
-1.478416 -24.079880 -1172.365233 2587.398639 0.333273 0.884052 0.327692 -0.279413 0.424559 -0.861208 0.900476 -0.195456 -0.388509
-5.513147 -29.703987 -1515.118603 3896.451692 0.295175 0.931896 0.210812 -0.303355 0.300635 -0.904209 0.906007 -0.202949 -0.371435
-2.915506 -31.668161 -1404.349369 4219.632966 0.309285 0.918022 0.248151 -0.263834 0.333536 -0.905067 0.913638 -0.214453 -0.345363
0.392754 -26.853382 -1898.147192 3316.642257 0.338154 0.881566 0.329384 -0.256284 0.423037 -0.869113 0.905522 -0.209479 -0.368983
2.098581 -19.705755 -975.330397 1853.328422 0.349666 0.854729 0.383631 -0.270035 0.484049 -0.832332 0.897115 -0.187444 -0.400062
0.857190 -16.944375 -972.056211 1781.618472 0.363246 0.831858 0.419601 -0.287975 0.528555 -0.798561 0.886072 -0.169240 -0.431550
-5.538524 -69.732151 384.392486 -5622.297597 0.033811 0.986147 0.162389 0.939194 0.024204 -0.342534 0.341719 -0.164096 0.925365
-7.207629 -58.855250 -757.860388 -3957.760868 0.031825 0.981613 0.188211 0.976740 0.009406 -0.214219 0.212050 -0.190650 0.958482
-5.810753 -66.080264 -859.324353 -8922.676085 0.017546 0.979295 0.201679 0.969513 0.032644 -0.242858 0.244413 -0.199791 0.948866
-0.037871 -88.523901 431.377547 -5127.167247 -0.572495 -0.178841 -0.800166 0.585802 -0.772035 -0.246570 -0.573660 -0.609899 0.546752
-1.715202 -108.069217 657.201013 -10811.583302 -0.545358 -0.216066 -0.809876 0.713502 -0.626726 -0.313257 -0.439886 -0.748686 0.495954
-2.002120 -94.956025 1406.547294 -5483.624572 -0.547848 -0.203555 -0.811436 0.658693 -0.702915 -0.268391 -0.515738 -0.681525 0.519170
0.519614 -84.826994 -1221.240987 -1090.064645 0.601568 0.125608 0.788884 -0.439602 0.876627 0.195642 -0.666983 -0.464487 0.582568
1.610759 -77.914143 -16.327191 -1042.552862 0.614968 0.129870 0.777784 -0.457118 0.862421 0.217425 -0.642540 -0.489249 0.589727
-2.132196 -87.475184 -1426.874438 796.922958 0.577030 0.164884 0.799906 -0.542027 0.809943 0.224051 -0.610936 -0.562855 0.556733
-1.216855 -56.497536 44.665202 -943.989810 0.317797 0.945936 -0.064878 -0.064587 -0.046669 -0.996820 0.945956 -0.320977 -0.046264
0.199680 -55.828588 801.049029 737.771480 0.311313 0.950021 -0.023344 0.075768 -0.049300 -0.995906 0.947282 -0.308269 0.087329
-1.633317 -56.643362 297.088476 -511.076604 0.315491 0.946651 -0.065705 -0.016927 -0.063616 -0.997831 0.948778 -0.315919 0.004046
0.525769 -53.435818 314.569683 -903.358971 0.320888 0.947017 -0.013804 0.045877 -0.030099 -0.998494 0.946005 -0.319771 0.053105
-2.111783 -58.226202 109.898124 -1442.086731 0.307212 0.944891 -0.113148 -0.236662 -0.039305 -0.970797 0.921744 -0.325018 -0.211544
-1.465983 -53.510394 -321.804953 194.614408 0.318109 0.944346 -0.083768 -0.174212 -0.028627 -0.984292 0.931910 -0.327706 -0.155410
-2.123512 -57.709296 789.576366 -1264.455137 0.302396 0.948228 -0.097056 -0.147862 -0.053925 -0.987537 0.941644 -0.312978 -0.123900
0.124344 -50.988091 34.282211 -1479.734534 0.322900 0.945970 -0.029621 -0.033219 -0.019950 -0.999249 0.945850 -0.323641 -0.024982
10.817268 -13.368657 -1892.608234 -236.473098 -0.273555 0.950118 0.149809 0.873672 0.180296 0.451875 -0.402325 -0.254497 0.879412
8.588558 -17.196366 -1927.673363 -3055.151574 -0.281010 0.947841 0.150437 0.876602 0.189697 0.442249 -0.390644 -0.256150 0.884186
6.358184 -14.480172 -2219.521941 -421.503214 -0.331797 0.931868 0.146740 0.858901 0.234087 0.455513 -0.390128 -0.277173 0.878052
8.569463 -16.555867 -2208.632964 2291.493110 -0.277320 0.945794 0.169019 0.869595 0.172284 0.462734 -0.408531 -0.275303 0.870236
98.455951 -47.416514 43451.442757 1372.164832 -0.539399 0.473547 -0.696278 0.694466 0.717799 -0.049812 0.476199 -0.510409 -0.716042
37.061908 -48.684316 37482.863565 -1.075431 -0.482884 0.602293 -0.635662 0.772790 0.634504 0.014141 0.411847 -0.484405 -0.771838
103.075295 -46.563811 48688.053324 -115.215453 -0.539499 0.553250 -0.634709 0.772052 0.625841 -0.110719 0.335972 -0.549761 -0.764778
116.115585 -38.610168 20360.014209 -1262.549404 -0.488705 0.255541 -0.834186 0.715415 0.664629 -0.215524 0.499349 -0.702116 -0.507625
200.886089 -36.656298 59525.534116 -2895.709910 -0.584321 0.425964 -0.690741 0.749756 0.609073 -0.258643 0.310539 -0.669018 -0.675264
19.520614 -139.745402 431.435699 -5669.817105 0.603087 0.178778 0.777383 0.450164 0.728258 -0.516714 0.658513 -0.661573 -0.358723
21.539565 -136.387019 -4322.841222 11465.601045 -0.564491 -0.197429 -0.801481 0.219953 0.899891 -0.376586 0.795595 -0.388868 -0.464555
21.934472 -131.546572 3963.395266 6285.653459 -0.662152 -0.157542 -0.732622 0.230929 0.887173 -0.399493 0.712900 -0.433709 -0.551062
15.557084 -131.069941 -5211.520263 -8225.240400 0.661326 0.144749 0.736000 0.432718 0.727855 -0.531961 0.612702 -0.670280 -0.418714
-5.839515 -117.471240 -975.797068 6929.347239 0.655164 0.027934 0.754970 0.038290 0.996804 -0.070109 -0.754515 0.074841 0.652001
-7.560475 -122.865299 -312.240746 10322.344233 0.680998 0.019429 0.732028 0.075127 0.992520 -0.096232 -0.728421 0.120529 0.674444
-7.421453 -110.073606 -411.946285 8038.953908 0.674793 0.021325 0.737699 0.194637 0.959050 -0.205763 -0.711879 0.282431 0.643010
-6.041301 -106.440738 598.036474 10095.597838 0.707874 0.042510 0.705059 0.234675 0.927331 -0.291523 -0.666215 0.371821 0.646457
5.410622 -74.669388 4446.170495 5994.848174 0.822643 0.248763 0.511249 -0.043747 0.924231 -0.379319 -0.566873 0.289678 0.771195
-1.222156 -72.365570 4442.357878 7188.226242 0.812099 0.362947 0.456907 -0.161119 0.892052 -0.422237 -0.560834 0.269282 0.782913
12.129259 -87.956091 5267.438479 7331.623514 0.819189 0.334275 0.466035 -0.235371 0.936949 -0.258317 -0.523000 0.101919 0.846217
13.750644 -86.565081 3001.431994 6592.564724 0.804093 0.211465 0.555623 -0.049578 0.955197 -0.291790 -0.592433 0.207080 0.778551
1.032965 -269.945283 78.263257 18840.786411 -0.568204 -0.209608 -0.795744 -0.293445 0.955051 -0.042036 0.768788 0.209622 -0.604172
13.231749 -620.376816 2949.718938 216091.125887 -0.557792 -0.281272 -0.780868 -0.041904 0.949170 -0.311961 0.828922 -0.141288 -0.541226
0.090499 -236.265901 -718.643873 2784.632364 -0.553175 -0.239796 -0.797806 -0.167815 0.970120 -0.175230 0.815987 0.036951 -0.576888
2.761418 -238.324919 620.807219 -22382.884843 -0.570416 -0.167779 -0.804037 -0.344668 0.937450 0.048903 0.745540 0.305021 -0.592564
0.530515 -229.619305 -1046.203642 2680.910792 -0.553710 -0.229221 -0.800539 -0.115949 0.973225 -0.198468 0.824597 -0.017072 -0.565463
-6.886652 -56.547720 -330.988603 -6051.120290 0.620037 -0.351131 0.701613 -0.417470 0.609502 0.673963 0.664284 0.710784 -0.231327
5.036626 -74.811466 479.118818 -7217.021307 0.603467 -0.336908 0.722718 -0.552599 0.476718 0.683648 0.574859 0.811932 -0.101509
-0.331500 -61.958059 1232.492005 5082.712716 0.548756 -0.280528 0.787510 0.558184 -0.578315 -0.594964 0.622333 0.766065 -0.160767
-6.628719 -51.829044 -1473.937889 -4815.376522 -0.508384 0.247380 -0.824832 -0.512977 0.682350 0.520820 0.691665 0.687896 -0.219996
-12.479285 -46.135911 222.202718 -4582.292382 -0.558110 0.278176 -0.781749 -0.412160 0.724749 0.552144 0.720165 0.630362 -0.289837
-13.303617 -44.537044 316.187102 -4373.645153 -0.619200 0.372231 -0.691401 -0.310016 0.693089 0.650782 0.721444 0.617310 -0.313763
2.264882 -33.082757 5079.311819 -1312.857285 0.008467 0.712215 0.701911 -0.131663 0.696619 -0.705257 0.991258 0.086445 -0.099671
13.599190 -30.327846 -4173.556972 -150.743835 -0.066348 -0.575592 -0.815041 -0.097534 0.816670 -0.568803 0.993018 0.041755 -0.110325
10.002563 -29.629523 -6450.572057 -844.921676 -0.012821 -0.668136 -0.743929 -0.042548 0.743680 -0.667180 0.999012 0.023099 -0.037962
-3.557701 -32.890074 5476.620371 -1313.221866 -0.014146 0.803345 0.595346 -0.099867 0.591293 -0.800250 0.994900 0.070776 -0.071863
-6.558385 -36.956842 4469.747103 -2536.757919 -0.020439 0.824791 0.565068 -0.167921 0.554325 -0.815185 0.985589 0.111548 -0.127170
-5.107095 -38.270038 3044.779520 -2682.392651 0.002749 0.766413 0.642342 -0.215396 0.627720 -0.748045 0.976523 0.136301 -0.166808
5.664372 -9.775035 -3511.573688 8260.605887 0.394616 -0.207302 0.895156 0.536695 0.842759 -0.041425 -0.745813 0.496773 0.443824
6.707142 -0.091369 -1735.789191 2103.408982 0.265236 -0.440409 0.857724 0.590436 0.777471 0.216620 -0.762257 0.448976 0.466246
10.088756 -12.407983 -2515.319414 8102.271103 0.462505 -0.126149 0.877597 0.482428 0.866276 -0.129724 -0.743877 0.483375 0.461515
-22.416255 -29.433127 4099.954911 390.602914 -0.429422 0.609547 -0.666370 -0.083627 0.707857 0.701388 0.899224 0.356918 -0.252995
-24.639742 -31.729521 3472.039349 355.951361 -0.398404 0.658173 -0.638813 -0.006624 0.694392 0.719567 0.917186 0.290910 -0.272289
-17.448057 -31.764006 4626.106193 1120.229530 -0.428245 0.516674 -0.741386 -0.076315 0.796815 0.599385 0.900434 0.313262 -0.301802
-13.165940 -29.883135 4430.958819 946.250635 -0.435225 0.474062 -0.765405 -0.138621 0.804724 0.577238 0.889586 0.357329 -0.284521
-0.847894 -56.953530 70.953663 723.660778 0.320992 0.946292 -0.038673 0.093302 -0.072231 -0.993014 0.942475 -0.315142 0.111477
2.474083 -53.116685 1625.304671 1603.539217 0.301136 0.953270 0.024346 0.128018 -0.015114 -0.991657 0.944949 -0.301740 0.126587
7.724864 -47.741614 1837.163015 915.174698 0.173324 0.984487 -0.027283 0.954690 -0.161145 0.250199 -0.241921 0.069412 0.967810
18.671897 -51.935983 5291.690600 -1723.623283 0.092258 0.994456 -0.050464 0.955577 -0.074176 0.285256 -0.279931 0.074540 0.957122
22.734125 -49.366320 7720.779296 -1110.203456 0.155758 0.984570 -0.079761 0.912073 -0.112344 0.394336 -0.379290 0.134169 0.915498
10.495694 -48.823106 3297.464722 1125.572328 0.291497 0.956400 -0.018146 0.884760 -0.262354 0.385189 -0.363634 0.128336 0.922659
3.621616 -44.077905 -1168.966264 3891.741009 0.304815 0.951894 0.031386 0.907087 -0.300196 0.295086 -0.290313 0.061477 0.954955
2.199746 -40.108440 -745.645337 857.149829 0.207698 0.978189 -0.002763 0.951310 -0.201331 0.233400 -0.227753 0.051105 0.972377
0.976667 -43.915176 -234.951893 -446.833360 0.128948 0.991173 -0.030785 0.978643 -0.122183 0.165318 -0.160097 0.051445 0.985760
14.579311 -145.599092 -1608.654799 -18965.219161 0.136991 0.990383 0.019383 -0.292217 0.021708 0.956106 -0.946490 0.136642 -0.292381
18.268330 -183.597291 -732.755133 -29179.277346 0.186011 0.981370 0.048096 -0.129709 -0.023996 0.991262 -0.973948 0.190624 -0.122829
14.967888 -181.876271 -1304.943879 -23420.306092 0.140716 0.984079 0.108573 -0.008717 -0.108428 0.994066 -0.990012 0.140827 0.006680
11.650398 -144.135459 -1534.981281 -10797.421048 0.074768 0.995361 0.060549 -0.255814 -0.039542 0.965917 -0.963830 0.087709 -0.251671
17.511411 -366.183803 1387.240470 -5295.227590 -0.161009 -0.245606 0.955905 0.059021 0.964412 0.257733 -0.985187 0.097916 -0.140783
20.121846 -291.015516 6380.437129 1920.253578 -0.087477 -0.238234 0.967260 0.026923 0.970062 0.241359 -0.995803 0.047154 -0.078444
15.090918 -272.086197 2232.716339 -18929.399809 -0.138586 -0.185303 0.972860 -0.349937 0.928133 0.126934 -0.926465 -0.322849 -0.193471
-1.189396 -59.290211 337.050254 385.905987 0.059625 0.997518 0.037443 0.141806 -0.045593 0.988844 -0.988097 0.053650 0.144173
-2.833357 -64.652993 -119.310669 -3954.074013 0.061858 0.996573 0.054921 0.223739 -0.067472 0.972311 -0.972684 0.047857 0.227146
-2.523512 -58.940469 -137.659093 -1053.299883 0.058068 0.998104 0.020398 0.167533 -0.029885 0.985413 -0.984155 0.053804 0.168951
-27.201887 -40.067163 -1693.522660 -752.584159 -0.072035 0.891146 -0.447961 -0.184466 -0.453283 -0.872070 0.980196 -0.019814 -0.197038
-24.378560 -40.409359 -687.614596 -392.846633 -0.034543 0.897925 -0.438792 -0.121429 -0.439572 -0.889961 0.991999 -0.022540 -0.124219
-25.403590 -41.582798 -846.058563 -1541.211887 -0.050168 0.850018 -0.524360 -0.185086 -0.523839 -0.831466 0.981441 -0.055339 -0.183606
-39.820814 -59.462907 1617.349364 7.372471 -0.843149 0.181106 0.506262 0.351034 0.898622 0.263161 -0.407277 0.399600 -0.821246
-41.074968 -57.970539 1784.871593 -43.665683 -0.827200 0.202951 0.523976 0.322163 0.935307 0.146328 -0.460381 0.289848 -0.839069
-38.246256 -59.219388 339.757604 350.254028 -0.785650 0.213426 0.580692 0.406584 0.885574 0.224609 -0.466308 0.412564 -0.782526
-37.502461 -59.273023 -1428.454075 -185.884176 0.794072 -0.239162 -0.558794 0.466259 0.829459 0.307571 -0.389938 0.504777 -0.770162
-41.955724 -60.506499 -3463.955227 -1318.459306 0.849762 -0.217697 -0.480117 0.399230 0.860520 0.316418 -0.344268 0.460557 -0.818149
73.085262 -109.878062 -13352.035516 -3595.072668 -0.283164 0.898401 0.335698 -0.740544 -0.427234 0.518716 -0.609437 0.101718 -0.786283
52.549296 -102.647183 -3891.629639 3003.487232 -0.273045 0.912946 0.303275 -0.585945 -0.407857 0.700230 -0.762965 -0.013491 -0.646299
59.392759 -108.001424 -7142.321020 -3698.906020 -0.306469 0.927506 0.214030 -0.758100 -0.373805 0.534373 -0.575640 -0.001513 -0.817702
36.402975 -83.961465 1078.144776 529.796661 -0.020874 0.780712 -0.624542 -0.066701 0.622199 0.780012 -0.997555 -0.057940 -0.039087
30.021395 -82.061836 2626.690684 6264.442928 0.058954 0.793895 -0.605190 0.069854 0.601477 0.795830 -0.995814 0.089192 0.019997
33.334539 -81.175196 1810.099963 8089.255940 -0.025083 0.774985 -0.631481 0.164299 0.626286 0.762084 -0.986092 0.084636 0.143038
38.123985 -84.098227 842.847863 2772.458393 -0.076162 0.765583 -0.638814 0.047351 0.642729 0.764629 -0.995971 -0.027987 0.085202
22.336295 -46.932465 3957.463516 1584.343104 -0.156496 0.907658 0.389442 0.986611 0.125338 0.104347 0.045899 0.400558 -0.915121
20.535579 -47.160047 -5521.923769 1883.622730 -0.180855 0.906389 0.381772 0.983509 0.166161 0.071419 0.001298 0.388393 -0.921493
18.825545 -48.744610 1818.748412 958.907992 -0.161214 0.906647 0.389872 0.983713 0.179438 -0.010513 -0.079489 0.381828 -0.920809
26.260876 -47.821417 9507.979108 1254.143757 -0.136442 0.908194 0.395685 0.990035 0.139058 0.022216 -0.034846 0.394773 -0.918118
24.508081 -50.675007 8371.836467 54.768253 -0.138812 0.907509 0.396433 0.977395 0.190005 -0.092719 -0.159467 0.374601 -0.913370
-20.273588 -48.693287 -438.461127 -1696.655009 -0.218392 -0.180975 -0.958933 0.334685 0.909164 -0.247805 0.916674 -0.375059 -0.137984
-10.536108 -48.592316 -4601.333858 -753.644115 -0.153246 -0.139970 -0.978225 0.347778 0.918948 -0.185970 0.924968 -0.368704 -0.092146
-14.341518 -41.061429 1660.628270 -3395.795790 -0.277649 -0.283610 -0.917865 0.404557 0.832065 -0.379475 0.871347 -0.476689 -0.116286
-6.375935 -54.750797 -2104.997331 3956.331573 -0.412668 0.905525 0.098636 -0.888868 -0.423990 0.173625 -0.199042 0.016025 -0.979860
-4.614372 -59.418220 -2215.576646 8163.961737 -0.425571 0.900709 0.087248 -0.892657 -0.433668 0.122867 -0.148504 0.025594 -0.988581
-0.202497 -53.986545 -2331.260006 3385.869582 -0.389774 0.917393 0.080418 -0.902987 -0.397873 0.162210 -0.180806 0.009391 -0.983474
-3.144758 -46.431704 -2509.301064 657.632690 -0.369423 0.925967 0.078179 -0.895596 -0.377217 0.235829 -0.247861 -0.017104 -0.968645
1.184980 -33.946090 -1557.339877 3959.170613 -0.482938 0.862286 0.152426 -0.793136 -0.504518 0.341170 -0.371088 -0.043869 -0.927561
1.159837 -37.167026 -728.898463 2853.300210 -0.451924 0.879533 0.148950 -0.791353 -0.472346 0.388135 -0.411734 -0.057536 -0.909486
1.277872 -35.364494 -680.009112 2318.247606 -0.460689 0.875041 0.148559 -0.819896 -0.483664 0.306333 -0.339906 -0.019321 -0.940261
1.092519 -38.813966 431.329875 2906.636410 -0.423658 0.893764 0.147310 -0.816825 -0.447244 0.364376 -0.391549 -0.034045 -0.919527
2.210464 -36.932217 -1235.934232 -412.773816 -0.471033 0.869381 0.149346 -0.836830 -0.493949 0.236070 -0.279005 0.013781 -0.960191
3.071594 -39.009661 -228.217667 -2644.656055 -0.465722 0.871504 0.153566 -0.853409 -0.488223 0.182569 -0.234084 0.046029 -0.971126
0.756892 -36.619454 1061.123303 29.324660 -0.436078 0.886555 0.154453 -0.846800 -0.462342 0.263001 -0.304575 0.016102 -0.952352
-15.895524 -67.844804 -1092.556121 16255.511946 0.615991 -0.643783 -0.453981 0.690166 0.163219 0.705004 -0.379771 -0.747598 0.544859
-18.084959 -91.643657 -718.886355 -14793.305618 0.668884 -0.612809 -0.420784 -0.572214 -0.063121 -0.817672 -0.474517 -0.787706 0.392878
-15.536012 -69.510603 -540.275502 -18918.250183 0.675991 -0.611020 -0.411935 -0.639320 -0.208280 -0.740195 -0.366476 -0.763724 0.531433
-13.252387 -52.770522 136.651835 -14642.366784 0.687772 -0.599540 -0.409294 -0.655368 -0.270341 -0.705272 -0.312190 -0.753304 0.578852
-12.535631 -39.978455 -107.559197 7331.961273 0.645855 -0.629363 -0.432174 0.690027 0.238969 0.683196 -0.326702 -0.739457 0.588616
-14.272255 -55.067352 238.797904 14549.478760 0.560026 -0.662071 -0.498030 0.749832 0.149422 0.644534 -0.352310 -0.734395 0.580122
-1.677800 -122.169054 -1343.031552 723.734087 -0.579838 0.753255 0.310477 -0.241291 -0.522749 0.817626 -0.778182 -0.399175 -0.484863
0.017042 -120.398326 640.159890 6311.166771 -0.549259 0.770246 0.324093 -0.141821 -0.468126 0.872207 -0.823530 -0.433104 -0.366360
-0.473604 -112.304147 39.173495 11689.113914 -0.556132 0.764237 0.326586 0.042931 -0.366018 0.929617 -0.829984 -0.531011 -0.170745
-0.801375 -124.186321 -271.523292 -5568.313076 -0.556221 0.771691 0.308401 -0.384353 -0.567911 0.727839 -0.736811 -0.286305 -0.612486
-1.977036 -117.593212 -1323.835644 12808.768573 -0.583960 0.741238 0.330995 -0.021747 -0.421877 0.906392 -0.811491 -0.522099 -0.262479
-3.071236 -117.254420 -1152.728012 -2799.262426 -0.572384 0.754185 0.321842 -0.243629 -0.531189 0.811470 -0.782957 -0.386062 -0.487785
-2.840855 -121.231451 -1317.548381 -11734.573917 -0.572137 0.758943 0.310908 -0.405847 -0.591403 0.696800 -0.712704 -0.272484 -0.646379
-2.650993 -118.943095 -302.339875 -7985.277576 -0.554885 0.769576 0.315998 -0.467730 -0.602710 0.646505 -0.687990 -0.210934 -0.694389
-4.331871 -103.954263 -378.775025 -2597.001134 -0.368167 0.902166 0.224832 0.903377 0.289906 0.316014 0.219918 0.319454 -0.921730
-2.924114 -108.658793 -1209.957600 3537.709514 -0.357063 0.908403 0.217510 0.916898 0.296402 0.267291 0.178338 0.294874 -0.938747
-3.512817 -102.096546 -790.562917 5910.368627 -0.386953 0.895074 0.221608 0.918534 0.353048 0.177909 0.081003 0.272398 -0.958769
3.868314 -98.240406 1916.237805 10872.015174 -0.540425 0.696264 0.472396 0.189937 -0.445999 0.874648 -0.819673 -0.562407 -0.108783
0.427000 -105.374064 246.793522 6441.788224 -0.562636 0.691666 0.452811 -0.008388 -0.552478 0.833485 -0.826662 -0.465151 -0.316646
0.099187 -99.625489 405.162531 11217.964281 -0.544441 0.708623 0.448818 0.136639 -0.453000 0.880977 -0.827595 -0.540966 -0.149806
2.256698 -85.216092 983.941361 8491.484768 -0.533019 0.707320 0.464315 0.242670 -0.397915 0.884746 -0.810557 -0.584262 -0.040451
46.092300 -54.250489 -240.403264 -10938.997875 0.145113 0.864694 -0.480881 -0.465470 0.488544 0.738012 -0.873086 -0.116740 -0.473383
53.154309 -34.000115 1191.927215 -9491.735550 0.135681 0.831138 -0.539259 -0.532441 0.520182 0.667771 -0.835522 -0.196520 -0.513111
46.455972 -38.796263 2870.191745 -8528.490218 0.205944 0.879988 -0.428028 -0.522665 0.468704 0.712136 -0.827290 -0.077055 -0.556466
47.085928 -26.076671 6350.882258 -6125.979543 0.276428 0.875511 -0.396318 -0.561872 0.481795 0.672438 -0.779672 -0.036799 -0.625107
35.527863 -42.090245 6980.489652 -6496.901061 0.305426 0.896009 -0.322307 -0.500458 0.439011 0.746198 -0.810097 0.066607 -0.582501
6.931907 -126.018252 -536.395168 5898.445951 0.811274 -0.238193 0.533946 -0.582130 -0.414041 0.699782 -0.054392 0.878541 0.474560
7.092088 -123.017372 -388.025999 3395.051250 0.800866 -0.249081 0.544585 -0.579555 -0.551329 0.600127 -0.150765 0.796238 0.585897
5.900753 -121.303162 -1234.200210 3686.511757 0.796797 -0.241365 0.553948 -0.579820 -0.563439 0.588511 -0.170070 0.790113 0.588895
6.182310 -118.041408 -216.645212 -1217.503532 0.784273 -0.267217 0.559921 -0.550593 -0.715725 0.429634 -0.285944 0.645238 0.708452
4.198926 -124.455542 -1724.461720 4430.237218 0.807282 -0.231031 0.543065 -0.588448 -0.385260 0.710847 -0.044994 0.893420 0.446963
4.023383 -115.863530 -2215.223882 5000.115554 0.790696 -0.230862 0.567012 -0.583899 -0.562767 0.585112 -0.184015 0.793723 0.579777
5.598637 -110.886112 -557.574139 1778.843539 0.782173 -0.254221 0.568839 -0.550795 -0.708906 0.440543 -0.291258 0.657894 0.694510
-12.251316 -40.629608 -2419.609645 897.090298 -0.366787 0.873939 0.318901 0.226222 -0.248715 0.941788 -0.902381 -0.417578 0.106479
-14.080238 -45.624734 -3030.348195 3195.469276 -0.365844 0.878875 0.306164 0.175133 -0.258081 0.950117 -0.914049 -0.401214 0.059503
-10.549502 -44.334978 -1570.928801 2056.870277 -0.376712 0.870078 0.317886 0.202021 -0.257740 0.944859 -0.904033 -0.420159 0.078680
-2.397760 -172.047100 -1243.671935 12628.216684 0.528852 -0.525593 0.666384 -0.139272 0.720782 0.679027 -0.837209 -0.451913 0.307986
-1.322596 -190.939530 -548.272299 19399.669754 0.547815 -0.538947 0.639871 -0.150544 0.688857 0.709093 -0.822943 -0.484780 0.296231
-3.861675 -201.081518 546.200411 18210.289780 0.544995 -0.522302 0.655882 -0.369783 0.552341 0.747114 -0.752490 -0.649708 0.107885
-3.922980 -201.836812 -842.040476 21534.445771 0.529140 -0.522523 0.668566 -0.329449 0.599587 0.729355 -0.781968 -0.606189 0.145121
24.722542 -31.810029 -10402.323442 -290.482456 -0.638816 0.731040 0.239780 -0.342648 -0.549383 0.762083 -0.688844 -0.404671 -0.601445
5.835208 -38.213252 -4368.329343 -90.703897 -0.739359 0.487911 0.463994 0.151519 0.792016 -0.591399 -0.656041 -0.366953 -0.659512
5.659216 -31.327146 -2677.292645 42.746345 -0.702394 0.579942 0.412687 0.243834 0.740753 -0.625963 -0.668721 -0.339045 -0.661710
42.098442 -33.880346 -5423.329051 1484.522455 -0.458366 0.867444 0.193500 -0.420452 -0.403454 0.812678 -0.783020 -0.291146 -0.549648
48.485703 -32.301582 -6845.224353 285.942210 -0.516100 0.835137 0.190229 -0.358435 -0.412292 0.837580 -0.777924 -0.364090 -0.512126
32.949061 -35.996205 -16031.170833 385.052829 -0.693337 0.686442 0.219272 -0.262161 -0.523712 0.810554 -0.671234 -0.504503 -0.543068
29.802037 -111.105987 1106.849366 7379.890604 0.594631 -0.457897 0.660867 0.384464 0.883847 0.266463 -0.706118 0.095632 0.701607
36.547164 -107.083891 1821.002047 -3834.856764 0.597580 -0.464916 0.653262 0.196534 0.874812 0.442807 -0.777350 -0.136225 0.614142
32.167645 -108.167720 -2776.102293 5826.399562 0.529824 -0.501905 0.683650 0.355671 0.863272 0.358133 -0.769925 0.053407 0.635896
24.573927 -99.803289 -1314.200020 5464.377055 0.560850 -0.448383 0.695989 0.473839 0.863196 0.174269 -0.678914 0.232047 0.696585
22.929224 -107.380543 2389.128044 6031.688806 0.647574 -0.406353 0.644612 0.462014 0.882096 0.091923 -0.605963 0.238293 0.758963
-3.682301 -332.077774 1244.409750 46519.808668 -0.603877 0.569525 -0.557651 0.795701 0.389631 -0.463732 -0.046828 -0.723760 -0.688461
-2.689089 -309.680166 145.054818 2747.993608 -0.609026 0.585341 -0.535222 0.764898 0.254951 -0.591549 -0.209803 -0.769659 -0.602998
-3.718468 -317.155512 1007.659093 22979.058094 -0.627023 0.569403 -0.531622 0.769189 0.560517 -0.306871 0.123250 -0.601333 -0.789435
-3.026382 -305.251186 -1300.433011 -11176.033072 -0.612896 0.559599 -0.557860 0.685812 0.026078 -0.727312 -0.392455 -0.828353 -0.399763
-1.350891 -297.579176 1788.696325 54367.694134 -0.645897 0.559382 -0.519527 0.716823 0.678501 -0.160631 0.262645 -0.476160 -0.839219
-1.707946 -320.541967 526.245188 60870.507147 -0.616421 0.568002 -0.545343 0.780316 0.533442 -0.326413 0.105506 -0.626748 -0.772046
-4.854288 -33.719559 -2884.345893 -4320.991081 -0.181358 -0.391081 -0.902311 -0.508393 0.822692 -0.254389 0.841811 0.412593 -0.348025
-7.301346 -29.621911 -2813.789888 -4581.665976 -0.090746 -0.538129 -0.837963 -0.504104 0.750492 -0.427365 0.858862 0.383639 -0.339377
-11.261250 -36.004094 -2323.951114 -2937.641605 -0.108956 -0.533319 -0.838868 -0.566103 0.726966 -0.388648 0.817102 0.432540 -0.381121
-18.395706 -54.908627 1359.232258 -451.916955 -0.398481 -0.465064 -0.790524 -0.037480 0.869447 -0.492602 0.916410 -0.166664 -0.363889
-19.077855 -52.399816 2814.585178 -77.205393 -0.392933 -0.401565 -0.827254 0.079989 0.881277 -0.465782 0.916082 -0.249193 -0.314162
-12.200043 -50.768173 4182.369663 -2067.701166 -0.434571 -0.531014 -0.727442 0.023813 0.800640 -0.598672 0.900323 -0.277488 -0.335290
-5.971734 -51.043816 5571.437001 -2806.844142 -0.448733 -0.609902 -0.653191 -0.077586 0.754740 -0.651420 0.890292 -0.241635 -0.385997
-7.695298 -28.942617 -1425.291350 1615.036636 -0.234695 0.821096 0.520308 -0.389772 -0.569835 0.723440 -0.890503 0.033014 -0.453778
-8.631740 -28.486360 -463.518754 2029.556811 -0.240136 0.774403 0.585349 -0.361335 -0.630970 0.686523 -0.900984 0.046648 -0.431338
-10.293581 -32.137144 -1076.231331 1339.355252 -0.246492 0.791542 0.559199 -0.444539 -0.605066 0.660516 -0.861178 0.085774 -0.501015
-8.539803 -32.197464 -1073.452601 1325.826615 -0.235364 0.835245 0.496959 -0.469089 -0.545450 0.694579 -0.851210 0.069639 -0.520184
-7.078496 -29.546975 -727.136581 1008.224783 -0.231951 0.837571 0.494645 -0.389439 -0.545941 0.741812 -0.891368 0.020570 -0.452814
-13.970446 -236.277302 -3544.888594 62744.279541 0.610139 0.677174 0.411298 0.356227 0.229224 -0.905847 0.707695 -0.699208 0.101370
-5.831795 -168.795234 -3657.661528 2340.636324 0.530010 0.636963 0.559792 0.316283 0.464016 -0.827439 0.786800 -0.615603 -0.044472
-31.078518 -249.955690 -5282.796688 45922.920192 0.547780 0.697034 0.462690 0.272182 0.374481 -0.886386 0.791109 -0.611480 -0.015413
-41.170024 -351.907551 -7838.874673 98924.082230 0.635187 0.699828 0.326771 0.368020 0.097728 -0.924668 0.679043 -0.707595 0.195475
-51.211260 -84.005000 1796.158584 7035.129939 -0.199648 0.929499 -0.310115 0.943160 0.268105 0.196389 -0.265687 0.253280 0.930194
-45.761484 -76.022518 990.490446 3644.374423 -0.152823 -0.952280 0.264211 0.949134 -0.066955 0.307671 -0.275298 0.297791 0.914074
-40.145997 -67.420821 971.469729 5207.638263 -0.378844 -0.879203 0.288929 0.912689 -0.303252 0.273929 -0.153221 0.367478 0.917324
77.347019 -98.727092 -2385.621021 188.238880 -0.322241 0.946478 -0.018428 0.102350 0.015481 -0.994628 0.941109 0.322396 0.101860
78.449999 -107.029665 1805.650075 5861.065723 -0.520530 0.852728 -0.043633 0.160703 0.047653 -0.985852 0.838584 0.520177 0.161841
73.152008 -94.771604 3871.402803 11971.510257 -0.494841 0.868662 -0.023651 -0.076841 -0.070850 -0.994523 0.865580 0.490313 -0.101808
68.674319 -100.807214 7982.787367 13733.440291 -0.630287 0.772233 -0.079964 0.067327 -0.048242 -0.996564 0.773438 0.633505 0.021586
79.162941 -96.852311 -2285.348536 5519.661108 -0.278922 0.960193 -0.015262 -0.171684 -0.065496 -0.982973 0.944843 0.271552 -0.183118
74.021825 -82.855568 2527.569711 6545.516811 -0.402896 0.914678 0.032235 -0.246122 -0.074354 -0.966383 0.881532 0.397285 -0.255079
62.515712 -68.476575 8643.191569 9065.422670 -0.575028 0.817005 0.042969 -0.226939 -0.108825 -0.967810 0.786029 0.566269 -0.247988
55.970021 -79.994916 8795.709221 14093.311495 -0.664144 0.745546 -0.055443 -0.072066 -0.137660 -0.987854 0.744123 0.652082 -0.145154
-51.663795 -75.615799 1529.600332 2334.241135 -0.691701 0.670214 -0.269002 -0.227392 -0.555660 -0.799709 0.685450 0.491991 -0.536752
-49.280434 -67.442827 976.949796 -4836.050492 -0.735904 0.572930 -0.360828 0.247985 0.723950 0.643739 0.630039 0.384251 -0.674835
-49.078644 -58.635372 1011.960644 -6711.645959 -0.630785 0.687482 -0.359833 0.423446 0.693567 0.582802 0.650234 0.215253 -0.728602
-0.320082 -22.964171 1719.378987 1752.000001 0.031772 0.960855 0.275225 0.949235 -0.115229 0.292703 -0.312959 -0.251953 0.915738
3.959081 -23.160526 2217.328144 -437.931571 -0.055697 0.967322 0.247358 0.959045 -0.017079 0.282737 -0.277722 -0.252975 0.926754
18.233653 -26.243753 7999.978125 1557.320980 0.045723 0.962195 0.268498 0.946112 -0.127970 0.297482 -0.320596 -0.240427 0.916195
-1.312811 -21.065759 -827.941146 -1509.428349 -0.142374 0.964653 0.221754 0.946870 0.067461 0.314463 -0.288388 -0.254743 0.923005
14.641050 -29.363841 8673.021984 3432.826227 0.134474 0.950804 0.279084 0.923943 -0.222094 0.311453 -0.358114 -0.215976 0.908355
-7.492667 -23.902589 -495.187568 3723.121515 0.113267 0.940961 0.319003 0.931154 -0.212531 0.296282 -0.346588 -0.263482 0.900252
-3.801857 -19.128761 -1235.731082 586.238477 -0.160394 0.960794 0.226160 0.934598 0.074130 0.347895 -0.317490 -0.267169 0.909847
-2.852460 -27.610176 3503.486822 4110.336544 0.201732 0.926401 0.317939 0.913021 -0.295371 0.281333 -0.354537 -0.233531 0.905410
4.055997 -2.225884 5942.618483 -1225.657867 -0.719492 -0.027498 -0.693957 -0.222319 0.955756 0.192627 0.657956 0.292873 -0.693772
-0.067651 -6.678343 -2922.482102 4741.551389 0.181059 0.839306 0.512624 -0.726010 0.465679 -0.506017 0.663421 0.280551 -0.693660
16.985427 3.177031 7147.756392 -1649.808365 -0.661887 -0.193743 -0.724134 -0.338474 0.939180 0.058100 0.668836 0.283556 -0.687208
-5.566736 -11.222758 -1189.636539 5481.727679 -0.196365 0.956499 0.215758 -0.720836 0.008349 -0.693056 0.664708 0.291618 -0.687839
22.380446 -0.906486 7951.054339 -1135.761678 -0.706542 -0.015482 -0.707502 -0.218400 0.955729 0.197190 0.673127 0.293841 -0.678644
12.042419 -5.356357 6776.074515 -915.295112 -0.735412 0.083189 -0.672495 -0.145477 0.949912 0.276593 0.661820 0.301242 -0.686474
-2.304052 -7.978190 4926.760127 -2102.425856 -0.749930 0.377493 -0.543235 0.096645 0.874906 0.474552 0.654420 0.303380 -0.692601
5.495188 -44.857078 -495.009718 1700.907457 0.399640 0.916670 -0.001962 0.106920 -0.048740 -0.993072 0.910415 -0.396662 0.117489
4.548590 -46.900865 119.180905 -2185.233639 0.394429 0.918591 0.024818 0.258012 -0.084784 -0.962415 0.881961 -0.386008 0.270448
6.176919 -47.112716 -1370.511877 345.682799 0.403964 0.914161 0.033514 0.180179 -0.043595 -0.982667 0.896855 -0.403001 0.182324
6.930497 -45.002265 -716.837532 2903.751952 0.393921 0.919116 0.007278 0.036127 -0.007571 -0.999319 0.918434 -0.393915 0.036187
6.073781 -45.562335 -1009.033179 3201.534009 0.402827 0.915215 -0.010567 -0.005006 -0.009342 -0.999944 0.915262 -0.402858 -0.000818
5.765731 -52.970352 -207.207311 970.084442 0.117925 0.984729 -0.128073 -0.892022 0.161717 0.422071 -0.436337 -0.064472 -0.897470
4.138908 -53.148802 -356.226265 966.895947 0.088791 0.989736 -0.111976 -0.845820 0.134292 0.516288 -0.526027 -0.048870 -0.849063
6.046399 -52.657550 990.271978 783.914454 0.131792 0.983975 -0.120103 -0.873395 0.172568 0.455414 -0.468842 -0.044877 -0.882141
7.688564 -53.746934 1145.737883 575.671900 0.157699 0.978581 -0.132327 -0.911667 0.195771 0.361299 -0.379466 -0.063662 -0.923013
6.522430 -55.930997 314.648054 1099.949924 0.148526 0.980123 -0.131523 -0.924171 0.184899 0.334245 -0.351920 -0.071906 -0.933264
3.029243 -94.699076 37.225276 -7694.554690 -0.036325 0.967797 0.249096 0.819921 0.171365 -0.546227 0.571323 -0.184398 0.799742
5.588545 -98.775282 251.891224 2530.303092 -0.041084 0.969476 0.241718 0.632856 0.212456 -0.744551 0.773179 -0.122384 0.622268
3.282496 -83.667227 3196.428593 3957.276990 0.174931 -0.949237 -0.261436 0.980590 0.191851 -0.040454 0.088557 -0.249285 0.964373
5.953489 -79.833651 2847.054440 1215.342766 0.116679 -0.961285 -0.249636 0.975315 0.158349 -0.153903 0.187474 -0.225516 0.956031
1.578538 -75.424663 -173.855307 1389.599798 -0.116840 0.965910 0.231011 0.957180 0.171554 -0.233186 0.264868 -0.193874 0.944594
-0.509354 -69.602599 283.990334 1172.139176 0.126593 -0.964853 -0.230289 0.972644 0.166323 -0.162174 0.194777 -0.203459 0.959514
-0.954351 -133.696208 521.259655 2817.740671 0.262434 0.951936 0.157942 -0.514224 0.276467 -0.811874 0.816518 -0.131846 -0.562063
1.464711 -131.262081 -383.510447 5223.310595 0.239481 0.964191 0.113947 -0.736802 0.256912 -0.625395 0.632275 -0.065814 -0.771944
2.291150 -113.108586 164.285568 3903.245857 0.206268 0.973839 0.095350 -0.812162 0.224740 -0.538410 0.545753 -0.033618 -0.837271
-1.396957 -128.865164 -757.289616 3384.897919 0.278840 0.947988 0.153517 -0.432311 0.266653 -0.861396 0.857529 -0.173825 -0.484179
0.218832 -66.023378 147.565238 -4134.862072 -0.028188 0.971130 0.236880 0.446347 -0.199809 0.872267 -0.894416 -0.130318 0.427829
0.908855 -68.885412 628.045307 -3601.621059 -0.028769 0.974169 0.223981 0.457497 -0.186395 0.869456 -0.888746 -0.127484 0.440316
1.071704 -63.542673 281.864210 -880.698351 -0.022201 0.968538 0.247873 0.390709 -0.219812 0.893885 -0.920247 -0.116692 0.373536
1.249283 -63.080897 -112.018756 938.102728 -0.017668 0.962141 0.271980 0.356221 -0.248115 0.900858 -0.934235 -0.112802 0.338351
0.493158 -60.167394 -169.470954 -3024.153869 -0.015096 0.964119 0.265042 0.403235 -0.236691 0.883956 -0.914972 -0.120218 0.385193
-9.023263 -37.326180 -1292.848793 5205.435079 0.255659 0.960518 0.109743 -0.289505 0.184370 -0.939252 0.922402 -0.208357 -0.325211
-9.630616 -32.554196 -1863.076886 4296.526824 0.245118 0.963206 0.110231 -0.333351 0.190503 -0.923356 0.910381 -0.189586 -0.367781
-13.015956 -35.669354 -2062.957828 3821.170481 0.196936 0.979711 0.037181 -0.325305 0.101073 -0.940192 0.924874 -0.173063 -0.338610
-12.086919 -40.617191 -1286.205572 3733.323869 0.208289 0.976946 0.046817 -0.263899 0.102227 -0.959118 0.941793 -0.187418 -0.279108
