11328
22647
-43.640077 -67.667583 -1531.952336 7926.452501 0.030223 0.999053 0.031301 0.784335 -0.004293 -0.620323 0.619601 -0.043298 0.783722
-50.736795 -77.100202 -1374.851001 4317.487205 -0.053689 0.997647 0.042629 0.880543 0.067433 -0.469145 0.470916 -0.012349 0.882092
-31.078954 -81.070307 -4384.367301 9305.050428 -0.073497 0.974074 0.213960 0.826456 0.179566 -0.533597 0.558183 -0.137610 0.818227
-50.130201 -67.438240 -187.945696 6279.830096 0.261766 0.920281 -0.290793 0.745727 -0.384127 -0.544370 0.612675 0.074354 0.786830
-35.776277 -60.978405 -2964.704818 9119.458275 0.033998 0.989718 0.138930 0.715533 0.072946 -0.694760 0.697751 -0.123029 0.705696
-40.477102 -55.322438 234.029364 5990.560150 0.282385 0.924282 -0.256829 0.660185 -0.381483 -0.647013 0.695998 -0.013152 0.717923
-8.186960 -32.680580 3816.776951 842.862025 0.486776 0.845619 -0.219036 0.073587 -0.289554 -0.954329 0.870422 -0.448427 0.203174
9.929061 -33.201488 -6108.016732 -2330.914446 0.575746 0.815555 0.058190 0.109498 -0.006380 -0.993967 0.810264 -0.578644 0.092975
7.506861 -50.723673 4640.269609 -6915.401493 0.485072 0.819601 -0.304892 0.127387 -0.411166 -0.902616 0.865146 -0.398994 0.303852
-3.085174 -42.151059 5985.940005 -2275.446397 0.459620 0.774366 -0.434863 0.059466 -0.515381 -0.854895 0.886122 -0.367068 0.282928
-3.234445 -137.766749 1621.974728 -8633.903218 -0.205005 0.843472 -0.496517 0.135523 0.526867 0.839074 -0.969333 -0.104725 0.222320
-2.166459 -144.762760 2146.400197 485.378607 -0.200282 0.838201 -0.507254 0.453701 0.538233 0.710254 -0.868356 0.087890 0.488091
0.959300 -135.471901 2387.346830 -3362.886247 -0.171323 0.848476 -0.500735 0.249633 0.529049 0.811043 -0.953064 -0.013950 0.302446
-0.565257 -123.610471 1191.259332 -6724.497797 -0.192139 0.841901 -0.504267 0.037292 0.519734 0.853514 -0.980659 -0.145188 0.131257
1.194841 -126.893713 1946.920087 -8168.492288 -0.180267 0.857797 -0.481339 -0.026573 0.484930 0.874149 -0.983259 -0.170371 0.064623
4.682129 -138.540023 2395.695004 470.576832 -0.174691 0.850563 -0.496009 0.338487 0.524930 0.780945 -0.924613 0.031469 0.379605
-13.106817 -145.144960 -417.990720 -25873.710274 -0.090628 0.845582 -0.526097 0.914957 -0.137901 -0.379259 -0.393244 -0.515727 -0.761173
-13.504385 -185.263369 1162.861947 -32886.167983 -0.079776 0.868490 -0.489245 0.963671 -0.058313 -0.260650 -0.254901 -0.492265 -0.832286
-12.338081 -171.021686 191.378080 -20051.761086 -0.095032 0.841733 -0.531465 0.994230 0.053567 -0.092940 -0.049761 -0.537230 -0.841966
-10.993289 -194.870948 10.812698 -13093.096998 -0.069984 0.857078 -0.510411 0.980865 0.152309 0.121266 0.181675 -0.492158 -0.851337
-11.139353 -185.127894 1066.285737 1918.591338 -0.100622 0.846152 -0.523356 0.931425 0.265028 0.249413 0.349746 -0.462371 -0.814795
-3.787502 -44.184931 -559.846395 -12.668816 0.405878 0.814295 -0.414955 -0.364370 0.560566 0.743639 -0.838151 0.150630 -0.524226
-2.283851 -43.502571 -896.168521 184.052022 0.396301 0.818493 -0.415950 -0.480740 0.570966 0.665498 -0.782198 0.063774 -0.619757
-1.704645 -44.914621 -1241.089071 20.430530 0.385275 0.825493 -0.412462 -0.362987 0.546504 0.754702 -0.848413 0.141049 -0.510197
-19.010280 -65.899086 -324.895134 4046.249454 -0.125121 -0.985575 -0.113960 0.991722 -0.120901 -0.043246 0.028844 -0.118427 0.992544
-26.857023 -91.027238 752.610579 15020.381137 -0.004943 -0.994947 -0.100277 0.996582 -0.013170 0.081551 -0.082459 -0.099532 0.991612
-20.890306 -95.187956 1966.840907 14204.336007 0.115423 -0.982699 -0.144847 0.987665 0.098007 0.122115 -0.105807 -0.157155 0.981890
-24.012324 -79.018056 1795.317935 10227.359563 0.242232 0.969120 0.046158 0.968613 -0.244293 0.045926 -0.055784 -0.033584 0.997878
-14.148886 -79.920176 948.251586 10742.243820 0.068407 -0.987484 -0.142112 0.997637 0.068630 0.003338 0.006457 -0.142004 0.989845
-11.341222 -66.311984 196.521283 -258.567009 -0.095516 -0.984081 -0.149874 0.985670 -0.072471 -0.152322 0.139036 -0.162275 0.976901
2.515689 -138.691210 -234.532797 -7077.026367 0.094957 0.991513 0.088797 -0.675777 -0.001294 0.737105 -0.730964 0.130000 -0.669919
2.987735 -142.502067 81.532907 -2021.832572 0.124447 0.987433 0.097410 -0.825991 0.048701 0.561575 -0.549774 0.150346 -0.821672
2.635485 -145.621554 290.871647 -4926.543572 0.106753 0.987102 0.119302 -0.660806 -0.019219 0.750310 -0.742926 0.158933 -0.650232
-36.284315 -57.708079 10478.074377 4043.316357 0.895303 -0.057509 -0.441729 -0.393496 -0.566887 -0.723740 0.208789 -0.821786 0.530165
-39.089668 -68.781146 4626.690060 1964.298914 0.971178 0.177387 -0.159211 0.017572 -0.719415 -0.694358 0.237708 -0.671547 0.701797
-47.082123 -73.299303 5298.452348 4268.663924 0.981805 0.185215 -0.041874 0.090679 -0.651054 -0.753596 0.166840 -0.736087 0.656003
10.047038 -30.642241 -1386.661074 -4937.626059 0.639089 -0.105028 0.761928 -0.537688 0.647333 0.540233 0.549961 0.754936 -0.357231
3.918576 -36.549833 -3172.395072 -6182.104803 0.689458 -0.122959 0.713813 -0.507279 0.621474 0.597024 0.517026 0.773725 -0.366106
8.543638 -26.101249 -2967.045632 -5502.173934 0.680667 -0.117270 0.723146 -0.482009 0.671663 0.562616 0.551688 0.731517 -0.400653
14.891889 -17.092222 -1345.724003 -2776.450597 0.591547 -0.063018 0.803804 -0.551528 0.695578 0.460422 0.588123 0.715682 -0.376711
14.341926 -21.028086 692.791448 3573.619367 0.542411 -0.061893 0.837830 0.590420 -0.681384 -0.432574 0.597657 0.729305 -0.333047
10.468883 -28.910474 912.346430 3637.553325 0.572843 -0.088236 0.814902 0.597300 -0.635904 -0.488732 0.561323 0.766707 -0.311570
26.658755 -126.757531 6031.278300 6297.658610 -0.284572 0.835020 -0.470915 -0.031974 0.482684 0.875211 -0.958121 -0.264118 0.110659
14.909594 -117.140335 3739.213065 7184.752353 -0.261089 0.850264 -0.457038 0.219443 0.513344 0.829652 -0.940041 -0.116319 0.320613
27.961588 -116.983032 5301.227960 7661.150491 -0.306992 0.779578 -0.545906 0.044353 0.584701 0.810036 -0.950678 -0.224462 0.214075
60.397600 -118.211652 14131.694574 5563.621730 -0.267406 0.726451 -0.633058 -0.228408 0.590472 0.774062 -0.936122 -0.351585 -0.008032
40.053140 -101.449093 -2201.024397 6924.859129 0.454846 -0.573832 0.681052 -0.112408 0.721629 0.683093 -0.883448 -0.387257 0.263727
-9.212430 -175.145320 600.551891 -12857.308794 -0.191004 0.721347 -0.665715 -0.416394 -0.673699 -0.610528 0.888894 -0.160587 -0.429044
-11.304460 -160.340604 -587.000492 3804.008015 -0.161781 0.762078 -0.626948 -0.117643 -0.645681 -0.754491 0.979789 0.048307 -0.194112
-12.999153 -185.382283 -564.642448 1338.643652 -0.142914 0.743457 -0.653336 -0.251037 -0.665754 -0.702675 0.957369 -0.063590 -0.281781
-12.725193 -228.988847 1186.770103 -23179.817526 -0.181693 0.706406 -0.684089 -0.539422 -0.653257 -0.531299 0.822199 -0.272479 -0.499743
-8.564252 -508.404957 3409.921822 -136724.390561 -0.225646 0.691408 -0.686322 -0.680199 -0.616157 -0.397090 0.697433 -0.377234 -0.609328
-10.026040 -21.943516 6445.589174 132.685215 0.392908 0.919012 0.032261 0.788547 -0.318666 -0.525971 0.473093 -0.232098 0.849890
-17.859219 -33.684432 593.482730 4902.527859 0.872441 0.356606 -0.334184 -0.199030 0.883775 0.423473 0.446356 -0.302943 0.842017
-17.367086 -34.413848 -1071.220139 5208.563215 0.875064 0.254380 -0.411770 -0.076222 0.912561 0.401774 0.477968 -0.320192 0.817939
-10.284748 -25.989364 5946.597958 2407.953983 0.324180 0.941854 0.088417 0.846613 -0.247151 -0.471341 0.422082 -0.227655 0.877508
5.966342 -23.118430 11331.601075 -1595.443545 0.167998 0.974999 0.145446 0.846851 -0.067217 -0.527566 0.504599 -0.211801 0.836971
27.550562 -20.943520 14041.190695 753.604906 0.126537 0.979412 0.157293 0.874048 -0.035103 -0.484570 0.469072 -0.198797 0.860494
11.833583 -20.368396 10984.322276 2416.365961 0.138579 0.980176 0.141603 0.883466 -0.057740 -0.464924 0.447531 -0.189530 0.873953
-14.151284 -31.929668 645.033414 -495.008901 -0.481741 0.806571 0.342591 0.188572 0.477202 -0.858323 0.855784 0.348886 0.381984
-13.040972 -33.718392 646.066743 -478.166720 -0.527246 0.767969 0.363641 0.140897 0.501049 -0.853872 0.837950 0.398965 0.372381
-12.830519 -31.650138 503.788102 -301.468827 -0.482112 0.830644 0.278566 0.286655 0.450013 -0.845764 0.827887 0.327901 0.455065
-14.780371 -33.433778 712.369775 -426.341098 -0.489183 0.777057 0.396085 0.072630 0.488847 -0.869341 0.869152 0.396499 0.295573
-13.408019 -29.558289 247.730037 -338.120734 -0.417227 0.880192 0.226240 0.341221 0.382451 -0.858661 0.842312 0.281058 0.459909
-15.514205 -30.125513 519.296111 -459.850353 -0.424637 0.858105 0.288686 0.245144 0.415927 -0.875733 0.871543 0.301099 0.386977
-16.749594 -32.038408 645.486441 -551.069224 -0.441908 0.816872 0.370725 0.119443 0.463167 -0.878185 0.889073 0.343796 0.302247
0.141827 -95.506157 4978.765517 11683.452085 0.679814 0.631156 -0.373492 0.719763 -0.671884 0.174680 -0.140693 -0.387575 -0.911038
-16.606357 -110.952759 -1314.116919 -28774.821496 0.844669 0.393692 -0.362686 -0.481442 0.854909 -0.193248 -0.233983 -0.337842 -0.911655
24.851072 -68.654037 53471.615128 18343.895480 0.450706 0.838793 -0.305434 -0.860351 0.499406 0.101930 -0.238034 -0.216840 -0.946742
11.970098 -133.038146 -1240.302971 6092.100390 0.379678 0.914394 0.140460 0.062654 0.126064 -0.990042 0.922995 -0.384697 0.009427
19.634262 -131.996358 -1427.899191 18268.544776 0.332028 0.942044 0.048062 0.099088 0.015837 -0.994953 0.938050 -0.335115 0.088087
11.592741 -130.244027 -1408.710157 9760.466852 0.377299 0.917355 0.126904 -0.039052 0.152670 -0.987505 0.925268 -0.367629 -0.093427
6.059424 -143.062255 -755.033278 -14178.898268 0.405210 0.896986 0.176695 -0.052528 0.215796 -0.975024 0.912714 -0.385808 -0.134560
7.182213 -145.140312 -1318.600902 -12106.437631 0.385936 0.911069 0.144936 -0.137270 0.212072 -0.967565 0.912256 -0.353523 -0.206909
70.106625 -237.141972 15642.364834 -49689.969518 0.146144 0.400354 -0.904632 -0.669913 0.712917 0.207283 0.727914 0.575732 0.372390
49.383550 -265.442022 -10000.239653 65993.164756 -0.172574 -0.408992 0.896071 0.789455 -0.601464 -0.122484 0.589049 0.686270 0.426678
32.293563 -124.981323 4165.701333 -11979.770215 0.097817 0.445613 -0.889866 -0.714522 0.653848 0.248881 0.692741 0.611484 0.382358
74.675259 -1348.676868 -18825.345393 368286.807948 -0.351879 -0.389504 0.851157 0.799775 -0.597571 0.057178 0.486355 0.700854 0.521788
113.564726 -435.895245 39558.641201 -116306.391582 0.222787 0.481148 -0.847858 -0.627283 0.736507 0.253129 0.746245 0.475452 0.465900
-20.564943 -69.980761 -6055.464249 -10061.637446 0.232564 0.940822 0.246512 0.266505 -0.305406 0.914168 -0.935355 0.146906 0.321760
-28.085591 -49.381249 -2581.678226 -3218.123634 0.163387 0.980414 -0.109969 0.276098 0.061573 0.959155 -0.947140 0.187076 0.260630
-16.551335 -47.120820 -3409.565963 -4722.812729 0.143900 0.989430 -0.017934 0.174947 -0.007598 0.984549 -0.974005 0.144814 0.174191
-7.388673 -66.500828 -4636.416641 -8999.166644 0.174509 0.965133 0.195103 0.216276 -0.230875 0.948642 -0.960610 0.123350 0.249025
-8.975778 -77.346296 -8033.489802 -6832.251550 0.145458 0.947270 0.285520 0.379753 -0.319940 0.868001 -0.913581 0.017831 0.406266
11.403342 -115.711146 2837.178275 -5446.164846 0.917789 0.285289 0.276175 -0.169178 0.910206 -0.378027 -0.359223 0.300226 0.883642
19.715595 -101.836699 2441.151164 -2590.405501 0.920465 0.230925 0.315307 -0.182465 0.967365 -0.175817 -0.345617 0.104300 0.932561
14.707662 -108.342853 1405.643204 -4067.619284 0.903377 0.257793 0.342714 -0.121403 0.920192 -0.372166 -0.411305 0.294599 0.862577
22.149277 -98.460273 693.347374 -3781.358273 0.909541 0.189985 0.369648 -0.137373 0.976841 -0.164045 -0.392254 0.098426 0.914576
6.041984 -114.549901 879.234926 4042.208794 0.901674 0.295549 0.315649 0.062740 -0.811659 0.580752 -0.427840 0.503846 0.750395
6.101724 -50.949471 -287.674200 -673.352982 -0.373962 0.902882 0.212031 0.900474 0.298739 0.316073 0.222035 0.309127 -0.924738
8.142428 -49.218738 256.080236 -867.721988 -0.383199 0.897107 0.219903 0.916846 0.340555 0.208367 0.112038 0.281463 -0.953009
5.619392 -48.679948 -2159.235834 -1172.091839 -0.395259 0.902430 0.171435 0.902193 0.346307 0.257137 0.172679 0.256303 -0.951047
5.739141 -49.986058 2477.191945 -960.464342 -0.374871 0.887771 0.267087 0.919395 0.318993 0.230121 0.119096 0.331824 -0.935793
3.057754 -49.209160 -1697.574406 -177.071080 -0.381358 0.906354 0.181905 0.880990 0.296722 0.368527 0.280041 0.300798 -0.911646
5.113187 -51.478791 1808.991267 258.948433 -0.367621 0.891616 0.264339 0.896394 0.264037 0.356036 0.247652 0.367838 -0.896305
6.343426 -49.874854 728.649256 -1297.500821 -0.367846 0.899289 0.236577 -0.849399 -0.221413 -0.479058 0.378431 0.377168 -0.845301
4.991318 -49.975217 -1682.762482 -221.044172 -0.361378 0.913601 0.186382 -0.864549 -0.253444 -0.433961 0.349230 0.317960 -0.881442
-6.957839 -53.865503 -303.675200 -743.036968 -0.512998 0.838469 0.183855 0.648822 0.238521 0.722590 -0.562016 -0.489977 0.666378
-4.994916 -53.601687 -937.324327 198.281132 -0.541586 0.818356 0.192298 0.672209 0.284227 0.683630 -0.504797 -0.499508 0.704040
-7.495912 -55.288731 700.115818 82.053156 0.531973 -0.827856 -0.177930 0.728582 0.340433 0.594368 -0.431478 -0.445824 0.784262
-5.575976 -53.458987 -801.874082 78.416061 -0.555242 0.812821 0.176149 0.558753 0.207687 0.802908 -0.616036 -0.544232 0.569483
-9.927919 -56.566659 -340.998806 -1088.174281 -0.512951 0.843977 0.156793 0.700822 0.306257 0.644247 -0.495711 -0.440351 0.748573
-9.186603 -53.503383 18.304845 -1593.632813 -0.490512 0.855194 0.167455 0.613983 0.202794 0.762823 -0.618403 -0.476988 0.624547
-7.099773 -52.122622 -190.654630 -726.616012 -0.521741 0.836426 0.167865 0.528187 0.162193 0.833494 -0.669929 -0.523531 0.526412
8.507465 -96.653184 -376.406165 -3072.307615 -0.640070 0.767621 -0.032687 -0.766199 -0.640884 -0.046969 0.057003 0.005019 -0.998361
9.670021 -100.811050 -1181.035433 67.681161 -0.660035 0.750572 -0.031558 0.751096 0.660138 -0.008539 0.014424 -0.029339 -0.999465
7.252995 -96.498997 -918.674571 -7130.081193 -0.659920 0.750441 -0.036670 0.733148 0.632503 -0.249869 -0.164318 -0.191778 -0.967585
5.183314 -92.010250 516.460933 -3283.181090 -0.636533 0.770705 -0.028975 0.760971 0.621494 -0.186197 -0.125495 -0.140570 -0.982085
8.010903 -89.162589 735.103179 -3066.431545 -0.601381 0.798109 -0.036914 -0.794238 -0.602203 -0.080852 0.086758 0.019305 -0.996042
-0.997491 -91.139375 45.698477 10246.786968 -0.563325 0.825684 0.030185 0.164540 0.076307 0.983414 -0.809686 -0.558949 0.178843
-0.857668 -91.204482 -10.561709 9750.489570 -0.561631 0.825832 0.050723 0.180204 0.062259 0.981657 -0.807525 -0.560469 0.183785
-2.407274 -112.051253 -116.049143 10861.924133 -0.562310 0.826518 0.025987 -0.029294 -0.051316 0.998253 -0.826407 -0.560566 -0.053068
-0.393338 -74.762994 152.469244 5088.619752 -0.563273 0.825206 0.041924 0.318458 0.169996 0.932570 -0.762435 -0.538643 0.358547
-1.789039 -112.661019 -121.794216 11165.401872 -0.567056 0.823655 0.006271 -0.039871 -0.035053 0.998590 -0.822713 -0.566007 -0.052717
-0.661847 -74.348115 150.131548 5620.686361 -0.562530 0.825908 0.037895 0.310245 0.168380 0.935626 -0.766361 -0.538074 0.350953
-0.850415 -91.222248 4.639613 10550.622792 -0.568576 0.822478 0.015862 0.151566 0.085786 0.984718 -0.808548 -0.562291 0.173435
2.069475 -76.994738 -861.270687 2344.544458 -0.686891 0.725584 0.041344 0.384489 0.314533 0.867892 -0.616724 -0.612044 0.495029
4.003565 -85.473585 -394.389924 1327.819768 -0.681045 0.732111 0.013840 0.244601 0.209643 0.946689 -0.690180 -0.648123 0.321851
3.047676 -79.342820 -299.880798 3447.126229 -0.671813 0.738854 0.052566 0.424358 0.325744 0.844874 -0.607115 -0.589904 0.532377
85.691037 -26.108135 3.634713 -921.225952 0.463768 0.346104 0.815556 0.061241 0.905812 -0.419231 -0.883837 0.244371 0.398891
75.322551 -22.288930 -356.558869 273.580819 0.614433 0.204069 0.762121 0.104216 0.936513 -0.334786 -0.782056 0.285128 0.554157
66.472764 -19.863688 1155.105159 1179.174269 0.523678 0.335342 0.783139 0.021705 0.913717 -0.405770 -0.851640 0.229491 0.471215
-5.898132 -88.860428 849.479091 -3698.606995 0.974004 0.220861 0.050358 0.167915 -0.554699 -0.814931 0.152053 -0.802203 0.577365
-5.706697 -82.037413 -367.311482 -2854.352832 0.967274 0.239017 0.085154 0.207687 -0.553028 -0.806862 0.145761 -0.798142 0.584571
-3.772725 -85.605601 1097.356221 2565.390747 0.964124 0.249194 0.091478 0.235743 -0.645348 -0.726603 0.122030 -0.722100 0.680941
34.905995 -40.945388 10500.777010 -949.953674 -0.200686 0.914630 0.350965 0.481603 -0.219865 0.848362 -0.853103 -0.339280 0.396365
51.419508 -40.059234 9657.295167 -599.969841 -0.195391 0.823413 0.532741 0.523892 -0.371578 0.766464 -0.829071 -0.428859 0.358777
18.281378 -37.989718 5326.203331 -495.552680 -0.233608 0.887015 0.398285 0.375338 -0.295605 0.878487 -0.896966 -0.354713 0.263875
-10.694062 -125.200291 -69.121072 -2476.863025 0.967432 0.108379 0.228755 -0.086339 0.990793 -0.104278 -0.237951 0.081131 0.967883
-9.517682 -129.884356 2043.269883 3022.445518 0.982078 0.039974 0.184186 -0.054132 0.995899 0.072494 -0.180533 -0.081165 0.980214
-14.879509 -165.153386 -514.896383 -16012.633588 0.967455 0.156190 0.199085 -0.113001 0.970633 -0.212373 -0.226409 0.182965 0.956694
-17.249171 -215.475614 -2445.781978 36848.452784 0.955972 0.192999 0.221064 0.080962 -0.897525 0.433468 -0.282069 0.396485 0.873634
-14.302255 -231.133074 -1604.461840 32881.366309 0.949226 0.200407 0.242499 0.044476 -0.848581 0.527192 -0.311434 0.489639 0.814409
-14.847666 -135.647758 1955.306079 19406.683818 0.982004 0.115346 0.149542 0.075014 -0.964904 0.251661 -0.173321 0.235915 0.956192
-13.320059 -164.719368 -1877.290015 -17762.187715 0.953274 0.174762 0.246428 -0.097272 0.949814 -0.297306 -0.286019 0.259443 0.922433
-6.809295 -91.305862 686.866912 -5347.112304 0.981292 0.192342 0.008440 0.096192 -0.451836 -0.886900 0.166775 -0.871119 0.461885
-4.701680 -92.181917 148.756055 -2829.290573 0.979208 0.196530 0.050273 0.150500 -0.537646 -0.829630 0.136018 -0.819947 0.556045
-5.272161 -101.005270 -350.928960 -2892.944011 0.984168 0.174504 0.031024 0.103655 -0.424700 -0.899381 0.143770 -0.888357 0.436064
-4.506739 -108.674740 -1334.445060 -5969.366020 0.988793 0.149190 -0.005522 0.035654 -0.271895 -0.961666 0.144973 -0.950692 0.274167
-6.569090 -103.502312 135.854911 -7241.371700 0.983414 0.181285 0.005638 0.064587 -0.320976 -0.944883 0.169484 -0.929575 0.327361
-7.630473 -915.732009 9996.310828 312006.097509 0.923796 0.347029 -0.161778 -0.190717 0.050679 -0.980336 0.332006 -0.936484 -0.113002
-36.352180 -243.817875 6975.841509 82995.810496 0.927353 0.216148 -0.305444 -0.349203 0.206642 -0.913978 0.134437 -0.954242 -0.267110
-43.167691 -90.912003 2394.087555 43269.127013 0.950013 0.148178 -0.274808 -0.301006 0.200997 -0.932199 0.082896 -0.968320 -0.235552
-15.354103 -41.657667 -2391.093083 1905.771791 0.277970 0.894589 0.349920 -0.785329 0.421412 -0.453510 0.553165 0.148740 -0.819686
-11.292396 -42.624029 -2538.904116 1268.915675 0.211253 0.941364 0.263071 -0.810308 0.319182 -0.491450 0.546601 0.109348 -0.830223
-15.804320 -38.703111 -1247.140200 1608.921578 0.204324 0.928451 0.310212 -0.856756 0.322903 -0.402123 0.473520 0.183612 -0.861432
-18.140985 -37.568103 -122.174581 1628.086456 0.223658 0.901287 0.371025 -0.840738 0.370981 -0.394375 0.493088 0.223730 -0.840719
-15.642108 -34.858113 -151.105511 1279.471175 0.095068 0.954457 0.282798 -0.913972 0.196265 -0.355155 0.394484 0.224705 -0.891005
-17.187691 -34.812928 221.700820 1392.788737 0.140606 0.932243 0.333396 -0.889268 0.266948 -0.371403 0.435237 0.244257 -0.866549
3.049005 -159.499274 -334.338425 18738.535723 -0.343660 0.934662 -0.091124 -0.245219 -0.182982 -0.952043 0.906513 0.304834 -0.292080
5.007988 -140.318919 -627.655612 17333.076041 -0.331685 0.937968 -0.100995 -0.470383 -0.257230 -0.844140 0.817756 0.232482 -0.526524
2.258925 -144.882024 -356.787953 9364.968640 -0.343998 0.933007 -0.105659 -0.225540 -0.191335 -0.955261 0.911481 0.304778 -0.276249
0.689609 -158.478124 -41.733804 901.133907 -0.360571 0.928580 -0.087904 -0.006582 -0.096774 -0.995285 0.932709 0.358292 -0.041006
0.609345 -146.200866 -10.251808 -3485.053737 -0.358071 0.927819 -0.104578 -0.069808 -0.138293 -0.987928 0.931081 0.346448 -0.114288
-35.146057 -382.295027 4366.205434 -82154.956429 0.802375 0.130240 0.582436 0.506749 0.366859 -0.780141 0.315277 -0.921115 -0.228359
20.959530 -1667.949309 60695.640004 -512936.668352 0.680472 -0.112749 0.724048 0.561363 0.715302 -0.416191 0.470987 -0.689660 -0.550036
-55.866958 -2070.973658 -14298.048429 -639683.394551 -0.790595 -0.127478 -0.598923 0.200560 0.870232 -0.449969 0.578563 -0.475864 -0.662434
-23.035507 -407.687602 2647.628383 -97837.927518 0.806258 0.123697 0.578487 0.496981 0.388785 -0.775794 0.320871 -0.912987 -0.251986
29.270894 -3667.935168 -17499.696726 1321890.711213 -0.756259 -0.040175 -0.653037 -0.155350 0.980595 0.119579 0.635561 0.191882 -0.747826
-40.894141 -2320.106563 -13924.998420 -807952.253972 -0.768552 -0.135244 -0.625330 0.268201 0.819271 -0.506817 0.580858 -0.557229 -0.593379
-40.890624 -74.839790 -1546.497019 -1611.411190 0.033427 0.993642 0.107512 0.948556 0.002346 -0.316601 0.314840 -0.112564 0.942446
-57.373161 -81.033958 739.657478 -408.921079 0.014202 0.999445 -0.030135 0.973043 -0.020753 -0.229687 0.230185 0.026060 0.972798
-52.832663 -76.076394 -1034.408878 4219.931430 0.229348 0.951162 -0.206616 0.872025 -0.295093 -0.390504 0.432403 0.090613 0.897116
-7.654613 -136.808622 1228.485990 -543.813692 -0.215943 0.845214 -0.488858 0.416045 0.532595 0.737054 -0.883332 0.044226 0.466657
-7.539565 -138.270698 1813.266056 4708.462494 -0.210266 0.846507 -0.489096 0.629664 0.499960 0.594612 -0.747872 0.182939 0.638139
-1.759858 -145.413785 2086.648404 7940.161374 -0.185677 0.842211 -0.506167 0.715600 0.468914 0.517722 -0.673380 0.266084 0.689753
-12.644745 -123.949479 1255.014283 25051.388867 -0.049783 0.883367 -0.466030 -0.892010 0.170567 0.418599 -0.449266 -0.436542 -0.779481
-11.903026 -180.052241 203.845418 -31226.343370 -0.043440 0.872582 -0.486533 0.985215 -0.043367 -0.165742 -0.165723 -0.486539 -0.857797
-5.036279 -44.091739 -181.126560 -96.968745 0.414517 0.820621 -0.393392 -0.548908 0.570248 0.611161 -0.725862 0.037401 -0.686823
-4.041592 -42.882444 -255.356353 -138.547070 0.414491 0.821439 -0.391708 -0.571499 0.569915 0.590412 -0.708228 0.020859 -0.705676
-4.603949 -44.059148 463.381830 -180.384397 0.433797 0.808384 -0.397915 -0.445005 0.576233 0.685512 -0.783448 0.120299 -0.609703
4.161717 -98.572942 -1384.328336 3844.072932 0.189051 0.978883 -0.077771 -0.711505 0.191134 0.676187 -0.676772 0.072499 -0.732614
2.379575 -91.610469 -575.047592 6718.479868 0.264326 0.953083 -0.147526 -0.683976 0.293096 0.668035 -0.679933 0.075675 -0.729359
12.482265 -109.716742 -3596.493485 6753.708610 0.230526 0.958839 -0.165788 -0.816019 0.283305 0.503837 -0.530067 -0.019139 -0.847740
-2.923419 -77.289526 117.228457 7263.239304 0.212526 0.973961 -0.078940 -0.553578 0.186578 0.811628 -0.805223 0.128793 -0.578816
13.040136 -108.094380 -2507.654107 -3029.894282 0.157505 0.984333 -0.079252 -0.852626 0.176041 0.491974 -0.498218 0.009916 -0.866995
-0.504712 -84.021050 -432.636971 8281.753935 0.159852 0.987118 -0.006719 -0.552616 0.095126 0.827989 -0.817963 0.128643 -0.560703
5.465780 -103.272068 -555.352029 -251.122070 0.149889 0.988614 -0.013229 -0.730284 0.119723 0.672571 -0.666497 0.091150 -0.739915
-10.940686 -85.804077 -956.061983 2943.290896 0.251811 0.962852 0.097505 -0.887721 0.269929 -0.372947 0.385413 -0.007355 -0.922715
-7.154323 -86.552103 -1284.056140 3267.383605 0.277730 0.959041 0.055730 -0.884529 0.277923 -0.374657 0.374800 -0.054759 -0.925487
-10.240913 -81.869158 -788.489725 1247.585411 0.250590 0.963170 0.097513 -0.938344 0.266433 -0.220284 0.238151 0.036300 -0.970550
-7.428134 -90.548580 -1297.502655 2829.377751 0.288374 0.955363 0.064201 -0.801790 0.277582 -0.529227 0.523425 -0.101139 -0.846048
-13.314942 -82.591628 -577.076572 2323.729891 0.223604 0.963373 0.148033 -0.946398 0.250918 -0.203398 0.233092 0.094617 -0.967841
-14.223805 -85.673647 -623.390534 2097.128695 0.219615 0.964207 0.148574 -0.892360 0.260086 -0.368847 0.394287 0.051577 -0.917539
-11.367289 -89.331433 -1041.683782 2360.321873 0.259738 0.960461 0.100252 -0.803525 0.272537 -0.529217 0.535615 -0.056903 -0.842543
-15.506763 -47.107667 2091.109492 -454.656483 0.875858 0.034426 -0.481339 -0.233212 -0.843044 -0.484653 0.422474 -0.536741 0.730359
-22.429459 -56.399683 2471.156634 661.501430 0.921106 0.170035 -0.350217 -0.056613 -0.831515 -0.552610 0.385174 -0.528840 0.756287
-10.238900 -43.410162 4059.284722 2575.528525 0.820512 -0.089701 -0.564548 -0.416410 -0.770393 -0.482801 0.391616 -0.631228 0.669469
-23.171946 -53.223659 2746.262939 -2941.543446 0.912819 0.236816 -0.332687 0.047121 -0.870319 -0.490229 0.405638 -0.431814 0.805602
2.537000 -36.100765 8425.154227 330.951158 0.646049 -0.305624 -0.699439 -0.636245 -0.721849 -0.272263 0.421679 -0.620910 0.660801
-9.901726 -39.100898 2566.452560 -999.524979 0.782932 -0.152183 -0.603206 -0.427553 -0.835965 -0.344037 0.451902 -0.527260 0.719570
-18.913774 -45.382637 1997.100740 4249.107480 0.893885 0.165707 -0.416546 0.033864 0.901562 0.431324 0.447015 -0.399660 0.800281
13.981452 -151.776338 338.023557 1517.436114 -0.273600 0.880669 -0.386738 0.148819 0.435997 0.887558 -0.950261 -0.185281 0.250349
12.245263 -134.318571 -1449.637295 6478.288830 -0.275940 0.872864 -0.402450 0.379337 0.483616 0.788809 -0.883154 -0.065000 0.464558
33.404249 -32.959581 2539.454694 1764.682211 -0.268282 0.872774 0.407787 -0.283088 0.333190 -0.899358 0.920807 0.356722 -0.157683
38.224722 -36.785118 2920.060624 1055.213288 -0.297339 0.859527 0.415695 -0.203064 0.368495 -0.907180 0.932928 0.354153 -0.064971
26.223232 -39.093824 2296.225121 945.411510 -0.395603 0.869620 0.295397 -0.230798 0.217183 -0.948454 0.888949 0.443388 -0.114788
35.122745 -34.308781 -158.060869 1495.110525 -0.162284 0.873133 0.459677 -0.226008 0.420577 -0.878655 0.960512 0.246483 -0.129082
24.822622 -37.442354 2539.676168 -81.945881 -0.374378 0.883841 0.280476 -0.295394 0.173039 -0.939574 0.878967 0.434607 -0.196299
29.366881 -30.879111 2080.968005 1306.324127 -0.274771 0.894440 0.352815 -0.338883 0.253305 -0.906088 0.899811 0.368529 -0.233509
27.509361 -29.117168 -1485.098396 2155.682578 -0.117389 0.879484 0.461225 -0.314976 0.407484 -0.857174 0.941812 0.245897 -0.229182
-16.178894 -40.093455 -316.237143 3193.905864 0.867862 0.037353 -0.495399 0.173150 0.911904 0.372089 0.465655 -0.408700 0.784939
-21.827568 -34.330659 1898.447346 3467.715489 0.811619 0.542823 -0.215911 -0.411475 0.793544 0.448303 0.414684 -0.275010 0.867414
-13.482362 -34.951849 479.336536 -412.936907 -0.525228 0.744916 0.411382 0.027422 0.497997 -0.866745 0.850520 0.443957 0.281989
3285.792099 -1049.522945 -14450289.439915 -646753.594386 0.429421 -0.232727 0.872603 0.281623 0.952553 0.115460 -0.858071 0.196164 0.474587
485.534522 -44.874962 -322797.453544 -33399.295346 0.121956 -0.941007 0.315647 0.980809 0.065518 -0.183633 0.152120 0.331985 0.930938
235.818788 -65.996668 319635.966029 23504.183042 0.165010 0.979987 -0.111343 -0.955169 0.186917 0.229594 -0.245811 -0.068466 -0.966897
24.958490 -161.289511 -2122.336643 20806.386051 0.372873 0.927808 -0.011739 0.437389 -0.186910 -0.879633 0.818325 -0.322857 0.475507
22.642356 -130.626543 -350.178449 1732.465242 0.304710 0.952324 -0.015187 0.291952 -0.108569 -0.950251 0.906595 -0.285117 0.311115
24.318480 -234.198308 -6053.238492 35166.727266 -0.197414 -0.360137 0.911773 0.810559 -0.583086 -0.054811 0.551381 0.728225 0.407022
46.705676 -337.141612 -9165.915332 60029.924395 -0.237661 -0.378515 0.894563 0.945291 -0.302009 0.123350 0.223476 0.874938 0.429583
-34.366635 -51.456329 -1150.515981 -2148.192791 0.073942 0.822814 -0.563480 0.433188 0.482437 0.761316 -0.898265 0.300386 0.320761
-28.627915 -46.437835 -687.984569 -3083.779068 0.083568 0.840683 -0.535041 0.321927 0.485353 0.812893 -0.943069 0.240176 0.230078
-23.437826 -41.855802 -2871.000200 -3612.143052 0.106730 0.923091 -0.369474 0.210153 0.342258 0.915803 -0.971825 0.175390 0.157461
60.349725 -66.479945 9497.971197 -4830.788157 -0.119454 0.987001 -0.107515 -0.255869 0.074028 0.963873 -0.959303 -0.142648 -0.243700
36.601523 -65.902044 6330.828774 1804.254214 -0.064214 0.994354 -0.084480 -0.036138 0.082282 0.995954 -0.997282 -0.067007 -0.030650
57.068300 -71.235897 6965.346263 1509.873397 -0.208240 0.964155 -0.164441 -0.052545 0.156856 0.986223 -0.976665 -0.214012 -0.017998
28.472795 -63.438030 8121.544471 -2061.487518 0.011333 0.999783 -0.017465 -0.190113 0.019302 0.981572 -0.981697 0.007804 -0.190291
86.772406 -72.319373 10733.375806 -5672.126922 -0.309175 0.925439 -0.219029 -0.236392 0.148299 0.960274 -0.921157 -0.348670 -0.172916
93.206133 -55.874760 11603.732921 -11218.554301 -0.240176 0.949719 -0.200870 -0.434567 0.079841 0.897093 -0.868024 -0.302752 -0.393541
67.212370 -51.615940 12767.250576 -6844.682789 -0.083241 0.993765 -0.074176 -0.414392 0.033174 0.909493 -0.906284 -0.106445 -0.409047
39.086625 -56.604748 9756.421325 -5625.516053 0.006569 0.999978 -0.001149 -0.363021 0.003455 0.931774 -0.931758 0.005703 -0.363036
6.350921 -47.640846 -717.931903 -1114.105766 -0.407043 0.895231 0.181323 0.911208 0.384208 0.148608 0.063373 0.225713 -0.972130
7.073217 -48.409066 2113.147550 -1317.543240 -0.381962 0.885164 0.265686 0.923825 0.373643 0.083294 -0.025543 0.277263 -0.960455
-5.010146 -53.925191 851.977367 285.340727 0.551101 -0.814430 -0.181636 0.739727 0.376109 0.557983 -0.386123 -0.441866 0.809730
-2.622020 -53.278200 1336.892036 410.062131 0.566613 -0.800678 -0.194589 0.688816 0.330665 0.645131 -0.452198 -0.499575 0.738878
-3.043487 -54.601025 1443.236310 687.526647 0.583060 -0.790842 -0.186036 0.602182 0.266976 0.752396 -0.545360 -0.550720 0.631894
9.522316 -96.483506 -1400.305145 -10355.060065 -0.669235 0.742418 -0.030672 0.713392 0.630429 -0.305991 -0.207837 -0.226661 -0.951540
10.716858 -101.035953 -433.255679 3764.816671 -0.667307 0.744783 -0.000234 -0.743155 -0.665828 0.066286 -0.049213 -0.044407 -0.997801
0.297058 -75.887482 95.097307 4269.790322 -0.565534 0.822853 0.055532 0.327109 0.161986 0.931000 -0.757081 -0.544677 0.360771
16.705501 -46.408917 856.351718 -145.519249 -0.484079 0.836029 0.258307 0.814809 0.323064 0.481370 0.318989 0.443492 -0.837592
14.335174 -46.736982 4310.585874 -606.731976 -0.490314 0.804965 0.334100 0.838331 0.330778 0.433345 0.238315 0.492562 -0.837012
17.421670 -45.885738 2506.995028 -468.922865 -0.490375 0.822119 0.289228 0.852558 0.383687 0.354866 0.180769 0.420601 -0.889054
12.773864 -48.003397 3641.105627 -320.083625 -0.479928 0.810592 0.335573 0.798544 0.245218 0.549723 0.363312 0.531797 -0.764981
13.961333 -45.904442 -2747.966648 -674.728998 -0.476604 0.858626 0.188704 0.846162 0.389823 0.363384 0.238450 0.332865 -0.912328
12.312441 -47.287844 1117.032208 -369.346097 -0.480158 0.832523 0.276323 0.750137 0.226421 0.621312 0.454691 0.505608 -0.733224
13.050896 -46.100469 -3588.318600 -864.378006 -0.472154 0.861399 0.187249 -0.775109 -0.304516 -0.553603 0.419853 0.406524 -0.811457
14.686965 -45.459303 -4497.437934 -238.046110 -0.472015 0.864227 0.174111 0.819504 0.357326 0.448031 0.324986 0.354162 -0.876900
-4.681940 -95.931358 1552.016503 3059.520473 0.958794 0.262888 0.107722 0.270373 -0.727883 -0.630147 0.087249 -0.633306 0.768968
-6.832996 -112.711143 552.992830 4964.122457 0.948834 0.277923 0.149911 0.314978 -0.799245 -0.511856 0.022440 -0.532885 0.845890
-7.007032 -117.136820 -735.231476 5295.473995 0.959215 0.241127 0.147527 0.278035 -0.710584 -0.646349 0.051022 -0.661006 0.748644
-2.175324 -40.970272 201.035809 392.137791 -0.332432 0.927089 0.173192 0.177185 -0.118974 0.976960 -0.926334 -0.355459 0.124715
-8.247469 -45.545505 -927.591432 1164.494160 -0.379396 0.925143 0.012972 -0.015358 -0.020316 0.999676 -0.925107 -0.379074 -0.021916
-5.913858 -44.509673 -232.219092 501.338023 -0.379994 0.924408 0.032774 0.118270 0.013415 0.992891 -0.917397 -0.381168 0.114427
-1.811175 -110.243993 2444.659107 8363.730430 0.980250 -0.052490 0.190668 0.045965 0.998201 0.038483 -0.192345 -0.028959 0.980900
-2.309576 -146.228638 1325.660054 -15644.975360 0.975803 -0.030599 0.216500 0.034949 -0.955602 -0.292582 -0.215840 -0.293069 0.931409
2.943054 -126.255013 1299.230703 -11513.655484 0.971991 -0.048387 0.229985 0.013156 -0.965840 -0.258806 -0.234651 -0.254583 0.938151
2.661314 -158.979468 1363.510910 23119.671101 0.968800 0.019819 0.247049 -0.043048 0.995103 0.088981 -0.244076 -0.096839 0.964909
7.869458 -112.765167 3541.053850 4912.842631 0.983890 -0.041854 0.173809 0.067210 0.987486 -0.142667 -0.165663 0.152050 0.974390
-6.159288 -69.195582 5811.659768 -6821.200997 0.904516 -0.143039 0.401736 0.179573 0.982229 -0.054588 -0.386788 0.121517 0.914127
-12.751904 -75.439004 -3398.037335 -7918.242497 0.886177 -0.038609 0.461736 0.064961 0.997033 -0.041305 -0.458771 0.066599 0.886055
6.584942 -60.473987 5752.262924 -2015.099977 0.864585 -0.265646 0.426526 0.221993 0.963433 0.150051 -0.450790 -0.035046 0.891942
21.108944 -55.435944 13450.276110 -273.784501 0.872087 -0.284196 0.398368 0.278060 0.957671 0.074490 -0.402675 0.045808 0.914196
23.417398 -60.675738 20881.114576 -5153.638467 0.927634 -0.157288 0.338755 0.204293 0.972971 -0.107669 -0.312664 0.169083 0.934694
-11.271448 -714.665762 -8500.869991 -230601.402445 0.761298 0.010461 0.648318 0.646090 -0.096615 -0.757122 -0.054717 -0.995267 0.080312
5.238931 -688.259418 920.590871 -222016.939764 0.792594 0.093389 0.602556 0.582915 0.173884 -0.793709 0.178898 -0.980328 -0.083382
-13.173201 -476.583070 -7553.433023 -170889.671648 0.901510 0.010232 0.432636 0.432482 0.014361 -0.901528 0.015437 -0.999845 -0.008522
-5.815315 -52.510724 -1479.155593 -921.536592 -0.404508 0.892394 0.200018 -0.891319 -0.433661 0.132246 -0.204755 0.124785 -0.970826
-9.249785 -53.794222 1111.373306 -118.106729 -0.391247 0.889005 0.237899 -0.843551 -0.449776 0.293468 -0.367895 0.085862 -0.925895
-9.976795 -52.591008 2437.697775 -831.990666 -0.379690 0.889705 0.253496 -0.890029 -0.426057 0.162250 -0.252358 0.164014 -0.953632
-1.250121 -29.038981 4892.954891 1412.092780 -0.302104 0.758103 0.577938 -0.333084 -0.651999 0.681140 -0.893190 -0.013273 -0.449484
-7.500206 -29.335400 3499.985167 1252.333961 -0.321356 0.753741 0.573240 -0.334702 -0.656684 0.675827 -0.885836 -0.025316 -0.463308
-3.155079 -25.020452 3568.482375 1358.967558 -0.318652 0.742449 0.589263 -0.250166 -0.665501 0.703225 -0.914263 -0.076671 -0.397799
-7.031064 -32.451738 4192.914021 1057.733812 -0.310505 0.768144 0.559948 -0.414497 -0.639523 0.647458 -0.855441 0.031058 -0.516968
0.435360 -32.632995 4797.225318 1596.709117 -0.306942 0.762947 0.568945 -0.398082 -0.645915 0.651402 -0.864475 0.026544 -0.501974
-7.467604 -46.288818 -5158.645694 1019.141368 0.282545 0.914225 0.290450 -0.711241 0.402831 -0.576076 0.643665 0.043813 -0.764052
5.123961 -135.949308 -545.741841 25401.376647 -0.338385 0.937781 -0.077857 -0.406344 -0.220245 -0.886779 0.848752 0.268436 -0.455589
7.030499 -118.842592 -415.732695 15369.912359 -0.329518 0.943470 -0.035809 -0.550387 -0.222769 -0.804641 0.767132 0.245435 -0.592680
7.822399 -126.403394 -1202.625952 8447.511924 -0.321628 0.941540 -0.100291 -0.632063 -0.292355 -0.717652 0.705019 0.167427 -0.689142
3.502041 -135.315948 -906.432350 16246.997455 -0.331171 0.932905 -0.141469 -0.533725 -0.308847 -0.787243 0.778115 0.185206 -0.600196
9.455841 -122.153354 -307.235668 3486.861567 -0.335924 0.941316 -0.032836 -0.618505 -0.246747 -0.746035 0.710357 0.230302 -0.665097
-215.145573 -5926.626576 35905.819915 -1735435.917515 0.873299 0.129820 0.469570 0.206967 0.773686 -0.598811 0.441037 -0.620126 -0.648791
-84.983204 -448.813527 8798.025584 -102126.863966 0.852210 0.098685 0.513809 0.462625 0.316549 -0.828115 0.244368 -0.943429 -0.224112
-164.097319 -423.824602 10136.627218 -90480.311360 0.973142 0.191959 0.127066 0.050910 0.358847 -0.932007 0.224504 -0.913445 -0.339436
-18.735918 -76.193406 -8434.850708 -2941.554676 0.041925 0.963403 0.264757 0.939244 0.052352 -0.339234 0.340680 -0.262894 0.902676
-8.376563 -80.815027 -9345.417621 5738.019675 0.094613 0.939947 0.327944 0.859339 0.089194 -0.503569 0.502579 -0.329459 0.799294
-20.186179 -78.022614 -7367.830591 13072.865055 0.023112 0.962153 0.271528 0.742510 0.165347 -0.649106 0.669436 -0.216615 0.710587
-0.752717 -120.038332 163.173109 -10977.823255 -0.219149 0.844649 -0.488407 -0.165068 0.461264 0.871773 -0.961627 -0.271669 -0.038339
-11.921566 -118.775929 -2441.798666 -18121.689864 -0.117314 0.813432 -0.569706 0.846351 -0.218227 -0.485867 -0.519546 -0.539171 -0.662848
-13.480214 -93.885237 -779.810783 19972.702987 -0.104052 0.847864 -0.519904 -0.814206 0.227590 0.534108 -0.571176 -0.478883 -0.666655
929.113822 -32.171580 -469520.297002 1099.462743 -0.202649 0.898537 -0.389314 0.439206 0.438731 0.783972 -0.875232 0.012118 0.483551
704.172674 -34.171357 50238.733626 1146.964630 0.064083 0.865313 -0.497119 0.427187 0.426409 0.797300 -0.901889 0.263456 0.342325
555.551408 -27.186945 65510.044444 -163.558436 0.051883 0.884025 -0.464551 0.524252 0.371815 0.766103 -0.849981 0.283289 0.444161
1679.580547 -44.346678 829389.608171 -2534.250853 0.648508 0.445071 -0.617535 0.436529 0.447158 0.780700 -0.623603 0.775862 -0.095699
995.091682 -24.234966 -495832.033846 -1002.374392 -0.500725 0.856387 -0.125997 0.503617 0.406610 0.762259 -0.704021 -0.318228 0.634891
996.516188 -46.394243 -503710.744906 -1305.502402 -0.338974 0.937963 -0.072960 0.627192 0.283103 0.725591 -0.701232 -0.200197 0.684247
549.828261 -29.010485 186340.686750 154.465825 0.172837 0.838857 -0.516184 0.627501 0.310169 0.714169 -0.759190 0.447341 0.472775
3142.223382 -49.982377 -1375241.825545 -643.528676 -0.527521 -0.523782 0.668860 0.568345 0.367596 0.736110 -0.631432 0.768456 0.103774
8.102053 -106.196422 -935.822154 8750.935003 0.313846 0.928028 -0.200659 -0.785265 0.372502 0.494571 -0.533722 -0.002351 -0.845657
1.049548 -84.203108 1599.863536 7506.873015 0.323588 0.927427 -0.187537 -0.661705 0.363480 0.655766 -0.676341 0.088104 -0.731301
-3.294706 -69.118111 1581.914234 5989.865397 0.269214 0.954291 -0.129816 -0.559870 0.264751 0.785145 -0.783626 0.138691 -0.605554
-6.909051 -83.545506 -1193.690835 179.611579 0.261952 0.963781 0.050075 -0.935569 0.266333 -0.231900 0.236837 -0.013898 -0.971450
-3.049656 -89.601392 -1075.915256 3376.566713 0.287195 0.956573 0.049880 -0.883224 0.284608 -0.372711 0.370721 -0.062985 -0.926606
-3.339247 -93.687428 -989.344614 3759.654070 0.300343 0.951783 0.062480 -0.801871 0.287423 -0.523823 0.516524 -0.107226 -0.849533
-20.948138 -55.396089 3249.049292 1429.215323 0.908526 0.081679 -0.409768 -0.196599 -0.781796 -0.591730 0.368686 -0.618162 0.694224
-32.353913 -61.789758 2941.732633 -989.403788 0.941624 0.261772 -0.211705 0.101976 -0.821057 -0.561663 0.320850 -0.507287 0.799822
-30.342080 -57.174792 2856.752643 -2890.277899 0.914609 0.354644 -0.194209 0.216616 -0.835335 -0.505265 0.341419 -0.420051 0.840827
36.206473 -28.272318 -3234.984769 -685.923541 0.574810 -0.436936 0.691867 0.514562 0.850424 0.109567 -0.636254 0.293028 0.713663
27.213657 -28.739336 -1384.663895 -84.789583 0.576376 -0.336852 0.744528 0.418648 0.904164 0.084981 -0.701801 0.262713 0.662161
32.383764 -30.612164 -3979.916669 -993.075992 0.518741 -0.412188 0.749005 0.524477 0.845300 0.101942 -0.675153 0.339954 0.654675
18.774456 -130.852954 4309.027036 -7557.307440 -0.278700 0.874180 -0.397663 -0.230915 0.340925 0.911289 -0.932204 -0.345803 -0.106845
37.151934 -124.862595 7942.674276 -5787.085593 -0.277123 0.834386 -0.476448 -0.324061 0.385650 0.863862 -0.904537 -0.393795 -0.163520
29.897309 -41.601394 2327.280373 890.866123 -0.406924 0.857461 0.314917 -0.148521 0.278057 -0.949013 0.901307 0.432948 -0.014203
39.150293 -41.530828 2713.606499 1107.506075 -0.351723 0.851688 0.388481 -0.109685 0.374644 -0.920658 0.929656 0.366427 0.038353
39.592594 -39.564845 719.491016 1125.127554 -0.239183 0.862320 0.446313 -0.135439 0.425531 -0.894751 0.961482 0.274458 -0.015012
