19958
39901
-36.547933 -56.485598 -422.922910 5659.804086 0.227390 0.950050 -0.213772 0.942287 -0.270060 -0.197896 0.245742 0.156435 0.956629
-40.362481 -65.830684 713.847936 4858.891265 -0.124770 -0.967474 0.220061 0.983557 -0.149792 -0.100887 0.130568 0.203855 0.970255
-45.788423 -72.772622 1330.276867 8343.902110 -0.200171 0.973759 -0.108283 0.969656 0.181060 -0.164271 0.140355 0.137880 0.980454
-34.744850 -54.920056 1225.850697 3598.934567 -0.402001 -0.862344 0.307828 0.888329 -0.448806 -0.097184 0.221961 0.234384 0.946466
-37.751891 -63.122468 -2042.340044 12095.761825 -0.189431 0.980975 -0.042481 0.944336 0.170163 -0.281558 0.268973 0.093452 0.958603
-30.720691 -47.280986 -852.952058 7855.211791 0.262115 0.946158 -0.189950 0.906292 -0.308969 -0.288397 0.331558 0.096557 0.938481
-27.841856 -45.192766 -1350.978974 4167.435066 0.556886 0.768365 -0.315425 0.758740 -0.625107 -0.183180 0.337923 0.137315 0.931103
31.516573 -45.346450 -522.566798 -7.067001 0.183834 0.981036 0.061434 0.276151 0.008437 -0.961077 0.943369 -0.193644 0.269362
37.228702 -50.790687 -1915.234271 4302.779354 0.257058 0.965899 -0.030987 0.130099 -0.066361 -0.989278 0.957599 -0.250270 0.142721
25.243282 -22.402342 -5709.989854 -11018.937031 0.294894 0.952768 0.072602 0.290011 -0.016847 -0.956875 0.910457 -0.303232 0.281282
45.074867 -16.980033 9782.848547 -2939.814672 0.070958 0.927889 0.366041 0.448536 0.298091 -0.842590 0.890944 -0.223971 0.395040
36.260697 -5.776418 18123.002427 1081.019601 -0.011988 0.766001 0.642727 0.505452 0.559248 -0.657084 0.862771 -0.316990 0.393881
12.147942 -42.744845 -9278.746625 -5222.525374 0.418181 0.903481 -0.094056 0.178941 -0.183451 -0.966605 0.890564 -0.387386 0.238385
4.155388 0.122323 -8329.877678 -21524.551839 0.310477 0.931167 0.191135 0.388490 0.059217 -0.919548 0.867571 -0.359753 0.343363
-49.356537 -79.732244 22326.211099 58425.162784 0.245125 0.883256 -0.399717 -0.141073 -0.375411 -0.916060 0.959173 -0.280938 -0.032580
-79.894032 -5756.080214 -39521.610713 3883200.268532 0.304108 0.951650 0.043365 -0.433351 0.178732 -0.883324 0.848366 -0.249833 -0.466752
-28.012191 -1244.434782 21309.891104 614475.875352 0.316102 0.943980 -0.094765 -0.341472 0.020012 -0.939679 0.885142 -0.329394 -0.328668
-24.592609 -79.906367 -7125.580503 -1234.904282 0.551921 0.104627 0.827306 -0.213787 0.976693 0.019104 -0.806026 -0.187412 0.561426
-37.629316 -88.252739 -5693.554718 1616.880081 0.617009 0.051523 0.785268 -0.129187 0.990949 0.036488 -0.776280 -0.123960 0.618080
-26.792174 -80.628114 -6339.530670 4757.384614 0.577696 -0.022063 0.815954 0.037844 0.999284 0.000226 -0.815374 0.030748 0.578117
-10.456111 -72.913818 -6727.779747 436.349151 0.531382 0.035415 0.846392 -0.084786 0.996332 0.011542 -0.842879 -0.077896 0.532436
-11.916599 -69.328131 -8598.014027 -4243.253599 0.490109 0.164525 0.855993 -0.309054 0.951026 -0.005838 -0.815033 -0.261687 0.516954
-17.340828 -65.539119 -10226.504095 -6404.274243 0.432382 0.317057 0.844109 -0.489574 0.868686 -0.075511 -0.757207 -0.380604 0.530827
13.372577 -49.197377 -753.385782 809.281412 -0.031808 0.995891 -0.084786 0.621482 -0.046729 -0.782034 0.782783 0.077568 0.617442
20.677997 -49.827299 -5412.536171 219.997041 -0.038730 0.994764 -0.094579 0.627972 -0.049394 -0.776666 0.777271 0.089473 0.622771
14.035136 -49.190125 -1986.838010 109.903709 -0.022639 0.994890 -0.098392 0.534936 -0.071089 -0.841897 0.844590 0.071693 0.530593
14.800685 -47.787642 3106.585790 171.306776 -0.032878 0.996772 -0.073238 0.553917 -0.042822 -0.831470 0.831922 0.067905 0.550721
25.298501 -46.265909 -4542.340127 1545.161391 0.389766 0.585119 -0.711138 0.887781 -0.033464 0.459048 0.244800 -0.810257 -0.532501
22.663507 -59.751949 -9591.197157 9799.119088 0.566699 0.561160 -0.603284 0.739626 -0.023841 0.672596 0.363051 -0.827364 -0.428559
37.453598 -57.758223 -5177.628639 1610.346943 0.550867 0.627192 -0.550614 0.780413 -0.153266 0.606189 0.295806 -0.763636 -0.573898
48.449011 -41.614574 -1688.088905 -12748.219112 0.407146 0.629750 -0.661549 0.909293 -0.211172 0.358597 0.086126 -0.747543 -0.658606
-15.402662 -43.271220 2666.046552 -741.906032 0.436586 0.888893 0.138789 0.710841 -0.435385 0.552399 -0.551450 0.142513 0.821945
-0.747799 -39.790552 8938.537650 -1158.407089 0.388392 0.920442 0.044018 0.718631 -0.332444 0.610778 -0.576819 0.205589 0.790578
-15.396524 -41.221043 1827.955033 -1981.427963 0.375459 0.921692 0.097538 0.674740 -0.343965 0.653004 -0.635418 0.179363 0.751048
0.881010 -41.262656 8538.005744 -534.837558 0.412189 0.908732 0.065622 0.761674 -0.383216 0.522492 -0.499952 0.165383 0.850115
1.062588 -64.137952 1339.184053 1670.738896 0.108862 0.972979 -0.203619 -0.945920 0.164364 0.279679 -0.305590 -0.162161 -0.938253
1.179499 -60.975228 1720.251952 785.642289 0.092947 0.977330 -0.190230 -0.911184 0.160513 0.379447 -0.401379 -0.138066 -0.905446
3.644162 -59.002565 1884.691311 2453.660348 0.138993 0.969136 -0.203609 -0.938308 0.194623 0.285832 -0.316637 -0.151319 -0.936399
3.544180 -61.503376 1730.116360 1212.393099 0.157035 0.965515 -0.207653 -0.964975 0.194750 0.175769 -0.210148 -0.172778 -0.962281
5.996243 -58.680262 629.826607 -1011.447515 0.196144 0.950204 -0.242155 0.962851 -0.233375 -0.135847 -0.185596 -0.206514 -0.960680
21.906569 -113.280704 -460.089850 2255.596588 -0.111921 0.967477 -0.226853 0.984506 0.076944 -0.157570 -0.134991 -0.240973 -0.961098
23.441181 -109.134582 1048.075134 3933.010831 -0.141193 0.968616 -0.204567 0.989205 0.146222 0.009605 0.039215 -0.201002 -0.978805
19.790703 -107.231248 1628.516406 1441.698217 -0.118150 0.978778 -0.167435 0.976455 0.083871 -0.198749 -0.180489 -0.186975 -0.965642
17.341455 -109.060140 -551.495455 707.458526 -0.085506 0.972614 -0.216128 -0.932563 -0.001765 0.361003 -0.350735 -0.232420 -0.907175
16.365765 -103.585423 87.817370 1347.974322 -0.097579 0.979044 -0.178751 -0.914181 -0.017181 0.404943 -0.393386 -0.202925 -0.896699
-0.901312 -116.127639 859.156501 4392.470950 0.264868 0.964043 -0.021592 0.905522 -0.256362 -0.338097 0.331475 -0.069998 0.940864
-1.142242 -131.563694 2534.813778 9840.717558 0.217258 0.975628 -0.030808 0.972204 -0.219102 -0.082546 0.087284 0.012018 0.996111
-1.119195 -117.594851 603.001333 7206.452492 0.249338 0.968294 -0.015420 0.945865 -0.246918 -0.210643 0.207772 -0.037936 0.977441
-1.223292 -134.442776 -694.215035 9770.247925 0.220057 0.975473 0.005303 0.975086 -0.219807 -0.029878 0.027980 -0.011746 0.999539
-0.360785 -120.202155 -928.216112 7163.064954 0.268766 0.963205 0.000212 0.880989 -0.245736 -0.404317 0.389388 -0.108853 0.914619
0.305383 -136.616523 -1700.629560 10832.407100 0.242145 0.970118 0.015405 0.959495 -0.237077 -0.152198 0.143998 -0.051635 0.988230
4.711400 -70.226502 682.005646 494.508485 -0.019819 0.980469 -0.195675 -0.152546 0.190456 0.969771 -0.988098 -0.049069 -0.145792
6.513616 -72.571154 266.521603 1694.987404 -0.037503 0.976528 -0.212101 -0.136202 0.205274 0.969181 -0.989971 -0.065235 -0.125306
5.971572 -74.488339 -236.256029 3271.177980 -0.042961 0.985531 -0.163960 -0.302461 0.143581 0.942286 -0.952193 -0.090073 -0.291916
4.517692 -68.906260 1281.670832 3395.600338 -0.016579 0.988539 -0.150054 -0.271010 0.140014 0.952339 -0.962434 -0.056455 -0.265583
6.076733 -75.091481 1069.393125 4148.170281 -0.029367 0.991943 -0.123234 -0.419987 0.099631 0.902044 -0.907055 -0.078247 -0.413678
7.717191 -77.029278 -574.230654 2261.946341 -0.058805 0.984126 -0.167448 -0.396557 0.130907 0.908629 -0.916125 -0.119834 -0.382564
7.725846 -79.520579 211.366119 2990.822593 -0.046572 0.989736 -0.135104 -0.479211 0.096535 0.872375 -0.876463 -0.105371 -0.469797
-9.354761 -37.625145 -2312.886291 1141.304839 -0.625139 -0.340331 -0.702408 -0.482517 0.875872 0.005058 0.613498 0.342085 -0.711757
-8.433762 -40.027841 -3059.942426 -1324.243447 -0.699475 -0.175977 -0.692652 -0.409143 0.893264 0.186229 0.585949 0.413656 -0.696816
0.945891 -41.261998 -4283.605320 -150.893961 -0.679066 -0.214004 -0.702191 -0.403457 0.907936 0.113462 0.613263 0.360352 -0.702890
-12.694781 -33.965595 -1606.749478 -1054.583218 -0.697817 -0.229610 -0.678477 -0.425721 0.894717 0.135066 0.576032 0.383093 -0.722099
-4.170927 -39.832695 -3320.729223 1268.211039 -0.604819 -0.358586 -0.711063 -0.453974 0.888848 -0.062099 0.654295 0.285245 -0.700381
-9.529684 -36.579531 -1952.698548 2916.928350 -0.515450 -0.533983 -0.670205 -0.571188 0.797122 -0.195807 0.638793 0.281884 -0.715881
-14.500641 -32.690739 -1217.060899 2293.643163 -0.590620 -0.453562 -0.667420 -0.558385 0.826811 -0.067748 0.582558 0.332664 -0.741593
-0.894512 -62.833392 -4265.477911 -16695.173428 -0.308306 0.950758 -0.031727 -0.488977 -0.129778 0.862589 -0.815996 -0.281455 -0.504910
-2.082428 -39.829723 -2591.993163 -7044.882200 -0.278624 0.959448 -0.042761 -0.529222 -0.116227 0.840485 -0.801431 -0.256809 -0.540145
2.947204 -42.394797 -2814.672683 -4894.551734 -0.255759 0.964327 -0.068265 -0.529415 -0.080627 0.844523 -0.808893 -0.252135 -0.531150
7.476957 -39.057773 3077.634494 -1176.870175 0.117821 0.971798 -0.204273 0.938704 -0.176102 -0.296350 0.323965 0.156836 0.932979
1.671697 -39.334712 2390.508606 -469.642792 0.135565 0.966828 -0.216484 0.927416 -0.200710 -0.315619 0.348600 0.157984 0.923861
7.654941 -36.330578 3192.306868 594.889967 0.112756 0.972165 -0.205380 0.907031 -0.185099 -0.378196 0.405685 0.143642 0.902655
-6.873629 -83.511035 -678.209035 8489.522793 0.049210 0.994545 -0.091976 0.974080 -0.027432 0.224535 -0.220787 0.100642 0.970116
-8.564007 -76.593936 -48.175861 4436.602815 -0.041215 -0.993650 0.104694 0.995461 -0.031840 0.089690 -0.085787 0.107915 0.990452
-9.169391 -79.386177 62.850619 9189.683627 0.032124 0.992427 -0.118565 0.990654 -0.015882 0.135474 -0.132565 0.121809 0.983661
-3.865178 -216.574867 -1121.184940 -3291.522039 0.984276 0.094426 0.149277 0.168869 -0.255201 -0.952027 0.051800 -0.962266 0.267134
-5.344027 -201.547754 -1563.568652 14039.872911 0.983393 0.088778 0.158292 0.149304 0.100119 -0.983710 0.103180 -0.991007 -0.085201
-6.478697 -212.914343 664.438465 -1162.426587 0.977942 0.131996 0.161885 0.178463 -0.125282 -0.975938 0.108539 -0.983301 0.146075
-4.861331 -201.584651 -1317.346548 4944.957791 0.985935 0.085633 0.143526 0.145487 -0.017084 -0.989213 0.082257 -0.996180 0.029303
-5.143240 -216.303565 -208.018224 -15439.025291 0.981195 0.113464 0.156150 0.191021 -0.454652 -0.869944 0.027713 -0.883413 0.467776
-2.711495 -214.245961 -671.234224 -15070.224755 0.986473 0.093211 0.134845 0.160343 -0.377661 -0.911955 0.034078 -0.921240 0.387498
-2.926206 -205.892578 -796.285728 -16079.431457 0.984355 0.101842 0.143785 0.176199 -0.568369 -0.803686 0.000126 -0.816447 0.577421
5.308577 -139.296632 759.270105 3212.370756 0.931687 -0.100333 0.349132 -0.312700 0.267614 0.911373 0.184873 0.958288 -0.217958
7.399528 -151.276270 1552.309535 3635.809095 0.935475 -0.108937 0.336183 -0.293448 0.290616 0.910731 0.196912 0.950618 -0.239897
6.760141 -140.034524 1032.456241 -3246.455202 0.923631 -0.092211 0.372025 -0.288713 0.471018 0.833539 0.252092 0.877291 -0.408424
3.018864 -135.744377 1052.541535 -48.724070 0.920405 -0.112055 0.374565 -0.315508 0.352900 0.880861 0.230889 0.928927 -0.289456
1.900291 -137.214587 1560.021384 3246.497948 0.933202 -0.123470 0.337474 -0.328363 0.088526 0.940394 0.145985 0.988392 -0.042070
65.139401 -44.857381 15580.481988 3894.162386 0.138520 -0.836613 -0.529992 0.990356 0.118501 0.071785 0.002748 -0.534824 0.844959
77.919625 -40.836416 4571.909236 2797.317284 0.117357 -0.916093 -0.383408 0.992969 0.114272 0.030901 0.015505 -0.384339 0.923062
69.936790 -43.129107 22084.987244 1443.301470 0.167176 -0.820923 -0.546020 0.983857 0.174777 0.038458 0.063861 -0.543635 0.836889
34.700271 -47.952817 24625.400912 1604.781822 0.236661 -0.748341 -0.619659 0.968736 0.230615 0.091474 0.074449 -0.621934 0.779523
75.029045 -44.263169 -14543.796844 1790.503477 -0.591527 -0.606453 -0.531330 -0.069846 0.695050 -0.715561 0.803254 -0.386162 -0.453499
55.753459 -36.815283 2130.575674 109.816662 0.543425 0.665783 0.511295 -0.113801 0.661883 -0.740918 0.831708 -0.344448 -0.435451
56.206157 -37.885971 -9611.375836 634.249728 -0.563157 -0.615719 -0.551130 -0.130688 0.724914 -0.676329 0.815950 -0.308853 -0.488708
64.341770 -40.930046 -13059.995352 520.610608 -0.626420 -0.531958 -0.569753 -0.095392 0.777757 -0.621285 0.773627 -0.334835 -0.537947
75.644758 -48.258379 -6477.611457 1415.930621 -0.746259 -0.463176 -0.478086 -0.042193 0.749687 -0.660446 0.664318 -0.472692 -0.579003
87.658615 -58.030168 -12871.749720 6836.631674 -0.709587 -0.541810 -0.450476 -0.050285 0.676628 -0.734606 0.702821 -0.498615 -0.507371
-4.029768 -396.525224 -1284.748730 -22220.192907 0.941586 -0.016476 0.336369 -0.290237 -0.546306 0.785692 -0.170815 0.837423 0.519176
-8.923945 -390.498789 -2502.639934 -99066.202701 0.952656 -0.005017 0.304008 -0.301377 -0.147846 0.941973 -0.040220 0.988998 0.142358
-1.009830 -418.515992 1172.850054 -44394.056544 0.956497 0.002061 0.291734 -0.261113 -0.439976 0.859210 -0.130127 0.898007 0.420298
0.830022 -438.154903 -1127.740277 57490.551293 0.953061 0.016558 0.302324 -0.169590 -0.797981 0.578330 -0.250825 0.602456 0.757716
13.835572 -521.226783 4932.120481 162071.489972 0.957658 -0.063519 0.280813 -0.192407 -0.866765 0.460107 -0.214173 0.494655 0.842286
58.714321 -218.433906 -28934.891992 62622.789163 0.733207 -0.337620 0.590271 0.367428 -0.533715 -0.761673 -0.572193 -0.775346 0.267272
80.916914 -363.263572 -13372.002716 89371.444254 0.776650 -0.287673 0.560409 0.257711 -0.666677 -0.699376 -0.574804 -0.687594 0.443639
78.725178 -282.367463 -16700.976088 -8718.488261 0.881237 -0.250557 0.400802 0.270219 -0.428670 -0.862104 -0.387818 -0.868023 0.310054
-2.097266 -1019.678279 4128.157247 -666180.387050 -0.659436 0.747179 0.082877 -0.438559 -0.292814 -0.849662 0.610582 0.596644 -0.520774
475.357501 -5356.470478 -226530.267078 1564863.333749 0.635900 -0.620095 -0.459470 0.330142 0.756684 -0.564301 0.697594 0.207149 0.685895
-21.791023 -2273.270582 861.871388 815157.167384 0.796631 -0.598879 -0.081993 0.297109 0.269815 0.915929 0.526408 0.754018 -0.392876
24.779825 -1558.741275 15939.422879 662764.313359 -0.847262 0.530509 -0.026576 0.530444 0.847661 0.010028 0.027847 -0.005601 -0.999597
26.886948 -1812.080498 14541.648726 935638.785776 -0.868780 0.492988 -0.046724 0.487027 0.867703 0.099476 0.089583 0.063667 -0.993942
1.696162 -29.825958 -2633.787941 1130.763949 0.442906 -0.353888 0.823770 0.554286 0.830256 0.058659 -0.704699 0.430624 0.563881
-4.375349 -27.734145 234.505464 584.304916 0.282388 -0.564400 0.775699 0.709990 0.666740 0.226654 -0.645113 0.486735 0.588998
-0.172056 -23.137693 -545.613545 835.859567 0.447170 -0.389127 0.805369 0.599950 0.798307 0.052601 -0.663400 0.459659 0.590436
0.509672 -16.769504 -2007.010854 2556.454979 0.399424 -0.423389 0.813143 0.661211 0.747433 0.064382 -0.635028 0.511943 0.578492
8.835804 -17.998129 -3941.503551 2659.602444 0.557260 -0.209861 0.803380 0.503245 0.854947 -0.125741 -0.660459 0.474367 0.582039
8.971074 -27.503103 -4110.548585 558.239214 0.548434 -0.210277 0.809323 0.451698 0.889003 -0.075113 -0.703696 0.406764 0.582542
17.171341 -43.417474 -3910.343795 703.766793 0.164154 0.986351 0.012834 0.015528 0.010425 -0.999825 0.986313 -0.164324 0.013605
22.364137 -44.505537 1646.596717 -466.861890 0.103194 0.994639 -0.006697 0.073828 -0.014374 -0.997167 0.991918 -0.102407 0.074915
17.965170 -43.924311 1998.777988 -192.415443 0.103062 0.994120 -0.033205 -0.029479 -0.030316 -0.999106 0.994238 -0.103949 -0.026181
15.864532 -41.958015 -1773.830795 -153.487824 0.152219 0.988336 0.004620 -0.072546 0.015835 -0.997239 0.985681 -0.151463 -0.074110
-12.879331 -48.268688 4356.676866 -4055.906965 -0.585527 -0.666323 -0.461704 -0.494776 0.744905 -0.447565 0.642149 -0.033621 -0.765842
-9.942095 -49.620520 -4235.259903 1789.675144 0.548761 0.709377 0.442317 -0.610702 0.701490 -0.367364 0.570881 0.068529 -0.818168
-18.293479 -46.431182 -2600.743753 -3282.927046 0.479229 0.777936 0.406392 -0.588124 0.628323 -0.509235 0.651498 -0.005031 -0.758633
-7.835448 -36.153674 -1183.390164 1511.223982 0.536730 0.709536 -0.456595 0.356078 -0.681075 -0.639801 0.764938 -0.180817 0.618203
-11.928262 -35.445956 -216.104225 420.024720 0.489656 0.757221 -0.432266 0.466577 -0.646367 -0.603751 0.736575 -0.093945 0.669799
-11.089979 -39.093488 1412.700879 2247.657538 0.450094 0.807045 -0.382222 0.496389 -0.581925 -0.644175 0.742303 -0.100209 0.662529
-17.402576 -34.287651 1027.838944 1470.966256 -0.147273 0.919086 0.365501 -0.115952 0.350940 -0.929191 0.982276 0.179225 -0.054886
-19.843008 -35.410709 719.201319 1710.331308 -0.112930 0.942101 0.315742 -0.096173 0.305918 -0.947188 0.988938 0.137332 -0.056057
-20.120573 -32.593613 896.547186 1015.678182 -0.133310 0.950112 0.281986 -0.141226 0.263411 -0.954290 0.980961 0.167040 -0.099066
-17.144238 -30.839473 1368.776251 1605.522080 -0.172437 0.930900 0.322011 -0.164723 0.295053 -0.941175 0.971150 0.215336 -0.102463
1.125583 -101.141588 -234.253204 -1841.546610 0.198172 0.931732 -0.304307 -0.897066 0.047303 -0.439358 0.394969 -0.360052 -0.845200
2.548042 -110.855806 -1669.683546 -3696.485941 0.198447 0.925718 -0.321970 -0.898166 0.040268 -0.437809 0.392323 -0.376064 -0.839439
1.321581 -110.455913 -522.876079 4869.539342 0.175906 0.932938 -0.314139 0.951821 -0.079764 0.296100 0.251186 -0.351090 -0.902021
-0.414317 -107.814278 992.304312 5396.759094 0.171238 0.937365 -0.303357 0.960636 -0.090485 0.262660 0.218759 -0.336393 -0.915961
-113.976776 -297.414963 17233.289695 128136.901351 0.207590 -0.539192 0.816197 0.974411 0.187503 -0.123962 -0.086201 0.821044 0.564319
-677.525058 -966.708058 -248114.612187 396591.039774 -0.313379 -0.521397 0.793687 0.949036 -0.142444 0.281141 -0.033530 0.841341 0.539463
1513.642303 -1797.883452 35799.362588 7050922.982412 0.902312 0.005811 -0.431045 -0.051377 0.994232 -0.094145 0.428011 0.107094 0.897406
-99.897620 -480.043651 70696.144597 189776.282149 0.934357 0.341422 -0.102017 0.090291 -0.503793 -0.859093 0.344708 -0.793488 0.501550
37.950366 -278.512049 -67352.454897 92531.876234 -0.325076 -0.503728 -0.800364 0.928946 -0.011544 -0.370035 0.177158 -0.863785 0.471689
-299.194284 -6963.950829 -15475.504241 3776325.274496 0.557764 -0.002475 0.829996 0.025778 0.999565 -0.014343 -0.829599 0.029395 0.557585
-30.771063 -142.990010 -405.548102 50898.015239 0.898115 0.160580 -0.409394 -0.407948 -0.043414 -0.911972 0.164218 -0.986068 -0.026517
-25.079089 -55.414998 322.810412 10305.721812 0.948522 0.220126 -0.227706 -0.244101 0.050023 -0.968459 0.201793 -0.974188 -0.101181
-31.078793 -191.494606 1334.005699 60795.291991 0.840404 0.236678 -0.487550 -0.488068 -0.060572 -0.870701 0.235608 -0.969698 -0.064610
-55.176116 -1435.580973 3232.863380 525423.488372 0.890677 0.139161 -0.432816 -0.403101 -0.198531 -0.893361 0.210249 -0.970165 0.120731
29.881113 -706.269620 -41812.218259 267399.981797 0.987331 0.119414 -0.104484 -0.092088 -0.105005 -0.990199 0.129215 -0.987276 0.092679
127.018921 -3716.590137 -23356.719251 1638562.088961 0.939562 0.228040 -0.255385 -0.233144 -0.120118 -0.964995 0.250734 -0.966214 0.059692
-3.197153 -71.889024 -1937.757580 -16676.851107 0.076572 0.993040 -0.089488 -0.970961 0.094669 0.219711 -0.226654 -0.070065 -0.971452
-9.210835 -109.299842 -439.804460 -18897.731303 0.235844 0.962209 -0.136128 -0.883241 0.270662 0.382920 -0.405294 -0.029924 -0.913697
-3.378702 -92.659541 3528.261764 -24629.642638 0.191787 0.978662 -0.073740 -0.961791 0.202375 0.184398 -0.195386 -0.035557 -0.980082
6.118818 -57.395437 -166.974852 -14193.163404 -0.020376 0.999384 -0.028584 -0.995454 -0.017618 0.093603 -0.093041 -0.030362 -0.995199
11.360366 -19.320241 -5866.114210 -1046.323166 -0.561611 0.764200 -0.317161 0.447868 0.603086 0.660077 -0.695706 -0.228660 0.680960
1.356007 -22.813181 3441.389995 -1417.883546 0.631808 -0.653021 0.417591 0.383299 0.731473 0.563940 -0.673722 -0.196240 0.712453
-0.831016 -21.520888 4450.487521 -1403.368348 0.631410 -0.659801 0.407411 0.358757 0.714331 0.600853 -0.687470 -0.233224 0.687744
-14.721358 -49.875221 -28494.159695 1569.287759 -0.773534 0.491050 0.400643 -0.001286 0.630957 -0.775817 -0.633753 -0.600636 -0.487435
-14.255391 -48.175308 -21574.891757 2567.276004 -0.742897 0.568814 0.352921 0.114695 0.627580 -0.770058 -0.659506 -0.531596 -0.531467
31.056489 -51.251984 -30564.573705 2802.775639 -0.777566 0.477364 0.409284 0.011675 0.661745 -0.749638 -0.628693 -0.578115 -0.520124
25.634369 -49.791428 35168.573428 264.181068 0.779666 -0.442806 -0.442768 -0.091091 0.619356 -0.779808 -0.619535 -0.648322 -0.442555
-36.655657 -48.950940 -22633.274254 -13.363058 -0.743829 0.622667 0.242907 -0.103999 -0.466832 0.878210 -0.660229 -0.627976 -0.412000
-55.999339 -72.947179 469.622204 2214.614307 0.248987 0.963953 -0.093813 0.509737 -0.048066 0.858987 -0.823513 0.261696 0.503330
-53.785669 -72.658603 -230.586688 -334.736976 0.244077 0.969716 0.008737 0.380633 -0.104084 0.918850 -0.891933 0.220944 0.394511
-59.553678 -72.609394 -127.783158 3735.174969 0.270426 0.926108 0.263047 0.404925 -0.357297 0.841650 -0.873444 0.121090 0.471627
-53.990578 -73.513901 1044.106974 317.259596 0.270910 0.913808 -0.302592 0.609836 0.080288 0.788450 -0.744787 0.398131 0.535523
-51.917294 -73.088458 1931.872424 -426.096327 0.281118 0.917275 -0.282097 0.502340 0.109813 0.857669 -0.817696 0.382815 0.429914
-60.493423 -69.118372 1097.068158 1860.539825 0.084014 0.991754 -0.096774 0.604748 0.026441 0.795978 -0.791973 0.125397 0.597540
-57.246645 -71.424661 572.217133 1694.814363 0.186032 0.965282 -0.183366 0.631486 0.025511 0.774967 -0.752740 0.259962 0.604817
8.605121 -16.388638 3218.101800 6190.404949 -0.107094 0.711218 -0.694766 0.791622 0.483783 0.373215 -0.601553 0.510023 0.614825
17.745863 -20.864397 5538.205816 5306.172756 -0.229964 0.641052 -0.732236 0.752284 0.594420 0.284138 -0.617403 0.485507 0.618948
11.626026 -26.403181 4009.371202 3663.962157 -0.072851 0.724492 -0.685422 0.758404 0.486559 0.433686 -0.647700 0.488233 0.584904
3.370462 -18.307998 1659.783676 5082.984171 0.074071 0.796578 -0.599981 0.803322 0.308836 0.509209 -0.590921 0.519696 0.617033
-0.648583 -234.708233 1399.155107 45994.390739 0.713546 0.093351 -0.694361 -0.680409 0.328600 -0.655031 -0.167020 -0.939844 -0.297988
3.200704 -253.790560 798.522814 33181.948511 0.722300 0.070059 -0.688022 -0.690879 0.117877 -0.713296 -0.031130 -0.990554 -0.133545
1.186169 -231.370211 1741.779286 -12330.173264 0.703622 0.085067 -0.705464 0.705812 0.031079 0.707717 0.082128 -0.995890 -0.038173
-2.632945 -222.739015 2003.048883 -32774.248233 0.683812 0.081873 -0.725051 -0.658739 -0.358065 -0.661704 0.313791 -0.930100 0.190916
-4.983822 -227.382244 2791.905339 -19638.800929 0.693418 0.090653 -0.714810 0.720498 -0.077102 0.689157 0.007361 -0.992893 -0.118779
-2.189141 -227.970199 1766.628919 37969.396380 0.697019 0.078261 -0.712769 -0.696603 0.309606 -0.647216 -0.170026 -0.947639 -0.270318
-1.232853 -30.402898 3186.082140 27.914151 0.134617 0.990877 -0.006387 0.092623 -0.006165 0.995682 -0.986559 0.134627 0.092608
2.697174 -31.344230 1514.545166 -105.164811 0.124966 0.990756 0.052785 0.030509 -0.057014 0.997907 -0.991692 0.123094 0.037352
-3.556849 -29.742537 4087.711251 145.817962 0.143880 0.989273 0.025268 0.011664 -0.027228 0.999561 -0.989526 0.143522 0.015457
2.132935 -30.619120 1568.656815 116.990914 0.126059 0.987757 0.091893 -0.025365 -0.089393 0.995673 -0.991698 0.127844 -0.013786
-1.191666 -28.289914 2501.426308 -250.615468 0.137100 0.987329 0.079909 -0.065007 -0.071529 0.995318 -0.988422 0.141652 -0.054377
-8.205400 -28.411149 4857.013166 -220.245211 0.142015 0.989400 0.030314 -0.047771 -0.023738 0.998576 -0.988711 0.143261 -0.043893
39.110675 -20.699815 -4135.999355 -918.565853 -0.032995 0.807737 0.588620 0.048461 -0.586955 0.808168 -0.998280 -0.055191 0.019777
42.507064 -24.115291 -1594.295697 -491.215043 0.050020 0.844899 0.532582 0.050524 -0.534707 0.843526 -0.997469 0.015285 0.069434
48.389496 -23.737645 -5415.316469 -2554.530225 -0.001456 0.790356 0.612646 0.086896 -0.610230 0.787444 -0.996216 -0.054383 0.067791
36.928845 -19.826855 -5965.617818 -2289.005906 -0.087738 0.745463 0.660747 0.063003 -0.657824 0.750532 -0.994149 -0.107480 -0.010750
7.441735 -48.934064 700.498002 -5881.576159 0.183571 0.973834 -0.133974 -0.568037 -0.006143 -0.822980 0.802269 -0.227177 -0.552046
9.858237 -45.520490 69.229620 -991.421900 0.192512 0.972965 -0.127584 -0.527799 -0.006942 -0.849341 0.827265 -0.230847 -0.512194
8.379856 -48.766508 241.454015 -4464.021502 0.165898 0.975888 -0.141847 -0.569447 -0.022634 -0.821716 0.805114 -0.217095 -0.551962
-17.221061 -87.244905 591.767156 11055.419162 -0.204002 0.949049 0.240185 0.687800 -0.035644 0.725025 -0.696646 -0.313105 0.645484
-18.493390 -89.572020 813.577263 12250.999328 -0.276986 0.938689 0.205287 0.678340 0.039712 0.733674 -0.680539 -0.342471 0.647750
-13.742054 -68.467690 1066.355335 16289.941456 -0.195322 0.943956 0.266076 0.809480 0.001996 0.587144 -0.553707 -0.330066 0.764503
-21.661340 -112.375162 -204.387080 8760.860614 -0.251398 0.947940 0.195469 0.499260 -0.046008 0.865230 -0.829180 -0.315106 0.461702
-14.072675 -73.244850 340.564445 11431.348794 -0.129992 0.949577 0.285317 0.772984 -0.083162 0.628951 -0.620965 -0.302304 0.723198
-18.185617 -92.565184 1200.666516 6043.153200 -0.143198 0.960432 0.238880 0.575550 -0.115543 0.809563 -0.805132 -0.253415 0.536231
4.362799 -111.706573 1900.005141 6906.802071 -0.139370 0.986425 0.086839 0.381426 0.134405 -0.914576 0.913833 0.094342 0.394980
4.469048 -107.746803 1210.920530 146.928296 -0.119793 0.991757 0.045474 0.232693 0.072575 -0.969839 0.965144 0.105599 0.239469
5.286708 -107.958649 1428.633820 2616.967911 -0.115653 0.991818 0.054050 0.251994 0.081932 -0.964254 0.960793 0.097899 0.259408
4.185869 -109.752917 1282.604947 -3086.323848 -0.116002 0.993236 -0.005128 0.073644 0.003452 -0.997279 0.990515 0.116064 0.073547
4.459315 -115.093099 419.145109 8273.289154 -0.128534 0.985769 0.108348 0.454127 0.155633 -0.877238 0.881616 0.063551 0.467669
5.582912 -102.911323 -1299.864232 1880.616360 -0.088536 0.993717 0.068462 0.279618 0.090763 -0.955812 0.956020 0.065480 0.285897
4.289449 -101.021152 -770.322505 -2338.914305 -0.079383 0.996722 0.015615 0.107348 0.024121 -0.993929 0.991047 0.077225 0.108911
-3.104234 -76.569152 127.016672 5167.166149 -0.064309 0.978446 0.196235 0.626834 -0.113403 0.770856 -0.776494 -0.172580 0.606030
-1.072944 -78.828322 -342.406326 5832.542756 -0.079688 0.980401 0.180177 0.542857 -0.108915 0.832733 -0.836036 -0.164169 0.523538
-3.585206 -80.639964 1646.416224 4688.072505 -0.059944 0.979343 0.193115 0.560178 -0.127122 0.818560 -0.826201 -0.157247 0.540986
-6.617116 -74.476965 2238.493446 3881.316370 -0.043050 0.975611 0.215246 0.680232 -0.129172 0.721526 -0.731732 -0.177478 0.658080
-8.143852 -81.547192 2642.099231 4041.958635 -0.041192 0.973530 0.224815 0.589514 -0.157988 0.792157 -0.806707 -0.165162 0.567402
-2.246263 -150.419066 -990.484358 4254.343772 0.755648 -0.125337 -0.642874 -0.607469 0.232889 -0.759437 -0.244904 -0.964393 -0.099844
-4.266415 -152.504257 -1092.501060 8895.847057 0.760827 -0.118763 -0.637995 -0.583840 0.303947 -0.752826 -0.283324 -0.945257 -0.161912
-3.305703 -151.667312 -1508.586725 591.736133 0.749339 -0.128317 -0.649635 -0.651342 0.033994 -0.758022 -0.119350 -0.991150 0.058105
-2.398298 -143.699048 -812.444486 -10799.176455 0.740381 -0.121095 -0.661190 -0.665081 -0.274619 -0.694443 0.097482 -0.953897 0.283861
-1.733814 -146.511979 -669.998834 -1618.604386 0.747312 -0.123177 -0.652956 -0.661278 -0.041621 -0.748985 -0.065081 -0.991512 0.112558
8.506804 -126.950592 1355.668679 -2316.528209 0.766279 0.097503 -0.635067 0.626604 0.105149 0.772212 -0.142070 0.989665 -0.019478
4.406410 -134.366250 2169.541696 -2992.701786 0.771703 0.078310 -0.631144 0.634398 -0.024753 0.772610 -0.044880 0.996622 0.068781
6.662997 -131.094768 894.404943 -2752.490307 0.770976 0.101770 -0.628680 0.636858 -0.118943 0.761751 -0.002746 0.987672 0.156515
8.667823 -75.735411 1049.501414 -3514.353452 -0.387026 0.918579 0.080150 0.584736 0.177296 0.791612 -0.712948 -0.353241 0.605744
7.898512 -78.025263 145.693223 -3084.347874 -0.395844 0.915975 0.065548 0.658888 0.233572 0.715060 -0.639667 -0.326241 0.695983
9.305268 -79.856816 1278.638006 -1600.571306 -0.389301 0.917906 0.076762 0.670177 0.225089 0.707247 -0.631908 -0.326776 0.702787
11.004441 -76.407502 2479.817152 -2644.840913 -0.391219 0.916532 0.083163 0.546894 0.158856 0.821993 -0.740172 -0.367061 0.563393
7.876516 -72.778623 1227.594684 -2870.028852 -0.377126 0.920829 0.099251 0.485045 0.105077 0.868153 -0.788992 -0.375544 0.486271
-0.723936 -105.683352 -1899.583552 -5680.068738 -0.075781 0.995181 -0.062225 -0.275285 -0.080860 -0.957956 0.958371 0.055465 -0.280086
0.451741 -117.645829 -2351.969578 -7051.703035 -0.068143 0.994456 -0.080088 -0.326897 -0.098099 -0.939955 0.942600 0.037871 -0.331770
-1.421462 -116.487547 -1963.485855 -4804.554142 -0.086423 0.991231 -0.099963 -0.462686 -0.128796 -0.877116 0.882299 0.029552 -0.469760
-2.572066 -112.458665 -1450.761845 -4296.314785 -0.093774 0.991890 -0.085793 -0.478017 -0.120447 -0.870053 0.873330 0.040578 -0.485436
8.014189 -120.685209 -86.166357 -339.898010 0.754896 0.099701 -0.648223 0.430069 0.670952 0.604039 -0.495150 0.734767 -0.463620
12.048321 -122.935452 -255.669195 -1068.818088 0.753929 0.135323 -0.642867 0.502914 0.510728 0.697305 -0.422692 0.849026 -0.316997
10.348886 -118.490326 -555.165656 -1220.386943 0.750503 0.134753 -0.646983 0.401582 0.684523 0.608408 -0.524860 0.716429 -0.459622
-6.928410 -208.394539 -1309.067921 2429.699817 0.854613 -0.060682 -0.515708 -0.511300 -0.271625 -0.815348 0.090602 -0.960488 0.263161
-5.754623 -232.906577 -213.260140 5080.117443 0.851719 -0.059485 -0.520611 -0.510077 -0.321618 -0.797736 0.119984 -0.944999 0.304270
-7.975387 -222.174923 -1502.950794 26577.563768 0.845225 -0.062669 -0.530723 -0.529683 0.033557 -0.847532 -0.070923 -0.997470 0.004831
-5.103885 -209.027367 -628.838665 -4749.827096 0.862630 -0.057378 -0.502570 -0.453257 -0.528755 -0.717619 0.224561 -0.846833 0.482127
-8.365541 -190.157663 -1604.186138 13275.335583 0.842246 -0.055798 -0.536197 -0.536060 0.018675 -0.843974 -0.057106 -0.998267 0.014182
-8.666520 -203.399765 -220.333306 3269.785185 0.853876 -0.023284 -0.519956 -0.506223 -0.269349 -0.819262 0.120974 -0.962761 0.241778
-6.464975 -204.933733 13.428959 -5478.645574 0.860523 -0.024180 -0.508838 -0.442005 -0.532011 -0.722216 0.253244 -0.846392 0.468495
-22.956285 -192.157639 5347.146381 1875.074572 -0.563236 -0.331968 0.756679 0.366294 0.720543 0.588767 -0.740671 0.608781 -0.284238
-18.514910 -244.534504 4845.521070 37963.897406 -0.565506 -0.433474 0.701643 0.078155 0.818746 0.568811 -0.821033 0.376503 -0.429128
-12.738236 -180.623900 4309.999659 17114.053765 -0.555292 -0.414393 0.721061 0.203193 0.773142 0.600803 -0.806451 0.480135 -0.345118
7.471728 -72.141181 4362.058755 -6038.114863 0.867684 -0.142271 -0.476322 0.296809 -0.620374 0.725975 0.398783 0.771294 0.496062
17.805504 -68.138163 5500.664373 -5990.352348 0.881568 -0.131717 -0.453309 0.301948 -0.580804 0.755972 0.362858 0.803316 0.472247
7.616589 -77.416168 5508.404830 9441.428817 0.845800 -0.121322 -0.519523 0.375919 -0.555458 0.741722 0.378560 0.822647 0.424199
4.752389 -110.914730 5257.378349 29085.622279 0.827914 -0.092813 -0.553122 0.449989 -0.478731 0.753875 0.334766 0.873042 0.354583
-6.148069 -122.345735 4594.635385 28318.655953 0.796616 -0.081163 -0.599013 0.503413 -0.459494 0.731738 0.334633 0.884465 0.325182
16.341314 -39.087766 3833.732983 320.435032 -0.161918 0.837386 0.522079 0.875397 -0.122310 0.467675 0.455481 0.532751 -0.713241
2.155355 -38.427457 4300.152294 -69.492171 -0.149574 0.822432 0.548847 0.880107 -0.142227 0.452972 0.450600 0.550797 -0.702554
13.155119 -38.962567 4506.602581 1404.388621 -0.151490 0.831271 0.534827 0.900864 -0.106574 0.420816 0.406811 0.545555 -0.732717
-2.782054 -31.738063 -2720.194321 328.554320 -0.004347 0.991759 0.128041 -0.971902 0.025944 -0.233951 0.235345 0.125460 -0.963780
2.108343 -32.301076 -2759.640420 -269.921215 0.044112 0.990972 0.126605 -0.983457 0.065361 -0.168936 0.175686 0.117059 -0.977462
-3.002139 -33.100000 -2967.429054 -326.528819 0.016346 0.991360 0.130144 -0.985634 0.037860 -0.164597 0.168102 0.125584 -0.977737
-2.374011 -35.051242 -944.464652 4097.498372 0.002349 0.983411 0.181377 -0.924284 -0.067096 0.375763 -0.381699 0.168526 -0.908793
1.584028 -31.609503 -917.791308 3602.571972 -0.026598 0.981490 0.189659 -0.893015 -0.108592 0.436729 -0.449240 0.157752 -0.879373
-2.062734 -31.580258 -3115.432163 2317.818468 -0.039327 0.982552 0.181782 -0.893617 -0.115985 0.433585 -0.447104 0.145392 -0.882587
14.255480 -156.810632 -3676.525435 -30691.658064 -0.159554 0.977817 0.135706 0.968227 0.181818 -0.171695 0.192560 -0.104000 0.975759
8.378533 -176.594333 -4430.338514 -35133.384092 -0.173199 0.968954 0.176438 0.949820 0.211708 -0.230263 0.260468 -0.127703 0.957000
12.409240 -131.376121 3843.668655 -26614.600740 0.144449 -0.977534 -0.153500 0.987513 0.152269 -0.040408 0.062873 -0.145747 0.987322
23.581893 -201.393417 -4302.813137 35698.669249 -0.154103 0.988002 0.010194 0.734760 0.107694 0.669723 -0.660590 -0.110696 0.742541
20.618979 -221.493942 -3091.361402 31331.147473 -0.182780 0.982746 -0.028323 0.519335 0.120972 0.845965 -0.834795 -0.139917 0.532486
27.640720 -265.888026 -3291.336480 33583.953715 -0.125871 0.990254 -0.059614 0.508472 0.115997 0.853230 -0.851829 -0.077085 0.518117
17.076627 -165.279624 -1866.318856 22645.844915 -0.166066 0.985641 0.030568 0.742416 0.104564 0.661729 -0.649031 -0.132585 0.749120
-16.305420 -185.738393 14707.569071 58103.329380 -0.446474 0.894748 -0.009287 -0.712602 -0.361823 -0.601067 0.541164 0.261743 -0.799145
-45.401952 -378.998035 15072.631790 121748.629879 -0.401874 0.915131 0.032144 -0.604755 -0.238888 -0.759740 0.687582 0.324759 -0.649432
-79.977318 -182.571501 33801.067467 51368.037371 -0.362996 0.931456 0.024964 -0.775647 -0.287214 -0.562032 0.516338 0.223378 -0.826739
-14.285474 -93.451418 16979.782790 15712.364255 -0.470403 0.881883 -0.031674 -0.753120 -0.419910 -0.506445 0.459925 0.214379 -0.861690
-72.974999 -479.016728 -15985.775788 145477.352017 0.976120 0.217209 0.003103 0.062453 -0.266921 -0.961693 0.208060 -0.938922 0.274112
-143.173827 -391.083075 -26742.230551 130553.791548 0.930409 0.306201 -0.201447 -0.101799 -0.312108 -0.944577 0.352103 -0.899350 0.259217
-109.801128 -377.087931 -26315.614650 108866.777278 0.966870 0.243424 -0.076859 0.054846 -0.492157 -0.868777 0.249308 -0.835779 0.489202
-47.851980 -77.855031 -712.265020 5100.265514 0.166272 -0.973524 0.156857 0.985991 0.161999 -0.039730 0.013267 0.161265 0.986822
-41.341127 -72.352129 1807.338333 4579.376841 -0.070241 -0.967066 0.244640 0.997455 -0.071106 0.005307 0.012263 0.244390 0.969599
-39.817658 -65.620406 806.366497 4190.189250 -0.263854 -0.912302 0.313188 0.959536 -0.281364 -0.011210 0.098347 0.297557 0.949625
33.674250 -61.520406 962.311250 8615.337073 0.130741 0.990843 0.033715 0.182895 0.009319 -0.983088 0.974400 -0.134696 0.180002
43.852315 -57.100757 1992.335653 4319.135153 0.137526 0.990483 -0.005559 0.072108 -0.015609 -0.997275 0.987870 -0.136750 0.073568
44.772830 -54.707061 -3398.129018 -826.289262 0.265304 0.963130 -0.044652 0.063206 -0.063585 -0.995973 0.962091 -0.261413 0.077745
35.705816 -56.582157 -8919.250290 -2074.074846 0.366117 0.927375 -0.077037 0.076173 -0.112373 -0.990742 0.927446 -0.356859 0.111782
-41.154661 -727.837859 -10341.287229 392301.354822 0.477886 0.859999 -0.178962 -0.289136 -0.038379 -0.956518 0.829473 -0.508851 -0.230316
-5.724794 -220.850406 -9746.649624 118244.004102 0.563746 0.821420 -0.086372 0.156372 -0.208827 -0.965370 0.811011 -0.530717 0.246172
5.397820 -441.828312 -11832.482358 310157.916171 0.583050 0.787032 -0.201578 -0.221575 -0.084668 -0.971461 0.781637 -0.611075 -0.125021
-44.738153 -88.310475 -5772.177472 6160.281072 0.663568 0.030373 0.747499 0.000863 0.999144 -0.041364 -0.748115 0.028093 0.662974
-48.581772 -92.705718 -6193.049091 -225.706887 0.653655 0.125271 0.746352 -0.239370 0.969797 0.046865 -0.717939 -0.209288 0.663899
-55.598686 -95.204141 -5475.292438 3901.166545 0.712119 0.123428 0.691123 -0.147623 0.988741 -0.024472 -0.686362 -0.084599 0.722322
38.563468 -64.698241 -4619.330712 12433.899850 0.571815 0.647883 -0.503265 0.678301 -0.028318 0.734238 0.461448 -0.761214 -0.455652
6.914415 -52.500769 719.478124 -2453.045516 0.288886 0.957166 -0.019435 0.706981 -0.226977 -0.669821 0.645541 -0.179762 0.742268
7.157004 -54.881074 1487.396548 950.145539 0.292018 0.956110 -0.024083 0.582182 -0.197677 -0.788662 0.758808 -0.216283 0.614356
6.158787 -53.209414 -198.011174 556.833675 0.320050 0.947343 -0.010417 0.604475 -0.212657 -0.767715 0.729505 -0.239410 0.640707
4.425370 -50.119515 -979.554091 -4345.344537 0.322155 0.946680 -0.003683 0.718211 -0.246938 -0.650534 0.616757 -0.206928 0.759468
4.645307 -51.442940 -824.313350 -2440.772890 0.307369 0.951586 0.002872 0.769620 -0.246815 -0.588870 0.559651 -0.183211 0.808223
6.437161 -52.259010 890.770097 -1996.820483 0.272144 0.962185 -0.011748 0.786292 -0.229399 -0.573690 0.554691 -0.146889 0.818988
7.424307 -52.923617 -112.914707 -3687.470805 0.279350 0.960156 -0.008014 0.751663 -0.223869 -0.620391 0.597466 -0.167283 0.784252
-0.916300 -63.249548 1358.534398 1174.452705 0.059919 0.981451 -0.182107 -0.911871 0.128034 0.389999 -0.406081 -0.142690 -0.902628
-1.399865 -58.887214 1040.696711 -451.867976 0.054857 0.982058 -0.180426 -0.876025 0.134046 0.463263 -0.479136 -0.132644 -0.867660
27.422641 -107.580012 1457.891192 5106.778169 -0.155450 0.957669 -0.242292 0.967189 0.197445 0.159880 0.200952 -0.209489 -0.956939
23.834572 -100.740638 3866.234847 -3250.640703 -0.188140 0.965225 -0.181503 -0.960792 -0.219203 -0.169791 0.203673 -0.142442 -0.968621
-0.820969 -120.884359 -73.682425 8262.661725 0.222895 0.974836 0.003522 0.964235 -0.219936 -0.147918 0.143421 -0.036366 0.988993
0.092090 -145.671411 1628.245733 12475.959687 0.182073 0.983115 -0.018258 0.977833 -0.179079 0.108507 -0.103406 0.037610 0.993928
0.202591 -154.145766 206.156257 13410.547436 0.183496 0.983000 -0.006345 0.973268 -0.180764 0.141681 -0.138125 0.032173 0.989892
5.741449 -73.007970 1187.423432 -3630.412334 -0.017282 0.970224 -0.241594 -0.036737 0.240850 0.969867 -0.999176 -0.025637 -0.031480
10.675664 -74.445714 2680.019345 -2850.543491 -0.027031 0.970200 -0.240792 -0.025554 0.240131 0.970404 -0.999308 -0.032384 -0.018302
9.656634 -73.670505 1550.943831 2196.722207 -0.042723 0.978392 -0.202296 -0.120162 0.195979 0.973218 -0.991835 -0.065887 -0.109193
-0.171132 -44.732036 -3734.562271 -1909.141648 -0.718124 -0.135092 -0.682677 -0.394187 0.887395 0.239053 0.573510 0.440772 -0.690511
-5.150339 -45.838910 -1615.352808 -3069.341792 -0.755940 -0.057189 -0.652138 -0.369214 0.859867 0.352576 0.540588 0.507305 -0.671123
-10.029368 -38.515894 -1361.732569 -2879.007387 -0.767385 -0.044936 -0.639610 -0.326627 0.885804 0.329645 0.551757 0.461878 -0.694430
5.966351 -57.950475 888.914002 7892.707386 -0.100717 0.975206 -0.197053 -0.585989 0.101916 0.803885 -0.804036 -0.196436 -0.561195
7.997653 -57.734914 -362.938070 -225.981540 -0.171123 0.980387 -0.097763 -0.503548 -0.001738 0.863966 -0.846851 -0.197073 -0.493970
5.681161 -48.419284 -1094.510901 2791.733495 -0.174329 0.975272 -0.135848 -0.553111 0.017153 0.832931 -0.814664 -0.220343 -0.536444
6.311522 -35.054336 3246.327796 2459.104948 0.124957 0.969202 -0.212213 0.861680 -0.212039 -0.461028 0.491827 0.125251 0.861637
8.587144 -34.021882 3519.790386 671.544710 0.107617 0.974739 -0.195710 0.848180 -0.192711 -0.493409 0.518660 0.112898 0.847494
12.011786 -34.840713 3741.977778 1702.174368 0.091502 0.978175 -0.186550 0.865942 -0.170662 -0.470127 0.491704 0.118524 0.862658
0.737067 -34.282604 2460.664356 524.953666 0.150072 0.962560 -0.225735 0.830290 -0.246656 -0.499780 0.536747 0.112422 0.836220
