18850
37687
-35.648655 -55.984609 1179.039034 4684.060773 -0.395038 0.876656 0.274625 -0.487001 0.053637 -0.871753 0.778958 0.478119 -0.405743
-41.081130 -67.045307 1784.894472 2942.732158 -0.320163 0.843630 0.431027 -0.452411 0.263592 -0.851965 0.832358 0.467769 -0.297274
-41.208143 -69.293863 941.218877 10323.425706 -0.093928 0.753527 0.650673 -0.587213 0.485842 -0.647409 0.803964 0.442894 -0.396847
-32.882276 -55.765503 -865.185815 4069.538301 -0.489139 0.851097 0.190726 -0.399188 -0.024025 -0.916554 0.775495 0.524458 -0.351499
-31.973930 -48.644624 350.791962 6476.671693 -0.420384 0.885544 0.197711 -0.530924 -0.063370 -0.845047 0.735797 0.460214 -0.496796
-27.117476 -47.471929 760.064947 3361.397367 -0.599634 0.799397 -0.037468 -0.342828 -0.298899 -0.890578 0.723124 0.521176 -0.453286
26.634780 -33.957827 2940.096574 1763.876821 -0.062926 0.984262 0.165134 0.997184 0.068769 -0.029901 -0.040787 0.162788 -0.985818
30.448823 -49.382916 39.791888 -2378.287830 -0.311675 0.939853 0.139769 -0.932477 -0.330807 0.145100 -0.182609 0.085107 -0.979495
20.702252 -34.638063 -4828.729990 -6657.400820 -0.321551 0.944479 0.067560 -0.943443 -0.325647 0.062199 -0.080746 0.043739 -0.995775
22.719464 -10.634251 2540.167347 765.959571 0.181444 0.979726 0.084937 0.983229 -0.182349 0.002959 0.018387 0.082976 -0.996382
11.415478 -44.534370 -9625.629162 -6848.645030 -0.402740 0.915312 0.001813 -0.911736 -0.401340 0.087542 -0.080856 -0.033604 -0.996159
3.229527 -9.787576 -8096.417608 18434.612694 -0.396849 0.917638 0.021260 0.917847 0.396934 0.000246 -0.008213 0.019611 -0.999774
100.759161 -197.970515 -30924.436741 148370.183648 -0.034624 0.939232 0.341532 -0.252426 0.322438 -0.912313 0.966997 0.117799 -0.225923
107.070605 -532.104945 2048.925052 292324.703700 -0.352674 0.822871 0.445539 -0.216450 0.391482 -0.894367 0.910368 0.411856 -0.040045
118.006523 -153.102539 43363.652090 103581.107302 -0.396198 0.897697 0.192786 -0.166780 0.136113 -0.976554 0.902891 0.419062 -0.095791
75.141739 -30.607299 13796.010054 -115.827547 -0.100457 0.676747 0.729330 -0.664752 0.499758 -0.555289 0.740279 0.540606 -0.399665
78.229022 -34.625637 1077.579907 -6349.490520 0.023930 0.717073 0.696587 -0.667764 0.530015 -0.522662 0.743988 0.452649 -0.491519
80.521410 -38.907365 -5007.395187 -3293.625783 0.099164 0.792477 0.601787 -0.629441 0.518356 -0.578888 0.770695 0.321385 -0.550219
65.983252 -29.244616 11821.140892 -3441.079241 -0.068717 0.580694 0.811217 -0.711217 0.541710 -0.448019 0.699606 0.607737 -0.375775
74.309377 -39.572157 6451.154050 3419.852132 -0.047340 0.788382 0.613362 -0.610738 0.463055 -0.642323 0.790416 0.405011 -0.459574
66.035997 -27.354835 21560.156255 2518.446685 -0.208618 0.631745 0.746577 -0.637341 0.491195 -0.593737 0.741805 0.599688 -0.300165
57.135401 -23.815093 15679.434553 630.817916 -0.158634 0.541481 0.825611 -0.701480 0.526640 -0.480183 0.694810 0.655323 -0.296295
4.258248 -10.974136 -4426.641313 -1392.858897 -0.270045 0.832693 0.483424 -0.291008 0.408012 -0.865356 0.917818 0.374365 -0.132139
12.803522 -9.959751 -2999.618262 -517.177931 -0.248580 0.732936 0.633255 -0.362830 0.535717 -0.762471 0.898088 0.419299 -0.132763
6.370484 -14.542896 -5776.719496 -2250.707505 -0.191819 0.766300 0.613180 -0.354406 0.528539 -0.771390 0.915206 0.365282 -0.170197
0.375115 -15.147355 -4189.417241 -3175.612418 -0.254954 0.843088 0.473499 -0.282623 0.403325 -0.870318 0.924729 0.355712 -0.135447
7.635201 -19.020266 6336.233314 -3074.383954 0.100308 -0.637117 -0.764212 -0.433094 0.663541 -0.610035 0.895750 0.392167 -0.209373
6.239150 -21.967125 -940.513184 -2496.802607 -0.188579 0.734381 0.652015 -0.395735 0.550811 -0.734848 0.898795 0.396602 -0.186749
-9.595926 -45.020974 -2768.397742 206.652468 -0.059962 0.982890 0.174158 -0.951666 -0.003640 -0.307114 0.301225 0.184156 -0.935601
-2.831305 -42.596147 -3410.696551 460.680385 -0.025585 0.987280 0.156916 -0.969873 0.013525 -0.243236 0.242264 0.158412 -0.957191
-10.545527 -42.982846 -2776.404443 -1035.544903 -0.036747 0.982469 0.182767 0.981950 0.001543 0.189135 0.185537 0.186418 -0.964792
-15.702539 -44.721833 -3448.153418 -887.469829 -0.063323 0.979790 0.189741 -0.953497 -0.003260 -0.301384 0.294675 0.200002 -0.934434
-22.161661 -43.186967 -1705.137735 1531.930855 -0.298781 0.610697 0.733335 0.068142 0.780126 -0.621900 -0.951886 -0.135841 -0.274701
-20.543914 -45.311159 -2284.538368 1969.623992 -0.333078 0.541665 0.771789 -0.032505 0.811445 -0.583525 -0.942339 -0.219446 -0.252668
-22.894457 -43.801950 -485.589059 283.977991 -0.265801 0.517452 0.813384 -0.085848 0.827678 -0.554599 -0.960198 -0.217240 -0.175575
-24.951995 -44.796277 -351.755250 274.631524 -0.233780 0.498077 0.835025 -0.163485 0.826459 -0.538738 -0.958447 -0.262460 -0.111781
-25.865784 -41.662502 98.677434 -246.173201 -0.204562 0.512540 0.833940 -0.089194 0.838652 -0.537315 -0.974781 -0.184297 -0.125841
-25.290151 -40.536031 -1482.784711 720.354434 -0.240937 0.581139 0.777321 0.042371 0.806450 -0.589783 -0.969615 -0.109165 -0.218927
-6.284335 -51.427317 -2120.606556 2571.457039 -0.184240 0.966456 -0.178935 -0.929522 -0.112158 0.351298 -0.319445 -0.231047 -0.919006
-6.527464 -50.593303 -1979.020834 4856.950616 -0.187441 0.964459 -0.186237 0.975308 0.160193 -0.152029 -0.116792 -0.210135 -0.970671
-4.338274 -52.507050 -713.873001 746.734576 -0.137663 0.972046 -0.190197 -0.955154 -0.079457 0.285251 -0.262165 -0.220936 -0.939392
-2.593764 -57.119498 -1075.353176 4483.219342 -0.156337 0.969399 -0.189275 -0.906342 -0.064637 0.417572 -0.392560 -0.236830 -0.888712
-3.995569 -53.707903 -1356.122468 2945.669286 -0.190735 0.967044 -0.168662 -0.887278 -0.096333 0.451063 -0.419950 -0.235684 -0.876410
-7.485748 -52.284117 -1450.110769 6230.066930 -0.216728 0.965562 -0.143942 -0.898183 -0.139452 0.416918 -0.382487 -0.219644 -0.897474
-0.365152 -63.790956 606.045779 -1310.113299 -0.098911 0.993002 -0.064521 -0.061250 0.058641 0.996398 -0.993209 -0.102507 -0.055021
-2.675455 -63.093627 817.469743 495.020248 -0.101319 0.993281 -0.055918 -0.180120 0.036963 0.982950 -0.978413 -0.109664 -0.175165
-1.810162 -62.461607 -511.670408 -810.243620 -0.110683 0.989151 -0.096592 -0.166698 0.077336 0.982971 -0.979776 -0.124900 -0.156330
0.471871 -64.331956 -1219.668549 -1670.465770 -0.116816 0.987776 -0.103211 -0.061824 0.096489 0.993412 -0.991227 -0.122427 -0.049797
2.401955 -66.983162 -543.764068 -2063.525649 -0.116092 0.990987 -0.066839 0.064927 0.074722 0.995089 -0.991114 -0.111182 0.073016
1.975459 -66.388090 893.090587 -1524.921170 -0.095562 0.994999 -0.029055 0.071217 0.035947 0.996813 -0.992873 -0.093188 0.074296
21.015367 -98.071154 -4249.146369 13733.461919 0.082490 0.985043 0.151278 -0.463211 -0.096505 0.880978 -0.882401 0.142746 -0.448322
16.674752 -107.498647 -2378.292785 920.183591 0.108923 0.983285 0.145899 -0.656005 -0.039171 0.753740 -0.746856 0.177810 -0.640773
20.243472 -97.665627 1423.152145 6278.041869 0.179297 0.969145 0.169145 -0.511049 -0.055162 0.857780 -0.840643 0.240238 -0.485391
14.719404 -108.055578 -3864.011442 4958.521970 0.044538 0.990123 0.132942 -0.636462 -0.074449 0.767707 -0.770021 0.118805 -0.626860
-0.224338 -67.978819 -510.426205 -5909.309619 0.127045 0.987952 0.088377 0.695106 -0.025116 -0.718469 0.707593 -0.152709 0.689922
1.750599 -62.009364 168.984428 -4225.955754 0.122654 0.988657 0.086674 0.769087 -0.039488 -0.637923 0.627265 -0.144904 0.765207
1.200204 -58.790508 -70.417066 -5787.563579 0.136377 0.988077 0.071446 0.769275 -0.060184 -0.636077 0.624193 -0.141708 0.768311
0.273654 -64.783542 660.601391 -7610.141229 0.126154 0.990418 0.056182 0.718470 -0.052170 -0.693599 0.684022 -0.127866 0.718167
-5.053940 -53.296598 -763.948837 1324.971534 -0.086063 0.994061 -0.066596 0.252136 0.086400 0.963827 -0.963857 -0.066159 0.258074
-7.076126 -57.443771 -395.491121 -1790.414849 -0.061621 0.997949 -0.017346 0.343438 0.037518 0.938426 -0.937152 -0.051869 0.345045
-2.541113 -51.884116 867.483829 2598.527469 -0.081344 0.992490 -0.091365 0.308610 0.112244 0.944543 -0.947704 -0.048637 0.315422
-6.557366 -58.469701 837.557716 -1527.975719 -0.052357 0.998618 0.004497 0.327351 0.012908 0.944815 -0.943451 -0.050939 0.327575
-2.056773 -50.327741 -335.192663 -1023.145478 -0.092938 0.989424 -0.111365 0.089226 0.119675 0.988796 -0.991666 -0.081960 0.099404
-4.857162 -54.569571 -115.959776 1037.396823 -0.082634 0.995699 -0.041892 0.242734 0.060879 0.968181 -0.966567 -0.069836 0.246721
420.236539 -23.472310 154626.449428 -1614.390099 -0.061818 0.990156 0.125579 0.719265 -0.043037 0.693401 -0.691980 -0.133189 0.709524
193.743883 -45.599055 69451.245270 -6166.991069 -0.114041 0.993183 -0.024108 0.570551 0.085340 0.816816 -0.813305 -0.079395 0.576395
131.418788 -37.282087 45723.904043 507.980596 -0.052529 0.992592 -0.109550 0.690425 0.115357 0.714147 -0.721494 0.038123 0.691370
229.999928 -24.064086 48526.873629 2309.219852 -0.228983 0.910897 0.343270 0.722927 -0.077020 0.686618 -0.651877 -0.405383 0.640875
1833.416026 -64.102928 718267.830423 174.988129 -0.000809 0.998583 0.053202 0.775881 -0.032937 0.630018 -0.630878 -0.041788 0.774756
1459.640397 8.594420 545934.085553 -5582.856438 -0.016913 0.824558 0.565525 0.844454 -0.291066 0.449642 -0.535361 -0.485165 0.691378
646.890022 -27.430239 244547.795945 2281.253085 -0.156550 0.937430 0.310995 0.801355 -0.063504 0.594809 -0.577341 -0.342335 0.741272
-16.350725 -77.311124 -696.365990 -482.116883 0.039246 0.999225 -0.002876 -0.320744 0.015323 0.947042 -0.946352 0.036246 -0.321097
-16.773151 -77.542838 1526.908024 1231.439346 0.095737 0.995238 0.018338 -0.426597 0.024378 0.904113 -0.899361 0.094380 -0.426899
-16.487556 -78.533177 -439.381403 567.515152 0.047142 0.998886 -0.002152 -0.478229 0.024461 0.877895 -0.876969 0.040357 -0.478849
-16.050053 -81.673349 1010.761524 2489.791372 0.092072 0.995706 0.009594 -0.575277 0.045326 0.816702 -0.812760 0.080715 -0.576980
-16.015036 -78.215961 -1615.492338 858.185632 -0.000777 0.999601 -0.028250 -0.428599 0.025191 0.903144 -0.903495 -0.012810 -0.428408
-15.141212 -81.267935 -1423.552859 1463.813799 0.020184 0.999389 -0.028521 -0.573632 0.034940 0.818367 -0.818864 0.000157 -0.573987
8.587647 -172.709776 345.118981 -16871.792326 0.358754 0.508653 -0.782667 -0.003935 0.839300 0.543654 0.933424 -0.191959 0.303104
7.746343 -211.571365 344.768289 -34590.050057 0.380424 0.453213 -0.806149 -0.217861 0.891075 0.398148 0.898785 0.024164 0.437724
6.896881 -173.576903 1751.423523 -20036.739085 0.337453 0.495207 -0.800560 -0.075507 0.861944 0.501350 0.938309 -0.108734 0.328257
7.578172 -160.151135 443.270358 586.802425 0.344126 0.543784 -0.765426 0.133916 0.778456 0.613248 0.929324 -0.313537 0.195066
5.633107 -144.717486 2178.393153 -14138.759513 0.308588 0.512376 -0.801402 -0.058848 0.851190 0.521548 0.949374 -0.113782 0.292819
5.454202 -152.361332 1979.496341 1482.929909 0.311166 0.537684 -0.783628 0.096079 0.802539 0.588812 0.945487 -0.258508 0.198062
-4.859516 -116.677558 -313.446262 1841.339997 0.207926 0.268741 -0.940503 0.079919 0.953635 0.290162 0.974874 -0.135496 0.176808
-5.487438 -117.444561 -846.022463 -1469.331559 0.212224 0.247434 -0.945377 -0.139193 0.965203 0.221377 0.967257 0.084608 0.239280
-4.985669 -114.518868 117.618140 -1075.022570 0.200271 0.255373 -0.945873 -0.028527 0.966543 0.254913 0.979325 -0.024069 0.200856
-5.281280 -111.385608 -256.884426 1981.768362 0.189993 0.241650 -0.951582 -0.060682 0.970273 0.234281 0.979908 0.013232 0.199009
-12.309037 -104.287928 -4369.716826 348.084094 -0.115590 -0.134595 0.984136 0.984414 -0.147729 0.095418 0.132542 0.979827 0.149573
-16.389779 -97.622331 -4768.460403 5245.776964 -0.084925 -0.144110 0.985911 0.920252 -0.390699 0.022161 0.382001 0.909168 0.165798
-8.732973 -105.090710 -4864.801664 4659.541269 -0.057646 -0.136574 0.988951 0.961241 -0.275117 0.018037 0.269614 0.951661 0.147140
-3.392194 -106.900320 -3333.526343 -625.171599 -0.078526 -0.129586 0.988454 0.996834 -0.022597 0.076229 0.012458 0.991311 0.130950
-4.627006 -103.728653 -2608.160943 -3459.891674 -0.142959 -0.150292 0.978251 0.984881 0.076108 0.155621 -0.097842 0.985708 0.137139
-14.454125 -143.003844 -8667.812243 -9167.175206 0.794468 -0.017660 -0.607050 0.505817 -0.533970 0.677514 0.336111 0.845319 0.415289
-4.776034 -132.135037 1444.708381 5100.553612 -0.688055 -0.058060 0.723332 0.698087 -0.325117 0.637945 0.198128 0.943890 0.264229
-6.639184 -170.005859 -901.919836 -6860.429172 0.746271 0.001518 -0.665640 0.593241 -0.455066 0.664064 0.301902 0.890457 0.340503
3.486759 -197.067821 -5240.779369 -33210.524658 0.819473 -0.058198 -0.570155 0.403807 -0.647326 0.646459 0.406699 0.759988 0.506966
8.863793 -21.606002 -2861.236554 9643.546040 -0.025138 0.726580 -0.686621 0.403283 0.635841 0.658080 -0.914730 0.260360 0.309001
4.801133 -18.936009 -3114.373156 7460.286914 0.020890 0.845202 -0.534039 0.382066 0.486865 0.785486 -0.923899 0.220446 0.312752
0.833213 -38.585063 -1522.247150 10376.840727 -0.011469 0.730957 -0.682327 0.352822 0.641441 0.681227 -0.935620 0.232927 0.265254
5.813492 -45.472419 1231.769227 14886.097333 0.040249 -0.614984 0.787512 0.380219 0.738285 0.557108 -0.924020 0.277004 0.263544
14.516803 -25.731779 2579.082584 15156.050529 0.053378 -0.599739 0.798413 0.431900 0.734763 0.523053 -0.900340 0.316915 0.298248
28.849192 16.683699 17125.687307 3448.185434 0.124786 -0.404648 0.905919 0.175587 0.907650 0.381235 -0.976523 0.111494 0.184313
62.184243 19.873709 21138.877189 1715.485792 0.102659 -0.080715 0.991436 0.147461 0.986924 0.065078 -0.983726 0.139518 0.113219
53.245678 20.060898 20693.401649 2508.413997 0.138698 -0.097398 0.985534 0.102373 0.991231 0.083554 -0.985029 0.089304 0.147453
58.687826 -53.714533 14720.387903 2332.627767 0.054909 -0.036435 0.997826 -0.567317 0.821222 0.061206 -0.821667 -0.569444 0.024422
60.580075 -50.567030 8135.330220 2204.476425 -0.013765 -0.082791 0.996472 -0.490452 0.869009 0.065426 -0.871360 -0.487821 -0.052567
58.043369 -51.788392 26052.051007 3417.109025 0.116185 0.028256 0.992826 -0.476068 0.878872 0.030699 -0.871699 -0.476220 0.115564
57.604079 -51.410012 -11857.158814 847.197649 -0.169303 -0.221439 0.960365 -0.539657 0.836200 0.097673 -0.824686 -0.501731 -0.261072
32.761235 -54.104510 23208.377244 3662.059977 0.116876 0.103173 0.987773 -0.523021 0.851889 -0.027094 -0.844268 -0.513460 0.153527
42.788581 -56.541203 27607.769962 -93.055611 0.123091 0.126372 0.984316 -0.634186 0.772923 -0.019926 -0.763319 -0.621787 0.175284
0.399848 -59.102241 899.473622 111.916406 0.010453 0.989157 -0.146490 -0.882625 0.077980 0.463565 -0.469961 -0.124450 -0.873870
1.096411 -60.781729 1038.873854 -1459.524466 0.024971 0.988326 -0.150292 -0.939862 0.074437 0.333344 -0.340640 -0.132930 -0.930749
-0.366337 -59.681901 148.499209 -647.661070 -0.001926 0.988749 -0.149571 -0.899140 0.063748 0.432993 -0.437657 -0.135319 -0.888901
-1.111701 -60.935374 -10.721266 521.356762 -0.016618 0.990101 -0.139366 -0.825245 0.065116 0.561008 -0.564530 -0.124334 -0.815994
-0.681517 -59.928214 1140.293374 1610.633574 0.005071 0.989936 -0.141425 -0.812963 0.086434 0.575864 -0.582293 -0.112053 -0.805220
99.137015 -7140.964988 3432.849509 3026031.141099 0.999473 0.029495 -0.013563 0.002568 -0.488320 -0.872661 0.032362 -0.872166 0.488138
-3.946902 -1207.032346 13384.278975 435839.283818 0.999146 0.010226 -0.040023 -0.039279 -0.064754 -0.997128 0.012788 -0.997849 0.064297
-41.741237 -517.154815 -7407.494050 149107.768081 0.997730 -0.011906 -0.066275 -0.065211 -0.416118 -0.906970 0.016780 -0.909233 0.415949
-53.862861 -1017.978399 9380.680295 171620.002459 0.975246 -0.148383 -0.163945 -0.199904 -0.908552 -0.366841 0.094519 -0.390533 0.915724
8.246852 -34.134447 1793.454157 -223.121321 -0.481018 -0.439530 -0.758574 0.053372 0.848965 -0.525747 0.875085 -0.293380 -0.384909
8.142427 -31.871212 2385.324634 -1984.161900 -0.486937 -0.432901 -0.758610 0.122588 0.826065 -0.550081 0.864791 -0.360852 -0.349173
20.308757 -28.474264 5037.462927 -2367.785386 -0.482877 -0.535564 -0.692822 0.067702 0.765973 -0.639298 0.873067 -0.355607 -0.333612
5.630000 -48.517062 -1492.005903 -1293.487337 -0.569292 0.805657 0.163778 -0.487127 -0.491029 0.722217 -0.662279 -0.331371 -0.671996
1.412144 -49.562506 -645.889408 1669.493727 -0.537658 0.831341 0.140695 -0.547703 -0.471223 0.691354 -0.641050 -0.294653 -0.708685
5.054442 -50.029807 -265.746144 1037.141888 -0.497400 0.862668 0.091640 -0.559365 -0.399664 0.726208 -0.663102 -0.309956 -0.681339
12.399849 -47.529273 -457.066593 -2400.123203 -0.510602 0.854070 0.099244 -0.495055 -0.386395 0.778216 -0.702998 -0.348227 -0.620106
11.655158 -45.513922 -51.298222 -3225.125741 -0.458507 0.887299 0.049721 -0.557009 -0.330526 0.761901 -0.692468 -0.321642 -0.645782
-0.501907 -51.220505 1029.383475 5580.627709 -0.430836 0.900982 0.051109 -0.629803 -0.340758 0.698020 -0.646319 -0.268543 -0.714252
4.521288 -49.210084 523.793172 981.672977 -0.404505 0.914438 0.013387 -0.607256 -0.279510 0.743717 -0.683824 -0.292708 -0.668361
146.594299 -80.842028 -16938.378888 9610.823592 -0.406246 -0.865232 -0.293832 0.898890 -0.320625 -0.298659 0.164199 -0.385452 0.908001
122.186117 -72.000952 -6062.569296 8205.789290 -0.377959 -0.820717 -0.428452 0.925351 -0.349651 -0.146527 -0.029551 -0.451849 0.891605
129.146332 -94.464029 1033.389563 5506.826110 -0.316150 -0.905623 -0.282658 0.946345 -0.322061 -0.026608 -0.066936 -0.275904 0.958852
144.332288 -98.909276 18898.749827 6708.759357 0.341794 0.936201 0.081877 0.922287 -0.317429 -0.220511 0.180452 -0.150883 0.971942
182.109926 -83.472459 35345.677083 6390.596869 0.393830 0.915073 0.086829 0.841683 -0.321048 -0.434164 0.369415 -0.244069 0.896640
92.742709 -89.528036 -7545.147502 -642.341627 0.350903 0.849803 -0.393322 0.804194 -0.488668 -0.338342 0.479728 0.197582 0.854882
101.098908 -88.257658 2345.644291 662.602181 0.352443 0.913227 -0.204450 0.824046 -0.406391 -0.394708 0.443544 0.029364 0.895771
117.939856 -97.278880 -5821.840699 500.082983 0.362381 0.901340 -0.237203 0.892868 -0.408722 -0.189031 0.267332 0.143289 0.952891
105.045052 -92.427096 1852.154891 2486.461390 0.312901 0.785933 -0.533293 0.860333 -0.472419 -0.191436 0.402394 0.398909 0.823985
-63.654278 -89.379516 2840.861434 5028.020841 0.235172 0.172469 -0.956530 0.105280 0.973820 0.201471 0.966235 -0.148084 0.210858
-64.764868 -94.862358 794.333493 445.021593 0.304726 0.138450 -0.942323 0.284183 0.931095 0.228698 0.909056 -0.337482 0.244384
-61.709666 -93.832957 2532.545093 1512.399311 0.159291 0.166871 -0.973026 0.283787 0.936272 0.207025 0.945564 -0.309110 0.101784
-60.636915 -87.622221 3089.166567 5615.209878 0.121715 0.237010 -0.963852 0.073188 0.966286 0.246851 0.989863 -0.100588 0.100265
-55.302158 -88.578537 3500.300312 -4203.726966 0.031390 0.065210 -0.997378 0.490349 0.868529 0.072218 0.870961 -0.491330 -0.004712
-54.086535 -90.192430 3156.574624 -196.690424 0.001868 0.138616 -0.990344 0.355362 0.925613 0.130226 0.934727 -0.352174 -0.047530
-57.998799 -90.861222 1653.712452 4623.455978 0.069141 0.197841 -0.977793 0.191539 0.959270 0.207637 0.979047 -0.201641 0.028431
60.635281 -44.830655 7686.724029 -3927.030385 -0.516223 -0.758710 -0.397333 0.829427 -0.558504 -0.011142 -0.213458 -0.335311 0.917607
59.699795 -55.329746 21641.561329 -5600.456736 -0.540961 -0.649694 -0.534096 0.802343 -0.589079 -0.096080 -0.252202 -0.480504 0.839946
44.028386 -38.312983 15165.768587 -3718.480496 -0.526841 -0.680901 -0.508736 0.783325 -0.621279 0.020328 -0.329908 -0.387796 0.860683
46.594599 -35.633749 1518.707193 -3803.542150 0.512293 0.798517 0.316111 0.825782 -0.559106 0.074065 -0.235882 -0.223096 0.945827
26.241464 -36.850487 9798.510851 -2831.895558 0.535684 0.795343 -0.283677 0.428818 0.033178 0.902781 -0.727432 0.605251 0.323285
1.109583 -28.300866 5189.027162 -4049.520474 0.440717 0.734896 -0.515458 0.525574 0.254258 0.811865 -0.727696 0.628714 0.274186
24.184151 -43.337376 10004.257963 -4096.863713 0.456906 0.748458 -0.480673 0.583787 0.155400 0.796896 -0.671140 0.644718 0.365937
-28.198765 -39.042572 -1302.839124 608.285512 0.012763 -0.516938 0.855928 -0.386920 0.786762 0.480935 -0.922025 -0.337314 -0.189972
-29.563984 -36.916356 -1804.527481 -399.393510 -0.005817 -0.473653 0.880692 -0.307334 0.838928 0.449162 -0.951584 -0.268054 -0.150450
-26.436266 -37.366523 -1186.543666 603.382164 -0.067683 -0.423677 0.903281 -0.309432 0.869628 0.384707 -0.948510 -0.253466 -0.189958
-12.411768 -49.728973 2245.435032 4481.351419 0.757052 -0.457994 -0.465954 -0.603203 -0.215933 -0.767801 -0.251034 -0.862331 0.439736
-10.196637 -49.262839 626.273335 3913.369021 0.741243 -0.457125 -0.491524 -0.617927 -0.178718 -0.765654 -0.262156 -0.871261 0.414943
-10.700785 -50.227384 1684.077986 -1419.436422 0.751573 -0.452793 -0.479704 -0.640617 -0.327577 -0.694481 -0.157316 -0.829260 0.536265
23.200072 -104.562667 2079.813588 -2250.830240 -0.499894 0.593418 0.630842 0.418330 -0.472344 0.775817 -0.758357 -0.651726 0.012123
24.411614 -104.514360 -4542.545046 -3974.791230 -0.598662 0.554202 0.578329 0.352598 -0.465959 0.811515 -0.719221 -0.689741 -0.083541
31.905700 -98.010704 2382.087050 -5990.103623 -0.506581 0.594650 0.624313 0.245614 -0.594567 0.765614 -0.826468 -0.541186 -0.155142
38.442614 -82.117979 2886.136994 10246.895107 -0.505536 0.605562 0.614596 -0.059760 0.686037 -0.725108 -0.860734 -0.403296 -0.310628
35.657106 -90.042338 10267.598625 5175.737668 -0.391912 0.624342 0.675724 -0.170752 0.672356 -0.720264 -0.904018 -0.397661 -0.156897
28.093134 -98.198248 8420.929211 -2100.065145 -0.410428 0.615403 0.672925 0.325035 -0.590746 0.738493 -0.851999 -0.521822 -0.042431
2.843245 -64.397890 153.983732 2312.818350 0.470398 -0.489724 -0.734096 -0.381448 0.637306 -0.669581 0.795753 0.594989 0.112983
2.766134 -65.375615 -162.964217 4016.011701 0.475407 -0.495026 -0.727280 -0.340490 0.658723 -0.670933 0.811205 0.566598 0.144610
2.661261 -71.943951 -637.415525 7950.792832 0.488135 -0.484171 -0.726156 -0.284883 0.698052 -0.656936 0.824964 0.527543 0.202812
2.962078 -62.733207 -779.675941 2682.681547 0.480881 -0.471979 -0.738911 -0.397341 0.633933 -0.663512 0.781584 0.612670 0.117310
2.351350 -64.837697 15.184506 5417.311813 0.479589 -0.489344 -0.728379 -0.326034 0.671275 -0.665652 0.814675 0.556716 0.162393
-0.278943 -102.125120 -661.899661 6213.599201 -0.571179 0.529166 0.627485 0.647586 -0.179221 0.740616 0.504367 0.829375 -0.240313
1.510632 -100.317062 -757.711474 8632.340953 -0.576935 0.529278 0.622102 0.584186 -0.264922 0.767165 0.570852 0.806028 -0.156354
0.273775 -109.751256 -404.435863 4025.400148 -0.587035 0.529054 0.612774 0.690545 -0.067829 0.720102 0.422536 0.845873 -0.325518
0.347341 -93.176268 669.122439 11837.162263 0.558800 -0.522329 -0.644139 0.538516 -0.362138 0.760826 0.630669 0.772029 -0.078919
-0.855830 -95.248867 -910.373676 9234.667195 -0.556756 0.529900 0.639711 0.591531 -0.287756 0.753185 0.583193 0.797748 -0.153242
-47.871671 -87.795200 133.954505 24631.335064 0.497253 0.442066 0.746537 0.840653 -0.458298 -0.288558 0.214575 0.771064 -0.599514
-42.679634 -124.485490 520.790464 27924.520597 0.440232 0.462337 0.769701 0.895738 -0.285378 -0.340901 0.062045 0.839526 -0.539766
-43.558409 -106.702447 2186.806424 26053.596682 0.356853 0.402788 0.842863 0.910298 -0.352567 -0.216919 0.209794 0.844665 -0.492472
21.877933 -989.272038 -1994.083783 384833.336523 0.364087 0.401817 0.840229 0.930707 -0.123061 -0.344442 -0.035004 0.907413 -0.418779
-48.925510 -62.405309 2748.751725 16344.327522 0.315252 0.410584 0.855592 0.887663 -0.446460 -0.112820 0.335665 0.795044 -0.505208
-41.189102 -117.120200 1841.508701 25726.770194 0.291335 0.342117 0.893353 0.935050 -0.299041 -0.190412 0.202006 0.890803 -0.407017
-46.508478 -73.381701 2713.441549 16359.847652 0.196494 0.372189 0.907119 0.918784 -0.392948 -0.037795 0.342384 0.840873 -0.419173
-11.602014 -96.447557 1258.802859 2196.115118 0.657164 -0.309947 -0.687072 -0.554201 0.419137 -0.719155 -0.510877 -0.853380 -0.103669
-10.644528 -100.582488 1237.122335 -69.502092 0.647893 -0.290445 -0.704185 -0.633582 0.307711 -0.709851 -0.422858 -0.906066 -0.015343
-11.271825 -95.325849 -137.497748 361.548019 0.624006 -0.327056 -0.709684 0.653436 -0.279660 0.703429 -0.428531 -0.902676 0.039201
-10.796438 -95.719452 803.934895 2959.303973 0.624212 -0.298413 -0.722018 0.721316 -0.134871 0.679348 -0.300105 -0.944860 0.131062
-12.796691 -93.376461 234.436771 1142.805246 0.630560 -0.348105 -0.693698 -0.551168 0.428439 -0.715998 -0.546450 -0.833824 -0.078292
-11.035016 -91.544678 -550.317975 2589.975027 0.597654 -0.331489 -0.730017 0.744389 -0.108800 0.658823 -0.297818 -0.937165 0.181732
-13.204739 -94.198959 -81.874200 1484.229230 0.607498 -0.351221 -0.712453 0.650509 -0.294737 0.699977 -0.455833 -0.888692 0.049420
22.876812 -122.369480 3716.623635 14436.501616 -0.804533 -0.322307 0.498843 -0.144645 0.920978 0.361770 -0.576024 0.218901 -0.787578
12.473284 -133.750429 1516.861195 10837.584966 -0.797383 -0.339872 0.498666 -0.270908 0.939982 0.207466 -0.539249 0.030337 -0.841600
18.110286 -149.898331 2706.827984 14821.260672 -0.822228 -0.281451 0.494698 -0.244815 0.959552 0.139019 -0.513815 -0.006804 -0.857874
-6.422731 -123.537254 -1018.503433 -8967.057166 0.754017 0.292247 -0.588260 -0.347224 -0.582878 -0.734635 0.557579 -0.758185 0.338025
-8.870011 -137.363983 -493.303543 -12163.492723 0.749897 0.308592 -0.585171 -0.356464 -0.556668 -0.750369 0.557304 -0.771292 0.307442
-9.188016 -124.183259 -98.116282 -253.206615 0.731117 0.288220 -0.618383 -0.267105 -0.713112 -0.648171 0.627792 -0.639062 0.444383
10.031245 -19.932711 -2409.092596 -3867.692895 0.415200 0.750167 0.514644 0.629742 0.171258 -0.757691 0.656532 -0.638686 0.401305
-1.183052 -12.507249 5358.445943 -4390.295767 0.168274 0.706570 0.687345 0.747691 0.362909 -0.556107 0.642372 -0.607500 0.467228
-2.473479 -24.602271 7672.201134 -4390.126117 0.388542 0.788938 0.476038 0.613488 0.163979 -0.772492 0.687508 -0.592189 0.420291
3.351774 -30.022843 -1513.827831 -2769.531130 0.380953 0.749508 0.541399 0.605965 0.239874 -0.758464 0.698342 -0.617008 0.362795
3.002774 -25.867688 -6505.793422 -2941.482950 0.312373 0.697859 0.644527 0.672199 0.317038 -0.669056 0.671247 -0.642245 0.370066
-17.088647 -114.080477 1494.428318 11692.668264 0.800730 0.284647 -0.527074 -0.165610 0.950786 0.261878 0.575677 -0.122405 0.808463
-12.231273 -122.244276 1334.412904 8460.766824 0.774015 0.271785 -0.571868 -0.154193 0.956906 0.246079 0.614105 -0.102291 0.782567
-15.066758 -113.104767 847.731049 6145.571043 0.799242 0.254209 -0.544601 -0.238305 0.965910 0.101137 0.551746 0.048948 0.832575
-18.834389 -115.285178 271.249813 7295.899856 0.827641 0.257348 -0.498781 -0.202265 0.965730 0.162649 0.523545 -0.033729 0.851330
5.510374 -496.950248 2971.815953 86702.439621 0.665140 0.085994 -0.741750 0.222569 0.925364 0.306863 0.712777 -0.369198 0.596357
-5.047056 -430.586589 4198.357403 113629.847028 0.635409 0.059353 -0.769891 -0.098559 0.995120 -0.004626 0.765860 0.078820 0.638159
-0.963809 -378.473507 2796.074042 46701.125948 0.665303 0.151875 -0.730962 -0.001091 0.979286 0.202477 0.746573 -0.133911 0.651688
12.737820 -433.736121 4669.689202 12961.918859 0.683437 0.167995 -0.710416 0.296831 0.825128 0.480681 0.666937 -0.539389 0.514057
16.341597 -37.283406 223.894169 2488.943426 0.097149 0.995249 0.006472 0.840576 -0.078566 -0.535966 0.532912 -0.057508 0.844214
26.939846 -38.361851 5936.587142 2547.788848 0.137009 0.990536 -0.008135 0.842296 -0.120819 -0.525301 0.521312 -0.065119 0.850878
15.656902 -42.623571 -1079.099756 2024.041444 0.114438 0.993331 0.014028 0.890175 -0.096265 -0.445332 0.441012 -0.063451 0.895256
12.945369 -40.835489 -438.623314 2474.928202 0.075374 0.996852 -0.024581 0.875226 -0.077949 -0.477393 0.477806 -0.014469 0.878346
9.637561 -43.170916 -5771.653812 44.323782 0.077922 0.929616 0.360198 0.657271 -0.319562 0.682551 -0.749616 -0.183561 0.635910
14.651660 -43.579909 -8108.946492 -1048.354652 0.082068 0.923564 0.374559 0.719284 -0.315030 0.619182 -0.689852 -0.218599 0.690159
-0.622206 -42.071682 -6125.867316 -762.704737 0.068493 0.930336 0.360255 0.696668 -0.303078 0.650229 -0.714117 -0.206442 0.668894
-1.493975 -41.624606 -4792.901136 -6.046090 0.041993 0.944169 0.326774 0.639156 -0.276770 0.717550 -0.767930 -0.178728 0.615093
7.029812 -41.998614 -4301.608674 -72.887909 0.057189 0.942442 0.329441 0.585491 -0.298940 0.753549 -0.808659 -0.149790 0.568887
-1.620375 -86.657047 1107.252000 -5403.521029 0.958181 -0.261818 -0.115497 -0.277570 -0.752197 -0.597624 -0.069592 -0.604690 0.793414
-1.288906 -86.266910 218.117386 -4666.410678 0.958776 -0.263007 -0.107597 -0.276146 -0.773031 -0.571110 -0.067030 -0.577279 0.813791
-1.568755 -79.103261 1881.909918 -2752.700986 0.948915 -0.285496 -0.134359 -0.314896 -0.829840 -0.460658 -0.020019 -0.479434 0.877349
-1.757791 -77.314237 1661.348427 -3844.909203 0.952299 -0.279612 -0.122247 -0.301871 -0.804399 -0.511680 -0.044737 -0.524175 0.850435
-1.935785 -83.794685 8.691257 -5986.007662 0.957633 -0.270789 -0.098038 -0.272567 -0.742303 -0.612122 -0.092982 -0.612910 0.784663
-9.532043 -31.567948 -388.388021 -1217.478940 -0.028198 0.998099 0.054807 0.820825 -0.008172 0.571121 -0.570483 -0.061092 0.819034
-9.129365 -35.441643 -401.632972 -2162.845626 -0.068593 0.997324 0.025309 0.852879 0.045459 0.520126 -0.517584 -0.057262 0.853714
-11.411766 -34.375515 -1763.998704 -1727.204310 -0.011355 0.998348 0.056329 0.836068 -0.021422 0.548207 -0.548508 -0.053320 0.834444
-11.595688 -29.536050 -975.127977 -935.581808 0.025088 0.996825 0.075574 0.794668 -0.065753 0.603473 -0.606526 -0.044916 0.793794
-13.006760 -32.699456 -1774.443383 -1275.359283 0.027930 0.997865 0.059041 0.814035 -0.056984 0.578014 -0.580144 -0.031917 0.813888
-13.114002 -37.340675 -1299.296444 -2334.015612 0.000043 0.999559 0.029708 0.851745 -0.015602 0.523724 -0.523956 -0.025281 0.851370
-19.216885 -29.703577 1525.404474 -827.751605 0.364650 0.851503 0.376793 -0.004112 -0.403180 0.915112 -0.931136 0.335245 0.143518
-16.093691 -31.722525 940.375084 -1401.171749 0.388295 0.806736 0.445426 -0.005698 -0.481241 0.876570 -0.921518 0.342905 0.182266
-16.020099 -28.324909 949.124661 -1353.756006 0.401295 0.812577 0.422706 -0.044990 -0.443452 0.895168 -0.914843 0.378244 0.141398
-33.876314 -60.845030 5387.264542 -5675.292123 -0.418007 0.904160 0.088116 0.823249 0.336009 0.457558 -0.384098 -0.263804 0.884803
-30.053907 -60.948413 1562.460290 5226.594030 -0.414777 0.903705 0.106195 0.884971 0.373502 0.278067 -0.211627 -0.209316 0.954673
-29.321282 -57.739888 817.522205 -6224.814400 -0.416669 0.906821 0.063736 0.827108 0.349081 0.440493 -0.377199 -0.236257 0.895491
-23.132261 -56.989110 4239.952520 5486.866623 0.296428 -0.943850 -0.145866 0.940666 0.262124 0.215497 -0.165161 -0.201090 0.965549
-29.811818 -55.287214 4699.240040 -8364.266429 -0.468035 0.883376 0.024287 0.740804 0.377215 0.555804 -0.481823 -0.278128 0.830958
9.994745 -256.239329 -334.160923 -20825.178269 0.649012 -0.302340 -0.698121 -0.021796 0.909875 -0.414309 0.760466 0.284108 0.583930
7.711458 -282.250745 -1506.680302 3697.068266 0.673399 -0.280400 -0.684039 -0.194486 0.825493 -0.529846 0.713238 0.489834 0.501353
12.121341 -241.525849 -370.372415 -21885.747306 0.656543 -0.316698 -0.684583 0.352768 -0.673292 0.649794 0.666712 0.668117 0.330325
11.988793 -250.600049 853.077754 7777.205632 0.634450 -0.333230 -0.697446 -0.184471 0.810953 -0.555271 0.750629 0.480950 0.453038
-233.848340 -363.483315 -36316.406282 98351.649196 -0.715998 -0.314248 0.623374 0.243233 0.724703 0.644703 -0.654358 0.613232 -0.442451
-215.826106 -421.059001 39948.149700 134896.298736 0.823983 0.178062 -0.537910 0.422699 0.439030 0.792830 -0.377331 0.880651 -0.286487
-185.936540 -362.494371 34011.417317 96109.772857 0.873486 0.160816 -0.459521 0.204187 0.735832 0.645646 -0.441961 0.657791 -0.609903
-232.858154 -329.304311 -42078.591468 -38906.843681 -0.809371 -0.055643 0.584656 0.066135 0.980534 0.184874 -0.583562 0.188297 -0.789936
-7.839980 -57.179581 3654.645705 3959.751987 0.710599 -0.521450 -0.472376 0.322807 0.838163 -0.439635 0.625176 0.159918 0.763925
-12.197980 -54.054216 2540.305312 3595.392511 0.714197 -0.544558 -0.439750 0.335315 0.817666 -0.467959 0.614400 0.186760 0.766573
-10.035023 -53.216099 3916.811411 6952.120101 0.718192 -0.511901 -0.471336 0.347231 0.850642 -0.394763 0.603018 0.119853 0.788673
-52.119349 -84.570044 -2596.115262 12091.351918 0.061575 -0.593957 -0.802137 -0.474348 0.689688 -0.547105 0.878181 0.414180 -0.239275
-49.862756 -76.693975 2119.013586 3606.090893 -0.296163 0.815810 0.496730 -0.363120 0.384843 -0.848552 0.883420 0.431682 -0.182261
-38.172688 -67.636595 -813.771320 3656.516514 -0.448205 0.852336 0.269510 -0.336884 0.118211 -0.934096 0.828022 0.509460 -0.234156
23.509319 -53.805924 4259.267418 -3175.918956 -0.160690 0.961659 0.222241 0.971796 0.193527 -0.134759 -0.172602 0.194319 -0.965634
31.651929 -57.092925 3252.144893 3572.705276 -0.232322 0.950916 0.204414 -0.930580 -0.278445 0.237673 -0.282925 0.135007 -0.949593
37.296837 -57.259982 -1928.664714 -2047.514084 -0.313454 0.942107 0.119082 -0.909158 -0.333942 0.248825 -0.274186 0.030270 -0.961200
32.567469 -59.569573 -5813.899222 -3554.685685 -0.362323 0.929891 0.063439 -0.903678 -0.367144 0.220388 -0.228228 -0.022523 -0.973347
47.300847 -184.609259 20286.311167 -48706.979569 -0.329685 0.900760 0.282735 0.543265 0.425933 -0.723494 0.772121 0.084925 0.629776
-19.279023 -513.929386 75776.806425 180691.996000 -0.587695 0.694283 0.415435 -0.017016 0.502743 -0.864268 0.808904 0.514995 0.283645
75.926849 -46.875872 -10329.552148 -7247.582073 0.218491 0.767229 0.603011 -0.680748 0.562582 -0.469132 0.699174 0.307997 -0.645208
72.898070 -38.590002 -532.196699 -4560.996867 0.085920 0.655390 0.750388 -0.725000 0.557735 -0.404113 0.683369 0.509309 -0.523078
9.356248 -7.255572 -2327.937812 22.113460 -0.284358 0.756290 0.589208 -0.340003 0.495080 -0.799559 0.896403 0.427693 -0.116361
16.407107 -9.322545 -1270.029131 1258.291291 -0.279639 0.678676 0.679118 -0.380431 0.571115 -0.727392 0.881518 0.461765 -0.098483
-20.782064 -45.823918 -1706.535363 1838.152584 -0.347231 0.602007 0.719040 0.060162 0.779468 -0.623547 -0.935848 -0.173256 -0.306874
-20.279686 -48.607632 -1428.281100 1758.661312 -0.368146 0.516215 0.773299 -0.064344 0.815572 -0.575067 -0.927539 -0.261465 -0.267035
-4.366442 -48.459741 -1136.084449 9603.165731 -0.151031 0.969186 -0.194596 0.983426 0.127336 -0.129068 -0.100311 -0.210864 -0.972355
-7.233600 -48.080245 -1211.887321 8215.499553 -0.136476 0.972459 -0.188938 0.990041 0.127239 -0.060244 -0.034544 -0.195279 -0.980139
-3.920531 -62.717729 260.116905 1362.444959 -0.108233 0.992196 -0.061909 -0.296909 0.027170 0.954519 -0.948752 -0.121691 -0.291651
-2.860243 -63.015393 590.909132 1347.923387 -0.101719 0.994425 -0.027803 -0.205349 0.006358 0.978668 -0.973388 -0.105259 -0.203557
-3.844736 -63.985502 769.821105 852.039416 -0.095501 0.994510 -0.042766 -0.357405 0.005840 0.933931 -0.929054 -0.104476 -0.354885
-2.481356 -62.417523 -15.691384 913.565401 -0.105460 0.994172 -0.022352 -0.280929 -0.008223 0.959693 -0.953917 -0.107489 -0.280159
-1.424199 -61.830027 -249.299166 574.449879 -0.114864 0.993381 -0.000115 -0.136751 -0.015698 0.990481 -0.983923 -0.113787 -0.137649
14.033064 -103.620660 2711.276432 -1017.373548 0.196700 0.960509 0.196803 -0.696720 -0.004297 0.717331 -0.689848 0.278215 -0.668360
15.147516 -108.468135 -4284.709288 -8051.699725 0.073540 0.987991 0.135891 -0.799338 -0.023088 0.600438 -0.596364 0.152779 -0.788041
15.972795 -104.212124 -77.909807 -5306.190632 0.127226 0.976262 0.175288 -0.805481 -0.001435 0.592620 -0.578804 0.216588 -0.786178
-1.911439 -113.753810 -915.558333 -2771.788428 -0.095944 0.989255 0.110319 0.677092 -0.016376 0.735717 -0.729618 -0.145283 0.668245
0.481779 -115.745375 -2026.266467 -3557.864185 -0.096649 0.985369 0.140381 0.764463 -0.016830 0.644448 -0.637382 -0.169601 0.751652
-2.717644 -121.000056 -720.460428 -3800.480509 -0.079431 0.989347 0.122001 0.821953 -0.004241 0.569540 -0.563990 -0.145518 0.812859
0.603674 -113.691894 -1810.750857 -3482.603936 -0.105507 0.986239 0.127279 0.628830 -0.032984 0.776843 -0.770351 -0.161999 0.616697
-5.757009 -111.717005 -1008.643804 -2965.841529 -0.085241 0.989757 0.114517 0.767341 -0.008101 0.641188 -0.635548 -0.142529 0.758791
-5.640655 -107.565021 -1493.323172 -3217.681027 -0.106817 0.989271 0.099665 0.610659 -0.013831 0.791773 -0.784656 -0.145436 0.602630
-1.206952 -106.573715 -882.285237 -3542.597288 -0.111991 0.989665 0.089561 0.479855 -0.025063 0.876990 -0.870171 -0.141192 0.472089
0.017269 -115.895116 -932.523850 10823.719742 -0.012688 0.986739 0.161818 0.987204 0.038088 -0.154846 0.158956 -0.157783 0.974596
-1.621304 -119.229292 -478.275944 3448.212051 0.027460 -0.991014 -0.130912 0.999585 0.026080 0.012243 -0.008718 -0.131194 0.991318
-0.077891 -129.196598 423.315691 3672.519041 0.033628 -0.988304 -0.148742 0.993168 0.016404 0.115538 -0.111747 -0.151611 0.982103
1.784086 -126.849760 1336.013536 4608.055596 0.021991 -0.985619 -0.167547 0.998798 0.014314 0.046890 -0.043817 -0.168376 0.984748
29.069828 -31.818126 20150.522851 5520.876250 -0.522545 -0.435508 -0.732993 0.296990 0.712889 -0.635285 0.799214 -0.549657 -0.243175
68.842410 -22.224967 23179.932462 3323.261420 -0.476160 -0.519701 -0.709353 0.247508 0.694852 -0.675219 0.843808 -0.497083 -0.202231
21.146781 -20.935424 12555.989601 4410.977795 -0.506231 -0.485259 -0.712919 0.230259 0.720606 -0.653994 0.831090 -0.495228 -0.253058
88.843620 -37.565516 37158.514982 3063.996078 -0.499831 -0.472755 -0.725722 0.338725 0.664468 -0.666144 0.797142 -0.578779 -0.171988
-0.219766 -31.262722 7080.207168 8691.334684 -0.532564 -0.532747 -0.657689 0.204270 0.673182 -0.710704 0.821370 -0.512842 -0.249688
3.866902 -43.099480 11597.803070 9990.990964 -0.553619 -0.524230 -0.647062 0.241584 0.642486 -0.727220 0.796959 -0.558922 -0.229047
50.516827 -48.585183 27089.193996 9377.837540 -0.555475 -0.442261 -0.704168 0.323002 0.665573 -0.672817 0.766236 -0.601180 -0.226858
-4.621700 -54.385871 533.266206 -3241.777978 -0.065500 0.996761 -0.046656 0.356636 0.067053 0.931834 -0.931944 -0.044396 0.359873
-7.222331 -55.825004 45.456589 -3621.583844 -0.054863 0.998321 -0.018556 0.427650 0.040286 0.903046 -0.902278 -0.041609 0.429142
-8.606236 -58.027976 325.929464 -3103.810997 -0.039660 0.998916 0.024366 0.430455 -0.004926 0.902599 -0.901740 -0.046285 0.429793
-37.020294 -55.195303 2934.688060 -69.109421 -0.916007 0.238688 -0.322427 0.284029 0.953473 -0.101075 0.283300 -0.184163 -0.941183
-44.043294 -63.060790 2938.989437 -979.322938 -0.769218 0.492842 -0.406707 0.495318 0.862003 0.107753 0.403688 -0.118564 -0.907182
-43.772078 -62.372691 3014.443025 290.603397 -0.878340 0.247801 -0.408795 0.319880 0.940156 -0.117399 0.355240 -0.233882 -0.905044
-37.587842 -58.467801 -4440.927831 559.509667 0.949433 -0.041126 0.311264 0.130207 0.953688 -0.271156 0.285697 -0.297973 -0.910818
-16.464385 -77.254111 1150.236284 -816.553982 0.085310 0.996112 0.021977 -0.274584 0.002302 0.961560 -0.957771 0.088065 -0.273713
-16.321684 -75.210356 1453.849791 -1460.575039 0.117289 0.992644 0.030003 -0.355853 0.013803 0.934440 -0.927152 0.120277 -0.354855
-13.061141 -42.254627 -3472.104522 5209.818437 -0.145911 0.986958 -0.068002 0.988121 0.142041 -0.058666 -0.048242 -0.075754 -0.995959
-10.821606 -40.623291 -2214.317015 3185.990833 -0.115793 0.990608 -0.072715 0.992842 0.117588 0.020903 0.029257 -0.069774 -0.997134
-9.459368 -45.054323 -2278.036006 10014.255352 -0.188384 0.978363 -0.085541 0.982027 0.188682 -0.004671 0.011570 -0.084883 -0.996324
-14.848594 -43.131602 -1505.434383 8775.852160 0.020848 0.998810 -0.044081 0.999708 -0.020288 0.013114 0.012204 -0.044342 -0.998942
-11.216560 -47.763237 -1452.757683 5467.272637 -0.171120 0.982639 -0.071689 0.981579 0.163755 -0.098426 -0.084978 -0.087212 -0.992559
-15.682726 -42.169199 -246.345876 -5130.271980 -0.080639 0.996743 0.000409 -0.992701 -0.080348 0.089939 -0.089679 -0.006847 -0.995947
