13803
27592
-40.872972 -60.398879 -1409.781972 8928.295687 -0.377234 0.792868 0.478597 -0.060590 0.494541 -0.867040 0.924134 0.356076 0.138518
-46.756958 -73.401248 120.625782 7367.068919 -0.439034 0.765484 0.470408 0.070505 0.551303 -0.831320 0.895700 0.331812 0.296012
-31.866703 -87.013593 5251.307685 14240.374077 0.322881 -0.682069 -0.656148 -0.029283 0.685749 -0.727249 0.945987 0.254028 0.201442
-40.589459 -59.839184 307.981008 4783.760595 -0.409775 0.910131 -0.061204 0.239140 0.042436 -0.970057 0.880282 0.412142 0.235038
-27.775596 -65.008902 -5298.705823 13310.279085 -0.276406 0.783874 0.556005 -0.129675 0.542833 -0.829769 0.952252 0.301453 0.048393
-29.362823 -43.756481 -3032.924371 6350.248819 -0.336378 0.919031 0.205506 -0.057284 0.197850 -0.978557 0.939983 0.340937 0.013906
-34.007438 -46.635123 1016.505627 3729.794990 -0.370625 0.885139 -0.281365 0.194398 -0.222302 -0.955401 0.908211 0.408792 0.089679
-13.758663 -91.587470 10842.530490 -239.937752 -0.252012 0.948380 0.192526 0.218497 0.249572 -0.943384 0.942735 0.195677 0.270113
-20.548844 -70.848737 11666.586132 -14824.370829 -0.162236 0.984438 0.067538 0.442976 0.133821 -0.886490 0.881732 0.113903 0.457793
-24.661012 -87.889208 2723.310769 2496.050749 -0.106372 0.980957 0.162504 0.155515 0.177833 -0.971695 0.982090 0.078089 0.171470
-24.344570 -92.506368 3545.407746 8816.110678 -0.155261 0.970470 0.184611 0.006503 0.187877 -0.982171 0.987852 0.151292 0.035481
-54.469864 -77.186965 -1866.460072 -1264.525133 0.580534 -0.645405 0.496420 0.813254 0.429684 -0.392415 0.039963 0.631526 0.774324
-53.960493 -78.532414 -1024.086037 -747.460585 0.546061 -0.715960 0.434992 0.807403 0.311296 -0.501195 0.223424 0.624896 0.748055
-54.221513 -77.661312 -2028.279973 -682.383473 0.558278 -0.621356 0.549766 0.815446 0.288841 -0.501617 0.152887 0.728346 0.667935
-52.021983 -74.946939 -736.309470 -681.619816 0.591093 -0.561044 0.579516 0.806558 0.418746 -0.417272 -0.008563 0.714060 0.700032
4.967196 -12.527366 2013.960905 -1528.006014 -0.545569 0.815676 0.192423 0.227181 0.364948 -0.902885 0.806686 0.448872 0.384410
10.745943 -8.348558 2385.012056 -1327.085586 -0.569636 0.697545 0.434678 0.104102 0.585847 -0.803708 0.815277 0.412570 0.406336
3.862516 -9.580379 3170.516041 -3118.315925 -0.576445 0.768636 0.277328 0.218520 0.472033 -0.854069 0.787376 0.431722 0.440063
31.647871 -37.875773 8121.133611 4289.321969 0.463559 0.682691 0.564841 -0.500139 -0.324612 0.802800 -0.731419 0.654644 -0.190964
52.340432 -56.720566 6443.349320 3695.507811 0.349307 0.727825 0.590131 -0.596313 -0.313132 0.739161 -0.722769 0.610097 -0.324633
32.486671 -40.356214 7622.130118 -3938.676031 0.376913 0.566968 0.732450 0.656617 0.394186 -0.643018 -0.653292 0.723301 -0.223707
51.813253 -57.223179 7153.480453 2442.121988 0.410240 0.806278 0.426167 -0.412233 -0.252890 0.875278 -0.813491 0.534754 -0.228628
10.113818 -27.357380 4990.715534 -3696.929005 0.359381 0.500728 0.787475 0.625574 0.496899 -0.601455 -0.692461 0.708776 -0.134666
30.868778 -37.842521 10093.295595 350.715827 0.552182 0.752352 0.359251 -0.318431 -0.207916 0.924864 -0.770517 0.625090 -0.124765
-0.080965 -46.574624 -1065.902627 -1833.435028 0.177946 0.967100 -0.181806 -0.869615 0.068078 -0.489015 0.460549 -0.245120 -0.853118
-2.540887 -45.850610 -560.755489 -2607.555800 0.145701 0.971077 -0.189159 -0.880093 0.039888 -0.473122 0.451893 -0.235412 -0.860450
-2.806441 -44.923376 -570.015886 -196.783500 0.141306 0.971230 -0.191690 -0.847931 0.018807 -0.529773 0.510926 -0.237400 -0.826194
-0.429575 -44.008593 -1185.460887 58.668185 0.166614 0.966635 -0.194567 -0.825624 0.028890 -0.563480 0.539059 -0.254523 -0.802891
5.042068 -57.493565 -896.674844 1448.883224 0.164209 0.970162 -0.178385 0.986416 -0.162312 0.025283 -0.004426 -0.180113 -0.983636
5.322875 -58.042688 301.315724 1425.946701 0.168287 0.974940 -0.145507 0.985265 -0.161792 0.055464 0.030532 -0.152697 -0.987801
5.879532 -59.266796 -71.107805 1093.567460 0.147264 0.976103 -0.159798 -0.976314 0.169342 0.134662 -0.158504 -0.136183 -0.977922
4.392046 -55.882780 -767.548263 2057.743479 0.173529 0.968784 -0.177048 0.974999 -0.143661 0.169524 0.138797 -0.202038 -0.969493
5.488028 -57.238291 -203.237554 -61.393504 0.138827 0.973993 -0.179067 0.983585 -0.156657 -0.089546 -0.115270 -0.163696 -0.979753
4.847190 -55.305274 -288.104976 2571.394061 0.157956 0.971184 -0.178468 0.985751 -0.144502 0.086105 0.057835 -0.189526 -0.980171
1.604655 -77.361450 1520.667102 10766.782582 0.296623 0.911426 0.285164 -0.059889 0.315768 -0.946945 0.953115 -0.263807 -0.148248
-2.382946 -93.144257 99.038326 11908.306565 0.319320 0.924688 0.207334 0.024158 0.210774 -0.977236 0.947339 -0.317060 -0.044966
-4.844270 -102.732582 2171.154990 12058.804431 0.287281 0.914195 0.285860 0.113790 0.263754 -0.957855 0.951063 -0.307702 0.028255
-1.979800 -96.432407 1945.255801 11530.685253 0.287857 0.884467 0.367229 0.084470 0.358516 -0.929694 0.953941 -0.298639 -0.028491
-10.015646 -121.407488 -140.753237 11189.474344 0.318975 0.879805 0.352417 0.287504 0.264497 -0.920534 0.903104 -0.394949 0.168579
2.555009 -140.380799 -301.987594 -556.379196 0.223860 0.971774 0.074447 0.149179 0.041320 -0.987947 0.963137 -0.232268 0.135718
3.055712 -137.766509 -672.622611 -9229.230739 0.223239 0.969346 0.102630 0.424504 -0.001901 -0.905424 0.877474 -0.245693 0.411915
2.601597 -149.753579 -1249.722708 -3935.419251 0.240398 0.967585 0.077379 0.230796 0.020454 -0.972787 0.942837 -0.251715 0.218398
2.633638 -141.575296 -1141.299897 -11487.242920 0.219749 0.969095 0.112094 0.516065 -0.017967 -0.856361 0.827881 -0.246032 0.504064
1.392006 -161.789837 -1015.873433 3244.729876 0.224327 0.973560 0.043119 -0.016312 0.047991 -0.998715 0.974377 -0.223335 -0.026647
1.609674 -145.484994 -1915.427023 2072.308555 0.251040 0.966733 0.049045 -0.035353 0.059791 -0.997585 0.967331 -0.248699 -0.049187
3.100838 -172.629508 110.741107 -10423.373827 0.192381 0.979616 0.057809 0.335975 -0.010402 -0.941814 0.922014 -0.200609 0.331127
3.858224 -88.087385 736.762544 -6848.125142 0.123086 0.958656 0.256570 0.737140 0.084779 -0.670401 0.664436 -0.271645 0.696228
0.968704 -86.820418 1147.988127 -6930.632028 0.124990 0.968289 0.216321 0.747325 0.051529 -0.662458 0.652598 -0.244463 0.717185
-1.148981 -99.270295 847.893746 -6933.416512 0.128740 0.968446 0.213397 0.565017 0.105211 -0.818343 0.814973 -0.225927 0.533644
4.512226 -100.250596 1769.337134 -6888.056947 0.114218 0.959830 0.256281 0.543039 0.155699 -0.825147 0.831904 -0.233417 0.503441
9.346638 -88.339118 2306.808202 -6260.800665 0.116082 0.957422 0.264327 0.682227 0.116557 -0.721790 0.721867 -0.264118 0.639648
10.481655 -80.839266 2577.396573 -2911.712562 0.135168 0.960022 0.245128 0.791293 0.044301 -0.609830 0.596310 -0.276398 0.753670
7.851363 -45.775875 -7018.091393 1721.131934 0.161956 0.986780 -0.005991 -0.963899 0.159496 0.213211 -0.211348 0.028756 -0.976988
5.735928 -47.930082 -5575.093957 869.460864 0.158725 0.987314 0.004270 -0.983551 0.157739 0.088007 -0.086217 0.018169 -0.996111
17.548276 -45.712789 -3800.477245 1786.828172 0.212872 0.975407 0.057150 -0.964597 0.200473 0.171355 -0.155683 0.091604 -0.983550
18.081932 -43.841216 -6498.261680 1440.122562 0.199173 0.979892 0.011885 -0.939934 0.187592 0.285191 -0.277227 0.067973 -0.958397
22.455487 -43.683025 -2219.988069 1337.446876 0.229304 0.968748 0.094590 -0.941074 0.195830 0.275737 -0.248596 0.152244 -0.956568
21.027313 -47.968606 -1738.154845 -1004.154349 0.232388 0.966823 0.106061 0.972532 -0.229487 -0.038947 -0.013315 0.112199 -0.993597
22.084453 -46.140601 358.645334 -1234.489151 0.244771 0.954578 0.169904 0.966318 -0.225809 -0.123451 -0.079478 0.194399 -0.977697
-0.766235 -59.150316 220.742851 -4356.991387 0.211205 0.967112 0.141730 0.913481 -0.143708 -0.380659 0.347772 -0.209864 0.913790
-0.144751 -54.653103 147.936260 -2034.850221 0.191317 0.969947 0.150334 0.943787 -0.139726 -0.299572 0.269563 -0.199196 0.942155
-1.377413 -61.157969 -149.368548 -3315.928643 0.229982 0.963189 0.139195 0.906248 -0.159827 -0.391368 0.354714 -0.216152 0.909646
-1.391799 -40.354043 2190.362018 920.928604 -0.067632 0.983240 0.169306 -0.835225 0.037024 -0.548661 0.545734 0.178516 -0.818723
-4.154946 -38.610797 1537.035595 504.416007 -0.019425 0.983099 0.182042 -0.866849 0.074166 -0.493024 0.498193 0.167380 -0.850757
0.076071 -39.400092 1517.796980 678.431886 -0.045899 0.982444 0.180824 -0.879732 0.046001 -0.473239 0.473249 0.180798 -0.862176
-59.782502 -66.303965 3293.459601 -4668.717538 -0.065972 0.702545 -0.708575 0.133630 -0.697504 -0.704010 0.988833 0.141132 0.047866
-43.522857 -55.756013 5796.427285 -2759.539338 -0.288287 0.953816 -0.084418 0.144410 -0.043845 -0.988546 0.946592 0.297175 0.125100
-55.254188 -57.624140 -5375.920668 5006.355043 0.281096 -0.384820 -0.879146 -0.086588 0.902177 -0.422587 0.955765 0.194911 0.220277
-7.432956 -32.527621 -1995.919767 -140.695291 0.178216 0.969040 0.170882 0.983198 -0.168394 -0.070467 -0.039510 0.180569 -0.982768
-10.867417 -34.669202 -2133.288602 -268.836114 0.136342 0.972355 0.189572 0.989585 -0.142598 0.019697 0.046185 0.184912 -0.981669
-4.351920 -32.839063 -2484.410656 -275.148169 0.104192 0.981532 0.160434 0.993643 -0.109649 0.025523 0.042643 0.156755 -0.986717
-13.614013 -35.096631 -1824.457069 -171.779063 0.222830 0.953539 0.202757 0.973894 -0.208497 -0.089777 -0.043332 0.217469 -0.975105
-2.441307 -30.612449 -1752.082417 -307.132009 0.125293 0.979473 0.157907 0.991068 -0.116240 -0.065359 -0.045662 0.164686 -0.985289
-5.572551 -31.597742 -2140.722891 192.878447 0.213410 0.965230 0.150958 0.970315 -0.191417 -0.147810 -0.113774 0.178021 -0.977427
-10.251418 -33.557210 -1606.141902 310.423464 0.267980 0.948008 0.171664 0.956519 -0.240507 -0.165007 -0.115141 0.208418 -0.971239
7.582874 -54.080981 -238.929011 1390.238732 0.083045 0.980456 -0.178350 -0.871362 0.158283 0.464409 -0.483562 -0.116840 -0.867477
6.683101 -57.515881 -192.749355 547.378530 0.098252 0.978935 -0.178975 -0.936862 0.151640 0.315112 -0.335614 -0.136715 -0.932026
7.181110 -54.811310 29.887020 1367.248523 0.097869 0.981995 -0.161578 -0.872134 0.162835 0.461375 -0.479378 -0.095763 -0.872368
7.623901 -52.337911 166.424276 1150.582644 0.086020 0.983325 -0.160226 -0.817587 0.161575 0.552670 -0.569343 -0.083458 -0.817853
-6.987229 -53.089212 1395.828348 -419.356365 -0.118206 0.991978 0.044795 -0.325711 0.003882 -0.945461 0.938051 0.126349 -0.322640
-1.485213 -49.985644 1927.666668 -1720.300451 -0.113792 0.990071 0.082523 -0.191375 0.059664 -0.979702 0.974898 0.127275 -0.182686
-5.989129 -49.903938 1530.761043 -946.483168 -0.129763 0.991279 -0.022988 -0.196229 -0.048399 -0.979363 0.971934 0.122574 -0.200798
0.530679 -46.579083 2816.056152 -2430.694657 -0.133100 0.989554 0.055376 -0.062121 0.047434 -0.996941 0.989154 0.136133 -0.055158
-4.292248 -47.514503 2390.667897 -1156.797097 -0.141115 0.988407 -0.056020 -0.083138 -0.068218 -0.994200 0.986496 0.135639 -0.091800
41.414415 -738.304368 -2944.861337 223220.511149 0.147759 0.984173 0.097833 0.065834 -0.108486 0.991916 -0.986830 0.140124 0.080822
20.870607 -424.487372 -3955.804906 93603.967198 0.072009 0.996227 0.048450 -0.087342 -0.042091 0.995289 -0.993572 0.075901 -0.083982
33.686518 -598.797179 -6009.959252 -162951.649651 0.076220 0.989619 0.121836 -0.632313 -0.046506 0.773316 -0.770954 0.135981 -0.622205
39.335637 -562.124572 646.110041 -136897.752357 0.206314 0.964849 0.162792 -0.585001 -0.011734 0.810948 -0.784352 0.262543 -0.562016
38.815630 -592.411604 -916.319792 175448.113573 0.208483 0.964487 0.162170 -0.016776 -0.162263 0.986605 -0.977882 0.208410 0.017649
27.167489 -301.836966 591.454329 78547.685878 0.209547 0.960517 0.183020 0.462846 -0.262315 0.846737 -0.861315 0.092721 0.499539
190.457708 -94.834955 -43129.545819 -6183.352516 -0.343606 -0.848350 -0.402787 0.931285 -0.252543 -0.262546 0.121010 -0.465322 0.876831
187.927325 -84.168648 -43537.613279 2356.275918 -0.370390 -0.914025 -0.165438 0.921587 -0.339338 -0.188489 0.116144 -0.222280 0.968040
128.954076 -86.401382 -32630.683310 -2486.630717 -0.337124 -0.923702 -0.181996 0.900840 -0.260323 -0.347447 0.273560 -0.281082 0.919868
97.295728 -82.480667 7784.396005 2304.884479 0.438840 0.897436 0.045028 0.869942 -0.411780 -0.271362 0.224988 -0.158257 0.961423
146.776870 -127.255376 -45786.142833 -18169.323347 -0.270691 -0.881652 -0.386543 0.915262 -0.111253 -0.387192 0.298364 -0.458598 0.837058
66.018727 -80.309119 3291.352099 1144.831930 0.425833 0.901402 0.078361 0.811919 -0.342461 -0.472766 0.399317 -0.264942 0.877697
86.374922 -96.132083 23629.784853 -6698.618869 0.319703 0.918956 0.230889 0.864201 -0.182884 -0.468733 0.388519 -0.349390 0.852631
103.238230 -39.670493 12352.664796 1097.708732 0.199424 0.894247 0.400690 0.792390 0.093401 -0.602822 0.576497 -0.437719 0.689966
87.999765 -38.848232 17344.059248 -465.035021 -0.368177 -0.716413 -0.592620 0.841364 0.014526 -0.540274 0.395667 -0.697525 0.597416
96.098348 -36.541695 20627.340334 -423.352593 0.125986 0.956960 0.261449 0.841828 0.036301 -0.538524 0.524837 -0.287942 0.801022
98.852218 -38.073269 30732.905344 -725.379910 -0.039688 0.988997 0.142511 0.800432 0.116840 -0.587926 0.598108 -0.090737 0.796262
87.845386 -31.339724 24895.578546 -2434.572011 0.071804 0.985134 0.156061 0.875793 0.012605 -0.482522 0.477316 -0.171324 0.861869
63.840206 -33.004118 26076.905435 -2805.734897 -0.041864 0.989392 0.139109 0.859996 0.106556 -0.499051 0.508580 -0.098741 0.855334
-6.947668 -45.471094 -1523.094540 -1040.559753 -0.014266 0.996393 -0.083657 0.773684 0.064000 0.630330 -0.633411 0.055732 0.771806
-7.260060 -41.759741 -1633.246509 -2160.029582 -0.027840 0.996100 -0.083720 0.684304 0.080043 0.724791 -0.728666 0.037111 0.683864
-2.776158 -44.135019 -2341.064218 -1565.108304 -0.087778 0.990512 -0.105738 0.753043 0.135468 0.643875 -0.652090 0.023107 0.757790
1.228061 -47.386051 -2756.603468 -1123.231889 -0.110131 0.987699 -0.111004 0.814147 0.153710 0.559945 -0.570119 0.028706 0.821060
-2.169665 -46.911430 -2644.747702 -1118.068454 -0.059165 0.993887 -0.093214 0.811445 0.102271 0.575411 -0.581426 0.041594 0.812535
7.639319 -35.906077 -1880.872436 -1722.268656 -0.022721 0.958285 0.284909 -0.025590 -0.285446 0.958053 -0.999414 -0.014477 -0.031008
9.586651 -40.556273 -2093.273522 -834.794079 -0.020061 0.946103 0.323244 0.092727 -0.320155 0.942816 -0.995489 -0.048887 0.081307
2.075886 -37.248151 -1813.896519 -1330.670101 -0.036510 0.947423 0.317895 0.025350 -0.317127 0.948044 -0.999012 -0.042672 0.012439
2.337884 -31.263323 -1027.160479 -1884.275160 -0.028778 0.957141 0.288188 -0.085343 -0.289607 0.953333 -0.995936 -0.002840 -0.090019
6.730019 -30.121811 -1783.392049 -2440.136683 -0.025618 0.970084 0.241413 -0.129794 -0.242675 0.961386 -0.991210 0.006705 -0.132128
-0.225301 -48.565545 984.323275 589.697369 0.726307 -0.687325 -0.007990 -0.686425 -0.724648 -0.060883 -0.036057 -0.049704 0.998113
-2.130892 -46.836058 1302.458570 -468.004223 0.747972 -0.663698 -0.006553 -0.662982 -0.746623 -0.054858 -0.031516 -0.045377 0.998473
0.521744 -45.916465 1596.699933 -875.343317 0.747064 -0.664577 -0.015250 -0.656678 -0.734231 -0.172273 -0.103292 -0.138713 0.984931
2.101998 -47.426168 596.314836 -47.818528 0.723762 -0.690031 -0.005085 -0.680691 -0.712717 -0.169392 -0.113261 -0.126061 0.985536
2.549215 -47.491195 827.565202 -632.307522 0.749982 -0.661458 -0.000061 -0.630079 -0.714375 -0.304416 -0.201315 -0.228346 0.952539
0.037301 -44.733983 902.937094 657.297693 0.772518 -0.634986 0.003028 -0.609593 -0.742944 -0.276460 -0.177798 -0.211725 0.961021
5.506583 -62.783917 -518.706249 -1387.840534 -0.589348 0.781047 -0.206483 -0.686782 -0.618963 -0.381072 0.425440 0.082775 -0.901193
2.975289 -57.977643 -900.832750 -44.063929 -0.566907 0.797822 -0.205174 -0.639025 -0.583082 -0.501660 0.519869 0.153284 -0.840381
4.678290 -61.519406 -731.612273 -1254.653066 -0.556383 0.810578 -0.182764 -0.667940 -0.567130 -0.481892 0.494262 0.146041 -0.856958
5.774380 -63.636150 -217.670959 -1855.599986 -0.547676 0.822062 -0.155773 -0.663479 -0.540132 -0.517739 0.509752 0.180201 -0.841238
6.425127 -69.675572 165.706657 -3184.218407 -0.593094 0.785738 -0.175657 -0.703456 -0.611838 -0.361667 0.391649 0.090936 -0.915610
-7.781047 -82.105638 206.898327 -1403.181077 0.826557 -0.558258 0.071773 -0.455981 -0.738906 -0.496084 -0.329976 -0.377315 0.865303
-9.388225 -81.170613 194.843008 -1359.438875 0.810300 -0.580946 0.076921 -0.452448 -0.703619 -0.547916 -0.372432 -0.409173 0.832989
-8.437519 -84.998150 424.510898 -2907.367730 0.836225 -0.543495 0.073082 -0.374147 -0.662873 -0.648547 -0.400926 -0.514988 0.757658
-6.068553 -82.566575 573.591820 -1289.481128 0.843712 -0.533257 0.061538 -0.432533 -0.743247 -0.510392 -0.317908 -0.404007 0.857737
-5.975677 -85.769665 994.627702 -1308.929506 0.856997 -0.512121 0.057346 -0.355252 -0.667738 -0.654157 -0.373300 -0.540238 0.754182
-35.209355 -46.060909 1078.292272 1360.917853 0.735344 -0.626270 -0.258949 0.281460 -0.065361 0.957345 0.616482 0.776861 -0.128207
24.727864 -39.289455 -31406.052575 3859.085645 0.817509 -0.381778 0.431190 -0.255793 0.430103 0.865784 0.515994 0.818081 -0.253956
-7.391292 -39.930481 -13704.540246 725.818512 0.848752 -0.475935 0.230449 -0.125347 0.242301 0.962070 0.513721 0.845444 -0.145996
-29.316750 -49.653187 -528.642533 0.371649 0.791873 -0.578229 -0.196439 0.190984 -0.071048 0.979019 0.580053 0.812775 -0.054171
-22.009464 -28.991030 -3114.587362 1284.702390 -0.425296 -0.516850 0.742960 -0.107458 0.843931 0.525579 -0.898652 0.143689 -0.414460
-22.675547 -25.807502 -2952.056900 -305.468809 -0.420181 -0.664578 0.617887 -0.141321 0.720528 0.678873 -0.896369 0.197929 -0.396670
-17.624607 -25.623148 -3764.803003 801.449193 -0.472306 -0.430174 0.769336 -0.023679 0.878699 0.476788 -0.881116 0.206973 -0.425201
-15.212726 -29.084477 -3138.603685 2507.694949 -0.464948 -0.397401 0.791136 -0.045011 0.903052 0.427166 -0.884193 0.163001 -0.437760
20.692961 -63.610333 3422.357016 -2927.684986 -0.697181 0.624717 -0.351663 0.714856 0.568838 -0.406699 -0.054033 -0.534931 -0.843166
67.071412 -33.373343 22709.536613 -356.832481 -0.357724 0.823356 -0.440588 0.932369 0.341275 -0.119248 0.052178 -0.453449 -0.889754
18.642942 -62.385455 -3469.567060 -791.928780 0.713756 -0.619746 0.326293 0.698438 0.664603 -0.265495 0.052316 -0.417394 -0.907218
0.182682 -27.149593 -407.189215 1420.792652 0.517552 0.840792 -0.158774 0.810084 -0.541227 -0.225472 0.275507 0.011927 0.961225
-2.223000 -25.920598 -1126.891594 -314.295885 0.674272 0.706175 -0.216042 -0.657023 0.707216 0.261087 0.337161 -0.034099 0.940829
-4.934488 -21.518781 -1559.868901 1081.915869 0.573604 0.801254 -0.170208 0.749535 -0.597229 -0.285508 0.330417 -0.036192 0.943141
-0.399346 -29.616500 218.161834 951.145616 0.623601 0.753500 -0.208229 0.713334 -0.657442 -0.242746 0.319808 -0.002840 0.947478
-0.054479 -32.175119 672.321498 1132.693743 0.557191 0.808032 -0.191372 0.785329 -0.587655 -0.194731 0.269810 0.041788 0.962006
17.837842 -50.426634 1750.179668 109.308328 0.214042 0.975743 0.045955 0.949752 -0.218879 0.223747 -0.228378 0.004245 0.973563
15.003076 -48.310229 -1149.217003 759.992295 0.191624 0.977749 0.085369 0.972336 -0.200960 0.119072 -0.133579 -0.060190 0.989209
17.214672 -50.718808 -2757.351160 490.931378 0.171749 0.979390 0.106289 0.954227 -0.192205 0.229146 -0.244853 -0.062068 0.967571
12.909817 -49.558285 -3221.682589 542.250610 0.146719 0.979407 0.138690 0.971325 -0.169165 0.167067 -0.187088 -0.110201 0.976142
-11.116517 -211.406393 1832.187206 13109.232171 0.965178 -0.053668 0.256031 -0.206411 -0.757507 0.619337 -0.160707 0.650617 0.742206
-8.966626 -220.183798 2610.100608 5014.911448 0.965914 -0.077564 0.246968 -0.237780 -0.642970 0.728046 -0.102322 0.761954 0.639497
-12.629324 -210.611206 2276.581103 -3718.039625 0.965645 -0.053683 0.254261 -0.250673 -0.450381 0.856925 -0.068512 0.891221 0.448365
-14.508506 -221.802778 -131.864242 1959.420034 0.960700 -0.015656 0.277147 -0.226822 -0.619831 0.751240 -0.160023 0.784579 0.599023
-15.415369 -220.791879 -283.315960 20248.539467 0.950598 -0.012733 0.310162 -0.167113 -0.863011 0.476745 -0.261603 0.505025 0.822505
6.515274 -114.163452 1524.017283 -2629.279226 0.944923 -0.008127 0.327192 -0.046804 0.986062 0.159660 -0.323929 -0.166180 0.931372
9.137140 -137.528352 775.342782 -8433.481149 0.933995 -0.022035 0.356606 -0.006211 0.996944 0.077870 -0.357232 -0.074946 0.931004
7.585943 -131.844255 1311.813135 -11070.608523 0.941874 -0.055905 0.331282 0.067883 0.997388 -0.024686 -0.329037 0.045739 0.943209
5.940342 -122.806950 729.160601 -1856.562018 0.935048 0.030529 0.353205 0.144250 -0.942848 -0.300384 -0.323848 -0.331823 0.886011
4.693954 -117.701798 799.146299 -5518.063215 0.946128 -0.034404 0.321959 -0.005104 0.992631 0.121069 -0.323751 -0.116190 0.938981
3.803805 -112.313704 573.020134 -3338.973256 0.942535 0.012006 0.333891 0.119759 -0.945088 -0.304083 -0.311906 -0.326596 0.892216
-21.584094 -35.872331 -3064.571351 -1231.244068 0.009903 0.921844 0.387435 -0.075322 -0.385666 0.919559 -0.997110 0.038289 -0.065616
-18.998241 -33.042309 -2562.113925 -55.724965 -0.039923 0.824861 0.563925 -0.128283 -0.563935 0.815794 -0.990934 0.039773 -0.128330
-15.762098 -33.980665 -3929.463391 -1791.121194 -0.024844 0.957139 0.288563 -0.058311 -0.289548 0.955386 -0.997989 -0.006909 -0.063005
-18.840732 -37.976420 -2735.521294 -1405.739583 0.005479 0.976870 0.213762 0.023340 -0.213832 0.976592 -0.999713 0.000362 0.023972
-7.247644 -201.095723 3006.070699 -3247.210176 0.969111 0.114320 0.218528 0.232358 -0.720236 -0.653659 -0.082666 -0.684245 0.724552
-3.609305 -213.955507 4200.407168 3790.570263 0.981695 0.084229 0.170826 0.148130 -0.901425 -0.406805 -0.119722 -0.424663 0.897401
-6.567418 -179.794597 2708.289984 4305.245121 0.979114 0.065330 0.192532 0.143766 -0.892068 -0.428423 -0.143763 -0.447155 0.882828
-194.249615 -58948.084190 66354.203461 -56518775.311908 -0.757541 0.106634 -0.644020 -0.096863 0.957285 0.272440 0.645562 0.268766 -0.714853
7.857370 -1783.458207 16882.315635 2308906.150373 0.921499 -0.210525 0.326371 -0.353092 -0.804114 0.478254 -0.161754 0.555950 0.815325
-438.726457 -6771.373033 117065.349916 -8287837.622753 -0.800660 -0.001876 -0.599116 -0.121913 0.979583 0.159858 0.586584 0.201031 -0.784541
-2.977724 -87.260090 480.126221 -3502.168144 0.948230 -0.178245 0.262846 -0.014611 -0.851252 -0.524554 -0.317247 -0.493557 0.809787
0.330138 -84.116754 701.839347 833.648168 0.947888 -0.198537 0.249182 -0.100391 -0.928383 -0.357807 -0.302374 -0.314145 0.899935
-2.865515 -77.754080 925.418066 -380.170911 0.945867 -0.207223 0.249790 -0.073170 -0.885974 -0.457926 -0.316200 -0.414859 0.853176
-4.345188 -83.925177 436.495029 -4926.866463 0.944446 -0.184162 0.272226 0.006436 -0.817748 -0.575540 -0.328605 -0.545318 0.771133
-23.564410 -36.513643 774.064275 1702.653863 -0.192103 0.716265 -0.670865 -0.049802 0.675602 0.735583 -0.980110 -0.174718 0.094114
-23.460240 -35.270199 -730.211393 2006.793144 0.231604 -0.660188 0.714500 -0.012508 0.732389 0.680772 -0.972730 -0.166606 0.161367
-21.209962 -31.037131 1259.265958 1994.021257 -0.167526 0.823469 -0.542064 0.094499 0.560716 0.822598 -0.981328 -0.086582 0.171752
-21.444835 -33.270534 802.409418 1976.353691 -0.131891 0.841834 -0.523374 0.039579 0.532038 0.845795 -0.990474 -0.090838 0.103490
-57.094594 -695.526685 -5647.632441 219807.178413 0.785015 0.410566 0.463883 0.297445 0.407048 -0.863619 0.543395 -0.815934 -0.197418
25.183420 -186.344481 9934.874887 52503.391120 0.817311 0.573617 -0.054475 -0.196122 0.188047 -0.962380 0.541793 -0.797247 -0.266192
-87.946587 -477.347230 -1071.587389 144006.040260 0.822488 0.556014 0.119844 0.015414 0.188836 -0.981888 0.568574 -0.809438 -0.146745
15.465308 -158.780798 -1981.940297 -5740.806807 -0.703075 -0.032699 -0.710364 0.024701 0.997216 -0.070351 0.710687 -0.067009 -0.700310
13.968685 -152.145116 -3481.335165 -8960.910401 -0.645719 -0.114657 -0.754918 0.109419 0.964564 -0.240090 0.755695 -0.237633 -0.610292
8.270036 -148.470573 -3213.314053 9472.651103 -0.645535 -0.136425 -0.751447 -0.142576 0.988146 -0.056917 0.750304 0.070396 -0.657334
20.451038 -150.250946 -450.807119 -22041.995205 -0.713642 -0.032630 -0.699750 0.248194 0.922338 -0.296130 0.655068 -0.385005 -0.650121
-48.824480 -75.458405 1048.246046 5360.975953 -0.442455 0.874183 0.200095 0.274545 0.344449 -0.897764 0.853732 0.342285 0.392406
-59.655039 -84.819163 -1718.465320 7051.067737 0.492977 -0.641304 -0.587965 0.125374 0.721097 -0.681396 0.860962 0.262197 0.435887
-50.943690 -93.456422 589.291418 10664.925148 0.441409 -0.578317 -0.686082 0.057703 0.781314 -0.621465 0.895449 0.234731 0.378250
-54.229762 -77.444941 29.424250 -1328.080502 0.556438 -0.753017 0.351202 0.820115 0.429898 -0.377624 0.133376 0.498150 0.856772
-53.898712 -79.881416 1923.262570 -355.576616 0.519234 -0.809164 0.275045 0.793787 0.337351 -0.506060 0.316699 0.481090 0.817468
10.269196 -3.681244 -1447.946509 -3749.464319 0.573320 -0.645444 -0.504685 0.096927 0.665076 -0.740459 0.813578 0.375602 0.443862
13.864031 -8.064213 630.267897 -624.781729 -0.539695 0.672065 0.507008 0.044531 0.624194 -0.780000 0.840682 0.398385 0.366802
14.248246 -4.384959 -591.347184 -2409.898185 -0.522867 0.679081 0.515228 0.075140 0.638799 -0.765696 0.849096 0.361642 0.385033
65.822612 -80.716377 1864.021153 3182.861795 0.223515 0.861351 0.456197 -0.549135 -0.275408 0.789051 -0.805290 0.426879 -0.411440
5.048680 -56.443470 350.470505 -2550.096642 0.173535 0.974710 -0.140805 -0.968932 0.143396 -0.201517 0.176229 -0.171400 -0.969312
-0.735279 -85.949220 -1625.119749 10766.879321 0.345027 0.932514 0.106654 -0.044128 0.129622 -0.990581 0.937555 -0.337070 -0.085873
4.364610 -63.935562 -1045.425090 9730.797599 0.339629 0.927855 0.154070 -0.175376 0.223406 -0.958818 0.924065 -0.298622 -0.238599
-1.896063 -83.055104 -1451.595571 7951.346898 0.340369 0.939495 0.038695 -0.054385 0.060753 -0.996670 0.938718 -0.337131 -0.071773
-6.471163 -106.155977 223.586814 13671.479212 0.310757 0.945485 0.097406 0.099593 0.069526 -0.992596 0.945257 -0.318158 0.072558
1.868490 -66.214739 -2280.577819 6084.864762 0.357565 0.931113 0.071941 -0.191162 0.148377 -0.970279 0.914114 -0.333186 -0.231047
2.417765 -138.726084 30.167253 -8604.016185 0.223930 0.969155 0.102928 0.373385 0.012241 -0.927596 0.900244 -0.246149 0.359127
2.313678 -124.755738 -584.877783 -11013.754390 0.212100 0.967137 0.140214 0.606638 -0.017814 -0.794779 0.766162 -0.253631 0.590480
2.596271 -124.857969 -568.366430 -9319.221213 0.197604 0.971308 0.132337 0.616636 -0.018218 -0.787037 0.762045 -0.237125 0.602544
4.179592 -46.764741 -3524.361298 1295.570914 0.124208 0.992066 0.019414 -0.975036 0.118400 0.187845 -0.184056 0.042261 -0.982007
4.345071 -47.702290 -525.545235 442.945172 0.131974 0.989855 0.052622 -0.986804 0.126173 0.101477 -0.093808 0.065320 -0.993445
4.781789 -48.779394 -939.897333 -358.128908 0.148858 0.988070 0.039485 0.988747 -0.149323 0.009087 0.014875 0.037688 -0.999179
5.070184 -50.460982 -4926.201625 487.339180 0.160365 0.986901 0.017614 -0.985037 0.161152 -0.061084 0.063122 0.007555 -0.997977
-2.155157 -55.090668 943.425601 -2783.711209 -0.205119 -0.960920 -0.185899 0.970258 -0.174693 -0.167575 0.128551 -0.214742 0.968174
-0.909335 -61.760391 -1288.597194 -4390.981287 0.207203 0.960783 0.184291 0.946616 -0.149350 -0.285681 0.246953 -0.233647 0.940438
-2.704112 -59.547259 165.001281 -3970.777024 -0.219539 -0.961053 -0.167872 0.954482 -0.175971 -0.240826 0.201906 -0.213101 0.955940
-5.806272 -40.329751 736.776280 -9.806609 -0.037496 0.986977 0.156428 -0.796391 0.065042 -0.601274 0.603618 0.147123 -0.783582
-8.945615 -39.783759 912.707920 -72.867907 -0.000190 0.986430 0.164183 -0.811932 0.095690 -0.575856 0.583752 0.133415 -0.800896
-8.887160 -43.751485 658.791168 1226.130413 -0.033392 0.987998 0.150816 -0.738941 0.077198 -0.669334 0.672943 0.133795 -0.727494
-10.972324 -41.882632 183.689001 801.608257 0.025751 0.987049 0.158339 -0.743800 0.124744 -0.656659 0.667906 0.100863 -0.737379
-11.637240 -39.496587 1217.170165 -1022.640203 0.031267 0.985105 0.169085 -0.790238 0.127946 -0.599295 0.612002 0.114879 -0.782468
-11.632611 -39.073972 1541.692553 412.811756 0.006936 0.986775 0.161950 -0.867425 0.086514 -0.489989 0.497520 0.137081 -0.856553
14.744023 -39.615351 1719.020420 -404.080304 0.104345 0.992060 0.070212 -0.647871 0.014241 0.761617 -0.754570 0.124959 -0.644213
15.969524 -39.467763 1381.495425 1086.861119 0.132932 0.990554 0.033642 -0.713220 0.072034 0.697230 -0.688220 0.116678 -0.716058
12.981628 -41.369559 493.543332 -673.125183 0.129433 0.989258 0.067933 -0.679805 0.038652 0.732374 -0.721882 0.140974 -0.677505
16.748180 -35.309146 1407.737710 905.287891 0.098345 0.995070 0.012821 -0.664510 0.056074 0.745173 -0.740780 0.081804 -0.666748
12.624614 -43.586149 694.003844 -1771.865822 0.108631 0.987777 0.111788 -0.620482 -0.020483 0.783953 -0.776660 0.154524 -0.610673
15.358168 -40.325909 1423.446136 -1415.231298 0.061833 0.989359 0.131704 -0.571712 -0.073054 0.817195 -0.818121 0.125826 -0.561112
15.850488 -35.882102 1175.716162 -602.419511 0.072627 0.995544 0.060141 -0.615946 -0.002656 0.787784 -0.784433 0.094258 -0.613009
-7.981631 -217.331873 2207.417933 -11706.400516 0.759062 0.486776 -0.432289 0.337198 0.274037 0.900667 -0.556887 0.829429 -0.043871
-8.884134 -190.421115 -1434.215571 -18633.718687 -0.743891 -0.502322 0.440793 0.091704 0.576609 0.811857 -0.661979 0.644356 -0.382870
-12.071936 -220.884661 2802.988027 -18528.315358 0.752706 0.499167 -0.429262 0.294140 0.328349 0.897591 -0.588996 0.801885 -0.100325
-13.370350 -215.655003 1412.339406 -31835.753304 0.728939 0.532663 -0.430021 0.160365 0.477812 0.863701 -0.665531 0.698546 -0.262875
-12.795053 -223.603847 2364.726619 636.551549 0.757875 0.501349 -0.417462 0.466942 0.030038 0.883777 -0.455621 0.864724 0.211336
-15.957959 -237.619527 1335.273531 -18226.484883 0.737497 0.537191 -0.409297 0.379715 0.171356 0.909095 -0.558493 0.825871 0.077605
11.229948 -197.056815 1824.300573 -13090.931477 0.674446 0.511672 -0.532273 0.262836 0.507303 0.820708 -0.689957 0.693423 -0.207663
12.616157 -198.813905 241.779528 -25539.002300 -0.653910 -0.575730 0.490854 0.019521 0.635731 0.771664 -0.756321 0.514181 -0.404472
10.101887 -173.064695 -1056.534523 -20963.746529 -0.705585 -0.532536 0.467498 -0.057373 0.700491 0.711351 -0.706299 0.475097 -0.524809
-12.875879 -50.670721 1812.202386 -3525.392074 -0.124519 0.156022 0.979873 0.746081 0.665761 -0.011198 -0.654109 0.729670 -0.199305
-6.211504 -64.038168 1485.184954 -6387.672413 -0.149086 0.134290 0.979663 0.825437 0.562405 0.048523 -0.544452 0.815884 -0.194694
-17.578592 -52.312937 2241.985375 -3774.898423 -0.251439 0.089952 0.963684 0.737175 0.662989 0.130455 -0.627177 0.743205 -0.233012
-21.973773 -43.945668 2248.178973 -2363.570958 -0.234200 0.110045 0.965940 0.665228 0.742693 0.076679 -0.708959 0.660528 -0.247144
-16.312907 -43.539404 2152.390895 -1981.284593 -0.120005 0.176635 0.976933 0.665259 0.744734 -0.052933 -0.736905 0.643562 -0.206880
-1.530566 -746.452202 -2202.324168 -218335.558767 0.753774 0.540874 -0.373202 0.320476 0.193238 0.927337 -0.573690 0.818605 0.027680
-1.515176 -334.642787 -2430.867238 -10140.146896 0.737555 0.564784 -0.370177 0.074564 0.476713 0.875891 -0.671158 0.673620 -0.309489
0.166159 -375.287053 -1205.936678 -49704.724562 0.756076 0.544557 -0.363053 0.235933 0.290643 0.927288 -0.610480 0.786756 -0.091269
0.791572 -31.863914 2021.494448 -2081.681254 0.476548 0.873196 -0.102133 -0.751920 0.465020 0.467304 -0.455542 0.145897 -0.878178
1.901518 -30.352763 3696.983711 -1426.939906 0.437672 0.897729 -0.050252 -0.801090 0.414716 0.431585 -0.408287 0.148636 -0.900672
-4.779812 -34.817097 2047.815934 -1944.084175 0.340076 0.940311 -0.012808 -0.801377 0.296902 0.519273 -0.492081 0.166329 -0.854512
-4.679839 -35.673730 1474.569224 -1946.017358 0.423831 0.902719 -0.073925 -0.733169 0.389857 0.557203 -0.531818 0.181960 -0.827079
-8.269310 -38.406684 847.551510 -1414.820975 0.320306 0.947290 -0.006752 -0.753153 0.258973 0.604726 -0.574600 0.188612 -0.796405
-9.973456 -38.895042 1196.383635 -1042.092097 0.243127 0.969530 0.030015 -0.778652 0.176622 0.602084 -0.578437 0.169755 -0.797868
-9.790545 -37.618529 1414.822345 -1355.586844 0.201032 0.978730 0.040925 -0.837316 0.150002 0.525739 -0.508417 0.139957 -0.849661
-18.435547 -37.242475 -2569.521047 -235.557784 0.144888 0.963731 0.224119 0.988279 -0.151961 0.014544 0.048074 0.219385 -0.974453
-14.769468 -37.215757 -2126.461336 -1195.788987 0.071874 0.975856 0.206251 0.991608 -0.092190 0.090635 0.107461 0.198006 -0.974292
5.805872 -57.625229 -5.845713 635.729795 0.117079 0.976731 -0.179694 -0.970377 0.151012 0.188583 -0.211330 -0.152292 -0.965477
6.331524 -59.165521 -491.181376 1139.740528 0.121394 0.976405 -0.178598 -0.960165 0.161133 0.228295 -0.251686 -0.143770 -0.957071
-12.448290 -51.669096 -196.168981 -705.120667 -0.068473 0.997646 -0.003617 -0.425374 -0.032474 -0.904435 0.902423 0.060391 -0.426597
-12.793607 -49.827351 -0.497624 -1282.758572 -0.049002 0.996951 0.060728 -0.503842 0.027825 -0.863347 0.862405 0.072903 -0.500942
-10.709038 -52.957300 1198.789502 -308.580967 -0.111047 0.992959 0.041251 -0.432612 -0.010929 -0.901514 0.894715 0.117956 -0.430780
-13.739659 -47.265261 -1589.795049 -303.987525 -0.008273 0.999886 0.012638 -0.492464 0.006926 -0.870305 0.870293 0.013423 -0.492351
-11.849537 -47.670238 -409.108645 1027.502576 -0.064333 0.995099 -0.075091 -0.405982 -0.094837 -0.908947 0.911614 0.027990 -0.410093
20.052624 -495.409933 -3831.852230 -129267.202492 0.043212 0.995142 0.088461 -0.651501 -0.039059 0.757642 -0.757416 0.090372 -0.646648
29.887110 -101.791050 3581.726470 7407.776807 -0.690974 0.722862 -0.005073 -0.334075 -0.325545 -0.884542 0.641053 0.609501 -0.466433
15.974999 -106.881876 -1962.474809 5369.764214 0.765227 -0.643368 0.022466 0.376249 0.475285 0.795324 0.522364 0.600151 -0.605768
30.915184 -84.465316 3722.979569 4374.806304 -0.677162 0.734207 0.048914 -0.477466 -0.387843 -0.788418 0.559891 0.557241 -0.613191
41.199833 -108.592562 6905.949046 14663.193224 -0.656478 0.754342 0.002051 -0.384944 -0.332664 -0.860902 0.648733 0.565953 -0.508766
38.237976 -82.411157 5393.133716 8154.014008 -0.631033 0.774439 0.045186 -0.559671 -0.414153 -0.717806 0.537184 0.478248 -0.694775
21.099721 -25.068161 -1148.447177 3575.563625 0.142703 0.965444 0.218069 -0.187032 0.242658 -0.951912 0.971933 -0.095055 -0.215197
22.199503 -17.564195 -3457.458331 2977.506481 0.196872 0.952099 0.233983 -0.235681 0.277613 -0.931335 0.951680 -0.128209 -0.279046
16.869978 -22.915268 -3513.704086 4400.995915 0.220211 0.955282 0.197343 -0.218212 0.245426 -0.944537 0.950732 -0.164935 -0.262499
13.628601 -31.507348 -3374.713984 4051.891322 0.215043 0.965703 0.145516 -0.161954 0.182202 -0.969832 0.963082 -0.184989 -0.195581
18.823657 -35.179499 -3179.650890 3279.445479 0.185977 0.967220 0.172908 -0.094063 0.192696 -0.976740 0.978041 -0.165387 -0.126816
191.120091 -81.080183 -31320.519319 -130.328753 -0.357940 -0.804761 -0.473539 0.928922 -0.358381 -0.093101 -0.094784 -0.473205 0.875839
197.662467 -89.886249 -46166.032418 3957.367810 -0.400957 -0.898943 -0.176453 0.915084 -0.402071 -0.031003 -0.043077 -0.173900 0.983821
118.162478 -90.881844 -10453.566183 4811.010223 -0.468533 -0.882285 -0.045282 0.881857 -0.464002 -0.083845 0.052964 -0.079217 0.995449
108.628412 -40.530883 27570.357859 876.367509 -0.404464 -0.645506 -0.647866 0.797010 0.098642 -0.595857 0.448536 -0.757358 0.474578
70.947028 -46.444167 38866.371118 892.333258 -0.507228 -0.466015 -0.724948 0.802174 0.052182 -0.594805 0.315018 -0.883236 0.347357
64.978138 -43.914528 34691.545871 -588.936597 -0.507657 -0.491614 -0.707531 0.836715 -0.085531 -0.540918 0.205407 -0.866603 0.454761
81.090960 -34.303374 20380.178217 -1915.722663 -0.432123 -0.662598 -0.611746 0.869996 -0.127694 -0.476237 0.237437 -0.738010 0.631637
-11.599880 -43.676399 -790.687019 -1370.709804 0.036125 0.996513 -0.075211 0.724678 0.025702 0.688608 -0.688140 0.079380 0.721223
-12.114810 -39.911997 -1065.614370 -2001.458399 0.031949 0.997328 -0.065700 0.639574 0.030113 0.768140 -0.768065 0.066561 0.636903
-10.536968 -37.088050 -1128.083440 -1806.514883 0.006497 0.998224 -0.059216 0.602553 0.043352 0.796901 -0.798053 0.040858 0.601201
-6.597398 -37.652277 -1619.651305 -2281.515083 -0.038494 0.995475 -0.086879 0.628507 0.091712 0.772378 -0.776851 0.024873 0.629193
9.660134 -43.111132 -3587.479793 -308.960105 -0.033024 0.933459 0.357161 0.221621 -0.341620 0.913334 -0.974574 -0.109316 0.195593
16.407146 -43.556954 -2406.994292 -661.756232 0.006050 0.957088 0.289735 0.143953 -0.287556 0.946884 -0.989566 -0.035979 0.139515
18.533251 -45.333726 -3347.824073 524.816193 0.005519 0.950622 0.310303 0.273384 -0.299921 0.913952 -0.961889 -0.079787 0.261540
17.982623 -45.111056 -985.438482 46.429855 0.031098 0.965325 0.259192 0.189106 -0.260316 0.946823 -0.981464 -0.019571 0.190644
16.649245 -43.235422 -971.146735 -1777.104248 0.030803 0.972602 0.230429 0.067628 -0.232038 0.970353 -0.997235 0.014306 0.072922
-2.132640 -49.476376 1215.189926 3618.113496 0.733524 -0.679647 -0.004737 -0.679642 -0.733428 -0.013065 -0.005405 -0.012803 0.999903
-5.215376 -49.460849 1146.081400 2632.821891 0.734099 -0.678979 0.009239 -0.679010 -0.733864 0.019710 0.006603 0.020742 0.999763
-3.591474 -46.509383 190.596586 -49.978482 0.777001 -0.629312 0.015347 0.627327 0.776113 0.064101 -0.052251 -0.040179 0.997825
-11.614505 -87.821306 276.462585 -453.734324 0.818268 -0.565869 0.101139 -0.198393 -0.443137 -0.874225 -0.539516 -0.695286 0.474869
-10.851002 -94.543552 269.721044 -1345.948967 0.835114 -0.537311 0.117819 -0.111515 -0.375109 -0.920249 -0.538655 -0.755374 0.373177
-10.355370 -90.108512 509.556247 -2613.481243 0.835527 -0.542260 0.088587 -0.267329 -0.542057 -0.796686 -0.480031 -0.641972 0.597865
-36.860028 -44.675240 1669.336534 1732.824936 0.710604 -0.678139 -0.187535 0.297108 0.047604 0.953657 0.637785 0.733390 -0.235308
18.593066 -43.280908 -29154.296745 3067.017574 0.818121 -0.413930 0.399173 -0.166552 0.493840 0.853453 0.550398 0.764712 -0.335080
190.554460 -52.091510 -99411.520263 3042.252444 0.909207 -0.250466 0.332579 -0.181608 0.480226 0.858139 0.374648 0.840625 -0.391138
111.491262 -14.887029 33998.216149 230.297229 0.040411 0.763621 -0.644399 0.991097 0.051248 0.122882 0.126859 -0.643628 -0.754752
243.070887 -18.537822 81367.391588 -1106.772766 0.138149 0.764286 -0.629906 0.968974 0.027312 0.245650 0.204951 -0.644298 -0.736800
152.521310 -22.241459 58143.138440 -2899.439233 -0.066791 0.858607 -0.508265 0.986890 0.131860 0.093062 0.146924 -0.495386 -0.856158
342.074691 -19.590279 105745.121868 2996.837923 0.352859 0.605701 -0.713174 0.921793 -0.094215 0.376061 0.160589 -0.790095 -0.591575
60.933328 -21.046077 19699.511327 -3217.784280 -0.272327 0.789188 -0.550473 0.962177 0.227670 -0.149603 0.007262 -0.570394 -0.821339
37.508290 -24.592462 5145.434628 3841.566139 -0.374897 0.695941 -0.612469 0.927065 0.282400 -0.246577 0.001358 -0.660240 -0.751054
229.623143 -16.442263 95553.829835 5913.815541 0.350563 0.690370 -0.632846 0.915973 -0.111911 0.385317 0.195189 -0.714748 -0.671592
41.373145 -18.126680 6850.017449 5850.267863 -0.147035 0.636913 -0.756785 0.984224 0.170327 -0.047875 0.098409 -0.751885 -0.651909
-4.860548 -23.153405 -2477.269324 674.151919 0.775840 0.577663 -0.253727 -0.515960 0.812350 0.271794 0.363121 -0.079956 0.928305
-0.032206 -30.136761 95.512356 121.326402 0.692533 0.683947 -0.229379 -0.627488 0.727994 0.276195 0.355889 -0.047342 0.933328
-0.674923 -27.628557 -1010.208504 770.075261 0.753535 0.605790 -0.255350 -0.540434 0.791981 0.284073 0.374321 -0.076059 0.924175
21.792610 -52.673727 -1901.043681 27.863724 0.182351 0.978763 0.093650 0.847560 -0.204754 0.489610 -0.498387 0.009907 0.866898
22.414387 -52.602314 3551.326322 146.052057 0.244786 0.969221 0.026259 0.789263 -0.214920 0.575216 -0.563155 0.120080 0.817580
