12227
24437
-53.848309 -79.197552 496.373271 -6578.891922 -0.946621 -0.114042 -0.301501 -0.010517 0.945756 -0.324707 0.322177 -0.304204 -0.896472
-46.535695 -78.951956 -1207.046805 -11571.195329 -0.887053 0.077034 -0.455196 0.237818 0.921343 -0.307521 0.395702 -0.381041 -0.835600
-42.577486 -63.112077 1004.420250 -8080.530530 0.924244 0.186960 0.332894 0.004642 0.866336 -0.499441 0.381773 -0.463150 -0.799838
-28.909211 -78.234963 7556.353112 -15473.343144 0.821884 -0.073378 0.564909 0.340000 0.858854 -0.383105 0.457063 -0.506937 -0.730827
-42.921792 -64.335287 -298.492559 -5856.631319 0.912535 0.396291 0.101164 -0.293007 0.805997 -0.514311 0.285354 -0.439684 -0.851616
-35.664114 -51.875216 2896.555308 -7085.659466 0.904871 0.217790 0.365754 0.045665 0.804590 -0.592072 0.423229 -0.552451 -0.718105
-35.349077 -52.623218 21.780552 -5312.789566 0.840693 0.541365 -0.012623 -0.427704 0.649528 -0.628635 0.332122 -0.533888 -0.777598
-27.794105 -93.812333 124.255912 -5750.854849 -0.783737 -0.360902 -0.505476 -0.047176 0.846090 -0.530949 0.619298 -0.392278 -0.680138
-19.521229 -90.281661 4496.655536 -9498.835824 -0.848544 -0.248694 -0.467037 0.070420 0.821730 -0.565509 0.524417 -0.512748 -0.679762
-14.375216 -94.598108 7899.272272 1246.696928 -0.872084 -0.233025 -0.430313 -0.055185 0.920566 -0.386670 0.486235 -0.313461 -0.815670
-27.471309 -89.790104 -226.174295 -13450.958467 -0.795621 -0.358659 -0.488212 0.080528 0.736136 -0.672026 0.600418 -0.573993 -0.556803
6.217751 -15.305925 912.337402 974.555566 0.937698 -0.309723 -0.157460 0.347444 0.832991 0.430591 0.002201 0.458473 -0.888706
4.453920 -12.099949 -1073.091255 -787.516841 0.994245 -0.065552 -0.084729 0.098110 0.874787 0.474470 -0.043017 0.480052 -0.876185
6.699779 -12.958219 -3077.057573 1456.026826 0.897459 -0.367634 -0.243747 0.438708 0.801389 0.406586 -0.045861 0.471828 -0.880497
9.610205 -17.391625 1183.090772 2448.528956 0.852995 -0.469298 -0.228383 0.521873 0.772711 0.361339 -0.006898 0.427407 -0.904033
-4.335963 -17.553808 -830.511097 1009.603328 -0.245063 -0.626360 -0.740012 0.954304 -0.290485 -0.070156 -0.171020 -0.723389 0.668925
-4.617896 -26.255197 -1056.838711 4588.804296 -0.013592 -0.684696 -0.728702 0.978820 -0.157992 0.130193 -0.204272 -0.711499 0.672341
-8.078391 -21.734010 -2185.324641 1508.523736 -0.234402 -0.626859 -0.743037 0.958224 -0.277848 -0.067882 -0.163899 -0.727907 0.665799
-4.934549 -18.189181 -1228.847249 -1250.081037 -0.519609 -0.514817 -0.681887 0.844172 -0.432483 -0.316753 -0.131835 -0.740217 0.659317
-6.095089 -43.270107 -466.038909 -297.935779 -0.618970 -0.372374 -0.691530 -0.063874 0.901414 -0.428220 0.782813 -0.220884 -0.581734
-7.084472 -46.393860 60.316991 -3623.666219 -0.634586 -0.356839 -0.685541 0.039196 0.871026 -0.489671 0.771858 -0.337609 -0.538754
-7.077105 -43.660417 -460.776169 127.984317 -0.633532 -0.372749 -0.678009 -0.087332 0.905152 -0.416021 0.768772 -0.204350 -0.605995
-7.116052 -46.580171 -386.031397 -4992.322892 -0.616123 -0.374284 -0.693040 0.060150 0.854955 -0.515203 0.785350 -0.359115 -0.504244
-7.277232 -50.784040 -723.748018 2684.432653 -0.625178 -0.349312 -0.697950 -0.150172 0.931382 -0.331626 0.765899 -0.102512 -0.634736
-5.736992 -43.909836 176.342349 -2220.535256 -0.614688 -0.342905 -0.710334 -0.003962 0.901890 -0.431948 0.788760 -0.262699 -0.555739
-6.888220 -51.126076 -373.620649 1968.122756 -0.617930 -0.329648 -0.713789 -0.127771 0.937895 -0.322534 0.775782 -0.108101 -0.621672
2.795818 -49.869021 410.208999 1076.831752 0.764713 0.019072 0.644089 -0.537284 -0.532935 0.653686 -0.355724 0.845941 0.397296
2.888176 -51.575906 204.986775 726.156300 0.756584 0.015595 0.653711 -0.586313 -0.426445 0.688754 -0.289512 0.904379 0.313498
1.648649 -48.959141 330.920166 849.834901 0.761467 0.015789 0.648011 -0.552698 -0.506495 0.661807 -0.338663 0.862099 0.376953
1.658012 -49.059115 563.045302 -143.852348 0.776613 0.030727 0.629228 -0.487548 -0.603223 0.631204 -0.398960 0.796981 0.453490
-0.785120 -48.717708 845.253069 1276.277193 0.761993 -0.000169 0.647585 -0.560646 -0.500652 0.659563 -0.324103 0.865649 0.381588
0.369919 -47.960524 624.931254 363.934951 0.771235 0.016584 0.636335 -0.509269 -0.583661 0.632443 -0.381892 0.811828 0.441694
-4.181446 -91.742170 -165.495605 -5482.937416 -0.547907 -0.127321 -0.826793 -0.098830 0.991280 -0.087158 0.830681 0.033958 -0.555713
-3.255109 -83.476676 -365.040461 -4248.377369 -0.545605 -0.142290 -0.825875 -0.023187 0.987666 -0.154847 0.837722 -0.065335 -0.542175
-1.484451 -90.430698 719.157290 -978.169668 -0.573795 -0.140846 -0.806797 -0.208261 0.977813 -0.022586 0.792077 0.155065 -0.590397
-1.079895 -100.036023 2406.410694 -1003.202318 -0.613169 -0.124603 -0.780063 -0.382301 0.910946 0.154999 0.691281 0.393259 -0.606199
-3.761143 -98.629455 2055.114342 -5472.801555 -0.590094 -0.133703 -0.796186 -0.255505 0.966428 0.027076 0.765837 0.219407 -0.604446
1.326590 -95.472021 -514.443042 -362.230011 -0.557407 -0.095019 -0.824784 -0.312812 0.944255 0.102622 0.769055 0.315204 -0.556058
1.147849 -89.682714 977.856453 -1464.587357 -0.579962 -0.118371 -0.805998 -0.146099 0.988459 -0.040041 0.801436 0.094533 -0.590563
-4.063463 -106.137990 2548.608381 -530.695560 0.743231 0.164787 0.648424 -0.261942 0.963493 0.055384 -0.615625 -0.211012 0.759263
-7.214480 -101.449432 1358.555284 2591.060051 0.717510 0.181474 0.672493 -0.357694 0.924437 0.132177 -0.597690 -0.335385 0.728205
-4.554396 -109.172687 1408.171873 3997.873596 0.725124 0.197975 0.659547 -0.407322 0.895571 0.178999 -0.555234 -0.398445 0.730039
-15.800982 -95.800080 -1986.341179 4550.768497 0.473889 0.040667 0.879645 -0.544467 0.798634 0.256398 -0.692087 -0.600442 0.400606
-16.922800 -97.617453 846.352357 -4381.586944 -0.499739 -0.073971 -0.863011 0.601088 -0.747004 -0.284041 -0.623662 -0.660692 0.417771
-16.100750 -91.048634 -750.762634 2321.429182 0.502865 0.070344 0.861498 -0.449174 0.872807 0.190920 -0.738492 -0.482969 0.470500
-17.264829 -93.139895 952.044027 2789.828724 0.545983 0.126278 0.828225 -0.552051 0.797835 0.242280 -0.630192 -0.589503 0.505316
-14.284592 -89.388185 -1682.542044 719.830452 0.458040 0.042704 0.887905 -0.405002 0.899179 0.165680 -0.791311 -0.435492 0.429155
-14.732697 -87.016663 -2142.193714 -781.515082 0.472818 0.060266 0.879097 -0.319656 0.941429 0.107386 -0.821135 -0.331783 0.464389
-17.479797 -88.351156 243.845825 215.762969 0.547044 0.117251 0.828852 -0.404626 0.903826 0.139197 -0.732817 -0.411522 0.541876
-16.521206 -88.502361 -103.514536 -451.906819 0.519941 0.089537 0.849497 -0.304122 0.948730 0.086144 -0.798230 -0.303140 0.520514
82.814525 -146.625273 -30633.911317 -33831.827293 0.772672 0.081854 -0.629506 0.523775 -0.642481 0.559354 0.358661 0.761917 0.539300
707.821080 -88.609297 -221138.884650 -13358.337237 0.804454 0.007342 -0.593970 0.493135 -0.565720 0.660893 0.331169 0.824565 0.458716
1250.504317 -143.663665 -437878.353830 -19227.342144 0.848539 -0.160652 -0.504156 0.304141 -0.631590 0.713156 0.432990 0.758475 0.487068
2.422884 -125.104445 -196.957659 -9124.119187 0.699727 0.063027 -0.711625 -0.683977 0.346738 -0.641832 -0.206294 -0.935842 -0.285731
1.960924 -134.633660 1387.776390 10039.496205 0.683790 0.098181 -0.723043 0.720135 -0.250544 0.647019 -0.117629 -0.963114 -0.242023
1.621419 -109.053769 799.141333 8847.081187 0.681796 0.086761 -0.726379 0.726836 -0.192794 0.659197 -0.082849 -0.977396 -0.194507
1.329927 -107.600905 -338.371953 6983.710224 0.694761 0.071456 -0.715683 0.718509 -0.113838 0.686138 -0.032443 -0.990926 -0.130432
-15.565971 -93.976398 1175.351084 378.954267 0.680336 0.186387 0.708804 -0.391275 0.910134 0.136233 -0.619714 -0.370022 0.692126
-17.335549 -94.275297 1149.984552 2431.501066 0.656627 0.185812 0.730969 -0.502741 0.830294 0.240550 -0.562222 -0.525439 0.638608
-13.094112 -97.813548 2061.192330 -3498.062018 0.682811 0.212751 0.698932 0.513900 -0.819852 -0.252488 -0.519303 -0.531583 0.669137
-9.074708 -110.497776 2602.631159 -4775.314957 0.689873 0.237450 0.683881 0.598218 -0.718990 -0.353820 -0.407689 -0.653200 0.638059
-9.718780 -103.140008 2139.428646 3103.894583 0.708396 0.204312 0.675598 -0.439271 0.876841 0.195425 -0.552464 -0.435209 0.710898
-13.793890 -97.005675 -63.274230 -1528.702014 0.574432 0.114314 0.810531 0.186564 0.945854 -0.265620 -0.797008 0.303796 0.522002
-14.654747 -97.489633 -112.265588 -608.528807 0.607999 0.125795 0.783909 0.180047 0.939797 -0.290455 -0.773253 0.317737 0.548747
-12.854725 -104.539011 -280.712870 -3688.846240 0.588445 0.117592 0.799940 0.335902 0.864392 -0.374160 -0.735460 0.488874 0.469148
-14.133404 -111.328612 -201.503009 -4656.354062 0.620691 0.103454 0.777200 0.418956 0.794114 -0.440294 -0.662736 0.598899 0.449557
-11.662753 -109.092876 167.991696 3552.436344 0.590595 0.094959 0.801361 -0.513894 -0.721397 0.464219 -0.622182 0.685980 0.377254
-11.084361 -102.414257 -331.538479 -3130.311129 0.562620 0.111577 0.819152 0.442436 0.796376 -0.412354 -0.698362 0.594421 0.398691
-12.457901 -29.684339 -3211.833339 -2468.080852 -0.594393 0.278905 -0.754260 -0.293491 0.798001 0.526363 0.748706 0.534235 -0.392470
-6.549905 -29.260996 -2000.292320 -3831.527662 -0.605411 0.339962 -0.719655 -0.248421 0.778305 0.576653 0.756151 0.527889 -0.386740
-5.261791 -23.151017 -3767.088744 -1220.333436 -0.610469 0.405124 -0.680590 -0.166439 0.774484 0.610305 0.774355 0.485849 -0.405371
-121.585328 -2964.724746 -24783.522939 848175.042280 0.838133 -0.362275 -0.407786 0.219494 0.908391 -0.355876 0.499354 0.208765 0.840870
7670.981991 1142.628279 13486930.682091 178518.874714 0.652964 0.429248 0.624007 0.738102 -0.545389 -0.397186 0.169835 0.719929 -0.672948
18.663309 -1983.485282 -10136.148561 751188.976475 0.801825 -0.189914 -0.566576 0.351661 0.916550 0.190451 0.483126 -0.351951 0.801698
22.731723 -2052.589823 -8054.404974 788812.061648 0.884264 -0.179813 -0.430981 -0.466105 -0.396542 -0.790886 0.028691 -0.900234 0.434460
-9.526851 -3099.021398 -19687.848142 -466929.960400 0.803422 -0.166164 -0.571754 0.340209 0.916189 0.211793 0.488642 -0.364675 0.792617
-25.675919 -36.277745 -4978.981401 688.785385 0.812526 -0.573826 -0.102593 -0.431026 -0.472931 -0.768474 -0.392451 -0.668626 0.631602
-19.553488 -34.436661 -5844.055816 569.672344 0.759154 -0.636690 -0.135320 -0.472621 -0.396225 -0.787169 -0.447566 -0.661538 0.601708
-27.125140 -34.869034 -3643.218543 -256.803987 0.871299 -0.489310 0.037593 -0.251912 -0.511680 -0.821416 -0.421163 -0.706229 0.569089
-12.315214 -113.962577 444.519806 502.974935 -0.502058 -0.018595 -0.864634 0.845748 -0.219437 -0.486373 -0.180688 -0.975450 0.125896
-10.661566 -108.122201 526.530114 3775.700807 -0.516004 -0.013576 -0.856479 0.855518 0.041747 -0.516087 0.042762 -0.999036 -0.009927
-15.565424 -111.980021 2248.020162 868.104530 -0.510286 -0.000819 -0.860005 0.839479 -0.217650 -0.497899 -0.186772 -0.976027 0.111751
-13.040040 -111.068794 1038.073871 -2561.686998 -0.479902 -0.011869 -0.877242 0.789262 -0.442461 -0.425786 -0.383091 -0.896709 0.221706
-15.915501 -109.085158 1635.879030 -2847.447174 -0.493789 -0.023472 -0.869265 0.780547 -0.452588 -0.431172 -0.383298 -0.891411 0.241804
28.263954 -27.014251 -10621.536349 -730.063181 0.910413 0.333486 0.244815 -0.413180 0.762627 0.497677 0.020734 0.554245 -0.832095
45.179712 -39.447040 -8291.089925 -3891.390706 0.849582 0.339073 0.404030 -0.508950 0.728113 0.459153 0.138493 0.595719 -0.791163
25.878997 -22.709009 -6923.274379 -2572.839906 0.817910 0.458276 0.347859 -0.575071 0.669858 0.469662 0.017781 0.584186 -0.811425
-21.323271 -572.373062 -7113.161378 15029.708821 0.922799 0.273927 -0.270935 0.294125 -0.046642 0.954628 -0.248862 0.960619 0.123610
-33.692766 -626.134113 -3411.616249 192567.480969 0.959503 0.155852 -0.234656 0.281601 -0.508866 0.813484 -0.007374 0.846620 0.532147
-41.523781 -674.860514 -5757.235316 -11008.334058 0.916407 0.206601 -0.342804 0.348009 0.011770 0.937417 -0.197706 0.978355 0.061113
-12.722861 -903.669940 -9754.033429 -191495.928976 0.921904 0.257010 -0.289895 0.173212 0.395887 0.901815 -0.346542 0.881600 -0.320453
-41.844450 -65.077713 -273.763292 61.085529 -0.273339 -0.374357 0.886083 0.490284 0.738308 0.463167 -0.827591 0.561034 -0.018267
-42.996537 -65.873049 -168.181228 557.181636 -0.273880 -0.350262 0.895715 0.614758 0.652472 0.443117 -0.739637 0.672009 0.036628
-42.994805 -65.128646 1151.499078 19.998414 -0.342073 -0.309887 0.887105 0.523118 0.721439 0.453733 -0.780598 0.619271 -0.084678
-41.323930 -63.543181 378.935403 -266.410684 -0.277778 -0.335333 0.900217 0.381106 0.821731 0.423694 -0.881815 0.460771 -0.100461
-42.532274 -63.871585 -843.903105 -1799.391167 -0.218024 -0.436714 0.872781 0.343548 0.802711 0.487473 -0.913477 0.406122 -0.024978
-43.344730 -65.085042 512.288632 -213.468416 -0.346728 -0.269220 0.898499 0.433074 0.803754 0.407953 -0.832001 0.530566 -0.162092
-45.959092 -73.538355 -5106.349603 944.023451 0.846133 0.299385 0.440940 -0.392625 0.909615 0.135819 -0.360423 -0.288045 0.887201
-41.983529 -68.388426 -2680.189383 -452.955982 0.863414 0.113015 0.491675 -0.181733 0.978831 0.094144 -0.470627 -0.170639 0.865675
-40.996075 -71.115575 -2355.914246 1823.198411 0.800057 0.310175 0.513517 -0.439508 0.885661 0.149793 -0.408340 -0.345538 0.844904
10.040982 -14.745231 -613.597456 818.586730 0.688279 0.563201 0.457250 0.725311 -0.522059 -0.448752 -0.014026 0.640515 -0.767817
5.883133 -9.739238 1176.319667 -638.923783 0.755029 0.519832 0.399633 -0.655633 0.590383 0.470737 -0.008767 0.617432 -0.786575
8.358445 -14.215734 -2416.857275 -1070.236482 0.835671 0.442885 0.324818 -0.549230 0.673909 0.494158 0.000043 0.591354 -0.806412
-10.832299 -57.905435 1813.399834 -6887.194861 0.804038 0.583624 -0.113608 0.404696 -0.397197 0.823684 -0.435597 0.708250 0.555552
-15.321830 -61.182525 2342.946851 -7553.861336 0.790776 0.604805 -0.094258 0.392099 -0.382261 0.836741 -0.470034 0.698632 0.539426
-10.731821 -57.844053 1557.849762 -297.564858 0.810755 0.578643 -0.088592 0.458927 -0.534337 0.709838 -0.363405 0.616162 0.698771
-5.539636 -54.707139 2984.510740 -6753.562091 0.809704 0.572146 -0.130492 0.419402 -0.408658 0.810618 -0.410465 0.711089 0.570851
-4.911942 -55.766441 2205.311583 -1247.164856 0.806620 0.572681 -0.146288 0.496618 -0.522428 0.693137 -0.320522 0.631748 0.705805
-6.858787 -58.542972 1165.257641 5121.506250 0.807199 0.578723 -0.116229 0.533525 -0.631060 0.563129 -0.252549 0.516568 0.818155
-13.273348 -60.390196 94.145869 6740.951155 0.815095 0.577560 -0.045222 0.488093 -0.642586 0.590635 -0.312068 0.503496 0.805671
-9.907329 -59.532920 763.120317 6745.085004 0.824794 0.561884 -0.063255 0.488838 -0.652368 0.579184 -0.284168 0.508629 0.812739
-8.363786 -54.612643 -3781.944473 2070.605652 0.705129 0.706989 0.054399 -0.136367 0.210493 -0.968038 0.695843 -0.675174 -0.244834
-14.509310 -63.743208 -3252.780906 2818.385998 0.690441 0.723133 0.019242 -0.061614 0.085290 -0.994449 0.720760 -0.685423 -0.103442
-5.166755 -59.691706 -4009.572040 3667.556085 0.697563 0.716228 0.020601 -0.097685 0.123544 -0.987519 0.709834 -0.686844 -0.156145
-17.971283 -59.341263 -4045.131053 41.176760 0.696477 0.716509 0.039168 -0.092830 0.144091 -0.985201 0.711549 -0.682534 -0.166870
-13.832087 -53.934298 -1698.840676 2483.844663 0.676404 0.734021 0.060760 -0.160929 0.227789 -0.960320 0.718735 -0.639786 -0.272202
-0.458072 -48.570749 -5230.675679 3381.154293 0.702700 0.702875 0.110358 -0.227784 0.369192 -0.901006 0.674038 -0.607999 -0.419535
13.777619 -103.993424 1856.364849 -2708.902722 0.870599 0.474131 0.131367 -0.424424 0.858814 -0.286885 -0.248841 0.194006 0.948915
-1.822398 -98.980883 -1007.716060 1470.815614 0.870661 0.445554 0.208401 -0.282646 0.799924 -0.529370 -0.402568 0.401998 0.822397
4.545647 -97.504432 1198.881186 -3906.720102 0.841114 0.529701 0.109289 0.386784 -0.730340 0.563029 -0.378056 0.431301 0.819179
12.247545 -100.517849 1483.167675 -3848.492672 0.815310 0.574930 0.068738 -0.523595 0.782733 -0.336418 -0.247220 0.238294 0.939201
19.607171 -101.582103 5389.640698 -3710.885126 0.818869 0.570444 0.063615 -0.555869 0.815767 -0.159792 -0.143047 0.095487 0.985099
-12.610187 -99.849244 -0.131056 3620.346770 0.936105 -0.185206 0.299010 0.194809 0.980838 -0.002355 -0.292845 0.060454 0.954247
-8.698933 -97.142251 842.512661 4544.153643 0.951372 -0.158788 0.263964 0.188159 0.978022 -0.089827 -0.243899 0.135126 0.960341
-8.714801 -93.078415 749.018019 -2712.553751 0.940449 -0.193030 0.279813 -0.257733 -0.941611 0.216662 -0.221653 0.275876 0.935287
-11.176892 -104.788334 527.978154 3082.964272 0.947666 -0.155521 0.278822 0.121231 0.983212 0.136373 -0.295350 -0.095435 0.950611
-11.251753 -90.048382 192.839872 -3745.590273 0.932883 -0.205548 0.295769 -0.268623 -0.944087 0.191157 -0.239939 0.257778 0.935938
-15.228164 -108.755440 -74.105977 2538.210936 0.936201 -0.173576 0.305613 0.101199 0.965843 0.238552 -0.336581 -0.192405 0.921788
7.436106 -59.617148 1298.741727 530.505799 0.657687 0.751496 -0.051977 0.182369 -0.225791 -0.956953 0.730882 -0.619897 0.285549
8.509873 -61.393737 903.920134 -2094.851560 0.666739 0.743269 -0.054868 0.152431 -0.208059 -0.966166 0.729536 -0.635817 0.252018
1.260277 -58.240287 -730.901042 2690.412169 0.677596 0.732968 -0.060169 0.184530 -0.248644 -0.950855 0.711907 -0.633193 0.303735
-1.548999 -136.302090 1226.615899 5781.742036 -0.137379 0.976969 0.163275 0.281976 0.196591 -0.939064 0.949535 0.082968 0.302489
-0.779029 -145.361999 1571.619133 3830.876591 -0.150832 0.973897 0.169629 0.180118 0.195794 -0.963962 0.972012 0.114843 0.204949
-0.873949 -158.511261 2407.629504 7842.845624 -0.150275 0.976847 0.152275 0.446427 0.204474 -0.871145 0.882111 0.062932 0.466818
-1.380709 -127.270250 1144.072539 5921.082796 -0.132785 0.973369 0.186869 0.011004 0.189975 -0.981727 0.991084 0.128303 0.035936
-16.168216 -104.638053 1683.372638 2235.347206 0.885272 -0.287320 0.365707 0.153636 0.922867 0.353147 -0.438965 -0.256446 0.861130
-17.980584 -107.453116 1241.411757 -2675.677273 0.891455 -0.277399 0.358271 0.055196 0.851288 0.521788 -0.449735 -0.445375 0.774196
-16.493592 -109.282399 232.899774 1544.738363 0.895426 -0.247245 0.370245 0.152921 0.951827 0.265784 -0.418123 -0.181371 0.890100
-14.621468 -102.445647 642.433831 2799.746391 0.881771 -0.273665 0.384170 0.225000 0.959881 0.167342 -0.414553 -0.061119 0.907970
-16.696988 -106.267268 -904.207876 3369.482328 0.847902 -0.312329 0.428385 0.195821 0.935405 0.294401 -0.492663 -0.165737 0.854292
23.266195 -32.119432 -171.402309 368.360857 -0.583712 0.665503 0.465173 0.792930 0.590520 0.150160 -0.174763 0.456500 -0.872391
19.884451 -26.337422 3034.390551 -337.335314 -0.634308 0.599085 0.488621 0.756696 0.610564 0.233715 -0.158319 0.517985 -0.840611
28.155963 -24.022085 -437.270766 780.332593 -0.384879 0.742645 0.548039 0.889188 0.457520 0.004479 -0.247412 0.489033 -0.836441
13.945466 -19.884955 1908.127609 639.543814 -0.559496 0.637201 0.530037 0.813721 0.543855 0.205134 -0.157552 0.546073 -0.822789
-9.130612 -192.718171 -1139.688918 13973.145359 -0.162665 0.894933 0.415493 0.695086 -0.194933 0.691994 -0.700282 -0.401367 0.590347
-8.544833 -194.385967 1368.206476 14040.869527 -0.119225 0.917027 0.380588 0.729470 -0.179133 0.660140 -0.673542 -0.356333 0.647586
-7.824929 -189.875165 805.201556 13337.033717 -0.124218 0.902485 0.412420 0.515547 -0.296433 0.803952 -0.847810 -0.312487 0.428451
-4.459321 -43.697893 1775.373625 237.913328 -0.221996 0.974758 0.023754 0.605256 0.118662 0.787137 -0.764449 -0.189118 0.616321
2.708899 -46.227111 -286.779423 -203.902244 -0.256964 0.966351 0.011597 0.661430 0.167108 0.731154 -0.704613 -0.195551 0.682114
2.655771 -47.742994 1356.437270 -1212.884230 -0.188639 0.980090 0.061954 0.617598 0.069348 0.783430 -0.763536 -0.186048 0.618384
1.047375 -45.798355 1357.896135 -121.540436 -0.147355 0.982348 0.115235 0.560448 -0.013071 0.828086 -0.814975 -0.186606 0.548629
-12.437105 -41.158704 3885.167587 1254.745884 -0.204921 0.978525 0.022292 0.554085 0.097201 0.826766 -0.806844 -0.181774 0.562104
-10.399659 -40.237801 3043.564822 420.000256 -0.326074 0.935417 -0.136642 0.590997 0.314524 0.742831 -0.737834 -0.161463 0.655386
-259.681847 -2733.942218 -81076.744526 -17451.469897 0.246786 0.940385 0.234036 0.622445 -0.338922 0.705474 -0.742737 0.028427 0.668979
-324.189393 -3201.016348 -157172.542351 -671193.924468 0.203466 0.853474 0.479774 -0.585318 -0.286785 0.758391 -0.784859 0.435127 -0.441203
28.784232 -2360.707373 -120850.888768 558284.617349 0.247255 0.860727 0.444988 0.555690 -0.502181 0.662588 -0.793772 -0.083448 0.602464
-238.092973 -2268.961372 89307.848779 -741570.681240 -0.192877 -0.897674 -0.396208 0.953710 -0.076557 -0.290821 0.230730 -0.433960 0.870886
-246.383174 -715.672998 36938.200975 -198044.550638 -0.172572 -0.217168 0.960759 0.890178 0.383168 0.246505 -0.421665 0.897786 0.127194
405.091581 -2412.698976 -119876.294815 -1114198.953125 -0.420770 -0.797142 0.433032 0.906996 -0.378954 0.183719 0.017649 0.470062 0.882457
-121.391826 -349.552879 -40292.666368 -165480.756408 0.844343 0.268674 -0.463572 0.450796 0.111414 0.885647 -0.289599 0.956766 0.027045
-156.514834 -2579.570998 -12373.432127 -1191901.877726 0.199293 0.031419 -0.979436 -0.555795 0.826800 -0.086569 0.807078 0.561618 0.182238
-98.797924 -1097.126425 40170.387582 -620242.439024 0.494476 0.758548 0.424381 0.862857 -0.369548 -0.344837 -0.104746 0.536693 -0.837251
-98.943244 -418.898742 8257.869403 -26114.664422 -0.652839 -0.143968 0.743690 0.667492 0.354827 0.654639 -0.358128 0.923781 -0.135548
-85.141084 -580.896493 15521.990659 -192579.219649 -0.542319 -0.088477 0.835501 0.794886 0.268047 0.544341 -0.272115 0.959334 -0.075038
16.997227 -460.766901 -22850.330374 -133588.974108 -0.456036 -0.136653 0.879407 0.753955 0.465687 0.463344 -0.472845 0.874335 -0.109340
-13.260545 -566.356692 -7063.990318 -176752.025908 0.885913 0.434245 -0.163061 -0.273334 0.204703 -0.939886 0.374762 -0.877227 -0.300043
1.492517 -292.030826 -11034.745924 -43247.190155 0.877943 0.389931 -0.277796 -0.448818 0.468318 -0.761079 0.166671 -0.792863 -0.586164
-18.767788 -538.273846 -11150.990941 -135704.887317 0.884949 0.387376 -0.258468 -0.449246 0.563958 -0.692913 0.122653 -0.729309 -0.673101
5.500461 -336.499698 -9827.942550 -101622.726387 0.866922 0.438852 -0.236337 -0.305550 0.093280 -0.947596 0.393809 -0.893705 -0.214958
-11.636455 -197.390741 -6605.363241 -58055.761833 0.819468 0.494227 -0.290193 -0.250933 -0.145825 -0.956957 0.515272 -0.857015 -0.004519
-57.457177 -96.158735 -53.040153 -9465.025248 -0.860826 0.271854 -0.430202 0.328032 0.942717 -0.060662 0.389067 -0.193340 -0.900692
-35.989169 -103.902346 -4193.097812 -20415.874361 -0.823549 0.232510 -0.517403 0.375588 0.907058 -0.190211 0.425088 -0.350978 -0.834335
-23.325748 -73.672772 -1256.404508 -13501.700782 0.833457 0.346771 0.430232 0.104735 0.665335 -0.739161 0.542568 -0.661119 -0.518210
3.279739 -19.988594 -77.207822 1192.233180 0.853504 0.483000 0.195555 -0.517171 0.739261 0.431308 -0.063755 0.469259 -0.880756
4.093913 -28.521486 -175.560229 1858.696286 0.790517 0.562684 0.241806 -0.612164 0.714107 0.339569 -0.018395 0.416460 -0.908968
4.155659 -24.045167 109.025004 2063.050676 0.736646 0.616994 0.276896 -0.675961 0.659210 0.329421 -0.020718 0.429838 -0.902668
7.300452 -34.868002 -182.291157 3379.178009 0.723115 0.630643 0.281770 -0.690126 0.676660 0.256625 0.028824 0.380026 -0.924527
2.378015 -15.350426 -23.462761 1616.816594 0.834869 0.509484 0.208375 -0.546206 0.719870 0.428307 -0.068212 0.471396 -0.879280
5.930863 -31.514878 303.057361 -3988.973580 0.664467 0.675528 0.319601 0.746917 -0.614319 -0.254416 0.024472 0.407766 -0.912758
1.906346 -17.640259 526.281231 -2933.149484 0.704632 0.645424 0.294825 0.708616 -0.618491 -0.339605 -0.036842 0.448215 -0.893167
-2.426669 -25.756620 -108.024202 4676.970684 0.054355 -0.691935 -0.719911 0.973806 -0.122686 0.191444 -0.220790 -0.711459 0.667142
-0.673299 -38.578972 -420.031842 8324.178196 0.094908 -0.701203 -0.706617 0.962243 -0.117284 0.245628 -0.255110 -0.703249 0.663596
-5.044013 -37.276582 -1689.880723 7661.179475 0.012282 -0.693784 -0.720078 0.969870 -0.166966 0.177412 -0.243315 -0.700561 0.670830
-9.224653 -32.790648 -2129.307501 5203.187855 -0.058966 -0.666172 -0.743464 0.977299 -0.190343 0.093042 -0.203495 -0.721100 0.662272
-8.346051 -45.505947 278.229463 -3780.627296 -0.652779 -0.353982 -0.669758 0.016792 0.877135 -0.479951 0.757362 -0.324549 -0.566631
-7.078647 -47.099680 252.909443 -306.984223 -0.647142 -0.358317 -0.672916 0.056999 0.857453 -0.511396 0.760235 -0.369301 -0.534470
-6.361388 -47.956056 -498.206485 772.217980 -0.619051 -0.376401 -0.689274 0.079282 0.843228 -0.531678 0.781339 -0.383782 -0.492159
3.639390 -51.638199 109.450012 984.652731 0.754193 0.027295 0.656085 -0.566107 -0.479254 0.670699 -0.332739 0.877251 0.345998
3.871226 -53.478393 319.378729 649.060294 0.748553 0.021245 0.662735 -0.612330 -0.361326 0.703204 -0.254403 0.932198 0.257462
-4.585746 -77.331883 -567.977526 -4136.039768 -0.542597 -0.141246 -0.828033 0.084936 0.971483 -0.221373 0.835688 -0.190446 -0.515127
-3.370919 -74.567640 439.372608 -4422.536663 -0.553524 -0.127647 -0.822993 0.147895 0.957413 -0.247966 0.819597 -0.258972 -0.511072
-11.262742 -109.176136 3801.089755 -2164.479969 0.751666 0.094244 0.652776 0.095436 0.963780 -0.249039 -0.652603 0.249492 0.715446
-13.150439 -98.525875 1069.318460 -2878.662455 0.706046 0.132724 0.695617 -0.001009 0.982468 -0.186431 -0.708165 0.130926 0.693801
-10.528947 -102.670837 2748.657350 -2674.159700 0.741082 0.130986 0.658513 -0.094890 0.991374 -0.090408 -0.664675 0.004514 0.747119
-15.250747 -102.851140 1297.989635 -4903.724213 -0.477614 -0.029884 -0.878061 0.673724 -0.653922 -0.344211 -0.563897 -0.755972 0.332456
-16.253249 -103.468469 272.306197 -3169.318515 -0.520081 -0.083449 -0.850031 0.727989 -0.563813 -0.390061 -0.446708 -0.821676 0.353978
-18.269545 -95.828255 -915.763851 -4151.409279 -0.531539 -0.108914 -0.840002 0.634389 -0.708310 -0.309592 -0.561263 -0.697449 0.445588
63.989634 -70.954064 6459.125447 6106.369373 -0.532016 -0.416861 -0.737011 0.246564 0.756426 -0.605826 0.810040 -0.504030 -0.299648
104.763064 -87.816211 18314.916460 10427.296131 -0.417373 -0.377265 -0.826723 0.223625 0.839135 -0.495826 0.880791 -0.391820 -0.265867
80.432810 -60.300814 12224.047455 8453.718539 -0.579368 -0.498447 -0.644890 0.020685 0.781965 -0.622979 0.814804 -0.374274 -0.442735
65.656086 -84.203638 8413.339954 2881.202676 -0.461992 -0.360025 -0.810522 0.401090 0.730284 -0.553003 0.791006 -0.580575 -0.192983
50.336174 -51.547337 5116.332167 6097.427931 -0.665397 -0.457702 -0.589708 0.099053 0.728854 -0.677466 0.739889 -0.509196 -0.439640
0.224511 -108.316895 1457.101661 7206.868994 0.669569 0.108399 -0.734797 0.741706 -0.045148 0.669204 0.039367 -0.993082 -0.110630
5.508282 -148.631163 599.730688 -9509.435035 0.692045 0.041922 -0.720636 -0.651824 0.465239 -0.598898 -0.310161 -0.884192 -0.349292
4.772005 -136.981103 103.071035 10439.630177 0.665795 0.046243 -0.744700 0.736103 -0.203824 0.645452 -0.121940 -0.977915 -0.169745
0.383138 -120.776364 547.188701 2112.652042 0.642890 0.084699 -0.761261 0.762715 0.020579 0.646407 0.070416 -0.996194 -0.051371
-18.435261 -90.648391 1575.749199 323.962443 0.655286 0.182048 0.733116 -0.387404 0.914162 0.119270 -0.648474 -0.362168 0.669564
-17.696854 -90.991200 116.159796 362.994877 0.626436 0.166823 0.761412 -0.417322 0.896815 0.146854 -0.658347 -0.409748 0.631415
-16.769009 -96.102326 -236.744992 -824.340409 0.644220 0.141254 0.751684 0.045658 0.973943 -0.222151 -0.763476 0.177434 0.620984
-15.461798 -103.315607 218.985159 -2375.987321 0.644939 0.114393 0.755625 0.241004 0.907840 -0.343138 -0.725239 0.403411 0.557932
-1.983394 -170.516193 1576.359257 -4733.580338 0.565831 0.054325 -0.822730 0.157654 0.972289 0.172627 0.809309 -0.227385 0.541586
-4.353743 -163.522587 1135.665257 -7409.792555 0.580721 0.053440 -0.812347 0.391257 0.856729 0.336056 0.713920 -0.512991 0.476612
-1.613899 -165.340642 1460.960911 -4465.044404 0.572093 0.070259 -0.817174 0.369171 0.867635 0.333049 0.732409 -0.492212 0.470430
-19.388550 -39.864369 2826.235425 -2797.328856 0.638741 -0.244059 0.729688 -0.396014 0.708821 0.583734 0.659684 0.661822 -0.356103
-12.600895 -37.560869 -1609.486137 -4149.423477 -0.602180 0.253455 -0.757060 -0.355282 0.764122 0.538417 0.714950 0.593194 -0.370091
-19.903142 -34.575710 -3430.721634 -2885.170821 -0.609388 0.212377 -0.763899 -0.368161 0.777501 0.509853 0.702213 0.591936 -0.395611
-24.909485 -37.739190 2871.285688 -2536.941995 0.671297 -0.210268 0.710737 -0.375993 0.729766 0.571026 0.638740 0.650561 -0.410831
-19.361313 -29.069773 -3481.349121 -1067.468679 -0.623336 0.259464 -0.737652 -0.292441 0.797537 0.527649 0.725210 0.544622 -0.421255
-26.592376 -33.421711 -2509.484706 -1965.361890 -0.664438 0.182162 -0.724803 -0.344992 0.785559 0.513690 0.662951 0.591366 -0.459111
314.217545 -9772.608194 -580155.989130 10204462.471537 0.900798 -0.235477 -0.364847 -0.041339 0.789882 -0.611864 -0.432266 -0.566248 -0.701790
-211.232519 -4216.856535 -60868.016425 1129732.651555 0.908822 -0.075351 -0.410324 -0.298226 0.570431 -0.765291 -0.291727 -0.817882 -0.495949
449.579623 -8448.092905 -211439.222859 3113361.360129 0.940078 -0.134125 -0.313471 -0.236989 0.403949 -0.883550 -0.245133 -0.904895 -0.347958
-9.945597 -28.971889 3912.932189 4067.089159 -0.680254 0.726617 -0.096343 0.303490 0.398861 0.865335 -0.667194 -0.559409 0.491848
-9.168435 -34.354652 3352.174653 4051.258610 -0.651622 0.758094 -0.026110 0.328551 0.313098 0.891080 -0.683698 -0.572069 0.453094
-18.307529 -37.648754 2925.080301 3048.600973 -0.717922 0.675542 -0.168020 0.180735 0.413973 0.892167 -0.672252 -0.610139 0.419294
-2.754326 -30.796654 -4148.780401 200.903088 0.692228 -0.691275 -0.207267 -0.527133 -0.288164 -0.799433 -0.492901 -0.662647 0.563868
-12.746047 -31.892635 -5087.075641 293.341417 0.735452 -0.659001 -0.157572 -0.480413 -0.343157 -0.807123 -0.477822 -0.669299 0.568968
-1.109176 -31.970981 -5674.163704 692.872852 0.658787 -0.712716 -0.240908 -0.599708 -0.304143 -0.740167 -0.454258 -0.632087 0.627786
10.029900 -30.487825 -5017.983734 -17.993913 0.621490 -0.724317 -0.298520 0.632365 0.238878 0.736921 -0.462455 -0.646763 0.606493
4.887839 -29.480361 -2227.762143 -176.880008 0.655296 -0.704319 -0.272987 -0.565908 -0.218377 -0.795022 -0.500335 -0.675460 0.541681
-10.640300 -116.516744 -411.292721 658.505107 -0.490836 -0.018333 -0.871059 0.853033 -0.213502 -0.476184 -0.177243 -0.976771 0.120433
-8.808960 -113.426416 210.723617 4026.276826 -0.487294 0.015988 -0.873092 0.873191 -0.001471 -0.487376 -0.009077 -0.999871 -0.013243
34.234203 27.950003 -11156.241232 848.991392 0.057211 -0.728510 -0.682642 0.957542 -0.153480 0.244043 -0.282560 -0.667620 0.688798
36.190519 24.616208 3145.161234 7218.657871 0.009161 -0.559405 -0.828844 0.991608 -0.101808 0.079673 -0.128953 -0.822618 0.553778
28.249751 22.817593 -9124.173234 4721.908861 -0.265496 -0.670676 -0.692608 0.951332 -0.298826 -0.075309 -0.156461 -0.678894 0.717372
-20.898449 -944.055294 -1627.423273 301823.064850 0.911833 0.202494 -0.357150 0.353461 -0.829736 0.431977 0.208868 0.520130 0.828154
-40.572033 -942.242890 4136.590292 270151.480333 0.913341 0.079778 -0.399304 0.296516 -0.802396 0.517919 0.279081 0.591436 0.756516
-33.882086 -263.438564 -1781.982008 -65241.683531 0.836430 0.245589 -0.489971 -0.331320 0.938715 -0.095084 0.436591 0.241868 0.866538
-18.299813 -638.928224 -6448.279621 207028.194995 0.947822 0.222831 -0.227990 0.316988 -0.582604 0.748392 -0.033938 0.781613 0.622840
-27.203718 -243.700881 -3602.937938 -61556.440973 0.889480 0.229364 -0.395245 -0.313544 0.935527 -0.162723 0.332439 0.268666 0.904048
-13.406013 -468.625237 -5561.306530 145614.480619 0.942953 0.197505 -0.268015 0.295556 -0.867179 0.400809 0.153255 0.457158 0.876082
-42.723410 -65.535364 1194.573545 -1085.814423 -0.275933 -0.325235 0.904479 0.688950 0.589246 0.422064 -0.670231 0.739602 0.061478
-41.853977 -64.804643 1231.136473 -12.008871 -0.340971 -0.308492 0.888015 0.605821 0.650203 0.458495 -0.718832 0.694312 -0.034810
-40.458632 -82.342467 6109.888126 2262.357583 0.946077 0.287355 0.149553 0.320065 -0.900394 -0.294702 -0.049972 -0.326677 0.943814
-35.083599 -83.048655 7802.142524 -1186.718418 0.976092 0.186275 0.112011 0.197186 -0.975677 -0.095768 -0.091448 -0.115565 0.989081
-46.364490 -77.452992 -476.601899 868.290169 0.934256 0.219097 0.281359 -0.264886 0.954614 0.136191 -0.238750 -0.201765 0.949889
60.017945 -52.732453 4606.046694 -3534.346763 0.595224 0.307775 0.742282 0.799262 -0.322171 -0.507333 0.082997 0.895255 -0.437756
54.783445 -40.053813 -6160.215605 -1237.934761 0.497946 0.548258 0.671910 0.861076 -0.220603 -0.458130 -0.102948 0.806689 -0.581940
53.830616 -40.279943 -11512.296437 -3842.694219 0.647528 0.519424 0.557589 0.759213 -0.376753 -0.530709 -0.065590 0.766978 -0.638312
41.517928 -30.815226 -13134.127903 -2511.004290 0.509556 0.670595 0.539125 0.843339 -0.264950 -0.467526 -0.170679 0.692896 -0.700546
51.111845 -50.878013 -2503.771896 905.494880 0.736706 0.295994 0.607990 -0.647972 0.566132 0.509536 0.193384 0.769339 -0.608869
42.144885 -29.750744 -17338.999004 -2623.545739 0.634123 0.605477 0.480922 0.763408 -0.391406 -0.513819 -0.122870 0.692964 -0.710425
41.533302 -32.106552 -10244.010110 -93.659833 0.736202 0.511457 0.443191 -0.676357 0.533391 0.507972 -0.023412 0.673725 -0.738611
-12.037257 -57.967102 934.245139 -1659.365483 0.774867 0.620320 -0.121586 0.400098 -0.332374 0.854078 -0.489390 0.710443 0.505735
-16.204206 -59.002260 1668.174571 -3341.148797 0.770130 0.628980 -0.106224 0.364884 -0.297789 0.882146 -0.523220 0.718126 0.458841
-17.347051 -60.731379 3404.059942 -7717.923909 0.774275 0.622389 -0.114587 0.380755 -0.313516 0.869904 -0.505494 0.717175 0.479725
-7.251558 -61.542960 -4141.902612 2169.164439 0.695209 0.717838 -0.037339 -0.050320 -0.003216 -0.998728 0.717045 -0.696203 -0.033886
-13.754819 -64.689875 -2646.034067 915.496254 0.676452 0.736150 0.022293 0.055561 -0.020825 -0.998238 0.734388 -0.676498 0.054988
-11.515776 -63.954758 -6018.033031 247.093245 0.707209 0.706920 -0.010955 0.036609 -0.052090 -0.997971 0.706056 -0.705373 0.062718
-16.510892 -62.773022 -314.581362 2271.618360 0.649453 0.757785 0.063032 -0.043863 0.120089 -0.991794 0.759136 -0.641358 -0.111231
-17.733466 -85.724736 1826.060355 -7048.558137 0.927602 0.025632 0.372690 -0.234702 -0.736179 0.634788 -0.290638 0.676302 0.676865
-17.175432 -90.655930 592.369887 -6024.436427 0.930684 0.155634 0.331067 -0.096586 -0.768339 0.632713 -0.352844 0.620833 0.700049
-9.153640 -95.849550 590.102632 -1776.668644 0.929566 0.061855 0.363430 -0.123940 -0.876006 0.466103 -0.347198 0.478317 0.806639
-23.369447 -78.202050 504.642518 -9582.401639 0.928787 0.189725 0.318369 -0.150953 -0.590887 0.792506 -0.338478 0.784128 0.520169
-8.581158 -94.929098 1730.031159 -4873.824619 0.909713 -0.081334 0.407193 -0.274832 -0.853037 0.443615 -0.311270 0.515472 0.798373
-23.713852 -73.953864 1489.682089 -8056.635378 0.923280 0.033543 0.382661 -0.293342 -0.581587 0.758753 -0.248002 0.812792 0.527128
-16.818424 -84.140333 1609.341025 -7932.706836 0.896402 -0.092719 0.433435 -0.368068 -0.700551 0.611354 -0.246959 0.707553 0.662103
-6.624437 -92.919754 1682.617296 -2197.805468 0.951006 -0.182708 0.249411 -0.252143 -0.925176 0.283678 -0.178919 0.332667 0.925916
-5.915255 -107.675485 2271.364673 -4519.547007 0.965195 -0.152610 0.212388 -0.189560 -0.967716 0.166109 -0.180181 0.200588 0.962964
-7.499985 -103.935201 2382.512826 3728.322675 0.966166 -0.134260 0.220222 0.132722 0.990913 0.021834 -0.221152 0.008133 0.975205
4.536888 -59.860003 -1391.797648 -5038.174084 0.682368 0.729052 -0.053449 0.103752 -0.168965 -0.980146 0.723609 -0.663275 0.190937
2.222898 -62.809592 -2628.744362 -2442.719038 0.698201 0.713305 -0.060921 0.153178 -0.231974 -0.960585 0.699323 -0.661350 0.271227
-5.535538 -154.419880 1165.646826 9198.398489 -0.137525 0.974252 0.178659 0.414487 0.220426 -0.882957 0.899604 0.047376 0.434129
-8.489571 -173.633392 2276.787792 8490.642817 -0.157462 0.972208 0.173255 0.575691 0.232918 -0.783792 0.802363 0.023676 0.596367
-8.975834 -155.609854 2396.035366 15421.661553 -0.144880 0.971560 0.187300 0.274943 0.221373 -0.935628 0.950482 0.084057 0.299196
6.683251 -51.333777 1427.088160 -1067.505858 -0.228440 0.973380 0.018614 0.664511 0.141922 0.733678 -0.711506 -0.179971 0.679242
6.076422 -45.045905 150.118608 343.390036 -0.322114 0.944972 -0.057186 0.711761 0.281563 0.643520 -0.624210 -0.166584 0.763290
-472.756837 -3927.234417 -126898.399814 2262914.373350 0.594936 0.682030 0.425307 -0.406264 -0.201409 0.891282 -0.693542 0.703043 -0.157259
-800.700339 -4453.155320 -267105.374782 -1686878.195631 0.104052 0.846290 0.522461 0.942816 -0.251183 0.219102 0.316657 0.469787 -0.824032
-19.399490 -55.422337 -646.949438 -3509.943455 0.642724 0.658162 0.392083 -0.335029 0.701732 -0.628750 -0.688957 0.272754 0.671524
-20.493680 -55.679191 1438.788165 6629.772800 0.665920 0.691221 0.280649 0.473665 -0.682385 0.556769 -0.576361 0.237830 0.781821
-19.658635 -61.762801 1192.837638 2619.968963 0.678670 0.674734 0.290072 0.327839 -0.631737 0.702446 -0.657213 0.381632 0.649945
-19.011480 -61.617155 1076.137857 6840.925023 0.691028 0.690653 0.213256 0.455148 -0.644952 0.613903 -0.561534 0.327161 0.760030
-18.816557 -58.125571 1412.394810 1451.802462 0.697530 0.590794 0.405480 -0.121818 0.655408 -0.745386 -0.706125 0.470535 0.529136
-17.312354 -61.951549 2540.756722 -6707.398081 0.714372 0.648328 0.263333 0.178777 -0.532920 0.827064 -0.676544 0.543753 0.496609
-18.163699 -64.225094 360.931049 239.172620 0.706701 0.681433 0.190322 0.319386 -0.547294 0.773603 -0.631321 0.485920 0.604414
223.613620 -2866.770462 -27972.434728 -1825821.594281 0.452313 0.590009 -0.668807 -0.737994 0.668672 0.090787 0.500778 0.452511 0.737872
121.325334 -513.995782 -7133.952812 -169777.856536 0.614422 0.137553 -0.776894 0.187606 0.930971 0.313205 0.766348 -0.338190 0.546203
19.113230 -281.938315 -6293.054744 -44320.309896 0.884937 0.429685 -0.179602 -0.371061 0.417497 -0.829464 0.281425 -0.800666 -0.528898
8.532457 -43.127500 1592.829318 -2543.656715 0.763183 0.020172 0.645867 -0.605617 -0.326230 0.725811 -0.225342 0.945075 0.236757
7.765548 -37.664005 909.887034 -3063.382384 0.759619 0.022202 0.649989 -0.625514 -0.248704 0.739512 -0.178074 0.968325 0.175033
15.400930 -40.652061 -3759.512772 -2690.067870 0.751200 0.044526 0.658571 -0.617834 -0.303750 0.725270 -0.232334 0.951711 0.200668
-64.000645 -90.525067 1827.992590 -3220.795979 -0.933665 0.115047 -0.339165 0.132636 0.990739 -0.029059 0.332681 -0.072117 -0.940278
-47.800328 -73.049832 449.664956 -5812.163217 0.929752 0.362965 0.061781 -0.308274 0.859173 -0.408399 0.201315 -0.360664 -0.910711
-54.289772 -83.844169 189.706245 -4050.967389 -0.964529 -0.172703 -0.199642 -0.132174 0.970618 -0.201075 0.228502 -0.167555 -0.959016
1.395804 -23.664636 -957.452989 922.920933 0.865911 0.467845 0.176973 -0.495151 0.751600 0.435802 -0.070875 0.464994 -0.882473
1.166226 -30.684337 -1247.229348 1754.396540 0.838242 0.509572 0.194134 -0.544086 0.757845 0.360056 -0.036351 0.407440 -0.912508
6.486578 -37.929918 -845.952343 3128.296104 0.779136 0.581517 0.234064 -0.626421 0.736174 0.256211 0.023321 0.346245 -0.937854
-1.897487 -31.404844 370.137352 5669.992849 0.151108 -0.703140 -0.694810 0.957400 -0.070868 0.279934 -0.246072 -0.707511 0.662478
-2.781574 -17.208374 359.615899 1538.328386 0.040923 -0.688165 -0.724399 0.976894 -0.124655 0.173607 -0.209770 -0.714765 0.667163
-3.616311 -20.901544 711.005272 1872.787076 0.179785 -0.708129 -0.682810 0.954387 -0.042638 0.295511 -0.238373 -0.704794 0.668164
-2.641305 -13.732654 -7.101420 224.960508 -0.059751 -0.685824 -0.725310 0.978710 -0.183182 0.092583 -0.196360 -0.704336 0.682168
-4.020856 -11.523716 662.139695 1264.488020 -0.101740 -0.659723 -0.744590 0.978600 -0.200942 0.044324 -0.178861 -0.724146 0.666049
-4.338947 -10.909695 62.215687 904.046205 0.064652 -0.695274 -0.715831 0.982178 -0.082528 0.168866 -0.176484 -0.713991 0.677547
