16230
32448
-43.607309 -69.085313 2005.842353 9209.422560 0.168182 -0.975817 0.139628 0.984314 0.158584 -0.077308 0.053296 0.150439 0.987182
-42.777103 -69.084975 1887.239853 6950.161190 -0.160383 -0.970489 0.180080 0.986840 -0.153850 0.049768 -0.020594 0.185692 0.982392
-51.043104 -79.881023 -1251.043066 4883.435955 -0.143027 0.972231 -0.185230 0.976084 0.169523 0.136096 -0.163718 0.161335 0.973225
-40.955523 -58.202570 -328.125007 7836.423613 -0.372474 -0.892384 0.254783 0.923942 -0.382359 0.011515 0.087142 0.239694 0.966930
-34.938194 -96.116708 3072.648794 12820.276970 0.311692 -0.942226 0.122716 0.947559 0.317819 0.033500 -0.070566 0.105839 0.991876
-25.830287 -86.978461 -4769.964743 16997.989604 -0.249108 0.967678 -0.039295 0.962105 0.242619 -0.124455 0.110899 0.068809 0.991447
-38.370320 -56.642064 -2361.014909 9136.950515 -0.165125 0.982015 -0.091540 0.972317 0.146528 -0.182017 0.165330 0.119061 0.979025
-36.866364 -47.319146 -1970.821931 2841.033187 -0.648955 -0.712599 0.266573 0.741471 -0.670884 0.011668 0.170525 0.205228 0.963744
40.851414 -41.083046 -32143.309409 -3011.222111 0.634123 0.138268 -0.760770 0.212591 0.914790 0.343461 0.743434 -0.379529 0.550694
86.612591 -57.324325 -53036.927631 -2258.655714 0.668235 0.150885 -0.728489 0.135092 0.938327 0.318265 0.731582 -0.311089 0.606639
67.683410 -37.697802 -32227.571465 -9176.695866 0.610700 0.012052 -0.791771 0.325925 0.907436 0.265202 0.721678 -0.420017 0.550243
14.833579 -48.182791 -38654.007437 4734.860705 0.627111 0.210162 -0.750043 0.077374 0.941344 0.328457 0.775078 -0.264013 0.574066
11.247921 -78.525704 -2602.072989 -485.363776 0.606336 0.789044 0.098826 0.738480 -0.604813 0.298074 -0.294965 0.107752 0.949413
16.918510 -76.047083 -2262.222794 1746.223298 0.553710 0.832244 0.027841 0.805416 -0.543751 0.235880 -0.211449 0.108186 0.971383
20.112317 -73.983441 -4971.030921 4653.538154 0.571963 0.813140 0.107991 0.812538 -0.579678 0.061280 -0.112429 -0.052697 0.992261
10.329819 -79.566835 1155.604381 -5295.436350 0.665785 0.737656 0.112227 0.678773 -0.661237 0.319427 -0.309836 0.136493 0.940942
7.274895 -74.428070 1445.232823 -4153.523117 0.664191 0.740484 0.102632 0.654163 -0.642154 0.399636 -0.361830 0.198297 0.910910
14.357609 -80.853782 -2262.308476 -605.458928 0.621185 0.772200 0.133553 0.749695 -0.635197 0.185694 -0.228225 0.015226 0.973489
14.527223 -49.726418 3321.131548 -397.844554 0.112932 0.984598 0.133468 0.597726 0.039982 -0.800703 0.793707 -0.170202 0.584004
10.612989 -51.550263 2090.307800 -832.233798 0.107121 0.975193 0.193712 0.545006 0.105359 -0.831786 0.831561 -0.194676 0.520199
27.746887 -55.272567 2512.244921 -349.232498 0.101169 0.957478 0.270187 0.643534 0.144129 -0.751725 0.758702 -0.249926 0.601588
21.983953 -47.701913 3959.646720 1244.595103 0.105538 0.979892 0.169330 0.652897 0.060157 -0.755054 0.750058 -0.190242 0.633420
12.742962 -46.684189 6175.601451 -389.782459 0.135308 0.989425 0.052248 0.629609 -0.045146 -0.775599 0.765038 -0.137841 0.629060
287.205455 -47.290158 127049.474051 269.350337 0.484301 0.757591 -0.437617 -0.411371 0.638631 0.650327 -0.772157 0.134931 -0.620940
274.686611 -44.333950 8818.523546 74.085169 0.175267 0.763305 -0.621810 -0.453038 0.623274 0.637406 -0.874093 -0.169987 -0.455046
293.408532 -49.525571 170737.704805 1900.953229 0.499518 0.774306 -0.388498 -0.526441 0.627468 0.573711 -0.687998 0.082058 -0.721058
256.834887 -46.660463 -15940.854955 -1804.141286 0.098337 0.752327 -0.651410 -0.372163 0.634887 0.677062 -0.922943 -0.175850 -0.342421
158.837098 -51.475342 138865.358169 1331.872861 0.659450 0.710777 -0.244791 -0.497771 0.656873 0.566341 -0.563339 0.251624 -0.786978
241.787917 -45.843290 15699.841733 -752.670840 0.295929 0.779317 -0.552351 -0.305317 0.625088 0.718364 -0.905101 0.043942 -0.422920
205.499865 -44.059908 98226.740380 -109.247694 0.579852 0.729490 -0.362789 -0.308972 0.608925 0.730580 -0.753862 0.311536 -0.578479
191.071470 -46.983931 152745.902496 922.387829 0.688865 0.684737 -0.237906 -0.401447 0.633637 0.661320 -0.603577 0.360054 -0.711376
2.032385 -50.846405 178.151248 -345.229055 0.519289 0.854514 -0.012016 0.848303 -0.517116 -0.113904 0.103546 -0.048955 0.993419
1.854618 -50.786020 -36.644285 262.846542 0.486875 0.873445 -0.006850 0.872418 -0.485888 0.052907 -0.042883 0.031735 0.998576
1.334845 -53.006691 319.175674 -590.553964 0.521546 0.852840 -0.025553 0.847986 -0.521425 -0.095055 0.094391 -0.027907 0.995144
0.756702 -54.529400 577.206924 -953.719048 0.555510 0.830589 -0.039133 0.797429 -0.545487 -0.257975 0.235618 -0.112102 0.965359
2.050025 -52.324688 397.669154 -799.699935 0.549392 0.835268 -0.022262 0.799387 -0.533173 -0.276959 0.243205 -0.134363 0.960624
21.839285 -104.536093 5293.612166 10441.403933 -0.523085 0.840730 -0.139841 0.613644 0.257653 -0.746362 0.591458 0.476223 0.650683
23.025883 -110.895578 5495.835662 13282.760972 -0.416676 0.897436 -0.144875 0.739501 0.241940 -0.628174 0.528695 0.368880 0.764466
13.172231 -115.894418 2818.826709 7926.921888 -0.509022 0.852940 -0.115715 0.734471 0.360299 -0.575097 0.448832 0.377727 0.809860
6.909763 -113.380228 1236.454522 5018.965018 -0.556677 0.828714 -0.057822 0.648074 0.389680 -0.654331 0.519721 0.401724 0.753995
431.810742 -47.060527 247339.566444 3851.583065 0.309962 0.757397 -0.574695 0.863947 -0.476713 -0.162295 -0.396886 -0.446200 -0.802114
557.154108 -48.689759 91855.962741 9256.685437 0.183488 0.631158 -0.753639 0.907980 -0.402606 -0.116109 -0.376703 -0.662984 -0.646952
503.058320 -44.027204 437131.646666 7185.121105 0.263652 0.806537 -0.529138 0.910100 -0.389787 -0.140659 -0.319698 -0.444483 -0.836797
-11.574209 -39.667364 -1648.812033 3168.137206 0.248347 0.966906 -0.058453 -0.086384 -0.037996 -0.995537 0.964812 -0.252288 -0.074088
-15.690816 -43.486210 -1220.717881 4882.452273 0.192753 0.973050 -0.126572 -0.151217 -0.097993 -0.983631 0.969525 -0.208738 -0.128253
-14.420205 -47.241826 -1316.758009 1664.588286 0.216575 0.961192 -0.170897 -0.048397 -0.164266 -0.985228 0.975066 -0.221647 -0.010943
-12.621360 -47.091473 -108.675245 1171.328775 0.229971 0.963518 -0.136917 0.018186 -0.144918 -0.989277 0.973027 -0.225015 0.050849
-11.148336 -42.519539 -1217.841599 3416.097368 0.266091 0.961057 -0.074604 -0.024559 -0.070610 -0.997202 0.963635 -0.267179 -0.004814
4.918846 -90.099847 1077.503405 3775.901811 0.655716 -0.220375 0.722130 -0.613116 -0.713577 0.338963 -0.440597 0.665013 0.603019
1.869910 -97.715844 2366.015818 -6475.317611 0.646685 -0.245779 0.722074 0.691882 0.587521 -0.419665 -0.321089 0.770981 0.549991
3.123889 -88.606031 2655.589741 3920.662437 0.682010 -0.218500 0.697940 -0.601838 -0.709884 0.365863 -0.415515 0.669569 0.615650
7.202510 -83.154705 141.608648 1107.181083 0.699640 -0.165883 0.694972 -0.480775 -0.828832 0.286170 -0.528544 0.534341 0.659637
3.199276 -82.867570 1027.867097 4026.327308 0.712982 -0.168354 0.680671 -0.535121 -0.757940 0.373058 -0.453102 0.630226 0.630487
-1.180079 -93.442812 1273.643536 5530.378734 0.685027 -0.197591 0.701210 -0.643768 -0.614749 0.455683 -0.341029 0.763572 0.548323
-37.464521 -68.776354 4073.067188 -1206.908824 0.842497 0.534587 0.066451 -0.535439 0.844554 -0.005752 -0.059196 -0.030735 0.997773
-44.013158 -73.909204 4015.022258 942.964100 0.877695 0.457485 0.142685 0.467955 -0.882370 -0.049410 -0.103297 -0.110137 0.988534
-40.300430 -66.468917 3899.879324 2952.807714 0.906198 0.417587 0.066531 0.422846 -0.895851 -0.136572 -0.002571 -0.151894 0.988393
-40.968192 -75.908034 4579.946390 593.069895 0.821146 0.554954 0.133209 -0.541516 0.831315 -0.125200 -0.180219 0.030672 0.983148
-33.553951 -72.862192 3717.205405 -444.776831 0.765418 0.640328 0.064147 -0.622557 0.762024 -0.178167 -0.162967 0.096437 0.981907
15.303733 -39.758699 1215.889802 -2099.531911 -0.187381 0.975435 -0.115823 0.924152 0.215023 0.315765 -0.332913 0.047870 0.941742
14.289286 -34.089845 1801.842246 -1998.016625 -0.232444 0.961722 -0.145124 0.879633 0.271534 0.390531 -0.414988 0.036879 0.909079
10.447632 -40.829870 5074.183134 -1638.309090 -0.182263 0.968191 -0.171425 0.913755 0.231168 0.334086 -0.363087 0.095749 0.926823
15.366183 -33.592895 -1512.227426 -2240.709451 -0.226483 0.970789 -0.079204 0.895430 0.239520 0.375281 -0.383289 -0.014073 0.923521
12.211113 -44.673250 3895.275139 -1790.670845 -0.150150 0.978416 -0.141974 0.952724 0.181558 0.243624 -0.264143 0.098682 0.959422
15.627225 -43.969265 -248.882756 -2474.666263 -0.158714 0.983375 -0.088228 0.958162 0.174968 0.226521 -0.238192 0.048585 0.970002
15.930217 -38.951186 -2069.846253 -2562.128160 -0.194020 0.979289 -0.057866 0.932235 0.202421 0.299941 -0.305442 -0.004250 0.952201
4.819058 -157.007629 520.617156 -12680.906025 0.723530 0.027227 0.689756 0.267751 0.909923 -0.316779 -0.636250 0.413882 0.651066
4.950539 -176.403127 554.655788 12103.963418 0.711088 -0.009810 0.703034 -0.423972 -0.803645 0.417616 -0.560893 0.595029 0.575621
3.945818 -157.589549 -929.835967 -10697.506407 0.702980 0.019582 0.710940 0.347341 0.862847 -0.367218 -0.620623 0.505086 0.599762
3.677776 -140.307650 109.144358 -11960.822713 0.727382 0.043962 0.684823 0.181245 0.950203 -0.253506 -0.661865 0.308516 0.683193
1.031308 -145.718715 1318.807221 -10099.563069 0.735489 -0.003075 0.677529 0.305014 0.894431 -0.327046 -0.604998 0.447195 0.658783
3.300098 -169.285667 774.282471 7329.453844 0.695237 -0.052923 0.716829 -0.535805 -0.702926 0.467769 -0.479122 0.709291 0.517057
2.259057 -116.386518 -1083.582843 -2814.463437 -0.540714 -0.092456 -0.836110 0.829046 0.109825 -0.548290 0.142518 -0.989642 0.017266
1.790120 -119.599161 -1185.838204 -5619.724019 -0.558674 -0.093133 -0.824142 0.785148 0.260809 -0.561713 0.267258 -0.960888 -0.072584
5.629577 -111.286922 -1927.481628 -3539.298156 -0.537427 -0.090579 -0.838432 0.827495 0.134999 -0.545001 0.162553 -0.986697 0.002402
-1.179658 -122.676368 -565.732631 -2608.914878 -0.567674 -0.093237 -0.817957 0.782023 0.249418 -0.571166 0.257267 -0.963897 -0.068674
6.473063 -111.216730 -1655.525801 1768.105690 -0.519851 -0.086301 -0.849887 0.853296 -0.005283 -0.521400 0.040508 -0.996255 0.076386
3.753561 -116.438610 -1296.932393 -152.323679 -0.524794 -0.092498 -0.846189 0.851140 -0.042629 -0.523205 0.012323 -0.994800 0.101100
-0.140561 -121.460954 -836.418989 -1312.077461 -0.553201 -0.094297 -0.827693 0.823694 0.086552 -0.560389 0.124481 -0.991775 0.029792
2.053304 -39.705248 -284.975636 7313.985052 -0.348101 0.931339 0.106932 0.287703 -0.002428 0.957717 -0.892218 -0.364147 0.267104
7.718462 -25.374276 -2423.492950 6794.795036 -0.359761 0.920930 0.149867 0.366417 -0.008269 0.930414 -0.858085 -0.389640 0.334470
-2.440471 -36.821669 -4650.959313 5147.935082 -0.317414 0.912845 0.256831 0.328753 -0.148112 0.932729 -0.889477 -0.380495 0.253088
-5.547485 -44.770758 -3857.577639 3124.798516 -0.339563 0.926591 0.161637 0.205691 -0.094535 0.974040 -0.917817 -0.363996 0.158491
-18.037284 -42.002511 -5715.627782 1863.676690 -0.277910 0.892645 0.354896 0.260676 -0.285506 0.922244 -0.924561 -0.348814 0.153346
-15.807884 -38.012443 -5616.682684 3576.727410 -0.213461 0.833097 0.510278 0.381923 -0.409589 0.828476 -0.899205 -0.371734 0.230748
30.680092 -44.430441 -16102.396922 -2378.464982 -0.259503 -0.131675 -0.956723 -0.315842 0.947755 -0.044771 0.912635 0.290555 -0.287534
30.204974 -47.921263 -13256.144683 -2741.078537 -0.266090 -0.104514 -0.958266 -0.381531 0.924342 0.005129 0.885229 0.366973 -0.285834
42.960616 -45.435171 -6036.343933 -2026.858148 -0.343487 -0.186063 -0.920542 -0.331514 0.941102 -0.066519 0.878701 0.282325 -0.384939
41.523839 -49.149139 -8433.085594 3435.765516 -0.326205 -0.199324 -0.924046 -0.293794 0.950484 -0.101313 0.898485 0.238430 -0.368613
3.888133 -177.240071 474.424672 -30990.150548 0.706668 0.171812 0.686368 0.558627 -0.730827 -0.392208 -0.434230 -0.660585 0.612431
5.800259 -149.822358 795.208289 27370.604488 0.715796 0.171192 0.677000 -0.460680 0.844354 0.273569 -0.524795 -0.507701 0.683250
2.048103 -175.422651 249.999751 -26705.746869 0.719913 0.150372 0.677579 0.533146 -0.744871 -0.401151 -0.444388 -0.650042 0.616413
0.630176 -191.488216 -556.788171 -24352.549354 0.707037 0.149321 0.691233 0.616220 -0.609637 -0.498614 -0.346947 -0.778490 0.523050
89.637680 -352.404169 -20543.612411 -86961.853422 -0.662998 -0.061989 -0.746050 0.734151 -0.248832 -0.631748 -0.146480 -0.966561 0.210484
81.585905 -292.145324 839.554194 -67182.325069 -0.688956 0.104311 -0.717258 0.723047 0.030055 -0.690145 -0.050432 -0.994091 -0.096128
74.006839 -228.068862 6382.375252 -35559.121126 -0.657821 0.094357 -0.747240 0.701165 -0.285558 -0.653318 -0.275026 -0.953705 0.121686
-131.329698 -2386.779250 -37389.703445 743691.036963 0.723714 -0.584510 0.366859 -0.483259 -0.049758 0.874062 0.492644 0.809859 0.318481
-76.911184 -3080.027124 1963.964098 1109079.773490 -0.713006 0.405859 -0.571752 -0.142414 0.714614 0.684868 0.686542 0.569741 -0.451724
102.343211 -6282.959715 -35811.190403 -2373509.773106 0.780166 -0.556250 0.286228 -0.595167 -0.519084 0.613456 0.192658 0.648951 0.736034
-15.936692 -2659.274178 18756.761207 964517.837606 -0.657730 0.385126 -0.647356 0.434929 0.895849 0.091061 0.615003 -0.221660 -0.756729
28718.098345 -23634.900851 11583919.002346 -8948628.872234 0.812326 0.310387 -0.493747 0.573414 -0.579544 0.579073 0.106412 0.753517 0.648759
-24.168027 -39.141676 1353.315287 -5054.747008 0.770837 0.621163 -0.141305 -0.599948 0.782456 0.166806 0.214179 -0.043805 0.975812
-23.377000 -30.050805 1167.505218 -1091.414940 0.921683 0.311210 -0.231622 -0.283078 0.947766 0.146991 0.265269 -0.069912 0.961637
-17.033414 -36.138726 3305.905891 5516.860131 0.565586 0.810764 -0.150910 0.788589 -0.585245 -0.188721 0.241328 0.012268 0.970366
-19.967651 -46.022019 2421.761725 5299.393793 0.619398 0.774391 -0.129094 0.767611 -0.631866 -0.107324 0.164681 0.032618 0.985807
-8.948885 -32.327815 1980.645701 1791.632874 -0.415093 0.897773 -0.147314 0.349613 0.007919 -0.936861 0.839922 0.440387 0.317160
-11.584857 -36.088657 2167.254744 1592.146363 -0.413861 0.896962 -0.155492 0.423695 0.038612 -0.904982 0.805731 0.440418 0.396018
-12.817483 -33.651564 -168.857482 1397.802754 -0.418989 0.907989 -0.002165 0.311425 0.141466 -0.939682 0.852914 0.394391 0.342044
-10.676025 -29.509429 355.236735 2164.527881 -0.415680 0.909384 -0.015199 0.243678 0.095255 -0.965167 0.876260 0.404904 0.261193
-6.623144 -27.808132 1878.351686 2080.938505 -0.407385 0.898191 -0.165201 0.292233 -0.043173 -0.955372 0.865239 0.437481 0.244893
51.618561 -54.843718 -8332.064880 -4870.981923 -0.306536 -0.397756 -0.864769 0.034614 0.903246 -0.427724 0.951229 -0.161046 -0.263110
39.226448 -47.425769 -7064.271191 -2065.252539 -0.228459 -0.460808 -0.857591 -0.014863 0.882436 -0.470198 0.973440 -0.094675 -0.208449
36.909605 -54.026351 -6408.515287 -4559.575407 -0.276135 -0.367873 -0.887930 -0.051998 0.928215 -0.368393 0.959711 -0.055556 -0.275441
44.687633 -12.043769 -6240.520991 2056.165681 -0.316352 0.934380 -0.163879 0.270607 0.254458 0.928452 -0.909227 -0.249370 0.333348
38.001829 -10.162878 -6769.857912 3511.216126 -0.479138 0.817169 -0.320408 0.162301 0.441226 0.882598 -0.862604 -0.370884 0.344035
48.245195 -17.548569 -5067.158556 2579.188333 -0.375758 0.893008 -0.247674 0.200031 0.339116 0.919232 -0.904872 -0.295866 0.306055
-2.261197 -127.290211 -243.787650 5011.278549 -0.450633 0.886349 0.106375 0.589453 0.205942 0.781110 -0.670429 -0.414697 0.615265
-3.032004 -116.936316 -288.759014 9271.937260 -0.431774 0.893676 0.122127 0.768429 0.293555 0.568632 -0.472322 -0.339367 0.813476
-2.761278 -121.496015 -257.375165 5251.263549 -0.453399 0.886603 0.091461 0.591550 0.222570 0.774940 -0.666707 -0.405461 0.625382
-1.799372 -30.006151 404.631974 2206.730801 0.500606 -0.638105 0.584992 0.364913 0.768339 0.525826 -0.785004 -0.049761 0.617488
-4.246204 -30.920000 1338.856276 1206.162669 0.551129 -0.515338 0.656265 0.250412 0.852388 0.459051 -0.795959 -0.088660 0.598823
-0.384132 -29.899603 1168.317041 104.938261 0.526516 -0.588998 0.613076 0.261446 0.798356 0.542470 -0.808967 -0.125332 0.574338
-2318.380009 -15493.623960 594399.265865 -22686885.697056 0.743240 0.234780 -0.626477 0.609386 0.148900 0.778766 -0.276121 0.960576 0.032403
-1084.115022 -6551.723079 157190.694279 -5347174.246796 0.823917 0.085960 -0.560153 0.544051 0.156729 0.824284 -0.158648 0.983894 -0.082366
-645.578990 -2278.202223 491121.331019 -2347953.650949 0.710738 0.205279 -0.672839 0.512951 0.503294 0.695396 -0.481386 0.839378 -0.252412
-2851.353280 -3650.007668 1714620.206395 -1931909.243414 0.614503 0.787167 0.052482 -0.208320 0.097742 0.973165 -0.760913 0.608946 -0.224045
-632.887416 -1729.225842 -82439.454261 -936989.746524 -0.444135 0.102021 0.890133 0.470354 0.872133 0.134727 -0.762569 0.478514 -0.435330
5.180648 -301.760344 -1814.450095 33247.983682 -0.917767 -0.215524 0.333545 -0.269716 0.954765 -0.125206 -0.291472 -0.204872 -0.934383
-3.806301 -292.692568 1957.848143 -9428.296485 0.936871 0.182593 -0.298216 -0.306388 0.839665 -0.448429 -0.168522 -0.511490 -0.842602
-14.789154 -445.812101 4689.968917 19184.141415 0.952657 0.147341 -0.265962 -0.213180 0.947393 -0.238749 -0.216793 -0.284144 -0.933950
-18.757417 -333.463451 2611.069528 -70135.844425 0.950901 0.151758 -0.269736 -0.296198 0.698956 -0.650943 -0.089748 -0.698878 -0.709588
24.249394 -76.094075 10424.235341 -9266.478707 -0.147741 0.931919 0.331210 0.164728 -0.307021 0.937338 -0.975211 -0.193043 0.108154
10.171538 -94.691180 4273.619483 -14616.379286 -0.187173 0.947341 0.259829 0.294710 -0.198165 0.934814 -0.937076 -0.251546 0.242100
29.660390 -108.554953 10998.677645 -22825.205501 -0.201243 0.937379 0.284290 0.262121 -0.228110 0.937688 -0.943819 -0.263222 0.199801
52.833925 -105.801260 16848.703060 -19680.773074 -0.218036 0.917660 0.332206 0.175865 -0.297879 0.938264 -0.959964 -0.262999 0.096436
46.848593 -72.120586 16318.971090 -9462.949928 -0.192274 0.906215 0.376570 0.124848 -0.358023 0.925328 -0.973367 -0.224930 0.044300
35.204742 -64.301160 17262.736887 -764.314574 -0.157896 0.913683 0.374502 0.072563 -0.367498 0.927189 -0.984786 -0.173575 0.008273
14.236461 -65.052949 11455.848012 2358.979191 -0.118873 0.943030 0.310748 0.087616 -0.301784 0.949342 -0.989036 -0.140078 0.046751
55.348890 -65.161754 25528.930370 6004.153737 0.755598 -0.540664 -0.369803 -0.051247 0.514030 -0.856240 -0.653028 -0.665925 -0.360692
-2.895292 -69.728466 34806.243089 6931.301784 0.793513 -0.386458 -0.470093 -0.239529 0.511780 -0.825050 -0.559431 -0.767289 -0.313536
1.030274 -51.911006 32080.858087 1101.036121 0.820130 -0.491184 -0.293469 0.021588 0.539097 -0.841967 -0.571769 -0.684188 -0.452733
98.736110 -32.745162 17605.733364 -2179.875169 -0.349346 0.927860 -0.130514 -0.394780 -0.019430 0.918570 -0.849768 -0.372423 -0.373089
92.214955 -37.270223 6088.926696 967.950671 -0.405544 0.898937 -0.165666 -0.315710 0.032335 0.948304 -0.857823 -0.436882 -0.270691
95.257314 -36.365767 -17993.039600 -360.702154 -0.609859 0.768933 -0.191870 -0.365457 -0.058037 0.929017 -0.703216 -0.636690 -0.316407
94.976466 -32.761284 29389.526358 -3856.551004 -0.139804 0.983706 -0.113034 -0.395106 0.049253 0.917314 -0.907935 -0.172904 -0.381782
83.197913 -31.211968 8619.433048 -453.911300 -0.435265 0.893034 -0.114168 -0.393337 -0.074562 0.916366 -0.809834 -0.443768 -0.383718
84.711292 -30.072612 26989.906496 -1376.757091 -0.169853 0.981208 -0.091548 -0.414303 0.013190 0.910043 -0.894149 -0.192502 -0.404277
10.540623 -199.100510 2918.745899 -45274.737836 0.998462 0.033500 0.044168 0.052569 -0.319293 -0.946197 0.017595 -0.947064 0.320563
7.712549 -220.756263 1882.157821 -860.856768 0.997335 0.021808 0.069617 0.069537 0.004423 -0.997570 0.022063 -0.999752 -0.002894
18.182702 -223.343618 3473.442814 -65932.545310 0.994717 0.017698 0.101120 0.101547 -0.314113 -0.943939 -0.015057 -0.949221 0.314250
23.900113 -168.359548 5035.327820 -61555.203344 0.996454 0.043205 0.072195 0.084131 -0.520422 -0.849755 -0.000858 -0.852815 0.522212
12.620161 -164.663260 3508.737015 -53430.029518 0.998651 0.041707 0.030944 0.048163 -0.520920 -0.852245 0.019425 -0.852586 0.522226
2.018171 -39.801322 -709.515358 -3472.709505 -0.192863 0.965298 -0.176081 -0.596630 -0.257831 -0.759971 0.778997 0.041515 -0.625652
3.943791 -45.088608 -1678.002165 -1907.650062 -0.200753 0.955623 -0.215597 -0.688083 -0.294199 -0.663316 0.697309 -0.015186 -0.716610
-2.102946 -41.556212 -1526.896912 -2786.966403 -0.194862 0.956344 -0.217797 -0.644894 -0.292231 -0.706196 0.739013 -0.002845 -0.673685
-0.535667 -33.561695 -907.344576 -2643.234932 -0.165855 0.972547 -0.163230 -0.554047 -0.228826 -0.800419 0.815797 0.042317 -0.576789
-4.267881 -34.794565 -1815.268084 -2605.187724 -0.162100 0.967802 -0.192571 -0.582431 -0.251370 -0.773038 0.796554 0.013150 -0.604424
-7.109853 -40.666454 -1455.462296 -2606.548307 -0.195149 0.960548 -0.198153 -0.657150 -0.278038 -0.700606 0.728060 0.006506 -0.685482
-5.951661 -43.969390 -1855.983005 -1498.427769 -0.209356 0.950035 -0.231523 -0.721054 -0.309917 -0.619704 0.660494 -0.037202 -0.749910
-6.632406 -59.142788 424.065174 -299.546186 0.556615 0.813339 0.169293 0.055841 0.166689 -0.984427 0.828892 -0.557400 -0.047364
-6.411425 -58.287466 -515.052107 -655.473059 0.587795 0.794085 0.154681 0.034446 0.166459 -0.985447 0.808276 -0.584569 -0.070491
-7.037981 -59.657655 548.901044 -558.568893 0.554193 0.816203 0.163348 -0.085906 0.251276 -0.964096 0.827943 -0.520263 -0.209372
-4.796379 -58.658711 975.549927 39.176622 0.527995 0.834629 0.156893 -0.089661 0.238495 -0.966996 0.844501 -0.496502 -0.200758
-4.858625 -59.350752 766.382187 199.941074 0.532641 0.828814 0.171350 0.065545 0.161455 -0.984701 0.843799 -0.535724 -0.031673
-10.937994 -92.867114 750.696931 -1294.412954 -0.666519 0.729499 0.153568 0.733468 0.604866 0.310102 0.133331 0.319326 -0.938219
-8.973879 -89.646697 743.119802 -368.774681 -0.642424 0.748196 0.165811 0.765592 0.636201 0.095481 -0.034051 0.188283 -0.981524
-8.549187 -97.897409 662.897475 -1683.905438 -0.690892 0.704626 0.161774 0.715545 0.634506 0.292229 0.103266 0.317656 -0.942566
-10.401097 -100.318827 -703.562877 -1418.567675 0.714730 -0.685257 -0.139941 0.649901 0.576781 0.494926 0.258436 0.444686 -0.857593
-12.997577 -95.437330 -603.803860 -2158.514744 0.686017 -0.715483 -0.132152 0.670458 0.551090 0.496776 0.282607 0.429399 -0.857758
22.188030 -48.694547 -8089.903229 -822.737121 -0.201546 0.972310 -0.118286 -0.933246 -0.227292 -0.278192 0.297374 -0.054321 -0.953214
20.267907 -46.323393 -9099.437307 -825.533070 -0.181218 0.973826 -0.137194 -0.889831 -0.221767 -0.398774 0.418762 -0.049814 -0.906729
29.467939 -45.845458 -3885.644818 -924.065007 -0.222567 0.972778 -0.064546 -0.892761 -0.229965 -0.387421 0.391718 0.028602 -0.919641
30.988565 -47.457741 -2494.298335 -931.975659 -0.241755 0.970098 -0.021546 -0.928841 -0.237783 -0.284100 0.280728 0.048670 -0.958552
27.447072 -50.520922 -3267.598379 -672.585612 -0.246746 0.968382 -0.036771 -0.955756 -0.249449 -0.155901 0.160144 0.003324 -0.987088
20.902891 -51.030584 -7846.302187 -900.519656 -0.212496 0.970578 -0.113241 -0.963655 -0.227349 -0.140292 0.161910 -0.079314 -0.983613
-5.115338 -38.760793 -1403.243827 567.245236 -0.320689 -0.914481 -0.246745 0.931507 -0.351692 0.092773 -0.171617 -0.200094 0.964629
-2.665451 -38.784261 1981.136453 1356.700204 0.328893 0.915286 0.232554 0.925138 -0.361715 0.115244 -0.189599 -0.177241 0.965732
-8.028221 -41.213437 174.052037 1236.699674 0.291478 0.920104 0.261628 0.911205 -0.350301 0.216784 -0.291112 -0.175209 0.940508
-8.315253 -41.438606 -429.326822 692.454676 0.303740 0.907205 0.291068 0.913101 -0.364402 0.182917 -0.272009 -0.210215 0.939053
-8.160441 -40.139591 -78.801459 -324.770021 -0.348082 -0.894047 -0.281992 0.924651 -0.376987 0.053863 -0.154463 -0.241995 0.957904
-18.495716 -102.436760 -2528.659863 -5918.062520 0.968495 0.180029 0.172067 -0.248611 0.739173 0.625952 0.014498 0.649009 -0.760642
-15.518528 -102.282823 -1585.907369 -6290.288824 0.972423 0.181564 0.146382 -0.233221 0.754261 0.613757 -0.001026 0.630971 -0.775806
-16.372294 -110.479381 -1794.310051 -4317.672934 0.968424 0.180767 0.171695 -0.247441 0.612728 0.750558 -0.030474 0.769343 -0.638109
-8.490031 -170.974067 1641.748397 13538.626877 0.904710 -0.103503 0.413264 0.410163 0.473871 -0.779239 0.115180 -0.874490 -0.471169
-5.693738 -174.354133 -813.818098 20119.800691 0.910343 -0.144808 0.387694 0.404364 0.510695 -0.758736 0.088122 -0.847479 -0.523463
-8.480298 -152.726262 848.906242 18776.088880 0.912486 -0.104171 0.395624 0.365763 0.640936 -0.674847 0.183270 -0.760493 -0.622946
-9.738185 -155.102479 645.774586 19812.534723 0.913057 -0.096122 0.396343 0.354514 0.667485 -0.654815 0.201611 -0.738393 -0.643529
-8.247562 -180.077289 -869.133831 11272.987047 0.896316 -0.134340 0.422575 0.442060 0.345186 -0.827907 0.034646 -0.928870 -0.368782
-3.873981 -198.405549 354.485560 -6517.394091 0.887714 -0.144485 0.437136 0.413345 -0.168025 -0.894938 -0.202755 -0.975137 0.089436
-3.663882 -193.742095 -258.386656 -8695.337362 0.881167 -0.138637 0.452023 0.421467 -0.202942 -0.883844 -0.214268 -0.969327 0.120395
-3.069262 -188.702183 652.929416 -3330.267948 0.881666 -0.141209 0.450250 0.366634 -0.395686 -0.842028 -0.297059 -0.907465 0.297091
-2.794919 -194.596808 -79.805933 -9514.087566 0.886410 -0.155613 0.435962 0.362726 -0.351621 -0.863014 -0.287590 -0.923118 0.255235
-1.121811 -177.804067 512.953084 -11556.573707 0.882851 -0.147381 0.445930 0.297737 -0.558675 -0.774102 -0.363218 -0.816187 0.449346
-1.923888 -174.430216 1098.852037 -10701.555779 0.879793 -0.129888 0.457268 0.290387 -0.614738 -0.733329 -0.376351 -0.777963 0.503124
-10.736933 -48.546544 512.476211 -906.129700 0.941492 0.188709 0.279252 -0.290450 0.874599 0.388220 0.170972 0.446615 -0.878239
-10.297946 -49.185728 -1431.358671 -1097.853871 0.942458 0.186340 0.277579 -0.300898 0.834646 0.461331 0.145716 0.518308 -0.842688
-10.323358 -47.273414 453.183119 -1253.058473 0.946647 0.154546 0.282799 -0.262546 0.878725 0.398638 0.186895 0.451617 -0.872417
1.903828 -213.186982 552.580232 23686.725436 0.997595 0.015333 0.067589 0.060685 0.277821 -0.958714 0.033478 -0.960510 -0.276223
-1.580368 -200.384196 1844.151858 26817.728840 0.997109 0.042056 0.063290 0.044220 0.356199 -0.933363 0.061798 -0.933463 -0.353310
-1.835568 -169.574254 565.728318 17474.873756 0.996970 0.017518 0.075791 0.056645 0.504279 -0.861681 0.053315 -0.863363 -0.501759
-2.065331 -235.279188 1186.062590 25715.015677 0.914884 -0.146828 0.376070 0.403283 0.375563 -0.834455 0.018716 -0.915092 -0.402810
-2.292282 -258.328681 1984.816155 34790.225125 0.920024 -0.145247 0.363950 0.389776 0.434920 -0.811739 0.040386 -0.888678 -0.456750
-2.108265 -210.540011 805.147324 31735.114048 0.922837 -0.135370 0.360621 0.366424 0.597183 -0.713516 0.118768 -0.790599 -0.600705
-4.089848 -213.733194 -106.346125 18799.920073 0.917449 -0.142212 0.371568 0.394168 0.451713 -0.800367 0.054020 -0.880756 -0.470479
6.099310 -25.366969 9833.140300 1387.333825 -0.288076 0.773485 0.564565 -0.617430 -0.600675 0.507907 -0.731978 0.202264 -0.650613
5.835769 -30.461857 9469.369477 1581.619168 -0.253495 0.804967 0.536440 -0.685282 -0.540836 0.487733 -0.682736 0.243975 -0.688729
-4.925651 -27.631400 5890.717522 -365.903946 -0.393634 0.678724 0.619989 0.552566 0.713694 -0.430479 -0.734658 0.173134 -0.655974
-3.863082 -24.314682 5954.432642 955.054714 -0.427548 0.608950 0.668119 0.481455 0.778923 -0.401845 -0.765117 0.149861 -0.626209
-7.926959 -29.531505 301.778884 1419.126668 -0.547585 0.423876 0.721443 0.332717 0.901404 -0.277073 -0.767756 0.088315 -0.634627
-11.142474 -30.790901 909.530459 -182.826318 -0.486898 0.573294 0.658988 0.458601 0.809892 -0.365734 -0.743381 0.124137 -0.657247
-6.042540 -13.881467 277.066930 -628.993333 -0.320341 0.749987 0.578706 -0.262712 0.516602 -0.814926 0.910145 0.413087 -0.031542
-3.408993 -13.477294 -344.516601 -957.790686 -0.336087 0.757886 0.559156 -0.260679 0.495643 -0.828483 0.905037 0.424202 -0.030986
-3.737797 -11.868471 26.626269 11.310854 0.270870 -0.614104 -0.741286 -0.304034 0.676078 -0.671179 0.913342 0.407179 -0.003579
-5.781115 -13.801648 -733.571442 1023.929322 0.224506 -0.504688 -0.833599 -0.330110 0.765469 -0.552345 0.916856 0.399185 0.005250
-9.052375 -15.371670 2111.845457 -193.834823 -0.335540 0.747804 0.572890 -0.251132 0.515130 -0.819496 0.907935 0.418845 -0.014951
81.511502 -32.841176 -30757.667487 -2403.292992 -0.464605 -0.824896 -0.322008 0.874356 -0.484898 -0.019377 -0.140157 -0.290552 0.946539
115.204663 -29.090524 -63880.446855 694.476036 -0.376902 -0.864901 -0.331498 0.908315 -0.415215 0.050601 -0.181407 -0.282033 0.942098
44.763574 -36.199445 -17072.053743 1060.762487 -0.482808 -0.830483 -0.277839 0.854114 -0.516615 0.059985 -0.193352 -0.208345 0.958753
35.439885 -36.701305 -10032.266283 -1314.664727 -0.512646 -0.815412 -0.268882 0.844663 -0.535153 0.012487 -0.154075 -0.220713 0.963092
14.449290 -39.435408 3683.203394 1429.322447 0.514743 0.815508 0.264548 0.826677 -0.553903 0.098982 -0.227255 -0.167746 0.959279
19.555262 -41.471578 6036.542921 3770.766656 0.538305 0.797164 0.273418 0.802551 -0.583905 0.122342 -0.257177 -0.153575 0.954083
21.301529 -217.231049 -4195.332302 17520.875193 -0.522716 0.846352 -0.102258 -0.480146 -0.193161 0.855657 -0.704435 -0.496364 -0.507341
14.074004 -207.853536 -2355.627962 26498.646759 -0.559772 0.825394 -0.073346 -0.213890 -0.058407 0.975110 -0.800566 -0.561527 -0.209238
9.823218 -215.929973 -1870.818243 13381.215996 -0.548267 0.831785 -0.086818 -0.459024 -0.212526 0.862629 -0.699071 -0.512803 -0.498331
-1.602872 -338.965281 -324.185760 -121888.333913 0.893195 0.449267 0.019010 -0.041217 0.039701 0.998361 -0.447776 0.892515 -0.053978
1.096747 -363.608273 -133.543368 -125337.685915 0.902254 0.427020 0.059928 -0.020037 -0.097310 0.995052 -0.430739 0.898991 0.079242
-1.873414 -139.526367 489.643870 -33972.047730 0.889327 0.453422 0.059211 -0.137167 0.140998 0.980462 -0.436214 0.880073 -0.187588
-7.549361 -64.540375 19772.822678 5338.903602 0.784890 -0.179836 0.592964 -0.458528 -0.812228 0.360607 -0.416772 0.554928 0.719970
-30.015908 -80.296909 -2865.363025 9201.625842 0.858622 0.074244 0.507204 -0.310719 -0.711581 0.630164 -0.407702 0.698671 0.587910
-22.649580 -68.281921 4293.255014 5463.731456 0.751192 -0.183921 0.633943 -0.470794 -0.822453 0.319255 -0.462671 0.538278 0.704409
-46.707462 -76.875773 1379.355427 3970.338171 -0.135106 -0.967148 0.215341 0.982310 -0.102301 0.156851 -0.129668 0.232723 0.963860
-41.716426 -70.030596 944.235054 7817.417350 -0.315488 -0.906535 0.280468 0.948608 -0.293591 0.118101 -0.024719 0.303313 0.952570
5.330280 -30.157538 -8116.624467 -15271.676773 0.450611 -0.206451 -0.868521 0.472807 0.880429 0.036023 0.757234 -0.426875 0.494342
2.923926 -24.016020 -6340.314891 10917.917606 0.190370 0.857368 0.478204 0.583112 0.293121 -0.757668 0.789772 -0.423084 0.444140
3.261699 1.927437 -3644.545903 538.754272 0.645754 0.447378 -0.618753 0.074898 0.769345 0.634427 0.759863 -0.456027 0.463300
-21.678202 -68.566560 13622.176945 -17066.164522 0.484732 0.289001 -0.825538 0.191532 0.885857 0.422579 0.853435 -0.362954 0.374050
7.177519 -89.590528 16500.107821 -18364.549538 0.385816 0.625027 -0.678593 -0.150967 0.768398 0.621911 0.910140 -0.137498 0.390819
19.884212 -74.151648 355.293864 3117.402494 0.521317 0.852505 -0.038274 0.838213 -0.503133 0.210371 -0.160085 0.141751 0.976872
12.986759 -73.516003 -782.044595 -1386.998749 0.538120 0.842740 -0.014686 0.777291 -0.489440 0.395306 -0.325953 0.224137 0.918432
15.089797 -71.750310 1445.505186 -818.154618 0.510852 0.855183 -0.087710 0.813660 -0.448058 0.370407 -0.277466 0.260589 0.924719
7.134173 -65.725488 -2309.094574 -4996.793949 0.550000 0.835000 0.016585 0.690729 -0.465955 0.552973 -0.469460 0.292680 0.833034
11.032387 -65.652228 -605.152695 -4784.503463 0.527009 0.848270 -0.051956 0.732388 -0.422300 0.534107 -0.431126 0.319531 0.843819
19.503174 -53.416240 2099.181947 -1376.273192 0.058292 0.937869 0.342059 0.565410 0.251371 -0.785573 0.822748 -0.239196 0.515627
3.236626 -47.672193 1732.693538 1251.283133 0.084204 0.961943 0.259953 0.456479 0.194657 -0.868179 0.885741 -0.191767 0.422716
16.871144 -50.560345 4627.360905 1921.044719 -0.007299 0.905810 0.423622 0.488000 0.372989 -0.789136 0.872813 -0.200968 0.444758
2.175016 -45.434139 704.141546 3671.402180 0.037498 0.919786 0.390625 0.401481 0.344097 -0.848770 0.915099 -0.188656 0.356374
-6.715535 -47.163839 1836.550760 149.277722 0.152796 0.987965 0.024064 0.333393 -0.028608 -0.942354 0.930324 -0.152010 0.333751
-4.701176 -44.810453 702.073844 2578.864196 0.097585 0.974678 0.201195 0.371025 0.151958 -0.916105 0.923481 -0.164047 0.346801
306.864702 -41.754982 63209.698458 301.105627 0.315228 0.768576 -0.556707 -0.558529 0.624510 0.545924 -0.767253 -0.138846 -0.626135
310.642745 -38.028403 113739.490853 539.981857 0.196418 -0.594370 0.779836 -0.478027 0.636363 0.605419 -0.856102 -0.491698 -0.159132
272.209839 -45.466120 -96464.230015 -1987.721477 -0.210201 0.640798 -0.738372 -0.411611 0.627042 0.661358 -0.886787 -0.442940 -0.131954
1.696013 -52.620680 7.156246 22.239972 0.484707 0.874529 -0.016076 0.872821 -0.482400 0.073990 -0.056952 0.049895 0.997129
34.157747 -98.681098 5427.542778 10160.352700 -0.266026 0.952571 -0.147782 0.754762 0.110465 -0.646631 0.599637 0.283561 0.748351
15.680646 -113.329821 3210.681746 12263.022252 -0.303798 0.946183 -0.111555 0.851312 0.217020 -0.477671 0.427755 0.240083 0.871427
38.892175 -94.007933 8427.405496 8224.708238 -0.400246 0.899106 -0.177231 0.636835 0.133821 -0.759298 0.658972 0.416773 0.626144
430.043171 -51.618421 -36143.072132 -6160.442189 0.225159 0.621504 -0.750357 0.810754 -0.546624 -0.209475 -0.540353 -0.561190 -0.626965
442.664097 -48.029880 108448.525562 9014.284296 -0.120600 -0.453029 0.883301 -0.748740 0.625745 0.218705 -0.651801 -0.634986 -0.414665
486.764751 -52.176521 -84720.181378 -8484.128281 0.120678 0.361948 -0.924354 0.815345 -0.567299 -0.115690 -0.566259 -0.739706 -0.363573
-17.597706 -49.299975 -1437.845582 2138.489579 0.167469 0.968718 -0.183139 -0.076043 -0.172517 -0.982067 0.982940 -0.178392 -0.044773
-19.868366 -47.500552 -1505.009350 5004.658683 0.132713 0.977320 -0.165025 -0.158351 -0.143452 -0.976907 0.978423 -0.155780 -0.135722
4.158864 -100.038413 1010.773268 -5431.656262 0.624447 -0.243568 0.742118 0.714823 0.561142 -0.417309 -0.314791 0.791071 0.524512
-0.817586 -106.390566 2163.573833 -5665.859600 0.631170 -0.255123 0.732486 0.758715 0.399299 -0.514696 -0.161170 0.880609 0.445591
-3.355872 -104.750381 1274.677898 -6929.561343 0.649857 -0.231447 0.723960 0.737018 0.424634 -0.525824 -0.185717 0.875282 0.446532
-45.816455 -69.742652 3721.915857 2936.670053 0.958399 0.258505 0.121022 0.280237 -0.932711 -0.226973 -0.054205 -0.251445 0.966352
13.198007 -27.487685 -1460.312922 -2230.376440 -0.263688 0.959369 -0.100395 0.854966 0.280640 0.436204 -0.446655 -0.029187 0.894230
6.006061 -180.537002 311.370715 -11383.374377 0.705513 0.017143 0.708489 0.374596 0.839621 -0.393338 -0.601605 0.542903 0.585942
6.819195 -190.684889 -437.728725 8125.368552 0.683837 -0.008071 0.729590 -0.523421 -0.702073 0.482830 -0.508328 0.712059 0.484328
3.860073 -193.160101 1207.677334 20039.829169 0.687107 -0.041565 0.725366 -0.573205 -0.644483 0.506041 -0.446453 0.763488 0.466654
5.331904 -117.439159 -1987.230496 -10258.733706 -0.554968 -0.090391 -0.826946 0.786469 0.266909 -0.556979 0.271065 -0.959473 -0.077036
0.706481 -126.903352 -1014.638159 -5583.090744 -0.563347 -0.088785 -0.821436 0.726247 0.420849 -0.543554 0.393960 -0.902775 -0.172604
-2.107390 -125.777722 -459.911566 -2050.712176 -0.572402 -0.092362 -0.814755 0.721854 0.414567 -0.554131 0.388951 -0.905319 -0.170628
-2.724068 -173.934052 -18.043687 -16895.260647 0.658983 -0.093741 0.746293 -0.618649 0.496782 0.608672 0.427803 0.862798 -0.269378
-3.025312 -162.543811 316.657736 -20092.476881 0.639004 -0.089575 0.763970 -0.544861 0.648355 0.531755 0.542955 0.756051 -0.365495
-4.725042 -157.083963 -233.090728 -17739.716775 0.658324 -0.097304 0.746419 -0.504818 0.678483 0.533685 0.558362 0.728144 -0.397541
16.410228 -11.877187 -1611.486958 3464.528095 -0.434622 0.882887 -0.177802 0.269119 0.315719 0.909888 -0.859464 -0.347608 0.374821
12.467309 -12.780647 -7712.742349 3127.034401 -0.436438 0.896201 0.079656 0.353299 0.089282 0.931240 -0.827467 -0.434571 0.355593
18.504366 -45.502269 -17460.197595 -2793.181749 -0.227350 -0.093085 -0.969354 -0.366942 0.930238 -0.003267 0.902034 0.354954 -0.245647
16.630301 -50.910403 -10239.715309 -1439.583881 -0.244734 -0.103249 -0.964077 -0.451691 0.891969 0.019136 0.857952 0.440148 -0.264932
27.776856 -56.495311 -6526.024035 -2804.430731 -0.343030 -0.100697 -0.933911 -0.483437 0.871376 0.083615 0.805369 0.480170 -0.347589
5.238007 -159.855553 506.303659 -30448.065937 0.698747 0.178462 0.692751 0.487032 -0.827976 -0.277949 -0.523978 -0.531608 0.665462
7.119199 -130.983541 1061.298072 17303.269797 0.704236 0.180140 0.686732 -0.417199 0.887651 0.194989 -0.574453 -0.423822 0.700270
82.747394 -347.279295 -23133.265491 -40523.048466 -0.649015 -0.053608 -0.758884 0.725648 0.255990 -0.638674 0.228504 -0.965192 -0.127241
96.021980 -345.501251 -11236.247147 -38333.525587 -0.678428 0.101437 -0.727630 0.701707 0.382797 -0.600894 0.217582 -0.918247 -0.330880
-54.955662 -1584.908197 9313.681819 577386.678695 -0.686789 0.462008 -0.561133 -0.209794 0.613144 0.761604 0.695922 0.640784 -0.324174
137.340781 -4382.100619 23532.473078 2731354.761163 -0.762884 0.417857 -0.493359 0.482461 0.875907 -0.004172 0.430393 -0.241210 -0.869816
-45.032475 -7268.923662 -7753.191663 -2171656.820381 0.689839 -0.340576 0.638851 0.639359 0.700561 -0.316915 0.339620 -0.627075 -0.701024
-18.477776 -25.394495 2740.525699 4175.471635 0.623781 0.762995 -0.169517 0.724690 -0.645840 -0.240239 0.292782 -0.027009 0.955798
-14.205207 -38.976311 2186.603202 1063.508456 -0.400769 0.898509 -0.179072 0.513493 0.058417 -0.856103 0.758755 0.435052 0.484790
-7.893045 -39.452679 4286.895777 1695.441899 -0.395226 0.877629 -0.271226 0.531803 -0.022141 -0.846579 0.748987 0.478829 0.457975
-15.514094 -36.830144 -422.388797 722.577469 -0.418727 0.908069 -0.008911 0.392372 0.172063 -0.903570 0.818970 0.381845 0.428348
-9.653142 -41.925773 4427.174094 1111.109995 -0.372436 0.878017 -0.300628 0.622776 -0.003718 -0.782392 0.688071 0.478614 0.545423
-16.855848 -41.342609 2332.664425 676.308659 -0.373901 0.900975 -0.220097 0.613013 0.061988 -0.787637 0.695998 0.429420 0.575487
-18.067526 -39.024158 -548.940318 462.025229 -0.413254 0.909950 -0.034823 0.482860 0.186549 -0.855597 0.772054 0.370394 0.516470
27.424259 -38.200777 426.579052 245.964791 -0.188228 -0.557238 -0.808737 -0.061848 0.828547 -0.556493 0.980176 -0.054728 -0.190420
26.634957 -44.475492 -3953.158159 -2070.139348 -0.228785 -0.430352 -0.873187 -0.067906 0.901847 -0.426685 0.971106 -0.038324 -0.235552
7.942878 -259.863201 -1774.944203 2046.511648 0.899794 0.233586 -0.368521 -0.329984 0.916896 -0.224528 -0.285449 -0.323635 -0.902097
5.953796 -234.352946 -450.553771 -18156.834729 0.918446 0.189793 -0.347038 -0.358714 0.769364 -0.528585 -0.166677 -0.609965 -0.774701
-5.737619 -234.538211 2832.022424 -49649.694079 0.940778 0.188574 -0.281738 -0.338982 0.535974 -0.773190 -0.005201 -0.822905 -0.568156
24.766452 -109.541211 8088.677158 -16597.247843 -0.240830 0.946356 0.215433 0.405549 -0.103540 0.908190 -0.881777 -0.306088 0.358858
12.342986 -80.937936 -2488.679431 -8576.528647 -0.154881 0.955702 0.250292 0.250032 -0.207181 0.945812 -0.955770 -0.209069 0.206867
12.011816 -91.975087 -2570.375242 -5874.572808 -0.231048 0.957151 0.174581 0.424722 -0.062213 0.903184 -0.875345 -0.282827 0.392149
12.584106 -94.346669 1431.908596 -12297.106617 -0.241623 0.943691 0.225977 0.417995 -0.108944 0.901893 -0.875727 -0.312375 0.368135
93.268280 -40.814303 32825.201652 -59.078615 0.733578 -0.642538 0.221377 0.292431 0.004395 -0.956276 -0.613471 -0.766241 -0.191122
