17670
35331
-34.804610 -58.368690 0.958834 8123.226018 0.485136 0.873354 -0.043553 0.683617 -0.409855 -0.603892 0.545262 -0.263196 0.795875
-39.539470 -67.504066 496.269348 7581.559051 0.435133 0.899671 -0.035389 0.761468 -0.388694 -0.518733 0.480444 -0.198771 0.854204
-47.804011 -74.265043 2336.664513 7534.881779 0.232791 0.962716 0.137789 0.877022 -0.146583 -0.457543 0.420287 -0.227356 0.878446
-37.105109 -62.604903 -49.580858 6669.722271 0.536584 0.821281 -0.193844 0.655403 -0.550307 -0.517310 0.531530 -0.150534 0.833556
-39.837379 -67.665473 -611.257295 12493.968809 0.187094 0.955133 0.229601 0.825408 -0.026121 -0.563932 0.532633 -0.295023 0.793262
-29.003553 -45.599212 -3093.249212 7020.215613 0.424449 0.902012 0.078847 0.678248 -0.259045 -0.687659 0.599852 -0.345354 0.721740
-30.415619 -47.797632 79.797435 -4616.736350 0.673181 0.678187 -0.294772 -0.439665 0.687585 0.577860 0.594577 -0.259403 0.761044
175.304756 -118.497641 33303.695185 -11218.377051 -0.721578 0.691757 0.028240 0.533756 0.581818 -0.613671 0.440941 0.427738 0.789057
183.723948 -117.346465 -16994.825311 -8069.823943 -0.500844 0.807728 0.311016 0.506734 0.564950 -0.651193 0.701695 0.168544 0.692255
177.701641 -117.349112 -20550.089719 635.020924 -0.526249 0.800148 0.287794 0.600100 0.589257 -0.540978 0.602447 0.111984 0.790264
172.738719 -109.777384 -40534.978420 1738.783497 0.736635 -0.671800 0.077807 -0.602916 -0.600233 0.525560 0.306368 0.434057 0.847191
176.769282 -113.930151 -51874.003048 5018.061604 -0.292737 0.777356 0.556797 0.652863 0.587941 -0.477593 0.698624 -0.223703 0.679619
176.552762 -109.669029 -37297.699732 5256.297529 -0.425812 0.774996 0.466975 0.708651 0.606545 -0.360441 0.562582 -0.177442 0.807475
151.026682 -97.710118 9471.928087 2947.087450 -0.654355 0.755983 0.017616 0.695029 0.610446 -0.379855 0.297918 0.236316 0.924878
20.664146 -46.797774 -1455.358451 330.517575 -0.588840 0.807565 0.033244 0.741687 0.556235 -0.374837 0.321197 0.196063 0.926494
25.043381 -47.355358 -3307.277814 -30.251353 -0.578185 0.815045 0.037467 0.781286 0.566303 -0.262475 0.235147 0.122487 0.964211
27.641407 -47.454678 -7507.887440 246.879545 -0.573352 0.819159 0.015689 0.764517 0.541795 -0.349245 0.294587 0.188245 0.936900
22.883248 -47.435097 3191.095289 227.265248 -0.565195 0.823888 0.041983 0.779692 0.550117 -0.299084 0.269508 0.136307 0.953303
22.422222 -46.047518 -7886.187065 -140.590605 -0.571124 0.820507 0.024204 0.732750 0.522887 -0.435508 0.369993 0.230994 0.899860
20.823571 -46.591010 6267.796349 1292.376281 -0.595468 0.802824 0.029853 0.718010 0.548493 -0.428505 0.360388 0.233726 0.903046
17.691598 -45.699284 564.332515 282.321724 -0.596417 0.802436 0.019567 0.699687 0.531684 -0.477231 0.393351 0.270938 0.878560
11.337995 -57.614022 3187.116499 -212.854969 -0.045603 0.649397 0.759081 0.624333 0.611712 -0.485816 0.779826 -0.451765 0.433336
18.401242 -68.824826 3152.996632 399.113921 -0.033151 0.612742 0.789588 0.664360 0.603725 -0.440615 0.746677 -0.509964 0.427095
19.257540 -58.649372 2258.459792 -2219.926038 0.031406 0.701320 0.712154 0.723931 0.475310 -0.500004 0.689157 -0.531253 0.492780
9.834168 -52.026214 463.827612 -1024.960138 0.051995 0.741443 0.668999 0.667289 0.472607 -0.575646 0.742982 -0.476346 0.470183
-0.013116 -50.885147 246.084797 722.600378 0.013725 0.700751 0.713274 0.554398 0.588322 -0.588660 0.832139 -0.403517 0.380420
4.246250 -53.041081 -4124.415716 3082.196504 0.094407 -0.607691 -0.788542 0.515802 0.707332 -0.483353 0.851490 -0.361099 0.380225
-6.393138 -45.866800 -1629.204259 -4200.190096 0.639223 0.744267 -0.193548 0.250928 -0.439767 -0.862346 0.726932 -0.502664 0.467867
-3.251132 -47.242880 -1151.749711 -4686.355477 0.635083 0.754237 -0.166720 0.264600 -0.415196 -0.870402 0.725711 -0.508663 0.463255
-4.842319 -41.378790 -714.081984 200.692539 0.629088 0.757800 -0.173168 0.161853 -0.345583 -0.924324 0.760297 -0.553453 0.340055
19.623972 -32.762915 2110.022967 2769.109824 -0.421787 0.906519 0.017837 0.658728 0.292858 0.693045 -0.623035 -0.304067 0.720674
14.374357 -36.398030 3591.755180 2028.728047 -0.374821 0.926198 0.040834 0.626952 0.220781 0.747119 -0.682965 -0.305636 0.663435
11.144547 -29.815615 5508.519242 2373.412982 -0.396975 0.917669 -0.017160 0.659475 0.298186 0.690056 -0.638360 -0.262619 0.723552
18.327488 -26.578252 2317.433095 3226.653739 -0.440279 0.897769 -0.012840 0.683916 0.344599 0.643047 -0.581733 -0.274338 0.765719
9.978992 -23.448909 6331.820525 2278.453493 -0.432771 0.898135 -0.077863 0.675257 0.380171 0.632058 -0.597275 -0.220959 0.770999
4.982898 -52.875718 580.642841 1569.616353 0.600506 0.782863 -0.162844 0.335166 -0.431329 -0.837627 0.725987 -0.448421 0.521404
4.617597 -52.420524 708.973590 344.020086 0.605676 0.773199 -0.187935 0.282412 -0.429692 -0.857676 0.743909 -0.466399 0.478615
5.185269 -49.819519 969.378317 602.093581 0.600576 0.780333 -0.174325 0.266867 -0.401151 -0.876276 0.753718 -0.479749 0.449166
3.598264 -52.050467 -1717.634700 1382.021489 0.634277 0.758607 -0.149027 0.281836 -0.406388 -0.869147 0.719904 -0.509279 0.471565
4.092445 -50.339618 -1870.399741 -355.622284 0.629127 0.763897 -0.143739 0.418100 -0.488453 -0.765902 0.655280 -0.421753 0.626684
14.733382 -88.147284 -816.807328 5983.501549 0.609378 0.719601 -0.332915 0.685547 -0.267239 0.677206 0.398350 -0.640904 -0.656170
18.768260 -91.031572 -3056.283964 7558.995083 0.576039 0.731097 -0.365619 0.721798 -0.245006 0.647287 0.383651 -0.636765 -0.668837
13.434333 -95.443871 -1294.050550 -852.828040 0.587907 0.730392 -0.347696 0.773518 -0.381812 0.505856 0.236719 -0.566345 -0.789441
10.329292 -91.882578 -133.306167 -88.893299 0.612128 0.711322 -0.345427 0.753418 -0.391984 0.527930 0.240127 -0.583412 -0.775867
10.265933 -85.620347 -429.858306 3977.788324 0.638681 0.690737 -0.339072 0.676374 -0.293855 0.675402 0.366887 -0.660706 -0.654876
15.859425 -75.578715 -1860.327887 -8734.303754 0.631400 0.696844 -0.340209 -0.584742 0.139694 -0.799101 0.509324 -0.703487 -0.495677
-5.951428 -109.570880 -1268.717061 6100.193101 -0.129634 -0.955575 -0.264710 0.991044 -0.133488 -0.003459 -0.032030 -0.262788 0.964322
-7.072509 -95.902204 609.749638 8994.915373 -0.142903 -0.946616 -0.288958 0.956898 -0.057561 -0.284663 0.252834 -0.317182 0.914041
-5.945151 -105.745570 2831.711784 4502.177885 -0.120592 -0.947203 -0.297092 0.992313 -0.123401 -0.009355 -0.027801 -0.295936 0.954803
-1.050836 -98.395755 -806.294000 8973.154167 0.047667 0.988744 0.141823 0.236388 -0.149117 0.960148 -0.970489 0.012243 0.240835
0.141927 -115.861334 -2754.804557 14735.059192 0.016695 0.994328 0.105040 0.039173 -0.105625 0.993634 -0.999093 0.012474 0.040714
2.481158 -115.979872 42.801359 13589.182332 0.061748 0.991288 0.116341 0.035100 -0.118648 0.992316 -0.997474 0.057190 0.042121
1.549675 -99.823983 53.602849 7413.585854 0.060447 0.988266 0.140272 0.232311 -0.150599 0.960912 -0.970761 0.025498 0.238689
-12.394985 -46.016545 -2516.115639 -5290.342895 0.544996 0.825547 -0.146465 0.805294 -0.564034 -0.182668 0.233412 0.018394 0.972204
-8.299261 -46.911875 -1930.996717 -6281.612997 0.553114 0.821102 -0.140915 0.796319 -0.570780 -0.200215 0.244828 0.001472 0.969565
-14.944018 -46.400849 -917.326820 1289.516132 0.548669 0.814482 -0.188629 0.741669 -0.578319 -0.339814 0.385860 -0.046545 0.921382
-16.948255 -47.045629 -1035.745269 1565.291177 0.541940 0.809279 -0.226647 0.749718 -0.587405 -0.304759 0.379768 0.004760 0.925069
-15.132145 -49.044563 -2420.527514 -4037.963850 0.565362 0.806845 -0.171368 0.790163 -0.589384 -0.168136 0.236661 0.040351 0.970754
-15.466466 -50.260723 -986.977507 6036.501802 0.541577 0.811769 -0.218462 0.674012 -0.574611 -0.464253 0.502397 -0.104182 0.858338
-15.225280 -48.434026 2693.068373 5432.467411 0.539538 0.808918 -0.233560 0.656618 -0.577892 -0.484658 0.527022 -0.108132 0.842945
-14.734564 -50.063551 2433.040334 5725.249588 0.530255 0.821167 -0.210986 0.669480 -0.558225 -0.490084 0.520218 -0.118619 0.845756
1.594259 -36.852976 -3431.462817 -1699.376832 0.625628 -0.357758 0.693252 -0.408859 0.606456 0.681943 0.664397 0.710085 -0.233143
2.866829 -36.375323 2996.894353 -2968.963347 -0.626616 0.370641 -0.685549 -0.347264 0.654715 0.671383 0.697681 0.658766 -0.281545
8.966810 -34.405874 4845.538029 -1552.252684 -0.590205 0.297699 -0.750356 -0.430246 0.670488 0.604429 0.683043 0.679574 -0.267642
5.689639 -31.188468 -4741.990779 1870.618514 0.600129 -0.296369 0.742974 -0.483192 0.605904 0.631986 0.637472 0.738272 -0.220417
6.205280 -93.059825 949.556134 3571.444114 0.088186 0.945844 0.312413 -0.054671 -0.308566 0.949631 -0.994603 0.100824 -0.024499
5.813456 -87.283777 88.926493 3060.537663 0.069291 0.957330 0.280569 0.112918 -0.286964 0.951263 -0.991185 0.034233 0.127984
6.098355 -95.075091 -299.090519 2885.537315 0.061391 0.954424 0.292071 -0.039042 -0.290103 0.956199 -0.997350 0.070105 -0.019453
17.450650 -45.586423 -7167.778265 1043.788045 -0.159398 -0.911004 0.380346 0.987174 -0.150551 0.053113 0.008876 0.383934 0.923318
17.942010 -43.089828 -7220.197561 -1371.771778 -0.098393 -0.925294 0.366265 0.993809 -0.110448 -0.012048 0.051601 0.362812 0.930433
26.546636 -47.187695 -5010.975697 911.530784 -0.052149 -0.948714 0.311804 0.997836 -0.062021 -0.021821 0.040041 0.309992 0.949896
31.933366 -49.693046 -4807.106554 4714.553818 -0.148473 -0.945130 0.291006 0.988312 -0.131522 0.077085 -0.034582 0.299050 0.953611
-13.833030 -58.006577 -2125.890629 -2.808336 -0.392285 -0.909100 0.140176 0.916911 -0.398626 -0.019269 0.073396 0.120970 0.989939
-9.820217 -60.990526 -1924.803015 739.563235 -0.412943 -0.894799 0.169743 0.908699 -0.417313 0.010778 0.061192 0.158696 0.985429
-12.316756 -63.173481 -1454.098322 -58.199756 -0.442136 -0.885681 0.141719 0.895471 -0.426800 0.126388 -0.051453 0.182786 0.981805
-15.848749 -184.721543 322.057475 13884.677863 0.483417 -0.102323 0.869390 -0.310631 0.908464 0.279646 -0.818423 -0.405245 0.407382
-12.968764 -173.568074 116.623144 17821.644816 0.497882 -0.094680 0.862061 -0.095626 0.981968 0.163078 -0.861956 -0.163629 0.479851
-12.435884 -153.393334 699.844832 12660.415946 0.485047 -0.154903 0.860659 -0.018892 0.982101 0.187407 -0.874284 -0.107161 0.473438
-13.619309 -165.261212 -518.741584 10969.585621 0.467151 -0.145148 0.872182 -0.250691 0.924210 0.288080 -0.847894 -0.353225 0.395358
-13.302690 -178.518826 -826.617646 11265.783253 0.444888 -0.091350 0.890915 -0.491640 0.806578 0.328209 -0.748575 -0.584026 0.313926
-16.281919 -194.062498 1570.184457 -5570.215357 -0.445886 0.064130 -0.892789 0.598658 -0.720144 -0.350716 -0.665428 -0.690855 0.282711
-6.572004 -104.786598 294.496406 7642.032022 0.469885 -0.223649 0.853926 0.497127 0.866424 -0.046629 -0.729433 0.446420 0.518302
-3.264408 -106.600674 512.041436 -2068.156562 0.493870 -0.196484 0.847046 0.556619 0.819830 -0.134366 -0.668032 0.537841 0.514256
-8.061197 -112.485014 -3867.556827 4276.741685 0.429078 -0.223802 0.875103 0.421107 0.906656 0.025396 -0.799100 0.357615 0.483271
-8.798480 -117.638195 -344.062885 10411.228154 0.455720 -0.233960 0.858826 0.343590 0.936298 0.072745 -0.821136 0.261933 0.507076
27.289951 -41.242132 -2606.395592 4033.409714 -0.048247 -0.384394 -0.921908 0.236922 0.892238 -0.384422 0.970330 -0.236967 0.048024
22.204612 -33.580103 3237.209051 312.300432 -0.040387 -0.344526 -0.937908 0.183610 0.920130 -0.345902 0.982169 -0.186179 0.026097
27.385786 -37.143870 -4680.653845 760.765401 -0.025562 -0.321161 -0.946679 0.179332 0.930153 -0.320397 0.983456 -0.177960 0.033818
33.969940 -46.194159 -9681.882467 3278.977228 -0.050888 -0.339382 -0.939271 0.223284 0.912817 -0.341921 0.973424 -0.227124 0.029327
-1.288518 -293.096010 6519.564431 278.425710 -0.448222 -0.060288 -0.891887 -0.199034 0.979409 0.033822 0.871483 0.192676 -0.450992
-8.281088 -236.464265 6272.881114 15080.935565 -0.460506 -0.034625 -0.886981 -0.464840 0.860679 0.207739 0.756213 0.507970 -0.412442
-9.723406 -269.443355 322.347274 32769.221898 -0.425968 0.016845 -0.904582 -0.428862 0.876603 0.218275 0.796636 0.480919 -0.366181
-12.676469 -264.915511 -5169.338748 -13551.591618 0.437980 0.031517 0.898432 0.667944 -0.680291 -0.301754 0.601685 0.732264 -0.319005
-0.400636 -322.516062 -717.233732 12338.802288 -0.423397 0.014650 -0.905826 -0.048069 0.998098 0.038610 0.904668 0.059889 -0.421887
616.739603 -3275.327033 -156687.756086 1786917.149328 -0.387669 0.068473 -0.919252 -0.288457 0.938141 0.191529 0.875503 0.339414 -0.343937
-9.287474 -305.956472 3747.328590 -35881.564143 0.401395 -0.052775 0.914383 0.612854 -0.726440 -0.310958 0.680655 0.685200 -0.259246
1.842573 -547.143534 4425.286855 153198.527123 0.152686 -0.303863 0.940401 0.845318 0.533115 0.035012 -0.511980 0.789592 0.338260
4.916180 -400.154063 -3091.500112 106411.641733 0.013647 -0.292202 0.956259 0.892221 0.435288 0.120276 -0.451393 0.851553 0.266649
-2.568368 -305.213804 3861.113821 28873.329118 0.165004 -0.319470 0.933120 0.967680 0.235372 -0.090531 -0.190709 0.917899 0.347982
1.296075 -378.410743 94.423584 43183.204665 0.206781 -0.214934 0.954487 0.943854 0.300727 -0.136759 -0.257646 0.929175 0.265051
-7.934415 -254.183701 3723.842058 21134.527283 0.208796 -0.245188 0.946724 0.977575 0.079441 -0.195026 -0.027391 0.966215 0.256277
-20.062371 -33.463558 2840.213733 1302.224404 -0.606957 0.574931 -0.548686 0.237934 -0.527276 -0.815700 0.758281 0.625646 -0.183239
-14.853549 -33.056485 2127.705685 1359.840500 -0.652157 0.604203 -0.457854 0.145194 -0.493230 -0.857696 0.744050 0.625830 -0.233936
-12.924385 -37.112040 1690.479409 1596.157120 -0.635003 0.563241 -0.528707 0.255131 -0.493094 -0.831725 0.729164 0.663037 -0.169416
-16.857941 -39.399433 2448.056304 2352.712555 -0.581701 0.530219 -0.616841 0.355188 -0.516647 -0.779049 0.731755 0.672267 -0.112207
-10.649681 -42.934567 -1226.214964 -2599.093550 0.610389 -0.535735 0.583449 -0.368175 0.460291 0.807824 0.701336 0.707898 -0.083712
-9.338779 -61.814605 -2461.281911 10437.878598 0.476857 0.749128 -0.459798 0.817588 -0.185957 0.544950 0.322735 -0.635788 -0.701153
-8.519417 -60.556583 -1425.001253 1897.972356 0.511381 0.747448 -0.424041 0.775986 -0.189623 0.601572 0.369236 -0.636682 -0.676979
-7.504519 -60.674745 -3119.842629 4323.785862 0.490250 0.731252 -0.474262 0.821122 -0.205047 0.532648 0.292254 -0.650558 -0.700972
12.770930 -90.740622 -2175.234575 16010.036739 0.216500 0.976152 0.015966 -0.136838 0.046534 -0.989500 0.966645 -0.212042 -0.143649
9.176770 -112.318817 4637.280036 12003.387363 0.166217 0.985898 -0.019420 -0.047342 -0.011693 -0.998810 0.984952 -0.166939 -0.044731
14.613127 -96.710858 -2989.651621 90.060043 0.241647 0.961950 -0.127513 0.113376 -0.158496 -0.980829 0.963718 -0.222557 0.147362
4.528850 -132.803051 1834.874511 7872.428167 0.180672 0.979713 0.086715 -0.269728 0.134140 -0.953548 0.945835 -0.148890 -0.288491
16.683308 -76.291644 -7592.603675 4256.958914 0.265849 0.960173 -0.085973 0.006990 -0.091100 -0.995817 0.963989 -0.264136 0.030931
12.323899 -102.291800 -2768.967813 5614.772877 0.218397 0.965020 0.145049 -0.281175 0.204562 -0.937601 0.934475 -0.163985 -0.316016
17.048617 -77.165936 -7447.495640 5707.485955 0.245638 0.966766 0.070897 -0.150189 0.110211 -0.982495 0.957656 -0.230690 -0.172270
-23.976451 -166.381567 6621.624367 44094.155702 -0.211694 0.439574 0.872903 0.271658 0.884415 -0.379489 -0.938823 0.156795 -0.306639
-25.789284 -97.066889 15029.641455 16902.866389 -0.108572 0.679788 0.725327 0.462353 0.680451 -0.568521 -0.880024 0.273631 -0.388180
-66.147727 -229.846446 21495.109028 73212.872641 -0.230271 0.343754 0.910389 0.325873 0.908755 -0.260711 -0.916941 0.236637 -0.321281
-47.895591 -308.206067 13050.017794 83830.267225 -0.153290 0.248037 0.956546 0.000367 0.968000 -0.250948 -0.988181 -0.038117 -0.148475
-1.203849 -76.875972 -285.854490 860.187821 0.368104 0.910298 -0.189357 0.517359 -0.031314 0.855195 -0.772553 0.412767 0.482478
-1.776342 -72.196599 -30.246420 5294.755767 0.368783 0.909072 -0.193877 0.452404 0.006664 0.891788 -0.811991 0.416587 0.408810
-1.050813 -78.093904 -453.019037 3171.383366 0.350119 0.916046 -0.195643 0.451061 0.018174 0.892308 -0.820951 0.400660 0.406830
23.178879 -35.162966 -2152.206113 1003.452720 0.393147 -0.357632 0.847074 0.222531 0.930879 0.289732 -0.892141 0.074593 0.445557
19.102413 -24.206886 -1889.783873 3401.619102 0.401303 -0.357768 0.843183 0.316329 0.918054 0.238983 -0.859588 0.170818 0.481590
21.223826 -34.122562 1424.509323 1770.295774 0.467384 -0.319465 0.824314 0.225721 0.944643 0.238116 -0.854753 0.074773 0.513621
26.421757 -42.269926 1549.877642 2196.091186 0.467706 -0.318176 0.824631 0.142592 0.947903 0.284865 -0.872307 -0.015648 0.488709
26.422530 -41.876269 -2437.427490 2152.019744 0.384786 -0.354943 0.852030 0.160559 0.934770 0.316901 -0.908934 0.014862 0.416676
-42.835435 -60.613996 3286.162578 2524.480414 -0.296495 0.203308 0.933143 0.933419 0.268394 0.238106 -0.202041 0.941611 -0.269349
-38.979124 -58.251682 2506.194704 1635.213499 -0.173362 0.188496 0.966651 0.980494 0.125328 0.151405 -0.092609 0.974044 -0.206547
-45.939973 -59.068990 3862.312306 1997.712527 -0.269545 0.272011 0.923772 0.960341 0.146995 0.236932 -0.071342 0.951001 -0.300845
-39.579349 -55.676986 4104.317061 82.927063 -0.161426 0.240468 0.957140 0.986435 0.010021 0.163849 0.029809 0.970605 -0.238824
-52.400969 -64.196911 3940.112764 4075.580458 -0.488646 0.254943 0.834403 0.856272 0.323624 0.402573 -0.167399 0.911193 -0.376438
-49.463657 -56.682044 3859.861234 342.414561 -0.307252 0.341924 0.888079 0.950341 0.061722 0.305029 0.049482 0.937698 -0.343909
-52.838336 -60.863925 2886.336463 4091.250658 -0.587073 0.290760 0.755516 0.807641 0.274148 0.522071 -0.055325 0.916680 -0.395775
1.854156 -19.695074 3680.131662 -1293.058961 -0.192614 0.981270 -0.003154 -0.415224 -0.078592 0.906318 -0.889094 -0.175879 -0.422584
1.765163 -20.899425 4305.039975 806.240393 -0.242074 0.963358 0.115508 -0.414933 -0.210400 0.885190 -0.877058 -0.166353 -0.450662
-5.435915 -18.164922 -483.228159 -1037.794816 -0.131982 0.974729 -0.180233 -0.473793 0.097677 0.875203 -0.870690 -0.200905 -0.448928
-6.491173 -22.404965 1027.081504 -2486.373267 -0.080427 0.959521 -0.269909 -0.454443 0.205707 0.866698 -0.887137 -0.192364 -0.419504
-7.257434 -16.956941 -344.167415 -1413.026688 -0.117092 0.964639 -0.236136 -0.492838 0.149988 0.857096 -0.862206 -0.216736 -0.457849
-7.457090 -16.877028 -1284.622845 1648.979574 -0.261381 0.965161 0.012015 -0.463579 -0.136443 0.875487 -0.846625 -0.223266 -0.483092
-14.224968 -39.053993 -2946.949608 -1424.285263 -0.343458 0.859142 0.379357 -0.476775 0.188507 -0.858575 0.809149 0.475752 -0.344873
-20.633157 -36.974825 -4066.224475 -819.419199 -0.314601 0.820894 0.476612 -0.523588 0.268742 -0.808476 0.791759 0.503896 -0.345264
-16.575357 -33.365586 -3534.708423 -2690.470660 -0.264646 0.790159 0.552821 -0.459503 0.400674 -0.792665 0.847832 0.463798 -0.257044
-10.300692 -34.362477 -2860.154417 -2691.002677 -0.332122 0.858705 0.390283 -0.408617 0.241945 -0.880054 0.850134 0.451762 -0.270526
-9.549978 -27.600442 -2931.010489 -3942.502070 -0.301752 0.829380 0.470186 -0.374182 0.350576 -0.858536 0.876888 0.435000 -0.204552
-5.255890 -66.736330 -1054.859773 3625.826058 -0.589117 0.803157 -0.088770 -0.246046 -0.073656 0.966456 -0.769677 -0.591197 -0.241005
-4.810806 -58.554844 -208.259186 -6958.098279 -0.602710 0.796862 -0.041846 -0.181595 -0.085906 0.979614 -0.777023 -0.598022 -0.196483
-5.467596 -58.049643 -150.742433 -5096.091611 -0.593140 0.803828 -0.045236 -0.191488 -0.086278 0.977696 -0.781996 -0.588572 -0.205098
9.586305 -58.684464 -360.905037 -2644.882865 -0.386534 0.878806 -0.279806 -0.330191 -0.415140 -0.847722 0.861142 0.235284 -0.450639
12.441111 -53.637030 643.801394 -2552.253010 -0.404072 0.867561 -0.289938 -0.225007 -0.401498 -0.887790 0.886621 0.293493 -0.357442
11.359423 -54.553463 1896.114219 -3280.438904 -0.433353 0.858736 -0.273455 -0.277131 -0.415700 -0.866251 0.857556 0.299610 -0.418128
9.963440 -59.802393 572.286874 -2928.192661 -0.417253 0.863937 -0.281979 -0.403137 -0.454038 -0.794563 0.814482 0.217858 -0.537734
4.022714 -72.400933 388.509869 -3107.883641 -0.460982 0.887070 -0.024556 0.698198 0.345474 -0.627030 0.547736 0.306195 0.778608
5.043822 -75.026111 1009.844881 -2769.015220 -0.455761 0.888931 -0.045641 0.648774 0.296650 -0.700779 0.609405 0.348998 0.711917
3.771937 -76.450008 249.801650 -2054.548288 -0.434919 0.899388 -0.044114 0.592554 0.248967 -0.766090 0.678030 0.359327 0.641217
4.205974 -76.983797 -877.809275 -2881.824121 -0.438347 0.898798 -0.003721 0.674199 0.326066 -0.662674 0.594397 0.292990 0.748899
4.035280 -72.119951 -293.461860 -2457.730063 -0.478967 0.877832 0.001150 0.748999 0.409355 -0.520989 0.457811 0.248675 0.853563
4.452781 -68.391480 111.442193 -2043.204052 -0.475286 0.879829 -0.002031 0.761039 0.409955 -0.502749 0.441500 0.240496 0.864430
3.750989 -66.977789 -310.612542 -1870.466072 -0.465900 0.884743 0.012914 0.751303 0.403257 -0.522424 0.467419 0.233695 0.852588
-13.727410 -113.324649 1202.006897 1809.293565 -0.484882 0.874567 -0.004693 0.851302 0.470741 -0.231706 0.200433 0.116345 0.972775
-12.836159 -112.011182 1483.813056 -2336.809734 -0.491065 0.871122 -0.001397 0.870989 0.490961 -0.018325 0.015277 0.010215 0.999831
-13.472832 -113.558755 2657.510727 630.488117 -0.474742 0.880068 0.009987 0.863364 0.467875 -0.188932 0.170945 0.081072 0.981939
-14.755346 -113.070967 650.880471 5946.739035 -0.447300 0.893873 0.030244 0.803542 0.416487 -0.425275 0.392738 0.165923 0.904559
-15.387131 -106.589018 -1156.257789 5749.228619 -0.451634 0.891903 0.023148 0.768653 0.402135 -0.497453 0.452989 0.206874 0.867182
-0.024616 -59.199421 -426.889251 -3765.329083 0.667026 -0.744411 -0.030469 0.702670 0.614977 0.357852 -0.247651 -0.260106 0.933281
-1.721066 -54.732449 -994.387419 3080.291601 0.676292 -0.736228 -0.024432 -0.671461 -0.602478 -0.431463 -0.302935 -0.308200 0.901800
-0.792412 -62.508326 -203.842571 -4164.246669 0.669861 -0.741837 -0.031044 0.711950 0.629883 0.310442 -0.210743 -0.230055 0.950085
-9.295213 -40.952063 -904.996395 1804.306081 -0.777432 -0.141823 0.612769 -0.111523 0.989892 0.087614 -0.619001 -0.000224 -0.785390
-13.403724 -42.237885 -2718.727832 2452.713712 -0.761154 -0.191642 0.619612 -0.130161 0.981048 0.143538 -0.635377 0.028605 -0.771672
-9.507759 -35.338950 -1671.706304 3067.829251 -0.758367 -0.273179 0.591822 -0.159308 0.958085 0.238104 -0.632061 0.086288 -0.770100
-7.957918 -32.332784 527.467177 2718.906435 -0.767931 -0.230488 0.597627 -0.140157 0.970870 0.194339 -0.625010 0.065477 -0.777866
-9.235531 -35.898300 1460.627475 1208.904702 -0.787160 -0.078539 0.611728 -0.071897 0.996782 0.035460 -0.612544 -0.016069 -0.790273
44.421662 -41.240117 17043.172692 -1247.046193 -0.162021 0.910631 0.380131 0.512136 -0.251680 0.821203 -0.843484 -0.327731 0.425589
67.172184 -44.563966 16520.495626 3751.813369 -0.193457 0.857661 0.476436 0.629393 -0.264028 0.730858 -0.752621 -0.441256 0.488728
59.409275 -40.405100 9105.177881 -497.856525 -0.245460 0.796142 0.553088 0.546393 -0.357659 0.757321 -0.800752 -0.488096 0.347216
33.476764 -40.583626 11971.818154 -3721.304894 -0.196641 0.874016 0.444329 0.425711 -0.332123 0.841703 -0.883234 -0.354669 0.306769
46.839377 -38.969435 7742.933609 -3004.143938 -0.257525 0.765865 0.589178 0.459081 -0.439556 0.772033 -0.850251 -0.469298 0.238398
-6.631625 -48.595514 115.043542 1362.134880 -0.526343 0.835460 0.158020 0.433215 0.103585 0.895318 -0.731634 -0.539701 0.416455
-7.502261 -45.236240 216.064139 2009.175185 -0.512629 0.846202 0.145445 0.404794 0.088799 0.910086 -0.757201 -0.525412 0.388058
-6.342800 -44.405932 -782.624033 -321.476094 -0.555006 0.820511 0.136857 0.337162 0.071487 0.938729 -0.760454 -0.567143 0.316321
-5.739238 -46.727504 -991.259564 -111.867275 -0.553791 0.818371 0.153571 0.375476 0.080823 0.923301 -0.743191 -0.568978 0.352038
-4.825895 -48.837401 -1173.621006 -3613.525324 -0.590949 0.800713 0.098174 0.240221 0.058489 0.968954 -0.770112 -0.596186 0.226912
-6.726623 -46.160993 -1045.828795 -4432.504506 -0.574144 0.813236 0.094896 0.210532 0.034633 0.976973 -0.791224 -0.580902 0.191097
2.532550 -117.666940 -762.040358 -1376.843327 0.721040 -0.681615 0.124508 -0.689246 -0.723983 0.028079 -0.071002 0.106063 0.991821
-0.169990 -118.328126 -1629.687707 3902.742738 0.738145 -0.661801 0.131002 -0.672773 -0.707645 0.215904 0.050183 0.247503 0.967587
2.871012 -121.262779 -156.108639 1702.104912 0.734281 -0.669873 0.110010 -0.678190 -0.716754 0.162241 0.029830 0.193738 0.980600
-12.993548 -92.146394 -1783.199300 3098.870116 -0.559729 0.828615 0.010016 -0.619816 -0.410602 -0.668755 0.550028 0.380530 -0.743415
-13.881125 -92.723416 964.497066 4849.231833 -0.584240 0.809999 0.050658 -0.680421 -0.454842 -0.574583 0.442370 0.370163 -0.816877
-14.297682 -94.279196 673.153378 606.969424 -0.600786 0.798901 0.028510 -0.546213 -0.384197 -0.744341 0.583702 0.462763 -0.667190
-12.290657 -93.560228 -2363.558436 -655.330439 -0.565698 0.824530 -0.011681 -0.472518 -0.335732 -0.814869 0.675805 0.455450 -0.579528
-11.245979 -90.737690 -2155.154997 1962.962087 -0.535659 0.844389 -0.008774 -0.621624 -0.401332 -0.672694 0.571537 0.354880 -0.739869
-11.210032 -88.696036 -1587.268106 3694.167123 -0.547317 0.836631 0.022209 -0.724479 -0.460329 -0.513057 0.419016 0.296895 -0.858067
4.486032 -125.733205 524.981688 -1654.572656 0.723845 -0.683656 0.093074 -0.685520 -0.697330 0.209267 0.078164 0.215281 0.973419
2.486620 -124.098189 1795.816688 1896.663925 0.715323 -0.693871 0.082804 0.692718 0.719699 0.046633 -0.091951 0.024003 0.995474
4.421252 -226.381802 2397.439669 3622.385579 -0.641183 0.756554 -0.128496 -0.000326 -0.167714 -0.985836 0.767388 0.632059 -0.107782
0.026800 -202.098576 491.400766 1732.177431 -0.640448 0.759318 -0.115164 -0.098144 -0.229642 -0.968314 0.761705 0.608852 -0.221596
0.828273 -207.867556 951.330241 -3788.870630 -0.628747 0.772797 -0.086381 -0.292194 -0.337740 -0.894737 0.720624 0.537323 -0.438160
5.298921 -230.773731 1681.674548 10056.885714 -0.638139 0.763696 -0.097708 -0.079340 -0.191459 -0.978289 0.765822 0.616532 -0.182769
2.111721 -210.702836 1829.897413 8909.763424 -0.623051 0.779126 -0.069065 -0.344952 -0.352947 -0.869734 0.702009 0.518064 -0.488665
3.156898 -122.753983 1264.533036 9492.965052 -0.585108 0.806033 0.089217 0.810034 0.575654 0.111656 0.038640 0.137600 -0.989734
7.445707 -123.541209 1506.511080 11625.621255 -0.578178 0.812176 0.077979 0.812077 0.563574 0.151380 0.079000 0.150850 -0.985395
5.092059 -109.903979 1428.206500 8589.591241 -0.592599 0.801027 0.084751 0.785315 0.551138 0.282004 0.179183 0.233672 -0.955662
0.608174 -114.324099 915.002128 6780.972411 -0.596876 0.797841 0.084786 0.798528 0.580438 0.159513 0.078053 0.162914 -0.983548
1.279848 -127.076543 580.941043 -4378.536747 -0.580209 0.810701 0.078247 -0.808423 -0.584922 0.065722 -0.099049 0.025124 -0.994765
-5.954119 -40.586532 834.950775 1321.651749 -0.425087 0.761551 0.489225 -0.328645 -0.633460 0.700515 -0.843382 -0.136999 -0.519556
-2.004855 -37.085209 -478.401196 5374.190034 -0.430402 0.779628 0.454900 -0.252376 -0.587808 0.768628 -0.866637 -0.216014 -0.449753
-2.342728 -35.261705 947.468207 5281.413824 -0.435420 0.717981 0.543058 -0.196950 -0.664607 0.720769 -0.878419 -0.206882 -0.430790
-6.825601 -36.498824 -205.197247 -2974.054864 -0.445465 0.697295 0.561552 0.243284 0.697899 -0.673609 -0.861611 -0.163453 -0.480531
-0.573139 -85.680617 -369.118321 1361.727592 0.688346 -0.724553 -0.034666 0.673026 0.620107 0.403117 0.270583 0.300816 -0.914491
-0.357525 -85.762386 -270.803254 2297.228582 -0.679990 0.732811 0.024547 0.710108 0.649845 0.271012 0.182648 0.201717 -0.962263
-2.689597 -93.378395 -424.399510 4460.615721 -0.652264 0.757305 0.032256 0.742442 0.629729 0.228519 0.152746 0.173003 -0.973005
-2.091128 -89.464887 -320.476845 3169.387497 -0.656013 0.753978 0.034126 0.701041 0.591956 0.397655 0.279623 0.284790 -0.916900
-38.577532 -540.294862 -8292.029372 170483.694576 -0.698721 0.679677 0.223223 0.470235 0.671496 -0.572688 0.539136 0.295182 0.788796
-20.607398 -2680.661045 -32303.382910 920700.541756 -0.612319 0.780070 0.128673 0.493688 0.504378 -0.708431 0.617525 0.370262 0.693952
-38.340690 -231.167366 -17380.078869 54061.069254 -0.726718 0.636901 0.257370 0.252745 0.596287 -0.761946 0.638750 0.488671 0.594306
-82.459686 -297.384028 9031.705106 -114210.893190 0.797080 -0.562989 -0.218419 -0.191294 -0.578471 0.792955 0.572774 0.590266 0.568784
-34.063187 -1472.525933 -8291.835777 573952.808754 0.780078 -0.599575 -0.178854 0.307093 0.615950 -0.725465 0.545135 0.510995 0.664614
-100.175147 -3479.698674 -25328.581384 1660701.887594 -0.630459 0.757756 0.168305 0.664547 0.638962 -0.387434 0.401121 0.132414 0.906404
5.530070 -18.106534 4959.503675 3870.764684 0.563571 -0.213310 0.798052 0.265307 0.961643 0.069681 -0.782305 0.172459 0.598546
-2.109672 -8.107887 4374.623856 2793.030502 0.625114 0.021367 0.780241 0.158945 0.975195 -0.154050 -0.764179 0.220314 0.606212
-5.345063 -18.195690 3824.401573 3330.824513 0.589333 -0.046926 0.806526 0.172355 0.982632 -0.068768 -0.789291 0.179536 0.587185
-10.680936 -26.986011 3135.952170 3862.233631 0.589920 0.064364 0.804892 0.079065 0.987423 -0.136908 -0.803581 0.144404 0.577412
0.226484 -28.344393 5763.653738 3526.979570 0.581364 -0.149459 0.799799 0.179125 0.982377 0.053374 -0.793682 0.112235 0.597890
-6.487803 -65.145262 -45.348634 1211.303421 -0.723866 0.689137 -0.033282 -0.625055 -0.675450 -0.391247 0.292103 0.262407 -0.919684
-4.821404 -68.092897 23.704108 -3075.425940 -0.711444 0.702145 -0.028970 -0.669354 -0.689622 -0.276381 0.214038 0.177238 -0.960611
-6.346757 -68.722234 -876.407218 2523.924527 -0.724113 0.688963 -0.031468 0.649303 0.696391 0.305688 0.232521 0.200920 -0.951612
-7.187339 -67.072499 -606.301184 -2128.456375 -0.742055 0.669040 -0.041709 0.595753 0.686735 0.416500 0.307299 0.284218 -0.908178
0.714028 -63.288204 1461.263357 1479.367150 -0.459975 0.887840 0.012763 0.447779 0.244351 -0.860109 0.766757 0.389914 0.509951
2.810113 -60.768188 1508.385801 646.321446 -0.469320 0.882030 0.041968 0.438838 0.274216 -0.855702 0.766264 0.383181 0.515763
3.699187 -63.252681 2575.347688 -790.357897 -0.480664 0.876186 0.035506 0.551733 0.333648 -0.764375 0.681581 0.347818 0.643793
-13.746088 -94.497069 624.946970 3858.706545 -0.614806 0.787312 0.046417 -0.624994 -0.450466 -0.637545 0.481037 0.420976 -0.769014
-25.920828 -37.270175 -2365.115350 -880.463337 -0.434224 0.712964 0.550575 0.266282 -0.482296 0.834556 -0.860548 -0.508992 -0.019575
-26.711884 -38.898492 -896.424623 -85.714191 -0.332028 0.656407 0.677413 0.367756 -0.571243 0.733782 -0.868627 -0.492759 0.051729
-28.374681 -37.208455 -681.484411 1672.434270 -0.309756 0.604514 0.733903 -0.297805 0.671346 -0.678680 -0.902975 -0.428786 -0.027926
45.733785 -1233.691952 -36424.207854 -677313.322161 0.312134 0.507862 0.802900 0.096140 0.823901 -0.558520 -0.945161 0.251524 0.208342
-134.332134 -4141.733295 23978.448870 2407794.614265 -0.807796 -0.346274 0.477032 -0.230894 0.930475 0.284436 -0.542360 0.119622 -0.831587
418.406924 -8400.039228 1915600.939157 -11190125.392144 -0.228305 -0.073890 0.970782 -0.535978 0.841955 -0.061965 -0.812775 -0.534465 -0.231826
-114.043597 -871.250253 3175.921024 -314445.832568 0.905385 0.316603 -0.282914 -0.405336 0.446111 -0.797927 0.126414 -0.837107 -0.532233
438.737241 -307.075492 99934.696393 -205242.838205 -0.200535 -0.296842 -0.933633 0.853114 -0.521433 -0.017454 -0.481646 -0.799995 0.357806
-2.293555 -73.181587 1409.165664 4893.517307 0.527390 0.389153 0.755261 0.828878 -0.040423 -0.557967 -0.186605 0.920286 -0.343879
-0.781568 -110.925184 4126.137637 23467.215669 0.665356 0.377892 0.643816 0.723090 -0.111833 -0.681641 -0.185586 0.919071 -0.347659
4.500262 -75.519171 1504.598173 2360.699826 0.460828 0.368410 0.807410 0.883351 -0.102654 -0.457332 -0.085602 0.923979 -0.372741
17.858252 -102.862879 -509.311043 10181.494614 0.842233 -0.028010 0.538386 0.538989 0.022275 -0.842018 -0.011593 -0.999359 -0.033858
19.896816 -124.194204 -776.478212 19275.285891 0.885555 -0.007640 0.464471 0.456560 -0.170151 -0.873271 -0.085702 -0.985388 0.147190
20.646623 -87.261655 981.128861 18913.091085 0.882816 0.044917 0.467566 0.468174 -0.003476 -0.883629 0.038064 -0.998985 0.024097
-0.439690 -51.784361 -264.423042 2959.740617 -0.563607 0.809618 -0.163912 -0.658597 -0.320652 0.680759 -0.498596 -0.491632 -0.713933
-2.017563 -55.769132 1179.997136 2386.113711 -0.570902 0.808902 -0.140530 -0.643306 -0.334375 0.688731 -0.510126 -0.483602 -0.711267
-1.727160 -61.322377 569.409221 -5191.387198 -0.593398 0.793831 -0.133083 -0.609000 -0.334679 0.719103 -0.526306 -0.507762 -0.682041
-1.465470 -59.214168 -47.942903 -4245.529469 -0.574124 0.802626 -0.161780 -0.631618 -0.308431 0.711287 -0.520999 -0.510550 -0.684031
0.090467 -48.630360 -1348.990295 -3872.399942 -0.533938 0.821346 -0.200751 0.686312 0.282329 -0.670273 -0.493848 -0.495662 -0.714446
-45.377997 -73.577149 724.518644 4658.509515 0.387440 0.921321 -0.032525 0.834111 -0.365354 -0.413249 0.392618 -0.132980 0.910037
161.405258 -110.058161 11940.904269 -7354.047825 -0.578842 0.781955 0.231273 0.369514 0.504357 -0.780438 0.726912 0.366292 0.580886
-9.624057 -49.408793 -1800.614052 -4674.941381 0.284240 0.434626 -0.854580 0.574675 0.636244 0.514725 0.767435 -0.637411 -0.068923
13.075287 -44.183127 -21291.186797 -2683.007797 0.227027 0.315410 -0.921399 0.604030 0.696543 0.387267 0.763942 -0.644472 -0.032383
14.833695 -52.767329 -20916.183573 -1727.442773 0.384854 0.459953 -0.800206 0.460347 0.655791 0.598346 0.799980 -0.598649 0.040646
-39.065836 -100.859082 14864.991369 34335.566513 0.413126 0.875117 -0.251986 -0.310920 -0.124535 -0.942242 0.855953 -0.467612 -0.220643
-10.927402 -80.087135 -574.217122 9209.409789 0.409327 0.803436 -0.432368 -0.244934 -0.359728 -0.900335 0.878896 -0.474433 -0.049543
33.561749 -47.707914 -6455.228915 -336.731243 -0.578411 0.815688 -0.009663 0.793098 0.559542 -0.240641 0.190881 0.146853 0.970566
27.623679 -47.175368 -6409.906380 -403.846222 -0.578182 0.814983 0.038839 0.802294 0.576549 -0.154645 0.148425 0.058253 0.987206
21.191822 -47.604782 -947.095599 -88.076912 -0.571868 0.819097 0.045242 0.801778 0.569741 -0.180409 0.173548 0.066896 0.982551
22.721482 -81.749429 -1293.962363 1232.926935 0.054399 0.577474 0.814595 0.700662 0.559161 -0.443185 0.711417 -0.594864 0.374196
21.478911 -72.341794 -2439.875933 4868.820530 0.059064 -0.535375 -0.842546 0.552981 0.720237 -0.418892 0.831098 -0.441170 0.338593
17.893836 -58.641424 -6220.192366 7680.583723 0.134594 -0.499420 -0.855841 0.419225 0.811294 -0.407495 0.897850 -0.303944 0.318564
24.672794 -65.750620 -2170.841370 9859.821996 0.075687 -0.478484 -0.874828 0.427804 0.808077 -0.404963 0.900697 -0.343605 0.265858
0.681269 -35.034061 -1224.440139 233.060911 0.639424 0.732071 -0.234965 -0.074772 -0.244946 -0.966649 0.765210 -0.635668 0.101886
-1.210571 -33.048158 -2086.299299 -1573.125845 0.647544 0.721300 -0.245791 -0.063829 -0.270075 -0.960721 0.759350 -0.637798 0.128845
-1.561897 -40.380193 -135.975834 3189.945084 0.630879 0.743832 -0.220694 -0.021347 -0.267695 -0.963267 0.775587 -0.612416 0.153005
1.092431 -42.416082 -660.293310 3288.543223 0.638468 0.741203 -0.207307 -0.017749 -0.255102 -0.966751 0.769444 -0.620919 0.149719
19.665691 -37.579975 444.215346 2450.244969 -0.426869 0.902337 0.059759 0.639011 0.254218 0.725974 -0.639881 -0.348083 0.685121
19.723657 -40.212602 794.191907 1202.843213 -0.385820 0.918985 0.081304 0.596261 0.181138 0.782088 -0.704000 -0.350223 0.617841
1.343770 -50.895862 1751.743859 433.106563 0.593003 0.771123 -0.231768 0.161575 -0.395943 -0.903948 0.788822 -0.498596 0.359390
2.706919 -49.419362 717.925483 343.150323 0.609588 0.764754 -0.208694 0.153241 -0.371981 -0.915504 0.777766 -0.526100 0.343947
-0.361057 -51.055286 302.335683 -450.116946 0.619082 0.741106 -0.259807 0.014876 -0.341834 -0.939643 0.785186 -0.577851 0.222648
-1.343248 -52.306704 1279.383499 134.526076 0.597779 0.747442 -0.289812 0.010150 -0.368543 -0.929555 0.801597 -0.552727 0.227894
-0.384877 -51.794485 606.806564 1551.385245 0.608007 0.750084 -0.260197 0.100405 -0.397746 -0.911985 0.787558 -0.528368 0.317144
15.069563 -98.717158 -1771.061772 -493.052690 0.549888 0.757400 -0.352092 0.809126 -0.378469 0.449529 0.207217 -0.532077 -0.820947
-6.942309 -108.847740 -2977.480169 11194.386100 -0.082587 -0.973580 -0.212888 0.978903 -0.119309 0.165872 -0.186889 -0.194698 0.962894
-4.107361 -105.805118 -192.755687 2093.429625 0.099654 0.961644 0.255558 0.922439 -0.185581 0.338625 -0.373063 -0.201991 0.905551
-3.155030 -111.268833 1181.151771 7259.044567 -0.114124 -0.953831 -0.277818 0.980633 -0.152959 0.122319 -0.159167 -0.258478 0.952814
-6.156287 -44.662482 -3337.286038 -3251.313488 0.586565 0.798344 -0.136339 0.785586 -0.601775 -0.143954 0.196970 0.022668 0.980147
10.745381 -29.234908 4092.013884 -3597.688179 -0.625481 0.341809 -0.701385 -0.299466 0.724916 0.620335 0.720482 0.598049 -0.351061
-0.261280 -32.562482 1506.036376 -3339.776346 -0.663583 0.468443 -0.583282 -0.207102 0.634179 0.744934 0.718864 0.615124 -0.323815
8.789657 -92.298907 1829.398799 1926.827883 0.053484 0.957093 0.284804 -0.020773 -0.284084 0.958574 -0.998353 0.057184 -0.004688
8.323879 -90.725529 1220.168606 1766.389078 0.040899 0.957888 0.284214 0.044745 -0.285923 0.957207 -0.998161 0.026431 0.054554
9.609630 -88.681450 5304.397609 394.274130 0.070405 0.955708 0.285772 0.154525 -0.293474 0.943395 -0.985477 0.022261 0.168343
-8.662593 -69.897487 -1190.126729 3011.651985 -0.451421 -0.878947 0.153851 0.888719 -0.427416 0.165814 -0.079984 0.211583 0.974082
-8.859468 -139.682341 550.232183 18224.358202 0.509481 -0.127273 0.851018 0.161428 0.985578 0.050755 -0.845204 0.111520 0.522679
-8.411450 -141.116078 157.185575 20208.692792 0.543904 -0.066892 0.836477 0.120460 0.992718 0.001059 -0.830456 0.100186 0.548001
21.224501 -32.039086 3366.255835 -709.896749 -0.018207 -0.312552 -0.949726 0.117353 0.942650 -0.312473 0.992923 -0.117142 0.019516
23.702876 -35.469935 -2146.873553 -1322.913622 -0.023534 -0.274029 -0.961433 0.124009 0.953472 -0.274796 0.992002 -0.125694 0.011543
-3.182777 -267.871868 6084.460622 -10805.229464 -0.446915 -0.077737 -0.891193 -0.509676 0.840843 0.182247 0.735185 0.535668 -0.415406
-59.081563 -344.578625 26264.390518 -134643.325823 0.854332 0.130333 0.503121 0.506859 -0.423022 -0.751096 -0.114938 -0.896697 0.427462
-72.417348 -137.632303 -22282.928853 -74472.554867 0.637797 -0.139609 0.757446 0.619941 -0.490521 -0.612423 -0.457043 -0.860173 0.226304
-33.066731 -525.363119 4093.848065 -198068.671669 0.753160 -0.057890 0.655285 0.598031 -0.354739 -0.718693 -0.274060 -0.933172 0.232555
60.179869 -941.151234 59999.967841 -478895.833765 0.967272 -0.252069 -0.029077 -0.231920 -0.831777 -0.504341 -0.102943 -0.494578 0.863015
40.468404 -12.214791 546.009403 -103.877717 -0.223516 0.910753 0.347231 0.374441 -0.248676 0.893283 -0.899908 -0.329681 0.285440
43.299184 -10.511022 -2569.101444 -203.121425 -0.225546 0.854387 0.468136 0.462607 -0.328965 0.823272 -0.857394 -0.402249 0.321049
35.417637 -7.097778 -7821.921940 325.692196 -0.314389 0.861308 0.399135 0.395743 -0.263262 0.879819 -0.862871 -0.434560 0.258090
42.643778 -13.436667 -4764.315339 1493.392104 -0.298622 0.916472 0.266278 0.335780 -0.160277 0.928204 -0.893352 -0.366593 0.259871
37.069743 -16.916440 4559.787527 1537.517489 -0.177331 0.943057 0.281419 0.349518 -0.206961 0.913786 -0.919995 -0.260403 0.292915
-7.118186 -57.347971 -1013.743477 -6707.301016 0.557336 0.736653 -0.383038 0.722378 -0.202786 0.661096 0.409323 -0.645151 -0.645162
-6.697750 -63.635731 -1433.007994 -492.108278 0.507750 0.738481 -0.443662 0.783770 -0.182193 0.593725 0.357623 -0.649194 -0.671308
-6.113531 -61.152025 -1302.189941 -5484.539664 0.545747 0.726663 -0.417278 0.731508 -0.170253 0.660235 0.408725 -0.665563 -0.624475
10.537886 -140.666495 -3141.552891 5164.677175 0.365743 0.898952 0.241075 0.567680 -0.010207 -0.823186 0.737544 -0.437928 0.514051
