16741
33462
-84.956909 -127.518607 -5320.241723 33240.266642 0.775370 -0.308500 0.551026 0.540503 -0.127052 -0.831694 -0.326586 -0.942701 -0.068233
-85.345741 -129.233986 -1220.677481 22466.664867 0.908904 -0.289632 0.300010 0.281460 -0.104758 -0.953838 -0.307691 -0.951388 0.013695
-101.391178 -150.370228 -4891.146645 15757.264400 0.772107 -0.262618 0.578690 0.490714 -0.332228 -0.805496 -0.403795 -0.905901 0.127646
-77.930852 -109.440140 5341.062448 18630.121409 0.973919 -0.220367 0.054028 0.060839 0.024232 -0.997853 -0.218585 -0.975116 -0.037007
-69.061244 -179.751209 14043.607059 40449.544284 -0.631162 0.286055 -0.720977 0.640743 -0.331557 -0.692472 -0.437130 -0.899023 0.025978
-51.117325 -156.706851 21479.408264 56857.924103 -0.624517 0.376947 -0.684024 0.684662 -0.157173 -0.711713 -0.375788 -0.912802 -0.159924
-71.391976 -105.974561 -12292.417551 32652.867815 0.735239 -0.367645 0.569440 0.605288 -0.021963 -0.795704 -0.305043 -0.929707 -0.206383
-71.452356 -93.621095 863.696628 16415.742145 0.967426 -0.252105 0.023035 0.056185 0.125098 -0.990552 -0.246842 -0.959580 -0.135187
285.897508 -172.156101 21806.562505 -28363.744542 -0.408147 0.043957 -0.911857 0.903953 0.159087 -0.396940 0.127616 -0.986286 -0.104666
272.144055 -204.821882 58963.359545 -63776.432515 -0.432579 0.142291 -0.890297 0.887353 0.242018 -0.392468 0.159623 -0.959781 -0.230955
254.106587 -186.437465 92761.545030 -36326.642762 -0.438315 0.301319 -0.846810 0.898766 0.157418 -0.409194 0.010005 -0.940440 -0.339814
258.150744 -208.373480 -31558.113329 -51304.916638 -0.396908 -0.125434 -0.909247 0.871862 0.258139 -0.416199 0.286917 -0.957930 0.006903
254.508364 -172.400517 65292.762869 9020.507160 -0.438877 0.196323 -0.876838 0.898527 0.089302 -0.429738 -0.006064 -0.976464 -0.215594
279.064052 -158.292656 40921.915874 -7592.624723 -0.446766 0.039214 -0.893791 0.894611 0.010125 -0.446732 -0.008468 -0.999180 -0.039605
267.205932 -165.459079 -60504.975267 -36050.379995 -0.388320 -0.212375 -0.896719 0.905459 0.092978 -0.414125 0.171325 -0.972755 0.156192
-63.362370 -115.540314 -4354.647686 -21505.259517 0.893992 -0.443938 0.060812 0.447008 0.874199 -0.189632 -0.031023 -0.196713 -0.979970
-62.696291 -122.253245 387.244960 -12508.081307 0.905149 -0.413916 0.096846 0.419754 0.906273 -0.049760 0.067172 -0.085692 -0.994055
-70.617894 -109.554073 3537.772736 -16686.758235 0.902210 -0.406232 0.144890 0.427442 0.886998 -0.174723 0.057539 -0.219568 -0.973899
-68.615212 -98.011660 -590.361552 -9794.003995 0.872733 -0.472512 0.122757 0.487973 0.836685 -0.248676 -0.014793 -0.276930 -0.960776
-71.863904 -97.647968 -869.139528 -5085.579436 0.850242 -0.484032 0.206885 0.524104 0.815029 -0.247069 0.049028 -0.318498 -0.946655
-71.196783 -104.318874 -2397.932623 -14527.019088 0.916573 -0.347332 0.198127 0.384247 0.902186 -0.195999 0.110671 -0.255777 -0.960380
29.147358 -89.742062 6827.233604 -860.091433 -0.575579 0.379585 -0.724310 0.766555 -0.058015 -0.639553 -0.284785 -0.923336 -0.257581
30.566217 -87.727664 11611.261686 -3335.397250 -0.579303 0.384427 -0.718766 0.718433 -0.175742 -0.673029 -0.385048 -0.906273 -0.174377
39.386158 -89.259569 17995.257427 -1995.072849 -0.589302 0.363723 -0.721407 0.754113 -0.072758 -0.652702 -0.289891 -0.928661 -0.231412
23.926471 -89.013058 -2511.842914 -2404.249328 -0.581496 0.392203 -0.712768 0.724144 -0.149772 -0.673189 -0.370780 -0.907604 -0.196920
35.107920 -90.586639 16272.550577 459.419190 -0.588886 0.364591 -0.721309 0.785743 0.049270 -0.616588 -0.189264 -0.929863 -0.315489
26.604761 -90.320704 -7551.413189 35.413818 -0.575601 0.387902 -0.719872 0.771946 -0.032679 -0.634848 -0.269784 -0.921121 -0.280629
27.542507 -90.090842 2095.875748 1392.144717 -0.574687 0.377329 -0.726194 0.798094 0.062086 -0.599326 -0.181056 -0.923996 -0.336824
-14.995642 -86.512963 -6318.935478 -2410.406097 -0.447024 -0.569717 -0.689632 -0.072514 0.791492 -0.606862 0.891578 -0.221274 -0.395129
-17.712132 -81.527497 -8989.885395 301.034340 -0.462595 -0.530121 -0.710618 -0.082664 0.823836 -0.560769 0.882707 -0.200666 -0.424924
-12.695069 -78.899549 -2963.731245 3125.524392 -0.466953 -0.517165 -0.717284 -0.141825 0.844447 -0.516522 0.872835 -0.139463 -0.467664
-27.275567 -103.150325 7553.007029 -15181.279259 0.426210 -0.292505 0.856029 0.332197 0.930776 0.152647 -0.841422 0.219311 0.493875
-32.032050 -88.310623 10066.288925 -32129.792842 0.420850 -0.270504 0.865860 0.220760 0.956349 0.191474 -0.879858 0.110566 0.462196
-21.569583 -89.397687 5189.342501 -20083.341042 0.428419 -0.356504 0.830278 0.303499 0.922267 0.239399 -0.851085 0.149425 0.503316
-20.457831 -89.055868 1800.751743 13849.993491 0.463298 -0.277524 0.841627 0.377641 0.920982 0.095808 -0.801712 0.273445 0.531493
1.608265 -108.276411 537.561120 -11428.261060 -0.511994 0.703077 -0.493503 -0.487821 0.234895 0.840746 -0.707031 -0.671198 -0.222711
3.507328 -93.845067 535.484183 4189.467227 -0.534478 0.713862 -0.452476 0.570875 -0.089860 -0.816105 -0.623246 -0.694498 -0.359497
1.966352 -102.586028 89.527655 -9506.191471 -0.523670 0.709437 -0.471667 -0.482022 0.209767 0.850678 -0.702442 -0.672828 -0.232116
26.856530 -221.006627 -6207.227460 15786.417142 0.526057 -0.501326 0.686977 0.719909 -0.167547 -0.673543 0.452765 0.848882 0.272770
35.367686 -220.116020 -3891.783079 13426.355331 0.454138 -0.539171 0.709262 0.763601 -0.174576 -0.621641 0.458991 0.823904 0.332430
18.601316 -222.305613 -4737.280575 4104.370035 0.511078 -0.507285 0.693874 0.811005 0.017186 -0.584787 0.284729 0.861607 0.420194
46.932364 -202.207201 -1864.755104 29436.856848 0.444120 -0.543677 0.712161 0.642559 -0.360661 -0.676049 0.624401 0.757852 0.189168
8.084202 -213.794404 -7020.310265 -908.455577 0.560233 -0.480154 0.674975 0.785928 0.050737 -0.616232 0.261641 0.875715 0.405791
13.544280 -220.341495 -11724.938885 3652.091125 0.596084 -0.462529 0.656316 0.689285 -0.124440 -0.713724 0.411790 0.877828 0.244637
38.443342 -208.792984 -7895.982544 24690.990041 0.532596 -0.494093 0.687178 0.596466 -0.356914 -0.718917 0.600475 0.792770 0.104619
18.402076 -180.119324 -35.493282 -11092.921725 0.370639 -0.660053 0.653419 0.907206 0.408029 -0.102422 -0.199010 0.630747 0.750035
19.517782 -172.463714 171.387624 -9329.348185 0.374461 -0.645721 0.665450 0.863562 0.504232 0.003341 -0.337698 0.573406 0.746435
20.756151 -181.162029 -276.830420 -10269.974159 0.386659 -0.632431 0.671213 0.911817 0.371192 -0.175516 -0.138147 0.679888 0.720186
54.044054 -154.802645 69167.127949 -25625.240513 0.500665 0.861331 -0.086278 0.612124 -0.422749 -0.668272 0.612077 -0.281768 0.738897
54.631693 -175.389650 54939.784508 -15681.003958 0.538091 0.838254 -0.088250 0.444026 -0.370898 -0.815644 0.716449 -0.399705 0.571784
79.693744 -148.805557 17983.749506 -22446.183704 0.548520 0.836137 -0.000912 0.599321 -0.393925 -0.696877 0.583044 -0.381705 0.717190
83.838980 -119.132607 28486.963048 -26220.737825 0.464260 0.885593 0.013703 0.749619 -0.384644 -0.538628 0.471735 -0.260335 0.842432
98.452106 -130.598905 -5198.069582 -24899.353063 0.546373 0.833469 0.082499 0.665059 -0.371871 -0.647617 0.509090 -0.408707 0.757486
86.127513 -166.634448 -8956.188908 -22332.775955 0.597719 0.796076 0.094845 0.532957 -0.306182 -0.788803 0.598907 -0.522031 0.607285
-23.974312 -58.254744 -3491.641470 16288.983550 0.575030 -0.670906 0.468215 0.503381 0.741283 0.443967 -0.644941 -0.019604 0.763981
-23.812843 -43.927967 1243.420792 12545.817047 -0.548221 0.706851 -0.447006 0.571785 0.706836 0.416467 -0.610340 0.027275 0.791669
-19.722155 -57.105268 -2368.166199 14905.911615 0.577303 -0.635818 0.512305 0.466426 0.771766 0.432231 -0.670200 -0.010576 0.742105
-27.536226 -42.928670 -3326.403128 14279.944199 0.568293 -0.706365 0.422009 0.582431 0.707608 0.400082 -0.581221 0.018427 0.813537
-17.970190 -72.468649 -4195.166797 12133.359790 0.591651 -0.609441 0.527761 0.383733 0.788606 0.480468 -0.709012 -0.081750 0.700442
-23.990510 -73.852240 -5272.037109 12169.864143 0.595125 -0.641907 0.483509 0.416444 0.760902 0.497596 -0.687314 -0.094778 0.720151
-29.518517 -58.062442 -5357.496816 17597.206886 0.593232 -0.677275 0.435172 0.519557 0.735018 0.435670 -0.614928 -0.032357 0.787919
-2.814550 -130.907522 1367.402320 -23607.959975 0.861285 0.494335 -0.117568 0.375223 -0.462737 0.803170 -0.342631 0.735872 0.584034
-1.076803 -155.165016 -1546.615657 -31658.543196 0.853549 0.506813 -0.120808 0.419325 -0.530621 0.736620 -0.309225 0.679399 0.665430
1.669380 -126.960922 4229.322518 -29646.784218 0.883910 0.460571 -0.081103 0.307976 -0.442774 0.842082 -0.351928 0.769302 0.533217
-2.456290 -107.664858 5309.281002 -16903.920201 0.884874 0.456967 -0.090438 0.278657 -0.363677 0.888870 -0.373294 0.811739 0.449145
12.058603 -128.718342 9438.295991 -41185.340344 0.885529 0.455667 -0.090586 0.290621 -0.391191 0.873218 -0.362460 0.799586 0.478837
7.916965 -99.783313 12189.251210 -19966.163193 0.902569 0.426781 -0.056804 0.220892 -0.345769 0.911949 -0.369561 0.835644 0.406353
3.155874 -240.170226 -224.671758 1203.704791 -0.613953 0.664739 -0.425658 -0.145534 -0.625339 -0.766662 0.775810 0.408747 -0.480671
2.968891 -265.069722 1255.129479 -4870.920238 -0.598926 0.704844 -0.380107 -0.331680 -0.650370 -0.683380 0.728887 0.283220 -0.623306
4.275356 -278.442976 1724.345085 -1111.890911 -0.611077 0.675723 -0.412290 -0.144795 -0.607482 -0.781025 0.778216 0.417569 -0.469059
110.371275 -73.822026 -7722.542605 -7013.409508 0.479070 0.813481 0.329758 0.834332 -0.305281 -0.459014 -0.272730 0.495028 -0.824964
201.185685 -82.603150 -90761.995518 -3091.386293 0.282830 0.958890 -0.023176 -0.862471 0.264815 0.431297 -0.419704 0.101995 -0.901912
146.315364 -86.090730 -70935.660809 870.563677 0.319501 0.947496 0.013050 -0.895422 0.297378 0.331339 -0.310062 0.117549 -0.943422
9.513876 -217.162401 20499.241108 86354.172399 0.633034 0.764122 -0.124035 0.774027 -0.627309 0.085820 -0.012232 -0.150334 -0.988560
-6.670911 -203.924373 8739.700989 64993.809324 0.637042 0.757954 -0.140295 0.770760 -0.628771 0.102834 -0.010270 -0.173643 -0.984755
-9.761878 -222.359777 3673.766362 858.918911 0.627048 0.762271 -0.160478 -0.746361 0.646894 0.156440 -0.223062 -0.021679 -0.974563
1.009138 -336.390172 558.932064 66344.117655 0.644554 0.752815 -0.133491 0.406480 -0.189537 0.893784 -0.647552 0.630354 0.428171
1.695616 -290.954924 1828.731058 57033.189902 0.639909 0.754678 -0.144835 0.552461 -0.320796 0.769335 -0.534138 0.572321 0.622211
0.719565 -328.375952 -741.935090 60139.897576 0.643253 0.754866 -0.128070 0.453681 -0.241042 0.857946 -0.616765 0.609980 0.497520
-0.659060 -355.327536 -1959.516884 43906.215007 0.643925 0.755052 -0.123520 0.277123 -0.079693 0.957524 -0.713137 0.650804 0.260558
0.476276 -366.000154 219.138520 59383.052074 0.646247 0.752221 -0.128562 0.223373 -0.025369 0.974403 -0.729705 0.658422 0.184420
-35.796946 -72.467647 9758.484335 118.230428 -0.471800 0.525921 -0.707681 0.881175 0.253408 -0.399143 -0.030586 -0.811906 -0.582986
-48.149838 -76.447154 11534.713917 436.061373 -0.460714 0.485783 -0.742804 0.887541 0.255686 -0.383271 0.003738 -0.835847 -0.548950
-38.706975 -75.413862 11300.361105 3104.027033 -0.588705 0.487947 -0.644465 0.797795 0.222314 -0.560447 -0.130195 -0.844088 -0.520158
-22.053553 -70.096635 7707.211165 2750.218045 -0.589358 0.515018 -0.622425 0.795002 0.232755 -0.560176 -0.143628 -0.824974 -0.546616
-20.816602 -66.938203 5608.167484 -305.482854 -0.500741 0.541223 -0.675526 0.864131 0.267161 -0.426500 -0.050358 -0.797309 -0.601466
-32.609452 -122.206803 19160.005464 -18290.372397 -0.541417 -0.823949 -0.167258 0.833436 -0.499786 -0.235794 0.110689 -0.267062 0.957301
-41.552715 -153.068033 24616.591368 -24898.550619 -0.644395 -0.754304 -0.125616 0.717739 -0.539937 -0.439681 0.263828 -0.373488 0.889326
-48.952335 -118.699122 29639.436741 -18686.340468 -0.473891 -0.866755 -0.155446 0.868305 -0.430569 -0.246286 0.146539 -0.251687 0.956650
8.605276 -277.889782 -2911.308397 67010.431264 -0.557216 -0.770453 0.309697 0.641192 -0.162241 0.750034 -0.527620 0.616506 0.584412
4.578769 -337.186359 2855.010613 148161.076350 0.553494 0.775988 -0.302468 0.552774 -0.070630 0.830333 -0.622965 0.626780 0.468039
8.433781 -299.921906 1949.335035 62662.290826 -0.537738 -0.773407 0.335677 0.609750 -0.081781 0.788363 -0.582274 0.628612 0.515562
6.134999 -345.920960 401.836326 141055.999690 -0.565035 -0.777926 0.274893 0.581929 -0.139567 0.801174 -0.584888 0.612660 0.531558
12.084349 -276.066427 144.098572 -5785.955624 -0.545980 -0.768016 0.334750 0.679196 -0.171823 0.713562 -0.490509 0.616951 0.615445
11.884578 -269.202594 -337.093892 39923.510813 -0.580618 -0.768574 0.268656 0.674755 -0.269585 0.687045 -0.455619 0.580187 0.675125
12.402013 -256.015580 -3464.119368 -10506.405684 -0.566031 -0.764545 0.308349 0.695410 -0.241943 0.676659 -0.442734 0.597440 0.668620
-189.258722 -4973.911382 -33269.860033 -550024.002094 0.751327 0.581320 -0.312369 -0.609769 0.792536 0.008261 0.252366 0.184266 0.949925
-56.662876 -3592.618085 45390.170170 716806.644663 0.713159 0.568689 -0.409874 -0.465363 0.821347 0.329888 0.524253 -0.044522 0.850398
103.886451 -3754.468906 -171805.367488 8138577.958531 -0.680229 -0.589939 0.435040 0.709206 -0.679687 0.187221 0.185242 0.435886 0.880732
-18.886690 -6524.745701 -364481.773610 -6959197.506081 -0.493469 -0.583029 0.645418 0.198629 0.646910 0.736243 -0.846779 0.491512 -0.203423
-203.883450 -710.146587 60371.171125 -350016.465196 -0.235490 -0.150744 0.960115 0.241807 0.947744 0.208110 -0.941315 0.281170 -0.186734
-110.997238 -1884.227553 -19571.750972 -1717244.514529 -0.422642 -0.507012 0.751207 0.338119 0.680821 0.649737 -0.840862 0.528604 -0.116313
-134.751629 -350.464347 -17428.472669 -484738.853758 -0.383176 -0.390544 0.837049 0.098896 0.883661 0.457563 -0.918366 0.258108 -0.299975
-34.750632 -72.698908 -10759.374022 -6730.387867 0.982368 -0.156604 0.102121 0.186855 0.840560 -0.508472 0.006210 -0.518588 -0.855002
-39.384643 -79.255253 -16329.263538 -6531.058564 0.991702 -0.105041 0.074124 0.126664 0.896992 -0.423510 0.022003 -0.429385 -0.902854
-43.124109 -72.660433 -2434.881937 -4587.193977 0.979783 -0.126572 0.154936 0.187264 0.852770 -0.487561 0.070413 -0.506718 -0.859232
-37.340609 -66.504253 1594.357241 -5088.512965 0.948312 -0.216088 0.232401 0.309453 0.791951 -0.526358 0.070311 -0.571069 -0.817885
-31.514244 -65.815417 -4863.122027 -6112.549927 0.953672 -0.237126 0.185152 0.300775 0.765061 -0.569399 0.006633 -0.598709 -0.800939
-24.334966 -4324.920233 694580.563165 -2583744.585517 0.775704 0.576499 0.256774 -0.026275 -0.377015 0.925834 -0.630550 0.724920 0.277304
500.813106 -3370.570987 1025457.453777 -1380223.240901 0.833919 0.467656 0.293048 -0.089239 -0.409742 0.907826 -0.544624 0.783205 0.299958
41.203758 -6186.254996 331205.679486 -6827247.047814 0.773349 0.631961 0.050556 -0.155527 0.111806 0.981484 -0.614607 0.766893 -0.184753
-636.113476 -3771.585492 672252.972662 -263749.206284 0.730510 0.671675 0.123320 -0.201648 0.039629 0.978656 -0.652451 0.739786 -0.164391
-353.490654 -3763.024152 344025.119421 -2287592.115043 0.776919 0.628811 0.031502 -0.376435 0.423829 0.823812 -0.504671 0.651894 -0.565988
-292.153192 -4763.715061 -200070.032032 867417.850215 0.814464 0.562138 -0.143700 -0.239397 0.551182 0.799304 -0.528524 0.616603 -0.583492
4.303573 -78.987867 -36023.366665 7126.872766 0.979441 0.021327 0.200598 -0.201669 0.127745 0.971088 0.004915 0.991578 -0.129419
-41.965060 -86.436942 -34425.973734 8380.675220 0.950604 0.021434 0.309665 -0.309706 0.132488 0.941557 0.020846 0.990953 -0.132582
-10.688218 -106.559838 -45097.298925 24099.859231 0.975683 0.052207 0.212877 -0.219058 0.199172 0.955167 -0.007467 0.978573 -0.205765
47.650278 -103.546597 -44166.234010 18147.735671 0.977817 -0.005946 0.209378 -0.203576 0.208342 0.956635 0.049310 0.978038 -0.202510
26.848269 -140.160446 -54337.590325 40072.353447 0.985363 0.029654 0.167872 -0.168858 0.304935 0.937284 0.023396 0.951911 -0.305479
-30.570351 -119.795816 -50785.373503 36619.729140 0.972219 0.057303 0.226951 -0.234054 0.250701 0.939345 0.003070 0.966367 -0.257148
32.913685 -14.337224 24627.209331 -7557.740677 0.820923 0.419135 -0.387830 0.563604 -0.485454 0.668345 -0.091853 0.767242 0.634746
47.561824 -37.390216 44208.924130 9583.485711 0.876041 0.329604 -0.352013 0.479884 -0.523824 0.703790 -0.047579 0.785474 0.617062
14.695972 -40.430850 23230.606869 -25576.558206 0.994759 0.085111 -0.056667 0.097790 -0.630013 0.770403 -0.029869 0.771907 0.635034
59.341527 -60.853956 41606.482966 29374.426111 0.877937 0.347306 -0.329552 0.473046 -0.523067 0.708963 -0.073850 0.778318 0.623512
-0.689932 -57.086584 -24761.302553 -74442.835517 0.189073 -0.603937 0.774281 0.957259 0.289116 -0.008245 -0.218878 0.742746 0.632788
20.030780 -91.597269 8421.259051 8645.432032 0.979140 -0.202437 0.017420 -0.203184 -0.975257 0.087125 0.000648 0.088847 0.996045
17.022254 -79.203885 4443.666097 -9930.150547 0.984514 -0.171852 0.034631 0.171021 0.984932 0.025713 -0.038528 -0.019392 0.999069
28.102435 -93.099365 2578.258095 9856.356319 0.989805 -0.132966 0.051049 -0.137603 -0.985243 0.101796 -0.036761 0.107783 0.993495
34.636747 -96.190774 -1539.362953 11615.545991 0.995106 -0.039799 0.090441 -0.051973 -0.989273 0.136520 -0.084037 0.140552 0.986500
42.006759 -106.153292 2335.882876 9565.320890 0.991587 -0.108844 0.070056 -0.122111 -0.966132 0.227326 -0.042940 0.233968 0.971295
30.470792 -101.665832 9500.688332 7927.260007 0.982172 -0.185359 0.031321 -0.187866 -0.961878 0.198737 0.006711 0.201078 0.979552
57.688346 -198.019515 -2574.591765 -37206.195591 0.111131 0.991976 -0.060282 0.751966 -0.123592 -0.647513 0.649767 -0.026629 0.759667
70.342116 -187.182757 13063.194462 -34777.836882 0.069108 0.997552 -0.010723 0.787819 -0.061166 -0.612862 0.612018 -0.033906 0.790117
87.598152 -161.530647 19155.537720 -39387.152633 0.060236 0.997149 -0.045445 0.872105 -0.074721 -0.483581 0.485598 0.010504 0.874119
65.120734 -191.859939 -2600.356359 -38758.050764 0.130772 0.983851 -0.122211 0.776903 -0.178274 -0.603854 0.615890 0.015979 0.787670
35.339610 -201.332344 -14041.688081 -8355.207958 0.154828 0.975968 -0.153344 0.590797 -0.215870 -0.777406 0.791826 -0.029769 0.610021
-42.357489 -58.380101 4354.006772 2615.926128 0.388978 -0.422135 0.818840 0.569251 0.808981 0.146638 -0.724327 0.409086 0.554977
-35.644287 -69.779307 21174.041949 4116.022967 0.266726 -0.641186 0.719540 0.686598 0.650347 0.325012 -0.676344 0.407346 0.613701
-46.784820 -62.336179 -11385.717015 -14502.932014 0.098801 0.858235 -0.503658 0.722124 0.286404 0.629690 -0.684672 0.425918 0.591455
-20.766142 -86.262797 -3219.228220 600.751875 0.745154 -0.649553 -0.151083 -0.249894 -0.061918 -0.966292 -0.618303 -0.757791 0.208457
-15.266218 -84.959914 -3068.458029 -453.249146 0.729628 -0.667071 -0.150530 -0.236840 -0.039998 -0.970725 -0.641522 -0.743920 0.187172
-18.707254 -83.236288 -134.757241 3222.086018 0.763054 -0.634793 -0.121599 -0.125632 0.038878 -0.991315 -0.634007 -0.771703 0.050085
-24.105984 -86.330191 -2136.137682 4019.767405 0.770942 -0.615863 -0.162360 -0.174119 0.041410 -0.983853 -0.612642 -0.786764 0.075309
-28.909652 -90.152606 -4744.644959 1949.300250 0.753934 -0.629702 -0.187238 -0.291489 -0.065227 -0.954348 -0.588742 -0.774093 0.232728
45.364199 -206.275360 -12046.811524 -7028.543892 0.708522 -0.600027 0.371436 0.404016 -0.086647 -0.910639 -0.578592 -0.795274 -0.181029
81.277315 -212.891088 -1887.962616 21422.073008 0.722167 -0.534227 0.439405 0.563120 0.085145 -0.821977 -0.401709 -0.841042 -0.362323
60.033570 -217.686280 -19922.585244 4149.218747 0.703423 -0.627841 0.333184 0.490007 0.088797 -0.867184 -0.514868 -0.773260 -0.370109
27.828703 -206.353048 -21696.488877 -13836.567041 0.705169 -0.662425 0.252841 0.320117 -0.020745 -0.947151 -0.632662 -0.748841 -0.197425
15.715987 -182.608510 -17624.726757 -27705.298105 0.697893 -0.644004 0.313375 0.218512 -0.225227 -0.949487 -0.682054 -0.731116 0.016461
61.080903 -151.096908 48941.523168 -31794.119832 -0.064213 -0.801556 -0.594461 0.940304 0.150907 -0.305050 0.334223 -0.578563 0.744016
81.976845 -106.853219 23973.632619 -29000.748850 -0.188990 -0.815963 -0.546340 0.971199 -0.073102 -0.226779 0.145105 -0.573464 0.806278
86.932558 -136.398034 -12285.786367 -32413.343017 -0.044041 -0.854152 -0.518155 0.944244 0.133806 -0.300830 0.326287 -0.502513 0.800635
41.034215 -80.557865 40742.809013 -21343.844627 0.958858 -0.281627 0.035740 -0.196154 -0.566252 0.800551 0.205219 0.774626 0.598197
88.691636 -86.838426 40174.271644 -24475.688636 0.972261 -0.215550 0.090810 -0.201373 -0.573902 0.793779 0.118983 0.790047 0.601389
78.151284 -59.576605 43726.495050 -23591.891686 0.966929 -0.244424 0.072839 -0.191273 -0.506037 0.841035 0.168710 0.827153 0.536054
11.091835 -59.296674 34301.830197 -15812.809961 0.970330 -0.239640 -0.032117 -0.102272 -0.527171 0.843582 0.219087 0.815269 0.536039
57.207391 -39.850538 46429.863177 -13738.903062 0.964739 -0.262729 0.015908 -0.144551 -0.478343 0.866195 0.219964 0.837951 0.499453
98.214001 -36.324310 53730.796815 -15398.885165 0.970138 -0.228464 0.081466 -0.182024 -0.463758 0.867061 0.160311 0.855998 0.491495
130.312927 -42.414299 50582.102192 -22385.132149 0.980278 -0.160986 0.114622 -0.177371 -0.460961 0.869514 0.087143 0.872696 0.480424
0.307600 -291.248085 -458.869947 -9051.246197 0.087720 0.952932 0.290217 0.932409 0.023992 -0.360607 0.350596 -0.302234 0.886418
0.891479 -299.153184 889.425184 -6935.034574 0.100955 0.954244 0.281473 0.947861 -0.006296 -0.318621 0.302269 -0.298964 0.905126
-2.962420 -289.706464 -1993.503782 -6552.617415 -0.107463 -0.953901 -0.280222 0.983118 -0.059973 -0.172865 0.148090 -0.294068 0.944242
-6.359474 -289.901660 -928.913802 -18832.945719 -0.085741 -0.953102 -0.290250 0.977076 -0.023461 -0.211593 0.194860 -0.301738 0.933265
-2.675091 -296.253344 -487.407864 -19678.329999 0.072266 0.952017 0.297390 0.909509 0.059476 -0.411408 0.409355 -0.300209 0.861570
6.830153 -269.871319 -32477.355513 -176427.266508 0.086693 0.935980 0.341213 -0.858844 -0.103348 0.501704 -0.504849 0.336543 -0.794900
-15.700698 -308.043475 -12059.822210 -125116.511303 0.187557 0.930242 0.315391 -0.750382 -0.071500 0.657126 -0.633837 0.359912 -0.684627
1.590303 -242.164866 -26984.306369 -117190.133369 0.132171 0.940182 0.313989 -0.876126 -0.037349 0.480632 -0.463609 0.338620 -0.818782
-1.175710 -198.761565 2329.184646 -10486.003025 -0.022242 0.813792 0.580731 -0.109285 -0.579373 0.807703 -0.993762 0.045500 -0.101822
-2.855447 -187.823934 157.503875 -4031.879661 -0.032081 0.808131 0.588128 -0.067522 -0.588839 0.805425 -0.997202 0.013873 -0.073457
-3.841218 -201.174547 373.748607 -11087.769546 -0.028438 0.833349 0.552016 0.057153 -0.549980 0.833220 -0.997960 -0.055244 0.031988
-1.583160 -191.496142 1517.011882 1977.947468 -0.029377 0.790512 0.611742 -0.221088 -0.601987 0.767289 -0.974811 0.112708 -0.192457
1.653520 -199.828445 2802.332230 3300.555041 -0.026831 0.795005 0.606010 -0.256681 -0.591381 0.764450 -0.966124 0.135040 -0.219930
9.582727 -63.277178 4765.282685 -2782.720720 0.028874 -0.839760 0.542189 0.970901 0.152565 0.184594 -0.237734 0.521082 0.819729
19.127639 -62.432008 -5983.949366 -1704.876109 -0.067516 -0.832249 0.550275 0.947702 0.118939 0.296165 -0.311932 0.541493 0.780694
1.359761 -63.930590 4907.731559 5160.642025 -0.076927 -0.851504 0.518674 0.979333 0.033066 0.199533 -0.187054 0.523304 0.831362
1.503768 -65.640754 2000.167812 3166.217001 0.081293 -0.828033 0.554755 0.989964 0.131635 0.051413 -0.115597 0.545008 0.830424
-14.193146 -109.907751 -10432.850401 7715.953003 0.011370 0.861426 0.507755 -0.304736 0.486618 -0.818742 0.952369 0.145422 -0.268040
-18.631895 -117.486604 -1789.429934 6438.316618 -0.015649 0.862039 0.506600 -0.374828 0.464656 -0.802246 0.926962 0.202443 -0.315845
-25.267446 -129.074486 -1443.008889 16004.810632 -0.037385 0.910052 0.412805 -0.238290 0.393059 -0.888101 0.970474 0.131569 -0.202162
-19.884945 -121.206580 -9777.384443 15890.916236 0.001509 0.897933 0.440129 -0.205906 0.430977 -0.878556 0.978571 0.089299 -0.185541
16.145869 -353.248970 5492.117526 -96505.952683 0.237594 0.906231 0.349706 0.680434 -0.412201 0.605887 -0.693223 -0.093997 0.714567
14.718814 -374.851142 5324.857128 -127474.187412 0.240177 0.894632 0.376760 0.560533 -0.444691 0.698608 -0.792539 -0.043397 0.608276
16.999289 -298.563618 5141.292691 -66330.530419 0.258930 0.890236 0.374747 0.539657 -0.455109 0.708270 -0.801078 -0.018843 0.598264
14.502152 -289.168669 -410.441993 -46480.105806 0.237728 0.895240 0.376870 0.602951 -0.440200 0.665338 -0.761535 -0.069065 0.644433
13.838762 -311.607662 -310.813906 -37871.929856 0.224002 0.904666 0.362494 0.721019 -0.404079 0.562896 -0.655709 -0.135275 0.742796
-62.084251 -1493.844904 -62741.947142 1069797.380191 -0.240792 0.950404 0.196853 0.650707 0.007593 0.759291 -0.720139 -0.310924 0.620263
-126.565191 -893.426040 -75508.644220 703725.212701 -0.261454 0.956044 0.132749 0.860892 0.168787 0.479975 -0.436471 -0.239773 0.867180
-130.101449 -1072.898996 -86363.301172 677169.393146 -0.234020 0.953666 0.189090 0.743507 0.050231 0.666838 -0.626443 -0.296643 0.720813
-24.635957 -1094.304077 -61792.458164 -848826.191377 0.502880 0.860713 -0.079285 -0.515197 0.224824 -0.827059 0.694035 -0.456759 -0.556495
-39.333008 -980.260092 -67538.238992 -128743.224941 0.521389 0.850127 -0.073741 -0.766179 0.428350 -0.479048 0.375664 -0.306269 -0.874686
-61.962834 -1248.530073 -8211.383144 -831371.590195 0.500210 0.865774 0.014986 -0.667518 0.396574 -0.630198 0.551552 -0.305227 -0.776290
-23.947260 -49.473185 -1461.453896 -3309.272344 -0.623845 0.772837 -0.116360 -0.228955 -0.323072 -0.918261 0.747259 0.546212 -0.378492
-30.788473 -56.522708 -2748.527524 -4606.284866 -0.570568 0.819591 0.052181 -0.411763 -0.230522 -0.881652 0.710565 0.524529 -0.469006
-27.883775 -53.957278 -448.850649 -4696.463655 -0.579113 0.809653 0.095339 -0.384221 -0.167918 -0.907842 0.719028 0.562375 -0.408329
20.516107 -256.650400 13818.230569 35606.862272 0.942287 -0.222271 0.250383 0.121692 -0.469322 -0.874602 -0.311908 -0.854595 0.415187
14.236004 -319.082882 9745.625209 45717.124006 0.941960 -0.226801 0.247534 0.044532 -0.646390 -0.761707 -0.332759 -0.728520 0.598773
7.751901 -256.943588 7403.920821 35265.542294 0.937370 -0.217653 0.271964 0.141660 -0.475082 -0.868464 -0.318229 -0.852599 0.414495
15.440363 -246.362637 -10534.615968 45951.368115 0.930353 -0.241342 0.276038 0.140972 -0.459533 -0.876902 -0.338482 -0.854742 0.393506
10.494756 -191.420655 3932.061360 53534.085157 0.927975 -0.201278 0.313606 0.256592 -0.265144 -0.929440 -0.270227 -0.942966 0.194401
-59.352948 -1480.706040 -6086.005959 -1613324.794234 0.878920 -0.380666 -0.287390 0.039267 -0.542741 0.838982 0.475350 0.748683 0.462079
1464.741731 -1376.662229 -1304981.104665 746952.270705 0.527016 -0.818460 0.228859 0.849206 0.517685 -0.104173 -0.033215 0.249250 0.967869
366.123210 -2266.852383 572498.491514 615154.556542 0.660917 -0.240979 -0.710716 0.658714 -0.267466 0.703248 0.359560 0.932947 0.018037
51.091014 -3779.705595 55983.173817 -2444342.706657 0.897361 -0.276198 -0.344177 0.441163 0.542195 0.715122 0.010904 0.793561 -0.608393
-120.482219 -3277.320433 14405.502515 1803207.000203 -0.595347 0.359135 0.718738 0.696200 -0.215967 0.684591 0.401084 0.907954 -0.121455
439.944282 -6364.386758 175087.936788 4723890.983242 0.878918 -0.360436 -0.312392 0.354261 0.054752 0.933542 0.319378 0.931176 -0.175811
-46.107747 -1159.917292 -8459.960328 -55541.888621 0.784694 -0.380389 -0.489449 0.619883 0.482543 0.618787 -0.000800 0.788959 -0.614445
-33.017147 -1184.242597 -13022.661406 748020.121325 0.755079 -0.407560 -0.513567 0.427724 -0.287452 0.856985 0.496899 0.866756 0.042725
-61.197673 -2050.011594 -37440.292288 1839612.664476 0.723978 -0.419748 -0.547419 0.622725 0.056284 0.780414 0.296766 0.905894 -0.302136
34.600091 -196.109473 -8310.519667 73174.863821 0.577822 0.042176 0.815072 -0.572993 0.732132 0.368323 0.581206 0.679856 -0.447209
23.259815 -193.489342 -29077.596710 36175.024554 0.707028 0.028550 0.706609 -0.495353 0.733107 0.466026 0.504715 0.679514 -0.532469
58.361942 -348.985178 5066.042530 153650.414777 -0.640976 0.041715 -0.766426 -0.410456 0.825131 0.388181 0.648595 0.563399 -0.511767
-92.967966 -140.862241 512.099668 16980.582646 0.910438 -0.252206 0.327865 0.276710 -0.217817 -0.935942 -0.307465 -0.942840 0.128520
-82.639473 -129.748149 3590.059072 24100.762471 0.976103 -0.188968 0.107300 0.090875 -0.093559 -0.991458 -0.197393 -0.977516 0.074151
224.194474 -226.358726 24686.513299 -37844.497572 -0.466470 0.069988 -0.881764 0.813638 0.424999 -0.396697 0.346985 -0.902484 -0.255194
42.494982 -86.689673 19194.336416 -4175.583347 -0.592616 0.363699 -0.718700 0.707312 -0.191925 -0.680349 -0.385378 -0.911531 -0.143511
31.568813 -85.068587 15352.972309 -2794.973959 -0.585008 0.390047 -0.711075 0.660885 -0.278940 -0.696724 -0.470102 -0.877528 -0.094594
21.477984 -86.442814 2782.516682 -2448.510585 -0.587778 0.400461 -0.702957 0.665580 -0.254592 -0.701560 -0.459914 -0.880235 -0.116895
-4.106189 -22.740506 247.529489 -239.455202 -0.346842 0.932338 -0.102208 -0.848147 -0.358299 -0.390215 0.400433 0.048656 -0.915033
-2.868198 -21.716446 -1214.251619 1432.714863 -0.166813 0.985776 -0.020471 -0.887457 -0.159158 -0.432537 0.429642 0.053985 -0.901384
-4.569406 -30.132863 3682.529003 4928.984795 -0.173929 0.984733 -0.007068 -0.889173 -0.160127 -0.428639 0.423227 0.068268 -0.903448
-6.448400 -19.445224 -2307.648716 404.745999 -0.065214 0.997718 0.017485 -0.906997 -0.051960 -0.417919 0.416056 0.043113 -0.908316
-9.135732 -29.186146 5945.869957 946.822926 -0.339800 0.936376 -0.087954 -0.852077 -0.346092 -0.392663 0.398121 0.058483 -0.915467
-1.485917 -25.941297 -1273.670028 -4038.805768 -0.529781 0.826689 -0.189519 -0.761807 -0.562045 -0.322111 0.372804 0.026271 -0.927538
-7.060522 -19.743913 -7197.299810 -981.138867 -0.398472 0.905475 -0.146066 -0.828728 -0.423683 -0.365654 0.392976 0.024654 -0.919218
-3.405877 -27.980923 4888.882437 -3519.929749 -0.502957 0.849886 -0.157250 -0.780937 -0.524818 -0.338681 0.370368 0.047540 -0.927668
-52.583419 -113.193486 28165.239649 -22660.684729 0.425811 -0.275329 0.861904 0.326045 0.935273 0.137689 -0.844026 0.222390 0.488020
-53.678353 -99.696565 10482.009358 -32943.708070 0.429941 -0.100813 0.897211 0.179348 0.983479 0.024563 -0.884865 0.150353 0.440918
-26.311594 -77.630598 -18802.748362 -24885.196093 0.414457 0.185300 0.891005 -0.005830 0.979572 -0.201007 -0.910050 0.078115 0.407071
-17.298053 -63.883932 -5775.923694 -22596.985836 0.429674 -0.042555 0.901981 0.042289 0.998741 0.026975 -0.901993 0.026553 0.430932
-1.487647 -115.955388 130.824027 -11939.689219 -0.521232 0.701081 -0.486623 -0.350243 0.344243 0.871106 -0.778233 -0.624485 -0.066118
-5.430389 -127.192001 820.565537 -11290.767287 -0.518725 0.690697 -0.503848 -0.189013 0.482103 0.855483 -0.833785 -0.538994 0.119528
-3.816154 -133.201368 186.751510 -11374.612912 -0.510804 0.683945 -0.520862 -0.185940 0.503633 0.843671 -0.839348 -0.527800 0.130085
26.033103 -223.699316 -4410.740913 -1270.767139 0.457417 -0.536541 0.709150 0.845084 0.014074 -0.534448 0.276773 0.843757 0.459860
34.679853 -216.044650 -2979.736470 11647.330987 0.389510 -0.577370 0.717583 0.826555 -0.124578 -0.548897 0.406312 0.806923 0.428703
42.126239 -199.680912 -512.421813 23614.632426 0.367284 -0.580329 0.726857 0.731536 -0.302389 -0.611078 0.574420 0.756161 0.313469
11.238989 -153.052619 -2390.696987 -7399.823925 -0.388896 0.679016 -0.622654 0.762295 0.616706 0.196418 -0.517366 0.398259 0.757445
16.523623 -155.751022 -2501.380582 -3244.381361 -0.380564 0.667622 -0.639884 0.771623 0.610617 0.178173 -0.509676 0.425943 0.747531
14.356311 -167.038296 1984.585452 -5710.065609 0.376162 -0.682284 0.626889 0.860788 0.507687 0.036036 -0.342850 0.526063 0.778275
28.702879 -182.883225 69046.738874 -12638.218873 0.541230 0.827724 -0.148133 0.397003 -0.406830 -0.822726 0.741255 -0.386475 0.548797
31.048727 -187.627066 53544.652431 -3071.211614 0.562846 0.815877 -0.132472 0.219461 -0.302026 -0.927695 0.796895 -0.493076 0.349047
48.730062 -183.711918 33337.299931 -7587.522955 0.578356 0.813699 -0.058304 0.276574 -0.262815 -0.924357 0.767471 -0.518481 0.377048
-21.428474 -43.865030 -748.229576 10706.165521 0.552987 -0.673339 0.490734 0.535868 0.738427 0.409355 -0.638006 0.036601 0.769161
-23.888060 -37.614988 474.706375 1170.789708 0.563777 -0.682911 0.464529 0.564855 0.729141 0.386384 -0.602573 0.044556 0.796819
-25.445925 -35.546384 -471.789673 1551.054882 0.597131 -0.666840 0.445824 0.556667 0.744664 0.368235 -0.577543 0.028291 0.815870
1.083060 -165.042168 719.439989 -24562.264246 0.833253 0.523762 -0.177098 0.496915 -0.568993 0.655227 -0.242415 0.633972 0.734380
-8.032974 -88.353132 -2365.198450 7921.009858 0.664855 -0.506291 0.549216 0.741951 0.362486 -0.564015 0.086472 0.782479 0.616644
-4.278319 -78.977699 -2807.893153 3824.253036 0.693282 -0.494585 0.524163 0.699828 0.288392 -0.653507 0.172050 0.819888 0.546061
-2.216967 -87.274165 979.970993 6138.853495 0.650976 -0.507914 0.564140 0.752030 0.330329 -0.570381 0.103352 0.795554 0.597003
-15.466801 -78.753837 -7698.597089 -5380.317346 0.708483 -0.492593 0.505375 -0.688452 -0.324936 0.648421 0.155193 0.807322 0.569339
-27.560395 -89.572313 -21563.611374 11601.917188 0.696807 -0.483633 0.529679 0.713655 0.393551 -0.579494 0.071806 0.781804 0.619376
-36.972130 -336.815514 -566.114054 25527.243253 0.750808 0.644631 -0.144009 0.550605 -0.490381 0.675545 -0.364858 0.586497 0.723119
-29.698037 -315.810361 2919.991848 42130.281346 0.761952 0.631761 -0.142502 0.609817 -0.625789 0.486324 -0.218065 0.457456 0.862080
-34.685183 -340.219924 18150.221629 42480.757030 0.779109 0.592148 -0.205792 0.549864 -0.487854 0.677974 -0.301064 0.641373 0.705692
-33.753594 -317.728678 -331.668440 44055.991460 0.745882 0.654254 -0.124946 0.624455 -0.621587 0.472955 -0.231768 0.430792 0.872182
-34.644658 -336.580359 12384.139967 13908.950805 0.762579 0.615433 -0.199288 0.467929 -0.312063 0.826837 -0.446672 0.723781 0.525951
-40.665222 -343.064108 -13245.774674 27770.818759 0.727872 0.676196 -0.113850 0.555846 -0.484605 0.675420 -0.401544 0.554903 0.728591
-35.791218 -347.826219 -7465.927980 7782.919148 0.734197 0.663216 -0.145258 0.448691 -0.313407 0.836931 -0.509541 0.679648 0.527681
2.055981 -289.213010 1020.834150 63016.305824 0.635933 0.758298 -0.143437 0.596341 -0.364860 0.715021 -0.489864 0.540242 0.684230
-55.323947 -79.853369 3923.757457 1008.823566 -0.497158 0.385306 -0.777415 0.865809 0.278803 -0.415504 0.056650 -0.879664 -0.472210
-51.271696 -78.197111 6707.859991 -785.031096 -0.362251 0.462251 -0.809381 0.918342 0.325548 -0.225092 0.159444 -0.824828 -0.542435
-50.992387 -79.285581 12250.181181 3091.695265 -0.596425 0.439698 -0.671523 0.796349 0.219371 -0.563653 -0.100524 -0.870943 -0.480991
-52.469550 -79.894785 -3867.906181 489.947684 -0.420276 0.355984 -0.834652 0.880757 0.381286 -0.280871 0.218256 -0.853169 -0.473780
-53.975300 -80.835388 -6094.343682 715.945568 -0.506439 0.293848 -0.810662 0.853016 0.308144 -0.421203 0.126031 -0.904821 -0.406714
-56.061283 -82.431586 -8044.793781 1976.355782 -0.561120 0.273770 -0.781149 0.827489 0.208495 -0.521336 0.020139 -0.938925 -0.343532
-57.217685 -81.986567 3747.647475 2518.212861 -0.604320 0.350726 -0.715394 0.794374 0.196060 -0.574918 -0.061378 -0.915725 -0.397091
-23.784716 -100.397566 -14867.429815 -1660.673805 -0.089237 -0.982320 -0.164575 0.993998 -0.077333 -0.077384 0.063288 -0.170493 0.983324
10.774707 -101.509720 -29210.777199 -1909.908683 0.104513 -0.980179 -0.168305 0.994264 0.099112 0.040195 -0.022717 -0.171541 0.984915
18.024786 -97.982736 -31582.004442 10386.752373 0.009252 -0.987495 -0.157380 0.998093 -0.000485 0.061719 -0.061023 -0.157651 0.985608
4.479638 -352.367053 -3309.500439 159942.733654 0.537214 0.779250 -0.322754 0.510278 0.004414 0.859998 -0.671578 0.626697 0.395263
-3.698310 -415.498579 5116.525794 225067.201923 0.565736 0.768988 -0.297659 0.408006 0.052642 0.911460 -0.716571 0.637092 0.283970
-0.256496 -443.560225 -1278.602610 206197.494716 0.562757 0.776460 -0.283575 0.437806 0.011020 0.899002 -0.701164 0.630070 0.333737
160.456172 -146.323136 -53722.820797 -213663.284333 0.291630 0.910843 0.292089 -0.437376 -0.144592 0.887579 -0.850679 0.386597 -0.356213
149.853172 -174.409419 -10758.145745 -255868.882053 0.345442 0.896933 0.276008 -0.423759 -0.113333 0.898657 -0.837316 0.427395 -0.340934
145.938289 -413.619744 19698.968032 -505457.094068 0.351400 0.921477 0.165523 -0.329534 -0.043747 0.943130 -0.876313 0.385962 -0.288285
162.693279 -65.035641 -44389.772221 -145263.974000 0.276654 0.842955 0.461399 -0.493757 -0.287222 0.820797 -0.824419 0.454896 -0.336754
23.744500 -235.681758 3143.491085 13255.555236 0.832946 0.507694 -0.220109 -0.102729 -0.248982 -0.963044 0.543735 -0.824776 0.155233
22.445545 -241.580285 1377.239133 8917.879384 0.835332 0.508277 -0.209463 0.033327 -0.427136 -0.903573 0.548734 -0.747803 0.373740
19.186628 -232.462587 3327.509971 9769.248798 0.815454 0.532142 -0.227727 -0.094669 -0.265518 -0.959447 0.571027 -0.803943 0.166141
22.051942 -243.265117 -258.193791 13226.992668 0.855540 0.476255 -0.203056 0.027328 -0.433193 -0.900887 0.517014 -0.765196 0.383629
19.265322 -219.657368 4372.756635 10470.929657 0.810357 0.535565 -0.237678 -0.225899 -0.088716 -0.970103 0.540639 -0.839821 -0.049091
23.181906 -219.463660 3999.794008 13776.683946 0.830624 0.509275 -0.225172 -0.229924 -0.054615 -0.971675 0.507147 -0.858869 -0.071730
21.557596 -234.489185 -924.986666 16370.769297 0.858853 0.467420 -0.209502 -0.101344 -0.245857 -0.963994 0.502097 -0.849160 0.163785
-12.560653 -52.779663 7681.249982 -5067.168563 0.591682 -0.062276 0.803762 0.514430 -0.738474 -0.435911 -0.620704 -0.671400 0.404905
-18.252240 -60.367656 5343.951189 -5769.659810 0.583720 -0.098495 0.805959 0.543785 -0.689705 -0.478127 -0.602967 -0.717360 0.349034
-13.052397 -61.018352 9728.467565 -4696.859383 0.605819 -0.082772 0.791285 0.551304 -0.673410 -0.492527 -0.573627 -0.734621 0.362332
-29.602592 -178.026499 -1371.784192 21457.879680 0.670713 0.736543 -0.087455 -0.157358 0.026077 -0.987197 0.724833 -0.675887 -0.133391
-41.401152 -197.998317 -5932.278187 18758.285479 0.680653 0.732069 -0.028053 0.041955 -0.077181 -0.996134 0.731404 -0.676845 0.083247
-31.238207 -181.775911 -108.001389 22555.386040 0.693453 0.719860 -0.030418 -0.105978 0.060149 -0.992548 0.712666 -0.691508 -0.118000
-45.055802 -85.319486 -18266.787406 -4854.323586 0.997718 -0.021431 0.064028 0.041004 0.945717 -0.322393 0.053643 -0.324283 -0.944438
-24.138102 -85.681786 -21060.390386 -3846.820550 0.990477 -0.131672 0.040228 0.137675 0.944713 -0.297597 -0.001181 -0.300301 -0.953844
-49.057320 -77.371672 -5490.384247 -6699.207927 0.990223 -0.062956 0.124475 0.110826 0.896965 -0.427984 0.084706 -0.437595 -0.895173
-27.662592 -89.679310 -26801.096881 -1622.739118 0.996638 -0.074065 0.035030 0.078921 0.982677 -0.167683 0.022004 -0.169884 -0.985218
-46.828152 -89.456425 -13114.476283 -3616.032271 0.995477 0.056243 0.076567 -0.038085 0.974589 -0.220741 0.087037 -0.216826 -0.972322
-52.626740 -81.829641 -2845.821928 -6337.101918 0.992482 0.017032 0.121204 0.027279 0.934581 -0.354703 0.119316 -0.355342 -0.927090
-38.307105 -79.465350 -3667.979803 2687.303788 0.666728 -0.008102 0.745257 0.223234 0.956204 -0.189315 -0.711084 0.292588 0.639336
-25.648596 -78.571344 -17003.621598 2066.559772 0.526440 -0.281065 0.802411 0.432227 0.901194 0.032094 -0.732148 0.329928 0.595908
-48.614294 -76.740258 -14913.361935 -4398.933302 0.610834 -0.105389 0.784714 0.224929 0.973365 -0.044363 -0.759137 0.203603 0.618269
-14.631435 -73.836044 -8450.156732 8024.232972 0.580354 -0.212249 0.786219 0.456776 0.884112 -0.098497 -0.674199 0.416289 0.610048
-54.994402 -78.050742 2937.046589 577.442916 0.680543 0.329419 0.654480 -0.124455 0.932225 -0.339805 -0.722061 0.149799 0.675417
-46.634844 -88.526196 8449.484298 7821.915462 0.721868 0.329542 0.608530 -0.081636 0.913750 -0.397990 -0.687199 0.237619 0.686509
