14292
28572
-36.395709 -55.514519 -2300.865915 6439.905078 0.071563 0.987685 -0.139130 0.967233 -0.102783 -0.232154 0.243595 0.117958 0.962677
-47.735259 -73.807433 505.088872 7737.271882 0.142723 -0.980243 0.136947 0.985703 0.128251 -0.109278 0.089555 0.150586 0.984532
-39.736907 -73.117737 -2124.169167 11865.945103 -0.260676 0.964800 -0.034777 0.941757 0.246192 -0.229094 0.212468 0.092471 0.972783
-41.333022 -59.554409 54.342000 5105.386880 -0.323868 -0.908802 0.263038 0.928980 -0.358124 -0.093507 0.179179 0.214073 0.960243
-25.086640 -54.660914 -5791.140077 7914.864357 -0.152445 0.988074 0.021698 0.930566 0.150898 -0.333582 0.332878 0.030661 0.942471
-32.803489 -42.504176 -1391.281673 3572.550138 0.500823 0.818657 -0.281030 0.793898 -0.563826 -0.227653 0.344822 0.109096 0.932307
-33.438363 -48.201063 16.476457 3344.078726 0.571349 0.750991 -0.331018 0.770376 -0.629825 -0.099206 0.282987 0.198327 0.938395
-50.637531 -74.464978 -777.007775 -287.079464 -0.620686 -0.489636 0.612377 0.743220 -0.118642 0.658443 -0.249744 0.863818 0.437547
-51.316281 -73.494093 -1250.956496 112.073289 -0.571359 -0.517493 0.636985 0.723010 0.049870 0.689035 -0.388337 0.854233 0.345659
-52.892803 -75.122841 -793.608216 65.435589 -0.537802 -0.635234 0.554299 0.767116 -0.095984 0.634287 -0.349716 0.766332 0.538919
-54.726271 -89.221780 -4675.132715 5978.236102 0.767460 -0.057704 0.638494 0.066168 0.997752 0.010639 -0.637673 0.034083 0.769553
-44.220031 -88.665217 -5403.508854 1058.994708 0.702465 0.007063 0.711684 -0.090165 0.992777 0.079143 -0.705984 -0.119764 0.698028
-57.070312 -93.696626 -6314.103107 728.425728 0.758115 0.036664 0.651089 -0.130775 0.986684 0.096710 -0.638873 -0.158463 0.752815
-62.098951 -95.924636 -3169.337530 3716.790972 0.838728 0.005389 0.544524 -0.046969 0.996940 0.062479 -0.542521 -0.077978 0.836415
-59.638596 -93.799979 -3564.119217 -2555.785600 0.818203 0.053503 0.572434 -0.190967 0.964422 0.182816 -0.542287 -0.258896 0.799311
87.291002 -73.621961 -2536.707372 -4325.714924 0.633103 -0.756092 0.165846 0.764039 0.576013 -0.290609 0.124198 0.310698 0.942360
84.143525 -72.622811 -5939.948478 -2340.737155 0.700708 -0.681946 0.209661 -0.686182 -0.563705 0.459773 0.195353 0.466032 0.862932
86.268411 -86.963972 -7581.127178 1831.476544 -0.620210 0.784425 -0.004267 0.692078 0.544618 -0.473728 0.369280 0.296764 0.880661
76.637564 -88.928350 -11215.219650 -9054.701087 -0.543321 0.837716 0.055088 0.798818 0.536047 -0.273024 0.258246 0.104335 0.960429
87.124975 -67.558037 4165.222355 -9547.511725 0.561798 -0.818152 0.122516 0.826285 0.547695 -0.131469 0.040460 0.175092 0.983720
-6.546934 -44.373608 -1221.815562 -636.238254 0.126717 0.987952 0.088851 0.882065 -0.153204 0.445523 -0.453768 -0.021917 0.890851
-10.326077 -40.386666 -1346.495407 -2989.613580 0.178927 0.979007 0.097622 0.814038 -0.203039 0.544167 -0.552564 0.017898 0.833278
-7.923432 -39.856806 -508.001966 -2936.432126 0.136518 0.986254 0.093086 0.824234 -0.165210 0.541613 -0.549547 -0.002785 0.835458
-0.861219 -149.797054 -187.248582 9355.120182 0.072415 0.947905 0.310213 0.924310 0.053071 -0.377934 0.374709 -0.314101 0.872315
0.430702 -160.944050 100.010704 688.321478 -0.044091 -0.946034 -0.321055 0.996219 -0.017556 -0.085080 0.074852 -0.323593 0.943231
-0.191435 -163.404573 -136.913940 9186.047130 0.087065 0.949378 0.301831 0.919769 0.039781 -0.390439 0.382681 -0.311608 0.869744
-0.923101 -142.007370 -149.202232 14920.479910 0.112813 0.951172 0.287307 0.762581 0.102485 -0.638723 0.636980 -0.291151 0.713784
-1.833317 -129.822927 -127.230786 13161.631270 0.099134 0.951318 0.291833 0.775702 0.109813 -0.621471 0.623264 -0.287985 0.727054
53.136318 -28.917007 23582.419460 -1509.469477 0.268444 0.959896 -0.080851 0.808474 -0.178871 0.560691 -0.523743 0.215880 0.824069
79.556386 -34.393882 27225.534071 -2981.631953 0.285204 0.958305 -0.017601 0.827738 -0.237004 0.508604 -0.483227 0.159625 0.860820
66.368921 -24.411747 12394.893084 -1664.894996 0.209449 0.971699 0.109234 0.806365 -0.234830 0.542799 -0.553088 0.025606 0.832729
54.353911 -18.598386 9894.961577 -1348.234977 0.172113 0.984135 0.043066 0.778607 -0.162690 0.606055 -0.603446 0.070778 0.794256
58.339740 -13.422115 -7013.690749 -1670.033559 0.084288 0.962619 0.257411 0.779365 -0.224651 0.584913 -0.620876 -0.151316 0.769166
73.431752 -18.816718 -12223.640041 -2444.815557 0.072210 0.919918 0.385404 0.793507 -0.287092 0.536587 -0.604262 -0.267074 0.750692
6.642810 -121.758458 1131.203537 -7138.448153 0.712148 -0.131814 0.689543 -0.436301 0.686390 0.581816 0.549987 0.715188 -0.431301
2.900942 -106.469932 -383.128696 -7203.982470 -0.707095 0.134458 -0.694218 -0.334516 0.801346 0.495928 0.622990 0.582895 -0.521649
4.486769 -116.235276 541.844921 -5396.532850 0.717542 -0.154182 0.679236 -0.418193 0.684489 0.597151 0.556999 0.712533 -0.426671
7.857835 -130.828773 1297.078618 -4226.706083 0.731837 -0.154953 0.663629 -0.503144 0.533935 0.679529 0.459630 0.831205 -0.312790
23.889817 -107.943363 -1126.792856 -8819.444295 -0.309504 0.921160 0.235946 -0.928898 -0.345954 0.132151 -0.203359 0.178269 -0.962739
22.013981 -113.879340 913.236518 -5605.782034 -0.268366 0.910076 0.315820 -0.848778 -0.378437 0.369271 -0.455582 0.168961 -0.874012
20.558795 -121.051355 -1348.035865 -5688.009089 -0.285426 0.933554 0.216814 -0.875253 -0.346073 0.337884 -0.390467 0.093327 -0.915874
-5.378135 -113.253183 -1780.719895 1559.133148 -0.854217 0.000449 -0.519917 0.039812 0.997120 -0.064549 0.518391 -0.075838 -0.851775
-3.945083 -124.403333 -1206.641498 -3590.199929 -0.856361 -0.017633 -0.516076 0.154516 0.944874 -0.288683 0.492717 -0.326959 -0.806429
-2.942534 -116.549924 -231.761929 -728.126673 -0.861651 -0.052108 -0.504819 0.030484 0.987605 -0.153974 0.506585 -0.148061 -0.849382
-2.845129 -106.815633 143.197249 10984.769769 -0.867510 -0.007392 -0.497365 -0.061664 0.993775 0.092786 0.493583 0.111163 -0.862565
6.263363 -115.055585 3606.380079 -1512.518782 -0.867386 -0.047777 -0.495337 0.062809 0.976910 -0.204211 0.493656 -0.208241 -0.844357
6.587023 -109.601121 5113.560782 15692.414495 -0.881948 -0.031117 -0.470319 -0.054369 0.997874 0.035934 0.468201 0.057263 -0.881765
1.776895 -98.708844 -513.964807 -7042.776038 -0.693969 0.086610 -0.714777 -0.272956 0.886988 0.372487 0.666260 0.453597 -0.591902
0.985571 -96.430900 -32.782168 -5973.760400 -0.704524 0.118452 -0.699725 -0.247254 0.883228 0.398465 0.665215 0.453738 -0.592967
4.474892 -109.527190 -789.385813 -7980.340754 -0.698848 0.104972 -0.707526 -0.360838 0.802335 0.475451 0.617582 0.587570 -0.522832
9.138405 -128.460908 1283.267305 -9021.317470 0.707780 -0.095136 0.699998 -0.457448 0.693363 0.556767 0.538321 0.714281 -0.447228
-2.746053 -259.355061 -2315.195890 -103981.263424 0.955769 -0.158556 0.247720 0.287588 0.327313 -0.900089 -0.061633 -0.931518 -0.358434
-21.356213 -126.047545 -9515.802268 -20818.623384 0.849230 -0.208880 0.484951 0.527324 0.288271 -0.799267 -0.027153 -0.934489 -0.354956
13.516357 -482.645532 -14551.002441 -190408.886027 0.901086 -0.299398 0.313695 0.415877 0.391726 -0.820730 -0.122843 -0.870007 -0.477492
13.823241 -533.716169 -14438.220758 -185465.889390 0.940880 -0.296759 0.163340 0.327354 0.672585 -0.663678 -0.087093 -0.677911 -0.729966
38.812057 -745.075332 -5434.105863 -190357.542889 0.865106 -0.312689 0.392195 0.481754 0.735686 -0.476108 0.139659 -0.600825 -0.787086
40.068508 -415.475923 -21757.550763 -53384.005259 0.889658 -0.217100 0.401716 0.454814 0.342974 -0.821896 -0.040656 -0.913913 -0.403870
-0.128981 -35.211469 5631.254857 -1568.728106 0.163979 0.827373 0.537183 -0.317576 0.559840 -0.765326 0.933947 0.045099 -0.354556
-7.985157 -36.019309 4958.832492 -2459.051328 0.109269 0.931268 0.347562 -0.289062 0.364315 -0.885279 0.951054 0.003733 -0.309003
-11.373756 -39.799910 4036.565992 -1361.915169 0.101270 0.935899 0.337397 -0.408899 0.348327 -0.843487 0.906943 0.052541 -0.417963
30.106602 -36.066954 -3102.359236 448.856227 -0.039729 0.994486 0.097053 -0.673752 0.045065 -0.737582 0.737889 0.094693 -0.668246
32.842008 -33.028865 -1644.308915 832.353374 -0.079570 0.981749 0.172733 -0.663878 0.077071 -0.743859 0.743596 0.173862 -0.645629
34.987165 -28.547184 -1662.022972 1704.462507 -0.037211 0.976847 0.210676 -0.727548 0.118041 -0.675825 0.685046 0.178425 -0.706311
-27.142905 -41.970140 743.082977 6979.683603 0.820407 -0.404770 0.403849 0.019493 -0.686090 -0.727255 -0.571447 -0.604518 0.554983
-27.766748 -46.068187 7798.979904 971.156620 0.845410 -0.433996 0.311336 -0.083607 -0.683239 -0.725392 -0.527534 -0.587224 0.613902
-35.032948 -44.310827 -2242.403921 3169.765611 0.805288 -0.446269 0.390328 0.070168 0.725465 0.684673 -0.588717 -0.523971 0.615521
-35.109867 -39.448191 -5797.844840 1962.050665 0.768794 -0.326043 0.550138 -0.107927 0.781776 0.614148 -0.630324 -0.531528 0.565836
16.323800 -132.041090 92.075393 5877.437315 0.027639 0.990952 0.131340 0.073983 0.129002 -0.988881 0.996876 -0.037049 0.069748
17.614014 -122.634331 418.551049 18153.225926 -0.009971 0.994635 0.102962 -0.023830 0.102702 -0.994427 0.999666 0.012369 -0.022679
15.990291 -120.191343 -367.199364 29947.471348 0.045592 0.992035 0.117420 -0.194505 0.124108 -0.973019 0.979841 -0.021523 -0.198614
13.487510 -124.270108 -948.016462 8237.476709 0.098261 0.985576 0.137783 -0.091697 0.146831 -0.984902 0.990927 -0.084143 -0.104802
1.479725 -556.002597 -3060.121727 -199380.355861 0.066790 0.131972 -0.989001 0.936652 0.333282 0.107728 0.343833 -0.933545 -0.101351
-30.782968 -491.548499 -8320.568905 -136452.608010 0.013490 0.125657 -0.991982 0.933583 0.353718 0.057503 0.358107 -0.926873 -0.112540
-3.845628 -282.975913 -5372.574009 -8820.737325 0.056903 0.135182 -0.989186 0.651064 0.746109 0.139415 0.756887 -0.651956 -0.045556
-46.853560 -59.866001 -2683.383271 4210.423851 0.729565 -0.238903 -0.640828 0.619131 0.628765 0.470458 -0.290536 0.739986 -0.606637
-51.717088 -60.868134 -1241.083686 3049.482369 0.881952 -0.186674 -0.432797 0.428234 0.700969 0.570314 -0.196915 0.688328 -0.698161
-50.635111 -60.649676 -972.189661 1387.254059 0.880616 -0.122269 -0.457784 0.362748 0.795536 0.485321 -0.304843 0.593442 -0.744914
-34.679199 -55.413690 -201.744768 -1658.575177 -0.019880 0.998281 -0.055132 -0.953505 -0.035517 -0.299278 0.300721 -0.046619 -0.952572
-33.251988 -54.924418 -1919.821071 591.284495 -0.102785 0.993329 -0.052280 -0.986159 -0.108636 -0.125252 0.130096 -0.038682 -0.990747
-34.131845 -53.652318 -1485.680955 -1352.813041 -0.103138 0.994645 -0.006557 -0.970513 -0.102075 -0.218369 0.217869 0.016159 -0.975844
-34.047806 -52.286471 -986.897787 -4721.510571 -0.077153 0.996870 0.017249 -0.935469 -0.066394 -0.347116 0.344884 0.042917 -0.937664
9.242199 -17.924764 3295.232143 2490.437137 0.161727 0.986168 0.036290 0.059172 -0.046399 0.997169 -0.985060 0.159121 0.065858
3.055692 -18.725044 3571.476220 1929.598179 0.174130 0.981945 0.073905 0.041190 -0.082249 0.995760 -0.983861 0.170347 0.054768
8.049253 -14.215274 4205.721824 795.812261 0.179960 0.976800 0.116084 0.070786 -0.130564 0.988910 -0.981124 0.169747 0.092640
13.159759 -12.913654 2617.144019 1284.792943 0.151492 0.983529 0.098594 0.076867 -0.111165 0.990825 -0.985465 0.142523 0.092442
12.966103 -11.785251 2526.055682 -703.086356 0.155037 0.970619 0.184018 0.077799 -0.197687 0.977173 -0.984840 0.137182 0.106162
7.098011 -14.058787 3969.431144 -870.983457 0.188145 0.958226 0.215416 0.080577 -0.233653 0.968975 -0.978830 0.164950 0.121171
25.745535 -46.101168 -6690.609541 522.369307 0.033029 0.986202 0.162217 0.989110 -0.008963 -0.146903 -0.143422 0.165303 -0.975759
18.955220 -45.462267 -400.519022 553.746317 0.052105 0.987669 0.147631 0.989199 -0.030764 -0.143314 -0.137005 0.153504 -0.978604
26.768843 -45.728097 -6576.255426 -727.161895 0.041261 0.987891 0.149559 0.998068 -0.033794 -0.052131 -0.046446 0.151421 -0.987378
14.660025 -47.162025 -4208.805354 -1541.038891 0.047032 0.988122 0.146298 -0.970076 0.010257 0.242583 -0.238201 0.153329 -0.959036
33.138700 -45.195199 -6727.893249 26.508143 0.021307 0.976829 0.212959 0.998613 -0.010538 -0.051578 -0.048138 0.213763 -0.975699
31.770229 -45.854893 -5705.316881 565.338620 0.018414 0.973599 0.227520 0.988585 0.016305 -0.149782 -0.149537 0.227681 -0.962185
25.775174 -47.372936 -8233.479352 -1169.639481 0.018949 0.985127 0.170782 -0.968154 -0.024570 0.249148 -0.249639 0.170064 -0.953288
-6.745097 -60.552814 15.604799 -1170.239359 0.221918 0.973796 0.049745 -0.020629 -0.046317 0.998714 -0.974847 0.222659 -0.009810
-6.411115 -63.750878 -312.398712 -968.131692 0.194831 0.978766 0.063704 -0.007322 -0.063496 0.997955 -0.980809 0.194899 0.005204
-7.360107 -62.684004 -75.659236 158.888195 0.225367 0.970065 0.090466 0.204880 -0.137966 0.969015 -0.952488 0.199849 0.229840
-5.726911 -58.263370 -154.518083 -1809.795173 0.203094 0.979036 0.015536 -0.229838 0.032243 0.972695 -0.951802 0.201119 -0.231568
-6.031028 -55.212038 259.201584 -2093.749057 0.239860 0.970805 0.001927 -0.243311 0.058194 0.968201 -0.939823 0.232702 -0.250166
12.467636 -77.601096 -264.635310 444.649248 0.257503 0.961590 0.095062 -0.919789 0.274073 -0.280842 0.296109 0.015120 -0.955034
11.787932 -75.485203 347.889853 743.518235 0.261638 0.963540 0.056010 -0.917887 0.266342 -0.294185 0.298376 -0.025559 -0.954106
11.626480 -88.790559 -309.400029 9706.781345 0.271699 0.956882 0.102745 -0.877422 0.290157 -0.382019 0.395360 -0.013643 -0.918425
13.402606 -89.321325 -1567.559307 9145.150721 0.275902 0.953627 0.120306 -0.876023 0.300987 -0.376816 0.395553 0.001427 -0.918442
-4.809780 -119.657806 4.188458 -6280.915644 0.289471 0.950934 0.109230 -0.497395 0.051940 0.865968 -0.817805 0.305003 -0.488025
-4.764461 -118.515143 -281.640542 -5138.931955 0.276998 0.950963 0.137630 -0.492637 0.017575 0.870057 -0.824973 0.308805 -0.473348
-7.077514 -110.725182 -516.622816 -7244.192946 0.286099 0.953345 0.096340 -0.700088 0.139325 0.700333 -0.654236 0.267810 -0.707286
-5.793229 -110.564254 -263.144477 -7537.961503 0.300826 0.951669 0.061887 -0.696961 0.175089 0.695406 -0.650960 0.252329 -0.715948
-7.889167 -94.751076 -469.936336 -3936.490378 0.312087 0.948761 0.049534 -0.827863 0.245999 0.504111 -0.466095 0.198334 -0.862217
-8.646238 -95.198600 -292.644994 -4336.621795 0.301546 0.948861 0.093445 -0.837887 0.216952 0.500877 -0.454989 0.229334 -0.860460
-8.066644 -78.425055 961.040854 -1803.731188 0.152641 0.978623 0.137832 -0.213930 0.168879 -0.962140 0.964850 -0.117376 -0.235134
-8.497505 -84.729350 859.823059 -4807.682119 0.157460 0.977010 0.143726 -0.366330 0.192946 -0.910260 0.917065 -0.090679 -0.388290
-3.622862 -82.915652 1391.408644 -2815.943062 0.143193 0.976306 0.162240 -0.332580 0.201864 -0.921217 0.932141 -0.077954 -0.353605
-0.972445 -71.747355 1686.165076 -1079.605694 0.138656 0.976256 0.166429 -0.040489 0.173500 -0.984001 0.989513 -0.129699 -0.063585
-8.004232 -75.517471 1361.858070 1663.864213 0.144423 0.980026 0.136717 -0.071489 0.148139 -0.986379 0.986930 -0.132682 -0.091456
-1.137525 -76.374853 1240.765883 -2578.794489 0.150459 0.978171 0.143329 -0.181952 0.169902 -0.968518 0.971728 -0.119643 -0.203543
96.895331 -86.578911 -4233.692141 -4138.044199 -0.028981 0.787543 0.615578 -0.607386 -0.502979 0.614894 -0.793878 0.356074 -0.492920
90.802278 -74.152200 9900.140867 -631.625870 0.172597 0.653699 0.736809 -0.589792 -0.530525 0.608842 -0.788896 0.539648 -0.293980
87.076601 -76.096634 2736.913230 -1570.428209 0.150848 0.727024 0.669836 -0.449200 -0.553185 0.701574 -0.880604 0.406722 -0.243133
-0.087042 -75.774151 -270.042792 -712.503715 0.322207 0.931417 0.169249 0.555702 -0.330831 0.762723 -0.766406 0.151703 0.624186
0.034124 -77.650156 -75.890971 6552.225681 0.287022 0.951214 0.113180 0.475039 -0.243939 0.845477 -0.831839 0.188905 0.521880
0.734945 -82.406771 -245.021102 7558.796426 0.292396 0.948714 0.120192 0.467709 -0.251499 0.847347 -0.834118 0.191546 0.517259
-3.430806 -106.097424 1098.323803 -660.342466 -0.521239 -0.356028 -0.775600 -0.075999 0.924577 -0.373339 0.850020 -0.135654 -0.508983
0.466775 -109.738334 -1566.146671 -450.446615 -0.491575 -0.349262 -0.797728 -0.004467 0.917049 -0.398750 0.870824 -0.192452 -0.452358
-1.951629 -112.729861 402.182464 -4153.941852 -0.506433 -0.361070 -0.783042 0.125411 0.867608 -0.481174 0.853111 -0.341884 -0.394103
0.059404 -104.020851 -1264.240477 6391.341273 -0.471187 -0.393888 -0.789199 -0.248426 0.917792 -0.309747 0.846326 0.050109 -0.530304
-4.974078 -105.858387 -608.360283 -4750.795154 -0.505949 -0.408848 -0.759512 -0.048536 0.892628 -0.448173 0.861197 -0.189889 -0.471468
-4.637789 -100.892005 982.755537 3216.638032 -0.492880 -0.423680 -0.759976 -0.283662 0.903962 -0.319983 0.822560 0.057863 -0.565727
-3.334254 -9.784726 358.067187 466.625798 -0.520200 0.853627 0.026698 -0.567835 -0.322349 -0.757400 0.637931 0.409160 -0.652405
0.960554 -12.073282 3282.358246 463.788045 -0.572107 0.820029 -0.015690 -0.515974 -0.374716 -0.770298 0.637545 0.432597 -0.637492
-4.662628 -9.559629 619.327831 -1221.150687 -0.723450 0.589404 -0.359476 0.219780 0.690230 0.689405 0.654459 0.419744 -0.628886
-4.966229 -7.338383 -758.000548 596.098965 -0.617461 0.770327 -0.159180 -0.428838 -0.499307 -0.752855 0.659424 0.396597 -0.638648
-3.284904 -8.182635 -1006.569286 -237.205895 -0.309113 0.917276 0.251106 -0.702345 -0.042159 -0.710587 0.641218 0.396014 -0.657276
99.937171 -1701.261324 -42326.223187 652978.928176 -0.455086 -0.544995 -0.704185 0.853065 -0.493574 -0.169306 -0.255297 -0.677765 0.689535
53.509056 -904.127709 -64930.626003 340707.741654 -0.318579 -0.350834 -0.880581 0.944798 -0.042475 -0.324888 0.076579 -0.935474 0.344999
459.493933 -2608.864774 191619.690162 787500.455364 0.210322 0.462822 0.861139 -0.639004 0.731718 -0.237196 -0.739891 -0.500384 0.449642
-22.326374 -1995.519504 19174.481042 427216.767593 0.410195 0.529191 0.742763 -0.230297 0.848145 -0.477089 -0.882442 0.024644 0.469776
-239.785054 -2580.657330 67566.767794 2339408.273285 0.321769 0.727360 0.606145 -0.715925 0.605858 -0.346970 0.619610 0.322310 -0.715681
-16.639000 -2728.853487 13010.906827 -11933870.173226 -0.156541 -0.490333 -0.857361 0.967621 0.097884 -0.232653 0.197999 -0.866021 0.459134
9027.831252 -223567.466237 8284587.676414 -1325073020.183492 -0.276281 -0.469782 -0.838435 0.948386 -0.274571 -0.158667 -0.155671 -0.838996 0.521394
-245.474766 -2705.781938 54356.952641 4190098.848010 0.501358 0.800001 0.329603 -0.757465 0.589933 -0.279687 0.418194 0.109440 -0.901741
499.361244 -16071.650170 -2474436.743017 103870837.304489 0.024972 0.497866 0.866894 0.111530 0.860364 -0.497328 -0.993447 0.109104 -0.034042
-17.356014 -46.672231 -1019.696863 182.925035 -0.426416 0.851963 -0.303857 -0.618355 -0.519741 -0.589497 0.660156 0.063479 -0.748441
-12.865747 -43.066419 -1880.920159 -650.383522 -0.498467 0.744678 -0.443831 -0.479402 -0.663350 -0.574578 0.722291 0.073635 -0.687658
-17.443303 -43.748713 -1327.500040 1302.035031 -0.403571 0.846739 -0.346645 -0.653239 -0.531932 -0.538820 0.640632 -0.008989 -0.767796
-2.778671 -78.355354 -724.875290 129.012324 0.104682 0.988344 0.110530 0.105531 -0.121553 0.986959 -0.988891 0.091653 0.117026
-3.675090 -76.438448 -216.724039 -168.757112 0.119596 0.987305 0.104529 0.077967 -0.114299 0.990382 -0.989757 0.110296 0.090647
-2.717995 -75.143524 -430.059915 -1479.635209 0.112083 0.990139 0.084033 -0.143695 -0.067527 0.987316 -0.983254 0.122737 -0.134709
-3.950012 -76.726111 -361.277057 646.554832 0.121092 0.984013 0.130593 0.315012 -0.162855 0.935011 -0.941331 0.072084 0.329697
-1.120940 -77.415346 -822.820150 -911.061446 0.100769 0.991272 0.085005 -0.109501 -0.073871 0.991238 -0.988866 0.109195 -0.101101
-0.680536 -80.673926 -1074.606485 273.802688 0.094299 0.989415 0.110302 0.135996 -0.122559 0.983099 -0.986211 0.077705 0.146114
-2.714101 -78.337606 -727.580344 486.512289 0.110680 0.984409 0.136708 0.336153 -0.166526 0.926969 -0.935281 0.056642 0.349343
-328.416629 -2646.764940 151241.877634 392903.688630 0.861381 0.275209 0.426947 0.458054 -0.784153 -0.418678 -0.219568 -0.556205 0.801515
124.791005 -80.532536 151720.370953 101862.604302 0.216049 -0.470842 -0.855354 0.975363 0.144104 0.167037 0.044612 -0.870369 0.490375
477.196955 -8193.498838 360416.407398 7840937.376480 0.943259 0.204589 0.261544 0.288942 -0.893838 -0.342879 -0.163629 -0.398995 0.902235
1725.050675 -10639.216494 2802673.254182 -1871081.919880 0.913204 0.183627 0.363784 -0.172212 0.982987 -0.063879 -0.369325 -0.004314 0.929290
-0.250617 -2097.802778 76618.594207 90027.850902 0.870537 0.289399 0.398011 -0.118142 0.908051 -0.401853 -0.477711 0.302806 0.824682
68.975851 -2489.141637 -76740.299040 -207808.132724 0.839629 -0.023784 -0.542639 -0.338865 0.757836 -0.557544 -0.424492 -0.652012 -0.628241
-22.326823 -616.640506 -7359.446659 214110.543205 0.971400 0.099209 0.215730 0.237443 -0.412258 -0.879582 -0.001674 -0.905650 0.424024
-37.664204 -927.345261 -10696.929911 360512.634137 0.963567 0.127068 0.235354 0.265132 -0.337787 -0.903109 0.035257 -0.932606 0.359171
-43.722571 -652.750474 -7587.611172 207728.223305 0.909230 0.262756 0.322894 0.410983 -0.690065 -0.595737 -0.066284 -0.674366 0.735416
-29.275701 -734.844673 -5957.908643 179962.061688 0.936082 0.177054 0.303977 0.280319 -0.897495 -0.340476 -0.212536 -0.403924 0.889761
3.053982 -164.431586 -5090.113433 18185.721411 0.970180 0.047317 0.237721 0.241788 -0.257685 -0.935488 -0.016992 -0.965070 0.261442
-10.948822 -213.361931 -7490.958047 32866.312681 0.984044 -0.049931 0.170774 0.127345 -0.472670 -0.871990 -0.124259 -0.879824 0.458770
4.927245 -173.928669 -4781.399735 22455.867685 0.987023 -0.004036 0.160528 0.135655 -0.513975 -0.847011 -0.085926 -0.857796 0.506758
-35.047087 -97.229864 -4280.713514 16454.563216 -0.364786 0.930748 -0.025267 0.926758 0.360340 -0.106187 0.089728 0.062151 0.994025
-53.464358 -79.056626 409.915688 3901.512089 0.033153 -0.983424 0.178264 0.997351 0.044108 0.057846 -0.064750 0.175874 0.982281
-52.675196 -94.003668 232.321492 7106.243928 -0.394857 0.905748 -0.153979 0.910061 0.408579 0.069657 -0.126005 0.112626 0.985616
-46.172505 -70.143057 180.947316 5369.271012 -0.250541 -0.929202 0.271686 0.965844 -0.259085 0.004566 0.066147 0.263550 0.962375
-53.153284 -74.389592 -652.178364 607.532086 -0.500485 -0.668063 0.550642 0.710628 0.046277 0.702044 -0.494492 0.742664 0.451584
-52.246500 -72.792852 -1109.808702 -779.724141 -0.497958 -0.611846 0.614558 0.648912 0.207221 0.732102 -0.575283 0.763350 0.293847
-50.069153 -71.409025 -769.947307 -663.929903 -0.542421 -0.467571 0.697966 0.694819 0.217326 0.685563 -0.472236 0.856824 0.206995
-40.140705 -83.265068 -5394.047393 5906.831937 0.673867 -0.094925 0.732730 0.111115 0.993454 0.026513 -0.730450 0.063551 0.680003
-28.708661 -80.560443 -6710.895753 2813.593940 0.624478 -0.013528 0.780925 -0.021799 0.999159 0.034740 -0.780738 -0.038718 0.623657
90.445945 -79.951087 -1396.603651 -5854.349360 0.717966 -0.691342 0.081059 -0.585956 -0.537410 0.606503 0.375739 0.482946 0.790938
-10.695382 -40.308828 1493.282688 1284.980128 0.379849 0.922984 0.061769 0.889242 -0.382729 0.250534 -0.254879 0.040238 0.966135
-13.497168 -42.538518 868.150257 72.084911 0.339718 0.938501 0.061710 0.870864 -0.338659 0.356239 -0.355229 0.067279 0.932355
-12.593785 -39.656295 -1697.060333 2303.347806 0.295501 0.950830 0.092746 0.923316 -0.309172 0.227818 -0.245291 -0.018313 0.969277
2.060361 -40.517095 8194.073825 -885.532396 0.348790 0.937182 0.005993 0.864533 -0.324208 0.384020 -0.361840 0.128761 0.923305
-9.638768 -33.660947 -899.167878 3601.796785 0.311928 0.945890 0.089400 0.938256 -0.321486 0.127757 -0.149585 -0.044029 0.987768
-3.168862 -36.912476 4429.696295 3045.277061 0.364000 0.930086 0.049434 0.917202 -0.367178 0.154663 -0.162001 0.010956 0.986730
4.105740 -41.641012 8332.122790 400.515693 0.374256 0.927256 0.011320 0.887507 -0.361697 0.285494 -0.268820 0.096802 0.958314
3.709651 -65.013856 -493.817083 -3283.152959 0.014191 0.957802 0.287078 0.598667 0.221820 -0.769671 0.800872 -0.182787 0.570257
5.246557 -73.880711 -599.887743 -3813.330758 0.020971 0.969073 0.245882 0.450219 0.210434 -0.867768 0.892672 -0.128899 0.431882
3.911788 -70.289931 -762.295307 -3852.674094 0.041450 0.968511 0.245496 0.444964 0.202102 -0.872446 0.894589 -0.145400 0.422575
1.190828 -147.522285 241.060551 -6793.798768 0.005110 -0.940289 -0.340338 0.972712 -0.074273 0.219808 -0.231961 -0.332174 0.914251
1.743313 -158.598356 17.195098 -7240.380139 -0.011979 -0.945696 -0.324832 0.974675 -0.083590 0.207416 -0.223305 -0.314121 0.922748
1.962418 -132.047848 -325.354384 -13294.400033 -0.038258 0.941903 0.333700 0.869922 -0.132928 0.474938 -0.491704 -0.308463 0.814296
32.340663 -36.530437 18699.717277 -1734.088889 0.300160 0.951170 -0.071966 0.842591 -0.229016 0.487434 -0.447152 0.206947 0.870189
85.477881 -38.507445 31393.668611 -3170.897124 0.278250 0.959415 -0.045832 0.865766 -0.229854 0.444541 -0.415964 0.163374 0.894585
11.582646 -12.920545 -1544.467963 -965.126500 -0.010443 0.818838 -0.573929 0.813042 0.341080 0.471833 -0.582111 0.461701 0.669312
7.946298 -11.328928 -1918.012262 -792.996037 0.026349 0.852142 -0.522647 0.811378 0.287170 0.509116 -0.583928 0.437479 0.683842
10.076106 -7.979890 -1711.406411 -1844.222545 0.028199 0.846764 -0.531221 0.784491 0.310605 0.536747 -0.619498 0.431874 0.655520
0.548392 -95.098449 8.673934 -6095.802709 -0.709536 0.143701 -0.689861 -0.216920 0.886906 0.407853 0.670451 0.439031 -0.598120
5.937783 -64.620291 -501.797542 -5953.371185 0.044690 0.983304 0.176398 -0.925846 0.107092 -0.362408 0.375248 0.147121 -0.915174
4.338291 -66.445395 -1316.272694 -4431.016094 0.037920 0.988615 0.145609 -0.948536 0.081454 -0.306016 0.314392 0.126511 -0.940825
3.339312 -59.583022 -1790.086363 -2620.549641 0.053182 0.989397 0.135145 -0.896040 0.107020 -0.430883 0.440777 0.098180 -0.892231
-8.894025 -90.004251 569.593729 -1861.902702 -0.090329 0.946437 0.309996 -0.899912 -0.210904 0.381679 -0.426614 0.244492 -0.870761
-6.300897 -94.868992 916.088383 -2802.879353 -0.091940 0.941529 0.324144 -0.810982 -0.259689 0.524281 -0.577803 0.214673 -0.787439
-5.048832 -90.151695 1128.949962 -2105.896644 -0.129661 0.923181 0.361834 -0.892812 -0.267448 0.362433 -0.431363 0.276057 -0.858905
-9.135172 -94.210659 596.923958 -3623.676903 -0.066241 0.959553 0.273625 -0.823634 -0.207378 0.527846 -0.563240 0.190402 -0.804057
-9.943036 -86.390940 457.794390 1063.931948 -0.100229 0.941648 0.321331 0.956314 0.180313 -0.230108 -0.274621 0.284230 -0.918584
-11.861105 -86.121961 250.432021 -174.721566 -0.070283 0.960116 0.270625 -0.959627 -0.139148 0.244445 -0.272352 0.242519 -0.931133
-10.956281 -88.961241 369.588208 -1768.511346 -0.064159 0.963698 0.259172 -0.907292 -0.164481 0.386998 -0.415578 0.210315 -0.884908
-1.984898 -115.042177 184.198976 -4226.459979 -0.854446 0.015255 -0.519316 0.144825 0.966942 -0.209880 0.498947 -0.254541 -0.828409
-1.790849 -118.417541 638.352137 2388.330883 -0.862722 0.018836 -0.505328 0.229601 0.904952 -0.358254 0.450549 -0.425097 -0.785046
17.199986 -53.024210 -1391.099646 1150.159008 -0.641036 -0.024278 -0.767127 -0.361011 0.891568 0.273456 0.677307 0.452236 -0.580291
21.233362 -56.491043 367.064442 2784.432887 -0.660913 -0.062810 -0.747830 -0.330589 0.918963 0.214983 0.673725 0.389309 -0.628119
19.608207 -52.701653 -3368.476329 2218.225284 -0.619814 -0.049625 -0.783178 -0.339892 0.916508 0.210920 0.707322 0.396927 -0.584931
12.846394 -49.718698 -3855.334617 102.546508 -0.597025 -0.020565 -0.801959 -0.368653 0.894898 0.251499 0.712500 0.445796 -0.541858
12.153782 -50.918010 -3816.908323 -1239.184204 -0.606266 0.003864 -0.795253 -0.415491 0.851116 0.320888 0.678092 0.524964 -0.514397
15.849609 -55.576494 -1117.171039 62.625523 -0.656749 -0.000163 -0.754110 -0.405044 0.843585 0.352568 0.636098 0.536996 -0.554089
-24.874717 -244.106684 12015.020867 -96966.577538 0.984673 0.019318 0.173338 0.164244 0.231666 -0.958830 0.058680 -0.972604 -0.224942
-26.403107 -115.342121 -8149.613118 55785.999331 -0.248076 0.364420 -0.897584 0.959618 0.219300 -0.176185 0.132634 -0.905044 -0.404107
-2.963764 -390.910382 5957.455972 168799.308154 -0.520858 0.447756 -0.726789 0.847509 0.169353 -0.503039 -0.102155 -0.877972 -0.467686
-1.019102 -146.089691 -1585.567419 20495.136978 0.881525 -0.005399 0.472107 0.330687 0.720760 -0.609221 0.336987 -0.693163 -0.637154
-3.447132 -124.247297 -2052.386373 14748.603135 0.868038 -0.029027 0.495648 0.301825 0.823499 -0.480365 0.394222 -0.566575 -0.723590
-5.503506 -148.620762 -2552.178095 18900.223382 0.880227 -0.009490 0.474457 0.351373 0.685033 -0.638175 0.318962 -0.728451 -0.606319
-0.627893 -117.590974 -1407.854302 11710.910151 0.868705 -0.026605 0.494615 0.263425 0.870451 -0.415840 0.419475 -0.491536 -0.763173
20.270915 -37.167985 2422.949734 -846.091098 -0.478109 -0.490918 -0.728293 -0.185295 0.866923 -0.462721 0.858532 -0.086282 -0.505448
29.060279 -34.018593 1896.343037 -571.030412 -0.434045 -0.571166 -0.696688 -0.137286 0.806235 -0.575446 0.890369 -0.154124 -0.428356
18.997287 -33.214586 -1692.951064 -481.691375 -0.360229 -0.606431 -0.708856 -0.214582 0.793361 -0.569678 0.907849 -0.053107 -0.415920
31.019316 -37.844363 881.367139 -1246.001667 -0.489683 -0.499814 -0.714420 -0.110252 0.848302 -0.517908 0.864902 -0.174845 -0.470505
12.037935 -35.683228 -1165.152483 -609.326341 -0.399306 -0.521930 -0.753753 -0.268829 0.852658 -0.448002 0.876519 0.023741 -0.480781
26.684384 -40.645335 -717.300667 -1649.599997 -0.501178 -0.435713 -0.747646 -0.127335 0.891715 -0.434316 0.855924 -0.122468 -0.502390
16.398025 -40.876609 -281.732661 -323.830363 -0.497319 -0.386515 -0.776711 -0.224115 0.922122 -0.315378 0.838121 0.017229 -0.545212
22.438641 -41.931909 -609.858318 -523.252475 -0.507462 -0.392837 -0.766917 -0.173415 0.918381 -0.355674 0.844043 -0.047496 -0.534167
7.015775 -4.156943 6561.217686 4864.405558 0.109495 0.696820 0.708839 -0.775590 0.505905 -0.377520 0.621668 0.508431 -0.595841
5.446860 0.829557 9549.722291 -4545.963504 -0.581968 0.804602 0.118021 -0.514501 -0.251910 -0.819652 0.629763 0.537734 -0.560572
21.398769 2.068864 8416.938211 8039.330507 -0.071284 0.800022 0.595721 -0.808019 0.303858 -0.504753 0.584827 0.517335 -0.624773
-2.364822 -6.085055 754.389198 5273.736461 -0.740112 0.213510 -0.637689 -0.190872 0.842567 0.503636 0.644827 0.494464 -0.582841
-0.620137 -8.425178 -2852.969435 1489.810739 -0.345664 -0.511849 -0.786465 -0.674102 0.718493 -0.171332 0.652765 0.470934 -0.593396
-9.085195 -23.895553 998.631372 2820.914191 -0.226626 0.897422 0.378517 -0.625875 0.163588 -0.762574 0.746271 0.409724 -0.524601
-9.686828 -30.954103 851.357359 1712.943512 -0.170347 0.874117 0.454864 -0.571079 0.288606 -0.768489 0.803026 0.390673 -0.450027
-10.944260 -28.545530 855.172418 2430.755307 -0.146626 0.891016 0.429640 -0.612752 0.259157 -0.746574 0.776554 0.372730 -0.507972
-14.691505 -43.665292 15152.476964 1216.668590 0.868370 -0.420679 0.262609 -0.092695 -0.657896 -0.747383 -0.487177 -0.624662 0.610292
18.487646 -142.195614 988.282596 -11078.227267 -0.006772 0.996875 0.078699 0.310739 0.076902 -0.947379 0.950471 -0.018039 0.310289
19.642780 -116.146576 881.303865 -2561.566056 -0.034145 0.998222 0.048848 0.214969 0.055069 -0.975067 0.976024 0.022793 0.216468
16.510029 -118.462764 1710.808301 22497.683897 -0.078505 0.990454 0.113308 -0.182550 0.097455 -0.978355 0.980057 0.097490 -0.173156
36.421392 -313.192595 -10183.599722 -47357.322655 0.049859 0.987870 -0.147063 0.744273 0.061439 0.665043 -0.666011 0.142614 0.732182
25.777439 -232.787212 -3439.128316 -34496.637990 0.068258 0.995062 -0.072063 0.607537 0.015836 0.794134 -0.791353 0.097987 0.603455
14.810244 -285.425223 -8131.853028 -49178.636417 0.069254 0.990163 -0.121581 0.414719 0.082268 0.906223 -0.907310 0.113181 0.404942
35.144001 -261.745496 -6363.983932 -32870.300211 0.066093 0.997750 -0.011236 0.824106 -0.048235 0.564378 -0.562566 0.046562 0.825440
17.404395 -287.633126 -8623.632157 -49095.727522 0.067214 0.963787 -0.258064 0.398164 0.211251 0.892658 -0.914849 0.162751 0.369546
66.887355 -340.906477 5933.643170 27040.996048 -0.064031 -0.953273 0.295246 0.970207 0.009808 0.242079 -0.233664 0.301950 0.924244
57.336374 -301.864385 -10131.338793 26591.522620 0.058487 0.998242 0.009567 0.971478 -0.059120 0.229641 -0.229803 0.004137 0.973228
51.402899 -417.222957 -3104.275850 -93616.738335 0.106768 0.904970 -0.411861 0.710568 0.220297 0.668254 -0.695481 0.364003 0.619522
-139.041120 -293.403859 -34100.705006 31686.164079 -0.015007 0.322290 -0.946522 0.496653 0.823998 0.272696 0.867819 -0.466001 -0.172432
-125.766010 -329.273917 -35585.671117 -63932.545309 -0.078287 0.101700 -0.991730 0.774937 0.632028 0.003640 0.627172 -0.768243 -0.128290
-224.051232 -386.684409 -40687.488672 -4401.599430 0.011505 0.520106 -0.854024 0.820476 0.483285 0.305377 0.571566 -0.704220 -0.421174
-42.672440 -53.770190 -4607.145952 1472.335448 -0.323250 0.918702 0.226926 -0.904769 -0.370313 0.210381 -0.277311 0.137310 -0.950918
-37.055535 -53.639947 -2470.038205 739.918672 -0.232744 0.962909 0.136513 -0.939121 -0.259001 0.225767 -0.252751 0.075656 -0.964569
-42.846102 -51.643146 -3252.950482 -606.690383 -0.286402 0.927410 0.240594 -0.879785 -0.354003 0.317271 -0.379411 0.120804 -0.917308
-39.051572 -54.636110 -3571.390537 2742.255673 -0.248727 0.956440 0.152834 -0.954125 -0.269101 0.131266 -0.166675 0.113173 -0.979495
-50.500115 -55.890954 -1942.416884 -3052.251821 -0.684948 0.603754 0.407832 0.644591 0.763077 -0.047075 -0.339629 0.230641 -0.911843
-46.876203 -55.791613 -4807.068859 3146.181602 -0.404958 0.877211 0.257896 -0.892861 -0.440162 0.095166 -0.196997 0.191726 -0.961475
-34.535997 -56.447325 895.085961 -608.553526 -0.143007 0.984563 -0.100915 -0.978782 -0.155808 -0.133079 0.146748 -0.079742 -0.985954
5.453859 -23.752608 3298.205563 2263.659876 0.165281 0.984092 0.065154 -0.016214 -0.063342 0.997860 -0.986113 0.165984 -0.005487
0.070339 -23.487192 2783.682572 2043.378270 0.163358 0.974842 0.151646 -0.038159 -0.147353 0.988348 -0.985829 0.167241 -0.013128
-2.952805 -19.314662 2072.367184 1501.446980 0.165889 0.969977 0.177835 0.015432 -0.182865 0.983017 -0.986024 0.160327 0.045304
13.764031 -46.925483 5253.474237 -1608.073390 0.074342 0.982211 0.172437 -0.970225 0.031269 0.240178 -0.230514 0.185158 -0.955290
-6.477998 -65.399036 -411.878275 206.354242 0.199629 0.974596 0.101543 0.223573 -0.146199 0.963660 -0.954025 0.169672 0.247079
-5.218118 -66.526159 -559.479232 -1068.910865 0.171583 0.982723 0.069392 0.005424 -0.071378 0.997435 -0.985155 0.170767 0.017578
-4.969620 -61.483888 -655.740908 -1875.866481 0.171241 0.984777 0.029836 -0.222827 0.009213 0.974815 -0.959700 0.173576 -0.221012
11.387158 -75.731829 298.827539 -6937.657941 0.235735 0.970573 0.049166 -0.952629 0.240788 -0.185796 0.192167 0.003039 -0.981358
11.843571 -73.378410 177.282655 -5831.327781 0.256509 0.966509 0.008006 -0.948834 0.253379 -0.188450 0.184167 -0.040742 -0.982050
12.174235 -75.143172 -93.599983 1013.137300 0.269612 0.962957 0.004821 -0.917844 0.258490 -0.301239 0.291326 -0.076793 -0.953537
-2.590139 -116.577727 57.289686 3677.404300 0.286123 0.948480 0.136083 -0.171023 -0.089189 0.981222 -0.942807 0.304024 -0.136693
0.253836 -115.730787 571.769056 3209.522708 0.285114 0.943657 0.167994 -0.201045 -0.112493 0.973101 -0.937172 0.311220 -0.157644
-0.744955 -116.682909 807.442928 -4726.821102 0.286768 0.942746 0.170277 -0.501888 -0.003555 0.864925 -0.816010 0.333493 -0.472134
4.801485 -92.462048 -832.811179 -3816.329615 0.415021 0.878650 0.236076 0.636315 -0.465779 0.614941 -0.650278 0.104994 0.752406
5.796754 -97.731908 -633.577687 5181.475503 0.389139 0.901345 0.190127 0.560812 -0.395545 0.727347 -0.730794 0.176414 0.659407
8.095562 -98.491968 -928.281842 641.483560 0.450820 0.862947 0.228219 0.645256 -0.491722 0.584682 -0.616770 0.116327 0.778500
3.194805 -87.459106 -511.647581 2258.836611 0.360761 0.913102 0.189992 0.555532 -0.374009 0.742632 -0.749157 0.162366 0.642185
2.138938 -89.258619 -684.657662 -6264.082798 0.383432 0.894366 0.230412 0.631100 -0.435873 0.641659 -0.674309 0.100619 0.731562
1.438362 -62.837888 -1070.876092 -1744.807476 0.394862 0.917882 -0.039716 -0.632639 0.240298 -0.736223 0.666222 -0.315833 -0.675572
-1.050478 -61.640350 -759.532590 -797.716550 0.396051 0.917545 -0.035420 -0.630880 0.243881 -0.736554 0.667183 -0.314059 -0.675451
1.399945 -58.973574 -1052.054256 -1694.457867 0.406890 0.912685 -0.038028 -0.518990 0.196715 -0.831837 0.751724 -0.358202 -0.553716
11.389830 -96.421058 -6344.231324 11072.028393 -0.466759 -0.371382 -0.802628 -0.202826 0.928318 -0.311588 0.860812 0.017357 -0.508627
10.081337 -13.996853 6433.840821 -1059.052097 -0.562891 0.826333 0.018119 -0.512775 -0.331938 -0.791757 0.648240 0.454963 -0.610567
11.705080 -16.999209 6115.762569 243.543745 -0.450240 0.881314 0.143423 -0.634658 -0.202878 -0.745687 0.628087 0.426762 -0.650677
-1.152311 -10.043171 3057.606771 -1289.825296 -0.705871 0.659684 -0.258000 -0.278809 -0.593582 -0.754935 0.651162 0.460953 -0.602918
24.152981 -21.313513 6996.912916 -523.753194 -0.441560 0.889881 0.114615 -0.608876 -0.203368 -0.766754 0.659010 0.408354 -0.631627
24.421435 -14.522834 7266.688300 -4273.222850 -0.517855 0.854204 0.046504 -0.514043 -0.267261 -0.815065 0.683803 0.445990 -0.577500
7.749482 -8.179133 6821.750296 -4802.580957 -0.644953 0.759833 -0.081785 -0.390532 -0.419679 -0.819362 0.656902 0.496511 -0.567413
-12.922959 -95.705481 2720.655472 -7288.008214 0.744744 0.356781 0.563971 -0.667035 0.423928 0.612657 0.020499 0.832462 -0.553704
-19.027852 -103.848581 1770.486656 -4880.513905 0.719669 0.368786 0.588280 -0.679762 0.201659 0.705165 -0.141423 0.907376 -0.395814
-13.603416 -98.687196 3252.405934 -4534.921095 0.795819 0.307573 0.521605 -0.600215 0.286737 0.746675 -0.080094 0.907293 -0.412800
-23.587605 -108.000801 2124.115664 -4091.747664 0.738263 0.341134 0.581889 -0.629114 0.037101 0.776427 -0.243277 0.939282 -0.242002
-6.384835 -88.318813 2553.216278 -5237.945209 0.811750 0.307069 0.496759 -0.582269 0.491073 0.647928 0.044987 0.815203 -0.577425
-3.279709 -89.500509 1303.895559 -5430.167246 0.848565 0.289536 0.442838 -0.529016 0.478339 0.700952 0.008877 0.829072 -0.559071
-46.921381 -180.083130 340.088564 22884.045878 0.382897 0.770388 0.509797 0.728926 0.087054 -0.679034 -0.567500 0.631604 -0.528223
-40.975360 -450.137604 6615.328246 184777.159772 0.074310 0.486611 0.870453 0.734681 0.563518 -0.377744 -0.674331 0.667575 -0.315629
-41.041779 -119.145444 11728.849478 6873.160845 0.303600 0.661804 0.685451 0.767695 0.256188 -0.587378 -0.564333 0.704545 -0.430285
-34.812638 -260.857228 9114.864724 -58160.539440 0.155204 0.626572 0.763753 -0.615788 -0.543181 0.570753 -0.772475 0.558893 -0.301532
-56.306741 -114.855024 13615.273635 12956.065765 0.265003 0.691823 0.671681 0.874086 0.121755 -0.470266 -0.407121 0.711728 -0.572447
-53.003064 -116.957920 5585.780144 15381.723596 0.198335 0.762385 0.615981 0.907192 0.095117 -0.409823 -0.371033 0.640096 -0.672765
-32.738745 -350.274177 -7284.861826 -91503.270003 0.167966 0.821469 0.544955 -0.779954 -0.227337 0.583086 -0.602876 0.522979 -0.602523
-33.266141 -176.658846 -8089.177621 29961.956679 0.380636 0.800918 0.462219 0.785640 -0.016451 -0.618466 -0.487736 0.598548 -0.635495
-18.981942 -43.099747 -1083.234124 226.318568 -0.217083 0.954461 -0.204644 -0.811686 -0.292954 -0.505316 0.542255 -0.056411 -0.838318
-17.084043 -44.526496 -877.171303 -668.230908 -0.053564 0.992354 -0.111199 -0.899700 -0.096272 -0.425760 0.433210 -0.077241 -0.897977
-19.541958 -47.534896 34.461664 1481.374576 -0.202389 0.970905 -0.127993 -0.854034 -0.238944 -0.462095 0.479234 -0.015788 -0.877545
-7.688991 -25.670232 478.583391 270.503745 0.061394 0.744486 0.664809 0.008095 -0.666415 0.745537 -0.998081 0.040390 0.046941
-7.257326 -24.561290 31.238623 916.306260 0.067660 0.768712 0.636007 -0.013616 -0.636697 0.770994 -0.997616 0.060825 0.032612
-8.757957 -28.187881 184.063704 1449.036095 0.051260 0.829324 0.556412 -0.053134 -0.554090 0.830759 -0.997271 0.072149 -0.015663
