15609
31209
-21.090600 -32.737526 -218.684769 2374.156380 -0.557251 0.825251 0.091825 -0.047751 -0.142253 0.988678 -0.828970 -0.546557 -0.118677
-23.663074 -38.369451 -437.130257 1677.291259 -0.521480 0.844245 0.123730 -0.148922 -0.232836 0.961046 -0.840167 -0.482740 -0.247145
-26.527616 -43.812601 99.567555 3114.870499 -0.460847 0.845338 -0.270228 -0.350314 0.106492 0.930559 -0.815414 -0.523510 -0.247057
-20.298036 -31.996111 -210.063530 1707.187773 -0.470949 0.776329 0.418951 0.093680 -0.428218 0.898807 -0.877172 -0.462540 -0.128942
-18.787430 -42.557058 -1097.793218 4729.781054 -0.533131 0.781445 -0.324214 -0.261424 0.212302 0.941587 -0.804630 -0.586746 -0.091103
-15.817505 -26.725932 -1266.664913 2327.014698 -0.600396 0.799519 0.017167 0.012001 -0.012456 0.999850 -0.799613 -0.600512 0.002117
-17.877579 -27.422549 -145.404851 1493.390925 -0.494119 0.734557 0.465051 0.208335 -0.419286 0.883626 -0.844064 -0.533503 -0.054143
20.509230 -45.805741 6477.541642 -1090.635554 0.557679 -0.711935 -0.426782 0.814538 0.568332 0.116302 0.159754 -0.412490 0.896845
41.811712 -46.935264 6405.047583 -1809.810910 0.633816 -0.717353 -0.289279 0.773013 0.600509 0.204546 0.026983 -0.353261 0.935135
43.448862 -54.562290 6673.207433 -1991.902225 0.565602 -0.774308 -0.283799 0.804742 0.593428 -0.015263 0.180232 -0.219752 0.958762
20.879517 -50.665083 -7248.341644 -916.332168 -0.469618 0.777658 0.417979 0.801903 0.573773 -0.166543 0.369339 -0.256967 0.893060
1.094206 -45.069292 5340.172811 -812.493949 0.497179 -0.730337 -0.468424 0.835085 0.549308 0.029903 0.235470 -0.406041 0.882998
10.129651 -9.939066 -651.758801 693.176455 -0.239331 0.712733 -0.659342 0.932251 -0.021096 -0.361197 -0.271347 -0.701118 -0.659397
10.972889 -12.381338 -293.283117 1003.530384 -0.215219 0.734804 -0.643229 0.922546 -0.063050 -0.380702 -0.320298 -0.675342 -0.664321
8.403785 -13.491852 -1213.446146 1218.667942 -0.239127 0.684780 -0.688400 0.923947 -0.057526 -0.378171 -0.298565 -0.726476 -0.618944
8.505780 -9.784448 -1236.883079 903.654653 -0.256274 0.676882 -0.690040 0.933194 -0.012809 -0.359144 -0.251937 -0.735980 -0.628379
8.770214 -8.951753 -940.787841 4.029956 -0.258856 0.689095 -0.676861 0.934675 0.001919 -0.355499 -0.243674 -0.724668 -0.644577
18.756920 -58.082563 2271.136664 1933.718539 0.429754 0.737367 -0.521154 0.105693 0.532123 0.840044 -0.896739 0.416094 -0.150748
20.566193 -55.219493 3582.787093 3326.935004 0.380838 0.684455 -0.621678 0.269392 0.561042 0.782726 -0.884528 0.465567 -0.029279
37.582749 -60.052959 -6177.652656 -349.474379 -0.381470 -0.665244 0.641819 0.044646 0.680253 0.731617 -0.923303 0.307744 -0.229795
35.317359 -60.594004 3638.897716 -2453.211175 0.452051 0.731601 -0.510304 -0.187300 0.637193 0.747598 -0.872106 0.242373 -0.425073
-14.262650 -28.883342 445.749192 -624.299883 -0.270275 -0.957445 -0.101246 0.959732 -0.276291 0.050781 -0.076594 -0.083444 0.993565
-9.489238 -28.609769 -694.170614 -1086.787778 -0.432643 -0.898579 -0.073312 0.901246 -0.428896 -0.061673 0.023975 -0.092755 0.995400
-9.908799 -27.014702 1305.852986 -770.169673 0.486824 0.873127 0.025510 0.872453 -0.487463 0.034713 -0.042744 -0.005358 0.999072
-15.307892 -28.283048 -136.805468 -411.518928 0.309662 0.949780 0.045023 0.941735 -0.312890 0.123430 -0.131319 -0.004178 0.991331
-10.492853 -26.877724 1446.472574 -548.542214 0.536985 0.843515 0.011384 0.836146 -0.533986 0.125377 -0.111836 0.057807 0.992044
2.893949 -27.123398 -4457.456892 -271.027595 -0.700499 -0.710307 0.069024 0.713315 -0.699862 0.037080 0.021969 0.075210 0.996926
-0.750047 -45.262445 -162.376765 -663.823103 -0.403009 0.911069 0.086812 -0.905943 -0.410590 0.103363 -0.129815 0.036991 -0.990848
-0.843285 -46.519968 -156.039976 -1956.397502 -0.404275 0.909575 0.096101 -0.889060 -0.415469 0.192244 -0.214787 0.007720 -0.976630
-0.953059 -44.767107 -159.359403 -417.232121 -0.400658 0.910810 0.099489 -0.900765 -0.411433 0.139089 -0.167617 0.033889 -0.985270
-9.438912 -27.261529 -94.146320 -1156.958579 -0.581613 0.801801 -0.137263 -0.321871 -0.071865 0.944052 -0.747078 -0.593254 -0.299874
-10.844191 -29.379212 -49.221889 869.434667 -0.576075 0.812362 -0.090591 -0.338980 -0.136581 0.930826 -0.743795 -0.566934 -0.354056
-12.777716 -32.945086 -20.534026 2397.077125 -0.521183 0.806076 -0.280375 -0.441430 0.026553 0.896903 -0.730416 -0.591217 -0.341987
-4.685246 -46.728867 -387.636657 862.910951 0.681676 -0.540597 0.493024 0.721649 0.385727 -0.574836 0.120582 0.747643 0.653062
-1.398759 -43.978245 -763.892644 71.037878 0.681547 -0.527102 0.507600 0.703362 0.280450 -0.653169 0.201930 0.802192 0.561883
0.147520 -45.688344 -759.653338 709.567853 0.666619 -0.529440 0.524703 0.721772 0.282650 -0.631787 0.186186 0.799877 0.570554
-1.622300 -48.230603 -503.428513 1288.485029 0.660384 -0.539255 0.522587 0.748579 0.417744 -0.514897 0.059353 0.731228 0.679546
7.205611 -45.852092 -2052.230177 795.948520 0.629296 -0.542957 0.556043 0.763500 0.298336 -0.572769 0.145101 0.784980 0.602289
17.956628 -1.790210 1110.817670 602.209578 0.772360 0.634919 -0.018409 0.497147 -0.586218 0.639683 -0.395355 0.503217 0.768419
12.794315 -4.402475 1990.814482 611.482204 0.763846 0.630858 -0.136226 0.551233 -0.527919 0.646098 -0.335680 0.568612 0.750999
15.092061 -1.436095 2420.258424 518.843622 0.793019 0.599373 -0.108967 0.516333 -0.566367 0.642362 -0.323298 0.565668 0.758616
20.748573 0.019729 1948.571852 345.859787 0.789668 0.612705 -0.031899 0.482835 -0.588528 0.648463 -0.378543 0.527472 0.760577
1.450818 -74.464197 159.461679 1396.757196 0.707159 0.694571 0.132276 -0.253317 0.074220 0.964532 -0.660118 0.715585 -0.228432
3.212157 -73.607335 647.455456 826.932828 0.715938 0.682822 0.145556 -0.310361 0.124517 0.942429 -0.625387 0.719895 -0.301068
1.417443 -72.498274 429.956398 515.842181 0.714538 0.686399 0.135245 -0.377864 0.215960 0.900322 -0.588773 0.694419 -0.413677
-2.568275 -72.322195 137.470724 5311.744417 0.758635 0.599531 0.255019 -0.002394 0.393986 -0.919113 0.651511 -0.696661 -0.300327
-3.385561 -68.302894 -165.823843 6771.365634 0.760275 0.600803 0.247016 -0.006969 0.387779 -0.921726 0.649564 -0.699044 -0.299006
-3.543218 -88.478070 -302.296372 6263.653304 0.771442 0.585863 0.248277 0.167290 0.189719 -0.967482 0.613915 -0.787890 -0.048349
-2.944413 -75.115184 223.763704 4078.021641 0.758559 0.593315 0.269379 0.140512 0.254740 -0.956747 0.636274 -0.763600 -0.109867
-2.154803 -66.566211 -320.895477 3263.746377 0.783908 0.559694 0.268759 0.075447 0.343791 -0.936010 0.616276 -0.754023 -0.227274
-1.756844 -63.708813 -182.364954 3495.338108 0.776792 0.575729 0.255206 -0.047864 0.458046 -0.887639 0.627936 -0.677296 -0.383363
11.885514 -21.129522 419.443889 2327.324278 0.296079 -0.833074 -0.467252 0.921550 0.377780 -0.089603 0.251164 -0.404067 0.879572
11.341267 -23.757709 744.786129 -407.170249 0.315204 -0.829892 -0.460354 0.916327 0.392372 -0.079930 0.246963 -0.396641 0.884130
9.484821 -24.221272 1907.046151 260.339075 0.241570 -0.823413 -0.513454 0.934588 0.339810 -0.105240 0.261133 -0.454445 0.851639
4.326411 -23.041665 1320.352469 1829.722036 0.235139 -0.828484 -0.508256 0.945793 0.315556 -0.076813 0.224022 -0.462643 0.857774
4.027084 -25.468600 2426.001920 48.099820 0.155443 -0.814167 -0.559436 0.958545 0.261220 -0.113824 0.238808 -0.518551 0.821021
-1.116238 -63.000324 3.346685 2818.819890 0.933375 0.357835 -0.027661 -0.343422 0.868068 -0.358494 0.104270 -0.344109 -0.933122
-0.217405 -63.846249 369.811416 3085.543557 0.938943 0.344037 -0.004947 -0.318653 0.864060 -0.389693 0.129795 -0.367476 -0.920931
0.340322 -80.375382 -68.922925 6494.292705 0.930169 0.365336 -0.036259 -0.324256 0.771209 -0.547809 0.172171 -0.521312 -0.835817
-0.084582 -82.169442 108.020635 5061.608746 0.933959 0.356594 -0.023700 -0.309065 0.772619 -0.554562 0.179442 -0.525263 -0.831805
-9.365948 -128.325551 -966.229606 -1636.788590 0.896145 0.433411 -0.095288 -0.144472 0.081917 -0.986112 0.419586 -0.897466 -0.136026
-10.497337 -129.774597 -848.559793 5668.682332 0.882370 0.460988 -0.094409 -0.305598 0.408831 -0.859923 0.357817 -0.787621 -0.501617
-11.965896 -122.934078 -480.787563 496.328686 0.863869 0.496280 -0.086237 -0.208978 0.197331 -0.957804 0.458322 -0.845439 -0.274180
-6.459674 -133.367872 -794.920391 7441.998310 0.906060 0.412581 -0.093982 -0.242743 0.324864 -0.914079 0.346601 -0.851023 -0.394497
-10.202721 -119.898892 -410.474617 -7296.540399 0.875667 0.477739 -0.070521 -0.019680 -0.110605 -0.993670 0.482515 -0.871511 0.087451
-5.620995 -130.225837 -468.534474 -3436.660700 0.901157 0.424904 -0.085868 -0.072217 -0.048164 -0.996225 0.427435 -0.903956 0.012718
-4.632305 -28.459424 490.006342 909.406937 0.522580 0.810219 -0.265432 0.431959 0.016806 0.901736 -0.735065 0.585886 0.341200
-7.513448 -26.238294 533.802657 984.618534 0.538095 0.820933 -0.191111 0.437628 -0.078325 0.895738 -0.720372 0.565628 0.401409
-5.212556 -25.544097 558.809907 650.459262 0.498287 0.805580 -0.320547 0.538523 0.002180 0.842608 -0.679487 0.592483 0.432737
-4.355534 -32.483230 327.905448 1520.209992 0.544545 0.822998 -0.161697 0.321113 -0.026473 0.946671 -0.774827 0.567427 0.278691
4.220764 -253.662888 -186.494012 21520.340931 0.838346 0.544223 0.031560 -0.228455 0.298179 0.926767 -0.494958 0.784162 -0.374308
5.092881 -242.829233 -769.249367 -17865.369976 0.817989 0.572795 0.052911 -0.483985 0.635603 0.601471 -0.310889 0.517605 -0.797141
1.722272 -224.726155 -212.067932 13260.573680 0.857770 0.513495 0.023508 -0.337514 0.528130 0.779207 -0.387704 0.676315 -0.626326
24.466428 -650.384931 798.015225 158064.977713 0.829486 0.550712 0.093108 -0.009491 -0.152780 0.988215 -0.558447 0.820594 0.121502
3.555476 -195.300966 -400.308013 18870.294690 0.813038 0.581537 0.027996 -0.055504 0.029554 0.998021 -0.579559 0.812983 -0.056306
2.005684 -232.940213 406.309574 24315.859577 0.843340 0.536150 0.036337 -0.165799 0.195282 0.966631 -0.511163 0.821223 -0.253583
16.262156 11.205706 1907.210936 -3419.195255 0.754214 -0.335739 0.564305 -0.612067 -0.670659 0.419035 -0.237770 0.661435 0.711315
14.013592 -4.070666 1008.640078 3096.176901 0.409149 -0.600918 0.686655 0.867149 0.490278 -0.087638 -0.283989 0.631289 0.721682
20.092130 7.748350 1445.634535 3690.648976 0.546626 -0.440290 0.712281 0.782169 0.572208 -0.246555 -0.299017 0.691898 0.657165
20.656532 17.428677 2155.188081 -152.075615 0.931409 0.196927 0.306100 -0.077741 -0.713950 0.695868 -0.355575 0.671934 0.649670
20.367858 -4.320173 1075.708115 2332.298386 0.431041 -0.476039 0.766544 0.834041 0.534389 -0.137129 -0.344354 0.698438 0.627380
23.479343 5.209691 1257.462515 3279.861715 0.507027 -0.393891 0.766664 0.792103 0.563641 -0.234267 -0.339848 0.726057 0.597784
22.734301 13.458673 1148.251597 2965.979275 0.561926 -0.335676 0.756016 0.736172 0.619724 -0.272015 -0.377213 0.709411 0.595355
-9.753154 -19.472045 -273.386813 -108.275249 0.383470 -0.480178 0.788910 0.395374 0.857331 0.329642 -0.834644 0.185507 0.518611
-10.005593 -19.721064 -273.240816 -135.907441 0.409666 -0.432481 0.803202 0.456246 0.859580 0.230134 -0.789945 0.272179 0.549459
-8.757906 -20.106095 -127.477405 -125.156416 0.369999 -0.450592 0.812446 0.410430 0.863820 0.292169 -0.833455 0.225351 0.504549
-8.395800 -19.428265 -119.603850 -53.568018 0.349885 -0.478063 0.805628 0.349636 0.864483 0.361142 -0.869101 0.155318 0.469617
-9.256165 -18.754076 -177.036854 -34.983494 0.369390 -0.519134 0.770747 0.350148 0.846032 0.402029 -0.860783 0.121370 0.494289
-10.372283 -18.357000 -254.710184 -127.896042 0.386646 -0.557308 0.734788 0.379905 0.822260 0.423746 -0.840344 0.115310 0.529647
-2.485466 -25.478156 197.729780 208.267608 -0.157364 0.934354 0.319719 0.067786 0.333209 -0.940413 0.985211 0.126315 0.115771
-1.786203 -24.662472 -177.146669 191.461040 -0.138061 0.941918 0.306152 -0.068514 0.299289 -0.951700 0.988051 0.152368 -0.023214
-3.345391 -24.657239 -584.756462 23.990314 -0.138339 0.944848 0.296858 -0.030765 0.295496 -0.954849 0.989907 0.141226 0.011811
-2.285106 -24.036105 -538.739783 -298.906579 -0.130783 0.950172 0.282963 -0.120717 0.268029 -0.955818 0.984034 0.159163 -0.079648
-3.953040 -24.787429 -717.472880 376.586539 -0.141775 0.927673 0.345431 0.085941 0.359173 -0.929306 0.986161 0.102065 0.130647
-3.613195 -24.077838 -561.432833 -339.480002 -0.150537 0.950877 0.270502 -0.119900 0.254039 -0.959733 0.981307 0.176908 -0.075768
-6.656124 -27.462230 268.924588 1678.115500 -0.199751 0.969408 0.142642 0.094983 -0.125733 0.987507 -0.975232 -0.210804 0.066962
-8.759608 -23.713090 304.139508 860.042016 -0.208120 0.944551 0.253989 0.203638 -0.212141 0.955786 -0.956670 -0.250640 0.148195
-6.838184 -22.337887 490.078449 1455.493397 -0.168568 0.969931 0.175551 0.184284 -0.143948 0.972275 -0.968310 -0.196246 0.154478
-5.530191 -25.199826 649.769131 1728.755674 -0.156907 0.979450 0.126719 0.136804 -0.105516 0.984962 -0.978093 -0.171883 0.117436
8.812611 -136.469045 2445.976954 -13971.106238 0.777466 -0.599382 0.190494 0.109735 -0.168962 -0.979495 -0.619278 -0.782428 0.065589
7.898173 -105.789622 1239.861053 -8464.608135 0.771709 -0.615100 0.161608 -0.095321 -0.363108 -0.926858 -0.628791 -0.699860 0.338846
5.927211 -105.465122 1082.676389 -7014.098093 0.770031 -0.614164 0.172785 -0.054767 -0.333450 -0.941176 -0.635652 -0.715271 0.290403
5.073095 -119.466969 815.462842 -9241.949976 0.766344 -0.609848 0.201995 0.130618 -0.159946 -0.978446 -0.629012 -0.776210 0.042917
2.532031 -99.694128 586.025199 -7369.521731 0.770063 -0.610836 0.184072 -0.077504 -0.375965 -0.923387 -0.633243 -0.696800 0.336859
-3.558010 -33.395449 -34.672018 1689.291138 0.551797 0.824521 0.125239 -0.115159 -0.073403 0.990631 -0.825990 0.561050 -0.054448
-3.167694 -31.237403 -56.614476 -2078.721734 0.577544 0.814473 -0.055465 -0.020981 0.082729 0.996351 -0.816090 0.574273 -0.064868
-0.101412 -37.513258 202.265268 -2178.826305 0.590150 0.807286 0.003443 0.009578 -0.011266 0.999891 -0.807237 0.590053 0.014381
-1.390369 -39.898036 654.450476 2809.563037 0.571785 0.804124 0.162622 -0.071552 -0.148588 0.986307 -0.817277 0.575592 0.027424
-5.103460 -73.037201 919.917260 10178.315398 0.477473 0.757819 0.444669 -0.367701 -0.287300 0.884452 -0.798007 0.585807 -0.141472
1.043401 -42.306568 375.152981 214.755343 -0.366145 0.922840 0.119602 -0.694217 -0.356476 0.625290 -0.619677 -0.145917 -0.771173
1.291072 -44.826618 131.690901 764.695614 -0.372669 0.920985 0.113600 -0.768473 -0.374917 0.518543 -0.520160 -0.105947 -0.847472
0.384815 -45.889427 203.383524 577.065337 -0.380487 0.916723 0.121855 -0.747854 -0.382520 0.542580 -0.544008 -0.115315 -0.831118
-23.821051 -31.785246 127.436284 380.189832 0.496930 0.612139 0.615098 0.854040 -0.470663 -0.221568 0.153873 0.635422 -0.756678
-24.281175 -33.354502 296.032097 166.016301 0.587513 0.509277 0.628860 0.803794 -0.457070 -0.380792 0.093504 0.729194 -0.677888
-23.517996 -32.621714 277.518466 237.538721 0.524693 0.538659 0.659199 0.819151 -0.530234 -0.218731 0.231709 0.654750 -0.719454
-21.964064 -30.913637 -454.218830 330.041304 0.333379 0.728768 0.598127 0.911879 -0.410376 -0.008246 0.239447 0.548168 -0.801359
-23.171675 -31.215829 -459.391842 244.692189 0.259811 0.794154 0.549378 0.957574 -0.285346 -0.040373 0.124701 0.536560 -0.834598
8.070018 -41.325851 -43.898211 973.672172 -0.515480 0.856877 0.006524 -0.660394 -0.392405 -0.640232 0.546040 0.334335 -0.768154
7.921893 -41.191646 -214.440956 -859.089119 -0.486579 0.873636 -0.001417 -0.586552 -0.327886 -0.740573 0.647455 0.359516 -0.671975
8.242344 -40.426894 34.569474 -869.942349 -0.545178 0.838318 -0.001871 -0.535491 -0.349958 -0.768621 0.645004 0.418033 -0.639701
7.528006 -39.551459 347.377312 1142.424403 -0.553564 0.832482 0.023248 -0.651739 -0.415662 -0.634398 0.518462 0.366331 -0.772657
5.827007 -38.606419 764.520468 -746.318846 -0.594718 0.803217 0.033948 -0.523831 -0.355131 -0.774263 0.609845 0.478252 -0.631953
8.170355 -35.569853 617.978887 -2442.259654 -0.586463 0.809937 0.007902 -0.397365 -0.279197 -0.874157 0.705806 0.515801 -0.485579
-3.630592 -27.991828 -656.652354 -200.430796 -0.383197 0.785599 -0.485793 0.666926 -0.128544 -0.733952 0.639038 0.605236 0.474679
-1.577513 -29.557820 -386.049405 92.917018 -0.380059 0.783750 -0.491213 0.584276 -0.208275 -0.784375 0.717061 0.585113 0.378769
-3.271277 -29.799506 -217.239581 -336.277314 -0.341866 0.756980 -0.556874 0.668927 -0.220189 -0.709967 0.660048 0.615221 0.431090
-5.324364 -27.937685 183.835449 -677.076695 0.313188 -0.747716 0.585520 0.757349 -0.175354 -0.629026 0.573006 0.640447 0.511363
-5.511946 -32.177093 -210.357017 1190.832920 0.141951 -0.535063 0.832801 0.115403 0.844529 0.522928 -0.983124 0.021878 0.181630
0.011311 -32.429278 -2066.811936 539.117642 0.097837 -0.621820 0.777025 0.051369 0.782885 0.620042 -0.993876 -0.020748 0.108537
-5.595249 -35.843808 -150.979773 -486.536493 0.148228 -0.536698 0.830652 -0.069617 0.832185 0.550111 -0.986500 -0.139369 0.085990
2.863573 -28.320598 -3314.716368 1747.454774 0.042078 -0.656971 0.752741 0.249594 0.736432 0.628785 -0.967436 0.161422 0.194963
-5.208345 -33.189221 464.184848 452.847931 0.167528 -0.530749 0.830807 0.063143 0.846763 0.528210 -0.983843 -0.036031 0.175370
-5.134781 -30.402786 -264.577901 1789.125839 0.144644 -0.545192 0.825738 0.244996 0.828262 0.503943 -0.958673 0.129410 0.253374
-2.468539 -32.523309 -324.682882 540.020143 -0.118344 0.776312 -0.619140 0.633640 0.539111 0.554851 -0.764522 0.326649 0.555703
-0.880416 -32.027436 -274.015281 438.561027 -0.100809 0.792703 -0.601215 0.639585 0.514514 0.571145 -0.762082 0.326952 0.558869
-2.604088 -30.812657 -332.720513 -299.255651 -0.112884 0.788117 -0.605086 0.715819 0.486853 0.500578 -0.689101 0.376624 0.619107
-0.514137 -34.841728 -295.635593 1415.870743 -0.114638 0.776509 -0.619590 0.562459 0.564836 0.603821 -0.818839 0.279273 0.501506
-3.252773 -31.115988 40.554436 -445.350174 -0.116377 0.763095 -0.635722 0.710849 0.511018 0.483275 -0.693650 0.395661 0.601916
-1.206271 -35.995537 -346.954768 1313.310238 -0.123375 0.762405 -0.635230 0.515634 0.596175 0.615383 -0.847880 0.251623 0.466675
9.244688 -44.070885 -1915.357178 489.978349 -0.047054 -0.424187 0.904351 0.244427 0.872941 0.422172 -0.968525 0.240913 0.062607
13.070663 -48.953587 -1409.825599 1815.536230 -0.012820 -0.423618 0.905750 0.149340 0.894854 0.420635 -0.988703 0.140657 0.051792
7.327434 -50.579554 -1294.269745 1681.572521 -0.061996 -0.452366 0.889675 0.092276 0.884974 0.456406 -0.993802 0.110391 -0.013122
4.171336 -45.285694 -1200.197046 211.084888 -0.061974 -0.468496 0.881289 0.247092 0.848298 0.468334 -0.967008 0.246784 0.063189
-0.529010 -83.747720 92.219379 356.894695 0.073131 -0.819321 0.568651 0.944257 0.240391 0.224923 -0.320982 0.520505 0.791230
0.745911 -76.511146 -1180.735920 -2036.712285 0.058394 -0.786156 0.615263 0.906660 0.299701 0.296895 -0.417801 0.540498 0.730277
0.149460 -76.970745 -83.903720 -2324.626989 -0.102453 0.804175 -0.585496 0.826833 0.396081 0.399332 -0.553037 0.443195 0.705499
-7.667053 -52.981319 -92.049226 -919.419076 -0.030913 -0.579260 0.814557 0.910087 0.320637 0.262554 -0.413264 0.749433 0.517265
-6.975979 -49.364119 -82.687561 -944.750745 -0.037081 -0.578011 0.815186 0.777192 0.496099 0.387114 -0.628170 0.647911 0.430830
-8.387707 -49.764839 -505.002379 -797.400226 -0.036304 -0.579881 0.813892 0.845467 0.416385 0.334377 -0.532792 0.700258 0.475154
-8.596720 -53.224172 -904.242294 -657.904834 -0.040773 -0.570804 0.820073 0.950309 0.231365 0.208287 -0.308627 0.787815 0.533007
34.572913 -23.559301 -1098.022380 67.181560 -0.561389 0.193254 -0.804671 0.699062 0.631131 -0.336134 0.442894 -0.751216 -0.489407
30.589226 -22.542518 3471.780844 -239.963939 -0.622984 0.410344 -0.665964 0.722966 0.627120 -0.289898 0.298682 -0.662071 -0.687351
42.871274 -25.499872 4196.659757 -846.081573 -0.611078 0.410952 -0.676537 0.760888 0.540599 -0.358889 0.218249 -0.734079 -0.643036
25.621024 -21.553142 2819.573246 669.268575 -0.636275 0.355568 -0.684635 0.644483 0.732765 -0.218394 0.424023 -0.580195 -0.695398
46.169072 -24.884052 310.528723 -150.163523 -0.583723 0.288420 -0.759000 0.760344 0.522122 -0.386349 0.284860 -0.802622 -0.524073
43.366899 -28.083696 -8476.017060 -8.466501 -0.459626 -0.029519 -0.887622 0.731866 0.553588 -0.397383 0.503107 -0.832267 -0.232839
26.833861 -26.010505 -6147.388996 540.670700 -0.462394 -0.027230 -0.886256 0.655071 0.663120 -0.362151 0.597556 -0.748017 -0.288785
21.825086 -22.050154 -3840.924740 1601.856651 -0.489547 0.018301 -0.871785 0.549534 0.782724 -0.292157 0.677020 -0.622100 -0.393237
24.952466 -22.058665 497.797089 1083.253502 0.589329 -0.154480 0.792987 0.557425 0.788230 -0.260712 0.584781 -0.595676 -0.550638
-0.450217 -31.356349 244.235772 -703.730862 -0.026343 0.555013 -0.831424 0.977767 -0.158778 -0.136971 -0.208033 -0.816547 -0.538491
-2.289063 -31.189262 452.096458 -1212.191811 -0.061443 0.560006 -0.826207 0.979558 -0.125027 -0.157591 -0.191550 -0.819000 -0.540876
-1.704148 -29.223881 318.525618 84.963211 -0.006315 0.550481 -0.834824 0.951452 -0.253604 -0.174423 -0.307731 -0.795397 -0.522155
-5.349797 -69.648931 216.449337 148.202250 0.051862 0.794473 -0.605081 0.287049 0.568469 0.771004 -0.956511 0.213673 0.198570
-4.141930 -70.388871 1177.885873 714.523021 0.089817 0.762177 -0.641108 0.452405 0.542245 0.708025 -0.887278 0.353634 0.296110
-1.982266 -72.646862 1037.224008 646.063441 0.099673 0.768531 -0.632001 0.264595 0.591823 0.761403 -0.959195 0.243116 0.144360
17.240450 -47.846091 -1329.849488 5998.298409 0.008634 0.885807 -0.463974 0.916975 0.178057 0.357005 0.398851 -0.428535 -0.810725
13.176784 -45.879875 -967.353772 4958.877965 0.039297 0.865904 -0.498664 0.921305 0.161808 0.353575 0.386850 -0.473317 -0.791403
16.805415 -29.660512 -1032.344235 -2479.808986 0.099696 0.885854 -0.453125 -0.878543 -0.135431 -0.458062 0.467144 -0.443757 -0.764759
-11.046469 -23.203491 944.911523 -74.195829 0.255393 -0.441026 0.860390 0.920159 -0.162296 -0.356325 0.296787 0.882698 0.364365
-9.111182 -22.460541 524.717704 -11.927555 0.196586 -0.430421 0.880961 0.960458 -0.096140 -0.261298 0.197164 0.897494 0.394501
-9.711840 -22.806723 168.877267 -38.060445 0.224135 -0.447568 0.865706 0.924956 -0.182089 -0.333615 0.306951 0.875515 0.373168
-4.909694 -100.420465 46.017482 -530.217899 -0.150756 0.796525 -0.585508 -0.206838 -0.604583 -0.769219 0.966691 -0.005141 -0.255896
-4.747762 -101.225182 -575.349978 -4949.088159 -0.141670 0.804595 -0.576678 0.136563 -0.561098 -0.816406 0.980449 0.194413 0.030387
-4.735684 -101.759682 18.354257 -3415.519980 -0.155157 0.799952 -0.579657 0.061394 -0.577821 -0.813851 0.985980 0.161863 -0.040540
-5.143868 -101.974626 335.127470 -236.061303 -0.161795 0.796854 -0.582105 -0.220708 -0.604155 -0.765693 0.961827 -0.004590 -0.273621
5.324424 -149.146737 -1533.245685 -11049.812370 -0.069970 -0.889720 0.451112 0.975961 0.032516 0.215507 -0.206409 0.455346 0.866057
12.653752 -348.006500 -4055.163468 -69726.465572 0.022532 -0.891138 0.453173 0.980940 -0.067801 -0.182099 0.193000 0.448639 0.872625
11.552905 -152.376330 -725.179309 -9422.967008 -0.125067 -0.896712 0.424576 0.988584 -0.148872 -0.023213 0.084023 0.416826 0.905094
9.318805 -137.480205 1477.496940 -10138.269756 -0.167224 -0.918217 0.359046 0.960103 -0.068871 0.271033 -0.224139 0.390045 0.893099
6.172444 -164.556740 -573.726808 -20048.628751 -0.120877 -0.900330 0.418084 0.931997 0.042052 0.360019 -0.341717 0.433171 0.834022
3.465304 -30.972948 -39.728407 208.324422 -0.435151 0.801902 -0.409386 0.382871 -0.246723 -0.890246 0.814895 0.544134 0.199664
0.575130 -31.191975 -204.460789 331.772918 -0.393303 0.783358 -0.481313 0.490440 -0.264048 -0.830510 0.777677 0.562697 0.280340
0.534736 -28.875416 70.297698 76.681439 -0.455077 0.796993 -0.397122 0.466433 -0.166541 -0.868737 0.758515 0.580574 0.295955
2.455565 -27.373139 587.586403 251.332861 -0.503320 0.800083 -0.326398 0.338565 -0.164934 -0.926375 0.795011 0.576770 0.187865
-1.819713 -16.982002 -546.102362 -37.893982 0.385054 -0.637815 0.667028 0.842125 -0.052869 -0.536685 0.377571 0.768373 0.516762
-3.031324 -17.734034 -584.868272 -74.083328 0.385599 -0.645816 0.658965 0.814858 -0.096654 -0.571546 0.432805 0.757350 0.488979
-0.908075 -17.584400 -510.587337 -159.227950 0.361346 -0.636745 0.681165 0.823527 -0.124672 -0.553408 0.437302 0.760929 0.479327
-0.538493 -16.852349 -217.729454 -76.937775 0.348078 -0.638406 0.686498 0.855964 -0.082213 -0.510457 0.382318 0.765297 0.517836
-1.323620 -42.829652 7.156980 -701.554603 0.117627 0.620682 -0.775189 0.193386 0.751347 0.630936 0.974046 -0.224126 -0.031652
-0.623888 -44.659913 -67.274419 -1129.911863 0.125032 0.614361 -0.779056 0.237568 0.743837 0.624715 0.963291 -0.263188 -0.052949
-1.368929 -45.543997 -184.902176 573.905666 0.133101 0.601672 -0.787575 0.312265 0.728715 0.609479 0.940625 -0.327055 -0.090888
3.119735 -100.496015 -1374.230617 -17151.566721 0.853300 -0.137704 -0.502908 -0.499065 -0.495075 -0.711221 0.151040 -0.857868 0.491171
6.278885 -211.836146 -265.362201 -36914.345457 0.899116 -0.113987 -0.422608 -0.437658 -0.219219 -0.872008 -0.006754 -0.968994 0.246991
-5.128126 -638.105984 -1858.719153 -152685.016487 0.844172 -0.183776 -0.503587 -0.536000 -0.273911 -0.798547 -0.008816 -0.944033 0.329732
-3.139823 -138.682581 -1038.467406 -25893.860136 0.851450 -0.131419 -0.507702 -0.500806 -0.491069 -0.712772 0.155645 -0.861150 0.483937
-6.057431 -26.517667 -107.930866 -656.393185 -0.180589 0.825190 -0.535209 -0.458398 -0.552057 -0.696495 0.870206 -0.119559 -0.477961
-6.302664 -28.203859 61.690452 2326.775342 -0.209998 0.796856 -0.566499 -0.584234 -0.566868 -0.580802 0.783946 -0.209001 -0.584592
-5.171637 -25.953912 605.510809 -145.626008 -0.220938 0.828745 -0.514168 -0.496942 -0.549286 -0.671813 0.839187 -0.107083 -0.533196
-6.568332 -26.434900 -370.136835 322.141384 -0.165953 0.805807 -0.568449 -0.510031 -0.563492 -0.649881 0.843995 -0.182077 -0.504500
-5.527310 -29.241687 454.242018 -2434.079544 -0.242819 0.811336 -0.531764 -0.346262 -0.584549 -0.733761 0.906169 -0.005958 -0.422874
-5.567075 -25.397940 19.097533 -1622.256837 -0.177591 0.825605 -0.535573 -0.345766 -0.561873 -0.751495 0.921362 -0.051724 -0.385249
15.569780 -25.581252 2586.465200 -9.324583 0.045537 0.837561 -0.544443 0.746345 0.333736 0.575838 -0.664000 0.432564 0.609912
10.035128 -26.159110 1764.482270 -418.395230 0.105014 0.835138 -0.539923 0.747660 0.291688 0.596593 -0.655726 0.466329 0.593768
12.161359 -26.749805 1739.456870 -1197.824668 0.026197 0.831131 -0.555459 0.772283 0.335987 0.539159 -0.634738 0.443096 0.633066
-30.270320 -45.465483 109.378254 894.127226 -0.448104 0.883435 -0.136911 -0.432007 -0.079909 0.898323 -0.782670 -0.461689 -0.417458
-26.055794 -40.977975 -290.474424 1324.015482 -0.481505 0.859435 0.171825 -0.225393 -0.310879 0.923338 -0.846966 -0.405863 -0.343400
-23.288784 -37.103615 -148.968819 2067.340912 -0.430963 0.813179 0.391167 -0.028155 -0.445395 0.894892 -0.901930 -0.374652 -0.214843
54.442076 -46.677040 3403.003404 -1474.794817 0.672960 -0.737142 -0.061217 0.719290 0.632867 0.286533 -0.172473 -0.236858 0.956113
62.049439 -53.321161 5081.036991 -1836.457499 0.646272 -0.758229 -0.086146 0.762867 0.639109 0.097846 -0.019133 -0.128953 0.991466
12.035674 -15.268323 -9.758501 882.884059 -0.150283 0.748381 -0.646019 0.912491 -0.146488 -0.381971 -0.380493 -0.646891 -0.660876
10.384071 -17.167568 -1054.619433 1093.185218 -0.211306 0.704758 -0.677248 0.905156 -0.120376 -0.407680 -0.368840 -0.699161 -0.612480
38.395415 -55.598365 -5975.975791 2682.476632 -0.277706 -0.621439 0.732593 0.310033 0.663808 0.680616 -0.909263 0.416139 0.008324
16.601680 -44.900843 2782.433727 3757.064889 0.316906 0.649729 -0.690958 0.480718 0.517970 0.707543 -0.817607 0.556381 0.148188
-8.431926 -29.870360 -581.165757 -775.598618 -0.448467 -0.887217 -0.108274 0.886600 -0.426234 -0.179623 0.113214 -0.176551 0.977759
-3.784611 -29.279025 2999.426388 -349.060903 0.503476 0.863760 -0.020733 0.844162 -0.496884 -0.201237 0.184123 -0.083816 0.979323
-1.372050 -37.620386 -185.932325 23.058964 -0.368536 0.923248 0.108607 0.928032 0.358576 0.100896 0.054208 0.137975 -0.988951
-2.090126 -39.387032 -137.318108 -2674.897755 -0.352182 0.927523 0.125178 -0.911880 -0.309923 -0.269113 0.210813 0.208924 -0.954939
-0.700799 -40.137523 -253.282332 -2217.445646 -0.366790 0.923593 0.111542 -0.900344 -0.322234 -0.292483 0.234192 0.207706 -0.949743
-8.053637 -34.260384 -380.363602 -3074.555805 -0.594291 0.782762 -0.184667 -0.276549 0.016720 0.960854 -0.755208 -0.622097 -0.206536
-9.482783 -31.786525 28.161554 -1004.717116 -0.568631 0.767643 -0.295607 -0.367166 0.084722 0.926289 -0.736103 -0.635253 -0.233677
-7.205620 -37.074082 -48.348095 -3133.136407 -0.593343 0.771141 -0.230838 -0.266777 0.082179 0.960248 -0.759456 -0.631339 -0.156962
-5.190057 -45.458427 -493.558212 -3280.232876 -0.601776 0.761043 -0.242239 -0.146602 0.192893 0.970206 -0.785095 -0.619359 0.004508
1.891167 -29.527807 -79.502454 1445.111443 -0.304999 0.952349 -0.002703 -0.465030 -0.151406 -0.872252 0.831097 0.264778 -0.489050
1.092244 -29.156455 -712.186085 -96.301015 -0.258133 0.965732 0.027008 -0.547620 -0.123229 -0.827603 0.795915 0.228421 -0.560663
0.974810 -29.572161 -560.874933 656.456298 -0.254841 0.966004 0.043505 -0.483152 -0.088230 -0.871079 0.837627 0.243007 -0.489212
7.953958 -8.252710 1619.729390 650.478683 0.703709 0.677511 -0.213946 0.617136 -0.433669 0.656562 -0.352046 0.594062 0.723293
9.904932 -10.861911 1586.896043 814.563158 0.739266 0.659785 -0.134795 0.548453 -0.473752 0.689027 -0.390750 0.583303 0.712090
4.274367 -12.728977 -1144.776399 932.888604 -0.625827 -0.726459 0.283899 0.677941 -0.326671 0.658546 -0.385665 0.604602 0.696935
13.435936 -7.177322 948.926961 661.032762 0.749988 0.659460 -0.051285 0.516393 -0.535298 0.668427 -0.413348 0.527795 0.742008
0.856636 -11.269682 -1021.075257 769.196705 -0.540760 -0.757293 0.366177 0.754686 -0.244513 0.608820 -0.371520 0.605574 0.703742
2.905408 -6.687206 -1510.792051 738.500070 -0.620604 -0.720011 0.310540 0.714414 -0.355958 0.602417 -0.323207 0.595716 0.735295
-0.294894 -64.799020 459.141027 2943.365592 0.938509 0.345176 -0.007374 -0.328119 0.885077 -0.330115 0.107421 -0.312236 -0.943912
-12.766416 -121.869896 -560.896630 6438.689016 0.851208 0.519146 -0.077016 -0.364691 0.479553 -0.798141 0.377419 -0.707472 -0.597527
-1.789819 -16.266796 -436.556718 910.524776 -0.477030 -0.784575 0.396087 0.763872 -0.147224 0.628351 -0.434675 0.602302 0.669545
-0.023993 -18.121334 -642.529833 1165.082176 -0.554589 -0.760632 0.337445 0.700846 -0.208345 0.682208 -0.448605 0.614842 0.648632
-2.867056 -20.194123 -18.467169 856.290950 -0.446322 -0.797629 0.405690 0.739534 -0.073499 0.669095 -0.503872 0.598653 0.622678
-2.432157 -21.528921 33.650247 868.704489 -0.485352 -0.785499 0.383959 0.698970 -0.084780 0.710108 -0.525238 0.613028 0.590188
-4.870558 -19.726577 -427.685496 649.770176 -0.417358 -0.799360 0.432245 0.750597 -0.035104 0.659827 -0.512266 0.599825 0.614649
4.261950 -200.372790 -393.937029 -21926.143700 0.827345 0.561423 0.017448 -0.545348 0.795442 0.264324 -0.134518 0.228202 -0.964276
2.251149 -666.545845 -1992.839735 -153648.014703 0.786359 0.617548 0.016547 -0.613841 0.778062 0.133487 -0.069560 0.115126 -0.990912
2.353124 -222.950935 -703.920951 -15614.584279 0.837594 0.544289 0.046746 -0.517409 0.762943 0.387564 -0.175282 0.348808 -0.920657
-22.498438 -100.806220 4627.033908 12429.206660 0.489620 0.780390 0.388927 -0.579566 -0.041978 0.813844 -0.651441 0.623883 -0.431734
-17.983359 -140.499406 2385.949598 -18963.370225 0.376990 0.766357 0.520170 0.774838 0.046746 -0.630429 -0.507450 0.640712 -0.576179
-36.617932 -98.874506 7295.020505 7626.407828 0.491493 0.814397 0.308532 -0.521175 -0.008778 0.853405 -0.697719 0.580241 -0.420130
-12.127503 -125.255251 2739.749596 -16543.138265 0.393834 0.778738 0.488326 0.770184 0.010401 -0.637737 -0.501709 0.627263 -0.595675
3.782693 -26.139887 1946.535110 196.041233 0.231005 0.719152 -0.655330 0.298149 0.588821 0.751264 -0.926145 0.368932 0.078394
-0.429344 -26.111177 2067.966289 92.937790 0.248192 0.743663 -0.620779 0.195677 0.589133 0.783985 -0.948742 0.316051 -0.000700
-3.629075 -25.244482 1632.888675 310.019403 0.233699 0.739950 -0.630760 0.295877 0.563838 0.771067 -0.926197 0.366825 0.087166
-1.003242 -24.334068 1475.399014 344.348757 0.210585 0.706741 -0.675405 0.405974 0.565279 0.718084 -0.889291 0.425415 0.167879
11.752661 -6.084748 272.132356 3692.794152 0.362367 -0.659276 0.658822 0.898287 0.435532 -0.058246 -0.248538 0.612917 0.750041
-10.409615 -19.583811 -279.149984 70.913587 0.435952 -0.404415 0.803987 0.522877 0.840921 0.139469 -0.732493 0.359585 0.578060
-11.823187 -19.371442 -387.377223 -55.161430 0.448670 -0.450472 0.771862 0.502395 0.841419 0.199033 -0.739118 0.298479 0.603834
-11.905516 -19.464581 -428.930061 236.222787 0.455307 -0.428941 0.780196 0.570850 0.813115 0.113903 -0.683247 0.393514 0.615078
-13.546472 -19.432490 -334.347818 -99.266478 0.470742 -0.505714 0.722949 0.526434 0.818567 0.229817 -0.708004 0.272400 0.651559
-13.384403 -19.352090 -339.342601 221.276891 0.483328 -0.468807 0.739333 0.560411 0.814498 0.150108 -0.672557 0.341779 0.656394
-9.999489 -23.078748 593.542712 -442.473911 -0.195119 0.910626 0.364264 0.284511 -0.302880 0.909570 -0.938606 -0.281112 0.199985
-8.682901 -22.473505 423.037718 -80.759271 -0.164242 0.924046 0.345199 0.316901 -0.281972 0.905575 -0.934130 -0.258128 0.246519
-8.894017 -28.354524 27.976847 1186.841810 -0.252971 0.943862 0.212437 0.090577 -0.195509 0.976510 -0.963224 -0.266271 0.036034
-11.099149 -25.736885 214.413407 -6.011614 -0.267236 0.917613 0.294229 0.197599 -0.246664 0.948742 -0.943154 -0.311677 0.115402
-10.128791 -60.226375 408.071916 -10474.470567 0.591977 0.772202 0.230798 -0.150608 -0.175333 0.972921 -0.791758 0.610707 -0.012507
-34.030873 -78.659967 4595.557766 -12451.071845 0.509001 0.720937 0.470285 -0.345263 -0.329479 0.878770 -0.788487 0.609667 -0.081208
6.311491 -55.822484 435.739888 -9513.727729 0.588156 0.491954 0.641914 0.538159 0.354413 -0.764707 0.603704 -0.795218 0.056299
5.484079 -147.705686 -58.564195 -27077.327015 0.580305 0.537034 0.612242 0.472250 0.390573 -0.790210 0.663495 -0.747695 0.026963
7.347692 -115.086729 154.450971 -17678.750049 0.613623 0.541861 0.574329 0.326317 0.488321 -0.809358 0.719016 -0.684054 -0.122826
3.258918 -47.764502 -381.633631 -7163.721843 -0.549143 -0.471257 -0.690188 0.621474 0.321887 -0.714254 0.558759 -0.821161 0.116112
9.645553 -68.112589 502.884226 -10426.381419 0.624787 0.502245 0.597822 0.439575 0.406532 -0.800940 0.645302 -0.763205 -0.033221
3.826756 -28.805471 -317.780244 -2752.099790 -0.583041 -0.458708 -0.670560 0.599076 0.314784 -0.736220 0.548791 -0.830962 0.091269
7.956038 -37.428150 643.384491 -7035.385901 0.578779 0.474182 0.663450 0.566713 0.351130 -0.745348 0.586388 -0.807378 0.065499
1.153844 -47.892774 -148.200734 665.773576 -0.367866 0.925555 0.089565 -0.841160 -0.372280 0.392246 -0.396389 -0.068956 -0.915489
-22.852898 -33.136972 325.668357 -8.851314 0.587355 0.425284 0.688584 0.781464 -0.519347 -0.345822 0.210542 0.741224 -0.637385
-23.194593 -33.167091 519.252203 -147.080004 0.586176 0.428006 0.687901 0.806547 -0.388636 -0.445471 0.076679 0.815949 -0.573016
-21.629791 -32.494155 795.919303 -160.119175 0.579923 0.357520 0.732031 0.795608 -0.441795 -0.414519 0.175209 0.822798 -0.540652
-21.287983 -32.520291 512.987699 -102.018839 0.565008 0.348932 0.747671 0.819403 -0.343472 -0.458918 0.096673 0.871936 -0.479981
-22.562588 -33.449010 552.390540 -28.557296 0.561907 0.396563 0.725947 0.827157 -0.260306 -0.498049 -0.008540 0.880329 -0.474287
6.792584 -40.201476 -179.595142 1610.397966 -0.470515 0.882270 0.014654 -0.748392 -0.390210 -0.536326 0.467467 0.263316 -0.843884
5.343570 -42.799325 -708.206702 1468.808679 -0.430583 0.902443 -0.013988 -0.748230 -0.365584 -0.553625 0.504729 0.227916 -0.832648
6.423062 -42.353589 -495.526935 -644.378662 -0.417231 0.908764 -0.008129 -0.639554 -0.299962 -0.707809 0.645670 0.290121 -0.706357
10.044926 -36.749678 -263.556259 -3103.903473 -0.420782 0.906942 0.019959 -0.463315 -0.195938 -0.864261 0.779925 0.372913 -0.502647
10.201705 -34.817598 -154.232872 -2841.401887 -0.487531 0.873101 0.002819 -0.419482 -0.231400 -0.877775 0.765734 0.429125 -0.479065
-6.883986 -27.296856 442.289626 122.161440 0.412578 -0.791743 0.450469 0.780420 0.052174 -0.623075 0.469812 0.608622 0.639418
-6.694137 -27.887691 -48.171991 275.733430 0.463418 -0.791740 0.397985 0.766707 0.133060 -0.628057 0.444302 0.596191 0.668695
-4.910678 -27.245648 251.166337 83.953236 0.443169 -0.792411 0.419149 0.720124 0.036229 -0.692899 0.533876 0.608911 0.586689
-4.073417 -27.063812 -377.032894 247.633890 -0.388028 0.619397 -0.682482 0.065242 0.757104 0.650028 0.919335 0.207703 -0.334188
-4.359931 -25.305221 388.048360 76.767456 -0.439794 0.567139 -0.696373 0.062702 0.792883 0.606139 0.895907 0.222912 -0.384266
-4.721688 -25.091113 7.821246 235.295494 -0.411675 0.639885 -0.648899 -0.007078 0.709769 0.704399 0.911303 0.294576 -0.287666
-5.041681 -24.320801 503.880895 -93.105345 -0.450021 0.613545 -0.648879 -0.014287 0.721574 0.692190 0.892903 0.320771 -0.315958
-4.263539 -25.977630 -454.779639 253.396014 -0.375357 0.656343 -0.654463 -0.024041 0.698960 0.714756 0.926569 0.284023 -0.246580
-4.295373 -24.822558 -281.856519 -707.575442 -0.389684 0.672665 -0.629022 0.102000 -0.647289 -0.755389 0.915283 0.358523 -0.183626
-4.829758 -24.326258 -139.811712 -219.015439 -0.407808 0.665043 -0.625628 0.079779 -0.656620 -0.749990 0.909576 0.355763 -0.214718
-5.637118 -36.160077 -190.484565 -321.297517 0.127119 -0.543499 0.829729 -0.104420 0.824534 0.556094 -0.986376 -0.157330 0.048062
-5.260995 -36.495995 -99.961507 -415.678378 0.114032 -0.548496 0.828341 -0.100087 0.823195 0.558867 -0.988423 -0.146635 0.038973
8.081496 -32.570222 -3547.616710 715.916565 0.061531 -0.685231 0.725722 0.016848 0.727709 0.685679 -0.997963 -0.029963 0.056321
46.125606 -27.684396 9747.211153 2057.998138 0.010747 0.769261 -0.638844 0.192283 0.625368 0.756269 -0.981281 0.130966 0.141195
-0.722180 -30.947312 -453.384463 140.697245 -0.101934 0.801315 -0.589494 0.714896 0.471078 0.516730 -0.691761 0.368755 0.620876
1.154263 -34.050104 -298.682992 1166.008438 -0.092793 0.800562 -0.592022 0.635143 0.505498 0.584008 -0.766801 0.321827 0.555377
0.650506 -35.460973 -196.999303 1405.082438 -0.104564 0.784551 -0.611184 0.561509 0.553802 0.614826 -0.820838 0.278897 0.498440
14.434546 -51.767669 929.875766 2098.002490 0.169698 -0.484169 0.858361 0.176240 0.871862 0.456942 -0.969609 0.073735 0.233283
16.024327 -47.166843 -246.362939 1392.249266 0.072704 -0.438851 0.895614 0.194421 0.886999 0.418847 -0.978220 0.143674 0.149811
15.820429 -44.240299 463.226508 3310.351383 0.144210 -0.460361 0.875940 0.367817 0.846708 0.384442 -0.918648 0.266745 0.291432
11.366176 -47.368401 1947.600161 4175.771014 0.265289 -0.520889 0.811355 0.388774 0.827855 0.404365 -0.882313 0.208160 0.422129
16.093551 -41.394031 1533.141311 3490.247622 0.227596 -0.490715 0.841070 0.483695 0.806615 0.339723 -0.845126 0.329502 0.420939
0.113810 -78.361658 -963.238875 112.091666 0.038221 -0.797239 0.602453 0.989313 0.115083 0.089528 -0.140708 0.592592 0.793118
0.514220 -77.397361 -402.943361 -19.259080 0.052028 -0.807336 0.587794 0.985997 0.134911 0.098026 -0.158440 0.574463 0.803050
-6.294113 -51.045628 105.410654 -906.553864 -0.037729 -0.554324 0.831446 0.884206 0.369130 0.286222 -0.465571 0.745968 0.476209
-5.909527 -47.759067 26.164009 -437.170473 -0.053239 -0.551269 0.832627 0.799933 0.475551 0.366003 -0.597723 0.685532 0.415660
-5.158484 -46.653703 -89.071383 -505.241234 -0.066210 -0.550231 0.832383 0.691287 0.576276 0.435923 -0.719541 0.604278 0.342212
-5.678321 -46.471387 89.225302 -519.751704 -0.050940 -0.576942 0.815195 0.652631 0.598629 0.464452 -0.755961 0.555681 0.346037
-7.390411 -46.525101 -254.446582 -467.909244 -0.042575 -0.587218 0.808308 0.629863 0.612237 0.477953 -0.775539 0.529472 0.343801
