13506
26995
-37.400140 -58.224073 -748.116704 5458.944639 -0.385582 -0.917142 0.100884 0.916433 -0.367983 0.157290 -0.107133 0.153102 0.982386
-44.029293 -68.990733 1497.871631 2495.439147 0.349169 0.926341 -0.141329 0.898912 -0.288527 0.329710 -0.264646 0.242167 0.933444
-40.387207 -72.299344 -1181.814860 10660.719969 -0.063648 0.985246 -0.158867 0.983899 0.088590 0.155225 -0.167009 0.146429 0.975021
-32.955373 -57.258960 956.713806 4018.419778 -0.586973 -0.800682 0.119880 0.802441 -0.555708 0.217433 -0.107476 0.223824 0.968686
-29.518447 -51.873084 2775.963870 7828.941171 -0.207536 -0.975691 0.070398 0.978195 -0.206403 0.023095 -0.008003 0.073656 0.997252
-27.295469 -48.327963 2496.684076 5829.053146 -0.619724 -0.780035 0.086531 0.784819 -0.615800 0.069633 -0.001031 0.111064 0.993813
-42.159542 -67.094208 374.319770 1315.947636 0.911928 -0.025227 -0.409575 0.388112 -0.271096 0.880838 0.133255 0.962222 0.237429
-40.777725 -64.249864 73.066540 979.337126 0.918555 -0.060744 -0.390598 0.334322 -0.407852 0.849638 0.210917 0.911025 0.354327
-39.008302 -65.844953 628.578713 946.973047 0.901728 -0.156580 -0.402951 0.334214 -0.338717 0.879529 0.274203 0.927768 0.253100
-39.676296 -64.166390 464.614586 1274.231095 0.886900 -0.264043 -0.379065 0.265240 -0.380768 0.885812 0.378228 0.886170 0.267668
-39.546341 -66.303251 701.001020 1054.705578 0.877417 -0.233464 -0.419087 0.367305 -0.235008 0.899921 0.308588 0.943539 0.120447
-39.333104 -67.163956 839.632342 611.898339 0.894231 -0.137506 -0.425960 0.399577 -0.183625 0.898120 0.201714 0.973331 0.109259
14.937454 -52.898152 8938.073562 -447.645864 -0.474551 0.880171 0.009995 0.114321 0.072888 -0.990766 0.872773 0.469026 0.135211
-6.184644 -35.721712 7027.945741 552.307542 -0.479399 0.875826 0.055735 0.059858 0.095993 -0.993581 0.875554 0.472985 0.098444
10.806464 -45.879482 8126.332789 -78.448144 -0.485783 0.848210 0.211079 -0.098588 0.186776 -0.977443 0.868501 0.495636 0.007109
29.709368 -63.655852 7787.899478 735.948082 -0.432178 0.893295 0.123474 -0.047971 0.113954 -0.992327 0.900512 0.434785 0.006396
107.690191 -44.395180 16510.895189 4135.594986 0.312932 0.892598 -0.324566 0.519381 0.125283 0.845309 -0.795183 0.433098 0.424394
92.359540 -31.966277 -25215.536817 2164.148809 -0.484224 -0.703246 0.520551 0.580076 0.187367 0.792721 -0.655011 0.685813 0.317208
108.455999 -41.546468 8846.457742 763.455114 0.173309 0.895104 -0.410795 0.617534 0.226163 0.753328 -0.767213 0.384238 0.513561
125.005727 -53.142138 -8422.737965 4109.174290 0.022454 0.978068 -0.207073 0.554022 0.160240 0.816935 -0.832199 0.133066 0.538273
125.117544 -52.207641 -11036.483014 -3987.973517 -0.088991 0.947522 -0.307056 0.669634 0.285127 0.685779 -0.737341 0.144587 0.659866
126.454354 -55.010841 -13861.528173 598.159734 -0.090714 0.974194 -0.206680 0.604670 0.218781 0.765839 -0.791294 0.055501 0.608912
-18.323936 -53.506704 222.158931 213.993788 0.679586 0.532093 -0.505015 -0.245869 -0.483391 -0.840168 0.691167 -0.695133 0.197680
-9.284031 -49.393022 -6646.791995 1676.515800 0.773978 0.565713 -0.284477 -0.147482 -0.275852 -0.949818 0.615798 -0.777094 0.130071
-14.336497 -52.424590 -636.132990 444.489771 0.663508 0.524776 -0.533261 -0.347930 -0.414567 -0.840880 0.662346 -0.743468 0.092484
-2.423534 -42.255885 -5245.527876 3043.693388 0.725263 0.553258 -0.409755 -0.346013 -0.221622 -0.911679 0.595205 -0.802987 -0.030700
-14.215264 -53.139142 61.273830 -528.612992 0.580390 0.515101 -0.630729 -0.411154 -0.483203 -0.772960 0.702922 -0.707945 0.068660
-18.882762 -54.647183 1523.453642 1743.036536 0.591830 0.501059 -0.631408 0.317383 0.575193 0.753937 0.740949 -0.646601 0.181389
-1.455616 -46.028881 -8892.805395 2326.199259 0.776852 0.548571 -0.309144 -0.234147 -0.204085 -0.950539 0.584530 -0.810814 0.030098
-5.746196 -50.974971 -83.220275 587.442083 0.035454 0.999292 -0.012573 -0.996094 0.036353 0.080475 -0.080875 -0.009671 -0.996677
-7.369074 -52.740815 -365.783388 2.556363 -0.004680 0.999989 0.000660 -0.999691 -0.004663 -0.024402 0.024398 0.000774 -0.999702
-7.204410 -51.331969 -755.442138 -286.271530 0.005902 0.999907 -0.012281 -0.997459 0.005015 -0.071064 0.070995 -0.012670 -0.997396
1.116000 -51.917969 264.638609 -3212.782491 -0.061693 0.965799 0.251847 0.820893 -0.094432 0.563221 -0.567740 -0.241486 0.786991
2.070257 -46.275530 730.074947 -2439.950808 -0.107997 0.971955 0.208900 0.739282 -0.061974 0.670538 -0.664680 -0.226852 0.711856
1.666529 -49.621624 -52.691876 -3873.938428 -0.094206 0.970447 0.222167 0.758180 -0.074692 0.647753 -0.645204 -0.229465 0.728737
1.667549 -57.095912 -232.452700 -2817.397387 -0.041900 0.965373 0.257486 0.850543 -0.100756 0.516164 -0.524234 -0.240630 0.816870
-0.086354 -61.498711 65.629573 -2747.521937 -0.013684 0.962032 0.272592 0.899195 -0.107396 0.424163 -0.437334 -0.250918 0.863585
0.241674 -57.425379 57.284912 -2668.160942 -0.038455 0.961228 0.273062 0.887208 -0.092887 0.451923 -0.459765 -0.259641 0.849236
23.612123 -118.918153 1048.923512 -8007.572870 -0.071286 0.973834 -0.215790 -0.234637 -0.226642 -0.945293 0.969466 0.016754 -0.244654
22.229542 -127.094340 -468.671805 -1519.674676 -0.021622 0.979237 -0.201564 -0.497565 -0.185409 -0.847380 0.867157 -0.081969 -0.491243
22.297603 -129.055886 -558.975427 -8038.569449 0.009740 0.979545 -0.200988 -0.316937 -0.187610 -0.929706 0.948397 -0.072756 -0.308627
19.087195 -120.612033 1058.833171 -1825.441221 -0.101244 0.977623 -0.184396 -0.500250 -0.210239 -0.839970 0.859942 -0.007202 -0.510342
28.131878 -114.903335 -222.941033 -10098.783994 -0.012248 0.974092 -0.225822 -0.055416 -0.226153 -0.972514 0.998388 -0.000603 -0.056750
19.546694 -103.947593 3619.985736 -8823.850903 -0.163173 0.956732 -0.240911 -0.008153 -0.245483 -0.969367 0.986564 0.156210 -0.047857
16.361324 -112.431116 2651.435135 -4892.694768 -0.168168 0.966572 -0.193538 -0.304843 -0.237704 -0.922262 0.937438 0.096096 -0.334627
28.868925 -105.214567 1771.231328 -9744.899867 -0.069067 0.964441 -0.255115 0.020924 -0.254269 -0.966907 0.997393 0.072119 0.002619
-2.356186 -138.667126 -270.953742 902.858159 0.098085 -0.962641 -0.252390 0.982153 0.134535 -0.131439 0.160484 -0.234994 0.958657
-1.685104 -147.270394 -608.846908 2892.455257 -0.074353 0.963821 0.255971 0.915208 0.167896 -0.366341 0.396064 -0.207028 0.894580
-0.319381 -134.295958 262.693480 5326.343735 -0.073659 0.966368 0.246388 0.905784 0.168203 -0.388925 0.417288 -0.194526 0.887711
2.407527 -76.246578 -113.615192 2453.929176 -0.155087 0.986823 0.046143 -0.653365 -0.137492 0.744453 -0.740987 -0.085306 -0.666079
0.987143 -76.122583 229.345804 1887.547290 -0.175132 0.982082 0.069604 -0.557189 -0.157151 0.815379 -0.811707 -0.104016 -0.574727
-0.482290 -74.682467 64.899065 1086.888735 -0.156604 0.986538 0.047104 -0.721813 -0.146873 0.676324 -0.674138 -0.071915 -0.735096
4.322790 -76.322200 20.873546 3514.337535 -0.176081 0.981246 0.078434 -0.516563 -0.159934 0.841180 -0.837949 -0.107600 -0.535037
1.210546 -77.661288 -110.342785 -1102.616451 -0.130896 0.991111 0.023794 -0.779221 -0.117691 0.615600 -0.612928 -0.062039 -0.787699
2.828116 -82.462032 -621.958998 2857.863744 -0.169148 0.984625 0.043619 -0.581901 -0.135488 0.801894 -0.795475 -0.110257 -0.595872
1.545930 -82.156153 -883.157369 -864.528589 -0.139016 0.990278 0.004980 -0.756452 -0.109434 0.644828 -0.639104 -0.085875 -0.764311
-0.722622 -90.782321 1089.885092 5859.124956 -0.142841 0.989558 -0.019261 -0.948944 -0.142457 -0.281444 0.281249 0.021924 -0.959384
1.015975 -78.164066 822.296390 7035.799207 -0.143554 0.989234 -0.028444 -0.986797 -0.145260 -0.071638 0.074999 -0.017785 -0.997025
1.982905 -78.208654 329.646263 7211.669648 -0.152307 0.987575 -0.038715 -0.985763 -0.154617 -0.066062 0.071228 -0.028103 -0.997064
2.654565 -77.146171 235.929590 7026.131468 -0.159178 0.986173 -0.046100 -0.985982 -0.161166 -0.043180 0.050013 -0.038580 -0.998003
2.564148 -87.072296 269.148881 6022.839760 -0.154838 0.986561 -0.052172 -0.958600 -0.162805 -0.233624 0.238978 -0.013838 -0.970926
3.596792 -78.346037 -25.766295 -767.021513 -0.192730 0.975547 0.105655 -0.307173 -0.162243 0.937722 -0.931933 -0.148273 -0.330931
4.809225 -79.876794 85.672496 787.731637 -0.174026 0.981384 0.081246 -0.458179 -0.153725 0.875466 -0.871658 -0.115129 -0.476401
3.819007 -82.356634 -39.160852 994.685655 -0.175880 0.981289 0.078342 -0.453242 -0.151368 0.878441 -0.873864 -0.118992 -0.471384
2.415535 -82.999208 311.792465 2425.479681 -0.189771 0.976326 0.103797 -0.319646 -0.161394 0.933691 -0.928339 -0.144010 -0.342706
2.834262 -78.302006 172.064778 1131.419565 -0.197828 0.973511 0.114633 -0.138359 -0.143505 0.979930 -0.970423 -0.177997 -0.163084
2.517531 -76.716943 -552.138353 320.094666 -0.208322 0.972230 0.106637 -0.103035 -0.130237 0.986115 -0.972618 -0.194442 -0.127305
457.936704 -51.281423 133427.965034 -198.323778 0.775992 0.565257 -0.279859 -0.621495 0.760930 -0.186358 -0.107613 -0.318543 -0.941780
1143.478358 -65.896000 359574.322699 19508.111637 0.731833 0.295356 -0.614154 -0.534915 0.807335 -0.249151 -0.422240 -0.510857 -0.748824
445.374574 -101.707910 147399.774384 20288.504912 0.764053 0.571449 -0.299448 -0.640274 0.728623 -0.243224 -0.079195 -0.377565 -0.922590
1845.929805 -173.420520 611885.325172 42203.895916 0.671718 0.412430 -0.615383 -0.668051 0.696246 -0.262582 -0.320162 -0.587489 -0.743205
-0.459768 -236.335542 -2239.346226 4502.455741 0.879924 0.144353 -0.452655 -0.421084 0.678201 -0.602272 -0.220052 -0.720559 -0.657549
-4.011550 -248.555133 -3908.721127 -32488.164394 0.878684 0.147473 -0.454054 -0.476846 0.317043 -0.819818 -0.023054 -0.936875 -0.348903
-1.313411 -247.637844 -578.088073 -20458.304114 0.891863 0.149506 -0.426883 -0.450469 0.378575 -0.808553 -0.040724 -0.913416 -0.404985
-5.085554 -211.444884 -2359.300562 -7764.333004 0.875496 0.184192 -0.446744 -0.466705 0.561972 -0.682915 -0.125270 -0.806387 -0.577968
-0.042578 -244.326256 959.818267 16674.856585 0.894924 0.155898 -0.418099 -0.389240 0.730885 -0.560624 -0.218182 -0.664457 -0.714768
0.025009 -244.987787 933.200255 40196.517692 -0.889200 -0.150882 0.431924 -0.266131 0.938485 -0.220046 -0.372153 -0.310613 -0.874655
-8.208084 -196.646055 369.069105 -26488.721795 0.918243 0.242432 -0.313140 0.241572 0.283669 0.927995 -0.313804 0.927771 -0.201912
-6.131225 -150.250674 -61.379213 -14573.210882 0.914026 0.241730 -0.325766 0.152524 0.539342 0.828159 -0.375890 0.806645 -0.456103
-6.583069 -177.240405 -1734.020626 -15024.770862 0.909382 0.284552 -0.303404 0.163505 0.426159 0.889750 -0.382478 0.858731 -0.341016
-42.219306 -186.894286 23813.554285 -82240.462263 0.938780 0.219195 -0.265793 -0.337234 0.742461 -0.578813 -0.070468 -0.633012 -0.770928
-55.369312 -310.491016 54683.228729 -128593.591087 0.768938 0.474242 -0.428752 -0.638913 0.594046 -0.488774 -0.022901 -0.649772 -0.759784
-22.280614 -109.322318 4817.112914 45230.451898 -0.408421 0.777850 -0.477642 0.910254 0.308068 -0.276642 -0.068039 -0.547762 -0.833863
-10.551043 -239.718128 21131.339746 106573.314252 0.753617 0.528227 -0.391200 -0.645532 0.706939 -0.289008 -0.123892 -0.470333 -0.873749
-36.737686 -58.011326 14644.549125 10311.126293 -0.474228 0.770028 -0.426808 0.855439 0.288389 -0.430182 -0.208165 -0.569112 -0.795474
-6.944566 -61.487445 -12161.314278 11162.276217 -0.618742 0.665817 -0.416949 0.766484 0.395295 -0.506205 -0.172222 -0.632795 -0.754924
30.212897 -26.184619 -3922.125704 4215.773994 0.070810 0.972863 0.220282 0.280357 0.192523 -0.940391 0.957280 -0.128346 0.259117
35.839138 -3.985006 -3517.397409 8669.977302 -0.003210 0.956093 0.293046 0.204569 0.287478 -0.935686 0.978847 -0.056945 0.196510
28.567937 -6.040453 -3247.646238 8783.371017 0.085869 0.942499 0.322988 0.204385 0.300627 -0.931585 0.975117 -0.146009 0.166818
27.711450 -37.133677 -4087.982330 1863.309689 0.099335 0.982145 0.159762 0.385102 0.110099 -0.916283 0.917512 -0.152544 0.367289
34.560282 -32.773473 -2584.431365 1520.463077 -0.005722 0.986029 0.166473 0.363368 0.157146 -0.918297 0.931628 -0.055237 0.359191
-15.474111 -51.837726 -2121.423788 1584.619404 0.744270 0.595894 -0.301617 -0.064633 -0.385221 -0.920558 0.664744 -0.704638 0.248194
12.221873 -47.768081 -10337.175022 1119.989836 0.785385 0.618820 -0.015245 0.082539 -0.129100 -0.988190 0.613480 -0.774851 0.152470
-13.714335 -91.346528 426.762109 -2263.872114 -0.027831 0.998167 0.053733 0.030497 0.054577 -0.998044 0.999147 0.026138 0.031961
-12.408625 -95.601689 53.094867 -3234.208355 0.007605 0.998572 0.052879 -0.027386 0.053069 -0.998215 0.999596 -0.006144 -0.027751
-12.650416 -99.248995 295.615216 -3398.130839 -0.017369 0.999006 0.041041 -0.184472 0.037141 -0.982136 0.982684 0.024630 -0.183643
-12.746361 -97.205042 200.731488 -4407.123248 -0.047410 0.998312 0.033550 -0.145384 0.026333 -0.989025 0.988239 0.051767 -0.143890
5.382981 -30.259484 -2010.149761 -557.356753 -0.073031 0.909479 -0.409284 0.269904 0.413090 0.869775 -0.960114 0.046947 0.275640
0.195753 -31.117677 -530.873395 -86.494526 -0.048039 0.910930 -0.409755 0.359825 0.398469 0.843652 -0.931782 0.106912 0.346917
0.658748 -29.523912 -1417.251073 218.149586 -0.105307 0.853303 -0.510671 0.304606 0.516520 0.800264 -0.946639 0.071280 0.314315
1.209855 -145.143472 -1772.299376 16151.240182 -0.188977 0.952482 0.238884 0.629510 -0.069199 0.773905 -0.753661 -0.296630 0.586519
3.135553 -128.689596 -1163.750138 5924.676629 -0.154464 0.955016 0.253150 0.800756 -0.029075 0.598285 -0.578732 -0.295125 0.760244
0.389592 -126.243078 -1074.643167 6522.310750 -0.160423 0.952747 0.257950 0.764381 -0.045426 0.643162 -0.624488 -0.300351 0.720974
-44.223906 -278.227186 -9402.723642 34656.962312 0.778765 -0.078623 0.622369 0.446905 -0.626697 -0.638378 -0.440228 -0.775286 0.452913
-17.994547 -348.477302 -7062.783889 69803.045153 0.721247 -0.102050 0.685119 0.557710 -0.501042 -0.661752 -0.410806 -0.859385 0.304461
-33.581894 -437.628159 -7236.351545 131263.509192 0.771513 -0.093853 0.629252 0.594355 -0.246501 -0.765493 -0.226955 -0.964587 0.134397
-78.986599 -431.326211 -18288.999124 123630.342096 0.812000 -0.069547 0.579500 0.548458 -0.248666 -0.798347 -0.199624 -0.966089 0.163773
0.682783 -26.700621 -3331.622016 2365.265244 0.059793 0.981633 0.181168 -0.343296 -0.150200 0.927140 -0.937322 0.117631 -0.328010
3.467916 -23.784056 -3363.418106 -229.412449 0.067279 0.983745 0.166491 -0.298324 -0.139400 0.944230 -0.952091 0.113195 -0.284096
-5.543701 -26.278804 -2453.390233 1880.488557 0.073172 0.976824 0.201150 -0.339326 -0.165274 0.926036 -0.937819 0.136015 -0.319368
7.310581 -24.868229 -2549.241767 1967.702023 0.077840 0.982417 0.169701 -0.333540 -0.134748 0.933056 -0.939517 0.129231 -0.317187
-4.147051 -32.398170 -2601.997913 3108.178213 0.065943 0.976229 0.206465 -0.408827 -0.162317 0.898061 -0.910226 0.143629 -0.388405
2.807819 -31.718403 -2709.856618 3412.435037 0.065868 0.978827 0.193799 -0.402324 -0.151682 0.902844 -0.913125 0.137439 -0.383815
-47.519509 -68.146579 211.005328 -2273.868369 0.742316 0.295496 -0.601372 0.414150 0.503194 0.758469 -0.526732 0.812082 -0.251150
-49.258443 -70.651184 903.971362 -2960.164883 0.718530 0.443336 -0.535881 0.312393 0.482678 0.818189 -0.621390 0.755298 -0.208323
-50.510132 -72.857064 445.003464 -1370.646582 0.785233 0.399040 -0.473473 0.377427 0.297732 0.876872 -0.490875 0.867250 -0.083180
-47.046878 -68.204506 894.925322 -2007.688934 0.810679 0.220206 -0.542502 0.443731 0.373417 0.814655 -0.381971 0.901149 -0.205009
-48.214346 -71.305681 315.683105 -6.659331 0.825398 0.273313 -0.493983 0.450399 0.208761 0.868078 -0.340381 0.938999 -0.049211
-50.754970 -73.654028 106.725056 1019.405048 0.828884 0.371908 -0.417896 0.405794 0.114485 0.906766 -0.385076 0.921183 0.056023
-52.632616 -76.199628 1401.650752 303.545625 0.795962 0.482711 -0.365287 0.372395 0.085282 0.924148 -0.477249 0.871617 0.111878
17.958371 -16.016067 -1083.867229 -1444.307478 0.090338 0.207701 0.974012 0.737653 0.643129 -0.205558 -0.669110 0.737052 -0.095112
30.329623 -16.107308 622.672926 274.508882 0.185665 0.322654 0.928129 0.762535 0.548417 -0.343191 -0.619733 0.771449 -0.144214
24.386386 -17.529988 -794.726236 35.043674 0.059267 0.119024 0.991121 0.787602 0.604448 -0.119686 -0.613327 0.787703 -0.057920
16.719860 -16.240310 509.191347 -1212.435360 -0.024863 -0.001994 0.999689 0.752757 0.657993 0.020034 -0.657828 0.753021 -0.014858
24.142286 -20.844707 -103.629735 53.844686 -0.050355 -0.082115 0.995350 0.789666 0.606898 0.090017 -0.611467 0.790527 0.034283
-20.526028 -38.412213 -1356.860763 -264.765657 -0.148137 0.972688 0.178701 -0.122944 0.161180 -0.979237 0.981295 0.167031 -0.095710
-17.554518 -37.434538 -515.113073 -1154.670867 -0.131310 0.967505 0.216081 -0.043791 0.212094 -0.976268 0.990374 0.137657 -0.014518
-19.111724 -41.969239 -1018.773586 -791.127675 -0.133230 0.991026 0.010820 -0.132273 -0.006960 -0.991189 0.982219 0.133487 -0.132014
-23.530488 -39.569657 -2107.555140 -562.230598 -0.179903 0.983491 -0.019505 -0.187259 -0.053707 -0.980841 0.965696 0.172804 -0.193830
-23.073708 -36.324228 -392.514820 282.394003 -0.157028 0.910348 0.382895 -0.192621 0.352027 -0.915955 0.968628 0.217584 -0.120074
-7.524373 -38.435679 32.973730 -2792.159456 0.842985 0.303059 0.444444 0.329696 0.361767 -0.872023 0.425060 -0.881635 -0.205047
-6.903761 -37.488598 489.630657 -2199.301504 0.788795 0.275138 0.549637 0.426077 0.399748 -0.811578 0.443013 -0.874357 -0.198090
-3.969321 -32.343904 825.508079 -770.929152 0.810288 0.280567 0.514505 0.434501 0.301506 -0.848707 0.393245 -0.911250 -0.122400
-4.176524 -36.789144 606.095642 -1391.075772 0.757936 0.252555 0.601456 0.500745 0.365663 -0.784567 0.418077 -0.895827 -0.150684
-5.746900 -31.358960 975.894945 -877.686388 0.845235 0.303160 0.440082 0.353446 0.300531 -0.885865 0.400817 -0.904309 -0.146869
-4.488181 -31.042273 1244.688249 585.876227 0.849359 0.311568 0.426046 0.381399 0.195691 -0.903460 0.364862 -0.929855 -0.047380
-1.627103 -32.492796 1025.888567 923.973043 0.842005 0.294314 0.452114 0.407639 0.201826 -0.890560 0.353353 -0.934155 -0.049965
-0.252460 -34.332576 715.381381 187.338609 0.811660 0.287845 0.508284 0.452207 0.241171 -0.858688 0.369752 -0.926813 -0.065584
-12.717687 -72.646430 -64.464955 -1039.646932 0.831467 0.126686 0.540937 0.411091 0.514660 -0.752415 0.373719 -0.847983 -0.375844
-11.065205 -68.423803 140.262813 335.764073 0.841707 0.172850 0.511519 0.350907 0.544895 -0.761547 0.410358 -0.820495 -0.397988
-13.455318 -67.098035 -857.098366 -1823.378809 0.819343 0.120771 0.560439 0.476467 0.400212 -0.782822 0.318836 -0.908430 -0.270367
-13.606503 -67.333138 62.372335 -3197.565173 0.810182 0.104268 0.576830 0.516863 0.337122 -0.786893 0.276510 -0.935669 -0.219238
-13.471487 -62.324141 46.382754 -3536.648730 0.803304 0.120263 0.583301 0.544371 0.249014 -0.801032 0.241585 -0.961004 -0.134566
-11.538828 -63.045038 1066.825808 -2235.231239 0.806103 0.178829 0.564108 0.494950 0.318779 -0.808334 0.324380 -0.930806 -0.168457
38.251521 -84.406525 -23090.436554 6022.635046 0.356742 -0.151980 0.921758 0.931803 0.128566 -0.339432 -0.066919 0.979986 0.187480
-30.128539 -68.352634 872.272495 1401.582604 0.352345 -0.235855 0.905663 0.934592 0.038123 -0.353672 0.048889 0.971040 0.233861
-40.263742 -63.804142 3184.403742 -2253.843322 0.189662 -0.127866 0.973488 0.977611 -0.067436 -0.199323 0.091135 0.989496 0.112213
-21.017312 -123.555388 -5552.233296 7050.398027 0.519266 -0.081192 0.850747 0.853559 0.098680 -0.511565 -0.042417 0.991801 0.120543
-35.606484 -72.307768 1335.085510 -2863.876422 0.142618 -0.105024 0.984190 0.957496 -0.237244 -0.164066 0.250724 0.965756 0.066724
-26.865180 -1072.811991 4937.848923 308327.010562 0.871911 -0.130740 -0.471888 0.465646 -0.076738 0.881638 0.151477 0.988442 0.006031
1.181758 -108.585184 -542.659022 -11989.106718 0.281936 -0.451621 0.846493 -0.153398 0.849716 0.504432 -0.947091 -0.272068 0.170288
1.623859 -118.574116 -721.507057 -12196.263794 0.299688 -0.447663 0.842488 -0.081961 0.867731 0.490231 -0.950510 -0.215968 0.223357
1.461539 -91.824719 233.420832 -8675.682255 0.304435 -0.487230 0.818490 -0.283741 0.773883 0.566213 -0.909291 -0.404614 0.097350
1.615209 -87.794182 1095.026292 -8949.430456 0.311364 -0.475503 0.822769 -0.329311 0.758169 0.562791 -0.891407 -0.446180 0.079478
2.315147 -91.457205 -577.431503 -8867.877461 0.284580 -0.478315 0.830800 -0.277792 0.788306 0.549004 -0.917521 -0.387026 0.091464
-6.677455 -34.546528 -924.276526 -1019.653450 0.172121 0.578566 -0.797268 0.032160 0.805615 0.591566 0.984551 -0.127461 0.120057
-5.665466 -36.549781 -949.154770 -3994.022877 0.175585 0.425102 -0.887952 0.130379 0.883978 0.448981 0.975792 -0.194605 0.099789
-11.176273 -29.411562 -674.963202 -4782.554077 0.200224 0.574333 -0.793758 0.187312 0.772780 0.606404 0.961678 -0.270097 0.047149
-12.386249 -34.525689 -1049.186665 -4577.780904 0.179758 0.646154 -0.741736 0.134820 0.730721 0.669231 0.974428 -0.220301 0.044238
0.501620 -134.816940 798.364566 7466.789051 0.753595 0.294343 0.587755 0.036333 0.874126 -0.484339 -0.656334 0.386351 0.648043
12.026239 -132.825031 5204.230595 9324.749501 0.770941 0.245191 0.587819 -0.012515 0.928582 -0.370917 -0.636784 0.278599 0.718950
4.501100 -126.678518 2460.709463 4621.926315 0.758815 0.294607 0.580866 0.119336 0.813861 -0.568673 -0.640280 0.500836 0.582413
3.767358 -120.547494 671.739193 1711.487200 0.754655 0.313887 0.576169 -0.239821 -0.685421 0.687520 -0.610722 0.657018 0.441980
0.957067 -125.913063 -155.828791 1581.735443 0.750295 0.310530 0.583633 0.181248 0.752371 -0.633314 -0.635772 0.580955 0.508218
-15.844604 -42.548519 190.869388 954.602952 0.199381 0.979588 -0.025588 -0.646975 0.111981 -0.754244 0.735983 -0.166937 -0.656096
-16.050888 -43.272656 799.151490 1395.450048 0.192254 0.980787 0.033085 -0.565447 0.138268 -0.813112 0.802065 -0.137616 -0.581166
-16.529227 -44.988643 -165.461504 582.492871 0.259984 0.965125 0.030682 -0.544775 0.172838 -0.820578 0.797263 -0.196622 -0.570711
-15.760937 -45.680175 -995.457999 253.903729 0.279107 0.959803 -0.029615 -0.582835 0.144815 -0.799583 0.763153 -0.240429 -0.599826
-9.219570 -172.007079 1246.016216 11902.136622 0.948467 -0.059716 -0.311199 -0.071775 0.916071 -0.394540 -0.308641 -0.396544 -0.864577
-7.711099 -210.503447 -70.950072 27346.067984 0.952635 -0.094766 -0.288976 -0.081657 0.835610 -0.543220 -0.292950 -0.541087 -0.788293
-7.693131 -209.569021 485.856262 20155.753246 0.948705 -0.108786 -0.296859 -0.130612 0.720221 -0.681339 -0.287924 -0.685163 -0.669068
-10.226523 -174.121484 514.616220 16056.573222 0.939673 -0.081392 -0.332251 -0.089460 0.879007 -0.468341 -0.330170 -0.469810 -0.818698
-4.721908 -122.486798 -244.580276 3862.261416 -0.843727 -0.071021 -0.532053 0.011400 0.988614 -0.150043 0.536651 -0.132660 -0.833311
-5.617932 -138.818338 224.423089 6843.135654 -0.846424 -0.052321 -0.529933 0.140701 0.937821 -0.317324 0.513585 -0.343153 -0.786433
-8.561981 -132.930319 -1333.976929 3815.078783 -0.849482 -0.059660 -0.524234 0.038706 0.983863 -0.174688 0.526197 -0.168685 -0.833464
-4.023359 -133.764599 716.453360 6984.443467 -0.843494 -0.053510 -0.534466 0.144074 0.936025 -0.321091 0.517455 -0.347841 -0.781823
93.073545 -72.737454 2927.565313 4661.726320 0.268418 -0.240190 0.932878 0.270433 0.948260 0.166338 -0.924563 0.207633 0.319485
86.428152 -88.083347 19297.541900 8456.616529 0.556302 -0.157161 0.815983 0.261302 0.965226 0.007762 -0.788828 0.208900 0.578024
224.260036 -100.672071 63785.495066 17845.526117 0.467337 -0.364933 0.805246 0.194419 0.930955 0.309070 -0.862437 0.012115 0.506019
83.169495 -65.928112 -12784.742016 4892.855842 -0.117956 -0.307227 0.944298 0.355207 0.874964 0.329039 -0.927316 0.374233 0.005922
51.908957 -52.360811 -358.848456 1757.765187 0.145813 -0.230145 0.962170 0.463464 0.875131 0.139090 -0.874036 0.425651 0.234270
167.544472 -82.091851 -10497.210444 6519.523401 0.015038 -0.336108 0.941704 0.143207 0.932824 0.330651 -0.989578 0.129886 0.062161
-42.911613 -184.920760 4081.461798 -24015.276097 0.926796 0.302683 -0.222333 0.344863 -0.451453 0.822958 -0.148723 0.839389 0.522789
514.105344 -1839.988917 144466.279706 721198.759148 -0.176681 -0.837554 0.516998 0.980225 -0.197286 0.015377 0.089117 0.509492 0.855848
-33.265257 -158.160394 -10996.274420 -2940.652742 0.998938 0.044827 -0.010682 0.039956 -0.727051 0.685420 -0.022959 0.685119 0.728069
-59.068292 -631.210496 9142.135247 -218499.697974 -0.515763 -0.768315 0.379052 0.825044 -0.326213 0.461396 -0.230846 0.550706 0.802143
-77.430021 -269.872630 -13569.169518 -69634.017627 -0.595164 -0.517962 0.614407 0.803448 -0.368449 0.467671 -0.015858 0.771985 0.635444
-26.968542 -208.376152 1738.229895 -38117.900082 0.983042 0.161251 -0.087335 0.148978 -0.424525 0.893076 -0.106934 0.890942 0.441348
-39.752567 -147.342287 -10684.921761 -18833.066463 0.985884 0.130961 -0.104314 0.153790 -0.462033 0.873427 -0.066189 0.877140 0.475651
270.163291 -9498.666834 -13866.155094 -2106865.533054 0.952934 0.298204 -0.054697 -0.302280 0.920635 -0.247100 0.023330 -0.252004 -0.967445
-76.562869 -13350.156106 -52410.544946 6210263.231191 0.959128 0.267180 -0.093210 -0.276381 0.955187 -0.105981 -0.060717 -0.127411 -0.989990
-2149.273289 -27115.196205 143201.631314 -7685564.768523 0.987805 -0.052349 0.146634 0.147413 0.011324 -0.989010 -0.050113 -0.998565 -0.018903
14.885697 -34.513813 -2702.793745 -2853.787459 0.304158 0.948520 0.088307 -0.037314 0.104490 -0.993826 0.951890 -0.298985 -0.067174
9.493234 -27.896366 -2883.859305 -1969.510403 0.329961 0.938025 0.105996 0.012210 0.108035 -0.994072 0.943916 -0.329299 -0.024194
13.209555 -28.975421 -2603.803641 -1088.712897 0.302099 0.938495 0.167220 0.052078 0.158906 -0.985919 0.951853 -0.306554 0.000870
-1.122369 -39.700601 -3913.512314 643.006155 -0.374352 0.662130 -0.649188 0.556737 0.720357 0.413678 0.741556 -0.206566 -0.638299
-6.746043 -45.814662 -1200.105545 -1670.996321 -0.479438 0.564248 -0.672134 0.540081 0.793389 0.280796 0.691702 -0.228383 -0.685120
-10.089224 -45.259767 -2263.857326 -408.771315 -0.497749 0.493550 -0.713200 0.414375 0.857707 0.304356 0.761932 -0.144039 -0.631437
-4.908367 -38.536369 -3895.220390 588.315952 -0.444235 0.539852 -0.714993 0.398868 0.833783 0.381721 0.802221 -0.115614 -0.585725
-16.804702 -35.243519 8.733325 -1608.453934 -0.219364 0.974168 -0.053637 -0.006626 -0.056462 -0.998383 0.975621 0.218654 -0.018841
-18.173345 -37.149251 -13.378453 -1637.685346 -0.243511 0.969814 -0.012748 -0.077162 -0.032473 -0.996490 0.966824 0.241673 -0.082741
-14.221377 -34.163674 737.416206 -1201.494754 -0.255841 0.961788 0.097518 -0.030184 0.092879 -0.995220 0.966248 0.257561 -0.005268
-15.710564 -33.618077 -10.121640 -1579.610621 -0.179243 0.969142 -0.169222 0.052172 -0.162402 -0.985344 0.982420 0.185445 0.021453
-17.028738 -36.706688 -167.977194 -1539.210094 -0.183918 0.972682 -0.141649 -0.028232 -0.149275 -0.988393 0.982536 0.177784 -0.054915
-14.423013 -31.272639 264.428235 -1119.303917 -0.216384 0.975764 -0.032599 0.066012 -0.018692 -0.997644 0.974074 0.218026 0.060368
1.615737 -31.981823 -842.645403 1844.724644 -0.399716 0.820431 0.408804 -0.810436 -0.524685 0.260574 -0.428276 0.227154 -0.874632
6.255866 -29.719691 -2623.174268 1540.323969 -0.425875 0.806939 0.409242 -0.763771 -0.563113 0.315528 -0.485062 0.178191 -0.856132
1.855922 -28.701203 -424.047621 1285.163372 -0.498210 0.747711 0.438994 -0.727689 -0.635866 0.257183 -0.471439 0.191320 -0.860896
24.729264 -30.363813 7468.482203 1908.679834 0.097129 0.975774 0.196039 -0.930115 0.018896 0.366781 -0.354191 0.217964 -0.909417
14.789543 -26.305114 3670.578857 2363.345678 0.120001 0.973534 0.194504 -0.910197 0.029658 0.413111 -0.396409 0.226611 -0.889667
32.090587 -25.969783 9799.093939 1920.945409 0.088279 0.976333 0.197437 -0.902860 -0.005300 0.429902 -0.420773 0.216209 -0.881024
13.034937 -31.679536 1743.888845 1704.386440 0.107140 0.976770 0.185585 -0.940468 0.039008 0.337637 -0.322555 0.210711 -0.922800
22.087944 -35.108841 6004.252406 2036.783566 0.113279 0.975342 0.189411 -0.955821 0.054933 0.288770 -0.271245 0.213754 -0.938475
-53.064107 -77.858661 2382.953657 5491.169862 -0.047988 0.968580 -0.244030 0.939896 0.126477 0.317173 -0.338071 0.214143 0.916434
-55.017055 -77.937073 1281.696978 3426.582170 0.074118 0.961750 -0.263711 0.898377 0.050405 0.436324 -0.432927 0.269251 0.860278
-38.098638 -65.135090 794.070807 2857.895377 -0.575336 -0.804794 0.145930 0.789204 -0.499373 0.357468 -0.214815 0.320833 0.922454
-45.904294 -73.356367 438.239389 1830.232193 0.401164 0.894832 -0.195815 0.836766 -0.271018 0.475785 -0.372679 0.354719 0.857488
-44.615610 -66.886696 1132.443717 -40.354911 0.930098 0.019461 -0.366796 0.344037 -0.395974 0.851377 0.128673 0.918055 0.374990
-41.921868 -64.276539 874.451616 -668.014651 0.940586 -0.057714 -0.334615 0.263429 -0.497763 0.826339 0.214250 0.865391 0.452985
82.947691 -36.192153 25206.412702 3678.517895 0.546591 0.747716 -0.377040 0.453672 0.114042 0.883842 -0.703861 0.654152 0.276884
50.457315 -23.207416 -14775.190335 1319.140712 -0.490594 -0.617962 0.614362 0.605879 0.264816 0.750189 -0.626281 0.740267 0.244493
59.662994 -20.423431 -15129.680096 1395.599926 -0.469925 -0.582061 0.663608 0.669511 0.254913 0.697693 -0.575262 0.772156 0.269906
46.549598 -27.263075 14380.653467 1747.394343 0.531664 0.667056 -0.521891 0.525318 0.223634 0.820993 -0.664361 0.710651 0.231518
-13.175242 -52.818109 -1121.055188 129.009983 0.562574 0.497471 -0.660328 -0.513965 -0.415165 -0.750652 0.647573 -0.761682 -0.022121
-17.029571 -55.757273 46.551308 2397.175018 0.502918 0.483970 -0.716133 0.479685 0.532951 0.697041 0.719011 -0.694072 0.035877
-17.661222 -52.675737 152.016539 1522.691712 0.552994 0.516319 -0.653921 0.326196 0.588032 0.740145 0.766677 -0.622602 0.156757
2.148895 -43.645960 214.824688 740.661654 -0.145842 0.972100 0.183715 0.682490 -0.035574 0.730029 -0.716197 -0.231852 0.658260
1.884089 -45.240203 287.836863 -1146.583905 -0.124543 0.972896 0.194840 0.710885 -0.049499 0.701564 -0.692194 -0.225884 0.685452
18.206559 -122.266175 711.383478 3841.459594 -0.068881 0.983152 -0.169316 -0.686801 -0.169829 -0.706726 0.723574 -0.067607 -0.686928
16.489521 -127.376534 -1880.107503 6403.128965 0.017905 0.980622 -0.195089 -0.722373 -0.122215 -0.680617 0.691271 -0.153114 -0.706187
18.883803 -130.613982 -1038.126509 -1417.452181 0.025627 0.982136 -0.186421 -0.547618 -0.142221 -0.824553 0.836336 -0.123219 -0.534190
-1.177293 -156.540533 -848.453526 824.636033 -0.035939 0.971626 0.233777 0.786810 0.171738 -0.592821 0.616149 -0.162633 0.770657
-0.828429 -162.999552 -562.973622 -2106.370908 -0.078274 0.965112 0.249865 0.927445 0.162427 -0.336844 0.365677 -0.205370 0.907802
-1.953912 -180.340954 -556.839107 -2061.371606 -0.037492 0.977295 0.208538 0.770148 0.161234 -0.617151 0.636762 -0.137467 0.758708
3.125664 -76.439236 74.384661 -794.190622 -0.191280 0.976879 0.095501 -0.435558 -0.171671 0.883639 -0.879603 -0.127426 -0.458325
1.070566 -76.303879 -1121.210460 -2140.095649 -0.209159 0.974732 0.078421 -0.455501 -0.168076 0.874225 -0.865316 -0.147131 -0.479146
116.094810 -70.152939 -14133.248394 -5994.873362 -0.230315 0.946725 -0.225092 0.748502 0.320164 0.580724 -0.621852 0.034732 0.782364
114.713324 -54.971352 -741.137472 -6994.958574 -0.037637 0.881156 -0.471325 0.757013 0.333030 0.562159 -0.652315 0.335641 0.679581
110.045874 -78.188389 -7042.915311 -5904.602174 -0.215154 0.909247 -0.356341 0.852042 0.353078 0.386471 -0.477213 0.220467 0.850683
11.714507 -44.199771 7265.387503 3214.285451 -0.163721 0.835017 0.525301 0.856455 0.384566 -0.344374 0.489571 -0.393516 0.778116
19.043195 -43.353499 3588.271286 2992.593940 -0.200318 0.779624 0.593346 0.818635 0.465910 -0.335803 0.538246 -0.418466 0.731558
24.400651 -53.547393 -2404.087319 5465.645945 0.149813 -0.778062 -0.610062 0.876671 0.389839 -0.281910 0.457169 -0.492590 0.740507
23.917711 -45.461965 -2902.003042 3137.595619 -0.201566 0.695280 0.689896 0.797800 0.525165 -0.296170 0.568230 -0.490702 0.660550
16.249996 -52.586400 -7289.283671 4855.173552 0.098152 -0.857099 -0.505715 0.917402 0.274863 -0.287791 0.385668 -0.435697 0.813282
-3.024342 -221.930956 -1696.578016 -29039.749645 0.895744 0.150592 -0.418289 -0.422498 -0.004429 -0.906353 0.138342 -0.988586 -0.059658
-5.129335 -203.303042 -3910.121155 -29125.821119 0.888179 0.149980 -0.434331 -0.436160 -0.022226 -0.899595 0.144575 -0.988439 -0.045674
-7.467839 -206.137173 -2654.547609 -24078.481187 0.881832 0.181915 -0.435063 -0.469499 0.252449 -0.846073 0.044082 -0.950356 -0.308026
-4.532321 -213.221599 262.404491 -38569.323841 0.920097 0.233987 -0.314121 0.191354 0.431229 0.881717 -0.341769 0.871373 -0.351998
-19.020331 -62.298293 -9572.864579 -6816.517099 -0.256250 -0.035937 0.965942 0.854502 0.458706 0.243752 -0.451843 0.887861 -0.086835
-8.729777 -48.806584 -7756.273044 -1281.027580 -0.017971 0.092500 0.995550 0.835259 0.548684 -0.035903 -0.549564 0.830897 -0.087122
-26.429801 -60.997137 -4831.953967 -5892.937157 -0.208837 -0.118707 0.970719 0.797649 0.553616 0.239304 -0.565812 0.824268 -0.020929
-8.899628 -49.669624 -406.346487 3056.247403 0.497394 0.814770 0.297907 0.569264 -0.047413 -0.820786 0.654627 -0.577842 0.487402
-11.053801 -54.232150 942.767283 1591.456673 0.512365 0.819390 0.257065 0.635000 -0.159961 -0.755769 0.578149 -0.550466 0.602271
-9.682515 -52.908934 1712.243559 2562.059539 -0.523636 -0.798053 -0.298190 0.623017 -0.119976 -0.772953 0.581081 -0.590523 0.560024
41.280783 14.118560 -3107.473654 10422.418145 -0.092195 0.936376 0.338674 0.190331 0.350423 -0.917048 0.977381 0.020087 0.210529
35.141550 18.748292 -3157.191610 9949.046664 -0.019383 0.864471 0.502309 0.189875 0.496443 -0.847049 0.981617 -0.078958 0.173764
42.194603 -5.263522 -2822.843176 8508.804491 -0.086833 0.960086 0.265884 0.204676 0.278392 -0.938406 0.974971 0.027065 0.220680
-11.922994 -105.628051 -780.539564 -2599.376035 0.029489 0.998985 0.034062 -0.275007 0.040871 -0.960573 0.960990 -0.018959 -0.275933
4.288803 -150.811957 -926.312815 15818.446869 -0.165520 0.958730 0.231171 0.627863 -0.078322 0.774373 -0.760520 -0.273318 0.588987
-175.226340 -461.978221 -41156.489902 120444.117486 0.876751 0.021368 0.480469 0.468233 -0.266086 -0.842589 -0.109842 -0.963712 0.243296
-216.324052 -344.835806 -40384.091656 49517.027533 0.817055 0.361384 0.449247 0.573930 -0.435451 -0.693533 0.055006 -0.824490 0.563196
-144.344210 -281.755944 -32081.652294 21437.750036 0.866739 0.098792 0.488880 0.425398 -0.658142 -0.621196 -0.260384 -0.746384 0.612463
9.163157 -23.070799 -2196.662560 -698.220622 0.102976 0.983710 0.147343 -0.297461 -0.110897 0.948272 -0.949164 0.141478 -0.281196
-47.009724 -65.566807 -645.931528 -3088.400110 -0.652964 -0.482728 0.583620 0.215567 0.620248 0.754204 -0.726064 0.618277 -0.300939
-50.458618 -72.829854 1044.981737 -3882.059206 0.658287 0.599715 -0.454972 0.205260 0.438495 0.874980 -0.724242 0.669376 -0.165558
20.189494 -16.203637 -15.128237 -643.215106 0.219350 0.385099 0.896429 0.706046 0.571454 -0.418257 -0.673338 0.724665 -0.146549
39.574498 -18.665620 10865.242944 612.785771 0.370623 0.474078 0.798679 0.683107 0.443493 -0.580240 -0.629288 0.760634 -0.159478
48.960418 -17.971074 8457.283630 -297.733949 0.290181 0.427123 0.856365 0.742203 0.464443 -0.483143 -0.604094 0.775796 -0.182240
-13.303670 -32.741847 160.707942 -2577.518480 -0.126407 0.955201 0.267605 0.045997 0.275123 -0.960308 0.990911 0.109081 0.078714
-15.392459 -40.620022 -128.191838 -1788.352574 -0.101834 0.993855 0.043375 -0.033615 0.040139 -0.998629 0.994233 0.103152 -0.029321
-10.046391 -44.203745 -193.572158 -4029.296061 0.820899 0.298196 0.487036 0.340672 0.428766 -0.836721 0.458331 -0.852783 -0.250387
-9.163267 -43.028639 424.721019 -2590.523401 0.750641 0.250831 0.611247 0.453321 0.477510 -0.752651 0.480665 -0.842062 -0.244731
-9.799365 -39.262627 290.486200 -1878.150706 0.309718 0.945143 0.103823 -0.680993 0.144293 0.717933 -0.663569 0.293059 -0.688326
-1.709326 -34.161618 3135.352181 -2909.056239 0.374237 0.924687 0.070000 -0.703456 0.233894 0.671150 -0.604231 0.300411 -0.738009
-7.481859 -32.777845 -161.967765 -4133.856882 0.278090 0.953706 0.114500 -0.760866 0.145950 0.632283 -0.586301 0.262951 -0.766230
-5.987780 -65.149866 1500.827439 1301.385180 0.855008 0.261652 0.447772 0.182262 0.656723 -0.731776 0.485532 -0.707286 -0.513814
-7.483790 -63.902176 1949.783773 811.895835 0.835061 0.241350 0.494393 0.302203 0.549694 -0.778787 0.459725 -0.799742 -0.386091
-25.442858 -75.368249 -476.765033 2732.560578 0.442114 -0.214091 0.871034 0.885574 0.258415 -0.385979 -0.142454 0.942012 0.303842
-27.782814 -75.408532 -116.893006 2183.504879 0.350968 -0.305327 0.885210 0.935228 0.161329 -0.315154 -0.046585 0.938482 0.342172
-28.741713 -72.123781 270.281289 1592.132174 0.305341 -0.314370 0.898854 0.945156 -0.014896 -0.326280 0.115962 0.949184 0.292581
-28.610583 -71.055885 584.064778 408.327500 0.280242 -0.287447 0.915881 0.933552 -0.140519 -0.329751 0.223485 0.947433 0.228967
0.646278 -124.697269 153.420879 -15325.025438 0.308645 -0.475682 0.823690 -0.170270 0.824350 0.539865 -0.935813 -0.306877 0.173438
6.376129 -151.670783 782.027213 -20241.795172 0.331476 -0.449259 0.829633 0.068370 0.888474 0.453805 -0.940983 -0.093703 0.325223
2.154951 -139.885770 1910.952985 -16886.542652 0.315009 -0.508043 0.801662 -0.033455 0.838196 0.544342 -0.948499 -0.198292 0.247042
7.440912 -143.323531 1068.584240 -11525.663598 0.316309 -0.515465 0.796395 0.223327 0.856365 0.465580 -0.921994 0.030590 0.385994
2.938552 -30.658949 1955.007332 -2349.773896 0.063152 0.949594 0.307057 -0.760740 -0.153343 0.630683 -0.645977 0.273419 -0.712710
5.892364 -33.182832 321.968544 -2910.191267 0.047308 0.954664 0.293901 -0.757847 -0.157371 0.633168 -0.650714 0.252686 -0.716045
5.030861 -26.795403 2358.879483 -3051.756219 0.052178 0.943159 0.328220 -0.806013 -0.154271 0.571440 -0.589593 0.294366 -0.752149
5.147043 -35.967756 1844.962646 -1912.738888 0.085080 0.955294 0.283151 -0.703477 -0.143657 0.696048 -0.705608 0.258410 -0.659805
-11.945130 -37.594406 2151.423771 1795.212337 0.072907 0.995454 -0.061284 -0.681885 0.004911 -0.731443 0.727817 -0.095116 -0.679143
-11.714390 -38.512537 1998.625795 2226.955083 0.076115 0.996473 -0.035316 -0.622984 0.019872 -0.781982 0.778523 -0.081521 -0.622299
-15.678998 -44.262475 725.368517 880.576160 0.145149 0.989208 0.019967 -0.494368 0.089992 -0.864582 0.857048 -0.115623 -0.502096
-16.617076 -45.116021 504.742675 -83.086265 0.210527 0.975392 0.065495 -0.449089 0.156005 -0.879762 0.868330 -0.155801 -0.470881
-7.460305 -39.574446 -790.357966 2623.159758 0.920449 0.279608 0.273119 -0.377875 0.815207 0.438916 0.099924 0.507205 -0.856013
-8.858627 -45.457781 -1431.501830 5570.562696 0.935424 0.245969 0.253930 -0.331786 0.858805 0.390348 0.122063 0.449391 -0.884956
-6.619568 -43.889870 -2562.508553 3863.229963 0.947167 0.239840 0.212957 -0.310190 0.853856 0.417986 0.081585 0.461960 -0.883140
-4.473665 -36.280554 -1837.909304 485.962517 0.952870 0.215517 0.213523 -0.293541 0.832743 0.469438 0.076638 0.509991 -0.856759
8.497346 -235.708927 1839.004635 -37102.387962 0.991217 -0.035823 -0.127302 -0.120631 -0.639418 -0.759337 0.054198 -0.768024 0.638123
29.076769 -251.930455 6699.714353 -45838.569660 0.998725 0.024537 -0.044110 -0.010442 -0.754547 -0.656163 0.049383 -0.655787 0.753329
44.568914 -200.028208 9887.323910 -35018.712950 0.993636 -0.000370 -0.112635 -0.055992 -0.869307 -0.491091 0.097732 -0.494273 0.863796
0.747895 -227.943266 -692.950412 -18755.717207 0.999511 -0.018036 -0.025552 -0.030747 -0.416993 -0.908389 -0.005729 -0.908731 0.417344
16.382502 -221.631564 4384.890149 -32934.786304 0.977198 -0.066759 -0.201562 -0.176601 -0.782570 -0.596989 0.117883 -0.618972 0.776516
-5.787078 -218.417716 -5.781023 -487.188401 0.988620 -0.047019 -0.142900 -0.149776 -0.218715 -0.964225 -0.014082 -0.974655 0.223268
0.965072 -251.653470 424.625071 -27816.601608 0.973414 -0.084750 -0.212796 -0.227204 -0.475048 -0.850122 0.029041 -0.875869 0.481674
-0.697212 -119.720609 -707.547685 -4850.405559 -0.832460 -0.099021 -0.545165 -0.319976 0.889170 0.327096 0.452355 0.446734 -0.771883
