11210
22405
-54.109122 -79.343275 44.620635 -7618.163481 0.959255 0.056900 0.276754 0.280513 -0.308986 -0.908758 -0.033805 -0.949363 0.312357
-41.068294 -75.923108 3735.532677 -12331.954208 0.911967 0.222442 0.344726 0.408673 -0.418617 -0.811016 0.036096 -0.880500 0.472671
-43.636667 -58.066541 269.487144 -5700.897717 0.988414 -0.101951 -0.112443 -0.147951 -0.481790 -0.863706 -0.033881 -0.870336 0.491292
-34.565171 -52.525958 3901.332939 -7223.812826 0.994555 0.092401 0.048198 0.092584 -0.571048 -0.815679 0.047846 -0.815700 0.576493
-48.187698 -67.447937 -269.757512 -4893.024703 0.970205 -0.191015 -0.149049 -0.207723 -0.339128 -0.917520 -0.124713 -0.921144 0.368702
-31.692799 -45.911577 1370.997051 -4227.576193 0.874190 -0.285934 -0.392471 -0.485380 -0.538019 -0.689160 0.014103 -0.792954 0.609118
-41.251188 -57.059733 -991.679279 -3701.299044 0.812401 -0.405804 -0.418720 -0.556237 -0.323896 -0.765305 -0.174942 -0.854643 0.488857
-36.689014 -50.212792 -709.155244 -2987.208671 0.782266 -0.403735 -0.474402 -0.617134 -0.398496 -0.678488 -0.084882 -0.823528 0.560889
-23.839216 -88.252415 -3193.163978 -2036.637572 0.973714 0.189179 -0.126856 -0.024052 -0.468428 -0.883174 0.226501 -0.863010 0.451564
-17.236366 -86.095280 -3731.761976 -9600.766464 0.983306 0.174022 -0.053165 0.063349 -0.601291 -0.796515 0.170579 -0.779850 0.602277
-8.747355 -90.373864 -10771.188110 2242.282296 0.992813 0.119343 -0.008941 0.036339 -0.371793 -0.927604 0.114027 -0.920612 0.373458
-15.766044 -75.828580 -9858.266627 15762.477473 0.985030 0.123528 -0.120235 -0.094232 -0.198197 -0.975622 0.144347 -0.972347 0.183590
-18.717665 -66.070243 -3766.894215 -4165.824577 0.767843 -0.417839 -0.485622 -0.639927 -0.464531 -0.612131 -0.030186 -0.780783 0.624073
-27.783091 -68.782468 -3356.474077 3785.760727 0.689985 -0.421413 -0.588499 0.723492 0.426130 0.543113 0.021902 -0.800515 0.598913
-25.232667 -55.569555 -2868.182550 6746.575668 0.700085 -0.455424 -0.549973 0.706739 0.551936 0.442591 0.101983 -0.698538 0.708268
-18.454971 -73.319097 -4283.711032 -707.811131 0.765287 -0.411169 -0.495254 -0.632131 -0.334914 -0.698744 -0.121434 -0.847805 0.516218
-12.900247 -60.570681 -4011.915001 -5638.675337 0.805552 -0.412206 -0.425643 -0.592382 -0.544485 -0.593818 -0.013020 -0.730494 0.682795
-8.682223 -70.099307 -4582.855360 -1546.897144 0.812828 -0.407381 -0.416355 -0.567703 -0.393919 -0.722870 -0.130473 -0.823935 0.551460
28.460970 -104.423435 -8164.408928 -13258.101496 -0.037473 -0.026629 0.998943 0.882436 -0.469982 0.020574 0.468937 0.882274 0.041110
20.236806 -80.419937 -5602.243774 -2922.023736 0.014103 -0.081860 0.996544 0.953352 -0.299447 -0.038090 0.301530 0.950595 0.073818
9.349807 -89.088979 -3714.842697 -3462.067210 0.064021 -0.075782 0.995067 0.950566 -0.298967 -0.083926 0.303853 0.951249 0.052895
40.507221 -76.770469 -10569.589422 -4679.260659 -0.103729 -0.047818 0.993455 0.908233 -0.411686 0.075016 0.405404 0.910071 0.086133
8.203681 -119.638442 -4271.083763 -13018.009212 0.054464 -0.052659 0.997126 0.903660 -0.422212 -0.071656 0.424772 0.904966 0.024590
23.463079 -151.915382 -8780.518184 -21036.776779 0.024518 -0.019381 0.999512 0.766569 -0.641401 -0.031241 0.641693 0.766961 -0.000869
52.232138 -138.696934 -13427.861650 -21303.377494 -0.096070 -0.003199 0.995369 0.731920 -0.677943 0.068464 0.674585 0.735108 0.067471
61.703999 -97.956686 -12637.985028 -14678.160388 -0.192668 -0.025843 0.980924 0.824199 -0.546759 0.147480 0.532517 0.836891 0.126643
8.370395 -48.692423 -12075.634631 -2702.693751 0.406607 -0.642825 0.649189 0.845566 -0.004292 -0.533853 0.345960 0.766001 0.541806
33.547579 -52.512057 -11603.903434 -1933.982500 0.322218 -0.649090 0.689099 0.844281 -0.132229 -0.519332 0.428212 0.749131 0.505408
23.883264 -47.865366 -12810.255663 -2620.647561 0.318715 -0.632445 0.705999 0.894102 -0.046656 -0.445427 0.314647 0.773199 0.550600
-5.732433 -48.922974 396.879946 572.840130 0.990824 -0.134491 -0.013402 0.127973 0.901634 0.413132 0.043479 0.411057 -0.910572
-5.222644 -46.927301 477.670033 940.999677 0.991518 -0.129968 -0.000746 0.111389 0.846796 0.520124 0.066967 0.515795 -0.854091
-3.749368 -48.098609 391.086338 344.965216 0.990802 -0.135312 -0.001037 0.122950 0.897027 0.424530 0.056514 0.420753 -0.905413
-5.825903 -45.966607 77.646941 1159.989268 0.992464 -0.121898 -0.012456 0.108363 0.825688 0.553622 0.057200 0.550800 -0.832675
17.167282 -96.926941 2760.814312 -16746.607250 0.986966 -0.160858 0.004694 -0.121934 -0.728469 0.674140 0.105021 0.665926 0.738589
19.169465 -100.562894 501.237584 -16591.563317 0.993389 -0.101767 0.053127 -0.109348 -0.697868 0.707830 0.034958 0.708960 0.704382
23.034252 -81.423891 2064.294789 -14910.271831 0.987060 -0.148237 0.061150 -0.138883 -0.599667 0.788106 0.080156 0.786400 0.612495
15.222177 -108.933084 397.030041 -7154.383514 0.994899 -0.096288 0.030077 -0.098948 -0.873479 0.476700 0.019628 0.477245 0.878551
14.212243 -104.898406 2284.178058 -2400.889790 0.991280 -0.128652 -0.028521 -0.107285 -0.913592 0.392224 0.076517 0.385744 0.919428
0.702962 -174.509860 554.535512 -2076.186332 0.914582 -0.158729 -0.371947 0.091202 0.977013 -0.192685 0.393982 0.142304 0.908035
-0.885696 -186.608208 -358.854988 -4038.548621 0.919354 -0.189878 -0.344579 0.001738 -0.873861 0.486173 0.393427 0.447564 0.803057
-2.105658 -167.900797 -76.521953 3086.413055 0.915665 -0.173916 -0.362368 0.087309 0.966078 -0.243044 0.392346 0.190909 0.899788
1.431534 -186.365471 1189.079470 -1643.881072 0.912004 -0.196029 -0.360307 -0.003452 -0.882046 0.471151 0.410166 0.428448 0.805106
-0.692905 -162.524078 -293.048989 -11836.398741 0.919843 -0.145186 -0.364431 0.192409 0.976548 0.096603 0.341859 -0.158979 0.926206
1.170612 -183.619771 2360.257592 -16416.877017 0.900938 -0.139163 -0.411028 0.193088 0.976811 0.092511 0.388622 -0.162711 0.906917
3.591563 -211.181675 2761.841059 -13578.748163 0.898637 -0.190760 -0.395047 0.100901 0.966242 -0.237054 0.426931 0.173165 0.887549
-24.386750 -33.224165 -2621.478862 -260.126527 0.899520 0.286313 -0.329983 -0.430974 0.457778 -0.777625 0.071585 -0.841703 -0.535174
-21.387175 -30.810016 -3657.496567 -1439.605087 0.980868 0.136375 -0.138926 -0.185752 0.442045 -0.877549 0.058264 -0.886565 -0.458920
-14.913216 -33.907597 -3251.838344 -241.770271 0.978347 0.127838 -0.162769 -0.205655 0.511969 -0.834023 0.023287 -0.849438 -0.527174
-27.764514 -30.103977 -862.179547 417.799674 0.664228 0.420965 -0.617729 0.737694 -0.235524 0.632721 0.120863 -0.875966 -0.466985
-27.713136 -33.526130 200.587994 -856.219865 0.491203 0.528312 -0.692536 0.855974 -0.145513 0.496120 0.161334 -0.836488 -0.523697
7.273549 -57.631252 4025.290743 -1214.388360 0.988384 0.058822 -0.140133 -0.008307 -0.899775 -0.436275 0.151750 -0.432372 0.888834
11.589869 -56.052349 2877.036408 -1566.395840 0.991672 0.065071 -0.111144 0.023792 -0.940682 -0.338456 0.126575 -0.332992 0.934395
8.089398 -56.210582 3101.108579 -1026.734500 0.987023 0.054987 -0.150868 0.002661 -0.945012 -0.327024 0.160555 -0.322379 0.932896
7.909887 -56.878405 448.371392 -440.931684 0.990131 0.067878 -0.122608 0.001124 -0.878695 -0.477382 0.140139 -0.472533 0.870100
-8.965238 -177.683333 549.022105 13964.702249 0.053078 -0.032900 0.998048 0.830533 0.556370 -0.025829 -0.554435 0.830283 0.056855
-8.620455 -187.507366 -681.008768 10189.229619 0.045919 0.001763 0.998944 0.722498 0.690516 -0.034430 -0.689847 0.723315 0.030434
-5.206815 -266.529665 2251.642878 53959.492844 0.086813 -0.030338 0.995763 0.625939 0.779263 -0.030829 -0.775025 0.625963 0.086640
-9.776916 -162.670850 -1341.676634 6224.942380 0.017865 0.003562 0.999834 0.903708 0.427784 -0.017672 -0.427776 0.903874 0.004424
-7.455441 -208.052479 672.890335 20870.528684 0.062952 -0.062800 0.996039 0.818928 0.573684 -0.015587 -0.570433 0.816666 0.087544
-8.645392 -163.952131 421.425244 8195.527881 0.032359 -0.042732 0.998562 0.949526 0.313208 -0.017367 -0.312015 0.948723 0.050710
-4.720857 -35.137409 6254.552277 1479.409564 0.900555 0.418727 -0.116911 0.267473 -0.745652 -0.610295 0.342722 -0.518334 0.783500
-8.211555 -32.750966 3140.760036 232.335732 0.809596 0.583037 0.067992 0.474730 -0.582232 -0.660028 0.345234 -0.566634 0.748158
6.222084 -36.215818 8302.047026 818.980631 0.865225 0.495343 -0.077594 0.314540 -0.656772 -0.685357 0.390449 -0.568582 0.724061
-1.943359 -33.145868 3502.433233 -806.448429 0.746703 0.650436 0.139167 0.541919 -0.473573 -0.694300 0.385692 -0.593853 0.706102
28.617175 4.963699 -7443.223246 -926.889509 0.780599 0.594376 0.193343 -0.340101 0.663449 -0.666459 -0.524400 0.454481 0.720036
39.731539 8.379029 -4038.625536 -3783.218187 0.816158 0.577192 -0.027138 0.417335 -0.556333 0.718558 -0.399648 0.597782 0.694937
30.721704 0.189139 -8130.797958 -4501.040946 0.733740 0.677127 0.055906 0.428912 -0.525441 0.734811 -0.526935 0.515181 0.675964
-5.995221 -62.570662 1208.313271 882.775052 0.999234 0.028703 -0.026585 -0.038637 0.830746 -0.555308 -0.006146 -0.555910 -0.831219
-3.554289 -65.379085 815.151318 296.872934 0.998963 0.040465 -0.020875 -0.045359 0.844445 -0.533718 0.003969 -0.534112 -0.845405
-5.332638 -66.558137 1256.372394 1327.787035 0.997422 0.057938 -0.042342 -0.071388 0.741003 -0.667697 0.007309 -0.668998 -0.743228
-157.247004 -526.975790 -49484.565714 119854.294990 0.032916 0.096667 -0.994772 -0.024002 0.995101 0.095905 0.999170 0.020720 0.035075
-360.497154 -3273.830918 3479.562491 1113910.359427 0.297163 0.245971 -0.922601 0.158788 0.940064 0.301771 0.941531 -0.236173 0.240295
-22.723559 -632.479333 22262.085657 165322.159363 -0.151763 -0.054379 -0.986920 -0.051817 0.997550 -0.046996 0.987058 0.044007 -0.154209
-42.100286 -65.943157 884.504974 727.578181 -0.156634 0.975811 0.152511 -0.897294 -0.205122 0.390881 -0.412709 0.075622 -0.907718
-44.018729 -65.360423 627.791302 605.495196 -0.257138 0.962398 0.087578 -0.862564 -0.269434 0.428239 -0.435733 -0.034575 -0.899412
-44.463416 -66.248202 1615.458035 1281.149572 -0.135463 0.983849 0.117010 -0.815506 -0.177787 0.550764 -0.562671 0.020814 -0.826419
-42.637198 -66.755534 1177.966913 1496.299736 -0.071907 0.978222 0.194710 -0.852150 -0.161701 0.497688 -0.518334 0.130135 -0.845219
-42.674744 -64.622436 603.756369 872.800390 -0.056966 0.975552 0.212256 -0.761357 -0.179975 0.622851 -0.645825 0.126121 -0.752996
-43.774982 -64.272876 2091.964818 504.487449 -0.128725 0.976570 0.172453 -0.715022 -0.211897 0.666216 -0.687149 0.037549 -0.725546
23.547560 -51.287327 -7251.837693 3598.979360 0.691996 0.719887 -0.053898 0.115296 -0.036508 0.992660 -0.712635 0.693131 0.108263
43.357674 -74.324031 -6398.535877 6065.639438 0.703991 0.690230 -0.167270 0.083410 0.153539 0.984616 -0.705294 0.707113 -0.050517
46.606535 -78.399641 -5393.014029 1957.684527 0.802951 0.596028 0.004532 0.036081 -0.056193 0.997768 -0.594952 0.800995 0.066625
-14.870447 -37.988822 -365.578493 1672.156114 0.808889 0.563791 -0.166849 0.272541 -0.108088 0.956054 -0.520980 0.818814 0.241087
-20.787922 -41.194401 287.717372 227.806903 0.824502 0.552803 -0.120848 0.162872 -0.027315 0.986269 -0.541912 0.832864 0.112558
-15.676329 -39.980260 -1401.396940 1512.206851 0.698924 0.597930 -0.392409 0.430146 0.086911 0.898566 -0.571384 0.796823 0.196453
-9.416422 -33.027672 -1205.299619 2905.048323 0.704908 0.605390 -0.369604 0.489198 -0.037630 0.871361 -0.513604 0.795039 0.322681
-9.748242 -37.396592 -1054.689460 3040.787790 0.596524 0.606617 -0.525524 0.585426 0.119049 0.801938 -0.549032 0.786030 0.284114
-20.263379 -44.595372 -2064.021711 709.504218 0.605973 0.572667 -0.552132 0.450274 0.325262 0.831540 -0.655783 0.752501 0.060757
-14.443141 -43.013597 -1046.342554 1813.473952 0.594904 0.589909 -0.545982 0.522873 0.231883 0.820264 -0.610485 0.773458 0.170499
-2.305065 -41.016479 789.690453 -611.960938 0.997776 -0.060424 -0.028143 0.066637 0.914255 0.399622 -0.001583 0.400609 -0.916248
-2.942210 -42.111013 739.637112 -285.071184 0.996804 -0.070216 -0.038092 0.079742 0.846352 0.526621 0.004738 0.527975 -0.849247
-2.332855 -41.591084 800.474395 624.228455 0.995333 -0.086888 -0.041986 0.096107 0.853300 0.512486 0.008703 0.514129 -0.857669
-2.440231 -42.941412 279.455579 38.251830 0.998268 -0.053642 -0.024148 0.058823 0.905538 0.420168 0.000672 0.420861 -0.907125
-3.000904 -45.313270 56.794282 535.918598 0.999788 -0.009441 -0.018300 0.014659 0.950451 0.310528 -0.014461 0.310731 -0.950388
-2.140380 -43.380573 958.555498 232.621457 0.999940 -0.010964 -0.000051 0.010514 0.957523 0.288167 0.003110 0.288150 -0.957580
4.322941 -61.023552 -195.531105 -49.711609 0.952355 0.303084 -0.034050 0.115516 -0.461779 -0.879441 0.282268 -0.833607 0.474788
5.776035 -64.522368 92.926675 2356.033767 0.956736 0.285991 -0.053526 0.121504 -0.559870 -0.819623 0.264372 -0.777659 0.570397
5.850789 -63.047977 -217.272271 1661.236393 0.956454 0.280354 -0.081226 0.100055 -0.576335 -0.811065 0.274199 -0.767620 0.579289
22.502968 -76.741519 2225.995824 7328.705455 0.984172 0.165062 -0.064505 0.167928 -0.752295 0.637065 -0.056628 0.637814 0.768106
24.163204 -82.409420 1823.836025 2911.128502 0.985411 0.168146 -0.026293 0.130539 -0.647633 0.750687 -0.109197 0.743167 0.660135
21.614083 -80.587910 2042.783506 -1772.201140 0.991610 0.120624 -0.046464 0.108059 -0.576280 0.810077 -0.070938 0.808301 0.584480
4.968513 -175.231431 -423.414727 -17718.850442 -0.945980 -0.167007 -0.277903 -0.082202 0.952667 -0.292693 0.313630 -0.254037 -0.914932
5.705611 -198.243319 1247.846035 -23369.650642 0.948807 0.154640 0.275414 -0.044931 0.929166 -0.366921 0.312646 -0.335762 -0.888547
4.802055 -146.517328 504.734471 -15274.778802 0.940257 0.228872 0.252059 -0.040424 0.810149 -0.584828 0.338057 -0.539700 -0.771001
4.991141 -150.547902 -139.994489 -15699.385177 0.937491 0.208732 0.278464 -0.072148 0.899348 -0.431241 0.340450 -0.384194 -0.858190
53.357701 -22.836271 -10026.943072 -2057.177900 0.986563 -0.072489 0.146419 0.159219 0.627555 -0.762118 0.036641 -0.775191 -0.630664
62.270717 -22.406735 712.198127 -2001.130797 0.947325 0.070005 0.312531 0.189721 0.663528 -0.723696 0.258035 -0.744869 -0.615295
75.524379 -29.926186 -16901.743665 -3633.435055 0.986124 -0.076908 0.147121 0.160723 0.664186 -0.730086 0.041566 -0.743601 -0.667330
8.016438 -39.523105 1045.008618 -1397.845144 0.981237 0.185465 -0.052702 -0.186566 0.844331 -0.502293 0.048660 -0.502701 -0.863090
9.223785 -35.383654 1891.195523 -3106.307916 0.987767 0.154984 -0.017196 -0.130491 0.761177 -0.635281 0.085370 -0.629754 -0.772090
4.384333 -39.233571 2816.472917 -3021.118011 0.983892 0.178753 -0.001819 -0.145632 0.795603 -0.588054 0.103669 -0.578847 -0.808819
3.260766 -42.682882 2048.864174 -108.891965 0.982344 0.186092 -0.019223 -0.173446 0.867410 -0.466387 0.070116 -0.461487 -0.884372
-2.074590 -41.949175 2291.098767 -2050.600699 0.989099 0.147197 0.004091 -0.119860 0.820923 -0.558319 0.085541 -0.551742 -0.829617
-2.160029 -36.365454 2906.272800 -3003.746861 0.990500 0.134250 0.029760 -0.082765 0.754872 -0.650630 0.109812 -0.641986 -0.758812
-1.644230 -36.682289 -2005.748397 1034.827125 0.934759 0.307403 -0.178126 0.111084 0.223349 0.968388 -0.337470 0.924996 -0.174630
-3.515737 -40.309069 -2238.609482 1583.669406 0.937471 0.316773 -0.144232 0.049131 0.289802 0.955825 -0.344578 0.903144 -0.256118
1.946222 -38.067533 -2382.890404 1251.025941 0.934689 0.324554 -0.144989 0.049402 0.285320 0.957158 -0.352018 0.901808 -0.250652
-7.498403 -38.911207 -2451.830353 678.766850 0.931906 0.300852 -0.202581 0.134824 0.231171 0.963526 -0.336709 0.925229 -0.174868
0.447515 -33.811318 -1356.995417 770.702583 0.935969 0.297972 -0.187549 0.145918 0.156491 0.976841 -0.320421 0.941660 -0.102991
-4.524400 -34.790184 -2398.086819 670.539284 0.924783 0.304539 -0.228108 0.188296 0.154658 0.969858 -0.330639 0.939860 -0.085681
2.950837 -35.888631 -968.036850 794.373041 0.939421 0.308062 -0.150285 0.076862 0.237955 0.968230 -0.334036 0.921127 -0.199862
4.557905 -328.331468 5058.637112 -9077.130564 -0.146823 0.722912 0.675161 -0.563062 -0.622264 0.543828 -0.813268 0.300310 -0.498407
14.465906 -336.220454 2365.259593 47035.377587 -0.171641 0.729891 0.661663 -0.352977 -0.672603 0.650394 -0.919754 0.121918 -0.373081
10.915294 -293.755111 1726.766201 -46646.923471 -0.188784 0.718509 0.669407 -0.773499 -0.528775 0.349422 -0.605029 0.451820 -0.655590
9.289954 -627.179977 -338.304026 208284.843662 -0.174202 0.752367 0.635293 0.923202 0.349225 -0.160433 -0.342565 0.558556 -0.755423
-8.278527 -328.215410 2332.678052 -63042.332725 -0.176354 0.758829 0.626959 -0.847544 -0.440971 0.295320 -0.500568 0.479294 -0.720908
7.055990 -548.613752 -3086.824546 -50681.940649 -0.155927 0.825061 0.543103 0.870024 -0.145623 0.471012 0.467702 0.545956 -0.695116
57.081733 -1118.396898 12291.458295 -501006.548604 -0.279620 0.816927 0.504423 0.922272 0.082502 0.377634 0.266884 0.570809 -0.776499
2.962052 -519.292762 -1157.646473 18495.027446 -0.234648 0.824929 0.514230 0.968795 0.155001 0.193419 0.079851 0.543569 -0.835558
-2.145063 -98.644887 -381.908608 -4833.630446 -0.330512 0.815439 0.475207 0.926551 0.184512 0.327810 0.179628 0.548648 -0.816529
-1.194428 -105.030831 429.964544 -3581.401971 -0.307987 0.814346 0.491919 0.929786 0.148074 0.337005 0.201598 0.561172 -0.802773
0.417677 -92.242818 -111.084124 1742.384207 -0.341399 0.810024 0.476768 0.939009 0.271621 0.210914 0.041345 0.519695 -0.853351
-0.295340 -92.180197 -727.932267 2338.124766 -0.362395 0.804558 0.470485 0.932024 0.312258 0.183918 0.001060 0.505154 -0.863029
0.530349 -32.312181 -211.525474 662.995430 0.943547 0.291736 -0.156872 0.136896 0.087802 0.986686 -0.301625 0.952461 -0.042908
3.401100 -33.678533 40.904955 575.864151 0.943933 0.291648 -0.154703 0.109589 0.165223 0.980149 -0.311419 0.942148 -0.123998
0.774568 -237.472833 618.273732 -8676.072240 0.965548 0.249054 0.075427 0.259788 -0.905744 -0.334869 0.015083 -0.342927 0.939241
-1.265399 -240.181764 -278.412969 11327.124975 0.978152 0.192993 0.077288 -0.193650 0.981070 0.001035 -0.075625 -0.015979 0.997008
-1.292236 -232.809569 -922.908267 -19929.482944 0.962228 0.260152 0.080244 0.272214 -0.923908 -0.268875 -0.004189 -0.280563 0.959827
2.851714 -209.675770 47.889568 -222.894234 0.951203 0.300790 0.068834 0.281319 -0.753706 -0.593958 0.126776 -0.584340 0.801546
-2.767627 -1013.079337 -2709.809628 348936.110439 -0.602917 -0.005912 0.797782 0.678167 -0.530497 0.508588 0.420214 0.847666 0.323855
-16.463867 -1626.634117 11499.127925 -584542.361097 -0.480087 -0.128224 0.867799 0.872540 0.032254 0.487476 -0.090496 0.991221 0.096396
11.814964 -1825.829737 6984.502035 -592548.850434 -0.447723 -0.085076 0.890116 0.836587 0.311606 0.450581 -0.315699 0.946395 -0.068339
-0.417201 -263.872014 1426.241101 -53789.297867 -0.563505 -0.117947 0.817649 0.668955 0.515599 0.535404 -0.484728 0.848673 -0.211642
6.316255 -1270.539674 2489.931778 -449252.472995 -0.455661 -0.131394 0.880403 0.809820 0.349413 0.471278 -0.369547 0.927710 -0.052808
0.586377 -634.778689 255.066306 -188661.444829 -0.427753 -0.113734 0.896712 0.902732 -0.104084 0.417423 0.045858 0.988044 0.147194
-8.608188 -49.635578 699.756327 744.363066 0.996694 0.069872 -0.041468 -0.073266 0.993517 -0.086922 -0.035126 -0.089673 -0.995352
-6.768439 -51.701481 405.930763 126.114404 0.994658 0.098227 -0.031719 -0.101195 0.988542 -0.112001 -0.020354 -0.114613 -0.993202
-8.453042 -53.959884 590.392063 1727.878309 0.991113 0.127581 -0.037653 -0.132537 0.971246 -0.197775 -0.011338 -0.201008 -0.979524
-10.286454 -51.941546 1111.803895 1430.611434 0.994633 0.092922 -0.045508 -0.100282 0.974061 -0.202852 -0.025478 -0.206327 -0.978151
-10.898212 -49.198022 646.790587 778.642197 0.996235 0.048972 -0.071533 -0.059558 0.986231 -0.154278 -0.062993 -0.157958 -0.985435
-41.027195 -87.145768 4069.494455 -8264.670728 0.888439 0.208454 0.408930 0.448883 -0.208619 -0.868897 0.095815 -0.955523 0.278917
-22.522462 -85.972713 8142.467546 -12373.995149 0.886944 0.312283 0.340308 0.436286 -0.324610 -0.839215 0.151605 -0.892809 0.424156
-22.488876 -67.700009 6895.882922 -12976.826754 0.948573 0.254849 0.187780 0.300502 -0.538400 -0.787289 0.099539 -0.803229 0.587295
-39.931553 -74.925571 -3559.252153 3092.351508 0.566169 -0.406315 -0.717190 0.818209 0.382507 0.429211 0.099935 -0.829817 0.549015
-34.153862 -61.924368 -2846.527118 5394.693772 0.547816 -0.491722 -0.676836 0.821039 0.471306 0.322126 0.160600 -0.732175 0.661912
-29.802766 -77.047923 -3794.635354 540.886563 0.698255 -0.381218 -0.605899 0.712842 0.292783 0.637287 -0.065548 -0.876899 0.476185
4.875683 -84.102930 -1648.473173 2587.068033 0.127486 -0.119284 0.984641 0.982221 -0.122745 -0.142043 0.137803 0.985244 0.101515
34.837610 -66.151207 -8210.470287 852.604068 -0.099854 -0.100939 0.989869 0.956482 -0.283867 0.067540 0.274174 0.953536 0.124892
16.071132 -73.291325 -4907.910513 2228.025163 0.038420 -0.103320 0.993906 0.982896 -0.175367 -0.056225 0.180108 0.979067 0.094815
30.248959 -46.516627 518.895984 -1788.721698 0.979527 0.125373 0.157507 0.088122 -0.970489 0.224469 -0.181001 0.205993 0.961668
30.590933 -47.311012 -919.435125 1218.386855 0.967020 0.104986 0.232055 -0.077814 0.989312 -0.123317 -0.242521 0.101193 0.964854
28.499938 -41.446439 -3351.369057 1726.725803 0.947880 0.153834 0.279032 -0.086542 0.967108 -0.239191 -0.306650 0.202577 0.930015
29.746742 -44.999148 2227.217359 -2009.922573 0.985624 0.141740 0.091956 0.103895 -0.937649 0.331692 -0.133237 0.317369 0.938895
26.053584 -50.135223 4527.508528 -1269.964373 0.994595 0.093430 0.045286 0.082584 -0.976240 0.200337 -0.062928 0.195514 0.978680
30.821216 -40.256891 -2623.576387 -2090.944898 0.957455 0.189470 0.217673 0.109019 -0.935862 0.335078 -0.267199 0.297092 0.916701
-4.082116 -46.481266 732.993402 969.722904 0.989138 -0.146993 0.000187 0.121833 0.820543 0.558449 0.082242 0.552360 -0.829539
-5.606743 -44.151718 488.926103 1112.060792 0.990875 -0.134731 -0.003800 0.106771 0.767412 0.632201 0.082261 0.626838 -0.774795
21.607978 -78.734040 -3402.096070 -10788.818778 0.991623 -0.064637 0.111829 -0.128389 -0.588029 0.798585 -0.014141 0.806253 0.591402
15.118902 -99.602527 -4433.596384 -11691.668345 0.993277 -0.028596 0.112170 -0.097208 -0.732193 0.674124 -0.062853 0.680496 0.730051
0.049705 -182.732552 -522.821549 -917.868643 0.923708 -0.219885 -0.313710 0.060455 -0.724953 0.686140 0.378297 0.652759 0.656352
-25.196664 -27.555944 571.706480 -1023.939012 0.772055 -0.178971 0.609837 0.626579 0.375045 -0.683184 0.106446 -0.909566 -0.401695
-16.815462 -28.891323 -3336.386294 -1673.560299 0.998436 0.025956 0.049512 0.035428 0.391336 -0.919566 0.043244 -0.919882 -0.389804
6.387193 -56.530548 -736.810243 507.500670 0.999049 0.041846 -0.012250 0.011078 -0.515331 -0.856920 0.042171 -0.855969 0.515304
11.065246 -54.867423 1583.049664 231.142276 0.998121 0.057947 0.019925 0.046992 -0.515169 -0.855799 0.039326 -0.855128 0.516924
11.590897 -57.091646 909.689967 402.115538 0.998418 0.054312 0.014582 0.045466 -0.626994 -0.777696 0.033096 -0.777128 0.628472
7.886104 -58.386436 -441.048094 386.271939 0.998461 0.048247 -0.027333 0.008695 -0.623045 -0.782138 0.054765 -0.780697 0.622505
10.671693 -58.540495 -638.603938 202.178779 0.998757 0.049568 0.005332 0.039571 -0.723144 -0.689563 0.030324 -0.688917 0.724206
11.562498 -126.851224 886.964176 -2268.406241 -0.161074 -0.006451 -0.986921 0.983165 -0.088454 -0.159883 -0.086266 -0.996059 0.020590
10.576968 -123.787869 -465.854291 -2985.077094 -0.198968 -0.008586 -0.979968 0.899431 -0.398672 -0.179123 -0.389148 -0.917053 0.087045
13.250921 -117.916985 -86.113447 -5797.653031 -0.151973 -0.051744 -0.987029 0.971554 -0.191325 -0.139560 -0.181622 -0.980162 0.079348
16.126255 -115.817231 676.952732 -1738.317602 -0.124865 -0.046482 -0.991084 0.989450 0.068137 -0.127855 0.073472 -0.996593 0.037483
17.973250 -53.332238 -1352.704022 -328.456872 0.996455 0.082446 0.016740 0.084123 -0.974094 -0.209914 0.001001 -0.210578 0.977576
15.235969 -53.588405 84.542162 -679.777806 0.996391 0.072845 -0.043576 0.062372 -0.976513 -0.206232 0.057575 -0.202770 0.977532
15.529690 -54.841381 -1013.414737 -1477.844093 0.997464 0.070279 -0.011247 0.063202 -0.947284 -0.314098 0.032729 -0.312591 0.949324
-10.078315 -200.417210 -1210.508704 22151.443842 0.017694 0.014573 0.999737 0.811493 0.583915 -0.022874 -0.584095 0.811684 -0.001494
-8.389033 -254.276517 237.260104 37115.911103 0.058470 0.018887 0.998110 0.565093 0.823589 -0.048688 -0.822953 0.566872 0.037483
-16.737683 -30.769097 -357.457490 -669.086681 0.783716 0.603316 0.147645 0.560393 -0.584313 -0.586973 0.267860 -0.542760 0.796030
-14.998024 -32.742911 -909.209126 -1348.496541 -0.586167 -0.738338 -0.333563 0.755615 -0.349651 -0.553886 0.292324 -0.576715 0.762854
-7.785661 -153.063023 -272.748750 6833.766778 -0.039158 0.011916 0.999162 0.922604 0.384454 0.031573 -0.383756 0.923067 -0.026049
-6.777885 -151.718848 212.131454 3975.378392 -0.021808 0.004591 0.999752 0.981622 0.189729 0.020541 -0.189588 0.981826 -0.008644
-4.190223 -131.901637 -343.688386 -5362.327579 -0.037990 0.028204 0.998880 0.982799 0.181839 0.032245 -0.180726 0.982924 -0.034627
-6.971394 -154.224571 -1783.763087 6110.321404 -0.052507 0.037892 0.997901 0.904402 0.425522 0.031430 -0.423438 0.904154 -0.056613
36.391437 8.426108 -4552.964556 3737.316001 0.855592 0.500806 0.130984 0.326988 -0.719029 0.613250 -0.401301 0.481862 0.778953
39.449899 13.325518 -238.023253 1296.246833 0.868849 0.490600 -0.066426 0.416018 -0.650765 0.635165 -0.268384 0.579497 0.769515
43.655693 7.271875 2250.010827 -5774.409653 0.867565 0.450648 -0.210350 0.442881 -0.507661 0.739011 -0.226248 0.734300 0.640012
-3.140830 -74.724921 706.495006 -50.277235 0.996994 0.077475 -0.000095 -0.068880 0.885827 -0.458875 0.035467 -0.457503 -0.888501
-4.303759 -77.164634 371.224345 149.572119 0.995196 0.095206 -0.022816 -0.088282 0.771957 -0.629514 0.042320 -0.628505 -0.776654
-2.803777 -71.885233 -150.697425 -132.470480 0.997996 0.061986 -0.012697 -0.060835 0.884834 -0.461917 0.017398 -0.461764 -0.886832
-3.030567 -70.997658 814.584001 69.437191 0.998600 0.052169 0.008746 -0.046332 0.942396 -0.331276 0.025524 -0.330407 -0.943493
-2.756373 -68.595428 -708.779091 45.231879 0.998696 0.044261 -0.025453 -0.051058 0.863848 -0.501158 0.000195 -0.501804 -0.864981
-2.868211 -67.851577 -554.560289 -264.120316 0.999533 0.027904 -0.012453 -0.030528 0.929537 -0.367464 -0.001322 -0.367672 -0.929954
-27.728378 -677.553270 -810.484716 38367.191059 0.637563 -0.654539 -0.406316 0.671788 0.730515 -0.122671 0.377113 -0.194748 0.905461
-23.554887 -1125.114330 5909.786266 394642.029485 0.667759 -0.572791 -0.475403 0.354012 0.806180 -0.474078 0.654808 0.148271 0.741109
-14.544084 -644.879219 5631.027002 186857.733084 -0.550830 0.735292 0.394882 0.328763 0.626031 -0.707106 0.767138 0.259673 0.586574
-6.344204 -481.899431 -2538.161127 48821.104900 0.611866 -0.673302 -0.415072 0.599412 0.737101 -0.312069 0.516067 -0.057855 0.854592
-17.888491 -42.371047 335.407734 1182.899258 0.860193 0.504291 0.075881 0.013604 -0.171435 0.985101 -0.509787 0.846345 0.154328
-22.900321 -44.407043 1137.055093 239.577138 0.850023 0.500016 0.165665 -0.132234 -0.101875 0.985969 -0.509878 0.860003 0.020477
-27.358849 -40.865438 1136.821448 -532.795194 0.831432 0.555615 0.003585 -0.022621 0.027402 0.999369 -0.555166 0.830988 -0.035351
-4.768306 -41.886845 -84.078170 -555.179841 0.999124 -0.025830 -0.032920 0.039161 0.854382 0.518168 -0.014742 0.519003 -0.854645
-7.887067 -42.736680 530.663822 -1470.263297 0.999145 -0.012343 -0.039467 0.032189 0.831290 0.554907 -0.025959 0.555702 -0.830976
-5.823099 -42.958565 71.389720 -1252.241394 0.998691 -0.037781 -0.034467 0.050766 0.813854 0.578847 -0.006181 0.579840 -0.814707
-4.473761 -43.711319 904.530633 -969.741878 0.996419 -0.075823 -0.037408 0.082957 0.791328 0.605738 0.016327 0.606672 -0.794784
2.662353 -61.407325 -44.366246 -531.395783 0.947971 0.317687 0.020654 0.135921 -0.345210 -0.928631 0.287884 -0.883122 0.370429
0.617632 -60.803354 188.479532 -109.900233 0.940029 0.334822 0.065109 0.148587 -0.230148 -0.961745 0.307028 -0.913743 0.266096
2.844169 -65.314617 376.293822 299.448759 0.942701 0.329818 0.050347 0.173976 -0.357178 -0.917691 0.284688 -0.873867 0.394092
23.476887 -85.657011 1174.578588 -4640.389704 0.987539 0.157299 0.004797 0.069179 -0.461287 0.884550 -0.141351 0.873196 0.466421
7.221579 -253.842616 1466.738589 -34715.849409 0.960339 0.142325 0.239775 -0.035768 0.915695 -0.400280 0.276530 -0.375828 -0.884468
4.333254 -244.374281 -2320.451080 -13128.305806 -0.957298 -0.120581 -0.262757 -0.121106 0.992537 -0.014259 0.262516 0.018172 -0.964757
8.091417 -272.248687 -875.387557 -6969.621239 -0.971077 -0.114289 -0.209637 -0.125874 0.991125 0.042736 0.202893 0.067887 -0.976845
4.395755 -249.254288 980.735111 16970.461149 0.969582 0.083647 0.230031 -0.175102 0.893706 0.413073 0.171028 0.440787 -0.881167
10.849946 -290.132853 1717.658537 -23477.361276 0.970003 0.132231 0.203983 -0.068273 0.953530 -0.293460 0.233308 -0.270730 -0.933955
11.187738 -337.949178 -3802.841940 6731.019954 -0.965113 -0.125630 -0.229725 -0.143729 0.987561 0.063765 0.218856 0.094559 -0.971165
7.613569 -314.785516 3261.013108 53614.513328 0.966904 0.098505 0.235356 -0.199781 0.866071 0.458267 0.158693 0.490120 -0.857087
46.853256 -15.157461 2312.173863 -1942.288975 0.928107 0.069149 0.365836 0.247055 0.620718 -0.744092 0.278534 -0.780979 -0.559009
49.560246 -23.408260 10100.700667 -2443.554543 0.822923 0.172969 0.541183 0.312388 0.657877 -0.685282 0.474564 -0.732994 -0.487349
9.962291 -35.271226 -493.647249 -2842.009912 0.989424 0.126588 -0.070821 -0.143930 0.796163 -0.587715 0.018013 -0.591693 -0.805962
10.965428 -31.122527 -648.623683 -2500.689761 0.994748 0.089528 -0.049613 -0.099714 0.738208 -0.667162 0.023105 -0.668605 -0.743258
0.696349 -40.062404 -2617.344850 1306.564006 0.933337 0.334863 -0.129421 0.004421 0.349753 0.936831 -0.358975 0.874951 -0.324957
-3.308476 -41.688564 -2439.656331 1700.059991 0.936105 0.335548 -0.105428 -0.021169 0.352955 0.935401 -0.351083 0.873402 -0.337506
-7.937603 -42.706958 -1156.467995 1879.781808 0.944953 0.306911 -0.113442 0.002539 0.339810 0.940491 -0.327196 0.889008 -0.320325
-9.463645 -42.489274 -1185.410075 1059.207757 0.945122 0.286625 -0.156813 0.066844 0.300177 0.951539 -0.319807 0.909802 -0.264545
-8.659820 -52.877027 760.315262 330.383853 0.986786 0.158686 -0.032748 -0.160630 0.931558 -0.326188 0.021255 -0.327138 -0.944738
-10.432753 -51.544340 323.918788 289.912788 0.989203 0.132681 -0.062232 -0.145971 0.929785 -0.337923 -0.013027 -0.343358 -0.939114
-9.474042 -51.934385 713.441687 -2123.950503 0.982945 0.179082 -0.041823 -0.178754 0.876977 -0.446047 0.043201 -0.445916 -0.894032
-11.707624 -50.861341 629.517944 1435.865110 0.992196 0.100900 -0.073259 -0.116783 0.957864 -0.262410 -0.043695 -0.268918 -0.962172
-11.278910 -49.857378 483.860044 -2235.957581 0.983948 0.164460 -0.069280 -0.176803 0.845639 -0.503622 0.024240 -0.507787 -0.861142
-12.113618 -49.543117 462.678554 -909.126941 0.988000 0.126478 -0.088658 -0.152114 0.896356 -0.416422 -0.026801 -0.424910 -0.904839
13.913236 -233.609418 1487.226207 56031.542092 -0.174553 0.753903 0.633373 0.984647 0.132644 0.113476 0.001537 0.643456 -0.765482
13.882593 -141.108987 1960.218564 18661.825003 -0.142899 0.760379 0.633565 0.969309 -0.021870 0.244872 0.200052 0.649112 -0.733916
9.810462 -206.442043 1586.635739 56854.249080 -0.155213 0.751009 0.641790 0.981016 0.040721 0.189601 0.116258 0.659036 -0.743072
7.912147 -135.990794 3161.755003 12442.229329 -0.188828 0.721335 0.666348 0.963920 0.006506 0.266112 0.187621 0.692555 -0.696538
14.384718 -342.073198 2007.061848 100483.545045 -0.155349 0.748410 0.644786 0.972664 0.229925 -0.032531 -0.172599 0.622106 -0.763671
7.582193 -443.983811 -135.670567 123932.967265 -0.139099 0.750978 0.645510 0.989747 0.084070 0.115471 0.032448 0.654954 -0.754972
1.602968 -332.131148 -1597.015088 1056.025013 -0.187369 0.846618 0.498128 0.959279 0.048588 0.278248 0.211367 0.529979 -0.821247
2.741962 -287.937437 -1847.519719 312.966555 -0.249552 0.840619 0.480711 0.947418 0.314631 -0.058361 -0.200306 0.440870 -0.874935
-0.352876 -303.204515 -2686.694946 -3832.859285 -0.195894 0.847189 0.493858 0.965917 0.079802 0.246245 0.169205 0.525263 -0.833947
3.921715 -545.531711 -67.785472 -155055.350523 -0.139924 0.840304 0.523747 0.869209 -0.149096 0.471429 0.474232 0.521210 -0.709537
25.898897 -2729.476522 10059.935959 -1491325.581671 -0.675071 0.703800 0.221236 -0.545912 -0.678251 0.491889 -0.496245 -0.211284 -0.842081
-154.079451 -21013.521509 30964.183561 13274714.340344 -0.524669 0.754853 0.393598 0.129158 0.527577 -0.839632 0.841452 0.389692 0.374298
4695.894983 -1024.265493 14012287.863607 315682.276202 0.735645 0.672616 0.080084 -0.650397 0.668372 0.360919 -0.189234 0.317594 -0.929153
52.623195 -591.318005 91219.868788 -1914578.796645 0.740220 -0.623597 -0.251397 -0.563076 -0.370602 -0.738647 -0.367449 -0.688317 0.625460
-2.925086 -127.090039 555.526300 -13656.925681 -0.301512 0.821126 0.484606 0.866506 0.023919 0.498593 0.397816 0.570246 -0.718722
-3.760096 -113.707654 715.445694 -8784.787777 -0.266933 0.818041 0.509466 0.877042 -0.012902 0.480240 0.399429 0.575016 -0.714012
-3.128035 -31.724035 -1428.309323 761.857210 0.930332 0.297329 -0.214658 0.203438 0.068568 0.976684 -0.305115 0.952310 -0.003303
1.991573 -261.613943 1970.519150 -1964.714456 0.980001 0.191912 0.052612 0.194982 -0.978895 -0.061215 -0.039754 -0.070250 0.996737
2.225377 -227.678430 1033.878644 6548.886490 0.989886 0.124426 0.068144 0.106132 -0.968266 0.226267 -0.094135 0.216746 0.971679
-1.214705 -215.297744 -342.736438 3210.055575 0.988207 0.129729 0.081341 0.096898 -0.941148 0.323807 -0.118561 0.312107 0.942620
-16.448647 -964.994407 1767.168606 315822.822069 -0.532982 -0.060001 0.843997 0.657276 -0.657514 0.368325 0.532840 0.751049 0.389880
-6.470755 -55.354007 565.446170 78.665604 0.988974 0.147118 -0.016927 -0.147744 0.972403 -0.180568 0.010105 -0.181078 -0.983417
-56.559156 -87.216649 -240.900222 -4798.914019 0.917442 0.092292 0.387018 0.395512 -0.105808 -0.912346 0.043253 -0.990094 0.133575
-62.257285 -83.893585 -2274.272035 -2850.141656 0.980088 -0.030069 0.196275 0.192535 -0.097828 -0.976401 -0.048561 -0.994749 0.090091
-53.498165 -78.170354 -521.217579 -4427.239464 0.988877 -0.148629 -0.005557 -0.037286 -0.211565 -0.976652 -0.143983 -0.965997 0.214754
-41.162303 -64.703539 -3051.927089 4823.667249 0.354785 -0.519040 -0.777641 0.894793 0.429639 0.121469 0.271058 -0.738923 0.616863
-43.348401 -83.532029 -4964.687814 -360.400389 0.619030 -0.337290 -0.709251 0.784853 0.232995 0.574212 -0.028423 -0.912112 0.408954
-51.519918 -83.612535 -4050.583514 1683.385143 0.463826 -0.338277 -0.818800 0.868671 0.355177 0.345340 0.173998 -0.871446 0.458592
-48.143367 -75.063790 -3314.904249 3422.820542 0.368102 -0.424321 -0.827316 0.890245 0.417569 0.181935 0.268263 -0.803485 0.531458
0.108964 -96.440847 -1379.293483 -3746.954448 0.128516 -0.099675 0.986686 0.970830 -0.190433 -0.145688 0.202418 0.976627 0.072293
4.353891 -145.571021 -2846.465405 -18176.111808 0.056120 -0.070519 0.995931 0.815544 -0.572199 -0.086471 0.575968 0.817078 0.025399
-1.053148 -119.381679 -1040.404442 -10411.479147 0.085579 -0.098392 0.991461 0.918777 -0.377123 -0.116731 0.385389 0.920922 0.058126
27.620319 -48.185702 -3298.234983 1442.124118 0.947853 0.084585 0.307277 -0.077538 0.996372 -0.035093 -0.309131 0.009437 0.950973
24.688255 -43.217974 -4385.453160 1329.704470 0.934877 0.122174 0.333285 -0.075424 0.985833 -0.149815 -0.346867 0.114921 0.930847
-1.918167 -48.086742 614.025832 739.484734 0.988384 -0.151882 0.005421 0.129909 0.862827 0.488521 0.078875 0.482142 -0.872535
-1.715913 -48.617273 610.023520 -476.465029 0.990200 -0.139009 0.013416 0.125130 0.925767 0.356790 0.062017 0.351614 -0.934088
20.792831 -65.592195 530.542903 -2009.278654 0.975031 -0.190212 0.114605 -0.197073 -0.503274 0.841354 0.102358 0.842932 0.528194
-3.194077 -154.971844 642.782582 788.457808 0.911973 -0.166719 -0.374846 0.118501 0.981806 -0.148372 0.392762 0.090892 0.915137
-2.607372 -164.027564 841.302245 -9377.486702 0.911191 -0.142728 -0.386472 0.212073 0.966737 0.142983 0.353209 -0.212245 0.911151
9.078582 -52.574755 251.759963 1265.932587 0.998940 0.042895 0.016719 0.032203 -0.391505 -0.919612 0.032901 -0.919175 0.392472
14.787001 -52.559122 3449.050176 32.611538 0.996634 0.074210 0.034846 0.064435 -0.446238 -0.892592 0.050690 -0.891832 0.449517
9.235405 -126.572503 966.412566 -2653.317173 -0.178767 0.030790 -0.983409 0.935831 -0.303247 -0.179613 -0.303746 -0.952414 0.025397
9.942704 -126.593751 -14.009149 1918.606857 -0.211406 0.030047 -0.976936 0.826741 -0.527657 -0.195133 -0.521351 -0.848926 0.086709
16.214338 -56.628532 -764.939971 -1021.628808 0.997268 0.072052 0.016265 0.072255 -0.905864 -0.417360 0.015338 -0.417395 0.908596
11.823014 -58.394452 -534.669216 -316.961137 0.997970 0.063234 -0.007541 0.047836 -0.822545 -0.566684 0.042037 -0.565173 0.823901
16.499568 -56.960853 786.824545 -693.690799 0.996196 0.078639 0.037544 0.086781 -0.856131 -0.509420 0.007918 -0.510741 0.859698
-3.005913 -266.670614 -219.331004 32346.635850 0.070502 -0.034208 0.996925 0.515256 0.857007 -0.007032 -0.854131 0.514168 0.078046
-4.547869 -304.664693 1597.544746 46978.599228 0.090531 -0.022936 0.995629 0.269921 0.962880 -0.002362 -0.958617 0.268955 0.093362
-15.824154 -32.458439 1795.028934 1153.890973 0.937776 0.332190 -0.101122 0.229728 -0.811900 -0.536696 0.260386 -0.480070 0.837694
21.723726 -4.186233 -6330.345355 -5123.089962 0.843800 0.411041 0.345032 -0.144934 0.793579 -0.590954 -0.516716 0.448641 0.729195
30.577807 -0.779235 -3124.199547 6614.794716 0.894528 0.360561 0.264227 0.160270 -0.810490 0.563400 -0.417293 0.461629 0.782793
10.002858 -1.813693 -5037.683388 -897.722582 0.771733 0.602074 0.204781 -0.330734 0.655011 -0.679393 -0.543179 0.456582 0.704620
-3.285471 -78.019470 1075.971364 1900.993101 0.991182 0.129420 -0.028429 -0.108386 0.668456 -0.735812 0.076225 -0.732405 -0.676589
-4.724137 -78.582393 -776.461846 1568.474113 0.994306 0.094891 -0.048499 -0.098150 0.638164 -0.763619 0.041511 -0.764030 -0.643843
-246.572014 -1229.579152 34680.542642 400807.806834 0.031014 0.278966 -0.959800 0.115723 0.952802 0.280672 0.992797 -0.119776 -0.002732
-300.289567 -2323.588003 120427.022779 -851507.454792 0.064365 0.381140 -0.922274 0.994165 0.055672 0.092389 0.086558 -0.922840 -0.375332
-75.689577 -350.746671 7363.143834 86701.164665 0.085540 0.032603 -0.995801 -0.116619 0.992922 0.022491 0.989486 0.114206 0.088737
-41.525365 -65.871928 158.099007 619.793133 -0.050433 0.970734 0.234804 -0.918579 -0.137364 0.370599 -0.392007 0.196995 -0.898623
42.586307 -85.957363 -8238.122094 9659.870853 0.594544 0.726812 -0.343892 0.101728 0.356262 0.928832 -0.797602 0.587215 -0.137877
63.767969 -95.290226 -4939.915499 7950.111736 0.718310 0.661395 -0.215842 -0.015931 0.325796 0.945306 -0.695541 0.675584 -0.244559
21.032441 -56.457318 -6488.856088 6100.344142 0.593495 0.744131 -0.306647 0.216837 0.219080 0.951307 -0.775078 0.631088 0.031332
21.999979 -79.543231 -7954.022204 10486.690648 0.496124 0.728504 -0.472380 0.226282 0.416770 0.880397 -0.838247 0.543677 -0.041922
46.717336 -107.081698 -11408.526314 12426.553002 0.468231 0.738765 -0.484754 0.003074 0.547244 0.836968 -0.883601 0.393384 -0.253966
-9.758295 -32.630847 -312.517570 3296.367372 0.810445 0.559534 -0.173497 0.328877 -0.189483 0.925168 -0.484788 0.806857 0.337583
-4.722371 -24.664994 -1052.862225 3516.373353 0.717850 0.601802 -0.350037 0.516437 -0.123119 0.847428 -0.466887 0.789099 0.399173
-3.070214 -26.336714 1251.349982 3666.923607 -0.557135 -0.610433 0.563002 0.678158 0.056837 0.732715 -0.479273 0.790026 0.382304
-11.020810 -42.208778 2350.425387 -770.130598 0.999609 0.018956 -0.020559 -0.004970 0.843922 0.536442 -0.027519 0.536130 -0.843687
-12.022488 -44.585001 2356.223543 -1200.504117 0.999478 0.010859 -0.030438 0.010924 0.772902 0.634432 -0.030415 0.634433 -0.772379
-5.940162 -52.982744 -947.556054 2099.272637 0.997286 0.069521 0.024223 -0.073577 0.952549 0.295360 0.002540 0.296341 -0.955079
