17372
34725
-82.833472 -123.458875 -2937.375175 29924.623325 0.826403 0.173288 -0.535751 -0.563049 0.244568 -0.789406 0.005767 -0.954022 -0.299682
-80.274646 -133.297656 -9773.428743 24298.493717 0.752966 0.232680 -0.615551 -0.653211 0.150923 -0.741983 0.079743 -0.960772 -0.265629
-96.121123 -150.993328 -2712.843586 13639.081165 0.875956 0.169624 -0.451586 -0.468058 0.072354 -0.880730 0.116719 -0.982849 -0.142773
-77.230172 -112.467391 232.305207 -25380.415190 0.552279 0.353352 -0.755070 0.829800 -0.145954 0.538636 0.080123 -0.924035 -0.373819
-72.126887 -162.837778 -6705.971868 41893.698732 0.962077 0.078756 -0.261161 -0.272310 0.221272 -0.936422 0.015962 -0.972027 -0.234327
-70.363916 -107.466055 -8115.067723 36713.737122 0.876833 0.098343 -0.470630 -0.471197 0.370382 -0.800494 -0.095590 -0.923659 -0.371102
-67.598161 -92.840726 4255.188197 -15093.744213 0.376669 0.369388 -0.849513 0.926250 -0.163524 0.339589 -0.013476 -0.914774 -0.403740
251.758669 -159.678646 -4964.014951 18408.911817 -0.991947 0.023857 -0.124387 0.024596 0.999688 -0.004407 0.124243 -0.007431 -0.992224
267.576604 -181.200698 2684.567631 8004.004916 0.992817 -0.027962 0.116332 0.048192 0.983404 -0.174912 0.109511 -0.179262 -0.977687
242.727198 -153.957017 -54296.690967 38109.344047 -0.944145 -0.046290 -0.326263 -0.041707 0.998909 -0.021031 0.326881 -0.006249 -0.945045
212.221447 -125.868580 -38954.948213 31571.149166 -0.960483 0.029493 -0.276772 -0.006752 0.991609 0.129098 0.278257 0.125865 -0.952224
202.025282 -128.606577 -70486.468245 48505.979669 -0.895163 -0.056153 -0.442188 -0.082448 0.995774 0.040455 0.438048 0.072671 -0.896010
199.383009 -151.651471 -77513.641244 42702.653215 -0.851583 -0.143211 -0.504279 -0.091241 0.987769 -0.126438 0.516219 -0.061661 -0.854234
-64.699025 -70.919621 -24252.280568 -1399.034594 0.207664 0.799586 -0.563506 -0.709059 0.519889 0.476393 -0.673877 -0.300629 -0.674916
-62.053370 -73.873975 11543.702570 -8225.260486 -0.660199 -0.216825 0.719114 -0.430700 0.893662 -0.125961 -0.615333 -0.392881 -0.683381
-42.222911 -72.977328 -55265.622647 -6582.407645 0.154445 0.772464 -0.615992 -0.734233 0.506919 0.451593 -0.661097 -0.382535 -0.645459
30.262870 -87.218196 -109739.663344 2850.050080 -0.016274 0.883506 -0.468138 -0.691598 0.328185 0.643418 -0.722099 -0.334234 -0.605690
-67.728327 -76.783786 -17914.436087 -256.844040 0.143967 0.876687 -0.459013 -0.677540 0.425399 0.599979 -0.721258 -0.224622 -0.655234
12.451230 -58.671146 495.925659 8539.283488 0.741268 -0.130490 -0.658403 0.378323 0.891485 0.249253 0.554431 -0.433852 0.710196
18.270381 -67.956078 734.036203 16201.415464 0.737365 -0.148521 -0.658964 0.417834 0.866793 0.272183 0.530761 -0.476036 0.701201
14.235317 -60.018140 1622.902257 11874.074584 0.706905 -0.225362 -0.670445 0.451582 0.873350 0.182573 0.544388 -0.431823 0.719145
8.074893 -49.134090 2143.078586 4386.683196 0.736360 -0.144557 -0.660967 0.363552 0.908435 0.206340 0.570617 -0.392236 0.721489
9.055867 -55.401470 -603.145434 6824.202688 0.763092 -0.061138 -0.643392 0.303198 0.913031 0.272846 0.570756 -0.403281 0.715264
64.029203 -202.971503 -39292.173013 -6675.887733 0.425055 0.849803 0.311711 -0.150299 0.405850 -0.901497 0.892602 -0.336336 -0.300233
108.516680 -191.548072 -78409.987462 -39462.882826 0.424522 0.857454 0.290782 0.117802 0.266120 -0.956715 0.897721 -0.440401 -0.011964
75.058593 -194.908711 -22562.488223 -5378.768756 0.365942 0.892681 0.263072 -0.159317 0.338597 -0.927346 0.916900 -0.297443 -0.266126
46.563936 -193.350132 -29412.097500 34566.046392 0.404927 0.865143 0.295908 -0.360577 0.448491 -0.817826 0.840249 -0.224463 -0.493557
32.250394 -201.242423 -19850.486322 40880.031014 0.419677 0.833885 0.358477 -0.356517 0.514641 -0.779769 0.834725 -0.199448 -0.513278
-74.314648 -91.805721 13046.573439 7109.944205 0.951691 -0.253843 0.172763 -0.123525 -0.831613 -0.541444 -0.281114 -0.493947 0.822795
-50.391302 -67.063910 38601.290138 29296.499231 0.299272 -0.808538 -0.506658 0.925182 0.116007 0.361358 -0.233396 -0.576896 0.782763
-53.279147 -83.212898 41381.468835 22104.461627 0.959100 0.096757 0.266019 0.211881 -0.868566 -0.447994 -0.187709 -0.486036 0.853542
-56.186841 -101.457490 30857.329449 6212.254856 0.936543 0.138614 0.321984 0.250254 -0.907562 -0.337200 -0.245480 -0.396380 0.884659
0.445436 -128.245522 -801.686466 10575.382817 0.680628 0.267869 -0.681903 -0.426674 -0.611696 -0.666167 0.595562 -0.744362 0.302045
2.237323 -112.266089 -840.706851 8883.198484 0.664170 0.247746 -0.705337 -0.566998 -0.447975 -0.691254 0.487229 -0.859034 0.157060
-1.561557 -123.656913 -1420.061320 9904.605149 0.673465 0.256476 -0.693300 -0.444998 -0.608244 -0.657279 0.590272 -0.751172 0.295500
2.901028 -116.896520 -562.479893 9812.437160 0.670984 0.259730 -0.694493 -0.549419 -0.454816 -0.700915 0.497915 -0.851870 0.162474
-3.004137 -138.396781 -994.182002 -8797.953833 0.684035 0.280358 -0.673421 0.272992 0.757713 0.592745 0.676441 -0.589296 0.441767
-1.212537 -142.591723 -509.491718 -8710.163093 0.689193 0.288344 -0.664733 0.255429 0.761831 0.595290 0.678063 -0.580062 0.451397
1.380561 -132.884790 -705.358417 10899.928514 0.686431 0.278872 -0.671597 -0.406435 -0.618704 -0.672321 0.603012 -0.734463 0.311355
-19.627261 -187.547063 -8624.032707 39926.218944 0.966636 0.197154 -0.163537 -0.057692 -0.454467 -0.888893 0.249571 -0.868671 0.427930
-6.443667 -208.055327 -16914.442506 13071.198343 0.980402 0.154725 -0.121951 0.021285 -0.698583 -0.715212 0.195854 -0.698600 0.688186
-2.756451 -196.135540 -14853.043728 21393.994720 0.980957 0.140621 -0.133977 -0.033546 -0.556763 -0.829994 0.191308 -0.818682 0.541443
16.441926 -186.326827 -82.679767 8623.122249 0.934317 0.046105 -0.353448 0.204655 -0.881253 0.426038 0.291835 0.470390 0.832806
18.879592 -192.034805 -1113.585226 4462.494868 0.936229 0.048985 -0.347959 0.259354 -0.764453 0.590209 0.237087 0.642815 0.728408
14.076976 -181.683129 1634.835387 4599.211077 0.928358 0.019750 -0.371161 0.194935 -0.876103 0.440958 0.316466 0.481720 0.817187
18.496785 -186.972062 -521.408783 7221.976092 0.935273 0.067156 -0.347497 0.234097 -0.853763 0.465067 0.265449 0.516312 0.814223
15.268400 -171.439125 1850.477016 -7207.822562 0.929966 0.040261 -0.365435 -0.140991 0.957043 -0.253357 0.339537 0.287137 0.895694
19.906850 -177.844391 3419.495566 -6152.627998 0.935524 0.045545 -0.350314 -0.149534 0.949486 -0.275892 0.320052 0.310488 0.895078
213.656172 -111.718191 -151788.552311 -34454.814834 0.521332 0.788393 0.326573 0.411417 0.103069 -0.905601 0.747628 -0.606477 0.270625
181.781624 -124.126132 -86230.730135 -37523.901060 0.511994 0.766210 0.388309 0.415026 0.175134 -0.892794 0.752074 -0.618264 0.228329
202.053807 -93.095703 -2998.277668 -16819.367368 0.571113 0.751848 0.329476 0.438514 0.059865 -0.896728 0.693927 -0.656613 0.295507
234.970808 -84.097188 -77720.864999 -17254.401997 0.528518 0.799373 0.285782 0.439374 0.030467 -0.897787 0.726374 -0.600062 0.335122
222.353317 -77.526295 4964.418973 -13046.040559 0.633447 0.725572 0.268868 0.455150 -0.068383 -0.887785 0.625766 -0.684740 0.373561
-21.595236 -42.628668 -1144.535316 -13501.397702 0.993848 0.073339 0.082989 0.085902 -0.983427 -0.159664 -0.069904 -0.165811 0.983677
-20.498558 -57.959721 -4207.933014 -19572.538415 0.992557 0.077741 0.093744 0.096432 -0.971819 -0.215101 -0.074380 -0.222540 0.972082
-25.616941 -42.872607 -3979.002492 -16223.135321 0.995750 0.069657 0.060247 0.077690 -0.986621 -0.143328 -0.049457 -0.147399 0.987840
-24.692086 -34.792865 -856.188515 679.927136 0.978544 0.191416 0.076227 0.200158 -0.970916 -0.131376 -0.048862 -0.143815 0.988398
-28.301472 -33.546248 -3479.672799 717.210571 0.954863 0.290430 0.062344 0.296179 -0.946892 -0.125192 -0.022674 -0.138007 0.990172
-30.601798 -41.956257 -5182.910089 -16906.556366 0.994559 0.100800 0.026311 0.103456 -0.985325 -0.135764 -0.012240 -0.137747 0.990392
10.184800 -196.409304 1624.004994 -39224.712008 0.082480 -0.961523 -0.262050 0.996458 0.083895 0.005803 0.016405 -0.261600 0.965037
10.438807 -163.160389 128.618471 -49643.641595 0.055244 -0.964478 -0.258321 0.988211 0.015817 0.152280 -0.142785 -0.263688 0.953982
9.211804 -189.209658 -159.694872 -38787.905102 0.089634 -0.966212 -0.241662 0.995375 0.095321 -0.011922 0.034554 -0.239476 0.970287
9.909829 -215.743180 719.953028 -20184.883488 -0.104135 0.965085 0.240349 0.971009 0.150937 -0.185361 0.215166 -0.214079 0.952824
9.726500 -221.567567 823.619386 -7043.363830 0.094708 -0.961046 -0.259655 0.969965 0.147785 -0.193201 0.224048 -0.233559 0.946178
-19.286819 -91.376165 9131.042280 -14417.606101 -0.297960 -0.448406 0.842705 0.894056 0.178249 0.410963 -0.334490 0.875876 0.347789
-35.988315 -101.350852 11412.135265 -26488.645315 -0.189768 -0.460353 0.867216 0.951128 0.132956 0.278708 -0.243606 0.877723 0.412624
-40.916562 -125.152419 4140.093029 -55539.176207 0.062541 -0.373504 0.925518 0.956639 0.286762 0.051083 -0.284483 0.882191 0.375243
-28.149269 -114.412203 11442.227993 -50711.003209 -0.057856 -0.371687 0.926554 0.908573 0.364998 0.203153 -0.413700 0.853595 0.316587
-45.673990 -177.671518 5535.190622 -120068.928196 0.303865 -0.310243 0.900786 0.916174 0.354502 -0.186961 -0.261327 0.882087 0.391957
-39.057272 -161.035457 4929.265943 -123272.186637 0.185176 -0.282287 0.941288 0.906744 0.418347 -0.052920 -0.378847 0.863307 0.333430
-54.291793 -154.556774 -5004.528528 -51689.071304 0.284063 -0.342402 0.895583 0.951292 0.217357 -0.218632 -0.119802 0.914066 0.387467
12.247890 -174.838627 6874.349622 14097.986710 -0.106358 0.984075 0.142424 -0.973727 -0.074075 -0.215333 0.201354 0.161584 -0.966099
5.906269 -178.679138 2665.332213 13809.248954 -0.139660 0.980663 0.137094 -0.960570 -0.100560 -0.259218 0.240419 0.167891 -0.956039
5.675622 -163.495699 2125.207000 -12543.166168 -0.126104 0.983564 0.129224 0.990348 0.117265 0.073894 0.057526 0.137295 -0.988858
11.761319 -190.660114 4816.252406 15642.055164 -0.119138 0.982344 0.144244 -0.910534 -0.050170 -0.410379 0.395896 0.180231 -0.900435
11.205355 -160.045214 7750.006384 -5554.497670 -0.098131 0.984559 0.144960 0.994564 0.091928 0.048902 0.034821 0.148971 -0.988228
17.904348 -190.692721 6831.655072 12083.969486 -0.092056 0.985173 0.144777 -0.931576 -0.033854 -0.361968 0.351699 0.168192 -0.920879
15.838070 -174.442778 8213.008087 -7760.564422 -0.084183 0.986842 0.138045 0.985584 0.062058 0.157395 0.146758 0.149305 -0.977840
17.535315 -134.349041 -29104.470300 30044.911934 -0.040052 0.931713 0.360980 0.612276 0.308383 -0.728023 0.789629 -0.191861 0.582817
21.381586 -126.500276 -25323.745867 2582.929161 -0.088651 0.910691 0.403463 0.539785 0.384347 -0.748939 0.837122 -0.151388 0.525650
3.666425 -150.912499 -11403.703224 34379.918972 -0.027575 0.954865 0.295757 0.622168 0.247970 -0.742575 0.782398 -0.163534 0.600924
21.813466 -125.815109 -25539.364289 31070.393841 -0.082103 0.908284 0.410219 0.606510 0.372150 -0.702603 0.790826 -0.191116 0.581437
6.025535 -165.055866 -18595.861840 52788.168445 -0.011101 0.950710 0.309883 0.688644 0.231966 -0.686994 0.725014 -0.205773 0.657276
20.832707 -194.042521 -6117.343175 -12393.184146 -0.262381 0.948548 0.177236 -0.021624 -0.189404 0.981661 -0.964722 -0.253736 -0.070208
12.706762 -210.158951 -746.712323 -95968.244066 -0.250195 0.948935 0.192158 0.049338 -0.185716 0.981364 -0.966937 -0.255013 0.000354
15.047479 -196.570745 -22590.242618 -13816.949893 -0.294865 0.943818 0.149206 0.012176 -0.152425 0.988240 -0.955461 -0.293214 -0.033453
22.229751 -196.766456 -24793.832046 64667.693079 -0.304041 0.943193 0.133961 -0.073723 -0.163491 0.983786 -0.949802 -0.289235 -0.119243
17.083486 -202.226017 -20102.147292 51886.291196 -0.325841 0.937878 0.119216 -0.058150 -0.145741 0.987612 -0.943635 -0.314872 -0.102026
10.734813 -204.585846 -11520.301652 -2636.972778 -0.309110 0.942473 0.127264 0.048830 -0.117913 0.991823 -0.949772 -0.312797 0.009573
-30.010804 -137.416253 -4248.599176 -21751.235091 -0.087345 0.925365 0.368878 0.718100 0.315132 -0.620503 0.690437 -0.210694 0.692030
-32.223677 -116.143930 2375.916598 6908.325366 -0.247014 0.853334 0.459135 0.769977 0.460516 -0.441656 0.588319 -0.244428 0.770802
-20.282848 -142.424737 -8922.771368 -18239.757122 -0.108153 0.901305 0.419466 0.741764 0.354085 -0.569570 0.661883 -0.249545 0.706851
79.920743 -359.039835 35290.214831 -23915.816857 0.369185 -0.888931 -0.271115 0.891721 0.256650 0.372780 -0.261794 -0.379384 0.887430
66.282637 -396.422982 31459.341746 -65842.380480 0.329735 -0.901016 -0.281860 0.943593 0.305005 0.128860 -0.030136 -0.308451 0.950763
43.060308 -327.422144 24963.792671 17694.503443 0.398464 -0.860327 -0.317905 0.903578 0.308737 0.297034 -0.157397 -0.405609 0.900393
45.997244 -347.061162 29579.671897 48008.534300 0.442738 -0.838038 -0.318866 0.812612 0.224697 0.537749 -0.379006 -0.497196 0.780481
26.441053 -290.935538 18256.035339 38419.489404 0.450165 -0.828664 -0.332668 0.855960 0.294344 0.425081 -0.254331 -0.476107 0.841806
-11.671110 -11138.710716 53674.647580 5334486.896801 -0.353928 0.934473 0.038669 0.363722 0.099433 0.926185 -0.861650 -0.341868 0.375080
14.708197 -5888.310110 53422.563550 -7160399.466188 -0.306337 0.939200 0.155118 0.290634 -0.062893 0.954765 -0.906471 -0.337563 0.253697
66.802426 -3378.884378 64960.618497 2818344.153011 -0.318874 0.943727 0.087745 -0.210793 -0.160873 0.964202 -0.924059 -0.288963 -0.250229
-105.261902 -3848.210199 22908.167786 -1189329.401128 -0.293079 0.955971 0.014953 -0.045108 -0.029448 0.998548 -0.955023 -0.291979 -0.051753
-57.753003 -4149.051324 59639.720519 4423902.930534 0.231028 0.878290 0.418607 0.963207 -0.267190 0.029007 0.137324 0.396504 -0.907704
-44.619110 -10493.377346 -54126.962749 -11792688.869173 0.265535 0.935892 0.231512 -0.586323 0.347383 -0.731813 0.765321 -0.058581 -0.640977
-75.383780 -4451.594714 12247.291603 3505613.072871 0.279611 0.871836 0.402143 0.957636 -0.283319 -0.051616 0.068934 0.399539 -0.914121
-25.234604 -9277.707975 32244.011351 6255463.745556 0.208320 0.840149 0.500752 -0.268460 -0.443202 0.855278 -0.940495 0.312604 -0.133219
-1120.956272 -77554.981109 -83096.455704 56000718.569514 0.319293 0.920757 0.224182 -0.571528 -0.001602 0.820581 -0.755915 0.390132 -0.525727
-212.525322 -19797.202404 479080.355767 16659927.839446 0.177127 0.932274 0.315423 -0.804472 -0.047481 0.592090 -0.566966 0.358624 -0.741578
5.786050 -61.481878 447.007794 7206.068261 0.792478 0.110198 -0.599863 0.140582 0.924053 0.355476 0.593477 -0.366037 0.716800
-5.229724 -65.962273 13070.132427 6986.332364 0.782840 0.200733 -0.588955 0.052174 0.922024 0.383602 0.620032 -0.331027 0.711324
-2.204204 -72.117282 12159.371465 8610.210366 0.775772 0.129524 -0.617577 0.149741 0.912963 0.379573 0.612989 -0.386939 0.688856
13.197288 -69.814938 -41.600109 9027.050681 0.772044 0.018490 -0.635300 0.270988 0.894590 0.355352 0.574903 -0.446506 0.685652
9.880643 -58.880137 -1719.619459 7315.181551 0.779319 0.014806 -0.626452 0.242303 0.914837 0.323051 0.577885 -0.403551 0.709363
3.196507 -76.424386 9674.652548 9692.772826 0.763511 0.060209 -0.642982 0.240312 0.897654 0.369416 0.599417 -0.436569 0.670900
-7.260710 -123.532981 2252.825180 -4791.723025 -0.089531 0.986408 0.137780 -0.917023 -0.135622 0.375066 -0.388654 0.092768 -0.916702
-2.328018 -119.192509 4927.259862 -10594.353655 -0.123146 0.978488 0.165520 -0.873256 -0.186080 0.450331 -0.471443 0.089085 -0.877386
-5.070244 -112.963747 1171.894161 4088.902015 -0.106526 0.983937 0.143249 -0.916318 -0.153078 0.370038 -0.386022 0.091843 -0.917906
-7.205374 -119.882705 -25.291256 7587.001440 -0.051924 0.991490 0.119380 -0.952698 -0.085024 0.291784 -0.299451 0.098582 -0.949005
-2592.631167 -5448.749512 416884.392885 -4178531.415080 0.642934 -0.728825 -0.235479 0.762248 0.578783 0.289808 -0.074928 -0.365821 0.927664
-3733.252961 -10559.069627 49081.532381 -20897236.877658 0.969058 0.037650 0.243947 0.216535 -0.604093 -0.766932 -0.118491 -0.796024 0.593553
-3239.820104 -8307.422518 3716834.717795 7413152.871524 -0.105854 0.901515 0.419601 0.854396 0.298339 -0.425443 0.508726 -0.313470 0.801831
-1568.750144 -7608.408372 1098368.433119 -12870475.857316 -0.420774 0.844321 0.331770 0.693528 0.063644 0.717613 -0.584780 -0.532045 0.612340
-4683.473509 -14025.665012 4096177.908350 1756652.929225 -0.077202 0.996619 -0.028118 0.748694 0.039327 -0.661748 0.658405 0.072140 0.749199
-785.334193 -3661.314506 390374.532207 -399974.859031 -0.371347 0.928349 -0.016407 0.922859 0.367092 -0.116509 0.102139 0.058407 0.993054
-5174.653815 -155222.283417 -4715450.332915 -300283553.077686 0.102592 0.954507 0.279984 0.838592 -0.234381 0.491762 -0.535013 -0.184341 0.824487
-79.888470 -128.254366 -56058.592698 35994.553947 -0.436878 -0.637730 -0.634380 -0.202388 0.756848 -0.621466 0.876457 -0.143113 -0.459719
-67.738222 -88.084403 42561.464084 106165.835126 -0.462508 0.194156 -0.865095 0.171982 0.976842 0.127288 0.869775 -0.089909 -0.485188
-435.522163 -2825.355775 370193.212995 1949049.155748 -0.413647 0.665851 -0.620917 0.560021 0.723800 0.403100 0.717824 -0.180986 -0.672289
4.723171 -84.943846 -8824.317432 738.182133 0.392431 0.835143 0.385401 -0.328756 0.518692 -0.789226 0.859021 -0.183014 -0.478109
316.229776 -19.610767 -230947.370235 -238908.698132 0.431250 0.850418 0.301350 -0.092715 0.374008 -0.922780 0.897456 -0.370009 -0.240138
-257.306477 -962.907233 177793.329023 -657364.585873 -0.266232 0.793776 -0.546845 -0.391584 -0.607463 -0.691123 0.880785 -0.030136 -0.472557
-137.088896 -366.749707 18923.775610 235286.068897 -0.355577 0.629261 -0.691083 0.388367 0.772025 0.503138 0.850139 -0.089490 -0.518898
-33.265226 -107.444605 30690.711889 -12277.458308 0.320628 0.919092 0.229060 -0.424725 0.355655 -0.832537 0.846644 -0.169647 -0.504394
209341.238232 -132948.946676 -158986073.682465 100577218.205568 -0.114119 0.094308 -0.988981 0.142185 0.986786 0.077692 0.983240 -0.131752 -0.126020
-59.453946 -1619.146608 -31859.014900 382167.925719 -0.170385 0.912641 -0.371558 0.749195 -0.124946 -0.650457 0.640059 0.389198 0.662457
-89.354418 -1888.640991 -18663.612548 681212.406010 0.334534 -0.830168 0.445991 0.817429 0.020129 -0.575678 0.468932 0.557150 0.685337
-91.399380 -2763.112384 39231.670387 -1604958.899302 0.062245 -0.893790 0.444145 0.976640 -0.037156 -0.211643 0.205667 0.446944 0.870599
-64.411098 -2229.405783 99463.320734 -988795.863455 0.114296 -0.955812 0.270851 0.964815 0.041814 -0.259585 0.236789 0.290991 0.926960
11.974458 -2627.936471 -12347.925979 1804980.162396 -0.116835 0.925309 -0.360768 0.493950 -0.261002 -0.829392 0.861605 0.275103 0.426562
27.402884 -910.866725 9086.577491 546203.334226 0.879792 0.034771 -0.474086 0.446841 0.279747 0.849750 -0.162171 0.959444 -0.230581
7.463095 -818.470379 19213.794719 -244119.967765 0.879211 0.047055 -0.474102 0.318654 0.681698 0.658595 -0.354185 0.730119 -0.584362
-5.909144 -957.850369 24297.075677 684501.516691 0.887598 0.031921 -0.459512 0.443263 0.212076 0.870943 -0.125253 0.976732 -0.174089
-12.440732 -283.796719 -14782.216097 -193706.577961 0.899015 -0.134436 -0.416773 -0.289941 -0.895966 -0.336421 0.328187 -0.423286 0.844465
-12.941664 -227.138335 -6687.581902 181728.805430 0.901383 -0.105285 -0.420028 0.238619 0.930198 0.278914 0.361344 -0.351635 0.863587
-31.629304 -323.051081 6532.107915 -187106.554918 0.904245 -0.150987 -0.399430 -0.328632 -0.843339 -0.425182 0.272658 -0.515734 0.812205
-74.628881 -113.693328 4473.868793 -3004.160173 -0.411962 0.864062 -0.289281 -0.076130 -0.349001 -0.934025 0.908015 0.362760 -0.209557
-78.559050 -112.261319 6217.217869 -1352.869735 -0.331333 0.911824 -0.242477 0.069534 -0.232696 -0.970061 0.940948 0.338274 -0.013698
-82.400588 -117.928864 5440.858429 -3364.425702 -0.289498 0.894082 -0.341772 -0.021315 -0.362996 -0.931547 0.956941 0.262396 -0.124144
-8.583900 -168.562598 8501.099893 10596.487798 0.913961 -0.404453 0.033056 -0.349547 -0.743267 0.570413 0.206135 0.532890 0.820693
-18.358528 -164.513935 6438.986763 16177.069903 0.947490 -0.318935 -0.023316 -0.274553 -0.848687 0.452053 0.163964 0.421914 0.891686
-3.812274 -185.704562 7360.326238 5612.034290 0.933295 -0.359013 -0.008350 -0.279866 -0.741719 0.609530 0.225023 0.566535 0.792719
-15.669249 -156.183298 -2911.278125 18090.690142 0.919719 -0.386056 0.071255 -0.371064 -0.795620 0.478853 0.128172 0.466850 0.874999
7.959602 -175.562035 772.202255 -7569.454375 0.887659 -0.451457 0.090817 -0.379070 -0.604364 0.700750 0.261472 0.656453 0.707603
-1.386126 -159.137565 -9490.815239 11552.030191 0.882364 -0.453496 0.125601 -0.433230 -0.678682 0.593045 0.183700 0.577696 0.795313
10.511777 -30.291024 9598.819138 16506.337525 0.618128 0.739847 -0.265602 0.560342 -0.651677 -0.511208 0.551302 -0.167164 0.817387
11.198945 -43.746562 2391.738250 -12567.756772 0.717390 0.588912 -0.372203 -0.438117 0.796754 0.416216 0.541669 -0.135521 0.829596
3.958469 -19.020014 -7592.903236 -28199.744727 0.692397 0.649174 -0.314895 -0.457388 0.732456 0.504286 0.558016 -0.205137 0.804075
6.273266 -248.650234 -6183.987814 9773.173906 0.741995 0.460896 0.486844 0.371779 0.321411 -0.870905 0.557874 -0.827206 -0.067134
7.985360 -249.763794 -7049.778483 2218.549499 0.742913 0.455733 0.490293 0.249918 0.490647 -0.834749 0.620984 -0.742679 -0.250612
-2.530597 -251.477089 -9014.181361 11429.708085 0.747672 0.458172 0.480692 0.340988 0.356261 -0.869946 0.569836 -0.814345 -0.110135
-9.215387 -247.287402 -8154.760094 6884.451124 0.742822 0.471205 0.475586 0.233965 0.482873 -0.843857 0.627277 -0.738105 -0.248443
-12.440907 -245.379383 -7598.637228 -1179.032957 0.736101 0.471655 0.485487 0.378110 0.308380 -0.872889 0.561417 -0.826101 -0.048661
12.073033 -85.726029 -6883.928631 -10977.196224 0.972959 0.204360 -0.107651 -0.109484 0.818409 0.564110 -0.203384 0.537070 -0.818652
0.081600 -85.818049 -4621.431804 -8329.711989 0.970348 0.218422 -0.103520 -0.113386 0.789562 0.603105 -0.213467 0.573484 -0.790916
6.788063 -72.965637 -7904.577710 -9510.699375 0.973376 0.185770 -0.134269 -0.098616 0.868205 0.486307 -0.206914 0.460118 -0.863410
19.509453 -72.778934 -14099.739328 -10595.702163 0.974123 0.171622 -0.147070 -0.087520 0.886364 0.454641 -0.208384 0.430005 -0.878449
15.192323 -60.077910 -13742.729937 -9211.918546 0.976566 0.128985 -0.172286 -0.055181 0.923811 0.378850 -0.208025 0.360465 -0.909280
2.033094 -59.406615 -6652.532492 -9559.320478 0.976548 0.155484 -0.148923 -0.082834 0.909797 0.406704 -0.198726 0.384831 -0.901340
-5.758009 -109.353363 927.177331 -1372.995300 0.891882 0.445362 0.078732 -0.411871 0.871733 -0.265414 0.186839 -0.204291 -0.960914
-5.385274 -108.201193 -1862.457094 -1640.248522 0.888121 0.456582 0.052665 -0.432256 0.868703 -0.241887 0.156191 -0.192060 -0.968874
-6.936894 -110.387592 -972.210063 -6294.732832 -0.885805 -0.457360 -0.078561 -0.447533 0.886706 -0.116050 0.122737 -0.067639 -0.990132
-4.537865 -108.939280 -2491.798696 -4152.534650 -0.885302 -0.454583 -0.097956 -0.442312 0.888199 -0.124350 0.143532 -0.066761 -0.987391
-4.018988 -109.209240 2077.225213 -524.405539 0.895274 0.434575 0.098131 -0.394549 0.875683 -0.278408 0.206921 -0.210534 -0.955437
17.117116 -163.063054 12902.645674 16339.337171 0.822686 0.363733 0.436904 0.108817 0.653564 -0.749008 0.557984 -0.663742 -0.498097
-4.858991 -167.166978 5649.293836 18444.020471 0.837840 0.405377 0.365642 0.024179 0.641564 -0.766688 0.545380 -0.651203 -0.527727
8.918895 -145.671475 -10952.099282 12969.126630 -0.826538 -0.362596 -0.430533 0.017860 0.747595 -0.663915 0.562597 -0.556440 -0.611440
22.327163 -170.687996 3841.648701 -19901.417553 0.871267 0.351536 0.342515 -0.488621 0.555415 0.672877 -0.046303 0.753616 -0.655682
24.711452 -163.818493 399.572732 12394.707699 0.892607 0.341476 0.294360 -0.450729 0.661654 0.599214 -0.009853 0.667539 -0.744510
19.234395 -174.425008 6385.979650 -8286.592963 0.876912 0.320233 0.358436 -0.477401 0.666871 0.572164 0.055805 0.672855 -0.737666
19.799707 -87.077816 7449.314009 -4306.474496 0.973808 0.111690 0.198048 -0.225150 0.352233 0.908427 -0.031703 0.929224 -0.368154
23.635917 -90.564603 17447.131732 -4111.335001 0.976062 0.108667 0.188401 -0.210107 0.247266 0.945894 -0.056203 0.962835 -0.264179
27.405515 -87.225125 18303.774503 -3653.196213 0.973963 0.116767 0.194323 -0.223716 0.356254 0.907212 -0.036704 0.927064 -0.373101
-87.885858 -98.068710 -19335.547361 16087.951495 -0.531423 0.791928 0.300730 0.744288 0.606029 -0.280649 0.404506 -0.074687 0.911481
-68.762042 -87.030128 23684.633213 -5603.922630 0.857963 -0.200460 -0.472985 0.208217 0.977400 -0.036550 0.469622 -0.067125 0.880312
-93.747406 -97.664493 26696.172175 -9826.589362 0.908434 0.108607 -0.403674 -0.101458 0.994070 0.039127 0.405529 0.005411 0.914066
-101.534551 -122.625873 -6589.504810 35325.450642 -0.043278 0.998445 0.035136 0.943752 0.052396 -0.326476 0.327810 -0.019030 0.944552
-1.190217 -297.241121 -4819.094414 -161932.239289 0.776627 0.427986 0.462255 -0.298042 -0.396838 0.868154 -0.554998 0.812002 0.180637
-8.409698 -284.918596 1487.307972 -110783.545988 0.785425 0.403978 0.468945 -0.341635 -0.348829 0.872699 -0.516133 0.845648 0.135966
-5.343237 -234.505717 -5263.281110 -81800.630578 0.781799 0.440787 0.441019 -0.332607 -0.303455 0.892910 -0.527412 0.844761 0.090632
1.530413 -239.845342 -7245.035275 -118606.657764 0.782506 0.453632 0.426500 -0.319773 -0.294957 0.900414 -0.534256 0.840963 0.085746
-7.284621 -189.051382 -8020.226203 -30322.522309 0.783013 0.451333 0.428006 -0.365935 -0.222168 0.903733 -0.502974 0.864257 0.008802
13.452533 -84.833419 -9931.682427 -3219.303708 0.949243 0.301429 0.089880 -0.305564 0.815908 0.490841 -0.074620 0.493392 -0.866600
18.943033 -88.818272 -3380.308071 4351.838323 0.961496 0.250853 0.112240 -0.274542 0.858478 0.433177 -0.012308 0.447313 -0.894293
22.055022 -88.282727 -5614.270278 -1356.169772 0.952507 0.278253 0.123716 -0.301725 0.807493 0.506871 -0.041138 0.520126 -0.853098
-16.209246 -330.485679 -7182.874970 25311.207015 -0.707856 -0.572128 -0.414257 -0.510557 0.819697 -0.259670 0.488130 0.027693 -0.872332
-23.543621 -349.219900 -5138.369491 48249.766591 -0.724937 -0.565624 -0.393111 -0.536574 0.821576 -0.192617 0.431919 0.071298 -0.899090
-16.281183 -315.991964 -3583.933774 41357.256686 -0.698429 -0.592860 -0.400893 -0.630400 0.774813 -0.047559 0.338813 0.219506 -0.914890
-9.746488 -299.333390 -4526.630201 36485.605921 -0.694007 -0.588172 -0.415221 -0.600750 0.790935 -0.116278 0.396804 0.168746 -0.902259
-11.578366 -277.701694 829.329091 40711.087791 0.688517 0.602858 0.403121 -0.682762 0.726242 0.080057 0.244500 0.330356 -0.911638
-16.260926 -284.282479 629.498000 -38808.548689 0.690633 0.609194 0.389755 0.702406 -0.693345 -0.160928 0.172198 0.384909 -0.906749
-21.595043 -221.193383 -5302.889445 1092.090684 0.675100 0.512645 0.530504 0.671299 -0.128670 -0.729933 0.305937 -0.848905 0.431003
-14.350708 -215.060299 -6060.379934 -3981.651692 0.686739 0.493520 0.533693 0.672938 -0.154024 -0.723485 0.274853 -0.855987 0.437883
-22.998734 -223.851363 -3958.638006 -1780.163590 0.667733 0.516989 0.535588 0.609957 0.032446 -0.791770 0.426714 -0.855377 0.293676
-27.832154 -227.382708 -5602.209405 1683.542399 0.644558 0.526009 0.554851 0.633885 0.038099 -0.772488 0.427475 -0.849625 0.308872
126.078872 -56.176919 1512.534475 2367.993650 0.230027 0.952104 0.201458 0.662381 -0.001512 -0.749166 0.712979 -0.305771 0.631004
71.084714 -53.851553 -10925.778573 -5897.196497 0.252608 0.952398 0.170666 0.728741 -0.071241 -0.681074 0.636495 -0.296416 0.712047
112.229410 -51.213111 21057.999850 -1989.374169 0.070072 0.972351 0.222764 0.699544 0.111301 -0.705868 0.711145 -0.205295 0.672403
195.250495 -41.928303 25996.470805 9149.641627 0.056762 0.962126 0.266629 0.597237 0.181285 -0.781309 0.800054 -0.203589 0.564328
-18.817727 -148.427448 -14730.390833 5914.008306 0.791172 0.431248 0.433673 -0.604834 0.656841 0.450261 0.090680 0.618534 -0.780508
-6.800168 -141.962418 -17761.701395 3470.819638 0.795148 0.432002 0.425574 -0.603799 0.629125 0.489519 0.056266 0.646201 -0.761090
-15.607834 -139.882273 -9246.438567 4847.603600 0.794851 0.419594 0.438352 -0.606708 0.562376 0.561817 0.010784 0.712513 -0.701576
-25.615137 -150.196142 -7884.311963 8190.298693 0.779193 0.429337 0.456650 -0.619028 0.641392 0.453234 0.098302 0.635835 -0.765539
10.105449 -286.503354 257.251913 -5402.170235 0.836587 0.512290 0.194117 0.540429 -0.713668 -0.445663 0.089774 -0.477742 0.873901
11.237933 -250.630562 5541.043749 -32620.081889 0.821931 0.541095 0.177896 0.543018 -0.650112 -0.531494 0.171936 -0.533452 0.828171
13.480945 -320.655072 1559.129650 -92256.014548 0.820528 0.531560 0.210186 0.529666 -0.568803 -0.629220 0.214914 -0.627620 0.748268
13.712861 -264.832461 -3608.850914 -45317.784451 0.844556 0.492961 0.209081 0.517659 -0.651791 -0.554254 0.136949 -0.576331 0.805660
-21.147041 -6661.843652 189807.079455 -6750513.091000 0.664904 0.733337 0.141845 -0.514281 0.311754 0.798952 -0.541680 0.604174 -0.584428
-170.213561 -4766.160653 -22796.893525 -4447988.636710 0.646510 0.736429 0.199242 -0.463599 0.171822 0.869226 -0.605889 0.654331 -0.452493
10212.055923 -193085.483081 -13477189.936468 204779943.300149 0.444419 0.812736 0.376764 0.846148 -0.242743 -0.474457 -0.294151 0.529656 -0.795575
-38.286737 -938.409238 -6496.871627 614990.391948 0.563693 0.761534 0.319869 0.778261 -0.359954 -0.514532 -0.276696 0.538980 -0.795575
22.468622 -277.389489 -2806.202887 12297.893327 -0.706705 -0.509092 -0.491318 -0.273400 0.836994 -0.474018 0.652549 -0.200665 -0.730694
30.704732 -283.280028 -3216.189537 46412.602568 -0.733790 -0.422318 -0.532165 -0.093269 0.838519 -0.536830 0.672944 -0.344286 -0.654686
28.112467 -342.375021 -9707.189079 64725.250668 -0.716264 -0.441938 -0.540052 -0.074090 0.817690 -0.570871 0.693885 -0.368882 -0.618425
10.013206 -225.247217 16106.710958 -13395.058719 -0.757430 -0.475669 -0.447257 -0.237438 0.838783 -0.489965 0.608213 -0.264919 -0.748261
16.579392 -358.111276 -8070.520230 92521.167720 -0.707088 -0.495598 -0.504391 -0.223863 0.833497 -0.505141 0.670755 -0.244265 -0.700302
11.856687 -313.984436 -6687.047209 44534.913308 -0.690713 -0.561774 -0.455331 -0.422686 0.824547 -0.376110 0.586730 -0.067322 -0.806979
15.967422 -234.853670 13772.253946 6663.606773 -0.713817 -0.564399 -0.414632 -0.461211 0.824381 -0.328147 0.527020 -0.043004 -0.848764
39.882840 -88.470683 -8298.553946 -4383.317412 0.964542 0.239530 0.110836 -0.197724 0.377615 0.904606 -0.174827 0.894445 -0.411586
38.011391 -87.623773 9945.586122 -3925.147252 0.972029 0.170884 0.161115 -0.214609 0.367586 0.904889 -0.095407 0.914155 -0.393977
37.186796 -93.164482 -6268.989618 -4799.535506 0.967148 0.226707 0.115013 -0.175914 0.270241 0.946585 -0.183517 0.935721 -0.301245
33.747556 -96.661786 -5002.995750 -3430.344052 0.969532 0.217468 0.112766 -0.146858 0.147553 0.978091 -0.196064 0.964850 -0.174994
26.164021 -98.531626 -15640.516442 -4213.552768 0.961978 0.262799 0.074395 -0.117670 0.152968 0.981201 -0.246479 0.952648 -0.178075
8.838641 -445.212924 -10671.605670 -25536.747027 0.810577 0.495139 0.312734 0.320878 0.071217 -0.944439 0.489900 -0.865890 0.101153
1.308039 -478.853165 -7545.706684 -12818.827868 0.793464 0.508177 0.334920 0.261319 0.212528 -0.941565 0.549661 -0.834619 -0.035837
2.774838 -457.179454 -6628.241280 -41943.680530 0.799735 0.512831 0.312134 0.369533 -0.010739 -0.929155 0.473148 -0.858422 0.198097
37.617560 -57.449021 -23018.035726 4852.849823 0.855064 0.356617 0.376418 -0.501034 0.381290 0.776906 -0.133533 0.852902 -0.504705
44.621625 -51.214547 -46516.999402 3141.686461 0.894797 0.356876 0.268286 -0.396337 0.358257 0.845321 -0.205559 0.862723 -0.462011
21.419623 -64.474256 -41166.746408 3927.275324 0.815163 0.423848 0.394794 -0.550535 0.355066 0.755539 -0.180055 0.833235 -0.522780
-36.245922 -66.018593 9462.306309 6220.327177 0.977280 -0.071699 -0.199457 0.175020 0.803771 0.568612 -0.119549 0.590602 -0.798058
-34.226561 -62.058187 8406.369240 7796.910522 0.981663 -0.035632 -0.187263 0.148613 0.758275 0.634771 -0.119379 0.650961 -0.749666
-29.161930 -62.939738 8462.981736 4873.252710 0.993453 -0.024595 -0.111560 0.086936 0.796300 0.598622 -0.074112 0.604401 -0.793225
-34.237823 -71.416525 11752.537308 6124.753378 0.974798 -0.118873 -0.188779 0.199714 0.842087 0.501003 -0.099413 0.526079 -0.844605
-44.375143 -119.572557 7870.826189 -1348.948073 0.903767 0.416513 0.098596 0.359630 -0.614022 -0.702598 0.232101 -0.670443 0.704723
-40.855539 -116.403645 2601.573403 -7276.666580 0.899236 0.413728 0.142137 0.415041 -0.704172 -0.576092 0.138257 -0.577036 0.804932
-40.449893 -120.487613 1838.873296 -880.000582 0.907303 0.396762 0.139217 0.368035 -0.589229 -0.719277 0.203351 -0.703839 0.680631
-27.945485 -218.724536 22406.917778 62415.490394 0.921852 0.346803 -0.172962 0.008269 -0.463806 -0.885898 0.387453 -0.815237 0.430429
-18.517872 -169.486356 21796.687034 111271.472888 0.921519 0.362523 -0.139209 -0.043821 -0.259111 -0.964853 0.385852 -0.895231 0.222890
1.709778 -203.628131 20779.347471 80466.397291 0.908346 0.373585 -0.187991 -0.001952 -0.445713 -0.895174 0.418214 -0.813495 0.404133
-36.740864 -170.103969 11180.858551 85969.941862 0.948137 0.309107 -0.074086 0.018448 -0.286196 -0.957994 0.317326 -0.906942 0.277055
-1.053005 -268.239391 18648.529304 46688.420597 0.910897 0.369338 -0.184000 0.096674 -0.624523 -0.775000 0.401149 -0.688157 0.604582
-25.907460 -269.731055 18530.014554 20189.340194 0.926971 0.313955 -0.205319 0.065076 -0.673608 -0.736219 0.369444 -0.669092 0.644846
-39.758059 -207.558819 10437.611507 39283.943582 0.950331 0.273143 -0.149208 0.012963 -0.513717 -0.857862 0.310970 -0.813319 0.491742
7.451841 -114.146700 -32437.437198 22446.699634 0.710528 0.452121 0.539200 0.673111 -0.213339 -0.708102 0.205115 -0.866068 0.455911
16.920708 -117.089848 -10761.803072 33827.612830 0.726237 0.453114 0.516980 0.642347 -0.179385 -0.745125 0.244888 -0.873218 0.421332
9.682391 -94.206195 -29972.100086 1327.882804 0.871043 0.337694 0.356716 0.449805 -0.256541 -0.855489 0.197381 -0.905621 0.375355
-35.203365 -99.104629 -24292.595921 -2278.892880 0.922905 0.286733 0.256964 0.358775 -0.398212 -0.844220 0.139740 -0.871327 0.470384
-35.994325 -127.737313 42705.479903 47085.203180 -0.615311 -0.481080 -0.624463 0.773883 -0.217925 -0.594654 0.149990 -0.849159 0.506392
-17.522049 -85.093257 -2411.396635 -3857.323477 0.892647 0.450446 0.016694 0.354688 -0.724774 0.590677 -0.278168 0.521345 0.806736
-16.516347 -86.881667 71.598349 -4483.291706 0.886754 0.461079 0.032751 0.346771 -0.710417 0.612420 -0.305641 0.531709 0.789854
-16.895016 -87.988827 -2276.545476 1671.085808 0.900013 0.434240 0.037588 0.378704 -0.821764 0.425777 -0.215778 0.368970 0.904047
-16.160642 -80.169700 -613.713028 -6317.809776 0.879726 0.475352 0.011087 0.310529 -0.592036 0.743683 -0.360075 0.650794 0.668440
-18.641907 -85.587835 -3821.486400 2377.345964 0.913042 0.407361 0.020280 0.364102 -0.836472 0.409566 -0.183805 0.366567 0.912055
-18.533255 -83.415052 -1112.451119 -3421.856671 0.901610 0.432236 -0.016486 0.363388 -0.736223 0.570899 -0.234626 0.520719 0.820855
-16.749088 -79.456431 -1313.262197 -6609.549544 0.889875 0.456196 -0.002793 0.317561 -0.615030 0.721730 -0.327532 0.643136 0.692170
-88.048053 -149.520224 -7671.352294 14594.372841 0.753918 0.263466 -0.601825 -0.632203 0.041799 -0.773675 0.178681 -0.963763 -0.198077
-83.002961 -134.126094 -3241.847620 -25647.371535 0.625911 0.364132 -0.689669 0.756440 -0.068207 0.650497 0.189827 -0.928847 -0.318135
253.358212 -168.043371 4961.279061 -8704.375138 -0.996742 0.059385 0.054581 0.056752 0.997205 -0.048602 -0.057315 -0.045346 -0.997326
230.804798 -164.346746 -19929.401046 -20873.971330 0.982995 -0.084589 -0.162988 0.043902 0.970101 -0.238697 -0.178306 -0.227482 -0.957318
255.116950 -164.937102 -44783.865448 -13516.771353 0.994326 -0.100633 -0.034468 0.080160 0.921881 -0.379090 -0.069924 -0.374176 -0.924718
68.789195 -77.665610 -190843.953006 -17429.200275 0.102700 0.751950 -0.651171 -0.779625 0.467409 0.416789 -0.617768 -0.464865 -0.634243
21.325069 -78.275062 -402.588536 21995.593404 0.725144 -0.199163 -0.659166 0.462956 0.849631 0.252585 0.509742 -0.488326 0.708308
22.755417 -91.674540 344.670560 -20053.519285 0.747795 -0.119826 -0.653027 -0.439225 -0.826869 -0.351240 0.497880 -0.549481 0.670959
24.411261 -99.794898 -3993.474105 -26126.891825 0.740130 -0.204650 -0.640567 -0.496110 -0.809227 -0.314686 0.453963 -0.550700 0.700462
21.782063 -95.956063 4756.924988 -15362.441056 0.744903 -0.070183 -0.663471 -0.441945 -0.796888 -0.411891 0.499805 -0.600036 0.624621
27.111550 -113.795982 5200.683132 -19394.125621 0.755692 -0.080605 -0.649948 -0.475807 -0.749508 -0.460267 0.450041 -0.657070 0.604749
31.820360 -116.877047 -2702.739182 -19378.356465 0.756555 -0.156169 -0.635008 -0.511594 -0.746184 -0.426007 0.407304 -0.647164 0.644425
18.458122 -83.985545 3346.405157 15680.341043 0.749162 -0.062062 -0.659473 0.392358 0.843721 0.366318 0.533677 -0.533181 0.656435
120.077328 -160.929343 -62940.033936 -47869.368305 0.456098 0.793432 0.403038 0.300018 0.289286 -0.909012 0.837833 -0.535517 0.106101
143.912014 -164.345062 95263.370794 -30731.457643 0.393204 0.768116 0.505360 0.317207 0.402561 -0.858676 0.863001 -0.497939 0.085363
133.126739 -142.142837 40760.545559 -20100.876912 0.424890 0.766340 0.481862 0.422129 0.303153 -0.854345 0.800797 -0.566410 0.194688
-50.067640 -84.579110 49122.190215 1451.807701 0.326822 -0.799649 -0.503735 0.885178 0.072249 0.459609 -0.331132 -0.596106 0.731444
29.236639 -67.751246 87638.600203 2767.450233 -0.009760 -0.734314 -0.678740 0.950003 -0.218656 0.222899 -0.312088 -0.642630 0.699734
9.564750 -52.978379 53334.917715 31528.299268 -0.094980 -0.756876 -0.646620 0.974698 -0.202738 0.094137 -0.202344 -0.621318 0.756981
4.146395 -104.478454 -502.299074 -5037.975913 0.646655 0.242347 -0.723260 0.658388 0.301468 0.689669 0.385179 -0.922163 0.035388
46.067098 -199.979217 -6418.003522 -27656.429714 0.829363 0.325472 -0.454119 0.469494 0.034621 0.882257 -0.302872 0.944918 0.124094
53.557485 -196.830280 -1619.678095 -30801.355944 0.888851 0.229319 -0.396682 0.412109 -0.021697 0.910876 -0.200275 0.973109 0.113790
32.452942 -205.956856 -3817.237384 -25384.094632 0.841392 0.302277 -0.447981 0.508792 -0.163630 0.845196 -0.182180 0.939071 0.291473
64.639945 -186.975057 4203.966613 -27511.280085 0.893493 0.214727 -0.394414 0.367709 0.154373 0.917038 -0.257800 0.964397 -0.058974
23.959662 -198.833569 -10682.650869 -8606.379147 0.787992 0.379461 -0.484848 0.569415 -0.149644 0.808315 -0.234169 0.913026 0.333989
38.155206 -201.526934 -18861.370116 -5183.917866 0.750644 0.423196 -0.507384 0.538549 0.052965 0.840928 -0.382751 0.904489 0.188154
61.230779 -193.467420 -8249.105323 -20068.575788 0.823480 0.336964 -0.456438 0.404643 0.215085 0.888821 -0.397674 0.916621 -0.040768
21.745364 -189.766789 -526.807954 -1022.870921 0.930729 0.086913 -0.355232 0.311855 -0.695992 0.646794 0.191024 0.712771 0.674884
-14.480283 -55.772147 -4705.835788 -17534.336176 0.985440 0.110691 0.129059 0.137623 -0.965017 -0.223163 -0.099842 -0.237675 0.966200
-12.632883 -72.932958 -5812.335733 -15435.307446 0.980109 0.141196 0.139464 0.177718 -0.937206 -0.300102 -0.088333 -0.318918 0.943657
-19.673489 -74.835434 -4445.334730 -14372.396005 0.989320 0.107372 0.098574 0.132827 -0.942600 -0.306370 -0.060020 -0.316191 0.946795
9.130585 -128.563381 -1126.828875 -36127.020843 0.022627 -0.966459 -0.255823 0.968191 -0.042597 0.246558 -0.249185 -0.253265 0.934753
13.876387 -130.820395 4171.882466 -46652.783206 -0.016437 0.964558 0.263359 0.957522 -0.060654 0.281908 -0.287891 -0.256806 0.922589
11.375557 -99.020935 4903.001362 -23139.815764 0.009969 0.965658 0.259627 0.931400 -0.103444 0.348990 -0.363862 -0.238338 0.900444
24.322845 -131.598592 9455.736384 -55351.748412 -0.030381 0.962078 0.271079 0.944137 -0.061415 0.323781 -0.328151 -0.265772 0.906467
22.305368 -93.100224 10201.882858 -29486.084674 0.016512 0.962506 0.270758 0.916725 -0.122683 0.380216 -0.399177 -0.241932 0.884379
