12196
24386
-20.687474 -32.193898 336.814625 -2146.301246 0.473879 0.880528 0.010477 0.444384 -0.249395 0.860422 -0.760238 0.403080 0.509475
-26.629454 -39.823042 -160.323310 -1958.116648 0.393080 0.918872 0.034102 0.589251 -0.280197 0.757808 -0.705883 0.277784 0.651586
-19.025879 -43.701829 1185.730787 -3767.561871 0.328580 0.915187 -0.233385 0.633268 -0.030149 0.773345 -0.700719 0.401901 0.589465
-21.320262 -31.907115 -326.255097 -1614.751909 0.531129 0.779240 0.332697 0.323749 -0.549509 0.770212 -0.783000 0.301372 0.544138
-13.900516 -37.878603 2049.812708 -3649.221048 0.394929 0.868456 -0.299693 0.541833 0.043259 0.839372 -0.741922 0.493876 0.453474
-16.386411 -23.926658 840.764448 -1412.869352 0.552208 0.828587 0.092252 0.278360 -0.287544 0.916425 -0.785864 0.480378 0.389430
-17.339202 -25.816082 -168.567521 -1387.878950 0.572365 0.697898 0.430508 0.152805 -0.606592 0.780190 -0.805636 0.380770 0.453834
-31.007747 -42.047020 -191.560946 658.915771 0.356093 0.896731 0.262815 0.890442 -0.410921 0.195593 -0.283391 -0.164372 0.944813
-30.488799 -42.827032 -248.053898 264.214763 0.369407 0.896661 0.244002 0.804508 -0.440005 0.398952 -0.465087 -0.048926 0.883912
-28.464879 -41.304757 -308.270000 526.904856 0.385967 0.845095 0.369923 0.820044 -0.497980 0.282035 -0.422561 -0.194498 0.885219
-30.030530 -41.371571 -109.597670 160.335177 0.381841 0.815484 0.434951 0.857115 -0.488508 0.163441 -0.345761 -0.310395 0.885497
-0.507758 -6.350225 -291.087352 -42.049691 0.113807 0.953247 0.279945 0.820864 -0.248953 0.514009 -0.559670 -0.171299 0.810818
-0.911082 -6.402044 -663.644006 -85.369860 -0.259581 0.965657 0.011178 0.763784 0.198204 0.614287 -0.590975 -0.167994 0.789004
1.087549 -7.400394 -398.043835 101.840891 -0.184350 0.981287 0.055604 0.806409 0.118669 0.579330 -0.561890 -0.151639 0.813195
2.344059 -7.227497 -453.270925 109.454951 -0.021918 0.982303 0.186011 0.844057 -0.081532 0.530018 -0.535805 -0.168620 0.827333
2.401086 -8.562680 231.876462 154.129405 -0.095891 0.991689 0.085782 0.836953 0.033679 0.546238 -0.538809 -0.124174 0.833226
93.947624 -40.256948 -15315.314594 30.116882 0.836650 0.547498 0.016221 -0.228320 0.321678 0.918909 -0.497882 0.772508 -0.394137
81.022025 -47.118751 -11932.643965 -2152.910371 0.909865 0.406721 -0.081997 -0.170794 0.547266 0.819347 -0.378120 0.731491 -0.567404
1560.677857 -214.117273 -321807.985694 -17398.843071 0.961309 0.260993 -0.088134 -0.010224 0.353524 0.935370 -0.275282 0.898278 -0.342514
114.450675 -45.688002 -19448.158946 3174.658292 0.817623 0.562712 0.121850 -0.227078 0.120688 0.966369 -0.529082 0.817795 -0.226457
4.848500 -21.264749 1608.906165 52.941922 0.561558 0.820172 -0.109411 0.571579 -0.288898 0.768007 -0.598290 0.493817 0.631026
13.658396 -22.255865 2137.619600 -113.535684 0.587076 0.807614 -0.055684 0.552583 -0.349519 0.756629 -0.591602 0.474969 0.651469
5.966809 -22.884435 2058.982719 -173.126861 0.611006 0.789189 -0.062066 0.469352 -0.298012 0.831202 -0.637479 0.537001 0.552495
-2.620409 -20.767815 939.149554 234.496761 0.527898 0.837604 -0.140510 0.550641 -0.211583 0.807482 -0.646621 0.503638 0.572914
-2.035972 -22.348528 1187.177129 142.276488 0.584446 0.808837 -0.064850 0.422272 -0.234929 0.875497 -0.692899 0.539065 0.478852
4.085517 -23.846563 1998.389916 121.397619 0.646805 0.762634 0.005755 0.352828 -0.305913 0.884268 -0.676133 0.569918 0.466945
1.272120 -78.933184 214.092005 1178.346546 0.670740 0.706356 -0.226206 -0.083819 -0.230844 -0.969374 0.736941 -0.669158 0.095630
1.277899 -81.668821 212.860773 1586.858400 0.671390 0.703087 -0.234314 -0.091502 -0.235108 -0.967653 0.735434 -0.671113 0.093515
1.267775 -75.538118 64.808185 -60.318159 0.676706 0.692186 -0.250893 0.110370 -0.432291 -0.894954 0.727933 -0.577930 0.368931
1.364636 -75.066677 305.155562 950.250512 0.674990 0.710892 -0.197535 -0.264816 -0.016467 -0.964158 0.688666 -0.703108 -0.177140
0.523944 -76.013612 91.090227 -274.578458 0.680612 0.691460 -0.242177 0.099483 -0.414713 -0.904498 0.725858 -0.591520 0.351047
84.852011 -21.417521 -13601.672301 -394.616967 -0.013267 -0.927716 0.373050 0.976219 -0.092752 -0.195941 0.216378 0.361579 0.906885
68.450531 -18.947500 2705.964642 -127.878537 0.115715 0.993089 -0.019606 0.979541 -0.117363 -0.163479 0.164651 0.000288 0.986352
59.429550 -18.344086 -8193.003088 -768.551860 -0.046354 -0.943433 0.328308 0.992178 -0.081619 -0.094456 0.115909 0.321362 0.939836
45.348253 -19.018534 -8603.491466 -655.515578 0.049920 -0.878043 0.475972 0.985058 -0.035365 -0.168552 0.164829 0.477274 0.863158
83.385765 -20.352274 -14427.935243 359.110173 0.070637 -0.877349 0.474626 0.953222 -0.080822 -0.291265 0.293902 0.472998 0.830599
3.490923 -36.238374 36.994288 -1010.631520 0.514563 0.678671 0.524051 -0.010949 0.616323 -0.787417 0.857383 -0.399438 -0.324568
3.462095 -34.026868 -66.398035 -599.631370 0.518114 0.693456 0.500676 0.082887 0.541909 -0.836340 0.851286 -0.474819 -0.223292
2.782001 -33.299246 -309.678098 -583.734587 0.516869 0.694525 0.500481 0.060224 0.553681 -0.830548 0.853944 -0.459425 -0.244354
-6.527750 -120.360433 -1319.185848 12131.267255 -0.482706 0.872095 0.080280 -0.284825 -0.069643 -0.956046 0.828173 0.484355 -0.282012
-1.690671 -155.432194 -1453.721342 15189.049763 -0.487631 0.870134 0.071295 0.033467 0.100232 -0.994401 0.872408 0.482515 0.077997
-3.539949 -119.772091 -859.438179 6580.966721 -0.489417 0.870199 0.056780 -0.183933 -0.039363 -0.982150 0.852431 0.491125 -0.179323
-5.834964 -92.179747 -726.473127 1368.223836 -0.500641 0.860905 0.090559 -0.451976 -0.170738 -0.875538 0.738293 0.479261 -0.474587
-7.425372 -83.834266 -714.057369 1944.783479 -0.510813 0.852305 0.112455 -0.485520 -0.178058 -0.855901 0.709465 0.491804 -0.504765
-14.537093 -24.398157 47.281646 -115.594557 0.487895 0.868874 -0.083763 -0.162199 0.184528 0.969351 -0.857700 0.459355 -0.230961
-14.073499 -24.825064 251.196477 85.836931 0.515931 0.853982 -0.067309 -0.066598 0.118323 0.990739 -0.854037 0.506671 -0.117920
-13.461666 -24.262611 789.439608 -239.244106 0.566652 0.820799 -0.072079 -0.165397 0.199008 0.965940 -0.807186 0.535430 -0.248526
1.063860 -238.724287 -278.647483 3346.855844 -0.538631 0.771727 0.338103 -0.743345 -0.624183 0.240489 -0.396630 0.121793 -0.909863
-3.980955 -202.337971 -1141.311338 26036.696093 -0.538369 0.775499 0.329788 -0.583410 -0.625385 0.518196 -0.608105 -0.086579 -0.789121
-4.011339 -153.100238 -751.215763 4467.586923 -0.525399 0.780709 0.338303 -0.742605 -0.614830 0.265559 -0.415323 0.111702 -0.902790
-1.273703 -211.078573 -531.641221 -18367.132382 -0.510572 0.790268 0.338811 -0.468964 -0.586215 0.660625 -0.720686 -0.178406 -0.669912
0.432630 -203.621005 911.545886 6972.055659 -0.548882 0.724246 0.417368 -0.551008 -0.688953 0.470887 -0.628585 -0.028488 -0.777219
0.627850 -136.970138 159.821960 -384.524488 -0.541603 0.751858 0.376000 -0.744047 -0.636912 0.201833 -0.391229 0.170448 -0.904371
-193.358300 -3033.495103 21736.441093 -230917.685747 -0.168860 0.864895 0.472698 -0.454406 -0.493889 0.741343 -0.874644 0.089614 -0.476411
5.956480 -258.172885 1609.845139 21630.070868 -0.189924 0.729079 0.657550 -0.764794 -0.529830 0.366565 -0.615645 0.433271 -0.658223
2701.086672 -5193.365330 419745.242984 -1120180.401842 -0.198542 0.964753 -0.172723 0.116348 0.198185 0.973235 -0.973162 -0.173132 0.151595
3.156615 -19.549574 10860.927938 -5603.739344 -0.296402 -0.493626 0.817605 -0.134378 0.869113 0.476009 -0.945562 0.031222 -0.323940
-6.288693 -17.412335 -128.673799 112.000192 -0.790202 -0.552372 0.265455 -0.341530 0.756567 0.557641 -0.508860 0.349988 -0.786492
-7.221461 -17.304323 57.583211 100.051541 -0.803235 -0.535014 0.261865 -0.368128 0.791483 0.487890 -0.468290 0.295490 -0.832700
-6.782799 -18.181729 -105.073557 131.416871 -0.817229 -0.487883 0.306769 -0.323967 0.829136 0.455608 -0.476636 0.272954 -0.835652
-6.439224 -18.332529 0.327331 50.753051 -0.795478 -0.501612 0.340001 -0.314389 0.821276 0.476093 -0.518048 0.271829 -0.811009
6.771080 -95.840851 -584.229711 8493.783651 0.769769 0.636133 0.052819 0.280285 -0.262502 -0.923327 0.573494 -0.725553 0.380364
5.283378 -81.556220 -211.439657 -491.010172 0.759147 0.649066 -0.049085 0.186158 -0.288750 -0.939132 0.623732 -0.703801 0.340032
3.238289 -73.113681 -151.119169 2116.157241 0.748825 0.660847 -0.050421 0.071482 -0.156162 -0.985141 0.658902 -0.734094 0.164177
1.480471 -77.199218 -609.858812 1727.170642 0.764508 0.644598 -0.004590 0.053191 -0.070179 -0.996115 0.642416 -0.761294 0.087939
1.421258 -92.138887 -75.191130 -7535.162445 0.741281 0.661296 -0.114845 -0.098147 -0.062469 -0.993209 0.663980 -0.747519 -0.018597
-9.599581 -221.367643 203.935690 32372.778116 0.291106 -0.213338 -0.932601 -0.579607 0.736220 -0.349336 0.761126 0.642236 0.090665
-24.072361 -208.563570 1689.734254 29090.388285 0.361357 -0.165891 -0.917552 -0.574956 0.735056 -0.359330 0.734062 0.657398 0.170238
-21.522319 -369.165673 -1019.426377 62665.753316 0.416783 -0.437162 -0.796983 -0.327239 0.745821 -0.580229 0.848060 0.502633 0.167789
3.494810 -59.168428 -1619.101053 42.175480 -0.628173 -0.572103 0.527349 0.777339 -0.490895 0.393404 0.033805 0.657054 0.753085
-0.694432 -60.598845 -2492.894916 132.554962 -0.598687 -0.575188 0.557433 0.790190 -0.537985 0.293550 0.131044 0.616223 0.776593
4.465722 -61.131312 -2686.482848 886.357337 -0.611939 -0.559560 0.558948 0.749299 -0.636366 0.183273 0.253143 0.530971 0.808695
-24.835368 -34.711246 51.401705 253.588291 0.057443 -0.587880 -0.806906 0.971209 0.220078 -0.091201 0.231198 -0.778436 0.583597
-24.563433 -34.234412 -131.546503 167.920393 0.094806 -0.498816 -0.861507 0.984976 0.172482 0.008525 0.144342 -0.849372 0.507674
-23.300416 -33.266670 231.576669 -41.683728 0.198617 -0.424581 -0.883336 0.938488 0.342158 0.046557 0.282473 -0.838248 0.466423
-26.111368 -36.454930 82.321100 443.293566 -0.029409 -0.548210 -0.835824 0.998916 0.014060 -0.044369 0.036076 -0.836223 0.547202
-22.989659 -32.700350 113.668147 251.962944 0.141818 -0.509695 -0.848586 0.911459 0.401665 -0.088930 0.386174 -0.760839 0.521529
-24.019491 -32.441975 54.566646 308.723570 0.008527 -0.665912 -0.745982 0.922678 0.292819 -0.250843 0.385477 -0.686162 0.616919
-27.519350 -37.482147 452.871543 926.009040 -0.153971 -0.642789 -0.750410 0.983522 -0.026878 -0.178778 0.094747 -0.765572 0.636336
-26.428307 -35.525745 283.315079 649.008778 -0.155597 -0.716635 -0.679870 0.957046 0.061090 -0.283426 0.244646 -0.694768 0.676348
-19.955599 -32.646716 142.433106 -214.745052 0.524267 0.848228 -0.075184 -0.760285 0.426481 -0.489980 0.383550 -0.314042 -0.868485
-19.735828 -31.582898 265.139546 -332.213737 0.427872 0.896258 -0.116817 -0.742544 0.274879 -0.610794 0.515319 -0.348084 -0.783125
-20.851630 -30.739507 326.101157 -179.901648 0.454042 0.861932 -0.225652 0.796113 -0.278753 0.537122 0.400062 -0.423520 -0.812761
-21.683525 -32.509088 370.629336 134.294292 0.551300 0.818291 -0.162692 0.789117 -0.448122 0.420095 0.270854 -0.359982 -0.892777
2.232162 -4.054602 -734.544551 429.857095 0.796554 0.312897 0.517298 -0.389937 0.919785 0.044090 -0.462007 -0.236834 0.854669
4.581058 -3.637752 -254.838651 511.436529 0.763209 0.449823 0.463866 -0.501374 0.865117 -0.014006 -0.407598 -0.221881 0.885795
2.357482 -6.206483 -579.158046 392.756587 0.636640 0.583723 0.503942 -0.639386 0.764895 -0.078239 -0.431132 -0.272403 0.860187
-0.793550 -7.831370 -727.561777 426.650995 0.646879 0.562126 0.515327 -0.621383 0.780272 -0.071123 -0.442075 -0.274207 0.854037
-2.505963 -21.143181 -84.413815 -297.126210 0.840916 0.474259 0.260651 0.244803 0.096181 -0.964790 0.482630 -0.875116 0.035220
-2.243227 -20.920187 64.371242 -371.042927 0.835977 0.488351 0.250312 0.231100 0.100422 -0.967734 0.497730 -0.866850 0.028907
-2.215206 -21.429261 185.150350 -1099.367639 0.837030 0.494657 0.233871 0.276845 -0.014195 -0.960810 0.471951 -0.868973 0.148825
2.088069 -28.820099 -1514.547765 877.738990 0.906305 0.360315 0.220873 -0.252746 0.043233 0.966566 -0.338719 0.931828 -0.130250
-3.274138 -26.372395 -658.401280 1064.155667 0.933120 0.329754 0.143352 -0.134755 -0.048914 0.989671 -0.333360 0.942799 0.001206
-4.847793 -29.351332 -176.643207 974.193673 0.942197 0.294421 0.159942 -0.169740 0.007855 0.985458 -0.288883 0.955644 -0.057376
-3.755653 -24.111044 -459.928207 905.498338 0.943001 0.317149 0.100828 -0.057412 -0.143397 0.987999 -0.327802 0.937472 0.117016
-6.024441 -26.939493 -111.542485 966.729324 0.949262 0.293922 0.111857 -0.079867 -0.118710 0.989712 -0.304177 0.948429 0.089212
2.290313 -46.039535 -636.613959 3511.022154 0.902877 0.392436 -0.175518 -0.057760 -0.293837 -0.954109 0.426000 -0.871581 0.242632
4.227400 -39.649978 -316.980992 1558.446797 0.890172 0.448111 -0.082397 -0.003716 -0.173698 -0.984792 0.455609 -0.876941 0.152956
4.285038 -37.660639 -424.165253 1129.836736 0.896486 0.427561 -0.116207 -0.057518 -0.147752 -0.987350 0.439322 -0.891830 0.107865
2.246338 -43.802981 -6.747766 2291.570165 0.896107 0.396506 -0.199437 -0.114012 -0.228627 -0.966815 0.428945 -0.889108 0.159668
-6.176172 -50.769678 34.217840 -290.165984 0.939767 0.290709 0.179797 -0.218680 0.915603 -0.337416 0.262712 -0.277774 -0.924026
-5.872845 -55.552150 -182.919949 -602.367337 -0.934308 -0.279707 -0.220980 -0.221382 0.941178 -0.255292 0.279388 -0.189600 -0.941272
-5.935013 -52.041341 -37.127696 -637.710676 0.935769 0.300542 0.184421 -0.182885 0.860835 -0.474885 0.301479 -0.410655 -0.860508
5.982342 -24.551427 2148.236957 141.628976 0.326454 0.944759 -0.029290 -0.115279 0.009039 -0.993292 0.938157 -0.327640 -0.111862
11.675208 -24.997072 1461.477227 53.687989 0.376177 0.922284 -0.088784 -0.086935 -0.060266 -0.994389 0.922460 -0.381785 -0.057508
5.010144 -24.189450 2225.198091 -181.004847 0.324139 0.944949 -0.044780 -0.031319 -0.036590 -0.998839 0.945491 -0.325165 -0.017735
3.721480 -78.033132 404.571092 2776.288688 0.979788 0.185152 0.075720 -0.188477 0.981288 0.039364 -0.067015 -0.052840 0.996352
3.448669 -85.064444 548.311287 -5581.202912 0.963697 0.259398 0.063255 0.266998 -0.935655 -0.230787 0.000681 -0.239298 0.970946
3.552673 -102.591439 89.860263 -7240.221881 0.956988 0.263964 0.120404 0.289063 -0.903010 -0.317830 -0.024831 -0.338964 0.940472
4.824437 -82.801471 -76.398858 -3816.658191 0.975711 0.191091 0.107106 0.203872 -0.971009 -0.124815 -0.080150 -0.143619 0.986382
-8.827716 -44.177515 258.629423 326.526112 0.955799 0.249978 0.154789 -0.286564 0.674196 0.680691 -0.065800 0.694960 -0.716031
-9.101650 -43.525734 277.627305 -70.675084 0.962816 0.215820 0.162505 -0.260764 0.585151 0.767854 -0.070628 0.781678 -0.619671
-8.529943 -45.734009 119.350864 357.826778 0.956940 0.244219 0.156915 -0.287685 0.725681 0.624999 -0.038766 0.643229 -0.764692
-1.758187 -55.644281 -500.895305 -1096.314147 0.918787 0.393863 -0.026506 0.014404 0.033650 0.999330 -0.394491 0.918553 -0.025244
2.998196 -58.653481 -641.966644 -931.073643 0.917029 0.392375 -0.071416 0.116289 -0.091779 0.988966 -0.381491 0.915215 0.129793
0.760333 -57.911494 -542.874825 -780.420244 0.917637 0.396418 -0.028203 0.105177 -0.173805 0.979147 -0.383250 0.901468 0.201184
4.883188 -107.526213 94.258624 10497.193738 0.714950 0.422632 0.556982 0.353975 0.468193 -0.809628 0.602950 -0.776001 -0.185133
6.734299 -112.235248 188.032917 3875.012721 0.716982 0.402974 0.568813 0.491903 0.285699 -0.822440 0.493932 -0.869476 -0.006617
7.387165 -113.982817 735.529717 2890.522673 0.737679 0.424157 0.525281 0.537835 0.101121 -0.836964 0.408121 -0.899925 0.153532
4.324755 -94.141425 349.874342 5644.606848 0.693807 0.464863 0.550031 0.384882 0.406186 -0.828781 0.608685 -0.786711 -0.102897
-13.357021 -20.866039 -170.205759 -210.183996 -0.268815 0.552900 -0.788695 0.880255 0.473430 0.031867 0.391011 -0.685687 -0.613958
-14.005012 -21.087963 -612.622455 98.696359 -0.542531 0.335707 -0.770039 0.761156 0.584267 -0.281556 0.355388 -0.738873 -0.572509
-17.172121 -19.560634 57.836404 -504.875783 -0.277080 0.568147 -0.774878 0.926216 0.372493 -0.058080 0.255639 -0.733797 -0.629437
-15.422157 -20.080905 620.085756 -149.243159 0.456647 0.693503 -0.557249 0.865968 -0.202939 0.457072 0.203893 -0.691281 -0.693223
-14.203080 -21.783652 522.130440 -549.307628 0.111666 0.726001 -0.678567 0.948783 0.125184 0.290068 0.295536 -0.676203 -0.674839
-9.920235 -95.765082 15141.242122 -20195.719946 0.995811 0.026409 0.087543 -0.091143 0.363813 0.927002 0.007368 0.931098 -0.364696
-42.226567 -103.815808 10536.802350 -6126.955457 0.861670 -0.147561 -0.485541 0.506724 0.198388 0.838971 0.027474 0.968952 -0.245718
4.620068 -95.391828 8000.650955 -16405.544142 0.991883 0.088479 0.091321 -0.107972 0.206752 0.972418 -0.067158 0.974385 -0.214627
-29.923864 -267.367683 -3051.738996 45850.252422 -0.119587 0.389959 0.913034 0.990550 0.109064 0.083158 -0.067150 0.914351 -0.399317
23.471437 -227.086433 -2849.096596 -47793.942362 0.959235 0.251570 0.128768 -0.202477 0.293891 0.934147 -0.197160 0.922139 -0.332847
1.470315 -20.012130 2697.695195 869.441038 0.967156 0.061993 -0.246508 0.216682 0.305920 0.927072 -0.132883 0.950037 -0.282440
-19.904378 -39.854201 -1288.336494 13032.903039 -0.283053 0.350015 0.892956 0.959013 0.116120 0.258476 -0.013220 0.929519 -0.368537
55.735654 -12177.642859 -727.418619 -6408895.285751 0.355938 -0.646678 -0.674623 0.443637 0.752298 -0.487068 0.822493 -0.125922 0.554661
-407.447746 -5798.669200 39684.799962 -187529.664943 -0.017006 -0.630890 -0.775686 0.906680 -0.336759 0.254018 -0.421477 -0.698979 0.577742
247.376188 -1132.986544 -50521.423038 -9181988.254455 -0.009850 -0.459306 -0.888223 0.319818 0.840162 -0.438000 0.947428 -0.288384 0.138619
-157.425717 -4062.080654 -17677.669587 229715.273398 0.035550 0.520472 0.853138 0.929557 -0.330686 0.163006 0.366961 0.787246 -0.495564
-620.082003 -8207.734929 -88646.569083 -1481785.097982 -0.111502 0.442742 0.889689 0.905666 -0.323252 0.274366 0.409067 0.836354 -0.364934
4.804434 -190.074907 68.180980 -12458.997208 -0.703043 0.614492 -0.357953 0.487538 0.782915 0.386460 0.517723 0.097182 -0.850011
4.915831 -190.320337 -702.667937 13563.957761 -0.682287 0.603970 -0.411952 0.234671 0.714592 0.659005 0.692397 0.352958 -0.629291
8.838998 -357.154710 650.935302 -52449.754363 -0.689627 0.609404 -0.391205 -0.063532 -0.589047 -0.805598 0.721372 0.530708 -0.444939
10.054075 -436.038178 -318.426464 64597.920960 -0.701646 0.587509 -0.403144 0.053838 0.607893 0.792192 0.710489 0.534134 -0.458156
-28.364557 -45.692344 215.755407 -1752.487708 0.192468 0.949029 -0.249598 0.785015 0.003717 0.619465 -0.588818 0.315166 0.744287
-30.710551 -44.077496 -291.860908 -1353.856109 0.323005 0.946058 -0.025345 0.739182 -0.235469 0.631003 -0.590997 0.222552 0.775366
-27.259712 -41.571576 -286.040671 -923.634609 0.439553 0.860895 0.256228 0.621850 -0.497510 0.604802 -0.648147 0.106507 0.754030
-23.402569 -36.285587 -383.285451 -1515.754639 0.515337 0.738757 0.434356 0.367054 -0.648270 0.667097 -0.774403 0.184348 0.605241
-32.796145 -42.481290 -688.237960 711.213937 0.297752 0.948452 0.108546 0.927098 -0.314402 0.204059 -0.227667 -0.039874 0.972922
-32.856926 -43.861657 -545.190110 542.049102 0.252168 0.967656 0.007343 0.909917 -0.239690 0.338524 -0.329335 0.078683 0.940929
-2.491981 -5.276968 -881.363801 162.958055 -0.485431 0.853444 -0.189709 0.628691 0.491544 0.602604 -0.607539 -0.173255 0.775164
-3.056204 -5.596467 218.579989 88.003552 0.369085 0.818840 0.439632 0.713889 -0.552662 0.430032 -0.595096 -0.155130 0.788540
-2.827306 -7.634548 -62.434783 -966.397058 0.725456 0.296936 0.620921 -0.319360 0.944377 -0.078492 -0.609691 -0.141355 0.779933
-1.574259 -7.683913 -540.315816 -459.920010 0.787871 -0.152076 0.596768 0.021124 0.975134 0.220608 -0.615478 -0.161204 0.771492
-0.597345 -6.910419 192.519588 321.972568 0.677712 -0.620240 0.394981 0.398783 0.761310 0.511252 -0.617802 -0.188970 0.763290
5.035855 -56.896434 -649.083904 -1237.604548 -0.431723 0.749428 -0.501968 -0.403775 0.337065 0.850502 -0.806586 -0.569864 -0.157082
13.846016 -57.166832 -1610.859341 1784.620520 -0.426970 0.734248 -0.527804 -0.207743 0.488422 0.847518 -0.880079 -0.471513 0.056007
6.435360 -55.503118 57.113393 1565.879045 -0.442592 0.786650 -0.430459 -0.199516 0.381616 0.902531 -0.874246 -0.485336 0.011950
12.056987 -57.762568 -1833.586181 -1731.084629 -0.370356 0.721029 -0.585623 -0.490145 0.383847 0.782573 -0.789047 -0.576870 -0.211249
0.793336 -53.364269 46.382455 -1949.922829 -0.469956 0.789141 -0.395472 -0.456517 0.166160 0.874061 -0.755469 -0.591310 -0.282169
2.776446 -52.231775 -744.593272 -3009.756889 -0.424801 0.741343 -0.519571 -0.599110 0.200051 0.775272 -0.678683 -0.640617 -0.359165
14.058991 -19.497756 1998.140433 565.563684 0.535012 0.836404 -0.119124 0.686257 -0.348002 0.638706 -0.492761 0.423465 0.760174
18.241331 -21.103519 584.131258 781.394305 0.535691 0.843774 0.032880 0.647281 -0.435326 0.625715 -0.542275 0.313907 0.779359
7.590519 -19.392486 1513.788082 256.872151 0.512709 0.844016 -0.157371 0.671042 -0.279599 0.686678 -0.535567 0.457669 0.709724
2.051599 -84.393071 -115.724865 1514.745153 0.701259 0.668215 -0.248445 -0.059267 -0.292645 -0.954383 0.710439 -0.683994 0.165617
1.553453 -82.019300 -4.286898 1425.542924 0.698957 0.682644 -0.213205 -0.255429 -0.040169 -0.965993 0.667994 -0.729646 -0.146290
2.212168 -83.289260 -111.151539 2226.069176 0.708737 0.671258 -0.217037 -0.239607 -0.060319 -0.968994 0.663537 -0.738765 -0.118088
1.459738 -73.609030 265.258698 1365.136733 0.702272 0.692896 -0.163433 -0.420908 0.218973 -0.880277 0.574153 -0.686984 -0.445424
2.364236 -78.355774 227.621215 -558.541668 0.708406 0.684908 -0.170478 -0.346262 0.126776 -0.929532 0.615031 -0.717516 -0.326966
78.826429 -21.281323 7859.263238 -319.844138 -0.165591 -0.935453 -0.312263 0.972511 -0.102329 -0.209167 0.163712 -0.338315 0.926683
66.945946 -20.552134 7707.704379 -697.088937 -0.168899 -0.897494 -0.407403 0.984687 -0.135535 -0.109647 0.043191 -0.419683 0.906642
58.171162 -17.854530 2428.562878 -611.016473 -0.158998 -0.964741 -0.209748 0.987278 -0.155599 -0.032720 -0.001070 -0.212283 0.977208
59.562266 -16.244928 -4399.521051 -437.317331 -0.114511 -0.982840 0.144610 0.992205 -0.120357 -0.032315 0.049166 0.139782 0.988961
3.830693 -34.252769 200.524773 -725.717257 0.513682 0.712973 0.477285 0.138075 0.480342 -0.866145 0.846798 -0.510824 -0.148299
5.008389 -38.123739 326.811180 -1084.739012 0.523712 0.690424 0.499040 0.039602 0.565435 -0.823842 0.850974 -0.451219 -0.268782
4.067104 -36.314747 434.741118 -715.514698 0.530307 0.726069 0.437720 0.151983 0.426518 -0.891618 0.834072 -0.539357 -0.115835
3.333404 -32.314588 51.354610 -279.150425 0.531274 0.730184 0.429627 0.222312 0.369189 -0.902373 0.817512 -0.574918 -0.033812
-1.233922 -136.079490 -576.614601 7379.430622 -0.498676 0.865930 0.038556 0.158281 0.134705 -0.978162 0.852214 0.481684 0.204234
1.543161 -138.380892 -789.788096 2146.683823 -0.512580 0.857269 0.048486 0.457134 0.320259 -0.829737 0.726836 0.403142 0.556045
-3.226830 -120.095191 -622.039266 4865.878873 -0.522860 0.846323 0.101764 0.225961 0.252721 -0.940783 0.821924 0.468903 0.323374
-11.006356 -24.520716 -851.197044 -2.964226 0.385692 0.904014 -0.184388 0.042169 0.182370 0.982325 -0.921663 0.386651 -0.032217
-11.095831 -24.210324 -486.201997 124.307291 0.410941 0.893826 -0.179451 0.151364 0.127213 0.980258 -0.899008 0.429991 0.083016
-13.224067 -24.840090 -344.360845 74.823637 0.458242 0.879385 -0.129215 0.044788 0.122347 0.991476 -0.887699 0.460123 -0.016679
-7.217707 -24.191160 -973.012900 87.137091 0.345525 0.911938 -0.221316 0.147837 0.179998 0.972494 -0.926691 0.368740 0.072624
-5.139984 -24.610672 -1160.634804 12.123418 0.332741 0.914904 -0.228549 0.037238 0.229423 0.972614 -0.942283 0.332139 -0.042269
-4.660481 -267.550299 -332.982717 3668.556439 -0.472534 0.804344 0.360197 -0.595142 -0.592671 0.542721 -0.650013 -0.042086 -0.758757
2.167639 -349.420388 -2054.477486 52794.536063 -0.384966 0.856262 0.344407 -0.847683 -0.475623 0.234982 -0.365014 0.201488 -0.908938
0.723131 -276.455984 -234.006096 -15403.438409 -0.493562 0.787833 0.368396 0.831986 0.551104 -0.063901 -0.253367 0.274961 -0.927470
-7.097165 -219.588176 660.392776 23295.149443 -0.362537 0.849163 0.384044 -0.579546 -0.528126 0.620653 -0.729859 -0.002438 -0.683594
-4.634193 -196.215588 -1034.694057 -6557.853484 -0.507018 0.781398 0.363800 -0.393342 -0.585319 0.709002 -0.766952 -0.216379 -0.604123
-7.063046 -200.470084 -1241.720135 8016.410161 -0.487576 0.790022 0.371666 -0.259642 -0.537639 0.802203 -0.833580 -0.294635 -0.467263
-11.394069 -178.701263 -933.863797 777.804170 -0.438397 0.827991 0.349627 -0.375394 -0.522130 0.765806 -0.816631 -0.204479 -0.539723
37.079888 -4007.121263 -3720.722613 995336.423479 -0.290194 0.740197 0.606544 0.877349 -0.047328 0.477514 0.382161 0.670723 -0.635676
34.120882 -93.708740 342.481971 -2317.860100 -0.476296 0.449536 0.755685 0.738086 -0.262688 0.621470 0.477882 0.853764 -0.206679
77.210497 -16.550148 -27335.298634 5374.564157 -0.018856 0.884863 -0.465470 0.560296 -0.376230 -0.737916 0.828078 0.274715 0.488691
10.793242 -6.985613 -136.480992 630.941550 0.834525 -0.492923 0.246161 0.550591 0.762664 -0.339402 0.020439 -0.418773 -0.907861
8.858112 -8.935403 -403.732664 532.459513 0.853632 -0.479978 0.202321 0.520127 0.764642 -0.380514 -0.027935 -0.430052 -0.902372
8.206007 -11.004336 222.989023 656.533935 0.752389 -0.562159 0.343348 0.657846 0.668067 -0.347742 0.033893 -0.487507 -0.872461
-7.426692 -23.281209 1063.534795 300.422082 -0.014438 0.786749 0.617105 -0.824220 0.340042 -0.452805 0.566085 0.515168 -0.643544
-11.059294 -23.728980 458.820287 -213.314367 -0.117150 0.843511 0.524180 0.870709 -0.166615 0.462714 0.477641 0.510615 -0.714934
-6.306317 -23.680151 1244.411383 -355.487486 0.074629 0.736467 0.672344 0.857050 -0.392050 0.334309 0.509800 0.551283 -0.660448
-6.197781 -43.241021 -416.856029 -185.139705 0.765618 0.490585 -0.416119 -0.643250 0.576171 -0.504239 0.007616 -0.653723 -0.756695
-7.134478 -43.783194 -221.415679 -49.009789 0.776564 0.506216 -0.375091 -0.622337 0.523518 -0.581916 0.098208 -0.685328 -0.721582
-5.430139 -43.245166 -482.699085 -38.413127 0.761716 0.488506 -0.425619 -0.637194 0.445824 -0.628668 0.117357 -0.750069 -0.650864
9.872666 -90.996334 138.190972 3742.593384 0.757521 0.652713 -0.011304 0.384449 -0.460043 -0.800349 0.527599 -0.601935 0.599427
8.142180 -86.752961 423.574600 2338.115767 0.749706 0.656383 -0.084275 0.333314 -0.484545 -0.808776 0.571701 -0.578255 0.582048
-24.430659 -107.022085 -4017.971448 11703.547471 0.323150 -0.469390 0.821734 0.643400 -0.527791 -0.554503 0.693982 0.707891 0.131449
-2.796157 -56.875824 -1603.905381 -1899.753326 -0.604233 -0.600971 0.523199 0.789329 -0.361698 0.496119 -0.108913 0.712748 0.692913
-4.806037 -60.858490 -1440.076221 -1005.437587 -0.598014 -0.618990 0.509146 0.800474 -0.493173 0.340620 0.040257 0.611253 0.790410
-23.582390 -33.474868 129.211790 81.969378 0.159674 -0.378736 -0.911627 0.976460 0.196257 0.089494 0.145018 -0.904457 0.401157
-24.817711 -34.767036 156.241771 330.051654 0.028690 -0.416944 -0.908479 0.999574 0.016913 0.023805 0.005440 -0.908775 0.417251
-19.793742 -34.050711 45.758980 -649.238726 0.476139 0.879332 0.008221 -0.737130 0.404203 -0.541535 0.479512 -0.251786 -0.840638
-18.837645 -32.540606 35.951362 -328.850342 0.394564 0.917627 -0.047745 -0.701117 0.267068 -0.661142 0.593931 -0.294337 -0.748740
4.273114 -4.335394 -433.540047 -164.724635 0.692048 0.550329 0.467127 -0.623024 0.782201 0.001487 -0.364569 -0.292060 0.884189
6.174650 -4.247987 -74.169916 -367.457568 0.776859 0.462943 0.426819 -0.533752 0.843764 0.056314 -0.334064 -0.271563 0.902582
5.185646 -4.077034 262.227439 -396.628984 0.800948 0.446949 0.398396 -0.518361 0.850641 0.087819 -0.299641 -0.276851 0.913000
-3.510179 -25.020219 266.964068 -448.018362 0.850087 0.478564 0.219837 0.145058 0.188514 -0.971299 0.506271 -0.857578 -0.090834
-3.418348 -25.382444 415.561686 -1136.727157 0.840160 0.486076 0.240542 0.123567 0.260298 -0.957589 0.528074 -0.834251 -0.158630
-3.073341 -24.976615 -128.313621 -399.345304 0.851394 0.471000 0.230841 0.133334 0.231300 -0.963702 0.507298 -0.851269 -0.134127
-3.745859 -24.696806 390.026374 -1087.110685 0.851270 0.465531 0.242115 0.156855 0.214552 -0.964035 0.500735 -0.858632 -0.109621
-3.354431 -22.129401 76.006119 316.211338 0.855638 0.456951 0.243061 0.199873 0.141464 -0.969556 0.477424 -0.878170 -0.029710
-4.158734 -24.095977 339.660786 -362.091689 0.859967 0.460403 0.220195 0.169176 0.149892 -0.974121 0.481493 -0.874964 -0.051013
4.045675 -23.954707 -1954.167227 969.356102 0.909476 0.374150 0.181290 -0.163306 -0.079517 0.983366 -0.382342 0.923953 0.011217
14.330792 -25.689301 -3025.928578 1267.458216 0.894643 0.381847 0.231962 -0.252095 0.002790 0.967698 -0.368866 0.924221 -0.098758
24.266831 -22.707136 -4673.134420 505.485729 0.908176 0.368436 0.198674 -0.198839 -0.037944 0.979297 -0.368346 0.928879 -0.038800
1.313001 -21.473049 -1361.470853 571.302504 0.931155 0.347843 0.109344 -0.049073 -0.177602 0.982878 -0.361307 0.920578 0.148306
15.624007 -21.050453 -3975.278039 294.003707 0.919129 0.355641 0.169475 -0.132284 -0.126601 0.983094 -0.371084 0.926008 0.069317
6.285408 -41.604098 -80.618027 -2179.841604 0.901320 0.426718 -0.074394 -0.101850 0.041850 -0.993919 0.421010 -0.903416 -0.081181
6.902794 -47.857126 -193.344508 -1736.150794 0.909297 0.408604 -0.078881 -0.192136 0.244076 -0.950532 0.369139 -0.879471 -0.300445
5.229660 -43.833822 -212.160147 -1132.905177 0.916445 0.379292 -0.127537 -0.150539 0.031481 -0.988103 0.370764 -0.924742 -0.085948
4.394052 -39.376904 -191.298804 -11.713505 0.912037 0.383313 -0.145806 -0.114480 -0.103441 -0.988025 0.393805 -0.917808 0.050460
-5.644314 -44.465487 148.351141 -419.556535 0.936876 0.331275 0.111891 -0.109259 0.581330 -0.806299 0.332152 -0.743177 -0.580829
-5.167098 -44.958823 250.586023 -483.347177 0.930219 0.336944 0.145468 -0.078212 0.569262 -0.818428 0.358574 -0.749940 -0.555891
-4.608687 -46.887960 174.609930 387.723570 0.930998 0.348562 0.108382 -0.043808 0.401466 -0.914826 0.362386 -0.846953 -0.389033
-4.954518 -42.484736 87.613811 -265.170161 0.942773 0.321966 0.086699 -0.069404 0.443811 -0.893429 0.326131 -0.836283 -0.440759
-5.636212 -44.159335 -47.003357 -177.507306 0.949134 0.306516 0.072060 -0.120363 0.564661 -0.816499 0.290960 -0.766294 -0.572832
2.020424 -47.399255 -348.270655 688.005719 0.908461 0.412631 0.066585 -0.049088 -0.052871 0.997394 -0.415076 0.909363 0.027776
2.971903 -42.388672 -241.018374 883.966171 0.915577 0.400713 0.033873 0.039409 -0.173232 0.984092 -0.400207 0.899677 0.174399
1.687471 -44.772057 -416.066672 1339.094725 0.903446 0.428701 0.001114 0.103414 -0.220456 0.969899 -0.416042 0.876136 0.243504
-0.587874 -50.902909 -536.488314 866.609335 0.907695 0.416996 0.046944 -0.007980 -0.094695 0.995474 -0.419554 0.903962 0.082627
-8.332004 -51.149359 -128.786587 227.997020 0.949474 0.309776 0.050370 -0.313553 0.943215 0.109679 0.013534 0.119931 -0.992690
-8.213178 -48.899916 -249.956912 644.772699 0.948066 0.311731 0.063207 -0.316880 0.908467 0.272536 -0.027536 0.278411 -0.960067
-8.134215 -49.620601 121.483720 61.729301 0.952075 0.284916 0.111250 -0.296724 0.948617 0.109912 0.074218 0.137655 -0.987696
-7.608387 -50.682735 5.886295 -593.313196 -0.951574 -0.292995 -0.093067 -0.280057 0.951052 -0.130649 0.126791 -0.098258 -0.987051
-7.585929 -50.223622 -224.446335 24.695396 -0.951460 -0.264596 -0.157205 -0.280136 0.956074 0.086289 0.127468 0.126140 -0.983789
1.317963 -55.169101 -664.515647 -1681.737514 0.915276 0.393185 -0.087611 0.032476 0.144758 0.988934 -0.401516 0.907993 -0.119724
6.910660 -57.688526 -880.923241 -1696.157909 0.915041 0.382838 -0.127023 0.104319 0.079586 0.991354 -0.389638 0.920381 -0.032887
6.980725 -61.368225 -473.720577 -1073.689257 0.930423 0.355275 -0.089956 0.155581 -0.160658 0.974671 -0.331824 0.920852 0.204754
-15.648568 -22.570620 -276.182603 766.393655 0.937088 -0.041720 0.346591 0.305239 0.579691 -0.755505 0.169396 -0.813768 -0.555956
-12.616709 -28.694563 -71.230765 1217.265051 0.928461 -0.042863 0.368949 0.346126 0.460206 -0.817562 0.134749 -0.886777 -0.442119
-13.158454 -25.061078 -433.494048 621.764263 0.989487 0.000497 0.144620 0.121605 0.538391 -0.833875 0.078277 -0.842695 -0.532671
-24.518967 -61.331085 3692.314428 3297.843811 0.826469 0.021478 -0.562573 0.557525 -0.170028 0.812562 0.078202 0.985205 0.152497
-37.459844 -3247.668310 -19698.713719 603099.771813 0.313632 0.348680 0.883208 0.887569 0.222877 -0.403170 -0.337425 0.910356 -0.239576
-19.185259 -168.144780 1546.817596 27970.937903 -0.267169 0.212736 0.939874 0.963632 0.064901 0.259233 -0.005851 0.974952 -0.222338
92.701276 -4885.959422 -77780.307729 1075088.487993 -0.507151 -0.855405 0.105265 0.852697 -0.480244 0.205606 -0.125324 0.194032 0.972957
-27.701571 -5982.126755 16013.436980 -135543.944249 0.297765 0.289634 0.909642 0.508061 0.758632 -0.407862 -0.808214 0.583601 0.078742
1.611073 -47.902122 -431.375806 767.309258 -0.584148 -0.600746 -0.545781 0.022953 0.659940 -0.750968 0.811323 -0.451204 -0.371713
2.846809 -52.373150 260.678184 1924.715086 0.597255 0.617500 0.511839 0.162602 0.531689 -0.831184 0.785396 -0.579656 -0.217147
1.135816 -46.932023 434.203002 1006.450425 0.585983 0.619914 0.521853 0.044981 0.618128 -0.784790 0.809074 -0.483347 -0.334328
0.763437 -45.529467 -95.292471 -21.941222 -0.597411 -0.583875 -0.549718 -0.087721 0.728955 -0.678918 0.797123 -0.357372 -0.486704
0.946826 -49.313042 -321.860964 -340.420385 -0.589041 -0.575268 -0.567536 -0.080113 0.740417 -0.667356 0.804122 -0.347634 -0.482223
-14.621876 -34.547702 2355.883932 145.856876 -0.255464 -0.833271 -0.490304 0.898131 -0.016798 -0.439407 0.357909 -0.552610 0.752678
-26.519931 -36.901431 1578.926182 -756.645454 0.090617 -0.859463 -0.503102 0.939238 0.241706 -0.243741 0.331089 -0.450446 0.829143
-15.141751 -34.176194 2307.277176 -327.853262 -0.244743 -0.845983 -0.473723 0.944859 -0.098456 -0.312326 0.217581 -0.524041 0.823431
-123.688198 -238.294554 7918.424829 1262.004266 -0.054514 0.103673 -0.993116 -0.617853 0.777822 0.115113 0.784402 0.619875 0.021652
-58.476075 -765.842984 23635.668156 128691.704599 0.353323 -0.562464 -0.747527 -0.106965 0.769535 -0.629582 0.929366 0.302405 0.211730
-94.630593 -155.144785 20904.862561 22217.038520 0.434222 -0.573678 -0.694510 -0.385590 0.578413 -0.718859 0.814108 0.579941 0.029955
-42.529496 -281.033584 2758.206077 55070.215825 -0.584610 0.687823 -0.430267 0.238582 -0.361136 -0.901476 0.775441 0.629666 -0.047021
-12.443375 -640.409521 4786.257695 118845.805145 -0.480923 0.534609 -0.694914 0.512263 -0.471904 -0.717561 0.711547 0.701070 0.046911
-1.370310 -150.446105 -1312.125021 -5481.418589 -0.640033 0.654719 -0.402121 0.414186 0.734800 0.537139 0.647154 0.177234 -0.741472
4.238096 -259.739159 -1136.646327 -33226.416958 -0.626338 0.654515 -0.423450 -0.021771 -0.557672 -0.829776 0.779247 0.510501 -0.363541
69.182359 -918.980193 -4992.191883 -172837.198982 -0.580749 0.582547 -0.568656 0.267898 -0.522860 -0.809227 0.768740 0.622300 -0.147587
-16.591410 -46.165180 2096.358125 -1835.663027 0.316240 0.890109 -0.328173 0.770191 -0.038920 0.636624 -0.553893 0.454082 0.697862
-7.863679 -43.601750 2656.757231 -2686.283143 0.435587 0.830871 -0.346290 0.678388 -0.050153 0.732990 -0.591653 0.554200 0.585499
-32.210129 -41.178358 275.150034 321.536942 -0.349075 -0.922173 -0.166564 0.934310 -0.356188 0.013943 -0.072185 -0.150755 0.985932
-28.994469 -39.946527 681.392837 566.352356 0.380236 0.924646 0.021231 0.923988 -0.380779 0.035417 -0.040832 -0.006150 0.999147
13.211812 -53.373953 -274.773569 3805.576231 -0.427815 0.780330 -0.456137 -0.003151 0.503360 0.864071 -0.903861 -0.371099 0.212886
21.316511 -53.272004 -2273.164419 3603.111584 -0.403083 0.749325 -0.525392 -0.000511 0.573912 0.818917 -0.915163 -0.330360 0.230951
23.580443 -60.911935 -3259.378502 1785.674331 -0.360117 0.722024 -0.590760 -0.237109 0.541613 0.806495 -0.902272 -0.430507 0.023846
17.663126 -17.585276 -2527.562674 1254.390715 -0.505512 -0.846510 0.166967 0.770074 -0.355365 0.529813 -0.389158 0.396404 0.831517
15.893830 -22.989189 -2032.914688 1207.397848 0.496318 0.825849 0.267661 0.624413 -0.553789 0.550841 -0.603139 0.106262 0.790526
11.958387 -26.107581 -1755.189762 279.358480 0.513426 0.824650 0.237375 0.506229 -0.514419 0.692174 -0.692911 0.235214 0.681578
27.107686 -20.723159 -1904.244495 1074.266161 0.452588 0.877968 0.156004 0.729261 -0.465104 0.501853 -0.513169 0.113365 0.850768
28.221365 -18.245339 2116.026893 1020.323447 0.488933 0.870278 -0.059677 0.770959 -0.399100 0.496328 -0.408126 0.288680 0.866082
-1.058096 -26.864953 126.239838 1130.510155 0.680763 0.517755 0.518161 -0.601136 -0.009323 0.799092 -0.418565 0.855478 -0.304894
-1.109974 -26.383185 107.470462 147.893439 0.689988 0.517206 0.506374 -0.570382 -0.042187 0.820295 -0.445624 0.854820 -0.265897
0.136840 -25.977030 172.546456 795.522015 0.700220 0.511883 0.497661 -0.589157 0.020612 0.807756 -0.403219 0.858808 -0.316012
1.045837 -38.025796 417.788464 9.076299 0.583453 0.560187 0.588025 0.796556 -0.253524 -0.548840 -0.158375 0.788616 -0.594140
0.476852 -37.959614 101.978280 227.711447 0.606359 0.574798 0.549487 0.730506 -0.129657 -0.670485 -0.314149 0.807958 -0.498512
2.564254 -38.603800 365.141375 418.075582 0.607511 0.571439 0.551714 0.749669 -0.182913 -0.636033 -0.262538 0.800000 -0.539512
4.175802 -39.027041 300.680305 119.561517 0.592745 0.584459 0.554130 0.791460 -0.295296 -0.535156 -0.149144 0.755783 -0.637612
4.380442 -38.240651 397.770384 17.839888 0.577471 0.577440 0.577140 0.816280 -0.395698 -0.420845 -0.014639 0.714133 -0.699857
0.887814 -37.555164 829.486306 -16.500069 0.554516 0.556664 0.618576 0.831896 -0.389981 -0.394796 0.021465 0.733512 -0.679338
1.767987 -76.969323 -121.859789 -878.006048 0.689542 0.678058 -0.254497 0.146255 -0.474523 -0.868008 0.709324 -0.561307 0.426373
-6.295451 -50.904729 460.285879 -979.129194 -0.724814 -0.528506 0.441957 -0.484223 0.847123 0.218887 -0.490075 -0.055353 -0.869921
-2.188657 -49.344113 765.416278 -1111.035123 -0.696572 -0.536138 0.476805 -0.509481 0.837525 0.197438 -0.505190 -0.105393 -0.856549
-3.406821 -52.135106 728.206451 -409.267907 -0.697172 -0.541658 0.469636 -0.400243 0.837571 0.371861 -0.594775 0.071283 -0.800726
-3.354414 -49.063285 664.394117 -1341.123301 -0.720009 -0.515817 0.464241 -0.569361 0.821548 0.029778 -0.396756 -0.242880 -0.885208
-6.436641 -53.944165 324.907043 207.388544 -0.727409 -0.537166 0.427000 -0.336935 0.821679 0.459693 -0.597788 0.190514 -0.778687
-7.560023 -48.199959 609.694178 -1265.066155 -0.738833 -0.512747 0.437283 -0.571504 0.820592 -0.003407 -0.357083 -0.252426 -0.899318
-8.370811 -49.312897 299.926909 -1152.759800 -0.748377 -0.519978 0.411771 -0.495879 0.850925 0.173295 -0.440496 -0.074499 -0.894658
-8.250056 -51.582744 276.146917 48.247424 -0.742073 -0.534030 0.405141 -0.385753 0.834509 0.393433 -0.548199 0.135672 -0.825270
90.733148 -22.947204 11883.696949 -141.002964 -0.210725 -0.875371 -0.435110 0.954990 -0.089283 -0.282882 0.208779 -0.475136 0.854785
73.525262 -22.421617 13254.445400 -539.764361 -0.234834 -0.793317 -0.561695 0.970029 -0.154154 -0.187830 0.062422 -0.588969 0.805741
-2.124789 -47.175267 238.703936 2771.845186 0.710491 0.638505 -0.295827 -0.487962 0.749922 0.446665 0.507046 -0.172999 0.844379
-2.123739 -47.726570 121.307046 2559.901717 0.727859 0.614835 -0.303644 -0.468330 0.769159 0.434811 0.500888 -0.174276 0.847785
-3.026023 -55.649243 212.095713 2573.805984 0.707169 0.649419 -0.279582 -0.374753 0.679582 0.630657 0.599560 -0.341207 0.723952
-2.875468 -57.900386 533.909131 3315.783756 0.682847 0.671157 -0.288564 -0.401491 0.674748 0.619290 0.610349 -0.307024 0.730213
-3.169697 -62.888101 266.701199 -1522.729085 0.692843 0.671131 -0.263727 0.248789 -0.565760 -0.786142 0.676810 -0.479061 0.558953
-4.012945 -61.823921 114.794850 -1634.978481 0.710448 0.653105 -0.262140 0.246798 -0.580052 -0.776293 0.659056 -0.486820 0.573282
-0.411183 -35.086229 675.615765 258.973713 0.526533 0.578553 0.622928 0.822722 -0.531388 -0.201877 0.214221 0.618792 -0.755782
