15074
30137
-23.463400 -36.480334 106.028097 3028.701041 -0.279126 -0.782724 -0.556266 0.912672 -0.396340 0.099725 -0.298528 -0.479853 0.824999
-28.291442 -43.745440 248.226045 2208.619391 0.277194 0.807068 0.521349 0.862860 -0.447791 0.234427 -0.422654 -0.384870 0.820511
-25.867260 -44.828812 585.048293 4613.273833 0.067765 -0.866601 -0.494378 0.929658 -0.125013 0.346566 -0.362138 -0.483088 0.797171
-23.271118 -35.620285 41.142127 2246.618457 -0.562485 -0.656237 -0.502955 0.774829 -0.630660 -0.043675 -0.288532 -0.414271 0.863208
-18.997509 -35.780030 1716.467166 4403.329821 -0.006294 -0.813288 -0.581828 0.975179 -0.133771 0.176438 -0.221327 -0.566276 0.793943
-20.405457 -28.802817 -48.950812 2053.174145 -0.548191 -0.637151 -0.541779 0.807835 -0.571100 -0.145761 -0.216538 -0.517574 0.827785
-4.850743 -22.292871 -2009.787130 3543.804458 -0.640821 -0.586729 -0.495072 0.750880 -0.344829 -0.563269 0.159772 -0.732695 0.661537
-2.644299 -24.679622 -2161.933958 4113.506583 -0.534716 -0.647987 -0.542394 0.835908 -0.311538 -0.451887 0.123840 -0.695023 0.708242
-9.029751 -34.860379 -824.358541 4663.522509 -0.387136 -0.657228 -0.646666 0.920057 -0.229591 -0.317465 0.060178 -0.717872 0.693569
-12.659838 -45.203452 -355.141951 4223.226590 -0.235424 -0.656471 -0.716674 0.970481 -0.198523 -0.136952 -0.052371 -0.727760 0.683829
-11.838386 -31.888493 -551.086585 3673.816603 -0.427444 -0.624508 -0.653668 0.899046 -0.217735 -0.379879 0.094911 -0.750054 0.654531
-86.673996 -98.596757 10957.268195 8153.925820 -0.396425 0.613541 0.682945 0.419556 -0.540597 0.729196 -0.816590 -0.575605 0.043109
-58.831753 -88.871047 11036.072357 2336.267587 -0.143556 0.675900 0.722877 0.319683 -0.659611 0.680232 -0.936587 -0.328743 0.121383
-89.326265 -99.260453 14053.062623 4577.844376 -0.291246 0.602104 0.743402 -0.157644 0.736260 -0.658080 -0.943570 -0.308856 -0.119515
-79.423462 -98.471645 -124.488171 625.191507 -0.620079 0.411448 0.667991 -0.235168 0.714813 -0.658588 -0.748464 -0.565467 -0.346481
-80.712074 -95.983894 3286.080397 -8906.369275 0.678388 -0.312319 -0.665016 -0.469867 0.511418 -0.719498 -0.564814 -0.800568 -0.200191
-1.292035 -31.598944 407.613898 -671.928381 0.507046 0.702794 0.498984 0.334121 0.373387 -0.865416 0.794523 -0.605527 0.045494
-1.558095 -30.371558 376.221685 121.995198 0.517811 0.693885 0.500396 0.254421 0.433550 -0.864467 0.816788 -0.574942 -0.047958
-1.027308 -30.158539 302.214877 318.536239 0.511964 0.704314 0.491767 0.194341 0.462672 -0.864966 0.836734 -0.538402 -0.099994
-1.727575 -32.079988 310.985099 1568.987195 0.529557 0.714485 0.457252 0.093453 0.486618 -0.868602 0.843111 -0.502706 -0.190922
-0.967918 -34.452273 -36.210420 -182.786786 0.541965 0.722381 0.429464 0.039789 0.488393 -0.871716 0.839458 -0.489528 -0.235950
0.354231 -33.948863 35.887516 1579.544119 0.316163 0.810537 0.493023 0.448572 -0.585637 0.675139 -0.835957 -0.007703 0.548741
0.893666 -31.445246 -16.546952 705.156026 0.327418 0.794138 0.511998 0.510599 -0.604640 0.611309 -0.795039 -0.061271 0.603456
-0.417469 -32.575563 -101.920941 1314.689977 0.322448 0.800400 0.505358 0.461702 -0.599048 0.654196 -0.826353 -0.022381 0.562708
3.872996 -52.434325 184.017248 1210.029558 0.588270 0.677954 0.440815 -0.162306 0.633007 -0.756940 0.792209 -0.373738 -0.482415
3.635932 -52.206930 -73.388535 -35.897756 0.603010 0.656702 0.452904 -0.013770 0.576222 -0.817177 0.797615 -0.486529 -0.356510
4.448444 -54.834252 -266.458987 -65.790243 0.593469 0.665190 0.453119 -0.044417 0.589191 -0.806772 0.803631 -0.458668 -0.379212
4.744845 -53.884344 -297.092915 1565.691197 0.585691 0.688002 0.428509 -0.222844 0.644984 -0.730983 0.779299 -0.332639 -0.531079
3.661975 -49.764504 242.694758 1551.286055 0.574513 0.703381 0.418558 -0.316328 0.662448 -0.679043 0.754899 -0.257717 -0.603084
-6.787015 -53.570983 -198.532274 -654.398346 0.073031 -0.873780 -0.480806 0.997329 0.064304 0.034627 0.000661 -0.482051 0.876143
-6.593626 -54.023606 270.987455 -349.180519 0.048077 -0.851587 -0.522004 0.994441 0.089824 -0.054947 0.093680 -0.516461 0.851171
-7.082815 -54.395286 -341.489443 59.780388 0.052952 -0.873715 -0.483548 0.978573 0.141885 -0.149209 0.198974 -0.465286 0.862507
-7.106339 -55.049188 370.065696 414.050020 0.022839 -0.846551 -0.531818 0.954703 0.176331 -0.239685 0.296682 -0.502254 0.812232
-7.768873 -55.728213 -165.278466 -120.115219 0.068403 -0.879953 -0.470110 0.971075 0.166776 -0.170876 0.228766 -0.444824 0.865909
-7.362200 -54.970551 -99.850347 174.214672 0.037216 -0.869649 -0.492266 0.918260 0.224093 -0.326466 0.394225 -0.439878 0.806904
5.759704 -84.399867 -314.142758 2713.058928 0.010923 0.921462 0.388316 -0.813061 -0.217872 0.539874 -0.582077 0.321621 -0.746824
3.760160 -82.236690 -946.642937 4257.231104 -0.009662 0.936819 0.349680 -0.876407 -0.176312 0.448135 -0.481475 0.302132 -0.822738
4.712206 -94.142287 -196.156890 -4586.249681 0.028011 0.925915 0.376691 0.940753 0.102979 -0.323079 -0.337935 0.363422 -0.868173
4.265330 -74.967327 -926.222747 2468.407510 -0.032579 0.927800 0.371653 -0.736557 -0.273640 0.618551 -0.675591 0.253592 -0.692292
7.114979 -85.779606 -285.821277 1721.417103 0.061055 0.919454 0.388428 -0.904312 -0.113763 0.411434 -0.422483 0.376380 -0.824528
7.843664 -82.735494 88.342012 257.195598 0.049501 0.902411 0.428023 -0.761216 -0.243355 0.601106 -0.646607 0.355573 -0.674884
5.834303 -83.493668 -465.213407 -1961.892794 -0.030385 0.896108 0.442794 -0.640758 -0.357462 0.679448 -0.767141 0.263079 -0.585050
0.627613 -24.736172 -1072.819883 -1288.658614 -0.477866 -0.697561 -0.533904 0.643657 0.135560 -0.753213 0.597788 -0.703585 0.384211
3.742258 -24.807236 -1425.271187 -1266.923106 -0.503155 -0.708638 -0.494638 0.568828 0.159325 -0.806877 0.650592 -0.687348 0.322928
4.120386 -24.487915 -1020.952748 -933.718117 -0.521817 -0.695148 -0.494445 0.617347 0.092278 -0.781260 0.588718 -0.712919 0.380996
14.305451 -29.679313 1834.155653 164.381290 -0.403036 0.882012 -0.244165 0.649438 0.463615 0.602736 -0.644819 -0.084354 0.759666
12.992824 -29.011497 1586.138469 329.287513 -0.396723 0.894886 -0.204427 0.593415 0.419936 0.686667 -0.700335 -0.151106 0.697637
12.150995 -29.196404 46.660314 149.428816 -0.420524 0.871351 -0.252798 0.580123 0.472470 0.663498 -0.697579 -0.132363 0.704176
13.583689 -29.485151 -799.177158 55.140658 -0.432572 0.860093 -0.270410 0.632108 0.503177 0.589281 -0.642900 -0.083978 0.761332
-2.252531 -59.487741 -424.679404 106.660390 -0.482769 -0.298379 0.823350 -0.516584 0.856205 0.007388 -0.707160 -0.421762 -0.567487
-1.608996 -62.034949 -409.979309 -1155.640617 -0.453675 -0.344896 0.821722 -0.378059 0.909474 0.173000 -0.807001 -0.232173 -0.542996
-0.299073 -57.571228 -198.160617 -1664.996895 -0.451000 -0.324633 0.831392 -0.466107 0.880058 0.090789 -0.761146 -0.346572 -0.548219
-1.508563 -56.791315 -174.457357 606.561159 -0.486108 -0.275695 0.829271 -0.581399 0.810483 -0.071359 -0.652437 -0.516826 -0.554271
-0.015792 -39.925151 -192.680368 -2507.638487 -0.131691 0.886096 0.444400 -0.469060 -0.450642 0.759543 -0.873293 0.108425 -0.474978
-0.168456 -38.469116 50.038267 -153.196136 -0.130364 0.876911 0.462636 -0.533928 -0.455270 0.712496 -0.835420 0.154131 -0.527558
-0.273148 -41.770463 136.988396 -2903.695234 -0.122550 0.876264 0.465985 -0.453881 -0.467031 0.758864 -0.882595 0.118503 -0.454954
1.052608 -90.291784 210.185734 7960.177288 -0.270762 -0.016567 0.962504 -0.170621 0.984848 -0.031045 -0.947405 -0.172629 -0.269486
-1.183702 -95.017240 301.007147 7854.066094 -0.241843 -0.056204 0.968686 -0.152102 0.988175 0.019361 -0.958320 -0.142657 -0.247532
-1.152235 -113.191064 876.521403 8190.499388 -0.232978 -0.050768 0.971156 -0.420618 0.905655 -0.053561 -0.876813 -0.420965 -0.232352
-5.256599 -130.250464 360.140265 9073.664723 -0.243154 -0.093338 0.965486 -0.609701 0.788854 -0.077288 -0.754414 -0.607451 -0.248722
-2.708890 -127.391539 729.088699 7207.462947 -0.222303 -0.082497 0.971481 -0.665802 0.740747 -0.089452 -0.712242 -0.666700 -0.219597
-0.573985 -135.411065 1217.543684 10325.796263 -0.212715 -0.044198 0.976114 -0.659862 0.743270 -0.110142 -0.720648 -0.667530 -0.187270
0.813221 -123.902539 500.822587 12033.674585 -0.247606 -0.034240 0.968256 -0.428278 0.900302 -0.077684 -0.869062 -0.433918 -0.237584
-15.768348 -21.572851 249.616317 484.655863 -0.382382 0.784696 0.487889 0.545383 0.617899 -0.566355 0.745883 -0.049523 0.664234
-14.789742 -20.194286 -499.783801 749.102083 -0.326629 0.778668 0.535715 0.526508 0.620615 -0.581056 0.784922 -0.092268 0.612685
-14.764402 -20.111522 257.538849 -294.663832 0.524758 -0.469951 -0.709772 0.289958 0.882616 -0.370018 0.800346 -0.011634 0.599426
-12.689182 -18.548965 1181.077506 -1014.745056 0.534338 -0.103034 -0.838968 0.070439 0.994519 -0.077274 0.842331 -0.017806 0.538667
-13.171149 -22.127458 828.029668 -1268.741323 0.558853 -0.132853 -0.818556 0.041092 0.990308 -0.132673 0.828248 0.040509 0.558896
-14.811686 -22.345946 -484.487661 -228.909897 0.541134 -0.596441 -0.592816 0.376056 0.802167 -0.463800 0.752167 0.028046 0.658375
-13.477786 -23.874446 27.568659 -1076.683166 0.594303 -0.327268 -0.734642 0.132115 0.940779 -0.312220 0.793315 0.088496 0.602345
2.298972 -277.714542 -1117.106817 9105.659837 0.391860 -0.009665 -0.919974 0.886380 0.271911 0.374694 0.246529 -0.962274 0.115118
8.505368 -296.886918 -2228.845231 -28171.675100 0.392694 -0.004621 -0.919658 0.905929 -0.170267 0.387687 -0.158378 -0.985387 -0.062677
3.994885 -315.879380 -1123.493793 -38245.993166 0.372095 -0.033575 -0.927587 0.902855 -0.218823 0.370094 -0.215403 -0.975187 -0.051109
1.245066 -257.837845 -482.680381 2845.658871 0.374624 -0.008018 -0.927142 0.905608 0.217598 0.364041 0.198826 -0.976005 0.088779
3.453124 -337.947043 31.085477 -57859.520456 0.379363 -0.006331 -0.925226 0.887419 -0.280521 0.365781 -0.261861 -0.959827 -0.100801
-3.680434 -29.613101 1714.811347 -1128.104486 0.163323 0.753286 0.637092 -0.071941 -0.634950 0.769196 -0.983946 0.171460 0.049510
1.718363 -27.966393 694.906537 -1262.376014 0.138330 0.741629 0.656393 -0.064055 -0.654677 0.753189 -0.988313 0.146234 0.043056
-0.962007 -23.464093 804.275435 -885.601988 0.152852 0.791061 0.592333 -0.159032 -0.571875 0.804778 -0.975369 0.217212 -0.038392
-6.986341 -26.320955 1700.028840 -1060.379844 0.163945 0.814292 0.556821 -0.157788 -0.535545 0.829635 -0.973768 0.223874 -0.040686
-9.447878 -28.392416 -205.889710 -458.166735 0.746679 0.626101 0.224653 0.664939 -0.693372 -0.277652 0.018070 -0.356697 0.934045
-8.255988 -30.123945 -198.591072 25.953736 0.740750 0.620134 0.258309 0.668755 -0.644266 -0.371063 0.063689 -0.447610 0.891958
-7.927501 -29.685435 -347.391973 82.519233 0.770834 0.602364 0.207300 0.629454 -0.670143 -0.393315 0.097998 -0.433666 0.895729
-9.129449 -29.260129 -197.391035 36.574080 0.793302 0.588108 0.157483 0.598110 -0.704490 -0.382046 0.113739 -0.397270 0.910626
-10.564914 -27.968734 -319.900312 -270.239594 0.783895 0.602289 0.150853 0.617131 -0.729090 -0.295935 0.068253 -0.325078 0.943221
-10.061401 -26.169183 -400.113453 -832.032432 0.746468 0.633177 0.204630 0.664637 -0.724389 -0.183081 -0.032309 -0.272669 0.961565
-10.157633 -27.069436 157.667460 -1175.971956 -0.698958 -0.665165 -0.262703 0.709181 -0.692067 -0.134558 -0.092305 -0.280355 0.955448
13.217824 -73.657623 122.557356 -8259.076435 0.876557 0.020878 -0.480845 -0.353379 0.706191 -0.613529 -0.326759 -0.707714 -0.626394
12.935243 -122.181671 -510.558176 -15884.601371 0.875125 0.144158 -0.461925 -0.373745 0.807700 -0.455999 -0.307361 -0.571698 -0.760717
11.423095 -103.483480 -262.879109 -10866.220450 0.863920 0.070138 -0.498721 -0.321214 0.839433 -0.438376 -0.387896 -0.538918 -0.747733
11.334579 -85.720553 -411.955113 -7728.892886 0.855767 -0.022877 -0.516855 -0.306950 0.781744 -0.542824 -0.416466 -0.623180 -0.661969
-30.164587 -37.867783 -791.438115 -794.634029 0.982330 -0.141146 -0.122909 0.169636 0.394010 0.903316 0.079072 0.908204 -0.410991
-27.702169 -37.626657 -1040.220362 -367.999034 0.966019 -0.073363 -0.247839 0.258469 0.272490 0.926792 0.000459 0.959358 -0.282192
-29.830449 -38.605577 -727.738259 14.296542 0.965429 -0.181662 -0.186938 0.224906 0.217983 0.949684 0.131772 0.958896 -0.251304
-28.742131 -37.733715 -809.806945 975.038936 0.934272 -0.192007 -0.300448 0.310982 0.026573 0.950044 0.174431 0.981034 -0.084537
-32.173599 -38.937091 -599.174031 619.603160 0.948024 -0.284191 -0.143129 0.184926 0.126027 0.974638 0.258945 0.950449 -0.172031
-32.278218 -38.558128 -510.130726 -568.304765 0.963057 -0.258749 -0.074627 0.165134 0.348522 0.922639 0.212723 0.900878 -0.378375
-3.327683 -26.264056 -4696.844192 -2943.477941 -0.286271 0.697937 0.656455 0.883600 0.457258 -0.100826 -0.370540 0.551180 -0.747597
-6.432191 -19.918057 -1157.569708 -4165.277250 -0.314757 0.681482 0.660689 0.842001 0.521774 -0.137060 -0.438135 0.513161 -0.738041
-12.321142 -21.317507 -2916.073524 -2816.950382 -0.384415 0.613272 0.690017 0.818406 0.572225 -0.052639 -0.427127 0.544478 -0.721877
3.671490 -28.367685 -2316.827379 -59.316678 -0.328938 0.944324 -0.007264 -0.782365 -0.276814 -0.557923 0.528871 0.177839 -0.829861
1.560250 -26.713802 -2437.574888 443.642766 -0.364522 0.930520 -0.035441 -0.816016 -0.337538 -0.469240 0.448600 0.142128 -0.882359
-3.284378 -26.300992 -1834.753434 191.012916 -0.309332 0.950808 0.016701 -0.795110 -0.248964 -0.553007 0.521645 0.184342 -0.833009
2.350679 -28.083829 -1745.536008 -126.960256 -0.280273 0.959257 0.035679 -0.738694 -0.191795 -0.646178 0.613008 0.207462 -0.762352
5.006486 -46.059667 -1074.707897 -5218.292395 -0.353577 0.760883 -0.544096 -0.591478 0.268761 0.760212 -0.724664 -0.590614 -0.355018
1.952894 -34.636723 -1542.541568 -881.403955 -0.390712 0.740091 -0.547367 -0.616451 0.231234 0.752674 -0.683617 -0.631503 -0.365884
6.143454 -33.486059 -1548.024571 -1442.268910 -0.373767 0.754282 -0.539775 -0.645906 0.205986 0.735102 -0.665661 -0.623400 -0.410205
10.576588 -46.281323 -913.275894 -6157.302251 -0.325975 0.796046 -0.509952 -0.626147 0.222342 0.747331 -0.708294 -0.562916 -0.425964
-4.873434 -23.253314 137.320170 -969.926634 -0.104043 0.966556 -0.234402 -0.868106 -0.203268 -0.452851 0.485352 -0.156370 -0.860222
-4.926662 -22.816313 160.451600 -483.031244 -0.064090 0.978845 -0.194308 -0.880544 -0.147093 -0.450562 0.469611 -0.142220 -0.871343
-4.141332 -21.388790 -11.261782 490.811870 -0.074218 0.971175 -0.226519 -0.857802 -0.178016 -0.482168 0.508594 -0.158524 -0.846288
-4.360048 -24.116107 -372.870494 -847.249241 -0.099290 0.955399 -0.278128 -0.879548 -0.214977 -0.424476 0.465335 -0.202480 -0.861664
-5.442195 -24.182178 28.547599 -1433.721066 -0.105360 0.963175 -0.247371 -0.898445 -0.198825 -0.391491 0.426258 -0.181002 -0.886308
-4.371475 -22.450795 -341.195243 -48.436087 -0.097279 0.956143 -0.276275 -0.842641 -0.226842 -0.488363 0.529616 -0.185294 -0.827752
3.962964 -61.925339 875.689554 -802.197559 -0.492473 0.819176 -0.293975 0.163503 -0.244681 -0.955719 0.854831 0.518732 0.013439
7.436799 -60.869821 552.269898 -1700.144043 -0.471327 0.840883 -0.266018 0.145108 -0.223577 -0.963824 0.869939 0.492878 0.016641
6.418204 -61.993262 1197.285897 -861.347145 -0.491604 0.824092 -0.281421 0.323614 -0.127137 -0.937609 0.808455 0.552004 0.204187
-1.535556 -70.768798 -34.911228 829.315960 -0.073938 0.982831 -0.169046 -0.210675 -0.181077 -0.960639 0.974756 0.035414 -0.220446
-1.390220 -75.646078 272.565525 3772.354327 -0.085008 0.983042 -0.162489 -0.032982 -0.165766 -0.985613 0.995834 0.078425 -0.046514
-1.473582 -81.211749 -370.655487 3357.759624 -0.047926 0.983457 -0.174688 -0.100643 -0.178754 -0.978733 0.993768 0.029326 -0.107545
-1.714037 -80.046389 -171.167656 -2630.775145 -0.071679 0.979232 -0.189647 -0.330507 -0.202713 -0.921777 0.941078 0.003392 -0.338174
-1.841800 -71.637298 -148.502387 -2984.660424 -0.079529 0.978112 -0.192282 -0.379063 -0.208076 -0.901674 0.921947 -0.001178 -0.387314
-6.519765 -52.428744 -88.794143 -316.792197 0.414894 -0.856481 0.307089 0.783368 0.164572 -0.599376 0.462815 0.489241 0.739219
-7.321643 -54.513879 -36.596748 -962.874477 -0.412388 0.861711 -0.295617 0.696190 0.088799 -0.712344 0.587584 0.499568 0.636535
-6.082609 -55.690084 488.466998 -1039.910728 -0.447852 0.837008 -0.314397 0.683160 0.093488 -0.724260 0.576819 0.539145 0.613679
-5.346828 -52.916900 -320.982572 -243.318386 0.435213 -0.838246 0.328533 0.777271 0.165669 -0.606963 0.454356 0.519517 0.723645
-5.384466 -50.283162 -215.107666 -42.256896 0.414614 -0.849991 0.324980 0.852721 0.238201 -0.464894 0.317745 0.469868 0.823567
-6.972159 -51.858743 296.219595 -163.890817 0.382822 -0.876134 0.292978 0.859483 0.221495 -0.460683 0.338727 0.428170 0.837816
49.610495 -30.105701 6435.622023 -837.615939 0.848614 -0.506392 -0.153044 0.127789 0.476959 -0.869586 -0.513347 -0.718386 -0.469465
42.183561 -26.730153 2536.336251 263.414640 -0.654355 0.698918 0.288674 -0.198632 -0.527210 0.826193 -0.729633 -0.483284 -0.483810
52.848107 -27.672736 2504.681775 900.327085 -0.660142 0.697952 0.277624 -0.107713 -0.453744 0.884598 -0.743377 -0.554057 -0.374714
49.902698 -26.166018 14050.994439 -1854.187744 0.942237 -0.327271 -0.071295 0.088139 0.447615 -0.889872 -0.323142 -0.832186 -0.450605
29.182712 -32.002540 9018.195057 591.773610 0.939171 -0.335913 -0.071560 0.149207 0.586720 -0.795925 -0.309348 -0.736832 -0.601151
-0.224911 -33.507806 -19.849722 610.038390 -0.461398 0.831842 -0.308466 -0.090850 0.301559 0.949109 -0.882529 -0.465941 0.063566
0.044143 -34.028563 -214.952967 460.424522 -0.456259 0.829606 -0.321840 -0.117379 0.302410 0.945923 -0.882071 -0.469364 0.040599
0.386232 -37.231109 -218.359719 1671.021114 -0.468574 0.827817 -0.308476 -0.181290 0.251646 0.950688 -0.864623 -0.501391 -0.032160
-0.142365 -36.215507 460.597173 1367.929094 -0.451372 0.846289 -0.282946 -0.157533 0.236531 0.958768 -0.878320 -0.477334 -0.026555
3.393814 -13.417813 791.641700 190.503739 0.911422 -0.381151 -0.155029 0.287736 0.859703 -0.422041 -0.294140 -0.340050 -0.893223
1.369930 -14.707466 310.549415 482.042332 0.924450 -0.332780 -0.186143 0.249297 0.896881 -0.365316 -0.288518 -0.291311 -0.912083
6.457498 -13.685128 532.333034 -106.936381 0.902905 -0.394634 -0.170374 0.299290 0.861681 -0.409794 -0.308526 -0.319014 -0.896126
4.206675 -14.225815 -34.127353 291.883382 -0.900523 0.393472 0.185037 0.316751 0.885184 -0.340761 -0.297872 -0.248252 -0.921761
4.905506 -71.113103 -404.575430 1539.724585 -0.438859 0.787877 -0.432033 0.614435 -0.087700 -0.784078 0.655647 0.609556 0.445611
5.972853 -69.186819 -355.566283 2009.890837 -0.442924 0.770220 -0.458889 0.591315 -0.133770 -0.795268 0.673917 0.623592 0.396193
3.806139 -65.989263 -543.709580 1918.036241 -0.443449 0.795476 -0.413002 0.446695 -0.203339 -0.871273 0.777056 0.570851 0.265164
7.847438 -123.527644 -1034.950330 -550.105685 0.295116 -0.861403 0.413391 0.827380 0.014010 -0.561467 0.477858 0.507729 0.716842
6.080407 -105.281543 877.610131 4252.574690 -0.371870 0.838759 -0.397738 0.652537 -0.068547 -0.754650 0.660234 0.540171 0.521831
9.582865 -118.720269 688.777459 7015.829549 -0.332213 0.866440 -0.372715 0.602022 -0.109412 -0.790948 0.726088 0.487146 0.485267
11.576733 -145.171371 422.691953 6349.530247 -0.283449 0.883311 -0.373388 0.724709 -0.057696 -0.686635 0.628055 0.465224 0.623790
-10.080764 -24.714394 362.797076 127.515189 -0.610770 0.765076 -0.204006 0.011410 -0.249116 -0.968407 0.791726 0.593802 -0.143423
-10.590282 -24.662395 160.774247 -63.825674 -0.605502 0.783086 -0.141927 -0.103761 -0.254492 -0.961492 0.789050 0.567459 -0.235350
-11.097981 -25.240347 -251.879253 -20.069104 -0.625842 0.765105 -0.151445 -0.051999 -0.234672 -0.970683 0.778215 0.599619 -0.186653
-11.109036 -24.823035 -385.849691 191.567130 -0.632023 0.757719 -0.162505 0.008875 -0.202607 -0.979220 0.774899 0.620332 -0.121328
-9.808127 -24.069740 -95.043604 -350.111556 -0.617283 0.754152 -0.224092 0.113493 -0.196497 -0.973914 0.778512 0.626613 -0.035704
-6.876741 -423.254452 -4134.990684 31702.706504 0.060123 0.769145 -0.636240 -0.814713 -0.330465 -0.476483 0.576739 -0.547000 -0.606764
22.210543 -1857.922457 -7922.609073 -526242.582629 0.093279 0.789748 -0.606297 0.994954 -0.051333 0.086208 0.036959 -0.611279 -0.790552
-22.200165 -558.613939 672.405374 -22658.259737 0.107243 0.827735 -0.550775 -0.779913 -0.273540 -0.562949 0.616632 -0.489929 -0.616226
6.983748 -76.677795 21.673438 621.532970 0.433517 -0.763439 0.478774 0.837281 0.144793 -0.527252 0.333202 0.629441 0.701983
6.918724 -80.024112 -13.512046 639.651264 0.420311 -0.773175 0.474909 0.896094 0.271401 -0.351221 0.142664 0.573186 0.806911
6.725563 -80.369426 -511.779514 834.179648 0.433507 -0.742336 0.510890 0.893247 0.279056 -0.352474 0.119088 0.609151 0.784062
6.235687 -76.655896 -336.705386 1530.069899 0.446712 -0.737692 0.506220 0.826460 0.123543 -0.549273 0.342654 0.663738 0.664861
5.373400 -77.624093 -346.972175 812.091444 0.450773 -0.726159 0.519130 0.877746 0.254793 -0.405763 0.162378 0.638571 0.752237
-7.985497 -22.565966 -67.698462 -268.627407 -0.577810 0.751966 -0.317305 0.295599 -0.169571 -0.940142 0.760761 0.637018 0.124301
-8.933648 -23.350530 -589.978066 -469.664910 -0.602592 0.758769 -0.247291 0.204293 -0.152879 -0.966898 0.771458 0.633165 0.062888
-7.577058 -22.425900 -695.459767 -303.161813 -0.607848 0.755459 -0.244547 0.268644 -0.094160 -0.958626 0.747229 0.648395 0.145714
-8.918727 -23.259746 200.710464 -526.768709 -0.581052 0.759861 -0.291529 0.206413 -0.208902 -0.955905 0.787256 0.615606 0.035463
-6.413115 -21.164482 -190.697503 -75.221793 -0.580465 0.749968 -0.317189 0.363467 -0.109939 -0.925097 0.728665 0.652274 0.208773
-6.891912 -21.512765 543.998178 -28.337579 -0.549396 0.742662 -0.382906 0.385906 -0.180930 -0.904622 0.741108 0.644762 0.187196
-8.116080 -22.294100 560.347516 -312.184814 -0.552350 0.746171 -0.371671 0.310362 -0.229729 -0.922443 0.773683 0.624863 0.104692
5.452678 -28.711998 166.836960 147.371144 -0.021999 0.960124 -0.278708 0.783650 -0.156549 -0.601154 0.620813 0.231635 0.748957
3.766977 -29.022923 511.610695 -103.773225 -0.081136 0.958234 -0.274234 0.760716 -0.118240 -0.638225 0.643994 0.260397 0.719350
7.518343 -29.858246 135.819807 -128.443433 -0.035922 0.967309 -0.251043 0.720322 -0.149063 -0.677434 0.692709 0.205167 0.691419
8.677116 -28.966983 522.796395 -47.240559 -0.012924 0.962487 -0.271020 0.789073 -0.156661 -0.593987 0.614163 0.221531 0.757448
-5.751719 -19.179163 623.698535 -66.899678 -0.392012 0.913970 0.104814 -0.220021 0.017483 -0.975339 0.893262 0.405406 -0.194239
-2.986125 -18.910633 573.820456 -195.314605 -0.416527 0.906829 0.064553 -0.201895 -0.023034 -0.979136 0.886422 0.420870 -0.192678
-4.316320 -18.652950 517.687057 -101.994449 -0.404231 0.909977 0.092406 -0.157544 0.030248 -0.987049 0.900987 0.413554 -0.131134
-7.475149 -19.213190 676.062171 -63.213682 -0.375598 0.914072 0.152965 -0.168461 0.094964 -0.981123 0.911343 0.394277 -0.118317
14.965292 -80.461353 2744.840501 8643.823496 -0.195137 0.224094 0.954832 0.923445 -0.285995 0.255844 0.330410 0.931659 -0.151131
19.396146 -61.376094 2324.644379 1565.458235 -0.303889 0.240863 0.921757 0.813937 -0.437191 0.382584 0.495135 0.866515 -0.063189
9.387904 -59.127698 613.329742 522.594136 -0.317347 0.205649 0.925743 0.836816 -0.398522 0.375392 0.446128 0.893806 -0.045620
-10.308317 -23.735327 -48.902692 156.342120 -0.234259 0.961363 0.144583 -0.294349 0.071602 -0.953012 0.926543 0.265809 -0.266203
-10.315943 -22.179660 -129.105524 163.442412 -0.227728 0.935310 0.270804 -0.262395 0.208877 -0.942082 0.937704 0.285596 -0.197854
-9.580146 -23.507076 -157.659054 194.126956 -0.199564 0.943335 0.265127 -0.227422 0.218592 -0.948945 0.953128 0.249671 -0.170912
-9.700351 -24.796835 -176.132832 -47.405096 -0.197461 0.966002 0.166880 -0.240509 0.117291 -0.963534 0.950350 0.230396 -0.209172
-32.571917 -52.418912 450.958887 2683.699597 -0.092707 0.910112 0.403859 0.847976 -0.140419 0.511096 -0.521864 -0.389845 0.758735
-29.257189 -47.720804 -156.614277 1239.981534 0.361108 0.787109 0.500061 0.768762 -0.554800 0.318124 -0.527832 -0.269550 0.805442
-33.950812 -49.912601 574.377386 919.337388 0.127050 0.879118 0.459357 0.795078 -0.367153 0.482752 -0.593051 -0.303891 0.745615
-27.000832 -42.404068 -233.154415 2367.921228 0.537639 0.696112 0.475786 0.750878 -0.651976 0.105399 -0.383571 -0.300590 0.873223
4.295296 -14.663327 3521.037861 2234.217237 0.787792 0.514997 0.337879 0.589438 -0.471157 -0.656181 0.178737 -0.716093 0.674733
2.694247 -18.188528 -2162.434085 1944.925051 -0.605950 -0.622759 -0.494970 0.790651 -0.402863 -0.461055 0.087721 -0.670725 0.736500
-69.451506 -95.287373 13882.452396 -9693.505338 -0.138182 0.751692 0.644876 -0.126118 -0.659176 0.741337 -0.982344 -0.021109 -0.185888
-22.658902 -91.038333 5815.842465 -8854.668685 -0.162466 0.728585 0.665408 0.021643 -0.671574 0.740621 -0.986477 -0.134727 -0.093339
37.716991 -42.833867 -1429.875431 -6776.267659 0.351844 -0.096560 -0.931065 0.795185 -0.493937 0.351721 -0.493849 -0.864120 -0.097006
31.839648 -38.707724 -3591.323884 -6326.317327 0.285332 -0.287201 -0.914386 0.796419 -0.459714 0.392913 -0.533201 -0.840344 0.097561
38.988698 -80.927601 -2255.655106 -12836.055702 0.421517 -0.180610 -0.888652 0.815819 -0.352340 0.458580 -0.395932 -0.918279 -0.001172
35.478359 -22.192727 -2337.264334 -3011.962041 0.218110 -0.136878 -0.966278 0.777930 -0.573465 0.256830 -0.589281 -0.807714 -0.018597
40.413485 -85.169483 1305.037785 -14565.541868 0.449488 -0.017456 -0.893116 0.810525 -0.412322 0.415980 -0.375512 -0.910871 -0.171185
36.586575 -61.108359 1770.693859 -10111.631144 0.431904 0.070510 -0.899159 0.789408 -0.511738 0.339057 -0.436227 -0.856244 -0.276683
38.368612 -28.279050 498.040716 -3479.601437 0.314571 0.027094 -0.948847 0.779376 -0.577985 0.241882 -0.541866 -0.815597 -0.202933
105.685445 -48.804135 12189.470620 -2034.545691 -0.078743 0.731705 -0.677058 0.618701 0.568408 0.542330 -0.781671 0.376192 0.497464
121.358107 -61.302404 12716.688615 -1549.006685 -0.293347 0.823662 -0.485313 0.685094 0.535182 0.494193 -0.666779 0.187515 0.721279
105.895134 -46.689477 7087.253283 -1172.645133 -0.136465 0.808117 -0.572996 0.571563 0.536655 0.620739 -0.809131 0.242795 0.535124
-1.815443 -27.336874 147.482248 156.342110 0.502135 0.677116 0.537936 0.489000 0.290731 -0.822408 0.713260 -0.676010 0.185123
-2.320887 -29.518578 -214.390994 707.223952 0.523917 0.671745 0.523707 0.419244 0.331839 -0.845054 0.741448 -0.662300 0.107769
-1.328341 -29.665261 464.015433 1335.294898 0.507682 0.696183 0.507532 0.373344 0.353136 -0.857852 0.776449 -0.625000 0.080635
-2.442980 -29.008338 768.336013 -728.735608 -0.523082 -0.649730 -0.551577 0.539467 0.248623 -0.804463 0.659818 -0.718358 0.220458
0.121102 -27.198945 1053.577879 568.662194 0.494570 0.707253 0.505166 0.441866 0.295903 -0.846874 0.748435 -0.642054 0.166166
-1.765739 -26.732082 33.019858 -1641.221908 -0.501569 -0.670324 -0.546895 0.607445 0.177236 -0.774337 0.615986 -0.720592 0.318289
-0.430371 -26.534565 -859.644376 -1417.738261 -0.503458 -0.705320 -0.499053 0.553548 0.180185 -0.813092 0.663411 -0.685607 0.299713
-1.672973 -30.594182 -555.737566 1706.490112 0.316243 0.788525 0.527464 0.452006 -0.614073 0.646997 -0.834075 -0.033809 0.550614
-2.168094 -30.043698 -405.566231 1618.688874 0.343385 0.771893 0.535040 0.479056 -0.633951 0.607134 -0.807831 -0.047833 0.587470
-2.348108 -31.244441 -647.008829 1913.994280 0.314490 0.798340 0.513565 0.414538 -0.602204 0.682282 -0.853964 0.001678 0.520329
4.246431 -52.538083 -330.014642 -1364.944977 0.599749 0.644765 0.473898 0.114645 0.516885 -0.848343 0.791933 -0.563123 -0.236082
3.225148 -49.690146 -411.691443 -1440.206544 0.617931 0.630027 0.470348 0.148638 0.493832 -0.856759 0.772055 -0.599329 -0.211508
-6.129296 -52.348915 120.547172 -737.079256 0.058794 -0.849119 -0.524918 0.995858 0.013360 0.089931 -0.069350 -0.528032 0.846388
-6.613549 -55.252482 142.902835 -241.347703 0.034518 -0.843681 -0.535734 0.995060 0.078939 -0.060200 0.093080 -0.531010 0.842238
3.685397 -74.914162 -773.058939 5439.290630 -0.038688 0.935656 0.350788 -0.808006 -0.235831 0.539917 -0.587902 0.262550 -0.765139
0.525992 -25.111167 342.045387 -75.464761 0.662317 0.660413 0.353825 0.620297 -0.218481 -0.753325 0.420201 -0.718416 0.554355
-1.901072 -27.427963 -231.438227 160.086040 0.710933 0.631187 0.310124 0.618808 -0.351927 -0.702299 0.334141 -0.691195 0.640780
-1.176583 -24.741380 168.008620 -698.323785 0.675929 0.648069 0.350894 0.648621 -0.297097 -0.700732 0.349873 -0.701242 0.621167
-0.293515 -22.936030 -364.638329 -1395.844297 -0.606584 -0.675324 -0.419515 0.696182 -0.196390 -0.690479 0.383909 -0.710893 0.589275
17.777804 -29.749853 2098.463570 371.064752 -0.406751 0.899487 -0.159615 0.672110 0.412988 0.614580 -0.618726 -0.142702 0.772538
18.205452 -29.505719 1525.039448 369.013070 -0.412864 0.904777 -0.104505 0.622908 0.364210 0.692341 -0.664476 -0.220746 0.713963
12.570298 -29.222545 1280.659424 39.301166 -0.403820 0.901434 -0.156033 0.528624 0.369123 0.764398 -0.746650 -0.226197 0.625579
-1.623289 -62.482037 -371.515318 -855.410672 -0.460342 -0.333085 0.822885 -0.435144 0.892611 0.117878 -0.773779 -0.303809 -0.555847
-1.509689 -67.508855 -170.206362 -1613.551048 -0.439620 -0.355623 0.824783 -0.275495 0.927405 0.253028 -0.854890 -0.115988 -0.505678
-1.214034 -69.021477 -289.289631 -2632.523507 -0.436622 -0.355684 0.826347 -0.205221 0.933686 0.293452 -0.875926 -0.041457 -0.480662
-10.893684 -56.305483 -407.784357 679.037165 -0.132876 0.858409 0.495458 0.129276 0.510630 -0.850026 0.982666 0.048897 0.178823
-11.073638 -53.684909 -193.164862 1061.586056 -0.104828 0.849807 0.516565 0.213865 0.526538 -0.822812 0.971222 -0.024222 0.236939
-10.713848 -52.080977 -260.048657 26.041798 -0.104250 0.851565 0.513780 0.066188 0.521390 -0.850748 0.992346 0.054685 0.110719
-11.847353 -58.305043 -570.816624 1084.012046 -0.110186 0.856557 0.504152 0.357944 0.507402 -0.783849 0.927219 -0.094089 0.362509
-10.536295 -53.897916 -55.820715 -142.087343 -0.129598 0.860099 0.493391 -0.081066 0.486731 -0.869783 0.988247 0.152720 -0.006645
-9.817418 -52.208392 145.147486 95.010239 -0.174824 0.853496 0.490898 -0.038445 0.492279 -0.869588 0.983849 0.170898 0.053250
0.897104 -71.646770 -335.408533 5574.979958 -0.276270 0.003017 0.961075 0.080386 0.996564 0.019979 -0.957712 0.082777 -0.275563
0.721482 -76.043218 99.211155 6435.597602 -0.256545 -0.029466 0.966083 0.094038 0.994032 0.055290 -0.961947 0.105033 -0.252243
9.615213 -87.365701 -821.924254 -3967.078072 0.504452 0.172242 -0.846085 0.625910 0.602060 0.495743 0.594781 -0.779652 0.195903
7.232439 -85.913222 743.861714 -3215.293901 0.418047 0.197987 -0.886588 0.704965 0.544830 0.454075 0.572940 -0.814838 0.088191
5.886520 -82.520964 -462.389326 -4765.968842 0.490113 0.189476 -0.850816 0.761060 0.382835 0.523666 0.424944 -0.904177 0.043430
6.722085 -87.867828 -893.925311 -4337.432137 0.533660 0.187408 -0.824673 0.720065 0.410716 0.559302 0.443524 -0.892295 0.084236
-14.994156 -22.887988 -40.397609 564.732284 -0.292433 0.836894 0.462701 0.629763 0.532654 -0.565401 0.719640 -0.126050 0.682810
-13.537703 -22.284431 -708.547794 765.213789 -0.247161 0.822100 0.512897 0.604109 0.544590 -0.581785 0.757604 -0.166051 0.631240
6.142586 -37.036192 674.228719 -1545.196994 0.109548 0.709302 0.696341 0.142775 -0.704521 0.695173 -0.983674 -0.023265 0.178449
5.539562 -40.805821 1284.703225 -911.569221 0.128086 0.730900 0.670357 0.284102 -0.674639 0.681285 -0.950200 -0.103187 0.294062
9.580888 -42.105901 611.252579 -1043.476280 0.078206 0.711750 0.698066 0.281544 -0.687476 0.669410 -0.956356 -0.144184 0.254154
0.722848 -37.812351 1368.630786 1268.677745 0.147521 0.705030 0.693664 -0.160484 0.709106 -0.686596 -0.975952 -0.010035 0.217754
3.710024 -32.511365 659.206626 -1604.539450 0.126857 0.713815 0.688750 0.028146 -0.696670 0.716839 -0.991522 0.071550 0.108468
23.289848 -24.701823 -2117.992112 -1212.687501 0.121707 -0.729121 -0.673476 0.928654 -0.155896 0.336598 -0.350413 -0.666393 0.658127
13.894771 -24.467541 -2922.707256 -829.679167 0.093067 -0.784940 -0.612543 0.953233 -0.107432 0.282498 -0.287551 -0.610187 0.738232
20.342383 -29.013918 -1617.899768 -270.518863 0.216860 -0.719560 -0.659701 0.949973 -0.000050 0.312333 -0.224775 -0.694431 0.683551
-6.916680 -29.925525 -298.642763 133.486193 0.775619 0.593030 0.216171 0.614940 -0.632708 -0.470669 0.142348 -0.497992 0.855419
0.418796 -57.737122 -223.371277 -2160.253404 0.146047 -0.919888 -0.363973 0.956992 0.038145 0.287595 -0.250671 -0.390322 0.885897
-0.225215 -53.636609 -840.085677 223.850906 0.097568 -0.930944 -0.351885 0.928345 -0.042297 0.369306 -0.358687 -0.362703 0.860111
-1.577198 -54.407197 -708.596247 -1457.108470 0.130864 -0.927684 -0.349682 0.974026 0.054562 0.219766 -0.184794 -0.369359 0.910728
-1.142142 -60.857116 -405.115355 -2063.827812 0.178373 -0.915689 -0.360134 0.983961 0.166716 0.063454 0.001936 -0.365676 0.930740
26.193759 -207.589702 -2384.166954 15779.061751 0.106900 0.832757 0.543221 0.181327 -0.553517 0.812858 -0.977595 -0.011606 0.210173
19.789813 -173.835557 -2984.577669 11446.473976 0.009538 0.799991 0.599937 0.498664 -0.523843 0.690596 -0.866743 -0.292580 0.403923
16.218275 -159.134071 -2263.793826 -2235.012450 -0.000819 0.811994 0.583665 0.083769 -0.581558 0.809180 -0.996485 -0.049556 0.067544
17.741593 -166.451881 -1620.636281 -4129.023235 0.076306 0.828021 0.555481 -0.209033 -0.531440 0.820900 -0.974927 0.178754 -0.132531
12.401256 -66.443317 763.032040 -11046.310888 0.914191 0.050328 -0.402146 -0.340109 0.634901 -0.693705 -0.220410 -0.770953 -0.597538
12.747378 -130.246436 57.098285 -21488.199470 0.892683 0.152208 -0.424204 -0.378647 0.763767 -0.522769 -0.244423 -0.627291 -0.739435
-6.345696 -43.698543 -2999.516522 187.055271 0.450142 0.651953 0.610188 -0.341661 -0.505590 0.792242 -0.825009 0.565098 0.004840
6.741878 -42.223241 2272.079672 -1635.816076 0.551692 0.635922 0.539665 -0.393720 -0.371845 0.840664 -0.735269 0.676265 -0.045231
2.203084 -41.183843 555.629843 -345.393711 0.515529 0.658017 0.548857 -0.421241 -0.363170 0.831062 -0.746181 0.659637 -0.089959
77.077559 -32.133270 19392.717718 -902.123960 0.752674 0.600977 0.268902 -0.300900 -0.049283 0.952381 -0.585612 0.797745 -0.143740
-25.590981 -36.607276 -740.736547 -396.912155 0.939645 -0.003069 -0.342137 0.327844 0.294210 0.897752 -0.097905 0.955736 -0.277459
-24.686835 -36.768182 -934.866258 97.401975 0.919909 -0.028887 -0.391066 0.391051 0.141541 0.909420 -0.029082 0.989511 -0.141502
-4.335938 -24.489714 638.554194 -7175.974531 -0.146427 0.740716 0.655667 0.870522 0.411295 -0.270236 -0.469840 0.531203 -0.705035
-6.295206 -10.774389 83.706759 -692.124494 0.029801 0.819919 0.571703 0.893411 0.234645 -0.383090 -0.448250 0.522182 -0.725532
-8.928668 -15.008586 -2990.573679 450.468839 0.122898 0.845069 0.520341 0.871759 0.158640 -0.463540 -0.474270 0.510580 -0.717200
-5.363128 -23.548745 -2000.128865 653.099254 -0.409189 0.911790 -0.034698 -0.817863 -0.383366 -0.429105 0.404556 0.147207 -0.902588
1.254777 -24.143392 -2615.699323 891.577942 -0.438303 0.895706 -0.074845 -0.826497 -0.434359 -0.358100 0.353262 0.095097 -0.930678
1.042789 -41.599554 -864.636561 -3669.614158 -0.355690 0.750988 -0.556329 -0.564604 0.301699 0.768245 -0.744786 -0.587363 -0.316699
-1.963110 -35.782236 -1269.938570 505.299125 -0.395925 0.745667 -0.535933 -0.597287 0.234181 0.767077 -0.697490 -0.623810 -0.352659
8.669445 -22.222373 -1105.480800 386.271956 -0.530415 0.845133 -0.066409 -0.819434 -0.531204 -0.215293 0.217228 0.059777 -0.974289
15.205164 -20.275802 -312.711091 892.324616 -0.570123 0.819969 -0.051098 -0.814747 -0.572294 -0.093093 0.105576 0.011442 -0.994345
8.846218 -19.143608 -1978.081122 331.700973 -0.661903 0.734069 -0.151749 -0.727022 -0.677983 -0.108525 0.182548 -0.038492 -0.982443
15.523841 -18.668179 -1882.985125 617.764393 -0.660981 0.735189 -0.150337 -0.742197 -0.670046 -0.013515 0.110669 -0.102646 -0.988542
1.480085 -19.992900 -1824.085542 300.600864 -0.645220 0.750146 -0.144818 -0.724056 -0.660889 -0.197404 0.243791 0.022513 -0.969566
2.467432 -19.249007 -1388.280273 44.861296 -0.792835 0.579363 -0.189081 0.569147 0.814818 0.110194 0.217909 -0.020249 -0.975759
7.227136 -19.290105 -1825.148282 -183.855448 -0.785058 0.584985 -0.203655 0.592072 0.805296 0.030813 0.182028 -0.096389 -0.978558
-0.908321 -40.978286 -299.468284 1487.876176 -0.231168 0.965467 -0.120147 0.939852 0.189683 -0.284076 0.251476 0.178589 0.951244
-0.844076 -39.771464 147.596455 1419.983841 -0.265136 0.955150 -0.131879 0.943729 0.229024 -0.238585 0.197681 0.187715 0.962125
-0.245340 -42.116231 275.159118 621.279961 0.261719 -0.958237 0.115256 0.961544 0.248572 -0.116815 0.083287 0.141397 0.986443
-1.238808 -78.358658 -621.787878 1597.924484 -0.066652 0.989139 -0.131004 0.175558 -0.117621 -0.977417 0.982210 0.088146 0.165811
-2.448606 -70.022094 -59.522714 2097.782433 -0.109081 0.984763 -0.135437 0.092707 -0.125577 -0.987743 0.989700 0.120300 0.077597
-1.453720 -72.908742 -321.354354 235.744920 -0.098524 0.989198 -0.108537 0.323867 -0.071256 -0.943415 0.940959 0.128101 0.313348
-7.932185 -57.740256 -34.481995 -1026.643323 -0.393847 0.871706 -0.291571 0.631185 0.025885 -0.775201 0.668199 0.489345 0.560402
-8.190686 -58.877448 288.177942 -1010.239888 -0.389699 0.879188 -0.274159 0.521179 -0.034898 -0.852733 0.759280 0.475196 0.444615
-7.937837 -60.165067 -196.658363 -548.887727 -0.400071 0.874161 -0.275291 0.454388 -0.071666 -0.887917 0.795911 0.480319 0.368536
30.979955 -24.153748 7222.965335 -587.562528 -0.448362 0.838914 0.308538 -0.306742 -0.468623 0.828433 -0.839572 -0.276796 -0.467443
47.237718 -27.033234 9328.550900 274.428243 -0.439831 0.837925 0.323156 -0.182369 -0.435664 0.881441 -0.879369 -0.328752 -0.344430
29.601396 -23.296052 5158.719240 -583.828062 -0.539921 0.773453 0.332047 -0.334150 -0.559030 0.758834 -0.772547 -0.298757 -0.560281
-5.799913 -28.293113 -258.017273 -650.231600 -0.439438 0.894936 -0.077352 -0.421053 -0.129149 0.897794 -0.793479 -0.427094 -0.433569
-5.481510 -28.780236 236.710109 -418.182190 -0.435564 0.895422 -0.092219 -0.423339 -0.113354 0.898852 -0.794398 -0.430547 -0.428440
-5.497537 -30.720140 -90.068587 -815.320261 -0.450132 0.889849 -0.074498 -0.316958 -0.081222 0.944955 -0.834817 -0.448967 -0.318606
-3.482277 -33.335985 469.291472 383.558912 0.396368 -0.912063 0.105035 0.911635 0.377452 -0.162642 0.108694 0.160220 0.981079
-1.055329 -34.974309 583.692619 393.239048 0.370817 -0.924143 0.091943 0.920860 0.353037 -0.165475 0.120463 0.146027 0.981919
-3.209950 -32.064411 -553.023455 -111.936829 -0.362019 0.926623 -0.101543 0.912372 0.329890 -0.242382 0.191099 0.180393 0.964852
-4.812468 -29.623507 252.249722 -368.240913 0.358683 -0.924001 0.132543 0.918607 0.324172 -0.225994 0.165852 0.202815 0.965070
-5.137696 -31.754201 257.099858 304.359180 0.407020 -0.904788 0.125272 0.907324 0.384666 -0.169692 0.105347 0.182730 0.977503
-4.391876 -33.244637 311.070754 1335.940524 0.427894 -0.896661 0.113604 0.902727 0.417777 -0.102694 0.044621 0.146496 0.988204
0.568624 -57.799245 -80.005561 111.537828 -0.471652 0.802466 -0.365504 0.069847 -0.379203 -0.922673 0.879014 0.460710 -0.122802
2.381143 -60.122451 -399.888816 1153.456765 -0.456793 0.793849 -0.401426 0.252491 -0.316996 -0.914200 0.852988 0.518957 0.055638
1.724545 -55.912198 -309.043558 54.840278 -0.466751 0.792454 -0.392633 0.077321 -0.405695 -0.910732 0.881002 0.455444 -0.128085
-0.204530 -57.671231 -56.436844 -1405.332042 -0.469087 0.807997 -0.356510 -0.060892 -0.432309 -0.899667 0.881050 0.400313 -0.251990
0.545995 -57.766159 -45.643079 -968.970723 -0.476216 0.798144 -0.369032 -0.122245 -0.475691 -0.871076 0.870789 0.369708 -0.324101
2.251872 -53.128568 -221.327930 -257.299802 -0.472714 0.783418 -0.403482 0.036503 -0.440068 -0.897222 0.880460 0.438857 -0.179429
9.081385 -97.612882 1054.136051 8360.189757 -0.405148 0.852466 -0.330388 0.332519 -0.199230 -0.921813 0.851638 0.483331 0.202743
6.287846 -88.871443 1096.690521 5626.306904 -0.436449 0.824571 -0.359994 0.446418 -0.148927 -0.882345 0.781168 0.545806 0.303104
