14840
29668
-58.950448 -100.174357 -6024.906528 -21162.417077 0.179676 0.083244 0.980197 -0.343760 0.938909 -0.016725 -0.921708 -0.333947 0.197315
-70.106747 -107.357524 -4498.534028 -15012.862411 0.258329 -0.034036 0.965457 -0.213088 0.972757 0.091310 -0.942263 -0.229315 0.244038
-60.435196 -127.009226 -6743.609696 -19272.866113 0.146902 0.189881 0.970755 -0.186296 0.969150 -0.161375 -0.971449 -0.157141 0.177745
-60.687916 -85.811938 490.252657 -15379.789081 0.424714 -0.425237 0.799245 -0.168234 0.830377 0.531199 -0.889559 -0.360068 0.281133
-32.325696 -119.236382 -11976.727138 -25863.096598 0.079467 0.109894 0.990761 -0.316676 0.945201 -0.079441 -0.945199 -0.307437 0.109913
-50.646940 -87.642199 -8472.984068 -20896.931374 0.110566 0.096185 0.989204 -0.428955 0.902448 -0.039804 -0.896534 -0.419923 0.141039
-55.013707 -67.009471 3937.761881 -5843.184256 0.484539 -0.634588 0.602096 -0.116997 0.635095 0.763522 -0.866910 -0.440400 0.233483
-27.388394 -106.181130 8972.745003 28217.824593 0.053089 -0.441492 0.895693 0.046921 0.897070 0.439390 -0.997487 0.018700 0.068340
-40.249038 -129.686234 -2686.677120 -5225.417283 -0.002934 -0.411355 0.911470 -0.174226 0.897744 0.404600 -0.984701 -0.157615 -0.074303
-25.823968 -130.684002 12962.665290 7002.811406 0.109669 -0.337713 0.934838 -0.086007 0.933760 0.347413 -0.990240 -0.118503 0.073359
-9.062009 -102.085093 23324.541873 41096.191892 0.172246 -0.384466 0.906927 0.172080 0.918275 0.356595 -0.969907 0.094642 0.224328
85.015945 -171.863604 -6001.103320 2221.947310 -0.159441 0.159786 -0.974190 0.729939 0.683473 -0.007362 0.664656 -0.712273 -0.225608
81.333009 -160.930057 -4680.990755 -8672.388286 -0.175920 0.138939 -0.974550 0.881680 0.462550 -0.093211 0.437827 -0.875639 -0.203872
86.133056 -155.194551 1564.017225 -917.869601 -0.105114 0.047476 -0.993326 0.809759 0.583910 -0.057780 0.577270 -0.810429 -0.099821
101.325443 -132.757233 18399.960256 -2896.264134 -0.047413 0.025895 -0.998540 0.801393 0.597713 -0.022552 0.596256 -0.801292 -0.049092
94.519204 -141.481052 10744.609170 4912.910529 -0.020624 0.049734 -0.998550 0.720864 0.692799 0.019617 0.692769 -0.719414 -0.050140
88.692679 -161.905429 1406.829528 2984.565372 -0.052413 0.107919 -0.992777 0.636464 0.769680 0.050065 0.769523 -0.629243 -0.109028
35.976430 -101.799686 -6703.309003 -15208.595819 -0.104647 -0.692788 0.713508 0.043951 0.713524 0.699250 -0.993538 0.104534 -0.044219
34.939171 -112.904419 -1285.955157 -16498.744325 0.124018 0.709366 -0.693844 0.092771 0.687891 0.719861 -0.987934 0.153644 -0.019502
33.938761 -116.832255 226.763408 -4575.923298 0.122510 0.717919 -0.685261 0.201617 0.658062 0.725469 -0.971773 0.227037 0.064125
35.519288 -109.615145 483.057019 -7562.206342 0.051168 0.704482 -0.707874 0.189972 0.688995 0.699426 -0.980455 0.170264 0.098578
43.087175 -91.845474 -2126.363867 -15867.525062 -0.016525 -0.671813 0.740536 0.000459 0.740632 0.671911 -0.999863 0.011444 -0.011930
32.946144 -70.433076 2462.338023 718.914845 0.349636 0.160704 0.923000 -0.662116 0.739391 0.122076 -0.662840 -0.653816 0.364922
31.181622 -70.847056 -599.860313 -297.508102 -0.330522 -0.156883 -0.930668 0.742175 -0.652364 -0.153611 -0.583036 -0.741491 0.332055
28.554847 -71.019631 -7390.612927 1111.152742 0.289526 0.113506 0.950416 -0.674226 0.728984 0.118329 -0.679407 -0.675055 0.287588
28.112018 -69.333065 -7509.149820 -232.916804 -0.379797 -0.205638 -0.901924 0.730825 -0.664439 -0.156256 -0.567141 -0.718494 0.402637
32.776978 -70.277664 -5710.137238 228.838620 0.300934 0.125310 0.945376 -0.586843 0.805739 0.080004 -0.751701 -0.578863 0.316011
27.257851 -69.348602 9094.288582 420.630946 0.401456 0.199523 0.893881 -0.650309 0.749348 0.124802 -0.644927 -0.631401 0.430582
34.378668 -70.205939 4858.260040 -78.537778 0.367777 0.162701 0.915570 -0.573562 0.814675 0.085623 -0.731961 -0.556626 0.392938
-0.969238 -62.290094 -1540.873435 -63.402501 0.457691 -0.508494 0.729351 0.602087 -0.426345 -0.675071 0.654225 0.748107 0.111024
-2.060299 -66.829705 -1927.942608 2063.845028 0.449665 -0.501190 0.739331 0.691537 -0.328531 -0.643307 0.565313 0.800547 0.198863
-2.808575 -63.659376 -246.019727 1007.319508 0.460644 -0.528238 0.713282 0.633205 -0.367564 -0.681138 0.621980 0.765415 0.165167
-1.927085 -61.752329 -96.907560 -472.277690 0.445375 -0.518095 0.730218 0.557803 -0.477396 -0.678932 0.700354 0.709698 0.076374
51.752382 -121.990440 -6535.543475 -14264.704737 0.179911 -0.340033 0.923044 -0.680882 0.634190 0.366335 -0.709952 -0.694392 -0.117425
26.930315 -130.855996 -2942.907663 -12002.574620 0.163716 -0.258833 0.951947 -0.519843 0.797484 0.306238 -0.838427 -0.544999 -0.003992
49.396272 -131.355259 -4514.149499 -17639.981476 0.153111 -0.169510 0.973562 -0.683569 0.693290 0.228215 -0.713646 -0.700440 -0.009721
-3.208564 -149.494877 160.276011 19615.815193 -0.013453 0.342880 0.939283 0.945484 0.310051 -0.099641 -0.325390 0.886737 -0.328358
-0.112759 -125.825111 61.902474 18976.441268 -0.018472 0.350968 0.936205 0.994438 0.103557 -0.019201 -0.103689 0.930644 -0.350929
-2.299358 -149.137126 -317.485087 20459.919321 -0.050986 0.343398 0.937805 0.946724 0.315604 -0.064094 -0.317985 0.884574 -0.341194
0.060872 -125.604093 372.014586 16420.790917 -0.000192 0.347992 0.937498 0.994202 0.100876 -0.037240 -0.107530 0.932055 -0.345993
-2.659950 -147.954552 239.334093 18087.673295 0.009167 0.349117 0.937034 0.945675 0.301521 -0.121591 -0.324985 0.887244 -0.327387
-2.564186 -122.839038 685.271144 -2141.557563 0.262479 -0.445234 0.856079 0.964731 0.139431 -0.223277 -0.019953 0.884492 0.466129
-3.939383 -116.355422 639.837319 5202.466211 0.288735 -0.444440 0.848001 0.929995 -0.080241 -0.358707 0.227468 0.892208 0.390159
-6.133950 -128.589988 938.470193 -53.166088 0.280377 -0.428932 0.858724 0.959607 0.103518 -0.261608 0.023319 0.897386 0.440630
-5.471810 -129.242216 1771.417963 -4525.683040 0.249197 -0.447796 0.858708 0.943718 0.311397 -0.111480 -0.217479 0.838159 0.500192
-1.723759 -123.081436 802.032344 -3933.426273 0.236214 -0.451888 0.860233 0.937612 0.338428 -0.079683 -0.255119 0.825387 0.503637
-20.640849 -69.576639 -4736.490047 -7446.550674 0.058378 0.339537 0.938779 0.835079 -0.531900 0.140448 0.547024 0.775756 -0.314592
-24.318705 -76.148487 -6505.511920 12609.782774 -0.046385 0.415699 0.908319 0.847856 -0.464419 0.255842 0.528194 0.781990 -0.330911
-30.088395 -62.497813 -3466.384606 -6565.276652 0.081944 0.267278 0.960129 0.820729 -0.564634 0.087135 0.565410 0.780866 -0.265631
-3.867295 -89.642608 58.048825 -2064.512023 -0.362963 0.690291 -0.625904 0.914037 0.394304 -0.095185 0.181091 -0.606649 -0.774069
-3.654400 -95.654824 59.523447 -1376.654288 -0.395745 0.672296 -0.625623 0.847067 0.530388 0.034134 0.354771 -0.516437 -0.779378
-2.758837 -86.416663 -1132.184005 -2158.581552 -0.351355 0.674808 -0.648987 0.912473 0.402017 -0.075991 0.209625 -0.618883 -0.756995
-2.151743 -81.278381 -1090.285910 -3482.106370 -0.317647 0.688809 -0.651646 0.947888 0.248544 -0.199333 0.024660 -0.681005 -0.731863
-0.267881 -77.489302 -1906.324339 -2635.584432 -0.305353 0.679545 -0.667066 0.950618 0.258393 -0.171923 0.055536 -0.686623 -0.724889
-0.854697 -82.675817 -1419.640951 -2821.684711 -0.343140 0.668870 -0.659446 0.911626 0.406275 -0.062280 0.226259 -0.622539 -0.749168
964.945731 -33.357434 756213.452393 -9188.783072 0.976114 0.141198 0.165122 -0.180365 0.950356 0.253557 0.121123 0.277283 -0.953123
2816.255323 -67.672400 -1890830.236425 30579.808652 -0.774137 0.079997 -0.627943 -0.125505 0.952894 0.276118 0.620452 0.292563 -0.727631
1691.403177 -52.954456 1403302.630187 8118.946761 0.964175 0.130495 0.230951 -0.206567 0.915572 0.345047 0.166426 0.380393 -0.909727
1619.448609 -63.093060 999115.782344 11205.246202 -0.909708 -0.134471 0.392872 -0.031815 0.965904 0.256940 -0.414027 0.221241 -0.882969
644.733593 -16.018214 240233.751928 -25026.322781 -0.950315 -0.113778 0.289753 -0.080699 0.989034 0.123693 -0.300649 0.094164 -0.949075
-4.342901 -174.826231 2630.015348 5169.367166 0.868756 0.494671 0.023738 -0.365066 0.672057 -0.644257 0.334648 -0.551036 -0.764441
-6.986603 -162.317479 2872.109364 9547.948720 0.873701 0.485672 0.027737 -0.310361 0.600417 -0.737005 0.374596 -0.635313 -0.675318
-7.964411 -167.116720 3999.206572 -5693.694186 0.874100 0.485329 0.020131 -0.371300 0.694301 -0.616508 0.313187 -0.531415 -0.787091
-6.643830 -163.048175 -866.022254 9656.441261 0.872421 0.488532 0.014751 -0.290553 0.542664 -0.788096 0.393015 -0.683265 -0.615376
-4.059173 -188.019869 2039.326412 -19132.068170 0.860227 0.509870 0.006549 -0.437562 0.744705 -0.503939 0.261820 -0.430636 -0.863714
-1.707607 -170.926114 -152.200591 8275.567516 0.861623 0.507518 0.005640 -0.400983 0.687485 -0.605457 0.311157 -0.519414 -0.795858
26.361186 -145.953171 -11356.784173 -47832.904749 0.936288 0.345755 -0.061790 -0.212003 0.416065 -0.884276 0.280034 -0.841037 -0.462858
29.040800 -186.561384 -9953.794265 -56437.231098 0.913578 0.401055 -0.067313 -0.273723 0.484025 -0.831141 0.300752 -0.777737 -0.551972
19.253815 -184.464528 -14868.043566 -49467.626985 0.936796 0.345233 -0.056802 -0.241235 0.519751 -0.819552 0.253413 -0.781456 -0.570183
-26.587530 -40.491925 -3581.463320 6117.152046 -0.278381 0.897501 0.342046 0.095602 -0.328462 0.939666 -0.955701 -0.294286 -0.005635
-22.367799 -46.505647 98.234249 5747.730767 -0.280677 0.797387 0.534223 0.097106 -0.530149 0.842326 -0.954878 -0.288297 -0.071369
-23.635426 -37.538395 683.055641 6436.264063 -0.289138 0.830278 0.476485 0.138990 -0.456060 0.879029 -0.947144 -0.320387 -0.016464
-1.713555 -475.682014 -23503.694039 -7639.328280 0.953336 0.292100 -0.076347 -0.113000 0.110721 -0.987407 0.279968 -0.949957 -0.138561
57.313562 -1940.919683 11533.430004 -782708.807432 0.925891 0.368856 -0.081673 -0.236427 0.397117 -0.886792 0.294665 -0.840383 -0.454894
-18.053243 -777.068866 -18384.364984 -213732.171179 0.893499 0.410447 -0.182189 -0.372167 0.449777 -0.811906 0.251300 -0.793242 -0.554630
50.626436 -3199.561050 24951.375838 -1663804.007167 0.893385 0.414631 -0.173042 -0.430522 0.679867 -0.593660 0.128504 -0.604866 -0.785891
3.242854 -559.899006 -10029.300732 144667.124093 0.951399 0.307845 -0.008445 -0.148803 0.435522 -0.887794 0.269625 -0.845903 -0.460164
0.744898 -1357.990872 -7563.662507 -577403.489480 0.862004 0.462498 -0.207471 -0.493238 0.670905 -0.553717 0.116900 -0.579639 -0.806445
-5.557410 -521.940790 -1424.814478 -135070.491664 0.893197 0.435615 -0.111532 -0.386116 0.615873 -0.686742 0.230466 -0.656460 -0.718294
41.950062 -66.907282 -7847.102201 -2271.292596 -0.083031 0.091175 -0.992367 0.844192 -0.522743 -0.118661 -0.529572 -0.847601 -0.033565
39.274959 -67.488410 -21086.228268 -1012.264058 -0.110336 0.079845 -0.990682 0.770422 -0.622858 -0.136005 -0.627914 -0.778249 0.007209
32.186777 -66.785346 -8426.999545 295.258654 -0.089906 0.055324 -0.994412 0.779929 -0.617025 -0.104842 -0.619377 -0.784997 0.012326
30.349671 -49.848527 2019.256223 25.458246 0.787524 0.181254 -0.589027 -0.612518 0.124696 -0.780559 0.068030 -0.975499 -0.209223
34.903433 -61.488309 -5671.896846 -216.978226 0.860609 0.204770 -0.466285 -0.495967 0.129127 -0.858687 0.115623 -0.970255 -0.212687
40.908398 -54.268949 1208.319215 -53.433377 0.778381 0.209355 -0.591856 -0.626185 0.191498 -0.755791 0.044890 -0.958905 -0.280154
-10.767116 -52.469933 -2218.217777 -794.802363 0.108805 -0.027908 0.993671 -0.591029 0.801919 0.087239 -0.799278 -0.596781 0.070758
-7.188967 -48.758000 -2353.309955 -1204.645929 0.130187 -0.102341 0.986194 -0.589812 0.791531 0.160001 -0.796977 -0.602499 0.042685
-12.718742 -50.450802 -1387.073161 -387.613872 0.061063 0.026045 0.997794 -0.679311 0.733508 0.022426 -0.731305 -0.679182 0.062483
-17.130999 -54.136812 -1735.611684 -152.992547 0.048193 0.095561 0.994256 -0.690299 0.722628 -0.035994 -0.721917 -0.684600 0.100791
-17.575390 -56.382708 -2984.023280 -663.586707 0.102587 0.037406 0.994020 -0.596879 0.801715 0.031431 -0.795745 -0.596535 0.104573
-163.108332 -225.574539 102704.173541 40364.693093 0.698012 -0.492433 -0.519893 0.693966 0.644232 0.321521 -0.176605 0.585214 -0.791414
-148.972665 -235.683946 -113441.928831 1450.031473 -0.732646 0.462744 0.499097 0.564473 0.822832 0.065715 -0.380263 0.329873 -0.864051
-194.004849 -233.692289 -69685.366689 -5839.623485 -0.676790 0.332871 0.656622 0.540408 0.830327 0.136076 -0.499915 0.446939 -0.741843
-200.483012 -220.095658 77089.969609 41534.362407 0.711743 -0.307648 -0.631486 0.643023 0.647210 0.409438 -0.282742 0.697475 -0.658472
-28.897405 -3550.902023 2624.768022 -1873060.609843 0.700908 -0.700830 -0.132535 -0.108116 0.079276 -0.990972 -0.705010 -0.708910 0.020205
-69.874965 -2480.053454 14510.212170 -1067001.449928 0.706192 -0.697287 -0.122816 -0.073782 0.100044 -0.992244 -0.704165 -0.709776 -0.019203
19.467163 -2726.207020 8956.646619 -1557867.085882 -0.686786 0.720800 0.093656 -0.455133 -0.526919 0.717781 -0.566726 -0.450336 -0.689941
21.309124 -2172.017363 -14889.293486 -1306570.742298 -0.732033 0.671686 0.113868 -0.379846 -0.541158 0.750243 -0.565548 -0.505950 -0.651283
72.358732 -6770.300962 55578.538203 -3540191.767666 0.744063 -0.665925 -0.053982 -0.085396 -0.014658 -0.996239 -0.662630 -0.745874 0.067774
-14.275768 -983.251276 -6887.534594 -403373.575759 0.683008 -0.716290 -0.142931 -0.494255 -0.309163 -0.812484 -0.537785 -0.625577 0.565190
7.941801 -131.061335 -7919.165899 -63040.174468 -0.515742 0.855896 0.038113 0.855254 0.511713 0.081798 0.050508 0.074783 -0.995920
17.110554 -156.900664 -6457.978043 -48575.618872 -0.549187 0.833446 0.061332 0.824406 0.528280 0.203163 0.136925 0.162137 -0.977222
8.706848 -90.712946 -7657.242630 -38244.298264 -0.525358 0.848978 0.056874 0.850675 0.525527 0.013169 -0.018709 0.055300 -0.998295
10.516305 -178.136582 -8709.741094 63821.796726 -0.539745 0.841530 0.022414 -0.821049 -0.520356 -0.234751 0.185887 0.145108 -0.971797
25.512097 -43.473849 -2735.214042 1092.124450 0.896405 0.441563 -0.038477 0.255179 -0.443148 0.859362 -0.362411 0.780155 0.509918
23.048513 -30.419122 -1781.792329 16508.880015 0.898927 0.435588 -0.046820 0.301720 -0.538066 0.787051 -0.317638 0.721629 0.615108
15.900192 -32.123870 -7376.693673 10776.971222 0.860939 0.506686 -0.045325 0.323335 -0.476250 0.817704 -0.392733 0.718648 0.573852
23.519872 -50.209054 -5554.181562 3376.353262 0.871310 0.489758 -0.030913 0.258418 -0.404365 0.877331 -0.417180 0.772416 0.478889
25.627069 -71.216036 39694.259222 3681.920516 -0.645843 0.724735 -0.240096 -0.007854 -0.320770 -0.947125 0.763430 0.609808 -0.212859
-26.149316 -67.501157 -1673.853268 7953.642801 -0.562531 0.795797 -0.224202 -0.102758 -0.336369 -0.936107 0.820366 0.503551 -0.270992
-46.429819 -155.907307 -53113.319335 -70160.370537 -0.261171 0.444887 -0.856659 -0.201543 0.842770 0.499119 0.944018 0.303009 -0.130443
-18.637468 -60.469830 27933.560597 690.210901 -0.554859 0.830520 -0.048664 -0.227275 -0.207589 -0.951448 0.800298 0.516860 -0.303939
11.924097 -110.776188 -26652.573367 -26860.945511 -0.409524 0.548547 -0.728962 -0.304841 0.670831 0.676060 0.859862 0.499080 -0.107501
49.574585 -81.710499 70713.562197 7191.280364 -0.610124 0.545948 -0.574185 0.291673 -0.519041 -0.803445 0.736665 0.657675 -0.157441
40.136124 -44.741948 -2604.473737 -894.991394 -0.128504 0.031891 0.991196 0.705705 -0.699275 0.113990 0.696754 0.714141 0.067355
27.463796 -51.301453 -6771.808161 -2089.383417 0.001104 0.045701 0.998955 0.726073 -0.686935 0.030624 0.687617 0.725280 -0.033940
47.323743 -50.847747 6956.900660 371.203160 0.083482 -0.072559 -0.993864 -0.644925 0.756376 -0.109392 0.759673 0.650100 0.016348
31.829745 -42.980072 -3187.563620 -2981.703711 -0.032685 -0.018652 0.999292 0.782096 -0.623002 0.013952 0.622300 0.781998 0.034951
56.237335 -50.097394 3338.319540 2039.273652 0.175208 -0.057628 -0.982843 -0.628808 0.761597 -0.156751 0.757564 0.645484 0.097201
34.382907 -39.013613 312.172460 -3110.633468 -0.120624 -0.017582 0.992543 0.776318 -0.624816 0.083278 0.618693 0.780574 0.089017
31.237998 -36.229226 2489.676809 -3558.837656 -0.248399 0.009654 0.968610 0.744095 -0.638312 0.197184 0.620179 0.769718 0.151372
48.963458 -42.050957 1353.876095 863.655074 0.238028 -0.041117 -0.970388 -0.668189 0.718164 -0.194331 0.704888 0.694658 0.143469
6.645068 -181.879388 -2651.434279 3390.623831 0.415752 0.896448 -0.153401 0.854351 -0.327126 0.403822 -0.311824 0.298948 0.901885
1.141703 -183.951349 -4117.207445 5973.903194 0.427385 0.894035 -0.134326 0.847848 -0.344780 0.402840 -0.313840 0.286055 0.905360
3.118251 -186.425207 -2880.280752 5264.048362 0.426934 0.893269 -0.140706 0.766844 -0.275171 0.579855 -0.479248 0.355459 0.802477
8.681106 -181.701783 -1881.537550 4870.804471 0.422685 0.890125 -0.170339 0.773046 -0.256022 0.580390 -0.473009 0.377002 0.796324
27.992081 -70.501640 -5586.977453 2796.756216 0.013443 0.695639 -0.718266 0.962811 -0.202858 -0.178448 -0.269841 -0.689155 -0.672496
14.952596 -69.605241 -4880.214885 2201.563859 -0.035492 0.658089 -0.752103 0.980928 -0.120971 -0.152140 -0.191104 -0.743159 -0.641244
17.503233 -64.390387 -3240.812295 1291.131923 -0.029407 0.704282 -0.709311 0.997650 -0.023254 -0.064449 -0.061885 -0.709539 -0.701943
25.457278 -63.159122 -1008.812269 738.339958 0.081564 0.745990 -0.660944 0.973381 -0.202138 -0.108028 -0.214190 -0.634539 -0.742619
34.892769 -65.460790 -1302.959374 4124.394835 0.163749 0.749113 -0.641885 0.926810 -0.339722 -0.160039 -0.337950 -0.568699 -0.749915
40.420809 -122.772777 2073.906658 18165.145023 0.040701 0.460781 -0.886580 0.994585 -0.103599 -0.008185 -0.095620 -0.881447 -0.462503
61.804331 -112.098505 8381.542938 25356.657085 0.155936 0.376936 -0.913019 0.987746 -0.065500 0.141658 -0.006407 -0.923920 -0.382531
57.396508 -92.771469 7098.037530 28088.041564 0.041358 0.482570 -0.874880 0.994475 0.064673 0.082684 0.096482 -0.873467 -0.477229
43.353590 -105.173166 5650.171907 21690.539706 -0.047741 0.554597 -0.830748 0.998858 0.028269 -0.038530 0.002116 -0.831639 -0.555313
32.318182 -130.655962 2708.539389 14601.671321 -0.028830 0.539520 -0.841479 0.983625 -0.134515 -0.119945 -0.177905 -0.831158 -0.526807
-11.089226 -172.347816 -1854.884019 3625.454624 -0.290496 0.203824 0.934916 -0.299844 0.908451 -0.291222 -0.908684 -0.364927 -0.202786
-12.897603 -169.268432 -2189.958782 -697.339235 -0.281050 0.184100 0.941869 -0.501123 0.808850 -0.307632 -0.818466 -0.558452 -0.135071
-13.921440 -165.167376 -736.502584 6096.421284 -0.252224 0.229201 0.940133 -0.325215 0.894954 -0.305437 -0.911383 -0.382784 -0.151189
19.287766 -156.162102 5470.919335 -11583.106196 -0.322117 0.319041 0.891321 0.930610 0.279551 0.236253 -0.173795 0.905574 -0.386951
14.325190 -153.820873 5983.928496 -16189.342596 -0.297722 0.289465 0.909710 0.924389 0.325447 0.198971 -0.238467 0.900164 -0.364471
18.323489 -139.078357 4624.785604 -10496.559195 -0.294130 0.335198 0.895058 0.862486 0.496610 0.097446 -0.411831 0.800638 -0.435172
14.580076 -141.815972 -1923.353196 -8207.395301 -0.314056 0.397005 0.862413 0.876432 0.470472 0.102583 -0.365015 0.788063 -0.495703
10.416684 -161.077594 -6051.266997 -11272.758262 -0.341437 0.426918 0.837354 0.929862 0.283313 0.234713 -0.137029 0.858764 -0.493708
102.891039 -238.072992 -8280.197808 -90429.726014 0.527866 0.710066 0.466008 -0.576225 0.702494 -0.417693 0.623957 0.048039 -0.779980
82.582058 -207.644402 -22369.894409 -78102.889197 -0.419289 -0.677833 -0.603937 -0.536244 0.721700 -0.437712 0.732557 0.140329 -0.666085
89.672837 -225.845097 -29063.659281 2322.641405 -0.449025 -0.658227 -0.604247 -0.712481 0.671860 -0.202425 0.539211 0.339620 -0.770655
65.717709 -211.798861 -38945.633627 -26698.258205 -0.376678 -0.607322 -0.699481 -0.666651 0.702009 -0.250519 0.643188 0.371945 -0.669303
77.782460 -207.693760 42482.350443 -38306.859235 0.430440 0.569366 0.700388 0.777773 -0.627716 0.032290 0.458030 0.530844 -0.713031
-0.577584 -75.581679 -1287.126883 -3284.609333 -0.124687 -0.459713 0.879271 0.742529 0.544558 0.390010 -0.658107 0.701513 0.273451
1.055564 -68.993234 -2169.765469 -1954.931983 -0.166152 -0.474285 0.864550 0.626185 0.626535 0.464054 -0.761765 0.618472 0.192890
-4.351645 -73.544352 -2794.194320 -2757.254094 -0.160006 -0.458733 0.874049 0.741402 0.528741 0.413226 -0.651706 0.714141 0.255504
-9.431783 -198.754336 -1230.315541 1081.028220 0.617704 0.757670 -0.210660 0.246395 -0.440851 -0.863099 0.746814 -0.481234 0.459002
-10.856025 -189.559578 514.327943 3487.787656 0.622285 0.754451 -0.208722 0.204165 -0.413836 -0.887162 0.755697 -0.509454 0.411556
-11.580376 -190.204231 -768.517610 5740.488154 0.608402 0.770754 -0.189171 0.048104 -0.273737 -0.960601 0.792170 -0.575332 0.203618
-11.903475 -199.823883 -2057.073353 2426.396457 0.607581 0.769529 -0.196650 0.157084 -0.359122 -0.919976 0.778570 -0.528069 0.339076
-13.138811 -192.557757 -3564.130185 20468.289173 0.608555 0.774170 -0.174129 -0.003541 -0.216790 -0.976212 0.793504 -0.594695 0.129187
-11.924757 -178.014725 2014.235182 4015.523722 0.608228 0.774409 -0.174209 -0.045978 -0.184731 -0.981713 0.792430 -0.605115 0.076753
-12.358519 -176.743539 1579.621662 14055.576159 0.592941 0.789738 -0.157273 -0.152815 -0.081403 -0.984897 0.790613 -0.608019 -0.072417
-13.132062 -182.313534 -2223.136444 19718.185194 0.600823 0.784123 -0.155447 -0.126373 -0.098843 -0.987046 0.789330 -0.612684 -0.039705
30.381509 -149.759668 -18199.928549 -36691.827491 0.722701 0.689668 -0.045404 -0.183189 0.127791 -0.974737 0.666443 -0.712760 -0.218694
8.654180 -141.436117 -5060.256612 -23559.452355 0.694380 0.716599 -0.065738 -0.196514 0.100952 -0.975290 0.692256 -0.690141 -0.210921
32.067949 -117.839093 -21404.698103 -36255.859021 0.734072 0.668843 -0.117423 -0.117759 -0.044919 -0.992026 0.668784 -0.742046 -0.045789
37.928836 -64.172490 4461.519574 6006.409809 0.426813 0.799722 0.422228 -0.311418 0.568309 -0.761606 0.849029 -0.193574 -0.491609
40.465153 -70.514741 -2795.981876 8250.718326 0.453053 0.841437 0.294493 -0.363567 0.476014 -0.800768 0.813979 -0.255722 -0.521579
35.592520 -71.209622 -3637.203040 8742.360429 0.440721 0.854654 0.274466 -0.326565 0.437467 -0.837841 0.836134 -0.279623 -0.471901
27.832798 -59.774757 8494.788141 1660.257203 0.390643 0.752974 0.529554 -0.223130 0.635560 -0.739105 0.893091 -0.170567 -0.416289
44.344175 -65.385123 10028.388206 1415.749009 0.381447 0.708810 0.593369 -0.288453 0.701121 -0.652092 0.878233 -0.077580 -0.471899
27.023316 -70.757757 3977.395835 5643.080564 0.416175 0.849943 0.323101 -0.261477 0.452194 -0.852731 0.870878 -0.270402 -0.410432
11.593266 -935.829516 8712.904146 -280743.489990 0.618497 0.778105 -0.109605 -0.017164 0.152828 0.988104 -0.785599 0.609258 -0.107879
37.116009 -1263.606170 3952.727486 -559138.346681 0.637756 0.757259 -0.140807 -0.052404 0.225045 0.972938 -0.768454 0.613118 -0.183207
15.085662 -866.931895 3705.224461 -242644.384677 0.603324 0.785298 -0.138950 0.326552 -0.084309 0.941411 -0.727574 0.613351 0.307307
21.639057 -900.500594 -8474.190543 -311090.971669 0.605128 0.786089 -0.126028 0.130017 0.058598 0.989779 -0.785440 0.615329 0.066745
6.152100 -628.941949 -1119.056540 -23624.513625 0.598662 0.793690 -0.107983 0.507357 -0.271414 0.817878 -0.619833 0.544418 0.565169
70.579299 -4470.802269 -13204.234210 2382031.130882 0.777765 0.442165 -0.446735 -0.073701 0.769983 0.633793 0.624220 -0.460017 0.631454
38.491537 -1842.579755 -3248.995327 -5533791.918538 0.799686 0.032452 -0.599541 0.478197 -0.638257 0.603287 0.363084 0.769139 0.525923
-82.432854 -1485.715682 -17147.374427 720748.637200 0.724656 0.465499 -0.508119 -0.313382 0.879308 0.358622 0.613731 -0.100642 0.783074
9.653352 -14.621189 -351.796510 -392.522268 0.012257 0.101204 0.994790 0.886960 -0.460448 0.035914 0.461684 0.881899 -0.095408
10.431633 -18.779165 1472.098280 -4720.589257 0.026276 0.084407 0.996085 0.880159 -0.474374 0.016980 0.473950 0.876267 -0.086756
13.252022 -15.036540 -2133.004095 -1138.351132 -0.011770 0.103327 0.994578 0.888791 -0.454659 0.057753 0.458161 0.884652 -0.086485
12.479394 -17.310031 -2733.021044 3258.335747 -0.016746 0.108544 0.993951 0.894357 -0.442835 0.063427 0.447040 0.890009 -0.089662
7.630150 -18.340576 -1273.371070 3924.659122 0.042299 0.090927 0.994959 0.893271 -0.449508 0.003103 0.447524 0.888637 -0.100236
-28.674166 -54.771990 -6835.827871 -3131.599371 0.707618 0.369080 -0.602541 0.127483 0.772061 0.622632 0.695000 -0.517399 0.499273
-29.252718 -61.363170 -3637.401443 -4949.465310 0.682546 0.587406 -0.434839 -0.135167 0.686178 0.714766 0.718234 -0.429085 0.547746
-21.667657 -62.892737 -5834.665927 -5258.635561 0.723470 0.401540 -0.561566 0.051241 0.779967 0.623719 0.688451 -0.480018 0.543707
-20.856372 -58.660479 -7749.731983 -987.461456 0.708754 0.221650 -0.669731 0.272901 0.789302 0.550024 0.650533 -0.572602 0.498933
-15.407810 -63.459979 -7092.888257 -4000.792939 0.731198 0.267204 -0.627656 0.199210 0.796347 0.571092 0.652430 -0.542617 0.529058
-13.663448 -68.312628 -5828.407923 -7934.535184 0.732227 0.393563 -0.555835 0.025807 0.799511 0.600096 0.680572 -0.453751 0.575267
-24.139677 -68.574513 -472.899978 -1355.238492 -0.148985 -0.297986 -0.942872 0.741648 0.596997 -0.305864 0.654035 -0.744848 0.132057
-22.227422 -67.124090 -1333.214502 -1946.261392 -0.224757 -0.300764 -0.926836 0.789817 0.500834 -0.354054 0.570678 -0.811607 0.124983
-24.120276 -70.631499 -44.839369 882.457248 -0.213249 -0.291135 -0.932612 0.708968 0.610682 -0.352749 0.672227 -0.736416 0.076178
-0.330947 -8089.942496 47500.448650 6963349.674109 -0.629407 0.755037 0.183752 -0.743035 -0.653989 0.142116 -0.227475 0.047085 -0.972645
-1305.013699 -5526.118518 6192283.136413 -3410060.247820 -0.535006 -0.419205 0.733509 -0.252818 0.907868 0.334452 -0.806134 -0.006511 -0.591697
-878.769821 -4076.783196 -1418258.567591 17149176.287508 -0.294864 0.946895 -0.128235 -0.917630 -0.243179 0.314356 -0.266478 -0.210364 -0.940604
-3.376925 -588.181398 26848.258799 -333521.499186 -0.636927 0.711907 0.295825 0.754721 0.654065 0.050938 -0.157225 0.255709 -0.953883
-391.219753 -2369.308342 -503783.656997 1246386.027285 -0.426409 0.904401 0.015321 -0.703906 -0.321147 -0.633546 0.568059 0.280934 -0.773554
-86.877447 -1679.191243 -122833.955293 1071410.998213 -0.582396 0.811769 0.042959 -0.708667 -0.481117 -0.516060 0.398253 0.330995 -0.855474
-71.284358 -111.332899 -2242.815762 -7868.564615 0.339397 -0.194182 0.920382 -0.064922 0.971291 0.228863 -0.938400 -0.137428 0.317047
-78.954121 -122.088723 -468.385540 -4971.782849 0.270318 0.119152 0.955370 -0.048354 0.992740 -0.110131 -0.961556 -0.016426 0.274117
-66.950249 -102.069413 176.845288 -17082.294260 0.437769 -0.361533 0.823196 -0.087667 0.894064 0.439278 -0.894803 -0.264469 0.359699
99.927639 -129.250037 -27778.163688 34503.955627 -0.244858 -0.596207 -0.764580 0.934570 0.064801 -0.349828 0.258115 -0.800212 0.541330
85.739386 -83.224658 -28085.332563 14211.371869 -0.145236 -0.560037 -0.815638 0.928235 0.208224 -0.308258 0.342471 -0.801874 0.489604
117.935527 -133.677268 -16269.755166 31572.865380 -0.214912 -0.465027 -0.858815 0.945444 0.121395 -0.302322 0.244844 -0.876934 0.413568
61.934998 -86.280149 -26703.118205 19304.531469 -0.240972 -0.680258 -0.692229 0.919662 0.067836 -0.386807 0.310087 -0.729827 0.609261
80.331795 -133.122520 -27152.024246 46025.355739 -0.305672 -0.666865 -0.679600 0.923748 -0.034711 -0.381425 0.230770 -0.744369 0.626626
37.069232 -126.423959 -5092.234842 -14339.391853 0.163728 0.713869 -0.680870 0.151590 0.663781 0.732404 -0.974789 0.223128 -0.000464
36.107245 -95.580473 4630.724604 -31642.156496 -0.136816 -0.690224 0.710543 -0.033627 0.720111 0.693044 -0.990026 0.070927 -0.121733
53.946768 -96.905112 -16216.149083 -35925.633956 0.189628 0.706324 -0.682017 -0.030207 0.698488 0.714984 -0.981391 0.114979 -0.153789
42.862547 -61.193330 -4083.053072 -29049.239568 0.116950 0.720689 -0.683323 -0.158623 0.692766 0.703501 -0.980388 -0.026116 -0.195337
57.207819 -61.370431 -22690.680965 -38832.963099 0.136194 0.709956 -0.690951 -0.165891 0.703945 0.690609 -0.976694 -0.020565 -0.213649
28.346344 -68.207447 -6203.793578 1526.835568 -0.355511 -0.210451 -0.910671 0.803254 -0.566972 -0.182553 -0.477907 -0.796400 0.370610
2.065390 -63.276558 -1801.012792 -136.274474 0.451490 -0.505768 0.735088 0.607890 -0.428714 -0.668337 0.653166 0.748601 0.113891
0.696543 -68.514999 -1920.830725 2124.692883 0.427745 -0.492483 0.757954 0.708330 -0.338285 -0.619542 0.561518 0.801887 0.204141
-3.930701 -72.717316 -2163.848142 3672.059841 0.408612 -0.485147 0.773090 0.792748 -0.231114 -0.564036 0.452313 0.843338 0.290164
29.940290 -122.032021 -2974.460484 -8344.879791 0.191463 -0.412758 0.890490 -0.519104 0.727411 0.448780 -0.832990 -0.548182 -0.074992
10.854641 -126.028320 1056.281693 1287.205287 0.196730 -0.332340 0.922414 -0.310743 0.871163 0.380149 -0.929912 -0.361420 0.068111
5.946399 -132.963356 -304.579273 466.742013 0.156598 -0.177058 0.971662 -0.299944 0.928810 0.217590 -0.941016 -0.325519 0.092342
-0.549232 -124.238108 -286.169066 19941.621527 -0.041273 0.352357 0.934955 0.993876 0.110480 0.002238 -0.102505 0.929322 -0.354759
0.502910 -104.344129 -118.875249 8199.909811 -0.037176 0.356041 0.933731 0.997202 -0.047423 0.057786 0.064854 0.933266 -0.353281
1.257855 -107.183271 227.018624 6843.824928 -0.030909 0.354753 0.934449 0.997309 -0.051241 0.052442 0.066486 0.933555 -0.352215
-4.071654 -104.647504 1059.474773 8743.304284 0.289693 -0.457878 0.840491 0.860285 -0.260329 -0.438336 0.419509 0.850045 0.318490
-5.488257 -106.224413 504.273399 10341.448533 0.313595 -0.444952 0.838854 0.837908 -0.285946 -0.464915 0.446732 0.848677 0.283157
-6.948014 -120.478628 401.266980 8217.118811 0.315559 -0.422537 0.849638 0.909616 -0.120288 -0.397656 0.270226 0.898328 0.346388
154.877435 -111.222158 54317.456078 720.837699 0.455101 0.682874 0.571460 -0.652232 0.692557 -0.308153 -0.606199 -0.232483 0.760575
177.896129 -114.843356 14922.798075 616.004861 0.324252 0.609556 0.723397 -0.635448 0.706841 -0.310775 -0.700761 -0.358912 0.616536
149.972917 -119.540263 37002.333694 -15323.887650 0.435262 0.603250 0.668309 -0.575686 0.757215 -0.308563 -0.692194 -0.250430 0.676870
-9.994859 -83.201623 -4335.232823 8802.914729 -0.061523 0.442653 0.894580 0.879491 -0.399734 0.258281 0.471923 0.802665 -0.364716
-22.958819 -107.750742 -11072.539686 24796.155668 -0.027887 0.485102 0.874013 0.900073 -0.368171 0.233063 0.434845 0.793175 -0.426360
-35.234807 -108.156327 -7007.879275 29177.028956 -0.007354 0.379747 0.925061 0.875788 -0.444050 0.189249 0.482640 0.811549 -0.329312
-3.696838 -98.707103 659.010932 -1930.988988 -0.391697 0.687446 -0.611548 0.860192 0.509505 0.021785 0.326563 -0.517515 -0.790907
-2.486084 -101.594343 508.670987 1325.393555 -0.412843 0.668398 -0.618712 -0.767037 -0.621451 -0.159542 0.491137 -0.408709 -0.769247
-2.867097 -98.015309 179.667880 991.627458 -0.423526 0.651516 -0.629407 -0.745481 -0.645409 -0.166448 0.514668 -0.398716 -0.759040
2137.114078 -70.833009 -1994026.079436 36507.801439 -0.675763 0.195280 -0.710781 -0.101004 0.930643 0.351712 0.730166 0.309466 -0.609171
891.159909 -55.378437 -701835.013329 9352.147835 -0.666696 0.201467 -0.717585 -0.046762 0.949571 0.310045 0.743862 0.240262 -0.623654
-7.915726 -163.305240 2637.521477 7695.842652 0.884348 0.466091 0.026232 -0.279683 0.573977 -0.769629 0.373774 -0.673283 -0.637953
-9.378226 -162.868337 4830.958522 5553.876099 0.866709 0.495774 0.054986 -0.209299 0.461511 -0.862092 0.452779 -0.735674 -0.503760
36.713896 -139.967134 -14799.000167 -50279.764366 0.927874 0.368516 -0.056970 -0.215221 0.404485 -0.888860 0.304515 -0.837011 -0.454624
31.252818 -105.100436 -12200.819446 -34353.079137 0.934740 0.349838 -0.062250 -0.182222 0.321541 -0.929197 0.305053 -0.879900 -0.364305
-19.372597 -49.397642 -982.941888 4308.196751 -0.273346 0.719775 0.638127 0.060400 -0.649240 0.758182 -0.960018 -0.245789 -0.133993
-21.532758 -44.024412 1736.678585 -2894.604320 -0.269893 0.593536 0.758204 -0.133723 0.756690 -0.639952 -0.953560 -0.274108 -0.124855
-42.394505 -150.164260 10881.208158 -1725.547344 0.948648 0.305532 -0.081956 -0.295677 0.948513 0.113570 0.112435 -0.083505 0.990144
-57.421217 -141.860851 11546.002924 -10357.489062 0.932339 0.353900 -0.074159 0.361321 -0.919710 0.153562 0.013859 0.169967 0.985352
-52.519244 -153.095135 2247.518222 1948.841763 0.923586 0.382835 -0.020654 0.378361 -0.918843 -0.112119 0.061901 -0.095737 0.993480
-32.463146 -138.357496 29591.522345 -11475.765274 0.933826 0.331159 -0.135288 0.350069 -0.923798 0.155076 0.073624 0.192175 0.978595
-34.974254 -150.697912 1465.644849 9348.483217 0.941577 0.335010 -0.034665 0.300021 -0.881073 -0.365647 0.153038 -0.333885 0.930108
-20.922547 -149.934696 10535.737655 8391.408684 0.958980 0.265479 -0.099386 0.214850 -0.909409 -0.356112 0.184923 -0.320151 0.929143
-13.635515 -147.803286 25402.414688 817.109280 0.951011 0.280567 -0.129847 -0.269018 0.957969 0.099620 0.152340 -0.059808 0.986517
73.634577 -1081.504692 -15141.684654 224100.448104 0.909861 0.397590 -0.118637 -0.140660 0.026575 -0.989701 0.390343 -0.917178 -0.080105
156.229268 -2061.386426 -104166.455553 -243376.498166 0.874347 0.444181 -0.195501 -0.378521 0.372076 -0.847515 0.303709 -0.815023 -0.493456
-5.208427 -116.946344 2573.358417 -11028.453506 0.928114 0.349624 0.127932 -0.113819 0.593644 -0.796638 0.354470 -0.724810 -0.590764
-5.563555 -111.102976 2018.055315 -7682.499604 0.931027 0.343309 0.123804 -0.089545 0.543758 -0.834451 0.353794 -0.765810 -0.536995
-7.661773 -128.263969 1312.367765 -13708.900114 0.927761 0.361302 0.093384 -0.177848 0.648079 -0.740516 0.328070 -0.670414 -0.665519
-10.169294 -47.034293 -1946.913065 -503.748526 0.093080 -0.055363 0.994118 -0.670845 0.734310 0.103706 -0.735733 -0.676552 0.031209
-23.038598 -222.403649 96951.600082 8929.895616 0.761363 -0.446959 -0.469632 0.565295 0.812342 0.143327 -0.317440 0.374605 -0.871150
-1501.737631 -3054.840311 -1321904.230225 4822149.921175 -0.622690 0.642128 0.447134 0.706447 0.707060 -0.031593 -0.336437 0.296204 -0.893909
-2737.583902 -12197.501374 172164.519683 -9898183.269016 0.285300 0.958437 -0.001594 -0.905081 0.269963 0.328555 -0.315330 0.092294 -0.944483
-1769.468575 -6043.222687 -1292312.611085 -841743.293029 -0.420168 0.763089 0.491074 -0.597943 -0.639881 0.482718 -0.682586 0.090812 -0.725141
-1897.146154 -8120.822458 -1348889.684948 876759.545858 -0.505172 0.470890 0.723232 0.788674 0.592165 0.165330 -0.350420 0.653914 -0.670523
-3376.335576 -4166.339333 -2832953.083347 -961540.337683 0.164402 0.813249 0.558210 -0.545679 -0.396444 0.738286 -0.821709 0.425979 -0.378596
-1335.050162 -4346.921346 -909219.096853 -2473727.557242 -0.053715 0.998193 0.026942 0.017060 -0.026059 0.999515 -0.998411 -0.054149 0.015630
-971.682657 -4456.813725 -842848.984203 -4035775.351504 -0.353624 0.868277 0.347915 -0.289831 -0.455351 0.841815 -0.889353 -0.196849 -0.412677
-127.237636 -2234.970075 16069.200175 -67081.612584 0.744380 -0.662406 -0.084364 0.008288 0.135494 -0.990743 -0.667705 -0.736790 -0.106349
-41.470638 -1958.931887 -1440.501615 -1013306.685634 -0.643514 0.756470 0.116803 -0.506383 -0.535170 0.676143 -0.573991 -0.375961 -0.727453
18.167901 -102.730281 -3521.429816 -28926.661036 -0.592869 0.797038 0.115051 0.805195 0.589005 0.068808 -0.012923 0.133433 -0.990974
22.349768 -162.095034 -413.611423 -35865.284643 -0.585212 0.795880 0.155249 0.806415 0.551159 0.214286 0.084979 0.250598 -0.964354
22.890359 -14.884685 1707.762504 24027.317718 0.926245 0.376793 -0.009836 0.259099 -0.617540 0.742639 -0.273748 0.690414 0.669620
17.901586 -10.765420 -2997.475853 22670.195457 0.880486 0.471676 -0.047599 0.348922 -0.576802 0.738615 -0.320932 0.666949 0.672445
-42.725684 -81.708557 3622.978110 4427.907660 -0.059636 0.001364 -0.998219 -0.208433 0.977939 0.013788 0.976217 0.208884 -0.058036
-43.101548 -79.215160 849.054834 1892.221952 -0.085580 -0.052200 -0.994963 -0.041160 0.997959 -0.048817 0.995481 0.036775 -0.087554
-47.816226 -83.854704 -3121.293175 -1359.957334 -0.068702 -0.146026 -0.986892 -0.183007 0.974288 -0.131421 0.980708 0.171579 -0.093659
-39.200534 -70.442495 -379.767944 -5347.469989 -0.015397 0.130538 -0.991324 0.255158 0.959129 0.122336 0.966777 -0.251061 -0.048075
-42.118511 -75.884825 -4502.702842 -5376.469776 -0.091912 0.013312 -0.995678 0.181601 0.983366 -0.003616 0.979068 -0.181148 -0.092800
-38.984818 -71.791243 -660.899639 -5901.834764 -0.032383 0.053067 -0.998066 0.145588 0.988189 0.047818 0.988815 -0.143758 -0.039726
36.970589 -56.069304 15105.556089 1245.577172 0.022650 -0.100815 -0.994647 -0.639204 0.763521 -0.091944 0.768703 0.637865 -0.047148
21.641839 -59.168113 12062.405631 1795.554564 -0.014078 -0.103650 -0.994514 -0.658595 0.749348 -0.068775 0.752366 0.654014 -0.078813
17.390779 -54.308312 -6359.320916 -3719.402486 0.044726 0.056681 0.997390 0.745684 -0.666285 0.004426 0.664797 0.743540 -0.072066
28.566221 -44.348304 -2071.470777 -4041.484434 0.032203 -0.026342 0.999134 0.797344 -0.602092 -0.041573 0.602665 0.797992 0.001614
22.512180 -45.971409 -6763.654924 -5161.741324 0.051405 0.015996 0.998550 0.801669 -0.596926 -0.031708 0.595554 0.802136 -0.043509
7.179841 -176.205940 3161.955631 3918.012940 -0.416777 -0.896571 0.149861 0.899671 -0.383281 0.209018 -0.129960 0.221940 0.966361
1.105833 -177.776306 3637.033891 5982.061932 -0.434040 -0.890544 0.136168 0.890806 -0.401693 0.212386 -0.134442 0.213483 0.967652
-4.944589 -181.686800 -3725.028773 6293.283049 0.442648 0.886773 -0.133028 0.837863 -0.356177 0.413671 -0.319451 0.294569 0.900655
6.502591 -70.476555 -2349.469802 2204.373015 -0.030335 0.653616 -0.756219 0.990134 -0.083899 -0.112234 -0.136804 -0.752162 -0.644622
7.674984 -76.661650 -3373.951346 3071.866184 0.010630 0.644083 -0.764882 0.947929 -0.249984 -0.197330 -0.318305 -0.722956 -0.613202
0.997018 -78.913253 -761.245586 1892.761508 0.038929 0.640332 -0.767111 0.956924 -0.244935 -0.155893 -0.287715 -0.727999 -0.622284
5.553733 -81.770726 -2912.982214 3475.639649 0.033487 0.642113 -0.765878 0.869193 -0.396972 -0.294817 -0.493338 -0.655823 -0.571413
-0.731703 -82.737442 1.272640 2088.925654 0.080471 0.637055 -0.766606 0.882723 -0.402762 -0.242038 -0.462951 -0.657224 -0.594754
99.438235 -103.291136 26269.678158 30268.559853 0.283301 0.299519 -0.911059 0.957604 -0.036548 0.285759 0.052293 -0.953390 -0.297175
67.345114 -132.393948 18803.464833 20793.660275 0.280271 0.294902 -0.913499 0.950358 -0.219239 0.220803 -0.135160 -0.930036 -0.341709
97.817337 -126.943595 25767.637088 26075.191473 0.379283 0.174721 -0.908635 0.919409 -0.181621 0.348857 -0.104074 -0.967722 -0.229526
38.014166 -156.336550 13690.808392 14089.574378 0.291051 0.279017 -0.915117 0.898044 -0.409474 0.160774 -0.329858 -0.868608 -0.369748
66.459661 -156.446759 22048.651798 20640.254180 0.389234 0.179104 -0.903559 0.876577 -0.373422 0.303592 -0.283035 -0.910208 -0.302347
-21.867075 -112.834209 -149.413168 2276.386125 0.208081 -0.379580 -0.901455 0.977910 0.099423 0.183865 0.019834 -0.919801 0.391883
-20.192378 -116.374168 -88.491226 926.839606 0.201245 -0.384111 -0.901088 0.967726 -0.064480 0.243614 -0.151677 -0.921033 0.358738
-21.920264 -112.575530 788.810375 514.035665 0.178686 -0.322430 -0.929575 0.983876 0.066000 0.166231 0.007754 -0.944290 0.329024
-20.339391 -115.033339 -1408.361284 1724.238418 0.230237 -0.432486 -0.871750 0.972931 0.083958 0.215307 -0.019927 -0.897723 0.440109
-23.216267 -112.193840 632.356141 -424.651113 0.185793 -0.328637 -0.926002 0.965692 0.235093 0.110322 0.181441 -0.914729 0.361040
-23.151024 -113.329475 -335.656233 1142.971781 0.220005 -0.389410 -0.894404 0.960607 0.246076 0.129152 0.169798 -0.887585 0.428208
11.551036 -134.267255 3015.728001 -13739.849644 -0.297650 0.318702 0.899908 0.840880 0.533842 0.089066 -0.452023 0.783225 -0.426888
4.187290 -155.450582 1998.075420 -21336.498982 -0.289194 0.306078 0.907019 0.915093 0.366546 0.168076 -0.281020 0.878613 -0.386092
86.908986 -173.414367 -3021.962574 -88526.377910 0.480338 0.730145 0.485967 -0.457165 0.681276 -0.571719 0.748516 -0.052451 -0.661040
