18757
37501
-29.798130 -45.846196 -1057.442571 3808.725329 0.825185 0.564159 -0.028193 0.452472 -0.630296 0.630869 -0.338141 0.533340 0.775377
-32.325389 -50.550829 -440.033707 3548.136003 0.875630 0.481644 -0.035935 0.368842 -0.618810 0.693563 -0.311814 0.620559 0.719499
-36.909690 -56.910384 -491.199453 3906.316221 0.679454 0.698344 -0.225071 0.614728 -0.374350 0.694242 -0.400564 0.610063 0.683646
-25.950948 -40.637723 -765.997593 2571.578556 0.951836 0.280682 0.123392 0.154250 -0.786171 0.598450 -0.264982 0.550593 0.791601
-25.559251 -51.771866 2072.581067 6987.956470 -0.580378 -0.784692 0.217761 0.736195 -0.391266 0.552202 -0.348106 0.480800 0.804769
-25.465462 -36.190508 -830.528846 2841.031096 0.895341 0.437269 0.084623 0.332351 -0.782431 0.526635 -0.296493 0.443393 0.845869
26.907720 -76.686271 -2169.564993 4598.811409 0.430936 0.902044 0.024717 0.898516 -0.426395 -0.104197 0.083451 -0.067110 0.994250
40.889524 -76.310246 -5521.631654 4962.491021 0.395508 0.917349 -0.045226 0.901693 -0.397182 -0.170867 0.174707 -0.026800 0.984256
35.601207 -71.066906 -3440.366804 5835.992790 0.430548 0.902539 -0.007137 0.856995 -0.411277 -0.310500 0.283173 -0.127569 0.950547
33.029970 -62.426493 -1873.525212 4853.234006 0.511109 0.859398 0.014243 0.777112 -0.454964 -0.434860 0.367238 -0.233329 0.900385
24.894354 -67.237389 -1615.319296 5218.821310 0.478276 0.875469 0.069327 0.858522 -0.449474 -0.246808 0.184912 -0.177561 0.966581
16.881723 -59.473009 1091.169570 -5306.988761 0.853259 -0.011275 0.521366 -0.384838 -0.688299 0.614934 -0.351922 0.725339 0.591636
17.145744 -50.039775 414.626777 -5143.739607 0.827214 -0.014310 0.561705 -0.462632 -0.584691 0.666414 -0.318888 0.811130 0.490285
14.543591 -47.250986 2131.884988 -4431.526845 0.857171 -0.051563 0.512444 -0.440982 -0.587489 0.678521 -0.266068 0.807588 0.526317
12.470077 -51.193744 1865.796984 -4664.878700 0.876071 -0.051638 0.479409 -0.402925 -0.624536 0.669034 -0.264860 0.779287 0.567945
9.209683 -39.054142 2146.947803 -2673.214366 0.872855 -0.072620 0.482545 -0.440125 -0.544223 0.714221 -0.210746 0.835792 0.506990
65.763484 -128.238691 11127.743494 1222.215444 -0.247694 0.044105 -0.967834 0.740138 -0.636000 -0.218403 -0.625175 -0.770428 0.124890
40.632411 -122.125159 7459.606046 12990.668427 -0.190203 0.072118 -0.979092 0.899706 -0.386296 -0.203235 -0.392876 -0.919551 0.008589
34.268983 -128.339430 6828.355249 100.140292 -0.119643 0.083966 -0.989260 0.739533 -0.657267 -0.145227 -0.662402 -0.748966 0.016542
65.594509 -131.831381 -13063.677474 12986.201387 0.170059 -0.076868 0.982431 -0.506946 0.848090 0.154109 -0.845036 -0.524247 0.105257
89.242644 -131.869829 -11273.040975 14223.759757 0.344036 0.015682 0.938826 -0.510986 0.841961 0.173189 -0.787739 -0.539310 0.297678
14.076363 -37.577419 -5175.457390 1107.541607 0.934892 0.139923 -0.326187 -0.265770 -0.333153 -0.904641 0.235250 -0.932433 0.274275
13.634624 -36.962324 -3727.894701 1973.085740 0.933848 0.163313 -0.318210 -0.239140 -0.376488 -0.895025 0.265971 -0.911913 0.312527
23.743352 -37.541838 102.950108 1280.659330 0.916425 0.273089 -0.292554 -0.201087 -0.317823 -0.926581 0.346020 -0.907971 0.236346
22.956456 -33.747158 -3181.705378 -377.644319 0.932376 0.205887 -0.297128 -0.243932 -0.248261 -0.937477 0.266780 -0.946561 0.181250
26.726217 -34.997566 549.682264 1997.582203 0.910492 0.345609 -0.227064 -0.156465 -0.220350 -0.962790 0.382783 -0.912140 0.146551
25.436199 -36.249680 2210.650474 1473.888583 0.896946 0.361755 -0.254208 -0.138545 -0.316034 -0.938578 0.419874 -0.877072 0.233346
0.433612 -31.525703 -1532.021505 -1063.290520 0.758803 0.626274 -0.178882 -0.381759 0.205132 -0.901211 0.527711 -0.752131 -0.394740
1.815575 -30.929295 1084.249513 -404.548043 0.768235 0.632816 -0.096740 -0.346512 0.283992 -0.894023 0.538278 -0.720342 -0.437452
3.733452 -30.606245 -95.666767 -2451.523544 0.774166 0.625308 -0.098271 -0.265008 0.179197 -0.947449 0.574837 -0.759525 -0.304440
-0.856067 -35.928505 -885.169020 1556.588562 0.733519 0.646374 -0.210121 -0.486239 0.283050 -0.826713 0.474891 -0.708579 -0.521915
2.474709 -31.117024 -1974.142320 -2677.606996 0.773917 0.616518 -0.144766 -0.288158 0.139263 -0.947402 0.563930 -0.774927 -0.285432
0.273142 -35.162882 -685.056404 -496.070604 0.728547 0.645799 -0.228394 -0.452202 0.202986 -0.868510 0.514522 -0.736031 -0.439916
-0.424437 -32.743424 -422.175898 -170.068173 0.627214 0.718675 -0.300181 -0.719683 0.682139 0.129394 -0.297758 -0.134878 -0.945065
0.688780 -35.097154 260.222936 -193.141705 0.601570 0.748385 -0.279344 -0.708458 0.661395 0.246260 -0.369054 -0.049761 -0.928075
-0.592785 -35.480884 -461.094865 -649.856787 0.600768 0.742673 -0.295829 -0.697722 0.667743 0.259427 -0.390207 -0.050551 -0.919338
-0.887707 -36.250276 -814.519873 -946.170188 0.596242 0.745214 -0.298582 -0.687747 0.666002 0.288869 -0.414125 -0.033113 -0.909617
-2.541344 -32.805415 -969.005677 -314.199386 0.616318 0.727149 -0.302336 -0.720263 0.675722 0.156909 -0.318391 -0.121056 -0.940198
15.876789 -57.343297 1571.114095 -6633.195320 0.573010 0.812882 -0.104317 0.489082 -0.441310 -0.752359 0.657616 -0.380090 0.650441
15.532063 -67.915108 1815.285863 -7477.839814 0.571218 0.810242 -0.131218 0.360436 -0.391240 -0.846769 0.737425 -0.436394 0.515524
17.497145 -59.219933 146.269229 -5438.191264 0.627317 0.774207 -0.084128 0.414787 -0.423597 -0.805305 0.659109 -0.470287 0.586861
15.235952 -54.493771 -651.025418 -836.126521 0.645978 0.761621 -0.051434 0.500640 -0.473561 -0.724637 0.576256 -0.442350 0.687208
15.534283 -53.626272 -1694.171024 -4399.304501 0.689243 0.723493 -0.038756 0.435753 -0.456672 -0.775609 0.578847 -0.517695 0.630022
16.230664 -60.334747 -1314.561838 -2547.542020 0.685614 0.723795 -0.077814 0.283456 -0.363891 -0.887264 0.670513 -0.586263 0.454652
1.567701 -82.646890 1380.363312 2830.286374 0.314440 0.940890 -0.125910 0.454508 -0.265668 -0.850201 0.833396 -0.210110 0.511179
1.455379 -75.449995 1977.678741 2669.331393 0.302609 0.945154 -0.122927 0.232322 -0.198228 -0.952225 0.924367 -0.259593 0.279566
6.488152 -76.346346 1654.373761 1440.725833 0.336615 0.931615 -0.137056 0.290224 -0.241108 -0.926087 0.895801 -0.271958 0.351538
-3.976216 -79.801382 1596.133148 3651.967842 0.292749 0.950432 -0.104771 0.376542 -0.215306 -0.901032 0.878928 -0.224326 0.420908
8.059222 -78.218933 2621.698237 1365.766211 0.319627 0.933358 -0.163342 0.415712 -0.293038 -0.860995 0.851482 -0.207294 0.481672
4.679665 -84.437452 2411.051162 2371.437648 0.301374 0.942519 -0.144328 0.594307 -0.304046 -0.744550 0.745635 -0.138613 0.651778
-4.316324 -83.380141 1112.051738 2009.546022 0.313132 0.943234 -0.110715 0.566711 -0.279126 -0.775195 0.762094 -0.179995 0.621945
-1.288833 -85.419543 1240.885447 911.842401 0.309294 0.943920 -0.115549 0.658445 -0.300237 -0.690151 0.686139 -0.137377 0.714381
5.123447 -107.826133 -582.350879 3098.614620 0.552501 0.808034 -0.204509 -0.759748 0.589127 0.275159 -0.342819 -0.003350 -0.939396
3.039628 -112.261980 -355.444182 -250.019908 0.542881 0.810840 -0.218674 -0.813507 0.572394 0.102817 -0.208536 -0.122075 -0.970366
4.110231 -116.763297 -1034.329917 -1604.284405 0.564414 0.798427 -0.209645 0.819971 -0.571581 0.030707 -0.095312 -0.189235 -0.977295
1.958756 -114.661562 -595.944587 1644.535590 0.566333 0.795863 -0.214169 0.823230 -0.533802 0.193255 0.039481 -0.285758 -0.957488
6.158254 -120.577023 -1006.708255 5757.747531 0.565066 0.795433 -0.219057 -0.798875 0.593847 0.095628 -0.206153 -0.120963 -0.971014
4.148316 -125.231604 -424.774357 -2813.257498 0.578655 0.791841 -0.195311 0.812275 -0.538034 0.225232 0.073264 -0.288978 -0.954528
2.776488 -117.479380 -1128.983879 -1251.101327 0.582227 0.786186 -0.207177 0.803681 -0.518011 0.292852 0.122916 -0.337011 -0.933443
-10.663843 -51.001994 -567.045577 -4105.762254 0.518268 0.798071 -0.307377 -0.368180 0.532612 0.762081 -0.771908 0.281793 -0.569870
-11.530401 -61.315567 107.488038 -5405.273138 0.507383 0.810330 -0.293134 -0.311689 0.489719 0.814263 -0.803375 0.321776 -0.501047
-10.675993 -64.416622 -42.822315 -4864.688550 0.521218 0.806327 -0.279586 -0.258774 0.461503 0.848558 -0.813245 0.369934 -0.449200
-12.178227 -76.996440 374.492578 -4900.230765 0.491698 0.842276 -0.220917 -0.154187 0.333911 0.929908 -0.857006 0.423171 -0.294051
0.885919 -31.458491 -5546.093186 -1357.844105 0.473184 -0.011210 0.880893 0.877513 0.094420 -0.470166 -0.077904 0.995469 0.054515
0.554655 -38.048886 -4962.985027 -2764.859410 0.314645 -0.008602 0.949171 0.949191 -0.003407 -0.314682 0.005941 0.999957 0.007093
8.448101 -28.884644 -2586.998015 -580.577845 0.456295 -0.056322 0.888044 0.888978 0.072471 -0.452179 -0.038890 0.995779 0.083137
10.552833 -23.644646 612.511604 114.702756 0.581611 -0.109893 0.806010 0.810344 0.165002 -0.562242 -0.071206 0.980152 0.185018
5.090850 -26.793410 -3353.792166 -167.898381 0.583485 -0.021754 0.811833 0.802733 0.167033 -0.572469 -0.123150 0.985711 0.114924
-0.248656 -72.598877 376.165916 1650.054276 0.465469 0.884644 -0.027256 -0.735845 0.403921 0.543488 -0.491803 0.232921 -0.838974
-0.426741 -67.928660 412.829930 2229.583857 0.453674 0.890935 -0.020389 -0.614761 0.329443 0.716614 -0.645174 0.312575 -0.697172
2.588027 -66.482453 -234.086795 1496.561125 0.439523 0.897985 -0.021058 -0.642749 0.330800 0.690974 -0.627450 0.290164 -0.722573
2.430221 -70.681055 -157.764611 1233.000368 0.443224 0.896136 -0.022189 -0.756315 0.387127 0.527372 -0.481187 0.216962 -0.849345
-8.175719 -33.304989 -549.231436 -1538.006766 0.672531 0.692552 -0.260908 0.730275 -0.678186 0.082227 -0.119997 -0.245835 -0.961855
-7.735341 -32.126870 -945.248047 -242.909011 0.656555 0.702955 -0.273475 0.737758 -0.673947 0.038850 -0.156998 -0.227265 -0.961094
-8.204882 -31.574054 409.908801 -1525.420827 0.666358 0.709492 -0.229320 0.738436 -0.670567 0.071085 -0.103340 -0.216706 -0.970752
-6.308588 -34.927868 -1162.263089 -824.935366 0.662418 0.689087 -0.293873 0.735186 -0.673324 0.078337 -0.143891 -0.267943 -0.952629
4.098562 -51.816619 417.163379 291.326584 0.651726 0.740165 -0.165559 0.751213 -0.599843 0.275441 0.104563 -0.303882 -0.946954
3.636741 -53.930548 360.027313 715.507175 0.620311 0.767976 -0.159455 0.781505 -0.587835 0.209044 0.066808 -0.254287 -0.964818
2.436223 -51.333530 467.740167 -421.002539 0.596241 0.784876 -0.168720 0.801502 -0.593951 0.069408 -0.045735 -0.176613 -0.983217
-6.124176 -91.643024 540.866666 -712.160691 -0.105797 0.153585 -0.982455 0.888602 0.458047 -0.024085 0.446312 -0.875559 -0.184936
-5.496468 -93.039145 885.427504 -3422.774461 -0.082310 0.185846 -0.979125 0.768783 0.637028 0.056285 0.634190 -0.748102 -0.195309
-7.331025 -93.537814 411.985225 -4236.249109 -0.062964 0.163825 -0.984478 0.794026 0.605821 0.050030 0.604614 -0.778552 -0.168226
-8.658895 -101.899439 41.560281 5136.142419 -0.140364 0.127079 -0.981911 0.943031 0.319301 -0.093482 0.301645 -0.939094 -0.164658
-5.198679 -94.047101 758.764694 3687.136574 -0.138849 0.157968 -0.977633 0.960742 0.260931 -0.094289 0.240200 -0.952345 -0.187996
-8.780372 -94.649025 -9.161223 -905.532950 -0.076300 0.135467 -0.987840 0.857682 0.514163 0.004263 0.508488 -0.846927 -0.155419
-8.965676 -25.346359 820.174125 -80.124584 -0.485853 -0.774599 0.404899 0.779139 -0.173893 0.602248 -0.396092 0.608077 0.688007
-8.505246 -24.081386 475.347684 452.505665 -0.421175 -0.774494 0.471986 0.806346 -0.081501 0.585802 -0.415233 0.627309 0.658836
-8.108165 -25.749277 326.742326 399.419361 -0.476239 -0.782142 0.401810 0.764017 -0.141857 0.629408 -0.435287 0.606738 0.665127
-7.979289 -22.663778 607.519410 -460.298314 -0.393548 -0.779576 0.487218 0.786157 -0.010675 0.617934 -0.476526 0.626216 0.617071
-44.978691 -542.673541 -1174.211737 130669.722743 -0.420222 -0.189915 0.887325 0.818401 0.343064 0.461006 -0.391961 0.919913 0.011263
-38.449552 -925.985639 -529.624680 261386.099863 -0.478277 -0.173520 0.860896 0.711955 0.497324 0.495771 -0.514170 0.850035 -0.114320
-94.784587 -987.084409 -106.852551 259538.403980 -0.379083 -0.030476 0.924861 0.522263 0.818016 0.241021 -0.763896 0.574387 -0.294180
-88.894674 -1307.098556 7399.459126 320105.996192 -0.362255 -0.068988 0.929522 0.515557 0.815982 0.261485 -0.776513 0.573946 -0.260026
-359.143069 -9080.103529 110575.513542 11686195.676911 0.069362 0.240106 -0.968265 0.430708 0.868271 0.246164 0.899822 -0.434114 -0.043191
-8.445050 -3885.915475 -388.553718 1917863.553199 -0.044290 -0.499605 0.865120 0.931375 -0.333881 -0.145134 0.361357 0.799324 0.480107
-613.659916 -2629.300588 131294.265055 6727196.528492 0.001476 0.192952 -0.981207 0.546725 0.821421 0.162353 0.837311 -0.536691 -0.104279
-197.747886 -4072.645427 40770.556917 -1959707.005621 -0.014172 0.301680 -0.953304 0.901637 -0.408304 -0.142614 -0.432262 -0.861555 -0.266219
-3.352970 -27.015813 1824.653477 1815.173123 0.840944 0.404120 0.359861 -0.009188 -0.654267 0.756208 -0.541044 0.639235 0.546489
-2.263691 -20.284961 1204.222750 2427.141288 0.829551 0.467250 0.305815 0.112485 -0.676220 0.728062 -0.546985 0.569565 0.613517
14.776077 -25.985137 6435.810965 1160.359693 0.849339 0.461047 0.257020 0.087643 -0.603338 0.792655 -0.520521 0.650707 0.552846
-6.093564 -21.900960 -388.858243 2395.560792 0.816087 0.479323 0.322880 0.093113 -0.660436 0.745087 -0.570379 0.577991 0.583604
6.120089 -29.480919 6071.786127 731.818520 0.862211 0.402840 0.307104 -0.023147 -0.574301 0.818317 -0.506021 0.712670 0.485844
-8.101015 -28.064512 -377.515129 1997.627328 0.816450 0.445228 0.367670 -0.001906 -0.634669 0.772782 -0.577413 0.631639 0.517327
-3.390126 -68.449841 -18.684693 3492.354811 0.056230 0.097186 -0.993676 0.956534 0.279997 0.081513 0.286148 -0.955069 -0.077218
-2.528849 -61.051528 -76.936212 1794.413819 0.078414 0.103438 -0.991540 0.892635 0.435591 0.116033 0.443908 -0.894182 -0.058176
-3.293688 -67.150080 -775.591339 2679.613365 0.053815 0.067065 -0.996296 0.944101 0.321552 0.072641 0.325233 -0.944514 -0.046011
-9.526432 -63.375950 110.825904 -1119.522450 0.081100 0.151661 -0.985100 0.481341 0.859502 0.171952 0.872773 -0.488115 -0.003296
-9.246492 -63.692079 -668.175046 -2086.113093 0.123660 0.157911 -0.979680 0.518329 0.831594 0.199467 0.846194 -0.532462 0.020985
-7.868943 -59.701162 -250.803028 -2115.827000 0.086661 0.129102 -0.987837 0.617372 0.771259 0.154958 0.781883 -0.623292 -0.012866
5.568943 -21.453640 -1147.446910 47.898151 0.694288 0.705666 -0.141419 0.625246 -0.688724 -0.367051 0.356414 -0.166418 0.919388
5.803419 -22.044206 902.002464 -204.300418 0.694251 0.689251 -0.207241 -0.610887 0.716556 0.336697 0.380568 -0.107151 0.918524
3.564092 -21.145710 137.254703 -98.572981 0.680467 0.712340 -0.171862 0.604052 -0.678056 -0.418761 0.414832 -0.181139 0.891685
2.291958 -21.787760 -1266.795976 -44.509898 0.660863 0.742445 -0.109706 0.647234 -0.637803 -0.417487 0.379932 -0.204896 0.902036
3.782665 -22.521487 -2320.619840 228.308286 0.681047 0.725402 -0.099837 0.650162 -0.661782 -0.373274 0.336844 -0.189307 0.922333
-1.258531 -49.315037 189.065488 106.101487 0.531960 0.843090 -0.078852 -0.068716 0.135796 0.988351 -0.843976 0.520345 -0.130172
-1.105968 -48.658770 -304.370858 1169.955325 0.515150 0.854814 -0.062559 0.036846 0.050835 0.998027 -0.856308 0.516439 0.005308
-1.426510 -48.066534 -116.457742 1171.899303 0.520967 0.851014 -0.066091 0.073583 0.032365 0.996764 -0.850399 0.524144 0.045759
-1.104893 -53.130278 -207.824685 -478.836779 0.521008 0.852825 -0.035210 0.147302 -0.049205 0.987867 -0.840745 0.519873 0.151259
-1.729794 -56.328108 4.119461 -2122.107083 0.534863 0.844318 -0.032382 0.180237 -0.076568 0.980639 -0.825492 0.530343 0.193131
-0.229436 -43.518257 605.101233 1030.067780 0.466735 0.883543 -0.038868 -0.270310 0.184363 0.944956 -0.842075 0.430538 -0.324879
0.297310 -40.903394 42.236710 482.103395 0.470144 0.878006 -0.089834 -0.225744 0.218026 0.949476 -0.853232 0.426111 -0.300708
1.126832 -42.043025 300.263897 -2829.522081 0.466008 0.883220 -0.052535 -0.172500 0.148931 0.973686 -0.867802 0.444683 -0.221758
-6.975772 -23.202598 -153.219618 214.362658 0.868596 0.390655 -0.304846 -0.275586 0.892121 0.358012 0.411818 -0.226956 0.882551
-7.182636 -25.535648 -564.619463 264.220863 0.901064 0.293356 -0.319413 -0.176740 0.920967 0.347251 0.396037 -0.256443 0.881698
-8.296574 -24.781118 -793.144509 247.550596 0.902488 0.279086 -0.328064 -0.139000 0.909639 0.391454 0.407669 -0.307682 0.859731
35.915486 17.994909 -6731.307369 -1017.214217 0.054411 -0.268980 -0.961608 0.885419 0.458191 -0.078065 0.461598 -0.847178 0.263090
32.250855 16.272206 4040.522075 -928.102796 0.082933 0.086568 -0.992788 0.886150 0.449358 0.113208 0.455917 -0.889148 -0.039446
35.684541 17.929532 7141.972993 -373.786944 -0.113135 0.046940 -0.992470 0.870997 0.485321 -0.076334 0.478084 -0.873075 -0.095791
11.578493 -150.535597 -227.676585 -10330.807629 0.590847 0.806421 -0.024196 -0.052325 0.068231 0.996296 -0.805085 0.587393 -0.082510
11.045232 -177.749715 -542.179028 -5292.299750 0.624553 0.780897 0.011551 0.092192 -0.088404 0.991809 -0.775522 0.618373 0.127206
10.253101 -159.834754 -704.926879 -4031.781485 0.589646 0.807030 0.031953 0.214875 -0.194886 0.957000 -0.778554 0.557425 0.288324
10.412477 -161.206870 -199.109772 -14767.737550 0.599965 0.800009 0.005289 0.087864 -0.072462 0.993493 -0.795187 0.595596 0.113766
-61.003692 -260.506004 17704.537418 10358.930172 0.327536 0.942666 0.064032 -0.487935 0.226792 -0.842903 0.809098 -0.244837 -0.534242
-10.009937 -294.200873 14221.601416 -15559.844320 0.215972 0.967876 0.128736 -0.363974 0.202150 -0.909208 0.906024 -0.149507 -0.395940
-31.063521 -326.831722 17313.537059 -56530.291343 0.253076 0.960757 0.113568 -0.059195 0.132548 -0.989407 0.965634 -0.243673 -0.090417
-24.373821 -399.071691 11946.618664 98535.468888 0.263224 0.956878 0.122873 -0.767445 0.284867 -0.574351 0.584586 -0.056884 -0.809335
35.213258 -58.984486 3036.832581 -407.061924 0.788175 0.436964 -0.433408 -0.514559 0.854209 -0.074534 0.337653 0.281760 0.898110
37.678987 -77.455687 2422.675652 5126.931728 0.804728 0.440407 -0.398065 0.538037 -0.824434 0.175567 0.250857 0.355457 0.900400
37.000336 -61.824431 5383.493107 1971.461370 0.778905 0.364411 -0.510404 0.506500 -0.845451 0.169324 0.369818 0.390407 0.843100
28.594930 -67.783413 -2354.173600 -1278.196816 0.794224 0.546823 -0.264941 0.577415 -0.814988 0.048853 0.189210 0.191781 0.963026
-16.789546 -21.786026 1880.202540 -1520.554254 0.339404 0.912189 -0.229598 -0.064755 0.266166 0.961750 -0.938409 0.311555 -0.149407
-15.199375 -20.651487 1328.851946 -392.493250 0.316715 0.947944 0.033066 -0.194558 0.030805 0.980407 -0.928353 0.316943 -0.194187
-18.360070 -19.957766 -1009.305203 2170.548856 -0.105193 0.300737 0.947888 0.326955 0.910645 -0.252636 -0.939167 0.283341 -0.194121
28.833477 -27.376947 3005.759451 2156.275717 0.565088 0.733362 -0.377962 0.824886 -0.493630 0.275486 0.015457 -0.467450 -0.883885
39.439858 -35.857671 5956.420549 -908.333343 0.558498 0.780768 -0.280147 0.829138 -0.515396 0.216557 0.024694 -0.353227 -0.935212
42.815522 -35.798133 7327.903728 -2024.652826 0.567468 0.757957 -0.321685 0.821758 -0.545953 0.163244 -0.051894 -0.356983 -0.932668
23.404692 -18.734477 7468.169125 1526.241077 0.315631 0.810785 -0.492955 0.947806 -0.294123 0.123108 -0.045176 -0.506082 -0.861301
21.348790 -12.328721 -335.153172 -311.885527 0.533952 0.702059 -0.471178 0.845490 -0.439050 0.303944 0.006516 -0.560668 -0.828015
10.321956 -42.841575 -8083.915867 -5887.829585 0.733006 0.501090 -0.460011 -0.673675 0.628375 -0.388981 -0.094145 -0.595024 -0.798175
-36.491825 -41.690862 -1635.582747 -1088.627550 0.283126 0.942779 -0.176089 -0.631660 0.045141 -0.773930 0.721696 -0.330348 -0.608296
-40.182849 -42.265516 -926.247290 -241.623612 -0.203082 0.833036 -0.514596 -0.637013 -0.511528 -0.576675 0.743621 -0.210692 -0.634537
-38.588167 -41.792643 -1577.538989 -349.290021 -0.022334 0.892001 -0.451481 -0.622019 -0.365941 -0.692227 0.782683 -0.265370 -0.563015
3.501336 -31.004896 -150.965468 1772.337541 0.980022 0.074041 -0.184594 0.148561 0.344579 0.926928 -0.132238 0.935833 -0.326696
3.530758 -31.243663 -207.424062 1830.630504 0.971888 0.068644 -0.225215 0.187959 0.349867 0.917750 -0.141793 0.934281 -0.327129
5.012559 -35.888880 -28.349699 1917.059468 0.975217 0.067616 -0.210666 0.160999 0.436234 0.885313 -0.151760 0.897289 -0.414537
4.388363 -33.995167 -182.490697 2086.480856 0.981128 0.079750 -0.176145 0.131944 0.389787 0.911404 -0.141343 0.917445 -0.371909
4.049561 -37.880105 608.605329 1805.654082 0.985921 0.069940 -0.151885 0.103927 0.455277 0.884264 -0.130995 0.887599 -0.441598
7.154056 -41.858608 98.827419 1281.479021 0.977129 0.066347 -0.202031 0.130743 0.561836 0.816851 -0.167704 0.824583 -0.540312
7.565393 -39.552507 -201.825250 1574.524773 0.960321 0.055577 -0.273302 0.202497 0.534887 0.820300 -0.191776 0.843094 -0.502409
-7.087899 -33.285913 1073.283160 -37.676382 0.892964 0.418288 -0.166284 -0.450083 0.834952 -0.316672 -0.006379 -0.357618 -0.933846
-6.537732 -34.176651 912.004192 17.762259 0.860854 0.475314 -0.181678 -0.506821 0.769037 -0.389505 0.045420 -0.427386 -0.902928
-4.258320 -32.465842 -837.354459 287.284164 0.866709 0.455307 -0.203744 -0.498766 0.785330 -0.366727 0.006967 -0.419466 -0.907744
-3.775048 -34.807565 1789.840415 -147.602037 0.869769 0.464213 -0.167358 -0.493421 0.813924 -0.306697 0.006156 -0.349334 -0.936978
-2.082109 -33.945275 -1145.138999 1442.185812 0.836020 0.544805 -0.065253 -0.547844 0.822155 -0.154690 0.030628 -0.165072 -0.985806
-3.806339 -31.251701 -1480.871566 -2035.304102 0.860843 0.506310 -0.050995 -0.508427 0.851573 -0.127775 0.021268 -0.135921 -0.990491
-3.474372 -35.435017 -1555.574529 2073.524968 0.833244 0.549258 -0.063398 -0.552131 0.820523 -0.147966 0.029252 -0.158296 -0.986958
-7.250115 -34.046921 -1641.698859 -39.013956 0.846794 0.530155 -0.043303 -0.530677 0.836448 -0.136885 0.036350 -0.138893 -0.989640
-7.044916 -35.182990 -1400.168041 3126.617764 0.833997 0.550362 -0.039385 -0.547626 0.816891 -0.181092 0.067492 -0.172598 -0.982677
-6.545416 -44.053298 -48.626672 3640.565668 0.705290 0.707626 0.042792 -0.465288 0.416521 0.781036 -0.534858 0.570768 -0.623018
-5.377547 -43.278222 -64.066250 4651.535248 0.712075 0.701059 0.038290 -0.459253 0.423830 0.780676 -0.531071 0.573485 -0.623762
-6.635509 -42.513658 194.487806 -646.363110 0.711184 0.702776 0.017999 -0.540005 0.529715 0.654061 -0.450124 0.474877 -0.756227
-5.888726 -42.657874 13.653013 -1320.516391 0.710544 0.703602 0.008388 -0.534416 0.531857 0.656908 -0.457741 0.471245 -0.753924
-6.644644 -44.409574 645.326026 -4732.705053 0.712892 0.701257 -0.004968 -0.601838 0.615430 0.508957 -0.359967 0.359841 -0.860778
-6.616929 -44.005214 658.415622 -4481.693676 0.730308 0.683054 -0.009359 -0.585863 0.633322 0.505636 -0.351304 0.363787 -0.862696
1.743270 -28.408749 745.860135 1937.790968 -0.773367 -0.627858 0.087737 -0.627615 0.777790 0.033788 -0.089455 -0.028935 -0.995570
1.865646 -26.286033 -399.563396 1440.365035 0.767902 0.634072 -0.090989 -0.638806 0.768552 -0.035427 -0.047467 -0.085329 -0.995222
2.009894 -28.342698 718.919484 1866.744218 -0.772421 -0.628715 0.089900 -0.627552 0.777317 0.044236 -0.097693 -0.022249 -0.994968
1.382782 -32.451119 409.245475 -2331.155919 -0.764888 -0.637953 0.089232 -0.634094 0.770070 0.070126 -0.113452 -0.002943 -0.993539
1.664312 -32.162073 168.334716 -3030.424669 -0.757845 -0.647330 0.081449 -0.643657 0.762210 0.068863 -0.106658 -0.000238 -0.994296
1.531682 -28.222173 -68.614854 1927.630076 -0.757973 -0.648338 0.071656 -0.646915 0.761251 0.044708 -0.083534 -0.012468 -0.996427
-0.359214 -25.672303 -757.080945 3501.788507 0.443861 0.888642 -0.115337 0.389718 -0.075531 0.917832 -0.806912 0.452339 0.379845
-1.552524 -24.371922 -461.297516 2850.874218 0.460167 0.885332 -0.066581 0.373562 -0.125042 0.919139 -0.805418 0.447829 0.388266
-3.466733 -39.651692 -531.756809 8834.599657 0.469192 0.882269 -0.038217 0.344396 -0.142958 0.927876 -0.813173 0.448514 0.370925
-0.411402 -20.464588 -63.467415 -2334.567066 0.471825 0.877846 -0.082259 0.365309 -0.109725 0.924397 -0.802453 0.466204 0.372457
0.005877 -37.313014 -1280.025017 8668.095111 0.432712 0.892588 -0.126674 0.390388 -0.058865 0.918767 -0.812624 0.447014 0.373927
1.519820 -23.939541 -413.401031 620.210828 0.459899 0.878008 -0.132646 0.377793 -0.058284 0.924054 -0.803595 0.475085 0.358510
-0.500404 -109.896478 216.397216 -9135.462304 0.841025 0.540629 0.019949 -0.501800 0.793340 -0.344685 0.202173 -0.279879 -0.938506
-2.020487 -97.212611 -456.177562 -7769.186307 0.849731 0.527100 0.011080 -0.480167 0.782408 -0.396582 0.217707 -0.331668 -0.917932
-1.655800 -89.870214 -130.683006 -3163.057343 0.865455 0.500370 0.024858 -0.416344 0.745945 -0.519830 0.278650 -0.439539 -0.853908
0.147487 -96.281841 -644.820856 -7001.518860 0.867606 0.497162 0.009482 -0.433476 0.765533 -0.475455 0.243637 -0.408397 -0.879689
-4.140840 -61.575570 1071.650411 -3993.851735 0.665056 0.733713 0.139161 -0.676705 0.670900 -0.303254 0.315865 -0.107510 -0.942693
-1.663721 -66.165144 942.405847 -8469.406190 0.663035 0.734142 0.146360 -0.695171 0.676370 -0.243433 0.277708 -0.059660 -0.958811
-1.554167 -60.799130 618.569807 -3532.503907 0.665818 0.732598 0.141374 -0.674472 0.671999 -0.305785 0.319021 -0.108244 -0.941546
0.939944 -60.611902 620.288850 -4198.207463 0.662311 0.735057 0.145037 -0.672466 0.668563 -0.317509 0.330353 -0.112757 -0.937098
-10.885694 -34.155892 2208.200202 2778.403246 0.417689 0.058455 0.906708 0.868859 0.266177 -0.417414 -0.265745 0.962150 0.060390
-6.878276 -29.714179 2057.591095 2489.438854 0.407804 0.031310 0.912533 0.880105 0.252638 -0.401980 -0.243127 0.967054 0.075471
-10.319572 -25.922890 1425.657541 1876.160082 0.583539 0.094711 0.806543 0.789297 0.167480 -0.590729 -0.191029 0.981316 0.022976
-15.582394 -30.023937 1761.223786 2139.115665 0.587370 0.133021 0.798312 0.784107 0.150750 -0.602038 -0.200429 0.979581 -0.015756
-18.407756 -41.962991 2270.239419 3379.557389 0.369207 0.091867 0.924795 0.877295 0.293902 -0.379440 -0.306657 0.951411 0.027916
2.826826 -30.442820 401.679411 -965.259154 0.715791 0.686268 0.129148 -0.393063 0.243087 0.886798 -0.577187 0.685525 -0.443746
4.302461 -30.446705 412.312491 355.561817 0.724718 0.681149 0.104019 -0.309433 0.186840 0.932385 -0.615659 0.707903 -0.346176
3.153568 -32.621761 -343.906834 -449.543182 0.708815 0.695580 0.117258 -0.370939 0.226162 0.900697 -0.599987 0.681923 -0.418325
2.443006 -30.413463 1234.445954 -696.147411 0.744389 0.661118 0.093850 -0.326232 0.237435 0.914985 -0.582629 0.711722 -0.392422
3.630561 -29.812190 -253.266485 -1054.107420 0.697105 0.702418 0.143716 -0.438857 0.259525 0.860262 -0.566966 0.662764 -0.489177
2.564985 -25.675320 637.240376 -1673.246192 0.693227 0.697929 0.179809 -0.494835 0.279520 0.822804 -0.523998 0.659367 -0.539130
0.641587 -27.575009 1251.123729 -1234.671172 0.727913 0.671699 0.137707 -0.414657 0.271286 0.868599 -0.546078 0.689366 -0.475997
0.067467 -72.182665 197.046275 595.881407 -0.652145 -0.123190 -0.748018 0.310874 0.856474 -0.412080 0.691422 -0.501275 -0.520249
-0.871895 -75.039272 386.282181 2424.622418 -0.648988 -0.101558 -0.753990 0.420236 0.778291 -0.466545 0.634205 -0.619636 -0.462424
0.740882 -75.612578 783.518151 989.171096 -0.649214 -0.109122 -0.752737 0.295468 0.875750 -0.381787 0.700871 -0.470271 -0.536307
1.169252 -78.328708 326.907647 -2607.935918 -0.655435 -0.143263 -0.741540 0.171916 0.927769 -0.331195 0.735425 -0.344559 -0.583462
2.789328 -55.794528 -549.911278 -1051.679731 0.614915 0.788445 -0.015326 -0.315895 0.264083 0.911302 -0.722558 0.555531 -0.411454
4.026999 -59.728844 -456.095327 -680.375755 0.616498 0.787356 0.000844 -0.300071 0.233964 0.924780 -0.727934 0.570378 -0.380501
2.373580 -55.442974 -708.434604 -3506.478614 0.598389 0.801204 0.001238 -0.270956 0.200912 0.941391 -0.753998 0.563654 -0.337314
-0.237420 -51.166819 -825.880297 -5340.250781 0.589521 0.807701 -0.009173 -0.294726 0.225659 0.928555 -0.752065 0.544699 -0.371081
-0.036630 -53.482908 -585.514418 -878.871584 0.611952 0.790309 -0.030429 -0.328355 0.288877 0.899296 -0.719512 0.540335 -0.436280
5.048799 -15.845154 27.486528 1839.826969 0.681169 0.720646 0.129142 -0.612634 0.464477 0.639484 -0.400858 0.514714 -0.757880
5.462279 -20.601778 333.271394 1634.328923 0.691192 0.709073 0.139534 -0.625929 0.490894 0.606000 -0.361202 0.506201 -0.783131
5.043648 -13.954560 208.732707 1962.297972 0.651995 0.738823 0.170421 -0.635186 0.409481 0.654877 -0.414054 0.535226 -0.736269
3.728612 -11.398962 -38.591850 1862.348796 0.659043 0.737311 0.148441 -0.617202 0.417407 0.666959 -0.429796 0.531172 -0.730159
4.288675 -11.686151 87.780118 -2051.563993 0.635141 0.746551 0.198133 0.641082 -0.366443 -0.674339 -0.430824 0.555320 -0.711344
4.177345 -9.720996 -187.152830 -1482.042704 0.616737 0.761803 0.198221 0.649753 -0.350518 -0.674506 -0.444360 0.544787 -0.711161
4.535113 -9.781989 155.454659 -2057.246099 0.607815 0.766514 0.207405 0.662756 -0.345818 -0.664202 -0.437396 0.541171 -0.718205
123.656539 -33.885320 -34961.380057 324.997002 -0.089437 -0.561334 -0.822743 0.974882 -0.218510 0.043108 -0.203976 -0.798222 0.566777
56.105048 -35.320747 -27319.468480 -980.029103 -0.129193 -0.579199 -0.804884 0.982405 -0.185156 -0.024448 -0.134869 -0.793880 0.592929
114.162831 -37.680518 -34963.188468 -2303.582495 -0.042714 -0.497171 -0.866601 0.983058 -0.175669 0.052328 -0.178251 -0.849683 0.496251
-9.763063 -84.631222 -2650.958425 13223.710052 0.375765 0.427221 0.822364 0.685779 0.468667 -0.556829 -0.623304 0.773197 -0.116870
-15.327351 -91.103988 -982.209278 12594.324534 0.470322 0.413647 0.779547 0.611797 0.483787 -0.625823 -0.636005 0.771263 -0.025532
-9.364715 -68.036737 -2383.428696 10373.781562 0.387679 0.397625 0.831625 0.772567 0.351980 -0.528441 -0.502836 0.847351 -0.170737
-16.552378 -112.712093 -727.825677 11634.178869 0.456297 0.417109 0.786011 0.451908 0.652308 -0.608501 -0.766532 0.632862 0.109151
-1.455143 -57.842716 -3497.608707 8693.545570 0.286594 0.369775 0.883816 0.814650 0.391431 -0.427934 -0.504192 0.842644 -0.189055
1.773748 -59.388299 -2295.270831 7942.753276 0.254036 0.310926 0.915855 0.797981 0.467692 -0.380119 -0.546527 0.827399 -0.129303
-3.264961 -89.854178 -4064.960604 12323.149256 0.283360 0.383098 0.879172 0.655647 0.591648 -0.469127 -0.699882 0.709358 -0.083527
-11.003897 -100.560189 -3914.163275 12105.332259 0.334596 0.426171 0.840491 0.558590 0.628625 -0.541117 -0.758962 0.650545 -0.027719
24.041517 -22.587217 6234.049727 181.916891 0.311254 0.771226 -0.555275 0.873709 -0.002379 0.486444 0.373837 -0.636556 -0.674568
9.355284 -20.075813 5499.089980 12.091171 0.365308 0.782007 -0.504990 0.823848 -0.019035 0.566491 0.433387 -0.622979 -0.651209
6.605779 -22.465446 4348.135263 528.397934 0.476833 0.775985 -0.412890 0.774660 -0.149015 0.614571 0.415371 -0.612897 -0.672179
26.002931 -25.407889 7782.010030 1703.090497 0.383124 0.795923 -0.468746 0.847499 -0.101065 0.521086 0.367371 -0.596903 -0.713264
5.334911 -169.798055 968.176060 3706.053927 0.492452 0.362096 0.791440 0.772098 -0.601446 -0.205247 0.401690 0.712144 -0.575757
5.074793 -177.930649 1067.608647 1473.775701 0.471233 0.362493 0.804076 0.877744 -0.282270 -0.387154 0.086626 0.888213 -0.451191
5.367485 -197.155467 -531.532300 3029.465379 0.483796 0.409745 0.773337 0.849275 -0.433203 -0.301774 0.211362 0.802773 -0.557568
6.342456 -162.234955 -1872.706045 -1930.015309 0.462256 0.438787 0.770575 0.886448 -0.206120 -0.414396 -0.023000 0.874632 -0.484242
5.029646 -163.900386 -198.893151 -354.903655 0.472364 0.412220 0.779068 0.873050 -0.340225 -0.349328 0.121059 0.845175 -0.520599
-12.142329 -239.981743 2631.293900 47607.838154 0.212117 0.726156 0.653991 -0.385262 0.677157 -0.626922 0.898098 0.118977 -0.423397
-13.628555 -235.434287 3535.598875 59897.740972 0.221669 0.767338 0.601710 -0.623902 0.585834 -0.517248 0.749406 0.260750 -0.608605
-6.488972 -217.777508 1913.994605 49015.807940 0.245346 0.719268 0.649969 -0.583128 0.645102 -0.493767 0.774446 0.257871 -0.577698
0.309064 -230.271266 1559.321686 46899.797911 0.260560 0.705326 0.659260 -0.560150 0.666608 -0.491799 0.786346 0.241141 -0.568780
-25.113683 -2276.157827 9096.240737 742889.969208 0.220503 0.728072 0.649068 -0.324285 0.682315 -0.655199 0.919901 0.066010 -0.386555
-17.662894 -18.971704 325.921359 -936.118475 0.341530 0.829946 0.441075 -0.720110 -0.070512 0.690268 -0.603986 0.553369 -0.573570
-18.253209 -21.543423 -1324.810986 -1192.052433 -0.093282 0.677386 0.729689 -0.750292 -0.529594 0.395717 -0.654493 0.510567 -0.557639
-18.450646 -20.851770 1748.224591 -781.273678 0.646263 0.759805 0.071000 -0.441411 0.296302 0.846972 -0.622496 0.578707 -0.526875
-11.954475 -26.307367 349.200253 -5.111310 0.390194 0.847255 -0.360426 -0.357416 -0.221377 -0.907329 0.848529 -0.482857 -0.216443
-13.502442 -26.496663 887.566805 399.953588 0.438161 0.850715 -0.290341 -0.360433 -0.129621 -0.923735 0.823470 -0.509393 -0.249831
-11.922553 -26.511348 568.482245 543.735077 0.429096 0.850926 -0.302986 -0.409011 -0.116032 -0.905123 0.805349 -0.512309 -0.298249
-14.024213 -26.019285 315.636269 -677.369771 0.438071 0.851846 -0.287144 -0.252969 -0.189698 -0.948695 0.862613 -0.488234 -0.132389
-10.557108 -26.436954 1254.711678 311.367708 0.332987 0.871857 -0.359144 -0.369565 -0.229737 -0.900357 0.867492 -0.432534 -0.245708
-11.103574 -25.599235 718.934954 -699.780021 0.356100 0.863766 -0.356513 -0.306992 -0.252207 -0.917686 0.882581 -0.436234 -0.175358
-11.631328 -24.283635 243.115686 -1819.676841 0.381890 0.852865 -0.356063 -0.250681 -0.275233 -0.928119 0.889561 -0.443698 -0.108688
0.777397 -37.266910 934.591466 498.032595 0.645703 0.753266 0.125130 0.377761 -0.457535 0.804958 -0.663599 0.472495 0.579987
1.053980 -37.741529 -138.999052 903.524926 0.639961 0.754582 0.145107 0.316709 -0.431078 0.844907 -0.700104 0.494750 0.514856
0.003092 -39.813154 -543.829877 464.911882 0.625443 0.770716 0.121729 0.275822 -0.364321 0.889490 -0.729893 0.522749 0.440442
-0.330800 -40.841396 799.417534 534.011631 0.633700 0.765957 0.108325 0.279140 -0.357009 0.891418 -0.721461 0.534653 0.440046
-3.233589 -89.406436 -1118.440131 -3341.395792 0.694612 0.665090 0.274170 0.294867 -0.610856 0.734785 -0.656177 0.429546 0.620421
-2.694654 -91.082004 191.325864 -2838.138493 0.702084 0.661730 0.263043 0.289773 -0.602918 0.743318 -0.650469 0.445648 0.615051
-2.643510 -93.799848 -1169.455108 3321.234669 0.697136 0.645995 0.310953 -0.415340 0.717430 -0.559273 -0.584375 0.260739 0.768454
-5.349982 -24.616746 431.697913 -667.484759 0.419848 0.860592 0.288286 0.837999 -0.245594 -0.487280 -0.348548 0.446167 -0.824287
-5.367966 -25.060445 31.346631 -620.302849 0.408405 0.862913 0.297635 0.856003 -0.248836 -0.453144 -0.316962 0.439843 -0.840282
-6.117795 -26.903787 109.940666 -641.856603 0.445513 0.855359 0.264345 0.851623 -0.313822 -0.419826 -0.276145 0.412160 -0.868256
-6.100179 -26.426315 -35.727895 -374.790386 0.451006 0.859527 0.240433 0.837100 -0.313914 -0.448020 -0.309610 0.403326 -0.861086
-5.733734 -24.937378 -4.849969 -778.829212 0.420196 0.869249 0.260463 0.823516 -0.244736 -0.511787 -0.381126 0.429546 -0.818678
-5.366376 -23.343363 565.396681 -981.171386 0.401671 0.867271 0.294112 0.816905 -0.194164 -0.543108 -0.413915 0.458413 -0.786468
-256.368410 -670.131247 -53677.718690 494574.529224 -0.384302 0.490784 -0.781948 0.818474 -0.210716 -0.534508 -0.427097 -0.845417 -0.320716
-158.220220 -496.848522 -35832.502498 231916.746204 -0.578044 0.493204 -0.650088 0.677490 -0.153985 -0.719233 -0.454833 -0.856177 -0.245130
-169.966597 -633.035757 -27541.446104 -82569.499314 -0.615691 0.546531 -0.567652 -0.284052 0.518015 0.806831 -0.735010 -0.658001 0.163694
-99.665010 -164.981499 345.907949 -40754.936288 0.182057 -0.129554 0.974716 -0.677514 0.701888 0.219837 -0.712622 -0.700406 0.040009
-9.910058 -768.303827 -4418.585739 -232552.983762 -0.579452 0.005554 -0.814988 0.766998 -0.334422 -0.547610 -0.275591 -0.942407 0.189522
-19.766256 -529.943069 -2999.433323 -178666.352069 -0.559800 0.045622 -0.827371 0.658381 -0.581798 -0.477542 -0.503149 -0.812053 0.295653
-24.149670 -553.328538 -2433.163779 -163127.159689 -0.576847 0.101502 -0.810521 0.774838 -0.246132 -0.582275 -0.258597 -0.963907 0.063333
-19.470634 -563.486196 -2781.656704 -144354.745195 -0.589390 0.031188 -0.807246 0.805892 0.092209 -0.584838 0.056196 -0.995251 -0.079482
0.533498 -41.844311 1778.567766 12673.167437 0.756863 -0.305342 0.577862 0.292580 -0.632324 -0.717331 -0.584427 -0.711992 0.389246
4.877325 -35.578048 1389.311659 5638.646134 0.685272 -0.225723 0.692425 0.391457 -0.687576 -0.611556 -0.614137 -0.690136 0.382816
9.556564 -56.638708 1962.312534 14275.478466 0.722516 -0.246602 0.645878 0.315093 -0.714095 -0.625128 -0.615376 -0.655176 0.438242
8.497386 -28.402358 -68.081122 231.831409 0.885457 0.459050 0.072378 0.149753 -0.134413 -0.979544 0.439932 -0.878183 0.187761
9.995638 -28.275531 520.763999 -1901.876912 0.889949 0.445267 0.098632 0.165430 -0.113638 -0.979653 0.424998 -0.888158 0.174792
9.881486 -28.741240 572.419447 1692.693203 0.889977 0.447102 0.089666 0.162131 -0.126466 -0.978632 0.426208 -0.885498 0.185041
8.965047 -28.568554 -6.299300 3705.759886 0.880376 0.463658 0.099798 0.187393 -0.146761 -0.971259 0.435686 -0.873775 0.216091
-34.918448 -57.339253 -640.313478 2410.422558 0.860445 0.506057 -0.059504 0.352106 -0.506107 0.787322 -0.368315 0.698399 0.613663
-31.899216 -53.529154 -38.693168 3592.030067 0.940488 0.339809 0.003578 0.220231 -0.617482 0.755125 -0.258808 0.709398 0.655571
-29.367008 -45.274602 208.654855 2963.194952 0.972831 0.212533 0.091809 0.099690 -0.742465 0.662425 -0.208952 0.635276 0.743481
32.946790 -79.225190 4416.789992 2607.974421 -0.407788 -0.912621 0.028856 0.912290 -0.405922 0.054344 -0.037883 0.048486 0.998105
51.905536 -75.251755 -8816.113687 4172.502879 0.357094 0.927491 -0.110650 0.930074 -0.364008 -0.049612 0.086292 0.085197 0.992620
-38.648465 -50.922201 3207.336169 1335.520902 -0.217777 0.906340 0.362107 0.497958 0.422270 -0.757447 0.839411 -0.015360 0.543280
-34.109667 -49.017427 2378.742356 1459.498935 -0.274043 0.914745 0.296886 0.498794 0.399128 -0.769352 0.822256 0.062751 0.565647
-35.728198 -51.232075 2847.803828 78.478487 -0.266981 0.893795 0.360350 0.587674 0.447349 -0.674180 0.763781 -0.031775 0.644693
-39.303311 -49.041908 2938.641726 393.098158 -0.082848 0.992519 0.089678 0.435407 0.116994 -0.892599 0.896413 0.034903 0.441843
17.041938 -58.119151 -1064.142098 -6319.735363 0.798451 0.028735 0.601374 -0.457552 -0.620248 0.637133 -0.391309 0.783879 0.482089
23.973730 -103.173250 4954.161686 12411.097393 -0.146656 0.102443 -0.983869 0.971783 -0.170839 -0.162642 -0.184745 -0.979959 -0.074498
45.421644 -101.146005 7678.093147 13919.460704 -0.266182 0.049895 -0.962631 0.952635 -0.138764 -0.270611 -0.147081 -0.989068 -0.010595
25.484071 -75.699549 5724.310538 8638.496980 -0.183298 0.087277 -0.979175 0.982999 0.005411 -0.183532 -0.010720 -0.996169 -0.086785
39.106415 -69.922838 6483.070211 7276.225088 -0.282359 0.004720 -0.959297 0.959114 0.021551 -0.282199 0.019342 -0.999757 -0.010612
51.832483 -86.852515 3785.451624 14152.647456 -0.376405 -0.105417 -0.920438 0.925111 -0.096269 -0.367290 -0.049891 -0.989757 0.133759
2.620315 -37.214839 -6596.301913 1217.794711 0.926307 0.070109 -0.370189 -0.317228 -0.384973 -0.866696 0.203276 -0.920261 0.334362
-0.419177 -36.377576 -3798.389301 -18.455590 0.917874 0.102991 -0.383276 -0.274503 -0.532725 -0.800533 0.286628 -0.839998 0.460703
7.637720 -29.393702 4168.640837 -2051.859687 0.763959 0.643303 -0.050282 -0.256656 0.231447 -0.938382 0.592026 -0.729790 -0.341924
0.494491 -36.482763 402.541976 735.780548 0.765769 0.627402 -0.141296 -0.436419 0.345580 -0.830731 0.472373 -0.697812 -0.538444
1.548761 -35.136722 380.416692 242.501803 0.601922 0.750096 -0.273945 -0.717605 0.658581 0.226526 -0.350331 -0.060234 -0.934687
1.026568 -36.960597 -350.095049 -463.349699 0.577856 0.767019 -0.278863 -0.686326 0.641592 0.342515 -0.441632 0.006533 -0.897172
