10249
20477
-26.490951 -37.560685 119.826253 -1254.659237 0.598982 0.725522 -0.338878 0.269378 -0.581095 -0.767961 0.754093 -0.368708 0.543505
-21.191812 -37.305553 824.089091 -2112.209075 0.460639 0.851563 -0.250302 0.437946 -0.463345 -0.770399 0.772020 -0.245257 0.586374
-23.204082 -31.814576 231.509835 1755.298413 0.626116 0.650972 -0.429203 -0.325209 0.718305 0.615042 0.708673 -0.245507 0.661444
-18.285707 -27.312913 830.397646 -1933.563793 0.518263 0.755016 -0.401690 0.479226 -0.645407 -0.594805 0.708340 -0.115765 0.696313
-24.672390 -34.020259 -286.312983 1467.105818 0.745010 0.394405 -0.537963 -0.070381 0.848453 0.524571 0.663329 -0.352948 0.659865
-19.885085 -27.170040 7.538344 917.700526 0.768166 0.131626 -0.626574 0.036266 0.968123 0.247838 0.639223 -0.213104 0.738905
-23.386083 -32.064396 -202.728383 409.510389 -0.385700 0.921388 -0.047752 0.682392 0.319723 0.657357 -0.620948 -0.220957 0.752065
-22.709698 -30.535168 -323.226597 -165.276597 -0.381239 0.922898 -0.053996 0.744099 0.340991 0.574493 -0.548610 -0.178841 0.816727
-26.577370 -34.186515 -765.288051 86.206527 -0.310079 0.940141 -0.141374 0.721049 0.329477 0.609535 -0.619628 -0.087067 0.780051
-27.068491 -35.454325 -415.470446 756.429839 -0.180653 0.982445 0.046553 0.655194 0.084907 0.750674 -0.733543 -0.166113 0.659031
-23.585946 -33.169840 -139.289757 714.053528 -0.418819 0.907840 -0.020414 0.591569 0.289830 0.752360 -0.688939 -0.303027 0.658436
6.406140 -25.977471 282.102144 1628.526058 0.056717 0.777506 -0.626313 -0.792627 -0.346373 -0.501765 0.607063 -0.524891 -0.596627
8.140246 -30.991447 83.407144 1565.705101 0.049644 0.776115 -0.628634 -0.713955 -0.412565 -0.565737 0.698429 -0.476902 -0.533630
6.528703 -25.393552 -158.025387 1525.988149 -0.021110 0.745822 -0.665811 -0.803383 -0.409048 -0.432732 0.595089 -0.525766 -0.607816
4.327042 -19.550925 91.643996 -1397.728292 0.011212 0.754888 -0.655758 0.851022 0.337119 0.402632 0.525010 -0.562579 -0.638646
9.137114 -24.927479 -1603.407572 70.795160 0.704849 0.555221 0.441495 0.604066 -0.143520 -0.783904 0.371876 -0.819226 0.436550
10.065490 -24.264054 -1319.944933 -50.846392 0.706512 0.565720 0.425208 0.534771 -0.033234 -0.844343 0.463531 -0.823927 0.326011
2.435877 -24.171994 -1685.305508 43.647469 0.739663 0.529334 0.415576 0.533757 -0.085328 -0.841322 0.409880 -0.844112 0.345650
1.100686 -24.731077 -1678.019011 10.127810 0.738484 0.527025 0.420577 0.585930 -0.192934 -0.787060 0.333657 -0.827660 0.451279
3.872981 -25.176960 -1623.118998 110.887233 0.713913 0.538014 0.448183 0.645454 -0.257442 -0.719105 0.271507 -0.802661 0.531055
9.933834 -25.365362 1005.829937 282.219982 -0.666556 -0.601638 -0.440153 0.670328 -0.225425 -0.706996 0.326134 -0.766299 0.553554
-1.111223 -21.616611 -865.275643 55.900070 0.229047 0.967354 -0.108464 -0.680608 0.079489 -0.728323 0.695924 -0.240641 -0.676596
3.322844 -21.392833 -1758.653786 -295.780614 0.221544 0.964010 -0.146981 -0.598488 0.015417 -0.800983 0.769889 -0.265420 -0.580364
12.192692 -21.262126 -3128.937382 222.092851 0.217591 0.955805 -0.197716 -0.703338 0.013095 -0.710735 0.676734 -0.293710 -0.675104
-3.607537 -44.814867 -77.567533 -1198.132918 0.550196 0.655695 -0.517057 -0.179463 0.697585 0.693663 0.815523 -0.288859 0.501481
-0.351752 -49.758612 -4.291559 130.454168 0.554144 0.660397 -0.506755 -0.407049 0.745999 0.527063 0.726110 -0.085795 0.682205
-0.418899 -45.407633 -281.037828 22.443739 0.586572 0.589813 -0.555026 -0.302999 0.795352 0.524982 0.751082 -0.139767 0.645244
-3.553945 -42.899662 -238.940797 -1183.516070 0.577263 0.602467 -0.551182 -0.119064 0.729895 0.673110 0.807831 -0.322936 0.493073
-0.630927 -43.343487 -596.791541 -619.609209 0.618819 0.531314 -0.578592 -0.145748 0.801428 0.580061 0.771894 -0.274624 0.573377
2.905421 -44.609860 -335.025546 63.284662 0.615779 0.499352 -0.609479 -0.308404 0.864565 0.396755 0.725054 -0.056348 0.686383
-8.085356 -49.530678 18.143729 -397.379485 -0.330665 -0.876276 0.350431 0.918828 -0.214151 0.331503 -0.215442 0.431602 0.875959
-7.492768 -50.134262 220.249096 -561.673703 -0.312000 -0.901878 0.298785 0.916150 -0.202297 0.346041 -0.251643 0.381697 0.889372
-7.993381 -51.036427 159.668680 357.179893 -0.346799 -0.880378 0.323519 0.937694 -0.333314 0.098139 0.021434 0.337397 0.941118
-8.045156 -48.351567 -153.217837 370.835176 -0.348084 -0.852754 0.389421 0.937462 -0.315879 0.146239 -0.001696 0.415970 0.909377
-8.310340 -49.625316 -243.817429 -527.051671 -0.352520 -0.834565 0.423358 0.921005 -0.229272 0.314936 -0.165770 0.500936 0.849461
-8.343756 -48.669941 -137.865321 -911.452445 -0.333405 -0.856787 0.393393 0.854177 -0.097910 0.510682 -0.399029 0.506291 0.764491
23.844942 -20.087218 -2651.730996 845.329027 0.878332 -0.246477 0.409612 0.472855 0.573925 -0.668594 0.070294 -0.780935 -0.620645
6.100704 -25.860664 -2110.777136 1196.972246 0.802053 -0.408697 0.435520 0.596749 0.578311 -0.556279 0.024516 -0.706061 -0.707726
18.804819 -29.121083 -3403.347244 1459.890636 0.878242 -0.333697 0.342545 0.473472 0.506099 -0.720894 -0.067198 -0.795305 -0.602473
-6.252864 -22.311373 -131.087222 -319.762625 -0.203818 0.975724 -0.080126 0.926939 0.165995 -0.336497 0.315028 0.142856 0.938269
-7.485823 -23.119594 203.564949 -152.281421 -0.015551 0.983252 -0.181586 0.962043 -0.034772 -0.270672 0.272453 0.178903 0.945391
-8.756361 -21.567744 68.777273 -55.253920 -0.057977 0.989407 -0.133086 0.979274 0.030449 -0.200236 0.194062 0.141937 0.970667
-6.247496 -20.277306 -564.857362 -170.658559 -0.234790 0.971613 -0.029024 0.940718 0.219603 -0.258503 0.244791 0.087997 0.965574
-8.794566 -25.802060 317.447688 262.428123 0.601611 0.368985 -0.708460 0.009174 0.883666 0.468028 0.798737 -0.288070 0.528238
-9.143431 -25.690299 534.713488 -471.905133 0.600720 0.349246 -0.719140 -0.057920 0.916182 0.396556 0.797359 -0.196567 0.570597
-9.910378 -24.522957 348.051517 -208.049563 0.635488 0.365186 -0.680290 -0.020676 0.888811 0.457808 0.771834 -0.276866 0.572379
-10.017479 -25.253365 114.031978 611.708912 0.659059 0.372539 -0.653342 0.024592 0.857561 0.513794 0.751689 -0.354687 0.556023
-10.182437 -24.000225 89.465487 -171.822759 0.686327 0.325665 -0.650306 0.017012 0.886712 0.462008 0.727094 -0.328152 0.603034
5.110690 -87.508248 1099.493061 4918.011937 0.851112 -0.207726 0.482139 0.513987 0.142723 -0.845841 -0.106890 -0.967719 -0.228242
10.161695 -88.418379 1416.268620 6253.827647 0.820534 -0.245011 0.516425 0.547855 0.079413 -0.832796 -0.163033 -0.966263 -0.199391
8.945622 -117.874490 1194.885749 7247.760968 0.859172 -0.265055 0.437686 0.398003 -0.191413 -0.897192 -0.321584 -0.945043 0.058964
7.355993 -67.492248 1333.373611 3472.547314 0.812907 -0.218558 0.539828 0.582345 0.316913 -0.748625 0.007460 -0.922929 -0.384898
0.067376 -80.269684 283.400324 2684.223452 0.855654 -0.201901 0.476541 0.515152 0.243770 -0.821702 -0.049736 -0.948584 -0.312593
1.629440 -70.811870 792.138779 2693.922362 0.849222 -0.178138 0.497080 0.522964 0.413896 -0.745116 0.073006 -0.892724 -0.444650
-11.168576 -23.676767 -202.031106 47.598721 0.688371 0.626235 0.366026 0.316782 0.194403 -0.928362 0.652529 -0.755008 0.064559
-10.743026 -23.327480 -466.869662 -41.599162 0.662421 0.552900 0.505470 0.326606 0.394086 -0.859084 0.674186 -0.734165 -0.080470
-11.406104 -23.964421 378.848609 -54.666723 0.642329 0.643734 0.415956 0.279932 0.308176 -0.909211 0.713478 -0.700453 -0.017748
-7.839074 -22.416817 -1073.230318 8.853181 0.718528 0.542112 0.435698 0.330038 0.285660 -0.899708 0.612203 -0.790262 -0.026337
-10.367824 -25.147856 618.435061 17.640958 0.637122 0.713101 0.292511 0.243926 0.173454 -0.954156 0.731147 -0.679265 0.063432
-6.698653 -23.025728 -1228.200982 177.998802 0.741650 0.550496 0.383288 0.358939 0.157022 -0.920058 0.566673 -0.819938 0.081139
8.075673 -105.328172 1147.652293 -16549.815376 0.464908 -0.086320 0.881141 0.679309 -0.603491 -0.417538 0.567802 0.792684 -0.221930
-14.040223 -36.525617 4819.876910 4160.722401 0.523087 -0.147401 0.839436 0.593495 -0.643877 -0.482893 0.611673 0.750797 -0.249321
-3.019624 -412.199579 4039.591847 -85321.964980 0.808180 -0.360686 0.465566 -0.153626 0.634040 0.757887 0.568546 0.684032 -0.457007
1.788734 -65.220451 -7228.485790 8030.446966 0.630980 -0.018205 0.775586 -0.570593 0.666458 0.479851 0.525631 0.745320 -0.410134
0.652323 -70.737524 -1403.210142 -10734.894820 0.536621 -0.103633 0.837436 0.573083 -0.683683 -0.451832 0.619365 0.722383 -0.307489
5.494539 -10.496340 465.727844 -214.290176 0.382432 0.875066 0.296656 -0.216729 0.397059 -0.891837 0.898206 -0.276773 -0.341501
8.369090 -10.351738 476.737022 85.629740 0.420616 0.848408 0.321380 -0.206089 0.434331 -0.876860 0.883521 -0.302589 -0.357534
7.044744 -10.808242 -22.513984 384.361947 0.397769 0.869961 0.291457 -0.180178 0.385552 -0.904923 0.899620 -0.307436 -0.310109
6.954377 -11.803135 683.944132 -458.437450 0.405338 0.863642 0.299707 -0.255482 0.421803 -0.869949 0.877741 -0.276054 -0.391618
5.268694 -11.084236 -35.443126 -207.564202 0.337875 0.921949 0.189341 -0.239730 0.278837 -0.929935 0.910148 -0.268811 -0.315231
2.791770 -12.255002 520.456939 -645.177366 0.342384 0.914571 0.215251 -0.277190 0.317224 -0.906937 0.897741 -0.250855 -0.362123
-7.063990 -17.283102 -25.965011 -290.162721 -0.282462 -0.870619 -0.402788 0.946963 -0.320132 0.027886 -0.153224 -0.373548 0.914868
-6.836284 -17.478235 -110.627054 -294.197831 -0.197244 -0.913542 -0.355718 0.969994 -0.234471 0.064303 -0.142149 -0.332361 0.932379
-6.335995 -15.815524 23.628370 -499.839132 -0.276049 -0.878382 -0.390181 0.932606 -0.342977 0.112305 -0.232470 -0.332883 0.913863
23.255482 -134.579420 2107.633028 -21079.378814 0.547815 -0.467805 -0.693583 0.822877 0.450840 0.345855 0.150902 -0.760198 0.631924
-130.508816 -454.223906 2409.088376 -58857.930731 -0.035532 -0.311916 -0.949445 0.999099 -0.033152 -0.026499 -0.023211 -0.949531 0.312813
198.647421 -2687.512309 30261.813223 508714.871060 0.866746 -0.148174 0.476232 0.361769 0.844078 -0.395797 0.343330 -0.515341 -0.785206
-171.111802 -319.602230 -17782.706066 34131.949116 -0.573651 0.595681 0.562218 0.743781 0.091313 0.662157 0.343096 0.798014 -0.495438
-122.021585 -160.135888 -13426.806394 8333.598114 -0.601861 0.675866 0.425403 0.790415 0.428070 0.438178 0.114047 0.599967 -0.791854
-123.863407 -175.756447 3924.503012 -1146.197171 0.924114 -0.074718 -0.374740 0.350986 0.553692 0.755138 -0.151068 0.829363 -0.537900
-20.356207 -33.013127 -79.936203 444.709820 0.715696 -0.696725 -0.048519 -0.186902 -0.124128 -0.974505 -0.672939 -0.706517 0.219057
-19.856076 -31.583095 -296.262343 175.046178 0.748450 -0.661420 -0.048431 -0.095866 -0.035642 -0.994756 -0.656226 -0.749168 0.090084
-20.257008 -33.133264 -383.064163 315.980937 0.763743 -0.634178 -0.120477 -0.252666 -0.121942 -0.959839 -0.594017 -0.763511 0.253367
10.505243 -35.548949 74.609517 739.258884 0.659264 0.734992 -0.158608 0.750752 -0.655144 0.084602 -0.041729 -0.174851 -0.983710
9.199600 -32.865699 162.683566 1046.563960 0.638362 0.744194 -0.196644 0.769711 -0.619202 0.155348 -0.006153 -0.250527 -0.968090
8.229898 -31.089966 98.382164 1191.815672 0.680794 0.713966 -0.163620 0.726064 -0.628293 0.279426 0.096700 -0.309030 -0.946123
5.349441 -25.647216 980.213502 -2193.688323 0.736464 -0.676391 -0.010801 -0.393588 -0.415449 -0.820056 -0.550191 -0.608192 0.572182
1.190578 -31.136348 142.386489 -1670.753303 0.787464 -0.588356 0.183681 -0.227272 -0.554180 -0.800770 -0.572929 -0.588831 0.570114
7.521070 -44.223683 601.614310 -3560.017927 0.757498 -0.649338 0.067509 -0.250534 -0.384631 -0.888421 -0.602851 -0.656064 0.454039
17.888260 -46.851168 2235.183373 -4023.517429 0.720496 -0.692155 -0.042517 -0.326750 -0.284773 -0.901187 -0.611653 -0.663194 0.431340
32.571902 -28.680295 4419.334400 -2811.139792 0.610096 -0.769131 -0.190319 -0.541597 -0.229498 -0.808705 -0.578322 -0.596463 0.556575
17.226446 -12.512613 -95.923848 686.374190 -0.061164 0.990373 0.124180 -0.983284 -0.038410 -0.177979 0.171496 0.132990 -0.976167
14.478056 -13.419298 -1858.305852 449.290646 0.040893 0.999155 0.004043 -0.983622 0.040968 -0.175524 0.175541 -0.003201 -0.984467
16.040422 -14.488829 -907.439652 545.051604 -0.056844 0.996511 0.061109 -0.964413 -0.038976 -0.261511 0.258217 0.073800 -0.963264
14.668638 -13.171099 1097.777078 -661.324452 -0.158184 0.956042 0.246904 0.966864 0.099228 0.235217 0.200378 0.275930 -0.940059
16.930075 -17.019762 201.979049 588.604757 -0.107350 0.980135 0.166769 -0.935991 -0.043068 -0.349380 0.335258 0.193600 -0.922020
15.923659 -17.982738 -1612.226583 286.924707 0.032350 0.999436 -0.009040 -0.922986 0.026403 -0.383926 0.383471 -0.020764 -0.923320
-1.998684 -40.424111 378.493295 -2408.438924 -0.546642 -0.795273 -0.262152 0.837109 -0.511243 -0.194627 0.020758 -0.325841 0.945197
-2.057895 -40.818134 -185.507901 -3149.462586 -0.470311 -0.848860 -0.241337 0.882469 -0.450052 -0.136751 0.007468 -0.277288 0.960758
-0.893020 -34.425088 94.323955 -2588.314567 -0.506568 -0.825880 -0.247611 0.852988 -0.521914 -0.004274 -0.125702 -0.213374 0.968850
0.166481 -34.860591 181.457710 -2509.906212 -0.573281 -0.781869 -0.245009 0.813255 -0.579408 -0.053884 -0.099830 -0.230146 0.968022
-0.499790 -41.208606 400.337869 -1761.731861 -0.589576 -0.765017 -0.259130 0.805889 -0.535604 -0.252332 0.054247 -0.357599 0.932298
-2.692487 -46.058571 515.374424 -686.460767 -0.570816 -0.775002 -0.271185 0.793064 -0.434865 -0.426546 0.212645 -0.458546 0.862854
-0.678748 -46.117573 -317.393708 -1113.768602 0.476996 0.758862 0.443400 -0.644611 0.644997 -0.410435 0.597455 0.090045 -0.796831
1.175494 -45.717402 -149.800088 -127.563761 0.507797 0.724862 0.465529 -0.726922 0.650528 -0.219995 0.462306 0.226690 -0.857254
-0.952439 -49.903304 -415.088655 13.005315 0.514744 0.731746 0.446751 -0.759655 0.630841 -0.157999 0.397444 0.258048 -0.880596
5.067912 -16.337260 -276.108521 -1303.876601 0.851257 0.523256 0.039549 -0.392644 0.685143 -0.613522 0.348126 -0.506736 -0.788687
5.411271 -20.585252 -128.535209 -1370.953120 0.773274 0.627229 -0.092903 -0.571993 0.626809 -0.529089 0.273627 -0.462271 -0.843465
3.639285 -13.000999 -195.299511 -1282.593897 0.817295 0.573217 -0.058745 -0.486239 0.631371 -0.604105 0.309194 -0.522296 -0.794737
3.707950 -15.493479 -179.494826 -1174.502753 0.746171 0.645868 -0.161501 -0.611206 0.568407 -0.550763 0.263922 -0.509674 -0.818888
0.228331 -54.864014 211.120957 3052.629684 -0.465914 -0.483045 -0.741344 -0.164955 0.870568 -0.463575 0.869318 -0.093697 -0.485290
-1.292087 -45.598901 149.764702 2515.595579 -0.457652 -0.482003 -0.747146 -0.336224 0.871730 -0.356427 0.823109 0.088089 -0.561010
0.340096 -53.860531 -333.180329 3934.905123 -0.452533 -0.447131 -0.771549 -0.228296 0.894466 -0.384463 0.862029 0.002160 -0.506854
1.253664 -66.144396 -117.176239 3681.868068 -0.453803 -0.458042 -0.764369 0.012149 0.854520 -0.519277 0.891019 -0.244936 -0.382219
-1.340829 -159.940186 -846.930965 8664.576086 -0.554915 -0.615241 -0.559954 0.829296 -0.462391 -0.313788 -0.065862 -0.638493 0.766804
3.002131 -218.687946 -1568.375338 31743.244080 -0.522517 -0.664442 -0.534315 0.777554 -0.114212 -0.618358 0.349837 -0.738561 0.576317
6.738356 -176.464742 -2432.749535 18016.533885 -0.577554 -0.659328 -0.481371 0.812380 -0.406091 -0.418484 0.080438 -0.632753 0.770164
1.811559 -148.603822 -1672.251630 -2010.263243 -0.561369 -0.631940 -0.534338 0.773810 -0.629737 -0.068189 -0.293401 -0.451755 0.842516
9.949109 -154.863460 -1880.871490 -2472.535670 -0.590742 -0.630137 -0.503936 0.746909 -0.663325 -0.046126 -0.305207 -0.403643 0.862509
12.774767 -197.661819 -1387.087316 22613.191640 -0.570459 -0.624792 -0.533115 0.819658 -0.391725 -0.417987 0.052321 -0.675416 0.735578
-8.481458 -19.421021 -61.879856 12.375155 0.292504 0.851328 0.435524 0.203128 -0.500365 0.841649 -0.934441 0.157719 0.319288
-8.946459 -20.097114 55.678647 21.532279 0.260857 0.884136 0.387630 0.144127 -0.432699 0.889943 -0.954558 0.176280 0.240300
-9.009505 -19.928420 131.938296 84.726709 0.254115 0.867336 0.427964 0.262268 -0.487705 0.832682 -0.930936 0.099355 0.351408
-8.219931 -19.062174 -52.809915 179.127062 0.316130 0.821698 0.474210 0.287440 -0.559307 0.777531 -0.904124 0.109494 0.413002
1.618251 -157.603988 -230.631326 13500.621633 -0.574603 -0.612692 -0.542622 -0.169907 0.737859 -0.653220 0.800601 -0.283147 -0.528077
3.558425 -129.542736 -135.921813 10484.878406 -0.577118 -0.584531 -0.570314 0.036137 0.679386 -0.732890 0.815861 -0.443573 -0.370963
6.398439 -253.678377 275.373571 34456.724916 0.560459 0.591493 0.579674 0.199105 0.583174 -0.787569 0.803893 -0.556816 -0.209076
4.877523 -171.021212 77.286246 16190.490779 0.555165 0.561307 0.613781 0.379770 0.485466 -0.787463 0.739978 -0.670267 -0.056346
1.341443 -198.671497 571.199627 18834.432128 -0.560147 -0.562955 -0.607715 0.052996 0.707751 -0.704471 0.826696 -0.426814 -0.366610
722.032489 -3526.376394 -473372.815964 -25182952.832272 0.658295 0.402092 0.636372 -0.325969 0.914281 -0.240489 -0.678521 -0.049125 0.732936
15269.333008 -247.917857 -37850626.173051 153504.736910 0.026542 0.999502 -0.017087 0.534689 0.000248 0.845049 -0.844632 0.031566 0.534416
91.220425 -6804.741953 -6650.342833 -2553729.117157 0.296642 0.573726 0.763441 0.492291 0.593154 -0.637039 -0.818324 0.564807 -0.106486
-11.753332 -15.597741 247.535149 -226.527025 -0.140777 0.978231 0.152465 0.984308 0.121743 0.127734 0.106392 0.168055 -0.980020
-12.062070 -17.139311 9.374800 277.322332 0.009971 0.993181 0.116152 -0.979845 0.032881 -0.197036 0.199512 0.111846 -0.973491
-11.270438 -15.492530 -470.834391 296.035599 0.151018 0.985523 0.077053 -0.983097 0.157893 -0.092681 0.103505 0.061754 -0.992710
-10.559694 -13.779567 -359.381309 -355.808757 0.044936 0.992944 0.109739 0.998942 -0.045742 0.004834 0.009820 0.109406 -0.993949
-7.088126 -15.556173 -286.638103 491.436960 0.453865 0.733091 0.506541 0.621417 -0.667819 0.409706 -0.638630 -0.128821 0.758655
-6.986879 -17.462771 -119.939956 215.803196 0.474259 0.711078 0.519082 0.522662 -0.701870 0.483945 -0.708451 -0.041789 0.704522
-5.765325 -15.490311 -214.557602 497.325346 0.399533 0.764446 0.505961 0.632440 -0.629395 0.451532 -0.663621 -0.139589 0.734930
-7.162319 -12.909242 -393.146507 515.793939 0.375813 0.806263 0.456842 0.723788 -0.563235 0.398620 -0.578702 -0.180850 0.795234
-8.798241 -15.711096 -252.329389 397.973808 0.460506 0.771108 0.439690 0.652819 -0.629842 0.420864 -0.601467 -0.093228 0.793439
-5.540001 -12.680745 -351.873299 577.247528 0.350149 0.806810 0.475871 0.720880 -0.556501 0.413085 -0.598103 -0.198405 0.776471
-19.741499 -685.701860 2501.749812 -105778.472672 -0.401713 0.545679 -0.735432 0.833730 -0.114298 -0.540213 -0.378841 -0.830163 -0.409034
-18.550614 -241.530144 -3722.351883 -32851.589559 0.067703 0.363657 -0.929069 0.754463 -0.627988 -0.190828 -0.652841 -0.688029 -0.316883
-206.360888 -941.558809 -32847.222894 -146128.103919 -0.337373 0.424301 -0.840327 0.941158 0.133054 -0.310672 -0.020010 -0.895693 -0.444223
-191.898880 -1388.239888 -17994.146270 142659.128453 -0.311449 0.232414 -0.921403 0.344357 0.931328 0.118519 0.885673 -0.280379 -0.370095
-17.715610 -333.507577 631.317510 1130.526650 -0.283357 0.475043 -0.833092 0.873012 0.487326 -0.019054 0.396936 -0.732699 -0.552806
-22.177977 -39.534123 737.548752 -375.967872 0.490677 0.825701 -0.278304 0.211250 -0.422598 -0.881353 0.845346 -0.373668 0.381789
-12.583731 -39.654263 1746.214445 -1124.401085 0.375299 0.880402 -0.289902 0.339373 -0.421562 -0.840899 0.862541 -0.217204 0.456996
-13.048423 -38.079482 1536.419445 -3409.545804 0.362802 0.887039 -0.285546 0.539737 -0.449819 -0.711580 0.759643 -0.104043 0.641963
8.818014 -31.481172 -494.600685 1323.663099 -0.035709 0.741096 -0.670449 -0.716906 -0.486395 -0.499465 0.696255 -0.462813 -0.548665
4.951042 -23.799049 -1788.139383 197.129732 0.740228 0.529412 0.414470 0.460927 0.049222 -0.886072 0.489498 -0.846936 0.207584
-2.959634 -19.449818 111.667636 -604.039908 0.253290 0.967382 -0.003902 -0.505865 0.129010 -0.852911 0.824587 -0.218008 -0.522042
4.130564 -18.554915 -1293.567875 -658.650118 0.239160 0.966014 -0.098082 -0.479375 0.029626 -0.877110 0.844395 -0.256787 -0.470168
19.054627 -20.669055 -3508.661394 -544.615953 0.238110 0.961336 -0.138338 -0.509335 0.002318 -0.860565 0.826971 -0.275370 -0.490194
20.384035 -21.981563 -4461.415561 -90.687366 0.224986 0.952905 -0.203357 -0.627983 -0.017766 -0.778024 0.744996 -0.302750 -0.594411
5.233119 -52.727518 137.892165 584.842858 0.552598 0.660093 -0.508834 -0.585821 0.741886 0.326218 0.592832 0.117819 0.796661
0.750793 -50.741443 138.229609 -0.301936 0.506725 0.728473 -0.461040 0.468937 -0.681652 -0.561649 0.723415 -0.068403 0.687017
5.082109 -54.397546 90.824030 -444.955048 0.516226 0.740035 -0.431114 0.644048 -0.667238 -0.374159 0.564546 0.084507 0.821064
-1.967408 -59.700774 -53.385064 -1608.189247 0.364567 0.850748 -0.378575 -0.218702 -0.316955 -0.922881 0.905130 -0.419247 -0.070509
-1.417925 -58.141487 -226.652494 806.135913 0.389380 0.840376 -0.377030 -0.512227 -0.142632 -0.846924 0.765511 -0.522900 -0.374925
-1.147321 -57.351232 -143.406076 -115.739896 0.366392 0.849529 -0.379549 -0.424823 -0.210182 -0.880539 0.827818 -0.483864 -0.283890
-1.791914 -60.236767 192.806427 -601.408090 0.320709 0.867994 -0.379119 -0.378280 -0.249579 -0.891411 0.868360 -0.429297 -0.248303
-2.433121 -57.829618 48.292619 -1776.163500 0.339090 0.852352 -0.398138 -0.081414 -0.395037 -0.915051 0.937224 -0.342699 0.064560
-7.000955 -51.773508 216.967650 12.167869 -0.325357 -0.900093 0.289784 0.944270 -0.293077 0.149866 -0.049965 0.322394 0.945286
11.881358 -17.621729 -1435.010768 275.160304 0.770804 -0.365732 0.521634 0.625222 0.591469 -0.509177 0.122308 -0.718613 -0.684570
5.102627 -21.968941 1375.290518 109.203401 -0.658969 0.504446 -0.557938 0.742062 0.557199 -0.372656 0.122898 -0.659594 -0.741507
-0.742055 -25.999339 1411.808622 604.995078 -0.674713 0.503743 -0.539449 0.724137 0.593190 -0.351783 0.142787 -0.627988 -0.765012
-5.189318 -34.149590 -1405.343710 1952.826781 0.798144 -0.397164 0.453019 0.599992 0.592088 -0.537998 0.054553 -0.701208 -0.710867
-6.288697 -48.044071 -10.475945 -898.379367 0.919419 -0.166172 0.356448 0.002934 -0.903426 -0.428734 -0.393268 -0.395232 0.830140
-4.914448 -43.112183 -19.413483 869.428877 0.920304 -0.209544 0.330350 0.135859 0.963083 0.232410 -0.366854 -0.169007 0.914797
-4.826307 -42.878957 -377.035623 480.824746 0.903625 -0.241827 0.353527 0.113283 0.930913 0.347229 -0.413072 -0.273716 0.868591
-1.823047 -38.685777 -597.470125 659.592650 0.889379 -0.303067 0.342281 0.261120 0.951303 0.163824 -0.375263 -0.056326 0.925205
-6.265658 -47.233982 -240.051071 -1009.958452 0.904815 -0.182445 0.384738 0.041198 -0.861806 -0.505562 -0.423806 -0.473291 0.772259
-2.825375 -40.461524 -747.250042 275.762082 0.886670 -0.262584 0.380614 0.084979 0.901634 0.424069 -0.454528 -0.343665 0.821766
0.704690 -37.648762 -1097.598605 62.047497 0.868458 -0.335518 0.364977 0.231676 0.925525 0.299550 -0.438300 -0.175590 0.881511
-7.196418 -26.406193 277.233047 -311.415917 0.581982 0.358060 -0.730130 -0.064701 0.915388 0.397339 0.810624 -0.184005 0.555906
12.850892 -142.774374 1181.090977 15857.324746 0.831180 -0.298146 0.469307 0.459079 -0.108170 -0.881785 -0.313665 -0.948371 -0.046964
13.088498 -91.779580 1194.769940 9093.108056 0.793905 -0.270614 0.544502 0.599286 0.196827 -0.775961 -0.102813 -0.942352 -0.318438
-9.857090 -23.896320 359.331318 -94.208659 0.623272 0.614923 0.483117 0.235232 0.441752 -0.865749 0.745787 -0.653242 -0.130682
-8.512194 -22.955195 575.520383 -78.011643 -0.648849 -0.494147 -0.578631 0.292452 0.540080 -0.789167 0.702472 -0.681272 -0.205916
-5.967525 -21.930324 -1460.963345 -37.363926 0.707339 0.490253 0.509237 0.318884 0.421630 -0.848847 0.630860 -0.762811 -0.141901
-59.836170 -726.824479 -1293.130751 112058.050690 0.922430 -0.369515 -0.112168 0.385927 0.892305 0.234204 -0.013546 0.259325 -0.965695
-299.882911 -788.237519 12635.797111 33686.643560 -0.537927 0.695835 0.475865 0.777402 0.191172 0.599249 0.326006 0.692291 -0.643780
-38.966076 -847.269456 315.071804 135188.266331 0.911590 -0.411099 -0.000641 0.397818 0.881745 0.253508 0.103652 0.231350 -0.967333
-8.027887 -2752.989539 -11515.020005 539995.614252 0.983145 -0.155245 -0.096571 0.182830 0.834934 0.519094 -0.000044 0.528000 -0.849244
-22.866037 -2442.285699 -2127.428704 -464853.595637 0.938257 -0.323396 -0.122834 0.251828 0.881952 -0.398426 -0.237183 -0.342893 -0.908938
-6.786622 -399.844368 2789.495367 -13554.914138 -0.905656 0.375985 0.196013 0.339683 0.920037 -0.195313 -0.253775 -0.110304 -0.960953
8.159292 -11.454340 312.308502 514.561411 0.432330 0.837884 0.333227 -0.164467 0.436622 -0.884484 0.886590 -0.327584 -0.326569
-9.832224 -18.699919 -177.059443 305.031024 -0.255620 0.953992 -0.156709 0.917749 0.290412 0.270919 -0.303965 0.074567 0.949761
-8.242350 -19.920373 -202.691237 219.550268 -0.326599 0.933504 -0.147997 0.855841 0.358533 0.372814 -0.401085 0.004901 0.916028
-8.787933 -20.395700 -326.226100 234.336306 -0.201327 0.976563 -0.076103 0.932089 0.214883 0.291607 -0.301126 0.012226 0.953506
-6.396740 -16.012605 21.860928 -479.409010 -0.180488 -0.923982 -0.337165 0.958435 -0.242229 0.150756 -0.220967 -0.295942 0.929297
155.665925 -1022.466493 -3023.317800 -130899.618651 -0.308728 -0.337495 -0.889261 0.934341 0.067385 -0.349952 0.178030 -0.938912 0.294532
-161.923389 -2313.445329 -17038.041838 -368532.219928 0.915750 -0.261134 -0.305305 -0.385655 -0.358452 -0.850166 -0.112570 -0.896282 0.428960
-132.508200 -355.279626 6695.719214 -50727.711978 0.800629 0.241740 0.548229 0.599118 -0.333888 -0.727720 -0.007128 -0.911088 0.412151
-102.009591 -277.971187 10948.260354 24188.192145 0.645065 -0.730362 -0.224640 0.563622 0.256268 0.785275 0.515967 0.633165 -0.576958
-62.966035 -148.998918 -6559.388577 1706.277648 -0.565440 0.804359 0.182441 0.786881 0.459799 0.411587 0.247178 0.376287 -0.892923
-4.904387 -16.202911 -910.483482 -816.792007 0.472818 0.875152 -0.102724 -0.496864 0.361069 0.789149 -0.727715 0.322084 -0.605551
-6.290096 -17.915732 -283.012425 -601.796575 0.440567 0.897228 0.029717 -0.500411 0.217965 0.837902 -0.745312 0.384023 -0.545010
-8.397362 -14.089797 -61.430913 -779.907392 0.398385 0.909799 0.116428 -0.612918 0.169627 0.771724 -0.682364 0.378804 -0.625209
-4.619108 -18.447536 678.918390 -511.702712 0.397601 0.897648 0.190107 -0.565198 0.076386 0.821411 -0.722817 0.434042 -0.537720
-6.880104 -12.043062 -1056.139710 -535.847397 0.585008 0.765293 -0.268502 -0.430904 0.573761 0.696505 -0.687087 0.291762 -0.665422
-9.970426 -11.259520 -635.555520 -588.991625 -0.497024 0.478506 0.723878 0.575843 0.805937 -0.137369 -0.649132 0.348564 -0.676114
-7.378472 -13.044161 493.798193 21.402582 0.003137 0.852026 0.523490 -0.789711 -0.319039 0.523996 -0.613471 0.415049 -0.671853
-4.044963 -15.752868 1000.297835 -467.083844 0.271861 0.890762 0.364190 -0.731978 -0.054277 0.679162 -0.624739 0.451217 -0.637263
6.522980 -43.129127 132.551324 -2351.216774 0.778710 -0.585423 0.225588 -0.065131 -0.433061 -0.899008 -0.623994 -0.685374 0.375358
0.367332 -31.665222 16.837377 -1505.943960 0.796337 -0.501289 0.338462 -0.026135 -0.587572 -0.808750 -0.604288 -0.635192 0.481006
11.460588 -12.720200 -2120.185573 89.099284 0.091908 0.995640 -0.015930 -0.989685 0.089569 -0.111809 0.109895 -0.026042 -0.993602
6.487847 -14.741513 -1960.925463 207.199359 0.156864 0.987519 -0.014132 -0.975577 0.152707 -0.157893 0.153764 -0.038555 -0.987355
14.572469 -11.462962 -563.875776 274.620458 -0.000816 0.995139 0.098477 -0.991234 0.012206 -0.131552 0.132115 0.097721 -0.986406
2.533281 -39.020842 -1121.309925 -2449.195366 -0.394459 -0.892355 -0.219328 0.918817 -0.386486 -0.080027 -0.013355 -0.233090 0.972363
-1.583794 -47.684483 -949.394879 -2116.110115 -0.409786 -0.886522 -0.214834 0.882297 -0.325419 -0.340081 0.231578 -0.328908 0.915528
5.419029 -45.199494 -1686.816193 -2647.982304 -0.357938 -0.909256 -0.212445 0.923507 -0.311129 -0.224353 0.137897 -0.276499 0.951069
1.356681 -54.282068 1253.164852 -2024.944360 0.357402 0.903728 0.235667 0.846835 -0.207162 -0.489851 0.393871 -0.374645 0.839349
-5.487352 -50.602808 -46.180462 -341.576726 -0.472636 -0.843317 -0.255797 0.792711 -0.280034 -0.541470 0.384999 -0.458691 0.800861
-3.974994 -56.693837 780.732423 -695.567586 0.408415 0.878399 0.248218 0.763030 -0.179292 -0.620999 0.500982 -0.443022 0.743470
-4.677494 -67.305600 452.279144 2438.131169 0.438123 0.873238 0.213314 0.029941 0.222994 -0.974360 0.898416 -0.433277 -0.071553
-6.069776 -63.063960 266.587134 808.746122 0.477261 0.850177 0.222306 0.220639 0.128940 -0.966795 0.850612 -0.510463 0.126044
-5.199322 -59.298619 187.434928 1766.990527 0.479282 0.838017 0.260801 0.002200 0.296007 -0.955183 0.877658 -0.458376 -0.140027
-3.582577 -50.888361 -68.220796 1534.517861 0.510211 0.808595 0.293015 -0.170660 0.429106 -0.886986 0.842947 -0.402544 -0.356929
-4.168427 -55.833779 385.144576 2012.042014 0.452160 0.850136 0.269851 -0.197249 0.390362 -0.899283 0.869853 -0.353392 -0.344195
0.317609 -37.449841 -240.501259 -1221.489848 0.462347 0.769512 0.440553 -0.471876 0.634178 -0.612496 0.750712 -0.075299 -0.656324
0.523010 -33.769212 -69.396983 -936.584716 0.456386 0.763354 0.457168 -0.389520 0.633353 -0.668684 0.799991 -0.127102 -0.586395
1.247887 -37.923294 8.727223 -1085.004940 0.466237 0.751664 0.466503 -0.499089 0.658883 -0.562835 0.730434 -0.029587 -0.682342
-0.702552 -22.480982 304.247590 -438.738006 0.402978 0.899549 0.168580 -0.736548 0.209429 0.643145 -0.543236 0.383341 -0.746957
0.219414 -23.296455 -17.199881 -316.100639 0.366935 0.912422 0.181230 -0.733495 0.163961 0.659623 -0.572140 0.374970 -0.729420
-0.989193 -19.965771 119.293266 -619.735895 0.373625 0.909713 0.181181 -0.807036 0.222518 0.546972 -0.457271 0.350582 -0.817310
-0.224269 -21.010728 -27.847133 -534.466981 0.344728 0.918901 0.191792 -0.804939 0.184252 0.564026 -0.482945 0.348816 -0.803176
-1.513986 -227.178105 -156.462495 28851.038572 -0.531597 -0.631761 -0.564166 0.820011 -0.217080 -0.529582 0.212100 -0.744147 0.633450
10.213418 -1141.272376 370.016881 212066.576142 -0.432707 -0.637998 -0.636964 0.709155 0.195376 -0.677442 0.556654 -0.744840 0.367898
-8.250342 -20.298476 265.488906 86.148171 0.294346 0.930722 0.217066 -0.049293 -0.212041 0.976017 -0.954427 0.297986 0.016535
-8.853463 -20.256468 101.741910 20.198311 0.266804 0.914646 0.303709 0.046084 -0.326880 0.943942 -0.962648 0.237851 0.129363
-7.694450 -19.360596 154.884406 5.146475 0.312100 0.908806 0.276885 0.035399 -0.302364 0.952535 -0.949390 0.287485 0.126539
-6.427989 -19.421038 274.097063 64.266952 0.335174 0.922935 0.189337 -0.049186 -0.183547 0.981780 -0.940871 0.338380 0.016125
-6.346637 -18.457554 355.854284 70.214828 0.355649 0.909441 0.215478 0.038447 -0.244592 0.968864 -0.933828 0.336291 0.121954
-6.724722 -18.175540 300.623850 38.158295 0.359111 0.892719 0.272198 0.109055 -0.329793 0.937733 -0.926901 0.307066 0.215788
2.118548 -103.862734 -39.582934 1622.307872 -0.584777 -0.620160 -0.522913 -0.230898 0.745208 -0.625581 0.777639 -0.245085 -0.578974
-11.135727 -16.480667 470.035137 -160.581506 0.015432 0.972361 0.232973 0.978769 -0.062317 0.195262 0.204383 0.225013 -0.952679
-12.026077 -17.996073 415.413458 119.787621 0.028675 0.982756 0.182668 -0.956958 0.079789 -0.279044 0.288807 0.166803 -0.942744
-11.758558 -18.391151 -23.562357 282.690279 -0.012940 0.998054 0.061006 -0.952473 0.006267 -0.304557 0.304347 0.062047 -0.950538
-6.886786 -18.312844 -55.220362 49.442963 0.456261 0.713982 0.531089 0.459206 -0.700142 0.546746 -0.762204 0.005580 0.647313
-6.409176 -17.682272 -191.344151 349.349395 0.427900 0.729102 0.534145 0.537472 -0.680401 0.498174 -0.726653 -0.073920 0.683016
-7.133670 -18.018196 15.423885 -88.944833 0.481443 0.721640 0.497442 0.415254 -0.687609 0.595616 -0.771866 0.080190 0.630708
-6.717992 -101.077857 -2610.346193 -7190.903475 -0.420892 0.009793 0.907058 -0.562393 0.781753 -0.269401 -0.711733 -0.623512 -0.323526
-104.358659 -471.087822 6919.978367 74303.693861 -0.592135 0.804821 0.040485 -0.366704 -0.313852 0.875800 -0.717568 -0.503746 -0.480974
-6.249050 -206.606708 144.438452 35295.859098 0.060007 -0.472637 0.879212 -0.727557 0.582331 0.362699 -0.683418 -0.661441 -0.308926
-1.443374 -52.234413 660.632895 4369.797997 0.458338 -0.251064 0.852580 0.704589 -0.482065 -0.520737 0.541738 0.839392 -0.044052
2.704134 -48.640535 630.522074 179.679918 0.375755 -0.195894 0.905778 0.733227 -0.534884 -0.419854 0.566733 0.821903 -0.057351
-0.918885 -48.377836 592.011920 -1874.917248 0.318130 -0.160123 0.934427 0.768609 -0.533450 -0.353088 0.555008 0.830537 -0.046635
-28.668006 -40.354240 -34.036549 -109.950692 0.624753 0.711615 -0.321385 0.106046 -0.485113 -0.867997 0.773588 -0.508202 0.378540
-26.654502 -38.181070 -108.337443 908.943195 0.726946 0.471912 -0.498848 0.006199 0.721908 0.691961 0.686667 -0.506110 0.521863
-30.381958 -48.316656 5253.005812 -2600.983709 -0.627833 0.741565 0.236446 -0.108094 0.217765 -0.969997 0.770806 0.634554 0.056562
-28.233920 -64.602850 5784.759471 -3257.568544 -0.635747 0.746378 0.196837 -0.262678 0.030591 -0.964399 0.725828 0.664819 -0.176609
-2.919787 -56.784377 4264.957825 -3610.642291 -0.668219 0.731187 0.137293 -0.103227 0.091632 -0.990428 0.736768 0.675995 -0.014248
13.391545 -27.755769 6969.283701 37.579263 -0.433449 0.850247 0.298666 -0.599516 -0.024619 -0.799984 0.672832 0.525807 -0.520408
-22.921759 -31.703319 4097.217147 -1134.134385 -0.536095 0.842651 -0.050417 -0.432756 -0.325617 -0.840652 0.724793 0.428852 -0.539223
-7.526449 -29.001169 5915.805024 -136.355302 -0.522427 0.835999 0.167856 -0.606434 -0.225897 -0.762370 0.599422 0.500076 -0.624993
23.489929 -24.463785 5912.727571 454.413415 -0.389499 0.880611 0.269843 -0.689137 -0.084268 -0.719715 0.611049 0.466287 -0.639684
1.176564 -25.151463 5618.392264 168.295853 -0.557813 0.814014 0.161942 -0.667958 -0.324489 -0.669730 0.492622 0.481754 -0.724732
-19.101542 -33.908698 2706.304780 2126.294316 -0.760626 0.609918 -0.222370 0.370660 0.689226 0.622558 0.532973 0.391110 -0.750315
-5.142263 -24.286270 -1392.563637 51.674805 0.754914 0.539832 0.372407 0.472773 -0.054407 -0.879503 0.454522 -0.840013 0.296291
-5.511808 -24.744890 -1237.283145 60.860225 0.746822 0.548186 0.376496 0.541279 -0.172150 -0.823032 0.386361 -0.818448 0.425287
0.470876 -15.544834 91.441419 -769.924552 0.276874 0.959677 0.048587 -0.389677 0.158357 -0.907235 0.878346 -0.232257 -0.417809
-1.250648 -17.793721 645.736229 -695.881605 0.303063 0.941761 0.145737 -0.431524 0.271971 -0.860128 0.849670 -0.197784 -0.488816
1.357430 -50.632277 11.249751 568.903793 0.467454 0.786107 -0.404379 0.488693 -0.610975 -0.622807 0.736659 -0.093517 0.669768
-2.254710 -45.943745 97.137186 1129.950108 0.513425 0.716523 -0.472217 0.255439 -0.652948 -0.713028 0.819235 -0.245464 0.518268
-1.625672 -46.120794 380.421483 1488.231516 0.453121 0.776752 -0.437422 0.275479 -0.588679 -0.759979 0.847816 -0.223862 0.480722
-0.686163 -53.147251 112.540229 2158.202183 0.369906 0.863428 -0.343018 -0.716271 0.029889 -0.697182 0.591714 -0.503586 -0.629505
-1.347020 -55.773031 92.706869 1205.738106 0.376307 0.860459 -0.343515 -0.551884 -0.089635 -0.829090 0.744189 -0.501573 -0.441144
-0.493106 -52.094700 69.758659 1963.945039 0.401900 0.854176 -0.329940 -0.697655 0.052258 -0.714525 0.593088 -0.517352 -0.616922
-4.322991 -48.789851 -409.314908 -1009.616424 0.283633 0.926974 -0.245503 0.836051 -0.113657 0.536751 -0.469651 0.357493 0.807234
-2.639602 -45.254526 -463.331436 -886.034564 0.283495 0.928539 -0.239678 0.721574 -0.041925 0.691067 -0.631634 0.368860 0.681895
1.188531 -47.424680 -871.520033 -1202.042494 0.294330 0.932634 -0.208721 0.799359 -0.120534 0.588639 -0.523827 0.340097 0.780986
21.255762 -12.704575 -1751.435298 208.896970 0.862055 -0.164467 0.479387 0.468400 0.619774 -0.629668 0.193552 -0.767353 -0.611315
12.046086 -13.342862 -608.156090 -163.695835 0.745189 -0.321033 0.584492 0.633973 0.612885 -0.471647 0.206812 -0.722018 -0.660241
7.916254 -17.727302 462.555665 -230.797668 -0.605094 0.488968 -0.628309 0.766916 0.569884 -0.295080 0.213779 -0.660411 -0.719830
-4.811983 -45.081365 397.660126 736.371911 0.939869 -0.152527 0.305585 0.050074 0.946609 0.318473 -0.337845 -0.284021 0.897326
-3.325619 -44.089244 393.614582 1249.421750 0.942038 -0.170929 0.288701 0.138495 0.981871 0.129416 -0.305588 -0.081931 0.948632
-6.094477 -26.707572 114.237044 145.721975 0.579571 0.374635 -0.723703 0.018547 0.881770 0.471314 0.814711 -0.286582 0.504100
8.151633 -112.658371 1015.881520 1576.620531 0.860070 -0.292766 0.417813 0.213912 -0.536551 -0.816305 -0.463165 -0.791455 0.398845
4.757423 -97.928808 351.199631 562.322124 0.858626 -0.270283 0.435555 0.299440 -0.425178 -0.854142 -0.416048 -0.863812 0.284136
10.665145 -131.629279 898.541103 4537.340983 0.838134 -0.336445 0.429345 0.238374 -0.482059 -0.843088 -0.490622 -0.808965 0.323830
-7.746689 -24.702610 1228.690659 -18.025272 0.610115 0.727625 0.313562 0.155746 0.277895 -0.947902 0.776854 -0.627165 -0.056223
-14.886009 -1174.123400 3497.022075 190682.190988 0.838227 -0.529296 0.131232 0.174914 0.488897 0.854625 0.516509 0.693415 -0.502388
-6.940472 -196.858497 -7175.741426 -5182.650700 -0.316074 0.406163 0.857397 0.758304 -0.434950 0.485587 0.570152 0.803648 -0.170518
-78.102436 -1364.055589 -21671.792727 216059.852529 0.931275 -0.364183 -0.009892 0.159731 0.383754 0.909516 0.327434 0.848589 -0.415552
-6.699490 -14.178381 16.614273 12.127774 0.546778 0.836383 0.038684 0.763100 -0.478793 -0.434091 0.344545 -0.266872 0.900038
-8.101509 -14.499961 -101.303852 78.605310 0.476420 0.875390 0.081952 0.834161 -0.420581 -0.356774 0.277849 -0.238335 0.930589
-6.887364 -15.242736 -29.827859 62.956985 0.415590 0.897717 0.146250 0.857586 -0.333175 -0.391843 0.303037 -0.288268 0.908334
-8.175167 -16.074536 217.068002 149.845810 -0.286204 -0.938289 -0.194168 0.940134 -0.235859 -0.246005 0.185027 -0.252951 0.949621
-101.659655 -393.547635 9025.782691 -42134.960995 -0.245723 0.627012 0.739240 0.750344 -0.359774 0.554568 0.613681 0.690955 -0.382070
-64.140940 -308.878268 -8041.001390 37573.178727 0.036973 0.637405 0.769641 -0.681325 0.579493 -0.447197 0.731047 0.507841 -0.455705
-387.053673 -688.448637 32650.391035 26146.681261 -0.136067 0.616406 0.775583 -0.601723 0.570501 -0.558979 0.787029 0.542745 -0.293280
-44.721891 -244.202386 -2220.255879 -8543.892326 -0.569107 0.805920 0.163126 -0.576770 -0.249865 -0.777756 0.586049 0.536713 -0.607030
-27.007210 -124.109918 -3131.960799 -2752.053024 -0.510612 0.858201 0.052599 -0.781683 -0.437865 -0.444125 0.358117 0.267891 -0.894420
-21.247184 -33.918709 -87.473439 -618.751751 -0.686165 0.727298 0.014665 0.258175 0.224627 0.939621 -0.680091 -0.648521 0.341902
-22.063152 -32.706502 -526.268853 -458.457067 -0.652391 0.757876 -0.003060 0.147396 0.130839 0.980386 -0.743411 -0.639144 0.197066
-3.717456 -20.001925 -758.301778 -525.305805 0.428895 0.902953 -0.026910 -0.446226 0.237666 0.862785 -0.785450 0.358036 -0.504855
-4.794369 -20.808132 -136.279790 -254.452172 0.426927 0.901500 0.070937 -0.425812 0.131209 0.895248 -0.797758 0.412411 -0.439885
3.692273 -14.916734 -1499.010819 -149.628758 0.266428 0.963840 0.005244 -0.961374 0.266129 -0.070254 0.069109 -0.013676 -0.997515
-1.932408 -16.826553 -710.141693 -277.112920 0.349804 0.936040 0.038290 -0.931050 0.351888 -0.096548 0.103846 0.001878 -0.994592
1.105718 -16.398676 -1002.212554 71.079919 0.246230 0.968989 0.020766 -0.950769 0.245649 -0.188931 0.188173 -0.026777 -0.981771
0.395979 -32.594646 -332.592417 -2314.233568 -0.436891 -0.866454 -0.241629 0.890994 -0.453732 0.016018 -0.123514 -0.208292 0.970237
-5.267785 -66.717282 480.660204 347.637632 0.446127 0.874601 0.189851 0.305220 0.050730 -0.950930 0.841315 -0.482182 0.244314
-2.632910 -27.441179 623.210463 27.732225 0.438744 0.890521 0.120313 -0.316295 0.027719 0.948256 -0.841107 0.454097 -0.293829
0.132806 -27.339549 887.065461 -24.459001 0.448788 0.881217 0.148480 -0.328978 0.008434 0.944300 -0.830880 0.472638 -0.293686
