18580
37138
-18.300209 -30.632800 -568.236705 1726.428912 -0.225882 0.880834 -0.416063 0.920640 0.332635 0.204392 0.318433 -0.336876 -0.886067
-22.952388 -37.852520 -615.286023 1608.034260 -0.099559 0.906092 -0.411199 0.978812 0.163495 0.123278 0.178930 -0.390213 -0.903171
-25.111566 -38.735768 -869.728539 2905.069523 0.198148 0.936843 -0.288207 0.949985 -0.111144 0.291849 0.241384 -0.331621 -0.912009
-17.842777 -32.287396 348.347457 1477.758910 -0.345359 0.809310 -0.475126 0.900739 0.427966 0.074252 0.263431 -0.402321 -0.876779
-19.717043 -35.424832 571.001441 -3673.750782 0.231667 0.952272 -0.198766 -0.909310 0.139376 -0.392083 0.345667 -0.271573 -0.898200
-15.751994 -24.039825 104.561259 -1931.023811 -0.167856 0.920825 -0.352004 -0.887584 -0.296546 -0.352499 0.428975 -0.253264 -0.867086
-15.612567 -25.631066 -246.965219 -1276.194000 -0.500557 0.708911 -0.496879 -0.778397 -0.619748 -0.100053 0.378869 -0.336687 -0.862033
8.785415 -43.674890 763.376951 -2579.991124 -0.108517 0.981898 0.155243 0.001703 0.156348 -0.987700 0.994093 0.106918 0.018638
9.878028 -52.001458 1185.611149 -3336.324204 -0.064593 0.967867 0.243025 -0.107840 0.235337 -0.965912 0.992068 0.088599 -0.089174
13.743654 -42.041490 722.355113 -1619.457980 -0.063905 0.982071 0.177350 0.061383 0.181245 -0.981520 0.996066 0.051837 0.071865
18.296371 -43.817907 829.814692 1400.961675 -0.049426 0.989377 0.136711 0.172385 0.143275 -0.974554 0.983789 0.024601 0.177635
14.951312 -39.751429 -366.119002 747.000722 -0.091511 0.994195 0.056581 0.135802 0.068748 -0.988348 0.986501 0.082761 0.141305
-2.495420 -7.956461 491.987550 884.864670 -0.797322 0.001587 -0.603552 0.021818 0.999419 -0.026194 0.603160 -0.034053 -0.796893
3.664356 -8.006835 -264.148896 170.132686 -0.795515 -0.021227 -0.605561 0.000228 0.999376 -0.035331 0.605933 -0.028244 -0.795014
-3.703363 -18.185836 578.878406 5844.999248 0.532614 0.786545 0.312521 -0.628055 0.614824 -0.477010 0.567335 -0.057782 -0.821457
-3.886997 -35.882459 -376.433887 13893.387329 0.324747 0.934402 0.146399 -0.826608 0.355623 -0.436179 0.459629 -0.020633 -0.887871
2.963233 -4.861039 -1371.649348 447.368903 0.755480 0.618805 -0.215243 -0.637963 0.620003 -0.456728 0.149174 -0.482366 -0.863175
-0.858423 -5.714827 864.767582 -1112.541580 0.931590 -0.220387 0.289084 0.326276 0.857553 -0.397676 0.160262 -0.464792 -0.870795
2.407857 -6.172928 109.493629 466.233635 0.939779 0.341228 -0.019457 -0.302779 0.804773 -0.510554 0.158558 -0.485699 -0.859625
-6.304025 -21.325762 -100.196221 391.601231 0.694940 -0.555535 -0.456551 0.472216 0.831406 -0.292876 0.542282 -0.012059 0.840110
-8.127702 -22.261123 305.642427 517.584054 0.776384 -0.336231 -0.533082 0.312026 0.939937 -0.138410 0.547602 -0.058876 0.834665
-4.479652 -20.337631 219.468944 316.852830 0.770624 -0.356460 -0.528276 0.284907 0.934191 -0.214746 0.570059 0.014978 0.821467
-2.881353 -19.509367 116.287847 407.671480 0.716066 -0.508183 -0.478540 0.382486 0.859126 -0.340009 0.583913 0.060434 0.809564
0.077498 -18.842650 89.370405 446.477234 0.783960 -0.319606 -0.532220 0.195687 0.940813 -0.276725 0.589163 0.112792 0.800103
-2.357690 -20.957277 257.339887 397.910655 0.807773 -0.190810 -0.557758 0.140557 0.981218 -0.132114 0.572491 0.028321 0.819422
-1.903957 -5.503626 -716.277458 -1510.790083 0.494362 -0.835509 -0.239856 0.868746 0.465433 0.169271 -0.029790 -0.292055 0.955937
-1.728675 -3.133360 -1313.844356 -578.721014 0.921273 0.360954 0.144806 0.387613 -0.882631 -0.265931 -0.031821 -0.301124 0.953054
-4.366566 -6.360799 -732.108282 -1659.740976 0.311015 -0.909376 -0.276235 0.949958 0.288531 0.119709 -0.029158 -0.299643 0.953606
-0.495306 -31.839366 -203.224189 -31.422250 -0.306816 0.924292 0.227042 -0.831964 -0.376316 0.407703 -0.462276 0.063801 -0.884438
-0.729170 -32.914784 -258.900148 -239.555824 -0.307787 0.923281 0.229824 -0.817643 -0.380189 0.432338 -0.486546 0.054846 -0.871931
-1.136321 -34.143478 -137.525064 -1871.139181 -0.337634 0.906737 0.252650 -0.880493 -0.399132 0.255783 -0.332768 0.136095 -0.933136
2.957473 -49.297367 -883.814765 -4793.943090 -0.177956 0.983539 0.031341 0.821498 0.166020 -0.545507 0.541731 0.071330 0.837520
5.959535 -35.007682 -595.276641 -4791.612448 -0.127746 0.991802 0.003221 0.907319 0.118174 -0.403493 0.400566 0.048622 0.914977
6.559874 -37.208509 -1438.034191 -4411.221143 -0.171681 0.984394 0.038654 0.857513 0.168638 -0.486038 0.484971 0.050297 0.873082
8.273819 -49.105798 -2253.013370 -4250.097131 -0.192708 0.978695 0.070854 0.766753 0.195249 -0.611528 0.612334 0.063518 0.788044
13.854431 -41.059424 -2475.154601 -3422.146299 -0.166227 0.953989 0.249547 0.904179 0.248441 -0.347473 0.393483 -0.167876 0.903874
11.240026 -52.641369 -2184.741073 -1712.664200 -0.173698 0.960402 0.217845 0.762207 0.271180 -0.587794 0.623594 -0.063944 0.779129
9.143249 -47.693819 -2309.329225 -1489.792282 -0.189430 0.943247 0.272767 0.820025 0.304771 -0.484432 0.540070 -0.131910 0.831218
9.434394 -42.775324 -2257.937096 -2023.595360 -0.185355 0.942762 0.277205 0.912693 0.269711 -0.306998 0.364191 -0.196099 0.910445
4.688172 -44.079334 -503.885658 -1251.418493 -0.219658 0.943049 0.249819 0.883779 0.300797 -0.358408 0.413141 -0.142057 0.899519
3.654666 -78.320826 457.370369 3460.030285 -0.390174 0.915420 0.098848 -0.699137 -0.364414 0.615150 -0.599142 -0.170907 -0.782189
3.573510 -69.498256 -192.767465 3423.606318 -0.364929 0.929701 0.049825 -0.619638 -0.282467 0.732298 -0.694893 -0.236363 -0.679159
5.205345 -70.110771 943.427101 4381.377056 -0.338472 0.938602 0.066805 -0.547572 -0.254203 0.797211 -0.765246 -0.233253 -0.599993
-5.734921 -55.872169 -942.711307 1815.594077 -0.269441 0.947655 0.171320 -0.587352 -0.302693 0.750596 -0.763164 -0.101616 -0.638166
-1.831572 -51.737674 -381.548309 1135.308103 -0.282443 0.936643 0.207187 -0.651467 -0.345821 0.675277 -0.704143 -0.055752 -0.707866
-2.481327 -44.273390 -739.428078 1058.065834 -0.237844 0.961444 0.138045 -0.496585 -0.242510 0.833422 -0.834765 -0.129674 -0.535118
-4.023915 -58.447846 -912.840757 1501.300002 -0.323763 0.923060 0.207697 -0.726164 -0.383151 0.570861 -0.606518 -0.034001 -0.794342
-4.374915 -43.051114 -757.523217 1831.901736 -0.226148 0.965714 0.127489 -0.403923 -0.212066 0.889873 -0.886399 -0.149747 -0.438032
-5.867611 -47.753304 -522.892294 1695.547354 -0.199583 0.972469 0.120295 -0.459499 -0.201313 0.865063 -0.865464 -0.117377 -0.487027
-7.192986 -58.170990 -422.255598 2283.600617 -0.232757 0.952569 0.196052 -0.597047 -0.299087 0.744367 -0.767697 -0.056204 -0.638343
-6.512720 -63.561435 -728.762056 2157.796023 -0.300105 0.927316 0.223657 -0.699585 -0.373350 0.609254 -0.648473 -0.026373 -0.760781
5.021983 -70.026754 -529.523824 -234.572704 0.891835 -0.005024 -0.452332 -0.425923 -0.346159 -0.835921 0.152379 -0.938162 0.310857
2.848886 -68.845040 -564.633544 -923.103950 0.894371 -0.027773 -0.446463 -0.423208 -0.375829 -0.824407 0.144898 -0.926273 0.347885
4.400077 -68.259404 -745.088851 -978.893261 0.892084 -0.027891 -0.451007 -0.390196 -0.550908 -0.737732 0.227887 -0.834100 0.502339
6.540758 -69.483544 -51.710419 -1401.997574 0.881638 0.043690 -0.469900 -0.402056 -0.451847 -0.796358 0.247116 -0.891025 0.380800
7.058036 -70.121304 -169.029314 247.372579 0.884318 0.044088 -0.464798 -0.451471 -0.172938 -0.875366 0.118975 -0.983945 0.133028
4.793521 -68.675548 -366.124217 -979.927478 0.888466 0.000723 -0.458942 -0.364924 -0.605311 -0.707410 0.278315 -0.795989 0.537534
6.280851 -68.480591 -354.574314 1470.467933 0.887155 0.015921 -0.461197 -0.457117 -0.106664 -0.882988 0.063251 -0.994168 0.087350
-2.932410 -62.239653 -202.185254 -125.301061 -0.286735 0.957944 -0.011228 0.053006 0.027566 0.998214 -0.956543 -0.285627 0.058680
-2.285406 -68.298318 441.631066 -1178.220872 -0.257556 0.965297 -0.043213 0.152787 0.084844 0.984610 -0.954108 -0.246990 0.169336
-2.159895 -61.420277 855.547898 -2511.431290 -0.229425 0.973162 -0.017881 -0.077840 -0.000033 0.996966 -0.970209 -0.230120 -0.075759
-6.402475 -21.063795 -348.736946 400.728250 -0.180256 0.982743 0.041515 -0.457262 -0.046354 -0.888123 0.870872 0.179073 -0.457727
-5.228810 -21.310648 -858.333726 -1724.715934 -0.154890 0.987029 0.042233 -0.347620 -0.014436 -0.937525 0.924754 0.159894 -0.345346
-5.701467 -21.044514 -1374.133260 -117.933830 -0.163844 0.986208 -0.023416 -0.442672 -0.094714 -0.891667 0.881587 0.135729 -0.452086
-5.825451 -20.770692 333.069639 201.984108 -0.232440 0.970731 0.060437 -0.436145 -0.048490 -0.898569 0.869338 0.235223 -0.434650
-6.477211 -23.304115 -652.756214 1097.980875 -0.190832 0.981478 -0.016844 -0.532591 -0.117937 -0.838116 0.824579 0.150968 -0.545232
-6.869238 -23.451130 559.751251 1465.943500 -0.192502 0.977855 0.082116 -0.543737 -0.036631 -0.838456 0.816880 0.206053 -0.538748
-5.647620 -23.909162 143.460360 -112.217502 -0.543238 0.832790 -0.106550 -0.725139 -0.529362 -0.440397 0.423161 0.161977 -0.891458
-4.745852 -21.596943 372.622580 -237.862745 -0.509794 0.858961 -0.047914 -0.749139 -0.470618 -0.466165 0.422967 0.201753 -0.883400
-4.229781 -22.318760 115.254256 -1978.871974 -0.449140 0.892368 -0.044191 -0.728373 -0.394347 -0.560324 0.517442 0.219476 -0.827094
-6.267917 -26.655831 443.938822 892.095560 -0.549695 0.831674 -0.078451 -0.771759 -0.541539 -0.333351 0.319724 0.122696 -0.939533
-5.311967 -23.340320 -281.207304 -2137.067688 -0.487755 0.866468 -0.106431 -0.693957 -0.458806 -0.554906 0.529640 0.196800 -0.825077
-6.107090 -25.489190 166.413897 -463.407754 -0.558412 0.818813 -0.133118 -0.716668 -0.556985 -0.419708 0.417807 0.138969 -0.897844
-6.761933 -29.371871 376.373480 1296.430712 -0.553264 0.826127 -0.106835 -0.775513 -0.557645 -0.295993 0.304103 0.080910 -0.949197
-3.578888 -50.616968 -287.682586 550.301716 -0.327257 0.930294 0.165697 0.820200 0.192582 0.538687 -0.469227 -0.312193 0.826052
-4.900594 -48.473287 -134.427857 560.271496 -0.325360 0.931129 0.164740 0.889159 0.241980 0.388384 -0.321771 -0.272845 0.906653
-5.577709 -51.161075 31.257196 1009.695356 -0.335284 0.932220 0.136201 0.862766 0.245747 0.441863 -0.378442 -0.265659 0.886683
-5.767719 -48.256537 103.827568 943.024334 0.330610 -0.929911 -0.161129 0.926188 0.286888 0.244688 -0.181312 -0.230131 0.956120
-4.067596 -54.762545 -55.883970 451.259046 -0.343243 0.929310 0.136263 0.732884 0.174261 0.657659 -0.587423 -0.325601 0.740890
-5.210611 -55.028285 -25.643963 664.185979 -0.346511 0.932451 0.102299 0.745691 0.207650 0.633108 -0.569100 -0.295662 0.767274
-6.680317 -48.182139 266.347422 859.871336 -0.347281 0.931417 0.108893 0.899304 0.297873 0.320193 -0.265797 -0.209125 0.941073
-6.506027 -51.484260 72.994672 984.985857 -0.356449 0.930309 0.086422 0.843422 0.280598 0.458153 -0.401974 -0.236198 0.884662
-6.763151 -47.992841 0.758538 832.248113 0.338939 -0.929238 -0.147098 0.924461 0.299933 0.235400 -0.174623 -0.215773 0.960702
-1.589616 -72.051574 311.301787 -1685.304258 0.837561 -0.254153 -0.483630 0.156202 -0.736866 0.657746 0.523539 0.626446 0.577471
-0.738312 -72.583569 231.581154 785.949124 0.843168 -0.254303 -0.473707 0.262538 -0.574142 0.775522 0.469193 0.778261 0.417334
-3.003439 -71.205658 808.774062 -1769.942653 0.838572 -0.280631 -0.466951 0.168529 -0.681451 0.712195 0.518069 0.675922 0.524151
-3.968109 -71.263178 694.977508 1619.223565 0.833617 -0.267323 -0.483344 -0.051740 0.833438 -0.550186 0.549914 0.483652 0.680937
-13.056695 -22.148536 716.024494 -407.244230 -0.555257 0.734747 0.389661 0.773055 0.628753 -0.083998 0.306718 -0.254589 0.917120
-15.146010 -22.074704 -543.061484 -618.333955 0.673151 -0.590532 -0.445129 0.655925 0.754768 -0.009387 0.341512 -0.285652 0.895417
-12.827586 -24.026260 -702.520105 -45.404793 0.646463 -0.639529 -0.416038 0.661956 0.741290 -0.110919 0.379341 -0.203694 0.902557
-11.158761 -23.995697 698.770821 -47.040632 -0.571278 0.737015 0.361179 0.745685 0.649930 -0.146782 0.342922 -0.185472 0.920872
67.487632 -290.731551 2484.718133 29585.792305 0.745409 -0.115893 -0.656456 0.562915 0.636916 0.526750 -0.357061 0.762173 -0.540000
49.111336 -1138.981787 9238.831657 -298543.271909 0.697342 -0.043813 -0.715399 0.662945 0.418814 0.620563 -0.272430 0.907014 -0.321102
42.902116 -274.570224 9857.369137 43705.481431 -0.584503 0.021131 0.811116 0.660381 0.593214 0.460427 -0.471436 0.804767 -0.360691
50.386175 -500.495615 5212.660636 95062.188579 -0.564264 -0.002444 0.825591 0.463095 0.826927 0.318958 -0.683483 0.562303 -0.465474
-8.883033 -32.037284 -943.954825 -1259.607849 -0.441099 0.759064 -0.478804 -0.323261 -0.632082 -0.704255 0.837218 0.155867 -0.524187
-3.296316 -32.310918 -1303.827791 -1391.307011 -0.390854 0.805570 -0.445298 -0.377090 -0.581459 -0.720908 0.839664 0.113853 -0.531038
-6.986010 -34.414563 -1052.052612 -691.790505 -0.434986 0.763930 -0.476652 -0.440121 -0.642195 -0.627597 0.785545 0.063211 -0.615568
-4.713232 -35.807603 -1016.844550 175.416317 -0.442512 0.758538 -0.478333 -0.550885 -0.650827 -0.522447 0.707608 -0.032318 -0.705866
-10.057294 -35.276668 -752.676305 -142.570658 -0.491564 0.725702 -0.481374 -0.463057 -0.685964 -0.561276 0.737525 0.052999 -0.673237
1.846611 -46.235939 80.376733 -2352.738225 0.849160 0.519858 -0.093139 0.140778 -0.392774 -0.908796 0.509028 -0.758601 0.406712
1.109898 -45.794122 581.849425 -2245.919392 0.858592 0.451920 -0.242049 0.010771 -0.487943 -0.872809 0.512546 -0.746780 0.423811
-4.809616 -37.977745 92.251527 -1947.832367 0.861119 0.469587 -0.194836 0.129421 -0.573081 -0.809215 0.491654 -0.671615 0.554265
-4.276002 -16.922921 457.281123 420.492830 -0.259671 0.894660 0.363530 0.314561 0.434274 -0.844072 0.913029 0.104829 0.394193
-7.428139 -18.967345 589.991799 209.667207 -0.263664 0.856139 0.444418 0.327997 0.512840 -0.793355 0.907138 0.063412 0.416029
-5.956605 -17.809204 409.663972 1128.209919 -0.234751 0.910785 0.339650 0.264395 0.396068 -0.879332 0.935407 0.116623 0.333785
-6.499454 -20.215941 591.199358 -454.458888 -0.279311 0.853859 0.439215 0.384682 0.518614 -0.763583 0.879776 0.044319 0.473319
-3.121151 -16.637216 585.572022 1168.353159 -0.243075 0.929777 0.276457 0.263892 0.337642 -0.903526 0.933421 0.146670 0.327433
-1.576797 -16.065344 407.194369 1227.621947 -0.252204 0.926961 0.277734 0.270320 0.343075 -0.899571 0.929150 0.151798 0.337101
-2.528776 -16.284320 508.754945 -10.665852 -0.267051 0.911879 0.311705 0.335618 0.391208 -0.856923 0.903352 0.124228 0.410516
-4.150234 -18.667968 387.796660 -554.058109 -0.279183 0.878186 0.388389 0.373856 0.471965 -0.798424 0.884471 0.077705 0.460079
-1.455112 -23.688296 337.678203 -1813.169914 -0.536742 0.824966 0.177029 -0.680189 -0.298918 -0.669321 0.499250 0.479666 -0.721575
-2.495115 -22.738352 332.711825 152.112903 -0.526754 0.831322 0.177299 0.749801 0.356174 0.557618 0.400411 0.426667 -0.810942
-1.942385 -23.464075 317.106792 297.323389 -0.519215 0.833195 0.190268 0.755892 0.343811 0.557154 0.398801 0.433105 -0.808317
-2.892406 -25.939001 449.516246 -1077.494929 -0.510322 0.839834 0.185068 0.809819 0.396870 0.432075 0.289423 0.370368 -0.882645
-2.722814 -27.357538 412.208821 -842.444719 -0.482762 0.850741 0.207798 0.829615 0.368269 0.419662 0.280499 0.374990 -0.883574
-5.911585 -51.347410 782.370888 730.274118 -0.372902 0.927544 -0.024612 0.849200 0.351853 0.393775 -0.373903 -0.125939 0.918877
-7.211033 -53.380614 50.726607 1024.567633 -0.370592 0.928426 -0.026220 0.848013 0.349740 0.398192 -0.378862 -0.125332 0.916927
-6.175098 -55.797518 428.858990 1085.337241 -0.355170 0.934755 -0.009344 0.756632 0.293331 0.584350 -0.548965 -0.200474 0.811448
-5.624937 -54.003013 0.231923 955.914981 -0.372018 0.927676 0.031929 0.789430 0.298110 0.536591 -0.488265 -0.224827 0.843238
-13.764320 -20.175750 -889.596700 279.217057 0.608301 0.777535 -0.159403 0.772249 -0.626180 -0.107381 0.183307 0.057779 0.981356
-10.052354 -20.993950 -754.921090 -418.210405 0.746737 0.640789 -0.178252 -0.652679 0.757556 -0.010920 0.128038 0.124496 0.983924
-10.449331 -19.515769 -1001.801928 -564.753766 0.732353 0.663142 -0.154605 -0.657482 0.747735 0.092789 0.177136 0.033695 0.983609
8.502130 -99.656669 944.440983 7191.257380 -0.443793 0.886832 -0.128749 -0.123329 0.081862 0.988984 -0.887602 -0.454783 -0.073042
11.736634 -135.250465 888.262897 13286.419513 -0.481144 0.867375 -0.127126 -0.317822 -0.037443 0.947411 -0.817000 -0.496244 -0.293687
8.687376 -106.687697 326.458259 11052.613892 -0.456285 0.886285 -0.079384 -0.270642 -0.053239 0.961207 -0.847677 -0.460069 -0.264158
39.932620 -182.984716 -1225.660508 23975.285737 -0.357293 0.637344 -0.682740 0.896944 0.437981 -0.060532 0.260448 -0.634008 -0.728149
35.216544 -182.862581 843.754805 11332.985305 -0.399810 0.718745 -0.568821 0.913711 0.263300 -0.309525 -0.072699 -0.643489 -0.761995
29.075319 -166.034662 -2161.816268 5230.897371 -0.368960 0.552483 -0.747416 0.925852 0.147827 -0.347771 -0.081649 -0.820311 -0.566060
33.793641 -192.708411 -3884.087795 26063.882291 -0.332010 0.517374 -0.788729 0.867566 0.495709 -0.040031 0.370269 -0.697565 -0.613436
25.306346 -149.680164 -2711.448998 14561.034557 -0.323221 0.441407 -0.837071 0.925759 0.330888 -0.182982 0.196208 -0.834070 -0.515587
22.056515 -144.007501 -2322.067917 -3736.095385 -0.353549 0.439405 -0.825789 0.906877 -0.055391 -0.417739 -0.229297 -0.896580 -0.378903
19.377215 -164.934567 -2255.247289 -18652.387895 -0.376375 0.494082 -0.783725 0.768093 -0.306606 -0.562162 -0.518049 -0.813557 -0.264102
-0.313397 -36.546880 229.807195 -1593.024958 -0.303413 0.908436 0.287548 -0.838197 -0.397980 0.372877 -0.453173 0.127886 -0.882201
0.783864 -40.904450 420.306235 457.826806 -0.333946 0.889101 0.313016 -0.850940 -0.427205 0.305610 -0.405440 0.164300 -0.899235
-0.375717 -40.643472 707.754992 1172.523803 -0.341121 0.881029 0.327756 -0.846872 -0.439359 0.299620 -0.407977 0.175361 -0.895993
-1.025174 -35.853407 637.651445 -1030.932578 -0.303635 0.898703 0.316448 -0.832888 -0.411653 0.369918 -0.462713 0.151245 -0.873511
-1.408166 -40.584930 469.858283 1021.199194 -0.333745 0.888697 0.314377 -0.854024 -0.426237 0.298271 -0.399072 0.168939 -0.901222
-1.071459 -42.338263 349.008068 3071.585430 -0.353271 0.880806 0.315248 -0.868073 -0.434261 0.240556 -0.348783 0.188677 -0.918015
-8.976453 -21.782516 -395.802938 -472.393784 -0.268031 0.893757 -0.359663 0.302187 -0.276490 -0.912270 0.914791 0.353203 0.195974
-8.221114 -20.132097 39.982914 76.356526 -0.210381 0.847389 -0.487517 0.353214 -0.399107 -0.846141 0.911581 0.350209 0.215345
-8.711816 -20.526106 -35.043511 134.027603 -0.222425 0.870741 -0.438562 0.304236 -0.365378 -0.879738 0.926265 0.329102 0.183642
0.210327 -49.061995 -2557.442065 953.032519 -0.034329 0.977262 -0.209238 -0.021399 0.208594 0.977768 -0.999181 -0.038044 -0.013752
8.397188 -50.448180 1490.830258 1491.976575 0.100759 0.992474 -0.069591 -0.135130 0.082951 0.987350 -0.985691 0.090081 -0.142471
0.838382 -43.600811 1305.615202 2449.047175 0.081818 0.990364 -0.111739 0.061321 0.106900 0.992377 -0.994759 0.088046 0.051984
3.865659 -51.680185 -3561.738975 -394.365127 -0.051974 0.970465 -0.235578 -0.175035 0.223392 0.958884 -0.983189 -0.091071 -0.158255
-6.866518 -52.447365 -3529.275019 -43.251823 -0.045623 0.927817 -0.370235 -0.051498 0.367944 0.928421 -0.997630 -0.061424 -0.030994
-29.141555 -38.740579 -31.066860 1675.582027 -0.381324 0.801415 -0.460788 -0.430425 0.287206 0.855714 -0.818124 -0.524639 -0.235431
-28.446585 -38.638371 57.366187 236.026646 -0.324227 0.901540 -0.286535 -0.446988 0.120946 0.886326 -0.833714 -0.415449 -0.363764
-28.522567 -40.152734 105.278688 312.210247 -0.312971 0.843880 -0.435794 -0.571341 0.199255 0.796158 -0.758695 -0.498161 -0.419781
-29.448968 -41.555224 -14.722234 1003.906454 -0.415687 0.778318 -0.470559 -0.545550 0.200593 0.813719 -0.727723 -0.594965 -0.341227
-29.725266 -39.805887 -179.443577 1162.870482 -0.427959 0.682975 -0.591944 -0.547885 0.324846 0.770907 -0.718800 -0.654233 -0.235171
-28.622380 -37.107987 -245.787222 1618.941742 -0.362334 0.642751 -0.674970 -0.492443 0.482832 0.724136 -0.791337 -0.594763 -0.141572
-20.331873 -45.033094 2085.110753 -601.663265 0.974897 0.222657 -0.000757 -0.220375 0.965380 0.139557 -0.031804 0.135886 -0.990214
-25.421255 -48.449166 1474.592094 -134.104490 0.960029 0.265226 -0.089436 -0.235377 0.937907 0.254810 -0.151465 0.223574 -0.962846
-15.558701 -44.473740 2332.343812 847.816437 0.937999 0.342249 0.054991 -0.340779 0.881419 0.327064 -0.063467 0.325526 -0.943401
-9.689142 -41.579641 2455.456577 -656.033465 0.953666 0.286227 0.092712 -0.297125 0.944429 0.140610 0.047314 0.161642 -0.985715
-5.547943 -40.634026 2600.717996 329.667544 0.921860 0.365309 0.129318 -0.387401 0.877127 0.283847 0.009736 0.311765 -0.950109
-5.858391 -39.391214 2551.243572 1617.072540 0.891954 0.428954 0.142883 -0.445946 0.782603 0.434357 -0.074499 0.451144 -0.889336
-0.324764 -24.357711 1284.072872 444.535985 -0.400999 0.905784 -0.136946 0.327066 0.281199 0.902194 -0.855703 -0.316989 0.409012
-4.287691 -24.341903 1892.564700 198.156691 -0.383147 0.918887 -0.094051 0.355738 0.240761 0.903042 -0.852437 -0.312541 0.419129
-3.033863 -22.298598 1431.237634 355.655282 -0.381778 0.918553 -0.102501 0.433791 0.276007 0.857698 -0.816132 -0.282986 0.503833
-0.826330 -21.492908 651.291548 278.252917 -0.409658 0.902705 -0.131541 0.423946 0.316070 0.848746 -0.807744 -0.291930 0.512179
-2.231307 -20.048479 637.503106 485.170259 -0.387419 0.918139 -0.083229 0.515403 0.290560 0.806185 -0.764373 -0.269435 0.585780
-4.712709 -20.723285 761.673643 794.057855 -0.382550 0.922598 -0.049680 0.539016 0.266525 0.799016 -0.750412 -0.278885 0.599254
0.024485 -26.349804 -551.463739 -907.910545 -0.126668 -0.583552 0.802136 -0.478437 0.744314 0.465935 -0.868938 -0.324752 -0.373474
-1.619675 -26.692016 -1166.713975 -776.592412 -0.101591 -0.617493 0.779988 -0.491359 0.712880 0.500368 -0.865012 -0.332421 -0.375834
-2.112402 -28.862659 -704.818580 -2419.038290 -0.116227 -0.605372 0.787411 -0.441848 0.741531 0.504879 -0.889529 -0.289235 -0.353668
-1.465919 -29.284933 -309.012475 -2629.712376 -0.130125 -0.568343 0.812437 -0.429661 0.770793 0.470394 -0.893566 -0.287862 -0.344494
-4.887256 -40.297667 1001.257581 -2544.016010 -0.226139 0.522521 -0.822091 -0.567829 0.615019 0.547103 0.791475 0.590528 0.157622
-5.794239 -41.719832 270.993425 -4039.215035 -0.188695 0.544566 -0.817216 -0.533284 0.641954 0.550912 0.824623 0.539762 0.169275
-4.104705 -35.645892 -91.502527 -1875.497711 -0.158410 0.516244 -0.841664 -0.510008 0.687126 0.517445 0.845458 0.511223 0.154441
-3.733263 -35.069401 560.185058 -1294.206579 -0.206434 0.500792 -0.840590 -0.520052 0.671547 0.527798 0.828813 0.546106 0.121808
-0.059493 -27.413543 13.248511 -1963.599733 -0.040332 -0.676207 0.735607 -0.066329 0.736394 0.673294 -0.996982 -0.021637 -0.074552
1.012607 -28.146612 88.828258 -2231.731573 -0.042670 -0.671561 0.739720 -0.054406 0.740857 0.669455 -0.997607 -0.011679 -0.068150
-0.015667 -28.784677 -90.048308 -1183.279551 -0.047646 -0.669913 0.740909 0.051285 0.739132 0.671605 -0.997547 0.069997 -0.000860
0.166796 -27.878565 -167.982100 -1882.567460 -0.044033 -0.667924 0.742926 -0.062779 0.744028 0.665193 -0.997056 -0.017350 -0.074693
0.354659 -30.556620 -154.268277 -1041.601599 -0.044593 -0.659027 0.750796 0.064624 0.748067 0.660469 -0.996913 0.077971 0.009230
-0.015894 -34.352370 -165.459768 367.922075 -0.049354 -0.645879 0.761843 0.212806 0.738457 0.639839 -0.975847 0.193703 0.101001
0.125920 -32.514713 106.981800 741.456553 -0.044555 -0.665995 0.744624 0.206886 0.723055 0.659083 -0.977350 0.183418 0.105569
-1.167445 -53.526452 -736.172434 -2374.252769 -0.100168 0.702298 -0.704800 0.012837 0.709216 0.704874 0.994888 0.061558 -0.080056
1.630975 -48.502982 -946.881703 2239.447567 -0.090936 0.733547 -0.673528 -0.052984 -0.678936 -0.732283 0.994446 0.030904 -0.100606
0.477426 -45.167381 -994.754198 2573.665908 -0.080114 0.751541 -0.654804 -0.218619 -0.654169 -0.724064 0.972516 -0.085145 -0.216710
-3.742962 -46.657520 -388.095785 1870.858297 -0.153532 -0.655162 0.739723 -0.300564 0.744091 0.596648 -0.941323 -0.130729 -0.311160
-4.616251 -46.807874 -1166.550722 2001.143723 -0.198333 -0.646851 0.736375 -0.220533 0.761486 0.609511 -0.955002 -0.041509 -0.293680
-2.384722 -56.843982 -544.352849 1367.993773 -0.164493 -0.657869 0.734950 -0.494415 0.699730 0.515686 -0.853520 -0.278544 -0.440360
-3.946687 -42.462222 400.947894 2950.299903 -0.140169 -0.651925 0.745216 -0.126247 0.758271 0.639599 -0.982046 -0.004429 -0.188590
-3.055353 -47.451364 1261.472833 1345.555988 -0.099536 -0.646618 0.756292 -0.353679 0.733424 0.580518 -0.930056 -0.209702 -0.301697
2.933283 -6.865590 200.424230 -460.634251 0.865436 -0.395271 -0.307866 -0.466768 -0.859390 -0.208749 0.182064 -0.324361 0.928247
4.145341 -5.296598 289.088638 -270.901274 0.892926 -0.338532 -0.296781 -0.407534 -0.887928 -0.213308 0.191309 -0.311417 0.930817
2.298437 -7.705019 267.743865 -449.631364 0.800207 -0.494329 -0.339570 -0.569283 -0.804200 -0.170821 0.188640 -0.330003 0.924939
3.994618 -6.104232 257.690565 -503.534000 0.945662 -0.209619 -0.248562 -0.272346 -0.928253 -0.253326 0.177626 -0.307256 0.934902
9.445757 -10.081308 544.921680 261.907944 0.919480 -0.382480 0.090912 0.374391 0.781349 -0.499324 -0.119947 -0.493155 -0.861633
19.661620 -12.567253 4986.262954 -1252.379535 0.772716 -0.580036 0.257815 0.623133 0.615824 -0.482148 -0.120895 -0.533216 -0.837296
20.022634 -8.916486 3596.657401 -35.693897 0.879951 -0.439185 0.181115 0.464423 0.715032 -0.522533 -0.099985 -0.543917 -0.833161
-0.925034 -16.862470 194.058000 670.863345 -0.558962 0.607701 0.564147 0.119745 0.732383 -0.670280 -0.820502 -0.307107 -0.482143
-0.819572 -18.769729 -120.371861 528.913816 -0.553632 0.621381 0.554416 0.095363 0.708683 -0.699052 -0.827283 -0.334147 -0.451607
-1.129935 -16.643929 48.748817 420.167808 -0.567193 0.558445 0.605335 0.114329 0.781273 -0.613630 -0.815611 -0.278839 -0.506979
-3.084102 -60.402502 -689.245129 193.493528 -0.089400 0.642327 -0.761198 -0.379077 0.684797 0.622378 0.921037 0.344193 0.182271
-5.694452 -62.884766 -697.108767 909.337132 -0.098188 0.626640 -0.773099 -0.488458 0.646491 0.586053 0.867046 0.435169 0.242609
-2.365851 -57.682185 -594.414300 -1650.743529 -0.070659 0.619951 -0.781452 0.572814 -0.616144 -0.540601 0.816634 0.485826 0.311581
-5.146504 -65.459280 -468.682796 3125.249618 -0.330717 0.157557 0.930485 0.384751 0.922814 -0.019508 -0.861738 0.351553 -0.365810
-8.589477 -65.866020 -517.954484 963.184151 -0.304149 0.159108 0.939243 0.318769 0.946114 -0.057047 -0.897708 0.282051 -0.338479
-6.616223 -66.191950 -634.437665 3135.599831 -0.314154 0.169827 0.934059 0.539579 0.841453 0.028488 -0.781129 0.512948 -0.355981
-6.685549 -66.859901 -274.875663 -1176.625634 -0.314580 0.142505 0.938473 0.118105 0.986860 -0.110263 -0.941855 0.076152 -0.327277
-3.789980 -62.925035 -667.731670 2545.774366 -0.352282 0.153373 0.923241 0.528403 0.846803 0.060948 -0.772456 0.509314 -0.379356
-3.802567 -68.582106 -1037.445777 2699.529779 -0.374587 0.159916 0.913297 0.424964 0.905072 0.015822 -0.824070 0.394045 -0.406987
-4.223645 -67.449883 -708.809146 1425.458807 -0.368945 0.131494 0.920103 0.206237 0.976846 -0.056906 -0.906281 0.168764 -0.387521
-1.369400 -91.452624 691.391509 -7309.871429 -0.042020 -0.011612 0.999049 0.998973 -0.017452 0.041814 0.016950 0.999780 0.012333
-5.426320 -80.695736 455.141794 -5932.367301 -0.077516 -0.000439 0.996991 0.975697 0.205542 0.075951 -0.204957 0.978648 -0.015504
-2.634041 -79.306040 431.924728 -2380.221317 -0.006298 -0.003273 0.999975 0.985760 0.168025 0.006758 -0.168043 0.985777 0.002168
1.825494 -89.860739 621.624335 -4923.408578 0.011168 -0.027238 0.999567 0.994555 -0.103275 -0.013926 0.103610 0.994280 0.025937
-4.080609 -77.029052 360.353198 2114.755166 0.036665 0.014124 0.999228 0.926448 0.374368 -0.039287 -0.374634 0.927173 0.000641
-1.091579 -73.585186 271.856175 537.629187 0.049675 0.007107 0.998740 0.974384 0.219256 -0.050024 -0.219335 0.975642 0.003967
-8.530325 -39.314445 225.046514 -2632.128740 0.975722 -0.207650 -0.069627 -0.166749 -0.498230 -0.850859 -0.141991 -0.841812 0.520760
-9.585544 -30.936087 195.778007 -1473.511694 0.957843 -0.258450 -0.125463 -0.255896 -0.568997 -0.781511 -0.130593 -0.780670 0.611146
-10.247307 -33.290399 305.022304 -1661.578086 0.970116 -0.237532 -0.049525 -0.171463 -0.526689 -0.832586 -0.171682 -0.816197 0.551678
-8.106805 -43.408833 154.492149 -2879.222277 0.981557 -0.187736 0.036063 -0.048317 -0.426151 -0.903361 -0.184961 -0.884958 0.427362
3.486983 -237.418034 722.448968 -33411.739519 0.386970 -0.055656 -0.920411 0.922054 0.032465 0.385698 0.008415 -0.997922 0.063881
2.156940 -203.938328 -312.464203 -19715.654693 0.427912 -0.059459 -0.901863 0.900069 0.118849 0.419225 0.082259 -0.991130 0.104374
2.756432 -189.935943 657.560262 -14977.862651 0.381446 -0.056579 -0.922658 0.829514 0.461418 0.314643 0.407929 -0.885377 0.222939
2.656460 -129.121055 387.717843 -7695.950378 0.439654 -0.025727 -0.897799 0.889895 -0.122877 0.439305 -0.121621 -0.992088 -0.031129
3.456058 -162.408565 773.735968 -10181.943979 0.396497 -0.034783 -0.917377 0.899371 0.215194 0.380556 0.184177 -0.975952 0.116606
3.212174 -135.341321 313.339242 -4841.628277 0.440758 -0.027447 -0.897206 0.883146 -0.165549 0.438915 -0.160578 -0.985820 -0.048727
2.907584 -157.404877 271.798042 -4451.373229 0.439122 -0.046851 -0.897205 0.854278 -0.287428 0.433121 -0.278174 -0.956656 -0.086193
-7.889811 -197.242438 1705.326762 23980.300551 0.449458 0.071139 -0.890464 0.703955 -0.641879 0.304039 -0.549941 -0.763499 -0.338576
5.163832 -269.757532 -2424.134920 -35814.337253 -0.461920 -0.041142 0.885967 -0.370012 0.916781 -0.150342 -0.806052 -0.397264 -0.438703
-0.467250 -217.062221 -1471.428310 -21250.090713 -0.429223 -0.157980 0.889275 -0.524402 0.845223 -0.102957 -0.735370 -0.510529 -0.445635
-9.335039 -251.878780 1374.870768 42713.094125 0.437710 0.153168 -0.885974 0.779663 -0.555437 0.289163 -0.447812 -0.817330 -0.362540
8.553916 -15.823969 -3856.410441 189.079790 -0.131598 0.686174 -0.715434 -0.444852 0.604083 0.661204 -0.885883 -0.405276 -0.225750
25.856546 -12.980344 -7559.718189 873.031271 -0.183283 0.779878 -0.598496 -0.378093 0.506058 0.775211 -0.907443 -0.368370 -0.202115
-0.910094 -20.491745 1582.835817 -259.426450 -0.000103 -0.507423 0.861697 -0.392178 0.792686 0.466738 -0.919889 -0.337891 -0.199081
-6.116336 -25.831877 1156.776780 -773.636614 -0.081782 -0.337616 0.937724 -0.339004 0.894198 0.292380 -0.937224 -0.293981 -0.187582
-7.877561 -24.402066 924.920802 -707.432577 -0.006919 -0.553926 0.832537 -0.467143 0.737917 0.487088 -0.884155 -0.385544 -0.263868
0.549256 -21.237326 371.249971 224.234792 0.509119 -0.725686 -0.462792 0.838772 0.297735 0.455869 -0.193028 -0.620269 0.760268
-0.065650 -21.881417 272.183558 380.081110 0.514149 -0.725913 -0.456839 0.821572 0.263857 0.505371 -0.246315 -0.635162 0.732051
3.203636 -21.820240 587.830246 277.462761 0.500212 -0.733224 -0.460620 0.824972 0.241928 0.510776 -0.263076 -0.635495 0.725904
3.397579 -21.785412 597.856006 408.396733 0.499058 -0.733443 -0.461523 0.842441 0.285829 0.456722 -0.203062 -0.616736 0.760528
-0.625299 -23.190467 -59.406301 1028.996267 0.817058 0.576315 -0.016672 0.549680 -0.787371 -0.279103 0.173978 -0.218879 0.960117
-1.109445 -22.921295 718.296586 3488.543852 0.738823 0.673851 -0.008048 0.618304 -0.682574 -0.389606 0.268029 -0.282874 0.920947
3.155380 -16.972964 773.882316 4185.392498 0.779274 0.626443 -0.017351 0.554076 -0.701660 -0.447965 0.292799 -0.339474 0.893883
4.246552 -22.440106 196.545497 5318.098660 0.848292 0.528560 -0.032018 0.459438 -0.764725 -0.451787 0.263282 -0.368537 0.891551
7.190664 -8.314730 1034.138052 4574.621805 0.861025 0.502793 -0.076391 0.414492 -0.780831 -0.467440 0.294674 -0.370814 0.880718
-4.192410 -26.823156 154.964476 1050.136327 -0.239097 0.670434 -0.702390 0.326759 0.736736 0.591987 0.914364 -0.087970 -0.395222
-2.432300 -27.260291 213.512103 1204.509437 -0.258627 0.659724 -0.705604 0.313108 0.748272 0.584853 0.913824 -0.069671 -0.400088
-3.483233 -25.920858 381.383710 780.921846 -0.255546 0.665424 -0.701361 0.268295 0.745764 0.609798 0.928824 -0.032340 -0.369107
-7.463658 -12.859130 -761.342336 58.747782 -0.322798 0.946075 -0.027261 0.765904 0.278029 0.579734 -0.556051 -0.166257 0.814350
-6.353380 -12.813555 -230.515649 100.244642 -0.263998 0.963914 0.034287 0.802709 0.199860 0.561885 -0.534756 -0.175859 0.826505
-7.385669 -12.505728 -670.772237 -64.325196 -0.306729 0.951779 -0.005764 0.809531 0.264062 0.524338 -0.500576 -0.156163 0.851491
8.041977 -87.122984 -642.783472 1979.205299 -0.219800 -0.394181 0.892362 0.475612 0.755356 0.450811 -0.851752 0.523506 0.021450
7.110527 -94.198204 -84.185841 4068.321538 -0.213157 -0.451769 0.866296 0.318674 0.806034 0.498754 -0.923586 0.382379 -0.027845
6.500801 -100.657354 -138.054113 6462.877369 -0.230355 -0.425209 0.875291 0.246054 0.844801 0.475152 -0.941485 0.324822 -0.089980
-0.449028 -172.726522 -1940.089581 12744.250881 -0.007767 0.037286 -0.999274 0.041009 0.998476 0.036937 0.999129 -0.040692 -0.009285
-5.992807 -138.109872 -1923.227924 15244.712775 -0.018118 -0.034530 -0.999239 -0.302594 0.952725 -0.027436 0.952947 0.301867 -0.027710
4.298850 -127.309128 -1805.372137 10730.353904 -0.005450 0.005856 -0.999968 -0.210272 0.977619 0.006871 0.977628 0.210303 -0.004096
-0.151992 -33.602953 -23.711323 759.638709 -0.118218 0.745969 -0.655404 0.961453 0.251006 0.112269 0.248260 -0.616868 -0.746888
-1.160843 -34.257176 618.712473 2731.134356 -0.131298 0.749775 -0.648536 0.967806 0.238655 0.079974 0.214739 -0.617156 -0.756971
-0.445969 -34.308209 -159.788084 3121.036657 -0.134272 0.736895 -0.662538 0.968775 0.238246 0.068650 0.208435 -0.632633 -0.745875
0.275419 -32.973045 -454.738954 1189.433530 -0.142077 0.727291 -0.671463 0.954824 0.279564 0.100774 0.261009 -0.626811 -0.734154
0.237342 -33.348459 -828.694928 3195.196979 -0.132436 0.725736 -0.675106 0.964002 0.252743 0.082588 0.230565 -0.639866 -0.733083
-29.716054 -48.868181 -261.609657 4203.322078 0.474189 0.841618 -0.258503 0.874043 -0.414719 0.253096 0.105804 -0.345958 -0.932265
-20.807779 -39.768487 129.728663 1165.333128 -0.139065 0.886825 -0.440684 0.986791 0.161438 0.013476 0.083094 -0.432989 -0.897561
-25.513615 -41.814338 -657.910153 1233.160872 0.033561 0.924579 -0.379509 0.997626 -0.008146 0.068377 0.060129 -0.380903 -0.922658
-21.752456 -39.097938 255.460085 1219.474578 -0.259465 0.832648 -0.489259 0.960573 0.274902 -0.041570 0.099885 -0.480755 -0.871147
10.429931 -55.633198 1043.843259 -2438.401032 -0.018756 0.953118 0.302017 -0.259390 0.287089 -0.922115 0.965591 0.095635 -0.241844
18.777631 -52.687412 1361.095853 -1214.437168 0.041934 0.931977 0.360085 -0.163895 0.361936 -0.917682 0.985586 0.020534 -0.167924
16.350355 -49.769763 1461.341115 -1753.560800 -0.009540 0.949259 0.314351 -0.090757 0.312246 -0.945656 0.995827 0.037551 -0.083173
1.091282 -15.616102 -821.774980 214.215557 -0.440275 0.747241 -0.497784 -0.669634 -0.642602 -0.372361 0.598120 -0.169392 -0.783300
6.466466 -9.397689 -156.297244 237.685416 -0.649851 0.460679 -0.604540 0.400316 0.883574 0.242991 0.646097 -0.084099 -0.758608
-0.128390 -12.169523 1526.002544 315.995341 -0.548811 0.682343 -0.482923 0.610670 0.721755 0.325811 0.570866 -0.116097 -0.812793
5.267824 -15.008657 -1999.029978 712.707590 -0.533592 0.609430 -0.586408 0.515821 0.783982 0.345399 0.670230 -0.118180 -0.732684
-0.264679 -15.588056 388.716182 44.865253 -0.291490 0.875931 -0.384420 -0.781747 -0.449733 -0.431986 0.551276 -0.174599 -0.815849
-0.568614 -20.425395 -2107.164844 157.230471 -0.374904 0.786212 -0.491242 -0.693825 -0.589394 -0.413790 0.614861 -0.185704 -0.766459
8.881187 -5.872926 625.574221 -548.553643 0.365515 0.877138 -0.311492 0.921426 -0.293582 0.254525 0.131805 -0.380050 -0.915527
7.973449 -5.818676 -1032.741029 -554.091802 0.375123 0.848446 -0.373394 0.920592 -0.293792 0.257286 0.108593 -0.440257 -0.891281
7.122186 -8.605504 402.425748 -725.485835 0.483395 0.832647 -0.270237 0.861090 -0.396675 0.318077 0.157650 -0.386455 -0.908735
5.397833 -9.177807 1741.403924 -800.757082 0.385513 0.894598 -0.225994 0.908630 -0.325459 0.261663 0.160532 -0.306219 -0.938328
6.309122 -11.779983 1827.981004 -974.679938 0.592372 0.791439 -0.150730 0.775723 -0.509756 0.372024 0.217599 -0.337301 -0.915903
-9.328216 -22.773383 -344.237402 375.968221 0.698499 -0.558973 -0.446820 0.522054 0.825088 -0.216078 0.489447 -0.082334 0.868137
-11.001349 -23.430974 99.875729 669.708983 0.777048 -0.359598 -0.516610 0.370943 0.924692 -0.085708 0.508525 -0.125033 0.851921
-9.417423 -24.800135 848.630852 785.997173 0.815808 -0.115385 -0.566695 0.179413 0.982043 0.058326 0.549789 -0.149255 0.821861
29.669587 -61.803423 -2971.738205 -4342.674573 0.434418 0.780959 0.448758 0.597453 0.123000 -0.792415 0.674041 -0.612351 0.413153
19.846404 -57.254578 2687.821847 -4933.826589 -0.520487 -0.718521 -0.461325 0.616580 0.057488 -0.785191 0.590697 -0.693125 0.413104
22.876001 -49.154087 3057.405195 -4795.097879 -0.465838 -0.748125 -0.472551 0.719261 -0.009073 -0.694681 0.515420 -0.663496 0.542324
24.500749 -63.496373 -2503.567133 -961.175596 0.502526 0.743975 0.440420 0.413849 0.240262 -0.878068 0.759076 -0.623519 0.187155
45.561919 -25.529201 -6435.916500 1748.390780 -0.470317 0.875017 -0.114661 0.853263 0.484048 0.194012 -0.225266 0.006589 0.974275
40.321606 -23.973760 -5774.376626 2929.949404 -0.467518 0.878695 -0.096557 0.878014 0.474255 0.064601 -0.102557 0.054576 0.993229
25.009779 -24.451126 -4934.261400 1109.251220 -0.524873 0.851121 -0.010041 0.840081 0.519892 0.154841 -0.137008 -0.072837 0.987888
54.579663 -23.735766 -3832.922407 2323.972873 -0.367017 0.886166 -0.282857 0.896797 0.417849 0.145457 -0.247090 0.200280 0.948069
33.582017 -28.388768 -5965.282379 -422.646419 -0.512850 0.857416 -0.042699 0.800027 0.495379 0.338461 -0.311354 -0.139420 0.940011
59.626680 -26.579099 -6287.697602 -14.804787 -0.419747 0.880687 -0.219551 0.808204 0.472745 0.351167 -0.413060 0.030041 0.910208
-1.687416 -34.719743 -167.647034 954.112882 -0.321994 0.921258 0.218181 -0.766253 -0.388943 0.511448 -0.556036 0.002499 -0.831155
-1.648579 -35.724929 29.024918 546.953348 -0.315238 0.919538 0.234682 -0.738205 -0.393002 0.548272 -0.596387 0.000407 -0.802697
4.211120 -46.640200 773.072248 -5310.371545 -0.170725 0.985267 0.010059 0.876651 0.156549 -0.454946 0.449818 0.068852 0.890462
8.971937 -34.036884 1092.428295 -3669.106749 -0.141142 0.989942 -0.009695 0.935325 0.130133 -0.328987 0.324416 0.055502 0.944285
5.916091 -25.637550 92.877870 -2069.751845 -0.080258 0.995316 -0.053897 0.938805 0.057309 -0.339649 0.334970 0.077858 0.939007
5.668787 -54.140921 -606.700920 1345.236918 -0.175023 0.969176 0.173394 0.395990 0.230534 -0.888845 0.901420 0.086906 0.424133
3.092936 -54.843405 -928.852884 -160.636685 -0.168238 0.962339 0.213541 0.517650 0.270605 -0.811672 0.838889 0.026015 0.543681
8.108455 -56.568872 -1152.028118 -270.654425 -0.172304 0.967835 0.183321 0.600847 0.250738 -0.759021 0.780573 0.020634 0.624724
5.441675 -100.708165 549.738475 5785.050512 -0.463767 0.880990 0.093686 -0.684126 -0.423297 0.593963 -0.562932 -0.211367 -0.799019
5.968456 -109.256304 966.351910 2575.728170 -0.492759 0.862798 0.112998 -0.817676 -0.503534 0.279032 -0.297647 -0.045100 -0.953610
3.038688 -91.440698 896.240353 2570.750368 -0.448510 0.886435 0.114337 -0.775957 -0.449670 0.442366 -0.443542 -0.109685 -0.889517
-0.220809 -53.085873 -284.793641 1311.764535 -0.331366 0.912107 0.241365 -0.755442 -0.409748 0.511287 -0.565247 0.012914 -0.824821
54.613563 -26.906047 5785.415742 2529.724302 0.557374 0.817671 0.144047 -0.476553 0.457139 -0.750947 0.679877 -0.349912 -0.644461
42.467547 -29.801561 4437.249914 1426.899003 0.461221 0.869932 0.174624 -0.532097 0.428672 -0.730146 0.710034 -0.243842 -0.660601
48.742510 -22.589762 4886.280253 1031.528946 0.517971 0.853097 0.062701 -0.555031 0.390960 -0.734228 0.650881 -0.345508 -0.676002
1.180921 -68.744143 -366.075960 -1080.829603 0.896672 -0.018968 -0.442290 -0.411254 -0.405492 -0.816362 0.163861 -0.913902 0.371394
