16733
33458
-31.401013 -53.726526 -523.302051 3473.061265 0.387806 0.497475 0.775967 0.782845 0.266643 -0.562188 -0.486581 0.825482 -0.286040
-29.972634 -49.776104 -298.392987 5439.240179 0.513927 0.478297 0.712117 0.772508 0.102886 -0.626614 -0.372974 0.872150 -0.316613
-24.098674 -42.540827 419.020139 3514.207648 0.141997 0.441667 0.885871 0.916366 0.279764 -0.286367 -0.374314 0.852445 -0.365002
-21.400010 -36.084425 593.054601 3454.705129 0.185600 0.415864 0.890286 0.944854 0.173260 -0.277907 -0.269822 0.892770 -0.360774
-26.553856 -48.078132 488.036882 3186.391578 0.183664 0.493562 0.850096 0.857735 0.341968 -0.383860 -0.480164 0.799659 -0.360538
-20.873581 -35.468063 353.458343 1854.585681 -0.155184 0.385794 0.909440 0.936026 0.351775 0.010494 -0.315870 0.852888 -0.415703
-25.328174 -42.392879 194.152171 2694.082412 -0.044184 0.456218 0.888771 0.905008 0.395048 -0.157791 -0.423094 0.797373 -0.430335
60.030296 -81.763978 -635.744371 1978.328811 0.892848 0.333125 0.303068 -0.394568 0.903039 0.169813 0.217113 0.271198 -0.937717
60.187374 -86.999221 -2822.171954 5300.553245 0.913148 0.356309 0.198002 -0.407381 0.814646 0.412788 0.014222 0.457599 -0.889045
55.197811 -87.848024 -4257.814406 1150.592282 0.914135 0.387686 0.118562 -0.404289 0.893491 0.195512 0.030136 0.226658 -0.973508
56.861132 -81.667291 3100.940653 -5318.949019 -0.907062 -0.365809 -0.208382 -0.364471 0.930067 -0.046207 0.210712 0.034037 -0.976955
15.035187 -30.565814 -14466.906449 2657.436567 0.688101 -0.660135 -0.301228 0.439852 0.049303 0.896716 0.577102 0.749527 -0.324288
-4.485399 -25.231681 -9500.356706 1932.464760 0.590686 -0.700033 -0.401301 0.519531 -0.050585 0.852953 0.617395 0.712316 -0.333810
6.126419 -33.667667 -10341.912395 -813.432843 0.604985 -0.673743 -0.424339 0.590855 0.022628 0.806461 0.533745 0.738619 -0.411774
-14.543116 -28.858172 7104.960622 80.909410 -0.540083 0.751399 0.379091 0.564306 -0.010867 0.825494 0.624395 0.659759 -0.418150
-11.196186 -43.882582 -2529.116627 -3326.085527 -0.486763 0.765433 0.420921 -0.592514 0.064755 -0.802953 0.641863 0.640250 -0.422009
-5.007064 -47.504737 271.269239 -692.600077 -0.297240 0.730687 0.614609 0.803271 -0.156601 0.574659 0.516144 0.664509 -0.540392
5.935218 -91.415636 -510.705093 355.361177 0.349303 0.787421 -0.507893 0.112302 0.502948 0.856990 -0.930256 0.356387 -0.087253
4.832138 -90.902255 -1020.645718 1281.045657 0.335284 0.786032 -0.519363 0.310552 0.428252 0.848621 -0.889462 0.445819 0.100517
3.498050 -93.148043 -892.830095 -217.677437 0.333282 0.787689 -0.518140 0.091845 0.519822 0.849323 -0.938343 0.330652 -0.100902
2.643453 -96.975057 -1473.497672 -730.337053 0.309341 0.794817 -0.522086 -0.118981 0.577050 0.807995 -0.943478 0.187828 -0.273073
5.918107 -93.708472 -27.568899 -307.443627 0.359915 0.793358 -0.490962 -0.137178 0.565507 0.813255 -0.922845 0.225354 -0.312366
-4.020308 -33.965568 -685.544649 419.186548 0.718651 0.660781 -0.216586 -0.658868 0.547467 -0.515919 0.222336 -0.513467 -0.828805
-1.594263 -31.001242 -1178.514118 -400.186486 0.679984 0.686932 -0.256410 -0.671315 0.442618 -0.594496 0.294886 -0.576380 -0.762121
-1.032145 -31.276361 -663.149416 169.891786 0.726686 0.651413 -0.218146 -0.652555 0.555306 -0.515566 0.214708 -0.517007 -0.828616
-2.725290 -36.575196 -470.183946 -812.039487 0.750482 0.633388 -0.188669 -0.638399 0.620932 -0.454852 0.170947 -0.461804 -0.870353
77.548770 -16.489711 3710.796691 -834.142649 0.747066 0.473899 0.466167 0.012231 0.691349 -0.722417 -0.664637 0.545395 0.510687
72.895647 -20.540668 -8673.750491 -950.541897 0.533496 0.585087 0.610782 0.044216 0.701853 -0.710948 -0.844646 0.406294 0.348566
71.274095 -18.477543 -430.389542 -678.720231 0.697613 0.471948 0.539074 0.093582 0.685932 -0.721623 -0.710336 0.553861 0.434350
-0.407090 -44.558036 398.734074 365.835010 -0.312272 -0.211904 -0.926058 -0.530214 0.847728 -0.015190 0.788264 0.486265 -0.377076
-0.667338 -43.480797 245.018584 74.187646 -0.302573 -0.225935 -0.925961 -0.424584 0.901732 -0.081284 0.853334 0.368554 -0.368768
1.409554 -43.897623 645.974368 119.313061 -0.325804 -0.202157 -0.923571 -0.516307 0.856387 -0.005316 0.792009 0.475114 -0.383390
0.603343 -44.461124 694.835949 -379.750650 -0.336454 -0.192198 -0.921878 -0.591605 0.804790 0.048129 0.732668 0.561581 -0.384480
-5.881210 -68.950146 -359.341088 1351.143618 -0.448736 -0.041170 -0.892715 -0.502666 0.837563 0.214046 0.738893 0.544788 -0.396540
-7.132073 -65.632677 -693.568789 1767.962430 -0.462827 -0.031693 -0.885882 -0.545589 0.797835 0.256499 0.698659 0.602042 -0.386551
-5.690399 -64.337855 421.859126 -1720.383837 0.462619 0.021438 0.886298 0.628134 -0.713420 -0.310610 0.625644 0.700408 -0.343508
-7.586593 -65.952165 -547.031133 160.105882 -0.456548 -0.055385 -0.887973 -0.410357 0.898668 0.154931 0.789412 0.435120 -0.433013
-4.820673 -66.176629 -29.250289 -2028.679345 0.456777 0.025702 0.889210 0.623637 -0.722070 -0.299484 0.634375 0.691342 -0.345854
-4.702830 -69.362230 -171.020097 1729.346211 -0.437616 -0.026786 -0.898763 -0.549065 0.799517 0.243516 0.712053 0.600046 -0.364588
-4.950764 -69.137522 -42.548953 -134.932658 -0.437391 -0.048265 -0.897975 -0.403097 0.903143 0.147800 0.803867 0.426618 -0.414482
-6.081597 -69.399181 -234.551360 -378.362681 -0.442636 -0.065757 -0.894287 -0.301765 0.950061 0.079503 0.844400 0.305056 -0.440374
-1.792494 -72.722542 -397.539170 1523.546639 0.587164 0.005029 0.809453 -0.269980 0.943939 0.189974 -0.763118 -0.330082 0.555604
0.200973 -62.946721 -420.365291 3559.665284 0.591472 -0.019210 0.806096 -0.037024 0.998015 0.050950 -0.805475 -0.059980 0.589587
0.764239 -67.552734 -356.753271 1325.043458 0.595867 -0.024757 0.802702 -0.180268 0.969895 0.163731 -0.782589 -0.242264 0.573465
-0.328842 -70.489437 -631.007431 963.182188 0.584974 -0.007998 0.811013 -0.295216 0.929258 0.222099 -0.755416 -0.369346 0.541230
-1.360816 -74.458442 -1042.705016 1490.387260 0.570008 0.003304 0.821632 -0.405697 0.870720 0.277951 -0.714493 -0.491769 0.497658
-3.758910 -76.649129 -796.973376 554.616326 0.564845 0.031947 0.824578 -0.466138 0.836907 0.286885 -0.680930 -0.546413 0.487614
10.644078 -5.936558 -3696.233949 839.112094 0.511073 0.713582 -0.479172 0.687644 -0.004964 0.726031 0.515704 -0.700555 -0.493227
0.639162 -5.865558 -3018.743530 -1085.627422 0.631252 0.689725 -0.354684 -0.585077 0.123287 -0.801552 0.509122 -0.713498 -0.481367
10.690860 -3.510203 -4064.667941 508.551268 0.467968 0.705344 -0.532443 0.716998 0.049189 0.695338 0.516643 -0.707156 -0.482711
2.201177 -15.762325 -1536.254978 -1036.624613 -0.310473 -0.300259 0.901915 0.380518 0.830211 0.407376 -0.871098 0.469674 -0.143505
-2.615500 -11.268589 -936.953294 -1040.757893 -0.323510 -0.350984 0.878722 0.354225 0.816210 0.456427 -0.877420 0.458924 -0.139724
-0.243806 -16.155694 -1027.085996 -1881.818071 -0.235366 -0.156803 0.959174 0.447438 0.858615 0.250159 -0.862787 0.488050 -0.131929
2.516926 -31.831608 253.979776 2003.026410 0.720865 0.046808 0.691494 -0.238769 0.953413 0.184373 -0.650649 -0.298015 0.698458
3.504732 -37.968000 442.811500 1400.075806 0.722113 0.001021 0.691774 -0.183761 0.964355 0.190398 -0.666922 -0.264610 0.696561
0.058266 -35.943958 1028.651753 -3703.046688 0.760980 -0.044119 0.647273 -0.144401 0.961141 0.235280 -0.632501 -0.272510 0.725038
61.354621 -16.354130 6318.963042 -129.189076 0.834283 0.324134 0.445992 -0.138653 -0.659582 0.738733 -0.533617 0.678151 0.505336
42.192637 -14.074559 9556.668835 -27.058955 0.933118 0.227406 0.278527 -0.075782 -0.632836 0.770569 -0.351494 0.740139 0.573277
52.498080 -13.558802 9456.999665 496.203677 0.921768 0.255683 0.291497 -0.049147 -0.668674 0.741930 -0.384615 0.698213 0.603796
-1.437133 -26.857126 -294.553999 -425.261920 0.183070 0.212678 0.959819 0.907813 0.338134 -0.248075 -0.377308 0.916752 -0.131169
-1.451157 -26.835899 473.222259 -647.272640 0.210322 0.208175 0.955211 0.866626 0.412501 -0.280716 -0.452464 0.886852 -0.093652
-1.097124 -29.186332 -18.311056 -803.933585 0.160241 0.202747 0.966031 0.917540 0.330234 -0.221506 -0.363926 0.921867 -0.133111
-2.951430 -30.414696 -333.565286 -1073.498018 0.179520 0.215964 0.959756 0.927349 0.288452 -0.238366 -0.328323 0.932821 -0.148491
-10.086713 -72.298253 610.379245 810.477772 -0.527418 -0.133589 -0.839037 0.826662 -0.308644 -0.470498 -0.196111 -0.941750 0.273218
-9.713460 -71.765842 159.896881 576.042468 -0.514840 -0.129620 -0.847430 0.855733 -0.137170 -0.498904 -0.051574 -0.982030 0.181541
-9.767469 -72.712412 -64.441882 1585.976994 -0.519469 -0.178831 -0.835567 0.852138 -0.180906 -0.491053 -0.063344 -0.967105 0.246364
4.895372 -150.617483 189.870607 8169.378162 0.318545 0.732812 -0.601262 -0.707585 0.605905 0.363597 -0.630756 -0.309622 -0.711534
2.660603 -122.835001 976.627906 7018.996571 0.385313 0.717739 -0.579986 -0.460006 0.694253 0.553541 -0.799955 -0.053510 -0.597669
5.613596 -123.517926 -1246.735951 10797.659236 -0.386867 -0.693057 0.608281 -0.456348 0.717097 0.526801 -0.801299 -0.073786 -0.593696
6.711417 -146.338525 1664.746462 11390.749559 0.353623 0.723438 -0.592949 -0.578876 0.667189 0.468787 -0.734748 -0.177470 -0.654714
6.604067 -153.710428 202.528090 5551.424985 0.318968 0.722446 -0.613459 -0.786061 0.563270 0.254628 -0.529498 -0.400998 -0.747551
5.560481 -152.597147 -490.580354 -229.011919 0.288389 0.736263 -0.612167 0.903923 -0.420226 -0.079579 -0.315839 -0.530402 -0.786714
9.331848 -101.284514 1249.779498 -6569.075111 0.184461 0.795507 -0.577186 0.471496 -0.586899 -0.658211 0.862361 0.150726 0.483338
7.564084 -104.621051 951.369250 -6498.068152 0.180001 0.791899 -0.583520 0.315652 -0.608338 -0.728209 0.931645 0.053111 0.359466
10.745871 -108.438319 1600.615160 -5106.139054 0.194378 0.789688 -0.581902 0.188382 -0.612227 -0.767913 0.962668 -0.039646 0.267766
34.548603 -50.919293 -2549.992780 -4540.286276 0.069281 0.659482 -0.748521 0.197111 0.726483 0.658309 0.977930 -0.193150 -0.079660
39.123778 -78.544470 -1711.711383 -11962.541756 0.086335 0.622520 -0.777827 0.051788 0.776882 0.627513 0.994919 -0.094458 0.034833
36.818778 -54.194988 1990.354819 -5960.677549 -0.084935 0.617828 -0.781712 0.155791 0.783133 0.602024 0.984132 -0.070651 -0.162767
31.358463 -37.135617 3996.698209 -1975.455177 -0.214243 0.646110 -0.732559 0.228670 0.762308 0.605472 0.949637 -0.037796 -0.311065
33.025025 -41.212077 696.531192 -1443.893627 -0.045552 0.679306 -0.732440 0.260173 0.715965 0.647846 0.964487 -0.161050 -0.209351
2.032189 -211.421454 56.736330 -3374.093845 0.264688 0.797762 -0.541772 0.961281 -0.262947 0.082452 -0.076680 -0.542619 -0.836472
-0.691299 -200.523158 -1386.158556 -11509.075987 0.293342 0.783266 -0.548129 0.955229 -0.263284 0.134982 -0.038587 -0.563184 -0.825430
0.603630 -209.794469 -1229.839106 -4150.211195 0.243850 0.782478 -0.572944 0.927483 -0.015524 0.373543 0.283394 -0.622484 -0.729521
2.132795 -185.727121 961.712220 2510.726384 0.251008 0.808872 -0.531715 0.921268 -0.031039 0.387687 0.297085 -0.587165 -0.752979
2.214485 -197.383616 966.506040 7587.110827 0.277150 0.812608 -0.512696 0.960827 -0.234191 0.148212 0.000369 -0.533688 -0.845681
2.280760 -232.657473 931.507656 13423.429910 0.306721 0.802655 -0.511534 0.880632 -0.443228 -0.167440 -0.361123 -0.399116 -0.842791
-6.396844 -325.990576 4080.485127 -60697.748634 0.368008 0.926692 -0.076240 -0.537414 0.278895 0.795867 -0.758786 0.251913 -0.600653
-16.042353 -375.441494 2348.853915 -80012.964062 0.393801 0.885693 -0.245905 -0.486030 0.427701 0.762133 -0.780189 0.180612 -0.598902
18.738683 -414.546724 11381.513546 -83613.184347 0.407366 0.890901 -0.200869 -0.123032 0.271476 0.954549 -0.904940 0.364137 -0.220199
-15.465144 -320.952261 2617.943554 -46380.387821 0.352658 0.873578 -0.335402 -0.186352 0.416815 0.889684 -0.917009 0.251251 -0.309786
6.736030 -326.673158 3047.510742 -7280.193092 0.342493 0.889847 -0.301449 0.215662 0.237826 0.947063 -0.914434 0.389373 0.110452
18.099619 -36.987466 193.034781 -608.236017 0.698400 0.071903 0.712087 -0.548626 0.692719 0.468134 0.459616 0.717614 -0.523243
14.873963 -38.383794 2176.162968 -789.652571 0.653928 0.060845 0.754106 -0.590108 0.664782 0.458079 0.473445 0.744555 -0.470625
15.426500 -38.059384 231.965934 -783.231230 0.698297 0.079741 0.711353 -0.598527 0.610122 0.519149 0.392615 0.788284 -0.473774
4.209394 -69.868299 2176.543934 2744.906505 0.342554 0.857560 -0.383730 0.817020 -0.070270 0.572311 0.463826 -0.509562 -0.724715
5.872926 -76.069552 206.323638 3022.728225 0.359215 0.830814 -0.425104 0.850838 -0.104384 0.514956 0.383458 -0.546674 -0.744384
4.002857 -67.450890 467.612508 -2269.302797 0.340961 0.835282 -0.431334 -0.747304 -0.037538 -0.663421 0.570335 -0.548538 -0.611411
3.722048 -63.025637 1153.670886 -1821.906038 0.343652 0.847727 -0.404058 -0.736583 -0.023579 -0.675936 0.582537 -0.529909 -0.616318
3.160170 -60.155145 627.214429 -785.352013 0.331908 0.842073 -0.425147 -0.645493 -0.125910 -0.753316 0.687878 -0.524461 -0.501762
2.407844 -65.746300 -1107.841568 -1066.140500 0.329137 0.809807 -0.485676 -0.680242 -0.153394 -0.716758 0.654935 -0.566289 -0.500377
1.811724 -61.653840 174.253359 -1001.944302 0.310626 0.826977 -0.468637 -0.615396 -0.200785 -0.762216 0.724431 -0.525161 -0.446549
-2.907439 -22.849316 572.579663 -109.570651 0.764761 0.080540 0.639261 -0.431549 0.800763 0.415383 0.478442 0.593541 -0.647149
-4.977963 -23.967799 971.459097 142.239452 0.805352 -0.000825 0.592796 -0.340671 0.817730 0.463962 0.485130 0.575601 -0.658280
-3.431266 -24.170491 1041.910339 -86.149940 0.779156 0.058024 0.624139 -0.429180 0.775095 0.463717 0.456860 0.629175 -0.628822
-4.116492 -47.620607 -999.914671 80.508606 -0.312847 -0.448911 -0.837022 0.774393 0.389703 -0.498444 0.549947 -0.804121 0.225716
-2.682673 -48.402777 -1017.786107 979.566473 -0.324175 -0.447394 -0.833516 0.728139 0.444486 -0.521772 0.603924 -0.776061 0.181674
-4.019379 -47.170891 -758.868708 -2046.931544 -0.331661 -0.457536 -0.825023 0.822601 0.287898 -0.490348 0.461874 -0.841294 0.280885
-2.807056 -48.159051 -615.511822 1550.892717 -0.316391 -0.420535 -0.850322 0.659633 0.546663 -0.515795 0.681749 -0.724093 0.104439
-4.602034 -47.197699 -1004.140543 -2063.912225 -0.326249 -0.455087 -0.828527 0.862196 0.216067 -0.458186 0.387532 -0.863835 0.321882
0.724511 -13.451305 217.513375 510.108829 0.243232 0.954549 -0.172262 -0.867265 0.134487 -0.479338 0.434385 -0.265987 -0.860558
-1.406156 -11.222962 176.765849 377.450243 0.234212 0.956336 -0.174830 -0.888546 0.137599 -0.437667 0.394500 -0.257852 -0.881976
-0.235159 -12.292266 -71.112714 425.823537 0.310868 0.940242 -0.138945 -0.853501 0.211835 -0.476090 0.418207 -0.266592 -0.868350
1.484426 -14.069870 -223.270605 758.052741 0.321175 0.936858 -0.138363 -0.834879 0.211141 -0.508328 0.447017 -0.278778 -0.849976
-2.896095 -66.792210 5051.545562 7740.651286 -0.665651 -0.116551 -0.737105 -0.016096 0.989741 -0.141963 0.746089 -0.082634 -0.660698
9.972540 -52.721173 715.274099 1630.873372 -0.597409 -0.167288 -0.784294 -0.082667 0.985636 -0.147265 0.797665 -0.023142 -0.602657
-16.236112 -53.975099 10111.378580 6416.236563 -0.683954 -0.190767 -0.704142 -0.133393 0.981635 -0.136377 0.717226 0.000652 -0.696840
-53.026659 -111.969421 16227.953631 19332.659516 -0.700974 -0.164696 -0.693909 -0.035943 0.979892 -0.196264 0.712280 -0.112635 -0.692799
32.212522 -47.380592 2884.941375 -3181.203853 -0.696505 -0.410716 -0.588382 0.717335 -0.378371 -0.585035 0.017657 -0.829547 0.558158
27.713054 -55.479989 -149.446423 -4231.801600 0.773496 0.316739 0.548982 0.626766 -0.510958 -0.588290 -0.094172 -0.799123 0.593745
25.192672 -43.123911 -707.049816 -6615.639594 0.735953 0.401847 0.544878 0.673668 -0.514779 -0.530258 -0.067409 -0.757312 0.649565
34.745603 -38.872246 5562.391398 -3412.706361 -0.643068 -0.480509 -0.596301 0.764506 -0.357406 -0.536462 0.044653 -0.800857 0.597189
5.535417 -37.683559 -1409.222888 2033.276044 0.130962 0.575252 0.807425 -0.179425 0.814742 -0.551363 -0.975016 -0.072664 0.209915
1.937558 -32.350821 -888.141113 1653.335317 0.135580 0.547419 0.825803 -0.074978 0.836778 -0.542385 -0.987925 0.011620 0.154495
4.702099 -32.371838 -523.638108 1459.842891 0.138514 0.591710 0.794162 -0.106448 0.806141 -0.582069 -0.984623 -0.003913 0.174648
21.546312 -75.161998 -850.177294 4241.445772 0.069825 0.715171 -0.695453 -0.675375 0.546967 0.494666 -0.734161 -0.435151 -0.521201
33.868893 -65.808674 -598.010558 6203.641854 0.039559 0.724040 -0.688622 -0.499426 0.611231 0.613979 -0.865453 -0.319627 -0.385785
23.668626 -74.587129 -452.128956 5460.448439 -0.048143 0.743189 -0.667347 -0.625434 0.498501 0.600274 -0.778790 -0.446281 -0.440817
-5.908990 -41.105499 -612.778845 -970.085974 0.831330 0.091538 0.548189 0.554945 -0.082731 -0.827763 0.030419 -0.992359 0.119576
-5.818469 -41.768778 -255.273726 2334.581024 0.820656 0.075176 0.566456 0.560906 0.083335 -0.823675 0.109127 -0.993682 -0.026223
-5.507832 -43.749137 -835.309356 2133.393492 0.820612 0.078377 0.566086 0.558957 0.096208 -0.823597 0.119013 -0.992271 -0.035140
4.187623 -21.255694 4795.432884 2543.973674 0.734362 -0.532871 0.420429 0.442257 0.845523 0.299166 -0.514899 -0.033758 0.856586
8.529689 -18.597901 2039.109462 104.615139 0.705956 -0.563736 0.428752 0.477018 0.825920 0.300516 -0.523527 -0.007629 0.851975
4.444670 -16.790736 -410.237543 2289.756911 0.703246 -0.536561 0.466419 0.442368 0.843830 0.303747 -0.556557 -0.007280 0.830778
2.357257 -37.817498 135.649221 -2800.230138 0.886156 0.095797 0.453376 0.463373 -0.190647 -0.865412 -0.003531 -0.976973 0.213333
3.515738 -39.895510 -407.723312 -2709.636839 0.875835 0.100011 0.472134 0.482330 -0.148074 -0.863384 0.016438 -0.983906 0.177927
2.279335 -42.497276 -80.604932 -1811.226076 0.887238 0.088823 0.452680 0.457141 -0.037637 -0.888597 0.061890 -0.995336 0.073997
2.048198 -45.159194 487.025759 -530.269818 0.886347 0.098064 0.452519 0.449100 0.055779 -0.891739 0.112689 -0.993616 -0.005399
1.933016 -42.033905 434.340032 -2153.942704 0.887533 0.098009 0.450199 0.457081 -0.064333 -0.887095 0.057981 -0.993104 0.101896
2.665433 -47.983472 -415.531006 -372.769611 0.887234 0.084569 0.453501 0.440710 0.135165 -0.887415 0.136345 -0.987207 -0.082653
7.977322 -36.414453 -115.116940 -1751.631966 -0.827480 0.027245 -0.560834 0.028098 0.999580 0.007101 0.560792 -0.009882 -0.827898
8.437553 -32.949165 96.061216 -320.637151 -0.843519 0.104705 -0.526794 0.099691 0.994293 0.037997 0.527766 -0.020466 -0.849143
11.095775 -39.187717 -371.247973 3653.766576 -0.835569 0.081485 -0.543310 0.106215 0.994241 -0.014236 0.539021 -0.069603 -0.839412
6.085428 -39.490724 741.590202 -4759.531665 -0.844884 0.024038 -0.534409 0.002864 0.999179 0.040416 0.534942 0.032616 -0.844259
9.834471 -39.785110 -824.335479 2991.042261 -0.814763 0.057058 -0.576979 0.095406 0.994775 -0.036349 0.571890 -0.084663 -0.815950
7.348960 -34.789862 -877.606031 -33.079737 -0.801716 0.016017 -0.597491 0.032322 0.999340 -0.016581 0.596831 -0.032605 -0.801704
6.935238 -40.084087 -555.937821 -3883.391469 -0.807512 -0.020958 -0.589479 -0.042535 0.998836 0.022755 0.588315 0.043448 -0.807463
5.921519 -45.625967 410.485484 -5006.622406 -0.830598 -0.015392 -0.556660 -0.059840 0.996297 0.061740 0.553648 0.084592 -0.828443
4.060570 -81.682998 808.992938 2749.367549 0.815334 -0.329789 0.475888 -0.572979 -0.577730 0.581312 -0.083224 0.746637 0.660005
3.956987 -94.271346 904.422814 6305.553431 0.801055 -0.327715 0.500914 -0.598588 -0.435975 0.672025 0.001846 0.838170 0.545406
2.710802 -91.548047 775.074274 5716.809000 0.815178 -0.335370 0.472240 -0.578419 -0.428757 0.693973 0.030262 0.838865 0.543498
-8.356869 -43.050204 652.612969 84.847736 0.878924 -0.162939 0.448267 -0.472265 -0.428865 0.770091 -0.066768 0.888553 0.453890
-7.246638 -41.321178 490.510927 -343.562557 0.892968 -0.169430 0.417016 -0.450046 -0.352911 0.820312 -0.008184 0.920189 0.391389
-7.964269 -41.180494 -112.245917 -1168.921111 0.880143 -0.137768 0.454278 -0.473586 -0.320594 0.820327 -0.032624 0.937144 0.347414
-7.611202 -42.223036 679.390060 333.264668 0.878396 -0.188858 0.439036 -0.472743 -0.478347 0.740066 -0.070244 0.857623 0.509459
5.486337 -93.459523 -550.151904 -184.959047 -0.637210 -0.644162 0.423105 -0.592499 0.760538 0.265568 -0.492856 -0.081467 -0.866288
5.419545 -96.405708 -609.230701 -491.315521 -0.636695 -0.643932 0.424230 -0.475377 0.760944 0.441566 -0.607154 0.079473 -0.790600
7.102545 -95.510375 -559.372392 -570.007883 -0.630815 -0.643132 0.434112 -0.583330 0.761992 0.281237 -0.511663 -0.075822 -0.855834
6.311035 -94.606305 -530.862778 -635.238160 -0.635598 -0.642706 0.427719 -0.682104 0.726997 0.078793 -0.361591 -0.241668 -0.900471
8.504555 -95.657655 -548.628798 -1251.449775 -0.617669 -0.639765 0.457368 -0.680633 0.726221 0.096650 -0.393984 -0.251602 -0.884010
8.667483 -97.300226 -344.045345 -116.351975 -0.609939 -0.637834 0.470258 -0.556839 0.767194 0.318346 -0.563831 -0.067687 -0.823112
5.309458 -88.986517 113.730986 -5524.183583 0.852156 -0.232374 0.468863 -0.417695 -0.841780 0.341962 -0.315216 0.487247 0.814389
5.645130 -89.295466 715.319414 -3702.553757 0.835808 -0.268972 0.478622 -0.491051 -0.756133 0.432587 -0.245549 0.596587 0.764061
4.697377 -80.284843 222.004808 -628.869237 0.828135 -0.291577 0.478722 -0.518449 -0.723104 0.456433 -0.213081 0.626181 0.749996
-1.635836 -37.841316 403.683386 224.919782 -0.828366 0.097163 -0.551697 0.110680 0.993817 0.008844 0.549145 -0.053736 -0.833998
-0.319089 -35.884383 313.823671 186.935533 -0.833672 0.096380 -0.543785 0.115605 0.993295 -0.001182 0.540025 -0.063849 -0.839224
-0.676984 -37.838793 597.935540 220.144311 -0.829906 0.134258 -0.541508 0.081403 0.989365 0.120540 0.551932 0.055957 -0.832009
-0.970509 -37.431474 473.323767 -345.751283 -0.840086 0.055148 -0.539643 0.141624 0.982614 -0.120055 0.523639 -0.177282 -0.833290
-2.407537 -38.828089 287.414635 363.641988 -0.822421 0.123905 -0.555222 0.075164 0.991103 0.109840 0.563892 0.048602 -0.824417
-2.895644 -39.317900 512.293212 -139.516731 -0.833823 0.058546 -0.548918 0.138177 0.984841 -0.104855 0.534458 -0.163279 -0.829273
-3.899587 -40.174134 546.682453 382.288765 -0.825686 0.089113 -0.557048 0.079266 0.995975 0.041838 0.558534 -0.009610 -0.829426
5.201153 -25.596917 1383.331560 2075.452362 0.695442 -0.017371 0.718372 -0.309654 0.894881 0.321409 -0.648441 -0.445968 0.616958
7.079715 -22.445612 523.665285 1821.525842 0.668533 -0.004910 0.743666 -0.312592 0.905497 0.286988 -0.674796 -0.424325 0.603819
5.562881 -20.251712 1141.504184 2055.218828 0.686798 0.000287 0.726848 -0.282870 0.921270 0.266920 -0.669546 -0.388924 0.632808
3.422793 -22.853283 846.365181 2121.185014 0.700806 -0.019726 0.713079 -0.279429 0.912145 0.299851 -0.656346 -0.409392 0.633725
-5.784926 -33.494255 -216.331026 -355.246043 0.835799 -0.241765 0.492939 -0.416125 -0.864641 0.281489 -0.358161 0.440393 0.823271
-6.121123 -31.673938 -201.759163 -454.588187 0.834429 -0.215116 0.507398 -0.380084 -0.891313 0.247177 -0.399079 0.399106 0.825500
-5.936709 -32.350035 27.688380 163.149405 0.850803 -0.201567 0.485288 0.330520 0.923223 -0.195999 -0.408522 0.327154 0.852103
-5.763976 -33.658956 -449.183544 -409.627186 0.842804 -0.231890 0.485704 -0.381179 -0.894272 0.234477 -0.379979 0.382759 0.842088
-5.265011 -35.470274 316.844026 261.248044 0.869957 -0.177896 0.459922 0.267669 0.953659 -0.137432 -0.414160 0.242666 0.877260
-5.534893 -34.851616 340.945104 246.583152 0.865680 -0.158535 0.474832 0.242517 0.962604 -0.120748 -0.437932 0.219684 0.871754
-6.779041 -92.690339 205.966517 -1831.551151 0.576411 0.668358 -0.470157 0.318047 0.346494 0.882489 -0.752726 0.658209 0.012846
-4.637211 -88.777359 185.396347 -532.154300 0.595717 0.656005 -0.463442 0.301870 0.351834 0.886052 -0.744309 0.667735 -0.011565
-7.551384 -89.455721 -75.196812 -935.290720 0.563601 0.679821 -0.469251 0.122365 0.493092 0.861329 -0.816933 0.542866 -0.194721
-3.897429 -89.811263 178.074231 -914.905621 0.598341 0.659590 -0.454895 0.431045 0.213598 0.876684 -0.675417 0.720636 0.156509
-9.286758 -90.900395 1243.824377 -4150.068410 0.566626 0.679084 -0.466669 0.122898 0.490375 0.862803 -0.814759 0.546239 -0.194401
-8.855545 -99.982910 1330.010535 -2368.968643 0.581543 0.659419 -0.476418 0.365990 0.310945 0.877134 -0.726539 0.684456 0.060513
-4.493650 -20.539478 2966.353618 -599.201461 0.330577 -0.665083 -0.669615 0.855904 -0.087693 0.509644 -0.397676 -0.741603 0.540258
5.606513 -16.350617 4956.123719 597.618148 0.096160 -0.611750 -0.785185 0.909569 -0.266386 0.318939 -0.404273 -0.744849 0.530814
-4.469782 -21.062236 1557.641819 -2143.220582 0.531191 -0.662829 -0.527725 0.767800 0.113249 0.630601 -0.358216 -0.740157 0.569077
5.095151 -14.357202 4253.155117 -308.216167 0.170797 -0.639928 -0.749213 0.911348 -0.186433 0.366997 -0.374530 -0.745476 0.551355
-9.701591 -29.123629 1856.575735 -2843.655890 0.644715 -0.649201 -0.403584 0.677911 0.241599 0.694310 -0.353241 -0.721226 0.595864
-38.971619 -92.749205 8512.627025 -9593.676708 0.257143 0.779787 -0.570798 -0.677585 0.566628 0.468840 -0.689025 -0.266205 -0.674076
-14.391414 -97.474295 1538.375915 -4876.675862 0.223298 0.861485 -0.456049 -0.614079 0.487673 0.620549 -0.756997 -0.141483 -0.637917
-13.628095 -79.933349 2551.591548 -4188.175680 0.267206 0.823318 -0.500748 -0.761054 0.499052 0.414421 -0.591099 -0.270360 -0.759939
-43.122536 -211.160799 12465.844393 -44174.198277 0.095083 0.945072 -0.312726 -0.545129 0.312292 0.778016 -0.832943 -0.096500 -0.544880
-18.626237 -76.641798 1009.419091 -5898.431439 0.235131 0.793242 -0.561677 -0.824755 0.468601 0.316532 -0.514289 -0.388819 -0.764413
-35.928811 -99.854651 4130.711676 -8462.505957 0.133278 0.801399 -0.583093 -0.802661 0.432395 0.410816 -0.581354 -0.413273 -0.700880
-20.235695 -199.376449 3984.472851 -40851.656405 0.145760 0.817634 -0.556982 -0.659134 0.500101 0.561642 -0.737765 -0.285261 -0.611825
68.915697 -13047.568691 17388.777058 18238285.990814 0.277709 0.783210 -0.556292 0.871678 0.037967 0.488607 0.403802 -0.620598 -0.672162
1.525039 -2941.595424 13852.341291 -552692.549264 0.140759 0.858507 -0.493105 -0.330002 0.510265 0.794184 -0.933427 -0.050937 -0.355134
2.352149 -4148.463219 654.292890 221763.267707 0.223967 0.810486 -0.541250 0.901471 -0.383339 -0.200999 -0.370390 -0.442904 -0.816485
-174.261040 -9343.553279 -43876.531858 2592021.791297 0.268871 0.753855 -0.599509 -0.401312 0.653509 0.641774 -0.875589 -0.068036 -0.478241
8.230566 -4374.546566 -12736.092586 190173.356742 0.342236 0.797234 -0.497286 0.873288 -0.074564 0.481465 0.346760 -0.599048 -0.721733
292.140860 -9084.853337 126276.014265 -3311242.481907 0.308292 0.790506 -0.529203 -0.411646 -0.390661 -0.823366 0.857615 -0.471681 -0.204971
-1.225242 -33.318841 -2035.627031 -496.647877 0.718768 -0.417547 0.555902 0.356286 -0.465388 -0.810231 -0.597020 -0.780428 0.185740
-6.320985 -31.973559 -1305.841532 -354.116494 0.736295 -0.413827 0.535366 0.295221 -0.515454 -0.804457 -0.608863 -0.750369 0.257356
-1.381568 -31.974764 -2151.323783 -378.858124 0.707430 -0.415019 0.572104 0.315100 -0.539359 -0.780899 -0.632657 -0.732701 0.250786
0.842476 -24.926851 2138.316051 661.686787 -0.155636 0.930189 -0.332453 -0.731714 -0.334655 -0.593801 0.663605 -0.150844 -0.732717
-4.716713 -26.110994 2182.685927 299.721712 -0.174194 0.914563 -0.365009 -0.692246 -0.377357 -0.615140 0.700322 -0.145522 -0.698836
-8.696466 -25.219988 2091.038913 497.207491 -0.228932 0.885739 -0.403802 -0.733008 -0.429812 -0.527220 0.640539 -0.175292 -0.747651
3.764493 -26.586815 3004.377349 549.161362 -0.130963 0.944411 -0.301557 -0.661877 -0.309750 -0.682623 0.738084 -0.110195 -0.665650
-3.874795 -23.601677 1773.583383 804.874938 -0.203068 0.907438 -0.367858 -0.772121 -0.379435 -0.509763 0.602157 -0.180514 -0.777703
2.009529 -22.643765 1734.724614 771.182252 -0.144291 0.933765 -0.327509 -0.784327 -0.309721 -0.537498 0.603334 -0.179318 -0.777067
7.828718 -23.078765 2865.176353 768.429571 -0.077992 0.961621 -0.263062 -0.766278 -0.226618 -0.601217 0.637758 -0.154689 -0.754544
9.570458 -25.196311 3476.823103 582.010075 -0.093120 0.960221 -0.263256 -0.706670 -0.250000 -0.661905 0.701389 -0.124399 -0.701839
-8.681091 -63.989725 -493.406184 302.193575 0.891689 -0.143009 0.429464 0.446126 0.438148 -0.780384 0.076567 -0.887454 -0.454491
-8.718519 -65.070750 152.589528 -1121.501279 0.889788 -0.123939 0.439223 0.426900 0.566296 -0.705028 0.161350 -0.814830 -0.556793
-8.483096 -66.024182 321.702283 -517.827702 0.873105 -0.101537 0.476842 0.440701 0.582649 -0.682864 0.208496 -0.806356 -0.553461
-10.017625 -63.685544 251.606865 -1009.103925 0.898921 -0.134799 0.416857 0.423946 0.507627 -0.750056 0.110501 -0.850966 -0.513464
-13.103145 -25.758343 -6.365373 -855.975326 0.741288 -0.103979 0.663084 0.507066 0.734025 -0.451766 0.439746 -0.671116 -0.596848
-14.815932 -27.429556 333.589425 -1878.583913 0.683872 -0.162498 0.711276 0.553200 0.751107 -0.360289 0.475698 -0.639870 -0.603554
-12.265404 -27.226226 -1270.435097 -980.237967 -0.590488 0.222314 -0.775823 0.635950 0.720034 -0.277701 0.496882 -0.657364 -0.566552
-10.926779 -24.935317 -348.654736 -408.979932 -0.618752 0.202241 -0.759108 0.645759 0.681218 -0.344872 0.447371 -0.703591 -0.552104
-9.697432 -27.200031 -257.721760 -430.236984 -0.487149 0.310000 -0.816447 0.712645 0.681491 -0.166456 0.504799 -0.662926 -0.552908
-12.326586 -30.004861 -1755.602072 -843.128166 -0.462990 0.316753 -0.827833 0.683126 0.722631 -0.105559 0.564782 -0.614387 -0.550954
-0.250414 -82.085647 -3494.291274 5353.779749 0.948670 -0.094415 0.301846 0.310243 0.463203 -0.830176 0.061435 -0.881209 -0.468718
-3.441031 -86.402483 -2422.941026 -2138.768751 0.907386 -0.121944 0.402219 0.418040 0.162786 -0.893724 -0.043508 -0.979097 -0.198687
2.836080 -96.004721 -4660.921496 89.855875 0.904935 -0.154109 0.396664 0.424508 0.261758 -0.866761 -0.029746 -0.952750 -0.302295
-43.965090 -488.470511 4441.009011 132396.562279 -0.187795 0.263662 -0.946158 0.179480 0.956290 0.230861 0.965671 -0.126462 -0.226908
-32.307216 -367.931346 -1015.965955 95021.413099 -0.123116 0.070247 -0.989903 -0.160251 0.982993 0.089687 0.979368 0.169675 -0.109765
-37.423917 -900.761952 3942.787590 263505.102662 -0.057600 0.284531 -0.956935 0.074935 0.957055 0.280056 0.995523 -0.055577 -0.076447
-37.900778 -66.676230 -1384.908817 -7545.553220 0.671354 0.563512 0.481391 -0.523360 -0.099442 0.846289 -0.524765 0.820101 -0.228159
-26.198495 -66.519203 1713.275691 -12453.192641 0.704304 0.466328 0.535250 -0.611789 0.016255 0.790854 -0.360097 0.884462 -0.296743
-20.759988 -43.362645 2335.568545 6852.263534 0.608144 0.420075 0.673571 0.752245 -0.033941 -0.658009 -0.253552 0.906854 -0.336640
-37.170887 -59.982289 -1263.754195 3507.953521 -0.599041 -0.360261 -0.715096 -0.292279 0.929826 -0.223597 0.745468 0.075064 -0.662301
-36.610719 -51.983456 -1125.413989 4053.735359 -0.654177 -0.295136 -0.696381 -0.359043 0.931547 -0.057520 0.665688 0.212402 -0.715363
-32.312775 -54.255091 -801.840913 4540.973033 -0.536433 -0.408554 -0.738460 -0.430781 0.884990 -0.176692 0.725718 0.223331 -0.650735
-32.546413 -59.974237 -822.573477 3149.360844 -0.485984 -0.408505 -0.772621 -0.337958 0.903107 -0.264919 0.805980 0.132367 -0.576953
-35.214170 -63.357389 -1228.240930 -94.566892 -0.543768 -0.357525 -0.759271 -0.114178 0.927821 -0.355121 0.831432 -0.106411 -0.545341
-41.396890 -63.806016 -2051.004174 1763.902979 -0.637690 -0.325489 -0.698147 -0.142356 0.940524 -0.308462 0.757025 -0.097318 -0.646098
6.050432 -90.780535 -924.155261 1099.843791 0.344265 0.785730 -0.513917 0.341891 0.404878 0.848047 -0.874410 0.467657 0.129249
4.922025 -86.537422 -433.298623 2220.369294 0.346982 0.778031 -0.523710 0.500499 0.318632 0.804969 -0.793161 0.541425 0.278844
-0.636094 -28.532334 -1188.900439 -1836.068742 0.673819 0.692933 -0.256538 -0.635597 0.366509 -0.679476 0.376808 -0.620899 -0.687387
-4.652968 -30.925781 -430.242547 -1239.287321 0.713730 0.674309 -0.189462 -0.604483 0.456363 -0.652942 0.353821 -0.580551 -0.733329
-7.697671 -33.067389 -352.259689 -986.446722 0.711861 0.681842 -0.168363 -0.623243 0.502779 -0.598984 0.323763 -0.531324 -0.782862
-6.705661 -29.627245 -521.919764 -1307.076116 0.740612 0.656765 -0.141963 -0.551051 0.472767 -0.687629 0.384495 -0.587495 -0.712048
-3.059770 -27.201178 -672.305173 -2059.221493 0.706374 0.678921 -0.200253 -0.574099 0.384016 -0.723148 0.414060 -0.625778 -0.661027
-2.897179 -34.180347 215.960152 -236.001055 -0.138284 -0.378457 -0.915231 -0.433081 0.854181 -0.287777 0.890684 0.356574 -0.282023
-2.194059 -33.940540 -268.857682 -490.460809 -0.166595 -0.298610 -0.939722 -0.390789 0.894991 -0.215116 0.905279 0.331396 -0.265795
-1.013455 -34.765703 61.239403 -1328.604549 -0.148736 -0.347336 -0.925870 -0.297443 0.908640 -0.293089 0.943083 0.231800 -0.238460
-4.933203 -35.699530 -666.829396 896.350540 -0.150326 -0.319524 -0.935578 -0.510924 0.835271 -0.203173 0.846380 0.447467 -0.288816
-0.691653 -34.966359 795.092912 -1529.650188 -0.142750 -0.405565 -0.902851 -0.355105 0.872447 -0.335762 0.923863 0.272676 -0.268560
-4.751516 -35.654575 -28.934203 580.446812 -0.137858 -0.370248 -0.918646 -0.551359 0.799192 -0.239363 0.822799 0.473506 -0.314315
-1.956522 -34.359019 794.751738 85.063505 -0.128111 -0.438423 -0.889591 -0.474246 0.814864 -0.333298 0.871022 0.379186 -0.312313
69.468434 -21.581999 -12666.941290 -484.778616 0.423388 0.637712 0.643480 -0.003479 0.711422 -0.702756 -0.905942 0.295300 0.303426
53.650767 -24.846343 -12603.853704 -1150.383980 0.366381 0.608114 0.704246 0.081878 0.732868 -0.675426 -0.926856 0.305125 0.218717
63.073132 -23.704725 -9885.324513 -698.672449 0.488677 0.559203 0.669692 0.147626 0.703520 -0.695173 -0.859885 0.438579 0.261241
4.215616 -41.956533 382.881923 -274.582382 -0.327707 -0.156908 -0.931659 -0.519432 0.853624 0.038942 0.789176 0.496695 -0.361241
4.467749 -41.839002 512.798068 -279.237138 -0.334593 -0.158408 -0.928953 -0.584170 0.808381 0.072561 0.739454 0.566945 -0.363016
3.271012 -43.061430 484.065257 -266.500588 -0.325620 -0.179695 -0.928268 -0.517014 0.855833 0.015686 0.791624 0.485035 -0.371581
3.333552 -40.339999 223.096506 -362.987752 -0.317064 -0.176249 -0.931883 -0.409445 0.911733 -0.033129 0.855468 0.371051 -0.361242
-3.142142 -61.731148 -428.027824 -3085.441072 0.579445 0.101995 0.808604 0.773826 -0.380250 -0.506560 0.255806 0.919243 -0.299260
-1.693755 -59.084452 -712.476083 -2825.504636 0.546270 0.125859 0.828099 0.792533 -0.397617 -0.462376 0.271072 0.908879 -0.316954
-3.845097 -52.417323 -750.631004 -3096.781608 0.596433 0.105473 0.795703 0.790745 -0.247401 -0.559924 0.137800 0.963155 -0.230960
-4.459750 -72.649892 -447.347124 869.569519 0.591388 0.035230 0.805617 -0.238105 0.962129 0.132714 -0.770433 -0.270307 0.577380
-6.184325 -79.021921 -153.250066 1599.239382 0.591827 0.069787 0.803039 -0.367256 0.910179 0.191564 -0.717540 -0.408294 0.564298
-6.055441 -72.974635 -338.229743 2363.301880 0.600532 0.070414 0.796494 -0.223251 0.971267 0.082460 -0.767802 -0.227338 0.598997
-0.559495 -9.050275 -2480.862830 -1602.856129 0.699972 0.669279 -0.249208 -0.508648 0.222254 -0.831794 0.501315 -0.708991 -0.495999
5.429026 -41.990953 1810.037805 -4297.830268 0.767068 -0.142164 0.625617 -0.033799 0.964832 0.260687 -0.640675 -0.221109 0.735287
6.736882 -42.741785 230.807020 993.237850 0.712881 -0.045754 0.699791 -0.128919 0.972313 0.194903 -0.689334 -0.229159 0.687244
-6.391352 -31.905813 224.042892 219.043693 0.434311 0.425436 0.793963 -0.329326 0.895408 -0.299648 -0.838402 -0.131333 0.528993
-8.521615 -31.056573 839.041407 439.760210 0.413119 0.444171 0.795013 -0.326730 0.887161 -0.325873 -0.850047 -0.125130 0.511627
-8.106555 -32.030046 587.516720 723.234181 0.407629 0.456039 0.791118 -0.412981 0.864766 -0.285703 -0.814424 -0.210256 0.540839
0.406294 -26.471497 -917.356216 -404.216118 0.294177 0.266531 0.917835 0.852862 0.360238 -0.377962 -0.431378 0.893974 -0.121341
0.935435 -24.015822 -660.736634 162.256079 0.275884 0.258468 0.925788 0.835954 0.410870 -0.363823 -0.474415 0.874288 -0.102714
-0.418245 -25.418891 -789.837085 -264.058213 0.243447 0.245033 0.938452 0.886276 0.336862 -0.317868 -0.394017 0.909111 -0.135159
-5.070792 -73.955299 -605.749593 540.732855 -0.515559 -0.245067 -0.821061 0.856729 -0.131102 -0.498826 0.014603 -0.960601 0.277547
-2.384348 -80.052220 -1149.355285 2091.469178 -0.507599 -0.278254 -0.815425 0.852773 -0.027176 -0.521574 0.122970 -0.960123 0.251082
-3.045216 -80.954286 -1148.853158 1571.056807 -0.530730 -0.272807 -0.802435 0.846682 -0.213273 -0.487487 -0.038148 -0.938132 0.344171
-0.422957 -91.525130 -556.386178 3510.516099 -0.538467 -0.252370 -0.803967 0.839230 -0.246445 -0.484724 -0.075804 -0.935721 0.344499
-4.194296 -78.257665 -653.796771 2499.944741 -0.539729 -0.241108 -0.806573 0.833489 -0.287657 -0.471751 -0.118273 -0.926887 0.356218
3.003913 -99.974726 -547.356589 6395.991334 -0.397534 -0.679746 0.616369 -0.270416 0.728684 0.629202 -0.876836 0.083453 -0.473491
3.499023 -108.659278 772.850716 3646.007918 0.398794 0.717286 -0.571370 -0.548776 0.685847 0.477974 -0.734717 -0.122940 -0.667141
1.157393 -99.630826 940.312748 3404.932650 0.405274 0.719753 -0.563657 -0.361561 0.692484 0.624291 -0.839658 0.049213 -0.540881
-0.290774 -101.507386 705.562846 6159.329603 0.409856 0.713722 -0.567995 -0.167782 0.671064 0.722165 -0.896586 0.200684 -0.394790
6.415799 -107.069364 804.746406 -1839.958025 0.194944 0.793021 -0.577160 0.062320 -0.597276 -0.799611 0.978833 -0.119910 0.165856
28.393840 -54.542760 -4424.292601 -4434.934236 0.197259 0.670707 -0.715011 0.181798 0.691665 0.698963 0.963347 -0.267864 0.014504
31.112895 -87.564227 -4582.300957 -11752.723533 0.224596 0.661274 -0.715733 0.012410 0.732497 0.680657 0.974373 -0.161755 0.156310
4.482389 -76.765765 1884.590716 3080.173472 0.362240 0.852868 -0.376029 0.890379 -0.197295 0.410245 0.275696 -0.483415 -0.830844
25.178141 -36.333384 2295.121494 -1174.555200 -0.105150 0.812957 -0.572751 -0.569768 -0.521290 -0.635312 0.815051 -0.259532 -0.518011
28.170443 -40.838706 1133.668824 -1868.153072 -0.035779 0.785811 -0.617431 -0.546254 -0.532741 -0.646370 0.836855 -0.314147 -0.448313
27.318724 -36.776045 1625.349867 -1395.997582 -0.093338 0.769380 -0.631935 -0.461441 -0.595851 -0.657293 0.882247 -0.230250 -0.410639
23.085171 -32.229453 1475.585996 -858.213154 -0.169596 0.783642 -0.597614 -0.499142 -0.591170 -0.633542 0.849761 -0.190848 -0.491409
-4.960323 -22.928568 833.019234 24.351420 0.792097 0.014966 0.610212 -0.330563 0.850930 0.408224 0.513138 0.525066 -0.678966
-6.319854 -24.144150 -976.871970 20.644948 -0.825338 0.060576 -0.561379 -0.238629 0.863654 0.444025 0.511735 0.500433 -0.698351
-1.315050 -47.149386 -534.463060 222.019282 -0.328873 -0.455455 -0.827287 0.742397 0.416748 -0.524564 0.583685 -0.786690 0.201071
-1.467225 -47.252102 -802.440159 1064.674861 -0.315986 -0.432289 -0.844559 0.647516 0.552364 -0.524993 0.693452 -0.712755 0.105374
10401.511529 -83517.610939 2137750.308119 -107737095.432676 -0.470063 0.799011 0.374997 0.686479 0.063909 0.724335 0.554786 0.597911 -0.578546
162.874536 -3524.740849 -20559.201982 1216924.838046 0.646277 -0.736231 -0.200724 0.362480 0.064709 0.929743 0.671517 0.673629 -0.308689
-352.047308 -848.650016 -63800.015996 -242177.565301 0.112174 0.519700 -0.846952 -0.636043 0.692404 0.340627 0.763457 0.500489 0.408222
-133.277710 -631.283685 -447.875143 132073.916433 0.925543 -0.155211 -0.345370 0.126928 -0.732171 0.669190 0.356735 0.663201 0.657955
-86.538770 -571.050999 9580.380661 -140663.665732 0.742346 -0.635043 -0.213644 0.399268 0.675342 -0.620080 0.538060 0.375012 0.754889
11.297581 -105.080371 1310.022178 14053.013514 -0.603567 -0.077911 -0.793496 0.075839 0.985092 -0.154410 0.793697 -0.153375 -0.588661
31.832375 -68.540443 1833.882168 2043.186265 0.770693 0.285826 0.569505 0.635985 -0.400359 -0.659724 -0.039440 -0.870641 0.490335
32.552416 -67.936551 -735.910205 -5886.793982 0.820240 0.182073 0.542269 0.505808 -0.673585 -0.538926 -0.267140 -0.716333 0.644595
30.425321 -54.567269 -759.889605 3326.562408 -0.687897 -0.408601 -0.599870 0.712185 -0.220606 -0.666427 0.139968 -0.885651 0.442754
