19891
39774
-38.531027 -59.428153 624.093721 5866.966401 0.044957 0.970776 -0.235740 0.953111 -0.112372 -0.280985 0.299264 0.212054 0.930309
-42.243989 -68.239658 -163.645453 4914.574252 0.071082 -0.970779 0.229204 0.982070 0.027889 -0.186442 0.174602 0.238347 0.955356
-50.580684 -78.083676 1095.841533 9332.717574 -0.444775 0.892981 -0.068992 0.875392 0.417139 -0.244304 0.189380 0.169056 0.967241
-35.261351 -58.102249 -148.360858 3937.113548 -0.206311 -0.909210 0.361627 0.944643 -0.281433 -0.168657 0.255118 0.306812 0.916941
-40.360661 -65.728408 -1709.211285 12647.306846 -0.348476 0.937061 -0.021951 0.873245 0.316056 -0.370880 0.340599 0.148411 0.928422
-31.251290 -48.155861 592.726929 6647.341939 0.192795 0.944909 -0.264534 0.892504 -0.280897 -0.352893 0.407759 0.168061 0.897490
-29.597685 -50.124957 918.179530 2937.841997 0.385864 0.834325 -0.393714 0.846981 -0.489541 -0.207299 0.365694 0.253479 0.895554
32.173282 -38.988228 -6066.084746 -4741.545868 0.216957 0.966213 -0.139146 0.091087 -0.161957 -0.982585 0.971922 -0.200504 0.123147
28.239388 -20.988597 -6202.266606 -7382.710586 0.158441 0.986736 0.035327 0.197029 0.003463 -0.980391 0.967510 -0.162295 0.193867
39.523313 -42.696578 -1217.481194 -481.055141 0.097469 0.992403 -0.075078 0.085569 -0.083514 -0.992826 0.991553 -0.090346 0.093059
15.719695 -33.788839 -9561.800391 -7306.305450 0.280200 0.946254 -0.161527 0.115792 -0.200356 -0.972856 0.952932 -0.253891 0.165709
40.995993 -54.780958 -5242.603135 -5552.217529 0.177860 0.973126 -0.146261 0.013839 -0.151089 -0.988423 0.983958 -0.173777 0.040339
-63.760742 -71.263161 -6494.886935 1432.973737 0.657866 -0.575507 0.485803 0.417033 0.815487 0.401328 -0.627133 -0.061423 0.776486
-57.028249 -69.485882 -1961.008331 196.342315 -0.489413 0.749804 -0.445275 0.558565 0.661649 0.500225 -0.669686 0.003898 0.742634
-47.876525 -66.305384 -7926.658993 -279.593575 -0.358111 0.921696 -0.149107 0.636338 0.357798 0.683414 -0.683250 -0.149855 0.714642
-50.278043 -74.229942 -10272.395431 1780.383039 -0.240286 0.970452 0.022022 0.772962 0.177565 0.609099 -0.587191 -0.163380 0.792789
-19.116940 -144.279050 -9024.412203 54917.357096 0.337691 0.932778 -0.126058 0.232983 -0.212591 -0.948959 0.911967 -0.291086 0.289111
-5.943952 -247.026198 -13508.038789 147433.341364 0.405848 0.903266 -0.139278 -0.146373 -0.086186 -0.985468 0.902143 -0.420337 -0.097235
-32.518292 -979.417095 -10256.862355 550270.100697 0.290149 0.945232 -0.149500 -0.346962 -0.041687 -0.936952 0.891869 -0.323726 -0.315864
-33.743868 -82.851659 -7480.069361 -3055.985980 0.769418 0.169931 0.615727 -0.344381 0.922219 0.175824 -0.537957 -0.347327 0.768093
-45.772484 -89.823389 -5296.409351 2352.478153 0.841170 0.103280 0.530817 -0.191953 0.974697 0.114537 -0.505556 -0.198237 0.839711
-30.797586 -83.280543 -6886.301926 2527.122775 0.789419 0.060600 0.610856 -0.150140 0.983952 0.096415 -0.595211 -0.167826 0.785849
-18.404263 -77.038489 -7985.288077 -2886.412633 0.734298 0.146282 0.662878 -0.321038 0.935233 0.149242 -0.598114 -0.322397 0.733702
-18.235364 -69.846891 -8983.012199 -6820.438368 0.666936 0.282137 0.689634 -0.526423 0.833433 0.168130 -0.527328 -0.475171 0.704370
32.637910 -48.815988 1817.335936 18.823598 -0.358468 0.930848 0.070866 0.356012 0.206484 -0.911384 0.862993 0.301473 0.405411
30.285171 -48.069561 2607.558960 1079.336165 -0.373928 0.925391 0.061886 0.437900 0.234977 -0.867773 0.817571 0.297385 0.493093
24.777230 -48.131183 7090.217240 306.584825 -0.455779 0.889686 0.026901 0.383664 0.223639 -0.895984 0.803161 0.398050 0.443271
15.354534 -32.998370 -3304.127261 -428.266325 -0.248909 0.603545 -0.757481 0.965592 0.093798 -0.242558 -0.075345 -0.791792 -0.606126
-1.384885 -35.639471 -4915.234252 -1203.533474 -0.294721 0.567667 -0.768696 0.955430 0.189470 -0.226395 0.017128 -0.801159 -0.598207
5.345227 -36.195771 -8669.156208 736.794866 -0.006971 0.595562 -0.803279 0.999767 0.020556 0.006564 0.020422 -0.803047 -0.595566
19.971976 -39.407139 -7478.530859 4949.565170 0.038089 0.643961 -0.764110 0.999127 -0.011405 0.040193 0.017168 -0.764974 -0.643833
-3.770077 -39.671873 2826.361770 3906.260085 0.006206 -0.986577 -0.163180 0.999819 0.003186 0.018760 -0.017988 -0.163267 0.986418
-7.577888 -44.849725 2265.647962 1925.409823 -0.041038 -0.986987 -0.155477 0.994677 -0.055077 0.087092 -0.094522 -0.151075 0.983993
-3.817912 -44.035952 3120.922248 2283.338105 0.023443 -0.985281 -0.169328 0.994729 0.006076 0.102360 -0.099824 -0.170835 0.980230
1.042604 -37.532971 3377.031417 3571.276496 0.069621 -0.982714 -0.171543 0.997458 0.065963 0.026942 -0.015161 -0.172982 0.984808
-0.481582 -33.098121 2767.295556 5131.215042 0.051364 -0.984691 -0.166567 0.997343 0.059205 -0.042456 0.051667 -0.163944 0.985116
-5.080386 -34.327013 1837.894741 5014.328301 -0.006365 -0.988668 -0.149983 0.998477 0.001936 -0.055134 0.054799 -0.150106 0.987150
1.517288 -60.282853 1620.999532 -3043.190993 0.101908 0.915253 -0.389778 0.936809 -0.220110 -0.271920 -0.334670 -0.337437 -0.879848
2.374023 -59.532615 409.491461 2769.689771 0.095609 0.911495 -0.400044 -0.904886 0.247045 0.346626 -0.414777 -0.328854 -0.848419
2.053791 -60.451314 642.286461 903.281304 0.110080 0.909349 -0.401207 -0.896385 0.265217 0.355181 -0.429390 -0.320538 -0.844322
2.173777 -62.404894 -106.420612 4908.619769 0.092113 0.907857 -0.409036 -0.925457 0.229655 0.301310 -0.367484 -0.350791 -0.861337
0.678203 -62.194917 1347.065216 1398.570376 0.109362 0.914056 -0.390565 0.983956 -0.155271 -0.087872 -0.140964 -0.374689 -0.916372
1.077053 -60.618838 307.048754 -1644.872474 0.113787 0.906379 -0.406854 0.960510 -0.205023 -0.188114 -0.253917 -0.369382 -0.893914
5.610438 -69.204876 -1239.789533 2962.226069 0.361389 0.875629 -0.320425 -0.131593 -0.292313 -0.947225 0.923083 -0.384482 -0.009588
2.941508 -66.770211 -2715.983831 -642.827374 0.381973 0.856174 -0.347940 -0.206008 -0.288134 -0.935168 0.900920 -0.428887 -0.066320
2.596148 -67.895082 -1731.275808 3017.222108 0.372262 0.869692 -0.324125 -0.094325 -0.311966 -0.945399 0.923322 -0.382510 0.034099
3.641789 -69.458917 -2113.804079 3599.553073 0.375251 0.874033 -0.308629 -0.022536 -0.324260 -0.945700 0.926649 -0.361830 0.101982
-1.308865 -121.998870 -823.708954 -6694.930943 -0.034098 -0.911162 -0.410634 0.976002 -0.118778 0.182515 -0.215075 -0.394556 0.893347
-1.929371 -114.545131 1070.505493 -11533.569019 0.034889 0.913504 0.405330 0.920260 -0.187535 0.343441 -0.389748 -0.361027 0.847205
-1.235827 -117.634623 1278.351623 -12641.419998 -0.022690 -0.906280 -0.422068 0.929018 -0.175079 0.325995 -0.369338 -0.384712 0.845923
0.089816 -124.842821 2185.232639 -3819.936988 -0.038742 -0.897548 -0.439212 0.984600 -0.109277 0.136462 -0.170477 -0.427161 0.887959
-1.813790 -128.398104 -8.380979 4641.297940 -0.044784 -0.907259 -0.418180 0.998663 -0.029846 -0.042198 0.025804 -0.419511 0.907383
-0.718091 -146.557565 -542.113128 3537.436872 0.203867 0.954361 0.218251 -0.807008 0.290030 -0.514414 0.554235 0.071258 -0.829304
0.041403 -139.003178 -439.781430 4054.776564 0.200894 0.955122 0.217677 -0.789944 0.289360 -0.540611 0.579336 0.063347 -0.812623
-0.605781 -142.251058 705.165797 2182.927531 0.218345 0.941738 0.255841 -0.647364 0.335954 -0.684145 0.730236 0.016242 -0.683002
0.386833 -136.168412 -251.965498 3919.629979 0.153657 0.968024 0.198289 -0.926233 0.211007 -0.312360 0.344213 0.135665 -0.929038
-1.680438 -149.013519 -2270.532642 1533.964540 0.253243 0.940213 0.227745 -0.642220 0.339453 -0.687259 0.723479 -0.027781 -0.689787
-0.771171 -167.268025 -400.187854 3591.763683 0.206368 0.951080 0.229910 -0.766648 0.303169 -0.565985 0.607999 0.059459 -0.791708
0.149754 -158.433342 -790.057722 3005.827618 0.159486 0.966358 0.201784 -0.918016 0.220349 -0.329685 0.363057 0.132661 -0.922275
-2.086906 -143.419684 -147.744271 -1719.191988 0.745145 -0.340081 0.573675 0.665454 0.435808 -0.606005 0.043922 -0.833316 -0.551049
-2.949369 -140.708282 613.145627 -8314.982590 0.738643 -0.329896 0.587856 0.663562 0.202263 -0.720261 -0.118710 -0.922094 -0.368307
-4.727685 -147.608208 979.674400 2093.412181 0.745484 -0.326678 0.580978 0.662429 0.459608 -0.591565 0.073771 -0.825858 -0.559031
-3.150942 -146.121547 176.679678 6208.418888 0.748106 -0.336012 0.572219 0.623507 0.651060 -0.432851 0.227106 -0.680601 -0.696567
-5.103951 -143.291449 354.088668 7590.253744 0.753462 -0.336114 0.565086 0.617532 0.656822 -0.432712 0.225720 -0.674991 -0.702451
2.055438 -44.485291 -2037.758196 324.054710 0.972256 -0.215920 0.089987 0.094985 0.715955 0.691655 0.213769 0.663918 -0.716600
0.808955 -44.020106 -2342.554124 -773.138799 0.978538 -0.151358 0.139835 0.037447 0.797909 0.601614 0.202635 0.583466 -0.786452
4.262303 -41.264185 -3327.340246 -581.731678 0.979720 -0.161379 0.118766 0.051433 0.775416 0.629352 0.193657 0.610481 -0.767991
-13.535424 -42.233420 736.482000 -3006.887853 -0.054131 0.996944 -0.056319 -0.429756 -0.074171 -0.899894 0.901321 0.024509 -0.432458
-16.722780 -47.438591 -142.611652 -2666.403622 -0.104517 0.986107 -0.129112 -0.513013 -0.164675 -0.842437 0.851994 0.021813 -0.523097
-12.591354 -40.568771 100.598231 -2943.494105 -0.032067 0.999339 0.017109 -0.451499 0.000789 -0.892271 0.891695 0.036337 -0.451176
-5.646721 -34.518626 3662.606357 -1287.126244 0.037194 0.977623 0.207052 -0.363632 0.206231 -0.908428 0.930800 0.041502 -0.363165
-17.451836 -89.908650 -1780.390454 233.369723 0.014539 0.930161 0.366863 -0.362785 0.346808 -0.864934 0.931759 0.120517 -0.342491
-18.092644 -90.581247 -1881.527395 88.723667 0.033314 0.934716 0.353830 -0.472152 0.326750 -0.818723 0.880888 0.139786 -0.452213
-19.430271 -90.491984 -2915.679960 -212.220850 0.015323 0.926047 0.377096 -0.492630 0.335182 -0.803099 0.870104 0.173463 -0.461335
-17.593322 -91.750710 187.146492 -381.127412 -0.027862 0.911575 0.410188 -0.440125 0.357244 -0.823812 0.897504 0.203487 -0.391254
-7.731400 -41.014309 -1822.738392 -5117.628091 0.337526 0.891762 -0.301392 0.282338 -0.401347 -0.871324 0.897976 -0.209000 0.387243
-7.546285 -39.781205 -2792.554410 2734.179509 0.313729 0.913679 -0.258389 0.318570 -0.357641 -0.877842 0.894476 -0.193089 0.403273
-8.159183 -39.889768 -58.578279 1942.071060 0.310416 0.914716 -0.258721 0.309553 -0.354599 -0.882291 0.898788 -0.193789 0.393226
-8.205394 -41.521292 1770.370365 -5463.227376 0.332510 0.881704 -0.334716 0.265992 -0.428179 -0.863662 0.904812 -0.198144 0.376900
-7.660762 -224.778384 -785.351027 -1979.554963 -0.669431 0.157179 -0.726056 0.731299 -0.032431 -0.681286 -0.130631 -0.987037 -0.093235
-7.350849 -227.490033 -1560.596627 14529.992826 -0.652102 0.144880 -0.744159 0.752210 0.246085 -0.611246 0.094569 -0.958359 -0.269452
-5.354068 -236.376490 -1285.677098 -7583.291894 -0.664948 0.142616 -0.733148 0.724181 -0.117102 -0.679595 -0.182775 -0.982826 -0.025413
-5.279017 -220.527407 293.311119 -24233.117076 0.686996 -0.158465 0.709172 0.613748 -0.395956 -0.683032 -0.389037 -0.904493 0.174763
-5.948869 -211.644995 271.779149 -14833.591121 0.681888 -0.161580 0.713387 0.655698 -0.297212 -0.694064 -0.324174 -0.941040 0.096717
66.571825 -35.589948 -243.590483 -146.349155 -0.129998 0.911005 0.391371 0.931208 0.247736 -0.267353 0.340516 -0.329692 0.880540
62.675619 -40.928254 15451.747301 -375.505102 0.106031 -0.805139 -0.583532 0.937105 0.277171 -0.212155 0.332552 -0.524336 0.783888
71.523509 -35.889978 -4697.540546 345.021099 0.094368 -0.933100 -0.347015 0.960028 0.177560 -0.216374 0.263515 -0.312726 0.912558
60.723500 -31.405638 17233.921797 -545.351395 -0.137450 0.976049 0.168630 0.949067 0.178506 -0.259630 0.283513 -0.124355 0.950871
53.888328 -31.464426 13788.456083 -686.180398 -0.174074 0.963709 0.202394 0.921673 0.231816 -0.311095 0.346723 -0.132387 0.928578
34.732717 -33.568457 2975.953258 471.499336 -0.446380 -0.655980 -0.608633 -0.302670 0.750749 -0.587169 0.842102 -0.077886 -0.533665
33.598719 -40.308434 748.524072 830.745925 -0.555069 -0.501163 -0.663878 -0.234501 0.860027 -0.453170 0.798065 -0.095861 -0.594898
42.870587 -37.639953 2616.777535 449.725515 -0.499290 -0.616223 -0.609080 -0.233790 0.772715 -0.590130 0.834297 -0.152249 -0.529876
-17.196313 -276.672198 6722.439959 25053.401350 -0.547942 0.314725 -0.775054 -0.271075 0.809725 0.520446 0.791377 0.495272 -0.358369
-14.371868 -432.445468 2395.833280 138592.563575 -0.505097 0.325993 -0.799128 -0.087176 0.901915 0.423024 0.858649 0.283333 -0.427136
-9.555373 -307.056628 4367.426973 16739.923265 -0.554519 0.290755 -0.779724 0.074986 0.950623 0.301154 0.828786 0.108527 -0.548941
-5.550037 -266.258032 5580.268717 12426.817115 -0.566955 0.276382 -0.776000 -0.143087 0.894671 0.423189 0.811227 0.350964 -0.467692
-9.079453 -259.706323 5377.367433 13711.248169 -0.554574 0.304587 -0.774387 -0.433820 0.688306 0.581408 0.710104 0.658378 -0.249580
-22.328770 -271.405215 -7383.671699 6976.291115 0.547779 -0.330878 0.768413 -0.525681 0.578392 0.623797 0.650844 0.745643 -0.142894
-36.454456 -103.286867 8210.987802 -146.197844 0.655428 -0.565808 0.500275 0.706936 0.226479 -0.670037 0.265811 0.792823 0.548431
-33.669259 -117.579695 4956.757124 3027.994395 0.491427 -0.584051 0.646052 0.773215 -0.048792 -0.632264 0.400797 0.810249 0.427619
-60.002863 -91.926215 -21281.406729 -3699.995218 0.054915 -0.503979 0.861968 0.963362 -0.200227 -0.178444 0.262521 0.840187 0.474519
-1.979550 -311.894933 36767.782832 -127972.248673 0.946555 -0.316819 0.060500 -0.240177 -0.567126 0.787835 0.215290 0.760259 0.612908
-307.933682 -3146.241874 -94884.429433 -1743683.072608 -0.054176 -0.311242 0.948785 0.960674 -0.275401 -0.035488 0.272342 0.909551 0.313922
-567.884718 -2286.802297 -196924.946062 813472.484107 0.087806 -0.268141 0.959370 0.536642 0.824120 0.181223 -0.839229 0.498926 0.216258
-330.579478 -3402.339567 -96136.913572 -569348.097795 -0.060409 -0.539049 0.840106 0.996254 0.019616 0.084224 -0.061881 0.842046 0.535844
-612.359034 -2204.631061 217031.661084 4202427.216889 0.502746 0.186577 -0.844059 -0.218361 0.972174 0.084834 0.836400 0.141660 0.529497
15.206858 -14.417324 7655.017589 -187.543095 0.062281 0.951918 -0.299955 0.584230 -0.278439 -0.762330 0.809195 0.127764 0.573480
-1.440121 -14.629301 6441.759435 -333.143795 0.050116 0.954511 -0.293933 0.589153 -0.265898 -0.763019 0.806466 0.134932 0.575679
4.859570 -17.033951 7232.669201 -1900.667392 0.048439 0.952877 -0.299465 0.564784 -0.273414 -0.778630 0.823816 0.131417 0.551413
-10.578461 -40.194871 2322.567188 1105.145188 -0.460521 0.871785 0.167065 -0.282575 0.034437 -0.958627 0.841470 0.488676 -0.230486
-6.425622 -42.822456 2796.310025 1031.320210 -0.482427 0.867770 0.119330 -0.200594 0.023163 -0.979401 0.852658 0.496426 -0.162895
-13.347909 -42.607920 2543.345644 1448.224635 -0.458477 0.875244 0.154101 -0.207826 0.062999 -0.976135 0.864064 0.479562 -0.153014
-15.518705 -40.385680 1726.452856 1052.369748 -0.416188 0.883425 0.215285 -0.291767 0.094496 -0.951810 0.861196 0.458945 -0.218426
32.812238 -1.729577 -13864.469178 2387.212394 -0.275389 0.940881 0.197239 0.854333 0.145460 0.498955 -0.440767 -0.305915 0.843884
28.556720 1.286869 -12254.196358 -1506.582050 0.021507 0.926602 0.375428 0.898986 -0.182231 0.398267 -0.437450 -0.328939 0.836921
9.467676 0.441783 2576.269693 -13784.286978 0.845040 0.164617 0.508733 -0.313158 0.923550 0.221332 -0.433405 -0.346348 0.831987
55.435975 -6.286442 -13057.271080 620.891893 -0.148819 0.968968 0.197369 0.882479 0.040078 0.468641 -0.446188 -0.243917 0.861058
13.570886 -3.750439 -2042.828098 -2936.358896 0.847904 -0.479511 0.226116 0.324388 0.806609 0.494119 -0.419323 -0.345616 0.839475
47.864664 -11.448192 -5626.612632 2442.767490 -0.228625 0.969619 0.087003 0.854197 0.156931 0.495702 -0.466988 -0.187647 0.864124
37.393208 -7.829701 -9745.416348 2105.885126 -0.434021 0.896546 0.088492 0.769144 0.317607 0.554566 -0.469089 -0.308756 0.827421
-27.252069 -45.628593 1180.713391 355.755945 -0.196358 0.563131 -0.802700 0.746020 0.617053 0.250398 0.636316 -0.549663 -0.541270
-28.316979 -46.431406 710.187987 -16.544042 -0.275377 0.523633 -0.806211 0.692954 0.689394 0.211068 0.666320 -0.500544 -0.552697
-29.580927 -46.615798 -400.117255 431.447553 -0.134658 0.573569 -0.808014 0.672255 0.651954 0.350756 0.727970 -0.495959 -0.473375
1.515924 -42.160858 885.701662 -1642.864633 0.077657 0.937654 -0.338784 -0.456188 0.335569 0.824188 -0.886489 -0.090545 -0.453806
1.167889 -41.335439 328.654784 -2596.897147 0.076756 0.933278 -0.350857 -0.447109 0.346748 0.824536 -0.891180 -0.093583 -0.443892
1.612973 -40.056456 652.515143 -778.861254 0.087224 0.930546 -0.355635 -0.501952 0.349418 0.791171 -0.860486 -0.109503 -0.497567
1.752128 -40.970298 459.914911 -551.568157 0.088073 0.926812 -0.365051 -0.524938 0.354642 0.773737 -0.846572 -0.123484 -0.517753
-0.632606 -94.906339 -190.364018 16469.844609 -0.104079 0.959003 0.263593 0.400887 -0.202097 0.893558 -0.910196 -0.198671 0.363418
-0.252110 -86.752370 67.622090 14863.845180 -0.106897 0.957197 0.268974 0.438417 -0.197426 0.876820 -0.892392 -0.211653 0.398547
-0.943873 -77.033111 564.173588 7843.896422 -0.086713 0.954679 0.284725 0.497789 -0.206045 0.842468 -0.862953 -0.214786 0.457362
13.983147 -29.605720 -318.592001 -3410.521831 -0.160771 0.986390 0.034452 0.964038 0.164421 -0.208798 0.211621 0.000356 0.977352
12.242907 -34.310174 -1883.215090 -3494.780680 -0.146128 0.987366 0.061283 0.957204 0.156764 -0.243281 0.249814 -0.023110 0.968018
11.988449 -27.935244 -1668.929608 -4213.762877 -0.150891 0.986297 0.066703 0.969329 0.160861 -0.185811 0.193994 -0.036620 0.980319
57.242199 -209.193789 -6308.992986 31976.182712 0.227553 0.966352 0.119929 0.894016 -0.158513 -0.419058 0.385947 -0.202576 0.900004
64.426503 -157.856031 -8056.011386 20472.626509 0.224034 0.974434 0.016972 0.830023 -0.181648 -0.527319 0.510754 -0.132224 0.849498
46.099509 -153.572486 -5848.189133 14787.193800 0.206674 0.972368 0.108566 0.746842 -0.085102 -0.659534 0.632070 -0.217390 0.743794
43.777197 -3694.635062 -60519.665811 -1386282.418383 -0.040935 -0.155420 0.987000 0.829681 -0.555707 -0.053096 0.556735 0.816721 0.151697
-47.225067 -700.628597 2396.344426 257700.865825 0.136327 -0.005800 -0.990647 -0.582434 0.808434 -0.084884 0.801365 0.588558 0.106834
-33.550625 -416.678635 5213.247505 -159503.698565 -0.214118 -0.020280 0.976597 0.844076 -0.507024 0.174534 0.491618 0.861694 0.125680
12.996359 -1950.856521 9127.312238 -703754.610602 -0.108780 0.074162 -0.991296 0.940432 0.330806 -0.078450 0.322109 -0.940780 -0.105729
5.466425 -529.121979 4360.719426 50548.154528 -0.132723 0.117522 -0.984161 0.502137 0.864061 0.035463 0.854543 -0.489477 -0.173693
3.968991 -923.606819 3113.875630 -343543.552726 -0.085168 0.102249 -0.991106 0.829464 0.558393 -0.013671 0.552029 -0.823251 -0.132369
-3.684726 -598.119072 1321.476564 -216817.452437 -0.079421 0.073764 -0.994108 0.990564 0.117578 -0.070414 0.111691 -0.990320 -0.082406
3.940756 -75.540967 87.807569 1165.241131 0.159110 0.985009 -0.066646 0.841322 -0.099959 0.531211 -0.516586 0.140591 0.844614
4.682569 -74.368203 -1089.900128 -1868.165271 0.166274 0.984862 -0.048995 0.889248 -0.128289 0.439067 -0.426135 0.116575 0.897117
3.456322 -75.064742 -1583.422214 221.624445 0.168128 0.984984 -0.039225 0.842759 -0.122982 0.524054 -0.511361 0.121165 0.850781
-10.556151 -32.625990 2059.281691 3103.811708 0.183510 0.881453 -0.435161 0.145512 -0.462160 -0.874777 0.972188 -0.097209 0.213073
-12.202529 -33.696398 628.712360 2937.764102 0.191124 0.912334 -0.362103 0.250352 -0.402012 -0.880744 0.949103 -0.077678 0.305238
-12.135446 -34.857704 4104.790558 1111.322395 0.175646 0.917966 -0.355649 0.216722 -0.388459 -0.895618 0.960302 -0.080234 0.267175
-13.888671 -34.002500 689.033268 17.005565 0.210998 0.929188 -0.303463 0.311273 -0.358161 -0.880244 0.926601 -0.091270 0.364802
-15.025427 -36.323255 674.565272 -4384.857196 0.227908 0.925729 -0.301801 0.290457 -0.360484 -0.886389 0.929351 -0.114355 0.351042
-32.588811 -39.217290 -874.465210 7126.818400 -0.114078 0.950156 -0.290153 -0.929991 0.000593 0.367582 -0.349433 -0.311773 -0.883569
-7.983804 -38.172775 22474.138540 -970.412197 -0.618844 -0.534253 0.575852 -0.623710 0.779841 0.053230 -0.477512 -0.326224 -0.815819
-31.060894 -36.527073 -2954.796111 3443.815084 0.131482 0.932712 -0.335798 -0.905232 0.251036 0.342836 -0.404065 -0.258898 -0.877328
0.896195 -132.827484 -1729.476404 -1274.748566 -0.578191 -0.799010 0.165161 0.698176 -0.379775 0.606895 -0.422191 0.466213 0.777432
-2.793828 -131.921468 -711.841799 3539.199544 -0.566715 -0.809461 0.153647 0.733792 -0.411068 0.540900 -0.374678 0.419281 0.826934
0.243292 -127.646135 -1573.808726 6119.467536 -0.574301 -0.802150 0.163505 0.789078 -0.489216 0.371515 -0.218021 0.342380 0.913916
2.047139 -129.316122 -1531.356190 1815.309391 -0.576686 -0.801469 0.158369 0.766801 -0.464125 0.443402 -0.281870 0.377141 0.882221
4.899606 -44.297516 6510.279222 -408.545818 -0.257753 0.948768 -0.182765 -0.584894 -0.002652 0.811105 -0.769066 -0.315963 -0.555613
30.089837 -42.632875 13698.177667 894.046334 -0.262310 0.950033 -0.169205 -0.497253 0.017200 0.867435 -0.827002 -0.311675 -0.467895
35.154652 -47.864808 18428.171708 -26.117037 -0.383756 0.922987 -0.028745 -0.503800 -0.183177 0.844175 -0.773897 -0.338439 -0.535296
3.902763 -47.190512 4508.676252 354.363086 -0.348831 0.932712 -0.091463 -0.606137 -0.150101 0.781068 -0.714783 -0.327900 -0.617711
36.853350 -51.881644 18848.999481 -935.647843 -0.457192 0.886723 0.068540 -0.527362 -0.332347 0.781943 -0.716146 -0.321353 -0.619571
4.697289 -56.031372 758.299010 149.047577 -0.241904 -0.879957 -0.408850 0.892391 -0.036335 -0.449798 0.380947 -0.473662 0.794055
2.636400 -55.394775 304.150294 -1037.323291 -0.202766 -0.887203 -0.414436 0.947053 -0.070077 -0.313335 0.248949 -0.456027 0.854438
5.907545 -58.012917 533.069466 -302.162224 -0.196100 -0.890086 -0.411451 0.904471 -0.002101 -0.426531 0.378785 -0.455788 0.805468
7.520906 -59.330908 -598.171791 -538.321368 0.236410 0.887316 0.395956 0.848778 0.009766 -0.528659 0.472954 -0.461059 0.750826
18.505226 -64.104577 -330.683571 4711.685201 0.221983 0.933488 0.281644 0.957980 -0.262613 0.115361 0.181652 0.244201 -0.952559
19.642552 -64.957647 283.894206 5765.387951 0.208126 0.922766 0.324325 0.962504 -0.252201 0.099900 0.173979 0.291372 -0.940656
16.778927 -73.319032 -784.030976 8947.393122 0.202521 0.938332 0.280210 0.977448 -0.211175 0.000709 0.059839 0.273747 -0.959938
16.350757 -71.034999 -1055.722458 7683.339029 0.238248 0.942499 0.234381 0.965756 -0.255436 0.045473 0.102727 0.215521 -0.971081
18.319557 -66.308815 -946.091159 431.301701 0.239385 0.941864 0.235767 -0.948371 0.278861 -0.151095 0.208057 0.187425 -0.959992
-3.024761 -94.830426 217.820441 -574.056242 0.405618 0.899557 0.162087 0.900872 -0.363442 -0.237362 -0.154611 0.242298 -0.957803
-3.328758 -94.246648 678.203832 -1633.205279 0.405735 0.897084 0.174982 0.905376 -0.368253 -0.211386 -0.125194 0.244191 -0.961612
-3.556685 -102.662641 99.501640 -5973.666329 0.417643 0.893768 0.163561 0.908582 -0.409368 -0.083045 -0.007267 0.183292 -0.983032
-3.195246 -113.340421 246.381047 6885.534256 0.440293 0.882201 0.166923 -0.882999 0.459138 -0.097492 0.162649 0.104468 -0.981138
-3.845312 -116.372651 208.843108 8508.787547 0.435009 0.885752 0.161898 -0.885893 0.453187 -0.099069 0.161121 0.100329 -0.981822
-10.182919 -39.260449 -455.881196 -681.403210 0.403011 0.858950 0.315892 0.758578 -0.506613 0.409760 -0.511998 -0.074491 0.855751
-8.941623 -39.129632 444.489900 686.304694 0.419818 0.845716 0.329421 0.740813 -0.528990 0.413964 -0.524356 -0.070250 0.848596
-9.594604 -39.139219 -947.634544 -471.357672 0.421373 0.835129 0.353560 0.770341 -0.535334 0.346398 -0.478560 -0.126399 0.868910
0.144825 -33.971701 1035.052666 2565.616788 0.464785 0.595502 0.655250 0.860707 -0.477507 -0.176554 0.207748 0.646038 -0.734490
6.834922 -37.547728 4150.652913 3589.210403 0.270655 0.673180 0.688167 0.951359 -0.296330 -0.084292 0.147180 0.677508 -0.720639
1.647136 -26.272707 86.694919 4432.667605 0.335099 0.661715 0.670702 0.916719 -0.393368 -0.069917 0.217567 0.638275 -0.738424
-0.896579 -26.599380 -268.244104 360.320183 0.676971 0.433514 0.594790 0.682751 -0.671704 -0.287513 0.274882 0.600732 -0.750707
-16.269950 -42.597365 192.268809 539.603122 -0.171421 0.978034 -0.118589 -0.957542 -0.137077 0.253621 -0.231794 -0.157030 -0.960007
-17.746695 -43.231160 -456.492115 355.719645 -0.226325 0.964930 -0.132992 -0.923513 -0.169164 0.344248 -0.309678 -0.200732 -0.929412
-15.916339 -41.362262 178.789361 371.698025 -0.206056 0.973177 -0.102314 -0.930000 -0.162239 0.329814 -0.304368 -0.163112 -0.938485
-17.296379 -43.410923 2.302853 483.712716 -0.193725 0.969569 -0.149687 -0.959806 -0.155726 0.233500 -0.203085 -0.188905 -0.960766
-13.578815 -91.320235 -2253.064638 242.298318 0.273284 0.896556 0.348574 -0.770241 0.421024 -0.479028 0.576233 0.137575 -0.805623
-14.376159 -90.532519 -1448.990210 -1078.163269 0.270239 0.896701 0.350569 -0.676398 0.435943 -0.593667 0.685169 0.076692 -0.724335
-14.054559 -91.229455 -851.440989 -44.164684 0.294814 0.890508 0.346526 -0.775081 0.434952 -0.458331 0.558869 0.133464 -0.818445
-13.699256 -91.393584 -1109.260591 1275.047400 0.285676 0.888504 0.359097 -0.851595 0.407218 -0.330090 0.439516 0.211506 -0.872978
-12.904986 -89.200036 667.846123 1747.989030 0.308967 0.880044 0.360642 -0.867090 0.416445 -0.273366 0.390762 0.228248 -0.891745
-11.985139 -48.655010 350.324359 2578.450371 0.392607 0.911080 0.125674 -0.810246 0.277982 0.515972 -0.435156 0.304401 -0.847336
-12.437552 -49.750343 299.280855 -3175.868245 0.375915 0.917384 0.130743 -0.802769 0.251924 0.540460 -0.462872 0.308123 -0.831150
-11.434527 -47.234977 1271.698709 -3481.233660 0.407705 0.902347 0.139812 -0.793219 0.274150 0.543733 -0.452306 0.332584 -0.827530
-10.600668 -49.173048 -34.804326 1233.795858 0.349721 0.926930 0.135999 -0.830730 0.239711 0.502420 -0.433108 0.288685 -0.853861
-9.572031 -45.494578 449.837455 3628.295668 0.451493 0.885663 0.108424 -0.774267 0.328484 0.540933 -0.443468 0.328177 -0.834048
-9.737678 -47.385795 -280.076712 8139.936643 0.417403 0.901090 0.117520 -0.810960 0.311017 0.495593 -0.410023 0.302166 -0.860568
4.298153 -144.221443 -1230.221941 1465.680712 0.740767 0.663441 -0.105405 -0.654973 0.748167 0.106095 0.149248 -0.009554 0.988754
3.305935 -130.131859 -2210.760744 3035.616317 0.723277 0.684330 -0.092537 0.689302 -0.723529 0.036997 0.041635 0.090545 0.995022
6.344281 -153.106873 -3184.421704 8651.143796 0.707299 0.699940 -0.099058 0.706126 -0.692925 0.145741 -0.033370 0.173030 0.984351
4.057388 -137.145223 1947.537863 8015.951260 -0.702643 -0.703810 0.104615 0.706146 -0.671663 0.224113 -0.087468 0.231345 0.968932
6.472128 -152.744981 983.246586 11315.313735 0.722754 0.676249 -0.142529 0.687751 -0.724079 0.052037 0.068012 0.135634 0.988422
14.518071 -169.013499 -2495.687931 537.280778 0.626425 0.775403 -0.079640 -0.302078 0.335679 0.892227 -0.718568 0.534856 -0.444510
13.277131 -164.279826 -1345.123133 -13439.111912 0.642781 0.755313 -0.127808 -0.465716 0.517766 0.717654 -0.608228 0.401772 -0.684571
16.129229 -189.670773 -3287.732464 -14643.582984 0.653313 0.750994 -0.095861 -0.429254 0.471734 0.770199 -0.623636 0.462033 -0.630558
1.862334 -269.934594 -2801.416439 21715.860239 0.750368 0.596952 -0.283895 -0.654259 0.609435 -0.447810 0.094305 -0.521763 -0.847862
7.676985 -303.328945 -1921.475762 23088.199200 0.740284 0.620653 -0.258398 -0.663493 0.612488 -0.429692 0.108424 -0.489540 -0.865214
4.405693 -253.426515 -1307.705837 1688.715298 0.705305 0.647826 -0.287866 -0.699799 0.701131 -0.136733 -0.113253 -0.297887 -0.947859
2.936280 -235.248333 -2279.169296 2883.970498 0.702126 0.644552 -0.302608 0.704482 -0.690615 0.163571 -0.103556 -0.328030 -0.938974
-0.540089 -278.596285 -1098.049189 43503.284684 0.777446 0.581286 -0.240177 -0.577345 0.508088 -0.639155 0.249501 -0.635573 -0.730613
0.298210 -312.831126 -3990.181266 49491.968986 0.788851 0.564995 -0.241855 -0.532014 0.430751 -0.728982 0.307692 -0.703728 -0.640384
-48.083868 -2728.844538 -1592.386480 825134.495370 0.571484 0.761190 -0.306586 0.544343 -0.631213 -0.552504 0.614082 -0.148859 0.775077
5.599921 -2179.868311 1811.392656 548946.947611 0.550532 0.783610 -0.287871 0.797103 -0.595892 -0.097670 0.248075 0.175692 0.952676
-19.425745 -6086.661379 -21015.916584 2260245.298810 -0.395958 -0.832205 0.388139 0.897961 -0.262510 0.353206 -0.192050 0.488388 0.851231
-9.751169 -33.529278 2887.748303 2370.681290 0.144984 0.890659 -0.430937 0.807643 0.145069 0.571549 -0.571571 0.430909 0.698301
-4.489440 -31.478202 1625.599983 2681.892308 0.078637 0.870799 -0.485309 0.816749 0.222856 0.532218 -0.571609 0.438228 0.693700
-4.037874 -37.724278 2020.234924 2978.937783 0.044812 0.862564 -0.503959 0.777338 0.286756 0.559926 -0.627486 0.416837 0.657654
-13.650088 -39.286450 4321.662390 2590.351848 0.100471 0.882822 -0.458836 0.774164 0.220311 0.593408 -0.624960 0.414834 0.661315
-19.323031 -36.240468 4740.061310 1211.227261 0.269642 0.908090 -0.320415 0.781808 -0.012181 0.623400 -0.562200 0.418598 0.713237
-26.943869 -42.995627 -2225.264685 -1477.634418 -0.123797 0.887973 0.442920 -0.845323 -0.328146 0.421603 -0.519714 0.322217 -0.791248
-25.945402 -42.586020 -1582.860035 416.278712 -0.177694 0.875828 0.448721 -0.867101 -0.354972 0.349473 -0.465361 0.326987 -0.822507
-21.663803 -41.411897 -2057.332337 -458.116127 -0.126027 0.915697 0.381597 -0.865139 -0.289683 0.409413 -0.485440 0.278538 -0.828712
-0.974646 -43.170048 695.644854 -2241.624056 -0.328265 -0.826886 -0.456620 0.944071 -0.271246 -0.187499 0.031184 -0.492631 0.869680
-0.250489 -45.641671 993.750741 -291.109384 -0.339219 -0.821442 -0.458436 0.934395 -0.237861 -0.265196 0.108799 -0.518320 0.848238
-2.204685 -47.192373 1192.093584 -157.290669 -0.314755 -0.828015 -0.464027 0.938668 -0.199005 -0.281601 0.140826 -0.524202 0.839869
-3.706185 -47.097882 758.193773 136.049161 -0.308933 -0.832779 -0.459391 0.943618 -0.207977 -0.257548 0.118938 -0.513054 0.850076
0.026510 -59.939350 382.762216 -3512.419553 0.288902 0.870214 0.399078 0.668640 -0.481745 0.566429 -0.685168 -0.103197 0.721037
0.689450 -58.455171 307.670513 2233.748767 0.276047 0.878859 0.389108 0.605332 -0.473432 0.639872 -0.746573 -0.058905 0.662691
0.089269 -59.124529 608.896546 2346.958155 0.276319 0.882227 0.381212 0.602575 -0.468043 0.646405 -0.748700 -0.051095 0.660937
3.883863 -26.352477 -582.351904 378.182300 0.342353 0.923890 0.170944 0.920843 -0.293784 -0.256395 -0.186660 0.245190 -0.951336
3.229540 -27.937054 338.668309 686.753656 0.443011 0.883010 0.155029 0.877482 -0.391629 -0.276862 -0.183758 0.258688 -0.948321
7.524566 -27.097750 -803.117622 1365.242121 0.350038 0.920980 0.171081 0.909212 -0.290092 -0.298630 -0.225404 0.260081 -0.938910
6.462852 -192.611732 -1897.947904 -5172.454285 0.392542 0.904991 0.164017 -0.499947 0.060273 0.863956 -0.771987 0.421139 -0.476108
5.867964 -176.335582 -1368.643675 -17541.143320 0.402517 0.899900 0.167812 -0.715820 0.195153 0.670460 -0.570598 0.389995 -0.722718
9.771909 -201.006203 -1087.356739 -15848.053509 0.419715 0.892868 0.163177 -0.592251 0.133171 0.794672 -0.687807 0.430177 -0.584696
11.111541 -177.240720 -2917.358210 -15370.557476 0.416170 0.895644 0.156923 -0.685624 0.195737 0.701146 -0.597262 0.399387 -0.695535
10.879366 -196.337902 -2097.391278 -4919.731035 0.414553 0.892559 0.177439 -0.459662 0.037095 0.887319 -0.785402 0.449403 -0.425653
9.971644 -222.887949 -1852.938629 -5010.711600 0.397243 0.897292 0.192524 -0.300375 -0.071103 0.951167 -0.867164 0.435674 -0.241279
5.947979 -304.296133 -2486.257025 10803.389002 0.506462 0.831121 0.229640 0.369930 -0.450004 0.812803 -0.778876 0.326703 0.535367
0.730180 -319.149065 -482.484909 53991.604987 0.508829 0.834151 0.212801 0.671464 -0.539256 0.508271 -0.538729 0.115735 0.834491
3.446165 -285.190004 865.865856 21051.617134 0.513154 0.835300 0.197350 0.501720 -0.478486 0.720644 -0.696383 0.270787 0.664624
7.535881 -292.597722 -2928.578891 -18158.205844 0.491402 0.843319 0.217572 0.192108 -0.348617 0.917366 -0.849481 0.408998 0.333320
12.776089 -315.090332 -3776.866189 -52941.128736 0.502902 0.834518 0.225097 -0.053130 -0.230087 0.971719 -0.862709 0.500639 0.071373
12.865375 -297.597752 -1430.325216 -18948.725218 0.559818 0.795200 0.232937 0.185995 -0.394535 0.899860 -0.807471 0.460433 0.368771
15.626217 -192.296510 2900.641388 -27256.330933 0.734393 0.605844 0.305975 -0.405890 0.030707 0.913406 -0.543986 0.794991 -0.268457
14.256726 -131.006973 739.121351 -10934.169547 0.699534 0.602197 0.384721 -0.553015 0.115237 0.825163 -0.452577 0.789987 -0.413637
11.259231 -144.625922 -32.842806 -9704.168136 0.723665 0.617478 0.308269 -0.367110 -0.033832 0.929562 -0.584413 0.785860 -0.202199
12.984618 -201.660787 3081.007901 -22313.574172 0.750923 0.604104 0.266782 -0.219506 -0.152684 0.963590 -0.622841 0.782142 -0.017950
20.998493 -249.628102 3332.416784 -23801.622139 0.728480 0.632089 0.264158 -0.149880 -0.229200 0.961771 -0.668470 0.740223 0.072230
24.208446 -210.925801 4414.026886 -29899.484915 0.707667 0.631370 0.317142 -0.411239 0.003070 0.911522 -0.574534 0.775476 -0.261817
17.859158 -160.367354 5101.321304 -22156.080363 0.703622 0.615761 0.354618 -0.548117 0.152740 0.822337 -0.452199 0.772987 -0.444981
-17.186700 -42.523430 -2279.424187 -173.013223 -0.467603 0.838902 0.278551 0.880904 0.416168 0.225416 0.073178 0.350782 -0.933593
-17.024647 -41.753424 -2304.335941 50.328712 -0.477013 0.839369 0.260612 0.870611 0.410648 0.270931 0.120392 0.356130 -0.926649
-15.001984 -40.988551 -1806.953425 -141.721018 -0.431330 0.862024 0.266212 0.899809 0.389596 0.196362 0.065554 0.324237 -0.943702
-52.876124 -81.165111 -666.304407 3808.644428 0.359827 -0.921544 0.145880 0.931703 0.346599 -0.108624 0.049540 0.175003 0.983321
-44.046305 -74.424053 783.588436 4349.563877 0.104208 -0.960616 0.257599 0.992677 0.084550 -0.086276 0.061098 0.264703 0.962392
-40.320568 -68.284873 -520.512405 5043.546346 -0.073445 -0.934180 0.349160 0.988702 -0.114075 -0.097239 0.130669 0.338074 0.932004
36.885347 -35.966249 -546.426240 911.862503 0.032527 0.996259 0.080065 0.178389 0.073034 -0.981246 0.983422 -0.046200 0.175346
38.697127 -31.404978 3762.513746 2373.687412 0.009513 0.961907 0.273211 0.321087 0.255816 -0.911845 0.947002 -0.096399 0.306422
21.152695 -10.603428 -1584.888574 -627.880558 0.073645 0.923035 0.377601 0.328862 0.334974 -0.882974 0.941502 -0.189205 0.278882
6.454808 0.766633 -5581.175365 -18573.143753 0.306044 0.878121 -0.367752 0.134318 -0.422250 -0.896473 0.942495 -0.224964 0.247174
-60.194306 -67.867658 338.850415 485.799800 -0.217983 0.902380 -0.371743 0.662511 0.416513 0.622572 -0.716632 0.110574 0.688630
-62.229419 -67.857150 -2921.452250 1256.138564 -0.441588 0.781557 -0.440645 0.516421 0.623018 0.587501 -0.733695 -0.031875 0.678730
-19.632337 -169.977796 -20325.716576 81197.647230 0.569563 0.776638 -0.269133 0.104604 -0.393259 -0.913458 0.815265 -0.492119 0.305225
-54.156570 -89.013588 -4367.841952 5931.381604 0.891374 0.059262 0.449379 -0.073423 0.997201 0.014132 -0.447283 -0.045592 0.893230
-55.532607 -93.595075 -4091.038467 452.794781 0.885541 0.130195 0.445945 -0.236003 0.952908 0.190442 -0.400150 -0.273888 0.874566
-61.570405 -94.274742 -3251.752780 2537.827772 0.929594 0.120093 0.348473 -0.168329 0.979403 0.111510 -0.327904 -0.162317 0.930662
21.515631 -47.909139 5712.811245 756.677731 -0.445461 0.895044 0.021452 0.470090 0.254221 -0.845214 0.761958 0.366425 0.533997
2.512812 -56.304696 -530.668686 -1.133993 0.106655 0.903785 -0.414485 -0.871163 0.285876 0.399187 -0.479270 -0.318508 -0.817834
1.920525 -59.851114 -828.431605 1996.056048 0.107903 0.903776 -0.414181 -0.900377 0.265480 0.344733 -0.421518 -0.335721 -0.842386
7.254456 -66.123175 -774.659776 -1246.111285 0.350579 0.875520 -0.332505 -0.252555 -0.253503 -0.933784 0.901837 -0.411341 -0.132244
3.428348 -66.219921 -2735.135666 -1677.629966 0.378046 0.851513 -0.363327 -0.351027 -0.231305 -0.907347 0.856657 -0.470557 -0.211460
8.046924 -69.564758 -317.680777 2766.573512 0.347053 0.887878 -0.302039 -0.141576 -0.268766 -0.952744 0.927098 -0.373415 -0.032426
8.664014 -67.394975 -1004.532212 -2797.570453 0.351435 0.872106 -0.340476 -0.375783 -0.201690 -0.904493 0.857485 -0.445816 -0.256842
11.200234 -68.532944 -316.954518 -1878.942164 0.340240 0.884004 -0.320583 -0.339884 -0.202262 -0.918460 0.876764 -0.421458 -0.231641
11.810911 -69.770694 -1491.128603 1407.221301 0.347787 0.888123 -0.300468 -0.214237 -0.236717 -0.947664 0.912769 -0.393957 -0.107942
-1.179692 -96.211654 -140.045601 -9892.538477 0.010145 0.912435 0.409096 0.856517 -0.219052 0.467327 -0.516018 -0.345657 0.783739
-0.957006 -85.173092 420.508193 -9959.986465 0.000848 0.918396 0.395661 0.817877 -0.228298 0.528164 -0.575393 -0.323154 0.751329
-0.609216 -74.236072 -552.575407 -9855.002968 -0.015430 0.917293 0.397914 0.749257 -0.252914 0.612085 -0.662099 -0.307584 0.683386
-0.052065 -64.852608 439.763552 -9989.457365 -0.015169 0.924047 0.381977 0.698680 -0.263485 0.665148 -0.715274 -0.276969 0.641616
-0.392953 -81.269823 -644.083672 -10014.838665 0.001010 0.911368 0.411590 0.770260 -0.263192 0.580887 -0.637729 -0.316445 0.702256
-0.239172 -65.090868 -1048.417487 -6311.150923 -0.035720 0.922440 0.384485 0.667010 -0.264491 0.696522 -0.744192 -0.281335 0.605829
0.025392 -62.358472 -165.420543 -8668.991635 -0.031359 0.925739 0.376860 0.662284 -0.263149 0.701522 -0.748597 -0.271587 0.604850
-1.750148 -137.555040 867.435887 452.391009 0.209299 0.945965 0.247678 -0.612368 0.324268 -0.721010 0.762364 0.000763 -0.647148
0.280858 -134.795004 1621.305108 -6419.713491 0.739170 -0.318074 0.593680 0.669342 0.248897 -0.700023 -0.074893 -0.914811 -0.396878
-0.281483 -128.601722 1332.337230 -7614.761994 0.730585 -0.325359 0.600323 0.652170 0.072034 -0.754642 -0.202286 -0.942843 -0.264817
-2.266929 -130.286605 1211.087989 -9423.904744 0.732098 -0.324832 0.598762 0.622266 -0.038729 -0.781847 -0.277159 -0.944978 -0.173779
-3.975411 -132.843463 1628.112033 -11206.932595 0.736046 -0.318968 0.597073 0.645321 0.064237 -0.761206 -0.204446 -0.945586 -0.253118
7.646562 -36.414667 -3063.758008 -1611.624059 0.977782 -0.070906 0.197270 -0.044279 0.849963 0.524978 0.204897 0.522048 -0.827939
-0.332412 -42.187776 -1538.459234 -3800.169179 0.976437 -0.157885 0.147115 0.058375 0.849538 0.524288 0.207757 0.503347 -0.838737
3.757378 -38.871039 -3337.777759 -3993.392641 0.981035 -0.097039 0.167792 0.001958 0.870573 0.492035 0.193822 0.482375 -0.854253
-4.540409 -46.054694 -1145.993095 -1069.195808 0.970252 -0.202987 0.131933 0.082806 0.790350 0.607034 0.227494 0.578051 -0.783647
-4.174767 -61.277701 274.239467 -8701.736503 0.078784 0.980394 -0.180611 0.143155 0.168170 0.975308 -0.986560 0.102694 0.127100
-3.256468 -51.120652 -414.043419 -3987.812080 0.063952 0.984265 -0.164721 0.090339 0.158672 0.983190 -0.993856 0.077758 0.078770
-3.732119 -63.507199 -1723.750946 -7779.243634 0.051515 0.983093 -0.175710 0.176163 0.164239 0.970563 -0.983012 0.080952 0.164724
-17.790000 -84.987614 -339.715503 411.033529 -0.720449 0.518510 -0.460544 -0.076979 0.600185 0.796148 0.689223 0.609036 -0.392488
-16.269521 -87.233998 -341.251202 912.615954 -0.700055 0.513441 -0.496288 0.000034 0.695019 0.718992 0.714089 0.503317 -0.486569
-17.869721 -83.236585 -184.663500 244.886209 -0.728936 0.478625 -0.489459 0.017352 0.727663 0.685715 0.684361 0.491350 -0.538725
-14.592045 -83.183729 -411.034465 -1882.996514 -0.708119 0.481627 -0.516336 0.113401 0.799338 0.590083 0.696927 0.359296 -0.620644
-18.430952 -81.299025 -550.337249 -892.349459 -0.746565 0.483389 -0.457139 -0.043897 0.649818 0.758821 0.663863 0.586576 -0.463912
-18.168930 -78.125997 457.660012 -316.915888 -0.764616 0.422930 -0.486306 0.021723 0.771047 0.636408 0.644120 0.476044 -0.598742
-16.363341 -79.558963 194.124385 -1187.513708 -0.738840 0.437157 -0.512844 0.091944 0.819309 0.565932 0.667579 0.370980 -0.645533
-16.355997 -90.248348 -246.827979 -925.511992 0.019829 0.941894 0.335324 -0.283229 0.326942 -0.901604 0.958847 0.077095 -0.273255
