16186
32357
-43.294789 -62.511044 1369.619313 8079.217527 -0.006026 -0.990125 0.140058 0.997339 -0.016127 -0.071091 0.072648 0.139257 0.987588
-42.377190 -67.536868 2285.750871 7024.456355 -0.173417 -0.969700 0.172069 0.984847 -0.170478 0.031830 -0.001532 0.174982 0.984571
-51.334761 -77.685272 1462.843753 4621.665218 0.119503 -0.979495 0.162196 0.983088 0.139574 0.118561 -0.138768 0.145285 0.979610
-39.968818 -57.452043 -141.285476 7599.506170 -0.409068 -0.875803 0.256188 0.906473 -0.422246 0.003924 0.104738 0.233833 0.966619
-33.632888 -88.986001 2863.004419 13059.314520 0.297175 -0.948456 0.110083 0.954778 0.294062 -0.043888 0.009254 0.118147 0.992953
-33.418598 -56.319107 -3483.453563 8746.717641 -0.107657 0.990973 -0.079886 0.977338 0.090759 -0.191240 0.182263 0.098664 0.978287
-36.097472 -46.316909 -1614.740131 3172.714332 -0.649131 -0.709624 0.273976 0.737240 -0.675624 -0.003187 0.187366 0.199917 0.961731
24.246098 -36.181326 -23826.060698 -6720.016101 0.617172 0.137922 -0.774646 0.225566 0.912180 0.342121 0.753803 -0.385881 0.531862
-13.139999 -32.862464 -12262.857970 -8109.080330 0.516432 0.172987 -0.838673 0.300701 0.880381 0.366753 0.801796 -0.441593 0.402640
-21.773720 -38.463127 -11836.274004 -1088.757887 0.565703 0.417446 -0.711139 0.061395 0.838680 0.541153 0.822320 -0.349792 0.448815
7.216812 -39.764492 -35615.592405 2626.870579 0.614990 0.230016 -0.754242 0.078725 0.933821 0.348971 0.784596 -0.273991 0.556182
-29.894464 -39.014528 -7364.427055 1594.623013 0.502060 0.582091 -0.639613 -0.105220 0.775199 0.622892 0.858408 -0.245430 0.450444
15.864814 -77.817257 -3119.087012 3102.711174 0.570615 0.821211 0.003326 0.808365 -0.562393 0.173957 -0.144726 0.096573 0.984748
9.753534 -79.024588 -2147.486019 -304.438551 0.627474 0.777395 0.043963 0.747894 -0.617446 0.243752 -0.216636 0.120069 0.968841
8.867971 -75.533150 -2757.792474 -1256.584441 0.588030 0.808779 0.009871 0.758305 -0.555497 0.341170 -0.281414 0.193133 0.939950
12.662085 -71.961216 -1595.636814 -2211.029210 0.541879 0.839192 -0.046078 0.787172 -0.487550 0.377698 -0.294495 0.240938 0.924782
6.003267 -68.241504 -3012.509079 -5618.433154 0.569716 0.821840 -0.001747 0.715731 -0.495112 0.492538 -0.403923 0.281857 0.870289
21.038347 4.897202 12643.050444 -4904.969368 -0.406158 -0.481112 -0.776896 0.004460 0.849125 -0.528173 0.913792 -0.217987 -0.342733
10.275711 -7.853576 -2876.528179 4798.935549 0.103951 0.979161 -0.174462 -0.306991 -0.135259 -0.942052 0.946018 -0.151486 -0.286533
29.697946 13.261616 16395.360508 -1956.560170 -0.419149 -0.406142 -0.812012 -0.012096 0.896786 -0.442300 0.907837 -0.175567 -0.380800
57.962254 9.387697 21119.939156 -3335.399289 -0.404713 -0.476136 -0.780706 -0.005638 0.855033 -0.518544 0.914426 -0.205460 -0.348727
36.875886 -2.269381 15979.418465 -5986.452664 -0.396698 -0.602647 -0.692421 -0.019008 0.759544 -0.650178 0.917752 -0.244763 -0.312765
294.156316 -36.321202 -78985.295104 1274.624888 -0.013413 0.642817 -0.765902 -0.554412 0.632668 0.540703 -0.832135 -0.431877 -0.347899
291.500349 -42.251295 53034.432854 298.245455 0.283028 0.764370 -0.579339 -0.545750 0.625063 0.558080 -0.788703 -0.158222 -0.594065
293.109676 -38.692869 105594.753161 593.508014 0.222826 -0.590614 0.775579 -0.460238 0.637604 0.617772 -0.859377 -0.494607 -0.129749
274.461423 -29.364748 127304.654272 4786.092965 0.415305 -0.444603 0.793631 -0.477590 0.635955 0.606192 -0.774229 -0.630785 0.051778
256.019039 -44.959842 -88035.311614 -1805.288170 -0.229529 0.639206 -0.733984 -0.388505 0.631266 0.671243 -0.892401 -0.439226 -0.103441
221.153027 -44.304774 120392.075190 -553.021677 0.491643 -0.460840 0.738859 -0.427446 0.611513 0.665839 -0.758668 -0.643178 0.103662
179.402778 -25.284673 101491.114460 713.027592 0.483038 -0.460696 0.744603 -0.446761 0.601691 0.662097 -0.753046 -0.652477 0.084819
1.786173 -63.568777 139.353667 1707.548671 0.396903 0.915098 -0.071165 0.888511 -0.363605 0.279892 -0.230253 0.174321 0.957390
0.767247 -69.301174 343.906567 2901.856879 0.363901 0.927294 -0.087758 0.842134 -0.287291 0.456370 -0.397977 0.239978 0.885452
0.846100 -66.989800 504.758599 1876.443211 0.371062 0.924431 -0.087982 0.893989 -0.329992 0.303132 -0.251192 0.191136 0.948878
2.938969 -65.637891 107.229074 -399.518724 -0.424521 -0.902821 0.068532 0.900704 -0.413386 0.133587 -0.092275 0.118437 0.988665
2.637858 -61.680967 210.795103 -520.989780 -0.453152 -0.889708 0.055442 0.887964 -0.445032 0.116049 -0.078576 0.101818 0.991695
3.369258 -107.742983 2044.208025 3361.944001 -0.430123 0.892040 -0.138774 0.571132 0.387928 0.723409 -0.699145 -0.231896 0.676329
7.037908 -109.262975 2880.495068 -1688.354929 -0.412155 0.900504 -0.138637 0.337699 0.292309 0.894715 -0.846220 -0.321943 0.424576
0.572118 -108.495631 1427.779981 1856.371729 -0.426041 0.899670 -0.095303 0.518207 0.329024 0.789433 -0.741586 -0.286944 0.606393
-1.717384 -103.526328 1227.508313 5577.274705 -0.433064 0.896579 -0.092747 0.711137 0.403080 0.576030 -0.553841 -0.183502 0.812150
-3.957840 -110.226059 312.245852 3059.371776 -0.433580 0.899395 -0.055660 0.567311 0.320436 0.758603 -0.700119 -0.297338 0.649171
-2.216198 -109.022826 254.965991 -3426.008860 -0.435300 0.898041 -0.063530 0.320443 0.220497 0.921247 -0.841326 -0.380661 0.383754
-14.309058 -44.661166 -2634.031006 3820.011336 0.208903 -0.421792 0.882299 0.437933 0.847034 0.301244 -0.874400 0.323457 0.361665
-8.768953 -46.491798 -3545.089058 4059.704088 0.227265 -0.324632 0.918131 0.352756 0.906216 0.233101 -0.907697 0.270901 0.320467
-18.265219 -56.327584 -3726.143757 5687.213304 0.270739 -0.287483 0.918724 0.316360 0.927930 0.197135 -0.909185 0.237275 0.342175
-23.409036 -52.836490 -3482.012198 5823.693840 0.286850 -0.334635 0.897628 0.395551 0.894774 0.207167 -0.872500 0.295632 0.389031
-28.613168 -66.405921 -4339.897737 7916.782431 0.338203 -0.194348 0.920786 0.253326 0.961128 0.109816 -0.906336 0.196119 0.374290
-22.519337 -70.274849 -5256.680152 7064.064574 0.301003 -0.165647 0.939126 0.163299 0.979205 0.120376 -0.939538 0.117125 0.321793
5.642987 -84.396067 -67.033799 1371.132130 0.752865 -0.172042 0.635292 -0.467198 -0.819566 0.331718 -0.463594 0.546547 0.697400
5.059947 -89.011863 1080.562105 1494.921242 0.736767 -0.194721 0.647501 -0.507931 -0.791486 0.339935 -0.446296 0.579339 0.682046
2.861870 -89.192502 767.231292 4013.820406 0.734414 -0.207209 0.646297 -0.568107 -0.708686 0.418353 -0.371335 0.674410 0.638186
2.390306 -85.768311 495.523980 4067.324835 0.756744 -0.190668 0.625287 -0.534790 -0.730661 0.424422 -0.375949 0.655577 0.654891
79.444649 -43.043084 25896.873497 4787.421172 -0.004282 0.990875 0.134719 0.857062 -0.065771 0.510999 -0.515196 -0.117651 0.848959
75.373419 -43.406502 22693.199707 2182.370284 0.038565 0.986198 0.161016 0.801927 -0.126682 0.583837 -0.596177 -0.106607 0.795744
48.863616 -35.984577 21343.220949 3673.840049 0.041695 0.995630 0.083564 0.857244 -0.078610 0.508874 -0.513220 -0.050417 0.856775
14.603433 -34.200138 1751.738070 -2040.748490 -0.222526 0.964695 -0.140876 0.899766 0.258851 0.351309 -0.375372 0.048580 0.925600
10.574931 -41.021173 5055.286441 -1750.773505 -0.168635 0.971262 -0.167963 0.931291 0.212821 0.295643 -0.322893 0.106567 0.940417
15.396088 -39.886782 1208.859695 -2170.990195 -0.173306 0.978382 -0.112848 0.940793 0.198354 0.274889 -0.291330 0.058526 0.954831
15.733922 -33.633030 -1486.849498 -2247.330571 -0.215393 0.973576 -0.075865 0.914625 0.228350 0.333642 -0.342149 -0.002476 0.939642
13.815174 -27.678572 -1477.231589 -2155.771211 -0.256469 0.961797 -0.095759 0.876851 0.273204 0.395590 -0.406639 -0.017490 0.913421
4.550681 -167.458210 1000.170163 6171.209599 0.798736 0.006459 0.601647 -0.347970 -0.810798 0.470663 -0.490854 0.585291 0.645366
4.610486 -155.588543 586.216792 -11061.490510 0.806662 0.040052 0.589655 0.213094 0.910883 -0.353389 -0.551260 0.410717 0.726239
5.748623 -175.383761 41.933824 7096.607851 0.792283 0.029813 0.609426 -0.308602 -0.842054 0.442390 -0.526359 0.538568 0.657945
5.772508 -187.235223 -340.558877 7521.883508 0.779526 0.007350 0.626326 -0.436908 -0.710131 0.552110 -0.448832 0.704031 0.550355
5.248089 -177.888796 1149.083047 8884.844997 0.783813 -0.026412 0.620436 -0.471659 -0.675218 0.567115 -0.403951 0.737146 0.541701
5.772203 -200.397290 1765.665175 4011.323798 0.722648 -0.073970 0.687247 -0.688903 0.004195 0.724841 0.056499 0.997252 0.047927
4.756256 -195.015222 101.306883 -16034.627161 0.713187 -0.034737 0.700113 -0.664950 0.282538 0.691386 0.221825 0.958627 -0.178404
5.793708 -189.378419 982.148559 -14311.665786 0.710406 -0.060881 0.701154 -0.649393 0.327358 0.686386 0.271316 0.942937 -0.193022
1.277084 -39.198366 -343.877054 7044.314470 -0.341199 0.932595 0.117681 0.313324 -0.005198 0.949632 -0.886234 -0.360886 0.290431
6.480285 -25.548855 -2317.443610 6617.170796 -0.352765 0.922935 0.154103 0.388614 -0.005308 0.921385 -0.851197 -0.384919 0.356793
-3.088354 -36.577356 -4354.077297 4989.257106 -0.306217 0.915597 0.260602 0.351371 -0.145715 0.924827 -0.884743 -0.374766 0.277093
-6.033730 -44.132900 -3563.397972 2924.792717 -0.329946 0.928780 0.168831 0.231534 -0.093762 0.968298 -0.915165 -0.358576 0.184108
-17.855531 -41.450851 -5364.005288 1718.623709 -0.264723 0.897088 0.353772 0.281907 -0.278842 0.918028 -0.922199 -0.342753 0.179079
-15.770649 -37.579030 -5425.339177 3406.153774 -0.199864 0.842205 0.500745 0.398501 -0.397010 0.826789 -0.895126 -0.364793 0.256272
34.970000 -45.007250 -13067.705799 4006.231785 -0.334197 -0.200954 -0.920831 -0.307692 0.946738 -0.094937 0.890864 0.251604 -0.378229
35.656136 -43.516670 -19487.805504 -1640.069629 -0.338583 -0.143492 -0.929931 -0.325954 0.944996 -0.027139 0.882675 0.293926 -0.366732
44.322543 -48.468630 -11106.561881 5482.259193 -0.394000 -0.214063 -0.893835 -0.317974 0.944194 -0.085961 0.862355 0.250348 -0.440080
22.637638 -42.249714 -16238.586344 -2823.190677 -0.303588 -0.137241 -0.942868 -0.310946 0.949663 -0.038111 0.900637 0.281611 -0.330980
41.036648 -49.951995 -9902.060331 10441.210122 -0.372169 -0.260990 -0.890716 -0.307619 0.940097 -0.146926 0.875706 0.219320 -0.430161
29.459977 -46.556823 -6991.245120 5012.429769 -0.342986 -0.263263 -0.901695 -0.275011 0.946005 -0.171591 0.898181 0.189123 -0.396867
2.309626 -189.564054 625.821464 -35839.757698 0.771232 0.192863 0.606635 0.546118 -0.690091 -0.474900 -0.327043 -0.697552 0.637546
4.278331 -159.202129 865.498545 -30199.151703 0.780317 0.188380 0.596337 0.456789 -0.822966 -0.337746 -0.427140 -0.535949 0.728224
3.916157 -177.751622 240.646391 -29835.277154 0.784631 0.183048 0.592324 0.514669 -0.724990 -0.457717 -0.345645 -0.663990 0.663059
3.263385 -172.624679 -264.359588 -31269.699824 0.752198 0.203190 0.626827 0.506562 -0.786688 -0.352869 -0.421418 -0.582954 0.694674
1.728933 -206.770140 668.025883 -32187.178001 0.779615 0.187444 0.597550 0.586287 -0.553873 -0.591178 -0.220154 -0.811227 0.541704
-0.782046 -218.782271 690.183243 -26013.896154 0.763324 0.200521 0.614107 0.623257 -0.478685 -0.618395 -0.169962 -0.854782 0.490368
0.323604 -204.940828 -376.191253 -33874.450750 0.751168 0.205155 0.627421 0.590212 -0.634404 -0.499182 -0.295629 -0.745281 0.597629
44.716209 -465.009057 -6837.454795 24439.033240 -0.732105 0.110389 -0.672188 0.342964 0.912321 -0.223710 0.588556 -0.394316 -0.705774
19.189443 -389.514778 -2387.580182 50233.345750 -0.729076 0.148642 -0.668097 0.071259 0.987313 0.141900 0.680713 0.055848 -0.730418
44.346151 -442.866188 880.471854 27747.530443 -0.749133 0.204134 -0.630182 0.358293 0.925029 -0.126279 0.557159 -0.320390 -0.766110
-338.212558 -2534.077808 -72245.363183 -5009843.391773 0.900682 0.083488 0.426382 0.422206 -0.399779 -0.813584 -0.102534 -0.912801 0.395323
56458.353425 15679.897926 147004925.995454 -10096178.108401 0.644284 0.356383 -0.676675 -0.489354 -0.487850 -0.722866 0.587733 -0.796865 0.139917
5907.037524 -4466.833309 -15929622.058085 -19450724.938826 -0.510028 -0.797722 -0.321732 0.667634 -0.131298 -0.732821 0.542344 -0.588558 0.599552
12.308831 -59.139381 -4514.962392 -2286.403092 0.282926 -0.011670 0.959071 -0.114343 0.992385 0.045807 -0.952302 -0.122623 0.279437
23.278378 -54.222461 -3990.635940 -3962.722386 0.321517 -0.019003 0.946713 -0.128104 0.989734 0.063372 -0.938199 -0.141653 0.315782
15.431294 -43.856120 -3195.800715 -7193.664335 0.291341 0.069474 0.954093 -0.280201 0.959813 0.015671 -0.914663 -0.271903 0.299099
25.568132 -48.012004 -2371.306986 -5132.872633 0.371760 -0.027022 0.927936 -0.157188 0.983311 0.091609 -0.914924 -0.179917 0.361308
14.613852 -14.273460 -450.498108 -8635.644446 0.218844 0.305297 0.926769 -0.440413 0.878447 -0.185381 -0.870715 -0.367592 0.326699
10.810695 -25.895377 -2490.790243 -6079.457757 0.146797 0.355583 0.923045 -0.462349 0.849610 -0.253764 -0.874462 -0.389517 0.289123
19.730320 -29.235554 -1676.576209 -8831.293997 0.375912 0.007054 0.926628 -0.276863 0.955151 0.105046 -0.884329 -0.296037 0.361006
-4.697486 -46.666975 -3798.125232 189.197440 0.294547 -0.880136 0.372295 0.842313 0.055092 -0.536166 0.451389 0.471514 0.757577
-3.745164 -46.046584 3933.045168 121.721847 -0.321736 0.878452 -0.353281 0.770376 0.025950 -0.637061 0.550460 0.477125 0.685088
3.884669 -47.566353 3257.265353 138.652193 -0.294514 0.884283 -0.362360 0.831939 0.050658 -0.552549 0.470254 0.464195 0.750589
-11.505977 -45.021057 4417.238396 183.563065 -0.319900 0.881971 -0.346110 0.777534 0.035642 -0.627830 0.541391 0.469955 0.697164
2.681838 -47.954148 -2863.930910 422.306640 0.270380 -0.886933 0.374493 0.892438 0.084968 -0.443098 0.361178 0.454016 0.814506
-5.215296 -47.064455 -3493.480634 246.565517 0.261654 -0.884564 0.386113 0.903519 0.083811 -0.420273 0.339398 0.458827 0.821150
-11.921462 -45.782064 -4547.536753 193.836828 0.283495 -0.884262 0.371094 0.852399 0.055060 -0.519985 0.439371 0.463733 0.769353
-6.037053 -32.389706 -1169.730124 234.050596 -0.068286 0.997391 -0.023408 0.810129 0.041741 -0.584763 0.582261 0.058895 0.810866
-8.121087 -34.636319 -965.439791 157.839681 -0.158849 0.987280 0.006673 0.798129 0.132388 -0.587761 0.581169 0.088039 0.809007
-3.634513 -33.503924 -1490.375926 416.432653 -0.024750 0.998536 -0.048101 0.865038 -0.002726 -0.501699 0.501096 0.054026 0.863704
15.643523 -147.688357 38949.816071 6990.527806 0.736149 -0.348485 -0.580209 -0.618359 0.002232 -0.785893 -0.275167 -0.937312 0.213845
-14.124712 -134.561241 41993.339877 15399.828756 0.755729 -0.293908 -0.585228 -0.534573 0.239349 -0.810521 -0.378292 -0.925381 -0.023767
64.304061 -150.220527 25271.732126 24222.046686 0.714417 -0.456570 -0.530238 -0.503347 0.191057 -0.842698 -0.486056 -0.868931 0.093319
-996.394878 -8397.034172 930371.046153 -9655454.661006 0.849700 0.280541 -0.446437 0.208323 0.599188 0.773030 -0.484366 0.749847 -0.450687
-1148.874383 -2866.362586 669097.646696 -349127.053760 0.852477 0.224742 -0.471990 0.449722 0.145030 0.881315 -0.266522 0.963565 -0.022563
-265.419594 -4615.964369 160149.282264 -1801646.468544 0.829218 0.281520 -0.482850 0.235817 0.607019 0.758893 -0.506742 0.743152 -0.436964
-2014.411108 -2907.592326 1392157.992412 588906.262959 0.833180 0.279519 -0.477158 0.453985 0.146960 0.878806 -0.315767 0.948826 0.004453
-641.772085 -7304.345983 -464815.786632 3497910.334028 -0.765650 0.066634 0.639796 0.274461 0.933381 0.231239 -0.581765 0.352647 -0.732932
-3264.599664 -7905.791107 -2230927.601891 10714226.064127 -0.295605 0.118757 0.947900 0.748030 0.645942 0.152349 -0.594196 0.754093 -0.279778
-3674.292168 -19492.525851 -2211418.233389 24307921.666939 -0.430188 0.277076 0.859166 0.470757 0.880935 -0.048386 -0.770276 0.383644 -0.509404
-851.711491 -3163.993679 -645855.619811 2198624.490962 -0.725819 -0.076196 0.683652 0.080631 0.977571 0.194558 -0.683144 0.196337 -0.703396
15.505466 -132.508848 -1696.597495 -15974.796498 0.952373 -0.029880 -0.303467 -0.273060 0.359411 -0.892335 -0.135732 -0.932701 -0.334134
14.591106 -141.727079 -351.003838 -17555.442904 0.949020 0.037386 -0.312991 -0.296483 0.443068 -0.846043 -0.107046 -0.895708 -0.431564
8.814883 -146.703706 -728.059033 -5239.747610 0.956545 -0.015540 -0.291169 -0.221728 0.609732 -0.760962 -0.189360 -0.792455 -0.579791
6.683136 -154.547370 -3184.563125 -7011.264956 0.951377 -0.108508 -0.288284 -0.187692 0.537877 -0.821864 -0.244240 -0.836011 -0.491358
-1.217488 -141.414916 190.034900 12406.900956 0.962990 -0.066614 -0.261174 -0.118355 0.766060 -0.631779 -0.242160 -0.639308 -0.729824
-2.276133 -21.755980 -3160.407392 2285.447795 -0.199445 0.979791 -0.015201 0.841184 0.179146 0.510212 -0.502624 -0.088972 0.859914
-7.741506 -26.034434 -2251.753115 3693.094878 -0.051010 0.995348 0.081734 0.829601 -0.003333 0.558347 -0.556022 -0.096288 0.825571
1.461983 -20.348450 -3186.660843 1625.130027 -0.343625 0.931169 -0.121848 0.778443 0.355007 0.517684 -0.525308 -0.083037 0.846851
-39.800234 -60.522560 -16567.544661 38583.408720 0.082956 0.591110 0.802313 0.102923 0.795701 -0.596881 -0.991224 0.132092 0.005170
14.474924 -28.473844 20914.692135 25540.274589 0.241286 -0.124991 0.962371 0.236245 0.969403 0.066673 -0.941259 0.211268 0.263432
-8.173853 -40.264917 19235.007349 5621.851571 0.258890 -0.099321 0.960787 0.126145 0.989657 0.068315 -0.957634 0.103512 0.268741
0.572657 -33.376411 15553.974833 25106.844142 0.037545 0.878973 -0.475390 0.327709 0.438587 0.836808 -0.944032 0.187208 0.271581
-17.115935 -63.909082 5164.071870 8535.534673 0.090330 0.591305 0.801373 -0.111109 0.805623 -0.581916 -0.989695 -0.036476 0.138471
-20.914643 -54.052894 6247.156940 21629.855103 -0.014969 0.875145 -0.483630 0.216786 0.475019 0.852854 -0.976104 0.092078 0.196830
25.845806 -98.656359 -38265.161059 -31125.269528 -0.207852 0.974985 0.078751 0.367203 0.003153 0.930135 -0.906620 -0.222249 0.358673
95.460029 -99.333566 -62835.206379 -34641.400617 -0.416363 0.909112 0.012534 0.280475 0.115317 0.952909 -0.864856 -0.400271 0.302997
262.740438 -503.770250 -124946.538763 -235797.320497 -0.098278 0.983169 0.154015 0.092814 -0.145035 0.985064 -0.990821 -0.111105 0.076998
31.389707 -48.135678 6077.736712 1730.135873 -0.237321 0.867640 0.436897 -0.905347 -0.360592 0.224323 -0.352173 0.342307 -0.871091
38.719049 -48.823079 205.375818 2531.392644 -0.269580 0.895911 0.353088 -0.898062 -0.366241 0.243622 -0.347579 0.251419 -0.903315
38.120268 -52.603219 94.432212 -1402.983314 -0.284516 0.892568 0.349818 0.934316 0.339896 -0.107351 -0.214720 0.296298 -0.930647
29.448639 -51.034128 6046.175131 -1304.878433 -0.263314 0.855875 0.445133 0.935823 0.338682 -0.097623 -0.234312 0.390860 -0.890127
34.697089 -50.146564 -5244.476864 2315.068815 -0.313230 0.917418 0.245419 0.925952 0.237628 0.293507 0.210950 0.319182 -0.923917
28.884189 -46.732095 -6753.590448 -2326.810285 -0.287723 0.936958 0.198307 -0.907299 -0.200373 -0.369675 0.306635 0.286288 -0.907753
35.423653 -45.152647 -4855.978658 2596.542199 -0.311601 0.916593 0.250525 0.894590 0.194100 0.402535 0.320334 0.349547 -0.880456
0.853574 -49.343359 -128.049120 -820.996553 0.463337 0.884472 -0.055029 0.885906 -0.463850 0.003826 -0.022141 -0.050523 -0.998477
2.873668 -51.833299 -511.647938 755.117268 0.451239 0.890583 -0.056973 -0.880749 0.434154 -0.189186 0.143751 -0.135547 -0.980287
1.382587 -49.166768 -414.092409 -843.980582 0.432666 0.899810 -0.056052 0.901111 -0.433566 -0.004392 -0.028254 -0.048609 -0.998418
59.104897 -82.874088 -1348.913697 -2437.092702 -0.236534 0.958060 0.161780 -0.802204 -0.098622 -0.588848 0.548197 0.269063 -0.791887
62.162274 -80.394063 -5204.482337 -449.470516 -0.066064 0.990443 0.121067 -0.790347 0.022122 -0.612259 0.609087 0.136133 -0.781333
78.152175 -82.090192 -2486.310747 5251.016475 -0.200095 0.966147 0.162858 -0.731953 -0.036908 -0.680354 0.651311 0.255340 -0.714559
43.919849 -86.538839 -5153.802398 -7901.129116 -0.106056 0.989078 0.102352 -0.864272 -0.040790 -0.501369 0.491718 0.141633 -0.859158
65.746996 -81.869648 5810.446147 1341.655105 -0.367515 0.904120 0.217947 -0.722732 -0.130161 -0.678761 0.585313 0.406972 -0.701273
37.718068 -94.486653 -1104.307102 -9661.040674 -0.279854 0.949123 0.144387 -0.864662 -0.183830 -0.467510 0.417182 0.255681 -0.872116
47.275207 -89.547382 5893.618925 -6433.684690 -0.402709 0.889793 0.214697 -0.783628 -0.213933 -0.583232 0.473025 0.403115 -0.783419
-8.717086 -91.592556 -537.539500 -1539.241400 -0.549526 0.835227 -0.020454 -0.823073 -0.537002 0.184876 -0.143430 -0.118429 -0.982549
-8.016497 -91.590616 -648.644601 168.975707 -0.513777 0.855620 -0.062829 -0.856386 -0.515862 -0.022120 0.051337 -0.042441 -0.997779
-6.857630 -93.716145 -439.992201 2284.967578 -0.530948 0.845739 -0.053102 0.837161 0.513786 -0.187577 -0.131358 -0.144049 -0.980813
-7.049989 -100.513149 -409.016110 -4887.908947 -0.562341 0.826805 -0.012878 -0.760249 -0.510822 0.401350 -0.325260 -0.235486 -0.915834
-8.259054 -97.990116 -401.700351 -3926.693893 -0.575909 0.817195 0.022827 -0.745537 -0.536456 0.395461 -0.335415 -0.210731 -0.918199
-16.053357 -81.262682 565.985172 -3001.940395 -0.683826 0.724162 0.089281 -0.221587 -0.089529 -0.971022 0.695184 0.683794 -0.221687
-15.791478 -78.935625 549.901077 -1156.385856 -0.681316 0.727272 0.082972 -0.098971 0.020785 -0.994873 0.725268 0.686035 -0.057817
-17.769141 -83.201114 71.251905 -2902.000960 -0.638963 0.766294 0.067229 -0.223477 -0.101293 -0.969432 0.736060 0.634455 -0.235972
-17.651855 -87.464802 126.353912 -2847.022162 -0.641134 0.764252 0.069761 -0.361855 -0.220891 -0.905686 0.676763 0.605909 -0.418169
-17.202088 -88.215230 -152.355004 -1961.225246 -0.589429 0.806365 0.048466 -0.381181 -0.224732 -0.896770 0.712232 0.547057 -0.439835
-17.397278 -84.547573 -328.390986 -2937.828053 -0.584084 0.810447 0.044953 -0.226656 -0.109670 -0.967781 0.779405 0.575454 -0.247750
213.870424 -39.418831 -75191.247792 -702.064646 -0.292815 0.605514 0.740008 -0.370777 0.641469 -0.671597 -0.881353 -0.471032 0.036679
175.388260 -39.117498 -51620.701503 -2057.130163 -0.324195 0.662439 0.675332 0.173696 -0.660068 0.730849 -0.929907 -0.354240 -0.098928
227.692519 -42.551546 -24888.294902 352.338602 -0.007295 0.734803 0.678242 0.339375 -0.636184 0.692888 -0.940623 -0.235233 0.244733
-0.859579 -63.289634 145.671126 2498.136400 0.237435 0.954027 0.182912 0.579570 -0.290238 0.761485 -0.779566 0.074793 0.621839
1.003582 -56.929514 386.244734 1880.012052 0.270467 0.937853 0.217437 0.694532 -0.346482 0.630535 -0.666688 0.019522 0.745081
0.189108 -60.121837 343.114254 2249.312344 0.256533 0.946146 0.197482 0.557547 -0.311758 0.769382 -0.789514 0.087266 0.607497
24.797663 -108.057444 8936.816369 2975.346973 0.992717 0.070503 0.097680 -0.010264 -0.758397 0.651712 -0.120028 0.647969 0.752150
25.099663 -107.322050 8774.051874 1378.210258 0.994231 0.058410 0.089963 0.008832 -0.880455 0.474047 -0.106898 0.470517 0.875892
35.505903 -105.265326 9790.458386 3584.296356 0.989134 0.051752 0.137606 -0.040984 -0.801818 0.596161 -0.141187 0.595323 0.790985
29.854506 -110.400898 9969.098427 1881.096124 0.990569 0.050763 0.127261 -0.065779 -0.638586 0.766734 -0.120189 0.767874 0.629225
9.610451 -39.863465 4308.691926 2333.924497 0.741752 -0.659427 0.122311 0.670523 0.725283 -0.156087 -0.014218 -0.197791 -0.980141
15.940408 -38.860933 -5367.810879 4064.692945 -0.688452 0.712454 -0.135806 0.724404 0.666248 -0.177067 -0.035671 -0.220280 -0.974784
13.033046 -42.683451 2710.410568 3191.046360 0.736456 -0.665186 0.123123 0.673561 0.704121 -0.224788 -0.062833 -0.248477 -0.966598
3.054343 -45.212452 400.982615 739.951991 0.827324 -0.553755 0.094284 0.561001 0.806022 -0.188695 -0.028496 -0.209005 -0.977499
0.305317 -40.606958 2272.369536 -571.199241 0.843816 -0.527681 0.097606 0.536319 0.835469 -0.119807 0.018327 -0.153443 -0.987988
4.514221 -233.671459 1863.278433 -14076.898801 0.984620 -0.030226 0.172074 -0.165040 -0.484022 0.859351 -0.057313 0.874534 0.481566
5.623478 -244.995859 2091.420706 -7212.155579 0.981702 -0.047048 0.184522 -0.165768 -0.688030 0.706495 -0.093717 0.724155 0.683240
5.325231 -246.390765 -338.274252 -20008.629130 0.977138 -0.015594 0.212035 -0.185075 -0.553231 0.812208 -0.104639 0.832882 0.543469
-15.216594 -46.041403 689.956417 1012.898160 -0.359790 0.930627 -0.066972 -0.758987 -0.333668 -0.559111 0.542670 0.150331 -0.826384
-12.586881 -44.120658 221.286448 133.982623 -0.322474 0.946099 -0.030125 -0.836657 -0.299768 -0.458415 0.442737 0.122622 -0.888227
-14.514444 -49.141931 -1181.640093 1975.079530 -0.427835 0.896859 -0.112258 -0.725927 -0.414948 -0.548496 0.538504 0.153174 -0.828584
-15.667362 -44.636823 2356.886197 -242.511554 -0.294283 0.955656 -0.010895 -0.800500 -0.252700 -0.543454 0.522108 0.151208 -0.839368
-16.767777 -50.375914 -317.248051 3270.952915 -0.435165 0.889400 -0.139992 -0.661836 -0.421410 -0.619989 0.610413 0.177146 -0.772020
-17.624801 -46.431172 1363.861253 1938.596852 -0.379372 0.918715 -0.109723 -0.695956 -0.361488 -0.620460 0.609690 0.159023 -0.776524
-16.642759 -34.968873 -213.120379 -1276.931034 -0.371025 0.928611 0.004747 -0.589153 -0.231437 -0.774168 0.717802 0.290032 -0.632963
-15.623967 -33.480908 8.623374 -552.344359 -0.418907 0.904247 -0.082784 -0.489205 -0.301555 -0.818378 0.764980 0.302326 -0.568686
-15.640586 -33.233473 -1265.708030 -1023.767535 -0.320051 0.946851 -0.032249 -0.612705 -0.232827 -0.755238 0.722607 0.221955 -0.654657
7.166613 -118.822060 1470.100275 6496.793858 -0.310867 0.946594 0.085562 -0.908235 -0.269320 -0.320275 0.280127 0.177273 -0.943453
3.462378 -118.905294 1255.474354 -9013.650294 -0.319765 0.944254 0.078329 -0.811318 -0.230170 -0.537386 0.489400 0.235387 -0.839691
0.258392 -113.013430 3204.820014 692.611490 -0.299679 0.945804 0.125092 -0.893678 -0.232397 -0.383838 0.333964 0.226820 -0.914888
4.126176 -121.046897 2988.921558 -14775.457392 -0.239823 0.962326 0.128117 0.967072 0.225229 0.118506 0.085185 0.152319 -0.984653
13.848776 -112.983801 735.691386 4167.911274 -0.305144 0.950531 0.058121 -0.947035 -0.296477 -0.123398 0.100062 0.092697 -0.990654
-36.540882 -930.292788 -6668.013525 -525978.364174 0.798054 0.545049 0.256966 -0.539459 0.456217 0.707708 -0.268504 0.703411 -0.658117
69.402927 -462.563057 -169.139665 -210375.251994 0.678770 0.254978 0.688663 -0.660580 -0.197652 0.724271 -0.320789 0.946530 -0.034273
4.962243 -103.748849 -13306.711600 -18330.814198 0.844622 0.516257 0.141745 -0.201020 0.060432 0.977721 -0.496190 0.854299 -0.154820
1108.408989 -1026.237084 -416684.742807 282909.154776 0.315405 0.512517 0.798652 0.441826 0.665514 -0.601565 -0.839827 0.542602 -0.016537
-28.331479 -57.593568 -6748.778233 21903.874971 -0.653670 -0.090028 0.751406 0.680195 0.365352 0.635495 -0.331739 0.926506 -0.177583
-9.964448 -240.952299 9718.878673 90759.004993 0.889704 0.331583 -0.313814 0.265589 0.183174 0.946525 -0.371334 0.925473 -0.074906
-9.799632 -61.117522 4333.048284 -13317.266706 0.860204 0.444818 0.249371 -0.284036 0.011796 0.958741 -0.423524 0.895543 -0.136491
-33.313866 -830.164456 -20782.102593 328878.976987 0.749956 0.581995 0.314400 0.057338 -0.530699 0.845619 -0.658998 0.616150 0.431371
-7.917977 -49.367779 4171.531630 -22044.288445 0.984104 0.147879 0.098339 0.107263 -0.053616 -0.992784 0.141540 -0.987551 0.068626
-3.294558 -35.177393 2758.525368 6922.357753 0.969708 0.140703 -0.199670 -0.191697 -0.068247 -0.979078 0.151386 -0.987697 0.039207
-13.094860 -36.220804 2517.652217 -14364.803988 0.989162 0.110001 -0.097251 -0.089912 -0.069831 -0.993499 0.116077 -0.991475 0.059184
16.219145 -386.411566 3969.394041 -129853.447300 0.910305 0.072270 0.407579 0.393523 0.154303 -0.906272 0.128387 -0.985377 -0.112023
12.134361 -349.045968 -2308.227598 -130886.267206 0.934292 0.006815 0.356444 0.347560 0.205197 -0.914930 0.079376 -0.978697 -0.189345
7.734063 -290.721505 -3829.592051 -105509.944783 0.948457 0.003973 0.316881 0.316311 0.049381 -0.947369 0.019412 -0.998772 -0.045579
13.226734 -424.078961 4307.314001 -164633.231078 0.916921 0.035503 0.397487 0.397794 -0.001751 -0.917473 0.031877 -0.999368 0.015729
-46.004127 -76.465582 1573.642233 3432.959682 -0.162783 -0.964865 0.206244 0.980320 -0.134501 0.144506 -0.111689 0.225708 0.967771
-41.671383 -68.766695 940.688325 7559.228704 -0.313412 -0.907047 0.281138 0.949585 -0.296927 0.100607 -0.007778 0.298496 0.954379
8.804271 -28.925892 -14013.922553 -10643.667280 0.569869 0.018596 -0.821525 0.341271 0.904093 0.257196 0.747518 -0.426931 0.508868
-1.563764 -31.129916 -11581.680438 5051.822895 0.378157 0.896539 0.230683 0.477532 0.024561 -0.878271 0.793070 -0.442282 0.418838
7.093727 -10.531454 -10795.549212 -11981.609836 0.552029 0.831128 -0.067012 0.329934 -0.291532 -0.897860 0.765772 -0.473535 0.435152
18.842351 -75.984363 5121.628403 4640.447132 -0.585648 -0.807954 -0.065009 0.809282 -0.587348 0.009165 -0.045587 -0.047243 0.997843
8.222971 -82.167350 342.287304 -4459.997547 0.679772 0.729802 0.072795 0.690704 -0.670396 0.271104 -0.246653 0.134009 0.959794
5.817371 -74.732869 1336.456685 -5322.145735 0.685007 0.726179 0.058560 0.660425 -0.652891 0.370906 -0.307578 0.215398 0.926822
12.037632 -82.817163 -2059.800629 206.237016 0.641869 0.762079 0.085084 0.750329 -0.647076 0.135275 -0.158146 0.022988 0.987148
12.601728 -15.697305 -1136.703725 1457.251185 0.181690 0.980804 0.070789 -0.207679 0.108636 -0.972146 0.961175 -0.161928 -0.223431
4.732015 -12.095477 -1280.422077 1393.731325 0.167511 0.985788 0.012739 -0.249156 0.054833 -0.966910 0.953866 -0.158794 -0.254801
7.592681 -15.549090 1389.130050 1054.315799 0.241704 0.929093 0.279938 -0.183077 0.326974 -0.927130 0.952923 -0.172841 -0.249127
1.629047 -11.344119 3300.645505 674.347701 0.252512 0.883449 0.394658 -0.186876 0.444724 -0.875955 0.949376 -0.147437 -0.277394
318.217184 -47.939919 139486.917045 -171.421073 0.400177 0.766109 -0.502928 -0.641473 0.626092 0.443308 -0.654501 -0.145213 -0.741985
256.349599 -51.378479 223321.997838 1417.139103 0.532144 0.770229 -0.351524 -0.620740 0.637284 0.456674 -0.575765 0.024811 -0.817239
-0.032603 -75.005079 317.262705 2064.834471 0.350997 0.931685 -0.093617 0.732990 -0.211167 0.646633 -0.582690 0.295586 0.757035
0.532882 -73.722284 -28.512277 2813.412959 0.353326 0.931704 -0.084193 0.752969 -0.229824 0.616619 -0.555157 0.281262 0.782747
-0.950186 -71.265666 807.606935 2469.402435 0.348155 0.932308 -0.097929 0.832922 -0.259713 0.488661 -0.430149 0.251697 0.866961
0.119106 -78.817905 -272.935107 1208.248080 0.337940 0.937159 -0.086777 0.597025 -0.142181 0.789523 -0.727570 0.318620 0.607555
-0.455648 -79.519695 111.340437 474.644186 0.342359 0.934870 -0.093853 0.570154 -0.127317 0.811612 -0.746803 0.331374 0.576608
-2.201682 -75.675609 912.074544 1519.870654 0.347022 0.932569 -0.099452 0.711372 -0.192631 0.675902 -0.611168 0.305301 0.730250
6.103552 -110.859887 -60.033997 -1011.727479 -0.497586 0.856740 -0.135668 0.349237 0.341040 0.872769 -0.794004 -0.386897 0.468902
12.189302 -105.697575 2096.148669 -4155.408786 -0.459329 0.879329 -0.125687 0.122611 0.202908 0.971491 -0.879763 -0.430824 0.201017
10.144068 -102.105903 3297.208486 -5526.724672 -0.415405 0.902949 -0.110103 0.091538 0.161921 0.982549 -0.905019 -0.398077 0.149917
-7.140088 -37.702792 -2549.883159 2557.745160 0.178413 -0.425471 0.887211 0.448441 0.837749 0.311572 -0.875825 0.342274 0.340264
0.424169 -37.879872 -4511.745930 3066.967482 0.229618 -0.280043 0.932122 0.364345 0.912807 0.184488 -0.902512 0.297252 0.311629
5.844056 -93.569292 502.976542 3205.870432 0.759285 -0.148004 0.633705 0.383686 0.888346 -0.252244 -0.525615 0.434669 0.731294
5.860894 -96.827503 801.852129 2733.338907 0.747907 -0.144759 0.647827 0.392855 0.883193 -0.256193 -0.535070 0.446111 0.717416
6.954301 -92.065096 474.009625 2075.351038 0.723967 -0.178540 0.666330 -0.507085 -0.792612 0.338570 -0.467693 0.583000 0.664360
6.777450 -95.148359 1147.044776 3928.794823 0.708395 -0.217046 0.671616 -0.604604 -0.677577 0.418740 -0.364186 0.702695 0.611219
79.639218 -47.480783 -3841.029516 -3807.356992 -0.122682 0.917324 0.378770 0.713151 -0.183935 0.676449 -0.690192 -0.353108 0.631625
75.577805 -43.848701 23966.654191 -2971.178005 0.099821 0.982473 0.157423 0.705882 -0.181429 0.684700 -0.701261 -0.042775 0.711620
12.154599 -44.963644 3886.702163 -1881.853677 -0.133178 0.981249 -0.139335 0.965967 0.159968 0.203269 -0.221746 0.107522 0.969158
4.501854 -45.762237 6068.470454 -1029.349918 -0.134164 0.976668 -0.167689 0.960113 0.170005 0.221993 -0.245322 0.131216 0.960520
4.741150 -137.846045 920.627313 -16038.847066 0.814226 0.068666 0.576472 0.078665 0.970773 -0.226741 -0.575193 0.229967 0.785027
3.327476 -139.998862 555.131305 -10821.729826 0.814231 0.050443 0.578345 0.146892 0.945899 -0.289304 -0.561650 0.320515 0.762771
3.543896 -119.988545 1034.206529 -14680.844497 0.822610 0.087037 0.561905 -0.000633 0.988355 -0.152165 -0.568605 0.124817 0.813086
0.853454 -135.212330 1285.779423 -10524.451437 0.822308 0.034847 0.567974 0.180262 0.930767 -0.318086 -0.539736 0.363949 0.759096
1.702626 -121.570301 661.467264 -9938.455411 0.822110 0.073953 0.564505 0.032344 0.983860 -0.175995 -0.568409 0.162945 0.806449
1.470688 -149.035653 1630.311331 9057.058245 0.811947 -0.008111 0.583674 -0.312255 -0.850850 0.422552 -0.493192 0.525346 0.693378
14.285037 -240.557684 -8090.484160 -271.156225 0.765735 0.118932 0.632064 -0.586424 0.532680 0.610212 0.264114 0.837918 -0.477637
6.391006 -220.729150 -5426.310885 -27526.868557 0.760170 0.102089 0.641654 -0.483345 0.748821 0.453480 0.434189 0.654862 -0.618575
14.700428 -220.542304 -6260.696995 -25181.641288 0.760321 0.099709 0.641849 -0.465865 0.772301 0.431881 0.452638 0.627383 -0.633648
4.149853 -198.136128 -1796.950278 -19255.722798 0.714402 -0.002469 0.699731 -0.673461 0.269026 0.688531 0.189946 0.963130 -0.190530
3.937145 -183.900272 -787.301490 -26037.218862 0.706742 -0.018538 0.707229 -0.610956 0.488051 0.623329 0.356719 0.872618 -0.333600
5.424094 -209.095077 -1667.472102 1389.342079 0.722554 -0.009889 0.691244 -0.691120 -0.034091 0.721936 -0.016426 0.999370 0.031467
15.024937 -12.528153 -1771.594365 3394.596905 -0.438596 0.881986 -0.172434 0.290843 0.320854 0.901367 -0.850320 -0.345185 0.397245
11.043995 -13.335484 -7209.172125 3015.674513 -0.429446 0.899402 0.081559 0.375855 0.095881 0.921705 -0.821163 -0.426477 0.379221
21.257055 -45.232308 -19386.895283 -2715.669234 -0.307628 -0.088430 -0.947388 -0.374028 0.926759 0.034946 0.874910 0.365100 -0.318173
6.433612 -141.224137 -227.380665 11657.498142 0.756067 0.186715 0.627296 -0.402941 0.888062 0.221323 -0.515753 -0.420099 0.746670
23.887524 -56.810577 -4481.450103 729.849909 0.324157 -0.061447 0.944006 0.016210 0.998103 0.059402 -0.945864 -0.003953 0.324538
28.867875 -53.625600 -2720.834036 -416.902887 0.375574 -0.061284 0.924764 -0.009659 0.997498 0.070026 -0.926742 -0.035232 0.374043
-10.557166 -43.933496 4455.506972 504.851771 -0.353323 0.880009 -0.317405 0.690568 0.016460 -0.723080 0.631093 0.474671 0.613522
-11.677339 -113.329494 753.316038 -1414.748529 0.747855 -0.104692 0.655555 -0.652852 0.063115 0.754852 0.120402 0.992500 0.021148
-9.732356 -109.325292 748.450052 -5456.621892 0.723733 -0.072272 0.686285 -0.631557 0.331428 0.700922 0.278112 0.940708 -0.194221
-16.169892 -113.945099 3815.279025 -1895.176052 0.736321 -0.095908 0.669801 -0.666926 0.064206 0.742353 0.114203 0.993317 0.016687
-55.791946 -76.674131 511.772422 2379.143448 -0.462834 -0.765824 0.446429 0.647743 0.051626 0.760107 -0.605156 0.640975 0.472163
-56.353862 -74.011333 -328.229170 2444.980381 0.371689 0.836217 -0.403223 0.746587 -0.011093 0.665196 -0.551775 0.548287 0.628431
-55.251206 -74.456395 395.474473 2735.068375 -0.499960 -0.743474 0.444171 0.727496 -0.082272 0.681161 -0.469883 0.663686 0.582007
-1241.239841 -11224.940215 305720.963964 -516851.510094 0.977164 0.189765 -0.095601 0.175456 -0.466819 0.866773 -0.119855 0.863753 0.489454
-20.262263 -280.915023 5208.325131 -38575.400102 0.959076 0.147785 -0.241520 -0.275903 0.679489 -0.679832 -0.063641 -0.718647 -0.692456
-6.847696 -254.561610 3757.014005 -33676.908026 0.948556 0.179075 -0.261101 -0.311019 0.681328 -0.662616 -0.059238 -0.709736 -0.701973
-18.629914 -225.753143 4510.008942 -52601.325597 0.956245 0.144459 -0.254416 -0.292418 0.444151 -0.846889 0.009341 -0.884229 -0.466959
18.944964 -27.492921 29925.802918 -9902.761576 0.144131 0.772234 -0.618774 0.262494 0.573066 0.776333 -0.954109 0.274318 0.120110
35.007119 -4.182659 12370.816843 20389.390430 -0.009323 0.837527 -0.546317 0.385716 0.507071 0.770780 -0.922570 0.203537 0.327775
-30.937493 -71.916395 -3801.634893 8517.688885 -0.172434 0.919949 -0.352080 -0.063036 0.346396 0.935968 -0.983002 -0.183587 0.001741
-34.203485 -63.255542 -1523.919650 15174.114829 -0.112064 0.877962 -0.465430 0.065693 0.473901 0.878124 -0.991527 -0.067831 0.110783
-32.353816 -85.828286 -548.243159 2109.143535 -0.094359 0.951328 -0.293381 -0.170233 0.274937 0.946272 -0.980876 -0.139232 -0.136005
-31.802888 -85.815095 -847.101186 -3075.601930 -0.157252 0.943906 -0.290369 -0.288353 0.237329 0.927646 -0.944523 -0.229603 -0.234858
42.496340 -43.664779 2722.961784 2044.442512 -0.258689 0.896150 0.360547 -0.854380 -0.386417 0.347441 -0.450682 0.218165 -0.865615
41.127434 -47.986221 -1949.583828 3223.426591 -0.296153 0.909933 0.290370 -0.885701 -0.375421 0.273116 -0.357529 0.176297 -0.917111
32.358239 -43.931958 6220.444483 1877.556412 -0.223328 0.872954 0.433678 -0.858328 -0.386973 0.336936 -0.461951 0.296990 -0.835702
30.056059 -44.144214 -4556.383242 1464.355041 -0.293469 0.931934 0.213015 -0.771155 -0.099092 -0.628889 0.564975 0.348827 -0.747745
31.732653 -43.005014 2285.749966 1492.875345 -0.341726 0.882897 0.322050 -0.791792 -0.085882 -0.604723 0.506249 0.461646 -0.728419
32.647572 -42.530363 -4500.833205 629.716405 -0.299084 0.924844 0.234973 -0.824789 -0.126722 -0.551057 0.479866 0.358616 -0.800702
30.259511 -43.866429 2227.481516 496.174398 -0.356085 0.886600 0.295202 -0.719385 -0.058470 -0.692147 0.596397 0.458827 -0.658627
29.069783 -45.639405 -4333.108769 680.591544 -0.295957 0.934699 0.196845 -0.699478 -0.071735 -0.711045 0.650492 0.348127 -0.675031
-7.500028 -64.196303 10.891442 -1372.051388 0.315345 0.945939 0.075879 -0.543965 0.114662 0.831237 -0.777599 0.303402 -0.550715
-6.752845 -67.680857 -426.474910 -1352.290145 0.281903 0.957252 0.064803 -0.532522 0.099925 0.840497 -0.798092 0.271447 -0.537926
-7.669462 -66.308899 -8.731559 208.473059 0.296456 0.947960 0.116130 -0.345952 -0.006748 0.938228 -0.890186 0.318318 -0.325948
-6.230295 -61.655485 -390.524735 -2218.182762 0.312950 0.949427 0.025518 -0.697543 0.211523 0.684610 -0.644590 0.232049 -0.728462
-6.613062 -58.435637 260.648752 -2145.517190 0.353873 0.934529 0.037797 -0.697857 0.236917 0.675918 -0.622711 0.265566 -0.736007
76.833110 -84.016989 -5177.198120 6737.387581 -0.033696 0.990801 0.131067 -0.706090 0.069211 -0.704731 0.707320 0.116291 -0.697263
56.415937 -80.283200 -6291.757051 -119.979799 0.106058 0.990838 0.083622 -0.752160 0.134947 -0.645015 0.650389 -0.005511 -0.759581
42.593759 -82.448383 -5458.591046 -6970.456655 0.062757 0.995021 0.077421 -0.838201 0.094656 -0.537085 0.541739 0.031188 -0.839968
-6.252319 -95.145510 -363.720585 -698.710615 -0.498432 0.862978 -0.082672 -0.863988 -0.502325 -0.034557 0.071350 -0.054204 -0.995977
-7.243737 -95.240338 -658.431374 1065.344704 -0.477346 0.874684 -0.084077 -0.842326 -0.482729 -0.239707 0.250254 0.043602 -0.967198
-10.662233 -77.746127 -1697.184029 611.895222 0.722092 -0.683335 -0.107876 0.131842 -0.017147 0.991122 0.679118 0.729904 -0.077711
-10.533579 -78.845332 -1573.764192 -938.431353 0.718872 -0.689784 -0.086146 0.005795 -0.117974 0.993000 0.695119 0.714339 0.080810
-15.367103 -78.718136 480.976871 327.548999 -0.676821 0.732665 0.071530 0.029612 0.124187 -0.991817 0.735552 0.669164 0.105748
116.845249 -40.762688 -59063.742627 633.428655 -0.489370 0.511082 0.706620 -0.295285 0.665302 -0.685697 -0.820563 -0.544214 -0.174664
100.844551 -38.387529 -38400.205620 1779.071273 -0.451189 0.541715 0.709206 -0.210432 0.707704 -0.674443 -0.867264 -0.453541 -0.205314
97.743494 -31.527737 -32054.805601 3433.177189 -0.455535 0.582130 0.673508 -0.093969 0.720895 -0.686644 -0.885245 -0.376079 -0.273691
