14211
28415
-34.623082 -56.131782 -1034.407585 7377.353225 -0.175002 0.973261 -0.148785 0.899380 0.096537 -0.426375 0.400611 0.208431 0.892226
-46.117409 -75.320942 -1498.683918 8229.880522 -0.432772 0.898206 -0.077030 0.866349 0.390746 -0.311059 0.249296 0.201352 0.947264
-36.489152 -73.766331 -3576.865497 13510.628492 -0.481699 0.874677 0.053906 0.787324 0.458963 -0.411672 0.384821 0.155861 0.909736
-40.123251 -58.243966 1634.696480 5209.534402 0.054638 0.943864 -0.325785 0.941027 -0.157777 -0.299290 0.333890 0.290220 0.896822
-25.258627 -53.343812 -4677.676272 8687.011560 -0.298825 0.953918 0.027280 0.803742 0.266987 -0.531711 0.514492 0.136962 0.846486
-30.750442 -46.000649 1133.401095 4439.170297 0.140442 0.931704 -0.334969 0.878812 -0.273137 -0.391262 0.456032 0.239425 0.857152
-29.085663 -90.172689 -1356.199078 3234.044694 0.041326 0.988199 0.147496 0.951171 0.006283 -0.308599 0.305884 -0.153048 0.939687
-22.120699 -72.859609 4198.807406 -11042.837181 0.050258 0.996571 0.065725 0.991785 -0.042049 -0.120810 0.117632 -0.071257 0.990497
-27.251440 -63.735947 3633.994317 -12226.961276 -0.176216 -0.969499 -0.170354 0.980634 -0.157875 -0.115898 0.085468 -0.187478 0.978543
-26.860255 -80.531358 -3560.253441 410.509856 0.108278 0.973997 0.199011 0.951163 -0.043290 -0.305639 0.289077 -0.222386 0.931117
-2.200739 -18.920876 744.968097 -242.525867 -0.520397 0.852437 0.050378 0.842279 0.522116 -0.134019 0.140546 0.027311 0.989697
1.149793 -20.516789 786.517424 -918.064732 -0.470497 0.881584 0.037972 0.862486 0.468543 -0.191272 0.186414 0.057243 0.980802
3.712857 -17.541885 2177.423092 -161.924117 -0.373086 0.927746 0.009763 0.914289 0.369423 -0.166139 0.157741 0.053058 0.986054
1.432819 -18.443288 2663.612805 599.863024 -0.386551 0.922143 0.015208 0.914114 0.385269 -0.126345 0.122367 0.034937 0.991870
-13.110500 -42.851985 -2493.835988 1133.475798 -0.081881 0.996377 0.023007 0.339795 0.049611 -0.939190 0.936929 0.069084 0.342626
-21.066875 -44.992253 -2674.827483 786.452915 -0.127741 0.991807 -0.000750 0.374876 0.047582 -0.925853 0.918232 0.118551 0.377883
-11.629494 -44.656609 -2876.280597 773.427371 -0.047962 0.998642 -0.020334 0.474425 0.004862 -0.880282 0.878988 0.051867 0.474014
-20.813095 -42.568601 -2633.610016 933.405564 -0.145623 0.986599 0.073601 0.216601 0.104382 -0.970664 0.965338 0.125409 0.228899
-13.185268 -40.252405 -2127.318083 910.714560 -0.104075 0.990440 0.090539 0.205466 0.110481 -0.972408 0.973115 0.082601 0.215000
6.167863 -37.086668 2664.339030 1667.867611 -0.069023 0.997338 0.023489 0.990192 0.065624 0.123343 -0.121474 -0.031772 0.992086
5.779674 -33.539123 2404.579856 2514.568989 -0.139177 0.990032 0.021573 0.989702 0.138329 0.036804 -0.033453 -0.026473 0.999090
10.419436 -38.972902 674.959775 1727.088352 -0.118048 0.991757 0.049830 0.988432 0.112545 0.101662 -0.095216 -0.061255 0.993570
11.137465 -39.551871 839.522300 -148.257110 -0.070370 0.996332 0.048697 0.977666 0.059195 0.201657 -0.198034 -0.061800 0.978245
6.594920 -37.410810 3127.464115 -12.863398 -0.015017 0.999544 0.026203 0.976456 0.009020 0.215527 -0.215193 -0.028823 0.976146
-8.472315 -72.456939 1730.578086 7246.202669 0.028421 0.994232 -0.103414 -0.233444 0.107197 0.966443 -0.971955 0.003326 -0.235144
-6.215499 -84.011332 2246.080562 6710.740861 0.061546 0.989745 -0.128905 -0.392007 0.142741 0.908821 -0.917901 0.005403 -0.396772
-9.155592 -92.286068 -143.833462 8859.332367 -0.010862 0.990970 -0.133645 -0.405426 0.117810 0.906505 -0.914063 -0.064030 -0.400485
-2.677144 -89.739007 -1075.581163 3137.060983 0.025300 0.988367 0.149971 0.998245 -0.016941 -0.056753 -0.053552 0.151144 -0.987060
0.573951 -94.759393 -714.706276 -1354.494820 0.063915 0.984808 0.161459 0.994280 -0.076714 0.074315 0.085572 0.155786 -0.984077
0.933849 -95.796699 -690.799092 3521.931139 0.027099 0.986952 0.158717 0.997694 -0.016819 -0.065758 -0.062231 0.160133 -0.985132
-2.512216 -28.944296 1194.846686 -5924.402422 -0.520909 -0.785427 0.334302 0.844913 -0.418644 0.332955 -0.121558 0.455895 0.881693
-2.654004 -25.087010 1274.096114 -4505.381795 -0.481878 -0.804111 0.348137 0.865876 -0.376061 0.329903 -0.134358 0.460416 0.877476
1.204939 -36.548353 790.463583 -6206.456069 -0.468624 -0.809204 0.354374 0.880703 -0.396649 0.258904 -0.068944 0.433427 0.898548
-0.012431 -34.597464 -136.115896 -5664.945404 -0.552808 -0.765418 0.329451 0.829539 -0.467910 0.304836 -0.079174 0.441808 0.893609
2.574363 -33.837698 1397.908750 -6856.066006 -0.404670 -0.835693 0.371293 0.911329 -0.334964 0.239328 -0.075635 0.435219 0.897142
4.157959 -43.385660 962.196454 -6481.633803 -0.410194 -0.830880 0.376005 0.911948 -0.369383 0.178623 -0.009525 0.416167 0.909238
6.571792 -52.794393 422.533450 -5973.812455 -0.445388 -0.817187 0.365834 0.893378 -0.432640 0.121235 0.059203 0.380824 0.922750
2.894069 -113.524443 -56.020521 -3595.202654 0.751012 -0.457852 0.475764 -0.165239 0.567290 0.806770 0.639278 0.684509 -0.350387
3.854309 -110.971355 -1066.067909 -3655.140598 0.754198 -0.462264 0.466366 -0.142244 0.578346 0.803295 0.641055 0.672181 -0.370433
3.995958 -118.693926 -375.104139 -1731.756730 0.756810 -0.464432 0.459937 -0.268932 0.420093 0.866717 0.595747 0.779631 -0.193030
4.095900 -124.100125 317.217162 -2163.839997 0.761464 -0.455612 0.461075 -0.278060 0.412946 0.867270 0.585538 0.788602 -0.187756
3.783964 -125.271665 22.384120 -10.660428 0.772295 -0.460578 0.437527 -0.368318 0.236519 0.899111 0.517594 0.855527 -0.013023
4.596512 -122.084106 -489.966747 420.808988 0.762090 -0.473372 0.441744 -0.366565 0.246948 0.897021 0.533712 0.845539 -0.014675
61.856615 -109.492822 4963.438902 -10516.372958 -0.163183 0.944216 0.286054 -0.910200 -0.255950 0.325616 -0.380667 0.207232 -0.901192
46.656905 -114.801977 5838.842704 -7222.464769 -0.128205 0.911475 0.390868 -0.790952 -0.331735 0.514148 -0.598297 0.243241 -0.763462
48.038740 -121.456945 2048.362254 -6702.782517 -0.138946 0.960485 0.241169 -0.825631 -0.246830 0.507354 -0.546834 0.128622 -0.827302
-11.504225 -124.084984 -3111.937524 -1791.648354 -0.682197 0.151675 -0.715264 0.316981 0.942890 -0.102383 0.658886 -0.296570 -0.691314
-10.547922 -126.943796 -2947.194270 -6240.232561 -0.683961 0.158254 -0.712146 0.473105 0.839295 -0.267872 0.555309 -0.520134 -0.648916
-17.736138 -126.461998 -2848.026440 -2547.404077 -0.707874 0.138132 -0.692701 0.328837 0.932380 -0.150112 0.625125 -0.334046 -0.705430
-16.799135 -116.089900 -1913.764043 9397.859523 -0.715267 0.155155 -0.681410 0.173114 0.983991 0.042336 0.677070 -0.087680 -0.730676
-20.535076 -129.757824 -2519.582517 -2771.208727 -0.731837 0.130575 -0.668853 0.335913 0.923074 -0.187340 0.592939 -0.361779 -0.719402
-20.815140 -121.048727 -1156.157437 14324.027477 -0.739404 0.144032 -0.657676 0.178448 0.983838 0.014838 0.649183 -0.106389 -0.753155
33.896097 -1527.466241 7147.380201 673674.637755 -0.400294 0.526311 -0.750175 -0.296736 0.700071 0.649498 0.867013 0.482594 -0.124059
-14.256613 -363.996555 3820.870397 -119793.936557 -0.435382 0.660177 -0.612053 0.123041 -0.629856 -0.766904 0.891798 0.409204 -0.192999
-3.414479 -1153.145120 8380.779880 393501.201956 -0.462178 0.656562 -0.596085 0.094009 0.704673 0.703276 0.881790 0.269001 -0.387408
7.225993 -747.386980 9942.718286 294448.678010 -0.376252 0.524910 -0.763481 -0.292349 0.714676 0.635429 0.879185 0.462285 -0.115441
-9.036935 -151.551051 4537.978116 9382.600039 -0.411639 0.529494 -0.741747 -0.431193 0.603881 0.670373 0.802886 0.595788 -0.020267
-12.593375 -133.879809 2964.542010 9211.096548 -0.402496 0.565963 -0.719502 -0.409062 0.591943 0.694458 0.818942 0.573837 -0.006740
-374.951724 -2408.909654 133858.829168 1249331.798025 -0.019426 0.104946 -0.994288 0.883003 -0.464662 -0.066296 -0.468965 -0.879247 -0.083641
-42.239137 -2110.101043 -42228.496929 -1054059.962764 0.021636 -0.061306 0.997885 -0.257155 0.964194 0.064811 -0.966128 -0.258014 0.005096
-304.088913 -3978.520908 45296.034857 537622.934696 0.173744 0.139736 -0.974827 0.982940 0.036048 0.180357 0.060343 -0.989532 -0.131089
1481.284973 -7102.566957 -243307.871980 39150978.185896 0.359564 0.364691 -0.858903 0.722055 0.474299 0.503663 0.591058 -0.801275 -0.092786
21.750722 -57.779337 5159.877797 -1488.399425 -0.841140 0.028127 -0.540086 0.126763 0.981080 -0.146330 0.525752 -0.191547 -0.828791
38.332016 -61.961905 8045.524652 2768.005485 -0.866083 -0.068944 -0.495123 0.109944 0.939923 -0.323198 0.487660 -0.334352 -0.806472
34.311153 -51.728166 3155.048940 -633.249716 -0.806481 -0.188765 -0.560318 0.007392 0.944374 -0.328789 0.591213 -0.269304 -0.760225
25.342486 -51.270867 2044.307900 -2393.512284 -0.787983 -0.153826 -0.596171 -0.015743 0.973004 -0.230250 0.615495 -0.172047 -0.769133
69.990023 25.871576 1967.869168 3365.069406 -0.836567 -0.189344 -0.514105 -0.210639 0.977412 -0.017221 0.505753 0.093884 -0.857554
69.146612 23.943680 25816.429124 2330.540776 -0.941309 -0.214677 -0.260482 -0.223754 0.974631 0.005338 0.252728 0.063308 -0.965464
63.099398 24.349559 -433.251894 570.899657 -0.834245 -0.148832 -0.530927 -0.199322 0.979169 0.038708 0.514107 0.138118 -0.846533
65.216074 24.455057 -29195.971449 3212.139656 -0.653686 -0.118472 -0.747435 -0.181716 0.983346 0.003058 0.734625 0.137820 -0.664328
55.458907 25.134677 -1257.575531 -2493.582275 -0.831748 -0.126145 -0.540632 -0.199867 0.976582 0.079626 0.517927 0.174283 -0.837482
58.082753 23.362003 -26974.759484 371.703838 -0.670606 -0.013621 -0.741689 -0.129562 0.986614 0.099026 0.730412 0.162503 -0.663394
28.478040 -33.331282 -1090.342974 -343.152681 -0.055453 0.959000 0.277929 -0.829362 0.110751 -0.547625 0.555954 0.260871 -0.789216
26.786488 -34.725695 -1011.418162 1130.404531 -0.105323 0.962870 0.248574 -0.785734 0.072637 -0.614285 0.609532 0.260011 -0.748909
27.458638 -30.145789 2375.463264 1170.114990 -0.097292 0.926175 0.364328 -0.824352 0.130118 -0.550920 0.557653 0.353935 -0.750835
-23.644786 -30.318654 -9045.686091 6337.327167 -0.010822 -0.678573 -0.734453 0.928494 -0.279473 0.244529 -0.371190 -0.679289 0.633075
-11.405527 -14.271673 10463.054470 -7660.037380 0.934396 -0.186376 0.303593 0.088521 -0.704016 -0.704646 -0.345063 -0.685292 0.641331
-21.174257 -39.617338 -7855.581984 8942.057049 -0.307079 -0.542709 -0.781773 0.872130 -0.489265 -0.002923 -0.380908 -0.682706 0.623556
-1.194906 -28.905388 12321.823088 -12923.718592 0.874999 -0.481488 -0.050467 -0.346300 -0.549640 -0.760245 -0.338310 -0.682690 0.647673
-25.563946 -36.554430 -3484.704934 4307.130182 -0.141806 -0.593383 -0.792331 0.893293 -0.421589 0.155856 -0.426520 -0.685682 0.589849
12.171073 -561.477822 -2004.297899 -155426.157797 -0.011132 0.072607 -0.997299 0.897054 0.441367 0.022120 0.441781 -0.894384 -0.070045
2.906626 -352.809357 -3025.124323 63434.785998 -0.061621 0.037740 -0.997386 0.505928 0.862575 0.001382 0.860372 -0.504520 -0.072247
6.076696 -422.032254 2508.560349 68121.458030 -0.143043 0.100784 -0.984572 0.524078 0.851599 0.011032 0.839572 -0.514414 -0.174634
33.632847 -1564.440412 3554.514112 -501346.250618 -0.030274 0.107155 -0.993781 0.934751 0.355169 0.009820 0.354012 -0.928640 -0.110915
44.022558 -74.123337 1168.943144 4189.115561 -0.401750 0.872405 0.278400 -0.332901 -0.422348 0.843089 -0.853097 -0.246031 -0.460103
52.303708 -86.571728 43.480033 5820.746589 -0.386658 0.868052 0.311418 -0.261780 -0.427100 0.865481 -0.884289 -0.253122 -0.392380
55.842770 -80.244095 652.902838 10144.495737 -0.412813 0.835171 0.363422 -0.062101 -0.423887 0.903584 -0.908696 -0.350442 -0.226851
49.065682 -88.537358 -4484.640437 -3641.763778 -0.398970 0.888897 0.225134 -0.478170 -0.411179 0.776071 -0.782417 -0.201976 -0.589092
41.427690 -74.169637 -3273.174353 -1840.991884 -0.411413 0.900431 0.141291 -0.573894 -0.376345 0.727331 -0.708086 -0.218148 -0.671585
17.727353 -35.788721 -220.011374 713.147649 0.097375 0.957843 0.270288 -0.022084 -0.269433 0.962766 -0.995003 0.099718 0.005083
13.548060 -38.956936 -2782.594007 858.529718 0.041223 0.969330 0.242281 -0.021896 -0.241553 0.970141 -0.998910 0.045297 -0.011267
22.073362 -40.064567 -1363.392150 823.498156 0.087756 0.943657 0.319076 -0.138065 -0.305698 0.942065 -0.986528 0.126725 -0.103460
17.971325 -34.897598 1216.978491 1026.912135 0.148110 0.923204 0.354624 -0.046453 -0.351689 0.934964 -0.987879 0.154951 0.009203
14.580103 -32.131825 832.074852 835.257356 0.131703 0.947643 0.290907 0.043388 -0.298693 0.953362 -0.990339 0.112939 0.080455
24.849615 -48.553332 -1270.777023 355.369243 -0.247006 0.958737 -0.140753 -0.938031 -0.200136 0.282920 -0.243076 -0.201913 -0.948760
24.509399 -47.968687 1500.780698 897.697930 -0.207550 0.976143 -0.063784 -0.904891 -0.166812 0.391595 -0.371613 -0.138993 -0.917924
21.143120 -47.231836 -5428.087705 215.167374 -0.278674 0.942344 -0.185281 -0.921683 -0.208203 0.327342 -0.269892 -0.261992 -0.926563
24.902601 -49.102373 1751.199173 221.759021 -0.199888 0.978553 -0.049792 -0.955873 -0.183585 0.229356 -0.215296 -0.093440 -0.972068
16.694289 -48.199359 -5595.919517 -564.093888 -0.271001 0.941814 -0.198858 0.947863 0.225116 -0.225561 -0.167671 -0.249617 -0.953718
20.181452 -48.724374 -1320.031059 298.871356 -0.240816 0.959217 -0.148020 0.960850 0.214084 -0.175886 -0.137024 -0.184581 -0.973219
2.634893 -61.327423 -637.106221 -16.198278 0.318734 0.947798 -0.009387 -0.934967 0.316015 0.161155 -0.155708 0.042589 -0.986885
3.972120 -59.107117 -393.900223 -1335.065887 0.321407 0.946908 -0.007962 -0.944735 0.320074 -0.070914 0.064600 -0.030314 -0.997451
4.697152 -59.755694 -577.672528 -727.724693 0.310234 0.950660 0.000695 -0.950555 0.310211 -0.014633 0.014127 -0.003879 -0.999893
2.014727 -60.053722 -707.447032 770.246145 0.314180 0.949361 -0.002194 -0.880187 0.292152 0.374057 -0.355756 0.115590 -0.927403
-0.953179 -59.674323 -957.928613 815.688287 0.323281 0.946042 -0.022237 -0.869924 0.306355 0.386495 -0.372453 0.105602 -0.922023
4.805195 -60.675071 -645.077766 -35.172402 0.308788 0.951131 0.000131 -0.935085 0.303554 0.182949 -0.173969 0.056615 -0.983122
10.989087 -86.096021 1107.670864 -14131.629877 0.366543 0.888709 0.275394 -0.544094 0.444853 -0.711385 0.754724 -0.110913 -0.646599
9.827857 -70.850421 1431.615724 -15666.139796 0.388728 0.858139 0.335393 -0.379368 0.480810 -0.790507 0.839625 -0.180055 -0.512454
11.652170 -96.355977 -799.613612 -11386.741183 0.375443 0.879530 0.292351 -0.529221 0.462382 -0.711427 0.760900 -0.112382 -0.639063
11.276986 -98.657827 679.776922 -957.250403 0.348910 0.900729 0.258744 -0.705755 0.434195 -0.559808 0.616581 -0.012713 -0.787189
12.022807 -90.338808 -1762.285283 -12490.931275 0.386217 0.868402 0.310989 -0.383563 0.457815 -0.802050 0.838878 -0.190481 -0.509903
11.827197 -102.945463 -1487.648550 -6731.050203 0.372299 0.878680 0.298856 -0.544347 0.467532 -0.696492 0.751718 -0.096621 -0.652368
12.636825 -100.563955 -1047.051816 903.121857 0.364532 0.889300 0.276158 -0.702617 0.457301 -0.545166 0.611103 -0.004697 -0.791537
-11.380659 -89.143772 -97.111196 -1028.280003 0.439698 0.867573 0.232341 0.897700 -0.432667 -0.083270 0.028283 0.245187 -0.969063
-10.422960 -90.667667 -415.937161 -1111.191191 0.455961 0.871005 0.182892 0.889999 -0.446443 -0.092683 0.000924 0.205033 -0.978755
-10.775671 -86.796589 -278.293998 -499.120107 0.426013 0.875355 0.228619 0.888794 -0.357733 -0.286482 -0.168989 0.325240 -0.930409
-10.997381 -93.671358 -300.037377 529.436790 0.472829 0.860245 0.190819 -0.859875 0.497766 -0.113336 0.192480 0.110492 -0.975061
-10.441246 -85.334187 161.778480 -186.559766 0.420530 0.864113 0.276521 0.895560 -0.346523 -0.279094 -0.145348 0.365009 -0.919588
-11.038761 -88.088698 217.109218 -1279.440562 0.423317 0.861638 0.279971 0.904650 -0.418758 -0.079064 0.049115 0.286744 -0.956747
-12.244079 -92.856103 -124.683878 1039.459889 0.443881 0.864081 0.237346 -0.868601 0.479996 -0.123026 0.220230 0.151550 -0.963603
-3.675947 -94.293531 1831.728207 -6285.479621 0.257655 0.872880 0.414360 -0.674989 0.469450 -0.569215 0.691378 0.133027 -0.710141
-9.077105 -97.588473 805.976823 -4263.695620 0.273488 0.888381 0.368760 -0.729575 0.441428 -0.522361 0.626837 0.126178 -0.768866
-5.157858 -103.023704 1602.361221 -3557.385739 0.250085 0.878071 0.407981 -0.810954 0.420168 -0.407201 0.528972 0.229019 -0.817153
-5.090409 -104.212043 1081.881933 773.114060 0.256451 0.880585 0.398501 -0.911032 0.357946 -0.204684 0.322883 0.310555 -0.894037
-0.052948 -103.284901 1874.657095 -2451.048306 0.245711 0.873853 0.419532 -0.896057 0.369844 -0.245555 0.369740 0.315589 -0.873897
188.186977 -58.092265 19161.629212 7304.598589 -0.612899 -0.525082 -0.590460 0.765855 -0.210840 -0.607464 0.194476 -0.824521 0.531361
161.018492 -53.369549 -23088.511981 755.307937 -0.573970 -0.671330 -0.468908 0.763509 -0.231753 -0.602780 0.295993 -0.703993 0.645586
185.476717 -69.762996 -3858.898923 -16988.094492 -0.563514 -0.565187 -0.602508 0.800087 -0.191786 -0.568400 0.205700 -0.802360 0.560273
242.580580 -54.290943 -26849.341340 -2779.649076 -0.676590 -0.435270 -0.593941 0.720673 -0.225817 -0.655467 0.151184 -0.871520 0.466473
223.420910 -57.693474 -15064.825315 9523.759755 -0.694483 -0.389568 -0.604921 0.711318 -0.245243 -0.658697 0.108255 -0.887746 0.447424
-9.567927 -104.829426 -3237.321975 10379.075731 0.509473 0.806924 0.298849 0.133113 0.269214 -0.953837 0.850128 -0.525735 -0.029745
-4.575799 -121.200682 -5171.904706 7514.683275 0.540433 0.760850 0.359220 0.334255 0.197656 -0.921524 0.772143 -0.618093 0.147498
4.884628 -99.919954 -7646.427030 15668.125622 0.557829 0.727503 0.399458 0.178837 0.364632 -0.913817 0.810459 -0.581191 -0.073298
-3.429016 -129.090502 -1487.541747 8080.349013 0.633028 0.699369 -0.331901 0.705779 -0.345257 0.618606 0.318043 -0.625844 -0.712157
-4.856152 -123.330824 -1128.244106 952.855398 0.612328 0.720714 -0.325000 0.763155 -0.431440 0.481096 0.206515 -0.542615 -0.814200
-1.503289 -117.061140 -1840.839477 152.923518 0.621339 0.702155 -0.347731 0.775006 -0.485405 0.404658 0.115342 -0.520923 -0.845775
2.262049 -121.381412 1300.297471 1907.351902 0.620426 0.721699 -0.306957 0.763133 -0.465301 0.448467 0.180831 -0.512489 -0.839437
2.100453 -128.452627 1561.260736 20089.903861 0.600901 0.731821 -0.321492 0.701892 -0.290653 0.650284 0.382448 -0.616408 -0.688313
-3.283749 -9.804377 2743.939028 -456.904737 -0.522722 0.808281 0.271003 0.734623 0.265787 0.624249 0.432539 0.525394 -0.732715
-6.586873 -8.688471 -2027.677705 76.443380 0.079273 0.804572 0.588540 0.895720 -0.316602 0.312168 0.437494 0.502420 -0.745770
0.091105 -11.610332 1827.211188 184.409683 -0.247902 0.854281 0.456891 0.877926 -0.001309 0.478795 0.409623 0.519810 -0.749671
8.244233 -14.832264 5707.051463 -348.395178 -0.394643 0.833747 0.386165 0.821572 0.132002 0.554613 0.411432 0.536136 -0.737076
-24.873715 -648.324277 3662.056651 -202813.774890 0.455214 0.873167 -0.174243 -0.223055 -0.077621 -0.971711 0.861990 -0.481202 -0.159430
-20.226550 -497.752008 -2484.401051 -163406.486438 0.509018 0.858829 -0.057563 0.214201 -0.191158 -0.957902 0.833678 -0.475259 0.281264
-16.410860 -695.688398 11267.622852 -262257.924518 0.466468 0.882088 -0.065794 0.280287 -0.217952 -0.934846 0.838956 -0.417634 0.348905
-4.342305 -399.417508 723.370600 -121771.244513 0.524195 0.851302 -0.022471 0.104902 -0.090734 -0.990335 0.845113 -0.516771 0.136866
-11.269209 -30.276656 1451.771589 2249.524948 -0.117707 0.843044 0.524807 0.953698 -0.051327 0.296353 0.276776 0.535391 -0.797967
-15.273013 -33.761077 -429.279207 1745.701170 -0.312517 0.854386 0.415161 0.917852 0.159014 0.363680 0.244707 0.494712 -0.833894
-14.485540 -34.444018 559.629209 1366.199011 -0.187831 0.844629 0.501320 0.963591 0.059576 0.260658 0.190293 0.532027 -0.825067
29.414597 -87.308742 1420.528121 -13747.340585 0.739154 0.591666 0.321841 -0.672748 0.625441 0.395265 -0.032572 0.508680 -0.860339
21.966517 -72.163547 -1229.161284 7178.912326 0.679325 0.686097 0.260364 0.732659 -0.614005 -0.293613 -0.041582 0.390217 -0.919784
18.779859 -86.112613 1489.825947 704.908272 0.814278 0.491002 0.309627 -0.578293 0.732391 0.359416 0.050294 0.471720 -0.880313
25.930679 -90.806747 -986.703754 9312.990340 0.689654 0.688178 0.225360 0.703469 -0.562872 -0.433944 -0.171782 0.457805 -0.872299
31.678333 -115.992847 3543.892759 -16499.433316 0.754996 0.586785 0.292685 -0.624892 0.508570 0.592340 -0.198725 0.630111 -0.750645
-30.805468 -83.525111 -5018.459492 7924.368021 -0.502902 0.863028 0.047673 0.832941 0.498625 -0.239965 0.230867 0.080970 0.969610
-51.579636 -79.444980 932.082315 3789.160353 0.284001 -0.944990 0.162290 0.953070 0.259709 -0.155591 0.104884 0.198861 0.974399
-51.519522 -93.267614 97.143346 7415.060695 0.571332 -0.817390 0.073841 0.817904 0.559619 -0.133641 0.067914 0.136748 0.988275
-46.075394 -69.682727 -679.536487 4729.682213 0.037866 -0.949436 0.311669 0.978259 -0.028421 -0.205431 0.203901 0.312672 0.927718
-12.860423 -72.525305 9210.499265 -14684.030151 -0.024255 0.999001 -0.037539 0.997404 0.021635 -0.068675 0.067794 0.039107 0.996933
-17.737918 -51.607049 7630.397764 -22942.425961 0.258362 0.965622 0.028682 0.960158 -0.259947 0.102584 -0.106514 -0.001035 0.994311
-21.829756 -86.535198 2429.629508 2180.027210 -0.026646 0.995750 0.088159 0.934579 0.056112 -0.351303 0.354757 -0.073031 0.932102
44.533270 -90.740835 -9772.045834 -2287.982990 -0.510943 0.811808 0.282674 0.580481 0.568380 -0.583083 0.634018 0.133835 0.761649
35.327229 -92.594304 -2706.713820 -4552.562715 -0.455242 0.844956 0.280722 0.623828 0.527655 -0.576558 0.635290 0.087351 0.767317
42.481706 -77.483747 -5721.778319 -5662.467002 -0.535924 0.801089 0.266537 0.666289 0.595204 -0.449211 0.518502 0.063152 0.852741
42.804969 -95.841307 -9048.443619 -1990.454899 -0.464471 0.835187 0.294499 0.535676 0.529772 -0.657566 0.705208 0.147664 0.693453
57.609363 -82.791335 -8487.082207 -2733.842439 -0.611098 0.759380 0.223386 0.567731 0.617139 -0.544813 0.551580 0.206111 0.808256
55.109517 -92.545319 -10898.274041 -274.986407 -0.546207 0.787844 0.284534 0.491259 0.576420 -0.652997 0.678471 0.216891 0.701880
-3.287382 -22.053749 169.994661 -305.198751 -0.658719 0.748250 0.078812 0.735916 0.662551 -0.139478 0.156581 0.033878 0.987084
2.872396 -24.787126 595.070356 -1508.811483 -0.482450 0.875020 0.039775 0.845112 0.476936 -0.241490 0.230279 0.082893 0.969588
6.941547 -23.888725 1196.424861 -1802.843699 -0.377269 0.926039 0.010969 0.894848 0.367562 -0.253269 0.238569 0.085735 0.967334
-1.762509 -25.188008 896.867062 -1003.404599 -0.595396 0.800983 0.062699 0.777294 0.594012 -0.207278 0.203269 0.074677 0.976271
-18.568999 -46.525177 -2594.768154 426.230187 -0.105117 0.994170 -0.023998 0.515830 0.033878 -0.856021 0.850217 0.102361 0.516384
-24.702666 -46.418533 -2069.955355 143.791983 -0.181407 0.983389 -0.006092 0.499364 0.086778 -0.862035 0.847188 0.159421 0.506811
-26.029247 -44.134429 -2529.161653 934.540819 -0.197710 0.979320 0.042930 0.226418 0.088233 -0.970026 0.953753 0.182064 0.239181
-27.568326 -45.455106 -2680.486950 473.751737 -0.187695 0.982197 -0.007727 0.376073 0.064595 -0.924336 0.907381 0.176399 0.381502
6.055163 -28.449527 2403.036506 2179.898991 -0.207970 0.977891 0.021838 0.977694 0.208495 -0.025399 0.029390 -0.016068 0.999439
-0.521088 -26.977104 3930.956321 2240.421488 -0.193495 0.981101 0.001131 0.980982 0.193489 -0.015372 0.015300 0.001865 0.999881
9.907033 -34.600498 -1054.573417 2944.324201 0.174414 -0.983625 -0.045398 0.984671 0.174299 0.006502 0.001518 -0.045836 0.998948
3.353701 -21.729928 2786.866591 1678.356357 -0.296215 0.955028 0.013354 0.951301 0.296251 -0.085220 0.085344 0.012540 0.996273
9.288157 -27.283237 2027.108910 2996.467247 -0.231465 0.972128 0.037285 0.970185 0.233494 -0.064967 0.071863 -0.021136 0.997191
-33.392318 -115.351352 522.001379 -13869.013547 -0.056640 0.997578 0.040381 0.530251 -0.004213 0.847831 -0.845947 -0.069434 0.528727
-28.982658 -85.531645 -47.401634 -13206.287239 -0.070459 0.996156 0.052035 0.308495 -0.027847 0.950818 -0.948613 -0.083047 0.305347
-33.025588 -115.173091 68.079299 -15944.146488 -0.102284 0.982861 0.153369 0.500278 -0.082436 0.861932 -0.859802 -0.164889 0.483272
-25.701559 -88.321753 1499.193999 -12159.581033 -0.037011 0.994746 -0.095445 0.354477 0.102368 0.929444 -0.934332 -0.000566 0.356404
-35.578058 -131.094368 -541.843974 -9312.424724 -0.111271 0.981237 0.157460 0.733904 -0.025699 0.678767 -0.670078 -0.191087 0.717274
-35.645005 -131.398120 410.429609 -9400.356441 -0.047550 0.997036 0.060486 0.748493 -0.004533 0.663127 -0.661436 -0.076805 0.746059
-29.453794 -114.351921 2141.711603 -10949.234116 0.000018 0.997650 -0.068512 0.579227 0.055838 0.813252 -0.815166 0.039699 0.577865
-4.578321 -96.944082 -322.283138 -2575.041415 0.187535 0.928547 0.320359 0.183402 0.287309 -0.940115 0.964984 -0.235059 0.116416
-4.207696 -95.664681 -394.929526 -1082.188536 0.186067 0.923508 0.335427 0.358477 0.254048 -0.898306 0.914808 -0.287388 0.283786
-3.999313 -99.902301 -140.180775 -2015.407244 0.204489 0.929496 0.306957 0.142272 0.282031 -0.948798 0.968475 -0.237690 0.074569
-5.232725 -93.306105 -397.996687 -1316.568038 0.156392 0.926765 0.341538 0.364502 0.267230 -0.892035 0.917976 -0.263998 0.296015
-4.550965 -101.198060 -195.451066 -860.028782 0.186334 0.935160 0.301257 -0.028925 0.311715 -0.949735 0.982061 -0.168255 -0.085132
-5.725052 -96.152705 -331.088689 -1663.911935 0.160222 0.931488 0.326588 0.155364 0.302941 -0.940260 0.974777 -0.201390 0.096182
-34.712363 -59.268888 4057.706945 -229.514494 0.694187 0.034312 -0.718976 0.089062 0.987093 0.133099 0.714263 -0.156429 0.682172
-35.071563 -62.035387 4586.111916 274.091978 0.693638 -0.080314 -0.715833 0.227110 0.967463 0.111522 0.683585 -0.239928 0.689309
-25.776813 -55.236595 6555.999193 167.623961 0.598982 -0.198844 -0.775682 0.320721 0.947161 0.004859 0.733729 -0.251688 0.631106
-4.523995 -20.370098 186.944271 -3899.327926 -0.614471 -0.728644 0.302496 0.774902 -0.485404 0.404857 -0.148164 0.483177 0.862894
-5.398574 -14.293943 -290.012726 -3305.461015 -0.574565 -0.751343 0.324590 0.803393 -0.441999 0.398994 -0.156313 0.490021 0.857581
2.319695 -105.465457 478.765986 -3693.017989 -0.747193 0.460248 -0.479452 -0.035417 0.692808 0.720252 0.663663 0.555148 -0.501360
3.711684 -102.467088 1889.229190 -3300.814375 -0.758618 0.460804 -0.460606 -0.010354 0.698339 0.715692 0.651453 0.547706 -0.525001
6.185789 -111.890144 1671.259407 -3165.506669 -0.754839 0.473595 -0.453790 -0.088633 0.611853 0.785990 0.649894 0.633517 -0.419874
-8.628156 -87.715028 635.431679 -2572.017172 -0.022817 0.900265 0.434745 -0.822501 -0.264101 0.503730 -0.568306 0.346085 -0.746494
-6.511283 -93.368155 901.343581 -4165.205518 -0.019814 0.900397 0.434618 -0.714448 -0.316846 0.623837 -0.699407 0.298151 -0.649565
-4.186318 -88.706295 1373.486748 -3838.380679 -0.050051 0.877192 0.477524 -0.829499 -0.302805 0.469298 -0.556261 0.372617 -0.742785
-9.532779 -92.976532 497.576693 -4728.294549 -0.009626 0.922025 0.387011 -0.721077 -0.274542 0.636141 -0.692788 0.272942 -0.667493
-7.069209 -83.393780 1260.446073 1035.654067 -0.048040 0.873304 0.484801 0.906189 0.242259 -0.346601 -0.420136 0.422670 -0.803017
-10.498647 -82.995884 670.693853 257.689561 -0.022487 0.898821 0.437739 -0.899150 -0.209599 0.384184 -0.437062 0.384953 -0.812888
-11.060277 -87.061098 310.615205 -2000.628951 -0.010071 0.924374 0.381354 -0.823013 -0.224269 0.521875 -0.567934 0.308603 -0.763030
-5.628983 -126.724889 -3528.604363 -2890.092792 -0.653837 0.156015 -0.740376 0.443399 0.871893 -0.207844 0.613102 -0.464178 -0.639253
-4.472756 -121.071831 2438.379407 1096.801701 0.667588 -0.181699 0.722019 0.552633 0.770784 -0.317001 0.498922 -0.610638 -0.614979
68.483202 -38.103761 -47.249764 -3256.624292 0.811302 -0.045130 0.582883 0.558882 0.352479 -0.750606 0.171579 -0.934731 -0.311189
114.290543 -37.441678 20174.814384 -4553.630808 0.734923 0.360171 0.574600 0.514847 0.255152 -0.818431 0.441386 -0.897315 -0.002084
90.000736 -39.922043 18094.422080 -1764.407150 0.717430 0.305675 0.625985 0.501997 0.396182 -0.768790 0.483004 -0.865796 -0.130785
-18.128417 -75.240907 1174.849336 -2071.892485 -0.819389 0.377816 -0.431111 0.016375 0.767184 0.641218 0.573004 0.518348 -0.634809
-15.867728 -75.443806 1361.239302 261.325763 -0.806379 0.350646 -0.476236 0.072981 0.858115 0.508244 0.586879 0.375081 -0.717556
-12.506741 -70.662715 2317.849650 1046.071172 -0.824209 0.277537 -0.493611 0.014987 0.882051 0.470915 0.566087 0.380735 -0.731154
-25.446112 -45.924703 -9263.944926 24819.366870 0.555016 -0.240659 -0.796267 0.749938 -0.269427 0.604154 -0.359931 -0.932466 0.030943
7.539595 -52.344543 3321.673878 -23405.429269 0.825324 -0.543008 0.154865 0.043518 -0.212278 -0.976240 -0.562980 -0.812453 0.151567
21.968216 -29.743828 8880.182187 7253.441781 0.902571 -0.415303 -0.113534 -0.100388 0.053431 -0.993513 -0.418675 -0.908113 -0.006534
-14.956809 -177.730983 11733.548349 -92038.091133 0.734121 -0.427910 0.527219 0.378071 -0.387363 -0.840840 -0.564028 -0.816605 0.122591
-40.026530 -67.102441 -7996.676193 17143.593528 -0.202268 0.099489 -0.974264 0.851883 -0.472868 -0.225148 -0.483098 -0.875499 0.010893
-17.968941 -2340.181501 -11067.207607 847538.738079 0.089386 0.095220 -0.991435 0.901224 -0.431522 0.039808 -0.424035 -0.897063 -0.124387
-31.678756 -198.827867 5027.895585 112494.326144 0.120756 0.015061 -0.992568 0.958622 -0.261441 0.112659 -0.257801 -0.965102 -0.046008
-213.624533 -3129.779029 -84055.291470 132224.097232 0.038382 -0.223409 0.973969 0.720662 0.681388 0.127897 -0.692224 0.696993 0.187155
180.658445 -5066.098989 -67127.404436 4121719.103305 -0.015925 -0.108660 0.993951 0.474044 0.874434 0.103189 -0.880357 0.472820 0.037585
-3.934318 -129.187115 -2635.557408 10600.461746 0.659725 -0.219080 0.718865 0.570836 0.768240 -0.289747 0.488783 -0.601508 -0.631886
-5.316819 -154.906137 -3348.778074 22115.142002 0.689136 -0.216895 0.691410 0.646849 0.614198 -0.452048 0.326616 -0.758761 -0.563564
-2.207152 -133.709829 -2338.001343 8339.721548 0.672420 -0.223067 0.705757 0.595584 0.729196 -0.336976 0.439467 -0.646927 -0.623181
15.826711 -64.434204 3822.846793 1205.596754 -0.829902 0.238747 -0.504245 0.301282 0.952478 -0.044887 0.469565 -0.189172 -0.862393
73.717818 26.924702 28181.682639 3297.848638 -0.957837 -0.161972 -0.237305 -0.158729 0.986776 -0.032839 0.239485 0.006213 -0.970880
23.168887 -37.723280 -3048.040005 81.177253 -0.080424 0.983576 0.161585 -0.794766 0.034559 -0.605931 0.601563 0.177154 -0.778934
21.030292 -39.953836 -3341.410689 2379.066307 -0.118357 0.984312 0.130846 -0.745884 -0.001145 -0.666074 0.655475 0.176431 -0.734319
25.231209 -37.585678 -2058.543222 1871.160789 -0.131835 0.969122 0.208378 -0.724603 0.049232 -0.687405 0.676439 0.241615 -0.695739
-7.970390 -27.208190 -4264.072677 10844.391100 -0.424979 -0.481593 -0.766460 0.833808 -0.537863 -0.124364 -0.352358 -0.691933 0.630137
55.488701 -18.588897 33158.316288 -6243.124797 0.910144 -0.414268 -0.004459 -0.268088 -0.580714 -0.768700 -0.315859 -0.700823 0.639594
0.426433 -440.918831 -12242.058732 -101135.318107 0.025570 0.026383 -0.999325 0.878185 0.477034 0.035065 0.477637 -0.878489 -0.010971
-4.584089 -310.539967 -5612.583385 60577.274928 -0.032804 0.005124 -0.999449 0.476020 0.879364 -0.011116 0.878823 -0.476122 -0.031286
61.808795 -96.420827 -4107.298987 187.850760 -0.345733 0.881229 0.322342 -0.341751 -0.438188 0.831383 -0.873885 -0.177276 -0.452657
9.788683 -41.226311 -3098.069927 1093.013516 0.018499 0.973820 0.226567 -0.008719 -0.226440 0.973986 -0.999791 0.019993 -0.004302
9.187082 -37.477940 -1979.469371 861.779210 0.032355 0.986043 0.163315 0.088828 -0.165591 0.982186 -0.995521 0.017272 0.092945
6.921567 -38.151018 -1796.752746 1554.352538 0.024057 0.983794 0.177683 0.107034 -0.179248 0.977964 -0.993964 0.004508 0.109611
9.981292 -32.681137 -356.894636 1202.740416 0.055715 0.991511 0.117480 0.175218 -0.125546 0.976492 -0.982952 0.033820 0.180725
8.960054 -32.902643 -1313.158854 2117.983650 0.037385 0.991468 0.124875 0.198251 -0.129837 0.971514 -0.979438 0.011564 0.201414
26.014483 -47.756991 8269.025112 1371.988158 -0.148227 0.988888 0.011379 -0.854712 -0.133887 0.501540 -0.497490 -0.064616 -0.865060
31.211707 -46.397556 -162.346425 1394.765403 -0.236493 0.968481 -0.078202 -0.832762 -0.160570 0.529834 -0.500577 -0.190426 -0.844488
24.262563 -48.488384 4948.468071 693.174435 -0.159623 0.986738 0.029461 -0.932650 -0.160520 0.323107 -0.323551 -0.024098 -0.945904
21.560211 -48.284515 4977.650424 938.415621 -0.152073 0.987913 0.030041 -0.892769 -0.150341 0.424689 -0.424072 -0.037763 -0.904841
4.921634 -55.537832 103.367956 -2110.168474 0.321328 0.946955 0.004982 -0.917390 0.312591 -0.246339 0.234829 -0.074585 -0.969171
4.598518 -55.454165 289.961457 -2079.192220 0.349442 0.936958 0.000168 -0.912645 0.340415 -0.226265 0.212058 -0.078913 -0.974066
4.619612 -57.305022 -501.565401 -1272.224922 0.312427 0.949941 0.001011 -0.930738 0.306324 -0.199733 0.190044 -0.061461 -0.979850
5.484477 -51.279796 630.640494 -2108.686619 0.336359 0.941489 0.021464 -0.864188 0.317639 -0.390237 0.374222 -0.112710 -0.920464
4.934790 -52.661953 131.304327 -1546.551094 0.326065 0.945110 0.021183 -0.876655 0.310682 -0.367359 0.353776 -0.101213 -0.929838
10.858945 -65.753660 1839.060223 -15892.120166 0.398249 0.870075 0.290459 -0.424655 0.455559 -0.782390 0.813059 -0.188241 -0.550908
6.748766 -50.396923 524.993374 -5469.996383 0.443101 0.839815 0.313644 -0.359587 0.486988 -0.795952 0.821193 -0.239905 -0.517771
-9.562786 -88.310705 -566.570791 -827.475814 0.436414 0.881492 0.180317 0.878609 -0.374332 -0.296518 -0.193880 0.287832 -0.937850
-8.662327 -93.693687 -619.145871 -1883.042378 0.469476 0.871985 0.138692 0.882585 -0.458970 -0.101936 -0.025231 0.170264 -0.985075
-9.305216 -97.399500 -505.477004 1262.839700 0.490968 0.858786 0.146413 -0.855574 0.506982 -0.104701 0.164144 0.073862 -0.983667
-8.061753 -88.622583 1106.259244 -6678.968526 0.270276 0.885975 0.376828 -0.586020 0.461926 -0.665736 0.763892 0.040897 -0.644047
-11.802840 -95.625831 545.818688 -3419.696047 0.298247 0.893352 0.336112 -0.718418 0.441950 -0.537174 0.628430 0.081258 -0.773611
-10.935642 -100.391595 519.331364 -88.434899 0.302698 0.887549 0.347320 -0.833205 0.423364 -0.355714 0.462756 0.181715 -0.867661
150.515243 -53.030654 -40033.287417 -7597.410299 -0.514091 -0.681959 -0.520233 0.800129 -0.162761 -0.577323 0.309038 -0.713050 0.629329
-4.108955 -130.510643 -4714.852287 3513.576319 0.515088 0.761142 0.394141 0.525891 0.082478 -0.846543 0.676848 -0.643319 0.357795
-14.890136 -129.545646 -2472.503500 1939.250800 0.490940 0.808779 0.323812 0.501510 0.041558 -0.864153 0.712366 -0.586642 0.385208
-2.046520 -109.770486 -503.382082 7226.244146 0.585496 0.735367 -0.341218 0.774212 -0.382403 0.504345 0.240395 -0.559467 -0.793225
0.209966 -112.396491 1386.196741 470.736851 0.564011 0.762805 -0.316259 0.738261 -0.294215 0.606966 0.369949 -0.575818 -0.729090
-0.360448 -113.739641 -229.205649 -554.158637 0.571941 0.741629 -0.350527 0.761073 -0.320343 0.564046 0.306024 -0.589378 -0.747651
1.454543 -122.337533 1287.721985 -10937.336109 0.550949 0.770237 -0.321233 0.693314 -0.208195 0.689906 0.464512 -0.602818 -0.648721
0.719871 -116.281926 67.631991 -7080.664295 0.559589 0.751487 -0.349468 0.721878 -0.234821 0.650962 0.407127 -0.616544 -0.673885
5.678306 -95.060838 -602.757375 -6247.934663 0.496783 0.775124 -0.390371 -0.658080 0.629682 0.412834 -0.565807 -0.051806 -0.822908
7.249521 -109.013865 -876.849681 -10668.530947 0.478139 0.792067 -0.379492 -0.582653 0.609372 0.537756 -0.657190 0.036010 -0.752864
3.339359 -92.710164 -561.910431 -5919.449732 0.471755 0.792185 -0.387157 -0.669734 0.607535 0.427035 -0.573501 -0.057836 -0.817160
-6.883894 -10.001649 398.900148 -669.312582 0.765036 0.195821 0.613493 -0.451448 0.842450 0.294061 0.459254 0.501928 -0.732908
-5.877398 -9.706950 -739.438902 393.317852 0.539709 0.506365 0.672539 0.697505 -0.716288 -0.020440 0.471382 0.480131 -0.739779
-4.016966 -9.524005 -968.764821 33.842609 0.311047 0.695994 0.647180 0.838275 -0.521780 0.158244 0.447822 0.493294 -0.745732
-20.816721 -49.902031 2388.192902 -22698.675625 0.605861 0.667677 -0.432597 0.008057 -0.548878 -0.835864 0.795530 -0.502931 0.337923
-37.877243 -112.198227 -15768.894777 -53768.480197 0.789711 0.589210 -0.170842 0.164626 -0.471802 -0.866199 0.590977 -0.655923 0.469586
36.443030 -164.318213 -68336.179727 -797.267496 0.857256 0.494388 0.143849 0.017273 0.251607 -0.967675 0.514601 -0.832030 -0.207152
-0.751975 -57.859760 -6055.031871 -4241.858386 0.662024 0.613048 -0.431156 -0.007200 -0.570043 -0.821583 0.749448 -0.547012 0.372968
-0.461424 -117.746115 -3970.213080 -39751.712073 0.564335 0.825528 0.005344 0.289351 -0.191731 -0.937825 0.773176 -0.530794 0.347068
-8.665685 -50.505414 9288.565936 -19247.733238 0.390687 0.913982 0.109541 0.375666 -0.049668 -0.925423 0.840380 -0.402702 0.362757
-9.029937 -33.514794 3548.523216 14570.648457 0.490661 0.449828 -0.746262 0.204739 0.772948 0.600528 0.846955 -0.447445 0.287158
-11.042348 -44.377392 -589.442798 4811.165414 -0.643420 0.739197 0.198993 -0.716521 -0.673040 0.183344 -0.269457 0.024616 -0.962698
-9.905035 -42.726970 596.246773 4775.932273 -0.517892 0.841800 0.152184 -0.806515 -0.539784 0.241176 -0.285169 -0.002164 -0.958475
-5.853545 -35.145296 298.300321 5444.700152 -0.658734 0.723117 0.207777 -0.670381 -0.689487 0.274222 -0.341554 -0.041350 -0.938952
-27.908321 -643.632113 -7704.686045 -231355.789800 0.939046 -0.022569 -0.343049 -0.316777 0.330916 -0.888902 -0.133582 -0.943390 -0.303596
-45.483992 -610.542473 -2072.330336 -188294.116581 0.918459 -0.034864 -0.393976 -0.294242 0.605410 -0.739528 -0.264300 -0.795150 -0.545786
-69.284396 -478.687762 -3978.582660 -150293.374236 0.951647 -0.043573 -0.304088 -0.238880 0.517413 -0.821718 -0.193144 -0.854626 -0.481986
-61.354034 -1119.574873 -9948.015199 -414502.512413 0.923400 -0.007953 -0.383757 -0.365192 0.289628 -0.884732 -0.118183 -0.957106 -0.264539
-160.929361 -1316.956311 32197.202135 -532168.763597 0.981546 0.019505 -0.190226 -0.118475 0.842884 -0.524891 -0.150101 -0.537742 -0.829640
-29.338800 -1569.916489 27967.982414 -667341.557287 0.978192 -0.183229 0.097809 0.172707 0.455960 -0.873082 -0.115377 -0.870935 -0.477661
10.351665 -64.801414 843.375898 -124.532665 0.766386 0.571711 0.292914 -0.640628 0.713868 0.282821 0.047410 0.404399 -0.913353
11.401324 -60.828332 -2985.606218 6204.062619 0.524175 0.824452 0.213352 0.851526 -0.503876 -0.144956 -0.012006 0.257657 -0.966162
16.139821 -86.699445 -5413.820218 2955.278216 0.556338 0.817742 0.147603 0.816745 -0.505416 -0.278358 -0.153024 0.275415 -0.949068
-20.376398 -85.649471 -7677.031091 15905.949005 -0.462249 0.875153 0.142946 0.775222 0.477092 -0.414021 0.430530 0.080566 0.898973
-3.576827 -53.864071 12204.550614 -20572.424748 0.036474 0.998478 -0.041371 0.983688 -0.028575 0.177600 -0.176148 0.047174 0.983233
-5.128901 -20.103792 1536.082835 393.189825 -0.522803 0.851069 0.048569 0.846591 0.525035 -0.087307 0.099805 0.004526 0.994997
-5.401906 -21.603830 65.793098 546.473855 0.725922 -0.682011 -0.088871 0.676850 0.731342 -0.083744 0.122110 0.000639 0.992516
-11.529464 -22.269068 1054.282712 1090.456570 -0.510487 0.858285 0.052438 0.858013 0.512449 -0.034765 0.056710 -0.027245 0.998019
-9.288589 -22.727778 744.645293 1201.307407 0.781172 -0.618244 -0.086864 0.618552 0.785295 -0.026579 0.084646 -0.032967 0.995866
-5.654842 -22.556575 3078.585627 1435.896787 -0.341702 0.939638 0.017904 0.938095 0.342167 -0.053854 0.056730 0.001607 0.998388
-10.805628 -46.179514 -3477.264269 -17.175587 -0.023828 0.999230 -0.031156 0.606323 -0.010334 -0.795152 0.794862 0.037838 0.605610
-28.153799 -83.534727 -755.430053 -14655.291374 -0.105721 0.972210 0.208878 0.280205 -0.172418 0.944329 -0.954101 -0.158364 0.254190
-22.554286 -55.590551 -651.930219 -7164.303208 -0.085899 0.993215 0.078398 0.174808 -0.062443 0.982621 -0.980848 -0.098110 0.168258
-20.830113 -61.715698 665.319553 -8454.523693 -0.054845 0.993148 -0.103195 0.180546 0.111511 0.977225 -0.982036 -0.034965 0.185425
-3.602310 -99.549533 -13.012556 -181.899309 0.192757 0.926523 0.323110 0.338169 0.246387 -0.908259 0.921133 -0.284339 0.265829
