10019
20021
-39.830531 -71.762883 -3406.831630 9177.149473 0.116577 0.734789 0.668202 -0.774063 0.488760 -0.402419 0.622284 0.470318 -0.625751
-46.695881 -75.949248 -1367.813799 6381.906697 0.028833 0.728968 0.683940 -0.680848 0.515285 -0.520507 0.731857 0.450651 -0.511174
-27.209469 -77.604679 -5980.933336 3276.291912 0.119133 0.790467 0.600807 -0.607003 0.536847 -0.585955 0.785720 0.294885 -0.543772
-46.143106 -66.174264 837.131902 5344.882291 -0.385511 0.842188 0.376964 -0.630125 0.058144 -0.774314 0.674035 0.536041 -0.508269
-18.620396 -78.308974 -6718.301092 12022.893503 0.176428 0.801752 0.571023 -0.770237 0.473656 -0.427065 0.612868 0.364477 -0.701106
-29.103797 -58.226904 -4017.285732 10760.029329 0.083351 0.821471 0.564126 -0.853022 0.351473 -0.385773 0.515176 0.449057 -0.730028
-40.930118 -51.217577 -48.571060 -5696.346898 -0.395494 0.839608 0.372348 0.743250 0.054394 0.666799 0.539596 0.540463 -0.645551
38.138346 -125.926242 -1198.547549 18484.417706 0.597412 0.763427 0.245515 -0.564086 0.617655 -0.548005 0.570005 -0.188893 -0.799633
31.174855 -91.534160 -5711.519192 13396.081540 0.712677 0.684148 0.155024 -0.551490 0.683006 -0.478917 0.433532 -0.255819 -0.864064
32.342271 -120.312606 12143.686067 20406.509362 -0.778823 -0.616343 -0.116432 -0.412424 0.643048 -0.645288 0.472590 -0.454545 -0.755015
54.421586 -135.552144 -1910.894357 12015.953367 0.631503 0.747822 0.204855 -0.312048 0.486979 -0.815768 0.709810 -0.451235 -0.540885
-45.477569 -66.370322 -10979.477691 -2492.357470 0.086352 0.560342 -0.823748 0.650488 0.594552 0.472624 0.754592 -0.576650 -0.313154
-0.602020 -57.092928 -22902.261710 696.914299 0.447812 0.659822 -0.603407 0.638189 0.236795 0.732559 0.626242 -0.713136 -0.315051
-42.985079 -62.988540 -16481.425677 -70.796575 0.335170 0.719026 -0.608820 0.706037 0.236185 0.667629 0.623837 -0.653619 -0.428497
-4.245754 -43.709903 -2667.237070 620.015355 -0.045521 0.986359 0.158192 -0.979720 -0.013149 -0.199937 0.195130 0.164085 -0.966954
-1.038064 -45.364604 -2086.531386 637.682845 -0.055195 0.984556 0.166139 -0.946123 0.001600 -0.323802 0.319068 0.175060 -0.931424
0.295301 -43.109260 -1548.143119 -1103.147671 -0.060410 0.986244 0.153862 0.984979 0.033919 0.169308 0.161761 0.161779 -0.973479
24.408467 -82.467232 -3493.974178 -2195.341631 -0.107053 0.992112 -0.065211 -0.762569 -0.039844 0.645679 -0.637987 -0.118850 -0.760820
20.043101 -80.453809 -4126.540790 -5270.066304 -0.116739 0.986517 -0.114702 -0.856136 -0.041421 0.515088 -0.503392 -0.158332 -0.849428
24.611500 -82.601449 -2893.624008 -7858.283124 -0.069052 0.994553 -0.078078 -0.882554 -0.024412 0.469576 -0.465113 -0.101334 -0.879433
1.941034 -137.668130 -585.596753 -8297.608026 0.069211 0.978290 -0.195341 0.980118 -0.030182 0.196106 0.185953 -0.205030 -0.960929
0.053074 -125.842737 -632.951504 3737.086488 0.047600 0.976431 -0.210517 -0.970821 -0.004367 -0.239767 0.235035 -0.215787 -0.947731
-0.612449 -137.403076 -105.359074 14045.237581 0.086625 0.981256 -0.172142 -0.896015 0.001205 -0.444023 0.435493 -0.192705 -0.879324
-1.790996 -142.655430 63.244690 14237.243643 0.103689 0.985485 -0.134419 -0.732147 -0.015849 -0.680962 0.673208 -0.169022 -0.719877
-0.128640 -154.255850 -264.491208 14802.056694 0.106405 0.983391 -0.147039 -0.744884 -0.019122 -0.666920 0.658655 -0.180491 -0.730477
2.546423 -154.519432 -1007.230290 18492.222670 0.107236 0.978791 -0.174552 -0.903413 0.022620 -0.428173 0.415144 -0.203609 -0.886679
-7.977736 -55.453772 -132.917857 -1414.849359 0.041053 0.998526 0.035509 0.560375 0.006413 -0.828214 0.827221 -0.053898 0.559286
-7.561937 -51.932960 -119.443771 -1146.550773 0.013907 0.997729 0.065899 0.703012 0.037110 -0.710209 0.711042 -0.056205 0.700900
-6.734016 -57.082204 -665.535690 -1262.555924 0.071884 0.996246 0.048232 0.589218 -0.003399 -0.807967 0.804770 -0.086499 0.587251
-7.288707 -62.249337 -611.467274 -1433.296567 0.096954 0.995237 0.010144 0.412882 -0.030945 -0.910259 0.905610 -0.092441 0.413915
-8.554683 -60.737869 -226.194391 -1520.326834 0.062904 0.998019 0.001254 0.385506 -0.023139 -0.922415 0.920559 -0.058507 0.386197
-5.399478 -223.063082 -330.027835 -929.590143 0.144241 0.263573 -0.953795 0.732170 0.619980 0.282051 0.665674 -0.739023 -0.103554
-8.690620 -214.720124 -60.003470 -16462.166987 0.155613 0.293462 -0.943220 0.912371 0.323300 0.251111 0.378634 -0.899643 -0.217436
-7.955955 -245.618329 928.272676 15518.781414 0.142837 0.343490 -0.928231 0.711937 0.615852 0.337449 0.687563 -0.709042 -0.156576
26.361802 -25.832457 -608.907431 -245.448467 0.404130 -0.183151 0.896178 0.620877 -0.664548 -0.415797 0.671707 0.724453 -0.154850
17.511001 -25.210700 1996.567375 249.051621 -0.475582 0.259640 -0.840482 -0.511930 0.695302 0.504464 0.715367 0.670181 -0.197755
20.280323 -31.529708 -811.896143 160.592392 -0.407213 0.281734 -0.868794 -0.575776 0.659219 0.483645 0.708985 0.697177 -0.106227
7.840197 -584.523197 -5191.675017 -151069.459798 0.799125 -0.052989 -0.598825 0.376712 -0.732139 0.567504 0.468494 0.679091 0.565109
-161.869988 -329.705072 -766.345263 -46546.493940 0.905278 -0.423407 -0.034626 -0.145245 -0.385078 0.911383 0.399219 0.820025 0.410100
-97.183699 -1532.006489 11004.708022 -485025.746297 0.845865 -0.142755 -0.513939 0.436756 -0.367743 0.820981 0.306197 0.918905 0.248712
-49.012028 -66.337294 5349.940330 -3483.735121 -0.509135 0.841472 -0.180848 -0.431970 -0.431565 -0.791930 0.744435 0.325078 -0.583216
-60.285834 -71.157420 4001.449799 4101.305349 -0.541488 0.686526 -0.485255 0.309299 0.699396 0.644344 0.781744 0.198816 -0.591057
-53.929634 -73.185395 4710.648574 -2443.666162 -0.578567 0.739473 -0.344153 -0.463884 -0.645384 -0.606870 0.670874 0.191467 -0.716427
-63.647234 -78.247371 3102.522990 2299.823498 -0.619617 0.548812 -0.561142 0.375721 0.835074 0.401851 0.689136 0.038161 -0.723627
-56.933374 -75.371822 3874.533605 366.089479 -0.677541 0.608415 -0.413243 0.483182 0.791818 0.373577 0.554503 0.053442 -0.830464
-47.981614 -71.919654 5371.326465 -642.560979 -0.633390 0.737173 -0.235359 -0.551724 -0.643461 -0.530621 0.542604 0.206237 -0.814277
-8.529884 -42.550087 -958.862705 789.526735 -0.046343 0.994643 0.092404 0.953345 0.016415 0.301435 -0.298304 -0.102062 0.948999
-4.266561 -43.841741 -1146.248997 -198.000740 -0.042520 0.992067 0.118301 0.975166 0.015449 0.220936 -0.217356 -0.124758 0.968087
-7.373521 -41.677920 -788.998878 -366.824801 0.010008 0.994262 0.106507 0.983366 -0.029104 0.179286 -0.181357 -0.102941 0.978015
-55.953436 -80.497659 -486.663769 1519.103349 -0.631530 0.742418 0.223572 0.136084 0.390007 -0.910701 0.763316 0.544710 0.347332
-54.615870 -83.188506 -1055.783290 111.173516 -0.535683 0.782570 0.317219 -0.001963 0.374510 -0.927221 0.844417 0.497319 0.199082
-54.840165 -78.507585 -337.801589 1178.499532 -0.664940 0.712438 0.224248 0.019189 0.316436 -0.948420 0.746650 0.626339 0.224082
-10.825771 -410.059805 -4858.854367 -86173.032477 0.991178 -0.055621 -0.120298 -0.089171 0.391633 -0.915791 -0.098050 -0.918439 -0.383218
22.209155 -1472.858168 -2055.440226 -422456.434612 0.983038 -0.174215 -0.057325 0.087505 0.720215 -0.688210 -0.161183 -0.671520 -0.723243
1.765377 -1137.042148 10167.507656 -209145.574971 0.953517 -0.297461 -0.048191 0.272200 0.918834 -0.285746 -0.129278 -0.259346 -0.957093
-20.015792 -42.089843 695.281612 -1901.747229 0.929091 0.158399 0.334215 -0.133307 0.986328 -0.096881 -0.344992 0.045458 0.937504
-19.793344 -41.464282 -785.325170 -1718.081553 0.817252 0.461237 0.345486 -0.412095 0.886818 -0.209120 -0.402837 0.028530 0.914827
-13.206476 -36.433506 -1269.907794 -2538.966592 0.823564 0.439650 0.358400 -0.446317 0.892219 -0.068900 -0.350063 -0.103217 0.931022
-25.543842 -43.925749 660.996619 -7.737343 0.924430 0.148520 0.351243 -0.073301 0.973072 -0.218535 -0.374242 0.176273 0.910423
-17.326941 -40.143426 622.228620 -2920.141647 0.945689 0.092411 0.311660 -0.098040 0.995180 0.002404 -0.309936 -0.032828 0.950191
-23.895003 -47.565953 1450.294655 -1095.984304 0.940294 -0.111134 0.321710 0.168204 0.973433 -0.155356 -0.295898 0.200194 0.934006
-20.144646 -45.360691 1631.428352 -1904.125981 0.957925 -0.062754 0.280073 0.084002 0.994375 -0.064506 -0.274450 0.085319 0.957809
2.929808 -52.708291 299.875151 97.194872 0.761630 -0.383760 -0.522157 -0.588777 -0.073248 -0.804970 -0.270669 -0.920523 0.281737
3.316853 -54.998937 -172.741334 -356.706458 0.772278 -0.405133 -0.489341 -0.573704 -0.113923 -0.811101 -0.272856 -0.907132 0.320407
4.445925 -53.185625 449.936013 -239.703165 0.748803 -0.382432 -0.541331 -0.642970 -0.220888 -0.733347 -0.160882 -0.897193 0.411294
1.466223 -55.028348 -234.694003 78.707055 0.788839 -0.407032 -0.460497 -0.493443 0.027239 -0.869352 -0.366397 -0.913008 0.179360
2.238925 -52.272422 831.137238 205.619844 0.741379 -0.364285 -0.563608 -0.650540 -0.183891 -0.736873 -0.164789 -0.912951 0.373315
0.984995 -50.572934 714.792289 660.072670 0.754470 -0.367502 -0.543799 -0.594988 -0.033208 -0.803048 -0.277063 -0.929430 0.243713
1.364319 -51.584106 186.240806 542.639271 0.780603 -0.388548 -0.489580 -0.506542 0.065608 -0.859716 -0.366162 -0.919090 0.145602
2.167283 -106.848613 -1714.386789 1178.241705 0.184353 -0.559702 -0.807928 0.912473 -0.208013 0.352312 -0.365249 -0.802162 0.472365
1.444398 -105.923559 -1163.684980 3346.117177 0.151020 -0.536143 -0.830508 0.931574 -0.203870 0.301009 -0.330699 -0.819138 0.468669
-3.583364 -97.665213 -284.500014 4266.429414 0.164171 -0.538601 -0.826412 0.978504 -0.017083 0.205518 -0.124810 -0.842388 0.524219
-4.482615 -96.192289 -248.699847 1609.088914 0.219807 -0.546262 -0.808259 0.961925 -0.016589 0.272809 -0.162433 -0.837450 0.521817
-15.797823 -65.745355 -1694.281029 -1187.938344 0.632607 -0.541802 -0.553407 0.607602 0.790287 -0.079157 0.480238 -0.286176 0.829141
-20.915340 -63.836610 -447.592960 -93.702002 0.581653 -0.531087 -0.616138 0.613261 0.783929 -0.096779 0.534406 -0.321562 0.781670
-17.559479 -76.494142 -1508.876020 -5929.694705 0.613155 -0.557101 -0.560071 0.536527 0.814059 -0.222364 0.579810 -0.164150 0.798045
-19.294691 -66.522699 -1462.306163 3357.996833 0.595567 -0.548329 -0.587057 0.690368 0.723025 0.025049 0.410721 -0.420203 0.809158
-10.569034 -76.071795 -1933.330718 -5354.173532 0.651856 -0.562565 -0.508531 0.529056 0.817794 -0.226523 0.543307 -0.121381 0.830713
-14.462542 -66.556638 -2530.178794 1923.128433 0.640084 -0.558841 -0.527247 0.683945 0.727090 0.059657 0.350017 -0.398793 0.847615
-9.778551 -66.331047 -2162.931143 -1894.341107 0.658359 -0.557033 -0.506239 0.613375 0.786850 -0.068110 0.436274 -0.265673 0.859699
-46.325763 -82.279059 1367.511957 17171.776793 0.391121 0.279927 0.876736 0.876402 -0.404107 -0.261948 0.280969 0.870826 -0.403383
-42.721675 -99.261308 747.958306 21026.216004 0.340065 0.263710 0.902670 0.916682 -0.307183 -0.255602 0.209880 0.914383 -0.346201
-43.242545 -59.615638 -263.022894 8390.568476 0.016168 0.300115 0.953766 0.929299 -0.356517 0.096429 0.368973 0.884775 -0.284661
-39.793234 -48.393134 -3293.511261 289.149015 -0.611788 0.509596 0.605002 0.681512 -0.048709 0.730184 0.401567 0.859034 -0.317496
-29.633275 -49.221206 2937.483169 -1352.037510 0.725799 -0.493846 -0.478887 0.506794 -0.086871 0.857679 0.465162 0.865199 -0.187227
-38.888228 -57.378141 -1322.519762 3832.886230 -0.333066 0.309259 0.890745 0.839261 -0.333354 0.429553 0.429777 0.890637 -0.148520
15.980152 -50.662183 2601.432324 -1338.596178 0.111228 0.985698 -0.126600 0.974817 -0.083438 0.206808 -0.193287 0.146415 0.970156
19.054607 -49.500831 4700.189162 -881.732367 0.150227 0.975773 -0.159059 0.942817 -0.092977 0.320079 -0.297536 0.198048 0.933943
11.958626 -50.999991 -5149.169582 -414.012251 -0.158672 -0.971322 0.177078 0.970228 -0.120158 0.210284 -0.182976 0.205172 0.961470
-5.657079 -200.821321 -3079.787122 -15810.560480 0.871540 -0.032017 -0.489278 -0.389047 0.562185 -0.729788 -0.298431 -0.826391 -0.477511
-15.787716 -176.723753 -2741.637818 -13880.200673 0.899268 -0.056771 -0.433698 -0.414661 0.204871 -0.886614 -0.139186 -0.977141 -0.160693
-3.837174 -181.568125 -2468.315366 -8017.680812 0.935068 -0.092353 -0.342227 -0.287006 0.369354 -0.883858 -0.208030 -0.924688 -0.318866
-11.999505 -172.793398 -3029.134713 -284.997446 0.941896 -0.082510 -0.325612 -0.321924 0.055009 -0.945166 -0.095897 -0.995071 -0.025251
1.545984 -25.155480 1827.016061 -4775.139792 0.526250 0.817728 0.233199 0.405197 -0.000046 -0.914229 0.747580 -0.575605 0.331365
10.877185 -23.785652 -7758.246334 -4091.883035 0.513232 0.785290 0.346285 0.452620 0.095151 -0.886612 0.729197 -0.611773 0.306603
9.195432 -14.064094 -3408.319553 -4996.292981 0.537036 0.799418 0.269302 0.442368 0.004938 -0.896820 0.718264 -0.600755 0.350985
27.529854 -3465.348069 18715.604014 1144454.917226 -0.523115 -0.181134 0.832791 0.553687 0.670621 0.493658 -0.647905 0.719346 -0.250520
22.091224 -7346.092974 61942.955744 -3833854.805245 -0.547939 -0.108394 0.829466 0.002395 0.991362 0.131132 -0.836515 0.073839 -0.542946
-37.552426 -527.513758 -18539.555048 81264.807208 0.673110 0.222978 -0.705127 0.584770 0.423216 0.692049 -0.452732 0.878163 -0.154480
29.498367 -1980.399300 10909.983479 568303.609242 -0.538784 -0.035524 0.841694 0.841669 -0.065545 0.536001 0.036128 0.997217 0.065214
2.381068 -170.616734 4461.621651 21292.578791 -0.671718 -0.062984 0.738125 0.740170 -0.098383 0.665184 0.030723 0.993153 0.112705
-14.444392 -33.637583 482.267699 -902.779222 0.472458 0.797557 0.375082 0.197576 -0.510587 0.836818 -0.858922 0.321255 0.398809
-16.182529 -32.794265 782.494613 -1098.910731 0.430367 0.805976 0.406433 0.147673 -0.507064 0.849164 -0.890492 0.305433 0.337245
-15.400205 -34.108299 370.631758 -455.464424 0.441232 0.798113 0.410281 0.228165 -0.541941 0.808852 -0.867903 0.263279 0.421223
-28.915935 -34.038137 -1799.229440 798.115607 0.105368 -0.423124 0.899924 -0.028436 0.903310 0.428045 -0.994027 -0.070693 0.083148
-27.982328 -35.524640 -893.916852 240.954722 0.156648 -0.512883 0.844045 -0.120804 0.838229 0.531769 -0.980239 -0.185264 0.069349
-31.087855 -34.167730 -734.730690 279.772032 -0.203280 0.854010 -0.478899 0.119349 0.507076 0.853598 -0.971819 -0.116364 0.205004
-54.524792 -75.941993 1617.383092 4896.007537 -0.117231 0.753477 0.646938 -0.619837 0.453457 -0.640452 0.775925 0.476077 -0.413874
-43.840601 -79.786554 -2477.481631 1140.674748 0.011084 0.783394 0.621427 -0.522368 0.534460 -0.664443 0.852648 0.317249 -0.415144
1.295980 -51.228173 -6449.686605 -1019.143663 0.656323 0.753275 0.042626 -0.734511 0.650844 -0.192082 0.172433 -0.094758 -0.980453
7.596398 -54.916180 -4932.661166 1565.361604 0.700346 0.710721 0.066264 -0.673956 0.688977 -0.266633 0.235156 -0.142076 -0.961518
19.379253 -55.397933 768.570867 -1621.089364 0.645109 0.750254 0.144751 -0.717898 0.660004 -0.221401 0.261643 -0.038912 -0.964380
-14.339367 -53.035713 -12318.692622 1825.624262 0.701279 0.711475 -0.044843 -0.700440 0.675967 -0.229025 0.132633 -0.192021 -0.972387
-9.332132 -46.562429 -11623.709732 -562.981557 0.697310 0.715997 -0.033274 0.712108 -0.686742 0.145898 0.081612 -0.125431 -0.988740
-6.009347 -52.870649 -15926.126896 54.749974 0.314767 0.626494 -0.713041 -0.564988 -0.479976 -0.671127 0.762699 -0.614109 -0.202881
54.364970 -53.310246 -26270.905093 -881.716573 0.471135 0.689999 -0.549484 0.655704 0.142706 0.741409 0.589987 -0.709603 -0.385201
31.123332 -56.104933 -29840.241977 80.678582 0.511639 0.639681 -0.573614 0.695192 0.084116 0.713885 0.504909 -0.764024 -0.401664
50.756029 -47.709027 -19897.774436 -1048.271495 0.428965 0.730410 -0.531498 -0.560078 -0.246580 -0.790893 0.708732 -0.636946 -0.303312
-7.272070 -44.710997 -2408.761122 -180.819376 -0.042644 0.981915 0.184456 -0.937932 0.024258 -0.345969 0.344187 0.187761 -0.919936
-3.728527 -44.464273 -2148.075130 -326.159059 -0.015220 0.979130 0.202663 -0.885700 0.080857 -0.457162 0.464008 0.186457 -0.865985
0.883127 -46.215015 -1737.377103 202.040618 -0.026814 0.981859 0.187709 -0.893884 0.060508 -0.444195 0.447495 0.179701 -0.876046
7.548226 -55.090704 -576.609147 -3156.254669 -0.117512 0.982815 -0.142354 -0.308453 0.100135 0.945954 -0.943953 -0.155071 -0.291385
10.140910 -52.321774 -1656.402025 3312.139821 -0.145103 0.983236 -0.110416 -0.379227 0.047807 0.924068 -0.913856 -0.175957 -0.365933
10.201147 -47.160381 -1375.690633 -2618.399921 -0.133745 0.989727 -0.050522 -0.346626 0.001041 0.938003 -0.928420 -0.142965 -0.342926
5.847766 -57.062756 -716.141995 1681.793783 -0.136279 0.977331 -0.162024 -0.350428 0.105420 0.930638 -0.926622 -0.183604 -0.328118
6.098618 -59.226691 -77.283477 -9331.752167 -0.100790 0.990777 -0.090561 -0.275995 0.059608 0.959309 -0.955860 -0.121684 -0.267442
5.481091 -60.732966 -318.661395 -3598.318609 -0.123937 0.976884 -0.174176 -0.261406 0.137186 0.955430 -0.957239 -0.163944 -0.238361
5.542867 -67.055101 154.410932 -8360.668140 -0.100346 0.984782 -0.141896 -0.215105 0.117770 0.969464 -0.971422 -0.127804 -0.200014
2.570855 -142.537540 -1365.725822 11508.212041 0.010457 0.971548 -0.236613 0.999942 -0.009517 0.005111 0.002713 -0.236652 -0.971591
-6.398693 -53.452527 -706.458003 -1299.059213 0.040315 0.995859 0.081481 0.733413 0.025889 -0.679290 0.678586 -0.087144 0.729333
-9.414327 -59.249755 -154.046268 -1472.301886 0.029213 0.999569 -0.002737 0.358723 -0.013040 -0.933353 0.932987 -0.026285 0.358950
-10.442866 -57.504484 -310.723870 -1241.928587 -0.004176 0.999925 -0.011484 0.329255 -0.009469 -0.944194 0.944232 0.007724 0.329191
-9.668337 -53.296927 -297.434733 -1940.732977 -0.023713 0.999280 0.029614 0.510857 0.037575 -0.858844 0.859338 0.005237 0.511381
14.773313 -48.715585 -5295.651066 2037.926831 -0.421083 0.506911 -0.752151 -0.379188 0.654928 0.653671 0.823957 0.560456 -0.083565
16.918048 -45.998337 -1391.564108 2741.809983 -0.473250 0.522354 -0.709352 -0.327402 0.643261 0.692115 0.817828 0.559787 -0.133404
16.955108 -60.592959 -1771.855924 7405.537455 -0.476664 0.571088 -0.668319 -0.222680 0.657009 0.720245 0.850415 0.492136 -0.186002
13.008951 -65.446513 -3388.689148 5047.911241 -0.423738 0.525833 -0.737527 -0.311513 0.679972 0.663775 0.850533 0.511016 -0.124326
-49.612605 -56.232719 5310.845880 -3633.500564 -0.396794 0.917617 -0.023119 -0.364720 -0.180724 -0.913410 0.842339 0.354004 -0.406383
-60.285928 -68.933667 -1400.077832 6259.231176 -0.481191 0.233618 -0.844913 -0.054066 0.954091 0.294597 0.874947 0.187438 -0.446469
-65.960356 -78.158042 158.632725 4277.686424 -0.565490 0.334807 -0.753741 0.171939 0.941673 0.289290 0.806634 0.033993 -0.590073
-58.330953 -81.780433 -413.737567 783.884002 -0.508252 0.804432 0.307522 0.188449 0.452311 -0.871723 0.840337 0.385103 0.381483
-58.134644 -82.299590 617.316553 -611.395784 -0.428731 0.818970 0.381416 0.007635 0.425455 -0.904947 0.903400 0.385067 0.188659
-56.095525 -77.189896 249.166200 -190.336025 -0.661338 0.712179 0.235442 0.247671 0.503611 -0.827668 0.708020 0.489056 0.509443
-60.505924 -81.136771 865.640028 321.861623 -0.369952 0.852653 0.368942 0.164080 0.450840 -0.877395 0.914447 0.264058 0.306692
-57.484632 -76.946368 659.577966 -1500.851624 -0.421126 0.846113 0.326721 0.404650 0.497652 -0.767203 0.811734 0.190882 0.551953
-55.719244 -76.071905 -677.132173 -2248.358225 -0.536001 0.798312 0.274592 0.381853 0.519347 -0.764504 0.752921 0.304921 0.583209
9.434855 -286.216207 -1161.329514 54161.506469 0.981139 -0.190766 -0.031206 0.187110 0.896728 0.401084 0.048530 0.399358 -0.915510
15.360918 -219.758715 -387.529810 30455.679236 0.956251 -0.286860 -0.057405 0.266769 0.774497 0.573576 0.120076 0.563796 -0.817138
4.208699 -325.656923 783.964145 61098.772502 0.991239 -0.125020 -0.042604 0.130351 0.873953 0.468205 0.021301 0.469656 -0.882592
9.139948 -190.139748 3173.590569 27590.387743 0.951734 -0.306647 -0.013069 0.274634 0.831821 0.482337 0.137036 0.462646 -0.875888
8.300494 -697.073670 372.116964 136243.345399 0.991325 -0.129900 -0.020038 0.119586 0.954663 -0.272613 -0.054542 -0.267852 -0.961915
19.335509 -1214.927296 -3505.145846 337727.844216 0.998460 -0.019188 -0.052051 0.016175 0.998202 -0.057714 -0.053065 -0.056784 -0.996975
48.963362 -3368.477752 -10226.589615 780220.984444 0.994580 -0.096133 -0.039608 0.103319 0.956454 0.272985 -0.011640 0.275597 -0.961203
-33.935990 -73.046604 760.042452 3181.881242 0.178427 -0.583420 -0.792329 0.798940 0.555927 -0.229433 0.574332 -0.592087 0.565310
-31.673358 -73.136577 -2865.618242 4580.397150 0.078209 0.759109 0.646248 0.643684 0.456556 -0.614189 0.761285 -0.464014 0.452920
-30.646202 -69.114509 -1200.355828 8684.624546 0.004021 0.756022 0.654534 0.643100 0.499277 -0.580642 0.765772 -0.423265 0.484190
-33.943449 -73.065623 2346.393441 2433.631619 0.164106 -0.643407 -0.747727 0.817198 0.513227 -0.262271 0.552501 -0.568001 0.610015
-25.347943 -70.691626 1555.536009 7750.599377 -0.169483 0.728069 0.664222 0.721082 0.551031 -0.420007 0.671801 -0.407774 0.618388
-54.480810 -71.427550 1772.693168 -1643.046612 0.715320 0.337673 0.611796 0.220286 0.721897 -0.656002 -0.663168 0.604021 0.442003
-56.752103 -72.007719 217.508770 -3531.787420 0.570468 0.363238 0.736631 0.205605 0.805170 -0.556262 -0.795169 0.468784 0.384640
-55.048347 -69.757507 1174.891984 -2139.226149 0.684910 0.241390 0.687480 0.185903 0.854407 -0.485210 -0.704513 0.460130 0.540316
-11.671754 -40.161916 -1823.991035 -3131.633321 0.640870 0.693656 0.328828 -0.660213 0.716604 -0.224938 -0.391669 -0.072941 0.917210
-18.625794 -43.486650 -2024.800663 -810.985453 0.675074 0.662697 0.324203 -0.555866 0.745831 -0.367082 -0.485065 0.067594 0.871862
-25.438162 -42.198050 -821.221356 883.833869 0.829312 0.444976 0.337991 -0.326950 0.876927 -0.352281 -0.453150 0.181645 0.872731
-24.568285 -68.078300 4341.308005 5520.045073 0.050042 -0.142400 -0.988543 0.748414 0.660752 -0.057296 0.661341 -0.736973 0.139640
-23.491222 -174.949960 2062.967279 20640.979186 0.024355 -0.245814 -0.969011 0.897871 0.431594 -0.086917 0.439584 -0.867930 0.231221
-18.837765 -83.080353 3470.223885 -5431.885090 0.010889 -0.206378 -0.978412 0.851458 0.514965 -0.099147 0.524310 -0.831997 0.181330
0.708283 -58.446628 -462.961274 -335.053351 0.804692 -0.414742 -0.424806 -0.470822 -0.009922 -0.882172 -0.361659 -0.909885 0.203254
7.989157 -114.375619 -2496.559441 1992.463123 0.175412 -0.568075 -0.804066 0.818195 -0.370106 0.439976 -0.547529 -0.735059 0.399875
5.105303 -112.027205 -1888.201481 1252.975497 0.130328 -0.536679 -0.833661 0.838248 -0.389395 0.381723 -0.529486 -0.748563 0.399121
-2.833240 -104.051575 -400.491088 4751.166458 0.118925 -0.498830 -0.858502 0.949847 -0.194702 0.244709 -0.289221 -0.844547 0.450657
-23.938855 -77.652488 -1244.965580 -7317.206005 0.566548 -0.559594 -0.604878 0.561115 0.799558 -0.214142 0.603468 -0.218085 0.766985
-7.803539 -121.736527 -2889.109405 -13033.325104 -0.882378 0.429178 0.192914 0.429151 0.902155 -0.044120 -0.192973 0.043859 -0.980223
-4.102328 -137.373060 961.060112 -14447.314518 0.883691 -0.415870 -0.214808 0.449585 0.881829 0.142304 -0.130244 0.222327 -0.966233
-5.804401 -107.007294 918.047230 -16801.138836 -0.883182 0.400531 0.244058 0.364788 0.913653 -0.179355 -0.294821 -0.069374 -0.953031
-5.941531 -139.965543 1956.577294 -4800.668269 0.861459 -0.447591 -0.239898 0.503424 0.814768 0.287606 -0.066731 0.368531 -0.927217
-6.224118 -90.287060 1107.375228 -11188.122272 -0.875443 0.404886 0.263944 0.301546 0.884336 -0.356398 -0.377716 -0.232415 -0.896278
0.203282 -113.538066 2239.765720 -19433.276265 -0.874627 0.418839 0.244135 0.357929 0.897536 -0.257519 -0.326978 -0.137850 -0.934924
-7.546400 -139.399990 2498.553840 -3290.459119 0.850256 -0.467410 -0.242058 0.521090 0.812412 0.261633 -0.074361 0.348589 -0.934321
0.432149 -120.556803 1696.342409 -8444.425572 -0.866014 0.438317 0.240619 0.460827 0.886405 0.043870 -0.194057 0.148876 -0.969628
18.830160 -49.009719 1031.548881 -1903.683143 0.106370 0.990896 -0.082529 0.938786 -0.072730 0.336736 -0.327668 0.113295 0.937975
19.326049 -46.986865 2848.423121 -248.552032 0.148612 0.981685 -0.119203 0.901382 -0.084895 0.424622 -0.406725 0.170551 0.897489
38.886198 -185.002397 -6682.879872 23504.465047 -0.971587 0.140458 0.190499 0.133423 0.989831 -0.049335 -0.195491 -0.022516 -0.980447
19.385463 -156.904550 -6898.345751 3536.034693 -0.967633 0.234606 0.092983 0.220195 0.964905 -0.143085 -0.123289 -0.117979 -0.985333
46.023147 -157.306348 14041.018726 7338.245693 0.963359 -0.265190 -0.040162 0.268186 0.950237 0.158512 0.003872 0.163475 -0.986540
18.458914 -172.634332 5388.603154 7513.089651 0.967704 -0.174598 -0.181835 0.080987 0.898401 -0.431644 -0.238725 -0.402978 -0.883527
67.961049 -168.400432 15993.256167 15650.957810 0.967730 -0.208960 -0.140835 0.238749 0.939095 0.247181 -0.080606 0.272829 -0.958680
23.684477 -183.956019 1805.746946 8819.929118 0.948339 -0.103205 -0.300002 -0.037740 0.902198 -0.429667 -0.315005 -0.418792 -0.851695
-1.227225 -33.171604 -2559.127220 -3269.084647 0.464165 0.786175 0.408020 0.431692 0.201445 -0.879239 0.773430 -0.584251 0.245882
-4.277688 -27.504392 -6951.364744 -3824.725789 0.414381 0.732882 0.539604 0.529686 0.287930 -0.797828 0.740081 -0.616426 0.268885
205.204129 -1674.669986 -87228.763796 -507812.791287 0.614100 0.162215 -0.772377 -0.585844 0.749455 -0.308391 -0.528836 -0.641875 -0.555273
92.439359 -556.677570 -24878.171601 -160323.138821 0.743918 0.007870 -0.668224 -0.402633 0.803342 -0.438781 -0.533359 -0.595466 -0.600790
174.242148 -1569.147012 25812.729000 -478039.367235 -0.440207 -0.395807 0.805950 -0.541320 0.833123 0.113484 -0.716373 -0.386321 -0.581005
14.007379 -48.961417 7.537899 644.808790 0.072805 0.996210 -0.047585 0.927241 -0.085182 -0.364649 0.367321 0.017574 0.929928
10.742062 -49.096733 3997.899734 94.122209 0.067268 0.989290 -0.129540 0.940659 -0.106167 -0.322320 0.332620 0.100171 0.937726
9.748222 -45.056728 2000.332171 150.600239 0.051459 0.994776 -0.088159 0.890609 -0.085652 -0.446630 0.451848 0.055533 0.890365
15.054208 -44.681612 718.118853 688.441754 0.078839 0.996570 -0.025143 0.871310 -0.081140 -0.483979 0.484359 -0.016249 0.874718
7.017726 -41.653436 1594.417111 2126.826717 0.064933 0.993897 -0.089178 0.809016 -0.104750 -0.578378 0.584190 0.034591 0.810880
7.209412 -26.898981 123.516553 1369.691481 0.508053 0.815099 0.278382 0.834253 -0.546070 0.076356 -0.214254 -0.193448 0.957430
-0.725951 -31.896886 -2557.369552 3067.079398 0.572630 0.755349 0.318659 0.764991 -0.632074 0.123579 -0.294761 -0.173006 0.939779
-1.013101 -32.589539 77.143185 3521.458657 0.392488 0.893223 0.219331 0.887409 -0.430446 0.164989 -0.241782 -0.129880 0.961599
-14.716754 -31.668148 570.256830 -990.792353 0.460496 0.799132 0.386434 0.124463 -0.489167 0.863264 -0.878893 0.349433 0.324722
-17.204096 -28.956985 882.645780 -1498.222652 0.414140 0.818747 0.397669 0.077155 -0.466902 0.880937 -0.906937 0.334149 0.256534
-13.895304 -33.045629 152.682044 -506.104472 0.497006 0.796248 0.344927 0.179645 -0.483300 0.856825 -0.848948 0.363883 0.383245
-15.114314 -27.141131 698.632183 -1736.609681 0.447736 0.813159 0.371893 0.060364 -0.442449 0.894760 -0.892126 0.378167 0.247186
-13.300096 -29.710847 236.742179 -1014.304311 0.483589 0.805411 0.342717 0.116674 -0.447365 0.886708 -0.867484 0.388816 0.310312
-18.595172 -36.652124 -3742.260532 919.976047 -0.001094 -0.319593 0.947554 -0.141482 0.938073 0.316231 -0.989940 -0.133716 -0.046243
-18.256959 -37.486274 -3104.772177 584.639303 0.027233 -0.348585 0.936882 -0.247384 0.905726 0.344183 -0.968535 -0.241143 -0.061569
-28.162869 -37.909644 -55.715662 263.833352 0.196985 -0.491911 0.848069 -0.224729 0.819331 0.527441 -0.954303 -0.294484 0.050849
-61.919949 -3330.298991 21683.277430 -1391694.908390 0.393458 -0.244877 -0.886130 0.136237 0.968762 -0.207220 0.909192 -0.039192 0.414528
5.515422 -372.787340 1418.797031 272.897187 0.400759 -0.266435 -0.876587 -0.348970 0.840266 -0.414938 0.847120 0.472193 0.243766
3.175705 -323.635326 -547.039268 -23674.051057 0.419752 -0.279357 -0.863579 -0.124734 0.924674 -0.359749 0.899027 0.258723 0.353288
-58.446181 -80.961297 1124.763945 2996.557333 -0.105116 0.726853 0.678701 -0.493552 0.554366 -0.670137 0.863340 0.405417 -0.300467
-52.510679 -77.351119 1191.360315 2790.970529 -0.385157 0.809533 0.443070 -0.463800 0.245271 -0.851312 0.797837 0.533384 -0.280993
20.422458 -71.256953 351.095918 -3054.049657 0.559031 0.810433 0.175167 -0.758414 0.585182 -0.287003 0.335101 -0.027595 -0.941778
18.224890 -68.393700 -5381.566417 3359.158114 0.704308 0.701988 0.105654 -0.619680 0.680566 -0.390931 0.346333 -0.209864 -0.914336
-7.630869 -61.180994 -15272.627277 5486.382168 0.794032 0.607827 -0.007669 -0.568468 0.738029 -0.363536 0.215306 -0.293019 -0.931549
-40.780018 -71.495779 -6196.110899 -4947.473078 -0.094538 0.331822 -0.938593 0.472222 0.844944 0.251150 0.876395 -0.419481 -0.236573
-11.124368 -45.065122 -2760.147168 114.479921 -0.054592 0.981832 0.181728 -0.974108 -0.012379 -0.225746 0.219395 0.189346 -0.957086
15.475314 -49.069776 -3329.118517 4250.863701 -0.171589 0.985108 -0.010898 -0.411746 -0.061660 0.909210 -0.894999 -0.160498 -0.416194
6.446484 -60.905439 -1048.517986 5165.615751 -0.146994 0.980314 -0.131826 -0.454662 0.051396 0.889180 -0.878450 -0.190641 -0.438157
20.972678 -52.641836 2837.036122 75.033098 -0.296892 0.952481 -0.068086 -0.254957 -0.010354 0.966897 -0.920246 -0.304423 -0.245916
40.243101 -51.580834 6307.772858 757.896322 -0.321460 0.946917 0.003265 -0.048103 -0.019773 0.998647 -0.945700 -0.320868 -0.051906
25.950518 -51.193378 2397.884418 637.639856 -0.383152 0.923668 0.005580 -0.229624 -0.101099 0.968014 -0.894688 -0.369616 -0.250833
27.687384 -51.013418 838.123843 895.210770 -0.494423 0.862908 0.104577 -0.187063 -0.223122 0.956673 -0.848854 -0.453439 -0.271734
14.405228 -53.106904 674.020218 -89.393359 -0.457111 0.887983 0.050352 -0.378992 -0.245685 0.892190 -0.804621 -0.388747 -0.448844
43.125252 -49.543698 5336.955359 1411.104018 -0.407934 0.910307 0.070230 -0.049868 -0.099021 0.993835 -0.911649 -0.401916 -0.085789
-4.576557 -58.969469 -828.590959 -1243.159320 0.095997 0.993742 0.057103 0.615423 -0.014166 -0.788070 0.782329 -0.110794 0.612932
-5.150268 -64.310047 -780.222911 -1088.435172 0.119745 0.992616 0.019342 0.437716 -0.035298 -0.898420 0.891104 -0.116048 0.438711
18.222927 -46.475478 1739.734655 3515.455172 -0.549564 0.537756 -0.639373 -0.205601 0.654712 0.727379 0.809758 0.531197 -0.249243
19.357135 -490.764369 -2904.530210 115474.075746 0.951622 -0.304344 -0.042301 0.254407 0.703200 0.663918 0.172314 0.642561 -0.746608
48.435219 -162.257994 -10364.030964 -19784.854224 0.868127 -0.477350 -0.135990 0.419400 0.558954 0.715314 0.265443 0.678018 -0.685443
72.376017 -226.215943 -12160.906405 -45129.725939 0.770146 -0.623928 -0.132623 0.556682 0.555930 0.617290 0.311415 0.549233 -0.775477
-38.372855 -84.303329 3628.614425 1060.311451 0.002797 0.670192 0.742183 0.655173 0.559476 -0.507676 0.755474 -0.487678 0.437527
-33.185869 -107.827823 3580.342866 -15634.423731 0.192153 0.850667 0.489330 0.563785 0.312439 -0.764544 0.803258 -0.422786 0.419557
-32.758233 -76.954823 -391.227942 9286.792245 0.176752 -0.519031 -0.836281 0.701862 0.662138 -0.262609 0.690035 -0.540537 0.481322
-5.676795 -31.054438 -2952.006966 -1316.788688 0.803292 0.456285 0.382788 -0.503399 0.863634 0.026943 -0.318295 -0.214338 0.923443
-13.132152 -36.814665 -299.911974 -1914.518490 0.937117 0.126581 0.325253 -0.155534 0.985722 0.064502 -0.312445 -0.111034 0.943424
12.045423 -62.439961 -467.606029 1544.168717 -0.161554 0.986691 -0.018447 0.847439 0.129126 -0.514950 0.505715 0.098825 0.857022
25.343684 -57.128746 -2274.067440 2751.457861 -0.132080 0.991174 -0.011352 0.753236 0.092915 -0.651155 0.644353 0.094555 0.758860
12.251570 -57.898287 -2417.159922 1495.209081 -0.045344 0.998340 -0.035508 0.848795 0.019760 -0.528353 0.526774 0.054096 0.848282
19.798446 -61.469344 1925.053250 1586.668037 -0.290860 0.956365 0.027694 0.736996 0.242413 -0.630929 0.610112 0.163102 0.775346
6.315695 -60.904372 330.414185 234.013760 -0.132888 0.990849 -0.023634 0.919377 0.114325 -0.376399 0.370253 0.071747 0.926156
2.419942 -63.549500 2622.370057 49.922604 -0.232723 0.972399 -0.016747 0.911776 0.212158 -0.351644 0.338385 0.097105 0.935984
6.221160 -65.775583 2571.416389 1357.468909 -0.304345 0.952507 0.010235 0.825870 0.269205 -0.495446 0.474671 0.142334 0.868579
3.367883 -53.180924 915.713230 259.441554 0.735270 -0.362761 -0.572523 -0.676217 -0.335406 -0.655922 -0.045915 -0.869429 0.491919
1.771479 -102.416854 -1037.645017 903.198131 0.257568 -0.555562 -0.790576 0.901495 -0.156335 0.403567 -0.347800 -0.816646 0.460569
8.529830 -109.406850 -1748.406690 3084.402543 0.268304 -0.566357 -0.779264 0.815140 -0.297619 0.496961 -0.513381 -0.768546 0.381808
-5.037186 -91.663288 170.328053 -1068.083773 0.320841 -0.547284 -0.773008 0.927663 0.016948 0.373033 -0.191054 -0.836775 0.513133
2.875986 -97.393554 -253.713002 477.705933 0.354141 -0.553237 -0.753998 0.857553 -0.129531 0.497820 -0.373078 -0.822892 0.428558
-45.353151 -49.550277 6498.025420 1777.978260 0.805387 -0.489139 -0.334805 0.492579 0.238099 0.837063 0.329724 0.839078 -0.432701
-23.709740 -49.342156 1870.727767 617.104313 0.797620 -0.528143 -0.291319 0.430721 0.160637 0.888074 0.422234 0.833823 -0.355610
-20.890255 -49.966911 1331.793145 -986.185459 0.776631 -0.532241 -0.336992 0.403061 0.008713 0.915132 0.484134 0.846548 -0.221293
-4.527612 -122.978687 714.134635 -17231.708896 -0.905483 0.372840 0.202710 0.389563 0.919721 0.048511 -0.168350 0.122894 -0.978036
-1.372075 -149.005678 611.808221 -10334.086971 0.903312 -0.375857 -0.206785 0.428333 0.816801 0.386480 -0.023641 0.437685 -0.898818
-0.620771 -157.489565 1761.073375 -6995.279312 0.887065 -0.404819 -0.221897 0.460425 0.740889 0.488970 0.033544 0.535915 -0.843605
16.507648 -51.299702 -2842.784453 -2014.542867 0.100043 0.994891 -0.013564 0.972215 -0.094845 0.214013 -0.211633 0.034598 0.976737
29.543104 -156.844622 12916.610979 -3750.953621 0.952137 -0.305073 -0.019117 0.304045 0.938774 0.162047 0.031490 0.160104 -0.986598
0.877001 -143.757999 5054.318301 -1395.555291 0.959478 -0.272540 -0.071580 0.255768 0.948935 -0.184677 -0.118257 -0.158886 -0.980189
0.887478 -158.616771 5374.240631 3111.920507 0.972678 -0.201494 -0.115316 0.128573 0.881114 -0.455091 -0.193304 -0.427830 -0.882947
-6.315408 -35.049225 2940.958937 -4045.391132 0.504850 0.822530 0.261860 0.356910 0.077309 -0.930934 0.785965 -0.563443 0.254540
19.383632 -824.080231 4691.156465 218159.337555 -0.557058 0.066563 0.827802 0.763687 -0.350580 0.542103 0.326295 0.934164 0.144460
-16.820976 -160.475654 -437.277034 -11650.440547 -0.319229 -0.130544 0.938643 0.897831 -0.358657 0.255467 0.303302 0.924296 0.231701
-36.016033 -168.052133 6098.044854 9363.134686 -0.450306 0.011531 0.892800 0.741678 -0.551898 0.381212 0.497130 0.833832 0.239971
46.052330 -207.369061 48650.817841 -61155.094434 0.275195 -0.316200 0.907902 0.838981 -0.382146 -0.387396 0.469445 0.868322 0.160121
107.632110 -4386.592291 18300.311172 1178413.609592 -0.411758 0.251050 0.876030 0.806079 -0.348069 0.478628 0.425078 0.903229 -0.059046
9.153382 -39.237257 -8339.558202 -3640.251845 0.711295 0.552031 0.435111 0.657096 -0.742022 -0.132770 -0.249569 -0.380348 0.890534
0.873619 -46.580956 -5791.301219 -2458.114480 0.833153 0.398077 0.383916 0.514098 -0.813359 -0.272305 -0.203863 -0.424242 0.882303
-8.361800 -41.607887 -3570.228495 -1027.714665 0.888748 0.298615 0.347787 0.382238 -0.901559 -0.202694 -0.253023 -0.313081 0.915401
-6.006960 -35.571573 -3726.173565 254.567974 0.851804 0.364186 0.376562 -0.434692 0.892536 0.120096 -0.292357 -0.265987 0.918574
-19.122712 -31.301096 781.214559 -1158.909352 0.368798 0.836517 0.405250 0.123773 -0.476296 0.870530 -0.921232 0.270891 0.279195
-18.859108 -34.402259 -3674.450023 818.822416 -0.008538 -0.297864 0.954570 -0.043016 0.953831 0.297249 -0.999038 -0.038524 -0.020957
-23.653957 -76.866527 -16004.151249 -5175.313778 0.202283 0.868633 0.452280 -0.318440 0.495072 -0.808394 0.926109 -0.019500 -0.376752
-2.148079 -77.911731 -17108.281456 -9690.572707 0.237865 0.865437 0.440953 -0.395820 0.500946 -0.769662 0.886988 -0.008538 -0.461714
-2.617207 -76.963610 -12306.285989 888.861536 0.223508 0.852796 0.472000 -0.608106 0.500452 -0.616243 0.761742 0.149290 -0.630445
24.701496 -31.607906 -550.965612 -2236.529111 0.138579 0.952687 0.270524 -0.796053 0.269654 -0.541836 0.589148 0.140264 -0.795758
27.895354 -33.844062 676.390456 -1381.297352 0.166544 0.919058 0.357206 -0.826376 0.327729 -0.457927 0.537928 0.218921 -0.814068
30.366492 -38.436846 -5102.940933 -954.333886 0.165607 0.966190 0.197615 -0.864310 0.238693 -0.442713 0.474914 0.097484 -0.874616
17.121784 -27.901784 3625.172399 -1619.619563 0.162813 0.892181 0.421314 -0.766223 0.383354 -0.515697 0.621607 0.238858 -0.746024
22.942976 -37.175273 -4640.192957 -2332.361451 0.143829 0.979781 0.139077 -0.828250 0.196097 -0.524926 0.541585 0.039691 -0.839708
24.043703 -27.383564 -2235.328789 -3191.115011 0.136686 0.967892 0.210956 -0.760630 0.238973 -0.603601 0.634633 0.077956 -0.768872
18.650357 -23.856481 1725.853542 -2343.941314 0.121942 0.936105 0.329906 -0.739764 0.307322 -0.598584 0.661725 0.171060 -0.729972
28.782407 -35.393855 -4622.636981 570.402979 0.467277 0.846231 -0.256018 0.866991 -0.381886 0.320140 0.173143 -0.371560 -0.912121
27.780475 -38.212159 -2813.596374 611.449610 0.316139 0.928303 -0.195730 0.942220 -0.283125 0.179056 0.110802 -0.241027 -0.964173
18.221625 -34.585208 -7056.705264 533.055241 0.464208 0.838726 -0.284693 0.882619 -0.411133 0.227933 0.074127 -0.357084 -0.931126
16.803424 -38.300753 -7738.164896 974.138407 0.298394 0.915036 -0.271421 0.954430 -0.284574 0.089899 0.005021 -0.285878 -0.958253
3.788026 -33.317024 -5584.551895 676.285269 0.530210 0.801024 -0.277918 0.847852 -0.498951 0.179433 0.005063 -0.330770 -0.943698
2.259920 -35.152764 -3848.219205 164.483695 0.702382 0.673614 -0.230009 0.710608 -0.644895 0.281328 0.041174 -0.361046 -0.931638
13.979248 -34.692698 -6349.587297 844.779617 0.611390 0.740829 -0.278163 0.784493 -0.521325 0.335844 0.103789 -0.423549 -0.899908
8.978215 -48.899361 -1218.876806 -8808.812688 -0.121831 0.991632 0.042696 -0.309280 -0.078803 0.947700 -0.943135 -0.102255 -0.316292
-1.549903 -162.798016 166.917554 8293.786454 0.123080 0.986140 -0.111259 -0.497004 -0.035787 -0.867010 0.858975 -0.162007 -0.485711
3.321947 -52.401203 -813.575417 -478.479763 -0.516570 0.851279 0.092086 -0.502400 -0.388426 0.772476 -0.693361 -0.352774 -0.628331
4.972795 -52.369577 160.329074 -310.488786 -0.425326 0.904860 0.018067 -0.549763 -0.274168 0.789046 -0.718929 -0.325669 -0.614069
-4.200224 -55.208539 -935.024984 -1840.677947 0.066177 0.993522 0.092379 0.763612 0.009167 -0.645610 0.642275 -0.113266 0.758059
-3.091005 -83.997646 1732.225496 -1701.967119 0.289432 0.950476 0.113244 -0.269606 -0.032568 0.962420 -0.918445 0.309086 -0.246828
-2.967234 -84.131484 1686.421393 -1856.359696 0.278456 0.950661 0.136769 -0.432300 -0.003105 0.901725 -0.857659 0.310216 -0.410106
-8.935852 -81.836457 880.729707 -1984.140315 0.257065 0.959992 0.111056 -0.341609 -0.017232 0.939684 -0.904003 0.279498 -0.323512
2.130832 -105.430550 1365.266566 -1243.687536 -0.146440 -0.076101 0.986288 0.408011 0.903631 0.130303 -0.901156 0.421498 -0.101278
0.060481 -107.063991 1732.988613 -1898.475469 -0.146138 -0.099455 0.984252 0.499519 0.851363 0.160194 -0.853888 0.515063 -0.074737
-2.259248 -101.316345 474.217404 118.177117 -0.174865 -0.103797 0.979106 0.271315 0.950847 0.149257 -0.946473 0.291745 -0.138108
2.444439 -116.835099 1966.782419 -3269.550136 -0.143694 -0.091629 0.985371 0.615727 0.771230 0.161506 -0.774746 0.629927 -0.054403
0.240428 -101.513853 565.221711 -616.340663 -0.176885 -0.092511 0.979874 0.131256 0.984463 0.116639 -0.975440 0.149246 -0.161994
4.228381 -105.285236 696.953396 -3502.172481 -0.159041 -0.059609 0.985471 0.364465 0.924124 0.114718 -0.917535 0.377414 -0.125248
5.271645 -111.410171 875.911469 -4464.780981 -0.151273 -0.051744 0.987137 0.572060 0.809826 0.130115 -0.806141 0.584384 -0.092904
