17971
35919
-19.666690 -31.082554 -639.456185 1469.630805 0.922161 0.160316 0.352020 -0.163558 -0.663097 0.730446 -0.350526 0.731164 0.585261
-22.328699 -36.677752 -704.260087 1529.723612 0.940874 0.243942 0.235050 -0.063460 -0.554654 0.829657 -0.332760 0.795519 0.506379
-24.165716 -37.987900 157.543715 3344.088610 0.872733 0.485925 -0.047050 0.313042 -0.483055 0.817718 -0.374621 0.728378 0.573693
-20.274134 -32.080649 -561.472005 1250.274589 0.920697 0.025315 0.389456 -0.288227 -0.628711 0.722252 -0.263140 0.777227 0.571556
-16.874619 -26.353785 -912.374585 1834.384318 0.909272 0.167184 0.381147 -0.145109 -0.730970 0.666803 -0.390086 0.661614 0.640391
-16.813475 -27.273030 -585.292975 1107.646666 0.856906 -0.089012 0.507730 -0.414873 -0.703671 0.576826 -0.305930 0.704929 0.639908
50.859302 -58.400786 -946.452533 -3221.188238 0.635263 0.714838 -0.292314 0.706106 -0.690917 -0.155075 0.312818 0.107891 0.943665
40.990196 -55.097152 -1865.509854 -1044.311715 0.697800 0.705798 -0.122166 0.677422 -0.705684 -0.207629 0.232755 -0.062125 0.970549
48.092195 -51.755854 2465.406076 -2862.305289 -0.638962 -0.741759 0.203767 0.758841 -0.651215 0.008961 0.126049 0.160352 0.978978
47.240055 -63.267590 506.579974 -682.594982 0.646438 0.696442 -0.311586 -0.585419 0.714658 0.382817 0.489288 -0.065059 0.869692
56.144258 -55.552421 1179.616007 -5557.235750 -0.581296 -0.703891 0.408206 0.777183 -0.628879 0.022320 0.241001 0.330225 0.912617
50.889357 -65.949969 642.695765 4661.369477 0.591770 0.672572 -0.444358 -0.693537 0.705758 0.144610 0.410870 0.222603 0.884101
-34.188333 -49.918385 -623.884801 -2168.225944 -0.130521 0.065294 0.989293 0.651015 0.758218 0.035848 -0.747759 0.648724 -0.141471
-35.830457 -49.470071 522.815067 -1979.977842 -0.113671 -0.085187 0.989860 0.636613 0.758663 0.138396 -0.762760 0.645890 -0.032007
-36.264722 -53.229296 -12.245098 -450.379575 -0.127758 -0.017197 0.991656 0.766304 0.633043 0.109703 -0.629647 0.773926 -0.067698
-32.820690 -35.679743 -1735.503724 -2885.031962 0.135964 0.366832 0.920298 0.466216 0.795949 -0.386144 -0.874160 0.481560 -0.062803
-33.419674 -52.459522 -1065.502537 -405.476808 -0.187810 0.109679 0.976063 0.765053 0.639545 0.075344 -0.615972 0.760890 -0.204023
-27.984099 -46.870807 -2173.522544 -2096.115346 -0.134887 0.287571 0.948213 0.690186 0.713892 -0.118325 -0.710949 0.638483 -0.294773
-28.049359 -40.464625 -1846.300834 -2479.691504 0.019718 0.375831 0.926479 0.572707 0.755320 -0.318588 -0.819523 0.536882 -0.200348
27.998578 -50.140487 -3834.978800 -3329.370038 -0.375189 0.127052 0.918200 0.616018 -0.706002 0.349403 0.692643 0.696720 0.186618
24.222939 -35.942328 -2629.152212 -2764.975847 -0.329269 0.126076 0.935782 0.737412 -0.584653 0.338238 0.589751 0.801427 0.099538
24.796539 -40.695228 -1622.188187 -3052.576903 -0.308088 0.147829 0.939802 0.715944 -0.614510 0.331363 0.626503 0.774935 0.083486
21.781902 -56.688088 1098.264448 1586.519509 0.421791 -0.099514 -0.901215 -0.392288 0.876082 -0.280339 0.817437 0.471780 0.330486
23.023303 -58.068470 1095.741189 2791.012023 0.467761 0.002756 -0.883851 -0.487165 0.835185 -0.255219 0.737475 0.549963 0.392009
22.789236 -52.680130 2035.824244 2735.268369 0.343963 -0.174146 -0.922693 -0.558116 0.752313 -0.350044 0.755113 0.635373 0.161574
-1.303536 -25.424911 2111.893879 -108.082165 0.825535 0.417501 -0.379718 0.532049 -0.800135 0.276962 0.188194 0.430670 0.882670
-0.445692 -25.802526 2336.215849 -62.439634 0.811512 0.437013 -0.387902 0.522797 -0.839529 0.147901 0.261020 0.322817 0.909757
7.184379 -25.874789 2808.932936 -104.111053 0.831176 0.411904 -0.373473 0.520661 -0.812286 0.262876 0.195088 0.412949 0.889615
1.760116 -31.484106 617.673296 882.606593 0.975408 0.188488 0.114245 -0.072370 0.763483 -0.641760 0.208188 -0.617710 -0.758348
5.853101 -34.649999 930.489117 -54.351760 0.973161 0.171944 0.152950 0.019710 0.599914 -0.799821 0.229281 -0.781369 -0.580424
-1.291197 -33.783621 115.385995 520.685560 0.978742 0.192516 0.070719 -0.088564 0.707730 -0.700910 0.184986 -0.679747 -0.709735
-3.256833 -30.455495 -45.389623 1022.710977 0.975330 0.217471 0.037926 -0.162396 0.823200 -0.544031 0.149532 -0.524451 -0.838207
-2.613022 -32.106307 -211.557116 874.107178 0.974427 0.224652 -0.004884 -0.184731 0.788514 -0.586618 0.127934 -0.572519 -0.809849
-1.412301 -34.858844 -107.837074 410.687320 0.976206 0.216493 0.012346 -0.136909 0.659503 -0.739129 0.168158 -0.719852 -0.673451
1.662988 -50.170530 179.534822 444.747248 0.859345 0.494804 0.129206 -0.115123 -0.058992 0.991598 -0.498269 0.867000 -0.006269
1.722682 -47.717831 22.830668 89.075886 0.847589 0.514735 0.128998 -0.102033 -0.080472 0.991521 -0.520751 0.853565 0.015688
1.728318 -48.299663 -21.724943 187.081486 0.851422 0.516767 0.089624 -0.189328 0.143467 0.971376 -0.489117 0.844020 -0.219989
0.611011 -54.101093 414.519648 976.979938 0.872950 0.473489 0.117330 -0.111013 -0.041384 0.992957 -0.475010 0.879827 -0.016437
1.146767 -48.688415 149.821220 1177.773687 0.858702 0.488265 0.155657 -0.016585 -0.277099 0.960698 -0.512207 0.827535 0.229847
1.388215 -51.951722 135.488737 46.435951 0.865009 0.494649 0.084154 -0.199283 0.184768 0.962365 -0.460484 0.849225 -0.258402
1.103378 -61.571055 -61.879517 86.352911 0.991248 0.124605 0.043592 -0.038436 0.588329 -0.807708 0.126291 -0.798964 -0.587969
1.495084 -67.978834 2.358039 -234.707237 0.989022 0.139265 0.049398 -0.045090 0.602790 -0.796625 0.140719 -0.785653 -0.602452
1.199198 -62.631311 -37.781980 -1002.846517 0.988551 0.149939 0.016884 -0.094098 0.700094 -0.707823 0.117950 -0.698131 -0.706188
0.111850 -57.842126 -180.183276 -434.738561 0.990774 0.135231 0.008925 -0.088831 0.697734 -0.710828 0.102354 -0.703477 -0.703310
-0.038211 -56.778579 -212.172366 295.052440 0.993185 0.111638 0.033483 -0.038151 0.582857 -0.811679 0.110130 -0.804869 -0.583144
77.754313 -20.242092 20718.392721 263.226073 -0.428753 -0.282628 0.858075 0.119271 0.923783 0.363867 -0.895514 0.258352 -0.362366
32.958521 -19.015434 17366.663736 904.692826 -0.368161 -0.267856 0.890343 0.119612 0.936001 0.331052 -0.922036 0.228376 -0.312560
119.340356 -20.917172 31083.408388 -294.334707 -0.449032 -0.225463 0.864602 0.051183 0.959561 0.276807 -0.892048 0.168549 -0.419334
4.790175 -12.127203 -116.311482 220.086153 -0.679746 -0.007600 0.733409 0.709812 -0.258624 0.655195 0.184697 0.965948 0.181193
17.327824 -13.039922 6090.183765 731.686876 0.873504 -0.129573 -0.469257 0.433399 -0.232023 0.870822 0.221714 0.964042 0.146516
2.125811 -15.331429 449.205229 255.592937 0.754036 -0.020448 -0.656515 0.640267 -0.200186 0.741609 0.146589 0.979544 0.137856
1.477351 -60.979658 258.599346 -1006.324287 0.420687 -0.073110 -0.904255 0.383776 0.917510 0.104363 0.822033 -0.390935 0.414043
1.120083 -62.454960 -1.367679 -796.628521 0.410624 -0.091436 -0.907209 0.374923 0.923888 0.076582 0.831156 -0.371579 0.413652
0.165127 -57.747368 46.468206 -1203.109328 0.414493 -0.093414 -0.905246 0.530698 0.832883 0.157049 0.739294 -0.545508 0.394799
1.294086 -56.010331 174.623938 -1127.750531 0.436936 -0.077217 -0.896172 0.546162 0.814400 0.196114 0.714699 -0.575144 0.398014
3.016057 -59.260003 401.530346 -1293.889900 0.443511 -0.053994 -0.894641 0.408813 0.900485 0.148319 0.797602 -0.431522 0.421448
2.113334 -43.596421 65.466827 -88.183437 0.936796 0.344526 0.060957 -0.236821 0.752638 -0.614371 0.257546 -0.561104 -0.786659
1.814785 -42.807732 33.461762 -107.406099 0.920078 0.390305 0.033439 -0.329408 0.817065 -0.473175 0.212004 -0.424343 -0.880333
2.742040 -39.983436 105.241788 -45.754457 0.939305 0.339351 0.050460 -0.247829 0.772845 -0.584201 0.237247 -0.536238 -0.810039
0.326030 -47.001518 197.690850 -296.552976 0.919950 0.389465 0.044833 -0.316387 0.805090 -0.501727 0.231500 -0.447379 -0.863863
3.014501 -41.175832 143.692229 330.675770 0.949161 0.304267 0.080714 -0.162383 0.692908 -0.702503 0.269676 -0.653682 -0.707089
2.361235 -44.199854 119.306151 545.040080 0.947182 0.306164 0.095444 -0.142870 0.669297 -0.729129 0.287114 -0.676982 -0.677688
0.522451 -47.477201 214.788943 -166.577598 0.935861 0.344775 0.072765 -0.220231 0.733506 -0.643015 0.275069 -0.585747 -0.762389
-1.389211 -76.365210 691.381403 4614.703994 -0.110029 -0.103438 0.988531 0.715587 0.682005 0.151012 -0.689804 0.723996 -0.001021
-2.767917 -87.277283 824.073113 5731.500373 -0.117550 -0.122288 0.985509 0.559336 0.811851 0.167456 -0.820564 0.570915 -0.027033
0.705326 -76.387930 184.262334 4281.215494 -0.100620 -0.079474 0.991746 0.646766 0.752225 0.125899 -0.756022 0.654095 -0.024287
1.745429 -68.054948 -50.220600 3937.014936 -0.087690 -0.058274 0.994442 0.775006 0.623194 0.104859 -0.625840 0.779893 -0.009486
0.345566 -67.583564 567.412838 3312.856085 -0.092307 -0.088797 0.991763 0.823530 0.553064 0.126167 -0.559712 0.828393 0.022076
12.934497 -58.318515 -3073.002115 6494.664204 0.358748 -0.166643 -0.918439 0.899345 0.325187 0.292287 0.249957 -0.930851 0.266530
11.956694 -72.911681 -3020.342673 6088.436223 0.329003 -0.162335 -0.930271 0.937632 0.173270 0.301370 0.112265 -0.971404 0.209217
6.811590 -60.023000 -1228.535952 5582.452052 0.368175 -0.174245 -0.913283 0.903769 0.297687 0.307544 0.218284 -0.938627 0.267078
2.872428 -62.478145 -439.573736 5139.104085 0.379890 -0.176677 -0.908003 0.905662 0.270858 0.326208 0.188306 -0.946267 0.262906
3.216968 -50.332909 -629.949344 3973.946017 0.371862 -0.188251 -0.908999 0.876316 0.394242 0.276846 0.306249 -0.899519 0.311571
6.558812 -47.309584 -1241.014567 4819.979317 0.368320 -0.185693 -0.910966 0.869885 0.414618 0.267194 0.328086 -0.890848 0.314243
15.909587 -18.387426 3403.116619 3581.279650 0.668890 -0.096648 0.737051 0.281478 0.950612 -0.130796 -0.688009 0.294952 0.663059
22.930138 -30.362954 4871.331781 5375.386901 0.673238 -0.030622 0.738792 0.211754 0.965280 -0.152956 -0.708457 0.259418 0.656347
37.154533 -19.283285 9181.471870 4340.361356 0.655523 -0.070468 0.751880 0.283917 0.945589 -0.158908 -0.699772 0.317639 0.639863
43.553202 -35.325995 5963.361639 2914.135169 -0.010948 -0.127493 -0.991779 0.968482 -0.248178 0.021212 -0.248842 -0.960288 0.126192
42.437595 -29.444668 5172.594168 498.314414 -0.006860 -0.164544 -0.986346 0.976445 -0.213824 0.028879 -0.215656 -0.962915 0.162135
32.615302 -33.295439 5696.409660 1012.399852 0.064272 -0.085890 -0.994229 0.976098 -0.201857 0.080539 -0.207610 -0.975642 0.070863
34.859213 -42.036516 6153.152865 3272.924823 0.056935 -0.059322 -0.996614 0.958806 -0.275008 0.071144 -0.278297 -0.959610 0.041221
0.947689 -88.994823 -183.799031 -3793.018857 0.325170 -0.045494 -0.944561 0.670610 0.715336 0.196408 0.666743 -0.697298 0.263115
0.635084 -80.329918 -147.010003 -6918.411593 0.310365 -0.057060 -0.948904 0.802871 0.550201 0.229516 0.508991 -0.833081 0.216574
-0.823294 -84.859954 93.576518 -4827.722200 0.323109 -0.031700 -0.945831 0.714966 0.662971 0.222023 0.620020 -0.747974 0.236876
-0.199986 -89.884164 2.165943 -863.293319 0.333945 -0.028625 -0.942158 0.550085 0.817595 0.170135 0.765433 -0.575082 0.288778
-2.255052 -78.540849 -394.758127 -4334.817756 0.329389 -0.045573 -0.943094 0.784406 0.569178 0.246461 0.525556 -0.820951 0.223229
-1.421613 -86.644234 -90.426954 -2229.611738 0.337746 -0.018746 -0.941051 0.601693 0.773140 0.200548 0.723805 -0.633958 0.272404
-5.709416 -68.166108 601.052119 -1096.363122 0.599348 0.241842 -0.763082 -0.540916 0.825058 -0.163368 0.590078 0.510678 0.625313
-4.105092 -70.546898 439.543215 -3252.073234 -0.607305 -0.238962 0.757679 0.622431 -0.735781 0.266844 0.493721 0.633659 0.595581
-8.046525 -70.220220 -968.409033 -1588.563159 -0.584582 -0.251504 0.771369 0.637601 -0.730343 0.245078 0.501726 0.635094 0.587305
2236.538741 -24176.293086 -1572993.980102 -43133942.991898 0.833302 0.351841 0.426397 -0.437979 0.890822 0.120876 -0.337315 -0.287479 0.896423
-622.355515 -2415.389589 -148425.324093 2190448.027466 0.122771 0.021899 0.992193 -0.616553 0.785103 0.058963 -0.777682 -0.618978 0.109890
-981.314323 -3391.506485 236960.998351 -3182790.274947 0.573459 0.231886 -0.785731 0.759399 0.209350 0.616025 0.307340 -0.949948 -0.056040
3.931274 -12.133602 -151.849080 -996.252617 0.861863 0.507130 -0.003279 0.202332 -0.337918 0.919170 -0.465031 0.792862 0.393848
3.487738 -9.520747 -451.110633 -269.883234 0.852342 0.522959 -0.005095 0.199775 -0.316567 0.927294 -0.483324 0.791390 0.374298
4.762459 -11.358372 83.901882 -1022.865420 0.872833 0.487960 -0.007651 0.188897 -0.323349 0.927234 -0.449979 0.810766 0.374403
5.932346 -10.313881 -82.890841 -1105.172249 0.886228 0.462919 0.017516 0.149027 -0.320695 0.935385 -0.438625 0.826354 0.353196
4.713850 -14.877527 50.348753 -1317.592469 0.893327 0.446829 0.048075 0.142815 -0.383687 0.912353 -0.426112 0.808163 0.406572
21.656809 -31.720535 2540.011933 -1188.596588 0.126881 -0.181212 -0.975225 0.990832 0.069150 0.116063 0.046405 -0.981010 0.188325
25.502793 -28.878038 311.839684 -1468.230466 0.049377 -0.265948 -0.962722 0.998577 0.032608 0.042208 0.020167 -0.963436 0.267180
19.362240 -34.627591 353.568085 -1614.835116 0.099210 -0.260149 -0.960458 0.983900 0.169840 0.055629 0.148652 -0.950514 0.272810
21.733697 -30.439698 -1105.347015 -1781.272742 0.035755 -0.360272 -0.932162 0.993894 0.110245 -0.004486 0.104382 -0.926310 0.362014
15.983880 -35.455751 2145.637308 -1521.367042 0.159314 -0.176686 -0.971288 0.976551 0.172512 0.128796 0.144803 -0.969031 0.200027
-13.841262 -26.170852 739.339133 -500.732588 0.910031 -0.305764 -0.279913 -0.413857 -0.631400 -0.655787 -0.023779 -0.712631 0.701136
-12.803882 -26.711666 503.865240 -362.772809 0.901029 -0.288338 -0.324048 -0.432867 -0.549867 -0.714333 -0.027786 -0.783905 0.620258
-11.387891 -24.127720 558.915206 -509.594683 0.946942 -0.212221 -0.241377 -0.319682 -0.699546 -0.639092 0.033226 -0.682347 0.730273
-12.466786 -23.072306 946.946411 -587.392195 0.955549 -0.210196 -0.206744 -0.292717 -0.760199 -0.580013 0.035250 -0.614748 0.787936
-9.312412 -22.312056 219.160121 -499.919082 0.971400 -0.121227 -0.204172 -0.224163 -0.751777 -0.620147 0.078313 -0.648178 0.757451
-9.798225 -21.315810 659.941100 -526.484660 0.979284 -0.108865 -0.170736 -0.187581 -0.805283 -0.562435 0.076262 -0.582811 0.809022
426.708109 4.362553 218407.653647 3243.896918 0.948783 0.313389 0.039978 -0.273856 0.878917 -0.390522 0.157522 -0.359573 -0.919725
10051.783405 40.736639 7138387.643592 -45420.057244 0.829582 0.093372 -0.550523 -0.331659 0.875562 -0.351275 -0.449218 -0.473997 -0.757318
340.508116 -5.848604 153479.564707 3953.908920 0.970742 0.234326 0.052452 -0.190214 0.883721 -0.427617 0.146554 -0.405129 -0.902437
-664.205371 -2423.072925 187119.642800 253609.360768 0.605332 -0.763364 0.225497 0.784520 0.524296 -0.331123 0.134540 0.377346 0.916247
-2657.138369 -3251.231394 914335.173724 -1652818.332270 0.710894 0.690341 0.134383 -0.641482 0.714796 -0.278509 -0.288322 0.111786 0.950986
-338.675114 -2498.270902 94424.117465 1077898.869381 0.704265 -0.707206 0.062211 -0.682563 -0.650407 0.333284 0.195238 0.277183 0.940772
-71.360150 -163.778129 -11826.671171 18529.327841 0.628163 -0.578358 -0.520494 0.766761 0.346433 0.540427 -0.132244 -0.738571 0.661078
-77.069387 -163.217417 -9512.508814 23066.344390 0.647871 -0.412881 -0.640151 0.756428 0.447868 0.476687 0.089889 -0.793060 0.602475
-102.418307 -249.772976 -12761.895356 50133.011801 0.601052 -0.380297 -0.702930 0.708879 0.659863 0.249142 0.369089 -0.648040 0.666196
-76.942993 -104.215825 -17249.438117 -15443.325004 -0.608474 -0.770796 -0.188765 0.666312 -0.367034 -0.649087 0.431031 -0.520729 0.736921
-62.745091 -217.957835 -6667.649425 44877.260699 0.637820 -0.525428 -0.563127 0.732482 0.639789 0.232680 0.238025 -0.560888 0.792937
13.963207 -15.558790 -4991.259855 -451.405174 0.667755 0.676774 -0.309966 0.744205 -0.597919 0.297743 0.016170 -0.429498 -0.902923
5.706212 -15.275242 -1114.564299 201.370239 0.898049 0.396898 -0.189683 -0.439106 0.782999 -0.440566 0.026338 -0.478941 -0.877452
15.404473 -23.091612 -478.606848 2930.323174 0.854763 0.489377 -0.172890 -0.515383 0.760943 -0.394140 0.061324 -0.426001 -0.902642
17.834901 -27.074201 146.693584 3572.169889 0.706789 0.689701 -0.157361 -0.704843 0.667579 -0.239863 0.060383 -0.280447 -0.957968
9.753271 -19.504854 3171.526033 -343.580505 0.393386 0.896460 0.203977 0.276801 0.096084 -0.956112 0.876715 -0.432582 0.210343
12.377787 -22.438940 3564.947704 -416.922756 0.332861 0.873267 0.355821 0.282248 0.267773 -0.921213 0.899744 -0.407066 0.157346
20.065108 -26.680799 4036.947586 -120.590423 0.404565 0.879452 0.250780 0.236938 0.164061 -0.957572 0.883282 -0.446820 0.142002
19.732476 -26.729425 3887.302803 405.410589 0.454088 0.881480 0.129603 0.228180 0.025555 -0.973284 0.861242 -0.471529 0.189531
2397.050380 -119.667829 761869.301527 -15162.204836 0.251671 0.079266 0.964561 0.073484 0.992198 -0.100710 -0.965019 0.096226 0.243883
1037.518673 -75.969107 351653.000184 7169.643862 -0.057090 -0.015696 0.998246 -0.069220 0.997533 0.011726 -0.995967 -0.068429 -0.058036
1550.345885 -65.077414 -815227.134273 -1121.641441 -0.632530 -0.055466 0.772547 0.004660 0.997142 0.075407 -0.774521 0.051297 -0.630464
3392.483867 -47.975895 -1577293.708198 9863.110026 -0.643764 0.091420 0.759744 0.245696 0.964964 0.092075 -0.724708 0.245940 -0.643670
478.972471 -25.975623 -133901.893100 4177.740651 -0.909931 0.072875 0.408308 0.114294 0.990385 0.077945 -0.398701 0.117592 -0.909511
549.482430 -34.565414 -199566.865933 4310.096113 -0.916354 -0.010697 0.400227 0.022129 0.996762 0.077307 -0.399758 0.079697 -0.913149
19.894656 -25.387491 -2004.163378 114.597400 0.766250 0.591091 0.251940 0.004668 0.386966 -0.922082 0.642526 -0.707721 -0.293753
22.013719 -24.523527 306.785673 5.754058 0.675268 0.685074 0.273288 -0.012724 0.381289 -0.924368 0.737462 -0.620720 -0.266189
19.506166 -25.323692 -2040.985581 62.095870 0.756762 0.599955 0.259548 -0.062786 0.461925 -0.884694 0.650668 -0.653207 -0.387236
22.248933 -24.670594 368.148620 -72.531104 0.684350 0.684036 0.252508 0.051156 0.300408 -0.952438 0.727357 -0.664718 -0.170591
20.280146 -25.799488 -1865.459552 -31.850344 0.774471 0.584406 0.242208 0.068986 0.302567 -0.950628 0.628837 -0.752942 -0.194014
0.349725 -29.568299 -223.105282 657.509891 0.956919 0.289338 0.024279 -0.240269 0.836027 -0.493286 0.163024 -0.466201 -0.869529
-0.873745 -26.841358 -298.376333 354.439164 0.961928 0.272586 0.019785 -0.251305 0.910636 -0.328006 0.107426 -0.310546 -0.944469
-0.548789 -29.081533 -251.705590 632.991059 0.963146 0.266838 0.033863 -0.217595 0.846964 -0.485082 0.158119 -0.459836 -0.873813
12.578694 -30.115943 -186.109891 -4272.393906 0.733257 0.616801 0.286166 0.644895 -0.497468 -0.580203 0.215512 -0.609985 0.762544
9.934704 -24.260728 -148.748670 -2899.178591 0.722261 0.610440 0.325120 0.652347 -0.445130 -0.613435 0.229745 -0.655151 0.719718
14.361662 -21.467566 940.265402 -1183.819323 -0.649755 -0.652933 -0.389226 0.744621 -0.443767 -0.498608 0.152832 -0.613799 0.774528
15.361672 -26.230112 -140.794937 -2702.658423 -0.677706 -0.671652 -0.299330 0.719992 -0.523385 -0.455719 0.149420 -0.524358 0.838285
11.669461 -38.816707 29.361367 -5615.222099 0.768400 0.608521 0.198149 0.598570 -0.573821 -0.558967 0.226441 -0.548116 0.805167
-6.090927 -49.128104 -77.005417 102.164728 0.884350 0.452255 0.115720 -0.172383 0.546737 -0.819368 0.433831 -0.704659 -0.561467
-5.435859 -49.918849 -191.401206 213.539945 0.907284 0.406712 0.106867 -0.156215 0.561922 -0.812306 0.390425 -0.720298 -0.573358
-5.509615 -49.659726 -133.959833 -389.113122 0.883176 0.458023 0.101067 -0.273511 0.677955 -0.682326 0.381040 -0.574971 -0.724028
-5.622268 -49.325338 -0.329118 -515.645977 0.859427 0.497420 0.118146 -0.289655 0.664153 -0.689203 0.421290 -0.558098 -0.714871
-5.863256 -48.399527 72.126807 7.332840 0.859475 0.494184 0.130705 -0.182648 0.535705 -0.824415 0.477432 -0.684691 -0.550687
-2.067235 -49.541963 624.487151 -1626.229482 0.756814 0.653496 0.013216 0.346345 -0.383790 -0.856008 0.554326 -0.652417 0.516793
-5.224021 -50.990544 291.245404 -1598.512804 0.787786 0.615760 0.015262 0.292666 -0.352397 -0.888911 0.541978 -0.704738 0.457825
-2.810028 -53.123570 567.463217 -1736.983659 0.754051 0.656310 0.025785 0.246948 -0.246911 -0.937044 0.608624 -0.712946 0.348258
-7.535389 -29.582672 -307.658204 -476.410596 0.816990 0.516621 0.256183 -0.174555 -0.201856 0.963735 -0.549598 0.832080 0.074736
-9.256234 -29.539056 -461.574049 -555.207471 0.836300 0.496388 0.232812 -0.175011 -0.160725 0.971359 -0.519590 0.853092 0.047541
-6.918398 -27.606170 -229.320604 -310.339336 0.817131 0.509296 0.270027 -0.268600 -0.078082 0.960082 -0.510050 0.857042 -0.072994
-5.633804 -27.969148 -107.267769 -262.939719 0.799984 0.528224 0.284616 -0.261746 -0.119614 0.957696 -0.539922 0.840638 -0.042571
-6.264674 -26.450751 -182.092348 7.967842 0.824145 0.504830 0.256772 -0.329866 0.059299 0.942164 -0.460406 0.861179 -0.215398
-5.337967 -27.288956 -91.901130 20.206795 0.804622 0.527771 0.272104 -0.331594 0.019236 0.943226 -0.492573 0.849169 -0.190484
-0.381882 -34.191042 199.283788 601.341735 0.811213 0.568480 0.136980 -0.192947 0.039091 0.980430 -0.552000 0.821768 -0.141398
0.822974 -30.791419 190.226617 463.633277 0.798676 0.570024 0.192846 -0.141247 -0.133936 0.980872 -0.584950 0.810638 0.026457
-0.303289 -33.024475 60.094807 563.786896 0.800828 0.576120 0.163587 -0.228200 0.040997 0.972751 -0.553714 0.816337 -0.164302
-1.220583 -37.387856 136.942583 570.116571 0.816970 0.567494 0.102524 -0.277041 0.230301 0.932850 -0.505776 0.790514 -0.345368
-1.288589 -36.193647 -37.872956 671.588326 0.808015 0.576695 0.120559 -0.303155 0.231508 0.924392 -0.505182 0.783471 -0.361890
-1.049667 -32.029721 -143.747450 596.883053 0.790466 0.584580 0.182837 -0.259897 0.049815 0.964350 -0.554632 0.809805 -0.191308
1.739713 -30.471281 4528.346551 -0.859932 0.902319 0.317014 0.292100 -0.130070 -0.445809 0.885628 -0.410977 0.837112 0.361028
40.555126 -30.976281 17706.638269 -235.285375 0.906983 0.210089 0.365027 -0.176662 -0.596997 0.782550 -0.382325 0.774246 0.504352
31.369514 -29.270169 12910.200923 -51.978726 0.896290 0.228756 0.379913 -0.234157 -0.483409 0.843496 -0.376608 0.844977 0.379710
1.474654 -29.266313 3228.016292 -117.410059 0.899252 0.344803 0.269177 -0.169588 -0.292423 0.941132 -0.403219 0.891964 0.204487
7.601541 -56.044459 -293.942186 -697.734208 0.582708 0.057428 0.810650 0.810910 -0.106919 -0.575320 0.053634 0.992608 -0.108872
7.089355 -51.635348 346.687150 -728.332868 0.495357 0.071690 0.865727 0.865892 -0.120673 -0.485458 0.069667 0.990100 -0.121852
1.184545 -56.756343 -305.397566 -853.385296 0.617211 0.056231 0.784786 0.757023 -0.314242 -0.572860 0.214401 0.947676 -0.236522
2.137377 -60.121827 -395.426273 -683.775456 0.666927 0.036447 0.744231 0.716671 -0.304747 -0.627306 0.203939 0.951736 -0.229364
-3.350767 -59.994760 -349.202781 -757.531855 0.649400 0.046334 0.759034 0.666370 -0.515566 -0.538649 0.366374 0.855596 -0.365684
-1.552675 -61.414590 -259.364098 484.420578 0.681792 0.027372 0.731034 -0.640284 0.505666 0.578220 0.353832 0.862295 -0.362285
-1.177663 -63.621091 412.151802 2713.417390 0.410891 -0.114100 0.904516 0.597982 0.782634 -0.172918 -0.688176 0.611935 0.389807
-1.842823 -57.843563 344.310082 1864.071357 0.403277 -0.120498 0.907110 0.700790 0.678118 -0.221473 -0.588440 0.725008 0.357913
-2.060206 -59.181835 1.996301 1710.678523 0.411768 -0.089777 0.906856 0.653640 0.722503 -0.225266 -0.634982 0.685514 0.356186
-9.161906 -25.283887 -443.624526 -99.562552 0.917689 0.367500 0.150968 0.060350 0.246634 -0.967228 0.392690 -0.896725 -0.204155
-8.092842 -23.911170 -339.043173 251.308820 0.927789 0.321305 0.189661 0.083113 0.317578 -0.944583 0.363731 -0.892136 -0.267941
-7.833720 -22.652347 -325.976593 706.374553 0.915263 0.364877 0.170762 0.030676 0.359523 -0.932632 0.401688 -0.858841 -0.317865
-8.473643 -23.292103 -106.839148 691.867698 0.901783 0.415883 0.117594 -0.024914 0.321661 -0.946527 0.431470 -0.850632 -0.300430
-9.644550 -24.872316 112.149181 358.139749 0.886139 0.461617 0.040822 -0.074554 0.228948 -0.970580 0.457382 -0.857025 -0.237295
-11.527107 -26.590197 -396.110694 158.559339 0.903995 0.421864 0.069456 0.000165 0.162110 -0.986773 0.427543 -0.892049 -0.146477
-10.871308 -26.275383 -953.027036 -12.151794 0.923135 0.370689 0.102035 0.058277 0.127414 -0.990136 0.380033 -0.919976 -0.096018
-2.558618 -73.843061 357.972410 1596.334887 -0.547720 0.173249 -0.818528 0.795594 0.410596 -0.445467 0.258908 -0.895207 -0.362727
-0.818083 -77.502566 556.720456 2513.207914 -0.551332 0.195864 -0.810969 0.786234 0.447108 -0.426532 0.279049 -0.872772 -0.400500
-2.041255 -72.088606 361.224108 -2178.295151 -0.585415 0.157616 -0.795265 0.724238 0.542531 -0.425605 0.364373 -0.825117 -0.431758
-4.360684 -71.461935 268.744452 -1088.516794 -0.576776 0.148549 -0.803282 0.763977 0.446273 -0.466026 0.289256 -0.882481 -0.370888
30.995127 -66.262945 6811.197572 7321.233033 0.894521 -0.437269 -0.092894 -0.317275 -0.474633 -0.821012 -0.314912 -0.763885 0.563303
35.298053 -49.558632 2836.884068 4385.020907 0.778142 -0.575956 -0.250540 -0.456624 -0.244866 -0.855298 -0.431265 -0.779946 0.453536
18.979974 -43.116904 -7955.933227 -6.270023 0.745034 -0.653237 -0.134929 -0.480086 -0.384712 -0.788362 -0.463078 -0.652134 0.600233
38.900744 -63.423433 16107.009886 7964.883480 0.879560 -0.417878 -0.227490 -0.367729 -0.293662 -0.882348 -0.301908 -0.859733 0.411960
18.387400 -48.337516 -1681.382008 5990.238338 0.916337 -0.386266 0.105472 -0.202882 -0.674995 -0.709381 -0.345203 -0.628634 0.696889
13.691337 -116.699161 7711.487655 23226.924737 0.981700 -0.131750 0.137506 -0.019398 -0.787482 -0.616032 -0.189446 -0.602091 0.775626
13.182134 -96.750696 12265.573792 14834.645626 0.955972 -0.289826 -0.046033 -0.200806 -0.531659 -0.822810 -0.213998 -0.795827 0.566450
1.139451 -78.148341 210.299440 8849.159836 -0.643918 -0.403912 -0.649789 -0.430962 0.893222 -0.128163 0.632172 0.197508 -0.749232
2.569011 -88.222092 -377.566536 9776.992227 -0.598212 -0.472886 -0.646932 -0.365989 0.879426 -0.304405 0.712877 0.054671 -0.699154
0.819536 -70.197124 70.639968 7887.384796 -0.623464 -0.415360 -0.662396 -0.443165 0.885712 -0.138273 0.644125 0.207342 -0.736283
168.305191 -11147.071842 150974.467223 -9694479.735787 0.825950 0.293351 0.481407 -0.518213 0.731287 0.443479 0.221952 0.615763 -0.756025
-361.791252 -9917.488254 -64858.723078 3588058.062999 -0.864303 0.081765 -0.496280 0.145110 0.985278 -0.090389 0.481583 -0.150139 -0.863444
-171.568013 -1735.360188 40908.780475 -331133.861026 0.805186 0.302288 0.510194 -0.581818 0.569131 0.581014 0.114734 0.764664 -0.634133
-202.078098 -2604.633506 20166.795520 440856.921219 0.623007 0.292833 0.725335 0.721439 0.143261 -0.677497 -0.302306 0.945370 -0.122008
-14.319460 -17.094938 -559.480401 386.054243 0.025595 0.788193 0.614896 0.959992 0.152200 -0.235054 -0.278855 0.596311 -0.752763
-13.619197 -15.831142 656.648429 387.427128 0.650731 0.660286 0.374929 0.728873 -0.404788 -0.552169 -0.212823 0.632590 -0.744672
-12.005934 -16.464114 -616.539462 581.023445 0.005117 0.816852 0.576825 0.972875 0.129342 -0.191793 -0.231275 0.562160 -0.794033
-10.956485 -17.394219 -728.668013 -29.837360 -0.039810 0.826874 0.560977 0.952483 0.201075 -0.228790 -0.301979 0.525213 -0.795588
-13.335362 -17.136028 -701.711587 -404.179804 -0.035987 0.797695 0.601986 0.934811 0.239838 -0.261927 -0.353318 0.553317 -0.754325
18.694568 -9.014028 -2332.428294 6222.332784 0.472507 -0.140575 -0.870044 0.634592 0.739314 0.225184 0.611580 -0.658524 0.438539
10.206700 -22.646854 -1257.555007 5003.599787 0.544482 -0.066185 -0.836157 0.612698 0.712198 0.342599 0.572835 -0.698851 0.428331
15.426769 -10.787216 -1635.815896 -5710.323424 0.607729 -0.020797 -0.793872 -0.536936 -0.747301 -0.391461 0.585120 -0.664161 0.465323
21.160547 3.856192 -2512.891199 3743.630243 0.476971 -0.154817 -0.865177 0.655633 0.718257 0.232923 0.585359 -0.678335 0.444091
-4.812169 -18.640525 -527.758038 -56.079065 0.788227 0.604551 0.114961 -0.191142 0.418090 -0.888068 0.584946 -0.678026 -0.445105
-7.067024 -19.213692 -440.646189 2.094594 0.742368 0.669897 -0.011302 -0.237910 0.247802 -0.939145 0.626329 -0.699880 -0.343336
-5.274069 -17.834792 -453.517684 -44.293795 0.776270 0.629181 0.039197 -0.196259 0.300292 -0.933438 0.599072 -0.716907 -0.356590
-2.532296 -17.391758 -431.016368 -134.533640 0.809527 0.563140 0.165949 -0.132958 0.451181 -0.882473 0.571829 -0.692321 -0.440117
-1.616874 -68.757987 -283.547776 -3138.904144 0.807802 0.489401 0.328548 -0.345038 0.844496 -0.409604 -0.477918 0.217517 0.851047
-3.962433 -65.441727 -391.707615 -2834.008115 0.814124 0.484240 0.320489 -0.339678 0.844762 -0.413517 -0.470978 0.227791 0.852227
-3.700058 -68.168922 -373.753161 -421.907224 0.807424 0.502383 0.309318 -0.242529 0.760587 -0.602236 -0.537817 0.411241 0.735958
1.737777 -91.454784 -322.090533 3924.280747 0.964476 0.226065 0.136675 0.196186 -0.266482 -0.943662 0.176908 -0.936954 0.301366
4.746477 -93.163640 -504.911686 8767.653315 0.962390 0.235206 0.135953 0.191838 -0.234029 -0.953115 0.192362 -0.943350 0.270348
2.002139 -79.294838 -392.111817 7393.718880 0.965551 0.220905 0.137521 0.155253 -0.064936 -0.985738 0.208824 -0.973131 0.096995
-0.036098 -81.173242 -246.608441 4697.895286 0.965145 0.223420 0.136303 0.159653 -0.089935 -0.983068 0.207379 -0.970564 0.122470
-0.067102 -87.368799 -164.867888 213.127682 0.961733 0.232856 0.144387 0.211837 -0.297725 -0.930852 0.173767 -0.925817 0.335660
-27.514103 -793.920766 -13525.102015 -188744.810164 -0.382334 0.390635 -0.837392 0.763521 -0.376867 -0.524411 -0.520439 -0.839866 -0.154169
97.429624 -117835.487370 780458.709831 41904260.095218 0.338335 -0.452032 0.825346 -0.272128 0.792599 0.545650 -0.900820 -0.409212 0.145153
-119.559111 -1411.360457 -34342.002825 -550320.100128 -0.453599 0.404208 -0.794269 0.647003 -0.463549 -0.605400 -0.612891 -0.788503 -0.051259
0.505262 -679.566792 521.181610 146391.685530 0.255465 -0.509013 0.821975 -0.417393 0.708810 0.568658 -0.872079 -0.488359 -0.031383
-67.580921 -1204.177623 -24014.804789 -220376.921416 -0.487181 0.352725 -0.798899 0.855787 0.010533 -0.517221 -0.174022 -0.935668 -0.306988
-53.447402 -1092.791659 6014.231516 59237.484892 -0.312653 0.464400 -0.828602 0.947143 0.086400 -0.308957 -0.071889 -0.881401 -0.466867
4.384892 -266.265627 -4180.849580 -38054.506776 -0.352846 0.546515 -0.759487 0.786885 -0.265869 -0.556890 -0.506272 -0.794125 -0.336234
-14.154933 -858.517230 -20455.151266 -174723.840564 -0.414891 0.369890 -0.831292 0.909803 0.157510 -0.383990 -0.011097 -0.915626 -0.401877
8.608415 -118.374563 -135.728441 6634.185992 0.916106 0.342036 0.209191 -0.350944 0.431779 0.830906 -0.193875 0.834613 -0.515591
7.805918 -110.815568 -195.996638 -689.939015 0.917956 0.359288 0.168132 -0.372030 0.632671 0.679206 -0.137658 0.686032 -0.714430
9.367327 -124.683539 -190.132664 -3958.188334 0.925824 0.320210 0.200788 -0.372648 0.684640 0.626420 -0.063118 0.654778 -0.753182
8.863020 -131.562316 -29.127502 6038.652848 0.920850 0.306053 0.241593 -0.369810 0.489117 0.789940 -0.123596 0.816759 -0.563585
-31.727007 -200.344087 7364.552030 -35297.233622 0.890155 0.408898 -0.201063 0.452377 -0.740196 0.497458 -0.054584 0.533771 0.843866
-31.394312 -223.860305 7181.024119 -30987.350465 0.841096 0.496444 -0.214712 0.526369 -0.842620 0.113702 0.124474 0.208652 0.970037
-6.605781 -255.417297 4661.593901 -52157.128421 0.831933 0.501257 -0.237967 0.550597 -0.692589 0.466007 -0.068776 0.518711 0.852179
-0.209983 -121.937678 2630.153047 -25665.112551 0.863869 0.458910 -0.207682 0.453140 -0.527940 0.718292 -0.219988 0.714619 0.664021
-23.821945 -121.226627 5646.687384 -23904.258913 0.922756 0.357640 -0.143583 0.336184 -0.564838 0.753617 -0.188422 0.743675 0.641440
-29.066506 -44.642605 239.710342 2381.375461 0.906628 0.414945 -0.076468 0.229200 -0.332176 0.914946 -0.354251 0.847042 0.396265
-24.315689 -41.697246 -785.683550 1604.268596 0.954733 0.237342 0.179312 -0.053611 -0.455641 0.888548 -0.292592 0.857939 0.422292
-22.595597 -37.813391 -567.462743 1514.124025 0.944567 0.061525 0.322502 -0.241067 -0.536888 0.808479 -0.222889 0.841407 0.492296
33.921728 -55.329111 3530.033060 674.496821 -0.674578 -0.738195 0.003443 0.738201 -0.674559 0.005454 -0.001704 0.006221 0.999979
33.338083 -45.980351 -2706.572302 -218.395650 0.708990 0.704315 0.035679 0.699053 -0.695216 -0.167331 0.093050 -0.143578 0.985255
34.833557 -48.366334 -2675.080259 -1917.230669 0.770946 0.636390 0.025510 0.609462 -0.725511 -0.319671 0.184928 -0.261997 0.947185
42.222815 -56.407480 -2665.278502 71.492393 0.748259 0.653486 -0.114299 -0.547125 0.705314 0.450761 0.375183 -0.274750 0.885297
-37.090100 -52.589563 570.912423 -545.121693 -0.076915 -0.129900 0.988539 0.745557 0.650803 0.143529 -0.661989 0.748051 0.046791
-35.641404 -47.267493 360.697994 -2163.548659 -0.136819 -0.253530 0.957603 0.577606 0.764931 0.285046 -0.804768 0.592117 0.041783
21.071024 -27.929770 842.873665 2036.319083 -0.445094 -0.511610 -0.734947 0.869953 -0.441624 -0.219433 -0.212306 -0.737037 0.641641
19.124845 -23.172845 3132.082440 978.051432 -0.410391 -0.464015 -0.785028 0.892021 -0.383079 -0.239893 -0.189414 -0.798711 0.571124
18.907846 -30.044277 3485.136932 2320.871442 -0.431237 -0.421824 -0.797558 0.863014 -0.450663 -0.228276 -0.263138 -0.786745 0.558382
23.987835 -20.791359 -1477.679078 844.226879 -0.418977 -0.582449 -0.696571 0.899552 -0.370647 -0.231145 -0.123552 -0.723446 0.679235
18.203474 -40.556578 2584.958241 3908.727737 -0.482781 -0.414121 -0.771639 0.811173 -0.543526 -0.215818 -0.330031 -0.730125 0.598328
20.759168 -35.320004 1047.461909 3072.148188 -0.481183 -0.492443 -0.725233 0.827337 -0.528594 -0.190004 -0.289788 -0.691439 0.661767
24.753163 -26.612207 -2032.393390 2421.269390 -0.451354 -0.587551 -0.671613 0.872768 -0.447456 -0.195089 -0.185892 -0.674216 0.714756
23.620912 -21.958446 -2581.140912 1370.520634 -0.444190 -0.617937 -0.648730 0.887481 -0.402694 -0.224086 -0.122769 -0.675272 0.727280
14.950107 -30.921105 1822.794116 647.185163 0.972931 0.167854 0.158844 0.001066 0.684077 -0.729409 0.231095 -0.709834 -0.665380
20.465901 -33.277734 1980.652701 -249.610010 0.977792 0.130889 0.163680 0.077581 0.499460 -0.862856 0.194690 -0.856393 -0.478213
10.556401 -34.731764 1257.495759 -493.264945 0.969817 0.179685 0.164830 0.078703 0.409133 -0.909074 0.230784 -0.894608 -0.382642
0.498267 -52.420898 155.280127 2198.099611 0.857583 0.495334 0.138547 0.004512 -0.276600 0.960974 -0.514326 0.823490 0.239443
1.170878 -44.097797 -208.192158 1543.409375 0.842256 0.508798 0.178129 0.096107 -0.466862 0.879092 -0.530442 0.723301 0.442116
1.645978 -76.406066 11.659861 -428.026076 0.986444 0.157397 0.046420 -0.063267 0.625787 -0.777424 0.151413 -0.763948 -0.627262
1.699806 -75.166856 -37.877563 606.782761 0.987930 0.128167 0.086989 0.013455 0.488457 -0.872484 0.154314 -0.863124 -0.480837
1.465697 -68.997386 10.502502 -943.472994 0.986100 0.164903 0.020367 -0.106116 0.719348 -0.686496 0.127856 -0.674793 -0.726848
2.516871 -86.473209 -123.147124 230.716791 0.985966 0.147983 0.077279 -0.009851 0.513664 -0.857935 0.166655 -0.845134 -0.507913
1.408414 -76.706081 44.411540 -484.215057 0.982480 0.185299 0.019952 -0.126811 0.743119 -0.657034 0.136575 -0.642992 -0.753597
2.286152 -86.517001 -74.586627 -595.029798 0.982465 0.183360 0.033789 -0.096567 0.655448 -0.749041 0.159491 -0.732644 -0.661661
12.654863 -17.920280 9264.047157 705.329238 -0.417879 -0.284587 0.862779 0.143780 0.916986 0.372106 -0.897053 0.279546 -0.342271
-4.758712 -20.688010 5807.558624 4112.395011 -0.437724 -0.346942 0.829475 0.135003 0.886732 0.442133 -0.888916 0.305513 -0.341305
-6.238638 -20.213959 13056.973503 2718.119798 -0.324229 -0.345111 0.880780 0.110578 0.910869 0.397606 -0.939494 0.226310 -0.257168
38.794884 -11.716717 12415.917869 528.220755 0.908295 -0.164039 -0.384827 0.343146 -0.234007 0.909666 0.239272 0.958297 0.156258
34.634422 -22.212367 12019.797755 3195.545833 0.942342 -0.147619 -0.300333 0.262509 -0.230545 0.936983 0.207557 0.961799 0.178501
14.151893 -19.840408 6088.646918 1756.346409 0.921673 -0.114807 -0.370593 0.346154 -0.188030 0.919142 0.175207 0.975430 0.133562
2.269689 -64.910110 -154.743288 -1208.891449 0.399335 -0.107829 -0.910442 0.373510 0.926044 0.054151 0.837270 -0.361684 0.410077
2.757667 -68.275891 -118.742251 -729.574930 0.406817 -0.078593 -0.910123 0.203197 0.979118 0.006277 0.890624 -0.187488 0.414291
4.092325 -72.298750 -378.961732 -1055.110405 0.394912 -0.088474 -0.914449 0.205129 0.978716 -0.006105 0.895526 -0.185169 0.404655
4.024919 -73.951331 -362.238079 -647.984982 0.397653 -0.047665 -0.916297 0.010465 0.998820 -0.047416 0.917476 0.009266 0.397683
2.830439 -69.884332 -65.497938 -618.644480 0.407333 -0.049555 -0.911934 0.016739 0.998764 -0.046797 0.913126 0.003797 0.407659
1.324903 -48.009767 -176.246910 -172.965509 0.855213 0.516841 0.038546 -0.261067 0.365347 0.893513 -0.447721 0.774207 -0.447380
-0.391738 -87.258403 412.974960 4750.870924 -0.106348 -0.100705 0.989216 0.476366 0.868096 0.139588 -0.872792 0.486074 -0.044348
-3.996687 -99.555630 956.950169 5842.726470 -0.117125 -0.137536 0.983547 0.350427 0.920938 0.170511 -0.929238 0.364633 -0.059669
18.436661 -73.208835 -3634.707531 6359.443728 0.312300 -0.131168 -0.940884 0.937680 0.201449 0.283153 0.152399 -0.970677 0.185906
14.931308 -83.641440 -3298.585951 3760.536687 0.281635 -0.132590 -0.950317 0.958815 0.000894 0.284029 -0.036810 -0.991171 0.127381
54.818315 -10.356099 9591.369423 3612.457085 0.588101 -0.100194 0.802557 0.338229 0.931829 -0.131517 -0.734669 0.348793 0.581898
69.444573 -11.529396 5769.796576 3206.222523 0.409273 -0.039670 0.911549 0.324057 0.940239 -0.104579 -0.852926 0.338195 0.397670
58.946305 -8.604512 3193.520448 1117.465976 0.402387 -0.085388 0.911479 0.365318 0.927909 -0.074349 -0.839421 0.362897 0.404572
47.510533 -7.828526 8358.045682 767.290995 0.587715 -0.151153 0.794823 0.364066 0.926722 -0.092964 -0.722529 0.344004 0.599678
14.756526 -55.552964 -1215.056848 -1933.156675 0.425813 -0.187642 -0.885141 -0.027632 0.975107 -0.220007 0.904389 0.118140 0.410028
19.034151 -57.460055 -223.360487 -607.459649 0.401115 -0.208781 -0.891918 -0.230511 0.919342 -0.318866 0.886550 0.333498 0.320636
13.062879 -54.756808 1525.602878 -1128.061592 0.360864 -0.241844 -0.900716 -0.036931 0.961329 -0.272915 0.931887 0.131750 0.337977
20.715078 -57.013704 -975.942199 169.731192 0.418958 -0.154354 -0.894790 -0.300023 0.906565 -0.296861 0.857007 0.392830 0.333502
10.063062 -48.716127 1813.752525 -2158.472726 0.347708 -0.231276 -0.908631 0.175102 0.968068 -0.179398 0.921107 -0.096725 0.377102
9.599543 -47.192223 245.218095 -2421.166688 0.393754 -0.191294 -0.899091 0.184338 0.974670 -0.126644 0.900543 -0.115870 0.419042
9.705996 -49.680078 -1559.782079 -2736.388100 0.436342 -0.159815 -0.885475 0.152857 0.982962 -0.102086 0.886702 -0.090806 0.453336
1.180213 -53.403976 -594.852594 3485.562133 0.378484 -0.193657 -0.905122 0.881575 0.373439 0.288738 0.282092 -0.907216 0.312064
0.983971 -88.858121 -659.312561 -6254.954701 0.318285 -0.066643 -0.945650 0.762070 0.611313 0.213415 0.563866 -0.788578 0.245359
74.290554 -85.907487 9279.362925 99.056640 -0.352586 0.003746 0.935772 -0.390761 0.908044 -0.150868 -0.850288 -0.418857 -0.318700
87.071442 -104.088310 13135.110788 13373.462638 -0.308919 -0.061468 0.949100 -0.525421 0.842838 -0.116432 -0.792781 -0.534645 -0.292666
80.594070 -73.982617 5976.983979 1692.795546 -0.435563 -0.101559 0.894411 -0.451726 0.884105 -0.119594 -0.778607 -0.456119 -0.430960
65.617292 -117.552968 9196.751715 11452.115903 -0.247069 0.026155 0.968645 -0.470229 0.870808 -0.143453 -0.847256 -0.490927 -0.202851
59.658089 -112.043063 8122.760788 4182.301195 -0.264891 0.060262 0.962394 -0.311423 0.939217 -0.144527 -0.912606 -0.337995 -0.230023
-210.078228 -2582.514824 -57719.173442 858717.113674 -0.412718 -0.317087 0.853885 -0.217220 0.944666 0.245807 -0.884578 -0.084032 -0.458759
-63.257388 -1234.129752 13000.509957 87406.528968 0.490990 0.247962 -0.835131 0.835916 -0.404029 0.371490 -0.245301 -0.880497 -0.405650
