15937
31864
-35.360879 -52.517072 -247.608455 -6656.293280 -0.740919 -0.164613 -0.651108 -0.443047 0.848412 0.289664 0.504725 0.503089 -0.701536
-34.514250 -54.190104 25.476849 5110.402461 0.604727 0.437072 0.665788 0.673975 -0.726239 -0.135407 0.424338 0.530608 -0.733752
-41.679241 -65.425999 -362.693467 -6014.675031 0.770947 0.160042 0.616463 -0.490130 0.767172 0.413787 0.406710 0.621155 -0.669890
-31.100476 -45.098259 -729.926231 -2122.511269 0.392900 0.656092 0.644339 -0.786443 0.602879 -0.134325 0.476588 0.453960 -0.752851
-41.150633 -76.475470 298.630968 -10145.821569 0.877612 -0.180269 0.444185 -0.165853 0.755192 0.634176 0.449767 0.630229 -0.632867
-33.040404 -71.020871 -3256.261811 -14490.489684 -0.835707 0.225742 -0.500635 -0.112322 0.822080 0.558183 0.537567 0.522709 -0.661662
-25.808475 -49.618900 -4258.223049 -9613.398646 -0.771512 0.063484 -0.633040 -0.227249 0.901872 0.367402 0.594245 0.427313 -0.681378
-27.663960 -40.099687 -205.523364 -3072.758460 -0.475953 -0.536356 -0.696987 -0.670115 0.734423 -0.107562 0.569575 0.415867 -0.708971
16.715671 -17.484965 -5841.819407 -1234.378649 0.997593 0.033497 -0.060711 0.066566 -0.217492 0.973790 -0.019415 0.975487 0.219198
19.827473 -16.059082 -4982.296533 -59.214060 0.998832 0.030902 -0.037148 0.042284 -0.186838 0.981480 -0.023389 0.981905 0.187926
23.774603 -16.546766 -2004.730045 -1276.134767 0.998215 -0.056371 -0.019718 0.008091 -0.199468 0.979871 0.059169 0.978282 0.198656
10.795820 -16.707072 -5479.228580 -391.765120 0.982023 0.087219 -0.167401 0.181662 -0.195796 0.963672 -0.051274 0.976758 0.208121
21.531086 -20.882383 -2313.057985 -2117.800384 0.998551 -0.052845 -0.010162 -0.003622 -0.254400 0.967092 0.053692 0.965654 0.254223
2.576783 -18.878433 -4510.680123 -618.067707 0.958379 0.098268 -0.268054 0.284196 -0.238772 0.928559 -0.027244 0.966091 0.256761
11.891909 -19.388474 -5610.990891 -1351.406227 0.995439 0.037985 -0.087513 0.094394 -0.259225 0.961193 -0.013826 0.965070 0.261628
31.241951 -45.257954 -6868.671549 67.092956 0.977839 0.093681 -0.187227 0.059252 0.733899 0.676669 -0.200797 0.672767 -0.712085
34.496364 -44.585502 -1359.780372 -253.464108 0.991381 0.015216 -0.130126 0.085304 0.678874 0.729283 -0.099436 0.734097 -0.671725
26.985089 -44.256266 -7262.783028 -38.544496 0.972960 0.128076 -0.192212 0.061036 0.660029 0.748757 -0.222763 0.740242 -0.634364
17.854986 -45.357714 -7495.057790 164.748763 0.966241 0.151686 -0.208252 0.027499 0.742974 0.668755 -0.256167 0.651905 -0.713721
25.302405 -45.781865 -6348.834895 129.853934 0.975880 0.090772 -0.198540 0.041986 0.814437 0.578731 -0.214231 0.573108 -0.790982
314.521534 -45.751506 -111767.710237 5294.937696 0.437743 0.478242 0.761358 -0.714986 0.698589 -0.027732 -0.545138 -0.532221 0.647738
683.659176 -46.157325 -182375.826125 1085.348282 0.717855 0.684648 0.126260 0.691695 -0.721972 -0.017739 -0.079011 -0.100067 0.991839
499.791403 -32.954449 82367.080125 -1032.553967 -0.685070 -0.726409 -0.054852 0.728135 -0.680499 -0.082098 0.022310 -0.096183 0.995114
1432.740015 -143.511337 -521177.729182 -31669.482801 -0.598557 -0.407589 0.689639 0.636621 -0.764579 0.100662 0.486254 0.499291 0.717123
187.061847 -46.353126 64946.929566 -2460.044387 -0.431787 -0.481705 -0.762575 0.789969 -0.610007 -0.061968 -0.435326 -0.629167 0.643925
280.755507 -11.831674 101008.629355 -3235.443724 0.376386 0.508419 -0.774496 -0.706687 0.698140 0.114862 0.599105 0.504093 0.622063
1503.557091 -23.418267 554353.431074 -9557.313677 0.394137 0.631852 -0.667397 -0.669675 0.694789 0.262304 0.629437 0.343555 0.696978
1756.429884 -80.246845 568353.182076 11948.980092 -0.643157 -0.405162 -0.649764 0.696971 -0.661188 -0.277599 -0.317144 -0.631406 0.707634
1053.588144 24.789881 368204.521912 -21836.800430 -0.288849 -0.945630 -0.149497 0.941630 -0.252410 -0.222761 0.172915 -0.205115 0.963342
-3.073843 -60.550137 485.556856 153.395769 0.576176 0.340689 0.742935 0.370447 0.701401 -0.608938 -0.728554 0.626074 0.277923
-1.368815 -59.681006 237.882280 1111.315346 0.579752 0.331802 0.744174 0.370079 0.706453 -0.603295 -0.725899 0.625165 0.286774
-2.466421 -66.717654 154.970045 -3379.414667 0.556533 0.319714 0.766847 0.448877 0.660980 -0.601344 -0.699129 0.678888 0.224345
-1.065255 -66.826060 57.027366 -3749.685004 0.561828 0.314491 0.765143 0.434469 0.674916 -0.596427 -0.703978 0.667520 0.242551
-3.950757 -65.128678 887.843790 2525.787211 0.558986 0.313713 0.767541 -0.469986 -0.642734 0.604984 -0.683116 0.698911 0.211839
60.467230 -71.053693 2302.793341 -7316.912925 0.690939 0.254247 0.676728 0.396709 0.649218 -0.648951 0.604338 -0.716851 -0.347708
50.038533 -60.599144 -1018.693950 -5387.201753 -0.601236 -0.396213 -0.693924 0.340029 0.659007 -0.670887 0.723115 -0.639316 -0.261495
49.869323 -76.385388 -1380.568582 -5967.051694 -0.648690 -0.273598 -0.710172 0.295394 0.769472 -0.566264 0.701387 -0.577111 -0.418330
52.560350 -86.994642 -1958.411018 -5721.426477 -0.715863 -0.140359 -0.683988 0.331025 0.794285 -0.509444 0.614787 -0.591109 -0.522137
44.608837 -86.370431 -1759.947158 -2979.229349 -0.654984 -0.207434 -0.726614 0.201585 0.878769 -0.432583 0.728258 -0.429809 -0.533764
43.446018 -81.116977 135.520279 -4698.939801 -0.613424 -0.298638 -0.731114 0.192335 0.841385 -0.505054 0.765976 -0.450430 -0.458687
3.828667 -83.072931 1750.504690 43.060860 0.814090 -0.156269 0.559319 -0.512885 0.258306 0.818674 0.272409 0.953341 -0.130136
7.282664 -91.673461 1022.506475 -2313.110827 0.835813 -0.148651 0.528506 -0.514995 0.121309 0.848566 0.190252 0.981421 -0.024837
4.922543 -87.980834 -1519.835488 -733.178838 0.808678 -0.091946 0.581022 -0.538375 0.282339 0.794001 0.237051 0.954898 -0.178820
1.904613 -87.467292 3656.005665 -4364.056842 0.845128 -0.187658 0.500542 -0.477283 0.156807 0.864646 0.240746 0.969637 -0.042956
1.820344 -78.024625 2955.914005 -1460.229581 0.815245 -0.154157 0.558222 -0.489959 0.330272 0.806759 0.308732 0.931212 -0.193722
0.648674 -76.303269 1201.609941 1512.238021 0.622898 0.372704 0.687815 0.139631 0.812132 -0.566520 -0.769741 0.448924 0.453835
-2.788719 -74.896412 1078.898356 164.788284 0.622487 0.345323 0.702326 0.101873 0.854005 -0.510193 -0.775972 0.389137 0.496428
-2.743295 -76.876542 1547.065415 -795.301330 0.632648 0.377955 0.675949 -0.032327 0.884950 -0.464562 -0.773765 0.272053 0.572080
-0.793158 -72.567918 1627.660199 3300.499886 0.622032 0.326645 0.711604 0.291552 0.746847 -0.597676 -0.726687 0.579243 0.369329
0.355669 -78.631971 1683.026545 -2257.512185 0.632265 0.396379 0.665676 -0.041865 0.875436 -0.481518 -0.773620 0.276578 0.570102
4.411310 -80.275092 960.634429 -968.794781 0.621701 0.412168 0.666037 0.035565 0.834614 -0.549686 -0.782447 0.365428 0.504222
5.426769 -79.508309 923.452999 4015.776711 0.618237 0.391649 0.681464 0.243676 0.728787 -0.639915 -0.747265 0.561676 0.355128
3.073564 -73.830821 1093.726957 4520.629137 0.619063 0.345399 0.705309 0.337477 0.693944 -0.636043 -0.709133 0.631777 0.313031
-24.723695 -42.793916 5490.713412 -863.533220 0.258318 0.795779 0.547730 0.620815 -0.571145 0.537012 -0.740176 -0.201319 0.641569
-23.962159 -39.467654 4200.723614 -1192.720544 0.285733 0.775413 0.563109 0.538821 -0.615921 0.574729 -0.792483 -0.139196 0.593797
-32.736368 -43.549815 3397.675330 1767.336671 0.002523 0.957426 0.288669 0.616663 -0.228738 0.753263 -0.787223 -0.176111 0.590986
-1.681647 -26.986711 -53.721069 -2646.290355 0.775498 0.162915 -0.609969 0.630134 -0.139791 0.763799 -0.039166 0.976687 0.211066
-0.470806 -21.162821 -980.688077 -1296.297342 0.867442 0.137452 -0.478175 0.496750 -0.185207 0.847902 -0.027984 0.973039 0.228936
-4.039983 -32.827309 -681.275627 -4030.022897 -0.639678 -0.194929 0.743515 0.768562 -0.176294 0.615007 0.011194 0.964844 0.262586
-3.066981 -36.814648 353.332659 -4052.326212 -0.641995 -0.196803 0.741020 0.766690 -0.158075 0.622253 -0.005325 0.967616 0.252371
-2.709819 -32.473074 -1049.443448 -3344.819759 0.742576 0.177459 -0.645825 0.667188 -0.111530 0.736493 -0.058669 0.977788 0.201218
1001.281540 -39.504304 -302207.379726 6177.152971 0.236597 0.761757 0.603115 0.048929 -0.629293 0.775627 -0.970375 0.154001 0.186160
1036.094052 -34.015536 -298699.314772 -16786.459442 0.272519 0.865843 0.419582 0.110114 -0.461289 0.880390 -0.955829 0.193721 0.221051
377.274150 -40.482130 -126366.403728 636.676135 0.127755 0.771149 0.623704 0.026663 -0.631301 0.775080 -0.991447 0.082390 0.101213
266.101913 -39.596803 -96304.889194 2815.828702 0.154275 0.768557 0.620902 -0.003627 -0.627980 0.778221 -0.988021 0.122312 0.094094
9.735113 -38.670520 3891.292128 1284.877129 -0.383910 -0.460433 -0.800384 0.332701 0.739610 -0.585054 0.861350 -0.490896 -0.130757
1.975724 -37.956239 2918.571413 2042.863940 -0.373671 -0.425267 -0.824329 0.286557 0.792306 -0.538644 0.882188 -0.437492 -0.174198
2.391252 -42.745931 2335.262281 -1341.142745 -0.359625 -0.447664 -0.818698 0.430777 0.698648 -0.571246 0.827708 -0.558111 -0.058407
-3.015319 -106.688236 669.470841 356.101922 0.834038 0.546296 0.077077 -0.541431 0.837315 -0.075870 -0.105985 0.021546 0.994134
-1.450235 -113.689875 582.187651 930.838969 0.830795 0.551868 0.072255 -0.553501 0.832843 0.003132 -0.058448 -0.042595 0.997381
-2.502496 -110.301740 1143.463192 2217.514110 0.860505 0.505184 0.065724 -0.479058 0.846310 -0.232943 -0.173302 0.168963 0.970267
-0.638346 -48.736120 7320.874928 1879.338048 -0.445361 -0.726785 0.522913 0.669662 0.117278 0.733348 -0.594312 0.676779 0.434469
11.035485 -40.418758 2393.124815 -630.457392 -0.366822 -0.645085 0.670304 0.782115 0.176298 0.597675 -0.503725 0.743495 0.439861
4.834980 -45.836752 6284.179772 -30.824675 -0.332989 -0.686204 0.646717 0.821150 0.126103 0.556606 -0.463498 0.716395 0.521485
14.340371 -103.068239 -6087.992358 -73798.116042 0.960642 0.267321 -0.075534 0.234504 -0.926164 -0.295344 0.148908 -0.266007 0.952400
-35.190306 -110.947781 -32659.298862 -57467.764836 0.986580 0.157977 -0.041278 0.137570 -0.940401 -0.311000 0.087949 -0.301147 0.949513
27.371021 -12.479346 -22002.138191 3029.314167 0.926370 -0.216658 -0.308054 -0.319474 -0.885214 -0.338132 0.199435 -0.411651 0.889252
-12.700599 -189.142749 -9465.997506 -78847.243465 0.424368 -0.806102 -0.412445 0.892309 0.449725 0.039142 0.153935 -0.384639 0.910141
-6.666036 -6648.138146 -314642.057645 1035907.950483 0.340797 0.833525 0.434850 -0.810140 0.495051 -0.314003 0.477002 0.245277 -0.843983
192.683149 -1337.108492 -83744.461448 5798725.539204 0.456769 0.730306 0.507952 -0.066093 0.597280 -0.799305 0.887127 -0.331525 -0.321087
77.417213 -2038.452912 -24308.476751 1845852.337794 0.445203 0.637335 0.628966 0.861896 -0.495441 -0.108045 0.242754 0.590205 -0.769888
877.826529 -32636.104792 355265.339660 -10565861.954559 0.748180 0.629267 0.210355 -0.220480 -0.063230 0.973340 -0.625792 0.774612 -0.091433
-46.453339 -2070.748175 -21822.981529 660254.882196 0.557154 0.668577 0.492528 0.635356 0.038696 -0.771249 -0.534698 0.742636 -0.403225
-18.733615 -43.998485 868.192109 1422.506825 -0.538013 0.719342 -0.439419 0.842857 0.451945 -0.292125 -0.011545 -0.527535 -0.849455
-15.154310 -44.101956 600.777611 -1310.718545 -0.565033 0.723861 -0.395933 0.813745 0.409691 -0.412277 -0.136221 -0.555138 -0.820527
-16.794439 -46.410151 763.545262 573.547930 -0.598700 0.710975 -0.368881 0.799734 0.504999 -0.324656 -0.044538 -0.489378 -0.870934
-14.938404 -45.091347 776.245122 -1789.173073 -0.613056 0.716228 -0.333437 0.774921 0.462972 -0.430296 -0.153818 -0.522182 -0.838848
-14.727150 -45.928551 837.917496 -747.414909 -0.638063 0.707133 -0.304694 0.763772 0.531087 -0.366877 -0.097612 -0.466807 -0.878956
-15.960251 -42.755972 1246.735684 -39.710432 0.264607 0.825067 0.499247 -0.677203 0.527552 -0.512918 0.686571 0.202370 -0.698332
-15.375470 -42.395092 1461.429910 -21.760729 0.248793 0.840657 0.481039 -0.618152 0.520169 -0.589332 0.745647 0.150734 -0.649068
-18.278290 -42.481236 1709.349224 198.761381 0.253989 0.858427 0.445638 -0.686843 0.484478 -0.541782 0.680982 0.168477 -0.712656
-18.004797 -41.677286 1398.381324 434.664737 0.272027 0.831552 0.484276 -0.743800 0.500995 -0.442454 0.610544 0.239845 -0.754792
-10.436678 -81.926614 -540.648517 -2397.298630 -0.641971 0.073217 -0.763225 0.106508 0.994295 0.005798 0.759295 -0.077567 -0.646107
-10.791495 -81.664370 -156.583840 -451.558645 -0.645236 0.065669 -0.761156 0.242131 0.962515 -0.122215 0.724598 -0.263157 -0.636950
-11.426123 -82.973885 -1979.800838 307.516092 -0.641244 0.069075 -0.764222 0.174047 0.983076 -0.057184 0.747338 -0.169680 -0.642413
-12.050304 -81.314310 -1588.539527 1397.781562 -0.646267 0.071739 -0.759732 0.327925 0.925070 -0.191599 0.689061 -0.372959 -0.621367
-10.660142 -82.226319 -991.526912 -2080.991707 -0.654140 0.085454 -0.751531 0.059448 0.996332 0.061545 0.754034 -0.004418 -0.656821
-28.117587 -751.099265 4996.305796 223322.557023 -0.361226 0.801963 0.475784 -0.830938 -0.508379 0.226037 -0.423152 0.313697 -0.850021
-0.917003 -555.051538 4597.377821 203502.885295 -0.285504 0.813170 0.507191 -0.762386 -0.513390 0.393952 -0.580736 0.274200 -0.766524
-94.339339 -716.492334 -4586.148613 252594.278291 -0.430513 0.743533 0.511681 -0.754374 -0.607670 0.248309 -0.495559 0.279099 -0.822512
-14.834807 -236.492328 5530.993107 89406.823649 -0.318127 0.800839 0.507397 -0.773964 -0.528474 0.348848 -0.547517 0.281729 -0.787943
-56.149954 -858.655945 26041.779516 254563.401900 -0.389481 0.794907 0.465217 -0.820260 -0.529095 0.217330 -0.418901 0.296953 -0.858103
-38.015009 -224.289522 12526.521471 75168.024361 -0.373685 0.798375 0.472183 -0.769599 -0.551027 0.322626 -0.517762 0.242830 -0.820339
-191.772331 -308.923557 -43926.100973 41341.968068 0.671224 0.234783 0.703089 0.638899 0.297699 -0.709354 0.375854 -0.925339 -0.049820
-108.678927 -340.343061 26288.423778 29952.871918 -0.693161 -0.034401 -0.719961 0.711467 0.127420 -0.691071 0.115511 -0.991252 -0.063848
-137.264371 -610.637882 -36246.717282 192944.263253 0.720562 -0.010440 0.693312 0.551312 0.615041 -0.563719 0.420530 -0.788426 -0.448931
-55.504249 -424.025974 -19511.403897 107263.746791 0.699174 -0.130190 0.702999 0.681990 0.416564 -0.601135 0.214582 -0.899736 -0.380039
-52.349416 -403.190802 -27614.782855 123843.078684 0.720625 -0.188743 0.667140 0.539253 0.757381 -0.368213 0.435781 -0.625101 -0.647568
10.797966 -99.417525 3547.267636 -3299.192839 0.856092 -0.190779 0.480323 -0.514145 -0.219868 0.829044 0.052556 0.956693 0.286315
3.914800 -106.987112 4958.927141 -2219.761073 0.869450 -0.222450 0.441104 -0.492224 -0.313993 0.811865 0.042096 0.922998 0.382496
12.800107 -101.962747 2795.257103 2929.374147 0.842720 -0.209101 0.496084 -0.531651 -0.468185 0.705797 -0.084677 0.858533 0.505718
-4.285880 -56.795597 -315.358410 2077.778961 -0.271972 -0.564747 -0.779161 -0.071959 0.819350 -0.568759 0.959611 -0.098619 -0.263479
-4.950251 -59.526956 -712.980133 2243.186417 -0.260173 -0.582042 -0.770414 0.055536 0.787550 -0.613743 0.963964 -0.202465 -0.172575
-4.943947 -58.588907 499.371613 3311.712404 -0.291269 -0.576245 -0.763612 0.014768 0.795419 -0.605880 0.956527 -0.187751 -0.223171
45.595510 -75.180856 -1403.281100 11582.009178 0.794492 -0.295083 0.530762 0.157295 -0.744184 -0.649191 -0.586549 -0.599263 0.544833
69.096928 -62.241354 -2494.957535 1339.204833 0.789304 -0.174052 0.588817 0.309182 -0.715860 -0.626060 -0.530478 -0.676203 0.511218
65.281449 -72.021190 -4401.231072 -2803.743215 0.725049 -0.375400 0.577390 -0.200347 0.687149 0.698346 -0.658912 -0.622013 0.423007
52.747910 -57.190777 -760.564948 7118.985964 0.838393 -0.084130 0.538534 0.299649 -0.754180 -0.584314 -0.455310 -0.651256 0.607090
37.070205 -89.461494 -1530.936825 -10954.690641 0.714131 -0.501824 0.488047 0.027076 0.716478 0.697085 -0.699489 -0.484595 0.525246
26.820944 -84.163050 -109.863327 -7470.276305 0.789128 -0.406723 0.460275 0.105485 0.827959 0.550778 -0.605103 -0.386082 0.696269
37.905757 -75.625384 -214.109594 12569.112678 0.831566 -0.217040 0.511264 0.143070 -0.805728 -0.574746 -0.536683 -0.551086 0.638964
11.537778 -20.528437 -691.493415 811.390620 0.856212 -0.432327 0.282831 0.361177 0.892358 0.270644 -0.369394 -0.129577 0.920195
10.553692 -17.813952 -198.626786 207.770730 0.877409 -0.385044 0.286172 0.333988 0.918475 0.211792 -0.344391 -0.090250 0.934478
14.567118 -21.032307 -998.604196 868.476236 0.887000 -0.368674 0.278047 0.305073 0.919877 0.246488 -0.346643 -0.133810 0.928404
6.948891 -17.227334 -598.240870 351.281719 0.841718 -0.456087 0.288957 0.401031 0.886462 0.230998 -0.361505 -0.078554 0.929055
16.100752 -24.049688 -872.185010 1430.860016 0.864860 -0.423685 0.269274 0.337384 0.887742 0.313187 -0.371739 -0.180014 0.910717
11.790334 -22.774125 -1903.205498 1605.657288 0.819390 -0.494988 0.289113 0.401510 0.855550 0.326840 -0.409132 -0.151728 0.899772
7.129060 -19.532077 -2260.219550 1053.044217 0.803691 -0.517577 0.293588 0.442079 0.849610 0.287628 -0.398305 -0.101375 0.911634
-2.648440 -37.773268 1479.835604 -15.654555 0.939893 -0.229223 0.253095 0.098616 -0.527400 -0.843874 -0.326918 -0.818111 0.473095
-3.180476 -37.912019 432.001956 335.920928 0.928517 -0.246792 0.277399 0.148152 -0.438803 -0.886286 -0.340452 -0.864029 0.370873
-1.282400 -37.760383 573.857241 213.523122 0.933706 -0.237265 0.268137 0.130049 -0.473010 -0.871406 -0.333586 -0.848509 0.410796
-1.685290 -38.279214 -527.004435 -994.368991 0.931171 -0.243571 0.271280 0.089853 -0.567815 -0.818237 -0.353336 -0.786295 0.506848
-1.502368 -38.293733 605.732777 -196.413780 0.934764 -0.233774 0.267520 0.065154 -0.627429 -0.775943 -0.349245 -0.742753 0.571267
-3.994797 -38.420584 1966.731154 -1167.608957 0.939191 -0.240240 0.245367 0.058309 -0.592587 -0.803393 -0.338409 -0.768846 0.542545
-13.279693 -49.364634 675.290621 564.220133 -0.418910 0.526793 -0.739596 0.696827 0.708734 0.110126 0.582191 -0.469238 -0.663980
-17.105545 -49.112989 -85.900781 -662.919326 -0.360398 0.598168 -0.715757 0.777028 0.617046 0.124425 0.516082 -0.511321 -0.687176
-13.230721 -47.690430 -807.010121 -71.113930 -0.329778 0.618263 -0.713440 0.699044 0.667831 0.255614 0.634495 -0.414430 -0.652429
-5.080356 -44.939400 -3133.254004 1942.533770 -0.442337 0.434509 -0.784564 0.558405 0.817978 0.138186 0.701799 -0.376979 -0.604454
-3.393262 -57.199374 442.878303 2614.546458 0.983786 -0.126550 -0.127086 -0.090322 -0.961774 0.258521 0.154944 0.242851 0.957609
-4.831211 -64.849477 38.219394 -1229.331155 0.987009 -0.096154 -0.128715 -0.064547 -0.970959 0.230375 0.147128 0.219074 0.964552
-4.191206 -59.292487 1266.432073 -629.605129 0.981590 -0.141025 -0.128815 -0.076996 -0.909357 0.408829 0.174794 0.391384 0.903474
-3.130794 -59.810898 -758.706034 -227.461475 0.986497 -0.133829 -0.094410 -0.061498 -0.836954 0.543807 0.151794 0.530658 0.833883
-1.925162 -58.000331 726.726324 -1701.804935 0.981535 -0.164072 -0.098338 -0.083828 -0.831045 0.549851 0.171938 0.531455 0.829454
14.988826 -68.830350 -1270.783934 -4870.890341 0.994788 -0.101816 -0.005580 0.028565 0.330788 -0.943273 -0.097886 -0.938197 -0.331972
13.775721 -72.840794 -276.704180 -3768.954554 0.991407 -0.125915 -0.035473 0.005462 0.310779 -0.950467 -0.130702 -0.942105 -0.308796
13.542066 -66.543023 -350.123800 5664.973679 0.996839 -0.073271 -0.030707 -0.010673 0.259508 -0.965682 -0.078725 -0.962957 -0.257906
2.362626 -92.680542 -2781.366388 2568.814221 0.971965 -0.231584 0.040657 -0.150803 -0.746667 -0.647879 -0.180395 -0.623585 0.760657
9.513556 -94.459886 -2992.402602 -575.648950 0.967341 -0.252310 0.024325 -0.197592 -0.810688 -0.551129 -0.158775 -0.528323 0.834066
4.823118 -86.539103 -2452.882055 5072.523073 0.970306 -0.239605 0.033089 -0.134936 -0.649744 -0.748081 -0.200743 -0.721402 0.662783
1.133931 -86.242512 -1756.838389 6073.167160 0.975262 -0.218675 0.032334 -0.097368 -0.556276 -0.825274 -0.198454 -0.801710 0.563807
5.149827 -82.297131 -2190.641722 5977.861823 0.970984 -0.237643 0.026740 -0.100532 -0.507081 -0.856015 -0.216985 -0.828489 0.516259
-1.658452 -117.154919 1052.451530 5308.560997 0.990867 0.114777 0.070773 0.098344 -0.256041 -0.961650 0.092255 -0.959828 0.264990
-2.285941 -122.651091 338.895447 7546.132767 0.991016 0.116700 0.065334 0.092785 -0.248079 -0.964286 0.096324 -0.961685 0.256678
-1.930871 -130.740624 537.887409 10755.669281 0.995498 0.085900 0.040058 0.075554 -0.464004 -0.882605 0.057228 -0.881659 0.468405
1.131139 -72.044623 1565.529065 -632.400818 0.970690 -0.107808 -0.214800 -0.043960 -0.958313 0.282319 0.236282 0.264602 0.934964
3.585558 -72.672981 970.643490 545.396850 0.974313 -0.113645 -0.194419 -0.035639 -0.930258 0.365170 0.222359 0.348861 0.910413
1.706879 -71.736907 1753.372977 91.576481 0.967915 -0.140394 -0.208396 -0.029000 -0.886224 0.462348 0.249597 0.441471 0.861861
-0.623028 -67.823129 1476.843309 1837.423119 0.969945 -0.123288 -0.209780 -0.042168 -0.934258 0.354096 0.239644 0.334607 0.911377
49.703899 -113.629905 -852.151702 -12652.740184 0.877244 -0.229120 -0.421837 -0.400063 -0.834612 -0.378645 0.265315 -0.500926 0.823821
38.750283 -118.278573 -1418.447792 14439.470572 0.857399 -0.281412 -0.430899 -0.511422 -0.559537 -0.652201 0.057567 -0.779568 0.623667
38.487639 -98.114856 -2623.919952 2269.032140 0.903864 -0.314286 -0.290267 -0.427434 -0.692222 -0.581489 0.018175 -0.649657 0.760011
49.696921 -85.230773 1514.964605 -16647.524248 0.946210 -0.195804 -0.257580 -0.276173 -0.903523 -0.327682 0.168568 -0.381192 0.908998
65.247159 -77.156157 2712.152565 18704.940528 0.953584 -0.079572 -0.290424 0.138145 0.972576 0.187115 0.267570 -0.218550 0.938425
-0.951648 -51.236256 -315.112907 -1253.149302 0.975882 -0.214776 -0.039063 -0.052634 -0.405156 0.912731 0.211860 0.888662 0.406689
-2.287287 -55.287021 -1394.982643 -2755.166709 0.981377 -0.186969 -0.044069 -0.060403 -0.518138 0.853161 0.182348 0.834611 0.519782
-2.332818 -56.087823 -207.842804 -4568.929983 0.978691 -0.189695 -0.078612 -0.016653 -0.454902 0.890386 0.204662 0.870104 0.448367
-1.413540 -50.131591 -30.342652 -1161.117396 0.976151 -0.206005 -0.068494 -0.017068 -0.387352 0.921774 0.216421 0.898621 0.381630
-2.212710 -54.021380 459.734238 -2947.368098 0.974448 -0.198497 -0.105122 0.011235 -0.424352 0.905427 0.224334 0.883473 0.411279
-3.852407 -58.267744 1100.865377 -3835.423923 0.971283 -0.202407 -0.125064 0.000240 -0.524805 0.851222 0.237928 0.826808 0.509686
-8.918126 -33.213638 -913.671411 914.449759 0.944133 -0.215828 0.249062 0.213234 -0.176173 -0.960986 -0.251286 -0.960407 0.120309
-8.549407 -35.170162 -1306.209770 431.147267 0.945304 -0.226273 0.234949 0.172404 -0.264869 -0.948747 -0.276906 -0.937361 0.211371
-4.995691 -34.124515 -1138.932297 305.536190 0.942485 -0.240641 0.231977 0.174757 -0.236845 -0.955701 -0.284923 -0.941274 0.181169
-11.922191 -34.333502 -1396.285744 1126.880812 0.946199 -0.199655 0.254646 0.216480 -0.194332 -0.956750 -0.240506 -0.960402 0.140656
-12.070346 -32.365001 -1105.946604 1203.267220 0.935920 -0.190530 0.296230 0.277115 -0.120786 -0.953215 -0.217396 -0.974222 0.060247
-9.500694 -30.872101 -906.668956 1178.086695 0.932020 -0.210547 0.294972 0.279807 -0.099209 -0.954917 -0.230318 -0.972537 0.033552
-6.174960 -33.424339 907.869766 -490.825076 0.974343 0.136056 0.179286 0.211291 -0.827363 -0.520410 -0.077530 -0.544939 0.834883
-6.906342 -33.792450 552.538447 -1049.556610 0.973122 0.133367 0.187743 0.217392 -0.801010 -0.557784 -0.075994 -0.583606 0.808473
-5.795902 -33.757962 -44.345174 -568.174174 0.971711 0.146719 0.185073 0.224008 -0.820832 -0.525410 -0.074826 -0.552004 0.830477
-5.798875 -30.950343 -651.975478 -314.457094 0.972502 0.137380 0.188061 0.211474 -0.859173 -0.465941 -0.097566 -0.492899 0.864599
-6.215454 -30.845991 452.024108 -518.561171 0.973025 0.135514 0.186703 0.209586 -0.857473 -0.469908 -0.096413 -0.496363 0.862745
-6.906144 -33.802532 -1606.794996 -176.020732 0.964127 0.165523 0.207511 0.251758 -0.817968 -0.517248 -0.084121 -0.550936 0.830297
-6.301591 -34.274047 318.865936 -860.910006 0.965663 0.181489 0.185893 0.256869 -0.774120 -0.578582 -0.038897 -0.606466 0.794158
-0.028583 -88.359332 -1788.355385 -3090.152606 0.973506 -0.174004 -0.148355 0.228193 0.780834 0.581572 -0.014645 0.600017 -0.799853
2.851472 -91.407384 -1830.418610 -2878.889243 0.972870 -0.178210 -0.147533 0.229666 0.667034 0.708745 0.027896 0.723400 -0.689866
-2.468797 -95.017387 -870.395407 -2961.269182 0.982256 -0.154973 -0.105628 0.185790 0.727148 0.660861 0.025608 0.668759 -0.743038
6.049240 -95.446046 -3267.672704 -3641.853314 0.965420 -0.183372 -0.185310 0.260120 0.724982 0.637760 -0.017399 0.663909 -0.747611
-4.591890 -87.989672 -690.503455 -2915.807895 0.980106 -0.157051 -0.121356 0.196004 0.862077 0.467340 -0.031222 0.481829 -0.875709
0.336224 -86.391644 -1789.659704 -2761.550686 0.968892 -0.185174 -0.164191 0.241503 0.852401 0.463776 -0.054077 0.489001 -0.870605
-9.721812 -136.513679 -813.420880 -10065.951513 -0.273587 -0.009120 0.961804 0.947754 -0.173106 0.267949 0.164050 0.984861 0.056003
-7.063461 -140.675541 496.291400 -19537.534642 -0.320443 -0.042946 0.946294 0.946464 -0.055673 0.317974 0.039027 0.997525 0.058487
-10.281614 -160.113354 538.659767 -9719.205565 -0.336223 -0.026297 0.941415 0.878756 -0.368295 0.303556 0.338736 0.929337 0.146938
-6.242582 -263.010300 -1682.635757 -54399.046320 -0.536062 0.099674 0.838273 -0.425893 0.825437 -0.370499 -0.728871 -0.555625 -0.400035
1.812854 -225.819623 1928.811476 58752.208008 0.527201 -0.049260 -0.848311 0.682411 -0.570323 0.457217 -0.506334 -0.819942 -0.267059
-8.011268 -175.762406 3817.275573 36641.658516 0.541650 -0.027749 -0.840146 0.629182 -0.649403 0.427089 -0.557445 -0.759938 -0.334290
-12.359011 -239.514930 -4839.115167 -45660.924484 -0.557203 0.083773 0.826140 -0.387384 0.853775 -0.347853 -0.734478 -0.513858 -0.443274
4.469589 -105.575554 -431.881644 3261.231462 -0.303120 -0.060606 0.951023 0.640967 0.725531 0.250531 -0.705181 0.685515 -0.181077
0.289114 -110.138467 -1289.378299 772.697614 -0.284669 -0.010494 0.958568 0.542474 0.822670 0.170107 -0.790370 0.568423 -0.228496
5.537794 -109.881926 -2009.786816 1560.499939 -0.297093 -0.006788 0.954824 0.738958 0.631656 0.234417 -0.604712 0.775219 -0.182644
0.087726 -105.615238 -86.260931 -190.687431 -0.300036 -0.065170 0.951699 0.434159 0.879017 0.197067 -0.849402 0.472316 -0.235442
-7.385646 -386.005955 -2585.389243 -86808.576027 -0.418075 0.105586 0.902255 0.540381 0.827285 0.153582 -0.730207 0.551770 -0.402924
-10.880796 -270.174408 -964.552495 -39606.612078 -0.386805 0.078868 0.918783 0.255934 0.966376 0.024794 -0.885934 0.244739 -0.393984
-3.611515 -369.792984 982.295648 -78747.636321 -0.316332 0.112720 0.941928 0.577640 0.810508 0.096999 -0.752506 0.574779 -0.321501
-8.902549 -46.829264 -2639.724290 -956.687844 0.919340 -0.288035 0.268049 0.275400 -0.015495 -0.961205 -0.281015 -0.957494 -0.065079
-2.534041 -47.516361 -4269.084239 -975.235721 0.910777 -0.305576 0.277686 0.280239 -0.036430 -0.959239 -0.303236 -0.951471 -0.052455
-2.787387 -47.925669 -4028.215717 -450.207455 0.916896 -0.309517 0.251996 0.292359 0.091015 -0.951968 -0.271715 -0.946528 -0.173941
-12.087342 -31.540385 -1106.890061 1344.724598 0.938273 -0.272959 -0.212456 0.053329 0.721032 -0.690846 -0.341761 -0.636872 -0.691081
-13.770269 -32.794045 -501.522078 1092.580897 0.952271 -0.196241 -0.233817 -0.017347 0.729945 -0.683285 -0.304762 -0.654728 -0.691701
-14.164469 -35.316765 383.260010 1297.723943 0.952593 -0.182888 -0.243143 -0.052319 0.688788 -0.723072 -0.299715 -0.701515 -0.646567
-12.743044 -34.435171 -942.545521 1578.728320 0.935954 -0.259212 -0.238326 0.004423 0.685429 -0.728127 -0.352095 -0.680439 -0.642676
-6.857322 -26.702684 -1075.522664 -862.718055 0.890772 -0.251690 0.378389 0.422503 0.151984 -0.893528 -0.167383 -0.955800 -0.241722
-6.051337 -25.524543 -1398.275319 -208.801691 0.902427 -0.250843 0.350291 0.384158 0.100378 -0.917794 -0.195061 -0.962809 -0.186947
-4.659844 -26.237711 -697.419177 -709.194372 0.916761 -0.251274 0.310500 0.353899 0.150513 -0.923094 -0.185216 -0.956142 -0.226910
-10.116388 -27.756238 -1415.685799 -704.865161 0.858569 -0.244701 0.450534 0.489729 0.131342 -0.861925 -0.151740 -0.960662 -0.232603
-6.966086 -28.144653 -456.880874 -1174.488777 0.899903 -0.252842 0.355311 0.408583 0.204055 -0.889619 -0.152430 -0.945744 -0.286936
-9.531452 -28.982411 -1088.397103 -1181.126550 0.864926 -0.253705 0.433056 0.483783 0.191696 -0.853936 -0.133632 -0.948096 -0.288541
9.628958 -189.231213 1166.376056 -29249.143444 0.967217 -0.087294 0.238477 0.232727 0.680515 -0.694793 0.101636 -0.727515 -0.678521
11.285694 -657.683645 6631.476916 -216029.794474 0.943225 -0.125479 0.307542 0.283682 0.785946 -0.549375 0.172776 -0.605428 -0.776920
15.366675 -664.058440 4149.364465 -218155.351985 0.977292 -0.061708 0.202712 0.169979 0.799508 -0.576102 0.126519 -0.597477 -0.791842
10.076233 -202.420014 963.986930 -39322.143571 0.976973 -0.102531 0.187114 0.203111 0.715511 -0.668423 0.065348 -0.691036 -0.719860
21.959814 -697.592095 6.551830 -224548.228929 0.986251 -0.075257 0.147124 0.145263 0.819273 -0.554699 0.078790 -0.568444 -0.818940
1.474614 -154.070987 -2800.045325 -18808.686555 0.565465 0.234899 -0.790615 -0.071641 0.968951 0.236646 0.821655 -0.077175 0.564736
-10.881624 -196.091577 -4492.212488 -34747.544479 0.602909 0.129618 -0.787210 -0.176031 0.984009 0.027202 0.778147 0.122173 0.616085
2.604272 -151.899126 -3978.864126 -15284.240488 0.598240 0.164683 -0.784212 -0.311245 0.949569 -0.038027 0.738401 0.266831 0.619326
-0.931985 -39.571111 125.646937 -1495.519215 0.930672 -0.340129 0.134766 -0.260563 -0.874798 -0.408454 -0.256820 -0.345021 0.902776
-1.026280 -42.204756 -857.511920 -949.706655 0.933597 -0.326001 0.148727 -0.233139 -0.867831 -0.438766 -0.272108 -0.374957 0.886208
0.148626 -43.055265 -394.715074 -972.695684 0.929013 -0.343869 0.136709 -0.236905 -0.836484 -0.494135 -0.284273 -0.426671 0.858569
2.361030 -41.811929 1639.114790 -955.605327 0.930683 -0.345765 0.119480 -0.252561 -0.843573 -0.473916 -0.264653 -0.410890 0.872426
-40.034253 -64.239079 521.110039 5994.472151 0.666749 0.402918 0.626979 0.674854 -0.683382 -0.278497 0.316255 0.608807 -0.727556
-36.015006 -52.692151 -88.844034 3831.321556 0.467199 0.628403 0.621961 0.801583 -0.597880 0.001947 0.373082 0.497644 -0.783046
103.564668 -80.584193 25519.737106 2592.597478 0.559501 0.271007 0.783271 0.550770 0.584631 -0.595701 0.619363 -0.764698 -0.177839
132.896376 -78.624452 20826.507075 3482.670234 0.670764 0.045955 0.740246 0.519993 0.682543 -0.513558 0.528851 -0.729399 -0.433929
147.315818 -95.573192 18900.171268 2460.548798 0.721649 0.026557 0.691750 0.583281 0.514856 -0.628257 0.372836 -0.856865 -0.356056
111.792570 -92.436810 -26948.977127 3014.410573 -0.601404 -0.331622 -0.726871 0.612108 0.393441 -0.685951 0.513457 -0.857456 -0.033628
-28.592561 -49.615334 -22096.279058 1840.842527 -0.123268 0.984203 -0.127079 -0.017806 -0.130229 -0.991324 0.992214 0.119935 -0.033578
-20.051640 -64.908481 -21091.130654 5685.210228 -0.140184 0.982117 -0.125679 0.113535 -0.110151 -0.987409 0.983595 0.152688 0.096063
26.694690 -61.124921 -25906.266697 4543.925556 -0.099237 0.952775 -0.287006 0.054572 -0.282785 -0.957630 0.993566 0.110695 0.023932
25.380486 -15.137519 -129.324041 797.772926 0.996527 -0.082368 -0.012225 -0.003355 -0.186414 0.982466 0.083203 0.979012 0.186043
23.729758 -17.592325 -3460.824744 981.983879 0.999597 0.017744 -0.022168 0.024402 -0.137622 0.990184 -0.014519 0.990326 0.138000
15.944699 -16.560825 -5399.587410 207.849775 0.991079 0.078918 -0.107398 0.119006 -0.161246 0.979713 -0.059999 0.983754 0.169200
305.039429 -52.581823 -121152.372607 864.788553 0.333242 0.456520 0.824948 -0.712064 0.695358 -0.097164 -0.617992 -0.555037 0.556794
627.673351 -51.812118 -95154.119899 -2207.691720 0.731412 0.675375 0.094372 -0.665728 0.737150 -0.115829 -0.147794 0.021892 0.988776
302.208339 -36.383048 98220.668770 -1248.478114 0.538660 0.384327 -0.749759 -0.638162 0.767132 -0.065252 0.550086 0.513617 0.658486
-0.338229 -71.095392 -66.919062 5476.768328 0.565637 0.310098 0.764130 -0.464584 -0.645739 0.605956 -0.681334 0.697753 0.221187
-1.516423 -68.132983 351.787378 -1072.185502 0.573453 0.294856 0.764338 0.574213 0.520787 -0.631712 -0.584321 0.801150 0.129337
-0.763517 -67.375848 125.807146 -288.994312 0.564650 0.300236 0.768784 0.592075 0.501596 -0.630753 -0.574993 0.811332 0.105464
-1.821468 -71.247757 485.989028 6474.412940 0.561882 0.284841 0.776630 0.692416 0.351730 -0.629957 -0.452601 0.891713 0.000402
-1.469540 -71.105083 108.105072 7336.154947 0.555958 0.288824 0.779417 0.701170 0.340624 -0.626367 -0.446398 0.894738 -0.013142
46.936792 -55.059797 -3625.744638 1144.451792 -0.543277 -0.482036 -0.687380 0.384648 0.584846 -0.714143 0.746254 -0.652377 -0.132319
40.191345 -53.046220 -2982.410750 1076.864197 -0.471902 -0.512229 -0.717586 0.329032 0.652787 -0.682354 0.817953 -0.558113 -0.139512
59.346839 -59.829821 4149.415081 -2863.519052 0.650075 0.371325 0.662964 0.421937 0.549209 -0.721345 0.631959 -0.748657 -0.200351
2.728737 -80.560549 -916.817129 -5081.715538 0.791192 -0.090604 0.604819 -0.476590 0.528399 0.702607 0.383245 0.844147 -0.374884
0.143002 -83.647233 -2509.553061 -4703.552706 0.803123 -0.069471 0.591750 -0.479898 0.513197 0.711566 0.353118 0.855454 -0.378821
1.934770 -76.423826 -1293.627144 -4525.048038 0.784076 -0.081175 0.615333 -0.414024 0.670193 0.615975 0.462394 0.737734 -0.491874
-4.088188 -114.454223 195.506037 -7287.343659 -0.559929 0.108475 -0.821409 -0.430443 0.809019 0.400258 0.707954 0.577686 -0.406301
-4.399794 -107.620586 123.901923 -2791.925520 -0.537576 0.070158 -0.840292 -0.296202 0.917313 0.266084 0.789479 0.391936 -0.472345
-4.016450 -102.780841 631.385438 -1980.497198 -0.555409 0.084245 -0.827299 -0.348931 0.879429 0.323809 0.754830 0.468517 -0.459047
-27.063509 -37.643628 5288.791721 -534.343960 0.309339 0.778294 0.546414 0.454311 -0.625735 0.634079 -0.835410 -0.052097 0.547152
-15.364578 -37.335971 1877.609558 2853.433172 0.383684 0.680864 0.623867 -0.417134 0.730505 -0.540704 -0.823885 -0.052776 0.564295
-18.627865 -38.656435 3425.093636 -116.681517 0.422343 0.604592 0.675348 -0.316550 0.796526 -0.515114 -0.849366 0.003774 0.527791
-29.009115 -38.785941 5746.067453 -1262.682574 0.370776 0.667291 0.645947 -0.321839 0.744744 -0.584616 -0.871175 0.008871 0.490893
-1.127055 -56.630727 -1270.873132 -3992.927869 0.561888 0.433350 0.704620 -0.334231 0.898107 -0.285819 -0.756684 -0.074908 0.649475
-1.718974 -59.655232 -431.282245 -4673.432858 0.576939 0.419996 0.700532 -0.283130 0.907327 -0.310799 -0.766145 -0.019029 0.642385
-2.203830 -60.851129 -1130.945375 -749.300817 0.569528 0.410628 0.712055 -0.154833 0.904363 -0.397687 -0.807258 0.116244 0.578638
-2.082787 -64.252639 -23.552604 481.635814 0.592677 0.394833 0.702027 -0.101505 0.901271 -0.421197 -0.799019 0.178375 0.574240
-1.281399 -59.165052 557.036619 -2650.651264 0.593406 0.412977 0.690883 -0.201204 0.907200 -0.369466 -0.779350 0.080235 0.621431
-1.452824 -63.459765 -292.971438 1171.439822 0.585840 0.378876 0.716411 -0.003714 0.885238 -0.465123 -0.810418 0.269826 0.520015
-2.132612 -64.864375 -821.506289 1731.321947 0.577689 0.392884 0.715484 -0.013773 0.881110 -0.472712 -0.816141 0.263226 0.514419
-3.524922 -37.527535 -1715.141774 -2755.531396 0.739148 0.174812 -0.650462 0.671028 -0.107743 0.733562 -0.058152 0.978689 0.196942
-3.666690 -34.802942 -3073.889815 -1789.327721 0.831912 0.167079 -0.529157 0.541423 -0.035455 0.840002 -0.121586 0.985306 0.119956
0.076968 -28.762042 -2874.544189 -1302.309233 0.866439 0.166047 -0.470862 0.486885 -0.072147 0.870481 -0.110569 0.983475 0.143356
355.479612 -38.302385 -121783.553476 -4829.974068 0.085138 0.814524 0.573849 0.064115 -0.579225 0.812642 -0.994304 0.032395 0.101537
-5.289261 -115.970028 -139.669124 753.185995 0.896152 0.432658 0.098583 0.280375 -0.724268 0.629941 -0.343949 0.536883 0.770361
-4.944011 -111.865367 289.671484 1772.051459 0.886204 0.454495 0.089874 0.318089 -0.737931 0.595212 -0.336842 0.498891 0.798527
-3.408982 -116.158308 3.312329 -1786.001599 0.883589 0.459663 0.089329 0.381928 -0.817818 0.430470 -0.270926 0.346241 0.898174
-3.248495 -122.105764 -117.668647 -1286.827128 0.894221 0.431382 0.119496 0.288107 -0.758972 0.583914 -0.342584 0.487720 0.802973
17.576612 -36.987830 -1347.739820 -1453.682217 -0.318344 -0.591077 0.741138 0.840879 0.184910 0.508657 -0.437699 0.785135 0.438159
14.890072 -40.850807 1118.150106 -860.226740 -0.256030 -0.609553 0.750262 0.885577 0.163267 0.434853 -0.387559 0.775750 0.498005
17.858404 -33.328759 123.234920 -493.966516 -0.425524 -0.609014 0.669351 0.752473 0.172767 0.635560 -0.502706 0.774115 0.384750
-23.671824 -860.390170 -15033.776014 -339230.539464 0.946376 0.318301 -0.055295 0.279407 -0.892323 -0.354531 0.162189 -0.320070 0.933408
-13.103217 -460.337290 -13081.961580 -171905.831625 0.967389 0.239173 -0.083398 0.183201 -0.888040 -0.421691 0.174918 -0.392660 0.902896
-17.745061 -715.338086 -57135.572547 -305922.237295 0.986779 0.107556 -0.121242 0.064281 -0.946437 -0.316426 0.148781 -0.304449 0.940837
-330.896908 -2130.889012 -141493.029723 742006.392496 0.518027 0.744843 0.420544 0.293616 0.306937 -0.905306 0.803392 -0.592451 0.059696
167.424008 -3671.582851 60696.186813 2727075.932326 -0.447126 -0.763065 -0.466702 0.826024 -0.152076 -0.542731 0.343165 -0.628176 0.698307
9.064816 -22.423361 -2021.788489 4119.145147 0.529382 0.518771 -0.671291 0.769999 -0.625986 0.123464 -0.356169 -0.582252 -0.730839
1.050914 -28.729949 -1864.651292 5280.659989 0.642072 0.388197 -0.661095 0.659516 -0.719342 0.218139 -0.390873 -0.576064 -0.717892
6.510932 -18.673277 -1977.008030 3713.089672 0.605726 0.432417 -0.667916 0.711302 -0.670468 0.211003 -0.356575 -0.602900 -0.713699
13.260546 -13.478929 -2113.738699 2185.575467 0.504433 0.538808 -0.674710 0.797140 -0.590908 0.124079 -0.331837 -0.600428 -0.727579
-15.283464 -43.791655 77.384167 -932.565701 -0.481254 0.743259 -0.464716 0.867589 0.328133 -0.373654 -0.125233 -0.583005 -0.802759
-12.165817 -40.692870 89.041554 -3576.997683 -0.500409 0.745478 -0.440288 0.834958 0.281027 -0.473147 -0.228988 -0.604389 -0.763071
-12.117685 -40.049225 479.370377 -3505.533637 -0.612123 0.713380 -0.341165 0.754548 0.397863 -0.521884 -0.236564 -0.576883 -0.781821
-17.718373 -42.234216 1931.055087 -544.533870 0.242419 0.867079 0.435210 -0.604343 0.485886 -0.631414 0.758948 0.109949 -0.641801
-14.475312 -42.725043 1917.689843 -131.527638 0.251341 0.845336 0.471418 -0.529106 0.527836 -0.664407 0.810478 0.082437 -0.579939
-8.889939 -81.694209 -132.260086 -1041.026253 -0.630475 0.058959 -0.773967 0.175334 0.982157 -0.068009 0.756147 -0.178581 -0.629564
-9.589041 -81.294325 92.516473 956.851028 -0.632536 0.052461 -0.772752 0.302513 0.935190 -0.184133 0.713011 -0.350238 -0.607412
-11.138015 -80.406373 -222.413844 1341.773536 -0.646355 0.067535 -0.760042 0.354324 0.908736 -0.220576 0.675781 -0.411872 -0.611296
-117.444764 -520.887847 -8743.551702 -131483.358615 -0.325624 0.886508 0.328744 0.396848 0.443730 -0.803502 0.858185 0.131178 0.496298
-33.629974 -1511.770669 -24994.668881 -524489.980950 0.381416 0.879874 0.283450 0.025058 0.296676 -0.954649 0.924064 -0.371222 -0.091109
92668.595113 -4756.718457 252175866.181264 958180.725044 0.867967 0.099430 0.486567 0.443368 -0.596540 -0.669003 -0.223738 -0.796401 0.561860
-46.807712 -788.901779 17915.014811 -216132.208689 -0.325550 0.874338 0.359930 0.052178 0.396699 -0.916465 0.944084 0.279575 0.174767
27.673752 -306.954702 -26877.862321 -75513.457286 0.544426 -0.658724 -0.519310 0.229453 0.712444 -0.663156 0.806816 0.241882 0.539019
-72.565605 -470.287053 -52.968607 -138266.944353 -0.347709 0.922272 0.168860 0.492251 0.332846 -0.804302 0.797990 0.196541 0.569723
-221.716079 -308.867969 40633.560836 -2552.317233 -0.632538 -0.457878 -0.624694 0.727209 -0.073497 -0.682470 0.266575 -0.885972 0.379462
-170.673285 -319.242231 36266.386156 -15354.289732 -0.687670 -0.199641 -0.698036 0.724189 -0.120321 -0.679023 0.051572 -0.972454 0.227319
-201.990700 -299.927244 32996.349106 -39860.272357 -0.530875 -0.358403 -0.767931 0.830029 -0.402692 -0.385863 -0.170945 -0.842251 0.511264
