15604
31198
-22.811614 -35.843675 179.788525 -3136.285814 0.669403 0.731904 0.127344 -0.534721 0.355691 0.766523 -0.515726 0.581206 -0.629465
-23.240332 -37.650694 104.464431 -1756.123219 0.469473 0.831542 0.296871 -0.621193 0.072126 0.780331 -0.627466 0.550759 -0.550410
-27.954483 -44.455996 -426.686375 -2870.359753 0.699534 0.713493 -0.039740 -0.326391 0.368487 0.870452 -0.635705 0.595940 -0.490647
-20.442255 -30.397927 -274.616463 -1698.527191 0.211053 0.855271 0.473253 -0.800021 -0.127040 0.586368 -0.561626 0.502367 -0.657423
-26.553895 -51.242925 -149.974570 -4110.341639 0.770741 0.621008 -0.142502 -0.211149 0.459968 0.862465 -0.601144 0.634648 -0.485642
-15.342892 -49.087454 1744.979627 -4977.813044 0.807799 0.589437 -0.004963 -0.335862 0.467171 0.817892 -0.484414 0.659026 -0.575350
-13.285088 -34.683697 1386.376969 -4360.596594 0.759619 0.638620 0.123059 -0.518029 0.479717 0.708179 -0.393224 0.601694 -0.695226
-15.280208 -24.844866 801.326513 1884.399887 0.488390 0.785568 0.379944 0.775382 -0.190927 -0.601938 -0.400322 0.588583 -0.702362
-18.106797 -25.458443 -40.595065 1211.222524 0.156728 0.822375 0.546934 0.873662 0.142819 -0.465099 -0.460598 0.550729 -0.696094
-32.537427 -39.227767 -184.881736 368.378593 0.529357 0.682930 0.503375 -0.191069 -0.482116 0.855019 -0.826603 0.548790 0.124724
-31.185089 -37.862753 -632.216016 514.705688 0.618373 0.764197 0.183348 -0.118318 -0.140113 0.983041 -0.776927 0.629580 -0.003776
-32.969667 -41.605670 -1036.587610 628.836467 0.512398 0.851189 0.113692 -0.117129 -0.061882 0.991187 -0.850723 0.521199 -0.067991
-31.026422 -40.452006 -747.973451 457.306432 0.435682 0.835838 0.334000 -0.111751 -0.317969 0.941492 -0.893137 0.447516 0.045128
-31.717798 -40.157924 -349.789955 75.374429 0.507794 0.759908 0.405813 -0.020732 -0.460150 0.887599 -0.861229 0.459131 0.217908
-27.365477 -38.094235 1278.486441 548.667910 0.631274 0.674689 0.382475 -0.006654 -0.488430 0.872578 -0.775531 0.553381 0.303844
-24.686111 -37.626510 -460.821000 -50.026266 -0.668177 0.657226 0.348702 0.000432 -0.468342 0.883547 -0.744002 -0.590517 -0.312652
-23.284979 -37.269646 -58.885474 -54.045848 -0.690644 0.635987 0.344285 -0.087144 -0.545778 0.833386 -0.717926 -0.545570 -0.432361
-22.414300 -37.361805 69.368612 -125.205620 0.760302 -0.579366 -0.293728 0.005965 0.458397 -0.888727 -0.649542 -0.673949 -0.351976
-22.481188 -36.609140 99.110147 -113.901324 0.747510 -0.588626 -0.307812 -0.096196 0.362583 -0.926974 -0.657248 -0.722532 -0.214411
-21.769919 -36.719631 72.394528 -365.088156 0.837472 -0.500907 -0.218480 -0.045663 0.334255 -0.941376 -0.544570 -0.798352 -0.257056
-21.840174 -37.174213 -38.900732 -214.890002 0.832867 -0.500151 -0.237025 0.024028 0.460521 -0.887323 -0.552951 -0.733327 -0.395571
13.211436 -13.181759 -49.427783 930.839631 -0.500263 -0.688040 0.525678 0.593025 0.170114 0.787009 -0.630919 0.705452 0.322923
11.165153 -10.388070 -196.819337 606.732229 -0.509686 -0.674951 0.533536 0.622272 0.139045 0.770353 -0.594136 0.724643 0.349135
11.505182 -11.203812 663.404556 606.201703 -0.448188 -0.725186 0.522717 0.617993 0.171154 0.767327 -0.645920 0.666942 0.371450
8.687765 -11.081239 -1454.407461 415.296445 0.364509 0.739944 -0.565347 0.654225 0.228546 0.720942 -0.662664 0.632653 0.400782
11.831987 -13.431686 -963.352304 766.783801 0.404524 0.729221 -0.551904 0.615105 0.229636 0.754263 -0.676761 0.644596 0.355654
6.974377 -25.494433 -2271.307311 6.718349 0.170864 0.718705 -0.673994 -0.076524 0.691667 0.718151 -0.982318 0.071130 -0.173179
10.776450 -25.397817 2405.736575 -373.202379 -0.174865 -0.703039 0.689317 -0.195064 0.710964 0.675633 -0.965076 -0.016316 -0.261461
16.267786 -25.466668 1766.188287 -411.999314 -0.237564 -0.697170 0.676400 -0.091018 0.709248 0.699059 -0.967098 0.104507 -0.231947
1224.241562 -47.079556 -215623.193310 1844.418591 0.080145 0.979306 0.185838 0.905860 0.006238 -0.423532 0.415927 -0.202287 0.886614
102.971791 -33.243280 -23270.874194 -423.392386 0.133117 0.859653 0.493230 0.850108 0.156801 -0.502722 0.509506 -0.486220 0.709925
171.589638 -31.819861 40532.015125 -1366.118249 -0.119658 -0.821936 -0.556869 0.933474 0.097869 -0.345035 0.338096 -0.561109 0.755545
-1.181937 -35.905211 -76.517774 -1500.655189 0.309430 0.910995 0.272656 0.718415 -0.411808 0.560619 -0.623003 -0.022408 0.781899
-1.462837 -39.802088 -59.601096 221.761863 0.315605 0.904217 0.287724 0.672009 -0.427067 0.604994 -0.669923 -0.002414 0.742426
-1.727597 -35.544045 -28.485398 -347.373491 0.298458 0.916037 0.267954 0.773411 -0.396633 0.494487 -0.559248 -0.059655 0.826851
-1.077660 -40.357856 87.128070 285.055259 0.333864 0.902666 0.271531 0.682843 -0.430182 0.590482 -0.649815 0.011727 0.760002
-0.316171 -37.748088 405.403342 -706.769253 0.344310 0.905836 0.246802 0.757474 -0.423332 0.497014 -0.554693 -0.015819 0.831905
-0.046098 -44.689360 -775.467323 -81.718347 0.830052 0.552398 -0.076613 -0.223089 0.202988 -0.953429 0.511121 -0.808488 -0.291724
-1.594240 -44.655410 -555.189856 635.931171 0.828546 0.558882 -0.034093 -0.129014 0.131305 -0.982911 0.544855 -0.818785 -0.180896
2.978870 -44.607756 -1655.028845 717.609769 0.836153 0.543121 -0.076595 -0.122318 0.048511 -0.991305 0.534683 -0.838252 -0.106996
8.712912 -43.124626 -1940.341962 66.361941 0.808460 0.571873 -0.139116 -0.264118 0.141291 -0.954085 0.525960 -0.808083 -0.265270
-3.009130 -31.048717 -166.635015 -2020.300084 0.456537 0.887191 0.066825 0.828698 -0.396697 -0.394831 0.323781 -0.235633 0.916320
-2.547735 -28.987259 -382.483372 -1039.137820 0.424624 0.900500 0.093775 0.842471 -0.355068 -0.405178 0.331566 -0.251051 0.909416
-1.485974 -37.519838 -485.726575 -2143.610351 0.360324 0.922604 0.137726 0.825965 -0.246933 -0.506760 0.433530 -0.296354 0.851015
-5.250522 -25.020210 300.957107 -893.438932 0.454218 0.890305 0.032310 0.852015 -0.423515 -0.307743 0.260301 -0.167311 0.950921
-1.308526 -41.724279 -281.979306 -2273.500360 0.395578 0.910566 0.119946 0.802184 -0.278954 -0.527907 0.447235 -0.305047 0.840790
-1.517521 -42.120457 89.073293 -2370.560386 0.431668 0.899136 0.072225 0.804583 -0.347598 -0.481479 0.407810 -0.265951 0.873477
-2.324309 -34.907969 105.130101 -3025.000874 0.508983 0.860366 0.026590 0.816794 -0.472997 -0.330335 0.271632 -0.189854 0.943489
-4.968168 -24.997721 443.266217 -1552.473156 0.580046 0.813885 -0.033742 0.786165 -0.570175 -0.238422 0.213287 -0.111769 0.970575
-0.008958 -16.978945 -617.710899 -221.671289 -0.320913 0.594286 -0.737455 0.922508 0.019820 -0.385469 -0.214463 -0.804010 -0.554594
-0.917825 -19.984962 -508.867221 434.712430 -0.271610 0.607339 -0.746571 0.946113 0.026360 -0.322762 -0.176347 -0.794006 -0.581770
3.457965 -17.755202 -928.785640 527.227088 -0.431602 0.589159 -0.683089 0.894828 0.183906 -0.406770 -0.114028 -0.786810 -0.606570
2.990473 -15.446586 -515.554295 -510.520601 -0.507852 0.590115 -0.627576 0.838917 0.173281 -0.515938 -0.195715 -0.788504 -0.583058
3.176157 -70.192127 174.281148 1552.928903 0.662261 -0.578212 0.476530 0.499002 -0.134067 -0.856167 -0.558934 -0.804796 -0.199742
1.551520 -78.267280 600.069227 1571.893624 0.685672 -0.539378 0.488801 0.434285 -0.235776 -0.869371 -0.584167 -0.808382 -0.072578
1.678996 -72.798941 350.172390 2196.246757 0.688430 -0.553438 0.468797 0.582756 0.037259 -0.811793 -0.431810 -0.832056 -0.348170
3.134662 -64.321739 -16.326223 1101.509169 0.667006 -0.591252 0.453348 0.602999 0.071009 -0.794575 -0.437602 -0.803355 -0.403888
-2.179784 -59.956158 -50.566924 3391.518712 0.775582 -0.479309 0.410775 -0.568245 -0.246739 0.784995 0.274901 0.842249 0.463731
-2.221637 -71.325875 70.810872 3705.777186 0.784705 -0.474816 0.398483 -0.471290 -0.039430 0.881096 0.402646 0.879202 0.254717
-1.890346 -66.019100 -107.001604 2861.115561 0.784968 -0.462221 0.412525 -0.537128 -0.175923 0.824951 0.308737 0.869139 0.386366
-2.010474 -57.547757 -150.879450 1700.761015 0.764011 -0.472629 0.439214 -0.617892 -0.340005 0.708948 0.185734 0.813031 0.551801
-0.280075 -63.740484 1477.292051 1267.423184 -0.553686 0.693617 -0.460790 0.641335 0.002239 -0.767258 -0.531151 -0.720341 -0.446080
2.078836 -58.716347 1578.663693 906.087351 -0.561314 0.699825 -0.441783 0.715064 0.141353 -0.684619 -0.416666 -0.700189 -0.579763
-3.372910 -59.194460 1094.792571 1187.761921 -0.561955 0.685435 -0.463017 0.728103 0.144269 -0.670114 -0.392521 -0.713698 -0.580140
3.566491 -64.497917 1043.509492 1482.262468 -0.565642 0.688874 -0.453323 0.617400 -0.010663 -0.786577 -0.546686 -0.724803 -0.419279
-3.174995 -64.660410 1203.126830 1192.853783 -0.541799 0.691924 -0.477174 0.611011 -0.065609 -0.788898 -0.577164 -0.718983 -0.387226
-4.413952 -109.079011 -972.102694 5811.428205 0.682605 -0.440964 0.582753 -0.039846 0.773788 0.632191 -0.729701 -0.454757 0.510621
-3.723053 -120.654158 -914.751727 -3909.307236 0.677932 -0.451694 0.579984 0.302879 -0.547260 -0.780238 -0.669830 -0.704613 0.234196
-5.680045 -111.342823 -567.574691 7102.218236 0.703974 -0.421872 0.571354 -0.162459 0.687488 0.707791 -0.691396 -0.591088 0.415436
-6.532131 -95.492565 -517.797044 6202.971671 0.719457 -0.416236 0.555993 0.048185 0.828508 0.557900 -0.692863 -0.374595 0.616132
-9.022315 -131.454065 -463.340463 -5487.724765 0.722222 -0.398859 0.565072 0.310096 -0.543545 -0.779999 -0.618252 -0.738560 0.268876
-8.056650 -123.061929 -332.278027 9969.035316 0.744276 -0.377396 0.551022 -0.040242 0.798201 0.601046 -0.666658 -0.469518 0.578895
-11.079082 -120.626750 -624.774565 -5241.824262 0.681652 -0.361044 0.636394 0.726561 0.436675 -0.530494 -0.086366 0.823992 0.559981
-10.751514 -120.651096 -377.062521 3610.964795 0.685335 -0.356161 0.635190 0.696224 0.064712 -0.714902 0.213516 0.932181 0.292317
-10.004409 -137.440964 -733.215508 1477.891066 0.693610 -0.312402 0.649084 0.709518 0.140602 -0.690518 0.124457 0.939487 0.319178
9.049418 -25.787241 -1966.697916 105.331615 0.759604 -0.633860 0.145680 0.622641 0.643997 -0.444507 -0.187937 -0.428356 -0.883850
10.274927 -26.582721 -2404.300123 116.432579 0.709043 -0.685597 0.164966 0.648341 0.541814 -0.534875 -0.277328 -0.486204 -0.828671
15.038267 -28.572968 -1671.324113 -51.002915 0.743587 -0.636598 0.204504 0.638528 0.585321 -0.499681 -0.198395 -0.502138 -0.841722
14.074922 -28.227917 -1892.145962 -170.556337 0.787756 -0.591842 0.170771 0.603548 0.686163 -0.406092 -0.123166 -0.422970 -0.897734
4.337253 -143.897602 -89.996388 -2078.504721 0.804782 -0.257703 0.534710 -0.543474 -0.682126 0.489223 -0.238665 0.684319 0.689018
5.919334 -153.031834 -579.416495 -4265.812200 0.804562 -0.251511 0.537980 -0.558741 -0.627525 0.542236 -0.201218 0.736854 0.645413
4.256446 -140.629482 -399.961329 -8420.087081 0.777461 -0.282840 0.561744 -0.507400 -0.809824 0.294499 -0.371618 0.513990 0.773120
-12.367167 -175.894635 -352.407988 11899.360179 0.689327 -0.592422 0.416970 0.438749 -0.116612 -0.891011 -0.576479 -0.797143 -0.179541
6.804168 -493.192093 -1084.550290 83805.333283 0.710893 -0.544027 0.445720 0.319699 -0.314525 -0.893793 -0.626438 -0.777887 0.049669
-3.224252 -207.353135 1953.402192 -17856.773868 -0.674176 0.639391 -0.369684 -0.129443 0.390502 0.911456 -0.727139 -0.662335 0.180503
1.348608 -371.025172 1151.285352 -64080.872912 -0.657552 0.707966 -0.257701 -0.168853 0.194865 0.966187 -0.734244 -0.678832 0.008592
-11.141661 -26.823573 548.489567 129.225782 -0.370194 0.915327 0.158535 -0.738800 -0.186641 -0.647564 0.563144 0.356851 -0.745337
-9.799033 -26.579603 598.742894 -180.230648 -0.313569 0.915273 0.252881 -0.771998 -0.090662 -0.629126 0.552895 0.392498 -0.735018
-7.302570 -24.587731 1203.135831 222.057609 -0.281256 0.907552 0.311840 -0.730036 0.008562 -0.683355 0.622850 0.419852 -0.660138
-5.796017 -15.661675 -451.983126 125.406010 0.255703 0.965585 -0.047547 -0.785716 0.236223 0.571707 -0.563264 0.108829 -0.819079
-5.749414 -15.335806 -470.662615 -14.413609 0.256269 0.963681 -0.075134 -0.821450 0.258095 0.508533 -0.509456 0.068602 -0.857758
-4.671215 -14.893800 -189.311122 -127.583206 0.352621 0.924379 -0.145538 -0.753762 0.372745 0.541205 -0.554528 0.081139 -0.828200
-7.861972 -16.604860 -538.497551 209.466624 0.121571 0.991845 0.038270 -0.860740 0.086144 0.501702 -0.494314 0.093933 -0.864193
-0.227661 -160.780006 126.072784 -12426.101128 0.607786 0.772433 0.184239 0.188991 0.084640 -0.978324 0.771284 -0.629431 0.094540
1.641140 -135.946859 378.449468 -14660.662239 0.585291 0.795825 0.155228 0.457810 -0.166348 -0.873349 0.669211 -0.582229 0.461699
-0.596978 -135.707745 -154.267112 -8759.145807 0.626708 0.757331 0.183542 0.191470 0.078660 -0.978341 0.755365 -0.648277 0.095709
518.905867 -4829.172909 -70686.458894 -906248.286808 0.704622 -0.666709 0.242914 -0.448646 -0.153369 0.880451 0.549749 0.729368 0.407183
-6.444565 -461.085441 -54.356571 -88807.722935 0.772255 -0.631666 -0.067966 -0.455424 -0.625004 0.634002 0.442957 0.458658 0.770339
-3.702336 -2299.991763 -6013.725150 -448061.151633 0.690239 -0.722088 0.046475 -0.540891 -0.472238 0.696009 0.480632 0.505550 0.716528
-8.929892 -279.020236 13.948392 -42521.493927 0.813725 -0.580280 -0.033559 -0.136414 -0.246779 0.959423 0.565016 0.776128 0.279968
-3.362728 -36.906935 269.781291 -2645.373531 0.331508 0.884377 0.328604 0.240623 -0.416036 0.876935 -0.912252 0.211641 0.350720
-3.297436 -33.810595 267.914622 -596.159238 0.323592 0.876998 0.355194 0.173193 -0.423948 0.888973 -0.930211 0.226147 0.289076
-3.075274 -36.783459 -147.327684 -2997.404792 0.314719 0.884748 0.343762 0.236350 -0.423804 0.874373 -0.919288 0.193934 0.342490
2.182276 -14.016615 -974.049194 -608.319136 -0.674968 0.623293 -0.394873 0.734865 0.519804 -0.435634 -0.066271 -0.584218 -0.808887
2.981506 -13.042777 398.265784 -481.696371 0.728271 -0.592623 0.344121 0.679268 0.557840 -0.476875 -0.090642 -0.581045 -0.808808
1.186218 -12.031323 -477.230992 -484.209282 -0.668923 0.633566 -0.388761 0.734167 0.481244 -0.478960 -0.116363 -0.605803 -0.787059
9.662289 -31.348418 1257.581750 -349.843521 0.597355 0.789608 -0.140307 0.629657 -0.570121 -0.527725 0.496688 -0.226894 0.837747
22.685131 -23.597408 -2226.361077 -134.783082 0.762475 0.624592 -0.168865 -0.468647 0.713078 0.521430 0.446096 -0.318440 0.836418
13.386278 -28.947288 -780.272954 -2774.599550 0.693441 0.718934 -0.047689 0.625675 -0.633668 -0.454967 0.357310 -0.285655 0.889230
21.217867 -28.760561 -1237.584195 -1007.298175 0.743795 0.662943 -0.085300 0.516604 -0.651147 -0.555992 0.424134 -0.369478 0.826799
2.188182 -26.002020 1248.070710 -2015.759120 0.531638 0.840178 -0.107065 0.719867 -0.514835 -0.465550 0.446265 -0.170431 0.878522
0.018511 -36.607776 -203.168345 -6012.321187 -0.039773 -0.988738 -0.144277 0.998556 -0.034111 -0.041510 0.036121 -0.145720 0.988666
-4.311154 -28.716442 2079.305902 -1669.133799 0.211866 0.976351 -0.043030 0.930215 -0.214965 -0.297474 0.299689 -0.022998 0.953760
-1.151265 -24.855405 542.201853 -2283.875842 0.028901 -0.980038 -0.196699 0.989120 0.056436 -0.135856 0.144245 -0.190632 0.971006
3.872340 -21.650257 1620.999411 -1888.139793 0.248377 -0.939755 -0.234881 0.965595 0.259485 -0.017121 0.077038 -0.222548 0.971873
-2.269985 -21.819924 1520.564474 -1510.060003 0.138646 -0.961683 -0.236522 0.984738 0.159244 -0.070233 0.105206 -0.223175 0.969084
-7.269158 -22.191973 -366.587109 -116.553996 0.643219 0.736255 -0.210230 0.222321 -0.442323 -0.868864 0.732695 -0.512131 0.448195
-3.924742 -22.263823 -858.609585 -252.642097 0.641267 0.761359 -0.095443 0.306227 -0.367985 -0.877959 0.703564 -0.533778 0.469125
-5.260897 -23.357707 -305.967198 -115.489226 0.640558 0.747332 -0.176581 0.161576 -0.355970 -0.920423 0.750719 -0.561053 0.348770
-4.192955 -22.669925 650.724479 38.157990 0.628233 0.713788 -0.309563 0.134397 -0.491464 -0.860466 0.766329 -0.498969 0.404685
-6.421789 -21.549521 766.770377 -176.348928 0.638923 0.675058 -0.368883 0.171815 -0.592634 -0.786933 0.749838 -0.439410 0.494633
-4.339249 -22.989502 305.603716 -75.869802 0.632600 0.729954 -0.258812 0.104610 -0.411647 -0.905319 0.767381 -0.545631 0.336769
-2.604682 -46.624902 116.190066 -2657.017819 0.410624 0.532882 -0.739882 0.453191 0.584846 0.672736 0.791206 -0.611549 -0.001345
-1.658353 -71.021088 307.024165 -6088.759415 0.407685 0.529052 -0.744243 0.265006 0.711421 0.650886 0.873822 -0.462585 0.149834
-2.552621 -54.770170 24.432920 -3633.461375 0.417972 0.525342 -0.741158 0.401505 0.625012 0.669443 0.814919 -0.577387 0.050310
-3.146894 -42.479653 -29.716679 -1662.285202 0.400261 0.501713 -0.766861 0.563116 0.525533 0.637743 0.722975 -0.687094 -0.072172
-3.180338 -38.467276 39.368855 -1144.627446 0.386454 0.500417 -0.774749 0.595867 0.505704 0.623864 0.703986 -0.702742 -0.102751
-2.627355 -37.678742 114.777901 1038.709543 0.395883 0.532843 -0.747900 -0.555658 -0.509423 -0.657063 0.731109 -0.675697 -0.094407
-4.232534 -20.338507 -297.645477 783.425779 0.342878 0.803313 -0.486953 0.282291 -0.582530 -0.762214 0.895961 -0.123884 0.426505
-3.710403 -20.327419 -196.723562 212.118433 0.335388 0.831933 -0.442043 0.268469 -0.534166 -0.801617 0.903017 -0.150178 0.402501
-3.517182 -20.029792 -212.277985 361.655012 0.329368 0.812392 -0.481181 0.232758 -0.563749 -0.792471 0.915063 -0.149016 0.374772
-4.277945 -19.716309 -213.712814 1211.225777 0.333666 0.779241 -0.530520 0.243474 -0.614913 -0.750069 0.910707 -0.121105 0.394900
-4.022407 -20.294492 22.298593 616.341989 0.307479 0.811417 -0.497050 0.207672 -0.566986 -0.797119 0.928617 -0.141874 0.342846
-2.968955 -18.264974 -47.987375 -279.051854 0.307694 0.838801 -0.449151 0.198034 -0.518171 -0.832034 0.930649 -0.167065 0.325549
1.289846 -31.527142 174.028382 671.782780 0.631521 0.545808 -0.550705 0.708610 -0.694586 0.124188 -0.314729 -0.468662 -0.825410
1.083603 -26.849061 184.497494 0.328342 0.579921 0.608200 -0.542019 0.768852 -0.628577 0.117289 -0.269365 -0.484751 -0.832141
-1.484648 -31.861641 66.070418 3077.945649 0.570549 0.619722 -0.538906 0.758865 -0.648711 0.057429 -0.314004 -0.441723 -0.840406
0.993811 -28.232344 110.090020 1984.846645 0.507781 0.673550 -0.537111 0.817724 -0.573026 0.054481 -0.271083 -0.466873 -0.841750
4.971747 -48.509846 -67.567656 -384.009366 0.513425 0.515497 -0.686045 0.159830 0.728027 0.666657 0.843119 -0.451929 0.291395
3.249426 -44.914805 -515.395747 -109.716706 0.534434 0.537372 -0.652389 0.204606 0.666654 0.716735 0.820071 -0.516530 0.246333
4.613399 -50.132850 -596.441977 -2969.261208 0.541294 0.542680 -0.642261 0.092610 0.720713 0.687020 0.835718 -0.431360 0.339860
1.818507 -49.815639 -853.262839 -2959.436417 0.559653 0.548674 -0.621084 0.103315 0.697404 0.709193 0.822262 -0.461069 0.333618
-1.247067 -74.395768 689.984087 2837.814547 0.312323 0.784923 -0.535117 -0.164117 -0.510244 -0.844226 0.935692 -0.351493 0.030542
-1.430507 -87.441070 -30.050027 4878.869495 0.346250 0.762071 -0.547137 -0.136683 -0.536011 -0.833073 0.928132 -0.363236 0.081432
-0.458368 -83.759694 609.749971 2418.618239 0.324641 0.752109 -0.573533 0.122129 -0.634632 -0.763103 0.937919 -0.177690 0.297882
-0.312599 -75.195043 559.911901 2471.371231 0.335323 0.757414 -0.560252 0.061558 -0.611027 -0.789213 0.940090 -0.230153 0.251517
-1.272747 -67.884790 116.245682 1698.137944 0.347197 0.768106 -0.538021 -0.102757 -0.539096 -0.835952 0.932145 -0.345526 0.108244
0.170805 -38.647505 -128.743915 -190.742715 -0.425581 -0.519390 0.741023 0.904254 -0.212679 0.370259 -0.034709 0.827649 0.560172
2.185147 -40.474468 -272.018245 -478.814825 -0.438257 -0.520717 0.732656 0.898850 -0.254133 0.357051 0.000269 0.815028 0.579422
2.198345 -38.385516 -529.199071 -851.079172 -0.448472 -0.502617 0.739087 0.882995 -0.120975 0.453525 -0.138538 0.856003 0.498062
-2.040871 -27.957984 225.762269 295.367136 -0.459817 -0.507335 0.728821 0.727008 0.256223 0.637031 -0.509929 0.822776 0.251021
-0.951869 -29.288252 445.872812 -333.964137 -0.478624 -0.523531 0.704865 0.751909 0.170137 0.636935 -0.453379 0.834846 0.312216
-1.827944 -30.419719 766.653383 -947.461829 -0.507859 -0.536130 0.674273 0.751921 0.106052 0.650668 -0.420350 0.837447 0.349268
9.428644 -15.033977 1587.340228 1480.373526 0.867323 0.162924 -0.470325 -0.300488 0.924683 -0.233812 0.396808 0.344118 0.850956
13.168837 -12.780439 1762.340893 907.250321 0.858527 0.189024 -0.476656 -0.333688 0.911765 -0.239450 0.389337 0.364629 0.845850
9.689275 -14.076532 1396.422199 897.934136 0.876210 0.064849 -0.477546 -0.223784 0.932345 -0.283995 0.426821 0.355707 0.831442
10.630824 -12.124274 1508.737096 970.413805 0.874137 0.022041 -0.485179 -0.212097 0.916004 -0.340518 0.436920 0.400564 0.805387
4.878487 -13.223737 331.911558 20.152994 0.896236 -0.059105 -0.439623 -0.100155 0.938527 -0.330359 0.432124 0.340110 0.835221
6.365262 -14.232212 687.810315 3.398336 0.874160 0.160455 -0.458365 -0.257833 0.953174 -0.158052 0.411542 0.256345 0.874597
20.796363 -19.705949 156.300843 897.587970 0.936122 0.104064 -0.335926 0.275893 -0.809659 0.518011 0.218079 0.577601 0.786650
18.354032 -17.315891 -2581.173587 -194.370287 0.918276 0.311979 -0.243799 0.394478 -0.773758 0.495668 0.034003 0.551333 0.833592
23.442303 -20.774145 -2231.388042 246.475904 0.937840 0.230361 -0.259596 0.339442 -0.764735 0.547686 0.072356 0.601760 0.795393
26.786600 -21.020537 839.701513 1095.537948 0.934030 0.090894 -0.345435 0.287752 -0.764441 0.576913 0.211627 0.638254 0.740166
17.916849 -18.943881 2852.595882 1197.913575 0.885711 -0.044453 -0.462105 0.241287 -0.806313 0.540037 0.396607 0.589816 0.703434
-6.422567 -67.390553 -85.966778 651.697132 -0.270922 -0.538846 0.797651 0.531564 0.607091 0.590661 -0.802522 0.584025 0.121956
-6.583921 -73.425303 102.561421 -387.037018 -0.242483 -0.551135 0.798406 0.540771 0.606477 0.582883 -0.805462 0.573094 0.150977
-5.644828 -68.117720 -290.759164 41.448878 0.272977 0.557494 -0.784018 0.671293 0.473376 0.570334 -0.689093 0.681994 0.245021
-5.363935 -65.493599 -251.061943 428.228178 -0.313695 -0.534368 0.784886 0.663470 0.467981 0.583781 -0.679266 0.703878 0.207734
-1.925930 -8.115979 -400.539818 -409.485341 0.561795 0.390626 -0.729244 0.804688 -0.462612 0.372113 -0.192000 -0.795865 -0.574225
-2.454535 -6.676383 315.959519 388.809498 0.714290 0.306613 -0.629108 -0.675164 0.538542 -0.504109 -0.184235 -0.784832 -0.591690
-0.516861 -8.898348 14.666312 445.250076 0.703621 0.311992 -0.638418 -0.692139 0.504255 -0.516401 -0.160813 -0.805225 -0.570747
-0.458447 -7.039719 301.040926 410.558438 0.785387 0.253635 -0.564656 -0.592142 0.573651 -0.565943 -0.180373 -0.778841 -0.600726
2.685919 -10.973859 -701.887494 -520.569817 0.593810 0.372508 -0.713181 0.787043 -0.453096 0.418649 -0.167190 -0.809902 -0.562233
1.457141 -12.601865 -370.695971 631.227559 0.708725 0.305955 -0.635689 -0.693883 0.465052 -0.549776 -0.127421 -0.830733 -0.541891
-0.247725 -9.524906 79.614662 364.720578 0.755769 0.271432 -0.595935 -0.636940 0.516023 -0.572737 -0.152057 -0.812431 -0.562880
0.187024 -11.260841 34.818940 463.500805 0.754939 0.273532 -0.596027 -0.642191 0.492516 -0.587383 -0.132885 -0.826201 -0.547479
-5.318722 -716.532198 3034.552164 -184315.044467 -0.006548 -0.854348 0.519659 0.997950 0.027502 0.057790 -0.063664 0.518972 0.852417
3.281343 -24.759402 -2387.940252 -8510.477678 0.432979 -0.768859 0.470516 0.900979 0.385164 -0.199712 -0.027676 0.510397 0.859494
0.590903 -576.435362 -941.431856 -128898.910484 0.069718 -0.814677 0.575708 0.995657 0.092518 0.010346 -0.061692 0.572487 0.817590
-5.731737 -214.871474 -1168.618262 -38413.839675 0.118385 -0.848354 0.516023 0.967519 -0.018349 -0.252132 0.223366 0.529111 0.818626
-11.388370 -268.284695 -263.067696 -48690.640046 0.052320 -0.827934 0.558380 0.983388 -0.054605 -0.173110 0.173814 0.558161 0.811323
-83.567261 -4013.925909 12347.768516 -1270175.626118 -0.284655 0.464047 -0.838828 0.723013 -0.470641 -0.505716 -0.629463 -0.750438 -0.201542
-594.744098 -8970.447836 42607.906439 -7742232.609801 -0.574642 -0.803006 -0.158013 0.765747 -0.459414 -0.450078 0.288822 -0.379632 0.878898
726.190017 -661.760053 -25441825.474562 -161300.779503 0.993148 -0.099944 -0.060564 -0.072944 -0.935060 0.346903 0.091302 0.340108 0.935943
1.733254 -21.817759 1311.252882 466.765043 0.398568 0.539285 -0.741832 0.705340 0.336757 0.623771 0.586208 -0.771859 -0.246159
2.607096 -21.202623 873.291397 474.041668 0.391528 0.520292 -0.758948 0.749210 0.298597 0.591206 0.534219 -0.800085 -0.272898
6.052761 -18.591989 1299.660961 438.455032 0.458495 0.542882 -0.703606 0.666873 0.313153 0.676177 0.587421 -0.779240 -0.218454
5.235747 -18.166499 1330.944769 316.889947 0.501256 0.582420 -0.639945 0.577637 0.325423 0.748622 0.644266 -0.744907 -0.173307
7.609467 -124.826533 -1738.630923 -5613.696958 -0.378839 -0.705619 0.598818 0.841397 -0.532064 -0.094655 0.385400 0.467984 0.795272
9.003741 -109.756982 -1642.730665 -1797.802103 -0.452757 -0.677273 0.579925 0.885476 -0.417840 0.203327 0.104608 0.605567 0.788889
4.988053 -96.842153 -546.426316 -2007.146553 -0.419946 -0.697920 0.580132 0.891277 -0.437660 0.118657 0.171087 0.566888 0.805833
3.206752 -93.888458 -438.959036 -2472.542647 -0.383693 -0.711384 0.588823 0.844315 -0.528515 -0.088345 0.374049 0.463255 0.803419
13.404649 -203.354886 2417.112567 22143.803612 0.622299 0.074013 0.779273 0.689596 0.419240 -0.590504 -0.370408 0.904853 0.209853
9.735845 -164.830553 1030.967621 22791.223026 0.552429 0.007632 0.833525 0.833503 0.006622 -0.552475 -0.009736 0.999949 -0.002703
6.533704 -114.692193 1482.447488 3972.149413 0.552581 -0.024818 0.833090 0.797275 0.307063 -0.519678 -0.242913 0.951366 0.189464
10.055946 -105.156802 248.686229 9632.078809 0.467226 -0.063524 0.881853 0.875468 -0.106097 -0.471486 0.123513 0.992325 0.006042
-2.236120 -87.843618 1443.233765 328.740782 0.542082 -0.030165 0.839784 0.760241 0.443384 -0.474810 -0.358024 0.895824 0.263283
1.673665 -111.898720 1606.354572 618.858543 0.599646 0.022956 0.799936 0.608595 0.635999 -0.474466 -0.519650 0.771349 0.367403
4.973581 -91.126565 1314.763135 3588.031821 0.461385 -0.115961 0.879589 0.886728 0.092602 -0.452922 -0.028931 0.988928 0.145551
-25.111621 -41.009385 241.647653 -1011.226751 0.419403 0.856780 0.300049 -0.536944 -0.032382 0.842996 -0.731979 0.514664 -0.446462
-29.416143 -43.956955 -353.299038 -876.292379 0.614537 0.787423 0.048045 -0.330665 0.201813 0.921918 -0.716243 0.582439 -0.384395
-22.240388 -35.583648 136.719605 -1905.914341 0.227924 0.879668 0.417415 -0.715861 -0.139195 0.684228 -0.659995 0.454763 -0.597994
-32.524218 -42.822597 -1023.129569 605.195264 0.603544 0.796946 -0.024707 -0.139647 0.136165 0.980794 -0.785005 0.588503 -0.193473
-30.965780 -38.476414 -875.574580 2431.986819 0.681820 0.731051 0.026180 -0.099064 0.056815 0.993458 -0.724781 0.679953 -0.111159
10.940863 -8.713696 158.149896 -56.452519 -0.495246 -0.685251 0.534006 0.646755 0.119583 0.753264 -0.580033 0.718422 0.383967
11.718009 -8.771939 -735.744347 390.550233 -0.539081 -0.635526 0.552718 0.641853 0.114930 0.758166 -0.545359 0.763477 0.345958
10.591053 -9.281195 -697.151027 -433.881734 -0.540904 -0.623305 0.564725 0.654984 0.109061 0.747731 -0.527654 0.774337 0.349263
12.318273 -27.368439 -407.583832 -111.271448 -0.359793 -0.676166 0.642921 -0.520918 0.717247 0.462818 -0.774076 -0.168391 -0.610288
10.944071 -27.830593 -714.307228 310.309718 -0.379311 -0.676234 0.631530 -0.578551 0.705992 0.408477 -0.722081 -0.210433 -0.659027
10.576147 -28.237547 -1718.200312 399.226933 -0.433574 -0.678535 0.592962 -0.530878 0.724050 0.440364 -0.728136 -0.123860 -0.674148
10.992046 -26.406680 -879.839688 130.652372 -0.395000 -0.675129 0.623037 -0.450073 0.733436 0.509417 -0.800880 -0.079192 -0.593565
-11.799923 -26.119377 -140.428697 -79.849588 -0.354589 0.933693 -0.049831 -0.811595 -0.333809 -0.479463 0.464305 0.129569 -0.876146
-13.228734 -26.396972 103.598043 -256.176302 -0.269460 0.960451 -0.070179 -0.827181 -0.268153 -0.493827 0.493115 0.075016 -0.866724
-12.272180 -24.631439 223.468349 -109.792404 -0.327933 0.942240 -0.068142 -0.869775 -0.329291 -0.367504 0.368715 0.061248 -0.927522
-12.567939 -29.595178 -423.441444 400.010601 -0.305261 0.950294 -0.061289 -0.771758 -0.284587 -0.568683 0.557858 0.126296 -0.820270
-11.730815 -25.552026 445.278504 262.538361 -0.346831 0.937927 -0.000763 -0.866701 -0.320803 -0.381989 0.358522 0.131825 -0.924167
-11.612703 -27.412908 304.412301 461.664639 -0.360380 0.932153 0.034886 -0.836561 -0.306426 -0.454168 0.412664 0.192857 -0.890233
-11.253943 -28.143786 -402.055590 677.199168 -0.365577 0.930482 -0.023595 -0.779279 -0.319837 -0.538915 0.508997 0.178629 -0.842030
-1.052193 -43.462186 95.750790 2056.978007 0.319872 0.906892 0.274279 0.632879 -0.419950 0.650466 -0.705086 0.034480 0.708283
-9.088538 -33.219076 423.561447 2425.762769 0.552519 0.809462 0.198729 -0.299441 -0.029737 0.953651 -0.777854 0.586418 -0.225957
-8.352744 -39.881008 155.059255 3930.793056 0.560647 0.815535 0.143453 -0.338982 0.067982 0.938334 -0.755491 0.574702 -0.314565
-8.553493 -38.006699 211.195456 3485.980628 0.528926 0.832916 0.162755 -0.334152 0.028107 0.942100 -0.780115 0.552686 -0.293187
-9.168675 -29.592729 376.820651 1646.518130 0.527494 0.816909 0.233260 -0.300272 -0.077569 0.950694 -0.794724 0.571527 -0.204378
-8.775036 -31.828510 116.400665 1329.515398 0.486112 0.840697 0.238588 -0.311167 -0.088609 0.946215 -0.816621 0.534207 -0.218523
-8.535867 -34.860600 -296.287453 2039.905260 0.469226 0.863105 0.186752 -0.341830 -0.017468 0.939600 -0.814236 0.504722 -0.286839
-7.295919 -37.860995 -588.974776 3049.613872 0.448466 0.875971 0.177631 -0.411673 0.026036 0.910960 -0.793350 0.481660 -0.372290
-4.255874 -44.791097 -319.564208 15.925526 0.822466 0.568455 -0.020203 -0.212525 0.274157 -0.937908 0.527620 -0.775691 -0.346295
-4.229565 -45.322943 -413.518016 604.902467 0.820688 0.571338 -0.006629 -0.100409 0.132789 -0.986045 0.562485 -0.809901 -0.166345
-2.016306 -29.029362 -699.591141 -577.799048 0.368187 0.919558 0.137299 0.865075 -0.284704 -0.413025 0.340712 -0.270844 0.900311
-3.937778 -27.273187 -534.280353 375.676825 0.354970 0.927970 0.113438 0.895840 -0.302936 -0.325115 0.267333 -0.217028 0.938846
458.453603 -23.918693 -84923.482138 -579.860574 0.039076 0.996487 0.074066 0.499267 0.044737 -0.865293 0.865567 -0.070791 0.495765
653.796139 -53.836392 -119874.244677 1207.822454 0.120169 0.992751 -0.002016 0.387090 -0.048726 -0.920753 0.914177 -0.109865 0.390140
27685.147467 112.585847 -5536940.271057 115656.357432 0.100548 0.965064 0.241952 0.496938 0.161965 -0.852538 0.861941 -0.205956 0.463291
0.392960 -72.569246 403.253273 1787.271254 0.684776 -0.542402 0.486705 0.525145 -0.095785 -0.845605 -0.505277 -0.834641 -0.219248
0.090177 -72.700822 -88.589729 647.781719 0.653483 -0.557633 0.511864 0.430422 -0.282510 -0.857278 -0.622653 -0.780535 -0.055402
1.081534 -69.976656 183.166963 1168.179033 0.685179 -0.549032 0.478637 0.608899 0.071138 -0.790052 -0.399715 -0.832768 -0.383047
0.749144 -76.294773 -171.829899 985.195605 0.660666 -0.556061 0.504297 0.535629 -0.121487 -0.835669 -0.525949 -0.822215 -0.217580
-0.176365 -66.495980 1307.786084 65.402190 -0.526167 0.696359 -0.488090 -0.434724 0.273035 0.858177 -0.730865 -0.663729 -0.159062
0.211839 -67.011699 698.666265 590.172059 -0.535158 0.671416 -0.512646 -0.265195 0.442650 0.856582 -0.802046 -0.594358 0.058832
2.671991 -67.619261 891.377071 436.001125 -0.537509 0.687292 -0.488584 -0.281718 0.399750 0.872258 -0.794808 -0.606489 0.021247
-3.546302 -126.889054 -65.467197 6679.326618 0.692224 -0.429689 0.579821 -0.193316 0.663667 0.722617 -0.695309 -0.612302 0.376340
-10.798914 -121.527881 -296.603037 360.297222 0.689034 -0.400158 0.604239 0.705864 0.181555 -0.684685 0.164280 0.898282 0.407555
15.436360 -29.894817 -1799.572149 244.657776 0.710497 -0.665469 0.228792 0.640197 0.476289 -0.602741 -0.292134 -0.574717 -0.764433
9.586504 -29.165071 -2756.071378 674.430143 0.670490 -0.718347 0.185529 0.646235 0.442624 -0.621663 -0.364450 -0.536714 -0.760996
2.558514 -235.340618 -921.241985 25376.922927 0.827369 -0.168670 0.535734 -0.557109 -0.367606 0.744644 -0.071340 0.914558 0.398113
1.067031 -199.740237 -1195.456973 22321.576057 0.833050 -0.146108 0.533555 -0.546867 -0.072000 0.834118 0.083455 0.986645 0.139881
0.328535 -225.787618 -1522.730107 17441.509038 0.855515 -0.163719 0.491212 -0.478889 0.110524 0.870890 0.196872 0.980296 -0.016152
-0.231865 -288.582588 -982.995630 27021.634351 0.849764 -0.218440 0.479775 -0.457780 0.145544 0.877072 0.261416 0.964936 -0.023681
14.313978 -10.498560 -55.547980 -3724.306659 -0.651814 0.555678 -0.516101 0.753181 0.394784 -0.526178 -0.088637 -0.731688 -0.675852
13.097833 -10.805374 1070.442453 -4099.895692 -0.524459 0.678746 -0.514050 0.836823 0.299538 -0.458261 -0.157065 -0.670508 -0.725086
16.639810 -1.837186 995.071008 -1863.160925 -0.583289 0.642299 -0.497219 0.806896 0.387923 -0.445460 -0.093236 -0.661036 -0.744539
9.663953 -18.679759 691.000567 -4158.545629 -0.558985 0.644411 -0.521795 0.821063 0.342350 -0.456785 -0.115721 -0.683762 -0.720471
16.750892 -2.094786 -709.867528 -1964.925003 -0.706601 0.472071 -0.527128 0.707605 0.474677 -0.523428 0.003121 -0.742853 -0.669447
8.467333 -21.731121 315.576864 -2466.041882 -0.698908 0.526552 -0.484016 0.715161 0.522609 -0.464139 0.008558 -0.670540 -0.741824
-11.826543 -27.301737 -273.613026 -441.427541 -0.367559 0.915955 0.161018 -0.811469 -0.231287 -0.536679 0.454333 0.327922 -0.828280
-8.390424 -25.975489 215.952947 -654.864531 -0.281199 0.916099 0.285815 -0.801657 -0.060526 -0.594713 0.527517 0.396358 -0.751416
-11.884750 -27.864920 65.109543 18.686568 -0.361155 0.923358 0.130293 -0.800696 -0.235447 -0.550864 0.477968 0.303273 -0.824362
-1.951958 -29.701220 -95.589557 -170.804501 0.084758 0.851395 0.517633 0.980704 -0.163133 0.107736 0.176169 0.498513 -0.848793
-3.113599 -31.130141 156.628313 -857.311724 0.031777 0.854140 0.519071 0.959522 -0.171471 0.223416 0.279834 0.490961 -0.825015
-2.480395 -31.174261 -391.556204 -775.131959 0.041472 0.868567 0.493834 0.954462 -0.180587 0.237465 0.295435 0.461498 -0.836504
-2.788776 -32.942052 -142.893378 -1277.914450 0.000257 0.869663 0.493646 0.922270 -0.191024 0.336048 0.386547 0.455188 -0.802113
-2.834163 -32.634717 -331.763031 930.155984 0.012500 0.879637 0.475481 -0.901512 0.215626 -0.375208 0.432573 0.423962 -0.795699
-2.452160 -30.935025 -304.046085 -682.715050 0.045584 0.872207 0.487009 0.941002 -0.201133 0.272140 0.335316 0.445871 -0.829917
-5.317347 -14.701251 -60.526055 -72.194619 0.366538 0.915703 -0.164739 -0.774218 0.398383 0.491810 -0.515981 0.052723 -0.854976
-6.646653 -15.466399 -163.872690 121.664996 0.245981 0.965916 -0.080620 -0.851369 0.255068 0.458378 -0.463318 0.044115 -0.885093
-7.133135 -16.195144 -579.664157 214.870671 0.141804 0.989854 -0.008983 -0.874704 0.129546 0.467024 -0.463449 0.058368 -0.884199
5.792043 -247.282245 2011.557176 38933.573872 0.553730 0.813099 0.179592 -0.430222 0.464017 -0.774337 0.712946 -0.351510 -0.606753
4.966729 -177.841716 299.677226 -7583.488323 0.629274 0.759779 0.163555 0.027357 0.188661 -0.981661 0.776702 -0.622208 -0.097934
2.036152 -170.270195 284.937086 1941.055478 0.606782 0.775693 0.173539 -0.121267 0.306108 -0.944242 0.785563 -0.551905 -0.279807
3.205580 -213.993461 664.113806 31145.210734 0.582468 0.787418 0.201752 -0.453873 0.520962 -0.722909 0.674337 -0.329501 -0.660831
10.348936 -63.570512 -453.656023 -5995.807519 0.909571 -0.414649 -0.027308 -0.174725 -0.441244 0.880213 0.377029 0.795845 0.473793
8.753930 -47.892965 -320.315729 -2663.243986 0.900753 -0.428684 0.069813 -0.186775 -0.237197 0.953338 0.392121 0.871761 0.293723
10.412356 -44.441349 -141.636032 -3553.410320 0.892725 -0.449812 -0.026666 -0.121331 -0.296952 0.947153 0.433960 0.842311 0.319673
7.591642 -51.191163 -361.866296 -771.329412 0.886103 0.459026 -0.064170 0.383247 -0.803501 -0.455531 0.260661 -0.379054 0.887904
8.526538 -46.337174 -874.967980 -2874.472229 0.921312 0.382370 -0.070548 0.354601 -0.900706 -0.250971 0.159507 -0.206206 0.965420
10.879567 -42.242639 -1291.149366 -1170.187645 0.881932 0.470744 -0.024400 0.413564 -0.797569 -0.439145 0.226185 -0.377205 0.898085
15.443020 -38.737866 -810.299866 1326.053544 0.824000 0.566306 -0.017942 0.415532 -0.625539 -0.660329 0.385171 -0.536656 0.750762
11.210319 -50.044681 -360.755219 2157.355987 0.866367 0.496926 -0.049730 0.360427 -0.691085 -0.626493 0.345688 -0.524849 0.777839
-1.245559 -105.212464 1209.419478 -22616.953545 -0.320638 -0.942546 -0.093804 0.947197 -0.318725 -0.035115 0.003200 -0.100110 0.994971
-13.665128 -51.882012 7243.830606 1740.405376 0.104406 0.981754 -0.158928 0.896895 -0.161997 -0.411506 0.429743 0.099578 0.897444
-0.921725 -24.038109 -757.207271 -189.329031 0.664456 0.735156 -0.134326 0.228490 -0.370979 -0.900093 0.711541 -0.567380 0.414475
0.457781 -22.271112 -913.722452 -637.382459 0.647541 0.758698 -0.071183 0.370105 -0.394780 -0.840935 0.666118 -0.518195 0.536434
1.304051 -18.318627 -1198.418898 -980.042118 0.607954 0.793872 0.012656 0.520833 -0.386726 -0.761037 0.599271 -0.469266 0.648586
2.830173 -23.588603 -420.153573 -924.735713 0.644556 0.753922 -0.127076 0.377226 -0.458165 -0.804851 0.665017 -0.470836 0.579712
1.303417 -25.084388 -435.790318 -367.028407 0.664196 0.730125 -0.160506 0.268405 -0.433303 -0.860353 0.697713 -0.528362 0.483768
-1.654705 -60.362527 -860.918360 -7423.399381 -0.419710 -0.455745 0.784946 0.890226 -0.375370 0.258060 0.177035 0.807090 0.563263
2.626238 -60.185008 -900.659197 -6557.756831 -0.418192 -0.445630 0.791536 0.891715 -0.367445 0.264251 0.173088 0.816332 0.551037
2.134501 -35.545833 -1141.181722 -4004.520286 -0.363381 -0.461992 0.809023 0.928230 -0.253771 0.272009 0.079640 0.849802 0.521050
-0.470692 -99.117847 -369.193814 -10576.173148 -0.449578 -0.463060 0.763842 0.810254 -0.571360 0.130522 0.375990 0.677586 0.632067
-1.451215 -37.717924 -840.075833 -3540.132465 -0.350102 -0.482358 0.802969 0.935782 -0.218287 0.276880 0.041723 0.848341 0.527805
-4.961565 -60.793555 -749.220813 -6616.848830 -0.421614 -0.474277 0.772854 0.892391 -0.368230 0.260853 0.160871 0.799667 0.578492
-4.196412 -93.614222 -785.785887 -9511.444083 -0.434511 -0.456364 0.776487 0.810383 -0.574315 0.115938 0.393038 0.679628 0.619376
7.668724 -48.626817 160.774530 -3323.223285 0.544307 0.587964 -0.598355 0.827524 -0.493329 0.268013 -0.137603 -0.641034 -0.755076
6.292555 -46.464513 -678.635338 -3613.384946 0.517984 0.593704 -0.615799 0.844822 -0.467894 0.259523 -0.134049 -0.654669 -0.743935
4.594991 -39.613603 -745.047632 -4314.367127 0.572861 0.546390 -0.610974 0.769721 -0.614803 0.171891 -0.281708 -0.568749 -0.772764
6.409034 -51.545898 -803.466612 -2004.887952 0.523474 0.583593 -0.620801 0.851861 -0.373475 0.367218 -0.017548 -0.721066 -0.692644
7.034583 -42.699890 650.886389 -4180.117037 0.583597 0.560275 -0.587799 0.756286 -0.638606 0.142176 -0.295714 -0.527518 -0.796416
10.377254 -47.254058 1059.511251 -3693.728370 0.567315 0.579930 -0.584667 0.780657 -0.604753 0.157635 -0.262162 -0.545853 -0.795811
9.968279 -53.169289 964.983764 -1434.378336 0.535090 0.603819 -0.590831 0.843466 -0.421076 0.333558 -0.047376 -0.676829 -0.734614
8.199329 -53.127282 223.814355 867.996533 0.514572 0.610750 -0.601831 0.849521 -0.267920 0.454460 0.116319 -0.745120 -0.656709
0.729929 -43.374902 -659.013422 1583.840957 0.546073 0.518843 -0.657728 0.330090 0.588346 0.738166 0.769964 -0.620202 0.150015
0.791988 -42.705535 -745.683655 -38.809569 0.567679 0.548553 -0.613864 0.180122 0.644833 0.742797 0.803303 -0.532241 0.267252
-0.580315 -75.553230 -250.289905 3657.037645 0.344089 0.793529 -0.501911 -0.299926 -0.413656 -0.859612 0.889746 -0.446319 -0.095665
-1.026430 -89.372017 -657.418125 5800.765397 0.366905 0.767311 -0.525941 -0.060640 -0.544441 -0.836604 0.928280 -0.338847 0.153228
-1.730285 -96.833807 -364.549546 4132.142936 0.369823 0.742098 -0.559036 0.179625 -0.647450 -0.740637 0.911573 -0.173488 0.372742
-0.963164 -33.039622 76.366139 -729.790300 -0.450242 -0.524381 0.722708 0.833659 0.043049 0.550600 -0.319836 0.850395 0.417772
-0.712372 -33.690904 271.067237 -837.701382 -0.447925 -0.533802 0.717230 0.848623 -0.001323 0.528997 -0.281431 0.845608 0.453589
-1.185985 -36.346772 -309.922004 -434.798479 -0.433321 -0.503272 0.747630 0.890286 -0.110088 0.441896 -0.140089 0.857087 0.495759
