18967
37915
-43.559470 -66.900288 1047.869834 7152.348904 0.436277 0.899411 -0.026874 0.808158 -0.404796 -0.427808 0.395654 -0.164925 0.903470
-39.010352 -70.017483 -2784.366354 5751.790598 0.516036 0.851001 -0.097493 0.779481 -0.513732 -0.358453 0.355129 -0.108981 0.928443
-49.997172 -79.275680 1291.337332 2440.160517 0.303130 0.952944 0.003270 0.929266 -0.294835 -0.222570 0.211133 -0.070507 0.974911
-38.911519 -60.366712 35.792489 6694.417115 0.627729 0.735414 -0.255192 0.629599 -0.672441 -0.389138 0.457779 -0.083604 0.885126
-56.349743 -103.212922 3938.321619 13559.869576 -0.049790 0.988573 0.142283 0.965791 0.083957 -0.245356 0.254498 -0.125199 0.958935
-48.482792 -101.601258 693.909852 20077.311156 -0.027432 0.969196 0.244758 0.919199 0.120680 -0.374845 0.392836 -0.214699 0.894195
-38.425361 -54.057649 -543.870438 9949.557960 0.430577 0.902400 0.016667 0.759084 -0.352081 -0.547568 0.488257 -0.248421 0.836595
-33.257876 -50.859995 1072.655530 -3403.635667 0.738304 0.593705 -0.320033 -0.453902 0.788334 0.415335 0.498879 -0.161380 0.851514
-32.759649 -47.242741 191.435853 634.648249 0.357084 0.780715 0.512811 0.402422 0.366859 -0.838732 0.842940 -0.505864 0.183178
-18.598614 -34.829395 -16237.880180 -1297.051249 0.603494 0.626906 -0.492731 -0.109894 -0.546657 -0.830114 0.789758 -0.555117 0.261011
-35.436084 -45.778732 2809.488185 -1532.420365 0.423342 0.768755 0.479371 0.393561 0.320541 -0.861605 0.816022 -0.553415 0.166854
-35.338918 -47.470850 1215.126511 4006.137161 0.409666 0.737761 0.536546 0.345599 0.418806 -0.839740 0.844236 -0.529443 0.083399
-5.054805 -40.420290 -13344.293239 -10371.099720 0.172522 0.833613 0.524714 0.750409 0.233839 -0.618228 0.638061 -0.500408 0.585209
-11.211082 -27.778176 -13044.098471 -10796.407996 -0.011370 0.772323 0.635128 0.794304 0.392812 -0.463444 0.607415 -0.499215 0.617925
-9.323764 -11.542834 6658.952443 -4584.968601 0.525159 -0.338665 -0.780714 0.606854 0.792186 0.064568 0.596604 -0.507688 0.621544
-9.939486 -44.487795 1227.276630 -10174.671695 -0.291754 0.672403 0.680261 0.759950 0.594827 -0.262025 0.580823 -0.440517 0.684535
1.465536 -24.839728 457.158282 -1058.169348 0.508877 0.802893 0.310494 0.360183 -0.526184 0.770324 -0.781865 0.280165 0.556952
-0.050503 -23.094635 523.033953 -1002.146754 0.480552 0.843811 0.238857 0.369536 -0.441845 0.817445 -0.795307 0.304559 0.524148
2.140478 -26.682919 -47.243469 -936.918993 0.482347 0.841068 0.244837 0.404047 -0.461609 0.789724 -0.777231 0.281995 0.562487
1.133012 -19.928107 569.804954 -2012.774649 0.489868 0.830059 0.266517 0.346259 -0.465813 0.814324 -0.800084 0.306627 0.515602
4.181471 -28.926905 -153.284279 -1402.114914 0.508198 0.805029 0.306045 0.403769 -0.536585 0.740977 -0.760727 0.252991 0.597738
3.443042 -25.726075 256.194583 -490.683134 0.532369 0.762607 0.367443 0.353547 -0.594702 0.722035 -0.769148 0.254480 0.586218
2.032868 -21.748786 -80.255921 -1293.721822 0.522064 0.774510 0.357190 0.322300 -0.566885 0.758132 -0.789666 0.280671 0.545575
29.143805 -27.416608 5965.510808 -1581.621820 -0.456467 0.881703 -0.119320 0.757189 0.455378 0.468291 -0.467229 -0.123412 0.875481
30.142875 -30.940865 4326.140295 -945.027987 -0.504698 0.841420 -0.193112 0.751614 0.538313 0.381177 -0.424684 -0.047233 0.904109
36.576875 -31.991737 4103.770266 -1260.156673 -0.480230 0.868909 -0.119899 0.783761 0.486450 0.386116 -0.393824 -0.091453 0.914625
36.749563 -11.545490 16567.672073 5554.925453 -0.454881 0.365420 0.812128 0.630788 -0.511529 0.583476 0.628641 0.777693 0.002182
34.951265 -4.171586 -15543.750869 -1491.631283 0.553413 -0.490988 -0.672804 0.538752 -0.405021 0.738718 0.635201 0.771291 -0.040377
16.819776 -3.690136 3819.601920 3485.123883 -0.223699 0.150828 0.962917 0.741760 -0.614538 0.268580 0.632259 0.774334 0.025593
17.299060 -13.035430 10617.461895 2692.544565 -0.274078 0.125163 0.953528 0.743884 -0.600811 0.292683 0.609523 0.789532 0.071562
22.762540 -19.739222 16661.093255 7836.489469 -0.391967 0.219517 0.893406 0.695897 -0.564438 0.444000 0.601738 0.795752 0.068480
62.191297 -33.279770 22530.972570 10561.786325 -0.423578 0.355213 0.833310 0.661169 -0.507598 0.552449 0.619224 0.784964 -0.019848
11.477042 -10.567681 4684.112915 -6223.060414 0.344070 0.934207 -0.094201 0.321186 -0.022828 0.946741 -0.882301 0.356001 0.307908
7.585707 -18.074504 2816.561481 -4361.650183 0.327380 0.937992 -0.113986 0.356118 -0.010747 0.934379 -0.875216 0.346489 0.337554
15.404089 -14.964086 3778.123735 -4176.756561 0.248300 0.934003 -0.256877 0.390383 0.146210 0.908968 -0.886537 0.325977 0.328315
2.812642 -16.160798 3269.607863 -3982.750226 0.388715 0.921123 0.020812 0.311987 -0.152846 0.937711 -0.866929 0.358009 0.346792
19.581217 -5.122118 1598.657646 -7447.530417 0.244444 0.944466 -0.219617 0.354943 0.123616 0.926679 -0.902365 0.304473 0.305014
13.644587 -0.223439 6677.365033 -7736.885818 0.364583 0.928855 -0.065629 0.291550 -0.046931 0.955404 -0.884352 0.367458 0.287918
3.826067 -7.914579 7997.470663 -5165.428393 0.422381 0.905827 0.032739 0.277416 -0.163574 0.946723 -0.862922 0.390795 0.320381
1.584579 -64.037370 -734.563884 1845.029757 0.333235 0.874562 -0.352272 -0.657989 0.483313 0.577459 -0.675282 -0.039361 -0.736509
-0.443870 -60.563374 -38.626633 449.447068 0.362476 0.857010 -0.366258 -0.656295 0.513739 0.552584 -0.661731 -0.040075 -0.748669
2.534345 -68.111622 -411.136591 1900.764695 0.384466 0.843761 -0.374503 -0.735279 0.525188 0.428418 -0.558168 -0.110651 -0.822317
-1.611552 -58.976127 -276.869588 23.147752 0.329565 0.878193 -0.346647 -0.558412 0.477364 0.678454 -0.761290 0.030023 -0.647716
5.467166 -74.665581 -1182.485352 3680.604654 0.361259 0.860992 -0.358030 -0.737735 0.498739 0.454979 -0.570297 -0.099766 -0.815358
0.951772 -59.845958 -1043.540749 1267.143498 0.301338 0.891808 -0.337452 -0.556153 0.451854 0.697512 -0.774525 0.022512 -0.632142
4.638767 -67.615135 -1461.343045 3988.577954 0.310577 0.888882 -0.336794 -0.651875 0.457044 0.605119 -0.691810 -0.031612 -0.721388
2.266742 -131.733849 -56.920675 -1201.620514 0.027599 0.985967 0.164646 -0.548344 -0.122783 0.827190 -0.835797 0.113112 -0.537260
2.688322 -130.967159 -285.665063 1072.876814 0.005634 0.985418 0.170059 -0.392822 -0.154210 0.906593 -0.919597 0.071911 -0.386225
2.097401 -134.720161 100.172636 -6202.159824 0.013605 0.984852 0.172863 -0.594364 -0.131056 0.793446 -0.804081 0.113538 -0.583577
130.931810 -0.511707 -27373.148654 3839.895082 -0.691860 0.677824 -0.248764 0.240378 0.541111 0.805864 -0.680843 -0.497748 0.537308
38.400765 -4.659579 6633.134926 5294.689851 0.758907 -0.557384 0.336725 0.131809 0.637862 0.758788 -0.637720 -0.531465 0.557546
212.983273 -13.396777 65432.191697 6875.775746 0.716243 -0.591078 0.370975 0.099176 0.612417 0.784289 -0.690767 -0.524950 0.497260
404.484473 -29.989407 150559.347735 6694.778420 0.769659 -0.473653 0.428110 -0.045924 0.627732 0.777073 -0.636802 -0.617742 0.461388
1284.496302 -61.344785 -476355.882550 10701.012527 -0.580859 0.690105 -0.431692 0.060107 0.565247 0.822729 -0.811782 -0.451942 0.369809
2.978212 -17.495304 2185.533808 1818.700243 0.609900 0.389786 0.689992 -0.033928 0.882721 -0.468672 -0.791752 0.262433 0.551596
2.104398 -23.360372 -1612.267978 3575.507034 0.589919 0.429414 0.683812 -0.055520 0.866433 -0.496197 -0.805551 0.254751 0.534967
3.297173 -17.110725 1708.180213 1101.021108 0.580788 0.140819 0.801783 0.162949 0.944880 -0.283987 -0.797579 0.295586 0.525829
1.977616 -11.212565 4716.195314 660.111222 0.570361 0.010399 0.821328 0.241365 0.953653 -0.179688 -0.785131 0.300727 0.541417
0.598828 -12.963684 1884.473818 1940.361082 0.608278 0.482835 0.629975 -0.096714 0.832868 -0.544956 -0.787810 0.270558 0.553312
-4.919348 -66.110925 -48.608329 -158.044190 0.612767 0.658011 -0.437651 -0.530029 -0.068570 -0.845203 0.586162 -0.749880 -0.306747
-3.865654 -69.621655 -475.881136 1522.288325 0.599464 0.650030 -0.467016 0.634707 -0.030582 0.772147 0.487637 -0.759293 -0.430911
-4.625926 -64.024984 -141.121082 -1208.882818 0.594009 0.672362 -0.441681 -0.531677 -0.083912 -0.842780 0.603716 -0.735451 -0.307635
61.149983 -37.340150 62705.147856 -9842.946513 0.184980 0.900884 -0.392672 0.982734 -0.171257 0.070042 -0.004148 -0.398848 -0.917007
-9.895642 -107.345581 -770.378480 -35613.459162 0.783893 0.518627 -0.341377 -0.619183 0.612149 -0.491819 0.046097 -0.596908 -0.800984
-13.757968 -95.847652 787.980432 -2602.000213 0.797182 0.512080 -0.319804 -0.599860 0.731757 -0.323573 -0.068324 -0.449784 -0.890520
-5.504547 -143.163306 422.296715 10874.472860 0.468326 -0.117357 0.875727 0.569017 -0.718180 -0.400546 0.675936 0.685890 -0.269564
-7.619922 -131.236236 -367.511137 -205.746525 -0.459993 0.097228 -0.882583 -0.453011 0.829190 0.327451 0.763667 0.550445 -0.337376
-7.033367 -137.500696 118.961088 -9443.943964 -0.492052 0.122496 -0.861905 -0.526265 0.746820 0.406578 0.693492 0.653647 -0.303009
-4.535876 -136.705280 -1454.918364 -292.541838 -0.435256 0.096274 -0.895144 -0.494942 0.804954 0.327235 0.752054 0.585475 -0.302711
-5.143156 -158.127048 -108.050064 19385.778272 0.496107 -0.130250 0.858436 0.640590 -0.612489 -0.463142 0.586107 0.779674 -0.220424
-2.611697 -154.318811 1539.701722 12211.363017 0.442048 -0.112263 0.889939 0.607879 -0.692077 -0.389247 0.659604 0.713040 -0.237689
-3.139947 -163.788364 457.015878 21812.126788 0.472445 -0.124507 0.872522 0.677911 -0.581308 -0.450020 0.563234 0.804102 -0.190231
9.652331 -90.205375 7143.054919 16759.311364 -0.605728 -0.021251 -0.795388 -0.030058 0.999541 -0.003815 0.795104 0.021598 -0.606089
15.605220 -76.799776 9195.856940 4877.551687 -0.617406 0.043571 -0.785437 -0.100118 0.985993 0.133396 0.780248 0.160996 -0.604395
0.942317 -90.784418 3160.796950 13591.726354 -0.587324 -0.005481 -0.809334 -0.055622 0.997886 0.033606 0.807439 0.064754 -0.586387
-2.152162 -106.886589 1467.040059 11142.673367 -0.572423 -0.065753 -0.817318 0.074696 0.988453 -0.131835 0.816549 -0.136516 -0.560902
-5.154366 -105.665854 -258.567432 8642.556529 -0.554521 -0.046400 -0.830875 0.056589 0.994031 -0.093278 0.830244 -0.098743 -0.548585
-5.098448 -94.403491 259.620853 11472.559004 -0.565811 0.004502 -0.824523 -0.083638 0.994514 0.062826 0.820282 0.104509 -0.562330
60.081522 -37.805140 21047.422787 -600.436782 0.510637 -0.539401 -0.669549 0.835918 0.129205 0.533430 -0.201223 -0.832077 0.516872
59.238563 -35.243010 4364.852631 -1419.424166 0.413680 -0.700936 -0.580997 0.869438 0.114837 0.480511 -0.270088 -0.703918 0.656926
46.603834 -38.423156 18375.956867 -157.117561 0.529424 -0.540825 -0.653620 0.838423 0.215994 0.500393 -0.129447 -0.812930 0.567793
26.822074 -28.491023 -8385.416590 -1373.852598 0.224791 -0.459581 -0.859217 0.249933 0.879479 -0.405031 0.941808 -0.123700 0.312564
31.532104 -28.639909 -560.864832 -1916.385357 0.174706 -0.384422 -0.906475 0.236265 0.910104 -0.340425 0.955854 -0.154694 0.249827
35.296240 -26.427115 -7220.570251 -1475.692469 0.206765 -0.424494 -0.881506 0.288249 0.887416 -0.359729 0.934966 -0.179714 0.305847
2.585394 -147.121939 -990.775065 5374.780428 -0.255021 0.063473 -0.964850 0.561656 0.821971 -0.094378 0.787088 -0.565982 -0.245270
1.143695 -147.715640 179.187275 -8602.443035 -0.269595 0.053514 -0.961486 0.715977 0.678834 -0.162973 0.643968 -0.732339 -0.221325
3.183821 -145.066808 -1473.054863 -6506.465582 -0.257871 0.050669 -0.964850 0.692963 0.705587 -0.148151 0.673279 -0.706809 -0.217062
-0.508044 -329.143288 5238.947856 -291790.285775 0.666953 -0.269184 0.694776 0.489293 -0.545003 -0.680855 -0.561931 -0.794047 0.231782
2.293373 -892.775530 -17632.423449 -515602.301300 -0.558210 0.237138 -0.795090 0.712535 -0.353949 -0.605817 -0.425084 -0.904702 0.028609
4.962698 -398.291548 -8403.777815 -274366.970190 0.612329 -0.279601 0.739511 0.564507 -0.500256 -0.656564 -0.553520 -0.819492 0.148484
44.705220 -24.154384 -21711.570445 -92928.231843 0.807883 -0.483894 0.336412 0.099010 -0.451271 -0.886877 -0.580967 -0.749801 0.316664
24.058775 -141.156717 -6847.608267 -179891.603095 0.750864 -0.348541 0.561001 0.336566 -0.528919 -0.779081 -0.568266 -0.773798 0.279839
34.899901 -6.979249 -13055.326035 -98679.710900 0.751897 -0.435304 0.495138 0.243737 -0.514278 -0.822260 -0.612571 -0.738938 0.280584
32.005496 -156.572444 47612.497032 60344.432377 0.566702 0.073980 -0.820594 0.820911 -0.135770 0.554681 -0.070377 -0.987974 -0.137672
73.373028 -129.209911 64161.469269 49156.608520 0.659280 0.054093 -0.749949 0.749286 -0.130312 0.649299 -0.062605 -0.989996 -0.126443
99.907974 -72.449242 69369.674931 -34448.543502 0.748453 0.025384 -0.662702 -0.663154 0.038849 -0.747474 -0.006771 -0.998923 -0.045910
-3.759683 -171.403953 35402.444364 71004.084704 0.508408 0.076524 -0.857709 0.859256 -0.110514 0.499465 -0.056567 -0.990924 -0.121940
-19.987547 -272.785982 25172.946802 95680.026311 0.368982 0.144528 -0.918131 0.890496 -0.337912 0.304683 -0.266212 -0.930015 -0.253385
32.860865 -1685.862453 6504.895138 668711.601163 0.127025 -0.000112 -0.991899 0.990368 0.055559 0.126823 0.055095 -0.998455 0.007168
-31.829062 -1074.524444 -65008.047276 454317.617304 0.279575 -0.215264 -0.935681 0.931356 0.297575 0.209823 0.233268 -0.930113 0.283682
266.614236 -2196.336806 131903.230034 -449721.162176 0.369264 0.086411 -0.925299 0.603485 0.734873 0.309463 0.706718 -0.672677 0.219215
47.398060 -2472.915509 57907.624263 1337134.133464 0.151178 0.022086 -0.988260 0.940959 0.303117 0.150716 0.302887 -0.952697 0.025043
141.567111 -1539.504436 121324.100597 -350359.410086 0.205494 0.146314 -0.967659 0.323797 0.922910 0.208310 0.923541 -0.356132 0.142276
-16.382504 -30.174013 -1469.814224 -5592.319315 -0.242015 0.901992 0.357547 0.319610 -0.273825 0.907121 -0.916121 -0.333813 0.222016
-17.181121 -39.033622 -1453.328813 -3554.725062 -0.243501 0.913611 0.325611 0.403157 -0.209998 0.890711 -0.882141 -0.348161 0.317194
-19.056942 -30.912740 -969.716319 -4662.575637 -0.205414 0.933164 0.294975 0.298674 -0.227250 0.926904 -0.931987 -0.278500 0.232032
-18.030920 -21.008476 -1006.741696 -4748.960465 -0.213031 0.928053 0.305510 0.237869 -0.254016 0.937494 -0.947648 -0.272387 0.166641
-15.571729 -22.884941 1065.515094 -2805.509234 -0.199240 0.972388 0.121515 0.203239 -0.080302 0.975831 -0.958643 -0.219121 0.181628
-15.064059 -29.534661 1667.452365 -4281.563221 -0.166111 0.965190 0.202026 0.282948 -0.149606 0.947396 -0.944642 -0.214535 0.248247
-9.364752 -62.899797 1554.617519 6944.793480 0.199327 -0.432456 0.879347 0.710092 -0.554655 -0.433736 0.675306 0.710872 0.196526
-16.918326 -48.240076 -491.018974 -3501.086484 -0.173160 0.389337 -0.904672 -0.621949 0.669003 0.406959 0.763672 0.633129 0.126303
-16.571449 -47.147303 1219.459223 -5398.629535 -0.291297 0.463363 -0.836924 -0.586722 0.604461 0.538873 0.755581 0.648014 0.095787
-12.863258 -53.302002 -2805.338176 -4001.627268 -0.102719 0.377724 -0.920203 -0.661771 0.664713 0.346722 0.742636 0.644579 0.181688
-11.492180 -53.033771 1668.890723 -6049.485071 -0.344145 0.496665 -0.796799 -0.619451 0.517633 0.590201 0.705581 0.696693 0.129519
-3.215775 -67.030816 1784.668460 6172.817087 0.134219 -0.390515 0.910760 0.764482 -0.543980 -0.345910 0.630518 0.742687 0.225529
7.005854 -83.666552 4760.966301 9596.433723 0.145619 -0.433191 0.889461 0.831761 -0.433198 -0.347151 0.535696 0.790370 0.297230
-1.983915 -70.250807 -150.104160 8268.613232 0.278521 -0.472749 0.836023 0.745298 -0.442641 -0.498598 0.605770 0.761956 0.229054
25.735678 -27.733240 -1471.628710 2287.660555 -0.507350 0.808996 0.296854 -0.298665 0.158054 -0.941179 0.808329 0.566167 -0.161431
19.861916 -36.732400 -2233.154865 2195.848354 -0.491665 0.858317 0.146826 -0.177488 0.066294 -0.981888 0.852504 0.508819 -0.119746
21.489548 -32.238445 -1981.735004 1266.375767 -0.521487 0.826303 0.212779 -0.182816 0.135378 -0.973782 0.833444 0.546714 -0.080464
-16.618920 -38.781683 -1072.888493 -69.205963 -0.616436 0.717055 0.325328 0.134940 0.503255 -0.853537 0.775756 0.482251 0.406984
-16.931220 -38.923235 -1089.449631 -604.980900 -0.618461 0.726190 0.300256 0.237633 0.537039 -0.809395 0.749024 0.429228 0.504704
-14.496723 -38.018168 -380.918184 -298.285053 -0.588517 0.734053 0.338842 0.169094 0.521595 -0.836269 0.790604 0.434862 0.431092
-14.578770 -37.218173 -382.440978 -2597.217467 0.454597 0.735490 -0.502390 0.558075 -0.674798 -0.482908 0.694185 0.060843 0.717220
-14.765221 -43.238587 -636.574916 2420.457418 0.547174 0.677608 -0.491375 -0.488633 0.735229 0.469762 0.679587 -0.016940 0.733399
-15.459953 -43.078027 -873.610889 2347.758317 0.529947 0.646571 -0.548728 -0.414572 0.761997 0.497485 0.739788 -0.036153 0.671868
24.722828 -183.830774 4530.003263 10404.268475 -0.297218 -0.911374 -0.284708 0.902912 -0.171309 -0.394213 0.310503 -0.374233 0.873806
18.143343 -195.764643 3342.161540 3475.477422 -0.263270 -0.906872 -0.329047 0.964719 -0.248322 -0.087481 -0.002375 -0.340469 0.940253
34.672871 -190.806169 6323.279827 12024.265408 -0.308559 -0.912423 -0.268842 0.947604 -0.270288 -0.170265 0.082689 -0.307292 0.948016
-1889.714702 -2233.514688 -1678544.731088 2849112.872038 0.302810 0.556918 0.773400 0.281988 0.722810 -0.630895 -0.910378 0.409131 0.061830
-2895.102279 -4439.690738 2803729.122294 -9046547.597742 0.534408 0.756565 -0.376852 0.013491 0.438167 0.898792 -0.845119 0.485406 -0.223953
-2668.374819 -5110.718529 -1691061.992718 -1154429.395728 -0.129859 -0.317852 0.939205 -0.013343 0.947700 0.318882 -0.991443 0.028878 -0.127309
-1700.393135 -4539.294964 -1754283.766378 -1553880.081353 -0.419747 -0.529799 0.736970 0.636758 0.406731 0.655064 -0.646801 0.744233 0.166629
-2970.791909 -9213.909846 -2450877.886079 -14222138.687646 0.123238 0.708465 0.694902 0.281495 -0.696435 0.660106 -0.951616 -0.114262 0.285257
-5717.459800 -11544.895775 -3277449.411188 -17322628.606250 0.505114 0.698167 0.507368 0.200895 -0.666842 0.717610 -0.839346 0.260547 0.477089
-4003.231720 -10187.670648 -4840892.551070 -12075055.072674 -0.331458 -0.745527 0.578208 0.719051 0.197156 0.666405 -0.610820 0.636646 0.470723
27.058942 -131.300051 -4495.724737 25241.858088 -0.049246 -0.423984 0.904330 0.808761 -0.548218 -0.212984 0.586072 0.720899 0.369899
32.279666 -86.957519 3587.901371 -8356.484781 -0.048498 0.482964 -0.874296 -0.716035 0.593465 0.367550 0.696377 0.643852 0.317037
52.951080 -163.021264 -10207.381471 30573.970375 -0.055008 -0.456211 0.888170 0.803372 -0.548444 -0.231954 0.592931 0.700772 0.396676
48.823363 -243.685058 -9525.162435 54404.504235 -0.124196 -0.415309 0.901163 0.911868 -0.405870 -0.061378 0.391246 0.814118 0.429114
78.442029 -271.471056 -15089.361695 59598.606317 -0.141968 -0.500288 0.854141 0.920673 -0.383690 -0.071709 0.363601 0.776204 0.515074
80.159288 -184.839426 -14547.660754 34495.015537 -0.077604 -0.548545 0.832512 0.803666 -0.528576 -0.273366 0.589999 0.647847 0.481866
-126.806787 -246.085731 9456.582450 -93976.435541 0.920558 -0.012901 -0.390392 -0.370658 0.286458 -0.883490 -0.123229 -0.958006 -0.258920
-161.336827 -287.615055 -3531.115347 -81778.403785 0.907585 0.075141 -0.413089 -0.402987 0.432067 -0.806796 -0.117859 -0.898706 -0.422418
-122.352678 -206.218172 -25743.629200 -68031.940971 0.988763 -0.067844 -0.133212 -0.116789 0.205687 -0.971624 -0.093319 -0.976263 -0.195452
-145.631546 -317.658533 6443.449696 -78168.717149 0.829365 0.055831 -0.555910 -0.500351 0.516952 -0.694557 -0.248601 -0.854192 -0.456678
-88.311829 -185.264399 -7919.736122 -93919.540210 0.956741 -0.111795 -0.268607 -0.258793 0.094855 -0.961264 -0.132943 -0.989194 -0.061820
-122.122873 -282.321948 7393.394873 -118815.629952 0.828039 -0.005067 -0.560647 -0.531574 0.310851 -0.787909 -0.178270 -0.950445 -0.254704
28.495837 -48.334321 9511.934591 269.984736 -0.299158 0.185753 -0.935949 0.249132 0.962052 0.111303 0.921107 -0.199877 -0.334082
26.992441 -47.914487 24.557119 -226.656338 -0.079254 0.065045 -0.994730 0.228606 0.972461 0.045375 0.970288 -0.223805 -0.091941
22.622830 -45.529923 7717.031768 641.239176 -0.275138 0.155279 -0.948782 0.131365 0.983687 0.122896 0.952388 -0.090823 -0.291048
31.756202 -50.230888 451.193522 -1114.375889 -0.082312 0.070688 -0.994097 0.347375 0.936962 0.037862 0.934107 -0.342208 -0.101679
36.818569 -49.434075 11772.410526 63.223866 -0.321107 0.226564 -0.919543 0.364229 0.925825 0.100922 0.874201 -0.302518 -0.379810
65.068856 -169.091777 63035.430162 -88530.347391 0.424585 0.820660 0.382418 0.409856 -0.550841 0.727043 -0.807308 0.151955 0.570231
38.440375 -51.083546 52166.239896 56613.323407 0.528876 0.661236 0.532032 -0.192870 0.704118 -0.683387 -0.826493 0.258814 0.499924
-2.040264 -123.362538 9444.855627 -62698.121930 0.315408 0.864410 0.391552 0.429800 -0.497993 0.753177 -0.846043 0.069269 0.528595
11.901586 -181.214121 14735.737825 -39371.086324 0.281712 0.874973 0.393776 0.640508 -0.477059 0.601801 -0.714414 -0.082683 0.694821
-17.010693 -132.557824 -7433.125318 -50237.774019 0.280437 0.901933 0.328439 0.414064 -0.422368 0.806323 -0.865971 0.090128 0.491905
-18.283881 -164.957166 1152.469119 -40339.620525 0.320566 0.887044 0.332251 0.602906 -0.461611 0.650707 -0.730576 0.008278 0.682781
57.462862 -69.593573 3532.978117 11410.944420 0.148356 0.952210 0.266993 0.950445 -0.062701 -0.304503 -0.273211 0.298938 -0.914326
66.937974 -49.226727 4304.550434 -8439.423340 0.276698 0.960185 0.038502 -0.920534 0.253347 0.297376 -0.275782 0.117726 -0.953984
77.276339 -54.969434 4200.847887 71.255615 0.268702 0.953939 0.133417 -0.932961 0.223304 0.282347 -0.239549 0.200340 -0.949990
36.726424 -89.407291 1872.470343 -15504.269763 0.045889 0.932148 0.359158 -0.918587 -0.101907 0.381854 -0.392545 0.347441 -0.851583
36.114872 -90.211888 344.164108 -12280.930822 0.081064 0.967276 0.240430 -0.871216 -0.048412 0.488508 -0.484161 0.249066 -0.838781
43.638403 -87.564140 -4138.288866 11937.073980 -0.034212 0.916130 0.399419 0.935084 0.170411 -0.310771 -0.352772 0.362858 -0.862488
64.215792 -60.542955 46101.176199 1814.525823 -0.726581 -0.265385 0.633760 -0.083657 0.949702 0.301775 -0.681969 0.166245 -0.712236
35.203986 -56.138862 61519.269735 2126.293296 -0.708517 -0.357997 0.608146 -0.140364 0.916043 0.375716 -0.691593 0.180840 -0.699283
10.593710 -50.566550 44759.609603 3422.646071 -0.754011 -0.178421 0.632166 -0.051940 0.975584 0.213395 -0.654805 0.128067 -0.744869
45.230209 -67.748605 56754.404368 -6076.468542 -0.637979 -0.593254 0.490951 -0.284028 0.773888 0.566061 -0.715759 0.221692 -0.662225
24.837972 -49.123019 43170.786228 1952.736258 -0.749618 -0.155520 0.643340 -0.075896 0.985789 0.149868 -0.657505 0.063516 -0.750768
-31.021404 -101.582181 -32675.427073 -38055.146452 -0.739098 -0.637551 0.217400 -0.551424 0.758027 0.348319 -0.386866 0.137563 -0.911817
-26.439152 -139.347992 -57322.162443 -49196.770368 -0.756342 -0.643794 0.116090 -0.531894 0.708512 0.463788 -0.380835 0.289035 -0.878307
54.233718 -51.865954 31195.822921 -1608.106432 -0.752380 -0.098135 0.651378 -0.017273 0.991440 0.129416 -0.658502 0.086119 -0.747635
28.625452 -100.110499 5474.248283 -22390.897556 -0.703372 -0.635695 0.318057 -0.413309 0.729788 0.544596 -0.578311 0.251597 -0.776051
13.926675 -47.765729 -119.629693 5348.044465 0.268124 0.955976 -0.119241 0.085425 0.099694 0.991344 -0.959590 0.275990 0.054934
13.045117 -48.364622 1712.372127 4946.882525 0.321711 0.944779 -0.062402 0.036333 0.053539 0.997905 -0.946141 0.323304 0.017102
12.179089 -40.431560 963.155349 2108.528218 0.289002 0.948217 -0.131769 0.131413 0.097045 0.986566 -0.948266 0.302436 0.096561
-25.558799 -33.399030 198.082427 2623.015862 0.018066 -0.262310 -0.964815 -0.526260 0.817993 -0.232246 0.850132 0.511939 -0.123266
-24.979609 -32.622075 2903.994603 -423.468768 0.169196 -0.575232 -0.800300 -0.435838 0.684628 -0.584234 0.883978 0.447652 -0.134872
-28.603575 -31.644829 17.346133 6400.058991 -0.256749 0.637050 0.726807 -0.516902 0.544911 -0.660216 0.816635 0.545197 -0.189387
-27.401728 -33.583980 1598.032893 5205.452795 -0.132283 -0.100773 -0.986076 -0.593115 0.805113 -0.002712 0.794176 0.584498 -0.166272
-8.731742 -49.864929 -598.289191 1495.395660 -0.346840 0.924828 -0.156190 -0.922697 -0.366330 -0.120139 0.168325 -0.102447 -0.980393
-6.495508 -52.558233 -955.838035 2234.056838 -0.338500 0.918753 -0.203251 -0.924582 -0.364887 -0.109568 0.174829 -0.150833 -0.972977
-8.200634 -47.765723 -776.456940 -1972.413550 -0.364284 0.912155 -0.187805 0.931288 0.356948 -0.072742 0.000684 -0.201399 -0.979509
-8.577772 -54.707442 -428.789898 1322.288206 -0.319654 0.938073 -0.133565 -0.883349 -0.346023 -0.316167 0.342805 -0.016921 -0.939254
-10.807795 -47.593056 -439.093621 1186.837633 -0.357501 0.927201 -0.111767 -0.928831 -0.365468 -0.060880 0.097295 -0.082048 -0.991868
-11.648101 -51.663524 -272.398560 757.670871 -0.327992 0.941282 -0.080064 -0.898653 -0.337021 -0.280783 0.291279 0.020145 -0.956426
-8.896165 -122.436208 22.308375 -4179.525267 -0.704475 0.709415 0.021111 -0.099315 -0.127990 0.986790 -0.702746 -0.693072 -0.160621
-4.332722 -115.371345 910.070993 12586.720177 0.713685 -0.700411 0.008859 0.328959 0.323974 -0.887033 -0.618417 -0.635976 -0.461621
-9.772304 -128.866221 2057.073849 6215.442723 0.752986 -0.657505 -0.026451 0.104390 0.159044 -0.981737 -0.649704 -0.736473 -0.188394
-6.854682 -114.199332 1355.823065 -5830.596543 -0.658640 0.752439 0.005315 -0.170519 -0.156135 0.972906 -0.732882 -0.639889 -0.231142
-11.391244 -120.312134 102.604762 -7047.861147 0.731128 -0.679935 -0.056037 -0.146627 -0.076385 -0.986238 -0.666297 -0.729283 0.155544
-11.942158 -119.416207 1342.256798 6402.389774 -0.681221 0.731835 0.018854 0.107536 0.074558 0.991402 -0.724137 -0.677391 0.129489
610.840007 -27.449673 192040.682274 6197.488336 -0.220546 0.975085 -0.023849 0.864534 0.184104 -0.467641 0.451599 0.123754 0.883597
546.826977 -35.132435 206331.372756 -2531.013827 -0.134431 0.990310 0.034836 0.935244 0.138417 -0.325821 0.327486 0.011220 0.944790
349.673460 -47.803016 105176.811880 -257.729579 -0.186388 0.982455 0.006444 0.927737 0.178158 -0.327969 0.323362 0.055151 0.944667
2283.409316 -17.332518 -1483717.068538 -102206.180312 -0.102076 -0.932982 -0.345144 0.991394 -0.066821 -0.112577 0.081969 -0.353665 0.931774
1374.405571 -8.504787 -1047679.075783 8470.517510 0.059040 -0.881069 -0.469289 0.991423 0.106662 -0.075524 0.116597 -0.460805 0.879809
674.372050 -12.192499 -347757.916120 -7157.992226 0.018337 -0.945430 -0.325308 0.999033 0.030333 -0.031840 0.039970 -0.324409 0.945072
0.962281 -84.473076 509.894162 4631.855825 -0.476372 0.878561 -0.034630 -0.588986 -0.348107 -0.729326 0.652813 0.327034 -0.683289
0.991481 -82.991870 -29.737379 4383.541316 -0.485175 0.872936 -0.050878 -0.579658 -0.364645 -0.728719 0.654677 0.324064 -0.682921
-0.074385 -82.935425 300.545696 -1314.621838 -0.468701 0.882906 -0.028225 -0.664585 -0.373492 -0.647171 0.581933 0.284571 -0.761822
0.622132 -83.846075 214.495087 -1510.853885 -0.452550 0.891510 -0.020198 -0.663191 -0.351619 -0.660713 0.596134 0.285611 -0.750367
-12.850370 -78.729950 -29.758177 408.509072 -0.428585 0.903467 0.007914 0.225129 0.115271 -0.967486 0.875004 0.412869 0.252800
-12.706042 -82.429427 -112.179610 -1658.650687 -0.428930 0.903336 0.001609 0.078504 0.039050 -0.996149 0.899920 0.427152 0.087665
-13.821255 -78.831367 -29.874315 -434.282241 -0.471379 0.881911 -0.005929 0.236606 0.119983 -0.964169 0.849599 0.455892 0.265223
-2.489679 -114.597322 -476.284565 -5690.442995 -0.147332 0.946070 -0.288521 0.980661 0.177719 0.081978 0.128832 -0.270863 -0.953958
-5.287464 -111.219730 -232.821909 -4809.682865 -0.167012 0.944043 -0.284412 0.972137 0.205797 0.112238 0.164489 -0.257742 -0.952109
-1.377998 -107.064908 -2445.507210 -13174.711806 -0.154381 0.938176 -0.309825 -0.915330 -0.253859 -0.312613 0.371938 -0.235331 -0.897932
6.030230 -111.351780 -3989.267833 -16864.159191 -0.151049 0.937825 -0.312520 -0.923986 -0.246307 -0.292546 0.351333 -0.244575 -0.903741
5.300945 -119.680307 -2724.750060 -6647.568795 -0.144818 0.946152 -0.289523 0.984796 0.166200 0.050547 0.095944 -0.277801 -0.955835
-18.089404 -100.435361 -9047.811066 1519.790226 0.694716 -0.494069 0.522748 0.719281 0.479079 -0.503108 -0.001867 0.725520 0.688199
-8.369962 -101.184711 -16272.752968 355.644368 0.605518 -0.536428 0.587872 0.795763 0.417806 -0.438405 -0.010444 0.733269 0.679859
-35.575784 -91.558454 -14095.693963 -4492.866116 0.632741 -0.524961 0.569258 0.749936 0.598608 -0.281540 -0.192965 0.605049 0.772451
4.717642 -102.216865 -17297.591436 2222.006192 0.657439 -0.518777 0.546484 0.733434 0.274287 -0.621966 0.172768 0.809714 0.560815
-33.842967 -91.949315 -3185.964697 4628.442373 0.718726 -0.481690 0.501406 -0.674369 -0.658522 0.334029 -0.169288 0.578208 0.798134
-0.101151 -103.819668 -12061.626431 -2498.466111 0.730124 -0.477912 0.488385 -0.664721 -0.331153 0.669690 0.158322 0.813596 0.559461
-7.464158 -101.347577 14475.041766 -1282.898751 0.728714 -0.496991 0.471143 -0.684606 -0.511566 0.519245 0.017039 0.700928 0.713028
-44.675858 -808.246026 15327.536881 -342275.502116 -0.226812 0.969715 0.090608 0.388716 0.004831 0.921345 -0.893004 -0.244192 0.378039
-57.920598 -911.090394 16691.953953 -221265.619694 -0.331890 0.940283 0.075609 0.711515 0.196903 0.674519 -0.619351 -0.277663 0.734375
-15.290017 -2632.055705 -3558.333923 -1725981.381228 -0.203490 0.965294 0.163703 0.239052 -0.113156 0.964391 -0.949445 -0.235377 0.207729
122.085852 -209.817151 33734.276694 89633.009095 -0.088900 0.884627 0.457747 -0.063229 -0.463651 0.883759 -0.994032 -0.049623 -0.097152
163.022726 -446.161772 38038.131442 157974.833659 -0.064724 0.963365 0.260265 -0.294247 -0.267640 0.917490 -0.953535 0.017199 -0.300790
492.477401 -1014.197275 -224909.516151 -515313.681589 -0.174932 0.512245 0.840835 0.394985 0.818781 -0.416634 -0.901879 0.259234 -0.345561
0.850318 -184.532381 46112.535777 -84434.860260 -0.067963 0.702214 0.708715 0.015600 0.711019 -0.703000 -0.997566 -0.036722 -0.059277
53.740011 -313.259654 16841.459672 229714.779043 -0.006343 0.854725 0.519042 0.153898 -0.512034 0.845066 -0.988066 -0.085239 0.128293
-2.114246 -755.141317 -25663.557071 15105.664647 -0.337358 0.924342 -0.178271 0.389513 -0.035339 -0.920343 0.857012 0.379924 0.348122
2.065375 -861.548330 -16959.354595 -181408.582117 -0.374714 0.912545 -0.163866 0.082640 -0.143166 -0.986242 0.923450 0.383100 0.021766
-16.302998 -715.576697 -6452.427941 -75160.663761 -0.398470 0.899277 -0.180342 0.302265 -0.056886 -0.951525 0.865943 0.433665 0.249152
8.799500 -810.743682 -14195.266345 -97517.282091 -0.362544 0.911350 -0.194944 0.367482 -0.052435 -0.928551 0.856457 0.408279 0.315895
22.590290 -787.084919 -23630.046191 34218.203937 -0.328978 0.919636 -0.214577 0.688019 0.077773 -0.721513 0.646841 0.384995 0.658313
-30.780437 -7151.575869 -20718.547122 -4673275.845534 -0.481288 0.819102 -0.312145 0.853875 0.357603 -0.378178 -0.198142 -0.448545 -0.871520
-8.682443 -5362.548952 -9131.523665 1373556.658371 -0.485007 0.781257 -0.392944 -0.590487 -0.623999 -0.511811 0.645053 0.016204 -0.763966
1584.583100 -89450.132634 891086.150563 62036811.245625 -0.206442 0.903090 -0.376576 0.928444 0.059327 -0.366705 -0.308827 -0.425333 -0.850716
-0.107173 -73.990417 2651.765894 959.615097 -0.572226 0.816122 -0.080640 -0.696399 -0.535491 -0.477784 0.433112 0.217242 -0.874768
-2.460036 -70.977558 2483.404947 -261.613261 -0.560424 0.824205 -0.081316 -0.721033 -0.533851 -0.441717 0.407475 0.188917 -0.893462
-2.234975 -78.747478 3549.374612 -3218.415166 -0.536803 0.842382 -0.047270 -0.781451 -0.517534 -0.348559 0.318084 0.150168 -0.936094
-1.817704 -70.089789 2678.333936 1833.962959 -0.599552 0.791544 -0.118301 -0.607304 -0.546223 -0.576907 0.521266 0.274041 -0.808197
2.940693 -75.672450 1126.479973 1045.368002 -0.586631 0.800633 -0.121863 -0.586051 -0.523536 -0.618429 0.558934 0.291372 -0.776334
-54.459281 -69.920283 -704.346372 -1604.143700 -0.360828 -0.623146 0.693896 -0.265798 0.781873 0.563937 -0.893954 0.019048 -0.447753
-56.491660 -73.220447 -487.020794 -795.667439 -0.302050 -0.533370 0.790115 -0.218863 0.845489 0.487081 -0.927828 -0.025804 -0.372115
-52.950041 -69.675106 1957.486965 509.480448 0.293042 0.722466 -0.626234 -0.173571 0.684304 0.708238 -0.940213 0.098847 -0.325929
-49.628914 -68.104168 3813.850418 536.705887 0.331663 0.795662 -0.506875 -0.205937 0.585391 0.784160 -0.920646 0.155693 -0.358009
-12.191144 -34.851549 576.038941 1081.223673 -0.403329 0.763561 0.504283 -0.546253 -0.643037 0.536760 -0.734121 0.058975 -0.676453
-12.420771 -35.450086 -1648.014732 867.366099 -0.417573 0.784810 0.457936 -0.550751 -0.619457 0.559416 -0.722707 0.018612 -0.690904
-10.883286 -31.440639 752.492939 1161.809161 -0.428654 0.723808 0.540702 -0.446688 -0.689997 0.569539 -0.785319 -0.002610 -0.619086
-259.814654 -2524.272208 84939.146227 -789059.244232 0.930573 0.172830 0.322743 0.301404 0.138747 -0.943348 0.207818 -0.975130 -0.077023
-457.296948 -1143.622926 -188287.838148 498245.486433 -0.687048 -0.144817 -0.712034 0.712550 0.057568 -0.699255 0.142255 -0.987782 0.063638
-430.286784 -1794.809508 175482.568941 -1375123.449973 0.963347 0.185904 0.193397 0.170481 0.132358 -0.976431 0.207120 -0.973612 -0.095814
-4.325721 -108.137910 3532.969969 -48282.985368 0.758822 0.099279 0.643687 0.625968 0.161771 -0.762885 0.179868 -0.981822 -0.060610
-2.098866 -32.164852 3190.246999 -15950.758814 0.774516 0.096941 0.625082 0.611473 0.138252 -0.779094 0.161945 -0.985641 -0.047802
-12.287458 -94.456790 3263.386291 -41443.629195 0.814363 0.099451 0.571771 0.556667 0.144750 -0.818028 0.164118 -0.984458 -0.062518
-16.781321 -69.002583 6748.888125 4924.425204 0.314804 -0.911775 -0.263751 0.924177 0.231116 0.304108 -0.216321 -0.339487 0.915398
-6.268024 -57.329197 10330.525161 3379.524057 0.572024 -0.801979 -0.172099 0.810865 0.521276 0.266024 -0.123634 -0.291722 0.948479
-18.739854 -80.351488 3049.703811 13414.981768 0.302726 -0.934515 -0.187188 0.936794 0.255608 0.238919 -0.175426 -0.247684 0.952827
-19.002258 -86.847980 3555.714101 23507.995086 -0.251316 0.963847 0.088543 0.957957 0.234608 0.165159 -0.138415 -0.126328 0.982284
-20.400873 -107.268712 3308.413239 9056.845501 -0.163885 0.979767 0.114884 0.920244 0.109888 0.375600 -0.355376 -0.167276 0.919634
-42.293257 -75.550437 -2967.892892 3550.397878 0.453091 0.885766 -0.100635 0.848484 -0.463118 -0.256117 0.273465 -0.030657 0.961393
-40.758871 -70.393436 -1615.006185 7149.785803 0.537999 0.809751 -0.234224 0.748984 -0.586693 -0.307920 0.386756 0.009769 0.922130
9.824440 -35.862188 -37429.432422 4455.792651 0.542684 0.421582 -0.726473 0.321257 0.694968 0.643283 0.776072 -0.582484 0.241712
69.831150 -40.481404 -70803.915432 -222.516752 0.587437 0.416396 -0.693925 0.279431 0.700368 0.656813 0.759497 -0.579740 0.295068
31.581089 -39.818795 -51026.278591 2031.231657 0.640167 0.631294 -0.437783 -0.039739 -0.541880 -0.839516 0.767207 -0.554827 0.321807
66.778500 -42.480400 -65323.608231 -787.278832 0.627638 0.522973 -0.576689 0.166365 0.633552 0.755602 0.760522 -0.570186 0.310637
-15.663459 -22.498285 -6864.321884 -7991.935513 0.796054 0.153012 -0.585564 0.179597 0.864212 0.469981 0.577964 -0.479296 0.660479
0.555842 -25.429047 -878.872127 -1040.035754 0.444294 0.876936 0.183263 0.401425 -0.377746 0.834366 -0.800913 0.297137 0.519854
-1.202688 -22.488014 472.190275 -18.599947 0.430101 0.894011 0.125530 0.397155 -0.312244 0.863001 -0.810729 0.321322 0.489358
0.432979 -18.358084 1328.673974 -1229.716800 0.435245 0.891912 0.122697 0.391993 -0.310424 0.866013 -0.810496 0.328831 0.484734
-8.497832 -37.526345 -1133.641280 -539.290579 0.144340 -0.107857 -0.983632 -0.245937 0.958940 -0.141239 0.958478 0.262298 0.111887
-5.231016 -36.084207 7.113713 -833.641752 0.156765 -0.233856 -0.959550 -0.164051 0.951900 -0.258794 0.973916 0.197985 0.110860
-11.251868 -37.286966 -854.936245 -1002.789487 0.177751 -0.289145 -0.940638 -0.224220 0.918818 -0.324807 0.958191 0.268644 0.098489
-2.225582 -36.892064 -643.291448 -417.881092 0.135166 -0.073487 -0.988094 -0.190218 0.976771 -0.098666 0.972393 0.201289 0.118047
-14.709752 -38.570183 -1755.089196 -1044.836013 0.152511 -0.144524 -0.977677 -0.308047 0.933017 -0.185975 0.939067 0.329533 0.097775
-11.655504 -39.766670 -2292.465644 -1205.244495 0.118539 0.011318 -0.992885 -0.326356 0.944826 -0.028193 0.937785 0.327376 0.115692
-5.456745 -38.995565 -1850.435657 -432.117517 0.118037 0.036752 -0.992329 -0.268877 0.963167 0.003689 0.955914 0.266379 0.123571
9.421836 0.203953 -9921.916357 -5423.064354 0.108719 -0.048446 0.992891 0.767765 -0.630359 -0.114825 0.631441 0.774791 -0.031337
32.836266 -9.059778 -16236.730775 -8376.040685 0.690022 -0.586598 -0.423995 0.338148 -0.256670 0.905415 0.639942 0.768129 -0.021249
1.488211 -21.536109 -322.607111 -2428.280759 0.363984 0.931192 0.019924 0.353661 -0.157965 0.921939 -0.861649 0.328525 0.386823
1.091616 -62.629146 -45.292209 1129.469455 0.407068 0.823788 -0.394550 -0.722308 0.554720 0.412986 -0.559077 -0.116873 -0.820837
-2.486243 -57.657694 294.087498 -849.258368 0.361894 0.861932 -0.355114 -0.553422 0.505187 0.662201 -0.750171 0.043118 -0.659837
4.095870 -126.333363 -602.041705 4899.704814 0.028296 0.988613 0.147794 -0.349627 -0.128726 0.928003 -0.936462 0.077931 -0.342004
3.970612 -122.484610 -743.907347 10455.934224 0.000514 0.986583 0.163262 -0.162596 -0.161007 0.973468 -0.986693 0.027047 -0.160332
3.798465 -123.316218 -547.317407 1792.031297 0.058603 0.989687 0.130709 -0.499580 -0.084284 0.862158 -0.864283 0.115825 -0.489489
7.156341 -116.751536 -1213.049899 10624.397186 0.030211 0.991571 0.125990 -0.136548 -0.120772 0.983244 -0.990173 0.046908 -0.131749
7.781915 -117.931727 -1337.776687 5741.435705 0.069539 0.992919 0.096316 -0.310168 -0.070245 0.948083 -0.948135 0.095803 -0.303086
38.536281 -0.416795 3077.312809 -524.184852 0.720893 -0.692715 -0.021418 -0.394858 -0.385130 -0.834124 -0.569561 -0.609771 0.551162
17.720684 -10.745700 -8477.838180 -5422.516315 0.594584 -0.780869 -0.191608 -0.560177 -0.231364 -0.795407 -0.576777 -0.580271 0.574990
0.795790 -16.812114 2385.913783 9684.551214 0.787733 -0.479727 0.386443 0.078739 0.700592 0.709204 -0.610963 -0.528235 0.589653
-1.095745 -30.652436 -3060.860344 5901.779995 0.571389 0.530652 0.626037 -0.134045 0.812930 -0.566725 -0.809658 0.239904 0.535630
2.775713 -31.824717 -2786.390696 6420.226883 0.566766 0.571081 0.593838 -0.198976 0.794326 -0.573981 -0.799491 0.207153 0.563828
-0.328094 -39.648799 -2967.275641 7748.734311 0.543823 0.632533 0.551506 -0.262496 0.752417 -0.604122 -0.797090 0.183768 0.575220
4.073562 -41.946599 -2649.672291 7946.858034 0.541923 0.647980 0.535202 -0.312385 0.746501 -0.587496 -0.780215 0.151189 0.606965
6.859904 -32.335303 -1518.579250 6449.056074 0.569048 0.597527 0.564930 -0.247587 0.779628 -0.575222 -0.784146 0.187459 0.591586
-1.267647 -86.463814 -383.736873 9880.496793 -0.000950 0.975620 0.219463 0.269220 -0.211111 0.939656 -0.963078 -0.059977 0.262456
-2.148678 -85.217441 -321.260476 9574.838487 0.013478 0.967734 0.251614 0.267278 -0.245968 0.931699 -0.963525 -0.054693 0.261970
-2.663109 -103.182558 -566.173579 10345.781788 -0.001485 0.979219 0.202798 0.058143 -0.202371 0.977581 -0.998307 -0.013243 0.056634
-2.234578 -50.963469 577.546552 -1100.108836 0.607425 0.724292 -0.326245 -0.229643 -0.233052 -0.944961 0.760459 -0.648913 -0.024767
-1.329649 -49.855369 313.270381 -231.592598 0.625559 0.730885 -0.272915 -0.080390 -0.287564 -0.954382 0.776024 -0.618962 0.121132
-3.513604 -54.518848 278.723441 -1433.145527 0.612513 0.708696 -0.350112 -0.230586 -0.263462 -0.936706 0.756080 -0.654476 -0.002042
-0.265317 -47.011471 518.292478 374.497717 0.621717 0.740997 -0.253755 -0.092849 -0.251970 -0.963271 0.777719 -0.622443 0.087853
-1.063061 -47.975813 588.256713 -887.104548 0.607873 0.733166 -0.304888 -0.229955 -0.204972 -0.951371 0.760007 -0.648424 -0.043999
318.468410 -57.029956 134819.033602 -66665.026974 0.036747 0.866090 -0.498536 0.997616 -0.060954 -0.032361 -0.058415 -0.496158 -0.866265
224.266935 -32.411458 144843.064778 -19368.277460 -0.028777 0.932583 -0.359807 0.999376 0.019459 -0.029494 -0.020504 -0.360431 -0.932560
