19855
39688
-41.988592 -64.834902 -119.225748 4209.725542 -0.067134 0.958794 -0.276055 0.461748 -0.215411 -0.860458 0.884467 0.185234 0.428260
-39.835107 -66.141941 -1279.981933 10885.543303 -0.127976 0.989757 0.063266 0.342482 0.103970 -0.933754 0.930767 0.097831 0.352280
-35.816201 -55.399536 393.945906 4304.844878 0.015757 0.891238 -0.453262 0.349221 -0.429676 -0.832720 0.936908 0.145168 0.318010
-31.344556 -50.085537 -1621.645863 7112.060826 0.031260 0.933162 -0.358095 0.269992 -0.352835 -0.895886 0.962355 0.068678 0.262976
-35.713096 -55.563297 -573.654646 3191.447746 0.028983 0.785236 -0.618517 0.391436 -0.578275 -0.715805 0.919749 0.221364 0.324130
-27.579265 -47.096487 -455.583909 -3314.526331 0.085310 0.694066 -0.714839 -0.242990 0.710284 0.660645 0.966270 0.117340 0.229245
-29.116210 -48.543599 -14590.388258 110.670138 0.078984 0.982279 0.169967 -0.219179 0.183439 -0.958285 0.972482 -0.038436 -0.229784
-29.657337 -45.191064 -10348.903172 -3522.199161 0.101233 0.864028 0.493161 -0.096782 0.501910 -0.859488 0.990144 -0.039279 -0.134432
-9.945744 -44.903532 -19769.259508 -4053.633635 0.153096 0.952291 0.264012 -0.112559 0.282227 -0.952721 0.981780 -0.116141 -0.150397
-7.015448 -53.747119 -17523.468366 388.357270 0.111609 0.993563 0.019412 -0.247667 0.046728 -0.967718 0.962395 -0.103198 -0.251288
-30.375676 -48.626351 -10391.055343 2097.799043 0.019151 0.999612 -0.020231 -0.322021 -0.012990 -0.946643 0.946539 -0.024644 -0.321647
-35.748867 -81.797219 -7190.613978 -2894.423036 0.620462 -0.005630 -0.784216 0.201848 0.967432 0.152754 0.757815 -0.253070 0.601391
-49.848411 -86.374578 -5346.963457 -3928.059059 0.528182 0.013590 -0.849023 0.260139 0.949204 0.177028 0.808302 -0.314367 0.497817
-46.552762 -88.896761 -6372.121365 1137.569378 0.547518 -0.100123 -0.830782 0.155001 0.987770 -0.016891 0.822313 -0.119524 0.556341
-29.514776 -82.238389 -7002.039842 2437.095282 0.628268 -0.126963 -0.767568 0.120888 0.990543 -0.064896 0.768548 -0.052017 0.637674
-21.126758 -75.095406 -8412.294918 -3433.664514 0.678556 -0.010341 -0.734476 0.179442 0.971940 0.152096 0.712294 -0.235001 0.661371
-19.355984 -66.453652 -9252.868992 -6667.488509 0.713755 0.151485 -0.683817 0.167182 0.911260 0.376371 0.680150 -0.382958 0.625091
30.306823 -46.813613 449.995294 350.829374 0.131001 0.957051 0.258634 0.990949 -0.118694 -0.062709 -0.029317 0.264508 -0.963938
28.785727 -46.061158 -466.503496 -184.459697 0.149297 0.957941 0.245069 0.981229 -0.112935 -0.156318 -0.122066 0.263807 -0.956821
27.630889 -48.245523 -5292.549553 -60.846012 0.125670 0.977633 0.168641 0.991145 -0.116380 -0.063929 -0.042873 0.175182 -0.983602
29.932210 -47.433055 -676.566936 -1129.082367 0.116223 0.965059 0.234848 0.992944 -0.118505 -0.004423 0.023562 0.233705 -0.972022
26.987537 -48.313409 -4277.550147 -524.412657 0.126801 0.976613 0.173633 0.989589 -0.136564 0.045436 0.068086 0.166064 -0.983762
119.427589 -48.585048 -9586.214251 -9648.343179 -0.443069 0.888519 -0.119265 0.090240 0.176563 0.980144 -0.891934 -0.423509 0.158410
129.205624 -45.067310 14202.948659 -17611.331297 -0.254654 0.949505 -0.183282 -0.023815 0.183315 0.982766 -0.966739 -0.254630 0.024070
127.099348 -49.187275 18674.668795 -3550.940834 -0.162678 0.965642 -0.202660 0.134909 0.225236 0.964919 -0.977413 -0.129630 0.166915
155.352126 -39.098487 -1007.247129 6888.993818 -0.346076 0.936175 -0.061713 0.360974 0.193578 0.912264 -0.865984 -0.293436 0.404928
57.923353 -32.716346 -21980.632494 -2987.694821 0.651670 0.710144 -0.266497 0.231758 -0.520966 -0.821512 0.722228 -0.473592 0.504080
84.309055 -27.597799 -15613.317302 -2765.576610 0.503293 0.831841 -0.233961 0.293410 -0.419175 -0.859187 0.812778 -0.363776 0.455038
93.320588 -36.928391 -25391.947779 -2099.482270 0.583493 0.785067 -0.207862 0.230792 -0.405693 -0.884391 0.778634 -0.468063 0.417906
60.919104 -21.332348 -16711.494335 -4084.237955 0.588154 0.756517 -0.285933 0.294118 -0.529421 -0.795744 0.753372 -0.383922 0.533886
39.987671 -43.996440 -23883.796210 -955.630298 0.717818 0.649255 -0.251405 0.150320 -0.497103 -0.854572 0.679810 -0.575636 0.454426
34.075907 -32.615365 -14364.542287 1056.241495 0.705565 0.580515 -0.406424 -0.147615 0.681341 0.716927 0.693100 -0.445845 0.566423
3.634150 -61.052556 1651.712815 -1348.618212 0.328893 0.890769 -0.313624 -0.884411 0.406977 0.228445 -0.331130 -0.202239 -0.921657
4.998367 -63.205828 932.251987 770.413111 0.316945 0.892440 -0.321087 -0.914054 0.377753 0.147677 -0.253085 -0.246685 -0.935465
3.000352 -63.812891 789.160758 -1059.351080 0.305874 0.898820 -0.313950 -0.907487 0.374971 0.189376 -0.287937 -0.226980 -0.930361
1.655864 -61.369496 681.823176 1380.878908 0.290227 0.903855 -0.314346 -0.858346 0.391106 0.332082 -0.423097 -0.173439 -0.889330
2.353344 -77.468284 314.853533 -2737.468095 0.170954 0.944137 -0.281743 0.032824 0.280337 0.959340 -0.984732 0.173251 -0.016934
3.844697 -76.611873 954.298523 -1475.957353 0.163029 0.949917 -0.266608 0.101378 0.252665 0.962228 -0.981399 0.183900 0.055109
3.430629 -70.242518 1003.552505 -4065.331182 0.163465 0.940411 -0.298172 -0.088805 0.315036 0.944916 -0.982544 0.127982 -0.135011
1.689711 -75.406241 -744.296685 -5949.257458 0.160429 0.941422 -0.296626 -0.073318 0.311054 0.947560 -0.984321 0.130268 -0.118925
1.536972 -83.132560 -531.289585 -1245.059396 0.168056 0.947845 -0.270826 0.122329 0.252558 0.959818 -0.978158 0.194433 0.073505
2.477018 -70.496289 305.965825 -6258.916714 0.171529 0.936014 -0.307335 -0.116486 0.329039 0.937104 -0.978268 0.124940 -0.165472
12.349293 -94.688722 341.800550 4002.096460 -0.316463 -0.943428 0.098966 0.948536 -0.315969 0.021037 0.011423 0.100530 0.994868
14.151603 -100.781384 -1062.383123 1101.351005 -0.334094 -0.936386 0.107530 0.927566 -0.306386 0.213889 -0.167337 0.171200 0.970922
11.673420 -97.131367 -894.310477 3154.979276 -0.337841 -0.933209 0.122412 0.934441 -0.317003 0.162263 -0.112620 0.169206 0.979125
7.436779 -93.351412 -3016.835986 3748.517853 -0.349215 -0.918371 0.186128 0.931720 -0.319171 0.173282 -0.099731 0.233932 0.967124
9.429373 -89.223221 -1184.422740 3293.357182 -0.333163 -0.929501 0.158213 0.941155 -0.337956 -0.003621 0.056834 0.147697 0.987398
10.714674 -89.396835 -192.323258 3752.281108 -0.319072 -0.939923 0.121396 0.943140 -0.327503 -0.056818 0.093162 0.096365 0.990977
-0.572447 -113.516964 1733.511684 -4229.376482 0.083079 0.907976 -0.410703 0.988949 -0.024339 0.146241 0.122788 -0.418314 -0.899965
-0.669952 -122.063124 187.404183 -8051.558122 0.120024 0.907759 -0.401954 0.942527 0.022982 0.333340 0.311830 -0.418861 -0.852829
-1.284422 -119.479244 53.079155 -7586.886426 0.088363 0.903041 -0.420368 0.993781 -0.051213 0.098879 0.067763 -0.426490 -0.901950
-0.983573 -123.731426 -925.263949 -9501.526312 0.086494 0.898807 -0.429727 0.994023 -0.049019 0.097546 0.066610 -0.435595 -0.897675
-0.630392 -119.797836 -819.864363 -84.350367 0.055484 0.898062 -0.436355 0.993128 -0.094741 -0.068706 -0.103043 -0.429545 -0.897147
0.308575 -67.719852 265.045856 -3764.843401 0.231426 0.966257 -0.113093 0.584365 -0.231008 -0.777915 0.777791 -0.113942 0.618108
2.336587 -67.787615 197.352939 -349.605225 0.242191 0.964078 -0.109077 0.637578 -0.242886 -0.731095 0.731326 -0.107519 0.673500
1.556940 -66.544614 -282.396778 1517.200637 0.263096 0.955733 -0.131741 0.664897 -0.278566 -0.693046 0.699065 -0.094743 0.708753
1.717326 -63.706906 676.694748 420.988377 0.248936 0.957688 -0.144445 0.659712 -0.276858 -0.698663 0.709092 -0.078630 0.700718
-11.069574 -52.148879 -1262.362474 -3487.381208 -0.862324 -0.019806 0.505970 0.149687 0.944605 0.292088 -0.483727 0.327611 -0.811590
-11.258664 -50.047986 -751.752215 -2629.701820 -0.854670 -0.059471 0.515755 0.107805 0.951435 0.288355 -0.507856 0.302050 -0.806752
-12.677691 -56.415964 -324.354053 -4248.739034 -0.849206 -0.036385 0.526807 0.184128 0.914609 0.359982 -0.494920 0.402699 -0.769992
-11.801608 -58.331352 -1040.875370 -5567.663606 -0.856897 0.004561 0.515468 0.222138 0.905618 0.361262 -0.465169 0.424069 -0.777035
-12.468825 -63.422544 -187.733873 -4882.946590 0.825522 -0.016750 -0.564121 0.306179 0.852969 0.422728 -0.474097 0.521693 -0.709273
59.719805 -94.196014 5313.185331 -10507.487304 0.083602 0.688210 0.720679 -0.680192 0.567939 -0.463447 0.728251 0.451455 -0.515596
66.714720 -113.629572 6951.847247 -12151.356413 0.120467 0.673290 0.729498 -0.811811 0.489758 -0.317962 0.571359 0.553911 -0.605584
66.658907 -105.645760 2945.917562 -8776.346164 0.142915 0.741473 0.655587 -0.728472 0.527207 -0.437471 0.670003 0.415055 -0.615488
58.276412 -88.568101 2367.273225 -4165.107470 0.117307 0.753650 0.646723 -0.596310 0.574207 -0.560982 0.794137 0.319841 -0.516767
14.728372 -77.669479 2649.149336 -1207.135536 0.342257 0.931465 -0.123423 0.806557 -0.358631 -0.469947 0.482002 -0.061295 0.874023
14.964515 -72.534830 2104.340428 757.948825 0.368181 0.924826 -0.095603 0.835034 -0.374136 -0.403412 0.408854 -0.068697 0.910010
10.259597 -82.822534 -111.757575 4250.319101 0.299368 0.950589 -0.082214 0.885140 -0.308858 -0.348042 0.356238 -0.031422 0.933867
10.141943 -83.660410 -1.674363 1706.353197 0.299171 0.948848 -0.100922 0.866453 -0.314439 -0.387797 0.399694 -0.028573 0.916203
10.102732 -79.478119 92.610452 -1112.947378 0.296041 0.950089 -0.098440 0.822987 -0.306023 -0.478583 0.484822 -0.060665 0.872507
15.083621 -75.141805 3282.134495 1806.272402 0.319971 0.938811 -0.127485 0.732627 -0.330496 -0.595004 0.600730 -0.096985 0.793547
1.543269 -31.718052 1744.065001 1094.061330 -0.004720 0.995311 -0.096613 -0.970819 -0.027726 -0.238207 0.239768 -0.092670 -0.966397
2.998089 -29.920664 2729.342365 1092.967581 0.000772 0.996281 -0.086165 -0.982449 -0.015317 -0.185900 0.186528 -0.084796 -0.978783
4.606166 -32.542687 2498.566735 636.178914 0.007012 0.996518 -0.083077 -0.969566 -0.013557 -0.244456 0.244731 -0.082263 -0.966095
4.205437 -29.651933 1378.017323 949.122589 0.047671 0.994975 -0.088045 -0.986644 0.033160 -0.159480 0.155759 -0.094471 -0.983267
3.962412 -96.112145 -539.345011 -4529.356143 0.205286 0.963550 -0.171547 0.627096 -0.264071 -0.732814 0.751404 -0.042860 0.658449
5.240638 -111.605608 -1423.705997 -9647.493847 0.249325 0.943380 -0.218796 0.445476 -0.312332 -0.839047 0.859877 -0.111727 0.498126
2.327074 -88.920018 -1304.081404 -6367.023179 0.234560 0.956484 -0.173553 0.609588 -0.283795 -0.740178 0.757222 -0.067820 0.649627
2.179567 -88.269448 -964.956106 880.252454 0.184427 0.974263 -0.129606 0.719404 -0.223662 -0.657597 0.669660 -0.028040 0.742138
1.064047 -85.753818 -819.060003 2452.656264 0.191780 0.972162 -0.134614 0.727686 -0.232886 -0.645164 0.658554 -0.025773 0.752092
23.762758 -41.737855 5899.035805 -5597.713695 0.518481 0.806784 -0.283334 0.842507 -0.538627 0.008005 -0.146153 -0.242861 -0.958988
27.872637 -43.087631 -1886.557886 -5331.597470 0.509586 0.770335 -0.383283 0.835160 -0.549984 0.004993 -0.206953 -0.322648 -0.923617
27.475881 -51.138472 2237.609185 -8476.917346 0.490252 0.803143 -0.338546 0.862569 -0.502797 0.056295 -0.125007 -0.319618 -0.939264
24.758460 -35.452044 2894.866065 -2180.038693 0.542518 0.775502 -0.322909 0.813360 -0.581042 -0.028915 -0.210047 -0.246955 -0.945988
18.782553 -48.842661 6507.463066 -6060.226884 0.470221 0.842005 -0.264424 0.880754 -0.466808 0.079774 -0.056265 -0.270404 -0.961101
17.316768 -33.977148 9390.863351 -2076.073118 0.537718 0.808875 -0.237869 0.828984 -0.558676 -0.025811 -0.153770 -0.183310 -0.970954
11.228043 -40.481925 9166.662922 -4762.821614 0.498638 0.837421 -0.223798 0.860694 -0.508949 0.013271 -0.102788 -0.199239 -0.974545
11.296402 -149.075924 -939.188859 14641.736477 0.947532 -0.079827 -0.309532 0.042122 0.991053 -0.126648 0.316873 0.106965 0.942417
3.780968 -182.985750 -269.309020 16272.719107 0.944154 -0.108885 -0.310993 0.155155 0.979552 0.128079 0.290688 -0.169178 0.941743
7.306506 -166.264123 -409.391614 18446.747471 0.949414 -0.053763 -0.309390 0.071807 0.996300 0.047222 0.305707 -0.067049 0.949762
11.514200 -149.793988 -1681.853079 17559.625229 0.956780 -0.007642 -0.290711 -0.024165 0.994108 -0.105663 0.289806 0.108122 0.950959
18.194601 -117.915127 -1996.008647 -15824.972183 0.953619 -0.011326 -0.300804 0.101635 -0.928495 0.357167 0.283340 0.371173 0.884279
15.725006 -137.998801 119.625281 19216.548109 0.933627 -0.129403 -0.334059 0.020553 0.950295 -0.310671 0.357657 0.283185 0.889881
-5.778383 -114.863958 -115.157962 -5743.967404 0.887185 -0.351886 -0.298462 0.193240 0.870738 -0.452188 0.419001 0.343499 0.840504
-5.976002 -117.122562 164.271032 -6016.132513 0.891691 -0.345336 -0.292626 0.158975 0.844227 -0.511867 0.423808 0.409907 0.807690
-5.152936 -108.262458 -384.625201 -5949.930323 0.895588 -0.345544 -0.280217 0.247690 0.910496 -0.331129 0.369556 0.227149 0.901017
-4.954823 -110.808906 151.946142 -3749.158093 0.887458 -0.350261 -0.299558 0.274704 0.923880 -0.266428 0.370075 0.154153 0.916123
-4.642780 -102.397675 19.860264 -2511.808509 0.896688 -0.335275 -0.289036 0.295577 0.939547 -0.172874 0.329523 0.069582 0.941580
-0.390481 -76.374526 902.727764 4704.533923 0.896381 -0.346881 -0.275998 -0.405761 -0.892767 -0.195769 0.178493 -0.287473 0.941010
-1.898329 -74.458968 1789.318427 2306.486433 0.920324 -0.283464 -0.269539 -0.363584 -0.874061 -0.322218 0.144256 -0.394545 0.907483
-0.140797 -81.519042 1254.651725 3176.158354 0.912349 -0.299794 -0.278826 -0.362274 -0.908413 -0.208673 0.190730 -0.291393 0.937396
1.956710 -88.691361 467.081368 -4424.283386 0.896340 -0.342025 -0.282124 0.367762 0.928961 0.042223 0.247641 -0.141600 0.958448
11.149468 -335.247023 2266.251821 26421.869191 0.992169 0.079736 -0.096136 -0.114067 0.892009 -0.437388 -0.050879 -0.444929 -0.894119
6.154362 -276.005493 349.897833 10530.383357 0.995643 0.032914 -0.087246 -0.044274 0.990306 -0.131655 -0.082067 -0.134944 -0.987449
8.729988 -382.460006 1133.842984 48545.051573 0.995276 0.038954 -0.088925 -0.066042 0.943041 -0.326054 -0.071159 -0.330387 -0.941159
-41.653538 -202.295570 15085.037083 -45738.265361 0.818703 -0.185958 -0.543272 0.520377 -0.159709 0.838869 0.242759 0.969491 0.033986
-37.393326 -123.993245 7318.687192 3278.964179 0.956141 -0.182239 -0.229309 0.237208 0.022496 0.971198 0.171832 0.982997 -0.064738
-78.932558 -173.608888 17457.119628 -54631.438373 0.718150 -0.070569 -0.692301 0.673725 -0.178570 0.717082 0.174228 0.981393 0.080696
-88.329750 -115.108338 -6042.218435 -28022.313616 0.796322 -0.425117 0.430287 -0.478782 -0.008275 0.877895 0.369647 0.905101 0.210128
-6.219953 -83.847013 -1563.528261 -5961.590699 -0.883237 0.428239 0.191060 0.434446 0.900639 -0.010308 -0.176490 0.073901 -0.981524
-3.652018 -77.570969 -1232.444052 -5413.065993 -0.885801 0.424222 0.188129 0.408091 0.905092 -0.119453 -0.220949 -0.029038 -0.974853
-5.142035 -71.700350 -411.031630 -5273.434433 -0.888328 0.413174 0.200401 0.376083 0.905007 -0.198804 -0.263505 -0.101236 -0.959331
-8.559343 -75.424714 -1706.718270 -7706.730098 -0.895886 0.397561 0.198325 0.377926 0.916625 -0.130267 -0.233579 -0.041752 -0.971441
21.345418 -37.465602 -4117.759891 296.091711 0.571007 -0.140754 -0.808789 -0.192892 0.934608 -0.298833 0.797962 0.326644 0.506517
12.600156 -33.752214 -4280.818019 -2930.058082 0.598799 -0.180077 -0.780392 -0.187461 0.915814 -0.355166 0.778651 0.358966 0.514631
19.070534 -34.213097 -1428.647130 -2098.166109 0.523829 -0.101944 -0.845701 -0.263620 0.924671 -0.274750 0.810004 0.366866 0.457496
25.648713 -39.458893 1136.786178 230.480275 0.487264 -0.102889 -0.867172 -0.224419 0.944928 -0.238216 0.843925 0.310684 0.437339
27.483404 -40.802054 -3268.365138 4600.141352 0.555029 -0.136985 -0.820475 -0.155457 0.951888 -0.264088 0.817176 0.274124 0.507030
-26.418297 -39.104100 816.936125 373.601467 0.247171 0.953435 -0.172826 -0.673483 0.297275 0.676793 -0.696655 0.050888 -0.715600
-24.844443 -37.067669 818.586946 -1616.146944 0.213828 0.964373 -0.155767 -0.748917 0.264214 0.607712 -0.627217 0.013289 -0.778732
-25.880969 -37.317238 -127.424262 -454.293887 0.032345 0.997532 -0.062326 -0.744215 0.065662 0.664705 -0.667157 -0.024884 -0.744502
-22.683109 -36.341690 -584.430666 -2167.032074 0.027151 0.996874 -0.074200 -0.809354 0.065487 0.583659 -0.586693 -0.044207 -0.808602
-21.663665 -37.524320 -1970.377627 -2131.214756 -0.151901 0.988396 -0.000576 -0.774262 -0.118630 0.621648 -0.614366 -0.094875 -0.783297
-5.002885 -118.287291 252.400065 -2243.422473 0.056394 0.920701 -0.386172 -0.892513 0.219845 0.393814 -0.447483 -0.322455 -0.834135
-4.535888 -122.484717 346.140340 3740.320258 0.044956 0.925737 -0.375487 -0.772500 0.270538 0.574502 -0.633421 -0.264237 -0.727294
-4.088431 -117.751801 108.929024 2793.469292 0.034020 0.928961 -0.368612 -0.764762 0.261641 0.588798 -0.643414 -0.261870 -0.719335
-3.942710 -115.264371 416.897524 1399.367338 0.055560 0.930065 -0.363168 -0.845469 0.237310 0.478399 -0.531126 -0.280468 -0.799527
-4.088193 -9.627635 -714.006995 283.919622 -0.194915 0.675750 0.710894 -0.619577 -0.646704 0.444857 -0.760350 0.353744 -0.544732
-1.668224 -10.885994 -1523.769993 328.409130 -0.241256 0.645720 0.724460 0.614854 0.679269 -0.400685 -0.750833 0.348769 -0.560901
-2.900755 -10.972071 -900.520521 483.867055 -0.327649 0.519492 0.789161 0.545768 0.785881 -0.290737 -0.771222 0.335438 -0.541015
-2.820004 -10.006138 -1034.805176 -284.361539 -0.138683 0.738229 0.660140 -0.659850 -0.565946 0.494270 -0.738488 0.367047 -0.565608
-5.030341 -8.942627 -121.224926 255.354520 -0.350347 0.451463 0.820633 0.522196 0.821504 -0.229004 -0.777540 0.348300 -0.523564
-5.327727 -9.437799 -200.944988 767.235288 -0.116623 0.735544 0.667364 -0.638030 -0.570439 0.517220 -0.761129 0.365478 -0.535826
-7114.216221 -442276.101484 123599.391533 -174570633.099794 0.189317 -0.297347 0.935812 0.769518 -0.547058 -0.329499 0.609919 0.782504 0.125246
-1032.227068 -2364.778359 373072.497892 1190495.448833 -0.645224 0.753353 -0.127065 0.305326 0.101811 -0.946790 0.700330 0.649688 0.295709
-125.197286 -850.973837 -210662.767392 -42728.599869 0.827335 -0.165495 0.536776 -0.272233 0.717745 0.640883 0.491331 0.676353 -0.548763
-319.371315 -1905.647022 -106804.278610 298009.405482 0.815499 -0.563947 -0.130099 0.428260 0.739200 -0.519786 0.389301 0.368169 0.844332
-218.565024 -1573.072007 87459.434000 801536.942632 -0.720758 0.689343 -0.072897 -0.271319 -0.377318 -0.885447 0.637882 0.618415 -0.458987
-20.661823 -1082.466083 8263.178268 481926.784684 0.884863 -0.464632 0.033693 -0.302535 -0.628143 -0.716874 -0.354246 -0.624142 0.696388
-65.999446 -2264.696504 19017.201935 995693.764962 0.850852 -0.518345 -0.085846 -0.257563 -0.269086 -0.928038 -0.457944 -0.811733 0.362459
-41.058769 -410.473352 5521.147481 148317.456666 0.893230 -0.449523 -0.008358 -0.147559 -0.275547 -0.949895 -0.424696 -0.849708 0.312458
-37.127912 -717.076905 7799.976808 269815.082814 0.855728 -0.502002 -0.125394 -0.390512 -0.467596 -0.793004 -0.339455 -0.727563 0.596173
-19.152857 -958.116551 5859.432805 367607.841413 0.842235 -0.532752 -0.082552 -0.526641 -0.780310 -0.337290 -0.115276 -0.327553 0.937774
0.614121 -42.134453 6646.493935 1542.524638 -0.090475 0.989927 -0.108899 0.033720 -0.106240 -0.993769 0.995328 0.093583 0.023768
3.274548 -42.577373 8033.651244 -4177.874371 -0.109808 0.993643 -0.024813 0.174979 -0.005249 -0.984558 0.978430 0.112454 0.173290
-8.909118 -47.130993 4593.819184 -1292.714442 -0.058883 0.986508 -0.152757 0.095697 -0.146740 -0.984535 0.993667 0.072591 0.085765
-9.363517 -53.466301 5430.787399 2994.472719 -0.071859 0.975988 -0.205628 -0.043302 -0.209019 -0.976952 0.996474 0.061299 -0.057282
-1.198397 -47.999300 6181.628175 1544.027457 -0.081455 0.978159 -0.191235 -0.050317 -0.195664 -0.979379 0.995406 0.070153 -0.065156
-43.766957 -144.591080 -16316.836019 -35379.416124 0.043613 -0.985380 -0.164697 0.986265 0.016179 0.164374 -0.159306 -0.169604 0.972551
-5.589771 -143.059875 -6520.539553 -39332.486822 -0.048551 -0.980966 -0.188012 0.990222 -0.071918 0.119532 -0.130779 -0.180370 0.974866
-23.041881 -103.015823 4690.277785 -24938.736046 -0.077102 0.986566 0.144021 0.951421 0.029617 0.306466 -0.298083 -0.160654 0.940923
-32.696501 -86.971122 7068.844894 11801.993055 -0.570316 0.819770 -0.052127 0.742725 0.541740 0.393545 -0.350855 -0.185729 0.917826
-52.099895 -113.802119 19341.005698 -14311.855044 -0.258383 0.963686 0.067439 0.914963 0.221725 0.337166 -0.309969 -0.148822 0.939027
-40.263448 -61.308319 2451.583974 923.670187 -0.227388 0.973225 0.033589 -0.635722 -0.174485 0.751939 -0.737667 -0.149629 -0.658376
-42.802300 -64.487438 711.997515 -910.341527 -0.224901 0.967618 -0.114608 -0.674832 -0.069833 0.734660 -0.702867 -0.242567 -0.668685
-42.433614 -61.471534 2918.900788 -1383.963013 -0.277122 0.957985 0.073945 -0.555175 -0.222459 0.801432 -0.784210 -0.181042 -0.593497
-40.683986 -59.622423 2849.114312 -1416.736882 -0.187053 0.982118 -0.021352 -0.723601 -0.123051 0.679161 -0.664389 -0.142489 -0.733678
-37.590352 -60.757136 2037.452149 2004.273862 -0.190705 0.976121 0.104013 -0.548138 -0.193788 0.813628 -0.814356 -0.098150 -0.572006
-35.188382 -58.064399 767.490262 -942.077083 -0.134204 0.990568 0.027657 -0.689114 -0.113346 0.715733 -0.712117 -0.076995 -0.697826
19.257574 -58.694204 1094.917723 3787.215472 -0.541582 0.835395 -0.093827 0.662544 0.355475 -0.659297 0.517421 0.419228 0.746005
19.657841 -58.472070 843.942249 4961.516635 -0.573167 0.819439 -0.000241 0.580362 0.405734 -0.706088 0.578498 0.404846 0.708124
30.752576 -65.393527 2462.719292 3195.328530 -0.574359 0.818545 -0.009822 0.668383 0.461998 -0.582943 0.472627 0.341383 0.812454
24.844598 -64.639553 1422.864890 1515.697050 -0.523074 0.846280 -0.101012 0.745545 0.396908 -0.535376 0.412985 0.355350 0.838552
16.497936 -61.586947 -3050.633824 2087.449539 0.512560 -0.840003 0.177983 0.756983 0.344217 -0.555420 0.405290 0.419416 0.812300
10.985156 -55.533039 3150.196781 3889.124757 -0.527830 0.829324 -0.183348 0.685215 0.288234 -0.668880 0.501871 0.478688 0.720404
-7.888836 -53.646091 1754.307136 -5922.097660 0.733935 -0.522639 0.433806 0.288313 0.818008 0.497734 -0.614992 -0.240232 0.751048
-3.115646 -55.659291 -91.445014 -5786.300791 0.734208 -0.511303 0.446664 0.287896 0.830290 0.477214 -0.614862 -0.221782 0.756808
-6.851083 -54.207084 2745.852667 2926.493864 0.749196 -0.506711 0.426555 0.389760 0.857970 0.334625 -0.535530 -0.084446 0.840284
2.313055 -41.831860 -2352.807815 -4898.010439 0.740157 -0.465984 0.484796 0.443740 0.880165 0.168537 -0.505236 0.090380 0.858236
2.690183 -43.786777 -2437.432697 2610.666770 0.740610 -0.465616 0.484457 0.520488 0.853514 0.024629 -0.424958 0.233913 0.874468
3.898462 -42.108834 -829.748388 -3462.818559 0.756229 -0.451136 0.473913 0.452006 0.883888 0.120134 -0.473083 0.123363 0.872338
3.610168 -43.602282 -530.612037 3621.867793 0.749386 -0.468867 0.467529 0.535377 0.844539 -0.011181 -0.389604 0.258683 0.883907
-6.105721 -41.068802 298.785211 5521.532534 0.702263 -0.523210 0.482782 0.707927 0.584920 -0.395863 -0.075270 0.619774 0.781162
-7.741383 -45.657664 262.620718 7060.210051 0.672333 -0.559144 0.485104 0.736233 0.573259 -0.359633 -0.077003 0.598942 0.797081
-8.428428 -46.386859 176.432167 -420.599232 0.620364 -0.595607 0.510294 0.783066 0.507045 -0.360157 -0.044230 0.623023 0.780952
-8.099791 -47.153075 -326.964574 -3584.615168 0.597507 -0.594816 0.537754 0.800006 0.487826 -0.349308 -0.054556 0.638920 0.767336
-7.088432 -44.610289 -730.772678 -1567.691094 0.652971 -0.542681 0.528324 0.754103 0.530693 -0.386903 -0.070413 0.651046 0.755765
-5.611960 -40.528564 -599.812141 -5559.739067 0.729767 -0.477474 0.489345 -0.675539 -0.613797 0.408534 -0.105294 0.628707 0.770481
-51.918918 -132.733751 745.610092 25261.119887 -0.532879 0.842907 -0.074486 0.806255 0.532481 0.257713 -0.256890 -0.077275 0.963346
-45.945611 -130.934311 3057.479300 161.104401 -0.498804 0.866099 -0.032686 0.682794 0.415904 0.600680 -0.533842 -0.277304 0.798821
-50.975222 -121.549071 -538.895310 16723.756411 -0.521596 0.851011 0.060973 0.788601 0.453599 0.415159 -0.325648 -0.264629 0.907703
-54.535820 -106.188022 4308.352238 5181.266919 0.558383 -0.808348 -0.186500 0.783578 0.440092 0.438548 -0.272422 -0.391015 0.879143
-53.949475 -107.281384 -3464.238574 12567.472425 -0.629335 0.776632 0.027927 0.752608 0.600123 0.270986 -0.193697 -0.191559 0.962178
2.751307 -88.688852 708.755776 10555.847800 -0.263687 -0.438515 -0.859170 0.829279 0.351903 -0.434122 0.492713 -0.826964 0.270859
1.563496 -102.180673 1070.083248 13439.878583 -0.240486 -0.429340 -0.870536 0.897069 0.244228 -0.368266 0.370721 -0.869494 0.326414
2.822735 -111.269252 331.463539 12914.401726 -0.235145 -0.433087 -0.870139 0.916737 0.198641 -0.346605 0.322956 -0.879191 0.350317
0.782773 -77.506448 1331.258130 10810.329453 -0.270646 -0.437501 -0.857522 0.805393 0.385049 -0.450643 0.527345 -0.812607 0.248149
4.036858 -102.360374 -283.012833 10983.229777 -0.241523 -0.454962 -0.857132 0.858178 0.312180 -0.407522 0.452987 -0.833998 0.315040
1.981116 -71.509902 856.897933 5448.968209 -0.302625 -0.454812 -0.837594 0.746200 0.433672 -0.505088 0.592962 -0.777865 0.208141
2.938323 -79.419188 258.169846 5284.049059 -0.302574 -0.474149 -0.826820 0.733447 0.438169 -0.519677 0.608691 -0.763669 0.215185
-0.711932 -119.781108 -2483.810910 -11471.308484 0.028559 0.612184 0.790199 -0.055237 0.790280 -0.610251 -0.998065 -0.026220 0.056385
0.172818 -119.050110 -781.600525 -12838.708757 0.034108 0.610880 0.790989 -0.085287 0.790341 -0.606702 -0.995772 -0.046767 0.079057
0.054848 -110.306878 -1384.872453 932.716817 0.039115 0.576529 0.816140 -0.221036 0.801524 -0.555610 -0.974481 -0.158664 0.158786
-1.438705 -89.888160 208.645790 1601.198841 0.354981 0.462059 0.812705 -0.572040 0.794938 -0.202097 -0.739431 -0.393159 0.546505
-3.034677 -91.407893 654.125372 -6191.318452 0.381125 0.419919 0.823657 -0.454297 0.860984 -0.228735 -0.805206 -0.287008 0.518911
-2.147082 -82.476288 585.594497 323.615974 0.352294 0.467166 0.810953 -0.564939 0.796980 -0.213696 -0.746145 -0.382855 0.544692
-9.611026 -44.458467 -2097.761241 66.681427 -0.163973 0.986432 0.008098 -0.012472 -0.010282 0.999869 -0.986386 -0.163851 -0.013989
-10.216747 -43.417594 -1419.739312 -53.466405 -0.140352 0.989951 -0.017281 -0.077045 0.006481 0.997007 -0.987099 -0.141264 -0.075361
-7.099077 -41.957530 -2567.777219 -771.858257 -0.181046 0.982791 0.036660 -0.080626 -0.051983 0.995388 -0.980164 -0.177255 -0.088650
-12.538216 -44.585456 -1365.172436 -314.961213 -0.139745 0.989352 -0.040676 0.008061 0.042215 0.999076 -0.990155 -0.139288 0.013875
-4.644449 -44.057576 -2348.703248 -491.507560 -0.177850 0.983164 0.041938 -0.003920 -0.043324 0.999053 -0.984050 -0.177517 -0.011559
-10.392231 -44.620058 -1964.891571 -309.934107 -0.163984 0.986360 0.014220 0.083991 -0.000402 0.996466 -0.982881 -0.164599 0.082779
-5.792112 -116.298628 -888.073346 5723.674394 0.371271 -0.232817 0.898863 -0.429211 0.815390 0.388480 -0.823368 -0.530033 0.202803
-3.703744 -109.256910 -267.999889 2550.953340 0.384466 -0.249063 0.888906 -0.243953 0.901273 0.358041 -0.890322 -0.354506 0.285749
-3.734473 -105.872747 -350.848181 2639.192146 0.383444 -0.262547 0.885460 -0.253084 0.892173 0.374134 -0.888211 -0.367556 0.275652
-3.042789 -102.781068 -625.386095 1414.349069 0.381604 -0.280598 0.880706 -0.083675 0.938410 0.335239 -0.920531 -0.201622 0.334622
-4.091735 -111.611134 -329.976817 6735.861563 0.370987 -0.247133 0.895150 -0.411405 0.820444 0.397011 -0.832535 -0.515555 0.202702
-2.425423 -100.074966 -401.270253 1022.774750 0.379671 -0.291261 0.878076 -0.111166 0.927905 0.355856 -0.918418 -0.232721 0.319921
-2.759288 -103.956985 -896.173493 2748.836432 0.368762 -0.278222 0.886909 -0.273029 0.879644 0.389464 -0.888521 -0.385771 0.248417
0.653779 -44.975612 -338.415500 579.185813 0.668538 -0.505679 0.545294 0.473713 -0.275670 -0.836422 -0.573283 -0.817493 -0.055251
2.067691 -41.763011 757.692529 3521.636988 0.714815 -0.523625 0.463526 0.388615 -0.253628 -0.885805 -0.581393 -0.813320 -0.022191
0.569419 -41.068280 460.035691 -577.121223 0.674804 -0.502255 0.540721 0.482974 -0.253446 -0.838153 -0.558011 -0.826743 -0.071550
1.014866 -36.915149 361.199797 2605.507061 0.723488 -0.523639 0.449852 0.393770 -0.222207 -0.891947 -0.567018 -0.822452 -0.045430
-0.043993 -39.404387 -165.338512 -2476.540231 0.672000 -0.502470 0.544003 0.495475 -0.240889 -0.834552 -0.550382 -0.830359 -0.087084
6.767143 -36.325473 -1142.985547 -589.586389 0.777426 -0.438671 0.450751 -0.628523 -0.568940 0.530344 -0.023804 0.695611 0.718024
15.535321 -39.310470 -5408.129624 -1922.009617 0.726238 -0.477798 0.494255 -0.687193 -0.523994 0.503187 -0.018565 0.705081 0.708883
10.627868 -35.291293 -4312.117010 147.140950 0.723352 -0.478383 0.497907 -0.685762 -0.581881 0.437201 -0.080573 0.657696 0.748962
3.467031 -33.870274 -1323.468194 -2224.396171 0.759266 -0.450584 0.469563 -0.647462 -0.595791 0.475213 -0.065638 0.664837 0.744099
-7.174382 -115.401501 -2264.847634 8071.693979 -0.285572 -0.182381 -0.940843 -0.463988 0.885306 -0.030782 0.838548 0.427750 -0.337442
-1.945266 -125.241828 -2349.882342 -3706.125991 -0.263649 -0.212783 -0.940857 -0.264653 0.953895 -0.141570 0.927603 0.211676 -0.307807
-5.268308 -116.217833 -1117.364578 -1587.800461 -0.265174 -0.252988 -0.930419 -0.308487 0.936504 -0.166722 0.913520 0.242812 -0.326380
-22.326550 -136.249441 3756.995923 -28863.428198 0.589869 -0.159036 0.791683 0.268242 0.963331 -0.006346 -0.761643 0.216106 0.610899
-21.788963 -121.454921 614.456903 -23484.518103 0.543127 -0.145640 0.826923 0.251631 0.967809 0.005182 -0.801059 0.205265 0.562291
-22.029487 -95.599576 4044.842311 -6833.984029 0.562073 -0.201185 0.802246 0.181576 0.976317 0.117621 -0.806910 0.079556 0.585292
-19.557806 -92.198514 1599.926771 -5166.193463 0.580512 -0.197536 0.789928 0.219318 0.972206 0.081943 -0.784159 0.125676 0.607700
-21.746807 -137.861213 2943.625629 -30490.034999 0.626065 -0.157775 0.763642 0.290466 0.956023 -0.040614 -0.723652 0.247239 0.644361
-5.792079 -175.250221 2747.400127 2989.060175 0.764897 -0.294604 0.572836 -0.497256 -0.835351 0.234364 -0.409475 0.464110 0.785450
-6.344472 -163.517165 2747.200519 1931.307808 0.756424 -0.297061 0.582733 -0.526501 -0.805157 0.272983 -0.388099 0.513300 0.765442
-8.329249 -154.039042 2865.242873 -8067.800440 0.777874 -0.278223 0.563475 0.365952 0.929484 -0.046251 -0.510872 0.242182 0.824838
27.018572 -586.375885 -19114.199123 -88940.126915 0.437372 -0.409111 0.800834 -0.057700 0.875925 0.478984 -0.897428 -0.255702 0.359500
42.192896 -652.376287 -17563.231638 241909.643851 0.557309 -0.423078 0.714431 0.456657 -0.562438 -0.689295 -0.693449 -0.710400 0.120250
4.166507 -464.276470 18126.428863 160561.172225 -0.449565 0.416180 -0.790371 0.559715 -0.558329 -0.612363 -0.696140 -0.717679 0.018063
-11.788659 -588.427562 -9144.315713 -146274.990446 0.442644 -0.389507 0.807682 -0.293779 0.788023 0.541030 -0.847207 -0.476763 0.234385
-9.814668 -1347.940214 6760.112600 559329.949755 -0.536128 0.354545 -0.766071 0.655294 -0.397277 -0.642465 -0.532125 -0.846445 -0.019340
4.405252 -37.336091 -6662.840148 1787.038286 -0.292764 -0.927524 0.232352 0.950054 -0.309642 -0.038987 0.108107 0.209333 0.971850
-0.394585 -42.103704 -4300.698082 830.963111 -0.282279 -0.933986 0.219062 0.959002 -0.280721 0.038878 0.025184 0.221055 0.974936
-0.129061 -38.401043 -1858.590362 2679.248088 -0.307518 -0.928840 0.206611 0.943963 -0.325141 -0.056717 0.119859 0.177592 0.976778
3.203668 -33.428630 3075.072512 2783.714876 0.321187 0.921556 -0.218116 0.931567 -0.348884 -0.102283 0.170356 0.170338 0.970548
95.882499 -36.691441 42340.265299 1019.628265 -0.153065 0.984995 -0.079721 0.832115 0.084951 -0.548059 0.533063 0.150225 0.832632
115.227264 -37.187889 42189.121547 1243.246026 -0.132283 0.990748 -0.030323 0.792076 0.087266 -0.604153 0.595917 0.103938 0.796291
115.931202 -37.213860 23215.456299 1252.392754 -0.021163 0.992635 0.119285 0.831028 0.083797 -0.549882 0.555828 -0.087492 0.826680
97.712312 -36.292654 37598.358480 484.459865 -0.121078 0.991285 -0.051914 0.868663 0.080501 -0.488820 0.480381 0.104281 0.870839
-15.761776 -46.274102 5376.465410 2130.551955 -0.481652 0.839164 -0.252618 0.635780 0.136202 -0.759759 0.603155 0.526548 0.599125
-27.630131 -47.543223 7609.578827 1610.441955 -0.431000 0.856950 -0.282623 0.649122 0.076883 -0.756789 0.626801 0.509633 0.589402
-14.855653 -40.453442 4712.813007 2329.766885 -0.418833 0.843787 -0.335562 0.618475 -0.005502 -0.785786 0.664882 0.536650 0.519556
-14.151271 -30.241679 -1574.870429 2256.606555 0.213890 0.974217 0.071778 0.155786 -0.106557 0.982027 -0.964356 0.198864 0.174561
-12.698999 -26.788716 -1207.559141 1251.702746 0.179678 0.982749 -0.043829 0.218114 0.003646 0.975917 -0.959240 0.184911 0.213696
-15.421608 -29.015997 -1639.747440 821.844099 0.215264 0.976208 -0.026074 0.218960 -0.022228 0.975481 -0.951692 0.215695 0.218535
-17.172532 -32.595633 -1510.709891 2119.487603 0.256151 0.959405 0.118019 0.127480 -0.154554 0.979726 -0.958194 0.235913 0.161894
-18.519776 -31.721850 -1427.418505 1172.001945 0.271378 0.961429 0.044812 0.183147 -0.097293 0.978259 -0.944887 0.257271 0.202486
-5.899606 -63.600336 -3254.131008 1599.932400 0.585979 -0.458338 0.668247 -0.290959 0.650660 0.701415 -0.756288 -0.605448 0.247916
-2.987918 -60.155632 -4275.606796 1598.929240 0.600327 -0.508172 0.617551 -0.125386 0.702822 0.700229 -0.789865 -0.497798 0.358205
-0.514306 -57.821119 -3883.725318 833.224782 0.603835 -0.505644 0.616204 -0.201722 0.650949 0.731829 -0.771163 -0.566205 0.291066
-2.641445 -60.332462 -2992.515785 1544.103931 0.594499 -0.478618 0.646139 -0.311159 0.604023 0.733713 -0.741452 -0.637244 0.210165
-28.555296 -67.785436 -807.538798 -2094.428517 0.264060 0.198116 0.943940 0.956235 -0.181666 -0.229371 0.126040 0.963196 -0.237417
-27.741510 -70.911871 -1510.215075 -1895.902625 0.307112 0.189368 0.932642 0.911125 -0.341523 -0.230682 0.274835 0.920599 -0.277423
-26.555677 -72.285348 -194.037185 -1731.034657 0.277257 0.244426 0.929185 0.935183 -0.290467 -0.202638 0.220368 0.925140 -0.309117
-27.390994 -69.888690 -341.335742 -1720.917331 0.253577 0.252461 0.933789 0.965169 -0.130305 -0.226869 0.064402 0.958793 -0.276710
29.637079 -117.321588 -5109.250952 32300.166512 -0.083332 -0.578081 -0.811713 -0.519320 0.720387 -0.459727 0.850507 0.383229 -0.360241
20.167430 -229.210569 -7171.907536 61359.210208 -0.031549 -0.634970 -0.771893 -0.249043 0.752914 -0.609178 0.967978 0.173015 -0.181889
18.026357 -131.769555 -7502.640584 38385.285902 -0.018032 -0.551278 -0.834127 -0.425630 0.759127 -0.492510 0.904718 0.346148 -0.248329
23.666116 -79.935102 -4351.041697 25953.673864 -0.080510 -0.436128 -0.896276 -0.544946 0.772169 -0.326786 0.834597 0.462113 -0.299834
12.543465 -121.584848 -1252.931983 32563.768212 -0.059038 -0.504040 -0.861660 -0.377580 0.810314 -0.448134 0.924093 0.298889 -0.238155
-8.990567 -149.232678 81.834088 -56038.497218 -0.297245 0.954539 0.022382 -0.124322 -0.015451 -0.992122 0.946673 0.297686 -0.123263
-4.639625 -178.960204 -3098.599550 -50998.480894 -0.238207 0.967738 0.082106 -0.347526 -0.005989 -0.937651 0.906909 0.251889 -0.337741
-28.767379 -278.179232 -8592.844993 -90692.315582 -0.173831 0.968400 0.178843 -0.334519 0.112742 -0.935621 0.926218 0.222467 -0.304350
-9.592728 -201.976877 -4641.296615 -24984.141946 -0.180969 0.974041 0.135992 -0.618166 -0.005108 -0.786031 0.764932 0.226313 -0.603043
-18.082642 -141.852169 -5780.306621 -66127.590679 -0.286276 0.957954 -0.019253 -0.002873 -0.020952 -0.999776 0.958143 0.286157 -0.008750
-52.202705 -236.564093 -19761.410609 -102970.482701 -0.253142 0.962245 0.100016 -0.005604 0.101923 -0.994777 0.967413 0.252380 0.020409
-66.044242 -308.499212 -19491.473264 -116774.250588 -0.210425 0.954131 0.212967 -0.257020 0.156187 -0.953701 0.943219 0.255419 -0.212365
-51.448331 -272.396688 -17719.483725 -37588.687246 -0.164598 0.971146 0.172578 -0.607556 0.038012 -0.793366 0.777035 0.235437 -0.583769
-28.686717 -234.816993 -10795.722054 870.743524 -0.152690 0.980555 0.123280 -0.755350 -0.035351 -0.654368 0.637285 0.193036 -0.746059
-0.108553 -55.459703 -960.849135 -2406.900451 -0.435726 0.701725 -0.563670 0.429558 -0.388204 -0.815339 0.790963 0.597393 0.132281
-0.376900 -61.865951 -577.879839 3382.181655 -0.449653 0.715936 -0.534086 0.456633 -0.329645 -0.826329 0.767658 0.615443 0.178694
-0.213416 -57.406998 227.004701 -3201.810192 -0.436950 0.699400 -0.565609 0.431606 -0.388669 -0.814035 0.789171 0.599813 0.132037
-52.537482 -78.077671 1460.970941 9949.310826 -0.284777 0.932869 0.220586 0.418180 0.327961 -0.847093 0.862570 0.148988 0.483503
-43.081887 -93.416522 -1172.699278 19161.984059 -0.278288 0.900810 0.333311 0.394994 0.423649 -0.815169 0.875520 0.095196 0.473711
-24.140475 -84.682143 -7297.164677 20494.356606 -0.097463 0.966936 0.235660 0.299318 0.254303 -0.919640 0.949162 0.019094 0.314207
-23.904266 -54.013381 -5267.458187 11185.599724 -0.027165 0.998368 0.050230 0.225683 0.055076 -0.972643 0.973822 0.015086 0.226810
-22.576221 -36.586233 -10855.210922 -7517.000408 0.111617 0.883351 0.455228 -0.003936 0.458480 -0.888696 0.993743 -0.097402 -0.054651
-36.698885 -47.716645 -2824.700971 -5883.745460 -0.049770 -0.327516 -0.943534 -0.044281 0.944499 -0.325516 0.997779 0.025580 -0.061510
-169.507038 -953.951999 16514.709427 -392857.359887 0.133254 0.864671 -0.484342 0.151996 -0.500748 -0.852143 0.979357 -0.039934 0.198153
-193.699623 -944.597105 -16452.705624 -410102.154566 0.227833 0.901843 -0.367112 0.032896 -0.383942 -0.922771 0.973144 -0.198161 0.117142
-262.701119 -1576.567587 -7622.160307 -684343.236716 0.274813 0.931775 -0.237218 0.283572 -0.314287 -0.905986 0.918730 -0.181708 0.350595
-58.780536 -93.219749 -3748.187629 -265.574268 0.412441 -0.073786 -0.907991 0.195521 0.980657 0.009121 0.889755 -0.181293 0.418890
30.180413 -44.373203 2735.017730 -1173.361655 0.181920 0.942161 0.281494 0.958145 -0.105490 -0.266138 -0.221050 0.318128 -0.921917
29.853901 -46.359710 -2778.555729 -1286.058684 0.159549 0.966638 0.200389 0.961706 -0.106370 -0.252600 -0.222857 0.233018 -0.946593
27.820523 -45.315962 3909.238658 447.468505 0.145786 0.938051 0.314336 0.988395 -0.124395 -0.087184 -0.042681 0.323398 -0.945300
25.025970 -44.011077 3719.391090 -477.040647 0.164192 0.930929 0.326208 0.977796 -0.109945 -0.178399 -0.130212 0.348257 -0.928311
92.996289 -33.093403 -36928.401842 -2339.218894 -0.689039 0.717329 -0.103273 0.031993 0.172468 0.984495 -0.724018 -0.675051 0.141787
108.674204 -25.455408 -9232.461164 -41.267608 -0.409967 0.894972 -0.175934 -0.014212 0.186598 0.982334 -0.911990 -0.405225 0.063780
112.260652 -34.871176 -9920.750101 -9512.876086 -0.435480 0.886333 -0.157388 0.001122 0.175371 0.984502 -0.900198 -0.428554 0.077365
95.795397 -29.617400 -26444.741884 5476.268720 -0.581903 0.796840 -0.162588 -0.013808 0.190213 0.981646 -0.813141 -0.573468 0.099683
98.067392 -33.204838 -10822.323912 -2702.295498 0.407112 0.879056 -0.248032 0.271358 -0.375699 -0.886124 0.872138 -0.293446 0.391490
78.216085 -26.992206 9095.231858 -2989.823615 0.207595 0.933008 -0.293940 0.347073 -0.351188 -0.869602 0.914573 -0.078507 0.396727
74.078015 -19.762233 -9162.999331 -3392.354560 0.415478 0.877048 -0.241176 0.354597 -0.400338 -0.844979 0.837639 -0.265550 0.477330
5.003097 -63.582463 -279.537203 -4256.870927 0.334842 0.874470 -0.350974 0.910500 -0.396179 -0.118452 -0.242631 -0.279899 -0.928863
6.424582 -60.266352 190.820103 -1349.048180 0.326107 0.883029 -0.337510 0.930569 -0.362709 -0.049827 -0.166417 -0.297828 -0.940002
5.135484 -61.903539 204.041782 686.257640 0.335310 0.876748 -0.344790 -0.891499 0.413621 0.184788 -0.304625 -0.245419 -0.920311
15.314756 -108.831144 -754.645170 1488.381298 0.307080 0.950086 -0.055126 0.924892 -0.284286 0.252500 -0.224226 0.128523 0.966025
17.288054 -112.233652 776.150238 -1590.823020 0.347855 0.936200 -0.050260 0.822465 -0.278984 0.495700 -0.450053 0.213769 0.867038
15.553314 -104.796256 2203.560219 -866.879850 0.363626 0.925963 -0.101822 0.859818 -0.291557 0.419174 -0.358453 0.239971 0.902178
