17506
35004
-69.472267 -106.359325 -25.723963 -23526.007160 -0.315837 0.870367 -0.377767 0.671333 -0.076361 -0.737212 0.670492 0.486446 0.560188
-78.994100 -129.990986 -1057.336854 -16831.530745 -0.409919 0.873234 -0.263494 0.511731 -0.018960 -0.858936 0.755048 0.486932 0.439089
-76.523019 -129.980345 3899.681755 -34066.435037 -0.593691 0.803721 -0.039552 0.435141 0.279307 -0.855944 0.676893 0.525376 0.515554
-68.852056 -114.065250 4506.714859 -21694.554043 -0.223072 0.884861 -0.408973 0.640109 -0.183450 -0.746061 0.735187 0.428213 0.525485
-61.393163 -88.595877 4040.079549 -23042.919229 -0.352113 0.854752 -0.381333 0.730441 -0.003790 -0.682965 0.585212 0.519022 0.623012
-59.693863 -90.930181 -1884.808722 -10856.692681 0.027810 0.806553 -0.590507 0.754192 -0.404640 -0.517166 0.656065 0.430973 0.619549
101.721234 -156.565368 22168.508290 37934.802814 0.914696 -0.202845 -0.349551 0.322010 -0.156858 0.933652 0.244216 0.966566 0.078159
77.833431 -216.085590 15020.744223 80017.315140 0.918472 -0.217441 -0.330345 0.335263 -0.014982 0.942006 0.209780 0.975959 -0.059139
80.712846 -144.052482 16119.471275 20442.940731 0.858755 -0.303159 -0.413080 0.393938 -0.124886 0.910613 0.327648 0.944721 -0.012179
-75.155325 -98.497723 -1757.128029 15388.309114 -0.215560 0.896123 -0.387941 0.876155 0.352903 0.328348 -0.431146 0.269117 0.861214
-73.712017 -96.119437 2619.594620 17916.081713 -0.305489 0.889089 -0.340877 0.861868 0.410373 0.297957 -0.404797 0.202768 0.891641
-73.255349 -82.164780 -827.570967 6084.931335 -0.371245 0.856048 -0.359666 0.866632 0.458508 0.196772 -0.333356 0.238647 0.912097
-66.414092 -70.911028 -1079.627480 1248.869294 -0.236007 -0.948123 0.212985 0.935688 -0.162567 0.313145 -0.262275 0.273192 0.925515
-62.337212 -75.912274 5327.621550 2041.718683 0.293834 0.928145 -0.228491 0.889212 -0.177729 0.421561 -0.350661 0.327046 0.877541
2.304317 -233.777370 5444.124412 1493.869669 -0.780054 -0.514669 -0.355853 -0.350702 0.830610 -0.432545 0.518193 -0.212611 -0.828416
-1.673527 -248.030728 7870.716267 5146.210622 -0.788629 -0.516725 -0.333255 -0.259699 0.771199 -0.581213 0.557333 -0.371816 -0.742383
6.329903 -228.846272 8309.812018 4537.118029 -0.780403 -0.525161 -0.339377 -0.217270 0.736697 -0.640368 0.586315 -0.426009 -0.689022
30.414372 -219.111873 13036.530033 72975.690145 0.997016 -0.075877 -0.014189 -0.058471 -0.862350 0.502926 0.050397 0.500595 0.864213
23.166931 -232.396813 7412.824375 37097.484610 0.993514 -0.107966 0.035696 -0.103026 -0.721770 0.684422 0.048130 0.683661 0.728211
25.194440 -203.020929 -10066.802929 40337.848726 0.997564 -0.069383 0.007151 -0.059684 -0.796035 0.602300 0.036097 0.601260 0.798238
21.527586 -212.319836 -14443.918343 -2982.141839 0.991830 -0.101538 0.077220 -0.122576 -0.590945 0.797345 0.035328 0.800296 0.598564
29.856017 -186.566860 -18008.482400 1232.312650 0.995156 -0.096751 0.017416 -0.078591 -0.676573 0.732170 0.059055 0.729992 0.680899
34.652454 -164.675382 -2912.561903 54930.655126 0.997674 -0.015845 -0.066303 0.011441 -0.919897 0.391992 0.067203 0.391839 0.917576
-11.850076 -75.783866 -3561.803274 -8391.712085 0.164740 -0.757353 0.631884 0.985374 0.098075 -0.139350 0.043566 0.645599 0.762433
-7.005526 -76.412220 -1314.204171 -8854.086365 0.208641 -0.752623 0.624522 0.977614 0.142738 -0.154586 0.027202 0.642794 0.765556
-6.535399 -77.085910 -786.291485 -15811.214387 0.202087 -0.756633 0.621826 0.976580 0.203556 -0.069693 -0.073844 0.621347 0.780048
-11.822080 -87.461625 -5062.587157 6998.287620 0.197659 -0.747801 0.633817 0.964067 0.031216 -0.263820 0.177499 0.663189 0.727100
-18.185174 -90.022561 -4706.325141 398.476689 0.138827 -0.761436 0.633200 0.971881 -0.018045 -0.234780 0.190196 0.647989 0.737520
-18.940951 -55.246002 -33582.151041 4962.927693 -0.473614 0.832705 0.286866 0.749283 0.209769 0.628150 0.462888 0.512444 -0.723281
3.049843 -63.642967 -24385.927410 4764.698144 -0.508092 0.812375 0.286163 0.764330 0.272116 0.584596 0.397041 0.515751 -0.759183
-32.503256 -58.973093 -29416.178849 2411.535019 -0.624463 0.760498 0.178014 0.668528 0.402576 0.625302 0.403877 0.509485 -0.759808
-24.391170 -64.673256 -26340.187375 1232.711936 -0.650356 0.740266 0.170418 0.678355 0.465006 0.568863 0.341865 0.485567 -0.804583
-48.846129 -52.993334 4404.378238 -18110.358647 0.896640 -0.291499 0.333266 0.025045 0.784886 0.619134 0.442052 0.546794 -0.711060
-50.535296 -69.557710 1377.239595 -17984.772273 0.930444 -0.191001 0.312719 -0.035762 0.802003 0.596248 0.364685 0.565959 -0.739388
9.078288 -95.361653 910.596340 -2329.543728 0.257211 -0.764527 0.591051 0.891896 -0.047619 -0.449727 0.371974 0.642830 0.669630
10.096408 -93.090145 1956.156143 -1068.398521 0.251069 -0.771096 0.585129 0.884320 -0.063098 -0.462599 0.393628 0.633585 0.666053
8.298416 -96.468286 2205.455559 -2056.110704 0.239422 -0.770232 0.591118 0.925159 -0.003716 -0.379561 0.294547 0.637753 0.711697
6.002197 -95.719962 -3254.550695 -3264.350301 0.259201 -0.745302 0.614280 0.914107 -0.016023 -0.405157 0.311807 0.666534 0.677132
7.600128 -90.470071 -2971.763939 4569.350077 0.262984 -0.750256 0.606593 0.855805 -0.108890 -0.505707 0.445462 0.652118 0.613437
-28.248816 -146.854071 484.688582 -3057.113422 -0.615466 0.769057 -0.172490 0.096973 0.291077 0.951772 -0.782175 -0.569057 0.253726
-31.204354 -147.270213 -2060.940698 -905.840505 -0.630537 0.759109 -0.161794 0.228365 0.380671 0.896069 -0.741804 -0.528056 0.413381
-28.381420 -148.207428 1358.533294 -4113.146990 -0.597711 0.779550 -0.187202 0.204910 0.374292 0.904388 -0.775083 -0.502203 0.383456
-28.157887 -149.306989 1253.577924 4169.727717 -0.602614 0.773015 -0.198251 0.320797 0.462117 0.826763 -0.730716 -0.434621 0.526459
-28.444626 -147.435639 3588.927474 -11124.395396 -0.562966 0.801570 -0.201383 0.113544 0.316363 0.941819 -0.818643 -0.507346 0.269115
-28.193736 -150.648535 4069.982000 -4016.830123 -0.557033 0.800675 -0.220530 0.247389 0.413461 0.876270 -0.792788 -0.433555 0.428390
107.457119 -6.466486 88698.994533 -11147.089008 -0.200609 0.477796 0.855258 0.965759 -0.050155 0.254547 0.164517 0.877038 -0.451374
116.812060 1.291979 69971.785934 -5533.513176 -0.196750 0.546100 0.814287 0.957318 -0.072355 0.279835 0.211736 0.834589 -0.508555
251.034519 -13.222703 142567.483391 -3735.267915 -0.135524 0.596746 0.790903 0.963973 -0.104996 0.244401 0.228887 0.795531 -0.561018
184.462902 -18.401703 141136.197208 -11855.516422 -0.188657 0.497596 0.846644 0.966052 -0.060913 0.251064 0.176500 0.865267 -0.469212
21.480347 -102.522987 -8002.166398 -15581.326322 -0.784477 0.359268 -0.505492 0.038904 0.842006 0.538064 0.618936 0.402433 -0.674511
16.694768 -79.792044 -5833.603392 -14286.451665 -0.797156 0.313179 -0.516198 0.076488 0.900449 0.428184 0.598908 0.301847 -0.741753
16.832935 -93.758360 -554.784300 -19579.819594 -0.783684 0.390894 -0.482743 0.098205 0.845360 0.525092 0.613347 0.364099 -0.700883
24.785511 -121.397942 -5100.036839 -19542.881356 -0.771151 0.418030 -0.480184 0.020219 0.769934 0.637804 0.636331 0.482134 -0.602187
-11.601310 -84.060580 -8596.533203 10425.643177 -0.311770 0.926060 -0.212631 -0.873709 -0.191468 0.447182 -0.373406 -0.325196 -0.868801
-13.822550 -74.913511 645.194023 -2334.437626 -0.386714 0.913043 -0.129633 -0.851600 -0.299622 0.430121 -0.353878 -0.276729 -0.893415
-18.997866 -89.683804 -3610.681639 -12622.041721 -0.219657 0.951925 -0.213519 0.937978 0.145895 -0.314503 -0.268232 -0.269359 -0.924931
22.205375 -251.165565 -495.778713 31558.219921 -0.591582 0.779456 -0.206103 -0.706477 -0.624330 -0.333321 0.388485 0.051579 -0.920010
28.212608 -258.678776 2352.274780 27861.185953 -0.559129 0.798089 -0.224563 -0.764391 -0.601123 -0.233147 0.321062 -0.041295 -0.946158
27.789827 -297.199893 5143.847103 60428.781398 -0.610805 0.753807 -0.242266 -0.634919 -0.649119 -0.418954 0.473070 0.102079 -0.875091
21.943921 -231.215821 -986.539701 583.127772 -0.532887 0.826739 -0.180375 -0.826576 -0.554199 -0.098163 0.181119 -0.096783 -0.978687
23.955374 -308.127156 -686.155586 52171.663689 -0.618366 0.744816 -0.250744 -0.543178 -0.635637 -0.548565 0.567962 0.203015 -0.797624
-16.507927 -157.941412 4116.773776 1504.506276 0.694741 -0.706616 0.134270 0.286764 0.100920 -0.952671 -0.659622 -0.700363 -0.272745
-13.529637 -160.350045 3761.305886 -724.983957 0.680641 -0.717010 0.150413 0.420623 0.214358 -0.881548 -0.599837 -0.663285 -0.447492
-9.718276 -164.620270 6700.818546 -457.536559 0.704169 -0.698677 0.126476 0.406341 0.250467 -0.878723 -0.582265 -0.670162 -0.460272
-18.472357 -156.229150 -202.922802 2189.218183 -0.653872 0.740044 -0.157438 -0.363679 -0.124949 0.923106 -0.663468 -0.660850 -0.350839
-10.214500 -162.818526 5858.310381 2853.859301 0.715957 -0.691038 0.099359 0.276032 0.149470 -0.949455 -0.641258 -0.707195 -0.297762
-15.301398 -158.285490 5065.678519 3430.434836 0.716858 -0.691357 0.090223 0.156253 0.033191 -0.987159 -0.679485 -0.721751 -0.131820
-21.805078 -156.356867 -2650.575523 -1360.242383 -0.690713 0.713711 -0.116331 -0.124432 0.041166 0.991374 -0.712343 -0.699230 -0.060375
47.026438 -404.383156 -210.526830 -144956.373573 0.850464 0.355336 0.387875 0.526021 -0.579414 -0.622561 -0.003522 -0.733496 0.679685
39.362117 -299.050474 -1406.244956 -148685.980729 0.876097 0.329937 0.351562 0.440713 -0.843723 -0.306437 -0.195516 -0.423406 0.884591
37.555266 -285.620766 4798.456605 -104227.444853 0.869633 0.379821 0.315396 0.485976 -0.771128 -0.411327 -0.086980 -0.510978 0.855182
36.779302 -357.050130 4494.248050 -109641.806327 0.834459 0.417179 0.360054 0.547527 -0.553686 -0.627412 0.062386 -0.720689 0.690446
45.174917 -457.983230 -10682.224643 -38548.566186 0.851572 0.312404 0.420985 0.498202 -0.232339 -0.835352 0.163156 -0.921098 0.353494
47.379432 -468.248512 -5270.426615 -136503.753725 0.854900 0.310520 0.415601 0.514425 -0.403646 -0.756595 0.067182 -0.860609 0.504816
43.171653 -414.922716 12204.980181 -43271.367411 0.823241 0.405639 0.397153 0.516783 -0.245929 -0.820033 0.234966 -0.880327 0.412086
23.605660 -257.133472 9235.603840 -27653.747228 0.886533 0.356916 0.294397 0.097830 -0.766530 0.634713 -0.452204 0.533894 0.714471
13.848810 -239.109463 -10055.151015 -21147.517221 0.845041 0.389607 0.366213 -0.004184 -0.680054 0.733150 -0.534685 0.621074 0.573043
11.782569 -255.954564 4435.681808 -25467.156400 0.865798 0.389203 0.314507 -0.044106 -0.566718 0.822731 -0.498446 0.726190 0.473497
-19.861208 -66.994656 6110.481705 -6194.121692 -0.267578 -0.686970 -0.675629 0.932611 -0.008427 -0.360785 0.242155 -0.726637 0.642930
-15.879182 -62.765618 6299.784097 -6482.650307 -0.198782 -0.674545 -0.710967 0.963368 -0.001234 -0.268182 0.180024 -0.738233 0.650080
-12.091604 -70.554114 2404.967330 -7550.926753 -0.236972 -0.673198 -0.700463 0.941571 0.018486 -0.336307 0.239350 -0.739231 0.629483
-13.415851 -79.095358 3095.048548 -8302.160103 -0.304755 -0.682691 -0.664122 0.892621 0.038476 -0.449162 0.332191 -0.729694 0.597659
56.787059 -655.902962 14814.896820 166869.955374 0.895888 0.307790 0.320390 -0.422898 0.811812 0.402640 0.136167 0.496213 -0.857456
22.851272 -887.516094 3663.179593 353768.863565 -0.882203 -0.343589 -0.321968 -0.376915 0.925130 0.045504 0.282228 0.161499 -0.945656
32.464025 -978.385294 969.592536 473255.399759 -0.894442 -0.284214 -0.345248 -0.319503 0.946333 0.048706 0.312876 0.153873 -0.937247
24.935997 -608.896895 18028.398282 129370.532262 0.889986 0.245082 0.384525 -0.384550 0.856574 0.344097 0.245042 0.454111 -0.856585
16.047894 -199.406988 -7410.484152 -5774.931390 0.768489 0.555748 0.317126 0.461356 -0.137842 -0.876442 0.443367 -0.819844 0.362328
22.403739 -215.302501 -9382.724318 -13313.809627 0.762288 0.559088 0.326094 0.427150 -0.056038 -0.902443 0.486271 -0.827213 0.281531
17.796069 -213.319504 -8279.673504 -13732.780510 0.771116 0.551497 0.318167 0.377497 0.006391 -0.925989 0.512714 -0.834152 0.203261
52.277584 -26.848823 5693.527253 -7766.654284 -0.655988 -0.581527 -0.481151 0.753776 -0.472025 -0.457180 0.038748 -0.662585 0.747984
55.103004 -15.366724 17174.590271 -4227.515921 -0.630980 -0.551055 -0.546079 0.775639 -0.462402 -0.429615 -0.015766 -0.694639 0.719186
58.712306 -16.651918 -5384.812456 -4341.774634 -0.670564 -0.609761 -0.422534 0.738259 -0.492508 -0.460879 0.072925 -0.620989 0.780420
51.876149 -23.794713 -14998.806312 -7476.765332 -0.694077 -0.627487 -0.352869 0.709272 -0.512132 -0.484410 0.123246 -0.586499 0.800518
-16.378451 -70.183891 -1857.953068 8896.382809 0.920817 -0.302337 -0.246348 -0.389218 -0.752258 -0.531617 0.024590 -0.585405 0.810368
-19.625800 -63.107507 -6503.908902 9836.839381 0.892633 -0.344399 -0.290855 -0.450518 -0.703771 -0.549308 0.015514 -0.621366 0.783367
-22.267709 -72.132064 -5572.953609 9956.432606 0.910527 -0.309451 -0.274191 -0.409574 -0.765694 -0.495945 0.056475 -0.563873 0.823928
-19.097374 -76.125403 -3665.680228 4576.102157 0.928731 -0.289017 -0.232222 -0.364997 -0.822683 -0.435855 0.065076 -0.489552 0.869542
54.575494 -40.667705 -41951.720324 20954.732411 -0.467039 0.881820 -0.065328 -0.749957 -0.434172 -0.499059 0.468444 0.184086 -0.864102
91.318359 -62.057963 -66195.128235 23710.519049 -0.370813 0.928107 0.033389 -0.775632 -0.289719 -0.560766 0.510777 0.233837 -0.827301
107.572761 -65.157114 -50062.781242 20939.902858 -0.558171 0.829693 0.007326 -0.717585 -0.478281 -0.506279 0.416553 0.287847 -0.862339
79.362905 -51.816749 -48934.746694 -8643.325048 -0.657672 0.742686 -0.126037 -0.596907 -0.615847 -0.514232 0.459532 0.262964 -0.848340
38.250636 -33.794200 -28964.145252 -5114.594855 -0.627799 0.757185 -0.180387 -0.606986 -0.621315 -0.495516 0.487274 0.201592 -0.849661
17.184690 -26.059363 -17675.883220 11288.541541 -0.478254 0.876083 -0.061257 -0.745538 -0.441875 -0.498918 0.464161 0.192940 -0.864482
-50.509033 -52.470920 3244.942017 4580.749564 0.961405 -0.195797 -0.193296 -0.248917 -0.918285 -0.307884 0.117218 -0.344116 0.931581
-49.712585 -57.228997 -9435.370098 6309.623449 0.708169 0.676355 0.202584 0.704234 -0.656133 -0.271189 0.050498 -0.334715 0.940965
-37.338858 -53.014661 12116.654043 3251.161608 -0.704227 -0.661666 -0.257414 0.708978 -0.636184 -0.304336 0.037606 -0.396822 0.917125
-4.765185 -97.747510 696.845704 -550.035993 0.098141 -0.784424 0.612411 0.994622 0.097788 -0.034137 -0.033109 0.612468 0.789802
-1.690478 -94.529911 491.852115 -6317.716445 0.149105 -0.778036 0.610268 0.987455 0.084721 -0.133250 0.051970 0.622481 0.780908
-4.386072 -99.108554 520.041616 -4661.740720 0.103566 -0.778135 0.619500 0.994400 0.067837 -0.081033 0.021030 0.624424 0.780803
-7.486178 -101.435285 574.389756 3677.962357 0.054224 -0.783321 0.619248 0.994876 0.095382 0.033538 -0.085336 0.614256 0.784479
65.273447 -79.888432 -77121.673256 -18226.492731 0.084836 0.742755 -0.664167 0.944142 0.153102 0.291816 0.318433 -0.651824 -0.688277
1817.530441 -84.109704 -1375808.523385 -4664.760388 0.280683 0.717969 -0.636976 0.904340 0.024497 0.426109 0.321537 -0.695644 -0.642412
1814.693401 -146.904795 -1390596.705541 -46002.031019 0.133699 0.715514 -0.685685 0.955456 0.090630 0.280874 0.263113 -0.692694 -0.671525
127.539861 -68.206281 -134861.193598 1814.468081 0.209217 0.728804 -0.651977 0.937844 0.039254 0.344830 0.276906 -0.683597 -0.675291
-1.658270 -87.123420 -19268.922045 -18889.381115 -0.083340 0.726846 -0.681725 0.936470 0.291015 0.195794 0.340704 -0.622097 -0.704923
-18.860364 -98.630358 2035.429760 -17213.506624 -0.253667 0.674466 -0.693360 0.867811 0.475309 0.144867 0.427268 -0.564957 -0.705879
4.076211 -274.071516 -4957.869173 62281.889080 0.561098 -0.715083 0.416923 0.802933 0.592603 -0.064194 -0.201166 0.370780 0.906672
-1.112470 -274.172780 4517.756843 48360.041666 -0.563106 0.712456 -0.418710 0.759732 0.645671 0.076908 -0.325143 0.274800 0.904857
0.145633 -236.948659 -4623.374762 51102.044422 0.568387 -0.703360 0.426873 0.813627 0.557602 -0.164592 -0.122257 0.440867 0.889207
4.540569 -223.068555 -5409.872831 40015.794024 0.567465 -0.707709 0.420869 0.822439 0.511822 -0.248260 -0.039715 0.487018 0.872488
12.347088 -240.384199 -2907.326756 19100.903698 0.572596 -0.717610 0.396446 0.819834 0.499884 -0.279262 0.002224 0.484924 0.874553
13.165180 -266.637845 -5227.240937 53157.357212 0.553452 -0.725044 0.409880 0.813398 0.576345 -0.078806 -0.179095 0.377011 0.908729
34.664426 -184.005009 -12188.048973 19540.595959 0.322686 -0.902002 0.286822 0.929661 0.245123 -0.275037 0.177778 0.355398 0.917653
26.174235 -174.999418 -7374.710459 -29982.974762 0.399261 -0.880993 0.253855 0.910552 0.413387 0.002531 -0.107170 0.230137 0.967239
30.321764 -203.184247 8668.084707 -21867.005032 0.394452 -0.894088 0.212166 0.918889 0.382002 -0.098576 0.007087 0.233841 0.972249
24.243559 -229.937298 -7129.007846 -24864.874186 -0.472811 0.859214 -0.195452 0.846691 0.504432 0.169301 -0.244058 0.085440 0.965989
-1.747318 -151.740415 -1888.832734 -17240.956171 -0.142981 0.938026 -0.315697 0.985985 0.162705 0.036885 0.085965 -0.305998 -0.948143
-2.217162 -148.055064 3467.678602 -16238.382801 -0.158126 0.941048 -0.299039 0.984424 0.173813 0.026428 0.076847 -0.290202 -0.953875
-3.099137 -137.079260 66.195442 -9716.831970 -0.134926 0.941676 -0.308286 0.990325 0.117982 -0.073048 -0.032415 -0.315160 -0.948485
-3.392445 -78.414826 -402.222008 -1067.194490 -0.085659 -0.787644 0.610147 0.995538 -0.043330 0.083829 -0.039589 0.614605 0.787841
-7.901518 -78.558287 4501.604479 -6966.558100 0.003124 -0.801945 0.597390 0.998962 0.029652 0.034582 -0.045447 0.596662 0.801205
0.537677 -68.151778 4792.421032 6157.597082 0.007181 -0.797337 0.603491 0.993827 0.072503 0.083965 -0.110704 0.599163 0.792936
-23.590123 -35.001137 4224.060711 15073.397289 -0.146618 0.878747 0.454210 0.988269 0.110280 0.105655 0.042754 0.464373 -0.884607
-23.330192 -36.617623 579.575410 14222.802624 -0.338047 0.829642 0.444318 0.940841 0.286232 0.181353 0.023280 0.479338 -0.877321
-22.982628 -29.518821 2592.090197 3318.363733 0.125892 0.873357 0.470530 0.990585 -0.136384 -0.011891 0.053787 0.467597 -0.882304
-25.512102 -33.570883 4687.628333 6253.099176 0.004433 0.893595 0.448851 0.997600 -0.034968 0.059763 0.069100 0.447509 -0.891606
238.444181 -205.002929 51460.854624 22468.024178 0.959047 -0.276845 -0.059886 -0.047673 0.050645 -0.997578 -0.279207 -0.959579 -0.035373
164.446302 -199.380863 30190.806835 12029.072829 0.981224 -0.127673 -0.144563 -0.115214 0.213096 -0.970214 -0.154676 -0.968654 -0.194385
186.723301 -166.539361 25824.169292 38831.887082 0.923488 -0.382297 -0.031915 0.061123 0.228759 -0.971562 -0.378726 -0.895276 -0.234624
267.352769 -193.892173 22961.788448 36797.975095 0.847111 -0.530194 0.036028 0.040983 -0.002416 -0.999157 -0.529834 -0.847873 -0.019682
305.268043 -220.257125 66010.483426 -8284.235396 0.942786 -0.330547 -0.043510 -0.108512 -0.180828 -0.977510 -0.315245 -0.926304 0.206350
-41.259830 -80.154820 -39391.745528 8476.242146 -0.404417 -0.530433 0.745042 -0.522702 0.802528 0.287631 -0.750486 -0.273112 -0.601814
-11.658768 -63.035698 -46891.259263 19329.803618 -0.435072 -0.594999 0.675788 -0.510982 0.781136 0.358782 -0.741357 -0.189219 -0.643884
-17.387922 -80.422701 -43955.251817 13766.019587 -0.463590 -0.573834 0.675129 -0.580849 0.772210 0.257499 -0.669104 -0.272774 -0.691299
-44.782106 -81.912886 -36644.360396 272.415990 -0.433825 -0.459255 0.775165 -0.578015 0.801827 0.151563 -0.691155 -0.382305 -0.613309
-82.885946 -86.075229 5078.973335 857.607315 0.132603 0.676162 -0.724721 -0.630623 0.621651 0.464612 -0.764677 -0.395417 -0.508836
32.756558 -21.697513 -20177.308407 21347.745152 0.960097 -0.222220 0.169797 0.185654 0.960502 0.207287 -0.209154 -0.167492 0.963432
60.425166 0.094841 -6107.940139 -44384.523843 0.975133 -0.210063 0.070638 -0.197432 -0.968190 -0.153719 -0.100682 -0.135950 0.985587
49.405496 -37.115727 -14354.606817 -21960.355750 0.917694 -0.396186 0.029553 -0.377508 -0.892770 -0.245863 -0.123792 -0.214471 0.968854
59.976020 -25.314037 4203.883246 -35149.068127 0.899296 -0.423918 -0.107518 -0.437313 -0.874420 -0.210113 0.004945 -0.235973 0.971747
9.506273 -33.082034 -3778.534488 -3195.075164 -0.706891 0.633631 0.314351 0.574492 0.773589 -0.267429 -0.412630 -0.008451 -0.910860
20.249404 -33.192156 -8486.648059 -5170.973030 -0.703331 0.634397 0.320728 0.574778 0.772994 -0.268532 -0.418277 -0.004519 -0.908308
13.472008 -30.569907 -6702.087729 -2750.108456 -0.702174 0.640752 0.310466 0.569150 0.767117 -0.295972 -0.427808 -0.031122 -0.903334
14.593943 -37.217404 -7159.685591 -3981.013227 -0.698465 0.645050 0.309932 0.600966 0.763828 -0.235386 -0.388571 0.021849 -0.921160
29.837711 -63.085027 -5301.142969 -3721.295431 -0.585010 0.746993 0.315856 0.782952 0.621751 -0.020290 -0.211540 0.235430 -0.948590
21.184347 -59.650679 -9199.452786 -1897.153443 -0.556023 0.781296 0.283575 0.813150 0.581984 -0.009068 -0.172120 0.225547 -0.958907
32.673605 -60.659410 -6256.455081 2744.460199 -0.551655 0.772938 0.313437 0.822693 0.566110 0.051925 -0.137305 0.286507 -0.948188
35.315321 -67.601924 -3128.915143 -2958.514043 -0.596583 0.723585 0.347151 0.772286 0.635268 0.003059 -0.218321 0.269925 -0.937804
38.864075 -62.219212 847.363269 4301.525995 -0.558885 0.745012 0.364149 0.817548 0.568530 0.091592 -0.138793 0.348899 -0.926826
34.927324 -51.924561 -4277.303777 12678.053683 -0.521299 0.789920 0.322914 0.852508 0.499084 0.155384 -0.038421 0.356289 -0.933586
13.994333 -117.722404 -1203.922931 -3568.754033 -0.143232 0.860067 0.489662 0.625897 -0.304539 0.717989 -0.766640 -0.409317 0.494694
13.755019 -119.287342 142.623503 4773.193885 -0.154711 0.861651 0.483345 0.684825 -0.259098 0.681090 -0.712095 -0.436378 0.549994
14.653902 -117.039495 -1837.487205 -9255.744635 -0.155758 0.853796 0.496761 0.564815 -0.335597 0.753896 -0.810385 -0.398003 0.429965
14.227794 -118.067000 -1766.391394 -4723.823539 -0.152808 0.856572 0.492884 0.486828 -0.368784 0.791831 -0.860028 -0.360948 0.360651
14.215851 -116.473616 1828.932645 -10882.662227 -0.140213 0.853893 0.501206 0.486223 -0.381584 0.786118 -0.862513 -0.353921 0.361679
7.498034 -152.500621 -5486.621583 8180.058419 -0.236898 0.742853 0.626138 -0.845310 -0.475278 0.244051 -0.478884 0.471466 -0.740534
2.716268 -161.875940 -9753.501008 10277.087532 -0.249316 0.749977 0.612680 -0.847396 -0.475202 0.236862 -0.468787 0.460129 -0.754003
6.862891 -161.974824 -8487.193051 3726.842750 -0.273062 0.737202 0.618038 0.915072 0.397249 -0.069545 -0.296784 0.546559 -0.783066
11.005237 -153.488628 -1437.830411 3849.472621 -0.257532 0.717401 0.647312 0.911693 0.402358 -0.083208 -0.320145 0.568721 -0.757670
-25.742185 -139.198303 -1391.072347 -2171.397455 -0.319697 0.760081 0.565748 0.775603 0.552899 -0.304535 0.544273 -0.341437 0.766282
-24.859037 -142.520933 -3803.708558 -5157.050404 -0.312283 0.754174 0.577668 0.698066 0.594612 -0.398925 0.644347 -0.278673 0.712150
-25.459979 -140.450052 2684.132216 -8943.895167 -0.339267 0.775675 0.532190 0.716456 0.579678 -0.388155 0.609581 -0.249602 0.752403
-26.034255 -142.414742 -4443.958264 -3010.465060 -0.311153 0.735107 0.602331 0.768776 0.567300 -0.295219 0.558719 -0.371200 0.741649
-26.851818 -138.894677 2842.600631 -4390.179066 -0.332109 0.782390 0.526848 0.806595 0.525126 -0.271379 0.488986 -0.334826 0.805471
-26.612293 -139.349420 1693.416000 2839.533059 0.318933 -0.756498 -0.570957 0.847546 0.497272 -0.185434 0.424202 -0.424772 0.799764
-9.437790 -151.069895 9059.663444 -41768.002985 -0.512422 0.604238 0.610181 0.596770 -0.260371 0.758995 0.617487 0.753063 -0.227171
-14.358023 -173.880335 7356.557146 34533.809716 -0.504741 0.620420 0.600263 -0.495860 0.360823 -0.789892 0.706654 0.696337 -0.125520
-21.655463 -149.406907 2265.646738 -34540.605765 -0.472341 0.624710 0.621797 0.580808 -0.310033 0.752689 0.662990 0.716671 -0.216396
-15.394904 -107.036395 3246.871034 -36641.418504 -0.463135 0.601724 0.650718 0.702396 -0.198563 0.683529 0.540504 0.773628 -0.330688
62.022781 -56.070079 -55700.070460 7264.946879 -0.554206 0.818475 0.151508 0.830637 0.532038 0.164247 0.053824 0.216875 -0.974714
13.466983 -54.220453 -33007.417969 8742.279098 -0.580024 0.797133 0.167783 0.811655 0.548040 0.202162 0.069198 0.253441 -0.964873
50.055819 -44.060527 -41102.512355 8381.449820 -0.591675 0.789509 0.163081 0.800114 0.550323 0.238669 0.098684 0.271698 -0.957310
75.856743 -34.256246 -26835.635058 7524.559276 -0.568550 0.773786 0.279295 0.821678 0.517660 0.238483 0.039955 0.365080 -0.930118
90.176219 -45.464411 -37414.320965 2948.629002 -0.531634 0.801730 0.273121 0.846848 0.508720 0.155085 -0.014606 0.313740 -0.949396
43.420142 -33.716828 -35556.704858 15625.112183 -0.616343 0.769264 0.168385 0.772776 0.549723 0.317209 0.151453 0.325634 -0.933287
135.012813 -78.923669 -4278.875470 2600.110273 0.874051 -0.318595 -0.366786 0.482796 0.653883 0.582533 -0.054243 0.686246 -0.725344
111.948878 -72.058925 17113.937461 -6347.183502 0.882124 -0.371151 -0.290008 0.469768 0.738067 0.484330 -0.034286 0.563475 -0.825421
105.718106 -70.340707 44308.877010 -5033.072186 0.822459 -0.516994 -0.237231 0.558888 0.656850 0.506155 0.105854 0.548877 -0.829174
142.356641 -79.515161 43104.432375 2612.450783 0.831647 -0.487229 -0.266404 0.538096 0.588577 0.603349 0.137169 0.645124 -0.751664
149.507268 -87.370835 -41429.672280 -699.921049 0.846289 -0.248273 -0.471335 0.517345 0.594079 0.615974 -0.127081 0.765134 -0.631205
115.273478 -86.365734 -55832.909822 -5982.365514 0.852267 -0.127434 -0.507348 0.442209 0.693630 0.568619 -0.279451 0.708969 -0.647510
-3.316981 -91.255861 925.764846 -846.921687 -0.453110 0.687375 0.567632 0.890774 0.324229 0.318430 0.034838 0.649916 -0.759207
-6.786220 -95.941448 1730.518605 2066.102416 -0.406227 0.698947 0.588602 0.910805 0.361580 0.199231 -0.073575 0.617035 -0.783488
-1.698669 -94.332258 1619.636759 -4551.919840 -0.436238 0.684251 0.584377 0.899606 0.346162 0.266234 -0.020118 0.641850 -0.766566
-10.346876 -173.523220 -162.727809 14365.745300 -0.303807 0.797295 0.521557 -0.281792 -0.598136 0.750218 -0.910107 -0.080951 -0.406389
-11.514492 -163.387023 1755.093414 12667.113861 -0.299903 0.797659 0.523257 -0.234784 -0.593350 0.769943 -0.924627 -0.108056 -0.365225
-11.430925 -161.763093 -204.264276 12781.597250 -0.294473 0.809079 0.508603 -0.098949 -0.555154 0.825841 -0.950523 -0.192862 -0.243536
-9.317014 -187.421312 844.564913 18489.173049 -0.304690 0.789887 0.532206 -0.423185 -0.612862 0.667319 -0.853275 0.021896 -0.521001
-10.024253 -200.378910 1991.295713 19400.415978 -0.297590 0.788119 0.538803 -0.471162 -0.612096 0.635095 -0.830329 0.064865 -0.553485
6.230005 -225.618750 2967.843785 -12084.033592 0.113930 -0.510597 -0.852239 0.599730 0.719239 -0.350741 0.792051 -0.471153 0.388163
-0.912713 -225.267449 6206.053510 -2485.917720 0.100604 -0.516889 -0.850120 0.385066 0.808094 -0.445768 0.917389 -0.282507 0.280334
-4.885740 -219.017895 11207.399912 -6597.674599 0.092701 -0.496834 -0.862880 0.589779 0.725624 -0.354443 0.802226 -0.476052 0.360288
27.645854 -40.064987 -564.899748 731.441478 0.359167 0.857208 0.369045 -0.753200 0.499735 -0.427732 0.551080 0.124337 -0.825137
43.635920 -54.219908 8194.254365 -1081.410885 0.297708 0.865911 0.401956 -0.735033 0.476585 -0.482279 0.609177 0.151873 -0.778356
25.912118 -60.581871 -102.290238 -8600.625609 0.138432 0.945064 0.296127 -0.825038 0.275452 -0.493396 0.547859 0.176015 -0.817844
551.996024 -14513.272979 394571.586173 17791120.137615 -0.300408 0.585049 0.753308 -0.401604 0.638781 -0.656257 -0.865141 -0.499676 0.043063
272.040105 -6230.525319 151372.637226 2994702.859647 -0.374192 0.626575 0.683655 0.446468 0.767872 -0.459390 -0.812802 0.133330 -0.567077
143.933912 -3523.865675 149330.611179 -95404.447919 -0.257987 0.663782 0.702023 -0.788122 -0.564882 0.244484 -0.558844 0.490206 -0.668873
-157.376533 -4460.999644 143374.370535 1614724.673000 -0.247240 0.663283 0.706348 0.322906 0.743711 -0.585342 -0.913566 0.083364 -0.398054
-966.789640 -11032.614182 473275.681826 4375756.362256 -0.166113 0.820762 0.546587 -0.646255 -0.509273 0.568327 -0.744823 0.258828 -0.615018
2959.891653 -3845.876722 -95826996.831366 2176959.741818 -0.677309 0.672013 -0.299418 0.052316 0.449948 0.891521 -0.733836 -0.588171 0.339911
-410.891549 -3225.580078 257644.100024 456122.368246 -0.085593 0.714545 0.694333 -0.267280 -0.687814 0.674888 -0.959810 0.127816 -0.249856
-2485.367935 -14269.892873 1464346.636271 -20993338.850336 0.090003 0.753568 0.651180 0.888927 -0.355629 0.288683 0.449120 0.552869 -0.701874
-13.140887 -88.466824 -13824.203118 -4944.739958 -0.633476 0.706106 0.316420 -0.244932 -0.570900 0.783634 -0.733973 -0.418912 -0.534600
5.480190 -87.041414 -18133.124296 -5836.926352 -0.651254 0.675727 0.345343 -0.227690 -0.608111 0.760499 -0.723896 -0.416647 -0.549890
-0.190550 -91.770961 -19310.745530 -5425.737060 -0.653986 0.683395 0.324459 -0.156846 -0.542059 0.825573 -0.740068 -0.489023 -0.461687
-1.243337 -80.405195 -19445.410244 -4310.384709 -0.654845 0.682075 0.325504 -0.313085 -0.636828 0.704577 -0.687864 -0.359478 -0.630570
-0.581005 -96.262363 8246.390831 -6593.181212 0.237834 -0.514703 -0.823721 0.800579 -0.376338 0.466308 -0.550008 -0.770357 0.322554
2.734228 -94.548917 11436.423918 -8441.948392 0.296192 -0.539584 -0.788111 0.712069 -0.425190 0.558722 -0.636575 -0.726679 0.258284
8.657648 -103.602914 9629.038318 -6961.711745 0.259802 -0.525544 -0.810128 0.779041 -0.381661 0.497423 -0.570612 -0.760354 0.310264
9.675909 -110.008690 12142.587592 -3831.597332 0.194025 -0.493397 -0.847888 0.876387 -0.301185 0.375810 -0.440795 -0.815994 0.373970
-1.208073 -101.004230 10411.171785 -4124.069077 0.163645 -0.477764 -0.863112 0.884581 -0.316259 0.342777 -0.436734 -0.819586 0.370867
-5.584494 -91.556385 -139.807550 -3555.681528 0.165640 -0.506458 -0.846206 0.859465 -0.346648 0.375706 -0.483614 -0.789516 0.377864
-18.696996 -88.421319 -4676.650626 -7874.744936 0.954999 -0.231523 0.185403 -0.265904 -0.945232 0.189291 -0.131424 0.230072 0.964259
6.131226 -81.949746 -25515.353305 -10960.526984 0.840508 -0.461202 0.284322 -0.519010 -0.835977 0.178242 -0.155481 0.297380 0.942014
-18.467109 -91.504819 -8966.095264 -9986.628869 0.906698 -0.350054 0.235290 -0.385440 -0.914200 0.125201 -0.171274 0.204210 0.963828
-0.094565 -88.645823 -3155.951513 2743.836696 -0.383916 0.688030 0.615811 0.753608 -0.151896 0.639533 0.533557 0.709607 -0.460190
-2.149508 -95.936516 420.208937 4310.342473 -0.390680 0.678304 0.622312 0.803894 -0.077954 0.589642 0.448468 0.730635 -0.514829
-4.054375 -99.493065 -976.549410 4177.534885 -0.364322 0.676956 0.639531 0.826071 -0.082149 0.557546 0.429971 0.731424 -0.529285
-10.151006 -170.262021 2175.071234 -1699.720998 -0.280503 0.881674 0.379431 0.627783 -0.130512 0.767369 -0.726090 -0.453450 0.516891
-8.244308 -175.250905 1712.070537 -5121.368959 -0.295897 0.886600 0.355506 0.737845 -0.024223 0.674535 -0.606655 -0.461901 0.647006
-6.500856 -182.004312 1628.786163 -2222.970492 -0.279007 0.890956 0.358264 0.686452 -0.075846 0.723209 -0.671520 -0.447711 0.590437
-19.389677 -66.768369 5413.362554 -736.759436 -0.761358 0.515070 0.393747 0.293581 0.815387 -0.498953 -0.578052 -0.264285 -0.772016
-21.917865 -64.357899 1859.563266 2384.666302 -0.785083 0.490764 0.377882 0.266158 0.818188 -0.509635 -0.559289 -0.299529 -0.772967
-21.840106 -68.170849 5382.901605 1322.922034 -0.743600 0.561280 0.363352 0.284772 0.757537 -0.587403 -0.604950 -0.333320 -0.723141
-57.559789 -846.858871 -43919.496388 523580.561749 -0.370697 0.831957 0.412833 -0.023046 0.436126 -0.899590 0.928468 0.342989 0.142498
-45.831208 -1020.304192 -46040.455216 604308.343550 -0.401652 0.792257 0.459352 0.383612 0.601013 -0.701160 0.831575 0.105409 0.545318
48.777332 -6003.605021 -39325.726042 4388005.682537 -0.345244 0.798239 0.493579 0.022925 0.532933 -0.845847 0.938233 0.280709 0.202292
-11.749060 -484.524007 -28875.967027 273390.769111 -0.348462 0.827337 0.440554 -0.270134 0.361429 -0.892411 0.897553 0.429980 -0.097548
-51.011686 -485.791829 -47287.967885 274957.254472 -0.360075 0.837457 0.411111 -0.274126 0.326241 -0.904667 0.891740 0.438444 -0.112098
61.011862 -177.268227 8556.493714 10183.136222 -0.392467 0.562790 0.727486 0.824362 0.566021 0.006851 -0.407917 0.602401 -0.686088
46.543828 -185.107365 13124.163795 7053.588018 -0.408974 0.540885 0.734972 0.714799 0.690553 -0.110448 -0.567276 0.480187 -0.669042
59.283145 -176.946456 2669.714743 11992.619344 -0.422829 0.586804 0.690563 0.791193 0.610598 -0.034410 -0.441848 0.531819 -0.722453
43.704586 -48.066933 -31960.079831 3104.905943 -0.687735 0.613899 0.387490 0.470137 0.783343 -0.406626 -0.553165 -0.097478 -0.827349
73.563504 -47.354464 -36760.896332 1950.980534 -0.677528 0.606298 0.416363 0.507081 0.795109 -0.332670 -0.532752 -0.014264 -0.846151
77.201491 -50.769155 -28265.684443 -2618.814230 -0.674238 0.558175 0.483574 0.416511 0.828122 -0.375143 -0.609854 -0.051522 -0.790838
-92.087888 -151.901613 -2625.478520 -28516.430473 -0.569384 0.816893 0.092124 0.244544 0.275300 -0.929736 0.784857 0.506848 0.356518
-82.076265 -132.453576 2847.908908 -14683.155589 -0.326313 0.899080 -0.291849 0.479293 -0.108743 -0.870892 0.814738 0.424064 0.395438
-98.431663 -146.527383 -1493.723952 -2464.389953 -0.445771 0.889921 -0.096583 0.282104 0.037266 -0.958660 0.849532 0.454589 0.267663
352.633809 -202.839166 100100.974900 13824.087078 0.285220 -0.506985 -0.813398 0.125524 0.861098 -0.492701 0.950207 0.038427 0.309241
363.677378 -212.288928 -147022.383471 -1075.308484 0.728337 -0.405794 -0.552138 0.065405 0.843275 -0.533488 0.682091 0.352447 0.640729
317.383525 -192.217331 -15485.833212 3305.180200 0.436706 -0.526549 -0.729407 -0.038481 0.799132 -0.599922 0.898781 0.290058 0.328724
330.180578 -206.817969 180660.269966 23065.034244 0.054033 -0.442108 -0.895333 0.263597 0.871152 -0.414260 0.963118 -0.213623 0.163610
326.383887 -205.533496 99950.098178 6156.165869 0.403949 -0.460084 -0.790663 0.344830 0.877143 -0.334233 0.847300 -0.137631 0.512972
339.738079 -190.574566 181440.790555 24743.469069 -0.105586 -0.505314 -0.856451 0.152114 0.842922 -0.516085 0.982707 -0.184770 -0.012135
389.434118 -181.581163 132409.009994 21167.025339 -0.011566 -0.587213 -0.809350 -0.042662 0.808957 -0.586318 0.999023 0.027747 -0.034408
-78.403097 -122.698394 1948.856553 22594.179414 -0.356045 0.853393 -0.380728 0.775247 0.497234 0.389552 -0.521752 0.156460 0.838627
46.278105 -85.370199 12336.274888 -1272.673963 -0.394026 0.706981 0.587300 0.058468 0.656982 -0.751636 0.917238 0.261826 0.300204
52.954144 -85.027081 25918.011116 2082.897004 -0.394104 0.712797 0.580174 -0.051004 0.613330 -0.788178 0.917649 0.340216 0.205360
58.487243 -86.093478 19863.749362 431.276112 -0.345955 0.738710 0.578466 0.051017 0.630435 -0.774564 0.936863 0.238452 0.255789
39.020889 -85.656370 520.675775 717.627807 -0.404290 0.700691 0.587862 -0.047654 0.625722 -0.778589 0.913388 0.342790 0.219583
50.080867 -84.647149 28295.448992 -1159.772251 -0.370144 0.734649 0.568580 0.153193 0.651943 -0.742632 0.916256 0.187778 0.353856
39.942935 -83.927008 -11750.026631 -3470.488007 -0.394395 0.700557 0.594704 0.144781 0.686450 -0.712618 0.907464 0.194951 0.372160
43.819234 -85.869061 -10107.269497 -236.290656 -0.409895 0.702005 0.582387 0.044748 0.653197 -0.755864 0.911034 0.283765 0.299156
34.642416 -82.821946 9225.004117 -1813.100173 -0.389024 0.706327 0.591406 0.160350 0.684095 -0.711549 0.907165 0.181978 0.379389
40.521325 -158.651109 -9026.197934 8751.148925 0.993663 -0.085680 -0.072745 -0.017892 -0.759548 0.650205 0.110963 0.644784 0.756268
42.619716 -161.780514 -16009.594567 -12041.813512 0.988768 -0.149276 0.007446 -0.097605 -0.607173 0.788552 0.113191 0.780421 0.614923
38.925496 -125.669682 6248.445810 4825.084723 0.981956 -0.126180 -0.140856 -0.015847 -0.797130 0.603600 0.188442 0.590476 0.784747
43.992921 -140.073389 -6804.304422 26423.005446 0.991045 -0.029481 -0.130233 0.036057 -0.880006 0.473591 0.128567 0.474046 0.871063
46.144414 -139.528074 -4790.604588 -3598.235622 0.986444 -0.153415 -0.058234 -0.064899 -0.690690 0.720233 0.150716 0.706691 0.691283
-1.714754 -73.840857 -3210.149024 -12251.037353 0.197235 -0.743799 0.638640 0.979287 0.179902 -0.092914 -0.045783 0.643737 0.763876
-5.744400 -79.815432 -5055.101434 2997.497356 0.227305 -0.735849 0.637855 0.968667 0.103530 -0.225757 0.100086 0.669185 0.736325
14.042499 -59.265268 -22161.175126 5303.999190 -0.432283 0.830026 0.352405 0.775229 0.142460 0.615406 0.460599 0.539224 -0.705043
29.352286 -67.925577 -13880.997492 7226.924924 -0.467187 0.809087 0.356530 0.782450 0.190569 0.592837 0.411714 0.555933 -0.722102
32.449736 -70.579545 -12218.642780 3562.473945 -0.498689 0.796566 0.341750 0.793988 0.261646 0.548747 0.347696 0.545000 -0.762944
12.609656 -66.248854 -20836.881381 286.921625 -0.543559 0.793766 0.272908 0.776575 0.352178 0.522400 0.318552 0.495889 -0.807848
-12.445944 -179.821387 -20780.399463 -1820.241141 -0.177438 0.896220 -0.406578 -0.703021 -0.404535 -0.584904 0.688678 -0.182049 -0.701841
-8.409598 -182.678659 -13359.295124 3868.535713 -0.164650 0.912656 -0.374099 -0.806667 -0.342853 -0.481394 0.567608 -0.222512 -0.792660
-24.689678 -204.318877 -12470.856648 15740.995947 -0.201980 0.915388 -0.348236 -0.819791 -0.352561 -0.451269 0.535861 -0.194334 -0.821637
-30.374793 -148.716890 -1055.601252 1333.018325 -0.643099 0.751744 -0.145958 0.159749 0.318103 0.934500 -0.748935 -0.577660 0.324662
-30.439684 -146.078072 -1267.067032 7510.421998 -0.637996 0.749534 -0.176522 0.347464 0.484789 0.802651 -0.687189 -0.450753 0.569730
18.343962 -188.017794 4281.052522 -32764.786008 -0.485013 0.871586 -0.071415 -0.735052 -0.362065 0.573243 -0.473774 -0.330524 -0.816267
16.167498 -188.917856 1247.720918 -19370.073737 -0.543551 0.836552 -0.068799 -0.732087 -0.432383 0.526397 -0.410611 -0.336490 -0.847451
11.676128 -163.776667 -769.702840 -29642.538528 -0.551798 0.830942 -0.071096 -0.775449 -0.479832 0.410416 -0.306917 -0.281598 -0.909123
9.238265 -144.150933 2180.438563 -38687.297278 -0.532973 0.843929 -0.061026 -0.791397 -0.471678 0.388858 -0.299383 -0.255547 -0.919274
11.335323 -130.868417 -3635.800636 17253.955781 -0.621924 0.781516 -0.049433 0.757650 0.584573 -0.290243 -0.197932 -0.217962 -0.955675
13.821803 -146.138515 -6632.433191 17007.592904 -0.623693 0.779838 -0.053481 0.765150 0.595090 -0.245791 -0.159851 -0.194219 -0.967846
15.414768 -65.170836 -7630.260334 -11915.252792 -0.813192 0.208380 -0.543412 0.043901 0.953007 0.299751 0.580338 0.219899 -0.784125
8.901189 -56.041802 -287.950119 -15419.534033 -0.813577 0.248790 -0.525543 0.086273 0.945485 0.314032 0.575021 0.210149 -0.790689
11.665620 -68.957143 1587.867254 -19197.186471 -0.795813 0.360198 -0.486764 0.146131 0.894327 0.422878 0.587645 0.265400 -0.764353
-1.556685 -54.253154 -11317.126481 -2946.519172 0.134526 0.677081 0.723508 -0.688791 0.588799 -0.422945 0.712369 0.441449 -0.545577
23.537223 -47.386713 -14545.448427 4227.793858 -0.093174 0.813008 0.574749 -0.656070 0.384081 -0.649657 0.748926 0.437607 -0.497604
7.183777 -44.753576 -8313.022048 204.557736 0.019102 0.740976 0.671260 -0.706970 0.484754 -0.514982 0.706985 0.464724 -0.533108
-6.387039 -58.455044 6804.149156 -9596.036290 -0.251656 -0.566058 -0.785015 -0.694327 0.670658 -0.261014 0.674225 0.479372 -0.561804
-8.721938 -169.721373 4335.255781 -9174.952258 0.691887 -0.708475 0.139121 0.499551 0.330622 -0.800711 -0.521287 -0.623500 -0.582673
-15.814796 -166.543699 622.545333 -8334.738810 0.656312 -0.739347 0.150403 0.481210 0.256656 -0.838192 -0.581112 -0.622491 -0.524227
38.817604 -216.119806 8092.928847 -65914.294146 0.895046 0.344133 0.283662 0.410371 -0.884550 -0.221737 -0.174606 -0.314872 0.932935
41.229089 -205.282311 4139.378990 -54904.966071 0.883022 0.333598 0.330128 0.403214 -0.899203 -0.169857 -0.240189 -0.283099 0.928528
26.239582 -253.960790 -8267.838755 -94301.036141 0.862686 0.291307 0.413416 0.432124 -0.849283 -0.303292 -0.262756 -0.440293 0.858546
36.245570 -195.995589 -12971.882425 -42630.616154 0.852798 0.305332 0.423685 0.413994 -0.889788 -0.192060 -0.318347 -0.339191 0.885214
28.161053 -163.175061 -8756.753702 -17516.296951 0.781551 0.602410 0.162110 0.256228 -0.073049 -0.963852 0.568792 -0.794837 0.211446
