11064
22116
-73.863925 -109.870598 3048.497972 22840.443315 -0.316719 -0.458216 0.830498 -0.560000 0.797020 0.226184 -0.765565 -0.393442 -0.509033
-81.973082 -121.842982 3458.512385 17416.090620 -0.399629 -0.416328 0.816681 -0.618205 0.780226 0.095236 -0.676845 -0.466817 -0.569177
-58.114549 -133.126629 10922.356275 23492.199480 -0.352724 -0.325137 0.877423 -0.600509 0.797778 0.054219 -0.717618 -0.507776 -0.476643
-76.100306 -98.172061 187.270656 13411.197834 0.077066 0.835122 -0.544639 -0.655558 0.454022 0.603414 -0.751202 -0.310540 -0.582460
-61.139370 -106.209028 9702.247144 29443.619101 -0.293295 -0.361187 0.885168 -0.491568 0.851091 0.184405 -0.819963 -0.381035 -0.427169
-56.090208 -81.829438 -1616.056991 12991.956507 0.036242 0.793484 -0.607512 -0.562720 0.518579 0.643757 -0.825853 -0.318528 -0.465303
53.521489 -78.615002 12854.732420 3774.917547 0.932598 0.049001 -0.357576 -0.176041 0.926654 -0.332147 -0.315074 -0.372707 -0.872822
47.843639 -76.298549 -4891.217099 -85.592161 -0.917844 -0.037758 0.395142 -0.142885 0.960163 -0.240146 -0.370334 -0.276876 -0.886675
55.915513 -77.445125 10604.555615 598.285087 -0.882075 0.012643 0.470939 -0.170988 0.922882 -0.345038 -0.438983 -0.384874 -0.811890
12.600096 -59.713833 15792.942393 4287.528081 0.606253 0.079894 -0.791248 0.724673 0.354322 0.591020 0.327575 -0.931704 0.156911
10.839221 -54.446254 17015.979327 5488.583050 0.591535 0.080567 -0.802244 0.709700 0.420169 0.565495 0.382638 -0.903862 0.191366
-6.623807 -58.219957 16818.192159 2017.862115 0.536317 0.047492 -0.842679 0.781968 0.347777 0.517278 0.317631 -0.936374 0.149381
26.416065 -53.916137 9675.925364 6807.361124 0.630692 0.059933 -0.773716 0.687109 0.420294 0.592651 0.360708 -0.905407 0.223895
-2.931141 -59.866048 15398.378625 -981.497734 0.594044 0.070025 -0.801379 0.765005 0.258880 0.589702 0.248755 -0.963368 0.100217
19.693120 -61.034776 9044.860633 3102.030225 0.656472 0.047515 -0.752852 0.709828 0.298882 0.637820 0.255320 -0.953106 0.162480
-44.451305 -142.907062 -4241.174846 48643.271837 0.480212 0.353406 -0.802808 0.325088 0.778358 0.537100 0.814687 -0.518905 0.258889
-55.922422 -193.813174 1858.342709 52945.812250 0.485716 0.451753 -0.748331 0.465797 0.590660 0.658904 0.739671 -0.668610 0.076468
-40.174097 -148.600731 5184.125523 43402.806742 0.458922 0.566773 -0.684222 0.268247 0.645782 0.714850 0.847015 -0.511600 0.144329
-28.701385 -104.794095 -411.778263 19556.518037 0.469953 0.489761 -0.734356 0.196290 0.753134 0.627901 0.860590 -0.439231 0.257802
-29.139276 -137.182587 4940.267580 -30087.096460 0.438873 0.656957 -0.613024 -0.231762 -0.576391 -0.783620 0.868146 -0.485985 0.100705
-37.758744 -182.566149 7402.897166 -37302.209773 0.403529 0.658219 -0.635541 -0.433885 -0.473879 -0.766278 0.805548 -0.584967 -0.094367
-5.557894 -165.657310 130.584532 -2854.059015 -0.138005 -0.315786 0.938740 -0.016160 0.948401 0.316660 -0.990300 0.028530 -0.135987
-6.392789 -166.386609 418.214849 -4483.748515 -0.132970 -0.331019 0.934209 0.187859 0.917074 0.351687 -0.973154 0.222263 -0.059758
-6.752116 -160.562148 1224.486056 -5232.612538 -0.138668 -0.297809 0.944500 -0.035007 0.954592 0.295851 -0.989720 0.007961 -0.142797
-5.626604 -161.401684 915.255317 5336.090644 -0.150886 -0.276437 0.949113 -0.225449 0.944426 0.239231 -0.962500 -0.177879 -0.204823
-7.457896 -156.166492 1392.750518 1473.298797 -0.166631 -0.262084 0.950550 -0.234780 0.946847 0.219907 -0.957660 -0.186527 -0.219306
-8.553862 -156.782489 1176.960750 -4984.204904 -0.165941 -0.282942 0.944673 -0.036277 0.959058 0.280878 -0.985468 0.012339 -0.169412
44.818575 -50.673364 -2988.703419 3076.626552 -0.436459 0.116881 -0.892100 0.723585 -0.543684 -0.425245 -0.534723 -0.831112 0.152722
39.040835 -49.210448 -1307.361445 -9631.992717 -0.454326 0.156326 -0.877012 0.709697 -0.531528 -0.462394 -0.538440 -0.832491 0.130543
41.921081 -61.747564 -10061.568572 -17310.517306 -0.381762 0.139911 -0.913610 0.736026 -0.551858 -0.392069 -0.559038 -0.822117 0.107700
52.537452 -51.714238 -13842.391198 -20402.030620 -0.355239 0.176615 -0.917939 0.730960 -0.559615 -0.390550 -0.582669 -0.809715 0.069699
53.075046 -39.732580 -12755.761395 -2908.158101 -0.396492 0.156885 -0.904534 0.716865 -0.562599 -0.411809 -0.573497 -0.811707 0.110601
-1.384300 -241.779057 -4160.789232 1399.517778 0.790474 0.455310 0.409688 -0.535822 0.838096 0.102419 0.296725 0.300479 -0.906458
0.460106 -225.911827 2272.090117 9532.890199 0.764172 0.468117 0.443743 -0.616015 0.733622 0.286923 0.191226 0.492610 -0.848980
-0.093834 -230.653753 -1528.547555 3016.268907 -0.772030 -0.460311 -0.438273 -0.544308 0.834872 0.081963 0.328173 0.301833 -0.895097
-3.160114 -243.494849 480.338300 3731.580248 -0.792622 -0.440771 -0.421274 -0.432209 0.893526 -0.121682 0.430054 0.085631 -0.898733
-62.885507 -94.946155 -9329.249649 -1191.643673 0.770403 -0.580867 0.262818 0.236582 -0.122336 -0.963879 -0.592037 -0.804753 -0.043175
-75.940404 -114.220971 -6792.366311 -1713.476546 0.782750 -0.442067 0.438040 0.400157 -0.181557 -0.898283 -0.476630 -0.878415 -0.034782
-68.349015 -106.074311 -11352.331572 -2650.313549 0.833531 -0.536985 0.129900 0.057751 -0.149147 -0.987127 -0.549447 -0.830302 0.093307
-39.264476 -77.475495 -5655.839616 -1271.557424 0.248607 0.932210 -0.263020 -0.157312 -0.229081 -0.960612 0.955744 -0.280191 -0.089697
-37.500943 -85.078270 -3340.795282 -5468.378998 0.207430 0.886443 -0.413752 -0.362661 -0.323131 -0.874107 0.908543 -0.331368 -0.254451
-51.567708 -73.971994 -7865.579275 -1661.366726 0.203882 0.948770 -0.241388 -0.188249 -0.203972 -0.960707 0.960726 -0.241312 -0.137019
21.300230 -466.089080 10757.405163 18186.017083 0.737701 0.223887 0.636923 -0.533522 0.771430 0.346771 0.413705 0.595626 -0.688534
-3.153027 -510.785524 12260.367885 113341.833996 0.740684 0.236864 0.628715 -0.594059 0.667993 0.448195 0.313816 0.705465 -0.635483
12.212355 -788.488175 21216.151494 358984.503840 0.706954 0.266610 0.655084 -0.702141 0.375795 0.604794 0.084933 0.887523 -0.452868
37.408464 -518.156375 1628.514539 153730.983216 0.769579 0.249645 0.587729 -0.621850 0.502133 0.600970 0.145089 0.827973 -0.541673
41.626979 -488.547278 -2603.755606 -100942.191894 -0.759091 -0.290068 -0.582787 -0.482361 0.851811 0.204316 0.437159 0.436209 -0.786520
1.422667 -24.347968 5203.217854 3534.186592 0.732995 -0.339563 -0.589419 0.651988 0.597808 0.466410 -0.193984 0.726170 -0.659581
-0.830035 -18.275379 -3726.198655 -963.047455 -0.520557 0.487864 0.700721 0.834612 0.463873 0.297061 -0.180120 0.739467 -0.648649
13.676403 -28.265062 -9822.194564 2972.652041 -0.659804 0.412154 0.628322 0.733189 0.536262 0.418160 -0.164599 0.736582 -0.656014
13.085831 -34.072362 11876.885639 5319.961814 0.771063 -0.309976 -0.556217 0.604845 0.629612 0.487597 -0.199057 0.712393 -0.672958
26.455585 -33.144740 -12138.141388 4237.106852 -0.632897 0.417018 0.652333 0.759203 0.499500 0.417266 -0.151833 0.759339 -0.632733
25.911294 -40.850019 12169.402188 5248.489502 0.729557 -0.336571 -0.595371 0.655407 0.592799 0.468008 -0.195418 0.731649 -0.653071
0.156685 -1616.506611 -17695.123949 -248625.881808 -0.738508 -0.408852 -0.536140 -0.213235 0.895984 -0.389542 0.639638 -0.173356 -0.748873
2.429474 -845.031992 960.541879 63425.354192 -0.739119 -0.376067 -0.558817 -0.280117 0.926098 -0.252739 0.612566 -0.030270 -0.789840
19.641448 -1442.859352 2940.761448 -436883.837495 -0.737709 -0.434362 -0.516832 0.083982 0.700554 -0.708641 0.669875 -0.566175 -0.480327
-3.250233 -2297.861403 -6378.724080 -461574.730443 -0.770118 -0.388722 -0.505780 -0.464811 0.884981 0.027577 0.436886 0.256330 -0.862222
6.858606 -888.645677 -1230.213939 87707.255038 -0.772128 -0.470243 -0.427422 -0.249344 0.842865 -0.476872 0.584504 -0.261631 -0.768052
110.704800 -2401.273214 4264479.976012 12540170.262545 -0.523204 0.438246 -0.730889 0.775419 -0.110970 -0.621619 -0.353529 -0.891979 -0.281764
-1792.856442 -3742.438893 1586163.280735 -4358269.650188 0.943230 -0.154301 0.294122 0.219746 0.953933 -0.204262 0.249055 -0.257298 -0.933686
-550.445701 -2333.407190 182368.818146 -18152219.249048 0.825734 0.171441 0.537374 0.472408 -0.730759 -0.492769 -0.308210 -0.660756 0.684404
12039.331364 -1913.317997 -153559027.993121 -1276967.914425 0.561378 -0.420958 -0.712495 -0.489893 0.524854 -0.696084 -0.666978 -0.739813 -0.088417
-10.372648 -30.035082 4945.071029 6498.194443 0.958687 0.148405 -0.242683 0.170190 0.384365 0.907358 -0.227935 0.911175 -0.343229
-11.310710 -21.818311 754.024988 7846.700478 0.828851 0.024442 -0.558935 0.510870 0.374208 0.773939 -0.228074 0.927023 -0.297676
1.028048 -19.371373 9853.882779 6805.294288 0.970090 0.239457 0.039824 -0.111642 0.294434 0.949128 -0.215550 0.925186 -0.312361
0.866464 -13.274623 9868.957588 7871.701345 0.969004 0.242060 0.049378 -0.113876 0.260279 0.958795 -0.219234 0.934699 -0.279776
46.122598 25.898388 8292.601926 -5235.447527 0.800286 -0.317070 -0.508930 0.587044 0.587214 0.557278 -0.122155 0.744746 -0.656073
45.506641 17.531592 -9357.178782 20888.677801 -0.462542 0.513818 0.722528 0.886082 0.295695 0.356965 -0.030233 0.805330 -0.592056
24.164052 9.577538 24083.801323 -1279.440938 0.793270 -0.435344 -0.425675 0.608870 0.568299 0.553456 -0.000967 0.698221 -0.715882
53.790641 33.389235 1971.433300 12923.308547 -0.561833 0.358573 0.745499 0.809840 0.422319 0.407194 -0.168830 0.832510 -0.527659
45.000545 5.481207 9034.842980 -26488.612078 0.937019 -0.106818 -0.332543 0.302673 0.723472 0.620466 -0.174308 0.682040 -0.710238
56.530180 17.462421 -3707.779421 -20271.619477 0.893835 -0.022054 -0.447854 0.335921 0.694521 0.636237 -0.297012 0.719135 -0.628195
-199.655180 -675.476812 67164.713487 -47721.046632 -0.292934 -0.722843 -0.625849 0.855983 -0.489906 0.165182 -0.426008 -0.487329 0.762252
-123.177109 -677.830182 36134.414335 -223714.522340 -0.079404 -0.723265 -0.685991 0.975777 -0.197121 0.094885 -0.203850 -0.661839 0.721397
-335.830531 -1281.609606 80682.649638 -550375.059800 0.087864 -0.858195 -0.505748 0.970727 -0.040168 0.236804 -0.223539 -0.511750 0.829544
-832.061337 -1135.637451 -338582.484941 -340798.398432 0.543988 0.626859 0.557786 -0.696971 0.707716 -0.115626 -0.467235 -0.325861 0.821892
-64.497267 -97.373200 -6639.988841 5106.878720 0.041108 0.716016 0.696872 -0.688331 0.525845 -0.499688 0.724231 0.459137 -0.514472
-60.427327 -96.776275 -585.929008 1363.027386 0.131170 0.736738 0.663334 -0.646115 0.571014 -0.506437 0.751884 0.362161 -0.550917
-64.188203 -97.189045 -3117.230632 1608.049473 0.071969 0.694404 0.715977 -0.764013 0.499838 -0.407979 0.641175 0.517654 -0.566506
-76.622940 -99.572994 -8708.787762 4588.845550 -0.065818 0.666163 0.742897 -0.776586 0.433299 -0.457346 0.626564 0.607025 -0.488814
-71.768223 -99.304074 -6610.365532 1650.335333 0.035326 0.637401 0.769722 0.851901 -0.421896 0.310272 0.522511 0.644766 -0.557906
-63.087039 -98.312601 -120.704614 1932.611154 0.098349 0.697592 0.709713 0.835030 -0.445800 0.322471 0.541343 0.560917 -0.626354
14.671968 -146.879353 -1840.990390 2009.347984 0.176773 -0.424175 -0.888159 0.109410 0.905246 -0.410560 0.978152 -0.024598 0.206432
18.502322 -136.074471 -8507.653920 -4907.976007 0.196990 -0.386859 -0.900852 0.226838 0.911909 -0.342005 0.953803 -0.136976 0.267392
14.934057 -152.955067 819.734735 -1092.239477 0.207188 -0.336156 -0.918734 0.111002 0.941125 -0.319316 0.971983 -0.035823 0.232304
11.152461 -81.129395 11064.253289 3224.917912 -0.519556 -0.271016 0.810316 0.828949 -0.389786 0.401137 0.207135 0.880124 0.427174
18.827529 -86.606016 10524.646180 2922.871324 -0.511913 -0.249740 0.821934 0.854004 -0.251376 0.455508 0.092856 0.935115 0.341961
20.887657 -83.891243 5101.500886 3826.186773 -0.521508 -0.218495 0.824796 0.829345 -0.357001 0.429811 0.200542 0.908190 0.367387
446.064901 22.419660 103877.360358 9450.412662 0.219362 0.130235 0.966912 -0.040275 0.991415 -0.124398 -0.974812 -0.011654 0.222724
265.487285 0.952254 28401.939240 2976.494504 -0.110655 0.025710 0.993526 0.140655 0.990009 -0.009954 -0.983855 0.138643 -0.113166
293.622438 9.667162 49967.784310 2759.444097 0.204040 0.140134 0.968881 -0.014131 0.990020 -0.140216 -0.978861 0.014918 0.203984
692.239922 -19.580732 -198802.599077 13132.795732 -0.357472 0.285841 0.889106 0.184930 0.954825 -0.232617 -0.915431 0.081269 -0.394183
256.887450 -3.184083 27150.917237 -321.053866 0.377122 0.310565 0.872541 -0.051882 0.947707 -0.314895 -0.924709 0.073485 0.373514
719.750758 0.634434 18569.859711 3839.017324 0.059362 0.247253 0.967131 -0.175553 0.956326 -0.233715 -0.982679 -0.155909 0.100175
4.675527 -115.057487 3644.404522 -3350.478579 0.857394 0.111014 -0.502544 0.498064 0.066987 0.864549 -0.129641 0.991559 -0.002142
9.071483 -111.270175 2281.746072 -4019.016409 0.859557 0.132976 -0.493436 0.485862 0.086691 0.869726 -0.158429 0.987321 -0.009907
3.079925 -108.849428 3620.173447 -3964.622231 0.846569 0.104023 -0.522016 0.485204 0.252428 0.837172 -0.218856 0.962008 -0.163226
-2.566757 -113.641525 3739.194422 -3659.650441 0.838537 0.096563 -0.536219 0.503102 0.240566 0.830070 -0.209150 0.965818 -0.153142
-1.176545 -119.223505 3664.722149 -2379.870862 0.850444 0.103305 -0.515823 0.513333 0.051463 0.856645 -0.115041 0.993318 0.009264
-7.518886 -144.759321 5329.774787 -11783.148148 0.850230 -0.239429 -0.468809 0.522522 0.491904 0.696420 -0.063866 0.837081 -0.543339
-9.527738 -153.654645 4716.583751 -13199.527204 0.846737 -0.239307 -0.475151 0.531060 0.326785 0.781785 0.031814 0.914300 -0.403787
2.765453 -151.030820 7045.461844 -11594.430139 0.834068 -0.261779 -0.485594 0.550966 0.351117 0.757069 0.027684 0.898993 -0.437087
-20.564081 -72.953180 -327.763002 -2225.443248 0.747434 -0.040658 -0.663091 -0.598037 -0.475834 -0.644929 0.289300 -0.878595 0.379969
-18.669807 -72.952898 -521.666236 1982.341571 0.754303 -0.058477 -0.653917 -0.565911 -0.562845 -0.602453 0.332825 -0.824491 0.457648
-19.956617 -74.099571 -1539.828740 -1954.388425 0.742651 -0.083620 -0.664438 -0.624783 -0.443679 -0.642491 0.241072 -0.892276 0.381743
-7.270633 -248.685615 1064.546101 -59970.092564 0.817268 0.043010 -0.574651 0.334393 -0.847540 0.412139 0.469313 0.528986 0.707049
-5.233498 -212.113962 -32.524785 -35054.478653 0.824342 0.047889 -0.564062 0.397400 -0.758572 0.516373 0.403153 0.649827 0.644355
-5.978809 -273.325878 -1683.607507 -69112.727953 0.839901 0.031395 -0.541831 0.277304 -0.883004 0.378691 0.466550 0.468315 0.750342
-7.277955 -269.627978 -50.524133 56918.871179 0.820965 0.027400 -0.570320 -0.210028 0.943310 -0.257012 0.530946 0.330781 0.780180
-13.704544 -294.953744 2116.297745 43235.281088 0.798281 0.033612 -0.601347 -0.206884 0.952992 -0.221369 0.565638 0.301124 0.767709
2.067430 -111.494767 -4199.546836 -13983.686686 0.785420 0.150747 -0.600325 0.445178 0.536269 0.717100 -0.430037 0.830476 -0.354087
-3.180975 -107.578153 -3406.227725 -12515.794315 0.786178 0.141695 -0.601537 0.440214 0.554759 0.706013 -0.433746 0.819857 -0.373763
2.217748 -97.010610 -3759.529357 -12672.118143 0.778921 0.142324 -0.610759 0.388672 0.654747 0.648260 -0.492155 0.742328 -0.454679
9.621526 -172.877236 -6330.136592 8233.075631 -0.878854 0.172620 0.444767 -0.060241 0.884636 -0.462374 -0.473272 -0.433152 -0.767068
17.989860 -164.159489 -8165.972407 11526.566329 -0.873053 0.232740 0.428498 0.092349 0.941758 -0.323362 -0.478801 -0.242741 -0.843698
22.202798 -177.521114 -5348.526133 15273.527677 -0.860399 0.223642 0.457928 -0.001224 0.897656 -0.440695 -0.509619 -0.379734 -0.772068
-15.783076 -321.759190 2020.889311 -19452.425574 0.767680 0.307886 -0.562027 0.576218 -0.715425 0.395145 0.280428 0.627195 0.726627
-45.828408 -871.904560 -10149.941732 -265264.163898 0.695754 0.330869 -0.637536 0.609130 -0.742151 0.279593 0.380639 0.582870 0.717897
-19.191966 -407.142351 6493.203555 -41859.004744 0.754052 0.280466 -0.593922 0.642923 -0.500168 0.580071 0.134370 0.819250 0.557471
-13.583265 -416.839768 11737.702098 -109177.726669 0.689588 0.387143 -0.612037 0.580390 -0.800901 0.147322 0.433146 0.456812 0.776986
-15.090057 -297.226931 1366.256194 20578.332128 0.801696 0.279620 -0.528296 0.585204 -0.547184 0.598437 0.121740 0.788925 0.602309
-28.089319 -521.732154 -11649.425598 154408.817774 0.752232 0.384759 -0.534890 -0.523579 0.841887 -0.130736 0.400015 0.378401 0.834746
0.651010 -91.814516 7368.950419 3367.268394 0.976225 -0.030252 -0.214640 0.216420 0.191598 0.957315 -0.012164 0.981007 -0.193590
-7.530731 -89.169214 1692.222067 4347.821804 0.979757 -0.019721 -0.199214 0.198362 0.229727 0.952826 -0.026974 0.973055 -0.228989
-4.068366 -83.919598 -3493.930869 3126.501781 0.965516 -0.013853 -0.259975 0.260102 0.094319 0.960964 -0.011209 0.995446 -0.094670
5.052331 -90.664631 6242.857090 3241.495867 0.956197 -0.051950 -0.288079 0.291384 0.074829 0.953675 0.027987 0.995842 -0.086689
3.852685 -78.803355 -1326.114343 1881.613424 0.920025 -0.022647 -0.391204 0.389608 -0.053988 0.919397 0.041942 0.998285 0.040847
-1.701983 -74.549994 -4716.241883 790.366167 0.930142 -0.017587 -0.366779 0.367109 0.022344 0.929909 0.008159 0.999596 -0.027239
17.123519 -238.418011 5051.368203 12891.560518 -0.881448 -0.072307 0.466713 -0.083289 0.996521 -0.002913 -0.464879 -0.041440 -0.884404
15.175983 -234.133563 -1026.556498 4042.607077 -0.907103 -0.064873 0.415880 0.016323 0.981886 0.188769 -0.420593 0.178021 -0.889612
17.600315 -223.198564 2918.129225 11482.028861 -0.889315 -0.073131 0.451411 0.062640 0.958344 0.278662 -0.452986 0.276095 -0.847688
8.730256 -146.042002 -351.924702 4450.468747 0.869805 0.011003 -0.493274 0.492884 -0.064919 0.867670 0.022475 0.997830 0.061890
6.252838 -140.991246 2701.732151 7226.152763 0.880130 -0.001032 -0.474733 0.472041 -0.104454 0.875367 0.050491 0.994529 0.091446
4.937472 -143.515901 -2146.709052 -4343.783888 0.852825 0.042586 -0.520458 0.510377 -0.278831 0.813491 0.110476 0.959396 0.259529
-66.108732 -108.757891 15573.260346 1488.830329 0.285839 0.719605 -0.632823 -0.001731 -0.659987 -0.751275 0.958276 -0.215839 0.187405
-63.459585 -110.114874 12862.132076 7242.488912 0.309309 0.694421 -0.649698 -0.161345 -0.634974 -0.755497 0.937174 -0.338508 0.084362
-51.241739 -107.461337 15218.659141 -3189.705030 0.232476 0.648335 -0.724994 0.082803 0.729517 0.678932 0.969071 -0.217867 0.115912
-44.757913 -103.550652 15269.997086 3824.556437 0.202449 0.620905 -0.757292 -0.039833 0.777886 0.627141 0.978482 -0.096799 0.182215
-67.168058 -104.208045 13604.442567 -6918.637325 0.275574 0.708125 -0.650090 0.137286 -0.698336 -0.702481 0.951426 -0.104338 0.289659
-58.504774 -466.669905 -25030.101873 231074.396713 0.788012 -0.371016 0.491309 0.207300 0.911320 0.355701 -0.579711 -0.178448 0.795042
-51.650968 -878.362790 23608.899219 432011.808242 0.784022 -0.093825 0.613601 -0.106516 0.953513 0.281901 -0.611525 -0.286374 0.737581
-102.733412 -997.748361 -11042.718578 469551.253629 0.818214 -0.134540 0.558949 -0.057367 0.948274 0.312228 -0.572044 -0.287534 0.768173
-154.928222 -259.029288 -27331.395682 20547.100910 0.653700 -0.681470 0.329051 0.479566 0.709409 0.516483 -0.585400 -0.179824 0.790551
-110.898143 -1379.849144 -36206.573763 667054.402688 0.795924 -0.136392 0.589832 -0.053315 0.954713 0.292711 -0.603044 -0.264423 0.752608
-88.329839 -127.820367 2379.219651 9498.146051 -0.359056 -0.527070 0.770244 -0.751724 0.652447 0.096040 -0.553163 -0.544528 -0.630476
-64.455048 -127.876526 -8872.245356 -1698.322639 0.308414 0.424988 -0.851038 0.791898 -0.610393 -0.017834 -0.527047 -0.668435 -0.524801
-82.241311 -113.146731 -782.832677 15438.601847 0.114863 0.801654 -0.586649 -0.748506 0.458110 0.479452 -0.653105 -0.384038 -0.652663
-75.506390 -100.731160 2447.049373 -12258.151209 0.173786 0.619195 0.765765 0.468434 0.632015 -0.617354 -0.866238 0.465998 -0.180217
-75.917101 -100.703210 -1283.610066 7433.279575 0.052264 0.693502 0.718556 -0.493046 -0.607807 0.622476 -0.868432 0.386814 -0.310162
-75.211477 -87.248435 857.629115 8939.923645 0.139448 0.705289 0.695070 -0.381681 -0.609407 0.694941 -0.913714 0.362203 -0.184215
-78.443377 -109.561654 -2289.377152 9680.948840 0.029848 0.640326 0.767523 -0.602028 -0.601449 0.525187 -0.797917 0.477746 -0.367542
-75.729084 -109.693887 3263.398950 9189.568988 0.145961 0.600620 0.786099 -0.605069 -0.574458 0.551263 -0.782680 0.556106 -0.279568
-73.635286 -105.282849 4324.510216 -10036.719601 0.244747 0.559395 0.791945 0.546327 0.595216 -0.589275 -0.801016 0.576884 -0.159935
-20.930325 -140.068177 -7836.889352 -20588.344265 0.860456 0.337926 0.381341 -0.000979 0.749521 -0.661979 0.509523 -0.569231 -0.645261
-11.563497 -149.113615 -6410.664647 -20065.337239 0.871912 0.338241 0.354065 -0.038290 0.767964 -0.639348 0.488163 -0.543898 -0.682548
-24.958101 -172.369683 8474.832799 -18316.090887 -0.856339 -0.365082 -0.365237 -0.164896 0.863540 -0.476558 0.489380 -0.347870 -0.799684
-13.994561 -124.126583 -10034.055765 -15205.644579 0.865689 0.276722 0.417141 0.140824 0.665031 -0.733419 0.480365 -0.693656 -0.536741
-33.784125 -143.663811 10586.917207 -20859.892919 -0.847316 -0.347378 -0.401725 -0.017584 0.774354 -0.632508 0.530797 -0.528871 -0.662231
-27.580058 -119.556388 -7174.401511 -14361.125624 0.833425 0.289188 0.470927 0.178894 0.665090 -0.725018 0.522876 -0.688495 -0.502569
43.207435 -77.578234 24593.447756 2265.334041 0.952976 0.084880 -0.290915 -0.156402 0.960001 -0.232243 -0.259566 -0.266822 -0.928133
34.220797 -77.070387 -13394.263921 -942.091254 -0.946316 -0.061409 0.317356 -0.110709 0.983983 -0.139719 -0.303693 -0.167352 -0.937957
42.004832 -76.928074 5356.892676 -1812.992624 -0.888329 -0.021022 0.458726 -0.091464 0.987036 -0.131889 -0.450007 -0.159118 -0.878735
23.234196 -44.999375 8908.056292 6817.223753 0.628820 0.067698 -0.774599 0.657592 0.485295 0.576248 0.414920 -0.871726 0.260645
-58.516420 -201.073337 -3172.009428 52901.816988 0.477407 0.279123 -0.833170 0.556673 0.637565 0.532566 0.679852 -0.718054 0.148998
-62.934213 -229.077575 962.029632 34974.488170 0.472909 0.414365 -0.777598 0.681524 0.387336 0.620883 0.558464 -0.823573 -0.099225
-56.258599 -220.038247 6800.745601 32596.521771 0.412181 0.546068 -0.729326 0.665715 0.366012 0.650275 0.622037 -0.753555 -0.212662
-6.061137 -173.533763 -386.286756 -4792.340122 -0.132181 -0.345844 0.928935 0.192220 0.910425 0.366304 -0.972409 0.226978 -0.053863
-7.297470 -175.663196 -24.060929 -3170.274810 -0.149992 -0.352091 0.923869 0.390138 0.837535 0.382528 -0.908457 0.417813 0.011740
-7.459844 -167.392135 555.696843 1557.206461 -0.153023 -0.328844 0.931904 0.357630 0.860666 0.362430 -0.921241 0.388737 -0.014097
44.394200 -57.163507 11026.433485 -6136.321959 -0.443504 0.110261 -0.889464 0.738564 -0.517268 -0.432385 -0.507767 -0.848691 0.147976
1.028593 -237.600826 -7056.965501 5978.565621 0.776645 0.491405 0.394136 -0.615982 0.723400 0.311862 0.131868 0.484987 -0.864522
2.595851 -211.180534 -295.267391 10165.628206 0.751004 0.495037 0.436957 -0.658191 0.614067 0.435554 0.052706 0.614703 -0.786995
1.857625 -206.117638 4345.938690 15670.849891 0.745684 0.492948 0.448284 -0.666290 0.548031 0.505687 -0.003604 0.675769 -0.737104
-28.663134 -85.546225 -3205.736810 -4315.352380 0.258321 0.869274 -0.421465 -0.312975 -0.337439 -0.887796 0.913957 -0.361244 -0.184894
-30.626447 -98.957130 901.738175 -8088.819267 0.166135 0.868964 -0.466155 -0.543914 -0.313559 -0.778356 0.822530 -0.382861 -0.420549
-34.007788 -91.654153 563.073507 -6841.020620 0.089808 0.869345 -0.485977 -0.532686 -0.370364 -0.760970 0.841534 -0.327214 -0.429826
-29.242724 -97.591425 -3103.886532 -7836.739806 0.240114 0.838787 -0.488653 -0.490093 -0.329771 -0.806883 0.837946 -0.433229 -0.331901
-19.002278 -1129.249170 3214.283563 545794.040888 0.728087 0.271854 0.629273 -0.674982 0.444400 0.588988 0.119530 0.853583 -0.507059
-12.555181 -2294.409466 16698.563417 -1459322.323726 0.616189 0.291011 0.731864 0.786156 -0.171046 -0.593887 -0.047645 0.941306 -0.334176
-20.045939 -484.412929 7406.594537 -1117.447343 0.748907 0.255842 0.611296 -0.481357 0.844024 0.236472 0.455450 0.471347 -0.755247
-5.664675 -11.945403 699.340489 -3266.594756 -0.366854 0.540341 0.757265 0.907319 0.387557 0.163009 -0.205403 0.746881 -0.632438
-6.710967 -17.482767 -1258.524329 -5973.243274 -0.037107 0.649348 0.759586 0.982749 0.161526 -0.090075 -0.181183 0.743140 -0.644140
-4.840568 -20.957409 -1630.220516 4619.372314 0.814289 -0.239474 -0.528758 0.540743 0.644119 0.541024 -0.211022 0.726473 -0.653993
-5.774787 -13.575063 -1803.229517 1776.802252 0.746468 -0.301262 -0.593318 0.632042 0.599858 0.490605 -0.208106 0.741223 -0.638185
10.090972 -1177.239256 20017.737329 62423.975805 -0.768194 -0.346167 -0.538560 0.100044 0.765973 -0.635040 0.632352 -0.541714 -0.553784
-20.551789 -881.890830 10038.074265 216342.709907 0.761553 0.382361 0.523295 -0.580752 0.761013 0.289113 0.287688 0.524079 -0.801609
-30.491515 -49.726221 7787.423362 2489.514719 0.958942 0.205950 -0.194973 0.055758 0.537158 0.841637 -0.278067 0.817952 -0.503620
-31.060699 -56.372068 5952.346864 4317.258779 0.931455 0.363754 0.008627 -0.214341 0.529388 0.820857 -0.294023 0.766441 -0.571069
-40.061581 -47.431413 6674.098009 -62.434858 0.939831 0.273814 -0.204314 0.018794 0.555696 0.831173 -0.341123 0.785002 -0.517114
-8.118275 -87.098528 -2481.813086 -4344.925109 0.122039 0.739064 -0.662488 0.926404 -0.324370 -0.191208 -0.356206 -0.590397 -0.724258
-5.975100 -79.899091 -2238.801824 -1135.705019 0.069375 0.759454 -0.646851 0.852403 -0.381988 -0.357063 -0.518262 -0.526606 -0.673862
-11.478407 -83.636763 -1512.911795 -3405.613784 0.093653 0.767645 -0.633996 0.927920 -0.298086 -0.223853 -0.360825 -0.567333 -0.740229
-7.755286 -75.436374 -599.363342 -7002.310429 0.907582 -0.130222 0.399170 0.388494 -0.100174 -0.915990 -0.159268 -0.986411 0.040325
-11.077385 -76.795443 301.648475 -4600.830551 0.930776 -0.141016 0.337300 0.339462 -0.009169 -0.940575 -0.135729 -0.989965 -0.039336
-10.742538 -73.607604 1133.289051 6756.087218 0.910300 -0.113686 0.398033 0.402051 0.013928 -0.915511 -0.098537 -0.993419 -0.058386
-1.501564 -64.621213 -4464.234573 -15240.921475 0.947731 -0.160475 0.275779 0.256350 -0.131658 -0.957575 -0.189975 -0.978220 0.083639
-10.158807 -74.275883 -1947.003887 4228.679397 0.887295 -0.108516 0.448255 0.442921 -0.070443 -0.893789 -0.128567 -0.991596 0.014440
-1.380860 -63.205557 -805.340766 -14902.823562 0.927059 -0.135846 0.349440 0.316218 -0.217407 -0.923439 -0.201416 -0.966582 0.158592
-6.671248 -75.945795 -3154.489878 -10884.696946 0.885052 -0.124034 0.448662 0.422819 -0.188928 -0.886302 -0.194697 -0.974126 0.114767
-61.201370 -98.757279 989.821587 679.836962 0.185680 0.740953 0.645377 -0.506567 0.634973 -0.583266 0.841970 0.218626 -0.493244
-64.683389 -99.632196 4070.142341 1422.941677 0.226223 0.748074 0.623866 -0.596492 0.612729 -0.518421 0.770078 0.254852 -0.584834
43.306959 -79.963523 -33376.460152 -32040.059462 -0.019237 0.759329 0.650422 0.999394 0.033477 -0.009525 -0.029007 0.649845 -0.759513
75.818411 -120.848348 -45384.963622 -43957.149029 -0.048929 0.753305 0.655849 0.997658 0.005436 0.068186 0.047800 0.657649 -0.751806
125.081550 -101.361481 -67407.850742 -38179.054081 -0.139807 0.692275 0.707962 0.989989 0.111739 0.086239 -0.019405 0.712931 -0.700966
51.944641 -43.557845 -38745.231372 -21238.696535 -0.145930 0.728102 0.669755 0.987052 0.152715 0.049046 -0.066572 0.668241 -0.740960
34.976306 2.884783 -22605.661104 -2558.913669 0.756030 0.637969 0.146335 -0.389905 0.259391 0.883567 -0.525730 0.725060 -0.444854
11.894892 -5.791967 -14975.014101 -9953.107452 0.837667 0.520047 -0.166928 -0.118357 0.471202 0.874048 -0.533203 0.712404 -0.456262
35.063136 4.380103 -21000.173071 2224.886103 0.706784 0.658623 0.258210 -0.479232 0.177274 0.859599 -0.520377 0.731293 -0.440928
20.608405 -14.616993 -16691.595798 -16166.030126 0.823481 0.565312 -0.047967 -0.239856 0.423516 0.873558 -0.514147 0.707853 -0.484351
48.526490 -2.809261 -20158.766535 -8360.698436 0.758985 0.618655 0.202997 -0.438479 0.255175 0.861755 -0.481329 0.743069 -0.464941
227.933814 -5.156620 87905.204251 -6166.762080 0.122725 -0.117020 0.985518 0.099192 0.989498 0.105140 -0.987471 0.084852 0.133044
176.298719 -31.648662 22282.638382 -1563.274105 -0.279465 -0.135869 0.950494 0.194830 0.961318 0.194701 -0.940181 0.239597 -0.242184
319.270277 -35.079974 -90120.667092 9404.971034 -0.576593 -0.008876 0.816983 0.257107 0.947169 0.191746 -0.775523 0.320612 -0.543849
11.851075 -108.501923 258.410705 -3909.522220 0.853242 0.174565 -0.491432 0.479417 0.108358 0.870872 -0.205275 0.978665 -0.008766
11.364150 -112.892721 -281.088928 -2547.470465 0.859454 0.179795 -0.478552 0.498259 -0.085219 0.862830 -0.114351 0.980006 0.162826
7.739109 -104.571116 2329.586332 -4165.666272 0.851338 0.126103 -0.509237 0.465485 0.266130 0.844096 -0.241966 0.955653 -0.167868
11.326525 -112.012047 -1467.790465 -2486.970201 0.846728 0.217877 -0.485368 0.507487 -0.056882 0.859780 -0.159717 0.974317 0.158733
11.662912 -100.082974 1011.390288 -4521.232369 0.849076 0.163304 -0.502396 0.446647 0.285919 0.847795 -0.282093 0.944236 -0.169828
13.218935 -106.225398 -749.333450 -4759.437016 0.842201 0.213282 -0.495185 0.475398 0.139515 0.868638 -0.254350 0.966978 -0.016105
508.575075 -85.496616 -37568.186936 30596.490519 0.050879 -0.415984 -0.907947 0.897156 -0.380380 0.224549 -0.438774 -0.825995 0.353850
496.035719 -117.991688 212595.378766 26354.174875 0.248814 -0.157399 -0.955676 0.883394 -0.367686 0.290553 -0.397122 -0.916533 0.047560
757.233569 -41.212923 159093.564991 25579.260258 -0.084181 -0.345540 -0.934620 0.855748 -0.505597 0.109849 -0.510498 -0.790553 0.338257
385.682122 -99.433139 123484.407964 21751.659628 0.274626 -0.143990 -0.950709 0.913318 -0.270154 0.304741 -0.300717 -0.951989 0.057317
1058.381735 -10.508055 416545.706904 13340.261636 -0.355656 -0.462628 -0.812086 0.787978 -0.615677 0.005640 -0.502593 -0.637900 0.583510
518.700758 -53.326674 -96101.677203 30529.422810 -0.167234 -0.619432 -0.767031 0.887305 -0.433710 0.156795 -0.429793 -0.654369 0.622157
402.356320 -69.786179 -72063.591723 24917.006634 0.096465 -0.436138 -0.894694 0.928900 -0.283452 0.238327 -0.357547 -0.854072 0.377785
-4.717408 -186.333084 1238.595486 -20479.039631 0.834753 0.022464 -0.550166 0.418763 -0.674669 0.607831 0.357526 0.737778 0.572590
-3.352620 -173.992576 -778.198756 -18551.027173 0.824589 0.058759 -0.562673 0.473321 -0.616428 0.629272 0.309872 0.785215 0.536112
-1.173321 -150.032840 73.401925 -10379.313078 0.844012 0.034498 -0.535213 0.484294 -0.477801 0.732916 0.230441 0.877790 0.419977
-6.753586 -214.316844 -2019.888904 -37868.206533 0.802125 0.069168 -0.593137 0.486593 -0.651476 0.582070 0.346154 0.755509 0.556222
-1.000158 -169.675956 -2312.451048 -17398.305529 0.827910 0.066456 -0.556910 0.520686 -0.460114 0.719153 0.208450 0.885369 0.415535
-9.139626 -82.635308 204.023105 7524.537075 0.841788 -0.233529 -0.486680 -0.470130 0.125897 -0.873572 -0.265276 -0.964165 0.003811
-5.551001 -84.611313 1440.102151 -2476.148750 0.859052 -0.203871 -0.469538 -0.427833 0.217664 -0.877258 -0.281049 -0.954494 -0.099762
-7.134750 -89.917766 2612.939997 7785.040565 0.838204 -0.193117 -0.510019 -0.498917 0.106099 -0.860131 -0.220218 -0.975422 0.007417
-17.518243 -166.388613 -1367.691559 16851.233297 -0.800131 0.007132 0.599782 -0.146387 0.967372 -0.206789 -0.581688 -0.253258 -0.772981
-19.071089 -150.116584 -744.124465 8102.216384 -0.798629 0.002863 0.601817 -0.051645 0.995974 -0.073272 -0.599603 -0.089598 -0.795266
-15.516056 -165.171752 -764.880126 14320.939242 -0.822644 0.029499 0.567791 -0.127805 0.963501 -0.235227 -0.554006 -0.266075 -0.788848
-18.961466 -153.041492 -131.849011 10312.664876 -0.767277 -0.010259 0.641234 -0.058223 0.996857 -0.053719 -0.638667 -0.078552 -0.765463
-13.259493 -174.799537 -1849.720710 16445.440900 -0.828800 0.028785 0.558803 -0.221560 0.900167 -0.374981 -0.513810 -0.434593 -0.739681
-18.808463 -170.311511 -255.385845 18679.558982 -0.767859 0.006702 0.640583 -0.150566 0.970046 -0.190630 -0.622673 -0.242827 -0.743850
-16.856333 -179.324888 -2114.060246 21249.809563 -0.806067 0.012836 0.591685 -0.237389 0.908800 -0.343117 -0.542128 -0.417035 -0.729506
-15.902270 -458.551013 -4453.325947 -54584.521063 0.781485 0.274055 -0.560513 0.614656 -0.492435 0.616203 0.107143 0.826076 0.553280
-36.767163 -1396.802368 -54901.777113 -634493.584746 0.766376 0.283950 -0.576229 0.563046 -0.728758 0.389731 0.309267 0.623124 0.718380
-14.740723 -90.556936 5399.806574 4448.684660 0.988939 -0.020035 -0.146964 0.144406 0.356264 0.923159 -0.033863 0.934171 -0.355216
-16.980164 -85.942711 3389.277603 6636.575185 0.972625 -0.027780 -0.230712 0.229919 0.259108 0.938083 -0.033719 0.965449 -0.258402
1.946344 -96.622399 11370.904932 2478.150565 0.986572 -0.047222 -0.156354 0.162972 0.347909 0.923255 -0.010799 0.936338 -0.350933
52.427250 -1159.631110 994.500178 -318577.960330 0.814534 0.334097 -0.474251 0.555348 -0.685401 0.470972 0.167702 0.646997 0.743822
45.222616 -1973.113491 3570.294482 906690.922128 0.855877 0.294061 -0.425445 0.432111 -0.858601 0.275834 0.284175 0.419919 0.861924
35.721946 -1109.957168 14273.681914 -291761.188289 0.860126 0.291734 -0.418420 0.510079 -0.494853 0.703520 0.001816 0.818543 0.574443
19.557308 -221.458316 -124.805354 10366.936475 0.903338 0.051834 -0.425787 0.161028 0.879081 0.448649 -0.397557 0.473845 -0.785761
11.943983 -241.824322 -6683.586474 7237.974061 -0.928813 -0.046183 0.367660 0.050761 0.966991 0.249703 -0.367056 0.250590 -0.895809
2.896712 -136.568595 1132.511880 -964.517183 0.866965 0.008825 -0.498290 0.475284 -0.315417 0.821351 0.149920 0.948912 0.277650
0.102902 -130.154329 6318.854690 -200.145717 0.879685 -0.020182 -0.475128 0.454348 -0.259373 0.852229 0.140435 0.965566 0.218997
0.786500 -135.586918 5351.500051 8792.834981 0.900654 -0.018185 -0.434156 0.433186 -0.041140 0.900365 0.034234 0.998988 0.029175
-75.186691 -108.176906 9049.751670 -1634.931195 0.355620 0.763156 -0.539562 0.086193 -0.601618 -0.794120 0.930648 -0.235898 0.279726
-83.564349 -112.338813 8182.487578 1889.955244 0.432098 0.784015 -0.445658 0.043399 -0.511678 -0.858080 0.900782 -0.351434 0.255121
-7.391151 -175.060676 3648.112684 -18054.981966 0.844096 -0.032631 -0.535199 -0.408108 0.608307 -0.680742 -0.347779 -0.793031 -0.500153
0.712799 -171.508435 4314.665920 -16945.148057 0.863587 -0.071604 -0.499089 -0.359124 0.607443 -0.708550 -0.353904 -0.791129 -0.498865
-2.923891 -164.681423 4206.442927 -14964.924243 0.850634 -0.039924 -0.524240 -0.457698 0.434431 -0.775746 -0.258717 -0.899820 -0.351269
-25.344799 -474.925919 -1657.553146 253348.720470 0.796514 -0.286324 0.532527 0.134389 0.942569 0.305783 -0.589496 -0.171994 0.789248
-25.787126 -462.657317 -5656.834953 163092.353003 0.777676 -0.284899 0.560403 0.041560 0.912767 0.406361 -0.627289 -0.292727 0.721678
9.204152 -54.809690 9987.112258 -3892.777682 0.568833 -0.028774 -0.821950 0.440322 0.854751 0.274804 0.694655 -0.518240 0.498880
-6.141391 -63.318701 4200.128696 -147.610428 0.663088 0.113392 -0.739903 0.189234 0.930959 0.312260 0.724227 -0.347071 0.595850
-3.894586 -61.630912 5627.705568 -3480.244775 0.635250 0.044324 -0.771034 0.360446 0.865935 0.346749 0.683035 -0.498188 0.534109
-89.671848 -135.674618 2102.592598 1808.105938 0.338059 0.536900 -0.772952 0.867053 -0.497058 0.033953 -0.365973 -0.681668 -0.633556
-88.514539 -122.752543 -863.820589 -5732.289324 0.158748 0.772585 -0.614745 0.871237 -0.402538 -0.280908 -0.464483 -0.490995 -0.737007
-90.418245 -130.357667 1411.679494 470.582311 0.289960 0.648812 -0.703538 0.880215 -0.469372 -0.070085 -0.375693 -0.598943 -0.707193
-13.628693 -170.133218 5068.425292 -18231.928141 -0.862916 -0.356901 -0.357767 -0.154303 0.860238 -0.485984 0.481213 -0.364159 -0.797385
-7.260195 -176.259758 2474.447287 -18909.894499 -0.867744 -0.360296 -0.342355 -0.169243 0.861865 -0.478064 0.467308 -0.356896 -0.808856
-1.691291 -156.234163 -2497.356765 -17672.943032 0.866727 0.362458 0.342648 -0.076073 0.774994 -0.627373 0.492947 -0.517695 -0.699282
-4.695216 -130.052861 -5791.913211 -15191.354536 0.866951 0.288275 0.406563 0.133755 0.651246 -0.746986 0.480110 -0.701980 -0.526040
2.191889 -138.644273 -1983.642538 -16613.179279 0.866777 0.321909 0.380884 0.078642 0.665972 -0.741820 0.492457 -0.672946 -0.551933
38.250696 -77.676746 23612.185970 2011.106028 0.947970 0.100653 -0.302030 -0.210989 0.909069 -0.359273 -0.238404 -0.404305 -0.883007
-33.474305 -60.516705 10091.931790 -504.362471 0.324030 -0.058406 -0.944242 0.918524 0.258421 0.299220 0.226535 -0.964265 0.137384
-26.811014 -96.008326 -7638.811649 16504.525567 0.463803 0.265627 -0.845180 0.292214 0.854740 0.428987 0.836360 -0.445939 0.318811
-17.867413 -87.856353 -3456.171109 -3367.926865 0.474746 0.437341 -0.763773 0.158603 0.811084 0.563017 0.865714 -0.388427 0.315695
-21.797517 -103.294162 2143.771999 12668.160940 0.453128 0.612377 -0.647819 0.134212 0.671559 0.728695 0.881285 -0.417137 0.222113
-4.700616 -172.037634 -29.923212 8484.585682 -0.150205 -0.287709 0.945866 -0.210052 0.944164 0.253835 -0.966083 -0.160554 -0.202252
-4.388432 -177.116694 495.695409 21384.044611 -0.172424 -0.236586 0.956189 -0.412354 0.898912 0.148057 -0.894558 -0.368760 -0.252551
-6.072499 -168.079677 981.295154 16975.985426 -0.183399 -0.228599 0.956090 -0.419959 0.897588 0.134054 -0.888819 -0.376933 -0.260618
60.761211 -53.945100 -5302.900889 -13488.845552 -0.281883 0.225125 -0.932663 0.732465 -0.577374 -0.360742 -0.619707 -0.784830 -0.002144
84.510508 -63.068053 -29883.530826 -9740.619673 -0.720424 -0.541045 -0.433888 -0.113921 0.709441 -0.695497 0.684113 -0.451624 -0.572735
43.454240 -85.241573 -37430.078879 -13309.054100 -0.651998 -0.537287 -0.534997 -0.067343 0.743841 -0.664955 0.755224 -0.397521 -0.521165
99.729640 -97.661970 -46725.480800 -14740.047552 -0.670621 -0.607784 -0.425283 -0.276004 0.736592 -0.617458 0.688541 -0.296700 -0.661725
110.713769 -134.243647 -44562.745128 -25939.424594 -0.678673 -0.628998 -0.379162 -0.391700 0.746699 -0.537598 0.621268 -0.216336 -0.753143
129.191232 -111.210424 -40781.564392 -17084.439209 -0.724936 -0.587502 -0.359595 -0.357110 0.766967 -0.533136 0.589016 -0.258074 -0.765805
-70.469386 -113.669995 9174.315940 -778.756241 -0.594556 0.405513 -0.694307 0.710697 -0.138815 -0.689667 -0.376049 -0.903488 -0.205663
-50.492382 -111.233471 13788.544353 1939.428544 -0.347826 0.437604 -0.829168 0.902980 -0.081611 -0.421860 -0.252277 -0.895456 -0.366762
-72.381684 -119.790555 10159.453057 4365.096645 -0.547935 0.349192 -0.760153 0.803994 -0.031102 -0.593824 -0.231001 -0.936535 -0.263706
-25.996002 -77.542293 -3529.850060 -761.548277 0.272898 0.899409 -0.341453 -0.134629 -0.315729 -0.939250 0.952576 -0.302289 -0.034925
51.848919 -593.675807 5602.998360 196730.865796 0.741039 0.303215 0.599101 -0.665235 0.210308 0.716402 -0.091228 0.929425 -0.357556
38.787019 -373.199737 4614.337610 88767.735915 0.736731 0.286674 0.612410 -0.589585 -0.171114 0.789373 -0.331084 0.942623 -0.042954
44.415399 -523.973027 -5288.198899 183945.235908 0.778080 0.348777 0.522442 -0.612868 0.239068 0.753153 -0.137784 0.906201 -0.399769
27.115576 -562.268141 18287.274032 218089.739954 0.716198 0.236729 0.656521 -0.682758 0.042790 0.729391 -0.144575 0.970633 -0.192274
45.549379 -465.955750 -1547.859459 84276.002050 0.777175 0.296368 0.555126 -0.602412 0.605426 0.520154 0.181930 0.738665 -0.649058
-7.316753 -14.278565 61.555630 -5996.612149 0.097913 0.647215 0.755994 0.976466 0.084201 -0.198554 -0.192162 0.757643 -0.623739
-6.976757 -21.608030 -2021.522268 -6313.988846 0.218740 0.660732 0.718044 0.962918 -0.027063 -0.268433 -0.157930 0.750134 -0.642150
26.382113 -1116.098959 -25186.322577 -247028.011774 0.760092 0.341616 0.552773 0.430384 0.372680 -0.822118 0.486856 -0.862791 -0.136246
86.745811 -3247.295799 30348.869004 -1769959.904285 0.670372 0.382199 0.636023 0.534277 0.346195 -0.771166 0.514927 -0.856780 -0.027880
395.382716 -3959.416670 180887.846305 2360851.136199 -0.740683 -0.504843 -0.443308 0.106232 0.563524 -0.819241 0.663403 -0.653891 -0.363762
23.836217 -2.972845 19382.585682 -17104.248369 0.959173 -0.164650 -0.229950 0.277008 0.710906 0.646435 -0.057037 0.683741 -0.727492
