15407
30806
-34.618704 -56.666088 -1734.635098 6876.682235 0.374103 0.924689 -0.070684 0.707264 -0.333776 -0.623195 0.599854 -0.183147 0.778866
-43.446019 -67.549705 -270.177656 6466.571111 0.341106 0.932657 -0.117461 0.786063 -0.351528 -0.508461 0.515511 -0.081107 0.853036
-41.979888 -74.731270 -689.906662 10956.771899 0.076813 0.988114 0.133159 0.851270 0.004535 -0.524708 0.519075 -0.153659 0.840803
-35.322179 -55.342172 -1639.606844 5407.806478 0.509055 0.811805 -0.286070 0.609502 -0.574655 -0.546149 0.607758 -0.103660 0.787328
-29.820811 -66.626326 -4329.852423 12149.337461 0.105432 0.969867 0.219642 0.776501 0.057689 -0.627470 0.621233 -0.236708 0.747020
-27.145119 -42.105234 -3929.364090 4267.630790 0.465795 0.876774 -0.119592 0.580896 -0.404921 -0.706115 0.667529 -0.259434 0.697925
-28.090929 -45.132790 -1581.617124 4474.657359 0.595298 0.723218 -0.350108 0.468670 -0.666458 -0.579812 0.652663 -0.181076 0.735692
-63.244663 -72.797630 5468.977805 -1441.869502 0.134583 0.990462 0.029552 0.971759 -0.137758 0.191592 -0.193836 -0.002932 0.981030
-58.164608 -70.659759 -2367.528801 -3262.239494 -0.185393 -0.977221 -0.103285 0.982314 -0.187108 0.007086 -0.026250 -0.100145 0.994627
-64.367237 -74.509900 4844.077693 -1417.443758 0.098016 0.993661 -0.055051 0.992665 -0.093684 0.076417 -0.070775 0.062138 0.995555
-60.646111 -72.762375 1766.367296 -1174.669581 0.398877 0.916707 0.023354 0.875612 -0.388314 0.287254 -0.272397 0.094130 0.957570
-45.009884 -77.984480 -9107.182930 -3293.879413 0.378765 0.908125 0.178454 0.850271 -0.417595 0.320396 -0.365482 -0.030379 0.930323
15.265545 -19.661417 5226.495853 -737.685213 -0.519606 0.833128 -0.189491 0.692125 0.540472 0.478386 -0.500971 -0.117421 0.857461
9.135781 -18.290176 4629.849627 106.498338 -0.562511 0.797547 -0.217947 0.636687 0.586022 0.501206 -0.527457 -0.143170 0.837432
3.801741 -22.968197 -3496.782524 -131.922330 0.657189 -0.688195 0.307392 0.550544 0.716839 0.427835 -0.514785 -0.111935 0.849980
17.230427 -23.429274 4503.969365 -1526.113700 -0.534642 0.818051 -0.212017 0.700271 0.569297 0.430721 -0.473052 -0.081812 0.877228
185.544746 -106.551175 -32044.430248 -586.056610 0.787406 -0.608524 0.098442 -0.595850 -0.710418 0.374525 0.157972 0.353560 0.921976
171.974623 -90.292344 -30259.856512 5683.209239 0.767885 -0.505468 0.393517 -0.625683 -0.723560 0.291515 -0.137382 0.470067 0.871873
159.921730 -104.339884 -32103.183645 3497.899295 0.836972 -0.442931 0.321387 -0.546758 -0.701605 0.456953 -0.023088 0.558178 0.829400
-4.305029 -68.031938 -242.170933 10393.283314 0.424576 0.893444 -0.146606 0.802680 -0.296532 0.517469 -0.418856 0.337382 0.843049
-5.536117 -64.044792 -807.935934 1147.189328 0.446875 0.884512 -0.133944 0.814992 -0.340779 0.468677 -0.368905 0.318604 0.873156
-6.420794 -65.376420 -699.877328 9169.790141 0.429005 0.890457 -0.151791 0.804018 -0.299831 0.513475 -0.411716 0.342326 0.844573
-5.768834 -61.561963 -675.279471 -723.314834 0.410690 0.896771 -0.164729 0.697330 -0.192531 0.690407 -0.587421 0.398414 0.704416
6.089825 -83.852926 -369.790792 1803.176900 0.629510 0.696294 -0.344808 0.713455 -0.342239 0.611436 0.307733 -0.630910 -0.712217
7.319124 -84.082228 -240.474920 3839.733080 0.639632 0.701170 -0.315010 0.653494 -0.280245 0.703142 0.404742 -0.655609 -0.637464
8.269614 -90.468549 -56.547315 1862.539682 0.609368 0.724411 -0.322334 0.728020 -0.350148 0.589392 0.314097 -0.593823 -0.740754
-5.061871 -91.160521 -1186.845268 -2498.854698 0.311498 0.921452 0.232154 0.671380 -0.040521 -0.740004 0.672471 -0.386374 0.631267
-6.389035 -94.788416 -2143.955866 -1263.934677 0.342734 0.914315 0.215780 0.465297 0.034323 -0.884489 0.816108 -0.403546 0.413665
-6.841251 -87.962219 -1951.695380 -4157.476930 0.312034 0.919354 0.239631 0.667166 -0.032462 -0.744202 0.676406 -0.392090 0.623491
3.491117 -38.929099 11734.489360 1662.651227 0.628922 0.574561 -0.523772 0.180066 0.547724 0.817052 -0.756329 0.608176 -0.241017
8.921132 -39.048892 14952.342721 -2070.344280 0.675324 0.571248 -0.466490 0.184160 0.481862 0.856676 -0.714158 0.664443 -0.220212
77.573343 -38.643780 47038.881372 1407.606045 0.701441 0.491481 -0.516165 0.218168 0.541387 0.811975 -0.678515 0.682163 -0.272526
299.309700 -40.760543 -131916.276169 4635.915095 -0.706248 -0.477059 0.523094 0.169453 0.603486 0.779160 -0.687386 0.638920 -0.345372
598.569082 -59.738454 -236964.797831 499.159507 -0.686040 -0.495008 0.533213 0.218578 0.558795 0.799982 -0.693954 0.665369 -0.275158
51.136808 -97.054179 -11014.972011 -2867.636334 0.262980 -0.240866 0.934251 0.922730 0.345622 -0.170629 -0.281799 0.906934 0.313146
53.973938 -88.894438 -17463.316635 -6313.071037 0.246319 -0.156600 0.956453 0.826756 0.548940 -0.123040 -0.505768 0.821061 0.264685
33.441835 -99.627014 -14032.910517 -2149.788709 0.191028 -0.156886 0.968966 0.936078 0.326199 -0.131729 -0.295409 0.932191 0.209171
27.298098 -100.598263 -8654.828128 519.934611 0.211765 -0.204069 0.955778 0.972836 0.137595 -0.186167 -0.093519 0.969239 0.227664
34.040606 -98.279445 -4736.135016 -1248.440925 0.299721 -0.317246 0.899735 0.950579 0.179416 -0.253396 -0.081038 0.931217 0.355342
-28.196080 -41.706778 1589.383510 8683.742607 0.523636 -0.600942 -0.603883 0.673615 -0.141918 0.725329 -0.521583 -0.786593 0.330489
-24.650676 -30.795454 12298.886212 3487.850723 0.850507 -0.375964 0.367817 0.133152 -0.522631 -0.842097 -0.508830 -0.765185 0.394441
-28.713989 -47.704012 577.518529 2131.651906 0.448309 -0.675082 -0.585904 0.636235 -0.219420 0.739635 -0.627873 -0.704358 0.331143
-28.274853 -56.274244 -912.378238 -1015.158023 0.456976 -0.633534 -0.624346 0.617688 -0.279044 0.735253 -0.640027 -0.721644 0.263809
-26.550262 -53.218858 795.212997 -2773.179019 -0.482739 0.683119 0.548007 0.527077 -0.273103 0.804739 -0.699395 -0.677320 0.228219
-24.714866 -50.192050 1898.579078 -1474.470978 -0.520127 0.743307 0.420669 0.469214 -0.162871 0.867935 -0.713658 -0.648820 0.264056
-6.357763 -167.122812 410.965331 4039.094862 -0.306728 0.030781 -0.951299 0.886102 0.374120 -0.273601 0.347478 -0.926869 -0.142029
-4.453516 -182.924904 -996.834447 2561.062140 -0.295214 0.028562 -0.955004 0.877128 0.404402 -0.259046 0.378807 -0.914135 -0.144438
-5.496526 -161.999313 1138.221259 14160.380456 -0.329525 0.053341 -0.942639 0.729151 0.648638 -0.218190 0.599793 -0.759225 -0.252636
-5.323555 -154.888825 297.072673 8101.248799 -0.305881 0.011980 -0.951994 0.770070 0.591099 -0.239989 0.559848 -0.806510 -0.190031
-7.072522 -170.259800 -79.521410 3653.614718 -0.293679 -0.000561 -0.955904 0.876614 0.398610 -0.269552 0.381184 -0.917120 -0.116572
-6.915033 -160.465518 1044.262732 -7156.989635 -0.296569 0.032054 -0.954473 0.953250 0.070608 -0.293818 0.057976 -0.996989 -0.051495
-7.346985 -89.324579 479.484177 2272.122234 0.218866 0.949440 0.225082 0.878552 -0.091382 -0.468825 0.424552 -0.300356 0.854132
-7.291096 -102.179452 -5150.046255 9125.873858 -0.168852 -0.964946 -0.200920 0.957888 -0.112619 -0.264136 0.232250 -0.237059 0.943326
-6.383800 -83.095860 2098.943854 6801.485793 0.223732 0.948733 0.223271 0.890597 -0.105938 -0.442283 0.395955 -0.297797 0.868640
-6.426596 -81.748086 1371.208375 -1891.950179 0.262813 0.942384 0.206984 0.837625 -0.116375 -0.533705 0.478867 -0.313639 0.819949
17.196015 -105.156273 -283.517438 1450.297317 0.432200 0.858531 -0.275911 0.890557 -0.358237 0.280313 0.141816 -0.366866 -0.919401
33.121711 -104.142830 -5667.772036 9017.570187 0.332604 0.898270 -0.287203 0.900680 -0.212291 0.379089 0.279554 -0.384764 -0.879662
18.814431 -112.876727 -2140.421293 903.779144 0.368794 0.893844 -0.255018 0.928888 -0.344356 0.136335 0.034045 -0.287162 -0.957277
0.665853 -148.749731 89.166317 8529.941587 -0.287349 -0.007835 -0.957794 0.956681 0.046535 -0.287396 0.046823 -0.998886 -0.005877
-5.736178 -172.919497 -647.656942 14992.624353 -0.332434 -0.005751 -0.943109 0.929166 -0.173419 -0.326462 -0.161675 -0.984831 0.062994
-0.904701 -148.162516 2623.062984 6797.105418 -0.288915 0.027167 -0.956969 0.940769 -0.177203 -0.289055 -0.177431 -0.983799 0.025639
1.656778 -141.057799 2327.955725 2802.428574 -0.262291 0.009454 -0.964943 0.963417 -0.054491 -0.262410 -0.055061 -0.998470 0.005184
2.230066 -143.498864 1248.147337 526.032881 -0.261066 -0.013198 -0.965231 0.946082 0.195139 -0.258555 0.191766 -0.980687 -0.038458
1.923376 -142.943472 -625.849674 -1390.336002 -0.268310 -0.021299 -0.963097 0.923966 0.277190 -0.263538 0.272574 -0.960579 -0.054693
-5.483443 -133.248964 -606.076086 8407.742004 -0.485365 -0.154091 -0.860626 0.565165 0.695751 -0.443306 0.667090 -0.701560 -0.250606
-5.981524 -164.169037 -788.509439 21404.690794 -0.490171 -0.168058 -0.855271 0.694775 0.517181 -0.499812 0.526327 -0.839214 -0.136744
-2.642206 -135.781827 535.584590 3957.917981 -0.486736 -0.123106 -0.864831 0.597912 0.674821 -0.432571 0.636858 -0.727641 -0.254853
-139.155740 -1678.803357 -52221.079799 488621.144328 0.462084 -0.351040 -0.814401 0.859713 0.402692 0.314217 0.217650 -0.845346 0.487871
33.298081 -318.193090 -72343.438933 83469.556025 0.588333 -0.335949 -0.735529 0.807205 0.190233 0.558777 -0.047798 -0.922470 0.383100
18.220484 -564.308946 12214.695742 171604.391173 0.999215 -0.039588 -0.001246 -0.024020 -0.580668 -0.813786 -0.031493 -0.813177 0.581164
23.531957 -293.289384 -9048.360358 76002.789111 0.836184 0.032916 0.547460 0.447615 -0.617762 -0.646538 -0.316919 -0.785676 0.531296
3186.606541 -9895.397832 -856730.601258 3110456.881437 0.941840 0.312086 0.124659 0.321651 -0.944600 -0.065358 -0.097355 -0.101654 0.990045
-12.744223 -47.009210 1659.657685 2088.448730 0.530370 0.651507 -0.542445 -0.326451 0.747461 0.578560 0.782392 -0.129769 0.609116
-15.793445 -47.050872 4796.537393 1671.485741 0.511876 0.697006 -0.502161 -0.390308 0.709426 0.586835 0.765273 -0.104389 0.635185
-14.637762 -50.330582 770.028753 -2516.357901 0.559249 0.679321 -0.475146 -0.259135 0.687685 0.678187 0.787458 -0.256149 0.560623
-12.948024 -51.299106 527.441185 571.872449 0.585115 0.627257 -0.513993 -0.175539 0.716755 0.674869 0.791723 -0.304650 0.529492
-10.351869 -50.654077 987.558784 -88.429443 0.570164 0.607671 -0.552855 -0.136086 0.733521 0.665903 0.810181 -0.304438 0.500923
-10.437006 -49.343162 211.042402 -253.111976 0.559378 0.599312 -0.572644 -0.151176 0.753011 0.640406 0.815011 -0.271659 0.511820
-4.258337 -60.377204 -168.701998 -457.083775 0.386238 0.898629 -0.208051 0.371327 0.054990 0.926872 -0.844355 0.435249 0.312446
-5.839669 -62.371636 -573.329380 -7739.656255 0.390743 0.891754 -0.228244 0.223742 0.148510 0.963268 -0.892894 0.427458 0.141493
-4.306083 -66.707332 -303.207011 -7067.745595 0.386731 0.896058 -0.217990 0.239840 0.130518 0.961999 -0.890458 0.424317 0.164435
-41.322903 -223.920365 20242.376554 58581.728914 0.246068 0.935724 0.252729 -0.673700 -0.022343 0.738667 -0.696835 0.352026 -0.624899
-72.292749 -580.445325 24031.290140 174734.157249 0.303565 0.936241 0.176920 -0.824124 0.164811 0.541901 -0.478192 0.310306 -0.821610
-142.152594 -281.776153 35926.848585 75058.130721 0.412476 0.910711 0.021672 -0.657042 0.280938 0.699549 -0.630999 0.302787 -0.714256
-133.676679 -243.237454 31310.108401 80498.105903 -0.495880 0.207309 0.843283 0.378138 0.925735 -0.005220 -0.781739 0.316288 -0.537444
-190.151124 -683.149990 16990.540768 214068.583453 -0.672245 -0.168624 0.720869 -0.003989 0.974526 0.224240 -0.740318 0.147868 -0.655793
-1.876580 -66.771795 45.806479 -2250.054236 0.368555 0.901481 -0.226934 0.122727 0.194797 0.973135 -0.921469 0.386504 0.038842
-2.761557 -69.868677 -265.387351 -6004.103177 0.369515 0.903736 -0.216148 0.189902 0.154257 0.969609 -0.909613 0.399332 0.114621
-2.668573 -65.448918 -316.742714 -1377.542993 0.366339 0.900370 -0.234796 0.153546 0.190382 0.969628 -0.917725 0.391265 0.068504
-2.059182 -61.386642 -360.252444 4248.213237 0.354516 0.901859 -0.246919 0.093481 0.228563 0.969031 -0.930365 0.366620 0.003277
-2.742406 -59.871345 -721.312901 4226.648776 0.356664 0.893139 -0.274031 0.124401 0.245306 0.961431 -0.925913 0.376998 0.023616
-4.287416 -63.043358 -592.253655 -1039.905712 0.372204 0.893830 -0.250065 0.183397 0.193286 0.963850 -0.909852 0.404609 0.091984
476.650510 23.407703 -135976.787061 12797.266152 -0.319103 -0.206155 -0.925026 0.890567 -0.399054 -0.218281 -0.324136 -0.893452 0.310934
1157.400683 -27.847049 -397852.328347 -3042.260880 -0.365367 -0.378924 -0.850249 0.856065 -0.495514 -0.147034 -0.365595 -0.781590 0.505428
613.182905 11.479557 -147388.771957 3952.656188 -0.177722 0.057200 -0.982417 0.897986 -0.398932 -0.185675 -0.402538 -0.915195 0.019534
90520.219431 -325.108791 -38352595.607978 234361.652668 -0.442563 -0.237804 -0.864631 0.839187 -0.449681 -0.305861 -0.316073 -0.860951 0.398575
-24.306407 -42.896365 -2858.168148 14699.449351 0.617730 -0.134514 0.774801 0.260210 0.964724 -0.039972 -0.742092 0.226303 0.630941
-43.304674 -937.970339 31993.192628 -419779.371075 0.399322 0.905842 -0.141393 0.408906 -0.037937 0.911788 -0.820572 0.421913 0.385553
17.315977 -27.790768 19929.988109 1825.983568 -0.096505 0.820308 -0.563722 0.716660 0.450297 0.532570 -0.690714 0.352601 0.631337
-46.481285 -290.495233 -13117.682034 -136008.147815 0.270570 0.860178 0.432302 0.314308 -0.503374 0.804876 -0.909946 0.081899 0.406559
-0.661514 -16.306775 19646.412271 19821.138603 0.504210 -0.609412 0.611873 0.604664 0.754998 0.253692 -0.616566 0.242064 0.749167
32.628412 -62.546383 2439.620780 9332.901080 -0.233333 0.494249 0.837421 -0.223494 0.810879 -0.540856 -0.946365 -0.313359 -0.078743
22.157530 -62.435545 6626.769462 7891.933023 -0.156471 0.556445 0.816018 -0.239082 0.780286 -0.577922 -0.958309 -0.285524 0.010944
30.941334 -103.955432 3806.963480 26130.198188 -0.206581 0.533734 0.820032 -0.325503 0.752882 -0.572028 -0.922698 -0.385094 0.018201
14.395987 -65.399549 3728.354213 -3476.135470 0.157968 0.984871 0.071238 -0.349410 -0.011724 0.936897 -0.923558 0.172891 -0.342271
19.190226 -68.927160 2997.198435 535.247291 0.137346 0.989523 0.044501 -0.221535 -0.013102 0.975064 -0.965432 0.143779 -0.217415
21.303221 -64.135913 1698.852436 -5272.052231 0.101821 0.993720 0.046406 -0.396449 -0.002251 0.918054 -0.912393 0.111874 -0.393730
17.345065 -56.046008 3403.662111 -7090.916902 0.138082 0.987981 0.069478 -0.488021 0.006828 0.872805 -0.861840 0.154425 -0.483099
15.800070 -51.291934 -7457.484080 -1031.682841 0.259124 0.920294 0.293109 -0.257492 0.358316 -0.897389 0.930888 -0.157062 -0.329817
11.164348 -54.906234 -4448.654119 -739.317838 0.197008 0.938698 0.282903 -0.394070 0.340041 -0.853862 0.897717 -0.056734 -0.436904
1.141744 -55.315755 -6246.663734 390.519545 0.275512 0.889223 0.365206 -0.356662 0.447350 -0.820165 0.892684 -0.095710 -0.440402
0.193772 -54.140085 -3384.984286 1309.205585 0.196557 0.934564 0.296572 -0.525171 0.355774 -0.773059 0.827986 0.003801 -0.560736
3.157570 -54.336994 -8699.904263 -1120.668243 0.301557 0.871130 0.387551 -0.202712 0.455759 -0.866713 0.931650 -0.182802 -0.314026
-11.334911 -56.830071 -4560.757034 705.171341 0.291419 0.808232 0.511699 -0.251439 0.580826 -0.774222 0.922959 -0.096961 -0.372485
-4.856127 -54.070078 -5204.665522 2259.412659 0.283452 0.875060 0.392331 -0.475576 0.483526 -0.734867 0.832756 -0.021716 -0.553215
-13.604272 -54.255553 -3671.558852 1895.123436 0.274332 0.828386 0.488384 -0.424569 0.560025 -0.711416 0.862835 0.012188 -0.505339
-5.215559 -45.208228 -616.055972 -4905.831556 -0.393186 0.880053 -0.266292 0.918788 0.364993 -0.150364 -0.035134 -0.303787 -0.952092
-3.574684 -53.222803 -390.672507 -9147.760110 -0.364427 0.891163 -0.270225 0.931231 0.349129 -0.104486 0.001229 -0.289720 -0.957111
-3.634473 -46.257217 -521.812783 -3982.958163 -0.409909 0.872709 -0.265244 0.911736 0.383520 -0.147139 -0.026683 -0.302146 -0.952888
-4.707230 -45.642535 -374.456596 -4294.946733 -0.369145 0.890427 -0.266218 0.928232 0.339060 -0.153049 -0.046015 -0.303609 -0.951685
15.388395 -73.512314 -845.753736 -5220.320946 -0.462458 0.880090 -0.107582 -0.734539 -0.448249 -0.509437 0.496574 0.156570 -0.853757
17.293459 -74.218511 -475.853156 1917.827058 -0.473465 0.875776 -0.094065 -0.666580 -0.426066 -0.611668 0.575762 0.226901 -0.785502
17.553713 -70.323646 409.557069 -5754.740129 -0.493632 0.865884 -0.081070 -0.697313 -0.449783 -0.558076 0.519693 0.218954 -0.825820
-1.029055 -95.254966 619.186439 10357.680401 -0.533607 0.845429 -0.022638 0.056191 0.062149 0.996484 -0.843864 -0.530459 0.080669
-1.328979 -101.864112 -817.416935 10381.455791 -0.553375 0.832931 -0.001539 0.009405 0.008096 0.999923 -0.832879 -0.553318 0.012314
-3.364026 -112.249759 -502.780006 6428.616531 -0.547752 0.836471 -0.016846 -0.187740 -0.103267 0.976775 -0.815304 -0.538193 -0.213604
-1.199089 -110.140512 711.531428 9818.704431 -0.537058 0.842740 -0.036850 -0.110771 -0.027151 0.993475 -0.836240 -0.537636 -0.107933
-2.468110 -117.497489 134.448526 824.257169 -0.543226 0.838561 -0.041482 -0.382328 -0.203082 0.901434 -0.747483 -0.505542 -0.430925
9.525326 -76.549887 -85.383985 -2245.686835 -0.521084 0.846371 -0.110124 0.851335 0.524610 0.003603 0.060822 -0.091875 -0.993911
10.502136 -75.038222 -978.391860 1766.399397 -0.468595 0.873647 -0.130998 -0.864836 -0.483919 -0.133717 0.180214 -0.050633 -0.982323
12.775760 -79.424734 -620.002738 444.820305 -0.475000 0.872576 -0.113961 -0.849476 -0.488475 -0.199457 0.229708 -0.002065 -0.973257
13.852672 -33.679166 1232.320463 -10022.029368 -0.371136 0.891912 0.258362 -0.180527 0.203621 -0.962262 0.910861 0.403771 -0.085443
10.527556 -51.154837 384.743692 -2907.052312 -0.355746 0.897786 0.259664 -0.324636 0.141833 -0.935144 0.876388 0.416970 -0.240997
14.538468 -44.953479 882.962093 -4828.266802 -0.319748 0.895053 0.310874 -0.283848 0.222543 -0.932687 0.903987 0.386465 -0.182901
16.496843 -0.879995 1345.404647 -17195.036230 -0.410620 0.893541 0.181592 -0.055970 0.174081 -0.983139 0.910087 0.413860 0.021469
12.871953 -31.020430 47.703045 -10031.258574 -0.411315 0.896602 0.164087 -0.132735 0.119183 -0.983960 0.901777 0.426497 -0.069989
19.604031 -25.268314 2110.820566 -12041.152719 -0.333838 0.885992 0.321823 -0.156273 0.284666 -0.945803 0.929587 0.366037 -0.043424
22.199418 6.569655 3776.903121 -17515.292227 -0.351680 0.840476 0.412216 -0.128123 0.392986 -0.910575 0.927311 0.373046 0.030521
-11.029084 -31.064578 -2486.415007 -3535.792909 -0.536209 0.570561 0.622046 0.365624 -0.507223 0.780413 -0.760789 -0.645899 -0.063367
7.903004 -34.502070 -9376.378701 4198.614104 -0.494675 0.438746 0.750199 -0.461539 0.598801 -0.654537 -0.736396 -0.670029 -0.093713
-9.563203 -44.682957 -4816.290816 8234.347935 -0.509862 0.501892 0.698674 -0.442875 0.543133 -0.713350 -0.737498 -0.673135 -0.054647
12.709619 -47.499742 15090.985014 -5590.215604 0.527928 -0.405339 -0.746319 0.532667 -0.526404 0.662695 -0.661481 -0.747395 -0.061993
22.166262 -59.659308 -3327.188767 12954.906387 -0.327434 0.944598 0.022828 -0.635275 -0.237966 0.734709 -0.699438 -0.226066 -0.677998
17.070353 -69.665780 -2649.405288 10326.045420 -0.391054 0.916014 0.089412 -0.694083 -0.357312 0.624962 -0.604422 -0.182334 -0.775518
22.508018 -49.679570 -815.241473 6928.198442 -0.242857 0.968510 0.054860 -0.706689 -0.215380 0.673946 -0.664539 -0.124903 -0.736741
23.987858 -38.074808 1846.371140 5023.385085 -0.108676 0.992870 0.048980 -0.731915 -0.113260 0.671917 -0.672674 -0.037172 -0.739005
29.677843 -30.401688 2224.881210 5462.079206 -0.032623 0.999218 -0.022362 -0.681561 -0.005876 0.731737 -0.731033 -0.039113 -0.681220
29.689859 -37.143060 -1116.622059 7327.875644 -0.152567 0.986967 -0.051183 -0.656986 -0.062597 0.751299 -0.738304 -0.148250 -0.657974
-4.403914 -110.702504 -1626.605193 -5300.204996 -0.530683 0.844330 -0.074048 -0.668163 -0.363001 0.649452 -0.521472 -0.394130 -0.756788
-5.137043 -105.823638 -1036.596332 -5523.857110 -0.522943 0.848995 -0.075751 -0.757805 -0.422402 0.497301 -0.390208 -0.317465 -0.864265
-4.193099 -105.392780 -1410.588602 -4094.912494 -0.519413 0.849722 -0.090453 -0.765177 -0.415369 0.491907 -0.380413 -0.324716 -0.865936
-2.971137 -117.434854 -1770.767318 -4899.451943 -0.539356 0.837903 -0.083747 -0.636075 -0.340218 0.692575 -0.551819 -0.426814 -0.716468
4.351860 -59.181973 -391.823801 -69.623444 -0.494955 0.866978 0.058037 0.774039 0.470274 -0.423917 0.394820 0.164897 0.903840
4.119585 -57.342667 -600.970370 468.645501 -0.498762 0.862468 0.085932 0.768469 0.485888 -0.416375 0.400864 0.141636 0.905123
4.955045 -58.407282 -139.175697 519.199330 -0.516607 0.853164 0.072313 0.806961 0.513379 -0.291985 0.286235 0.092488 0.953685
5.941382 -56.448605 157.722573 311.489811 -0.507040 0.857120 0.090859 0.794069 0.505518 -0.337500 0.335209 0.098978 0.936930
5.044658 -59.741788 -497.579882 896.134245 -0.510844 0.857567 0.060140 0.798271 0.499159 -0.337052 0.319064 0.124173 0.939563
4.822872 -60.761421 -400.693829 40.614817 -0.537144 0.840891 0.066174 0.820997 0.539205 -0.187677 0.193497 0.046481 0.979999
4.887986 -57.978278 -132.159209 -406.992413 -0.536846 0.840414 0.074166 0.830850 0.541907 -0.126585 0.146575 0.006336 0.989179
5.079961 -56.405613 -213.299264 -620.622789 -0.523629 0.846643 0.094911 0.826562 0.531856 -0.184187 0.206420 0.017996 0.978298
-2.729527 -118.137558 -1581.271894 341.301293 -0.576301 0.792824 -0.198262 0.813608 0.579440 -0.047862 0.076935 -0.188890 -0.978980
-0.189954 -118.909988 -710.702181 -2.848077 -0.572519 0.798934 -0.184190 0.819545 0.564182 -0.100229 0.023840 -0.208334 -0.977767
-2.374776 -136.062311 -61.654972 6892.306803 -0.565253 0.803547 -0.186550 0.808873 0.495515 -0.316527 -0.161906 -0.329813 -0.930059
-4.481648 -124.111442 -577.979714 -885.933600 -0.578294 0.794268 -0.186320 0.811499 0.536527 -0.231533 -0.083933 -0.285093 -0.954818
-2.790585 -134.750049 -978.020293 11066.117905 -0.579568 0.788536 -0.205701 0.785588 0.473495 -0.398315 -0.216687 -0.392446 -0.893886
-4.208979 -132.216405 1697.783344 10200.395412 -0.575858 0.796500 -0.184321 0.775230 0.460395 -0.432498 -0.259625 -0.391949 -0.882593
-4.163346 -181.358729 1156.000132 21417.253569 -0.550974 0.807057 -0.212337 0.752788 0.370832 -0.543869 -0.360192 -0.459503 -0.811862
12.525216 -99.643813 1206.987098 19758.582418 0.532933 -0.826445 0.181577 0.845436 0.528932 -0.073951 -0.034925 0.192923 0.980592
13.351166 -97.325023 1613.524695 21196.687943 0.581892 -0.789459 0.195337 0.813242 0.562999 -0.147204 0.006236 0.244513 0.969626
21.435278 -79.606797 3650.222489 6254.227128 0.508505 -0.847633 0.151463 0.857930 0.483775 -0.172966 0.073338 0.217899 0.973212
12.006802 -97.423654 2925.376336 11097.040667 0.481852 -0.866793 0.128407 0.874936 0.483964 -0.016296 -0.048019 0.120200 0.991588
10.528353 -56.761157 1105.446684 1266.449839 -0.693656 0.717044 0.068485 0.713933 0.671783 0.197505 0.095613 0.185894 -0.977907
10.565194 -59.817824 1431.511828 709.378302 0.706787 -0.707347 -0.010542 0.692371 0.688612 0.215490 0.145167 0.159604 -0.976449
8.806210 -55.963797 -1439.094383 -2026.964674 0.737391 -0.674153 -0.042088 0.652251 0.694470 0.303778 0.175564 0.251455 -0.951813
5.864689 -50.679673 -3156.699002 -1528.397679 0.711225 -0.697957 -0.083758 0.690082 0.670510 0.272404 0.133966 0.251541 -0.958530
-7.940622 -45.246554 -2284.993482 1005.187480 -0.326930 0.932766 0.151872 -0.695609 -0.346294 0.629451 -0.639723 -0.100143 -0.762054
-8.129922 -42.558517 195.706243 1923.454657 -0.328149 0.920848 0.210610 -0.630083 -0.379483 0.677486 -0.703785 -0.089614 -0.704738
-8.454681 -45.397423 475.115250 -18.588131 -0.315763 0.926189 0.206076 -0.709311 -0.374672 0.597076 -0.630216 -0.042363 -0.775263
-9.088311 -40.434913 -1670.266574 2451.992048 -0.355131 0.915563 0.188750 -0.582520 -0.374655 0.721322 -0.731131 -0.146213 -0.666385
-9.606752 -46.696496 -2441.387274 286.617336 -0.310427 0.939811 0.142794 -0.759159 -0.335504 0.557777 -0.572113 -0.064746 -0.817615
-7.090625 -41.918116 -2415.052334 2069.667138 -0.344310 0.923830 0.167301 -0.610533 -0.355692 0.707625 -0.713233 -0.141500 -0.686496
14.807797 -14.589101 -5074.989285 2311.827234 0.743690 -0.650914 0.152437 -0.031201 0.193977 0.980510 0.667797 0.733951 -0.123949
26.531469 -9.972575 1474.098917 -6368.962879 -0.664815 0.741173 -0.093189 0.004588 -0.120695 -0.992679 0.746994 0.660375 -0.076839
17.678583 -1.442974 -4773.935499 8868.629080 0.737138 -0.605651 0.299690 -0.203429 0.224029 0.953115 0.644394 0.763543 -0.041934
6.845598 -5.739708 -4183.763697 4523.952080 0.727140 -0.540954 0.422654 -0.263357 0.348754 0.899452 0.633965 0.765336 -0.111129
-25.982781 -38.948648 1624.608662 -1662.993252 -0.391039 0.901134 0.187207 -0.413108 0.009915 -0.910628 0.822454 0.433427 -0.368389
-26.823634 -38.492756 1057.347667 -144.709876 -0.303606 0.890418 0.339086 -0.418776 0.194962 -0.886914 0.855833 0.411273 -0.313695
-27.182529 -41.994116 -364.736435 -1881.253190 -0.225983 0.907215 0.354813 -0.448385 0.226484 -0.864671 0.864802 0.354494 -0.355600
-9.553188 -84.712346 -43.636488 -2030.839697 -0.529802 0.847698 0.026787 -0.843217 -0.529867 0.090695 -0.091075 -0.025464 -0.995518
-9.664611 -79.865585 -118.339620 433.250026 -0.517990 0.855136 0.020701 -0.850561 -0.512350 -0.118502 0.090729 0.078990 -0.992738
-10.143874 -81.395481 984.582651 -318.004182 -0.521871 0.852899 0.014631 -0.850014 -0.518513 -0.092849 0.071605 0.060892 -0.995573
-10.393706 -85.935985 1253.456832 -2431.382731 -0.523723 0.851837 -0.009354 -0.851458 -0.523776 -0.026027 0.027070 0.005666 -0.999617
-9.719870 -85.330654 139.653080 -1681.823173 -0.541488 0.840708 0.000942 -0.834562 -0.537664 0.120099 -0.101475 -0.064246 -0.992761
-10.761756 -43.405353 -4045.757189 1690.917249 -0.000827 -0.307884 -0.951424 -0.004095 0.951417 -0.307878 0.999991 0.003641 -0.002048
-12.793931 -41.007833 -4468.165462 1401.385972 0.010623 -0.323994 -0.945999 -0.096974 0.941260 -0.323460 0.995230 0.095174 -0.021420
1.084125 -39.687416 -6049.747007 1294.468206 0.002605 -0.164051 -0.986448 -0.086966 0.982677 -0.163653 0.996208 0.086214 -0.011707
2.692000 -37.456137 -4896.558912 573.334826 -0.010585 -0.146852 -0.989102 -0.187761 0.971855 -0.142282 0.982158 0.184209 -0.037860
13.191174 -38.926139 -7639.928107 774.969013 0.011127 -0.105259 -0.994383 -0.093242 0.990002 -0.105839 0.995581 0.093895 0.001201
21.565637 -41.108854 -8182.280155 1698.411721 0.017705 -0.045373 -0.998813 -0.009685 0.998915 -0.045550 0.999796 0.010480 0.017247
6.105183 -43.795979 -7919.011934 1889.123622 0.024545 -0.168221 -0.985444 0.028646 0.985454 -0.167510 0.999288 -0.024117 0.029007
-83.997289 -5056.552002 -284552.452961 -2205575.617668 0.837427 0.433729 -0.332560 -0.538766 0.757421 -0.368841 -0.091911 -0.488049 -0.867963
-155.346277 -2193.507869 18909.132608 -968357.086422 0.979267 0.155473 0.129861 -0.084095 0.895217 -0.437625 0.184292 -0.417631 -0.889731
-280.159792 -1656.389145 57669.523161 -603272.591631 0.932467 0.233013 0.276063 0.033391 0.705311 -0.708111 0.359709 -0.669508 -0.649899
-268.107322 -2797.882385 33107.457968 875665.163013 0.926509 0.354096 -0.127269 -0.250058 0.832176 0.494929 -0.281163 0.426731 -0.859563
-40.244875 -431.455338 9130.644164 143142.202172 -0.778560 -0.007418 -0.627526 -0.088009 0.991339 0.097473 0.621368 0.131117 -0.772470
-23.016191 -346.953738 9074.899990 93048.628022 -0.804020 0.026154 -0.594027 0.083093 0.994171 -0.068696 0.588768 -0.104593 -0.801506
-20.119739 -631.760411 6355.342849 264362.247838 -0.802862 -0.059038 -0.593235 -0.242395 0.941446 0.234357 0.544663 0.331953 -0.770162
-49.568955 -266.916882 12522.901731 17989.838316 -0.757559 0.014742 -0.652600 0.249841 0.930168 -0.269011 0.603062 -0.366838 -0.708341
-48.701959 -288.028939 8749.785700 102500.944160 -0.735379 -0.109064 -0.668822 -0.330988 0.919035 0.214060 0.591324 0.378788 -0.711938
-53.515021 -77.119213 986.329629 3942.343030 0.108758 0.993738 0.025622 0.912230 -0.089530 -0.399776 0.394978 -0.066852 0.916255
-47.625208 -75.543980 -279.839338 4053.579772 0.349378 0.914571 -0.203702 0.843235 -0.401689 -0.357212 0.408520 0.046967 0.911540
-40.611245 -64.461029 -573.183791 5885.704201 0.465578 0.829616 -0.308180 0.696561 -0.558314 -0.450653 0.545930 0.004852 0.837817
-60.463620 -79.401851 3174.753337 -2584.088487 0.044206 0.998979 0.009306 0.993620 -0.042998 -0.104260 0.103754 -0.013855 0.994507
0.013043 -76.716810 -17720.003146 -979.076452 0.598289 0.743322 -0.299202 0.699808 -0.302853 0.646954 0.390281 -0.596450 -0.701376
72.710211 -87.457727 -32530.304601 2709.819491 0.559555 0.778441 -0.284479 0.695914 -0.254882 0.671371 0.450114 -0.573642 -0.684348
27.116311 -81.429219 -22782.014220 1297.614002 0.520799 0.785279 -0.334821 0.795677 -0.304418 0.523667 0.309299 -0.539135 -0.783370
-24.493074 -76.123097 -8942.543115 -1929.643085 0.551519 0.801617 -0.230730 0.771390 -0.384849 0.506802 0.317465 -0.457494 -0.830611
1.881961 -19.349346 3770.938136 210.177532 -0.629348 0.729309 -0.268382 0.548792 0.661611 0.510978 -0.550225 -0.174297 0.816623
-1.219291 -23.157653 -1238.200284 1259.933761 0.748829 -0.543733 0.378959 0.387202 0.822970 0.415686 -0.537894 -0.164544 0.826798
-4.211503 -54.477878 2.384894 1507.213164 0.601743 0.744724 -0.288602 0.619385 -0.206988 0.757310 0.504250 -0.634462 -0.585825
-3.948811 -52.311959 410.302043 412.683319 0.600179 0.753610 -0.268062 0.634478 -0.244478 0.733259 0.487056 -0.610166 -0.624879
-2.620761 -50.985501 -137.166854 -1510.403395 0.621746 0.741831 -0.251234 -0.520676 0.151862 -0.840140 0.585089 -0.653165 -0.480673
-6.163843 -60.379744 2594.206726 1555.059397 0.549523 0.780627 -0.297733 0.732993 -0.279452 0.620183 0.400930 -0.559042 -0.725760
-2.959312 -51.684142 -1475.353398 -2483.495970 0.614640 0.730290 -0.298150 -0.524776 0.096377 -0.845767 0.588920 -0.676305 -0.442476
-4.350043 -54.296803 -1478.937972 257.400044 0.567704 0.739644 -0.361441 0.666192 -0.154828 0.729531 0.483632 -0.654947 -0.580641
-5.700572 -57.810843 818.996403 -407.730022 0.565704 0.759361 -0.321482 0.704498 -0.242449 0.667009 0.428557 -0.603813 -0.672123
1.303496 -57.626186 -948.358754 2367.808237 0.283849 0.914864 -0.287147 -0.649763 0.403744 0.644049 -0.705151 -0.003765 -0.709047
-0.875235 -59.753585 -728.354713 1169.165398 0.323841 0.890371 -0.319947 -0.695299 0.453308 0.557737 -0.641627 -0.041840 -0.765874
2.371080 -62.678419 -293.155183 1687.784761 0.313580 0.901796 -0.297374 -0.732893 0.428979 0.528058 -0.603767 -0.052355 -0.795439
-2.155276 -56.516180 -698.565113 1262.595697 0.299059 0.904273 -0.304720 -0.584546 0.426010 0.690522 -0.754234 0.028384 -0.655992
4.424733 -64.563655 -1794.561301 3073.950554 0.279769 0.913093 -0.296633 -0.718359 0.404072 0.566291 -0.636938 -0.054658 -0.768975
3.473471 -58.562691 -1628.821558 4677.429976 0.257229 0.924995 -0.279675 -0.621305 0.379972 0.685274 -0.740144 0.002509 -0.672444
0.144811 -55.094867 -1482.611907 1647.367537 0.277787 0.911688 -0.302754 -0.541245 0.408909 0.734743 -0.793655 0.040238 -0.607036
-7.596488 -81.210090 -620.463944 -4901.310115 0.274433 0.933915 0.229106 0.767177 -0.068994 -0.637715 0.579764 -0.350775 0.735412
-8.164616 -87.634527 1107.834262 -1734.991819 0.251109 0.945036 0.209405 0.777240 -0.067916 -0.625528 0.576925 -0.319834 0.751574
-6.346277 -81.005318 -681.451852 -2829.406163 0.278032 0.931887 0.232992 0.847306 -0.123658 -0.516509 0.452516 -0.341022 0.823974
-24.228475 -41.505097 170.882013 -2965.951580 0.584427 0.662305 -0.468824 0.128989 0.494591 0.859501 -0.801128 0.562789 -0.203623
-18.495474 -42.933057 6057.711949 -4753.274440 0.633851 0.652494 -0.415312 0.148532 0.424276 0.893268 -0.759059 0.627886 -0.172012
13.891761 -100.320170 -13144.789634 -3768.245025 0.203720 -0.130181 0.970336 0.881614 0.455392 -0.123998 -0.425741 0.880722 0.207542
64.400784 -68.898535 -23597.480848 -7395.677290 0.247461 -0.140630 0.958638 0.694947 0.715193 -0.074475 -0.675138 0.684632 0.274713
20.482880 -85.398928 -17504.867445 -8197.981360 0.206781 -0.094440 0.973819 0.739966 0.666252 -0.092512 -0.640072 0.739722 0.207651
23.441078 -26.564431 43440.299293 3674.587205 0.840002 -0.175757 0.513328 0.356699 -0.534024 -0.766540 -0.408854 -0.826999 0.385889
142.871284 -31.465749 77877.082687 2382.417927 0.863173 -0.167856 0.476190 0.297564 -0.592816 -0.748348 -0.407908 -0.787651 0.461755
-4.783586 -170.383969 876.637312 -4121.134849 -0.305617 0.063380 -0.950043 0.922384 0.267261 -0.278889 0.236233 -0.961538 -0.140140
-2.467640 -178.055805 1395.248384 11318.072328 -0.311511 0.071087 -0.947580 0.815345 0.532142 -0.228118 0.488030 -0.843666 -0.223729
-5.134590 -89.151207 2789.730425 11912.533183 0.218272 0.951836 0.215324 0.916988 -0.124549 -0.378974 0.333902 -0.280169 0.900008
-4.793934 -101.101834 -2870.823654 9556.629504 -0.190011 -0.957120 -0.218671 0.969879 -0.148414 -0.193152 0.152416 -0.248785 0.956491
-3.324075 -111.701035 -4318.345618 6670.479777 -0.172586 -0.962679 -0.208479 0.984683 -0.173949 -0.011920 -0.024790 -0.207343 0.977954
37.483552 -107.527714 -11309.206849 5958.989186 0.280883 0.909498 -0.306462 0.949870 -0.217759 0.224337 0.137299 -0.354111 -0.925070
-5.298182 -161.135916 1684.965317 4720.360327 -0.328446 0.026977 -0.944137 0.857148 -0.411381 -0.309939 -0.396761 -0.911064 0.111993
-10.905704 -196.287171 1319.338588 4874.471880 -0.374669 0.038896 -0.926342 0.793803 -0.502786 -0.342174 -0.479061 -0.863536 0.157503
-10.355205 -205.449068 -585.755946 24770.699740 -0.385783 0.004919 -0.922576 0.913012 -0.141679 -0.382539 -0.132591 -0.989900 0.050166
-12.314691 -172.114706 -743.049007 17093.175443 0.426921 -0.115369 0.896900 -0.205875 0.953382 0.220630 -0.880542 -0.278841 0.383267
-6.668720 -139.597886 966.347454 15288.257297 0.459386 -0.158120 0.874049 0.093773 0.987162 0.129297 -0.883273 0.022565 0.468316
-8.675400 -136.946536 -732.861106 9112.196770 0.434978 -0.178110 0.882650 0.051808 0.983568 0.172943 -0.898949 -0.029499 0.437058
-5.150360 -116.351785 309.757261 9825.402579 0.451816 -0.199431 0.869534 0.290318 0.954506 0.068068 -0.843551 0.221687 0.489160
54.542310 -193.711618 6138.502249 -20459.333805 -0.326986 -0.146055 -0.933675 0.912663 0.207550 -0.352094 0.245209 -0.967260 0.065433
50.225126 -176.427734 7927.095172 -37076.008708 -0.336014 -0.064289 -0.939660 0.936440 -0.129654 -0.325992 -0.100873 -0.989473 0.103768
61.816179 -177.690608 4975.795217 -45734.808017 -0.309303 -0.205384 -0.928520 0.950777 -0.086102 -0.297672 -0.018810 -0.974887 0.221906
-51.947466 -781.152011 -9546.645272 292193.753457 0.077881 -0.256393 -0.963430 0.885407 -0.426393 0.185048 -0.458245 -0.867440 0.193804
-76.835750 -977.555178 -19422.098977 345743.810546 -0.076430 -0.182999 -0.980138 0.985025 -0.166222 -0.045776 -0.154543 -0.968959 0.192963
-2328.857054 -67437.546691 751940.710651 -84312362.679329 -0.242433 0.117427 -0.963035 0.780587 0.613075 -0.121749 0.576116 -0.781249 -0.240292
-996.676902 -31519.786684 374476.328406 -52564063.933127 -0.353206 -0.471852 -0.807837 0.863132 0.168750 -0.475948 0.360899 -0.865378 0.347668
-718.176208 -19559.949351 471041.045277 -10865690.683804 -0.567086 0.006665 -0.823631 0.587507 -0.697574 -0.410155 -0.577277 -0.716482 0.391669
-15.912276 -46.473444 4910.785222 3481.040587 0.502500 0.680787 -0.532938 -0.459324 0.732440 0.502546 0.732472 -0.007737 0.680753
-17.925472 -47.556465 5483.203184 -3428.308406 0.509268 0.709158 -0.487586 0.492144 -0.704758 -0.510989 0.706003 -0.020268 0.707919
-276.206151 -483.408116 -280279.887018 139157.935980 0.802749 -0.515549 -0.299673 -0.431404 -0.155143 -0.888719 -0.411686 -0.842698 0.346951
-203.281974 -431.017159 43398.677595 119246.551097 0.752101 -0.293622 -0.590026 -0.648297 -0.168560 -0.742495 -0.118558 -0.940943 0.317128
-308.770281 -22750.088687 292406.849351 -15179256.223145 0.540831 -0.132680 -0.830601 0.563891 0.789906 0.240989 0.624122 -0.598703 0.502022
-224.467020 -1237.405255 14401.051730 -357822.838489 0.642924 -0.130121 -0.754796 0.742072 0.349865 0.571772 0.189677 -0.927719 0.321496
12.765177 -1185.365627 6572.994832 352290.677812 0.273980 0.942862 0.189595 -0.765131 0.094256 0.636939 -0.582675 0.319574 -0.747237
-16.578565 -741.634202 14627.245727 -234063.666580 0.162766 0.951124 0.262431 0.978367 -0.121160 -0.167686 -0.127694 0.284047 -0.950269
-109.132771 -452.541718 29869.964760 -110531.480117 0.207601 0.968341 0.138627 0.976195 -0.195982 -0.092921 -0.062811 0.154617 -0.985976
-8.189989 -42.706463 1668.487453 7315.984660 0.588424 0.722992 -0.361994 -0.046023 -0.417031 -0.907726 0.807242 -0.550788 0.212117
-5.134628 -40.646523 961.830726 1228.691670 0.595463 0.722104 -0.352121 -0.055520 -0.400263 -0.914717 0.801462 -0.564230 0.198251
-7.109675 -43.147041 1220.821194 6084.190666 0.585072 0.681167 -0.440116 -0.081390 -0.490637 -0.867555 0.806887 -0.543403 0.231618
-68.691115 -2309.350787 12490.615222 -1024241.149109 0.642813 0.733365 0.221286 0.270593 -0.487642 0.830051 -0.716638 0.473689 0.511906
35.131912 -166.101929 26630.963124 -86106.913121 0.342921 0.915659 -0.209698 0.577333 -0.029345 0.815981 -0.741007 0.400883 0.538703
-210.859837 -1019.765381 108987.055083 -368368.344496 0.497401 0.840591 -0.214476 0.538504 -0.105340 0.836013 -0.680151 0.531329 0.505057
-122.976552 -681.858165 77186.220509 -271602.112769 0.120942 0.903071 -0.412111 0.371964 0.343682 0.862279 -0.920335 0.257577 0.294344
-40.108363 -57.672411 2809.834061 142.794402 -0.160583 0.262745 0.951408 0.982477 0.134952 0.128558 -0.094616 0.955381 -0.279812
-36.809450 -56.530206 1439.303722 -678.670522 -0.105635 0.206590 0.972709 0.990326 0.110362 0.084109 -0.089974 0.972184 -0.216249
-41.118393 -58.654967 2738.245328 -1732.152229 -0.129976 0.280777 0.950931 0.991314 0.017377 0.130365 0.020079 0.959616 -0.280597
-45.689005 -59.479768 3511.232650 -185.437425 -0.190591 0.336067 0.922352 0.980793 0.104877 0.164454 -0.041466 0.935981 -0.349601
25.012589 -58.982923 -559.565468 -7770.967258 0.038191 0.998945 -0.025502 -0.449579 0.039969 0.892346 -0.892424 0.022614 -0.450631
23.221436 -66.104730 -36.175775 -8448.885608 0.006934 0.996978 -0.077374 -0.389468 0.073958 0.918066 -0.921014 -0.023768 -0.388804
28.897301 -48.888219 1231.407751 -10266.391365 0.039398 0.993492 -0.106871 -0.524938 0.111585 0.843794 -0.850228 -0.022856 -0.525918
31.258422 -38.214551 2175.835026 -7560.465061 0.084964 0.993677 -0.073398 -0.575053 0.109060 0.810815 -0.813693 0.026682 -0.580683
20.944902 -49.394231 -2236.687842 -395.019404 0.125979 0.966043 0.225589 -0.338295 0.255605 -0.905661 0.932569 -0.037779 -0.359009
14.174925 -53.199041 -1650.258424 -3109.133155 0.117342 0.965470 0.232593 -0.403516 0.260358 -0.877148 0.907417 -0.009072 -0.420133
7.007460 -57.446772 126.842372 -3857.811803 0.046929 0.981023 0.188129 -0.477521 0.187455 -0.858391 0.877366 0.049552 -0.477256
-0.484553 -52.689221 -2574.480315 -3218.910817 -0.403926 0.859610 -0.312911 0.897310 0.438859 0.047299 0.177983 -0.261673 -0.948604
-2.293417 -50.029833 -1215.861598 -6789.001257 -0.429537 0.855988 -0.287720 0.901852 0.423014 -0.087877 0.046488 -0.297228 -0.953674
0.865815 -56.489235 -1156.223796 1663.642531 -0.420469 0.860429 -0.287867 -0.878863 -0.465065 -0.106371 0.225402 -0.208270 -0.951745
-2.218732 -53.612627 -721.478742 -1974.054074 -0.399371 0.874413 -0.275508 0.899476 0.431845 0.066735 0.177331 -0.221161 -0.958979
-1.308053 -60.970681 -279.700428 -4963.804825 -0.395913 0.876567 -0.273646 -0.861836 -0.457564 -0.218800 0.317003 -0.149212 -0.936613
14.964743 -71.909542 -2186.605701 100.142199 -0.440748 0.885812 -0.145185 -0.673865 -0.433371 -0.598411 0.592998 0.165914 -0.787925
15.470735 -79.600556 -1911.147099 7432.755953 -0.445743 0.886359 -0.125225 -0.602570 -0.400549 -0.690268 0.661984 0.232226 -0.712635
12.927010 -71.946743 -2607.161337 -4514.083610 -0.417296 0.895264 -0.156095 -0.748535 -0.436010 -0.499590 0.515325 0.091634 -0.852082
12.038691 -71.565856 -1570.966630 4287.488881 -0.439919 0.884237 -0.156830 -0.627183 -0.427505 -0.651061 0.642738 0.188053 -0.742646
11.797218 -68.466878 -2181.979074 -3108.645202 -0.422237 0.891749 -0.162786 -0.685161 -0.431537 -0.586797 0.593524 0.136233 -0.793203
-1.288475 -84.727317 -1291.181037 8998.256405 -0.555252 0.831675 0.003370 0.124507 0.079117 0.989059 -0.822310 -0.549597 0.147479
-2.793998 -98.244285 -989.586034 11267.464841 -0.546053 0.837623 0.014621 0.023644 -0.002037 0.999718 -0.837417 -0.546245 0.018692
