11839
23667
-39.563857 -55.336362 -723.961768 6596.040525 0.254308 0.962932 -0.089943 0.816159 -0.263575 -0.514211 0.518857 -0.057360 0.852935
-45.513240 -66.346354 583.616208 6980.312796 0.239042 0.964079 -0.115805 0.877130 -0.265550 -0.400157 0.416535 0.005922 0.909100
-47.280499 -72.184597 -1677.203522 7184.271370 -0.034500 0.996608 0.074713 0.929613 0.059447 -0.363712 0.366920 -0.056906 0.928510
-46.441993 -64.283258 481.971286 6438.688873 0.355591 0.897269 -0.261655 0.817420 -0.434301 -0.378428 0.453189 0.079316 0.887879
-31.517465 -70.715476 -4580.693009 11962.585710 -0.066810 0.980144 0.186692 0.870790 0.148622 -0.468653 0.487094 -0.131258 0.863429
-27.531146 -49.544310 -4771.098476 7363.079170 0.153591 0.983499 0.095598 0.800956 -0.067256 -0.594933 0.578687 -0.167946 0.798070
-32.845041 -42.783630 510.073460 -2245.946392 0.639486 0.658353 -0.397025 -0.494633 0.747668 0.443092 0.588554 -0.086969 0.803766
-38.243325 -51.755941 459.894026 -3103.246445 0.634054 0.637841 -0.437188 -0.547665 0.769536 0.328446 0.545929 0.031180 0.837251
117.924457 -41.357847 22560.360004 53.900192 0.630877 0.403180 0.662902 -0.600188 0.795043 0.087643 -0.491700 -0.453158 0.743558
107.652260 -34.028188 -10159.436285 -4652.643365 0.499483 0.079136 0.862702 -0.537092 0.809634 0.236696 -0.679741 -0.581576 0.446901
69.066314 -41.686232 6167.579749 -557.522401 0.570924 0.297092 0.765364 -0.512381 0.857335 0.049419 -0.641491 -0.420372 0.641698
62.642750 -50.165725 13143.892477 3547.599207 0.568107 0.567939 0.595566 -0.632347 0.764410 -0.125758 -0.526679 -0.305161 0.793401
95.070395 -55.740628 23499.931999 -2520.983883 0.537037 0.677415 0.502694 0.735467 -0.667856 0.114269 -0.413134 -0.308348 0.856879
288.409109 -44.478681 106455.990170 -4423.592722 0.731649 0.507128 0.455534 0.619335 -0.773713 -0.133390 -0.284807 -0.379722 0.880168
3.476375 -44.249092 1244.528623 -918.488025 -0.202971 0.771230 0.603330 0.466601 0.617880 -0.632857 0.860864 -0.153063 0.485268
5.910530 -41.464220 2951.158549 -1377.640532 -0.169950 0.845491 0.506224 0.572491 0.502829 -0.647624 0.802104 -0.179745 0.569491
-3.700494 -45.022827 984.993829 -1596.752872 -0.122692 0.894936 0.428994 0.486970 0.430933 -0.759708 0.864758 -0.115697 0.488679
-17.731824 -62.983133 -1347.284886 616.112908 0.504953 0.818957 -0.272639 0.584759 -0.092243 0.805946 -0.634886 0.566392 0.525471
-17.072234 -61.646917 -785.558293 -1618.561021 0.526434 0.807128 -0.267230 0.628283 -0.157540 0.761868 -0.572825 0.568969 0.590039
-18.536255 -63.120330 314.485280 510.598151 -0.550970 -0.785616 0.281496 0.576346 -0.114266 0.809178 -0.603538 0.608071 0.515744
-18.430116 -59.712412 -1354.865576 -331.605394 0.505244 0.814512 -0.285129 0.497509 -0.004948 0.867445 -0.705133 0.580126 0.407727
1.522419 -47.576786 -96.965594 429.441140 0.545595 0.830591 -0.111554 0.823206 -0.556104 -0.114367 0.157028 0.029434 0.987155
0.412419 -51.201787 265.909959 679.114134 -0.531409 -0.839965 0.109830 0.846047 -0.532769 0.019017 0.042540 0.103028 0.993768
2.201819 -49.160579 -233.674925 488.727048 0.530444 0.840901 -0.107303 0.837330 -0.539486 -0.088511 0.132318 0.042898 0.990279
2.140161 -47.350470 -301.663528 775.237694 0.556707 0.823696 -0.107715 0.790626 -0.565164 -0.235585 0.254927 -0.045989 0.965866
0.607529 -46.162715 -282.723712 387.426207 0.571544 0.812470 -0.115019 0.786082 -0.582327 -0.207294 0.235399 -0.028063 0.971494
0.001469 -134.151668 -1706.358158 -6527.199355 0.135652 0.921725 0.363347 0.869873 -0.286352 0.401650 -0.474256 -0.261581 0.840629
-0.903689 -132.505850 -889.547194 -4455.809360 0.148776 0.924272 0.351550 0.899947 -0.273889 0.339233 -0.409830 -0.265907 0.872544
-0.048905 -118.308946 -819.206709 -11372.240981 0.119120 0.933040 0.339482 0.740561 -0.311240 0.595567 -0.661347 -0.180463 0.728047
1.303284 -137.269328 -1469.292951 -15183.120983 0.118966 0.929430 0.349295 0.733543 -0.319359 0.599937 -0.669150 -0.184851 0.719770
-15.500359 -36.026954 -360.933516 1336.737417 0.870452 0.107306 -0.480415 0.084689 0.928754 0.360894 0.484913 -0.354827 0.799348
-17.803253 -45.096496 658.127683 3885.715573 0.888692 0.297993 -0.348464 -0.130957 0.893309 0.429940 0.439405 -0.336450 0.832901
-14.364799 -45.005210 1185.085126 57.898726 0.877121 0.123576 -0.464099 -0.123353 -0.875947 -0.466370 0.464158 -0.466311 0.753068
-5.973365 -34.666958 4400.488576 -690.027325 0.713639 -0.236296 -0.659457 -0.499740 -0.831425 -0.242884 0.490896 -0.502888 0.711424
-1.063292 -39.601000 4927.007818 485.926952 0.753696 -0.140372 -0.642057 -0.476102 -0.790071 -0.386153 0.453066 -0.596727 0.662305
-17.279164 -55.855077 1043.630414 -516.424138 0.505808 0.813540 -0.286899 0.824263 -0.553893 -0.117447 0.254459 0.177075 0.950734
-18.838464 -56.597067 -804.576699 347.764828 0.582229 0.780630 -0.227214 0.777870 -0.616149 -0.123606 0.236488 0.104776 0.965969
-20.575767 -53.937755 590.504430 1481.770433 0.535925 0.800114 -0.269448 0.749134 -0.597846 -0.285269 0.389336 0.048970 0.919793
-17.902868 -55.042011 1381.366691 1205.112931 0.458868 0.833196 -0.308585 0.804945 -0.536877 -0.252639 0.376170 0.132466 0.917033
-20.802584 -52.954932 449.449493 3026.735528 0.492217 0.818929 -0.295090 0.710868 -0.573815 -0.406698 0.502384 0.009586 0.864592
-20.033208 -52.114227 -279.087350 2486.619633 0.520626 0.818648 -0.242415 0.674324 -0.568421 -0.471365 0.523675 -0.081939 0.847968
4.345713 -142.247946 4696.911977 -999.073483 -0.098472 0.994291 -0.041084 -0.098309 0.031363 0.994662 -0.990272 -0.101986 -0.094660
9.403124 -157.343233 3078.722745 4036.135213 -0.117056 0.991710 -0.053010 0.214605 0.077374 0.973631 -0.969661 -0.102593 0.221883
34.721947 -138.872205 10290.858662 -532.347036 -0.109925 0.985183 -0.131651 -0.135936 0.116308 0.983867 -0.984600 -0.126047 -0.121137
20.465902 -126.006501 9547.929221 -11118.603599 -0.091151 0.994406 -0.053362 -0.420254 0.010168 0.907350 -0.902817 -0.105132 -0.416976
197.787010 -130.674522 72630.593601 -5176.783208 0.045364 0.958393 -0.281826 -0.512348 0.264507 0.817028 -0.857579 -0.107329 -0.503030
152.819793 -119.933731 45198.911224 4740.077135 -0.033807 0.902303 -0.429775 -0.369697 0.388228 0.844158 -0.928537 -0.187425 -0.320454
4.060966 -36.470500 -1125.481671 -4657.924637 -0.660353 -0.717558 0.221458 0.716161 -0.513025 0.473200 -0.225935 0.471079 0.852665
7.575094 -36.867666 -2223.841179 -3833.978761 -0.546328 -0.795549 0.261969 0.805570 -0.413460 0.424391 -0.229310 0.442890 0.866755
12.725651 -34.580449 -2575.429484 1399.687669 -0.628276 -0.743530 0.228981 0.737723 -0.475907 0.478829 -0.247050 0.469762 0.847520
4.816155 -39.477094 2376.131985 -557.420903 0.722592 0.661423 -0.200949 0.656743 -0.566122 0.498190 -0.215753 0.491960 0.843461
-15.351721 -289.524649 -1023.189992 44702.907187 -0.060386 0.939491 -0.337210 0.858341 -0.123568 -0.497977 0.509513 0.319512 0.798942
-16.064221 -283.760151 1075.002357 -1903.530979 0.069923 -0.936209 0.344418 0.994375 0.037880 -0.098911 0.079555 0.349397 0.933591
-14.843087 -278.486675 1427.390984 20473.044035 0.060856 -0.955091 0.289995 0.982597 0.006242 -0.185644 0.175497 0.296246 0.938850
-14.171071 -307.052491 -1505.182027 26316.461892 0.061712 -0.920154 0.386662 0.950658 -0.063822 -0.303606 0.304042 0.386319 0.870813
-21.634526 -67.862475 -5011.732671 -6022.643392 0.373833 -0.558771 0.740287 0.398645 0.817471 0.415720 -0.837455 0.139702 0.528348
-1.444057 -52.090578 -7485.989450 -906.041625 0.460544 -0.224623 0.858745 0.113905 0.974408 0.193790 -0.880298 0.008566 0.474344
-15.812870 -60.796421 -5022.914502 -4139.639730 0.460867 -0.439866 0.770792 0.189381 0.897267 0.398808 -0.867028 -0.037824 0.496823
-28.176465 -80.844895 55.535700 -7637.671162 -0.404430 0.708923 -0.577810 0.464283 0.703466 0.538124 -0.787958 0.050634 0.613644
-5.019013 -5.694947 575.764642 -318.696610 -0.330770 0.547142 0.768913 -0.596124 0.510498 -0.619699 0.731592 0.663346 -0.157307
-3.645681 -7.066943 -267.161612 -572.380257 0.288957 -0.511277 -0.809382 -0.627669 0.537200 -0.563426 0.722867 0.670830 -0.165685
-4.122248 -7.032439 -59.775925 -220.800607 -0.501760 0.675607 0.540178 -0.465761 0.315207 -0.826868 0.728906 0.666483 -0.156513
-4.739389 -8.949763 -655.224245 -528.844828 -0.492449 0.669579 0.556019 -0.477183 0.326557 -0.815878 0.727867 0.667102 -0.158699
-4.185483 -9.608792 -641.590306 1300.603549 -0.645379 0.748331 0.153256 -0.209701 0.019353 -0.977574 0.734515 0.663043 -0.144435
-5.793569 -60.994500 -290.479075 -2670.021313 0.662331 0.649917 -0.372728 -0.234302 -0.292860 -0.927003 0.711632 -0.701314 0.041693
-5.803521 -62.057401 215.437267 -2520.011303 0.642753 0.661617 -0.386175 -0.315619 -0.230622 -0.920434 0.698035 -0.713496 -0.060586
-4.959835 -58.119234 267.783045 -1944.119303 0.645645 0.677878 -0.351601 -0.183297 -0.309398 -0.933100 0.741313 -0.666899 0.075508
-5.444392 -58.843268 389.484347 -2260.072843 0.628199 0.682629 -0.373341 -0.285855 -0.243790 -0.926744 0.723639 -0.688900 -0.041984
-16.110242 -644.654164 11907.661807 178456.806405 0.007096 -0.450975 0.892508 0.996309 -0.073164 -0.044890 0.085544 0.889533 0.448792
-38.128319 -569.523762 10025.213043 146484.084529 -0.080205 -0.370130 0.925511 0.996013 0.006621 0.088962 -0.039055 0.928956 0.368123
-23.660900 -886.644974 -2150.209006 248230.624476 -0.259687 -0.376808 0.889145 0.887390 0.270075 0.373628 -0.380922 0.886045 0.264240
-16.180196 -229.984019 445.230426 53993.713776 -0.274574 -0.393495 0.877366 0.932569 -0.331358 0.143237 0.234360 0.857533 0.457943
-149.030179 -2299.363012 -55191.476778 765617.993658 -0.185442 -0.425691 0.885662 0.973879 0.040574 0.223415 -0.131040 0.903958 0.407048
-87.419360 -138.662000 -22874.873103 27251.817485 -0.410274 -0.352728 0.840987 0.880849 -0.392094 0.265268 0.236179 0.849615 0.471566
-46.803724 -236.439877 -1485.754654 52869.821230 -0.628087 -0.289329 0.722354 0.759855 -0.428122 0.489216 0.167711 0.856155 0.488746
-32.701577 -52.864252 -2346.297314 -2628.661725 0.276805 0.958330 -0.070592 -0.642222 0.239145 0.728258 -0.714793 0.156250 -0.681657
-30.224095 -54.458831 -1551.018696 -4808.222164 0.373651 0.885958 -0.274708 -0.609363 0.457741 0.647418 -0.699330 0.074511 -0.710905
-32.136324 -61.199736 1274.510754 -5243.252321 0.239720 0.970837 -0.003228 -0.611553 0.153586 0.776153 -0.754014 0.184085 -0.630536
-34.668401 -53.419973 -3512.995190 -1752.249918 0.243183 0.969070 0.042019 -0.576676 0.109610 0.809587 -0.779940 0.221109 -0.585495
-19.718420 -43.663857 1349.170812 980.556345 0.789158 -0.498723 -0.358477 0.579826 0.412450 0.702629 0.202563 0.762339 -0.614660
-24.408321 -40.920780 1361.292433 1430.646861 0.822814 -0.425461 -0.376776 0.548549 0.421263 0.722241 0.148564 0.800950 -0.580007
-21.311402 -40.712432 1222.960539 721.950974 0.731120 -0.511405 -0.451584 0.639326 0.282490 0.715166 0.238171 0.811581 -0.533489
-17.425879 -42.924138 1214.741864 297.462208 0.697454 -0.565163 -0.440622 0.650316 0.240826 0.720480 0.301076 0.789046 -0.535500
-4.297235 -43.376671 74.431743 -1319.013076 -0.310150 0.921920 0.232099 -0.724234 -0.387279 0.570526 -0.615867 -0.008855 -0.787800
-5.047823 -46.139529 406.536243 -1182.999441 -0.330176 0.915888 0.228326 -0.649770 -0.395992 0.648837 -0.684677 -0.065871 -0.725863
-4.764143 -45.319740 -268.006756 -1212.424366 -0.316898 0.917052 0.242055 -0.652554 -0.396015 0.646024 -0.688295 -0.046770 -0.723922
-6.109605 -44.339010 -757.626739 -721.207123 -0.308451 0.919117 0.245117 -0.686867 -0.393471 0.611060 -0.658082 -0.020119 -0.752677
1.551667 -50.345993 -176.659562 863.472001 0.570025 -0.803696 -0.170720 0.812821 0.521268 0.260002 -0.119971 -0.286972 0.950397
2.743286 -51.324001 2.689166 560.029070 0.564274 -0.807746 -0.170710 0.810755 0.503141 0.299208 -0.155793 -0.307240 0.938793
2.428958 -50.371196 -96.397548 569.318775 0.561745 -0.809400 -0.171214 0.826668 0.541003 0.154710 -0.032595 -0.228444 0.973011
2.105559 -51.482534 -132.249076 121.152347 0.570949 -0.802833 -0.171687 0.788386 0.477810 0.387485 -0.229052 -0.356590 0.905748
1.644223 -49.656083 257.389560 629.025682 0.563059 -0.806244 -0.181479 0.826312 0.545753 0.139147 -0.013143 -0.228306 0.973501
0.218271 -50.051389 470.784061 985.854615 0.574985 -0.798809 -0.176906 0.815816 0.543404 0.197877 -0.061935 -0.258099 0.964131
1.215282 -51.950814 468.506443 334.275491 0.576349 -0.797645 -0.177719 0.789272 0.486955 0.374064 -0.211829 -0.355861 0.910215
4.569792 -71.778821 -500.638824 4506.893441 -0.412798 0.907898 -0.072925 0.273421 0.047148 -0.960738 0.868815 0.416531 0.267701
4.496526 -62.764229 -268.636457 3922.171864 -0.412097 0.906972 -0.087044 0.103124 -0.048491 -0.993486 0.905285 0.418389 0.073548
2.233041 -65.767292 -1499.392335 3526.657851 -0.382833 0.920671 -0.076185 0.147766 -0.020379 -0.988812 0.911924 0.389807 0.128242
4.719541 -70.882634 845.602392 5554.525700 -0.436576 0.895684 -0.084565 0.234952 0.022775 -0.971740 0.868446 0.444107 0.220386
-0.228794 -134.075564 -206.662429 -5484.293092 0.456599 -0.870410 -0.184131 0.868149 0.390656 0.306112 -0.194511 -0.299624 0.934019
0.562638 -150.650714 788.178623 -4891.937874 0.443033 -0.873670 -0.201051 0.895152 0.443413 0.045687 0.049234 -0.200212 0.978515
-1.119314 -141.591473 1024.805728 -5650.293265 0.449508 -0.869833 -0.203304 0.890677 0.419088 0.176234 -0.068092 -0.260297 0.963125
-1.740345 -122.104273 -177.555631 -6498.045775 0.470670 -0.864496 -0.176399 0.807912 0.341929 0.479961 -0.354608 -0.368418 0.859372
-3.116424 -122.478723 1018.727185 -5858.704116 0.474730 -0.858250 -0.195034 0.840758 0.376680 0.388894 -0.260303 -0.348596 0.900401
-4.407278 -113.366321 1357.428047 -2033.631413 -0.547767 0.826304 0.131046 -0.388456 -0.389922 0.834903 -0.740981 -0.406426 -0.534569
-5.187443 -109.694246 1688.295124 2038.213132 -0.530751 0.839983 0.112836 -0.238712 -0.275904 0.931071 -0.813216 -0.467232 -0.346950
1.331832 -107.038783 2201.107336 5383.823586 -0.550916 0.822324 0.142388 -0.134472 -0.255852 0.957318 -0.823655 -0.508255 -0.251533
-0.392553 -100.535156 1311.289427 8453.070945 -0.545016 0.829515 0.121913 0.037613 -0.121070 0.991931 -0.837582 -0.545204 -0.034784
-2.326335 -147.699318 -219.806829 7512.823520 0.750271 0.661122 -0.003390 -0.624484 0.706990 -0.331941 0.217057 -0.251163 -0.943294
-0.751598 -148.185460 -449.815070 3273.191615 0.753629 0.657163 -0.013399 -0.587281 0.664054 -0.462746 0.295202 -0.356608 -0.886389
0.003450 -137.427449 -1560.242964 4773.651242 0.756596 0.653051 -0.032965 -0.642503 0.733118 -0.222997 0.121461 -0.189899 -0.974262
0.884623 -99.386407 -858.268717 2605.427641 -0.325991 0.939368 0.106383 0.288972 0.206156 -0.934877 0.900125 0.274019 0.338656
2.776122 -107.741792 -1133.086579 4538.439469 -0.329149 0.937363 0.114070 0.322504 0.225130 -0.919406 0.887498 0.265834 0.376404
1.619789 -102.174718 -1225.493496 -1019.438313 -0.310325 0.949055 0.054711 0.139081 0.102259 -0.984987 0.940401 0.298057 0.163729
1.485435 -100.136600 623.659710 -2129.905983 0.640595 0.767277 0.030414 -0.719987 0.586402 0.371149 -0.266939 0.259654 -0.928075
3.774491 -109.613424 815.123692 -3935.358860 0.635396 0.771352 0.035877 -0.638150 0.498376 0.586843 -0.434783 0.395773 -0.808905
3.919626 -96.589471 930.369737 -2189.868893 0.623724 0.780350 0.044984 -0.684351 0.517375 0.513796 -0.377667 0.351251 -0.856732
2.018320 -94.867620 -161.061403 -1470.784488 0.616062 0.787087 0.031010 -0.735006 0.560249 0.381952 -0.283256 0.258099 -0.923662
4.896935 -104.642151 585.086274 -3385.619350 0.604458 0.793572 0.069818 -0.658994 0.448853 0.603538 -0.447613 0.410823 -0.794272
12.010052 -123.912918 -3704.848489 10192.157691 0.770379 0.637426 -0.014310 -0.626023 0.760471 0.172566 -0.120880 0.123982 -0.984894
17.603995 -131.428760 -3847.368180 1562.653077 0.773118 0.633845 0.022978 -0.629237 0.761938 0.153335 -0.079683 0.133005 -0.987907
14.501569 -128.638808 -1825.612597 -9994.096080 0.776370 0.629336 0.034442 -0.606542 0.731160 0.312268 -0.171339 0.263326 -0.949370
14.379932 -138.531791 -4266.160032 13558.274382 0.763905 0.645264 -0.009129 -0.643869 0.761151 -0.077984 0.043372 -0.065450 -0.996913
9.979888 -121.522959 -2142.381398 -4913.007266 0.770284 0.637698 0.001717 -0.603032 0.727529 0.327192 -0.207401 0.253066 -0.944956
9.124031 -127.207360 1547.530383 11359.642850 -0.765052 -0.643941 0.005940 -0.643946 0.765070 0.001179 -0.005304 -0.002923 -0.999982
8.623811 -115.300962 -873.797549 5810.823608 0.765892 0.642908 -0.008848 -0.624092 0.746646 0.230279 -0.154655 0.170847 -0.973084
-15.337129 -42.052578 136.080883 754.246232 -0.447067 0.794274 0.411412 0.824795 0.188039 0.533249 0.346185 0.577728 -0.739179
-14.629884 -43.806494 725.988803 672.133365 -0.414647 0.805403 0.423548 0.876344 0.228047 0.424283 0.245130 0.547102 -0.800369
-13.499876 -43.791905 433.469831 723.650743 -0.478387 0.768011 0.425798 0.846825 0.275113 0.455193 0.232451 0.578335 -0.781982
-14.769716 -42.033319 -114.753553 758.207880 -0.409246 0.827811 0.383728 0.840690 0.178648 0.511199 0.354624 0.531803 -0.769043
-15.518507 -43.225244 -115.345510 345.777301 -0.509408 0.758280 0.406836 0.800474 0.244042 0.547434 0.315823 0.604529 -0.731300
-17.942999 -42.336630 -129.611219 -111.201934 -0.547319 0.756117 0.358789 0.734291 0.228138 0.639351 0.401571 0.613384 -0.680074
-17.461526 -39.774036 -288.933093 679.657726 -0.475329 0.792901 0.381275 0.762467 0.155016 0.628184 0.438984 0.589303 -0.678244
11.193274 -31.049555 3988.151971 -4263.436045 -0.180727 -0.331701 -0.925912 0.868122 0.388682 -0.308690 0.462278 -0.859593 0.217711
6.216711 -144.022972 -8026.566459 58279.512820 -0.421620 -0.488056 -0.764224 0.738596 0.304078 -0.601674 0.526035 -0.818131 0.232271
-29.689748 -76.426611 -19827.265464 -29704.308795 -0.382921 -0.601899 -0.700777 0.804728 0.155177 -0.573004 0.453635 -0.783350 0.424944
-9.543061 -290.507657 7798.155669 -138368.216182 -0.547290 -0.535652 -0.643080 0.742437 0.043969 -0.668471 0.386344 -0.843293 0.373624
-7.722951 -47.515740 5896.005838 229.296156 -0.371028 0.685177 0.626794 -0.790059 -0.587617 0.174680 -0.488001 0.430393 -0.759353
-14.527734 -46.483452 4698.969348 350.359676 -0.362318 0.714635 0.598349 -0.744497 -0.608131 0.275503 -0.560758 0.345649 -0.752381
-2.514264 -47.158579 6293.852418 73.904174 -0.357097 0.688762 0.630943 -0.736916 -0.622807 0.262805 -0.573965 0.371105 -0.729962
-18.833742 -47.304076 3886.210745 334.476302 -0.370384 0.724330 0.581517 -0.809981 -0.558305 0.179519 -0.454695 0.404527 -0.793480
-3.393755 -30.405831 -644.622699 1341.436298 -0.356256 0.904282 0.235277 0.921856 0.299052 0.246473 0.152521 0.304699 -0.940157
-5.583663 -29.396137 -1063.758997 1111.698206 -0.389184 0.891342 0.232477 0.900565 0.315098 0.299494 0.193698 0.325919 -0.925342
-3.680956 -28.164080 -1048.635298 1248.791971 -0.360261 0.904216 0.229360 0.907058 0.282129 0.312489 0.217848 0.320620 -0.921816
-0.012796 -41.656263 766.460382 1798.004295 -0.463790 0.827559 0.316298 -0.432584 -0.523099 0.734329 -0.773156 -0.203749 -0.600597
1.318014 -42.007604 79.312580 1832.942876 -0.450601 0.844981 0.288039 -0.458620 -0.495926 0.737377 -0.765915 -0.200162 -0.610990
1.642216 -45.954432 1099.192863 701.189008 -0.459498 0.832183 0.310376 -0.511599 -0.533646 0.673416 -0.726036 -0.150645 -0.670953
37261.210098 -634430.672588 4523616.282843 229807352.749583 0.560973 0.436298 0.703529 0.586671 0.390064 -0.709695 -0.584060 0.810860 -0.037148
-20.741986 -1072.512461 -1751.673110 -383164.542790 0.748944 0.447352 0.488835 -0.257877 -0.482786 0.836909 -0.610396 0.752857 0.246217
-22.644202 -404.587965 -769.030358 -123110.307886 0.753426 0.443919 0.485062 -0.359136 -0.340121 0.869103 -0.550791 0.829008 0.096828
-27.800569 -553.645206 1082.583257 139608.718988 0.707887 0.466113 0.530692 0.053013 0.714162 -0.697971 -0.704333 0.522218 0.480836
-22.282986 -212.517563 -210.934051 -67121.357563 0.750523 0.516485 0.412259 -0.421468 -0.106394 0.900580 -0.508998 0.849661 -0.137831
-86.824813 -1011.152636 -50114.198731 340210.050002 -0.412638 -0.074669 0.907830 0.744866 0.546006 0.383474 -0.524314 0.834447 -0.169685
-189.342244 -308.760082 37939.782329 53252.729407 0.732909 0.395490 -0.553563 0.393324 0.417585 0.819096 -0.555105 0.818053 -0.150496
-55.293030 -74.793604 344.627296 4763.279761 0.129640 0.985939 -0.105443 0.950266 -0.153906 -0.270754 0.283175 0.065098 0.956856
49.461695 -47.201138 -8969.339981 -263.730631 0.456683 0.031417 0.889074 -0.392123 0.904168 0.169468 -0.798549 -0.426020 0.425238
63.761900 -41.779947 -12810.712830 -2156.710049 0.441388 -0.282624 0.851645 -0.362204 0.812229 0.457266 -0.820966 -0.510302 0.256140
177.613907 -29.629319 -50635.763310 -4109.808975 0.286331 -0.244834 0.926321 -0.593378 0.713768 0.372071 -0.752275 -0.656194 0.059095
-0.351651 -5.444195 -1924.584584 2007.243387 -0.530270 0.740129 -0.413549 -0.205772 -0.585540 -0.784093 0.822479 0.330684 -0.462792
3.758292 -14.882439 -3589.049284 789.683216 -0.391211 0.920284 -0.005623 -0.388719 -0.170775 -0.905391 0.834177 0.352013 -0.424541
8.067911 -11.181406 -2514.614485 4940.494160 -0.460088 0.877528 -0.135142 -0.385857 -0.334701 -0.859703 0.799646 0.343394 -0.492593
-1.980616 -10.399975 -1695.988570 1402.933222 -0.294302 0.928578 0.226117 -0.456008 0.071491 -0.887100 0.839907 0.364186 -0.402399
7.403861 2.816240 -761.025583 -5223.012374 -0.578885 0.490568 -0.651333 0.073074 0.826777 0.557763 0.812128 0.275285 -0.514457
1.419686 -4.835390 1860.479291 -3196.352895 -0.497233 0.031974 -0.867028 -0.243307 0.954083 0.174718 0.832803 0.297829 -0.466622
-5.549198 -7.142394 -926.820324 -723.110873 -0.166155 -0.546125 -0.821060 -0.544332 0.745080 -0.385432 0.822250 0.382888 -0.421072
-3.140403 -8.517737 1373.062550 -1099.933271 -0.426815 -0.129060 -0.895083 -0.382128 0.922801 0.049159 0.819639 0.363017 -0.443182
-15.287357 -62.674954 -1353.238406 -641.126052 0.492635 0.833302 -0.250837 0.635602 -0.147659 0.757764 -0.594408 0.532733 0.602390
-16.328405 -59.005157 1910.019943 760.258040 -0.504558 -0.829059 0.241001 0.724738 -0.254997 0.640103 -0.469229 0.497631 0.729512
-0.585138 -54.934352 743.462496 2392.191123 -0.511144 -0.853189 0.103929 0.857662 -0.498419 0.126466 -0.056099 0.153778 0.986512
-1.783359 -51.674615 647.209813 1696.366565 -0.538378 -0.835755 0.107991 0.842591 -0.535965 0.052757 0.013788 0.119395 0.992751
-1.961617 -54.453352 894.300670 1856.346649 -0.512365 -0.852089 0.106895 0.851766 -0.488372 0.189706 -0.109441 0.188248 0.976005
-4.049981 -52.892902 917.847272 2296.093403 -0.532885 -0.839464 0.106460 0.841834 -0.513186 0.167199 -0.085724 0.178720 0.980159
-1.685207 -46.791739 -1146.146265 198.989767 0.570239 0.815470 -0.099174 0.813292 -0.577428 -0.071642 0.115688 0.039805 0.992488
-3.551011 -50.145568 1065.169496 1642.572806 -0.555771 -0.824735 0.104549 0.831073 -0.554347 0.044920 0.020910 0.111853 0.993505
16.907532 -79.523878 -3666.066694 1327.906052 0.655327 0.713348 -0.248357 0.096917 -0.405490 -0.908947 0.749102 -0.571588 0.334864
17.421881 -85.980911 -2005.810789 1605.935991 0.591177 0.780607 -0.202885 0.256012 -0.420158 -0.870589 0.764832 -0.462731 0.448232
25.928927 -81.681165 -3501.513548 1138.035392 0.599043 0.765424 -0.235104 0.049678 -0.328578 -0.943169 0.799175 -0.553319 0.234857
33.232230 -75.898147 -4512.522109 3477.858760 0.610088 0.742953 -0.275343 -0.169545 -0.217048 -0.961324 0.773981 -0.633176 0.006454
21.266907 -74.231244 -4369.148548 1447.641673 0.663668 0.688350 -0.292779 -0.095201 -0.310493 -0.945797 0.741945 -0.655567 0.140532
-19.723645 -34.962701 976.477849 5061.129616 0.843086 0.468731 -0.263622 -0.346791 0.848533 0.399661 0.411025 -0.245527 0.877938
-23.205037 -43.662255 1783.866125 4704.148494 0.859538 0.453563 -0.235531 -0.326445 0.841839 0.429815 0.393227 -0.292555 0.871656
-16.518331 -32.073168 342.490914 4523.104721 0.860914 0.372528 -0.346482 -0.233691 0.894513 0.381097 0.451902 -0.247123 0.857155
-17.638980 -57.390612 -531.009894 22.021664 -0.551583 -0.793201 0.258047 0.817550 -0.575461 -0.021354 0.165434 0.199188 0.965896
-15.126100 -55.539206 569.351507 1181.033503 -0.592587 -0.777052 0.212203 0.794031 -0.607819 -0.008362 0.135478 0.163541 0.977190
1.625523 -139.426981 710.772457 4041.849118 -0.111097 0.992099 -0.058288 0.148996 0.074615 0.986019 -0.982577 -0.100859 0.156109
4.565905 -142.625483 518.293463 3372.587691 -0.112042 0.992164 -0.055300 0.417698 0.097518 0.903338 -0.901651 -0.078113 0.425351
5.430147 -151.915164 690.039056 4100.136994 -0.115487 0.992604 -0.037418 0.525434 0.093014 0.845735 -0.842960 -0.078011 0.532290
24.169000 -36.438540 -3870.441889 -331.937867 -0.403469 -0.876902 0.261257 0.868122 -0.276651 0.412102 -0.289096 0.393074 0.872878
15.474441 -41.736946 -3248.904443 -2806.065533 -0.342730 -0.894646 0.286609 0.917914 -0.253986 0.304836 -0.199926 0.367559 0.908257
-15.226763 -273.205647 -1179.520187 -34825.167969 -0.076041 0.940760 -0.330437 0.942852 0.175664 0.283148 -0.324420 0.290023 0.900355
-14.342284 -371.859385 -915.610411 -78326.501487 0.070655 -0.913673 0.400262 0.966033 0.162668 0.200795 -0.248571 0.372479 0.894132
-2.139456 -275.824225 -1080.887075 45809.782482 -0.112006 0.862543 -0.493430 -0.775584 0.234546 0.586053 -0.621228 -0.448338 -0.642704
-2.758053 -345.220390 -3332.141500 -66347.223531 -0.081221 0.843561 -0.530857 0.902534 -0.163737 -0.398274 -0.422889 -0.511464 -0.748044
0.987935 -269.419699 -2943.761360 49980.927946 -0.117263 0.842309 -0.526084 -0.689346 0.312293 0.653663 -0.714879 -0.439305 -0.544022
4.633602 -51.875845 -7589.620684 -597.741768 0.465713 -0.139229 0.873915 -0.065758 0.979371 0.191072 -0.882489 -0.146452 0.446950
10.293806 -43.385565 -4042.394410 800.235616 0.513140 -0.118846 0.850037 0.079382 0.992694 0.090871 -0.854626 0.020848 0.518825
14.943648 -45.345017 -3954.905914 1141.692890 0.509491 -0.009593 0.860422 -0.090483 0.993797 0.064659 -0.855705 -0.110797 0.505463
10.851134 -35.697923 7729.676846 -2131.354716 -0.184806 0.902739 0.388471 0.714712 -0.147861 0.683611 -0.674562 -0.403980 0.617872
4.740027 -28.712272 6568.364110 -3398.752184 -0.234277 0.904632 0.356028 0.616253 -0.145052 0.774075 -0.751895 -0.400751 0.523500
-10.710439 -33.881648 1185.912732 -3208.178913 -0.301472 0.888880 0.344973 0.635461 -0.082429 0.767721 -0.710848 -0.450663 0.539998
-12.385095 -26.195587 827.884230 -2868.040352 -0.337797 0.897000 0.285103 0.531674 -0.068103 0.844207 -0.776670 -0.436753 0.453907
-4.315575 -7.546633 -16.550576 494.458302 -0.012292 -0.232349 -0.972555 -0.681336 0.713835 -0.161928 0.731867 0.660646 -0.167083
-3.047154 -8.806498 -86.162494 -300.957532 0.203681 -0.447823 -0.870614 -0.667686 0.586835 -0.458060 0.716037 0.674595 -0.179479
-22.021799 -493.713573 -5156.869926 98868.973480 -0.261009 -0.279336 0.924038 0.824696 0.433004 0.363845 -0.501747 0.857018 0.117349
-19.718788 -537.362012 2267.613943 140931.809565 -0.064244 -0.281399 0.957438 0.983870 0.142649 0.107944 -0.166953 0.948929 0.267695
-13.962346 -460.767094 -2317.518126 132432.292782 -0.359722 -0.330130 0.872705 0.912592 -0.319312 0.255373 0.194359 0.888287 0.416137
-43.004822 -129.947918 9052.485588 -47078.218279 0.149326 0.963803 0.220874 -0.884175 0.030154 0.466182 -0.442647 0.264904 -0.856673
-26.218198 -46.499503 8472.808930 12.713288 -0.571061 -0.593266 0.567385 -0.433773 0.804870 0.405000 -0.696944 -0.014837 -0.716972
-27.798166 -59.488358 -831.710028 -9247.981834 0.298583 0.900463 -0.316251 -0.699027 0.431943 0.569900 -0.649776 -0.050906 -0.758419
39.862094 -60.508004 -8611.853423 1832.667416 -0.345545 0.755251 0.556952 0.629626 -0.253492 0.734379 -0.695823 -0.604432 0.387933
21.632322 -78.841766 -8465.100114 -1282.952807 -0.379878 0.688419 0.617877 0.628428 -0.298089 0.718485 -0.678801 -0.661228 0.319385
22.074815 -69.114025 -7723.889329 -2769.367890 -0.304398 0.670695 0.676395 0.501397 -0.490940 0.712446 -0.809903 -0.556010 0.186843
40.675411 -55.019762 -7648.785581 -2935.081074 -0.232663 0.728261 0.644595 0.470828 -0.495597 0.729866 -0.850993 -0.473307 0.227579
41.692958 -42.337724 -15.705944 3340.971130 -0.140921 0.835002 0.531896 0.597397 -0.356703 0.718248 -0.789467 -0.418969 0.448561
-24.690710 -37.844118 -1343.735463 6.122118 -0.657725 0.497117 0.565926 0.722796 0.205017 0.659951 0.212048 0.843115 -0.494159
-29.531422 -37.129623 2050.497525 1140.071727 0.801148 -0.395734 -0.448950 0.586779 0.371884 0.719300 0.117695 0.839700 -0.530143
-4.899198 -47.253038 -165.885046 70.966816 -0.351757 0.903237 0.245824 -0.470846 -0.397690 0.787494 -0.809056 -0.161261 -0.565176
-3.265222 -43.075120 -348.977058 1644.786809 -0.355987 0.883413 0.304722 -0.383976 -0.435562 0.814155 -0.851960 -0.172822 -0.494264
-4.980263 -46.434210 -489.899989 -171.901914 -0.339824 0.900342 0.271852 -0.495421 -0.417066 0.761981 -0.799424 -0.124258 -0.587777
3.650178 -50.226422 411.251351 655.383539 0.560240 -0.812149 -0.162926 0.827144 0.537983 0.162502 -0.044324 -0.225803 0.973164
3.745660 -50.407753 791.546123 94.364905 0.572085 -0.802909 -0.167498 0.809831 0.520593 0.270476 -0.129970 -0.290380 0.948044
3.501895 -51.165475 511.386179 335.790144 0.570513 -0.804256 -0.166397 0.789448 0.481154 0.381133 -0.226466 -0.348803 0.909423
3.063107 -51.831766 -228.408981 256.693341 0.563380 -0.809176 -0.166844 0.776137 0.449113 0.442616 -0.283222 -0.378855 0.881053
1.069699 -59.119168 -206.822938 -1144.536973 0.656521 -0.750746 -0.073225 0.745290 0.630641 0.216413 -0.116292 -0.196653 0.973552
0.687558 -60.013252 -279.315643 -2043.792437 0.674374 -0.735331 -0.067148 0.726612 0.644690 0.237506 -0.131356 -0.208958 0.969063
1.406079 -62.982170 -613.225766 -949.570653 0.651274 -0.756318 -0.061852 0.758550 0.646594 0.080733 -0.021067 -0.099498 0.994815
0.308861 -57.218452 187.859050 -1357.741424 0.675163 -0.733175 -0.081296 0.701796 0.604469 0.376960 -0.227237 -0.311563 0.922655
0.188573 -57.034893 67.226441 -913.718866 0.669319 -0.738878 -0.077922 0.711963 0.607858 0.351592 -0.212418 -0.290805 0.932905
1.001911 -138.105027 125.730491 -5371.061149 0.473216 -0.859912 -0.191358 0.859897 0.403679 0.312441 -0.191425 -0.312400 0.930464
1.758012 -156.075966 -57.900909 -2917.588361 0.452154 -0.873070 -0.182497 0.889446 0.456641 0.019109 0.066652 -0.170962 0.983021
2.291565 -152.409356 -584.859408 1786.071646 -0.420276 0.887378 0.189547 0.841489 0.459309 -0.284485 0.339507 -0.039939 0.939755
-1.153914 -88.466293 2708.419984 -3618.252414 -0.537932 0.827711 0.159762 -0.819591 -0.557864 0.130609 -0.197232 0.060680 -0.978477
-5.011452 -90.334797 1521.225497 -4397.221376 -0.537664 0.833331 0.128359 -0.804432 -0.552598 0.218003 -0.252600 -0.013956 -0.967470
-0.187918 -94.077220 1783.734338 -4733.644015 -0.540154 0.830912 0.133486 -0.765562 -0.551023 0.332097 -0.349497 -0.077192 -0.933752
4.079656 -93.628448 1983.549041 -4417.913280 -0.557791 0.814976 0.157110 -0.779854 -0.579416 0.236864 -0.284070 -0.009598 -0.958756
1.346239 -88.917980 2218.245904 1979.071326 -0.569193 0.808006 0.152135 0.816757 0.576922 -0.008306 -0.094482 0.119530 -0.988325
31.555888 -80.554207 -9413.307172 -7419.199507 -0.216907 0.455142 0.863595 0.005029 0.885166 -0.465247 -0.976179 -0.096572 -0.194288
31.896031 -63.840191 -10897.465326 -4670.896993 -0.212906 0.488783 0.846027 -0.153256 0.838456 -0.522977 -0.964979 -0.241003 -0.103603
13.874784 -75.176756 -5603.960125 -4349.601647 -0.226457 0.532398 0.815640 -0.084782 0.823442 -0.561030 -0.970324 -0.196201 -0.141337
1.853719 -108.101789 -1154.866347 7002.716588 -0.342681 0.927518 0.149263 0.435907 0.297729 -0.849319 0.832199 0.225981 0.506338
0.228155 -102.986875 601.292817 -2761.577875 0.664335 0.747150 0.020635 -0.693091 0.605464 0.391200 -0.279791 0.274190 -0.920074
-12.046262 -44.426249 982.571478 231.205988 -0.451992 0.776394 0.439221 0.883300 0.320869 0.341796 0.124436 0.542453 -0.830819
555.063727 -714.417362 316280.745918 84849.522777 0.182119 -0.553942 0.812392 0.315671 0.815412 0.485236 -0.931227 0.168078 0.323366
-240.751730 -1194.135195 -16730.859500 209067.135003 0.243762 -0.348763 0.904955 0.578745 0.801060 0.152830 -0.778225 0.486484 0.397113
-86.161227 -340.889002 -17343.843342 72334.385682 0.437512 0.171560 0.882695 0.400646 0.841620 -0.362159 -0.805025 0.512097 0.299484
-11.482375 -1012.726928 -1448.837986 -273649.128739 0.489121 0.847816 -0.204864 0.614748 -0.168474 0.770521 -0.618745 0.502818 0.603597
3.339499 -1408.809800 -15930.969355 -552390.244140 0.248795 0.819835 -0.515724 0.008804 0.530530 0.847620 -0.968516 0.215424 -0.124776
-3.127444 -60.423838 639.309110 -1295.354535 -0.432970 0.900097 -0.048614 -0.088774 -0.096247 -0.991391 0.897026 0.424927 -0.121577
-2.122364 -59.279452 1186.427105 -1409.130776 -0.446122 0.894566 -0.026965 -0.062353 -0.061124 -0.996181 0.892797 0.442737 -0.083048
-2.759171 -59.173574 476.667039 -549.512188 -0.427791 0.903554 -0.024187 0.022839 -0.015945 -0.999612 0.903589 0.428177 0.013815
-28.039471 -596.460568 5412.239420 -173223.277220 0.822086 0.328039 0.465365 -0.111825 -0.708398 0.696899 -0.558274 0.624950 0.545681
5.893665 -2349.155143 -10338.406587 1001953.993201 0.757100 0.162312 0.632814 0.204595 0.861011 -0.465620 -0.620435 0.481991 0.618663
-52.669019 -77.854373 -851.641744 1156.951668 -0.068370 0.996377 0.050587 0.990041 0.074015 -0.119749 0.123060 -0.041896 0.991515
-35.124147 -78.198410 -3762.395054 5412.058205 -0.106409 0.981719 0.157814 0.957114 0.144140 -0.251308 0.269461 -0.124305 0.954955
39.353522 -42.615687 864.064190 727.309841 0.535454 0.272033 0.799554 -0.406414 0.912881 -0.038418 -0.740349 -0.304379 0.599364
41.706038 -41.052915 7287.196104 2394.305651 0.564666 0.473962 0.675657 -0.515943 0.841691 -0.159244 -0.644170 -0.258681 0.719811
10.386961 -22.213392 -2371.129272 1157.646044 -0.389594 0.917850 0.075949 -0.400335 -0.094506 -0.911482 0.829426 0.385514 -0.404266
5.597503 -20.176018 -2548.752385 136.500239 -0.277915 0.925391 0.257712 -0.422012 0.123388 -0.898154 0.862942 0.358368 -0.356235
-13.843999 -60.433408 905.102361 978.928810 -0.492234 -0.838115 0.235093 0.734066 -0.254528 0.629573 -0.467817 0.482471 0.740519
-14.159580 -57.179521 923.689296 2584.333442 -0.535745 -0.816302 0.215938 0.781780 -0.382899 0.492147 -0.319058 0.432481 0.843304
-12.353377 -63.564023 -1039.982991 -518.243807 0.474661 0.850357 -0.227135 0.633117 -0.150597 0.759265 -0.611440 0.504197 0.609858
-11.631930 -61.580457 -664.857378 1451.232453 0.480539 0.849715 -0.216948 0.741692 -0.261778 0.617548 -0.467947 0.457665 0.756021
-12.015725 -58.964213 254.739317 1794.366569 -0.517675 -0.830260 0.206592 0.793220 -0.375249 0.479573 -0.320647 0.412136 0.852836
0.740298 -54.950796 93.659554 2585.303401 -0.506482 -0.854624 0.114426 0.861673 -0.496809 0.103446 -0.031560 0.150991 0.988031
1.413605 -53.262381 81.352383 1249.429355 -0.510671 -0.852050 0.115010 0.859195 -0.510657 0.031825 0.031614 0.115068 0.992854
11.419797 -80.069378 -2227.332804 769.331396 0.639486 0.732328 -0.233993 0.265666 -0.496107 -0.826619 0.721442 -0.466448 0.511808
11.152353 -83.460855 -1830.675954 358.784444 0.607488 0.767590 -0.204364 0.401869 -0.518920 -0.754469 0.685171 -0.376203 0.623708
2.025738 -150.405793 136.044555 -8294.391705 0.162258 0.929456 0.331336 0.859449 -0.298091 0.415318 -0.484788 -0.217378 0.847188
1.770345 -145.405294 20.947199 -16284.193013 0.137219 0.939064 0.315165 0.712678 -0.314572 0.627004 -0.687939 -0.138574 0.712416
3.837137 -155.427675 -261.994862 -17289.457449 0.157836 0.935467 0.316211 0.694421 -0.332817 0.637975 -0.702045 -0.118887 0.702138
3.176036 -177.261972 -1484.749172 -7669.777940 0.186873 0.917899 0.350058 0.907849 -0.297508 0.295464 -0.375351 -0.262586 0.888910
-19.745533 -31.342452 2980.264902 1684.069730 0.422034 0.905742 0.038977 0.831886 -0.369814 -0.413768 0.360352 -0.207049 0.909548
-25.713920 -41.108248 2652.362387 -289.220659 0.594988 0.803694 -0.008010 0.734030 -0.547420 -0.401909 0.327397 -0.233252 0.915645
-11.302613 -54.182608 -2748.233825 -1185.194246 -0.364309 -0.868030 0.337348 0.903767 -0.416933 -0.096814 0.224689 0.269614 0.936388
-19.370691 -54.075079 17.039861 2316.403704 0.451970 0.831665 -0.322578 0.745897 -0.550686 -0.374678 0.489245 0.071266 0.869230
-15.310876 -54.785244 1433.004119 431.114203 0.393039 0.857006 -0.333258 0.844865 -0.479626 -0.236986 0.362937 0.188413 0.912566
95.939286 -44.462462 40225.859878 7023.799640 0.029382 0.985865 0.164946 0.963753 0.015837 -0.266327 0.265175 -0.166792 0.949665
513.779108 -37.555592 187311.944903 9272.232519 0.056249 0.987764 0.145459 0.934958 -0.001000 -0.354758 0.350272 -0.155953 0.923574
308.770711 -55.689133 101154.681687 7481.708453 0.163269 0.970823 0.175629 0.947145 -0.104410 -0.303340 0.276152 -0.215872 0.936557
3871.296065 -310.859864 -1263238.056805 82351.030846 -0.327174 -0.937013 -0.122326 0.931830 -0.298404 -0.206514 0.157004 -0.181553 0.970767
12.844956 -42.773941 -4489.183943 5802.681101 -0.682041 -0.695712 0.225399 0.690511 -0.511124 0.511808 -0.240864 0.504714 0.829004
28.624414 -40.566559 -8116.177616 5259.053042 -0.503698 -0.814912 0.286718 0.808301 -0.327454 0.489309 -0.304856 0.478219 0.823632
-20.607912 -74.347832 1897.842997 -6057.994878 0.457982 -0.684587 0.567092 0.318757 0.721970 0.614128 -0.829847 -0.100495 0.548866
-26.539672 -95.102729 -3017.332284 -8192.084836 -0.382786 0.823117 -0.419467 0.570032 0.567749 0.593906 -0.727007 0.011771 0.686530
-33.817201 -98.362866 -2868.909136 -6167.285436 -0.342257 0.834244 -0.432316 0.710986 0.530746 0.461310 -0.614295 0.149484 0.774787
3.626451 -291.319360 10125.750335 -92057.168613 0.398227 0.913148 -0.087043 -0.841231 0.401393 0.362235 -0.365713 0.071029 -0.928014
-23.656720 -162.811397 1674.653961 63713.913512 0.564315 0.780217 -0.269833 0.804440 -0.593135 -0.032673 -0.185540 -0.198627 -0.962353
-8.706563 -542.196373 12660.943500 -186087.799698 0.480833 0.869303 -0.114512 -0.826683 0.492986 0.271221 -0.292226 0.035747 -0.955681
4.412409 -23.202987 6337.528705 -2937.143822 -0.278521 0.917464 0.284052 0.528918 -0.100344 0.842720 -0.801668 -0.384956 0.457316
-5.225457 -12.138984 -979.965783 1482.935013 -0.630427 0.741454 0.229802 -0.257871 0.079188 -0.962929 0.732164 0.666315 -0.141278
-3.878577 -15.716083 -582.553548 2624.926529 -0.665027 0.744849 0.054207 -0.127224 -0.041469 -0.991007 0.735903 0.665943 -0.122340
-41.400330 -1030.660994 2436.546312 161338.785612 -0.171217 -0.230411 0.957912 0.484560 0.826857 0.285498 -0.857838 0.513048 -0.029925
-50.384157 -2338.386650 -1958.786003 924610.539652 -0.028973 -0.273181 0.961526 0.665284 0.712658 0.222521 -0.746028 0.646135 0.161095
52.445916 -48.900072 -5017.118068 -4403.060069 -0.058639 0.997743 0.032709 -0.874385 -0.067143 0.480566 -0.481677 0.000421 -0.876349
25.953659 -40.716061 -8902.565206 -1594.484336 -0.101925 0.992403 -0.068897 -0.791413 -0.038931 0.610041 -0.602724 -0.116704 -0.789369
35.422803 -36.879783 -10100.673981 2082.995793 -0.030768 0.984858 -0.170613 -0.860192 0.060841 0.506329 -0.509042 -0.162339 -0.845294
8.013540 -31.881212 -9609.662882 3601.981072 0.035896 0.960579 -0.275679 -0.811622 0.188972 0.552775 -0.583079 -0.203905 -0.786410
59.179409 -52.839006 -11743.766124 1805.181370 0.036952 0.982508 -0.182517 -0.906274 0.109906 0.408152 -0.421073 -0.150328 -0.894483
8.922731 -90.634620 -2907.721730 -7612.608000 -0.304828 0.687688 0.658912 0.579154 -0.415384 0.701454 -0.756083 -0.595434 0.271656
-13.776415 -42.513678 -630.508023 721.818888 -0.436984 0.880229 0.185046 -0.799908 -0.474382 0.367572 -0.411330 -0.012603 -0.911399
-13.563929 -44.334283 1756.517980 406.599691 -0.377346 0.902763 0.206468 -0.835038 -0.428084 0.345624 -0.400402 0.041988 -0.915377
-10.295494 -44.536324 -995.619501 339.726094 -0.449833 0.872405 0.191204 -0.833192 -0.487019 0.261922 -0.321622 0.041489 -0.945959
-6.845780 -43.798890 -4909.958735 505.615609 -0.511831 0.843795 0.161366 -0.784327 -0.535611 0.312973 -0.350515 -0.033626 -0.935953
-2.839527 -38.173312 -235.649869 3006.024568 -0.376353 0.841406 0.387806 -0.272625 -0.500626 0.821614 -0.885457 -0.203492 -0.417800
-1.252023 -39.857056 83.946732 3737.916778 -0.363994 0.868892 0.335463 -0.245258 -0.436873 0.865442 -0.898530 -0.232740 -0.372122
0.977296 -33.290515 59.302724 3210.328233 -0.395735 0.793487 0.462355 -0.133645 -0.547854 0.825830 -0.908588 -0.265019 -0.322850
