17482
34951
-38.090071 -58.507064 469.669427 8151.381231 -0.127115 -0.977929 0.165822 0.983613 -0.145830 -0.106015 0.127857 0.149629 0.980441
-41.178053 -69.300070 -402.159023 5766.111289 -0.119284 -0.973337 0.195927 0.992841 -0.118167 0.017421 0.006195 0.196602 0.980464
-47.488920 -79.863459 -298.928141 8056.907811 0.241401 -0.957220 0.159546 0.969654 0.244480 -0.000338 -0.038683 0.154786 0.987190
-35.215488 -61.052035 942.178875 6642.888268 -0.345551 -0.905056 0.247928 0.934694 -0.355413 0.005305 0.083316 0.233570 0.968764
-36.722382 -75.889855 -1996.744277 15261.156801 -0.276354 0.958076 -0.075622 0.950883 0.261163 -0.166181 0.139465 0.117833 0.983191
-29.641309 -46.693014 -1781.663967 7283.131345 0.222909 0.963256 -0.149829 0.947065 -0.250411 -0.200902 0.231039 0.097115 0.968086
-32.136234 -50.038887 339.415685 4433.347797 -0.534554 -0.801638 0.267637 0.825321 -0.563324 -0.038873 0.181928 0.200107 0.962735
97.222916 -104.957320 -17510.619438 11850.317814 0.777008 -0.602042 0.183856 -0.498295 -0.409776 0.764059 0.384656 0.685295 0.618394
96.970660 -113.824852 -10560.979092 11618.441341 0.715293 -0.690117 0.109973 -0.420968 -0.299907 0.856062 0.557801 0.658630 0.505039
99.979765 -102.976324 -4923.891927 5865.743299 0.679368 -0.729203 0.081989 -0.522987 -0.402788 0.751163 0.514726 0.553196 0.655005
88.539057 -89.512427 -10970.739004 950.915758 0.742591 -0.638414 0.202452 -0.583820 -0.468910 0.662780 0.328196 0.610369 0.720928
90.866255 -99.672026 -5878.559981 3329.047751 -0.575268 0.817931 0.007447 0.609269 0.434551 -0.663292 0.545763 0.377033 0.748324
-10.713637 -38.482152 -12914.533068 -1837.318171 0.511695 0.192610 -0.837299 0.201474 0.920473 0.334870 0.835210 -0.340045 0.432195
-37.807540 -42.547657 526.527179 -1347.745260 0.428377 0.790327 -0.438037 0.164214 -0.544787 -0.822339 0.888554 -0.280339 0.363157
-6.427098 -41.949012 -16505.939223 1722.059543 0.535325 0.292790 -0.792276 0.047337 0.926124 0.374238 0.843319 -0.237843 0.481918
33.043080 -43.023171 -30541.614619 -1048.599256 0.595446 0.145739 -0.790066 0.165184 0.940189 0.297926 0.786230 -0.307905 0.535758
8.250250 -50.764799 -257.949681 -5515.207526 0.542104 0.827282 -0.147406 0.719438 -0.366286 0.590122 -0.434204 0.425957 0.793743
7.079774 -42.057377 40.419901 -4123.575988 0.524227 0.831580 -0.183467 0.701815 -0.299862 0.646172 -0.482329 0.467501 0.740812
7.748970 -55.458874 -1212.347917 -4489.090554 -0.528629 -0.826128 0.195099 0.756704 -0.354480 0.549312 -0.384643 0.438015 0.812523
9.481517 -61.889395 388.556067 -5036.405567 -0.529517 -0.834353 0.153191 0.774652 -0.401998 0.488172 -0.345725 0.377165 0.859198
8.920495 -61.421336 -1147.673293 -6323.289985 0.540232 0.832051 -0.125861 0.756440 -0.414622 0.505853 -0.368711 0.368484 0.853388
25.496602 -81.380580 -10713.252997 -5546.980653 0.420734 0.837995 0.347487 0.707495 -0.063341 -0.703875 0.567833 -0.541990 0.619527
31.234662 -62.712269 -9352.702815 -6548.043209 0.441432 0.858428 0.261225 0.753023 -0.196096 -0.628095 0.487949 -0.473969 0.732979
32.872120 -68.010336 -4918.542725 -4427.154964 0.346030 0.891545 0.292251 0.694933 -0.034274 -0.718258 0.630342 -0.451634 0.631423
24.733059 -85.325687 -6147.427314 1175.941931 0.362436 0.848152 0.386366 0.594906 0.108586 -0.796427 0.717445 -0.518505 0.465215
1.786547 -42.991459 -3365.563434 -6519.398976 0.599919 0.800006 -0.009363 0.799997 -0.599978 -0.005602 0.010099 0.004130 0.999940
1.472623 -42.333318 -3881.487015 -1356.686723 0.601110 0.799149 -0.005355 0.798679 -0.600495 0.038949 -0.027911 0.027690 0.999227
1.125064 -42.401085 -927.476886 -1039.429547 -0.610516 -0.790927 0.041297 0.791968 -0.610158 0.022248 0.007601 0.046288 0.998899
0.875779 -43.803501 1090.805666 -5992.705620 0.607139 0.793576 -0.040237 0.793388 -0.608230 -0.024349 0.043796 0.017140 0.998893
0.709557 -41.939936 -4923.892242 -969.159430 -0.605503 -0.792599 0.071780 0.794750 -0.606933 0.002355 0.041699 0.058473 0.997418
0.692445 -40.422477 -3929.130183 4381.087915 -0.631318 -0.772286 0.070790 0.775471 -0.629707 0.045975 0.009072 0.083921 0.996431
-3.086089 -41.379249 190.244327 -937.010416 0.457290 0.794674 -0.399223 -0.422342 0.589114 0.688892 -0.782632 0.146414 -0.605020
-3.330750 -43.562305 479.182683 -2050.546938 0.457002 0.796896 -0.395103 -0.497866 0.597276 0.628801 -0.737075 0.090655 -0.669703
-3.871299 -41.728663 685.845905 -3922.777200 0.445137 0.813221 -0.374865 -0.512987 0.574712 0.637612 -0.733959 0.091524 -0.672998
-1.500738 -41.132422 -957.823639 -1815.959124 0.428483 0.811539 -0.397249 -0.466372 0.575203 0.672041 -0.773886 0.102693 -0.624944
-0.266790 -40.904838 -2004.369929 921.964799 0.413458 0.812119 -0.411721 -0.381522 0.565093 0.731513 -0.826736 0.145369 -0.543484
-3.012613 -41.864871 -124.365294 1616.741180 0.443258 0.808069 -0.388003 -0.324185 0.548061 0.771060 -0.835719 0.215993 -0.504897
-1.340482 -41.521225 -1752.050944 -106.698119 0.409969 0.831534 -0.374803 -0.733006 0.544911 0.407154 -0.542796 -0.107812 -0.832916
0.464458 -41.388967 -1577.556468 623.863779 0.424105 0.823229 -0.377397 -0.770573 0.546967 0.327177 -0.475765 -0.152054 -0.866330
0.491642 -42.391302 -538.329194 -281.969385 0.420206 0.830735 -0.365112 -0.756022 0.543029 0.365446 -0.501855 -0.122470 -0.856237
-0.058644 -41.863327 794.515562 -2008.330534 0.427319 0.835468 -0.345532 -0.737833 0.543130 0.400766 -0.522495 -0.083690 -0.848525
-6.453409 -54.331674 1274.004479 1952.069791 0.307191 0.922880 -0.232221 -0.808874 0.381767 0.447189 -0.501356 -0.050465 -0.863768
-4.537258 -53.938818 966.083302 1511.663953 0.319688 0.916261 -0.241385 -0.802661 0.397255 0.444885 -0.503522 -0.051526 -0.862444
-3.039665 -57.988411 1504.381289 1347.374351 0.327672 0.913913 -0.239569 -0.870262 0.390671 0.300034 -0.367798 -0.110175 -0.923356
-12.008852 -82.294707 -330.371020 1031.427283 -0.389358 0.920807 0.022701 -0.623744 -0.245452 -0.742089 0.677749 0.303098 -0.669917
-13.290215 -83.678386 1055.728225 489.070462 -0.368556 0.929048 0.032199 -0.630910 -0.224545 -0.742652 0.682729 0.294023 -0.668903
-11.721361 -83.190377 132.928067 -981.674134 -0.377220 0.925982 0.016212 -0.718928 -0.281747 -0.635422 0.583822 0.251349 -0.771995
-9.924770 -83.560637 130.724027 -666.834218 -0.405957 0.913778 0.014460 -0.728803 -0.314152 -0.608403 0.551403 0.257524 -0.793496
3.202293 -98.034953 499.968258 3053.650063 -0.438636 0.898078 0.032484 -0.749874 -0.385693 0.537523 -0.495266 -0.211418 -0.842623
4.510934 -104.698540 994.964828 4583.349941 -0.441465 0.896629 0.034122 -0.821684 -0.419257 0.386082 -0.360478 -0.142404 -0.921833
1.534158 -105.937461 2088.383902 3471.726990 -0.424179 0.904233 0.049347 -0.838387 -0.412720 0.356046 -0.342315 -0.109656 -0.933165
4.545921 -106.499795 1456.120771 676.869799 -0.444375 0.895432 0.027076 -0.883833 -0.443151 0.149857 -0.146185 -0.042662 -0.988337
1.886328 -99.547584 1315.976168 3473.579545 -0.417659 0.907268 0.049250 -0.753682 -0.376210 0.538916 -0.507469 -0.187964 -0.840919
0.304227 -104.562606 937.088328 -105.262276 -0.422555 0.905751 0.032603 -0.898006 -0.423266 0.120127 -0.122605 -0.021483 -0.992223
-0.974209 -107.486931 179.665543 1291.337839 -0.415997 0.909087 0.022541 -0.877847 -0.407924 0.250963 -0.237342 -0.084612 -0.967734
-0.189248 -103.803149 1278.952254 3888.385465 -0.414351 0.909433 0.035285 -0.821558 -0.390433 0.415458 -0.391608 -0.143157 -0.908928
193.590582 -12.287196 70781.426676 -2793.989899 0.257460 -0.378879 0.888912 -0.595869 0.661943 0.454722 -0.760694 -0.646748 -0.055339
111.591536 7.909219 -25931.810798 78.274858 -0.130925 0.121641 -0.983901 0.703842 -0.687523 -0.178658 -0.698187 -0.715902 0.004398
255.178007 20.693014 14624.162721 5973.030936 0.003729 -0.078278 0.996925 -0.695954 0.715675 0.058798 -0.718077 -0.694033 -0.051809
215.887794 10.844411 69104.330688 4670.887394 0.241753 -0.238513 -0.940567 0.665669 -0.664496 0.339602 -0.706003 -0.708207 -0.001873
402.942003 10.542771 1886.679301 -5978.493166 -0.055291 -0.122343 -0.990947 0.730040 -0.682020 0.043469 -0.681164 -0.721027 0.127025
348.838796 -23.705315 -73773.729536 6924.110541 -0.297982 -0.323139 0.898213 -0.659674 0.749826 0.050909 -0.689954 -0.577358 -0.436602
251.093551 -0.601507 -45992.149413 1739.440158 -0.055901 0.342940 0.937693 -0.622955 0.721956 -0.301176 -0.780258 -0.600976 0.173278
91.980029 -92.610661 -22156.618532 -19239.393762 0.764537 0.118927 0.633514 0.548688 -0.635854 -0.542800 -0.338269 -0.762592 0.551387
81.403356 -135.838822 -22436.548007 -28626.475051 0.774425 0.060560 0.629760 0.568958 -0.501981 -0.651384 -0.276680 -0.862756 0.423203
47.381250 -111.287559 -11761.956519 -20726.090250 0.763608 0.015986 0.645483 0.520987 -0.605788 -0.601326 -0.381413 -0.795465 0.470913
33.462948 -77.552791 -8717.236183 -17649.198468 0.780166 -0.017888 0.625317 0.418253 -0.728409 -0.542664 -0.465193 -0.684909 0.560798
59.204009 -72.953553 -14599.298251 -11927.809036 0.780543 0.059110 0.622301 0.457124 -0.732997 -0.503739 -0.426369 -0.677659 0.599156
-9.789313 -99.297039 28.341370 -4295.055278 0.750395 -0.200255 0.629925 -0.293919 0.752511 0.589355 0.592047 0.627395 -0.505822
-8.287694 -109.242243 -539.457190 -7408.038135 0.758602 -0.214785 0.615134 -0.377660 0.624381 0.683755 0.530939 0.751010 -0.392541
-6.719020 -106.593821 952.123497 -4201.523009 0.731137 -0.217914 0.646493 -0.336807 0.708792 0.619819 0.593296 0.670916 -0.444828
-3.565312 -113.122123 1718.115935 -4141.340080 0.725707 -0.240084 0.644755 -0.444425 0.551799 0.705694 0.525202 0.798672 -0.293745
-4.104793 -106.571900 1304.248808 -3870.650841 0.715299 -0.210227 0.666447 -0.345531 0.722544 0.598781 0.607417 0.658585 -0.444195
-6.415256 -98.394522 -758.910276 -3689.680540 -0.722804 0.190110 -0.664389 -0.228105 0.841895 0.489061 0.652321 0.505046 -0.565160
-3.826029 -110.173326 -197.529613 1342.422109 -0.160308 0.983625 0.082357 0.409683 0.142214 -0.901075 0.898032 0.110709 0.425772
-3.741043 -106.872780 328.487397 2489.984901 -0.153469 0.987025 0.047219 0.221478 0.080928 -0.971802 0.963013 0.138684 0.231024
-3.967722 -105.818157 893.148057 805.187889 -0.172871 0.982639 0.067351 0.413468 0.134464 -0.900535 0.893957 0.127829 0.429535
-3.876370 -109.930004 -517.300759 764.917539 -0.174096 0.977547 0.118715 0.586410 0.199768 -0.784994 0.791084 0.067048 0.608022
-3.536926 -99.498645 1288.551455 142.984001 -0.176361 0.983099 0.049131 0.396523 0.116640 -0.910585 0.900925 0.141111 0.410393
-4.998626 -105.334930 1420.601139 441.626703 -0.193102 0.977257 0.087640 0.579596 0.185684 -0.793467 0.791694 0.102424 0.602270
2.577625 -169.682350 1459.088547 22101.486687 0.892084 0.133791 0.431608 -0.200101 0.973369 0.111857 -0.405148 -0.186151 0.895099
-1.862136 -212.379389 1137.339344 -27550.929604 0.890682 0.101796 0.443084 0.304002 -0.858025 -0.413976 -0.338036 -0.503420 0.795173
2.474307 -170.142501 -539.580955 16571.370049 0.878894 0.127045 0.459788 -0.248265 0.944875 0.213484 -0.407321 -0.301779 0.861986
2.789299 -128.464539 -1097.677272 13544.194300 0.867049 0.167278 0.469302 -0.143450 0.985881 -0.086378 -0.477125 0.007572 0.878803
3.158440 -135.267083 1624.356496 16748.693366 0.885318 0.164944 0.434748 -0.121877 0.984596 -0.125366 -0.448729 0.058003 0.891783
10.306356 -19.369217 -2592.602153 357.824031 0.695214 -0.067627 0.715614 -0.490832 -0.771985 0.403885 -0.525130 0.632033 0.569888
11.693001 -19.786286 -550.775515 71.969234 0.788292 0.123480 0.602784 -0.320806 -0.753484 0.573886 -0.525052 0.645766 0.554352
22.498232 -18.769426 -3239.404436 -39.579856 0.670847 -0.104929 0.734135 -0.556827 -0.725099 0.405186 -0.489805 0.680604 0.544857
-7.553093 -156.357348 194.917727 -14336.912248 -0.845393 0.069277 -0.529633 -0.192271 0.885619 0.422742 0.498339 0.459216 -0.735377
-7.734204 -130.253277 -38.522352 -3802.667514 -0.834819 0.034573 -0.549437 -0.113288 0.965878 0.232908 0.538741 0.256680 -0.802417
-7.801325 -134.561600 528.929708 -5297.145128 -0.850425 0.023896 -0.525554 -0.105651 0.970859 0.215104 0.515379 0.238455 -0.823118
-8.684535 -165.378118 469.459587 -20001.286208 -0.855375 0.031588 -0.517045 -0.209497 0.891773 0.401064 0.473755 0.451379 -0.756183
-116.668713 -1225.402635 144154.648045 553311.810269 -0.350606 0.070074 -0.933898 0.378173 0.922874 -0.072728 0.856774 -0.378674 -0.350065
591.477978 -3757.194290 439169.193746 -2430616.596522 -0.417343 0.096346 -0.903627 0.085993 0.994089 0.066275 0.904671 -0.050046 -0.423161
-69.573441 -2994.754611 -7703.604230 3391667.370430 0.302468 0.055876 0.951520 0.708381 -0.681105 -0.185183 0.637738 0.730051 -0.245594
-450.453949 -2097.457593 -168440.883739 -1064307.766363 0.462335 -0.122899 0.878147 0.885811 0.108487 -0.451187 -0.039817 0.986472 0.159023
-1101.790102 -4184.124918 321325.223382 -2002842.714067 -0.172114 0.038517 -0.984324 -0.368737 0.924070 0.100635 0.913460 0.380278 -0.144843
17.653579 -30.635666 4397.282874 796.626991 0.107636 0.749873 0.652767 -0.216212 0.658523 -0.720833 0.970395 0.063549 -0.233012
8.162896 -33.376374 5739.676089 -685.560749 0.058279 0.815744 0.575469 -0.250522 0.569953 -0.782555 0.966355 0.098561 -0.237578
12.045161 -31.851978 3898.402381 -983.910324 0.109898 0.749379 0.652957 -0.256995 0.656021 -0.709641 0.960144 0.089819 -0.264682
2.832007 -35.119700 3169.667763 -2500.285288 0.065130 0.817877 0.571695 -0.311719 0.560916 -0.766945 0.947940 0.128257 -0.291481
-54.977485 -73.034655 3128.929739 5845.541684 0.695693 0.654236 0.296625 -0.419836 0.705381 -0.571118 -0.582879 0.272789 0.765401
-61.975117 -84.485101 2523.602818 5836.849480 0.767094 0.408926 0.494314 -0.268440 0.904418 -0.331614 -0.582672 0.121685 0.803546
-59.042232 -84.074573 2051.159654 3640.475729 0.780221 0.507760 0.365287 -0.397770 0.853458 -0.336731 -0.482736 0.117425 0.867858
-13.108982 -30.816628 665.526924 411.677376 -0.211197 0.964906 0.156051 0.512606 0.245274 -0.822846 0.832245 0.093790 0.546417
-11.916255 -32.041091 -276.680389 -100.931841 -0.244840 0.955522 0.164411 0.538194 0.274989 -0.796698 0.806474 0.106578 0.581585
-10.842318 -29.793052 -131.508815 -245.492200 -0.142496 0.986844 0.076383 0.594787 0.147056 -0.790318 0.791153 0.067186 0.607917
-9.615474 -28.664535 -763.615213 -111.094356 -0.024245 0.999481 -0.021227 0.623468 -0.001481 -0.781848 0.781473 0.032190 0.623108
-13.831045 -29.435756 341.637649 -461.189531 -0.086148 0.995602 0.036808 0.551242 0.078408 -0.830653 0.829886 0.051269 0.555572
1.331243 -53.523278 2402.151262 -1577.126067 0.536584 0.800290 -0.267606 -0.374383 -0.058432 -0.925431 0.756251 -0.596759 -0.268262
-0.729547 -54.655461 169.940196 268.455815 0.542669 0.780899 -0.309367 -0.471082 -0.021978 -0.881816 0.695408 -0.624271 -0.355940
-0.064256 -55.033887 1778.876792 -426.471575 0.517871 0.797524 -0.309459 -0.533157 0.018004 -0.845825 0.668994 -0.603019 -0.434529
-0.079425 -57.348591 5.979771 -2103.918537 0.523245 0.777134 -0.349682 0.591926 -0.036244 0.805177 0.613057 -0.628290 -0.478971
-0.481869 -64.012743 425.871710 2111.929730 0.513310 0.782423 -0.352601 0.633553 -0.068336 0.770675 0.578899 -0.618987 -0.530784
-0.435813 -63.722034 466.800224 3043.963083 0.509278 0.787129 -0.347941 0.629434 -0.064963 0.774334 0.586898 -0.613357 -0.528530
-32.740044 -663.104726 9509.062755 195227.272913 -0.346352 0.935799 -0.065724 -0.707323 -0.306527 -0.636974 0.616226 0.174129 -0.768078
-84.258607 -550.498108 18578.832945 164842.425534 -0.187839 0.981689 -0.031660 -0.783056 -0.169134 -0.598513 0.592908 0.087633 -0.800488
-27.199205 -1625.038350 10315.459952 674527.104047 -0.348402 0.936738 -0.033726 -0.899544 -0.344250 -0.268908 0.263506 0.063350 -0.962575
32.121345 -1890.914865 -8016.896005 727848.558119 -0.458887 0.883523 -0.093863 -0.771148 -0.448523 -0.451838 0.441309 0.134960 -0.887148
-8.097204 -260.182355 7953.840888 84827.626374 -0.390489 0.920257 -0.025392 -0.894582 -0.385818 -0.225539 0.217351 0.065355 -0.973903
-135.321213 -187.568744 21160.910197 52905.013131 0.236297 0.971678 0.002259 -0.963670 0.234647 -0.127597 0.124513 -0.027974 -0.991824
-61.459375 -129.454185 26532.125886 38283.206773 -0.366931 0.930201 -0.009414 -0.930156 -0.367018 -0.010372 0.013103 -0.004951 -0.999902
-13.411782 -127.168989 7878.478608 36504.417479 -0.348880 0.936724 -0.028842 -0.934313 -0.350052 -0.067249 0.073090 -0.003486 -0.997319
15.158124 -82.486389 -2743.846029 -3511.562764 -0.529410 0.847114 -0.046074 -0.293194 -0.131730 0.946934 -0.796092 -0.514825 -0.318108
15.557218 -92.870939 -887.864197 -3669.610773 -0.502048 0.861024 -0.081153 -0.120146 0.023488 0.992478 -0.856454 -0.508022 -0.091657
8.787280 -89.548656 -5760.747176 -4541.468433 -0.559479 0.826547 -0.061673 -0.218258 -0.075135 0.972994 -0.799592 -0.557830 -0.222437
-6.277717 -27.275380 2257.762699 -1986.253069 0.022506 0.905621 -0.423490 -0.836190 0.249232 0.488538 -0.547978 -0.343123 -0.762881
12.472794 -27.315873 -7486.290032 5097.830355 -0.383989 0.917364 -0.104857 -0.737234 -0.236238 0.632991 -0.555913 -0.320366 -0.767025
-0.278328 -27.376014 -16686.608837 -3983.791123 -0.594305 0.803704 0.029364 -0.598330 -0.466247 0.651624 -0.537404 -0.369694 -0.757973
-13.630018 -27.120227 3168.500497 -4543.725061 -0.113217 0.942770 -0.313634 -0.808694 0.095952 0.580351 -0.577231 -0.319340 -0.751549
67.884539 -61.656828 -15564.452665 -5061.380537 -0.096474 0.973906 0.205426 0.349499 -0.160100 0.923157 -0.931957 -0.160857 0.324933
43.992792 -69.582364 -11518.626502 -4925.104871 -0.149041 0.957898 0.245393 0.337702 -0.183937 0.923106 -0.929378 -0.220450 0.296070
67.453695 -58.746716 -16854.096865 -8023.729575 -0.083681 0.956077 0.280917 0.238019 -0.254569 0.937305 -0.967649 -0.145298 0.206262
75.066682 -44.502613 -6659.687193 -5128.553977 0.057076 0.973637 0.220848 0.253322 -0.228093 0.940107 -0.965697 -0.002288 0.259662
70.648102 -48.112507 -5909.332801 98.655215 0.015376 0.992985 0.117238 0.438479 -0.112073 0.891726 -0.898610 -0.037695 0.437126
18.185216 -24.158255 2394.774852 2019.079032 -0.166724 0.934314 0.315057 -0.637295 -0.345928 0.688614 -0.752368 0.085975 -0.653108
13.496820 -27.300642 4787.582077 2050.916266 -0.194589 0.874671 0.443943 -0.644818 -0.455123 0.614062 -0.739151 0.166773 -0.652566
8.666996 -20.583425 3702.538508 1598.711695 -0.204732 0.879039 0.430552 -0.587402 -0.462196 0.664330 -0.782971 0.116898 -0.610976
13.162715 -40.855069 6713.932766 -1972.295588 0.496845 0.863876 0.082850 0.307384 -0.085897 -0.947701 0.811579 -0.496327 0.308219
17.994259 -40.698620 3034.994311 121.903190 0.535989 0.828451 0.162432 0.363582 -0.052875 -0.930060 0.761921 -0.557560 0.329551
15.209418 -42.092502 7045.937851 6303.273623 0.489259 0.865388 0.108303 0.347718 -0.079671 -0.934208 0.799824 -0.494728 0.339891
9.061793 -41.115362 5375.148268 3064.537323 0.483680 0.870040 0.095306 0.331127 -0.081103 -0.940094 0.810190 -0.486264 0.327321
7.941723 -47.863242 70.265215 -1198.865047 0.337420 0.886784 0.315851 0.879426 -0.416637 0.230269 -0.335794 -0.200070 0.920442
7.024238 -50.438201 859.034338 -1206.932618 0.328534 0.892075 0.310270 0.913007 -0.384070 0.137510 -0.241835 -0.238102 0.940651
6.813312 -48.120152 -1073.820809 -744.557774 0.324084 0.884665 0.335167 0.891912 -0.403835 0.203495 -0.315378 -0.232990 0.919920
-13.833855 -71.027433 -369.945712 6811.790795 -0.176994 0.977559 0.114246 -0.865915 -0.209844 0.454045 -0.467829 0.018564 -0.883624
-13.994506 -61.248527 -479.954737 3286.020991 -0.101397 0.989428 0.103684 -0.870091 -0.138731 0.472965 -0.482349 0.042257 -0.874959
-11.590819 -67.383925 528.973833 7605.729228 -0.090972 0.988645 0.119605 -0.916375 -0.130122 0.378584 -0.389848 0.075163 -0.917807
-18.879671 -61.385066 -338.887701 290.213154 -0.119291 0.988391 0.094094 -0.816554 -0.151579 0.557013 -0.564809 0.010386 -0.825156
-7.867384 -80.931317 134.741659 9177.328202 -0.102328 0.987954 0.116089 -0.940293 -0.134148 0.312814 -0.324618 0.077148 -0.942693
0.979868 -123.987238 1012.934135 12402.436846 -0.582028 0.813133 -0.007661 -0.039561 -0.018905 0.999038 -0.812206 -0.581771 -0.043172
0.122560 -106.276108 66.850482 12875.179285 -0.592298 0.805616 0.012890 0.157475 0.100059 0.982441 -0.790180 -0.583928 0.186129
-0.478571 -113.295494 472.191686 14772.068946 -0.588508 0.808481 -0.004040 0.085307 0.067065 0.994095 -0.803978 -0.584688 0.108438
7.186702 -46.923237 2853.476621 2671.933072 0.330536 0.899960 0.284284 0.731471 -0.434622 0.525408 -0.596403 -0.034279 0.801953
3.088014 -49.062019 -376.726178 1338.149050 0.260632 0.928547 0.264333 0.661973 -0.371178 0.651167 -0.702754 -0.005267 0.711414
3.984017 -48.224153 30.821386 1730.261715 0.288829 0.916924 0.275370 0.735380 -0.396651 0.549441 -0.613021 -0.043807 0.788851
6.692075 -45.693218 1477.470815 33.435985 0.329767 0.899256 0.287390 0.776536 -0.431497 0.459132 -0.536885 -0.071762 0.840598
4.330887 -47.205267 451.192390 896.176357 0.302160 0.910564 0.282087 0.775598 -0.406878 0.482595 -0.554209 -0.072965 0.829174
1.031442 -50.825297 488.159364 2074.518878 0.256744 0.937613 0.234444 0.726259 -0.347217 0.593285 -0.637675 -0.017945 0.770096
-10.281628 -50.719250 -5765.664053 2544.460780 -0.699613 -0.025056 0.714082 -0.256473 0.941591 -0.218237 -0.666905 -0.335824 -0.665176
-15.133556 -48.706759 -6797.338152 3970.227997 -0.637179 -0.199338 0.744491 -0.286516 0.958009 0.011290 -0.715480 -0.206115 -0.667537
-4.750008 -41.430773 -3269.901527 3107.709211 -0.622902 -0.232467 0.746962 -0.320607 0.946819 0.027307 -0.713585 -0.222471 -0.664306
-3.592946 -43.688732 -1553.439296 1813.626116 -0.685531 -0.032066 0.727337 -0.269758 0.939109 -0.212851 -0.676223 -0.342121 -0.652438
-2.568109 -67.670526 458.981299 5065.099692 0.212137 0.953519 0.214009 0.607443 -0.300208 0.735451 -0.765513 0.026018 0.642894
-0.734532 -72.831478 910.484857 3685.452206 0.201767 0.962225 0.182795 0.477257 -0.259566 0.839554 -0.855287 0.082154 0.511600
-2.955424 -74.330283 -15.749909 4468.681971 0.191252 0.957439 0.216177 0.480517 -0.283375 0.829941 -0.855877 0.054851 0.514262
26.742418 -31.464035 3614.796291 1574.203113 -0.192958 0.906636 0.375205 -0.706821 -0.393662 0.587736 -0.680567 0.151794 -0.716789
30.538735 -34.787360 396.808541 1032.731316 -0.210491 0.936565 0.280248 -0.740331 -0.339930 0.579963 -0.638438 0.085399 -0.764921
27.999067 -35.468471 4934.194595 2047.608508 -0.195720 0.896247 0.398038 -0.744415 -0.400006 0.534642 -0.638389 0.191665 -0.745469
-2.364729 -106.184083 -1280.545614 -362.574372 0.089531 0.947782 0.306094 0.876761 0.070805 -0.475686 0.472519 -0.310960 0.824639
4.250019 -101.556709 1140.246077 -933.730994 0.226041 0.946958 0.228422 0.789612 -0.040798 -0.612249 0.570455 -0.318758 0.756951
-5.241476 -102.086212 2325.155381 1515.975954 0.161099 0.958280 0.236105 0.905434 -0.048308 -0.421730 0.392730 -0.281718 0.875442
-7.339343 -110.223334 1168.513482 3442.095058 0.982740 -0.048842 0.178426 0.109370 0.931293 -0.347463 0.149196 -0.360981 -0.920562
-1.134527 -109.092461 2459.937074 3630.410822 0.980233 -0.049553 0.191540 0.128918 0.894357 -0.428376 0.150078 -0.444602 -0.883066
-5.211103 -110.409330 1246.776492 -3441.199397 0.980643 -0.068100 0.183578 0.162047 0.808535 -0.565695 0.109905 -0.584494 -0.803920
14.889367 -229.578067 -1405.328009 4306.471541 0.992579 -0.077719 0.093521 -0.041836 0.503874 0.862763 0.114176 0.860274 -0.496884
18.632328 -228.010975 -589.891662 -24108.962663 0.991717 -0.116119 0.054906 0.057117 0.781550 0.621222 0.115047 0.612940 -0.781709
14.490272 -273.099237 -1527.574396 12410.816831 0.991304 -0.097566 0.088302 -0.022169 0.537616 0.842899 0.129711 0.837526 -0.530778
-12.194641 -41.532584 1112.662531 859.755171 -0.250752 0.967687 -0.026571 -0.917754 -0.246366 -0.311498 0.307978 0.053723 -0.949875
-9.966319 -40.860219 542.887571 1243.528358 -0.254894 0.966775 -0.019359 -0.939030 -0.252257 -0.233642 0.230762 0.041375 -0.972130
-9.758752 -41.697283 254.336629 496.435438 -0.278425 0.960230 -0.020922 -0.909809 -0.270661 -0.314628 0.307778 0.068565 -0.948984
6.490552 -291.156771 -1852.203587 -13871.558464 0.996973 0.029840 0.071793 -0.067021 -0.138167 0.988139 -0.039406 0.989959 0.135749
5.109528 -283.373092 -1116.626638 -12271.239857 0.995211 0.007938 0.097427 -0.090320 -0.306478 0.947583 -0.037382 0.951845 0.304293
8.683599 -282.278294 463.597618 -26356.961038 0.998298 0.029831 0.050119 -0.052462 0.083793 0.995101 -0.025486 0.996037 -0.085215
6.734244 -274.837772 -838.923606 -8742.885004 0.999648 0.020470 0.016895 -0.021944 0.279346 0.959940 -0.014931 0.959972 -0.279697
5.329919 -237.353334 -1612.434522 -13751.082114 0.999253 0.038637 -0.000723 -0.016192 0.435597 0.899996 -0.035087 0.899312 -0.435897
3.970757 -230.997661 -2126.648079 -1370.002456 0.991930 0.109380 -0.064119 0.052452 0.106394 0.992940 -0.115430 0.988290 -0.099798
1.860468 -364.482400 7541.471325 -91659.968723 0.942468 0.086588 -0.322888 0.332642 -0.146921 0.931538 -0.033221 0.985351 0.167271
12.016140 -338.539059 -1258.864049 -54228.620719 0.971679 0.118823 -0.204257 0.226984 -0.228957 0.946603 -0.065712 0.966157 0.249444
61.854682 -589.471859 -26088.286067 -191412.721492 0.986882 0.122545 -0.105107 0.122623 -0.145477 0.981733 -0.105016 0.981743 0.158596
5.397975 -199.614260 -4303.741199 3832.579908 0.992377 0.122178 0.016129 -0.061285 0.375705 0.924711 -0.106920 0.918650 -0.380329
7.455041 -261.484885 2296.992582 43562.208332 0.981722 0.130490 0.138542 -0.182635 0.441158 0.878649 -0.053536 0.887892 -0.456926
0.899171 -271.285886 -2392.904909 -44938.588359 0.994711 0.076881 -0.068115 0.051943 0.195598 0.979308 -0.088613 0.977666 -0.190570
0.798595 -35.853411 2149.196540 -787.213708 0.847463 -0.530510 0.019112 0.530136 0.843898 -0.082414 -0.027593 -0.079975 -0.996415
-5.250359 -43.355913 2439.874960 -1351.666834 0.915121 -0.403004 0.011920 0.402867 0.912846 -0.066405 -0.015880 -0.065571 -0.997722
-4.227277 -39.865760 1761.469974 135.183434 0.941505 -0.336847 0.010148 0.336474 0.941291 0.027493 0.018814 0.022471 -0.999570
5.414340 -16.782779 859.089502 278.920437 0.233205 0.820758 0.521509 -0.356607 0.571116 -0.739364 0.904681 0.013550 -0.425875
8.460889 -18.793984 -48.915318 60.194943 0.215440 0.839942 0.498079 -0.320341 0.542621 -0.776495 0.922479 -0.007733 -0.385970
5.022008 -18.604766 552.976717 26.678094 0.171105 0.893168 0.415901 -0.381931 0.449248 -0.807654 0.908213 0.020652 -0.417998
1.463694 -17.202351 708.801020 227.283770 0.168044 0.901934 0.397840 -0.423427 0.430494 -0.797110 0.890208 0.034506 -0.454245
-13.258016 -28.515540 218.262628 1067.365382 -0.278047 0.955207 -0.101342 -0.567230 -0.248418 -0.785200 0.775203 0.160838 -0.610894
-12.845277 -25.526348 -428.941744 30.401365 -0.127348 0.991193 0.036321 -0.613791 -0.049988 -0.787884 0.779129 0.122629 -0.614752
-11.169206 -26.046519 62.703872 -193.733877 -0.188514 0.982060 0.004503 -0.644324 -0.120220 -0.755244 0.741154 0.145275 -0.655428
3.882212 -43.517836 548.323166 175.044313 0.493274 0.864745 0.094324 0.117836 0.041008 -0.992186 0.861856 -0.500535 0.081670
2.771646 -45.894649 2060.622114 870.288715 0.467959 0.875474 0.120665 0.097380 0.084625 -0.991643 0.878368 -0.475799 0.045653
5.176789 -42.339303 1451.857775 1719.192891 0.478034 0.876945 0.049509 -0.035155 0.075424 -0.996532 0.877638 -0.474635 -0.066884
6.138016 -39.330262 -1292.614620 3081.508171 0.521554 0.852729 0.028900 -0.048514 0.063455 -0.996805 0.851838 -0.518486 -0.074464
-3.328144 -197.596283 4981.680408 -30754.094924 0.460816 -0.862738 -0.208162 0.874254 0.481643 -0.060825 0.152736 -0.153958 0.976201
6.058416 -164.450780 -319.498033 -21245.175165 0.456958 -0.870480 -0.182902 0.886770 0.429765 0.170121 -0.069482 -0.239930 0.968300
6.832958 -176.146588 3124.317699 -28920.991422 0.427120 -0.881234 -0.202474 0.899376 0.390966 0.195623 -0.093229 -0.265654 0.959550
4.069807 -237.720390 -2730.690736 -45393.497345 -0.435092 0.883521 0.173451 0.884075 0.455710 -0.103635 0.170607 -0.108253 0.979375
-2.160874 -201.517126 -4432.104486 -8654.891431 -0.428618 0.884530 0.184099 0.780282 0.465125 -0.418114 0.455464 0.035562 0.889544
0.188327 -187.313082 1026.040695 -13277.026969 -0.467726 0.869742 0.157421 0.811697 0.493156 -0.312961 0.349829 0.018601 0.936629
16.486142 -185.070341 4529.305630 -43979.471600 0.838863 0.506489 0.199442 -0.348526 0.218308 0.911521 -0.418136 0.834152 -0.359655
37.655215 -197.520949 8654.381558 -51089.886994 0.809961 0.531889 0.247098 -0.414374 0.220840 0.882907 -0.415039 0.817511 -0.399273
22.125971 -124.412531 3217.125104 -16877.489305 0.776694 0.544480 0.316683 -0.540896 0.318911 0.778285 -0.322767 0.775781 -0.542204
-6.344327 -58.742071 -546.863505 3207.572010 0.240259 0.950123 0.198852 0.117835 -0.231884 0.965580 -0.963530 0.208557 0.167670
-6.311045 -55.529397 51.541767 2646.899907 0.262666 0.940852 0.214017 0.091399 -0.245069 0.965188 -0.960548 0.233961 0.150364
-7.074442 -59.272704 -62.425822 6969.571167 0.257208 0.949297 0.180773 0.046517 -0.199012 0.978892 -0.965236 0.243370 0.095346
-6.842361 -61.080393 -387.273710 8766.112775 0.227921 0.959140 0.167638 0.106325 -0.195657 0.974891 -0.967857 0.204374 0.146575
-17.433366 -41.169127 672.056551 3425.241044 0.456246 0.867539 0.198027 -0.806623 0.497174 -0.319651 0.375764 0.013894 -0.926611
-16.720204 -41.476893 -136.508280 3972.256810 0.409315 0.886194 0.217075 -0.829273 0.460559 -0.316531 0.380483 0.050453 -0.923410
-16.981343 -42.815760 177.225161 -190.134866 0.465187 0.857688 0.219024 -0.754539 0.513572 -0.408552 0.462895 -0.024791 -0.886066
-2.069465 -24.279182 -972.982256 281.079735 0.072938 -0.253075 -0.964693 -0.212269 0.941168 -0.262953 0.974486 0.223953 0.014926
2.731786 -23.669907 -2251.930646 0.696893 0.064956 -0.156180 -0.985590 -0.181357 0.969380 -0.165564 0.981270 0.189498 0.034642
0.098745 -24.869609 -1986.720805 536.733760 0.068532 -0.201961 -0.976993 -0.153226 0.965545 -0.210343 0.985812 0.164116 0.035226
-46.311388 -79.116808 -19.204972 1679.598192 -0.047182 -0.975351 0.215555 0.986113 -0.011081 0.165707 -0.159234 0.220380 0.962329
-40.897628 -70.854962 1465.234773 4670.492240 -0.265331 -0.926449 0.267005 0.961873 -0.235298 0.139411 -0.066332 0.293815 0.953558
88.553779 -108.230376 -10053.893525 -3824.028340 0.698639 -0.708348 0.100730 -0.195893 -0.053970 0.979139 0.688135 0.703797 0.176466
102.261964 -107.489877 -1209.382072 -6132.088464 -0.568106 0.822823 -0.014747 0.346882 0.223173 -0.910970 0.746276 0.522643 0.412208
74.730861 -114.412847 -16686.146461 2900.006415 0.815931 -0.541030 0.203822 -0.309553 -0.111065 0.944374 0.488297 0.833637 0.258098
77.410103 -116.823509 -17959.028768 15310.996888 0.819443 -0.520421 0.240156 -0.441716 -0.306405 0.843210 0.365239 0.797043 0.480960
-50.570171 -66.449700 1052.064023 -2083.256381 -0.145465 0.941677 0.303455 -0.005340 0.305966 -0.952028 0.989349 0.140107 0.039479
-53.457638 -80.533190 12.612706 -8424.446709 -0.123534 0.989308 0.077517 -0.079976 0.067935 -0.994479 0.989112 0.129052 -0.070729
-55.020897 -71.409327 150.253514 -4698.426455 -0.180692 0.915832 0.358611 -0.093698 0.346925 -0.933201 0.979066 0.202223 -0.023125
-46.878971 -65.516101 325.930993 -1539.766480 -0.205890 0.742538 0.637375 -0.092856 0.633566 -0.768096 0.974160 0.217327 0.061496
-52.964554 -71.635396 -54.053414 -3006.458879 -0.241795 0.798506 0.551292 -0.157499 0.528318 -0.834310 0.957460 0.288560 0.001981
5.327067 -36.312111 -233.116044 -2774.831772 0.482207 0.844551 -0.232831 0.697349 -0.209169 0.685531 -0.530265 0.492932 0.689809
5.301861 -32.848962 -599.928021 -2742.092703 0.502420 0.841696 -0.197795 0.671806 -0.236015 0.702121 -0.544289 0.485639 0.684035
33.262168 -106.162394 4019.660127 -369.192846 0.760483 -0.395104 0.515324 -0.545217 0.042544 0.837215 0.352711 0.917651 0.183063
49.996294 -106.763351 8464.204452 11710.866389 0.741132 -0.401046 0.538410 -0.644919 -0.202443 0.736951 0.186554 0.893408 0.408679
46.966829 -105.845365 4319.028684 6402.548771 0.713931 -0.281182 0.641280 -0.678994 -0.054237 0.732137 0.171082 0.958121 0.229643
44.303784 -108.037145 2655.888899 10748.255850 0.784700 -0.436101 0.440524 -0.570615 -0.230556 0.788189 0.242164 0.869862 0.429763
27.517849 -99.346324 1769.370963 -7514.612139 0.738007 -0.264808 0.620663 -0.557960 0.277820 0.781982 0.379507 0.923414 -0.057281
18.800951 -100.569310 2189.633514 -11554.790873 0.775223 -0.382627 0.502620 -0.413429 0.294268 0.861674 0.477605 0.875787 -0.069935
22.271259 -102.936887 648.598913 -11499.754962 0.792501 -0.450387 0.411209 -0.342712 0.228847 0.911141 0.504470 0.863007 -0.027008
33.828266 -110.726948 -435.556254 2051.830486 0.803493 -0.451636 0.387845 -0.455985 -0.048065 0.888688 0.382722 0.890907 0.244559
-2.098975 -43.579704 -82.904894 -103.330081 0.446399 0.802588 -0.395703 -0.529472 0.593395 0.606253 -0.721379 0.061117 -0.689838
-2.191192 -41.957748 392.817454 912.946035 0.440993 0.815394 -0.375043 -0.558907 0.576451 0.596094 -0.702246 0.053259 -0.709940
-2.364327 -41.865958 -252.543941 -445.050738 0.424288 0.826396 -0.370201 -0.553756 0.560261 0.616004 -0.716473 0.056362 -0.695334
-1.592597 -44.189075 706.575723 -1040.025451 0.466628 0.792205 -0.393280 -0.473640 0.599350 0.645325 -0.746942 0.114854 -0.654894
-4.146614 -41.189478 1264.586304 -1667.518750 0.358093 0.880368 -0.311002 -0.853535 0.443682 0.273175 -0.378480 -0.167629 -0.910304
-4.361790 -38.333854 1948.810069 -758.424581 0.383001 0.868665 -0.314217 -0.867176 0.455314 0.201728 -0.318301 -0.195220 -0.927671
-4.395032 -40.578098 440.123581 -513.613051 0.395977 0.854731 -0.335614 -0.822902 0.492489 0.283348 -0.407473 -0.163979 -0.898375
-6.707016 -40.347927 472.729535 -279.730887 0.391657 0.855067 -0.339801 -0.857593 0.473046 0.201894 -0.333375 -0.212338 -0.918572
-4.673185 -41.439370 -1429.144982 -1817.541498 0.401150 0.842190 -0.360271 -0.848636 0.489743 0.199922 -0.344813 -0.225540 -0.911173
-1.965970 -80.325487 -2142.939348 3207.166223 0.313191 0.945627 -0.087753 0.547304 -0.104204 0.830422 -0.776125 0.308108 0.550181
-7.511786 -76.747258 4883.599751 3332.071135 0.361274 0.928198 -0.089049 0.649704 -0.182070 0.738062 -0.668854 0.324498 0.668831
-4.154611 -72.929464 -1209.800417 2719.838619 0.320720 0.944589 -0.069936 0.673071 -0.175334 0.718494 -0.666419 0.277507 0.692008
-6.685989 -68.329082 2507.635158 2359.559006 0.312050 0.945187 -0.096155 0.788926 -0.201401 0.580546 -0.529359 0.257018 0.808530
-0.134196 -80.112026 -2774.651084 3437.863910 0.304488 0.947413 -0.098470 0.525565 -0.080887 0.846899 -0.794398 0.309623 0.522556
-3.893830 -67.988749 -617.465897 2301.827362 0.325751 0.942974 -0.068457 0.791888 -0.232568 0.564646 -0.516526 0.238144 0.822489
-0.578466 -69.967608 -419.321368 1807.046724 0.321760 0.943395 -0.080475 0.755991 -0.204808 0.621717 -0.570043 0.260882 0.779097
-0.869193 -73.836250 -528.971071 1432.937361 0.319769 0.942949 -0.092714 0.631480 -0.139143 0.762805 -0.706386 0.302468 0.639947
-13.122604 -83.278897 102.072525 887.137282 -0.316806 0.948399 0.013159 -0.699444 -0.224229 -0.678601 0.640634 0.224189 -0.734389
-14.030768 -84.160633 1182.836594 711.042977 -0.348107 0.937039 0.027930 -0.639033 -0.215389 -0.738407 0.685900 0.274893 -0.673777
-14.518364 -83.875461 -1157.752793 2226.990372 -0.305718 0.952040 0.012465 -0.559081 -0.168903 -0.811726 0.770691 0.255129 -0.583905
-12.655747 -85.327687 801.908865 -1693.692507 -0.361701 0.932130 0.017484 -0.746411 -0.278296 -0.604501 0.558608 0.231699 -0.796412
-14.796481 -82.976932 -618.511476 1738.912175 -0.279489 0.960129 0.006147 -0.577629 -0.163024 -0.799855 0.766962 0.227101 -0.600162
-11.683169 -85.250166 753.272114 -1789.651655 -0.330224 0.943789 0.014649 -0.804987 -0.273487 -0.526498 0.492897 0.185655 -0.850050
-13.547465 -84.515040 -227.374151 -1576.802408 -0.298424 0.954339 -0.013421 -0.784406 -0.253248 -0.566191 0.543737 0.158437 -0.824165
-13.634170 -81.848070 -174.467627 34.463696 -0.281031 0.959673 0.007041 -0.686297 -0.195836 -0.700460 0.670834 0.201683 -0.713656
5.992210 -97.476499 1390.824133 3539.305119 -0.434581 0.899977 0.034365 -0.763629 -0.388434 0.515742 -0.477504 -0.197889 -0.856055
7.306830 -106.095074 2422.176413 5287.434740 -0.441808 0.896631 0.029312 -0.822688 -0.417970 0.385338 -0.357758 -0.146131 -0.922310
100.443338 -15.108526 49003.225962 -1710.944289 0.409867 -0.366755 0.835164 -0.533882 0.645927 0.545663 -0.739580 -0.669528 0.068940
34.488360 1.787981 -84.847754 -950.590008 0.010983 0.000619 0.999939 -0.675002 0.737783 0.006957 -0.737734 -0.675038 0.008521
116.496337 -6.238965 -54497.828923 -7875.214619 -0.343514 0.305378 0.888112 -0.601736 0.654478 -0.457790 -0.721049 -0.691666 -0.041066
118.381237 -145.981634 -29964.780346 -32572.151373 0.777378 0.182499 0.601977 0.602088 -0.492970 -0.628069 -0.182135 -0.850691 0.493105
99.725113 -174.113039 -27955.977557 -26839.202448 0.797008 0.094607 0.596514 0.597627 -0.266286 -0.756263 -0.087295 -0.959240 0.268771
-0.745867 -64.893318 668.987069 -5308.305141 0.327976 0.924893 -0.192364 -0.520619 0.346876 0.780149 -0.788281 0.155722 -0.595284
-2.804692 -69.135258 63.759479 -1699.909801 0.314859 0.934247 -0.167469 -0.340717 0.275936 0.898761 -0.885876 0.225924 -0.405195
-2.639907 -62.487025 -335.460921 -3919.109798 0.321136 0.925273 -0.201844 -0.512113 0.348949 0.784840 -0.796625 0.148673 -0.585905
-9.716476 -112.453029 1714.402868 -6267.372806 0.765172 -0.228075 0.602074 -0.464453 0.452070 0.761522 0.445864 0.862331 -0.239981
-9.470268 -115.157289 1888.961972 -1734.453185 0.769688 -0.230469 0.595369 -0.540244 0.261774 0.799757 0.340172 0.937208 -0.076975
-7.710611 -117.916692 508.468411 -4650.973613 0.765915 -0.225238 0.602198 -0.491991 0.397653 0.774479 0.413908 0.889461 -0.193753
-6.161308 -119.855860 2887.093721 1517.798418 0.762729 -0.250917 0.596058 -0.591438 0.102214 0.799846 0.261620 0.962597 0.070441
-9.849091 -110.347633 1420.878387 -6537.788687 0.759186 -0.229167 0.609196 -0.369290 0.619068 0.693094 0.535968 0.751157 -0.385359
-4.602171 -120.366595 -118.954167 2698.109588 0.760838 -0.219708 0.610618 -0.601371 0.114911 0.790663 0.243882 0.968774 0.044697
-2.479827 -108.321243 -976.041769 2483.681972 -0.135155 0.989013 0.059884 0.247784 0.092256 -0.964413 0.959342 0.115507 0.257530
2.517733 -70.464458 1834.780365 -976.974182 0.395336 0.889754 -0.228139 0.918120 -0.375298 0.127304 0.027649 -0.259787 -0.965270
3.999596 -67.404390 2007.057506 -663.323997 0.441222 0.867705 -0.228933 0.895734 -0.410306 0.171199 0.054618 -0.280600 -0.958269
6.561062 -74.319169 856.825188 -3142.884086 0.473613 0.851718 -0.224202 0.862821 -0.397617 0.312154 0.176721 -0.341287 -0.923197
3.385053 -75.549087 591.228688 -971.478615 0.410034 0.882546 -0.230183 0.901872 -0.354688 0.246624 0.136014 -0.308720 -0.941378
0.482048 -72.077839 90.178673 -1322.643185 0.354878 0.902409 -0.244374 0.934903 -0.343715 0.088408 -0.004215 -0.259841 -0.965642
-8.386306 -226.079518 4903.547315 -24761.850964 0.914646 0.099628 0.391788 0.319299 -0.772431 -0.548997 -0.247934 -0.627235 0.738312
-5.376229 -220.720019 933.913865 -6917.608325 0.890055 0.077119 0.449283 0.404965 -0.586282 -0.701624 -0.209298 -0.806428 0.553054
2.464497 -190.400088 -96.504497 -16654.714154 0.880191 0.117137 0.459937 0.340825 -0.830405 -0.440756 -0.330305 -0.544708 0.770839
-0.697994 -205.987220 475.561869 -12061.390254 0.887524 0.107664 0.448007 0.402105 -0.655728 -0.639009 -0.224973 -0.747281 0.625267
-3.250008 -211.390770 -292.104311 -21551.744055 0.881186 0.119423 0.457438 0.412642 -0.666501 -0.620889 -0.230734 -0.735877 0.636590
-0.736362 -205.164177 -551.516493 -20499.255970 0.882643 0.102476 0.458737 0.402717 -0.668167 -0.625597 -0.242405 -0.736920 0.631022
-1.893627 -211.721697 -741.998799 -5928.315549 0.883228 0.107533 0.456448 0.458344 -0.403734 -0.791783 -0.099141 -0.908535 0.405876
-4.947112 -206.432645 -1808.365499 -21004.320256 0.871340 0.110792 0.478008 0.422469 -0.664885 -0.615994 -0.249573 -0.738683 0.626147
-2.795819 -180.098326 -1010.797020 -19429.646781 0.880119 0.104472 0.463117 0.312230 -0.862216 -0.398868 -0.357637 -0.495650 0.791472
3.814135 -19.482797 -694.098766 688.567611 0.798741 0.145167 0.583900 -0.271261 -0.779350 0.564828 -0.537057 0.609541 0.583121
5.436908 -23.068901 2680.570950 -156.817352 0.841818 0.324761 0.431131 -0.071286 -0.724852 0.685206 -0.535034 0.607552 0.587043
