18582
37154
-45.151615 -70.059240 238.193858 -9695.338062 0.842848 -0.107967 0.527209 -0.289563 0.734776 0.613398 0.453608 0.669662 -0.588042
-53.558849 -82.926433 -774.564595 -5889.885394 0.864716 -0.106117 0.490922 -0.327271 0.622399 0.710995 0.380998 0.775474 -0.503469
-50.314774 -92.402890 1209.184688 -13499.778423 0.893881 -0.369961 0.253191 -0.006081 0.554717 0.832017 0.448263 0.745264 -0.493601
-44.009467 -67.813596 475.460702 -7736.868002 0.757554 0.165979 0.631318 -0.537086 0.708169 0.458296 0.371012 0.686256 -0.625621
-38.231040 -79.049051 5505.442656 -21424.572538 0.847241 -0.411081 0.336445 0.035273 0.675494 0.736521 0.530037 0.612144 -0.586806
-39.225394 -57.042441 -1043.239712 -9216.306531 0.764232 0.030277 0.644231 -0.393817 0.812955 0.428967 0.510743 0.581539 -0.633209
-37.657125 -56.409166 -1112.822099 -5372.527090 0.638460 0.304147 0.707011 -0.630243 0.733870 0.253433 0.441773 0.607395 -0.660233
215.454327 -116.527927 -56966.107491 -6895.491230 -0.737575 0.666023 -0.111338 0.635280 0.740298 0.219951 0.228916 0.091500 -0.969136
203.341718 -124.182693 -68584.645280 6551.463109 -0.655759 0.744490 -0.125359 -0.641026 -0.636777 -0.428487 0.398829 0.200626 -0.894810
260.027427 -133.311245 64243.835020 2439.820368 0.742664 -0.654060 -0.143721 0.642308 0.635011 0.429187 0.189450 0.411055 -0.891708
232.344158 -126.637714 19978.189663 -140.944662 0.784187 -0.560003 -0.267298 0.617702 0.745525 0.250273 -0.059124 0.361371 -0.930546
240.152481 -134.686891 -36374.897912 8217.548323 0.730348 -0.375150 -0.570836 0.653055 0.628507 0.422491 -0.200277 0.681353 -0.704022
244.640392 -132.502297 35864.703681 3392.627070 0.752286 -0.540712 -0.376426 0.649664 0.513805 0.560304 0.109553 0.666059 -0.737810
-47.410303 -84.223390 -5144.549756 -1223.120400 0.395248 -0.227425 0.889976 0.773412 -0.440335 -0.456004 0.495595 0.868552 0.001852
-33.704006 -80.033263 -6767.137842 -401.943486 0.580982 -0.259458 0.771454 0.717937 -0.283162 -0.635913 0.383440 0.923310 0.021763
-44.761930 -84.787606 -6280.032645 -2422.757609 0.457790 -0.292137 0.839693 0.803218 -0.268996 -0.531491 0.381142 0.917767 0.111506
-55.892973 -91.527911 -3590.131829 -3043.996415 0.239920 -0.278769 0.929907 0.824302 -0.447484 -0.346821 0.512801 0.849733 0.122430
-54.959599 -88.465087 -3094.436693 -173.559272 0.181280 -0.180364 0.966750 0.762865 -0.594585 -0.253978 0.620624 0.783541 0.029807
-50.677060 -82.794515 -4481.284586 880.097228 0.259947 -0.136915 0.955867 0.744704 -0.601716 -0.288709 0.614689 0.786887 -0.054453
-23.455947 -31.390485 -129.492335 -1958.757959 -0.818904 0.356374 0.449883 0.122573 0.874373 -0.469519 -0.560690 -0.329348 -0.759709
-22.296757 -35.807604 -4214.986977 2969.139782 -0.705590 0.685729 0.178657 -0.489891 -0.654204 0.576216 -0.512006 -0.319050 -0.797532
-18.974403 -31.662351 -3259.427334 -2751.144149 -0.771716 0.580702 0.259305 0.347007 0.726175 -0.593511 -0.532954 -0.368042 -0.761909
-18.271081 -28.000892 763.003538 -2183.839860 -0.822994 0.246481 0.511790 -0.012368 0.892969 -0.449947 -0.567916 -0.376634 -0.731860
-18.193011 -31.164873 3793.778456 -2408.149353 -0.766872 -0.029298 0.641131 -0.236332 0.941656 -0.239650 -0.596703 -0.335301 -0.729054
-23.894332 -33.231450 4299.633049 -1196.428519 -0.769345 -0.077433 0.634124 -0.228741 0.960204 -0.160267 -0.596478 -0.268351 -0.756440
-19.096040 -25.682184 1309.405781 -4081.662246 -0.715644 0.586570 0.379196 0.462691 0.804818 -0.371733 -0.523231 -0.090578 -0.847364
-17.042914 -20.141086 -6082.257911 1096.506210 0.481478 0.756110 -0.443257 -0.699048 0.636353 0.326170 -0.528688 -0.152814 -0.834947
-14.771093 -18.239121 -5364.082843 490.855634 0.481873 0.753509 -0.447239 -0.681112 0.643206 0.349817 -0.551257 -0.136053 -0.823168
-16.757571 -23.862338 549.495985 -3964.318890 -0.683307 0.618097 0.388649 0.484823 0.782116 -0.391460 -0.545929 -0.079062 -0.834093
-16.398402 -31.310292 987.815788 -2596.487836 -0.670152 0.631915 0.389333 0.529928 0.774635 -0.345132 -0.519685 -0.024972 -0.853993
-18.885717 -33.412835 1172.631111 -2257.902746 -0.691387 0.625337 0.361854 0.538117 0.779912 -0.319636 -0.482095 -0.026272 -0.875725
2.489412 -54.155966 829.193733 -1253.183425 -0.758007 -0.061297 -0.649360 -0.111243 0.993137 0.036107 0.642690 0.099606 -0.759624
1.368788 -60.838381 902.419533 -2219.830404 -0.760717 -0.041317 -0.647768 -0.180103 0.972221 0.149496 0.623597 0.230389 -0.747026
0.675844 -57.000439 2317.930666 704.395040 -0.767841 -0.045180 -0.639045 -0.148416 0.982918 0.108836 0.623212 0.178414 -0.761430
3.126523 -50.447674 1422.243713 -2865.077255 -0.763246 -0.061986 -0.643128 -0.015456 0.996854 -0.077736 0.645923 -0.049392 -0.761803
3.054500 -49.313569 -1170.729063 -4688.560088 -0.740219 -0.080255 -0.667558 -0.050868 0.996690 -0.063418 0.670438 -0.012986 -0.741852
-8.568757 -55.562472 1774.626716 -1397.181921 0.842273 0.008014 0.538992 -0.538370 -0.037759 0.841862 -0.027099 0.999255 0.027488
-10.304414 -53.504545 1751.322443 -4194.525545 0.832947 0.027641 0.552662 -0.553238 0.021248 0.832752 -0.011275 0.999392 -0.032990
-10.889367 -56.926212 1827.805012 5773.976089 0.843161 0.032235 0.536694 -0.525463 -0.162022 0.835247 -0.113881 0.986260 0.119672
-8.194563 -54.247735 1334.613917 -6718.899314 0.816795 0.019006 0.576616 -0.574110 0.125458 0.809110 0.056963 0.991917 -0.113385
-9.104867 -58.210762 1872.251532 4971.711095 0.862444 0.021288 0.505705 -0.491030 -0.207218 0.846139 -0.122804 0.978063 0.168260
-7.109777 -57.939240 1087.937178 -442.327656 0.859851 0.012121 0.510401 -0.508543 -0.068118 0.858338 -0.045172 0.997604 0.052408
-6.438336 -56.259912 1299.500455 -6913.194860 0.834854 0.006746 0.550430 -0.548093 0.103040 0.830046 0.051117 0.994654 -0.089721
-12.855353 -53.433002 1946.102500 7831.356316 0.906785 -0.220685 0.359219 -0.300305 0.259917 0.917747 0.295900 0.940075 -0.169416
-8.914352 -64.912294 1831.084449 14320.469365 0.907406 -0.242962 0.342906 -0.261843 0.311360 0.913506 0.328715 0.918708 -0.218911
-11.531246 -73.065671 2865.267521 15418.114205 0.914081 -0.242235 0.325236 -0.236056 0.334300 0.912426 0.329748 0.910805 -0.248396
-5.502526 -78.959898 -429.744570 -2701.323379 0.926150 -0.338670 0.165976 -0.017815 0.400300 0.916211 0.376734 0.851506 -0.364705
-7.850910 -78.360644 783.946606 -4248.162304 0.934845 -0.337672 0.109738 -0.019683 0.259308 0.965594 0.354510 0.904841 -0.235766
-4.033084 -81.589018 2811.091881 -4833.428590 0.924446 -0.362422 0.118533 -0.014611 0.276958 0.960771 0.381033 0.889913 -0.250737
-0.320528 -149.629845 -1789.025369 -2613.243934 0.840736 -0.260918 0.474430 0.512150 0.667539 -0.540458 0.175685 -0.697362 -0.694853
2.285064 -141.624037 -1431.656912 -4224.814788 0.862959 -0.228046 0.450885 0.500990 0.502129 -0.704893 0.065655 -0.834183 -0.547566
1.142195 -139.746044 -1640.813778 -2685.246654 0.861281 -0.238874 0.448481 0.495056 0.593394 -0.634667 0.114520 -0.768650 -0.629335
3.592918 -136.074535 -1905.589594 -3120.328366 0.880493 -0.221491 0.419134 0.473963 0.393517 -0.787720 -0.009537 -0.892236 -0.451468
-0.529824 -143.346751 419.474969 -3587.757241 0.849009 -0.232461 0.474495 0.472329 0.736415 -0.484353 0.236832 -0.635338 -0.735021
-1.576917 -148.930298 -591.426048 -1140.372831 0.836923 -0.259637 0.481818 0.481958 0.766791 -0.423966 0.259376 -0.587043 -0.766880
4.165481 -130.555746 1519.524000 -3890.036050 0.889383 -0.178713 0.420784 0.456772 0.385401 -0.801764 0.018885 -0.905278 -0.424400
2.299877 -82.699188 -733.786573 -1368.170234 0.905490 -0.371638 0.204874 -0.423906 -0.769586 0.477536 0.019802 0.519251 0.854392
4.103758 -83.232512 294.861201 -5245.963333 0.905914 -0.378255 0.190376 -0.423023 -0.787902 0.447506 0.019274 0.485936 0.873782
4.416746 -88.858749 -68.881169 -5433.365584 0.892192 -0.401078 0.207680 -0.450137 -0.827308 0.336063 -0.037028 0.393317 0.918657
3.594951 -86.604112 -253.657512 -5393.004705 0.873482 -0.427958 0.232123 -0.479160 -0.840114 0.254195 -0.086225 0.333259 0.938884
2.326572 -77.527966 -684.607951 -2380.101264 0.893087 -0.390350 0.223658 -0.449489 -0.795076 0.407203 -0.018874 0.464199 0.885530
5.760409 -96.407329 -94.787349 -5391.439145 0.873737 -0.433023 0.221529 -0.466138 -0.875535 0.127096 -0.138921 0.214311 0.966836
32.754376 -49.962574 7674.775908 -5542.403336 -0.900587 0.314316 0.300249 0.136499 0.860298 -0.491178 -0.412688 -0.401364 -0.817676
28.414807 -57.309381 5420.459953 557.156698 -0.891352 0.332784 0.307808 0.194522 0.894121 -0.403373 -0.409453 -0.299672 -0.861710
22.446091 -47.925197 4169.646854 -7693.417449 -0.892196 0.311911 0.326645 0.106242 0.847876 -0.519441 -0.438974 -0.428740 -0.789610
35.978113 -20.063069 -6989.190059 -19205.345505 0.910952 -0.277079 -0.305604 0.044700 0.802776 -0.594602 -0.410083 -0.527994 -0.743676
24.509495 -11.171151 -5353.493745 -21943.032159 0.885135 -0.325334 -0.332705 0.052808 0.780592 -0.622807 -0.462327 -0.533699 -0.708110
17.967716 -32.054131 -327.221235 -15945.212529 0.875567 -0.374633 -0.305011 0.127994 0.788700 -0.601307 -0.465832 -0.487445 -0.738511
-12.027395 -26.151782 475.090953 -4678.024069 0.818642 -0.511102 -0.261916 0.334397 0.794985 -0.506140 0.466908 0.326764 0.821719
-13.734062 -21.424378 -902.931057 -72.812614 0.851621 -0.457076 -0.256561 0.304482 0.829811 -0.467659 0.426653 0.320149 0.845855
-12.083507 -22.840504 502.497817 556.592504 0.848421 -0.429386 -0.309529 0.261927 0.848720 -0.459421 0.459973 0.308709 0.832541
-12.337087 -25.337817 193.748488 4973.192563 0.881710 -0.304562 -0.360319 0.154517 0.908016 -0.389399 0.445771 0.287661 0.847667
-9.601013 -27.795389 2563.446041 -2563.372710 0.836911 -0.428123 -0.341014 0.238254 0.845870 -0.477220 0.492762 0.318142 0.809920
-7.000505 -25.758684 3233.578933 1760.958619 0.847936 -0.386458 -0.362843 0.218964 0.878702 -0.424189 0.482762 0.280236 0.829704
-5.005740 -131.846322 191.990370 -14409.239742 0.204408 0.865100 -0.458061 0.525463 -0.491778 -0.694293 0.825897 0.098776 0.555101
-3.979415 -108.146485 -103.962692 -11341.478134 0.226144 0.858822 -0.459657 0.615194 -0.491785 -0.616184 0.755245 0.143432 0.639557
-4.505538 -127.777993 -55.995549 -19191.872134 0.217954 0.866131 -0.449792 0.491481 -0.495575 -0.716137 0.843174 0.064979 0.533699
-4.885974 -138.414511 -258.232938 -24606.692358 0.245154 0.854910 -0.457195 0.468458 -0.517337 -0.716176 0.848791 0.038603 0.527317
-5.249516 -154.600549 -376.440299 -22231.999396 0.225301 0.864421 -0.449462 0.305726 -0.500748 -0.809804 0.925079 -0.045037 0.377095
-5.852432 -155.986898 -127.500459 -18474.997840 0.205851 0.864569 -0.458417 0.317686 -0.502119 -0.804334 0.925582 -0.019940 0.378023
4.706508 -55.879151 -668.492384 -358.726247 0.805590 0.031035 0.591660 -0.429300 0.718811 0.546821 0.408321 0.694513 -0.592390
6.656827 -56.784553 -647.293566 1894.127591 0.794328 0.043786 0.605909 -0.414615 0.768054 0.488045 0.444001 0.638887 -0.628241
5.059874 -55.379658 76.152422 -3119.093968 0.785212 0.038572 0.618025 -0.443356 0.731782 0.517620 0.432294 0.680446 -0.591705
16.837385 -47.826657 -5310.832566 1859.398503 0.851055 -0.332656 -0.406257 0.363887 -0.184126 0.913063 0.378539 0.924899 0.035652
14.324338 -41.322740 -4557.339325 3234.279792 0.846783 -0.342312 -0.407163 0.324087 -0.274972 0.905184 0.421813 0.898450 0.121903
10.597595 -46.100730 -3260.656521 2663.676082 0.833199 -0.312331 -0.456320 0.384074 -0.266817 0.883909 0.397826 0.911734 0.102353
13.795090 -50.547383 -2137.777216 730.512560 0.838636 -0.308569 -0.448860 0.421000 -0.155675 0.893602 0.345614 0.938377 0.000647
12.084309 -47.671193 2467.027520 2950.617108 0.821465 -0.322692 -0.470175 0.394993 -0.272706 0.877275 0.411310 0.906367 0.096557
9.685120 -43.050937 865.652271 4120.674736 0.820500 -0.319123 -0.474278 0.368730 -0.338542 0.865695 0.436826 0.885183 0.160104
174.073353 -45.513818 -77253.531693 1367.493802 0.506457 0.630742 -0.587934 0.683366 0.122212 0.719774 0.525845 -0.766309 -0.369132
43.477459 -51.050808 -44362.761233 -2862.390023 0.654710 0.587381 -0.475750 -0.595610 0.013359 -0.803163 0.465407 -0.809200 -0.358597
107.107168 -50.062753 -79673.689671 -2088.954705 0.662724 0.539071 -0.519807 -0.578156 -0.072852 -0.812668 0.475955 -0.839103 -0.263386
14.501001 -129.435614 -8984.276199 -15853.081761 0.127707 0.705490 -0.697119 0.988530 -0.033410 0.147279 0.080613 -0.707932 -0.701665
1.718443 -134.840189 -2315.756078 3795.829538 0.105594 0.733892 -0.671008 0.918609 0.186411 0.348438 0.380799 -0.653187 -0.654476
11.729344 -139.340568 -6512.959617 -409.264588 0.119309 0.729159 -0.673864 0.927979 0.159426 0.336807 0.353017 -0.665516 -0.657623
24.274553 -139.316429 -11294.577478 -14958.855980 0.151239 0.720963 -0.676268 0.962453 0.048609 0.267062 0.225415 -0.691266 -0.686541
13.690081 -48.075741 5031.932238 -98.887765 0.238514 0.958548 -0.155877 -0.954348 0.261069 0.145128 -0.179807 -0.114146 -0.977057
16.980208 -51.829365 7340.158753 -569.492286 0.301953 0.939094 -0.164094 -0.918968 0.332519 0.211963 -0.253618 -0.086794 -0.963403
23.404418 -53.023690 8085.124209 -277.238033 0.241147 0.955561 -0.169564 -0.953318 0.265958 0.143010 -0.181752 -0.127162 -0.975088
17.676156 -47.972300 4281.786526 679.325370 0.179398 0.971127 -0.157256 0.976887 -0.194737 -0.088149 -0.116228 -0.137808 -0.983616
3.356086 -443.994400 -1085.769915 -14329.667285 0.172555 0.778253 -0.603777 0.667081 0.358669 0.652962 -0.724726 0.515440 0.457268
-2.517519 -417.368302 -1709.535248 -50282.998284 0.191966 0.785326 -0.588568 0.377817 0.494362 0.782854 -0.905761 0.372653 0.201808
-0.842201 -418.714962 32.705009 -60024.760337 0.176828 0.768891 -0.614442 0.298421 0.553010 0.777898 -0.937911 0.320917 0.131666
-5.432247 -375.435493 -2343.650681 -51452.297032 0.192085 0.779404 -0.596350 0.019718 0.604478 0.796378 -0.981180 0.164731 -0.100743
3.390658 -437.022381 3329.649157 -17949.603402 0.168252 0.769922 -0.615558 0.660035 0.375819 0.650472 -0.732151 0.515733 0.444944
0.937035 -374.445760 -1810.591426 -68379.920466 0.184596 0.784284 -0.592303 -0.136620 0.617286 0.774786 -0.973272 0.062102 -0.221097
-28.805899 -2969.013714 26777.710940 1290810.466485 -0.013483 0.991320 -0.130779 -0.075665 -0.131427 -0.988434 0.997042 0.003431 -0.076781
78.390649 -4921.791775 686.779256 2673947.029369 0.103418 0.986602 -0.126175 0.718448 -0.161826 -0.676494 0.687849 0.020689 0.725559
41.877211 -3390.227204 -4328.076915 1619817.630765 -0.057151 0.997392 0.044081 0.271173 0.058001 -0.960781 0.960832 0.042956 0.273781
-90.354304 -1518.918704 7430.978981 869297.280653 -0.285652 0.932172 -0.222394 -0.044364 -0.244677 -0.968589 0.957306 0.266813 -0.111247
-278.150592 -460.927198 -111571.616247 294866.272049 -0.056562 0.992725 -0.106292 0.058309 -0.102996 -0.992971 0.996695 0.062363 0.052060
-1161.264321 -2435.301998 394782.703400 615019.378865 -0.510100 -0.834975 0.206436 0.854264 -0.519769 0.008553 0.100157 0.180714 0.978423
-805.867825 -2435.444908 219830.222681 670245.908347 0.160386 -0.665593 0.728877 0.951910 -0.090990 -0.292554 0.261043 0.740747 0.618991
-571.862192 -2909.016950 -218572.552219 -1872338.793241 0.466978 0.877589 -0.108483 0.302425 -0.043220 0.952193 -0.830946 0.477461 0.285587
-1836.987807 -2229.357308 -467798.875743 424644.064867 0.091466 0.726746 -0.680790 0.438837 -0.643108 -0.627562 0.893899 0.241355 0.377745
-283.068240 -2025.074891 -158151.518613 -796457.001012 0.142180 0.985116 -0.096594 0.374278 -0.143845 -0.916092 0.916352 -0.094097 0.389159
22.155305 -33.472365 79.483818 -1686.806682 -0.189019 0.978024 -0.087978 -0.975376 -0.197363 -0.098439 0.113640 -0.067204 -0.991246
19.869618 -32.353107 4794.900560 -2357.190188 -0.264350 0.963441 -0.043593 -0.956636 -0.267680 -0.114869 0.122338 -0.011337 -0.992424
13.190708 -34.351829 4784.918964 -1908.536678 -0.274181 0.960761 -0.041997 -0.959567 -0.276211 -0.054218 0.063690 -0.025434 -0.997646
61.902271 24.275109 -29223.785560 -639.107621 -0.115884 0.853546 -0.507966 -0.837929 0.190594 0.511418 -0.533335 -0.484905 -0.693124
67.033318 27.799444 -8606.289417 -2304.888982 0.113146 0.890997 -0.439684 -0.823325 0.331792 0.460488 -0.556178 -0.309901 -0.771121
80.310736 25.946725 -19842.935579 -2331.730943 0.086204 0.868730 -0.487727 -0.854850 0.315918 0.411615 -0.511664 -0.381451 -0.769867
72.912106 27.420120 18432.769300 -957.920238 0.272308 0.915247 -0.296935 -0.829419 0.379705 0.409741 -0.487762 -0.134708 -0.862521
-23.277468 -45.500152 -1323.424352 2776.724935 0.777798 0.583274 0.234142 -0.614721 0.783588 0.090040 0.130953 0.213965 -0.968024
-24.336042 -48.716524 1181.248059 2452.003008 -0.765998 -0.604834 -0.217767 -0.619500 0.784996 -0.001176 0.171657 0.134006 -0.976000
-21.756586 -43.641340 -998.820683 2521.036694 0.838496 0.514012 0.180875 -0.536779 0.836275 0.111856 0.093765 0.190881 -0.977125
-461.806416 -2582.566106 466744.707382 1324897.715759 -0.370078 0.368165 0.852934 0.822699 -0.296584 0.484979 0.431519 0.881188 -0.193130
-128.200347 -1802.266096 28935.179595 356296.255604 0.053738 0.819132 0.571083 0.876790 -0.312395 0.365579 0.477860 0.481074 -0.734995
-318.923025 -2766.944231 51317.642492 -1377123.109058 0.279019 0.621012 0.732457 0.955777 -0.105772 -0.274412 -0.092940 0.776632 -0.623061
-331.583162 -1720.307599 23240.264161 -573192.345974 0.002302 0.861367 0.507979 -0.224019 0.495513 -0.839215 0.974582 0.111866 -0.194103
-9.216690 -116.436825 -3791.311838 -63382.931448 0.163012 0.985368 -0.049760 0.367123 -0.107393 -0.923952 0.915777 -0.132347 0.379258
4.150069 -39.243016 -943.710383 -8146.425863 0.072396 0.979257 0.189250 0.409643 0.143810 -0.900839 0.909369 -0.142742 0.390734
-2.942758 -136.886955 -5373.298511 -75625.535556 0.180302 0.979671 -0.087956 0.374200 -0.151017 -0.914969 0.909651 -0.132058 0.393822
23.758787 -1513.463937 -980.747171 -835803.448928 0.125383 0.990341 0.059201 0.316826 0.016578 -0.948339 0.940160 -0.137661 0.311687
-28.231552 -987.841312 -13539.176364 -470318.376312 0.119649 0.992715 -0.014217 0.287546 -0.048356 -0.956546 0.950264 -0.110361 0.291236
7.379752 -58.191070 229.231993 -2929.330396 0.820825 0.317544 0.474776 0.569694 -0.395239 -0.720580 0.041166 -0.861947 0.505325
7.365129 -61.014146 417.409280 -2439.865388 0.815568 0.316699 0.484304 0.575857 -0.361898 -0.733089 0.056900 -0.876774 0.477525
6.830816 -57.141412 94.047167 -2162.000336 0.826559 0.313392 0.467531 0.562837 -0.454560 -0.690354 0.003831 -0.833763 0.552110
6.829513 -55.780312 832.157041 -1307.255252 0.817187 0.336123 0.468217 0.575219 -0.424234 -0.699392 0.036448 -0.840861 0.540023
-32.473650 -63.947371 -723.681510 -2234.913888 -0.557767 0.756127 0.342298 0.406898 0.608553 -0.681247 0.723416 0.240697 0.647097
-30.084889 -60.292163 -4514.032400 -1973.995110 0.657671 -0.633205 -0.408069 0.320371 0.725381 -0.609249 0.681785 0.269952 0.679923
-27.803177 -59.931868 -2273.645691 -3790.891381 0.621154 -0.670221 -0.406167 0.406338 0.718601 -0.564359 0.670118 0.185513 0.718698
-30.893355 -66.713851 1253.798632 -2514.202166 -0.504869 0.799505 0.325421 0.458537 0.567808 -0.683621 0.731335 0.195921 0.653272
-22.608935 -27.336405 12797.751606 -3619.518197 0.897497 0.092705 0.431168 -0.046875 0.992171 -0.115752 -0.438523 0.083676 0.894816
-36.180307 -45.629055 1811.794160 11425.059589 0.428939 0.893479 0.133069 0.752427 -0.434899 0.494688 -0.499865 0.112066 0.858822
-31.212597 -42.262346 -5785.118850 10316.801696 -0.290347 0.929639 -0.226868 0.811532 0.364840 0.456407 -0.507064 0.051594 0.860363
-12.278882 -40.713397 12819.603177 11176.797260 0.628257 -0.698399 0.342829 0.628070 0.715342 0.306290 -0.459153 0.022892 0.888062
-41.847062 -57.178817 687.281073 5621.350249 -0.134598 0.984667 -0.110968 0.775334 0.174389 0.606997 -0.617042 0.004337 0.786918
-22.414307 -52.036918 12491.850455 5710.702472 0.607440 -0.699809 0.375878 0.588475 0.714275 0.378825 -0.533585 -0.008918 0.845699
-3.659369 -17.472066 1956.713133 -839.344281 0.689859 0.626001 0.363617 -0.546126 0.779719 -0.306244 -0.475228 0.012684 0.879771
-8.055500 -17.667483 9624.603777 -7107.160796 0.843944 0.354963 0.402195 -0.292792 0.933036 -0.209085 -0.449479 0.058697 0.891360
-7.447799 -30.036261 -661.797848 17713.391427 0.653235 -0.662898 0.365855 0.615574 0.746314 0.253149 -0.440855 0.059845 0.895581
10.626097 -12.458760 -5447.586851 -110.380081 0.255400 0.962240 0.094151 0.866320 -0.270995 0.419585 -0.429256 0.025597 0.902820
-13.257640 -65.925221 -548.196808 46879.046983 0.770203 -0.506371 0.387783 0.511079 0.853730 0.099721 -0.381558 0.121382 0.916341
19.848740 -26.114951 -12654.986375 2700.589920 0.933531 -0.331041 -0.137588 -0.354804 -0.908099 -0.222420 0.051314 -0.256453 0.965194
10.375363 -24.860975 -11156.299276 542.780538 0.913117 -0.375619 -0.158518 -0.405486 -0.877153 -0.257263 0.042411 -0.299188 0.953251
0.065215 -21.935431 -3960.009314 1798.816202 0.962792 -0.232275 -0.138128 -0.262543 -0.925085 -0.274389 0.064047 -0.300444 0.951647
0.399565 -25.507644 -3582.376355 3288.551989 0.987034 -0.119112 -0.107591 -0.143493 -0.955173 -0.258948 0.071925 -0.271029 0.959880
11.421081 -52.970259 5521.216777 -2238.217462 0.947800 -0.296959 -0.116153 -0.081656 0.126084 -0.988653 -0.308234 -0.946530 -0.095254
4.559500 -52.689900 6586.323159 450.350497 0.952398 -0.283794 -0.111353 -0.094108 0.073738 -0.992827 -0.289970 -0.956046 -0.043521
0.835964 -53.285722 5484.604796 -2259.615021 0.953866 -0.281361 -0.104767 -0.068702 0.135141 -0.988442 -0.292268 -0.950038 -0.109576
-15.213284 -66.487177 6007.021794 -1947.131431 0.714369 -0.570454 0.405290 0.698259 0.619138 -0.359309 0.045961 -0.539676 -0.840617
-5.291723 -64.837191 11114.144130 586.193773 0.748145 -0.521036 0.410853 0.646738 0.711042 -0.275951 0.148353 -0.472166 -0.868936
4.278761 -63.284116 13544.413377 -399.178544 0.792297 -0.459692 0.401184 0.599026 0.710973 -0.368354 0.115902 -0.532166 -0.838670
3.692913 -57.523078 -379.568218 -877.477565 0.805903 -0.366770 -0.464758 0.422649 -0.193310 0.885437 0.414594 0.910006 0.000775
3.611405 -57.637717 -1073.335943 -1716.836797 0.811546 -0.366277 -0.455230 0.398053 -0.223763 0.889654 0.427723 0.903201 0.035796
3.538200 -58.189843 532.445816 -608.590819 0.802514 -0.386726 -0.454329 0.356592 -0.299621 0.884912 0.478345 0.872164 0.102546
2.354396 -57.851508 -391.111756 341.611750 0.810299 -0.365247 -0.458269 0.364225 -0.298727 0.882101 0.459082 0.881678 0.109027
3.067643 -57.738050 398.199788 -128.658354 0.804533 -0.380475 -0.456033 0.303856 -0.396052 0.866495 0.510293 0.835692 0.203028
2.990954 -58.372725 -502.449311 1179.530314 0.810514 -0.378389 -0.447089 0.288368 -0.406605 0.866900 0.509814 0.831561 0.220444
7.686274 -111.726607 -2603.583639 12490.940008 -0.844848 0.321161 0.427888 0.165707 0.917532 -0.361491 -0.508697 -0.234501 -0.828394
8.455330 -104.242121 6883.641684 17834.775516 -0.826530 0.320683 0.462612 0.174436 0.927312 -0.331156 -0.535182 -0.193015 -0.822390
7.979942 -91.016459 157.694846 21252.061680 -0.823152 0.360725 0.438518 0.288789 0.930900 -0.223667 -0.488898 -0.057473 -0.870446
9.926532 -112.446365 2974.237678 1889.026680 -0.839562 0.298423 0.453960 0.029288 0.859264 -0.510694 -0.542474 -0.415463 -0.730146
11.892769 -92.995793 -6394.785460 19184.169162 -0.832636 0.367610 0.414223 0.311520 0.929273 -0.198510 -0.457900 -0.036248 -0.888264
11.603960 -113.194724 -9845.430565 7726.939914 -0.859051 0.319855 0.399655 0.165084 0.912139 -0.375166 -0.484540 -0.256310 -0.836377
9.809659 -120.055696 -5828.755809 -1956.818032 -0.861603 0.291337 0.415648 0.035076 0.851093 -0.523842 -0.506369 -0.436764 -0.743523
24.529878 -87.880095 -8114.477644 -4100.267743 0.686489 -0.367578 -0.627391 0.606941 0.764827 0.216013 -0.400444 0.529080 -0.748144
13.136439 -93.415416 -5816.624964 -5142.111878 0.695948 -0.332575 -0.636436 0.627328 0.712880 0.313467 -0.349451 0.617410 -0.704761
11.693658 -86.348153 -6671.840797 -686.160015 0.704667 -0.315236 -0.635665 0.545828 0.813239 0.201780 -0.453339 0.489151 -0.745127
1.662737 -90.453233 -3738.928523 -1818.241450 0.733503 -0.275067 -0.621540 0.545610 0.783607 0.297104 -0.405319 0.557045 -0.724857
-1.891025 -88.385373 2200.324551 2321.302022 -0.745770 0.270085 0.609001 0.461420 0.868781 0.179751 -0.480540 0.415058 -0.772533
-10.595255 -39.366052 442.195013 1055.849189 0.970250 -0.039874 -0.238797 -0.232568 -0.427600 -0.873539 0.067278 -0.903088 0.424153
-8.302935 -37.215481 910.596407 -265.870309 0.980363 0.007092 -0.197072 -0.170527 -0.471400 -0.865276 0.099036 -0.881891 0.460934
-8.583389 -38.118581 891.064259 218.361454 0.981718 0.013449 -0.189865 -0.155393 -0.519428 -0.840267 0.109922 -0.854409 0.507842
2.916399 -78.423159 -7791.941877 7858.399453 -0.491993 0.870408 -0.018264 0.858600 0.488576 0.155239 -0.144044 -0.060695 0.987708
25.685294 -79.303168 -11275.901565 8299.443985 -0.457642 0.888970 -0.017235 0.862669 0.448629 0.233526 -0.215330 -0.092003 0.972198
28.226862 -66.608312 -18547.301258 7343.635035 -0.523836 0.851792 -0.006782 0.848037 0.522243 0.089978 -0.080184 -0.041382 0.995921
45.627518 -63.732726 22995.276763 -2835.823572 0.605208 -0.796047 0.005602 0.796067 0.605190 -0.004680 0.000336 0.007292 0.999973
7.211927 -70.346296 -10624.335728 2226.483031 -0.595266 0.803295 -0.019392 0.802653 0.595570 0.032325 -0.037515 -0.003677 0.999289
-13.459972 -100.745986 -765.902240 -1611.967688 0.931403 -0.175465 -0.318904 -0.156863 0.597107 -0.786675 -0.328454 -0.782735 -0.528624
-14.540764 -102.633421 -1506.718483 1840.882652 0.932313 -0.179424 -0.314005 -0.086591 0.732249 -0.675510 -0.351133 -0.656977 -0.667149
-13.476641 -102.257592 3024.238335 207.247769 0.949884 -0.140640 -0.279181 -0.114281 0.675032 -0.728884 -0.290966 -0.724260 -0.625130
-14.186798 -100.771250 -1193.991078 -1071.840245 0.920748 -0.201802 -0.333915 -0.114407 0.678575 -0.725567 -0.373007 -0.706266 -0.601709
-10.509807 -102.428099 3019.622179 -3625.709330 0.951323 -0.124854 -0.281774 -0.167220 0.558887 -0.812208 -0.258888 -0.819790 -0.510804
-13.745518 -98.346679 -2043.608483 -3006.995282 0.918782 -0.192977 -0.344382 -0.192813 0.541867 -0.818048 -0.344474 -0.818010 -0.460649
-12.697279 -97.455128 112.112090 -3278.216519 0.929859 -0.152236 -0.334941 -0.237875 0.445739 -0.862979 -0.280673 -0.882123 -0.378262
3.519598 -45.362205 -1688.519186 -983.075770 0.957056 -0.237904 -0.165668 -0.266928 -0.946106 -0.183395 0.113109 -0.219741 0.968979
4.708882 -42.291545 -2385.304967 -2275.114299 0.925621 -0.335103 -0.175874 -0.359835 -0.923242 -0.134699 0.117236 -0.187965 0.975154
-1.240544 -48.258598 -251.326614 2311.271058 0.964573 -0.201919 -0.169786 -0.244779 -0.925032 -0.290515 0.098396 -0.321783 0.941687
7.692797 -40.641745 -5627.201959 4458.923462 0.904525 -0.394464 -0.161968 0.402164 0.915419 0.016472 0.141771 -0.080037 0.986658
-3.158173 -50.926750 -2609.227370 3441.420411 0.976846 -0.156445 -0.145938 -0.196056 -0.927632 -0.317900 0.085643 -0.339152 0.936825
1.095780 -46.857012 -3982.899648 -2941.906194 0.960308 -0.232516 -0.154096 -0.253006 -0.958669 -0.130161 0.117462 -0.163982 0.979445
-5.189521 -213.436891 1119.995935 4434.417965 -0.799919 0.070769 0.595920 0.326311 0.884683 0.332954 -0.503637 0.460791 -0.730767
-2.191849 -212.578344 -443.380061 -290.677002 -0.806717 0.065728 0.587272 0.188722 0.970409 0.150633 -0.559993 0.232350 -0.795249
-1.864204 -223.165296 -689.265118 1307.421955 0.804679 -0.056873 -0.590980 0.344563 0.855353 0.386843 -0.483495 0.514914 -0.707881
-4.334824 -204.694224 -237.423668 4605.492108 0.811016 -0.072605 -0.580502 0.443137 0.724065 0.528544 -0.381946 0.685899 -0.619402
5.043063 -135.671105 -2564.736368 14210.219259 0.787288 -0.322665 -0.525418 -0.494382 0.178887 -0.850639 -0.368461 -0.929455 0.018684
9.812329 -122.878085 -3553.458048 9855.350406 0.788496 -0.322254 -0.523858 -0.430949 0.318217 -0.844406 -0.438813 -0.891566 -0.112037
5.552088 -119.506051 -2468.532541 8085.839255 0.780700 -0.324194 -0.534233 -0.421477 0.358008 -0.833179 -0.461372 -0.875630 -0.142856
2.900821 -117.209050 -484.089077 2540.573121 0.772507 -0.313259 -0.552360 -0.415478 0.408476 -0.812727 -0.480220 -0.857331 -0.185399
2.521422 -128.408869 -1151.011288 9979.418624 0.782671 -0.318926 -0.534521 -0.478902 0.239995 -0.844426 -0.397591 -0.916891 -0.035102
-16.407788 -112.799369 -6931.225562 -4727.821700 -0.823899 0.012876 0.566590 -0.098392 0.981310 -0.165376 -0.558130 -0.192001 -0.807234
-23.277760 -112.475589 -7368.176078 1257.488936 -0.785621 -0.108695 0.609086 -0.314635 0.917837 -0.242034 -0.532734 -0.381787 -0.755270
-25.724980 -103.519802 -6511.095061 -9440.290282 -0.807768 0.022503 0.589071 -0.150380 0.958345 -0.242820 -0.569997 -0.284727 -0.770736
18.993084 -60.210193 180.199419 1193.532990 0.859786 -0.416424 -0.295567 -0.382644 -0.142084 -0.912905 -0.338160 -0.898000 0.281504
20.974221 -58.821007 4482.915481 1506.618917 0.885112 -0.370021 -0.282244 -0.325164 -0.057836 -0.943887 -0.332934 -0.927221 0.171509
24.385630 -57.260511 -365.655989 2082.625226 0.853232 -0.418765 -0.310855 -0.350382 -0.018784 -0.936419 -0.386300 -0.907900 0.162755
8.787978 -5.047867 8052.600586 -4618.724684 0.426575 0.823045 -0.375008 -0.819279 0.527278 0.225301 -0.383166 -0.211129 -0.899227
-3.628894 -12.439170 5284.036451 -5377.771465 0.164285 0.943224 -0.288686 -0.901556 0.262332 0.344061 -0.400258 -0.203742 -0.893467
12.658872 -10.913612 7773.574038 -3807.606618 0.399933 0.835926 -0.375874 -0.821543 0.508766 0.257342 -0.406351 -0.205877 -0.890221
-24.198879 -40.444753 248.081724 1182.929202 -0.820047 0.308009 0.482342 0.062671 0.886081 -0.459275 -0.568855 -0.346398 -0.745931
-23.151712 -35.553849 1034.191296 -266.449042 -0.779574 0.377619 0.499669 0.127854 0.876947 -0.463268 -0.613122 -0.297267 -0.731925
-24.642910 -36.555544 -374.985822 380.504364 -0.796750 0.444105 0.409828 0.222334 0.846035 -0.484554 -0.561922 -0.294949 -0.772818
1.277332 -110.292796 -1212.160849 8218.138245 0.853493 -0.208978 -0.477366 0.443010 -0.191385 0.875851 0.274394 0.959010 0.070766
-1.843310 -108.659165 -2577.391890 8010.857085 0.866317 -0.193610 -0.460446 0.391998 -0.307785 0.866952 0.309569 0.931549 0.190745
-2.268471 -118.837471 -2588.354581 7750.200989 0.872007 -0.194945 -0.448999 0.443005 -0.075859 0.893304 0.208206 0.977876 -0.020213
2.742510 -98.129690 -898.543496 1905.078051 0.843591 -0.206905 -0.495524 0.405308 -0.359987 0.840318 0.352249 0.909725 0.219822
-0.768559 -117.751158 -1060.814153 8397.819393 0.861147 -0.202408 -0.466323 0.477273 0.006064 0.878734 0.175035 0.979282 -0.101826
1.799998 -114.841809 -1382.256858 8769.530170 0.841621 -0.205266 -0.499539 0.501887 -0.044339 0.863796 0.199457 0.977701 -0.065704
2.804820 -205.835232 417.465785 -35111.550064 0.966430 -0.068191 -0.247714 -0.075895 0.845343 -0.528805 -0.245463 -0.529854 -0.811790
0.129853 -192.092100 1486.887570 -15669.252795 0.969403 -0.066503 -0.236296 -0.017676 0.941194 -0.337405 -0.244839 -0.331258 -0.911220
-0.237608 -228.235554 -103.569385 -11187.406884 -0.959998 0.121371 0.252335 0.079587 0.982280 -0.169682 -0.268458 -0.142812 -0.952646
2.330068 -224.465420 1233.976846 -36136.648176 0.964075 -0.129667 -0.231830 0.026884 0.915908 -0.400487 -0.264265 -0.379867 -0.886490
5.446537 -184.177459 1107.016174 -30934.902980 0.967675 -0.081458 -0.238682 -0.083382 0.789845 -0.607612 -0.238017 -0.607873 -0.757522
8.003315 -172.157450 426.125018 -25487.665605 0.964580 -0.070755 -0.254123 -0.140133 0.678737 -0.720888 -0.223489 -0.730965 -0.644781
4.142613 -171.289537 1871.358331 -28430.345010 0.970401 -0.042165 -0.237789 -0.147888 0.674668 -0.723154 -0.190920 -0.736916 -0.648463
19.924842 -196.996694 3290.241394 -26249.465422 0.897048 -0.260887 -0.356712 0.095680 -0.673367 0.733091 0.431452 0.691748 0.579080
16.167202 -176.988311 2265.416072 -17874.201616 0.890201 -0.318788 -0.325447 0.163461 -0.443298 0.881344 0.425232 0.837772 0.342515
14.658166 -153.778899 2610.515421 -10882.637824 0.879915 -0.314932 -0.355763 0.124893 -0.569128 0.812708 0.458423 0.759546 0.461452
-61.080803 -97.154268 -399.906450 -6244.414719 0.923874 -0.344010 0.167672 -0.008049 0.420570 0.907224 0.382612 0.839511 -0.385785
-55.671499 -88.923978 298.372171 -3855.208932 0.847410 -0.013907 0.530757 -0.445695 0.524624 0.725345 0.288535 0.851220 -0.438374
-64.940788 -90.586880 -3974.940001 -1827.944998 0.910920 -0.201208 0.360195 -0.246078 0.435787 0.865757 0.331166 0.877271 -0.347454
-48.961418 -80.092504 878.290724 -8595.765173 0.795261 0.132471 0.591617 -0.528390 0.629911 0.569224 0.297260 0.765287 -0.570940
122.887578 -102.967949 -28594.183938 -11079.770433 -0.656528 0.689623 -0.305599 0.626123 0.724167 0.289053 0.420642 -0.001571 -0.907225
100.119102 -108.249400 -21788.798713 8049.485258 -0.609829 0.753005 -0.247168 -0.580433 -0.636702 -0.507650 0.539635 0.166115 -0.825348
135.010210 -124.660075 -37976.002125 7402.733968 -0.623762 0.774483 -0.105341 -0.566799 -0.541004 -0.621332 0.538201 0.327856 -0.776434
-47.521888 -79.513813 -227.794926 -2084.585586 0.053220 0.948060 -0.313608 0.993509 -0.081891 -0.078960 -0.100540 -0.307370 -0.946264
-49.032478 -78.931129 -3336.862991 2025.708013 0.041777 0.968371 -0.245994 0.998961 -0.044970 -0.007374 -0.018203 -0.245430 -0.969243
-48.088244 -77.667558 -776.813536 3403.651074 0.083927 0.953253 -0.290285 0.995257 -0.065811 0.071635 0.049183 -0.294921 -0.954255
30.390216 -33.906006 -5974.580169 3403.505004 0.836873 -0.491872 -0.240222 0.142897 -0.227323 0.963278 0.528417 0.840468 0.119953
49.213081 -33.421096 -13449.332961 1892.196160 0.821595 -0.553818 -0.135159 0.012596 -0.219396 0.975555 0.569933 0.803213 0.173279
19.536927 -25.883712 -4459.654207 2587.482179 0.840241 -0.498450 -0.213406 0.076298 -0.280975 0.956677 0.536818 0.820122 0.198056
54.913585 -38.704981 -11879.781447 2245.510301 0.805543 -0.561578 -0.189026 0.107032 -0.175859 0.978580 0.582791 0.808519 0.081555
15.494789 -29.178791 -2250.967295 3435.691063 0.837664 -0.429192 -0.337807 0.210917 -0.316321 0.924908 0.503818 0.846012 0.174447
19.143393 -36.810443 -2973.041696 3555.994450 0.844817 -0.419647 -0.331936 0.239184 -0.258743 0.935865 0.478619 0.870028 0.118218
27.903257 -41.979812 -2772.862336 3921.268764 0.842089 -0.462113 -0.278096 0.214102 -0.186835 0.958777 0.495021 0.866916 0.058392
43.260857 -43.264008 -7692.415571 3302.361603 0.825937 -0.516283 -0.226451 0.177929 -0.142429 0.973681 0.534948 0.844492 0.025776
-17.329393 -37.332957 -3361.886588 3498.294731 -0.688940 0.715225 0.117541 -0.528479 -0.606654 0.593869 -0.496057 -0.347022 -0.795929
-25.068227 -39.002058 -4000.361493 2469.781282 -0.584488 0.805920 0.094169 -0.648852 -0.533923 0.542142 -0.487202 -0.255774 -0.834993
-19.923933 -41.699422 -3230.111637 2856.245802 -0.619785 0.780945 0.077405 -0.633327 -0.555986 0.538309 -0.463426 -0.284613 -0.839185
-8.420015 -21.133850 -4734.495291 1405.500733 0.458295 0.768037 -0.447308 -0.712873 0.618212 0.331098 -0.530827 -0.167134 -0.830837
-14.195792 -23.769280 -5693.735488 2008.293100 0.479684 0.754352 -0.448169 -0.720320 0.630209 0.289787 -0.501042 -0.183819 -0.845676
0.483281 -64.042044 615.615295 -5875.930732 -0.757759 -0.034175 -0.651639 -0.225027 0.951055 0.211795 0.612506 0.307126 -0.728361
1.087351 -60.847988 699.480185 -2966.213572 -0.764677 -0.036539 -0.643377 -0.189119 0.967153 0.169849 0.616038 0.251555 -0.746470
-9.760988 -54.490871 37.345710 -8240.339349 0.803669 0.047535 0.593175 -0.593292 0.141132 0.792519 0.046044 0.988849 -0.141626
-12.518089 -54.205189 730.041615 -9049.689176 0.812362 0.060638 0.579992 -0.583131 0.093189 0.807016 0.005113 0.993800 -0.111063
-16.444079 -55.888915 507.072557 -5083.519422 0.936840 -0.244423 0.250178 -0.208804 0.182987 0.960685 0.280593 0.952246 -0.120393
-12.331121 -54.038109 803.861142 4390.023623 0.924989 -0.257091 0.279820 -0.219130 0.240718 0.945535 0.310446 0.935927 -0.166325
-16.966292 -64.537104 -387.944551 -10937.110795 0.955007 -0.290189 0.061253 -0.025499 0.125426 0.991775 0.295485 0.948714 -0.112383
-14.868907 -52.177865 1518.068071 -3292.937594 0.900814 -0.204336 0.383120 -0.343686 0.203686 0.916729 0.265357 0.957475 -0.113256
-21.147685 -70.241551 -554.206047 -15548.858968 0.945958 -0.211334 0.245970 -0.221275 0.133844 0.965983 0.237066 0.968207 -0.079848
-21.484149 -78.258683 1200.060687 -18967.436274 0.955669 -0.279705 0.091988 -0.064965 0.104415 0.992410 0.287187 0.954391 -0.081615
-1.008538 -151.383181 49.159483 -4183.809867 0.848470 -0.234301 0.474555 0.520997 0.527446 -0.671090 0.093065 -0.816642 -0.569592
4.744258 -82.897093 -1423.647733 -26.498321 0.913380 -0.359770 0.190534 -0.404879 -0.753831 0.517505 0.042552 0.549822 0.834198
40.961304 -52.139711 8594.517932 1053.604549 -0.899088 0.348456 0.264988 0.223508 0.885866 -0.406554 -0.376410 -0.306301 -0.874354
40.758286 -53.928084 8842.752469 3394.997964 -0.878711 0.391901 0.272544 0.301058 0.898059 -0.320709 -0.370446 -0.199759 -0.907120
-14.513233 -18.557708 -56.462586 4646.174306 0.907188 -0.057623 -0.416761 -0.089546 0.941435 -0.325086 0.411086 0.332233 0.848899
-13.858238 -26.106577 15.707943 6456.999266 0.897132 -0.261546 -0.356017 0.115325 0.916614 -0.382777 0.426444 0.302344 0.852487
-4.077298 -113.103406 -474.699768 -7106.726871 0.244680 0.845269 -0.475029 0.670869 -0.501305 -0.546469 0.700047 0.184972 0.689724
3.916411 -55.694668 429.669555 -3251.887180 0.769162 0.047291 0.637302 -0.462002 0.730159 0.503410 0.441525 0.681638 -0.583459
1.133332 -51.371081 1367.653226 40.663515 0.753133 0.046964 0.656190 -0.515923 0.661046 0.544831 0.408184 0.748874 -0.522085
2.768601 -50.527312 1034.020922 1014.294651 0.779426 0.031762 0.625688 -0.504164 0.624664 0.596333 0.371905 0.780247 -0.502893
2.668704 -55.371726 2043.122140 -1078.321072 0.742875 0.052631 0.667358 -0.466958 0.755063 0.460251 0.479674 0.653537 -0.585493
11.496932 -32.404858 -2829.215576 3432.187766 0.826427 -0.353503 -0.438240 0.309154 -0.365620 0.877922 0.470577 0.861022 0.192871
23.287840 -44.688665 -4157.535988 3299.003174 0.850843 -0.402840 -0.337322 0.283256 -0.189040 0.940228 0.442529 0.895535 0.046736
71.600735 -54.992175 -48017.986264 2262.062500 0.592777 0.608930 -0.527086 0.687787 -0.042262 0.724681 0.419004 -0.792097 -0.443866
5.428938 -51.433380 7116.270938 -1970.953687 0.360213 0.918034 -0.165713 -0.876363 0.393897 0.277189 -0.319742 -0.045378 -0.946417
21.200168 -54.475942 10575.817566 -1416.071681 0.355549 0.918023 -0.175554 -0.878407 0.392381 0.272834 -0.319352 -0.057202 -0.945908
33.048593 -57.890446 8999.703217 536.923523 0.290923 0.934359 -0.205762 -0.913032 0.335399 0.232119 -0.285895 -0.120338 -0.950675
0.553011 -459.467090 -261.488025 -26746.727271 0.208808 0.789969 -0.576496 0.673443 0.311302 0.670497 -0.709136 0.528242 0.466997
-8.572524 -482.823652 -4435.090709 -116938.812011 0.215550 0.797110 -0.564050 0.281057 0.502542 0.817593 -0.935171 0.334763 0.115710
4.663945 -2647.336936 4381.138462 431170.292119 0.177159 0.982518 -0.057205 0.502852 -0.140329 -0.852905 0.846023 -0.122335 0.518922
-33.584890 -3474.709020 -26528.994759 445251.806096 -0.321997 -0.932444 0.163909 0.946555 -0.320505 0.036207 0.018773 0.166807 0.985811
-55.369397 -1502.882135 -20671.535003 -118726.596301 -0.303565 -0.938261 0.165874 0.949941 -0.284527 0.129065 -0.073901 0.196750 0.977665
-5625.346088 -69672.558183 -2592508.483806 -84127695.363763 0.679004 0.146908 0.719286 0.720990 0.051133 -0.691056 -0.138301 0.987828 -0.071199
-879.302537 -2071.996593 253703.817094 1888747.360625 0.636081 -0.711163 -0.299412 0.405676 -0.021861 0.913755 0.656374 0.702687 -0.274597
9.093510 -34.085932 6946.297600 -2196.599006 -0.367029 0.929993 -0.020043 -0.926191 -0.367360 -0.084959 0.086374 0.012619 -0.996183
-3.907487 -13.706537 2008.917877 668.037299 0.073200 0.877347 -0.474241 0.993404 -0.106224 -0.043182 -0.088261 -0.467952 -0.879336
-3.487832 -9.403416 4740.390450 1790.098562 -0.138583 0.882539 -0.449355 0.988188 0.093258 -0.121601 -0.065411 -0.460899 -0.885039
-2.303970 -7.239941 3063.881186 298.462629 0.809254 0.493826 -0.318189 -0.585954 0.717274 -0.377062 -0.042025 -0.491583 -0.869816
1.459045 -13.437624 4058.968142 492.041139 -0.153852 0.882355 -0.444723 0.984242 0.097150 -0.147747 -0.087160 -0.460446 -0.883398
-1.827145 -13.125367 -1246.089281 2208.725952 0.062682 0.864291 -0.499071 0.996237 -0.084173 -0.020646 -0.059853 -0.495899 -0.866315
