15387
30763
-31.137936 -52.658764 -802.644226 -4675.777912 -0.648730 -0.293319 0.702220 -0.226075 0.955360 0.190203 -0.726664 -0.035364 -0.686083
-27.446623 -48.190716 -1746.659477 -5694.988790 -0.712008 -0.242165 0.659091 -0.268302 0.961250 0.063342 -0.648891 -0.131735 -0.749391
-27.265753 -41.776008 -42.054419 -3400.828791 -0.474300 -0.617273 0.627705 -0.516768 0.772454 0.369141 -0.712734 -0.149294 -0.685362
-22.553296 -31.865621 384.123107 -2357.126118 0.413910 0.721299 -0.555343 -0.669138 0.654692 0.351614 -0.617198 -0.226065 -0.753632
-31.143281 -49.344531 265.607598 -2525.354891 -0.505853 -0.536803 0.675245 -0.330753 0.843655 0.422905 -0.796690 -0.009411 -0.604315
-26.483762 -44.129301 -359.364195 -2886.615230 0.342118 0.711072 -0.614273 -0.515925 0.688517 0.509672 -0.785351 -0.142551 -0.602414
-22.916806 -34.938745 11.434895 -1795.439314 0.180149 0.849739 -0.495469 -0.675479 0.473031 0.565658 -0.715034 -0.232776 -0.659197
-3.141541 -39.968175 -5786.483189 10261.764423 0.522689 0.756390 -0.393282 -0.280589 0.588245 0.758444 -0.805026 0.286079 -0.519704
-15.524225 -40.527853 -1411.085853 8271.780387 0.572411 0.784813 -0.237516 -0.410038 0.524818 0.745945 -0.710081 0.329596 -0.622215
-13.630915 -55.677034 -1862.758147 4435.398647 0.596171 0.716006 -0.363201 -0.432392 0.667517 0.606184 -0.676474 0.204344 -0.707550
-20.133375 -60.726549 817.957629 -722.493441 0.634514 0.715309 -0.292788 -0.569136 0.688709 0.449182 -0.522950 0.118376 -0.844104
-13.096068 -61.736010 2792.961408 -984.701367 -0.601167 -0.659257 0.451639 -0.501012 0.751235 0.429690 -0.622563 0.032039 -0.781914
-4.872764 -57.101155 6099.289696 4807.924543 -0.542644 -0.669950 0.506660 -0.359755 0.730440 0.580546 -0.759021 0.132756 -0.637387
9.821483 -57.046376 5331.423657 1136.595046 0.231109 0.826347 -0.513555 -0.461078 -0.371783 -0.805720 0.856735 -0.422998 -0.295088
3.863626 -50.842840 5268.994317 -616.834665 0.258757 0.863940 -0.432032 -0.549545 -0.236159 -0.801392 0.794383 -0.444787 -0.413666
22.266788 -55.946001 4396.655156 798.025247 0.318450 0.827049 -0.463228 -0.595922 -0.205368 -0.776338 0.737201 -0.523273 -0.427457
2.634162 -57.606384 5325.357670 2304.152116 0.187748 0.791988 -0.580953 -0.327672 -0.507085 -0.797180 0.925949 -0.340031 -0.164308
-8.837329 -53.203499 4910.473302 1542.859025 0.200661 0.811605 -0.548665 -0.365335 -0.457661 -0.810602 0.908991 -0.363103 -0.204673
24.572820 -63.491747 5243.036102 1598.280405 0.251082 0.766178 -0.591548 -0.330555 -0.506518 -0.796350 0.909776 -0.395488 -0.126086
45.579863 -55.251779 -3785.502875 -2180.881933 0.807016 0.500630 0.313200 -0.365106 0.006140 0.930946 -0.464136 0.865640 -0.187738
46.068358 -48.915864 -4551.373624 -2927.359701 0.736239 0.655860 0.166736 -0.349193 0.157140 0.923781 -0.579670 0.738346 -0.344714
90.594489 -45.925410 -12277.466780 -5632.245189 0.763008 0.555003 0.331347 -0.510316 0.202596 0.835782 -0.396732 0.806800 -0.437810
75.070404 -54.668883 -8609.172890 -4600.012468 0.796924 0.388651 0.462452 -0.526137 0.070432 0.847478 -0.296802 0.918689 -0.260613
41.186281 -58.024623 -2556.058954 -850.908973 0.830058 0.338534 0.443168 -0.417407 -0.149851 0.896279 -0.369830 0.928945 -0.016921
26.461486 -58.108445 522.297655 2358.021720 0.850148 0.430097 0.303753 -0.208036 -0.255579 0.944140 -0.483704 0.865850 0.127805
-3.124778 -23.001060 -936.863620 -173.206818 -0.762033 -0.282410 0.582710 -0.303613 0.950664 0.063692 -0.571949 -0.128383 -0.810181
-5.521709 -24.129794 -325.134863 -364.571295 -0.748754 -0.267004 0.606693 -0.269811 0.958794 0.088973 -0.605449 -0.097073 -0.789942
-1.327725 -23.570730 -1437.169241 -265.592828 -0.753239 -0.331310 0.568212 -0.285137 0.942959 0.171830 -0.592729 -0.032589 -0.804742
0.051875 -22.589294 -1631.531627 -207.849880 -0.742474 -0.366392 0.560794 -0.336569 0.927861 0.160606 -0.579184 -0.069500 -0.812229
8.242640 -22.487814 -960.100038 701.593583 0.540842 0.116260 -0.833051 0.716342 -0.582748 0.383744 -0.440844 -0.804294 -0.398456
11.320471 -23.296788 -1191.203774 732.114800 0.574457 0.116309 -0.810229 0.707597 -0.568151 0.420131 -0.411467 -0.814663 -0.408679
11.969281 -25.963890 -1127.082233 688.012715 0.539460 0.147866 -0.828926 0.689261 -0.643003 0.333867 -0.483634 -0.751454 -0.448793
2.297869 -33.597400 -304.251653 218.468731 0.614049 0.533483 -0.581669 -0.524731 0.826452 0.204047 0.589577 0.179925 0.787417
1.383812 -33.320106 -162.481653 314.656006 0.629273 0.503802 -0.591776 -0.590947 0.804716 0.056695 0.504775 0.314032 0.804106
1.519481 -32.623100 -188.664862 62.355631 0.614391 0.524656 -0.589287 -0.576493 0.808433 0.118715 0.538683 0.266782 0.799155
0.878259 -32.563224 -28.061153 -202.706697 0.636288 0.496528 -0.590422 -0.629719 0.776397 -0.025709 0.445637 0.388159 0.806685
2.550692 -32.560904 -458.078309 118.137955 0.593528 0.558425 -0.579557 -0.527502 0.813790 0.243899 0.607837 0.160957 0.777577
1.958774 -31.598246 -222.516645 49.813896 0.591141 0.543788 -0.595690 -0.584212 0.797879 0.148609 0.556101 0.260160 0.789347
0.530616 -31.897181 -54.081105 -197.485421 0.616184 0.510236 -0.599980 -0.633291 0.773875 0.007725 0.468251 0.375202 0.799978
-14.484421 -43.422032 1179.691512 4609.425169 0.809940 -0.009435 -0.586437 0.418288 -0.691600 0.588833 0.411135 0.722219 0.556208
-16.724707 -58.430706 -65.351657 5826.421331 0.791577 0.072887 -0.606707 0.540078 -0.547927 0.638821 0.285869 0.833345 0.473091
-14.284288 -43.296661 706.695391 4482.989884 0.776308 0.090630 -0.623805 0.506495 -0.678791 0.531700 0.375245 0.728717 0.572854
-10.534722 -30.678901 914.772723 1791.227172 0.788433 0.064544 -0.611725 0.444731 -0.746849 0.494399 0.424956 0.661854 0.617545
-6.934905 -72.032839 18.731033 -969.085249 0.824014 0.100511 -0.557582 0.412263 -0.781440 0.468392 0.388638 0.615832 0.685355
-5.345882 -68.124810 -525.699210 -387.086460 0.847972 0.094156 -0.521612 0.398029 -0.762985 0.509340 0.350024 0.639522 0.684467
-7.528334 -72.975519 -536.098896 -111.167305 0.840399 0.120451 -0.528413 0.331371 -0.885714 0.325122 0.428862 0.448333 0.784267
-3.025573 -67.494160 -332.271259 -1406.985734 0.877444 0.076578 -0.473526 0.329031 -0.814411 0.477989 0.349042 0.575213 0.739797
-2.831528 -61.319155 -561.148600 -2260.211138 0.879106 0.073764 -0.470884 0.399271 -0.653519 0.643037 0.260299 0.753308 0.603964
-0.770203 -59.375938 201.774613 -1837.237510 0.883874 0.038743 -0.466117 0.369848 -0.667943 0.645805 0.286319 0.743203 0.604707
-0.130245 -52.118588 62.103699 -2839.320502 0.885223 0.038536 -0.463569 0.423953 -0.476947 0.769925 0.191428 0.878087 0.438542
-1.449482 -65.776026 -44.681020 -1262.100408 0.882115 0.056690 -0.467611 0.302608 -0.828974 0.470350 0.360973 0.556406 0.748406
0.610746 -60.025168 -71.534295 -748.695095 0.893107 0.035892 -0.448411 0.317708 -0.756022 0.572269 0.318469 0.653561 0.686612
1.125655 -51.898194 204.321411 -2653.903308 0.891991 0.019822 -0.451618 0.402729 -0.488629 0.773984 0.205332 0.872267 0.443836
1.111998 -54.854062 -239.939437 -1523.475473 0.896738 0.035864 -0.441107 0.366239 -0.619696 0.694152 0.248457 0.784022 0.568839
-3.979459 -30.661715 -459.388028 -14.473707 -0.527084 -0.591688 0.609990 0.765021 -0.642918 0.037416 0.370035 0.486376 0.791525
-6.433199 -30.851763 -717.168284 -298.898678 -0.504765 -0.619302 0.601396 0.817720 -0.566294 0.103176 0.276670 0.543853 0.792261
-6.649137 -31.290270 -854.700810 -42.553866 -0.503368 -0.618573 0.603314 0.771623 -0.636026 -0.008318 0.388868 0.461344 0.797461
-6.571647 -31.344402 896.124599 -325.867323 0.514977 0.613424 -0.598757 -0.717226 0.690881 0.090935 0.469452 0.382615 0.795752
-3.862007 -30.419524 536.672579 13.625437 0.542178 0.576876 -0.610948 -0.694186 0.717194 0.061150 0.473444 0.390958 0.789306
6.908539 -31.337171 3286.995520 1789.859398 0.781848 -0.118710 0.612063 0.230774 0.967081 -0.107224 -0.579187 0.225081 0.783506
18.339965 -25.363665 2060.511781 1064.962202 0.705010 -0.155697 0.691895 0.239570 0.970538 -0.025711 -0.667508 0.183884 0.721540
14.446842 -22.979312 1466.444352 489.137148 0.728411 -0.025578 0.684663 0.206516 0.961023 -0.183810 -0.653275 0.275283 0.705302
9.444749 -26.066752 2520.479571 280.308806 0.790439 0.028794 0.611864 0.167224 0.950806 -0.260774 -0.589273 0.308444 0.746739
1.512380 -30.614006 3823.841985 668.448248 0.818174 0.005756 0.574942 0.183071 0.945301 -0.269984 -0.545047 0.326149 0.772367
-4.947570 -40.488679 2950.951113 2715.312177 0.767391 -0.199202 0.609450 0.284927 0.957453 -0.045818 -0.574393 0.208810 0.791499
-0.669741 -89.401489 292.579793 2948.790357 -0.689583 0.546023 -0.475746 -0.097173 0.581217 0.807926 0.717658 0.603362 -0.347739
-1.511851 -81.478675 -122.722373 3726.452801 0.686070 -0.556915 0.468137 -0.251882 0.421840 0.870980 0.682541 0.715469 -0.149135
-2.056699 -91.814188 189.613064 4370.126456 -0.684633 0.552327 -0.475618 -0.081465 0.590453 0.802950 0.724321 0.588472 -0.359249
0.334885 -43.209965 1372.017047 516.213739 0.561263 0.748713 -0.352721 0.770363 -0.316821 0.553323 0.302531 -0.582282 -0.754601
2.840633 -43.156584 1514.041887 648.348575 0.563204 0.745193 -0.357054 0.748946 -0.277793 0.601590 0.349113 -0.606233 -0.714564
1.141225 -41.081497 1198.743103 632.359241 0.551199 0.748220 -0.369252 0.726631 -0.212938 0.653196 0.410107 -0.628351 -0.661050
-2.873647 -99.660021 -447.350734 -8062.574088 0.679360 -0.353028 0.643305 0.733067 0.365818 -0.573402 -0.032905 0.861132 0.507315
-1.784372 -96.488000 1002.288134 -4928.238993 0.668432 -0.404797 0.623970 0.743732 0.372592 -0.555012 -0.007819 0.835054 0.550113
-1.261369 -100.627066 452.970703 -7436.720979 0.682476 -0.373831 0.628074 0.725693 0.244110 -0.643257 0.087150 0.894797 0.437886
-1.866379 -137.242692 -415.358893 -15954.255865 0.674421 -0.336738 0.657088 0.716163 0.081831 -0.693119 0.179629 0.938036 0.296348
-5.966286 -122.023081 -351.185240 -13256.088567 -0.662544 0.424154 -0.617356 0.325827 0.905353 0.272346 0.674442 -0.020710 -0.738038
-5.704945 -92.155224 -228.291477 -3963.832138 -0.656232 0.460290 -0.597907 0.512647 0.853402 0.094324 0.553672 -0.244617 -0.795996
-6.282057 -105.952946 -31.542086 -7973.299970 -0.674250 0.444275 -0.589920 0.420892 0.887550 0.187363 0.606824 -0.121963 -0.785423
-4.683666 -87.441548 -528.454498 -5144.057213 -0.642156 0.441795 -0.626460 0.430871 0.883931 0.181703 0.634023 -0.153242 -0.757979
-4.132236 -112.550640 -326.922872 -8797.026143 -0.657928 0.405637 -0.634499 0.193310 0.905275 0.378297 0.727847 0.126238 -0.674019
-19.453555 -23.323823 46.248277 -1256.668055 0.977051 -0.101465 -0.187284 -0.160342 0.228446 -0.960262 -0.140217 -0.968255 -0.206934
-16.792142 -26.485265 512.425708 -765.572285 0.953937 -0.003780 -0.299985 -0.283689 0.313926 -0.906075 -0.097598 -0.949440 -0.298393
-17.480586 -23.806478 700.587650 -347.198325 0.814042 0.077001 -0.575679 -0.577532 0.212402 -0.788253 -0.061579 -0.974144 -0.217375
-18.713831 -21.389360 -1080.189091 -542.873911 0.011130 0.129066 -0.991573 0.990951 -0.134073 -0.006328 -0.133760 -0.982531 -0.129391
-19.328321 -22.079358 -103.765297 -5.343486 -0.662764 0.233183 -0.711596 0.723234 -0.046990 -0.689002 -0.194101 -0.971297 -0.137502
4.636904 -214.689562 388.170429 12905.942555 0.601371 -0.527293 0.600262 0.434083 0.846368 0.308598 -0.670765 0.074982 0.737870
3.018658 -219.121260 -369.281098 -4552.024932 0.574883 -0.551986 0.604004 0.090273 0.776459 0.623669 -0.813241 -0.304011 0.496202
2.598110 -213.895398 -756.232640 237.497969 0.583279 -0.515324 0.627875 0.286686 0.853846 0.434464 -0.759998 -0.073410 0.645766
3.387790 -194.925777 -700.731800 8469.628392 0.595156 -0.493335 0.634358 0.573665 0.813617 0.094529 -0.562759 0.307649 0.767238
17.030599 -326.343336 227.882688 -16327.121414 0.563716 -0.674846 0.476242 0.640885 0.721100 0.263214 -0.521047 0.156838 0.838994
28.113000 -457.064860 -2253.990684 -94802.073318 0.569570 -0.666258 0.481342 0.280633 0.708056 0.647998 -0.772551 -0.234000 0.590262
13.636131 -500.921256 -1693.869705 -69343.789997 0.609457 -0.580558 0.539921 0.527485 0.805339 0.270534 -0.591880 0.119921 0.797055
16.416372 -30.164158 637.145063 -287.189552 0.773902 0.479788 -0.413376 -0.621990 0.698665 -0.353548 -0.119183 -0.530727 -0.839121
18.784762 -27.882476 -620.123865 -982.033602 0.768553 0.432841 -0.471142 -0.633699 0.616353 -0.467477 -0.088047 -0.657843 -0.747991
16.833391 -27.268283 1539.793811 -959.082887 0.775205 0.501321 -0.384362 -0.631705 0.617465 -0.468706 -0.002358 -0.606147 -0.795349
10.010641 -29.338766 2462.948491 -934.756499 0.757591 0.562457 -0.331207 -0.652244 0.632752 -0.417377 0.025185 -0.532229 -0.846226
-5.680829 -15.224645 -297.251527 -582.319084 -0.086574 0.009580 0.996199 0.878658 0.472019 0.071820 -0.469537 0.881536 -0.049282
-4.346085 -13.648487 -24.876901 -640.721356 -0.153455 -0.037079 0.987460 0.837662 0.525217 0.149898 -0.524189 0.850160 -0.049537
-6.311723 -14.123347 43.776610 -674.478939 -0.251080 -0.114726 0.961143 0.825437 0.493254 0.274507 -0.505581 0.862287 -0.029147
-7.907735 -15.369264 -338.697123 -511.079415 -0.204787 -0.077430 0.975739 0.869155 0.444068 0.217656 -0.450147 0.892641 -0.023641
22.028716 -1.735229 1583.152307 -4235.786367 0.902537 0.150823 -0.403334 -0.422214 0.125875 -0.897714 0.084627 -0.980514 -0.177286
19.287153 -13.473645 1256.645180 -2015.557694 0.832953 0.183138 -0.522159 -0.550412 0.177220 -0.815867 0.056879 -0.966982 -0.248417
22.202109 -5.521401 649.953234 -3100.469092 0.903352 0.076893 -0.421950 -0.428890 0.155313 -0.889905 0.002893 -0.984868 -0.173281
23.219912 7.697822 512.093613 -3882.341396 0.955199 0.022086 -0.295140 -0.295412 0.132080 -0.946196 -0.018084 -0.990993 -0.132687
-7.627213 -21.219204 -434.917195 -555.564234 0.871993 -0.087134 -0.481701 -0.374112 0.516006 -0.770570 -0.315704 -0.852142 -0.417356
-8.610064 -22.385423 -458.588664 -283.760443 0.887077 -0.076992 -0.455155 -0.335719 0.569147 -0.750576 -0.316838 -0.818624 -0.479029
-8.411481 -20.312051 -434.322415 -727.060350 0.885180 -0.068260 -0.460214 -0.373991 0.483995 -0.791126 -0.276743 -0.872404 -0.402894
-6.855192 -18.781921 -455.175939 -835.180741 0.852997 -0.070623 -0.517116 -0.432752 0.458166 -0.776408 -0.291757 -0.886057 -0.360252
-6.771452 -20.643670 -152.117133 -625.023575 0.845902 -0.085222 -0.526485 -0.411592 0.523468 -0.746038 -0.339177 -0.847772 -0.407727
-6.191200 -20.027013 890.449613 544.261642 -0.587249 -0.574227 0.570440 -0.670834 0.739643 0.053953 -0.452903 -0.350987 -0.819565
-5.069695 -19.181767 835.784604 552.711273 -0.605185 -0.556237 0.569519 -0.628182 0.773123 0.087572 -0.489019 -0.304765 -0.817300
-7.753055 -19.904623 -344.988717 693.341047 0.486294 0.706927 -0.513588 -0.747935 0.640657 0.173645 -0.451788 -0.299687 -0.840283
-6.714362 -19.714437 6.146803 413.866821 0.423257 0.773017 -0.472544 -0.772702 0.580320 0.257215 -0.473059 -0.256268 -0.842937
-8.806767 -22.172933 655.246734 476.348812 0.311310 0.855991 -0.412754 -0.871894 0.430040 0.234234 -0.378004 -0.286959 -0.880209
7.907228 -135.084195 860.143671 -4298.521061 0.922504 0.221043 -0.316426 0.036009 0.766925 0.640726 -0.384303 0.602466 -0.699532
4.933645 -127.286910 -686.356168 -8006.599658 -0.923066 -0.216877 0.317669 -0.085441 0.920860 0.380416 -0.375033 0.324007 -0.868545
3.877194 -131.776835 822.294471 -3691.388904 0.928485 0.178499 -0.325658 0.072579 0.772784 0.630506 -0.364208 0.609051 -0.704563
6.426268 -139.957381 865.571289 3719.928012 0.920295 0.172174 -0.351301 0.231567 0.484031 0.843855 -0.315331 0.857945 -0.405582
-62.262980 -1056.283684 2403.474358 173607.009277 0.327280 -0.827342 0.456501 0.839551 0.032895 -0.542283 0.433637 0.560735 0.705362
-18.297363 -376.936585 -2476.528915 68445.692602 -0.464537 0.779544 -0.420138 0.497911 -0.162416 -0.851884 0.732318 0.604923 0.312695
11.230362 -1779.305364 -6230.667801 490201.898409 -0.590691 0.731673 -0.340204 0.357211 -0.140936 -0.923329 0.723522 0.666927 0.178113
10.091598 -78.558867 -721.816658 9720.590670 -0.515143 0.765294 -0.385944 0.001073 -0.449712 -0.893173 0.857103 0.460526 -0.230845
7.530536 -54.930093 -960.580215 6908.767903 -0.511008 0.765255 -0.391478 -0.155834 -0.530361 -0.833327 0.845332 0.364831 -0.390271
7.166621 -98.747788 -1137.557691 16164.240945 -0.472041 0.778204 -0.414217 0.006302 -0.466868 -0.884304 0.881554 0.420039 -0.215476
9.883196 -56.022614 -365.000076 5191.998221 -0.561104 0.727807 -0.394282 -0.121413 -0.543546 -0.830552 0.818793 0.418155 -0.393351
8.684974 -80.739077 402.265073 8201.672925 -0.585278 0.718321 -0.376118 0.017100 -0.452828 -0.891434 0.810652 0.528168 -0.252747
2.898046 -27.896281 332.829670 608.713786 -0.656583 -0.318802 0.683567 0.275814 0.742032 0.610995 -0.702015 0.589706 -0.399276
3.802264 -29.028617 352.794475 405.341588 -0.663064 -0.331576 0.671121 0.203752 0.782751 0.588035 -0.720299 0.526647 -0.451455
3.586668 -27.637018 -38.571707 660.976802 -0.680821 -0.323329 0.657222 0.238543 0.750494 0.616324 -0.692517 0.576383 -0.433824
0.410674 -28.920299 1479.154051 759.748286 -0.480534 -0.634879 0.604992 0.876362 -0.321819 0.358362 -0.032819 0.702397 0.711029
-0.312384 -33.230645 365.548143 1867.624820 -0.577515 -0.583365 0.571105 0.812388 -0.341562 0.472612 -0.080638 0.736899 0.671176
-1.730648 -25.519646 -595.949946 981.302565 -0.488824 -0.600096 0.633195 0.872085 -0.317203 0.372625 -0.022760 0.734349 0.678391
-0.615787 -21.182636 441.159509 633.735326 -0.324705 -0.666334 0.671242 0.944553 -0.265109 0.193746 0.048853 0.696934 0.715469
31.405088 -41.055233 354.933644 2389.088527 0.935464 -0.127257 -0.329717 0.245039 -0.438746 0.864556 0.254683 0.889555 0.379248
40.649851 -60.472242 -3008.058168 7350.207155 0.962859 -0.020211 -0.269246 0.246316 -0.342697 0.906580 0.110593 0.939229 0.324991
36.578211 -54.768059 3846.503209 6019.208910 0.926378 -0.243778 -0.287046 0.203266 -0.317983 0.926051 0.317027 0.916220 0.245021
29.859264 -46.304541 -3367.294159 2793.025491 0.947810 0.069560 -0.311155 0.310120 -0.427757 0.849029 0.074040 0.901213 0.427004
-4.104954 -17.815592 545.828197 2156.846525 -0.469445 0.242645 -0.848967 0.843074 0.408907 -0.349315 0.262389 -0.879726 -0.396527
-3.263290 -16.032173 240.008981 2405.145725 -0.598814 0.184367 -0.779378 0.753911 0.458148 -0.470869 0.270258 -0.869545 -0.413342
-6.349032 -12.534234 306.054355 1448.951569 -0.323522 0.314571 -0.892400 0.898083 0.399068 -0.184910 0.297961 -0.861272 -0.411618
-7.930173 -14.950983 583.757939 1245.253453 -0.155285 0.365951 -0.917588 0.942934 0.331865 -0.027220 0.294554 -0.869452 -0.396601
-7.344458 -12.930923 676.951037 -842.808009 0.317638 0.496397 -0.807896 0.890578 0.136336 0.433916 0.325540 -0.857323 -0.398775
2.534976 -29.858221 1814.194364 132.710064 0.856869 0.346339 -0.381871 -0.322940 0.937985 0.126073 0.401853 0.015293 0.915577
2.931070 -31.067968 1245.464774 49.957269 0.848828 0.396584 -0.349589 -0.325366 0.913079 0.245810 0.416687 -0.094906 0.904082
5.840097 -30.945296 850.096472 235.789434 0.842774 0.423638 -0.332060 -0.391999 0.905816 0.160730 0.368876 -0.005292 0.929464
-0.535830 -40.456938 -708.717315 647.981804 0.675304 0.690560 -0.259019 0.015315 -0.364248 -0.931176 0.737381 -0.624860 0.256554
-2.122367 -41.889601 -49.514497 963.044993 0.654210 0.716858 -0.241089 0.032578 -0.345183 -0.937970 0.755611 -0.605775 0.249176
-0.980798 -41.130294 -285.857709 1202.959607 0.661412 0.702193 -0.263550 0.071506 -0.408826 -0.909807 0.746606 -0.582912 0.320613
0.493481 -39.718005 -945.703415 -37.206751 0.687746 0.670848 -0.277431 0.128749 -0.488819 -0.862832 0.714443 -0.557691 0.422554
0.658333 -39.078670 -624.799417 442.791080 0.675623 0.685496 -0.271347 0.020487 -0.385369 -0.922535 0.736963 -0.617727 0.274407
0.220702 -38.278165 -591.256100 175.791576 0.675620 0.693390 -0.250495 -0.050678 -0.295286 -0.954064 0.735506 -0.657279 0.164361
21.226000 -43.112614 -1090.527646 2981.265221 0.939520 0.221408 -0.261306 -0.339096 0.494125 -0.800534 0.048127 -0.840725 -0.539319
20.933274 -44.423690 -3431.689506 654.934220 0.940439 0.123152 -0.316871 -0.325431 0.595704 -0.734324 -0.098328 -0.793707 -0.600301
16.437048 -44.984321 -2977.051391 2182.625960 0.925534 0.141573 -0.351204 -0.372365 0.508747 -0.776222 -0.068781 -0.849196 -0.523580
20.511872 -47.321744 -3174.748906 3626.250159 0.923897 0.164743 -0.345360 -0.382551 0.417187 -0.824384 -0.008268 -0.893764 -0.448461
10.113368 -52.426028 -2255.279694 1307.832240 0.910245 0.174431 -0.375537 -0.414046 0.393171 -0.820964 -0.004448 -0.902768 -0.430104
-1.487719 -105.804006 199.361995 -5808.831656 0.832783 0.504397 -0.228159 -0.536850 0.635196 -0.555264 0.135148 -0.584902 -0.799766
0.879661 -108.447542 -505.274524 -6066.084337 0.846458 0.487694 -0.213690 -0.530765 0.740886 -0.411554 0.042392 -0.461782 -0.885980
-1.124681 -112.471459 -23.115717 -3072.688616 0.849836 0.479219 -0.219380 -0.524585 0.809294 -0.264298 -0.050886 -0.339694 -0.939159
-1.771833 -119.428778 194.051745 -4136.323935 0.835074 0.500818 -0.227668 -0.542587 0.681447 -0.491151 0.090833 -0.533677 -0.840796
-1.111458 -98.796603 670.268516 -620.617306 0.789088 0.555558 -0.262099 -0.562648 0.482444 -0.671323 0.246511 -0.677203 -0.693274
-5.519379 -50.738026 -142.789169 732.208923 0.889740 0.226024 -0.396579 -0.421410 0.072829 -0.903941 0.175431 -0.971395 -0.160047
-6.431363 -51.101450 517.160596 566.478825 0.879646 0.258309 -0.399373 -0.443533 0.142268 -0.884894 0.171758 -0.955529 -0.239714
-7.518539 -54.507133 103.897450 1751.244815 0.883741 0.261225 -0.388283 -0.394718 -0.029635 -0.918324 0.251396 -0.964823 -0.076921
-5.328693 -51.669287 -247.174741 -770.368558 0.879861 0.227050 -0.417484 -0.465359 0.233513 -0.853764 0.096359 -0.945474 -0.311118
-5.897535 -54.189519 18.742042 1826.016041 0.895577 0.229217 -0.381316 -0.372151 -0.083735 -0.924387 0.243815 -0.969767 -0.010313
-5.210526 -52.494263 -804.229545 1210.904086 0.909072 0.184972 -0.373327 -0.375652 -0.023665 -0.926458 0.180204 -0.982459 -0.047972
-4.854622 -51.423175 -751.500319 -445.180825 0.894004 0.193097 -0.404316 -0.430873 0.122973 -0.893995 0.122907 -0.973443 -0.193138
5.837287 -24.766522 -361.554198 849.523889 0.748102 0.267219 -0.607402 -0.405178 0.908840 -0.099201 0.525523 0.320319 0.788176
6.427041 -24.739030 362.928337 1080.413491 0.711026 0.294625 -0.638465 -0.435827 0.897199 -0.071339 0.551811 0.328985 0.766337
8.179176 -28.765989 -428.886474 1013.195207 0.739782 0.270280 -0.616175 -0.353997 0.935129 -0.014824 0.572197 0.229090 0.787469
6.529379 -28.659849 -612.123811 853.927857 0.762340 0.252022 -0.596089 -0.328923 0.944112 -0.021496 0.557358 0.212455 0.802630
5.102295 -25.322902 -703.811404 636.581446 0.772186 0.248184 -0.584922 -0.379593 0.918418 -0.111433 0.509547 0.308079 0.803398
-0.616935 -111.011225 271.877573 5587.985956 0.742565 -0.142669 0.654403 -0.549172 0.429626 0.716821 0.383416 0.891666 -0.240675
-1.685985 -111.010958 390.347344 6663.861919 0.749511 -0.147840 0.645273 -0.553133 0.395666 0.733139 0.363700 0.906417 -0.214781
-0.628868 -95.938357 651.008269 1473.971637 0.750479 -0.160821 0.641029 -0.620692 0.161620 0.767216 0.226987 0.973661 -0.021472
0.373680 -100.907835 329.997580 1383.690629 0.740629 -0.139579 0.657257 -0.618145 0.241881 0.747924 0.263373 0.960214 -0.092864
0.016779 -99.916389 283.859765 -3185.611276 0.775453 -0.128634 0.618164 -0.625552 -0.023516 0.779828 0.085775 0.991413 0.098703
-0.887047 -95.160059 954.155153 -2652.008311 0.789715 -0.153364 0.593995 -0.611915 -0.127929 0.780509 0.043713 0.979854 0.194873
-1.546147 -89.034344 711.593407 1271.289277 0.770284 -0.159757 0.617366 -0.624135 0.009764 0.781255 0.130839 0.987108 0.092189
-11.151143 -29.533467 -1285.132353 234.917243 0.964856 0.051938 -0.257594 0.008112 0.973919 0.226753 0.262653 -0.220873 0.939270
-3.253015 -30.439458 -2813.192962 -168.548222 0.975587 -0.014728 -0.219119 -0.077568 -0.956549 -0.281066 0.205458 -0.291201 0.934339
-11.798210 -30.182037 -2293.692601 -139.428466 0.970962 -0.006371 -0.239150 -0.086860 -0.940818 -0.327592 0.222910 -0.338852 0.914052
-6.528397 -29.192684 -2171.278825 199.763809 0.973887 0.006943 -0.226925 0.030823 0.986234 0.162456 0.224929 -0.165209 0.960267
-13.028279 -305.844374 -13781.747840 -52637.346492 0.569921 0.794431 0.209928 0.801256 -0.593932 0.072336 -0.182149 -0.126981 0.975037
-7.698883 -407.451121 -3793.179470 -91225.375327 0.896123 -0.219518 0.385715 0.242747 0.970016 -0.011913 -0.371535 0.104307 0.922541
-28.152905 -269.273686 -3608.578386 -61608.903144 0.849334 -0.363396 0.382852 0.382289 0.923601 0.028581 -0.363988 0.122085 0.923368
-6.283670 -854.209155 -1384.848481 220370.117209 0.957136 0.129896 0.258878 0.194208 -0.950922 -0.240895 -0.214882 -0.280846 0.935388
-230.196440 -5121.423769 5902.426263 -1961464.740424 -0.167336 0.962258 0.214611 0.592089 0.272138 -0.758533 0.788308 -0.000139 0.615281
1796.460583 -1542.092681 146872.115602 -234848.593165 0.557412 0.822874 0.110316 0.805466 -0.568201 0.168442 -0.201288 0.005036 0.979519
-29.390790 -82.055860 -1804.455986 -3647.592214 0.961413 -0.101166 0.255832 0.028939 0.961963 0.271642 -0.273582 -0.253757 0.927772
-26.698748 -93.841103 2056.679740 3196.900565 0.966533 -0.209884 0.147520 -0.135959 -0.906711 -0.399237 -0.217551 -0.365819 0.904902
-3.024050 -20.341047 292.590574 1023.114921 0.996693 -0.079708 0.015827 0.022764 0.086886 -0.995958 -0.078011 -0.993024 -0.088413
-2.392891 -17.818496 -314.159901 1238.291718 0.995491 -0.082094 -0.047530 -0.034679 0.151421 -0.987861 -0.088295 -0.985054 -0.147891
-2.972129 -21.443876 -530.697328 842.899895 0.991267 -0.068271 -0.112825 -0.106482 0.090348 -0.990201 -0.077796 -0.993567 -0.082289
-10.574060 -28.927555 62.750889 -364.429601 0.334771 0.275026 -0.901271 0.928055 0.069448 0.365912 0.163227 -0.958925 -0.231990
-10.498675 -28.194369 -114.824294 -1083.579691 0.456981 0.220830 -0.861628 0.885438 -0.020733 0.464296 0.084666 -0.975092 -0.205005
-8.187149 -24.719253 -98.266654 -2083.915711 0.334228 0.254975 -0.907347 0.942325 -0.072271 0.326803 0.017752 -0.964243 -0.264425
-10.611476 -20.429692 -81.726140 -349.986491 0.690262 0.248212 -0.679654 -0.644194 -0.216902 -0.733463 0.329473 -0.944110 -0.010177
-12.224852 -21.243824 -182.395405 421.652191 0.669021 0.249410 -0.700147 0.689643 0.142938 0.709902 0.277134 -0.957791 -0.076376
-12.056915 -20.755630 -163.885525 -493.507598 0.771448 0.311748 -0.554691 -0.540582 -0.138703 -0.829779 0.335619 -0.939987 -0.061523
-9.504783 -18.980326 41.803072 -310.991392 0.814230 0.337153 -0.472607 -0.430577 -0.195328 -0.881164 0.389400 -0.920964 0.013872
-9.036173 -19.278694 -39.822957 -427.192849 0.722170 0.254322 -0.643265 -0.580735 -0.282299 -0.763580 0.375788 -0.925001 0.056174
-0.782421 -38.562300 193.609610 -206.573679 0.717414 0.690860 -0.089602 -0.528125 0.455474 -0.716678 0.454313 -0.561476 -0.691624
-1.340827 -40.692512 -102.357497 -921.537560 0.728107 0.680242 -0.084449 -0.557420 0.515886 -0.650496 0.398928 -0.520704 -0.754801
-1.823312 -38.913969 -467.833308 76.887002 0.720781 0.683758 -0.113800 -0.531731 0.440092 -0.723589 0.444677 -0.582060 -0.680785
-1.605464 -39.004114 -114.383319 108.459390 0.706968 0.699356 -0.105347 -0.539621 0.437105 -0.719547 0.457172 -0.565545 -0.686406
-1.859597 -37.579520 -184.617387 290.144090 0.710580 0.693996 -0.115956 -0.485592 0.364431 -0.794601 0.509192 -0.620935 -0.595956
16.115275 -27.140226 -5830.387748 -1288.295219 0.733968 0.675378 0.071804 0.362159 -0.478615 0.799856 -0.574571 0.561064 0.595882
1.333579 -28.897935 -2198.022058 -125.378828 0.703520 0.706480 -0.077109 0.531645 -0.451183 0.716790 -0.471608 0.545270 0.693013
10.803269 -28.557685 -4000.441901 -883.722892 0.739138 0.672741 0.033074 0.360552 -0.436658 0.824216 -0.568926 0.597285 0.565309
8.752973 -63.793803 552.135888 -629.929398 0.327629 0.943251 0.054191 0.894571 -0.328152 0.303412 -0.303977 0.050929 0.951317
7.558507 -74.301601 490.691453 -29.650658 0.337563 0.941138 0.017616 0.923453 -0.334731 0.187589 -0.182444 0.047056 0.982090
6.842122 -70.196470 24.802700 -4402.410014 0.312664 0.946502 0.079840 0.924155 -0.322549 0.204695 -0.219497 -0.009784 0.975564
-23.627584 -45.933298 -1503.082965 -3631.810176 -0.738221 0.396500 -0.545726 -0.003420 0.806802 0.590812 0.674550 0.438017 -0.594242
-39.545438 -107.355045 -1559.145413 -20488.457621 -0.475416 0.872236 0.114820 -0.574384 -0.208880 -0.791488 0.666381 0.442236 -0.600303
-21.891510 -69.483770 -1739.331812 -8995.796696 -0.743390 0.446668 -0.497854 0.012625 0.753572 0.657244 0.668739 0.482303 -0.565838
-40.999653 -99.252485 -3125.576218 19466.844187 -0.660005 0.728161 -0.184864 -0.334146 -0.504922 -0.795864 0.672860 0.463502 -0.576563
-23.492579 -59.684386 -1987.275767 -4801.517798 -0.711942 -0.187112 0.676851 -0.097796 0.980874 0.168290 -0.695395 0.053619 -0.716625
-16.562838 -56.697505 -2640.634231 -8411.369995 -0.765146 -0.238789 0.597939 -0.255664 0.965011 0.058224 -0.590921 -0.108322 -0.799424
-17.507319 -37.144296 -2026.909521 -4926.545641 -0.694529 -0.416893 0.586370 -0.452693 0.886676 0.094208 -0.559194 -0.200015 -0.804547
5.049743 -24.431074 -1778.671720 -192.105340 -0.724296 -0.434858 0.535063 -0.250495 0.888965 0.383396 -0.642376 0.143662 -0.752804
9.077811 -23.989257 -1273.276353 -93.046676 -0.679676 -0.499207 0.537433 -0.259623 0.848977 0.460254 -0.686030 0.173293 -0.706635
6.835215 -23.677815 -1257.092682 -254.318242 -0.692927 -0.471574 0.545408 -0.307052 0.877434 0.368550 -0.652358 0.087909 -0.752795
5.504470 -25.007987 -1813.128993 -149.787305 -0.721169 -0.454711 0.522641 -0.199575 0.858817 0.471808 -0.663389 0.235947 -0.710101
1.325824 -25.541175 -1610.111715 -415.402189 -0.726065 -0.422475 0.542535 -0.207539 0.886842 0.412843 -0.655558 0.187154 -0.731585
-0.579644 -25.572846 -1244.938144 -133.299668 -0.728519 -0.394810 0.559809 -0.216021 0.907918 0.359193 -0.650073 0.140748 -0.746723
11.801392 -30.380041 1225.149061 590.431911 0.607531 0.257696 -0.751331 0.677653 -0.661608 0.321033 -0.414358 -0.704179 -0.576576
13.204706 -27.089164 395.118441 731.733962 0.636402 0.193351 -0.746732 0.692866 -0.568761 0.443225 -0.339013 -0.799454 -0.495927
10.541286 -30.326202 1742.147273 918.972668 0.641948 0.276736 -0.715067 0.704663 -0.580555 0.407928 -0.302247 -0.765750 -0.567692
8.113957 -32.282357 1836.818814 405.962489 0.614018 0.306527 -0.727339 0.683636 -0.667112 0.295979 -0.394491 -0.678972 -0.619172
8.618329 -32.430190 1949.581832 115.302277 0.600065 0.314209 -0.735660 0.649382 -0.728367 0.218595 -0.467146 -0.608895 -0.641109
1.494791 -34.589090 -209.566501 182.944075 0.624468 0.514984 -0.587223 -0.551987 0.822905 0.134675 0.552585 0.240039 0.798142
0.590729 -34.413630 39.229525 284.702143 0.636068 0.482194 -0.602417 -0.605506 0.795837 -0.002316 0.478309 0.366240 0.798178
0.736516 -32.942395 268.335619 40.783477 0.639348 0.473665 -0.605703 -0.633735 0.770710 -0.066235 0.435448 0.426202 0.792929
-16.253480 -59.289206 649.824087 5826.047394 0.820428 -0.028494 -0.571040 0.467609 -0.541270 0.698834 0.328999 0.840366 0.430749
-19.179482 -75.738505 264.821003 4817.159150 0.796532 0.013163 -0.604453 0.575014 -0.325393 0.750652 0.186804 0.945487 0.266755
-11.500180 -50.851145 2034.542134 6187.599996 0.845084 -0.139197 -0.516195 0.321360 -0.639369 0.698524 0.427271 0.756196 0.495588
-12.575424 -65.363874 1298.747938 5171.820548 0.830554 -0.108122 -0.546342 0.464416 -0.406998 0.786556 0.307404 0.907007 0.287820
-8.520500 -68.638227 -92.798366 -844.214213 0.826664 0.148798 -0.542666 -0.116564 0.988767 0.093552 0.550490 -0.014081 0.834723
-8.056766 -71.752038 -234.037619 -548.381726 0.812511 0.144758 -0.564687 -0.202486 0.978446 -0.040525 0.546649 0.147268 0.824310
-8.268441 -71.650279 -571.653445 185.352147 0.832893 0.132758 -0.537275 -0.236366 0.963139 -0.128433 0.500420 0.233965 0.833571
-4.242015 -68.122755 -387.762746 -1084.777186 0.863622 0.090789 -0.495897 0.344944 -0.823764 0.449918 0.367655 0.559616 0.742738
-4.991454 -66.294575 -1061.415064 -1427.650767 0.867302 0.099107 -0.487817 0.395770 -0.731670 0.555000 0.301917 0.674416 0.673803
-3.652095 -58.363711 -1345.373284 -3734.597416 0.874272 0.101690 -0.474666 0.451157 -0.531137 0.717183 0.179182 0.841162 0.510236
-1.058802 -51.326136 -404.823180 -3443.488087 0.885695 0.056361 -0.460835 0.436486 -0.439303 0.785171 0.158193 0.896569 0.413689
-4.363830 -29.835506 -583.120338 -422.235085 -0.503118 -0.601208 0.620823 0.816633 -0.565814 0.113867 0.282812 0.564273 0.775638
-4.592161 -29.978510 -372.516834 -317.257318 -0.498887 -0.614693 0.610954 0.841067 -0.513461 0.170188 0.209088 0.598758 0.773157
-7.572046 -29.524524 -863.960303 -599.351218 -0.488286 -0.632377 0.601395 0.857388 -0.476087 0.195518 0.162675 0.611098 0.774659
21.759723 -18.512602 681.414117 162.222027 0.644590 -0.114415 0.755919 0.252127 0.965238 -0.068897 -0.721759 0.234999 0.651030
26.101890 -22.467154 1232.918568 1063.803450 0.633107 -0.193642 0.749452 0.257506 0.965747 0.031997 -0.729977 0.172731 0.661285
-0.905368 -80.285362 -633.518610 2378.072939 0.692771 -0.550372 0.466004 -0.224915 0.449063 0.864728 0.685187 0.703870 -0.187311
-1.765373 -77.656106 -563.444735 1114.494441 0.682262 -0.549148 0.482654 -0.363479 0.318026 0.875639 0.634351 0.772850 -0.017373
2.527344 -44.474883 962.353042 332.097853 0.589041 0.725442 -0.356040 0.778768 -0.391958 0.489784 0.215757 -0.565776 -0.795831
5.375637 -43.971719 661.805675 859.687601 0.582071 0.721602 -0.374812 0.742874 -0.284474 0.605981 0.330653 -0.631162 -0.701644
11.602758 -28.155412 2386.694060 487.076271 0.156023 0.916099 -0.369349 -0.725557 -0.147436 -0.672183 0.670242 -0.372860 -0.641679
3.899459 -28.850328 3089.376757 341.628171 0.027387 0.906774 -0.420727 -0.719644 -0.274236 -0.637893 0.693803 -0.320244 -0.645043
2.633166 -28.804486 2872.281306 -81.724248 0.047205 0.909516 -0.412981 -0.773881 -0.228109 -0.590826 0.631570 -0.347488 -0.693089
-0.180315 -125.545033 240.126027 -9825.552400 0.662276 -0.370071 0.651489 0.733927 0.145404 -0.663483 0.150806 0.917554 0.367902
-1.443594 -95.986480 255.739611 -6879.567644 0.677801 -0.379287 0.629862 0.729841 0.450761 -0.513952 -0.088982 0.808057 0.582346
0.074825 -97.919262 -360.243791 -5710.164819 0.681292 -0.357564 0.638740 0.729078 0.409497 -0.548413 -0.065469 0.839321 0.539679
0.810451 -101.438485 -117.157137 -5261.714050 0.681517 -0.351061 0.642099 0.730048 0.265435 -0.629741 0.050642 0.897942 0.437190
-0.041082 -125.107006 -521.684533 -6630.632766 0.675190 -0.339255 0.654999 0.689695 -0.024574 -0.723683 0.261609 0.940373 0.217391
0.184581 -148.058530 -352.078086 6772.417915 0.665415 -0.345308 0.661805 -0.615279 0.248293 0.748186 0.422676 0.905049 0.047243
-1.050407 -145.686104 1004.595321 9514.288867 0.643323 -0.394773 0.655965 -0.639491 0.194000 0.743919 0.420936 0.898064 0.127649
-6.173382 -86.818247 -46.122172 -2662.745972 -0.651943 0.490503 -0.578253 0.589954 0.807200 0.019572 0.476366 -0.328383 -0.815622
-14.719220 -27.050300 258.464778 -81.849226 0.986630 -0.092486 -0.134191 -0.087098 0.396712 -0.913802 -0.137749 -0.913272 -0.383353
-13.893246 -27.869057 706.186117 -110.669554 0.950170 0.035010 -0.309761 -0.298228 0.391395 -0.870557 -0.090761 -0.919556 -0.382333
3.884075 -267.063861 -1075.303580 12970.383873 0.568805 -0.550732 0.610865 0.269498 0.826515 0.494211 -0.777066 -0.116483 0.618547
3.147805 -266.757002 -1457.936086 -14495.850153 0.559146 -0.570085 0.601962 -0.125688 0.659390 0.741220 -0.819486 -0.490110 0.297043
2.314510 -213.248656 721.469315 -14287.560120 -0.555839 0.587290 -0.588332 -0.256394 0.552113 0.793369 -0.790762 -0.591830 0.156308
-44.905524 -475.775340 -2383.372287 -123462.449330 -0.431772 0.835391 -0.340141 0.658846 0.549652 0.513620 -0.616032 0.002334 0.787718
-43.337240 -359.123819 -1095.673199 -65801.032926 -0.483698 0.822442 -0.299376 0.812443 0.549136 0.195924 -0.325534 0.148457 0.933803
-27.221874 -778.924910 414.015576 -176036.251599 -0.438794 0.793658 -0.421386 0.634867 0.605683 0.479679 -0.635928 0.057044 0.769638
18.288906 -29.504552 -912.567756 -899.181669 0.759357 0.402613 -0.511156 -0.625739 0.667247 -0.404020 -0.178403 -0.626646 -0.758609
-4.226643 -14.871767 1.379377 -497.621796 -0.087393 0.028606 0.995763 0.861538 0.503998 0.061134 -0.500114 0.863231 -0.068691
-3.384341 -13.172309 162.199321 -246.421195 -0.174877 -0.046255 0.983503 0.809939 0.561212 0.170410 -0.559836 0.826378 -0.060679
16.255322 -21.077906 1005.861526 -458.944726 0.779888 0.203494 -0.591916 -0.625912 0.257803 -0.736051 -0.002815 -0.944525 -0.328427
11.315363 -25.858701 1065.129369 -250.109979 0.707705 0.275382 -0.650629 -0.705817 0.316296 -0.633860 -0.031238 -0.907811 -0.418214
14.538777 -23.028150 537.177276 -265.268779 0.749221 0.185628 -0.635776 -0.656922 0.330579 -0.677621 -0.084388 -0.925343 -0.369620
-9.570494 -21.892751 -212.746565 -523.141321 0.903441 -0.052297 -0.425510 -0.336094 0.529773 -0.778705 -0.266147 -0.846526 -0.461042
-3.726915 -19.685055 574.671863 487.198884 -0.660136 -0.476799 0.580416 -0.581878 0.813252 0.006268 -0.475013 -0.333594 -0.814296
-7.965104 -642.348716 -886.866523 146165.391317 -0.556972 0.775780 -0.296558 0.020085 -0.344385 -0.938614 0.830288 0.528738 -0.176231
82.427188 -2642.634810 8317.695694 621015.871112 -0.624885 0.747597 -0.224984 -0.043429 -0.321016 -0.946077 0.779508 0.581419 -0.233066
-18.751173 -204.898104 151.928791 41016.341043 -0.608508 0.757074 -0.237815 -0.261763 -0.474411 -0.840485 0.749131 0.449191 -0.486857
-13.843581 -321.877912 -3640.275816 64608.142288 -0.451405 0.816277 -0.360451 0.099560 -0.355353 -0.929415 0.886748 0.455429 -0.079140
-15.055964 -189.571677 -835.418991 36926.832842 -0.530379 0.779321 -0.333701 -0.198702 -0.496938 -0.844731 0.824145 0.381720 -0.418418
-4.537798 -36.274853 -2425.521523 3821.146148 -0.683593 -0.498647 0.532965 0.726084 -0.390400 0.566030 -0.074180 0.773911 0.628934
14.070635 -63.530760 611.533273 -369.069282 0.916066 0.136712 -0.377005 0.282859 -0.886681 0.365771 0.284278 0.441709 0.850928
11.532552 -65.313252 493.902878 -1285.279766 0.872422 0.171903 -0.457526 0.381470 -0.824710 0.417534 0.305550 0.538798 0.785071
17.985967 -68.131269 1196.308698 -2237.582069 0.886009 0.139295 -0.442250 -0.232005 0.959003 -0.162745 0.401450 0.246798 0.882003
18.560195 -56.938504 1342.015367 -1093.433703 0.954743 0.070794 -0.288884 0.187052 -0.898063 0.398113 0.231252 0.434132 0.870662
11.740199 -57.062300 1082.300842 -320.015590 0.915249 0.143893 -0.376318 0.329452 -0.804947 0.493479 0.231908 0.575635 0.784132
23.225846 -64.771749 1278.955805 633.825279 0.952255 0.047115 -0.301646 -0.112803 0.972403 -0.204224 0.283699 0.228500 0.931291
17.094529 -27.777941 1710.424827 495.252998 0.535521 0.328846 -0.777867 -0.250813 0.941446 0.225327 0.806418 0.074432 0.586643
15.995061 -29.945724 530.198569 725.548691 0.555957 0.378834 -0.739863 -0.200806 0.924951 0.322712 0.806591 -0.030845 0.590305
17.055604 -30.488641 -2466.540955 318.789012 0.626794 0.371361 -0.684996 -0.218779 0.927632 0.302713 0.747840 -0.039876 0.662681
13.256292 -27.971073 4091.702488 623.981574 0.434965 0.374812 -0.818732 -0.207805 0.926489 0.313743 0.876141 0.033669 0.480878
16.652206 -29.115941 -2116.202778 430.043650 0.634823 0.338626 -0.694502 -0.269939 0.939408 0.211294 0.723970 0.053339 0.687766
19.854342 -25.633660 -15.969388 529.492966 0.596934 0.278867 -0.752265 -0.315761 0.943634 0.099247 0.737539 0.178292 0.651343
12.325505 -22.423537 4639.635656 598.344983 0.477811 0.179330 -0.859964 -0.278021 0.959491 0.045611 0.833307 0.217295 0.508313
8.872299 -24.189578 4837.873251 874.303858 0.436965 0.288480 -0.851963 -0.251764 0.948541 0.192054 0.863526 0.130572 0.487108
0.112718 -20.920612 567.955037 1698.033464 -0.618740 0.183441 -0.763878 0.760234 0.384889 -0.523360 0.198002 -0.904550 -0.377604
-5.499272 -37.167128 -136.431831 -773.458998 0.745309 0.664077 -0.059306 -0.664401 0.732361 -0.149061 0.055555 -0.150499 -0.987048
-5.583189 -37.167456 -927.617169 223.702847 0.706128 0.702297 -0.090344 0.707175 -0.705920 0.039745 -0.035863 -0.091955 -0.995117
-7.745547 -37.697618 -208.163029 206.430367 -0.749397 -0.661033 0.037924 -0.657707 0.749783 0.072435 -0.076317 0.029340 -0.996652
-1.670856 -35.911589 -715.972646 487.837987 0.697224 0.712046 -0.082876 0.710332 -0.670692 0.213543 0.096468 -0.207757 -0.973412
