12445
24872
-39.669635 -61.051517 -2403.623464 -8329.311731 0.077294 0.981042 0.177717 0.989243 -0.053260 -0.136238 -0.124190 0.186335 -0.974606
-50.072185 -73.145209 391.054788 -5265.437175 0.006105 0.965193 0.261466 0.998432 -0.020433 0.052115 0.055644 0.260738 -0.963805
-36.588996 -80.709465 -3945.624730 -11325.651344 0.273201 0.949244 0.155876 0.961924 -0.268245 -0.052410 -0.007937 0.164260 -0.986385
-40.685448 -57.745503 234.709361 -5771.277432 -0.319493 0.900611 0.294660 0.941843 0.336003 -0.005756 -0.104191 0.275685 -0.955585
-24.471054 -76.689631 -6344.353450 15071.495071 0.240581 0.969521 0.046365 -0.957213 0.229070 0.176835 -0.160824 0.086924 -0.983148
-27.628226 -49.553655 -4637.702804 8499.308992 0.043578 0.993241 0.107582 -0.968528 0.015586 0.248416 -0.245060 0.115021 -0.962661
-33.782165 -46.122379 -82.441649 4556.564506 -0.486022 0.820828 0.300040 -0.846149 -0.527861 0.073445 -0.218665 0.218183 -0.951095
-18.381373 -31.950889 -3609.613190 1110.617347 -0.528626 0.815236 0.236527 -0.778596 -0.576667 0.247474 -0.338147 0.053338 -0.939581
-11.372192 -37.583310 -1814.324511 2825.009383 -0.150011 0.980356 0.128057 -0.927528 -0.184393 0.325102 -0.342328 0.070008 -0.936969
-10.753743 -25.747826 -3119.132031 1933.230344 -0.482734 0.845011 0.230053 -0.776129 -0.534478 0.334600 -0.405698 0.017028 -0.913848
82.797597 -47.689815 -2055.974740 6067.122930 0.580271 0.747278 0.323823 0.810839 -0.567352 -0.143709 0.076331 0.345958 -0.935140
77.799986 -38.476343 4771.031305 2804.786441 0.624025 0.567753 0.536888 0.765559 -0.581874 -0.274484 0.156562 0.582304 -0.797753
85.664835 -56.555870 1459.102996 5857.741760 0.683307 0.640316 0.350836 0.729882 -0.586497 -0.351132 -0.019071 0.496000 -0.868113
84.353706 -68.055857 -4542.544533 5616.964850 0.614154 0.773095 0.158551 0.779480 -0.562821 -0.275033 -0.123390 0.292500 -0.948271
81.054250 -60.367589 -10162.759703 5801.822655 0.518008 0.851366 0.082724 0.855268 -0.513980 -0.065884 -0.013573 0.104879 -0.994392
-4.697160 -43.611559 3698.345160 -759.065162 -0.197366 0.979403 0.042615 -0.388710 -0.118090 0.913761 -0.899973 -0.163781 -0.404010
4.104817 -43.101064 1887.548443 -453.109139 -0.192324 0.981206 -0.015699 -0.462664 -0.076555 0.883222 -0.865421 -0.177128 -0.468692
-4.057710 -42.019026 4512.939321 -288.488264 -0.206644 0.975718 0.072610 -0.473043 -0.164594 0.865528 -0.856463 -0.144508 -0.495569
7.626446 -42.314246 4716.517750 -178.087724 -0.205288 0.977957 0.038181 -0.535939 -0.144974 0.831717 -0.818918 -0.150279 -0.553886
-17.507985 -43.254398 755.425601 -3139.213939 0.452187 0.864692 -0.218709 -0.530269 0.063459 -0.845451 0.717176 -0.498277 -0.487215
-15.035539 -40.990497 1924.916579 -3266.965905 0.357355 0.892912 -0.273873 -0.519321 -0.053758 -0.852887 0.776275 -0.447011 -0.444497
-22.112241 -37.740400 -16.252168 -3995.776265 0.492723 0.855562 -0.158866 -0.420013 0.073934 -0.904501 0.762111 -0.512395 -0.395776
4.089972 -55.639756 -774.445972 -2148.014882 -0.241300 0.915426 -0.322133 -0.301341 0.244853 0.921542 -0.922479 -0.319441 -0.216773
1.138325 -55.966504 -499.183189 -2945.893799 -0.249601 0.922157 -0.295508 -0.341615 0.201693 0.917943 -0.906090 -0.330069 -0.264680
1.303129 -53.015666 -750.840793 -1464.242029 -0.246809 0.918026 -0.310343 -0.398565 0.195746 0.896008 -0.883307 -0.344835 -0.317581
-1.951956 -53.450472 -656.201905 165.224401 -0.262287 0.923734 -0.279143 -0.395050 0.161134 0.904418 -0.880421 -0.347493 -0.322658
4.062019 -52.428554 -430.220225 -984.029391 -0.225663 0.918376 -0.325056 -0.394898 0.218790 0.892293 -0.890579 -0.329722 -0.313292
3.342900 -56.513179 -297.161017 -2364.674606 -0.097267 0.941115 -0.323793 -0.703699 0.165034 0.691065 -0.703809 -0.295071 -0.646209
2.281620 -53.953182 -616.850434 1397.645477 -0.068350 0.930151 -0.360759 -0.777502 0.176927 0.603480 -0.625155 -0.321738 -0.711102
4.087740 -58.862979 -298.395853 -2082.566088 -0.070060 0.937498 -0.340864 -0.721769 0.188229 0.666047 -0.688579 -0.292689 -0.663470
2.773987 -63.722211 597.882469 -1164.385013 -0.009094 0.930333 -0.366603 -0.775339 0.224961 0.590120 -0.631479 -0.289609 -0.719278
5.659932 -69.688850 -14.286247 -3419.083376 -0.078309 0.948290 -0.307593 -0.640239 0.188668 0.744647 -0.764174 -0.255245 -0.592358
0.231556 -76.580331 107.666565 -8468.690224 0.049765 0.933335 -0.355541 -0.637525 -0.244341 -0.730656 0.768820 -0.263028 -0.582865
-0.910016 -97.539676 50.865334 -12178.461951 0.032251 0.931406 -0.362551 -0.763929 -0.210933 -0.609852 0.644494 -0.296632 -0.704725
-1.401023 -98.583789 58.578698 -10738.893471 0.035858 0.932668 -0.358949 -0.762342 -0.206716 -0.613272 0.646180 -0.295632 -0.703600
0.475957 -79.011362 300.761515 -6597.930690 0.045523 0.932665 -0.357860 -0.617862 -0.255204 -0.743719 0.784968 -0.254964 -0.564641
-0.374589 -48.746026 1624.773272 1777.882591 0.084512 0.990235 -0.110876 -0.159534 -0.096391 -0.982475 0.983568 -0.100719 -0.149830
-3.403259 -45.632651 371.347894 1302.548658 0.098764 0.992218 -0.075816 -0.261359 -0.047649 -0.964065 0.960176 -0.115030 -0.254619
-3.001777 -49.396047 -551.801476 1775.630393 0.099840 0.989723 -0.102372 -0.191548 -0.081843 -0.978065 0.976392 -0.117259 -0.181408
0.439457 -63.778743 10.265489 -1405.849334 0.046638 0.929192 -0.366644 -0.503131 -0.295234 -0.812217 0.862951 -0.222350 -0.453736
1.026310 -67.563114 147.537435 3319.386901 0.047938 0.926014 -0.374432 -0.452087 -0.314154 -0.834820 0.890685 -0.209296 -0.403578
-0.740423 -71.399191 501.341924 4896.238787 0.037563 0.931726 -0.361214 -0.407817 -0.315705 -0.856747 0.912291 -0.179491 -0.368115
1.174819 -64.734711 -467.520413 -2524.545083 0.058875 0.925743 -0.373543 -0.542927 -0.284316 -0.790187 0.837714 -0.249329 -0.485872
-1.452867 -71.870986 559.028913 2780.568787 0.029906 0.935058 -0.353230 -0.445652 -0.303847 -0.842064 0.894707 -0.182600 -0.407623
-0.211306 -72.831894 -235.236981 -4681.285209 0.038619 0.928044 -0.370462 -0.569990 -0.284050 -0.770991 0.820744 -0.240934 -0.518006
1.137376 -61.386791 -96.087938 2076.738702 -0.013470 0.919023 -0.393975 -0.925324 0.137862 0.353227 -0.378938 -0.369312 -0.848537
1.330527 -70.845076 622.209218 -3595.182547 0.014602 0.922245 -0.386331 0.973346 -0.101552 -0.205634 -0.228878 -0.373031 -0.899146
0.746368 -65.415625 -130.605476 -2321.396428 0.001662 0.915951 -0.401286 0.938538 -0.139942 -0.315535 -0.345171 -0.376098 -0.859888
12.915589 -37.721137 8492.478745 -1148.646517 0.048985 0.988499 0.143077 -0.925215 0.098873 -0.366334 0.376267 0.114432 -0.919417
10.411197 -39.442715 5295.608760 -1341.796725 0.022508 0.996199 0.084145 -0.959374 0.045199 -0.278493 0.281237 0.074459 -0.956745
26.325138 -33.820468 6544.745027 -1376.732323 0.161684 0.980875 0.108364 -0.910097 0.190665 -0.367927 0.381551 0.039134 -0.923519
31.287568 -29.899807 961.975736 -1378.879745 0.265788 0.963484 0.032489 -0.890491 0.258284 -0.374588 0.369300 -0.070630 -0.926622
35.942845 -27.790894 4173.930512 -882.702764 0.271365 0.958534 0.087022 -0.852015 0.281293 -0.441525 0.447696 -0.045670 -0.893019
29.008377 -31.696340 9150.620342 -1127.744960 0.187150 0.966938 0.173219 -0.855251 0.247131 -0.455490 0.483239 0.062901 -0.873226
9.388953 -196.942736 -2354.711682 5455.541395 0.049620 0.218696 0.974531 0.906979 0.398730 -0.135660 -0.418243 0.890610 -0.178568
14.326183 -226.332399 -6245.474990 30034.721597 0.047477 0.238459 0.969991 0.990838 0.111678 -0.075952 -0.126438 0.964710 -0.230973
10.230214 -233.988290 -969.107058 -8478.988865 0.039070 0.148435 0.988150 0.816814 0.564881 -0.117149 -0.575577 0.811712 -0.099174
6.883453 -176.955730 -154.029552 -1787.833697 0.028107 0.198491 0.979700 0.831800 0.538895 -0.133046 -0.554364 0.818653 -0.149958
3.132201 -174.424440 239.989166 9771.197806 0.062247 0.201807 0.977445 0.963889 0.241917 -0.111331 -0.258929 0.949078 -0.179461
11.143686 -194.154217 -1074.776326 -18614.166081 0.002762 0.172750 0.984962 0.657059 0.742190 -0.132013 -0.753834 0.647543 -0.111457
21.218627 -16.674515 4328.094539 3014.666339 0.195315 0.843319 -0.500665 0.713971 0.227725 0.662107 -0.672381 0.486780 0.557628
19.775504 -20.906214 3434.980800 1562.697595 0.238055 0.861986 -0.447560 0.656610 0.196720 0.728124 -0.715677 0.467206 0.519158
11.538487 -13.887853 4614.311480 1319.644139 0.201621 0.812580 -0.546866 0.692573 0.276532 0.666237 -0.692597 0.513072 0.507017
15.385279 -8.337076 5429.229624 3009.495492 0.164537 0.776616 -0.608108 0.739428 0.310917 0.597141 -0.652820 0.547904 0.523094
-30.417414 -146.525791 1699.245585 -1038.512798 -0.157410 0.228697 0.960687 0.973342 0.200257 0.111811 -0.166813 0.952678 -0.254122
-32.380485 -159.735605 7520.617850 -754.851340 -0.309887 0.167901 0.935831 0.948021 0.129403 0.290707 -0.072289 0.977274 -0.199274
-44.038904 -193.408526 7056.467836 -21079.293917 -0.449944 0.235890 0.861340 0.879325 -0.051463 0.473433 0.156006 0.970416 -0.184269
-0.314589 -40.473143 2789.803882 3245.123148 -0.435872 0.845365 0.308824 0.814149 0.224088 0.535674 0.383636 0.484914 -0.785927
-13.218567 -48.313249 4932.540725 3004.369254 -0.431888 0.844919 0.315571 0.835531 0.243046 0.492763 0.339647 0.476488 -0.810925
0.450167 -50.409351 3045.954454 3186.500151 -0.472107 0.833482 0.287092 0.840711 0.327730 0.431043 0.265178 0.444860 -0.855442
-14.168345 -49.123978 659.607864 -413.697176 -0.076530 0.933463 -0.350415 0.546764 0.333181 0.768140 -0.833782 0.132809 0.535882
-17.540728 -47.469880 654.733626 -1745.367754 -0.124481 0.938045 -0.323383 0.504717 0.340465 0.793312 -0.854263 0.064465 0.515829
-15.977145 -46.979303 582.160159 -790.811423 -0.170076 0.908478 -0.381761 0.588411 0.404385 0.700175 -0.790472 0.105549 0.603335
-13.585415 -46.322195 799.731903 2338.151622 -0.139685 0.908139 -0.394679 0.672701 0.379518 0.635169 -0.726610 0.176777 0.663919
-11.924064 -47.893447 739.953117 1928.155860 -0.061048 0.929770 -0.363045 0.649780 0.313116 0.692636 -0.757667 0.193615 0.623261
-20.601421 -47.485678 1000.969142 -1229.900740 0.107558 0.780233 0.616172 0.458185 -0.588929 0.665755 -0.882325 -0.210714 0.420835
-21.164120 -45.889499 1068.322003 -1541.404556 0.055648 0.815363 0.576269 0.367480 -0.553375 0.747485 -0.928365 -0.170171 0.330423
-20.977366 -50.627064 163.810822 -931.002878 0.057914 0.765723 0.640558 0.509531 -0.574442 0.640621 -0.858501 -0.289283 0.423427
-19.010344 -43.245630 1105.776202 -1472.102234 0.111330 0.841403 0.528816 0.378173 -0.527959 0.760424 -0.919016 -0.115326 0.376974
-94.696919 -375.279362 -16157.524042 -123979.446918 0.142088 -0.403678 -0.903800 0.987265 0.123791 0.099919 0.071547 -0.906488 0.416126
-128.489384 -547.418531 -582.095254 -67228.790045 0.492726 -0.314679 -0.811294 0.870141 0.168840 0.462977 -0.008710 -0.934061 0.357007
-84.770987 -1040.932201 -5334.796479 -298256.552295 -0.052019 -0.401622 -0.914327 0.990713 0.094420 -0.097840 0.125626 -0.910925 0.392980
-37.819704 -74.773730 -4654.914685 -522.734639 -0.017301 0.946496 -0.322252 -0.078331 -0.322593 -0.943291 0.996777 -0.008923 -0.079721
-41.193617 -66.328120 -5897.725448 6706.943229 -0.011411 0.958669 -0.284294 -0.258835 -0.277454 -0.925215 0.965854 -0.063028 -0.251303
-57.846090 -72.628422 -1326.659409 -3062.489092 -0.161110 0.874214 -0.458032 -0.048362 -0.470530 -0.881058 0.985751 0.119796 -0.118085
-52.045619 -66.985936 -2450.744410 3035.239502 -0.111392 0.966394 -0.231679 -0.305641 -0.255145 -0.917325 0.945609 0.031373 -0.323790
-62.811501 -70.174375 51.679879 1366.149825 -0.277286 0.932046 -0.233245 -0.206932 -0.295002 -0.932820 0.938239 0.210392 -0.274670
-57.165535 -70.586462 -155.798695 -3620.922111 -0.255970 0.961868 -0.096377 -0.086041 -0.121972 -0.988797 0.962848 0.244810 -0.113981
14.963758 -51.164825 1226.601769 3640.891476 -0.084003 0.816905 0.570622 -0.518056 0.453370 -0.725310 0.851212 0.356542 -0.385118
14.862080 -45.725227 383.394133 3873.204996 -0.012023 0.794263 0.607455 -0.579522 0.489533 -0.651546 0.814868 0.359867 -0.454407
24.237812 -55.657503 1636.959069 5292.302066 0.025962 0.772359 0.634655 -0.477434 0.567363 -0.670936 0.878284 0.285587 -0.383481
25.512868 -61.903132 2357.120420 4051.351859 -0.054417 0.810916 0.582627 -0.380787 0.522544 -0.762856 0.923060 0.263369 -0.280350
17.218471 -60.564025 4246.868172 3895.309721 -0.155124 0.822943 0.546536 -0.378788 0.461402 -0.802264 0.912390 0.331472 -0.240147
0.896557 -134.435839 -1595.095882 1891.512279 0.951363 -0.253341 0.175289 -0.015956 0.527706 0.849277 0.307658 0.810768 -0.497998
5.128778 -159.525573 -1936.033891 1091.778724 0.955308 -0.249910 0.157898 0.001160 0.537302 0.843389 0.295610 0.805513 -0.513579
3.229635 -144.505965 -2671.750308 5514.344121 0.959450 -0.234771 0.156005 -0.077034 0.313991 0.946295 0.271147 0.919941 -0.283174
-0.701641 -132.343895 -1393.245778 3825.204220 0.949262 -0.252553 0.187399 -0.064950 0.425605 0.902575 0.307706 0.868952 -0.387608
22.793471 -45.907540 -3901.810670 -1400.286063 0.008419 0.970302 -0.241748 0.914924 0.090087 0.393444 -0.403538 0.224494 0.886995
25.392036 -44.135947 -2045.759458 -1760.374030 0.042263 0.948744 -0.313207 0.924605 0.081645 0.372075 -0.378576 0.305317 0.873763
22.025895 -46.423537 -3240.168893 -497.691556 0.004587 0.968635 -0.248445 0.964581 0.061242 0.256580 -0.263747 0.240822 0.934046
18.552331 -46.617747 -1667.910301 -946.862901 0.006077 0.975909 -0.218095 0.924009 0.077906 0.374351 -0.382323 0.203797 0.901275
-41.636797 -79.408339 -3034.550577 -5439.584168 0.510334 0.857463 -0.065702 0.251551 -0.221899 -0.942063 0.822363 -0.464239 0.328939
-31.693746 -79.767375 -4239.755947 -3768.018481 0.600263 0.795916 -0.078755 0.238016 -0.271773 -0.932463 0.763566 -0.540978 0.352576
-27.641209 -87.401636 -6071.309349 -3069.259343 0.638662 0.765785 -0.075389 0.102294 -0.181597 -0.978038 0.762658 -0.616924 0.194314
-31.051417 -79.856889 -2994.839277 -761.271551 0.544300 0.838604 0.021920 0.421528 -0.250817 -0.871438 0.725294 -0.483564 0.490015
-42.374839 -92.122613 -5728.265308 -5941.134837 0.562632 0.821317 -0.094251 0.031661 -0.135331 -0.990294 0.826101 -0.554187 0.102145
-53.323718 -86.251243 -2701.860577 -8662.094815 0.430597 0.899660 -0.072096 0.145973 -0.148250 -0.978117 0.890662 -0.410650 0.195162
-40.301028 -73.887813 -1555.663041 2817.572518 0.393242 0.909053 0.137781 0.477208 -0.073708 -0.875694 0.785896 -0.410110 0.462792
7.328002 -210.143881 -218.040702 -25510.817849 -0.594046 -0.751741 -0.286347 0.631396 -0.215162 -0.745013 0.498446 -0.623370 0.602462
5.668571 -222.556301 -244.188708 -26474.521335 0.621996 0.730279 0.282512 0.595639 -0.207081 -0.776101 0.508267 -0.651007 0.563786
6.398987 -196.397352 -1426.228369 -30885.808030 -0.584143 -0.756318 -0.294550 0.757476 -0.377628 -0.532567 0.291560 -0.534210 0.793481
8.634498 -225.484210 60.826974 -4765.377392 0.604528 0.750607 0.266714 0.356842 0.044171 -0.933120 0.712187 -0.659271 0.241146
5.214462 -194.118279 1358.312047 -19733.099380 -0.573743 -0.743151 -0.344305 0.777449 -0.361902 -0.514394 0.257668 -0.562809 0.785400
971.541312 -11.806812 351329.176655 13867.872797 -0.558474 0.667310 0.492753 0.741341 0.668026 -0.064456 -0.372184 0.329301 -0.867779
-6.196324 -48.438200 4746.228083 -1121.118966 -0.705526 0.594011 0.386502 0.629155 0.776023 -0.044195 -0.326186 0.211989 -0.921229
38.024447 -46.353188 17653.301389 -1712.445133 -0.673313 0.607855 0.420907 0.609114 0.778726 -0.150218 -0.419081 0.155237 -0.894579
267.841955 -55.388498 96323.778151 272.519356 -0.624999 0.543081 0.560749 0.666891 0.744832 0.021940 -0.405749 0.387671 -0.827695
1815841.610532 -208042.823040 540265183.277471 -13090483.694746 -0.500868 0.640508 0.582135 0.809561 0.584610 0.053313 -0.306174 0.497976 -0.811343
5341.768473 -230.044472 1681724.600954 -17216.652773 -0.360196 0.823472 0.438351 -0.815513 -0.506123 0.280673 -0.452986 0.256384 -0.853856
10.838202 -135.470441 537.864871 4620.721170 -0.909484 0.345524 -0.231197 0.244468 0.894285 0.374820 0.336265 0.284373 -0.897807
12.136161 -130.861727 1161.641588 5833.729462 -0.912633 0.321606 -0.252331 0.209453 0.897988 0.386972 0.351042 0.300312 -0.886894
9.511357 -126.353325 -112.519520 -576.318860 0.904704 -0.365179 0.219443 0.167325 0.778246 0.605257 0.391808 0.510860 -0.765185
7.054154 -125.845325 841.728391 -1552.531862 0.895612 -0.396211 0.202228 0.062666 0.562455 0.824449 0.440400 0.725714 -0.528571
9.221160 -124.077580 1084.903010 -3356.598086 0.894565 -0.397074 0.205147 0.102128 0.628470 0.771100 0.435113 0.668848 -0.602760
9.454010 -133.519522 1341.732689 -5241.824940 0.894287 -0.387116 0.224480 0.141392 0.720379 0.679016 0.424568 0.575496 -0.698961
7.868132 -139.615911 802.125719 2168.545695 0.902816 -0.367393 0.223486 0.227041 0.848596 0.477847 0.365207 0.380667 -0.849539
-11.375618 -113.011014 775.088289 3513.256737 0.882666 -0.395514 0.253908 -0.363064 -0.230711 0.902749 0.298471 0.889011 0.347238
-8.741864 -112.571905 816.921584 1989.868755 0.884440 -0.418487 0.206482 -0.323200 -0.230158 0.917916 0.336612 0.878576 0.338816
-7.538582 -115.430304 1199.284148 290.494896 0.876304 -0.417807 0.239851 -0.263104 0.002014 0.964765 0.403569 0.908534 0.108162
-9.779538 -116.111583 291.634867 -1055.394993 0.886672 -0.366767 0.281592 -0.287690 0.039194 0.956921 0.362004 0.929487 0.070763
-13.912429 -112.430648 1019.482341 3431.789474 0.878099 -0.373112 0.299550 -0.401760 -0.234930 0.885097 0.259867 0.897550 0.356193
-14.779133 -106.612687 898.146809 5950.496937 0.885097 -0.385794 0.260320 -0.427002 -0.450654 0.783951 0.185130 0.805030 0.563608
18.802404 -51.602518 -4179.058213 1075.692242 0.057025 0.994872 -0.083530 0.828150 -0.093865 -0.552591 0.557598 0.037664 0.829256
19.156020 -51.767694 -750.912973 1229.072362 0.034494 0.987060 -0.156595 0.850747 -0.111224 -0.513673 0.524443 0.115504 0.843575
22.675952 -52.079000 -939.894336 47.337412 0.037257 0.988127 -0.149052 0.787977 -0.120780 -0.603742 0.614577 0.094956 0.783121
18.047829 -50.764199 -3044.283416 65.575282 0.061132 0.995880 -0.066984 0.900181 -0.084001 -0.427338 0.431204 0.034174 0.901607
18.218779 -51.613478 -5743.847220 -68.489850 0.074435 0.994346 -0.075735 0.762804 -0.105690 -0.637934 0.642332 0.010286 0.766358
-5.115935 -222.346685 -1064.472610 35909.019326 0.956367 -0.109401 0.270914 0.260212 0.740600 -0.619517 0.132863 -0.662980 -0.736753
-0.329563 -255.056625 2585.399883 60366.803870 0.960634 -0.067495 0.269495 0.214815 0.795593 -0.566468 0.176175 -0.602060 -0.778772
1.457208 -172.601357 753.084214 18509.959251 0.954558 -0.083202 0.286177 0.186297 0.916091 -0.355065 0.232622 -0.392244 -0.889962
0.383428 -302.790401 1603.525907 50248.516423 0.961430 -0.048139 0.270805 0.257906 0.499952 -0.826760 0.095590 -0.864714 -0.493084
-2.483926 -174.178069 -679.760541 16587.789017 0.948992 -0.111302 0.295002 0.215808 0.911411 -0.350365 0.229872 -0.396158 -0.888942
-2.046838 -195.719862 -3151.958750 20602.630814 0.952226 -0.107053 0.286015 0.291129 0.601089 -0.744269 0.092245 -0.791980 -0.603539
-2.120240 -256.378254 -3152.211239 27386.462577 0.952745 -0.135333 0.271961 0.303612 0.395163 -0.866987 -0.009863 -0.908587 -0.417578
2.548877 -65.358120 -1902.807649 -315.254094 0.987156 -0.040208 0.154617 0.035448 0.998812 0.033423 -0.155777 -0.027513 0.987409
-3.393947 -67.233466 -1512.645468 458.616268 0.979737 -0.128155 0.153923 0.129976 0.991516 -0.001783 -0.152389 0.021753 0.988081
-2.871812 -65.326613 -1946.304974 -1448.861994 0.983638 -0.084617 0.159046 -0.107177 -0.984463 0.139088 -0.144806 0.153858 0.977425
4.164959 -62.308488 -1811.739574 -448.681116 0.987561 0.011070 0.156845 -0.007774 0.999736 -0.021612 -0.157043 0.020124 0.987387
-52.364350 -2052.528617 -3661.149043 -645010.539066 0.865794 -0.352075 0.355589 -0.428145 -0.153369 0.890601 0.259022 0.923321 0.283525
18.276001 -422.475771 8277.874157 77807.635889 0.902293 -0.354958 0.244689 -0.424568 -0.632983 0.647360 0.074902 0.687995 0.721840
23.980496 -374.017095 2032.091532 28304.822518 0.869822 -0.342721 0.354896 -0.492936 -0.573695 0.654132 0.020582 0.743919 0.667952
-13.321838 -44.509310 453.143928 1538.064562 0.500114 0.865343 -0.032673 0.832189 -0.469834 0.294479 -0.239474 0.174463 0.955099
-15.992919 -48.490877 1055.803645 1048.270468 0.408700 0.912209 -0.028969 0.848220 -0.367932 0.380983 -0.336877 0.180280 0.924128
-14.303114 -44.759270 880.093944 1816.886901 0.397402 0.917342 -0.023558 0.889284 -0.378660 0.256496 -0.226374 0.122881 0.966258
-10.431791 -39.304351 607.160168 2234.028681 0.494469 0.868832 -0.025148 0.859616 -0.484530 0.162145 -0.128692 0.101793 0.986446
-11.874073 -40.076386 913.042413 2317.833886 0.373955 0.927239 -0.019655 0.918175 -0.367144 0.148860 -0.130813 0.073714 0.988663
-16.906463 -35.552222 813.542945 -974.662408 0.867388 -0.497262 0.019198 -0.484674 -0.852917 -0.193968 -0.112827 -0.158941 0.980820
-18.619355 -35.922487 1068.192087 1103.386895 0.839992 -0.540060 0.052430 0.516937 0.825885 0.225146 -0.164893 -0.162018 0.972913
-18.384107 -39.198106 1002.846491 -869.825444 0.879364 -0.474978 0.033389 -0.444380 -0.843854 -0.300728 -0.171015 -0.249612 0.953125
-20.286797 -39.191329 816.167261 -1098.934389 0.842842 -0.532607 0.077117 -0.483691 -0.812536 -0.325313 -0.235924 -0.236887 0.942457
-7.148120 -58.289456 -680.486367 -308.682643 0.766417 -0.518647 -0.378960 -0.469384 -0.049456 -0.881608 -0.438502 -0.853557 0.281348
-6.401803 -60.050966 -785.307104 -1035.620381 0.753802 -0.539002 -0.375844 -0.451157 -0.008681 -0.892402 -0.477744 -0.842260 0.249718
-8.247876 -60.694144 -623.328784 -1431.321453 0.774650 -0.513916 -0.368522 -0.401311 0.050879 -0.914528 -0.488740 -0.856330 0.166827
5.636178 -169.730413 555.038458 -2912.733327 -0.505477 -0.790393 -0.346081 0.862774 -0.458036 -0.214066 0.010679 -0.406795 0.913457
3.332292 -182.678020 1316.170571 3348.047182 -0.517667 -0.781197 -0.348930 0.855543 -0.468734 -0.219852 0.008192 -0.412334 0.910996
4.800033 -197.811454 442.745835 23110.363053 -0.482262 -0.810922 -0.331404 0.862824 -0.505125 -0.019586 -0.151518 -0.295389 0.943286
-25.140401 -180.959486 4557.001516 -48197.007936 -0.073215 0.644267 0.761288 0.213155 0.755807 -0.619128 -0.974271 0.116943 -0.192666
-7.193937 -146.251325 4106.533258 -36024.917365 -0.014661 0.667327 0.744621 0.273597 0.718957 -0.638941 -0.961733 0.194359 -0.193119
-10.590535 -376.966903 4335.893924 121492.691182 0.072895 0.742186 0.666218 -0.486853 -0.556518 0.673247 -0.870437 0.373427 -0.320768
22.248824 -333.537640 -2972.946885 113516.161041 0.113695 0.803163 0.584810 -0.469441 -0.475344 0.744092 -0.875613 0.359133 -0.322993
-52.121813 -81.203153 -396.380823 2074.984517 0.244229 0.937463 0.248022 -0.944549 0.287872 -0.157981 0.219500 0.195685 -0.955786
-57.573153 -79.204649 1145.343827 -1438.470785 -0.016830 0.948788 0.315465 0.965510 -0.066565 0.251711 0.259820 0.308822 -0.914944
-44.219813 -66.404693 819.616954 -5791.392759 -0.337933 0.881314 0.330284 0.941031 0.322431 0.102465 -0.016190 0.345434 -0.938303
-48.919049 -74.840920 948.263352 -3656.533108 -0.300388 0.890512 0.341695 0.943417 0.224636 0.243931 0.140466 0.395635 -0.907602
-15.363049 -89.370495 5948.819191 4513.023987 -0.103770 0.994556 0.009485 -0.993634 -0.104085 0.043094 -0.043846 0.004953 -0.999026
-12.415978 -87.057675 6987.367111 -4137.268759 -0.066537 0.993927 0.087647 0.995141 0.072494 -0.066623 -0.072572 0.082788 -0.993921
-6.653549 -82.163926 9603.887476 -6091.000008 -0.099172 0.989325 0.106771 -0.980414 -0.078799 -0.180498 0.170157 0.122580 -0.977763
-19.185851 -78.797448 1608.095820 10260.923958 -0.126819 0.991884 -0.009164 -0.954288 -0.119480 0.273968 -0.270650 -0.043490 -0.961695
68.669238 -27.207093 10223.194437 879.279558 0.520067 0.559967 0.644955 0.814080 -0.553472 -0.175904 0.258464 0.616527 -0.743700
62.955603 -27.175968 5263.689842 543.713204 0.599519 0.419722 0.681476 0.753785 -0.582324 -0.304478 0.269044 0.696227 -0.665495
70.943006 -35.755056 3451.342478 2219.110405 0.647973 0.417626 0.636962 0.731698 -0.573575 -0.368280 0.211542 0.704699 -0.677237
79.873078 -48.594306 271.593933 6017.992634 0.701824 0.507323 0.500067 0.706717 -0.583985 -0.399390 0.089412 0.633707 -0.768389
0.466561 -44.353906 1160.159288 -35.285135 -0.183045 0.982067 -0.045148 -0.362975 -0.024832 0.931468 -0.913643 -0.186888 -0.361011
7.187587 -46.358634 298.796370 -263.962542 -0.176814 0.972198 -0.153517 -0.450728 0.058679 0.890730 -0.874975 -0.226688 -0.427822
11.399520 -44.703805 2000.795522 -416.043311 -0.191211 0.979253 -0.067095 -0.523091 -0.043822 0.851150 -0.830551 -0.197846 -0.520617
-1.964279 -45.178580 -1973.679051 -209.321056 0.107890 0.992187 -0.062645 -0.957636 0.120643 0.261493 -0.267008 -0.031779 -0.963170
3.964408 -44.885133 -1865.074314 -979.344450 0.145468 0.987382 -0.062576 -0.981164 0.152099 0.119090 -0.127105 -0.044073 -0.990910
1.600298 -48.050017 -115.153648 624.005245 0.067155 0.997473 -0.023178 -0.967893 0.070768 0.241194 -0.242225 -0.006236 -0.970200
5.700956 -48.135598 884.251848 -1883.926877 0.086968 0.996137 -0.012167 -0.991782 0.087725 0.093123 -0.093831 -0.003969 -0.995580
1.149638 -52.126487 2078.853430 -1174.246913 0.009459 0.999404 0.033208 -0.985220 0.003634 0.171256 -0.171034 0.034337 -0.984667
0.755785 -51.697662 1399.166971 492.442130 0.007540 0.999849 0.015638 -0.946185 0.002074 0.323621 -0.323539 0.017237 -0.946058
0.020103 -49.331776 -1415.772598 -556.459224 0.017016 0.999224 -0.035525 -0.941259 0.027993 0.336524 -0.337258 -0.027712 -0.941004
-0.769560 -55.721594 -1041.188856 -2138.750511 -0.268600 0.924288 -0.271192 -0.304522 0.185619 0.934244 -0.913849 -0.333522 -0.231609
-0.975052 -98.811981 -309.983326 -12440.319246 0.033910 0.928214 -0.370499 -0.763426 -0.215192 -0.608994 0.645005 -0.303500 -0.701325
-0.009380 -85.991300 -746.472430 -9058.850989 0.048797 0.923970 -0.379339 -0.701198 -0.238775 -0.671794 0.711295 -0.298773 -0.636234
-1.355951 -107.491127 -483.636968 -12113.592374 0.031469 0.922945 -0.383642 -0.823460 -0.193609 -0.533319 0.566501 -0.332697 -0.753916
0.795572 -93.074614 1133.593344 -7388.980508 0.087864 0.949709 -0.300554 -0.772831 -0.125377 -0.622104 0.628500 -0.286938 -0.722948
-0.429797 -93.118737 7.933930 -8257.251716 0.089675 0.941185 -0.325774 -0.753270 -0.149893 -0.640403 0.651569 -0.302823 -0.695525
-1.548569 -106.099880 464.789324 -9069.198397 0.082356 0.944395 -0.318332 -0.869046 -0.088299 -0.486788 0.487828 -0.316735 -0.813451
-0.774744 -105.806739 1992.081209 -7070.171695 0.077219 0.953253 -0.292142 -0.887794 -0.067602 -0.455249 0.453716 -0.294516 -0.841072
62.283487 -37.986045 -16025.207968 2556.863821 0.666091 0.742542 0.070385 -0.440287 0.467610 -0.766478 0.602055 -0.479554 -0.638403
84.354528 -49.011237 -23540.362974 5120.106661 0.670521 0.740389 0.047181 -0.387337 0.403606 -0.828898 0.632750 -0.537518 -0.557406
77.998756 -39.093973 -4367.238419 2040.434367 0.483259 0.864459 0.138461 -0.460316 0.385423 -0.799724 0.744694 -0.322738 -0.584184
35.622408 -45.072437 -18669.359092 5098.274590 0.750952 0.660347 0.003645 -0.408952 0.469384 -0.782583 0.518487 -0.586192 -0.622535
57.320122 -30.813448 -6870.904915 405.615844 0.554047 0.825969 0.103952 -0.525918 0.444072 -0.725404 0.645323 -0.347238 -0.680429
39.059582 -32.718687 -11789.381432 2281.650938 0.707047 0.706195 0.037064 -0.469412 0.507886 -0.722291 0.528903 -0.493295 -0.690595
-0.282807 -75.355641 679.523243 7310.534261 0.035749 0.928964 -0.368440 -0.306507 -0.340716 -0.888801 0.951197 -0.144703 -0.272554
1.545879 -70.145219 381.351886 192.358256 0.046536 0.929793 -0.365129 -0.493135 -0.296495 -0.817868 0.868707 -0.218119 -0.444716
1.555586 -72.888875 695.216084 4059.682359 0.032357 0.923859 -0.381364 -0.359830 -0.345210 -0.866806 0.932457 -0.165273 -0.321262
1.442611 -65.839543 504.593299 -1517.178453 0.049788 0.931524 -0.360256 -0.537256 -0.279092 -0.795905 0.841949 -0.233176 -0.486571
1.330314 -73.971882 -183.397779 -3140.046847 0.000016 0.915344 -0.402672 0.986518 -0.065912 -0.149792 -0.163652 -0.397241 -0.903005
1.652380 -79.287160 736.473672 -3160.366370 0.008865 0.921699 -0.387805 0.999925 -0.011442 -0.004337 -0.008434 -0.387737 -0.921731
-3.482579 -46.937301 3208.713481 -1190.791714 -0.171560 0.984898 0.023321 -0.975000 -0.166347 -0.147318 0.141214 0.048012 -0.988814
7.499071 -41.803102 3990.502309 -2570.883155 -0.023385 0.998632 0.046766 -0.977207 -0.012961 -0.211891 0.210995 0.050655 -0.976174
-0.394721 -44.685395 5416.163576 -581.890770 -0.110455 0.990602 0.080673 -0.962893 -0.086547 -0.255629 0.246244 0.105915 -0.963403
20.455728 -201.695667 -3028.348547 35588.423398 0.113059 0.182062 0.976766 0.982359 -0.167861 -0.082418 0.148956 0.968853 -0.197828
15.772669 -237.273809 -1617.435384 31013.525336 0.060334 0.164262 0.984570 0.976973 0.192515 -0.091987 -0.204655 0.967448 -0.148865
-1.541359 -7.102609 -1883.844638 -137.134315 0.175022 -0.552904 0.814656 0.701118 0.650902 0.291135 -0.691231 0.520215 0.501573
-3.513336 -6.462139 -821.598813 -593.621483 0.494996 -0.175006 0.851088 0.519380 0.844849 -0.128350 -0.696579 0.505572 0.509092
2.540845 -4.086488 3764.954540 2053.768631 -0.003238 0.666311 -0.745667 0.746780 0.497532 0.441341 -0.665064 0.555419 0.499199
38.765008 -174.803206 -26074.968565 987.248224 0.084828 0.458088 0.884850 0.883780 0.375523 -0.279134 -0.460149 0.805691 -0.372994
7.159228 -254.081577 17673.026137 41672.218979 -0.734831 0.031369 0.677524 0.277520 0.925388 0.258148 -0.618875 0.377722 -0.688709
-8.495660 -95.714236 1693.529299 -9930.453706 -0.448664 0.140741 0.882549 0.674967 0.700622 0.231406 -0.585765 0.699515 -0.409340
9.273572 -64.669047 2010.944086 1875.275036 -0.451584 0.853648 0.259531 0.890296 0.411986 0.194014 0.058697 0.318673 -0.946045
12.236007 -60.167355 1030.042126 4923.244340 -0.472401 0.849919 0.233398 0.859622 0.385809 0.334963 0.194644 0.358872 -0.912866
5.561469 -59.736449 2031.134031 3170.105616 -0.467316 0.843783 0.263906 0.869175 0.383885 0.311715 0.161710 0.375050 -0.912791
8.591135 -52.369287 1531.073379 4613.367232 -0.472418 0.843371 0.256019 0.839773 0.342522 0.421260 0.267586 0.414009 -0.870054
1.896163 -64.223082 3615.719998 1651.972186 -0.464686 0.838855 0.283529 0.885350 0.434764 0.164727 0.014913 0.327569 -0.944710
-4.576256 -60.481535 4376.450831 2992.557343 -0.492506 0.820351 0.290624 0.860668 0.409526 0.302554 0.129182 0.399141 -0.907744
-18.599537 -41.036723 1730.685747 -1746.125421 0.061369 0.875073 0.480085 0.278914 -0.476865 0.833551 -0.958353 -0.082748 0.273335
-21.738889 -42.043813 1836.595719 -1998.235363 0.016487 0.860559 0.509084 0.237021 -0.498004 0.834154 -0.971365 -0.106911 0.212181
-22.232767 -46.047052 430.953811 -2109.116228 0.002037 0.808108 0.589031 0.315625 -0.559443 0.766424 -0.948882 -0.184352 0.256198
-28.136990 -235.323531 7313.320139 -53786.733247 0.903612 -0.167767 -0.394132 -0.426230 -0.260677 -0.866242 -0.042586 -0.950737 0.307059
90.150026 -287.079062 49345.480267 -66419.520342 0.995607 -0.068816 -0.063496 -0.068414 -0.071637 -0.995082 -0.063929 -0.995054 0.076030
-52.403609 -598.284977 5358.306002 -119805.920730 0.808310 -0.030798 -0.587951 -0.580992 -0.203384 -0.788088 0.095309 -0.978614 0.182291
-97.279379 -408.622629 -8338.467186 -116386.948544 0.784641 -0.212828 -0.582274 -0.608528 -0.084939 -0.788973 -0.118458 -0.973391 0.196158
-62.162042 -186.427284 8162.837253 -34605.492121 0.952204 -0.144858 -0.268932 -0.304257 -0.371580 -0.877129 -0.027129 -0.917030 0.397894
-128.124371 -318.676091 -25480.589257 81048.040251 0.496459 -0.322959 -0.805746 0.864863 0.104437 0.491024 -0.074431 -0.940633 0.331164
-13.820709 -70.739610 -17603.143222 13053.065085 0.201198 0.961593 -0.186704 -0.313083 -0.117476 -0.942432 0.928169 -0.248069 -0.277422
-20.025970 -67.195117 -19227.376421 1042.565271 0.227167 0.968786 -0.099245 -0.389443 -0.003035 -0.921045 0.892597 -0.247882 -0.376598
15.848152 -44.980698 751.473963 4616.376270 0.063514 0.755407 0.652171 -0.595567 0.553058 -0.582603 0.800791 0.351408 -0.485023
9.580145 -36.571762 152.944513 3344.866037 0.035829 0.766957 0.640697 -0.653923 0.502798 -0.565313 0.755712 0.398712 -0.519546
10.973927 -148.800280 -74.043196 -1302.777072 0.930677 -0.317032 0.182569 -0.034186 0.421489 0.906189 0.364242 0.849611 -0.381431
7.738966 -144.158726 -175.860047 -1057.520197 0.938035 -0.290507 0.188933 0.051121 0.655235 0.753693 0.342749 0.697332 -0.629485
9.926003 -143.335960 -544.865632 -1772.573814 0.935575 -0.308050 0.172642 0.079699 0.660476 0.746606 0.344018 0.684746 -0.642476
27.114960 -39.355725 1483.740606 -1515.559813 0.108812 0.907860 -0.404907 0.899814 0.083163 0.428274 -0.422486 0.410943 0.807856
30.181080 -40.117594 -1999.635978 -894.393154 0.092400 0.942873 -0.320081 0.890030 0.065919 0.451111 -0.446440 0.326564 0.833095
28.608422 -36.859458 1434.657630 -881.562661 0.158811 0.929131 -0.333908 0.839469 0.050942 0.541014 -0.519683 0.366225 0.771886
-0.018978 -46.686200 1085.471558 -3111.438895 0.499739 -0.578474 -0.644693 0.853271 0.200777 0.481266 -0.148960 -0.790605 0.593932
3.427997 -44.288994 750.136207 -2086.054541 0.531010 -0.580842 -0.616969 0.819893 0.168294 0.547223 -0.214018 -0.796429 0.565594
2.905761 -48.873711 1496.210875 -1199.258136 0.503131 -0.571030 -0.648678 0.862201 0.280527 0.421798 -0.058888 -0.771511 0.633485
1.308825 -190.114891 -3434.811531 -12920.619160 0.666313 0.695484 0.268939 0.497062 -0.145420 -0.855443 0.555838 -0.703672 0.442594
0.266215 -170.152029 2596.881365 -18631.644091 -0.639030 -0.701674 -0.315110 0.700066 -0.360839 -0.616200 0.318668 -0.614368 0.721805
-13.439524 -47.628839 943.665038 -981.036890 -0.699601 0.636654 0.324391 0.670489 0.741853 -0.009956 -0.246989 0.210535 -0.945871
-13.115283 -46.333628 678.007405 -1568.246389 -0.695398 0.628549 0.348350 0.614368 0.771457 -0.165547 -0.372791 0.098894 -0.922630
21.370455 -127.443538 3146.444932 5890.038623 -0.926217 0.260733 -0.272288 0.235626 0.964186 0.121763 0.294284 0.048621 -0.954480
14.887786 -116.715540 -16.737609 7223.847495 -0.905260 0.255109 -0.339742 0.133700 0.930087 0.342144 0.403273 0.264305 -0.876078
14.520642 -133.008805 1964.411853 5825.891483 -0.915940 0.322058 -0.239442 0.289832 0.943541 0.160398 0.277581 0.077517 -0.957570
-4.905484 -117.921663 479.649513 1855.518091 0.893231 -0.411312 0.181549 -0.256960 -0.135688 0.956849 0.368930 0.901339 0.226891
-6.820943 -111.934969 2117.257921 3737.865462 0.885476 -0.435533 0.161997 -0.347773 -0.389905 0.852659 0.308198 0.811348 0.496718
-0.963217 -114.821484 1936.978823 1443.665874 0.893372 -0.425842 0.143335 -0.295970 -0.317709 0.900813 0.338065 0.847184 0.409868
-2.411948 -107.654370 2624.136889 3704.723081 0.893160 -0.432288 0.124069 -0.372881 -0.557548 0.741687 0.251448 0.708708 0.659171
-8.984227 -102.462334 2109.397000 4601.016691 0.893964 -0.425061 0.141958 -0.392672 -0.590324 0.705214 0.215958 0.686179 0.694637
14.067110 -52.260102 -3782.748759 162.053812 0.081705 0.995906 -0.038667 0.753272 -0.087110 -0.651915 0.652614 -0.024138 0.757306
13.135910 -49.893742 -4659.010896 -430.051382 0.084800 0.994364 -0.063628 0.673467 -0.104262 -0.731828 0.734338 -0.019208 0.678513
11.025806 -50.946013 -908.070836 -417.882759 0.066426 0.996665 -0.047400 0.721089 -0.080785 -0.688116 0.689651 -0.011529 0.724051
13.276294 -51.549246 1936.417937 462.699003 0.056415 0.996933 -0.054241 0.793638 -0.077740 -0.603404 0.605770 0.009007 0.795589
-0.119348 -171.236734 -1658.484956 21654.423359 0.966082 -0.061893 0.250710 0.150459 0.923950 -0.351679 0.209877 -0.377473 -0.901924
2.059921 -251.306430 2492.165657 41627.347522 0.958962 -0.032212 0.281698 0.204704 0.766099 -0.609253 0.196183 -0.641915 -0.741254
5.172237 -66.470439 -1960.678045 648.026479 0.985962 -0.034489 0.163370 -0.003755 -0.982766 -0.184814 -0.166929 -0.181606 0.969100
-2.791704 -70.238638 -730.060478 255.335484 0.975033 -0.170568 0.142189 0.155662 0.981650 0.110150 -0.158367 -0.085266 0.983692
10.962712 -386.466453 4640.435273 -41075.516821 0.919217 -0.322462 0.225961 -0.298007 -0.194664 0.934504 0.257355 0.926350 0.275034
15.888691 -46.007758 -1458.509762 -787.156098 0.018479 0.981119 -0.192521 0.873920 0.077693 0.479820 -0.485718 0.177115 0.855984
14.826914 -46.358460 -2171.809790 -238.401452 0.029706 0.985806 -0.165240 0.819025 0.070758 0.569378 -0.572989 0.152250 0.805298
20.051853 -43.759813 -4449.630881 -289.550482 0.051648 0.983371 -0.174110 0.814284 0.059466 0.577413 -0.578165 0.171597 0.797672
-15.218713 -48.133695 219.609286 652.732962 0.442406 0.895695 -0.044806 0.822595 -0.385385 0.418111 -0.357232 0.221832 0.907290
-16.795742 -48.707912 549.199174 -265.543728 0.400643 0.915048 -0.046608 0.788253 -0.318304 0.526631 -0.467057 0.247730 0.848815
-6.240498 -12.769709 592.395794 -1582.787744 0.037983 0.830530 -0.555678 0.772659 0.328223 0.543386 -0.633684 0.449989 0.629249
-9.007308 -13.226268 1631.327493 -1425.935828 0.001449 0.817937 -0.575306 0.769332 0.366621 0.523179 -0.638847 0.443359 0.628734
-9.083737 -17.194622 999.870539 -1952.517189 0.163524 0.875154 -0.455374 0.775037 0.171632 0.608161 -0.610392 0.452381 0.650211
-11.469540 -15.698672 1826.527211 -1860.181146 0.083593 0.860673 -0.502248 0.769368 0.264576 0.581440 -0.633312 0.435018 0.640058
-5.776848 -17.799258 479.759660 -2054.564299 0.120123 0.854926 -0.504651 0.791949 0.224014 0.568010 -0.598655 0.467889 0.650148
-11.001332 -22.709570 820.426489 -2100.495068 0.282797 0.891686 -0.353443 0.772422 0.006756 0.635074 -0.568674 0.452604 0.686847
-8.687977 -21.075317 524.263184 -1816.131621 0.181800 0.876325 -0.446097 0.798860 0.132907 0.586650 -0.573385 0.463022 0.675899
-12.236860 -20.580847 1455.314576 -2113.458238 0.293070 0.897873 -0.328532 0.748469 -0.001650 0.663168 -0.594899 0.440251 0.672514
7.667190 -201.604369 -421.410790 -23505.920119 -0.544062 -0.773426 -0.325282 0.801753 -0.364929 -0.473307 0.247363 -0.518304 0.818641
-26.108349 -97.600148 5669.973247 -1938.951234 -0.084388 0.611405 0.786805 0.157007 0.787917 -0.595429 -0.983986 0.073287 -0.162485
-11.433272 -76.417465 2806.598279 -8723.203811 -0.049358 0.658848 0.750655 0.203799 0.742402 -0.638205 -0.977768 0.121482 -0.170916
4.739419 -121.954189 4291.992297 24232.470672 0.006482 0.741129 0.671332 -0.286943 -0.641735 0.711225 -0.957926 0.197244 -0.208502
-35.967334 -85.493907 -4041.577105 3665.101617 0.347120 0.925450 0.151822 -0.923403 0.365553 -0.117035 0.163810 0.099568 -0.981454
-12.645013 -84.087287 -9533.867568 -8914.817839 0.235991 0.971367 -0.027451 0.971539 -0.235248 0.027772 0.020519 -0.033224 -0.999237
6.108022 -14.906395 1061.660469 1423.583381 0.565535 0.432191 0.702411 0.656930 -0.750983 -0.066840 0.498611 0.499235 -0.708626
11.084213 -16.953019 56.070653 -1337.338848 0.683482 0.271286 0.677684 -0.555100 0.796050 0.241180 0.474042 0.541025 -0.694677
14.679387 -18.560400 -469.743739 802.621852 0.580511 0.462524 0.670133 0.687941 -0.718876 -0.099772 0.435596 0.518931 -0.735505
3.004559 -11.932842 760.695437 -1304.761479 0.743974 0.136480 0.654122 -0.436748 0.840196 0.321437 0.505721 0.524828 -0.684691
5.377603 -17.958811 1930.169736 -1605.412596 -0.503239 -0.558804 -0.659158 -0.716097 0.696621 -0.043854 0.483689 0.449952 -0.750725
0.069960 -8.755755 -3452.486073 -1262.010297 -0.496938 -0.470246 -0.729329 -0.679297 0.733792 -0.010276 0.540008 0.490324 -0.684086
4.109503 -13.945497 -787.660457 -1279.065777 -0.389583 -0.614279 -0.686212 -0.751196 0.643012 -0.149132 0.532851 0.457380 -0.711950
-4.585287 -45.580444 3193.447153 -1248.271850 -0.197420 0.979414 0.042111 -0.298102 -0.100900 0.949186 -0.933895 -0.174835 -0.311885
-9.417872 -45.461656 3811.943634 -1565.064371 -0.220589 0.972548 0.074102 -0.292817 -0.138501 0.946084 -0.930376 -0.186997 -0.315330
5.913698 -40.766548 -3780.290981 1640.533572 0.227895 0.969582 -0.089303 0.973627 -0.227926 0.009987 -0.010671 -0.089224 -0.995954
10.082493 -44.420057 -776.226295 2069.986573 0.147588 0.988462 -0.034061 0.988992 -0.147123 0.015785 0.010592 -0.036016 -0.999295
-2.639922 -41.223629 -3107.691658 -584.391877 0.196903 0.977005 -0.081795 -0.970015 0.206258 0.128565 -0.142479 -0.054027 -0.988322
5.810705 -56.345424 -1004.596124 -1478.015747 -0.231027 0.913902 -0.333780 -0.309445 0.256228 0.915746 -0.922426 -0.314849 -0.223607
6.338185 -56.545930 -1386.430695 -812.120953 -0.243087 0.914586 -0.323174 -0.190470 0.281676 0.940415 -0.951120 -0.290158 -0.105729
