12512
25009
-40.147933 -55.867563 -947.793196 6991.155093 0.306731 0.951775 0.006404 0.741599 -0.234769 -0.628422 0.596613 -0.197506 0.777846
-48.858960 -69.905247 610.203813 6309.970004 0.240317 0.970647 -0.009636 0.848512 -0.214879 -0.483585 0.471461 -0.108038 0.875244
-47.323620 -77.556932 -1236.843312 10210.603099 -0.025459 0.976585 0.213621 0.880356 0.123145 -0.458048 0.473629 -0.176401 0.862878
-39.988984 -58.849004 237.510546 5603.457394 0.479998 0.844201 -0.238594 0.664057 -0.527367 -0.530012 0.573263 -0.095965 0.813732
-30.833708 -76.386184 -5336.789272 12417.063360 0.031220 0.955529 0.293240 0.828034 0.139593 -0.543023 0.559808 -0.259766 0.786852
-30.903736 -47.132071 -5264.537852 6423.009018 0.286990 0.949625 0.125894 0.699556 -0.117982 -0.704770 0.654414 -0.290332 0.698176
-29.986044 -42.949995 303.950649 -2974.916155 0.651056 0.638730 -0.410062 -0.361657 0.736021 0.572256 0.667331 -0.224269 0.710192
-35.157838 -49.517187 1525.786108 -2945.947154 0.649073 0.601884 -0.465231 -0.394946 0.789301 0.470129 0.650170 -0.121407 0.750026
130.430411 -80.463818 11514.259971 6103.231132 -0.357565 0.835266 0.417705 -0.339793 0.300258 -0.891283 0.869878 0.460625 -0.176455
85.855646 -53.633902 16412.694496 3454.688846 -0.492224 0.683874 0.538546 -0.505896 0.278725 -0.816322 0.708367 0.674262 -0.208774
128.384845 -75.887082 11772.829383 1426.367401 -0.229711 0.846446 0.480376 -0.530952 0.304669 -0.790738 0.815673 0.436698 -0.379436
92.013874 -61.234519 -18399.866988 -9022.730046 0.632471 -0.667318 -0.393277 0.322123 -0.235141 0.917031 0.704427 0.706679 -0.066239
2.711712 -13.775195 336.834361 -1109.435328 0.631737 -0.016702 0.775003 0.178592 0.976009 -0.124544 -0.754330 0.217088 0.619564
-0.897003 -13.318683 1121.089671 3420.076287 0.635402 0.442751 0.632643 -0.160799 0.877199 -0.452401 -0.755254 0.185727 0.628567
2.803276 -22.891520 885.903725 3689.789981 0.619177 0.471080 0.628254 -0.189453 0.866051 -0.462670 -0.762054 0.167450 0.625487
5.016140 -20.583045 379.651260 640.363698 0.631845 0.191394 0.751093 0.049063 0.957214 -0.285191 -0.773540 0.217048 0.595420
43.857034 -95.662450 104.983046 -6670.557686 0.383632 -0.384519 0.839626 0.915162 0.280093 -0.289873 -0.123712 0.879598 0.459350
27.231245 -91.125027 1303.599379 2188.668484 0.394817 -0.406627 0.823877 0.907879 0.035069 -0.417764 0.140981 0.912921 0.383014
42.997077 -95.132269 2692.181911 -5980.753695 0.519067 -0.474036 0.711237 0.854471 0.308398 -0.418055 -0.021171 0.824731 0.565130
19.525531 -93.625853 1215.518763 5065.754806 0.524219 -0.455552 0.719491 0.821626 0.048438 -0.567965 0.223887 0.888891 0.399685
26.606051 -94.552208 1052.645457 4254.080985 0.627239 -0.491296 0.604317 0.739742 0.133097 -0.659596 0.243623 0.860763 0.446916
139.048215 -27.268746 -58487.434299 -2589.946639 -0.472294 0.864953 0.169689 0.694750 0.246821 0.675575 -0.542458 -0.436962 0.717498
130.309033 -32.205726 -34492.878915 -3596.522246 -0.220384 0.972466 0.075770 0.721577 0.110272 0.683496 -0.656321 -0.205305 0.726011
83.895745 -32.283837 -36869.680697 -2610.876373 -0.411437 0.903272 0.121731 0.751575 0.260676 0.605957 -0.515611 -0.340803 0.786129
21.925413 -41.076951 -13436.581457 -2298.017125 -0.532302 0.846228 -0.023499 0.722297 0.468473 0.508743 -0.441522 -0.253832 0.860597
9.488201 -38.454209 -11242.055574 -1692.875823 -0.632491 0.769676 -0.086914 0.622456 0.571852 0.534354 -0.460981 -0.283875 0.840780
16.077785 -33.401590 -13413.105256 -1910.649563 -0.668198 0.739740 -0.079347 0.557151 0.568222 0.605563 -0.493046 -0.360428 0.791832
-3.120188 -70.220822 12.242956 -685.853926 0.378574 0.914822 -0.140648 0.667041 -0.164315 0.726675 -0.641668 0.368919 0.672429
-2.684987 -72.746673 -188.666077 -3570.071063 0.371996 0.917563 -0.140348 0.557424 -0.099923 0.824193 -0.742225 0.384829 0.548643
-1.571681 -72.480034 -956.775682 297.044917 0.352433 0.927098 -0.127594 0.680179 -0.160117 0.715346 -0.642766 0.338898 0.687023
-2.419009 -71.539402 185.773341 3424.310428 0.381490 0.913460 -0.141617 0.772152 -0.230682 0.592088 -0.508180 0.335226 0.793333
-26.936849 -102.683316 -1802.660100 -14786.105326 0.018437 0.998398 0.053487 -0.008771 -0.053332 0.998538 -0.999792 0.018879 -0.007774
-18.384316 -85.165580 -4316.228047 -16715.721773 -0.029303 0.992174 0.121373 -0.219679 -0.124849 0.967550 -0.975132 -0.001689 -0.221618
-18.292451 -110.957497 -4425.229984 -18286.091198 -0.073800 0.984073 0.161721 0.019531 -0.160706 0.986809 -0.997082 -0.075985 0.007360
-28.121665 -122.219949 -3042.498405 -12166.165910 -0.040478 0.995502 0.085657 0.202778 -0.075759 0.976290 -0.978388 -0.056888 0.198800
-33.595888 -128.765711 -285.760732 -12681.317653 0.053175 0.998537 -0.009805 0.219193 -0.002092 0.975679 -0.974231 0.054031 0.218984
-7.152336 -84.952930 165.579266 60.057372 0.243011 0.943873 0.223716 0.817754 -0.075291 -0.570622 0.521751 -0.321612 0.790153
-8.605912 -84.427925 -656.597959 -321.500049 0.217944 0.948593 0.229505 0.825405 -0.053673 -0.561984 0.520776 -0.311915 0.794671
-6.842219 -88.111747 -513.714622 3959.235683 0.212074 0.948427 0.235609 0.906120 -0.100539 -0.410899 0.366019 -0.300631 0.880710
-5.572195 -85.517784 -64.376908 2273.714471 0.240493 0.942232 0.233158 0.883904 -0.113328 -0.453730 0.401095 -0.315208 0.860097
-0.795689 -89.522291 840.716960 -1556.338864 0.288820 0.912043 -0.291138 0.209789 0.236415 0.948734 -0.934115 0.335091 0.123055
-0.508360 -81.184949 499.435382 -3795.890904 0.293269 0.907172 -0.301717 -0.002808 0.316410 0.948618 -0.956026 0.277353 -0.095340
-2.622065 -80.804788 1187.631397 -4849.749791 0.291055 0.904450 -0.311861 -0.012712 0.329600 0.944035 -0.956622 0.270802 -0.107429
-5.646929 -79.705435 1365.403818 -6343.853966 0.278071 0.904484 -0.323397 -0.055626 0.351273 0.934619 -0.958948 0.241901 -0.147992
-5.907623 -90.716955 1749.457693 -4796.102341 0.292060 0.905953 -0.306514 0.135917 0.277918 0.950941 -0.946693 0.319392 0.041965
65.030531 -45.795693 4452.791954 -58.329388 -0.358851 0.896095 0.261226 0.637195 0.439693 -0.632972 0.682062 0.060691 0.728771
66.310741 -45.253503 3663.276438 -164.101617 -0.266411 0.906437 0.327715 0.689676 0.416788 -0.592144 0.673329 -0.068263 0.736185
64.101265 -46.620346 4964.244725 247.546785 -0.341012 0.899738 0.272365 0.700048 0.436426 -0.565213 0.627410 0.002076 0.778686
69.771357 -45.056670 2480.104489 545.035864 -0.257338 0.909167 0.327402 0.588406 0.416187 -0.693229 0.766522 -0.014251 0.642060
50.752888 -47.571956 1725.089482 272.908170 -0.416415 0.882080 0.220305 0.683331 0.463484 -0.564129 0.599714 0.084371 0.795754
2.794761 -159.114838 2555.521486 8238.376165 -0.300157 0.007331 -0.953862 0.952691 -0.047807 -0.300156 -0.047802 -0.998830 0.007365
4.154353 -147.390873 1224.584161 321.485837 -0.278741 -0.005345 -0.960352 0.937695 0.214484 -0.273358 0.207441 -0.976713 -0.054773
-0.692130 -161.375849 2257.089475 14187.088226 -0.313726 0.000806 -0.949513 0.948982 0.033736 -0.313521 0.031780 -0.999430 -0.011348
1.204546 -155.176116 -397.265197 8692.337779 -0.322982 -0.027898 -0.945994 0.919536 0.227240 -0.320650 0.223913 -0.973439 -0.047741
-3.267436 -170.715193 2874.959623 15145.531355 -0.345922 0.029720 -0.937793 0.907898 -0.241617 -0.342552 -0.236767 -0.969917 0.056598
-6.948105 -186.705205 1757.354475 21996.484575 -0.383777 0.008487 -0.923387 0.922921 -0.029525 -0.383855 -0.030521 -0.999528 0.003498
-1.318138 -77.430743 -372.114880 1712.190407 0.385327 -0.087083 0.918662 -0.566011 0.763962 0.309828 -0.728804 -0.639358 0.245086
1.379191 -78.305529 -484.883409 -5264.993014 0.415545 -0.127559 0.900584 -0.452070 0.830203 0.326183 -0.789275 -0.542671 0.287321
0.473349 -74.591268 -534.168640 -2275.227871 0.413894 -0.131379 0.900795 -0.517606 0.780042 0.351595 -0.748850 -0.611780 0.254852
-30.572076 -202.518275 3374.217006 12400.008140 0.680162 -0.227855 0.696750 0.729738 0.300854 -0.613978 -0.069722 0.926050 0.370904
-4.172534 -378.898649 21840.177317 -74495.754344 0.805776 -0.200392 0.557286 -0.588138 -0.160469 0.792681 0.069419 0.966485 0.247160
-63.108831 -131.810811 -13346.176305 6060.903241 0.093745 -0.373130 0.923031 0.985704 0.165153 -0.033349 -0.139997 0.912961 0.383278
-5.605557 -12.487622 1276.820294 1938.082654 -0.653801 0.750971 0.092669 -0.112138 0.024954 -0.993379 0.748311 0.659864 -0.067898
-4.526314 -7.425526 1483.936405 1238.106692 -0.663575 0.747473 0.030870 -0.087522 -0.036585 -0.995491 0.742973 0.663284 -0.089697
-3.144305 -10.927342 635.816427 1885.756882 -0.660840 0.748791 0.051014 -0.090528 -0.012052 -0.995821 0.745047 0.662697 -0.075751
-3.690664 -16.577218 671.354214 2286.691208 -0.661921 0.749505 0.010120 -0.037803 -0.019895 -0.999087 0.748620 0.661699 -0.041502
-6.666282 -18.506823 1175.759913 2257.585167 -0.650693 0.747939 0.131095 -0.107952 0.079772 -0.990950 0.751628 0.658957 -0.028835
-2.638568 -11.751138 94.629148 1338.126457 -0.155818 0.015263 -0.987668 -0.618624 0.778002 0.109620 0.770081 0.628076 -0.111785
-3.968685 -7.843379 47.024198 1794.363340 -0.123460 -0.018362 -0.992180 -0.652082 0.755167 0.067165 0.748029 0.655275 -0.105206
-4.315906 -10.408836 390.016622 1452.023833 -0.217398 0.104990 -0.970420 -0.606716 0.764269 0.218606 0.764613 0.636294 -0.102451
-4.595863 -13.293091 631.709485 831.281452 -0.247200 0.144611 -0.958113 -0.570309 0.777674 0.264520 0.783352 0.611809 -0.109768
-7.446852 -10.911292 1652.046322 1100.806147 -0.308497 0.229292 -0.923176 -0.557454 0.742811 0.370778 0.770762 0.629013 -0.101335
70.463621 -366.896900 -1368.077709 20738.727231 -0.410886 -0.834179 0.367856 0.873890 -0.245393 0.419640 -0.259786 0.493890 0.829810
59.460307 -366.815951 -4390.192662 -47079.545205 0.361184 0.824364 -0.435856 0.727278 0.043506 0.684963 -0.583621 0.564386 0.583828
76.734720 -387.949032 -1844.855486 1926.283514 -0.319061 -0.710513 0.627193 0.914406 -0.056831 0.400788 -0.249121 0.701385 0.667830
-12.537233 -886.339634 496.145685 -283311.430491 -0.007230 -0.034790 -0.999368 0.998504 -0.054421 -0.005330 -0.054201 -0.997912 0.035132
-3.870229 -143.867254 1471.678357 -38112.320921 0.073663 -0.032406 -0.996757 0.953569 -0.290381 0.079912 -0.292028 -0.956362 0.009511
-1.917491 -177.841729 1544.540945 -44872.459242 -0.008226 -0.018789 -0.999790 0.955151 -0.296110 -0.002294 -0.296005 -0.954969 0.020382
-11.957565 -903.677140 165.609516 -288673.917047 -0.023576 0.003784 -0.999715 0.998720 -0.044674 -0.023722 -0.044751 -0.998994 -0.002726
13.427382 -982.150840 595.903620 -320443.617384 -0.014294 -0.029868 -0.999452 0.974960 -0.222259 -0.007301 -0.221919 -0.974530 0.032297
5.767279 -113.944436 1965.516897 -24191.820180 0.020821 -0.034619 -0.999184 0.939116 -0.342160 0.031424 -0.342969 -0.939004 0.025387
-39.514462 -60.257253 325.551695 1309.154657 -0.216868 0.039318 0.975409 0.709686 0.692443 0.129877 -0.670309 0.720400 -0.178072
-41.163961 -58.980398 1148.241744 297.650404 -0.237808 0.082161 0.967831 0.631073 0.770526 0.089651 -0.738373 0.632092 -0.235087
-39.319637 -60.579644 -368.850140 689.602931 -0.158066 0.021424 0.987196 0.642708 0.761225 0.086388 -0.749627 0.648134 -0.134093
-38.812309 -61.068892 -1139.267456 1148.806176 -0.123149 0.003720 0.992381 0.753679 0.650900 0.091088 -0.645602 0.759154 -0.082961
-39.140530 -59.571943 679.596113 -81.931056 -0.209061 0.036722 0.977213 0.780037 0.608940 0.143995 -0.589777 0.792366 -0.155950
-42.827524 -62.104724 -43.371616 -977.530322 0.405422 0.895228 0.184931 -0.892739 0.431257 -0.130519 0.196597 0.112180 -0.974046
-41.514840 -60.154225 776.744619 1940.539381 0.288013 0.937527 0.195171 0.956992 -0.289196 -0.023042 0.034840 0.193414 -0.980498
-44.055592 -58.547409 -846.439367 1125.352918 0.316380 0.909203 0.270655 0.940418 -0.338069 0.036373 0.124571 0.243021 -0.961989
-43.864069 -73.890056 6435.838428 -1018.011048 0.481868 -0.288643 0.827338 -0.297493 0.834214 0.464311 -0.824197 -0.469864 0.316112
-39.470304 -67.181164 7308.747195 -4310.356010 0.555290 -0.433966 0.709455 -0.362994 0.641046 0.676236 -0.748257 -0.633035 0.198439
-27.749753 -66.932446 7928.564841 -1941.486009 0.592688 -0.316123 0.740802 -0.280370 0.781258 0.557700 -0.755059 -0.538240 0.374411
-22.210441 -65.306977 7268.114550 1512.979855 0.579481 -0.215651 0.785937 -0.195338 0.899495 0.390835 -0.791230 -0.380005 0.479115
-37.757453 -70.570313 6390.525062 1911.602090 0.504840 -0.202721 0.839071 -0.199677 0.918244 0.341988 -0.839801 -0.340193 0.423088
-5.758553 -58.608323 7099.882458 -1671.883757 0.626645 -0.286482 0.724737 -0.222776 0.825318 0.518865 -0.746784 -0.486599 0.453360
-6.577070 -53.639150 8896.243451 -2835.865048 0.682821 -0.417029 0.599869 -0.235429 0.651679 0.721032 -0.691613 -0.633562 0.346800
23.611262 -49.400630 -14631.941388 -3023.601275 0.317652 0.886518 0.336427 0.026009 0.346524 -0.937681 0.947851 -0.306606 -0.087016
19.165425 -52.519401 -11887.983243 -1397.219653 0.286891 0.922453 0.258408 -0.168036 0.314023 -0.934427 0.943110 -0.224657 -0.245095
2.849480 -51.489163 -9123.419423 -2652.282738 0.298983 0.859000 0.415606 -0.054846 0.450276 -0.891203 0.952681 -0.243660 -0.181737
0.406508 -48.867972 -8191.715682 -3646.773968 0.288911 0.811532 0.507885 0.104032 0.500753 -0.859316 0.951687 -0.301102 -0.060248
21.551592 -44.093852 -13506.393163 -2873.960591 0.318380 0.860229 0.398297 0.145131 0.370975 -0.917232 0.936788 -0.349833 0.006735
46.677237 -43.675474 -13413.627252 -1835.643361 0.240509 0.929088 0.280981 0.086058 0.267927 -0.959588 0.966824 -0.254971 0.015517
30.919791 -21.676932 -2099.877376 -1230.532152 -0.441467 0.650606 0.617915 0.226756 -0.585407 0.778383 -0.868153 -0.483746 -0.110909
31.368981 -25.514264 6848.705832 -1919.028107 -0.267664 0.766894 0.583293 0.202075 -0.547237 0.812218 -0.942084 -0.335270 0.008495
34.909346 -25.102196 -517.520804 -2635.897853 -0.385962 0.655798 0.648816 0.286255 -0.583459 0.760022 -0.876978 -0.479067 -0.037468
30.128736 -23.493999 -7737.509266 1433.525518 -0.527499 0.536358 0.658836 -0.298204 0.609264 -0.734760 -0.795499 -0.584052 -0.161442
34.440478 -28.588510 -7383.508383 2749.366194 -0.496871 0.539721 0.679574 -0.358033 0.585839 -0.727052 -0.790526 -0.604561 -0.097848
39.888145 -31.217060 1775.493838 -2115.285707 -0.310157 0.685756 0.658439 0.374247 -0.548599 0.747648 -0.873923 -0.478307 0.086490
-1.795625 -70.846761 219.838892 1025.918312 -0.438941 0.881744 -0.172793 -0.812419 -0.471619 -0.342856 0.383804 0.010113 -0.923359
0.064153 -71.922554 -1285.553554 1291.464395 -0.415375 0.889717 -0.189389 -0.825641 -0.456140 -0.332044 0.381813 -0.018444 -0.924056
0.004288 -66.925567 -981.487627 3128.584368 -0.438325 0.878043 -0.192126 -0.866122 -0.469746 -0.170797 0.240217 -0.091540 -0.966393
-1.520889 -73.747069 -813.484947 -656.760451 -0.413452 0.893431 -0.175609 -0.736404 -0.441538 -0.512595 0.535506 0.082615 -0.840481
-0.754403 -65.071821 231.396954 2764.041797 -0.457962 0.870897 -0.178354 -0.858328 -0.485408 -0.166291 0.231396 -0.076931 -0.969813
-3.249525 -72.599677 -407.190803 -190.860047 -0.426020 0.885827 -0.183898 -0.719195 -0.454910 -0.525182 0.548877 0.091479 -0.830882
2.640521 -51.408927 628.219381 632.630406 0.601020 -0.793826 -0.092820 0.711473 0.478495 0.514634 -0.364116 -0.375345 0.852371
3.403059 -51.210536 1165.777541 -522.333513 0.589714 -0.799954 -0.110952 0.761344 0.504826 0.406824 -0.269429 -0.324383 0.906744
2.210516 -50.501847 810.223747 -272.774033 0.576343 -0.807834 -0.123421 0.748416 0.461121 0.476698 -0.328181 -0.367112 0.870360
13.055344 -25.467494 -3368.885180 -3451.035415 -0.317782 0.181773 -0.930577 -0.498572 0.802778 0.327067 0.806499 0.567896 -0.164481
20.575660 -17.111449 -2034.218470 -3145.301447 -0.389550 0.220873 -0.894129 -0.427892 0.816281 0.388065 0.815573 0.533761 -0.223472
13.800682 -17.170188 -4537.338210 -2947.488467 -0.273764 0.183729 -0.944085 -0.464710 0.834136 0.297088 0.842079 0.520058 -0.142976
1.739053 -32.670526 -2812.117909 -2511.603768 -0.233979 0.080360 -0.968915 -0.611743 0.762409 0.210960 0.755662 0.642087 -0.129228
8.541592 -31.040791 -2704.531106 -1681.786624 -0.313700 0.152125 -0.937257 -0.597668 0.735376 0.319397 0.737825 0.660363 -0.139768
-5.294715 -27.015542 -2207.546691 2354.214100 -0.448313 0.882124 0.144474 0.256045 -0.028126 0.966256 -0.856421 -0.470177 0.213254
-11.308595 -25.358298 -422.394657 3046.588906 -0.419549 0.902120 0.100790 0.261676 0.013876 0.965056 -0.869198 -0.431262 0.241885
-8.406284 -31.777311 -1328.841509 3470.071490 -0.440457 0.890360 0.115135 0.192931 -0.031376 0.980710 -0.876798 -0.454174 0.157959
-0.411948 -33.136896 -3062.042683 2609.190675 -0.463874 0.870739 0.163204 0.178753 -0.088438 0.979911 -0.867680 -0.483728 0.114623
-10.993205 -38.143104 -774.030672 2147.251598 -0.419797 0.904010 0.080846 0.096376 -0.044172 0.994364 -0.902487 -0.425222 0.068582
-6.174898 -37.511730 -1835.130770 2253.015605 -0.450533 0.881667 0.140299 0.114797 -0.098634 0.988480 -0.885348 -0.461449 0.056775
-43.764948 -61.083621 -3967.949187 2104.395265 -0.625085 -0.092806 0.775020 -0.227947 0.971328 -0.067535 -0.746531 -0.218879 -0.628318
-34.423758 -56.427767 -5105.626531 2552.901390 -0.698107 -0.087814 0.710588 -0.182244 0.981556 -0.057742 -0.692412 -0.169811 -0.701235
-33.855346 -59.091453 -5277.577453 538.466933 -0.723576 0.104278 0.682322 -0.161440 0.935537 -0.314177 -0.671100 -0.337485 -0.660098
-8.194223 -32.856464 -42.564035 707.765287 -0.307401 0.945329 -0.108894 -0.732386 -0.161975 0.661344 -0.607549 -0.283051 -0.742137
-7.626388 -33.144094 -539.261198 9.702246 -0.300412 0.943202 -0.141856 -0.681049 -0.107993 0.724230 -0.667775 -0.314179 -0.674809
-7.772497 -32.872768 532.375970 -355.913392 -0.272966 0.955155 -0.114756 -0.683987 -0.108807 0.721334 -0.676499 -0.275391 -0.683015
-8.174242 -37.125871 -98.373768 -2211.542985 -0.299246 0.947781 -0.110288 -0.625814 -0.107699 0.772501 -0.720283 -0.300188 -0.625363
-8.303487 -33.611546 479.629305 1092.452206 -0.299372 0.951406 -0.072125 -0.714387 -0.173398 0.677926 -0.632477 -0.254478 -0.731583
-8.278299 -34.205658 574.362021 -31.406293 -0.287411 0.955403 -0.067823 -0.682468 -0.154591 0.714380 -0.672036 -0.251608 -0.696463
-8.098309 -36.953585 473.848070 -1938.119404 -0.273760 0.957218 -0.093746 -0.621523 -0.101680 0.776769 -0.734006 -0.270913 -0.622769
-8.901336 -202.104249 -300.485788 22739.610169 -0.561777 0.815147 -0.141216 0.708039 0.385455 -0.591697 -0.427888 -0.432387 -0.793696
-6.950401 -221.621394 -2190.713650 26598.790942 -0.563964 0.803504 -0.190593 0.643977 0.283439 -0.710603 -0.516950 -0.523492 -0.677287
-8.768789 -223.919914 237.843108 -15522.327711 -0.534257 0.827526 -0.172542 -0.530200 -0.169068 0.830845 -0.658374 -0.535367 -0.529080
-8.094343 -196.372535 -1420.682096 27527.969614 -0.584894 0.791726 -0.176267 0.763381 0.463873 -0.449524 -0.274134 -0.397482 -0.875705
-8.834552 -222.127900 1186.234875 -16800.991880 -0.528266 0.838365 -0.134462 -0.605898 -0.261269 0.751416 -0.594830 -0.478418 -0.645983
-10.213459 -179.155921 -271.761288 16894.978140 -0.588240 0.798778 -0.126200 0.787494 0.530315 -0.314039 -0.183922 -0.284112 -0.940985
-10.365165 -202.420748 1227.722827 -24579.826651 -0.558808 0.822931 -0.102558 -0.751731 -0.450431 0.481676 -0.350192 -0.346260 -0.870327
34.714665 -94.578628 1291.579128 6012.914742 -0.555689 0.775325 -0.300134 0.595810 0.623153 0.506646 -0.579845 -0.102714 0.808226
38.794274 -100.417201 161.368829 3863.661981 -0.525024 0.807997 -0.267376 0.470783 0.537434 0.699663 -0.709023 -0.241464 0.662557
32.597738 -89.942333 3527.182765 6679.947176 -0.444004 0.825113 -0.349355 0.578832 0.561748 0.591095 -0.683969 -0.060231 0.727020
36.579959 -110.275795 -3370.178835 5772.653909 -0.643526 0.737567 -0.204617 0.573121 0.641506 0.509905 -0.507352 -0.210867 0.835541
28.132906 -78.661018 3551.613723 1078.869863 -0.536692 0.738523 -0.408100 0.629495 0.672516 0.389177 -0.561870 0.048029 0.825830
49.999758 -2541.765320 37810.054168 843309.768739 0.678418 -0.681575 0.274233 0.708408 0.507960 -0.490036 0.194697 0.526719 0.827442
574.399750 -21547.649248 37060.110782 -10263248.417574 0.654553 -0.556826 0.511376 0.516451 0.823314 0.235439 -0.552122 0.109994 0.826476
-9.756695 -457.054317 9087.866311 64999.450152 0.550863 -0.694736 0.462485 0.816891 0.335287 -0.469332 0.170997 0.636337 0.752220
-34.406903 -285.597047 32635.706444 70434.684098 0.509576 -0.667131 0.543387 0.684746 -0.067983 -0.725604 0.521013 0.741832 0.422173
22.413111 -527.503523 26022.134824 -163413.398085 0.641667 -0.606088 0.470022 -0.557575 0.052184 0.828485 0.526662 0.793684 0.304455
-1022.033465 -4972.384751 -236635.887537 -401006.256134 0.093950 0.995558 -0.006125 0.600130 -0.051723 0.798228 -0.794366 0.078669 0.602324
-3073.245377 -4265.368717 1617406.957412 -954697.544737 0.601946 -0.199977 0.773091 0.673589 0.647127 -0.357077 -0.428881 0.735687 0.524238
-1983.985751 -7674.841324 -671622.922197 -5704456.136395 -0.448294 0.350406 0.822343 0.754420 0.641763 0.137806 -0.479462 0.682169 -0.552052
-942.849217 -7249.708533 -134540.068842 -11126403.186405 -0.313477 0.852941 0.417401 0.132920 -0.395816 0.908659 -0.940247 -0.340325 -0.010706
26.373504 -85.402199 -4559.913328 -5802.678622 0.864196 -0.317608 0.390243 -0.367436 0.131492 0.920707 0.343737 0.939061 0.003066
27.562759 -87.866096 -458.564438 -5841.825417 0.825814 -0.462876 0.322145 -0.260456 0.193617 0.945873 0.500194 0.865019 -0.039333
31.836113 -101.155566 -1068.385383 -5670.414874 0.809817 -0.461505 0.362228 -0.412127 -0.008071 0.911091 0.417550 0.887101 0.196734
32.024714 -96.333138 -2260.102441 -4864.148666 0.836192 -0.354474 0.418487 -0.469962 -0.069799 0.879923 0.282700 0.932457 0.224955
-0.117642 -41.194700 -449.001425 3935.452651 -0.469272 0.844056 -0.259525 0.826749 0.316684 -0.464970 -0.310273 -0.432759 -0.846434
0.142067 -44.969627 -764.284957 2315.210712 -0.515997 0.824773 -0.231294 0.767224 0.324917 -0.552989 -0.380939 -0.462795 -0.800441
-1.346721 -44.197815 -626.031630 567.455159 -0.509176 0.829624 -0.229051 0.737162 0.283022 -0.613588 -0.444221 -0.481272 -0.755675
1.431080 -40.391337 -682.533409 2418.930503 -0.474847 0.842978 -0.252802 0.838024 0.345380 -0.422409 -0.268768 -0.412434 -0.870438
-11.398910 -37.101350 -1522.143000 1458.329186 -0.358897 0.933279 0.013533 -0.646663 -0.259080 0.717429 -0.673068 -0.248732 -0.696500
-11.471405 -39.024747 -422.122813 1805.021121 -0.340056 0.939345 0.044643 -0.625126 -0.261260 0.735501 -0.702552 -0.222204 -0.676052
-12.750191 -43.490180 -832.150682 4054.639793 -0.408000 0.908007 0.095183 -0.651483 -0.362592 0.666406 -0.639614 -0.209884 -0.739488
-12.167741 -39.949897 -1896.793827 4313.000474 -0.392401 0.919552 0.021106 -0.665320 -0.299608 0.683802 -0.635115 -0.254282 -0.729362
-9.829051 -34.621774 -1188.046402 957.481779 -0.309006 0.949349 -0.057030 -0.690688 -0.182783 0.699672 -0.653808 -0.255592 -0.712185
-9.164975 -33.787534 -362.399665 -1212.050647 -0.273273 0.958742 -0.078334 -0.652174 -0.124798 0.747727 -0.707101 -0.255421 -0.659370
-596.626016 -1851.551446 207684.801200 -216782.512347 0.598617 -0.252316 0.760259 -0.254583 0.839960 0.479223 -0.759503 -0.480420 0.438579
1155.020752 -1167.680206 -421466.548253 102718.515197 0.821303 -0.091212 0.563154 0.287570 -0.786360 -0.546755 -0.492712 -0.610998 0.619610
311.060674 -247.446789 -12334.746620 -24627.776271 0.498391 0.057598 0.865037 0.407040 0.865432 -0.292140 -0.765457 0.497705 0.407879
46.198535 -274.918422 3960.600081 -15606.788405 0.601636 0.618564 0.505385 0.012303 0.625452 -0.780165 -0.798676 0.475593 0.368684
71.028420 -292.782295 13776.950653 -15935.751361 0.632322 0.569718 0.524967 -0.362067 -0.381747 0.850398 -0.684892 0.727798 0.035111
43.896922 -327.021424 5929.930618 2885.511098 0.685336 0.473567 0.553217 0.244255 0.566186 -0.787257 -0.686042 0.674661 0.272357
-55.159645 -79.563772 1029.728992 3751.027553 -0.010025 0.992202 0.124235 0.952080 0.047452 -0.302147 0.305686 -0.115252 0.945131
-53.803449 -76.623787 738.314265 2917.327469 0.242960 0.968622 -0.052369 0.920415 -0.247241 -0.302834 0.306279 -0.025375 0.951604
-44.920192 -69.568223 -444.381258 5702.881934 0.423908 0.873680 -0.238715 0.770854 -0.486405 -0.411332 0.475485 0.009647 0.879671
-54.996099 -78.973426 423.211885 44.135825 -0.412946 -0.882155 0.226447 0.896885 -0.350658 0.269512 -0.158346 0.314391 0.935994
-56.427124 -79.186121 -468.932807 -2013.111424 -0.353784 -0.914405 0.196724 0.935084 -0.340984 0.096686 -0.021330 0.218160 0.975680
-54.610297 -78.421315 567.411159 -1099.176545 -0.422020 -0.842535 0.334715 0.906201 -0.402801 0.128651 0.026430 0.357612 0.933496
-54.879015 -79.595534 150.510706 -468.543687 -0.433549 -0.779583 0.451979 0.901105 -0.371341 0.223865 -0.006683 0.504337 0.863481
-54.085136 -78.895615 713.346178 117.628194 -0.422045 -0.837630 0.346777 0.898260 -0.334682 0.284812 -0.122507 0.431699 0.893660
-53.875771 -79.045115 -53.958851 -419.625363 -0.475786 -0.748416 0.462062 0.859905 -0.506238 0.065477 0.184909 0.428482 0.884427
0.882300 -23.780712 -5.292038 -1281.751138 0.313322 0.946248 0.080279 0.557836 -0.251805 0.790831 -0.768536 0.203002 0.606747
3.134429 -28.154870 -222.653047 -1762.616628 0.397299 0.896862 0.194400 0.555832 -0.403737 0.726669 -0.730208 0.180651 0.658909
2.024179 -21.233105 -74.037089 -1482.713868 0.373357 0.912955 0.164675 0.538438 -0.357810 0.762926 -0.755440 0.196176 0.625161
3.985914 -28.975647 71.198846 -2297.830980 0.448699 0.851785 0.270429 0.537072 -0.498872 0.680206 -0.714299 0.159968 0.681313
3.173088 -17.404933 987.581168 -719.470087 0.230279 0.971801 -0.050739 0.564127 -0.090827 0.820677 -0.792926 0.217608 0.569135
3.742871 -15.028366 1393.714655 -571.484741 0.239206 0.969938 -0.044735 0.575635 -0.104559 0.810994 -0.781936 0.219746 0.583342
2.529212 -21.999918 -187.176537 -2411.691397 0.460812 0.833391 0.305140 0.492901 -0.526245 0.692903 -0.738038 0.168894 0.653280
2.296786 -14.526549 383.530290 -1652.448906 0.333996 0.936561 0.106303 0.548098 -0.284729 0.786459 -0.766835 0.204410 0.608425
131.101649 -80.460647 -14552.349642 -8025.939394 0.677651 -0.515840 0.524116 0.696794 0.678240 -0.233384 -0.235088 0.523355 0.819044
169.103768 -93.731129 -26776.327880 6078.537117 0.733830 -0.598319 0.321725 -0.677259 -0.681323 0.277705 -0.053043 0.421679 0.905192
149.037980 -68.254861 -12795.493756 -5698.053157 0.671685 -0.583266 0.456771 0.698123 0.704663 -0.126788 -0.247918 0.404044 0.880503
20.144784 -43.282876 -2242.783908 -1845.818045 0.601106 0.685674 -0.410516 -0.587129 0.030410 -0.808922 0.542172 -0.727274 -0.420859
21.591061 -42.118736 -5121.530080 -592.523107 0.601164 0.652989 -0.460659 0.674938 -0.106253 0.730184 0.427856 -0.749877 -0.504603
11.351901 -42.023543 -6450.212113 1265.617453 0.602092 0.616176 -0.507752 0.625977 0.030458 0.779246 0.495618 -0.787019 -0.367374
22.979995 -42.581446 -2.977846 -668.215335 0.572239 0.723604 -0.385929 0.657122 -0.123030 0.743676 0.490646 -0.679162 -0.545899
15.383861 -41.866537 -5282.247773 -1359.454136 0.631109 0.645139 -0.430694 -0.539045 -0.034509 -0.841570 0.557792 -0.763286 -0.325980
19.578745 -44.223406 3715.293797 -775.164832 0.568044 0.765280 -0.302774 -0.552109 0.081522 -0.829777 0.610329 -0.638515 -0.468826
19.102693 -42.954060 855.957813 -593.720949 0.599269 0.724316 -0.340944 -0.497817 0.003637 -0.867274 0.626941 -0.689458 -0.362757
-2.984330 -72.104772 199.703562 246.547277 0.360993 0.917781 -0.165414 0.478050 -0.029819 0.877826 -0.800720 0.395965 0.449510
-3.888650 -71.803254 227.105123 -818.868122 0.374346 0.913471 -0.159487 0.537999 -0.073868 0.839703 -0.755263 0.400143 0.519098
-3.950168 -69.627801 -195.800312 600.727902 0.357561 0.916897 -0.177341 0.457600 -0.006478 0.889134 -0.814096 0.399071 0.421889
-4.230412 -70.671864 -483.320393 -784.998150 0.372043 0.913939 -0.162170 0.535763 -0.068770 0.841563 -0.757985 0.399982 0.515241
-15.636130 -60.661865 -3379.281549 -11914.836285 0.003693 0.996659 0.081595 -0.294962 -0.076880 0.952411 -0.955502 0.027585 -0.293692
-5.920507 -54.974504 -3241.423627 -5696.444115 -0.030766 0.981325 0.189880 -0.288052 -0.190615 0.938452 -0.957120 0.025823 -0.288537
-8.499146 -80.259241 -4520.303210 -14784.311461 -0.065588 0.968276 0.241121 -0.197166 -0.249453 0.948103 -0.978174 -0.014644 -0.207272
-9.075341 -82.450562 -647.110645 -526.385889 0.187846 0.955934 0.225620 0.869078 -0.054742 -0.491636 0.457621 -0.288433 0.841064
1.169025 -85.663541 340.506255 -2463.062488 0.288673 0.915114 -0.281485 0.158939 0.244119 0.956632 -0.944143 0.320893 0.074977
-0.380010 -82.686079 -105.344892 -3874.325066 0.293001 0.916079 -0.273769 0.033727 0.276255 0.960493 -0.955517 0.290659 -0.050047
-1.181915 -72.172336 329.885591 -4398.131594 0.293414 0.909172 -0.295492 -0.179558 0.356007 0.917070 -0.938971 0.216023 -0.267706
55.460498 -46.595663 4410.192966 500.316188 -0.432136 0.876522 0.212055 0.447065 0.412437 -0.793743 0.783193 0.248203 0.570092
67.963957 -46.749825 2142.849752 453.026568 -0.325938 0.897159 0.298111 0.389351 0.414733 -0.822437 0.861493 0.151993 0.484487
72.534055 -46.692244 3551.483154 142.442145 -0.315461 0.897839 0.307197 0.490102 0.431362 -0.757447 0.812579 0.088387 0.576111
51.049436 -46.990618 6642.834072 -998.265065 -0.464570 0.864434 0.192168 0.365703 0.384921 -0.847406 0.806497 0.323403 0.494948
12.664714 -86.269495 2306.140893 1209.302364 0.070653 0.963476 0.258307 0.147790 -0.266207 0.952519 -0.986492 0.029123 0.161200
12.631914 -83.197832 1191.382970 -1937.839496 0.039897 0.952029 0.303394 0.052388 -0.305212 0.950842 -0.997830 0.022041 0.062051
10.356319 -89.451420 966.796964 2689.156595 0.071894 0.968190 0.239665 -0.073447 -0.234496 0.969339 -0.994704 0.087293 -0.054252
14.841167 -92.061531 -219.639290 -3561.185483 0.008437 0.956324 0.292188 0.257708 -0.284407 0.923417 -0.966186 -0.067509 0.248852
10.456961 -86.499433 1522.576799 1988.096135 0.089356 0.967816 0.235262 0.072050 -0.241869 0.967630 -0.993390 0.069513 0.091343
11.292427 -85.745166 2252.744254 372.426276 0.089180 0.971878 0.217944 0.269594 -0.234202 0.934060 -0.958836 0.024543 0.282898
16.011699 -89.783811 1718.385646 -511.774623 0.043672 0.968469 0.245275 0.357662 -0.244393 0.901305 -0.932829 -0.048364 0.357058
1.915393 -87.723542 -99.348936 943.142224 0.293312 0.919110 -0.263069 0.355742 0.150481 0.922390 -0.887364 0.364133 0.282828
2.015070 -87.262321 -624.937404 1587.408367 0.304877 0.926739 -0.219557 0.457243 0.059797 0.887329 -0.835451 0.370917 0.405514
1.689272 -87.203096 266.181763 -1092.179035 0.307464 0.916377 -0.256357 0.245897 0.183741 0.951722 -0.919239 0.355657 0.168840
4.624504 -151.660265 -158.086918 -2254.468596 -0.279046 -0.032063 -0.959742 0.945032 0.168219 -0.280389 0.170437 -0.985228 -0.016640
5.176198 -155.369194 -794.809196 -7739.638089 -0.280226 -0.028967 -0.959497 0.852520 0.451926 -0.262626 0.441229 -0.891585 -0.101946
7.314273 -153.102848 -1065.675233 -8243.925336 -0.306855 -0.032496 -0.951201 0.855357 0.428862 -0.290588 0.417377 -0.902785 -0.103803
-1.987524 -28.781034 -2061.934830 3490.632681 0.248290 -0.622397 0.742276 0.381153 0.767232 0.515828 -0.890548 0.154846 0.427724
4.533616 -20.749963 -2511.550480 3552.434461 0.273130 -0.553291 0.786936 0.381716 0.813218 0.439283 -0.883002 0.180405 0.433314
5.562988 -34.629200 -3550.950424 3550.328366 0.287651 -0.488763 0.823631 0.270564 0.866418 0.419661 -0.918723 0.102128 0.381468
-13.606351 -41.469252 855.060051 774.958130 -0.121080 0.677867 0.725146 -0.459536 0.609247 -0.646255 0.879867 0.411479 -0.237736
-16.733273 -40.520506 -1292.453558 -681.176280 0.032580 -0.620093 -0.783852 -0.432034 0.698474 -0.570509 0.901268 0.357238 -0.245145
-12.588826 -39.237466 -1468.105514 2001.387878 0.038015 -0.608762 -0.792441 -0.543642 0.652790 -0.527559 0.838456 0.450860 -0.306133
-9.703648 -37.021741 374.581207 2819.569577 -0.113618 0.673525 0.730380 -0.581360 0.551074 -0.598613 0.805674 0.492627 -0.328949
-5.446520 -7.390255 747.565705 1545.939936 -0.292023 0.197822 -0.935729 -0.591250 0.731686 0.339203 0.751762 0.652305 -0.096707
-4.426986 -5.099843 830.931199 140.639756 -0.446133 0.595775 0.667845 -0.504439 0.449001 -0.737523 0.739261 0.665920 -0.100218
-3.133514 -56.673013 886.289640 -935.371810 0.582329 0.758080 -0.293611 -0.037390 -0.335808 -0.941188 0.812093 -0.559060 0.167206
-0.520157 -53.535825 347.351804 195.843053 0.593465 0.771632 -0.228874 0.086231 -0.343686 -0.935117 0.800227 -0.535223 0.270505
-1.786264 -54.702787 570.776073 452.624595 0.590509 0.765785 -0.254701 0.086008 -0.373521 -0.923626 0.802435 -0.523503 0.286431
-2.797063 -56.876043 35.031280 -928.410982 0.603238 0.741341 -0.294138 -0.011700 -0.360532 -0.932673 0.797475 -0.566065 0.208813
-3.445777 -58.624075 -146.355441 -2232.539970 0.602259 0.728072 -0.327407 -0.121827 -0.321502 -0.939039 0.788950 -0.605431 0.104929
-3.886234 -58.869848 695.027626 -2071.775176 0.576694 0.744284 -0.336847 -0.181968 -0.284934 -0.941116 0.796437 -0.604032 0.028884
50.478344 -367.208954 1878.541722 -76679.234917 0.313139 0.771612 -0.553678 0.599314 0.291706 0.745474 -0.736727 0.565264 0.371093
-39.275781 -55.495463 476.436843 -1905.999277 -0.153432 0.120513 0.980783 0.525040 0.850783 -0.022403 -0.837133 0.511513 -0.193811
-43.423670 -61.587546 954.040863 1545.484110 0.337690 0.938108 0.076935 0.939847 -0.340529 0.026980 0.051508 0.063196 -0.996671
-42.015625 -60.602066 259.123791 -686.104316 0.230655 0.966677 0.111053 0.967412 -0.215571 -0.132827 -0.104460 0.138072 -0.984898
-52.288484 -75.940504 3338.807343 -2242.190489 0.379874 -0.352767 0.855132 -0.351853 0.799843 0.486261 -0.855509 -0.485599 0.179717
5.390630 -53.015460 -8667.791707 712.447565 0.278014 0.915767 0.289965 -0.337505 0.375744 -0.863080 0.899332 -0.142084 -0.413538
17.419622 -53.575219 -4192.983897 -108.239850 0.137979 0.968817 0.205804 -0.372000 0.243270 -0.895787 0.917920 -0.047040 -0.393966
6.705648 -52.674371 -7397.252101 1162.201606 0.235671 0.934762 0.265856 -0.476871 0.349594 -0.806460 0.846790 -0.063280 -0.528150
25.509055 -53.833037 1747.548286 -1379.580732 -0.026194 0.987780 0.153639 -0.334207 0.136195 -0.932607 0.942136 0.075776 -0.326555
13.218977 -55.270531 2209.780095 -1315.055133 -0.030980 0.987023 0.157564 -0.480040 0.123576 -0.868499 0.876699 0.102543 -0.469982
9.409230 -53.879576 -1389.487012 -291.861343 0.103934 0.968759 0.225177 -0.498113 0.246664 -0.831288 0.860861 0.025765 -0.508188
28.505381 -22.406727 2091.592037 319.415521 -0.356858 0.742366 0.567049 0.168061 -0.546092 0.820694 -0.918917 -0.388170 -0.070114
21.986278 -24.640928 8594.255273 -560.471044 -0.245074 0.843873 0.477302 0.108576 -0.465329 0.878454 -0.963405 -0.267110 -0.022416
2.138511 -61.077896 1445.747287 2867.540773 -0.489801 0.851788 -0.185880 -0.849416 -0.514272 -0.118389 0.196435 -0.099903 -0.975414
0.980604 -67.986902 1544.456822 2546.422254 -0.483855 0.856373 -0.180305 -0.810782 -0.516203 -0.275983 0.329419 -0.012652 -0.944099
-0.229580 -64.671054 1127.246141 3283.787053 -0.472473 0.860917 -0.188655 -0.848556 -0.502195 -0.166593 0.238164 -0.081373 -0.967810
1.486452 -106.165560 -2552.605012 1768.886579 0.675409 -0.734626 -0.064395 0.444746 0.336123 0.830194 0.588238 0.589360 -0.553742
8.503259 -105.274986 -3383.071237 1140.428297 0.666430 -0.740341 -0.088124 0.540180 0.397992 0.741491 0.513883 0.541755 -0.665151
10.056416 -104.044795 3238.991312 -1005.860631 -0.661608 0.746220 0.073700 -0.390786 -0.259244 -0.883221 0.639970 0.613147 -0.463130
3.210232 -108.298644 -2629.693776 969.212639 0.670863 -0.737275 -0.079803 0.581913 0.456657 0.672936 0.459696 0.497886 -0.735384
-5.177056 -105.809832 -2774.773126 3229.895940 0.682249 -0.728088 -0.066518 0.407061 0.302701 0.861785 0.607320 0.615029 -0.502893
-2.969247 -108.291684 -2277.224475 2393.082759 0.668417 -0.739525 -0.079504 0.556442 0.426262 0.713213 0.493550 0.520963 -0.696424
0.258503 -56.295582 1091.766955 1785.071815 -0.633278 0.773460 0.026799 0.628748 0.493985 0.600545 -0.451259 -0.397162 0.799142
0.077209 -55.806315 617.937506 1281.482254 -0.650054 0.759169 0.033066 0.637894 0.521528 0.566657 -0.412943 -0.389450 0.823290
2.118772 -53.061829 1017.006326 234.159263 -0.618538 0.784576 0.043030 0.701328 0.526555 0.480498 -0.354329 -0.327384 0.875940
-1.316236 -59.634144 676.569400 2298.349767 -0.656882 0.753851 0.014615 0.557538 0.472588 0.682504 -0.507600 -0.456474 0.730736
1.098085 -55.743750 -70.812447 1262.003365 -0.624867 0.778824 0.054538 0.656055 0.485929 0.577464 -0.423242 -0.396618 0.814592
-0.829689 -62.180338 383.823485 2523.237114 -0.644400 0.764291 0.024653 0.546337 0.437599 0.714159 -0.535037 -0.473673 0.699549
24.485017 -9.299069 -3527.590977 -1788.804355 -0.369244 0.224540 -0.901799 -0.415945 0.827822 0.376431 0.831053 0.514093 -0.212272
41.222146 -29.284819 13995.381543 -1565.984329 -0.244352 0.956701 0.158164 -0.257678 -0.221307 0.940545 -0.934823 -0.189069 -0.300597
18.909012 -31.250780 9975.041661 -2405.597105 -0.193745 0.978645 0.068675 -0.260670 -0.118837 0.958086 -0.945788 -0.167723 -0.278128
45.872238 -35.454122 17493.356452 -2003.340718 -0.190049 0.974656 0.118015 -0.184650 -0.153546 0.970736 -0.964254 -0.162696 -0.209151
10.287422 -26.092568 6375.234632 -2608.155210 -0.228346 0.971336 0.066072 -0.332965 -0.141687 0.932233 -0.914873 -0.190872 -0.355774
-7.984824 -37.294560 -753.233419 -2197.353188 -0.335571 0.934646 -0.117599 -0.628068 -0.128943 0.767401 -0.702085 -0.331378 -0.630291
-7.076570 -33.826568 -676.673717 38.681417 -0.321901 0.935112 -0.148142 -0.673281 -0.116086 0.730217 -0.665637 -0.334799 -0.666961
10.681614 -120.739460 -2650.466505 -3880.377672 0.692287 -0.719765 -0.051736 0.616947 0.553156 0.559817 0.374319 0.419472 -0.827000
8.945763 -126.951720 -1768.626463 -11798.610126 0.713376 -0.699842 -0.036262 0.509577 0.482520 0.712395 0.481067 0.526684 -0.700842
7.370118 -108.606954 -1639.046507 -1502.067573 0.696840 -0.714224 -0.065560 0.613427 0.546131 0.570481 0.371647 0.437750 -0.818690
4.891419 -114.515053 -683.504739 -3855.486340 0.707680 -0.705470 -0.038741 0.550347 0.516026 0.656381 0.443066 0.485828 -0.753434
7.041921 -113.242439 2016.212483 5035.735684 -0.683445 0.725936 0.076942 0.687880 0.605138 0.400785 0.244384 0.326842 -0.912935
2.882301 -110.458579 -576.255536 3083.885157 0.696565 -0.715707 -0.050598 0.646432 0.595415 0.477081 0.311323 0.365026 -0.877402
37.278293 -91.069712 3320.803300 4024.041699 -0.386703 0.862666 -0.325986 0.418163 0.479084 0.771763 -0.821949 -0.162128 0.545999
38.048887 -103.397464 -3416.897348 -3870.192595 -0.628099 0.751507 -0.201812 0.395642 0.531757 0.748800 -0.670044 -0.390475 0.631325
43.018927 -92.133790 -1084.410511 -8358.719272 -0.545767 0.800122 -0.248883 0.261234 0.444684 0.856745 -0.796175 -0.402567 0.451713
-21.799194 -123.185195 1864.259254 -10133.812909 0.695153 -0.651593 0.303626 -0.234371 0.193860 0.952622 0.679583 0.733379 0.017952
-34.187513 -131.019085 3010.433755 -17623.410685 0.777034 -0.582857 0.237688 -0.094079 0.265828 0.959419 0.622388 0.767863 -0.151723
-22.460302 -263.101951 3616.229572 -66625.829391 0.687217 -0.593267 0.419246 -0.385787 0.190968 0.902607 0.615549 0.782027 0.097638
-21.841170 -580.449707 1000.620216 -195188.837761 0.833710 -0.552138 0.008404 0.049819 0.090364 0.994662 0.549950 0.828841 -0.102844
33.144679 -368.424160 25066.868872 114847.996365 0.314456 -0.573064 0.756780 0.726066 -0.368364 -0.580634 0.611511 0.732056 0.300248
-2.204622 -53.032944 -433.499456 2016.586760 -0.544536 0.815733 -0.195090 0.670627 0.283757 -0.685377 -0.503727 -0.504044 -0.701569
-0.812658 -52.560932 -116.509481 1664.892544 -0.549426 0.814004 -0.188488 0.678012 0.302512 -0.669915 -0.488294 -0.495866 -0.718113
-10.433313 -40.269022 400.783310 772.076710 -0.325543 0.942766 0.072210 -0.597157 -0.264211 0.757361 -0.733093 -0.203433 -0.648991
-11.764541 -42.663019 1254.078249 2184.168549 -0.361296 0.921444 0.142851 -0.636611 -0.355694 0.684257 -0.681316 -0.156279 -0.715113
12010.022084 -41226.685077 -4774520.156499 -13669251.771501 0.967910 -0.192881 -0.161083 -0.182203 -0.097186 -0.978446 -0.173069 -0.976397 0.129210
-410.377879 -1252.881207 -29966.001665 417660.003535 -0.019041 0.479819 -0.877161 0.963064 0.244490 0.112834 0.268597 -0.842614 -0.466752
-1.212291 -1772.905609 11347.155619 -410778.426911 0.727226 0.095059 -0.679784 -0.686349 0.112605 -0.718502 -0.008247 -0.989082 -0.147133
