17882
35744
-36.949587 -58.745660 -526.621874 7626.283113 0.576947 0.808707 -0.114562 0.624764 -0.527297 -0.575871 0.526120 -0.260673 0.809474
-41.540068 -69.777382 -1455.448494 5593.717545 0.473389 0.880642 -0.019305 0.763851 -0.421325 -0.488893 0.438673 -0.216690 0.872130
-39.979773 -68.116069 167.423733 10727.967260 0.312969 0.936172 0.160100 0.812465 -0.176593 -0.555622 0.491886 -0.303969 0.815875
-40.307718 -66.143644 -958.606190 6813.133715 0.575781 0.785063 -0.228370 0.640116 -0.606617 -0.471453 0.508653 -0.125270 0.851810
-30.824351 -49.152718 -1837.762588 7902.543420 0.606320 0.789508 -0.095150 0.566628 -0.512877 -0.644895 0.557950 -0.337098 0.758325
-30.960245 -50.083563 136.807386 -4944.373742 0.714294 0.607807 -0.346922 -0.387450 0.756255 0.527221 0.582810 -0.242176 0.775683
197.587094 -108.573877 -42734.656546 12718.126374 -0.100677 0.858595 0.502672 0.215632 0.512061 -0.831443 0.971271 -0.024685 0.236693
194.736572 -106.869707 -49485.497691 263.782943 -0.077540 0.822962 0.562780 0.375237 0.547063 -0.748278 0.923680 -0.153154 0.351225
206.475563 -116.981128 -21594.694944 -760.054169 -0.444518 0.830311 0.336136 0.308425 0.494172 -0.812815 0.840998 0.257638 0.475757
190.185811 -106.733638 -40804.328986 10256.101559 -0.181040 0.871816 0.455150 0.126090 0.479553 -0.868406 0.975359 0.099826 0.196746
158.439582 -102.097174 33321.174449 11757.884787 -0.691657 0.695499 0.194657 0.064320 0.327772 -0.942565 0.719357 0.639411 0.271440
176.802316 -107.745648 -9195.210257 8354.159102 -0.358988 0.863453 0.354367 0.046475 0.395741 -0.917185 0.932184 0.312790 0.182195
250.406882 -110.064203 11525.210238 -14408.769612 -0.695215 0.703375 0.148118 0.489269 0.614018 -0.619353 0.526585 0.358114 0.771014
236.804236 -119.631702 -62434.119481 18601.587659 0.775926 -0.628955 -0.048520 -0.434869 -0.589031 0.681125 0.456977 0.507403 0.730558
195.967506 -113.430598 -56853.985604 -192.794673 0.802589 -0.594530 -0.048849 -0.294211 -0.465744 0.834579 0.518933 0.655452 0.548718
-45.552467 -55.599884 -1589.609253 -5709.436376 0.436106 0.861608 0.259700 -0.179623 0.366126 -0.913065 0.881786 -0.351545 -0.314435
-40.798172 -46.035655 -398.958214 -3806.741635 0.458694 0.857403 0.233366 -0.105520 0.313324 -0.943766 0.882307 -0.408275 -0.234193
-41.221226 -58.696335 -1488.211034 -6505.656918 0.453676 0.891156 -0.004436 -0.314070 0.155226 -0.936624 0.833989 -0.426317 -0.350308
-46.083114 -74.777269 -3231.192229 -9464.615729 0.452407 0.888261 0.079499 -0.359201 0.263086 -0.895411 0.816273 -0.376534 -0.438086
-50.863910 -70.889727 -1198.228433 -7969.500029 0.395767 0.876354 0.274540 -0.280246 0.399939 -0.872646 0.874546 -0.268426 -0.403877
26.705690 -29.743673 -8775.647705 1329.887873 0.101805 -0.908071 -0.406254 0.930984 -0.056948 0.360591 -0.350577 -0.414926 0.839602
53.573075 -36.077077 21924.229455 2437.754059 -0.082461 0.915799 0.393081 0.906705 -0.094761 0.410983 -0.413626 -0.390298 0.822545
17.950361 -33.304089 9113.133247 3553.602895 -0.028543 0.911712 0.409837 0.919315 -0.137043 0.368888 -0.392485 -0.387299 0.834239
-12.047753 -41.349407 -1294.364941 2712.549697 -0.166784 0.762329 0.625330 -0.472638 0.494787 -0.729246 0.865330 0.417181 -0.277783
-13.647954 -42.611579 -673.343160 1793.256299 -0.192928 0.750071 0.632592 -0.413700 0.522419 -0.745608 0.889736 0.405552 -0.209515
-12.885919 -44.505046 -250.041735 768.589769 -0.150438 0.745237 0.649608 -0.365031 0.568782 -0.737048 0.918761 0.348007 -0.186468
-13.787268 -45.140457 -442.284379 238.119796 -0.099549 0.726592 0.679820 -0.354076 0.612627 -0.706625 0.929903 0.311051 -0.196282
-11.615664 -44.373610 -917.411947 2437.951555 -0.112562 0.730028 0.674084 -0.445821 0.569175 -0.690857 0.888017 0.378285 -0.261394
-14.139816 -43.827256 59.073674 -1231.591408 -0.128401 0.761666 0.635120 -0.233349 0.599237 -0.765809 0.963878 0.246535 -0.100792
-13.689946 -44.808012 214.275512 -1360.667901 -0.154644 0.734637 0.660601 -0.268919 0.612099 -0.743652 0.950667 0.292649 -0.102900
-15.088216 -23.335578 -3391.290332 1694.837465 0.689902 -0.648359 0.321973 0.424395 0.722575 0.545688 -0.586451 -0.239827 0.773666
-23.503899 -26.503763 7447.792061 2474.323979 -0.636727 0.703280 -0.316190 0.432620 0.665258 0.608500 -0.638293 -0.250658 0.727841
-18.448761 -35.359794 3134.551051 9897.103460 0.802532 0.001786 0.596607 -0.162076 0.963041 0.215136 -0.574173 -0.269349 0.773160
-11.724173 -29.424097 1938.580532 5794.060581 0.831443 -0.163303 0.531069 0.002773 0.957039 0.289947 -0.555603 -0.239601 0.796176
-11.285753 -43.051989 2036.848903 9041.219865 0.818979 0.012234 0.573694 -0.171401 0.959346 0.224226 -0.547627 -0.281968 0.787781
-16.628431 -47.281653 2995.029550 7100.894344 0.782655 0.102133 0.614020 -0.293630 0.930372 0.219519 -0.548847 -0.352102 0.758150
1.318336 -57.391190 329.574177 509.053414 0.385903 0.857472 -0.340324 -0.740795 0.507881 0.439635 -0.549819 -0.082454 -0.831204
-0.737609 -56.713889 295.165724 130.018335 0.345138 0.884523 -0.313846 -0.673483 0.466304 0.573568 -0.653682 -0.013410 -0.756651
0.368132 -53.686861 294.691036 -214.346767 0.370291 0.864974 -0.338680 -0.649818 0.501741 0.570957 -0.663793 -0.008660 -0.747866
0.889650 -61.869211 108.555230 931.236093 0.360011 0.875666 -0.321871 -0.759426 0.475456 0.444089 -0.541909 -0.084560 -0.836173
2.833596 -63.661444 135.123645 1213.850040 0.412882 0.843280 -0.344103 -0.807497 0.513682 0.289965 -0.421282 -0.158141 -0.893036
0.917070 -67.492048 -591.381568 11295.059710 0.093865 0.995439 0.017057 -0.423473 0.024414 0.905579 -0.901033 0.092225 -0.423834
-3.159065 -60.480671 -168.251726 9894.819464 0.117549 0.992891 -0.018710 -0.423002 0.067108 0.903641 -0.898472 0.098308 -0.427883
1.243189 -81.344652 -807.923974 9180.136433 0.142955 0.987811 -0.061597 -0.561029 0.132148 0.817180 -0.815359 0.082263 -0.573081
-1.560746 -53.963429 105.712817 6346.960697 0.051975 0.990598 0.126551 -0.317555 -0.103751 0.942547 -0.946814 0.089176 -0.309177
3.546650 -88.900712 -1678.932807 11329.526402 0.105128 0.993672 -0.039554 -0.542569 0.090644 0.835106 -0.833407 0.066332 -0.548665
2.576567 -71.915683 -1210.870681 12296.243239 0.054086 0.997155 0.052509 -0.382870 -0.027857 0.923382 -0.922217 0.070046 -0.380274
-4.230817 -131.353907 -542.404462 1483.823330 -0.357641 -0.044512 -0.932798 0.857933 0.378854 -0.347016 0.368841 -0.924385 -0.097305
-4.349806 -134.743722 -530.780698 4518.341008 -0.341375 -0.037394 -0.939183 0.915616 0.212559 -0.341272 0.212393 -0.976433 -0.038324
-5.847948 -137.969627 -398.692452 2154.264621 -0.357028 -0.030785 -0.933586 0.870453 0.351633 -0.344480 0.338884 -0.935632 -0.098746
-5.557012 -133.304278 -370.004110 -80.455313 -0.370618 -0.036390 -0.928072 0.787167 0.518045 -0.334661 0.492961 -0.854579 -0.163352
-6.370859 -139.167789 -476.622805 3320.427637 -0.368645 -0.020671 -0.929340 0.800179 0.501752 -0.328571 0.473090 -0.864764 -0.168428
-6.919124 -145.454754 -382.594846 854.572471 -0.355565 -0.011910 -0.934576 0.887068 0.310680 -0.341450 0.294421 -0.950440 -0.099902
35.673718 -83.117780 -8031.302791 21359.256636 -0.630873 -0.385531 -0.673324 0.713872 -0.628382 -0.309067 -0.303950 -0.675649 0.671649
30.089875 -83.986972 -6792.202005 20595.147119 -0.576555 -0.512705 -0.636174 0.779911 -0.577443 -0.241451 -0.243561 -0.635369 0.732792
47.037184 -52.043711 -9342.910602 21323.575023 -0.639857 -0.407315 -0.651673 0.739091 -0.558478 -0.376626 -0.210540 -0.722632 0.658389
56.161269 -53.682468 -2511.452974 19956.571906 -0.663029 -0.241415 -0.708598 0.670539 -0.612369 -0.418787 -0.332822 -0.752810 0.567896
64.578954 -27.526710 -740.131896 15160.317717 -0.671875 -0.222783 -0.706365 0.675791 -0.574710 -0.461535 -0.303133 -0.787449 0.536688
57.105333 -22.983885 -9142.722092 17987.831445 -0.673339 -0.378325 -0.635205 0.719991 -0.530780 -0.447085 -0.168011 -0.758382 0.629785
-4.227403 -103.481754 -739.565622 1316.698000 0.341750 0.937742 0.062018 -0.500528 0.237471 -0.832514 0.795411 -0.253470 -0.550522
-4.447096 -107.003972 -437.240929 1178.097490 0.353185 0.930698 0.095197 -0.328121 0.218518 -0.919014 0.876126 -0.293346 -0.382559
-1.691110 -110.180771 -370.307787 1622.673188 0.353919 0.932477 0.072301 -0.499430 0.253785 -0.828350 0.790766 -0.257060 -0.555526
-6.960934 -100.612480 -694.192591 97.556743 0.340755 0.935053 0.097780 -0.315929 0.211843 -0.924830 0.885480 -0.284249 -0.367597
-7.403531 -98.278310 -1073.621371 529.422110 0.333176 0.940476 0.067070 -0.490057 0.233502 -0.839834 0.805505 -0.246944 -0.538684
14.523415 -130.898071 5067.329295 -11009.467381 0.617363 -0.038882 0.785717 0.717547 0.437249 -0.542162 -0.322474 0.898499 0.297841
15.479322 -154.599892 5946.603859 -16345.921464 0.577348 -0.071349 0.813375 0.800866 0.243481 -0.547111 -0.159006 0.967278 0.197714
7.902078 -131.462512 2645.045987 -12322.672481 0.593313 -0.064989 0.802344 0.747972 0.412904 -0.519662 -0.297519 0.908453 0.293591
20.567784 -158.549860 5999.018433 -13875.478189 0.581240 -0.033722 0.813033 0.794724 0.238217 -0.558271 -0.174853 0.970626 0.165261
5.084161 -114.690493 2999.631358 -10064.333361 0.604926 -0.056404 0.794282 0.672605 0.570118 -0.471771 -0.426224 0.819624 0.382817
24.324287 -125.300008 5446.324473 -17144.303425 0.623375 0.014702 0.781785 0.649262 0.547426 -0.528000 -0.435732 0.836725 0.331706
28.286809 -160.433150 5418.955569 -12619.767042 0.585127 -0.000970 0.810941 0.775690 0.292305 -0.559342 -0.236500 0.956325 0.171788
8.417385 -110.534516 4747.434303 13630.878822 0.628067 -0.044490 0.776887 -0.620466 -0.631161 0.465465 -0.469632 0.774375 0.424015
-11.283815 -180.320643 3489.502943 29195.410176 -0.481618 0.048949 -0.875013 0.864888 -0.134625 -0.483576 -0.141470 -0.989687 0.022502
-17.947373 -190.580868 3641.422366 9402.275534 -0.533263 0.044105 -0.844799 0.783039 -0.352171 -0.512665 -0.320125 -0.934896 0.153264
-17.256481 -199.014100 985.838900 7655.546051 -0.501542 0.049554 -0.863713 0.739460 -0.493658 -0.457713 -0.449061 -0.868243 0.210947
-14.560660 -175.138989 -1040.718691 9985.516451 -0.448682 0.023220 -0.893390 0.820024 -0.386744 -0.421888 -0.355310 -0.921895 0.154484
-10.417844 -174.115012 -899.753032 23200.672600 -0.442223 0.019154 -0.896701 0.881315 -0.176320 -0.438402 -0.166503 -0.984147 0.061092
37.024699 -14.647616 -7666.949920 -4896.821158 -0.697607 -0.464587 -0.545438 0.706929 -0.570208 -0.418466 -0.116599 -0.677511 0.726211
25.133795 -19.225191 -4324.439675 5412.546270 -0.700143 -0.518354 -0.491029 0.713320 -0.537863 -0.449308 -0.031205 -0.664841 0.746333
26.656754 -15.596940 2415.637141 -2856.208406 0.750239 0.448758 0.485549 0.657264 -0.585887 -0.474068 -0.071735 -0.674798 0.734508
-31.862105 -128.545271 10965.656546 -55544.670637 0.932966 -0.320216 0.164424 0.155369 -0.053814 -0.986390 -0.324706 -0.945815 0.000455
-37.361544 -122.045747 -3594.057486 -62077.953730 0.857277 -0.375041 0.352732 0.374866 -0.014943 -0.926959 -0.352918 -0.926888 -0.127779
-42.996892 -212.276077 11922.646649 -84166.330760 0.809617 -0.309065 0.498998 0.528198 0.012869 -0.849024 -0.255982 -0.950954 -0.173666
-29.489391 -165.508799 23717.732265 -78941.663822 0.904648 -0.257851 0.339299 0.321683 -0.109043 -0.940548 -0.279520 -0.960012 0.015699
4.644972 -101.707792 -31417.264414 -43248.369745 0.928884 -0.350880 -0.118566 -0.178021 -0.142257 -0.973690 -0.324781 -0.925552 0.194604
-20.549659 -930.559596 -2452.451684 329473.623083 -0.653452 0.227927 -0.721838 0.286219 0.957193 0.043138 0.700770 -0.178415 -0.690716
-26.234855 -1306.839106 -16055.623238 711506.004692 -0.673954 0.179348 -0.716673 0.300269 0.952843 -0.043922 0.674999 -0.244796 -0.696025
-8.967073 -895.491231 11026.746244 15846.116271 0.643942 -0.221041 0.732448 0.627593 0.700151 -0.340463 0.437568 -0.678918 -0.589580
-18.752330 -824.874000 1191.461695 207701.853063 0.655698 -0.268190 0.705786 0.558875 0.800930 -0.214870 0.507659 -0.535337 -0.675053
-18.782952 -801.883502 -3077.091817 304500.873479 -0.608274 0.311865 -0.729893 0.288039 0.943620 0.163141 0.739619 -0.111003 -0.663808
-30.919281 -173.572676 -124558.381968 124927.742305 0.974146 -0.193239 0.117038 0.060635 -0.275411 -0.959412 -0.217629 -0.941705 0.256574
48.362848 -149.923684 -51232.941505 32627.612436 0.918258 -0.281208 -0.278790 -0.332701 -0.166093 -0.928291 -0.214738 -0.945164 0.246074
29.192843 -89.883950 -11239.728503 10166.546039 0.887449 -0.292042 -0.356576 -0.382909 -0.036536 -0.923063 -0.256545 -0.955707 0.144250
5.015800 -122.043650 -451.150766 148.663982 0.450255 -0.131386 0.883181 0.287601 0.957741 -0.004144 -0.845314 0.255869 0.469014
6.259977 -120.384928 -179.960811 757.961685 0.448073 -0.155686 0.880336 0.462992 0.882787 -0.079534 -0.764767 0.443226 0.467635
6.389528 -118.705852 -371.932870 564.154821 0.454252 -0.152278 0.877762 0.320714 0.947175 -0.001653 -0.831142 0.282262 0.479094
5.752162 -119.166804 -314.832812 853.332406 0.462545 -0.137839 0.875815 0.127323 0.987928 0.088240 -0.877406 0.070696 0.474512
6.791163 -112.173534 -681.375783 485.398913 0.459767 -0.155530 0.874314 0.285314 0.958217 0.020420 -0.840958 0.240065 0.484932
7.530135 -111.381456 -1034.226957 -1589.973188 0.442982 -0.185865 0.877052 0.456967 0.888467 -0.042521 -0.771329 0.419620 0.478509
-1.087900 -38.276853 -10483.042948 456.175751 0.644163 -0.657392 0.391010 0.651060 0.739556 0.170812 -0.401465 0.144540 0.904397
7.778707 -33.864395 -7177.158442 -744.556616 0.636403 -0.687506 0.349752 0.637228 0.724097 0.263864 -0.434662 0.054948 0.898916
-2.898107 -36.862430 -8871.485875 748.328620 0.702672 -0.580677 0.411176 0.537284 0.811888 0.228395 -0.466453 0.060431 0.882479
-1193.284222 -1946.396950 563291.214211 -484949.041066 0.632156 0.429174 -0.645126 -0.439600 0.884275 0.157508 0.638068 0.184028 0.747665
-984.205596 -2107.256894 407062.119098 82296.312459 0.613486 -0.386725 -0.688534 0.518404 0.854940 -0.018290 0.595728 -0.345718 0.724974
-6638.045696 -16738.325578 2346928.199754 -8504907.592406 0.571250 0.180089 -0.800775 -0.459693 0.878456 -0.130373 0.679967 0.442586 0.584604
-1405.786630 -2104.231119 1123582.865149 -437606.794757 0.627705 -0.144706 -0.764883 -0.578981 -0.743581 -0.334468 0.520353 -0.652800 0.550531
-312.798260 -1349.163311 187026.380980 -465039.421998 0.463055 -0.066194 -0.883854 0.617288 0.739683 0.268003 0.636032 -0.669692 0.383374
-836.481304 -2200.083578 585466.477166 1046055.691543 0.637192 -0.116699 -0.761818 0.306295 0.945400 0.111368 0.707227 -0.304303 0.638146
10.687291 -229.302342 2862.356586 -122495.226405 -0.063021 -0.033813 -0.997439 0.949689 -0.309256 -0.049520 -0.306789 -0.950378 0.051602
5.473389 -583.862983 4029.020792 -258429.650590 -0.101234 0.008077 -0.994830 0.981072 -0.165113 -0.101174 -0.165077 -0.986242 0.008791
1.613115 -380.937847 3379.292820 -202878.756573 -0.064236 -0.015735 -0.997811 0.953666 -0.295469 -0.056735 -0.293929 -0.955223 0.033985
-154.272943 -162.759756 -34676.095598 12257.303652 0.454929 -0.300721 0.838216 -0.250895 0.859848 0.444650 -0.854454 -0.412588 0.315720
-120.680597 -158.312094 -30371.299140 20024.694265 0.327214 -0.452120 0.829770 -0.112910 0.853112 0.509363 -0.938180 -0.260360 0.228102
-143.889947 -171.970316 -30553.392167 -29167.903867 0.382761 -0.364819 0.848764 -0.494512 0.695123 0.521787 -0.780354 -0.619444 0.085659
-167.036832 -182.895061 -22548.562271 -20888.170084 0.547449 -0.185245 0.816079 -0.456404 0.751295 0.476708 -0.701424 -0.633435 0.326749
-86.122477 -143.326396 -26077.900338 -7496.138128 -0.025611 -0.124347 0.991908 -0.679176 0.730235 0.074007 -0.733529 -0.671785 -0.103156
-107.674726 -156.901828 40607.137000 5984.862694 0.127482 -0.080063 -0.988604 0.784627 -0.601574 0.149898 -0.606720 -0.794795 -0.013871
60.682293 -36.487285 -4033.527348 2157.728172 -0.612143 0.776436 0.149761 -0.186781 -0.326009 0.926731 -0.768371 -0.539319 -0.344588
67.757582 -36.271370 -3926.549635 240.188186 -0.600911 0.789842 0.122704 -0.162573 -0.271074 0.948730 -0.782609 -0.550154 -0.291298
54.887427 -39.943170 18919.994272 -1480.601235 0.752091 -0.647737 -0.121639 0.154654 0.352864 -0.922805 -0.640657 -0.675222 -0.365561
40.321359 -41.846799 16522.027889 -1527.771414 0.762387 -0.624134 -0.170943 0.178112 0.456341 -0.871797 -0.622127 -0.634200 -0.459074
55.571440 -35.750063 -5320.267522 622.708347 -0.623863 0.762858 0.169834 -0.225000 -0.383423 0.895746 -0.748445 -0.520610 -0.410847
-5.295873 -72.296226 -793.496511 7348.605607 -0.729352 0.683974 -0.015000 0.675195 0.723177 0.145348 0.110262 0.095882 -0.989267
-5.595383 -77.356695 -572.212843 7009.784440 -0.722452 0.691406 -0.004666 0.685890 0.717507 0.121403 0.087286 0.084508 -0.992592
-5.589792 -66.290078 300.000504 3913.905512 0.741716 -0.670600 0.012401 0.648809 0.722055 0.240175 0.170015 0.170096 -0.970650
-4.344452 -66.630782 -1307.957458 5005.015066 -0.741463 0.670280 -0.030935 0.647980 0.727243 0.226362 0.174223 0.147794 -0.973552
-7.833595 -49.902273 -2206.387034 1844.798913 -0.057493 -0.382006 -0.922370 0.078355 0.919322 -0.385627 0.995266 -0.094443 -0.022922
-16.276296 -50.604926 350.215671 465.320789 -0.136964 -0.549883 -0.823935 -0.042293 0.834262 -0.549744 0.989673 -0.040448 -0.137520
-10.052039 -45.085529 -2194.215500 986.650689 -0.042806 -0.404740 -0.913429 -0.012830 0.914415 -0.404575 0.999001 -0.005599 -0.044335
7.123979 -45.403617 -5736.267233 2113.100786 0.023161 -0.207795 -0.977898 0.047419 0.977288 -0.206542 0.998607 -0.041588 0.032489
2.608776 -41.617578 -5455.264724 1550.081249 0.016151 -0.191193 -0.981420 -0.051371 0.980093 -0.191780 0.998549 0.053514 0.006008
-12.719296 -41.213363 -2525.111548 733.873330 -0.020496 -0.409351 -0.912147 -0.104580 0.908211 -0.405235 0.994305 0.087087 -0.061425
1.227147 -53.563657 -402.091101 -1710.399133 -0.523687 0.832565 -0.180522 0.847051 0.486274 -0.214574 -0.090863 -0.265281 -0.959880
1.032195 -51.219787 39.636338 -1939.535204 -0.518815 0.834533 -0.185431 0.850987 0.483459 -0.205154 -0.081560 -0.264237 -0.961003
0.950575 -60.681803 -313.438813 -3622.246554 -0.476710 0.859097 -0.186278 0.877451 0.477849 -0.041719 0.053172 -0.183338 -0.981611
2.515510 -63.528590 -801.618026 -3746.816360 -0.471798 0.862649 -0.182325 0.880556 0.471561 -0.047456 0.045039 -0.182937 -0.982092
1.618876 -69.017575 -725.630890 3276.298946 -0.444925 0.877491 -0.179029 -0.869851 -0.470988 -0.146732 0.213077 -0.090444 -0.972840
0.091057 -67.044928 -83.804892 3103.064512 -0.455638 0.872108 -0.178385 -0.863178 -0.481832 -0.150871 0.217528 -0.085235 -0.972325
17.397098 -109.384193 4243.365935 7705.377249 -0.537672 0.835593 0.112663 -0.002776 -0.135374 0.990791 -0.843149 -0.532408 -0.075107
26.228431 -109.427584 3354.636825 4468.331428 -0.615068 0.778061 0.127720 -0.053929 -0.203118 0.977668 -0.786628 -0.594445 -0.166891
15.693722 -115.826203 4011.517380 3798.980517 -0.534356 0.832963 0.143651 -0.243422 -0.314397 0.917551 -0.809450 -0.455331 -0.370762
4.286494 -78.941957 -793.805545 -40.952200 -0.409732 0.902733 -0.131118 -0.378093 -0.298872 -0.876197 0.830160 0.309431 -0.463775
8.509582 -82.720789 -524.309422 1343.786519 -0.435523 0.893511 -0.109350 -0.404899 -0.302941 -0.862719 0.803976 0.331458 -0.493720
4.969977 -81.483954 -1097.367188 3805.361453 -0.413626 0.898270 -0.148405 -0.532793 -0.370993 -0.760589 0.738272 0.235530 -0.632044
7.382856 -75.799553 -250.599873 -6853.914635 -0.431265 0.896425 -0.102136 -0.231661 -0.219432 -0.947725 0.871977 0.385060 -0.302301
1.642083 -79.231851 -1766.094354 2213.580031 -0.392912 0.904861 -0.163850 -0.510304 -0.362778 -0.779732 0.764990 0.222753 -0.604294
1.231066 -75.756828 -1633.586916 -1082.931128 -0.385903 0.911584 -0.141750 -0.354394 -0.288347 -0.889529 0.851753 0.293037 -0.434334
3.906879 -71.872762 -664.337321 -5739.085249 -0.403559 0.907156 -0.119201 -0.210759 -0.218945 -0.952703 0.890349 0.359349 -0.279549
-25.759058 -50.610337 3957.143228 5294.135532 0.543257 0.187749 0.818304 -0.084051 0.981941 -0.169493 -0.835348 0.023299 0.549227
-30.548623 -62.262082 5114.385190 5141.804889 0.536833 0.050117 0.842199 -0.097104 0.995271 0.002671 -0.838082 -0.083215 0.539161
-18.715293 -52.840383 3936.673529 5446.036933 0.576291 0.070391 0.814207 -0.068117 0.996954 -0.037977 -0.814401 -0.033576 0.579331
4.636690 -101.770312 2846.733574 -1973.223713 0.699788 -0.703011 0.126773 0.697855 0.710695 0.088946 -0.152627 0.026226 0.987936
1.624778 -103.779886 2228.686264 4711.668898 0.716778 -0.685114 0.129800 -0.696958 -0.709747 0.102514 -0.021892 0.163945 0.986227
-0.018659 -103.250720 -1396.482281 -1680.405560 0.719395 -0.680230 0.140561 0.681580 0.730303 0.045883 -0.133863 0.062796 0.989008
14.364797 -102.211412 8784.107615 -4374.467959 0.699414 -0.704229 0.121992 0.713565 0.697726 -0.063275 -0.040557 0.131305 0.990512
2.656432 -109.036357 1085.363455 5069.796425 0.708341 -0.695546 0.120286 0.664330 0.714501 0.219440 -0.238575 -0.075529 0.968183
15.838641 -100.983442 -7544.562676 -1900.778504 -0.682345 0.720024 -0.126378 0.707840 0.693949 0.131900 -0.182671 -0.000546 0.983174
7.670517 -109.023489 -4568.255555 4585.841640 -0.686445 0.718393 -0.112719 0.675944 0.687520 0.265360 -0.268129 -0.105963 0.957538
44.170441 -27.974851 15168.321979 -719.744193 -0.278995 0.941434 0.189379 -0.266916 -0.265463 0.926437 -0.922452 -0.207923 -0.325347
49.965490 -31.688807 5582.001258 -1120.235945 -0.490399 0.846516 0.207171 -0.263959 -0.370827 0.890401 -0.830562 -0.381967 -0.405299
40.115378 -26.418391 12869.964082 -271.649982 -0.326507 0.912044 0.248129 -0.290889 -0.346736 0.891716 -0.899320 -0.218974 -0.378515
-1.750600 -37.007353 794.901469 3030.254403 -0.413730 0.884211 0.216794 -0.495784 -0.418549 0.760930 -0.763561 -0.207336 -0.611544
-1.245124 -35.984068 -254.611183 3288.225582 -0.391902 0.902568 0.178280 -0.506671 -0.373487 0.777041 -0.767917 -0.214195 -0.603675
0.314949 -43.392740 579.869605 1855.967415 -0.405117 0.892079 0.200187 -0.588117 -0.421920 0.690002 -0.699999 -0.161798 -0.695574
-1.897600 -44.021773 1238.740327 1627.388079 -0.427452 0.874107 0.230697 -0.576845 -0.460203 0.674880 -0.696085 -0.155403 -0.700939
-3.518423 -38.336479 867.209220 2633.904879 -0.439819 0.863265 0.247654 -0.481339 -0.459393 0.746506 -0.758203 -0.209122 -0.617573
3.042671 -158.921412 -759.718508 -5347.195710 0.584852 -0.781342 0.217838 0.803210 0.520399 -0.289894 0.113144 0.344515 0.931938
5.252917 -164.823578 -926.827537 -5184.501178 0.575551 -0.787167 0.221606 0.815044 0.530076 -0.233930 0.066674 0.315257 0.946661
3.005703 -146.660276 -1058.922030 -6030.476439 0.555617 -0.798648 0.231195 0.829690 0.550606 -0.091910 -0.053894 0.242887 0.968556
5.894424 -173.118177 -875.296230 -3925.857571 0.603238 -0.769713 0.208916 0.764383 0.483190 -0.426902 0.227646 0.417216 0.879834
-0.936347 -145.368832 -705.388407 -7443.964728 0.566760 -0.791476 0.228801 0.823881 0.545046 -0.155383 -0.001725 0.276569 0.960992
3.726912 -166.073071 -406.542213 -3422.793262 0.609818 -0.767246 0.198634 0.744835 0.469176 -0.474442 0.270820 0.437273 0.857583
-0.413353 -160.514257 -1374.609681 -8334.640460 0.607667 -0.761837 0.224377 0.769499 0.494886 -0.403681 0.196499 0.417962 0.886959
26.065516 -259.281670 -2345.687459 -12457.891048 -0.510628 0.846181 -0.152437 0.130513 -0.098957 -0.986496 0.849839 0.523627 0.059908
34.668029 -236.219294 5253.467815 -10662.520742 -0.570655 0.797781 -0.194674 0.188255 -0.103658 -0.976634 0.799320 0.593970 0.091034
24.514728 -251.878875 1951.957843 572.385949 -0.538126 0.826706 -0.164246 -0.042283 -0.221099 -0.974334 0.841803 0.517370 -0.153935
2.531713 -161.162640 432.983295 11204.988280 -0.654073 0.744005 -0.136547 0.108184 -0.086650 -0.990347 0.748655 0.662532 0.023814
2.769532 -156.434968 576.495425 5337.402809 -0.652449 0.748920 -0.115887 -0.023890 -0.173169 -0.984602 0.757456 0.639634 -0.130876
4.667159 -165.707414 760.717951 15348.714036 -0.651153 0.749043 -0.122208 0.126157 -0.051956 -0.990649 0.748388 0.660481 0.060666
4.287200 -171.159960 759.981871 13579.238550 -0.651702 0.744839 -0.143175 0.266678 0.048303 -0.962574 0.710047 0.665494 0.230112
-9.216176 -25.866086 -1315.461693 -239.038783 -0.591487 0.653579 0.472205 0.206667 -0.443184 0.872282 -0.779379 -0.613533 -0.127065
-14.055392 -28.327775 -1864.444155 -223.764101 -0.559905 0.624530 0.544490 0.226331 -0.516878 0.825598 -0.797045 -0.585491 -0.148052
-5.005942 -23.770002 -2311.003481 -183.373209 -0.554675 0.543719 0.629845 -0.271407 0.597336 -0.754671 -0.786558 -0.589542 -0.183758
-11.979520 -87.617575 -3070.554691 3096.262385 -0.695999 0.714832 -0.067823 -0.305288 -0.380086 -0.873117 0.649911 0.586983 -0.482769
-4.245877 -84.340449 -7044.636747 3012.426284 -0.678909 0.729855 -0.079962 -0.317711 -0.390211 -0.864173 0.661923 0.561291 -0.496801
-10.920498 -82.007753 -4404.027766 840.321956 -0.673798 0.738064 -0.035466 -0.410279 -0.413610 -0.812772 0.614547 0.533093 -0.581502
-9.365683 -78.705893 -4708.753417 1361.425909 -0.660103 0.750961 -0.017905 -0.479021 -0.439186 -0.760036 0.578621 0.493126 -0.649634
-12.713921 -78.780918 -995.061353 2521.122871 -0.683526 0.729857 -0.010083 -0.502341 -0.480385 -0.718946 0.529572 0.486353 -0.694992
8.229599 -213.062143 -708.387884 -11757.114874 0.591969 -0.788259 0.167992 0.755526 0.470159 -0.456214 0.280631 0.396987 0.873869
8.734725 -207.628958 260.225764 -13368.974685 0.597440 -0.786111 0.158411 0.724216 0.444096 -0.527532 0.344349 0.429892 0.834635
8.002898 -225.871761 -3.067771 7718.022296 0.602177 -0.785432 0.143106 0.651625 0.379973 -0.656510 0.461268 0.488587 0.740618
9.032106 -194.918840 -236.669592 -11612.252866 0.576220 -0.798140 0.175906 0.799195 0.505210 -0.325653 0.171047 0.328231 0.928982
5.577391 -252.271691 129.940400 5149.101394 0.582458 -0.802419 0.129869 0.736086 0.452890 -0.503059 0.344848 0.388606 0.854439
8.566247 -215.210045 -1242.957916 -13232.641406 0.572942 -0.799060 0.182317 0.810683 0.519797 -0.269450 0.120539 0.302181 0.945599
31.538299 -427.984880 -41873.304031 -179849.583565 -0.426003 0.827221 -0.366369 0.243979 0.494990 0.833942 -0.871204 -0.265875 0.412692
15.885649 -308.288161 -30660.261205 -155684.276436 -0.416355 0.825237 -0.381618 0.010926 0.424240 0.905484 -0.909137 -0.372833 0.185651
39.682847 -375.399820 -65123.681918 -165256.485934 -0.424188 0.804071 -0.416573 0.089180 0.494866 0.864381 -0.901172 -0.329510 0.281623
78.720124 -520.672054 -75808.508931 -235160.287254 -0.391959 0.818886 -0.419278 0.299482 0.544495 0.783477 -0.869873 -0.181524 0.458661
72.824310 -363.773296 -37768.009312 -163986.276338 -0.347213 0.801892 -0.486222 0.028199 0.527172 0.849291 -0.937362 -0.281174 0.205653
-47.120773 -1728.413574 45489.679131 1028935.061455 -0.652345 0.757792 0.013997 -0.497615 -0.442156 0.746242 -0.571686 -0.479842 -0.665527
24.297131 -1248.379715 -11993.072341 288983.975765 -0.584449 0.807850 -0.076148 -0.533164 -0.311584 0.786544 -0.611683 -0.500294 -0.612821
-58.907593 -3111.209051 -61265.146400 -3410396.660744 -0.582013 0.806514 -0.103903 -0.356836 -0.138488 0.923845 -0.730705 -0.574766 -0.368395
-34.557675 -1526.554924 8874.213697 304980.429262 -0.653767 0.756678 -0.005197 -0.472073 -0.402482 0.784319 -0.591385 -0.515215 -0.620336
1265.860678 -62738.808484 -758196.052128 3410868.393969 0.824642 -0.549204 -0.135427 0.559038 0.754780 0.343196 0.086267 0.358723 -0.929449
94.056730 -1289.130805 -17602.991830 4009405.230264 0.496691 -0.528610 0.688381 0.820136 0.545407 -0.172937 -0.284032 0.650463 0.704432
-222.183872 -4773.784903 -53356.020498 437753.599047 -0.754883 0.573687 -0.317860 0.437260 0.801444 0.408034 0.488831 0.169031 -0.855847
1028.283236 -4648.279479 707417.322725 -51294017.214836 -0.344851 0.621758 -0.703203 -0.359429 0.604591 0.710831 -0.867115 -0.497882 -0.014984
-7.027753 -20.385728 2220.393998 1311.535646 0.357115 0.922207 0.148334 0.490821 -0.320385 0.810215 -0.794710 0.216535 0.567053
-12.497674 -20.987304 1746.758386 1148.233931 0.440176 0.834040 0.332599 0.404116 -0.514794 0.756094 -0.801832 0.198406 0.563649
-8.263180 -13.561491 4264.090744 2809.156141 0.358309 0.922840 0.141355 0.516768 -0.322143 0.793206 -0.777538 0.211165 0.592320
-9.798972 -24.818910 1979.190546 1837.717720 0.380012 0.898332 0.220433 0.435632 -0.384041 0.814087 -0.815975 0.213335 0.537282
-0.661673 -13.956028 3471.668676 2791.705647 0.410351 0.888893 0.203669 0.491642 -0.403744 0.771543 -0.768049 0.216472 0.602694
-5.614303 -23.608413 822.003503 2043.373009 0.325867 0.939569 0.104976 0.485128 -0.261484 0.834432 -0.811456 0.220987 0.541021
-2.182190 -19.248749 1029.067405 1486.611488 0.368332 0.916474 0.156230 0.493898 -0.335263 0.802286 -0.787652 0.218346 0.576133
13.148544 -71.775067 4151.536937 -8335.845061 0.756955 -0.308820 0.575890 -0.514984 0.260579 0.816634 0.402258 0.914729 -0.038210
17.354844 -69.942815 1643.458883 -7182.425591 0.708916 -0.273462 0.650121 -0.591135 0.272409 0.759179 0.384705 0.922503 -0.031462
-1.998184 -62.097913 1166.039727 -4862.711759 0.780922 -0.302275 0.546618 -0.436791 0.361304 0.823816 0.446514 0.882093 -0.150120
47.991209 -84.137328 6806.138701 -8722.303236 0.726442 -0.297930 0.619290 -0.621527 0.099688 0.777024 0.293235 0.949368 0.112754
-5.233984 -65.645173 4793.463511 -5710.647434 0.811076 -0.327386 0.484741 -0.379294 0.336511 0.861915 0.445299 0.882938 -0.148760
7.610508 -75.138316 8088.099018 -7029.655045 0.788835 -0.331751 0.517378 -0.472836 0.210207 0.855710 0.392639 0.919649 -0.008955
9.442547 -36.783763 -4267.918053 220.551990 -0.038457 -0.041088 -0.998415 -0.170730 0.984733 -0.033949 0.984567 0.169154 -0.044885
-3.397572 -36.407458 -4073.992296 577.649564 -0.016967 -0.163998 -0.986315 -0.245352 0.956979 -0.154900 0.969286 0.239366 -0.056475
6.785685 -34.668839 -3281.141187 543.564283 -0.044857 -0.057922 -0.997313 -0.266422 0.962854 -0.043938 0.962812 0.263735 -0.058623
-2474.436101 -4881.206997 546754.045207 4432706.100592 0.071935 -0.252712 0.964864 0.621626 0.767872 0.154772 -0.780004 0.588651 0.212330
-1808.237380 -8466.161998 1232489.552262 8840585.986544 0.463602 0.402584 0.789303 0.683057 0.405018 -0.607777 -0.564363 0.820906 -0.087220
-2571.088798 -5877.954900 3266263.211467 6365159.450076 0.660109 0.670925 -0.337810 -0.045377 0.484507 0.873610 -0.749798 0.561349 -0.350272
-9.375133 -57.041805 36.288489 4341.695987 0.549572 0.449060 0.704496 0.770710 0.052958 -0.634982 -0.322454 0.891931 -0.316991
-9.647345 -122.528177 916.219592 -27738.175716 0.754247 0.460388 0.468139 -0.528035 0.001552 0.849221 -0.390244 0.887717 -0.244271
-8.450469 -92.108324 1540.428791 14860.723404 0.651151 0.436490 0.620869 0.703883 -0.041398 -0.709109 -0.283817 0.898756 -0.334194
12.144712 -482.663035 2758.195483 -102440.407268 -0.773608 -0.043206 -0.632189 0.299282 0.854471 -0.424629 0.558534 -0.517699 -0.648095
11.337105 -511.393484 3653.698806 211549.202712 -0.763367 -0.009809 -0.645891 0.032025 0.998080 -0.053007 0.645171 -0.061149 -0.761587
0.235808 -377.223556 5455.734251 54533.350279 -0.791439 -0.009805 -0.611169 0.156904 0.963109 -0.218636 0.590767 -0.268932 -0.760704
183.826506 -1560.106484 -81781.563710 -653051.582782 0.876384 0.143213 0.459828 0.289854 0.605651 -0.741061 0.384625 -0.782737 -0.489272
7.216215 -516.228841 -2470.140134 -199050.172505 0.763153 -0.010955 0.646125 0.591977 0.412823 -0.692199 0.259152 -0.910746 -0.321532
19.369801 -1062.283429 331.238515 -481928.177851 0.752910 0.068642 0.654534 0.508034 0.571605 -0.644336 0.418363 -0.817653 -0.395494
-53.505778 -80.935188 1654.714755 3329.490935 0.265945 0.958885 0.099063 0.918025 -0.220570 -0.329512 0.294113 -0.178575 0.938940
-45.629066 -75.725650 -1449.131186 4380.379790 0.447046 0.892560 -0.059050 0.811153 -0.432330 -0.393855 0.377068 -0.128173 0.917274
119.826936 -89.138396 -33008.456936 11348.485432 0.147076 0.820015 0.553122 0.240201 0.512854 -0.824187 0.959517 -0.254078 0.121540
87.329349 -95.766419 -29951.002204 1702.219954 0.152203 0.790481 0.593274 0.447097 0.480270 -0.754615 0.881441 -0.380106 0.280324
-38.853361 -48.524276 260.816268 -4996.702338 0.484540 0.874407 -0.025169 -0.240283 0.105373 -0.964967 0.841121 -0.473613 -0.261162
-37.682311 -42.188033 1757.263762 580.163225 0.469899 0.714179 0.518790 0.102312 0.539692 -0.835622 0.876771 -0.445737 -0.180531
58.939225 -30.047179 -16036.178691 -360.967712 0.218340 -0.899896 -0.377511 0.926317 0.069410 0.370296 -0.307025 -0.430546 0.848744
77.390727 -33.098502 -16640.873016 -1852.855526 0.308034 -0.844011 -0.439045 0.919085 0.144786 0.366497 -0.245760 -0.516413 0.820317
81.237377 -34.121695 -18986.946949 -418.928617 0.246566 -0.869905 -0.427166 0.915479 0.064453 0.397170 -0.317968 -0.488990 0.812271
-15.600755 -39.008986 -1464.017712 3267.457422 -0.221610 0.757541 0.614020 -0.487885 0.459062 -0.742449 0.844309 0.464105 -0.267860
-7.560611 -27.057918 9132.453342 2014.023321 -0.393283 0.918475 -0.041621 0.660019 0.313551 0.682686 -0.640080 -0.241018 0.729525
-11.368056 -31.313111 10814.316753 1603.225655 -0.297894 0.953026 0.054781 0.655105 0.162356 0.737888 -0.694332 -0.255699 0.672697
-27.040033 -30.857315 5607.979463 -2227.444218 0.135154 0.855575 0.499724 0.708570 -0.435996 0.554829 -0.692576 -0.279102 0.665162
-1.798672 -55.034493 269.798450 -636.662508 0.340467 0.888145 -0.308674 -0.560533 0.455293 0.691744 -0.754907 0.062494 -0.652848
-0.702887 -59.779675 100.025481 706.161505 0.317414 0.900994 -0.295733 -0.688174 0.433423 0.581860 -0.652430 -0.018825 -0.757615
-2.445816 -56.426199 392.214161 -329.856136 0.319156 0.902649 -0.288729 -0.581356 0.427080 0.692552 -0.748442 0.053178 -0.661065
19.581556 -105.691731 3795.888789 1971.853816 -0.010737 0.985949 0.166699 -0.022845 0.166423 -0.985790 0.999681 0.014392 -0.020737
26.247321 -101.624595 4831.094277 2665.802170 -0.017014 0.984090 0.176855 -0.213721 0.169213 -0.962128 0.976747 0.054168 -0.207442
31.506796 -97.505106 2636.379247 1685.637078 0.090484 0.992693 0.079837 -0.209337 0.097334 -0.972987 0.973648 -0.071327 -0.216615
-6.502767 -48.485581 -1091.685593 3808.267473 0.041675 0.997317 0.060185 -0.348874 -0.041921 0.936231 -0.936242 0.060015 -0.346191
-1.990066 -127.983346 -928.487529 4231.688566 -0.340319 -0.051977 -0.938873 0.907943 0.241550 -0.342480 0.244586 -0.968995 -0.035012
-1.820832 -130.116489 -1175.769473 3256.240859 -0.325204 -0.051815 -0.944223 0.941822 0.071930 -0.328324 0.084931 -0.996063 0.025409
-4.429578 -134.990495 -467.565014 1602.799015 -0.323376 -0.032493 -0.945713 0.945439 0.030789 -0.324340 0.039656 -0.998998 0.020763
18.269204 -100.164065 -4498.111590 9913.916362 -0.587553 -0.456296 -0.668263 0.687805 -0.716665 -0.115390 -0.426269 -0.527432 0.734922
16.225935 -100.309500 1631.213560 5226.455600 -0.524026 -0.515684 -0.677840 0.717677 -0.695913 -0.025390 -0.458624 -0.499776 0.734771
-2.724728 -114.819105 -243.221597 2165.393656 0.370488 0.922401 0.109161 -0.333865 0.241916 -0.911049 0.866760 -0.301088 -0.397584
-3.838559 -111.137111 -68.654719 148.303115 0.366636 0.920646 0.134125 -0.145202 0.199020 -0.969179 0.918964 -0.335860 -0.206648
-5.634472 -106.244945 -208.070227 168.960679 0.349515 0.928869 0.122645 -0.127380 0.176795 -0.975970 0.928231 -0.325494 -0.180112
26.016635 -15.217207 -2211.358097 -1616.581564 0.732864 0.476992 0.485168 0.679378 -0.551634 -0.483887 -0.036825 -0.684236 0.728331
32.141441 -15.327175 6015.832484 -1758.547365 -0.686398 -0.528515 -0.499529 0.727226 -0.498035 -0.472339 0.000855 -0.687483 0.726200
25.459095 -20.757865 3702.070311 -4968.755131 -0.683959 -0.493165 -0.537576 0.728449 -0.501611 -0.466635 -0.039525 -0.710756 0.702327
25.426345 -20.237293 -1894.148989 -5794.830346 -0.693569 -0.475187 -0.541442 0.716446 -0.533534 -0.449496 -0.075283 -0.699670 0.710489
9.751289 -152.557880 2214.717195 -14255.234400 0.560905 -0.075851 0.824398 0.819393 0.193089 -0.539733 -0.118243 0.978245 0.170457
17.318894 -186.123776 6228.761862 -17999.385872 0.532437 -0.070421 0.843535 0.845190 -0.010558 -0.534362 0.046536 0.997462 0.053898
20.861925 -195.218994 7839.372890 -26876.026722 0.541765 -0.045139 0.839317 0.840359 0.049257 -0.539788 -0.016977 0.997766 0.064619
-0.515453 -110.505362 -573.285591 2712.007410 -0.558504 -0.111212 -0.822013 0.474367 0.770117 -0.426493 0.680477 -0.628134 -0.377358
-0.719537 -124.312033 1126.371724 15919.338271 0.570177 0.137095 0.810002 0.558337 0.658594 -0.504493 0.602626 -0.739904 -0.298970
-0.623908 -106.345232 854.209786 6644.323596 0.568190 0.106363 0.815995 0.503982 0.738901 -0.447244 0.650509 -0.665366 -0.366231
-27.178103 -205.701398 -16619.646043 -91117.644706 0.726923 -0.368466 0.579496 0.629938 0.021797 -0.776339 -0.273423 -0.929386 -0.247955
-14.626671 -892.567727 14967.272377 304632.061868 0.648697 -0.216770 0.729522 0.575683 0.766741 -0.284073 0.497776 -0.604251 -0.622174
7.329889 -120.313168 -413.896736 1161.229926 0.431291 -0.166454 0.886725 0.623080 0.765762 -0.159310 -0.652503 0.621210 0.433980
7.658527 -116.366671 278.748378 1511.343239 0.435104 -0.202480 0.877318 0.628928 0.765615 -0.135216 -0.644309 0.610603 0.460467
-25.510137 -59.387996 -703.768327 -4332.090315 0.328175 0.413875 0.849122 -0.708017 0.702823 -0.068926 -0.625310 -0.578573 0.523680
-25.181974 -58.111708 557.626491 -3404.681630 0.475219 0.344092 0.809795 -0.657407 0.750562 0.066869 -0.584793 -0.564142 0.582890
-27.876337 -57.941773 -299.387717 1230.125769 0.344923 0.425196 0.836801 -0.637231 0.760657 -0.123844 -0.689177 -0.490519 0.533316
-21.974156 -50.088213 -227.461608 6424.389831 -0.448051 -0.358155 -0.819131 0.725963 -0.680490 -0.099554 -0.521755 -0.639264 0.564901
-21.300973 -51.211524 1875.850928 6925.415622 -0.248715 -0.457967 -0.853468 0.790512 -0.605137 0.094345 -0.559671 -0.651211 0.512535
-12.742685 -88.551168 3567.883485 -7812.097671 0.566292 -0.175519 0.805299 0.550096 0.808083 -0.210706 -0.613765 0.562313 0.554163
-19.065790 -70.226573 4829.102145 -6757.230134 0.570588 -0.131825 0.810587 0.389888 0.912187 -0.126102 -0.722784 0.387990 0.571880
-13.768531 -71.078994 -62.368883 -5403.992777 0.580552 -0.111679 0.806528 0.370922 0.918070 -0.139872 -0.724828 0.380362 0.574412
-16.282172 -47.560827 505.609669 -1059.197565 0.519245 0.723884 -0.454287 0.410782 -0.677529 -0.610092 0.749428 -0.130174 0.649162
-12.956441 -48.454264 156.120808 169.252364 0.549934 0.670958 -0.497381 -0.208993 0.687120 0.695837 0.808637 -0.278715 0.518096
-15.991877 -45.893257 -273.693808 1177.835924 0.532359 0.651308 -0.540732 -0.323576 0.746829 0.580986 0.782235 -0.134325 0.608329
-17.853508 -44.594949 94.470299 -785.835813 0.492375 0.744841 -0.450309 0.525037 -0.666811 -0.528866 0.694192 -0.023972 0.719390
-17.952480 -47.653020 380.900421 -575.517932 0.472779 0.802976 -0.362919 0.617345 -0.595713 -0.513821 0.628781 -0.018877 0.777353
-2.970098 -51.342603 994.224721 4848.417809 0.841671 -0.011801 0.539862 0.260936 -0.866400 -0.425750 -0.472761 -0.499211 0.726144
0.319859 -39.987689 855.702032 5602.045772 0.856011 -0.076296 0.511296 0.252347 -0.801539 -0.542085 -0.451182 -0.593055 0.666873
-1.401512 -44.224218 -231.778772 4657.641210 0.854908 -0.084747 0.511810 0.213026 -0.842206 -0.495286 -0.473024 -0.532453 0.701956
-565.274952 -3428.092677 285870.545855 -661896.936242 0.385648 0.168241 -0.907177 0.104153 0.969011 0.223985 0.916748 -0.180864 0.356175
-459.296013 -3528.896847 411583.746905 -3736540.919120 0.080918 0.268876 -0.959770 0.061860 0.959716 0.274077 0.994799 -0.081549 0.061026
-861.423485 -2478.983961 320879.666961 1700962.803766 0.489260 -0.026685 -0.871730 -0.343283 0.912955 -0.220615 0.801737 0.407187 0.437512
-678.345195 -1919.067523 360830.730434 -1006292.486119 0.323468 0.161160 -0.932414 0.617858 0.710352 0.337123 0.716672 -0.685148 0.130202
-1978.992046 -3199.464259 1221030.188583 709097.863251 0.549426 -0.259301 -0.794289 0.350635 0.934424 -0.062507 0.758410 -0.244163 0.604317
-1006.341021 -14506.093209 988319.617645 -23856776.094560 0.637752 0.244007 -0.730570 -0.190370 0.969003 0.157459 0.746346 0.038659 0.664435
-714.554975 -2814.138961 437123.205315 -2892112.997136 0.432581 0.526546 -0.731863 -0.607114 0.770238 0.195310 0.666548 0.359837 0.652863
-999.078670 -6076.405709 1042123.210989 -8256649.786024 0.785033 0.179676 -0.592823 -0.131114 0.983523 0.124467 0.605419 -0.019983 0.795656
1.666058 -77.185656 -770.978141 7463.162464 0.106957 -0.425926 0.898414 0.819095 -0.474458 -0.322449 0.563599 0.770374 0.298127
