10905
21798
-42.909901 -58.294836 1297.462904 -5713.629348 0.753261 -0.402559 -0.520139 0.627686 0.676232 0.385643 -0.196491 0.616974 -0.762059
-52.823122 -75.659957 -297.965207 -6963.685342 -0.567087 0.515179 0.642653 0.818707 0.437989 0.371328 -0.090175 0.736720 -0.670158
-36.380505 -78.299099 -3732.819459 -10953.090407 -0.482746 0.640720 0.597021 0.868245 0.439274 0.230627 -0.114489 0.629695 -0.768360
-48.127860 -67.120595 -333.647240 -4588.682281 0.860094 -0.179715 -0.477432 0.468643 0.648071 0.600314 -0.201524 0.740072 -0.641624
-28.197505 -55.503894 -3944.731562 -8655.991174 -0.655785 0.572631 0.491975 0.728147 0.651852 0.211874 -0.199369 0.497174 -0.844434
-29.594950 -43.904169 1022.495415 -3849.875731 0.952042 -0.037091 -0.303711 0.177750 0.874989 0.450332 -0.249040 0.482720 -0.839619
-40.232655 -57.553969 -500.936659 -3505.344093 0.946206 0.111563 -0.303724 0.128428 0.732080 0.669003 -0.296986 0.672021 -0.678371
-34.383874 -48.953605 -799.226505 -3105.166838 0.958157 0.149031 -0.244388 0.025914 0.805106 0.592564 -0.285069 0.574103 -0.767556
15.821395 -52.697750 -166.640042 6473.319021 0.978928 0.044527 -0.199293 0.106903 0.719777 0.685925 -0.173989 0.692776 -0.699849
11.252178 -39.479277 -607.074065 4974.290322 0.974794 0.075760 -0.209852 0.113180 0.642658 0.757748 -0.192270 0.762399 -0.617884
11.831558 -46.237406 -1026.219371 4788.084235 0.959306 0.043891 -0.278937 0.172317 0.691578 0.701446 -0.223694 0.720967 -0.655872
8.909749 -55.040134 -2316.016631 3898.855519 0.936067 0.027963 -0.350707 0.201526 0.774480 0.599640 -0.288383 0.631980 -0.719331
15.632272 -57.368608 -1588.185367 5402.448216 0.956121 0.037731 -0.290532 0.155510 0.775076 0.612433 -0.248292 0.630741 -0.735199
4.325573 -150.464550 2007.515785 -534.213556 0.093862 -0.152849 0.983782 0.814534 0.579984 0.012398 -0.572473 0.800160 0.178939
3.034613 -143.033473 1611.868092 597.329831 0.088480 -0.144719 0.985509 0.940197 0.338864 -0.034651 -0.328939 0.929638 0.166047
-0.396119 -168.011883 2170.766215 4511.202263 0.108839 -0.139788 0.984182 0.889614 0.455468 -0.033689 -0.443554 0.879209 0.173930
1.429166 -182.741711 2793.242447 6225.325519 0.115105 -0.157506 0.980787 0.684745 0.727867 0.036527 -0.719635 0.667384 0.191632
-1.739952 -148.396807 2240.930591 -3203.474297 0.115212 -0.127156 0.985169 0.748215 0.663453 -0.001868 -0.653376 0.737334 0.171578
-6.942637 -145.514668 496.128053 -2720.332100 0.105658 -0.096823 0.989678 0.867182 0.496040 -0.044052 -0.486654 0.862885 0.136374
28.867578 -53.311087 -10471.155970 3569.986737 0.975169 0.099441 -0.197881 -0.059083 -0.744320 -0.665205 0.213435 -0.660379 0.719962
24.976387 -46.500040 -10194.678621 3586.448217 0.981240 0.088170 -0.171449 -0.080949 -0.618684 -0.781459 0.174974 -0.780677 0.599940
13.757987 -48.919042 -8034.881562 3909.248728 0.980689 0.080753 -0.178126 -0.074806 -0.686641 -0.723138 0.180704 -0.722498 0.667340
14.805601 -54.253760 -7050.721632 744.840659 0.975368 0.085889 -0.203174 -0.063584 -0.772509 -0.631813 0.211219 -0.629169 0.748019
16.943754 -58.976519 -7036.559739 1530.115129 0.976495 0.080614 -0.199897 -0.048993 -0.820132 -0.570073 0.209898 -0.566467 0.796905
39.292233 -58.277709 -9665.907970 2311.933804 0.972640 0.068158 -0.222096 -0.059139 -0.851864 -0.520414 0.224666 -0.519310 0.824525
51.580113 -53.636577 -6438.784189 -274.759007 0.917006 0.152583 -0.368536 -0.068555 -0.849903 -0.522461 0.392939 -0.504365 0.768905
2.078952 -55.038756 222.203047 -1696.159879 0.987450 -0.157757 0.007395 0.157131 0.986078 0.054404 0.015875 0.052559 -0.998492
0.752593 -56.008341 -373.647688 -2281.242036 0.987338 -0.158532 -0.005544 0.157709 0.977258 0.141753 0.017055 0.140833 -0.989886
0.549409 -60.777068 523.194825 -3069.404438 0.981803 -0.189562 0.011340 0.183570 0.962670 0.198918 0.048624 0.193217 -0.979951
2.716781 -59.439877 363.529033 -1914.225669 0.984882 -0.173063 0.007479 0.171984 0.982075 0.077137 0.020694 0.074685 -0.996992
2.707245 -57.830712 633.420391 533.233692 0.993104 -0.116981 0.007747 0.117236 0.990622 -0.070176 -0.000535 -0.070600 -0.997505
2.331580 -54.781947 201.854979 284.960498 0.994796 -0.101796 0.004411 0.101826 0.991687 -0.078670 -0.003634 -0.078710 -0.996891
9.121154 -83.664254 140.997276 4831.740061 0.883391 -0.419539 -0.208821 0.443148 0.892781 0.081007 -0.152446 0.164100 -0.974593
9.053691 -82.196749 291.543094 -2599.998896 0.871171 -0.426056 -0.244003 0.476077 0.854541 0.207630 -0.120049 0.297045 -0.947287
7.181531 -87.624289 -502.804421 -2502.306983 0.882662 -0.403764 -0.240588 0.437167 0.893257 0.104766 -0.172606 0.197650 -0.964957
-0.189163 -109.833406 1271.960700 -10206.327721 0.916346 -0.239564 -0.320809 0.082462 -0.671149 0.736722 0.391803 0.701547 0.595250
2.530127 -130.811552 2348.012716 -11697.174217 0.906920 -0.247586 -0.340877 0.020416 -0.782325 0.622536 0.420808 0.571550 0.704451
1.633284 -115.669407 1926.849036 -8181.939387 0.911796 -0.278611 -0.301669 0.079987 -0.600055 0.795950 0.402778 0.749873 0.524843
-0.068041 -90.378983 405.685030 -3087.175533 0.923264 -0.277379 -0.265790 0.105257 -0.482741 0.869415 0.369465 0.830675 0.416502
-1.015931 -102.546559 419.249938 -10559.813254 0.924024 -0.235275 -0.301374 0.084934 -0.642236 0.761787 0.372782 0.729506 0.573458
-6.143251 -181.571886 -538.369066 -18362.026827 -0.133761 0.227428 -0.964564 0.945243 0.321659 -0.055240 0.297697 -0.919137 -0.258000
-6.577243 -195.557080 128.144396 -29572.014515 -0.131343 0.224315 -0.965625 0.975847 0.200774 -0.086094 0.174560 -0.953610 -0.245268
-3.486802 -140.427551 -130.028172 -12981.601268 -0.152936 0.227550 -0.961682 0.987860 0.008359 -0.155122 -0.027260 -0.973731 -0.226066
-10.574599 -199.872764 276.913572 -14292.364505 -0.118770 0.256083 -0.959331 0.823477 0.565236 0.048933 0.554779 -0.784175 -0.278011
-3.400915 -165.865891 600.492096 -12536.219053 -0.184855 0.252556 -0.949760 0.971152 0.195078 -0.137144 0.150640 -0.947713 -0.281332
-7.704897 -181.607672 -415.338974 -8698.268852 -0.141654 0.241084 -0.960111 0.786647 0.616192 0.038664 0.600934 -0.749791 -0.276934
7.498756 -37.813775 -3233.376311 -2903.271917 0.766623 -0.558947 0.316018 0.435206 0.090451 -0.895776 -0.472107 -0.824255 -0.312599
8.348676 -44.839197 -3072.964028 -4691.030320 0.785666 -0.554741 0.273844 0.436453 0.183310 -0.880855 -0.438448 -0.811578 -0.386140
0.399645 -39.741464 -3046.005886 -2092.407900 0.810047 -0.554512 0.190631 0.339098 0.177778 -0.923801 -0.478368 -0.812965 -0.332042
49.957321 -704.850445 -13270.284303 47110.741727 -0.072829 -0.474691 0.877134 0.969467 -0.240177 -0.049484 0.234157 0.846749 0.477689
37.639770 -799.009026 -2766.046968 30871.887539 -0.021689 -0.462965 0.886111 0.926371 0.324016 0.191963 -0.375987 0.825031 0.421850
45.811930 -3252.899735 31841.911346 1646512.700542 0.109787 -0.448594 0.886967 0.993284 0.082294 -0.081326 -0.036510 0.889939 0.454616
-2.011447 -32.403605 -460.225897 1723.331856 0.769280 -0.535565 0.348394 0.353582 -0.097312 -0.930328 -0.532154 -0.838869 -0.114506
-6.953567 -37.185799 -215.337546 2014.817601 0.786305 -0.540129 0.299974 0.246391 -0.171109 -0.953946 -0.566582 -0.824004 0.001461
-3.455656 -32.633214 812.512731 1239.304351 0.733847 -0.498546 0.461434 0.421033 -0.199265 -0.884887 -0.533104 -0.843650 -0.063674
-16.496994 -38.076146 520.894377 -291.459077 0.777558 -0.611900 0.144852 0.245399 0.083196 -0.965846 -0.578950 -0.786547 -0.214850
-16.434335 -38.045093 78.165704 -778.860089 0.767489 -0.639957 0.037626 0.146297 0.117702 -0.982214 -0.624146 -0.759343 -0.183958
-18.736344 -39.040122 1099.911377 -122.736514 0.785980 -0.613684 0.075018 0.248332 0.202251 -0.947326 -0.566186 -0.763208 -0.311362
-14.290458 -36.020776 -71.213774 -1001.566019 0.768456 -0.626472 0.130411 0.157928 -0.011819 -0.987380 -0.620108 -0.779354 -0.089855
-17.529824 -38.146976 890.025419 214.018890 0.792814 -0.590711 0.150022 0.317320 0.189922 -0.929106 -0.520340 -0.784213 -0.338017
-15.389931 -37.788345 431.932177 230.160127 0.783972 -0.581963 0.216120 0.317060 0.076048 -0.945352 -0.533724 -0.809652 -0.244137
-14.367464 -36.773033 44.851005 -530.884402 0.772979 -0.594803 0.220710 0.252999 -0.030032 -0.967000 -0.581803 -0.803310 -0.127270
-20.818155 -118.140170 4319.330102 -14117.151011 -0.586321 0.745818 0.316201 -0.285751 0.174827 -0.942222 0.758006 0.642799 -0.110614
-23.842151 -119.325300 -749.126729 -34420.982896 -0.619008 0.744185 0.251035 -0.024881 0.300890 -0.953334 0.784991 0.596367 0.167737
-35.745217 -104.791345 5463.134053 -19646.048404 -0.580006 0.720303 0.380470 -0.110178 0.393400 -0.912742 0.807127 0.571315 0.148813
-28.555989 -363.922907 -4922.123182 -92618.799242 0.469535 0.778559 -0.416394 -0.180336 -0.377103 -0.908445 0.864301 -0.501638 0.036661
-39.520116 -299.024800 -3290.184333 -63675.784239 0.387428 0.840424 -0.378928 -0.263942 -0.292705 -0.919053 0.883309 -0.456082 -0.108421
-23.106052 -156.292234 -3203.295784 -27379.330211 0.471135 0.861041 -0.191417 -0.029929 -0.201281 -0.979076 0.881553 -0.467006 0.069061
-10.578056 -152.520903 -3954.949781 23891.629263 0.531673 0.840241 -0.106393 0.078029 -0.173679 -0.981706 0.843348 -0.513645 0.157903
-11.033631 -375.348592 -6574.332688 -100034.015737 0.498575 0.745683 -0.442017 -0.139554 -0.434215 -0.889933 0.855539 -0.505384 0.112426
-7.262112 -55.194177 573.940021 992.314659 0.994530 0.079266 -0.068017 0.012824 0.553610 0.832677 -0.103658 0.828995 -0.549566
-8.060521 -53.664906 1363.488261 -962.494812 0.994119 0.081966 -0.070773 -0.002160 0.668416 0.743784 -0.108271 0.739257 -0.664662
-4.536639 -50.973244 250.455935 1910.391683 0.986475 0.058955 -0.152945 0.106836 0.476402 0.872712 -0.124315 0.877249 -0.463660
-7.345107 -52.871797 615.771735 1334.906085 0.994157 0.069264 -0.082797 0.047706 0.406132 0.912568 -0.096834 0.911186 -0.400454
3.246192 -28.911407 1862.695776 -3460.795550 -0.446417 -0.414568 -0.792998 0.714252 -0.698926 -0.036699 -0.539032 -0.582783 0.608118
9.684873 -34.200806 -1137.370614 10186.822693 0.588926 0.301679 0.749771 -0.559768 0.821426 0.109173 -0.582946 -0.483993 0.652630
4.925524 -35.410804 1113.473437 -603.034192 -0.579692 -0.315189 -0.751407 0.671646 -0.706949 -0.221618 -0.461355 -0.633150 0.621508
-2.091861 -34.781901 902.060667 3548.762217 -0.512258 -0.377504 -0.771416 0.775501 -0.589282 -0.226597 -0.369040 -0.714309 0.594619
-3.173723 -38.251606 4602.578659 632.634302 0.790313 0.576335 0.207951 0.226817 0.040086 -0.973112 0.569174 -0.816230 0.099042
-9.722021 -39.712056 5575.449384 1404.486022 0.762955 0.571718 0.301724 0.272247 0.139164 -0.952111 0.586328 -0.808562 0.049473
4.819564 -38.548244 4819.531050 -98.775854 0.810008 0.569475 0.139945 0.103493 0.096074 -0.989979 0.577214 -0.816375 -0.018884
18.201853 -39.541941 2448.370960 150.032210 0.863354 0.503309 0.036040 0.015201 0.045449 -0.998851 0.504369 -0.862910 -0.031588
9.027615 -37.707608 2776.660849 942.095873 0.844628 0.530454 0.072265 0.104931 -0.031666 -0.993975 0.524970 -0.847122 0.082407
8.875471 -43.394600 5967.409196 -2709.403960 0.794784 0.584464 0.163464 0.065666 0.184947 -0.980552 0.603329 -0.790061 -0.108614
18.412830 -42.455981 3277.318421 -1973.534326 0.841335 0.534191 0.082435 0.009535 0.137819 -0.990411 0.540430 -0.834054 -0.110859
-3.778646 -47.394065 -2651.812307 4033.207938 0.963367 0.243045 -0.113370 -0.267707 0.846263 -0.460621 0.016011 -0.474098 -0.880327
-5.991387 -56.495305 -598.003501 2518.646291 0.957819 0.270647 -0.096610 -0.270957 0.738542 -0.617363 0.095737 -0.617499 -0.780723
0.557867 -54.922304 -3688.640017 3296.958107 0.953111 0.269386 -0.137882 -0.297781 0.753685 -0.585906 0.053915 -0.599492 -0.798563
22.069854 -47.799891 -8940.493670 5185.353602 0.973664 0.180274 -0.139569 -0.226330 0.837974 -0.496562 -0.027438 -0.515073 -0.856707
-13.679015 -98.027129 -1698.388897 8148.278422 0.998901 -0.046054 -0.008725 0.045373 0.996752 -0.066541 -0.011761 -0.066072 -0.997746
-13.966916 -89.654780 -999.241900 10070.051665 0.998253 -0.048641 0.033536 0.043494 0.989189 0.140048 0.039985 0.138345 -0.989577
-18.961970 -113.330988 -309.983506 8497.219506 0.998446 0.030946 0.046343 -0.023526 0.987967 -0.152865 0.050516 -0.151537 -0.987160
-20.334349 -120.553175 -127.847502 2575.392956 0.996937 0.070764 0.033291 -0.050153 0.905154 -0.422116 0.060004 -0.419153 -0.905930
-16.675970 -109.103183 -1797.836761 4059.538349 0.999701 0.011512 -0.021567 -0.017746 0.948496 -0.316292 -0.016815 -0.316580 -0.948417
-0.793873 -100.457316 149.446694 -10810.388093 0.992831 0.076035 -0.092223 0.078249 0.169783 0.982370 -0.090352 0.982544 -0.162617
-0.479528 -93.895293 282.801861 -8452.308714 0.993445 0.085623 -0.075737 0.061761 0.155494 0.985904 -0.096193 0.984119 -0.149187
-1.791172 -109.357131 144.775133 -12055.380607 0.992802 0.088878 -0.080278 0.079607 0.011073 0.996765 -0.089479 0.995981 -0.003918
-0.391974 -77.252694 43.089622 -4590.166380 0.993790 0.081216 -0.076059 0.044041 0.340626 0.939167 -0.102183 0.936684 -0.334934
-1.803781 -116.130174 219.285195 -10927.396249 0.991619 0.080414 -0.101125 0.105942 -0.058083 0.992674 -0.073951 0.995068 0.066115
-0.485466 -76.894255 -281.944672 -7839.009997 0.991248 0.092372 -0.094312 0.057798 0.338628 0.939143 -0.118687 0.936375 -0.330326
-0.607740 -100.217493 -395.196991 -12044.296918 0.990018 0.093917 -0.105087 0.089805 0.154292 0.983935 -0.108622 0.983551 -0.144318
-12.750957 -80.073960 -487.269427 -715.345243 0.995512 0.051436 -0.079433 -0.078767 -0.014852 -0.996782 0.052450 -0.998566 0.010734
-13.454032 -84.717798 -660.666212 2608.415197 0.996949 0.041667 -0.066009 -0.057414 -0.181522 -0.981709 0.052887 -0.982504 0.178576
-12.051831 -82.721599 -731.204483 -874.104540 0.998041 0.009156 -0.061888 -0.061191 -0.063080 -0.996131 0.013024 -0.997966 0.062397
-14.510584 -83.662744 323.513388 2739.319210 0.990946 0.096041 -0.093823 -0.081720 -0.123010 -0.989035 0.106529 -0.987747 0.114048
-11.741555 -82.732526 -376.321143 -2276.392088 0.996705 0.026867 -0.076531 -0.079753 0.152711 -0.985048 0.014778 -0.987906 -0.154351
-14.549479 -82.241111 159.673091 -61.557064 0.988506 0.111453 -0.102147 -0.106472 0.033558 -0.993749 0.107329 -0.993203 -0.045039
-12.025102 -81.534323 -299.440956 -2242.405689 0.993050 0.067378 -0.096502 -0.107243 0.180193 -0.977768 0.048491 -0.981321 -0.186166
-4.045106 -35.081784 -1448.160050 350.321650 0.998820 0.048416 -0.003729 0.040552 -0.789396 0.612543 -0.026713 0.611972 0.790428
-5.546018 -34.609716 -2153.433129 -808.616468 0.999402 0.026468 0.022269 0.009968 -0.836872 0.547307 -0.033122 0.546758 0.836635
-8.051832 -33.127658 -2084.500268 -1535.106957 0.998876 0.046145 -0.010864 0.042787 -0.778885 0.625705 -0.020412 0.625467 0.779984
-2.220576 -36.308035 -1297.448209 -423.804879 0.999391 0.032280 0.013247 0.020256 -0.845865 0.533012 -0.028410 0.532419 0.846004
-6.045285 -37.084907 -1297.447419 890.168930 0.998770 0.043795 -0.023246 0.047938 -0.733222 0.678298 -0.012662 0.678578 0.734419
-1.013401 -41.655608 -514.813266 2682.222540 0.995864 0.074902 -0.051429 0.090799 -0.799901 0.593224 -0.003296 0.595440 0.803393
-5.212213 -43.906509 -110.347676 4198.581747 0.992563 0.088760 -0.083306 0.121721 -0.732081 0.670255 0.001495 0.675411 0.737440
-9.230127 -220.213746 -2132.242143 28262.122023 -0.723908 -0.457875 0.516050 -0.322675 0.885864 0.333355 -0.609785 0.074802 -0.789029
-12.022092 -194.972308 -575.466519 2542.698186 -0.712834 -0.436371 0.549043 -0.504109 0.863067 0.031458 -0.487588 -0.254353 -0.835202
-10.840496 -160.291241 -73.803377 1351.416944 -0.721584 -0.392711 0.570171 -0.386318 0.911814 0.139114 -0.574522 -0.119885 -0.809662
-10.969837 -156.594882 -511.961679 8530.131787 -0.740637 -0.365649 0.563700 -0.191471 0.919029 0.344565 -0.644047 0.147265 -0.750678
-11.149947 -149.783643 431.291106 4984.624056 -0.706659 -0.372090 0.601816 -0.259567 0.927585 0.268720 -0.658223 0.033682 -0.752069
-3.545356 -27.777838 -1030.622785 156.651425 0.724086 -0.369586 0.582328 -0.624947 0.005623 0.780647 0.291790 0.929180 0.226900
-6.257414 -27.364202 -1665.678746 -896.250243 0.657219 -0.366592 0.658539 0.709388 0.005693 -0.704796 0.254623 0.930364 0.263797
-6.015755 -29.229281 -1382.188926 614.148393 0.738764 -0.375952 0.559364 -0.631965 -0.098015 0.768774 0.234196 0.921441 0.309999
-3.212355 -25.619691 -277.480147 -521.410733 0.649242 -0.373666 0.662463 0.697909 -0.053545 -0.714182 0.302337 0.926016 0.226021
-8.806556 -29.986418 1482.527608 -2013.513209 -0.063612 -0.680411 -0.730064 0.864282 -0.403319 0.300583 -0.498969 -0.611861 0.613723
-14.829970 -33.853889 969.016609 -1497.834971 0.163184 -0.778836 -0.605629 0.866533 -0.180341 0.465401 -0.471690 -0.600743 0.645458
-7.946241 -26.355672 -1727.160884 -5459.747050 -0.038992 0.735693 0.676192 0.804881 -0.377895 0.457560 -0.592153 -0.562095 0.577411
-0.726773 -20.138333 -3135.904583 6548.642019 0.179872 0.589132 0.787763 -0.752618 0.598084 -0.275432 -0.633414 -0.543341 0.550969
-2.787700 -28.313989 1524.361965 -2250.359548 -0.250135 -0.567684 -0.784326 0.812487 -0.563657 0.148851 -0.526591 -0.600021 0.602226
-22.650139 -40.839373 -18.626641 -320.954328 0.893771 0.263737 0.362789 0.446171 -0.440069 -0.779275 0.045872 -0.858360 0.510993
-22.617075 -38.611232 596.854408 -91.671498 0.926296 0.166807 0.337862 0.376003 -0.467363 -0.800121 -0.024438 -0.868186 0.495637
-22.419718 -40.234609 468.059822 -304.178764 0.885083 0.244867 0.395813 0.463291 -0.382024 -0.799637 0.044595 -0.891122 0.451567
-14.551277 -106.453244 698.389084 -5448.949021 0.962440 0.271466 -0.004005 -0.221814 0.777733 -0.588158 0.156550 -0.566955 -0.808736
-16.003853 -102.658972 397.274127 -5154.766448 0.968154 0.248882 -0.027131 -0.209074 0.744140 -0.634464 0.137717 -0.619931 -0.772477
-14.105459 -113.801028 289.333105 -6554.840537 0.971384 0.237003 -0.015551 -0.219826 0.872325 -0.436721 0.089939 -0.427643 -0.899462
-11.171024 -118.504160 1061.049505 -8411.691078 0.959701 0.278375 0.038491 -0.227200 0.849192 -0.476712 0.165391 -0.448755 -0.878217
-73.223937 -679.311121 37388.948866 148812.052076 -0.733035 0.435076 0.522847 0.093593 0.825881 -0.556022 -0.673721 -0.358648 -0.646120
7796.034577 -96694.142964 -571238.463662 28874039.944580 -0.799440 0.314906 0.511596 0.047406 0.882013 -0.468834 -0.598873 -0.350552 -0.720045
-133.751200 -424.019253 48689.412931 91835.571051 -0.785246 0.310789 0.535536 0.268006 0.950288 -0.158511 -0.558177 0.019057 -0.829503
-44.504503 -84.761772 -2867.242795 -4802.397616 -0.478908 0.606330 0.634831 0.874256 0.263908 0.407467 0.079523 0.750144 -0.656476
-58.024379 -80.501050 538.980249 -2909.424097 -0.580165 0.481900 0.656644 0.813012 0.293940 0.502603 0.049190 0.825453 -0.562324
-53.970676 -77.813977 8.384899 -4016.743806 0.784225 -0.286546 -0.550347 0.615922 0.466777 0.634633 -0.075038 0.836667 -0.542548
-42.184710 -69.315377 -1115.262849 -515.496616 0.588218 0.806049 -0.065460 0.030887 0.058494 0.997810 -0.808112 0.588951 -0.009511
-44.307367 -70.742028 -1269.917317 -1619.026231 0.612033 0.774521 -0.159787 0.195421 0.047665 0.979561 -0.766307 0.630749 0.122185
-44.903603 -70.969475 -2144.723950 -415.678359 0.658190 0.742491 -0.124470 0.059798 0.113250 0.991765 -0.750473 0.660213 -0.030141
13.451162 -39.421856 -151.459949 6045.936600 0.989735 0.103142 -0.098927 0.014636 0.615413 0.788069 -0.142164 0.781427 -0.607587
8.417764 -28.992056 -430.037091 3431.188233 0.978671 0.091716 -0.183823 0.096615 0.584184 0.805850 -0.181296 0.806422 -0.562863
8.775170 -163.500486 615.201665 4835.994837 0.056633 -0.136232 0.989057 0.893513 0.448911 0.010671 -0.445452 0.883131 0.147148
17.967457 -45.816826 -6840.980664 -388.756022 0.979906 0.104514 -0.169884 -0.083483 -0.558625 -0.825209 0.181147 -0.822809 0.538675
33.045875 -42.825093 -7175.507214 -572.115192 0.961302 0.145376 -0.234018 -0.103769 -0.595813 -0.796391 0.255207 -0.789856 0.557671
27.354952 -40.832568 -5536.208873 -3007.813700 0.965875 0.150514 -0.210789 -0.102806 -0.524187 -0.845375 0.237733 -0.838196 0.490825
39.466801 -40.565346 -3760.325736 -1931.687773 0.928061 0.205250 -0.310765 -0.143165 -0.573703 -0.806455 0.343811 -0.792930 0.503047
46.111958 -45.150699 -3806.785403 2070.921561 0.922698 0.211687 -0.322205 -0.128152 -0.619822 -0.774208 0.363600 -0.755651 0.544781
10.006923 -78.286146 610.513863 -1178.076413 0.868341 -0.438140 -0.232416 0.488444 0.836774 0.247452 -0.086062 0.328395 -0.940612
10.251207 -85.013678 1304.076634 -6125.054410 0.850664 -0.463803 -0.247501 0.525512 0.763091 0.376204 -0.014381 0.450088 -0.892868
-9.190261 -200.426125 193.747656 -27044.606366 -0.093049 0.239625 -0.966396 0.947384 0.319877 -0.011902 0.306276 -0.916656 -0.256781
-5.188616 -137.496875 236.211513 -15379.097857 -0.113879 0.216434 -0.969633 0.993484 0.029275 -0.110146 0.004547 -0.975858 -0.218358
-3.202881 -135.990258 -153.119260 -16392.082187 -0.138775 0.219082 -0.965787 0.981583 -0.098859 -0.163470 -0.131290 -0.970685 -0.201328
-6.091842 -49.095115 -1162.378575 -376.597268 0.954670 -0.229129 -0.190014 -0.035865 -0.722236 0.690716 0.295498 0.652591 0.697715
-7.247547 -53.658908 -1697.814160 3837.388246 0.955938 -0.198734 -0.216071 0.030434 -0.664966 0.746253 0.291986 0.719948 0.629618
-5.257252 -53.880731 -1163.174180 3575.263366 0.959570 -0.198043 -0.200013 0.021483 -0.656994 0.753590 0.280650 0.727419 0.626177
-12.472327 -79.869109 -636.899739 602.776697 0.908890 -0.393961 -0.136796 -0.272819 -0.313593 -0.909521 -0.315418 -0.863976 0.392502
-10.471786 -83.983278 -1544.357078 756.427294 0.889334 -0.437195 -0.133964 -0.321015 -0.388318 -0.863805 -0.325631 -0.811215 0.485690
-10.625388 -83.410122 -1163.455566 -497.852449 0.888326 -0.437062 -0.140907 -0.259428 -0.224454 -0.939318 -0.378913 -0.870975 0.312774
-13.331211 -80.606853 -1015.326130 -1130.306175 0.903455 -0.406745 -0.135382 -0.220273 -0.169543 -0.960591 -0.367762 -0.897671 0.242770
-12.292849 -96.946096 -890.603467 3547.972920 0.948077 -0.282973 -0.145177 -0.318003 -0.836396 -0.446449 -0.004908 -0.469434 0.882954
-14.228498 -89.617426 -810.600834 1040.728551 0.956344 -0.239918 -0.166870 -0.292205 -0.794224 -0.532752 0.004715 -0.558255 0.829656
-13.999617 -96.938078 -724.316061 4460.083753 0.955642 -0.230047 -0.183921 -0.285333 -0.877945 -0.384445 0.073032 -0.419870 0.904641
-10.874507 -104.894753 -834.671181 4553.875261 0.947692 -0.269298 -0.171341 -0.303167 -0.927367 -0.219274 0.099846 -0.259749 0.960500
-8.829567 -101.154791 -950.740837 3203.528141 0.937939 -0.318356 -0.137547 -0.343078 -0.909723 -0.233886 0.050671 -0.266560 0.962485
3.167833 -30.172804 -505.310701 1214.609928 0.750336 -0.526164 0.400184 0.436446 -0.060372 -0.897703 -0.496499 -0.848237 -0.184342
8.710015 -31.067276 956.315283 -584.199221 0.733044 -0.487994 0.473823 0.512124 -0.062469 -0.856637 -0.447633 -0.870609 -0.204121
6.584880 -31.483272 -2532.228555 -175.463797 0.762916 -0.544387 0.348715 0.422775 0.012036 -0.906155 -0.489101 -0.838748 -0.239336
-0.555442 -32.793454 -2728.821659 1624.485889 0.788896 -0.558237 0.256933 0.309741 0.000101 -0.950821 -0.530758 -0.829681 -0.172989
-19.844485 -240.041516 5828.821910 70084.652872 -0.222585 0.155348 -0.962457 -0.043988 0.984617 0.169098 0.973921 0.079975 -0.212327
-19.643859 -444.081841 1170.085103 144717.994486 -0.154223 0.137331 -0.978445 -0.091793 0.984019 0.152581 0.983763 0.113346 -0.139153
-11.656565 -234.600219 4113.002697 87522.303963 -0.210819 0.102354 -0.972152 -0.159096 0.977650 0.137434 0.964491 0.183639 -0.189823
-2.683337 -21.312589 765.598790 -1357.968007 0.947983 -0.286577 -0.138569 -0.225747 -0.298343 -0.927378 -0.224424 -0.910420 0.347518
-2.405681 -26.562817 1266.071677 -2227.295942 0.962946 -0.256145 -0.084412 -0.155677 -0.272335 -0.949525 -0.220228 -0.927482 0.302119
2.266638 -27.760251 1605.087000 -1830.917304 0.951192 -0.276954 -0.136128 -0.204877 -0.236852 -0.949698 -0.230780 -0.931235 0.282033
-10.639084 -42.687210 106.513275 1632.835028 0.810027 -0.544167 0.218493 0.095142 -0.245706 -0.964664 -0.578623 -0.802192 0.147255
-11.518851 -40.460987 708.161276 1768.014683 0.780060 -0.540358 0.315467 0.188317 -0.278052 -0.941926 -0.596693 -0.794166 0.115139
-18.676443 -39.535915 158.351568 -575.185918 0.770583 -0.636628 -0.030104 0.155207 0.233258 -0.959949 -0.618152 -0.735048 -0.278554
-13.500847 -96.053695 466.192887 294.545152 0.974118 -0.201065 -0.103277 0.059907 0.670209 -0.739750 -0.217955 -0.714417 -0.664909
-13.247768 -92.983331 473.046577 1258.976156 0.968592 -0.222828 -0.110346 0.115231 0.795489 -0.594910 -0.220342 -0.563510 -0.796182
-11.650850 -93.144838 498.713121 1261.490887 0.975550 -0.199964 -0.091193 0.116383 0.822011 -0.557453 -0.186432 -0.533210 -0.825185
-10.987345 -96.035351 638.847245 785.405394 0.981683 -0.170274 -0.085465 0.067524 0.730430 -0.679641 -0.178152 -0.661421 -0.728549
-11.996750 -97.454880 571.701397 221.124442 0.981611 -0.161584 -0.101640 0.008323 0.568165 -0.822872 -0.190711 -0.806895 -0.559062
-13.222033 -94.518659 467.460853 -653.963168 0.975542 -0.189369 -0.111615 -0.009989 0.469050 -0.883115 -0.219588 -0.862630 -0.455686
-55.835779 -1072.314687 -5473.719947 -311521.416974 0.360576 0.903241 -0.232682 -0.235115 -0.153390 -0.959788 0.902611 -0.400783 -0.157057
-71.458156 -1737.731177 -1535.813106 -547795.370800 0.344285 0.923875 -0.167099 -0.503026 0.031238 -0.863706 0.792737 -0.381416 -0.475488
-70.752871 -578.635286 -7850.136709 -146175.983997 0.210477 0.948780 -0.235618 -0.286214 -0.170651 -0.942847 0.934763 -0.265885 -0.235636
-1.976677 -34.974248 101.702219 3179.035004 0.710376 -0.147400 -0.688214 0.242449 0.969225 0.042670 0.660745 -0.197168 0.724252
4.568796 -35.234098 7898.158163 3792.922359 0.544379 -0.367140 -0.754228 0.527768 0.848777 -0.032237 0.652007 -0.380508 0.655820
-0.364667 -28.043992 4810.515053 229.446538 0.556942 -0.472649 -0.682948 0.548588 0.826728 -0.124784 0.623591 -0.305160 0.719730
-60.223800 -97.253984 224.882285 -7704.256999 0.210070 -0.014125 0.977584 0.814987 -0.549800 -0.183074 0.540062 0.835177 -0.103985
-59.090102 -87.157500 1988.577548 -10034.833960 0.022974 -0.099400 0.994782 0.903730 -0.423414 -0.063180 0.427485 0.900467 0.080103
-59.947197 -95.152860 1754.155119 -4020.182631 0.156301 -0.130344 0.979071 0.733340 -0.648712 -0.203435 0.661652 0.749789 -0.005808
-12.590303 -42.683890 4876.286531 2386.097508 0.753302 0.576973 0.315655 0.351951 0.051789 -0.934584 0.555577 -0.815120 0.164054
-8.673725 -52.784044 1.946851 3330.198852 0.969461 0.238354 -0.057730 -0.232191 0.816291 -0.528920 0.078946 -0.526172 -0.846706
-9.584877 -41.576510 -602.632992 4280.728387 0.972714 0.220738 -0.071429 -0.231118 0.894990 -0.381547 0.020293 -0.387644 -0.921586
-10.653026 -45.023400 144.596299 3092.347858 0.981224 0.189912 -0.033650 -0.188228 0.904872 -0.381809 0.042061 -0.380974 -0.923629
-8.041499 -50.679783 1247.580336 3524.857344 0.975943 0.217987 0.004224 -0.187513 0.849082 -0.493861 0.111242 -0.481188 -0.869531
-6.213155 -57.322028 884.070943 2117.390197 0.973513 0.228112 -0.015400 -0.185223 0.747399 -0.638034 0.134033 -0.623987 -0.769854
-8.382599 -76.341501 -1305.399849 7812.666984 0.989202 -0.146178 -0.010533 0.146193 0.979138 0.141122 0.010315 0.141138 -0.989936
-7.371483 -63.595821 -1225.681743 7333.612765 0.986446 -0.163925 0.007290 0.152456 0.932044 0.328711 0.060679 0.323144 -0.944402
-9.424979 -67.010279 -962.047420 8394.520586 0.994728 -0.093428 0.042286 0.072613 0.932839 0.352900 0.072417 0.347969 -0.934705
-10.541311 -91.698458 353.139809 13020.049459 0.996247 0.007051 0.086264 -0.026648 0.973250 0.228199 0.082347 0.229642 -0.969785
-12.557724 -86.031609 -903.854735 2374.877176 0.998839 0.002929 -0.048084 -0.046046 -0.235282 -0.970836 0.014157 -0.971923 0.234874
-13.653842 -87.174748 -709.547414 3628.876387 0.997058 0.044161 -0.062657 -0.041940 -0.369921 -0.928116 0.064165 -0.928013 0.366981
-14.545486 -87.111436 278.953202 3729.620828 0.990778 0.106425 -0.083857 -0.049518 -0.291675 -0.955235 0.126120 -0.950578 0.283715
-4.225779 -35.368308 -1643.584832 2055.378762 0.996216 -0.046979 0.073119 -0.038866 -0.993318 -0.108669 -0.077736 -0.105416 0.991385
-4.443985 -40.237544 -1951.053274 -1797.802732 0.996282 -0.047150 0.072109 0.046209 0.998824 0.014651 -0.072715 -0.011264 0.997289
-0.579607 -39.040750 -1136.386547 -1834.834701 0.990890 -0.116662 0.067285 0.116075 0.993161 0.012586 -0.068293 -0.004662 0.997654
-7.021027 -37.826905 -1070.725109 1172.120704 0.996829 0.054417 0.058058 0.058788 -0.995338 -0.076455 -0.053626 -0.079626 0.995381
-1.157762 -34.264094 -989.207988 1498.919741 0.989523 -0.130168 0.062455 -0.123488 -0.987195 -0.100982 -0.074800 -0.092212 0.992926
-7.561857 -33.577325 -1716.016322 2041.127827 0.993593 0.069110 0.089430 0.084239 -0.980361 -0.178314 -0.075350 -0.184704 0.979901
-3.288933 -30.446931 -601.088442 1455.480014 0.994193 -0.093722 0.052876 -0.082862 -0.980264 -0.179487 -0.068655 -0.174063 0.982338
-7.820565 -29.930606 -1268.485013 1439.128124 0.997116 0.025450 0.071494 0.040418 -0.975450 -0.216481 -0.064229 -0.218746 0.973666
-11.454264 -262.926576 115.234308 17496.053206 -0.702506 -0.465854 0.538020 -0.548498 0.836116 0.007780 -0.453471 -0.289637 -0.842896
-8.895700 -200.534008 920.641551 -1164.711194 0.680918 0.489062 -0.545132 -0.678639 0.701179 -0.218623 -0.275315 -0.518812 -0.809342
12.444478 -18.547583 6066.854443 -2966.116717 0.652625 -0.487110 0.580349 -0.500660 0.297666 0.812856 0.568700 0.821047 0.049612
22.886820 -16.278258 6497.728452 -2000.144493 0.715737 -0.479834 0.507424 -0.434963 0.262165 0.861439 0.546377 0.837274 0.021068
10.191626 -16.641942 5755.114587 -1398.797078 0.653840 -0.503353 0.564915 -0.480362 0.300705 0.823911 0.584591 0.810069 0.045179
0.519635 -20.397824 5046.683639 3610.668438 0.553922 -0.456135 0.696499 0.593695 -0.370091 -0.714534 0.583692 0.809304 0.065803
0.271059 -22.975366 2860.604604 1678.005382 0.548931 -0.417460 0.724156 0.677322 -0.285516 -0.678024 0.489806 0.862675 0.126026
13.553537 -21.741021 5654.672427 -1396.386290 0.706539 -0.469665 0.529355 -0.508858 0.182664 0.841248 0.491799 0.863741 0.109933
-19.782672 -40.114067 240.307394 259.401215 0.354421 -0.812273 -0.463247 0.857876 0.085330 0.506723 -0.372069 -0.577002 0.727072
-19.343814 -35.056991 885.194012 1415.557171 0.270623 -0.772022 -0.575105 0.909242 0.008698 0.416178 -0.316296 -0.635537 0.704308
-20.132087 -38.089359 -870.771909 -735.604730 0.951922 0.185832 0.243539 0.304627 -0.658195 -0.688463 -0.032357 -0.729551 0.683160
-22.455176 -40.728383 -1135.885291 -504.359717 0.903447 0.280731 0.323997 0.427430 -0.531719 -0.731149 0.032981 -0.799040 0.600373
-22.452183 -40.385115 -1182.439930 -782.814526 0.906267 0.310902 0.286393 0.421269 -0.608457 -0.672542 0.034837 -0.730151 0.682397
-19.703791 -37.044169 -1551.615917 -995.918099 0.952522 0.207847 0.222487 0.302895 -0.721069 -0.623149 -0.030909 -0.660954 0.749790
-17.754755 -34.821671 -709.633938 -906.277130 0.982467 0.085020 0.165923 0.171561 -0.760644 -0.626089 -0.072978 -0.643577 0.761894
-18.206380 -35.229452 287.762131 -510.370373 0.983656 0.056510 0.170961 0.159034 -0.717902 -0.677735 -0.084435 -0.693846 0.715156
-19.232939 -36.978475 46.252412 -953.904845 0.965651 0.119393 0.230787 0.251530 -0.652352 -0.714961 -0.065193 -0.748453 0.659976
-14.269665 -108.195540 -164.719410 -4414.849653 0.978049 0.201442 -0.053299 -0.203210 0.865494 -0.457849 0.046100 -0.458630 -0.887431
58.663123 -455.512774 14515.927509 139342.006363 0.957111 0.289592 0.008670 -0.251515 0.845374 -0.471258 0.143802 -0.448865 -0.881953
120.602191 -478.744577 40320.848560 174596.240260 0.971452 0.235099 -0.031772 -0.237133 0.958337 -0.159243 0.006990 -0.162231 -0.986728
127.075560 -704.218418 14983.018961 221351.300609 0.996319 0.050611 -0.069193 -0.078486 0.863166 -0.498783 -0.034481 -0.502378 -0.863960
69.065154 -434.344361 12713.766016 71355.567709 0.963908 0.230782 -0.132746 -0.229320 0.466386 -0.854340 0.135256 -0.853946 -0.502476
20.560855 -266.775155 8995.190801 79223.706415 -0.827472 0.394697 0.399381 0.318979 0.915776 -0.244147 -0.462107 -0.074630 -0.883678
76.149656 -532.069262 988.202208 162758.267587 -0.902601 0.284040 0.323468 0.185576 0.934752 -0.302985 -0.388423 -0.213446 -0.896420
190.297398 -1591.220217 -5351.288194 514713.878709 0.874215 -0.279930 -0.396721 -0.060862 0.747450 -0.661524 -0.481710 -0.602459 -0.636395
-20.425036 -79.042734 -7765.563153 -6862.461732 -0.566214 0.671481 0.478032 0.823096 0.429822 0.371169 0.043765 0.603628 -0.796064
-20.295855 -77.043192 -6973.221256 -14959.817165 -0.550003 0.682147 0.481843 0.825620 0.531067 0.190575 -0.125891 0.502636 -0.855283
-42.819524 -70.440821 -945.599152 -588.285736 0.552054 0.816380 -0.169587 0.345546 -0.038899 0.937595 -0.758837 0.576203 0.303571
-46.029888 -72.305370 -1342.324039 -247.843948 0.648501 0.725916 -0.229114 0.354019 -0.021160 0.934999 -0.673882 0.687458 0.270711
8.350449 -26.751280 -352.979951 4019.622520 0.987684 0.139969 -0.069917 -0.019687 0.554499 0.831952 -0.155216 0.820329 -0.550425
4.135091 -18.590370 -161.046038 2675.052854 0.982982 0.110712 -0.146590 0.065364 0.534967 0.842341 -0.171678 0.837588 -0.518626
10.539635 -148.776825 -372.245573 1080.655015 0.010999 -0.087479 0.996106 0.819898 0.571033 0.041095 -0.572404 0.816253 0.078005
9.564179 -143.229034 -391.192542 1909.064932 0.027830 -0.092748 0.995301 0.948548 0.316619 0.002982 -0.315407 0.944008 0.096787
11.075148 -162.981130 -1636.453810 -5054.787506 0.009165 -0.086106 0.996244 0.655959 0.752487 0.059003 -0.754741 0.652954 0.063378
7.205877 -150.637371 -210.276423 9057.480577 0.049583 -0.112604 0.992402 0.995114 0.090515 -0.039448 -0.085385 0.989509 0.116541
7.676862 -178.986890 1847.199259 1928.869814 0.073638 -0.155097 0.985151 0.662740 0.745767 0.067871 -0.745220 0.647901 0.157706
12.124895 -46.042513 -5059.598630 3259.602047 0.982568 0.081430 -0.167119 -0.089221 -0.582099 -0.808208 0.163092 -0.809030 0.564687
-0.173053 -68.578814 798.626442 -3022.591486 0.976171 -0.216353 0.016808 0.189421 0.887319 0.420457 0.105881 0.407254 -0.907157
-0.117617 -72.036044 2179.832600 458.715287 0.971959 -0.233657 0.026477 0.180221 0.812498 0.554407 0.151053 0.534089 -0.831824
1.172817 -68.068541 753.706390 -2691.694948 0.979348 -0.201275 0.019122 0.179447 0.908902 0.376425 0.093145 0.365219 -0.926250
-1.325770 -74.818735 204.477349 -2145.528245 0.977210 -0.212012 -0.010544 0.183959 0.821032 0.540430 0.105920 0.530054 -0.841323
3.455514 -156.199678 -135.732160 -16111.373905 0.928908 -0.207644 -0.306618 -0.030476 -0.868057 0.495528 0.369055 0.450955 0.812673
3.862598 -128.870814 685.650336 -10920.179387 0.922489 -0.239675 -0.302606 0.059879 -0.685572 0.725538 0.381351 0.687421 0.618081
3.415078 -128.998100 -661.576446 -12178.305457 0.928869 -0.220555 -0.297586 0.042398 -0.734814 0.676943 0.367973 0.641408 0.673195
3.366468 -139.194447 1212.159569 -9816.158719 0.919764 -0.226442 -0.320558 -0.000587 -0.817561 0.575841 0.392470 0.529450 0.752097
-6.045481 -204.954727 -433.528548 -31449.148694 -0.041416 0.234208 -0.971304 0.990756 0.135314 -0.009617 0.129178 -0.962724 -0.237647
-4.277155 -217.726341 -1311.825343 -22356.576286 -0.055355 0.230035 -0.971607 0.863859 0.498996 0.068925 0.500683 -0.835516 -0.226340
-10.398097 -197.411038 753.469111 -15804.044181 -0.103194 0.263193 -0.959208 0.791835 0.605352 0.080912 0.601954 -0.751185 -0.270874
-9.653384 -49.999449 -796.586490 3831.534894 0.942061 -0.228786 -0.245312 0.013858 -0.704141 0.709925 0.335155 0.672192 0.660174
-4.532268 -84.893161 -1055.289149 -419.414324 0.868293 -0.467181 -0.166763 -0.196457 -0.015172 -0.980395 -0.455492 -0.884032 0.104955
-0.389227 -82.193866 -1921.616719 -393.620278 0.866362 -0.474838 -0.154741 -0.264330 -0.173094 -0.948772 -0.423728 -0.862883 0.275476
1.342241 -86.719335 -2926.416658 -460.303065 0.856156 -0.489224 -0.166301 -0.208573 -0.032744 -0.977459 -0.472751 -0.871543 0.130073
-0.401211 -92.008789 -1899.279893 -1826.292593 0.858229 -0.474933 -0.194634 -0.141678 0.145269 -0.979196 -0.493327 -0.867949 -0.057386
-15.162472 -89.639486 -279.671267 833.577222 0.959563 -0.199979 -0.198111 -0.276611 -0.800396 -0.531839 0.052210 -0.565132 0.823347
4.077187 -417.008611 -1282.641306 7649.120949 0.095500 -0.337922 0.936316 0.757414 0.635014 0.151927 -0.645913 0.694670 0.316591
2.810865 -480.099918 -796.498492 27918.289346 0.087752 -0.346254 0.934028 0.578989 0.780727 0.235027 -0.810599 0.520167 0.268988
5.641975 -329.371730 -345.620430 33919.454539 0.103869 -0.314002 0.943724 0.916362 0.399075 0.031925 -0.386641 0.861477 0.329191
8.783498 -543.359579 -1988.798255 136245.639189 0.102937 -0.334192 0.936867 0.980823 0.190813 -0.039701 -0.165498 0.922987 0.347425
7.031297 -32.311413 2781.416016 -90.709410 0.692193 -0.430972 0.578905 0.590722 -0.122503 -0.797521 -0.414628 -0.894011 -0.169789
11.465984 -36.195693 1957.751783 -2301.987679 0.716056 -0.442052 0.540235 0.585592 -0.040822 -0.809578 -0.379929 -0.896060 -0.229631
2.253765 -30.840501 1344.509168 923.411630 0.708166 -0.470732 0.526225 0.522336 -0.152168 -0.839053 -0.475044 -0.869055 -0.138120
44.710048 -3160.241978 57303.199034 1108161.363220 -0.113490 0.429671 -0.895825 0.267096 0.881653 0.389035 0.956964 -0.195119 -0.214822
366.049980 -10088.179427 85716.919856 2933263.118691 0.072174 0.500527 -0.862707 0.435658 0.762265 0.478699 0.897214 -0.410395 -0.163043
-32.764997 -1837.359053 -27465.527433 806517.317236 -0.155521 0.195285 -0.968337 0.815943 0.577951 -0.014490 0.556821 -0.792362 -0.249225
-47.255606 -1647.211843 107.963943 28294.793465 -0.124977 0.173700 -0.976836 0.965574 0.247684 -0.079493 0.228139 -0.953143 -0.198675
-19.603156 -464.763708 763.883378 126430.080803 -0.091481 0.216845 -0.971910 0.353010 0.919681 0.171965 0.931137 -0.327362 -0.160682
-12.391748 -1362.784810 -6033.294018 523319.743180 -0.008058 0.176127 -0.984334 0.846542 0.525159 0.087037 0.532262 -0.832579 -0.153331
4.398984 -50.438253 -3616.355667 -395.764454 0.897645 -0.420677 -0.131392 0.142617 0.559360 -0.816564 -0.417005 -0.714246 -0.562102
9.235342 -48.236712 -4702.368003 -105.822652 0.907193 -0.404292 -0.116399 0.147398 0.564563 -0.812122 -0.394049 -0.719595 -0.571760
7.109974 -50.165842 -4717.983818 -174.892800 0.893906 -0.434224 -0.111277 0.236985 0.668514 -0.704930 -0.380488 -0.603770 -0.700493
0.963987 -50.525523 -3044.945591 -685.612415 0.899055 -0.424984 -0.105309 0.210473 0.630405 -0.747188 -0.383930 -0.649598 -0.656216
-57.999873 -73.587780 -367.541919 1758.985707 0.871940 -0.220612 -0.437093 0.408545 -0.164169 0.897853 0.269834 0.961446 0.053015
-55.976092 -70.554825 -421.635252 500.932489 0.898183 -0.089088 -0.430500 0.378046 -0.343289 0.859787 0.224383 0.934995 0.274657
-59.497757 -72.038967 -869.289792 549.979923 0.874533 -0.285965 -0.391683 0.321482 -0.262856 0.909701 0.363099 0.921483 0.137944
-29.149306 -1344.031941 -2728.537744 -390681.131092 0.475071 0.784719 -0.398150 -0.414793 -0.199340 -0.887812 0.776051 -0.586923 -0.230795
-31.585528 -42.355160 -4240.010106 4082.921703 -0.522687 0.790585 0.319019 0.674616 0.612352 -0.412211 0.521240 0.000242 0.853410
-20.306884 -45.188432 2364.958449 9159.990373 0.683830 -0.558168 -0.469921 0.437738 0.829105 -0.347807 0.583748 0.032139 0.811298
-24.199233 -29.869541 4611.406137 4891.515998 0.631840 -0.625152 -0.458217 0.468804 0.779009 -0.416374 0.617253 0.048268 0.785283
-27.945439 -48.827961 1680.156865 2919.089654 0.643659 -0.662173 -0.383706 0.622048 0.744730 -0.241730 0.445825 -0.083092 0.891255
1898.768092 -183.981889 -490925.375113 42674.980596 0.689049 -0.260200 -0.676393 0.443151 -0.587222 0.677339 0.573436 0.766464 0.289317
532.496258 -83.727624 -134037.934100 -18595.169053 0.397928 -0.457862 -0.794994 -0.489758 0.626726 -0.606095 0.775751 0.630537 0.025151
3389.981233 -213.026320 -1739581.146112 13470.891015 0.479100 0.841111 0.250990 -0.623287 0.527334 -0.577436 0.618043 -0.120211 -0.776899
250.807776 -56.811240 -66680.661368 5078.444741 0.706056 -0.065320 -0.705137 0.574430 -0.529499 0.624228 0.414144 0.845792 0.336334
5507.589258 -258.862657 -3254786.051478 56708.349588 0.261324 0.836032 0.482452 -0.608559 0.530668 -0.589955 0.749243 0.139431 -0.647452
875.431407 -42.419002 -239880.216768 10751.569879 0.745417 -0.345034 -0.570356 0.257861 -0.639761 0.724026 0.614705 0.686773 0.387918
