19838
39657
-43.861567 -64.692372 3612.990739 7613.867050 -0.347465 0.835174 0.426325 -0.228796 0.365400 -0.902295 0.909352 0.411057 -0.064121
-35.690656 -64.847905 -476.042667 4069.195743 -0.432160 0.885480 0.170774 -0.052759 0.164221 -0.985012 0.900252 0.434692 0.024253
-50.054340 -76.975908 3823.195886 5977.469672 -0.368189 0.776351 0.511582 -0.127623 0.502826 -0.854914 0.920950 0.380059 0.086055
-33.213602 -52.817816 -325.941236 4058.705617 -0.452789 0.891618 -0.000131 -0.088539 -0.045109 -0.995051 0.887211 0.450537 -0.099368
-50.614932 -98.358267 -2327.562938 19263.840900 0.225891 -0.537634 -0.812357 -0.265541 0.768349 -0.582347 0.937263 0.347260 0.030799
-45.078447 -72.028595 804.434288 14869.399956 -0.204562 0.707318 0.676650 -0.362381 0.587429 -0.723607 0.909304 0.393228 -0.136153
-33.505710 -48.149201 1983.256865 5632.996596 -0.418341 0.908014 0.022365 -0.185784 -0.061440 -0.980668 0.889087 0.414409 -0.194397
18.717891 -55.459332 2918.388063 -2634.255901 -0.176203 0.973765 0.143992 -0.951272 -0.130844 -0.279217 0.253052 0.186174 -0.949370
13.521306 -64.955214 2421.753101 -116.576317 -0.112179 0.974832 0.192662 -0.963732 -0.059485 -0.260156 0.242148 0.214859 -0.946150
20.956695 -64.858668 2349.744512 -6559.379638 -0.201167 0.968353 0.147733 0.973569 0.181000 0.139290 0.108142 0.171848 -0.979170
17.022098 -54.765656 4995.475771 -2852.012020 0.034957 0.965826 0.256823 -0.919058 0.132012 -0.371355 0.392568 0.223054 -0.892265
25.509533 -55.491370 522.838431 -3096.144976 -0.289261 0.956469 0.038672 -0.940405 -0.276394 -0.198102 0.178789 0.093671 -0.979418
-61.879577 -68.382109 707.220274 1525.451365 0.725753 -0.267236 -0.633930 0.291116 0.954199 -0.068964 0.623325 -0.134496 0.770310
-48.226630 -69.102331 -10910.496610 -5519.316238 -0.263467 0.819146 0.509495 0.726813 0.515835 -0.453494 0.634293 -0.250827 0.731272
-69.917382 -75.330277 1133.578274 -9783.515637 0.091799 0.991262 0.094727 0.712621 0.001047 -0.701548 0.695517 -0.131906 0.706298
-36.637075 -82.537738 -12999.474481 -8548.906429 -0.019230 0.938935 0.343558 0.689213 0.261381 -0.675770 0.724303 -0.223789 0.652153
-36.529218 -154.658630 -2867.718322 48057.176914 -0.290715 0.951282 -0.102699 -0.842659 -0.305395 -0.443463 0.453222 0.042382 -0.890389
817.215807 -14381.596440 149020.959842 -5985251.757458 -0.194871 0.908038 0.370800 -0.369188 0.282337 -0.885430 0.908694 0.309440 -0.280217
-36.786997 -402.067393 15136.296718 -156018.743137 -0.204286 0.978902 0.004356 -0.490127 -0.098430 -0.866075 0.847374 0.179061 -0.499895
-359.018945 -1380.217991 74351.686913 -510514.233933 0.079863 0.928801 0.361870 -0.418836 0.360696 -0.833352 0.904543 0.085010 -0.417821
-37.693684 -745.143314 -1507.002335 -360477.149907 -0.296220 0.952017 -0.076927 0.951070 0.286597 -0.115447 -0.087860 -0.107361 -0.990330
-58.155719 -946.627772 -24228.253532 465868.684631 -0.143891 0.988056 -0.055145 -0.968948 -0.129347 0.210735 -0.201085 -0.083755 -0.975987
-23.785685 -198.853045 -8276.657615 92301.468411 -0.309429 0.918014 -0.247999 -0.881860 -0.374600 -0.286354 0.355777 -0.130095 -0.925472
46.468611 -48.496114 -6276.357331 -421.259684 0.250486 0.914948 0.316430 -0.849260 0.050750 0.525531 -0.464774 0.400369 -0.789740
54.288647 -48.865461 -3639.203544 -123.171626 0.269285 0.889685 0.368710 0.894324 -0.088968 -0.438486 -0.357311 0.447823 -0.819624
49.795258 -47.094068 4824.208915 -257.330093 0.309447 0.840941 0.443915 0.852693 -0.038762 -0.520972 -0.420900 0.539737 -0.729059
42.760865 -45.688191 -862.291659 1416.753688 0.292637 0.874225 0.387419 -0.784633 -0.012042 0.619844 -0.546548 0.485371 -0.682422
35.704672 -48.628586 -7279.857508 804.170305 0.222595 0.938877 0.262607 -0.787172 0.014171 0.616571 -0.575163 0.343962 -0.742212
-7.361099 -42.046525 608.067934 -1335.933080 0.053261 0.989798 -0.132145 -0.655368 -0.065198 -0.752491 0.753430 -0.126682 -0.645209
-7.113948 -40.630803 0.412186 -3699.038868 0.075269 0.989205 -0.125733 -0.697851 -0.037812 -0.715244 0.712277 -0.141579 -0.687472
-7.666589 -40.298031 518.341169 -3920.226165 0.066704 0.992305 -0.104318 -0.683613 -0.030705 -0.729198 0.726790 -0.119954 -0.676304
-7.679953 -37.359633 885.014832 585.237319 0.034113 0.994254 -0.101468 -0.777023 -0.037467 -0.628357 0.628548 -0.100278 -0.771280
-8.103233 -40.588350 -12.225818 -3200.399901 0.047844 0.992519 -0.112325 -0.680324 -0.049957 -0.731207 0.731349 -0.111402 -0.672844
-9.077482 -56.498976 1256.250132 434.684477 0.071634 0.995662 0.059380 0.500041 -0.087360 0.861584 -0.863034 0.032026 0.504130
-11.632927 -59.860065 -1005.213901 5658.705721 0.038218 0.996731 0.071180 0.615851 -0.079590 0.783832 -0.786935 -0.013880 0.616880
-8.094669 -59.547023 1897.496072 -2718.715791 0.040391 0.999117 -0.011560 0.519006 -0.011093 0.854699 -0.853816 0.040522 0.518995
-0.659536 -56.246832 6089.491117 -3497.163287 0.078700 0.996500 -0.028186 0.400640 -0.005726 0.916218 -0.912849 0.083399 0.399688
-2.832155 -56.176640 2682.541991 -5907.704934 0.061985 0.997558 0.032196 0.347235 -0.051797 0.936347 -0.935727 0.046860 0.349598
-13.579550 -78.178018 -1511.359182 -1358.028146 0.100624 0.991104 0.087108 -0.284750 -0.055202 0.957011 -0.953306 0.121102 -0.276662
-16.048265 -77.967720 749.063255 -1499.559385 0.092623 0.993408 0.067541 -0.210690 -0.046743 0.976435 -0.973155 0.104670 -0.204971
-11.789879 -80.063168 -649.366379 -579.711082 0.096474 0.990865 0.094233 -0.091636 -0.085430 0.992121 -0.991108 0.104349 -0.082557
-16.548730 -76.000081 1270.812543 -657.788212 0.103760 0.991814 0.074419 -0.362378 -0.031981 0.931482 -0.926237 0.123619 -0.356094
-11.916065 -78.831779 327.467930 -1778.852643 0.138757 0.983204 0.118558 -0.352252 -0.062887 0.933790 -0.925562 0.171332 -0.337610
-14.437183 -78.077119 -174.906343 -237.780362 0.114723 0.989177 0.091478 -0.450119 -0.030329 0.892453 -0.885568 0.143561 -0.441768
-2.355968 -56.279290 417.073480 3435.020716 -0.247395 -0.951760 -0.181517 0.968383 -0.249085 -0.013796 -0.032083 -0.179191 0.983291
0.140435 -52.142459 -272.467070 887.870071 -0.221010 -0.959601 -0.174129 0.970547 -0.198853 -0.135998 0.095877 -0.199058 0.975286
-1.119754 -52.825742 335.729704 2556.152698 -0.260889 -0.950005 -0.171544 0.964185 -0.247625 -0.095024 0.047794 -0.190191 0.980583
27.919755 -43.867625 6012.699040 -693.751141 0.278692 0.951902 0.127335 -0.801202 0.157342 0.577337 -0.529533 0.262920 -0.806516
34.632313 -43.345172 5363.948193 51.821519 0.278156 0.957778 0.072733 -0.846359 0.208582 0.490072 -0.454210 0.197875 -0.868642
28.532501 -43.475187 7746.417998 -507.183145 0.302204 0.939576 0.160839 -0.848941 0.188537 0.493713 -0.433557 0.285745 -0.854622
22.370376 -47.107575 1515.628819 -820.454087 0.223451 0.956507 0.187520 -0.752566 0.047038 0.656835 -0.619446 0.287891 -0.730346
22.165254 -44.868201 5222.526172 -860.090633 0.234919 0.957394 0.167960 -0.745164 0.066432 0.663564 -0.624134 0.281041 -0.729022
-0.949953 -46.923189 130.461645 223.674616 -0.295110 0.954806 -0.035437 -0.808999 -0.229967 0.540958 -0.508361 -0.188311 -0.840302
-1.658238 -49.095549 -530.051398 791.271710 -0.375823 0.926680 0.004640 -0.782240 -0.319921 0.534556 -0.496847 -0.197269 -0.845120
-4.973505 -51.114330 -224.026112 -3125.957640 -0.304074 0.951379 -0.049160 -0.869581 -0.256115 0.422177 -0.389059 -0.171122 -0.905180
2.570917 -50.931310 440.872263 5010.525057 -0.338083 0.941105 0.004613 -0.716361 -0.260519 0.647269 -0.610350 -0.215526 -0.762247
-3.643362 -84.191649 13249.755655 14669.380627 -0.425762 -0.489930 -0.760720 0.564515 0.513215 -0.646477 0.707141 -0.704684 0.058066
-15.990260 -81.651748 565.259332 6280.181624 -0.358881 -0.580761 -0.730699 0.630510 0.426394 -0.648572 0.688231 -0.693473 0.213151
10.274493 -86.217342 18100.153293 6475.882226 -0.442446 -0.461086 -0.769182 0.672618 0.396674 -0.624687 0.593150 -0.793756 0.134628
41.406028 -77.598859 28436.080299 12905.783220 -0.451870 -0.429019 -0.782148 0.556537 0.549649 -0.623018 0.697194 -0.716818 -0.009604
-4.938232 -135.135947 376.651130 5434.171168 -0.474664 -0.545655 0.690619 -0.720747 0.691331 0.050846 -0.505191 -0.473627 -0.721429
-3.289916 -139.941045 904.601929 -3766.225927 0.480403 0.559570 -0.675348 0.776977 -0.628728 0.031752 -0.406843 -0.539983 -0.736815
-4.420998 -142.384771 -219.529608 -3960.986182 0.458557 0.553131 -0.695537 0.812676 -0.577689 0.076373 -0.359560 -0.600267 -0.714420
-3.234968 -132.128202 -1325.377583 6684.885327 -0.501207 -0.548461 0.669315 -0.661074 0.741791 0.112815 -0.558366 -0.385923 -0.734364
2.033386 -56.085122 1064.001122 1194.145659 0.023674 0.999303 -0.028864 -0.561602 0.037179 0.826572 -0.827069 0.003358 -0.562091
2.667897 -53.510526 825.076753 1035.503444 0.052392 0.996255 -0.068787 -0.647587 0.086329 0.757085 -0.760188 -0.004881 -0.649685
-0.115331 -57.873223 1171.996614 1323.817104 0.027849 0.998773 -0.040947 -0.586905 0.049496 0.808142 -0.809177 -0.001526 -0.587563
0.669589 -57.713342 841.029176 -1246.775786 0.004795 0.999977 0.004739 -0.520634 -0.001550 0.853778 -0.853766 0.006561 -0.520615
-1.689215 -59.901809 1230.132837 -872.777048 0.009904 0.999937 -0.005282 -0.535032 0.009761 0.844775 -0.844774 0.005541 -0.535095
-2.979049 -61.671901 1069.052088 -224.482149 0.025601 0.999016 -0.036228 -0.603218 0.044337 0.796343 -0.797166 -0.001466 -0.603759
84.277904 -37.882238 29025.040601 2398.452069 -0.304702 0.867527 0.393134 0.499923 0.497005 -0.709270 0.810700 0.019579 0.585135
84.352403 -37.443838 22479.175271 -2881.173884 -0.242630 0.831511 0.499720 0.462891 0.551922 -0.693624 0.852562 -0.063022 0.518812
103.095764 -39.728869 18188.560848 666.947959 -0.136522 0.800521 0.583548 0.481732 0.568371 -0.666999 0.865619 -0.190053 0.463232
24.249333 -101.951699 2012.263543 -6024.651693 0.192644 0.923006 0.333089 0.364819 -0.382485 0.848889 -0.910931 0.042017 0.410413
23.444574 -87.299616 2237.097984 -6843.931461 0.194811 0.906871 0.373675 0.117624 -0.399825 0.909013 -0.973762 0.133133 0.184560
19.934416 -85.648545 3620.127392 -5683.783805 0.244339 0.908067 0.340166 0.206223 -0.391435 0.896800 -0.947507 0.148974 0.282907
16.283518 -93.453785 2528.376143 -7524.978704 0.234631 0.927272 0.291744 0.320716 -0.357160 0.877256 -0.917654 0.112265 0.381192
11.493320 -81.427928 3378.584722 -4431.281285 0.254442 0.918467 0.302781 0.175847 -0.351806 0.919408 -0.950966 0.180693 0.251024
28.124253 -190.435282 12477.617093 32925.408637 -0.364112 -0.683650 0.632491 0.930745 -0.291666 0.220553 0.033695 0.668994 0.742504
9.754194 -188.584665 7679.099829 34423.138779 -0.425665 -0.665758 0.612842 0.903650 -0.348070 0.249529 0.047186 0.660011 0.749773
13.474040 -211.944182 9790.309340 30078.263494 -0.399831 -0.678502 0.616255 0.897714 -0.154137 0.412737 -0.185055 0.718246 0.670729
26.767616 -223.706916 8188.200444 31469.650467 -0.360717 -0.644848 0.673835 0.901406 -0.055530 0.429399 -0.239479 0.762291 0.601301
7.169660 -237.622712 7673.793092 22704.295665 -0.402575 -0.668281 0.625566 0.808371 0.061105 0.585494 -0.429500 0.741395 0.515620
-3.705435 -220.078067 3611.815109 10870.994961 0.350774 0.520227 -0.778667 0.284465 0.733016 0.617873 0.892210 -0.438237 0.109136
-4.496156 -205.201136 1222.761076 9954.134107 0.406753 0.480282 -0.777097 0.369573 0.691417 0.620772 0.835445 -0.539695 0.103737
-3.033201 -199.874858 2743.160302 -2471.611331 0.393063 0.503722 -0.769263 0.503046 0.582501 0.638465 0.769705 -0.637932 -0.024435
-4.191155 -196.158695 91.304875 -22194.313600 0.433997 0.487263 -0.757774 0.688415 0.363209 0.627824 0.581146 -0.794137 -0.177808
-4.453233 -208.248027 2230.478786 -17221.063516 0.382211 0.543258 -0.747520 0.619400 0.449697 0.643519 0.685754 -0.708974 -0.164614
-28.164216 -44.570050 -2554.431962 -965.865716 -0.071440 0.940948 0.330927 -0.898945 0.083021 -0.430122 0.432196 0.328213 -0.839930
-22.659460 -45.083712 -454.389910 674.608170 -0.108243 0.951026 0.289539 -0.924705 0.010607 -0.380537 0.364972 0.308929 -0.878270
-26.041263 -45.947232 -740.191873 -1532.143024 -0.096016 0.942570 0.319909 0.953644 -0.004980 0.300896 0.285209 0.333971 -0.898398
-22.256818 -47.081732 -2505.160968 -3186.003130 -0.080272 0.960375 0.266901 -0.878298 0.058465 -0.474525 0.471326 0.272510 -0.838803
-4.991026 -57.251458 -2895.478488 -1215.475600 -0.007373 0.651712 -0.758431 0.571724 -0.619513 -0.537900 0.820413 0.437579 0.368031
-1.772073 -67.256326 -2499.025936 -7532.082978 -0.070590 0.716995 -0.693495 0.482849 -0.583790 -0.652722 0.872854 0.380929 0.304991
-3.546045 -71.885370 2015.281643 -7314.879954 -0.052106 0.677144 -0.734003 0.470597 -0.631627 -0.616105 0.880808 0.377523 0.285750
-5.909165 -62.388458 2514.358996 1890.942901 0.013898 0.587477 -0.809122 -0.552559 0.678931 0.483458 0.833358 0.440368 0.334052
-12.247175 -58.731664 2434.336072 -2132.043557 0.077734 0.527434 -0.846033 -0.638027 0.678387 0.364298 0.766081 0.511473 0.389250
0.792540 -104.265100 -982.953801 -15304.763787 0.696193 0.335619 -0.634567 0.573627 0.271368 0.772859 -0.431588 0.902064 0.003596
0.375555 -94.043421 -404.588593 -7537.732953 0.665821 0.319089 -0.674437 0.540965 0.416084 0.730911 -0.513848 0.851503 -0.104421
-0.167822 -104.601549 -2422.825258 -11240.822695 0.688581 0.360519 -0.629192 0.579158 0.248730 0.776343 -0.436385 0.898977 0.037526
-0.772284 -111.268723 -933.790618 -5828.878263 0.702906 0.342734 -0.623263 0.637616 0.084722 0.765682 -0.315230 0.935604 0.158981
3.189567 -22.314435 344.525489 -2359.989322 0.305565 0.927116 0.216993 -0.505186 0.351028 -0.788395 0.807104 -0.131284 -0.575628
1.570506 -19.414773 -679.990640 -1987.529530 0.301123 0.936461 0.179905 -0.516955 0.318845 -0.794415 0.801300 -0.146213 -0.580120
0.818009 -17.895300 -1471.322227 -1193.760113 0.340818 0.910483 0.234230 -0.465166 0.379828 -0.799595 0.816984 -0.163560 -0.552978
-1.589693 -17.984103 -500.951522 368.283206 0.249784 0.965295 0.076245 -0.535504 0.203314 -0.819694 0.806749 -0.163917 -0.567704
-5.955936 -19.082908 -1414.467522 1871.554268 0.242080 0.969239 0.044418 -0.520664 0.168399 -0.836989 0.818722 -0.179491 -0.545414
-1.664007 -17.378990 -2476.192873 759.029625 0.351634 0.909382 0.222211 -0.448062 0.371907 -0.812973 0.821945 -0.186305 -0.538235
25.904096 -42.020045 6309.225589 415.636078 0.104030 0.990649 -0.088272 -0.680344 0.135621 0.720235 -0.725472 0.014870 -0.688091
24.642031 -42.078122 -176.387491 617.402884 0.042531 0.984478 -0.170279 -0.680641 0.153315 0.716395 -0.731382 -0.085430 -0.676596
28.611473 -44.108970 2596.965640 -252.877186 0.069009 0.988359 -0.135591 -0.749875 0.141032 0.646373 -0.657971 -0.057071 -0.750878
-3.032500 -7.029206 2671.787677 1384.979065 0.114959 0.809141 -0.576260 -0.188284 0.587338 0.787136 -0.975363 -0.018012 -0.219868
0.718181 -8.636917 3156.592958 1246.794768 0.049077 0.951871 -0.302545 -0.237737 0.305337 0.922090 -0.970089 -0.026673 -0.241280
-6.300106 -7.535048 4176.750225 1072.626658 0.066911 0.911182 -0.406534 -0.227201 0.410657 0.883029 -0.971546 -0.033280 -0.234500
3.982290 -67.620327 24.217927 471.061277 -0.026991 0.995293 0.093075 0.308344 -0.080279 0.947882 -0.950892 -0.054284 0.304725
1.860585 -67.556322 -503.349981 -1270.179577 -0.034843 0.994570 0.098066 0.253281 -0.086135 0.963550 -0.966765 -0.058411 0.248905
3.266854 -66.434246 -140.078305 -2393.021864 -0.029698 0.995802 0.086577 0.139511 -0.081638 0.986850 -0.989775 -0.041386 0.136501
-11.267712 -77.501877 630.156699 -2352.694663 0.183581 0.972862 0.140847 -0.348884 -0.069471 0.934588 -0.919009 0.220712 -0.326662
-12.359370 -81.964452 -523.653096 -2263.078597 0.172173 0.977906 0.118557 -0.196448 -0.083850 0.976922 -0.965280 0.191490 -0.177671
-10.932752 -82.169356 -1834.557906 -1764.661870 0.185614 0.974949 0.122559 -0.234501 -0.077172 0.969048 -0.954231 0.208610 -0.214303
-12.344274 -79.048331 -781.832726 -1678.286993 0.183904 0.972026 0.146100 -0.437283 -0.052212 0.897807 -0.880320 0.228997 -0.415448
-29.992691 -36.277032 868.831446 606.092553 -0.104392 0.834618 0.540847 -0.321570 -0.542933 0.775768 -0.941114 0.092936 -0.325066
-30.274135 -37.949317 2326.104152 -2393.446194 -0.182529 0.677031 0.712961 0.173360 0.735943 -0.654472 -0.967796 0.004139 -0.251701
-29.729151 -35.559917 4061.890382 -1113.043986 -0.141275 0.607678 0.781517 0.197261 0.790884 -0.579302 -0.970118 0.072322 -0.231604
9.525126 -100.136533 9074.315565 -10058.319407 -0.420222 -0.846602 -0.326618 0.803189 -0.179529 -0.568029 0.422257 -0.501034 0.755423
23.834973 -88.788922 -3334.351476 -6718.575141 0.351725 0.905875 0.235968 0.799469 -0.159555 -0.579130 0.486969 -0.392344 0.780338
17.049225 -104.721688 -8534.251091 -1869.846239 0.388001 0.863683 0.321723 0.701119 -0.050015 -0.711288 0.598237 -0.501547 0.624950
17.378060 -81.059799 5321.946688 -10914.385184 -0.405239 -0.879461 -0.249658 0.854535 -0.267341 -0.445307 0.324886 -0.393797 0.859868
11.626904 -81.560775 13566.686614 -12910.322341 -0.454336 -0.827651 -0.329504 0.854819 -0.300946 -0.422747 0.250725 -0.473736 0.844222
24.659161 4.454421 2210.676193 -1779.947560 -0.079130 -0.300831 0.950389 0.280072 0.908269 0.310817 -0.956712 0.290772 0.012383
25.084777 0.966875 -1182.296943 -1471.452402 -0.163737 -0.338796 0.926503 0.261752 0.890595 0.371923 -0.951145 0.303412 -0.057143
24.132513 -0.549636 2863.086246 -1165.663081 -0.073602 -0.283614 0.956110 0.266389 0.918284 0.292900 -0.961051 0.276255 0.007964
32.762576 -40.286845 1759.821778 4345.939205 0.113565 0.066193 -0.991323 -0.147357 0.987865 0.049081 0.982542 0.140505 0.121941
30.868545 -39.299221 -282.098821 3668.630294 0.178945 0.041314 -0.982991 -0.155732 0.987712 0.013163 0.971456 0.150728 0.183180
27.601554 -36.936311 2283.647317 2293.278099 0.103639 0.082889 -0.991155 -0.212679 0.975320 0.059327 0.971610 0.204649 0.118710
34.397581 -45.831389 472.948467 3756.729270 0.167966 0.044201 -0.984801 -0.062951 0.997436 0.034031 0.983781 0.056279 0.170318
27.019612 -42.493004 2983.676016 3182.134903 0.060945 0.087530 -0.994296 -0.168976 0.982674 0.076149 0.983734 0.163371 0.074680
33.119155 -45.477211 1866.672836 4230.938797 0.095178 0.066005 -0.993270 -0.098518 0.993525 0.056582 0.990573 0.092469 0.101065
-47.352339 -56.435062 -2209.060577 -3835.408030 0.218123 0.335868 0.916305 -0.185739 0.936038 -0.298887 -0.958083 -0.104999 0.266555
-49.594379 -56.674047 -1209.705630 -3235.492692 0.356642 0.152843 0.921654 -0.168702 0.980845 -0.097378 -0.918883 -0.120755 0.375595
-50.635920 -61.705671 435.991491 -2995.637783 0.348801 -0.043780 0.936174 0.009587 0.999023 0.043147 -0.937148 -0.006074 0.348880
-49.475921 -60.174719 -410.715502 -2640.593773 0.247783 0.070681 0.966234 -0.008846 0.997459 -0.070696 -0.968775 0.008970 0.247779
-46.344479 -76.619664 -3719.760263 5778.747096 0.876661 -0.187523 -0.443058 0.247081 0.965672 0.080172 0.412815 -0.179755 0.892901
-43.128317 -78.572571 -4100.088496 3825.708412 0.911816 -0.149989 -0.382223 0.242432 0.947972 0.206340 0.331388 -0.280807 0.900738
-49.960872 -85.198194 -2452.190174 2276.090761 0.885223 -0.048718 -0.462609 0.214679 0.925044 0.313380 0.412667 -0.376724 0.829328
-51.771385 -81.643091 -2512.872507 6326.348011 0.842670 -0.126762 -0.523296 0.216596 0.969592 0.113917 0.492943 -0.209338 0.844503
-48.955564 -73.949588 -2890.302999 6690.763474 0.823988 -0.255083 -0.505940 0.265415 0.962671 -0.053094 0.500598 -0.090536 0.860933
12.130657 -44.929323 -10014.295102 271.794998 0.025296 0.917039 0.397995 0.787200 -0.263666 0.557491 -0.616178 -0.299200 0.728563
6.563465 -47.109689 -7802.720840 -742.714771 0.008529 0.927689 0.373258 0.848533 -0.204209 0.488150 -0.529074 -0.312558 0.788916
-6.931385 -47.269681 -5718.246639 -290.888797 0.014206 0.927926 0.372493 0.801690 -0.233206 0.550370 -0.597571 -0.290805 0.747222
-11.344013 -44.080095 1386.473780 -899.111798 0.743087 -0.562282 0.362851 0.328370 -0.166081 -0.929834 -0.583091 -0.810096 -0.061224
-4.791107 -40.955741 2229.923269 503.185835 0.783796 -0.555293 0.278054 0.280974 -0.082201 -0.956189 -0.553821 -0.827583 -0.091594
-11.208594 -40.591690 305.030800 1338.975642 0.723203 -0.564267 0.398221 0.327180 -0.227873 -0.917076 -0.608219 -0.793522 -0.019819
-15.107695 -42.269474 2532.557253 852.827764 0.700520 -0.506400 0.502822 0.347471 -0.373393 -0.860140 -0.623326 -0.777262 0.085610
-15.565700 -45.569653 1397.859163 2215.451591 0.693604 -0.550681 0.464396 0.378609 -0.269770 -0.885369 -0.612836 -0.789921 -0.021379
14.072305 -43.120090 -2612.784230 235.556380 0.039571 0.960479 0.275525 0.342431 -0.272079 0.899285 -0.938709 -0.058763 0.339664
20.150311 -44.170886 -3837.354539 752.255799 0.051415 0.950706 0.305802 0.447902 -0.295635 0.843791 -0.892603 -0.093585 0.441023
10.500569 -42.195864 -4314.579048 287.253043 0.028763 0.945372 0.324721 0.404877 -0.308033 0.860924 -0.913919 -0.106710 0.391619
6.701866 -41.072866 -3179.657379 273.349192 0.016956 0.948540 0.316204 0.321948 -0.304586 0.896424 -0.946605 -0.086602 0.310545
-0.090617 -49.842071 1092.147608 -4671.182539 0.814269 -0.468556 -0.342668 -0.552589 -0.444862 -0.704800 -0.177799 -0.763251 0.621156
1.877502 -49.442731 126.866142 -501.475247 0.806685 -0.481840 -0.342183 -0.517676 -0.296821 -0.802439 -0.285080 -0.824456 0.488878
2.057545 -49.774312 -56.187511 -3158.130921 0.809187 -0.486993 -0.328717 -0.551910 -0.438119 -0.709540 -0.201524 -0.755573 0.623296
-0.678871 -66.487790 -369.450087 574.387823 0.833130 -0.551345 -0.043749 0.273037 0.478790 -0.834393 -0.480985 -0.683212 -0.549431
-0.005830 -67.132083 -525.489849 919.592471 0.836372 -0.545508 -0.053874 0.272954 0.499680 -0.822080 -0.475371 -0.672860 -0.566817
-0.854454 -66.384836 -271.683795 994.656848 0.840831 -0.538028 -0.059406 0.197911 0.407720 -0.891401 -0.503820 -0.737760 -0.449305
1.237731 -66.286596 433.820750 -131.018572 0.836214 -0.547355 -0.033894 0.353851 0.585744 -0.729173 -0.418969 -0.597751 -0.683490
-1.371608 -65.160688 -674.388216 845.206686 0.833461 -0.549653 -0.056786 0.197610 0.392449 -0.898295 -0.516036 -0.737472 -0.435708
-0.496689 -64.675077 -87.797428 -191.996255 0.832302 -0.552925 -0.039342 0.241694 0.425854 -0.871913 -0.498856 -0.716186 -0.488078
17.497344 -102.761688 -340.238094 -2203.540637 0.713701 -0.641525 -0.281205 -0.184786 0.214799 -0.959018 -0.675637 -0.736415 -0.034757
14.882137 -105.166984 6804.628871 1216.134790 0.777906 -0.586103 -0.226595 -0.132078 0.200040 -0.970845 -0.614343 -0.785154 -0.078202
23.698729 -98.119609 1374.683618 -7578.627280 -0.711358 0.648735 0.270393 -0.005825 -0.390149 0.920733 -0.702805 -0.653396 -0.281315
16.846918 -98.634267 4827.832108 -295.168951 -0.672189 0.663179 0.329174 0.090392 -0.367766 0.925515 -0.734841 -0.651875 -0.187262
22.026727 -92.621795 6407.977802 -7896.902431 -0.663969 0.664120 0.343641 -0.048181 -0.496602 0.866640 -0.746206 -0.558865 -0.361726
0.122821 -102.459495 -1218.550552 141.888195 0.826431 -0.533068 -0.181245 0.356763 0.246750 0.901019 0.435582 0.809291 -0.394101
-0.019932 -109.651757 513.018375 -1332.434737 0.820702 -0.548653 -0.159459 0.368211 0.294482 0.881874 0.436885 0.782471 -0.443702
-0.791130 -115.276551 195.373475 877.246347 0.825722 -0.542452 -0.154688 0.403484 0.376358 0.833999 0.394186 0.751066 -0.529638
0.506155 -105.558857 1237.426627 7170.468437 0.811924 -0.562202 -0.157189 0.290850 0.156118 0.943946 0.506148 0.812130 -0.290273
0.755386 -97.120317 -422.274781 7822.390039 0.817709 -0.543573 -0.189420 0.229420 0.005950 0.973309 0.527938 0.839341 -0.129572
116.307050 -47.596893 -28285.370717 68.008754 0.186360 -0.398751 -0.897924 -0.108614 0.899971 -0.422203 0.976459 0.176209 0.124409
60.162483 -44.027310 -5736.391974 4613.562408 0.257435 -0.503125 -0.824980 -0.189856 0.810779 -0.553708 0.947461 0.299171 0.113202
66.471204 -48.979200 -3277.418938 390.926633 0.072299 -0.373536 -0.924794 -0.243863 0.892457 -0.379540 0.967111 0.252963 -0.026568
42.958505 -31.044894 -5576.127943 5342.004517 0.238699 -0.395271 -0.887008 -0.311907 0.833807 -0.455499 0.919639 0.385391 0.075741
110.187536 -52.342043 -19900.866131 -3254.665216 0.045527 -0.296212 -0.954037 -0.132255 0.944833 -0.299666 0.990170 0.139819 0.003840
101.395083 -62.153331 -17175.834703 -4755.280065 -0.109664 -0.178149 -0.977874 -0.181163 0.970911 -0.156564 0.977320 0.159985 -0.138747
45.094147 -41.149399 931.244777 4679.485011 0.017441 -0.282501 -0.959109 -0.410592 0.872616 -0.264491 0.911652 0.398415 -0.100774
58.783982 -60.015017 -4699.118776 510.160053 -0.074161 -0.234162 -0.969365 -0.367172 0.910169 -0.191772 0.927192 0.341702 -0.153477
-2.776462 -55.937072 -380.629630 2666.508029 -0.635463 0.767441 0.084978 -0.413885 -0.245647 -0.876560 0.651833 0.592192 -0.473732
-2.488284 -50.229283 -1011.093490 -2609.747375 -0.638625 0.767253 0.059000 -0.417001 -0.280613 -0.864504 0.646737 0.576696 -0.499152
-2.890072 -56.357995 566.969801 2080.707929 -0.636537 0.764587 0.101133 -0.396672 -0.212105 -0.893120 0.661416 0.608621 -0.438303
-15.954937 -113.698196 2462.435550 3087.084976 0.938910 -0.328980 0.101090 -0.321605 -0.734086 0.598069 0.122544 0.594045 0.795043
-18.103921 -113.096158 1215.394857 4420.261654 0.930032 -0.330288 0.161093 -0.358073 -0.715954 0.599327 0.082615 0.615076 0.784127
-20.860710 -105.727142 2050.696166 5569.322228 0.931466 -0.329008 0.155323 -0.363101 -0.813647 0.454023 0.022999 0.479305 0.877347
-19.366873 -114.745710 470.849185 3479.246785 0.916973 -0.328129 0.226919 -0.395029 -0.667230 0.631472 0.055797 0.668682 0.741452
-16.284085 -103.957218 1737.298422 6073.057356 0.941927 -0.318605 0.106131 -0.334416 -0.861083 0.383016 0.030643 0.396265 0.917625
-25.877585 -102.670248 1426.276191 5821.829452 0.911209 -0.332921 0.242616 -0.408826 -0.803173 0.433330 -0.050598 0.494042 0.867964
-24.858253 -95.621254 2313.756904 6745.529475 0.930486 -0.318200 0.181507 -0.360713 -0.882266 0.302478 -0.063890 0.346923 0.935715
-4.217693 -82.498239 -1553.574979 4427.142201 0.840809 -0.404707 -0.359517 -0.523848 -0.775725 -0.351902 0.136469 -0.484214 0.864241
-5.254361 -82.253202 -798.404202 3202.674791 0.827258 -0.426875 -0.365270 -0.543507 -0.772715 -0.327890 0.142281 -0.469777 0.871244
-3.469166 -75.611390 339.491070 -927.126765 0.857293 -0.376960 -0.350642 -0.503451 -0.756240 -0.417898 0.107638 -0.534792 0.838100
-4.157142 -113.696423 1624.406078 686.300031 0.940680 -0.336343 0.044670 -0.268983 -0.659004 0.702397 0.206809 0.672746 0.710382
0.948512 -109.826878 2543.306082 396.158149 0.942186 -0.333675 0.030749 -0.279925 -0.733316 0.619588 0.184192 0.592375 0.784325
-0.624869 -115.250695 2288.996795 236.862186 0.942386 -0.332725 0.034665 -0.234730 -0.583861 0.777180 0.238348 0.740541 0.628323
2.703521 -116.597297 2747.610471 4386.073211 0.939680 -0.340434 0.033269 -0.204418 -0.480921 0.852601 0.274255 0.807973 0.521502
-1.477360 -117.092425 2704.314386 3074.951864 0.938744 -0.342954 0.033805 -0.191544 -0.437710 0.878477 0.286481 0.831139 0.476588
-3.183371 -129.648224 807.376090 4291.065119 0.958636 0.255103 -0.126252 -0.219187 0.944594 0.244335 -0.181587 0.206555 -0.961437
-4.699610 -143.747442 -113.953621 11146.358600 -0.952437 -0.271525 0.138338 -0.250036 0.955817 0.154582 -0.174199 0.112640 -0.978247
-5.339487 -134.437629 919.575004 1647.252702 0.961477 0.237996 -0.137551 -0.172062 0.911302 0.374064 -0.214376 0.335987 -0.917145
-5.398365 -121.258137 879.625370 4776.492271 0.952224 0.276928 -0.128765 -0.227866 0.924960 0.304182 -0.203339 0.260308 -0.943871
-5.153736 -11.542027 -163.384863 1434.105272 0.260660 0.629577 0.731908 -0.460260 -0.585380 0.667451 -0.848656 0.510845 -0.137184
-4.416459 -15.252044 655.337106 2067.104301 0.258949 0.600646 0.756419 -0.481493 -0.598617 0.640174 -0.837323 0.529982 -0.134195
-5.237768 -14.848055 98.851353 -2347.115594 0.089470 0.410130 0.907628 0.546004 0.741950 -0.389088 -0.832991 0.530381 -0.157550
-5.763181 -10.450621 -542.391229 -1407.273923 0.192721 0.565867 0.801657 0.494815 0.649450 -0.577384 -0.847359 0.507946 -0.154837
-4.614316 -9.503661 -386.240348 -205.359422 0.403738 0.805307 0.434138 -0.325497 -0.317044 0.890806 -0.855013 0.500963 -0.134122
-4.799163 -10.938339 -535.153459 -210.733158 0.416183 0.808948 0.415204 -0.304870 -0.306054 0.901879 -0.856648 0.501930 -0.119250
-3.691763 -107.022020 551.766689 -11986.422731 0.970117 -0.149714 0.190944 0.056813 -0.624913 -0.778624 -0.235895 -0.766204 0.597733
4.534449 -187.694758 -806.965701 -43795.058495 0.970021 -0.149534 0.191569 0.101548 -0.466761 -0.878534 -0.220788 -0.871650 0.437583
0.028904 -164.723105 -661.376508 -32324.493717 0.971292 -0.183777 0.151055 0.044376 -0.483863 -0.874018 -0.233714 -0.855630 0.461817
-5.078765 -298.229738 1504.368999 -30559.619691 0.904548 0.378021 -0.197214 -0.138098 -0.177856 -0.974318 0.403388 -0.908553 0.108675
-3.796928 -245.046154 397.813195 -25812.180352 0.902015 0.376282 -0.211614 -0.154246 -0.176916 -0.972064 0.403208 -0.909457 0.101541
-4.975104 -271.267913 810.699221 1649.464733 0.908112 0.371412 -0.193353 -0.260204 0.138768 -0.955530 0.328064 -0.918040 -0.222660
-3.372062 -250.387492 -542.442956 -593.944118 0.912288 0.360920 -0.193562 -0.273999 0.186603 -0.943453 0.304392 -0.913737 -0.269128
1.478859 -107.350024 -1732.103732 1097.345202 0.898114 0.135677 -0.418310 0.415838 -0.571489 0.707446 0.143076 0.809316 0.569682
-5.087583 -100.905539 -2177.785066 -3429.813555 0.885600 0.158920 -0.436413 0.461314 -0.409960 0.786844 0.053867 0.898152 0.436373
2.568629 -107.081432 -3473.381077 -2670.862958 0.848615 0.188390 -0.494329 0.527717 -0.366776 0.766153 0.036972 0.911035 0.410669
-7.320106 -102.783574 -7185.421202 -2365.777757 0.822349 0.207620 -0.529752 0.567084 -0.223049 0.792884 -0.046458 0.952441 0.301162
3.399041 -126.683816 -4839.108292 5367.890533 0.781632 0.200831 -0.590524 0.621955 -0.179387 0.762228 -0.047147 0.963061 0.265122
-7.643328 -43.098124 1355.057663 428.175274 0.415307 0.890169 -0.187401 0.896371 -0.435564 -0.082482 0.155049 0.133725 0.978814
-10.205617 -45.804951 -1741.137560 684.161172 -0.396854 -0.899885 0.180871 0.915710 -0.401700 0.010615 0.063103 0.169838 0.983450
-10.619622 -44.440005 1679.848166 552.220465 0.393253 0.902100 -0.177671 0.907093 -0.412214 -0.085220 0.150116 0.127651 0.980393
-16.309946 -31.560491 -1096.549936 -339.484316 0.265094 0.940917 0.210715 0.512737 -0.322634 0.795618 -0.816594 0.102872 0.567972
-16.348783 -33.115128 861.667741 -1406.895535 0.204432 0.970883 0.124873 0.600744 -0.225155 0.767080 -0.772861 0.081799 0.629281
-17.841918 -34.292307 -768.462029 -1209.917201 0.191289 0.977608 0.087701 0.609555 -0.188352 0.770043 -0.769319 0.093842 0.631935
-2.376372 -62.889248 1084.057810 -8453.809332 0.804096 -0.593366 0.036687 0.491412 0.628667 -0.602737 -0.334579 -0.502687 -0.797096
-3.495807 -61.651957 1178.208006 -2622.396721 0.823946 -0.566605 0.008408 0.438176 0.627638 -0.643485 -0.359325 -0.533881 -0.765413
-4.938621 -62.526439 1740.091455 -9060.128984 0.816545 -0.577036 0.016857 0.472142 0.650741 -0.594659 -0.332170 -0.493525 -0.803801
-2.182095 -64.539342 851.738909 -3185.148586 0.820705 -0.571009 0.019802 0.443735 0.615177 -0.651657 -0.359921 -0.543605 -0.758255
-1032.027062 -4232.634954 -239217.879473 -2548666.058160 0.990962 0.124609 -0.049678 0.072554 -0.809345 -0.582834 0.112833 -0.573962 0.811071
81.766789 -3718.019704 -64254.693426 -2201855.499758 0.986648 0.070905 0.146625 0.153547 -0.705150 -0.692233 -0.054310 -0.705504 0.706622
-693.666045 -7606.304237 -80143.096126 1078634.230506 0.746849 0.106488 0.656412 0.650192 0.090172 -0.754400 0.139524 -0.990217 0.001893
-360.551849 -1274.007845 5682.972491 528062.828592 0.871432 0.490337 0.013239 -0.061134 0.135349 -0.988910 0.486691 -0.860959 -0.147924
36.494056 -1084.919498 8707.224252 367246.078049 0.926416 -0.173962 0.333903 0.368580 0.600010 -0.710026 0.076827 -0.780849 -0.619977
17.413022 -373.127908 -3417.495237 134659.865439 0.860749 -0.250439 0.443160 0.463533 0.745401 -0.479078 0.210352 -0.617785 -0.757690
22.350088 -1057.500670 3410.958615 414097.404187 0.892811 -0.229552 0.387550 0.448950 0.523252 -0.724328 0.036515 -0.820679 -0.570222
-16.075422 -65.276464 1615.425478 5399.528403 0.865492 -0.274485 -0.419024 0.093744 -0.732972 0.673768 0.492072 0.622422 0.608650
-2.581346 -60.297498 -9278.147227 7354.369127 0.906050 -0.342689 -0.248270 -0.008540 -0.601376 0.798921 0.423085 0.721742 0.547803
-13.364041 -65.884123 -4639.273506 6122.177964 0.900809 -0.250679 -0.354546 0.081120 -0.704990 0.704563 0.426571 0.663438 0.614726
-16.566587 -66.047500 -466.655803 8725.246940 0.866114 -0.259979 -0.426916 0.142429 -0.690324 0.709342 0.479125 0.675176 0.560871
-10.109687 -41.680906 1304.271415 -3943.753226 0.848990 -0.487987 -0.202691 -0.086666 0.249800 -0.964411 -0.521253 -0.836342 -0.169786
-5.960420 -40.264889 1843.445819 -3513.103666 0.860285 -0.498957 -0.104652 -0.001913 0.202115 -0.979360 -0.509810 -0.842729 -0.172922
-5.459457 -32.279989 1558.165488 825.080876 0.855452 -0.502552 -0.125076 -0.034979 0.184894 -0.982136 -0.516700 -0.844545 -0.140590
-9.123106 -34.037342 1518.774806 530.010172 0.849281 -0.495254 -0.182882 -0.083964 0.215289 -0.972934 -0.521222 -0.841650 -0.141257
-41.425665 -73.806133 280.518545 4180.806892 -0.435440 0.864281 0.251813 0.026711 0.292006 -0.956043 0.899822 0.409573 0.150237
-36.544519 -69.607747 -2176.292510 3887.441636 -0.478691 0.873554 0.088088 0.057473 0.131292 -0.989676 0.876101 0.468686 0.113055
-32.481153 -59.772373 -1777.188656 4523.288853 -0.490555 0.871399 -0.004415 -0.008329 -0.009755 -0.999918 0.871370 0.490478 -0.012043
10.444890 -73.623434 1473.412980 -4687.959003 -0.016805 0.970934 0.238758 0.975737 -0.036211 0.215933 0.218302 0.236594 -0.946767
-134.421644 -739.230186 -28346.381704 -327608.409141 0.161736 0.907685 0.387234 -0.271598 0.418189 -0.866806 0.948723 -0.035021 -0.314162
-44.031724 -224.330606 -10386.831776 -117195.942463 -0.273762 0.959057 -0.072551 -0.394454 -0.180753 -0.900963 0.877189 0.218032 -0.427787
-233.451357 -2360.825948 62272.865842 -1155964.786400 -0.063503 0.939699 0.336056 -0.222001 0.314997 -0.922763 0.972976 0.133203 -0.188611
-348.408725 -1049.587505 -21992.670980 -414096.712198 0.019457 0.949775 0.312328 -0.468803 0.284584 -0.836203 0.883088 0.130151 -0.450795
-178.023211 -2636.957634 -40743.970046 -1122704.600919 -0.115231 0.971612 0.206619 -0.354870 0.154013 -0.922143 0.927787 0.179582 -0.327049
-38.824854 -64.412177 -5561.901975 5418.962676 0.237189 -0.172674 -0.955994 -0.016640 0.983210 -0.181718 0.971321 0.059009 0.230333
-34.418752 -71.217454 -4824.134687 3780.443879 0.258696 -0.070027 -0.963417 0.119489 0.992029 -0.040022 0.958540 -0.104764 0.265002
-47.691894 -72.839648 -5127.299680 3943.033166 0.174507 -0.063278 -0.982621 0.081558 0.995433 -0.049619 0.981272 -0.071482 0.178871
-56.965898 -74.619168 -4339.994912 4510.138389 0.066177 0.028802 -0.997392 0.063289 0.997449 0.033003 0.995799 -0.065308 0.064186
-50.125594 -65.827680 -5190.828258 5977.891354 0.134576 -0.130342 -0.982293 -0.051232 0.989070 -0.138260 0.989578 0.068931 0.126427
57.330614 -48.611597 3106.372937 -357.349606 0.279262 0.855222 0.436587 0.933298 -0.134854 -0.332819 -0.225759 0.500409 -0.835837
53.164248 -48.399960 -8908.844488 -196.602347 0.261855 0.914702 0.307819 0.925468 -0.147516 -0.348923 -0.273752 0.376244 -0.885155
59.787027 -48.397281 -5954.404177 -172.769123 0.272564 0.893512 0.356853 0.951197 -0.194472 -0.239593 -0.144681 0.404742 -0.902913
52.248784 -47.503232 -12484.045412 -88.886396 0.274539 0.931688 0.237877 0.939986 -0.207904 -0.270560 -0.202622 0.297880 -0.932851
-13.218754 -58.395026 -1177.416153 2403.135738 0.049650 0.994821 0.088687 0.666926 -0.099122 0.738501 -0.743468 -0.022482 0.668394
-12.128342 -59.310941 -556.244675 3206.102957 0.053952 0.992370 0.110866 0.643500 -0.119452 0.756068 -0.763542 -0.030551 0.645035
-11.955099 -51.447776 -44.939575 -2113.966036 0.026849 0.997372 0.067288 0.682280 -0.067479 0.727970 -0.730597 -0.026364 0.682299
-10.365178 -54.902438 -400.572697 -591.256077 0.030274 0.994122 0.103951 0.665720 -0.097630 0.739787 -0.745587 -0.046806 0.664763
-8.967939 -57.929210 -370.173105 2689.791228 0.055720 0.989390 0.134174 0.618455 -0.139699 0.773303 -0.783843 -0.039892 0.619677
1.789461 -48.490512 1691.021320 -1999.984032 0.268155 0.963374 -0.001662 -0.644446 0.178098 -0.743620 0.716088 -0.200477 -0.668601
1.206382 -56.298423 1999.690958 6921.150453 0.266316 0.963857 -0.007409 -0.625697 0.167024 -0.761975 0.733198 -0.207562 -0.647564
-0.170094 -57.868676 1019.726350 4989.673036 0.285763 0.958300 0.000304 -0.606015 0.180958 -0.774596 0.742351 -0.221166 -0.632456
-1.284481 -50.507397 -84.539001 -1666.891946 0.287165 0.957766 -0.014825 -0.622253 0.174758 -0.763060 0.728242 -0.228349 -0.646158
-1.930867 -62.248080 -417.230803 5629.794492 0.310836 0.950464 -0.000571 -0.580354 0.189320 -0.792053 0.752709 -0.246530 -0.610453
-15.007928 -79.884616 449.968444 -1205.597589 0.088172 0.994215 0.061338 -0.028568 -0.059029 0.997847 -0.995695 0.089735 -0.023198
-17.061351 -77.923917 2105.673756 -1387.602540 0.084605 0.995431 0.044262 -0.190907 -0.027404 0.981225 -0.977955 0.091467 -0.187716
-18.136076 -76.848219 1688.239056 60.513010 0.079784 0.995624 0.048665 -0.343350 -0.018384 0.939028 -0.935813 0.091629 -0.340380
-0.797709 -52.751419 150.905410 1002.658200 -0.209372 -0.960460 -0.183522 0.976357 -0.195022 -0.093239 0.053762 -0.198705 0.978584
0.204667 -52.618135 -1471.812698 -1277.387390 -0.180934 -0.966609 -0.181464 0.969807 -0.144677 -0.196321 0.163512 -0.211506 0.963602
-2.492056 -56.586388 -677.177535 3354.314952 -0.241045 -0.955398 -0.170623 0.969271 -0.245881 0.007480 -0.049100 -0.163577 0.985308
-1.663533 -52.135530 -1000.794581 279.934281 -0.207400 -0.960603 -0.185008 0.976607 -0.192337 -0.096152 0.056780 -0.200622 0.978022
32.577863 -43.495751 5658.606387 -275.531898 0.293705 0.947537 0.126139 -0.883967 0.219010 0.413083 -0.363786 0.232827 -0.901916
31.559298 -44.603086 -337.607517 908.978861 0.248606 0.968386 0.020580 -0.889944 0.219978 0.399513 -0.382355 0.117636 -0.916497
32.311388 -42.952403 -5165.072323 501.492886 0.217222 0.974958 -0.047656 -0.846835 0.212508 0.487556 -0.485474 0.065551 -0.871790
-5.197534 -50.828539 -214.223649 -3928.286559 -0.340032 0.940096 -0.024439 -0.860980 -0.300752 0.410197 -0.378275 -0.160522 -0.911669
-2.091306 -47.983228 178.374687 -1951.528299 -0.402279 0.914883 0.034070 -0.789806 -0.365621 0.492471 -0.463010 -0.171202 -0.869662
1.567424 -50.234588 753.407474 4402.280880 -0.423594 0.903047 0.071240 -0.689407 -0.372396 0.621321 -0.587611 -0.214074 -0.780311
-6.649101 -82.748174 2968.344841 -7604.286249 -0.364300 -0.564438 -0.740739 0.780264 0.249229 -0.573649 0.508403 -0.786953 0.349616
-25.265222 -79.186178 -2833.618433 -3210.289874 -0.312086 -0.622093 -0.718055 0.730047 0.326637 -0.600283 0.607976 -0.711553 0.352218
-1.744120 -102.157206 548.805306 -2333.509038 -0.517322 -0.455588 0.724443 -0.138063 0.879860 0.454736 -0.844580 0.135226 -0.518071
-3.035481 -103.300850 -61.575784 1844.264248 -0.508052 -0.483910 0.712541 -0.337203 0.872974 0.352435 -0.792577 -0.061216 -0.606692
-1.526232 -95.719684 -891.091915 1020.463396 -0.524220 -0.451637 0.721954 -0.227842 0.891256 0.392110 -0.820537 0.041061 -0.570117
-2.929918 -100.519843 -2.556795 5255.403749 -0.497099 -0.476466 0.725171 -0.413203 0.864886 0.285018 -0.762992 -0.157961 -0.626811
-0.742349 -100.277847 -1394.288607 -3730.828328 -0.538591 -0.428880 0.725246 -0.066917 0.879812 0.470588 -0.839906 0.204923 -0.502558
-0.622858 -91.984213 -1383.037028 -1390.514360 -0.528743 -0.424702 0.734887 -0.102176 0.891366 0.441618 -0.842610 0.158414 -0.514698
-1.958580 -89.173168 -1485.385366 3170.086470 -0.529545 -0.443917 0.722855 -0.246419 0.895895 0.369663 -0.811702 0.017628 -0.583806
5.902831 -52.494301 570.778702 -574.542682 0.060974 0.992160 -0.109088 -0.724145 0.119189 0.679271 -0.686947 -0.037578 -0.725735
3.544314 -56.625233 893.166933 -908.914188 0.076648 0.993060 -0.089199 -0.759190 0.116122 0.640426 -0.646340 -0.018631 -0.762822
29.998759 -105.537426 1572.938034 -8480.115036 0.120612 0.928785 0.350444 0.283729 -0.370548 0.884416 -0.951289 0.007240 0.308215
33.382614 -84.906798 2569.667026 -8935.465286 0.136064 0.907437 0.397549 0.074163 -0.409485 0.909298 -0.987920 0.094239 0.123014
