14276
28539
-41.322651 -60.704223 145.479931 6151.248732 -0.377973 0.904628 0.196937 0.408800 0.353934 -0.841198 0.830674 0.237442 0.503589
-44.808132 -66.516118 543.162415 4451.619279 -0.376815 0.921021 0.098647 0.523519 0.299614 -0.797596 0.764158 0.248903 0.595071
-53.644059 -83.396967 1552.443453 8396.677867 -0.561257 0.705747 0.432333 0.400396 0.688705 -0.604457 0.724344 0.166151 0.669119
-37.308157 -56.052634 -226.238608 3511.791687 -0.241230 0.944120 -0.224601 0.559980 -0.053605 -0.826770 0.792610 0.325214 0.515757
-43.062022 -85.605453 1557.548030 14072.478525 0.515000 -0.660395 -0.546492 0.260154 0.727885 -0.634432 0.816759 0.184560 0.546665
-30.214337 -72.514429 -5865.086354 16255.342400 -0.415091 0.734192 0.537273 0.203640 0.650548 -0.731654 0.886696 0.194293 0.419547
-33.284870 -49.262088 -644.795148 6958.845323 -0.298891 0.945009 0.132745 0.327385 0.232204 -0.915915 0.896372 0.230300 0.378786
-31.152238 -47.173687 -1136.478684 4685.426270 -0.196778 0.955355 -0.220398 0.444646 -0.113390 -0.888500 0.873824 0.272836 0.402482
-29.798569 -77.881228 16026.697545 88.036264 0.263525 -0.871623 -0.413314 0.923545 0.351707 -0.152859 0.278601 -0.341432 0.897667
-45.571124 -70.536036 -8094.441395 -315.437964 -0.305026 0.849836 0.429812 0.853615 0.444085 -0.272268 0.422256 -0.283845 0.860890
-57.874607 -76.142931 1016.896844 -2933.787233 -0.395390 0.875451 0.277942 0.869550 0.454243 -0.193768 0.295887 -0.165071 0.940852
-49.260313 -75.511524 5814.383837 -2100.160575 0.463432 -0.830568 -0.308848 0.873736 0.486391 0.003032 0.147703 -0.271257 0.951107
-12.016472 -82.515551 20728.220073 -9874.518130 0.281951 -0.844326 -0.455651 0.952922 0.301661 0.030673 0.111554 -0.442848 0.889630
18.666202 -91.389336 28020.771738 1333.281853 0.196345 -0.855677 -0.478817 0.935876 0.309234 -0.168852 0.292549 -0.414960 0.861524
66.756647 -93.685631 -3907.519176 1510.099016 -0.126165 0.830151 0.543076 0.956705 0.246571 -0.154653 -0.262292 0.500052 -0.825318
63.948363 -72.483064 -79.496662 -1619.831784 -0.137069 0.703621 0.697230 0.948906 0.295242 -0.111402 -0.284236 0.646336 -0.708138
55.687907 -72.637094 1840.270033 -1535.142651 -0.021490 0.774820 0.631817 0.892432 0.299738 -0.337226 -0.450669 0.556607 -0.697915
61.158311 -103.828631 -1612.993101 3253.185587 -0.067745 0.886210 0.458303 -0.864373 -0.281544 0.416645 -0.498267 0.367919 -0.785089
-2.027633 -20.271648 150.990890 -15.543223 -0.358313 0.744312 0.563570 0.295311 0.663017 -0.687896 0.885665 0.080053 0.457371
1.131974 -20.371444 873.340407 -844.567637 -0.303610 0.851617 0.427282 0.309538 0.512286 -0.801093 0.901115 0.110960 0.419143
3.499015 -17.779170 2186.185883 -33.778738 -0.280043 0.888051 0.364611 0.365851 0.449873 -0.814719 0.887541 0.094763 0.450878
-2.474939 -18.863107 171.327863 416.528774 -0.339821 0.781723 0.522906 0.335167 0.620148 -0.709281 0.878740 0.065768 0.472747
16.606077 -54.215720 6702.277343 -5408.954481 -0.395692 0.166063 0.903245 0.837937 0.467825 0.281072 -0.375885 0.868080 -0.324265
38.680209 -56.836237 11196.475126 -5988.992339 -0.305001 0.251165 0.918635 0.893141 0.410253 0.184369 -0.330566 0.876703 -0.349453
32.675136 -74.219491 11725.834729 -11651.760781 -0.363716 0.176210 0.914692 0.887753 0.362993 0.283075 -0.282145 0.914979 -0.288457
12.197383 -67.230984 5465.009151 -9480.100817 -0.439853 0.137142 0.887537 0.840690 0.410466 0.353211 -0.315864 0.901504 -0.295838
1.886516 -55.882831 2519.225351 -5648.737350 -0.491230 0.122339 0.862396 0.777803 0.507266 0.371084 -0.392066 0.853062 -0.344340
-2.122609 -43.887512 -3643.112532 -1825.600810 0.004926 0.998650 -0.051715 0.999808 -0.005899 -0.018687 -0.018967 -0.051613 -0.998487
-7.821972 -47.092049 -2398.152389 1057.048115 -0.049354 0.997905 -0.041829 -0.994755 -0.052869 -0.087566 0.089594 -0.037288 -0.995280
1.065322 -46.343782 -4885.232373 788.684480 0.013254 0.997794 -0.065049 -0.996543 0.007845 -0.082712 0.082020 -0.065920 -0.994448
7.666517 -43.700198 -5462.684079 -1713.522022 0.034975 0.997473 -0.061842 0.999377 -0.035200 -0.002548 -0.004718 -0.061714 -0.998083
-5.492183 -52.930494 -1220.659793 1919.002937 0.124376 0.970700 -0.205603 0.379366 -0.237990 -0.894115 0.916849 -0.033208 0.397851
-5.773655 -49.318535 -704.735788 610.352247 0.115333 0.966400 -0.229714 0.400453 -0.256867 -0.879577 0.909030 -0.009454 0.416623
-6.380038 -57.656821 -627.239191 4028.698472 0.097886 0.976577 -0.191612 0.468616 -0.215086 -0.856818 0.877962 0.005922 0.478694
-4.860859 -62.177294 -877.742567 3285.521269 0.110109 0.981181 -0.158620 0.493430 -0.192498 -0.848217 0.862788 -0.015129 0.505340
14.411059 -72.004242 -1744.293290 288.662104 0.015003 0.945825 -0.324329 -0.830315 -0.168937 -0.531072 0.557093 -0.277263 -0.782798
11.611026 -71.776934 -1396.509329 -1668.582815 0.011544 0.938296 -0.345640 -0.875239 -0.157676 -0.457269 0.483552 -0.307796 -0.819414
8.221555 -71.083890 -982.680245 1922.154028 0.033244 0.938753 -0.342983 -0.793666 -0.183778 -0.579931 0.607444 -0.291493 -0.738947
11.823544 -72.109989 -1196.853526 3190.017877 0.023225 0.945444 -0.324957 -0.748528 -0.199018 -0.632533 0.662696 -0.257930 -0.703069
-8.907606 -78.004064 -795.947514 -2258.583966 0.037641 0.993769 -0.104908 -0.136971 -0.098860 -0.985630 0.989860 -0.051469 -0.132396
-10.935301 -83.010416 -652.847514 -3485.785804 0.020280 0.994831 -0.099495 -0.227513 -0.092313 -0.969390 0.973564 -0.042296 -0.224465
-10.124748 -78.077016 -487.205511 -1850.209196 0.013477 0.996443 -0.083188 -0.061287 -0.082216 -0.994728 0.998029 -0.018505 -0.059961
-7.830938 -78.814943 -834.460242 -1248.582901 0.041422 0.994232 -0.098933 0.004702 -0.099211 -0.995055 0.999131 -0.040752 0.008784
-8.415739 -81.147711 -446.578345 1039.741565 0.018309 0.997626 -0.066390 0.131998 -0.068231 -0.988899 0.991081 -0.009342 0.132934
-13.915931 -44.476190 1760.345629 -713.146359 0.134823 -0.961195 0.240679 0.981425 0.162996 0.101181 -0.136485 0.222567 0.965317
-15.156828 -46.019667 736.780695 -1416.840871 0.117824 -0.956723 0.266081 0.992632 0.121096 -0.004136 -0.028264 0.264608 0.963942
-6.831088 -43.517029 -3954.835109 -309.756854 0.221030 -0.925237 0.308354 0.970228 0.240706 0.026787 -0.099007 0.293253 0.950894
-9.607924 -22.599902 -2205.796165 992.224249 0.139117 0.989811 -0.030346 -0.891124 0.138494 0.432108 -0.431908 0.033072 -0.901311
-5.649726 -18.424758 -1324.117139 32.163213 0.331988 0.932714 -0.140814 -0.821745 0.359270 0.442336 -0.463163 0.031137 -0.885726
-10.538684 -24.130950 -2327.023509 -1765.732383 0.457870 0.866372 -0.199386 -0.748247 0.496664 0.439831 -0.480085 0.052195 -0.875668
-15.180007 -25.658720 -2715.511923 949.218466 0.129551 0.991572 0.001107 -0.890514 0.115856 0.439956 -0.436120 0.057982 -0.898019
-13.209568 -27.930795 -3010.789194 2751.541900 -0.064600 0.995728 0.065980 -0.916295 -0.085375 0.391298 -0.395259 0.035179 -0.917896
-9.860286 -28.161719 -1381.678123 3003.782529 -0.033261 0.998263 0.048623 -0.924427 -0.049221 0.378170 -0.379907 0.032370 -0.924458
21.187093 -39.423796 -2954.873566 -971.715041 0.016140 0.980428 0.196217 0.713766 0.126129 -0.688933 0.700198 -0.151172 0.697760
18.500785 -34.846375 -4581.366377 -3097.060445 0.044807 0.977489 0.206176 0.801602 0.087985 -0.591349 0.596177 -0.191767 0.779614
23.063581 -37.635419 -1674.131899 -2603.639345 0.012411 0.988352 0.151681 0.777441 0.085859 -0.623069 0.628834 -0.125656 0.767319
21.825854 -39.029884 822.877172 -134.048864 -0.014980 0.990829 0.134288 0.704175 0.105802 -0.702099 0.709868 -0.084045 0.699302
21.381939 -35.569978 3564.472354 -2370.449910 -0.023145 0.997682 0.063992 0.789315 0.057520 -0.611289 0.613553 -0.036361 0.788816
16.748739 -113.764374 -4598.600441 3518.579098 0.997200 -0.074469 -0.006761 -0.072148 -0.934467 -0.348663 -0.019646 -0.348175 0.937224
6.509861 -119.591063 -856.183618 -1504.026694 0.994948 -0.100276 0.004765 -0.099487 -0.991240 -0.086862 -0.013434 -0.085949 0.996209
18.598627 -115.331527 -4540.986471 -2546.282370 0.998126 -0.060817 0.006809 -0.059579 -0.991117 -0.118902 -0.013980 -0.118274 0.992883
40.034410 -115.111211 -11505.900314 -5358.867831 0.999838 -0.005044 0.017302 -0.000325 -0.964920 -0.262545 -0.018020 -0.262497 0.964764
7.947896 -158.237649 2324.115840 -14256.046665 0.999789 -0.019986 -0.004714 -0.020471 -0.988142 -0.152173 0.001616 -0.152238 0.988343
18.172597 -132.736907 952.177288 -16884.988396 0.999989 0.000275 0.004732 -0.000248 -0.993913 0.110170 -0.004734 0.110170 0.993901
16.033303 -127.453100 4813.557456 -16479.864126 0.996191 -0.066444 -0.056464 -0.056087 -0.984104 0.168504 0.066763 0.164695 0.984082
4.742350 -140.923196 2604.224030 -11034.031941 0.995756 -0.084430 -0.036634 -0.085676 -0.995747 -0.033872 0.033619 -0.036867 0.998755
7.351055 -50.489819 630.597685 -649.534098 0.931575 0.339589 0.129799 -0.361829 0.900759 0.240236 0.035336 0.270762 -0.961997
3.104829 -47.100611 2103.404156 -565.080108 0.934513 0.320167 0.155494 -0.352220 0.894763 0.274482 0.051250 0.311275 -0.948937
4.633974 -53.490384 325.338065 -1570.111614 0.963613 0.248095 0.099497 -0.267263 0.887770 0.374746 -0.004642 0.387702 -0.921773
-67.339615 -885.534534 19142.958761 -292783.567077 0.833948 -0.060918 0.548470 -0.513466 -0.449820 0.730763 -0.202197 0.891039 0.406405
-98.824299 -326.871766 -21336.322534 100010.389230 0.524975 -0.149469 0.837890 0.784131 0.467758 -0.407850 -0.330969 0.871127 0.362765
20.473962 -1717.412472 72493.446479 406055.128266 0.572491 -0.188779 0.797883 0.561135 0.799741 -0.213403 -0.597814 0.569891 0.563775
666.119076 -8400.002950 551205.513598 -2707621.746122 0.769816 -0.235981 0.593040 0.068534 0.954332 0.290782 -0.634576 -0.183205 0.750832
-21.241521 -1825.720593 27980.520826 577920.966354 0.761137 0.312011 0.568611 -0.004010 0.878935 -0.476925 -0.648578 0.360726 0.670241
-27.829328 -40.929901 -1489.367179 -1266.711929 0.807861 -0.040877 -0.587954 0.453100 0.681046 0.575219 -0.376910 0.731099 -0.568712
-25.754171 -45.920404 -1255.361812 -2775.140352 0.834653 -0.021137 -0.550370 0.440519 0.625423 0.644042 -0.330601 0.780000 -0.531322
-30.883767 -41.128098 -776.753074 -351.356796 0.918135 0.136177 -0.372133 0.184406 0.684387 0.705414 -0.350744 0.716289 -0.603248
-24.549621 -43.372515 -1220.247343 -1677.604605 0.728053 -0.098817 -0.678362 0.554002 0.667642 0.497328 -0.403759 0.737895 -0.540824
-30.797243 -37.400170 -2025.895472 -1172.958214 0.770893 -0.085753 -0.631166 0.478414 0.732146 0.484852 -0.420528 0.675728 -0.605431
17.585520 -138.107019 -237.521440 5179.006605 -0.096916 0.980469 -0.171134 -0.064877 0.165355 0.984098 -0.993176 -0.106477 -0.047584
19.230420 -194.774327 -2905.851190 47511.085514 -0.051002 0.993101 -0.105590 -0.131165 0.098151 0.986490 -0.990048 -0.064163 -0.125255
13.551750 -108.991186 3043.577632 -12677.637282 -0.002439 0.972946 -0.231022 -0.014281 0.230965 0.972857 -0.999895 -0.005672 -0.013332
5.199424 -80.655765 19907.797014 -2827.874540 0.226220 -0.766852 -0.600636 0.862099 -0.129422 0.489934 -0.453442 -0.628640 0.631824
9.299669 -67.828041 22103.650460 17153.098398 0.209753 -0.747340 -0.630465 0.963574 0.048579 0.262993 -0.165918 -0.662663 0.730307
-9.526581 -79.722735 19708.761767 3604.629620 0.110309 -0.784457 -0.610294 0.931251 -0.132978 0.339247 -0.347280 -0.605759 0.715858
-21.765853 -81.598184 -11531.248477 -11153.507144 -0.108218 0.831726 0.544537 0.805680 -0.247509 0.538162 -0.582381 -0.496961 0.643321
-37.637595 -58.528775 376.319393 190.882135 0.368426 -0.032990 0.929071 0.287231 0.954514 -0.080009 -0.884172 0.296336 0.361144
-39.277637 -60.329891 -400.214753 1093.045203 0.380949 -0.059907 0.922653 0.199731 0.979669 -0.018857 -0.902765 0.191466 0.385170
-38.406293 -58.285651 -938.928754 817.196825 0.419915 -0.050900 0.906135 0.326365 0.940105 -0.098434 -0.846852 0.337064 0.411376
-37.244444 -57.222948 -157.283920 40.003375 0.362850 -0.041617 0.930918 0.402306 0.908100 -0.116212 -0.840530 0.416681 0.346246
209.422842 -56.972691 -72570.843868 1951.515932 0.825432 -0.563212 -0.038127 0.554350 0.821490 -0.133606 0.106569 0.089147 0.990301
29.799358 -57.251329 -7691.795725 1918.006871 0.536941 -0.839156 0.086667 0.838048 0.518785 -0.168932 0.096799 0.163338 0.981810
108.456435 -43.440863 -33411.582112 3332.194861 0.840775 -0.534686 -0.084907 0.499924 0.826970 -0.257289 0.207785 0.173875 0.962597
102.275337 -42.886397 -36309.034630 6107.459107 0.884783 -0.416292 -0.209430 0.353024 0.892135 -0.281903 0.304194 0.175489 0.936306
229.962970 -66.502984 -64255.764520 4214.329630 0.888132 -0.427736 -0.168116 0.407646 0.902088 -0.141641 0.212240 0.057264 0.975538
-5.204018 -51.987426 2385.106999 -3560.870100 -0.588638 0.701989 -0.400895 0.497623 0.705473 0.504658 0.637085 0.097566 -0.764594
-7.285789 -68.519074 1673.316547 12361.030816 -0.563100 0.722086 -0.401884 -0.459611 -0.677811 -0.573873 0.686787 0.138438 -0.713554
-11.041903 -62.164283 1235.535177 -2915.649119 -0.586390 0.678359 -0.442692 0.454919 0.727978 0.512930 0.670221 0.099388 -0.735477
1.945828 -71.906737 3745.045926 10523.474617 -0.580588 0.710861 -0.396982 -0.469236 -0.690594 -0.550361 0.665383 0.133255 -0.734512
-7.001702 -51.251295 655.814132 -3218.585667 -0.005553 0.957182 -0.289433 0.936933 0.106130 0.333005 -0.349464 0.269330 0.897405
-7.606248 -56.851756 -297.779987 2589.437065 -0.028205 -0.961303 0.274047 0.988362 0.014180 0.151461 -0.149486 0.275129 0.949715
-6.276987 -51.451340 -992.386815 386.008499 0.013747 -0.948964 0.315084 0.975370 0.082104 0.204725 -0.220147 0.304509 0.926720
-8.339832 -54.429996 -513.692226 -942.696852 0.010184 0.970808 -0.239640 0.958287 0.058979 0.279656 -0.285626 0.232492 0.929712
-5.151635 -49.832560 998.639477 -4608.058768 -0.038448 0.943703 -0.328552 0.903277 0.173431 0.392443 -0.427331 0.281685 0.859094
-6.347458 -52.313692 2121.680692 -5370.228442 -0.037178 0.946355 -0.320982 0.871420 0.187921 0.453116 -0.489127 0.262864 0.831659
-8.269830 -55.945437 531.052294 -3904.041428 -0.016507 0.963080 -0.268708 0.898727 0.132071 0.418147 -0.438198 0.234592 0.867727
8.497178 -61.750598 2030.223658 -5374.937163 0.086293 0.982416 -0.165565 0.699109 0.058685 0.712602 -0.709788 0.177241 0.681752
10.609993 -58.760456 72.589153 4131.827939 0.027655 0.983510 -0.178726 0.653176 0.117566 0.748024 -0.756701 0.137426 0.639154
8.238522 -64.393063 857.767733 2159.706894 0.090286 0.980461 -0.174769 0.638966 0.077579 0.765313 -0.763918 0.180768 0.619477
10.564377 -71.421139 -285.122010 8838.242172 0.053055 0.975337 -0.214252 0.551598 0.150227 0.820471 -0.832421 0.161711 0.530023
9.659598 -68.544271 -15.298584 6091.132985 0.084029 0.976275 -0.199563 0.574083 0.116265 0.810500 -0.814474 0.182672 0.550694
6.534968 -70.587252 -115.100476 -3919.569770 0.156944 0.976780 -0.145840 0.642596 0.011139 0.766124 -0.749959 0.213955 0.625927
4.805975 -77.546717 860.946246 -9492.214355 0.170349 0.978529 -0.116026 0.692528 -0.035125 0.720535 -0.700989 0.203094 0.683643
-6.569780 -83.503133 1486.275576 -557.535349 0.076665 0.976457 -0.201628 -0.911089 -0.013538 -0.411988 0.405018 -0.215286 -0.888601
-0.223192 -85.504581 2797.770388 3590.600638 0.116128 0.979513 -0.164527 -0.833851 0.006148 -0.551956 0.539636 -0.201288 -0.817481
-5.846185 -87.017381 976.505106 2364.321507 0.079007 0.971087 -0.225273 -0.847851 -0.053398 -0.527538 0.524315 -0.232677 -0.819119
0.660225 -92.684458 2345.084435 5378.095080 0.098676 0.976352 -0.192353 -0.742246 -0.056537 -0.667739 0.662823 -0.208663 -0.719114
-8.959105 -84.135194 -130.075085 -200.038754 0.064987 0.965508 -0.252133 -0.924525 -0.036832 -0.379337 0.375540 -0.257755 -0.890243
-9.372101 -89.190997 -168.288895 2052.258484 0.064614 0.959562 -0.273982 -0.892754 -0.067093 -0.445521 0.445887 -0.273385 -0.852317
-5.330199 -94.830374 896.412895 2540.893841 0.062611 0.964221 -0.257599 -0.768915 -0.117947 -0.628378 0.636278 -0.237415 -0.734019
-7.372672 -49.766887 6661.496061 -653.589789 0.035851 0.884566 -0.465036 0.428698 -0.433958 -0.792401 0.902736 0.170952 0.394769
-20.912817 -50.190065 -2137.527457 -1385.049379 0.058901 0.928858 -0.365724 0.478210 -0.347842 -0.806425 0.876268 0.127394 0.464677
-8.558191 -51.168024 4666.068861 -40.843962 0.052166 0.891813 -0.449387 0.333257 -0.439750 -0.834002 0.941392 0.106255 0.320142
-15.676502 -48.716091 2359.056859 -1654.100588 0.015663 0.919141 -0.393616 0.549461 -0.336809 -0.764626 0.835373 0.204300 0.510308
38.671872 -50.447809 25234.539074 -543.747851 -0.004285 0.824852 -0.565332 0.346375 -0.529116 -0.774636 0.938086 0.199136 0.283441
8.143549 -48.643544 16838.940116 -1440.156948 0.006690 0.851414 -0.524451 0.485231 -0.461344 -0.742774 0.874361 0.249510 0.416219
0.875036 -131.409731 1702.405386 -4999.949636 -0.581192 0.689814 -0.431710 0.223743 -0.374605 -0.899783 0.782404 0.619539 -0.063376
13.070503 -126.267123 6677.225935 1460.746794 -0.587495 0.677692 -0.442249 0.062937 -0.506587 -0.859889 0.806777 0.533014 -0.254965
6.448326 -141.388672 2198.311910 -1673.792670 -0.572046 0.697601 -0.431411 0.300651 -0.311025 -0.901594 0.763133 0.645458 0.031814
2.634322 -130.522654 195.258415 378.903861 -0.571430 0.692887 -0.439746 0.406147 -0.226848 -0.885203 0.713101 0.684433 0.151786
5.174126 -128.262309 857.868228 14773.681206 -0.039762 -0.924313 0.379559 0.974785 -0.119356 -0.188542 0.219575 0.362492 0.905752
5.335455 -123.293416 749.273676 13897.975425 -0.029433 -0.928438 0.370320 0.981761 -0.096468 -0.163826 0.187827 0.358744 0.914344
5.019975 -140.570046 870.254196 10240.453557 0.003052 -0.931172 0.364566 0.998847 0.020306 0.043504 -0.047913 0.364013 0.930161
1.589148 -103.429083 1718.967112 947.150851 0.043116 0.964168 -0.261767 -0.439796 -0.216942 -0.871502 0.897062 -0.152699 -0.414683
-0.112760 -99.790052 1277.247046 2511.206910 0.071046 0.967594 -0.242312 -0.618179 -0.147937 -0.771991 0.782820 -0.204639 -0.587635
4.952675 -105.021335 1711.762056 1562.777588 0.078361 0.969789 -0.231016 -0.468823 -0.168658 -0.867041 0.879809 -0.176248 -0.441443
-3.200814 -100.439025 1228.283692 2289.986919 0.033041 0.958712 -0.282454 -0.601109 -0.206719 -0.771968 0.798484 -0.195293 -0.569460
-3.513922 -140.029113 324.158888 3248.670763 -0.581648 0.440920 -0.683575 0.798694 0.468849 -0.377185 0.154185 -0.765356 -0.624866
-3.300860 -132.623022 -1062.404448 3562.502082 -0.571255 0.429656 -0.699331 0.810660 0.428693 -0.398814 0.128445 -0.794744 -0.593198
-2.701857 -141.658030 -435.438430 6808.453837 -0.571091 0.435523 -0.695827 0.820435 0.274721 -0.501413 -0.027219 -0.857233 -0.514209
-2.823072 -130.422082 -880.494712 -3212.433171 -0.584399 0.430428 -0.687903 0.762064 0.582382 -0.282999 0.278812 -0.689610 -0.668357
-3.119692 -143.833842 1017.079329 3809.655670 -0.572963 0.462998 -0.676274 0.819452 0.308964 -0.482742 -0.014564 -0.830767 -0.556429
-3.343934 -132.306946 -249.757216 2134.544981 -0.589304 0.435936 -0.680206 0.729222 0.649440 -0.215551 0.347787 -0.623046 -0.700612
-2.866353 -141.017936 198.634177 4369.005943 -0.584064 0.446557 -0.677832 0.783983 0.526731 -0.328519 0.210333 -0.723285 -0.657738
-5.763159 -10.125382 -1112.795864 128.568006 0.728757 0.684127 0.029745 -0.561012 0.571575 0.598805 -0.392657 0.453070 -0.800342
-6.239861 -10.331214 -950.471372 -53.588545 0.784809 0.619192 -0.026009 -0.493447 0.649719 0.578252 -0.374948 0.440983 -0.815443
-4.061774 -10.313710 -676.505995 -271.132883 0.752160 0.658979 -0.001677 -0.540187 0.618024 0.571179 -0.377431 0.428712 -0.820824
-6.651447 -9.941518 -737.665294 -326.268680 0.823520 0.563633 -0.064288 -0.440347 0.706571 0.553942 -0.357645 0.427873 -0.830069
-3.226547 -11.247841 -450.613302 -152.475314 0.700883 0.711575 0.049230 -0.591893 0.541707 0.596838 -0.398027 0.447453 -0.800850
-4.765439 -9.463294 -824.976758 -270.794599 0.804942 0.590594 -0.057154 -0.472381 0.696141 0.540596 -0.359060 0.408150 -0.839339
-2.271617 -11.014161 -627.978276 -354.938502 0.734740 0.678342 0.002926 -0.555428 0.599120 0.576676 -0.389431 0.425332 -0.816968
-2.958308 -10.280784 -694.858134 -383.805220 0.759237 0.650505 -0.020068 -0.532676 0.638838 0.555105 -0.373919 0.410766 -0.831538
-1.721823 -94.972154 -334.611343 3117.840081 0.577381 -0.550240 0.603214 -0.287309 0.554626 0.780925 -0.764254 -0.624200 0.162142
-0.017678 -92.171340 -490.323826 1019.999173 0.581372 -0.575670 0.574988 -0.113206 0.642582 0.757808 -0.805724 -0.505660 0.308410
-1.271763 -97.955189 -184.937086 5513.802505 -0.579964 0.555884 -0.595512 -0.296717 0.536653 0.789913 -0.758683 -0.634820 0.146299
16.356013 -45.983656 -5440.954477 -715.018534 -0.067192 0.974639 0.213459 -0.427314 -0.221439 0.876566 -0.901603 0.032316 -0.431356
23.266763 -44.732458 -5371.173119 141.108799 -0.007191 0.973553 0.228347 -0.394597 -0.212585 0.893924 -0.918826 0.083677 -0.385690
20.254858 -46.206980 -6466.553215 -519.013670 -0.058220 0.975370 0.212753 -0.304716 -0.220307 0.926614 -0.950662 0.010882 -0.310037
18.657478 -45.566837 -3864.667890 -67.461324 0.011105 0.975113 0.221430 -0.509318 -0.185050 0.840447 -0.860507 0.122111 -0.494588
0.577590 -214.397130 -861.046160 -5800.091383 0.147217 0.804805 -0.574992 0.828815 0.216887 0.515777 0.539808 -0.552493 -0.635105
-1.702976 -205.457781 -1168.361792 754.217783 0.069050 0.788892 -0.610640 0.977942 0.067426 0.197692 0.197131 -0.610822 -0.766835
-1.560275 -193.752959 -2355.116614 -12438.679292 0.146302 0.782698 -0.604962 0.879500 0.177037 0.441745 0.452853 -0.596692 -0.662482
-0.337578 -199.692634 -552.814127 11114.421159 0.183423 0.806311 -0.562333 -0.666841 -0.318242 -0.673829 0.722273 -0.498582 -0.479309
-13.605335 -194.183298 -1399.604953 55297.247758 0.009428 -0.446301 0.894833 0.921538 0.351259 0.165482 -0.388173 0.823063 0.414595
11.610966 -78.006459 -1646.689320 10717.606265 -0.305294 -0.599689 0.739708 0.841866 0.193061 0.503973 -0.445036 0.776595 0.445918
-21.615505 -258.933425 -2585.382028 84928.226845 -0.084014 -0.457169 0.885403 0.883473 0.376798 0.278387 -0.460888 0.805618 0.372240
-53.989804 -462.937451 -1024.079810 131172.236647 0.065565 -0.327063 0.942725 0.875155 0.472721 0.103137 -0.479379 0.818269 0.317225
-56.639237 -398.833212 -5698.813275 144807.065015 0.170435 -0.345064 0.922975 0.917433 0.397343 -0.020861 -0.359539 0.850323 0.384294
-39.562489 -125.991867 -8755.737836 34989.221670 0.221888 -0.371611 0.901483 0.919764 0.386715 -0.066975 -0.323728 0.844012 0.427602
22.822450 -461.279792 -3751.005224 132991.927119 0.337338 0.200362 -0.919814 0.919178 0.140864 0.367789 0.203259 -0.969542 -0.136649
22.101795 -550.206856 4014.696618 169635.407253 0.388875 0.274497 -0.879447 0.891217 0.129825 0.434601 0.233471 -0.952784 -0.194150
15.512686 -597.495886 498.721429 167870.394631 0.313549 0.293025 -0.903229 0.941506 -0.219655 0.255576 -0.123508 -0.930531 -0.344757
-48.513276 -74.497142 314.755949 4893.524035 -0.432685 0.885511 0.169275 0.574189 0.415428 -0.705498 0.695048 0.208062 0.688200
-41.857910 -68.559163 -495.966493 4512.706428 -0.339701 0.935414 -0.097996 0.632795 0.150225 -0.759607 0.695826 0.320051 0.642957
-52.096720 -76.368369 2358.338602 -5559.873469 0.540562 -0.676673 -0.499907 0.631950 0.718838 -0.289674 0.555366 -0.159330 0.816200
-37.604784 -78.843595 -28043.062515 -8691.207800 -0.261512 0.716726 0.646464 0.810726 0.526566 -0.255837 0.523770 -0.457200 0.718772
72.589851 -80.320728 3132.178856 -8319.949620 -0.219670 0.594571 0.773453 0.957116 0.284838 0.052871 -0.188873 0.751899 -0.631644
83.625031 -94.128780 23.489407 -6785.172172 -0.246525 0.641648 0.726301 0.969136 0.162228 0.185629 0.001282 0.749646 -0.661837
76.525331 -96.583909 10556.465010 -13933.891663 -0.283921 0.425225 0.859403 0.953328 0.221217 0.205495 -0.102733 0.877637 -0.468187
60.346026 -69.461443 11173.212172 -9173.569443 -0.254896 0.391800 0.884037 0.929182 0.352319 0.111768 -0.267672 0.849920 -0.453858
53.894809 -55.618766 6239.197323 -3455.631006 -0.170704 0.524791 0.833939 0.932282 0.359968 -0.035690 -0.318921 0.771374 -0.550701
109.974731 -107.656995 19829.782899 -27750.598048 0.525491 0.848863 -0.057367 -0.140241 0.019917 -0.989917 0.839161 -0.528238 -0.129512
100.423461 -162.002434 6985.246458 -36580.413192 0.735682 0.677175 0.014354 -0.131572 0.163664 -0.977703 0.664425 -0.717390 -0.209502
134.800433 -105.566386 20866.000354 -25298.512937 0.647924 0.750539 -0.129943 -0.096504 -0.088335 -0.991405 0.755567 -0.654895 -0.015196
81.428098 -114.720272 14504.685638 -19533.396382 0.529547 0.847418 0.038236 -0.264540 0.207801 -0.941721 0.805977 -0.488571 -0.334216
118.592333 -60.507736 18276.048326 -13618.360472 0.428816 0.874225 -0.227700 -0.167479 -0.170750 -0.970976 0.887732 -0.454505 -0.073194
83.234844 -77.218226 6883.972980 -18084.027854 0.406883 0.906801 -0.110262 -0.224262 -0.017851 -0.974365 0.885524 -0.421180 -0.196098
55.588080 -78.736202 14783.375882 -13356.456502 -0.312911 0.271724 0.910084 0.917452 0.334351 0.215618 -0.245698 0.902428 -0.353916
37.539402 -47.477119 9336.468634 -3639.082720 -0.238881 0.350519 0.905578 0.897549 0.435617 0.068151 -0.370597 0.829081 -0.418668
-7.996227 -29.656202 -1676.938603 5010.160963 0.155490 0.924074 0.349156 -0.688350 -0.152157 0.709241 -0.708517 0.350621 -0.612428
-9.749670 -22.545555 -1185.722515 5418.275499 0.036046 0.869214 0.493120 -0.679150 -0.340677 0.650150 -0.733114 0.358338 -0.578046
-12.123407 -32.895545 -1219.262066 3950.545111 0.115906 0.903104 0.413484 -0.725164 -0.207534 0.656556 -0.678751 0.375943 -0.630844
-11.636491 -41.260012 -1001.267744 3032.889930 0.203550 0.926779 0.315671 -0.752965 -0.057898 0.655508 -0.625788 0.371118 -0.686047
-14.869699 -37.135826 -1072.985631 2782.389588 0.135153 0.898105 0.418499 -0.762307 -0.175565 0.622948 -0.632946 0.403218 -0.660904
7.117213 -76.115039 -221.474074 1968.837649 -0.075808 0.938354 -0.337261 -0.524379 0.250168 0.813906 -0.848104 -0.238553 -0.473088
6.794270 -76.577003 571.408554 2098.641959 -0.062321 0.950874 -0.303241 -0.407521 0.253107 0.877419 -0.911067 -0.178259 -0.371727
7.879540 -71.868400 308.085526 2776.801475 -0.084896 0.946250 -0.312097 -0.357971 0.263349 0.895826 -0.929865 -0.187774 -0.316373
6.729095 -70.247610 623.074266 2451.283270 -0.083861 0.958063 -0.274013 -0.220732 0.250290 0.942673 -0.971723 -0.139537 -0.190485
7.832658 -65.635153 451.281790 1372.618990 -0.096484 0.950978 -0.293823 -0.230513 0.265826 0.936056 -0.968274 -0.158044 -0.193565
-9.103860 -85.423508 -869.518981 -3418.017914 0.044630 0.991600 -0.121403 -0.274896 -0.104643 -0.955762 0.960437 -0.076029 -0.267917
1095.729018 1.029291 -337580.555935 -10105.464741 0.972356 -0.225497 0.060620 -0.150509 -0.803746 -0.575621 -0.178523 -0.550584 0.815467
684.192472 -78.763283 -191791.782202 6585.055893 0.799509 -0.600413 0.017032 -0.413901 -0.571256 -0.708768 -0.435283 -0.559617 0.705236
591.377326 -55.813167 180629.920299 2238.517159 -0.509562 0.786070 -0.349914 0.575571 0.613692 0.540464 -0.639582 -0.074000 0.765153
942.960923 -37.908046 199945.358587 -8008.653589 0.805307 0.124459 -0.579647 -0.342648 -0.700171 -0.626380 0.483811 -0.703043 0.521207
738.046341 63.432382 -155476.365414 -7025.570024 0.982948 -0.164769 -0.081637 -0.178613 -0.749987 -0.636880 -0.043712 -0.640602 0.766628
666.199457 50.946353 63849.826356 -10508.774673 0.879063 0.004550 -0.476683 -0.328575 -0.718696 -0.612792 0.345378 -0.695310 0.630284
7.502067 -35.623115 -5001.620846 -3210.920995 0.081562 0.970720 0.225942 0.790716 0.074980 -0.607573 0.606725 -0.228211 0.761449
8.342204 -28.092385 -5043.668488 -2955.577463 0.066103 0.969996 0.233961 0.843009 0.071151 -0.533173 0.533822 -0.232475 0.813012
14.163891 -40.904645 -4549.426798 -1362.734722 0.077678 0.973331 0.215855 0.711221 0.097626 -0.696156 0.698663 -0.207597 0.684670
49.188401 -99.566634 -3931.522398 6461.831091 0.966075 0.199931 -0.163483 -0.167951 0.967233 0.190400 0.196193 -0.156483 0.967999
49.294647 -112.328925 -11262.144987 -7407.801637 0.996678 0.076065 -0.029116 0.069856 -0.982159 -0.174599 0.041877 -0.171985 0.984209
30.017394 -99.357008 -4281.445528 1972.890309 0.992868 0.069100 -0.097152 -0.072476 0.996868 -0.031659 0.094660 0.038474 0.994766
21.656504 -87.464746 -499.504806 2612.201651 0.981050 0.065296 -0.182420 0.100854 -0.975995 0.193037 0.165437 0.207776 0.964085
32.133174 -84.944180 602.681458 2056.288851 0.952829 0.185900 -0.239914 -0.187044 0.982183 0.018202 0.239023 0.027531 0.970624
2.648474 -113.807299 -6240.512259 -8710.693455 -0.317652 0.943079 -0.098482 -0.538800 -0.094060 0.837166 -0.780251 -0.318990 -0.538010
7.055530 -126.152612 -4868.409761 -6687.400064 -0.309712 0.950357 -0.029997 -0.341854 -0.081858 0.936181 -0.887251 -0.300201 -0.350236
-6.688565 -127.101376 -3792.641470 -2278.226568 -0.285982 0.955174 -0.076527 -0.277447 -0.006097 0.960722 -0.917190 -0.295981 -0.266754
0.827539 -66.097834 1837.964743 -3584.714800 0.995742 0.085664 0.034055 -0.083976 0.690517 0.718425 -0.038027 0.718226 -0.694770
0.227738 -70.163579 -365.216342 -3271.489780 0.996665 0.081583 -0.001748 -0.053881 0.674023 0.736742 -0.061284 0.734191 -0.676171
1.901404 -61.179059 64.904143 -1474.778507 0.992439 0.116590 0.038359 -0.114538 0.767433 0.630815 -0.044108 0.630440 -0.774984
-3.310340 -512.401865 -15212.985124 -138489.863255 0.641342 0.000354 0.767255 -0.564659 -0.676821 0.472307 -0.519461 0.736148 0.433874
32.196971 -501.091890 -11577.940719 -87192.797989 0.657832 -0.075873 0.749333 -0.492465 -0.796097 0.351722 -0.569855 0.600395 0.561063
17.534335 -1116.833230 -15184.121151 433070.346509 0.600110 0.015571 0.799766 0.332431 0.904529 -0.267053 -0.727569 0.426128 0.537641
-12.731073 -44.077887 -904.614466 -2424.779759 0.538911 0.830599 -0.140287 -0.625726 0.506222 0.593470 -0.563952 0.232046 -0.792536
-3.661395 -43.347210 -1583.844999 2481.390804 0.598097 0.765438 -0.237452 -0.462359 0.571570 0.677888 -0.654602 0.295655 -0.695762
-6.989464 -41.730871 -281.810944 3460.096048 0.506376 0.857414 -0.091786 -0.555561 0.405796 0.725729 -0.659496 0.316499 -0.681830
-13.373822 -45.713676 715.291283 -261.138264 0.439347 0.898217 0.013443 -0.697113 0.331466 0.635738 -0.566575 0.288681 -0.771788
-18.002475 -42.578583 488.738738 -3433.002580 0.406485 0.913563 0.013181 -0.781086 0.339983 0.523752 -0.473999 0.223192 -0.851769
-24.323136 -48.892948 756.915755 456.464854 0.738646 -0.585609 0.333862 0.674071 0.645755 -0.358649 0.005565 -0.489961 -0.871726
-25.293869 -48.356349 -527.064432 1315.708233 0.783939 -0.576315 0.230868 0.620001 0.707438 -0.339308 -0.032224 -0.409135 -0.911905
-26.472949 -47.302632 -986.668577 988.248226 0.754218 -0.596178 0.275185 0.655626 0.706847 -0.265560 0.036193 -0.380709 -0.923986
35.423513 -268.492220 -3123.070416 70841.591953 -0.075129 0.996925 -0.022280 -0.290219 -0.000484 0.956960 -0.954007 -0.078362 -0.289363
28.082409 -294.846762 -3248.918720 76452.808184 -0.114167 0.986639 -0.116231 -0.233881 0.087015 0.968364 -0.965539 -0.137740 -0.220822
39.356404 -531.685950 -5397.006442 153968.777053 -0.023278 0.986235 -0.163705 -0.567587 0.121763 0.814260 -0.822984 -0.111871 -0.556940
58.161594 -681.275180 -2604.226079 213227.457803 -0.019565 0.998324 -0.054468 -0.727152 0.023182 0.686085 -0.686198 -0.053029 -0.725479
44.290755 -280.395527 733.528254 76418.749979 0.006315 0.994860 0.101061 -0.312300 -0.094045 0.945317 -0.949963 0.037531 -0.310101
25.949248 -183.298661 -2554.002157 50193.131161 0.002274 0.999463 0.032681 -0.156145 -0.031925 0.987218 -0.987732 0.007348 -0.155989
11.121796 -612.888130 -4775.987290 231610.793623 -0.319611 0.461452 -0.827593 -0.538239 0.630403 0.559366 0.779838 0.624223 0.046888
-17.333295 -643.485107 -320.597724 209958.627072 -0.339522 0.320362 -0.884360 -0.390293 0.807466 0.442347 0.855802 0.495346 -0.149117
5.275063 -360.483836 -273.410428 116318.212430 -0.353273 0.477981 -0.804197 -0.361874 0.722891 0.588622 0.862696 0.498963 -0.082409
18.693426 -780.241714 5776.338724 274149.480844 -0.412737 0.423670 -0.806320 -0.094657 0.860495 0.500588 0.905919 0.282935 -0.315054
14.342334 -123.507801 -780.063196 -17017.006334 -0.384618 0.654517 -0.650904 0.416073 -0.506524 -0.755193 0.823986 0.561285 0.077508
13.406489 -109.499442 -269.768112 -5280.053826 -0.357140 0.687546 -0.632244 0.283976 -0.564918 -0.774742 0.889836 0.456233 -0.006508
-0.210037 -213.697663 1155.650105 47806.937546 -0.397994 0.456111 -0.795967 -0.208868 0.799805 0.562748 0.893294 0.390223 -0.223051
18.085929 -70.001360 3954.256192 9678.679084 0.265689 -0.848325 -0.457990 0.900875 0.049317 0.431267 -0.343268 -0.527175 0.777338
27.289307 -37.664769 14.045226 26765.885073 0.392954 -0.839609 -0.375025 0.916141 0.322331 0.238303 -0.079199 -0.437218 0.895862
26.135424 -54.956223 35292.710495 13924.890917 0.411440 -0.665000 -0.623292 0.909275 0.346552 0.230477 0.062736 -0.661571 0.747253
554.760076 -122.374390 -206289.940446 15204.398803 0.774651 -0.628724 0.067982 -0.630988 -0.775607 0.016960 -0.042064 0.056034 0.997542
21.851010 -58.763005 -10245.204791 1668.282087 0.464562 -0.873380 0.146252 0.885385 0.461195 -0.058246 -0.016579 0.156548 0.987531
8.279224 -54.375233 -4733.536868 1946.619204 0.448504 -0.882386 0.142266 0.887443 0.420725 -0.188241 0.106246 0.210680 0.971764
-0.082613 -100.937242 4218.368461 -141.535631 -0.140098 -0.694096 0.706119 0.917937 0.176286 0.355408 -0.371166 0.697964 0.612439
8.959540 -98.201445 2935.655933 3251.399656 -0.063809 -0.655236 0.752725 0.973707 0.124406 0.190835 -0.218685 0.745110 0.630070
13.478482 -98.357005 1725.164796 9551.849632 -0.187130 -0.675997 0.712749 0.976667 -0.050198 0.208812 -0.105377 0.735193 0.669617
-4.386920 -97.079913 3223.083836 -3141.806221 -0.032011 -0.647193 0.761654 0.875735 0.349127 0.333466 -0.481730 0.677682 0.555593
3.082559 -103.238689 -672.532328 2945.777797 -0.286790 -0.673014 0.681765 0.906725 0.038996 0.419917 -0.309196 0.738601 0.599055
-7.428532 -99.527320 931.796709 -8916.787191 -0.239197 -0.679290 0.693794 0.804499 0.261427 0.533326 -0.543659 0.685727 0.483956
-10.199059 -91.922016 3215.212871 -7850.243465 -0.108592 -0.664917 0.738981 0.790636 0.392840 0.469650 -0.602580 0.635266 0.483048
-7.676919 -58.667795 -1178.206839 1972.638940 -0.018339 -0.953017 0.302362 0.996128 0.008590 0.087493 -0.085980 0.302796 0.949169
-8.507608 -60.282522 -435.418185 -425.100249 -0.054387 -0.960400 0.273266 0.997511 -0.039958 0.058096 -0.044876 0.275745 0.960183
-8.501852 -57.661293 474.768720 2415.674963 -0.043776 -0.969582 0.240821 0.992903 -0.015543 0.117906 -0.110576 0.244274 0.963381
-1.776431 -61.902471 -762.665610 1426.990328 0.086766 0.978533 -0.186937 0.933078 -0.145568 -0.328901 0.349052 0.145890 0.925677
-2.387492 -64.035163 712.491884 -1222.178666 -0.057638 -0.982638 0.176355 0.988032 -0.081462 -0.130980 0.143072 0.166695 0.975573
-2.396533 -64.398237 552.385817 299.001900 0.046719 0.981333 -0.186555 0.959724 -0.095891 -0.264072 0.277032 0.166704 0.946289
-2.935007 -60.228459 -921.804827 -435.563088 0.089892 0.977512 -0.190762 0.967956 -0.130842 -0.214340 0.234479 0.165381 0.957950
-0.908033 -62.945889 334.500073 1672.109909 0.082586 0.977676 -0.193208 0.885345 -0.160983 -0.436174 0.457540 0.135034 0.878876
-2.152297 -60.284619 -1168.343422 2397.211288 0.107570 0.974094 -0.198919 0.900005 -0.180416 -0.396788 0.422398 0.136345 0.896097
0.216064 -60.722903 -923.786180 2228.576512 0.105560 0.975095 -0.195055 0.868213 -0.186008 -0.460009 0.484834 0.120791 0.866225
9.832773 -58.691576 156.794236 -2452.945705 0.032974 0.987248 -0.155736 0.709465 0.086632 0.699396 -0.703969 0.133551 0.697561
-3.559757 -81.181146 2687.101769 -362.661542 0.116598 0.979487 -0.164348 -0.899666 0.034066 -0.435248 0.420722 -0.198607 -0.885183
6.078802 -84.153190 4178.406889 3751.111475 0.171526 0.976270 -0.132195 -0.856859 0.081617 -0.509049 0.486180 -0.200588 -0.850525
10.472316 -96.815425 3597.478580 6384.511899 0.155282 0.976151 -0.151715 -0.742599 0.014061 -0.669589 0.651487 -0.216638 -0.727072
-6.329514 -50.135209 -119.835468 -8714.050364 0.186517 0.974883 -0.121715 0.430872 -0.192509 -0.881640 0.882927 -0.111998 0.455956
-10.808623 -72.939205 -659.678841 -10865.101451 0.220290 0.949503 -0.223420 0.273244 -0.279945 -0.920309 0.936381 -0.141687 0.321115
-8.632882 -60.193532 1339.539192 -8567.729780 0.141468 0.985314 -0.095618 0.322405 -0.137181 -0.936609 0.935971 -0.101672 0.337077
-19.543412 -51.542298 -1519.466405 -807.865490 0.083955 0.925613 -0.369042 0.395548 -0.370878 -0.840233 0.914600 0.075432 0.397261
-18.814108 -49.041379 -2403.759415 -1529.738284 0.098180 0.927930 -0.359592 0.524249 -0.355361 -0.773874 0.845886 0.112537 0.521356
-20.445460 -47.335633 -2135.407715 -1257.875121 0.055613 0.931865 -0.358518 0.584340 -0.321534 -0.745093 0.809601 0.168060 0.562407
3.548640 -60.672931 622.917430 -605.850868 -0.027927 0.990186 -0.136937 0.532620 0.130665 0.836207 -0.845894 0.049583 0.531042
3.953004 -64.201410 374.965460 2319.771315 -0.034103 0.983920 -0.175321 0.427380 0.172932 0.887379 -0.903429 0.044667 0.426405
4.089497 -62.031096 -77.840638 2391.965068 -0.006293 0.991750 -0.128032 0.517035 0.112820 0.848496 -0.855941 0.060858 0.513480
2.596879 -59.676985 -115.344924 210.265925 -0.014660 0.993160 -0.115839 0.632692 0.098923 0.768059 -0.774265 0.062030 0.629815
-0.893040 -121.257930 1714.572472 227.925136 -0.581077 0.694163 -0.424838 0.024045 -0.507141 -0.861528 0.813493 0.510829 -0.277997
50.410896 -109.825600 18681.087772 -11486.432129 -0.612692 0.623012 -0.486276 0.169004 0.704339 0.689452 0.772040 0.340239 -0.536834
95.051469 -111.650152 32375.391611 -15.385161 -0.581170 0.542664 -0.606430 -0.087539 0.699187 0.709560 0.809060 0.465461 -0.358842
2.921427 -111.037078 4001.941169 11880.441922 -0.583384 0.699574 -0.412624 -0.191334 -0.612111 -0.767275 0.789338 0.368668 -0.490948
6.483121 -102.270796 2966.179082 4919.413491 0.099774 0.976546 -0.190797 -0.608620 -0.091803 -0.788133 0.787164 -0.194758 -0.585186
1.048339 -137.155737 -2645.354491 -866.407031 -0.572669 0.422902 -0.702285 0.794755 0.496478 -0.349103 0.201032 -0.758065 -0.620422
1.371364 -139.868926 -1923.537184 8866.165712 -0.564368 0.437596 -0.699999 0.825514 0.295245 -0.480995 -0.003811 -0.849318 -0.527869
-8.489655 -10.351692 -265.329985 -682.531132 0.925364 0.120797 -0.359318 0.065580 0.882565 0.465595 -0.373364 0.454409 -0.808772
27.596446 -2035.156411 -10510.458399 -1263520.110024 -0.526776 0.317347 -0.788542 0.813017 0.458792 -0.358487 0.248012 -0.829941 -0.499689
-75.085850 -186.286203 -24162.847701 -165837.491929 -0.026868 0.017706 -0.999482 0.696872 0.717170 -0.006029 0.716692 -0.696673 -0.031608
2032.129028 -478.666686 151519.174666 284274.421344 0.602152 0.767175 0.221032 -0.366665 0.511661 -0.777020 0.709204 -0.386839 -0.589394
110.013959 -4444.069794 19758.520609 1127294.908995 0.846252 -0.235305 0.478005 0.196888 -0.695558 -0.690966 -0.495068 -0.678845 0.542289
28.867840 -1454.095093 6699.882010 -638488.662440 -0.378387 0.647225 -0.661758 0.095658 0.738427 0.667514 0.920692 0.189276 -0.341323
1299.198613 -3586.247570 256127.844057 -14485517.963198 -0.535768 0.330282 -0.777088 0.719653 -0.302759 -0.624849 -0.441647 -0.894008 -0.075479
27.523690 -44.873634 -6770.956162 -543.786568 -0.012818 0.973847 0.226842 -0.304727 -0.219874 0.926713 -0.952353 0.057246 -0.299576
22.090941 -45.895502 1503.842946 834.713094 0.112778 0.965290 0.235578 -0.455919 -0.160386 0.875451 -0.882847 0.206136 -0.422006
0.509210 -31.356821 2043.092798 -1527.772731 0.492046 0.835198 0.245630 -0.659378 0.173313 0.731562 -0.568429 0.521926 -0.635989
-5.182698 -33.131786 3313.680227 -1265.073801 0.493819 0.828116 0.265268 -0.641982 0.141438 0.753561 -0.586517 0.542420 -0.601481
2.965815 -35.802601 2847.633090 -1079.965832 0.500132 0.832676 0.237736 -0.587970 0.124984 0.799168 -0.635735 0.539471 -0.552097
-4.871338 -28.897467 2377.513416 -1752.184271 0.485312 0.833689 0.263506 -0.695089 0.185053 0.694699 -0.530400 0.520306 -0.669296
7.517938 -34.139183 1819.406269 -1453.833721 0.469043 0.845497 0.255214 -0.645366 0.130852 0.752582 -0.602911 0.517700 -0.607030
5.699055 -29.580957 1571.598955 -1998.509600 0.441168 0.851861 0.282320 -0.713561 0.142189 0.686013 -0.544245 0.504099 -0.670583
-0.239299 -25.646021 1253.868834 -2196.108308 0.478120 0.840283 0.255588 -0.716718 0.205074 0.666528 -0.507658 0.501865 -0.700296
