10499
20982
-43.122569 -67.445529 -2821.676829 7348.739701 0.060082 0.997249 0.043415 0.761794 -0.017704 -0.647577 0.645027 -0.071982 0.760762
-49.421566 -73.740378 -655.227478 5515.644980 0.198426 0.967836 -0.154662 0.808166 -0.250843 -0.532865 0.554521 0.019258 0.831947
-52.604259 -79.697476 -1020.151988 4514.685450 -0.036212 0.996464 0.075812 0.878807 0.067871 -0.472325 0.475801 -0.049520 0.878158
-45.644642 -65.319185 591.528075 7047.179295 0.316826 0.882895 -0.346580 0.681752 -0.466023 -0.563947 0.659421 0.057608 0.749564
-35.161680 -84.310748 -4936.977043 9770.192435 -0.059369 0.972776 0.224014 0.825069 0.174138 -0.537528 0.561904 -0.152915 0.812946
-24.968380 -75.380579 -6163.648844 11279.864911 0.014246 0.962322 0.271538 0.731032 0.175255 -0.659453 0.682195 -0.207898 0.700991
-37.329068 -53.224451 -3285.673147 7398.778185 0.095389 0.993756 0.057875 0.669642 -0.021042 -0.742386 0.736533 -0.109571 0.667468
-40.842372 -56.005545 1529.502887 5053.189383 0.439997 0.761833 -0.475409 0.523443 -0.647752 -0.553556 0.729664 0.005287 0.683785
-44.788648 -63.441069 -344.475035 99.049224 0.064589 -0.242920 -0.967894 -0.404238 0.880408 -0.247938 0.912371 0.407273 -0.041333
-45.767155 -65.585595 805.702673 248.167849 -0.079211 -0.239143 -0.967748 -0.388703 0.901365 -0.190923 0.917952 0.361043 -0.164354
-44.622480 -64.114012 535.374537 2906.721202 0.017383 -0.308080 -0.951202 -0.563232 0.783023 -0.263903 0.826116 0.540335 -0.159909
-12.367218 -31.162303 5998.788543 -1967.995289 0.080730 0.939032 0.334218 0.803676 0.137011 -0.579079 0.589565 -0.315352 0.743617
0.868842 -35.265864 1339.580254 -1204.790368 0.034915 0.910733 0.411516 0.743859 0.251309 -0.619288 0.667424 -0.327733 0.668683
4.279833 -33.613641 8538.508648 -2499.493885 0.063074 0.945376 0.319821 0.817073 0.135097 -0.560482 0.573073 -0.296669 0.763920
-14.947053 -26.699015 7262.086990 -2490.481386 0.256560 0.943493 0.209757 0.828401 -0.102851 -0.550612 0.497925 -0.315027 0.807978
31.539351 -49.920034 470.340396 -1348.373615 0.031014 -0.979672 0.198195 0.983807 0.064941 0.167053 -0.176528 0.189804 0.965822
27.124257 -49.298467 -2685.677206 1690.019658 -0.031753 -0.965371 0.258941 0.998100 -0.016940 0.059240 -0.052802 0.260330 0.964075
27.841534 -52.565524 -240.511676 939.404399 0.043239 -0.982970 0.178608 0.999052 0.043456 -0.002698 -0.005110 0.178555 0.983917
-10.147002 -40.583827 -1487.543049 -674.034577 -0.327937 0.885010 0.330477 0.704545 -0.003928 0.709648 -0.629344 -0.465556 0.622241
-8.426873 -40.433292 -1369.660659 1571.742346 -0.295294 0.887462 0.353854 0.805584 0.032160 0.591608 -0.513650 -0.459758 0.724422
-3.925765 -41.065455 2064.377821 -324.415572 -0.164762 0.902637 0.397618 0.771494 -0.133230 0.622131 -0.614533 -0.409264 0.674428
-11.822739 -38.942251 454.147686 -2207.226921 -0.227889 0.906231 0.356107 0.677321 -0.115199 0.726612 -0.699502 -0.406786 0.587557
-14.990548 -35.713618 -1537.676675 -3160.738606 -0.331000 0.893724 0.302814 0.592145 -0.053133 0.804078 -0.734713 -0.445460 0.511628
-5.385270 -86.054583 1769.954219 -4319.202891 0.347039 0.934716 -0.076621 0.790349 -0.335462 -0.512654 0.504889 -0.117354 0.855170
-9.151131 -83.416492 1795.245331 -7339.546952 0.308626 0.950347 -0.039871 0.864351 -0.297703 -0.405303 0.397049 -0.090625 0.913312
-4.725669 -93.990894 424.691502 -1843.440100 0.289432 0.957069 0.015763 0.750432 -0.216658 -0.624428 0.594206 -0.192559 0.780923
-0.838729 -98.594309 -9.460686 -10101.428094 0.137412 0.951438 0.275470 0.602070 -0.301064 0.739508 -0.786530 -0.064235 0.614202
-1.524117 -105.022968 580.727667 -10363.412955 0.144074 0.955721 0.256593 0.703290 -0.281306 0.652879 -0.696151 -0.086397 0.712678
-0.653046 -87.154856 -280.642223 -9166.480449 0.117615 0.957039 0.265036 0.550986 -0.284930 0.784365 -0.826184 -0.053778 0.560827
-0.227987 -83.252132 -758.942515 -8691.262449 0.101105 0.960960 0.257552 0.545310 -0.270054 0.793541 -0.832115 -0.060215 0.551325
0.115041 -68.897088 -469.499223 -3229.432611 0.101791 0.960448 0.259187 0.398344 -0.278093 0.874063 -0.911570 -0.014274 0.410896
0.155716 -72.124272 -76.608236 -5362.130280 0.123971 0.955753 0.266774 0.424332 -0.294088 0.856420 -0.896980 -0.007030 0.442015
1.137990 -86.103277 -1157.867875 -500.958984 0.315393 0.919262 -0.235551 0.262538 0.154007 0.952552 -0.911922 0.362270 0.192769
0.511758 -83.395879 -850.176788 126.404422 0.333035 0.917369 -0.217994 0.275033 0.126629 0.953059 -0.901912 0.377358 0.210135
-1.044690 -79.585038 -824.764044 -2752.456841 0.319294 0.913724 -0.251315 0.079207 0.238536 0.967898 -0.944340 0.328950 -0.003790
2.059220 -83.210143 -1134.166282 2111.899152 0.332505 0.922211 -0.197399 0.450250 0.028688 0.892442 -0.828683 0.385621 0.405686
-1.138580 -80.590333 -840.366164 -2828.330889 0.312049 0.911199 -0.268965 0.052346 0.266181 0.962501 -0.948623 0.314426 -0.035363
3.728418 -85.154703 -135.419602 2617.950734 0.345779 0.910981 -0.224832 0.466567 0.040965 0.883537 -0.814096 0.410408 0.410869
1.361812 -88.987479 373.407933 393.256216 0.328642 0.907172 -0.262741 0.337229 0.147142 0.929853 -0.882197 0.394193 0.257568
0.275847 -84.785848 -463.837705 -2496.529569 0.313397 0.908443 -0.276611 0.138712 0.244368 0.959710 -0.939437 0.339140 0.049428
23.546437 -45.282756 401.294389 -743.380817 -0.541569 0.833316 0.110851 0.835551 0.548090 -0.038108 0.092512 -0.071984 0.993106
25.943876 -43.664606 2702.616520 -836.853676 0.557375 -0.823799 -0.103383 0.829487 0.557896 0.026516 0.035833 -0.100534 0.994288
28.095843 -46.194369 -2964.265442 -544.308155 -0.560391 0.820373 0.113796 0.812755 0.571140 -0.115009 0.159344 -0.028039 0.986825
28.658498 -46.943717 1460.815528 -678.236425 -0.527065 0.839432 0.132502 0.827987 0.542360 -0.142420 0.191416 -0.034646 0.980897
3.010247 -46.544439 4429.126338 -1200.874958 0.012878 0.951740 -0.306635 0.936429 -0.119009 -0.330056 0.350620 0.282891 0.892770
-4.093675 -45.273781 3038.971510 1258.772276 0.072795 0.947255 -0.312103 0.879047 -0.208767 -0.428594 0.471145 0.243154 0.847879
1.048988 -44.216657 3189.302766 1658.808917 -0.045817 0.959650 -0.277439 0.878264 -0.093635 -0.468919 0.475976 0.265149 0.838536
8.189028 -196.281844 4128.620269 -16156.658180 0.375678 -0.543424 0.750704 0.925528 0.261591 -0.273804 -0.047586 0.797660 0.601228
17.646262 -218.943049 3592.640700 -21235.096210 0.398633 -0.483112 0.779547 0.913117 0.288308 -0.288262 -0.085487 0.826729 0.556067
9.862932 -206.350089 2368.502875 -1131.607847 0.348101 -0.497370 0.794637 0.891596 -0.086228 -0.444545 0.289624 0.863242 0.413438
2.865061 -176.150958 1048.490929 -789.055176 0.343807 -0.526377 0.777640 0.928995 0.069855 -0.363439 0.136984 0.847377 0.513019
0.717998 -171.005364 285.395755 -8213.469831 0.388613 -0.515187 0.763912 0.899942 0.390116 -0.194717 -0.197699 0.763146 0.615242
22.539221 -25.402001 11801.875981 2076.306425 0.855774 -0.493082 0.156590 -0.275714 -0.690791 -0.668423 -0.437758 -0.528845 0.727111
343.353591 -23.658043 122734.866236 -501.422558 0.695618 -0.708184 -0.120794 -0.559779 -0.428914 -0.708999 -0.450292 -0.560811 0.694787
164.659556 -26.443228 64651.331765 2166.653004 0.602328 -0.780649 -0.166700 0.663437 0.373435 0.648380 -0.443906 -0.501132 0.742842
9.926690 -30.065711 5663.602773 -2350.768004 0.836361 -0.495007 0.235517 0.306866 0.778784 0.547109 -0.454240 -0.385309 0.803246
8.548031 -31.424538 3425.045709 -2050.130939 0.868947 -0.390837 0.303607 0.183618 0.824281 0.535579 -0.459582 -0.409642 0.788021
62.962862 -22.491809 -30012.850239 -834.897999 -0.573288 0.813770 0.095498 0.679691 0.407239 0.610063 -0.457560 -0.414651 0.786577
52.970627 -43.927272 671.015856 -1899.990244 -0.266548 -0.003053 -0.963817 0.497798 0.855857 -0.140379 0.825318 -0.517204 -0.226607
42.366562 -50.751051 11434.580201 -354.448611 -0.417454 0.126344 -0.899872 0.372892 0.926885 -0.042849 0.828664 -0.353442 -0.434045
52.265579 -51.116191 20004.002857 -599.119694 -0.495485 0.255960 -0.830047 0.508992 0.859902 -0.038669 0.703862 -0.441647 -0.556351
7.576970 -190.493297 5888.317610 -29976.931954 0.430321 0.890507 -0.147722 -0.125036 0.220875 0.967254 -0.893974 0.397759 -0.206393
-0.749536 -125.818320 5553.618172 -15569.135161 0.400594 0.914910 -0.049631 -0.461556 0.248293 0.851655 -0.791511 0.318261 -0.521748
0.420693 -212.532914 7045.050963 -42850.209667 0.415846 0.883960 -0.213746 -0.227237 0.328572 0.916735 -0.880588 0.332650 -0.337504
-8.407266 -115.896505 4423.592018 -10990.188968 0.354367 0.934798 -0.024013 -0.574678 0.237965 0.783018 -0.737678 0.263676 -0.621535
30.553386 -406.442204 -8014.922559 -103854.304667 0.386441 0.898912 -0.206449 0.132718 0.167312 0.976930 -0.912716 0.404925 0.054645
-9.114886 -143.284533 2480.512407 -22857.759453 0.357688 0.888307 -0.288045 -0.075165 0.334838 0.939273 -0.930811 0.314315 -0.186537
-13.611069 -92.022767 2165.514781 -12746.402990 0.355388 0.921222 -0.158266 -0.383907 0.298236 0.873882 -0.852241 0.249808 -0.459653
59.478450 -409.139398 -12315.420904 99753.624194 -0.224568 -0.394532 0.891018 0.916428 -0.396334 0.055481 0.331252 0.829013 0.450565
100.711535 -1123.653436 11318.073867 377681.334998 -0.090545 -0.391848 0.915564 0.949748 -0.310577 -0.038997 0.299634 0.866024 0.400278
33.601931 -236.285881 -7156.446098 59361.123042 -0.118305 -0.402373 0.907799 0.785824 -0.596822 -0.162127 0.607030 0.694190 0.386801
-42.195084 -58.609690 1434.163446 -659.010058 -0.121304 0.095317 0.988028 0.574788 0.818259 -0.008370 -0.809261 0.566892 -0.154045
-43.562763 -51.785319 1597.753356 -1630.099396 -0.074718 0.271694 0.959479 0.470824 0.857784 -0.206232 -0.879057 0.436337 -0.192011
-39.623459 -55.246906 1175.169897 -1067.632496 -0.003063 0.164623 0.986352 0.477538 0.866863 -0.143198 -0.878606 0.470581 -0.081269
-39.639163 -60.304659 697.566650 88.306054 -0.017111 0.036208 0.999198 0.612907 0.789947 -0.018130 -0.789970 0.612105 -0.035710
-40.343671 -59.607018 1440.669601 -431.558801 -0.126230 0.020617 0.991787 0.658101 0.749837 0.068173 -0.742273 0.661301 -0.108220
33.145228 -95.537500 -492.905748 -866.395656 0.426032 0.090386 0.900182 0.815624 0.392173 -0.425391 -0.391476 0.915440 0.093357
53.374635 -109.782743 -3315.572744 -7469.226354 0.209577 0.179203 0.961230 0.747746 0.604066 -0.275647 -0.630043 0.776525 -0.007400
26.304430 -102.939592 546.701221 3696.715394 0.220755 0.122222 0.967641 0.920191 0.302754 -0.248171 -0.323289 0.945199 -0.045633
40.163454 -107.643979 3912.727157 4125.289263 0.097708 0.122475 0.987650 0.936406 0.324774 -0.132913 -0.337042 0.937828 -0.082953
5.820422 -87.932843 1058.219625 7565.387848 0.369043 0.079775 0.925982 0.928059 0.022121 -0.371777 -0.050142 0.996567 -0.065872
12.827552 -95.820353 2102.465048 10294.945578 0.172314 0.099546 0.979999 0.983922 0.030045 -0.176056 -0.046969 0.994579 -0.092769
2.617919 -61.130268 -484.906406 -1270.263134 -0.464481 0.879456 0.103997 0.603512 0.400288 -0.689597 0.648098 0.257541 0.716688
0.822530 -59.773265 -1011.397527 -1261.616679 -0.458094 0.879268 0.130526 0.565529 0.401573 -0.720358 0.685803 0.256176 0.681210
2.648853 -59.062455 -558.806896 -994.787209 -0.474602 0.871350 0.124507 0.664429 0.447434 -0.598613 0.577310 0.201377 0.791303
4.239772 -61.062485 -310.094302 -815.315047 -0.472388 0.875605 0.100821 0.681328 0.435333 -0.588453 0.559143 0.209286 0.802221
2.025745 -56.192515 -773.750071 -417.484378 -0.483540 0.863503 0.143358 0.727419 0.487508 -0.482905 0.486878 0.129223 0.863858
3.835731 -57.684555 -417.207238 -324.412197 -0.481705 0.868026 0.120381 0.730211 0.473528 -0.492506 0.484512 0.149339 0.861943
11.859557 -115.626721 206.253397 -10696.381908 0.624196 -0.761970 -0.172571 0.778205 0.586851 0.223615 -0.069114 -0.273875 0.959279
15.056978 -124.171867 -480.179412 -3388.533231 -0.615472 0.767291 0.180166 0.760866 0.638062 -0.118152 0.205614 -0.064363 0.976514
11.589860 -116.710798 580.610294 -10566.118278 0.590658 -0.781666 -0.200302 0.805781 0.584560 0.094909 0.042901 -0.217458 0.975126
8.556273 -100.216751 782.171816 -11941.997534 0.606749 -0.771027 -0.193322 0.777416 0.524871 0.346605 -0.165773 -0.360593 0.917874
8.930888 -79.211162 966.290098 -394.528041 0.699626 -0.705390 -0.113792 -0.596841 -0.489393 -0.635826 -0.392817 -0.512756 0.763398
12.906680 -86.282801 696.437136 -1792.206769 0.703398 -0.705994 -0.082488 -0.500085 -0.409066 -0.763270 -0.505120 -0.578133 0.640793
11.175233 -91.471564 -101.631279 -1674.391653 0.646232 -0.755277 -0.109277 0.662232 0.483840 0.572142 -0.379253 -0.442103 0.812842
12.184264 -104.521729 -0.454659 -5479.887489 0.633782 -0.764049 -0.120620 0.746901 0.563942 0.352290 -0.201144 -0.313366 0.928085
9.244580 -93.166328 394.585413 -7326.531792 0.638148 -0.755467 -0.148447 0.720170 0.517537 0.462072 -0.272253 -0.401778 0.874330
12.716409 -98.698556 409.684236 -3836.321846 0.633446 -0.766171 -0.108294 0.729418 0.544537 0.414040 -0.258255 -0.341264 0.903794
11.803157 -87.995398 146.868623 -179.522747 0.629573 -0.770917 -0.096568 0.678749 0.485257 0.551204 -0.378072 -0.412569 0.828764
13.781495 -87.127991 1322.329108 -179.061921 -0.645272 0.760916 0.068043 0.553032 0.403814 0.728759 -0.527048 -0.507878 0.681381
-7.242091 -58.492080 6643.914470 1409.264124 0.689796 -0.139376 0.710462 -0.191340 0.911312 0.364553 -0.698263 -0.387407 0.601951
7.564715 -48.446481 4900.352154 3516.065103 0.667893 -0.171080 0.724328 -0.077266 0.952025 0.296107 -0.740236 -0.253734 0.622632
-11.136973 -52.110935 5480.721406 5150.299817 0.656495 -0.087571 0.749230 -0.110832 0.971261 0.210637 -0.746144 -0.221321 0.627923
-25.379662 -62.321793 5450.061045 5331.602561 0.611230 -0.092289 0.786054 -0.174399 0.953061 0.247508 -0.771999 -0.288372 0.566444
-21.507236 -64.782210 7579.754007 1267.695153 0.675322 -0.156099 0.720814 -0.248986 0.871711 0.422049 -0.694223 -0.464491 0.549820
10.353051 -82.428818 2949.961911 -6026.891760 0.760821 -0.639577 -0.109963 -0.478054 -0.437759 -0.761467 -0.438880 -0.631908 0.638809
16.692172 -96.038602 2966.483258 -3394.636626 0.754074 -0.647093 -0.112444 -0.358779 -0.262439 -0.895770 -0.550136 -0.715819 0.430062
-11.377204 -92.994575 -315.387328 -2929.885032 -0.391348 0.920227 0.005284 -0.073074 -0.025352 -0.997004 0.917337 0.390562 -0.077166
-13.930229 -88.544128 117.911081 -368.195495 -0.413741 0.910380 0.005168 0.036029 0.022046 -0.999108 0.909682 0.413185 0.041921
-11.072915 -90.052756 -763.171223 -986.313982 -0.367038 0.929700 0.030691 0.111097 0.076570 -0.990855 0.923548 0.360272 0.131391
-10.639320 -89.513928 -1455.943512 -2288.205164 -0.339168 0.940597 0.015555 -0.012313 0.012095 -0.999851 0.940645 0.339309 -0.007480
-9.495014 -95.489224 -1398.397407 -3495.311075 -0.326065 0.945325 -0.006521 -0.149067 -0.058226 -0.987111 0.933521 0.320890 -0.159902
-4.545404 -209.098284 -1416.102532 -6604.908808 0.951884 -0.211860 0.221434 -0.224353 0.010475 0.974452 0.208767 0.977244 0.037561
-1.108500 -232.482368 -1955.235075 2035.880138 0.961582 -0.198796 0.189317 -0.195057 -0.009516 0.980746 0.193167 0.979995 0.047927
-3.313651 -240.181424 -2240.781134 -1042.386302 0.951235 -0.214216 0.221955 -0.283732 -0.325292 0.902043 0.121032 0.921030 0.370209
-3.460350 -208.159633 -1057.793524 -7267.100403 0.957193 -0.213061 0.195927 -0.124921 0.306527 0.943629 0.261107 0.927710 -0.266790
-5.417777 -207.032163 -1724.693189 226.935645 0.953746 -0.195239 0.228582 -0.281937 -0.317117 0.905510 0.104303 0.928073 0.357494
-6.678741 -202.365273 -1345.592395 -6054.572836 0.950213 -0.212498 0.227903 -0.228451 0.022309 0.973300 0.211908 0.976907 0.027347
-6.406048 -198.440623 -1116.972961 -3811.819298 0.950850 -0.218369 0.219544 -0.144788 0.313189 0.938589 0.273717 0.924244 -0.266179
12.410499 -313.137356 -5616.178636 -109552.743024 0.986717 -0.050111 -0.154525 0.161223 0.185523 0.969324 0.019906 0.981361 -0.191138
595.021957 -327.778024 486598.024512 33626.092431 -0.428375 -0.479208 0.766065 0.460608 0.613570 0.641383 -0.777390 0.627608 -0.042111
0.205972 -3138.462524 -3280.422643 -357560.598613 -0.936366 0.104695 0.335049 0.176861 0.965192 0.192675 -0.303215 0.239671 -0.922290
-9.191758 -52.189133 6903.118279 -3919.346537 0.139565 0.989561 -0.035928 -0.429747 0.093218 0.898125 -0.892098 0.109907 -0.438270
-5.089663 -39.135986 7033.616684 -3974.549398 0.185979 0.979008 -0.083400 -0.547430 0.173730 0.818620 -0.815924 0.106591 -0.568248
-21.196352 -45.035451 6439.373966 -3547.703871 0.212131 0.959993 -0.182796 -0.523529 0.269584 0.808233 -0.825177 0.075752 -0.559772
-26.936281 -791.078986 6439.435610 270555.365668 0.755745 0.159759 0.635080 -0.559074 0.662394 0.498668 0.341006 0.731923 -0.589918
-70.874419 -934.046725 8117.193213 246702.150682 0.870701 0.118144 0.477412 -0.459555 0.541212 0.704201 0.175184 0.832545 -0.525527
-43.716975 -478.238870 3971.991324 140652.767217 0.810230 0.143013 0.568396 -0.570336 0.415861 0.708362 0.135069 0.898113 -0.418509
-58.405784 -1213.707677 -9643.853577 352763.248625 -0.799252 -0.125058 -0.587841 -0.246180 0.960412 0.130398 0.548262 0.248935 -0.798398
-10.984552 -941.522978 4418.745646 260680.303761 0.757383 0.106136 0.644288 -0.557796 0.618125 0.553882 0.339464 0.778881 -0.527360
76.462171 -2502.058344 -13483.967370 1087460.818538 -0.707099 -0.254324 -0.659795 -0.331401 0.943452 -0.008502 0.624647 0.212645 -0.751397
-54.020379 -77.501010 143.891402 2258.227759 0.193305 0.964780 -0.178415 0.890693 -0.248819 -0.380466 0.411459 0.085367 0.907422
-49.426306 -72.557544 219.874313 5395.085598 0.293868 0.877049 -0.380036 0.768263 -0.453278 -0.452008 0.568695 0.159137 0.807008
-45.251064 -63.428318 936.384680 -3511.195478 -0.152231 -0.207514 -0.966314 -0.211552 0.961891 -0.173237 0.965439 0.178053 -0.190330
-44.706194 -66.076047 992.450540 -606.738104 -0.200723 -0.267942 -0.942294 -0.361279 0.914318 -0.183029 0.910597 0.303693 -0.280326
4.034025 -38.657181 1670.778180 -961.840081 0.044352 0.918946 0.391883 0.690934 0.255107 -0.676410 0.721556 -0.300765 0.623616
5.895024 -36.764372 7253.918588 -1216.919651 0.048999 0.934272 0.353177 0.752429 0.198014 -0.628205 0.656849 -0.296522 0.693271
8.515473 -39.373138 -6501.624358 -949.427516 0.027740 0.865724 0.499753 0.662230 0.358581 -0.657929 0.748787 -0.349202 0.563361
14.502804 -38.622208 -9309.150455 -251.348695 -0.037054 0.812180 0.582230 0.712384 0.430062 -0.554577 0.700811 -0.394222 0.594520
1.167739 -51.693868 5247.373625 -976.507410 0.267223 -0.963291 0.025756 0.963632 0.267191 -0.004723 -0.002333 0.026082 0.999657
22.012002 -52.361513 -5019.468372 -1302.277053 -0.166112 0.983680 -0.069145 0.978526 0.173107 0.111892 -0.122036 0.049074 0.991312
11.616272 -53.197814 3948.803108 -950.815289 0.172403 -0.982532 0.070066 0.984114 0.168746 -0.055172 0.042385 0.078464 0.996015
0.100662 -41.300231 3054.452929 837.692301 -0.153083 0.907147 0.391981 0.837110 -0.091762 0.539283 -0.525178 -0.410687 0.745335
2.670208 -38.576942 -1887.155274 2774.269051 0.198658 -0.900633 -0.386516 0.884040 -0.005582 0.467378 -0.423094 -0.434544 0.795087
-0.450808 -34.783024 1904.827923 2898.700360 0.392778 -0.871604 -0.293313 0.829669 0.198263 0.521863 -0.396705 -0.448329 0.801016
-9.507552 -74.073192 1386.057756 -5617.099380 0.363447 0.928792 -0.072464 0.887236 -0.368806 -0.277117 0.284109 -0.036425 0.958100
-12.711068 -73.696626 482.635286 -6935.200000 0.322682 0.946495 -0.004927 0.925030 -0.316458 -0.210176 0.200490 -0.063263 0.977651
-1.874989 -113.364408 257.740171 -10206.890309 0.147365 0.951384 0.270468 0.760410 -0.283846 0.584130 -0.632503 -0.119586 0.765271
23.629006 -41.717423 -1398.637863 -1367.604633 0.530071 -0.839972 -0.116068 0.847858 0.522963 0.087447 -0.012753 -0.144762 0.989384
22.395348 -38.967240 2125.356705 -1413.829971 0.542415 -0.832825 -0.110401 0.836916 0.524217 0.157379 -0.073195 -0.177761 0.981348
-6.400309 -47.811356 3030.402047 -683.705030 0.151955 0.934585 -0.321652 0.920642 -0.252243 -0.297980 0.359622 0.250846 0.898748
-12.812263 -45.565549 1438.081917 2245.065627 0.233570 0.910348 -0.341630 0.803029 -0.378711 -0.460133 0.548261 0.166865 0.819491
20.777455 -255.196436 3635.136905 -41454.518963 0.407112 -0.461289 0.788335 0.820798 0.563396 -0.094209 -0.400687 0.685418 0.607991
24.387124 -406.019299 4077.606373 -85844.024338 0.336931 -0.456430 0.823498 0.937584 0.242641 -0.249123 -0.086107 0.856036 0.509695
18.435032 -245.182476 3150.989935 -16988.780872 0.352081 -0.465492 0.812008 0.913394 -0.018517 -0.406656 0.204331 0.884858 0.418658
804.220335 -56.995150 209082.626656 14617.696589 0.782984 -0.620232 -0.047416 -0.440813 -0.499470 -0.745797 -0.438885 -0.604849 0.664483
11.385050 -558.286754 -4138.010180 23179.853928 -0.227886 0.490110 -0.841344 -0.239130 0.809445 0.536298 0.943867 0.323406 -0.067261
70.752539 -862.486784 -23306.019592 210482.898949 -0.310818 0.467799 -0.827379 0.147764 0.883694 0.444129 0.938913 0.015786 -0.343792
44.591672 -608.054349 -15792.516797 9087.667916 -0.247232 0.452948 -0.856571 0.223521 0.886832 0.404434 0.942823 -0.091473 -0.320497
80.120795 -3268.352153 -3011.429317 -1429344.627825 -0.189029 0.542498 -0.818513 0.710616 0.650844 0.267258 0.677711 -0.531129 -0.508536
42.700000 -50.203961 -4571.754653 -1307.238265 -0.138508 -0.024831 -0.990050 0.398524 0.913777 -0.078671 0.906639 -0.405456 -0.116670
32.347215 -48.767560 -2325.362931 -335.436422 -0.172990 -0.002553 -0.984920 0.254792 0.965841 -0.047255 0.951397 -0.259125 -0.166430
56.005800 -46.900227 -14327.990923 -1368.798920 0.005171 -0.181900 -0.983303 0.442793 0.882079 -0.160846 0.896609 -0.434568 0.085106
35.087172 -48.902333 -10288.652149 172.614215 0.001371 -0.126009 -0.992028 0.274084 0.954087 -0.120811 0.961705 -0.271734 0.035845
12.495683 -230.647202 3610.994734 -50643.901587 0.432018 0.901580 -0.022669 -0.281608 0.158734 0.946309 -0.856772 0.402438 -0.322468
4.236330 -131.358019 2783.345783 -13183.691726 0.348366 0.937327 0.007727 -0.566512 0.203968 0.798412 -0.746797 0.282517 -0.602062
-0.000663 -140.068743 1885.866715 15871.096284 0.264911 0.960529 0.084887 -0.696245 0.129629 0.706002 -0.667132 0.246130 -0.703104
37.278585 -394.818201 -7220.216706 66468.800770 -0.218301 -0.349513 0.911145 0.970205 0.022831 0.241209 -0.105108 0.936653 0.334115
20.389232 -394.489583 -1292.631268 71683.342022 -0.189409 -0.314534 0.930157 0.964865 0.116060 0.235723 -0.182097 0.942124 0.281500
-38.957974 -47.322074 -1594.917434 -1769.391269 0.091552 0.600169 0.794616 0.325836 0.735986 -0.593427 -0.940983 0.313244 -0.128176
-43.260012 -49.351657 -4321.433355 9.735120 0.243218 0.912708 0.328342 -0.378898 -0.222213 0.898364 -0.892906 0.342907 -0.291777
-22.517443 -74.982806 -4765.271829 15985.191053 0.017682 0.937601 -0.347263 -0.035435 0.347687 0.936941 -0.999216 0.004262 -0.039371
-33.020505 -96.134585 -5670.930177 20226.883213 0.006184 0.966812 -0.255415 0.000540 0.255416 0.966831 -0.999981 0.006116 -0.001057
-36.090747 -89.974406 -9597.835524 18022.934673 -0.070537 0.954133 -0.290955 -0.125039 0.280923 0.951550 -0.989641 -0.103500 -0.099489
-15.320857 -80.562795 -1741.454273 17647.118237 0.047411 0.944549 -0.324929 -0.091739 0.328038 0.940200 -0.994654 0.014767 -0.102204
58.952192 -104.712904 -240.099618 -8662.707892 0.491252 0.096930 0.865607 0.614966 0.665183 -0.423494 -0.616837 0.740362 0.267164
98.561264 -100.340354 -13013.294610 -12023.451113 0.258707 0.226339 0.939064 0.463952 0.823569 -0.326318 -0.847242 0.520101 0.108053
75.172655 -118.451179 -4991.019730 -11478.986405 0.050120 0.247379 0.967621 0.628166 0.745406 -0.223106 -0.776463 0.619009 -0.118035
59.546918 -119.927950 5396.992451 -3163.551736 0.046584 0.148280 0.987848 0.836675 0.534464 -0.119680 -0.545715 0.832082 -0.099165
-2.705755 -57.692649 -802.655126 728.160063 -0.480550 0.868320 0.122852 0.454392 0.366353 -0.811981 0.750066 0.334375 0.570608
-1.413041 -58.126753 -1002.270947 -1475.763880 -0.486783 0.861265 0.145821 0.574463 0.441393 -0.689322 0.658053 0.251782 0.709628
-0.730831 -58.981865 -1008.009456 1154.655812 -0.449901 0.885794 0.113838 0.415910 0.320612 -0.851015 0.790322 0.335526 0.512654
1.609037 -61.471626 -285.352247 -450.956789 -0.459709 0.884191 0.082910 0.489018 0.329965 -0.807456 0.741302 0.330650 0.584073
14.408212 -118.441945 -237.219205 1365.643102 -0.637359 0.757019 0.143859 0.734646 0.653301 -0.183013 0.232528 0.010959 0.972528
16.262708 -120.380960 482.145924 4471.967322 -0.647276 0.746268 0.155299 0.664041 0.652086 -0.365834 0.374278 0.133671 0.917632
13.913770 -114.312934 -87.559303 -4757.354294 0.630790 -0.763936 -0.136034 0.775739 0.624974 0.087395 0.018254 -0.160655 0.986842
-6.707600 -38.873983 4994.336356 5140.127394 0.657479 -0.093834 0.747607 -0.022801 0.989283 0.144220 -0.753127 -0.111868 0.648294
8.559145 -34.549415 4216.812597 4735.352723 0.648624 -0.185178 0.738239 0.044350 0.977499 0.206227 -0.759816 -0.101022 0.642241
-15.066277 -82.817616 -12.375519 471.410488 -0.441382 0.897305 0.005056 0.141906 0.075364 -0.987007 0.886028 0.434930 0.160597
-14.665802 -86.148026 323.220312 239.336330 -0.420388 0.907197 0.016347 0.246671 0.131607 -0.960121 0.873171 0.399591 0.279105
2.499495 -250.446135 -1682.701473 6251.338806 0.952383 -0.211544 0.219582 -0.285645 -0.367128 0.885226 0.106649 0.905796 0.410072
3.527851 -314.527031 -1073.489767 -19711.457147 0.951795 -0.227077 0.206209 -0.221478 -0.043663 0.974187 0.212212 0.972898 0.091851
-1.912419 -272.389392 -2026.557506 -27526.646214 0.964070 -0.196527 0.178735 -0.094759 0.374150 0.922514 0.248172 0.906305 -0.342084
-10.118172 -568.576182 -7371.536897 134449.742139 -0.843988 0.148197 -0.515482 -0.101499 0.899577 0.424804 0.526671 0.410850 -0.744191
-11.599086 -1358.533365 4114.983601 439823.245854 0.881760 -0.227256 0.413344 -0.152825 0.691388 0.706135 0.446254 0.685812 -0.574908
-7.323143 -250.583949 5298.435755 45735.692472 0.855500 -0.135926 0.499644 -0.330760 0.598960 0.729277 0.398395 0.789158 -0.467451
915.963991 -10829.831655 -75076.667586 4015219.831766 0.890355 -0.348128 0.293385 -0.012087 0.626120 0.779633 0.455106 0.697696 -0.553262
4.300658 -406.104901 4665.101387 94535.628103 0.866330 -0.197624 0.458712 -0.349383 0.416534 0.839304 0.356936 0.887381 -0.291809
-17.460373 -713.848495 5097.482405 252601.514855 0.868750 -0.185850 0.459057 -0.373947 0.361574 0.854066 0.324711 0.913633 -0.244619
1.333440 -56.275355 -756.756646 -2699.987282 -0.451818 0.853405 -0.259925 0.878242 0.476670 0.038425 0.156691 -0.210916 -0.964864
2.792011 -54.045246 -408.351659 -4117.242084 -0.479613 0.843214 -0.242819 0.874006 0.483660 -0.046767 0.078007 -0.234655 -0.968944
0.454303 -48.160867 -560.637044 -3021.594767 -0.462798 0.850263 -0.250740 0.885949 0.434008 -0.163495 -0.030190 -0.297809 -0.954148
-18.100475 -26.630165 -1678.357018 600.921086 -0.324496 0.363115 0.873413 -0.273467 0.847932 -0.454122 -0.905493 -0.386210 -0.175851
-14.537446 -27.205666 -2774.136889 -415.698890 -0.385195 0.347011 0.855107 -0.339239 0.808484 -0.480906 -0.858220 -0.475329 -0.193704
-19.921928 -28.773013 -1652.685800 305.080473 -0.378872 0.517973 0.766916 -0.295870 0.717410 -0.630702 -0.876879 -0.465863 -0.118554
-12.785955 -26.324541 -2490.199913 -571.544641 -0.363505 0.253678 0.896388 -0.320188 0.869571 -0.375933 -0.874839 -0.423666 -0.234869
-15.207637 -24.010386 -1417.586179 1364.862312 -0.326529 0.336404 0.883295 -0.206040 0.886711 -0.413872 -0.922457 -0.317136 -0.220224
-30.384159 -3445.635451 -41960.666112 1443134.274444 -0.788609 -0.230780 -0.569945 -0.374412 0.915477 0.147366 0.487762 0.329608 -0.808360
396.788530 -11288.253722 132767.723772 -3838988.660144 0.664469 0.367367 0.650786 0.736596 -0.468923 -0.487377 0.126123 0.803214 -0.582186
-40.586129 -82.701093 -3939.946870 1656.906693 -0.070617 0.978933 0.191582 0.921293 0.137636 -0.363696 0.382403 -0.150820 0.911604
-57.672337 -79.963158 513.172004 -1046.380670 -0.028072 0.999584 0.006627 0.963034 0.028821 -0.267833 0.267913 0.001136 0.963443
9.106587 -40.669487 5971.061374 -189.785692 0.031225 0.928001 0.371267 0.700028 0.244828 -0.670835 0.713432 -0.280844 0.641982
2.172778 -41.924444 4654.003578 -654.870969 0.046414 0.933110 0.356583 0.633848 0.248388 -0.732489 0.772064 -0.260017 0.579921
2.872663 -40.315253 -2361.629306 -1123.578037 0.060629 0.908395 0.413695 0.610923 0.293990 -0.735080 0.789365 -0.297303 0.537135
0.975310 -85.995471 -2607.529935 -8655.911264 0.795975 -0.416781 0.438996 -0.509016 -0.068353 0.858039 0.327608 0.906433 0.266555
-5.892545 -65.938053 -1576.303176 -5053.494914 0.785082 -0.427600 0.448112 -0.450497 0.102319 0.886896 0.425087 0.898159 0.112304
11.210804 -76.636550 -5967.890340 -8513.953088 0.883488 -0.390494 0.258771 -0.309387 -0.071611 0.948236 0.351750 0.917816 0.184082
-5.386417 -60.006519 -1041.716019 -3562.457126 0.820588 -0.419844 0.387770 -0.364457 0.138219 0.920905 0.440234 0.897010 0.039595
7.308585 -37.347191 7556.875779 -2144.505541 -0.102791 0.916384 0.386877 0.699387 -0.209982 0.683202 -0.707313 -0.340804 0.619323
-13.476695 -31.201766 921.447089 -3350.147484 -0.204012 0.911262 0.357744 0.588153 -0.178036 0.788910 -0.782595 -0.371355 0.499640
-15.648449 -63.303499 -285.353277 -1017.046203 0.330899 0.943017 0.035012 0.941881 -0.327764 -0.073689 0.058014 -0.057360 0.996667
-12.079976 -75.782128 -456.492762 -8491.000804 0.287296 0.956333 0.053743 0.940770 -0.271185 -0.203494 0.180034 -0.109022 0.977600
-13.008092 -63.007436 54.211391 -3042.358672 0.376838 0.926112 -0.017592 0.922194 -0.376890 -0.086672 0.086898 -0.016438 0.996082
-2.092959 -72.423096 -425.402312 -4622.490504 0.316548 0.905106 -0.283866 -0.139335 0.340376 0.929909 -0.938287 0.254808 -0.233858
-2.464603 -74.284272 141.631855 -4114.042842 0.343106 0.903029 -0.258490 -0.073446 0.300145 0.951062 -0.936421 0.307330 -0.169306
-2.652864 -67.857747 233.144901 -3395.190586 0.337094 0.898372 -0.281595 -0.254074 0.374810 0.891607 -0.906539 0.229010 -0.354600
-2.701970 -62.822311 -259.756774 -3049.573166 0.322618 0.896582 -0.303411 -0.327885 0.406564 0.852759 -0.887924 0.175631 -0.425140
-1.880706 -65.757666 -287.962794 -4608.503979 0.315388 0.897330 -0.308753 -0.259367 0.394481 0.881541 -0.912830 0.197948 -0.357152
-1.941934 -77.481323 -304.206192 -4136.403931 0.309144 0.902888 -0.298703 -0.046087 0.327943 0.943573 -0.949898 0.277934 -0.142993
27.095856 -46.299437 -4020.434610 -1456.752868 0.507148 -0.845109 -0.169091 0.854198 0.518973 -0.031838 0.114660 -0.128290 0.985086
4.912066 -49.353459 -3663.094751 -1979.689113 -0.038034 -0.954210 0.296711 0.973230 -0.102724 -0.205601 0.226666 0.280948 0.932572
11.409423 -41.420113 1261.440133 322.735033 0.595090 0.727154 -0.342221 -0.466399 -0.034302 -0.883909 0.654477 -0.685617 -0.318731
10.920461 -42.757957 636.069849 -876.461781 0.586106 0.725165 -0.361408 -0.524661 -0.000226 -0.851311 0.617423 -0.688575 -0.380333
6.372205 -43.345372 -1353.909130 1795.738475 0.601351 0.681870 -0.416449 -0.515734 -0.066828 -0.854138 0.610242 -0.728414 -0.311476
8.110736 -42.047505 3355.846378 -1032.560079 0.569950 0.776639 -0.268306 -0.445291 0.017513 -0.895215 0.690560 -0.629702 -0.355812
9.503600 -130.965062 3036.269633 3683.812584 -0.358356 0.383608 -0.851132 0.471596 0.861194 0.189585 0.805716 -0.333452 -0.489522
3.655500 -145.872310 1876.420469 2605.040420 -0.353579 0.363750 -0.861782 0.633138 0.771240 0.065764 0.688562 -0.522374 -0.502998
5.122728 -147.007314 1653.572235 2034.229905 -0.329538 0.385314 -0.861938 0.700996 0.711409 0.050017 0.632463 -0.587733 -0.504540
10.757482 -139.366104 -80.489350 2547.815242 -0.272369 0.385068 -0.881781 0.549070 0.814770 0.186205 0.790150 -0.433443 -0.433347
6.244744 -151.892297 -347.350728 -6136.324559 -0.271062 0.391497 -0.879350 0.785087 0.618486 0.033352 0.556923 -0.681326 -0.475007
-1.481032 -181.375945 1515.413730 16317.455730 -0.335366 0.401354 -0.852318 0.852601 0.514155 -0.093363 0.400752 -0.757997 -0.514624
11.165994 -26.299527 7925.665573 1604.617127 0.885371 -0.409296 0.220441 -0.180970 -0.740225 -0.647547 -0.428214 -0.533426 0.729444
73.279191 -19.148730 27392.141687 1755.602919 0.835931 -0.548112 -0.028139 -0.377095 -0.536346 -0.755071 -0.398771 -0.641799 0.655039
29.072919 -47.236157 7380.600858 449.074846 -0.375418 0.090996 -0.922378 0.189515 0.981680 0.019712 0.907274 -0.167405 -0.385785
13.970385 -48.259267 12050.604296 879.733473 -0.459563 0.224338 -0.859345 0.271333 0.956777 0.104669 0.845683 -0.185067 -0.500570
35.857672 -441.032783 3964.832627 -123320.739409 0.436498 0.895191 -0.090011 0.068482 0.066697 0.995420 -0.897095 0.440663 0.032191
67.580730 -470.154413 -12865.116864 71197.593479 -0.195982 -0.414955 0.888484 0.977688 -0.012820 0.209671 -0.075614 0.909752 0.408209
42.733938 -537.926134 -1902.862424 -74877.695762 -0.191928 -0.358764 0.913484 0.806908 0.472127 0.354960 -0.558627 0.805223 0.198875
17.526886 -471.490840 337.197661 54351.619725 -0.169710 -0.293479 0.940781 0.842762 0.451615 0.292910 -0.510834 0.842564 0.170689
-38.998891 -60.903413 553.170738 -180.874257 -0.022316 0.012841 0.999668 0.739705 0.672885 0.007870 -0.672561 0.739635 -0.024515
-40.107749 -59.751776 1141.016950 -538.586772 -0.156119 0.041454 0.986868 0.734892 0.672450 0.088011 -0.659971 0.738981 -0.135447
11.115774 -86.645345 -5028.811862 -3383.636127 -0.217804 0.555411 0.802546 0.038882 0.826572 -0.561487 -0.975218 -0.091089 -0.201626
11.063401 -93.467660 -962.976901 -3765.698243 -0.213712 0.584813 0.782509 0.180317 0.810867 -0.556760 -0.960111 0.022113 -0.278744
22.481947 -97.732349 -2592.457809 -4354.613363 -0.191597 0.499018 0.845146 0.285491 0.852200 -0.438462 -0.939034 0.157274 -0.305744
18.961341 -100.751414 -1080.197234 -1125.758460 -0.201394 0.596435 0.776985 0.406277 0.772651 -0.487801 -0.891280 0.217431 -0.397925
29.835483 -77.406594 -6420.088345 -4682.320744 -0.172420 0.518175 0.837715 0.049431 0.853932 -0.518032 -0.983782 -0.047911 -0.172849
35.948819 -86.865280 -5576.621563 -7137.879898 -0.159452 0.412789 0.896761 0.215275 0.901061 -0.376491 -0.963448 0.133018 -0.232540
35.235947 -104.408568 -2828.766024 -6723.240225 -0.169367 0.405207 0.898400 0.413013 0.856846 -0.308603 -0.894838 0.318783 -0.312477
39.890305 -92.361867 2291.919853 -2779.205857 0.605188 0.060192 0.793804 0.683663 0.471573 -0.556977 -0.407862 0.879770 0.244239
14.196732 -81.235973 491.284182 2912.321936 0.589980 0.056555 0.805435 0.782406 0.206322 -0.587599 -0.199411 0.976848 0.077478
-8.207668 -59.603952 -169.033795 2060.105914 -0.558155 0.827184 -0.065038 -0.200938 -0.058702 0.977844 -0.805039 -0.558857 -0.198977
-6.645946 -61.331116 -268.665040 6342.665128 -0.571055 0.816965 -0.080400 -0.248854 -0.078948 0.965318 -0.782284 -0.571257 -0.248388
-6.658941 -60.895440 -299.893921 1354.447088 -0.579667 0.812699 -0.059224 -0.183372 -0.059284 0.981254 -0.793953 -0.579661 -0.183391
-6.273733 -58.024488 -1214.448212 710.810255 -0.497789 0.854004 0.151273 0.489305 0.420544 -0.764018 0.716091 0.306301 0.627210
-3.666545 -56.005797 -814.629910 1836.352207 -0.472718 0.875644 0.098920 0.330414 0.280191 -0.901288 0.816924 0.393370 0.421777
-6.641060 -54.936724 -626.488797 1735.020598 -0.491965 0.864320 0.104507 0.350504 0.306510 -0.884985 0.796943 0.398751 0.453740
13.825954 -116.185443 1581.456723 3007.591707 -0.668847 0.735899 0.105341 0.666984 0.656616 -0.352118 0.328292 0.165252 0.930009
16.014024 -112.348170 1754.003751 8432.333518 -0.668464 0.731758 0.132989 0.533607 0.596427 -0.599615 0.518091 0.329857 0.789161
5.107788 -75.855807 1115.823681 -3557.236281 0.665122 -0.730393 -0.155365 0.681801 0.509136 0.525287 -0.304564 -0.455309 0.836621
-25.919713 -47.626205 4382.055323 6204.160489 0.585541 0.016013 0.810485 -0.104867 0.992900 0.056144 -0.803832 -0.117868 0.583063
-15.193014 -90.685585 -84.536080 -1655.086468 -0.522869 0.852220 0.018155 -0.397017 -0.224627 -0.889899 0.754311 0.472508 -0.455796
-13.938247 -91.715457 -202.889992 803.566902 -0.491641 0.870782 0.005194 -0.544049 -0.302500 -0.782627 0.679926 0.387597 -0.622470
-14.049281 -92.204110 99.536964 252.024591 -0.527829 0.848559 0.036659 -0.573318 -0.324111 -0.752502 0.626661 0.418209 -0.657569
-15.279385 -92.639893 -634.531537 -1029.614490 -0.543788 0.838908 0.022978 -0.431574 -0.256058 -0.864973 0.719749 0.480278 -0.501292
-14.540355 -89.750887 -4.714497 -2262.380899 -0.555224 0.831540 0.016375 -0.247020 -0.146073 -0.957937 0.794171 0.535915 -0.286510
-15.537706 -88.272702 -388.463549 -2756.025822 -0.519098 0.854714 0.001149 -0.207074 -0.124459 -0.970376 0.829251 0.503959 -0.241595
-5.489915 -208.262990 -1394.384662 6144.873625 0.945767 -0.220485 0.238562 -0.324589 -0.612169 0.721035 0.012937 0.759365 0.650536
-1.340110 -234.533409 -2368.127125 3383.472713 0.938056 -0.233898 0.255621 -0.346471 -0.627049 0.697687 0.002901 0.743035 0.669246
5.111351 -60.923500 -2243.447080 -12.511762 0.983483 -0.154945 0.093553 0.039073 0.686437 0.726139 0.176730 0.710490 -0.681153
2.608018 -58.845295 -2622.555834 147.964396 0.985510 -0.082345 0.148289 -0.073176 0.582300 0.809674 0.153021 0.808793 -0.567837
-1.096352 -55.953876 -1618.623629 -503.579237 0.985319 -0.130006 0.110655 0.012079 0.699622 0.714411 0.170294 0.702586 -0.690922
1.791002 -57.426435 -1836.046614 -371.362130 0.979797 -0.193186 0.051733 0.119780 0.773996 0.621758 0.160156 0.603001 -0.781499
-1.439386 -51.198917 -369.384912 -927.282051 0.977718 -0.197250 0.071828 0.114738 0.788673 0.604011 0.175790 0.582311 -0.793732
1.900125 -226.906587 5986.179956 -53746.184607 0.597982 0.274508 0.753036 0.795811 -0.315186 -0.517053 0.095411 0.908462 -0.406931
-17.014156 -77.035180 -9279.281345 2569.759703 0.080948 0.946479 0.312451 0.888943 0.073228 -0.452126 0.450808 -0.314350 0.835438
21.945681 -39.897929 8546.470271 -1576.297279 0.020079 0.907233 0.420148 0.783820 0.246592 -0.569929 0.620664 -0.340764 0.706156
12.240886 -28.147767 11542.314081 -2697.626911 0.138835 0.959017 0.247005 0.854140 0.010264 -0.519942 0.501169 -0.283163 0.817709
31.673992 -33.423918 11074.783601 -3111.269910 0.113314 0.940917 0.319116 0.848756 0.075297 -0.523396 0.516501 -0.330160 0.790077
29.931603 -41.805051 11153.904074 -1161.714733 -0.066810 0.917769 0.391454 0.791262 -0.190264 0.581123 -0.607817 -0.348567 0.713484
-14.166536 -60.231200 447.400365 -6126.942625 -0.272080 -0.959070 -0.078465 0.957829 -0.262092 -0.117780 0.092394 -0.107201 0.989935
-10.272991 -69.351999 -1497.991663 -9537.818068 0.202899 0.971343 0.123797 0.962949 -0.174994 -0.205197 0.177653 -0.160844 0.970860
-2.773872 -129.286761 -2812.743058 -3880.719442 0.109998 0.993911 0.006476 -0.842965 0.089837 0.530414 -0.526603 0.063804 -0.847714
0.965653 -149.768995 -1855.332087 -982.081356 0.100745 0.994389 0.032270 -0.731875 0.052099 0.679444 -0.673950 0.092069 -0.733017
-4.351114 -130.543314 -1787.975700 -980.782294 0.107934 0.992974 0.048512 -0.681504 0.038374 0.730808 -0.723811 0.111940 -0.680857
-0.183925 -139.388382 -1514.894785 -8575.584912 0.145120 0.989288 0.015813 -0.939391 0.132748 0.316106 -0.310620 0.060728 -0.948592
-8.445300 -121.350389 -1871.336847 -2455.504283 0.124999 0.991045 0.046957 -0.832713 0.079063 0.548031 -0.539411 0.107605 -0.835139
-5.767239 -115.032980 -1884.721498 -3108.418806 0.146555 0.988937 0.022923 -0.929164 0.129673 0.346177 -0.339375 0.072033 -0.937889
-6.687563 -70.158599 1503.581288 -1940.614534 0.405780 0.906997 -0.112688 0.868429 -0.421053 -0.261810 0.284909 -0.008376 0.958518
-10.723741 -65.680705 607.798076 -1544.874882 0.393496 0.916849 -0.067449 0.907441 -0.399121 -0.131349 0.147347 0.009521 0.989039
7.518864 -28.580603 -4420.501630 -686.152389 0.667991 -0.689629 0.279641 0.617576 0.723386 0.308728 -0.415196 -0.033528 0.909114
-0.447119 -29.871964 -2156.615911 1495.715374 0.787381 -0.505832 0.352371 0.414202 0.857445 0.305327 -0.456583 -0.094456 0.884652
-1.518902 -35.962967 -2678.834748 686.738801 0.777678 -0.523267 0.348437 0.454044 0.850850 0.264384 -0.434811 -0.047400 0.899273
7.212779 -33.947700 -5044.780035 -747.071192 0.654306 -0.695524 0.296866 0.653395 0.717590 0.241120 -0.380733 0.036205 0.923976
10.958836 -44.660638 2979.094563 -717.318512 0.577158 0.764922 -0.285978 -0.531484 0.085968 -0.842694 0.620011 -0.638360 -0.456161
13.738251 -42.766521 1422.319878 1011.080478 0.562790 0.745197 -0.357700 0.605908 -0.077552 0.791745 0.562266 -0.662319 -0.495167
