12818
25627
-23.118333 -36.178606 402.256428 -2564.205157 0.700727 0.368678 -0.610785 0.696118 -0.540779 0.472205 0.156208 0.756065 0.635582
-25.606363 -43.154709 -383.280856 -2339.655877 -0.612916 -0.459761 0.642615 0.754889 -0.580958 0.304352 0.233403 0.671645 0.703147
-17.324323 -49.526544 -1504.920949 -3731.927732 -0.499957 -0.445739 0.742536 0.823454 -0.510244 0.248143 0.268267 0.735505 0.622145
-24.942590 -36.223571 -333.392721 -1568.298473 0.927564 0.183448 -0.325534 0.353019 -0.715798 0.602504 0.122488 0.673781 0.728709
-18.411979 -33.040990 -1159.828321 -2745.406526 -0.633004 -0.349057 0.690989 0.760725 -0.445968 0.471604 0.143542 0.824180 0.547835
-20.515257 -28.534568 -310.950174 -1232.213911 0.993364 0.009250 -0.114645 0.095286 -0.624428 0.775249 0.064416 0.781028 0.621165
-22.578094 -33.822566 -153.347334 470.414842 0.394668 -0.157084 0.905297 0.282795 0.958217 0.042981 -0.874222 0.239050 0.422600
-22.657219 -34.908792 -168.676144 829.361969 0.435304 -0.109638 0.893583 0.133966 0.989395 0.056133 -0.890261 0.095275 0.445375
-22.568389 -34.041610 -121.627119 691.004637 0.521711 -0.175098 0.834960 0.296893 0.954797 0.014720 -0.799795 0.240214 0.550114
60.589501 -72.325672 -1477.740353 -3994.601355 -0.408955 0.887266 0.213343 0.911478 0.385798 0.142720 0.044323 0.252823 -0.966497
43.823808 -50.156879 95.696067 3120.743166 -0.371506 0.866890 0.332393 -0.891033 -0.433496 0.134687 -0.260850 0.246136 -0.933474
49.347561 -75.675622 -5226.404472 5867.796747 -0.304333 0.952546 0.006076 -0.951932 -0.304357 0.034527 -0.034738 -0.004724 -0.999385
64.393840 -63.884531 6494.588664 -5181.381775 -0.480972 0.702828 0.524117 0.866177 0.473422 0.160026 -0.135658 0.530946 -0.836477
3.441254 -24.869533 -100.688288 -50.586737 -0.921170 0.043082 0.386768 0.149578 0.956705 0.249683 -0.359266 0.287853 -0.887732
4.189500 -24.990564 175.967198 -96.925116 -0.930935 0.001493 0.365182 0.114234 0.950998 0.287322 -0.346859 0.309195 -0.885487
2.547799 -26.006481 177.019385 -272.155454 0.918683 -0.063138 -0.389916 0.219846 0.901844 0.371948 -0.328160 0.427424 -0.842389
5.493388 -24.522015 298.962008 113.694767 -0.923954 -0.007887 0.382422 0.051595 0.988081 0.145033 -0.379008 0.153735 -0.912534
3.155666 -25.745821 -165.774771 -100.366315 -0.912754 0.059601 0.404139 0.180298 0.946506 0.267618 -0.366569 0.317135 -0.874673
3.761098 -25.067895 -57.793808 129.854834 -0.918609 0.019986 0.394661 0.084435 0.985583 0.146618 -0.386041 0.168008 -0.907053
1.509383 -32.173464 -50.432557 12.890650 0.755956 0.133989 -0.640763 -0.632575 -0.102375 -0.767704 0.168462 -0.985681 -0.007366
0.447642 -31.530524 -67.207340 -204.838726 0.736178 0.128391 -0.664498 -0.614683 -0.284018 -0.735866 0.283208 -0.950184 0.130168
1.710710 -29.885780 -107.741539 42.644121 0.765385 0.143529 -0.627364 -0.609774 -0.150026 -0.778247 0.205822 -0.978208 0.027307
2.636895 -30.514599 -119.591811 84.330064 0.787432 0.144318 -0.599269 -0.605664 0.000470 -0.795721 0.114555 -0.989531 -0.087779
13.916847 -55.079032 -220.011021 1180.744964 -0.652872 -0.012191 0.757370 0.227881 0.950388 0.211737 -0.722377 0.310827 -0.617704
12.792124 -50.872604 -100.815240 2278.105316 -0.632179 -0.015378 0.774670 0.375808 0.868243 0.323918 -0.677583 0.495901 -0.543105
11.498415 -53.971975 421.228234 574.525441 -0.565037 -0.014254 0.824942 0.267872 0.942518 0.199762 -0.780370 0.333852 -0.528739
7.380681 -52.932114 879.618793 -176.055031 -0.493203 -0.001436 0.869913 0.407455 0.883142 0.232468 -0.768590 0.469104 -0.434983
8.447436 -54.593276 1052.386569 -164.152477 -0.476833 0.000397 0.878994 0.266207 0.953102 0.143981 -0.837713 0.302650 -0.454576
-1.788784 -30.975369 -300.581409 -1476.429882 0.653870 0.086052 -0.751697 -0.644748 -0.456517 -0.613101 0.395921 -0.885544 0.243020
-1.325270 -27.471992 -99.383799 -188.639192 0.669471 0.114604 -0.733944 -0.575751 -0.544258 -0.610159 0.469382 -0.831053 0.298382
-0.371570 -30.770396 77.410811 -1232.246169 0.658331 0.105433 -0.745308 -0.635345 -0.453137 -0.625303 0.403654 -0.885184 0.231328
-2.518734 -74.320291 346.165366 547.879459 -0.045459 0.998192 -0.039329 -0.989757 -0.050338 -0.133597 0.135335 -0.032854 -0.990255
-2.400243 -75.687638 504.815643 -123.773089 -0.047884 0.998492 -0.026837 -0.939610 -0.054143 -0.337937 0.338881 -0.009035 -0.940786
-3.928172 -75.123432 -116.395433 1417.334885 -0.044979 0.997563 -0.053339 -0.984726 -0.053264 -0.165763 0.168201 -0.045068 -0.984722
0.433959 -79.178844 924.737054 -1303.371962 -0.043433 0.999041 -0.005540 -0.946453 -0.042921 -0.319976 0.319907 0.008654 -0.947409
-3.443733 -71.655067 -17.559831 -2092.461061 -0.049194 0.997276 -0.054953 0.998086 0.047021 -0.040163 -0.037470 -0.056824 -0.997681
-0.607519 -77.413462 925.883802 114.984768 -0.034753 0.999391 -0.003144 -0.995074 -0.034895 -0.092791 0.092844 0.000096 -0.995681
-2.552348 -73.627072 447.744741 1027.656584 -0.041484 0.998598 -0.032881 -0.995329 -0.038432 0.088563 -0.087175 -0.036401 -0.995528
3.563791 -19.944178 1012.314703 -1105.253025 0.515896 0.086816 -0.852241 -0.158725 0.987313 0.004492 0.841818 0.132955 0.523130
3.979813 -16.132581 1201.140513 -911.857368 0.510071 0.086394 -0.855783 -0.089723 0.994859 0.046957 0.855440 0.052832 0.515200
5.833380 -19.121251 508.739506 -1214.385012 0.557487 0.058672 -0.828110 -0.115407 0.993291 -0.007317 0.822125 0.099649 0.560519
5.218998 -21.917028 362.892570 -729.058397 0.550082 0.083329 -0.830943 -0.214768 0.975658 -0.044335 0.807022 0.202848 0.554589
4.965635 -20.863343 -423.988846 -736.102249 0.597315 0.052282 -0.800301 -0.173654 0.982632 -0.065416 0.782981 0.178049 0.596019
5.011066 -18.512470 -652.109816 -1009.160853 0.612890 0.036310 -0.789334 -0.091470 0.995488 -0.025230 0.784856 0.087664 0.613446
-25.007637 -37.039030 -773.533169 44.073653 0.728832 -0.423795 0.537774 -0.555495 0.093184 0.826282 0.400287 0.900952 0.167500
-23.062414 -34.450398 -509.861825 -422.303765 0.869860 -0.358059 0.339319 -0.399331 -0.107270 0.910510 0.289617 0.927517 0.236294
-25.743251 -38.566174 -542.710091 -213.067222 0.850447 -0.440659 0.287332 -0.385603 -0.150643 0.910284 0.357841 0.884944 0.298033
1.610302 -29.712450 -1075.686337 -4.314517 -0.642675 -0.008049 0.766096 0.761630 0.101613 0.639996 -0.082997 0.994791 -0.059174
1.725924 -29.451350 -930.678716 189.584245 -0.633042 -0.012913 0.774010 0.773776 -0.040274 0.632178 0.023009 0.999105 0.035487
5.217132 -29.583304 -695.003540 -19.953318 -0.615923 -0.025610 0.787390 0.782571 0.095152 0.615247 -0.090678 0.995133 -0.038565
6.167931 -28.931410 -1168.929754 -261.445389 -0.620031 -0.012416 0.784479 0.761267 0.232400 0.605362 -0.189829 0.972541 -0.134643
-4.273838 -121.811935 -627.335480 -2801.634858 0.046265 0.989401 -0.137641 0.698259 0.066503 0.712749 -0.714349 0.129084 0.687782
-4.321224 -117.583709 92.251712 -8624.965853 0.077870 0.986206 -0.146065 0.338834 0.111609 0.934203 -0.937618 0.122238 0.325469
-5.359433 -125.812165 748.801350 -1641.954532 0.101983 0.979679 -0.172707 0.697959 0.053242 0.714156 -0.708839 0.193374 0.678346
-6.415581 -121.608518 -507.947437 5732.547702 0.070978 0.989467 -0.126164 0.926457 -0.018522 0.375945 -0.369648 0.143570 0.918013
-5.620248 -124.290393 417.922678 -1985.863729 0.074921 0.986039 -0.148705 0.669443 0.060790 0.740372 -0.739075 0.155019 0.655543
-7.071288 -123.699525 116.664692 8191.335443 0.071168 0.989586 -0.125115 0.918376 -0.016058 0.395382 -0.389256 0.143041 0.909956
-2.281110 -79.691568 789.856564 5012.899351 -0.002401 0.982025 -0.188734 0.917684 -0.072821 -0.390580 0.397303 0.174136 0.901014
-1.211083 -101.917413 -569.988769 8064.441400 -0.036501 -0.976661 0.211664 0.990017 -0.064195 -0.125484 0.136143 0.204971 0.969253
-3.621938 -78.827344 216.939527 4391.370917 0.049310 0.984255 -0.169739 0.963086 -0.091886 -0.253028 0.264641 0.150996 0.952452
-5.141869 -88.205128 -150.867535 5491.973855 -0.062432 -0.986160 0.153595 0.989112 -0.081685 -0.122413 0.133265 0.144281 0.980522
-5.033181 -68.257829 -231.215009 2854.380018 0.021292 0.992517 -0.120232 0.900930 -0.071185 -0.428087 0.433443 0.099206 0.895704
-4.077753 -66.353623 205.419766 2141.103876 0.009470 0.987544 -0.157059 0.903223 -0.075842 -0.422416 0.429066 0.137859 0.892691
-12.916251 -25.154256 1083.252502 21.928604 -0.379143 -0.402276 0.833322 0.907650 0.013564 0.419508 -0.180061 0.915418 0.359983
-12.517745 -24.966432 822.372859 82.282882 -0.355449 -0.399035 0.845238 0.933367 -0.103330 0.343728 -0.049821 0.911095 0.409175
-15.106537 -25.448933 562.089869 82.814246 -0.421834 -0.353062 0.835107 0.895289 -0.016702 0.445172 -0.143225 0.935451 0.323138
-4.751756 -81.912236 -135.588243 -3750.304185 0.021351 0.986938 -0.159677 -0.135245 0.161096 0.977628 -0.990582 -0.000722 -0.136918
-4.441967 -64.608529 -288.282309 1586.454717 0.004049 0.988703 -0.149830 -0.303328 0.143987 0.941945 -0.952878 -0.041634 -0.300485
-4.498566 -76.717532 -336.827966 -4519.246291 -0.021753 0.987839 -0.153950 -0.188000 0.147198 0.971076 -0.981928 -0.050066 -0.182512
-6.381266 -122.891464 -622.547912 -16351.103637 -0.034151 0.990517 -0.133075 -0.028924 0.132117 0.990812 -0.998998 -0.037687 -0.024137
-5.296451 -144.934222 -25.848350 -17551.918977 -0.055022 0.991458 -0.118250 -0.160536 0.108105 0.981092 -0.985495 -0.072965 -0.153216
-17.522515 -154.869698 1288.293420 -29254.798047 0.644386 0.618863 -0.449195 0.631430 -0.099261 0.769054 -0.431351 0.779202 0.454731
26.557718 -3836.125173 26678.966472 -1036805.110602 -0.537738 0.505054 -0.675099 -0.409900 0.543111 0.732811 0.736763 0.670784 -0.085030
-2.171634 -140.055094 85.048832 20567.804992 -0.484038 -0.807102 0.338073 0.743961 -0.176174 0.644581 -0.460683 0.563514 0.685728
93.418769 -64.821496 -15639.780239 -5003.092329 0.101019 -0.405417 0.908533 0.725769 0.654644 0.211425 -0.680481 0.638027 0.360370
-4.903440 -23.213738 1329.849728 103.552260 -0.333689 -0.468941 0.817769 0.933738 -0.283643 0.218358 0.129557 0.836445 0.532517
-4.770604 -24.082112 1378.340518 100.608567 -0.348812 -0.463298 0.814668 0.937147 -0.181000 0.298319 0.009244 0.867522 0.497314
-0.440357 -23.265092 1884.902901 156.337352 -0.361958 -0.480887 0.798583 0.927106 -0.275087 0.254560 0.097265 0.832511 0.545403
-9.068661 -24.196188 895.502075 112.311095 -0.328707 -0.435752 0.837897 0.943404 -0.192887 0.269785 0.044060 0.879156 0.474493
-0.954674 -21.995412 1811.083302 128.197796 -0.351928 -0.484723 0.800743 0.912218 -0.369331 0.177350 0.209774 0.792867 0.572151
-9.129099 -23.502090 610.652361 163.230885 -0.291826 -0.445601 0.846332 0.941495 -0.289796 0.172059 0.168594 0.847029 0.504102
-5.190039 -22.262156 1150.291992 174.796019 -0.300273 -0.481479 0.823416 0.921611 -0.368993 0.120319 0.245903 0.794998 0.554535
19.599180 -9.669710 -1295.320999 3260.410458 -0.316752 0.935241 0.158093 -0.288356 -0.253735 0.923293 -0.903614 -0.246868 -0.350054
21.508409 -6.054149 333.580257 3152.507700 -0.173559 0.980385 0.093397 -0.311044 -0.144551 0.939338 -0.934414 -0.133980 -0.330031
24.512968 0.539737 -1579.377323 1086.965131 -0.323592 0.937937 0.124745 -0.359246 -0.243753 0.900848 -0.875346 -0.246693 -0.415827
12.967655 -17.705574 264.386571 2927.030643 -0.221507 0.961634 0.161846 -0.352683 -0.233735 0.906081 -0.909147 -0.143623 -0.390926
-1180.922801 -6684.141847 -216278.585703 -3175326.786921 0.336999 -0.637644 0.692706 0.912013 0.403793 -0.071995 -0.233803 0.656020 0.717617
-973.554441 -1449.418725 310623.646860 355631.043671 -0.338296 -0.890247 0.304986 0.913692 -0.388300 -0.119955 0.225216 0.238083 0.944772
-1171.853236 -1642.362830 -171838.906851 -273294.275575 0.785465 -0.613287 0.083216 -0.336141 -0.309830 0.889390 0.519668 0.726557 0.449511
-1009.695089 -4152.223753 -243284.915416 -1803153.300734 -0.616202 -0.247380 0.747729 0.779865 -0.059024 0.623158 -0.110023 0.967119 0.229293
-21.611590 -31.041930 390.024273 560.152810 0.808891 0.432976 0.397779 0.527295 -0.234915 -0.816563 0.260107 -0.870257 0.418327
-22.327554 -32.153024 222.910142 538.036564 0.705351 0.395806 0.588063 0.685580 -0.170058 -0.707856 0.180169 -0.902451 0.391307
-20.522898 -30.359533 493.041343 885.367940 0.780636 0.395513 0.483918 0.561842 -0.104951 -0.820560 0.273755 -0.912444 0.304145
40.603101 -47.666388 -1140.852571 -14.495757 0.529483 0.821813 -0.210407 0.237003 -0.381456 -0.893488 0.814541 -0.423220 0.396747
48.308402 -41.233375 -1258.689770 2922.674155 0.578102 0.777978 -0.246066 -0.013567 -0.292358 -0.956213 0.815851 -0.556127 0.158458
40.943470 -43.778823 -2521.279628 1366.559034 0.685142 0.693805 -0.221842 0.074870 -0.370021 -0.926001 0.724551 -0.617834 0.305463
-1.403294 -25.258857 1105.355176 78.635489 0.514064 -0.093928 -0.852594 0.857631 0.039583 0.512740 -0.014412 -0.994792 0.100904
-5.365672 -25.078702 1191.147468 107.939144 0.475488 -0.113813 -0.872329 0.879645 0.048405 0.473161 -0.011627 -0.992322 0.123131
-4.418176 -25.027557 1034.821218 -90.935492 0.503210 -0.096431 -0.858767 0.854276 -0.094393 0.511178 -0.130355 -0.990854 0.034879
-1.640974 -15.918213 224.111403 -1354.488335 0.599750 0.125141 -0.790341 0.414555 0.796219 0.440657 0.684429 -0.591924 0.425655
-0.317998 -16.912481 196.657201 -1598.785045 0.561345 0.049659 -0.826091 0.468980 0.803360 0.366974 0.681872 -0.593419 0.427673
-2.416691 -21.017431 86.457494 -1196.116516 0.600310 0.111815 -0.791912 0.363287 0.844006 0.394560 0.712496 -0.524549 0.466044
3.848450 -40.603336 -619.486402 1110.236435 -0.532737 0.060077 0.844146 -0.436613 0.834964 -0.334968 -0.724955 -0.547015 -0.418586
1.152551 -40.602077 -491.420415 878.148086 -0.537363 0.053116 0.841677 -0.441764 0.832410 -0.334572 -0.718391 -0.551609 -0.423842
3.335912 -40.940426 -648.218982 218.541721 -0.538032 0.069180 0.840081 -0.319863 0.905328 -0.279410 -0.779878 -0.419042 -0.464967
6.821342 -41.209636 -808.706135 -70.976980 -0.522318 0.073450 0.849582 -0.333730 0.899212 -0.282917 -0.784734 -0.431304 -0.445162
2.890620 -41.026223 -563.846836 -532.297697 -0.535255 0.095493 0.839275 -0.187101 0.955505 -0.228043 -0.823708 -0.279090 -0.493572
6.407894 -42.886414 -739.854252 -1249.749956 -0.518103 0.096432 0.849865 -0.213986 0.947411 -0.237953 -0.828118 -0.305144 -0.470222
1.471812 -90.682188 84.881581 -365.703714 0.360055 -0.091514 -0.928432 0.881262 0.359957 0.306282 0.306167 -0.928470 0.210252
1.220942 -89.850933 93.922791 -3333.765677 0.406481 -0.095498 -0.908655 0.913649 0.037682 0.404755 -0.004413 -0.994716 0.102569
2.031369 -98.119260 74.849319 262.873228 0.384497 -0.099434 -0.917756 0.874175 0.358666 0.327379 0.296615 -0.928155 0.224828
-4.115656 -13.332046 -797.030244 -501.346672 0.551195 -0.113312 -0.826646 0.497057 0.840342 0.216241 0.670163 -0.530081 0.519515
-7.414859 -13.150691 -1232.403741 -500.726882 0.525020 -0.129285 -0.841213 0.515736 0.834583 0.193617 0.677030 -0.535496 0.504850
-5.034647 -15.488616 -1047.976571 -419.045446 0.562786 -0.094363 -0.821199 0.439646 0.875461 0.200700 0.699988 -0.473988 0.534183
-1.609562 -15.389238 -374.577480 -436.868000 0.551756 -0.105506 -0.827305 0.453768 0.870268 0.191646 0.699757 -0.481146 0.528051
4.475640 -69.661915 308.178172 -560.583658 -0.630163 0.776391 0.010577 0.746239 0.601814 0.284513 -0.214528 -0.187182 0.958614
4.570222 -68.197725 288.152413 -723.692383 -0.625430 0.780202 0.011094 0.685431 0.542554 0.485612 -0.372856 -0.311320 0.874104
2.391292 -69.182214 423.426061 -444.999956 -0.615632 0.787975 -0.009677 0.752057 0.591149 0.291466 -0.235388 -0.172158 0.956532
5.837569 -68.760880 50.294873 -605.303691 -0.641423 0.765879 0.044791 0.684914 0.545356 0.483198 -0.345644 -0.340612 0.874365
5.615721 -69.103198 -132.994426 39.459531 0.641067 -0.766445 -0.039929 0.745799 0.609830 0.268124 -0.181153 -0.201664 0.962557
3.859555 -64.395671 360.990813 1447.806209 0.647356 -0.753026 -0.117818 0.759207 0.650731 0.012391 0.067337 -0.097470 0.992958
4.241903 -67.490798 700.333209 99.749327 0.637383 -0.762602 -0.110369 0.767951 0.640433 0.009811 0.063202 -0.091011 0.993842
3.519256 -61.165917 -312.410769 1343.139580 -0.629537 0.769460 0.107771 0.746339 0.637435 -0.191456 0.216015 0.040095 0.975566
3.491664 -59.932426 83.849402 1569.287344 -0.631241 0.766373 0.119199 0.740429 0.641215 -0.201515 0.230868 0.038946 0.972205
3.619750 -63.133566 85.532387 1470.911445 0.646393 -0.752588 -0.125647 0.758819 0.651295 0.002692 0.079807 -0.097083 0.992071
9.538515 -21.250478 -2699.214604 -121.979381 0.491872 -0.415191 -0.765296 0.428110 0.880712 -0.202651 0.758145 -0.227953 0.610945
18.905260 -19.188372 -2356.885375 -251.607825 0.412762 -0.470071 -0.780167 0.467882 0.844317 -0.261181 0.781482 -0.257221 0.568439
8.336901 -20.340237 -2367.575864 -249.136122 0.499852 -0.381464 -0.777581 0.518259 0.851053 -0.084356 0.693942 -0.360823 0.623098
-1.869783 -22.581868 -1922.622653 -243.876155 0.564120 -0.298626 -0.769800 0.477453 0.878611 0.009047 0.673653 -0.372647 0.638221
-2.584647 -23.412005 -1221.914433 -22.317218 0.570434 -0.244931 -0.783973 0.538770 0.832036 0.132073 0.619945 -0.497720 0.606583
4.413735 -20.745275 -1608.996372 12.057165 0.502534 -0.328986 -0.799517 0.574553 0.818101 0.024501 0.646025 -0.471677 0.600143
-1.845550 -98.299332 843.039827 -6302.787435 -0.343436 0.938776 0.027422 -0.177793 -0.036317 -0.983398 0.922194 0.342610 -0.179380
-1.042704 -94.658191 9.292413 -5645.715037 -0.307847 0.951316 -0.015134 -0.233561 -0.090981 -0.968076 0.922323 0.294484 -0.250198
-2.506197 -109.833761 561.171339 -7390.782653 -0.330452 0.943790 0.007861 -0.409051 -0.135706 -0.902364 0.850575 0.301404 -0.430903
-2.719557 -134.772604 147.079543 -7271.634127 -0.307889 0.951070 0.025884 -0.436774 -0.117123 -0.891914 0.845241 0.285916 -0.451464
-0.952125 -108.155543 -347.929903 -8936.776396 -0.307207 0.951221 0.028319 -0.024796 0.021747 -0.999456 0.951320 0.307742 -0.016905
-1.063015 -64.592420 -882.183321 -1517.508426 -0.545441 0.826036 -0.141983 0.040570 -0.143182 -0.988865 0.837167 0.545127 -0.044585
0.779167 -73.502184 -806.253005 -898.470825 -0.570168 0.814661 -0.105996 -0.018310 -0.141593 -0.989756 0.821324 0.562386 -0.095648
-0.676482 -75.592026 -1160.082148 -2096.326309 -0.540283 0.817981 -0.197489 -0.177934 -0.340438 -0.923278 0.822456 0.463691 -0.329479
-1.921792 -61.415000 -558.691299 -1614.970717 -0.555767 0.810520 -0.184877 -0.088719 -0.278940 -0.956201 0.826590 0.515023 -0.226935
-14.593049 -24.300437 -1174.742528 -218.047782 0.106290 -0.246824 -0.963214 0.785092 -0.573628 0.233627 -0.610191 -0.781044 0.132809
-15.821812 -24.432385 78.898435 -175.029862 0.120166 -0.152095 -0.981034 0.817074 -0.546129 0.184752 -0.563871 -0.823778 0.058647
-14.052599 -25.779740 -1216.697430 -269.305755 0.112874 -0.268871 -0.956539 0.858155 -0.458865 0.230246 -0.500829 -0.846848 0.178939
-10.666807 -24.441307 -1892.548444 -339.841480 0.103968 -0.321923 -0.941040 0.784690 -0.554811 0.276491 -0.611108 -0.767171 0.194927
-10.703829 -23.360740 2190.987622 186.890765 -0.101815 0.334862 0.936750 -0.709601 0.635505 -0.304302 -0.697208 -0.695702 0.172915
11.951323 -25.561134 76.973952 123.010341 -0.534028 0.007889 0.845430 -0.318321 0.924499 -0.209700 -0.783253 -0.381104 -0.491197
9.366463 -24.987807 -124.069696 -32.049808 -0.578447 -0.080105 0.811777 -0.361227 0.917426 -0.166868 -0.731378 -0.389760 -0.559618
9.536238 -25.689041 306.673015 -33.008911 -0.556828 -0.018924 0.830412 -0.236254 0.962057 -0.136494 -0.796321 -0.272192 -0.540171
7.008927 -25.066295 -242.278304 -344.549139 -0.595370 -0.083870 0.799062 -0.275222 0.955656 -0.104758 -0.754843 -0.282289 -0.592052
11.733545 -26.264115 -454.774389 105.275608 -0.551119 0.018150 0.834229 -0.218513 0.961735 -0.165281 -0.805307 -0.273379 -0.526064
11.036257 -26.647581 -403.142296 -87.196865 -0.550845 -0.010050 0.834547 -0.167237 0.980977 -0.098572 -0.817681 -0.193865 -0.542047
7.911389 -26.793885 38.349588 -787.798742 -0.579932 -0.055835 0.812749 -0.204626 0.975648 -0.078983 -0.788547 -0.212115 -0.577235
9.603341 -27.451195 -210.630981 -716.528218 -0.560381 -0.028745 0.827736 -0.175408 0.980846 -0.084690 -0.809447 -0.192650 -0.554690
22.290112 -0.121443 -1509.922325 4318.625073 -0.480203 -0.244779 0.842311 0.142360 0.925794 0.350200 -0.865528 0.288078 -0.409722
17.751056 3.277090 -1555.661124 5390.739726 -0.568727 -0.229833 0.789763 0.141561 0.918491 0.369236 -0.810253 0.321794 -0.489835
22.340539 17.649139 -1467.807002 5793.819039 -0.488825 -0.314700 0.813643 0.110903 0.902683 0.415768 -0.865304 0.293473 -0.406353
-1.824496 -40.380124 3.959928 -628.429084 0.290489 -0.041533 -0.955976 0.820607 0.524667 0.226560 0.492159 -0.850294 0.186492
-1.675742 -38.736231 -91.969323 -803.716595 0.314655 -0.045435 -0.948118 0.830112 0.497582 0.251647 0.460333 -0.866226 0.194283
-1.274312 -36.127234 -90.482816 -1128.499802 0.322630 -0.032530 -0.945966 0.905798 0.300618 0.298593 0.274662 -0.953190 0.126454
-11.360359 -16.191662 -804.969569 1014.980377 0.136654 0.680070 0.720299 0.509373 0.575391 -0.639894 0.849626 -0.454345 0.267780
-6.312350 -13.587286 778.137221 1561.968091 -0.123072 -0.594057 -0.794953 0.498219 0.655793 -0.567198 0.858272 -0.465867 0.215260
-8.269949 -12.877671 1201.413870 270.456656 0.046103 -0.348726 -0.936090 0.487253 0.825900 -0.283679 0.872043 -0.443034 0.207995
-13.036479 -82.505241 2174.670855 -13388.074179 0.969746 0.232877 -0.073224 0.124460 -0.729687 -0.672359 0.210008 -0.642903 0.736595
109.043744 -4394.775116 3250.752340 -733834.174469 0.968728 -0.015174 -0.247663 -0.176116 -0.745151 -0.643221 0.174786 -0.666723 0.724521
2.520947 -553.294129 349.379579 -85023.170471 0.916858 0.383820 0.109787 0.309706 -0.510338 -0.802270 0.251899 -0.769569 0.586779
87.854034 -399.501314 21750.741880 -68740.291664 0.942799 0.180063 -0.280550 -0.017206 -0.814170 -0.580371 0.332919 -0.552000 0.764500
7.003506 -142.819475 -29.512297 -8700.088141 0.635055 -0.354891 -0.686118 0.500573 0.865554 0.015615 0.588330 -0.353369 0.727323
7.291688 -124.941586 -411.266828 -8220.540939 0.591549 -0.382541 -0.709741 0.649768 0.747363 0.138744 0.477360 -0.543241 0.690665
6.544432 -140.152523 80.889068 -16107.261796 0.609150 -0.359118 -0.707086 0.729259 0.604011 0.321484 0.311637 -0.711481 0.629824
-29.178443 -43.015806 104.977247 -1644.301074 0.686356 0.444033 -0.575978 0.676033 -0.681525 0.280185 0.268132 0.581686 0.767950
-24.047335 -47.344637 -670.392628 -1316.847688 -0.543501 -0.499547 0.674581 0.743504 -0.659515 0.110641 0.389627 0.561687 0.729862
-23.118475 -34.529231 -305.223427 868.095030 0.283657 -0.178177 0.942227 0.159611 0.977652 0.136825 -0.945549 0.111579 0.305756
-23.367932 -35.959658 -117.515539 522.982708 0.345161 -0.117437 0.931167 -0.007542 0.991762 0.127874 -0.938513 -0.051160 0.341432
-23.027962 -37.003703 -23.634283 212.233875 0.481473 -0.034469 0.875783 -0.052422 0.996305 0.068032 -0.874892 -0.078666 0.477887
55.204277 -96.384608 -11242.765511 226.380862 -0.126974 0.971065 -0.202262 -0.844032 -0.212889 -0.492229 0.521045 -0.108216 -0.846641
48.431113 -89.689881 -8590.390072 6225.919341 -0.191747 0.968603 -0.158244 -0.959907 -0.218679 -0.175383 0.204481 -0.118270 -0.971699
27.008598 -93.404128 -6572.429112 5602.026350 -0.090145 0.976365 -0.196432 -0.964407 -0.134807 -0.227478 0.248582 -0.168934 -0.953765
20.350638 -95.089723 -4281.238140 1887.550251 -0.036483 0.977763 -0.206516 -0.907606 -0.118906 -0.402631 0.418234 -0.172746 -0.891762
27.631930 -94.461796 -5997.661203 -6209.976298 0.002041 0.976513 -0.215448 -0.696207 -0.153269 -0.701287 0.717838 -0.151428 -0.679543
68.800082 -93.242069 -14987.152146 -9098.157305 -0.063082 0.980996 -0.183484 -0.567277 -0.186508 -0.802129 0.821107 -0.053486 -0.568262
99.568351 -99.746921 -14965.766838 -5645.131849 -0.253230 0.964456 -0.075488 -0.692815 -0.235261 -0.681660 0.675191 0.120318 -0.727765
7.943110 -24.356693 726.535550 50.167243 -0.932949 -0.054560 0.355851 0.006797 0.985604 0.168934 -0.359946 0.160025 -0.919147
0.996444 -35.441932 -14.294996 -202.838663 0.736703 0.120060 -0.665473 -0.653298 -0.127674 -0.746258 0.174560 -0.984523 0.015623
0.266423 -33.022152 -8.799167 -468.961451 0.710468 0.116163 -0.694076 -0.642265 -0.296084 -0.706987 0.287630 -0.948072 0.135750
-0.447409 -30.597496 -97.112401 -193.496005 0.715923 0.117051 -0.688297 -0.581300 -0.446110 -0.680497 0.386709 -0.887291 0.251338
-0.183514 -30.201515 -41.036068 -85.641067 0.730873 0.131113 -0.669802 -0.554806 -0.457443 -0.694936 0.397511 -0.879520 0.261590
-0.858474 -42.354570 603.807763 3428.850798 0.609304 0.127169 -0.782673 0.647686 0.489608 0.583770 0.457440 -0.862619 0.215954
-2.417572 -28.571745 251.200671 2796.566810 0.545813 0.061888 -0.835619 0.634837 0.620340 0.460609 0.546874 -0.781888 0.299301
-2.875131 -37.063757 165.004805 2847.509228 0.635254 0.113591 -0.763904 0.638393 0.479422 0.602170 0.434633 -0.870202 0.232039
0.100616 -77.197887 1031.204920 -295.573311 -0.050134 0.998741 0.001511 -0.841003 -0.041400 -0.539444 0.538703 0.028316 -0.842020
0.161684 -16.929998 1042.106391 -806.361289 0.507542 0.091660 -0.856738 -0.117076 0.992440 0.036821 0.853636 0.081615 0.514436
-0.468002 -13.712232 1105.202024 -154.364950 0.503354 0.071267 -0.861136 -0.046081 0.997389 0.055608 0.862850 0.011691 0.505324
4.885929 -13.275232 1456.418597 -337.827215 0.496907 0.054701 -0.866078 -0.011768 0.998344 0.056304 0.867724 -0.017786 0.496728
-20.417198 -31.958701 -1127.826176 95.552019 0.698986 -0.301305 0.648563 -0.646379 0.121825 0.753228 0.305962 0.945714 0.109604
0.520205 -29.139046 -365.456414 215.619058 -0.638991 -0.017042 0.769025 0.768983 -0.038646 0.638100 0.018845 0.999108 0.037800
0.829082 -28.047966 -388.898904 301.952651 -0.619967 -0.021559 0.784331 0.774660 -0.175651 0.607494 0.124672 0.984216 0.125599
2.128102 -28.315591 -852.539997 320.275533 -0.617932 -0.019528 0.785989 0.775832 -0.177201 0.605544 0.127453 0.983981 0.124649
-2.764446 -105.028490 -196.221194 -5696.666636 0.071999 0.984271 -0.161327 0.480772 0.107468 0.870235 -0.873885 0.140218 0.465473
-3.348618 -97.952051 126.872142 -7354.335151 0.082703 0.981278 -0.173938 0.265732 0.146503 0.952850 -0.960493 0.125024 0.248641
-5.194894 -102.072796 270.240217 -7034.281823 0.065967 0.984070 -0.165092 0.015894 0.164395 0.986267 -0.997695 0.067685 0.004796
-5.143612 -99.755922 593.021872 -9679.248171 0.077709 0.982116 -0.171494 0.130615 0.160503 0.978355 -0.988383 0.098427 0.115807
-3.895659 -96.543713 -292.991880 -6402.419055 0.067140 0.986923 -0.146542 0.068856 0.141940 0.987478 -0.995365 0.076389 0.058426
-1.496186 -88.068602 344.995069 4552.890679 -0.005499 0.983037 -0.183324 0.926570 -0.063938 -0.370647 0.376081 0.171900 0.910502
-0.986808 -102.126935 92.678789 5405.716882 -0.045747 -0.981975 0.183393 0.991882 -0.066456 -0.108418 0.118651 0.176945 0.977043
-9.006062 -24.790909 1180.325053 70.165543 -0.354186 -0.434185 0.828273 0.931454 -0.084861 0.353824 -0.083337 0.896818 0.434480
-12.346445 -24.480882 492.654685 125.159517 -0.318975 -0.403101 0.857767 0.944402 -0.211337 0.251875 0.079747 0.890419 0.448101
-5.426062 -68.195105 290.176613 127.620672 0.042302 0.986314 -0.159361 -0.243855 0.164872 0.955694 -0.968889 0.001566 -0.247492
-10.452906 -116.077077 -615.597481 -4238.383721 0.490693 0.848199 -0.199448 0.547078 -0.121750 0.828181 -0.678179 0.515496 0.523772
-11.367689 -155.213292 1068.655204 -6358.508593 0.515368 0.829548 -0.215049 0.586919 -0.158819 0.793916 -0.624437 0.535375 0.568728
-6.315760 -142.573662 340.537290 -9200.471985 -0.591695 -0.794754 0.135144 0.686795 -0.409165 0.600747 -0.422150 0.448274 0.787934
-10.192022 -133.788530 220.003996 1820.111202 0.422382 0.835943 -0.350417 0.369905 0.193968 0.908596 -0.827504 0.513396 0.227290
-8.535389 -88.875132 -1107.367463 -1677.084408 0.553539 0.817435 -0.159355 0.655161 -0.309280 0.689282 -0.514158 0.485948 0.706751
-6.390904 -87.333545 -298.487824 205.324627 0.420875 0.851457 -0.312866 0.438377 0.111039 0.891906 -0.794160 0.512534 0.326525
-5.643683 -76.537392 -453.717888 -2588.178807 0.482453 0.842018 -0.241341 0.526755 -0.058765 0.847983 -0.699835 0.536240 0.471888
11.140523 -23.713954 230.555602 -745.055888 -0.704296 0.033552 0.709113 0.307282 0.914868 0.261907 -0.639957 0.402358 -0.654647
10.950744 -25.998744 167.946509 -353.856889 -0.724777 0.042474 0.687674 0.373398 0.863024 0.340240 -0.579028 0.503373 -0.641359
11.783197 -25.505175 169.301348 -664.607698 -0.675114 0.017524 0.737505 0.368788 0.873851 0.316826 -0.638918 0.485877 -0.596412
24.849272 2.517142 1336.087448 1119.157064 -0.143972 0.980000 0.137372 -0.384096 -0.183276 0.904920 -0.911999 -0.077519 -0.402801
21.358264 -2.065002 2330.632577 3212.671482 -0.024802 0.998475 0.049328 -0.325488 -0.054720 0.943962 -0.945221 -0.007356 -0.326348
13.346105 -12.457939 1096.278016 3054.548829 -0.053191 0.997921 0.036401 -0.339016 -0.052334 0.939324 -0.939276 -0.037623 -0.341095
-2.673986 -39.914798 137.723468 331.856973 0.734118 -0.033768 -0.678181 -0.282491 0.893039 -0.350257 0.617470 0.448710 0.646058
-1.711576 -38.822399 93.817019 -844.076671 0.734471 -0.059958 -0.675987 0.408923 -0.755851 0.511343 0.541604 0.651993 0.530632
-2.568472 -37.353542 173.797792 -751.402538 0.743588 -0.062050 -0.665753 0.405129 -0.750296 0.522423 0.531928 0.658183 0.532773
-658.995586 -774.780590 -185248.854931 -8129.306495 0.593535 0.787887 0.164163 0.697843 -0.605441 0.382697 -0.400913 0.112584 0.909172
-1260.640555 -10022.557598 191958.555026 -1061943.525896 -0.106294 -0.961804 -0.252260 0.993975 -0.095957 -0.052966 0.026737 -0.256370 0.966209
14.712659 -58.969265 -983.930445 233.470384 0.631397 0.768319 0.104990 0.155409 -0.258016 0.953560 -0.759727 0.585759 0.282314
29.172781 -89.665973 -3548.586237 -9878.568338 0.670612 0.733620 0.109912 0.207941 -0.328136 0.921459 -0.712067 0.595087 0.372601
15.749772 -59.581748 -1163.817921 -4491.454725 0.650022 0.755178 0.084716 0.253876 -0.320885 0.912458 -0.716253 0.571611 0.400304
-19.320480 -25.414831 400.975666 1239.459899 0.729220 0.307011 0.611540 0.612941 0.104241 -0.783222 0.304206 -0.945980 0.112165
-20.114462 -26.023874 435.692895 1461.993762 -0.227369 -0.057045 -0.972137 0.939826 0.248565 -0.234397 0.255010 -0.966934 -0.002904
-17.158579 -20.242286 536.679896 2023.553956 0.752474 0.303037 0.584767 0.544940 0.212186 -0.811183 0.369897 -0.929056 0.005473
-20.115426 -31.023587 299.184951 390.421080 -0.664641 -0.335594 0.667555 -0.540765 0.832593 -0.119843 -0.515583 -0.440643 -0.734852
-18.616974 -30.706730 -131.503422 -330.661112 0.578852 0.396371 -0.712615 0.675080 -0.723123 0.146147 -0.457380 -0.565670 -0.686164
-18.541630 -29.741271 151.936077 765.526505 -0.592944 -0.331263 0.733950 -0.580048 0.807921 -0.103960 -0.558536 -0.487368 -0.671200
-19.833605 -31.602361 73.294918 -133.704992 -0.673326 -0.194748 0.713235 -0.408509 0.902055 -0.139346 -0.616240 -0.385188 -0.686934
49.562508 -44.973739 -190.925858 2375.259830 0.435334 0.870598 -0.229225 0.069023 -0.286146 -0.955697 0.897619 -0.400226 0.184660
55.048698 -31.138522 -585.303902 4581.648405 0.493561 0.838249 -0.231809 -0.105407 -0.206916 -0.972664 0.863300 -0.504503 0.013768
21.537426 -57.985119 -3904.459403 2805.330788 0.196834 -0.822532 -0.533570 0.917200 -0.037803 0.396630 -0.346411 -0.567461 0.746986
32.762898 -51.153921 -4579.452586 3304.179110 0.214944 -0.816657 -0.535603 0.963618 0.088131 0.252335 -0.158868 -0.570354 0.805889
39.646292 -58.875741 -7409.082872 3166.599001 0.156637 -0.778239 -0.608119 0.938312 -0.074927 0.337574 -0.308278 -0.623482 0.718495
-7.374172 -23.669898 280.650450 254.252787 0.647681 0.165675 -0.743681 0.117307 0.942750 0.312187 0.752827 -0.289436 0.591167
-6.411438 -22.680375 -156.567879 333.387974 0.683881 0.222081 -0.694973 0.061874 0.931462 0.358539 0.726966 -0.288199 0.623268
-6.669530 -23.317280 373.226283 -297.166189 0.652830 0.200061 -0.730609 0.176827 0.897600 0.403790 0.736577 -0.392798 0.550604
-8.271927 -20.182315 235.734992 900.531262 0.670427 0.169039 -0.722463 0.017065 0.969932 0.242777 0.741779 -0.175094 0.647384
-7.634634 -21.240259 237.408472 953.414332 0.641760 0.150122 -0.752069 0.043000 0.972067 0.230730 0.765699 -0.180412 0.617379
1.725191 -40.347732 503.997562 -150.370558 0.527158 -0.049197 -0.848342 0.591237 -0.695832 0.407746 -0.610363 -0.716518 -0.337726
3.774131 -92.995227 51.119875 2150.024514 0.337876 -0.146696 -0.929688 0.599650 0.794898 0.092503 0.725438 -0.588742 0.356543
2.965138 -84.171919 54.211982 3265.241816 0.305062 -0.130752 -0.943314 0.584266 0.807904 0.076966 0.752044 -0.574626 0.322855
2.807730 -100.582549 51.250194 2174.535698 0.356449 -0.113636 -0.927378 0.757682 0.615930 0.215751 0.546683 -0.779562 0.305648
3.650919 -109.014397 76.410484 1226.427471 0.383523 -0.130053 -0.914328 0.766982 0.596338 0.236895 0.514440 -0.792128 0.328458
2.528244 -105.553087 72.344768 720.998376 0.405621 -0.112389 -0.907105 0.869441 0.353657 0.344962 0.282035 -0.928598 0.241166
-6.571015 -11.418192 -986.966734 -494.060100 0.487481 -0.182267 -0.853898 0.587694 0.791765 0.166504 0.645738 -0.582998 0.493087
-8.328215 -11.485436 -287.109040 -578.296064 0.242094 -0.414733 -0.877147 0.705794 0.695610 -0.134098 0.665767 -0.586621 0.461119
-10.241006 -13.461185 -411.303774 -527.560421 0.276155 -0.398484 -0.874614 0.655888 0.743305 -0.131565 0.702531 -0.537316 0.466628
2.830696 -67.797659 412.844692 -814.472338 -0.609901 0.792453 -0.006265 0.690672 0.535409 0.486116 -0.388578 -0.292156 0.873872
4.573094 -67.181720 336.876137 -388.195745 -0.618248 0.785920 0.009921 0.598264 0.462367 0.654444 -0.509753 -0.410544 0.756045
5.934389 -68.103915 130.902232 -369.473408 -0.639316 0.768002 0.038047 0.594509 0.462300 0.657905 -0.487683 -0.443228 0.752140
4.687245 -72.671708 -352.126545 -1790.058258 -0.623306 0.777872 0.080033 0.769781 0.628367 -0.112213 0.137577 0.008335 0.990456
4.944850 -72.318110 234.562818 -1313.260324 0.642588 -0.763529 -0.064068 0.760256 0.624955 0.177319 -0.095348 -0.162651 0.982066
4.138799 -62.919637 -676.045572 690.036086 -0.620244 0.777099 0.106837 0.753668 0.628139 -0.193455 0.217442 0.039470 0.975275
5.532528 -70.918542 -276.409063 -987.901694 0.634852 -0.772053 -0.029970 0.772033 0.632351 0.064007 -0.030465 -0.063772 0.997499
5.478427 -73.071023 632.914114 -2756.640436 -0.626222 0.779644 0.001059 0.771990 0.620263 -0.138943 0.108983 0.086191 0.990300
5.592897 -76.360388 386.799226 -1053.035855 -0.621603 0.781675 0.050931 0.687971 0.575865 -0.441672 0.374574 0.239506 0.895730
3.802195 -67.110162 -708.089353 -453.724834 -0.599198 0.794167 0.101290 0.723401 0.591273 -0.356493 0.343005 0.140336 0.928791
23.054867 -21.238848 -3031.756789 -234.249809 0.412566 -0.504864 -0.758223 0.377988 0.852202 -0.361769 0.828803 -0.137345 0.542422
-2.449609 -94.600502 -416.180204 -5082.850675 -0.295773 0.955050 -0.019929 -0.289703 -0.109560 -0.950825 0.910269 0.275455 -0.309085
-1.405687 -87.825202 -639.558838 -6958.989564 -0.286250 0.958060 -0.013529 -0.061812 -0.032555 -0.997557 0.956159 0.284714 -0.068538
-2.832373 -112.205405 -34.048589 -6885.078322 -0.314289 0.949171 -0.017219 -0.509739 -0.184031 -0.840416 0.800868 0.255356 -0.541668
-1.434046 -108.730041 -437.375380 -10076.573843 -0.310041 0.949948 -0.038375 -0.209067 -0.107499 -0.971975 0.927451 0.293329 -0.231932
-3.256289 -111.796857 -595.032004 -7124.114073 -0.296415 0.954320 -0.037582 -0.469749 -0.179941 -0.864267 0.831549 0.238528 -0.501628
-15.950013 -25.558288 -188.816689 -176.768737 0.164343 -0.210325 -0.963719 0.874650 -0.420630 0.240953 -0.456048 -0.882516 0.114833
-15.836528 -24.412910 794.947058 -187.408600 0.188910 -0.115586 -0.975168 0.837138 -0.500157 0.221455 -0.513334 -0.858186 0.002277
-50.239015 -337.844419 1087.267610 76235.567133 0.068286 -0.252217 -0.965258 0.986165 -0.129419 0.103582 -0.151048 -0.958977 0.239891
-43.392230 -373.843254 4292.331602 -43134.661374 0.766392 -0.593654 -0.245393 -0.091717 0.276970 -0.956491 -0.635792 -0.755554 -0.157820
-11.140562 -82.920201 1347.277933 8257.231569 0.287850 -0.670818 -0.683481 0.794997 -0.230550 0.561094 -0.533968 -0.704876 0.466935
-40.819434 -418.729451 -14712.449268 78339.209045 0.468281 0.859635 -0.204304 0.811499 -0.326952 0.484326 0.349546 -0.392593 -0.850699
1.611717 -318.162352 -2372.548504 55377.811722 0.088742 -0.681352 -0.726556 0.814916 -0.369770 0.446298 -0.572744 -0.631688 0.522431
-3.523081 -288.626713 -618.444009 61701.646416 0.083562 -0.711410 -0.697791 0.825511 -0.342803 0.448350 -0.558166 -0.613499 0.558632
52.296615 -2373.430240 6703.732419 -163670.753114 0.343859 0.715903 0.607655 0.117841 0.609101 -0.784289 0.931598 -0.341292 -0.125082
5.523617 -501.763121 1126.573971 126186.451052 0.022442 -0.593816 -0.804288 0.952943 -0.230567 0.196821 -0.302318 -0.770857 0.560699
12.939434 -26.576317 313.957563 -361.363531 -0.538492 -0.020721 0.842376 -0.430052 0.866454 -0.253599 -0.724625 -0.498827 -0.475490
9.477356 -26.269421 -649.313097 379.717557 -0.592403 -0.112704 0.797719 -0.431506 0.880552 -0.196038 -0.680339 -0.460354 -0.570274
13.101944 4.778027 -639.429466 5821.645387 -0.585042 -0.149443 0.797115 0.187699 0.931240 0.312349 -0.788984 0.332355 -0.516764
11.720956 -11.555866 -925.151627 4191.856275 -0.579131 -0.115427 0.807021 0.157898 0.955299 0.249945 -0.799797 0.272178 -0.535018
19.226801 17.903841 2554.804394 898.340796 0.464710 0.833957 -0.297592 -0.346165 0.480446 0.805817 -0.814994 0.271455 -0.511954
9.406528 -10.327876 -4.116850 4408.761250 -0.578387 -0.026675 0.815326 0.214591 0.959290 0.183615 -0.787032 0.281162 -0.549116
21.860269 13.466604 3951.258158 -670.973543 0.058134 0.927070 0.370354 -0.611801 -0.260069 0.747037 -0.788872 0.270011 -0.552064
-14.886053 -225.935612 4566.261019 29519.359706 0.927663 0.342002 0.149921 -0.363772 0.918334 0.155989 0.084329 0.199243 -0.976315
-280.719592 -3674.385885 46834.141506 831230.555489 0.474437 0.767185 0.431668 -0.352871 0.614994 -0.705169 0.806469 -0.182235 -0.562493
-107.517241 -399.196977 3858.427928 81437.319556 0.963133 -0.188015 0.192421 0.095543 0.907670 0.408664 0.251489 0.375213 -0.892171
-402.171606 -769.313572 58434.301261 91499.318654 -0.889867 0.455306 0.028861 0.454407 0.890189 -0.032823 -0.040636 -0.016094 -0.999044
259.243995 -1086.451693 -4827.989440 202650.478973 -0.966047 -0.143993 0.214520 -0.169924 0.979553 -0.107712 -0.194624 -0.140507 -0.970762
-128.659800 -294.339896 19404.916457 53455.954768 0.739932 0.664287 0.105938 -0.672593 0.728046 0.132544 -0.010920 0.169327 -0.985499
-5.819332 -134.367770 -3213.270975 19351.045391 0.833901 0.529754 0.154824 -0.550978 0.815398 0.177621 0.032148 0.233423 -0.971844
-47.741588 -105.990420 10481.615519 15963.679122 0.783832 0.593687 0.182053 -0.620104 0.763842 0.178931 0.032831 0.253144 -0.966871
9.326809 -146.053902 -682.790029 25.936227 0.610531 -0.372751 -0.698791 0.445499 0.891131 -0.086119 0.654815 -0.258732 0.710123
8.993814 -148.598589 -1069.454006 -4692.044087 0.577608 -0.402641 -0.710105 0.666461 0.734919 0.125397 0.471379 -0.545688 0.692839
-31.624716 -45.059548 -409.505039 65.595718 0.657998 0.479678 -0.580472 -0.624061 0.778761 -0.063873 0.421410 0.404278 0.811771
-28.031804 -41.440300 -395.427156 -1480.657565 0.892627 0.291304 -0.344033 0.424975 -0.798354 0.426646 0.150376 0.527042 0.836429
-28.896976 -43.081533 -51.755434 -836.490197 0.780263 0.387578 -0.490890 0.554930 -0.791044 0.257492 0.288517 0.473321 0.832301
-23.098722 -33.662378 9.973633 81.646580 0.263803 -0.182555 0.947144 0.267357 0.957293 0.110045 -0.926784 0.224196 0.301344
27.457377 -76.608597 -4409.556157 -6542.310910 -0.156436 0.974628 -0.160086 0.987266 0.149562 -0.054201 -0.028883 -0.166526 -0.985614
2.667659 -26.996964 107.267835 -328.669891 0.903220 -0.081524 -0.421365 0.261517 0.883015 0.389735 -0.340299 0.462210 -0.818876
2.564907 -32.295616 -53.775758 -18.014619 0.781925 0.136700 -0.608199 -0.617322 0.034199 -0.785967 0.086642 -0.990022 -0.111128
2.049754 -35.404464 -0.922598 -256.989803 0.769654 0.122605 -0.626578 -0.633302 0.022096 -0.773589 0.081001 -0.992210 -0.094653
3.256483 -31.117041 -59.637825 -210.622672 0.812635 0.146829 -0.563973 -0.581363 0.136983 -0.802030 0.040507 -0.979631 -0.196679
3.048259 -33.480363 -62.578915 -406.546411 0.806088 0.128653 -0.577642 -0.591721 0.159736 -0.790159 0.009386 -0.978740 -0.204888
