12005
24001
-40.546511 -65.340264 -2330.046445 10204.728103 -0.436351 0.899602 0.017716 0.781940 0.388874 -0.487182 0.445159 0.198730 0.873121
-50.892425 -73.586005 1311.789893 6455.118215 -0.374108 0.919836 -0.118086 0.880056 0.311967 -0.358020 0.292481 0.237860 0.926217
-43.318703 -80.982057 -2799.289902 11074.320220 -0.551149 0.831688 0.067304 0.765245 0.535972 -0.356559 0.332619 0.145013 0.931845
-42.060502 -61.677851 2322.375117 5094.779760 0.017891 0.939671 -0.341611 0.929567 -0.141461 -0.340433 0.368219 0.311460 0.876018
-27.410992 -84.704317 -6835.919244 13082.400533 -0.507225 0.840997 0.188276 0.731885 0.535701 -0.421151 0.455046 0.075822 0.887234
-30.922151 -59.754086 -6237.820507 10176.817798 -0.420664 0.899257 0.119914 0.716133 0.410293 -0.564635 0.556952 0.151647 0.816583
-36.359588 -51.028559 593.685635 5910.724000 -0.048456 0.966406 -0.252411 0.864042 -0.086220 -0.495981 0.501082 0.242127 0.830838
1.967481 -24.252112 -410.668060 -665.684400 0.102066 -0.853336 0.511272 0.973168 0.192195 0.126508 -0.206218 0.484642 0.850057
1.484056 -30.979779 -628.943650 -1405.926746 -0.000334 -0.864186 0.503172 0.990616 0.068484 0.118278 -0.136673 0.498490 0.856054
3.224075 -28.470237 237.861710 -1335.266798 -0.066683 -0.872989 0.483160 0.990408 0.000820 0.138173 -0.121020 0.487739 0.864560
3.058232 -35.687998 -850.193995 -2360.128601 -0.097357 -0.862620 0.496395 0.993858 -0.057896 0.094313 -0.052618 0.502528 0.862958
5.040053 -33.548632 -89.002663 -2263.716006 -0.159489 -0.866403 0.473190 0.986541 -0.122370 0.108456 -0.036062 0.484119 0.874259
-8.069569 -54.563407 -2388.114287 -2398.212616 0.968569 -0.232476 -0.088478 0.214239 0.598915 0.771623 0.126394 0.766326 -0.629896
-10.022026 -49.564550 -2069.674950 -1607.287215 0.965693 -0.246409 -0.081973 0.232674 0.680822 0.694510 0.115325 0.689757 -0.714798
-3.462040 -48.848998 -2414.155921 -735.549027 0.963654 -0.240045 -0.117259 0.249143 0.649062 0.718781 0.096432 0.721871 -0.685276
-12.430950 -58.741993 -1703.258160 -4258.227217 0.969705 -0.242312 -0.030927 0.173379 0.593538 0.785909 0.172079 0.767462 -0.617569
-2.084956 -57.603602 -3376.751114 -3063.736874 0.960595 -0.240080 -0.140070 0.253793 0.552087 0.794222 0.113346 0.798475 -0.591262
-5.703011 -66.891855 -2488.375577 -6879.782579 0.965515 -0.240992 -0.098512 0.210533 0.500122 0.839973 0.153159 0.831746 -0.533612
21.619315 -41.401305 -6440.410100 -44.316026 -0.143980 0.989581 0.000316 0.933130 0.135873 -0.332878 0.329453 0.047632 0.942970
34.004618 -38.516895 -5480.464514 -2694.096469 -0.164411 0.985220 -0.048064 0.975630 0.155245 -0.155064 0.145311 0.072387 0.986734
31.257047 -44.404347 -3336.898401 -128.971869 -0.097217 0.988572 -0.115215 0.955301 0.060212 -0.289437 0.279192 0.138203 0.950238
20.908382 -35.191251 -6616.326819 -1764.233720 -0.245853 0.968206 0.046197 0.950308 0.250150 -0.185308 0.190973 0.001657 0.981594
7.020145 -36.254468 -3840.272411 -1192.895001 -0.277526 0.959119 0.055406 0.922796 0.282171 -0.262347 0.267256 0.021680 0.963382
4.825411 -39.440221 -4983.478211 -753.020043 -0.192891 0.980339 0.041569 0.911473 0.194706 -0.362362 0.363331 0.032007 0.931110
-2.371045 -75.962208 162.312344 -4772.241148 0.174884 0.968532 -0.177090 0.954417 -0.122575 0.272147 -0.241876 0.216612 0.945820
-3.110575 -75.277939 -316.074383 -3970.166193 -0.184718 -0.965824 0.181835 0.965904 -0.144257 0.214988 -0.181409 0.215347 0.959540
-3.338447 -72.152644 740.241185 -1864.737470 0.170645 0.967693 -0.185611 0.937178 -0.101230 0.333841 -0.304266 0.230919 0.924175
-2.715925 -69.452141 -7.834411 27.245477 0.168974 0.970569 -0.171589 0.920157 -0.092953 0.380356 -0.353212 0.222159 0.908783
-2.827640 -65.007632 979.478799 193.853700 0.161253 0.965104 -0.206327 0.876407 -0.043908 0.479565 -0.453771 0.258158 0.852905
-2.333903 -54.039867 -194.509722 2901.609654 0.040746 0.970640 -0.237060 -0.013380 0.237766 0.971230 -0.999080 0.036402 -0.022675
-2.081288 -53.238771 149.342473 1820.076110 0.055363 0.963821 -0.260738 -0.015277 0.261926 0.964967 -0.998349 0.049440 -0.029225
-1.564517 -56.442137 140.132124 2499.765938 0.056923 0.965829 -0.252853 -0.129183 0.258260 0.957399 -0.989986 0.021834 -0.139469
-3.549429 -117.050733 767.282304 -1585.579061 0.192354 0.942077 0.274756 0.087507 0.262403 -0.960982 0.977416 -0.208892 0.031964
-2.129186 -117.502173 1431.806532 3145.388321 0.169225 0.928350 0.330954 0.378243 0.248910 -0.891615 0.910107 -0.276064 0.309020
-3.288091 -118.955259 983.239565 -3640.128623 0.191033 0.937797 0.289902 0.198753 0.252268 -0.947026 0.961251 -0.238532 0.138198
-3.196713 -128.299340 1425.409736 -7522.078736 0.185968 0.946169 0.264914 -0.093996 0.285512 -0.953754 0.978050 -0.152467 -0.142032
-2.504275 -123.542170 247.170347 -5116.702069 0.190918 0.946703 0.259428 -0.178989 0.293434 -0.939074 0.965149 -0.132851 -0.225472
-2.265441 -120.388700 -281.754641 -4039.051509 0.194253 0.947128 0.255370 -0.106311 0.279122 -0.954353 0.975174 -0.158237 -0.154911
-0.699661 -64.286163 -248.930343 -3837.401153 0.077914 0.969289 -0.233256 0.416264 0.180968 0.891053 -0.905899 0.166522 0.389380
-0.286497 -71.439976 443.790249 -3213.114369 0.096578 0.970049 -0.222886 0.556391 0.133061 0.820198 -0.825289 0.203225 0.526875
-0.386754 -70.306271 -898.073240 -2495.244739 0.090494 0.975035 -0.202774 0.589920 0.111563 0.799717 -0.802375 0.191990 0.565097
-0.732053 -66.931406 -1081.553136 -2992.568966 0.080654 0.973788 -0.212677 0.544842 0.135601 0.827502 -0.834651 0.182617 0.519624
4.200577 -37.683484 602.845239 -5132.733615 -0.410764 -0.822789 0.392800 0.911689 -0.375316 0.167218 0.009839 0.426798 0.904293
-0.673738 -24.835912 847.895867 -2869.532643 -0.351157 -0.840953 0.411688 0.934506 -0.287448 0.209936 -0.058207 0.458445 0.886815
2.347235 -29.790415 980.441285 -3558.186456 -0.305735 -0.853461 0.422054 0.951632 -0.259780 0.164044 -0.030364 0.451794 0.891605
48.590494 -44.019274 4970.034969 1178.752131 0.836428 0.074219 0.543028 0.404222 0.585557 -0.702657 0.370124 -0.807226 -0.459775
49.013770 -47.098770 -4702.424700 2942.676733 0.870072 -0.115220 0.479269 0.409574 0.709986 -0.572860 0.274269 -0.694726 -0.664930
49.409136 -45.137100 -11874.426524 2448.208795 0.868281 -0.289265 0.403006 0.489761 0.629041 -0.603690 0.078881 -0.721549 -0.687855
53.226589 -40.542202 -11783.041849 -1998.449582 0.844765 -0.327467 0.423247 0.534124 0.467310 -0.704509 -0.032916 -0.821210 -0.569675
-14.427816 -109.866095 2518.198407 11574.018227 -0.805461 0.203054 -0.556778 0.081605 0.968525 0.235161 0.587003 0.143977 -0.796679
-11.413955 -135.291113 504.182123 -17397.331369 -0.781916 0.213438 -0.585706 0.031869 0.952017 0.304381 0.622569 0.219334 -0.751199
-14.023892 -123.340886 1548.518827 -7071.294566 -0.777776 0.190203 -0.599072 -0.010143 0.949192 0.314534 0.628459 0.250713 -0.736330
-9.913995 -295.975684 315.485136 -78060.522530 -0.724402 0.148061 -0.673290 -0.161981 0.912763 0.375000 0.670078 0.380711 -0.637224
-16.137679 -120.819760 2588.899821 14198.611295 -0.796555 0.177180 -0.578020 0.095624 0.980980 0.168922 0.596956 0.079283 -0.798347
-3.529537 -77.760153 24.499808 -5181.292554 0.852946 -0.102352 0.511867 -0.374975 0.562047 0.737223 0.363149 0.820748 -0.441016
-5.849219 -68.036241 1556.372276 -5624.898908 0.855471 -0.103274 0.507449 -0.323017 0.659494 0.678769 0.404759 0.744581 -0.530819
-4.215490 -85.638507 -43.454556 -6613.518888 0.864667 -0.111965 0.489710 -0.388018 0.470287 0.792636 0.319051 0.875382 -0.363197
-2.075455 -68.100300 1836.878404 -5059.395798 0.836667 -0.122004 0.533951 -0.305736 0.704824 0.640116 0.454438 0.698812 -0.552402
-15.004241 -181.626820 10043.214523 -27932.722212 0.594950 -0.690574 0.411269 -0.417896 0.171314 0.892196 0.686584 0.702680 0.186665
-74.249709 -122.029887 6594.689051 -21456.628715 -0.179824 0.420951 -0.889080 -0.546688 0.708621 0.446082 0.817799 0.566266 0.102702
-27.110861 -110.096861 4174.010131 -12165.957136 -0.400140 0.545751 -0.736237 -0.449988 0.582845 0.676611 0.798373 0.602037 0.012361
82.298711 -867.943482 -26257.231587 380696.589683 -0.392184 0.741211 -0.544791 0.548548 -0.286974 -0.785329 0.738435 0.606838 0.294044
-34.834144 -171.749138 -1755.200877 26836.051714 0.525575 -0.565461 0.635630 0.545430 -0.349427 -0.761845 0.652900 0.747097 0.124770
-39.901338 -113.049224 -3247.000689 -5961.074142 0.371737 -0.489033 0.789087 0.808925 -0.246397 -0.533787 0.455469 0.836741 0.303996
-19.206857 -153.061480 -2106.861033 20300.826654 0.523551 -0.588732 0.615864 0.685272 -0.138537 -0.714989 0.506257 0.796368 0.330911
7.206790 -132.921045 -1186.498610 -7533.945559 0.779016 -0.452915 0.433592 -0.105378 0.587118 0.802613 0.618085 0.670940 -0.409647
8.829541 -113.254652 1578.297815 -4317.915210 -0.776313 0.476945 -0.412143 -0.013863 0.640757 0.767618 0.630196 0.601625 -0.490816
11.331271 -126.425512 -1803.945136 -3845.919778 0.777210 -0.478274 0.408899 -0.174689 0.460284 0.870415 0.604507 0.747926 -0.274188
9.640934 -151.684688 -1578.916685 -7206.670349 0.788810 -0.454412 0.413870 -0.289728 0.318953 0.902401 0.542066 0.831733 -0.119937
1.405863 -44.217793 -66.904994 -299.934646 0.015160 0.904594 -0.426004 -0.161020 0.422701 0.891850 -0.986835 -0.055075 -0.152066
-1.043372 -43.159157 -1345.706621 -477.368129 0.003122 0.902299 -0.431099 -0.152693 0.426476 0.891517 -0.988269 -0.063043 -0.139106
-0.087668 -41.186690 -824.870775 -47.805702 0.012614 0.894181 -0.447528 -0.261825 0.434901 0.861573 -0.965033 -0.106306 -0.239605
-2.281016 -40.606482 -1813.890043 -196.679238 0.014040 0.878610 -0.477333 -0.366461 0.448685 0.815100 -0.930327 -0.163480 -0.328276
1.494057 -41.520572 -730.286809 -149.491239 0.022108 0.882161 -0.470428 -0.379773 0.442682 0.812284 -0.924816 -0.160698 -0.344808
12.181098 -630.566258 1585.628045 190144.005171 0.046265 0.976608 0.209991 -0.880644 -0.059351 0.470046 -0.471514 0.206674 -0.857298
3.671711 -379.391108 4576.709237 -41715.072362 0.073387 0.955034 0.287269 0.995802 -0.054369 -0.073640 -0.054710 0.291467 -0.955015
8.517433 -345.814138 -2049.654585 -53125.745251 0.061833 0.981319 0.182179 0.992471 -0.041118 -0.115372 -0.105726 0.187941 -0.976473
-10.670871 -120.398736 6415.946148 -21594.649252 -0.010761 0.959106 0.282842 -0.312850 0.265428 -0.911961 0.949742 0.098301 -0.297200
3.194046 -608.239913 9881.449897 -209542.463691 -0.024963 0.932478 0.360364 -0.453083 0.310774 -0.835545 0.891119 0.184133 -0.414732
39.732726 -435.738789 7393.808939 -155033.185851 0.057484 0.927590 0.369151 -0.461497 0.352574 -0.814071 0.885277 0.123566 -0.448348
-5.315245 -20.754303 -2425.823990 1745.090733 -0.067458 0.987244 0.144217 0.936026 0.112663 -0.333411 0.345406 -0.112499 0.931686
-4.908668 -24.368344 -2536.974263 3490.564530 -0.031612 0.989184 0.143233 0.952445 0.073265 -0.295772 0.303067 -0.127072 0.944459
2.941314 -19.496660 -2445.837137 1453.450897 -0.185431 0.965436 0.183165 0.928274 0.233248 -0.289660 0.322371 -0.116315 0.939440
26.567389 -96.882211 -7721.971092 215.747342 -0.118413 0.941747 -0.314788 -0.953514 -0.196313 -0.228629 0.277108 -0.273082 -0.921215
36.633368 -93.557326 -5026.693019 -7830.310554 -0.197208 0.948429 -0.248178 0.979563 0.180410 -0.088935 -0.039575 -0.260644 -0.964623
16.607641 -84.781217 -7977.761110 -5173.885069 -0.179362 0.915079 -0.361191 0.983171 0.179687 -0.032990 0.034713 -0.361029 -0.931908
-1.384232 -75.585686 -7676.482838 -4393.222088 -0.203437 0.903080 -0.378233 0.978557 0.174821 -0.108920 -0.032240 -0.392281 -0.919280
2.689449 -82.201522 -8423.460957 -2073.401974 -0.122225 0.916211 -0.381600 0.976806 0.179155 0.117279 0.175818 -0.358415 -0.916857
15.177857 -72.858124 1597.029366 12798.590509 0.790865 0.606462 0.082078 0.216100 -0.402216 0.889676 -0.572567 0.685876 0.449155
17.507205 -53.751643 3975.701218 8595.663425 0.817858 0.574188 0.037632 0.278562 -0.452306 0.847244 -0.503498 0.682443 0.529869
24.026867 -45.157990 1262.278575 6424.141007 0.779087 0.614709 0.123111 0.251558 -0.486405 0.836737 -0.574232 0.620921 0.533587
22.466680 -59.962430 125.897537 11109.092898 0.749061 0.635667 0.186641 0.204281 -0.489611 0.847674 -0.630220 0.596832 0.496603
31.557133 -43.776013 2576.313280 5236.518180 0.744335 0.631891 0.216052 0.214389 -0.532506 0.818825 -0.632458 0.563161 0.531833
28.097448 -32.302020 2019.224784 1933.045973 0.769238 0.622979 0.142018 0.277138 -0.525566 0.804347 -0.575731 0.579377 0.576937
-16.376223 -105.888693 1530.614592 -14697.079155 0.205039 0.815114 -0.541801 0.269405 -0.579180 -0.769396 0.940946 -0.011792 0.338350
-11.584342 -83.541713 2760.618792 -18705.842852 0.143635 0.836543 -0.528739 0.258707 -0.547440 -0.795852 0.955217 0.022477 0.295051
-10.930094 -66.114615 2357.902720 -4744.756127 0.140937 0.877966 -0.457507 0.346877 -0.476617 -0.807782 0.927261 0.044853 0.371719
-15.201183 -150.821857 2871.902240 -31476.333300 0.162120 0.810962 -0.562191 0.116155 -0.581450 -0.805248 0.979911 -0.065245 0.188462
-11.809023 -78.444838 2177.020096 3532.899798 0.151832 0.894971 -0.419493 0.424197 -0.442342 -0.790184 0.892751 0.057973 0.446805
-17.068660 -85.491391 500.122513 -8473.438336 0.241485 0.818547 -0.521215 0.332271 -0.574390 -0.748112 0.911746 -0.007473 0.410686
-17.898934 -129.962528 -832.454004 -23455.246440 0.282295 0.787688 -0.547592 0.145095 -0.599299 -0.787266 0.948292 -0.142789 0.283469
-17.394097 -170.652742 1339.905519 -31426.961696 0.234717 0.802763 -0.548160 0.033685 -0.570292 -0.820751 0.971480 -0.174179 0.160898
-17.994931 -39.160785 -953.868685 353.394720 -0.792992 -0.466049 -0.392379 -0.234210 0.827768 -0.509848 0.562413 -0.312406 -0.765567
-18.042203 -41.241462 -1480.601394 1087.505207 -0.809982 -0.423593 -0.405583 -0.156933 0.822920 -0.546053 0.565067 -0.378644 -0.733027
-22.444144 -41.073915 -97.852819 285.576363 -0.776490 -0.568772 -0.271224 -0.386053 0.769585 -0.508627 0.498023 -0.290237 -0.817151
-22.826091 -38.637379 779.550787 -243.972446 -0.731752 -0.626305 -0.268850 -0.462118 0.745855 -0.479737 0.500985 -0.226808 -0.835208
-21.710297 -40.439202 -902.377881 -145.772379 0.692170 0.699757 0.176748 -0.581378 0.685699 -0.437969 0.427668 -0.200392 -0.881444
-21.583907 -42.271799 -554.716268 75.798523 -0.730220 -0.662312 -0.167695 -0.546926 0.713775 -0.437490 0.409451 -0.227747 -0.883448
-23.119114 -44.661996 -688.556399 741.031284 -0.803643 -0.558311 -0.206029 -0.411316 0.771296 -0.485717 0.430090 -0.305600 -0.849489
-2.101888 -149.156143 -23.326157 -7741.933843 0.625626 0.780121 0.001744 -0.505568 0.407145 -0.760680 0.594133 -0.475019 -0.649125
-1.987810 -151.068778 -78.712501 -310.968573 0.615948 0.787117 -0.032492 -0.675118 0.506150 -0.536683 0.405986 -0.352504 -0.843158
-2.038339 -145.057858 74.520872 -408.121303 0.608419 0.793365 -0.019960 -0.695567 0.520972 -0.494747 0.382116 -0.314897 -0.868808
14.387379 -15.938801 -3663.142307 -435.224463 0.144019 0.738246 0.658978 0.561420 -0.609332 0.559930 -0.814903 -0.289322 0.502221
28.753714 -18.560187 -3560.799258 -1323.199612 0.240446 0.740111 0.628030 0.543295 -0.638784 0.544780 -0.804373 -0.210215 0.555692
20.960678 -19.647255 -3440.658992 -2097.699333 0.253777 0.691241 0.676597 0.555689 -0.676732 0.482953 -0.791712 -0.253415 0.555854
4.945420 -148.400074 606.729494 -3350.318906 -0.185470 -0.914395 0.359837 0.921709 -0.034932 0.386307 -0.340667 0.403314 0.849284
7.039064 -140.888856 -907.407722 -5072.695100 -0.207580 -0.909359 0.360522 0.945386 -0.091811 0.312754 -0.251306 0.405754 0.878754
4.804698 -133.554793 32.359721 -1050.483255 0.198839 0.914528 -0.352280 0.852444 0.015958 0.522575 -0.483531 0.404207 0.776411
0.756102 -130.409448 -751.445799 148.548415 0.176205 0.913794 -0.365968 0.682538 0.154475 0.714338 -0.709290 0.375658 0.596480
5.504507 -139.466436 -1085.427163 -2603.338606 0.176298 0.912076 -0.370185 0.764095 0.110280 0.635607 -0.620546 0.394913 0.677471
5.447276 -32.680015 2853.274078 1142.176677 0.212932 0.901809 0.376032 0.078509 -0.399405 0.913407 -0.973908 0.164972 0.155847
11.354560 -34.300063 2890.390501 1123.983553 0.203465 0.918145 0.340017 0.058243 -0.358017 0.931897 -0.977348 0.169805 0.126320
9.994427 -36.284680 2951.518315 1535.032860 0.214926 0.900506 0.378015 0.003174 -0.387702 0.921779 -0.976625 0.196915 0.086185
-1.324673 -34.918839 3120.415517 1554.462765 0.241581 0.849351 0.469298 0.024476 -0.488802 0.872051 -0.970072 0.199184 0.138874
-8.900237 -54.657523 -642.681748 -1195.273090 0.399307 0.915197 0.054472 0.476937 -0.258098 0.840189 -0.782998 0.309514 0.539552
-6.674781 -55.162966 -190.528886 -1241.674376 0.395815 0.914769 0.080802 0.414898 -0.256629 0.872927 -0.819262 0.311993 0.481113
-8.170265 -54.636584 66.967677 -1427.589319 0.402743 0.910237 0.096261 0.496488 -0.305598 0.812471 -0.768959 0.279424 0.574999
-8.300069 -146.615958 587.798532 5635.570206 0.379012 0.777458 -0.501906 0.923043 -0.356231 0.145228 -0.065886 -0.518324 -0.852643
-7.502468 -157.355577 328.524832 10104.310025 0.349788 0.800099 -0.487330 0.913686 -0.406267 -0.011198 -0.206946 -0.441350 -0.873146
-8.422242 -169.168852 691.514960 -3217.697309 0.415071 0.783718 -0.462063 0.905781 -0.308360 0.290644 0.085301 -0.539166 -0.837869
-8.929847 -492.165813 2937.241896 -139139.419450 0.490612 0.757375 -0.430908 0.811242 -0.216474 0.543163 0.318098 -0.616053 -0.720619
-8.064943 -159.339388 577.810860 -9786.743397 0.418308 0.762088 -0.494207 0.895266 -0.254068 0.365990 0.153354 -0.595543 -0.788550
-18.305712 -262.975031 1219.844487 28734.666938 0.407039 0.757267 -0.510751 0.417224 0.343284 0.841475 -0.812553 0.555611 0.176220
-15.119500 -260.597928 -2570.661989 53805.036226 -0.445531 -0.741809 0.501220 0.627797 0.140263 0.765635 -0.638258 0.655778 0.403214
-16.235120 -272.763804 934.727947 23220.712580 0.435381 0.759648 -0.483093 0.277613 0.397178 0.874746 -0.856373 0.514961 0.037965
-16.205287 -241.073586 7.265682 63710.102242 -0.382168 -0.755356 0.532339 0.764519 0.065155 0.641300 -0.519094 0.652068 0.552584
-16.977406 -272.347125 -783.161089 -17598.653537 0.390088 0.775883 -0.495819 0.000216 0.538401 0.842689 -0.920777 0.328830 -0.209856
-18.957757 -219.640205 -450.400690 28880.172224 0.353382 0.771895 -0.528488 0.639264 0.213196 0.738843 -0.682981 0.598937 0.418105
-20.254844 -241.318889 1183.404024 11488.485962 0.376084 0.781336 -0.498072 0.313481 0.398546 0.861911 -0.871946 0.480287 0.095047
0.859269 -334.750222 -174.652431 -40638.035766 0.141154 0.774036 -0.617206 0.332851 0.550048 0.765936 -0.932355 0.313553 0.179997
-5.325626 -650.235508 2469.341774 -85071.556949 0.207637 0.780255 -0.589991 0.238315 0.544614 0.804115 -0.948732 0.307568 0.072865
-5.195686 -498.235057 -2849.569955 85889.013200 0.195329 0.831620 -0.519860 0.002708 0.529611 0.848237 -0.980734 0.167093 -0.101197
11.404810 -19.240203 12956.771720 -2.301441 0.038224 0.787846 -0.614685 -0.144285 0.613040 0.776765 -0.988798 -0.058999 -0.137107
708.921466 -21.804885 216058.401045 -14639.453451 0.012713 0.928360 -0.371464 -0.118843 0.370264 0.921293 -0.992832 -0.032433 -0.115037
1042.100567 -46.889882 365770.318315 5812.955594 0.017096 0.882648 -0.469723 -0.138819 0.467337 0.873113 -0.990170 -0.050280 -0.130518
-10.332455 -81.076627 -2555.519598 -4359.327051 0.201096 0.867670 -0.454653 -0.725719 0.443707 0.525791 -0.657946 -0.224216 -0.718912
-5.758323 -78.444475 -1803.812679 -2162.604583 0.216867 0.857390 -0.466745 -0.818422 0.420310 0.391822 -0.532122 -0.297021 -0.792859
-2.814926 -88.238662 -1881.341991 -5587.217611 0.180351 0.876077 -0.447172 -0.711451 0.430119 0.555729 -0.679199 -0.217914 -0.700858
-9.535388 -21.783624 1455.305095 2301.427876 -0.055231 0.854298 0.516840 0.943707 -0.124413 0.306493 0.326138 0.504674 -0.799336
-12.988221 -24.607356 995.088776 2447.901840 -0.248667 0.879372 0.406041 0.914931 0.075663 0.396455 0.317909 0.470084 -0.823380
-12.126955 -26.934923 714.055864 2457.224212 -0.227909 0.870685 0.435850 0.932880 0.067036 0.353895 0.278914 0.487251 -0.827522
-10.737789 -27.165467 1397.093922 2214.792223 -0.120963 0.856103 0.502449 0.959548 -0.028794 0.280069 0.254235 0.516002 -0.817989
-13.608818 -31.178510 315.678479 1608.358680 -0.283458 0.864332 0.415429 0.934909 0.152609 0.320398 0.213532 0.479208 -0.851330
-114.821713 -694.517774 -21911.072664 232694.937986 0.973003 0.017869 -0.230098 0.004196 0.995464 0.095048 0.230753 -0.093447 0.968515
-170.498705 -427.543143 -30325.509079 -113621.864512 0.964805 0.198998 -0.171905 0.077472 -0.839797 -0.537344 0.251296 -0.505114 0.825657
-275.845709 -1001.369237 -70755.667213 290029.726049 0.927689 0.003168 -0.373340 0.027776 0.996607 0.077477 0.372319 -0.082244 0.924454
-52.689804 -83.915220 -799.798048 4699.945089 -0.554029 0.832241 -0.020657 0.814713 0.536925 -0.218987 0.171158 0.138154 0.975509
-54.653042 -80.085885 -1471.440384 3643.922016 0.386299 -0.909576 0.153114 0.913545 0.354382 -0.199620 0.127309 0.216990 0.967837
-47.035336 -74.699000 -1242.071863 4674.101955 0.138179 -0.944830 0.296990 0.974184 0.075608 -0.212718 0.178527 0.318716 0.930886
-0.900896 -29.319613 -925.175600 -1075.018923 0.097655 -0.852687 0.513213 0.977743 0.178418 0.110389 -0.185693 0.491010 0.851133
-2.162884 -35.535356 -1995.691610 -2211.449063 0.006410 -0.856781 0.515640 0.992944 0.066513 0.098173 -0.118410 0.511373 0.851162
-6.164010 -43.967870 -1932.450250 -1401.961134 0.968541 -0.233139 -0.087029 0.237035 0.757797 0.607912 0.075778 0.609417 -0.789220
-11.554125 -43.119437 -1676.739484 -1687.554715 0.957545 -0.278715 -0.073661 0.267085 0.761512 0.590563 0.108505 0.585164 -0.803623
-14.958115 -48.585441 -1232.109542 -1954.963976 0.958813 -0.280991 -0.041485 0.230938 0.686179 0.689801 0.165362 0.670971 -0.722809
31.954597 -44.161288 -1705.411212 -2435.115368 0.082681 -0.975190 0.205349 0.986834 0.051375 -0.153359 0.139004 0.215325 0.966599
27.867626 -31.147459 -7658.657665 -3687.481223 -0.292928 0.953272 0.073932 0.952963 0.297375 -0.058559 0.077808 -0.053301 0.995542
46.493279 -37.451757 -1159.441911 -4124.412543 0.150862 -0.970698 0.187044 0.988368 0.151788 -0.009447 -0.019221 0.186293 0.982306
45.445824 -32.423331 6943.631010 -4670.747324 0.213945 -0.976097 0.038251 0.976755 0.213226 -0.022022 0.013340 0.042073 0.999025
-2.082882 -75.462281 -19.489501 -649.143026 -0.172755 -0.969715 0.172652 0.984624 -0.165406 0.056189 -0.025929 0.179705 0.983379
-0.739753 -75.127145 854.570775 -2590.265160 -0.170452 -0.974597 0.145283 0.981950 -0.155737 0.107336 -0.081983 0.160956 0.983551
-0.786747 -76.579960 -288.880832 3630.711092 0.180753 0.972220 -0.148715 0.972115 -0.199570 -0.123140 0.149399 0.122310 0.981183
-1.469122 -76.601484 50.625786 5629.657393 0.189538 0.967006 -0.170219 0.965579 -0.215022 -0.146363 0.178135 0.136618 0.974476
0.654060 -67.373500 352.112076 1389.940551 0.063021 0.965803 -0.251501 -0.367105 0.256768 0.894038 -0.928042 -0.035984 -0.370733
2.509479 -73.173147 712.999765 555.687445 0.085477 0.956527 -0.278838 -0.525942 0.281011 0.802756 -0.846214 -0.078035 -0.527098
-0.069252 -75.575213 368.104641 1987.130971 0.062218 0.970067 -0.234731 -0.452219 0.237060 0.859826 -0.889734 -0.052653 -0.453433
-1.064882 -66.742189 127.004382 3138.575958 0.042858 0.975616 -0.215259 -0.285648 0.218429 0.933110 -0.957376 -0.021497 -0.288044
-1.132310 -125.773221 -893.401761 8197.169996 0.135833 0.904816 0.403556 0.708526 0.195993 -0.677921 0.692488 -0.378014 0.614463
-0.417927 -117.233760 -54.924050 2158.262598 0.181314 0.917597 0.353751 0.487016 0.228726 -0.842911 0.854365 -0.325115 0.405414
-0.791755 -105.979759 -766.376376 4165.070166 0.154970 0.917166 0.367138 0.564599 0.222735 -0.794743 0.810686 -0.330447 0.483314
-1.871987 -112.918928 -889.890908 8118.842301 0.115391 0.908715 0.401151 0.729259 0.196702 -0.655354 0.674437 -0.368165 0.639991
-2.283023 -100.814160 -664.980599 4069.863625 0.145480 0.922810 0.356732 0.546824 0.225491 -0.806311 0.824511 -0.312372 0.471810
-0.438733 -72.468333 863.095682 -3555.879782 0.095752 0.967093 -0.235719 0.535964 0.149459 0.830906 -0.838793 0.205898 0.504016
-0.017822 -77.589689 549.365971 -1457.000103 0.114691 0.969414 -0.216985 0.704718 0.074552 0.705560 -0.700156 0.233834 0.674613
-1.278250 -64.638447 747.206204 -4064.241251 0.087544 0.966013 -0.243217 0.375335 0.194174 0.906322 -0.922746 0.170631 0.345579
1.642443 -24.758991 1063.704993 -1391.569587 -0.230071 -0.869319 0.437437 0.971092 -0.175691 0.161597 -0.063625 0.461970 0.884610
-1.565904 -104.305288 160.967563 2243.242848 -0.800630 0.368096 -0.472755 0.219287 0.914306 0.340525 0.557588 0.168966 -0.812740
0.115910 -105.841851 381.408685 -3025.437272 -0.787085 0.408947 -0.461800 0.199459 0.877160 0.436813 0.583706 0.251699 -0.771968
0.121888 -107.521346 -19.115750 -3159.972990 -0.787032 0.410987 -0.460077 0.113676 0.829618 0.546637 0.606349 0.377921 -0.699655
2.461861 -116.714170 1286.624958 -6008.937876 -0.793216 0.430723 -0.430449 0.061293 0.759766 0.647301 0.605848 0.487066 -0.629059
-0.550409 -105.365081 33.512519 -2343.557513 -0.795383 0.388341 -0.465358 0.127495 0.857800 0.497920 0.592546 0.336706 -0.731791
49.129856 -43.049872 -11849.782915 372.953386 0.905112 -0.193736 0.378468 0.379101 0.770748 -0.512084 0.192494 -0.606971 -0.771059
49.983977 -43.057735 7872.779091 23.403581 0.785691 0.029622 0.617909 0.402999 0.733314 -0.547579 0.469342 -0.679245 -0.564220
52.181796 -45.496388 15226.607395 2216.917125 0.744971 0.194490 0.638116 0.369001 0.676753 -0.637058 0.555749 -0.710055 -0.432394
42.038068 -40.267725 7274.969504 -1329.234263 0.787207 0.038228 0.615503 0.351835 0.791861 -0.499167 0.506475 -0.609503 -0.609909
46.788981 -44.581599 21837.414646 371.032373 0.689703 0.197364 0.696676 0.360366 0.740960 -0.566669 0.628050 -0.641892 -0.439919
-18.156544 -119.291192 597.545089 11389.253162 -0.762901 0.161441 -0.626034 0.196839 0.980351 0.012938 0.615821 -0.113357 -0.779689
-15.350274 -122.509300 -1485.308137 7753.326158 -0.733796 0.162075 -0.659754 0.144932 0.986116 0.081052 0.663731 -0.036144 -0.747098
-1.302087 -35.195685 -1140.395429 -918.976177 -0.670886 -0.385016 -0.633778 -0.427494 0.899149 -0.093703 0.605937 0.208073 -0.767819
0.616144 -40.546261 -1300.238053 -709.701933 -0.754585 -0.188251 -0.628620 -0.317998 0.942870 0.099361 0.574003 0.274876 -0.771339
6.979099 -39.868377 -226.750222 -698.557738 -0.736633 -0.277724 -0.616637 -0.315235 0.947683 -0.050243 0.598330 0.157375 -0.785643
-3.454489 -36.967466 -1033.582433 -1137.805041 -0.720540 -0.268600 -0.639278 -0.388234 0.920150 0.050974 0.574540 0.284918 -0.767285
9.815781 -34.521533 249.967314 -58.442144 -0.650729 -0.450847 -0.610974 -0.410106 0.885870 -0.216906 0.639035 0.109418 -0.761356
1.476365 -32.693276 -1434.534791 -784.676455 -0.567298 -0.548967 -0.613848 -0.506464 0.820343 -0.265579 0.649359 0.160229 -0.743410
-102.110211 -248.071668 5795.913649 80908.346528 0.157936 -0.354296 -0.921700 -0.459816 0.799650 -0.386172 0.873857 0.484802 -0.036617
-65.294006 -144.888110 1918.523746 23795.667765 -0.005530 0.039912 -0.999188 -0.468560 0.882621 0.037848 0.883415 0.468389 0.013820
-66.188144 -166.590388 -566.417202 19804.053767 -0.178652 0.564010 -0.806211 -0.585058 0.597900 0.547926 0.791069 0.569569 0.223163
6.570415 -101.846829 1264.198654 -5187.865442 -0.774672 0.475286 -0.417116 0.149619 0.778648 0.609362 0.614408 0.409647 -0.674309
7.452714 -113.896592 -581.974916 -5320.178621 -0.742062 0.525743 -0.415859 0.057629 0.668116 0.741822 0.667850 0.526512 -0.526081
-0.745305 -44.438660 8.391645 -1426.053639 0.015214 0.909952 -0.414434 -0.076897 0.414320 0.906877 -0.996923 -0.018072 -0.076276
7.907698 -384.077755 524.863611 -73903.815394 0.038718 0.972950 0.227748 -0.941015 0.112172 -0.319229 0.336141 0.201954 -0.919904
2.932841 -472.432796 -662.220955 -102975.920490 0.033009 0.978877 0.201767 -0.865026 0.129104 -0.484832 0.500640 0.158530 -0.851016
-9.620381 -27.714642 -1901.936699 4071.942704 0.112828 0.990512 0.078457 0.946158 -0.082993 -0.312886 0.303406 -0.109535 0.946545
-8.960111 -32.705454 -2087.774924 3991.108914 0.111664 0.988942 0.097591 0.964437 -0.084172 -0.250552 0.239567 -0.122098 0.963172
51.888573 -102.739224 -1223.786074 8783.795524 -0.210050 0.976552 -0.047163 -0.973267 -0.204272 0.104999 -0.092903 -0.067958 -0.993353
47.451529 -91.004514 -2348.862988 8918.619844 -0.235630 0.963683 -0.125669 -0.925753 -0.183221 0.330775 -0.295737 -0.194279 -0.935305
45.386712 -111.108216 -3754.048152 1857.816067 -0.168629 0.972450 -0.160949 -0.956097 -0.201077 -0.213182 0.239672 -0.117934 -0.963664
12.860177 -73.886816 2165.518483 11740.125161 0.801180 0.597078 -0.040106 0.288583 -0.326779 0.899964 -0.524243 0.732607 0.434115
17.230639 -51.863011 2727.899737 7522.803977 0.819710 0.571996 -0.029930 0.329542 -0.428228 0.841441 -0.468484 0.699601 0.539520
1.944257 -72.119489 5090.486934 -11586.949799 0.109208 0.870798 -0.479358 0.281488 -0.489595 -0.825264 0.953330 0.044808 0.298587
-3.123189 -148.614969 4568.471503 -34187.236069 0.131972 0.821609 -0.554565 0.104390 -0.567867 -0.816474 0.985741 -0.049861 0.160710
-1.456264 -38.582826 -5472.029238 853.218051 -0.782852 -0.265026 -0.562942 0.020419 0.893320 -0.448958 0.621872 -0.362962 -0.693926
-9.503841 -41.292642 -4240.953246 1476.870037 -0.802053 -0.295787 -0.518865 0.029173 0.848314 -0.528690 0.596540 -0.439174 -0.671764
-8.343641 -48.321145 134.624486 971.102717 -0.394776 -0.886839 -0.240145 0.863221 -0.268501 -0.427500 0.314644 -0.376065 0.871536
-9.884100 -50.685779 455.624303 256.020743 -0.428351 -0.875334 -0.224288 0.887131 -0.360187 -0.288555 0.171796 -0.322576 0.930823
-8.311739 -48.605027 364.946072 339.100444 -0.410257 -0.874663 -0.258175 0.890263 -0.322710 -0.321389 0.197791 -0.361695 0.911074
10.410228 -70.236847 -3318.471873 -7251.177784 0.500509 0.811874 0.300585 -0.290083 0.484406 -0.825350 0.815686 -0.325901 -0.477960
17.094376 -80.375725 -2304.775854 -8941.619249 0.458202 0.830997 0.315428 -0.288980 0.474868 -0.831259 0.840560 -0.289732 -0.457726
14.988116 -87.563985 -4371.546294 -10435.892450 0.485827 0.833009 0.264704 -0.419914 0.488049 -0.765167 0.766580 -0.260586 -0.586899
14.292669 -65.093090 -4461.906973 -3835.781371 0.540106 0.769469 0.340885 -0.140795 0.481951 -0.864812 0.829736 -0.419095 -0.368642
-1.538568 -146.091645 330.829892 9160.816575 0.603101 0.796810 -0.036925 -0.761805 0.561647 -0.322808 0.236478 -0.222816 -0.945744
-2.489833 -151.257404 416.290349 -3407.443403 0.612387 0.790247 -0.022188 -0.616562 0.459851 -0.639053 0.494807 -0.405028 -0.768843
-1.547636 -154.457643 260.348610 1448.416958 0.614794 0.788126 -0.029767 -0.656148 0.490171 -0.573761 0.437605 -0.372277 -0.818482
-2.825984 -162.760060 60.665844 -3239.777922 0.631962 0.774965 -0.007314 -0.464117 0.370883 -0.804388 0.620660 -0.511737 -0.594059
29.891873 -16.633367 -3691.663629 -320.245370 0.173783 0.788900 0.589437 0.547578 -0.574894 0.607993 -0.818509 -0.217104 0.531892
15.833798 -15.287639 -5504.493116 699.754654 0.102436 0.748460 0.655221 0.552940 -0.590391 0.587959 -0.826900 -0.302070 0.474331
23.689433 -15.418181 -5629.009007 526.079723 0.118490 0.787935 0.604250 0.537991 -0.562420 0.627893 -0.834581 -0.250683 0.490543
39.193815 -20.521884 -4289.033025 388.287535 0.234700 0.811583 0.535022 0.532136 -0.567870 0.627977 -0.813479 -0.137318 0.565152
18.026106 -150.567754 -2166.049056 -3514.511668 -0.285575 -0.894776 0.343253 0.958321 -0.269716 0.094205 0.008289 0.355849 0.934507
8.616770 -158.215936 -384.845989 -7485.512912 -0.198713 -0.912561 0.357416 0.977620 -0.158863 0.137918 -0.069078 0.376823 0.923706
44.531937 -117.624340 -9658.266960 2130.756520 -0.468312 -0.821948 0.324168 0.864338 -0.502294 -0.024926 0.183316 0.268517 0.945671
16.209046 -105.326873 -2121.743500 5830.792583 -0.419910 -0.864650 0.275784 0.905947 -0.381199 0.184247 -0.054181 0.327213 0.943396
55.445505 -137.251186 13313.058845 3391.922545 0.405388 0.834119 -0.374040 0.847300 -0.496439 -0.188762 0.343138 0.240402 0.907999
20.916717 -151.486437 -4668.136411 -1869.363346 -0.227467 -0.890909 0.393117 0.942572 -0.302829 -0.140897 0.244573 0.338492 0.908629
-8.253993 -25.574186 1362.548020 874.278519 0.252372 0.760228 0.598633 0.188854 -0.645460 0.740078 -0.949022 0.073721 0.306468
-5.812303 -22.941547 994.699287 1377.840028 0.229786 0.842724 0.486842 0.234635 -0.533441 0.812642 -0.944534 0.072503 0.320310
-3.514336 -26.283100 1503.656274 1568.819802 0.226978 0.858698 0.459477 0.187871 -0.501536 0.844492 -0.955607 0.105359 0.275162
-6.794568 -28.663941 1995.470384 1430.942418 0.247322 0.794462 0.554674 0.150599 -0.597020 0.787964 -0.957158 0.111347 0.267301
-8.985330 -52.763760 -22.337369 2638.256125 0.406284 0.904315 0.130947 0.683335 -0.395838 0.613487 -0.606619 0.159769 0.778773
-9.118894 -51.136901 53.255613 2841.593882 0.422869 0.900580 0.100686 0.689224 -0.391769 0.609497 -0.588347 0.188342 0.786368
-8.492703 -53.114730 207.111458 2156.671976 0.404339 0.909314 0.098277 0.636003 -0.356762 0.684266 -0.657274 0.214171 0.722579
-7.861007 -148.946639 624.325829 8687.425238 0.334610 0.802691 -0.493684 0.877862 -0.455988 -0.146402 -0.342629 -0.384398 -0.857230
-9.748031 -189.865044 -5061.518420 38972.533146 -0.444815 -0.716059 0.537959 0.811225 -0.067578 0.580816 -0.379544 0.694761 0.610945
-6.541230 -213.137128 -5926.176152 43709.763099 -0.498032 -0.705489 0.504232 0.762269 -0.078957 0.642426 -0.413412 0.704309 0.577096
-9.511055 -129.724070 2932.435232 1933.697292 0.220561 0.871326 -0.438342 0.037866 0.441421 0.896501 -0.974638 0.214331 -0.064367
-27.014061 -150.629481 1128.792014 -15759.273304 0.251851 0.921971 -0.294177 0.137857 0.266697 0.953870 -0.957897 0.280787 0.059933
-16.762917 -152.359527 4030.520754 -6846.923139 0.191762 0.777489 -0.598948 0.288144 0.538779 0.791638 -0.938190 0.324389 0.120711
-77.162799 -165.085698 -13291.630845 -24276.789227 0.420009 0.907515 -0.002926 0.249861 -0.112538 0.961720 -0.872446 0.404662 0.274020
-14.414479 -281.393925 5877.773496 -72178.743090 0.052968 0.642699 -0.764285 0.550895 0.619551 0.559170 -0.832892 0.450659 0.321243
-10.981484 -18.989213 2092.253225 1726.618129 0.046818 0.844982 0.532742 0.926148 -0.236533 0.293774 0.374244 0.479644 -0.793651
15.674629 -205.700443 -2241.724838 -31529.082184 0.655326 0.755118 0.018561 -0.502017 0.417051 0.757660 -0.564382 0.505832 -0.652386
12.619321 -222.062088 -259.880750 -32139.082876 0.609967 0.792181 0.019743 -0.519706 0.381110 0.764632 -0.598202 0.476661 -0.644165
9.946788 -146.927528 424.024614 -3599.371907 0.606230 0.790282 0.089110 -0.685200 0.462143 0.562961 -0.403716 0.402342 -0.821665
-14.622146 -2980.700344 -1015.139470 -1018539.044075 0.681197 0.723436 -0.112301 -0.200291 0.331703 0.921877 -0.704170 0.605486 -0.370852
13.184139 -132.841836 -2932.307131 -6393.153322 0.631617 0.773000 0.059432 -0.655753 0.491772 0.572842 -0.413580 0.400789 -0.817508
20.426061 -261.139255 -3385.214519 -54262.835198 0.670986 0.740175 0.043814 -0.390757 0.302775 0.869274 -0.630149 0.600391 -0.492386
23.730116 -170.788304 -3962.708236 -21684.416002 0.681115 0.729590 0.061482 -0.507343 0.409750 0.758095 -0.527906 0.547542 -0.649240
-75.434671 -323.459254 -17921.152236 -77841.046933 0.990014 -0.087078 -0.110862 -0.124320 -0.910066 -0.395379 0.066463 -0.405213 0.911803
-84.154982 -269.866927 -16374.185087 2407.090925 0.966448 -0.131478 -0.220661 -0.254839 -0.598387 -0.759599 0.032170 -0.790346 0.611816
-142.323480 -405.046971 -19370.209607 27608.492518 0.958271 0.002091 -0.285855 -0.264770 -0.370494 -0.890298 0.107769 -0.928832 0.354480
-239.912150 -455.664656 -28776.272638 -89234.370475 0.829070 0.512864 0.222743 0.416282 -0.300193 -0.858250 0.373299 -0.804273 0.462377
-3.614784 -41.474168 -316.651797 950.574600 0.336826 0.941367 0.019414 -0.045041 -0.004486 0.998975 -0.940489 0.337355 -0.040889
-5.288364 -50.031908 -147.122982 -4507.982003 0.340751 0.937555 0.069850 -0.022740 -0.066055 0.997557 -0.939878 0.341507 0.001188
-4.267488 -40.663230 -46.674586 365.406466 0.352921 0.935652 -0.001642 -0.024114 0.010850 0.999650 -0.935342 0.352758 -0.026391
-33.576198 -79.506012 -7565.874106 1366.499842 -0.505096 0.854762 0.119421 0.840062 0.518637 -0.159096 0.197925 -0.019962 0.980014
-0.944917 -23.774731 -1134.639358 -970.406732 0.225429 -0.817769 0.529561 0.939290 0.326749 0.104731 -0.258679 0.473803 0.841781
-6.199991 -30.787256 -1869.156110 -1112.038749 0.221393 -0.817092 0.532302 0.948531 0.307178 0.077014 -0.226440 0.487855 0.843044
-1.352568 -43.263823 -1820.171877 -1013.504182 0.972053 -0.216898 -0.089828 0.223944 0.741874 0.632038 0.070447 0.634491 -0.769713
4.715733 -44.456989 -2377.636585 -1201.638014 0.953204 -0.265294 -0.144989 0.288560 0.655263 0.698115 0.090199 0.707284 -0.701152
5.853708 -54.287627 -3185.276894 -2401.760612 0.939340 -0.287700 -0.186734 0.320122 0.539937 0.778454 0.123137 0.791010 -0.599283
22.523126 -50.476002 4488.954208 -846.701538 -0.038562 0.964460 -0.261401 0.946973 -0.048237 -0.317672 0.318991 0.259789 0.911457
-20.698313 -102.320678 2394.185888 3471.428883 0.144553 0.977746 -0.152042 0.964993 -0.105316 0.240202 -0.218844 0.181441 0.958742
-26.327279 -105.437563 -1804.427946 10371.531281 -0.156130 -0.983887 0.087122 0.987737 -0.155505 0.013954 -0.000181 0.088232 0.996100
-17.747819 -93.776505 -2701.150020 6812.906517 -0.215925 -0.963611 0.157575 0.975974 -0.217823 0.005333 0.029185 0.154941 0.987493
-29.877647 -115.267177 2153.902394 3344.989722 0.088693 0.989352 -0.115393 0.944577 -0.046780 0.324940 -0.316082 0.137817 0.938668
-12.824503 -95.461857 -5332.562087 5657.810344 -0.182277 -0.956187 0.229086 0.971974 -0.140049 0.188821 -0.148465 0.257084 0.954917
-12.698315 -99.889968 4919.624026 -584.128515 0.143447 0.961036 -0.236291 0.908361 -0.033087 0.416875 -0.392814 0.274437 0.877714
-21.658687 -107.058911 2800.056951 -2241.484743 0.097495 0.978985 -0.179120 0.886042 -0.003418 0.463592 -0.453237 0.203905 0.867755
-3.758836 -133.998887 1971.878561 8881.965826 0.117190 0.922433 0.367946 0.633104 0.216061 -0.743302 0.765144 -0.320056 0.558675
-0.763503 -79.852118 377.818382 -2469.962265 0.097695 0.970472 -0.220545 0.669656 0.099832 0.735931 -0.736218 0.219586 0.640129
1.915152 -83.728209 -207.473435 493.330392 0.115131 0.971793 -0.205823 0.814710 0.026168 0.579278 -0.568324 0.234378 0.788717
27.684473 -20.670958 -3341.056079 242.360106 0.864963 -0.405374 0.295823 -0.501563 -0.678900 0.536217 0.016534 0.612182 0.790544
38.950625 -23.515585 -7868.877428 1035.553704 0.780465 -0.522958 0.342621 -0.625131 -0.644658 0.440031 0.009244 0.557612 0.830050
18.259605 -18.478866 -3588.211258 -592.832158 0.811604 -0.470010 0.346971 -0.583820 -0.674159 0.452398 -0.021282 0.569736 0.821552
25.391952 -21.165425 -1966.451500 993.991154 0.938929 -0.238384 0.248164 -0.342378 -0.719453 0.604288 -0.034490 0.652350 0.757133
33.753983 -26.240510 -1799.209453 1707.213024 0.909103 -0.350667 0.224865 -0.412235 -0.679626 0.606771 0.059951 0.644315 0.762407
-1.302358 -105.719286 927.919712 1789.753005 -0.809355 0.365617 -0.459640 0.290937 0.929421 0.227005 0.510196 0.050001 -0.858603
-0.360061 -100.971553 1088.371188 1192.479820 -0.798570 0.396262 -0.453059 0.276806 0.910172 0.308165 0.534476 0.120682 -0.836523
1.753427 -103.147617 461.302438 -3659.218079 -0.780285 0.432450 -0.451820 0.191831 0.853087 0.485225 0.595278 0.291941 -0.748609
-1.504060 -101.036594 -42.166784 9354.646318 -0.089111 0.943195 0.320067 0.544274 -0.223012 0.808722 -0.834161 -0.246270 0.493484
0.244801 -128.228655 -532.386433 13679.413286 -0.115456 0.939640 0.322097 0.438143 -0.242841 0.865482 -0.891460 -0.241049 0.383659
0.248484 -107.074959 -497.585522 1368.362111 -0.072334 0.935640 0.345465 0.607493 -0.233378 0.759268 -0.791025 -0.264789 0.551513
-11.037593 -132.453686 1074.700353 -626.317150 -0.800263 0.208825 -0.562114 0.117752 0.973878 0.194156 0.587975 0.089186 -0.803948
-7.134284 -212.880460 2090.816069 -53855.589146 -0.782583 0.179793 -0.596019 -0.099986 0.908661 0.405387 0.614465 0.376842 -0.693126
7.631364 -45.613074 -1258.358996 -310.472545 -0.780234 -0.128936 -0.612054 -0.242494 0.964347 0.105976 0.576568 0.231106 -0.783683
0.004361 -43.561114 -1998.967462 -912.129178 -0.790136 -0.052998 -0.610636 -0.263961 0.928559 0.260964 0.553181 0.367381 -0.747678
