11451
22888
-36.543739 -64.962564 -2748.883550 10253.267820 -0.187833 0.980045 -0.065042 0.947019 0.163143 -0.276658 0.260526 0.113562 0.958765
-49.525724 -74.212498 1195.292141 8471.254414 0.293232 -0.950122 0.106222 0.949750 0.276774 -0.146186 0.109495 0.143751 0.983538
-38.313818 -80.971783 -2986.691896 11707.915847 -0.371256 0.928162 -0.026152 0.918929 0.363232 -0.153727 0.133185 0.081104 0.987767
-46.997717 -66.985347 -1064.018281 5868.722619 -0.205209 -0.942269 0.264609 0.965245 -0.239554 -0.104481 0.161837 0.233972 0.958679
-17.634642 -82.734450 -7382.509732 12293.036785 -0.290304 0.951742 0.099556 0.923629 0.305888 -0.230957 0.250265 -0.024905 0.967857
-25.944227 -57.836692 -4780.632225 8707.501075 -0.188312 0.981039 0.045833 0.907687 0.191673 -0.373318 0.375025 0.028698 0.926571
-35.107003 -49.770102 498.143250 3754.057352 0.329919 0.910200 -0.250377 0.889023 -0.388772 -0.241856 0.317477 0.142798 0.937452
-34.681832 -57.426932 3438.677217 -2718.570303 0.803178 0.432237 -0.409972 -0.383493 0.901755 0.199424 0.455893 -0.002951 0.890030
-35.833888 -52.902555 3890.747196 -247.654118 0.863694 -0.036436 -0.502697 0.118932 0.983951 0.133022 0.489783 -0.174677 0.854167
-29.006516 -45.157129 1886.816699 -2861.309607 0.806549 0.336740 -0.485885 -0.251813 0.939312 0.232985 0.534853 -0.065562 0.842397
-40.414635 -61.764616 2412.878099 -890.302327 0.908197 0.178371 -0.378632 -0.123742 0.978632 0.164217 0.399833 -0.102289 0.910863
62.141220 -82.893451 -2596.609886 14781.145452 0.937117 0.206851 0.281113 0.318914 -0.834729 -0.448911 -0.141795 -0.510333 0.848207
81.667570 -57.436786 -11409.184443 10909.579969 0.910273 0.150111 0.385835 0.358639 -0.751501 -0.553737 -0.206833 -0.642428 0.737907
62.045193 -75.436621 -10877.850446 15007.639161 0.904270 0.035275 0.425502 0.292041 -0.778090 -0.556137 -0.311461 -0.627162 0.713905
48.111129 -93.927393 -8801.369034 15711.066461 0.911876 0.001515 0.410464 0.209380 -0.861825 -0.461972 -0.353048 -0.507203 0.786195
43.950210 -74.992733 -10680.356822 11134.308337 0.862490 -0.105384 0.494980 0.235391 -0.782295 -0.576719 -0.447998 -0.613928 0.649915
18.993499 -45.347510 2780.925656 -346.983358 0.020177 0.994416 -0.103581 -0.849231 -0.037629 -0.526678 0.527635 -0.098591 -0.843730
24.030279 -47.767521 4710.748630 -1044.199774 -0.014495 0.995242 -0.096350 -0.932491 -0.048235 -0.357958 0.360903 -0.084657 -0.928753
38.432581 -45.243058 7127.116389 -373.824484 0.027480 0.991555 -0.126742 -0.882545 -0.035475 -0.468888 0.469425 -0.124740 -0.874117
54.406936 -43.676868 7037.837600 -928.762692 0.042688 0.966596 -0.252725 -0.929985 -0.053998 -0.363611 0.365111 -0.250552 -0.896614
46.369095 -42.682903 7091.429943 235.156805 0.023925 0.977437 -0.209869 -0.853025 -0.089512 -0.514137 0.521322 -0.191324 -0.831636
29.019567 -45.369215 4728.085721 199.584107 0.036362 0.990733 -0.130867 -0.780160 -0.053695 -0.623271 0.624522 -0.124760 -0.770978
31.125528 -42.505630 -7683.696503 -5844.957570 -0.437502 0.893584 -0.100497 -0.812558 -0.440732 -0.381450 0.385150 0.085225 -0.918910
22.066987 -63.086675 -8147.808567 -15728.136775 -0.361245 0.927496 -0.096196 -0.861423 -0.371436 -0.346390 0.357007 0.042266 -0.933145
15.285896 -47.163777 -4611.955272 -10070.149293 -0.311743 0.946096 -0.087860 -0.844671 -0.318290 -0.430375 0.435141 0.059953 -0.898364
38.494321 -57.299486 -8879.083964 -13475.752936 -0.465745 0.883040 -0.057634 -0.832915 -0.459442 -0.308489 0.298887 0.095673 -0.949480
22.936389 -37.761543 -4071.758326 308.686647 -0.377688 0.921793 -0.087463 -0.808813 -0.374423 -0.453463 0.450748 0.100526 -0.886973
33.624256 -41.254505 -3655.556687 5125.271989 -0.438350 0.897683 -0.044874 -0.817926 -0.419106 -0.394141 0.372621 0.136068 -0.917954
40.155010 -44.437970 -4433.397829 -2776.695068 -0.490120 0.871537 -0.014326 -0.820298 -0.466739 -0.330554 0.294776 0.150259 -0.943678
-14.956776 -82.570880 -111.774932 96.599262 -0.192541 0.960110 0.202774 0.980909 0.194065 0.012534 -0.027317 0.201316 -0.979145
-14.625645 -81.833418 197.132898 -152.138139 -0.210163 0.941797 0.262392 0.976450 0.215584 0.008300 -0.048750 0.257957 -0.964926
-15.310630 -82.034716 -165.418305 472.544154 -0.187565 0.960480 0.205662 0.971119 0.149894 0.185633 0.147470 0.234541 -0.960856
-13.738970 -82.533820 -448.730886 922.554875 -0.177009 0.973180 0.146930 0.969642 0.146845 0.195526 0.168706 0.177079 -0.969629
-13.685220 -82.952223 -539.715956 -185.432206 -0.162955 0.975170 0.149966 -0.926135 -0.098779 -0.364029 0.340176 0.198209 -0.919235
-15.267048 -82.607915 -222.924807 54.283093 -0.175958 0.961456 0.211285 -0.929828 -0.091862 -0.356343 0.323199 0.259160 -0.910153
747.584927 -45.858610 -12862.810104 16186.789559 0.655828 -0.456086 0.601561 0.614303 -0.140733 -0.776419 -0.438773 -0.878738 -0.187878
1055.320953 -28.785724 231625.083439 3336.674890 0.744988 -0.110556 0.657853 0.644398 -0.135692 -0.752555 -0.172465 -0.984563 0.029846
987.055618 -42.920357 472761.752535 9573.271380 -0.570775 0.573490 -0.587645 0.628044 -0.156106 -0.762360 -0.528940 -0.804202 -0.271075
1446.672729 -21.446002 -154763.883177 15507.519920 0.693106 -0.255611 0.673993 0.691855 -0.026562 -0.721548 -0.202338 -0.966415 -0.158435
4.402654 -136.482384 1406.659682 -8711.470547 0.759543 -0.140676 0.635063 -0.332213 0.755491 0.564684 0.559221 0.639878 -0.527093
2.161552 -116.461606 -1297.315105 -8677.298243 -0.741438 0.080264 -0.666204 -0.186841 0.928863 0.319849 0.644485 0.361622 -0.673698
0.336118 -110.372411 -1125.923900 -7514.609458 -0.747432 0.143433 -0.648670 -0.201986 0.881126 0.427573 0.632888 0.450604 -0.629610
-1.939131 -100.441216 -681.800827 -4257.128706 -0.750985 0.101798 -0.652425 -0.092185 0.962206 0.256245 0.653852 0.252580 -0.713218
-1.240085 -95.570368 -11.007671 -5609.173563 -0.753517 0.152013 -0.639613 -0.056735 0.954235 0.293626 0.654976 0.257540 -0.710408
-1.036420 -96.367477 -445.558004 -7035.305278 -0.754512 0.153153 -0.638167 -0.129261 0.918663 0.373295 0.643431 0.364146 -0.673345
-3.628818 -92.708202 -782.315220 2726.346232 -0.118540 0.991696 0.049877 -0.917880 -0.090280 -0.386452 0.378740 0.091591 -0.920960
-7.384076 -87.073978 -1048.505949 903.142317 -0.136900 0.989064 0.054865 -0.922635 -0.107153 -0.370491 0.360560 0.101341 -0.927214
-7.274598 -91.659902 -833.884823 3033.094930 -0.115100 0.990318 0.077602 -0.848883 -0.057487 -0.525445 0.515897 0.126354 -0.847281
42.647740 -47.260452 1392.643000 -1585.511450 0.680618 0.033690 0.731864 0.499211 0.709823 -0.496930 0.536235 -0.703574 -0.466300
62.173125 -42.051519 949.977469 -4010.082627 0.690683 0.009184 0.723099 0.579250 0.591589 -0.560796 0.432928 -0.806187 -0.403281
96.686149 -42.028306 -24919.741307 -3125.436100 -0.470562 -0.353874 -0.808297 0.520870 0.628015 -0.578179 0.712225 -0.693087 -0.111198
68.162867 -44.650574 -19448.009649 -101.727161 -0.468653 -0.341213 -0.814824 0.406938 0.735304 -0.541968 0.784070 -0.585577 -0.205750
59.150867 -47.520679 -16539.510798 918.266065 -0.489639 -0.247615 -0.836027 0.377239 0.804283 -0.459152 0.786094 -0.540200 -0.300398
39.752629 -48.250121 -2946.882651 -1038.090598 0.730602 0.001244 0.682803 0.423277 0.783846 -0.454336 0.535778 -0.620953 -0.572153
18.396822 -143.482369 -2271.796473 8003.934363 -0.785124 0.035442 -0.618323 0.310821 0.886079 -0.343880 0.535696 -0.462177 -0.706698
17.377333 -142.917509 -4606.353828 9452.731774 -0.762880 0.030544 -0.645818 0.352343 0.857162 -0.375670 0.542096 -0.514141 -0.664674
17.074464 -135.131147 -2997.097546 14334.664778 -0.764687 0.029314 -0.643735 0.191835 0.964028 -0.183980 0.615185 -0.264178 -0.742804
10.621226 -138.058788 -2766.427934 11726.951708 -0.744414 0.026136 -0.667207 0.236843 0.944597 -0.227248 0.624302 -0.327190 -0.709361
11.467524 -117.295889 -3190.620699 6832.140954 -0.737002 0.014263 -0.675740 0.046000 0.998518 -0.029095 0.674324 -0.052527 -0.736565
-9.292568 -123.402497 -170.045412 -25.640370 0.865621 -0.204271 0.457136 -0.466652 0.001788 0.884439 0.181483 0.978913 0.093776
-8.782663 -120.655748 -619.393135 1314.919698 0.860574 -0.216117 0.461200 -0.483219 -0.060260 0.873423 0.160970 0.974506 0.156290
-7.181181 -117.933679 -1830.770262 -3269.952086 0.861187 -0.188988 0.471849 -0.433862 0.210310 0.876090 0.264805 0.959194 -0.099121
-8.644230 -118.847761 -474.088805 -852.281210 0.838086 -0.251161 0.484282 -0.458395 0.157086 0.874756 0.295779 0.955114 -0.016520
-10.384577 -110.110635 -271.197807 -4530.715602 0.831765 -0.252565 0.494346 -0.363268 0.425730 0.828728 0.419766 0.868887 -0.262358
-23.930982 -83.147366 -724.237007 -13676.914681 0.841842 -0.399563 0.362838 -0.298442 0.215526 0.929775 0.449705 0.891009 -0.062192
-25.104013 -100.412582 -2687.869055 4824.316421 0.891221 -0.431516 0.139714 -0.056357 0.200293 0.978114 0.450055 0.879589 -0.154186
-26.683504 -131.570737 -3822.821957 -4320.102468 0.865880 -0.348513 0.358874 -0.317450 0.171635 0.932613 0.386623 0.921455 -0.037980
1614.944577 -5869.798014 99899.136398 -1786964.141156 0.477016 -0.124271 0.870064 0.713980 -0.522503 -0.466072 0.512530 0.843533 -0.160515
1554.396251 -3704.884078 -634322.631678 -1232036.999696 0.403115 -0.230485 0.885650 0.776608 -0.425804 -0.464296 0.484126 0.874967 0.007349
11.375772 -30.723877 -1484.530094 1572.643538 -0.751243 -0.015905 -0.659834 -0.073857 0.995457 0.060092 0.655881 0.093877 -0.749005
26.122824 -21.420292 -1243.926854 7624.848416 -0.763427 -0.108873 -0.636652 -0.240547 0.962708 0.123816 0.599430 0.247669 -0.761147
11.701246 -32.282206 -672.726353 636.820787 -0.761552 -0.241037 -0.601615 -0.204027 0.970234 -0.130458 0.615152 0.023396 -0.788061
-22.891500 -29.339679 1873.099939 481.145875 0.700912 -0.695859 0.156537 0.605199 0.696370 0.385749 -0.377435 -0.175640 0.909227
-25.953224 -30.253283 -1487.786849 122.899907 -0.531305 0.843290 -0.081105 0.717941 0.499008 0.485337 -0.449751 -0.199633 0.870558
-20.311650 -28.282053 1962.947237 -248.059935 0.726140 -0.675087 0.130302 0.571815 0.698200 0.430749 -0.381770 -0.238275 0.893016
-16.546621 -28.318811 1886.585856 526.584561 0.797836 -0.584048 0.149486 0.510878 0.786627 0.346730 -0.320097 -0.200265 0.925976
-15.978575 -25.213662 -2245.055885 -914.729036 -0.646983 0.762081 -0.025419 0.659034 0.575645 0.484054 -0.383520 -0.296423 0.874669
-12.834271 -25.871408 2105.540039 -434.130446 0.756159 -0.648997 0.083821 0.566825 0.713592 0.411699 -0.327006 -0.263798 0.907457
20.710836 -303.836466 -29.298271 -15406.544086 -0.041673 0.995406 0.086204 0.846497 -0.010658 0.532286 -0.530759 -0.095154 0.842164
21.754048 -300.962911 1821.786487 32555.919247 0.056442 -0.989674 -0.131754 0.990320 0.038735 0.133290 -0.126811 -0.138002 0.982280
18.748483 -346.650990 -827.838536 -63207.476119 -0.086936 0.986514 0.138683 0.809832 -0.011091 0.586557 -0.580185 -0.163303 0.797946
0.983076 -99.904813 3115.835810 21141.179121 0.217418 0.491137 -0.843513 0.975854 -0.090838 0.198638 0.020936 -0.866333 -0.499028
-12.419933 -118.266124 3594.503352 16090.492918 0.223810 0.475866 -0.850565 0.971521 -0.039251 0.233678 0.077814 -0.878642 -0.471098
1.284238 -222.554634 3086.208296 51929.798485 0.147093 0.527081 -0.836988 0.980385 -0.189918 0.052695 -0.131185 -0.828321 -0.544678
8.946693 -162.843797 3444.970757 31141.883160 0.141439 0.525663 -0.838852 0.977887 -0.206053 0.035759 -0.154050 -0.825361 -0.543183
4.715146 -45.119873 -18327.630240 3594.160284 -0.742093 0.596500 0.305755 0.174256 0.612146 -0.771306 -0.647251 -0.519100 -0.558213
-22.391310 -42.351840 -4944.808960 -4776.685132 -0.542998 0.834476 0.093827 -0.431187 -0.372951 0.821575 -0.720577 -0.405656 -0.562327
-2.471029 -35.681942 -11359.168323 -2879.081761 -0.613627 0.773846 0.156918 -0.443427 -0.502167 0.742429 -0.653325 -0.385993 -0.651288
20.868917 -48.468817 -9984.999091 136.522077 -0.609129 0.737204 0.292391 -0.277367 -0.543427 0.792310 -0.742987 -0.401519 -0.535493
41.470705 -55.820961 -17078.115328 2164.208984 -0.684358 0.588088 0.431054 0.036015 0.617718 -0.785575 -0.728256 -0.522090 -0.443920
-33.905870 -52.025728 893.705922 1900.527835 -0.187366 0.981974 -0.024922 -0.961142 -0.178037 0.210971 -0.202731 -0.063482 -0.977175
-33.755419 -54.733757 426.767580 953.069285 -0.204959 0.977924 0.040699 -0.969123 -0.208587 0.131496 -0.137083 0.012491 -0.990481
-34.853022 -57.066066 28.004968 -244.466275 -0.191462 0.980595 -0.042137 0.980098 0.188718 -0.061599 -0.052452 -0.053092 -0.997211
-35.893081 -53.031447 1028.136156 2429.451675 -0.153572 0.980594 -0.121862 -0.975604 -0.130887 0.176254 -0.156883 -0.145956 -0.976772
-35.338662 -57.337363 -657.134117 -250.926065 -0.091895 0.995732 -0.008527 -0.985181 -0.092160 -0.144654 0.144822 0.004893 -0.989446
-38.101023 -60.936529 1809.429900 -183.515641 -0.108476 0.990484 -0.084699 0.991461 0.113998 0.063317 0.072370 -0.077108 -0.994393
-19.491591 -53.152387 -23982.291052 1930.155377 -0.619808 0.728641 0.291413 0.319405 -0.104962 0.941787 -0.716812 -0.676806 0.167675
-19.281050 -53.631635 -19785.615990 1217.947310 -0.590649 0.703799 0.394716 0.272226 -0.286686 0.918534 -0.759623 -0.649983 0.022261
30.091948 -49.217471 29381.645037 143.946115 0.689716 -0.709214 -0.145972 -0.208862 -0.001837 -0.977943 -0.693303 -0.704991 0.149395
23.794011 -51.432425 27452.780826 649.997689 0.683772 -0.721234 -0.110803 -0.270976 -0.109989 -0.956281 -0.677515 -0.683904 0.270645
-14.480256 -18.213002 -2035.200285 617.446158 -0.404114 -0.575534 -0.710952 -0.652263 0.726224 -0.217142 0.641284 0.375978 -0.668877
-7.868549 -18.762483 -2047.038425 1017.076781 -0.582613 -0.273376 -0.765394 -0.441879 0.896932 0.015998 0.682133 0.347532 -0.643363
-15.533143 -21.370394 -2463.283783 267.597411 -0.480821 -0.503901 -0.717562 -0.570599 0.801195 -0.180286 0.665753 0.322755 -0.672757
-19.215524 -24.566620 813.210080 -1971.662718 -0.204604 0.944052 0.258656 -0.772996 0.006279 -0.634380 0.600512 0.329736 -0.728464
-21.644815 -26.714339 695.331329 -1420.470526 -0.014041 0.940945 0.338269 -0.785828 0.198804 -0.585621 0.618286 0.274044 -0.736629
-16.541140 -24.311987 -2730.340399 622.703570 -0.533326 -0.446447 -0.718505 -0.495972 0.853105 -0.161935 0.685256 0.269994 -0.676408
2.048103 -72.551238 1045.778070 7814.588210 0.159162 0.985237 -0.063055 -0.244198 -0.022596 -0.969462 0.956575 -0.169699 -0.236996
-0.541894 -65.804086 1043.707166 11072.212236 0.171278 0.985085 -0.016456 -0.288410 0.034161 -0.956897 0.942064 -0.168641 -0.289959
3.560707 -58.860984 362.908321 9706.570038 0.178495 0.982986 -0.043336 -0.386135 0.029470 -0.921972 0.905008 -0.181301 -0.384825
4.021908 -64.497144 301.890142 6870.706782 0.179059 0.981273 -0.070994 -0.341633 -0.005654 -0.939816 0.922618 -0.192537 -0.334223
4.035895 -73.569897 756.545494 4483.279562 0.166792 0.983792 -0.065832 -0.184220 -0.034498 -0.982279 0.968630 -0.175964 -0.175480
3.905312 -193.923264 -223.496374 2969.258367 0.167370 0.983150 -0.073509 -0.384498 0.133749 0.913385 -0.907826 0.124609 -0.400405
5.027003 -189.621664 -546.900191 -13431.166563 0.184726 0.978758 -0.088937 -0.669902 0.191613 0.717297 -0.719101 0.072925 -0.691068
6.239053 -213.027719 -970.830289 -3455.396528 0.183572 0.980473 -0.070522 -0.390268 0.138538 0.910219 -0.902215 0.139568 -0.408079
-12.133619 -53.753613 856.955389 407.456792 -0.160417 -0.972150 -0.170853 0.985931 -0.149579 -0.074604 0.046970 -0.180417 0.982468
-10.609396 -53.151451 885.042035 -292.187987 -0.169605 -0.964706 -0.201437 0.981993 -0.182689 0.048105 -0.083207 -0.189651 0.978320
-10.353361 -52.247126 959.124972 456.843145 -0.140962 -0.969406 -0.200954 0.986967 -0.121687 -0.105300 0.077625 -0.213179 0.973925
-0.274621 -100.160988 -1203.775690 3597.173570 0.615370 0.687398 0.385751 -0.023424 -0.473220 0.880633 -0.787890 0.550951 0.275104
2.187215 -103.498740 -386.390371 5215.210395 0.616146 0.695496 0.369662 0.007756 -0.474668 0.880131 -0.787594 0.539422 0.297859
1.998829 -91.011162 -1968.665196 3466.699306 0.615204 0.655564 0.437904 0.109512 -0.621134 0.776016 -0.780725 0.429452 0.453916
-1.557752 -110.762398 562.163659 4141.764791 0.628610 0.698458 0.342060 -0.152972 -0.320191 0.934921 -0.762528 0.640026 0.094430
-2.432709 -95.483535 -2302.405447 5606.912016 0.616362 0.673950 0.407296 -0.004726 -0.514050 0.857747 -0.787449 0.530608 0.313656
-4.514910 -107.255191 -2643.264539 6117.613182 0.597948 0.713076 0.366034 -0.149358 -0.349543 0.924939 -0.787496 0.607736 0.102505
-5.371241 -28.414288 -402.634263 2095.192710 0.085717 0.880781 0.465701 -0.082680 -0.459521 0.884310 -0.992883 0.114305 -0.033434
-4.131876 -28.363724 -246.500494 2041.719799 0.099428 0.911120 0.399968 -0.095941 -0.391309 0.915245 -0.990409 0.129374 -0.048506
-3.747438 -33.228373 221.215040 1810.816993 0.091146 0.894020 0.438658 -0.170953 -0.419906 0.891322 -0.981054 0.156230 -0.114563
-5.240043 -32.776383 575.906354 1904.169565 0.081538 0.880624 0.466747 -0.153841 -0.451573 0.878871 -0.984726 0.143466 -0.098656
-5.660556 -28.456760 485.728708 1793.701777 0.083178 0.870404 0.485260 -0.080407 -0.479498 0.873851 -0.993285 0.111704 -0.030103
6.173393 -122.747322 929.311816 59.311328 0.730241 0.612130 0.303389 -0.582250 0.325307 0.745091 -0.357398 0.720744 -0.593965
8.846422 -124.314948 1440.889648 -282.681991 0.716985 0.624101 0.310532 -0.524492 0.189547 0.830048 -0.459173 0.758004 -0.463238
9.190372 -122.113871 1351.067803 -1502.210521 0.720765 0.625857 0.297997 -0.605848 0.359884 0.709529 -0.336819 0.691944 -0.638565
16.082043 -271.636836 -2435.128104 28525.866382 0.767844 0.464876 0.440800 -0.537155 0.092225 0.838426 -0.349112 0.880559 -0.320525
15.313262 -205.979968 -836.692498 6624.026137 0.769118 0.487170 0.413670 -0.582080 0.266700 0.768149 -0.263893 0.831587 -0.488696
20.403048 -256.118362 -678.783410 -38032.669103 0.749813 0.462041 0.473602 -0.661464 0.540459 0.519971 0.015715 0.703151 -0.710866
14.635274 -267.550672 1669.089969 7041.532513 0.766046 0.403936 0.500009 -0.614270 0.230918 0.754552 -0.189330 0.885162 -0.425020
11.805331 -263.898154 652.673616 36999.777499 0.745803 0.446205 0.494650 -0.482168 -0.150789 0.863004 -0.459665 0.882136 -0.102687
-17.579599 -38.496956 34.794746 236.227695 -0.291263 0.901990 0.318717 0.956052 0.286166 0.063828 -0.033633 0.323301 -0.945698
-18.800256 -39.844032 -395.025969 3.805778 -0.205001 0.921776 0.329094 0.967344 0.242022 -0.075311 -0.149068 0.302908 -0.941289
-18.929200 -39.618134 -601.420756 484.610092 -0.271076 0.895137 0.353904 0.962358 0.259529 0.080696 -0.019614 0.362457 -0.931794
-17.309066 -38.128734 -370.623105 804.974116 -0.332223 0.881967 0.334309 0.939213 0.276784 0.203147 0.086638 0.381477 -0.920309
-15.928671 -37.186844 82.771704 696.824713 -0.370629 0.881612 0.292222 0.925841 0.325681 0.191701 0.073835 0.341601 -0.936940
10.117055 -501.864273 1025.283713 -36944.436072 0.647497 0.504865 0.570841 -0.239265 0.845871 -0.476712 -0.723533 0.172087 0.668495
8.945174 -406.256553 -1261.071936 -10262.130177 0.617676 0.530644 0.580426 0.263588 0.555669 -0.788514 -0.740944 0.640039 0.203352
25.002531 -1202.765930 152.638704 289082.655284 0.637580 0.428726 0.640067 0.069179 0.795622 -0.601830 -0.767272 0.427994 0.477614
9.145407 -656.163663 -1540.511878 -64618.077130 0.665211 0.443403 0.600740 -0.335012 0.896287 -0.290580 -0.667279 -0.007958 0.744765
19.209945 -1943.202774 -2967.757688 274329.391513 0.675763 0.441997 0.589901 -0.270057 0.893090 -0.359803 -0.685867 0.083834 0.722882
257.738211 -8828.297729 -416153.022023 -12801438.457927 0.007581 0.747917 0.663749 -0.064564 -0.662017 0.746703 -0.997885 0.048515 -0.043270
-29277.469754 -142023.945874 27868925.730956 156860570.257483 0.884173 -0.379275 -0.272742 0.092662 0.714616 -0.693352 -0.457877 -0.587770 -0.666989
-15170.986508 -22878.901681 183733.808420 -5088607.506271 0.914511 -0.395546 -0.084928 -0.341347 -0.641747 -0.686762 -0.217144 -0.657042 0.721904
-21.406460 -38.953267 36.434375 285.784499 0.539568 0.730331 0.418906 -0.482195 0.675921 -0.557331 0.690184 -0.098724 -0.716868
-23.408618 -36.347079 662.428201 221.265595 0.497680 0.738108 0.455534 -0.527611 0.674477 -0.516438 0.688434 -0.016676 -0.725107
-13.874815 -36.374275 -3889.678705 927.127315 -0.596562 -0.439509 -0.671525 -0.209414 0.892980 -0.398413 0.774764 -0.097051 -0.624757
-12.296781 -38.564477 -3314.033163 1156.199092 -0.610224 -0.463650 -0.642383 -0.164157 0.867258 -0.470018 0.775035 -0.181364 -0.605333
-21.045753 -41.916587 -860.269920 551.259558 0.591048 0.700531 0.399899 -0.418706 0.690183 -0.590198 0.689455 -0.181395 -0.701247
-84.128882 -237.065667 2214.004294 60460.037888 0.683535 0.223367 -0.694901 0.492057 0.562172 0.664712 -0.539129 0.796285 -0.274355
-139.375216 -837.956132 39235.917967 250104.047535 -0.349603 -0.006138 0.936878 0.220082 0.971459 0.088490 -0.910682 0.237126 -0.338274
-204.894082 -1047.976378 -10192.239272 306634.436174 -0.372915 -0.091391 0.923354 0.679696 0.650511 0.338894 -0.631623 0.753978 -0.180467
-100.078366 -220.170677 -2715.346084 67287.605080 -0.117762 0.186142 0.975440 0.789862 0.612904 -0.021602 -0.601873 0.767919 -0.219203
22.047167 -132.167948 2320.792498 -25991.401402 -0.196928 0.980410 0.003922 0.904176 0.183159 -0.385901 0.379059 0.072449 0.922532
3.545109 -83.062451 224.261767 -645.754899 -0.064231 0.997616 0.025244 0.945504 0.068929 -0.318233 0.319214 -0.003428 0.947677
-0.300387 -76.990754 5821.203363 -13729.864378 -0.302799 0.952393 0.035507 0.905942 0.299200 -0.299582 0.295944 0.058546 0.953410
-46.322247 -79.309041 -1227.280873 -333.631372 -0.242315 0.966195 -0.088042 0.965243 0.249242 0.078639 -0.097925 0.065927 0.993008
-55.064798 -77.284371 269.616518 5710.578339 0.162668 -0.969706 0.182236 0.986679 0.159497 -0.032026 0.001990 0.185018 0.982733
-8.223350 -26.083167 -2550.274450 2598.213141 0.503586 0.816926 -0.281130 0.670097 -0.574728 -0.469742 0.545317 -0.048171 0.836844
-15.139959 -22.876439 -4429.452506 -3361.917538 0.656271 0.649345 -0.384266 -0.516490 0.757871 0.398583 0.550042 -0.063109 0.832749
-15.560820 -30.332431 -2986.940873 1982.294082 0.459168 0.854418 -0.243175 0.730766 -0.518938 -0.443490 0.505119 -0.025932 0.862660
-10.048816 -32.624446 -729.867600 2775.714128 0.286637 0.943554 -0.165966 0.803236 -0.331106 -0.495158 0.522161 -0.008620 0.852804
6.061856 -22.374203 -2894.175839 -151.277040 -0.167515 -0.985016 -0.041010 0.984787 -0.165237 -0.053778 0.046196 -0.049395 0.997710
12.075863 -24.814078 5066.807793 -1649.487328 0.072322 0.996654 0.038077 0.993558 -0.068653 -0.090158 0.087242 -0.044352 0.995199
22.837922 -27.603626 9534.625440 646.887685 0.144722 0.989273 0.019868 0.988843 -0.143885 -0.038560 0.035288 -0.025227 0.999059
3.970929 -22.447792 355.526312 -2664.890540 0.019958 0.998560 0.049791 0.997126 -0.016239 -0.073997 0.073082 -0.051125 0.996015
16.027183 -26.856784 -7227.052299 2538.381361 -0.240645 -0.970523 -0.013220 0.970585 -0.240512 -0.010887 0.007387 -0.015451 0.999853
2.898999 -19.779922 -1154.823926 -681.125468 -0.096085 -0.993853 -0.054984 0.994623 -0.093721 -0.044072 0.038648 -0.058923 0.997514
84.379942 -56.440009 -825.188500 13358.776822 0.916725 0.330729 0.224126 0.398968 -0.728400 -0.557009 0.020966 -0.600043 0.799693
96.919519 -38.407686 -3123.264791 -285.866435 0.900204 0.330078 0.284045 0.434479 -0.724743 -0.534767 -0.029345 -0.604810 0.795829
9.296921 -49.027333 1637.448574 -1228.709086 -0.056439 0.994279 -0.090683 -0.913633 -0.088059 -0.396888 0.402603 -0.060451 -0.913377
11.009498 -54.092408 2551.190664 -1899.145302 -0.086737 0.991617 -0.095771 -0.970271 -0.105888 -0.217626 0.225942 -0.074048 -0.971322
29.633208 -80.988155 -9163.861200 -17174.498777 -0.409088 0.910329 -0.062828 -0.888586 -0.413082 -0.199446 0.207515 0.025763 -0.977893
-13.729860 -83.219017 180.035105 -43.298821 -0.216342 0.941622 0.257962 0.952919 0.261152 -0.154093 -0.212464 0.212480 -0.953788
-12.628962 -82.368730 522.246129 373.201087 -0.231911 0.921564 0.311347 0.951074 0.281991 -0.126255 -0.204149 0.266834 -0.941872
-0.929095 -87.501729 878.927372 -4903.697674 0.810272 -0.108518 0.575920 0.288379 -0.781675 -0.553012 -0.510194 -0.614173 0.602074
-3.673287 -108.899848 1927.770846 -12420.619479 0.796802 -0.052117 0.601988 0.429802 -0.651375 -0.625285 -0.424708 -0.756964 0.496617
-1.896828 -102.048683 -163.182845 -7735.549875 0.781800 -0.082300 0.618073 0.359575 -0.750316 -0.554736 -0.509405 -0.655937 0.557004
-1.582588 -84.447115 482.213004 -7937.601296 0.798244 -0.113242 0.591594 0.343105 -0.721762 -0.601114 -0.495062 -0.682814 0.537288
-0.161315 -91.394007 -44.551476 455.880051 0.804616 -0.108107 0.583872 -0.222738 0.856539 0.465541 -0.550438 -0.504632 0.665105
1.558958 -83.998933 -123.395991 -1762.643727 0.815674 -0.151603 0.558294 -0.172934 0.857029 0.485382 -0.552059 -0.492462 0.672839
0.751300 -80.903080 -630.558572 -2990.448701 0.808230 -0.166237 0.564916 0.237987 -0.785281 -0.571573 -0.538635 -0.596405 0.595125
-0.578487 -97.582583 -714.368212 2561.898411 -0.106624 0.993314 0.044259 -0.932004 -0.084337 -0.352499 0.346409 0.078835 -0.934765
1.177851 -105.189127 -337.604846 2374.103060 -0.094906 0.993603 0.061198 -0.932920 -0.067323 -0.353734 0.347352 0.090664 -0.933342
-0.200451 -97.155218 -665.850193 160.683234 -0.139701 0.989537 0.036048 -0.972827 -0.130372 -0.191338 0.184636 0.061799 -0.980862
79.815125 -36.114724 2225.021532 -4153.187000 0.682235 0.004821 0.731117 0.634329 0.493354 -0.595171 0.363569 -0.869815 -0.333525
130.089779 -36.522360 -30541.135518 -3879.771793 0.784202 -0.349892 0.512448 0.616192 0.536338 -0.576758 0.073042 -0.768060 -0.636198
132.236768 -37.820027 -32394.689361 -5118.890603 -0.475273 -0.402100 -0.782580 0.589396 0.514881 -0.622503 0.653244 -0.757108 -0.007713
180.282928 -26.804697 -39758.936368 -3925.638438 0.753675 -0.390962 0.528320 0.657241 0.445020 -0.608268 -0.002697 -0.805671 -0.592357
186.207136 -30.428208 -43961.423608 -5947.640720 -0.467381 -0.432333 -0.771131 0.648689 0.424907 -0.631392 0.600631 -0.795325 0.081856
110.356371 -22.294755 -5786.566290 -6690.590790 -0.667118 -0.004607 -0.744938 0.685503 0.387651 -0.616289 0.291616 -0.921795 -0.255451
12.684131 -151.580113 1522.042482 -2123.375551 0.787205 -0.014290 0.616526 0.470803 0.659638 -0.585852 0.398312 -0.751448 -0.525998
-27.082288 -182.386103 -4656.240275 29816.559946 0.894745 -0.403402 0.191567 -0.083667 0.269946 0.959234 0.438669 0.874298 -0.207781
-89.146960 -955.432292 -47349.043843 376463.480433 0.866000 -0.473291 0.161368 -0.032371 0.268969 0.962605 0.498995 0.838839 -0.217606
24.671421 -21.038093 -2332.481714 9070.568970 -0.734032 0.076268 -0.674819 -0.124334 0.961786 0.243945 0.667636 0.262966 -0.696499
38.790526 -8.573780 -2435.392278 8752.142887 -0.738644 0.046166 -0.672513 -0.168368 0.953397 0.250373 0.652731 0.298166 -0.696448
28.413232 -10.464369 -4441.627930 7894.998293 -0.675908 0.213840 -0.705280 -0.048947 0.941842 0.332474 0.735359 0.259243 -0.626132
9.147870 -26.857728 -577.447825 2557.066772 -0.692854 0.316244 -0.648030 0.144403 0.941343 0.304993 0.706471 0.117738 -0.697880
25.552275 -347.666875 683.142892 62927.058857 0.030957 -0.998054 -0.054129 0.998870 0.028937 0.037701 -0.036062 -0.055235 0.997822
28.407322 -307.300739 -2563.062617 52320.124092 -0.011005 0.993774 0.110874 0.952068 0.044311 -0.302659 0.305688 -0.102229 0.946628
19.050430 -269.168049 -2704.209653 49496.624469 -0.044611 0.983407 0.175842 0.964552 0.088226 -0.248706 0.260093 -0.158514 0.952484
-6.117854 -86.699374 3300.021410 -4482.844598 0.156169 0.483041 -0.861558 0.984468 -0.005283 0.175486 0.080215 -0.875582 -0.476363
-14.440030 -93.291384 3380.315196 -10618.843454 0.109967 0.466284 -0.877774 0.990393 0.023089 0.136341 0.083841 -0.884334 -0.459265
-20.738071 -33.371117 -169.153458 -5823.711661 -0.329964 0.940335 -0.083027 -0.598760 -0.140484 0.788512 -0.729802 -0.309894 -0.609389
-31.119980 -54.402947 3163.554975 -6570.859648 -0.213778 0.957594 -0.193163 -0.507809 0.059985 0.859379 -0.834523 -0.281806 -0.473451
-44.909566 -60.337757 -7598.715464 5961.504631 -0.339859 0.597956 0.725909 0.474462 -0.557419 0.681300 -0.812023 -0.575962 0.094264
-45.157593 -64.745466 -5067.346822 -4659.084762 -0.282918 0.454577 0.844581 -0.399599 0.744634 -0.534641 -0.871939 -0.488753 -0.029022
-26.294426 -54.992473 -12891.592656 2143.516515 -0.513795 0.626857 0.585718 0.252189 -0.542204 0.801508 -0.820009 -0.559523 -0.120495
-7.907189 -14.301571 -1279.716922 1294.294383 -0.552830 -0.341259 -0.760212 -0.527610 0.849483 0.002348 0.644985 0.402394 -0.649671
-2.289605 -16.944269 -651.141632 1086.674714 -0.656460 -0.125735 -0.743808 -0.335087 0.931998 0.138190 0.675853 0.339957 -0.653952
-2.043375 -21.892959 -1405.548872 1050.188260 -0.645325 -0.120080 -0.754411 -0.282502 0.955070 0.089634 0.709752 0.270965 -0.650254
-54.447376 -89.024121 2811.145120 6580.780878 0.643814 0.091104 0.759739 0.056326 0.984551 -0.165793 -0.763106 0.149533 0.628736
-43.723624 -77.766352 4479.912557 8627.143578 0.763467 0.154582 0.627075 0.072481 0.944292 -0.321027 -0.641767 0.290545 0.709732
-52.594395 -72.100921 3388.942622 9178.792251 0.652481 0.098917 0.751321 0.191241 0.937861 -0.289559 -0.733277 0.332615 0.593019
-59.565782 -83.800690 1644.205777 8416.617150 0.498341 -0.025192 0.866615 0.199080 0.976193 -0.086103 -0.843815 0.215434 0.491493
3.253270 -49.251128 -313.435752 10533.090146 0.207083 0.977188 0.047116 -0.398890 0.128310 -0.907978 0.893310 -0.169233 -0.416361
30.380299 -37.654845 9406.204784 -472.776781 0.301748 0.953205 0.018687 0.732923 -0.219391 -0.643966 0.609731 -0.208011 0.764826
26.228896 -36.532060 6920.460224 824.546424 0.280464 0.959231 0.034864 0.704962 -0.181197 -0.685709 0.651436 -0.216895 0.727040
54.569239 -35.827498 11819.627796 256.125879 0.355918 0.934294 0.020423 0.638941 -0.227339 -0.734895 0.681965 -0.274612 0.677873
8.265881 -39.141581 3774.142955 328.816842 0.245750 0.967213 0.064083 0.796016 -0.163643 -0.582735 0.553142 -0.194218 0.810132
11.715518 -39.787257 5586.675636 -117.337996 0.271242 0.961417 0.045893 0.812236 -0.203050 -0.546848 0.516430 -0.185604 0.835973
57.164811 -35.431092 17346.158226 -1196.531735 0.340817 0.939102 0.043952 0.689695 -0.217986 -0.690509 0.638877 -0.265651 0.721987
35.658200 -37.886014 13080.204616 -725.907386 0.311677 0.949890 0.023795 0.760242 -0.234271 -0.605928 0.569991 -0.206944 0.795163
-10.758757 -50.556421 -666.699139 827.356188 0.180629 0.977324 -0.110505 -0.810935 0.211562 0.545551 -0.556558 0.008930 -0.830761
-10.356002 -46.525304 -704.583510 1278.546561 0.154216 0.982099 -0.108160 -0.683041 0.185069 0.706544 -0.713913 0.035083 -0.699355
-11.706651 -48.629749 -355.721518 1011.797712 0.203425 0.977154 -0.061549 -0.772972 0.198866 0.602467 -0.600943 0.074981 -0.795767
-12.189400 -50.537431 -402.051120 345.872371 0.238603 0.969012 -0.063905 -0.872610 0.242813 0.423785 -0.426170 0.045352 -0.903506
-10.723902 -52.480319 -559.410064 344.508816 0.220726 0.969172 -0.109480 -0.902988 0.245487 0.352632 -0.368637 -0.021024 -0.929336
3.733176 -99.346719 -74.315249 3482.274355 0.628475 0.670751 0.393842 0.142230 -0.596898 0.789609 -0.764715 0.440234 0.470537
3.490586 -104.309621 -89.969603 3872.355092 0.625363 0.701584 0.341616 0.023565 -0.454561 0.890404 -0.779978 0.548775 0.300798
2.848799 -108.095719 197.780707 2040.533550 0.630943 0.708041 0.317156 -0.125941 -0.309902 0.942390 -0.765539 0.634538 0.106359
-1.736944 -33.096982 993.649316 1556.822651 0.109206 0.920945 0.374077 -0.183203 -0.351234 0.918189 -0.976991 0.168803 -0.130363
10.107489 -180.650256 -2171.720457 8159.645354 0.732924 0.546873 0.404663 -0.512367 0.052413 0.857165 -0.447552 0.835573 -0.318615
13.231613 -184.803661 -1093.577290 -12036.918582 0.762777 0.523169 0.380086 -0.620904 0.428294 0.656539 -0.180693 0.736789 -0.651530
17.980105 -188.737587 -274.196002 -19055.144209 0.791805 0.469243 0.390968 -0.610748 0.614270 0.499660 0.005698 0.634416 -0.772971
-19.176737 -41.206523 -771.545436 231.540264 -0.122103 0.937801 0.324993 0.957629 0.197371 -0.209742 -0.260840 0.285612 -0.922165
-16.345485 -39.521248 -843.958729 -236.392249 -0.110100 0.955959 0.272066 -0.957885 -0.175095 0.227591 -0.265205 0.235550 -0.934977
-15.933939 -41.007451 -896.272047 -535.455403 -0.033371 0.965556 0.258048 -0.924522 -0.127904 0.359025 -0.379664 0.226590 -0.896946
-12.514437 -37.404862 -1796.473283 -433.797788 -0.079181 0.974419 0.210328 -0.962352 -0.129753 0.238838 -0.260019 0.183498 -0.948008
-11.515467 -39.078976 -1786.315422 -781.329193 -0.017362 0.979672 0.199854 -0.929771 -0.089333 0.357134 -0.367728 0.179618 -0.912422
-6.293364 -424.921619 5049.211320 7929.982528 0.672990 0.497406 0.547423 0.201148 0.589137 -0.782596 -0.711775 0.636792 0.296432
-10.674570 -706.240677 -806.498592 182647.142502 0.628357 0.514382 0.583591 0.078846 0.704215 -0.705595 -0.773919 0.489380 0.401941
7.038615 -816.073516 -1091.059418 41823.355347 0.688732 0.457208 0.562680 -0.196558 0.864777 -0.462088 -0.697863 0.207655 0.685468
-4.806655 -628.641194 2269.224459 -145881.166161 0.642540 0.584734 0.495205 -0.381442 -0.316417 0.868552 -0.664563 0.746972 -0.019732
-412.759206 -7648.984472 105529.246199 1546494.076816 0.844727 0.472185 0.251948 -0.123655 0.630212 -0.766513 0.520716 -0.616340 -0.590745
-21.034340 -52.131427 933.053417 -325.475963 -0.779297 -0.594461 -0.198274 -0.333206 0.661047 -0.672302 0.530726 -0.457857 -0.713230
-22.301019 -51.353221 822.759967 -491.389613 -0.765824 -0.573394 -0.291089 -0.214509 0.654532 -0.724964 0.606217 -0.492754 -0.624255
-12.877806 -47.892055 -4227.253995 -1735.381471 0.766005 0.631275 0.121363 -0.296821 0.514795 -0.804290 0.570205 -0.580067 -0.581711
-14.964151 -34.593903 -3695.005751 634.053435 -0.593968 -0.417277 -0.687810 -0.251586 0.908428 -0.333860 0.764138 -0.025259 -0.644558
-24.262900 -76.946864 5769.348408 2329.372135 0.285670 -0.957706 -0.034532 0.958263 0.285045 0.021930 -0.011159 -0.039355 0.999163
-28.727696 -92.024562 -1127.383750 10998.016490 0.206047 0.970688 0.123732 0.918032 -0.147980 -0.367857 0.338765 -0.189386 0.921614
-18.757644 -86.245229 3019.676668 10411.726826 0.101316 0.994082 0.039201 0.926166 -0.079860 -0.368562 0.363250 -0.073648 0.928776
-21.039046 -89.896940 2686.431317 4286.880697 0.128272 0.989895 0.060447 0.977103 -0.115712 -0.178551 0.169752 -0.081966 0.982072
29.080036 -29.085316 8807.092500 -800.627034 0.040166 0.998066 0.047439 0.995293 -0.035773 -0.090071 0.088200 -0.050833 0.994805
14.346124 -29.159926 4953.438990 -2125.145401 0.026927 0.998720 0.042827 0.989605 -0.020578 -0.142333 0.141269 -0.046214 0.988892
6.163526 -27.503998 869.166936 -2614.108270 0.008904 0.999201 0.038955 0.991021 -0.003620 -0.133659 0.133411 -0.039796 0.990261
85.492968 -39.611274 10778.558330 3464.924099 0.855973 0.512059 0.071462 0.467340 -0.707175 -0.530563 0.221143 -0.487544 0.844628
89.686253 -39.174152 15026.131962 -9147.745839 0.815868 0.572256 0.082953 0.524936 -0.672840 -0.521276 0.242489 -0.468837 0.849347
3.191173 -55.667646 738.987579 -1615.917994 -0.131635 0.986278 -0.099635 -0.958530 -0.152268 -0.240902 0.252768 -0.063792 -0.965422
1.562089 -59.548573 333.805690 1672.974357 -0.163881 0.979770 -0.114864 0.984513 0.169792 0.043655 0.062275 -0.105931 -0.992421
8.257477 -58.971730 2124.956347 2066.952977 -0.101920 0.989184 -0.105490 0.994264 0.104747 0.021601 0.032417 -0.102683 -0.994186
12.998662 -41.193645 -2028.288746 -4869.378216 -0.236535 0.969002 -0.071319 -0.834522 -0.240204 -0.495859 0.497619 0.057771 -0.865470
-11.027093 -84.515179 571.479316 -616.770041 -0.236312 0.918220 0.317851 -0.905326 -0.326867 0.271186 -0.352904 0.223675 -0.908531
-10.347175 -81.727472 833.635302 59.609097 -0.252283 0.898705 0.358724 0.939355 0.316452 -0.132175 -0.232305 0.303624 -0.924038
-3.842686 -107.437706 719.162830 6535.376582 -0.298554 0.920363 0.252583 0.841304 0.378755 -0.385685 0.450637 -0.097351 0.887383
-8.401615 -94.885144 143.880598 5831.022903 -0.261252 0.929569 0.260093 0.699472 0.367998 -0.612631 0.665197 -0.021877 0.746348
-5.180669 -94.386241 938.971011 6276.561279 -0.299352 0.921669 0.246809 0.688545 0.387742 -0.612831 0.660525 0.013513 0.750682
698.211442 -41.399057 144731.944213 9172.590201 0.711561 -0.228287 0.664505 0.645455 -0.161293 -0.746574 -0.277613 -0.960140 -0.032579
728.460463 -35.796376 148797.292976 7685.929179 0.720598 0.074329 0.689358 0.690389 -0.168769 -0.703478 -0.064053 -0.982849 0.172931
-3.788479 -130.542632 -569.617154 -13561.752957 0.767037 -0.061735 0.638626 0.507436 -0.550750 -0.662709 -0.392635 -0.832384 0.391119
-3.175586 -103.530199 95.841289 -12102.560768 0.783345 -0.101921 0.613175 0.425050 -0.631949 -0.648053 -0.453546 -0.768279 0.451712
-3.912132 -123.543367 1358.467689 -17120.561919 0.787135 -0.066701 0.613163 0.494527 -0.525853 -0.692042 -0.368593 -0.847956 0.380932
11.947731 -146.410915 -1091.388307 1755.150474 0.842674 -0.043107 0.536696 0.397779 0.721623 -0.566597 0.362868 -0.690943 -0.625240
-16.710241 -30.268582 -1722.216550 2451.226850 0.327292 0.944618 0.024016 -0.639053 0.239999 -0.730761 0.696054 -0.223825 -0.682211
-15.433444 -35.788501 -1329.075289 3374.659934 0.209617 0.967374 -0.142294 -0.625137 0.020691 -0.780241 0.751841 -0.252506 -0.609078
-14.161998 -30.047994 -1948.596529 3098.382232 0.310155 0.948745 -0.060713 -0.644173 0.162761 -0.747362 0.699175 -0.270908 -0.661637
-15.251085 -135.175534 -2234.007352 3892.333939 0.888986 -0.348455 0.297125 -0.246552 0.182564 0.951778 0.385896 0.919375 -0.076385
38.962563 -9.243907 2679.618942 7807.026632 -0.803980 -0.117347 -0.582963 -0.253248 0.954558 0.157115 0.538035 0.273952 -0.797163
47.096565 1.201159 -1303.020791 2645.988904 -0.756073 -0.018831 -0.654216 -0.154786 0.976374 0.150781 0.635920 0.215265 -0.741125
39.875391 -2.027481 -7795.884490 5263.615995 -0.674916 0.099231 -0.731192 -0.105414 0.967787 0.228641 0.730326 0.231391 -0.642714
-19.249635 -27.676341 1437.509150 833.434096 0.733008 -0.659545 0.166433 0.602398 0.743058 0.291515 -0.315937 -0.113424 0.941976
23.821626 -330.598724 1037.706514 11656.465034 -0.023368 0.999726 0.001643 0.898611 0.020284 0.438277 -0.438123 -0.011718 0.898838
36.483228 -435.663084 -4800.925427 101942.189148 -0.067945 0.997393 -0.024316 0.996972 0.066952 -0.039539 0.037808 0.026929 0.998922
32.226908 -336.092405 -2231.495588 60963.080704 -0.012604 0.999431 0.031301 0.927135 0.023405 -0.373995 0.374515 -0.024307 0.926902
5.880285 -110.149394 2914.528642 405.790850 0.125443 0.478104 -0.869299 0.991872 -0.041623 0.120239 0.021304 -0.877316 -0.479440
0.401585 -794.675085 6512.133708 -240445.591116 -0.095706 0.455300 -0.885179 0.989990 0.136208 -0.036979 0.103732 -0.879857 -0.463779
-9.792418 -31.355869 2088.981684 -1030.317521 -0.116218 0.947244 -0.298702 -0.711039 0.130633 0.690912 -0.693482 -0.292685 -0.658345
12.728443 -43.680639 -6474.301845 3358.495772 -0.493731 0.859394 0.132932 -0.496212 -0.403952 0.768503 -0.714145 -0.313471 -0.625886
4.889434 -42.382360 -3079.665869 4554.308042 -0.332601 0.934671 -0.125568 -0.691627 -0.151234 0.706244 -0.641116 -0.321744 -0.696744
-30.900528 -40.988224 -2265.550870 1350.825809 0.386898 0.890046 -0.241098 -0.863825 0.441321 0.242985 -0.322670 -0.114256 -0.939590
-44.732686 -56.535841 -16393.551801 2426.407874 -0.485724 0.779816 0.394917 0.413319 -0.193199 0.889855 -0.770220 -0.595450 0.228472
-16.574259 -22.285110 1240.178988 -2153.792710 -0.312012 0.920442 0.235447 -0.750046 -0.086524 -0.655702 0.583164 0.381183 -0.717370
-18.019917 -30.180830 1043.613647 -1659.720597 -0.383416 0.915977 0.118233 -0.758973 -0.239545 -0.605457 0.526262 0.321877 -0.787047
-20.565843 -31.658353 851.179981 -1504.940454 -0.290608 0.948917 0.122900 -0.791847 -0.166400 -0.587614 0.537146 0.268083 -0.799753
-8.608299 -54.484299 -390.994718 472.152576 0.195649 0.971709 -0.132299 -0.923946 0.227864 0.307248 -0.328702 -0.062124 -0.942388
-7.194652 -55.236495 -316.012521 14.733149 0.252607 0.958027 -0.135552 -0.960104 0.265555 0.087644 -0.119962 -0.108004 -0.986886
-6.152698 -56.617241 -352.291505 541.773239 0.164921 0.975555 -0.145235 -0.941206 0.199682 0.272503 -0.294842 -0.091754 -0.951130
-9.456088 -52.501498 -464.749322 -263.492106 0.284555 0.952162 -0.111427 -0.945766 0.297825 0.129721 -0.156702 -0.068471 -0.985270
