13109
26205
-37.513113 -60.490253 -2730.806369 7839.952312 -0.183753 0.982572 -0.028050 0.938858 0.166982 -0.301102 0.291171 0.081664 0.953179
-46.613721 -74.672926 -2143.583390 9303.744553 -0.377940 0.924351 -0.052314 0.915279 0.364530 -0.171414 0.139377 0.112666 0.983809
-28.456601 -84.981186 -4875.415063 12003.586982 -0.388691 0.918656 0.070645 0.900411 0.394992 -0.182322 0.195395 0.007258 0.980698
-46.649401 -64.773637 931.321826 5371.928095 -0.225118 -0.947607 0.226636 0.960726 -0.254622 -0.110332 0.162257 0.192897 0.967710
-20.250534 -69.355546 -5335.331406 12959.981309 -0.211182 0.973155 0.091495 0.916998 0.229660 -0.326146 0.338403 -0.015025 0.940881
-21.328029 -45.068289 -4826.163278 5991.142773 -0.018594 0.999749 0.012483 0.919706 0.022000 -0.391991 0.392168 -0.004192 0.919884
-31.700063 -40.025397 -1943.851901 2660.786364 0.417452 0.873170 -0.251611 0.824822 -0.480296 -0.298304 0.381318 0.083006 0.920710
-39.097544 -49.401723 -308.914444 4116.629271 0.477391 0.822064 -0.310336 0.818680 -0.544405 -0.182719 0.319155 0.166838 0.932902
-41.164618 -64.971560 316.507703 2438.124269 0.684515 -0.144440 -0.714546 0.649999 -0.322856 0.687943 0.330062 0.935361 0.127114
-39.635273 -60.082892 579.281932 1776.039804 0.740774 -0.220777 -0.634438 0.509947 -0.429966 0.745039 0.437274 0.875435 0.205923
-40.528799 -61.772879 338.937825 2795.455084 0.671392 -0.296289 -0.679298 0.609114 -0.301510 0.733534 0.422154 0.906258 0.021958
-41.344695 -66.246703 -35.293872 1630.113451 -0.628338 0.232234 0.742468 0.723790 -0.175332 0.667373 0.285165 0.956727 -0.057921
-42.074488 -68.762835 -221.434547 1196.541987 -0.642467 0.089915 0.761020 0.742648 -0.171835 0.647260 0.188968 0.981014 0.043623
-135.015792 -316.431628 -47847.430357 -127722.426314 0.380599 0.908725 0.171358 0.849950 -0.270754 -0.451971 0.364322 -0.317665 0.875419
-80.456071 -459.781290 -18535.239124 -217240.159713 0.454121 0.889429 -0.051865 0.795467 -0.430987 -0.426007 0.401256 -0.152202 0.903232
-94.561991 -212.200405 -22777.988641 -70523.784311 0.474577 0.876630 -0.079353 0.649781 -0.409724 -0.640243 0.593769 -0.252283 0.764063
31.015239 -78.679100 -8696.258438 9666.512330 0.776953 -0.069802 0.625677 -0.598852 -0.388538 0.700296 -0.194217 0.918785 0.343676
30.316535 -98.048483 -9116.872086 6535.305649 0.763123 -0.078093 0.641517 -0.645228 -0.147961 0.749525 -0.036387 0.985905 0.163301
43.416898 -91.464806 -6296.427442 9697.999970 0.781956 -0.179449 0.596945 -0.623083 -0.252206 0.740378 -0.017693 0.950889 0.309026
43.494133 -64.109081 -7794.771924 8208.787056 0.791322 -0.121468 0.599213 -0.586883 -0.425662 0.688752 -0.171400 0.896692 0.408123
40.327459 -71.781001 -8358.240018 10272.815586 0.787157 -0.093690 0.609595 -0.587811 -0.413187 0.695525 -0.186713 0.905814 0.380315
32.736244 -101.673902 -1897.005283 3892.139913 0.758058 -0.206342 0.618685 -0.623274 0.050118 0.780396 0.192035 0.977196 0.090615
35.898637 -104.126333 873.382982 7070.919701 0.780826 -0.291901 0.552363 -0.585101 -0.031722 0.810340 0.219018 0.955922 0.195561
41.450983 -101.076846 -980.814174 10185.472317 0.796826 -0.316871 0.514452 -0.579087 -0.157548 0.799898 0.172414 0.935292 0.309035
-4.441424 -21.884793 1952.031846 1240.301458 -0.332391 0.928681 -0.164525 0.927700 0.353373 0.120419 -0.169970 0.112604 0.978995
-6.743812 -25.699114 2155.574982 1564.650970 -0.221112 0.964083 -0.147152 0.947924 0.247923 0.199937 -0.229238 0.095281 0.968696
-9.427320 -21.948310 893.279056 939.079200 -0.451567 0.878505 -0.155937 0.874305 0.470544 0.119075 -0.177983 0.082566 0.980564
-6.395402 -19.823936 472.146534 371.923808 -0.537720 0.827627 -0.160907 0.832382 0.551479 0.054876 -0.134153 0.104429 0.985443
-6.926465 -58.743661 -182.099076 2374.810855 -0.049787 0.996419 0.068347 0.985891 0.059980 -0.156271 0.159811 -0.059603 0.985347
-5.760353 -51.877282 -186.812604 1739.208976 0.002970 0.998502 0.054626 0.935755 0.016488 -0.352266 0.352639 -0.052163 0.934304
-7.497884 -54.948365 -232.177778 2023.789416 -0.021569 0.998980 0.039658 0.980912 0.028813 -0.192306 0.193252 -0.034753 0.980533
7.192750 -94.108594 -76.128326 -9479.928268 -0.222405 0.958200 0.179966 0.585307 0.278849 -0.761353 0.779712 0.063993 0.622859
6.103638 -77.132712 -168.891273 -9043.555307 -0.223028 0.959845 0.170166 0.752727 0.280492 -0.595589 0.619403 0.004745 0.785059
5.626388 -88.732123 -485.835150 -8430.769944 -0.237206 0.954695 0.179697 0.626692 0.291721 -0.722603 0.742287 0.058791 0.667498
6.212198 -101.933318 419.259651 -6350.427912 -0.252169 0.951221 0.177732 0.415495 0.272307 -0.867878 0.873942 0.145006 0.463895
3.431084 -99.000992 -79.501064 -8959.782171 -0.257756 0.950349 0.174349 0.489489 0.284014 -0.824461 0.833044 0.127168 0.538392
4.665671 -82.846964 -255.072821 -2573.005074 -0.257508 0.954972 0.147370 0.641111 0.282963 -0.713378 0.722957 0.089221 0.685108
11.781867 -84.465072 68.047203 2866.670719 -0.261734 0.958542 0.112660 0.080528 -0.094633 0.992250 -0.961775 -0.268778 0.052421
9.878152 -78.801006 105.137412 5918.838407 -0.281032 0.956201 0.081855 0.040911 -0.073279 0.996472 -0.958826 -0.283390 0.018525
11.930028 -95.675236 11.276992 4022.863313 -0.272109 0.960625 0.056190 -0.142369 -0.097941 0.984956 -0.951676 -0.260015 -0.163414
12.996124 -70.001739 605.887315 398.808351 -0.254900 0.947430 0.193396 0.253761 -0.127451 0.958834 -0.933076 -0.293483 0.207933
11.597749 -97.423391 34.393512 2819.736071 -0.246443 0.964519 0.094700 -0.112366 -0.125492 0.985711 -0.962621 -0.232280 -0.139306
15.207984 -81.214101 1155.274596 667.213542 -0.234570 0.956464 0.173646 0.304902 -0.097226 0.947408 -0.923045 -0.275178 0.268822
11.139966 -92.234043 188.840052 3205.531838 -0.236571 0.964966 0.113465 0.115447 -0.088036 0.989405 -0.964731 -0.247164 0.090576
-5.076147 -17.347077 -1774.801508 -856.468795 0.649280 0.697588 0.302995 -0.433295 0.666696 -0.606442 0.625052 -0.262464 -0.735134
-7.716474 -19.514663 -1621.936838 1587.554334 0.462621 0.882685 0.082758 -0.598329 0.379739 -0.705550 0.654204 -0.276886 -0.703812
-3.159659 -14.525950 -494.230088 1272.331935 0.567068 0.797691 0.205240 -0.518446 0.539297 -0.663606 0.640038 -0.269904 -0.719377
-2.706969 -14.508581 390.028580 1792.306266 0.528065 0.834116 0.159369 -0.542089 0.475558 -0.692809 0.653672 -0.279456 -0.703290
-3.029530 -10.772632 -865.676358 781.745580 -0.651599 -0.680952 -0.334248 -0.406274 0.685387 -0.604306 0.640593 -0.257969 -0.723251
0.072762 -37.851865 -2793.712855 -3117.585261 -0.033958 0.999423 0.000735 0.845733 0.028344 0.532854 -0.532525 -0.018717 0.846207
-0.678692 -31.653942 -3230.010480 -2737.041321 -0.040708 0.999171 -0.000420 0.797893 0.032761 0.601908 -0.601423 -0.024168 0.798566
5.884891 -36.708448 -2877.825457 -3458.942952 -0.042148 0.999063 -0.009868 0.830818 0.040532 0.555067 -0.554946 -0.015196 0.831747
5.904462 -41.262904 -2240.302471 -1691.303275 -0.046984 0.998756 -0.016724 0.884964 0.049384 0.463034 -0.463284 -0.006955 0.886183
11.180372 -26.732564 7763.724787 -3941.496122 0.369550 0.879620 -0.299502 0.539103 -0.465487 -0.701919 0.756836 -0.097932 0.646227
5.506378 -20.182327 7240.480789 -2354.359955 0.388279 0.861653 -0.326794 0.548212 -0.501015 -0.669662 0.740745 -0.080863 0.666902
-6.250958 -26.160666 6427.106903 -3424.128874 0.353831 0.894710 -0.272575 0.544180 -0.433953 -0.718020 0.760705 -0.105728 0.640429
8.031459 -33.443041 -595.117339 -2700.276377 0.009124 0.999187 0.039277 0.976391 -0.000425 -0.216011 0.215819 -0.040320 0.975601
10.433654 -27.809482 2007.274185 -2699.841645 0.008189 0.999191 0.039366 0.988638 -0.002181 -0.150302 0.150095 -0.040149 0.987856
8.126481 -34.407161 -211.455162 -2766.455995 -0.006000 0.999875 0.014645 0.978546 0.008887 -0.205834 0.205939 -0.013095 0.978477
-8.801670 -147.323402 5726.295757 18267.188451 0.945464 -0.093345 0.312065 0.063176 0.992416 0.105449 -0.319542 -0.079983 0.944191
-13.006797 -200.413998 4706.577065 -23286.569785 0.946494 -0.107440 0.304310 0.025954 -0.914559 -0.403619 -0.321675 -0.389921 0.862837
-2.927279 -152.849915 3847.177028 17684.162656 0.955565 -0.047213 0.290974 0.011799 0.992425 0.122280 -0.294544 -0.113413 0.948884
-19.250241 -204.542711 8346.721786 -25592.228702 0.950815 -0.121114 0.285102 -0.004695 -0.925923 -0.377683 -0.309725 -0.357768 0.880950
0.916790 -119.198654 5445.460686 15305.353721 0.960411 -0.020532 0.277830 0.058011 0.990159 -0.127360 -0.272481 0.138435 0.952150
-15.146922 -149.969408 5746.008799 20114.809248 0.939092 -0.131285 0.317601 0.117498 0.991119 0.062273 -0.322956 -0.021162 0.946177
-4.964610 -117.985210 5629.942208 18045.630321 0.950689 -0.062855 0.303709 0.121862 0.976195 -0.179427 -0.285201 0.207590 0.935717
3.996032 -127.099864 1484.956772 2967.516183 0.794993 -0.027398 0.606000 0.482478 -0.576965 -0.659035 -0.367697 -0.816310 0.445464
-0.273257 -117.850250 1558.530232 -501.895571 0.797814 -0.021051 0.602536 0.456173 -0.632371 -0.626109 -0.394206 -0.774380 0.494912
0.578561 -120.150636 2113.135529 -804.571930 0.784258 0.008908 0.620371 0.548607 -0.476958 -0.686688 -0.289774 -0.878881 0.378946
-17.425765 -498.685416 7283.262526 -179295.992825 0.994169 -0.098603 0.043642 0.060233 0.172119 -0.983233 -0.089438 -0.980129 -0.177055
-31.366471 -176.091321 10943.806279 -68887.560069 0.988394 -0.049451 0.143641 0.151053 0.219332 -0.963886 -0.016160 -0.974396 -0.224256
-4.294130 -478.475877 -1622.834317 -145141.360253 0.977237 -0.188026 0.098250 0.158501 0.339268 -0.927240 -0.141012 -0.921707 -0.361347
-15.637475 -52.365547 1363.138791 -1401.289832 0.970796 0.150158 0.187103 0.030826 -0.851509 0.523433 -0.237917 0.502379 0.831271
-5.906954 -59.104808 -4663.721360 -6141.952353 0.887483 0.455887 0.067384 0.356910 -0.772447 0.525300 -0.291528 0.442145 0.848245
-4.000345 -62.689340 -481.136214 -7497.414911 0.927887 0.362494 0.087311 0.293269 -0.854134 0.429474 -0.230257 0.372898 0.898849
-15.297710 -63.008395 4705.085693 5549.271894 0.936178 -0.143940 0.320706 -0.302794 -0.793639 0.527687 -0.178569 0.591117 0.786571
-21.109941 -60.238576 4020.951408 5868.989029 0.944357 -0.085055 0.317735 -0.252257 -0.807198 0.533665 -0.211085 0.584121 0.783739
-20.609870 -34.771559 5.038694 -662.303846 -0.122588 0.989830 0.072177 -0.360100 0.023408 -0.932620 0.924824 0.140318 -0.353569
-23.379318 -35.352161 388.531396 219.026336 -0.109574 0.984151 0.139426 -0.468758 0.072529 -0.880344 0.876504 0.161819 -0.453381
-19.428957 -35.578970 1126.415004 -425.385751 -0.105052 0.953108 0.283812 -0.408092 0.218938 -0.886300 0.906877 0.208929 -0.365956
-6.126331 -40.455988 -2061.906043 -2165.946239 -0.082403 0.953958 -0.288397 -0.509424 0.208399 0.834899 -0.856561 -0.215715 -0.468797
-9.967386 -45.326719 -3224.159710 -3292.852256 -0.112656 0.962248 -0.247766 -0.420582 0.179736 0.889272 -0.900233 -0.204388 -0.384456
1.924074 -40.353019 8262.867119 -2845.954066 -0.081160 0.963692 -0.254383 -0.482461 0.185346 0.856083 -0.872149 -0.192209 -0.449901
13.971893 -139.461331 -265.125507 -20533.552386 -0.052264 0.978918 -0.197452 -0.037350 0.195667 0.979959 -0.997935 -0.058591 -0.026336
10.771260 -152.924757 1451.990774 -23352.567736 0.016118 0.981403 -0.191280 -0.037424 0.191763 0.980727 -0.999169 0.008649 -0.039819
13.137435 -177.643902 -1020.521533 -39166.794465 -0.040852 0.986824 -0.156553 0.172702 0.161299 0.971677 -0.984127 -0.012658 0.177016
15.293368 -132.836236 -375.922378 -12009.782454 -0.084118 0.982946 -0.163529 0.145165 0.174448 0.973907 -0.985825 -0.058184 0.157363
14.575363 -158.993685 -839.825990 -26081.155529 -0.064122 0.990884 -0.118479 0.341367 0.133340 0.930424 -0.937740 -0.019216 0.346805
14.366720 -268.125563 -925.684896 -67449.087017 -0.003340 0.994799 -0.101805 0.508418 0.089355 0.856462 -0.861104 0.048899 0.506072
8.802500 -569.855166 799.280164 175187.370589 0.039376 -0.564763 0.824313 0.994130 0.105342 0.024686 -0.100776 0.818502 0.565596
1.782972 -329.756422 222.671157 97037.150017 -0.079139 -0.575013 0.814307 0.996431 -0.021555 0.081617 -0.029379 0.817860 0.574667
4.831588 -111.014129 1248.082759 19679.452740 -0.001856 -0.583699 0.811968 0.996397 -0.069927 -0.047991 0.084791 0.808953 0.581726
5.544234 -154.918357 -1050.825426 36357.314605 -0.079651 -0.582572 0.808867 0.995118 -0.093913 0.030353 0.058280 0.807335 0.587208
9.988878 -64.735857 604.109173 -2362.407834 0.231551 -0.546682 0.804688 0.958517 -0.013127 -0.284733 0.166221 0.837237 0.520965
7.352161 -78.606983 502.287859 10470.357112 0.094424 -0.586926 0.804116 0.977703 -0.097510 -0.185981 0.187566 0.803747 0.564632
21.386547 -304.862932 -3820.771077 -86037.823485 -0.052084 0.127843 -0.990426 0.995677 0.083027 -0.041643 0.076908 -0.988313 -0.131614
2.508008 -156.386466 -7042.023471 13063.821810 -0.001456 0.069739 -0.997564 0.998922 -0.046174 -0.004686 -0.046388 -0.996496 -0.069597
10.447649 -288.787541 -7784.956481 -62278.846249 0.006977 0.108887 -0.994030 0.993563 0.111639 0.019203 0.113063 -0.987765 -0.107407
-9.112518 -98.227552 2732.642351 -22142.226150 -0.185956 0.964795 0.185989 0.329464 -0.117106 0.936878 -0.925675 -0.235494 0.296089
-3.312498 -130.211839 4188.645275 -39194.626045 -0.081978 0.962299 0.259346 0.370138 -0.212213 0.904413 -0.925352 -0.170136 0.338787
-19.352407 -65.300333 903.469631 -5749.354652 -0.086778 0.958792 0.270533 0.375470 -0.220055 0.900332 -0.922763 -0.179706 0.340902
5.006093 -46.087295 -1715.765532 3553.293991 0.164707 0.779173 -0.604782 0.639663 0.382352 0.666811 -0.750801 0.496686 0.435432
5.703669 -46.566774 634.469096 3225.276670 0.229065 0.772094 -0.592791 0.615386 0.356982 0.702755 -0.754208 0.525772 0.393363
3.112932 -36.724205 -787.840468 2763.585656 0.193085 0.774933 -0.601828 0.714152 0.309615 0.627794 -0.672833 0.551014 0.493638
9.545103 -55.177359 398.832544 3146.666728 0.188310 0.767924 -0.612235 0.502548 0.460247 0.731859 -0.843792 0.445494 0.299250
3.292235 -36.809033 -1057.975983 3436.220221 0.169022 0.767645 -0.618185 0.714808 0.336356 0.613118 -0.678587 0.545514 0.491867
7.912364 -50.624179 -1123.601546 2900.571223 0.133926 0.758738 -0.637480 0.556409 0.474738 0.681934 -0.820045 0.446028 0.358588
5.422828 -43.909133 -824.149686 3366.826620 0.137962 0.750497 -0.646313 0.646628 0.426038 0.632743 -0.750226 0.505219 0.426516
3.912004 -40.506898 -1338.694597 4176.022320 0.161186 0.766147 -0.622124 0.685140 0.366850 0.629289 -0.710354 0.527675 0.465787
42.557869 -51.199671 16842.761645 -2707.386726 -0.337065 0.940935 -0.032080 -0.825113 -0.278822 0.491372 -0.453404 -0.192094 -0.870359
55.629391 -51.029058 17067.844630 -3702.598193 -0.450374 0.892272 -0.031835 -0.811662 -0.394310 0.430958 -0.371979 -0.219931 -0.901810
22.855399 -45.943287 9462.594350 -2096.450255 -0.348155 0.936840 -0.033458 -0.861414 -0.305638 0.405650 -0.369803 -0.170050 -0.913416
11.059772 -48.904514 6001.926243 -1059.234262 -0.222173 0.969312 -0.105232 -0.867671 -0.147330 0.474806 -0.444732 -0.196796 -0.873776
306.293112 -56.119285 -140290.002702 -2382.116120 -0.438692 -0.893373 -0.097127 0.895353 -0.425295 -0.132165 0.076765 -0.144942 0.986458
283.220795 -46.770697 -27882.260857 -3113.747705 -0.489734 -0.770325 -0.408362 0.869598 -0.465368 -0.165019 -0.062920 -0.435926 0.897780
265.399334 -48.078517 -102766.931338 -438.806588 -0.442598 -0.886089 -0.137670 0.894964 -0.446097 -0.006009 -0.056090 -0.125869 0.990460
366.667365 -57.515260 -65346.327153 -4924.253039 -0.503502 -0.779198 -0.373278 0.861911 -0.423010 -0.279593 0.059958 -0.462508 0.884585
148.204864 -51.179614 -84239.229775 -552.594921 -0.383571 -0.921535 0.060378 0.923291 -0.384088 0.003273 0.020174 0.057001 0.998170
317.759319 -58.180258 149859.048323 -1403.294433 0.422001 0.901337 0.097501 0.883963 -0.385200 -0.265010 0.201306 -0.198022 0.959304
162.078376 -54.916499 106063.465706 -1356.634064 0.367938 0.925391 -0.090956 0.917287 -0.377252 -0.127538 0.152336 0.036506 0.987654
0.094221 -56.516330 -266.550084 1081.487037 -0.068576 0.994700 -0.076608 -0.753872 -0.001372 0.657020 -0.653433 -0.102808 -0.749971
-0.122832 -54.179426 187.411468 1297.225964 -0.063774 0.994897 -0.078184 -0.758530 0.002586 0.651634 -0.648510 -0.100862 -0.754494
-0.088314 -62.406121 -267.973471 3061.072391 -0.028044 0.994117 -0.104621 -0.855235 0.030320 0.517353 -0.517481 -0.103984 -0.849353
1.505123 -65.251412 -790.146576 3115.031231 -0.025567 0.993861 -0.107642 -0.854010 0.034255 0.519128 -0.519628 -0.105200 -0.847891
0.805510 -69.973813 -902.762098 3096.438121 0.003690 0.992523 -0.122000 -0.936410 0.046238 0.347849 -0.350889 -0.112958 -0.929579
-0.876543 -67.961408 -178.940316 2979.072429 -0.003471 0.993868 -0.110523 -0.937158 0.035328 0.347112 -0.348888 -0.104782 -0.931288
-2.071527 -117.725677 752.108206 -4446.004122 0.012086 0.991013 0.133222 -0.360372 -0.119962 0.925063 -0.932731 0.059190 -0.355683
5.173438 -115.478494 2210.423088 3499.336557 0.028189 0.987349 0.156034 -0.033465 -0.155076 0.987336 -0.999042 0.033054 -0.028670
4.044448 -116.492268 2125.848735 -4354.928364 0.024017 0.985485 0.168058 -0.361981 -0.148127 0.920342 -0.931876 0.082937 -0.353169
-3.321551 -110.441043 857.142406 -7015.245535 0.014686 0.990792 0.134596 -0.617098 -0.096935 0.780893 -0.786749 0.094527 -0.609992
4.668745 -73.356129 -1262.406067 -255.820615 0.092413 0.991347 -0.093226 -0.831607 0.025350 -0.554786 0.547622 -0.128797 -0.826754
8.982340 -77.974648 -1122.973970 790.645904 0.075255 0.994489 -0.072989 -0.839300 0.023648 -0.543154 0.538435 -0.102135 -0.836455
5.029110 -76.556331 -1514.076905 2196.808108 0.067708 0.991227 -0.113514 -0.922237 0.018772 -0.386169 0.380650 -0.130833 -0.915417
8.318636 -70.426707 -1083.486782 -5555.709575 0.098858 0.993434 -0.057589 -0.718649 0.031244 -0.694671 0.688310 -0.110060 -0.717019
1.143783 -73.266625 -1527.162273 675.071622 0.078196 0.989052 -0.125148 -0.915436 0.021523 -0.401887 0.394794 -0.145991 -0.907097
0.991549 -69.695668 -1285.664449 -894.283444 0.103693 0.989324 -0.102402 -0.824808 0.027997 -0.564719 0.555823 -0.143020 -0.818905
4.415516 -66.372474 -1187.824883 -4089.255954 0.113783 0.990461 -0.077725 -0.716954 0.027701 -0.696570 0.687772 -0.134983 -0.713266
-0.394676 -49.930988 284.777270 -580.636988 0.370338 0.922141 -0.111828 -0.894636 0.321690 -0.310069 0.249953 -0.214876 -0.944114
6.259207 -47.326206 1187.731171 -310.157653 0.504837 0.861716 -0.050845 -0.790764 0.438041 -0.427566 0.346168 -0.256057 -0.902553
7.857288 -48.476896 971.046613 -603.521677 0.428953 0.899383 -0.084313 -0.804610 0.337982 -0.488233 0.410612 -0.277268 -0.868631
-1.169463 -61.055250 180.244922 1761.524057 -0.037342 0.985245 0.167029 0.876452 -0.048002 0.479091 -0.480039 -0.164283 0.861727
1.107101 -54.539589 383.530007 1427.228074 0.015506 0.982808 0.183977 0.950613 -0.071535 0.302021 -0.309990 -0.170208 0.935380
-0.508471 -58.004048 100.109972 1870.724427 -0.007967 0.984618 0.174538 0.882225 -0.075250 0.464777 -0.470761 -0.157685 0.868055
-2.071466 -63.410622 -231.426804 1980.509379 -0.052114 0.985806 0.159595 0.773445 -0.061250 0.630897 -0.631717 -0.156316 0.759275
-1.935128 -56.950382 -332.689992 1783.345767 0.003877 0.983802 0.179214 0.857851 -0.095369 0.504972 -0.513884 -0.151781 0.844326
-3.703080 -350.623011 6037.527299 -120895.448364 0.796618 0.541816 0.268019 -0.203578 0.657957 -0.725016 -0.569171 0.522998 0.634442
0.289704 -150.245781 1580.410836 28683.213767 0.817177 0.496004 0.293602 0.135531 -0.660453 0.738534 -0.560226 0.563721 0.606931
-6.370947 -232.378826 1021.122245 60166.584891 0.792659 0.548291 0.266586 0.081018 -0.528121 0.845296 -0.604258 0.648433 0.463041
5.237727 -120.432830 555.987551 -26842.604389 0.810440 0.496094 0.311572 -0.240388 0.766637 -0.595383 -0.534229 0.407625 0.740569
-9.275353 -347.432583 7217.951903 113871.303914 0.777766 0.554137 0.296669 -0.034958 -0.433121 0.900658 -0.627581 0.710872 0.317495
0.886802 -357.565373 14644.476232 -156541.087511 0.804158 0.545559 0.236000 -0.238181 0.659500 -0.712972 -0.544610 0.517132 0.660284
2.268693 -132.393454 2684.220679 -32945.187135 0.812000 0.512857 0.278628 -0.294249 0.771986 -0.563432 -0.504057 0.375521 0.777760
-26.436513 -29.674425 -2005.563815 2127.180749 -0.748289 0.661179 -0.053905 0.562145 0.675151 0.477665 0.352216 0.327130 -0.876887
-25.258213 -32.586398 -783.927436 -35.618350 0.957161 -0.168735 0.235311 0.073661 0.927818 0.365688 0.280030 0.332689 -0.900501
-26.872791 -32.097813 1334.170199 -2578.459250 0.835307 0.312392 0.452409 -0.446638 0.865420 0.227072 0.320589 0.391738 -0.862418
-25.585682 -30.023504 1123.869895 -247.919583 0.261442 0.842122 0.471677 -0.882537 0.406449 -0.236490 0.390865 0.354444 -0.849467
0.145540 -814.997575 -11106.073483 159714.386049 0.715804 0.601631 0.354493 -0.688123 0.694082 0.211513 0.118794 0.395337 -0.910822
-14.316184 -982.329920 10235.618577 -36029.133167 -0.797699 -0.557908 -0.228943 -0.570315 0.821302 -0.014284 0.196000 0.119176 -0.973335
25.843661 -679.984746 7019.322076 -46874.182306 -0.694552 -0.655131 -0.297323 -0.564514 0.752466 -0.339292 0.446006 -0.067813 -0.892457
27.548722 -632.293160 3563.991770 -71992.024337 -0.663523 -0.639732 -0.387917 -0.619404 0.760532 -0.194753 0.419613 0.111054 -0.900884
37.641517 -625.635401 2521.204583 -95880.115964 -0.650315 -0.682713 -0.333158 -0.441242 0.696460 -0.565906 0.618382 -0.221014 -0.754159
-72.769182 -1182.322603 2359.325683 -183889.247549 -0.633500 -0.770961 -0.065548 0.761634 -0.606416 -0.228413 0.136348 -0.194623 0.971355
-65.483079 -1017.501689 2155.165241 -296888.298999 0.422110 0.903884 0.069404 0.675257 -0.364575 0.641181 -0.604856 0.223783 0.764245
-0.699696 -2944.338531 14230.445002 -1142524.255705 0.412141 0.910979 0.016043 0.747698 -0.348227 0.565408 -0.520662 0.221032 0.824655
-4181.758776 -7732.625281 1537194.074749 2421870.727819 0.558662 -0.542927 -0.626999 0.711547 0.702158 0.025988 0.426142 -0.460658 0.778587
-10.620289 -22.262125 1460.537900 669.348600 0.611534 0.759788 -0.220790 0.608059 -0.272753 0.745567 -0.506252 0.590193 0.628793
-6.496537 -28.665079 -2187.531561 1984.043947 -0.424383 -0.800348 0.423488 0.708837 -0.002628 0.705367 -0.563426 0.599530 0.568432
-11.830485 -28.949088 -2616.370800 1128.975859 -0.541864 -0.790552 0.285324 0.638213 -0.166138 0.751720 -0.546871 0.589428 0.594565
-14.039074 -28.103644 1691.939686 -989.871747 0.695003 0.714953 -0.076246 0.495228 -0.399116 0.771658 -0.521268 0.574064 0.631451
-14.884316 -28.969375 -2249.022069 941.393372 0.142283 0.417949 0.897259 -0.254963 0.891369 -0.374775 -0.956425 -0.175444 0.233388
-19.249414 -29.020101 -2271.322599 320.342673 0.171931 0.445161 0.878790 -0.308763 0.871475 -0.381048 -0.935470 -0.205824 0.287283
-21.335303 -28.231663 -1933.022458 1859.139104 0.199061 0.465804 0.862207 -0.238760 0.876355 -0.418324 -0.950457 -0.122589 0.285663
-16.812633 -26.040078 -1813.806895 1879.897780 0.161869 0.462866 0.871524 -0.194713 0.880789 -0.431623 -0.967412 -0.099830 0.232698
-1.199955 -48.379884 -891.385665 -190.960077 0.117912 0.971795 0.204235 0.840257 0.011968 -0.542057 0.529212 -0.235525 0.815146
-4.848192 -47.725091 -1041.873093 -1473.588947 0.140875 0.973714 0.178984 0.779462 0.002380 -0.626446 0.610405 -0.227762 0.758637
-4.051861 -46.159894 -933.633027 227.720723 0.096755 0.972605 0.211372 0.856916 0.026626 -0.514767 0.506293 -0.230935 0.830865
28.120363 -150.282963 3295.173992 -25709.519767 0.658445 0.728442 0.189266 -0.615736 0.376761 0.692040 -0.432803 0.572209 -0.696605
16.572761 -138.122451 2038.119149 -19677.766750 0.696254 0.687020 0.207925 -0.579750 0.367445 0.727238 -0.423226 0.626887 -0.654135
25.146202 -224.424493 3532.164531 -33476.022819 0.708796 0.696994 0.108663 -0.359020 0.223838 0.906091 -0.607217 0.681246 -0.408890
34.493063 -232.509759 7644.270375 -45865.672968 0.695069 0.708716 0.120831 -0.453440 0.301723 0.838663 -0.557917 0.637718 -0.531079
35.040937 -497.931702 5769.876017 -193579.408090 0.682461 0.716991 0.142025 -0.582041 0.415558 0.698956 -0.442126 0.559675 -0.700920
-55.450460 -77.101657 1257.823089 4253.151839 0.196667 -0.971106 0.135184 0.980300 0.197328 -0.008626 -0.018299 0.134217 0.990783
-36.457633 -77.530842 -3789.602079 2312.401634 -0.348836 0.936745 -0.028676 0.936795 0.349409 0.018107 -0.026981 0.020547 0.999425
-40.045025 -59.169717 116.114078 1127.106870 0.702906 -0.354370 -0.616721 0.488398 -0.389882 0.780679 0.517098 0.849949 0.100976
-12.929939 -183.413446 1741.376951 -87470.276484 0.515087 0.816139 -0.261920 0.652178 -0.571458 -0.498095 0.556191 -0.085744 0.826619
-77.331409 -375.609399 1503.582472 -149134.719642 0.486084 0.838688 -0.245611 0.700397 -0.541954 -0.464468 0.522654 -0.053745 0.850849
48.135966 -57.385120 48.475319 7160.112333 0.587319 0.665739 0.460270 -0.016006 0.578130 -0.815788 0.809197 -0.471760 -0.350203
42.623120 -41.772368 2851.733292 2117.293135 -0.621623 -0.595324 -0.509091 -0.039826 0.673097 -0.738481 0.782303 -0.438782 -0.442122
51.958430 -60.794766 2565.628797 6749.501102 0.630605 0.623789 0.461762 0.005641 0.591275 -0.806451 0.776083 -0.511157 -0.369342
37.460457 -39.736191 -924.675552 2910.931895 0.510915 0.688623 0.514552 -0.057014 0.624400 -0.779021 0.857739 -0.368677 -0.358276
58.430075 -85.055409 5316.484933 14602.131776 0.626133 0.654945 0.423089 0.036458 0.517434 -0.854946 0.778863 -0.550736 -0.300104
46.160024 -72.214627 1709.817902 11124.996996 0.562391 0.721000 0.404815 0.024496 0.474832 -0.879736 0.826508 -0.504672 -0.249379
35.981855 -50.793636 2067.332055 6657.807022 0.455705 0.750767 0.478208 -0.027255 0.548749 -0.835543 0.889714 -0.367727 -0.270530
-1.272901 -26.482130 2950.386305 1921.861674 -0.183767 0.970743 -0.154557 0.959457 0.211325 0.186504 -0.213709 0.114018 0.970221
-2.549091 -31.009600 2981.423998 1943.473951 -0.098017 0.986532 -0.130951 0.954056 0.130587 0.269675 -0.283143 0.098502 0.954006
-8.082263 -29.448182 2317.871005 1508.513957 -0.106857 0.987575 -0.115227 0.948288 0.136065 0.286767 -0.298883 0.078625 0.951045
-4.553955 -54.401224 -209.049747 2036.106748 -0.013958 0.996543 0.081902 0.934479 0.042143 -0.353514 0.355743 -0.071602 0.931837
-3.422832 -48.502379 -130.161163 892.611736 0.029055 0.997804 0.059517 0.852275 0.006382 -0.523055 0.522286 -0.065922 0.850219
-4.527680 -46.649887 -336.118711 442.076440 0.053899 0.997813 0.038255 0.858223 -0.026707 -0.512581 0.510438 -0.060459 0.857786
10.033719 -98.791025 -272.246453 9729.383734 -0.298677 0.954203 0.016988 -0.149448 -0.064345 0.986674 -0.942580 -0.292158 -0.161822
6.829381 -73.786701 -695.031676 11069.849087 -0.323829 0.944785 0.050159 0.031542 -0.042205 0.998611 -0.945590 -0.324961 0.016133
7.706447 -56.584311 -405.313634 3830.127925 -0.295317 0.936659 0.188300 0.203543 -0.130884 0.970278 -0.933466 -0.324867 0.151998
-11.046133 -23.016562 -2441.614432 -954.583823 0.592828 0.762660 0.258659 -0.487127 0.595354 -0.638953 0.641298 -0.252789 -0.724455
-12.608407 -26.975882 -1901.260080 3198.307777 0.306175 0.948878 -0.076728 -0.669651 0.157387 -0.725807 0.676627 -0.273605 -0.683605
-9.541724 -28.345723 -1256.936808 3576.200562 0.333138 0.939993 -0.073710 -0.642812 0.169232 -0.747096 0.689791 -0.296267 -0.660616
-6.558451 -32.459785 -2060.116947 -2972.609765 0.000057 0.999983 0.005888 0.806405 -0.003528 0.591354 -0.591364 -0.004715 0.806391
-6.977400 -26.373600 -2072.670193 -2093.010417 -0.017221 0.999812 -0.008898 0.770817 0.018943 0.636775 -0.636824 -0.004107 0.770998
-0.952380 -25.656509 -3622.908064 -999.801337 -0.017628 0.999473 0.027267 0.748954 -0.004867 0.662605 -0.662388 -0.032102 0.748473
-33.357618 -53.740673 2899.997551 -770.271272 0.852836 0.088521 -0.514622 0.020269 0.979172 0.202018 0.521786 -0.182719 0.833279
-40.153821 -63.972099 3010.254320 -917.351509 0.889635 0.210172 -0.405436 -0.128107 0.967010 0.220183 0.438337 -0.143943 0.887210
-35.644222 -57.887872 4060.512052 106.977555 0.856358 -0.065404 -0.512224 0.185442 0.964728 0.186846 0.481937 -0.254995 0.838281
8.790311 -41.654006 764.032351 -2296.196006 0.008894 0.999885 -0.012271 0.957674 -0.012048 -0.287601 0.287716 0.009194 0.957672
10.177810 -47.000358 833.795845 -1368.858404 0.014189 0.999525 -0.027348 0.923914 -0.023564 -0.381875 0.382338 0.019849 0.923809
9.736483 -46.717033 46.008976 -2000.682792 0.041897 0.999070 -0.010185 0.918931 -0.042534 -0.392118 0.392186 -0.007069 0.919859
-6.815569 -205.171878 618.120880 -24804.517241 0.949166 -0.072142 0.306399 0.068512 -0.902701 -0.424779 -0.307231 -0.424178 0.851870
-12.446443 -228.307949 -1413.794617 -18232.102083 0.934232 -0.119124 0.336186 0.146682 -0.730854 -0.666586 -0.325109 -0.672058 0.665314
-24.467366 -228.562572 8816.748769 -16716.304357 0.948071 -0.103171 0.300862 0.123818 -0.751589 -0.647907 -0.292970 -0.651513 0.699785
0.747587 -20.230396 9064.893832 -773.692003 0.060740 0.983399 -0.170986 0.730372 0.072972 0.679141 -0.680344 0.166135 0.713815
5.755144 -21.474022 4755.728863 -2082.346160 0.097053 0.990981 -0.092400 0.725896 -0.006963 0.687770 -0.680923 0.133823 0.720024
5.489260 -21.939854 4075.837497 1826.124728 0.038208 0.991866 -0.121418 0.723666 0.056325 0.687848 -0.689092 0.114148 0.715627
0.318517 -20.227978 6282.490344 2210.198092 -0.036226 0.973902 -0.224061 0.712096 0.182463 0.677958 -0.701147 0.134993 0.700121
0.775236 -44.634412 -6881.662503 -1437.700356 0.900013 0.420312 0.115386 0.277993 -0.757444 0.590761 -0.335702 0.499617 0.798553
13.822646 -41.148620 -4590.377509 -1985.369893 0.895969 0.441055 0.052062 0.336000 -0.749835 0.569957 -0.290420 0.493171 0.820023
9.978909 -55.545515 -5221.808558 -6836.737029 0.861429 0.506183 0.041451 0.416362 -0.750588 0.513088 -0.290829 0.424731 0.857334
16.132673 -30.829661 2264.541289 3499.941999 -0.014586 0.965846 -0.258705 -0.799003 -0.166812 -0.577726 0.601150 -0.198279 -0.774147
12.681491 -37.759965 2256.191028 -632.187331 0.067967 0.981174 -0.180769 -0.730241 -0.074534 -0.679112 0.679800 -0.178162 -0.711428
12.050476 -31.989595 1566.199378 7668.446262 0.024899 0.979302 -0.200867 -0.811979 -0.097398 -0.575503 0.583155 -0.177429 -0.792748
18.108492 -14.604023 3200.901965 12921.711805 -0.106586 0.950586 -0.291591 -0.863046 -0.234076 -0.447616 0.493752 -0.203947 -0.845349
20.718854 -7.102423 2330.033212 8867.533973 -0.156406 0.918113 -0.364151 -0.838299 -0.318361 -0.442608 0.522296 -0.236040 -0.819446
-13.460979 -39.225829 -1419.078276 20.187587 -0.227209 0.877909 0.421488 -0.150341 0.395999 -0.905860 0.962171 0.269186 -0.042011
-9.667783 -36.951131 -733.212613 -296.003218 -0.206371 0.905626 0.370477 -0.100223 0.357071 -0.928685 0.973327 0.228784 -0.017075
-11.801525 -39.260656 -628.180238 119.476980 -0.210160 0.864244 0.457071 -0.253436 0.403373 -0.879239 0.944247 0.300619 -0.134258
-15.242476 -40.407902 -2147.572379 405.644106 -0.224445 0.853790 0.469752 -0.295767 0.399627 -0.867652 0.928518 0.333677 -0.162828
-18.189105 -40.796004 -2544.383648 246.045783 -0.253206 0.858884 0.445203 -0.193551 0.405919 -0.893178 0.947853 0.312328 -0.063457
-9.962123 -45.103404 -5103.518248 -3063.590038 -0.138840 0.962527 -0.232951 -0.444518 0.149629 0.883185 -0.884945 -0.226172 -0.407086
-12.373683 -50.052870 -3851.050773 -2949.277954 -0.154539 0.971219 -0.181251 -0.324924 0.123288 0.937670 -0.933029 -0.203800 -0.296519
-13.094950 -50.424122 -1893.930009 -2266.497819 -0.120437 0.968800 -0.216613 -0.305415 0.171458 0.936655 -0.944572 -0.178965 -0.275237
5.535048 -123.461718 3900.382960 -21947.786721 0.052044 0.982999 -0.176082 -0.276764 0.183612 0.943233 -0.959527 0.000356 -0.281615
3.747676 -156.313719 3484.743169 -17111.772538 0.049414 0.980430 -0.190568 -0.020742 0.191767 0.981221 -0.998563 0.044533 -0.029812
8.403617 -143.579777 6311.107588 -31857.493879 -0.157094 0.968262 0.194398 0.499015 -0.092040 0.861692 -0.852236 -0.232374 0.468718
4.107209 -47.087762 2013.173201 2992.597787 0.288153 0.771992 -0.566565 0.597516 0.317392 0.736367 -0.748293 0.550718 0.369820
3.841454 -37.724898 775.123147 2680.362357 0.253042 0.774511 -0.579743 0.691202 0.274550 0.668477 -0.676912 0.569872 0.465871
5.590798 -55.333422 2067.051984 3356.193783 0.269896 0.770706 -0.577207 0.499702 0.400301 0.768152 -0.823076 0.495753 0.277084
34.095393 -44.785393 13352.374165 -3545.341103 -0.445190 0.895388 -0.009223 -0.848256 -0.418412 0.324644 -0.286824 -0.152352 -0.945791
55.839719 -47.032094 11763.970253 4705.813222 -0.583189 0.807973 -0.084087 0.776325 0.523863 -0.350553 -0.239187 -0.269717 -0.932761
326.417906 -44.027667 59597.497779 -6445.635288 -0.525146 -0.545174 -0.653458 0.840600 -0.452048 -0.298401 -0.132714 -0.706001 0.695665
0.017096 -51.202479 386.893108 -927.028784 -0.088691 0.994712 -0.051782 -0.658615 -0.019565 0.752225 -0.747235 -0.100820 -0.656868
0.721722 -52.847570 349.407807 1522.857559 -0.063160 0.994695 -0.081190 -0.762806 0.004343 0.646613 -0.643535 -0.102772 -0.758486
5.813665 -110.391248 1680.011544 10014.639904 0.016194 0.988571 0.149886 0.287625 -0.148175 0.946211 -0.957606 -0.027788 0.286737
17.008892 -110.046456 4408.430740 8276.044496 0.019244 0.986191 0.164491 0.264523 -0.163681 0.950387 -0.964187 -0.025223 0.264020
-0.985631 -116.100892 571.410297 3696.188370 0.013289 0.991205 0.131665 -0.027534 -0.131264 0.990965 -0.999533 0.016794 -0.025547
9.530708 -80.088654 -1540.386498 4435.966646 0.053635 0.994088 -0.094409 -0.931447 0.015731 -0.363536 0.359901 -0.107435 -0.926784
15.402188 -45.295966 6486.575503 1079.039826 0.023591 0.867477 0.496917 0.951274 0.133380 -0.278006 -0.307443 0.479263 -0.822062
3.549797 -42.953628 5192.599211 644.942400 -0.007132 0.856060 0.516827 0.978197 0.113249 -0.174084 -0.207556 0.504317 -0.838203
1.867077 -44.789316 4499.536057 425.400693 -0.006605 0.858898 0.512105 0.947193 0.169561 -0.272168 -0.320597 0.483264 -0.814661
-0.380859 -57.684896 431.454910 1925.911617 -0.017238 0.984891 0.172313 0.958042 -0.033045 0.284716 -0.286109 -0.169991 0.942998
3.930243 -59.738390 -391.688831 -1984.416923 0.156716 0.976291 0.149317 0.603928 0.024899 -0.796650 0.781480 -0.215025 0.585708
5.031022 -58.333694 -92.150421 -1440.560952 0.125412 0.981380 0.145484 0.696633 0.017299 -0.717219 0.706381 -0.191297 0.681492
5.094696 -61.771471 -176.639367 -1560.495547 0.141733 0.981030 0.132255 0.575447 0.027058 -0.817391 0.805464 -0.191957 0.560696
42.170511 -46.103681 21929.988490 -710.674906 0.314723 0.949133 0.009771 0.898273 -0.301153 0.320019 -0.306683 0.091940 0.947361
5.657514 -45.912630 5776.465264 -1273.450654 0.186421 0.982433 0.008472 0.864765 -0.168173 0.473180 -0.466293 0.080884 0.880925
4.151922 -48.684766 7653.395513 -1202.942614 0.167604 0.985737 -0.015231 0.930906 -0.153158 0.331599 -0.324536 0.069756 0.943298
5.769117 -113.559419 1670.851692 -24610.357131 0.818455 0.425605 0.385994 -0.087138 0.755970 -0.648781 -0.567924 0.497363 0.655814
-23.068634 -226.126897 1341.962286 -17769.072098 0.693199 0.608604 0.386104 0.689469 -0.403846 -0.601283 0.210016 -0.683015 0.699559
-22.116596 -214.460030 2651.928494 5166.166752 0.704208 0.616450 0.352251 0.553328 -0.165635 -0.816329 0.444881 -0.769776 0.457741
-25.630044 -224.995811 13.581542 -14770.584564 -0.688063 -0.624597 -0.369389 0.692056 -0.411731 -0.592904 0.218238 -0.663593 0.715553
-22.724408 -31.987296 -1119.016060 799.102709 -0.858964 0.496096 -0.126767 0.420091 0.824331 0.379476 0.292754 0.272703 -0.916476
-21.910101 -33.796101 -1949.938043 -646.741274 0.964130 -0.193083 0.182133 0.132477 0.944643 0.300166 0.230008 0.265271 -0.936337
-20.593038 -35.151916 -2749.450355 -1282.858476 0.967307 0.059385 0.246557 -0.135597 0.942671 0.304933 0.214314 0.328397 -0.919905
13.617587 -772.082905 -345.633847 174314.441488 -0.845632 -0.467131 -0.258256 -0.457949 0.883498 -0.098556 0.274207 0.034926 -0.961036
7.377892 -725.020218 -187.168282 68842.150120 -0.827885 -0.496403 -0.261135 -0.437749 0.862906 -0.252525 0.350689 -0.094750 -0.931687
7.604751 -795.303448 1006.436344 162426.599855 0.812666 0.532626 0.236399 -0.580306 0.776666 0.245020 0.053099 0.336303 -0.940256
3.466143 -650.578039 1447.273127 116999.718489 -0.840947 -0.456771 -0.290118 -0.264207 0.814494 -0.516522 0.472231 -0.357716 -0.805628
4.558088 -490.621009 -1726.318569 34066.051014 0.776193 0.584262 0.236987 -0.630031 0.733168 0.255978 0.024193 0.347997 -0.937183
-8.792528 -477.225502 3949.619427 47460.505320 -0.836434 -0.495873 -0.233425 -0.472541 0.868245 -0.151182 0.277637 -0.016151 -0.960550
-10.044225 -34.164850 3343.203839 2254.997711 0.422408 0.804988 -0.416614 0.681287 0.021192 0.731709 -0.597846 0.592913 0.539476
-3.147197 -35.482945 1991.917903 2619.983558 0.340569 0.795161 -0.501730 0.694902 0.146585 0.704005 -0.633343 0.588415 0.502637
-60.851773 -88.337641 2473.385023 4143.263149 0.525457 0.007095 0.850791 0.050842 0.997916 -0.039723 -0.849300 0.064128 0.524001
-58.935121 -86.626422 4011.191175 5361.309455 0.633649 0.062637 0.771081 0.054622 0.990607 -0.125356 -0.771690 0.121550 0.624276
-58.539305 -77.406631 1305.973843 8214.009191 0.519878 -0.036849 0.853446 0.224842 0.969744 -0.095092 -0.824120 0.241327 0.512434
13.216821 -135.779034 1238.969095 -11908.618678 0.707858 0.688053 0.159746 -0.456290 0.272778 0.846990 -0.539199 0.672439 -0.507040
-49.338501 -79.041913 -2220.324679 -259.036510 -0.273739 0.958836 -0.075497 0.941394 0.283188 0.183251 -0.197088 0.020910 0.980163
-58.541987 -76.290041 1284.162091 -214.472531 -0.097126 0.985794 -0.137025 0.962711 0.127981 0.238345 -0.252496 0.108766 0.961466
-52.240565 -75.870944 -138.339766 4783.905414 -0.210585 -0.940760 0.265752 0.977574 -0.202219 0.058789 -0.001566 0.272172 0.962247
-54.829526 -77.268847 111.734911 2168.262067 -0.079445 -0.979276 0.186297 0.988446 -0.053187 0.141936 -0.129086 0.195421 0.972187
-42.014543 -60.911880 340.698595 2686.311145 0.670200 -0.449975 -0.590216 0.540357 -0.249307 0.803654 0.508769 0.857536 -0.076061
-42.604868 -64.408552 8.298091 2324.407697 -0.644292 0.381107 0.663057 0.661572 -0.157222 0.733215 0.383681 0.911064 -0.150833
52.741480 -57.732729 -6072.369983 7326.084026 -0.630901 -0.573507 -0.522544 0.010617 0.667056 -0.744932 0.775790 -0.475527 -0.414757
44.431435 -42.803110 -4507.135799 811.361998 -0.640964 -0.496243 -0.585583 0.004410 0.760511 -0.649310 0.767558 -0.418767 -0.485272
35.509000 -34.060678 2722.434802 1047.532901 -0.554177 -0.647374 -0.523254 -0.081583 0.667824 -0.739834 0.828391 -0.367311 -0.422907
32.381362 -32.610102 1709.817528 -773.422770 -0.560175 -0.613704 -0.556391 -0.089448 0.712552 -0.695895 0.823531 -0.340055 -0.454048
37.639540 -37.530810 1479.764166 -225.578116 -0.632566 -0.523086 -0.571176 -0.058672 0.767715 -0.638099 0.772281 -0.370127 -0.516321
-7.053569 -20.419600 -255.645867 334.871546 0.698078 -0.698571 0.157113 0.707716 0.706490 -0.003233 -0.108740 0.113448 0.987575
-3.695049 -18.946041 -373.948664 -96.815270 0.552112 -0.818472 0.158983 0.828581 0.559849 0.004721 -0.092870 0.129124 0.987270
-5.738759 -61.725218 -265.193856 2481.669919 -0.066812 0.992968 0.097725 0.985746 0.080847 -0.147540 0.154403 -0.086475 0.984216
7.727835 -103.570964 420.265927 -332.610648 -0.236851 0.955463 0.176048 0.341553 0.251525 -0.905581 0.909529 0.154359 0.385915
6.886924 -106.404046 1502.996013 3600.610285 -0.284503 0.942463 0.175559 0.148886 0.224342 -0.963070 0.947043 0.247858 0.204145
3.330057 -105.983629 1164.451818 -4857.941930 -0.290219 0.940458 0.176951 0.245316 0.251845 -0.936159 0.924983 0.228282 0.303800
-6.002111 -27.121426 2344.290624 -4736.313464 -0.719079 -0.563709 -0.406397 -0.327498 0.790681 -0.517270 0.612920 -0.238863 -0.753176
1.475624 -42.102263 -2269.306493 -1449.069921 -0.022752 0.999732 0.004180 0.898984 0.018629 0.437585 -0.437390 -0.013714 0.899167
-5.030556 -38.177854 -2023.768896 -2948.821899 0.022753 0.999490 0.022403 0.857855 -0.031027 0.512954 -0.513387 -0.007548 0.858124
6.821629 -42.466230 -1755.672627 659.091119 -0.053075 0.998389 -0.020080 0.931203 0.056745 0.360056 -0.360615 -0.000411 0.932715
3.311880 -42.706288 -1821.002352 838.047933 -0.017203 0.999843 0.004251 0.942469 0.014796 0.333966 -0.333851 -0.009752 0.942575
-2.982826 -42.495367 -1747.000301 -1052.589338 0.042045 0.998643 0.030745 0.908289 -0.051024 0.415219 -0.416224 -0.010468 0.909202
15.952358 -53.057719 -1642.008821 157.232574 0.046313 0.998833 0.013666 0.703153 -0.022880 -0.710671 0.709529 -0.042523 0.703392
