17419
34821
-39.709950 -62.763709 340.382710 6881.526938 -0.229252 -0.955384 0.186237 0.970044 -0.208452 0.124748 -0.080360 0.209257 0.974553
-38.331830 -68.209648 2678.714387 6047.609500 -0.288337 -0.935221 0.205484 0.946918 -0.246639 0.206194 -0.142157 0.254030 0.956692
-49.699760 -79.912208 448.838667 3871.110985 0.004816 0.968649 -0.248387 0.959337 0.065626 0.274528 -0.282222 0.239609 0.928945
-36.544665 -58.583463 406.845721 6115.982098 -0.509729 -0.826472 0.238998 0.858816 -0.472304 0.198402 -0.051094 0.306387 0.950535
-40.964549 -90.255709 564.833336 15038.173397 0.256317 -0.942038 0.216485 0.960386 0.273542 0.053231 -0.109363 0.194265 0.974834
-33.587771 -53.993421 2419.185925 8837.594473 -0.107688 -0.981296 0.159564 0.993551 -0.111955 -0.017969 0.035497 0.156600 0.987024
-31.120569 -49.080579 586.238464 4388.136779 -0.604255 -0.771167 0.200442 0.796621 -0.589889 0.132005 0.016440 0.239441 0.970772
59.541960 -88.942677 -5587.652749 -946.260619 -0.249432 0.961891 0.112020 0.482469 0.223735 -0.846857 0.839647 0.157187 0.519889
69.646175 -99.894373 -649.348383 -7183.525700 -0.425530 0.903774 0.045999 0.482169 0.269451 -0.833612 0.765792 0.332548 0.550431
71.527344 -98.281055 -1122.425506 -6157.378153 -0.295599 0.955304 0.004007 0.331844 0.106613 -0.937291 0.895824 0.275732 0.348526
60.480687 -82.788286 -2924.419603 -4218.068420 -0.133001 0.989479 0.056931 0.401693 0.106328 -0.909581 0.906065 0.098107 0.411608
48.657104 -85.452554 -4736.729615 6472.830979 -0.147080 0.978123 0.147117 0.518975 0.202929 -0.830352 0.842041 0.045778 0.537468
-37.293561 -60.814516 -435.321068 -6122.499056 0.199060 0.948855 -0.245051 0.269768 -0.293450 -0.917122 0.942126 -0.116455 0.314384
-36.936150 -52.100917 1984.769945 -4852.916321 0.222944 0.950971 -0.214358 0.361223 -0.284829 -0.887913 0.905436 -0.120524 0.407014
-38.596447 -63.522065 1927.319216 -5274.346367 0.266757 0.938406 -0.219623 0.223156 -0.281829 -0.933153 0.937572 -0.199915 0.284591
-39.143992 -72.942208 -973.904708 -5507.292158 0.240420 0.951181 -0.193528 0.124279 -0.227899 -0.965721 0.962680 -0.208128 0.173003
-41.658854 -73.335735 -3065.639838 -8150.816125 0.157712 0.970930 -0.180059 0.191017 -0.208893 -0.959102 0.968834 -0.116867 0.218409
-2.780382 -23.492540 571.390637 751.584292 0.055436 0.952267 0.300192 0.941663 -0.149822 0.301369 -0.331959 -0.265973 0.905020
1.019547 -24.388763 658.584729 -1407.764597 -0.034811 0.963226 0.266427 0.955081 -0.046438 0.292682 -0.294292 -0.264648 0.918343
11.481181 -27.110622 5568.281660 1067.758889 0.100680 0.946556 0.306422 0.933816 -0.196174 0.299171 -0.343294 -0.256022 0.903660
-1.322335 -23.182793 -847.341549 -2195.501940 -0.169350 0.960338 0.221523 0.937131 0.087319 0.337876 -0.305132 -0.264816 0.914750
7.203852 -30.632934 5409.786604 3270.033440 0.189001 0.926333 0.325863 0.903993 -0.293731 0.310675 -0.383504 -0.235860 0.892914
-5.847081 -26.543587 1193.592710 3460.477497 0.178110 0.924726 0.336390 0.913776 -0.282268 0.292127 -0.365090 -0.255354 0.895267
-4.531308 -21.145571 -1062.678022 -118.817429 -0.125019 0.960541 0.248459 0.934100 0.029547 0.355787 -0.334407 -0.276566 0.900935
-4.548273 -48.293880 -6249.594557 -870.561209 0.336013 0.920385 0.199965 0.426494 0.040609 -0.903578 0.839761 -0.388898 0.378894
-14.654899 -45.671928 -794.114795 -1551.122723 0.356080 0.929884 0.092315 0.497716 -0.105120 -0.860946 0.790876 -0.352513 0.500249
-3.450392 -44.755140 -11211.954364 -1270.764034 0.342250 0.911213 0.229252 0.515420 0.021935 -0.856657 0.785626 -0.411351 0.462150
22.037751 -42.301867 -6353.632334 -1227.102659 0.442305 -0.886312 0.137174 0.896645 0.440380 -0.045754 -0.019857 0.143234 0.989490
11.238463 -43.689554 -6231.516151 -1171.835072 0.470304 -0.866713 0.166200 0.880933 0.449833 -0.146993 0.052638 0.215542 0.975075
23.966055 -44.820688 -7862.675628 -1235.656638 0.461498 -0.875489 0.143313 0.882948 0.437596 -0.170036 0.086151 0.205009 0.974961
0.165942 -70.945911 466.930274 6388.944096 0.016135 0.999863 -0.003692 -0.685826 0.013754 0.727636 -0.727587 0.009208 -0.685954
-2.879701 -76.717524 1697.145153 7686.639846 0.038972 0.999230 0.004506 -0.679515 0.023196 0.733295 -0.732626 0.031640 -0.679896
-0.139068 -59.199181 416.383640 4379.619857 -0.018006 0.999685 0.017462 -0.570776 -0.024617 0.820737 -0.820909 -0.004811 -0.571039
1.314597 -57.615186 -910.741191 3454.211475 -0.032548 0.999462 -0.004061 -0.582211 -0.015657 0.812887 -0.812386 -0.028822 -0.582408
1.622462 -66.789847 -602.315455 4530.340605 -0.002337 0.999792 -0.020267 -0.698309 0.012876 0.715680 -0.715792 -0.015825 -0.698134
20.300417 -40.932237 3430.258701 1962.690167 0.162618 0.968514 -0.188510 -0.953859 0.203184 0.221063 -0.252405 -0.143864 -0.956867
22.963726 -45.727755 1647.235308 -2144.015646 0.179346 0.951005 -0.251841 0.976883 -0.202425 -0.068723 -0.116335 -0.233694 -0.965326
25.185426 -48.020391 6225.738284 3765.939391 0.143472 0.980805 -0.132047 -0.981925 0.157722 0.104627 -0.123445 -0.114649 -0.985706
16.108538 -41.888185 5774.412769 2845.453531 0.144448 0.983739 -0.106736 -0.961816 0.164928 0.218423 -0.232475 -0.071109 -0.969999
13.081459 -37.592263 4934.397756 982.777215 0.130157 0.985284 -0.110794 -0.924436 0.160992 0.345689 -0.358438 -0.057428 -0.931785
13.456239 -38.157333 2868.222086 -89.039486 0.161839 0.972446 -0.167799 -0.911031 0.212583 0.353314 -0.379250 -0.095690 -0.920333
215.276753 -26.921438 369588.158357 -1620.370575 -0.151022 0.987058 -0.053929 -0.912112 -0.118107 0.392558 -0.381108 -0.108475 -0.918145
209.149848 -29.496209 341649.818543 -2006.132758 -0.053529 0.997333 -0.049613 -0.889540 -0.025051 0.456169 -0.453710 -0.068551 -0.888509
649.430745 -34.769325 1035050.572728 1710.724734 -0.201759 0.974058 -0.102487 -0.881766 -0.135092 0.451928 -0.426359 -0.181550 -0.886147
1081.577888 -24.040473 1475305.114861 9724.772133 -0.236581 0.941702 -0.239220 0.932411 0.150816 -0.328428 -0.273203 -0.300751 -0.913734
1301.869337 -36.251922 2068371.388392 2090.551811 -0.304368 0.875011 -0.376451 0.899742 0.134326 -0.415236 -0.312769 -0.465094 -0.828169
1754.449890 -55.482893 2580110.887614 10505.238016 -0.222537 0.942824 -0.248112 -0.879564 -0.084385 0.468237 -0.420528 -0.322431 -0.848054
1126.401573 -37.173169 1411183.825175 -2822.555471 -0.160132 0.948717 -0.272569 -0.893515 -0.021960 0.448497 -0.419511 -0.315363 -0.851209
81.580423 -65.130476 -4462.247093 -196.942291 -0.184728 0.974987 -0.123598 0.752898 0.221226 0.619842 -0.631680 -0.021446 0.774932
88.127541 -67.341917 -2302.398459 14602.208144 -0.192735 0.972660 -0.129559 0.842423 0.231723 0.486444 -0.503167 0.015389 0.864052
81.067682 -73.645758 -14356.883957 12960.478208 -0.227641 0.971779 -0.061851 0.796714 0.222398 0.561949 -0.559846 -0.078645 0.824856
79.702489 -53.246332 13781.205645 8118.993623 -0.060300 0.947562 -0.313830 0.813879 0.228697 0.534134 -0.577897 0.223212 0.784991
77.119609 -75.815419 -15909.441425 -8759.733453 -0.224823 0.974227 -0.018360 0.663283 0.166814 0.729540 -0.713800 -0.151840 0.683692
90.302784 -49.865230 10006.131384 -5013.769446 -0.047259 0.971947 -0.230405 0.690090 0.198535 0.695960 -0.722179 0.126110 0.680113
84.858186 -66.034540 -8433.877726 -15443.349265 -0.139544 0.984856 -0.102893 0.603306 0.166956 0.779838 -0.785206 -0.046746 0.617467
-5.057784 -117.843429 -713.187655 4054.307205 -0.529175 -0.316493 -0.787278 0.413159 0.714303 -0.564864 0.741130 -0.624183 -0.247230
-5.266408 -109.929534 -357.313312 6511.708404 -0.528366 -0.293949 -0.796507 0.274949 0.828354 -0.488091 0.803264 -0.476890 -0.356852
-3.587991 -120.223397 -650.310919 3093.945867 -0.519000 -0.313005 -0.795403 0.405310 0.729163 -0.551403 0.752570 -0.608563 -0.251572
-3.285910 -123.857784 -738.758068 88.350596 -0.525423 -0.324739 -0.786432 0.533992 0.593738 -0.601936 0.662407 -0.736220 -0.138556
-4.908307 -123.854703 -732.987353 1794.991991 -0.535842 -0.326249 -0.778739 0.539695 0.576953 -0.613070 0.649309 -0.748790 -0.133081
-3.766208 -95.149834 912.497326 -3128.476601 0.037735 0.958258 0.283404 -0.816371 -0.133995 0.561769 -0.576294 0.252562 -0.777237
1.505912 -94.898379 1591.777637 -1881.962134 0.001600 0.946800 0.321820 -0.817008 -0.184332 0.546370 -0.576624 0.263804 -0.773248
-4.857283 -91.447420 711.889675 -2860.472038 0.022533 0.957222 0.288475 -0.906597 -0.102060 0.409470 -0.421395 0.270758 -0.865515
-0.375603 -97.976709 1387.210206 -1419.179482 0.028994 0.952442 0.303338 -0.685610 -0.201882 0.699416 -0.727392 0.228250 -0.647150
-7.884761 -91.408341 608.795110 -4074.026464 0.054522 0.966858 0.249424 -0.908902 -0.055371 0.413318 -0.413431 0.249237 -0.875760
-4.928850 -100.680991 964.945248 -2215.816249 0.046111 0.962191 0.268443 -0.683889 -0.165470 0.710574 -0.728128 0.216350 -0.650402
-7.214309 -96.579948 828.246773 -4406.389714 0.057229 0.967067 0.248004 -0.820142 -0.096111 0.564030 -0.569291 0.235677 -0.787632
13.407835 -171.503402 -2464.537941 -37077.450040 -0.574320 -0.270082 -0.772795 -0.514688 0.853222 0.084311 0.636595 0.446170 -0.629030
13.810741 -123.528011 -2857.905351 -34149.355769 -0.544062 -0.290612 -0.787109 -0.399169 0.914789 -0.061842 0.738011 0.280544 -0.613706
6.802715 -168.499144 155.135089 -25325.360188 -0.554035 -0.304696 -0.774729 -0.573954 0.813887 0.090358 0.603011 0.494720 -0.625804
8.412682 -193.184239 1189.982819 18463.348519 0.581544 0.278602 0.764322 0.667186 -0.700917 -0.252146 0.465478 0.656579 -0.593493
5.187275 -81.239937 -2702.194295 5426.886031 -0.468122 -0.251671 -0.847067 -0.158666 0.966946 -0.199602 0.869302 0.040963 -0.492581
6.961504 -78.806177 -3144.697648 -3439.541534 -0.457771 -0.302589 -0.835994 -0.268305 0.943479 -0.194575 0.847619 0.135231 -0.513083
7.961778 -76.044436 -2385.227141 6082.619479 -0.475015 -0.263841 -0.839493 -0.176523 0.963172 -0.202829 0.862091 0.051843 -0.504095
7.178696 -90.300328 -1552.621502 13551.516618 -0.488290 -0.226284 -0.842834 -0.068810 0.972774 -0.221306 0.869964 -0.050066 -0.490566
4.480828 -94.637411 -2042.559907 11053.551387 -0.476875 -0.224698 -0.849765 -0.042841 0.971565 -0.232864 0.877927 -0.074642 -0.472941
22.038008 -39.146535 9425.411254 691.068766 0.428609 -0.705176 -0.564820 0.901752 0.372646 0.219041 0.056015 -0.603210 0.795613
30.292823 -36.715702 7970.360066 -295.109618 0.297209 -0.805109 -0.513290 0.952725 0.285592 0.103695 0.063106 -0.519843 0.851928
9.582584 -36.138343 6233.149570 525.141686 0.475345 -0.697413 -0.536342 0.870833 0.459776 0.173942 0.125287 -0.549747 0.825882
-35.715105 -108.696252 11131.154364 8713.498549 0.664951 0.055318 0.744836 -0.643803 -0.463095 0.609148 -0.378627 0.884580 0.272322
-26.369830 -113.752524 8338.157311 -1719.362999 0.613668 0.033153 0.788867 0.766513 0.214639 -0.605300 -0.189389 0.976131 0.106304
-41.544045 -106.058918 4085.610554 -6458.794757 0.575206 0.084488 0.813634 0.717453 0.425682 -0.551413 -0.392937 0.900920 0.184239
-47.677613 -90.366922 7749.868811 10019.919046 0.656583 0.156719 0.737793 -0.501783 -0.639549 0.582401 -0.563128 0.752606 0.341278
-6.301914 -149.420579 680.231495 -18839.624856 0.654719 0.096558 0.749679 -0.636512 0.605349 0.477918 0.407670 0.790082 -0.457794
-6.903268 -127.213611 10.690229 -9672.209930 0.661302 0.105639 0.742644 -0.549635 0.741977 0.383889 0.510471 0.662050 -0.548734
-8.327560 -146.075492 789.327486 -21814.030393 0.659047 0.110879 0.743884 -0.603465 0.668262 0.435035 0.448873 0.735617 -0.507328
-3.369349 -78.472768 -832.086184 3977.893934 0.597116 -0.292974 0.746738 0.660034 -0.349584 -0.664941 0.455858 0.889920 -0.015369
-5.209048 -83.380533 -396.661329 13989.634740 0.534902 -0.267148 0.801568 0.742087 -0.305039 -0.596873 0.403963 0.914102 0.035082
-8.746905 -67.515077 -4363.158459 -4295.699745 0.637800 -0.294523 0.711665 -0.619358 0.353122 0.701213 0.457829 0.888009 -0.042806
-3.306833 -76.663733 -1907.576369 10638.732483 0.675515 -0.356174 0.645616 -0.539677 0.357794 0.762058 0.502423 0.863205 -0.049477
-31.143588 -87.748013 -10780.728113 -15861.618283 0.592686 -0.306561 0.744812 0.600071 -0.448760 -0.662215 0.537251 0.839426 -0.082015
-24.623039 -92.418528 5235.703811 -15567.907524 0.256158 -0.033012 0.966071 0.836074 -0.494029 -0.238570 0.485142 0.868819 -0.098949
-41.432746 -70.164446 -19854.815966 2758.611238 0.518612 -0.233338 0.822554 0.746742 -0.344953 -0.568668 0.416434 0.909154 -0.004654
-30.206297 -383.934566 -11134.402541 219463.129697 0.504367 -0.245661 0.827807 0.853454 0.287559 -0.434657 -0.131265 0.925722 0.354696
-167.656075 -407.297808 -8587.950381 -143446.600442 -0.506903 -0.174244 0.844209 0.844572 -0.296347 0.445956 0.172473 0.939052 0.297380
-5.756498 -187.366333 -4084.710734 74721.202544 0.534504 -0.233799 0.812184 0.841803 0.232913 -0.486949 -0.075321 0.943975 0.321306
-4.100618 -304.183850 1679.257224 70992.816459 0.534761 -0.205680 0.819589 0.780881 0.490908 -0.386309 -0.322887 0.846584 0.423130
-10.061993 -148.630233 1880.494337 20809.457435 0.605011 -0.212425 0.767357 0.793143 0.245400 -0.557408 -0.069902 0.945862 0.316953
-1.555860 -232.648130 -5612.383550 -50792.482627 0.700825 -0.084734 0.708282 -0.636721 -0.521965 0.567573 -0.321606 0.848748 0.419758
-24.993348 -42.528117 -960.058558 -1023.708890 -0.032706 0.868361 -0.494853 -0.125721 -0.494760 -0.859888 0.991526 -0.034090 -0.125352
-22.115213 -41.854535 -782.897393 -1107.789301 0.024522 0.873939 -0.485417 -0.031861 -0.484633 -0.874137 0.999191 -0.036901 -0.015960
-23.730834 -45.622225 -855.642316 -947.784667 0.012349 0.824407 -0.565862 -0.202267 -0.552147 -0.808840 0.979252 -0.124444 -0.159932
-45.807938 -56.867216 -3060.439681 3438.149774 0.067717 0.989470 0.127917 -0.700068 0.138473 -0.700521 0.710858 0.042113 -0.702073
-51.986567 -59.816095 -75.055439 6816.371475 -0.489261 0.828995 -0.270908 -0.532175 -0.529870 -0.660324 0.690952 0.178900 -0.700415
-53.469392 -67.505524 -1955.840903 6512.280222 -0.194747 0.974744 -0.109303 -0.595007 -0.205993 -0.776875 0.779770 0.086258 -0.620096
-28.406158 -3772.509860 -242902.383806 1317112.765047 0.007520 -0.411487 0.911385 0.822393 0.521034 0.228459 -0.568870 0.747798 0.342322
-3599.017103 -39431.763064 -2009847.527697 -62028978.532104 0.010599 -0.400621 0.916182 0.399280 0.841716 0.363440 -0.916768 0.361961 0.168881
-292.517404 -2512.588169 -341905.055110 -1901303.935869 0.034909 -0.302203 0.952604 0.453294 0.854286 0.254401 -0.890677 0.422929 0.166809
-146.395542 -376.046321 36268.676244 -77430.801912 0.065840 0.991858 0.109008 -0.843918 0.113641 -0.524297 0.532416 0.057474 -0.844529
-228.514775 -359.442914 52387.423841 -75905.189642 0.226122 0.971146 -0.075798 -0.827889 0.150596 -0.540297 0.513292 -0.184925 -0.838054
-157.817615 -340.454855 32573.554050 6233.297979 0.145999 0.987059 0.066317 -0.979356 0.153683 -0.131313 0.139806 0.045776 -0.989120
-74.946470 -364.798136 21311.377561 2698.590717 -0.004675 0.973435 0.228916 0.978802 -0.042418 0.200367 0.204754 0.225000 -0.952602
-168.062181 -345.270272 30997.421553 72433.521030 0.271201 0.962512 0.004506 -0.916624 0.256837 0.306327 -0.293686 0.087207 -0.951916
-91.262752 -429.029984 21269.955780 111352.188740 0.066699 0.974040 0.216326 -0.961112 0.004490 0.276122 -0.267983 0.226330 -0.936461
74.510078 -85.930084 8605.968244 6794.871881 -0.060852 0.706832 -0.704760 0.631458 -0.519556 -0.575606 0.773018 0.480053 0.414719
86.783388 -127.643267 2203.245738 21703.717905 0.103151 0.796802 -0.595371 0.730066 -0.467177 -0.498748 0.675547 0.383213 0.629908
80.975190 -120.585947 12198.293782 16322.927292 -0.035458 0.626573 -0.778556 0.753795 -0.494726 -0.432481 0.656153 0.602206 0.454765
48.637892 0.320178 -2042.012346 -3802.980510 -0.475656 0.018541 -0.879436 -0.231610 0.961859 0.145549 0.848592 0.272917 -0.453220
48.436980 -1.739924 -1801.578252 -1091.937477 -0.484406 0.035397 -0.874127 -0.227199 0.959808 0.164772 0.844826 0.278417 -0.456895
46.625487 -2.072240 8712.915282 -2946.675690 -0.609062 0.022878 -0.792792 -0.208766 0.959710 0.188079 0.765154 0.280060 -0.579747
46.188349 -0.700591 -10123.411947 -1550.650242 -0.370940 0.059045 -0.926778 -0.228244 0.961568 0.152616 0.900171 0.268143 -0.343207
47.139608 3.137577 8173.169462 -6169.850882 -0.605335 0.021784 -0.795673 -0.205148 0.961585 0.182399 0.769080 0.273643 -0.577612
44.567835 5.110615 -10843.465501 -3508.066557 -0.351207 0.065791 -0.933984 -0.225359 0.962263 0.152524 0.908772 0.264049 -0.323127
4.392595 -49.425404 1674.420623 -4684.924465 0.590557 0.804566 -0.062578 0.679106 -0.453579 0.577132 -0.435957 0.383327 0.814250
6.951603 -47.265356 1681.902280 -5470.930821 0.596036 0.801868 -0.041831 0.665741 -0.464382 0.584071 -0.448922 0.375976 0.810624
5.851632 -42.351949 1397.153855 -5016.385191 0.576209 0.815031 -0.060892 0.656498 -0.417176 0.628469 -0.486819 0.402106 0.775447
-41.212752 -59.708021 1372.238191 50.999198 0.625977 -0.214456 -0.749775 0.574554 0.776916 0.257468 -0.527296 0.591955 -0.609547
-42.662204 -59.842354 -1244.470496 -413.410577 -0.594119 0.102986 0.797757 0.496088 0.827605 0.262616 -0.633182 0.551783 -0.542786
-43.353527 -60.216522 -1641.182448 -39.468173 -0.614803 0.157701 0.772753 0.619099 0.703510 0.348985 -0.488604 0.692968 -0.530152
-40.922069 -60.443371 -522.529871 11.852592 -0.616190 0.127644 0.777186 0.428015 0.882619 0.194390 -0.661146 0.452428 -0.598494
-40.193761 -58.922983 -1406.079453 345.074660 -0.651316 0.250494 0.716268 0.662482 0.647996 0.375790 -0.370007 0.719273 -0.587998
-39.143331 -60.574910 -207.252546 892.471350 -0.646571 0.213150 0.732471 0.489663 0.852224 0.184241 -0.584958 0.477789 -0.655395
-38.394759 -59.333701 979.392443 533.518895 0.711091 -0.242173 -0.660077 0.514687 0.818881 0.254028 -0.479006 0.520370 -0.706943
-38.306388 -58.458789 381.824417 239.752810 0.675538 -0.277504 -0.683110 0.613907 0.724822 0.312652 -0.408371 0.630575 -0.660007
84.282382 -61.644621 11813.072008 5430.070241 -0.489481 0.807944 0.328076 -0.243341 -0.487839 0.838331 -0.837373 -0.330513 -0.435394
57.183813 -82.148946 14171.847912 9050.963253 -0.287133 0.904500 0.315332 -0.372635 -0.408738 0.833113 -0.882439 -0.121711 -0.454410
76.754369 -67.295403 18647.660386 7078.996701 -0.311401 0.873196 0.374911 -0.234408 -0.452919 0.860184 -0.920914 -0.179981 -0.345724
-3.733784 -17.086100 -5514.063674 1765.572361 0.433475 0.881872 0.185477 0.331246 -0.347333 0.877289 -0.838079 0.318844 0.442677
-7.569044 -22.055267 -4169.832173 1605.737604 0.438535 0.883008 0.167283 0.312734 -0.324438 0.892714 -0.842546 0.339171 0.418424
0.440265 -16.901498 -5467.874999 1114.040773 0.471274 0.798426 0.374723 0.167206 -0.498037 0.850883 -0.865993 0.338343 0.368213
81.304631 -57.680500 -9770.838503 -1955.527311 0.139921 0.519170 0.843140 0.643467 0.599522 -0.475945 -0.752577 0.609127 -0.250183
63.932804 -70.273385 -2271.998250 -5727.902520 0.117992 0.420689 0.899499 0.741199 0.565501 -0.361707 -0.660834 0.709387 -0.245090
79.755044 -60.613205 -22732.716410 -8295.200614 0.187702 0.458690 0.868546 0.683400 0.574150 -0.450906 -0.705501 0.678200 -0.205699
101.022144 -46.314518 -18652.015649 -4560.390583 0.224125 0.507941 0.831724 0.593389 0.605873 -0.529913 -0.773083 0.612302 -0.165615
95.532396 -53.663890 -6114.780498 2370.914952 0.164187 0.616837 0.769776 -0.519786 -0.609136 0.598979 -0.838370 0.498463 -0.220611
-2.464619 -42.424247 -1738.754879 -2034.111404 -0.167247 0.949727 0.264664 -0.008098 -0.269759 0.962894 -0.985882 -0.158898 -0.052807
-4.501894 -44.374119 -1873.540135 448.294158 -0.167448 0.948295 0.269624 0.105179 -0.254742 0.961272 -0.980254 -0.189322 0.057085
-6.234800 -43.275509 -529.486240 -1131.485883 -0.141804 0.970263 0.196168 0.016733 -0.195793 0.980503 -0.989753 -0.142322 -0.011528
1.613230 -67.430370 88.497062 -1421.814398 -0.599139 0.772183 0.211581 -0.698721 -0.633309 0.332730 -0.390924 -0.051516 -0.918980
1.550307 -63.440382 -181.550571 -1991.649638 -0.578232 0.791203 0.199109 -0.728711 -0.610596 0.310085 -0.366916 -0.034208 -0.929625
3.664534 -69.304666 4.910107 1717.321942 -0.534550 0.820281 0.203458 -0.802206 -0.568226 0.183260 -0.265935 0.065253 -0.961780
0.603613 -69.225537 -88.615622 -3625.387968 -0.613108 0.760900 0.212437 -0.618962 -0.629773 0.469331 -0.490901 -0.156260 -0.857088
3.237619 -75.009255 383.358056 2534.877028 -0.568474 0.791560 0.224212 -0.766952 -0.608507 0.203726 -0.297696 0.056147 -0.953008
0.852440 -70.486326 76.110939 -2776.732636 -0.619081 0.756038 0.212472 -0.597148 -0.628899 0.497896 -0.510052 -0.181361 -0.840806
1.575247 -69.515481 114.461391 -49.382116 -0.615278 0.757008 0.219935 -0.668744 -0.648951 0.362827 -0.417390 -0.076159 -0.905530
-1.474777 -132.805834 -340.894056 -7946.947091 -0.545990 0.807774 0.222252 -0.668525 -0.579957 0.465537 -0.504945 -0.105597 -0.856668
-0.323760 -141.191944 -303.553562 -8595.610541 -0.526606 0.822653 0.214309 -0.688907 -0.560671 0.459407 -0.498089 -0.094288 -0.861985
-0.048623 -141.692059 -408.408987 -2726.362577 -0.565919 0.790909 0.232804 -0.474898 -0.543532 0.692131 -0.673949 -0.281132 -0.683196
-1.704765 -123.288596 -219.253669 -9979.645635 -0.504474 0.838899 0.204340 -0.814391 -0.540926 0.210159 -0.286835 0.060393 -0.956074
-1.408540 -134.483210 -428.428228 -3872.253278 -0.576847 0.779212 0.245105 -0.465822 -0.560284 0.684903 -0.671013 -0.280909 -0.686172
-2.703170 -126.128724 -379.093542 -8145.492490 -0.557573 0.796301 0.234555 -0.657938 -0.596205 0.460063 -0.506191 -0.102196 -0.856345
-2.766844 -115.632197 -283.657121 -7868.254759 -0.521236 0.826815 0.211399 -0.797892 -0.560025 0.223026 -0.302790 0.052425 -0.951614
57.950578 -16.885158 4477.312829 -11007.020544 0.223599 0.824530 -0.519763 -0.571167 0.542953 0.615605 -0.789792 -0.159222 -0.592348
55.205637 -21.026795 2515.295525 -10330.344509 0.162046 0.780692 -0.603540 -0.552550 0.578533 0.599990 -0.817575 -0.236260 -0.525121
61.405645 -14.183872 1104.386531 -3129.239901 0.141825 0.745909 -0.650773 -0.542123 0.608591 0.579414 -0.828244 -0.270623 -0.490688
59.362200 -14.906986 -6677.305678 2021.407932 0.019526 0.661908 -0.749331 -0.513859 0.649555 0.560382 -0.857653 -0.374108 -0.352810
64.807817 -12.010348 -3242.827935 2988.326113 0.089351 0.730551 -0.676987 -0.525984 0.611806 0.590791 -0.845788 -0.303297 -0.438924
63.607273 -12.471973 4198.191674 -2435.351255 0.204720 0.796588 -0.568804 -0.553127 0.573580 0.604199 -0.807552 -0.190930 -0.558037
3.686857 -36.466099 711.314210 2785.588907 0.076456 0.751819 -0.654922 0.519095 0.530793 0.669925 -0.851290 0.391186 0.349683
3.755434 -34.430966 4515.884712 2173.201485 -0.030525 0.651727 -0.757839 0.568022 0.635174 0.523359 -0.822447 0.414494 0.389584
7.422472 -39.462890 6000.640904 490.728974 0.068264 0.724720 -0.685654 0.480205 0.578541 0.659313 -0.874496 0.374262 0.308521
8.480211 -114.049100 -667.070938 9374.653882 -0.458866 0.771421 0.440854 0.601068 -0.095894 0.793424 -0.654339 -0.629059 0.419673
8.039958 -99.823232 990.389530 294.541540 0.423213 -0.755946 -0.499436 0.723519 -0.049820 0.688505 -0.545355 -0.652735 0.525856
5.683854 -98.137320 712.055870 4466.788348 0.487144 -0.749025 -0.449057 0.579933 -0.107007 0.807606 -0.652969 -0.653843 0.382257
6.152384 -112.568209 -544.147437 11934.859712 -0.520447 0.763383 0.382597 0.422000 -0.159575 0.892441 -0.742328 -0.625925 0.239097
2.874605 -87.548558 582.246913 1978.137483 0.513205 -0.737022 -0.439794 0.557585 -0.103242 0.823675 -0.652472 -0.667937 0.357968
3.757978 -98.231295 -528.610891 9866.537837 -0.545709 0.747945 0.377861 0.410320 -0.154664 0.898731 -0.730643 -0.645490 0.222496
1.617036 -150.050192 -2105.263776 11418.952706 0.461081 -0.587526 0.664995 0.370868 0.808410 0.457089 -0.806140 0.035870 0.590636
4.785478 -146.182028 -242.888106 9325.955663 0.469859 -0.611802 0.636342 0.289014 0.787757 0.543977 -0.834088 -0.071681 0.546954
-1.904926 -167.606968 -2938.183161 11064.619711 0.458088 -0.576651 0.676483 0.170296 0.803863 0.569915 -0.872442 -0.145870 0.466441
9.773421 -119.431279 1620.125892 17688.926580 -0.735769 0.520345 -0.433458 0.566069 0.823877 0.028155 0.371766 -0.224652 -0.900734
19.193634 -116.428070 7395.169104 23153.900570 -0.734015 0.519575 -0.437338 0.554133 0.830500 0.056628 0.392631 -0.200778 -0.897513
9.523977 -95.298707 2893.061100 21314.252321 -0.733107 0.534554 -0.420484 0.510535 0.841009 0.179050 0.449342 -0.083409 -0.889457
4.943641 -100.681494 753.670347 15781.435655 -0.734865 0.532562 -0.419941 0.521287 0.839629 0.152591 0.433859 -0.106776 -0.894631
5.762386 -119.099864 -764.322453 11801.595541 -0.727758 0.531962 -0.432881 0.587636 0.809101 0.006362 0.353628 -0.249746 -0.901429
46.372080 -29.028649 -683.095428 9840.233274 0.218201 -0.549889 0.806232 -0.379927 0.713098 0.589192 -0.898913 -0.434871 -0.053319
47.341092 -44.297080 -5575.161308 13308.783930 0.330911 -0.604552 0.724580 -0.361976 0.627783 0.689102 -0.871477 -0.490312 -0.011093
39.304641 -46.393891 4264.076803 10857.623713 -0.283926 0.641661 -0.712501 -0.410448 0.590225 0.695102 -0.866555 -0.489802 -0.095788
13.365478 -111.322564 4447.968957 -1023.733813 0.666219 -0.354289 0.656225 0.703631 0.007069 -0.710530 0.247094 0.935109 0.253998
19.750181 -109.751778 5161.357596 -916.335982 0.660814 -0.361893 0.657540 0.745732 0.217469 -0.629755 0.084909 0.906499 0.413582
20.491254 -110.716916 4804.079926 -591.301971 0.645171 -0.337893 0.685261 0.729728 0.006760 -0.683704 0.226386 0.941160 0.250932
101.012363 -279.892395 -16872.721188 86221.100122 0.772357 -0.316783 0.550557 0.339764 -0.526299 -0.779468 -0.536680 -0.789087 0.298859
83.330312 -466.461268 -4367.596569 194421.092967 0.822469 -0.204053 0.530949 0.265096 -0.688357 -0.675196 -0.503258 -0.696080 0.512058
102.851642 -317.252564 1580.797779 120392.469628 0.852013 -0.181256 0.491142 0.348195 -0.504370 -0.790171 -0.390941 -0.844249 0.366618
108.100860 -191.252140 8131.424508 47192.357879 0.860065 -0.210566 0.464705 0.365456 -0.381296 -0.849149 -0.355992 -0.900153 0.250987
95.072066 -275.275997 24603.794076 100479.866339 0.893377 -0.074680 0.443058 0.387079 -0.372770 -0.843334 -0.228139 -0.924914 0.304117
-8.977376 -33.594265 3671.534501 936.552686 -0.494016 0.658581 0.567644 0.711815 -0.068547 0.699014 0.499268 0.749381 -0.434924
-6.130447 -30.586967 2910.505067 1446.880556 -0.512045 0.669293 0.538384 0.646094 -0.112917 0.754859 0.566015 0.734368 -0.374607
-12.404312 -33.939795 -866.426479 1026.200539 -0.554122 0.710051 0.434484 0.638720 0.027941 0.768932 0.533841 0.703596 -0.469006
-15.946742 -35.842905 -641.617056 1141.778851 -0.534502 0.703024 0.469110 0.704214 0.063552 0.707137 0.467322 0.708320 -0.529049
-16.618740 -36.157487 -4103.655413 1092.515668 -0.611323 0.730486 0.304425 0.614791 0.196147 0.763910 0.498314 0.654153 -0.569006
-13.173018 -35.021830 2318.457391 58.327957 0.643016 -0.716989 -0.269180 0.546333 0.183125 0.817304 0.536705 0.672601 -0.509467
19.137233 -48.381554 -2490.600548 597.354492 0.274556 0.854490 0.440983 -0.594480 0.511299 -0.620618 0.755786 0.091761 -0.648357
22.358726 -49.415099 2301.468076 204.640752 0.108382 0.889641 0.443613 -0.637026 0.404736 -0.656039 0.763185 0.211490 -0.610590
11.640008 -45.220350 962.010887 452.544572 0.205749 0.860993 0.465144 -0.718927 0.455463 -0.525068 0.663936 0.226372 -0.712702
-951.850714 -3894.161025 516998.891091 -2113181.100469 0.600276 0.799002 -0.035556 -0.012189 -0.035312 -0.999302 0.799700 -0.600290 0.011458
-479.446545 -8642.567854 296904.206323 -7154280.702897 0.519344 0.854528 -0.008017 -0.382070 0.223794 -0.896626 0.764398 -0.468720 -0.442716
-1189.692016 -17651.194095 1062900.296429 -12629142.201737 0.510669 0.843594 -0.166031 -0.065659 -0.154281 -0.985843 0.857267 -0.514340 0.023397
-182.026961 -307.476398 -20372.355441 -100524.216012 0.344362 -0.933083 0.103783 0.935662 0.350178 0.043733 -0.077150 0.082046 0.993638
-46.064447 -247.679763 -32322.905259 -77435.524197 0.839773 -0.521281 0.151817 0.524281 0.851240 0.022777 -0.141106 0.060468 0.988146
-125.197159 -264.212845 -28781.098295 -102724.968063 0.490511 0.859165 0.145718 0.856315 -0.506228 0.102263 -0.161628 -0.074619 0.984027
-190.785496 -468.912747 -39824.057824 -150174.211950 0.377799 0.925299 0.033012 0.919014 -0.370419 -0.134915 0.112608 -0.081309 0.990307
-42.318342 -75.981710 2061.420359 2600.865805 -0.262112 -0.934188 0.242053 0.933636 -0.182013 0.308538 -0.244176 0.306861 0.919899
-40.104748 -68.163584 921.776316 6132.756218 -0.421810 -0.860720 0.285021 0.895096 -0.345210 0.282193 -0.144497 0.374153 0.916040
78.042599 -96.280619 526.524842 -11612.417097 -0.527635 0.848345 0.043736 0.507459 0.356071 -0.784665 0.681240 0.391822 0.618375
72.698086 -87.834931 -4796.405616 -3102.943162 -0.496733 0.860621 0.112195 0.552359 0.413195 -0.723996 0.669444 0.297661 0.680619
79.170244 -111.849920 682.122560 -11687.005996 -0.510028 0.860148 -0.003960 0.441724 0.257966 -0.859263 0.738072 0.439998 0.511519
78.482734 -85.969473 -1161.577392 -5799.905812 -0.581827 0.810934 0.062152 0.556583 0.452725 -0.696603 0.593037 0.370710 0.714760
78.756998 -107.099371 3180.577580 -14234.846611 -0.599373 0.800326 -0.015157 0.499790 0.359373 -0.788074 0.625270 0.479926 0.615393
-35.934634 -44.249077 2585.773831 -124.679935 0.040500 0.998049 0.047522 0.483536 0.022044 -0.875047 0.874387 -0.058418 0.481700
-38.874284 -47.175672 1945.203376 -1118.292998 0.127625 0.989563 0.066904 0.482593 -0.003026 -0.875840 0.866496 -0.144066 0.477942
-40.458794 -55.932035 2416.363650 -5643.097658 0.296874 0.940031 -0.167951 0.340814 -0.268601 -0.900944 0.892027 -0.210227 0.400116
15.477952 -27.073130 6031.207469 -580.760601 0.006214 0.961138 0.275998 0.955731 -0.086903 0.281115 -0.294175 -0.262033 0.919130
4.455589 -28.222942 -903.958901 -2170.496928 0.076107 -0.965601 -0.248641 0.967313 0.011006 0.253348 -0.241896 -0.259795 0.934876
1.473299 -27.794955 295.633507 -2514.624174 0.151349 -0.964049 -0.218409 0.956481 0.087064 0.278504 -0.249476 -0.251055 0.935272
16.376993 0.646153 7417.694875 -2390.049493 -0.671116 -0.077486 -0.737292 -0.256915 0.957203 0.133258 0.695412 0.278853 -0.662301
18.278149 -2.055674 6885.395029 65.715595 -0.685383 0.011923 -0.728085 -0.209723 0.954268 0.213049 0.697328 0.298716 -0.651538
1.081545 -1.992763 4052.526806 175.203313 -0.557765 -0.379978 -0.737913 -0.468188 0.878144 -0.098300 0.685345 0.290654 -0.667699
16.136841 -2.469720 6536.964568 102.099261 -0.689377 0.019280 -0.724146 -0.208823 0.951921 0.224141 0.693651 0.305736 -0.652207
6.938185 -5.838146 -3793.287142 4565.111488 0.264357 0.757964 0.596327 -0.677305 0.586091 -0.444697 0.686566 0.286336 -0.668310
-0.223025 -13.669268 -2587.322875 5460.597444 0.058637 0.895416 0.441353 -0.719034 0.344572 -0.603539 0.692497 0.281958 -0.664039
-3.970642 -14.577011 -1909.714824 5572.779486 -0.009139 0.923168 0.384289 -0.720405 0.260445 -0.642794 0.693493 0.282718 -0.662675
-4.883407 -9.055544 -1091.413205 5403.722097 -0.192888 0.955319 0.223965 -0.702384 0.024954 -0.711361 0.685165 0.294522 -0.666187
2.375165 -5.212870 5230.142566 -1288.590874 -0.729358 0.191463 -0.656794 -0.070830 0.933748 0.350854 0.680455 0.302419 -0.667475
10.457016 -41.601144 -6600.136633 -845.721152 0.460222 -0.871131 0.171248 0.886135 0.462553 -0.028463 -0.054416 0.164848 0.984817
-0.006992 -43.201498 -6412.432502 -632.091349 0.479735 -0.858764 0.179941 0.876905 0.462286 -0.131639 0.029862 0.220943 0.974829
18.974021 -39.507445 5049.675646 -920.437278 -0.432307 0.892456 -0.128970 0.894082 0.442820 0.067296 -0.117169 0.086217 0.989362
-0.473683 -41.616638 -7497.875474 -244.471482 0.485616 -0.853139 0.190606 0.870422 0.492074 -0.015128 -0.080886 0.173254 0.981550
8.494802 -39.267860 6429.081503 -569.194274 -0.463437 0.869512 -0.170808 0.872517 0.481417 0.083377 -0.154727 0.110393 0.981770
2.211088 -52.651130 -529.533332 -1073.784041 0.350346 0.933421 0.077355 0.687285 -0.200094 -0.698285 0.636316 -0.297806 0.711628
3.101325 -55.296158 -503.713851 -588.976399 0.359548 0.930488 0.070126 0.547922 -0.149694 -0.823027 0.755319 -0.334341 0.563657
1.831419 -53.240220 -156.930092 -1106.249252 0.365994 0.928678 0.060056 0.671390 -0.218807 -0.708067 0.644425 -0.299469 0.703587
-3.235641 -62.467753 1619.880300 5202.576585 -0.002801 0.999284 0.037724 -0.561862 -0.032779 0.826581 -0.827226 0.018880 -0.561552
23.279648 -45.627777 -235.110661 -1605.154412 0.254605 0.915545 -0.311375 0.967005 -0.243969 0.073350 -0.008811 -0.319776 -0.947452
7.396474 -64.035978 -7008.248358 11413.906839 0.455902 0.805852 -0.377831 0.889352 -0.429041 0.158042 -0.034747 -0.408076 -0.912286
33.012085 -45.367278 5084.295391 -4192.278153 0.144643 0.971735 -0.186571 0.989094 -0.147283 -0.000294 -0.027765 -0.184494 -0.982441
34.684254 -62.947316 1045.869365 7967.959543 0.342524 0.836083 -0.428535 0.934178 -0.254564 0.250019 0.099947 -0.485965 -0.868244
44.457879 -42.210359 4689.902919 557.492761 0.214814 0.913601 -0.345235 0.967865 -0.151819 0.200470 0.130736 -0.377205 -0.916856
39.728168 -32.350994 90962.568131 -2169.813734 0.135747 0.980319 -0.143346 -0.892566 0.183804 0.411754 -0.429998 -0.072051 -0.899950
42.317521 -37.747298 91944.926177 -1135.739218 0.240822 0.961012 -0.135870 -0.831001 0.276486 0.482694 -0.501440 0.003335 -0.865186
76.522700 -63.017640 -14967.040209 13068.451730 -0.268554 0.961205 -0.062952 0.838465 0.265432 0.475944 -0.474189 -0.075034 0.877220
-5.539741 -101.864171 -210.677411 5941.702418 -0.524916 -0.267816 -0.807922 0.148242 0.905934 -0.396620 0.838145 -0.327960 -0.435838
-5.224425 -98.699601 396.027320 6449.927709 -0.546276 -0.260670 -0.796011 0.182469 0.890482 -0.416829 0.817489 -0.372951 -0.438885
-5.302873 -91.492492 212.622298 3944.831252 -0.536661 -0.228935 -0.812148 0.058762 0.950014 -0.306627 0.841749 -0.212279 -0.496383
-3.008727 -94.670541 853.341935 5119.632248 -0.560041 -0.247462 -0.790643 0.205122 0.883215 -0.421731 0.802670 -0.398365 -0.443877
-3.304834 -87.230354 785.276983 4321.960068 -0.550656 -0.223951 -0.804129 0.081671 0.944261 -0.318905 0.830727 -0.241281 -0.501673
-4.825751 -106.664587 707.059627 7669.720200 -0.566143 -0.272430 -0.777988 0.309543 0.804472 -0.506959 0.763980 -0.527832 -0.371117
0.399487 -92.354949 1509.786110 -2406.615691 -0.021115 0.944371 0.328204 -0.911216 -0.153257 0.382358 -0.411387 0.290991 -0.863762
5.341747 -97.239460 1963.330827 -505.658391 -0.001858 0.944070 0.329739 -0.693032 -0.238927 0.680162 -0.720904 0.227257 -0.654715
19.204562 -80.416145 -7249.061205 -34957.571357 -0.530359 -0.256835 -0.807932 -0.246757 0.958510 -0.142722 0.811067 0.123669 -0.571731
16.688815 -91.926305 -7704.250159 -31473.113308 -0.532179 -0.231852 -0.814267 -0.258848 0.960276 -0.104251 0.806091 0.155291 -0.571053
26.662941 -57.724348 -7212.463224 -24944.342493 -0.558191 -0.174367 -0.811184 -0.138039 0.983559 -0.116432 0.818149 0.046984 -0.573083
19.424698 -79.767327 1526.454191 -18314.557452 -0.621278 -0.196325 -0.758598 -0.221944 0.972549 -0.069928 0.751502 0.124921 -0.647796
8.971874 -74.543771 -1655.607662 -6673.459546 -0.466608 -0.327925 -0.821427 -0.274059 0.936624 -0.218235 0.840933 0.123290 -0.526907
12.582236 -49.152223 -29903.806661 6310.899203 0.474170 0.846979 -0.240395 0.640348 -0.519155 -0.566068 0.604250 -0.114476 0.788529
95.777321 -83.038227 -68614.968315 -14747.494443 0.613328 0.675755 -0.408882 -0.442691 0.722841 0.530589 0.654105 -0.144417 0.742489
53.658746 -49.859522 -62242.117471 -1229.443523 0.726623 0.505821 -0.464934 -0.315878 0.846918 0.427727 0.610114 -0.163934 0.775168
10.228229 -41.405246 -26915.991666 2373.584595 0.440367 0.853526 -0.278514 0.662037 -0.518241 -0.541419 0.606452 -0.054036 0.793282
-2.139275 -54.681482 -23564.079117 1754.956841 0.274180 0.952234 -0.134445 0.779605 -0.301941 -0.548678 0.563065 -0.045622 0.825152
-15.131444 -115.546832 12191.520991 -1747.388274 0.663318 -0.017900 0.748124 0.733631 0.212776 -0.645377 -0.147631 0.976937 0.154270
-7.205349 -112.977078 5336.696528 6580.088643 0.608897 0.026761 0.792798 0.791007 -0.095572 -0.604296 0.059598 0.995063 -0.079361
-18.629800 -187.273092 76.380066 -24498.222132 0.570288 0.196159 0.797680 0.679368 0.433250 -0.592244 -0.461769 0.879668 0.113813
-18.721241 -209.432827 368.881116 -23032.721729 0.582878 0.199138 0.787780 0.759554 0.210896 -0.615305 -0.288670 0.957009 -0.028330
-16.642914 -199.250988 -2087.166880 -31326.423862 0.560391 0.254022 0.788312 0.662098 0.434427 -0.610656 -0.497583 0.864145 0.075261
-16.843171 -199.266975 2300.952461 -17919.582767 0.598679 0.135068 0.789519 0.748501 0.256604 -0.611475 -0.285184 0.957032 0.052525
-16.073885 -160.352850 -809.411239 25408.442466 0.563364 0.214183 0.797964 -0.554708 -0.617717 0.557427 -0.612307 0.756671 0.229191
-16.173895 -175.391552 1661.048265 -19587.801143 0.591938 0.140649 0.793617 0.655843 0.488287 -0.575713 -0.468487 0.861274 0.196792
-2.650879 -88.425340 -390.536252 15757.047101 0.525368 -0.257541 0.810963 0.758576 -0.289957 -0.583513 0.385423 0.921736 0.043031
-322.805093 -4757.319143 -26018.797706 3028523.463189 0.409991 -0.284438 0.866604 0.870677 -0.160995 -0.464760 0.271714 0.945080 0.181647
-84.064675 -163.100034 17974.673710 7630.043146 -0.173276 -0.387276 0.905535 0.964273 -0.253782 0.075980 0.200383 0.886348 0.417414
-341.634877 -1683.464491 -296600.752973 1211986.120252 0.891642 0.247088 0.379372 0.417553 -0.124910 -0.900026 0.174998 -0.960908 0.214547
-9.560526 -254.391164 2236.504222 -61731.147987 0.678669 -0.094138 -0.728386 0.731444 0.176179 0.658749 0.066313 -0.979846 0.188424
-15.827221 -402.528473 52584.471725 -151592.862007 0.579109 -0.096547 -0.809513 0.813786 0.127938 0.566907 0.048834 -0.987072 0.152659
9.016211 -123.168793 1717.038591 3415.472007 0.562664 -0.015557 0.826539 0.697220 -0.528273 -0.484573 0.444177 0.848932 -0.286394
11.700365 -131.166160 400.823627 2836.100526 0.570900 0.009842 0.820961 0.777832 -0.326520 -0.536994 0.262775 0.945139 -0.194066
12.620847 -121.753663 -1236.091578 4056.590683 0.579660 0.051968 0.813200 0.700739 -0.541127 -0.464915 0.415884 0.839334 -0.350085
20.806681 -21.905080 5568.038063 1120.962144 -0.513154 0.782948 0.351662 -0.273266 0.239363 -0.931682 0.813633 0.574193 -0.091123
30.580393 -25.883709 6542.542272 1189.598230 -0.468614 0.794737 0.385737 -0.315178 0.257503 -0.913430 0.825266 0.549622 -0.129814
31.652430 -29.829123 6120.195232 1764.040608 -0.485739 0.822328 0.296369 -0.214519 0.216538 -0.952414 0.847372 0.526202 -0.071224
7.474562 -71.996614 3610.968547 8382.312877 0.531161 -0.330142 0.780304 0.561663 -0.552323 -0.616014 0.634352 0.765471 -0.107944
28.958674 -90.057487 2964.370658 9271.900934 0.533852 -0.328131 0.779315 0.676038 -0.387970 -0.626460 0.507911 0.861284 0.014711
20.431934 -83.558640 5341.177760 8914.230041 0.463848 -0.255663 0.848222 0.687287 -0.500293 -0.526634 0.559001 0.827250 -0.056346
-96.832627 -2419.683151 23243.450622 -137.276379 -0.131745 0.157626 -0.978671 0.903526 -0.387036 -0.183966 -0.407779 -0.908492 -0.091429
-199.634558 -1061.846494 199571.410002 -101695.473588 -0.042082 0.126228 -0.991108 0.932823 -0.350352 -0.084228 -0.357869 -0.928073 -0.103005
210.815650 -1245.930721 -332976.960661 268385.876228 0.125882 -0.331825 0.934904 -0.647652 0.686372 0.330818 -0.751466 -0.647136 -0.128505
-478.210262 -2246.066198 194982.942956 -758407.665222 0.370924 0.096649 -0.923620 0.928629 -0.030095 0.369786 0.007943 -0.994863 -0.100915
105.211262 -4154.935853 -105833.220238 -3031533.594689 0.326408 -0.240462 0.914131 -0.535517 0.749875 0.388471 -0.778896 -0.616332 0.115994
-212.613131 -1202.053760 114340.241561 -436052.897172 0.397102 0.102288 -0.912057 0.917461 -0.018265 0.397407 0.023991 -0.994587 -0.101098
100.788063 -489.790226 -100197.712053 -293243.638041 0.352169 -0.298405 -0.887092 0.822583 -0.353450 0.445455 -0.446469 -0.886582 0.120989
84.013960 -114.381101 -9435.565430 17308.728702 0.236625 0.911809 -0.335579 0.704854 -0.398816 -0.586623 0.668722 0.097725 0.737062
102.292856 -180.346029 -5898.400917 38661.549185 0.195287 0.886585 -0.419320 0.834393 -0.374886 -0.404040 0.515413 0.270974 0.812971
45.949497 -2.510871 8162.961033 619.600199 -0.607220 0.026516 -0.794091 -0.220709 0.954479 0.200642 0.763263 0.297097 -0.573727
42.253790 -1.721278 -9100.769679 -79.508031 -0.373943 0.064547 -0.925203 -0.236266 0.958033 0.162330 0.896853 0.279296 -0.342999
