11060
22110
-52.987375 -77.711731 379.106574 4901.291429 0.184939 0.980853 0.061028 0.900747 -0.144347 -0.409656 0.393003 -0.130732 0.910196
-41.662850 -72.508039 -2614.177548 10483.617682 0.136283 0.971030 0.196283 0.848220 -0.012012 -0.529508 0.511810 -0.238654 0.825285
-44.239628 -64.172577 685.179881 7075.077570 0.401839 0.911964 -0.082751 0.743518 -0.377691 -0.551843 0.534515 -0.160225 0.829832
-37.476028 -52.060215 -1693.361297 7121.704173 0.413408 0.909350 -0.046647 0.674388 -0.340206 -0.655332 0.611796 -0.239462 0.753899
-48.509344 -70.834969 852.720211 5465.695330 0.459284 0.866219 -0.196782 0.752205 -0.497093 -0.432536 0.472490 -0.050636 0.879880
-38.856839 -57.807648 951.363739 5086.055721 0.605347 0.709244 -0.361285 0.512805 -0.694656 -0.504464 0.608757 -0.120107 0.784212
-2.656519 -130.498468 -319.797081 -6489.944032 0.446039 -0.136511 0.884542 0.153015 0.985380 0.074914 -0.881837 0.101934 0.460406
-5.891482 -143.885028 -1236.291345 -6428.734112 0.437605 -0.126052 0.890288 0.392780 0.917460 -0.063165 -0.808842 0.377329 0.450996
-2.391774 -142.827161 -1033.929368 -5592.503110 0.435483 -0.129229 0.890873 0.388547 0.919694 -0.056523 -0.812026 0.370760 0.450722
-4.638946 -128.233078 623.528187 -5480.968501 0.461343 -0.138189 0.876394 0.216325 0.975504 0.039942 -0.860446 0.171159 0.479935
1.936615 -133.441880 -2083.024615 -5546.314852 0.415689 -0.124834 0.900899 0.285777 0.958296 0.000926 -0.863443 0.257071 0.434028
0.949967 -121.724254 -1576.514533 -6706.424973 0.428517 -0.123057 0.895115 0.045840 0.992367 0.114482 -0.902370 -0.008025 0.430887
-1.274459 -115.808501 -576.340435 -7273.505669 0.441312 -0.115691 0.889865 -0.134629 0.971894 0.193122 -0.887197 -0.205029 0.413333
-3.791780 -121.649237 127.838628 -2901.392757 0.450142 -0.134585 0.882756 0.001456 0.988686 0.149993 -0.892956 -0.066233 0.445245
69.811033 -89.738239 -20768.105752 -6548.061998 0.857803 -0.428736 0.283478 -0.419356 -0.264916 0.868309 0.297178 0.863716 0.407039
116.158299 -87.671057 -27561.428950 -7246.629862 0.855592 -0.517109 0.023664 -0.215960 -0.315029 0.924185 0.470449 0.795836 0.381211
180.786511 -112.165757 -53666.000739 845.130190 0.850443 -0.491429 0.187736 -0.462807 -0.529243 0.711134 0.250113 0.691664 0.677528
1.213112 -47.600834 0.924869 -1315.880639 0.610540 0.782412 -0.122769 0.652187 -0.584638 -0.482547 0.449326 -0.214546 0.867223
0.240297 -44.180686 130.024240 -2575.898965 0.632084 0.762940 -0.135620 0.697891 -0.636545 -0.328267 0.336776 -0.112844 0.934798
-0.382275 -45.346219 117.167345 -1849.210940 0.589308 0.797928 -0.126602 0.727061 -0.592112 -0.347543 0.352277 -0.112762 0.929078
1.251138 -45.984125 168.007072 -250.148181 0.581307 0.804885 -0.119343 0.671042 -0.557170 -0.489147 0.460201 -0.204260 0.863998
2.643952 -49.621667 -83.819890 -794.467531 0.589570 0.798802 -0.119677 0.613803 -0.539393 -0.576456 0.525027 -0.266403 0.808317
2.285189 -51.573091 -180.782047 -650.558120 0.604394 0.788279 -0.115428 0.564665 -0.526064 -0.635933 0.562015 -0.319176 0.763064
1.966484 -50.552040 54.681702 -157.824315 0.624814 0.770645 -0.125351 0.605373 -0.579556 -0.545561 0.493082 -0.264991 0.828643
12.676026 -107.235470 692.822134 1300.559296 0.083725 0.969359 0.230939 -0.540297 -0.150570 0.827893 -0.837299 0.194091 -0.511136
16.974148 -110.222287 1465.193010 -1131.973000 0.078948 0.971909 0.221720 -0.746521 -0.089761 0.659280 -0.660662 0.217567 -0.718464
11.527984 -103.809776 1381.216846 148.427329 0.096510 0.962201 0.254666 -0.657509 -0.130454 0.742067 -0.747240 0.239062 -0.620066
6.117563 -104.203718 1470.219714 -599.361627 0.113797 0.953348 0.279604 -0.672099 -0.133389 0.728348 -0.731665 0.270806 -0.625564
8.420924 -103.195755 601.994182 715.862412 0.100504 0.961876 0.254348 -0.493679 -0.173740 0.852113 -0.863817 0.211207 -0.457396
471.858440 6.173023 98839.125934 -6406.430061 0.183422 0.475212 -0.860540 0.830446 -0.543342 -0.123040 -0.526038 -0.692064 -0.494299
851.556231 -52.160524 237973.444624 -3374.166008 0.162575 0.899358 -0.405863 -0.879039 0.318852 0.354434 -0.448173 -0.299148 -0.842408
1492.509045 -62.052362 420655.100246 -5961.070443 0.239093 0.898518 -0.368103 -0.812633 0.392660 0.430633 -0.531471 -0.196171 -0.824048
1100.412046 -60.808981 -295049.104063 21729.535358 -0.340989 0.011218 -0.940000 0.862415 -0.394212 -0.317549 -0.374121 -0.918951 0.124747
928.895763 7.448489 -245415.006430 4378.359479 -0.241740 -0.094518 -0.965727 0.899181 -0.395921 -0.186333 -0.364739 -0.913407 0.180699
1.837437 -109.314410 -702.438180 -11263.126568 0.142496 0.966585 0.213092 0.464259 -0.255408 0.848075 -0.874162 0.021917 0.485140
0.438771 -136.857264 337.626952 -16674.245648 0.182132 0.952422 0.244377 0.614437 -0.304275 0.727931 -0.767655 -0.017575 0.640622
0.200016 -101.950391 -522.094883 -9578.767671 0.145748 0.964853 0.218670 0.434099 -0.260986 0.862232 -0.888997 0.030745 0.456880
0.137233 -97.860635 -801.233305 -2860.871629 0.108811 0.978825 0.173384 0.327655 -0.199988 0.923389 -0.938511 0.043665 0.342478
0.207670 -126.597421 -962.650909 5894.879592 -0.314049 -0.017964 -0.949237 -0.070567 0.997497 0.004469 0.946781 0.068388 -0.314531
1.230460 -142.842177 -1061.799487 8601.817628 -0.316604 -0.034370 -0.947935 0.198026 0.974929 -0.101488 0.927657 -0.219847 -0.301860
-2.948971 -139.796346 -1065.382669 8046.057032 -0.316042 -0.028062 -0.948330 0.179781 0.979681 -0.088904 0.931556 -0.198589 -0.304575
154.783521 -3582.126790 21845.919072 -2057310.898698 -0.068052 0.132403 -0.988857 -0.402428 0.903303 0.148643 0.912919 0.408059 -0.008189
73.497775 -3441.305392 490.471662 1454611.765109 0.270021 -0.167472 0.948178 0.957043 0.154717 -0.245218 -0.105632 0.973661 0.202054
56.495377 -6219.676245 -17479.909894 -2275098.034888 -0.187883 0.238084 -0.952899 -0.641950 0.704511 0.302597 0.743371 0.668566 0.020473
68.809255 -3444.623776 18012.464621 -1267578.368519 -0.073346 -0.054257 -0.995830 0.650847 0.753972 -0.089017 0.755657 -0.654662 -0.019988
-51.375861 -8319.277329 80257.627847 9577572.345212 -0.134989 -0.038397 -0.990103 0.325881 0.941938 -0.080959 0.935724 -0.333584 -0.114639
5.074374 -22.562690 -2490.651329 3228.307859 0.282801 -0.540874 0.792135 0.393653 0.818540 0.418365 -0.874677 0.193513 0.444401
-3.459926 -22.989115 1841.461813 2227.522335 -0.164793 0.741861 -0.649988 0.493951 0.632478 0.596644 -0.853731 0.222739 0.470671
1.970294 -13.745991 2405.202121 1011.593343 -0.127417 0.754661 -0.643624 0.520841 0.603152 0.604097 -0.844091 0.258253 0.469910
7.734269 -13.238210 -1915.808774 4092.147441 0.324710 -0.478371 0.815920 0.424246 0.844678 0.326395 -0.845327 0.240167 0.477223
6.186602 -5.699430 1796.111398 606.809671 -0.170489 0.728650 -0.663327 0.504425 0.642825 0.576482 -0.846457 0.236315 0.477144
24.239366 -41.572974 -2526.711334 -1386.454312 -0.031967 -0.163265 -0.986064 -0.062207 0.984981 -0.161069 0.997551 0.056191 -0.041643
28.749746 -48.712816 -2938.748372 -1616.214476 -0.085212 -0.113234 -0.989908 -0.106217 0.988892 -0.103975 0.990685 0.096285 -0.096293
30.629189 -46.074137 -3054.799949 -1958.359402 -0.080102 -0.184535 -0.979556 0.013071 0.982435 -0.186147 0.996701 -0.027714 -0.076283
10.552126 -33.155592 346.687712 1048.573006 -0.183212 0.023299 -0.982797 -0.303893 0.949412 0.079159 0.934924 0.313168 -0.166863
7.936416 -32.359939 2342.932349 1334.543832 -0.269107 0.097158 -0.958197 -0.317037 0.930514 0.183390 0.909433 0.353135 -0.219605
5.801157 -33.683477 3443.153914 1303.473234 -0.275411 0.090156 -0.957090 -0.282359 0.944093 0.170183 0.918924 0.317113 -0.234557
14.855641 -35.896451 961.389683 -325.660089 -0.203494 0.029451 -0.978633 -0.185505 0.980283 0.068074 0.961342 0.195394 -0.194018
11.899635 -36.153641 -3588.788992 225.369631 -0.049314 -0.026322 -0.998436 -0.223834 0.974517 -0.014635 0.973379 0.222763 -0.053949
8.290056 -33.422875 -2719.266949 1244.541100 -0.052659 -0.049726 -0.997374 -0.339113 0.940299 -0.028976 0.939271 0.336697 -0.066378
-3.424317 -111.812722 826.356898 9154.133624 -0.245081 -0.933328 -0.262363 0.913110 -0.131264 -0.386006 0.325831 -0.334169 0.884401
-6.373733 -99.161011 -825.426444 4928.296811 0.266943 0.929299 0.255234 0.881207 -0.128154 -0.455028 0.390148 -0.346381 0.853115
-3.968737 -116.654219 712.866326 10560.620437 -0.220334 -0.936811 -0.271731 0.958938 -0.157034 -0.236175 0.178580 -0.312611 0.932944
2656.343836 -4827.139179 919574.383589 -2401503.676211 0.902432 -0.232549 0.362681 0.149691 0.958611 0.242192 -0.403992 -0.164272 0.899892
-89.049407 -17198.934971 27873.893231 -8579375.977781 0.405048 0.008638 -0.914255 0.459359 0.862663 0.211663 0.790522 -0.505705 0.345452
-292.789516 -2994.965963 -11735.795666 1024050.523522 0.598274 -0.209571 -0.773400 0.000648 0.965318 -0.261075 0.801291 0.155694 0.577660
17.465794 -4272.257846 -34986.249298 -1252581.438632 0.211813 -0.467948 -0.857997 0.976063 0.145619 0.161540 0.049348 -0.871676 0.487591
-0.147535 -159.799253 3698.141324 -12714.471338 -0.088955 0.290157 0.952836 -0.581271 0.761710 -0.286222 -0.808833 -0.579316 0.100901
-11.410206 -141.559719 2383.230368 13752.102630 -0.133151 0.260859 0.956150 -0.241543 0.927110 -0.286573 -0.961212 -0.269109 -0.060437
-15.850588 -168.075166 5189.771424 15244.839113 -0.108546 0.332899 0.936694 -0.344193 0.871394 -0.349577 -0.932603 -0.360349 0.019995
-10.184597 -173.126780 6480.968570 -17146.011680 -0.084751 0.356681 0.930374 -0.660624 0.678889 -0.320446 -0.745918 -0.641785 0.178095
4.278503 -156.466855 -5767.088106 15344.978195 0.037388 -0.285944 -0.957517 0.811681 -0.550231 0.196009 -0.582903 -0.784526 0.211523
10.627600 -151.469419 -2575.374874 17770.743280 0.062282 -0.186814 -0.980419 0.809486 -0.565169 0.159113 -0.583827 -0.803545 0.116023
19.123807 -44.578877 -7643.117983 2176.285981 0.038858 -0.103598 -0.993860 0.051133 0.993514 -0.101562 0.997936 -0.046873 0.043903
25.030197 -44.006983 -2380.494402 2147.129520 -0.092280 -0.019758 -0.995537 -0.003561 0.999803 -0.019513 0.995727 0.001745 -0.092332
32.952611 -47.437565 -831.126259 1017.558499 -0.148656 -0.007719 -0.988859 0.161895 0.986288 -0.032037 0.975547 -0.164854 -0.145368
36.525395 -48.484702 8926.346226 449.570083 -0.326706 0.096779 -0.940158 0.261136 0.965263 0.008618 0.908334 -0.242694 -0.340630
38.597534 -51.311265 -1453.292449 -805.210987 -0.080464 -0.037698 -0.996044 0.315643 0.946893 -0.061336 0.945460 -0.319330 -0.064292
24.576556 -48.720112 -9215.193975 1817.124665 0.069610 -0.110445 -0.991442 0.172242 0.980257 -0.097105 0.982592 -0.164008 0.087258
-15.032982 -64.255609 -4559.420404 -7913.544431 0.367329 0.902669 0.224183 0.075593 -0.269211 0.960110 -0.927014 0.335730 0.167124
-18.699288 -43.732221 -2386.345630 -3614.604731 0.357069 0.932241 -0.058559 0.066029 0.037343 0.997119 -0.931742 0.359906 0.048221
-9.361369 -53.730713 -1255.709132 -5048.735908 0.371947 0.925910 0.065929 0.049304 -0.090630 0.994663 -0.926944 0.366711 0.079361
-25.310171 -71.943596 -6651.306068 -523.237614 0.386714 0.891756 -0.234996 0.919795 -0.391364 0.028497 -0.066557 -0.227168 -0.971578
-38.564410 -69.917992 -895.040062 121.010476 0.471986 0.877663 -0.083286 0.877028 -0.457819 0.145685 0.089732 -0.141805 -0.985819
-22.388343 -76.096441 -7359.545540 541.000814 0.477046 0.842946 -0.248737 0.873502 -0.423484 0.240116 0.097068 -0.331819 -0.938336
5.317992 -83.389480 -14539.610797 -2913.449818 0.411387 0.843660 -0.344962 0.908650 -0.409310 0.082585 -0.071522 -0.347425 -0.934976
19.940728 -37.152026 1685.960195 1346.543108 -0.380374 0.818011 0.431478 -0.526206 -0.575093 0.626399 -0.760541 -0.011220 -0.649193
12.692393 -34.055259 3403.010195 1647.252634 -0.357136 0.802871 0.477339 -0.470529 -0.596102 0.650588 -0.806881 -0.007747 -0.590663
17.841707 -32.654269 1437.416946 2004.438341 -0.376595 0.839775 0.391093 -0.462912 -0.536279 0.705774 -0.802427 -0.084749 -0.590702
7.023111 -57.663216 -846.014633 -2954.060416 -0.334183 0.908885 -0.249501 -0.369018 -0.369760 -0.852703 0.867265 0.192888 -0.458962
5.850668 -58.999975 -689.382013 -1939.917376 -0.300268 0.928355 -0.219081 -0.419592 -0.334818 -0.843706 0.856611 0.161414 -0.490065
8.799114 -56.148079 -607.709420 -948.242588 -0.305922 0.923510 -0.231389 -0.307168 -0.325786 -0.894154 0.901144 0.202466 -0.383337
13.290009 -51.987064 140.020578 41.746999 -0.308343 0.921830 -0.234848 -0.198974 -0.303915 -0.931689 0.930233 0.240551 -0.277130
9.515625 -55.758868 -693.269152 -1871.522538 -0.348116 0.899272 -0.264809 -0.275778 -0.368216 -0.887898 0.895969 0.236063 -0.376182
-3.350101 -69.520814 58.501816 512.983689 -0.619020 0.778162 -0.106203 -0.340250 -0.143839 0.929269 -0.707845 -0.611371 -0.353808
-4.915946 -72.292055 118.723418 1125.901740 -0.630571 0.770405 -0.094112 -0.289595 -0.121046 0.949464 -0.720080 -0.625959 -0.299434
-4.336120 -71.296134 453.326016 1576.867715 -0.622223 0.778425 -0.083019 -0.183260 -0.041737 0.982178 -0.761087 -0.626348 -0.168624
-3.572587 -71.041305 430.279958 -2907.768631 -0.622143 0.776364 -0.100979 -0.473010 -0.269965 0.838678 -0.623859 -0.569542 -0.535184
-3.246412 -70.212131 57.093119 1894.296545 -0.613273 0.785331 -0.084566 -0.195626 -0.047288 0.979538 -0.765262 -0.617267 -0.182632
-2.932506 -68.591858 166.287201 -4175.819301 -0.613345 0.778999 -0.130265 -0.519482 -0.273652 0.809477 -0.594934 -0.564159 -0.572519
-2.898321 -65.160288 75.805888 -3481.240009 -0.596715 0.792296 -0.127274 -0.483740 -0.228615 0.844826 -0.640255 -0.565688 -0.519683
-2.675668 -68.373744 118.917401 1121.703556 -0.597572 0.795528 -0.100216 -0.292919 -0.100246 0.950867 -0.746396 -0.597567 -0.292930
3.535449 -77.323920 19.854066 714.937191 0.662707 -0.739461 0.118393 0.449283 0.266104 -0.852838 -0.599136 -0.618374 -0.508576
3.471992 -81.380361 -9.085127 -1974.783342 -0.656838 0.746448 -0.106670 -0.334399 -0.161573 0.928478 -0.675826 -0.645530 -0.355739
3.601682 -80.984217 356.420448 -52.086857 0.671756 -0.732904 0.107684 0.355166 0.191086 -0.915065 -0.650077 -0.652946 -0.388665
2.231313 -76.133794 271.886474 1579.459081 0.669809 -0.734344 0.109974 0.504422 0.341316 -0.793134 -0.544898 -0.586722 -0.599036
-1.751078 -166.946979 418.415838 260.944338 -0.493578 0.859902 -0.130187 -0.631057 -0.251101 0.733972 -0.598454 -0.444428 -0.666585
-3.350489 -164.265082 -1430.233088 -4594.091401 -0.468491 0.866542 -0.172109 -0.794697 -0.328233 0.510607 -0.385970 -0.375989 -0.842412
-4.185909 -179.977130 -2008.921745 1100.099614 -0.485355 0.860942 -0.152348 -0.634984 -0.227322 0.738322 -0.601020 -0.455087 -0.657016
-12.916716 -32.915294 -1203.541274 3024.169703 -0.740578 -0.271096 0.614859 -0.192753 0.962259 0.192103 -0.643732 0.023751 -0.764882
-19.840212 -38.336521 -3636.908772 3053.181066 -0.701995 -0.383147 0.600335 -0.249841 0.921868 0.296208 -0.666921 0.057949 -0.742872
-12.045104 -29.096079 -3824.767059 414.116406 -0.593588 -0.680270 0.429983 -0.437514 0.721221 0.537049 -0.675451 0.130662 -0.725737
-13.148805 -23.295909 958.452579 1595.282168 -0.676396 -0.503897 0.537193 -0.357613 0.862291 0.358563 -0.643896 0.050423 -0.763450
-11.932990 -29.835524 1290.231793 1835.069344 -0.776668 -0.015261 0.629725 -0.052743 0.997771 -0.040871 -0.627698 -0.064957 -0.775742
-6.057091 -23.377040 2224.901030 474.598212 0.566361 0.716984 -0.406411 -0.481944 0.688144 0.542391 -0.668555 0.111322 -0.735284
-11.881102 -38.729219 -1514.084631 293.384345 -0.400892 0.912025 -0.086581 -0.827727 -0.320085 0.460883 -0.392624 -0.256429 -0.883227
-9.469887 -36.264530 -1218.069435 699.271857 -0.343540 0.927788 -0.145565 -0.820116 -0.220854 0.527857 -0.457591 -0.300720 -0.836767
-8.981602 -36.250807 -1259.749773 859.392902 -0.375088 0.920491 -0.109569 -0.787184 -0.253865 0.562045 -0.489542 -0.297067 -0.819817
-13.695823 -43.257482 1318.250028 -204.187795 -0.311758 0.906752 0.283916 -0.849168 -0.131833 -0.511403 0.426286 0.400527 -0.811085
-13.745935 -44.426217 497.513436 57.146410 -0.344391 0.908540 0.236539 0.883242 0.228142 0.409677 0.318244 0.350010 -0.881030
-9.519098 -41.256091 1280.916702 60.782578 -0.345366 0.890735 0.295487 0.869812 0.185605 0.457140 0.352348 0.414899 -0.838874
-10.706059 -41.833476 767.331147 -249.790795 -0.309352 0.899167 0.309517 -0.818301 -0.085894 -0.568336 0.484443 0.429094 -0.762360
-13.369000 -41.615338 1424.568460 -584.785369 -0.285595 0.908378 0.305425 -0.791538 -0.043914 -0.609540 0.540280 0.415837 -0.731558
-0.167784 -49.386577 -1224.874271 -528.308925 -0.321981 0.939536 0.116618 -0.812348 -0.210908 -0.543699 0.486229 0.269795 -0.831139
6.310809 -48.533642 202.579795 -1632.968349 -0.310273 0.941124 0.134224 -0.733498 -0.147183 -0.663564 0.604741 0.304339 -0.735980
6.867098 -47.727260 -2566.407359 -901.607007 -0.359549 0.929182 0.085701 -0.725813 -0.220765 -0.651504 0.586446 0.296451 -0.753789
3.149677 -48.449883 -4654.940441 -397.971779 -0.357358 0.931483 0.068071 -0.810466 -0.273057 -0.518252 0.464156 0.240371 -0.852515
10.505589 -47.305593 -2854.307053 159.504477 -0.393066 0.915100 0.089949 -0.758600 -0.267443 -0.594138 0.519639 0.301770 -0.799318
14.647679 -267.562616 -6846.688304 -73781.884933 -0.514838 0.854503 -0.069042 0.739983 0.402284 -0.539067 0.432860 0.328622 0.839428
18.085422 -777.320248 -3082.850860 -227871.482867 -0.496887 0.863534 -0.086098 0.581747 0.257829 -0.771424 0.643952 0.433398 0.630470
-2.888013 -303.657658 -2810.091037 -63922.344534 -0.551998 0.831158 -0.066892 0.716701 0.431918 -0.547528 0.426190 0.350176 0.834110
9.238061 -168.571772 6338.352765 -41027.163060 0.485469 -0.867358 0.109590 0.839457 0.427455 -0.335551 0.244198 0.254896 0.935626
20.250440 -141.383155 3562.436603 -35220.343922 0.518324 -0.839626 0.162383 0.819482 0.433357 -0.375034 0.244519 0.327460 0.912678
4.528800 -13.537691 -3363.723307 1142.612728 0.766690 -0.641946 0.009577 0.118728 0.156428 0.980527 0.630944 0.750624 -0.196148
-1.413984 -12.386708 -697.014844 1358.734151 0.703808 -0.685570 -0.186139 0.282817 0.030044 0.958703 0.651666 0.727386 -0.215036
3.414392 -18.127833 -1746.890508 1839.621299 0.709839 -0.676185 -0.197236 0.308815 0.047092 0.949956 0.633058 0.735225 -0.242244
12.341600 -20.860400 -3512.415101 2386.379010 0.730624 -0.673652 -0.111275 0.218191 0.075930 0.972948 0.646979 0.735138 -0.202461
13.077555 -26.247942 -2926.958786 2356.873918 0.687528 -0.690720 -0.224078 0.348924 0.043618 0.936136 0.636834 0.721805 -0.270997
0.461728 -19.779118 -374.672239 1538.719778 0.634754 -0.683270 -0.360873 0.451612 -0.050915 0.890760 0.627004 0.728388 -0.276255
7.184669 -24.908970 -1611.012554 1851.811316 0.656558 -0.685218 -0.315292 0.438277 0.006369 0.898817 0.613877 0.728311 -0.304497
7.841732 -712.280246 5988.806160 -6323.297325 -0.668173 0.719984 -0.187531 0.524597 0.634652 0.567464 -0.527582 -0.280786 0.801759
39.540730 -595.966599 15651.382903 -100932.547076 -0.546066 0.810314 -0.212610 0.285152 0.418420 0.862330 -0.787718 -0.410263 0.459548
11.371508 -560.110484 6112.499441 -20346.084246 -0.552338 0.822306 -0.136881 0.599519 0.505927 0.620173 -0.579224 -0.260482 0.772430
6.707095 -616.467227 4128.341849 -62969.804499 -0.657135 0.744497 0.117889 0.739821 0.607084 0.290024 0.144353 0.277802 -0.949731
2.729049 -128.795769 -2115.297993 -23502.714728 -0.720659 0.666862 -0.189595 -0.128563 -0.397273 -0.908651 0.681266 0.630452 -0.372032
3.881441 -103.424047 1393.900588 9706.171349 0.752433 -0.656321 -0.055571 0.209536 0.158526 0.964865 0.624451 0.737640 -0.256803
3.728851 -27.526519 -1162.501632 1747.827727 0.607194 -0.682897 -0.406162 0.534626 -0.027011 0.844657 0.587785 0.730015 -0.348694
-1.696824 -28.371894 -1263.321102 1802.293092 0.603155 -0.668934 -0.434433 0.567065 -0.023408 0.823340 0.560929 0.742954 -0.365210
2.135772 -33.211706 2444.719614 1647.682659 -0.577931 0.671902 0.463189 0.635590 0.014580 0.771889 0.511880 0.740497 -0.435480
5.212740 -75.891554 2568.343273 585.724225 -0.031584 0.962702 0.268713 -0.925314 0.073480 -0.372015 0.377884 0.260394 -0.888481
8.386022 -112.767160 2288.500026 8030.388404 -0.278074 0.952569 0.123641 -0.719471 -0.121266 -0.683853 0.636424 0.279118 -0.719067
-8.716595 -65.096323 4158.271365 4036.001573 -0.189130 0.963053 0.191726 -0.799441 -0.037636 -0.599565 0.570197 0.266669 -0.777022
23.215809 -86.069862 -1464.796345 10709.047703 0.324156 0.808103 0.491825 0.908739 -0.410478 0.075505 0.262899 0.422465 -0.867414
35.124033 -101.766551 -4544.261982 5089.440657 0.098308 0.955437 0.278346 0.982727 -0.137274 0.124114 0.156793 0.261337 -0.952428
-25.852443 -64.864346 7234.846360 -39.242599 -0.538480 -0.634866 -0.554062 -0.719907 0.688333 -0.089057 0.437918 0.350917 -0.827698
-41.430304 -79.646500 -2483.745840 3390.725233 0.082522 0.972504 0.217776 0.945687 -0.007470 -0.324992 0.314429 -0.232767 0.920301
-22.852467 -78.352331 -7892.953217 10547.791618 0.145048 0.939597 0.310031 0.872953 0.025968 -0.487112 0.465740 -0.341297 0.816457
-27.716230 -61.961569 -5686.739928 12004.271505 0.243502 0.943755 0.223683 0.758881 -0.041770 -0.649888 0.603992 -0.327998 0.726369
-4.162026 -150.567167 -1473.574862 -7063.155882 0.444175 -0.110532 0.889096 0.601671 0.772096 -0.204596 -0.663853 0.625819 0.409450
-4.757338 -133.739521 639.028469 -6818.458910 0.463513 -0.140347 0.874905 0.419326 0.904560 -0.077049 -0.780590 0.402584 0.478126
-5.688840 -144.550816 -1141.299059 -3657.878751 0.444731 -0.108340 0.889088 0.600419 0.772648 -0.206185 -0.664614 0.625522 0.408670
-1.088627 -45.610145 376.136039 57.765813 0.628883 0.765004 -0.138833 0.718668 -0.640092 -0.271658 0.296685 -0.071066 0.952327
-0.686064 -65.723611 -354.000856 -126.095821 0.610432 0.746068 -0.265998 0.198596 -0.469265 -0.860436 0.766768 -0.472411 0.434620
-0.321706 -67.526955 -1034.729794 -161.441058 0.617717 0.752330 -0.228964 0.327497 -0.510810 -0.794870 0.714962 -0.416020 0.561922
2.385084 -71.479472 -1697.739437 61.005043 0.626750 0.736946 -0.253170 0.199682 -0.465950 -0.861985 0.753201 -0.489695 0.439189
0.863862 -65.872885 -1437.303004 -70.170694 0.634198 0.719638 -0.282692 0.084607 -0.428025 -0.899798 0.768528 -0.546732 0.332339
-2.662378 -63.039610 196.391532 -846.248557 0.605413 0.738731 -0.296227 0.084164 -0.429520 -0.899127 0.791449 -0.519412 0.322211
14.846913 -109.543777 997.956158 2360.584569 0.085803 0.977036 0.195033 -0.565822 -0.113337 0.816701 -0.820051 0.180430 -0.543104
359.938594 -50.480679 94350.812659 -3311.182589 0.246846 0.925505 -0.287241 -0.871827 0.341506 0.351130 -0.423067 -0.163750 -0.891179
13.745815 -39.629734 -7450.823061 -509.421992 0.169283 0.869418 0.464172 0.723651 0.210085 -0.657414 0.669083 -0.447187 0.593592
31.267380 -41.054303 -15462.477688 -1139.145456 0.160826 0.844066 0.511554 0.664428 0.290678 -0.688507 0.729843 -0.450621 0.514072
16.556835 -42.543318 -7202.368697 -886.555339 0.191270 0.871608 0.451348 0.636197 0.240078 -0.733223 0.747442 -0.427390 0.508594
-2.279142 -91.465619 -107.534187 -4002.084021 -0.375035 0.033530 -0.926404 0.634496 -0.719295 -0.282896 -0.675843 -0.693895 0.248486
-3.766361 -117.672985 -367.215796 -14163.351850 -0.358062 -0.002107 -0.933695 0.766279 -0.572031 -0.292569 -0.533486 -0.820229 0.206437
-2.336094 -115.490438 41.132049 -9759.856322 -0.358040 -0.001595 -0.933705 0.676660 -0.689503 -0.258295 -0.643380 -0.724281 0.247949
-0.913506 -99.205833 -494.446265 -748.906013 0.393132 -0.059334 0.917566 -0.496810 0.826002 0.266272 -0.773710 -0.560536 0.295250
0.563064 -126.582204 -172.783926 -12411.544203 0.155285 0.958088 0.240736 0.523690 -0.286470 0.802299 -0.837637 -0.001486 0.546226
0.966616 -150.044445 439.638273 -13589.901275 0.206794 0.946398 0.248127 0.752940 -0.315884 0.577320 -0.624754 -0.067439 0.777904
5.747005 -157.195436 -1207.508388 10387.348747 -0.321885 -0.029947 -0.946305 0.435806 0.882630 -0.176171 0.840514 -0.469113 -0.271054
1.837326 -157.336392 -300.554704 4200.291842 -0.328297 -0.033237 -0.943990 0.504074 0.839016 -0.204846 0.798831 -0.543091 -0.258692
-0.734500 -155.877853 -1432.349439 6650.386665 -0.320471 -0.052893 -0.945780 0.454492 0.867424 -0.202513 0.831105 -0.494750 -0.253945
6.746442 -963.894314 -12834.009364 243036.624971 -0.113520 -0.258848 0.959224 0.694850 0.669391 0.262869 -0.710139 0.696357 0.103871
-33.521369 -471.173790 -13130.068847 96551.055630 -0.044181 -0.178351 0.982974 0.815983 0.561238 0.138507 -0.576385 0.808210 0.120735
131.286804 -414.544701 122723.703762 25870.294947 -0.647363 -0.357404 0.673189 0.720355 0.001668 0.693604 -0.249020 0.933948 0.256378
1.929640 -506.408692 -6881.306631 134523.580129 0.111221 -0.218385 0.969504 0.887480 0.460841 0.001996 -0.447223 0.860194 0.245068
29.376807 -490.240460 -8806.183400 44346.783783 0.041314 -0.234434 0.971254 0.530607 0.828827 0.177486 -0.846610 0.508022 0.158634
-11.467352 -34.283516 2449.065700 3446.802521 -0.200131 0.712070 -0.672982 0.455316 0.675795 0.579645 -0.867546 0.190414 0.459464
-10.493339 -26.796600 1713.271950 585.958306 0.008103 0.916832 -0.399191 0.572105 0.323163 0.753831 -0.820140 0.234488 0.521906
-1.986076 -33.696174 -3046.943055 3415.326246 0.263204 -0.561220 0.784701 0.352286 0.813124 0.463384 -0.898119 0.154475 0.411727
-868.217333 -3471.739307 -64101.706418 1444691.103960 0.756175 -0.638215 -0.144501 -0.618658 -0.625306 -0.475663 -0.213218 -0.449081 0.867678
-146.367117 -2816.977092 8101.573901 1529928.505522 0.893035 -0.176683 -0.413850 0.199527 0.979816 0.012245 0.403333 -0.093509 0.910263
-255.414007 -6176.554047 -76179.988399 -2911781.865623 0.993356 -0.114841 -0.007464 -0.114053 -0.991048 0.069398 0.015367 0.068086 0.997561
123814.611586 -1936269.287183 33320758.276911 880776726.585218 0.968192 0.204050 -0.144805 0.029911 -0.668974 -0.742684 0.248416 -0.714729 0.653798
-214.250670 -605.788774 -10955.639015 154529.151298 0.782101 -0.274312 -0.559527 -0.600410 -0.091362 -0.794456 -0.166810 -0.957291 0.236154
-27.001300 -133.097152 3989.032086 16212.635126 -0.163247 0.107813 0.980677 -0.004567 0.993918 -0.110029 -0.986575 -0.022441 -0.161762
-25.912575 -149.734170 1127.539345 30385.989240 -0.203072 0.340500 0.918053 0.038794 0.939651 -0.339929 -0.978395 -0.033415 -0.204027
-43.728804 -88.423377 2699.768017 13007.857871 -0.233863 0.092284 0.967880 0.138961 0.988438 -0.060668 -0.962288 0.120310 -0.243983
-26.751523 -176.129582 1796.585136 -27172.554997 -0.226711 -0.349339 0.909156 0.176739 0.903208 0.391126 -0.957792 0.249356 -0.143026
13.545118 -40.500396 -6551.800645 1007.382998 0.024572 -0.082066 -0.996324 -0.053922 0.995065 -0.083293 0.998243 0.055771 0.020026
21.628280 -39.577767 -3881.776991 189.989994 -0.080959 -0.001035 -0.996717 -0.093557 0.995592 0.006566 0.992317 0.093781 -0.080699
-40.626293 -59.479381 -1617.636500 -774.476566 -0.091032 -0.074981 0.993021 0.678140 0.725567 0.116953 -0.729273 0.684054 -0.015202
-38.348885 -56.837406 339.493971 -1536.323222 -0.099199 0.046312 0.993989 0.652750 0.756984 0.029874 -0.751050 0.651790 -0.105323
-37.357999 -50.390389 -510.462827 -3736.503255 -0.152188 -0.187840 0.970338 0.517962 0.820996 0.240167 -0.841757 0.539149 -0.027652
-39.088390 -62.096914 -1578.643055 508.254200 -0.096050 0.022123 0.995131 0.792641 0.606423 0.063024 -0.602076 0.794834 -0.075783
-38.355491 -53.887103 916.061890 -1717.482427 -0.139028 -0.343366 0.928855 0.567539 0.741018 0.358877 -0.811524 0.577055 0.091852
-41.845579 -58.427101 -303.189549 -352.027226 -0.037759 -0.186783 0.981675 0.697060 0.698978 0.159805 -0.716018 0.690321 0.103806
-41.578031 -60.210857 -1617.323630 633.012680 -0.032279 -0.078659 0.996379 0.783509 0.616947 0.074088 -0.620541 0.783064 0.041716
-5.508969 -73.199533 192.345495 689.870039 -0.642060 0.763986 -0.063910 -0.137634 -0.032857 0.989938 -0.754199 -0.644395 -0.126247
-4.632972 -72.913942 466.665810 -210.713779 -0.635776 0.766899 -0.087486 -0.324002 -0.162280 0.932034 -0.700579 -0.620911 -0.351651
2.434177 -88.170983 1384.823004 -5588.627026 -0.631785 0.769710 -0.091624 -0.356502 -0.183572 0.916083 -0.688298 -0.611431 -0.390381
4.194090 -87.904387 1344.109087 -1451.664584 -0.629247 0.773791 -0.072771 -0.140273 -0.020976 0.989891 -0.764442 -0.633093 -0.121741
3.310192 -84.160768 -585.674859 -316.475889 -0.679880 0.728042 -0.087852 -0.177232 -0.046884 0.983052 -0.711584 -0.683928 -0.160908
-1.472404 -172.123432 -582.062351 5701.268339 -0.504579 0.855630 -0.115311 -0.391744 -0.107877 0.913728 -0.769374 -0.506221 -0.389620
0.884623 -228.505825 -208.096556 12436.291811 -0.485368 0.862356 -0.144079 -0.503410 -0.140911 0.852480 -0.714840 -0.486298 -0.502513
1.838591 -222.217704 -894.224014 31305.406947 -0.508306 0.851983 -0.125500 -0.113326 0.078287 0.990469 -0.853688 -0.517683 -0.056758
-2.946966 -191.041874 -477.229517 -2388.713129 -0.479745 0.865301 -0.145258 -0.646943 -0.237015 0.724768 -0.592714 -0.441677 -0.673507
0.549963 -150.146431 -1395.641723 12294.133403 -0.549909 0.832246 -0.070476 -0.079474 0.031858 0.996328 -0.831435 -0.553490 -0.048623
-22.250203 -38.002871 4961.053831 -548.513529 0.532343 0.745043 -0.401898 -0.460324 0.653204 0.601187 -0.710432 0.135034 -0.690690
-29.056990 -44.683087 -4781.624882 2994.697651 -0.663238 -0.385251 0.641636 -0.252344 0.922245 0.292894 -0.704584 0.032345 -0.708883
2.214502 -48.333449 -880.524803 632.075866 -0.463567 0.852677 0.240929 -0.650537 -0.512135 0.560820 -0.601587 -0.103244 -0.792107
0.374141 -47.075067 205.250737 1019.013308 -0.447415 0.864634 0.228535 -0.624232 -0.484916 0.612529 -0.640433 -0.131396 -0.756690
2.968597 -50.330516 802.246042 833.121486 -0.440438 0.868913 0.225844 -0.719993 -0.492130 0.489303 -0.536306 -0.052902 -0.842364
2.861934 -44.220488 -1356.350637 504.449391 -0.459037 0.856360 0.236501 -0.570770 -0.488268 0.660163 -0.680813 -0.168052 -0.712918
5.032487 -49.902914 -874.245140 1288.784436 -0.473597 0.843005 0.255048 -0.706723 -0.536552 0.461145 -0.525594 -0.038149 -0.849880
-13.102005 -47.452197 -909.895564 5.232050 -0.233722 0.958458 0.163503 -0.880660 -0.137408 -0.453385 0.412083 0.249956 -0.876190
-13.938604 -47.347801 -197.077967 112.836429 -0.269202 0.946622 0.177305 -0.917267 -0.195905 -0.346759 0.293514 0.255984 -0.921044
-15.060682 -46.348630 -308.621038 106.858695 -0.257106 0.946482 0.195109 -0.876810 -0.143582 -0.458899 0.406326 0.289059 -0.866801
-14.363009 -46.013842 -103.005287 -106.225744 -0.315366 0.928156 0.197663 0.905079 0.231570 0.356661 0.285264 0.291379 -0.913084
-15.660136 -44.362265 -244.973152 -637.170559 -0.235931 0.945642 0.223824 -0.823102 -0.072029 -0.563306 0.516565 0.317132 -0.795354
-14.244379 -45.689543 -1118.105120 -507.404779 -0.214261 0.959819 0.181218 -0.829038 -0.080591 -0.553354 0.516515 0.268799 -0.812994
1.869612 -50.485073 2771.055798 -509.393341 -0.286711 0.940402 0.182866 -0.830439 -0.148787 -0.536874 0.477670 0.305787 -0.823605
6.785758 -50.487951 3621.085042 -864.450508 -0.284258 0.935256 0.210933 -0.813026 -0.118546 -0.570031 0.508120 0.333530 -0.794085
8.793578 -48.953869 2354.288744 -2069.327826 -0.276701 0.941398 0.192887 -0.752318 -0.087333 -0.652986 0.597874 0.325794 -0.732396
5.705449 -315.187812 -5658.706099 -22712.219069 -0.508314 0.847055 -0.155291 0.219277 -0.047073 -0.974526 0.832787 0.529417 0.161812
-5.801566 -348.267826 -3229.938512 -60035.346725 -0.532406 0.835436 -0.136345 0.482723 0.167335 -0.859638 0.695358 0.523493 0.492374
-3.298776 -8.877784 -1079.516052 369.158275 0.750653 -0.654712 0.088725 0.063114 0.204734 0.976781 0.657675 0.727623 -0.195006
-3.783711 -10.520472 1078.503341 1084.134534 0.599365 -0.686080 -0.412378 0.434303 -0.154033 0.887499 0.672415 0.711033 -0.205644
29.618879 -497.026379 -9427.356933 39251.393752 -0.663739 0.731197 -0.157483 0.181307 0.361555 0.914552 -0.725657 -0.578471 0.372550
62.238574 -743.166439 9631.256585 96078.746944 -0.515288 0.829887 -0.213931 -0.126351 0.173331 0.976725 -0.847652 -0.530325 -0.015542
30.253157 -536.277914 10816.796224 44831.758259 -0.449696 0.877209 -0.168161 0.148630 0.259140 0.954335 -0.880728 -0.404167 0.246914
21.956265 -31.059135 -529.472576 -3170.935359 -0.600961 0.789536 0.124411 -0.261630 -0.047238 -0.964011 0.755245 0.611883 -0.234955
20.542629 -41.449754 -986.099026 -1276.293044 -0.550965 0.807425 0.210957 -0.445686 -0.070973 -0.892372 0.705551 0.585686 -0.398961
20.084060 -43.727696 -2527.702037 -1623.921592 -0.493977 0.853908 0.163793 -0.386727 -0.047057 -0.920993 0.778735 0.518293 -0.353474
12.863666 -139.450715 2172.247075 4649.479809 -0.302308 0.947353 0.105510 -0.679858 -0.136705 -0.720490 0.668134 0.289541 -0.685392
17.631816 -436.792887 -1975.675664 106476.819295 -0.343532 0.937049 0.062647 -0.483524 -0.119290 -0.867164 0.805103 0.328190 -0.494066
5.014887 -136.071426 1918.606775 13244.740629 -0.367367 0.927893 0.063682 -0.518994 -0.147696 -0.841921 0.771807 0.342344 -0.535830
-6.570294 -120.344841 4449.269923 18769.043962 -0.349516 0.934450 0.068124 -0.623765 -0.177822 -0.761116 0.699111 0.308516 -0.645029
-51.950203 -81.777783 -677.878018 -562.166358 0.147363 0.984462 0.095494 0.971190 -0.125740 -0.202433 0.187280 -0.122575 0.974629
-56.854018 -79.417587 715.677930 1826.818809 0.306016 0.947879 -0.088765 0.909610 -0.318628 -0.266620 0.281007 -0.000849 0.959705
4.051811 -132.600465 -2452.179858 -7991.937266 0.407637 -0.129833 0.903867 0.126963 0.988285 0.084699 -0.904274 0.080231 0.419346
2.541468 -115.402280 -1828.667124 -8872.538468 0.414383 -0.122556 0.901813 -0.138344 0.970894 0.195513 -0.899526 -0.205777 0.385368
177.514827 -117.841329 -32125.374558 4770.696211 0.743283 -0.649274 0.161164 -0.626780 -0.591681 0.507011 0.233831 0.477867 0.846739
136.237820 -103.130005 -29072.478911 7221.589041 0.752549 -0.480820 0.449981 -0.655079 -0.616507 0.436796 -0.067397 0.623483 0.778927
-4.783217 -40.268957 -366.202693 -1390.227189 0.608458 0.784817 -0.117647 0.781416 -0.618370 -0.083715 0.138450 0.040994 0.989521
-2.995017 -43.342603 353.700888 2462.405559 0.621980 0.771398 -0.134485 0.740618 -0.635306 -0.218794 0.254216 -0.036484 0.966459
-2.725784 -39.631040 790.811229 -836.331180 0.651009 0.744221 -0.149404 0.742528 -0.665232 -0.078225 0.157605 0.060012 0.985677
-3.725841 -41.791649 -631.407811 -0.111511 0.567360 0.817648 -0.097752 0.801824 -0.575578 -0.160589 0.187568 -0.012732 0.982169
-5.278768 -40.861733 -91.101512 -4394.180256 -0.629109 -0.766234 0.130794 0.776137 -0.628467 0.051390 0.042823 0.133844 0.990077
-5.499680 -41.294969 643.516029 -1700.705312 -0.545769 -0.831609 0.102772 0.836788 -0.547323 0.014936 0.043829 0.094150 0.994593
2.847552 -71.634854 -967.739591 -661.513892 0.600800 0.771864 -0.208002 0.400592 -0.515870 -0.757234 0.691784 -0.371622 0.619138
9.954937 -91.401536 5099.317621 1237.426848 0.012481 0.937755 0.347073 0.999767 -0.017817 0.012186 0.017611 0.346840 -0.937759
2.096138 -84.810887 3481.049212 2338.915360 0.016908 0.943754 0.330215 0.971916 -0.093044 0.216155 0.234722 0.317286 -0.918823
-2.943475 -89.947824 2423.180806 1710.805027 0.060834 0.943949 0.324437 0.994745 -0.084150 0.058316 0.082349 0.319185 -0.944108
-8.835627 -86.886683 1663.168233 -2620.451643 0.075837 0.948337 0.308069 -0.943960 0.167814 -0.284213 0.321228 0.269251 -0.907919
-5.996730 -91.951877 1913.161829 453.450278 0.095517 0.944208 0.315194 0.989033 -0.054188 -0.137392 -0.112647 0.324860 -0.939029
4.802356 -93.840266 3068.194945 721.712529 0.053385 0.943079 0.328257 0.985170 0.003939 -0.171539 -0.163068 0.332547 -0.928882
-10.080980 -89.470203 1570.929065 2587.735646 0.098786 0.945608 0.309945 0.985345 -0.136476 0.102322 0.139057 0.295295 -0.945232
-12.684663 -62.217328 -1102.337624 -356.195768 -0.356722 -0.932357 0.058821 0.933738 -0.357836 -0.009280 0.029701 0.051613 0.998225
-14.082272 -69.054780 -554.404704 5543.002757 -0.383281 -0.921531 0.062260 0.917975 -0.372618 0.135935 -0.102069 0.109255 0.988759
-14.063533 -58.036424 -708.393644 -786.596674 0.369225 0.929334 -0.003425 0.928762 -0.368864 0.036613 -0.032762 0.016699 0.999324
-11.074247 -69.921998 -1936.399010 4691.778858 -0.383254 -0.917784 0.103871 0.921331 -0.371917 0.113260 -0.065316 0.139107 0.988121
-12.876546 -61.402472 -306.944253 -5955.844238 0.318366 0.947909 -0.010599 0.942462 -0.317701 -0.104076 0.102022 -0.023145 0.994513
-10.269352 -67.850625 1379.722516 -4174.570160 0.322545 0.944475 -0.062702 0.930215 -0.328536 -0.163595 0.175112 0.005560 0.984533
-9.859507 -66.606279 -2047.083163 431.054142 -0.365564 -0.924718 0.106113 0.928229 -0.370628 -0.032032 0.068949 0.086787 0.993838
40.045146 -41.095909 -15969.903660 -741.302492 0.079982 0.832639 0.548010 0.727054 0.327366 -0.603509 0.681905 -0.446703 0.579191
-4.435615 -154.566015 -677.840594 -22158.806876 -0.354551 -0.010426 -0.934979 0.851473 -0.416795 -0.318237 -0.386376 -0.908941 0.156653
-4.598455 -146.994249 -548.151344 -18193.734334 -0.349835 -0.021832 -0.936557 0.882339 -0.343612 -0.321573 -0.314792 -0.938858 0.139471
-4.180739 -148.575116 -375.326868 -14875.549164 -0.363836 -0.028297 -0.931033 0.838626 -0.444953 -0.314201 -0.405376 -0.895107 0.185620
6.715577 -144.520284 -1949.835628 15751.459634 -0.318250 -0.039913 -0.947166 0.118143 0.989655 -0.081400 0.940616 -0.137807 -0.310242
-62.150120 -1365.480360 -26221.296881 -182239.518399 0.863396 0.328494 -0.382935 0.474243 -0.269410 0.838160 -0.172164 0.905268 0.388393
-13.981582 -663.976110 1290.769107 186342.190000 -0.028399 -0.283175 0.958648 0.835734 0.519421 0.178190 -0.548400 0.806235 0.221907
-15.063066 -33.574372 3760.759230 -1279.758868 0.196328 0.970762 -0.138115 0.606436 -0.009527 0.795075 -0.770513 0.239854 0.590576
-6.304855 -26.511782 1569.700540 -1476.662793 0.227941 0.968390 -0.101315 0.587587 -0.053838 0.807368 -0.776392 0.243563 0.581285
7.691398 -37.221721 4838.272299 784.508795 -0.314013 0.104973 -0.943598 -0.174727 0.970504 0.166112 0.933202 0.217033 -0.286409
19.919337 -37.397175 2287.551922 -948.190797 -0.240085 0.049936 -0.969467 -0.103559 0.991660 0.076725 0.965212 0.118817 -0.232912
-253.902903 -1176.462490 21143.103159 342116.915755 0.695117 -0.160038 -0.700857 -0.236706 0.869593 -0.433334 0.678810 0.467115 0.566587
-161.644502 -13694.564439 117589.329714 -6572985.566464 0.543361 0.154521 -0.825156 0.273620 0.896643 0.348085 0.793657 -0.414915 0.444921
-43.730203 -256.072268 7967.810905 54955.070279 -0.172230 0.279980 0.944430 -0.060074 0.953987 -0.293769 -0.983223 -0.107331 -0.147486
-31.013205 -173.646507 1657.541631 39841.716021 -0.242624 0.411972 0.878301 0.225096 0.904551 -0.362103 -0.943645 0.109847 -0.312199
-32.045031 -79.391879 -7110.346294 17045.801941 -0.223483 0.580111 0.783279 0.290873 0.806680 -0.514451 -0.930295 0.112864 -0.349018
-35.576563 -43.002328 -617.731539 -5631.904365 -0.042774 0.140152 0.989206 0.457511 0.882945 -0.105314 -0.888174 0.448068 -0.101888
-37.220669 -52.004753 1387.638402 -2626.782653 -0.085889 0.163106 0.982863 0.572893 0.815188 -0.085217 -0.815117 0.555756 -0.163458
-38.835162 -60.053843 392.759404 566.976318 -0.188182 0.053708 0.980664 0.747974 0.654937 0.107662 -0.636492 0.753772 -0.163420
-40.930743 -57.099399 1293.588160 -789.289456 -0.187362 0.141205 0.972089 0.679724 0.733058 0.024527 -0.709134 0.665348 -0.233328
-17.203771 -62.055466 -10136.607958 -3904.775728 0.131603 0.926048 -0.353718 -0.482030 0.371577 0.793459 -0.866214 -0.066081 -0.495284
-7.917142 -58.303992 -11887.667562 -946.090442 0.019380 0.921999 -0.386707 -0.424885 0.357711 0.831574 -0.905040 -0.148190 -0.398676
-16.685218 -80.636284 -2143.960585 21845.888327 0.198749 0.954325 -0.223077 -0.132586 0.251707 0.958679 -0.971041 0.160959 -0.176556
-12.136699 -53.787835 -1500.201204 9970.447691 0.324063 0.805282 -0.496491 -0.068631 0.543441 0.836637 -0.943543 0.237048 -0.231377
-31.636872 -110.457626 -3604.394892 33298.229954 0.232192 0.954617 -0.186532 -0.110262 0.216369 0.970065 -0.966400 0.204674 -0.155497
-44.043538 -162.029139 -1677.260616 49972.990238 0.244901 0.951979 -0.183737 -0.088207 0.210598 0.973585 -0.965527 0.222225 -0.135547
-20.407397 -43.208654 -1550.179935 1062.999696 0.830495 -0.518919 0.202485 0.095324 0.490550 0.866183 0.548808 0.700060 -0.456865
-15.211503 -43.787207 -1378.348282 244.411671 0.778028 -0.628064 0.014399 0.366399 0.472264 0.801697 0.510318 0.618467 -0.597557
-13.652597 -47.078184 -1488.891488 -479.904143 0.849699 -0.501852 0.161732 0.183146 0.568550 0.802003 0.494439 0.651840 -0.575008
