12064
24117
-24.568161 -34.184817 -654.953609 2909.078531 0.955740 0.138417 -0.259620 0.197852 -0.955468 0.218944 0.217753 0.260620 0.940564
-29.780857 -41.157560 460.149523 2634.173532 0.952173 0.028340 -0.304242 0.144645 -0.918867 0.367098 0.269155 0.393548 0.879020
-26.757810 -50.456445 -938.237175 4158.254320 0.849554 0.387160 -0.358280 0.495975 -0.817553 0.292601 0.179630 0.426279 0.886578
-22.842265 -31.698402 398.138410 -1419.986230 0.846882 -0.514621 -0.133998 0.433321 0.813880 -0.387082 0.308259 0.269749 0.912257
-17.214544 -43.841851 -2348.521060 5433.842373 0.894793 0.379831 -0.234679 0.420663 -0.893349 0.158020 0.149629 0.240116 0.959143
-17.024733 -26.573039 -1322.769209 -2148.773907 0.986553 0.007420 -0.163274 -0.031788 0.988603 -0.147150 0.160322 0.150362 0.975545
-18.950062 -25.347526 249.950848 -1262.518399 0.816787 -0.569517 -0.092248 0.529417 0.803412 -0.272482 0.229297 0.173722 0.957728
-33.626833 -45.116769 -153.477633 -276.469708 0.783932 0.550065 -0.287889 -0.313347 -0.049763 -0.948334 0.535971 -0.833638 -0.133350
-33.636925 -44.927394 -466.727673 -1186.663626 0.850926 0.494105 -0.178283 -0.109560 -0.164994 -0.980191 0.513732 -0.853603 0.086263
-31.528271 -45.897515 -383.342041 168.047372 0.869757 0.434871 -0.233260 -0.258744 -0.000625 -0.965946 0.420208 -0.900492 -0.111977
-31.271289 -44.229972 -629.284665 1555.043863 0.859187 0.444870 -0.252763 -0.362179 0.179837 -0.914596 0.361420 -0.877354 -0.315636
-33.667998 -44.904891 -448.344158 752.392073 0.739756 0.588249 -0.326687 -0.450353 0.072115 -0.889934 0.499944 -0.805458 -0.318267
-35.029087 -45.098451 -222.538760 -569.935320 0.673899 0.658327 -0.335359 -0.378682 -0.081982 -0.921889 0.634398 -0.748254 -0.194049
48.678783 -17.064103 1054.445054 851.038670 0.587595 0.695069 -0.414260 -0.691984 0.697014 0.187964 0.419393 0.176214 0.890538
54.311102 -25.803527 -3532.834300 -1851.775336 0.652683 0.733746 -0.188738 0.700461 -0.679342 -0.218744 0.288721 -0.010567 0.957355
41.373197 -24.745941 -957.229350 1459.404240 0.748549 0.637342 -0.182946 -0.639932 0.766641 0.052433 0.173672 0.077824 0.981724
44.131734 -36.054145 -3293.570390 2403.429213 0.725300 0.688233 -0.016594 -0.674960 0.715643 0.179678 0.135536 -0.119120 0.983586
39.114178 -17.244219 3050.751050 207.375519 0.688250 0.573354 -0.444496 -0.620007 0.783002 0.049983 0.376700 0.241190 0.894385
39.896431 -33.396724 -3495.014773 -2534.597468 0.794658 0.606262 0.031055 0.607057 -0.793637 -0.040269 -0.000233 -0.050853 0.998706
39.112782 -30.759076 -3904.227613 511.188718 0.847735 0.529807 0.025482 -0.527746 0.847306 -0.059632 -0.053184 0.037104 0.997895
8.806003 2.194985 1009.229696 -621.206758 -0.256772 0.801594 -0.539921 0.875411 0.429630 0.221528 0.409541 -0.415771 -0.812041
9.887739 4.679342 1036.732527 -636.256627 -0.455641 0.673509 -0.582046 0.789988 0.607298 0.084305 0.410256 -0.421397 -0.808774
11.877407 4.270528 254.124638 -789.034407 -0.300469 0.720824 -0.624605 0.853926 0.495025 0.160498 0.424886 -0.485142 -0.764271
11.250395 1.136385 691.634843 -626.052492 -0.198968 0.799805 -0.566325 0.888034 0.391559 0.240992 0.414496 -0.454966 -0.788162
8.610462 -0.948347 989.211648 -602.830620 -0.110014 0.863318 -0.492523 0.908511 0.288323 0.302453 0.403119 -0.414188 -0.816053
10.178495 -25.520786 -879.148591 -578.066596 0.884339 0.000528 0.466844 0.279143 -0.802141 -0.527872 -0.374196 -0.597135 0.709512
6.079464 -22.316633 -2468.921109 -392.203575 0.817429 0.045215 0.574252 0.366637 -0.809745 -0.458138 -0.444283 -0.585037 0.678486
14.091045 -23.188703 -1487.479661 -322.954945 0.831718 0.074366 0.550195 0.332654 -0.860162 -0.386605 -0.444507 -0.504571 0.740150
16.747599 -25.765939 725.144231 -371.307001 0.898015 0.058526 0.436054 0.272372 -0.852305 -0.446532 -0.345517 -0.519761 0.781323
17.112828 -23.718063 914.725114 -180.684288 0.873519 0.135158 0.467651 0.299073 -0.906997 -0.296500 -0.384083 -0.398860 0.832701
12.033801 -21.537790 -1625.969861 369.923858 0.750113 0.175605 0.637568 -0.404115 0.884868 0.231731 -0.523470 -0.431476 0.734716
3.008074 -41.386936 -368.408605 3884.439602 0.905455 0.066657 0.419176 -0.157914 0.969600 0.186922 -0.393973 -0.235443 0.888455
1.217326 -32.817370 -229.003730 786.808635 0.900506 0.097584 0.423753 -0.144095 0.986401 0.079059 -0.410275 -0.132254 0.902321
2.519943 -41.000807 27.439154 3004.774970 0.905009 0.111360 0.410558 -0.173627 0.977774 0.117521 -0.388346 -0.177642 0.904229
0.780099 -37.522478 327.076747 881.751853 0.901027 0.178528 0.395321 -0.223396 0.972202 0.070121 -0.371813 -0.151494 0.915863
2.827666 -44.528455 253.102277 3704.165848 0.901951 0.156604 0.402442 -0.239975 0.956550 0.165604 -0.359021 -0.245943 0.900342
-8.206442 -64.606300 -121.785182 -1099.184618 0.940315 0.101523 0.324810 -0.187131 0.951460 0.244347 0.284237 0.290545 -0.913670
-8.950627 -60.847745 -88.531196 -823.122039 -0.945700 -0.071778 -0.317017 -0.090959 0.994787 0.046106 0.312055 0.072438 -0.947298
-8.293057 -66.431073 87.742779 -649.256470 0.947827 0.090678 0.305617 -0.184983 0.937225 0.295619 0.259625 0.336730 -0.905101
-8.273916 -62.959955 113.188633 -1247.821893 -0.961641 -0.080974 -0.262088 -0.118765 0.984149 0.131705 0.247269 0.157780 -0.956014
-1.497416 -28.134920 -38.321163 -170.048495 0.907057 -0.405257 -0.114081 -0.117518 0.016481 -0.992934 -0.404273 -0.914054 0.032676
-3.261069 -27.434728 126.583924 136.829984 0.916721 -0.398072 -0.034072 -0.082161 -0.104374 -0.991139 -0.390988 -0.911397 0.128388
-1.405869 -28.939417 -164.157855 115.170316 0.905572 -0.421286 -0.049566 -0.043743 0.023482 -0.998767 -0.421931 -0.906624 -0.002837
0.640701 -26.987696 18.230556 -209.794304 0.899289 -0.400946 -0.174705 -0.122856 0.151787 -0.980748 -0.419745 -0.903440 -0.087242
0.780257 -33.378498 481.848464 -816.273486 0.911211 -0.348641 0.219416 0.034821 -0.465547 -0.884338 -0.410465 -0.813459 0.412071
1.881146 -32.769123 243.405849 -642.994858 0.902997 -0.361135 0.232762 0.045675 -0.457992 -0.887782 -0.427212 -0.812296 0.397070
1.822708 -31.045382 331.086703 -557.957603 0.904945 -0.341328 0.254105 0.026080 -0.551541 -0.833740 -0.424728 -0.761116 0.490213
1.392537 -29.725149 371.897125 -494.681451 0.906655 -0.328583 0.264593 -0.007982 -0.640435 -0.767971 -0.421796 -0.694173 0.583276
0.540844 -32.874992 308.047826 -748.008075 0.908815 -0.350160 0.226812 0.003209 -0.537770 -0.843086 -0.417187 -0.766937 0.487609
4.544226 -81.643338 457.722145 -304.508885 -0.145431 0.214331 -0.965874 0.324746 0.932505 0.158030 0.934553 -0.290682 -0.205218
7.126651 -84.455691 571.118858 -1196.086829 -0.117228 0.217565 -0.968981 0.321614 0.931443 0.170227 0.939586 -0.291682 -0.179163
6.574910 -85.751748 483.739618 -972.913584 -0.120944 0.224551 -0.966928 0.062861 0.973856 0.218297 0.990667 -0.034380 -0.131898
-2.316314 -103.016135 -497.850751 86.541642 0.209204 -0.224971 0.951642 0.716289 0.697764 0.007489 -0.665706 0.680083 0.307119
-3.295918 -102.138265 -135.025085 2930.754570 0.164634 -0.276211 0.946891 0.906312 0.421181 -0.034719 -0.389223 0.863894 0.319674
-1.502347 -90.377109 -12.681819 1246.654535 0.199994 -0.256205 0.945707 0.860496 0.507512 -0.044482 -0.468561 0.822673 0.321963
-2.462478 -83.095579 60.694430 2023.755357 0.149471 -0.277470 0.949036 0.968500 0.234417 -0.084000 -0.199163 0.931697 0.303768
-1.635849 -82.875137 -240.450654 1008.742022 0.192561 -0.229828 0.953991 0.895186 0.439365 -0.074843 -0.401949 0.868411 0.290343
-0.048882 -86.656239 -124.537803 -109.603513 0.235879 -0.210949 0.948611 0.733458 0.679010 -0.031384 -0.637496 0.703169 0.314886
-0.201177 -92.411562 -131.534358 -582.915645 0.241243 -0.215496 0.946236 0.664323 0.747445 0.000854 -0.707444 0.628401 0.323475
132.152070 -16.244885 25939.197545 385.709521 0.107173 -0.452543 0.885279 -0.308527 0.831314 0.462307 -0.945159 -0.322679 -0.050528
72.073035 -26.437516 13514.260306 555.539645 0.083337 -0.618703 0.781192 -0.436367 0.682109 0.586780 -0.895901 -0.389787 -0.213137
66.664458 -17.857675 -2166.202475 1848.702725 -0.334498 -0.646207 0.685950 -0.321730 0.762452 0.561388 -0.885777 -0.032908 -0.462943
-9.722970 -162.665614 -24.875495 18909.443091 -0.261855 0.144559 -0.954219 -0.340298 0.911387 0.231454 0.903122 0.385326 -0.189458
-8.596823 -138.219330 -112.448890 17007.413418 -0.284304 0.116810 -0.951592 -0.646743 0.709335 0.280298 0.707739 0.695125 -0.126121
-7.741521 -143.317901 -427.037191 16869.319388 -0.238033 0.117317 -0.964146 -0.601444 0.761646 0.241164 0.762631 0.637284 -0.110738
-1.711306 -6.065430 -148.081376 442.075827 0.905937 0.367317 0.210611 -0.033381 0.557825 -0.829287 0.422095 -0.744251 -0.517615
-1.385844 -8.432459 120.973876 689.149756 0.905239 0.331863 0.265349 0.033043 0.567619 -0.822628 0.423617 -0.753443 -0.502865
-2.042896 -6.594525 135.284384 359.574489 0.903412 0.390277 0.177567 -0.072226 0.546725 -0.834191 0.422646 -0.740794 -0.522106
-2.129588 -4.722276 -176.729809 103.151145 0.895167 0.430445 0.115725 -0.143815 0.524667 -0.839072 0.421892 -0.734467 -0.531569
-1.064522 -72.490662 -181.750046 793.437015 0.884457 0.131549 0.447694 0.089840 0.893481 -0.440024 -0.457890 0.429403 0.778427
-1.362749 -73.416553 -227.307302 -2297.287528 0.881472 0.114137 0.458235 -0.028525 0.981450 -0.189586 -0.471373 0.154043 0.868376
-2.178359 -72.077553 132.942638 -2187.311266 0.893086 0.125157 0.432126 -0.025574 0.973094 -0.228984 -0.449159 0.193451 0.872257
-22.847002 -34.445678 -458.502013 181.173617 0.137802 0.872811 0.468201 -0.707635 0.417507 -0.570036 0.693010 0.252763 -0.675165
-23.184877 -34.991897 -63.773720 123.291733 0.156451 0.922385 0.353171 -0.667379 0.362320 -0.650637 0.728099 0.133906 -0.672266
-23.727858 -35.431965 -55.933668 -74.760938 0.127349 0.891833 0.434070 -0.776211 0.362057 -0.516150 0.617478 0.271199 -0.738358
-22.743283 -34.732248 -476.472733 143.914793 0.107224 0.902688 0.416723 -0.614542 0.389656 -0.685934 0.781563 0.182545 -0.596520
-24.435200 -36.272977 -453.804153 92.395648 0.070848 0.842090 0.534664 -0.786272 0.376981 -0.489553 0.613805 0.385707 -0.688820
-24.369295 -36.791354 -198.406070 276.835769 0.012522 0.872414 0.488606 -0.670484 0.369840 -0.643172 0.741818 0.319549 -0.589571
-5.678984 -29.154595 371.304417 1013.153542 0.957603 0.253340 0.137172 -0.252551 0.509103 0.822820 -0.138619 0.822577 -0.551500
0.159879 -24.763696 1711.277406 1608.869473 0.972274 0.215149 0.091621 -0.172848 0.397314 0.901258 -0.157502 0.892106 -0.423486
7.214759 -29.793823 3376.002157 1293.171596 0.919421 0.276611 0.279556 -0.375989 0.409820 0.831072 -0.115316 0.869215 -0.480799
0.672407 -32.185619 3229.768424 90.736368 0.896757 0.295347 0.329540 -0.441345 0.542610 0.714695 -0.032271 0.786348 -0.616940
22.101969 -32.708860 5070.811015 1312.740357 0.887120 0.315147 0.337195 -0.437108 0.339131 0.833022 -0.148171 0.886382 -0.438603
17.057545 -34.708596 4726.759743 -618.913899 0.849535 0.337457 0.405480 -0.525084 0.466940 0.711515 -0.050771 0.817367 -0.573875
0.985147 -28.746599 -1684.023821 754.678961 0.891877 -0.187058 0.411782 -0.370648 0.219453 0.902475 0.259182 0.957523 -0.126392
4.872084 -25.601334 -3318.933106 859.460133 0.872357 -0.141463 0.467954 -0.460346 0.084474 0.883711 0.164542 0.986333 -0.008569
-3.668395 -26.381466 -1026.005104 669.231933 0.818502 -0.177581 0.546370 -0.518575 0.180933 0.835669 0.247255 0.967331 -0.056005
-5.747576 -27.768795 -580.631031 330.070617 0.830676 -0.210181 0.515559 -0.449534 0.293130 0.843798 0.328476 0.932684 -0.149012
-4.330756 -30.588553 -1033.252771 210.471658 0.888556 -0.209006 0.408393 -0.315816 0.367013 0.874964 0.332758 0.906431 -0.260104
0.119553 -32.222409 -1088.136206 241.527834 0.921662 -0.240345 0.304587 -0.205645 0.363087 0.908778 0.329012 0.900223 -0.285218
-0.784633 -38.319229 -4.167894 133.084240 0.868447 -0.439604 -0.229233 -0.188673 -0.720623 0.667162 0.458478 0.536145 0.708765
-1.046117 -40.908201 302.759537 46.976738 0.871886 -0.421826 -0.248752 -0.115973 -0.671367 0.731995 0.475778 0.609368 0.634276
-1.392630 -39.858992 329.754165 377.295681 0.864360 -0.446310 -0.231709 -0.248269 -0.779436 0.575189 0.437315 0.439644 0.784518
-0.893112 -37.787559 82.243333 -481.418439 0.860141 -0.457213 -0.226084 0.273517 0.787594 -0.552164 0.430519 0.413101 0.802497
-1.598356 -38.826310 -285.723013 183.083357 0.865452 -0.447790 -0.224673 -0.208679 -0.729907 0.650913 0.455463 0.516449 0.725144
-2.599755 -52.835815 -194.768756 -5564.903868 0.904357 -0.415822 -0.096071 0.397857 0.902893 -0.162771 0.154426 0.108981 0.981975
-2.710671 -59.702108 -11.661661 4912.674705 0.916699 -0.386553 -0.101188 -0.349123 -0.898018 0.267724 0.194358 0.210095 0.958167
0.206689 -45.194223 -639.003547 -4696.673991 0.928384 -0.360819 -0.088948 0.358240 0.932593 -0.043990 0.098825 0.008975 0.995064
0.942369 -57.670846 -614.338348 4462.760153 0.930247 -0.351910 -0.103921 -0.314735 -0.910838 0.267050 0.188633 0.215715 0.958063
4.469559 -48.316794 -739.250032 -5023.295283 0.933242 -0.340866 -0.113446 0.334773 0.939725 -0.069602 0.130333 0.026977 0.991103
3.303977 -34.330412 -612.529464 -2128.533251 0.912230 -0.393170 -0.115125 0.399120 0.916295 0.033271 0.092407 -0.076300 0.992794
-6.362921 -55.174100 -27.315423 755.230780 0.695626 -0.530548 -0.484379 0.693837 0.670974 0.261505 -0.186265 0.517990 -0.834860
-5.634579 -50.006315 -12.524889 981.082274 -0.704871 0.519549 0.482934 0.705766 0.581894 0.404096 -0.071069 0.625674 -0.776841
-5.982609 -52.471727 -44.246308 409.217284 0.718459 -0.519466 -0.462571 0.695127 0.559936 0.450855 -0.024806 0.645466 -0.763386
-6.976761 -56.745110 -67.506141 765.839405 0.680842 -0.547381 -0.486649 0.661145 0.745227 0.086741 -0.315184 0.380803 -0.869280
-6.116937 -58.520295 99.363981 859.141148 0.669282 -0.552074 -0.497268 0.663028 0.745823 0.064358 -0.335344 0.372776 -0.865207
-1.854433 -43.328767 789.097886 -1319.422983 0.833394 -0.525403 -0.171479 0.489438 0.845729 -0.212584 0.256717 0.093238 0.961979
-3.314089 -44.180706 483.821394 -1967.426537 0.838270 -0.525042 -0.147087 0.498544 0.847285 -0.183198 0.220811 0.080240 0.972010
-2.289342 -38.133473 650.566045 -1628.080796 0.846078 -0.508475 -0.160016 0.502721 0.860951 -0.077686 0.177267 -0.014714 0.984053
-0.181240 -41.098415 869.658507 -1278.212156 0.847715 -0.498114 -0.182379 0.479848 0.866650 -0.136617 0.226109 0.028298 0.973691
-2.042566 -36.274470 938.709242 -1352.489120 0.844030 -0.503901 -0.183567 0.515801 0.856461 0.020594 0.146840 -0.112066 0.982792
-3.050131 -33.408799 535.689824 1586.199510 0.858471 -0.491128 -0.147715 -0.503915 -0.861314 -0.064862 0.095374 -0.130118 0.986901
60.299606 -39.996132 -7836.334707 1633.683044 0.597149 0.781431 0.181049 -0.401896 0.096136 0.910625 -0.694185 0.616541 -0.371461
35.991237 -59.096700 -6883.719483 -1382.693833 0.363281 0.867219 0.340526 -0.593014 -0.066668 0.802427 -0.718582 0.493443 -0.490054
24.798151 -45.285682 -4328.524962 982.906092 0.514632 0.799185 0.310576 0.667263 -0.145835 -0.730405 -0.538436 0.583126 -0.608318
36.624874 -41.651769 -1408.173193 688.935725 0.695951 0.653997 0.296547 -0.521452 0.176347 0.834859 -0.493700 0.735656 -0.463757
52.624430 -33.311140 2245.162135 4058.699433 0.806063 0.556156 0.202367 -0.302026 0.092504 0.948801 -0.508962 0.825913 -0.242538
0.324704 -62.846836 94.996471 -1900.043268 -0.243263 0.537070 0.807699 0.967282 0.072490 0.243125 0.072025 0.840417 -0.537133
1.019298 -73.457353 621.534871 -2445.612364 -0.242971 0.527264 0.814222 0.943646 -0.065972 0.324314 0.224715 0.847136 -0.481521
1.028102 -68.830320 -125.604098 -2337.258483 -0.248170 0.548127 0.798729 0.924820 -0.111333 0.363749 0.288305 0.828952 -0.479289
1.683120 -69.368159 -378.572591 -1684.425636 -0.268156 0.558863 0.784707 0.943036 -0.014216 0.332386 0.196913 0.829138 -0.523216
-8.227867 -57.781927 -83.111297 -408.123608 -0.784305 0.511982 0.350342 0.446202 0.857893 -0.254801 -0.431009 -0.043518 -0.901298
-9.006509 -55.333110 82.970677 -955.010844 -0.771628 0.513861 0.374883 0.346174 0.833701 -0.430240 -0.533624 -0.202210 -0.821192
-9.028069 -57.274013 229.238479 -73.491938 -0.748622 0.530796 0.397266 0.445132 0.846464 -0.292159 -0.491348 -0.041881 -0.869956
-8.073399 -57.805612 221.462636 613.788876 -0.756348 0.528529 0.385480 0.539679 0.837161 -0.088923 -0.369707 0.140779 -0.918421
-8.361643 -56.935611 117.978426 360.677388 -0.734640 0.546662 0.401827 0.543021 0.828829 -0.134797 -0.406735 0.119173 -0.905740
-5.347472 -111.877518 422.808761 -7484.706269 -0.248134 0.606847 0.755094 0.923318 0.384001 -0.005195 -0.293109 0.695903 -0.655596
-6.427244 -98.231380 344.042532 -5043.341053 -0.246134 0.631165 0.735560 0.833773 0.524843 -0.171357 -0.494208 0.571113 -0.655430
-6.679705 -102.944296 188.805884 5733.962006 -0.213761 0.637836 0.739913 -0.802746 -0.546316 0.239034 -0.556691 0.542866 -0.628802
-5.725980 -108.546141 244.291298 -4834.445101 -0.198222 0.629284 0.751472 0.830299 0.515238 -0.212446 -0.520876 0.581835 -0.624625
-6.599956 -105.780541 120.877179 -2291.411984 -0.164629 0.672918 0.721165 -0.674409 -0.610327 0.415540 -0.719770 0.417950 -0.554300
-14.384124 -70.534630 -320.562664 2436.932901 -0.357417 0.749071 0.557804 -0.522035 0.335008 -0.784378 0.774424 0.571544 -0.271304
-16.101160 -69.141717 270.677485 2770.826045 -0.385552 0.689839 0.612758 -0.630602 0.287792 -0.720775 0.673565 0.664303 -0.324055
-14.045374 -76.170723 337.481766 1431.291179 -0.401120 0.689664 0.602881 -0.408342 0.454515 -0.791627 0.819975 0.563719 -0.099304
-8.970703 -298.693078 -2687.514299 -55188.145045 -0.385316 0.810900 0.440423 -0.671371 0.081092 -0.736672 0.633082 0.579539 -0.513168
-7.471643 -467.244639 -6594.930482 -110268.638452 -0.496735 0.795941 0.346023 -0.581941 -0.009667 -0.813173 0.643893 0.605297 -0.467993
-11.921544 -74.701300 -1944.241642 -1284.942243 -0.295226 0.797643 0.525935 -0.573384 0.292407 -0.765330 0.764246 0.527508 -0.371030
1.338900 -278.613325 -2731.511833 -51649.884902 -0.395743 0.857011 0.330029 -0.497375 0.102088 -0.861508 0.772014 0.505084 -0.385855
-7.248028 -78.987624 -1287.696430 1052.261593 -0.239680 0.802540 0.546337 -0.395477 0.433226 -0.809884 0.886652 0.410177 -0.213550
5.061960 -85.556331 951.618262 -1124.217536 -0.427412 0.480409 0.765850 0.593477 -0.489941 0.638547 0.681985 0.727437 -0.075705
6.930763 -83.935502 -29.868186 -1626.015425 -0.366505 0.527543 0.766402 0.642349 -0.452443 0.618614 0.673098 0.719023 -0.173044
7.556845 -89.532904 -264.291363 1977.346856 0.395316 -0.517549 -0.758860 -0.412570 0.638086 -0.650102 0.820677 0.570079 0.038720
-13.854612 -26.841075 -558.215327 -190.203243 0.724770 0.428401 -0.539613 0.658000 -0.198125 0.726487 -0.204317 0.881601 0.425482
-14.514466 -26.428708 -171.098066 308.580902 -0.649750 -0.375977 0.660657 0.748635 -0.165811 0.641913 -0.131801 0.911673 0.389205
-12.181819 -25.584944 300.880087 -2786.291804 -0.621656 -0.420219 0.661029 0.723426 0.015558 0.690227 -0.300331 0.907289 0.294325
-12.132467 -24.134276 -1124.154820 -2070.858326 0.766594 0.462687 -0.445259 0.551514 -0.119267 0.825595 -0.328887 0.878463 0.346608
-4.900463 -16.096507 171.735078 -261.857508 -0.956921 0.206107 -0.204505 0.179718 0.973655 0.140346 0.228043 0.097547 -0.968752
-6.038063 -15.038857 -175.484654 -84.884285 -0.958906 0.203827 -0.197370 0.188158 0.977501 0.095328 0.212360 0.054274 -0.975683
-4.992190 -16.368709 -88.941464 -375.373594 -0.938645 0.294317 -0.179784 0.260336 0.946563 0.190376 0.226208 0.131891 -0.965109
0.038556 -35.348657 -296.305889 107.776525 -0.735985 0.508706 0.446705 0.440990 0.860880 -0.253799 -0.513668 0.010200 -0.857928
1.005917 -34.715443 -380.955896 -205.158845 -0.747416 0.487355 0.451503 0.425388 0.873091 -0.238235 -0.510308 0.014003 -0.859877
-0.200756 -35.464064 -443.375073 250.732694 -0.738130 0.515234 0.435543 0.387101 0.852176 -0.352064 -0.552554 -0.091270 -0.828464
-0.580033 -35.944353 52.015949 289.267933 -0.720886 0.523143 0.454582 0.402192 0.849949 -0.340335 -0.564416 -0.062514 -0.823120
-0.632152 -36.194045 -181.615860 345.936389 -0.720797 0.540293 0.434206 0.335678 0.820161 -0.463310 -0.606442 -0.188199 -0.772534
-0.157588 -35.552011 -306.902092 370.328233 -0.725451 0.541128 0.425326 0.319383 0.812064 -0.488412 -0.609685 -0.218477 -0.761939
2.747391 -653.473966 -2791.884477 125054.450680 -0.147971 0.752125 0.642193 0.197270 0.658739 -0.726049 0.969118 -0.019251 0.245846
-7.911531 -317.173823 -2710.700646 44212.311959 -0.092505 0.769899 0.631425 0.536799 0.572659 -0.619603 0.838624 -0.281633 0.466255
-26.345593 -873.033660 -3403.729384 195464.175725 -0.034710 0.792130 0.609365 0.705798 0.451113 -0.546211 0.707562 -0.411130 0.574742
11.481378 -212.770882 -1226.413985 30995.531856 -0.254909 0.720346 0.645075 -0.036508 0.659468 -0.750845 0.966276 0.214948 0.141806
-0.307697 -195.665474 -814.544217 31513.363369 -0.221443 0.792279 0.568557 -0.183812 0.538669 -0.822222 0.957693 0.286583 -0.026346
18.194434 -367.802623 -2898.886005 57960.114967 -0.213318 0.751321 0.624509 0.454879 0.642089 -0.617095 0.864627 -0.152439 0.478730
-33.809636 -49.185477 497.122976 2513.579118 0.904566 0.200795 -0.376088 0.364367 -0.822121 0.437440 0.221354 0.532727 0.816825
-29.802397 -46.955063 455.975159 1925.764540 0.945559 -0.126388 -0.299907 0.066076 -0.827767 0.557168 0.318672 0.546652 0.774351
-26.084475 -38.932026 56.027979 2016.007883 0.914184 -0.336550 -0.225835 -0.197928 -0.856958 0.475865 0.353683 0.390329 0.850030
-33.267604 -42.534571 -668.541141 -613.627330 0.835958 0.543833 0.073624 0.198846 -0.175117 -0.964258 0.511503 -0.820719 0.254529
-34.512406 -41.780691 92.790373 -196.515570 0.750097 0.655656 0.086424 0.190633 -0.089232 -0.977597 0.633256 -0.749769 0.191923
-32.003042 -40.663256 -129.349928 92.123617 0.656403 0.675718 0.335470 0.481107 -0.032422 -0.876062 0.581094 -0.736447 0.346375
-32.636914 -39.736337 400.226698 1162.013300 0.543289 0.752351 0.372565 0.442503 0.120511 -0.888633 0.713462 -0.647646 0.267445
-34.382928 -40.118324 624.799193 -280.339587 0.648968 0.759430 -0.045896 0.065814 -0.116135 -0.991051 0.757964 -0.640140 0.125348
58.803289 -21.058770 -2550.004368 -1282.797009 0.471308 0.788688 -0.394766 0.731606 -0.599583 -0.324426 0.492566 0.135909 0.859598
49.408388 -38.101581 -3872.607350 -2193.994346 0.663779 0.746411 -0.047627 0.698976 -0.641734 -0.315612 0.266140 -0.176206 0.947692
64.405755 -33.965727 -5783.200546 -2069.199842 0.582821 0.794467 -0.170712 0.704051 -0.598595 -0.382094 0.405748 -0.102502 0.908219
8.113674 0.224020 1290.243963 1158.661614 -0.715516 0.420239 -0.558064 0.559086 0.823446 -0.096747 0.418879 -0.381230 -0.824138
10.319055 1.409915 1125.389465 942.187003 -0.489034 0.637549 -0.595296 0.750834 0.655035 0.084720 0.443953 -0.405537 -0.799028
11.439163 1.691071 466.631472 390.073069 -0.206374 0.772748 -0.600225 0.862373 0.433473 0.261559 0.462301 -0.463639 -0.755855
2.022459 -30.846528 -92.977721 319.259198 0.898605 -0.434057 0.064060 0.209662 0.296545 -0.931720 -0.385423 -0.850680 -0.357482
1.120253 -30.298572 -8.200802 482.877978 0.897220 -0.425966 0.116401 0.218618 0.199455 -0.955209 -0.383670 -0.882480 -0.272079
2.296348 -30.779879 -54.704927 57.724855 0.896939 -0.431208 0.097778 0.247289 0.305900 -0.919387 -0.366537 -0.848813 -0.381007
-3.186989 -20.747036 -2085.572589 -441.488568 0.793787 0.094884 0.600749 0.443755 -0.765830 -0.465388 -0.415914 -0.636004 0.650011
-1.739310 -20.221643 -1194.168059 67.893657 0.678972 0.280448 0.678488 0.584193 -0.766110 -0.267944 -0.444652 -0.578295 0.684003
0.950496 -33.636504 -501.065135 1865.944322 0.903064 0.040975 0.427546 -0.107587 0.985284 0.132818 -0.415812 -0.165942 0.894183
-0.783811 -31.817578 -311.263805 -1050.719318 0.902482 0.050586 0.427746 -0.086383 0.994160 0.064683 -0.421976 -0.095326 0.901581
-1.722340 -36.093490 -88.003653 -2687.930677 0.895439 0.153936 0.417722 -0.171647 0.985146 0.004908 -0.410762 -0.076096 0.908562
-9.640437 -50.175420 267.095154 -266.824903 0.885036 0.149528 0.440854 0.099653 0.864202 -0.493177 0.454731 -0.480412 -0.749949
-10.676202 -49.711973 499.104785 -248.973986 0.895789 0.117794 0.428588 0.119171 0.865292 -0.486897 0.428207 -0.487232 -0.761081
-9.531605 -51.373560 -247.229144 -367.792921 -0.894027 -0.134643 -0.427301 0.022041 0.939398 -0.342120 0.447470 -0.315283 -0.836880
-10.617560 -50.564753 262.751000 -221.799882 0.896630 0.117879 0.426801 0.204846 0.744121 -0.635863 0.392547 -0.657563 -0.643054
-7.892688 -52.586121 -210.778073 -239.759301 -0.872556 -0.173076 -0.456826 -0.016988 0.945320 -0.325701 0.488218 -0.276432 -0.827785
-8.375960 -50.424436 -229.777235 -227.049239 -0.865651 -0.194199 -0.461450 0.078149 0.857992 -0.507683 0.494511 -0.475538 -0.727545
-9.658625 -49.131444 246.359993 -319.383282 0.879486 0.164465 0.446604 0.174927 0.761000 -0.624723 0.442611 -0.627559 -0.640520
5.084776 -44.502271 -399.159862 -1299.611593 0.907172 -0.412891 0.080989 0.385085 0.737169 -0.555239 -0.169551 -0.534885 -0.827738
5.563283 -40.776340 -641.022198 -283.468398 0.902304 -0.425677 0.068161 0.351019 0.633666 -0.689386 -0.250264 -0.645962 -0.721181
7.630888 -42.625477 -101.282503 -1425.737351 0.917064 -0.383926 0.107682 0.360012 0.681129 -0.637538 -0.171423 -0.623430 -0.762856
2.683167 -40.902289 -766.737066 -677.907024 0.899756 -0.432712 0.056573 0.367802 0.682161 -0.631963 -0.234866 -0.589420 -0.772931
6.178058 -48.502930 185.191625 -1943.019839 0.919606 -0.373268 0.122458 0.384903 0.793770 -0.470933 -0.078580 -0.480208 -0.873628
2.800353 -43.759919 -579.287285 -1002.685686 0.908972 -0.413362 0.053876 0.387627 0.790598 -0.474026 -0.153350 -0.451760 -0.878861
0.252093 -35.229539 342.407339 -269.835611 0.909555 -0.368365 0.192397 0.069916 -0.320724 -0.944589 -0.409660 -0.872607 0.265962
-4.112425 -112.291629 51.728110 4531.699696 0.170032 -0.295634 0.940048 0.943073 0.325518 -0.068208 -0.285838 0.898131 0.334153
-3.527326 -95.464082 137.898348 3086.792031 0.114380 -0.302783 0.946171 0.988156 0.132750 -0.076974 -0.102298 0.943769 0.314381
-4.438868 -112.748956 -499.775928 1082.115069 0.194367 -0.248376 0.948963 0.787365 0.616487 0.000087 -0.585045 0.747163 0.315387
-6.172644 -88.688018 -24.349286 -7728.266569 0.276043 -0.115462 0.954185 0.783740 -0.547633 -0.293000 0.556374 0.828714 -0.060678
-2.830399 -79.387985 -1066.139618 -6786.295399 0.355723 -0.125580 0.926116 0.766990 -0.526995 -0.366062 0.534029 0.840539 -0.091146
-6.314374 -142.238598 -1152.051577 -18767.561778 0.356720 -0.118266 0.926695 0.628569 -0.703457 -0.331736 0.691123 0.700829 -0.176599
-1.243119 -7.485037 -118.429540 677.382567 0.904972 0.322514 0.277506 0.046352 0.573619 -0.817810 0.422938 -0.752958 -0.504160
-0.576441 -10.490390 148.473564 790.087284 0.901779 0.322331 0.287920 0.068766 0.550685 -0.831876 0.426692 -0.769967 -0.474430
-1.881315 -11.051713 216.763357 847.635398 0.899798 0.301397 0.315473 0.099759 0.561780 -0.821250 0.424748 -0.770431 -0.475422
23.488657 -1996.317516 -3365.232656 -403472.142813 -0.737748 0.559140 0.378272 -0.017806 0.544028 -0.838878 0.674841 0.625616 0.391399
-0.575317 -3875.055929 7617.820304 757370.473038 0.762173 -0.372297 -0.529610 0.188404 -0.655116 0.731660 0.619351 0.657433 0.429170
11.933395 -715.103513 1189.971933 -126602.041991 0.750644 -0.564438 -0.343430 0.307570 0.758558 -0.574448 0.584752 0.325577 0.743011
-70.249104 -973.272911 9739.509224 -194423.022001 0.784289 -0.230059 -0.576163 -0.037566 0.909387 -0.414251 0.619257 0.346537 0.704580
-9.131155 -399.506765 1248.892228 -70947.311481 0.786934 -0.442920 -0.429601 -0.016030 0.681322 -0.731809 0.616829 0.582772 0.529055
-0.681517 -514.882720 -736.580718 -106091.834304 0.839673 -0.351122 -0.414322 0.159258 0.888548 -0.430256 0.519217 0.295290 0.802008
-6.889781 -90.455008 1886.764104 -15310.773534 0.791420 -0.373982 -0.483520 0.231514 0.915463 -0.329133 0.565734 0.148541 0.811098
4.043978 -106.730213 -808.721175 -17140.305919 0.831820 -0.361993 -0.420756 0.247802 0.920518 -0.302062 0.496658 0.146997 0.855408
-1.161430 -111.364235 1113.017478 -21087.580273 0.772030 -0.431334 -0.466820 0.240062 0.877957 -0.414201 0.588507 0.207710 0.781355
-25.642060 -35.883216 809.700743 -695.763386 0.120190 0.939441 0.320945 -0.757040 0.295870 -0.582539 0.642218 0.172953 -0.746755
-26.378916 -35.265770 884.213619 -397.918695 0.155262 0.959809 0.233794 -0.675235 0.275858 -0.684076 0.721077 0.051655 -0.690927
-24.673031 -35.101222 500.737684 550.601949 0.160498 0.948080 0.274561 -0.583910 0.315471 -0.748015 0.795795 0.040265 -0.604226
-23.150904 -36.544911 -288.167940 561.076104 0.111519 0.934288 0.338629 -0.543416 0.342627 -0.766359 0.832023 0.098553 -0.545916
-8.072051 -26.424140 222.748947 1171.239447 0.985524 0.161711 -0.050905 -0.041042 0.518906 0.853845 -0.164492 0.839396 -0.518032
-7.085738 -20.217474 1427.803202 1134.066091 0.967733 0.020179 -0.251170 0.218152 0.431773 0.875204 -0.126110 0.901757 -0.413439
5.313505 -18.257256 2792.140998 1608.011710 0.992053 0.105280 -0.068900 0.030531 0.329807 0.943555 -0.122061 0.938160 -0.323971
8.180476 -21.857146 -3577.077837 409.160071 0.856955 -0.116302 0.502097 -0.505652 -0.001231 0.862737 0.099720 0.993213 0.059864
18.673651 -22.901130 -4857.843013 825.061619 0.919516 -0.148695 0.363841 -0.372143 -0.031454 0.927642 0.126492 0.988383 0.084258
32.988333 -20.283609 -2604.186564 1165.121874 0.929121 -0.289111 0.230541 -0.279862 -0.142305 0.949435 0.241684 0.946660 0.213130
33.101505 -18.652026 -7391.382101 444.372747 0.931565 -0.084904 0.353523 -0.362150 -0.130668 0.922915 0.032165 0.987784 0.152473
-1.743204 -40.993318 592.284700 4.661321 0.867996 -0.426729 -0.253940 -0.139338 -0.700145 0.700273 0.476621 0.572450 0.667183
-2.000337 -31.308727 -346.290673 1776.574155 0.888340 -0.451108 -0.085748 -0.455475 -0.889353 -0.039912 0.058255 -0.074511 0.995517
-3.851492 -40.109635 -696.462291 -3467.278447 0.864736 -0.497230 -0.070664 0.495691 0.867618 -0.039113 0.080758 -0.001205 0.996733
-3.138830 -44.343538 -266.762132 -4024.000412 0.880229 -0.465685 -0.091291 0.459371 0.884425 -0.082277 0.119055 0.030486 0.992420
-2.809376 -28.723369 -392.203109 980.535260 0.895804 -0.437106 -0.080457 -0.442907 -0.893013 -0.079752 0.036989 -0.107077 0.993562
-1.532670 -26.402947 -117.376280 -838.256796 0.912209 -0.399667 -0.090232 -0.407510 -0.907874 -0.098491 0.042556 -0.126615 0.991039
-5.323342 -49.293467 40.307625 199.877592 0.712565 -0.514703 -0.476794 0.700041 0.476209 0.532135 0.046838 0.712956 -0.699643
-5.115681 -51.792621 497.978747 686.905749 -0.703721 0.491670 0.512872 0.707670 0.549171 0.444538 -0.063088 0.675775 -0.734403
-1.542660 -48.469835 710.869204 -1302.154869 0.839947 -0.515570 -0.169344 0.441339 0.830576 -0.339653 0.315768 0.210552 0.925180
-3.393028 -53.196816 616.622195 -1644.145793 0.844060 -0.511746 -0.160247 0.425299 0.820850 -0.381217 0.326625 0.253617 0.910491
-4.477468 -48.686686 -156.523701 -3245.357990 0.848868 -0.517184 -0.109288 0.486172 0.845019 -0.222666 0.207510 0.135882 0.968750
-4.286314 -39.406633 -393.769612 -2904.492841 0.846798 -0.523259 -0.095572 0.519173 0.852154 -0.065528 0.115730 0.005871 0.993263
-16.054291 -29.707654 -1295.558626 150.193978 0.774000 -0.550890 -0.312160 0.527956 0.833651 -0.162137 0.349552 -0.039313 0.936092
-14.238164 -29.040890 -128.608086 390.082884 0.730123 -0.575470 -0.368449 0.578631 0.807500 -0.114589 0.363465 -0.129532 0.922559
-15.954838 -29.198164 -892.977409 269.870432 0.792368 -0.488161 -0.365858 0.441510 0.872747 -0.208285 0.420978 0.003509 0.907064
-12.508547 -29.106868 -851.645371 -66.331109 0.767831 -0.569549 -0.293343 0.494012 0.817902 -0.294937 0.407907 0.081546 0.909375
-15.291765 -29.029921 -1231.863930 -294.283130 0.796959 -0.489166 -0.354364 0.391970 0.865180 -0.312766 0.459583 0.110361 0.881251
2.367711 -83.155790 455.372286 -2946.657816 -0.241585 0.549653 0.799698 0.862912 -0.255275 0.436139 0.443869 0.795434 -0.412632
1.582190 -75.132573 399.210251 -2334.970174 -0.207203 0.550133 0.808962 0.960174 -0.044073 0.275906 0.187439 0.833913 -0.519091
3.078371 -84.183715 447.596025 -3797.459325 -0.231025 0.553200 0.800374 0.890846 -0.210469 0.402611 0.391178 0.806023 -0.444192
2.581286 -88.485092 512.212949 -1526.283532 -0.265325 0.555861 0.787795 0.702073 -0.448636 0.553009 0.660830 0.699817 -0.271221
3.224953 -83.276529 -64.097123 1023.846936 -0.243201 0.566773 0.787160 -0.689344 0.469927 -0.551338 0.682391 0.676710 -0.276415
-5.345320 -94.072205 -10.979009 -3164.197414 -0.275526 0.637369 0.719615 0.931680 0.361433 0.036597 -0.236766 0.680534 -0.693408
-5.490340 -88.376875 -211.748661 -2621.053676 -0.261298 0.659318 0.704999 0.865452 0.483462 -0.131367 -0.427453 0.575817 -0.696936
-5.684127 -91.339767 -169.885020 -1063.006204 -0.221029 0.676248 0.702733 -0.740100 -0.585562 0.330711 -0.635137 0.446996 -0.629918
-9.294195 -34.739193 501.664212 -324.690927 -0.180464 0.845240 0.502993 0.900350 -0.063923 0.430445 0.395982 0.530550 -0.749477
-7.727941 -36.006855 423.688524 -122.168956 -0.141598 0.823369 0.549558 0.927727 -0.083304 0.363846 0.345360 0.561360 -0.752065
-7.269512 -39.477308 732.928623 -1036.704459 -0.214165 0.829114 0.516433 0.846336 -0.106464 0.521900 0.487697 0.548849 -0.678909
-9.664100 -38.935522 937.930223 1154.069880 -0.250254 0.852210 0.459469 -0.813310 0.072424 -0.577305 0.525261 0.518164 -0.674987
-7.818434 -274.119049 -986.651780 48647.417251 -0.382165 0.804908 0.453952 0.778176 0.015373 0.627858 0.498389 0.593200 -0.632236
-13.630754 -261.289839 -2887.045681 51476.950756 -0.477493 0.755888 0.447921 0.663604 -0.023874 0.747703 0.575874 0.654265 -0.490211
-19.440786 -124.391148 -1714.094017 -18355.958091 -0.340734 0.723463 0.600418 -0.683076 0.248311 -0.686840 0.645994 0.644161 -0.409572
-13.333667 -25.471539 -459.794925 -594.501511 -0.484593 -0.345086 0.803794 0.857191 -0.004202 0.514981 -0.174335 0.938562 0.297841
0.477598 -35.326135 -323.628885 -102.778144 -0.744412 0.493694 0.449575 0.479524 0.863807 -0.154576 -0.464659 0.100514 -0.879766
-3.462656 -5.278079 128.327316 246.075391 0.158108 0.708352 -0.687924 0.904883 0.174902 0.388068 0.395208 -0.683847 -0.613322
-2.617333 -6.714206 80.371452 443.735476 0.116828 0.699822 -0.704699 0.918869 0.193090 0.344087 0.376870 -0.687725 -0.620487
-3.246110 -5.621981 184.842588 193.822121 -0.225523 0.583062 -0.780499 0.887333 0.453685 0.082527 0.402219 -0.673950 -0.619686
-4.107062 -4.592375 180.973138 42.055721 -0.116003 0.621670 -0.774642 0.903537 0.389953 0.177642 0.412509 -0.679311 -0.606938
-25.318491 -522.622645 -187.544127 50985.629459 -0.083239 0.848594 0.522456 0.866169 0.320857 -0.383148 0.492771 -0.420642 0.761733
-22.070387 -509.511313 524.560936 46746.576216 0.018583 -0.786635 -0.617139 0.928482 0.242561 -0.281221 0.370912 -0.567776 0.734884
12.003563 -75.407412 169.958306 -5557.200381 -0.566516 0.699385 0.435798 0.795383 0.325806 0.511093 0.215465 0.636169 -0.740853
15.546298 -118.870055 -707.306059 -13002.108500 -0.500741 0.759712 0.414845 0.752661 0.145448 0.642142 0.427504 0.633784 -0.644638
11.521408 -116.303412 561.679825 -10099.628916 -0.578569 0.672096 0.462109 0.740458 0.195229 0.643124 0.342023 0.714264 -0.610612
8.076553 -70.723958 1404.653375 -3146.464821 -0.646576 0.583320 0.491607 0.757252 0.412857 0.506082 0.092244 0.699490 -0.708664
-32.068818 -52.218965 -682.295692 1796.216866 0.841970 0.344606 -0.415129 0.526485 -0.692927 0.492612 0.117897 0.633324 0.764854
-17.124702 -47.613877 -3311.638472 -373.361905 0.904091 0.363753 -0.224283 0.425405 -0.716194 0.553261 -0.040620 0.595609 0.802246
-11.870968 -51.935701 -3573.229935 4289.524988 0.894409 0.398096 -0.203842 0.445826 -0.829916 0.335379 0.035659 0.390844 0.919766
-30.895677 -46.677561 -743.127730 -479.473613 0.932508 0.342047 -0.115898 -0.095605 -0.075662 -0.992540 0.348264 -0.936632 0.037854
-32.001745 -45.945585 -412.083326 -1109.839156 0.908881 0.413187 -0.056667 0.044289 -0.230728 -0.972010 0.414696 -0.880932 0.228004
39.148800 -12.333688 1938.831360 -27.541190 0.493977 0.682176 -0.539095 0.718877 -0.669203 -0.188105 0.489084 0.294623 0.820971
49.798018 -14.359153 203.650939 -398.534020 0.361660 0.758372 -0.542285 0.750219 -0.582057 -0.313657 0.553510 0.293396 0.779452
6.685186 -6.804826 863.280242 2725.324944 -0.608454 0.521550 -0.598138 0.640975 0.767372 0.017085 0.467905 -0.372996 -0.801211
-7.649754 -15.103138 478.348732 319.930863 0.941067 0.335479 0.042981 0.314337 -0.914428 0.254979 -0.124843 0.226442 0.965991
-4.467896 -13.643742 521.265522 426.848734 0.928896 0.368756 0.034231 0.356276 -0.915021 0.189220 -0.101098 0.163570 0.981338
-2.684798 -15.829241 1317.345422 568.486361 0.990336 0.123243 0.063606 0.106049 -0.968485 0.225368 -0.089376 0.216445 0.972195
-6.175749 -14.925614 -446.167500 478.689871 0.782801 0.622272 -0.000964 0.605145 -0.760893 0.234184 -0.144993 0.183903 0.972192
-6.210036 -17.215876 1408.903206 401.921545 0.994414 0.048298 0.093852 0.018698 -0.955712 0.293710 -0.103881 0.290314 0.951276
-10.968420 -16.118798 461.566666 139.776798 0.937304 0.345752 0.043782 0.313661 -0.891648 0.326467 -0.151915 0.292266 0.944194
-8.623503 -16.574222 -792.613518 437.576952 0.733900 0.678757 -0.026092 0.651868 -0.692989 0.307951 -0.190943 0.243014 0.951044
10.859321 -28.338243 1325.929471 -442.528160 0.933388 0.028477 0.357738 0.240091 -0.790452 -0.563509 -0.266728 -0.611862 0.744635
14.168297 -27.047175 2586.511128 -234.224943 0.936068 0.095127 0.338715 0.247515 -0.862259 -0.441866 -0.250027 -0.497454 0.830678
0.764009 -43.735199 34.332245 -122.721624 0.886534 0.250937 0.388702 -0.297810 0.952454 0.064349 -0.354073 -0.172807 0.919114
3.170915 -47.848709 131.539882 2693.354038 0.888721 0.191867 0.416367 -0.301126 0.929126 0.214590 -0.345685 -0.316090 0.883510
5.128111 -52.958029 129.960017 -3588.096859 0.901186 0.137252 0.411127 0.297060 -0.886310 -0.355262 -0.315626 -0.442286 0.839502
-10.168764 -51.813599 -403.168253 -288.120972 -0.904990 -0.099314 -0.413679 0.041752 0.946943 -0.318677 0.423379 -0.305671 -0.852828
-10.246577 -49.897005 -95.215059 -171.350556 0.921181 0.069787 0.382826 0.119301 0.885764 -0.448540 0.370396 -0.458858 -0.807623
-10.937878 -49.487599 208.621277 -44.763372 0.908137 0.084740 0.410008 0.189015 0.790839 -0.582105 0.373578 -0.606129 -0.702173
9.468908 -39.856262 -684.137769 574.843546 0.923391 -0.375368 0.080305 0.303061 0.584493 -0.752677 -0.235593 -0.719352 -0.653475
3.026614 -39.896203 -1049.392067 189.034659 0.894996 -0.443253 0.050086 0.333290 0.589852 -0.735522 -0.296479 -0.674982 -0.675647
5.864883 -40.898894 -864.347186 673.626161 0.908433 -0.412784 0.066029 0.287291 0.501742 -0.815916 -0.303667 -0.760174 -0.574388
-0.716715 -29.824830 218.078625 -478.663493 0.909659 -0.413093 0.043289 0.060178 0.027954 -0.997796 -0.410973 -0.910260 -0.050288
-1.653234 -30.073162 -6.968425 238.810963 0.907685 -0.419465 0.012503 0.024354 0.022910 -0.999441 -0.418944 -0.907482 -0.031011
-2.013446 -31.023284 -9.805571 761.809280 0.902428 -0.422333 0.085199 0.076529 -0.037475 -0.996363 -0.423989 -0.905666 0.001498
-5.230747 -32.416148 788.591885 -1187.031248 0.983847 -0.079791 0.160246 -0.142616 0.191666 0.971043 0.108194 0.978211 -0.177190
-5.271598 -30.377041 400.445017 357.982438 0.976210 -0.056020 0.209465 -0.184047 0.296647 0.937085 0.114632 0.953343 -0.279279
-7.942304 -29.295642 419.405133 -1198.723723 0.985521 -0.025839 0.167574 -0.157227 0.230689 0.960241 0.063469 0.972684 -0.223287
1.180717 -42.262484 66.012333 -724.277671 0.955701 -0.294180 0.009702 0.287742 0.926829 -0.241230 -0.061973 -0.233335 -0.970420
1.610537 -41.938324 -283.790449 146.197078 0.965626 -0.259600 -0.013171 0.258500 0.964381 -0.056106 -0.027267 -0.050773 -0.998338
0.036799 -41.646219 -252.740902 -463.423986 0.963872 -0.266151 -0.010736 0.254776 0.932937 -0.254397 -0.077724 -0.242471 -0.967040
-0.209457 -40.935781 -73.919652 -463.685832 0.956921 -0.290341 -0.001847 0.267550 0.884240 -0.382801 -0.112776 -0.365816 -0.923829
-1.804525 -98.236081 474.018856 5524.045649 0.132822 -0.323387 0.936899 0.990831 0.019725 -0.133660 0.024744 0.946061 0.323042
-2.528357 -84.050072 421.767378 2960.023817 0.086307 -0.316967 0.944501 0.978407 -0.151747 -0.140330 0.187805 0.936218 0.297026
-3.855659 -84.596316 -101.202069 1263.437304 0.093278 -0.289407 0.952650 0.994540 -0.017879 -0.102811 0.046787 0.957039 0.286159
