15579
31142
-42.394810 -68.057386 -2010.959639 9008.925457 -0.288280 0.956135 -0.051977 0.931534 0.267469 -0.246382 0.221672 0.119445 0.967778
-49.374906 -73.987084 -858.707781 6705.951804 0.230441 -0.964552 0.128595 0.965003 0.209524 -0.157697 0.125163 0.160435 0.979079
-47.750804 -93.952819 949.920071 11845.051214 0.528730 -0.847188 0.052133 0.847236 0.523049 -0.092798 0.051349 0.093234 0.994319
-45.671667 -63.244867 191.931619 4054.159664 -0.160137 -0.953150 0.256633 0.975756 -0.192149 -0.104785 0.149188 0.233631 0.960812
-23.049166 -92.263151 -6591.438358 14995.539878 -0.359313 0.930115 0.076032 0.904454 0.367153 -0.217167 0.229906 0.009263 0.973169
-36.546006 -61.011250 -4042.254496 9688.302887 -0.311987 0.949354 0.037283 0.889291 0.305611 -0.340240 0.334402 0.072995 0.939599
-40.066333 -50.180318 -261.393459 4356.056977 0.322972 0.912290 -0.251826 0.899665 -0.378542 -0.217506 0.293755 0.156311 0.943014
52.514598 -83.483939 -1602.933558 -4906.132895 -0.128541 0.980656 0.147616 0.005087 0.149501 -0.988749 0.991691 0.126344 0.024206
49.355163 -75.817478 -552.015522 -3805.422910 -0.040355 0.993476 0.106660 0.018765 0.107482 -0.994030 0.999009 0.038113 0.022980
43.257562 -83.575874 -3532.023868 5165.211377 -0.101217 0.971911 0.212470 0.130538 0.224695 -0.965646 0.986263 0.070005 0.149615
58.610058 -87.137124 327.736786 -10515.564030 -0.031601 0.997817 0.057984 -0.131173 0.053371 -0.989922 0.990856 0.038889 -0.129201
58.717603 -93.920751 -562.384529 -7163.388612 -0.125705 0.987306 0.097085 -0.196888 0.071086 -0.977845 0.972334 0.142035 -0.185453
8.421529 -27.877862 10445.128857 4812.878619 0.627681 0.531485 -0.568806 -0.288626 0.837480 0.464029 0.722988 -0.127090 0.679070
17.344441 -18.773127 12425.573732 -94.347596 0.624849 0.523931 -0.578843 -0.299755 0.845567 0.441773 0.720910 -0.102530 0.685403
1.387628 -21.043282 10388.502826 -2870.010894 0.608611 0.575551 -0.546199 -0.334352 0.810295 0.481281 0.719584 -0.110290 0.685591
-4.680684 -30.414633 9171.924793 4680.632330 0.579484 0.665123 -0.470967 -0.388537 0.733451 0.557754 0.716406 -0.140221 0.683447
-12.978844 -33.128329 2178.144857 6182.716274 0.413089 0.885447 -0.212933 0.607954 -0.442209 -0.659426 0.678048 -0.142949 0.720983
1.912719 -59.726856 1313.906163 -6413.975469 -0.645998 -0.711655 0.276103 0.763006 -0.591319 0.261082 -0.022535 0.379327 0.924988
-1.515507 -53.259904 -2340.459303 -4424.406280 -0.669159 -0.677279 0.305810 0.742441 -0.591737 0.314050 -0.031740 0.437195 0.898806
-2.569308 -50.879008 773.067028 -6292.593808 -0.632589 -0.716155 0.294878 0.769722 -0.539175 0.341786 -0.085781 0.443184 0.892317
1.694961 -61.444595 -2376.697559 -6296.182889 -0.701543 -0.651378 0.289040 0.712198 -0.654938 0.252646 0.024735 0.383096 0.923377
8.129691 -78.257907 -4256.220807 -12016.396868 0.911213 -0.121247 0.393688 0.196916 -0.711230 -0.674815 -0.361822 -0.692424 0.624206
6.576623 -68.080766 -2340.845430 -4313.343656 0.923877 -0.153268 0.350657 0.095831 -0.794444 -0.599729 -0.370497 -0.587680 0.719281
10.402623 -59.674610 -2096.232597 -2438.969434 0.932408 -0.151941 0.327917 0.094864 -0.772625 -0.627736 -0.348736 -0.616413 0.705987
16.838326 -65.305539 -2660.984165 -11186.236099 0.935183 -0.064731 0.348198 0.195627 -0.725148 -0.660220 -0.295232 -0.685544 0.665483
14.018992 -105.574206 -1965.803846 -17837.708805 0.929623 -0.041603 0.366155 0.270748 -0.596938 -0.755222 -0.249992 -0.801208 0.543664
5.456109 -114.186131 -4149.284660 -16110.048459 0.910313 -0.095199 0.402824 0.291242 -0.544216 -0.786770 -0.294123 -0.833526 0.467681
28.117946 -47.392479 -6764.679032 1035.698237 -0.011373 0.997770 -0.065767 -0.035275 -0.066131 -0.997187 0.999313 0.009021 -0.035948
28.406566 -45.037306 -5601.402566 2303.724746 -0.007937 0.999422 -0.033045 -0.152131 -0.033868 -0.987780 0.988328 0.002813 -0.152312
16.935267 -50.076551 -7057.631947 1520.571551 0.032595 0.994357 -0.100956 -0.071909 -0.098415 -0.992544 0.996878 -0.039612 -0.068296
17.202076 -50.890850 -7586.239179 130.204486 0.024910 0.993335 -0.112537 0.052733 -0.113721 -0.992112 0.998298 -0.018779 0.055214
28.844096 -48.424935 -7134.343658 720.064412 -0.025793 0.995432 -0.091923 0.075526 -0.089751 -0.993096 0.996810 0.032557 0.072866
-0.124352 -69.996931 -814.513677 -68.414105 0.322901 0.935984 -0.140246 0.244801 -0.225739 -0.942929 0.914225 -0.270141 0.302021
0.480124 -68.259585 -753.090292 705.105779 0.312109 0.943343 -0.112657 0.403132 -0.238879 -0.883415 0.860274 -0.230306 0.454848
2.412903 -72.129638 -1245.309842 -191.466769 0.325557 0.935095 -0.140037 0.252857 -0.228813 -0.940058 0.911085 -0.270633 0.310937
1.877038 -72.246421 -1146.808109 -1315.094849 0.325500 0.930027 -0.170586 0.094541 -0.211518 -0.972791 0.940804 -0.300516 0.156775
-0.611697 -69.468766 -687.692040 -444.895149 0.322086 0.931098 -0.171221 0.077599 -0.206216 -0.975425 0.943525 -0.300884 0.138672
14.617137 -107.886985 -37.201525 -2070.051244 0.046637 0.972389 -0.228659 -0.868783 0.152457 0.471140 -0.492992 -0.176683 -0.851905
14.955090 -108.560388 951.504539 -2814.374672 0.019404 0.980336 -0.196379 -0.949780 0.079429 0.302671 -0.312317 -0.180644 -0.932645
11.334551 -103.981630 1674.092655 -125.651791 0.078971 0.984156 -0.158744 -0.845107 0.150553 0.512960 -0.528732 -0.093647 -0.843607
11.362838 -101.560926 441.278408 894.950002 0.085092 0.976740 -0.196821 -0.713091 0.197664 0.672630 -0.695889 -0.083115 -0.713324
7.064311 -99.829628 1554.304818 1508.138494 0.120955 0.980452 -0.155189 -0.697522 0.195182 0.689469 -0.706281 -0.024853 -0.707495
5.416361 -100.888020 2235.261010 172.345393 0.109980 0.983492 -0.143691 -0.829135 0.170506 0.532413 -0.548124 -0.060584 -0.834200
-6.399599 -63.160227 547.351304 -7578.747140 -0.009697 0.974702 -0.223299 -0.272284 0.212297 0.938505 -0.962168 -0.069902 -0.263337
-7.151839 -85.116517 1553.340644 -7896.660776 0.014151 0.977629 -0.209861 -0.072741 0.210332 0.974920 -0.997250 -0.001470 -0.074090
-4.695479 -67.123972 1586.349875 -5582.971183 0.034582 0.976389 -0.213236 -0.208694 0.215715 0.953894 -0.977369 -0.011513 -0.211226
-9.024283 -84.787323 -43.552463 -11539.027488 -0.039114 0.977176 -0.208800 -0.151410 0.200751 0.967871 -0.987697 -0.069471 -0.140102
-4.704159 -53.788289 979.623761 -4201.506743 0.012336 0.982591 -0.185371 -0.370916 0.176656 0.911710 -0.928585 -0.057510 -0.366638
-5.525534 -48.542707 -194.218475 -4640.084094 -0.039138 0.982619 -0.181460 -0.406691 0.150214 0.901132 -0.912727 -0.109067 -0.393743
-7.060337 -58.129740 -968.151778 -8821.226253 -0.066914 0.975242 -0.210775 -0.322420 0.178780 0.929561 -0.944229 -0.130159 -0.302475
8.977710 -48.350003 647.213232 1218.349024 0.435275 0.800367 -0.412248 -0.157880 -0.382948 -0.910179 0.886346 -0.461263 0.040326
6.186739 -48.427044 602.511004 144.244629 0.435208 0.749592 -0.498704 -0.134338 -0.493646 -0.859225 0.890251 -0.440937 0.114140
1.509999 -50.363402 339.259815 284.717857 0.432653 0.813620 -0.388372 0.031657 -0.444222 -0.895357 0.901004 -0.375085 0.217951
-6.821298 -32.844189 -2034.463922 828.862720 0.176331 -0.689477 0.702516 0.840170 0.477274 0.257534 -0.512856 0.544821 0.663436
-6.202635 -31.898513 -567.631134 1730.121795 0.311590 -0.595770 0.740250 0.769367 0.615377 0.171423 -0.557661 0.516110 0.650111
-12.079609 -37.338030 4108.810695 1718.021393 -0.267703 0.633918 -0.725591 0.793650 0.572080 0.206989 -0.546310 0.520454 0.656257
8.748421 -134.433450 -5021.814243 18497.678482 0.952447 -0.054919 0.299715 0.288038 0.483130 -0.826813 0.099394 -0.873825 -0.475974
1.592268 -119.290509 -3739.900818 14537.341615 0.946407 -0.058847 0.317569 0.284983 0.614835 -0.735365 0.151979 -0.786457 -0.598655
-3.391692 -129.074819 789.629290 13293.528050 0.936291 -0.039454 0.349003 0.308245 0.568616 -0.762667 0.168358 -0.821656 -0.544552
-2.479310 -147.735425 -102.309808 14087.034137 0.931102 -0.049898 0.361331 0.343077 0.456249 -0.821057 0.123887 -0.888452 -0.441933
-6.776150 -125.340301 1023.754061 9345.684847 0.924986 -0.060441 0.375164 0.322058 0.648700 -0.689542 0.201692 -0.758641 -0.619504
-3.684719 -25.067884 10375.097568 997.044482 0.739435 -0.467029 0.484892 0.087479 0.780796 0.618631 -0.667521 -0.415019 0.618203
32.807037 -24.456138 15418.845810 1217.844787 0.721852 -0.531526 0.443182 0.152091 0.746580 0.647678 -0.675129 -0.400124 0.619760
-4.914691 -20.658912 6379.801471 1039.762347 0.681110 -0.644193 0.348002 0.287212 0.672270 0.682321 -0.673497 -0.364785 0.642910
-12.266060 -192.626500 3441.967251 12842.786750 0.952413 -0.106192 0.285714 -0.303196 -0.233715 0.923823 0.031327 0.966489 0.254790
-8.191921 -196.041090 2203.896831 -275.129225 0.957064 -0.099089 0.272417 -0.267329 0.061688 0.961629 0.112092 0.993165 -0.032550
-14.037415 -197.209326 4602.765571 8862.130016 0.952013 -0.118047 0.282376 -0.287025 -0.024077 0.957620 0.106245 0.992716 0.056804
-12.735508 -201.463759 1557.865674 6400.307838 0.954668 -0.067834 0.289840 -0.287132 0.046962 0.956739 0.078511 0.996591 -0.025355
-14.889806 -197.140994 2237.507476 18088.807479 0.952628 -0.071604 0.295589 -0.304136 -0.221050 0.926627 0.001010 0.972630 0.232356
-0.184321 -99.578528 232.658262 843.554631 0.916510 -0.206704 0.342465 0.271715 0.950015 -0.153760 -0.293564 0.233975 0.926863
0.011084 -100.473286 548.425820 2006.655073 0.920998 -0.189943 0.340123 0.202067 0.979372 -0.000231 -0.333063 0.068940 0.940381
0.318398 -105.070373 45.006898 5051.799330 0.918517 -0.190422 0.346506 0.208642 0.977866 -0.015683 -0.335850 0.086701 0.937917
-17.575104 -32.920354 -505.223172 -1537.270748 -0.743453 -0.200100 -0.638152 -0.391105 0.904103 0.172150 0.542507 0.377570 -0.750418
-16.882413 -33.608573 -835.372183 2070.959698 -0.637971 -0.421861 -0.644225 -0.534611 0.844764 -0.023760 0.554242 0.329252 -0.764467
-21.052554 -28.670502 1907.772569 -49.220600 -0.731850 -0.302673 -0.610561 -0.452992 0.885422 0.104050 0.509111 0.352728 -0.785104
-18.445346 -31.540795 3194.467968 -2790.031810 -0.856044 0.058786 -0.513550 -0.169168 0.906938 0.385806 0.488438 0.417143 -0.766434
3.352328 -175.136084 929.737964 647.818450 0.922127 -0.005136 0.386853 -0.150870 0.915978 0.371783 0.356259 0.401196 -0.843873
2.943711 -180.262081 789.335289 7861.025320 0.926238 -0.023168 0.376226 -0.197888 0.819613 0.537656 0.320817 0.572448 -0.754572
1.398285 -189.110413 -957.628924 -2701.933883 0.933331 0.009436 0.358893 -0.138191 0.932076 0.334870 0.331355 0.362140 -0.871240
2.922548 -177.763976 -586.430299 -2915.202213 -0.922772 -0.022729 -0.384677 -0.088949 0.983864 0.155241 0.374941 0.177468 -0.909903
-6.836883 -52.106118 -1605.281921 1093.898556 0.225760 0.963029 -0.146995 0.430234 -0.233941 -0.871877 0.874031 -0.133593 0.467142
0.026354 -52.412224 7627.219287 69.289952 0.149857 0.981416 -0.119853 0.556873 -0.183948 -0.809972 0.816967 -0.054638 0.574091
-4.641664 -54.134043 -2791.677091 623.714526 0.225410 0.966973 -0.118971 0.548245 -0.226839 -0.804967 0.805368 -0.116222 0.581270
41.094752 -40.108052 -11283.726844 -399.426872 0.947087 -0.081188 0.310539 0.130319 -0.786890 -0.603176 -0.293331 -0.611729 0.734673
59.396171 -36.937475 -14516.208429 -9832.056812 0.947890 0.007849 0.318501 0.205824 -0.778165 -0.593377 -0.243189 -0.628011 0.739230
37.211685 -44.638320 -7912.121087 -9958.247375 0.943728 -0.047537 0.327290 0.175714 -0.766316 -0.617967 -0.280184 -0.640702 0.714841
-3583.036214 -8556.098672 1794806.812234 10486500.886188 0.221638 0.875700 0.428983 0.836888 -0.396617 0.377245 -0.500495 -0.275399 0.820768
-4816.176772 -11701.714347 4860015.647544 13925386.837057 0.214792 -0.539443 -0.814165 0.932268 -0.135225 0.335545 -0.291103 -0.831093 0.473861
-1495.642311 -3293.519666 990917.319951 2135250.270438 0.948841 0.285331 0.135230 0.306586 -0.934979 -0.178381 -0.075539 -0.210715 0.974624
-2339.657840 -7415.935828 1512790.419245 7159715.375396 0.841630 0.456788 0.288104 -0.199402 0.758615 -0.620276 -0.501894 0.464594 0.729558
5.727147 -203.817522 792.079155 -10208.151995 0.364624 0.902980 -0.227325 0.456172 0.039606 0.889010 -0.811762 0.427854 0.397473
3.522683 -221.047990 943.610148 14080.133108 0.383609 0.897919 -0.215838 0.686041 -0.120622 0.717495 -0.618217 0.423311 0.662280
5.555461 -205.394461 636.357790 5382.984428 0.358658 0.908578 -0.214127 0.651792 -0.079545 0.754214 -0.668230 0.410072 0.620734
-21.941960 -404.017844 6283.542303 -116062.675765 0.773046 0.443729 -0.453325 -0.628809 0.630267 -0.455370 -0.083655 -0.637077 -0.766247
-20.133050 -463.945281 6540.545620 -100441.069267 0.769028 0.475699 -0.426974 -0.568038 0.814899 -0.115207 -0.293136 -0.331135 -0.896895
-4.020955 -303.573455 2447.882670 -88750.468865 0.735393 0.481168 -0.477153 -0.669621 0.624007 -0.402769 -0.103947 -0.615705 -0.781091
-14.723273 -195.573641 4812.864722 -57716.891076 0.800212 0.390695 -0.454992 -0.586700 0.352785 -0.728921 0.124272 -0.850235 -0.511524
-143.418468 -160.812095 59328.923455 -12803.419022 -0.371776 0.925910 -0.066886 0.407689 0.227578 0.884307 -0.834010 -0.301495 0.462091
-111.409697 -137.751794 -36126.649086 32726.024878 0.379917 -0.623861 0.682979 -0.058074 0.720796 0.690710 -0.923196 -0.302076 0.237613
-139.600528 -144.234843 -34554.082274 15532.142724 0.541264 -0.482342 0.688752 -0.248448 0.690799 0.679022 -0.803310 -0.538649 0.254067
-141.980375 -161.572873 23664.747904 -15327.721808 -0.585221 0.789096 0.186665 0.463960 0.137058 0.875189 -0.665024 -0.598785 0.446318
-148.734211 -164.173004 -13018.135893 39685.160441 0.741053 -0.374732 0.557150 0.405609 -0.411430 -0.816215 -0.535090 -0.830843 0.152897
-60.751523 -74.657016 1471.109811 2961.451738 0.296403 0.952208 0.073787 0.516800 -0.224880 0.826043 -0.803158 0.206708 0.558756
-56.286635 -73.945914 972.913309 -568.243322 0.281564 0.937901 -0.202641 0.512829 0.031405 0.857916 -0.811004 0.345479 0.472141
-59.183292 -72.306546 1217.956016 -411.688765 0.283659 0.953437 0.102450 0.387533 -0.211705 0.897217 -0.877129 0.214801 0.429540
-57.123335 -74.326442 283.224256 1605.566850 0.281398 0.941873 -0.183552 0.625216 -0.034849 0.779673 -0.727956 0.334158 0.598681
-61.143428 -76.844399 -1203.399181 5219.104341 0.312337 0.850397 0.423404 0.394524 -0.521565 0.756519 -0.864174 0.069246 0.498406
-63.108936 -71.912044 1395.794681 3496.048242 0.255760 0.944387 0.206690 0.560979 -0.319104 0.763855 -0.787330 0.079415 0.611396
-35.182979 -205.178410 -13143.161217 81175.507223 0.021434 0.854027 -0.519786 0.952473 -0.175462 -0.249013 -0.303866 -0.489745 -0.817199
-23.693652 -853.856075 -6130.909875 509301.346414 0.098492 0.801188 -0.590252 0.985038 0.005797 0.172237 0.141416 -0.598385 -0.788630
-24.110707 -388.456543 -9669.277536 280244.142170 0.113979 0.767202 -0.631198 0.987995 -0.154223 -0.009046 -0.104285 -0.622589 -0.775569
-29.247585 -164.058600 3934.204324 49210.497296 -0.060403 0.924602 -0.376116 -0.670432 0.241579 0.701541 -0.739508 -0.294536 -0.605290
-228.050642 -1700.195100 169979.443426 691667.178272 -0.206940 0.956204 0.207004 -0.213321 -0.250593 0.944297 -0.954814 -0.151254 -0.255836
-1.260023 -13.549830 -4597.785836 724.836849 0.457801 0.882980 -0.103753 0.665750 -0.263128 0.698241 -0.589233 0.388729 0.708304
3.834982 -15.242727 1273.738834 3299.392958 0.440352 0.874628 -0.202771 0.738728 -0.224602 0.635480 -0.510266 0.429627 0.745016
-0.855279 -19.652208 -960.190888 4518.171005 0.431828 0.885874 -0.169560 0.714654 -0.221363 0.663527 -0.550267 0.407707 0.728684
0.402773 -11.158404 -968.205019 823.131014 0.411778 0.885865 -0.213733 0.732539 -0.182265 0.655871 -0.542057 0.426641 0.723983
-0.961181 -46.991516 1399.893161 -403.526316 0.185075 0.973139 0.136921 -0.781549 0.061288 0.620826 -0.595758 0.221910 -0.771899
-4.869442 -48.743692 1478.140398 -1390.787881 0.189753 0.975054 0.115168 -0.723656 0.059616 0.687582 -0.663563 0.213812 -0.716916
-1.047388 -49.624702 1861.843668 171.662641 0.197439 0.971400 0.131908 -0.688618 0.041659 0.723927 -0.697727 0.233766 -0.677149
138.126954 -34.820365 28442.167982 4938.162601 -0.153181 0.974535 -0.163758 0.496930 0.219201 0.839649 -0.854164 -0.047242 0.517854
108.366984 -32.264166 14063.149171 -519.069447 -0.208735 0.962142 -0.175249 0.478338 0.256741 0.839808 -0.853008 -0.091469 0.513820
120.917795 -34.611109 -18665.852982 447.999884 -0.473644 0.880270 0.028039 0.459691 0.219938 0.860414 -0.751229 -0.420420 0.508824
119.887297 -37.386321 6302.202034 698.100289 -0.329703 0.942589 -0.053111 0.377623 0.183229 0.907650 -0.865273 -0.279199 0.416354
7.540386 -79.826244 -172.578752 1142.069628 0.101194 0.994630 -0.021691 0.321346 -0.053313 -0.945460 0.941539 -0.088705 0.325015
5.574674 -72.700301 -1148.998450 3000.820484 0.140194 0.989906 -0.020769 0.197600 -0.048527 -0.979081 0.970206 -0.133157 0.202408
6.538585 -76.931279 -866.492468 457.515289 0.125859 0.992017 0.007808 0.379601 -0.040886 -0.924246 0.916549 -0.119288 0.381717
10.428446 -151.608027 -376.689980 18551.602969 -0.124889 0.992171 0.000036 0.508087 0.063924 0.858930 -0.852203 -0.107290 0.512093
8.146667 -127.079228 -519.707120 16283.420219 -0.163252 0.986044 0.032637 0.517145 0.057354 0.853974 -0.840184 -0.156292 0.519292
8.070002 -152.544514 -326.225311 14216.834184 -0.175616 0.984016 -0.029510 0.297718 0.081658 0.951155 -0.938362 -0.158252 0.307300
15.525592 -18.416238 -3457.598952 2130.019132 -0.065292 0.665726 0.743334 -0.218637 0.717279 -0.661595 -0.973619 -0.205718 0.098720
8.626290 -15.449925 -2342.654780 -918.552070 -0.099358 0.720235 0.686578 0.175723 -0.666447 0.724548 -0.979413 -0.192637 0.060345
20.311593 -18.947130 -2806.095479 -1146.042496 -0.047715 0.741836 0.668882 0.174525 -0.653152 0.736840 -0.983496 -0.151895 0.098304
42.548660 -33.274165 17917.608332 -73.048755 0.468775 0.866058 -0.173762 0.650220 -0.205179 0.731516 -0.597883 0.455900 0.659311
13.489566 -21.022065 7774.532684 4186.676282 0.465301 0.865361 -0.186134 0.700208 -0.231210 0.675463 -0.541483 0.444626 0.713515
32.233420 -26.993345 18150.860790 11700.671101 0.420521 0.876232 -0.235327 0.759019 -0.197667 0.620337 -0.497043 0.439483 0.748200
77.029178 -51.224848 16094.401525 -9000.907651 0.353858 0.932876 -0.067279 0.591957 -0.167686 0.788333 -0.724135 0.318784 0.611560
69.219455 -42.350605 30840.786577 -14505.684699 0.522095 0.840104 -0.147110 0.524479 -0.180232 0.832129 -0.672561 0.511607 0.534715
67.930917 -38.470344 22315.581555 16025.164764 0.357826 0.914516 -0.188735 0.769907 -0.174567 0.613815 -0.528397 0.364948 0.766557
-4.160499 -112.828622 -292.324139 4482.587703 0.736015 0.035870 -0.676014 -0.481996 0.728963 -0.486098 -0.475353 -0.683612 -0.553817
-3.828999 -104.558631 99.317577 5106.673514 -0.727544 -0.060906 0.683353 -0.412331 0.834903 -0.364582 -0.548328 -0.547016 -0.632542
-4.782724 -111.181080 235.512669 7315.352759 0.740330 0.057451 -0.669784 -0.488231 0.730844 -0.476966 -0.462106 -0.680122 -0.569115
-5.573499 -122.123563 -140.718522 7078.712811 0.741848 0.039998 -0.669374 -0.552754 0.601610 -0.576653 -0.379637 -0.797788 -0.468412
-5.459755 -126.888210 498.321116 11006.117522 0.739634 0.073081 -0.669030 -0.570870 0.594615 -0.566163 -0.356439 -0.800682 -0.481517
-4.152360 -110.581482 554.108704 7720.128356 0.738003 0.082000 -0.669797 -0.510773 0.716537 -0.475063 -0.440979 -0.692712 -0.570690
-10.746283 -87.679608 -725.056532 -2584.385191 -0.050150 0.998214 -0.032455 -0.326443 -0.047094 -0.944043 0.943886 0.036749 -0.328222
-10.701678 -95.791741 -687.436555 -3240.754101 -0.059554 0.996610 -0.056765 -0.507284 -0.079191 -0.858132 0.859718 0.022309 -0.510281
-13.509119 -87.390610 -618.215416 -3147.022292 -0.103351 0.994257 -0.027783 -0.344605 -0.061996 -0.936698 0.933041 0.087234 -0.349033
-13.465267 -81.223865 -427.628333 -1349.564053 -0.102662 0.994643 -0.012057 -0.182500 -0.030749 -0.982725 0.977831 0.098688 -0.184680
1.189221 -156.447984 170.691033 7660.270313 -0.099767 0.983766 0.149168 0.863735 0.160051 -0.477855 0.493972 -0.081167 0.865681
1.907874 -144.548324 136.185094 15487.284130 -0.077078 0.987918 0.134448 0.741680 0.146934 -0.654462 0.666310 -0.049273 0.744045
1.262746 -142.529514 -89.999633 9916.424003 -0.075915 0.985764 0.150019 0.840542 0.144202 -0.522202 0.536401 -0.086454 0.839523
6.797730 -125.259745 -1906.402409 -9324.773540 0.677703 0.007462 -0.735298 0.725716 0.154433 0.670438 0.118557 -0.987975 0.099244
7.083121 -126.417646 -1738.271373 -8012.449737 0.668101 -0.004017 -0.744060 0.717479 0.268425 0.642784 0.197142 -0.963292 0.182217
6.007307 -138.157815 -274.723007 -9975.493699 0.668636 0.031186 -0.742936 0.683094 0.368979 0.630267 0.293784 -0.928914 0.225410
4.714453 -144.194269 779.246751 -16697.837746 0.672666 0.066796 -0.736925 0.685824 0.317600 0.654809 0.277786 -0.945869 0.167828
1.308396 -15.091686 609.010130 -1370.519830 -0.194389 0.867636 0.457626 -0.604816 0.261279 -0.752284 0.772276 0.423015 -0.473970
5.332976 -16.191386 1941.422023 -1672.153048 -0.268803 0.894597 0.356988 -0.578286 0.146505 -0.802572 0.770279 0.422175 -0.477952
-0.907143 -11.515437 -469.582907 -739.628483 -0.193168 0.872834 0.448158 -0.581185 0.266219 -0.768994 0.790513 0.409008 -0.455853
7.403257 -20.619443 1733.354108 -2198.204023 -0.229817 0.886516 0.401590 -0.622219 0.183450 -0.761045 0.748350 0.424778 -0.509447
-0.991517 -11.941870 247.769675 -676.568684 -0.106056 0.821384 0.560429 -0.592509 0.400420 -0.698997 0.798552 0.406192 -0.444210
0.229866 -15.200242 964.488242 -1191.994417 -0.134297 0.832005 0.538268 -0.615492 0.355670 -0.703326 0.776617 0.425754 -0.464327
2.927810 -19.524483 675.817207 -1715.473845 -0.174208 0.859599 0.480355 -0.642565 0.270408 -0.716931 0.746165 0.433554 -0.505241
5.918348 -68.710234 7985.923827 -917.454530 0.883059 -0.329015 0.334599 -0.456875 -0.765546 0.452996 -0.107108 0.552892 0.826340
5.980910 -70.695302 -590.926958 2730.678494 0.906417 -0.270839 0.324122 -0.395075 -0.815073 0.423758 -0.149413 0.512154 0.845798
23.897825 -68.483803 4500.266306 511.044638 0.819181 -0.395296 0.415552 -0.529067 -0.800557 0.281419 -0.221430 0.450388 0.864939
19.523024 -67.254443 6843.845042 -3980.815685 0.793099 -0.425712 0.435618 -0.577524 -0.752849 0.315729 -0.193545 0.501985 0.842942
8.910986 -66.159521 15024.584056 -4000.981971 0.877834 -0.347279 0.329855 -0.474174 -0.727272 0.496220 -0.067568 0.592007 0.803095
1.240840 -174.477937 1370.948812 38693.709107 0.785037 -0.018559 -0.619171 0.333051 0.855430 0.396630 0.522297 -0.517585 0.677726
7.299556 -170.647610 -1479.987792 -44634.371970 0.787210 -0.030691 -0.615921 -0.364010 -0.829332 -0.423916 0.497792 -0.557912 0.664030
-1.224309 -248.348934 2265.309174 -51715.636905 0.790499 -0.001206 -0.612462 -0.435819 -0.703707 -0.561122 0.430317 -0.710489 0.556806
-0.446927 -251.759504 213.255394 -63126.523174 0.812329 -0.002978 -0.583192 -0.323420 -0.834432 -0.446231 0.485306 -0.551103 0.678796
-72.257650 -1846.312511 -59590.191287 733294.798696 0.690528 -0.064089 -0.720461 -0.644086 -0.507724 -0.572162 0.329126 -0.859133 0.391876
-145.525999 -3057.247664 -131776.028690 971764.256358 0.615869 0.662313 0.426670 -0.681561 0.719545 -0.133150 -0.395196 -0.208799 0.894552
1.924113 -198.840881 7872.170652 47807.059978 0.817797 0.556195 -0.147834 0.184533 -0.496737 -0.848057 0.545119 -0.666258 0.508866
-34.410399 -57.998233 -6576.738485 8833.862697 0.733950 0.149924 -0.662451 -0.504658 -0.532394 -0.679616 0.454575 -0.833114 0.315090
-15.439382 -46.309851 -171.130935 1553.237190 -0.257030 0.966401 0.002042 -0.952178 -0.252885 -0.171484 0.165206 0.046021 -0.985185
-12.440769 -44.297521 -993.554825 471.654417 -0.234130 0.972085 0.015301 -0.968626 -0.231890 -0.089385 0.083341 0.035748 -0.995880
-15.018667 -49.002317 -401.407111 1831.061384 -0.337243 0.941101 0.024415 -0.926702 -0.327292 -0.184668 0.165800 0.084904 -0.982498
-12.721488 -43.224434 396.145774 -100.598903 -0.170519 0.985178 0.018646 -0.983525 -0.169019 -0.064123 0.060021 0.029273 -0.997768
-16.520824 -51.806883 519.801770 3324.813179 -0.362397 0.932023 0.001263 -0.890735 -0.345944 -0.294811 0.274334 0.107964 -0.955555
-17.859957 -47.402411 428.106490 2777.642492 -0.314262 0.948726 -0.034033 -0.912717 -0.311806 -0.264056 0.261128 0.051920 -0.963907
12.494234 -142.868269 -5896.660928 34999.735143 0.726352 0.087893 -0.681680 -0.653102 -0.220789 -0.724368 0.214174 -0.971353 0.102967
10.921591 -143.065183 -2125.677422 28229.830279 0.695464 0.086077 -0.713387 -0.671502 -0.275521 -0.687876 0.255764 -0.957434 0.133813
7.097030 -166.665445 -4693.721837 24874.974815 0.739633 0.108338 -0.664234 -0.570293 -0.423177 -0.704050 0.357364 -0.899546 0.251211
9.377968 -168.422983 430.412043 33037.889242 0.755942 0.169350 -0.632355 -0.576564 -0.285253 -0.765640 0.310042 -0.943372 0.117994
-12.290786 -35.629609 169.301428 76.204912 -0.467386 0.883647 0.026791 -0.642587 -0.318758 -0.696761 0.607151 0.342872 -0.716803
-12.812110 -35.668007 371.722897 -17.490224 -0.465145 0.883583 0.054049 -0.699616 -0.329518 -0.633999 0.542381 0.332715 -0.771442
-12.887236 -35.565086 48.226853 358.428970 -0.486162 0.872692 0.045330 -0.632945 -0.315888 -0.706821 0.602518 0.372321 -0.705939
-12.452511 -33.475292 -600.959561 -597.363774 -0.451065 0.890610 0.057919 -0.594717 -0.251548 -0.763568 0.665471 0.378864 -0.643125
-12.059724 -34.241581 -37.115930 -702.630949 -0.442751 0.896104 0.031137 -0.596052 -0.268202 -0.756829 0.669846 0.353646 -0.652871
0.601333 -61.770445 -1203.749766 1539.653761 -0.308529 0.937956 -0.158267 -0.885965 -0.343921 -0.311103 0.346232 -0.044235 -0.937105
6.860804 -68.758397 1003.880086 5294.345212 -0.445405 0.881448 -0.157045 -0.778493 -0.467914 -0.418336 0.442225 0.064071 -0.894613
-26.067978 -53.612935 17692.671633 8648.227269 -0.495773 0.861903 -0.106452 -0.811632 -0.503451 -0.296295 0.308971 0.060496 -0.949145
-54.249144 -77.862443 -141.377346 4374.713190 0.225332 -0.960721 0.161989 0.974261 0.223288 -0.030954 -0.006432 0.164794 0.986307
40.334560 -74.948797 -1363.097491 6480.993017 -0.035238 0.986466 0.160134 0.105911 0.163018 -0.980922 0.993751 0.017605 0.110222
42.530421 -69.097882 1371.149352 2740.303444 0.030105 0.996584 0.076901 0.058785 0.075038 -0.995446 0.997817 -0.034488 0.056325
51.827613 -74.106676 1507.741525 -6563.154046 0.057739 0.998223 0.014724 -0.037037 0.016881 -0.999171 0.997644 -0.057146 -0.037946
20.847581 -63.412856 7031.922065 21811.269294 0.593292 0.687832 -0.418201 -0.475117 0.718582 0.507842 0.649821 -0.102605 0.753130
7.694436 -68.310006 -161.125596 6326.948659 0.941900 -0.175358 0.286485 0.018246 -0.824934 -0.564934 -0.335397 -0.537339 0.773806
4.531405 -72.658187 -1004.515960 3719.749380 0.933529 -0.175015 0.312879 0.015781 -0.851834 -0.523574 -0.358154 -0.493709 0.792450
1.744660 -69.959908 -1246.472798 -2466.064417 0.927035 -0.133200 0.350519 0.100448 -0.812402 -0.574380 -0.361269 -0.567680 0.739746
29.633979 -41.568681 -4229.303537 2457.543692 -0.008063 0.999933 0.008345 -0.246173 0.006104 -0.969207 0.969192 0.009869 -0.246108
33.796568 -38.629450 330.789018 1584.830559 -0.114997 0.992644 0.037860 -0.205536 0.013511 -0.978556 0.971870 0.120312 -0.202471
34.142707 -34.802090 1282.478151 1235.041379 -0.106769 0.989892 0.093352 -0.289709 0.058842 -0.955304 0.951141 0.129042 -0.280498
31.791343 -35.273271 4331.413528 1430.205890 -0.233370 0.971901 0.030768 -0.169362 -0.009468 -0.985508 0.957525 0.235199 -0.166813
30.292592 -31.824601 4589.666662 1446.824671 -0.215881 0.971546 0.097433 -0.259056 0.039220 -0.965066 0.941427 0.233580 -0.243218
3.003099 -70.043107 -929.858359 1621.677847 0.309255 0.943773 -0.116849 0.399998 -0.240567 -0.884381 0.862765 -0.226760 0.451904
18.610494 -110.936396 -687.200115 5186.083225 -0.019858 0.959211 -0.281994 0.994090 -0.011166 -0.107985 -0.106729 -0.282472 -0.953320
14.260491 -104.113297 2382.590882 2436.458041 -0.002268 0.985644 -0.168824 0.990291 -0.021252 -0.137377 -0.138993 -0.167497 -0.976026
-3.891328 -85.308442 1816.261238 -5886.147667 0.038149 0.979440 -0.198096 -0.010702 0.198630 0.980016 -0.999215 0.035266 -0.018060
-7.021845 -103.868466 2072.135736 -6506.518333 0.032675 0.984051 -0.174860 0.162862 0.167373 0.972349 -0.986108 0.060249 0.154796
-9.724056 -108.989348 796.442293 -10395.193182 -0.010174 0.984072 -0.177481 0.092880 0.177653 0.979700 -0.995625 0.006517 0.093208
-23.927310 -43.158142 6229.514508 1710.063850 -0.276833 0.651471 -0.706364 0.801779 0.561767 0.203883 -0.529636 0.509906 0.677851
-39.356657 -49.405115 7062.667458 1098.271722 -0.345922 0.667828 -0.659048 0.788784 0.587365 0.181172 -0.508093 0.457175 0.729954
-26.916554 -43.618514 -6728.484796 -1303.096606 0.089592 -0.762810 0.640386 0.875968 0.366333 0.313816 -0.473977 0.532842 0.701017
18.188763 -126.544912 -9113.479324 21096.121653 0.962186 -0.026741 0.271078 0.238794 0.561610 -0.792194 0.131056 -0.826970 -0.546759
3.701315 -113.360416 -6241.871537 16915.312424 0.952317 -0.055620 0.299999 0.258043 0.671484 -0.694638 0.162809 -0.738928 -0.653818
-2.652165 -100.110063 -2719.304474 8199.510410 0.937821 -0.081826 0.337338 0.289741 0.719713 -0.630923 0.191161 -0.689433 -0.698670
37.952401 -30.740590 19324.886745 1866.223085 0.728208 -0.492681 0.476422 0.079493 0.751172 0.655303 -0.680730 -0.439325 0.586174
84.162108 -32.595468 28557.591937 1950.959795 0.690946 -0.570875 0.443504 0.130299 0.701800 0.700356 -0.711067 -0.426120 0.559290
77.608135 -26.658586 24018.613610 2734.773220 0.683198 -0.614135 0.395068 0.241434 0.700560 0.671510 -0.689167 -0.363391 0.626894
-3.029591 -182.338257 93.368673 -2733.221461 0.958137 -0.095159 0.270034 -0.257764 0.123834 0.958240 0.124625 0.987730 -0.094122
-4.354586 -178.751748 -242.924886 -15722.236479 0.960726 -0.088198 0.263109 -0.217305 0.350553 0.910984 0.172581 0.932381 -0.317619
-3.259996 -186.069256 761.899954 7125.938168 0.955594 -0.105899 0.275000 -0.285575 -0.102530 0.952856 0.072710 0.989077 0.128219
-8.058910 -188.770834 1350.170293 10184.549259 0.955363 -0.097927 0.278732 -0.294804 -0.254389 0.921074 0.019292 0.962131 0.271903
1.546925 -130.668123 925.552048 456.851490 0.944468 -0.124312 0.304183 -0.323857 -0.195348 0.925719 0.055656 0.972824 0.224759
2.103230 -132.357091 1013.160238 2696.134895 0.955372 -0.109526 0.274353 -0.292750 -0.226762 0.928911 0.039527 0.967772 0.248705
4.063321 -133.827976 1355.047305 1391.242129 0.939587 -0.127500 0.317678 -0.318258 0.016351 0.947863 0.126047 0.991704 0.025215
-0.093649 -124.811116 554.808367 2231.892893 0.955171 -0.110710 0.274574 -0.295328 -0.421175 0.857550 -0.020704 0.900197 0.434990
3.112389 -128.636638 668.941580 434.055204 0.929741 -0.135229 0.342484 -0.340711 0.036779 0.939449 0.139637 0.990131 0.011879
0.529835 -128.632997 308.136914 -19.277312 0.932304 -0.133229 0.336244 -0.355852 -0.171723 0.918630 0.064647 0.976095 0.207507
-1.354440 -127.722691 141.770134 767.677736 0.942798 -0.122821 0.309915 -0.332915 -0.395177 0.856156 -0.017317 0.910357 0.413461
15.016432 -61.943881 1046.613775 -6629.939624 0.980267 0.144279 0.135129 0.067937 -0.887835 0.455119 -0.185637 0.436957 0.880118
17.221419 -57.488246 -2703.232004 4375.050345 0.961699 0.223773 0.158306 0.127455 -0.876357 0.464492 -0.242674 0.426525 0.871313
20.514330 -55.037335 -560.660493 5851.941420 0.971714 0.183788 0.148301 0.086250 -0.860779 0.501618 -0.219846 0.474638 0.852283
-13.085163 -37.018208 -5444.022527 942.853952 -0.642564 -0.347734 -0.682784 -0.485640 0.874078 0.011875 0.592677 0.339217 -0.730524
-11.170601 -37.651667 -3461.816251 2840.359855 -0.590306 -0.451262 -0.669254 -0.525447 0.844225 -0.105778 0.612735 0.289216 -0.735466
-15.291868 -35.377904 -640.559128 4910.273351 -0.535606 -0.582295 -0.611604 -0.624631 0.760571 -0.177109 0.568298 0.287166 -0.771086
0.506780 -186.624820 -1365.890507 9522.631852 0.939207 -0.016802 0.342939 -0.197102 0.791451 0.578581 0.281141 0.611001 -0.740025
2.805376 -180.244781 -652.195780 6709.616815 0.933495 -0.028309 0.357471 -0.239911 0.691604 0.681269 0.266514 0.721722 -0.638817
44.030509 -232.135066 18027.925742 -24450.866383 0.915491 0.204653 0.346400 0.396696 -0.315475 -0.862037 0.067138 -0.926603 0.370000
90.877662 -278.813239 30848.947847 -42720.886363 0.922065 0.167019 0.349142 0.373683 -0.149278 -0.915466 0.100781 -0.974587 0.200056
83.042028 -245.754124 23153.064037 9639.331088 0.934962 0.068632 0.348045 0.340748 -0.446639 -0.827287 -0.098672 -0.892078 0.440977
45.087926 -194.522615 13806.490749 -12093.912681 0.918076 0.154674 0.364983 0.383929 -0.576125 -0.721580 -0.098666 -0.802593 0.588311
-0.767175 -50.932104 9533.623257 260.929623 0.147961 0.979345 -0.137809 0.440751 -0.190037 -0.877282 0.885351 -0.069064 0.459765
9.936877 -50.542063 11591.043152 202.857888 0.086210 0.993141 -0.078989 0.557523 -0.113799 -0.822325 0.825673 -0.026854 0.563509
14.575038 -51.534320 13344.109551 -331.971568 0.078282 0.994306 -0.072306 0.668028 -0.106154 -0.736525 0.740007 -0.009355 0.672534
-14.996175 -37.086905 -424.259701 -1165.674745 0.358587 -0.900328 0.246626 0.928924 0.370268 0.001062 -0.092273 0.228716 0.969110
-10.561131 -33.618017 -3108.303608 -1305.291141 0.377386 -0.877655 0.295469 0.908394 0.412857 0.066100 -0.180000 0.243457 0.953063
-13.962399 -34.011515 -258.017274 -1218.286193 0.429986 -0.864426 0.260536 0.882211 0.463618 0.082235 -0.191876 0.194488 0.961955
-1833.285507 -5740.104899 1084810.257221 4840439.447201 0.927668 0.321834 0.189354 0.347202 -0.556824 -0.754585 0.137414 -0.765748 0.628289
-1811.641185 -3838.547233 1397896.094221 2120329.767661 0.636605 0.007753 -0.771151 0.636666 -0.569565 0.519858 -0.435191 -0.821909 -0.367524
-1053.176811 -2794.934115 740236.381291 -541264.395328 0.740499 -0.014390 -0.671903 -0.671456 -0.058128 -0.738761 0.028426 -0.998205 0.052706
3.988523 -379.653692 1216.678076 -73740.515184 0.711037 0.505344 -0.488931 -0.610751 0.788422 -0.073308 -0.348438 -0.350740 -0.869237
-56.121311 -130.704571 34143.400294 -24217.932871 -0.249000 0.967007 0.053826 0.373639 0.044639 0.926500 -0.893528 -0.250810 0.372426
-57.935483 -98.020960 18678.526848 9260.094175 -0.340109 0.841925 -0.418914 0.079104 0.469505 0.879379 -0.937053 -0.265947 0.226283
-56.300726 -74.742435 671.887431 -548.479366 0.331865 0.877865 -0.345280 0.616520 0.075191 0.783740 -0.713981 0.472968 0.516268
-36.025837 -125.146235 34023.482027 -57419.516221 0.165704 0.986112 -0.011161 -0.971683 0.165191 0.168950 -0.168447 0.017151 -0.985561
18.261716 -4755.515146 -100235.287809 -2867651.211087 -0.414664 0.906692 0.077223 -0.885111 -0.382176 -0.265557 0.211265 0.178467 -0.960998
-68.394618 -647.455897 26569.338002 482605.104281 -0.364978 0.877993 0.309708 0.926686 0.374637 0.030001 -0.089687 0.297952 -0.950358
7.088868 -78.980404 3582.729427 -20244.369339 0.162930 0.979444 -0.118924 -0.829880 0.201235 0.520388 -0.533623 -0.013906 -0.845608
28.543742 -79.554686 -673.432302 -17003.561390 0.406096 0.872824 -0.270675 -0.807722 0.481368 0.340397 -0.427401 -0.080396 -0.900480
80.782380 -35.372934 28508.608321 -9677.457794 0.536501 0.843380 -0.029622 0.455847 -0.260081 0.851212 -0.710191 0.470179 0.523986
95.929397 -42.888664 -6430.943847 -12415.885397 0.285024 0.942942 0.172108 0.406188 -0.281457 0.869364 -0.868201 0.177881 0.463234
96.063791 -23.470761 20947.293683 -961.501378 0.537088 0.838386 0.092982 0.403152 -0.351955 0.844746 -0.740949 0.416217 0.527028
86.514425 -52.331436 -1132.302601 -13605.762460 0.280146 0.954019 0.106614 0.488105 -0.237197 0.839935 -0.826602 0.183266 0.532111
88.626848 -19.404389 43056.957002 -1204.349707 0.707211 0.706619 0.023276 0.359815 -0.388066 0.848492 -0.608593 0.591687 0.528696
84.484682 -53.629612 21170.279279 -18766.707627 0.429911 0.901904 -0.041789 0.492577 -0.195504 0.848025 -0.756666 0.385160 0.528307
58.285266 -16.937979 29290.882810 -1884.702885 0.726607 0.686059 0.036950 0.347309 -0.413175 0.841821 -0.592806 0.598840 0.538490
45.467354 -26.331033 26983.248945 -5694.866466 0.645258 0.763371 -0.030110 0.443658 -0.342344 0.828232 -0.621940 0.547781 0.559576
-5.039263 -55.203161 949.273836 4158.262610 0.549521 0.500968 0.668624 0.817664 -0.486864 -0.307228 0.171618 0.715538 -0.677165
-5.840369 -66.976635 1967.398770 9861.049146 0.579067 0.484888 0.655412 0.806064 -0.461038 -0.371085 0.122235 0.743187 -0.657823
-1.299906 -70.321871 -529.091660 12351.416308 0.547197 0.511297 0.662684 0.830815 -0.427894 -0.355884 0.101597 0.745307 -0.658936
120.223490 -33.920327 36361.136469 3242.036490 0.085299 0.959209 -0.269522 0.522307 0.187312 0.831931 -0.848481 0.211736 0.485024
92.775977 -27.914195 22412.802370 2661.521552 0.050958 0.959976 -0.275409 0.575321 0.197196 0.793801 -0.816339 0.198899 0.542245
85.838241 -25.248180 8798.871751 -1005.392266 -0.213871 0.961595 -0.172027 0.534088 0.262555 0.803626 -0.817930 -0.079995 0.569729
7.140638 -73.780908 -410.770173 4012.999941 0.113488 0.992324 -0.049133 0.137940 -0.064710 -0.988324 0.983917 -0.105386 0.144225
4.404806 -66.662067 -1292.333228 4035.330524 0.147140 0.988046 -0.045979 0.025724 -0.050291 -0.998403 0.988781 -0.145723 0.032816
7.215686 -82.303453 695.536529 2053.784256 0.070689 0.996590 -0.042552 0.261313 -0.059670 -0.963408 0.962662 -0.056983 0.264640
7.609275 -73.772544 395.058382 5777.813161 0.082302 0.994499 -0.064787 0.076700 -0.071135 -0.994513 0.993652 -0.076881 0.082132
6.609956 -65.537856 -642.573859 5203.542804 0.121412 0.990305 -0.067492 -0.027745 -0.064583 -0.997527 0.992214 -0.122984 -0.019635
8.586941 -184.961012 -345.386763 9013.512790 -0.159608 0.983908 -0.080309 0.019183 0.084428 0.996245 -0.986994 -0.157468 0.032350
10.155506 -206.458493 -848.407696 10994.157959 -0.132785 0.983399 -0.123672 -0.269400 0.084269 0.959334 -0.953830 -0.160703 -0.253738
12.257768 -198.729969 -807.207317 1916.580360 -0.117369 0.988186 -0.098557 -0.032363 0.095385 0.994914 -0.992561 -0.119961 -0.020786
2.925699 -14.994768 -2178.168021 -1441.664517 -0.107861 0.728380 0.676631 0.203919 -0.649921 0.732134 -0.973028 -0.216947 0.078429
-1.103016 -15.094809 -2109.417781 -46.043707 -0.143464 0.783344 0.604806 0.181532 -0.579929 0.794184 -0.972864 -0.223728 0.059003
3.057169 -17.208054 -2616.346288 1452.191594 -0.126049 0.709783 0.693051 0.178727 -0.670943 0.719647 -0.975791 -0.214577 0.042286
29.937987 -10.427364 10469.431033 5990.712509 0.334975 0.878583 -0.340418 0.812851 -0.086744 0.575976 -0.476514 0.469647 0.743214
-2.631115 -110.739307 -292.228528 3892.952608 0.725133 0.043172 -0.687254 -0.409630 0.829286 -0.380114 -0.553520 -0.557154 -0.619028
-3.015196 -99.864400 157.864011 4872.382898 -0.718090 -0.077545 0.691616 -0.329963 0.912913 -0.240237 -0.612756 -0.400720 -0.681141
-3.398311 -94.278634 -55.541984 4313.855270 -0.717983 -0.095486 0.689480 -0.351430 0.904754 -0.240660 -0.600830 -0.415094 -0.683155
-7.609185 -91.058250 -788.711214 -4817.379619 -0.013214 0.999075 -0.040927 -0.351301 -0.042959 -0.935276 0.936169 -0.002019 -0.351544
-7.864418 -104.771472 -540.343196 -1641.370079 -0.054493 0.994725 -0.086906 -0.680832 -0.100681 -0.725487 0.730409 -0.019635 -0.682727
-10.651579 -99.191705 -706.237825 -1612.947273 -0.078563 0.994225 -0.073112 -0.679692 -0.107070 -0.725641 0.729278 0.007315 -0.684179
-6.995148 -100.120871 -537.795107 -4508.048538 -0.032479 0.997148 -0.068124 -0.520423 -0.075064 -0.850603 0.853291 -0.007826 -0.521377
1.504788 -163.310743 174.849225 16083.360736 -0.101044 0.984459 0.143635 0.777502 0.168214 -0.605966 0.620710 -0.050447 0.782416
2.255487 -148.165012 122.296275 17496.828280 -0.076201 0.989397 0.123644 0.640167 0.143618 -0.754692 0.764447 -0.021645 0.644323
2.519621 -128.132334 90.114370 12390.195152 -0.052071 0.992314 0.112260 0.611781 0.120546 -0.781788 0.789311 -0.027970 0.613356
5.909433 -118.659449 -2340.009998 -10318.237189 0.677335 -0.015053 -0.735520 0.731126 0.124782 0.670735 0.081683 -0.992070 0.095525
4.138495 -124.161755 -987.410228 -5492.908792 0.682465 -0.001679 -0.730916 0.720990 0.165802 0.672817 0.120058 -0.986158 0.114365
4.849810 -126.980819 -861.210035 -1157.309010 0.672624 0.001468 -0.739983 0.699691 0.324221 0.636642 0.240853 -0.945980 0.217051
-9.654735 -114.934902 237.625835 6834.517409 0.741583 0.139910 -0.656110 -0.572932 0.640875 -0.510909 -0.349003 -0.754788 -0.555421
-8.302306 -111.948598 498.497777 5909.409277 0.755087 0.152653 -0.637605 -0.581028 0.606338 -0.542919 -0.303726 -0.780418 -0.546533
