10920
21816
-30.265230 -43.617368 -77.768628 1984.273389 -0.265915 0.808279 0.525333 0.785509 0.497575 -0.367959 0.558806 -0.314809 0.767223
-25.171491 -44.079934 1277.152620 3539.040417 0.382720 -0.635216 -0.670840 0.646459 0.702876 -0.296741 0.660012 -0.320102 0.679646
-24.727291 -35.630888 -162.846302 2237.455888 -0.112526 0.900504 0.420037 0.718879 0.365605 -0.591224 0.685967 -0.235428 0.688493
-20.207551 -34.755027 1754.816702 3293.522713 0.289080 -0.664724 -0.688894 0.563617 0.699855 -0.438792 0.773802 -0.261426 0.576964
-27.403244 -40.884954 47.257300 1824.563529 -0.080803 0.954003 0.288702 0.820029 0.228279 -0.524824 0.566588 -0.194337 0.800756
-21.924447 -27.973721 17.735004 1352.393015 0.091951 0.980294 0.174837 0.638858 0.076603 -0.765501 0.763810 -0.182084 0.619226
-23.817360 -34.150037 65.413784 1551.188911 0.097988 0.991869 0.081209 0.730091 -0.016193 -0.683158 0.676288 -0.126231 0.725741
-27.531296 -38.064039 214.375096 -380.270407 -0.054858 -0.318136 0.946456 0.738721 -0.650657 -0.175890 0.671775 0.689518 0.270708
-29.397842 -38.952134 201.502762 -259.936197 0.042904 -0.204688 0.977886 0.757823 -0.631158 -0.165361 0.651048 0.748159 0.128038
-26.859426 -37.703002 427.806791 -954.132320 -0.142354 -0.246511 0.958628 0.843464 -0.537033 -0.012845 0.517981 0.806739 0.284372
-28.243331 -37.711091 656.224751 -392.485383 -0.220664 -0.150587 0.963655 0.893904 -0.426472 0.138049 0.390183 0.891877 0.228718
-25.080612 -35.918546 346.244241 -538.405466 -0.235007 -0.245930 0.940367 0.888555 -0.446526 0.105280 0.394007 0.860310 0.323459
2.080870 -85.767909 -449.423155 1746.188744 0.992157 -0.124951 0.003527 -0.113229 -0.910315 -0.398129 -0.052957 -0.394607 0.917323
0.998552 -78.367555 -275.954416 2824.253981 0.992873 -0.119173 -0.000760 -0.091704 -0.759920 -0.643516 -0.076112 -0.638999 0.765433
-0.352742 -84.437353 -612.070423 1557.094191 0.992904 -0.118546 0.009454 -0.106925 -0.924709 -0.365350 -0.052053 -0.361747 0.930822
1.382472 -90.449927 -778.700631 569.547810 0.992396 -0.122693 0.009807 -0.121221 -0.988075 -0.094934 -0.021338 -0.093023 0.995435
-1.390650 -85.706288 -671.363796 523.346266 0.993528 -0.113197 0.009440 -0.112299 -0.991333 -0.068168 -0.017075 -0.066667 0.997629
-1.606927 -82.156994 -412.366320 1336.004968 0.992682 -0.120567 -0.006726 -0.115644 -0.933169 -0.340327 -0.034756 -0.338615 0.940283
11.743874 -30.390943 -1065.855871 102.403007 -0.225444 0.712658 0.664299 -0.668908 0.382517 -0.637371 0.708334 0.588046 -0.390467
13.700741 -30.226582 -1235.932108 17.869217 -0.240690 0.699721 0.672651 -0.619172 0.423006 -0.661583 0.747459 0.575723 -0.331434
13.720601 -29.720507 -1107.811200 410.786022 -0.241525 0.686671 0.685674 -0.726502 0.340481 -0.596882 0.643320 0.642305 -0.416633
11.319823 -29.595064 -948.347194 -278.288206 -0.204070 0.716155 0.667441 0.761265 -0.312566 0.568135 0.615492 0.624039 -0.481399
3.997989 -35.051057 -61.603884 639.926658 0.322560 0.712057 0.623642 -0.718935 0.612868 -0.327909 0.615700 0.342588 -0.709610
3.039263 -36.087274 -77.938114 632.834442 0.334525 0.696772 0.634509 -0.615343 0.671453 -0.412921 0.713754 0.252308 -0.653372
3.293817 -37.057135 -332.734905 763.279846 0.341006 0.690614 0.637783 -0.648696 0.663903 -0.372056 0.680373 0.286854 -0.674394
4.454708 -34.148821 -96.124282 161.493024 0.321446 0.696290 0.641757 -0.745125 0.604215 -0.282336 0.584347 0.387434 -0.713046
4.996650 -32.286821 13.863402 389.896103 0.304217 0.716786 0.627431 -0.807200 0.543721 -0.229775 0.505847 0.436561 -0.743999
-2.213981 -43.521513 -99.117137 -3.981088 0.216825 0.740550 0.636060 -0.812862 0.497773 -0.302452 0.540594 0.451450 -0.709895
-2.142607 -41.758855 -133.817890 -409.017517 0.199173 0.750602 0.630021 0.903870 -0.389099 0.177823 0.378615 0.534040 -0.755944
-2.384543 -42.475526 61.483721 123.342249 0.219349 0.726596 0.651110 -0.822195 0.496942 -0.277569 0.525245 0.474454 -0.706407
-1.801610 -39.705718 202.330016 -77.389797 0.215542 0.715629 0.664392 0.839806 -0.483022 0.247823 0.498265 0.504544 -0.705101
-1.291877 -40.417076 203.315284 -156.375963 0.241603 0.697824 0.674292 -0.724901 0.591738 -0.352653 0.645094 0.403593 -0.648819
0.838981 -79.775770 79.596676 -5985.154825 -0.225608 -0.637301 -0.736850 0.974215 -0.145539 -0.172407 0.002635 -0.756747 0.653703
0.254578 -69.519002 97.153158 -4723.006333 -0.225713 -0.633342 -0.740223 0.973676 -0.171442 -0.150212 -0.031770 -0.754642 0.655367
0.335881 -62.175671 177.229096 -4736.032491 -0.183380 -0.636820 -0.748888 0.957928 -0.286857 0.009363 -0.220786 -0.715663 0.662631
0.066638 -58.226846 114.351937 -2824.226861 -0.186690 -0.631011 -0.752976 0.951135 -0.307971 0.022266 -0.245945 -0.712025 0.657672
-0.131770 -53.274914 98.613791 -669.247459 -0.141118 -0.653571 -0.743593 0.915374 -0.372219 0.153439 -0.377063 -0.659013 0.650789
0.362333 -67.433216 78.999436 -4402.639796 -0.162813 -0.643914 -0.747574 0.949261 -0.308851 0.059287 -0.269065 -0.699990 0.661527
3.693866 -47.752700 180.100176 -1019.738957 -0.222839 -0.664609 -0.713188 -0.165644 0.746759 -0.644138 0.960679 -0.025404 -0.276496
4.093735 -46.432797 -206.410620 448.340110 0.232104 0.704296 0.670891 -0.398269 0.698072 -0.595044 0.887417 0.129083 -0.442525
3.512238 -44.688730 212.759731 -1535.445988 -0.240089 -0.690172 -0.682657 -0.164240 0.721967 -0.672152 0.956756 -0.049257 -0.286690
5.046869 -28.449842 518.366464 309.555383 -0.003296 0.934449 0.356082 -0.867782 0.174279 -0.465384 0.496935 0.310535 -0.810323
2.570503 -27.871440 524.039072 182.568289 -0.036449 0.950376 0.308960 -0.793562 0.160385 -0.586972 0.607397 0.266573 -0.748337
-0.754097 -30.093271 203.758506 -18.686277 0.087105 0.908205 0.409361 -0.739738 0.334195 -0.584039 0.667233 0.251947 -0.700944
-2.361330 -63.162318 -86.730017 2960.780896 0.049115 0.713273 0.699163 0.643150 -0.558153 0.524237 -0.764164 -0.423919 0.486155
-0.892620 -65.145138 530.811797 3156.840132 0.068108 0.730286 0.679738 0.661499 -0.543081 0.517186 -0.746847 -0.414421 0.520072
-1.203767 -54.271020 95.885249 3160.666360 -0.073317 -0.687721 -0.722263 0.831638 -0.441883 0.336330 -0.550457 -0.576002 0.604333
-2.099258 -73.934498 -121.943228 1455.154567 0.030430 0.727192 0.685759 0.389861 -0.640372 0.661764 -0.920371 -0.247213 0.302991
-3.080883 -70.782842 -34.669996 1991.886770 0.050286 0.719151 0.693032 0.435611 -0.640220 0.632741 -0.898729 -0.270075 0.345464
-7.260324 -59.595936 -70.183527 456.385203 0.229768 0.736836 0.635829 -0.778903 0.530929 -0.333802 0.583538 0.418553 -0.695915
-5.662232 -56.965507 -447.586410 673.504319 0.231465 0.773167 0.590455 -0.837019 0.467597 -0.284170 0.495806 0.428447 -0.755387
-7.902847 -56.303986 121.184438 -787.664478 0.211990 0.746126 0.631155 0.899019 -0.402115 0.173404 0.383178 0.530660 -0.756026
7.758393 -68.837934 1053.885670 1627.843526 0.977158 -0.104951 0.184792 -0.060589 0.695874 0.715603 0.203695 0.710454 -0.673620
7.570020 -72.011221 846.806447 -2944.328274 0.977672 -0.089674 0.190043 -0.110867 0.548148 0.829001 0.178511 0.831560 -0.525967
10.128284 -67.867866 991.552809 -444.668154 0.979566 -0.079599 0.184701 -0.086475 0.662437 0.744110 0.181583 0.744877 -0.642017
10.151396 -80.317530 1353.031869 6330.467369 0.979208 -0.100657 0.176122 -0.036290 0.767281 0.640284 0.199584 0.633363 -0.747675
-2.487265 -41.806824 -1471.644689 -631.374987 0.997818 -0.022473 0.062088 -0.052829 0.292372 0.954844 0.039611 0.956040 -0.290547
-4.030558 -46.247626 -1235.058833 -2017.368456 0.998945 -0.045918 0.000732 0.005064 0.125994 0.992018 0.045643 0.990968 -0.126093
-7.710724 -48.860580 -475.528924 -1300.362907 0.996350 -0.081286 -0.026044 0.037688 0.145182 0.988687 0.076585 0.986060 -0.147715
-6.186270 -45.638793 -547.674155 -481.842695 0.995972 -0.084889 0.028862 0.002527 0.348349 0.937361 0.089626 0.933513 -0.347161
-9.637895 -55.550784 -7.868054 -1714.441273 0.988298 -0.122636 -0.090707 0.086163 -0.041876 0.995401 0.125871 0.991568 0.030820
-8.900101 -50.705960 -198.957408 -876.603726 0.991293 -0.121723 -0.050222 0.069596 0.160548 0.984571 0.111782 0.979494 -0.167621
-6.666913 -254.574019 2566.936990 -61119.401879 0.938245 0.300047 -0.172246 -0.325724 0.598256 -0.732115 0.116622 -0.743008 -0.659043
-6.634318 -374.543384 535.925122 -67552.572343 0.952635 0.229858 -0.199129 -0.302842 0.776891 -0.552021 -0.027815 -0.586179 -0.809704
31.728932 -1584.549431 -5238.723864 -327838.701091 0.884274 0.374482 -0.278968 -0.465830 0.665718 -0.582943 0.032588 -0.645433 -0.763122
-7.273980 -21.764074 204.736153 -2.617382 0.173230 0.439663 0.881299 0.817428 -0.563318 0.120353 0.549366 0.699549 -0.456976
-7.368526 -20.752481 -166.880190 -189.294461 -0.119398 -0.504787 -0.854947 -0.763665 0.596980 -0.245825 0.634476 0.623542 -0.456767
-8.775844 -20.933597 284.927896 119.754519 0.126022 0.520416 0.844562 0.816767 -0.537624 0.209407 0.563036 0.663421 -0.492812
-6.705365 -21.980575 45.299700 64.474530 0.149551 0.439486 0.885712 0.772882 -0.610652 0.172503 0.616675 0.658753 -0.430995
-8.289614 -21.245491 338.442772 -69.277377 0.177557 0.452333 0.873996 0.862232 -0.499600 0.083399 0.474372 0.738779 -0.478723
-6.815119 -21.160746 178.089551 -194.641246 0.174602 0.417559 0.891717 0.872247 -0.485769 0.056679 0.456835 0.767901 -0.449031
-6.546976 -21.951607 45.988451 -147.210535 0.153033 0.412214 0.898143 0.834366 -0.540905 0.106089 0.529541 0.733145 -0.426714
-0.273093 -49.374651 -839.869582 -1519.677981 -0.040414 -0.644254 -0.763743 0.049326 0.762149 -0.645520 0.997965 -0.063761 0.000977
0.513441 -55.559058 -332.534404 -2359.685018 -0.070390 -0.597879 -0.798490 0.011316 0.799945 -0.599966 0.997455 -0.051267 -0.049543
2.116078 -50.693888 -865.252208 525.299802 -0.037645 -0.638873 -0.768390 0.183116 0.751505 -0.633805 0.982370 -0.164564 0.088697
4.813721 -84.130441 -738.689522 524.153759 0.354416 0.755219 0.551392 -0.455810 0.654399 -0.603324 0.816472 0.037502 -0.576166
4.189599 -86.668762 -582.177887 5125.550959 0.343824 0.744704 0.572015 -0.292050 0.663745 -0.688585 0.892464 -0.069695 -0.445702
8.130591 -117.196167 -987.419127 5827.078616 0.322683 0.747968 0.580017 -0.312770 0.662636 -0.680506 0.893337 -0.038176 -0.447763
6.147640 -106.754240 -603.836581 -1644.894023 0.302189 0.772487 0.558521 -0.617762 0.604927 -0.502427 0.725983 0.193205 -0.660016
-11.273384 -227.904823 -2563.816373 38610.971081 -0.574089 0.583566 -0.574345 0.278142 0.798733 0.533538 0.770103 0.146549 -0.620858
-2.006478 -172.611865 -2216.065007 12009.223520 -0.563802 0.585689 -0.582319 0.540882 0.794669 0.275586 0.624158 -0.159590 -0.764825
-15.647497 -163.480189 -2738.089567 -3546.106972 -0.610998 0.571747 -0.547527 0.621320 0.774941 0.115876 0.490553 -0.269389 -0.828726
-18.154087 -32.991609 -1812.897682 -2743.649845 -0.109571 0.706666 0.699012 0.306758 -0.644877 0.700024 -0.945460 -0.291130 0.146115
-19.306583 -27.651126 -276.209304 -974.641979 -0.236594 0.971192 0.028454 0.184605 0.016182 0.982680 -0.953910 -0.237748 0.183116
-13.368837 -25.729503 -1013.912941 -1365.196311 -0.206129 0.872527 0.442953 0.188031 -0.408919 0.892989 -0.960289 -0.267360 0.079772
-8.861050 -35.144791 -1773.460768 -2790.738993 -0.179004 0.721337 0.669052 0.282795 -0.613613 0.737228 -0.942329 -0.321172 0.094151
-31.437238 -37.082854 395.909199 -129.373041 -0.536576 -0.290406 0.792307 0.695761 0.379037 0.610121 -0.477497 0.878633 -0.001329
-29.521518 -37.071966 985.321168 -250.898171 -0.323292 -0.324571 0.888896 0.824828 0.363770 0.432817 -0.463834 0.873112 0.150111
-30.389018 -38.222968 595.518235 -709.328497 -0.425264 -0.235369 0.873929 0.828752 0.286817 0.480527 -0.363759 0.928621 0.073089
-31.702324 -38.464691 -58.640958 -777.964660 -0.620139 -0.148280 0.770351 0.704339 0.327171 0.629973 -0.345449 0.933259 -0.098452
-31.142360 -40.165295 -21.894270 -415.012898 -0.523281 -0.103430 0.845860 0.827347 0.176125 0.533364 -0.204143 0.978919 -0.006591
-29.014618 -39.463101 640.637146 -584.165672 -0.333442 -0.215337 0.917849 0.914277 0.163684 0.370546 -0.230029 0.962724 0.142298
-32.654015 -47.268395 961.477665 1269.221909 -0.648034 0.634517 -0.421237 0.102963 0.620997 0.777021 -0.754620 -0.460164 0.467758
-34.380506 -48.354751 -575.544309 -18.274657 0.642008 -0.451901 0.619363 -0.282631 0.611446 0.739090 -0.712703 -0.649553 0.264832
-36.185211 -52.778174 -591.351079 -915.038213 0.766469 -0.395873 0.505776 0.137963 -0.667612 -0.731615 -0.627289 -0.630539 0.457088
-35.394763 -49.154632 -684.387910 2346.791149 0.819663 -0.398992 0.411044 0.059197 0.772703 0.632001 -0.569779 -0.493695 0.656976
-33.804134 -47.530600 -1364.364990 1875.908234 0.719975 -0.567700 0.399190 0.159577 0.695211 0.700869 -0.675404 -0.440907 0.591127
-2.434398 -28.684186 -2367.224473 -208.953962 0.692578 0.719321 0.053977 -0.596232 0.612968 -0.518437 0.406009 -0.326875 -0.853410
-8.906846 -31.445907 811.557477 -520.699953 -0.766267 -0.624722 -0.150192 -0.533780 0.749061 -0.392410 0.357650 -0.220521 -0.907445
4.423193 -25.196442 49.903992 -599.636069 -0.805213 -0.558298 -0.199839 -0.392004 0.754025 -0.527048 0.444934 -0.346048 -0.826006
9.238797 -25.321520 -3106.491816 -366.681081 0.596569 0.800940 -0.051003 -0.676355 0.467529 -0.569175 0.432030 -0.374048 -0.820633
24.211802 -14.070176 231.887126 -1456.343934 -0.795168 -0.582466 -0.168646 -0.345501 0.663742 -0.663382 0.498335 -0.469233 -0.729028
14.354452 -30.888339 2631.440790 121.634640 0.167372 0.936257 0.308883 -0.359082 0.349674 -0.865326 0.918176 -0.033917 -0.394719
8.520301 -30.604362 2127.772758 -1650.494022 0.165509 0.931076 0.325121 -0.192709 0.353846 -0.915236 0.967197 -0.088826 -0.237992
3.090495 -33.513425 956.308620 -477.383448 0.181874 0.937270 0.297400 -0.354946 0.344629 -0.869048 0.917025 -0.052497 -0.395360
110.911335 -25.680765 21828.987449 800.062321 0.256323 0.769981 0.584319 -0.139152 0.627613 -0.765989 0.956523 -0.115031 -0.268016
6.880507 -33.384029 1248.138001 1153.351370 0.165881 0.943535 0.286748 -0.482694 0.331248 -0.810729 0.859936 0.003927 -0.510387
16.821805 -32.268553 2681.801232 1214.520000 0.178820 0.943050 0.280499 -0.505884 0.332650 -0.795880 0.843863 -0.000420 -0.536559
41.694280 -18.464776 6470.355616 711.585523 0.308327 0.848720 0.429662 -0.401780 0.525588 -0.749886 0.862269 -0.058580 -0.503052
-10.515061 -72.126225 -106.218555 929.633158 0.276195 0.829797 0.484925 -0.095631 0.525775 -0.845231 0.956332 -0.187075 -0.224571
-10.332845 -69.729757 706.164537 1439.965246 0.193977 0.856748 0.477865 -0.219221 0.512656 -0.830136 0.956198 -0.056269 -0.287261
-10.499445 -70.031873 398.576776 -1804.452695 0.231668 0.830077 0.507250 0.116920 0.493897 -0.861624 0.965743 -0.258918 -0.017367
-1.747330 -69.286195 227.879297 1660.150156 0.164001 0.872844 0.459616 0.700146 -0.431214 0.569078 -0.694909 -0.228469 0.681838
-2.597537 -70.058545 279.261633 -1881.300042 0.161948 0.878559 0.449341 0.417645 -0.473582 0.775431 -0.894061 -0.062085 0.443621
-2.148997 -71.213964 225.533041 -592.125239 0.144413 0.879081 0.454270 0.548387 -0.453235 0.702745 -0.823660 -0.147630 0.547530
-1.431535 -68.577145 48.398854 3795.305898 0.144305 0.870387 0.470747 0.800935 -0.382107 0.460974 -0.581101 -0.310517 0.752264
-0.096217 -61.784153 54.505801 3407.425387 0.167927 0.859749 0.482320 0.869573 -0.359664 0.338356 -0.464374 -0.362594 0.808012
-0.949229 -67.977422 -130.892445 2336.629312 0.163993 0.857160 0.488244 0.731486 -0.437737 0.522796 -0.661842 -0.271409 0.698786
-0.807307 -62.908161 255.166731 3648.629177 0.167694 0.867179 0.468913 0.872038 -0.352333 0.339722 -0.459813 -0.351941 0.815297
14.697635 -60.782557 -1646.030681 1594.785644 -0.203048 -0.803275 -0.559930 0.909000 -0.367211 0.197169 -0.363993 -0.468941 0.804738
11.106452 -56.965275 1533.110651 2195.236947 0.232487 0.813177 0.533566 0.878397 -0.411086 0.243775 -0.417574 -0.412008 0.809865
10.349961 -54.280588 -1333.513443 1916.691250 -0.206870 -0.820011 -0.533654 0.935974 -0.324698 0.136102 -0.284881 -0.471331 0.834679
12.070676 -52.550156 -1383.837925 465.849571 -0.169532 -0.819928 -0.546788 0.972957 -0.227570 0.039584 -0.156888 -0.525291 0.836335
13.763664 -55.267794 -250.688750 534.561057 -0.139942 -0.770437 -0.621967 0.973481 -0.221860 0.055789 -0.180971 -0.597666 0.781054
15.127615 -64.254955 396.042969 1262.330207 -0.136689 -0.731551 -0.667944 0.909820 -0.359425 0.207466 -0.391848 -0.579350 0.714709
0.550363 -95.467197 926.552890 -561.802688 0.881465 0.442719 0.164374 0.237277 -0.716133 0.656394 -0.408312 0.539586 0.736294
3.075516 -98.960879 663.952907 -442.982007 0.875015 0.459845 0.151300 0.119385 -0.507869 0.853122 -0.469144 0.728431 0.499291
-0.579769 -96.251988 -0.992001 3018.996921 0.873351 0.446982 0.193561 0.157392 -0.635028 0.756285 -0.460963 0.630037 0.624953
-1.154824 -90.649114 392.013607 836.518966 0.874528 0.439771 0.204456 0.277422 -0.799424 0.532877 -0.397791 0.409295 0.821121
10.118033 -30.816809 -130.384264 207.384311 -0.126789 0.781795 0.610509 -0.025780 -0.617865 0.785862 -0.991595 -0.083900 -0.098493
9.466958 -31.747963 -114.882410 124.682338 -0.048753 0.771572 0.634271 -0.067932 -0.636117 0.768596 -0.996498 0.005616 -0.083428
8.359112 -31.268239 -202.128083 105.527499 -0.074040 0.772618 0.630539 0.069753 -0.626713 0.776122 -0.994813 -0.101446 0.007490
11.168829 -29.682123 216.485395 216.527675 -0.121097 0.765115 0.632404 0.108977 -0.622995 0.774598 -0.986640 -0.162719 0.007937
14.491472 -29.307832 941.465327 547.374142 -0.132529 0.756170 0.640814 0.096397 -0.633619 0.767616 -0.986480 -0.163504 -0.011080
14.029895 -29.942589 1006.285649 140.180874 -0.134585 0.769932 0.623772 -0.046833 -0.633738 0.772128 -0.989795 -0.074704 -0.121350
11.122609 -30.917627 350.723561 125.443390 -0.137491 0.788829 0.599037 -0.164647 -0.614568 0.771491 -0.976723 -0.007443 -0.214376
-5.126922 -94.624503 64.471935 -1952.553806 0.870623 0.303823 0.386920 -0.491784 0.557949 0.668462 0.012787 0.772260 -0.635178
-4.582895 -108.036693 -165.283205 -3735.554499 0.865230 0.344166 0.364590 -0.498456 0.512123 0.699480 -0.054022 0.786943 -0.614656
-3.747650 -110.808828 230.013745 -4502.920241 0.868337 0.320596 0.378430 -0.472546 0.303040 0.827567 -0.150636 0.897432 -0.414637
-5.630557 -94.934351 -98.287213 -3048.500904 0.876239 0.305343 0.372788 -0.457680 0.769416 0.445565 0.150779 0.561039 -0.813941
-5.521229 -115.308343 634.085541 -4554.278713 0.876406 0.280613 0.391368 -0.477259 0.397571 0.783684 -0.064315 0.873609 -0.482359
-6.131273 -92.203446 151.362604 -1469.788635 0.871708 0.289783 0.395159 -0.480666 0.662508 0.574494 0.095318 0.690731 -0.716802
20.580125 -363.694247 -3018.025257 -18410.731679 0.966424 0.138095 0.216687 0.008725 0.825180 -0.564803 0.256803 -0.547730 -0.796269
5.763526 -301.552775 -3013.748676 -3165.737132 0.975300 0.135677 0.174302 -0.025219 0.852352 -0.522360 0.219439 -0.505062 -0.834721
12.343725 -324.189581 -2946.291688 -26626.342202 0.975696 0.108810 0.190207 0.108999 0.512019 -0.852030 0.190099 -0.852055 -0.487715
2.695475 -278.205788 -616.752034 -5043.832651 0.967399 0.146817 0.206360 0.038145 0.721057 -0.691825 0.250369 -0.677142 -0.691949
83.500425 -2928.259785 -6258.840875 -768753.957140 0.955310 0.112763 0.273253 0.201987 0.425926 -0.881923 0.215834 -0.897704 -0.384115
-4.046044 -20.926756 923.590947 372.169330 0.166739 0.426294 0.889085 0.945265 0.187396 -0.267127 -0.280485 0.884961 -0.371715
-0.182137 -21.914555 1487.585917 306.754004 0.230025 0.419742 0.878012 0.916771 0.209249 -0.340213 -0.326525 0.883194 -0.336675
0.169996 -19.909881 1157.696322 461.035712 0.182920 0.420637 0.888597 0.960975 0.114291 -0.251921 -0.207526 0.900001 -0.383315
8.266843 -22.402087 1508.869702 264.766839 0.208031 0.449267 0.868840 0.925934 0.195819 -0.322957 -0.315229 0.871673 -0.375255
-4.221634 -19.734304 615.081821 518.098105 0.099133 0.441663 0.891688 0.970939 0.153232 -0.183841 -0.217831 0.883999 -0.413637
-2.965213 -17.714338 611.561315 649.644528 0.105348 0.439207 0.892188 0.985705 0.072502 -0.152082 -0.131480 0.895456 -0.425290
6.126662 -19.680516 995.160659 454.439674 0.171266 0.450112 0.876394 0.965315 0.101261 -0.240650 -0.197064 0.887212 -0.417158
0.431143 -16.920456 625.401115 575.555905 0.157675 0.435208 0.886416 0.981178 0.032296 -0.190388 -0.111486 0.899751 -0.421924
-1.940450 -18.004470 -527.043464 -56.683993 0.090522 0.760047 0.643532 -0.685417 -0.421247 0.593931 -0.722502 0.494852 -0.482817
-1.883095 -17.104392 -367.309904 -76.864858 0.071830 0.751363 0.655968 -0.751191 -0.391903 0.531153 -0.656165 0.530910 -0.536267
-0.523999 -17.284078 61.947834 -119.387557 0.173625 0.787964 0.590734 -0.682570 -0.336109 0.648944 -0.709896 0.515890 -0.479484
-1.498854 -71.862361 -71.506562 1830.796996 0.123109 0.878758 0.461116 0.664384 -0.418139 0.619479 -0.737183 -0.230095 0.635310
-2.008872 -71.740110 -187.548528 -1743.232210 0.102828 0.886461 0.451236 0.402589 -0.451914 0.796050 -0.909587 -0.099807 0.403348
-2.070640 -75.152020 -227.653705 -1541.464876 0.093188 0.887941 0.450419 0.420873 -0.445113 0.790405 -0.902320 -0.115913 0.415190
-164.264620 -269.192491 20891.407947 -41163.090751 0.027472 0.907866 0.418359 0.954731 -0.147841 0.258132 0.296200 0.392329 -0.870829
-157.541191 -245.776168 -18311.030989 32130.362821 0.833427 0.536730 0.131605 -0.542764 0.750201 0.377631 -0.103956 0.386158 -0.916556
-189.881868 -254.115183 29731.355809 -36133.896231 -0.237673 0.714890 0.657604 0.971008 0.157031 0.180233 0.025582 0.681376 -0.731486
-182.382257 -396.674414 29729.633266 -64406.873073 -0.216482 0.734832 0.642773 0.860890 -0.166828 0.480663 0.460439 0.657412 -0.596495
-40.876590 -803.555116 10125.038548 -137646.568243 -0.297696 0.648157 0.700907 0.949346 0.123628 0.288891 0.100595 0.751405 -0.652129
-32.116108 -48.238250 -190.423493 1444.217530 -0.458826 0.653641 0.601857 0.765826 0.634393 -0.105148 0.450543 -0.412673 0.791651
-18.948784 -48.252633 2093.571510 3025.682698 0.359992 -0.601313 -0.713322 0.712207 0.670999 -0.206206 0.602633 -0.433800 0.669814
-12.916477 -43.340672 2795.563971 3771.092811 0.299599 -0.586609 -0.752416 0.618057 0.720120 -0.315330 0.726805 -0.370564 0.578305
-28.358954 -38.150839 122.699156 -547.249788 -0.073093 0.319218 -0.944858 -0.634305 0.716208 0.291038 0.769620 0.620601 0.150132
-28.858892 -37.526862 120.675873 -942.544054 -0.104033 0.167622 -0.980347 -0.594521 0.779723 0.196408 0.797322 0.603270 0.018538
-31.528698 -39.981293 172.051129 481.586157 0.049852 0.022411 0.998505 0.717305 -0.696466 -0.020181 0.694973 0.717239 -0.050796
-32.141074 -40.523261 630.675063 -317.459413 -0.016616 -0.020836 0.999645 0.828953 -0.559314 0.002121 0.559071 0.828694 0.026565
2.505987 -79.493118 20.527322 3438.828848 0.993713 -0.109119 -0.025056 -0.098002 -0.739569 -0.665908 -0.054133 -0.664177 0.745613
1.220924 -68.217646 13.258344 3177.992273 0.994246 -0.106986 -0.005357 -0.063551 -0.548854 -0.833499 -0.086233 -0.829043 0.552495
-0.066777 -70.212684 -508.146404 1912.735067 0.991551 -0.127654 0.023037 -0.054349 -0.570095 -0.819779 -0.117781 -0.811601 0.572216
13.490606 -29.664518 -733.723747 -53.226937 -0.234288 0.699480 0.675157 -0.360216 0.582593 -0.728581 0.902969 0.413900 -0.115469
13.894284 -29.566958 -1074.254128 -266.500822 -0.239523 0.704688 0.667865 -0.491076 0.505475 -0.709464 0.837540 0.497905 -0.224983
12.402405 -29.877187 34.674549 -197.190273 -0.213362 0.702365 0.679088 -0.438592 0.552252 -0.708982 0.872991 0.449113 -0.190222
11.804819 -29.943723 66.475569 82.876315 -0.208130 0.700075 0.683065 -0.283846 0.625074 -0.727127 0.936009 0.345222 -0.068617
11.529363 -28.921031 697.188706 36.234450 -0.184189 0.702619 0.687314 -0.367786 0.599209 -0.711113 0.911487 0.383763 -0.148046
11.385425 -28.787069 680.330883 -327.471231 -0.180108 0.714341 0.676224 -0.444458 0.554185 -0.703801 0.877507 0.427313 -0.217681
3.079536 -36.645567 280.730660 677.108022 -0.352170 -0.675316 -0.648016 -0.553165 0.708686 -0.437919 0.754973 0.204237 -0.623139
-0.762494 -43.329225 -313.763231 -311.411325 0.208521 0.754256 0.622589 0.890969 -0.409038 0.197134 0.403352 0.513602 -0.757311
-0.424803 -41.507599 -444.581217 -946.646800 0.202928 0.763834 0.612681 0.957421 -0.285990 0.039436 0.205343 0.578591 -0.789346
-2.044576 -39.783052 -128.729182 -827.364559 0.178691 0.759043 0.626037 0.958692 -0.277440 0.062743 0.221313 0.588965 -0.777265
5.635435 -48.298356 -277.173059 1050.785336 0.216396 0.710934 0.669138 -0.573208 0.647330 -0.502391 0.790320 0.274840 -0.547592
4.097358 -47.910367 -385.814819 952.808540 0.228304 0.727192 0.647355 -0.585269 0.633871 -0.505636 0.778034 0.263438 -0.570318
3.453309 -28.335484 503.968172 345.048601 -0.112996 0.960323 0.254975 -0.826933 0.051371 -0.559948 0.550829 0.274119 -0.788318
-0.972397 -66.988778 -69.725428 2306.234090 0.032071 0.716234 0.697123 0.570574 -0.585782 0.575591 -0.820620 -0.379300 0.427451
-8.870537 -52.035194 57.526417 -637.573331 0.192321 0.751824 0.630692 0.981327 -0.145229 -0.126121 -0.003226 0.643171 -0.765716
-9.402435 -55.013287 -121.482535 -862.128953 0.207277 0.734004 0.646741 0.971883 -0.229993 -0.050457 0.111710 0.639016 -0.761039
-8.383336 -54.362569 24.159851 -665.452294 0.205671 0.749361 0.629410 0.958769 -0.283184 0.023859 0.196118 0.598552 -0.776707
-6.740259 -54.961351 -487.735021 -758.843834 0.194930 0.790040 0.581239 0.974425 -0.223539 -0.022951 0.111797 0.570848 -0.813409
3.803442 -74.701060 854.055389 2437.300479 0.971822 -0.127308 0.198380 -0.056964 0.689818 0.721738 0.228729 0.712701 -0.663129
3.565811 -71.624187 863.120230 -2243.519562 0.970463 -0.121809 0.208241 -0.116228 0.520328 0.846020 0.211407 0.845235 -0.490801
5.326807 -89.776842 498.078718 -6521.087622 0.984116 -0.101642 0.145547 -0.111062 0.287098 0.951441 0.138493 0.952493 -0.271249
6.669731 -91.430074 439.331841 -6830.877007 0.986811 -0.062690 0.149244 -0.122136 0.316735 0.940618 0.106238 0.946440 -0.304901
1.008714 -40.222609 -1584.541737 -1062.906571 0.993831 -0.005755 0.110753 -0.105919 0.246743 0.963275 0.032871 0.969064 -0.244611
-0.896627 -44.488481 -1363.945679 -2045.101139 0.998441 -0.014916 0.053791 -0.051960 0.103839 0.993236 0.020401 0.994482 -0.102902
-24.079387 -2499.207198 4262.201705 -740862.897193 -0.985866 -0.038426 0.163067 -0.016273 0.990702 0.135075 -0.166741 0.130513 -0.977325
9.384574 -1540.343144 3541.971478 -374011.855797 -0.954608 -0.257956 0.148934 -0.258714 0.965844 0.014601 -0.147613 -0.024593 -0.988739
-40.627121 -303.359140 -8046.983382 -47969.471652 0.927826 0.300114 -0.221520 -0.372193 0.705475 -0.603140 0.024734 -0.642057 -0.766258
-7.103240 -21.269328 -90.635246 -1061.173416 -0.089508 -0.838363 -0.537713 0.995709 -0.062589 -0.068163 0.023491 -0.541507 0.840368
-6.928764 -18.237890 58.524583 -1372.754428 -0.063012 -0.825862 -0.560340 0.994992 -0.095635 0.029062 -0.077589 -0.555703 0.827752
-8.011121 -21.313072 562.396619 -1077.955698 -0.122159 -0.799925 -0.587536 0.992495 -0.095109 -0.076867 0.005608 -0.592516 0.805539
0.986904 -17.633405 -2131.081973 -1199.209396 -0.020520 -0.864283 -0.502587 0.997992 -0.047835 0.041513 -0.059920 -0.500726 0.863530
3.692952 -20.582040 -2570.889042 -778.124880 -0.042359 -0.877321 -0.478031 0.997772 -0.012463 -0.065542 0.051544 -0.479743 0.875894
-8.434994 -19.675092 120.853084 -251.668733 0.027145 0.628814 0.777082 -0.771321 0.507661 -0.383855 0.635867 0.588960 -0.498797
-6.588037 -19.487780 -35.719261 -253.267304 -0.050074 -0.584553 -0.809809 -0.711636 0.589792 -0.381732 0.700762 0.557174 -0.445522
-6.335881 -20.912127 29.960125 -213.244335 -0.099294 -0.500077 -0.860270 -0.706579 0.644170 -0.292903 0.700634 0.578765 -0.417306
5.515596 -111.535886 -838.653576 5142.666040 0.351127 0.737571 0.576801 -0.038932 0.626992 -0.778052 0.935518 -0.250739 -0.248869
2.377871 -111.823652 -301.288945 6875.713958 0.357022 0.720828 0.594089 -0.141875 0.670471 -0.728244 0.923259 -0.175713 -0.341640
-11.212218 -37.913318 3791.136510 -1495.394091 -0.044385 0.761019 0.647209 -0.588147 0.503771 -0.632692 0.807535 0.408736 -0.425231
-2.407598 -34.581764 1290.725600 1977.390970 -0.230276 0.915150 0.330868 -0.399286 0.221210 -0.889740 0.887436 0.336997 -0.314467
-17.578407 -82.020001 -2575.920833 -16060.898519 -0.538497 0.667750 -0.513937 -0.013117 -0.616490 -0.787253 0.842526 0.417192 -0.340736
-29.291636 -45.113821 -3314.436866 -10889.804183 -0.593209 0.680731 -0.429778 -0.056667 -0.567837 -0.821188 0.803052 0.462782 -0.375421
-6.846627 -41.172841 1466.802071 -2993.548338 -0.217012 0.817746 0.533101 0.169026 -0.506389 0.845577 -0.961424 -0.273608 0.028327
-3.177416 -40.859192 1382.919535 -2222.033055 -0.161422 0.788449 0.593541 0.289738 -0.537063 0.792222 -0.943396 -0.299853 0.141750
-3.793999 -26.796572 660.570347 -2473.450823 -0.207108 0.865951 0.455231 0.042256 -0.456967 0.888479 -0.977405 -0.203247 -0.058050
-5.495723 -48.060261 2543.803937 -835.283462 -0.157942 0.807837 0.567850 0.426020 -0.463047 0.777235 -0.890821 -0.364673 0.271020
-6.759413 -28.836549 881.945112 -3044.039923 -0.254475 0.887338 0.384543 -0.057646 -0.410844 0.909881 -0.965360 -0.209374 -0.155701
-11.968218 -42.990902 641.962966 -3877.487819 -0.302713 0.824369 0.478310 0.065635 -0.482634 0.873360 -0.950819 -0.295771 -0.091992
-9.850233 -48.456487 1463.339642 -2332.331200 -0.255465 0.797959 0.545893 0.309053 -0.467605 0.828150 -0.916092 -0.380273 0.127155
-31.365978 -45.306621 -596.011611 517.588786 0.562242 -0.584461 0.585055 -0.160461 0.616918 0.770496 -0.811256 -0.527084 0.253074
-30.264169 -41.782719 -1048.427834 -874.635423 0.395763 -0.340523 0.852887 -0.567810 0.639189 0.518681 -0.721779 -0.689552 0.059615
-12.942798 -33.373875 745.788355 -383.633788 -0.791249 -0.595033 -0.140925 -0.568930 0.800835 -0.187034 0.224149 -0.067814 -0.972193
-14.059063 -33.543463 -30.033747 -301.245483 -0.809471 -0.541902 -0.226053 -0.500722 0.838163 -0.216243 0.306651 -0.061853 -0.949810
-9.871646 -31.124675 1644.053695 -710.227408 -0.715986 -0.696683 -0.044690 -0.663114 0.698710 -0.268486 0.218275 -0.162598 -0.962246
-0.529021 -28.898126 -2693.818025 -274.063189 0.640128 0.768255 -0.004612 -0.671734 0.556771 -0.488652 0.372841 -0.315897 -0.872467
-4.221374 -28.952580 -2324.255495 -369.646222 0.638772 0.769392 -0.002484 -0.708993 0.587368 -0.390292 0.298829 -0.251069 -0.920688
-0.450674 -32.451414 786.823678 -1198.096407 0.196609 0.920413 0.337911 -0.195646 0.374535 -0.906337 0.960764 -0.112083 -0.253712
4.066973 -29.203917 1737.138937 -1308.918019 0.171140 0.918337 0.356888 -0.130016 0.380114 -0.915756 0.976630 -0.110321 -0.184451
12.056470 -26.627077 2567.805739 -1392.651584 0.154565 0.925429 0.345964 -0.097643 0.362767 -0.926750 0.983146 -0.109463 -0.146432
-1.267256 -28.077892 356.577140 1687.843272 -0.117030 -0.688125 -0.716092 0.898440 0.233911 -0.371607 0.423214 -0.686855 0.590864
-3.309626 -29.719067 210.395413 2007.602332 -0.153869 -0.702763 -0.694585 0.892635 0.202573 -0.402700 0.423707 -0.681974 0.596141
-2.775005 -41.431689 360.350111 4587.804090 -0.096064 -0.690090 -0.717320 0.927651 0.199210 -0.315879 0.360882 -0.695767 0.621026
-2.022555 -24.193993 265.512150 -793.634760 -0.151720 -0.703095 -0.694722 0.883180 0.219162 -0.414682 0.443818 -0.676480 0.587708
-0.247282 -39.603904 753.399393 3092.712576 -0.070427 -0.671245 -0.737882 0.919690 0.242755 -0.308612 0.386279 -0.700357 0.600241
-0.752065 -29.496694 618.032201 -729.730006 -0.194026 -0.709447 -0.677524 0.874893 0.187272 -0.446644 0.443752 -0.679422 0.584355
-2.787798 -69.384916 14.057286 -2136.455744 0.127169 0.887138 0.443638 0.282369 -0.461142 0.841199 -0.950840 -0.018295 0.309143
5.486458 -61.098533 702.697955 2897.714560 0.231154 0.818979 0.525206 0.853171 -0.430091 0.295162 -0.467618 -0.379863 0.798146
2.272569 -19.436959 3156.468781 -1465.701156 -0.187519 0.982210 -0.009976 0.011163 0.012286 0.999862 -0.982198 -0.187382 0.013268
3.128283 -29.550127 2866.443695 -1726.302834 -0.198450 0.979637 0.030488 0.150264 -0.000329 0.988646 -0.968524 -0.200778 0.147139
15.619303 -23.447111 2874.330644 -1942.332091 -0.249486 0.965860 0.069801 0.068482 -0.054303 0.996173 -0.965954 -0.253311 0.052597
18.290423 -15.003177 3651.455966 -1061.592322 -0.234774 0.969681 0.067827 -0.017286 -0.073931 0.997114 -0.971896 -0.232924 -0.034119
8.583029 -31.704360 266.698894 -64.379654 -0.005782 0.759013 0.651050 0.052834 -0.649920 0.758164 -0.998587 -0.038781 0.036344
-4.317726 -130.064146 -806.842841 -2309.442129 0.854498 0.381652 0.352384 -0.444953 0.187721 0.875658 -0.268047 0.905043 -0.330225
-4.316111 -155.121539 -373.223659 -9715.881054 0.869659 0.357282 0.340651 -0.482517 0.469466 0.739446 -0.104267 0.807435 -0.580669
-4.801400 -107.322397 -479.565901 -7704.456358 0.876142 0.351653 0.329721 -0.480056 0.698687 0.530454 0.043836 0.623038 -0.780962
-4.441097 -11.885878 2025.778041 -42.774953 -0.190422 0.934894 -0.299520 -0.169229 0.269275 0.948078 -0.967006 -0.231222 -0.106936
-7.650791 -16.514894 -387.112238 1222.919718 -0.003724 -0.394083 0.919067 -0.339391 0.865020 0.369533 -0.940638 -0.310547 -0.136970
-8.823207 -16.440075 1377.625954 63.436279 -0.177328 0.860830 -0.476997 -0.179089 0.448361 0.875728 -0.967720 -0.240716 -0.074658
2.253044 -12.631661 2928.523625 -745.704535 -0.192587 0.976670 -0.095000 -0.076994 0.081474 0.993697 -0.978255 -0.198688 -0.059507
10.050627 -10.589261 3717.892666 -390.377968 -0.207044 0.978207 0.015599 -0.066452 -0.029969 0.997339 -0.976072 -0.205456 -0.071208
9.319127 -11.232254 3518.110707 472.132115 -0.236433 0.969000 0.071680 -0.072495 -0.091158 0.993194 -0.968940 -0.229628 -0.091800
10.327370 -388.080589 2954.812721 28106.010849 -0.973254 -0.131732 -0.188210 -0.115630 0.988819 -0.094159 0.198510 -0.069878 -0.977605
7.867537 -366.505599 -544.779427 62170.530421 -0.959696 -0.183456 -0.212905 -0.135403 0.965658 -0.221743 0.246273 -0.183978 -0.951578
-6.167008 -22.206978 886.553927 334.133530 0.167649 0.433096 0.885619 0.914726 0.266682 -0.303574 -0.367656 0.860993 -0.351455
-3.545813 -23.524994 1644.878377 248.029235 0.240855 0.419247 0.875340 0.863438 0.319325 -0.390522 -0.443243 0.849861 -0.285083
5.273373 -23.467237 1912.080643 222.485594 0.246976 0.433490 0.866654 0.877124 0.280151 -0.390088 -0.411893 0.856506 -0.311034
-1.497149 -16.568672 167.443994 -175.235122 0.162015 0.784353 0.598783 -0.740113 -0.304758 0.599462 -0.652674 0.540289 -0.531135
-4.387334 -17.898198 -635.829859 -14.768370 -0.014136 0.694518 0.719336 -0.781831 -0.456151 0.425049 -0.623330 0.556391 -0.549444
-4.065185 -17.656173 -512.365963 -1.009809 -0.008561 0.708446 0.705713 -0.814962 -0.413899 0.405616 -0.579451 0.571657 -0.580900
-2.964176 -16.582459 -39.038717 -8.636529 0.090477 0.752883 0.651906 -0.795772 -0.338928 0.501871 -0.598799 0.564176 -0.568458
7.291200 -207.447989 -856.682549 -20792.981200 0.146411 0.944060 0.295489 0.607941 -0.321512 0.725973 -0.780366 -0.073350 0.621006
2.826952 -180.416664 -419.394840 -6255.650835 0.171539 0.931560 0.320579 0.654024 -0.351034 0.670096 -0.736768 -0.094718 0.669478
4.224469 -173.915909 -933.410020 -15760.328800 0.137898 0.945148 0.296108 0.329196 -0.325705 0.886310 -0.934138 0.024743 0.356053
5.624372 -157.674190 276.574519 1972.405893 0.182049 0.946218 0.267450 0.832424 -0.293084 0.470290 -0.523382 -0.137016 0.841010
7.274119 -173.440164 -1547.748200 -14263.962242 0.113431 0.949310 0.293161 0.278113 -0.313607 0.907912 -0.953827 0.021453 0.299589
8.537167 -221.514430 -936.525605 -1162.608998 0.167620 0.949503 0.265231 0.881444 -0.264839 0.391045 -0.441542 -0.168239 0.881327
12.980910 -355.224183 -570.774121 -44054.528006 0.159215 0.958425 0.236797 0.546033 -0.285319 0.787681 -0.822495 -0.003889 0.568759
-137.525477 -170.948196 -14695.680728 6028.968056 0.616859 0.786799 0.020765 -0.775559 0.612120 -0.154333 0.134140 -0.079097 -0.987801
-108.600954 -199.070034 -15008.901537 13702.053000 0.749832 0.636893 -0.179220 -0.653988 0.754510 -0.054897 -0.100259 -0.158371 -0.982276
-4.411750 -29.804306 149.468369 400.452691 0.057407 0.961335 0.269332 0.665339 -0.237975 0.707596 -0.744331 -0.138576 0.653274
-4.244260 -27.872243 330.698668 -15.693706 0.044660 0.969971 0.239086 0.728292 -0.195428 0.656810 -0.683811 -0.144791 0.715150
-1.239760 -28.312755 895.263768 822.704605 0.142384 0.945702 0.292190 0.744355 -0.296881 0.598162 -0.652429 -0.132325 0.746208
-5.574901 -29.359491 -84.861254 -395.754254 0.015535 0.963001 0.269051 0.675324 -0.208540 0.707424 -0.737358 -0.170707 0.653577
-2.860826 -31.026542 592.466352 706.890822 0.115122 0.950500 0.288611 0.635748 -0.293745 0.713820 -0.763264 -0.101307 0.638095
-4.882500 -28.602511 -170.955567 -188.358492 0.023898 0.957584 0.287161 0.599944 -0.243507 0.762084 -0.799685 -0.154068 0.580316
-32.648735 -46.493329 480.777186 1113.157359 -0.221707 0.883225 0.413232 0.889289 0.356983 -0.285880 0.400013 -0.304101 0.864588
-27.648859 -37.216412 -249.579102 -917.968955 0.041696 0.385829 -0.921627 -0.587868 0.755336 0.289617 0.807882 0.529719 0.258311
4.115648 -87.332112 -165.132575 1282.508896 0.992680 -0.118291 -0.024356 -0.119304 -0.929117 -0.350012 -0.018774 -0.350356 0.936429
3.508535 -88.041105 -453.985071 -396.019961 0.992542 -0.121901 -0.000208 -0.121445 -0.988679 -0.088114 -0.010535 -0.087482 0.996110
14.841699 -29.193974 -574.617273 -78.909379 -0.318185 0.653495 0.686806 -0.530440 0.477723 -0.700296 0.785743 0.587133 -0.194636
14.553549 -28.623066 -170.764530 183.860203 -0.313886 0.635634 0.705298 -0.667516 0.380530 -0.640016 0.675203 0.671689 -0.304853
-1.747403 -27.872971 30.058941 -1056.816795 0.333723 0.713762 0.615770 0.032789 0.644034 -0.764294 0.942101 -0.275253 -0.191526
-0.803011 -28.925640 40.135101 -701.746909 0.338541 0.699219 0.629668 -0.096418 0.691438 -0.715973 0.935999 -0.181674 -0.301497
-1.464420 -31.076309 68.589564 -693.855238 0.331430 0.713744 0.617027 -0.134624 0.683075 -0.717833 0.933826 -0.154845 -0.322479
-0.432404 -33.885441 -180.450112 -5.255226 -0.334893 -0.689336 -0.642388 -0.224171 0.720469 -0.656256 0.915202 -0.075771 -0.395809
0.155609 -35.667703 -43.016786 -635.244618 0.335201 0.711407 0.617690 -0.294761 0.701894 -0.648429 0.894850 -0.035283 -0.444970
-1.145019 -33.800971 -281.084138 -224.871216 0.340092 0.722863 0.601504 -0.232648 0.684423 -0.690971 0.911160 -0.095055 -0.400939
-0.709694 -44.545577 -282.760702 -327.636001 0.222823 0.749032 0.623939 -0.794731 0.510241 -0.328722 0.564582 0.422617 -0.708972
4.680608 -61.812500 815.589670 1061.934720 0.156534 0.527606 0.834943 0.350554 0.760646 -0.546378 -0.923368 0.378220 -0.065887
6.875105 -64.969795 668.446978 -348.639169 0.143900 0.555337 0.819081 0.059917 0.821287 -0.567360 -0.987777 0.130720 0.084909
9.661886 -67.058797 905.373963 648.704459 0.117914 0.544236 0.830604 0.254402 0.791969 -0.555036 -0.959883 0.276754 -0.045071
2.201186 -61.457050 479.812022 -52.537243 0.180084 0.572738 0.799713 0.139527 0.789911 -0.597138 -0.973705 0.219117 0.062338
8.696547 -62.401991 1045.546109 1498.341893 0.115009 0.511791 0.851377 0.468878 0.727613 -0.500732 -0.875743 0.456781 -0.156286
5.400598 -58.643084 1107.278486 1249.337014 0.132390 0.493321 0.859713 0.578524 0.665826 -0.471153 -0.804850 0.559741 -0.197249
1.048844 -57.196330 786.343222 892.646724 0.168734 0.522314 0.835893 0.525223 0.669977 -0.524662 -0.834068 0.527559 -0.161283
-0.144060 -58.973805 364.765111 518.534806 0.164693 0.566200 0.807647 0.396743 0.711639 -0.579797 -0.903035 0.415916 -0.107434
-9.536052 -52.255695 -158.091333 -484.477791 0.184946 0.739652 0.647078 0.974103 -0.050827 -0.220317 -0.130069 0.671068 -0.729897
7.714623 -84.594493 1148.224088 6433.919202 0.978327 -0.102513 0.179912 -0.018783 0.821339 0.570131 0.206214 0.561154 -0.801612
4.332568 -37.575212 -1884.792989 165.406444 0.984604 0.021888 0.173424 -0.167627 0.399527 0.901266 0.049560 0.916460 -0.397045
-1.513743 -40.511706 -1522.162991 1.984870 0.992607 -0.003318 0.121330 -0.107442 0.441008 0.891049 0.056464 0.897497 -0.437391
-218.827577 -1668.544694 35251.817727 274091.340959 0.926946 -0.161902 -0.338466 0.124206 0.983655 -0.130364 0.354040 0.078801 0.931905
-13.539246 -532.631005 1540.083972 -91451.675204 0.900615 -0.434465 0.011523 -0.352595 -0.745892 -0.565086 -0.254105 -0.504862 0.824952
-91.274081 -2658.591195 6737.356560 -780.889443 0.913302 -0.321440 0.250111 0.164861 -0.269768 -0.948708 -0.372425 -0.907690 0.193387
