13934
27847
-40.368737 -63.039367 -928.321715 8047.692498 0.092673 0.995351 0.026222 0.730161 -0.050030 -0.681441 0.676962 -0.082297 0.731403
-46.550806 -70.423784 1091.821045 6083.430470 0.185087 0.974901 -0.123740 0.782135 -0.222371 -0.582079 0.594985 -0.010954 0.803662
-46.672437 -79.828661 -1181.186154 7370.157884 -0.089854 0.984497 0.150640 0.836711 0.156660 -0.524760 0.540223 -0.078890 0.837816
-39.365408 -59.821125 228.378090 5916.992251 0.368272 0.858496 -0.356876 0.625007 -0.512782 -0.588575 0.688289 0.006295 0.725409
-38.421703 -75.120723 -2126.289307 12685.811680 -0.034489 0.979419 0.198870 0.756585 0.155601 -0.635113 0.652986 -0.128557 0.746380
-28.449837 -64.761797 -5928.504753 11342.998839 0.035314 0.972409 0.230593 0.685472 0.144339 -0.713649 0.727242 -0.183267 0.661462
-37.039707 -48.633044 -691.761299 5369.189699 0.281548 0.943525 -0.174616 0.602780 -0.315502 -0.732881 0.746583 -0.101086 0.657568
-49.955521 -72.262340 414.186236 -208.304954 -0.310347 -0.516813 0.797865 0.916847 -0.384468 0.107590 0.251150 0.764911 0.593157
-49.131449 -72.114551 -25.415414 -576.281244 -0.368516 -0.470541 0.801740 0.842252 -0.534020 0.073721 0.393456 0.702434 0.593109
-46.501399 -69.780848 -330.473053 -467.565791 -0.309889 -0.397552 0.863667 0.895174 -0.428079 0.124146 0.320363 0.811604 0.488535
-48.321286 -69.711300 -151.968201 140.123057 -0.268700 -0.449372 0.851977 0.948150 -0.279262 0.151735 0.169739 0.848574 0.501110
-44.926611 -68.871421 -1885.069743 411.130557 -0.274894 -0.265448 0.924105 0.887030 -0.440846 0.137233 0.370960 0.857433 0.356646
-45.581703 -68.711153 -1117.783522 -454.811719 -0.267114 -0.325092 0.907174 0.935903 -0.311846 0.163820 0.229642 0.892786 0.387553
-52.768803 -72.948668 -579.483662 -1063.909868 -0.620179 0.598793 0.506778 0.773818 0.360923 0.520519 0.128775 0.714969 -0.687194
-54.802842 -69.026274 -1493.686783 -860.874250 -0.566041 0.522440 0.637694 0.823283 0.318416 0.469910 0.042448 0.790992 -0.610353
-51.733108 -70.727373 -873.468627 1349.931796 -0.491557 0.594784 0.636085 0.842427 0.139701 0.520384 0.220654 0.791654 -0.569733
-14.632946 -35.606589 21.662642 -1800.364715 0.107354 -0.062723 -0.992240 -0.394289 0.913485 -0.100404 0.912694 0.402008 0.073335
-8.269141 -33.115539 -255.364701 -542.969142 0.061968 0.064095 -0.996018 -0.354549 0.934262 0.038062 0.932982 0.350779 0.080619
-9.527074 -32.406552 369.655351 -638.451778 0.148839 -0.209958 -0.966315 -0.316860 0.915548 -0.247732 0.936721 0.343058 0.069742
-12.281135 -37.523035 -1472.777070 -2130.753811 0.006896 0.229850 -0.973202 -0.439786 0.874748 0.203481 0.898076 0.426597 0.107117
-14.440371 -36.530536 476.379661 -2458.871113 0.191675 -0.310310 -0.931111 -0.349816 0.864795 -0.360220 0.917000 0.394763 0.057208
-20.438293 -38.568661 749.846350 -2617.048123 0.178818 -0.266778 -0.947023 -0.433435 0.842744 -0.319244 0.883266 0.467560 0.035067
-20.029874 -38.695904 -1192.967326 -2478.680000 0.060853 0.072512 -0.995509 -0.485177 0.873755 0.033986 0.872296 0.480930 0.088352
-16.998569 -18.511908 3625.264813 330.280487 -0.525858 0.528457 -0.666488 -0.268397 0.640449 0.719575 0.807116 0.557277 -0.194949
-16.587647 -22.194473 951.957431 2948.338084 -0.478785 0.783401 0.396293 -0.329440 0.258091 -0.908217 0.813778 0.565395 -0.134513
-19.017258 -24.343163 1356.050782 2608.798155 -0.449061 0.799938 0.398049 -0.320380 0.271712 -0.907485 0.834087 0.535043 -0.134269
-17.296819 -29.027240 1034.494318 1364.133148 -0.456590 0.771978 0.442239 -0.286957 0.342726 -0.894536 0.842129 0.535340 -0.065039
-19.450889 -21.260974 4170.011489 1013.019133 -0.426473 0.356488 -0.831286 -0.357169 0.777993 0.516872 0.830994 0.517342 -0.204466
-20.893025 -30.866217 1465.944685 972.935535 -0.410223 0.789896 0.455831 -0.276258 0.368710 -0.887544 0.869137 0.490018 -0.066962
-20.695547 -25.401170 1479.444623 2459.975122 -0.425686 0.816198 0.390656 -0.309064 0.274615 -0.910531 0.850454 0.508338 -0.135357
-4.594210 -41.098859 38.288914 56.055361 0.409456 0.811317 -0.417266 -0.444715 0.576838 0.685191 -0.796602 0.094992 -0.596994
-5.213085 -42.271615 -1305.522847 297.692624 0.390259 0.820158 -0.418376 -0.366037 0.555162 0.746868 -0.844816 0.138331 -0.516865
-6.250446 -42.621845 -259.067968 376.867621 0.415475 0.799029 -0.434665 -0.348556 0.581239 0.735303 -0.840172 0.153995 -0.519996
-6.247452 -42.162496 822.260625 -208.328730 0.439317 0.786677 -0.433750 -0.405213 0.604462 0.685877 -0.801749 0.125557 -0.584323
-4.648669 -42.172317 538.527729 -757.333598 0.414268 0.819623 -0.395728 -0.513609 0.569470 0.641802 -0.751390 0.062628 -0.656879
-3.947940 -42.243825 -118.347669 -365.255757 0.400837 0.821013 -0.406530 -0.547985 0.570467 0.611784 -0.734195 0.022454 -0.678567
2.972104 -70.039260 -725.925208 1085.286898 0.377302 0.914173 -0.148094 0.874955 -0.299478 0.380483 -0.303476 0.273133 0.912853
1.464901 -73.303613 -481.389624 835.448468 0.379256 0.912860 -0.151166 0.836857 -0.268700 0.476939 -0.394760 0.307386 0.865840
3.491286 -75.326122 -994.314894 -447.325156 0.369608 0.917834 -0.144811 0.824673 -0.252217 0.506261 -0.428140 0.306540 0.850135
-17.949010 -77.519788 452.763533 11605.479018 0.120681 -0.983921 -0.131667 0.990875 0.111376 0.075903 -0.060017 -0.139626 0.988384
-9.152223 -85.375201 2606.889784 8861.260517 0.111044 -0.974214 -0.196411 0.991321 0.094588 0.091296 -0.070364 -0.204844 0.976262
-14.422924 -64.745478 -108.061305 6633.587510 0.046315 -0.988653 -0.142899 0.998344 0.050698 -0.027180 0.034117 -0.141403 0.989364
-11.591347 -96.949879 3022.926603 12615.608439 0.156833 -0.969299 -0.189373 0.966187 0.110847 0.232800 -0.204662 -0.219481 0.953909
2.561184 -153.379343 -55.018574 -2093.255463 0.163604 0.984068 0.069597 -0.939609 0.133938 0.314952 -0.300613 0.116922 -0.946552
3.415701 -138.930809 283.150767 6761.954387 0.195398 0.978312 0.068736 0.979894 -0.191869 -0.054724 -0.040349 0.078047 -0.996133
0.122985 -156.704742 -268.167058 7146.236683 0.225440 0.971726 0.070184 0.973508 -0.227505 0.022866 0.038186 0.063170 -0.997272
0.088881 -164.677550 1297.195857 -6976.436536 0.179718 0.978230 0.103769 -0.957262 0.149609 0.247522 -0.226609 0.143819 -0.963309
-4.305434 -70.293074 502.564799 -4461.412650 0.339403 0.902308 -0.265793 -0.107284 0.317855 0.942050 -0.934503 0.291219 -0.204684
-2.054302 -78.983002 -819.469562 -2774.148219 0.316006 0.912752 -0.258889 0.052541 0.255617 0.965349 -0.947301 0.318659 -0.032819
-3.816786 -77.046034 46.426658 -2702.746584 0.333881 0.911251 -0.241134 0.045635 0.239887 0.969728 -0.941510 0.334778 -0.038509
-4.457725 -62.547540 464.302199 -4079.613561 0.343299 0.897756 -0.276008 -0.237730 0.367355 0.899186 -0.908642 0.243074 -0.339536
-3.715102 -62.549375 1.060987 -4902.822952 0.331699 0.898311 -0.288120 -0.257543 0.380036 0.888394 -0.907550 0.220476 -0.357411
-2.456778 -81.447337 -196.456649 11267.801178 0.100375 0.977944 0.183168 0.180897 -0.198967 0.963166 -0.978367 0.063543 0.196879
-1.606019 -86.561526 -434.987338 11988.358495 0.085940 0.982076 0.167752 0.169061 -0.180307 0.968972 -0.981852 0.054913 0.181526
-1.190434 -72.303211 -258.860854 5222.378737 0.101359 0.972595 0.209251 0.273301 -0.229464 0.934159 -0.956574 0.037497 0.289069
-1.505635 -68.047576 3.037932 3399.841379 0.111881 0.967987 0.224686 0.298574 -0.248404 0.921493 -0.947806 0.036012 0.316808
-2.511402 -76.224407 7.653290 9619.459973 0.110668 0.971545 0.209411 0.214857 -0.229110 0.949392 -0.970355 0.060074 0.234098
3.066064 -80.000301 1479.192031 646.591669 0.422554 0.888811 -0.177378 0.771930 -0.250375 0.584325 -0.474944 0.383833 0.791897
4.501143 -78.123287 357.890098 -563.523997 0.390090 0.905019 -0.169620 0.778550 -0.225836 0.585541 -0.491620 0.360471 0.792698
5.938773 -81.776986 1760.600709 115.227551 0.391580 0.895825 -0.210149 0.692549 -0.136560 0.708328 -0.605840 0.422905 0.673876
-3.617983 -201.324639 -646.045034 35372.787125 -0.407337 0.328439 -0.852176 0.798520 0.580919 -0.157796 0.443219 -0.744755 -0.498895
-1.754988 -220.423821 -962.119867 18353.688618 -0.410146 0.323035 -0.852894 0.908011 0.232224 -0.348696 0.085422 -0.917453 -0.388565
-4.751753 -225.876371 -76.731841 42896.270745 -0.411537 0.350268 -0.841397 0.855571 0.466607 -0.224224 0.314063 -0.812151 -0.491705
-4.263510 -172.795775 -11.864696 19943.579129 -0.405216 0.358645 -0.840936 0.742482 0.665786 -0.073828 0.533405 -0.654296 -0.536075
-9.488870 -234.687368 -2702.240891 40891.406793 -0.396606 0.335556 -0.854462 0.883602 0.391915 -0.256222 0.248900 -0.856624 -0.451934
-6.920177 -186.048574 -593.541854 26576.747389 -0.394921 0.367750 -0.841901 0.760091 0.645523 -0.074575 0.516041 -0.669373 -0.534454
44.166706 -98.158087 3752.355078 2214.154969 0.572054 -0.114375 0.812202 -0.418763 0.810719 0.409111 -0.705260 -0.574154 0.415879
61.247311 -105.128372 -284.498674 -8629.689501 0.516845 -0.276907 0.810058 -0.493665 0.676661 0.546283 -0.699405 -0.682240 0.213029
35.584504 -107.350821 1095.034873 5940.005928 0.512029 -0.348852 0.784939 -0.177790 0.850985 0.494181 -0.840367 -0.392589 0.373707
224.374216 -1698.993833 67887.299961 834615.179002 -0.365691 0.687795 -0.627063 0.398735 0.724543 0.562181 0.840999 -0.044447 -0.539207
17.459710 -724.563235 13520.595341 107081.602286 -0.452835 0.709724 -0.539659 -0.709871 -0.653221 -0.263411 0.539466 -0.263806 -0.799614
38.036450 -1486.885856 4599.014050 -224625.331972 -0.245024 0.681654 -0.689428 0.833912 0.510892 0.208757 0.494524 -0.523772 -0.693620
21.475070 -611.842548 -4364.229292 89941.416116 -0.275185 0.538582 -0.796369 0.370393 0.823799 0.429143 0.887177 -0.176876 -0.426184
20.737908 -571.634362 -3072.896366 126302.594328 -0.265050 0.597168 -0.757060 -0.053966 0.774723 0.629994 0.962723 0.207835 -0.173113
10.608820 -130.868801 -1289.131660 1514.795925 0.268365 -0.627049 0.731293 0.963072 0.157508 -0.218366 0.021742 0.762890 0.646163
11.537512 -126.514278 -1506.375584 2507.721319 0.260332 -0.625457 0.735548 0.931746 -0.036985 -0.361221 0.253132 0.779382 0.573138
12.998086 -135.042716 -1610.996951 1936.814110 0.267996 -0.633409 0.725928 0.958607 0.100090 -0.266563 0.096185 0.767317 0.634013
11.858103 -127.725218 -1634.283503 3979.916183 0.270446 -0.630421 0.727618 0.885897 -0.132913 -0.444434 0.376890 0.764790 0.522543
11.013161 -130.469152 932.071117 3041.230285 0.264501 -0.681534 0.682312 0.953840 0.080539 -0.289313 0.142224 0.727341 0.671378
24.452283 11.653254 -3634.228997 7739.985092 -0.077546 0.738269 0.670034 -0.736846 0.410277 -0.537337 0.671599 0.535380 -0.512175
26.805589 19.582970 1298.280597 2234.038710 -0.159242 0.599723 0.784203 -0.674451 0.513988 -0.530031 0.720943 0.613310 -0.322635
37.852099 20.019572 6140.650115 322.001672 -0.370988 -0.204043 -0.905944 -0.592461 0.803232 0.061706 0.715093 0.559629 -0.418877
-14.953393 -29.962516 334.111736 -532.457406 -0.415481 0.868432 0.270558 0.279539 0.404959 -0.870555 0.865582 0.286068 0.411013
-13.108281 -28.057677 -320.152858 -245.275176 -0.308993 0.946109 0.096959 0.415825 0.226082 -0.880895 0.855344 0.231873 0.463273
-15.654124 -28.284314 -94.660961 -302.741089 -0.320492 0.936466 0.142534 0.334235 0.252590 -0.908012 0.886325 0.243371 0.393953
-16.911747 -30.282210 417.051778 -430.989316 -0.402833 0.858034 0.318596 0.196437 0.421027 -0.885522 0.893945 0.294134 0.338153
-15.291533 -31.856854 504.149120 -400.014206 -0.462788 0.801989 0.377680 0.147700 0.489853 -0.859202 0.874078 0.341845 0.345152
-3.217523 -116.568214 -608.312158 -74.899174 0.157486 0.942589 0.294489 0.909308 -0.254729 0.329048 -0.385172 -0.215961 0.897220
-4.304363 -110.990545 804.005505 6889.508609 -0.179826 -0.937201 -0.298860 0.979937 -0.197213 0.028812 -0.085942 -0.287682 0.953862
-4.430559 -114.677031 243.713952 6733.908382 -0.156577 -0.945974 -0.283930 0.963244 -0.209792 0.167773 -0.218275 -0.247225 0.944053
-3.840138 -112.333720 -767.246931 -1428.940236 0.145888 0.946687 0.287228 0.892252 -0.251317 0.375134 -0.427320 -0.201552 0.881348
-59.943764 -173.947254 -3483.538963 -57035.662300 -0.414150 -0.205896 0.886615 0.834307 -0.475291 0.279341 0.363885 0.855398 0.368622
-107.833991 -404.765702 -1936.116759 -131079.868334 0.676888 0.038779 -0.735064 0.618921 -0.570537 0.539838 0.398447 0.820356 0.410191
-180.280862 -508.952152 -17940.255870 -149774.148378 -0.521664 -0.054430 0.851413 0.722333 -0.559221 0.406825 0.453984 0.827230 0.331042
-75.953283 -795.726114 -1704.942597 246435.507748 0.348418 -0.077403 -0.934138 -0.535937 0.801166 -0.266280 0.769010 0.593416 0.237657
61.584577 -4078.321343 8477.051067 -1299990.204316 -0.471801 0.129391 0.872159 0.664394 -0.598120 0.448144 0.579642 0.790892 0.196227
-42.437500 -196.351067 -402.808300 -70703.512818 -0.315624 -0.165949 0.934260 0.837233 -0.512075 0.191887 0.446568 0.842758 0.300561
11.987098 -145.920515 1670.083938 -18108.620567 -0.171663 0.214813 0.961451 -0.660246 0.699241 -0.274113 -0.731168 -0.681849 0.021796
2.764185 -160.670250 3569.356900 -13773.839061 -0.143900 0.300206 0.942958 -0.571872 0.752431 -0.326819 -0.807624 -0.586280 0.063405
12.179007 -135.360881 -2827.014531 17036.426202 0.142758 -0.224395 -0.963985 0.800915 -0.546040 0.245715 -0.581511 -0.807148 0.101770
18.667068 -115.706445 -292.415723 16273.136485 0.164227 -0.147784 -0.975289 0.817300 -0.533210 0.218420 -0.552313 -0.832975 0.033216
24.861301 9.917761 -91.261696 -8130.536513 -0.686860 0.722703 -0.076958 -0.041722 -0.144921 -0.988563 0.725591 0.675794 -0.129693
24.502500 14.617759 -2302.806472 -9280.007411 -0.608119 0.793247 -0.030826 -0.074787 -0.095905 -0.992577 0.790315 0.601299 -0.117646
27.687334 22.670780 51.445965 -2795.538294 -0.490951 0.700300 0.518216 -0.482019 0.277139 -0.831175 0.725689 0.657856 -0.201496
75.434241 -105.031081 6978.682196 -3514.726198 -0.077252 0.558266 0.826058 0.867821 0.445544 -0.219950 -0.490836 0.699878 -0.518894
47.840533 -99.090658 2092.493558 2653.772188 -0.156613 0.565616 0.809661 0.734345 0.614883 -0.287502 -0.660462 0.549544 -0.511656
68.157888 -95.200729 3800.424544 -813.712586 -0.086813 0.705409 0.703464 0.846824 0.424192 -0.320859 -0.524741 0.567855 -0.634182
97.407245 -91.664065 6436.537744 -8609.266970 -0.000144 0.849346 0.527836 0.909472 0.219567 -0.353060 -0.415766 0.480001 -0.772488
111.549886 -106.328695 12734.610401 -11363.021513 0.001230 0.716340 0.697751 0.937587 0.241815 -0.249910 -0.347747 0.654510 -0.671334
42.115802 -102.227280 11420.099151 15715.115317 -0.098058 0.129861 0.986671 0.994927 -0.009602 0.100142 0.022479 0.991486 -0.128261
61.519944 -121.156620 13792.757859 12060.932130 -0.080074 0.204891 0.975504 0.984915 0.166865 0.045799 -0.153394 0.964456 -0.215162
70.829714 -102.728781 17631.711387 14006.111587 -0.127960 0.231123 0.964473 0.988673 -0.047181 0.142477 0.078434 0.971780 -0.222468
53.604658 -72.318879 16052.355423 11598.836105 -0.175171 0.179284 0.968077 0.961243 -0.181487 0.207545 0.212903 0.966912 -0.140544
9.406508 -5.214039 -2128.492533 745.238938 0.363924 0.742850 0.561902 0.447048 -0.668547 0.594300 -0.817134 -0.034917 0.575390
9.760394 -6.461134 267.322066 344.095357 0.394209 0.758878 0.518366 0.454226 -0.651219 0.607941 -0.798923 0.004201 0.601419
10.120020 -1.872346 -1202.943728 2402.508679 0.368451 0.766916 0.525437 0.488377 -0.640605 0.592548 -0.791032 -0.038287 0.610575
6.996330 -0.589101 -2017.144457 1703.111873 0.256776 0.857795 0.445256 0.531995 -0.510075 0.675873 -0.806875 -0.063326 0.587318
4.886310 -6.117752 -1556.955235 1086.959034 0.257625 0.859145 0.442153 0.519509 -0.508991 0.686322 -0.814702 -0.052889 0.577462
20.861421 -50.308915 6086.532116 554.929998 -0.391145 0.706248 0.590101 0.839807 0.536181 -0.085054 -0.376470 0.462303 -0.802836
11.577193 -49.132089 5921.036966 155.005355 -0.372790 0.711689 0.595421 -0.814394 -0.558487 0.157655 -0.444736 0.426136 -0.787793
20.367668 -49.493678 6453.391241 655.668935 -0.371993 0.717002 0.589516 -0.789662 -0.578268 0.205034 -0.487908 0.389247 -0.781302
6.686083 -48.649828 5848.048693 504.577702 -0.383774 0.697303 0.605381 0.857929 0.511743 -0.045574 -0.341578 0.501884 -0.794630
-6.270435 -59.344602 -471.622830 991.848742 -0.576980 0.815185 -0.050673 -0.191221 -0.074506 0.978715 -0.794058 -0.574389 -0.198869
-5.935913 -61.309587 283.980276 1395.073703 -0.578948 0.813298 -0.058013 -0.189412 -0.064948 0.979747 -0.793059 -0.578211 -0.191650
-5.819432 -56.793131 -94.979986 -425.221690 -0.585903 0.810342 -0.007931 -0.074351 -0.044008 0.996261 -0.806963 -0.584302 -0.086034
8.395204 -64.681013 45.029175 -283.280898 -0.474274 0.848070 -0.236307 -0.622079 -0.512760 -0.591688 0.622962 0.133621 -0.770756
6.793148 -64.946929 -1012.164678 -1053.186082 -0.459194 0.853632 -0.245874 -0.701479 -0.518258 -0.489220 0.545039 0.052171 -0.836786
7.114860 -65.353751 -1037.472921 -63.955136 -0.446445 0.859627 -0.248450 -0.644356 -0.501502 -0.577322 0.620880 0.097653 -0.777799
8.724039 -62.121635 -742.400561 -344.590021 -0.451363 0.855615 -0.253365 -0.556361 -0.491825 -0.669755 0.697663 0.161340 -0.698022
-3.458606 -95.409964 4.501356 -10261.906806 -0.688929 0.724821 -0.003409 -0.318566 -0.298560 0.899654 -0.651071 -0.620884 -0.436590
1.671349 -74.870758 -106.860454 -8598.939757 -0.688982 0.724777 0.001585 -0.444733 -0.424494 0.788681 -0.572290 -0.542682 -0.614801
-3.395721 -95.824469 63.449640 -9592.626478 -0.711539 0.698488 0.076341 -0.275947 -0.377703 0.883852 -0.646194 -0.607829 -0.461495
0.218171 -77.448460 244.035172 -6761.795956 -0.663422 0.745229 -0.067123 -0.434201 -0.310368 0.845660 -0.609378 -0.590174 -0.529484
-8.553171 -109.994047 2477.394252 -10215.246466 -0.656630 0.753820 0.024358 -0.160951 -0.171606 0.971929 -0.736839 -0.634277 -0.234009
-2.751420 -93.492771 1493.366441 -8466.313306 -0.652281 0.756698 -0.044013 -0.324011 -0.225866 0.918696 -0.685234 -0.613508 -0.392506
-1.685296 -128.947466 1437.209469 -7184.670209 -0.518697 0.852731 -0.061664 -0.732327 -0.405921 0.546740 -0.441192 -0.328751 -0.835028
-0.739349 -128.459887 -76.983442 -5966.241646 -0.526196 0.843469 -0.108061 -0.745547 -0.396477 0.535693 -0.408997 -0.362444 -0.837470
-0.421205 -132.639265 265.149186 -2676.052546 -0.537503 0.840068 -0.073329 -0.609550 -0.326971 0.722176 -0.582700 -0.432869 -0.687811
-1.839636 -122.326325 745.235033 7842.618907 -0.501827 0.858991 -0.101511 0.827691 0.442800 -0.344756 -0.251193 -0.257027 -0.933188
-0.643595 -133.293963 -910.016607 -787.798211 -0.560761 0.824686 -0.073758 -0.535876 -0.293580 0.791611 -0.631177 -0.483429 -0.606558
-3.153992 -125.227781 -1565.030542 -5913.437007 -0.552586 0.826654 -0.106261 -0.729983 -0.418506 0.540350 -0.402212 -0.376159 -0.834704
-3.448430 -114.640418 631.694713 6231.684656 -0.506880 0.857302 -0.090039 0.830193 0.457377 -0.318725 -0.232062 -0.236305 -0.943561
3.313784 -71.143566 171.291812 -3206.633549 -0.581087 0.813415 0.026345 0.471390 0.310011 0.825642 -0.663422 -0.492189 0.563579
3.668525 -70.018710 689.941087 -771.552056 -0.561639 0.824794 0.065398 0.421817 0.217441 0.880222 -0.711781 -0.521953 0.470035
2.406471 -66.407161 -217.102780 -412.706993 -0.574756 0.817148 0.043876 0.409579 0.240839 0.879910 -0.708449 -0.523704 0.473111
4.708698 -75.612652 850.907310 -3710.993290 -0.583246 0.811524 0.035393 0.500420 0.324650 0.802609 -0.639846 -0.485831 0.595454
2.871012 -70.664487 -174.159867 -4228.082713 -0.590681 0.806825 0.011366 0.481379 0.341045 0.807442 -0.647588 -0.482412 0.589837
5.419132 -75.462625 586.079132 -4177.016541 -0.594087 0.804390 0.004158 0.554780 0.405981 0.726222 -0.582478 -0.433746 0.687448
-6.699630 -50.629511 -5534.848824 1307.375901 -0.367487 0.917262 0.153569 0.928879 0.370202 0.011585 -0.046225 0.146904 -0.988070
3.437162 -50.400142 -6396.862510 1240.433450 -0.407316 0.901599 0.145649 0.913124 0.405048 0.046269 -0.017279 0.151842 -0.988254
-1.740898 -52.337987 -5388.132029 -981.647325 -0.399239 0.904355 0.150832 -0.903614 -0.415965 0.102249 -0.155210 0.095472 -0.983257
-10.857246 -52.431130 -3426.326665 -511.452268 -0.360973 0.914275 0.183844 -0.911303 -0.387683 0.138665 -0.198051 0.117484 -0.973126
-8.057090 -42.894912 481.245267 -2095.639791 0.694181 -0.710569 -0.114916 -0.628675 -0.520772 -0.577550 -0.350544 -0.473169 0.808227
-6.420568 -43.626512 19.510039 2180.008910 0.718311 -0.692438 -0.067515 -0.616129 -0.588059 -0.523996 -0.323132 -0.417990 0.849041
-6.747568 -47.982610 111.379586 -3837.009243 0.666731 -0.735932 -0.117787 -0.652013 -0.499391 -0.570515 -0.361038 -0.457179 0.812797
-9.891544 -61.683815 515.032580 -9963.316627 0.650334 -0.746121 -0.142719 -0.641307 -0.438545 -0.629605 -0.407173 -0.500981 0.763694
-1.205614 -54.751924 -947.350679 1217.480515 -0.437528 0.897976 0.046992 0.186709 0.141844 -0.972121 0.879607 0.416556 0.229721
-0.317017 -55.839511 366.767098 1147.799969 -0.442333 0.896644 0.019279 0.197968 0.118583 -0.973009 0.874729 0.426577 0.229960
-1.097082 -55.151650 321.411341 495.902636 -0.440094 0.897896 0.010038 0.091614 0.056019 -0.994218 0.893266 0.436629 0.106913
0.072002 -57.357210 -208.579170 1096.241641 -0.450471 0.890774 0.059981 0.288407 0.208773 -0.934471 0.844925 0.403653 0.350952
-1.809439 -53.762807 -1045.593418 638.980281 -0.430003 0.902798 0.007292 0.081502 0.046860 -0.995571 0.899141 0.427504 0.093730
-1.270918 -55.825537 -1426.073305 550.806579 -0.446900 0.890134 0.089115 0.302388 0.244063 -0.921409 0.841927 0.384831 0.378238
2.725303 -169.452057 -972.133354 -7460.228312 0.879805 -0.395287 0.263992 -0.168140 -0.778277 -0.604991 -0.444604 -0.487886 0.751195
5.557380 -218.894706 -3160.688464 -10135.537667 0.872904 -0.414610 0.257170 -0.134058 -0.710640 -0.690666 -0.469112 -0.568410 0.675903
1.541790 -206.536657 -1746.696613 -24127.980537 0.875998 -0.427403 0.223503 -0.084416 -0.592109 -0.801424 -0.474869 -0.683179 0.554766
9.226137 -29.924181 2452.829868 -1361.802623 0.827505 -0.544988 -0.134993 0.551852 0.745203 0.374342 0.103415 0.384266 -0.917412
6.517220 -30.451454 -916.966144 -1975.423702 0.748634 -0.614646 -0.248511 0.660376 0.658111 0.361655 0.058742 0.434858 -0.898581
13.890378 -28.842946 1775.253686 -99.249889 0.762632 -0.613720 -0.204306 0.645438 0.701300 0.302636 0.042454 0.362666 -0.930952
8.886264 -31.378119 4570.277746 -535.739557 0.841011 -0.533866 -0.087680 0.527840 0.774126 0.349447 0.118683 0.340170 -0.932845
14.108986 -31.655235 5439.780954 96.204991 0.777899 -0.616994 -0.119125 0.624348 0.737418 0.257691 0.071149 0.274833 -0.958856
2.001427 -50.745565 -773.614596 1076.383639 0.605843 -0.790645 -0.088509 0.732833 0.511288 0.448932 -0.309693 -0.336845 0.889172
3.240350 -51.108505 -207.820422 -147.773416 0.589117 -0.800318 -0.111501 0.769122 0.513061 0.381077 -0.247776 -0.310257 0.917795
1.102325 -53.453437 1152.783115 1096.211976 -0.599211 0.795903 0.086510 0.706923 0.475288 0.523795 -0.375773 -0.375020 0.847440
0.729790 -51.480682 -443.408903 145.481495 0.623432 -0.777375 -0.083791 0.675999 0.482055 0.557358 -0.392884 -0.404117 0.826034
-0.657909 -55.542119 788.134499 1209.962778 -0.623814 0.778245 0.072050 0.633855 0.449825 0.629194 -0.457257 -0.438169 0.773902
-1.113399 -57.657749 421.360672 2463.914449 -0.617235 0.782205 0.084713 0.628550 0.425475 0.651072 -0.473228 -0.455111 0.754274
-6.766397 -41.312564 646.561574 204.343592 -0.383245 0.923367 0.022746 0.132143 0.030440 0.990763 -0.914145 -0.382710 0.133683
-8.151441 -43.170540 2231.008321 1364.864043 -0.379362 0.924702 -0.031800 0.044940 0.052744 0.997596 -0.924156 -0.377021 0.061565
-8.693781 -41.716192 1185.244821 803.497885 -0.394537 0.918381 0.030281 0.166959 0.039242 0.985183 -0.903584 -0.393747 0.168815
741.463080 195.996612 -5291527.865960 -196088.913721 -0.032030 0.837701 0.545189 0.638109 -0.402695 0.656243 -0.769280 -0.368909 0.521646
2609.049526 -12976.653374 -717422.169658 6723033.678153 0.556152 0.807820 -0.195247 -0.429988 0.480734 0.764202 -0.711200 0.341059 -0.614714
-339.254280 -2441.318989 1088695.480882 -235234.627547 -0.345543 -0.005163 0.938389 -0.353128 0.927196 -0.124931 -0.869426 -0.374541 -0.322209
-118.286324 -1526.325467 52294.029861 -680535.857088 0.978633 -0.111744 -0.172601 -0.060910 0.644208 -0.762421 -0.196387 -0.756643 -0.623637
-172.980383 -388.553867 24930.114770 116885.464771 -0.521827 -0.212520 -0.826155 -0.297293 0.953060 -0.057385 0.799571 0.215665 -0.560514
-203.984067 -310.613296 52866.162932 94086.726636 -0.259326 0.899082 0.352707 -0.568093 0.153335 -0.808553 0.781038 0.410049 -0.470999
-273.485095 -505.157862 28949.133109 148935.523939 0.054142 0.763067 0.644047 -0.343225 0.619915 -0.705622 0.937692 0.182849 -0.295467
-236.708606 -328.789965 11454.537907 45812.044342 -0.394393 -0.581346 -0.711682 -0.069273 0.791062 -0.607800 0.916327 -0.190412 -0.352261
-274.513068 -515.898609 45967.036715 137861.658598 0.162546 0.938779 0.303763 0.071876 0.295774 -0.952550 0.984080 -0.176666 0.019399
-242.357750 -407.943203 55960.762104 86770.578522 -0.181053 0.965247 0.188465 -0.000522 0.191538 -0.981485 0.983473 0.177799 0.034175
-52.080927 -78.119773 581.232829 2039.649099 0.130256 0.988019 -0.082771 0.893777 -0.153147 -0.421554 0.429180 0.019068 0.903018
-46.104929 -72.825887 -786.335893 5828.247007 0.277954 0.912230 -0.300961 0.778705 -0.397430 -0.485457 0.562460 0.099425 0.820825
-52.156779 -76.141924 -1503.363906 -124.842103 -0.326407 -0.590906 0.737759 0.904186 -0.422691 0.061486 0.275512 0.687140 0.672258
-50.210570 -74.951112 -1171.975094 -436.360341 -0.416357 -0.515425 0.748989 0.787155 -0.616613 0.013245 0.455010 0.595085 0.662450
-28.480003 -50.254155 -921.800755 -19921.597725 0.365670 0.904532 0.219332 0.471220 0.023300 -0.881708 0.802644 -0.425768 0.417714
-33.812624 -139.432062 -8188.053753 -42854.368456 0.485551 0.847616 -0.213980 0.273213 -0.379641 -0.883871 0.830419 -0.370702 0.415915
-67.464378 -189.971211 -14328.055875 -68574.615757 0.513891 0.856581 0.046751 0.442496 -0.217991 -0.869872 0.734924 -0.467706 0.491057
-4.481269 -30.142193 54.401528 373.868723 0.098488 -0.066003 -0.992947 -0.285482 0.953984 -0.091730 0.953310 0.292503 0.075113
-0.557758 -32.262797 -942.032749 -106.260268 0.057156 0.105738 -0.992750 -0.286485 0.954293 0.085148 0.956378 0.279542 0.084836
-3.554138 -35.930329 -1967.670541 -1086.142723 0.009902 0.259916 -0.965580 -0.369039 0.898411 0.238051 0.929361 0.353979 0.104815
-14.605498 -16.376554 3696.310760 424.540742 -0.498860 0.425866 -0.754836 -0.359133 0.691080 0.627242 0.788773 0.583992 -0.191810
-14.723599 -20.711845 865.596602 3177.481901 -0.505308 0.770015 0.389539 -0.332399 0.242895 -0.911325 0.796351 0.589982 -0.133215
-14.645587 -26.073828 1031.668313 1659.937162 -0.498852 0.757461 0.421189 -0.300479 0.304679 -0.903816 0.812932 0.577429 -0.075611
-3.282647 -41.475565 -1949.795742 717.611118 0.371989 0.829793 -0.416013 -0.395947 0.547204 0.737424 -0.839553 0.109595 -0.532108
-3.791569 -42.273799 -1457.391516 -1235.058331 0.382286 0.819290 -0.427341 -0.323182 0.551807 0.768806 -0.865685 0.155795 -0.475728
1.693700 -58.009111 83.656970 906.578797 0.494931 0.856210 -0.148149 0.843638 -0.514326 -0.154089 0.208130 0.048721 0.976887
1.919748 -58.590222 -612.531913 -1544.417427 0.535105 0.832564 -0.143174 0.789324 -0.553138 -0.266469 0.301047 -0.029578 0.953150
2.369474 -53.800359 -98.890885 621.051369 0.502935 0.852950 -0.139757 0.834549 -0.521295 -0.178268 0.224908 0.026976 0.974006
1.621754 -61.286581 311.049258 -1608.168881 0.525688 0.834441 -0.165410 0.790770 -0.551019 -0.266574 0.313584 -0.009333 0.949514
0.288554 -61.178062 845.177643 1801.705770 0.465592 0.871198 -0.155689 0.876301 -0.478430 -0.056578 0.123777 0.110088 0.986185
0.524948 -61.184318 413.004060 1210.173300 0.491618 0.857527 -0.151525 0.837644 -0.513245 -0.186902 0.238043 0.035040 0.970622
-7.937911 -70.138667 1466.966545 2817.705821 0.015744 -0.983641 -0.179450 0.995966 0.031285 -0.084104 0.088343 -0.177402 0.980165
-2.241041 -102.891210 5743.581493 8815.284312 0.146998 -0.954358 -0.259986 0.953253 0.066529 0.294759 -0.264009 -0.291161 0.919524
-3.451519 -86.226034 4072.273795 6396.417367 0.097553 -0.967868 -0.231766 0.992868 0.078608 0.089637 -0.068538 -0.238857 0.968633
4.810260 -141.777840 1080.246515 -2528.868982 0.177957 0.980504 0.083326 -0.961260 0.155099 0.227867 -0.210501 0.120648 -0.970120
1.596438 -84.078876 -1722.716679 -2888.570522 0.304828 0.912742 -0.271996 0.138235 0.240163 0.960840 -0.942322 0.330490 0.052965
-0.909710 -83.945387 31.238535 -745.178704 0.334424 0.911417 -0.239748 0.212989 0.174720 0.961306 -0.918039 0.372548 0.135691
-0.815289 -77.438769 -1580.337336 -4180.802610 0.300112 0.909836 -0.286585 -0.034226 0.310511 0.949953 -0.953290 0.275283 -0.124328
13.313667 -32.754185 2111.991256 2171.486503 0.620912 0.322293 0.714560 -0.190516 0.946281 -0.261260 -0.760376 0.026085 0.648959
17.151662 -39.840255 2953.254364 3536.281426 0.590940 0.495629 0.636507 -0.387949 0.866382 -0.314449 -0.707308 -0.061112 0.704259
18.153200 -43.658240 2193.192977 2100.029594 0.592187 0.382175 0.709406 -0.299939 0.921657 -0.246141 -0.747897 -0.067017 0.660423
9.731157 -26.046090 2125.785443 3615.612168 0.616850 0.417095 0.667479 -0.259713 0.908408 -0.327633 -0.742998 0.028747 0.668676
15.274526 -41.367207 -112.379547 1601.118457 0.590845 0.245817 0.768425 -0.133442 0.969110 -0.207412 -0.795673 0.020008 0.605396
11.203103 -23.158476 1278.625446 618.832896 0.647184 0.122156 0.752483 -0.001629 0.987298 -0.158874 -0.762332 0.101595 0.639162
16.143495 -30.212571 982.368069 838.931820 0.626402 0.113945 0.771127 0.030133 0.984979 -0.170022 -0.778917 0.129739 0.613560
-1.357713 -75.410702 -504.293428 4183.886196 0.097623 0.973829 0.205247 0.286432 -0.224999 0.931307 -0.953114 0.032128 0.300901
-1.372395 -94.539399 -340.913289 10754.744220 0.089722 0.985035 0.147162 0.154497 -0.159734 0.974995 -0.983911 0.064742 0.166517
-0.130669 -94.288405 -792.037780 7958.663078 0.079417 0.985759 0.148229 0.226223 -0.162641 0.960401 -0.970833 0.042740 0.235918
-0.261491 -78.893983 -160.268937 2612.291884 0.101086 0.974420 0.200718 0.301120 -0.222255 0.927324 -0.948213 0.033300 0.315884
2.117976 -93.632205 2363.675243 1487.807015 0.363954 0.892727 -0.265659 0.463740 0.073675 0.882903 -0.807764 0.444533 0.387179
-2.426220 -96.999846 2742.001530 -862.122012 0.347952 0.893379 -0.284259 0.359581 0.152843 0.920511 -0.865812 0.422508 0.268060
-4.417796 -98.471264 2710.435364 504.574421 0.368862 0.897058 -0.243367 0.528131 0.013183 0.849061 -0.764865 0.441716 0.468902
-0.964201 -268.331885 -281.320494 21027.138298 -0.395491 0.328995 -0.857525 0.918429 0.132815 -0.372625 -0.008699 -0.934945 -0.354686
-0.801507 -243.303116 -911.031473 -15030.612465 -0.405704 0.307816 -0.860612 0.864739 -0.175689 -0.470489 -0.296024 -0.935084 -0.194903
-3.315505 -258.573908 -193.320044 48239.601165 -0.418684 0.326319 -0.847479 0.826832 0.522918 -0.207136 0.375570 -0.787447 -0.488748
-9.143075 -124.248287 1140.603212 -9664.050669 0.352204 -0.424791 0.833969 0.404278 0.872699 0.273782 -0.844104 0.240728 0.479101
-8.617124 -170.626728 1095.501692 -18782.304914 0.322542 -0.476907 0.817635 0.604047 0.768753 0.210110 -0.728762 0.426121 0.536029
-11.444457 -162.837920 1800.486393 -21100.741690 0.308635 -0.477077 0.822886 0.643753 0.741646 0.188528 -0.700233 0.471550 0.536018
9.166864 -120.022375 -1111.992846 4727.471446 0.251460 -0.623440 0.740331 0.847717 -0.227251 -0.479304 0.467058 0.748117 0.471357
22.804187 -27.213244 -2465.435657 2353.164194 -0.463569 0.809004 0.361409 -0.483183 0.111093 -0.868443 0.742723 0.577210 -0.339397
16.808106 -35.492006 -2609.892511 1881.390781 -0.489397 0.838446 0.239790 -0.383132 0.040287 -0.922815 0.783390 0.543494 -0.301519
19.418654 -32.542216 -2030.400381 1191.105172 -0.498966 0.812880 0.300432 -0.386273 0.101721 -0.916758 0.775774 0.573480 -0.263239
-13.746092 -27.271808 -796.483127 -258.011234 -0.193755 0.979717 -0.051121 0.439118 0.040010 -0.897538 0.877288 0.196351 0.437964
-10.838002 -27.311211 -743.009356 76.335880 -0.207659 0.977457 -0.038143 0.498653 0.072231 -0.863787 0.841560 0.198393 0.502411
-2.627899 -117.785269 448.415480 7382.780991 -0.179410 -0.937333 -0.298694 0.972311 -0.215164 0.091188 -0.149742 -0.274063 0.949983
-25.259842 -90.847828 -3982.202960 26158.367432 -0.247971 0.321842 0.913744 0.203419 0.939473 -0.275701 -0.947170 0.117507 -0.298430
-11.340234 -136.447324 -2667.307460 32628.770067 -0.248812 0.347374 0.904115 0.041552 0.936440 -0.348359 -0.967660 -0.049107 -0.247431
-19.802137 -125.928198 1310.946138 21002.841621 -0.197437 0.168072 0.965801 0.016454 0.985623 -0.168157 -0.980178 -0.017309 -0.197364
-4.978758 -144.561468 2123.778451 14452.948352 -0.165548 0.275197 0.947027 -0.236840 0.921081 -0.309058 -0.957340 -0.275458 -0.087305
-39.838413 -88.252097 4273.608542 -2324.291273 -0.298320 -0.203837 0.932446 0.127717 0.959619 0.250637 -0.945883 0.193859 -0.260240
-28.419110 -127.075294 4504.933814 927.635817 -0.242133 -0.166779 0.955802 0.148820 0.967074 0.206446 -0.958762 0.192230 -0.209340
-11.383945 -73.283242 -1748.873047 4610.808471 -0.491343 -0.865474 0.097657 0.853772 -0.456436 0.250480 -0.172210 0.206448 0.963184
-10.945229 -66.525385 -1411.161290 2041.689786 -0.463224 -0.880305 0.102410 0.884454 -0.451858 0.116472 -0.056256 0.144529 0.987900
-8.560965 -71.333619 -1589.049716 3371.902585 -0.479382 -0.870075 0.114728 0.865436 -0.446981 0.226338 -0.145649 0.207793 0.967269
-20.090404 -38.071392 1347.611326 -5709.477710 -0.006203 0.705303 0.708879 0.472287 -0.622780 0.623771 -0.881423 -0.338664 0.329243
-20.228876 -34.656363 2663.482150 -3989.662120 -0.087022 0.763185 0.640293 0.403895 -0.560508 0.722980 -0.910657 -0.321527 0.259470
-21.581028 -44.208651 723.135505 4096.139198 -0.003481 0.606630 0.794977 -0.531136 0.672454 -0.515461 -0.847279 -0.424035 0.319862
51.761469 -105.494188 3281.010713 -1371.936680 -0.129822 0.421701 0.897393 0.743329 0.640363 -0.193384 -0.656207 0.641953 -0.396595
34.895285 -100.297803 -329.485318 846.703840 -0.191512 0.453895 0.870231 0.578203 0.768631 -0.273657 -0.793098 0.450762 -0.409646
-54.247213 -74.686729 1763.612244 -781.748397 -0.188155 -0.825548 0.532041 0.950267 -0.016139 0.311017 -0.248173 0.564101 0.787528
-51.510509 -73.359153 1668.650630 -2849.600574 -0.117662 -0.768746 0.628638 0.942984 0.111980 0.313436 -0.311347 0.629675 0.711739
-49.716943 -70.435291 891.530475 -4291.525877 -0.122471 -0.781725 0.611479 0.887235 0.189870 0.420434 -0.444765 0.594016 0.670320
18.534098 -18.944785 1218.971626 1419.407788 0.403810 0.588832 0.700153 -0.246785 0.807067 -0.536414 -0.880928 0.043822 0.471217
6.154110 -16.093506 -1868.810321 -344.378586 0.372304 0.624301 0.686759 -0.325134 0.780795 -0.533523 -0.869297 -0.024656 0.493674
18.947211 -22.454186 5345.921105 -1280.709455 0.331844 0.770399 0.544393 0.373040 -0.637225 0.674378 -0.866442 0.020708 0.498849
9.253690 -12.097654 -1846.796214 -1122.360636 0.472787 0.370952 0.799292 -0.178681 0.928587 -0.325267 -0.862871 0.010964 0.505306
41.336602 -26.083392 10482.835042 -2553.231587 0.359084 0.755495 0.547983 0.308761 -0.650243 0.694154 -0.880753 0.080064 0.466760
37.012921 -20.647076 8177.747865 1293.952548 0.440194 0.594404 0.672988 -0.201325 0.795766 -0.571161 -0.875041 0.115932 0.469960
10.525454 -47.961568 5821.658735 1041.521767 -0.358692 0.721501 0.592264 -0.757852 -0.595519 0.266489 -0.544977 0.353261 -0.760399
-1.936096 -48.539498 5330.857847 357.541067 -0.361839 0.712501 0.601178 -0.812169 -0.557516 0.171923 -0.457662 0.426049 -0.780402
-4.587503 -65.069018 -206.527104 2286.043380 -0.599411 0.796488 -0.079455 -0.240449 -0.084492 0.966977 -0.763472 -0.598722 -0.242160
-5.139522 -59.011337 447.091118 1141.350361 -0.568586 0.818257 -0.084644 -0.292770 -0.105126 0.950386 -0.768762 -0.565158 -0.299334
-4.434330 -59.785984 -102.985749 -1753.225193 -0.580733 0.806926 -0.107794 -0.399566 -0.167156 0.901336 -0.709293 -0.566507 -0.419493
-4.474538 -62.452008 -1514.031834 -1386.529323 -0.609482 0.784827 -0.112150 -0.379528 -0.164638 0.910414 -0.696053 -0.597445 -0.398208
-3.280130 -58.829221 -6.942658 -4917.299584 -0.560520 0.814147 -0.151598 -0.560305 -0.238031 0.793347 -0.609816 -0.529628 -0.589592
6.437317 -60.075875 972.614189 -1545.880829 -0.489002 0.849428 -0.198364 -0.451788 -0.441166 -0.775409 0.746166 0.289558 -0.599493
5.374212 -62.503960 1574.901569 -1516.927584 -0.497027 0.850118 -0.173964 -0.496181 -0.442907 -0.746751 0.711877 0.284837 -0.641949
7.099297 -64.110382 1400.633171 -1010.543732 -0.502436 0.841352 -0.199209 -0.571879 -0.496188 -0.653263 0.648469 0.214299 -0.730454
1.643801 -74.803165 871.972111 -11681.862501 -0.702618 0.707695 0.074129 -0.419813 -0.496392 0.759837 -0.574530 -0.502755 -0.645874
5.729319 -60.516513 1144.840463 -9291.172729 -0.682351 0.730400 0.030228 -0.513785 -0.508579 0.690921 -0.520022 -0.455920 -0.722298
2.952511 -63.493580 536.492675 6340.157492 0.668914 -0.739350 0.076906 0.535998 0.408060 -0.739049 -0.515033 -0.535582 -0.669248
7.154524 -57.889629 -191.009798 -4885.301541 -0.680800 0.731978 -0.026823 -0.547692 -0.484400 0.682195 -0.486359 -0.479129 -0.730678
0.210232 -138.779319 -607.683209 191.083323 -0.544521 0.833035 -0.097718 -0.587587 -0.295730 0.753184 -0.598531 -0.467542 -0.650511
-1.306422 -138.926591 -196.565643 -7231.044588 -0.510063 0.851108 -0.124301 -0.765650 -0.383415 0.516501 -0.391939 -0.358620 -0.847217
-2.518481 -125.065771 -87.490862 7977.066009 -0.490111 0.862189 -0.128148 0.846740 0.436023 -0.304821 -0.206938 -0.257904 -0.943749
2.480287 -73.134448 798.084168 3443.430372 -0.547838 0.832220 0.085340 0.320354 0.114455 0.940358 -0.772818 -0.542503 0.329307
1.010303 -70.028557 69.050852 3418.289054 -0.560579 0.825969 0.059392 0.325893 0.154110 0.932761 -0.761279 -0.542242 0.355569
8.622755 -51.531324 -3560.153767 -1013.488714 -0.429142 0.884387 0.183566 -0.891789 -0.447115 0.069284 -0.143348 0.133969 -0.980563
12.912213 -49.161916 -3516.984679 1073.377000 -0.440026 0.879314 0.182165 0.897828 0.434598 0.070922 -0.016806 0.194760 -0.980707
16.227609 -46.875916 -639.565463 1143.779872 -0.467314 0.855056 0.224713 0.883009 0.438840 0.166479 0.043736 0.276221 -0.960098
15.194619 -49.487136 16.427375 1032.580230 -0.456450 0.858422 0.234022 0.885231 0.464614 0.022342 -0.089551 0.217361 -0.971975
-8.326290 -44.983056 -773.399792 5464.910590 0.739275 -0.668997 -0.076912 -0.585857 -0.582642 -0.563293 -0.332029 -0.461488 0.822670
-7.568002 -43.024574 -510.418161 4471.009834 0.729796 -0.680576 -0.064909 -0.597300 -0.588533 -0.544850 -0.332611 -0.436400 0.836017
-7.891993 -41.672581 355.358481 -448.909358 0.734597 -0.672547 -0.089714 -0.581154 -0.555433 -0.594772 -0.350182 -0.489056 0.798872
-2.015960 -51.487438 -448.706690 -686.991425 -0.442941 0.895971 -0.032233 0.043536 -0.014415 -0.998948 0.895493 0.443878 0.032622
-3.086704 -51.606132 -898.591507 1208.830617 -0.441430 0.897258 0.008234 0.088453 0.052645 -0.994688 0.892925 0.438357 0.102604
-3.408267 -49.803874 -135.666450 -282.237525 -0.448804 0.891050 -0.067860 0.059295 -0.046076 -0.997177 0.891661 0.451561 0.032156
13.515712 -54.599950 13246.736706 -6059.600611 0.478414 -0.427462 -0.767070 0.610463 -0.466020 0.640438 -0.631233 -0.774662 0.037999
37.174980 -46.682519 13239.682384 -5634.252121 0.451150 -0.479105 -0.752943 0.548460 -0.516715 0.657418 -0.704028 -0.709552 0.029654
49.342500 -53.355826 18463.621947 -3484.759797 0.485880 -0.453474 -0.747183 0.638443 -0.399695 0.657749 -0.596917 -0.796621 0.095313
41.666735 -55.258039 21305.350949 -1693.172974 0.502975 -0.400442 -0.765939 0.692468 -0.343605 0.634368 -0.517208 -0.849460 0.104469
7.034827 -54.784061 12054.940691 -300.517788 0.481852 -0.429379 -0.763840 0.713677 -0.313469 0.626420 -0.508412 -0.846977 0.155392
4.632945 -345.092769 -4258.989788 -72697.422605 0.874940 -0.453158 0.170670 -0.048817 -0.433204 -0.899973 -0.481764 -0.779091 0.401150
3.014104 -419.291589 2027.219455 -81561.848842 0.892845 -0.376940 0.246464 0.223128 0.845601 0.484945 -0.391206 -0.377988 0.839097
5.707030 -277.753814 -3402.333163 -3967.770021 0.881595 -0.421636 0.212164 -0.098313 -0.603664 -0.791154 -0.461654 -0.676619 0.573640
-2.951831 -179.513230 645.415883 -16264.032932 0.889464 -0.388697 0.240351 0.014306 -0.501987 -0.864757 -0.456782 -0.772608 0.440939
