18719
37429
-37.026575 -56.312954 942.544575 5259.499703 0.280584 0.925586 -0.254092 0.830836 -0.366766 -0.418563 0.480608 0.093667 0.871919
-42.844538 -66.018769 777.278837 4012.920649 0.116197 0.974890 -0.189968 0.917100 -0.178746 -0.356339 0.381348 0.132814 0.914841
-40.359710 -72.153086 -2385.686701 12721.348833 -0.208439 0.976426 0.056074 0.865811 0.210885 -0.453761 0.454890 0.046032 0.889357
-35.892863 -58.675975 352.518769 3524.402089 0.389225 0.839112 -0.379994 0.806930 -0.509559 -0.298686 0.444260 0.190372 0.875438
-31.755653 -49.857270 -1073.179909 7455.641494 0.240148 0.953659 -0.181283 0.795788 -0.300352 -0.525843 0.555923 0.017982 0.831039
-29.637781 -48.853235 679.439350 3683.599600 0.534167 0.718040 -0.446188 0.650017 -0.686310 -0.326276 0.540503 0.115744 0.833343
51.233573 -84.842427 -5263.279771 -7792.260926 0.339651 0.924754 -0.171659 -0.492427 0.019342 -0.870139 0.801344 -0.380073 -0.461943
51.013376 -66.909500 -2590.537306 -13554.767441 0.319150 0.937927 -0.135782 -0.328644 -0.024851 -0.944127 0.888896 -0.345942 -0.300312
56.754532 -81.499858 1164.669215 -12880.044483 0.212321 0.974647 -0.070584 -0.440981 0.031105 -0.896977 0.872041 -0.221573 -0.436405
56.180984 -99.759864 -1092.621209 -6235.905716 0.235821 0.964575 -0.118248 -0.653003 0.067169 -0.754371 0.719705 -0.255113 -0.645711
44.562781 -90.023627 -6488.000047 -2744.605647 0.356707 0.910844 -0.207661 -0.626472 0.068321 -0.776444 0.693031 -0.407057 -0.594989
-5.653890 -74.251066 5387.658406 -38057.144318 -0.071841 0.973704 0.216195 0.758808 0.194033 -0.621741 0.647341 -0.119384 0.752793
-8.346651 -50.471534 -177.520601 -15897.406039 -0.026803 0.975824 0.216908 0.642757 0.183008 -0.743889 0.765601 -0.119481 0.632123
-9.467366 -19.453923 -1649.256526 -11364.830101 -0.199801 0.868759 0.453141 0.653634 0.462703 -0.598889 0.729960 -0.176530 0.660300
1.561853 -15.642335 7221.348593 -5467.880403 0.557358 -0.347833 -0.753900 0.385736 0.912552 -0.135856 0.735228 -0.215086 0.642790
-27.152120 -52.237732 -2837.094648 -36771.432875 0.054350 0.933352 0.354824 0.763885 0.189984 -0.616754 0.643060 -0.304565 0.702648
-46.660378 -333.895895 -12707.580573 -155759.613757 0.225512 0.953013 0.202265 0.811216 -0.068713 -0.580695 0.539511 -0.295034 0.788595
-31.309586 -162.072459 20077.351844 -72371.973240 0.095563 0.962552 -0.253695 0.710519 -0.244454 -0.659852 0.697158 0.117198 0.707273
1.008672 -10.472546 -4275.668643 -201.582111 0.541817 -0.753941 0.371493 0.797601 0.321818 -0.510162 0.265079 0.572718 0.775711
0.449974 -10.278210 -4304.160794 456.114137 0.833918 -0.542591 0.100877 -0.467129 -0.596615 0.652565 0.293891 0.591308 0.750988
5.796552 -14.428428 -4040.610902 891.171402 0.704662 -0.669141 0.236011 -0.649500 -0.474391 0.594224 0.285658 0.572016 0.768893
8.053060 -14.275971 -3121.415253 -1236.536192 0.619363 -0.727362 0.295523 0.735827 0.406539 -0.541558 0.273768 0.552874 0.787008
22.952237 -51.272636 1817.769936 6607.060817 0.201172 0.803101 -0.560856 0.216936 -0.594871 -0.773995 0.955232 -0.034036 0.293892
24.390032 -60.845067 419.785886 7029.004271 0.264959 0.781334 -0.565079 0.269441 -0.622672 -0.734630 0.925850 -0.042391 0.375505
20.784522 -64.176573 1097.023515 6424.939376 0.210975 0.789499 -0.576351 0.332915 -0.612407 -0.717025 0.919053 0.040602 0.392038
26.987290 -44.763834 -196.887498 6201.138501 0.269050 0.790008 -0.550907 0.170862 -0.602077 -0.779942 0.947849 -0.115715 0.296971
16.943089 -55.755926 2923.130425 6341.240466 0.157585 0.800672 -0.578006 0.272380 -0.597856 -0.753908 0.949198 0.038632 0.312300
24.385376 -35.988087 1999.618183 5423.226337 0.202327 0.808324 -0.552879 0.125310 -0.581283 -0.803994 0.971268 -0.093389 0.218900
18.040267 -42.459059 3876.004689 5967.378662 0.149903 0.811630 -0.564611 0.165680 -0.583610 -0.794953 0.974720 -0.025621 0.221956
71.520393 -69.384482 -6969.612887 -3620.920137 -0.317694 0.886368 0.336781 0.452809 0.453887 -0.767431 0.833087 0.091311 0.545553
74.539006 -60.361923 -2321.845706 -2944.448036 -0.439642 0.853741 0.279001 0.386693 0.460285 -0.799128 0.810668 0.243442 0.532497
64.582037 -77.657113 -1495.384942 -549.689511 -0.364751 0.842731 0.395931 0.264763 0.501548 -0.823620 0.892669 0.195588 0.406064
56.928787 -86.336069 -7882.483110 -251.642820 -0.219609 0.872923 0.435634 0.312613 0.485954 -0.816163 0.924146 0.043052 0.379607
55.776504 -79.131389 -9336.609424 -4269.713315 -0.191175 0.898414 0.395352 0.500281 0.435723 -0.748240 0.844494 -0.054742 0.532760
78.827959 -60.347499 -12387.799261 -6593.412094 -0.244586 0.926663 0.285435 0.621295 0.375782 -0.687591 0.744426 -0.009164 0.667642
26.926058 -38.587355 4861.938068 1026.107001 -0.072563 0.947045 0.312795 -0.894185 0.077144 -0.441002 0.441779 0.311697 -0.841235
26.362520 -41.172747 6106.539425 886.873136 -0.115964 0.943339 0.310907 -0.844565 0.071091 -0.530713 0.522745 0.324125 -0.788467
19.729586 -38.461597 5717.986461 1155.926717 -0.133242 0.936364 0.324761 -0.873028 0.044213 -0.485662 0.469115 0.348236 -0.811580
13.256874 -40.059328 6282.234237 309.179715 -0.181736 0.927991 0.325276 -0.815580 0.042554 -0.577078 0.549365 0.370164 -0.749117
15.208719 -35.460317 4207.949507 1336.881164 -0.107879 0.936051 0.334920 -0.913846 0.039288 -0.404156 0.391469 0.349665 -0.851168
8.557322 -37.508486 5380.909277 1387.320363 -0.168985 0.922724 0.346445 -0.876849 0.019771 -0.480359 0.450089 0.384954 -0.805749
-10.121773 -49.101860 348.612923 -7101.732251 0.282815 0.938443 -0.198345 -0.452221 -0.051905 -0.890394 0.845879 -0.341513 -0.409704
-10.158404 -49.358966 1330.882492 -2627.103380 0.241905 0.942198 -0.231829 -0.569734 -0.055474 -0.819955 0.785420 -0.330431 -0.523383
-8.873018 -48.349797 870.628898 -7325.828196 0.269694 0.944108 -0.189537 -0.449726 -0.050554 -0.891735 0.851476 -0.325736 -0.410956
-10.066784 -46.560289 625.897693 -729.887333 0.302580 0.944273 -0.129588 -0.393900 0.000080 -0.919153 0.867922 -0.329162 -0.371973
2.918882 -65.845860 -439.383521 -1748.165254 0.281737 0.950967 -0.127615 -0.872284 0.309257 0.378788 -0.399681 -0.004598 -0.916643
1.030481 -63.761516 -1624.984754 -1100.933353 0.251469 0.958181 -0.136573 -0.871794 0.285533 0.398053 -0.420403 -0.018965 -0.907139
0.923358 -62.318071 -741.945634 439.148543 0.279049 0.950903 -0.133848 -0.912192 0.306042 0.272477 -0.300062 -0.046061 -0.952807
3.356928 -67.456853 -1479.746425 -2880.793224 0.245269 0.960967 -0.128010 -0.820267 0.276088 0.500937 -0.516726 0.017862 -0.855965
2.944197 -60.722414 -100.094087 -1219.471777 0.300371 0.944588 -0.132402 -0.912064 0.325064 0.249946 -0.279135 -0.045682 -0.959165
4.552278 -70.254188 40.271048 -3313.796611 0.281110 0.953458 -0.109063 -0.820634 0.297743 0.487760 -0.497531 0.047613 -0.866138
4.531528 -65.577528 481.605817 -3441.449849 0.305631 0.944883 -0.117413 -0.878463 0.327392 0.348019 -0.367278 0.003223 -0.930106
-12.059085 -80.724497 98.278720 -2370.103715 0.218345 0.969639 -0.110115 -0.848354 0.244369 0.469658 -0.482308 0.009131 -0.875954
-10.627101 -86.112033 -1627.670835 -2155.699801 0.175604 0.975708 -0.130986 -0.802097 0.218948 0.555610 -0.570792 -0.007496 -0.821060
-13.180568 -84.958323 213.637299 -2715.225777 0.213160 0.972787 -0.090825 -0.758220 0.223335 0.612556 -0.616170 0.061707 -0.785192
-8.861222 -83.038889 -1361.638495 -1288.359279 0.191698 0.972116 -0.135065 -0.897108 0.229371 0.377606 -0.398056 -0.048782 -0.916063
-14.298899 -81.908080 -294.198915 -1128.252699 0.233740 0.968167 -0.089546 -0.836239 0.247163 0.489504 -0.496054 0.039535 -0.867391
-11.800017 -79.940626 131.172636 -343.479919 0.234394 0.965603 -0.112565 -0.904664 0.259045 0.338348 -0.355869 -0.022527 -0.934264
-31.345519 -42.869699 -4399.358963 3548.120246 0.268713 0.963051 -0.018080 0.957696 -0.265117 0.111941 -0.103012 0.047395 0.993550
-28.380668 -40.266724 -2761.507281 3070.756201 -0.337206 -0.934560 0.113535 0.941253 -0.332341 0.059928 -0.018274 0.127073 0.991725
-21.339733 -44.231202 -5328.447822 2843.772191 -0.139657 -0.982180 0.125771 0.984917 -0.124684 0.119968 -0.102148 0.140628 0.984779
-31.808438 -49.289765 -1873.547397 4119.608796 0.325458 0.945521 0.008193 0.919622 -0.318535 0.229850 -0.219938 0.067273 0.973191
-30.242016 -43.215067 -7335.743060 3690.951329 0.169425 0.985087 0.029982 0.976448 -0.171907 0.130371 -0.133581 -0.007188 0.991012
-18.072719 -46.383276 7103.433145 2198.744301 0.117329 0.984289 -0.131942 0.971804 -0.086434 0.219375 -0.204524 0.153961 0.966678
-25.657185 -38.557777 -7179.210679 772.216202 -0.005957 0.999872 0.014839 0.997866 0.004979 0.065102 -0.065020 -0.015195 0.997768
18.094873 -29.585725 -2425.913623 1026.526445 0.169934 0.947177 -0.271990 0.983470 -0.145494 0.107784 0.062518 -0.285811 -0.956245
19.470529 -35.495474 -627.036412 2360.152553 0.059262 0.969782 -0.236666 0.998237 -0.056776 0.017310 0.003350 -0.237274 -0.971437
14.628427 -28.784204 -2936.889736 1629.001291 0.072776 0.954678 -0.288605 0.997346 -0.068986 0.023296 0.002331 -0.289535 -0.957165
25.133369 -113.221170 -11944.595212 -6517.985696 0.714701 -0.447376 0.537640 0.340836 0.894007 0.290830 -0.610765 -0.024610 0.791430
1.952498 -115.686558 -660.129474 -2870.520330 0.711115 -0.479260 0.514418 0.447312 0.872888 0.194880 -0.542428 0.091523 0.835102
23.348336 -121.205812 -9379.120170 5684.029717 0.726327 -0.425146 0.540093 0.481169 0.875613 0.042173 -0.490842 0.229244 0.840548
98.323356 -123.715840 -38536.568415 13890.172124 0.766892 -0.287972 0.573541 0.319579 0.946351 0.047844 -0.556549 0.146600 0.817779
-18.883775 -81.898831 1581.051428 -2761.632923 0.313169 0.946663 0.075858 0.949559 -0.313485 -0.008013 0.016194 0.074541 -0.997086
-16.579247 -81.462104 -854.839894 -3563.297331 0.311622 0.946493 0.083917 0.949532 -0.313510 0.010004 0.035778 0.076564 -0.996423
-17.559598 -86.825849 107.020968 4237.088907 0.323003 0.943184 0.077928 -0.933391 0.331086 -0.138430 0.156366 0.028024 -0.987302
-3.373240 -198.713153 1213.567139 -4346.507260 0.649270 -0.224535 0.726658 0.693211 -0.218365 -0.686859 0.312901 0.949684 0.013872
-4.975669 -195.166534 841.552092 -11687.042048 0.651147 -0.217099 0.727238 -0.556351 0.515212 0.651944 0.516218 0.829111 -0.214695
-6.015228 -200.766824 1088.263662 -2694.103131 0.654371 -0.212256 0.725773 0.674726 -0.269419 -0.687138 0.341386 0.939341 -0.033085
-5.551859 -192.322798 329.322325 -16548.780538 0.654112 -0.201618 0.729032 0.749268 0.040688 -0.661016 0.103610 0.978619 0.177680
-9.654751 -197.182157 1953.774888 -16861.129816 0.656081 -0.199568 0.727825 0.746294 0.028108 -0.665023 0.112260 0.979481 0.167377
-0.338940 -147.146418 -1080.545745 -908.686460 0.758440 -0.324714 0.565093 -0.068602 0.822457 0.564676 -0.648122 -0.467039 0.601508
0.267609 -145.546442 -1861.199996 2205.362022 0.742574 -0.289814 0.603815 0.265865 -0.699914 -0.662900 -0.614736 -0.652786 0.442686
-1.419673 -155.861203 -651.183756 1880.562850 0.760527 -0.330483 0.558909 -0.054508 0.825245 0.562138 -0.647014 -0.457986 0.609608
-28.681308 -107.854582 2066.938358 -2502.643335 0.902418 -0.310862 0.298341 -0.210175 0.286860 0.934633 0.376124 0.906133 -0.193532
-29.707148 -104.634158 -1339.601901 -2963.746254 0.921901 -0.235642 0.307526 -0.261492 0.207236 0.942696 0.285869 0.949487 -0.129432
-30.846304 -107.191765 3004.836602 1136.469009 0.909443 -0.314120 0.272474 -0.274438 0.038878 0.960819 0.312406 0.948587 0.050849
-29.588365 -102.109983 5457.869909 6084.895893 0.906402 -0.353454 0.231311 -0.312150 -0.191514 0.930529 0.284600 0.915638 0.283920
-26.030805 -109.258727 4657.582810 3222.345720 0.881978 -0.395923 0.255657 -0.296782 -0.045186 0.953876 0.366109 0.917171 0.157356
-28.036460 -111.398713 3607.692811 -1560.513409 0.885333 -0.373889 0.276392 -0.223124 0.179889 0.958048 0.407923 0.909861 -0.075838
3.753275 -225.818874 -1160.763773 -21426.874548 -0.585579 0.122279 -0.801339 -0.249531 0.913363 0.321718 0.771253 0.388351 -0.504334
3.345932 -274.758165 1129.134099 -34268.243865 0.595328 -0.138143 0.791518 -0.473510 0.735547 0.484519 0.649132 0.663239 -0.372480
4.179340 -256.234369 -924.381388 -16481.854261 -0.604843 0.129716 -0.785709 -0.362647 0.833536 0.416779 0.708980 0.537021 -0.457117
4.040531 -223.818454 -285.342494 -12815.809711 -0.599246 0.100983 -0.794170 -0.080127 0.979466 0.185005 0.796545 0.174498 -0.578850
2.722349 -193.268528 -650.014892 -10872.831931 -0.586762 0.094722 -0.804200 0.002022 0.993303 0.115519 0.809757 0.066156 -0.583025
13.679653 -116.744701 -739.074391 -5238.394379 0.678214 -0.470137 0.564798 -0.413671 0.390986 0.822196 0.607373 0.791266 -0.070690
11.216052 -117.513766 369.313896 -5859.250100 0.664731 -0.485033 0.568221 -0.323476 0.498731 0.804134 0.673421 0.718339 -0.174625
12.088014 -122.680407 634.827190 -3413.402820 0.667008 -0.486919 0.563925 -0.490879 0.282187 0.824263 0.560481 0.826608 0.050797
-2.357694 -53.191753 2329.418419 -3563.302403 -0.902726 -0.016105 -0.429914 0.157871 0.917185 -0.365852 0.400203 -0.398135 -0.825425
-7.482620 -58.159288 2315.396180 -4464.798710 -0.904529 -0.018554 -0.426008 0.113278 0.952700 -0.282014 0.411091 -0.303347 -0.859642
-8.238280 -58.806760 1823.480339 -3882.485001 -0.872304 0.100996 -0.478420 0.250869 0.932283 -0.260603 0.419703 -0.347346 -0.838570
0.721894 -51.882899 -2321.789581 -1709.580461 0.885475 -0.068106 0.459669 0.264437 0.887265 -0.377934 0.382108 -0.456204 -0.803661
30.343637 15.142660 9548.413673 -9728.232014 0.412457 0.810825 0.415262 0.910846 -0.359317 -0.203103 -0.015470 0.462011 -0.886739
31.454572 1.466607 8707.629840 -9277.472427 0.588118 0.726518 0.355371 0.808535 -0.517448 -0.280211 -0.019693 0.452127 -0.891736
16.380442 6.513369 7603.904942 8728.771770 0.745783 0.578108 0.331057 -0.666070 0.656465 0.354125 0.012605 0.484608 -0.874641
17.079675 12.671189 11682.974992 4580.033970 -0.227787 0.851857 0.471649 0.972317 0.173085 0.156977 0.052087 0.494349 -0.867701
28.449941 -48.229367 21062.825276 1564.158808 -0.840082 0.464568 0.280069 0.180794 0.726561 -0.662890 -0.511444 -0.506247 -0.694362
64.752175 -49.089495 -20336.987561 1641.853345 0.902448 -0.340158 -0.264349 0.096649 0.757847 -0.645234 -0.419818 -0.556741 -0.716793
40.639130 -46.411984 21319.690393 1382.808024 -0.874249 0.383746 0.297367 0.163806 0.809774 -0.563412 -0.457007 -0.443852 -0.770805
6.457477 -44.892730 14501.488617 1852.672920 -0.848793 0.474849 0.232527 0.272851 0.770093 -0.576635 -0.452882 -0.425999 -0.783213
-9.307165 -24.699205 -220.815219 1079.209496 -0.495347 0.735897 0.461614 0.550882 0.676978 -0.488089 0.671685 -0.012521 0.740731
-10.119835 -25.006402 -499.713651 552.598313 -0.392714 0.835114 0.385176 0.584594 0.550003 -0.596445 0.709948 0.009061 0.704196
-10.186403 -23.213384 144.862453 768.398394 -0.456377 0.789527 0.410325 0.554985 0.613035 -0.562299 0.695494 0.028896 0.717951
-8.471592 -25.909487 -804.237222 1119.905583 -0.426047 0.795859 0.430225 0.589132 0.604956 -0.535678 0.686592 -0.025235 0.726605
-9.727169 -23.634366 397.599544 1280.229418 0.541062 -0.693539 -0.475663 0.518390 0.720414 -0.460734 0.662211 0.002707 0.749312
-6.952847 -26.028598 -431.025573 -125.887416 -0.482298 0.743684 0.462950 0.600964 0.665398 -0.442818 0.637363 -0.064645 0.767848
-8.607074 -26.144796 667.948171 492.093160 0.551743 -0.670887 -0.495469 0.547771 0.739479 -0.391302 0.628909 -0.055505 0.775495
-53.851778 -572.199901 -831.253936 -118566.499769 0.253814 -0.553692 0.793098 -0.108636 0.798442 0.592190 -0.961133 -0.236465 0.142505
-62.127514 -1798.390060 5521.456759 -749301.183454 0.399126 -0.557374 0.728033 -0.398727 0.609501 0.685219 -0.825661 -0.563775 0.021028
-67.857959 -2239.828988 -8835.711761 -946974.659452 -0.317669 0.709675 -0.628846 0.195150 0.697934 0.689061 -0.927903 -0.096174 0.360205
-40.766292 -648.943446 7193.465642 -148897.718836 0.419057 -0.475988 0.773193 -0.187121 0.788016 0.586529 -0.888469 -0.390470 0.241156
-68.414073 -1253.951932 17400.965769 51472.228273 0.381206 -0.636495 0.670489 0.516385 0.748167 0.416644 -0.766830 0.187403 0.613882
-8.588510 -46.299429 236.172372 2129.381739 0.261813 0.964505 -0.034404 0.877382 -0.252711 -0.407846 0.402064 -0.076594 0.912402
-7.855098 -51.686560 455.400020 -1492.764653 0.264475 0.964067 -0.025066 0.859705 -0.247463 -0.446843 0.436989 -0.096629 0.894261
-7.574128 -50.003882 29.474397 -2465.444772 0.280359 0.959000 -0.041448 0.854630 -0.269041 -0.444100 0.437043 -0.089085 0.895018
-9.067357 -49.166552 1145.946680 2956.345565 0.215927 0.976359 -0.009903 0.896025 -0.202170 -0.395305 0.387962 -0.076484 0.918497
20.531561 -43.129818 15711.443464 603.177007 -0.868371 0.406115 0.284609 0.231905 0.839835 -0.490812 -0.438351 -0.360205 -0.823469
45.960916 -42.612675 -15134.849787 402.296883 0.918939 -0.305488 -0.249456 0.160187 0.867069 -0.471732 -0.360404 -0.393533 -0.845719
-2.157556 -45.320945 4310.588190 -2475.920902 0.119495 0.953984 -0.275018 -0.192733 0.294023 0.936165 -0.973948 0.058863 -0.218998
-2.555215 -53.775905 1629.587040 -3866.509741 0.072943 0.994059 -0.080780 -0.099823 0.087866 0.991118 -0.992328 0.064232 -0.105639
-1.507574 -40.009185 -183.055750 -3306.326579 0.078600 0.974767 -0.208931 -0.172993 0.219737 0.960099 -0.981782 0.039320 -0.185899
1.027035 -32.137586 2102.566710 -1959.960668 0.139646 0.895762 -0.422030 -0.228259 0.443848 0.866543 -0.963533 0.024677 -0.266448
2.680432 -35.539226 6059.857497 -1185.261316 0.194647 0.830928 -0.521221 -0.251251 0.555893 0.792374 -0.948149 0.023276 -0.316974
-50.425470 -150.852883 -9557.814115 -55278.429680 -0.102971 0.918654 -0.381408 -0.764480 0.172228 0.621215 -0.636371 -0.355546 -0.684558
-32.120749 -206.650035 3235.695696 -101656.973111 0.008948 0.851008 -0.525076 -0.826159 0.302125 0.475586 -0.563366 -0.429541 -0.705772
-117.314230 -736.117120 28420.258498 319018.460998 0.084040 0.902302 -0.422834 -0.111175 0.430176 0.895873 -0.990241 0.028281 -0.136465
-189.681877 -1580.501239 -21499.487550 883260.198369 -0.129235 0.932967 -0.335963 0.036066 0.343002 0.938642 -0.990958 -0.109189 0.077976
-144.531732 -446.280657 -39572.118807 185939.889839 -0.136344 0.940369 -0.311636 -0.265090 0.268471 0.926094 -0.954535 -0.208879 -0.212678
4.530470 -7.300642 -1590.439295 918.022034 -0.238569 -0.744091 0.624030 0.955697 -0.293980 0.014826 0.172420 0.599920 0.781260
2.490373 -15.657454 340.015421 4009.900173 0.194490 -0.796768 0.572131 0.970018 0.069568 -0.232865 0.145737 0.600267 0.786410
5.309062 -10.891055 -2350.743737 -137.952303 -0.286852 -0.722048 0.629573 0.940684 -0.336604 0.042558 0.181188 0.604438 0.775775
10.577225 -8.220883 -2236.551357 -1383.870713 -0.506614 -0.644586 0.572584 0.847465 -0.494445 0.193204 0.158574 0.583124 0.796756
8.582933 -4.303175 -4418.698132 -1277.375257 -0.538340 -0.613018 0.578272 0.828625 -0.510056 0.230702 0.153527 0.603367 0.782546
7.415592 -58.217619 4685.937802 -8014.674792 0.774780 0.536279 0.334844 -0.612705 0.506290 0.606847 -0.155911 0.675334 -0.720844
-1.862474 -58.172526 2012.517548 -6318.179997 0.865106 0.452485 0.216448 -0.471776 0.587472 0.657498 -0.170351 0.670920 -0.721697
9.218862 -72.916857 5558.230954 -10030.431018 0.822587 0.488454 0.291143 -0.526408 0.460485 0.714736 -0.215049 0.741192 -0.635915
30.090356 -77.639851 9245.204628 -9811.085372 0.697590 0.584720 0.414090 -0.667145 0.319298 0.673027 -0.261314 0.745756 -0.612832
17.567820 -59.299593 7298.470193 9880.573818 0.662136 0.617474 0.424620 0.727969 -0.395503 -0.560034 -0.177868 0.679929 -0.711379
3.286994 -46.097460 4731.829912 -5926.726895 0.706619 0.590409 0.390008 -0.696592 0.483612 0.529980 -0.124293 0.646170 -0.753004
-8.785398 -48.082379 254.393223 -10729.905860 -0.165138 -0.523627 0.835789 0.773692 0.456775 0.439041 -0.611662 0.719146 0.329695
-9.377408 -53.646952 301.699446 -8837.703104 -0.194075 -0.556345 0.807970 0.802959 0.383064 0.456638 -0.563552 0.737389 0.372380
-10.708032 -54.751806 649.319360 1059.970015 -0.201697 -0.539118 0.817723 0.877034 0.272268 0.395830 -0.436039 0.797008 0.417909
0.282599 -56.125203 -869.484614 403.882262 -0.157419 -0.678356 0.717672 0.215351 0.685662 0.695336 -0.963765 0.264010 0.038149
1.542645 -53.181998 432.716537 566.964260 -0.129300 -0.656664 0.743017 0.180927 0.721106 0.668784 -0.974960 0.220906 0.025569
1.466413 -62.230777 -609.040749 5032.385206 -0.146744 -0.608800 0.779634 0.138543 0.767748 0.625595 -0.979424 0.199815 -0.028317
-0.335999 -65.224512 -555.666498 5655.831138 -0.142542 -0.638133 0.756616 0.167908 0.737752 0.653857 -0.975443 0.220244 0.001986
-3.288505 -64.931810 1007.831989 3299.890439 0.152915 0.683399 -0.713851 0.226144 0.678981 0.698458 -0.962017 0.268238 0.050721
-1.285752 -59.745271 1563.139591 -95.851146 0.172867 0.714809 -0.677617 0.333739 0.604767 0.723101 -0.926680 0.351148 0.134015
-14.127112 -34.546926 786.442384 854.045923 0.199941 0.133387 -0.970686 0.977101 -0.100739 0.187419 -0.072787 -0.985931 -0.150474
-17.753086 -31.359115 1460.682371 4107.063394 0.460765 0.061768 -0.885370 0.881369 -0.149112 0.448279 -0.104330 -0.986889 -0.123146
-12.794687 -35.981922 235.716704 5343.731696 0.346014 0.102598 -0.932603 0.929541 -0.172448 0.325906 -0.127388 -0.979661 -0.155038
-12.102743 -40.513282 269.576884 3635.991053 0.267189 0.148419 -0.952146 0.955361 -0.170072 0.241581 -0.126078 -0.974191 -0.187236
-13.644287 -63.152461 -1423.142820 1480.543667 -0.178152 -0.523315 0.833309 0.121971 0.828581 0.546422 -0.976414 0.198986 -0.083784
-14.326605 -64.357053 -2132.324883 9671.675589 -0.172039 -0.509555 0.843063 0.297097 0.789135 0.537587 -0.939221 0.342957 0.015625
-12.080873 -65.511737 -3621.260950 12220.898665 -0.214211 -0.531099 0.819785 0.259680 0.778101 0.571949 -0.941637 0.335399 -0.028762
-13.017049 -64.511454 -1909.758651 2184.886298 -0.227605 -0.539584 0.810583 0.112010 0.812398 0.572244 -0.967290 0.221039 -0.124467
-15.607380 -64.629898 -568.450024 -10674.525638 -0.191755 -0.559408 0.806408 -0.080405 0.827847 0.555161 -0.978144 0.041616 -0.203723
-15.937070 -63.938379 -266.135146 -8731.433561 -0.139544 -0.514627 0.845982 -0.086628 0.857410 0.507290 -0.986419 -0.002496 -0.164227
10.167349 -115.186183 -194.998159 3523.636277 0.504905 -0.643923 -0.574834 0.847735 0.495312 0.189765 0.162528 -0.583121 0.795961
9.909832 -105.898601 -882.673615 -3328.734887 0.463455 -0.662394 -0.588594 0.837291 0.544806 0.046161 0.290092 -0.514218 0.807110
8.609270 -106.503276 -1336.857262 1490.552214 0.523818 -0.622498 -0.581473 0.840260 0.489719 0.232675 0.139919 -0.610468 0.779584
10.157819 -122.696273 -254.658315 9106.458802 0.576450 -0.599239 -0.555534 0.817112 0.417886 0.397114 -0.005816 -0.682850 0.730535
9.766700 -104.941945 -870.696088 5714.593640 0.567607 -0.594227 -0.569839 0.823289 0.413156 0.389226 0.004144 -0.690070 0.723731
2.334459 -47.880264 52.962084 299.071768 0.395625 0.446689 -0.802465 0.240968 0.792655 0.560029 0.886237 -0.414929 0.205956
1.520248 -49.190276 137.141310 1402.218669 0.397562 0.442240 -0.803970 0.323271 0.752505 0.573787 0.858743 -0.488016 0.156204
1.296213 -46.221251 -187.857173 -37.366678 0.406878 0.455670 -0.791717 0.224212 0.790373 0.570123 0.885539 -0.409483 0.219419
1.782908 -46.796707 -133.733941 -797.669241 0.404634 0.464646 -0.787639 0.142156 0.818868 0.556099 0.903362 -0.336985 0.265290
2.382554 -47.493073 37.848535 -258.616080 0.396020 0.461814 -0.793660 0.162131 0.815579 0.555468 0.903815 -0.348653 0.248111
5.713673 -41.793143 4011.502905 -988.599164 0.216443 0.596547 -0.772842 0.606017 0.538545 0.585417 -0.765439 0.595064 0.244953
1.708541 -36.605340 -2967.875799 -1178.284802 -0.171312 -0.548596 0.818349 0.620243 0.585311 0.522215 -0.765474 0.597037 0.239992
7.143252 -38.293731 -4562.182698 -3198.586167 -0.166739 -0.539072 0.825591 0.652116 0.567740 0.502411 -0.739556 0.622152 0.256873
10.375786 -42.610204 939.130044 -2496.578529 0.162239 0.591571 -0.789761 0.652027 0.536466 0.535785 -0.740635 0.601870 0.298684
8.595473 -44.912945 -618.193390 -3575.479533 0.202125 0.658001 -0.725383 0.567228 0.525139 0.634414 -0.798372 0.539689 0.267093
4.314546 -39.439056 4470.402339 139.342369 0.256466 0.629290 -0.733635 0.544643 0.532956 0.647551 -0.798492 0.565643 0.206053
-3.162904 -121.263831 -1545.465878 -3180.061296 0.687990 -0.331457 -0.645605 0.116222 0.928446 -0.352818 0.716353 0.167702 0.677285
-5.619526 -114.001223 -1232.553092 -3697.049807 0.689304 -0.342218 -0.638551 0.085240 0.913589 -0.397604 0.719440 0.219640 0.658911
-8.082100 -115.692537 -1236.108728 5561.432538 0.679980 -0.261443 -0.685036 -0.148952 0.865537 -0.478184 0.717942 0.427193 0.549605
-1.892366 -130.962636 -1015.371199 -3363.751492 0.677557 -0.283137 -0.678786 0.023288 0.930724 -0.364981 0.735102 0.231488 0.637211
-15.697409 -158.903113 -1725.015149 -18644.674002 -0.007756 0.191258 -0.981509 0.982331 -0.182085 -0.043243 -0.186989 -0.964503 -0.186466
-14.630179 -167.504975 -4309.533582 -24282.684477 -0.048892 0.148273 -0.987737 0.944775 -0.313979 -0.093898 -0.324051 -0.937781 -0.124734
-17.815416 -133.715691 -1757.684316 -14156.453968 -0.056595 0.208976 -0.976282 0.899262 -0.414137 -0.140777 -0.433733 -0.885901 -0.164486
-22.025424 -119.611409 727.298091 -8364.557123 -0.057834 0.266657 -0.962055 0.866549 -0.465111 -0.181010 -0.495730 -0.844136 -0.204172
-19.753057 -142.660197 1930.464919 -16966.362665 0.010871 0.264397 -0.964353 0.951535 -0.299161 -0.071295 -0.307347 -0.916841 -0.254835
-20.895503 -121.888712 -2253.352284 -3521.247255 -0.087498 0.209684 -0.973846 0.787312 -0.584382 -0.196564 -0.610314 -0.783920 -0.113955
-8.335949 -80.692727 -624.398389 -4451.800457 0.760729 0.109066 -0.639840 0.470995 0.585525 0.659791 -0.446603 0.803284 -0.394056
-13.662093 -71.232701 -1634.683852 -5708.609530 0.782105 0.147094 -0.605537 0.364673 0.679926 0.636172 -0.505297 0.718376 -0.478132
-9.248084 -69.196836 -400.707385 -6016.991021 0.736959 0.102239 -0.668161 0.402536 0.727714 0.555335 -0.543007 0.678217 -0.495141
-15.374164 -60.553165 -1815.733737 -5633.081159 0.758631 0.113395 -0.641576 0.323186 0.789545 0.521698 -0.565712 0.603125 -0.562326
-11.835201 -59.590755 1350.166564 -5297.251487 -0.720901 -0.090947 0.687045 0.330793 0.825982 0.456432 -0.608998 0.556311 -0.565366
-9.255247 -60.354866 105.353318 -6456.673761 -0.705739 -0.090332 0.702690 0.355092 0.813163 0.461167 -0.613060 0.574983 -0.541804
21.985454 -440.140684 -6611.075860 -84461.471222 -0.237819 0.255862 -0.937004 0.244450 0.949397 0.197203 0.940046 -0.182152 -0.288330
9.551454 -409.685285 -4355.381885 -25189.701213 -0.217494 0.258502 -0.941208 -0.202721 0.931301 0.302626 0.954778 0.256623 -0.150149
16.163878 -476.315940 -2610.160795 -31523.727653 -0.290134 0.288506 -0.912462 -0.126077 0.933641 0.335291 0.948645 0.212320 -0.234507
40.888065 -561.684186 -2996.074093 -136806.443866 -0.317367 0.305263 -0.897827 0.307253 0.928800 0.207185 0.897147 -0.210107 -0.388564
2.729504 -374.426941 1469.800161 64161.510347 -0.300550 0.346785 -0.888488 -0.461460 0.762391 0.453667 0.834700 0.546351 -0.069109
20.913581 -401.489973 -6505.866272 42619.393447 -0.308535 0.379464 -0.872246 -0.105940 0.897570 0.427954 0.945295 0.224445 -0.236731
-3.791463 -577.555355 -10307.504448 -189460.718773 -0.108433 -0.406033 0.907403 -0.684375 0.692531 0.228103 -0.721022 -0.596270 -0.352972
109.655070 -3835.397946 -30137.138622 -1854283.859371 -0.163665 0.558282 -0.813348 -0.673594 0.539116 0.505593 -0.720753 -0.630614 -0.287821
-10.894094 -831.072315 -5684.729344 190663.839723 -0.116076 -0.304863 0.945296 -0.217520 0.936429 0.275294 -0.969129 -0.173666 -0.175011
-638.099295 -4722.211205 247167.736825 -2499197.105100 0.405640 0.581799 -0.704958 -0.699008 0.694400 0.170870 0.588935 0.423460 0.688358
-658.742500 -3681.439198 269951.210392 1127270.769298 0.281174 0.427648 -0.859103 0.039298 0.889338 0.455560 0.958852 -0.161852 0.233253
-2003.072012 -12390.843950 -641343.733245 -7552598.613542 -0.043126 -0.608732 0.792203 0.850880 0.393181 0.348442 -0.523587 0.689097 0.501002
-864.786098 -3170.589611 348979.532482 -1117329.816497 0.094579 0.339983 -0.935664 0.844289 -0.525388 -0.105562 -0.527476 -0.779986 -0.336734
-514.827642 -3977.241208 -146746.110691 1261605.892582 0.293559 -0.370257 0.881324 -0.086857 0.907800 0.410311 -0.951987 -0.197000 0.234333
11.138775 -22.294211 1981.738192 11015.173674 0.819065 -0.566510 -0.090550 0.571980 0.794153 0.205330 0.044411 0.219971 -0.974495
15.630430 -25.150183 3513.919566 12651.353512 0.903518 -0.420225 -0.084066 0.427624 0.871148 0.241328 0.028178 0.253992 -0.966796
8.738202 -37.034474 -47.691302 11316.283121 0.853759 -0.508886 -0.110143 0.520654 0.836029 0.173135 -0.003977 0.205162 -0.978720
-5.944768 -10.434957 952.512116 1172.643995 0.544136 0.810065 0.218426 0.835176 -0.498162 -0.233057 -0.079980 0.309239 -0.947615
-4.689650 -11.806814 606.740721 2073.075867 0.444955 0.860050 0.249658 0.891066 -0.397304 -0.219434 -0.089534 0.320100 -0.943143
-4.105270 -9.179203 14.492601 1297.379563 0.569081 0.792963 0.217614 0.818538 -0.521070 -0.241828 -0.078369 0.315745 -0.945602
-4.373845 -8.450955 146.333618 139.947431 0.793814 0.594163 0.129726 -0.603748 0.744270 0.285571 -0.073125 0.305013 -0.949537
-6.711486 -10.597463 1524.568474 981.950941 0.893091 0.443915 0.072993 -0.444397 0.845275 0.296685 -0.070003 0.297405 -0.952182
-6.307347 -50.963302 -2123.351017 1867.616125 0.070401 0.631880 -0.771863 0.625854 0.574556 0.527439 -0.776756 0.520205 0.355015
-2.457134 -52.296802 -1962.067614 200.948867 0.063836 0.631986 -0.772346 0.595987 0.596614 0.537450 -0.800453 0.494616 0.338570
-4.812492 -59.074064 -2206.216092 1614.255558 0.076490 0.646577 -0.759004 0.712752 0.496860 0.495091 -0.697233 0.578851 0.422844
-8.672339 -54.914869 -1032.807969 1983.058193 0.082845 0.619708 -0.780448 0.702580 0.519086 0.486755 -0.706766 0.588652 0.392391
-0.627063 -67.041151 59.206078 7849.128767 0.586631 -0.523643 -0.617788 0.809064 0.412638 0.418504 0.035776 -0.745337 0.665727
-0.741772 -58.365188 54.257339 1560.334918 0.538530 -0.550253 -0.638128 0.833840 0.456979 0.309646 0.121228 -0.698851 0.704920
-0.861078 -61.975496 -233.977854 4909.410332 0.570538 -0.532634 -0.625130 0.818026 0.436158 0.374966 0.072936 -0.725305 0.684553
-28.629230 -38.956679 -936.260346 394.379260 0.710639 0.593963 -0.377095 -0.669964 0.734938 -0.104950 -0.214805 -0.327222 -0.920209
-27.338519 -38.327545 1311.896620 2186.250198 -0.640672 -0.654087 0.402132 -0.705432 0.708221 0.028071 -0.303159 -0.265693 -0.915151
-29.551452 -37.260036 6.653131 896.739303 0.692944 0.645765 -0.320648 -0.689205 0.723878 -0.031577 -0.211719 -0.242873 -0.946672
-26.405453 -40.370892 -2987.362729 1422.747716 0.674930 0.575703 -0.461557 -0.672804 0.736998 -0.064572 -0.302992 -0.354118 -0.884758
-28.279536 -37.737305 1871.231666 -213.224978 0.833816 0.482756 -0.267765 -0.540902 0.811402 -0.221476 -0.110346 -0.329505 -0.937683
-27.605399 -39.625992 520.495587 -1090.007345 0.808044 0.494523 -0.320176 -0.578400 0.769163 -0.271738 -0.111887 -0.404766 -0.907549
-27.153999 -40.494225 -1317.041143 -6.069953 0.742965 0.524990 -0.415197 -0.636714 0.745629 -0.196552 -0.206395 -0.410393 -0.888245
33.635163 -79.032532 -2665.976976 9772.354512 0.651474 -0.579827 -0.489266 0.062544 0.683751 -0.727031 0.756088 0.443041 0.481710
32.213770 -127.563692 -237.662230 17632.536055 -0.550958 0.708078 0.441667 0.261984 0.649237 -0.714042 0.792344 0.277698 0.543208
25.664420 -118.471194 6276.767693 32240.849987 -0.656840 0.659441 0.365648 0.233685 0.639078 -0.732783 0.716905 0.395874 0.573874
23.203895 -83.924022 -6599.038839 27689.481997 0.723146 -0.547948 -0.420490 0.090487 0.678704 -0.728816 0.684742 0.488992 0.540385
-1.831956 -29.048401 626.818460 -3948.289385 0.195414 0.432692 -0.880108 0.953155 -0.295068 0.066567 -0.230889 -0.851887 -0.470083
0.559959 -29.548104 2328.102979 -2624.476272 0.187945 0.445884 -0.875136 0.952890 -0.298749 0.052430 -0.238068 -0.843763 -0.481027
-1.914219 -38.054192 1047.111095 -7009.045057 0.195858 0.432627 -0.880042 0.958689 -0.273257 0.079029 -0.206287 -0.859165 -0.468275
-2.247509 -36.601801 -1068.188870 -7657.248273 0.198524 0.414000 -0.888365 0.959563 -0.266663 0.090163 -0.199566 -0.870342 -0.450198
-1.585014 -29.438369 -1147.280084 -3485.243749 0.226594 0.406894 -0.884925 0.947795 -0.301409 0.104103 -0.224365 -0.862317 -0.453949
-52.935066 -82.640766 874.413918 11055.282439 -0.344598 0.938727 0.006620 0.889270 0.328686 -0.318065 0.300752 0.103717 0.948046
-47.863137 -73.717743 948.487936 3209.391576 0.054632 0.979240 -0.195205 0.961408 -0.104381 -0.254556 0.269647 0.173764 0.947152
-40.065131 -67.638936 137.323649 3844.019854 0.283408 0.896421 -0.340749 0.897314 -0.373251 -0.235609 0.338390 0.238985 0.910153
43.296122 -57.441947 -6526.843552 -4893.363428 0.390567 0.905210 -0.167489 -0.272085 -0.060302 -0.960382 0.879447 -0.420665 -0.222742
47.821634 -55.480537 -496.102177 -5876.334033 0.274782 0.956494 -0.098052 -0.271614 -0.020606 -0.962186 0.922345 -0.291024 -0.254135
51.379175 -67.416103 3041.991733 -9668.882547 0.183579 0.982781 -0.020978 -0.301538 0.035989 -0.952775 0.935614 -0.181235 -0.302953
-11.100305 -54.243664 -14319.653476 -11537.064970 0.041338 0.975843 0.214525 0.598965 0.147647 -0.787046 0.799707 -0.161028 0.578393
-12.149370 -26.932250 -9549.259873 -11177.580606 -0.161917 0.879585 0.447341 0.645916 0.437187 -0.625828 0.746040 -0.187612 0.638926
-6.655474 -7.912187 1260.013786 -149.882073 -0.041228 -0.795937 0.603974 0.952614 -0.213646 -0.216523 0.301375 0.566427 0.767029
-4.376879 -10.114791 3464.989087 -1264.240024 0.901598 0.057921 -0.428679 0.289662 -0.816851 0.498849 0.321273 0.573934 0.753249
-3.532854 -12.923290 1715.023303 -1873.762048 -0.301629 -0.715291 0.630380 0.903164 -0.426200 -0.051457 0.305475 0.553815 0.774580
-2.402934 -19.335219 -407.860772 -2883.243884 -0.588042 -0.516735 0.622247 0.733495 -0.664906 0.141015 0.340869 0.539338 0.770015
29.738916 -55.072324 1634.972146 6758.411675 0.315298 0.772636 -0.551018 0.219972 -0.624323 -0.749555 0.923147 -0.115125 0.366806
27.177741 -69.656561 2263.510073 6154.387830 0.327908 0.751597 -0.572345 0.319374 -0.658366 -0.681582 0.889088 -0.040704 0.455924
26.238212 -42.034830 7369.678944 362.152729 -0.163342 0.938962 0.302771 -0.789918 0.059389 -0.610330 0.591058 0.338857 -0.732001
-7.744111 -51.964005 -2938.966243 -4335.862687 0.345723 0.910858 -0.225420 -0.500874 -0.024007 -0.865187 0.793474 -0.412022 -0.447925
-8.837674 -52.139787 -2692.160988 -5601.348409 0.316798 0.915916 -0.246449 -0.554800 -0.031807 -0.831376 0.769309 -0.400108 -0.498074
-9.717368 -52.088944 -1116.322339 -6658.368998 0.308477 0.926282 -0.216432 -0.462536 -0.052756 -0.885029 0.831205 -0.373119 -0.412165
-9.278524 -50.890324 -791.868535 -147.506586 0.331134 0.924873 -0.186980 -0.432213 -0.027479 -0.901353 0.838774 -0.379283 -0.390643
-1.775782 -62.208415 -2421.288924 1275.286603 0.249285 0.957588 -0.144509 -0.912843 0.282174 0.295120 -0.323380 -0.058345 -0.944469
0.840891 -64.539407 -814.203327 -1488.600218 0.221510 0.969682 -0.103204 -0.828906 0.242978 0.503861 -0.513661 0.026064 -0.857597
4.770094 -68.915714 -1820.901167 -1053.221698 0.261231 0.946494 0.189493 0.228332 0.130148 -0.964845 0.937882 -0.295315 0.182116
5.812062 -80.703446 -1959.203648 -5586.898787 0.271181 0.941080 0.202060 0.112601 0.177468 -0.977664 0.955919 -0.287876 0.057840
6.217678 -84.609704 -2005.776418 -6692.638177 0.287841 0.937625 0.194953 0.138333 0.160727 -0.977257 0.947635 -0.308263 0.083441
5.374686 -78.186385 -1004.464424 -1599.748797 0.244017 0.943952 0.222284 0.143885 0.191435 -0.970902 0.959037 -0.268900 0.089107
4.817041 -72.851069 179.932014 -8063.854663 0.253717 0.946772 0.198117 0.308605 0.114884 -0.944227 0.916728 -0.300707 0.263031
3.555775 -67.851447 -384.194065 788.694270 0.197062 0.947138 0.253173 0.399368 0.158288 -0.903023 0.895361 -0.279060 0.347064
7.304118 -74.924172 -1077.852824 3626.207554 0.201669 0.953120 0.225592 0.299805 0.159199 -0.940624 0.932441 -0.257329 0.253645
-7.837032 -86.149029 -1343.137664 -2796.169366 0.166921 0.977295 -0.130508 -0.835047 0.210506 0.508315 -0.524246 -0.024132 -0.851225
-9.889948 -91.235677 -1074.878018 -3735.772742 0.159603 0.980248 -0.116793 -0.706463 0.196052 0.680054 -0.689519 0.026028 -0.723800
-11.922685 -90.765667 -1556.310352 -2834.842322 0.169397 0.978868 -0.114554 -0.669561 0.199596 0.715436 -0.723182 0.044492 -0.689223
-21.937978 -34.962267 -7905.759960 293.191527 -0.325280 -0.924924 0.196744 0.941694 -0.335776 -0.021618 0.086057 0.178241 0.980216
-14.867119 -37.885740 -14263.923024 2948.710367 -0.197844 -0.953132 0.228904 0.979897 -0.198426 0.020714 0.025678 0.228401 0.973229
-18.350645 -42.368602 -14264.808066 4065.510229 -0.138429 -0.968086 0.208920 0.989463 -0.126151 0.071062 -0.042438 0.216556 0.975347
20.208099 -33.417413 155.200524 1220.549290 0.158704 0.961033 -0.226337 0.984431 -0.136483 0.110757 0.075550 -0.240391 -0.967731
19.811637 -39.389181 1140.183869 2215.061826 0.114135 0.976030 -0.185308 0.992146 -0.102372 0.071879 0.051186 -0.192057 -0.980048
20.437681 -29.630876 -478.015316 -543.320190 0.263938 0.931378 -0.250743 0.956416 -0.219047 0.193100 0.124924 -0.290781 -0.948599
20.492203 -35.010407 1444.567306 409.737011 0.209480 0.959323 -0.189257 0.969031 -0.177790 0.171378 0.130759 -0.219296 -0.966856
1835.715767 -55.038866 564332.408473 -4273.220856 0.934136 -0.300890 -0.191975 -0.323358 -0.485764 -0.812079 -0.151092 -0.820669 0.551065
1902.665856 -46.305877 741577.489009 3895.685175 0.939423 -0.217856 -0.264619 -0.339101 -0.478212 -0.810138 -0.049950 -0.850795 0.523118
647.929873 -37.156607 248447.253428 1255.334749 0.694644 0.539596 -0.475717 -0.151034 -0.537170 -0.829842 0.703320 -0.648294 0.291645
694.107616 -29.284472 271000.836816 -1995.577374 0.698469 0.551188 -0.456436 -0.183990 -0.478051 -0.858845 0.691585 -0.683856 0.232491
-2.762253 -50.330785 -1644.217450 -4710.896723 0.112681 0.982527 0.148137 0.888094 -0.166451 0.428466 -0.445637 -0.083279 0.891332
-5.362379 -48.691445 -1621.934125 -4987.004780 0.085670 0.988829 0.121975 0.912781 -0.126969 0.388214 -0.399364 -0.078078 0.913462
-4.595703 -46.851727 -2642.731204 -1512.439579 0.070870 0.988399 0.134331 0.887645 -0.123926 0.443540 -0.455042 -0.087804 0.886131
-0.851914 -45.735458 -2657.358767 806.619382 0.075977 0.986716 0.143591 0.867660 -0.136383 0.478086 -0.491319 -0.088265 0.866496
10.359705 -202.780796 -3958.601308 25955.953535 0.720767 -0.353396 0.596327 0.685652 0.237051 -0.688250 -0.101865 -0.904941 -0.413165
46.479127 -202.267103 -12531.513255 7688.070468 0.793280 -0.312669 0.522441 0.560111 0.038347 -0.827529 -0.238709 -0.949088 -0.205549
17.819731 -195.252722 -6191.656155 38774.869338 0.781507 -0.298752 0.547717 0.623620 0.400176 -0.671533 0.018561 -0.866375 -0.499048
3.895199 -170.666579 -2590.383858 29045.337117 0.744608 -0.344108 0.571969 0.655964 0.535854 -0.531575 0.123572 -0.771006 -0.624723
1.159105 -168.150093 -1331.998315 28328.084646 0.712664 -0.355346 0.604847 0.695946 0.466474 -0.545950 0.088144 -0.810020 -0.579740
-1.448166 -192.107886 2556.447649 23834.841997 -0.689356 0.361209 -0.627946 0.714725 0.197765 -0.670863 -0.118136 -0.911272 -0.394496
-14.668735 -90.384884 281.245177 -475.130039 0.295695 0.955223 0.010688 -0.781174 0.248227 -0.572845 0.549847 -0.161038 -0.819594
-14.766792 -91.561236 709.845223 -813.075875 0.291723 0.955174 0.050396 -0.755290 0.262363 -0.600585 0.586885 -0.137140 -0.797971
-12.975814 -88.903958 162.060919 -1313.664700 0.296311 0.954956 0.016064 -0.667408 0.219061 -0.711743 0.683203 -0.200176 -0.702256
-12.857901 -92.755007 -510.664596 -461.560240 0.306199 0.951791 -0.018319 -0.733735 0.223701 -0.641553 0.606527 -0.209884 -0.766860
-3.407889 -195.792820 453.790046 -8153.716673 0.646358 -0.218067 0.731210 -0.586052 0.471800 0.658748 0.488636 0.854313 -0.177153
-5.449264 -184.100513 493.139385 -20008.062653 0.651102 -0.214843 0.727948 -0.396067 0.721982 0.567338 0.647454 0.657711 -0.384992
-9.424187 -135.111737 -196.682481 3893.690970 0.655087 -0.066176 0.752650 0.527727 0.752971 -0.393115 0.540709 -0.654718 -0.528184
-8.665397 -131.781353 -336.283181 -3475.029399 -0.628514 0.079650 -0.773709 0.464833 0.836024 -0.291537 0.623619 -0.542881 -0.562477
