19541
39062
-29.884782 -56.810341 -4061.840441 4181.602680 -0.152529 0.975387 -0.159234 0.698336 -0.007640 -0.715729 0.699329 0.220368 0.679983
-40.103048 -66.723460 -2222.048347 3130.935642 -0.326278 0.945205 -0.011390 0.720274 0.240794 -0.650556 0.612166 0.220466 0.759373
-37.578932 -63.220889 26.210071 8729.808355 -0.362065 0.924998 0.115269 0.612626 0.329331 -0.718492 0.702566 0.189524 0.685917
-36.269075 -58.735929 -262.952812 1784.915542 -0.146631 0.945977 -0.289184 0.760567 -0.079107 -0.644422 0.632485 0.314437 0.707879
-28.743168 -47.066721 -2460.320780 7467.479383 -0.084637 0.977479 -0.193319 0.620814 -0.100024 -0.777551 0.779376 0.185824 0.598367
-29.232933 -50.343863 -463.041414 4116.341356 -0.006183 0.915038 -0.403321 0.689548 -0.288200 -0.664428 0.724213 0.282217 0.629181
-43.890022 -47.914114 -5966.666117 -857.707690 -0.346856 0.715231 0.606742 -0.030815 0.637864 -0.769533 0.937412 0.285614 0.199207
-15.985889 -47.613994 -21209.960474 -7279.707631 -0.255838 0.956284 0.141658 0.184394 0.192117 -0.963893 0.948971 0.220479 0.225484
-20.117948 -46.730941 -24184.166635 -1192.573266 -0.256108 0.964287 0.067528 0.113160 0.099286 -0.988604 0.960002 0.245547 0.134547
34.224800 -47.634683 7284.638996 -507.578643 -0.353492 0.912618 0.205358 -0.041130 0.204155 -0.978074 0.934533 0.354187 0.034632
33.259261 -45.772130 7267.832114 -918.362095 -0.358828 0.913853 0.190038 0.092412 0.237379 -0.967012 0.928818 0.329429 0.169629
22.368989 -46.664175 8019.339425 -655.560642 -0.407416 0.892080 0.195462 -0.010419 0.209476 -0.977758 0.913183 0.400391 0.076049
23.217105 -48.185671 8582.659610 -92.298859 -0.405080 0.888749 0.214557 -0.145701 0.168922 -0.974801 0.902597 0.426133 -0.061065
35.214103 -48.855461 6636.771359 58.763263 -0.341257 0.914843 0.215883 -0.175172 0.163750 -0.970825 0.923503 0.369117 -0.104374
-10.835008 -144.847600 -3330.388128 -35301.966174 0.866726 -0.283322 0.410504 0.333947 -0.281704 -0.899512 -0.370493 -0.916718 0.149546
-11.315539 -167.811663 -2728.574329 -30239.167831 0.873995 -0.272017 0.402665 0.383560 -0.122592 -0.915343 -0.298352 -0.954452 0.002810
-14.499224 -147.638263 -974.122741 -25244.168179 0.884998 -0.225311 0.407449 0.364810 -0.208189 -0.907508 -0.289298 -0.951784 0.102051
-1.617035 -44.138405 -4659.005526 2547.537285 0.033250 0.986978 -0.157378 -0.941045 -0.022122 -0.337558 0.336644 -0.159324 -0.928055
-9.557193 -48.656064 -2923.720523 1425.967640 -0.035378 0.984808 -0.170003 -0.890903 -0.108154 -0.441129 0.452814 -0.135850 -0.881195
1.538170 -47.423242 -6766.165594 1450.007565 0.051406 0.985473 -0.161862 -0.897650 -0.025440 -0.439973 0.437700 -0.167913 -0.883303
2.797564 -66.864942 -1342.014786 1475.022543 0.070299 0.854190 -0.515186 0.991152 -0.118102 -0.060570 -0.112583 -0.506370 -0.854935
0.725368 -63.490357 -1537.297966 -35.371026 0.080932 0.850033 -0.520475 0.995945 -0.048385 0.075845 0.039288 -0.524503 -0.850501
5.827023 -65.622359 -2234.348092 2429.453095 0.107577 0.846493 -0.521419 0.992615 -0.121022 0.008320 -0.056061 -0.518463 -0.853260
7.384532 -72.001562 -1798.971241 3833.216964 0.088317 0.857173 -0.507399 0.974796 -0.179146 -0.132968 -0.204875 -0.482867 -0.851390
4.784047 -72.017259 -1063.561432 2201.576156 0.056367 0.862113 -0.503571 0.960561 -0.184384 -0.208145 -0.272295 -0.471978 -0.838506
-7.006435 -85.286502 864.052424 1920.692186 -0.054306 0.992036 0.113647 0.324444 0.125170 -0.937586 0.944345 0.014044 0.328658
-8.135390 -85.870579 748.304324 -2209.996156 -0.053969 0.990986 0.122616 0.136144 0.128951 -0.982261 0.989218 0.036318 0.141877
-3.524008 -84.152054 1121.900131 1279.264645 -0.082533 0.988701 0.125132 0.314314 0.144977 -0.938184 0.945724 0.038100 0.322728
-1.751301 -92.556514 1301.635322 6089.156241 -0.085321 0.988230 0.126973 0.502830 0.152726 -0.850786 0.860164 0.008745 0.509942
-5.721857 -94.627262 866.817883 5875.740602 -0.050973 0.991491 0.119779 0.518117 0.128786 -0.845558 0.853789 -0.018959 0.520273
0.331219 -47.098264 4755.709451 150.833694 -0.414152 0.880136 0.232029 -0.346825 0.083093 -0.934242 0.841540 0.467392 -0.270840
1.552493 -46.844459 5272.230621 346.645756 -0.407680 0.876235 0.256923 -0.463344 0.043942 -0.885089 0.786835 0.479876 -0.388083
12.767930 -47.850250 7158.584424 323.226123 -0.410758 0.877538 0.247398 -0.372110 0.086365 -0.924162 0.832353 0.471666 -0.291066
20.250488 -25.203655 71.650204 3989.148928 -0.178104 0.971821 0.154411 0.773132 0.235275 -0.588993 0.608724 -0.014478 0.793250
18.288828 -33.963835 -494.061987 3908.397551 -0.139315 0.980379 0.139456 0.822618 0.192976 -0.534845 0.551263 -0.040207 0.833362
16.217524 -26.989422 2082.793787 3126.847172 -0.211277 0.969767 0.122121 0.792628 0.243097 -0.559146 0.571929 0.021338 0.820026
17.366803 -32.542326 -1765.702210 4506.491132 -0.097916 0.981295 0.165749 0.804760 0.176054 -0.566891 0.585468 -0.077880 0.806946
17.463727 -20.188540 2893.689351 2810.066922 -0.247170 0.960030 0.131334 0.749553 0.275330 -0.601967 0.614067 0.050347 0.787647
21.923157 -17.683074 550.713969 3236.627769 -0.200106 0.967164 0.156689 0.737037 0.253963 -0.626322 0.645549 0.009845 0.763656
20.000712 -22.836418 -1668.120571 4346.412004 -0.130769 0.974371 0.183033 0.758308 0.217230 -0.614639 0.638646 -0.058419 0.767280
82.942459 -37.761529 27262.139941 3449.521786 0.000835 0.998193 0.060076 0.706513 0.041927 -0.706457 0.707700 -0.043034 0.705202
85.893371 -38.156516 26665.149428 -1029.158468 0.034015 0.999249 0.018580 0.791346 -0.015574 -0.611170 0.610422 -0.035492 0.791281
43.914919 -32.408568 19550.701191 2020.999376 0.019085 0.999410 -0.028559 0.705087 -0.033706 -0.708319 0.708864 0.006618 0.705315
1.326065 -34.597167 -845.938289 -2983.937974 -0.051324 0.988488 0.142328 0.528128 0.147822 -0.836199 0.847612 -0.032251 0.529635
0.794087 -27.761874 -1057.547748 -3127.924964 -0.090485 0.974515 0.205264 0.587320 0.218669 -0.779255 0.804281 -0.050044 0.592139
2.704009 -35.831764 -136.321820 -3196.412375 -0.073886 0.984252 0.160592 0.541821 0.174811 -0.822114 0.837240 -0.026269 0.546204
3.246707 -41.964089 -170.445111 -2290.923657 -0.041365 0.992992 0.110705 0.453866 0.117383 -0.883305 0.890109 -0.013708 0.455541
-0.229943 -133.955403 589.373110 -21832.817583 0.881051 0.071123 0.467644 0.304243 -0.842207 -0.445111 -0.362195 -0.534443 0.763666
1.143526 -114.801499 897.096533 15632.302976 0.884144 0.066462 0.462464 -0.238543 0.915310 0.324507 -0.401731 -0.397228 0.825119
-1.362493 -128.384970 670.651649 -18960.368410 0.885923 0.056435 0.460387 0.277820 -0.859388 -0.429264 -0.371426 -0.508200 0.777030
-2.302568 -149.727863 426.741154 -16748.863276 0.881004 0.060575 0.469216 0.355512 -0.739136 -0.572092 -0.312159 -0.670827 0.672717
76.907673 -62.679895 -10163.989393 -11274.664231 0.952314 0.009330 0.304978 -0.133542 -0.885971 0.444097 -0.274345 0.463647 0.842476
74.590462 -69.950714 -671.828112 -11089.341804 0.969602 -0.075288 0.232815 -0.170973 -0.889129 0.424520 -0.175041 0.451421 0.874974
62.105138 -80.696466 -8428.850819 -23265.189412 0.946017 -0.023580 0.323257 -0.155303 -0.908380 0.388235 -0.284486 0.417480 0.863005
85.422642 -57.034251 -1927.043804 5953.061723 0.971922 -0.032474 0.233052 -0.140327 -0.875023 0.463296 -0.188881 0.482991 0.855011
60.716974 -67.832084 -10463.703057 -14921.165352 0.925278 0.076374 0.371522 -0.102980 -0.892138 0.439869 -0.365043 0.445260 0.817610
79.285700 -57.398178 -13035.716167 4634.978529 0.944576 0.065925 0.321605 -0.099058 -0.876737 0.470659 -0.312991 0.476431 0.821615
1.729389 -204.795904 -5758.163900 -19363.072746 0.937457 0.002947 0.348089 -0.271173 0.633175 0.724951 0.218265 0.774003 -0.594373
8.571496 -195.392646 -2119.051803 -20831.599690 0.951035 -0.072751 0.300400 -0.194667 0.613932 0.764979 0.240078 0.785999 -0.569709
18.994241 -216.239579 -5299.100479 3049.639580 0.942096 -0.022906 0.334559 -0.304906 0.356793 0.883024 0.139595 0.933902 -0.329150
-5.354624 -40.546800 -3189.527957 -924.805902 -0.194854 0.977910 0.075650 0.608303 0.180991 -0.772794 0.769415 0.104564 0.630132
-9.384814 -42.650523 -2834.246858 -577.240693 -0.167958 0.985154 0.035510 0.511727 0.117919 -0.851017 0.842571 0.124763 0.523936
-10.572581 -38.806963 -778.335699 -1015.046723 -0.264172 0.955428 0.131794 0.584789 0.267337 -0.765868 0.766965 0.125249 0.629347
-7.781200 -36.169763 -1294.888340 -1367.431362 -0.318137 0.926805 0.199551 0.648427 0.366273 -0.667373 0.691615 0.082922 0.717491
-9.490826 -34.723830 -350.454056 -1273.169036 -0.377817 0.895317 0.235926 0.608385 0.432145 -0.665671 0.697941 0.107968 0.707970
-12.681702 -38.033829 476.086029 -732.539526 -0.340599 0.921914 0.184570 0.545775 0.353713 -0.759617 0.765586 0.157991 0.623632
11.782308 -209.231029 5132.454912 -40792.134221 0.806522 0.135406 0.575490 0.570884 -0.431387 -0.698568 -0.153669 -0.891948 0.425223
12.234222 -176.726573 4669.191977 -19713.840967 0.798662 0.140480 0.585154 0.545378 -0.579979 -0.605134 -0.254368 -0.802427 0.539822
6.052363 -203.251595 1467.111161 -38835.934059 0.815644 0.129305 0.563919 0.549534 -0.477975 -0.685239 -0.180934 -0.868804 0.460915
26.288660 -195.376121 8753.302663 -26422.763745 0.785657 0.126117 0.605672 0.570217 -0.527393 -0.629849 -0.239992 -0.840209 0.486264
6.121920 -240.278330 1454.077922 -58355.190535 0.818125 0.126253 0.561010 0.570210 -0.304310 -0.763057 -0.074383 -0.944169 0.320954
25.586981 -242.680193 11064.327972 -58780.981170 0.799402 0.128993 0.586785 0.589858 -0.354024 -0.725764 -0.114118 -0.926298 0.359095
10.418489 -253.720082 7322.535028 -69360.971261 0.808825 0.145563 0.569748 0.587365 -0.246693 -0.770808 -0.028352 -0.958099 0.285030
-43.166068 -232.381696 17595.735098 -61740.014651 0.858764 -0.481794 0.174353 0.167664 -0.057307 -0.984177 -0.484162 -0.874409 -0.031566
-30.479505 -223.638432 -11459.177249 -70268.022896 0.783946 -0.538396 0.309125 0.339723 -0.044738 -0.939461 -0.519632 -0.841503 -0.147833
-35.850961 -288.439319 207.317471 -53386.407023 0.806905 -0.496730 0.319630 0.425142 0.112730 -0.898079 -0.410071 -0.860553 -0.302143
-41.370589 -284.528329 5301.475449 -83599.817502 0.858400 -0.463320 0.220191 0.216181 -0.062534 -0.974349 -0.465205 -0.883982 -0.046482
-34.401559 -204.545207 15973.005220 -61932.092310 0.887613 -0.459780 0.027305 -0.057015 -0.168508 -0.984050 -0.457048 -0.871899 0.175784
64.047707 -1011.263946 -1177.392049 423150.617450 -0.525104 0.121967 -0.842253 0.811136 -0.227760 -0.538686 -0.257534 -0.966048 0.020666
179.416326 -914.024433 102259.840153 -462013.900314 -0.406562 0.114000 -0.906483 0.912037 0.109095 -0.395332 0.053825 -0.987473 -0.148327
76.292353 -1212.907611 23453.936490 240348.615337 -0.510524 0.160454 -0.844760 0.839214 -0.121036 -0.530161 -0.187313 -0.979594 -0.072864
57.659805 -3994.246503 -85405.753833 -562040.956941 -0.504990 0.119618 -0.854796 0.705731 -0.512942 -0.488706 -0.496919 -0.850048 0.174613
44.063484 -719.201964 9508.288603 245230.988152 -0.522505 0.140699 -0.840947 0.731036 -0.433697 -0.526776 -0.438833 -0.890006 0.123753
0.757441 -1130.666490 8294.697907 619485.177088 -0.480119 0.345092 -0.806472 0.492104 0.867031 0.078040 0.726168 -0.359399 -0.586099
5.203300 -1313.401098 11847.596967 955148.193413 -0.522056 0.299238 -0.798695 0.677079 0.714865 -0.174734 0.518672 -0.632001 -0.575807
-2.387163 -984.848325 8728.678141 171254.311210 -0.478086 0.352923 -0.804288 0.521069 0.851131 0.063744 0.707051 -0.388614 -0.590811
-1.266175 -972.438441 9273.193328 106854.555761 -0.471784 0.379769 -0.795736 0.299637 0.917832 0.260388 0.829239 -0.115585 -0.546811
-15.573472 -861.245292 -2498.384228 -53670.874198 -0.518256 0.327521 -0.790026 0.853165 0.133907 -0.504161 -0.059333 -0.935307 -0.348828
-25.816784 -1090.394207 -45019.447212 154002.123102 -0.565066 0.270026 -0.779607 0.819803 0.077401 -0.567391 -0.092868 -0.959737 -0.265104
-13.236770 -927.599661 7135.110626 213826.397277 -0.554524 0.342027 -0.758631 0.763439 -0.153688 -0.627328 -0.331156 -0.927037 -0.175894
10.864525 -1689.180726 5263.336854 -1049346.180161 -0.600779 0.517183 -0.609579 0.160798 0.825126 0.541582 0.783077 0.227352 -0.578880
-54.517712 -5119.496961 -13119.274630 -3956602.753225 0.563489 -0.597387 0.570621 0.589211 -0.193533 -0.784458 0.579060 0.778250 0.242934
8.414627 -2719.279516 4538.641195 507397.417252 -0.607561 0.585719 -0.536472 0.336679 -0.421831 -0.841847 0.719387 0.692092 -0.059089
6.699513 -4529.698446 56546.463573 -7430605.724298 -0.546830 0.519142 -0.656862 0.525347 0.823640 0.213607 0.651911 -0.228274 -0.723121
-7.616390 -2922.633625 9360.156997 383450.345219 -0.627060 0.465767 -0.624385 0.369870 0.883459 0.287570 0.685559 -0.050618 -0.726255
9.570981 -2594.347037 -7649.296222 -237785.689532 0.640459 -0.539774 0.546311 -0.427864 0.339945 0.837478 0.637765 0.770117 0.013229
2.171846 -53.607540 606.727504 1995.453916 -0.941359 0.164354 -0.294671 0.188184 0.980636 -0.054221 0.280054 -0.106494 -0.954059
0.325651 -57.027218 1046.661914 3248.707715 -0.920139 0.269934 -0.283690 0.280329 0.959895 0.004112 0.273422 -0.075743 -0.958907
5.475677 -63.790744 4715.468101 6684.635070 -0.954856 0.145982 -0.258724 0.187313 0.971843 -0.142952 0.230571 -0.184961 -0.955315
-56.887932 -74.204489 3310.330080 4458.896483 0.528587 0.624254 -0.575242 -0.610871 0.750265 0.252863 0.589435 0.217739 0.777918
-54.389353 -73.459017 2608.589994 4307.350227 0.455196 0.654260 -0.603937 -0.612106 0.722526 0.321377 0.646624 0.223383 0.729367
-47.168000 -66.167576 6225.754842 -3240.640972 0.233053 0.815274 -0.530108 0.797128 -0.472396 -0.376071 0.557022 0.334919 0.759971
-61.681450 -81.510537 1024.192143 4045.863619 0.634965 0.446063 -0.630752 -0.379146 0.891305 0.248645 0.673103 0.081266 0.735070
-50.117516 -64.662816 6927.442794 -2360.324259 0.264735 0.821879 -0.504412 0.827615 -0.462115 -0.318596 0.494943 0.333115 0.802537
-59.086757 -74.083620 4841.892985 4958.098910 0.611458 0.580899 -0.537285 -0.592029 0.786365 0.176439 0.524995 0.210204 0.824739
-63.099930 -83.588302 1377.075934 4695.188193 0.712746 0.399838 -0.576300 -0.356449 0.914089 0.193354 0.604100 0.067609 0.794035
24.953632 -29.531806 2375.657770 -907.868117 0.104179 0.938304 0.329747 0.988809 -0.133316 0.066953 0.106783 0.319081 -0.941692
26.280634 -32.810957 -1114.047625 841.699795 0.103171 0.966400 0.235427 0.990727 -0.120879 0.062031 0.088405 0.226844 -0.969910
24.374965 -34.122904 -766.601317 -985.622352 0.046420 0.970475 0.236691 0.987492 -0.080324 0.135673 0.150679 0.227433 -0.962066
-20.332977 -26.184057 -4788.535910 6033.614682 -0.537274 -0.621690 -0.569945 0.842769 -0.422036 -0.334105 -0.032828 -0.659838 0.750690
-15.429831 -16.750889 10734.462278 -4207.660306 0.728054 -0.514572 -0.452937 -0.685389 -0.533504 -0.495596 -0.013376 -0.671259 0.741102
-17.531630 -33.374829 7144.945391 8202.628992 0.719140 0.504084 0.478266 0.693984 -0.555691 -0.457814 -0.034991 -0.661141 0.749445
0.637683 -23.311784 17432.199055 -11368.549588 0.754472 -0.477586 -0.450205 -0.655906 -0.573385 -0.490935 0.023677 -0.665689 0.745854
-26.117517 -40.952625 -6435.084098 8789.646378 -0.585645 -0.586746 -0.559240 0.808218 -0.475193 -0.347814 -0.061669 -0.655683 0.752513
-24.515599 -35.084153 -796.046518 5868.681560 -0.342193 -0.679062 -0.649445 0.936960 -0.298658 -0.181408 -0.070775 -0.670581 0.738452
-12.514815 -31.144713 6940.000771 -5251.838748 -0.475669 -0.613019 -0.630830 0.871807 -0.423952 -0.245391 -0.117013 -0.666687 0.736096
-18.513978 -22.510586 -4092.219249 6220.634287 0.392970 -0.703104 -0.592637 0.918669 0.271957 0.286507 -0.040272 -0.657026 0.752791
38.028278 -129.264440 -6789.743734 9684.953289 0.184782 0.952198 -0.243258 0.587347 -0.305450 -0.749483 0.787959 0.004386 0.615712
21.140137 -118.773518 -2761.315808 47.888799 0.125052 0.981490 -0.145050 0.432072 -0.185480 -0.882559 0.893127 -0.047694 0.447269
25.949932 -145.897553 -2894.404238 13433.707006 0.175380 0.974185 -0.142144 0.618611 -0.221364 -0.753869 0.765874 -0.044282 0.641464
24.708045 -107.000329 -4010.169339 -3903.845864 0.105849 0.960017 -0.259160 0.408953 -0.279590 -0.868670 0.906396 0.014036 0.422196
37.721296 -171.467642 -5874.337569 18865.101274 0.208624 0.960789 -0.182651 0.772588 -0.276418 -0.571577 0.599653 0.021870 0.799961
51.886786 -159.049596 -8669.334364 19593.246796 0.196122 0.940508 -0.277453 0.729964 -0.328958 -0.599115 0.654743 0.085031 0.751054
44.063461 -111.737094 -5928.362115 8219.868617 0.139853 0.920229 -0.365541 0.548489 -0.379353 -0.745152 0.824379 0.096284 0.557789
673.744867 -1647.246123 183422.777008 508066.289568 0.936425 0.121157 0.329285 0.342485 -0.519537 -0.782806 -0.076234 -0.845814 0.528002
79.029185 -487.168837 -83418.264255 -300374.591731 0.137321 -0.400766 -0.905831 0.884887 -0.361304 0.293998 -0.445104 -0.841930 0.305018
66.756845 -2890.440934 -80461.233710 -1659383.216881 0.476878 -0.130459 0.869234 -0.436635 0.823116 0.363084 -0.762848 -0.552685 0.335563
-9.374570 -71.517103 9494.425020 14885.894080 -0.057744 0.614126 0.787093 0.267835 0.769035 -0.580387 -0.961733 0.177297 -0.208892
-38.069141 -77.786508 25288.341733 9525.880576 -0.007520 0.670629 0.741755 0.323411 0.703540 -0.632800 -0.946229 0.235133 -0.222179
-37.716013 -152.408690 20723.153036 45582.790817 -0.081816 0.272543 0.958659 0.174998 0.950868 -0.255393 -0.981164 0.146868 -0.125491
4.030685 -52.558939 10344.285866 4824.804378 0.050605 0.858381 0.510511 -0.336404 -0.466645 0.817970 -0.940357 0.213131 -0.265148
-11.887770 -141.622835 10696.789704 39616.366785 -0.076368 0.348102 0.934341 0.111990 0.934143 -0.338874 -0.990771 0.078757 -0.110322
6.552232 -75.313184 -3832.138183 20099.737175 -0.110376 0.552481 0.826185 0.192263 0.827431 -0.527629 -0.975117 0.100607 -0.197550
10.612371 -44.311955 -2605.699108 -6347.663187 -0.058105 0.780009 0.623064 -0.298219 -0.609183 0.734821 -0.952727 0.143112 -0.268010
16.031256 -43.234640 1048.253020 -3480.985993 -0.030960 0.821693 0.569090 -0.338439 -0.544348 0.767557 -0.940479 0.168838 -0.294946
23.215646 -103.377819 25752.348514 -247.044684 0.847035 -0.023558 0.531014 0.249719 -0.864265 -0.436677 -0.469224 -0.502485 0.726180
32.359085 -120.954770 9883.068324 47591.090851 0.852762 -0.076109 0.516724 -0.158093 0.905304 0.394247 -0.497798 -0.417889 0.759977
24.861975 -88.947959 41287.009017 -28547.443512 0.913079 -0.125700 0.387926 0.058225 -0.901369 -0.429119 -0.403605 -0.414407 0.815702
40.696723 -60.810489 37202.307559 76904.169096 0.918843 -0.115530 0.377333 -0.023930 0.938114 0.345499 -0.393897 -0.326489 0.859215
53.502293 -17.488512 6408.282586 -5579.465503 -0.671264 0.653156 0.350415 -0.178792 -0.601478 0.778626 -0.719331 -0.460012 -0.520530
65.282473 -37.991636 8035.670045 -7434.500202 -0.543970 0.768559 0.336769 -0.233392 -0.524088 0.819061 -0.805993 -0.366946 -0.464464
55.228525 -31.526901 11181.905697 905.272458 -0.659602 0.617664 0.428271 -0.013734 -0.579610 0.814778 -0.751489 -0.531548 -0.390795
76.351407 -12.350324 38184.647343 1523.635664 -0.678295 0.393547 0.620513 -0.134438 0.763754 -0.631352 -0.722386 -0.511664 -0.465143
17.863728 -15.191080 -7983.331487 2785.461222 -0.656206 0.746019 0.113352 -0.358523 -0.440424 0.823097 -0.663969 -0.499482 -0.556473
30.275909 -0.759887 16866.327254 30085.962987 -0.656171 0.731017 -0.187226 0.645800 0.672342 0.361798 -0.390360 -0.116491 0.913263
115.681081 21.721863 54956.002061 36890.324280 0.873656 -0.243168 0.421421 0.182530 0.966696 0.179394 -0.451008 -0.079807 0.888945
83.341972 11.131187 24172.409896 50029.854390 -0.487896 0.872268 0.033261 0.816405 0.442501 0.371047 -0.308935 -0.208187 0.928018
-12.139360 -253.179062 -23470.403541 185639.185215 -0.377577 0.528730 -0.760185 0.841361 -0.146958 -0.520110 -0.386713 -0.835972 -0.389365
-14.291924 -6085.649126 -90580.432276 3608536.902163 -0.564346 0.586527 -0.580948 0.817948 0.492479 -0.297364 0.111693 -0.643001 -0.757677
-29.986078 -2302.008146 -22625.898220 1597287.440392 -0.351790 0.649817 -0.673781 0.935542 0.219693 -0.276580 -0.031701 -0.727649 -0.685217
13.080477 -1.581321 5340.675520 -654.758150 -0.511068 -0.825889 0.238154 0.859540 -0.490893 0.142179 -0.000516 0.277366 0.960764
16.159420 -0.308002 2982.265529 -2872.214080 -0.463125 -0.837583 0.289775 0.886139 -0.443687 0.133788 0.016511 0.318741 0.947698
8.220000 -5.070533 3216.474021 -1637.611306 -0.178626 -0.944669 0.275123 0.983820 -0.175407 0.036472 0.013804 0.277187 0.960717
18.762938 1.937604 1637.977249 -1818.331276 -0.605480 -0.743600 0.283642 0.795362 -0.577983 0.182579 0.028175 0.336146 0.941389
-0.094056 -8.270946 6109.952953 -1355.493809 -0.085776 -0.967292 0.238722 0.996250 -0.085995 0.009519 0.011321 0.238643 0.971041
5.464503 -7.862075 7821.595367 3042.088952 -0.639320 -0.747451 0.180516 0.768814 -0.617084 0.167730 -0.013977 0.246017 0.969165
17.979491 -2.805777 5227.880207 1576.183716 -0.679306 -0.700485 0.218779 0.733822 -0.651198 0.193512 0.006916 0.291998 0.956394
-17.464985 -47.656594 -2983.853334 -50.363183 0.188960 0.970580 0.149223 -0.065436 -0.139177 0.988103 -0.979802 0.196477 -0.037212
-17.964535 -46.617444 -2801.490854 -429.819555 0.184655 0.972724 0.140394 -0.200764 -0.102504 0.974262 -0.962079 0.208089 -0.176360
-9.424790 -47.704725 -3207.482975 -125.691872 0.153724 0.984174 0.088155 -0.066035 -0.078783 0.994702 -0.985905 0.158731 -0.052879
-24.645251 -46.799682 -2969.577594 -288.541646 0.215123 0.954659 0.205786 -0.206082 -0.161598 0.965099 -0.954596 0.250023 -0.161974
-12.397203 -47.950845 -3675.309770 -19.298554 0.171880 0.974066 0.147146 0.062818 -0.159902 0.985132 -0.983113 0.160081 0.088673
-23.405434 -47.145413 -3149.362567 70.403230 0.220461 0.955533 0.195843 -0.069057 -0.184989 0.980311 -0.972948 0.229644 -0.025204
-18.977319 -46.712784 -2190.817298 283.431359 0.218834 0.957178 0.189531 0.062076 -0.207502 0.976263 -0.973785 0.201874 0.104827
11.291520 -37.228488 246.957395 -1734.786103 0.059991 0.997323 0.041815 0.953597 -0.069642 0.292921 -0.295049 -0.022302 0.955222
13.070603 -43.482410 1526.650091 -1957.892471 0.042192 0.998124 0.044368 0.968745 -0.051734 0.242604 -0.244444 -0.032746 0.969110
12.339483 -39.905940 1284.926147 -1914.849792 0.094225 0.993527 0.063451 0.939421 -0.109830 0.324692 -0.329559 -0.029013 0.943689
-15.708808 -105.355577 1511.839705 -7456.351557 0.360294 0.931669 -0.046714 0.419808 -0.206660 -0.883772 0.833036 -0.298806 0.465580
-13.603451 -94.617399 1311.576965 -9929.450316 0.356184 0.934379 -0.008238 0.578263 -0.227341 -0.783536 0.733993 -0.274319 0.621292
-16.670168 -114.392219 -706.010899 -8427.374702 0.438716 0.896748 -0.058065 0.391447 -0.248872 -0.885907 0.808886 -0.365933 0.460214
-18.327347 -121.502838 -103.843223 -2033.064989 0.431425 0.897646 -0.090025 0.164352 -0.176323 -0.970515 0.887052 -0.403908 0.223600
-4.013437 -87.219254 -993.243676 1256.103068 0.575245 0.765560 -0.288117 -0.459412 0.010949 -0.888156 0.676782 -0.643272 -0.358006
-4.935159 -84.655907 -1037.220126 -1124.943164 0.560060 0.769651 -0.306546 0.581246 -0.101386 0.807387 0.590327 -0.630364 -0.504139
-8.080669 -83.895966 -1306.287552 2230.093724 0.567824 0.773690 -0.281032 -0.465541 0.020279 -0.884794 0.678857 -0.633239 -0.371699
-8.165012 -87.507335 -1455.707182 951.406335 0.578493 0.770472 -0.267804 -0.328007 -0.080871 -0.941207 0.746832 -0.632323 -0.205937
-6.553720 -60.200940 -1127.099308 -10032.521723 0.257638 0.237467 0.936607 -0.633238 0.773645 -0.021962 -0.729816 -0.587437 0.349694
-3.084908 -54.075693 -3457.229731 -7703.235450 0.157408 0.336478 0.928442 -0.724413 0.678303 -0.123008 -0.671155 -0.653213 0.350520
-14.443259 -72.091450 -3687.065449 -5757.099177 0.329667 0.149867 0.932126 -0.580292 0.810962 0.074847 -0.744702 -0.565580 0.354314
10.205567 -36.571847 -10276.215335 -2386.544091 -0.066445 0.528843 0.846115 -0.739170 0.543520 -0.397761 -0.670233 -0.651852 0.354790
-8.850417 -65.732668 -1822.158164 -2532.302200 0.328204 0.136530 0.934688 -0.518902 0.852889 0.057624 -0.789318 -0.503924 0.350768
-6.470414 -58.809269 864.339578 -6186.850394 0.299742 0.177570 0.937349 -0.549480 0.835325 0.017468 -0.779889 -0.520290 0.347953
-3.049805 -45.630576 -1313.979657 -9617.459240 0.140361 0.357501 0.923305 -0.670919 0.720135 -0.176841 -0.728125 -0.594641 0.340934
1941.462299 -79.500562 1883009.183714 -2973.468332 -0.463686 0.884980 0.042486 0.464383 0.201916 0.862310 -0.754549 -0.419571 0.504595
1098.916815 -73.365684 1093285.300153 24345.801942 -0.310499 0.950378 0.019297 0.483549 0.140438 0.863978 -0.818395 -0.277595 0.503160
1051.712369 -42.332789 920725.222808 10190.021276 -0.285781 0.950543 -0.121642 0.465907 0.248742 0.849152 -0.837413 -0.185997 0.513950
1683.708549 -88.437266 -1011767.383120 -2710.462762 0.792098 -0.506414 -0.340772 -0.477640 -0.166633 -0.862608 -0.380053 -0.846037 0.373874
3266.329589 -127.802487 2874938.573287 -23114.965075 -0.291110 0.951650 -0.098072 0.504100 0.239710 0.829712 -0.813104 -0.192099 0.549509
1098.970868 -34.985400 821917.714059 12253.725806 -0.606871 0.794109 -0.033132 0.454857 0.381189 0.804860 -0.651777 -0.473376 0.592539
-9.363570 -126.881349 -32.082659 1121.668435 -0.207290 0.817263 -0.537692 -0.375421 0.441091 0.815167 -0.903377 -0.370837 -0.215384
-9.609946 -133.657568 472.696614 1928.166630 -0.223404 0.808387 -0.544611 -0.326512 0.464387 0.823246 -0.918412 -0.361739 -0.160202
-8.481359 -132.423757 -21.941222 -2674.325579 -0.218780 0.828868 -0.514892 -0.197787 0.479052 0.855213 -0.955519 -0.288942 -0.059132
-9.326619 -126.685590 -492.823353 -4438.327116 -0.204304 0.837031 -0.507582 -0.255239 0.455034 0.853111 -0.945047 -0.303849 -0.120678
-9.896793 -119.551809 -242.655542 758.552044 -0.188870 0.825745 -0.531482 -0.422457 0.420258 0.803065 -0.886487 -0.376203 -0.269468
19.402236 -72.231486 -4264.735048 -3235.428440 -0.067436 0.583900 -0.809020 -0.709093 0.542383 0.450565 -0.701883 -0.604054 -0.377463
20.987811 -81.596386 3853.267818 -30099.503346 -0.003713 -0.572921 0.819602 -0.696419 0.589657 0.409029 -0.717626 -0.569268 -0.401182
17.753031 -88.839218 117.741601 -17674.598879 -0.013686 -0.564863 0.825071 -0.644984 0.635520 0.424393 -0.764073 -0.526350 -0.373025
38.385453 -25.171858 -12230.467877 83.706550 -0.439778 0.648090 0.621751 0.072401 0.715622 -0.694726 -0.895183 -0.260510 -0.361637
17.384139 -21.410482 -2295.110222 4006.444643 -0.396058 0.697998 0.596605 -0.123636 -0.684358 0.718588 -0.909864 -0.210841 -0.357343
37.054208 -25.563032 1968.503393 591.752482 -0.368815 0.702011 0.609225 -0.088630 -0.679005 0.728764 -0.925267 -0.214784 -0.312647
0.300346 -90.579923 756.236228 5883.508730 -0.227423 0.725833 -0.649188 -0.706134 0.336144 0.623203 -0.670562 -0.600144 -0.436089
-1.230345 -93.068870 566.167776 5174.714059 -0.225584 0.719323 -0.657028 -0.694378 0.354328 0.626331 -0.683338 -0.597516 -0.419552
0.263107 -84.793828 736.046236 3065.369393 -0.240149 0.730589 -0.639193 -0.603399 0.403457 0.687846 -0.760420 -0.550874 -0.343947
0.605171 -81.429271 402.460735 2668.906166 -0.240747 0.727193 -0.642831 -0.614303 0.398610 0.680985 -0.751447 -0.558838 -0.350753
-0.690875 -87.153011 -741.177051 7421.278973 -0.241999 0.712601 -0.658511 -0.697863 0.343691 0.628382 -0.674109 -0.611619 -0.414125
70.363628 -334.458026 20549.676584 101659.823705 0.802217 0.393056 0.449393 -0.457144 0.888541 0.038902 -0.384014 -0.236645 0.892487
157.169532 -859.860488 94776.322671 414576.506698 0.837311 0.256936 0.482592 -0.254614 0.964382 -0.071684 -0.483821 -0.062853 0.872907
45.852944 -192.049435 25793.424863 35176.227946 0.734017 0.565713 0.375750 -0.530313 0.823080 -0.203243 -0.424249 -0.050081 0.904160
525.450080 -817.971974 154499.573683 -370886.190302 -0.362433 -0.127406 -0.923260 0.881179 -0.369519 -0.294922 -0.303587 -0.920447 0.246193
902.527130 -1418.563458 628929.755839 145300.435074 -0.511769 0.073926 -0.855937 0.842049 0.240803 -0.482668 0.170431 -0.967754 -0.185485
993.953796 -1093.442213 694815.613314 -216212.544196 -0.259122 0.490890 -0.831795 0.865815 -0.263612 -0.425292 -0.428043 -0.830383 -0.356713
388.597823 -706.763805 341840.948038 -91954.154731 -0.226503 0.351212 -0.908486 0.679338 -0.611445 -0.405751 -0.697994 -0.709073 -0.100097
-76.070212 -2724.594881 -154889.382862 2178620.757746 0.489642 -0.451166 0.746123 0.610017 -0.434168 -0.662855 0.623000 0.779710 0.062632
-61.770088 -1665.779618 -36504.316673 959843.325390 -0.489701 0.578079 -0.652700 0.425066 -0.495324 -0.757610 0.761256 0.648443 0.003161
-64.023179 -1166.470269 20294.045402 -637506.712706 -0.412445 0.508264 -0.756014 -0.197461 0.760279 0.618857 0.889325 0.404528 -0.213211
-59.792380 -1275.195150 34199.590993 -364651.575357 0.460256 -0.549931 0.696951 0.800088 -0.083275 -0.594074 0.384738 0.831048 0.401665
-69.543972 -814.458836 15533.516028 -311945.005996 -0.402644 0.481583 -0.778431 -0.260506 0.754959 0.601809 0.877505 0.445100 -0.178524
-101.684704 -2489.665531 23529.733024 -1709203.476966 0.355222 -0.516819 0.778920 0.923721 0.066264 -0.377292 0.143378 0.853527 0.500934
-122.287861 -2625.114814 -95299.469081 1625294.794680 0.510733 -0.583085 0.631794 0.538438 -0.355967 -0.763788 0.670251 0.730274 0.132151
-261.750278 -2864.157684 184420.451947 1610359.357128 -0.556087 0.632055 -0.539697 0.720704 0.043292 -0.691890 -0.413948 -0.773713 -0.479599
298.420668 -29098.945228 726617.420986 -56148670.935582 -0.323059 0.713645 -0.621566 0.928590 0.365778 -0.062671 0.182630 -0.597426 -0.780851
-412.409171 -7284.909977 150062.634226 7823775.302773 -0.359890 0.649672 -0.669630 0.932922 0.259558 -0.249573 0.011667 -0.714532 -0.699506
46.032039 9.718970 -14156.769422 -12554.113141 -0.831047 -0.537417 -0.143331 -0.499737 0.834594 -0.231767 0.244178 -0.120982 -0.962154
30.099500 -13.818456 4304.497512 -15612.137784 0.497650 0.864738 0.067625 -0.837070 0.499229 -0.223796 0.227285 -0.054765 -0.972287
31.445101 -5.625252 -5723.181208 -13208.667644 -0.742858 -0.668840 -0.028543 -0.645577 0.727001 -0.233878 0.177178 -0.155311 -0.971847
-2.422781 -32.233676 -4533.596357 1396.265006 -0.966762 -0.170900 -0.190168 -0.156303 0.983656 -0.089388 0.202336 -0.056693 -0.977674
-14.542607 -30.022568 -3786.153788 909.428266 -0.942110 -0.293224 -0.162632 -0.292089 0.955876 -0.031398 0.164662 0.017923 -0.986187
-2.174224 -29.234394 -3682.236318 1404.585694 -0.968402 -0.162078 -0.189548 -0.161422 0.986703 -0.018999 0.190106 0.012199 -0.981688
4.258819 -27.388358 -2224.395246 782.902373 -0.981943 -0.073785 -0.174197 -0.080533 0.996239 0.031986 0.171182 0.045437 -0.984191
7.381588 -30.559074 -3354.132063 839.365213 -0.979101 -0.074726 -0.189147 -0.067535 0.996738 -0.044187 0.191832 -0.030489 -0.980954
17.972632 -38.703634 -18804.077189 489.089371 0.711045 0.412709 0.569286 0.630536 -0.732562 -0.256469 -0.311191 -0.541317 0.781112
48.130571 -37.933892 -23158.522481 -219.383095 0.681656 0.454951 0.573032 0.642324 -0.747135 -0.170905 -0.350379 -0.484570 0.801515
65.756164 -38.116673 38351.162018 268.317934 -0.667845 -0.449075 -0.593562 0.682650 -0.687360 -0.248042 -0.296601 -0.570848 0.765611
-1898.107822 -1964.641800 902476.773718 -1612408.891218 0.450392 0.818703 0.356192 0.365019 -0.532930 0.763379 -0.814806 0.213803 0.538869
-1989.734938 -2613.746418 -1027034.952210 1183646.160325 0.570797 -0.164761 0.804391 -0.019169 0.976720 0.213661 -0.820868 -0.137377 0.554350
-2533.675047 -3891.927674 1197710.557018 7551375.621947 0.811800 0.537513 0.228169 -0.460900 0.829733 -0.314826 -0.358542 0.150412 0.921316
-1893.015598 -2270.094155 1495817.787339 -2416530.650301 0.790212 0.612735 -0.010996 0.472023 -0.597104 0.648584 -0.390844 0.517709 0.761064
-2699.307156 -6861.351562 266744.773048 -5714017.703184 0.783858 -0.435197 0.442910 -0.619877 -0.590165 0.517164 -0.036322 0.679933 0.732374
-1781.835397 -3252.010738 1163902.977396 -745507.172909 0.955930 0.231987 -0.179945 0.268708 -0.938261 0.217856 0.118296 0.256608 0.959249
1.140645 -112.839540 -963.840064 -35849.004575 -0.599304 -0.512459 0.614996 0.655129 0.127525 0.744676 -0.460044 0.849190 0.259301
-35.062110 -281.492386 -9686.324237 98850.186228 0.494014 -0.037074 0.868663 0.766031 0.491155 -0.414684 -0.411274 0.870283 0.271037
-100.033094 -282.556288 -32179.890983 -123032.975310 -0.554321 -0.515154 0.653716 0.702507 0.131605 0.699403 -0.446332 0.846934 0.288948
8.987814 -212.185110 231.264019 39929.691259 -0.563030 -0.722521 0.401199 0.782168 -0.622620 -0.023608 0.266852 0.300513 0.915686
15.096768 -233.768311 59.575611 26395.688199 -0.586632 -0.696015 0.414036 0.809849 -0.505883 0.297031 0.002715 0.509554 0.860434
7.457944 -204.446534 1172.497582 -37416.410286 0.613077 0.645877 -0.454951 -0.721432 0.692402 0.010799 0.321984 0.321595 0.890451
52.435496 -74.312206 -6800.816011 -71029.521579 0.153563 0.987963 -0.018662 0.504364 -0.094608 -0.858293 0.849727 -0.122389 0.512821
43.372256 -42.942992 -5657.063964 -44888.077690 0.337244 0.934236 -0.116057 0.474935 -0.275280 -0.835858 0.812836 -0.226769 0.536538
40.620716 -19.099486 -4946.568305 -27714.509072 0.136293 0.990599 -0.011755 0.494603 -0.078322 -0.865583 0.858366 -0.112158 0.500628
-54.699786 -83.675919 -537.091078 8957.522193 -0.607872 0.752878 0.252323 0.584701 0.639415 -0.499273 0.537231 0.155961 0.828890
-45.150746 -74.435078 -1612.253400 4220.037495 -0.380355 0.924546 -0.023325 0.760864 0.298480 -0.576191 0.525753 0.236904 0.816982
-40.370596 -67.238400 -537.530980 3369.390071 -0.226249 0.944037 -0.240013 0.806024 0.043091 -0.590312 0.546934 0.327014 0.770666
20.372232 -101.257122 31261.312632 -3460.612722 -0.378261 0.920350 0.099369 0.769736 0.372344 -0.518524 0.514223 0.119649 0.849269
12.521578 -88.797253 30206.077490 -13877.318165 -0.308578 0.950323 0.040811 0.866227 0.298479 -0.400700 0.392975 0.088295 0.915300
-19.012260 -97.528281 20592.822540 -14977.986978 -0.188494 0.981951 0.015590 0.849977 0.171071 -0.498270 0.491944 0.080670 0.866881
-183.220210 -1071.162902 -32355.241107 -743866.894851 -0.236077 0.803262 0.546844 0.358906 0.595036 -0.719109 0.903025 -0.026501 0.428770
-77.164843 -649.369955 124971.397695 -301992.264684 -0.655130 0.728460 0.200378 0.216231 0.434911 -0.874126 0.723912 0.529338 0.442439
-88.253456 -773.117042 -9806.017988 -530152.068957 -0.316570 0.733062 0.602000 0.414737 0.677731 -0.607185 0.853098 -0.057455 0.518577
37.357940 -45.031615 3196.353728 -617.667731 -0.286947 0.940462 0.182188 0.187451 0.241634 -0.952090 0.939427 0.239048 0.245626
31.748831 -43.563581 6242.685050 -883.457045 -0.352747 0.920052 0.170513 0.215612 0.257244 -0.941986 0.910539 0.295518 0.289116
22.125018 -44.550967 7046.836748 -1139.741057 -0.403803 0.897779 0.175889 0.123049 0.243813 -0.961985 0.906533 0.366809 0.208923
-15.966088 -130.262310 637.953250 -25802.669189 0.895844 -0.176340 0.407883 0.337599 -0.326772 -0.882750 -0.288949 -0.928506 0.233205
-13.631861 -111.208040 1607.606785 -22769.025709 0.904929 -0.130582 0.405033 0.313517 -0.439018 -0.842003 -0.287767 -0.888938 0.356341
-15.282857 -100.634661 820.315432 -22112.269771 0.899825 -0.177474 0.398519 0.280973 -0.463041 -0.840623 -0.333720 -0.868387 0.366790
-10.645608 -27.270037 -1960.565169 5563.728191 -0.166264 0.906298 0.388562 -0.880578 -0.313799 0.355123 -0.443777 0.283115 -0.850240
-9.704134 -28.485251 247.234992 5883.753242 -0.067614 0.937888 0.340285 -0.893427 -0.208728 0.397771 -0.444091 0.277125 -0.852047
-7.246142 -14.549423 -869.775213 6076.917946 -0.265691 0.862678 0.430342 -0.826251 -0.433755 0.359397 -0.496707 0.260081 -0.828034
-12.963536 -39.716611 -136.125013 4589.534765 -0.059564 0.936493 0.345592 -0.929824 -0.178001 0.322091 -0.363152 0.302155 -0.881376
-7.900152 -15.046994 -585.108607 5605.282960 -0.465547 0.721665 0.512314 -0.734005 -0.638260 0.232077 -0.494472 0.267999 -0.826846
-13.740381 -37.854041 -2204.959500 4062.314442 -0.106755 0.920580 0.375682 -0.925511 -0.230087 0.300815 -0.363363 0.315584 -0.876569
-12.258365 -26.659003 -2093.041183 5003.557266 -0.270457 0.854734 0.443037 -0.855664 -0.424327 0.296287 -0.441239 0.298958 -0.846128
-0.942013 -63.416071 -1423.493656 -975.914467 0.086417 0.853556 -0.513784 0.976634 0.029278 0.212907 0.196771 -0.520177 -0.831082
-2.984910 -63.332445 -249.821171 -268.472805 0.054030 0.863942 -0.500685 0.982873 0.042458 0.179327 0.176186 -0.501799 -0.846851
4.071374 -62.253501 -2207.911643 -775.339599 0.114604 0.845508 -0.521519 0.990839 -0.059535 0.121216 0.071441 -0.530634 -0.844585
-4.129860 -64.455936 -162.583724 -406.963717 0.068533 0.867882 -0.492020 0.937226 0.113019 0.329901 0.341923 -0.483743 -0.805656
-1.721462 -65.187637 -1343.005579 -959.762669 0.089990 0.857385 -0.506748 0.929926 0.109830 0.350964 0.356567 -0.502821 -0.787420
2.864220 -62.734635 -2059.250227 -1967.852453 0.107863 0.849775 -0.515992 0.969594 0.024762 0.243463 0.219665 -0.526563 -0.821266
-9.804483 -91.922518 508.890645 -4326.952633 -0.047449 0.987236 0.152032 -0.077684 0.148095 -0.985917 0.995848 0.058591 -0.069666
-11.475492 -89.439450 370.206388 -2992.251367 -0.012969 0.992722 0.119725 -0.075892 0.118413 -0.990060 0.997032 0.021927 -0.073804
-12.726189 -94.410763 203.970386 -2556.675018 -0.002230 0.990402 0.138199 -0.292943 0.131489 -0.947045 0.956127 0.042596 -0.289838
-12.130129 -88.624612 99.300966 -1858.271411 0.029929 0.995110 0.094126 -0.076504 0.096172 -0.992420 0.996620 -0.022502 -0.079008
-13.105039 -92.723450 4.372728 -1694.977609 0.037064 0.994087 0.102064 -0.290153 0.108439 -0.950816 0.956262 -0.005627 -0.292457
49.565756 -47.542538 -4979.551861 2736.010277 -0.294404 0.947806 -0.122432 0.954199 0.284395 -0.092861 -0.053196 -0.144164 -0.988123
45.018517 -44.192145 -4676.333708 -4183.571421 -0.246902 0.948037 -0.200661 0.968548 0.248031 -0.019899 0.030905 -0.199263 -0.979459
46.908107 -52.853573 -1113.695888 -8977.352508 -0.236397 0.968488 -0.078408 0.970665 0.231741 -0.064075 -0.043886 -0.091255 -0.994860
14.886335 -40.247205 -1992.252993 3070.886047 -0.073753 0.985793 0.150904 0.862915 0.138936 -0.485875 0.499938 -0.094383 0.860903
110.021708 -40.777389 20384.361441 -2564.318527 0.132488 0.981364 0.139179 0.839686 -0.036516 -0.541843 0.526663 -0.188655 0.828876
95.340630 -39.313979 34330.010849 -1000.664071 0.025069 0.997775 -0.061774 0.830040 -0.055214 -0.554964 0.557140 0.037362 0.829577
-2.292712 -27.285836 -1441.103151 -2534.709184 -0.053717 0.985355 0.161833 0.575040 0.163021 -0.801719 0.816360 -0.049994 0.575376
-4.091621 -22.653405 -1965.336057 -2143.828489 -0.059836 0.980341 0.188021 0.619971 0.184123 -0.762715 0.782340 -0.070929 0.618800
-0.443948 -22.326039 -1683.811013 -2840.312397 -0.129872 0.954892 0.267049 0.628257 0.287614 -0.722891 0.767090 -0.073892 0.637270
2.564817 -118.774106 755.341197 -18151.445721 0.876082 0.085433 0.474533 0.271956 -0.900240 -0.340010 -0.398146 -0.426929 0.811918
4.227234 -108.889363 1023.769315 5799.756732 0.878595 0.076642 0.471378 -0.211260 0.947584 0.239694 -0.428300 -0.310178 0.848734
2.159988 -106.475500 1257.687358 3206.610130 0.886758 0.058264 0.458548 -0.178602 0.958168 0.223641 -0.426336 -0.280213 0.860069
23.404716 -206.192298 3906.560090 -6625.072614 0.951216 -0.114023 0.286682 -0.225542 0.377042 0.898315 0.210520 0.919151 -0.332931
13.799317 -186.001312 1177.204000 -25328.294411 0.956656 -0.109230 0.269961 -0.146094 0.621907 0.769343 0.251926 0.775436 -0.578993
61.753690 -95.434118 -6694.374999 -6357.697765 0.996190 -0.079208 0.036489 -0.081350 -0.994785 0.061525 -0.031426 0.064259 0.997438
68.910751 -91.782395 -4092.875521 -7027.992799 0.999158 0.024896 -0.032600 0.026668 -0.998125 0.055086 0.031167 0.055909 0.997949
101.700405 -108.615256 -13273.424552 -11755.994471 0.999448 0.033035 -0.003543 0.032300 -0.991067 -0.129395 0.007786 -0.129209 0.991587
25.738987 -159.466204 7413.282474 -4652.711039 0.780070 0.119137 0.614245 0.511671 -0.686483 -0.516656 -0.360116 -0.717319 0.596464
-4.587662 -265.902674 -31116.412643 -31429.108655 0.734350 -0.559457 0.384367 0.546161 0.150782 -0.823998 -0.403035 -0.815029 -0.416281
22.973840 -204.815028 -63723.608796 -70483.115113 0.697756 -0.578894 0.421922 0.461106 -0.087778 -0.882993 -0.548194 -0.810665 -0.205684
287.785809 -864.413813 190847.401571 -113598.281741 -0.416433 0.186348 -0.889864 0.822079 0.495196 -0.281012 0.388291 -0.848561 -0.359409
