13871
27734
-39.145948 -58.281650 -1617.720566 8206.926210 -0.129615 0.975224 -0.179269 0.962026 0.079882 -0.261007 0.240220 0.206292 0.948545
-46.526533 -67.566623 -1298.389360 6050.597562 0.045626 -0.964567 0.259865 0.993696 0.017155 -0.110791 0.102408 0.263281 0.959268
-40.197529 -79.641324 3874.648977 12545.958144 0.447610 -0.888512 0.100953 0.885302 0.424397 -0.190071 0.126036 0.174451 0.976566
-37.210513 -57.139269 -975.591303 4415.761554 -0.338967 -0.865665 0.368409 0.920079 -0.386758 -0.062231 0.196356 0.317871 0.927579
-27.233566 -76.194087 -6689.601235 16993.341105 -0.380721 0.924675 -0.005218 0.882270 0.361560 -0.301454 0.276861 0.119373 0.953466
-27.376435 -46.491891 -4428.466626 7119.454016 -0.080588 0.991187 -0.105137 0.932685 0.037782 -0.358709 0.351575 0.126967 0.927510
-30.942773 -46.613115 -267.647668 4624.355748 0.384914 0.862377 -0.328857 0.871668 -0.456786 -0.177600 0.303376 0.218293 0.927530
-52.985703 -74.589172 -710.045145 1600.651110 -0.404501 -0.667389 0.625277 0.747409 0.152765 0.646562 -0.527029 0.728873 0.437019
-52.341886 -74.291335 -696.089794 610.422426 -0.470870 -0.652006 0.594281 0.793346 -0.018321 0.608496 -0.385855 0.757993 0.525893
-52.650593 -74.103462 -1853.605123 708.804743 -0.527984 -0.542765 0.653176 0.750185 0.062429 0.658275 -0.398066 0.837561 0.374213
-50.581600 -72.939077 288.267854 494.756826 -0.497949 -0.501982 0.707150 0.709564 0.232960 0.665018 -0.498565 0.832913 0.240186
-52.200819 -74.006340 -3143.246037 686.070466 -0.456196 -0.551796 0.698145 0.715072 0.239665 0.656683 -0.529676 0.798800 0.285240
31.054831 -46.881204 17403.760806 -477.068445 0.195630 -0.723775 -0.661724 0.958041 0.285192 -0.028702 0.209492 -0.628344 0.749198
-18.446756 -56.259845 15060.091308 -1144.973397 0.394591 -0.642999 -0.656391 0.888508 0.449086 0.094205 0.234203 -0.620382 0.748516
15.311822 -52.130776 22866.341254 -896.167372 0.195748 -0.676876 -0.709593 0.975056 0.211548 0.067185 0.104637 -0.705044 0.701402
1.245072 -50.778310 15243.312496 -97.316553 0.344603 -0.649449 -0.677838 0.878833 0.477019 -0.010255 0.330002 -0.592173 0.735140
43.131042 -40.414518 7853.622818 -978.556895 0.187121 -0.825488 -0.532498 0.955477 0.278839 -0.096504 0.228144 -0.490732 0.840912
27.778327 -43.431314 11860.349624 259.918248 0.256719 -0.740868 -0.620654 0.908037 0.404822 -0.107643 0.331004 -0.535943 0.776661
54.163893 -39.478975 7270.173859 -1860.947771 0.133745 -0.862007 -0.488934 0.983613 0.175658 -0.040628 0.120907 -0.475488 0.871374
3.550215 -48.958471 484.388106 221.203697 0.396541 0.905047 -0.153771 -0.205337 -0.075816 -0.975750 0.894758 -0.418500 -0.155775
1.643911 -49.263711 -250.673302 -611.329032 0.413760 0.892787 -0.178139 -0.147553 -0.127323 -0.980825 0.898349 -0.432111 -0.079052
2.147969 -51.417018 267.700692 -215.789613 0.402636 0.904538 -0.140344 -0.062150 -0.125952 -0.990088 0.913248 -0.407367 -0.005504
3.449915 -47.277876 -61.147596 1333.091522 0.404855 0.892588 -0.198440 -0.318979 -0.065521 -0.945494 0.856939 -0.446086 -0.258190
3.728121 -50.033386 -538.488778 -1143.604898 0.411676 0.902094 -0.129420 -0.108529 -0.092472 -0.989783 0.904845 -0.421516 -0.059835
4.475790 -49.119169 -597.662761 783.101765 0.412782 0.898861 -0.147170 -0.240407 -0.048328 -0.969468 0.878530 -0.435560 -0.196143
4.760552 -48.355077 384.639619 1731.487834 0.394583 0.903970 -0.164752 -0.341181 -0.022344 -0.939732 0.853170 -0.427012 -0.299601
0.432871 -64.220029 695.111191 -83.685187 0.169964 0.926010 -0.337071 0.983400 -0.181434 -0.002573 -0.063539 -0.331038 -0.941476
0.985928 -62.153042 453.714061 -1620.518286 0.155534 0.927124 -0.340954 0.953936 -0.230606 -0.191906 -0.256546 -0.295400 -0.920284
0.764564 -62.584654 617.514807 -968.022342 0.159948 0.927961 -0.336608 0.976917 -0.197721 -0.080871 -0.141600 -0.315903 -0.938166
0.867827 -62.614976 -337.496329 857.033354 0.165177 0.921979 -0.350244 0.986216 -0.150918 0.067830 0.009680 -0.356620 -0.934199
0.639234 -62.337470 581.922930 705.258509 0.161102 0.926694 -0.339534 0.986387 -0.139695 0.086750 0.032960 -0.348888 -0.936585
-0.366247 -62.840944 -1414.876166 -1354.732771 0.160000 0.914197 -0.372349 0.962455 -0.228270 -0.146880 -0.219274 -0.334868 -0.916397
25.354935 -55.578073 -3692.119368 -274.739026 0.268725 0.933775 -0.236330 -0.773320 0.062876 -0.630891 0.574251 -0.352295 -0.739003
27.327648 -58.375453 -3172.919411 -3592.335229 0.189815 0.958192 -0.214100 -0.818476 0.033986 -0.573535 0.542280 -0.284101 -0.790708
18.831736 -60.690435 -1673.334012 -6536.797422 0.286595 0.932867 -0.218226 -0.825840 0.125087 -0.549856 0.485645 -0.337805 -0.806248
5.379365 -105.339958 -3596.495224 7384.042707 -0.124537 0.991436 0.039306 -0.515971 -0.098548 0.850918 -0.847505 -0.085690 -0.523825
-2.150335 -100.201665 -4085.991602 8014.902774 -0.104261 0.994537 -0.005047 -0.496732 -0.047677 0.866593 -0.861619 -0.092858 -0.498989
5.863560 -116.522769 -4313.183784 3694.714227 -0.101565 0.994521 -0.024762 -0.716997 -0.055923 0.694829 -0.689637 -0.088325 -0.718748
-0.402526 -48.606551 -25.481695 109.068114 0.405432 0.886505 -0.223012 -0.099483 -0.199723 -0.974789 0.908696 -0.417397 -0.007218
-2.929953 -48.409760 -1132.662317 1038.032844 0.413685 0.879067 -0.236867 -0.085650 -0.221441 -0.971405 0.906382 -0.422144 0.016315
-1.908177 -48.386492 -786.363708 990.350172 0.415016 0.890494 -0.186500 0.005726 -0.207539 -0.978210 0.909796 -0.404905 0.091231
315.366857 -14.423189 92756.384595 1457.427778 -0.673795 0.496758 -0.547021 0.726211 0.308480 -0.614376 -0.136451 -0.811216 -0.568603
384.339687 -16.366357 92908.833997 3317.531850 -0.668911 0.409314 -0.620500 0.735742 0.245497 -0.631201 -0.106029 -0.878745 -0.465366
253.000731 -14.569794 -14438.047190 1564.560122 -0.621506 -0.037602 -0.782506 0.754250 0.241256 -0.610657 0.211746 -0.969733 -0.121581
180.113508 -17.542643 18201.667761 -2455.875381 -0.691503 0.164463 -0.703403 0.717117 0.273544 -0.641028 0.086987 -0.947695 -0.307096
166.380893 -18.984495 45123.536402 -4635.232561 -0.672505 0.490394 -0.554303 0.726839 0.296522 -0.619500 -0.139436 -0.819505 -0.555850
177.737498 -12.888232 53007.416486 -3484.773070 -0.535805 0.689683 -0.487083 0.798613 0.226685 -0.557523 -0.274099 -0.687715 -0.672249
-20.846344 -45.485112 -2637.212348 -690.794039 -0.183108 0.981096 0.062619 0.816918 0.187283 -0.545499 0.546915 0.048731 0.835769
-16.079893 -44.211645 -2421.853264 -556.309570 -0.182277 0.981073 0.065355 0.878669 0.192360 -0.436966 0.441267 0.022224 0.897101
-12.002339 -45.492837 -3865.710936 -242.473734 -0.078845 0.995212 0.057770 0.847167 0.097436 -0.522317 0.525445 -0.007759 0.850792
0.162373 -243.451505 136.846159 1545.429289 0.595101 -0.396419 0.699075 0.780661 0.078574 -0.619996 0.190849 0.914701 0.356228
0.591196 -249.514084 -213.131260 25503.736350 0.589385 -0.397487 0.703299 0.732761 -0.103500 -0.672570 0.340129 0.911752 0.230261
-2.548819 -241.639309 266.812580 15311.202262 0.583954 -0.393414 0.710087 0.656633 -0.285410 -0.698122 0.477317 0.873937 0.091663
-2.206229 -225.805004 631.140158 25362.513291 0.561842 -0.401406 0.723330 0.588676 -0.420318 -0.690502 0.581200 0.813760 0.000146
-3.404452 -243.259986 1395.203794 2434.704330 0.596574 -0.412309 0.688550 0.772736 0.063392 -0.631554 0.216747 0.908836 0.356424
-5.596394 -233.792357 1502.287024 26438.739873 0.595014 -0.415897 0.687741 0.619424 -0.307953 -0.722135 0.512126 0.855684 0.074380
-4.359949 -203.943460 -163.498026 -16203.582526 0.586325 -0.394194 0.707696 -0.460139 0.556936 0.691444 0.666704 0.731050 -0.145162
-3.479720 -206.881815 -48.642867 -14645.722560 0.557724 -0.378152 0.738881 -0.458699 0.601487 0.654071 0.691765 0.703715 -0.162006
-10.742924 -39.341289 1547.441847 -1068.899969 -0.224583 0.865531 0.447682 0.740813 -0.146809 0.655471 -0.633055 -0.478856 0.608226
-9.670475 -38.286545 195.276727 -1070.141944 -0.214662 0.868309 0.447169 0.689476 -0.189559 0.699064 -0.691768 -0.458375 0.557987
-12.322545 -37.217984 1284.855489 -988.291175 -0.192958 0.840249 0.506704 0.699536 -0.244318 0.671535 -0.688053 -0.484035 0.540641
-16.146124 -36.832286 2185.933898 -834.546894 -0.207766 0.835500 0.508698 0.748375 -0.199112 0.632684 -0.629895 -0.512147 0.583898
0.172721 -434.153740 -718.328372 17836.069101 -0.499878 0.435814 -0.748457 0.389967 0.884875 0.254797 0.773335 -0.164506 -0.612283
-7.191191 -362.004540 3462.453111 43221.856277 -0.554952 0.351843 -0.753813 0.100775 0.927914 0.358915 0.825756 0.123215 -0.550405
-22.539142 -360.675774 577.892029 50046.771682 -0.487554 0.412590 -0.769454 -0.050683 0.866437 0.496708 0.871620 0.281170 -0.401524
9.837189 -710.876410 -406.017086 238304.062362 -0.427588 0.523940 -0.736652 0.051010 0.827590 0.559011 0.902533 0.201450 -0.380594
-23.534084 -337.504265 -1994.064090 63878.146819 -0.452586 0.502509 -0.736649 -0.308208 0.687033 0.658022 0.836764 0.524853 -0.156064
-15.586981 -1532.137302 24245.856056 318211.795679 0.040753 -0.454033 0.890053 0.580323 0.735898 0.348824 -0.813366 0.502303 0.293476
-24.345610 -754.275814 6304.064454 180391.200326 -0.008011 -0.394362 0.918920 0.812252 0.533430 0.236006 -0.583251 0.748286 0.316048
-61.286212 -1604.367900 11855.908396 -178210.085128 0.043858 -0.326374 0.944223 0.155659 0.935822 0.316240 -0.986837 0.133107 0.091846
-3.132522 -33.659047 4362.419670 -1723.525968 0.132808 0.834704 0.534445 -0.435178 0.533574 -0.725203 0.890496 0.136266 -0.434107
-9.909631 -37.925401 3287.486335 -2676.024477 0.033796 0.941089 0.336465 -0.469537 0.312142 -0.825895 0.882266 0.130071 -0.452425
-12.016788 -40.590433 2060.051556 -3267.363317 0.043054 0.928260 0.369431 -0.541630 0.332405 -0.772104 0.839514 0.166853 -0.517085
-12.032974 -41.640584 1371.225994 -3538.032894 0.077184 0.892578 0.444238 -0.580168 0.402569 -0.708055 0.810831 0.203082 -0.548918
-3.729561 -35.097198 3436.513389 -1713.040422 0.169881 0.791937 0.586495 -0.469056 0.588386 -0.658626 0.866676 0.163211 -0.471419
-15.971503 -49.409692 762.715950 -3381.785504 -0.007213 0.955717 0.294200 -0.645831 0.220165 -0.731047 0.763446 0.195276 -0.615644
7.974764 5.636470 2054.540175 721.231753 0.728044 -0.650275 0.217015 0.419367 0.672890 0.609385 -0.542295 -0.352650 0.762597
23.848024 -0.993497 -8773.055623 -2696.591198 0.082845 0.879287 0.469032 0.824110 -0.325080 0.463859 -0.560338 -0.348106 0.751561
13.193019 -12.664167 2450.296108 -9427.942827 0.680953 0.298670 0.668655 -0.454467 0.888312 0.066041 -0.574250 -0.348852 0.740634
15.303316 -14.043647 -2218.316610 -6373.521637 0.844896 -0.344614 0.409135 0.122617 0.869239 0.478945 -0.520688 -0.354492 0.776672
26.941094 -4.913763 -7990.922528 2971.773330 -0.453187 0.890433 0.041834 0.691175 0.321363 0.647305 -0.562938 -0.322265 0.761082
1.038504 -202.749057 1400.497320 5594.022717 0.044069 0.977332 0.207077 -0.942836 -0.027850 0.332091 -0.330330 0.209875 -0.920236
-0.098415 -203.083877 109.132357 421.642811 0.059129 0.981222 0.183597 0.980881 -0.022949 -0.193249 -0.185407 0.191513 -0.963819
-1.307304 -216.071043 755.116227 825.729139 0.104257 0.976473 0.188761 0.992639 -0.113925 0.041087 0.061625 0.183088 -0.981163
-1.290164 -211.216408 -261.162082 -339.995980 0.160847 0.966948 0.197839 -0.910905 0.222607 -0.347417 0.379974 0.124331 -0.916603
-1.561984 -236.210149 195.321052 725.446921 0.142728 0.969781 0.197873 -0.923571 0.202377 -0.325670 0.355873 0.136267 -0.924546
-9.977690 -64.831190 -3116.158164 -9443.465736 0.096498 -0.366192 0.925522 0.945431 -0.257012 -0.200263 0.311205 0.894342 0.321408
3.072162 -63.601662 -1378.291550 902.197360 0.191892 -0.411802 0.890841 0.912856 -0.258418 -0.316091 0.360376 0.873865 0.326327
-2.096381 -51.319889 -227.335870 4736.722258 0.120858 -0.413913 0.902258 0.950191 -0.214807 -0.225822 0.287282 0.884609 0.367336
10.449218 -179.914599 -2580.354402 -24709.375306 -0.002430 -0.053964 -0.998540 0.988181 -0.153176 0.005874 -0.153270 -0.986724 0.053699
10.426158 -442.657369 -829.442642 -119069.367628 -0.094460 -0.037222 -0.994833 0.995469 -0.014465 -0.093979 -0.010892 -0.999202 0.038420
20.327426 -450.906065 3610.875875 -126935.296478 -0.136482 0.008122 -0.990609 0.990540 -0.013269 -0.136582 -0.014254 -0.999879 -0.006234
11.886052 -166.338574 509.391115 -40178.217219 -0.034675 0.008907 -0.999359 0.988949 -0.143921 -0.035596 -0.144146 -0.989549 -0.003818
-9.237665 -32.440968 -3921.939051 163.462309 0.284907 0.853368 -0.436567 0.217712 -0.501149 -0.837527 0.933504 -0.143572 0.328569
-10.024667 -34.697105 536.395249 636.130618 0.249010 0.872087 -0.421257 0.231838 -0.475986 -0.848345 0.940343 -0.113583 0.320708
-9.597570 -33.429241 -879.312927 -1533.343608 0.270407 0.821874 -0.501402 0.160088 -0.551938 -0.818374 0.949343 -0.141026 0.280820
-11.128127 -31.944408 -3547.908872 -1068.430472 0.284843 0.794262 -0.536667 0.114441 -0.584033 -0.803622 0.951718 -0.167490 0.257254
-33.564433 -72.480067 22919.911395 -29352.481589 -0.028408 0.989690 -0.140378 0.129318 0.142893 0.981254 -0.991196 -0.009722 0.132044
-15.138671 -30.216312 -1073.760273 10984.178909 0.324172 -0.593842 0.736386 0.203259 0.803965 0.558861 -0.923904 -0.031490 0.381326
-25.594467 -57.107475 -551.290050 -17508.889483 -0.005103 0.790529 0.612404 0.303036 -0.582392 0.754313 -0.952965 -0.189430 0.236587
-80.818652 -1137.375594 -22952.836693 -443814.555623 -0.272665 0.946463 0.172804 0.043116 -0.167408 0.984944 -0.961143 -0.276010 -0.004838
-15.813038 -61.645754 7169.801337 -15883.710332 -0.054832 0.881342 0.469287 0.397829 -0.411795 0.819852 -0.915820 -0.231650 0.328043
-29.238329 -185.489321 -11214.766448 -71844.341196 -0.287112 0.928216 0.236603 0.289505 -0.151367 0.945132 -0.913101 -0.339857 0.225264
-51.907535 -73.187732 -1139.937325 -2693.395396 0.271427 0.747940 -0.605733 0.507964 0.423243 0.750225 -0.817496 0.511322 0.265047
-51.180428 -69.573149 -139.369456 -3362.460524 0.250620 0.744842 -0.618385 0.366032 0.518445 0.772810 -0.896220 0.420030 0.142703
-53.357858 -74.232778 -272.268947 -1511.817745 0.221047 0.816745 -0.532979 0.508111 0.370021 0.777758 -0.832443 0.442734 0.333205
-54.023759 -76.819993 -815.194620 112.759958 0.291413 0.774810 -0.561024 0.655213 0.265637 0.707201 -0.696975 0.573678 0.430255
-60.492796 -97.211735 -587.824675 -1223.371885 0.539036 0.102413 0.836033 -0.312998 0.945858 0.085940 -0.781967 -0.308002 0.541906
-58.964683 -91.331996 3.142423 -5534.370270 0.518095 0.093843 0.850160 -0.453429 0.872934 0.179967 -0.725244 -0.478728 0.494814
-58.092211 -93.768453 798.651379 -5270.235548 0.640905 0.089042 0.762438 -0.375247 0.902824 0.209995 -0.669649 -0.420689 0.612038
-58.633824 -94.878909 1171.010982 2722.306484 0.638261 0.131555 0.758496 -0.234690 0.971639 0.028965 -0.733174 -0.196498 0.651033
-52.160431 -93.188760 3789.048598 -1635.576009 0.748059 0.118170 0.653026 -0.283431 0.946648 0.153374 -0.600062 -0.299821 0.741642
-49.488672 -83.448364 4206.488543 -8214.868318 0.783669 -0.033127 0.620295 -0.292554 0.861213 0.415601 -0.547974 -0.507163 0.665215
1.814641 -104.445925 391.805002 743.979042 0.651516 0.555874 0.516266 -0.561195 -0.104771 0.821025 -0.510476 0.824637 -0.243694
11.832470 -104.471442 1826.108077 8534.686665 0.618074 0.535609 0.575419 -0.508368 -0.285996 0.812261 -0.599622 0.794563 -0.095520
7.167717 -105.299370 3080.006985 1933.966029 0.592728 0.528272 0.607949 0.663367 0.107856 -0.740480 -0.456746 0.842197 -0.286509
24.179797 -104.223388 6182.616596 8583.169410 0.560397 0.518291 0.646010 -0.555555 -0.343254 0.757321 -0.614258 0.783295 -0.095581
-4.528972 -101.191521 765.487670 8642.973004 0.631362 0.552359 0.544317 0.702581 -0.110304 -0.703002 -0.328269 0.826277 -0.457718
2.675381 -98.307013 3102.548855 9615.098818 0.560929 0.531380 0.634818 0.786481 -0.102637 -0.609027 -0.258469 0.840893 -0.475492
22.045383 -105.080247 6638.742058 3088.777734 0.497658 0.531342 0.685574 0.746706 0.139713 -0.650316 -0.441324 0.835557 -0.327227
-11.371492 -35.388258 1235.722913 7.247069 -0.112968 0.796988 0.593337 0.672966 -0.377961 0.635816 -0.730996 -0.471123 0.493649
-8.187658 -35.828049 332.559238 -1124.180742 -0.188421 0.848877 0.493869 0.637517 -0.276799 0.718996 -0.747041 -0.450323 0.489018
-7.239437 -33.405829 768.860383 -1391.910893 -0.139282 0.823267 0.550302 0.599844 -0.372018 0.708371 -0.787901 -0.428759 0.442016
-6.367141 -33.035668 -1601.013590 -1609.046217 -0.205879 0.853636 0.478455 0.566753 -0.294568 0.769429 -0.797750 -0.429575 0.423156
23.909207 -47.708678 5742.521132 1403.163998 -0.115144 0.990432 0.076069 -0.396816 -0.116065 0.910530 -0.910647 -0.074657 -0.406384
26.908681 -44.350673 6268.220231 1421.956905 -0.113672 0.988059 0.104007 -0.285909 -0.132790 0.949012 -0.951491 -0.078140 -0.297589
37.176989 -45.441616 11508.631748 1620.275141 -0.129756 0.986205 0.102774 -0.351812 -0.142697 0.925130 -0.927034 -0.083884 -0.365475
31.203993 -48.835111 8811.546540 1319.352495 -0.125024 0.989083 0.077997 -0.478326 -0.128963 0.868662 -0.869237 -0.071295 -0.489227
19.392611 -85.451839 288.557485 -1446.665385 0.043859 0.872121 0.487321 0.955380 -0.179238 0.234784 0.292106 0.455279 -0.841068
20.455564 -72.360733 178.282640 -3462.364807 0.070060 0.896970 0.436505 0.951813 -0.191079 0.239878 0.298571 0.398665 -0.867134
19.480089 -86.233152 -751.102129 -9428.539319 0.082273 0.883965 0.460257 0.918689 -0.246285 0.308793 0.386317 0.397428 -0.832352
19.618574 -74.752301 -210.738008 5045.610917 0.043747 0.900158 0.433362 0.977117 -0.128931 0.169172 0.208155 0.416044 -0.885200
19.886462 -94.722623 -943.365256 8418.384497 0.076022 0.860950 0.502978 -0.887872 0.288011 -0.358794 0.453766 0.419304 -0.786308
17.680494 -87.715036 608.825094 5951.559346 -0.002029 0.875422 0.483356 0.991419 -0.061419 0.115399 0.130709 0.479442 -0.867785
15.724209 -88.820106 1930.576017 3724.462173 -0.029011 0.840969 0.540305 0.982948 -0.074190 0.168252 0.181580 0.535973 -0.824477
16.767859 -91.141743 1526.490351 -1145.735482 0.010150 0.837500 0.546343 0.928562 -0.210629 0.305627 0.371038 0.504211 -0.779809
-0.762217 -51.558774 -67.223045 1797.407112 -0.039168 -0.868723 -0.493748 0.989822 -0.101387 0.099865 -0.136815 -0.484811 0.863852
-0.672732 -51.209284 -515.326845 668.656506 -0.059914 -0.869645 -0.490028 0.997790 -0.066308 -0.004321 -0.028735 -0.489204 0.871696
0.195063 -49.334137 -442.532597 1853.610272 -0.071199 -0.868624 -0.490329 0.995938 -0.089070 0.013171 -0.055114 -0.487399 0.871438
9.111316 -25.799258 -2856.128876 -521.259986 0.012150 0.996738 -0.079784 -0.844172 -0.032541 -0.535084 0.535934 -0.073853 -0.841023
12.511763 -31.947966 -1533.119870 557.231560 0.046502 0.998898 -0.006333 -0.836419 0.035470 -0.546941 0.546114 -0.030731 -0.837147
12.245530 -30.077146 -2102.232775 -917.950567 -0.058763 0.992530 -0.106914 -0.874681 -0.102808 -0.473671 0.481124 -0.065682 -0.874189
5.498860 -22.836809 -2433.194970 -1597.719623 -0.067149 0.987552 -0.142238 -0.847092 -0.131753 -0.514855 0.527187 -0.085917 -0.845395
3.757630 -20.686604 -2582.922034 -361.206886 0.040138 0.996674 -0.070929 -0.827793 -0.006587 -0.560996 0.559597 -0.081231 -0.824775
-7.431490 -44.129685 1555.708921 1983.979892 0.260467 0.918927 0.296193 -0.738823 -0.007783 0.673854 -0.621528 0.394351 -0.676897
-11.166888 -42.602595 1368.881432 2161.910453 0.218957 0.925518 0.308988 -0.681657 -0.081487 0.727120 -0.698142 0.369832 -0.613043
-5.771468 -39.046092 2146.662537 2523.663238 0.212934 0.910746 0.353838 -0.661378 -0.132212 0.738308 -0.719193 0.391231 -0.574195
-2.536622 -41.014510 2444.659240 3312.740581 0.243272 0.909460 0.337196 -0.705722 -0.072529 0.704767 -0.665414 0.409417 -0.624181
-2.368116 -43.013227 2607.459977 942.301301 0.260130 0.907626 0.329466 -0.777616 -0.005353 0.628716 -0.572403 0.419746 -0.704392
-6.079855 -45.260836 2729.013689 -56.019938 0.292548 0.907222 0.302266 -0.803770 0.062048 0.591696 -0.518044 0.416051 -0.747350
-10.043923 -46.183093 1489.005907 -45.699762 0.277904 0.918618 0.280911 -0.809293 0.066353 0.583646 -0.517508 0.389537 -0.761871
-4.495283 -93.708337 -293.800849 -4517.648406 0.110668 0.921257 0.372877 -0.833590 -0.118257 0.539577 -0.541185 0.370541 -0.754863
-4.669652 -91.443972 -484.378194 1709.396205 0.140288 0.927447 0.346642 0.916954 0.010376 -0.398858 -0.373516 0.373809 -0.848971
-2.830199 -100.653494 -634.239586 -5618.803376 0.109257 0.928341 0.355312 -0.845930 -0.100870 0.523667 -0.521982 0.357783 -0.774291
-2.223033 -102.526200 -637.433797 -4488.587751 0.085375 0.918769 0.385455 -0.712832 -0.213967 0.667899 -0.696119 0.331786 -0.636660
4.889759 -107.227240 2468.918267 -2052.122146 -0.027743 0.880634 0.472984 0.881882 0.244345 -0.403211 0.470653 -0.405930 0.783394
-0.301585 -104.340568 1881.258396 3794.616459 -0.020862 0.875806 0.482212 0.699858 0.357231 -0.618534 0.713977 -0.324576 0.620393
6.508823 -105.345459 2709.842262 3145.873122 -0.055030 0.856529 0.513157 0.733550 0.383351 -0.561200 0.677404 -0.345544 0.649403
0.499303 -98.259885 2168.342622 4640.336125 -0.055774 0.858706 0.509424 0.554891 0.450826 -0.699180 0.830052 -0.243679 0.501632
8.820672 -101.557083 3804.451982 5033.074105 -0.084327 0.830335 0.550847 0.551204 0.499404 -0.668408 0.830098 -0.247264 0.499797
14.539028 -109.926358 3025.138642 3966.744151 -0.051250 0.831703 0.552850 0.737295 0.404904 -0.540786 0.673624 -0.379898 0.633962
1.509274 -145.362022 -2375.103448 -5167.367660 0.866434 0.498888 -0.020047 -0.037771 0.025457 -0.998962 0.497860 -0.866292 -0.040900
4.235846 -146.127556 -990.537124 -3315.096784 0.853999 0.519858 -0.020808 -0.102925 0.129605 -0.986209 0.509992 -0.844363 -0.164189
0.798328 -148.535404 -1745.419629 -1599.300773 0.861575 0.507504 -0.011324 -0.177372 0.280067 -0.943452 0.475635 -0.814863 -0.331316
4.821442 -144.854850 -1145.975128 -660.153314 0.849492 0.526507 -0.033954 0.043988 -0.134809 -0.989895 0.525764 -0.839414 0.137679
-2.373661 -146.692012 -1557.653682 1.660629 0.862810 0.505351 -0.013428 -0.101746 0.147574 -0.983804 0.495184 -0.850201 -0.178746
2.213408 -138.849002 -2073.043804 -4277.828070 0.860207 0.509458 -0.022281 0.103710 -0.217557 -0.970522 0.499287 -0.832539 0.239980
-1.952462 -139.922956 -1777.744174 -4532.475617 0.863638 0.503807 -0.017538 0.033057 -0.091313 -0.995273 0.503027 -0.858976 0.095516
-28.640946 -41.373973 -2170.368742 606.893566 -0.363094 0.779711 0.510111 0.913427 0.405916 0.029725 -0.183885 0.476743 -0.859595
-25.973413 -40.879718 -1814.114041 38.184424 -0.444037 0.762228 0.470999 0.890254 0.434790 0.135663 -0.101379 0.479548 -0.871640
-25.440739 -40.419003 -1846.184322 220.589358 -0.359597 0.809368 0.464341 0.910429 0.413376 -0.015476 -0.204474 0.417184 -0.885521
-29.041281 -41.778627 -1740.767015 -218.376175 -0.279891 0.806619 0.520602 0.915947 0.386806 -0.106876 -0.287580 0.446931 -0.847084
-25.865872 -41.331500 -2047.735934 118.871531 -0.242804 0.853763 0.460581 0.915426 0.358763 -0.182442 -0.321001 0.377330 -0.868666
7.582085 -112.680361 1211.573888 14473.284383 0.865576 0.452555 0.214411 -0.403962 0.884039 -0.235140 -0.295961 0.116917 0.948017
3.214283 -126.779158 1357.316725 13553.473320 0.858987 0.470310 0.202361 -0.447970 0.881756 -0.147748 -0.247920 0.036262 0.968102
4.905607 -139.399210 276.887221 15181.446537 0.849482 0.480198 0.218611 -0.490264 0.871524 -0.009304 -0.194992 -0.099273 0.975768
5.663474 -136.871463 -502.199485 21439.909493 0.830941 0.500993 0.241956 -0.456226 0.862482 -0.219049 -0.318425 0.071630 0.945238
9.952644 -103.011029 39.112544 12633.308747 0.851057 0.471204 0.231667 -0.358313 0.843694 -0.399741 -0.383815 0.257193 0.886870
22.148103 -15.144828 1793.994921 -13897.343057 0.135786 0.960362 0.243450 -0.542478 0.277686 -0.792848 0.829024 0.024409 -0.558681
19.313422 -13.859469 1730.230902 -14973.791883 0.042282 0.978076 0.203908 -0.546352 0.193507 -0.814895 0.836488 0.076950 -0.542556
16.760993 -38.132898 590.660411 -6636.595482 0.034051 0.989195 0.142597 -0.643945 0.130831 -0.753802 0.764314 0.066157 -0.641442
32.944313 -33.188017 6190.848915 1291.354152 -0.237358 0.837704 0.491847 0.870481 -0.041325 0.490464 0.431189 0.544559 -0.719396
28.510057 -28.182234 5927.193977 2211.928758 -0.279850 0.838563 0.467435 0.821510 -0.042785 0.568587 0.496795 0.543122 -0.676914
18.526858 -26.735756 5335.315192 2499.025667 -0.245791 0.806776 0.537308 0.852392 -0.084035 0.516107 0.461535 0.584851 -0.667034
33.870747 -37.359567 6959.863772 1581.017590 -0.200873 0.823187 0.531050 0.910530 -0.043081 0.411193 0.361367 0.566134 -0.740882
38.774939 -38.973004 1188.053500 1144.275734 -0.166958 0.898542 0.405892 0.896805 -0.032673 0.441217 0.409714 0.437670 -0.800362
26.114921 -32.720751 6102.002293 2263.727030 -0.212652 0.802651 0.557253 0.892227 -0.073012 0.445646 0.398384 0.591964 -0.700621
-6.804116 -48.131728 4191.781077 1704.721583 -0.755435 -0.628325 -0.185812 -0.593016 0.776249 -0.213938 0.278659 -0.051426 -0.959012
2.890035 -49.681918 5957.726383 1508.313830 -0.753736 -0.637183 -0.160874 -0.574240 0.757616 -0.310269 0.319579 -0.141481 -0.936938
4.522553 -47.164537 4541.135935 527.270349 -0.731775 -0.663147 -0.157297 -0.620627 0.743752 -0.248305 0.281652 -0.084080 -0.955826
4.281075 -46.602455 93.842570 -1085.083055 -0.183149 -0.839316 -0.511864 0.982956 -0.164772 -0.081528 -0.015913 -0.518071 0.855189
2.556405 -46.246391 -764.592876 1478.522735 -0.162078 -0.852334 -0.497251 0.982156 -0.188056 0.002214 -0.095398 -0.488019 0.867604
2.992332 -47.123720 -327.545638 157.178087 -0.150996 -0.852998 -0.499594 0.988441 -0.137221 -0.064456 -0.013574 -0.503552 0.863858
-1711.148133 -4556.493655 640257.144095 -1880714.596708 0.957968 0.128378 0.256547 0.225896 -0.888802 -0.398751 -0.176829 -0.439943 0.880444
-779.899760 -1201.868404 184672.171746 399693.386264 0.762349 0.337373 0.552271 0.591201 -0.015912 -0.806367 0.263259 -0.941237 0.211586
-1028.069455 -11443.112228 217626.608379 -3093491.855625 0.985747 0.091167 0.141391 0.138948 -0.915019 -0.378727 -0.094848 -0.392975 0.914645
13.823639 -314.338468 14780.291835 -83634.280111 -0.431610 0.804417 0.408199 0.714884 0.029048 0.698639 0.550140 0.593355 -0.587602
10.924276 -181.821909 8065.694115 -44840.883284 -0.400513 0.844261 0.356107 0.798786 0.131297 0.587113 0.448921 0.519600 -0.726970
66.724268 -422.017581 16040.292642 118716.071476 -0.373757 0.863146 0.339536 -0.672465 -0.000044 -0.740129 0.638824 0.504955 -0.580452
27.365232 -1147.932842 33626.248243 421439.696712 -0.523904 0.821738 0.224210 -0.389240 0.003167 -0.921131 0.757639 0.569856 -0.318194
1.103726 -74.699388 -1496.113851 522.915187 -0.065429 0.911642 0.405743 0.143668 -0.393771 0.907912 -0.987461 -0.117696 0.105209
-0.651674 -74.516258 -635.552821 -464.749119 -0.051707 0.915617 0.398712 -0.009760 -0.399690 0.916598 -0.998615 -0.043503 -0.029603
0.992789 -76.268436 -1080.743282 -943.255790 -0.060525 0.922002 0.382425 -0.018284 -0.384088 0.923116 -0.997999 -0.048880 -0.040105
2.575240 -77.793236 -1019.651683 163.880173 -0.050312 0.918659 0.391835 0.075091 -0.387742 0.918704 -0.995907 -0.075645 0.049475
-55.715250 -83.568012 -207.179363 6907.272084 0.473573 -0.860670 0.187018 0.879821 0.472057 -0.055476 -0.040537 0.190815 0.980789
-51.554208 -74.827763 -1456.503286 4091.533626 0.111305 -0.957068 0.267640 0.992712 0.119596 0.014824 -0.046196 0.264040 0.963405
-43.380720 -70.209673 -1830.376749 4600.422020 -0.188190 -0.911764 0.365064 0.981962 -0.181605 0.052633 0.018308 0.368384 0.929494
-1.815150 -25.040372 6500.858291 5449.542954 0.471524 0.758759 -0.449387 0.581943 -0.650611 -0.487902 0.662576 0.031460 0.748333
-11.441611 -44.011430 3537.251525 8922.669013 0.146398 0.973718 -0.174473 0.796198 -0.220653 -0.563365 0.587057 0.056439 0.807576
-14.406444 -39.761884 2241.962478 9999.398596 0.238233 0.951736 -0.193502 0.739789 -0.306917 -0.598761 0.629251 0.000506 0.777202
-21.474275 -59.920448 99.729251 11306.411058 0.111221 0.993169 -0.035288 0.814687 -0.111454 -0.569090 0.569136 -0.034546 0.821518
-16.967440 -38.946450 2374.515118 3581.898392 0.356444 0.894371 -0.270275 0.673081 -0.446433 -0.589627 0.648005 -0.028252 0.761112
-1.462186 -34.898355 7546.153536 -1900.943003 0.509939 0.718507 -0.472980 0.529471 -0.695515 -0.485716 0.677955 0.002744 0.735098
-52.979662 -77.593436 1092.177378 658.340526 -0.356235 -0.770704 0.528311 0.768957 0.079413 0.634349 -0.530850 0.632226 0.564349
-33.630997 -58.335663 16138.119584 -1800.637063 0.388106 -0.670264 -0.632550 0.916213 0.354807 0.186188 0.099638 -0.651811 0.751807
-22.808220 -57.270506 10841.144801 -315.318150 0.570918 -0.520145 -0.635218 0.726462 0.680511 0.095693 0.382498 -0.516095 0.766382
-39.655749 -63.057757 8694.451590 1859.021274 0.714001 -0.441007 -0.543797 -0.628481 -0.746006 -0.220197 0.308567 -0.498987 0.809814
0.375217 -62.631828 -65.427773 -2156.098356 0.160060 0.925532 -0.343178 0.955855 -0.232112 -0.180179 -0.246418 -0.299189 -0.921827
-11.052207 -100.545347 -2374.978525 -2650.247290 -0.011436 0.990961 0.133661 -0.947954 -0.053281 0.313919 -0.318203 0.123114 -0.939994
-14.073437 -97.160166 -2607.414069 -2816.053132 -0.008126 0.988504 0.150974 -0.954775 -0.052545 0.292648 -0.297217 0.141768 -0.944227
-10.845198 -91.485350 -2168.512454 2972.655574 0.028465 0.992370 0.119969 0.995750 -0.017633 -0.090398 -0.087593 0.122032 -0.988653
0.402086 -86.575740 -2989.402961 9669.804865 -0.139795 0.987260 0.075988 -0.310648 -0.116596 0.943347 -0.940189 -0.108269 -0.322990
383.443948 -20.193588 -17213.521422 4702.549217 -0.604102 0.027587 -0.796429 0.787333 0.175110 -0.591137 0.123155 -0.984162 -0.127504
1131.127742 -52.031811 347492.908668 1450.757093 -0.556607 0.614046 -0.559586 0.787171 0.174457 -0.591546 -0.265612 -0.769748 -0.580463
1.063947 -61.551129 1110.419002 894.562689 0.176812 0.928650 -0.326107 0.970506 -0.109331 0.214860 0.163876 -0.354479 -0.920592
0.170666 -63.312299 548.626975 725.430244 0.184767 0.922115 -0.339949 0.973674 -0.124771 0.190763 0.133489 -0.366247 -0.920893
0.216866 -245.665698 -28.901073 2666.553800 0.606955 -0.385757 0.694836 0.794717 0.300649 -0.527289 -0.005496 0.872239 0.489048
-0.103950 -251.423286 -32.327363 11345.177505 0.582792 -0.396170 0.709509 0.774872 0.007902 -0.632069 0.244800 0.918143 0.311586
-0.071747 -235.660883 211.312884 13785.403657 0.547510 -0.407550 0.730846 0.660445 -0.325859 -0.676482 0.513853 0.853064 0.090753
-7.893977 -36.638492 -1171.924571 -956.547258 -0.223323 0.869989 0.439598 0.631681 -0.214302 0.745019 -0.742365 -0.444066 0.501697
-3.905686 -384.580524 5946.961769 41372.389271 -0.578415 0.302419 -0.757614 -0.210253 0.842092 0.496663 0.788181 0.446568 -0.423494
-5.118277 -339.109381 2689.217883 -24060.734840 -0.540724 0.330157 -0.773701 -0.455893 0.657955 0.599380 0.706950 0.676824 -0.205256
-15.761795 -334.037554 -9763.435716 -1851.421964 0.560368 -0.316596 0.765346 -0.488479 0.619908 0.614087 0.668862 0.717970 -0.192726
-67.307251 -1573.503150 28775.318949 342316.090519 -0.290454 -0.514096 0.807057 0.956878 -0.160015 0.242443 0.004502 0.842674 0.538405
-25.417132 -545.188621 12983.954693 193350.728410 -0.259515 -0.508555 0.820990 0.964865 -0.100363 0.242824 -0.041092 0.855160 0.516732
-7.053531 -34.110868 -2362.167821 -1318.073101 0.017907 -0.839273 0.543416 0.900716 0.249480 0.355626 -0.434038 0.483095 0.760414
-7.007987 -39.100646 -3103.509363 -2211.629713 -0.145741 -0.862659 0.484334 0.927579 0.051091 0.370118 -0.344031 0.503200 0.792737
-1.411023 -31.893397 -1249.308046 -1583.746518 -0.102750 -0.863548 0.493687 0.915596 0.111862 0.386227 -0.388750 0.491703 0.779167
0.422446 -36.561100 -1480.198593 -2357.474675 -0.213263 -0.866818 0.450716 0.928087 -0.035608 0.370658 -0.305244 0.497351 0.812077
3.518852 -31.208450 5954.295998 -846.960930 0.150587 0.798096 0.583410 -0.363838 0.593460 -0.717932 0.919209 0.104156 -0.379745
-5.615826 -33.883181 4974.638790 -2232.061139 0.049350 0.920425 0.387793 -0.381364 0.376213 -0.844408 0.923107 0.106219 -0.369583
3.675380 -189.563131 930.608121 6334.075621 -0.000963 0.979913 0.199421 -0.810675 -0.117525 0.573579 -0.585495 0.161113 -0.794505
-3.264587 -95.395080 -3882.505715 -17941.524044 0.182377 -0.348647 0.919339 0.907338 -0.300533 -0.293970 0.378783 0.887764 0.261530
4.330227 -123.091043 -3391.321213 -23861.254809 0.170433 -0.339534 0.925024 0.874400 -0.380686 -0.300838 0.454288 0.860113 0.232007
11.206955 -74.785971 -1448.309873 3357.776843 0.181928 -0.424707 0.886863 0.872442 -0.346328 -0.344822 0.453594 0.836469 0.307525
1.717551 -139.004005 -1472.210539 34742.200473 -0.112841 -0.387371 0.914992 0.945261 -0.325621 -0.021281 0.306184 0.862505 0.402910
8.155594 -357.532122 -1777.268180 -108736.871436 -0.074853 -0.054835 -0.995686 0.996132 -0.050185 -0.072122 -0.046013 -0.997233 0.058380
7.840995 -605.639831 -505.231317 -195433.217373 0.005615 -0.010002 -0.999934 0.994019 0.109117 0.004491 0.109065 -0.993979 0.010555
16.811594 -36.621931 24978.047806 -3023.556896 -0.084049 0.877189 -0.472731 0.324962 0.472602 0.819174 -0.941985 0.084769 0.324774
12.779251 -37.061652 16781.281087 21633.177804 -0.092428 0.959691 -0.265426 0.395811 0.280013 0.874601 -0.913669 0.024221 0.405737
-10.215110 -54.462182 12229.003694 23255.785752 -0.151188 0.918488 -0.365408 0.283552 0.394419 0.874089 -0.946964 -0.028539 0.320070
-26.519809 -55.626746 -716.526947 18322.775457 -0.320464 0.779795 -0.537795 0.161798 0.604454 0.780037 -0.933340 -0.162960 0.319875
-56.541580 -84.046785 -177.828562 -6824.165575 0.408909 0.130693 0.903168 -0.580026 0.801287 0.146657 -0.704530 -0.583831 0.403459
-54.164172 -68.801725 1714.194540 12109.666387 0.601164 0.029959 0.798564 0.533029 -0.759553 -0.372773 -0.595384 -0.649755 0.472585
-60.242431 -94.701049 -1177.017234 1022.235054 0.430994 0.052377 0.900833 -0.267735 0.960781 0.072232 -0.861720 -0.272317 0.428114
-58.934580 -92.425965 -806.481956 -2249.339622 0.355736 0.085401 0.930676 -0.437343 0.895267 0.085016 -0.825943 -0.437268 0.355828
11.757913 -99.080981 827.888916 10861.080665 0.670256 0.549479 0.498828 -0.394712 -0.305259 0.866614 -0.628458 0.777747 -0.012284
28.460137 -90.944230 4068.804809 12941.549300 0.607618 0.537466 0.584748 -0.359112 -0.470771 0.805862 -0.708406 0.699646 0.093038
-17.561625 -38.608877 748.594914 253.803960 0.161385 0.519520 0.839079 -0.696904 0.661995 -0.275838 -0.698770 -0.540242 0.468892
-16.007224 -36.259479 1502.154606 289.251753 0.021768 0.680655 0.732281 0.705608 -0.529356 0.471061 -0.708268 -0.506450 0.491799
-12.871222 -34.689922 1316.155936 771.290345 0.092162 0.588206 0.803443 -0.635075 0.656187 -0.407551 -0.766932 -0.472686 0.434031
-6.170681 -39.112711 -3785.632660 1082.532908 0.196599 0.405755 0.892587 -0.651920 0.734071 -0.190106 -0.732359 -0.544521 0.408837
-1.308004 -34.688851 -4543.255520 2148.824072 0.150032 0.440229 0.885262 -0.575468 0.766975 -0.283878 -0.803945 -0.466849 0.368408
-6.143395 -30.758996 -169.075744 3199.094920 0.109610 0.553289 0.825746 -0.536385 0.732333 -0.419498 -0.836825 -0.396937 0.377047
-56.436884 -84.092912 1517.837918 9530.268651 0.647338 0.151930 0.746907 -0.056345 0.986790 -0.151891 -0.760118 0.056240 0.647347
-54.981841 -91.352244 2673.455861 5130.929932 0.711308 0.182353 0.678813 -0.189542 0.979747 -0.064579 -0.676841 -0.082728 0.731466
-50.644951 -81.773995 4158.732253 9352.032007 0.737766 0.250753 0.626757 -0.128794 0.963682 -0.233944 -0.662657 0.091874 0.743267
20.102113 -82.274173 74.095207 12190.360296 0.101543 0.894898 0.434565 -0.915087 0.255382 -0.312083 0.390262 0.365975 -0.844842
19.736134 -70.460841 -40.990590 -3712.811244 0.102998 0.916598 0.386316 0.945896 -0.210397 0.247009 0.307688 0.339973 -0.888677
19.446981 -68.850766 -207.111035 6215.335985 0.079305 0.919563 0.384857 0.970194 -0.159884 0.182101 0.228986 0.358945 -0.904834
-1.838024 -121.663710 111.334003 2024.617413 0.064435 0.898517 0.434183 -0.084144 -0.428646 0.899546 -0.994368 0.094496 -0.047985
0.127613 -123.243091 -675.799672 -1122.543759 0.047865 0.903728 0.425422 -0.160112 -0.413461 0.896334 -0.985938 0.111018 -0.124907
0.389422 -122.428410 -1002.607706 10348.735341 0.043669 0.900760 0.432116 0.109534 -0.434238 0.894114 -0.993023 -0.008286 0.117627
-2.055250 -126.825983 834.330227 -6831.620185 0.073638 0.902703 0.423916 -0.366033 -0.370940 0.853477 -0.927684 0.218016 -0.303104
-0.918816 -110.136805 91.100379 11176.942380 0.063073 0.894746 0.442099 0.240753 -0.443539 0.863314 -0.968535 -0.051985 0.243388
-2.678558 -119.219107 -477.180859 11595.685456 0.052674 0.888152 0.456522 0.137315 -0.459256 0.877627 -0.989126 -0.016459 0.146147
-3.540567 -123.694879 -955.166868 -971.537277 0.046312 0.899408 0.434649 -0.203587 -0.417485 0.885584 -0.977961 0.129502 -0.163773
-3.928804 -124.341984 1.058551 -6189.962151 0.060883 0.903864 0.423465 -0.351732 -0.377611 0.856560 -0.934119 0.201096 -0.294928
0.748624 -48.059318 -270.358124 1922.159931 -0.104829 -0.861457 -0.496893 0.990362 -0.135906 0.026683 -0.090517 -0.489307 0.867401
0.054414 -48.042421 -551.787245 1284.272570 -0.122222 -0.860846 -0.493970 0.972665 -0.202902 0.112934 -0.197446 -0.466665 0.862113
-1.762098 -52.111112 164.479444 1476.981652 -0.075403 -0.863880 -0.498022 0.967403 -0.184465 0.173508 -0.241757 -0.468705 0.849629
14.126966 -39.661837 955.286515 1296.921899 0.022747 0.997946 0.059885 -0.828358 0.052351 -0.557748 0.559737 0.036919 -0.827847
14.365649 -35.115593 47.693867 71.329828 -0.048471 0.998558 -0.023066 -0.878062 -0.053607 -0.475534 0.476085 0.002796 -0.879395
-10.769420 -38.282318 1691.103699 1252.816055 0.200608 0.919691 0.337527 -0.622015 -0.146605 0.769158 -0.756871 0.364246 -0.542651
-6.423192 -36.202756 2997.114436 996.955972 0.190187 0.897390 0.398146 -0.611322 -0.209078 0.763264 -0.768189 0.388558 -0.508831
-8.889980 -35.625254 2351.251211 548.167759 0.176299 0.904036 0.389406 -0.552531 -0.236512 0.799232 -0.814634 0.356062 -0.457812
6.973526 -129.338471 -1744.549187 -1247.163833 0.623444 0.780506 0.046118 0.027774 -0.081055 0.996323 -0.781374 0.619871 0.072211
11.206418 -135.458885 -2727.059510 -1147.584989 0.633085 0.772700 0.046237 0.004902 -0.063732 0.997955 -0.774067 0.631564 0.044135
9.005399 -132.056622 -2254.226126 -373.624613 0.625806 0.777660 0.060102 0.190463 -0.227084 0.955069 -0.756367 0.586241 0.290227
6.168069 -127.665863 -2233.971781 -1911.414873 0.618060 0.785812 0.022381 -0.161039 0.098692 0.982001 -0.769460 0.610540 -0.187544
3.163896 -129.328528 -222.320504 1632.741287 0.640901 0.765266 0.060107 0.193183 -0.236580 0.952213 -0.742917 0.598663 0.299461
3.602142 -125.191540 -1235.698051 -2102.868877 0.628344 0.776856 0.040963 -0.013985 -0.041368 0.999046 -0.777810 0.628318 0.015129
-4.968522 -98.877017 385.007544 4551.674534 0.000682 0.869145 0.494557 0.502935 0.427159 -0.751393 0.864324 -0.249242 0.436832
2.812407 -148.455676 -1461.153130 -3330.594671 0.857024 0.515270 -0.002678 -0.224963 0.369484 -0.901595 0.463575 -0.773291 -0.432573
6.848775 -144.498836 -1124.679472 -1252.689303 0.854792 0.518677 -0.017463 -0.092403 0.118999 -0.988585 0.510679 -0.846648 -0.149646
4.865295 -149.103366 -811.020257 -5090.507881 0.853331 0.521299 -0.008605 -0.216208 0.338804 -0.915678 0.474426 -0.783237 -0.401821
-23.900801 -40.156697 -1264.278956 124.034331 -0.421705 0.771622 0.476198 0.906724 0.356518 0.225271 0.004051 0.526778 -0.849993
-25.553683 -40.069521 -863.367821 28.605005 -0.345373 0.774740 0.529618 0.935796 0.326842 0.132135 -0.070731 0.541251 -0.837881
-21.857856 -38.715008 -585.943771 373.264545 -0.356043 0.783315 0.509560 0.929539 0.240933 0.279122 0.095870 0.573035 -0.813904
-21.580545 -40.011562 -1142.659084 113.523328 -0.483630 0.769084 0.417866 0.871032 0.375958 0.316162 0.086055 0.516880 -0.851722
-21.616023 -39.160809 1427.786722 655.319075 -0.222705 0.782489 0.581475 0.974879 0.176458 0.135920 0.003750 0.597137 -0.802130
2.068346 -160.829008 680.018812 -18231.911306 0.842654 0.493617 0.215122 0.524580 -0.842690 -0.121202 -0.121453 -0.214980 0.969037
29.331907 11.893041 7037.148167 -11926.416303 0.319121 0.776407 0.543465 -0.405832 0.630163 -0.661963 0.856424 0.009310 -0.516189
29.551625 18.195510 -13321.412918 -4881.513457 -0.399898 -0.509932 -0.761611 -0.315512 0.856748 -0.407965 0.860543 0.077153 -0.503501
19.840706 -9.456155 373.565711 -14094.645922 -0.050548 0.986028 0.158726 -0.553745 0.104593 -0.826091 0.831151 0.129651 -0.540721
