17288
34566
-45.181505 -72.792088 571.120236 5714.599569 0.265048 0.963889 -0.025851 0.858552 -0.248116 -0.448695 0.438906 -0.096732 0.893311
-44.865293 -74.003791 2441.960200 8937.575814 0.111829 0.986312 0.121170 0.865849 -0.036875 -0.498945 0.487647 -0.160711 0.858121
-41.833901 -58.746544 810.050713 7728.962932 0.295652 0.955188 -0.014369 0.767155 -0.246361 -0.592266 0.569265 -0.164081 0.805615
-36.052321 -76.758569 -3650.319880 16706.365678 0.007559 0.956969 0.290092 0.826017 0.157528 -0.541185 0.563594 -0.243712 0.789282
-38.140948 -58.401733 -526.327604 6175.304151 0.488684 0.836065 -0.249364 0.664658 -0.541908 -0.514360 0.565171 -0.085618 0.820519
-35.404485 -46.800100 -1719.469249 7880.800993 0.345489 0.938350 0.011680 0.693438 -0.246889 -0.676897 0.632283 -0.241960 0.735985
-32.757747 -46.985055 439.209757 -3116.160814 0.628794 0.663849 -0.404874 -0.443680 0.733920 0.514304 0.638565 -0.143757 0.756021
189.802746 -111.019453 -52259.859532 8002.452555 0.851402 -0.509388 0.125053 -0.482494 -0.667107 0.567598 0.205704 0.543591 0.813753
179.971284 -112.647998 12700.554288 -5519.715456 -0.694332 0.689380 0.206539 0.392887 0.603569 -0.693790 0.602945 0.400574 0.689926
180.282269 -113.864656 2409.710811 -1336.384962 -0.687180 0.698421 0.199977 0.502386 0.655684 -0.563637 0.524778 0.286854 0.801450
186.583063 -112.117553 -34535.062748 4806.867914 -0.543561 0.733702 0.407705 0.583196 0.679458 -0.445218 0.603676 0.004232 0.797219
178.080323 -102.072717 -20801.777595 1248.803227 0.760599 -0.649191 0.006265 -0.586358 -0.682776 0.435891 0.278699 0.335212 0.899978
-38.620258 -54.619924 -314.318159 -5339.988271 0.445325 0.878114 -0.174931 -0.327962 -0.021822 -0.944439 0.833142 -0.477953 -0.278270
-35.432131 -46.724603 -1429.050432 -3193.438670 0.465722 0.846276 -0.258688 -0.308229 -0.118891 -0.943854 0.829517 -0.519308 -0.205477
-30.321359 -57.271681 -4064.430508 -6623.740418 0.522399 0.832486 -0.184571 -0.334643 0.001066 -0.942344 0.784292 -0.554045 -0.279142
-38.554426 -48.282947 91.828765 -3543.627552 0.417416 0.900004 -0.125523 -0.252862 -0.017639 -0.967342 0.872825 -0.435524 -0.220214
-41.919255 -62.832184 -227.010828 -5658.837878 0.412819 0.908460 -0.065428 -0.351437 0.092602 -0.931621 0.840281 -0.407585 -0.357494
-0.230049 -102.977093 834.688579 -5888.796227 0.541904 -0.173927 0.822246 0.624533 0.738027 -0.255488 -0.562404 0.651970 0.508563
3.933936 -92.813624 912.940309 -6341.516007 0.538113 -0.167976 0.825965 0.490328 0.859448 -0.144661 -0.685575 0.482838 0.544844
2.220083 -102.618607 -23.819706 -5810.862528 0.503480 -0.199658 0.840622 0.633165 0.747263 -0.201742 -0.587886 0.633825 0.502649
-0.823217 -109.445180 -480.633906 -4815.736572 0.511881 -0.185680 0.838750 0.729645 0.609317 -0.310406 -0.453428 0.770880 0.447378
59.610363 -45.494451 3442.098841 7887.195847 -0.597934 -0.089624 -0.796519 0.661750 -0.615926 -0.427461 -0.452286 -0.782689 0.427592
47.709729 -48.429487 7827.539680 2293.933234 -0.512441 0.042943 -0.857648 0.665127 -0.611868 -0.428047 -0.543148 -0.789794 0.284984
49.634210 -62.678577 6472.531367 12325.061606 -0.548543 -0.001592 -0.836121 0.632367 -0.655003 -0.413622 -0.547003 -0.755625 0.360304
52.085754 -74.408321 2559.682364 17190.548041 -0.593316 -0.096259 -0.799193 0.630800 -0.672366 -0.387319 -0.500067 -0.733934 0.459646
53.246938 -62.804504 -1947.112525 15972.799819 -0.615545 -0.202603 -0.761614 0.677188 -0.630312 -0.379637 -0.403139 -0.749439 0.525186
55.605084 -49.496323 -1871.341292 9895.567623 -0.616474 -0.241860 -0.749308 0.708584 -0.585364 -0.394027 -0.343318 -0.773856 0.532240
-14.813204 -25.984133 1342.667018 -5957.489206 0.803347 -0.534093 0.263397 -0.146103 -0.605551 -0.782280 -0.577311 -0.589959 0.564500
-27.416466 -44.467005 -7562.384645 3475.069711 0.485730 -0.782490 -0.389584 0.616008 -0.009782 0.787679 -0.620162 -0.622586 0.477269
-24.837590 -32.203207 10470.491878 -1310.571847 0.766020 -0.159139 0.622807 0.352954 -0.705631 -0.614417 -0.537250 -0.690478 0.484359
97.158894 -35.553696 51955.296850 -2393.027544 0.860613 -0.232148 0.453270 0.172043 -0.705192 -0.687827 -0.479320 -0.669934 0.566958
22.707857 -24.989538 19707.655565 -8304.217562 0.845148 -0.284038 0.452822 0.093892 -0.755081 -0.648874 -0.526222 -0.590910 0.611486
12.754061 -14.592589 7191.589581 7982.969812 0.807388 -0.514277 0.289213 0.163002 0.665515 0.728368 -0.567058 -0.540933 0.621157
87.323422 -41.571707 11310.002641 -5977.606411 -0.152784 0.815732 0.557887 0.659964 -0.335971 0.671990 -0.735598 -0.470855 0.487023
92.038920 -33.231880 19036.655270 -5082.182602 -0.098731 0.853920 0.510953 0.604320 -0.356485 0.712541 -0.790601 -0.379129 0.480845
86.337383 -37.289843 34978.866303 -4540.049498 0.019705 0.917167 0.398015 0.626998 -0.321419 0.709622 -0.778772 -0.235572 0.581395
73.243191 -43.560116 29670.412915 -2801.731009 0.014651 0.912696 0.408376 0.703767 -0.299536 0.644197 -0.710279 -0.277963 0.646714
87.005851 -46.558261 12995.771350 -1501.132577 -0.153167 0.813873 0.560491 0.758232 -0.266947 0.594830 -0.633738 -0.516091 0.576217
-0.925519 -68.093526 -1030.303620 5531.485267 -0.404859 -0.901251 0.154389 0.910849 -0.382684 0.154616 -0.080266 0.203223 0.975837
0.430217 -58.590937 -880.169570 -3353.131540 -0.421064 -0.893692 0.154983 0.906564 -0.409176 0.103522 -0.029102 0.184092 0.982478
1.345461 -66.960248 -369.066236 5047.828494 -0.399516 -0.905386 0.143745 0.914233 -0.381943 0.135270 -0.067569 0.185459 0.980326
-30.240413 -108.547251 -2006.739436 11069.163820 -0.061336 0.994273 0.087515 0.913999 0.020720 0.405187 -0.401054 -0.104841 0.910035
-26.115369 -90.968732 870.037316 14522.989002 0.082644 0.996400 0.018899 0.961434 -0.084707 0.261668 -0.262326 0.003456 0.964973
-29.611768 -114.237221 1172.879208 10103.933629 0.041283 0.999023 0.015774 0.887401 -0.043916 0.458901 -0.459145 0.004947 0.888347
-23.724915 -83.769873 -1351.672848 15274.549652 -0.064975 0.994574 0.081243 0.986351 0.051667 0.156339 -0.151293 -0.090292 0.984357
-34.438421 -128.247177 -1106.087233 11597.684246 -0.030354 0.997746 0.059845 0.843344 -0.006573 0.537334 -0.536516 -0.066780 0.841244
-38.237617 -133.371405 -3061.740335 11141.025229 -0.110751 0.989718 0.090508 0.808923 0.036862 0.586758 -0.577389 -0.138198 0.804688
-24.798940 -113.910319 -1229.865431 11090.912694 -0.145258 0.986481 0.075866 0.889043 0.096492 0.447540 -0.434169 -0.132457 0.891040
0.641938 -96.978379 452.081173 2797.887374 0.290485 0.956855 -0.006893 -0.870238 0.261181 -0.417696 0.397875 -0.127333 -0.908560
-2.498976 -92.458529 -1505.450947 63.200648 0.276490 0.960949 -0.011394 -0.920369 0.261366 -0.290874 0.276538 -0.090911 -0.956693
-1.986782 -94.929033 -2613.895119 2977.906952 0.313612 0.949434 -0.014913 -0.837234 0.269073 -0.476066 0.447980 -0.161786 -0.879283
0.743176 -95.990682 451.850766 -851.719459 0.250197 0.967952 -0.021703 -0.942809 0.238477 -0.232895 0.220255 -0.078731 -0.972260
-0.396625 -102.725362 319.286330 3671.985181 0.328628 0.944165 0.023599 -0.723525 0.267735 -0.636262 0.607054 -0.192019 -0.771112
0.340826 -98.753707 610.381229 -1169.792721 0.267170 0.963429 -0.020617 -0.917350 0.247723 -0.311612 0.295108 -0.102167 -0.949986
-0.347921 -100.852479 1071.083643 2652.374276 0.309105 0.951003 0.006920 -0.823231 0.271205 -0.498737 0.476177 -0.148466 -0.866726
15.126648 -101.496265 -13530.162738 -732.784867 0.194802 -0.122136 0.973209 0.946738 0.282784 -0.154015 -0.256397 0.951376 0.170718
40.536159 -98.719295 -15092.287657 -2384.700134 0.181302 -0.152428 0.971543 0.954202 0.266318 -0.136283 -0.237966 0.951757 0.193731
42.008931 -90.570702 -19066.038185 -5716.234452 0.205099 -0.113265 0.972165 0.862072 0.491219 -0.124641 -0.463429 0.863640 0.198392
46.195412 -71.378362 -22117.336310 -6891.503520 0.230400 -0.085278 0.969352 0.725947 0.678427 -0.112862 -0.648010 0.729702 0.218217
16.756967 -81.037673 -17482.063827 -5317.154054 0.223836 -0.065101 0.972450 0.763905 0.631355 -0.133567 -0.605266 0.772756 0.191051
76.743612 -76.296868 -16969.037322 -7704.992247 0.293851 -0.232152 0.927231 0.806036 0.581587 -0.109830 -0.513768 0.779655 0.358023
3.744071 -96.181549 -13173.045156 -3369.158069 0.216567 -0.103327 0.970784 0.858826 0.493016 -0.139115 -0.464238 0.863863 0.195511
-10.654384 -68.994999 2070.259551 -7618.818001 0.283963 0.955506 -0.079831 0.913828 -0.294903 -0.279196 0.290316 -0.006330 0.956910
-5.724567 -66.437383 1683.817862 -5356.191489 0.359686 0.925760 -0.116595 0.882851 -0.378102 -0.278591 0.301993 0.002730 0.953306
-9.675078 -62.832231 1454.194886 -2273.283187 0.303634 0.947949 -0.095909 0.925590 -0.317348 -0.206331 0.226028 0.026123 0.973770
-5.114840 -130.889801 -1104.093304 3376.066096 -0.311017 -0.060762 -0.948460 0.575036 0.782533 -0.238697 0.756705 -0.619638 -0.208441
-6.684766 -139.551028 673.914771 8503.047708 -0.332641 -0.019923 -0.942843 0.581243 0.782972 -0.221611 0.742635 -0.621738 -0.248868
-5.218119 -124.401007 -271.288194 9968.513943 -0.317166 -0.033663 -0.947772 0.404985 0.898859 -0.167452 0.857550 -0.436944 -0.271454
-4.363155 -134.813196 -958.959594 5284.679812 -0.291193 -0.052693 -0.955212 0.480109 0.855588 -0.193557 0.827468 -0.514968 -0.223843
3.858955 -27.767907 109.700886 -4350.829835 0.718566 0.677051 -0.158948 0.631203 -0.538964 0.557765 -0.291968 0.501119 0.814638
2.083544 -37.208402 -936.580247 -6286.720021 0.748500 0.648604 -0.138060 0.600909 -0.575351 0.554868 -0.280457 0.498280 0.820403
3.553885 -38.401723 0.955565 -8119.136765 0.803554 0.586195 -0.103325 0.548377 -0.661556 0.511493 -0.231480 0.467674 0.853052
0.646452 -51.510773 861.414847 -6789.145815 0.825021 0.555044 -0.106144 0.541561 -0.722930 0.429051 -0.161408 0.411460 0.897022
-1.859732 -49.354034 1727.592660 -7655.721755 0.822372 0.558615 -0.107953 0.541681 -0.710697 0.448878 -0.174029 0.427621 0.887048
-5.545518 -152.393279 2415.856332 18359.852853 0.575342 0.140708 0.805719 -0.180448 0.982655 -0.042755 -0.797760 -0.120792 0.590753
-11.747497 -195.658577 1842.769190 18900.691745 0.577243 0.108229 0.809368 -0.415806 0.892009 0.177274 -0.702778 -0.438870 0.559908
-3.722570 -179.468782 1990.262860 20267.971819 0.571687 0.163149 0.804087 -0.378488 0.921964 0.082030 -0.727956 -0.351233 0.588825
0.664244 -137.569483 1507.946060 15793.883238 0.549079 0.208086 0.809452 -0.200012 0.973083 -0.114475 -0.811485 -0.099044 0.575919
2.271843 -116.136551 991.648082 15155.001096 0.551433 0.205259 0.808573 -0.002455 0.969652 -0.244476 -0.834216 0.132827 0.535202
0.227146 -121.455928 3430.624331 18766.020061 0.586107 0.144246 0.797290 0.048452 0.976024 -0.212201 -0.808783 0.163003 0.565066
-4.297960 -163.750204 2720.114598 -18674.613053 0.532291 0.009418 0.846509 0.367289 0.898355 -0.240949 -0.762735 0.439168 0.474727
-3.277820 -195.179504 2112.573187 -22215.741666 0.516363 -0.030160 0.855838 0.628031 0.692750 -0.354505 -0.582190 0.720547 0.376652
-5.975607 -161.081793 2174.197390 -16231.852502 0.515655 0.001404 0.856795 0.458651 0.844203 -0.277419 -0.723699 0.536022 0.434673
-8.092146 -170.715814 579.380426 -28845.169691 0.487894 0.007531 0.872870 0.541695 0.781512 -0.309525 -0.684489 0.623845 0.377216
-8.748867 -131.030412 645.300892 -13517.583893 0.502105 0.048491 0.863446 0.333726 0.910226 -0.245184 -0.797820 0.411263 0.440846
-27.399936 -41.956410 -2439.469632 1276.663557 -0.456945 0.888342 -0.045282 0.660100 0.304539 -0.686676 0.596213 0.343663 0.725552
-18.347571 -39.506397 -3718.322332 1906.820642 -0.485595 0.869611 0.089302 0.585167 0.399242 -0.705823 0.649444 0.290487 0.702737
-22.234549 -39.605644 -2736.127211 422.632711 -0.551995 0.825818 0.115436 0.504985 0.441238 -0.741821 0.663545 0.351188 0.660587
-28.491038 -41.422037 -2324.102632 1190.044730 -0.524704 0.851258 -0.006788 0.561690 0.340205 -0.754165 0.639679 0.399526 0.656650
5.009144 -76.659009 -5257.873920 8763.014052 0.473848 0.507083 0.719955 -0.430546 0.846593 -0.312907 -0.768178 -0.161704 0.619479
0.596381 -62.276367 -4729.563751 7269.913841 0.505449 0.451385 0.735373 -0.276082 0.892054 -0.357798 -0.817496 -0.022174 0.575507
9.774262 -60.700304 -6109.111721 6144.456087 0.483594 0.486753 0.727467 -0.332626 0.870960 -0.361647 -0.809628 -0.067084 0.583098
11.392338 -69.785307 -7464.960462 6872.736997 0.467048 0.508743 0.723220 -0.420368 0.847317 -0.324568 -0.777918 -0.152430 0.609597
27.724382 -965.947384 7397.232844 365862.638364 -0.537831 0.358352 -0.763100 -0.002179 0.904569 0.426321 0.843050 0.230951 -0.485725
34.900597 -1288.209041 8255.282020 548373.723561 -0.559286 0.411566 -0.719592 0.297769 0.909857 0.288953 0.773649 -0.052665 -0.631421
27.380723 -598.041033 4110.553147 105092.964527 -0.553678 0.273747 -0.786450 0.364240 0.928899 0.066898 0.748846 -0.249417 -0.614020
28.567571 -1336.904023 14391.201499 533902.327856 -0.548378 0.411908 -0.727745 -0.019351 0.863785 0.503488 0.836006 0.290184 -0.465710
23.856762 -542.301303 -5793.576837 146189.737818 -0.477263 0.257224 -0.840271 -0.013311 0.953975 0.299591 0.878660 0.154168 -0.451873
4.030014 -347.470276 -3666.066101 72157.362368 -0.468343 0.324071 -0.821969 -0.320016 0.804922 0.499690 0.823556 0.497070 -0.273271
2.756508 -473.245009 4823.020586 160174.987888 -0.519819 0.372993 -0.768547 -0.325480 0.745318 0.581862 0.789843 0.552609 -0.266029
99.336255 -3221.256990 12541.538259 -1698015.556410 -0.479827 0.091406 -0.872589 0.710666 0.623727 -0.325451 0.514509 -0.776279 -0.364240
16.717930 -915.516601 3441.049704 178207.094806 -0.453923 0.175279 -0.873631 -0.363273 0.858873 0.361068 0.813625 0.481264 -0.326188
100.848249 -4384.782934 34082.185047 940831.476788 -0.482517 0.212378 -0.849749 0.280165 0.956613 0.079999 0.829871 -0.199469 -0.521082
-19.439771 -32.759194 -3820.520400 4867.564266 -0.620893 -0.775421 -0.114951 0.743993 -0.536729 -0.397991 0.246913 -0.332633 0.910159
-15.857153 -24.830506 -4277.982373 2813.647813 -0.658673 -0.749199 -0.069650 0.695118 -0.570456 -0.437482 0.288029 -0.336573 0.896526
-6.192046 -33.274653 -6989.131685 5278.118652 -0.412822 -0.895128 -0.168299 0.878051 -0.342009 -0.334747 0.242082 -0.285966 0.927157
-17.380336 -43.212039 -4631.336003 5327.631943 -0.515104 -0.839675 -0.172085 0.838820 -0.452564 -0.302599 0.176206 -0.300218 0.937454
-22.529359 -35.802610 10.269796 -2584.577203 -0.092292 -0.502886 -0.859411 -0.330422 0.829656 -0.449991 0.939310 0.242437 -0.242736
-22.888202 -34.708070 2111.760862 -906.971510 -0.057878 0.719023 0.692572 -0.279826 0.654242 -0.702613 0.958305 0.234465 -0.163335
-26.261913 -33.025082 1491.964043 80.272209 -0.019477 0.744191 0.667683 -0.263340 0.640411 -0.721475 0.964506 0.189880 -0.183501
-19.826032 -37.895845 -2067.901939 -2429.047182 0.065928 -0.671613 -0.737963 -0.317619 0.686979 -0.653589 0.945924 0.277481 -0.168026
-19.071883 -39.764644 -1363.554730 -2088.564987 -0.011966 -0.575762 -0.817529 -0.403112 0.750984 -0.522996 0.915073 0.323297 -0.241083
-18.723048 -41.555235 175.935663 -2760.114395 -0.131251 -0.433796 -0.891400 -0.411370 0.841941 -0.349156 0.901969 0.320868 -0.288956
-2.614917 -14.264694 -560.466740 1134.578240 -0.311190 -0.170942 -0.934847 -0.205563 0.972510 -0.109402 0.927849 0.158125 -0.337775
-0.891389 -15.051737 1082.553942 24.784722 -0.336392 -0.125425 -0.933332 -0.159699 0.984334 -0.074720 0.928082 0.123917 -0.351152
-3.742460 -17.048022 -1458.916687 176.226224 -0.305893 -0.212222 -0.928112 -0.241137 0.960324 -0.140112 0.921022 0.180942 -0.344931
-16.278247 -34.479458 1131.204902 320.283254 -0.479338 0.757732 0.442805 -0.075060 0.467303 -0.880905 0.874415 0.455489 0.167121
-19.142707 -33.796870 1466.704038 1076.684766 -0.447860 0.777468 0.441547 -0.106971 0.443704 -0.889766 0.887681 0.445724 0.115551
-16.989942 -33.176406 1250.031481 1110.283302 -0.473697 0.765549 0.435369 -0.164839 0.408543 -0.897731 0.865124 0.497018 0.067334
-13.966230 -34.789726 1137.394468 371.960470 -0.506882 0.747590 0.429161 -0.064375 0.463639 -0.883682 0.859608 0.475550 0.186884
-14.448207 -35.574345 869.147333 91.593295 -0.507480 0.755776 0.413843 0.000343 0.480461 -0.877016 0.861663 0.444926 0.244084
-13.508702 -33.661352 794.400020 995.153917 -0.508434 0.738896 0.442185 -0.134494 0.439067 -0.888331 0.850533 0.511129 0.123860
-2.887072 -118.995818 -1554.187909 10143.879725 0.091842 0.994492 0.050497 -0.211652 -0.030057 0.976883 -0.973020 0.100407 -0.207725
-4.884032 -107.948965 -1518.601077 5226.639306 0.099643 0.992459 0.071384 -0.212637 -0.048845 0.975910 -0.972037 0.112422 -0.206167
-3.463198 -121.769935 -2982.092627 4572.290209 0.090930 0.995351 0.031756 -0.374765 0.004658 0.927108 -0.922650 0.096203 -0.373447
-11.351711 -12.409713 1867.433181 1139.756986 -0.613523 0.700864 -0.363839 0.160924 -0.340110 -0.926514 0.773106 0.626989 -0.095880
-6.149354 -12.521226 2286.796772 854.755340 -0.331860 0.254149 -0.908448 -0.533091 0.743978 0.402878 0.778256 0.617984 -0.111412
-8.865753 -10.038352 1715.730853 548.547034 -0.504107 0.500745 -0.703655 -0.403422 0.583871 0.704518 0.763628 0.639022 -0.092322
-121.268576 -354.130217 34574.747416 10418.237184 0.247569 0.960531 0.126849 -0.946293 0.267818 -0.181118 0.207942 0.075197 -0.975246
-32.917893 -422.509788 21137.830710 -80626.696388 0.181127 0.944792 0.273057 -0.871627 0.282809 -0.400358 0.455478 0.165489 -0.874731
-92.433229 -497.158521 32373.814264 -130803.237120 0.204356 0.960709 0.187822 -0.724481 0.277467 -0.630983 0.658305 0.007128 -0.752717
-62.444072 -450.370802 27172.197256 -131770.091428 0.175725 0.955307 0.237718 0.982352 -0.154449 -0.105495 -0.064065 0.252061 -0.965588
-3.343245 -46.572165 3764.041400 -2959.781057 0.416711 0.895676 0.155297 0.660767 -0.415771 0.624917 -0.624291 0.157795 0.765089
-0.081350 -52.810813 3841.412879 -3004.032229 0.457022 0.868926 0.189997 0.702040 -0.483559 0.522791 -0.546141 0.105542 0.831018
5.602228 -46.001549 1783.903899 -3510.231285 0.432206 0.879444 0.199438 0.665776 -0.460363 0.587204 -0.608227 0.121012 0.784485
-53.942784 -63.177049 -1561.143396 -2951.050578 0.679272 -0.168652 -0.714245 0.586028 0.710500 0.389566 -0.441770 0.683188 -0.581458
-54.135722 -61.015795 -500.906334 -2128.883376 -0.615066 0.400200 0.679362 0.710568 0.654778 0.257601 -0.341740 0.641175 -0.687101
-53.328110 -57.784683 -982.336125 -3695.135588 -0.479922 0.477383 0.736057 0.742338 0.668104 0.050707 -0.467556 0.570739 -0.675018
7.091853 -3.217245 5147.507595 -1370.801114 0.530360 0.139671 0.836188 0.076723 0.974380 -0.211417 -0.844293 0.176282 0.506057
13.491755 -10.702269 -59.323313 -2936.660780 0.482626 0.093458 0.870826 0.111305 0.979683 -0.166828 -0.868725 0.177443 0.462419
10.739828 -7.856101 2636.582890 -3160.653802 0.475714 -0.227128 0.849770 0.274301 0.956217 0.102021 -0.835736 0.184560 0.517187
-16.876235 -44.473927 912.421608 747.333270 0.638645 -0.753538 -0.155926 0.511860 0.264702 0.817271 0.574571 0.601758 -0.554757
-19.781289 -42.039886 -1509.657472 -2721.833533 -0.577765 0.780777 0.237854 -0.502876 -0.110986 -0.857203 0.642886 0.614873 -0.456758
-14.968947 -44.931986 -1957.814834 -1193.505168 -0.544052 0.805679 0.234285 -0.573606 -0.153354 -0.804648 0.612359 0.572158 -0.545575
22.438393 -49.919776 7040.799779 1128.867305 -0.428160 0.710040 0.559037 0.877442 0.474676 0.069131 -0.216275 0.520121 -0.826256
8.018931 -49.689529 5584.501979 298.893901 -0.419019 0.704629 0.572644 0.857841 0.513895 -0.004633 -0.297543 0.489296 -0.819791
20.100046 -50.524296 7135.134802 540.886446 -0.421599 0.711721 0.561878 0.851833 0.523278 -0.023664 -0.310861 0.468650 -0.826881
-6.979277 -41.255742 -781.769510 2803.408387 -0.444001 0.865109 -0.233345 -0.708127 -0.179218 0.682962 -0.549016 -0.468474 -0.692180
-4.991409 -41.145953 -2673.457228 2696.211783 -0.446131 0.853473 -0.269353 -0.722561 -0.165902 0.671105 -0.528084 -0.494025 -0.690700
-7.816759 -46.853089 -873.940984 -2209.768660 -0.479551 0.855478 -0.195416 -0.662090 -0.206587 0.720388 -0.575906 -0.474846 -0.665473
-9.315859 -45.441552 652.817949 -1180.848927 -0.463458 0.868150 -0.177547 -0.658852 -0.203620 0.724191 -0.592554 -0.452609 -0.666352
-8.634809 -40.595215 340.075789 3009.598811 -0.442727 0.874011 -0.200244 -0.692580 -0.191487 0.695461 -0.569496 -0.446585 -0.690099
-15.454152 -95.584457 23.564455 -7391.990838 0.599162 -0.791544 -0.120262 0.798836 0.580996 0.155901 -0.053531 -0.189479 0.980424
-12.661640 -79.843005 -726.584646 -7934.076283 0.638589 -0.765431 -0.079494 0.747438 0.592341 0.300779 -0.183138 -0.251491 0.950375
-13.081763 -84.365964 193.387909 -8790.445491 0.615745 -0.777302 -0.129072 0.769851 0.558574 0.308747 -0.167893 -0.289476 0.942346
4.056241 -105.460301 1809.869106 0.080174 -0.652478 0.757799 -0.003547 0.727256 0.624850 -0.284009 0.213005 0.187889 0.958815
9.094805 -105.523955 2956.980315 -244.419402 -0.673093 0.739436 0.013450 0.715471 0.655666 -0.241256 0.187212 0.152765 0.970368
7.705728 -105.959610 -2460.614617 -4136.936766 0.641318 -0.767204 0.010467 0.766861 0.640464 -0.041582 0.025199 0.034694 0.999080
5.941433 -103.053701 3417.275315 2699.651912 -0.681438 0.731826 0.008605 0.652597 0.612902 -0.445499 0.331301 0.297964 0.895241
5.273448 -104.214182 -1088.210567 -3655.155616 0.625815 -0.779684 0.021175 0.775800 0.619436 -0.120138 0.080553 0.091612 0.992531
-0.156420 -106.315571 264.770543 1279.733169 -0.622177 0.782722 -0.015593 0.727109 0.570359 -0.382103 0.290187 0.249073 0.923988
-0.814250 -101.910365 1284.307633 3460.924066 -0.649209 0.760595 -0.004829 0.652645 0.553784 -0.517086 0.390618 0.338848 0.855920
749.530945 -103.216895 264731.357341 -10081.277419 -0.314817 0.939556 -0.134630 0.879111 0.235160 -0.414564 0.357846 0.248867 0.900006
918.730573 -44.644187 332466.526320 912.508887 -0.426735 0.900652 -0.082001 0.762851 0.309772 -0.567538 0.485752 0.304743 0.819254
1787.340006 24.579188 563287.580105 18993.710358 -0.416698 0.892456 0.172874 0.753802 0.445520 -0.483005 0.508080 0.070955 0.858382
638.611603 -1.188335 181726.550152 2787.358963 -0.087714 0.909550 0.406234 0.738974 0.332881 -0.585754 0.668000 -0.248817 0.701332
-1.615545 -59.662461 -1592.275144 2274.114242 -0.666101 0.744986 0.036134 0.552715 0.460500 0.694583 -0.500815 -0.482634 0.718504
-1.448354 -60.145992 -1231.835892 2444.601379 -0.666559 0.744893 0.028860 0.502960 0.420819 0.754945 -0.550209 -0.517731 0.655152
-0.820725 -67.495485 -1275.672429 2114.246528 -0.674064 0.738416 0.019462 0.429255 0.370131 0.823859 -0.601147 -0.563688 0.566461
-8.340523 -44.882610 1261.820983 -453.198658 -0.210370 0.964417 0.160139 0.977347 0.211352 0.011068 -0.023172 0.158840 -0.987032
-9.720944 -43.455624 557.320583 -1049.415570 -0.177299 0.974688 0.136192 0.979103 0.188698 -0.075830 -0.099610 0.119901 -0.987776
-7.750036 -44.581129 2362.284931 -476.673861 -0.181736 0.969532 0.164254 0.974566 0.199855 -0.101382 -0.131120 0.141651 -0.981194
-1.510559 -49.391840 -1591.556960 714.988179 -0.563814 0.811850 0.151699 0.415813 0.120333 0.901454 -0.713591 -0.571331 0.405423
-2.341420 -49.436362 -1265.774742 3241.709989 -0.545241 0.821488 0.166944 0.499656 0.158573 0.851586 -0.673094 -0.547734 0.496922
-3.467671 -46.569414 -899.745756 128.151483 -0.552544 0.821572 0.140408 0.387109 0.103772 0.916176 -0.738134 -0.560580 0.375376
-0.587845 -50.508531 -141.898248 1758.839739 -0.562046 0.817793 0.123774 0.446538 0.174056 0.877672 -0.696210 -0.548561 0.463003
-2.601043 -51.064365 -820.432562 -2353.392164 -0.592314 0.801847 0.078771 0.275738 0.109875 0.954933 -0.757055 -0.587340 0.286180
3.106144 -117.360711 -1.375445 197.635004 0.790145 -0.598614 0.131648 0.598643 0.799817 0.043803 -0.131515 0.044200 0.990328
3.248364 -118.044378 1979.052536 669.893994 0.781064 -0.616254 0.100845 0.580478 0.776062 0.246522 -0.230182 -0.134011 0.963876
4.924639 -120.337347 -544.103054 4542.882354 0.770417 -0.620947 0.144508 0.571700 0.773191 0.274472 -0.282165 -0.128842 0.950675
1.848726 -120.072389 -1684.238850 4127.189818 0.802442 -0.576716 0.153249 -0.596635 -0.779988 0.188797 -0.010650 0.242933 0.969985
2.631050 -120.267940 1789.107845 1510.716473 0.809691 -0.578549 0.098395 -0.586854 -0.797756 0.138519 0.001645 0.169901 0.985460
-8.896010 -87.660229 -2002.698871 1425.479085 -0.499356 0.862221 -0.084969 0.841721 0.459555 -0.283397 -0.205303 -0.213036 -0.955231
-9.759816 -88.050230 -1113.678635 -4172.970435 -0.515274 0.855357 -0.053454 -0.815605 -0.470260 0.337110 -0.263212 -0.217302 -0.939947
-10.364533 -85.756193 -3356.295590 -403.015475 -0.500297 0.861808 -0.083606 0.854970 0.476437 -0.205024 -0.136858 -0.174054 -0.975180
15.550686 -105.821108 -4261.204543 -13553.365912 -0.767004 0.625443 -0.143269 0.298636 0.545597 0.783033 -0.567909 -0.557805 0.605255
10.769294 -114.797609 2197.634440 -1531.229262 0.762739 -0.631838 0.137876 0.437010 0.660723 0.610301 -0.476710 -0.405247 0.780079
9.862050 -104.827342 -1715.908413 -10876.435658 -0.765830 0.624560 -0.153069 0.343359 0.598432 0.723867 -0.543700 -0.501801 0.672746
10.373981 -87.929300 2418.823002 17307.294679 0.788108 -0.590565 0.173547 -0.155550 -0.463874 -0.872138 -0.595558 -0.660344 0.457445
25.197125 -93.840125 -3324.068863 -17714.723389 -0.720610 0.672893 -0.167141 0.175732 0.410453 0.894789 -0.670700 -0.615422 0.414026
20.439037 -110.722030 -3635.736543 -7992.142836 -0.716106 0.682698 -0.145312 0.395094 0.568090 0.721924 -0.575407 -0.459563 0.676542
17.420125 -87.402203 3361.749719 18815.705977 0.769454 -0.614968 0.172498 -0.135706 -0.421321 -0.896701 -0.624119 -0.666561 0.407642
-3.033971 -109.774652 -2441.705479 6289.291643 -0.499040 0.856203 -0.133698 0.797830 0.514172 0.314792 -0.338270 -0.050426 0.939697
-6.704873 -108.327019 36.280536 1028.999551 -0.521424 0.834358 -0.178783 0.803034 0.550665 0.227825 -0.288538 0.024775 0.957148
-4.383423 -118.033645 -222.090840 8462.531589 -0.511322 0.840412 -0.179604 0.751482 0.538635 0.380981 -0.416922 -0.059835 0.906971
-14.939060 -124.426748 -755.041508 -240.419240 0.763508 -0.621176 0.176625 -0.629224 -0.653983 0.419980 0.145371 0.431794 0.890180
-13.883157 -124.373191 467.647298 1840.390551 0.735570 -0.648604 0.195574 -0.626428 -0.541300 0.560876 0.257923 0.535076 0.804468
-17.088520 -121.245986 648.522512 0.097943 0.772497 -0.608055 0.183079 -0.630798 -0.701598 0.331442 0.073087 0.371523 0.925542
-5.044982 -23.550372 -4360.475338 844.102372 -0.517378 0.429964 0.739899 -0.224125 0.766352 -0.602056 -0.825886 -0.477321 -0.300128
-6.843256 -22.811067 -2437.922058 987.946920 -0.509289 0.452195 0.732218 -0.250340 0.736191 -0.628771 -0.823380 -0.503530 -0.261731
-12.833236 -26.227715 -3385.676318 376.801873 -0.494532 0.435963 0.751914 -0.260423 0.751035 -0.606734 -0.829227 -0.495865 -0.257876
-11.094424 -25.607577 -4411.833388 -1331.407696 -0.478719 0.339636 0.809614 -0.275456 0.817482 -0.505812 -0.833638 -0.465155 -0.297789
-4.303417 -23.122804 -3636.349886 -1368.611669 -0.497970 0.354529 0.791413 -0.256264 0.811696 -0.524860 -0.828465 -0.464175 -0.313348
-10.381894 -163.731644 -1356.581048 21300.515911 -0.613918 0.754649 -0.231538 -0.423509 -0.562418 -0.710159 0.666142 0.337921 -0.664879
-8.859455 -227.422244 -996.668110 43399.923863 -0.604443 0.779931 -0.162347 -0.329014 -0.429991 -0.840748 0.725533 0.454770 -0.516513
-4.714027 -164.503028 -2256.976441 26493.499682 -0.589130 0.775679 -0.226378 -0.509468 -0.574027 -0.641043 0.627191 0.262325 -0.733360
-7.211487 -124.594301 -2622.440005 5657.294748 -0.588673 0.763651 -0.265145 -0.546647 -0.617690 -0.565364 0.595518 0.187874 -0.781065
-14.747529 -65.425816 -20123.783876 24749.921398 -0.448749 0.293486 0.844091 -0.314482 0.832258 -0.456561 -0.836496 -0.470333 -0.281179
-28.656237 -175.014422 -5562.018314 -65500.896175 -0.645586 0.598305 0.474604 0.159240 -0.502341 0.849880 -0.746901 -0.624247 -0.229030
-44.834534 -218.650505 -10632.921581 -85156.188015 -0.588654 0.669604 0.452898 0.051048 -0.528341 0.847496 -0.806772 -0.522002 -0.276828
-375.521674 -2430.701950 98122.339899 -1262417.682324 0.595826 -0.761128 -0.256274 0.788042 0.492550 0.369301 -0.154858 -0.421994 0.893275
-181.536415 -3957.215610 177708.734072 -2605757.987794 0.738127 -0.630037 -0.241295 -0.674422 -0.698600 -0.238984 0.018000 -0.339135 0.940566
-117.855045 -3159.224404 -60171.466567 -17250.713756 -0.687746 0.655597 0.311767 0.168386 0.561811 -0.809948 0.706153 0.504541 0.496776
2353.131311 -8637.072913 -1408082.790703 17619983.391349 0.878637 -0.468009 0.094683 0.317830 0.721213 0.615496 0.356344 0.510705 -0.782432
-354.390283 -1817.616758 126711.628921 -672513.463793 0.736979 -0.573244 -0.358124 0.351783 -0.127120 0.927410 0.577157 0.809464 -0.107972
-3484.069601 -23476.169792 2300558.145415 8132015.749195 0.354179 0.878511 -0.320586 0.816062 -0.457762 -0.352842 0.456728 0.136649 0.879049
-28.375997 -36.005031 -73.344257 2574.342709 -0.228092 0.483970 0.844835 -0.323400 0.780784 -0.534591 -0.918361 -0.395156 -0.021574
-26.336836 -33.542655 -1118.724230 1033.784546 -0.372263 0.583100 0.722090 -0.276451 0.673032 -0.686005 -0.885999 -0.454997 -0.089347
-28.066387 -37.434811 -480.342549 894.655702 -0.277978 0.525905 0.803836 -0.372819 0.712153 -0.594848 -0.885288 -0.465040 -0.001895
-6.176205 -48.687627 -1732.491042 -1253.520849 -0.543006 0.827678 0.141749 0.808562 0.560912 -0.177780 0.226653 -0.018077 0.973808
-4.045099 -51.747733 -1054.082934 -1885.124865 -0.522967 0.840671 0.140632 0.804864 0.541366 -0.243140 0.280534 0.013964 0.959743
-8.097019 -54.103016 -2309.732208 -3202.061636 -0.532925 0.831653 0.156029 0.778911 0.554199 -0.293532 0.330588 0.034898 0.943130
-11.347516 -42.662880 -1055.180832 -3224.326786 -0.489055 0.855392 0.170673 -0.735092 -0.509514 0.447253 -0.469537 -0.093271 -0.877973
-15.280487 -43.731308 3561.454931 -3028.441441 -0.450880 0.858538 0.244173 -0.729441 -0.512071 0.453540 -0.514415 -0.026382 -0.857135
-11.766836 -42.950606 -44.789629 -2256.816489 -0.478108 0.859187 0.182236 -0.765056 -0.509310 0.394071 -0.431395 -0.048988 -0.900832
-10.799469 -41.687639 -4264.305432 -46.570214 -0.487859 0.868183 0.090845 -0.727091 -0.461739 0.508071 -0.483045 -0.181814 -0.856511
53.347750 -234.791045 -7857.848951 -12912.637741 -0.313263 0.944427 -0.099621 -0.299341 0.001356 0.954145 -0.901255 -0.328719 -0.282281
69.335284 -240.706705 -7352.188441 -20385.090172 -0.197701 0.980250 -0.005025 -0.292965 -0.054193 0.954586 -0.935460 -0.190195 -0.297892
42.905771 -236.040985 -3309.833819 -22900.146441 -0.266337 0.962828 -0.045012 -0.020712 0.040971 0.998946 -0.963657 -0.266988 -0.009030
-5.618680 -56.972023 -1138.943568 4245.685628 -0.591122 0.805614 0.039505 0.191821 0.092839 0.977029 -0.783441 -0.585121 0.209413
-3.991366 -56.532940 -790.642406 696.814693 -0.591085 0.805687 0.038561 0.204675 0.103574 0.973335 -0.780209 -0.583216 0.226125
-4.058245 -48.692075 -1126.360644 -3479.123269 -0.580857 0.809283 0.087557 0.245630 0.071711 0.966707 -0.776061 -0.583026 0.240438
-53.672092 -89.790108 1683.210442 8483.638364 -0.118302 0.978061 0.171468 0.929204 0.169928 -0.328183 0.350120 -0.120504 0.928921
-42.047541 -92.143150 -917.753696 15554.267248 -0.076509 0.963328 0.257188 0.897740 0.178789 -0.402612 0.433830 -0.200084 0.878497
149.430047 -100.527392 -32210.777966 -2420.956006 0.778114 -0.604656 -0.170090 -0.157298 -0.449741 0.879199 0.608109 0.657362 0.445061
179.954069 -105.632699 -9859.351366 -5992.752339 -0.471379 0.799352 0.372610 0.257840 0.528942 -0.808541 0.843398 0.285055 0.455437
172.765554 -109.441084 -54338.267500 5332.813505 0.878727 -0.475200 0.044987 -0.348159 -0.573612 0.741454 0.326534 0.667198 0.669494
18.160289 -76.448043 -81.034246 -4680.413132 0.501904 0.742892 0.442949 0.728238 -0.639270 0.246988 -0.466649 -0.198608 0.861854
16.831359 -74.645154 -1213.105458 -4671.974617 0.473497 0.778577 0.411848 0.744044 -0.603804 0.286042 -0.471381 -0.170993 0.865195
22.875914 -79.373479 -976.728267 -1470.774054 0.466070 0.773590 0.429344 0.810361 -0.568018 0.143773 -0.355097 -0.280915 0.891624
13.417390 -64.105772 -748.454406 -5176.918433 0.502581 0.745000 0.438620 0.652959 -0.659626 0.372205 -0.566618 -0.099338 0.817970
20.228618 -81.899503 958.677388 -3601.117423 0.508070 0.722946 0.468203 0.756690 -0.634315 0.158317 -0.411442 -0.273849 0.869323
16.464361 -73.378781 1523.005036 -6181.613338 0.535853 0.701737 0.469497 0.649761 -0.697825 0.301414 -0.539140 -0.143547 0.829893
39.140280 -62.992766 9086.393586 11599.137109 -0.489616 0.088260 -0.867459 0.626139 -0.656776 -0.420233 -0.606816 -0.748903 0.266305
34.945261 -46.518553 8308.918548 -6634.962390 -0.442956 0.081414 -0.892839 0.700406 -0.590241 -0.401307 -0.559662 -0.803111 0.204428
29.993101 -51.583917 7302.953410 2861.955063 -0.461080 0.116546 -0.879672 0.653331 -0.626245 -0.425413 -0.600470 -0.770866 0.212606
48.632145 -53.072202 8105.084690 -10676.675672 -0.454906 0.004578 -0.890528 0.736346 -0.560476 -0.379027 -0.500855 -0.828158 0.251593
-12.528541 -49.617742 3616.435790 -2035.504166 -0.578708 0.786364 0.216170 0.357227 0.006139 0.933997 -0.733134 -0.617734 0.284463
-20.247257 -49.286532 7296.036518 69.129672 -0.535382 0.786193 0.308654 0.498084 -0.001243 0.867128 -0.682113 -0.617980 0.390925
-8.950150 -47.501890 5735.384641 496.775881 -0.544737 0.799725 0.252392 0.462047 0.035055 0.886162 -0.699838 -0.599342 0.388606
-3.523023 -44.538757 4365.302174 1043.566659 -0.503833 0.805423 0.312164 0.510300 -0.014052 0.859882 -0.696955 -0.592534 0.403927
-5.947149 -46.205413 2472.791595 -1436.230205 -0.541505 0.802213 0.251449 0.387281 -0.027436 0.921554 -0.746181 -0.596407 0.295825
58.812767 -32.190369 27352.117653 -2954.203486 0.059278 0.922813 0.380661 0.575826 -0.343103 0.742095 -0.815421 -0.175205 0.551718
73.422004 -25.134149 14438.331656 -1473.552871 -0.077972 0.857494 0.508552 0.588682 -0.372081 0.717642 -0.804595 -0.355331 0.475779
1.861034 -67.561550 -217.825417 1990.460063 0.365425 0.919878 -0.142439 0.889453 -0.299943 0.344831 -0.274479 0.252703 0.927795
1.177231 -75.639662 -249.962172 -3903.960586 0.363153 0.920313 -0.145413 0.836183 -0.253075 0.486571 -0.410997 0.298291 0.861454
2.245583 -76.995403 -248.134422 -3945.215214 0.361841 0.919851 -0.151475 0.824528 -0.239963 0.512416 -0.434999 0.310309 0.845272
-21.252815 -75.653988 1275.472999 18589.246112 0.139610 0.989736 0.030524 0.986535 -0.141679 0.081709 -0.085195 -0.018705 0.996189
-8.998529 -90.512010 -4736.246579 848.644342 0.302983 0.952597 -0.027565 -0.905452 0.278725 -0.320106 0.297249 -0.121945 -0.946981
-11.488271 -92.677030 -5339.533613 -2937.679252 0.268886 0.962292 -0.041158 -0.957629 0.262516 -0.118455 0.103184 -0.071265 -0.992106
-3.716139 -95.288063 -845.797148 -3181.503497 0.237220 0.971430 -0.007077 -0.967835 0.235701 -0.087977 0.083795 -0.027719 -0.996097
5.798174 -72.300632 -1983.837343 -1291.955639 0.568890 0.802778 -0.178636 0.595807 -0.552025 -0.583337 0.566902 -0.225422 0.792343
5.438747 -72.100953 -1523.609056 -1922.477527 0.534469 0.829503 -0.162070 0.670990 -0.533037 -0.515407 0.513921 -0.166722 0.841480
8.528324 -75.227937 -1239.805409 -1277.442173 0.547624 0.814355 -0.192182 0.555644 -0.525665 -0.644155 0.625595 -0.245970 0.740358
10.921827 -77.448069 1851.326395 -595.519449 0.510114 0.831757 -0.219008 0.530123 -0.504557 -0.681463 0.677313 -0.231523 0.698315
13.310045 -77.681497 -1321.527859 1261.075709 0.553283 0.804626 -0.215533 0.360745 -0.464674 -0.808666 0.750826 -0.369669 0.547361
22.030225 -101.030774 -8637.854740 2794.634659 0.175073 -0.160759 0.971342 0.984231 0.053918 -0.168472 -0.025289 0.985520 0.167663
40.735922 -97.841305 -8086.209366 -131.347151 0.208892 -0.218989 0.953104 0.976362 0.102023 -0.190548 -0.055511 0.970379 0.235125
-4.549614 -61.579285 1352.990866 361.985535 0.390142 0.910686 -0.135792 0.887632 -0.411195 -0.207430 0.244741 0.039606 0.968779
-0.459389 -63.490398 1628.558102 -3959.321190 0.424934 0.891927 -0.154586 0.839376 -0.452176 -0.301638 0.338939 0.001579 0.940807
-5.871961 -139.307253 -395.174440 3421.888507 -0.321468 -0.046329 -0.945787 0.704349 0.655869 -0.271532 0.632892 -0.753452 -0.178209
-7.429262 -139.942267 -218.160649 8403.854024 -0.324776 -0.031830 -0.945255 0.652065 0.716398 -0.248163 0.685078 -0.696965 -0.211914
-5.405501 -122.236922 412.202417 7399.511110 -0.332158 -0.017348 -0.943064 0.472098 0.862524 -0.182145 0.816575 -0.505719 -0.278305
3.519911 -68.804943 -1584.801053 329.885020 0.547488 0.821333 -0.160214 0.677619 -0.547472 -0.491026 0.491009 -0.160267 0.856285
2.126048 -69.752332 -732.542500 -388.804832 0.569268 0.800715 -0.186520 0.614140 -0.564979 -0.551026 0.546595 -0.199132 0.813376
-17.536267 -229.893660 1860.090559 26295.169673 0.554986 0.072915 0.828658 -0.550772 0.778742 0.300352 -0.623410 -0.623093 0.472351
-15.111303 -227.152089 -1005.452706 -19202.644619 -0.575115 -0.092568 -0.812819 0.599582 -0.723641 -0.341826 -0.556546 -0.683941 0.471679
-8.485721 -226.590436 1693.606354 -32057.052139 0.595881 0.131480 0.792236 0.546403 -0.789339 -0.279978 -0.588532 -0.599714 0.542193
-0.695154 -204.325779 1230.329012 -18690.541470 0.507209 0.001627 0.861822 0.528506 0.789306 -0.312532 -0.680750 0.613997 0.399483
-21.106319 -40.485523 -3586.370394 690.145289 -0.450409 0.892046 0.037222 0.666947 0.363884 -0.650209 0.593561 0.268034 0.758843
-15.830494 -40.169252 -3518.924134 996.311695 -0.410246 0.909297 0.069844 0.685902 0.358115 -0.633476 0.601030 0.211975 0.770603
-26.320626 -44.367189 -2646.066792 451.061242 -0.395531 0.916089 -0.065853 0.755088 0.283522 -0.591149 0.522874 0.283543 0.803870
-19.802652 -43.553588 -4101.184113 132.621999 -0.403081 0.914947 0.019942 0.738429 0.338033 -0.583486 0.540600 0.220466 0.811879
-0.085101 -81.512571 -2768.989982 9465.269608 0.504705 0.461752 0.729423 -0.398904 0.874059 -0.277301 -0.765603 -0.151015 0.625337
-6.586236 -65.585680 -1563.363525 7848.162405 0.549670 0.389087 0.739239 -0.200901 0.920509 -0.335114 -0.810865 0.035688 0.584145
3.049352 -612.659019 9002.593484 17345.593196 -0.611646 0.330129 -0.718960 0.582660 0.802716 -0.127102 0.535161 -0.496650 -0.683331
46.911065 -2166.780752 -2693.247127 955563.010834 -0.581268 0.347215 -0.735913 0.318823 0.929262 0.186615 0.748652 -0.126153 -0.650850
-4.817367 -25.110944 -7350.837076 4143.922189 -0.418203 -0.894473 -0.158191 0.860796 -0.334641 -0.383464 0.290061 -0.296536 0.909907
10.304976 -53.774315 1638.449406 2594.540882 -0.386700 -0.058321 -0.920359 -0.436325 0.890799 0.126880 0.812455 0.450640 -0.369919
3.890892 -55.968457 1773.702437 -9725.580517 -0.368474 -0.118065 -0.922111 -0.309648 0.950849 0.001990 0.876553 0.286263 -0.386921
5.328039 -50.946446 463.701061 -10922.602187 -0.373873 -0.072650 -0.924630 -0.269416 0.962448 0.033316 0.887488 0.261566 -0.379406
8.089746 -50.930563 680.852335 -3238.871179 -0.412442 0.021193 -0.910737 -0.329858 0.928417 0.170986 0.849168 0.370935 -0.375927
-21.447439 -34.132842 1401.077424 1008.919302 -0.416871 0.798079 0.435073 -0.132522 0.420169 -0.897717 0.899253 0.431889 0.069393
-19.698237 -33.510896 1419.745755 1079.380829 -0.443292 0.786636 0.429764 -0.167220 0.398456 -0.901815 0.880642 0.471632 0.045091
12.369492 -502.537047 -20049.961350 158028.902804 0.816417 -0.193812 -0.543968 -0.541919 0.068242 -0.837656 -0.199469 -0.978662 0.049316
-71.598989 -183.691688 15972.638054 32951.667895 0.424195 -0.096662 -0.900397 0.866435 -0.245819 0.434584 -0.263342 -0.964484 -0.020524
-32.034868 -103.105886 9665.959352 25129.546022 0.891787 -0.182012 -0.414231 -0.405506 0.084582 -0.910171 -0.200699 -0.979652 -0.001622
-4.250700 -682.740017 10980.015064 -207822.804348 0.178989 0.956134 0.231884 0.971112 -0.133889 -0.197523 -0.157811 0.260540 -0.952478
1.702794 -462.787847 3906.197119 -95005.157126 0.229212 0.957488 0.175151 -0.864296 0.282970 -0.415836 0.447721 0.056068 -0.892414
-25.323375 -47.153224 5991.035905 -1330.812508 0.174467 0.924093 -0.340020 -0.270313 0.376998 0.885891 -0.946833 0.062647 -0.315568
-15.853328 -41.624328 4540.431206 902.941624 0.216907 0.898383 -0.381915 -0.208126 0.424793 0.881042 -0.953748 0.111618 -0.279118
-10.947329 -32.073881 8111.236663 -5360.975721 0.276786 0.798152 -0.535111 -0.316772 0.601526 0.733364 -0.907218 0.033477 -0.419326
-22.517555 -52.804805 -8747.784820 939.062502 0.404216 0.913535 -0.045412 -0.423840 0.231073 0.875765 -0.810536 0.334751 -0.480596
