12630
25251
-22.251006 -35.298136 564.650083 -2435.232980 -0.441338 0.883428 0.157401 0.865997 0.465274 -0.183218 0.235095 -0.055448 0.970390
-28.147405 -41.633278 -152.861456 -2377.367321 -0.498970 0.830728 0.246821 0.767502 0.555864 -0.319304 0.402454 -0.030112 0.914945
-24.810047 -46.183274 -425.800225 -3681.739522 0.684984 -0.685298 -0.247312 0.644005 0.728261 -0.234292 0.340667 0.001216 0.940183
-25.917352 -37.546649 -78.865333 -1429.016010 -0.050452 0.988833 0.140231 0.913807 0.102362 -0.393038 0.403003 -0.108315 0.908767
-11.463328 -46.841295 1891.234098 -4720.083061 -0.622118 0.777226 0.094276 0.760966 0.628589 -0.160644 0.184118 0.028199 0.982500
-13.189667 -29.501861 1655.810681 -2508.778516 -0.460512 0.885548 0.061105 0.883329 0.463968 -0.066816 0.087519 -0.023207 0.995892
-18.618025 -24.354183 666.757982 -1256.375002 0.084985 0.993172 0.079920 0.986719 -0.072745 -0.145239 0.138434 -0.091202 0.986163
-20.832503 -30.330405 134.135307 -1576.678795 0.103887 0.990707 0.087790 0.964670 -0.078881 -0.251376 0.242115 -0.110803 0.963900
-32.185860 -42.859735 1231.236182 -1282.529590 0.890315 -0.415250 -0.186835 -0.148431 0.123238 -0.981214 -0.430474 -0.901321 -0.048085
-34.258425 -41.885008 1489.349343 -629.214222 0.879152 -0.462526 0.114724 0.055097 -0.140471 -0.988551 -0.473346 -0.875407 0.098012
-35.042276 -45.160044 1005.703709 -155.529891 0.817802 -0.566733 -0.100064 -0.021471 0.143705 -0.989388 -0.575099 -0.811272 -0.105354
-29.344336 -37.512753 1133.123779 -500.201859 0.930065 -0.325983 0.169453 0.112994 -0.185070 -0.976208 -0.349588 -0.927084 0.135293
-32.436916 -43.818615 874.021494 285.911164 0.854749 -0.455542 -0.248769 -0.084948 0.350046 -0.932873 -0.512043 -0.818504 -0.260504
-28.248434 -39.073910 745.226001 -1226.724718 0.950406 -0.302715 -0.071355 -0.072590 0.007184 -0.997336 -0.302421 -0.953054 0.015146
-29.827035 -42.752023 518.749103 -865.304829 0.910466 -0.321828 -0.259765 -0.179160 0.259190 -0.949064 -0.372764 -0.910630 -0.178325
20.133852 -47.584458 -1948.553201 1779.386124 0.790325 -0.605059 0.096391 -0.446942 -0.461734 0.766189 0.419082 0.648619 0.635345
24.306750 -52.874611 -3093.336346 682.069217 0.761560 -0.626993 0.164034 -0.408152 -0.267389 0.872878 0.503427 0.731699 0.459541
27.285045 -46.628691 -3468.402848 1057.004001 0.758191 -0.648144 0.071102 -0.434706 -0.421191 0.796008 0.485980 0.634435 0.601096
34.181634 -39.830226 -4162.937900 1966.487601 0.786459 -0.617093 0.026060 -0.475079 -0.577428 0.663986 0.394693 0.534578 0.747291
8.403727 -4.672309 1598.200239 1780.477060 0.156157 0.465051 -0.871403 0.848923 -0.514177 -0.122278 -0.504921 -0.720659 -0.475084
9.023844 0.746038 2117.907334 -49.756395 0.279349 0.403536 -0.871277 0.800824 -0.598550 -0.020461 -0.529759 -0.692023 -0.490366
2.240250 -7.278172 1096.162866 1633.360099 -0.128817 0.633724 -0.762758 0.842931 -0.335194 -0.420847 -0.522373 -0.697165 -0.491007
-1.118479 -8.940451 695.547349 1557.068267 -0.459133 0.719056 -0.521684 0.709876 -0.056103 -0.702089 -0.534109 -0.692684 -0.484682
-1.148529 -15.022157 674.909885 2100.670139 -0.243777 0.661184 -0.709513 0.808349 -0.265697 -0.525335 -0.535858 -0.701599 -0.469697
1.618832 -16.316417 969.830971 2469.296364 -0.028028 0.560815 -0.827466 0.852887 -0.418316 -0.312403 -0.521343 -0.714491 -0.466587
-11.847353 -16.884455 -580.912834 1689.364297 0.923849 0.002468 -0.382748 0.342094 -0.453852 0.822794 0.171680 0.891073 0.420136
-16.044685 -23.055484 1348.714806 711.219971 0.922058 -0.279269 0.267989 -0.338114 -0.244178 0.908876 0.188384 0.928647 0.319571
-13.522768 -19.359291 -3010.757934 415.954493 0.713019 0.206186 -0.670143 0.694115 -0.342580 0.633122 0.099037 0.916584 0.387383
6.680341 -17.045609 -6353.667991 969.727266 0.760698 0.234009 -0.605457 0.643905 -0.389883 0.658315 0.082005 0.890635 0.447263
2.514625 -14.771101 -3935.051542 1993.049354 0.829727 0.142258 -0.539736 0.533259 -0.487682 0.691232 0.164886 0.861353 0.480504
-2.895296 -25.616482 -174.630809 439.095302 -0.381867 0.895826 0.227319 -0.829808 -0.224030 -0.511106 0.406935 0.383806 -0.828913
-3.840410 -26.849700 37.543516 74.841108 -0.366444 0.896209 0.250056 -0.762363 -0.135133 -0.632883 0.533405 0.422550 -0.732755
-3.540439 -26.539435 54.342782 527.449024 -0.337060 0.909356 0.243849 -0.836869 -0.170725 -0.520099 0.431324 0.379375 -0.818556
-0.719446 -24.486123 -430.333463 -620.248443 -0.356807 0.909562 0.213041 0.881935 0.252781 0.397859 0.308024 0.329847 -0.892369
-1.784620 -24.085540 -489.284176 -394.230247 -0.386475 0.898397 0.208612 0.876842 0.287770 0.385145 0.285981 0.331769 -0.898969
30.401154 -44.873918 3184.138344 -2508.567197 0.745432 -0.632525 0.210340 0.622269 0.547196 -0.559784 -0.238980 -0.548169 -0.801498
19.577469 -45.329944 2456.621071 -184.273409 0.744895 -0.607545 0.275719 0.653824 0.582447 -0.482981 -0.132841 -0.540041 -0.831089
27.978354 -50.292084 2408.083273 -1881.220611 0.712090 -0.675691 0.190707 0.680302 0.596911 -0.425308 -0.173542 -0.432596 -0.884728
26.886653 -51.245737 80.487785 4167.431604 -0.640547 0.767901 0.005286 -0.657583 -0.552053 0.512662 -0.396592 -0.324908 -0.858574
24.254607 -57.148447 593.475132 2575.087554 -0.623513 0.781580 0.019109 -0.724717 -0.586974 0.360896 -0.293286 -0.211175 -0.932410
24.781003 -54.146680 -1673.612825 -940.531311 -0.680279 0.713006 -0.169832 0.727324 0.628020 -0.276751 -0.090667 -0.311791 -0.945815
-0.508466 -61.573330 126.523888 -3619.676241 -0.623169 0.770030 -0.136801 -0.020799 -0.191173 -0.981336 0.781811 0.608692 -0.135149
0.465402 -63.723505 125.957412 -4011.831298 -0.625439 0.768956 -0.132414 -0.025559 -0.189801 -0.981490 0.779855 0.610477 -0.138363
-0.255394 -52.685514 105.794821 -3215.119351 -0.622457 0.766064 -0.160289 0.161097 -0.075010 -0.984084 0.765895 0.638372 0.076720
-0.660725 -49.846094 121.854207 -3209.179291 -0.620184 0.766109 -0.168668 0.173065 -0.076092 -0.981967 0.765128 0.638190 0.085395
-1.454210 -58.692953 171.519770 -3199.512396 -0.619112 0.770674 -0.150868 -0.008548 -0.198716 -0.980020 0.785256 0.605453 -0.129616
11.157334 -25.733188 886.836894 24.958867 -0.654866 0.748113 -0.107128 -0.240432 -0.071848 0.968003 -0.716479 -0.659670 -0.226921
11.719833 -25.582867 700.016835 492.154709 -0.678138 0.729378 -0.090198 -0.141644 -0.009282 0.989874 -0.721155 -0.684048 -0.109606
14.625328 -24.370487 -1102.616251 268.331819 0.689926 -0.712874 0.125753 0.245285 0.066781 -0.967148 -0.681057 -0.698106 -0.220931
14.757406 -21.662232 -1232.433423 1088.467418 0.660600 -0.732741 0.163395 0.346953 0.104968 -0.931990 -0.665756 -0.672363 -0.323569
19.616309 -19.958857 -1501.741832 1056.596806 0.701190 -0.683838 0.201739 0.353079 0.087232 -0.931518 -0.619409 -0.724401 -0.302615
20.305250 -21.897702 -1242.702012 393.625877 0.745803 -0.643073 0.173883 0.252982 0.031939 -0.966944 -0.616262 -0.765138 -0.186506
17.054936 -23.697740 75.526232 -2626.129107 -0.042797 -0.972293 0.229813 0.994996 -0.020692 0.097747 -0.090283 0.232846 0.968314
14.755444 -25.437155 -882.546032 -2951.522252 -0.083397 -0.949294 0.303126 0.993831 -0.056912 0.095194 -0.073116 0.309195 0.948184
14.758265 -32.716560 -345.395195 -2654.301324 -0.054734 -0.962012 0.267466 0.998396 -0.056605 0.000715 0.014452 0.267076 0.963567
14.955627 -31.670918 1113.953597 -2081.643928 -0.008670 -0.989300 0.145641 0.999953 -0.009197 -0.002952 0.004259 0.145609 0.989333
15.414125 -22.677255 1371.195182 -2183.018041 -0.001580 -0.993168 0.116683 0.994023 0.011177 0.108597 -0.109159 0.116157 0.987214
7.054017 -103.772890 -974.532003 -6312.498086 -0.094883 -0.517738 0.850261 0.577720 0.666932 0.470576 -0.810702 0.535862 0.235827
7.970946 -100.478337 -1531.495923 -9371.123226 -0.109717 -0.535189 0.837577 0.369886 0.760160 0.534174 -0.922576 0.368416 0.114557
5.210341 -89.493828 -1034.782109 -7550.489709 -0.112727 -0.525548 0.843263 0.326687 0.781887 0.530968 -0.938386 0.335338 0.083550
4.659358 -75.625054 -1215.609435 -5976.336586 -0.119816 -0.539626 0.833335 0.141822 0.821470 0.552334 -0.982614 0.184364 -0.021894
96.906499 -31.026850 -132419.213948 2064.858580 -0.044611 0.991483 0.122359 -0.854014 0.025700 -0.519615 0.518334 0.127677 -0.845594
731.640172 -0.486684 -549845.497347 -4401.037882 -0.252529 0.964883 0.072316 -0.844344 -0.183246 -0.503492 0.472559 0.188206 -0.860968
75.740292 -22.882179 -104496.177846 1782.835574 -0.184997 0.981512 0.049101 -0.878461 -0.142763 -0.455987 0.440547 0.127489 -0.888631
-4.883173 -179.237593 75.542552 -19004.927176 -0.008249 -0.643965 0.765011 0.279345 0.733095 0.620111 -0.960155 0.218818 0.173841
-4.121667 -169.138346 -233.760297 -6008.950900 0.032907 0.658558 -0.751810 0.652823 0.555420 0.515102 -0.756795 0.507750 0.411645
-6.366349 -151.838703 214.524774 -12453.232354 -0.054458 -0.651257 0.756901 0.350513 0.697318 0.625210 -0.934973 0.299352 0.190299
-6.547663 -120.390446 398.872259 -10100.362825 -0.021687 -0.608661 0.793134 -0.022778 0.793416 0.608254 -0.999505 -0.004875 -0.031071
-7.480718 -144.029445 466.288182 -10815.474903 -0.067275 -0.649878 0.757055 0.435404 0.663589 0.608336 -0.897718 0.370551 0.238317
-7.489511 -122.475446 368.875856 -11446.133365 -0.049075 -0.618153 0.784524 0.054285 0.782659 0.620079 -0.997319 0.073018 -0.004853
-6.329865 -129.410645 947.165163 7433.254123 -0.243978 -0.587521 0.771553 0.931014 -0.364599 0.016768 0.271456 0.722417 0.635944
-6.238598 -126.058718 -193.318825 -930.129296 -0.220629 -0.543840 0.809667 0.973723 -0.074765 0.215115 -0.056454 0.835852 0.546045
-6.422060 -143.967839 295.884322 4412.772044 -0.221917 -0.601080 0.767760 0.974238 -0.169121 0.149193 0.040168 0.781089 0.623126
-5.192711 -147.960210 49.891626 -10287.384822 -0.225319 -0.561123 0.796475 0.896797 0.200047 0.394635 -0.380772 0.803195 0.458139
-4.715085 -157.905945 -913.675800 -12397.331225 -0.211189 -0.567941 0.795514 0.878598 0.246347 0.409121 -0.428329 0.785338 0.446966
12.944330 -17.092624 670.706024 281.909358 0.447613 -0.490096 0.747963 -0.192861 0.763840 0.615916 -0.873182 -0.419945 0.247384
13.713439 -19.397754 -612.366861 -223.790783 0.367846 -0.507556 0.779151 -0.183981 0.781610 0.596017 -0.911504 -0.362592 0.194131
11.778036 -18.114201 1379.128019 -225.591010 0.472862 -0.481972 0.737634 -0.161050 0.775763 0.610127 -0.866293 -0.407302 0.289208
3.580121 -17.570641 2887.035120 71.356360 0.552624 -0.501352 0.665773 -0.135976 0.733893 0.665516 -0.822264 -0.458309 0.337395
6.113592 -17.299945 2001.951228 276.684180 0.513511 -0.491267 0.703536 -0.208837 0.723689 0.657770 -0.832282 -0.484696 0.269028
-0.216519 -229.216999 -1644.510161 -11427.187935 0.087270 0.468764 -0.879002 0.952140 -0.298720 -0.064773 -0.292939 -0.831280 -0.472398
-5.960641 -454.064438 -5356.612099 -87614.359129 0.193350 0.471342 -0.860496 0.974803 0.007151 0.222952 0.111240 -0.881922 -0.458083
5.420976 -283.708892 101.327715 12202.039552 0.083492 0.468151 -0.879695 0.979281 -0.201985 -0.014547 -0.184495 -0.860254 -0.475315
0.939359 -235.779459 910.338337 18826.279084 0.036917 0.501874 -0.864152 0.818021 -0.511879 -0.262338 -0.574003 -0.697210 -0.429440
0.674895 -271.212544 -902.013606 26322.972317 -0.060425 0.497935 -0.865106 0.755018 -0.544110 -0.365913 -0.652914 -0.675281 -0.343073
-369.302182 -2862.684473 -27093.767029 -2150923.308399 0.162641 0.986631 -0.010345 0.973172 -0.158676 0.166606 -0.162737 0.037164 0.985969
-229.873121 -2498.549038 -65754.186389 -8681489.498198 0.460615 0.609366 -0.645373 -0.335776 0.792692 0.508816 0.821638 -0.017667 0.569736
-161.402367 -11304.791098 -19171.608148 12081846.953673 -0.099153 -0.838822 0.535301 0.930897 0.111869 0.347729 -0.351567 0.532788 0.769765
-9.977687 -18.620771 -64.384714 484.636248 -0.294366 0.894695 0.335962 0.776326 0.018834 0.630050 -0.557375 -0.446281 0.700119
-11.136097 -20.903830 279.859689 516.139306 -0.125971 0.889960 0.438296 0.763820 -0.194910 0.615295 -0.633016 -0.412288 0.655216
-11.027441 -18.810473 -381.773660 285.251578 -0.360753 0.873843 0.325970 0.723324 0.041499 0.689261 -0.588779 -0.484435 0.647042
-9.565707 -21.485956 386.784270 632.504935 -0.087408 0.912130 0.400472 0.789985 -0.181435 0.585666 -0.606864 -0.367559 0.704711
-8.753029 -17.426541 -576.440502 354.579915 -0.523855 0.826533 0.205962 0.666139 0.246819 0.703803 -0.530881 -0.505890 0.679883
-8.447190 -16.872645 -518.701330 403.586456 -0.486264 0.846853 0.215377 0.722342 0.250875 0.644425 -0.491700 -0.468936 0.733709
-9.013513 -18.526456 73.036815 530.669571 -0.231535 0.914160 0.332720 0.820081 -0.000570 0.572247 -0.523315 -0.405352 0.749554
8.712859 -44.610095 181.807131 -235.573741 -0.454359 0.870574 0.188838 0.382434 -0.000829 0.923983 -0.804551 -0.492038 0.332560
13.292870 -56.569061 4.983801 -143.530270 -0.517646 0.852720 0.070077 0.257642 0.077249 0.963148 -0.815882 -0.516624 0.259684
15.968518 -54.029296 494.242643 2347.056029 -0.469204 0.862169 0.191083 0.534370 0.104927 0.838713 -0.703062 -0.495636 0.509950
26.460789 -57.618453 996.649530 1756.320396 -0.400821 0.855866 0.326858 0.736730 0.089037 0.670299 -0.544584 -0.509476 0.666230
17.925309 -42.119493 647.736133 68.930588 -0.394620 0.831674 0.390634 0.661684 -0.037761 0.748831 -0.637534 -0.553979 0.535404
-3.774849 -164.606210 -1827.469662 35803.153358 0.014030 0.049472 0.998677 0.896243 0.442220 -0.034497 -0.443341 0.895541 -0.038135
-7.599184 -222.049219 -1039.101151 36092.225050 0.070508 0.082811 0.994068 0.870706 0.481145 -0.101840 -0.486724 0.872721 -0.038179
-3.153151 -54.176796 -964.283565 5289.488816 0.180136 0.146634 0.972651 0.874100 0.429625 -0.226653 -0.451110 0.891022 -0.050782
-15.869659 -33.679951 205.077235 -907.185930 -0.556452 0.753164 0.350864 -0.373163 0.150758 -0.915435 0.742368 0.640325 -0.197163
-12.529707 -33.472709 -780.998171 4139.719709 -0.593570 0.757688 -0.271264 0.045792 -0.304721 -0.951340 0.803479 0.577109 -0.146177
-13.880428 -31.101493 1971.349187 -3249.391893 -0.551546 0.732446 0.399149 -0.389866 0.196676 -0.899624 0.737429 0.651799 -0.177080
-16.485351 -41.279118 661.617900 -3116.995874 -0.461189 0.690942 0.556691 -0.562582 0.257468 -0.785628 0.686153 0.675507 -0.269970
-15.224728 -37.975108 1485.107791 -2905.173336 -0.473053 0.733612 0.487887 -0.538689 0.197355 -0.819063 0.697162 0.650280 -0.301830
-0.400664 -73.947080 -557.824791 1805.169857 0.834437 -0.233340 -0.499266 0.212683 0.972107 -0.098868 0.508410 -0.023686 0.860789
-1.661633 -74.334317 -292.352126 2482.655414 0.829911 -0.235062 -0.505958 0.206948 0.971910 -0.112085 0.518093 -0.011687 0.855245
-0.447799 -70.204792 -321.122948 2894.461001 0.830640 -0.227684 -0.508131 0.095746 0.957388 -0.272473 0.548517 0.177675 0.817044
0.783029 -71.074009 -622.375206 1868.727328 0.841166 -0.223508 -0.492427 0.106396 0.961194 -0.254531 0.530207 0.161710 0.832304
0.469314 -63.003119 -449.110632 3195.312367 0.836326 -0.212062 -0.505558 -0.019994 0.909748 -0.414680 0.547868 0.356916 0.756606
-0.378127 -61.437034 -271.567319 2897.733889 0.832343 -0.221374 -0.508133 -0.011530 0.909661 -0.415192 0.554141 0.351441 0.754597
12.780175 -16.765817 -91.974552 482.189100 -0.449505 0.810654 -0.375215 -0.392609 0.198007 0.898137 -0.802374 -0.551030 -0.229265
15.640742 -11.796399 -141.778971 2320.971312 -0.416537 0.776420 -0.472937 -0.355470 0.339704 0.870771 -0.836742 -0.530824 -0.134495
14.474339 -19.530236 -895.892553 760.939597 -0.496619 0.783429 -0.373642 -0.354056 0.210189 0.911298 -0.792473 -0.584858 -0.172994
11.865734 -21.754482 -554.279362 -263.762349 -0.532167 0.799051 -0.279849 -0.399577 0.054369 0.915086 -0.746415 -0.598800 -0.290349
11.017751 -16.698507 417.971944 -23.709331 -0.460530 0.846807 -0.266140 -0.418595 0.057210 0.906369 -0.782745 -0.528815 -0.328123
23.827526 -26.570396 -1215.023878 -572.513045 0.787851 -0.524123 0.323398 0.557051 0.382512 -0.737142 -0.262649 -0.760907 -0.593326
22.658630 -27.153678 -1524.226654 -430.861308 0.755210 -0.594660 0.275749 0.567697 0.383071 -0.728681 -0.327686 -0.706849 -0.626886
24.125358 -25.962933 -1467.739065 -364.826284 0.788204 -0.539243 0.296566 0.516779 0.318278 -0.794757 -0.334177 -0.779690 -0.529537
24.442067 -24.329458 1501.172379 -401.131132 0.841448 -0.389772 0.374224 0.507488 0.332272 -0.795016 -0.185531 -0.858879 -0.477394
-2.438303 -32.259419 50.546854 -91.394806 0.882660 -0.457217 0.108917 0.005226 -0.222172 -0.974993 -0.469982 -0.861157 0.193713
-2.149993 -32.453383 -211.702104 -42.291185 0.870008 -0.484839 0.089536 -0.003615 -0.187868 -0.982188 -0.493024 -0.854188 0.165200
-2.832164 -32.360347 6.435128 -281.638625 0.883003 -0.461638 0.084832 0.058054 -0.071932 -0.995719 -0.465764 -0.884147 0.036716
-2.268269 -31.590241 230.581237 -265.234480 0.894548 -0.437150 0.093181 0.058563 -0.092044 -0.994031 -0.443118 -0.894666 0.056737
-1.912465 -31.610019 218.869132 -59.119176 0.892419 -0.432471 0.128673 0.019798 -0.247371 -0.968719 -0.450773 -0.867050 0.212197
5.680328 -49.246403 1281.630542 2391.149130 0.988710 -0.011210 0.149421 0.081842 -0.794909 -0.601183 -0.125515 -0.606625 0.785017
-1.566153 -49.907781 576.409829 1785.821785 0.990276 -0.082280 0.112173 0.005518 -0.782471 -0.622662 -0.139005 -0.617226 0.774409
2.881383 -42.203415 1132.791972 1354.484131 0.989081 -0.010054 0.147027 0.098208 -0.698886 -0.708458 -0.109878 -0.715162 0.690268
-0.377881 -24.689671 1418.956122 -178.165704 -0.542858 0.829278 0.132676 0.838405 0.544316 0.028232 -0.048805 0.126563 -0.990757
3.164113 -24.379833 1282.934221 -219.823070 -0.553510 0.820256 0.144246 -0.823200 -0.565112 0.054680 -0.126367 0.088478 -0.988030
8.858723 -24.541098 2826.233842 -240.175217 -0.604875 0.781633 0.152239 0.791812 0.610671 0.010686 -0.084615 0.127008 -0.988286
13.412148 -26.068662 1654.161417 -796.119985 -0.642681 0.762122 0.078300 0.766091 0.640357 0.055195 -0.008075 0.095458 -0.995401
8.490099 -26.215091 2159.835246 -1210.922873 -0.638916 0.758699 0.127129 0.769078 0.633726 0.083133 -0.017492 0.150887 -0.988396
4.464056 -25.362750 2218.939047 -749.901359 -0.599828 0.787126 0.143661 0.799948 0.593765 0.086757 -0.017012 0.166961 -0.985817
-3.601388 -25.360741 -364.650427 -1698.307487 0.974850 -0.035307 0.220046 -0.183589 -0.686974 0.703109 -0.126341 0.725824 0.676179
-0.636591 -29.694922 -651.976389 1793.844896 0.988077 0.058629 0.142360 -0.068225 -0.662178 0.746235 -0.138019 0.747050 0.650282
-0.465473 -27.993419 -561.793166 -1618.854372 0.969414 -0.045805 0.241119 -0.204930 -0.691678 0.692521 -0.135056 0.720752 0.679909
-1.135228 -30.433972 279.118928 -210.091721 0.899999 -0.424705 0.098123 0.058594 -0.105188 -0.992725 -0.431937 -0.899200 0.069784
-1.070063 -30.608444 185.723884 19.584766 0.896116 -0.420424 0.142196 0.029020 -0.264199 -0.964032 -0.442870 -0.868011 0.224552
-1.264011 -33.240940 150.918244 365.247373 0.891641 -0.421237 0.165936 -0.012661 -0.389570 -0.920910 -0.452565 -0.819020 0.352690
-5.946734 -166.924689 -642.836373 11655.710733 0.752130 -0.394933 -0.527569 -0.506523 0.165688 -0.846158 -0.421587 -0.903646 0.075424
-8.473688 -163.966902 -419.608094 -13726.167986 0.752618 -0.381919 -0.536380 -0.653009 -0.328346 -0.682473 -0.084531 -0.863902 0.496516
-5.594138 -152.792402 -958.824095 -147.857349 0.754163 -0.426381 -0.499437 -0.586976 -0.096680 -0.803811 -0.294445 -0.899362 0.323188
-4.061985 -79.698520 128.249092 -4273.961756 0.786515 -0.162759 -0.595738 0.111632 0.986225 -0.122061 0.607398 0.029499 0.793850
-4.339566 -73.245807 402.226593 -3761.155709 0.764866 -0.144242 -0.627833 0.254348 0.963045 0.088607 0.591851 -0.227460 0.773288
-4.983947 -80.278859 803.335886 -5515.775974 0.737842 -0.180166 -0.650483 0.254350 0.966891 0.020707 0.625216 -0.180729 0.759238
-4.436064 -82.887718 -510.055377 -2528.322868 0.792264 -0.171967 -0.585444 0.016794 0.965246 -0.260803 0.609947 0.196793 0.767618
8.281901 -497.037244 6261.424366 91035.277591 -0.466516 0.074557 0.881365 0.524612 0.825580 0.207844 -0.712142 0.559337 -0.424260
18.739121 -766.883887 10525.432857 167850.428924 -0.511711 0.059529 0.857093 0.755565 0.506073 0.415947 -0.408991 0.860434 -0.303942
-1.689100 -193.146961 5239.430490 33901.492693 -0.465709 0.150672 0.872017 0.832529 0.408672 0.374008 -0.300016 0.900158 -0.315761
56.542779 -2380.201412 18065.084214 545080.127415 -0.417494 0.239594 0.876524 0.845570 0.455647 0.278201 -0.332730 0.857310 -0.392823
3.949873 -61.391413 -370.845935 2262.867165 0.852433 -0.197465 -0.484114 -0.307857 0.558832 -0.770020 -0.422590 -0.805428 -0.415576
5.594213 -65.973579 -292.170843 1270.256442 0.848306 -0.177893 -0.498729 -0.402572 0.395165 -0.825700 -0.343966 -0.901221 -0.263606
5.828079 -60.945682 -583.953065 1938.982663 0.848262 -0.187353 -0.495328 -0.299811 0.601110 -0.740797 -0.436538 -0.776895 -0.453728
5.141457 -58.648533 276.024384 2247.159317 0.870622 -0.111067 -0.479252 -0.312553 0.627422 -0.713198 -0.379906 -0.770717 -0.511533
5.033643 -53.293351 -837.017968 1397.895567 0.848472 -0.192405 -0.493027 -0.179429 0.771824 -0.609994 -0.497896 -0.606026 -0.620348
-2.045067 -39.039493 156.064617 -899.036490 -0.852657 0.230423 0.468916 0.123481 0.960943 -0.247669 -0.507670 -0.153275 -0.847808
-2.683025 -40.704729 184.331821 -1510.989282 -0.856356 0.209720 0.471881 0.124795 0.970779 -0.204973 -0.501079 -0.116642 -0.857505
-3.601327 -37.364590 99.957260 -132.185459 -0.859792 0.194983 0.471952 0.048666 0.951310 -0.304368 -0.508320 -0.238726 -0.827418
32.176060 -23.655584 -11111.639093 -610.006261 0.580058 0.121758 0.805424 0.798140 0.112669 -0.591844 -0.162808 0.986144 -0.031825
-1.635704 -25.781108 -8218.589309 -437.388115 0.527210 0.132696 0.839310 0.843480 0.037902 -0.535821 -0.102913 0.990432 -0.091944
22.641075 -23.702332 -8400.612027 30.709007 0.609915 0.108206 0.785045 0.791392 -0.031597 -0.610492 -0.041253 0.993626 -0.104905
2.101641 -23.352128 -11692.098818 -1060.851134 0.526067 0.149840 0.837139 0.821505 0.165065 -0.545787 -0.219963 0.974834 -0.036259
-48.696048 -495.379290 -8197.548377 79409.152751 -0.152845 0.912925 -0.378427 0.607736 -0.215130 -0.764445 0.779291 0.346825 0.521936
-40.163319 -311.864290 -18316.993924 99785.603752 -0.137086 0.985785 -0.097137 -0.340829 -0.139016 -0.929790 0.930077 0.094354 -0.355041
-526.307128 -1128.741073 -95825.319536 -57050.542676 -0.317759 0.941583 0.111585 0.452071 0.253896 -0.855084 0.833463 0.221267 0.506340
2.567129 -236.495196 -2413.736438 46656.868882 -0.194802 0.974611 -0.110386 -0.237794 -0.156112 -0.958688 0.951581 0.160506 -0.262167
-86.372363 -819.619831 24199.772613 -174800.007732 0.025625 -0.954217 0.298017 0.997044 0.045997 0.061544 -0.072434 0.295559 0.952575
-224.363133 -6467.529081 -19988.575888 -1709810.598425 -0.092346 -0.953817 0.285840 0.975255 -0.028729 0.219210 -0.200875 0.299010 0.932868
-36.523007 -1179.258973 781.126527 87721.244543 -0.096219 0.947494 -0.304954 0.826109 -0.094885 -0.555464 0.555235 0.305372 0.773604
160.764752 -19141.208015 -21596.957792 3948708.404264 -0.180359 0.933214 -0.310776 0.249583 -0.262196 -0.932181 0.951409 0.245691 0.185625
-17.858076 -75.320134 1759.941628 19315.584057 0.131692 0.865356 -0.483545 0.990886 -0.128856 0.039262 -0.028332 -0.484309 -0.874438
-31.071723 -156.505585 4153.829636 28996.116144 0.093353 0.856593 -0.507477 0.994010 -0.109279 -0.001604 -0.056831 -0.504288 -0.861664
-16.014307 -266.445979 3652.072155 56837.554800 0.162942 0.871544 -0.462450 0.968518 -0.230702 -0.093534 -0.188208 -0.432651 -0.881698
-14.470480 -154.878953 2966.193876 36224.644345 0.137605 0.889919 -0.434867 0.990101 -0.135844 0.035303 -0.027657 -0.435420 -0.899802
-1.821867 -245.421712 1623.799508 46040.566594 0.093324 0.872847 -0.478987 0.966101 -0.195696 -0.168381 -0.240707 -0.447036 -0.861521
-11.697094 -149.333300 2897.154058 -9034.612452 0.168775 0.867686 -0.467586 -0.714318 0.434553 0.548556 -0.679165 -0.241422 -0.693145
-23.577567 -44.715297 499.958735 -273.632360 -0.545927 0.803478 0.237460 0.634192 0.581502 -0.509564 0.547507 0.127590 0.827017
-30.744704 -44.648313 -296.830416 -1227.225236 -0.400768 0.869754 0.287947 0.725654 0.493204 -0.479768 0.559296 -0.016674 0.828800
-36.229094 -45.364128 615.584183 -909.471290 0.777779 -0.619832 0.104251 0.029269 -0.129966 -0.991086 -0.627856 -0.773897 0.082943
-33.247070 -41.953267 1751.704507 131.838992 0.796520 -0.386419 0.465012 0.287875 -0.433947 -0.853708 -0.531680 -0.813861 0.234407
-28.881814 -38.822805 1388.442610 774.190168 0.824164 -0.235313 0.515152 0.386426 -0.431332 -0.815247 -0.414040 -0.870965 0.264557
16.444383 -57.332219 -644.246101 3456.158762 0.787744 -0.593597 0.164624 -0.448217 -0.369008 0.814208 0.422564 0.715175 0.556745
25.293590 -52.150604 -2672.761912 -84.872312 0.715159 -0.657716 0.236554 -0.326479 -0.015084 0.945084 0.618029 0.753115 0.225518
34.802353 -45.078259 -4209.672770 466.727671 0.695774 -0.696390 0.175895 -0.362846 -0.129440 0.922815 0.619872 0.705894 0.342743
17.338867 -61.553431 -631.548993 1023.751257 0.777830 -0.594206 0.204695 -0.379644 -0.184685 0.906511 0.500850 0.782823 0.369240
19.481184 3.302851 3144.379680 -986.772010 0.410202 0.259566 -0.874277 0.729843 -0.668269 0.144031 -0.546867 -0.697167 -0.463568
15.863677 0.911351 2945.870012 -566.146692 0.434853 0.250751 -0.864885 0.723642 -0.668937 0.169897 -0.535952 -0.699748 -0.472343
18.218304 3.220611 2898.486215 -290.271097 0.332177 0.329513 -0.883787 0.775480 -0.628791 0.057030 -0.536925 -0.704304 -0.464400
-10.739029 -25.837178 1322.806258 -507.757309 0.926556 -0.307271 0.216977 -0.278096 -0.171148 0.945183 0.253293 0.936105 0.244029
-15.770353 -26.816353 819.575877 -1019.393999 0.893762 -0.275869 0.353675 -0.398029 -0.124268 0.908917 0.206792 0.953128 0.220869
-21.152994 -25.074255 713.675000 260.168004 0.763027 -0.297701 0.573729 -0.632098 -0.158195 0.758569 0.135066 0.941461 0.308883
-5.797139 -27.881593 374.211763 57.917415 -0.322975 0.906058 0.273397 -0.762027 -0.077650 -0.642873 0.561251 0.415968 -0.715519
17.871016 -42.303777 2498.363502 122.166653 0.751814 -0.595718 0.282659 0.622131 0.498833 -0.603422 -0.218470 -0.629512 -0.745644
4.888136 -44.066376 1205.413962 220.899794 0.715135 -0.624219 0.314536 0.667468 0.476241 -0.572434 -0.207529 -0.619310 -0.757223
6.895211 -45.668606 1427.601196 -278.820396 0.717598 -0.616408 0.324183 0.690011 0.566053 -0.451074 -0.094541 -0.547380 -0.831527
1.635306 -64.289945 198.490319 -3991.281446 -0.622641 0.772350 -0.125677 -0.034316 -0.187404 -0.981683 0.781755 0.606923 -0.143190
1.245135 -70.759428 110.172741 -2342.687133 -0.619797 0.775299 -0.121507 -0.219685 -0.320055 -0.921576 0.753386 0.544497 -0.368691
0.593364 -54.243339 126.095498 -2993.957229 -0.620198 0.769568 -0.152048 0.145098 -0.077943 -0.986342 0.770909 0.633790 0.063323
2.322995 -70.082363 236.540236 -3091.242345 -0.614442 0.781241 -0.110109 -0.207475 -0.294650 -0.932810 0.761193 0.550313 -0.343133
3.081509 -63.398484 325.583509 -3736.075686 -0.616226 0.779605 -0.111720 -0.039949 -0.172613 -0.984179 0.786555 0.602014 -0.137513
1.807677 -54.742310 199.530882 -2712.711236 -0.617326 0.773064 -0.145879 0.127023 -0.085052 -0.988247 0.776385 0.628601 0.045692
9.977942 -25.519611 131.339985 795.361055 -0.652247 0.752903 -0.087814 -0.136949 -0.003106 0.990573 -0.745532 -0.658124 -0.105135
10.301561 -25.131918 140.516500 348.544713 -0.670522 0.735842 -0.094538 -0.078023 0.056780 0.995333 -0.737775 -0.674769 -0.019341
12.320247 -25.565787 399.490086 181.867555 -0.696129 0.713067 -0.083303 -0.079086 0.039160 0.996098 -0.713547 -0.700001 -0.029133
13.507495 -33.473156 -865.705585 -3367.830789 -0.075115 -0.945479 0.316901 0.996957 -0.077855 0.004028 0.020864 0.316239 0.948450
7.361369 -82.114833 -1362.954080 -8120.366935 -0.097458 -0.564623 0.819575 0.156551 0.804546 0.572885 -0.982850 0.184138 0.009982
2.515792 -30.639325 -15825.092693 -6962.790027 0.103905 0.965320 0.239502 -0.932255 0.178436 -0.314742 0.346562 0.190574 -0.918464
-8.111487 -39.250470 -887.520436 1197.618045 0.366300 0.871638 0.325687 0.900152 -0.420597 0.113246 0.235693 0.251685 -0.938671
-10.080039 -41.277764 -1270.575181 -2482.340609 0.397393 0.847993 0.350695 -0.866640 0.472456 -0.160375 0.301685 0.240195 -0.922655
-3.665086 -179.558006 202.720691 -12145.903581 -0.019997 -0.652008 0.757949 0.380117 0.696214 0.608931 -0.924722 0.300286 0.233917
-3.957392 -188.416988 95.181576 12694.028769 -0.038707 -0.648085 0.760584 0.809197 0.426240 0.404376 -0.586261 0.631114 0.507930
-4.525799 -173.406501 723.015360 17578.670053 -0.046933 -0.674112 0.737136 0.945366 0.208361 0.250737 -0.322616 0.708631 0.627504
-6.323151 -135.065864 281.272660 5216.942768 -0.222784 -0.519423 0.824965 0.946690 -0.317260 0.055900 0.232692 0.793439 0.562413
12.830297 -18.549880 -648.084624 137.625280 0.328127 -0.498456 0.802418 -0.252386 0.772308 0.582959 -0.910293 -0.393804 0.127612
14.103113 -21.326933 -1279.887657 -401.579558 0.282529 -0.529946 0.799585 -0.187399 0.786991 0.587815 -0.940776 -0.315916 0.123036
11.064184 -17.428350 369.467959 372.111118 0.433414 -0.482518 0.761136 -0.230323 0.757228 0.611194 -0.871265 -0.440207 0.217058
-13.860008 -417.122922 -3540.758984 -77387.794691 0.194046 0.482393 -0.854191 0.960382 0.084135 0.265683 0.200031 -0.871905 -0.446956
4.576138 -220.641631 -397.719704 -6702.409144 0.154474 0.465124 -0.871664 0.806142 0.450731 0.383374 0.571203 -0.761906 -0.305330
-12.291194 -395.202833 -5933.594662 -83690.142608 0.229258 0.480770 -0.846346 0.873055 0.282879 0.397183 0.430367 -0.829964 -0.354886
-139.135768 -2112.445985 -29023.559644 3474038.386812 -0.292569 -0.540002 0.789177 0.906671 0.105624 0.408402 -0.303894 0.835010 0.458702
-12.578692 -20.694882 -13.377733 441.269721 -0.187531 0.875168 0.445997 0.738326 -0.173878 0.651645 -0.647848 -0.451495 0.613552
-3.658239 -56.314533 65.681344 400.671858 -0.422090 0.862924 -0.277851 0.375072 0.445258 0.813060 -0.825325 -0.238971 0.511597
-3.096474 -59.652601 31.968010 -148.121584 -0.391804 0.879315 -0.270730 0.216738 0.374186 0.901670 -0.894156 -0.294601 0.337189
-3.901271 -57.801091 99.503843 -359.682269 -0.411996 0.873615 -0.258953 0.185142 0.358526 0.914976 -0.892178 -0.329024 0.309454
1.789171 -68.934137 60.385040 -2449.327220 -0.542051 0.836303 -0.082334 -0.596662 -0.452008 -0.663085 0.591756 0.310300 -0.744002
3.276746 -53.681148 355.352878 406.391125 -0.486585 0.873397 -0.020333 -0.617901 -0.360510 -0.698735 0.617603 0.327430 -0.715091
3.814846 -64.752238 351.555390 -731.080199 -0.519700 0.853293 -0.042469 -0.506239 -0.347607 -0.789235 0.688211 0.388666 -0.612621
1.970663 -57.070357 178.902614 -1787.696756 -0.544609 0.835579 -0.072176 -0.653953 -0.476956 -0.587247 0.525115 0.272620 -0.806184
2.269621 -75.569628 53.066321 -1941.788805 -0.563263 0.820619 -0.096532 -0.504621 -0.434148 -0.746239 0.654288 0.371617 -0.658641
1.184298 -83.257061 -11.890401 -3147.667793 -0.576829 0.809173 -0.111837 -0.636116 -0.530855 -0.559955 0.512469 0.251857 -0.820941
0.995803 -75.143149 -17.706326 -4332.004185 -0.566794 0.816431 -0.110388 -0.665662 -0.532776 -0.522536 0.485426 0.222689 -0.845441
10.476558 -78.628639 377.681113 3139.820058 -0.535906 0.842217 -0.058949 -0.067325 0.026969 0.997367 -0.841589 -0.538464 -0.042249
11.666264 -71.037471 -172.394166 -3013.191558 -0.512035 0.858840 0.014602 0.048139 0.011719 0.998772 -0.857614 -0.512109 0.047344
10.499826 -106.121302 119.582592 5262.136817 -0.526863 0.844484 -0.096241 -0.200672 -0.013562 0.979565 -0.825921 -0.535409 -0.176609
8.022032 -77.238560 258.632879 10312.113248 -0.508904 0.858814 -0.058783 0.068691 0.108583 0.991711 -0.858078 -0.500648 0.114251
10.746625 -223.557958 707.439860 35959.805856 -0.542921 0.829303 -0.132261 -0.269212 -0.022692 0.962814 -0.795463 -0.558338 -0.235578
8.984445 -114.735044 -227.630224 14169.380584 -0.569489 0.813664 -0.116763 -0.176292 0.017845 0.984176 -0.802872 -0.581062 -0.133280
-1.554669 -217.587463 -829.520572 38848.021008 0.106966 0.097843 0.989437 0.834508 0.532159 -0.142840 -0.540514 0.840972 -0.024728
-11.108514 -892.340772 -917.012691 164453.393812 0.095234 0.077583 0.992427 0.661404 0.740151 -0.121330 -0.743959 0.667950 0.019174
4.514550 -184.034508 -691.745887 34261.750776 0.116657 0.068135 0.990832 0.883288 0.449013 -0.134871 -0.454086 0.890924 -0.007802
47.636506 -1326.431473 -2497.497039 231965.574415 -0.031678 -0.037807 0.998783 0.746566 0.663520 0.048795 -0.664557 0.747203 0.007206
2.952477 -80.979095 -1393.803426 12372.190837 -0.608925 0.789901 -0.072574 -0.002798 -0.093631 -0.995603 0.793223 0.606045 -0.059224
-9.559867 -87.492436 1875.917240 15606.749914 -0.612341 0.769298 -0.182262 -0.009788 -0.237897 -0.971241 0.790533 0.592947 -0.153204
-9.886614 -53.972933 -910.103377 9323.045202 -0.631207 0.775555 -0.009602 -0.131058 -0.118850 -0.984225 0.764462 0.619991 -0.176662
-1.118179 -72.710708 -429.280887 170.500178 0.833784 -0.234653 -0.499742 0.314686 0.945737 0.080961 0.453627 -0.224766 0.862382
-3.602906 -77.266997 27.045022 1752.489909 0.807186 -0.233944 -0.541960 0.317593 0.946020 0.064655 0.497580 -0.224311 0.837913
-2.997244 -75.523242 76.557917 1822.530006 0.816920 -0.234139 -0.527086 0.201728 0.972162 -0.119194 0.540321 -0.008956 0.841411
15.973191 -9.347251 -746.574795 3523.738293 -0.474232 0.749401 -0.462062 -0.300733 0.355376 0.885024 -0.827444 -0.558664 -0.056839
15.397617 0.499429 331.231598 3663.948611 -0.297340 0.726927 -0.619004 -0.348332 0.521047 0.779214 -0.888962 -0.447311 -0.098284
20.346448 7.535366 949.812766 4461.717093 0.312835 -0.575764 0.755401 -0.375782 0.655398 0.655165 -0.872309 -0.488825 -0.011331
21.122814 -27.018073 -966.732036 -521.605649 0.762683 -0.573285 0.299431 0.593658 0.436774 -0.675869 -0.256682 -0.693233 -0.673455
18.825632 -27.596420 -507.240561 -251.256605 0.738870 -0.617381 0.270023 0.611486 0.445941 -0.653622 -0.283119 -0.648056 -0.707012
17.923477 -27.331829 -740.748489 -447.941551 0.725107 -0.640736 0.252345 0.580561 0.371705 -0.724420 -0.370364 -0.671784 -0.641511
-1.018111 -32.089779 -362.294816 -39.694105 0.862275 -0.501228 0.072478 -0.006812 -0.154578 -0.987957 -0.506395 -0.851397 0.136704
-0.455314 -34.142545 -341.501654 614.901890 0.864404 -0.496372 0.080121 -0.065874 -0.269781 -0.960666 -0.498463 -0.825126 0.265898
1.117411 -33.310047 -405.293440 825.935120 0.861391 -0.504532 0.058764 -0.064542 -0.223472 -0.972571 -0.503825 -0.833971 0.225060
0.339230 -37.050580 -304.621085 895.715062 0.869438 -0.484018 0.099018 -0.117015 -0.396471 -0.910559 -0.479985 -0.780088 0.401344
1.583364 -37.245296 -340.535297 1237.490093 0.866865 -0.493629 0.069825 -0.118739 -0.340455 -0.932733 -0.484197 -0.800263 0.353742
-4.911395 -50.532893 -156.769852 -791.134999 -0.946700 0.269547 -0.176363 0.275592 0.961220 -0.010256 0.166759 -0.058314 -0.984272
-3.178511 -49.880981 -315.643387 -774.724685 -0.945303 0.251229 -0.208055 0.260091 0.965452 -0.015936 0.196864 -0.069178 -0.977987
-5.145074 -49.235368 175.931498 -104.635490 0.944810 -0.273250 0.180744 0.309521 0.925313 -0.219075 0.107382 -0.262928 -0.958821
-2.679352 -55.578351 -323.085301 -1796.226028 -0.948345 0.243238 -0.203660 0.201611 0.957756 0.205076 0.244939 0.153423 -0.957322
-5.882669 -49.719968 54.049871 -210.894305 0.944494 -0.297076 0.140271 0.321949 0.921990 -0.215135 0.065417 -0.248354 -0.966458
-4.577919 -56.217512 -85.925388 -1658.835866 -0.951549 0.256510 -0.169579 0.217901 0.951603 0.216726 0.216964 0.169274 -0.961391
-5.672334 -51.256861 11.666988 -672.398972 -0.949776 0.283164 -0.133208 0.285720 0.958313 -0.000074 0.127634 -0.038131 -0.991088
8.677606 -51.354919 490.687383 -1834.716831 0.973987 -0.132933 0.183514 0.222133 0.720162 -0.657285 0.044785 -0.680952 -0.730957
9.606934 -49.412393 183.880650 1083.441284 0.964473 -0.177803 0.195390 0.264011 0.622216 -0.736984 -0.009464 -0.762387 -0.647053
7.260876 -52.400136 767.632812 -830.850114 0.970075 -0.104274 0.219274 0.236570 0.609245 -0.756872 0.054670 -0.786097 -0.615681
-2.279560 -24.843612 129.090884 -150.682757 -0.525632 0.843314 0.111949 -0.845978 -0.532025 0.035653 -0.089627 0.075966 -0.993074
-1.045894 -31.895975 338.997333 -352.967242 0.904629 -0.422040 0.059409 0.092136 0.057557 -0.994082 -0.416123 -0.904748 -0.090953
0.575838 -30.359592 313.451008 -305.447560 0.906253 -0.419784 0.049879 0.078962 0.052181 -0.995511 -0.415296 -0.906123 -0.080436
3.166550 -40.717389 -81.608085 6.516638 0.904630 -0.385461 0.181834 -0.278674 -0.857771 -0.431937 -0.322467 -0.340071 0.883384
3.067695 -42.518775 65.507970 175.751127 0.920542 -0.353393 0.166480 0.292394 0.905927 0.306271 -0.259053 -0.233257 0.937274
3.109354 -43.297746 38.090186 111.258757 0.907513 -0.391383 0.152442 -0.278968 -0.832970 -0.477847 -0.314001 -0.391126 0.865115
10.351224 -111.440547 1962.295217 11608.221194 -0.739935 0.442154 0.506947 -0.038442 0.724600 -0.688097 -0.671579 -0.528635 -0.519160
6.733489 -97.501102 861.408559 12422.365666 -0.743857 0.418014 0.521479 0.054049 0.815331 -0.576467 -0.666150 -0.400624 -0.629083
6.836403 -130.292747 841.757199 15708.303830 -0.734311 0.437199 0.519273 -0.166827 0.625279 -0.762361 -0.657994 -0.646439 -0.386213
2.785375 -127.937077 -522.295116 17204.800699 -0.759420 0.387236 0.522809 -0.093399 0.730367 -0.676640 -0.643862 -0.562684 -0.518487
6.669078 -120.746779 -2374.675060 9261.892990 0.719363 -0.453157 -0.526465 -0.255526 0.532129 -0.807183 -0.645928 -0.715183 -0.267001
5.403386 -154.837068 1560.111680 15882.382943 0.764539 -0.372575 -0.525993 -0.312495 0.499473 -0.808006 -0.563762 -0.782122 -0.265439
7.602402 -143.875917 -517.209693 7981.561469 0.726056 -0.424423 -0.541025 -0.415447 0.356210 -0.836970 -0.547947 -0.832454 -0.082303
18.355072 -65.244147 -1111.224866 -1160.398027 0.726554 -0.369237 -0.579468 -0.003406 0.841396 -0.540408 0.687101 0.394609 0.610062
20.827817 -60.261841 -674.641648 2994.432124 0.700157 -0.392639 -0.596334 -0.176089 0.714456 -0.677160 0.691934 0.579126 0.431092
19.530348 -61.884437 482.283230 -1821.799106 0.658495 -0.426055 -0.620372 0.020514 0.834176 -0.551116 0.752306 0.350181 0.558041
16.237894 -61.201138 -914.517030 -2248.778160 0.714773 -0.344706 -0.608504 0.135748 0.921927 -0.362798 0.686055 0.176715 0.705762
30.258256 -359.237962 5451.478283 44373.205972 -0.576272 0.103825 0.810636 0.541595 0.791335 0.283661 -0.612034 0.602502 -0.512255
33.550141 -558.237038 5631.214883 83014.999869 -0.666437 0.184077 0.722480 0.732699 0.340923 0.589002 -0.137888 0.921894 -0.362076
5.418339 -70.449778 -243.901007 414.052414 0.841688 -0.180930 -0.508749 -0.485710 0.157924 -0.859736 -0.235896 -0.970734 -0.045044
6.481619 -70.486123 -131.729633 769.049643 0.848574 -0.141619 -0.509771 -0.482725 0.187144 -0.855543 -0.216561 -0.972071 -0.090443
40.976420 -22.565665 -7545.988965 464.887413 -0.564549 0.825299 0.012879 -0.199237 -0.121113 -0.972438 0.800993 0.551555 -0.232804
43.364885 -22.478406 -8416.441185 -1135.170899 -0.525090 0.850928 0.014248 -0.095073 -0.042014 -0.994583 0.845720 0.523600 -0.102962
48.100593 -23.331233 2896.694124 636.172733 0.763297 -0.643719 -0.054810 0.143156 0.085798 0.985974 0.629987 0.760437 -0.157642
-3.449636 -36.916955 -74.359045 -550.240102 -0.867210 0.155932 0.472897 0.014442 0.957180 -0.289134 -0.497733 -0.243910 -0.832328
3.550139 -24.638896 -5507.574108 376.545382 0.515797 0.077005 0.853243 0.855937 -0.088641 -0.509426 0.036404 0.993083 -0.111633
-15.103331 -26.179606 -5777.767946 2388.740927 0.572328 0.077738 0.816332 0.815346 -0.160134 -0.556388 0.087470 0.984029 -0.155032
-13.618591 -27.179612 -5116.402158 -2174.308380 0.396230 0.055870 0.916450 0.903967 0.151031 -0.400040 -0.160763 0.986949 0.009338
-13.368755 -31.505679 -2647.599899 -3185.455445 0.409958 0.023077 0.911813 0.907584 0.089090 -0.410311 -0.090702 0.995756 0.015579
-21.355873 -29.246362 -7186.161166 130.531094 0.330772 0.120884 0.935937 0.943386 -0.016331 -0.331295 -0.024764 0.992532 -0.119442
-168.320336 -385.016709 -51378.124695 84094.075882 -0.009289 0.993472 -0.113694 -0.333343 -0.110272 -0.936335 0.942760 -0.029202 -0.332191
27.805004 -969.922096 -20833.960929 21227.257036 0.081140 0.995243 -0.053920 -0.910134 0.051931 -0.411048 0.406292 -0.082427 -0.910018
16.685952 -307.534932 132774.146980 -47893.356482 -0.726960 -0.499896 -0.470780 -0.479741 0.860254 -0.172659 0.491302 0.100336 -0.865191
