17599
35179
-23.482999 -35.514664 956.956802 2737.570673 0.731653 0.643082 -0.226119 -0.572330 0.759700 0.308696 0.370300 -0.096444 0.923892
-28.547944 -44.826680 718.145924 -2946.776388 0.698245 0.692720 -0.180534 0.564556 -0.687928 -0.456105 0.440147 -0.216552 0.871422
-28.872937 -50.853300 -7.453652 -5850.879067 0.358842 0.933383 -0.005300 0.838208 -0.324739 -0.438123 0.410658 -0.152774 0.898899
-24.493998 -39.634390 526.521980 2597.999538 0.863087 0.454523 -0.220203 -0.364001 0.862051 0.352662 0.350120 -0.224223 0.909472
-17.842006 -38.903366 1506.939519 -5203.456355 0.421363 0.893760 -0.153775 0.842482 -0.448530 -0.298406 0.335676 0.003816 0.941970
-15.943271 -25.013908 1115.430763 1748.094706 0.840413 0.443267 -0.311802 -0.425350 0.896024 0.127352 0.335833 0.025597 0.941574
-18.078307 -28.399174 523.500821 991.172711 0.950527 0.106149 -0.291945 -0.080863 0.991956 0.097391 0.299934 -0.068965 0.951464
-20.693879 -33.319816 698.955961 1224.098216 0.919630 0.278635 -0.276845 -0.219722 0.949162 0.225421 0.325580 -0.146475 0.934100
85.883542 -71.229703 8011.163236 -1137.525208 -0.087102 0.995816 0.027632 0.973100 0.079111 0.216373 -0.213281 -0.045736 0.975920
105.833694 -67.131321 -11514.909897 3175.810507 0.185327 -0.961354 -0.203597 0.982676 0.181541 0.037285 0.001117 -0.206980 0.978345
98.377881 -75.511339 -2114.997546 3979.472437 0.133082 -0.937940 -0.320248 0.979946 0.076173 0.184129 -0.148307 -0.338330 0.929267
95.276970 -70.294572 3561.344806 1936.966035 -0.061081 0.992048 0.110046 0.941695 0.020728 0.335827 -0.330876 -0.124143 0.935473
71.197479 -66.472867 4829.286499 -1630.767671 0.039124 0.994588 -0.096252 0.942080 -0.004605 0.335356 -0.333098 0.103797 0.937162
57.088917 -69.688369 5571.155980 -3529.088937 -0.033734 0.987970 -0.150923 0.987670 0.056053 0.146168 -0.152870 0.144132 0.977679
60.199998 -31.121162 31649.176338 -717.735783 0.994967 -0.056707 0.082609 -0.092807 -0.832343 0.546436 -0.037772 0.551353 0.833417
-11.879453 -26.403716 8657.389547 1847.979454 0.983833 -0.004728 0.179027 -0.106182 -0.820394 0.561854 -0.144216 0.571780 0.807632
-3.649400 -24.445493 13288.113457 1507.871379 0.995003 0.047994 0.087552 -0.005679 -0.848267 0.529539 -0.099682 0.527390 0.843755
20.495971 -27.530932 19932.778080 2159.489241 0.947676 -0.188739 0.257463 -0.305834 -0.767976 0.562742 -0.091514 0.612038 0.785515
41.439956 -28.275831 29904.344453 95.115782 0.998142 0.053044 0.029967 0.031181 -0.867356 0.496711 -0.052340 0.494854 0.867398
98.155491 -39.122850 29006.409414 -1989.905539 0.901411 -0.320594 0.290994 -0.431460 -0.721108 0.542075 -0.036052 0.614185 0.788339
152.200123 -50.821455 54062.097285 392.171070 0.985450 -0.102370 0.135676 -0.158322 -0.843236 0.513700 -0.061819 0.527706 0.847174
112.213160 -47.264452 55884.357783 -3101.094204 0.985342 0.164341 -0.045747 0.164511 -0.844477 0.509701 -0.045133 0.509755 0.859135
4.286590 -24.456921 -472.004253 1400.203666 0.496143 0.717928 -0.488283 -0.363590 -0.338897 -0.867727 0.788444 -0.608052 -0.092890
7.568992 -30.702568 -362.453715 2327.138746 0.452731 0.708337 -0.541566 -0.323261 -0.435664 -0.840059 0.830985 -0.555388 -0.031739
5.172451 -22.340300 51.981387 1624.657714 0.427724 0.706622 -0.563682 -0.422050 -0.395332 -0.815835 0.799328 -0.586855 -0.129137
2.616583 -19.646510 -203.623809 543.868164 0.485991 0.726468 -0.485857 -0.415518 -0.297008 -0.859727 0.768867 -0.619702 -0.157518
2.758183 -18.274983 -3.993227 592.464376 0.436872 0.711189 -0.550775 -0.462337 -0.347698 -0.815690 0.771613 -0.610996 -0.176909
22.196032 -71.808994 -5209.304445 977.995204 -0.320436 -0.457045 -0.829717 0.946669 -0.185722 -0.263298 -0.033758 -0.869838 0.492182
36.646990 -70.873336 -9816.964876 6501.131890 -0.323952 -0.480789 -0.814799 0.909461 0.079013 -0.408212 0.260644 -0.873269 0.411663
32.520088 -70.888765 -4598.462044 3178.291417 -0.411972 -0.393750 -0.821730 0.909860 -0.128940 -0.394372 0.049330 -0.910129 0.411377
18.752009 -66.480910 -1422.029512 -4358.974345 -0.394684 -0.372934 -0.839729 0.873679 -0.435259 -0.217336 -0.284448 -0.819432 0.497614
13.068328 -72.441032 -2222.788871 -5811.961758 -0.300163 -0.439889 -0.846404 0.907296 -0.405585 -0.110969 -0.294474 -0.801248 0.520851
-17.197687 -29.641562 -5103.493348 -2866.551449 -0.180349 0.893706 0.410809 -0.165014 0.384247 -0.908364 0.969662 0.231612 -0.078175
-12.822323 -19.356469 -4920.328144 -4143.280755 -0.137246 0.757727 0.637976 -0.092059 0.631525 -0.769871 0.986250 0.164393 0.016919
-4.333510 -27.710716 -4276.114074 -3116.100924 -0.180218 0.929279 0.322431 -0.118185 0.304966 -0.945002 0.976501 0.208413 -0.054866
-8.363074 -34.541027 -3207.016456 -1478.299766 -0.180392 0.902757 0.390497 -0.243451 0.343677 -0.906983 0.952990 0.258680 -0.157781
0.448803 -31.435610 -1712.320785 -1248.492532 -0.216115 0.930995 0.294180 -0.217563 0.247806 -0.944065 0.951820 0.268029 -0.148995
5.678639 -25.622013 -1786.994497 -2486.549651 -0.239073 0.946220 0.217973 -0.094928 0.200632 -0.975057 0.966350 0.253802 -0.041857
0.286849 -45.211111 112.218897 -1386.951083 0.727843 0.680847 -0.081805 0.280638 -0.404586 -0.870375 0.625689 -0.610538 0.485547
0.991351 -39.358378 124.839577 -1141.459060 0.738313 0.665077 -0.112100 0.381240 -0.548636 -0.744080 0.556372 -0.506627 0.658619
-0.451888 -43.587174 193.555217 -1288.726495 0.731982 0.673962 -0.099890 0.272738 -0.424202 -0.863520 0.624353 -0.604837 0.494323
1.271630 -41.026474 75.778742 -1263.988919 0.735241 0.671263 -0.093949 0.387522 -0.530021 -0.754257 0.556100 -0.518154 0.649823
-1.029704 -49.298558 127.249128 -1192.385772 0.726737 0.683484 -0.068588 0.143874 -0.249088 -0.957735 0.671680 -0.686153 0.279357
-0.335590 -50.755235 84.558842 -1193.099629 0.723228 0.688320 -0.056186 0.145179 -0.231072 -0.962044 0.675178 -0.687620 0.267048
0.706047 -46.791444 96.391637 -1429.704538 0.724995 0.685613 -0.065708 0.283478 -0.383979 -0.878749 0.627713 -0.618462 0.472739
-12.164267 -48.088746 293.358473 -3023.929810 0.214840 0.974663 0.062254 0.725055 -0.116465 -0.678772 0.654324 -0.190965 0.731706
-6.545126 -47.762643 544.896949 -1360.589081 0.206927 0.978355 -0.001780 0.794130 -0.169024 -0.583771 0.571436 -0.119384 0.811916
-9.330044 -44.194431 82.966248 889.444576 0.327250 0.943252 -0.056420 0.756682 -0.297349 -0.582251 0.565986 -0.147849 0.811049
5.347892 -67.830127 39.158449 -1379.198639 0.152401 0.979453 -0.132079 -0.803254 0.044892 -0.593943 0.575810 -0.196610 -0.793591
6.377136 -70.234316 157.807888 -742.523099 0.146943 0.980845 -0.127873 -0.907086 0.082068 -0.412867 0.394464 -0.176660 -0.901770
4.636693 -65.972579 -187.079756 -805.196322 0.155096 0.974229 -0.163780 -0.812608 0.031532 -0.581957 0.561795 -0.223348 -0.796556
5.945335 -68.206454 113.238100 -1116.505855 0.160516 0.980906 -0.109806 -0.831071 0.074296 -0.551182 0.532500 -0.179730 -0.827128
4.866076 -61.755780 -196.373634 -1138.862808 0.161417 0.976654 -0.141747 -0.672630 0.003773 -0.739969 0.722159 -0.214787 -0.657536
6.141056 -64.169645 -337.354054 -1080.402835 0.153233 0.979697 -0.129277 -0.691062 0.012725 -0.722684 0.706366 -0.200078 -0.678981
75.771383 -29.729444 -16894.061284 1926.134240 -0.318937 -0.557602 -0.766393 0.715015 0.389221 -0.580741 0.622119 -0.733203 0.274557
69.127561 -40.514013 -10216.766966 3117.982740 -0.268035 -0.550380 -0.790721 0.787804 0.347219 -0.508727 0.554547 -0.759290 0.340525
64.340861 -32.715048 -4369.319634 1971.054156 -0.272384 -0.600096 -0.752125 0.710462 0.401717 -0.577813 0.648884 -0.691743 0.316924
76.212509 -26.235631 4686.110761 2124.085456 0.336981 0.586889 0.736210 0.633057 0.437559 -0.638577 0.696909 -0.681251 0.224086
2.427079 -31.585165 -2580.253736 -85.504042 -0.078789 0.881562 0.465448 0.748143 0.360861 -0.556831 0.658843 -0.304350 0.687966
0.531576 -31.125264 -1148.787207 -29.227562 -0.084902 0.886373 0.455120 0.659172 0.392493 -0.641437 0.747184 -0.245543 0.617596
3.244302 -31.512409 727.128996 70.417486 -0.110396 0.873857 0.473484 0.725449 0.396485 -0.562605 0.679365 -0.281379 0.677709
3.471304 -31.959422 -740.598490 -47.406611 -0.113506 0.863019 0.492255 0.805843 0.369776 -0.462475 0.581149 -0.344186 0.737429
7.661916 -82.657099 19.657189 1260.992403 -0.515132 -0.040381 -0.856159 0.851616 0.088820 -0.516587 0.096904 -0.995229 -0.011365
6.579998 -80.514675 -295.481784 1498.465518 -0.516789 -0.074318 -0.852881 0.846391 0.105353 -0.522037 0.128651 -0.991654 0.008457
6.695409 -80.999806 79.205465 118.024545 -0.497181 -0.037110 -0.866853 0.822567 0.297691 -0.484525 0.276035 -0.953941 -0.117481
5.879669 -81.490923 356.781983 258.912581 -0.493433 0.001523 -0.869783 0.836658 0.274179 -0.474161 0.237754 -0.961677 -0.136564
6.958065 -82.496522 450.464418 1380.158000 -0.503744 -0.000262 -0.863853 0.861488 0.073788 -0.502388 0.063874 -0.997274 -0.036944
-5.086275 -68.047766 221.404526 233.619618 0.407615 0.885437 -0.223274 0.565603 -0.052853 0.822982 -0.716898 0.461744 0.522350
-6.173062 -63.632542 216.315584 461.325034 0.373365 0.901901 -0.217192 0.575640 -0.041641 0.816642 -0.727487 0.429930 0.534718
-4.799439 -65.848547 210.056435 -336.326277 0.380780 0.892104 -0.243223 0.708754 -0.112653 0.696403 -0.593864 0.437562 0.675178
-3.841942 -71.382836 76.535967 -79.820350 0.399754 0.882864 -0.246472 0.713730 -0.131088 0.688045 -0.575140 0.450963 0.682529
-4.213335 -66.941423 170.178411 -657.325040 0.365801 0.894434 -0.257248 0.822860 -0.181675 0.538420 -0.434846 0.408633 0.802451
-5.569842 -64.234394 218.034607 -779.927488 0.346242 0.907533 -0.237699 0.820613 -0.170190 0.545554 -0.454654 0.383953 0.803660
24.949426 -16.504710 2848.470871 -1699.642891 0.215868 0.592007 -0.776485 -0.559731 0.726629 0.398387 0.800064 0.348623 0.488220
32.072080 -11.838816 429.321336 -120.144776 0.315347 0.672908 -0.669142 -0.573222 0.697016 0.430796 0.756289 0.247716 0.605528
31.252112 -17.901336 1900.696909 -1670.618250 0.240552 0.651522 -0.719482 -0.586409 0.688229 0.427160 0.773472 0.319157 0.547613
24.517893 -25.256403 3872.754690 -3864.993044 0.149764 0.626579 -0.764833 -0.591774 0.676506 0.438341 0.792069 0.386960 0.472110
17.226094 -24.324262 3833.299786 -3365.480352 0.126018 0.580005 -0.804807 -0.569545 0.706547 0.420012 0.812243 0.405445 0.419377
6.265450 -112.516398 -65.748302 2420.159569 -0.368144 0.061926 -0.927704 0.766953 -0.543818 -0.340654 -0.525598 -0.836915 0.152709
3.824357 -102.987780 293.399322 4549.986638 -0.341550 0.045679 -0.938753 0.885610 -0.318804 -0.337727 -0.314705 -0.946719 0.068434
7.724346 -117.873052 -790.685556 5490.606383 -0.356218 0.050239 -0.933051 0.822078 -0.457826 -0.338502 -0.444181 -0.887621 0.121786
4.515544 -100.625566 -86.406586 1943.469518 -0.393374 0.045676 -0.918243 0.776672 -0.517944 -0.358489 -0.491973 -0.854194 0.168270
9.460876 -125.043613 -842.160349 1775.597716 -0.381362 0.082583 -0.920730 0.669247 -0.662419 -0.336614 -0.637708 -0.744567 0.197353
6.113799 -103.254965 -164.081698 -465.249599 -0.425767 0.076148 -0.901623 0.618374 -0.702955 -0.351380 -0.660557 -0.707146 0.252207
7.616184 -113.966982 66.928807 1208.710405 0.399596 -0.094266 0.911832 -0.593844 0.731142 0.335829 -0.698335 -0.675682 0.236182
-1.780893 -134.856206 -349.052061 -8099.575583 -0.138306 0.241572 -0.960476 -0.624611 0.731334 0.273882 0.768591 0.637803 0.049741
-3.712380 -137.876786 430.811333 5474.492082 0.142055 -0.236222 0.961259 0.773280 -0.579759 -0.256746 0.617948 0.779794 0.100308
-2.810103 -141.410799 163.460975 4528.787031 0.148740 -0.247714 0.957347 0.802218 -0.535841 -0.263287 0.578206 0.807163 0.119020
-2.345090 -5.425488 536.125923 -286.836984 -0.231863 0.867344 0.440403 0.565943 -0.247949 0.786276 -0.791169 -0.431551 0.433377
-2.819763 -4.785518 337.952287 555.954411 -0.512894 0.851822 -0.106486 0.315575 0.302447 0.899410 -0.798343 -0.427698 0.423937
-2.609579 -6.484339 122.485660 194.663214 -0.435587 0.891711 0.122943 0.433357 0.088028 0.896913 -0.788965 -0.443962 0.424773
-0.033744 -193.434390 -1533.755519 -4386.048810 -0.352152 0.116087 -0.928716 0.839922 0.476994 -0.258859 0.412941 -0.871206 -0.265478
7.574418 -237.981294 -3548.854395 5088.671207 -0.397292 0.058776 -0.915808 0.724462 0.632656 -0.273679 0.563306 -0.772199 -0.293930
-1.704536 -207.696384 -2081.403199 -18032.908382 -0.374128 0.093449 -0.922657 0.887013 0.326389 -0.326617 0.270623 -0.940605 -0.205002
-31.118270 -296.135603 269.367738 -24241.254371 -0.828998 0.171220 -0.532397 0.212761 0.976955 -0.017099 0.517200 -0.127448 -0.846322
-11.443134 -262.198814 2462.760653 -20460.285117 -0.842357 0.090794 -0.531216 0.304528 0.893441 -0.330190 0.444631 -0.439908 -0.780246
-12.699058 -265.082056 7021.161610 -14038.683707 -0.860017 0.112219 -0.497773 0.133366 0.991042 -0.006997 0.492529 -0.072403 -0.867279
-29.141416 -269.985829 1879.383883 15141.176876 -0.842975 0.181504 -0.506409 0.005969 0.944460 0.328571 0.537920 0.273954 -0.797240
-10.405791 -247.562828 15223.004471 11830.191771 -0.898611 0.112094 -0.424184 -0.027861 0.950282 0.310141 0.437860 0.290515 -0.850811
22.697147 -2906.279620 -38583.758476 -998343.742081 0.504210 -0.560604 0.656884 0.662490 0.739036 0.122203 -0.553968 0.373563 0.744023
-57.418678 -81.034029 -6903.785902 -7187.378093 0.552582 -0.356574 0.753331 0.127710 0.929413 0.346240 -0.823616 -0.095118 0.559115
-26.261073 -617.258890 -6526.985406 -70630.282434 0.414181 0.055627 0.908493 0.101023 0.989154 -0.106622 -0.904571 0.135939 0.404069
-95.152353 -3989.112810 7432.450743 1520720.253517 0.479584 -0.082536 0.873606 0.822146 0.390252 -0.414464 -0.306718 0.917001 0.255015
-25.521973 -858.842304 4347.923099 338213.607350 0.466465 -0.537988 0.702124 0.842284 0.027750 -0.538319 0.270125 0.842495 0.466084
92.516579 -822.642748 73828.813964 -111188.086704 0.304917 -0.907484 -0.288962 0.952367 0.289029 0.097257 -0.004741 -0.304853 0.952388
-364.283239 -1734.888544 -112854.067604 -20969.466004 0.380396 -0.163458 0.910264 0.658591 -0.643120 -0.390709 0.649274 0.748116 -0.136988
-294.887647 -1550.624608 75677.509883 87421.785256 -0.136604 0.348800 -0.927188 -0.691523 0.636604 0.341367 0.709320 0.687804 0.154241
-660.323332 -3953.379558 176088.449360 2794685.031457 -0.187510 -0.019412 -0.982071 0.169557 0.984157 -0.051827 0.967518 -0.176236 -0.181248
11.693245 -30.713456 -2564.572926 171.026724 -0.013696 0.934885 0.354687 0.684747 0.267261 -0.678007 0.728652 -0.233585 0.643820
16.714564 -31.729561 -2207.829403 384.908472 -0.020780 0.938614 0.344343 0.764534 0.236857 -0.599488 0.644248 -0.250805 0.722524
15.691235 -30.688645 -283.801453 569.021797 -0.014302 0.962394 0.271280 0.679933 0.208287 -0.703071 0.733135 -0.174397 0.657342
9.271674 -31.495250 -3317.400267 169.379032 -0.040620 0.910169 0.412240 0.760478 0.295773 -0.578092 0.648091 -0.290018 0.704178
11.443728 -29.009773 -1152.289020 442.206953 -0.009290 0.955234 0.295707 0.596887 0.242555 -0.764783 0.802272 -0.169399 0.572420
7.216352 -29.425861 -2788.872044 -26.289840 -0.013014 0.927223 0.374283 0.601469 0.306283 -0.737852 0.798790 -0.215518 0.561682
4.973615 -30.931467 -2899.763554 -139.416481 -0.041316 0.906984 0.419133 0.680507 0.332696 -0.652858 0.731576 -0.258249 0.630955
4.301557 -14.772800 -1370.934697 2115.201481 0.257237 0.353726 0.899281 -0.281360 0.917695 -0.280487 -0.924481 -0.180870 0.335590
3.683912 -19.974502 -1639.279578 2432.063547 0.277293 0.300051 0.912731 -0.298301 0.929924 -0.215078 -0.913305 -0.212629 0.347367
-1.488896 -21.813545 -69.165773 1888.947831 0.231323 0.453589 0.860666 -0.368396 0.859623 -0.354024 -0.900430 -0.235172 0.365951
-3.821513 -26.745617 40.310319 1477.457023 0.214148 0.486374 0.847102 -0.458717 0.815720 -0.352391 -0.862392 -0.313116 0.397793
-2.927550 -22.162637 -200.499042 1670.165296 0.191167 0.533848 0.823688 -0.402052 0.808125 -0.430451 -0.895438 -0.248878 0.369121
0.682902 -14.465815 453.630589 -2720.799279 -0.207690 0.923711 -0.321904 0.245295 0.367745 0.896992 -0.946940 -0.107335 0.302959
-0.530156 -18.917568 1017.061405 -3306.054850 -0.255509 0.823022 -0.507296 0.197279 0.558057 0.806011 -0.946465 -0.105864 0.304953
5.993534 -7.057623 2012.968969 -2644.836712 -0.217499 0.882485 -0.417030 0.202747 0.458787 0.865106 -0.954771 -0.103608 0.278707
-14.129975 -26.890585 -895.457182 -920.957937 0.871394 0.381175 0.308832 -0.349297 0.924103 -0.155000 -0.344475 0.027192 0.938402
-15.461737 -30.443255 -528.122744 -794.358320 0.903632 0.278788 0.325157 -0.203724 0.947550 -0.246261 -0.376757 0.156287 0.913033
-12.976344 -27.693046 -554.542682 -913.276680 0.851043 0.403615 0.335889 -0.346422 0.912279 -0.218492 -0.394611 0.069586 0.916210
-19.703253 -47.913909 -4735.599353 -4511.759629 0.968205 -0.239657 -0.071716 0.214144 0.942220 -0.257611 -0.129310 -0.234063 -0.963584
-0.152727 -42.725787 -17966.232363 -4366.473086 0.981258 -0.001597 -0.192693 -0.049354 0.964529 -0.259322 -0.186272 -0.263972 -0.946373
-16.822439 -52.517773 3262.544038 -2726.453984 -0.970911 0.206790 0.120703 0.197031 0.976442 -0.087978 -0.136053 -0.061637 -0.988782
-20.004625 -50.275265 2326.713823 -381.909781 -0.976313 0.190021 0.103460 0.187386 0.981673 -0.034711 -0.108160 -0.014502 -0.994028
-23.709101 -48.675246 -1236.168401 -2224.512188 0.956493 -0.291747 -0.001924 0.285553 0.937495 -0.198903 -0.059833 -0.189700 -0.980017
-123.644343 -1459.138360 -29236.184050 -540419.108597 0.814697 -0.305545 0.492860 -0.471786 -0.843433 0.256981 -0.337175 0.441886 0.831294
-124.853653 -931.251808 -30835.619370 -251198.211674 0.857732 -0.304657 0.414101 0.260207 0.951968 0.161401 -0.443382 -0.030687 0.895807
-181.004602 -1380.814800 -39756.197122 34803.777180 0.854132 -0.411628 0.317837 -0.485805 -0.849654 0.205138 -0.185610 0.329622 0.925688
-137.598916 -1150.472153 -53130.487347 -598225.117910 0.815832 -0.319148 0.482248 -0.570542 -0.580257 0.581191 -0.094341 0.749297 0.655480
-81.701755 -1097.463520 -19217.553207 -507487.068281 0.774605 -0.369116 0.513557 -0.626562 -0.558390 0.543711 -0.086073 0.742936 0.663805
28.828996 -131.383211 3276.117236 -423.052570 0.412044 0.864741 -0.287128 0.416149 -0.458938 -0.784982 0.810580 -0.203959 0.548964
30.774904 -135.969440 2767.213066 6068.455481 0.431482 0.866748 -0.250142 0.194617 -0.360187 -0.912354 0.880879 -0.344982 0.324098
45.261288 -137.836266 3828.470459 -8760.655194 0.540005 0.817936 -0.198431 0.491241 -0.497731 -0.714805 0.683430 -0.288520 0.670581
37.335215 -126.225914 4874.387458 -8990.931861 0.487186 0.832995 -0.262237 0.658800 -0.547680 -0.515781 0.573265 -0.078520 0.815599
23.320959 -126.994081 2851.737000 -5043.238239 0.398737 0.865463 -0.303287 0.631757 -0.498953 -0.593236 0.664750 -0.044941 0.745713
3.620153 -189.816479 1396.810034 -5557.173067 -0.813360 0.254769 -0.523010 0.324689 0.944763 -0.044727 0.482725 -0.206195 -0.851152
6.556511 -180.517192 80.446523 -702.704950 0.808907 -0.186825 0.557464 0.402625 0.866977 -0.293675 0.428442 -0.462004 -0.776524
6.163001 -167.340458 -633.103654 2040.075325 -0.774310 0.233156 -0.588288 0.256487 0.965497 0.045064 0.578497 -0.115994 -0.807395
-0.361952 -75.016718 2569.235693 2835.230324 0.008289 0.998873 0.046737 -0.024442 0.046927 -0.998599 0.999667 -0.007135 -0.024804
4.296713 -72.220070 1403.071934 1301.901426 0.041432 0.999128 0.005116 0.074060 0.002036 -0.997252 0.996393 -0.041697 0.073911
-3.150431 -75.285684 2706.932410 -934.863144 0.002103 0.998983 0.045042 0.238400 0.043243 -0.970204 0.971165 -0.012778 0.238066
-8.557891 -81.736011 2412.952688 343.406736 0.032819 0.997394 0.064243 0.064011 0.062048 -0.996018 0.997409 -0.036801 0.061808
-10.155746 -77.586458 2583.759832 -3567.201668 0.026250 0.996893 0.074269 0.340593 0.060931 -0.938234 0.939844 -0.049924 0.337935
-5.902342 -70.455537 2238.699528 -3278.631838 0.029460 0.998317 0.049957 0.488710 0.029212 -0.871957 0.871949 -0.050102 0.487026
-5.223696 -7.125729 62.816021 -349.433516 0.542717 -0.071677 0.836851 0.296426 0.948584 -0.110993 -0.785869 0.308302 0.536060
-2.108079 -8.878953 1598.057251 124.953083 0.624876 0.507452 0.593315 -0.049024 0.783958 -0.618875 -0.779184 0.357633 0.514754
-3.613519 -9.196336 -325.311291 682.868978 0.302920 -0.518626 0.799542 0.521088 0.792577 0.316684 -0.797939 0.320702 0.510337
-2.938999 -8.938347 865.448913 455.080448 0.323931 -0.558475 0.763659 0.514508 0.781372 0.353184 -0.793946 0.278501 0.540450
-3.955578 -9.709302 403.109077 194.805791 0.278457 -0.590677 0.757339 0.515245 0.757326 0.401222 -0.810546 0.278492 0.515226
-3.285688 -10.300603 635.457978 -67.150598 -0.148965 0.698930 -0.699504 0.556283 0.644077 0.525084 -0.817532 0.310903 0.484749
0.558316 -10.919950 1708.483804 904.917110 -0.105089 0.718475 -0.687568 0.595175 0.599339 0.535313 -0.796695 0.352967 0.490602
-24.284626 -34.157280 354.300184 837.079897 0.200771 0.959664 -0.196815 -0.927748 0.250779 0.276395 -0.314603 -0.127103 -0.940675
-23.032034 -33.866619 -847.070042 316.141816 0.276951 0.948077 -0.156358 -0.909883 0.311065 0.274503 -0.308888 -0.066244 -0.948789
-23.564657 -31.719994 64.867404 -638.477759 0.413193 0.887616 -0.203495 -0.884729 0.444214 0.141168 -0.215698 -0.121708 -0.968845
-27.400450 -33.951775 1239.131042 404.993971 0.250674 0.934728 -0.251884 -0.929250 0.305279 0.208085 -0.271398 -0.181901 -0.945122
5.971488 -62.868915 -548.158576 -3640.053417 0.619978 0.783192 0.047310 -0.642344 0.541259 -0.542617 0.450580 -0.306022 -0.838647
5.664658 -58.329504 -912.176844 -4644.893512 0.645418 0.762154 0.050566 -0.569801 0.524500 -0.632635 0.508687 -0.379502 -0.772797
8.276553 -62.041060 51.240049 -5861.440374 0.622870 0.775136 0.105820 -0.534767 0.520584 -0.665595 0.571015 -0.357990 -0.738773
5.660593 -58.931271 -440.411455 -1957.298255 0.622841 0.782196 0.015479 -0.656416 0.533246 -0.533636 0.425662 -0.322209 -0.845573
8.759885 -63.543616 -126.614972 -2579.346240 0.619664 0.779291 0.093398 -0.619626 0.558768 -0.551219 0.481747 -0.283698 -0.829117
6.304294 -62.069849 -255.638644 477.048372 0.608748 0.793318 0.008461 -0.717437 0.555011 -0.421007 0.338689 -0.250217 -0.907018
6.851679 -61.643317 -529.132985 1353.024575 0.614815 0.787710 0.038925 -0.713131 0.576328 -0.399111 0.336817 -0.217621 -0.916076
4.530063 -145.752287 744.642390 -41658.674440 0.128957 0.868173 0.479214 0.903158 0.096723 -0.418270 -0.409482 0.486745 -0.771624
5.310725 -172.020727 652.593229 -35197.528315 0.117373 0.870334 0.478270 0.967484 0.008441 -0.252792 -0.224050 0.492390 -0.841043
3.441312 -155.146311 484.603592 -39215.091304 0.113507 0.870060 0.479699 0.958977 0.030294 -0.281859 -0.259766 0.492014 -0.830930
2.921528 -121.482721 441.256726 -31799.338187 0.138774 0.867281 0.478085 0.903712 0.086537 -0.419305 -0.405027 0.490240 -0.771763
12.016539 -23.683668 -5937.182717 862.769537 -0.173966 -0.825484 0.536946 0.922881 0.053557 0.381342 -0.343549 0.561878 0.752507
29.828841 -26.407604 -6180.420192 828.568378 -0.312645 -0.889939 0.332055 0.846606 -0.102561 0.522245 -0.430711 0.444397 0.785493
13.313153 -29.786400 -6334.646137 1352.214883 -0.278561 -0.851692 0.443874 0.849353 -0.002715 0.527818 -0.448333 0.524035 0.724144
-0.150162 -73.834398 277.655325 4387.491772 0.208582 0.834659 0.509743 -0.545423 -0.333354 0.769019 -0.811793 0.438429 -0.385710
-1.221145 -84.213121 171.949199 6356.510419 0.167511 0.832046 0.528809 -0.728171 -0.257178 0.635316 -0.664610 0.491486 -0.562792
-1.412850 -71.673466 227.538378 3226.230450 0.198418 0.835433 0.512525 -0.572101 -0.325874 0.752667 -0.795821 0.442559 -0.413292
8.856968 -9.141750 2885.796849 76.306549 0.655810 -0.110757 0.746757 -0.030464 0.984491 0.172771 -0.754311 -0.136054 0.642265
1.876383 -11.551053 1838.315994 1775.791540 0.654897 -0.283226 0.700637 0.073753 0.946643 0.313733 -0.752111 -0.153789 0.640842
10.649860 -10.295863 2789.487385 718.468595 0.648911 -0.155847 0.744733 -0.013812 0.976224 0.216325 -0.760739 -0.150662 0.631330
18.912631 -7.888182 4344.718524 296.447686 0.631547 -0.065074 0.772602 -0.062869 0.988892 0.134683 -0.772784 -0.133631 0.620441
179.533729 -10.611765 -12730.181745 34.094950 -0.378557 -0.128087 -0.916673 0.801844 0.449305 -0.393918 0.462321 -0.884149 -0.067382
75.585262 -14.004517 2408.748756 -1135.938968 -0.484204 -0.076033 -0.871645 0.729745 0.514526 -0.450260 0.482719 -0.854097 -0.193651
134.695732 -11.512072 1432.293940 -556.189981 -0.422657 0.130567 -0.896835 0.840792 0.425849 -0.334247 0.338275 -0.895324 -0.289768
-2.576868 -79.994257 -601.699650 929.530204 0.125963 0.924510 0.359741 -0.833667 -0.097906 0.543519 -0.537710 0.368368 -0.758402
-2.544341 -74.599945 -327.317373 1196.024270 0.118845 0.916404 0.382203 -0.730770 -0.179869 0.658501 -0.672199 0.357562 -0.648304
-3.673423 -79.804657 -228.984362 2292.987892 0.133239 0.913180 0.385162 -0.832106 -0.108036 0.543993 -0.538375 0.392976 -0.745468
-3.124994 -85.969609 -545.943785 2912.653944 0.128236 0.923591 0.361297 -0.910884 -0.034395 0.411226 -0.392231 0.381834 -0.836874
-4.010183 -80.428482 182.322013 3407.329215 0.140276 0.899684 0.413390 -0.835998 -0.116081 0.536314 -0.530500 0.420826 -0.735851
-4.178381 -87.357756 -169.753566 -3417.267359 0.132032 0.911585 0.389334 0.916979 0.036842 -0.397231 -0.376453 0.409459 -0.831040
-2.361832 -71.626083 -463.654666 373.739908 -0.071214 0.840536 0.537055 0.833601 0.345828 -0.430713 0.547758 -0.417016 0.725299
2.234243 -71.042364 -833.239515 1098.585693 -0.129911 0.810749 0.570798 0.815139 0.415081 -0.404050 0.564510 -0.412789 0.714796
0.344470 -70.079395 -727.772487 2746.262530 -0.077580 0.830371 0.551784 0.674276 0.451380 -0.584472 0.734393 -0.326711 0.594918
-2.995506 -71.540624 -612.136669 2925.781287 -0.035519 0.852332 0.521793 0.675696 0.405176 -0.615846 0.736324 -0.330699 0.590309
-5.051898 -72.795993 -458.907722 -163.987709 -0.026384 0.863537 0.503594 0.833684 0.296989 -0.465584 0.551611 -0.407554 0.727753
-5.386055 -71.270059 307.491806 -2739.966486 0.028940 -0.866829 -0.497764 0.934218 0.200573 -0.294971 0.355528 -0.456484 0.815612
-2.230362 -72.705456 79.000364 6625.300624 0.467070 0.783069 0.410669 0.786740 -0.156049 -0.597234 -0.403591 0.602040 -0.688957
-0.211331 -75.881306 340.340873 8267.442076 0.476491 0.781228 0.403286 0.800101 -0.195192 -0.567220 -0.364410 0.592945 -0.718069
-0.907913 -67.930327 168.145668 2746.321561 0.451161 0.776530 0.439836 0.844758 -0.212644 -0.491087 -0.287815 0.593114 -0.751916
-1.145043 -67.605680 235.575857 1625.137438 0.441527 0.780686 0.442247 0.834418 -0.176068 -0.522252 -0.329849 0.599608 -0.729157
-0.489625 -71.020514 144.335696 -4718.263822 0.446456 0.772928 0.450842 0.865396 -0.244859 -0.437189 -0.227523 0.585343 -0.778208
-1.374192 -70.504857 -271.728152 -5176.414567 0.441893 0.775252 0.451347 0.873615 -0.257609 -0.412837 -0.203782 0.576734 -0.791107
-6.105104 -95.322189 161.967968 -9976.597239 0.378785 0.757721 0.531396 -0.013229 -0.569689 0.821754 -0.925390 0.318297 0.205766
-7.034355 -124.783549 98.585497 -14909.235186 0.370796 0.805381 0.462463 0.150006 -0.543359 0.825990 -0.916520 0.236902 0.322287
-4.632673 -100.843288 725.563915 -13718.388085 0.396941 0.766008 0.505638 -0.090283 -0.515640 0.852035 -0.913393 0.383858 0.135521
-22.532848 -58.923270 256.334557 1905.688944 0.159868 0.822387 0.546005 0.538960 -0.536119 0.649691 -0.827021 -0.190410 0.528942
-18.236405 -61.181702 3497.405417 734.197962 0.266171 0.797874 0.540879 0.525422 -0.590525 0.612545 -0.808136 -0.121148 0.576402
-22.967958 -55.585057 1113.390426 -537.338510 0.214664 0.765074 0.607108 0.383601 -0.637693 0.667981 -0.898204 -0.089496 0.430373
-28.531877 -52.780557 -584.691734 3095.612026 0.190123 0.701511 0.686830 0.433078 -0.687772 0.582592 -0.881077 -0.186687 0.434570
36.280109 -379.985181 -1519.533251 -19349.200079 -0.567587 -0.658436 -0.494274 0.638382 0.027153 -0.769241 0.519917 -0.752147 0.404922
24.856167 -403.547861 7365.497290 -64066.606710 -0.537287 -0.663840 -0.520231 0.781336 -0.159538 -0.603375 0.317547 -0.730660 0.604400
20.615303 -544.796558 28065.701811 -4071.556425 -0.521896 -0.629332 -0.575817 0.686992 0.090038 -0.721066 0.505635 -0.771903 0.385356
47.904824 -422.157801 -1737.155368 36470.768386 0.571117 0.644600 0.508247 0.441342 0.280927 -0.852231 0.692128 -0.711035 0.124047
44.825427 -483.122008 -21200.808395 89722.043708 0.579788 0.650065 0.491183 0.327310 0.366236 -0.871056 0.746133 -0.665797 0.000433
38.478129 -1321.598492 -28167.457120 614719.933617 0.446684 0.731138 0.515665 0.467699 0.300522 -0.831231 0.762713 -0.612473 0.207715
6.890011 -1648.643151 45686.193983 -292510.682938 -0.359742 -0.732116 -0.578439 0.852257 -0.005483 -0.523095 0.379794 -0.681158 0.625924
8.917339 -115.320833 -3164.829592 -15934.759424 0.094428 -0.910639 -0.402268 0.988922 0.039315 0.143138 -0.114532 -0.411327 0.904263
16.303972 -129.498663 -1564.340061 -15098.288512 0.055166 -0.898428 -0.435641 0.994600 0.011033 0.103196 -0.087907 -0.438982 0.894185
11.316016 -104.803509 -817.276727 -12881.675923 -0.009233 -0.891717 -0.452498 0.956334 -0.140073 0.256523 -0.292129 -0.430371 0.854073
3.429964 -94.623148 -2874.558598 -14336.940533 0.026388 -0.913365 -0.406285 0.951219 -0.102030 0.291156 -0.307385 -0.394149 0.866118
-5.261954 -155.657655 -4424.094695 -32723.751626 0.089871 -0.922176 -0.376184 0.981583 0.018080 0.190181 -0.168578 -0.386348 0.906817
2.410501 -35.411582 -3303.191890 141.142440 0.110839 0.991288 0.071149 -0.159610 -0.052906 0.985761 -0.980938 0.120617 -0.152356
7.296643 -34.401570 -3233.188876 858.889474 0.118108 0.989467 0.083700 -0.037552 -0.079779 0.996105 -0.992290 0.120791 -0.027734
1.899745 -33.094282 -848.991828 1025.940634 0.134479 0.978762 0.154724 -0.023901 -0.152893 0.987954 -0.990628 0.136557 -0.002833
-1.457671 -23.867836 -2381.166302 224.748586 -0.083999 0.966052 0.244311 -0.377716 -0.257750 0.889323 -0.922104 0.017578 -0.386544
-6.971803 -26.522424 -1299.914470 321.169895 -0.050762 0.962955 0.264841 -0.397271 -0.262769 0.879277 -0.916296 0.060580 -0.395893
-3.684664 -28.778601 -2144.712923 1207.031826 -0.111666 0.933192 0.341590 -0.455262 -0.353586 0.817137 -0.883327 0.064266 -0.464330
1.393842 -27.827463 -1684.510640 1960.961408 -0.113855 0.920217 0.374483 -0.440144 -0.384645 0.811370 -0.890680 0.072448 -0.448822
-20.925836 -43.371425 337.650643 -7622.549186 -0.588498 0.783502 0.199484 -0.165097 0.125077 -0.978314 0.791462 0.608670 -0.055746
-22.562354 -49.050682 -3143.092172 -7352.576397 -0.531146 0.826329 0.187256 -0.199315 0.092948 -0.975517 0.823503 0.555465 -0.115331
-26.184454 -53.272849 1404.683469 -10138.106050 -0.633458 0.767326 0.099709 -0.163233 -0.006557 -0.986566 0.756364 0.641224 -0.129407
-13.912453 -36.970035 -2441.467663 -7780.113340 -0.562157 0.817322 0.126350 -0.077629 0.099954 -0.991959 0.823379 0.567445 -0.007258
-21.636898 -41.835787 6467.433665 -5977.244946 -0.690705 0.722527 0.029697 -0.111052 -0.065403 -0.991660 0.714559 0.688242 -0.125412
-17.355823 -31.756977 211.999095 -6538.066599 -0.487238 0.683538 0.543485 -0.304985 0.449973 -0.839350 0.818281 0.574718 0.010775
-21.218028 -37.981906 -268.913436 -2314.716591 -0.524131 0.697674 0.488403 -0.351776 0.344920 -0.870221 0.775590 0.627918 -0.064642
-638.013770 -4780.610534 -162808.617855 -3000650.087442 -0.803006 0.173020 -0.570303 0.321652 0.931413 -0.170322 0.501719 -0.320209 -0.803582
-860.214557 -1437.332228 31774.516410 -104410.388052 -0.877938 0.159171 -0.451541 0.018257 0.953563 0.300639 0.478426 0.255699 -0.840075
-849.413224 -1506.643098 -247007.801316 -735148.196571 -0.477638 0.355718 -0.803322 0.443178 0.887060 0.129294 0.758588 -0.294259 -0.581340
-1507.281039 -2880.523047 -158467.718241 -1006817.589023 -0.469074 0.016417 -0.883006 0.624288 0.713374 -0.318373 0.624687 -0.700591 -0.344874
-1343.571337 -39435.760418 -1395108.928962 -33183769.616610 0.157752 0.783457 -0.601090 -0.305252 -0.540209 -0.784217 0.939114 -0.307196 -0.153933
-1.203995 -174.553559 -1789.683813 54977.935612 0.654056 0.366286 -0.661850 0.750149 -0.426732 0.505150 -0.097404 -0.826882 -0.553876
-21.221590 -39.845581 -4371.682713 -11845.754477 0.826837 0.162346 -0.538502 -0.521681 0.579211 -0.626390 -0.210214 -0.798848 -0.563605
21.980540 -383.075382 -9173.310094 -95816.130995 0.742168 0.095388 -0.663392 -0.491176 0.750860 -0.441538 -0.455997 -0.653537 -0.604116
624.082404 -149.285807 152314.079665 -5984.837628 -0.457149 0.726419 -0.513156 0.887469 0.334679 -0.316841 -0.058417 -0.600254 -0.797673
69.861795 -3575.408051 33912.557469 -1354049.504607 -0.496096 -0.297801 0.815600 -0.392780 0.914705 0.095076 -0.774347 -0.273185 -0.570752
-15.989715 -98.721960 -243.161007 18565.399780 0.207945 0.425713 -0.880640 0.885246 -0.464859 -0.015687 -0.416052 -0.776321 -0.473526
-20.819810 -137.497466 -991.139759 25526.664972 0.215746 0.333330 -0.917793 0.812361 -0.582787 -0.020699 -0.541778 -0.741114 -0.396518
-12.849641 -1233.322541 -9740.484648 339603.962699 0.236688 0.414863 -0.878560 0.836806 -0.546526 -0.032634 -0.493695 -0.727460 -0.476516
-92.843415 -193.393266 -13459.424207 -8996.725904 -0.505799 -0.202594 0.838524 0.622197 -0.758967 0.191938 0.597527 0.618809 0.509938
-55.664976 -183.972389 8477.775786 11698.032745 0.439807 0.026909 -0.897689 -0.592169 0.760176 -0.267336 0.675208 0.649160 0.350265
-81.983776 -266.336077 -9687.178376 -44834.981977 -0.503832 -0.054948 0.862052 0.803797 -0.395288 0.444588 0.316330 0.916912 0.243325
-115.364220 -255.815328 -16033.314518 -48774.937523 -0.587476 -0.171940 0.790764 0.766677 -0.430993 0.475869 0.258993 0.885823 0.385021
-35.638503 -53.100270 -233.676307 -1515.728602 0.490834 0.870904 -0.024668 0.668400 -0.394564 -0.630524 0.558859 -0.292995 0.775777
-30.947715 -50.186284 775.663527 -1883.979522 0.702479 0.697995 -0.139014 0.516955 -0.634676 -0.574407 0.489163 -0.331645 0.806679
-28.166278 -47.539069 509.794161 2974.857096 0.828516 0.537619 -0.156612 -0.410248 0.773131 0.483699 0.381128 -0.336503 0.861108
112.370645 -68.663237 2705.201744 6773.313963 0.170769 -0.822049 -0.543207 0.974366 0.222834 -0.030908 0.146453 -0.524004 0.839030
120.506563 -59.724161 -9607.418715 2526.089424 0.198477 -0.882806 -0.425746 0.953599 0.274278 -0.124176 0.226396 -0.381345 0.896282
-19.973235 -25.670978 2869.714273 -129.595017 0.978399 0.155002 0.136783 0.026694 -0.750855 0.659927 -0.204994 0.642021 0.738774
5.767447 -28.736281 -455.890390 1968.717012 0.484879 0.709810 -0.510943 -0.319946 -0.399754 -0.858971 0.813957 -0.579971 -0.033269
8.387792 -36.239938 -639.564667 2382.720218 0.466922 0.713615 -0.522242 -0.229059 -0.472814 -0.850869 0.854117 -0.516914 0.057307
10.051943 -39.683786 -368.670861 2574.999965 0.436685 0.718238 -0.541701 -0.217334 -0.500085 -0.838260 0.872967 -0.483786 0.062282
8.939689 -32.108346 -78.155148 2711.972152 0.401779 0.698864 -0.591745 -0.334494 -0.489542 -0.805272 0.852460 -0.521476 -0.037079
6.781944 -32.250047 -269.907901 2123.369127 0.475536 0.712949 -0.515334 -0.263646 -0.443377 -0.856684 0.839260 -0.543249 0.022876
43.980982 -56.388094 -6716.030088 5543.377264 -0.255207 -0.502394 -0.826117 0.878859 0.235661 -0.414815 0.403084 -0.831904 0.381391
34.480017 -59.093211 5463.359812 4504.091131 -0.149237 -0.463215 -0.873590 0.925166 0.246408 -0.288704 0.348992 -0.851302 0.391778
52.745735 -46.551191 4574.926447 1691.887043 -0.175902 -0.524710 -0.832909 0.853065 0.340992 -0.394974 0.491262 -0.780003 0.387630
-16.996388 -24.254442 -3946.255422 -3508.056354 0.042886 -0.032341 -0.998556 -0.256916 0.965507 -0.042305 0.965482 0.258359 0.033098
3.743623 -20.592285 -6199.017762 -4795.890406 0.123757 -0.149874 -0.980929 -0.189757 0.966712 -0.171642 0.974000 0.207380 0.091197
0.940813 -11.129680 -1286.656338 -4124.303941 0.124558 -0.464669 -0.876680 -0.100885 0.873051 -0.477079 0.987070 0.147868 0.061868
1.742654 -36.665882 75.629678 -601.056086 0.752635 0.646331 -0.125689 0.448813 -0.643260 -0.620310 0.481776 -0.410456 0.774221
19.611693 -69.160836 551.888371 4460.764049 0.423754 0.904055 0.055830 -0.819421 0.356359 0.448952 -0.385982 0.235994 -0.891810
21.599654 -69.074784 -68.542682 5144.443017 0.297582 0.954676 -0.006263 -0.867853 0.273240 0.414936 -0.397840 0.118042 -0.909829
12.415087 -74.038808 269.673308 4768.477885 0.400377 0.915571 0.037791 -0.888042 0.377506 0.262431 -0.226008 0.138631 -0.964211
27.739734 -63.920755 -1244.505669 4377.570313 0.287988 0.957274 -0.026264 -0.784165 0.251474 0.567315 -0.549680 0.142785 -0.823082
10.298072 -70.392250 1383.901016 -1994.447375 0.498776 0.861632 0.093874 0.848604 -0.463438 -0.255139 -0.176332 0.206919 -0.962337
18.430585 -69.319915 2835.136369 -982.158238 0.552531 0.823435 0.129090 0.774638 -0.450154 -0.444181 -0.307644 0.345422 -0.886588
27.605936 -65.686809 716.423040 2963.194979 0.433832 0.898651 0.064928 -0.732682 0.309932 0.605904 -0.524373 0.310432 -0.792884
7.337947 -69.548969 86.796373 124.989635 0.175311 0.979620 -0.098032 -0.936691 0.135309 -0.322957 0.303111 -0.148444 -0.941323
2.024696 -29.762899 -1807.244587 120.316404 -0.056488 0.903817 0.424174 0.584482 0.374378 -0.719876 0.809438 -0.207258 0.549413
0.183546 -29.738711 145.783819 429.566261 -0.088052 0.892622 0.442124 0.559281 0.411587 -0.719584 0.824289 -0.183910 0.535467
4.963171 -78.555081 -457.287869 1333.469631 -0.510061 -0.099434 -0.854371 0.844527 0.130493 -0.519371 0.163133 -0.986450 0.017415
4.214115 -82.290235 -704.028347 1359.216851 -0.530182 -0.104584 -0.841409 0.847609 -0.090619 -0.522826 -0.021569 -0.990379 0.136691
1.214111 -80.387111 -808.249621 1613.887912 -0.506417 -0.121944 -0.853623 0.862238 -0.060821 -0.502839 0.009400 -0.990672 0.135945
-0.812652 -80.334871 -1308.550126 448.919833 -0.519811 -0.129241 -0.844449 0.833683 -0.292504 -0.468417 -0.186466 -0.947490 0.259793
3.690305 -81.724639 -1219.156964 -41.994739 -0.546720 -0.107489 -0.830387 0.807395 -0.330417 -0.488812 -0.221832 -0.937694 0.267432
23.477208 -71.594644 3472.121377 3203.178499 -0.315155 0.084619 -0.945260 -0.012357 0.995567 0.093242 0.948960 0.041066 -0.312712
16.765045 -73.211181 3459.325957 2823.770965 -0.379619 0.043655 -0.924112 0.007206 0.998995 0.044233 0.925115 0.010132 -0.379552
17.460654 -75.774492 2496.647033 -3590.636269 -0.323895 0.070205 -0.943485 0.219057 0.975709 -0.002599 0.920384 -0.207519 -0.331406
20.857761 -65.692736 3419.228222 9024.917091 -0.367412 0.029613 -0.929587 -0.215764 0.969511 0.116164 0.904685 0.243251 -0.349821
22.868307 -73.426901 1659.222214 -2982.235133 -0.257223 0.111877 -0.959854 0.195576 0.978748 0.061669 0.946354 -0.171862 -0.273637
29.416420 -70.167620 1949.759019 3849.969643 -0.233910 0.139387 -0.962215 -0.043042 0.987215 0.153471 0.971305 0.077314 -0.224920
28.996085 -63.547868 3358.364828 8775.201625 -0.296561 0.086201 -0.951116 -0.224977 0.961583 0.157298 0.928136 0.260628 -0.265775
2.423075 -94.176842 -366.112595 2169.627017 -0.374046 0.019479 -0.927206 0.877730 -0.315400 -0.360713 -0.299467 -0.948759 0.100877
0.141465 -9.479291 -875.265766 -460.604619 -0.338209 0.879483 0.334850 0.529343 -0.116403 0.840385 -0.778082 -0.461476 0.426179
5.285610 -14.172345 -2047.609871 -1001.309506 -0.290086 0.859535 0.420773 0.574849 -0.195017 0.794680 -0.765113 -0.472407 0.437531
1.406188 -12.798617 -721.420445 -1124.904607 -0.217997 0.840036 0.496807 0.613104 -0.278185 0.739402 -0.759329 -0.465782 0.454386
16.435723 -70.068320 739.118259 -4471.717319 -0.276864 0.066686 -0.958592 0.372563 0.927005 -0.043117 0.885744 -0.369074 -0.281499
19.727253 -68.155933 -24.573513 -4234.406979 -0.213775 0.120882 -0.969375 0.362731 0.931193 0.036128 0.907043 -0.343899 -0.242914
12.902843 -59.369123 -520.216624 -2231.951457 -0.252514 0.051597 -0.966217 0.501896 0.860721 -0.085204 0.827247 -0.506456 -0.243240
10.927424 -60.994155 517.472385 -1932.070682 -0.315428 0.006478 -0.948927 0.499072 0.851646 -0.160080 0.807113 -0.524077 -0.271866
5.287711 -193.776653 -2226.483097 -2200.202562 -0.336906 0.098760 -0.936345 0.715865 0.672841 -0.186608 0.611581 -0.733166 -0.297383
16.406984 -227.484090 -5571.334429 22780.321341 -0.346670 0.073121 -0.935133 0.446841 0.889437 -0.096104 0.824714 -0.451172 -0.341015
21.802835 -255.200144 -1123.704190 29763.358075 -0.502756 0.074742 -0.861191 0.386723 0.910445 -0.146749 0.773099 -0.406821 -0.486636
6.875630 -246.776331 -526.111580 -1123.229511 -0.493297 0.063049 -0.867573 0.705324 0.612711 -0.356515 0.509094 -0.787788 -0.346718
