14274
28540
-36.908385 -62.128145 -1308.291652 9283.449932 0.068505 0.994168 0.083292 0.716561 0.009058 -0.697466 0.694152 -0.107464 0.711761
-43.511059 -65.123443 550.100716 7345.146056 0.196107 0.972401 -0.126408 0.736126 -0.231154 -0.636150 0.647812 -0.031701 0.761140
-45.371407 -80.126284 -1292.418127 9063.333519 -0.093155 0.984094 0.151267 0.821586 0.161797 -0.546643 0.562422 -0.073357 0.823590
-34.064107 -49.417294 -214.071661 5653.477365 0.346641 0.895490 -0.279174 0.585026 -0.439047 -0.681896 0.733202 -0.073049 0.676076
-26.428635 -85.563145 -5925.811838 15701.664784 -0.040990 0.964525 0.260791 0.768543 0.197227 -0.608641 0.638484 -0.175481 0.749363
-26.549677 -63.141119 -5506.486191 12317.148892 0.028659 0.971792 0.234092 0.677316 0.153351 -0.719532 0.735133 -0.179176 0.653816
-26.290840 -42.575812 -2496.204747 4757.531339 0.303946 0.942921 -0.136073 0.562169 -0.292829 -0.773445 0.769144 -0.158590 0.619086
-39.962697 -57.282447 83.025225 1319.893818 -0.282250 0.298654 0.911669 0.685460 -0.602076 0.409450 0.671178 0.740480 -0.034780
-39.179028 -57.893525 -864.214756 4599.310225 -0.188524 0.287522 0.939037 0.770753 -0.549243 0.322911 0.608603 0.784642 -0.118062
-40.992274 -61.484153 892.179869 3140.394669 -0.223919 0.156848 0.961904 0.799667 -0.534625 0.273329 0.557129 0.830407 -0.005714
-39.077583 -54.417483 -2247.019715 4273.010240 -0.171547 0.380394 0.908775 0.747009 -0.551180 0.371723 0.642300 0.742631 -0.189604
-40.535329 -60.301402 -809.033153 2251.629546 -0.306962 0.162813 0.937692 0.701366 -0.627290 0.338516 0.643319 0.761577 0.078363
-38.868165 -54.890397 -292.343585 -784.366140 -0.222183 0.433923 0.873124 0.710433 -0.541276 0.449784 0.667773 0.720230 -0.188011
-43.897029 -75.160525 -3210.817618 9681.403758 0.328595 0.936725 0.120710 -0.925372 0.344882 -0.157300 0.188977 0.060013 -0.980146
-51.440472 -82.200492 -3409.165331 13507.399459 0.135141 0.974132 0.181117 -0.958206 0.175007 -0.226304 0.252147 0.142964 -0.957070
-46.584183 -87.590916 -4121.096273 13375.507913 0.241243 0.966353 0.089241 -0.921006 0.256960 -0.292778 0.305858 0.011560 -0.952007
-14.502822 -42.266351 -79.964293 -3026.113470 0.265913 -0.512834 -0.816267 -0.349503 0.737853 -0.577426 0.898409 0.438833 0.016968
-17.365298 -39.342877 1148.718072 -3277.850483 0.238634 -0.402157 -0.883925 -0.380351 0.798796 -0.466110 0.893525 0.447432 0.037658
-14.118991 -36.634513 258.995447 -2959.605666 0.228649 -0.369599 -0.900620 -0.330336 0.840783 -0.428908 0.915750 0.395577 0.070152
-11.787684 -37.842608 -339.995431 -2640.937805 0.252443 -0.501365 -0.827590 -0.274261 0.783141 -0.558096 0.927930 0.367863 0.060193
-5.177313 -16.734578 2280.808099 885.903041 -0.413594 0.241084 -0.877962 -0.460740 0.776295 0.430215 0.785276 0.582447 -0.209994
-13.191441 -15.728195 3635.270680 992.212949 -0.466753 0.343922 -0.814776 -0.417881 0.726189 0.545917 0.779434 0.595288 -0.195233
-4.256199 -19.315660 2537.305364 1046.940889 -0.392308 0.201240 -0.897551 -0.446103 0.811713 0.376980 0.804417 0.548292 -0.228667
0.447776 -17.860542 1606.705159 1409.325628 -0.369265 0.149046 -0.917294 -0.488255 0.808734 0.327958 0.790727 0.568977 -0.225865
-11.520199 -21.748273 3899.293159 1281.898795 -0.427694 0.275367 -0.860959 -0.382682 0.807742 0.448449 0.818922 0.521273 -0.240088
-2.652645 -23.440277 2826.363680 1447.455087 -0.399841 0.204328 -0.893519 -0.395223 0.841123 0.369204 0.826998 0.500763 -0.255561
2.693166 -22.505824 1330.887364 1397.022576 -0.369261 0.140188 -0.918691 -0.422056 0.855431 0.300177 0.827958 0.498583 -0.256710
2.323924 -20.032776 1956.384903 1185.922543 -0.378686 0.160396 -0.911521 -0.446762 0.830848 0.331805 0.810556 0.532883 -0.242971
727.040801 -69.748941 249690.155955 9165.945217 0.867287 -0.439225 0.234297 -0.126202 -0.649275 -0.750010 -0.481546 -0.620905 0.618539
2823.763021 -213.158266 1097196.913907 -25102.873340 0.834185 -0.449471 0.319548 -0.101655 -0.694825 -0.711958 -0.542035 -0.561421 0.625304
1510.262923 -36.023968 -476148.931060 1548.852589 -0.638231 0.707633 -0.303180 0.265427 0.571938 0.776167 -0.722641 -0.414901 0.552853
1569.137291 -56.038169 497995.304836 15562.880718 0.776040 -0.615642 0.136920 -0.295656 -0.546886 -0.783265 -0.557090 -0.567364 0.606423
4991.462486 -352.161125 2008620.350001 -927.251728 0.682006 -0.572985 0.454485 0.060471 0.663488 0.745739 -0.728843 -0.481115 0.487152
875.787663 -23.878756 263562.844032 -1992.074457 0.185138 0.759964 -0.623040 0.181189 0.596733 0.781716 -0.965865 0.257613 0.027219
0.114329 -62.798198 1103.978872 -1462.770848 0.599237 0.770469 -0.217466 0.506831 -0.575375 -0.641924 0.619707 -0.274446 0.735284
2.479109 -57.124778 175.152265 -2152.474126 0.583635 0.796706 -0.156940 0.643425 -0.571642 -0.509146 0.495353 -0.196176 0.846251
2.235749 -59.481922 1618.317197 -2821.891706 0.580498 0.792660 -0.186311 0.641339 -0.586070 -0.495184 0.501704 -0.167964 0.848576
0.928973 -64.412668 646.310319 -3844.593290 0.602268 0.773912 -0.195790 0.572475 -0.589642 -0.569732 0.556368 -0.231046 0.798168
0.190864 -65.796650 -57.164817 597.971240 0.633831 0.743958 -0.211625 0.425138 -0.563659 -0.708199 0.646155 -0.358908 0.673549
-0.067155 -64.630789 870.892614 1374.507467 0.624751 0.741470 -0.244762 0.340410 -0.540749 -0.769227 0.702714 -0.397256 0.590238
-0.957361 -62.156258 890.936575 214.838292 0.619447 0.750222 -0.231197 0.363586 -0.535183 -0.762485 0.695766 -0.388260 0.604288
68.670189 -77.456634 12986.993646 3701.796953 -0.055977 0.985378 0.160922 -0.751092 0.064631 -0.657026 0.657820 0.157645 -0.736492
60.441117 -80.106829 17002.909731 -675.473366 -0.100031 0.955508 0.277484 -0.835695 0.070674 -0.544627 0.540007 0.286372 -0.791444
73.451364 -76.855474 6816.849559 -1266.000875 0.011975 0.998237 0.058134 -0.836321 0.041867 -0.546639 0.548109 0.042072 -0.835348
73.165528 -82.058386 -11021.790959 -5981.905633 0.220454 0.950134 -0.220559 -0.807695 0.051052 -0.587386 0.546835 -0.307636 -0.778673
71.140989 -76.595856 -2595.787150 3034.515583 0.147007 0.985146 -0.088752 -0.738728 0.049679 -0.672170 0.657776 -0.164377 -0.735058
-2.405486 -163.350381 233.714913 12980.860226 -0.309684 -0.902803 -0.298399 0.909477 -0.189694 -0.369956 0.277393 -0.385957 0.879824
-3.620519 -140.805973 -340.940588 10196.114023 0.342123 0.895910 0.283369 0.793243 -0.113714 -0.598193 0.503704 -0.429436 0.749578
-3.549352 -148.449045 238.528878 12232.298610 -0.303551 -0.904815 -0.298606 0.883062 -0.149455 -0.444820 0.357851 -0.398713 0.844375
-2.311727 -165.391943 85.344375 8010.037383 -0.268708 -0.912638 -0.308037 0.960249 -0.228708 -0.160044 0.075612 -0.338798 0.937816
125.038028 -5.694861 43938.548151 -4076.957794 0.874158 -0.434070 0.217789 -0.156557 -0.676391 -0.719712 -0.459715 -0.595046 0.659229
-14.116505 -91.504309 -1877.146580 227.774757 0.264132 0.942924 0.202803 -0.556209 0.320700 -0.766670 0.787950 -0.089701 -0.609170
-13.810306 -89.496726 -634.041109 2347.444006 0.220532 0.945769 0.238508 -0.481701 0.318233 -0.816512 0.848133 -0.065177 -0.525758
-13.892913 -90.460417 -1317.799540 485.889262 0.256176 0.941817 0.217612 -0.397457 0.307843 -0.864442 0.881137 -0.134958 -0.453194
-13.649443 -90.796894 -500.726408 652.020406 0.269855 0.941820 0.200385 -0.419420 0.302296 -0.855981 0.866755 -0.146945 -0.476594
-12.832132 -90.174977 -558.839500 -1912.149667 0.264219 0.940893 0.211916 -0.214963 0.271648 -0.938082 0.940202 -0.202305 -0.274032
-4.513024 -150.030172 1585.105676 11988.555103 -0.298626 0.756575 -0.581737 0.061275 0.623492 0.779425 -0.952401 -0.197111 0.232550
-6.683301 -181.610665 -1712.290165 17965.138269 -0.325676 0.698545 -0.637158 -0.142833 0.629814 0.763501 -0.934630 -0.339661 0.105340
-0.129718 -151.087622 -2883.469509 19214.192130 -0.341508 0.724013 -0.599314 0.175761 0.675598 0.716014 -0.923299 -0.139188 0.357975
-7.076426 -165.177887 1139.160324 9756.497736 -0.292457 0.725130 -0.623423 -0.224792 0.581528 0.781853 -0.929483 -0.368798 0.007068
2.874572 -125.326944 -1660.143668 11713.430985 -0.329606 0.760320 -0.559708 0.336099 0.648494 0.683003 -0.882268 -0.037005 0.469290
-3.475151 -137.337976 -265.619101 9451.492205 -0.308346 0.774964 -0.551683 0.187672 0.618100 0.763369 -0.932578 -0.131846 0.336028
-16.909303 -29.164353 524.951820 4261.345916 0.873151 0.364808 -0.323298 -0.207973 0.878655 0.429783 0.440856 -0.308028 0.843069
-17.905350 -29.620304 -1091.125519 4732.313912 0.874954 0.287464 -0.389640 -0.107362 0.899845 0.422792 0.472153 -0.328091 0.818186
-10.272234 -22.206571 7684.779596 -850.486703 0.442935 0.896099 0.028558 0.765190 -0.361244 -0.532905 0.467219 -0.257895 0.845693
-10.271720 -24.850872 7211.491120 1158.743817 0.421801 0.905018 0.055007 0.804000 -0.345295 -0.484102 0.419127 -0.248420 0.873281
17.677733 -21.949818 13828.857462 -1469.252010 0.159988 0.970182 0.182073 0.867034 -0.049943 -0.495740 0.471865 -0.237176 0.849171
14.196182 -20.271942 12285.840455 664.705622 0.205572 0.966601 0.153043 0.874982 -0.111490 -0.471143 0.438345 -0.230764 0.868678
-16.848751 -1108.054832 -2696.491167 -436925.997022 -0.416133 0.756720 -0.504191 0.906743 0.303744 -0.292501 -0.068197 -0.578891 -0.812548
-26.341010 -950.074934 5739.638812 -343091.168674 -0.411495 0.760518 -0.502278 0.911403 0.345832 -0.223037 0.004080 -0.549557 -0.835447
-10.885369 -523.216747 2948.204866 -190745.184827 -0.539208 0.706901 -0.457762 0.708661 0.087163 -0.700144 -0.455032 -0.701922 -0.547952
-53.436685 -1506.087685 -11118.667782 -27170.877082 -0.439483 0.752018 -0.491247 -0.648879 -0.643964 -0.405298 0.621137 -0.140638 -0.770980
-13.323125 -421.483492 -4244.564590 -157401.098820 -0.517726 0.709189 -0.478550 0.757027 0.119148 -0.642428 -0.398585 -0.694877 -0.598562
-6.226395 -1057.975881 6433.728377 -427845.741218 -0.425070 0.783853 -0.452647 0.900843 0.415131 -0.127074 0.088300 -0.461780 -0.882589
-23.254692 -31.944843 1127.993624 -536.992827 -0.337225 0.866021 0.369170 0.037576 0.404209 -0.913894 0.940674 0.294316 0.168852
-21.649147 -30.528422 652.448082 -615.366601 -0.325368 0.910692 0.254512 0.139579 0.312464 -0.939619 0.935229 0.270198 0.228779
-25.262165 -30.781540 -23.593958 -591.610516 -0.236892 0.971011 0.031926 0.145706 0.067998 -0.986988 0.960548 0.229158 0.157591
-25.690856 -32.161760 1289.413394 -1312.228935 -0.304908 0.887806 0.344721 0.013734 0.366018 -0.930506 0.952283 0.278984 0.123795
49.992298 -160.218052 -8235.262326 4742.429514 0.409977 0.912064 0.007586 0.750967 -0.332820 -0.570333 0.517655 -0.239520 0.821379
73.347976 -170.266994 -12346.629019 9780.503771 0.432940 0.897199 -0.087163 0.792493 -0.424918 -0.437493 0.429555 -0.120332 0.894988
53.003942 -135.281797 -6282.510761 -263.364461 0.366897 0.912537 -0.180727 0.636755 -0.387983 -0.666342 0.678181 -0.129400 0.723413
127.175315 -975.085703 -4767.519147 292827.498669 0.405229 0.872335 -0.273535 0.757695 -0.487885 -0.433435 0.511554 0.031616 0.858669
51.853384 -100.297176 -3584.293189 5456.261474 0.280695 0.857333 -0.431498 0.511608 -0.514027 -0.688501 0.812076 0.027499 0.582903
32.004231 -112.415430 -170.635928 -6572.492827 0.272602 0.943294 -0.189432 0.448632 -0.298798 -0.842288 0.851127 -0.144624 0.504644
86.635112 -184.426257 -2928.588151 33722.720130 0.323522 0.809660 -0.489678 0.668687 -0.561783 -0.487092 0.669471 0.169856 0.723158
-67.627335 -76.597659 -12638.024266 12041.611958 -0.029590 -0.543664 -0.838781 0.029021 0.838327 -0.544394 0.999141 -0.040451 -0.009029
-62.722254 -325.230934 -12967.699387 106137.049255 0.005189 -0.040690 -0.999158 0.116643 0.992376 -0.039808 0.993160 -0.116338 0.009896
-132.327388 -316.062245 -35791.103024 92883.812639 -0.106513 -0.060154 -0.992490 0.107974 0.991566 -0.071685 0.988431 -0.114798 -0.099119
-78.814138 -169.590854 29760.683759 -35926.806881 0.053178 0.989218 0.136458 -0.159073 0.143298 -0.976812 0.985834 -0.030238 -0.164978
-323.732846 -1479.120482 92053.684485 -605026.189751 0.218362 0.966256 0.136627 -0.303558 0.200315 -0.931518 0.927454 -0.161934 -0.337056
-13.992493 -48.578628 -1475.986721 881.766357 0.448476 0.842007 -0.299821 0.217331 0.222649 0.950365 -0.866970 0.491377 0.083142
-15.739848 -57.006322 -1726.136456 -2763.465641 0.455422 0.840605 -0.293213 0.283635 0.175190 0.942794 -0.843885 0.512534 0.158640
-20.882828 -51.678812 -2855.347370 2589.798542 0.471349 0.827335 -0.305526 0.263210 0.198675 0.944060 -0.841754 0.525399 0.124118
49.923476 -71.072823 -14137.168951 -12208.322286 -0.040358 0.991749 0.121675 0.834542 -0.033508 0.549925 -0.549465 -0.123736 0.826304
65.462506 -84.006021 -42242.533347 -26241.707845 -0.144311 0.937034 0.318028 0.771915 -0.094486 0.628665 -0.619129 -0.336214 0.709675
15.818952 -52.742683 -29802.778123 16734.545453 -0.103530 0.929684 0.353510 0.863164 -0.092616 0.496357 -0.494196 -0.356525 0.792881
1.363201 -73.589091 -34973.961984 -11288.914368 -0.039749 0.919428 0.391244 0.834753 -0.184652 0.518741 -0.549189 -0.347211 0.760155
10.630713 -19.900421 6280.360926 1024.785376 -0.403668 0.864049 0.300786 -0.235597 -0.415844 0.878389 -0.884051 -0.283713 -0.371430
13.267237 -19.561299 6314.369236 -568.246671 -0.380415 0.896930 0.225390 -0.240335 -0.331219 0.912432 -0.893042 -0.292933 -0.341565
34.212157 -23.834027 12124.234499 -296.630456 -0.420942 0.828473 0.369379 -0.198917 -0.481611 0.853512 -0.885008 -0.285804 -0.367527
11.006734 -24.393094 5916.326173 2104.129646 -0.410744 0.847962 0.335036 -0.252044 -0.458747 0.852071 -0.876221 -0.265539 -0.402152
-10.557899 -14.880006 -209.113431 133.650457 -0.373089 -0.347981 -0.860066 -0.508366 0.852131 -0.124246 0.776124 0.390874 -0.494822
-11.460657 -15.167928 -1078.821092 -681.222481 -0.214428 0.895247 0.390581 -0.627433 0.180216 -0.757529 0.748565 0.407499 -0.523064
-10.983775 -19.504947 -372.264635 -3320.009536 -0.614565 0.210414 -0.760287 -0.210139 0.885282 0.414870 0.760363 0.414731 -0.499847
-7.740674 -25.101199 -1192.003599 -3915.505448 -0.548033 0.109929 -0.829202 -0.286866 0.906504 0.309771 0.785728 0.407635 -0.465259
-2.891879 -40.712677 -1180.548565 3152.993664 -0.367187 0.879426 0.302957 -0.315417 -0.424135 0.848894 -0.875035 -0.216145 -0.433123
-2.788295 -39.707902 440.740769 1665.017857 -0.353876 0.858574 0.370974 -0.330779 -0.485893 0.809008 -0.874847 -0.163578 -0.455944
-5.098257 -45.649838 -1300.925674 -759.656194 -0.333683 0.902667 0.271750 -0.474744 -0.409959 0.778814 -0.814416 -0.130865 -0.565332
-4.276633 -47.261231 -1247.562389 -844.258024 -0.349071 0.900003 0.261044 -0.448499 -0.405044 0.796736 -0.822799 -0.161040 -0.545039
15.875963 -73.327755 675.327313 283.464404 -0.534577 0.845116 -0.002436 -0.709379 -0.450279 -0.542246 0.459358 0.288144 -0.840216
14.098431 -77.458848 387.474254 -1405.357897 -0.575150 0.817951 0.012598 -0.701003 -0.484862 -0.522976 0.421660 0.309621 -0.852254
14.145929 -79.725161 544.674198 -8994.126794 -0.571881 0.819990 -0.023849 -0.727849 -0.520601 -0.446331 0.378402 0.237890 -0.894550
14.950504 -76.956721 852.756640 -5603.172985 -0.527472 0.848314 -0.046218 -0.743550 -0.487280 -0.457922 0.410982 0.207176 -0.887790
16.239780 -74.379140 -214.127429 2664.264845 -0.506824 0.860840 -0.045651 -0.703683 -0.443726 -0.554921 0.497955 0.249123 -0.830650
14.174203 -111.882029 330.615883 475.752948 -0.671774 0.733547 0.103091 0.715609 0.678608 -0.165513 0.191370 0.037414 0.980805
13.678532 -110.903585 1097.878249 -2991.093683 0.644731 -0.753081 -0.131113 0.763343 0.643347 0.058413 0.040362 -0.137745 0.989645
9.806396 -108.099002 -1277.855765 -3238.592112 0.644818 -0.762889 -0.047005 0.763571 0.640202 0.084265 -0.034192 -0.090227 0.995334
11.405519 -98.112331 679.006371 -3433.653687 0.630710 -0.769216 -0.102524 0.755269 0.578119 0.308784 -0.178250 -0.272186 0.945591
8.620443 -107.774973 2705.671845 846.445689 -0.668778 0.742719 0.033220 0.724543 0.661125 -0.194814 0.166654 0.106218 0.980278
5.360107 -105.731167 1506.183754 -3085.861247 -0.631050 0.775409 0.022754 0.774206 0.631374 -0.044411 0.048803 0.010409 0.998754
9.071175 -96.025738 1010.730714 -3566.106927 -0.620451 0.783986 0.020152 0.748141 0.583986 0.315033 -0.235213 -0.210539 0.948867
9.810192 -101.497131 2384.445764 -4757.250078 -0.626202 0.779651 0.003892 0.770399 0.617988 0.156770 -0.119821 -0.101168 0.987627
-12.679934 -38.013512 -1788.458561 -316.301775 -0.345574 0.930828 -0.118898 -0.813729 -0.234147 0.531997 -0.467359 -0.280595 -0.838357
-8.692856 -36.152102 -1272.540711 1068.004029 -0.317028 0.932521 -0.172908 -0.795016 -0.161887 0.584587 -0.517148 -0.322795 -0.792692
-9.839695 -36.058811 -2003.076469 740.053779 -0.331082 0.930866 -0.154508 -0.773836 -0.174151 0.608974 -0.539966 -0.321184 -0.777996
2.225461 -125.966070 1316.552326 3665.732152 0.973742 0.135391 0.183018 0.189665 -0.927109 -0.323258 -0.125911 -0.349482 0.928444
0.257134 -109.716515 1480.697338 14106.039566 0.968362 0.146668 0.201902 0.241596 -0.753643 -0.611272 -0.062508 -0.640711 0.765233
2.101308 -120.820680 1362.270711 5226.450330 0.967604 0.139574 0.210383 0.221176 -0.870455 -0.439760 -0.121750 -0.472045 0.873127
2.348581 -131.531382 1139.366709 -2808.014855 0.971388 0.141785 0.190534 0.171291 -0.973963 -0.148512 -0.164516 -0.176900 0.970382
5.083928 -127.884973 285.248163 -3884.607231 0.964749 0.136629 0.224928 0.198828 -0.938338 -0.282823 -0.172417 -0.317575 0.932426
8.952495 -116.868625 1546.621201 8916.379482 0.967904 0.111733 0.225115 0.222222 -0.798864 -0.558957 -0.117383 -0.591043 0.798054
-10.521181 -90.487217 -2798.132399 2140.089286 -0.527057 0.849128 0.034538 -0.654380 -0.379575 -0.653995 0.542216 0.367294 -0.755710
-12.392899 -90.185670 -1445.889768 2604.942039 -0.512373 0.858250 0.029670 -0.697867 -0.395993 -0.596800 0.500455 0.326491 -0.801841
-10.626616 -87.528235 -2219.157253 2425.649250 -0.524185 0.850220 0.048540 -0.758835 -0.440454 -0.479760 0.386522 0.288317 -0.876056
-13.074094 -90.397900 151.296248 3103.559290 -0.553092 0.829518 0.077395 -0.720336 -0.429476 -0.544671 0.418575 0.357003 -0.835071
9.561985 -175.078964 -4846.539907 16617.626895 0.955425 0.007085 0.295150 -0.270066 -0.382931 0.883418 -0.119281 0.923750 0.363948
7.428538 -183.005726 -4102.090674 10023.521046 0.975180 0.015692 0.220857 -0.218124 -0.103221 0.970447 -0.038025 0.994535 0.097236
16.519903 -203.769934 -8128.002112 13209.537240 0.966213 0.021303 0.256862 -0.251788 -0.134977 0.958324 -0.055086 0.990620 0.125052
1.929481 -160.127939 -1651.345278 12343.415322 0.968455 0.018824 0.248477 -0.226515 -0.349082 0.909303 -0.103856 0.936903 0.333806
17.456184 -229.729266 -6457.621296 39862.164666 0.953015 0.004547 0.302889 -0.272529 -0.423670 0.863847 -0.132253 0.905805 0.402525
-3.763936 -48.271374 -1436.607754 -539.596208 0.996934 -0.078019 0.005987 0.064521 0.862913 0.501217 0.044271 0.499294 -0.865301
-1.978994 -53.759182 -3396.506491 -485.961383 0.999153 0.008457 0.040283 -0.030888 0.800927 0.597965 0.027206 0.598703 -0.800509
-5.712155 -49.547678 -1171.486014 -560.541665 0.996532 0.019150 0.080975 -0.064513 0.792435 0.606535 0.052552 0.609656 -0.790922
-5.868033 -44.990731 550.105743 -363.889203 0.996557 -0.045925 0.069029 -0.000516 0.829125 0.559063 0.082908 0.557174 -0.826247
-20.817109 -1309.521499 -1254.754812 452195.807993 -0.860270 0.026153 -0.509168 -0.133985 0.951983 0.275274 0.491919 0.305030 -0.815458
-271.040779 -1738.585289 -55275.512997 21337.314111 -0.863116 -0.133864 -0.486941 0.061010 0.929525 -0.363676 0.501308 -0.343603 -0.794121
-39.585776 -1194.193426 -24505.593643 406883.882863 -0.836823 -0.145275 -0.527848 -0.316464 0.915110 0.249847 0.446742 0.376123 -0.811759
-26.855095 -364.096551 3737.793332 86126.903977 0.871415 0.090955 0.482041 -0.400613 0.699057 0.592308 0.283101 0.709257 -0.645607
12.516251 -121.401978 -211.268826 -1066.823017 0.971764 0.171319 0.162249 -0.143554 -0.116463 0.982766 -0.187263 0.978308 0.088580
11.126633 -127.286217 291.422967 912.218454 0.979870 0.141156 0.141171 -0.132213 -0.070995 0.988676 -0.149580 0.987438 0.050903
11.786572 -129.479269 -221.344763 -3400.846839 0.972534 0.161705 0.167417 -0.104682 -0.338555 0.935105 -0.207891 0.926948 0.312329
29.563388 -34.188174 2692.641357 3220.104056 -0.574774 0.717570 0.393354 -0.273349 -0.621439 0.734230 -0.771308 -0.314494 -0.553334
34.538989 -30.496705 7189.044310 2296.579668 -0.518067 0.739893 0.429145 -0.212757 -0.597426 0.773186 -0.828457 -0.309258 -0.466924
32.116585 -30.848649 619.437450 -2739.257717 -0.659334 0.618809 0.427028 0.161568 0.671316 -0.723347 -0.734285 -0.407933 -0.542602
29.724022 -32.738053 -1004.304667 -4890.522949 -0.659999 0.625727 0.415774 0.194438 0.676846 -0.709981 -0.725669 -0.387744 -0.568383
-100.372517 -2504.465489 41470.031919 1041727.188092 0.770250 0.382891 0.510010 -0.027832 0.819131 -0.572931 -0.637134 0.427105 0.641592
168.569299 -9501.182087 -54069.683653 -2762175.719121 0.794854 0.307577 0.523072 -0.327926 0.943030 -0.056210 -0.510561 -0.126850 0.850433
-553.049014 -4617.911724 41873.862551 -1009230.085382 0.913450 -0.090861 0.396677 0.089925 -0.905593 -0.414506 -0.396890 -0.414302 0.819043
-308.299179 -6571.284191 871.376348 1880895.639168 0.770695 0.259058 0.582167 -0.320891 0.947110 0.003353 -0.550508 -0.189396 0.813062
-43.192765 -1473.039326 13496.345074 512338.653115 0.748416 0.218276 0.626283 0.646848 -0.448810 -0.616569 -0.146500 -0.866559 0.477088
-4.253999 -28.036347 -801.347076 -2303.098653 -0.306748 0.923455 0.230514 -0.664163 -0.034200 -0.746805 0.681757 0.382179 -0.623816
-5.115183 -34.045753 -140.665525 -2451.674088 -0.330169 0.919210 0.214571 -0.706019 -0.089609 -0.702501 0.626519 0.383435 -0.678566
-6.331738 -29.477247 -211.729817 -2190.167259 -0.333757 0.917136 0.217870 -0.675673 -0.071588 -0.733717 0.657322 0.392093 -0.643577
-2.307753 -32.449657 -1661.091267 -2432.656987 -0.296795 0.929894 0.217279 -0.691460 -0.052338 -0.720516 0.658632 0.364085 -0.658518
-50.927393 -76.395395 903.170596 4170.113135 0.115420 0.989137 -0.091028 0.855410 -0.145561 -0.497078 0.504928 0.020494 0.862918
-43.666991 -66.539344 554.204511 6641.612902 0.294185 0.900290 -0.320831 0.719242 -0.429604 -0.546014 0.629402 0.070126 0.773909
-36.947692 -54.163767 653.547933 4547.281971 0.425336 0.780999 -0.457306 0.549208 -0.624354 -0.555475 0.719347 0.014893 0.694491
-40.002912 -63.099873 297.420528 1776.645105 -0.114497 0.196267 0.973843 0.878096 -0.438446 0.191604 0.464583 0.877066 -0.122141
-40.470251 -59.640880 -1090.986315 4215.516317 -0.103988 0.342559 0.933724 0.841865 -0.469565 0.266029 0.529575 0.813733 -0.239560
-48.039223 -64.890537 -2835.629191 -6998.626782 0.145586 0.968277 0.203089 0.977382 -0.172589 0.122218 0.153391 0.180702 -0.971503
-55.417568 -77.544139 -1741.559958 -9659.672846 -0.179657 0.957398 0.226082 0.957797 0.117817 0.262191 0.224385 0.263645 -0.938159
-58.322820 -91.021784 -1514.055520 13400.203136 -0.071316 0.970747 0.229269 -0.944095 0.008478 -0.329565 0.321868 0.239955 -0.915873
-19.759879 -43.749669 1482.399894 -1270.527640 0.277723 -0.499269 -0.820731 -0.441214 0.692611 -0.570631 0.853346 0.520596 -0.027931
-21.108323 -40.499815 1478.564471 -2748.335786 0.217952 -0.312598 -0.924543 -0.441009 0.813540 -0.379030 0.870636 0.490342 0.039454
-12.046840 -13.562934 1232.579865 2755.905324 -0.614445 0.776034 0.142230 -0.222240 0.002730 -0.974988 0.757012 0.630686 -0.170788
-12.554025 -19.072743 1256.139608 3121.757166 -0.537002 0.745055 0.395628 -0.344563 0.234359 -0.909039 0.770003 0.624475 -0.130867
-8.614997 -14.261472 2502.127746 987.977344 -0.430520 0.268668 -0.861667 -0.473899 0.745208 0.469133 0.768162 0.610314 -0.193506
16.874889 -34.560479 6566.545469 -1176.480978 -0.304627 0.945659 0.113717 0.555508 0.079414 0.827710 -0.773701 -0.315314 0.549513
3.711205 -33.081959 8583.282497 -826.713893 -0.235512 0.957459 0.166753 0.558268 -0.007170 0.829630 -0.795532 -0.288480 0.532830
4.948270 -35.970754 9794.588547 -828.529825 -0.272468 0.953539 0.128550 0.603829 0.065441 0.794423 -0.749101 -0.294077 0.593605
17.007134 -29.369878 3801.198594 -1862.216948 -0.317243 0.938336 0.137416 0.462616 0.026631 0.886159 -0.827855 -0.344698 0.442538
14.869137 -36.199608 6147.792825 -350.297482 -0.349887 0.932236 0.092279 0.620707 0.156924 0.768178 -0.701642 -0.326054 0.633551
23.516264 -35.213566 439.823931 -1648.457490 -0.404151 0.904429 0.136640 0.527930 0.108655 0.842309 -0.746962 -0.412557 0.521388
4.037257 -54.279981 -795.576599 -1587.076669 0.579360 0.805356 -0.125472 0.659800 -0.553783 -0.507926 0.478546 -0.211486 0.852214
3.824978 -53.055074 -1058.897262 -1569.926193 0.556074 0.824738 -0.102905 0.746488 -0.550036 -0.374455 0.365429 -0.131407 0.921517
47.390181 -84.039728 14667.714440 5519.814344 -0.098978 0.951457 0.291431 -0.748196 0.121929 -0.652179 0.656054 0.282599 -0.699808
29.090901 -86.547299 10752.937266 3640.670895 -0.086578 0.939573 0.331219 -0.795715 0.134831 -0.590473 0.599451 0.314678 -0.735959
-3.249986 -155.742442 -457.550385 11502.553463 0.346290 0.892201 0.289932 0.813739 -0.131885 -0.566071 0.466811 -0.431953 0.771689
99.697203 -1.778918 34607.780872 969.435680 0.885823 -0.458925 0.068592 -0.241461 -0.582118 -0.776425 -0.396249 -0.671213 0.626466
7.680440 -6.312261 3061.055642 -6069.608501 0.720740 -0.664885 -0.196117 -0.562349 -0.395371 -0.726255 -0.405337 -0.633727 0.658856
106.152040 -14.764620 42818.446667 -6722.955184 0.894058 -0.342831 0.288319 -0.062285 -0.732527 -0.677882 -0.443601 -0.588108 0.676275
-16.512226 -87.825661 502.978799 2149.338226 0.190588 0.942117 0.275847 -0.576615 0.334852 -0.745245 0.794476 0.017023 -0.607058
-16.585581 -89.336728 -97.619000 2629.768163 0.182706 0.947646 0.261888 -0.415018 0.315814 -0.853242 0.891279 -0.047205 -0.450991
3.768003 -72.130751 -281.089879 983.833561 0.447512 0.823283 -0.349196 -0.834234 0.524992 0.168635 -0.322160 -0.215845 -0.921750
3.428788 -66.805138 314.644227 1495.055311 0.471766 0.805317 -0.359027 -0.811241 0.555966 0.181080 -0.345434 -0.205830 -0.915592
4.569074 -76.508814 -64.664496 -2736.872953 0.514378 0.777502 -0.361809 0.832413 -0.554108 -0.007312 -0.206167 -0.297413 -0.932224
5.544898 -82.695705 -964.622894 -3392.610109 0.505628 0.784925 -0.358097 0.845201 -0.533952 0.023024 -0.173134 -0.314305 -0.933401
5.728322 -85.906277 150.920311 -3772.877185 0.561731 0.752637 -0.343505 0.826098 -0.532823 0.183468 -0.044942 -0.386829 -0.921056
5.173838 -79.240186 179.537491 -3581.501916 0.561157 0.742925 -0.364919 0.822693 -0.549087 0.147237 -0.090986 -0.382839 -0.919324
-10.268742 -183.739688 3801.442327 147.327167 -0.231651 0.697010 -0.678613 -0.663787 0.396702 0.634046 -0.711144 -0.597331 -0.370770
-9.556350 -198.330871 -390.914310 12046.484579 -0.286773 0.684099 -0.670648 -0.469871 0.509625 0.720766 -0.834855 -0.521815 -0.175292
-8.780944 -170.574859 3443.867757 3271.104019 -0.243209 0.729713 -0.639037 -0.442620 0.502736 0.742526 -0.863097 -0.463439 -0.200716
-6.366455 -170.331639 3247.603821 -34.125298 -0.213224 0.703887 -0.677554 -0.701418 0.372473 0.607682 -0.680110 -0.604820 -0.414298
-17.318954 -37.788847 165.453820 1267.274807 0.885672 0.100932 -0.453209 0.105746 0.906588 0.408553 0.452110 -0.409768 0.792267
11.142785 -41.802209 -3882.396252 805.079936 0.550506 -0.033981 0.834139 0.191443 0.977683 -0.086518 -0.812584 0.207319 0.544726
16.002994 -37.185004 387.400582 2262.105664 0.612026 0.067635 0.787940 0.075774 0.986737 -0.143556 -0.787199 0.147565 0.598783
11.090165 -44.343075 -2376.158058 2235.170958 0.565693 0.121748 0.815579 0.003353 0.988693 -0.149915 -0.824609 0.087541 0.558889
18.752327 -34.777770 -372.063043 110.969862 0.593154 -0.096074 0.799336 0.237201 0.969638 -0.059475 -0.769352 0.224881 0.597934
1.304766 -49.509275 -7173.699004 11.739928 0.501921 -0.021583 0.864644 0.137259 0.989008 -0.054991 -0.853953 0.146282 0.499366
-5.277004 -473.840314 7226.719711 -158773.576638 -0.535244 0.729637 -0.425609 0.715538 0.123870 -0.687503 -0.448908 -0.672522 -0.588384
-57.647878 -1444.267458 -4827.863925 -167624.603953 -0.348837 0.791265 -0.502208 -0.707432 -0.573797 -0.412670 0.614697 -0.211323 -0.759928
-32.432440 -845.627403 8473.738409 -295698.553354 -0.419292 0.717165 -0.556658 0.887495 0.452913 -0.084983 0.191171 -0.529664 -0.826384
2.523685 -89.630657 -2775.802189 3655.946199 -0.141739 0.822863 -0.550278 0.318152 -0.488530 -0.812476 0.937384 0.290231 0.192552
0.564210 -88.219164 -3843.217326 3892.383556 -0.156343 0.831177 -0.533574 0.453977 -0.419301 -0.786188 0.877190 0.365145 0.311781
3.262625 -98.831298 -4167.689941 4223.763043 -0.142700 0.839012 -0.525066 0.534799 -0.381027 -0.754194 0.832843 0.388429 0.394330
-14.733979 -32.961605 707.246840 -656.042994 -0.481657 0.777949 0.403488 0.095411 0.504227 -0.858285 0.871150 0.374902 0.317089
-13.008120 -33.498898 738.931391 -388.305200 -0.512841 0.773750 0.371894 0.127695 0.497133 -0.858226 0.848933 0.392645 0.353755
-14.185173 -31.937294 511.788572 -612.527805 -0.478763 0.806199 0.347605 0.208980 0.489199 -0.846765 0.852709 0.332758 0.402690
-12.549464 -31.366885 -632.542474 195.574805 -0.450481 0.851995 0.266778 0.313311 0.430678 -0.846376 0.836004 0.297692 0.460952
-13.131073 -29.662499 200.269488 -253.015729 -0.421008 0.877028 0.231460 0.357408 0.394931 -0.846339 0.833674 0.273590 0.479726
-15.020937 -30.045261 692.932812 -531.327311 -0.434633 0.851458 0.293451 0.264376 0.432105 -0.862201 0.860930 0.297159 0.412912
-16.155532 -31.524720 714.412919 -591.328712 -0.451145 0.807457 0.380107 0.142757 0.485722 -0.862377 0.880959 0.334794 0.334402
-0.223344 -43.910900 91.129844 -476.831799 0.612447 0.760296 -0.216470 -0.170728 -0.140158 -0.975299 0.771856 -0.634276 -0.043964
1.802248 -42.335536 881.648819 585.004474 0.618145 0.770269 -0.156792 -0.062119 -0.150973 -0.986584 0.783606 -0.619591 0.045475
0.404206 -44.115850 -14.608975 412.028764 0.623285 0.766421 -0.155289 -0.026524 -0.177746 -0.983719 0.781545 -0.617256 0.090458
-18.930829 -30.672222 857.482372 -887.059816 -0.381663 0.862182 0.333130 0.144833 0.411746 -0.899716 0.912884 0.295140 0.282021
-19.493749 -29.160678 -87.529752 -646.338674 -0.313917 0.930320 0.189634 0.237993 0.270457 -0.932852 0.919138 0.247707 0.306311
-30.520116 -233.886233 -6023.575968 86932.788080 0.079959 -0.043168 -0.995863 0.090122 0.995283 -0.035907 0.992716 -0.086878 0.083473
-42.603028 -463.945976 -12838.825315 154066.830038 0.046240 -0.115368 -0.992246 0.324456 0.941187 -0.094312 0.944770 -0.317579 0.080952
-12.920959 -57.914837 -1047.589229 -6130.875767 0.439901 0.857026 -0.268316 0.308483 0.136391 0.941401 -0.843401 0.496894 0.204379
-16.948331 -57.623401 -1518.175831 -5545.774175 0.456995 0.829272 -0.321657 0.353081 0.162786 0.921322 -0.816388 0.534611 0.218408
-11.158287 -57.104241 -914.578733 -2160.325640 0.439154 0.861997 -0.253191 0.250375 0.153230 0.955946 -0.862819 0.483200 0.148530
2.891237 -47.358307 -351.602432 760.808395 0.483926 0.750452 -0.450152 -0.765881 0.612054 0.197016 -0.423369 -0.249422 -0.870946
4.593968 -50.317395 -612.069014 999.786105 0.490208 0.750473 -0.443267 -0.766593 0.613236 0.190465 -0.414766 -0.246438 -0.875921
3.556603 -47.007505 -396.630944 712.533036 0.470530 0.764617 -0.440411 -0.733656 0.616317 0.286186 -0.490256 -0.188451 -0.850962
62.265264 -194.903367 -14914.869867 -89568.940562 0.118476 0.988003 0.099062 0.678300 -0.153388 0.718597 -0.725171 0.017943 0.688335
51.212958 -149.797336 -40623.166759 -53681.972542 0.048009 0.932214 0.358709 0.767314 -0.264335 0.584258 -0.639472 -0.247193 0.727991
-52.470849 -57.396935 1337.593674 -4753.532470 -0.385016 0.293664 0.874942 0.563385 0.825678 -0.029214 -0.731000 0.481682 -0.483345
-45.862404 -51.812504 -3436.932086 615.650732 0.271210 0.921757 0.277145 -0.583439 -0.071575 0.808997 -0.765535 0.381106 -0.518377
-48.392181 -54.308730 1223.497096 -2575.364306 -0.442688 0.014900 0.896552 0.454162 0.865849 0.209860 -0.773152 0.500083 -0.390068
-51.355005 -57.249604 -4411.625282 2606.540759 -0.020624 0.813935 0.580590 -0.748906 -0.397297 0.530372 -0.662355 0.423869 -0.617755
-49.647741 -61.451619 3653.246687 -3460.830856 -0.402126 0.068581 0.913012 0.585234 0.786140 0.198708 -0.704128 0.614232 -0.356263
-53.101234 -61.407816 3838.258785 -3660.591631 -0.542185 0.027836 0.839798 0.508297 0.806708 0.301424 -0.669081 0.590294 -0.451534
-54.574266 -58.797908 646.379184 -5051.915105 -0.455724 0.311121 0.833978 0.608636 0.792591 0.036906 -0.649521 0.524408 -0.550562
-3.045653 -25.263409 2394.101128 -3483.097956 -0.288195 0.952885 -0.094626 -0.318099 -0.002060 0.948055 -0.903193 -0.303326 -0.303705
0.187289 -21.378695 2422.567459 -1968.097982 -0.314980 0.948973 -0.015427 -0.312264 -0.088269 0.945886 -0.896258 -0.302753 -0.324133
-5.836649 -19.199032 521.981329 -2277.041937 -0.299167 0.947946 -0.109073 -0.367417 -0.008945 0.930013 -0.880627 -0.318304 -0.350967
-8.725381 -23.085447 752.625549 -3562.395898 -0.315033 0.944021 -0.097866 -0.338767 -0.015525 0.940742 -0.886561 -0.329519 -0.324694
-7.120589 -16.481107 434.050381 -2109.486174 -0.342232 0.939252 -0.026124 -0.352266 -0.102480 0.930272 -0.871083 -0.327571 -0.365938
-5.439113 -16.204897 -256.567373 -150.745017 -0.367133 0.929078 0.045030 -0.341203 -0.179549 0.922682 -0.865329 -0.323383 -0.382923
-7.701477 -15.999059 -618.201243 -199.093743 -0.066333 0.843694 0.532710 -0.638758 0.374244 -0.672257 0.766543 0.384866 -0.514091
-7.355347 -18.799422 -214.743957 -1305.933686 -0.229064 0.908531 0.349429 -0.631546 0.134455 -0.763592 0.740729 0.395592 -0.542980
-9.393745 -18.724441 -451.529404 -1867.179510 -0.298249 0.910428 0.286650 -0.614323 0.046752 -0.787669 0.730517 0.411017 -0.545353
-12.922563 -19.654498 -700.542147 -812.337536 -0.508968 0.860780 -0.002971 -0.463566 -0.277005 -0.841650 0.725299 0.426996 -0.540016
0.653510 -35.491505 95.756138 5130.512389 -0.372057 0.837951 0.399264 -0.195047 -0.491119 0.848975 -0.907486 -0.237992 -0.346164
-3.880731 -36.689623 1985.230608 1863.899549 -0.359902 0.809770 0.463403 -0.264640 -0.564889 0.781579 -0.894671 -0.158656 -0.417603
12.967186 -90.870791 403.527414 -6424.742763 -0.620844 0.783363 0.029911 -0.696654 -0.533823 -0.479277 0.359480 0.318394 -0.877154
13.664257 -89.319959 -115.081519 4960.468988 -0.581122 0.811743 0.058049 -0.679621 -0.444823 -0.583308 0.447675 0.378424 -0.810174
14.014641 -94.878012 1207.062718 -131.126995 -0.630235 0.770855 0.092662 0.672641 0.482498 0.561025 0.387760 0.415906 -0.822596
14.935973 -99.004391 -473.252008 6539.025559 -0.599454 0.795454 0.088928 -0.615092 -0.386718 -0.687103 0.512169 0.466586 -0.721097
12.863477 -105.451656 538.036838 -6625.958262 0.622579 -0.772416 -0.125574 0.778498 0.595001 0.199787 -0.079602 -0.222142 0.971759
17.213580 -114.328428 -1281.544643 1075.209940 -0.666683 0.731686 0.142017 0.710912 0.681479 -0.173754 0.223915 0.014877 0.974495
-3.027644 -69.651572 2990.597186 -12740.529929 0.617158 -0.750456 -0.236501 0.758791 0.488101 0.431269 -0.208212 -0.445616 0.870675
-6.687148 -78.023957 1650.821296 -10428.053116 0.616252 -0.759553 -0.208116 0.771827 0.529943 0.351344 -0.156575 -0.377146 0.912822
-6.562824 -56.544111 899.348895 -9752.428867 0.665184 -0.726057 -0.174273 0.690724 0.509692 0.512947 -0.283603 -0.461579 0.840544
-2.142983 -94.066473 3224.502008 -12995.867883 0.579763 -0.771375 -0.262403 0.810909 0.514887 0.278061 -0.079381 -0.373994 0.924027
-2.596376 -53.036754 2271.172836 -10205.738294 0.662439 -0.721056 -0.203107 0.686420 0.475680 0.550051 -0.300004 -0.503792 0.810056
1.069903 -73.561850 3276.380465 -11805.011103 0.614958 -0.748831 -0.247142 0.761423 0.482365 0.433081 -0.205091 -0.454506 0.866811
-16.864645 -43.475712 1955.357530 1333.503872 -0.480476 0.867609 0.128052 -0.769935 -0.487208 0.412102 -0.419932 -0.099413 -0.902094
-17.354444 -43.188429 1563.723734 -7.197981 -0.441022 0.888736 0.125091 -0.849439 -0.458330 0.261508 -0.289745 -0.009073 -0.957061
-18.282593 -43.902477 979.148320 1868.001047 -0.445885 0.892386 0.069533 -0.800634 -0.432360 0.414790 -0.400216 -0.129278 -0.907257
0.834938 -116.352370 -5.869119 8887.779910 0.971663 0.120615 0.203279 0.204187 -0.861545 -0.464810 -0.119070 -0.493145 0.861760
-1.232231 -98.768923 -740.651218 14585.830746 0.968466 0.112899 0.222096 0.234291 -0.715885 -0.657736 -0.084738 -0.689030 0.719762
-3.299744 -86.889730 777.496619 13129.343840 0.967447 0.147322 0.205775 0.252680 -0.607750 -0.752857 -0.014147 -0.780344 0.625191
-0.568398 -89.741806 1971.241360 15174.116158 0.959565 0.169867 0.224456 0.281474 -0.586810 -0.759227 -0.002745 -0.791706 0.610896
14.272517 -197.812292 -4097.805110 -12377.774171 0.981675 -0.005139 0.190495 -0.183467 0.244784 0.952061 0.051523 0.969564 -0.239355
2.173189 -161.708870 -308.513512 4348.377301 0.979473 0.021476 0.200429 -0.197500 -0.096705 0.975521 -0.040332 0.995081 0.090478
8.755527 -168.278868 -2476.789955 -5316.815232 0.984312 0.017453 0.175573 -0.175655 0.190549 0.965834 0.016599 0.981522 -0.190626
0.912993 -53.863007 -2759.515612 -577.173484 0.996133 -0.087146 -0.011136 0.082394 0.882699 0.462660 0.030490 0.461789 -0.886466
2.862801 -58.307533 -2178.481683 -691.993628 0.998796 -0.020464 0.044596 -0.009693 0.808674 0.588177 0.048099 0.587901 -0.807502
5.359085 -329.504985 -272.920588 64887.846519 0.906764 0.150431 0.393889 -0.421620 0.332031 0.843796 0.003851 0.931196 -0.364498
23.232170 -316.260843 -167.837275 46300.208861 0.903993 0.139323 0.404211 -0.390912 0.652242 0.649437 0.173162 0.745097 -0.644085
11.967067 -282.301745 3038.425191 41280.720963 0.872139 0.130130 0.471635 -0.476331 0.445958 0.757780 0.111720 0.885544 -0.450922
5.084931 -337.655636 6769.159578 86449.165000 0.850769 0.072986 0.520447 -0.445553 0.625346 0.640644 0.278701 0.776927 -0.564545
-1.315115 -247.085999 6889.437574 56517.886686 0.847887 0.096838 0.521257 -0.520241 0.341410 0.782808 0.102157 0.934913 -0.339856
-1.384053 -239.660157 3889.290402 34114.920991 0.881021 0.077608 0.466669 -0.473074 0.140470 0.869752 -0.001947 0.987039 -0.160471
1.191631 -287.011715 -1322.533557 41430.970132 0.909257 0.125450 0.396879 -0.410594 0.113897 0.904677 -0.068289 0.985540 -0.155071
12.100470 -119.925006 1301.752811 -2369.489130 0.979335 0.141224 0.144769 -0.160719 0.108926 0.980971 -0.122767 0.983967 -0.129372
10.245021 -120.626028 451.692597 -1306.200650 0.981064 0.140779 0.133022 -0.160042 0.202406 0.966136 -0.109087 0.969130 -0.221104
31.623514 -25.293604 10283.025812 1735.902307 -0.442334 0.796441 0.412336 -0.210391 -0.539080 0.815554 -0.871823 -0.273995 -0.406018
15.360203 -29.265399 7078.304538 2070.368057 -0.428997 0.814144 0.391319 -0.287131 -0.533644 0.795475 -0.856457 -0.228896 -0.462697
1.886714 -29.493008 3010.065797 3244.569501 -0.415976 0.861441 0.291348 -0.321084 -0.438879 0.839220 -0.850805 -0.255548 -0.459158
1.525543 -35.354101 3248.086962 2631.463664 -0.413905 0.855413 0.311370 -0.366176 -0.469603 0.803361 -0.833425 -0.218499 -0.507603
8.612080 -35.902990 6548.507901 2224.055774 -0.406873 0.838631 0.362150 -0.364665 -0.512604 0.777339 -0.837540 -0.184215 -0.514384
-11.311474 -33.503651 -373.537751 245.017227 -0.240567 0.930242 0.277089 -0.806158 -0.032495 -0.590808 0.540590 0.365506 -0.757739
-13.025085 -33.330294 -742.133973 436.563914 -0.332963 0.913947 0.232029 -0.766144 -0.118769 -0.631599 0.549690 0.388066 -0.739760
-14.256523 -34.424400 -906.394973 139.537096 -0.250874 0.927801 0.276128 -0.759290 -0.011666 -0.650648 0.600451 0.372892 -0.707397
-13.359107 -35.247873 152.293168 297.660238 -0.168058 0.934375 0.314165 -0.786616 0.064969 -0.614015 0.594131 0.350317 -0.724076
-1315.011141 -2626.038194 -8590.551841 799613.450797 -0.249288 -0.359151 -0.899370 0.967760 -0.057873 -0.245134 0.035991 -0.931484 0.361999
2227.817918 -36752.635852 -974064.203817 17546406.310444 0.800728 0.242077 0.547936 -0.345166 0.934046 0.091750 -0.489587 -0.262595 0.831473
-212.857571 -706.545354 71146.637655 495632.763493 0.963774 0.148575 0.221506 0.071996 0.654737 -0.752420 0.256819 -0.741111 -0.620322
202.343731 -15285.757824 40685.433391 6162041.452341 0.768650 -0.044504 0.638120 0.626201 0.255981 -0.736441 0.130572 -0.965657 -0.224628
-667.686564 -11517.601828 50963.599422 7540063.855099 0.994917 -0.007745 0.100397 0.093991 0.429141 -0.898334 0.036127 -0.903204 -0.427688
-211.222713 -373.104108 46968.420018 36277.413877 -0.126205 0.958656 0.255051 0.305486 0.282171 -0.909427 0.943796 0.036860 0.328467
