13508
26993
-32.201191 -52.752771 -622.965012 5076.818343 0.965730 0.127749 0.225934 -0.055184 0.951643 -0.302208 0.253616 -0.279383 -0.926080
-37.504353 -58.086942 1061.608878 3454.348244 0.920969 0.335187 0.198660 -0.217568 0.865364 -0.451452 0.323234 -0.372551 -0.869900
-43.991528 -69.239307 779.062847 6761.128753 0.931464 -0.076481 0.355703 0.220651 0.896093 -0.385136 0.289288 -0.437227 -0.851555
-28.688240 -45.438115 79.893710 3297.987481 -0.796640 -0.594445 -0.109544 -0.523790 0.769346 -0.365720 0.301677 -0.233969 -0.924256
-33.728141 -70.108130 -1818.139314 10203.402906 0.938166 -0.174273 0.299122 0.262441 0.921519 -0.286228 0.225765 -0.347031 -0.910274
-20.547184 -56.403055 -4240.774593 9094.414108 0.986872 -0.034324 0.157817 0.064953 0.978999 -0.193243 0.147870 -0.200956 -0.968375
-27.264939 -38.553360 180.904321 3811.892277 -0.898529 -0.421977 -0.120751 -0.386979 0.891454 -0.235705 0.207106 -0.165059 -0.964294
25.552572 -26.288214 -10041.341799 1274.410038 0.288139 0.301116 -0.909013 0.804164 -0.591475 0.058974 -0.519900 -0.747988 -0.412574
-3.920814 -42.102664 -8062.240911 -2080.206558 -0.018586 0.441555 -0.897042 0.872205 -0.431454 -0.230448 -0.488788 -0.786687 -0.377107
5.563845 -36.655986 -4946.013463 -3554.340870 -0.126275 0.502805 -0.855127 0.904362 -0.295897 -0.307529 -0.407657 -0.812177 -0.417354
16.890714 -37.889981 -14801.217402 938.751430 0.237000 0.237223 -0.942102 0.749374 -0.661785 0.021877 -0.618280 -0.711172 -0.334612
19.964333 -19.204045 -3487.661636 -470.882689 0.157111 0.447325 -0.880464 0.882206 -0.464282 -0.078459 -0.443880 -0.764423 -0.467577
58.973922 -23.180101 -11103.354251 2091.769803 0.518931 0.237023 -0.821298 0.678065 -0.699185 0.226648 -0.520518 -0.674508 -0.523545
49.033069 -31.192724 -15528.146566 1854.101874 0.392773 0.199916 -0.897643 0.694039 -0.704830 0.146710 -0.603356 -0.680623 -0.415588
40.378748 -15.436596 -9516.144169 2422.159498 0.466704 0.274669 -0.840681 0.746152 -0.632602 0.207541 -0.474811 -0.724135 -0.500183
14.313490 -41.985366 -789.377827 607.455159 0.850074 0.493395 0.184215 0.080260 -0.467054 0.880579 -0.520512 0.733772 0.436630
15.817847 -41.216879 -3383.481185 954.647375 0.828593 0.496307 0.259063 0.093818 -0.579284 0.809709 -0.551935 0.646614 0.526553
8.800013 -42.519599 -4067.021082 563.542826 0.818005 0.493976 0.294712 -0.009116 -0.501158 0.865308 -0.575139 0.710513 0.405447
19.341009 -39.764681 -229.136284 1304.179984 0.861065 0.493673 0.121876 0.206370 -0.558325 0.803545 -0.464735 0.666753 0.582634
4.510232 -43.123713 -1363.791131 153.183256 0.841967 0.487608 0.230932 -0.032276 -0.381738 0.923707 -0.538563 0.785184 0.305673
6.982621 -42.686715 692.991601 340.067981 0.866663 0.487459 0.106203 0.072918 -0.334359 0.939621 -0.493537 0.806590 0.325321
15.251590 -41.483500 2194.106666 343.354470 0.875261 0.480144 0.058128 0.166836 -0.412543 0.895530 -0.453964 0.774125 0.441188
-7.221305 -39.681909 -2.009128 -228.250295 0.942338 0.182894 -0.280266 -0.270993 -0.074385 -0.959703 0.196372 -0.980314 0.020533
-7.093662 -40.374252 242.629947 194.790958 0.932438 0.201709 -0.299787 -0.310032 0.020512 -0.950505 0.185576 -0.979231 -0.081663
-7.227133 -40.156310 239.620128 186.380967 0.932608 0.210108 -0.293425 -0.278755 -0.097014 -0.955450 0.229214 -0.972853 0.031908
-7.826354 -43.002300 9.292880 840.736538 0.928651 0.207189 -0.307701 -0.266256 -0.205276 -0.941791 0.258292 -0.956522 0.135465
-7.276994 -41.122298 43.955462 153.124105 0.938999 0.190369 -0.286426 -0.254231 -0.176663 -0.950872 0.231617 -0.965686 0.117489
-8.778074 -42.602421 -452.403935 1104.919494 0.920934 0.219758 -0.321848 -0.296884 -0.139398 -0.944684 0.252467 -0.965544 0.063134
0.202135 -47.911213 -319.791663 2475.798313 -0.807912 -0.209986 0.550622 -0.125864 0.974287 0.186879 -0.575706 0.081678 -0.813567
0.817839 -42.078729 -622.654021 981.770322 -0.805033 -0.243717 0.540855 -0.085632 0.949904 0.300582 -0.587018 0.195664 -0.785574
0.910485 -44.691436 -399.481449 2328.481942 -0.803433 -0.229990 0.549181 -0.121515 0.966307 0.226904 -0.582863 0.115569 -0.804310
0.465991 -49.696811 303.756551 4325.056227 -0.797315 -0.217775 0.562905 -0.154853 0.975229 0.157955 -0.583360 0.038773 -0.811288
-0.373970 -54.775410 -27.492790 3593.100806 -0.806300 -0.184362 0.562041 -0.170919 0.982271 0.077008 -0.566274 -0.033972 -0.823516
10.304979 -65.793727 63.869646 -4442.467798 -0.922807 -0.104117 0.370927 -0.092188 0.994495 0.049802 -0.374071 0.011763 -0.927325
10.402004 -79.543855 112.134437 -5586.349417 -0.915637 -0.103839 0.388364 -0.001238 0.966787 0.255579 -0.402004 0.233537 -0.885355
10.429309 -72.138251 264.103095 -8854.654792 -0.898065 -0.115546 0.424416 -0.078614 0.991509 0.103589 -0.432781 0.059665 -0.899522
10.443194 -68.269215 -472.463189 -1286.660511 -0.934524 -0.108203 0.339053 -0.069464 0.989796 0.124416 -0.349055 0.092717 -0.932504
9.666116 -60.453419 -770.288492 -4082.979181 -0.919085 -0.104055 0.380073 -0.122497 0.992164 -0.024588 -0.374536 -0.069156 -0.924630
11.221745 -68.313814 58.623078 1372.509196 -0.941408 -0.056533 0.332498 -0.095502 0.990185 -0.102040 -0.323466 -0.127816 -0.937568
9.773696 -61.620680 18.131586 1895.454098 -0.932158 -0.037275 0.360128 -0.076774 0.992416 -0.096004 -0.353818 -0.117139 -0.927950
1.140754 -125.554488 -451.248169 -526.719501 0.891521 0.399393 -0.213716 0.452969 -0.782973 0.426348 -0.002947 0.476905 0.878950
0.147363 -123.324828 -228.088661 -373.304810 0.852705 0.454152 -0.258147 0.501112 -0.571509 0.649819 -0.147583 0.683465 0.714909
1.078534 -150.439839 -565.491190 -1197.190907 0.868345 0.429257 -0.248426 0.492012 -0.682494 0.540486 -0.062458 0.591557 0.803840
-0.372077 -145.723821 -515.354390 -299.452636 0.830635 0.471259 -0.296582 0.503686 -0.408855 0.761011 -0.237375 0.781506 0.576976
2.555964 -152.124902 -1433.484820 -5319.164597 0.907482 0.372524 -0.194170 0.414519 -0.869087 0.269931 0.068194 0.325444 0.943099
2.301069 -169.772089 62.967887 -1600.006118 0.894463 0.379523 -0.236430 0.433126 -0.866752 0.247273 0.111080 0.323580 0.939658
1.959093 -169.559492 -401.837873 -2395.034258 0.856896 0.442587 -0.264283 0.510435 -0.656883 0.554942 -0.072007 0.610427 0.788792
1.008914 -159.126805 -377.351452 2164.374452 0.830104 0.467506 -0.303917 0.522886 -0.463307 0.715498 -0.193693 0.752851 0.629045
-3.123930 -58.975496 -53.324278 1111.481059 0.860160 0.118174 -0.496146 -0.509867 0.175024 -0.842260 0.012695 -0.977446 -0.210801
-3.198487 -57.179730 -552.888808 606.796663 0.860414 0.112393 -0.497046 -0.509571 0.199189 -0.837055 -0.004927 -0.973495 -0.228657
-2.730677 -54.927413 85.983782 -1168.170658 0.864609 0.126161 -0.486348 -0.493838 0.034990 -0.868850 0.092597 -0.991393 -0.092555
-0.459802 -62.340017 416.513746 4432.877934 0.899852 0.248765 -0.358304 -0.324280 -0.167860 -0.930949 0.291732 -0.953907 0.070379
-1.858287 -70.018863 28.785151 6021.533311 0.909649 0.247332 -0.333716 -0.269639 -0.259523 -0.927331 0.315966 -0.933528 0.169384
-0.570607 -59.641256 167.978086 3339.872003 0.903702 0.243124 -0.352440 -0.335572 -0.109056 -0.935680 0.265922 -0.963845 0.016969
-10.588759 -34.889875 -598.944884 3253.974028 0.867918 0.385359 -0.313395 0.017331 0.607066 0.794462 -0.496405 0.694960 -0.520205
-12.131862 -32.774836 -726.740724 1171.290137 0.884882 0.369133 -0.284121 0.002142 0.606713 0.794918 -0.465810 0.704017 -0.536079
-11.431181 -36.069551 -276.867475 3668.329395 0.886723 0.336240 -0.317278 0.020262 0.657376 0.753291 -0.461857 0.674389 -0.576097
-7.693711 -149.194100 436.553154 -16961.208932 0.117389 0.429190 -0.895553 0.491588 0.758439 0.427915 0.862879 -0.490476 -0.121953
-5.744738 -146.761799 318.674878 -17137.378555 0.110284 0.431684 -0.895258 0.560999 0.716510 0.414601 0.820437 -0.547962 -0.163155
-4.404266 -180.315072 209.406129 -21026.563194 0.092260 0.441653 -0.892430 0.270406 0.851459 0.449331 0.958315 -0.282774 -0.040870
-3.540193 -158.275296 817.826803 -17568.466606 0.071741 0.443708 -0.893295 0.399786 0.807722 0.433309 0.913797 -0.388213 -0.119441
-1.048041 -110.083463 -1434.773668 243.513872 -0.136433 -0.497249 0.856813 -0.723269 0.641024 0.256848 -0.676955 -0.584664 -0.447102
0.624599 -113.544819 -1296.124851 4079.300327 -0.111820 -0.512187 0.851564 -0.758811 0.597325 0.259631 -0.641640 -0.617144 -0.455446
-1.452013 -110.238823 1315.899383 -1205.753763 0.081439 0.527757 -0.845482 0.881740 -0.433629 -0.185744 -0.464654 -0.730368 -0.500659
-3.122478 -101.761562 741.678912 59.181782 0.108533 0.502889 -0.857510 0.850189 -0.493985 -0.182093 -0.515170 -0.709282 -0.481164
-7.304833 -83.558380 760.257618 -1638.772522 0.092726 -0.527105 0.844726 0.818500 -0.442739 -0.366115 0.566974 0.725357 0.390382
-2.788179 -73.451858 1984.632855 -1721.631748 0.043964 -0.537870 0.841881 0.918071 -0.310568 -0.246362 0.393972 0.783737 0.480149
-0.207601 -74.113798 2596.757564 -1649.474490 0.070447 -0.561137 0.824719 0.837288 -0.416133 -0.354657 0.542204 0.715512 0.440518
55.499592 -350.422570 -3045.046415 -21998.119449 0.060839 0.137561 -0.988623 0.866653 -0.498654 -0.016051 -0.495189 -0.855816 -0.149555
35.942481 -331.184720 -13423.976835 -69053.467151 -0.009619 -0.067697 -0.997660 0.724580 -0.688047 0.039702 -0.689124 -0.722502 0.055670
51.219320 -499.842432 -10727.437966 -93292.019343 0.022458 -0.134741 -0.990626 0.973354 -0.223234 0.052430 -0.228206 -0.965407 0.126137
44.647509 -1339.590427 -4435.267950 84198.586829 0.135725 0.016365 -0.990611 0.874530 0.467898 0.127550 0.465593 -0.883631 0.049194
49.340445 -685.665182 5563.868048 -140159.567997 -0.010800 0.130881 -0.991339 0.999227 0.038899 -0.005750 0.037809 -0.990635 -0.131199
-2.071480 -14.043441 -220.256202 -1160.837291 -0.197110 -0.746259 0.635803 0.979943 -0.130580 0.150534 -0.029314 0.652723 0.757030
-4.541800 -16.752089 -412.397243 -1402.673276 -0.092227 -0.768664 0.632969 0.995720 -0.067429 0.063199 -0.005898 0.636089 0.771593
-2.875386 -24.191852 -632.462306 -4374.376412 0.060864 -0.765733 0.640272 0.997963 0.058973 -0.024337 -0.019123 0.640449 0.767763
-0.264682 -13.961960 339.187957 134.109209 -0.402921 -0.703588 0.585336 0.914906 -0.292512 0.278177 -0.024504 0.647611 0.761577
-2.033856 -10.093210 -79.607325 13.386511 -0.178283 -0.747287 0.640139 0.982745 -0.102647 0.153872 -0.049278 0.656526 0.752692
-12.852162 -27.572783 390.106935 973.524862 0.714244 0.090898 -0.693969 0.654260 -0.438893 0.615887 0.248595 0.893930 0.372947
-11.532161 -26.486136 365.436068 1350.981366 0.696310 0.060949 -0.715149 0.656679 -0.456266 0.600495 0.289698 0.887754 0.357726
-11.761723 -28.732837 -399.678520 553.594022 -0.683738 -0.079060 0.725433 0.692680 -0.383046 0.611122 0.229559 0.920340 0.316666
-237.252226 -348.904653 -44441.347137 -46477.692928 0.085974 0.907878 0.410324 0.516673 -0.392768 0.760777 -0.851855 -0.146596 0.502844
-182.890718 -258.829161 -24740.310968 -24543.130431 0.309162 0.893261 0.326349 0.765296 -0.437401 0.472233 -0.564572 -0.103757 0.818836
-224.025342 -302.314746 -30547.223479 -14986.663981 0.494497 0.764544 0.413455 0.409142 -0.624437 0.665343 -0.766861 0.159849 0.621589
-187.480516 -431.478503 -38140.208976 -95596.523549 0.301055 0.457165 0.836879 -0.144515 0.889329 -0.433830 -0.942593 0.009665 0.333805
-0.084978 -48.136103 332.223180 3921.303119 -0.798898 -0.226488 0.557194 -0.167323 0.973513 0.155807 -0.577724 0.031242 -0.815634
0.467381 -42.179903 146.975692 1540.055301 -0.791512 -0.264247 0.551073 -0.149163 0.957953 0.245107 -0.592671 0.111805 -0.797647
-0.716086 -45.131757 338.714056 3203.244383 -0.787764 -0.263203 0.556914 -0.186856 0.963620 0.191105 -0.586953 0.046483 -0.808286
-10.848124 -20.968466 51.185457 -3085.354464 0.762686 0.446901 -0.467536 -0.644064 0.590832 -0.485900 -0.059086 -0.671712 -0.738452
-10.231664 -17.348379 578.510569 -357.618465 0.753189 0.456395 -0.473719 -0.656030 0.574024 -0.490022 -0.048282 -0.679853 -0.731757
-11.920200 -21.475796 -223.576447 -2354.067287 0.730582 0.456627 -0.507683 -0.677705 0.575778 -0.457379 -0.083461 -0.678212 -0.730111
-3.654777 -18.025123 3051.236277 -1150.363532 0.859033 0.374075 -0.349470 -0.511785 0.643241 -0.569489 -0.011762 -0.668063 -0.744012
-3.328775 -21.171196 3353.161231 -2868.665847 0.853930 0.388351 -0.346392 -0.520075 0.659978 -0.542172 -0.018058 -0.643127 -0.765547
-44.752232 -48.467423 -886.070930 149.374195 0.871580 -0.450645 0.193047 -0.441033 -0.548767 0.710172 0.214098 0.704112 0.677044
-46.607074 -52.847759 130.461610 -1468.238845 0.540007 -0.728622 0.421311 0.762002 0.210667 -0.612350 0.357416 0.651713 0.668972
-46.785073 -52.577737 -543.180559 2897.244496 0.808326 -0.508171 0.297273 -0.525502 -0.395122 0.753476 0.265435 0.765272 0.586432
-42.482124 -47.848140 -1711.654581 700.604027 0.977380 -0.203342 0.058135 -0.169721 -0.590130 0.789266 0.126184 0.781280 0.611293
-44.007270 -52.504219 -1668.964759 2596.034761 0.949170 -0.253576 0.186483 -0.288369 -0.463050 0.838110 0.126173 0.849284 0.512637
-36.040373 -56.695233 -2835.053696 2605.740873 -0.642110 -0.254725 -0.723056 0.675566 0.257806 -0.690758 0.362361 -0.932015 0.006544
-32.214571 -57.470395 -2767.999966 2981.268013 -0.503054 -0.277740 -0.818411 0.810387 0.177501 -0.558360 0.300347 -0.944116 0.135784
-40.608309 -66.127679 -1974.276119 3173.711526 -0.444269 -0.151198 -0.883043 0.874074 0.143058 -0.464252 0.196520 -0.978097 0.068602
-25.324851 -48.710358 3343.396871 1584.920146 0.683806 0.390146 0.616600 0.584500 0.212952 -0.782950 0.436771 -0.895789 0.082423
-45.435200 -65.752876 -2044.351421 3526.740457 -0.538092 -0.062436 -0.840571 0.804084 0.261071 -0.534126 0.252797 -0.963298 -0.090277
-36.424304 -54.634664 3576.344309 1044.008403 0.779482 0.278699 0.561013 0.471574 0.328445 -0.818378 0.412343 -0.902469 -0.124590
-26.847625 -49.492486 4077.845835 412.132786 0.779635 0.399985 0.481852 0.416229 0.243918 -0.875932 0.467892 -0.883468 -0.023682
-16.974451 -43.263695 -1741.619212 533.149794 0.967546 0.065316 -0.244108 -0.109618 -0.761906 -0.638344 0.227681 -0.644385 0.730020
-20.094027 -42.597654 -1883.606349 -207.194922 0.969645 0.118220 -0.214039 -0.016260 -0.842241 -0.538855 0.243976 -0.525979 0.814753
-14.072094 -42.871157 -2944.416299 477.373476 0.983922 0.105828 -0.143864 -0.001397 -0.800945 -0.598736 0.178591 -0.589311 0.787920
9.280694 -39.363431 -4395.338743 2447.543620 0.796348 0.238533 -0.555817 -0.537329 -0.142886 -0.831180 0.277683 -0.960565 -0.014384
4.209956 -43.727033 -2591.444467 1619.950382 0.812650 0.282135 -0.509901 -0.448050 -0.256994 -0.856274 0.372627 -0.924313 0.082436
19.613788 -40.915354 -6202.704770 3647.990756 0.857680 0.278222 -0.432410 -0.419682 -0.107083 -0.901333 0.297074 -0.954529 -0.024922
26.395240 -35.210869 -10319.651718 2254.917475 0.852523 0.215564 -0.476168 -0.481603 -0.030084 -0.875873 0.203132 -0.976026 -0.078169
-11.626065 -47.180750 1344.032633 1232.135031 -0.675502 -0.400473 -0.619127 0.695640 -0.624545 -0.355005 -0.244503 -0.670496 0.700466
-13.690805 -48.254271 669.971128 1719.797719 -0.678217 -0.449022 -0.581722 0.706056 -0.617629 -0.346438 -0.203731 -0.645689 0.735921
-12.378482 -44.750706 1912.629718 700.880361 -0.654250 -0.410455 -0.635203 0.667424 -0.708365 -0.229706 -0.355672 -0.574235 0.737395
-9.548496 -45.721254 926.442420 645.266696 -0.660256 -0.398070 -0.636870 0.668143 -0.698596 -0.256026 -0.342998 -0.594563 0.727219
-10.001590 -44.092125 -1476.297130 1442.704830 0.643097 0.416952 0.642321 -0.607867 0.788088 0.097027 -0.465750 -0.452844 0.760269
-12.825612 -44.435811 -1789.660346 2484.127494 0.632281 0.455563 0.626644 -0.628232 0.774817 0.070600 -0.453372 -0.438316 0.776101
1.101115 -81.388316 1816.207130 -3714.967374 0.716709 0.490891 0.495333 -0.433983 0.869947 -0.234205 -0.545883 -0.047109 0.836536
0.817205 -82.943039 -397.846175 -8488.008424 0.712260 0.466164 0.524764 -0.487273 0.866500 -0.108365 -0.505224 -0.178519 0.844322
-0.214067 -77.385980 1483.656064 -7420.618179 0.729231 0.463417 0.503455 -0.535793 0.844349 -0.001131 -0.425616 -0.268923 0.864021
2.807442 -75.275402 1275.288669 -6553.164603 0.712497 0.472181 0.519032 -0.532579 0.845522 -0.038107 -0.456846 -0.249274 0.853905
0.714989 -92.778974 621.750242 8793.025629 -0.690383 -0.330084 -0.643752 0.175104 0.787141 -0.591395 0.701933 -0.521013 -0.485629
1.178623 -83.313891 156.267151 7064.050650 -0.679628 -0.344785 -0.647479 0.078144 0.843605 -0.531248 0.729383 -0.411648 -0.546395
0.866058 -72.881850 656.052458 7222.991926 -0.695251 -0.349398 -0.628130 0.003795 0.872103 -0.489308 0.718757 -0.342575 -0.605004
0.662808 -64.703554 454.604108 4590.873710 -0.687862 -0.368470 -0.625361 -0.101156 0.901823 -0.420099 0.718758 -0.225711 -0.657602
1.255287 -73.360121 480.459334 6435.159019 -0.689686 -0.345050 -0.636611 0.035663 0.861912 -0.505802 0.723230 -0.371548 -0.582143
0.588033 -58.758887 311.759403 3695.678680 -0.687022 -0.369863 -0.625461 -0.113350 0.904776 -0.410528 0.717741 -0.211145 -0.663525
-0.032648 -46.309692 -277.913365 390.573870 0.775729 0.548964 0.311261 -0.618499 0.759309 0.202257 0.125312 0.349411 -0.928552
0.052347 -44.312817 -578.814046 -682.330456 0.787938 0.535743 0.303535 -0.614475 0.715888 0.331549 0.039672 0.447755 -0.893276
-1.027308 -44.590181 -274.883282 -676.565719 0.776888 0.543967 0.317088 -0.623127 0.736481 0.263267 0.090321 0.402114 -0.911124
-0.769631 -46.847885 -373.629594 599.140286 0.772294 0.550950 0.316254 -0.612267 0.778282 0.139304 0.169385 0.301216 -0.938391
-16.359834 -37.899875 206.386799 335.734862 0.662350 0.524464 0.535005 0.641337 -0.027783 -0.766756 0.387272 -0.850979 0.354760
-16.801930 -41.021416 1501.348173 -1655.997513 -0.623809 -0.469312 -0.624987 0.737360 -0.088237 -0.669712 0.259157 -0.878613 0.401096
-14.744659 -37.389988 -1806.347847 749.284065 0.672845 0.450405 0.586869 0.645157 0.030947 -0.763423 0.362011 -0.892288 0.269760
-13.879300 -38.073374 505.950285 1494.216235 0.685348 0.528580 0.500900 0.548657 0.077477 -0.832450 0.478825 -0.845340 0.236911
-14.858748 -37.816745 3439.843082 689.221378 0.647061 0.590931 0.481781 0.599022 -0.003094 -0.800727 0.471683 -0.806716 0.355982
-3.601668 -109.490426 267.490161 -3200.262140 0.288355 0.664582 0.689335 0.948310 -0.098580 -0.301647 -0.132514 0.740684 -0.658656
2.358935 -104.480377 2637.740904 -5952.737829 0.298635 0.638706 0.709134 0.920607 0.003094 -0.390478 -0.251595 0.769444 -0.587074
-2.036863 -117.220407 833.594320 2749.555150 0.299500 0.644621 0.703394 0.950491 -0.265619 -0.161288 0.082865 0.716875 -0.692259
-1.922272 -119.873169 -269.759174 157.458037 0.282748 0.663830 0.692375 0.944851 -0.317118 -0.081809 0.165257 0.677322 -0.716885
-10.154306 -42.937404 1334.848621 -2605.689889 0.658750 0.541434 0.522396 0.504678 0.196955 -0.840541 0.557986 -0.817348 0.143506
-11.035420 -39.123476 -400.623553 -1502.495356 0.648670 0.468399 0.599858 0.529756 0.288007 -0.797754 0.546430 -0.835257 0.061316
-9.711027 -41.367685 840.907238 -933.204456 0.607407 0.477392 0.634944 0.501555 0.389365 -0.772553 0.616035 -0.787713 0.002935
-12.824761 -39.261194 765.099056 -495.348550 0.688623 0.519099 0.506295 0.510161 0.149354 -0.847012 0.515300 -0.841564 0.161976
-0.614981 -79.442262 -229.323747 871.989636 -0.156125 -0.637553 -0.754421 0.969047 0.049015 -0.241963 0.191243 -0.768846 0.610166
-1.542172 -81.498115 76.296589 676.377303 -0.132526 -0.628804 -0.766187 0.988477 -0.026800 -0.148981 0.073146 -0.777102 0.625110
-0.488397 -86.140421 18.648531 -1795.733407 -0.163296 -0.633117 -0.756636 0.938973 0.135620 -0.316129 0.302762 -0.762083 0.572333
-6.454465 -161.920048 1597.892269 4403.268657 0.040110 -0.174047 -0.983920 0.972991 -0.217234 0.078091 -0.227332 -0.960478 0.160633
-7.697600 -160.621360 638.504210 7513.073830 0.067623 -0.206812 -0.976041 0.910963 -0.386184 0.144943 -0.406908 -0.898939 0.162283
-5.745287 -188.399054 1750.167314 17838.163988 0.112643 -0.204766 -0.972308 0.844883 -0.495273 0.202184 -0.522958 -0.844261 0.117214
-3.903597 -211.616395 1556.824691 14506.389400 0.082501 -0.183879 -0.979481 0.929503 -0.340307 0.142178 -0.359468 -0.922160 0.142840
-24.458200 -37.520591 -114.214702 1635.656714 -0.418764 0.827888 0.373148 0.629635 0.560808 -0.537637 0.654367 -0.009804 0.756113
-24.359362 -39.420702 -573.064872 697.416238 -0.217433 0.933178 0.286183 0.676327 0.355443 -0.645168 0.703779 -0.053273 0.708419
-27.265850 -35.074546 -469.450505 646.588997 -0.266500 0.939860 0.213635 0.645994 0.338673 -0.684100 0.715311 0.044306 0.697400
-28.779842 -30.574854 668.892449 -1436.587985 0.157545 0.924002 -0.348425 0.684579 -0.356481 -0.635824 0.711710 0.138353 0.688714
-26.007588 -35.041212 -454.779309 1804.596400 0.606644 -0.660238 -0.442797 0.460010 0.745812 -0.481825 0.648362 0.088605 0.756158
-25.397217 -36.828795 377.540701 -2540.396364 0.107883 0.957741 -0.266634 0.620287 -0.274438 -0.734798 0.776920 0.086117 0.623682
-5.389039 -267.963894 -4310.072078 -15926.364185 -0.008057 -0.199661 -0.979832 0.160513 0.966899 -0.198346 0.987001 -0.158874 0.024258
-12.873885 -219.129787 -3255.641470 4475.414799 -0.037509 -0.226781 -0.973223 0.136826 0.963571 -0.229805 0.989885 -0.141782 -0.005113
-9.822200 -295.633683 -2452.511051 -47242.986385 -0.032461 -0.218649 -0.975263 -0.123803 0.969143 -0.213156 0.991776 0.113821 -0.058529
-9.549236 -272.392610 -2397.266283 42058.417911 -0.007525 -0.195400 -0.980695 0.426698 0.886327 -0.179871 0.904363 -0.419814 0.076707
2317.237541 -22933.602826 499752.896677 25236094.160066 -0.018964 0.519456 0.854286 0.800841 -0.503648 0.324025 0.598576 0.690293 -0.406451
39.680842 -2267.240823 -16133.678648 -1914971.391892 0.023736 -0.454369 -0.890497 -0.727827 0.602793 -0.326970 0.685350 0.655889 -0.316394
-4.812886 -1067.692916 337.842294 -165849.909897 -0.099708 0.454377 0.885212 0.583628 0.747241 -0.317819 -0.805876 0.484945 -0.339693
-37.931167 -991.882669 -12523.685811 177574.281876 -0.197294 0.526811 0.826768 0.802417 0.571280 -0.172532 -0.563208 0.629372 -0.535432
511.936487 -15008.814486 -126191.195648 -16056976.177572 0.105897 -0.260807 -0.959565 0.917445 -0.346552 0.195440 -0.383512 -0.901045 0.202578
105.069733 -406.446390 -36471.375809 134246.413562 -0.375818 0.439966 0.815592 -0.374977 0.732641 -0.568004 -0.847439 -0.519294 -0.110363
-20.713425 -32.360084 -686.451246 514.650797 -0.399291 -0.887206 0.231155 0.916770 -0.383621 0.111214 -0.009994 0.256323 0.966540
-21.836882 -33.348974 78.210382 540.012417 -0.309320 -0.937509 0.159366 0.949130 -0.293971 0.112845 -0.058945 0.186164 0.980749
-20.505480 -30.418918 -431.371409 1237.271755 -0.396764 -0.897700 0.191604 0.915785 -0.401352 0.015956 0.062577 0.181799 0.981343
-20.115772 -29.802950 -546.174586 927.389170 -0.496167 -0.826986 0.264411 0.864939 -0.497290 0.067705 0.075498 0.262292 0.962031
10.936156 -33.586065 -1823.298945 996.191245 0.149336 0.092568 -0.984444 0.981748 -0.132462 0.136472 -0.117768 -0.986856 -0.110660
11.531075 -32.160496 -1027.398181 322.104285 0.194049 0.118431 -0.973817 0.977467 -0.107419 0.181713 -0.083086 -0.987135 -0.136607
27.468258 -21.581857 -6349.907444 -2336.739471 0.439819 0.038350 -0.897267 0.873403 -0.250890 0.417398 -0.209108 -0.967256 -0.143841
11.646834 -30.997964 -2271.914757 -1149.638955 0.149096 0.072724 -0.986145 0.967867 -0.214963 0.130479 -0.202495 -0.973911 -0.102437
10.564536 -268.244018 434.822166 2379.203779 -0.500419 -0.405961 -0.764707 0.310284 0.740490 -0.596153 0.808273 -0.535603 -0.244591
8.677539 -270.106162 -1058.303599 -25945.660030 -0.492069 -0.402047 -0.772157 0.660238 0.405758 -0.632017 0.567410 -0.820804 0.065786
6.939555 -292.726547 -602.395274 -23699.759013 -0.488302 -0.418359 -0.765857 0.400964 0.671921 -0.622695 0.775106 -0.611145 -0.160353
6.555779 -252.289091 -2144.894971 18160.585710 -0.019955 0.877318 0.479495 0.467141 -0.415841 0.780292 -0.883958 -0.239563 0.401533
-3.193579 -245.950414 -2856.989153 38477.125379 -0.058425 0.891211 0.449811 0.565054 -0.341932 0.750864 -0.822982 -0.298037 0.483605
3.256788 -281.254220 -2833.788944 -51726.614090 -0.060247 0.882013 0.467358 0.126011 -0.457742 0.880110 -0.990198 -0.111916 0.083565
12.985191 -565.694890 -5473.133565 -156985.428145 -0.088615 0.844700 0.527854 -0.124714 -0.535177 0.835483 -0.988228 -0.008205 -0.152771
19.851436 -591.302232 -3858.288675 -157103.497515 0.012444 0.848983 0.528274 -0.073439 -0.526112 0.847238 -0.997222 0.049339 -0.055801
-44.372348 -66.951561 2189.799113 3155.345773 0.935261 0.215897 0.280491 -0.019903 0.823263 -0.567311 0.353398 -0.525001 -0.774263
-31.843517 -54.053295 898.215940 3776.665440 -0.803121 -0.578747 -0.141592 -0.456158 0.750136 -0.478765 0.383297 -0.319918 -0.866450
-35.424079 -62.928554 -313.703319 3035.755781 0.872553 0.452341 0.184497 -0.271499 0.762985 -0.586637 0.406129 -0.461781 -0.788554
-37.537150 -60.364767 738.413693 -628.923985 0.025975 0.996414 0.080529 -0.504511 0.082612 -0.859444 0.863014 0.018304 -0.504848
-39.028483 -61.744098 36.663671 318.946745 0.162560 0.976245 0.143248 -0.356981 0.193534 -0.913843 0.919858 -0.097418 -0.379962
-40.337466 -63.410241 243.900098 134.991888 0.182911 0.981990 0.047315 -0.487394 0.132371 -0.863090 0.853809 -0.134807 -0.502829
-38.151424 -59.751130 1250.126404 20.878543 0.018284 0.981538 0.190390 -0.349894 0.184663 -0.918408 0.936611 0.049825 -0.346811
-34.552383 -55.985426 1346.176376 -711.780946 -0.163850 0.985930 0.033110 -0.564612 -0.066204 -0.822697 0.808929 0.153493 -0.567515
-36.310426 -57.948120 1596.237676 -736.880791 -0.081895 0.989515 0.118968 -0.451104 0.069639 -0.889750 0.888706 0.126533 -0.440671
-8.017016 -50.953998 -6473.152564 -3497.228553 -0.267853 0.534931 -0.801313 0.893211 -0.173888 -0.414654 -0.361150 -0.826808 -0.431230
-17.716791 -48.146871 -9586.897413 -1651.849488 0.066344 0.417216 -0.906382 0.802429 -0.562215 -0.200058 -0.593049 -0.714034 -0.372086
6.177907 -42.434064 -6158.090197 1226.137684 0.803620 0.472716 0.361571 0.012170 -0.620464 0.784141 -0.595018 0.625751 0.504371
17.858129 -40.627189 -4834.196300 580.422131 0.820022 0.506933 0.265674 0.160505 -0.649258 0.743440 -0.549366 0.566995 0.613771
-7.550289 -41.726712 -291.919214 -394.681844 0.936289 0.164388 -0.310387 -0.318325 0.023691 -0.947686 0.148435 -0.986111 -0.074510
-7.507670 -41.654978 51.083658 -394.615222 0.927434 0.183151 -0.326070 -0.348071 0.103803 -0.931704 0.136795 -0.977589 -0.160020
-7.082160 -40.761584 411.652449 132.972347 0.921076 0.224105 -0.318427 -0.348521 0.109804 -0.930847 0.173642 -0.968360 -0.179243
0.886457 -43.926804 -227.374676 1276.063780 -0.805664 -0.226437 0.547386 -0.070508 0.954144 0.290925 -0.588162 0.195793 -0.784685
1.283745 -41.096793 80.694671 -309.631823 -0.797436 -0.277014 0.536059 -0.038438 0.909908 0.413024 -0.602178 0.308756 -0.736242
10.803951 -87.447533 863.661659 -5474.506997 -0.887093 -0.123532 0.444754 0.060675 0.923957 0.377653 -0.457586 0.361999 -0.812140
9.578639 -93.334927 1099.881566 -4409.382858 0.919304 0.082783 -0.384742 0.127423 0.862351 0.490014 -0.372348 0.499497 -0.782215
8.489695 -84.759195 245.744469 -6317.732017 0.919077 0.089756 -0.383721 0.074133 0.916954 0.392045 -0.387042 0.388766 -0.836098
9.258305 -74.831939 120.673985 -2559.831522 -0.923803 -0.123943 0.362253 -0.014399 0.956730 0.290621 -0.382598 0.263261 -0.885614
0.674881 -108.539129 27.277437 1292.661364 0.842195 0.470688 -0.262984 0.499092 -0.496020 0.710543 -0.203999 0.729669 0.652662
-0.469851 -121.851257 -151.756755 564.857764 0.815326 0.491560 -0.305961 0.488165 -0.299443 0.819774 -0.311350 0.817742 0.484106
0.763718 -62.640337 -885.793018 -496.649586 0.869204 0.096281 -0.484989 -0.494445 0.163538 -0.853686 0.002880 -0.981828 -0.189753
-0.861296 -60.825677 -605.225514 -573.617287 0.856137 0.106736 -0.505605 -0.515130 0.253651 -0.818720 -0.040861 -0.961389 -0.272143
-2.173638 -59.665809 -358.283050 517.942954 0.861526 0.103411 -0.497071 -0.507418 0.141934 -0.849931 0.017341 -0.984460 -0.174753
-2.055744 -58.194784 -434.207081 -1897.960255 0.874527 0.095227 -0.475536 -0.476714 -0.011438 -0.878984 0.089142 -0.995390 -0.035393
72.912280 -1326.511057 -9794.611845 -356370.511685 -0.031320 0.568946 0.821778 0.997664 0.067739 -0.008874 -0.060715 0.819580 -0.569738
-124.998362 -7813.778671 32313.069462 4442683.147089 0.176626 -0.540716 -0.822453 -0.595386 0.606691 -0.526727 0.783785 0.582711 -0.214778
-124.681194 -9207.479993 39908.416451 -5445018.197835 0.250532 -0.549038 -0.797365 -0.214089 0.771820 -0.598715 0.944140 0.320704 0.075823
2.675847 -681.228603 -1350.695458 -193454.517124 -0.261598 0.465393 0.845562 0.964303 0.163303 0.208452 -0.041070 0.869909 -0.491499
2.311407 -66.401470 61.713967 4105.216242 0.894520 0.214295 -0.392316 -0.338794 -0.247557 -0.907708 0.291638 -0.944877 0.148843
0.417264 -65.468947 862.230724 4402.753482 0.892603 0.243972 -0.379128 -0.334134 -0.206583 -0.919608 0.302680 -0.947524 0.102877
1.549237 -59.135824 99.189480 1371.149813 0.896256 0.225198 -0.382115 -0.371877 -0.087995 -0.924102 0.241730 -0.970331 -0.004879
2.916323 -61.219359 195.477587 1719.472952 0.896646 0.225525 -0.381005 -0.360822 -0.126487 -0.924018 0.256581 -0.965992 0.032040
1.878630 -61.933869 -61.380991 -3454.512090 0.906837 0.222364 -0.358052 -0.375369 0.039726 -0.926024 0.191690 -0.974154 -0.119494
1.297706 -62.607849 491.078669 -4163.398526 0.899314 0.240429 -0.365278 -0.389373 0.060031 -0.919122 0.199056 -0.968809 -0.147603
-6.021128 -165.112614 -527.977418 -8003.437001 -0.101783 -0.407492 0.907519 0.958542 -0.284239 -0.020123 0.266153 0.867847 0.419529
-7.723042 -150.620161 -227.235170 -3662.311167 -0.114428 -0.407703 0.905917 0.992896 -0.016996 0.117765 -0.032616 0.912957 0.406751
-6.939274 -145.221645 -74.494146 -5190.483634 -0.104093 -0.431992 0.895850 0.989098 -0.139301 0.047755 0.104163 0.891054 0.441783
-7.113595 -133.107959 -39.350874 -1512.037500 -0.135340 -0.414085 0.900121 0.970630 0.126964 0.204348 -0.198900 0.901340 0.384740
-5.664204 -172.641277 12.883326 -14495.823200 -0.091975 -0.424178 0.900896 0.904183 -0.414570 -0.102886 0.417127 0.805112 0.421664
-7.246345 -153.345953 -229.063264 -11660.566602 -0.099600 -0.441789 0.891573 0.934833 -0.348469 -0.068239 0.340833 0.826675 0.447706
-7.678344 -129.048400 -375.899613 -1907.570239 -0.109678 -0.450925 0.885797 0.989992 -0.129180 0.056819 0.088806 0.883164 0.460581
-6.691272 -127.799636 -576.841819 116.968413 -0.128195 -0.427474 0.894892 0.977064 0.100266 0.187861 -0.170033 0.898450 0.404816
12.959074 -49.853140 1437.808244 -1682.574755 -0.103732 -0.483517 0.869167 0.984930 0.071659 0.157412 -0.138395 0.872397 0.468797
11.689288 -55.534921 1850.052214 -1453.334290 -0.050997 -0.498374 0.865461 0.998658 -0.017568 0.048729 -0.009081 0.866784 0.498601
8.850424 -53.710504 2451.577220 -1984.027019 -0.097391 -0.518246 0.849668 0.982080 0.088363 0.166465 -0.161349 0.850654 0.500354
13.889376 -48.811000 -106.179946 -1340.966052 -0.043861 -0.441488 0.896195 0.998362 0.013609 0.055565 -0.036728 0.897164 0.440168
12.210292 -45.829881 1182.893053 -2138.452385 -0.152599 -0.491216 0.857566 0.950622 0.164320 0.263280 -0.270243 0.855398 0.441886
12.302179 -43.927620 -319.237807 -1638.455013 -0.136429 -0.449619 0.882740 0.970554 0.117908 0.210056 -0.198527 0.885404 0.420293
36.576923 -476.371357 7757.804799 30616.649616 -0.055511 -0.231631 0.971219 -0.641954 0.753296 0.142966 -0.764731 -0.615542 -0.190513
4.785849 -83.800195 714.447429 -2042.819237 0.083644 -0.466411 0.880605 0.968513 -0.169901 -0.181981 0.234493 0.868098 0.437514
2.607888 -80.955023 -861.030671 -2605.615972 0.107739 -0.435060 0.893932 0.984769 -0.076720 -0.156025 0.136463 0.897127 0.420168
5.579615 -91.511801 -124.973213 -3853.321008 0.117429 -0.448101 0.886237 0.918305 -0.290736 -0.268681 0.378057 0.845386 0.377353
2.334538 -77.959238 429.032128 -505.227784 0.064624 -0.462957 0.884022 0.997734 0.013347 -0.065948 0.018732 0.886280 0.462770
-4.059885 -25.740441 -820.715033 -4074.287343 0.235389 -0.759941 0.605873 0.971489 0.165830 -0.169436 0.028290 0.628482 0.777309
-7.409456 -16.442789 -638.954832 -2737.361484 0.152925 -0.786397 0.598493 0.987946 0.106933 -0.111930 0.024023 0.608395 0.793270
-2.819194 -13.523978 828.872859 489.314758 -0.522859 -0.662164 0.536803 0.852236 -0.419119 0.313102 0.017659 0.621191 0.783460
-12.797775 -23.449436 594.176159 1471.181424 0.747481 0.044002 -0.662824 0.587407 -0.509729 0.628593 0.310201 0.859209 0.406859
-11.119741 -21.862142 565.055474 1820.592806 0.743324 0.004985 -0.668913 0.572186 -0.522736 0.631941 0.346515 0.852480 0.391415
-129.501440 -331.447368 -17711.745686 -65157.970370 -0.081370 0.900670 0.426816 0.704559 -0.250916 0.663806 -0.704965 -0.354731 0.614158
-11.636535 -20.033753 -153.430330 390.760148 0.781846 0.402379 -0.476244 -0.618561 0.596300 -0.511672 -0.078098 -0.694635 -0.715111
-10.525607 -19.000469 555.386950 2621.815414 0.826903 0.380817 -0.413774 -0.560595 0.616215 -0.553183 -0.044312 -0.689389 -0.723035
-0.565591 -17.064815 3754.421757 1962.193858 0.887737 0.335995 -0.314690 -0.460275 0.660181 -0.593556 -0.008321 -0.671766 -0.740717
-44.626507 -49.889688 -294.678257 -50.027346 0.628504 -0.709565 0.318592 0.729235 0.395078 -0.558686 0.270555 0.583465 0.765747
-44.501709 -51.813533 94.484279 -643.965559 0.300292 -0.845760 0.441037 0.859634 0.039596 -0.509374 0.413345 0.532092 0.738934
-45.389353 -52.625822 352.575798 -813.206408 0.397026 -0.812986 0.425939 0.769596 0.042022 -0.637147 0.500093 0.580765 0.642354
-23.129882 -49.025230 -2955.735160 2325.365075 -0.527038 -0.373672 -0.763282 0.770025 0.170039 -0.614938 0.359572 -0.911842 0.198119
-26.821680 -57.549382 -3375.643930 2301.516954 -0.360951 -0.325374 -0.873983 0.907843 0.091844 -0.409128 0.213390 -0.941114 0.262237
-34.433144 -64.850275 -2651.225844 1872.271888 -0.330569 -0.234145 -0.914276 0.937065 0.033937 -0.347500 0.112393 -0.971609 0.208191
-2.870597 -45.676785 -458.713878 -16.647495 0.804045 0.306592 -0.509424 -0.376251 -0.401049 -0.835221 0.460376 -0.863227 0.207106
5.691580 -47.262738 -3025.367851 342.579076 0.846375 0.310386 -0.432793 -0.321894 -0.349279 -0.879993 0.424304 -0.884118 0.195710
-1.569207 -39.704749 -914.391367 987.622603 0.713708 0.238406 -0.658623 -0.619420 -0.224175 -0.752373 0.327017 -0.944938 0.012322
-3.334236 -41.665659 -683.377086 357.565723 0.757239 0.267495 -0.595849 -0.505434 -0.337812 -0.793989 0.413673 -0.902402 0.120603
-13.536349 -48.730301 782.794412 -1704.750711 -0.689636 -0.426083 -0.585539 0.701326 -0.594410 -0.393470 -0.180399 -0.682005 0.708749
-17.273817 -48.216868 543.552997 -1888.256034 -0.679136 -0.482076 -0.553513 0.724325 -0.562257 -0.399024 -0.118856 -0.671915 0.731029
-16.869612 -47.863532 224.001460 1869.183023 -0.681611 -0.493479 -0.540264 0.717430 -0.595897 -0.360834 -0.143878 -0.633550 0.760207
-16.480196 -43.974012 -273.117267 1648.495335 -0.644085 -0.531528 -0.550121 0.726230 -0.650800 -0.221469 -0.240301 -0.542159 0.805182
0.970415 -83.564774 -493.251369 1243.912344 0.696469 0.492455 0.521937 -0.353804 0.868455 -0.347287 -0.624303 0.057211 0.779085
2.293718 -87.072976 -2593.840898 -4234.238194 0.687952 0.456944 0.563848 -0.409098 0.885876 -0.218776 -0.599468 -0.080162 0.796375
1.699234 -84.636976 -351.621971 6871.779072 -0.660913 -0.356257 -0.660512 0.075227 0.844256 -0.530634 0.746683 -0.400391 -0.531179
1.298869 -70.192155 -142.741157 4631.002014 -0.664457 -0.390545 -0.637159 -0.104098 0.892641 -0.438585 0.740041 -0.225094 -0.633776
2.337757 -43.766193 -982.572969 -1138.227980 0.814204 0.506808 0.283227 -0.580505 0.702883 0.411059 -0.009253 0.499101 -0.866494
0.753028 -45.282854 -470.644701 -356.265349 0.796487 0.523149 0.303189 -0.603596 0.658248 0.449867 -0.035774 0.541317 -0.840057
0.694213 -42.559956 -387.323132 -618.682742 0.793080 0.528906 0.302129 -0.603713 0.748463 0.274470 0.080964 0.400076 -0.912899
-13.035631 -41.474893 1050.415713 -1911.088078 -0.654303 -0.448006 -0.609244 0.718190 -0.115818 -0.686141 0.236834 -0.886497 0.397534
19.943348 -110.005871 4305.686977 1768.705206 0.240221 0.713763 0.657902 -0.804748 0.525439 -0.276214 0.542839 0.463093 -0.700621
5.131148 -117.701621 -1620.799884 2076.035304 -0.301093 -0.659415 -0.688851 -0.652307 0.669348 -0.355626 0.695586 0.342266 -0.631676
16.086952 -110.136647 4148.554274 -3815.318120 0.254200 0.675397 0.692258 0.850719 -0.496631 0.172148 0.460065 0.545157 -0.700817
7.399748 -113.049450 1416.152652 210.940864 0.287249 0.701878 0.651809 -0.592829 0.664767 -0.454575 0.752357 0.255835 -0.607048
42.592346 -103.916625 7412.221664 -460.953419 0.140273 0.750521 0.645788 0.956265 -0.271778 0.108142 0.256674 0.602374 -0.755820
31.687235 -95.875509 5374.071329 -1373.290121 0.168400 0.778881 0.604140 0.879153 -0.395860 0.265300 0.445792 0.486455 -0.751419
16.489332 -100.960893 3115.427499 2682.925806 0.201909 0.761327 0.616128 -0.736962 0.532439 -0.416409 0.645074 0.369986 -0.668573
0.802986 -208.562298 959.713911 -27047.570056 0.226665 0.614273 0.755839 -0.598526 0.700065 -0.389456 -0.768368 -0.364113 0.526338
1.149459 -229.144421 -310.487958 45914.644419 0.196641 0.637794 0.744682 0.779805 -0.562128 0.275528 -0.594337 -0.526526 0.607892
5.391930 -206.367353 403.219392 -17109.645560 0.193499 0.623206 0.757742 -0.434102 0.747007 -0.503524 -0.879837 -0.231506 0.415080
-2.135137 -161.689223 -442.485688 23519.708845 -0.206417 -0.637174 -0.742564 0.827770 -0.518367 0.214693 -0.521718 -0.570356 0.634433
-3.376389 -186.776704 1134.493365 -24311.040601 0.216237 0.619212 0.754863 -0.666795 0.658422 -0.349091 -0.713180 -0.427853 0.555263
-7.954716 -36.162986 -1468.471842 -768.417677 0.620891 0.392995 0.678269 0.583488 0.346120 -0.734672 0.523484 -0.851913 0.014405
-12.107060 -38.871739 -1438.027971 -335.501165 0.673962 0.445369 0.589424 0.566041 0.201395 -0.799399 0.474735 -0.872403 0.116365
-8.135657 -39.217680 -860.263128 366.820957 0.582760 0.393322 0.711117 0.517259 0.495375 -0.697887 0.626764 -0.774533 -0.085235
-8.900605 -37.979404 -1678.171199 30.742021 0.665513 0.409664 0.623914 0.604450 0.194582 -0.772514 0.437873 -0.891243 0.118124
-6.104239 -36.013794 -2278.657047 713.954188 0.591082 0.350965 0.726254 0.542707 0.493061 -0.679971 0.596734 -0.796062 -0.100968
-4.476112 -35.284118 -2872.289710 642.962828 0.596875 0.323928 0.734038 0.552804 0.497041 -0.668849 0.581506 -0.804997 -0.117602
-3.566839 -32.918174 -1424.459066 185.803890 0.606921 0.365803 0.705574 0.594514 0.380217 -0.708511 0.527447 -0.849484 -0.013287
-5.092836 -34.524303 -1228.686423 -1627.056253 0.636475 0.394206 0.662950 0.623856 0.242312 -0.743027 0.453546 -0.886503 0.091702
-21.494108 -39.506708 -523.311489 470.546545 -0.341262 0.855006 0.390518 0.721262 0.504606 -0.474503 0.602761 -0.119736 0.788887
-158.568823 -5489.522748 30462.913655 -356560.093851 -0.079338 -0.326949 -0.941706 0.389198 0.859547 -0.331215 0.917731 -0.392788 0.059053
-477.072265 -17006.857316 49295.436635 25095181.772157 -0.004913 -0.312481 -0.949911 0.721572 0.656553 -0.219711 0.692322 -0.686509 0.222252
31.044798 -11506.188778 -3362.616048 -20576769.124888 0.004393 -0.410720 -0.911751 -0.564957 0.751289 -0.341158 0.825109 0.516599 -0.228738
-3.506807 -36.512490 -2574.962024 1065.602457 -0.064002 0.082585 -0.994527 0.992758 -0.096252 -0.071881 -0.101662 -0.991925 -0.075827
-5.273955 -35.097740 -2524.516301 -767.339455 -0.117477 0.103666 -0.987650 0.975091 -0.176375 -0.134496 -0.188139 -0.978849 -0.080364
-11.890860 -36.675558 -2266.816856 1132.744809 -0.200912 0.116499 -0.972657 0.976778 -0.051613 -0.207945 -0.074427 -0.991849 -0.103424
15.884414 -575.381558 1111.257560 -172081.678810 -0.524866 -0.414685 -0.743338 0.592043 0.449585 -0.668848 0.611555 -0.791144 0.009539
5.061800 -245.696653 -383.705540 -34610.886237 -0.503667 -0.404226 -0.763493 0.785445 0.153724 -0.599537 0.359716 -0.901649 0.240072
-10.589800 -294.311415 -3836.955724 -45197.516592 -0.050398 0.894702 0.443812 0.050840 -0.441502 0.895819 -0.997434 -0.067711 0.023235
-21.682250 -229.419553 -5479.149565 23352.028559 -0.070873 0.896860 0.436599 0.468753 -0.356412 0.808234 -0.880482 -0.261939 0.395146
-58.290006 -225.530156 -12844.868234 16920.680575 -0.066365 0.913715 0.400901 0.430217 -0.336318 0.837738 -0.900283 -0.228070 0.370775
-50.995594 -393.876127 -10289.259736 -69177.176144 -0.054742 0.918535 0.391531 -0.106879 -0.395256 0.912332 -0.992764 -0.008096 -0.119810
