12303
24599
-37.705186 -60.801353 -2440.129821 7636.862116 0.264185 0.956937 0.120325 0.782898 -0.139913 -0.606214 0.563274 -0.254355 0.786147
-50.396701 -71.597257 -613.320111 4863.722437 0.233965 0.969055 0.078693 0.881250 -0.177183 -0.438183 0.410680 -0.171867 0.895435
-43.029638 -78.186247 -1533.540046 8268.359380 0.046328 0.970919 0.234881 0.895917 0.063608 -0.439645 0.441800 -0.230802 0.866916
-44.517533 -61.950596 -962.500074 6889.536802 0.468848 0.869344 -0.156274 0.687506 -0.470251 -0.553353 0.554542 -0.152000 0.818156
-23.559175 -78.805325 -5569.582101 13370.541154 0.174139 0.937075 0.302597 0.829312 0.026131 -0.558175 0.530959 -0.348148 0.772577
-25.438180 -53.265828 -4990.647067 9230.774012 0.315259 0.928130 0.197957 0.718906 -0.097397 -0.688250 0.619505 -0.359289 0.697944
-32.097533 -42.430465 -1710.730530 3104.923330 0.651592 0.691628 -0.311574 0.408380 -0.665970 -0.624267 0.639260 -0.279527 0.716388
-38.234012 -49.002416 -251.215654 -3945.713277 0.637214 0.673098 -0.375362 -0.437662 0.716937 0.542635 0.634358 -0.181493 0.751433
18.415917 -69.057393 1511.708142 8689.776217 0.583729 0.593280 0.554328 -0.485004 0.802308 -0.347957 -0.651177 -0.065739 0.756073
18.979228 -74.324399 2380.379832 7784.758904 0.580294 0.639056 0.504843 -0.578121 0.759849 -0.297333 -0.573616 -0.119320 0.810387
21.510629 -82.552068 -650.303450 10702.803269 0.543201 0.613575 0.573113 -0.577467 0.768537 -0.275467 -0.609478 -0.181320 0.771790
14.202959 -58.406536 3090.685182 6289.896497 0.606903 0.617316 0.500590 -0.471378 0.786693 -0.398644 -0.639900 0.005971 0.768435
17.601126 -85.465710 -2257.675367 9580.026484 0.529793 0.579518 0.619256 -0.515953 0.799720 -0.306986 -0.673135 -0.156868 0.722690
14.780387 -51.712273 3524.831015 3918.528253 0.617518 0.559041 0.553303 -0.381150 0.828022 -0.411223 -0.688038 0.043046 0.724397
18.409119 -70.130001 182.006982 -678.327127 -0.007987 0.609656 0.792626 0.650230 0.605359 -0.459066 0.759696 -0.511722 0.401252
13.720159 -54.948882 2327.566530 -1112.418271 -0.018806 0.685466 0.727862 0.633319 0.571486 -0.521834 0.773662 -0.451155 0.444866
11.410553 -56.969880 -3084.802776 2420.746448 0.097753 -0.576684 -0.811098 0.475130 0.743165 -0.471122 0.874469 -0.339324 0.346646
-0.079914 -49.622172 2199.059459 1178.552085 -0.052800 0.686870 0.724860 0.480751 0.653703 -0.584423 0.875266 -0.317619 0.364729
18.440805 -75.580227 -584.867041 5783.015293 0.027469 -0.525617 -0.850278 0.504689 0.741521 -0.442082 0.862864 -0.416982 0.285642
18.883744 -59.690904 -1977.250006 9662.697918 0.097815 -0.485993 -0.868471 0.332421 0.838490 -0.431776 0.938045 -0.246464 0.243572
-0.674583 -48.082103 -5677.476029 4096.331054 0.158091 -0.556357 -0.815766 0.338737 0.806579 -0.484446 0.927504 -0.199744 0.315971
10.938160 -50.042870 -4476.316924 6751.120498 0.169394 -0.476874 -0.862495 0.309534 0.856601 -0.412823 0.935679 -0.197041 0.292712
15.127047 -46.081023 -5003.811301 -1273.846383 0.667520 -0.715834 0.204933 -0.425499 -0.140862 0.893929 0.611038 0.683915 0.398615
15.071926 -42.948053 -3831.180034 -1175.002918 0.679539 -0.716484 0.157726 -0.330753 -0.107295 0.937598 0.654851 0.689303 0.309890
19.788138 -47.771615 -2937.672149 -1240.723141 0.659766 -0.735391 0.154627 -0.395110 -0.164441 0.903796 0.639216 0.657389 0.399052
-1.327117 -65.244197 -488.234841 464.317719 0.616491 0.715812 -0.327952 -0.088920 -0.350559 -0.932310 0.782324 -0.603923 0.152466
-0.775469 -67.148906 -622.954288 -209.223126 0.618768 0.727715 -0.295900 0.066083 -0.423550 -0.903459 0.782790 -0.539478 0.310168
2.027665 -67.542731 -1329.904238 916.047281 0.624139 0.710879 -0.324194 -0.092837 -0.344520 -0.934177 0.775778 -0.613154 0.149032
1.489169 -63.603518 -1239.420570 2151.006108 0.624698 0.700628 -0.344778 -0.229991 -0.256859 -0.938684 0.746228 -0.665690 -0.000679
-1.808802 -63.540082 -612.340557 633.082858 0.618104 0.708001 -0.341588 -0.221445 -0.260117 -0.939841 0.754261 -0.656563 0.003996
13.358339 -80.346337 4564.999777 -1207.912720 -0.039355 0.953965 0.297325 -0.934356 0.070332 -0.349332 0.354162 0.291555 -0.888574
-1.127610 -81.547872 2632.149989 -2466.570523 0.027949 0.947419 0.318774 -0.937795 0.135254 -0.319761 0.346063 0.290008 -0.892265
16.995568 -84.001899 5229.792224 1895.612905 -0.023381 0.948168 0.316909 0.978772 -0.042852 0.200422 0.203614 0.314868 -0.927038
18.812488 -86.970281 5407.822950 667.753684 0.000683 0.944537 0.328405 0.999415 -0.011877 0.032083 0.034204 0.328190 -0.943992
36.757235 -90.177259 6462.639596 276.219287 -0.003872 0.970078 0.242763 0.996793 -0.015661 0.078477 0.079931 0.242289 -0.966906
-10.775856 -98.621118 1676.936700 -7478.449185 0.262150 0.927454 -0.266658 0.146925 0.234742 0.960890 -0.953777 0.291076 0.074729
-4.435235 -93.894241 1333.001530 -4140.161663 0.285914 0.917184 -0.277538 0.192164 0.228866 0.954302 -0.938790 0.326181 0.110814
-8.270714 -80.946275 1163.072753 -7528.051105 0.243356 0.927429 -0.283994 -0.070419 0.308917 0.948478 -0.967377 0.210820 -0.140485
-6.033351 -104.398134 1958.109014 -2191.799753 0.306901 0.918885 -0.247917 0.415198 0.105130 0.903636 -0.856401 0.380262 0.349255
-13.825704 -80.380425 1621.830553 -10427.569023 0.217357 0.941931 -0.255973 -0.122321 0.286460 0.950252 -0.968397 0.175233 -0.177482
-18.400648 -106.557858 2602.544419 -12497.688868 0.245997 0.941410 -0.230724 0.091838 0.214329 0.972434 -0.964910 0.260405 0.033733
-14.611344 -114.209242 2701.810330 -5657.008661 0.295180 0.929254 -0.222161 0.378753 0.099664 0.920116 -0.877163 0.355743 0.322539
73.217619 -42.605106 -14494.321907 -331.984000 -0.019446 0.870604 0.491600 0.631637 0.391842 -0.668950 0.775020 -0.297504 0.557526
57.988500 -41.322413 -18062.712427 1858.911648 0.014350 0.847755 0.530194 0.694342 0.373106 -0.615371 0.719502 -0.376967 0.583278
74.769889 -43.388831 1830.155750 2031.405051 -0.171729 0.913192 0.369579 0.680669 0.381192 -0.625605 0.712178 -0.144126 0.687044
-0.895187 -61.318671 -92.095316 -2162.513465 0.343025 0.902741 -0.259600 -0.057154 0.295915 0.953503 -0.937586 0.312238 -0.153101
-0.696126 -63.999494 333.089737 -2247.433721 0.346547 0.907229 -0.238415 -0.079605 0.281692 0.956197 -0.934649 0.312388 -0.169839
-1.439835 -70.266836 78.873276 -2230.992970 0.343872 0.916453 -0.204609 0.105965 0.178633 0.978193 -0.933018 0.358055 0.035685
-2.211909 -68.019930 -329.325632 -2385.243897 0.340849 0.914597 -0.217565 0.122715 0.186159 0.974826 -0.932074 0.358968 0.048783
-2.535648 -59.022442 -632.225391 -2196.769216 0.340067 0.898468 -0.277687 -0.036259 0.307593 0.950827 -0.939702 0.313276 -0.137179
-2.929622 -61.370976 179.294164 -2003.848176 0.536114 0.757150 -0.373238 -0.511243 -0.060610 -0.857296 0.671724 -0.650423 -0.354594
-3.331338 -66.517097 -3.392494 2023.364640 0.522734 0.753854 -0.398061 0.641166 -0.039928 0.766363 0.561832 -0.655827 -0.504217
-2.668585 -59.144142 336.146685 -2387.917031 0.532825 0.769014 -0.353149 -0.503211 -0.047583 -0.862852 0.680350 -0.637458 -0.361623
-1.838466 -53.677430 547.462455 -1830.171696 0.547667 0.773348 -0.319364 -0.361338 -0.125657 -0.923929 0.754649 -0.621404 -0.210622
-1.150261 -51.119066 371.649879 -1886.039736 0.554373 0.778091 -0.295374 -0.355153 -0.099800 -0.929466 0.752687 -0.620173 -0.221015
-2.290937 -56.676142 160.830391 -2415.998493 0.540040 0.774717 -0.328892 -0.494273 -0.024355 -0.868965 0.681213 -0.631839 -0.369769
5.785022 -59.127710 114.666723 -897.877371 0.497642 0.775196 -0.389131 0.835906 -0.548373 -0.023423 -0.231547 -0.313620 -0.920885
5.365083 -56.712998 204.050231 1069.986661 0.469702 0.794123 -0.385679 -0.809945 0.561442 0.169625 -0.351239 -0.232706 -0.906906
5.634360 -52.988402 -304.084092 724.503689 0.460507 0.786831 -0.410889 -0.799626 0.568695 0.192833 -0.385398 -0.239757 -0.891059
16.855121 -131.578378 6641.126907 9631.841679 -0.601726 -0.083464 -0.794329 -0.047378 0.996504 -0.068818 0.797296 -0.003776 -0.603577
3.932986 -127.476950 8472.812763 5219.732920 -0.645861 -0.051477 -0.761717 0.149683 0.969822 -0.192458 0.748638 -0.238317 -0.618665
15.144747 -139.554718 4101.205170 12458.201032 -0.561876 -0.062942 -0.824824 0.243393 0.940385 -0.237561 0.790605 -0.334237 -0.513060
21.964236 -130.338638 1407.128033 14547.210582 -0.496980 -0.067381 -0.865142 0.216837 0.955710 -0.198997 0.840234 -0.286493 -0.460358
24.457553 -129.650562 3527.107244 10882.703685 -0.526605 -0.087800 -0.845564 0.030593 0.992051 -0.122063 0.849560 -0.090147 -0.519733
15.023389 -139.661613 -9.502422 -2709.583962 -0.468120 -0.072944 -0.880649 0.531526 0.772902 -0.346559 0.705935 -0.630319 -0.323039
-0.358710 -12.775985 -1895.053283 748.307208 0.512576 -0.609951 -0.604339 0.499221 -0.360946 0.787716 0.698602 0.705463 -0.119488
-0.405209 -13.675695 2057.968002 1050.003343 -0.343778 0.467903 0.814177 0.651524 -0.505545 0.565633 0.676265 0.724907 -0.131055
5.984673 -16.002613 -4126.472823 263.707242 0.527836 -0.604856 -0.596270 0.519050 -0.325973 0.790145 0.672292 0.726561 -0.141891
5.957702 -17.240878 -4166.438605 -488.468259 0.617711 -0.674648 -0.404083 0.362044 -0.212177 0.907692 0.698110 0.706987 -0.113189
14.342750 -21.159031 -4607.724242 -594.943239 0.600409 -0.679713 -0.421308 0.396273 -0.204723 0.895018 0.694606 0.704329 -0.146434
15.750256 -18.416468 -4853.247349 -1557.442745 0.548220 -0.631060 -0.548834 0.521222 -0.255404 0.814307 0.654051 0.732484 -0.188904
-6.779971 -31.559405 1100.005303 1665.850021 -0.052485 0.972159 -0.228370 0.767802 -0.106940 -0.631699 0.638533 0.208498 0.740813
-10.749104 -29.291288 1733.660937 910.689910 0.059170 0.949937 -0.306787 0.741838 -0.247485 -0.623239 0.667963 0.190709 0.719343
-8.384090 -28.086157 1037.201561 589.410855 -0.077478 0.973230 -0.216381 0.707101 -0.099363 -0.700096 0.702855 0.207246 0.680474
-6.050665 -29.925689 -576.528164 763.514564 -0.161018 0.979818 -0.118446 0.711252 0.031996 -0.702209 0.684247 0.197313 0.702049
-8.384940 -27.715701 174.679781 92.569394 -0.126042 0.979099 -0.159618 0.658782 -0.037689 -0.751389 0.741700 0.199860 0.640263
-11.306703 -27.641496 1965.609562 -451.478521 -0.012634 0.956564 -0.291249 0.660101 -0.210805 -0.720991 0.751071 0.201363 0.628765
-56.484772 -77.955148 162.670446 820.962096 -0.518400 -0.728742 0.447434 0.849450 -0.378584 0.367572 -0.098474 0.570622 0.815287
-54.612009 -75.699958 -81.484796 -596.305266 -0.454061 -0.721939 0.522143 0.865411 -0.217999 0.451155 -0.211879 0.656719 0.723759
-56.417271 -76.690711 -457.667080 96.133746 -0.548388 -0.762295 0.343768 0.789478 -0.336436 0.513357 -0.275674 0.552916 0.786313
4462.994014 -56120.297026 -232675.620537 21689294.527794 0.042901 0.121320 -0.991686 0.907569 -0.419728 -0.012086 -0.417705 -0.899505 -0.128113
12.182998 -194.165830 0.467925 64028.671568 0.205765 -0.031014 -0.978110 0.910846 -0.359370 0.203009 -0.357799 -0.932680 -0.045697
5.436534 -120.485620 1098.965548 42249.969557 0.314733 -0.050538 -0.947834 0.906946 -0.278548 0.316007 -0.279987 -0.959092 -0.041833
-53.070288 -62.291356 2560.330184 2209.583394 -0.517391 0.353351 0.779391 0.855345 0.241538 0.458306 -0.026310 0.903771 -0.427206
-50.527114 -60.962411 3332.439672 -312.503747 -0.258948 0.377590 0.889028 0.961006 0.008262 0.276404 0.097023 0.925936 -0.365006
-53.108924 -62.920572 501.166381 926.842359 -0.571426 0.491912 0.656883 0.810918 0.215529 0.544021 0.126033 0.843546 -0.522059
9.123515 -41.141953 4431.321506 -205.675772 0.799512 -0.582875 0.145044 -0.124127 -0.396598 -0.909562 -0.587685 -0.709201 0.389435
0.236513 -52.926054 2568.120353 -8816.495352 0.793621 -0.599954 0.101099 -0.175528 -0.384880 -0.906122 -0.582542 -0.701372 0.410758
4.985724 -58.456147 3674.736480 -12791.544106 0.785680 -0.617975 0.028537 -0.194061 -0.290000 -0.937145 -0.587407 -0.730758 0.347772
14.826354 -45.224241 4642.867991 -7492.884722 0.784661 -0.607901 0.121505 -0.116589 -0.337210 -0.934182 -0.608862 -0.718851 0.335470
8.247176 -46.106840 2315.027982 -658.039717 -0.426940 0.879152 -0.211695 0.119275 -0.177310 -0.976901 0.896379 0.442327 0.029160
25.156450 -44.238483 6442.623780 -1283.581165 -0.425429 0.880276 -0.210057 0.176588 -0.146902 -0.973261 0.887596 0.451147 0.092950
7.888755 -44.203405 3112.551834 -198.175868 -0.453346 0.876148 -0.163837 0.243420 -0.055126 -0.968353 0.857452 0.478881 0.188281
18.181040 -48.666463 3618.469197 -1112.569208 -0.384331 0.896293 -0.221244 0.012960 -0.234388 -0.972057 0.923104 0.376459 -0.078467
-0.159188 -47.919400 506.042095 -15.399366 -0.443005 0.889102 -0.115080 0.187417 -0.033682 -0.981703 0.876710 0.456467 0.151712
2.677020 -48.376263 603.760694 31.784981 -0.431137 0.884853 -0.176513 0.061096 -0.166550 -0.984138 0.900216 0.435082 -0.017745
10.054628 -48.684691 1420.802003 0.080003 -0.401062 0.883575 -0.241754 -0.034508 -0.278294 -0.959876 0.915401 0.376627 -0.142104
13.561694 -51.096855 -5724.873284 11153.094750 -0.444745 0.844967 0.297039 -0.020030 0.322177 -0.946467 0.895433 0.426886 0.126362
1.481686 -58.648833 -2685.066612 16083.048141 -0.450722 0.877555 0.163547 0.002831 0.184616 -0.982807 0.892660 0.442509 0.085694
6.312373 -74.409117 -5618.452575 18414.090061 -0.426346 0.878200 0.216783 0.087032 0.278369 -0.956523 0.900364 0.388942 0.195113
7.636965 -41.226705 -2602.186305 4443.378467 -0.471561 0.849952 0.234971 -0.068469 0.230362 -0.970693 0.879171 0.473829 0.050434
20.328106 -65.429482 -7259.208407 16264.733843 -0.448042 0.839223 0.308161 0.068982 0.376119 -0.924000 0.891347 0.392734 0.226408
22.435945 -50.343062 -4332.631947 6716.838852 -0.481604 0.812924 0.327432 0.017877 0.382650 -0.923720 0.876206 0.439014 0.198819
16.614119 -42.835271 -2655.944713 -1983.673650 -0.484450 0.822983 0.296658 -0.034486 0.320879 -0.946492 0.874139 0.468759 0.127068
-12.003714 -86.298679 17.901811 1541.202713 -0.494126 0.869071 -0.023553 0.553552 0.293611 -0.779341 0.670388 0.398131 0.626157
-12.767166 -82.163312 80.759413 1874.639733 -0.496999 0.867325 -0.027199 0.428666 0.218142 -0.876732 0.754478 0.447394 0.480209
-10.862682 -86.300167 201.237443 2640.252440 -0.544688 0.838172 -0.027972 0.533123 0.320319 -0.783056 0.647376 0.441433 0.621322
-9.524380 -92.560882 172.282609 2383.201976 -0.542747 0.839415 -0.028432 0.639793 0.391271 -0.661492 0.544142 0.377213 0.749413
-6.759371 -91.152961 697.450210 4052.750147 -0.597876 0.801298 -0.021598 0.600172 0.429623 -0.674699 0.531355 0.416349 0.737777
-9.394620 -85.533619 577.899073 3983.359434 -0.596041 0.802538 -0.025851 0.499029 0.345021 -0.794941 0.629051 0.486718 0.606136
6.547283 -110.229808 1935.065507 9894.352090 -0.521411 0.848142 0.093727 0.013840 -0.101420 0.994747 -0.853193 -0.519970 -0.041144
-0.586679 -117.674289 997.133796 4548.058174 -0.519431 0.851660 0.069769 -0.264007 -0.237599 0.934798 -0.812707 -0.467143 -0.348260
1.439829 -110.105351 1023.485128 10270.414185 -0.513830 0.855340 0.066125 0.004041 -0.074664 0.997201 -0.857883 -0.512658 -0.034908
953.235161 -30.084150 -780965.736603 15158.670717 0.180275 -0.928842 -0.323656 0.977135 0.206827 -0.049301 0.112734 -0.307368 0.944889
1613.261798 -40.901083 -1487115.084569 65938.949984 0.138098 -0.875637 -0.462805 0.977773 0.194968 -0.077123 0.157764 -0.441868 0.883099
657.658575 -55.050659 -462775.635732 19602.312732 0.198334 -0.926195 -0.320666 0.978019 0.208497 0.002698 0.064359 -0.314152 0.947189
-1.558639 -75.889357 -151.413462 -1737.825247 -0.518999 0.853706 0.042742 0.409876 0.204675 0.888881 -0.750095 -0.478847 0.456140
-2.320474 -83.902938 -200.753698 -7253.878946 -0.494594 0.865769 0.076298 0.529879 0.230790 0.816066 -0.688916 -0.444050 0.572900
-1.403043 -72.689774 58.636685 -1310.053676 -0.518633 0.854600 0.026032 0.409986 0.221861 0.884697 -0.750287 -0.469506 0.465439
-0.979195 -76.573451 13.892656 5937.851705 -0.537177 0.843409 -0.010084 0.286922 0.193960 0.938113 -0.793169 -0.501040 0.346183
-0.969939 -71.068329 251.495339 -917.201256 -0.521863 0.852996 0.007596 0.411296 0.243809 0.878290 -0.747325 -0.461471 0.478069
-0.675143 -75.398773 169.380978 5779.345909 -0.533562 0.845689 -0.010997 0.295719 0.198726 0.934376 -0.792377 -0.495295 0.356119
2.227105 -72.242569 46.725093 2475.467243 0.670785 -0.733622 0.108837 0.628477 0.484353 -0.608620 -0.393782 -0.476655 -0.785962
1.799802 -76.465357 374.700876 2063.015807 0.674956 -0.729960 0.107673 0.531769 0.380064 -0.756818 -0.511524 -0.568076 -0.644696
1.835372 -70.988195 161.284406 3884.783055 0.665919 -0.737714 0.111034 0.649558 0.500153 -0.572645 -0.366914 -0.453459 -0.812250
-0.100488 -105.444485 -5078.099435 -1160.684834 -0.428020 0.878923 0.210461 0.600343 0.450572 -0.660737 0.675564 0.156460 0.720509
0.770811 -110.906443 -3937.771007 6725.206773 -0.479748 0.847951 0.225434 0.667410 0.519463 -0.533593 0.569566 0.105533 0.815143
10.820570 -105.222338 -3404.602880 2748.341181 -0.499554 0.839213 0.214864 0.545763 0.497505 -0.674263 0.672747 0.219567 0.706543
6.883036 -95.522567 -5552.961324 -288.787285 -0.426876 0.877595 0.218183 0.457270 0.417628 -0.785169 0.780180 0.235401 0.579573
-4.209405 -167.024887 2089.729290 7166.786735 -0.678364 0.733037 -0.049793 0.334880 0.368802 0.867088 -0.653971 -0.571526 0.495661
-3.956120 -187.745084 -871.817339 8259.443062 -0.695856 0.712756 -0.088107 0.329616 0.425953 0.842566 -0.638073 -0.557263 0.531338
-2.199779 -190.199971 -583.325007 6010.672861 -0.680334 0.732671 -0.018403 0.122330 0.138278 0.982810 -0.722621 -0.666388 0.183703
-4.555612 -150.229792 1673.891339 7736.835379 -0.669225 0.742970 0.011581 0.347445 0.299106 0.888717 -0.656826 -0.598775 0.458310
-9.708165 -149.243234 840.201044 1482.322984 -0.695105 0.716987 -0.052523 0.453300 0.493825 0.742062 -0.557986 -0.492002 0.668271
-1.872882 -171.865765 2397.668554 14625.154670 -0.643049 0.765131 0.032604 0.199569 0.126320 0.971708 -0.739365 -0.631362 0.233926
12.282805 -32.613714 -4476.496231 -536.770022 -0.743358 0.540062 0.394653 0.241029 0.766644 -0.595115 -0.623958 -0.347261 -0.700062
26.134925 -32.295659 -2944.765597 1879.845161 -0.631417 0.711513 0.308321 -0.353119 -0.617815 0.702575 -0.690377 -0.334744 -0.641348
20.348679 -34.896165 -5322.925576 -926.969416 -0.746718 0.570004 0.342793 0.226375 0.702392 -0.674834 -0.625433 -0.426311 -0.653523
15.107144 -57.361321 -1337.600955 2530.088899 -0.345309 0.832036 -0.434141 0.716554 0.532482 0.450571 -0.606063 0.155499 0.780069
17.824605 -59.537658 3206.071368 3540.446937 -0.388477 0.808541 -0.441980 0.670544 0.577045 0.466251 -0.632025 0.115239 0.766331
23.553878 -67.019993 1688.164130 4285.187853 -0.270867 0.875485 -0.400196 0.597301 0.478884 0.643352 -0.754892 0.064775 0.652642
227.982318 -5924.511985 100424.356602 2838971.798633 0.588436 -0.773867 0.234252 0.805490 0.586228 -0.086732 -0.070206 0.239724 0.968299
-128.630964 -9007.132691 -92013.740372 1875780.780575 0.457414 -0.874997 0.158597 0.876931 0.414255 -0.243690 0.147529 0.250546 0.956798
135.742531 -1514.916550 -50460.760122 -747471.660323 -0.488720 0.861847 -0.135544 0.677725 0.472871 0.563100 -0.549400 -0.183337 0.815197
1745.165428 -6246.350228 962432.278365 -2660823.712340 0.607637 -0.720589 0.333958 -0.483415 -0.001940 0.875389 0.630148 0.693360 0.349522
-4.050656 -31.882943 219.301610 3267.880354 -0.462820 0.841163 0.279719 -0.381917 -0.473974 0.793403 -0.799961 -0.260373 -0.540619
-0.850548 -32.786720 -1581.746912 3334.679941 -0.471755 0.843678 0.256232 -0.386872 -0.459192 0.799670 -0.792324 -0.278119 -0.543022
-3.446508 -24.687559 -446.865275 2795.203531 -0.483846 0.814332 0.320557 -0.300989 -0.498785 0.812785 -0.821766 -0.296778 -0.486440
19.920958 11.587276 -1936.820554 -17859.469071 -0.459797 0.871737 -0.169298 0.100538 -0.138318 -0.985272 0.882315 0.470045 0.024044
21.802848 2.012779 -2850.777050 -14920.266589 -0.496933 0.862880 -0.092169 0.049153 -0.078053 -0.995737 0.866396 0.499345 0.003626
17.017573 -19.445680 -1116.904024 -13444.837067 -0.455889 0.886793 0.075924 -0.060068 0.054455 -0.996708 0.888008 0.458948 -0.028443
32.496042 23.833942 -10962.990950 -1196.261161 -0.154913 0.161178 -0.974691 -0.490372 0.843938 0.217494 0.857634 0.511654 -0.051700
20.189877 -1.311771 1683.801797 -16698.263769 -0.411683 0.876699 0.248827 -0.092214 0.231563 -0.968440 0.906650 0.421636 0.014486
38.386921 22.470695 -17523.087022 1090.306834 0.030378 -0.075625 -0.996673 -0.503399 0.860285 -0.080620 0.863520 0.504174 -0.011936
-11.288007 -32.401794 -1204.329702 841.076436 -0.432985 0.741453 0.512613 -0.353245 -0.662769 0.660269 -0.829302 -0.104809 -0.548884
-10.554078 -31.454496 1013.995344 1273.953441 -0.399312 0.750030 0.527261 -0.368782 -0.657925 0.656609 -0.839375 -0.067748 -0.539315
-12.417570 -35.487686 -1851.781454 871.714141 -0.405404 0.795194 0.450904 -0.470263 -0.604400 0.643081 -0.783901 -0.048664 -0.618976
-11.246867 -36.772665 -1619.025915 409.087099 -0.413726 0.809886 0.415832 -0.478396 -0.582012 0.657571 -0.774576 -0.073122 -0.628240
-10.444131 -34.250478 -1254.559019 470.941012 -0.453660 0.738790 0.498379 -0.339860 -0.660400 0.669602 -0.823825 -0.134393 -0.550682
-289.824955 -2807.752722 7735.683154 1046726.650910 0.994763 0.094555 0.038801 -0.102038 0.896974 0.430146 -0.005869 0.431853 -0.901925
-225.495271 -1743.789030 5054.926421 -620985.160784 0.942338 0.320602 0.095982 -0.230012 0.828784 -0.510109 0.243090 -0.458618 -0.854738
-231.304148 -3432.035086 -8406.335941 1725534.579964 0.931059 0.325912 -0.164043 -0.225653 0.867639 0.443038 -0.286722 0.375477 -0.881367
-131.216719 -837.575127 -9935.872219 260825.645166 0.794929 0.601273 -0.080989 -0.325440 0.535249 0.779485 -0.512032 0.593279 -0.621163
-263.375378 -883.759423 27610.673774 215381.625707 0.930495 0.348260 0.113548 -0.259546 0.408086 0.875272 -0.258485 0.843908 -0.470112
-151.038509 -3786.973363 52766.029188 1373659.255819 0.851554 0.361967 0.379258 -0.492835 0.799402 0.343614 0.178803 0.479517 -0.859123
-1.368966 -143.641028 -3330.656441 -5579.634381 0.861663 0.037206 0.506115 0.377303 -0.713925 -0.589876 -0.339381 -0.699233 0.629201
10.779714 -175.576345 -1778.840613 22104.998248 0.845495 0.088047 0.526674 0.494959 -0.499349 -0.711102 -0.200383 -0.861916 0.465777
9.099825 -144.074751 -3728.077232 7358.537840 0.878365 -0.063332 0.473777 0.394256 -0.464421 -0.793017 -0.270255 -0.883347 0.382962
-2.268783 -145.544866 -2339.751586 -14584.336677 0.889338 -0.072103 0.451530 0.279260 -0.696278 -0.661219 -0.362066 -0.714141 0.599091
-16.627534 -124.018738 -2023.942390 -16362.402567 0.887883 0.047630 0.457598 0.259939 -0.872593 -0.413538 -0.379600 -0.486121 0.787141
-43.607196 -79.107272 -740.198756 -208.847990 0.174201 0.975921 0.131267 0.964861 -0.142536 -0.220741 0.196715 -0.165108 0.966459
-48.959027 -77.760604 -1330.000255 1857.036032 0.376566 0.923956 -0.067110 0.874517 -0.378448 -0.303311 0.305643 -0.055528 0.950526
-53.738721 -78.293260 914.989252 354.017428 0.235987 0.970904 0.040695 0.949450 -0.221447 -0.222498 0.207012 -0.091144 0.974083
-48.704692 -71.681959 -828.075454 4749.451353 0.439531 0.882348 -0.168147 0.775978 -0.467284 -0.423679 0.452405 -0.055742 0.890069
23.047132 -84.731087 -865.351349 4453.362564 0.523649 0.649292 0.551553 -0.701635 0.695899 -0.153078 -0.483217 -0.306830 0.819973
19.157433 -76.557171 1102.802742 5261.596814 0.564825 0.689006 0.454140 -0.664937 0.705920 -0.244000 -0.488704 -0.164158 0.856867
14.281825 -63.567453 1635.397003 6966.489633 0.588051 0.664816 0.460668 -0.546897 0.746444 -0.379111 -0.595902 -0.029002 0.802533
19.496733 -51.086636 1694.257027 -127.654752 0.093708 0.802507 0.589238 0.717502 0.355874 -0.598786 0.690224 -0.478890 0.542453
8.041148 -48.987263 916.854650 -395.544053 0.034776 0.770064 0.637018 0.609186 0.488964 -0.624345 0.792264 -0.409775 0.452108
6.014320 -42.317500 -2932.788984 -1152.723256 0.660340 -0.720621 0.211322 -0.378668 -0.076508 0.922365 0.648507 0.689095 0.323398
2.381472 -37.619152 -2421.855528 -1365.828189 0.676449 -0.718637 0.161177 -0.269764 -0.038130 0.962171 0.685306 0.694340 0.219655
13.369667 -39.147782 -3669.832632 -1478.905489 0.689544 -0.717156 0.101074 -0.219977 -0.074423 0.972662 0.690028 0.692927 0.209076
2.692504 -70.603522 -1454.094603 -453.793162 0.624087 0.725507 -0.290094 0.066009 -0.418898 -0.905631 0.778562 -0.546044 0.309319
-3.971245 -78.887175 2050.400705 -748.485262 0.030670 0.949604 0.311947 -0.868784 0.179649 -0.461456 0.494241 0.256862 -0.830510
-10.059556 -80.643626 1402.161910 -1042.118544 0.093201 0.947603 0.305551 -0.869679 0.226892 -0.438382 0.484739 0.224873 -0.845257
-8.888137 -83.551335 1585.834553 -1954.905502 0.088638 0.949957 0.299542 -0.941404 0.178147 -0.286397 0.325427 0.256604 -0.910083
-1.366966 -97.734249 980.422679 -436.843651 0.308594 0.917617 -0.250495 0.439271 0.096103 0.893199 -0.843689 0.385671 0.373426
-3.933848 -41.534551 -2324.654484 -1486.360616 0.254312 0.902437 0.347753 0.623699 0.121773 -0.772121 0.739138 -0.413253 0.531881
15.706191 -42.082104 -21252.713643 -1415.382012 0.218993 0.832295 0.509242 0.631544 0.276931 -0.724197 0.743771 -0.480202 0.464985
8.677800 -44.577980 -12582.501227 -950.119917 0.250363 0.871594 0.421475 0.545734 0.232535 -0.805048 0.799683 -0.431568 0.417441
3.470635 -45.289375 -3404.705550 -1618.559742 0.193371 0.897588 0.396162 0.569890 0.225926 -0.790052 0.798644 -0.378542 0.467839
-1.666703 -66.909477 293.144143 -2523.913160 0.339133 0.912302 -0.229553 -0.099155 0.277319 0.955648 -0.935498 0.301330 -0.184508
-0.528283 -59.086596 412.992610 -1850.502438 0.346849 0.896804 -0.274662 -0.249138 0.370415 0.894831 -0.904227 0.241943 -0.351906
-1.690964 -72.493814 227.317393 -2042.093670 0.340886 0.919122 -0.197512 0.094074 0.175691 0.979940 -0.935386 0.352629 0.026575
-2.084346 -61.789401 200.036469 -2174.749930 0.334351 0.903962 -0.266577 -0.271078 0.363145 0.891427 -0.902622 0.225786 -0.366462
-2.476694 -74.879818 276.943624 -2086.863778 0.331983 0.921344 -0.202270 0.081796 0.185506 0.979233 -0.939732 0.341633 0.013777
-2.932595 -69.582630 247.302112 -2976.049159 0.328822 0.914589 -0.235380 -0.116254 0.286545 0.950987 -0.937209 0.285342 -0.200547
-2.589387 -68.319976 -343.341486 1936.125022 0.537655 0.737817 -0.408110 0.636979 -0.038300 0.769929 0.552436 -0.673914 -0.490565
-2.246913 -70.655021 -338.281520 937.806888 0.523408 0.740529 -0.421498 0.746162 -0.159479 0.646381 0.411444 -0.652827 -0.636028
-3.655150 -69.422196 -94.465724 754.476203 0.506373 0.755978 -0.414829 0.757400 -0.159946 0.633058 0.412228 -0.634755 -0.653571
5.258594 -129.795817 6074.540826 5410.744188 -0.627107 -0.092153 -0.773463 -0.099384 0.994327 -0.037889 0.772567 0.053110 -0.632708
1.337716 -119.351327 3439.968751 6238.846498 -0.599202 -0.092676 -0.795216 0.056033 0.985987 -0.157130 0.798635 -0.138711 -0.585612
-3.248664 -10.595778 -420.927380 -1870.638772 0.321688 -0.473065 -0.820199 -0.627207 0.542469 -0.558874 0.709316 0.694217 -0.122204
-3.939167 -12.506284 953.591167 2250.852319 -0.120606 0.298578 0.946734 0.708213 -0.642409 0.292821 0.695621 0.705806 -0.133979
-1.422124 -14.021462 2098.895050 -284.458355 -0.153229 0.306962 0.939306 0.741249 -0.592898 0.314677 0.653507 0.744477 -0.136686
-2.494187 -237.627502 -2367.148845 45548.146115 0.561388 -0.402514 0.723068 -0.448054 0.586764 0.674504 0.695767 0.702631 -0.149054
-2.332494 -340.671435 1067.092185 85189.247573 -0.560196 0.394704 -0.728279 -0.257329 0.752763 0.605912 0.787377 0.526837 -0.320126
5.436332 -319.867932 1576.817197 66227.677799 -0.559564 0.340650 -0.755544 -0.269441 0.787333 0.554533 0.783767 0.513871 -0.348778
-3.842557 -291.849880 -2762.767518 49928.988801 0.527594 -0.346620 0.775564 -0.527148 0.582339 0.618867 0.666152 0.735348 -0.124519
-5.910013 -173.861276 -1471.271746 4244.844978 0.443803 -0.282329 0.850488 0.686794 -0.502485 -0.525189 0.575633 0.817190 -0.029103
-11.499040 -151.651281 -2331.776262 5028.139243 0.461471 -0.278546 0.842293 0.678673 -0.500621 -0.537383 0.571355 0.819628 -0.041980
16.430509 -28.962252 10367.425921 -3455.143243 0.354617 0.914604 0.194283 0.840867 -0.221083 -0.494030 0.408889 -0.338557 0.847460
20.455691 -36.234980 8181.537580 -2694.865966 0.299521 0.919886 0.253174 0.840929 -0.129182 -0.525499 0.450694 -0.370299 0.812252
34.093913 -32.229142 -6978.776633 -4501.895816 -0.358269 -0.884582 -0.298594 0.860117 -0.188343 -0.474052 0.363100 -0.426664 0.828322
-14.894947 -33.297999 1085.016838 463.835653 0.254122 0.879672 -0.401994 0.714438 -0.450895 -0.535044 0.651920 0.151234 0.743053
-16.183807 -30.412472 1180.596813 -1163.340555 0.255433 0.858509 -0.444652 0.664809 -0.489890 -0.563947 0.701985 0.151558 0.695879
72.626320 -45.277451 17476.061558 11490.678248 -0.291782 0.439962 0.849292 0.750085 -0.445706 0.488589 0.593495 0.779603 -0.199960
111.623276 -91.474911 18675.968655 10365.291724 -0.124234 0.586788 0.800153 0.837465 -0.370496 0.401728 0.532183 0.720008 -0.445386
113.089210 -67.286173 15246.473864 -11309.952386 -0.184087 0.706411 0.683444 -0.676526 0.413354 -0.609468 0.713039 0.574562 -0.401812
4.274461 -75.047570 1744.625405 2847.498276 0.285349 -0.073704 -0.955585 0.912662 -0.283509 0.294399 -0.292615 -0.956133 -0.013632
7.317610 -63.281622 1083.578583 8553.860612 0.207931 -0.078320 -0.975003 0.925134 -0.307941 0.222032 -0.317633 -0.948176 0.008426
12.083109 -85.520215 1500.636700 7627.240814 0.146662 -0.080378 -0.985916 0.917627 -0.361142 0.165946 -0.369394 -0.929040 0.020791
16.808710 -159.858968 1009.927742 37014.095546 0.162479 -0.015988 -0.986582 0.840647 -0.521282 0.146892 -0.516636 -0.853235 -0.071257
1109.303559 -21.408092 -450829.155483 5552.088735 -0.356604 -0.095475 -0.929364 0.901081 -0.297882 -0.315150 -0.246752 -0.949816 0.192256
173.096440 13.608366 34746.801333 -1970.828416 0.065376 -0.306169 -0.949730 0.972819 -0.192329 0.128968 -0.222147 -0.932346 0.285273
289.086615 -15.108739 64169.324128 -10575.594284 0.136444 -0.368394 -0.919603 0.963310 -0.167231 0.209922 -0.231120 -0.914505 0.332060
-50.576154 -63.222051 1754.515920 -447.682454 -0.500990 0.262584 0.824657 0.792165 0.522879 0.314758 -0.348545 0.810955 -0.469967
-51.911420 -63.429029 2389.647087 2224.350221 -0.531967 0.286803 0.796716 0.831338 0.355682 0.427045 -0.160900 0.889513 -0.427641
-53.693833 -63.733844 912.810007 937.636996 -0.589941 0.355413 0.725018 0.771280 0.513767 0.375728 -0.238951 0.780849 -0.577215
-52.727800 -61.467386 1235.063888 -3397.769338 -0.502406 0.387737 0.772818 0.773324 0.601287 0.201057 -0.386729 0.698651 -0.601937
-53.670840 -60.932795 -1695.900277 -2021.716612 -0.485273 0.545530 0.683306 0.831531 0.529534 0.167777 -0.270307 0.649608 -0.710594
-54.302115 -62.146418 -1607.913257 -455.593574 -0.612863 0.517417 0.597226 0.779963 0.517308 0.352207 -0.126712 0.681669 -0.720605
42.333070 -98.183002 -3815.821425 5649.232758 0.695157 -0.606388 0.386071 -0.694724 -0.704701 0.144068 -0.184704 0.368362 0.911150
37.734736 -102.697033 -11432.208459 4723.792093 0.722253 -0.514917 0.461748 -0.681674 -0.642842 0.349391 -0.116923 0.567111 0.815300
42.097349 -107.095993 -1597.846988 4172.028734 0.722353 -0.607999 0.329459 -0.690934 -0.614870 0.380190 0.028581 0.502266 0.864241
29.055223 -90.996670 -15958.582093 -6724.996390 0.659530 -0.536308 0.526682 0.677861 0.727155 -0.108397 -0.324845 0.428509 0.843123
43.049193 -104.249982 9180.756751 5287.912299 0.715559 -0.665604 0.212007 -0.698068 -0.692632 0.181554 -0.026000 0.277908 0.960256
45.305467 -94.422153 3973.638936 -1861.096257 0.693045 -0.666882 0.273782 0.691139 0.722642 0.010691 -0.204976 0.181812 0.961732
36.548664 -85.662876 -6152.471540 -4014.186375 0.637332 -0.650825 0.412596 0.683053 0.724989 0.088487 -0.356717 0.225429 0.906606
3.678550 -50.418952 2194.857830 3262.322945 0.795592 -0.576026 0.187693 -0.131298 -0.466386 -0.874783 -0.591435 -0.671326 0.446684
-0.675959 -58.205011 1980.459090 3245.565590 0.792767 -0.588149 0.160003 -0.180430 -0.477182 -0.860083 -0.582207 -0.652976 0.484414
-5.220268 -62.836624 2173.772012 -11089.632592 0.779147 -0.625065 0.047145 -0.240909 -0.368030 -0.898063 -0.578699 -0.688365 0.437334
38.291026 -47.320840 7674.399722 -2068.239658 -0.343752 0.928547 -0.140125 0.074488 -0.121787 -0.989757 0.936102 0.350669 0.027302
1.037943 -46.693178 -948.470475 10696.174423 -0.449699 0.889651 0.079321 -0.028268 0.074587 -0.996814 0.892732 0.450509 0.008393
-13.168513 -82.494742 47.380093 1392.654092 -0.449560 0.893009 -0.020756 0.435420 0.198792 -0.878004 0.779940 0.403753 0.478203
-13.597941 -79.518392 58.498669 1076.104897 -0.451709 0.891797 -0.025647 0.298571 0.124016 -0.946295 0.840723 0.435108 0.322284
1605.329700 -5.576147 -1733973.070477 9764.118943 0.131952 -0.921718 -0.364725 0.981749 0.172357 -0.080392 0.136962 -0.347461 0.927638
1725.903333 -1.850252 -1984385.617130 82364.163837 0.126214 -0.830110 -0.543128 0.970398 0.216961 -0.106095 0.205908 -0.513659 0.832920
1020.598324 -22.600551 -606465.381723 63732.833606 0.030154 -0.684634 -0.728263 0.968625 0.199836 -0.147757 0.246692 -0.700958 0.669179
-1.847670 -89.852659 -425.490816 -8101.467124 -0.500390 0.860929 0.091709 0.529081 0.220218 0.819498 -0.685334 -0.458590 0.565696
2.344780 -81.456956 361.572876 442.797154 0.670475 -0.734598 0.104064 0.386344 0.225940 -0.894254 -0.633405 -0.639779 -0.435294
0.977618 -80.729245 822.657322 44.738057 0.683378 -0.722948 0.101691 0.398987 0.253183 -0.881311 -0.611395 -0.642842 -0.461466
10.479664 -115.599169 -2251.628380 10880.492612 -0.544087 0.814353 0.201986 0.621209 0.552808 -0.555430 0.563976 0.176727 0.806659
-8.674133 -214.367091 -1285.659335 -5046.188317 -0.688137 0.716941 -0.111634 0.220368 0.353095 0.909264 -0.691307 -0.601098 0.400969
-8.663573 -195.536805 454.545155 5985.082027 -0.705417 0.690226 -0.161166 0.434014 0.600401 0.671678 -0.560374 -0.403865 0.723101
-12.890493 -192.270260 792.470402 23417.108324 0.717910 -0.670286 0.187944 0.590107 0.729189 0.346493 -0.369296 -0.137844 0.919032
-14.719634 -217.491571 -2717.836106 8518.685217 -0.707941 0.689264 -0.154061 0.440424 0.601360 0.666628 -0.552129 -0.404081 0.729296
27.259118 -74.972308 3112.227981 8275.067813 -0.378474 0.833949 -0.401604 0.629811 0.549976 0.548512 -0.678303 0.045337 0.733382
20.872259 -68.661400 7349.821041 1703.330278 -0.479597 0.741898 -0.468588 0.656565 0.657682 0.369293 -0.582159 0.130546 0.802526
-2.262282 -39.381427 -625.445556 2397.461938 -0.464737 0.849234 0.250642 -0.472874 -0.477362 0.740618 -0.748605 -0.225671 -0.623429
3.524194 -39.502941 -3180.545539 2409.260031 -0.472953 0.849737 0.232942 -0.476229 -0.468971 0.743823 -0.741297 -0.240860 -0.626470
5.873538 -32.777481 -3583.838655 3520.813686 -0.467554 0.855121 0.223969 -0.401908 -0.431310 0.807739 -0.787314 -0.287647 -0.545340
27.214033 20.724323 -1809.268017 -12043.235087 -0.592500 0.795951 -0.124115 0.047553 -0.119245 -0.991725 0.804165 0.593500 -0.032803
-12.800045 -34.914785 302.950882 1097.832693 -0.385171 0.777450 0.497207 -0.466002 -0.628893 0.622362 -0.796546 -0.008016 -0.604525
-197.087460 -1766.142098 -4124.605620 -496063.595356 0.977477 0.156366 0.141735 0.040585 0.519783 -0.853334 0.207104 -0.839866 -0.501730
-594.897894 -3542.229511 -7689.650585 -1074143.632246 0.957404 -0.182174 -0.224030 -0.114408 0.473037 -0.873583 -0.265119 -0.862003 -0.432045
-0.126440 -274.275144 1932.282782 81641.716849 0.865581 0.217721 0.450962 0.477921 -0.090247 -0.873754 0.149537 -0.971830 0.182170
8.204090 -408.850935 47.883759 120277.973068 0.807388 0.267631 0.525831 0.589167 -0.413617 -0.694121 -0.031724 -0.870227 0.491629
-1.190503 -388.694707 3890.243238 95415.352948 0.850960 0.289187 0.438449 0.524548 -0.510458 -0.681383 -0.026763 -0.809817 0.586072
-30.483882 -85.027647 -4192.716665 6675.454452 0.099321 0.955748 0.276914 0.937575 0.003328 -0.347766 0.333298 -0.294168 0.895755
21.559340 -92.668538 -956.495059 9752.752633 0.523297 0.623786 0.580561 -0.652936 0.731290 -0.197205 -0.547572 -0.275872 0.789974
17.474196 -92.924828 -1769.206488 2390.702268 0.510513 0.613681 0.602306 -0.712884 0.693736 -0.102598 -0.480804 -0.376997 0.791644
12.301370 -91.076655 -3592.447442 9517.359643 0.499334 0.546163 0.672585 -0.548721 0.800110 -0.242341 -0.670500 -0.248053 0.699214
8.886389 -78.727143 -6319.789777 9991.817217 0.484079 0.528922 0.697071 -0.399813 0.842309 -0.361476 -0.778342 -0.103715 0.619214
13.563873 -69.732150 -6189.546434 6988.369732 0.507587 0.523124 0.684614 -0.322306 0.852180 -0.412199 -0.799046 -0.011428 0.601162
4.490666 -44.752854 -4082.863628 -1532.849564 0.650356 -0.717374 0.249823 -0.454890 -0.104402 0.884407 0.608369 0.688821 0.394225
-2.239149 -70.957022 -54.253978 1093.458546 0.581034 0.722668 -0.374366 0.603472 -0.073906 0.793951 0.546096 -0.687232 -0.479052
-3.644018 -65.972550 283.276075 1197.354368 0.585781 0.728561 -0.355049 -0.501874 -0.017902 -0.864756 0.636383 -0.684747 -0.355159
-2.007663 -69.903274 96.489030 -179.578041 0.601185 0.718946 -0.348846 -0.575015 0.086053 -0.813605 0.554919 -0.689718 -0.465139
-3.440705 -65.113177 -57.541994 -66.441168 0.571408 0.731079 -0.372848 -0.512066 -0.037415 -0.858131 0.641312 -0.681266 -0.352982
-0.127872 -74.165647 -39.446783 2689.226208 0.589051 0.721686 -0.363578 0.663279 -0.174783 0.727676 0.461606 -0.669792 -0.581635
-0.334149 -73.081105 -300.310636 2212.848769 0.562851 0.725147 -0.396687 0.701670 -0.165522 0.693009 0.436872 -0.668404 -0.601979
-2.120363 -69.716992 -526.646089 1788.470666 0.560655 0.722635 -0.404307 0.624550 -0.048444 0.779481 0.543695 -0.689530 -0.478482
9.589755 -77.183529 3879.724120 588.250744 -0.036834 0.957836 0.284944 -0.868733 0.110236 -0.482858 0.493910 0.265326 -0.828043
-10.261309 -60.918926 505.897360 -4859.785323 0.180158 0.959172 -0.218018 -0.263907 0.260652 0.928662 -0.947574 0.109770 -0.300090
1.915693 -39.981266 -6843.739488 -447.912731 0.212287 0.879878 0.425145 0.698685 0.167506 -0.695543 0.683208 -0.444698 0.579198
27.850209 -40.114476 -22463.844383 753.035437 0.134948 0.807290 0.574518 0.706138 0.328398 -0.627315 0.695096 -0.490344 0.525741
-2.850034 -56.597033 329.510621 -1526.559358 0.550924 0.763236 -0.337571 -0.367502 -0.141292 -0.919227 0.749283 -0.630482 -0.202649
-1.267598 -50.415125 566.099592 -967.752303 0.564156 0.779867 -0.271177 -0.210462 -0.181759 -0.960557 0.798395 -0.598976 -0.061592
-0.201192 -47.409761 523.273972 -861.657804 0.567669 0.783437 -0.252938 -0.213109 -0.156928 -0.964343 0.795196 -0.601331 -0.077874
4.560750 -66.700479 88.175329 1799.526482 0.460498 0.814734 -0.352349 -0.837855 0.530042 0.130588 -0.293155 -0.235082 -0.926713
4.745597 -61.304218 371.151192 1409.345867 0.468022 0.804265 -0.366216 -0.823866 0.547008 0.148417 -0.319689 -0.232250 -0.918618
5.371504 -71.646746 320.481306 -2136.972704 0.507417 0.786864 -0.351245 0.847562 -0.529283 0.038702 -0.155455 -0.317340 -0.935483
6.276044 -78.757808 -362.167741 -2968.075013 0.504054 0.792774 -0.342694 0.854300 -0.515950 0.062977 -0.126887 -0.324507 -0.937334
6.305506 -83.665623 70.140557 -3102.083686 0.545059 0.772248 -0.326410 0.838032 -0.490330 0.239330 0.024773 -0.403991 -0.914427
5.792455 -77.053247 -34.277729 -3020.990005 0.544284 0.761944 -0.350994 0.838459 -0.507679 0.198112 -0.027242 -0.402123 -0.915180
-17.687790 -189.752080 -301.107307 18819.051636 0.509778 -0.052491 0.858703 -0.175149 0.970900 0.163329 -0.842288 -0.233662 0.485749
-20.648228 -223.367261 -256.857538 14754.005500 0.506771 -0.025127 0.861715 -0.465912 0.833035 0.298291 -0.725334 -0.552649 0.410451
-19.249224 -189.870350 715.931798 17783.156290 0.557849 -0.017024 0.829768 -0.245914 0.951502 0.184849 -0.792673 -0.307170 0.526608
-18.397723 -226.584393 2312.309429 14651.523396 0.566867 0.022222 0.823510 -0.483027 0.818741 0.310401 -0.667343 -0.573733 0.474851
-12.797434 -167.281234 1302.295106 28479.622672 0.574901 0.011756 0.818139 0.046411 0.997819 -0.046950 -0.816906 0.064962 0.573101
0.361571 -14.372305 1596.662954 929.997635 -0.638240 0.702752 0.314309 -0.284873 0.163703 -0.944483 0.715191 0.692345 -0.095713
7.239830 -21.002934 4010.963009 1974.881338 -0.670023 0.709767 0.217485 -0.206385 0.103317 -0.973001 0.713074 0.696819 -0.077261
14.042578 -24.595324 4580.980808 1513.456919 -0.645058 0.710477 0.281287 -0.265617 0.136676 -0.954341 0.716483 0.690320 -0.100551
6.172565 -543.853201 8580.658448 132149.828568 -0.591712 0.388701 -0.706250 0.097279 0.904104 0.416092 0.800259 0.177503 -0.572782
