15502
30992
-55.677160 -83.692786 -1522.823651 -17477.385257 0.755683 -0.449804 -0.476046 -0.275893 0.440591 -0.854261 -0.593992 -0.776888 -0.208849
-65.784442 -96.805479 -2551.103215 -13379.825523 0.697007 -0.450347 -0.558004 -0.242489 0.584299 -0.774463 -0.674819 -0.675116 -0.298057
-61.205184 -112.397794 2731.241987 -23288.217696 0.780208 -0.587812 -0.213899 0.047605 0.396760 -0.916687 -0.623706 -0.705024 -0.337538
-50.656384 -77.985578 -491.474001 10324.545520 0.505894 -0.234451 -0.830123 0.577997 -0.622222 0.527977 -0.640305 -0.746909 -0.179266
-46.626246 -105.845566 8897.742554 -31291.617157 0.835682 -0.510043 -0.203695 -0.037827 0.316553 -0.947820 -0.547910 -0.799781 -0.245244
-36.031354 -74.147043 8843.355537 -17206.432796 0.827504 -0.410843 -0.382682 -0.261217 0.321610 -0.910128 -0.496994 -0.853097 -0.158814
-39.878458 -62.417843 174.537417 7336.352419 0.538749 -0.202571 -0.817749 0.650988 -0.516028 0.556713 -0.534756 -0.832274 -0.146138
18.474730 -192.203648 -33830.156114 -12900.850969 -0.678520 0.074649 -0.730779 0.363738 0.898445 -0.245949 0.638205 -0.432694 -0.636765
58.170908 -194.941788 25606.911588 -28472.160590 0.729601 -0.082210 0.678914 0.424004 0.833288 -0.354757 0.536566 -0.546693 -0.642825
2.496925 -173.300036 38798.164910 -29158.124481 0.671543 -0.045631 0.739559 0.487802 0.778524 -0.394905 0.557745 -0.625954 -0.545071
-55.045331 -189.547866 -46887.436273 -10979.082799 -0.634247 0.128340 -0.762404 0.446052 0.866196 -0.225261 0.631481 -0.482943 -0.606628
5.411213 -17.925605 38.299073 6607.333240 0.916424 -0.203595 -0.344552 0.301249 0.917702 0.258983 -0.263469 0.341134 -0.902337
7.770050 -12.834993 -2906.761327 -27.835438 0.693221 -0.575428 -0.433967 0.676329 0.727440 0.115805 -0.249047 0.373783 -0.893455
5.885401 -21.575344 -545.113962 3786.937523 0.836755 -0.377630 -0.396531 0.480355 0.853853 0.200484 -0.262870 0.358232 -0.895862
8.778907 -29.430093 -427.197608 6597.759269 0.924765 -0.174248 -0.338300 0.264552 0.933410 0.242401 -0.273535 0.313662 -0.909283
10.498765 -31.371096 57.078856 7904.750452 0.951721 -0.064919 -0.300022 0.148321 0.952969 0.264295 -0.268754 0.296035 -0.916589
2.924844 -54.462574 1522.130496 4170.669280 -0.559067 0.678295 0.476823 0.203888 -0.444964 0.872030 -0.803663 -0.584742 -0.110468
3.812589 -55.128320 -5198.457166 3903.810462 -0.611417 0.684591 0.396868 0.148900 -0.393041 0.907385 -0.777173 -0.613884 -0.138377
11.343156 -62.916128 -2387.610521 4866.480199 -0.584808 0.686372 0.432312 0.099190 -0.468440 0.877910 -0.805085 -0.556289 -0.205866
1.030781 -47.483006 -2220.448848 3623.287266 -0.590870 0.682393 0.430363 0.238846 -0.361566 0.901234 -0.770600 -0.635303 -0.050652
7.224140 -63.763198 8839.360806 5333.341182 -0.512716 0.696279 0.502313 0.148578 -0.504281 0.850662 -0.845605 -0.510780 -0.155101
-1.308869 -55.579434 6765.495938 6794.853402 -0.515896 0.659317 0.546948 0.265995 -0.483626 0.833878 -0.814309 -0.575679 -0.074126
-0.382260 -47.274062 3429.037923 4526.999084 -0.546481 0.664043 0.510300 0.300186 -0.413527 0.859584 -0.781823 -0.622931 -0.026649
-38.229956 -64.887968 1528.527682 -1465.212286 -0.127726 -0.638432 -0.759006 0.991712 -0.071455 -0.106782 0.013938 -0.766354 0.642267
-38.287710 -66.555160 1160.828598 681.736593 -0.134688 -0.653297 -0.745025 0.983741 0.001981 -0.179581 0.118796 -0.757099 0.642408
-39.727536 -66.042184 11.150678 -1854.617906 -0.133762 -0.711047 -0.690304 0.989785 -0.061177 -0.128777 0.049336 -0.700478 0.711967
-35.312845 -66.181724 1829.806728 -313.511825 -0.113416 -0.585158 -0.802949 0.989693 0.004586 -0.143135 0.087439 -0.810907 0.578606
-39.774433 -61.314169 1745.923659 -3098.212685 -0.096716 -0.665726 -0.739902 0.991580 -0.128763 -0.013759 -0.086112 -0.735002 0.672574
-36.732614 -64.160230 663.783464 -1943.033879 -0.089689 -0.605903 -0.790467 0.994388 -0.099194 -0.036793 -0.056116 -0.789330 0.611399
2.764211 -63.771838 1019.647015 -728.481684 0.389028 -0.246047 -0.887760 -0.576302 0.686817 -0.442897 0.718703 0.683917 0.125394
0.556510 -61.945043 1139.590873 -988.366293 0.387721 -0.259781 -0.884413 -0.582377 0.674676 -0.453485 0.714499 0.690888 0.110296
1.141090 -61.294748 491.957338 -782.635743 0.376145 -0.233491 -0.896659 -0.509499 0.756165 -0.410640 0.773903 0.611307 0.165464
3.566750 -63.752617 228.927627 -145.768001 0.381085 -0.221440 -0.897629 -0.498699 0.768305 -0.401257 0.778507 0.600560 0.182358
2.170054 -61.162435 407.425750 157.790025 0.367859 -0.206610 -0.906638 -0.438937 0.820962 -0.365180 0.819765 0.532292 0.211310
0.348901 -59.137074 859.771611 -330.484515 0.361364 -0.215266 -0.907236 -0.451971 0.810598 -0.372362 0.815560 0.544603 0.195627
-21.947396 -75.212372 -469.301991 -9368.255733 -0.781689 0.166950 0.600908 -0.074770 0.931469 -0.356055 -0.619170 -0.323254 -0.715636
-19.346346 -72.804945 -2225.012196 4907.897707 -0.799406 0.217526 0.560030 -0.075427 0.888440 -0.452753 -0.596038 -0.404174 -0.693817
-21.615788 -72.908590 -2121.652022 946.340586 -0.768371 0.185611 0.612499 -0.090865 0.915690 -0.391478 -0.633522 -0.356455 -0.686724
-23.361714 -80.401022 -700.531827 -10232.863092 -0.754837 0.150352 0.638448 -0.064421 0.951673 -0.300281 -0.652741 -0.267792 -0.708672
-21.010744 -79.885090 -760.665659 -2035.201671 -0.740225 0.163745 0.652115 -0.088049 0.937931 -0.335459 -0.666569 -0.305733 -0.679863
-20.692399 -81.896888 372.444327 9160.339790 -0.750400 0.237613 0.616798 -0.102481 0.880043 -0.463704 -0.652991 -0.411173 -0.636034
23.806279 -149.978574 2707.846269 2418.778977 0.857714 -0.439562 -0.266666 0.197499 -0.197180 0.960268 0.474679 0.876302 0.082311
30.159386 -149.711647 -912.100748 1939.500637 0.875816 -0.427497 -0.224035 0.071396 -0.344323 0.936133 0.477334 0.835876 0.271042
25.028266 -146.396071 -1164.601392 3865.827035 0.887915 -0.403485 -0.220924 0.164739 -0.169497 0.971664 0.429498 0.899150 0.084029
16.813412 -142.019973 1193.692382 540.594546 0.868653 -0.416278 -0.268616 0.291936 -0.007963 0.956405 0.400269 0.909202 -0.114609
17.081569 -140.434043 673.580471 -1793.958926 0.886824 -0.402111 -0.227703 0.268428 0.047164 0.962144 0.376150 0.914375 -0.149764
-4.496538 -70.835074 -663.286171 -3056.741148 -0.511437 0.320692 0.797238 0.695844 -0.389814 0.603196 0.504215 0.863251 -0.023786
-3.678008 -73.195321 -134.120028 -5892.360856 -0.514304 0.313028 0.798439 0.664139 -0.443662 0.601734 0.542596 0.839749 0.020283
-4.368540 -76.015113 -1860.466283 -4010.422606 -0.507692 0.329573 0.796009 0.649167 -0.461107 0.604949 0.566420 0.823870 0.020152
-5.808712 -74.938495 -1113.050131 -712.102888 -0.529204 0.336361 0.778976 0.714010 -0.319453 0.623008 0.458402 0.885895 -0.071110
183.721245 -13.243782 -85599.912000 -8270.351258 0.063560 0.980411 -0.186425 0.990819 -0.039658 0.129251 0.119326 -0.192928 -0.973930
1635.149122 -213.953550 -745334.336411 -35947.186998 0.137104 0.986394 -0.090718 -0.981699 0.123087 -0.145312 0.132169 -0.108980 -0.985218
185.397039 -0.957423 -91791.050506 2009.020929 -0.001350 0.962001 -0.273043 0.985536 0.047551 0.162661 0.169464 -0.268874 -0.948150
45.930765 -0.991670 -32124.109961 -2964.121737 -0.226142 0.920112 -0.319770 0.959672 0.266727 0.088803 0.167001 -0.286793 -0.943324
84.863727 -39.646265 33345.563103 3016.343236 -0.249578 0.916848 0.311610 -0.876286 -0.350784 0.330263 -0.412109 0.190633 -0.890969
41.277018 -33.921667 17625.901918 1709.777367 -0.113294 0.938064 0.327414 -0.913368 -0.228034 0.337283 -0.391054 0.260837 -0.882633
59.067087 -32.756274 22773.836330 2021.007288 -0.023221 0.949916 0.311643 -0.887656 -0.162999 0.430695 -0.459922 0.266630 -0.846983
-0.627199 -138.040790 -2819.725025 -3602.877698 0.921449 -0.307187 -0.237841 0.308493 0.206422 0.928559 0.236146 0.928992 -0.284972
0.640998 -125.606749 -3329.422348 -9791.848799 0.922335 -0.303756 -0.238811 0.355109 0.422759 0.833770 0.152303 0.853819 -0.497792
3.467546 -128.434276 -2304.981911 -6648.048160 0.925404 -0.305835 -0.223813 0.333389 0.376120 0.864514 0.180218 0.874642 -0.450025
-7.052278 -78.266185 20.380872 -4517.923492 0.444705 -0.029230 -0.895200 0.834945 0.375295 0.402518 0.324199 -0.926444 0.191301
-4.655972 -70.847897 31.611699 -3431.130601 0.510638 -0.005451 -0.859778 0.832411 0.253500 0.492777 0.215267 -0.967320 0.133985
-5.474921 -74.350942 -617.084800 -3348.022001 0.482735 -0.010877 -0.875699 0.851954 0.237420 0.466697 0.202832 -0.971346 0.123878
-2.523215 -68.767233 -752.005795 -1520.012391 0.535018 -0.002734 -0.844837 0.834491 0.157756 0.527956 0.131835 -0.987474 0.086684
-7.176178 -78.687838 -1087.408004 -5815.605399 0.445976 -0.021481 -0.894787 0.853026 0.312916 0.417649 0.271022 -0.949538 0.157877
-2.997543 -71.932631 -1006.256564 -214.972077 0.526750 0.000737 -0.850020 0.843841 0.119903 0.523025 0.102305 -0.992785 0.062537
-5.478862 -74.516008 -788.774953 -2321.555406 0.467985 -0.006659 -0.883711 0.867368 0.195031 0.457860 0.169303 -0.980774 0.097048
-38.060846 -77.225872 1291.443172 1677.583787 -0.566043 -0.019147 0.824154 0.715821 0.484457 0.502893 -0.408896 0.874606 -0.260517
-34.926693 -79.236389 -1275.573745 4750.473261 -0.494772 0.087907 0.864565 0.777832 0.488444 0.395473 -0.387527 0.868156 -0.310046
-31.241013 -77.207979 4639.116905 1175.265384 -0.549919 -0.036240 0.834432 0.657844 0.596773 0.459460 -0.514617 0.801591 -0.304336
-43.952993 -72.482521 -4740.889314 1692.299131 -0.514476 0.062344 0.855236 0.799091 0.396664 0.451786 -0.311075 0.915844 -0.253893
-6.026631 -175.017535 -2616.178806 13395.017261 -0.211699 0.801732 0.558935 0.977333 0.172580 0.122623 0.001850 0.572225 -0.820095
-9.456362 -180.602724 -998.356019 16628.041714 -0.229297 0.774671 0.589328 0.968106 0.244310 0.055527 -0.100964 0.583265 -0.805983
-5.985109 -165.054271 -833.956952 7061.135850 -0.173252 0.798433 0.576618 0.975994 0.060727 0.209162 0.131986 0.599013 -0.789787
-4.256886 -194.779257 -1744.167885 13086.990561 -0.175296 0.810781 0.558484 0.962016 0.020480 0.272224 0.209276 0.584991 -0.783575
-4.602701 -182.443732 -1456.957812 -7710.617615 -0.147629 0.808504 0.569673 0.931179 -0.080501 0.355563 0.333333 0.582959 -0.740977
22.680264 -277.066493 -2283.702130 42817.428069 -0.290681 0.773766 0.562842 0.379148 -0.446940 0.810242 -0.878494 -0.448922 0.163455
19.125109 -226.337720 -1696.824134 59764.694359 -0.267599 0.730410 0.628404 0.672543 -0.325439 0.664662 -0.689983 -0.600492 0.404146
18.545766 -214.955598 -1333.595676 36118.991886 -0.305232 0.736143 0.604091 0.557495 -0.376156 0.740071 -0.772031 -0.562672 0.295581
20.498642 -1596.170929 -27597.410677 911062.946589 -0.037099 0.666948 0.744180 -0.505300 0.629956 -0.589769 0.862146 0.397914 -0.313638
13.972769 -1344.732040 -508.517972 729846.705022 -0.042941 0.737112 0.674404 -0.359515 0.618407 -0.698800 0.932151 0.272466 -0.238448
15.726292 -788.572927 -11192.397127 254680.173895 -0.027382 0.711633 0.702018 0.040407 0.702495 -0.710540 0.998808 -0.008910 0.047991
35.399055 -552.930355 -13372.363396 172432.353337 -0.102813 0.701893 0.704823 -0.163553 0.687005 -0.708007 0.981163 0.188068 -0.044163
40.770172 -400.224887 -14233.766637 68675.404909 -0.107603 0.724632 0.680684 -0.511110 0.546935 -0.663045 0.852753 0.419250 -0.311514
-95.721830 -1048.765039 -24422.448484 477466.652221 0.705650 -0.619092 -0.344649 -0.568281 -0.203957 -0.797157 -0.423220 -0.758371 0.495740
26.272771 -1568.482478 -26997.849097 895866.870621 0.890712 -0.411862 -0.192360 -0.213112 -0.004569 -0.977017 -0.401518 -0.911235 0.091842
-90.029486 -1815.105363 -26562.385934 1035615.444951 0.779544 -0.547635 -0.303987 -0.267388 0.147919 -0.952168 -0.566406 -0.823539 0.031122
-73.275968 -2217.288047 -41844.453668 1401921.439616 0.731186 -0.608680 -0.308018 -0.680715 -0.621449 -0.387851 -0.044659 -0.493264 0.868733
7.296369 -68.654921 -1332.631752 5363.281630 -0.518082 0.855241 -0.012405 0.673462 0.416820 0.610500 -0.527295 -0.307934 0.791919
3.099031 -74.345481 2816.988925 4583.171327 -0.467181 0.884049 0.014087 0.637848 0.325956 0.697784 -0.612284 -0.334977 0.716170
5.102405 -71.257953 -4046.708765 4875.204755 -0.503203 0.864055 0.013985 0.622955 0.351481 0.698847 -0.598927 -0.360374 0.715134
8.317012 -63.510037 -5337.427103 3427.055003 -0.561872 0.826822 -0.025795 0.706727 0.496000 0.504501 -0.429927 -0.265235 0.863025
6.840975 -67.386328 177.667379 3895.521161 -0.525969 0.850332 -0.017094 0.705096 0.447197 0.550322 -0.475601 -0.277399 0.834778
13.379482 -60.121224 -5882.407321 4606.366575 -0.570950 0.818476 -0.064135 0.666718 0.507833 0.545520 -0.479065 -0.268705 0.835640
2.996793 -67.370050 13278.300572 -367.096482 -0.182491 0.969678 0.162549 -0.127385 -0.187250 0.974018 -0.974920 -0.157043 -0.157694
-6.615085 -66.185984 12140.072400 -1154.931323 -0.196930 0.963132 0.183292 -0.216269 -0.225023 0.950049 -0.956267 -0.147453 -0.252610
-21.540849 -67.007369 8695.656540 14.869418 -0.231816 0.949132 0.213094 -0.104607 -0.242114 0.964592 -0.967119 -0.201317 -0.155412
-11.915105 -67.259552 9357.377487 301.887522 -0.203207 0.961981 0.182482 -0.015659 -0.189540 0.981748 -0.979011 -0.196641 -0.053579
6.925058 -68.733690 15245.582153 -385.804763 -0.180899 0.974149 0.135309 -0.009935 -0.139381 0.990189 -0.983452 -0.177780 -0.034892
19.459774 -50.156713 -5743.379976 4242.933650 -0.677858 0.728016 -0.102469 0.673539 0.670822 0.310390 -0.294708 -0.141383 0.945070
32.859587 -30.281777 7419.957795 10879.293298 0.764236 -0.619334 0.179914 0.585965 0.783328 0.207469 -0.269424 -0.053132 0.961555
20.725257 -34.864795 6065.515073 13212.772545 0.738054 -0.665760 0.109725 0.639417 0.742033 0.201329 -0.215456 -0.078432 0.973359
13.580247 -58.319637 -5403.625010 2292.007475 -0.615335 0.785522 -0.065716 0.699571 0.582616 0.413713 -0.363267 -0.208599 0.908033
22.709336 -51.264092 -6419.076467 739.339535 -0.666874 0.733825 -0.129537 0.648301 0.657058 0.384682 -0.367402 -0.172556 0.913915
125.999596 -58.011037 -10788.995591 7977.514240 0.698766 0.482940 0.527725 0.606931 -0.009780 -0.794694 0.378629 -0.875599 0.299946
177.986685 -30.492282 -70623.994460 12256.254782 0.870203 0.168861 0.462853 0.471079 -0.009961 -0.882035 0.144331 -0.985589 0.088215
143.804599 -59.299824 -71877.310627 11279.237256 0.770287 0.222457 0.597638 0.624211 -0.071303 -0.777995 0.130458 -0.972332 0.193784
-26.221782 -53.761238 547.211303 1742.592383 0.369819 -0.275697 -0.887257 0.642002 -0.614478 0.458530 -0.671615 -0.739194 -0.050248
-27.185316 -57.577096 -784.389599 4028.771157 0.403118 -0.254030 -0.879184 0.642867 -0.605136 0.469610 -0.651321 -0.754506 -0.080634
-27.027992 -57.025110 274.241081 -1375.194346 0.288996 -0.163255 -0.943307 0.753044 -0.569641 0.329292 -0.591105 -0.805517 -0.041685
23.124072 -204.774789 1680.998444 9554.791440 0.847933 -0.204524 -0.489059 -0.527924 -0.242236 -0.814014 -0.048018 -0.948415 0.313373
18.838426 -201.398288 5239.446608 14813.032681 0.858242 -0.156230 -0.488889 -0.512629 -0.214280 -0.831442 -0.025137 -0.964197 0.263992
26.709596 -193.602552 2593.905055 -11666.172544 0.858787 -0.186475 -0.477192 -0.493030 -0.047540 -0.868712 -0.139307 -0.981309 0.132764
14.941488 -288.970564 5711.672250 77221.480701 0.844497 -0.158566 -0.511549 -0.523809 -0.443548 -0.727248 0.111580 -0.882112 0.457633
34.229303 -194.698835 -354.279184 -5954.282444 0.825539 -0.247375 -0.507238 -0.527678 -0.019661 -0.849217 -0.200103 -0.968720 0.146765
27.249274 -205.681365 -1052.273283 -2481.489542 0.836614 -0.240927 -0.491967 -0.546047 -0.295137 -0.784045 -0.043700 -0.924580 0.378473
18.188943 -276.791088 938.756165 71858.423333 0.844495 -0.214231 -0.490850 -0.530278 -0.462929 -0.710283 0.075064 -0.860117 0.504543
-16.240255 -175.828923 8317.625498 55018.787635 0.414842 0.501312 0.759337 -0.307821 0.862650 -0.401350 -0.856243 -0.067243 0.512178
-20.352635 -130.215838 5269.913320 51767.884778 0.358114 0.548143 0.755840 -0.214764 0.836182 -0.504654 -0.908642 0.018396 0.417170
-59.200898 -381.337600 2620.038401 168233.253860 0.477944 0.190133 0.857566 -0.111017 0.981539 -0.155746 -0.871347 -0.020766 0.490228
-52.055518 -349.972425 14315.459641 123205.433253 0.551049 0.270406 0.789447 -0.270840 0.952782 -0.137301 -0.789298 -0.138155 0.598266
-54.018704 -1335.805698 25176.372836 620009.128199 0.562341 0.241957 0.790714 -0.407977 0.912929 0.010791 -0.719255 -0.328661 0.612090
-87.358118 -594.987747 -3375.767786 249305.055621 0.497355 0.089907 0.862876 -0.135667 0.990439 -0.025000 -0.856874 -0.104630 0.504797
-29.337540 -71.388744 26680.478042 7855.074288 0.424095 -0.593342 -0.684171 -0.253251 0.647631 -0.718636 0.869487 0.478037 0.124392
24.270857 -81.674421 33329.481589 11075.010759 0.416617 -0.596395 -0.686107 -0.195192 0.678438 -0.708253 0.887880 0.428993 0.166237
5.942780 -63.185550 30301.554791 7696.375955 0.402192 -0.603737 -0.688290 -0.281177 0.633993 -0.720412 0.871310 0.483275 0.085230
-12.713122 -39.265152 21607.303732 11561.599606 0.351874 -0.492012 -0.796310 -0.424287 0.674468 -0.604214 0.834365 0.550471 0.028573
-37.888796 -54.810003 17621.613669 4584.052201 0.326201 -0.331337 -0.885330 -0.493843 0.738861 -0.458478 0.806047 0.586770 0.077389
-52.333640 -72.115523 -12474.801512 6330.681208 -0.559123 0.631059 0.537724 -0.178457 0.541769 -0.821365 0.809651 0.555204 0.190299
-51.279192 -79.096244 -447.890850 3034.276415 0.880596 -0.356798 -0.311842 -0.071614 -0.750723 0.656724 0.468425 0.555976 0.686636
-51.569868 -80.851470 -2538.973027 -4153.929177 0.837540 -0.419306 -0.350298 0.106359 0.753986 -0.648223 0.535923 0.505656 0.676091
-54.621270 -80.618242 -1283.630004 -1187.270838 0.851318 -0.446578 -0.275364 -0.076037 -0.624333 0.777449 0.519110 0.640918 0.565463
-49.901423 -78.041195 923.954283 -5800.016418 0.875541 -0.316847 -0.364741 0.071378 0.831476 -0.550956 0.477843 0.456350 0.750607
135.606703 -59.772863 -50032.620362 -1007.047352 -0.242612 0.878430 -0.411704 -0.433923 -0.477825 -0.763803 0.867670 0.006660 -0.497097
120.267020 -58.186982 -41662.140791 -731.253875 -0.265824 0.875982 -0.402484 -0.364787 -0.477862 -0.799111 0.892339 0.065602 -0.446574
128.460973 -53.868400 12258.062821 -874.405765 -0.529754 0.820476 -0.214896 -0.435373 -0.480501 -0.761294 0.727881 0.309739 -0.611761
134.321639 -58.263498 -20728.086842 -2422.764279 -0.375212 0.871996 -0.314386 -0.492835 -0.474923 -0.729083 0.785067 0.118620 -0.607947
127.658567 -52.925904 60278.121521 -1971.791179 -0.704824 0.709379 0.002283 -0.461025 -0.455614 -0.761493 0.539147 0.537771 -0.648169
144.712539 -56.901062 49350.603640 -762.661409 -0.651520 0.756813 -0.052499 -0.499054 -0.479685 -0.721698 0.571373 0.444001 -0.690214
116.035752 -48.514877 52279.796938 -3223.079321 -0.701607 0.710947 -0.047982 -0.392310 -0.441613 -0.806889 0.594845 0.547295 -0.588750
-18.465176 -217.303302 1817.417720 -45498.123083 0.566131 0.416021 -0.711634 0.658714 0.290692 0.693970 0.495572 -0.861641 -0.109469
-20.506597 -227.802281 2471.025584 -51996.307226 0.557360 0.405217 -0.724672 0.678425 0.280885 0.678854 0.478632 -0.870002 -0.118356
-19.497883 -162.221877 1907.385692 -42827.663930 0.562541 0.396055 -0.725732 0.774374 0.055115 0.630323 0.289641 -0.916571 -0.275691
-14.145841 -173.587653 6422.367504 -37103.399474 0.539579 0.453525 -0.709344 0.749426 0.125233 0.650137 0.383686 -0.882401 -0.272310
-11.904348 -208.729870 6842.519920 -26493.952285 0.523877 0.474088 -0.707667 0.637701 0.332492 0.694828 0.564704 -0.815285 -0.128141
-10.132061 -83.530045 -274.532866 8709.487106 -0.413152 0.909282 0.050116 -0.510271 -0.185569 -0.839755 0.754274 0.372519 -0.540648
-11.521809 -79.106174 -84.456192 5860.690991 -0.429337 0.901865 0.048042 -0.516103 -0.201345 -0.832525 0.741153 0.382229 -0.551900
-11.542746 -74.284429 -746.754838 557.641149 -0.407484 0.910299 0.072894 -0.427097 -0.119413 -0.896286 0.807183 0.396355 -0.437445
-12.509520 -73.247477 -1943.110463 -10214.329878 -0.384519 0.915842 0.115667 -0.276677 0.005201 -0.960949 0.880679 0.401505 -0.251393
-10.151314 -76.592155 439.880795 -10919.387753 -0.399768 0.911410 0.097553 -0.266148 -0.013574 -0.963837 0.877127 0.411275 -0.247997
-11.681670 -77.894948 1208.748461 464.867836 -0.530495 0.794305 0.296066 0.713621 0.606974 -0.349753 0.457515 -0.025736 0.888829
-12.908441 -75.769222 -107.884838 6211.195457 -0.483386 0.823438 0.297133 0.649209 0.564897 -0.509331 0.587252 0.053302 0.807647
-12.973634 -71.663492 1536.438585 5122.402460 -0.516000 0.809476 0.280165 0.635025 0.581000 -0.509100 0.574880 0.084784 0.813833
-9.821897 -73.938619 944.241439 -386.931839 -0.570797 0.761756 0.306463 0.693482 0.647088 -0.316795 0.439629 -0.031701 0.897620
-15.083894 -70.123213 3268.482454 1444.174957 -0.482769 0.849229 0.213878 0.594038 0.497003 -0.632539 0.643469 0.178318 0.744413
-11.912861 -65.365584 1149.199670 9884.652807 -0.519091 0.811216 0.269208 0.581122 0.565933 -0.584822 0.626771 0.147133 0.765186
-11.071834 -67.170329 560.320714 2034.937673 -0.559887 0.776519 0.289041 0.646738 0.627626 -0.433376 0.517935 0.055709 0.853604
16.591247 -118.805086 3049.268931 -22926.948491 -0.509943 0.860035 0.017246 0.754978 0.437863 0.488143 -0.412269 -0.261946 0.872593
16.390449 -97.871311 -1682.338254 -18835.797926 -0.529546 0.845617 0.067172 0.703088 0.393226 0.592487 -0.474604 -0.360977 0.802774
13.520849 -94.821498 5483.880944 -26134.478559 -0.544416 0.838341 -0.028213 0.645518 0.440201 0.624123 -0.535647 -0.321571 0.780816
13.670272 -121.252887 6907.365500 -27455.286942 -0.520303 0.852370 -0.052439 0.694814 0.458230 0.554310 -0.496506 -0.251974 0.830657
2.498712 -148.786351 -5159.238254 4948.751304 0.431984 -0.882881 0.184152 0.837096 0.316515 -0.446193 0.335648 0.346901 0.875785
2.148849 -129.541419 3822.086635 9764.104169 -0.470861 0.868387 -0.155544 0.745593 0.297466 -0.596326 0.471573 0.396759 0.787528
8.332129 -137.160426 2935.170789 8589.571631 -0.463621 0.874440 -0.142865 0.673140 0.242769 -0.698531 0.576140 0.420022 0.701173
12.771970 -136.127136 -1055.578623 7787.171544 -0.416080 0.901751 -0.117140 0.634779 0.195796 -0.747476 0.651102 0.385368 0.653879
11.506669 -139.557809 1602.294301 4430.856008 -0.424264 0.894743 -0.139410 0.777150 0.280748 -0.563222 0.464800 0.347297 0.814460
13.694018 -130.357054 1012.634718 4732.552567 -0.460599 0.878122 -0.129425 0.498919 0.135535 -0.855985 0.734117 0.458839 0.500539
8.862321 -124.994461 2517.505149 3568.542492 -0.501497 0.856188 -0.124267 0.551249 0.205519 -0.808633 0.666803 0.474029 0.575040
-4.121823 -177.214557 602.519947 20430.324093 -0.470266 0.841614 0.265586 0.835048 0.521716 -0.174665 0.285561 -0.139638 0.948133
-3.897192 -167.674192 -102.939675 13376.258307 -0.459090 0.845222 0.273562 0.761871 0.532959 -0.368113 0.456934 -0.039422 0.888626
-5.090760 -159.667709 371.576940 12524.864320 -0.452361 0.850113 0.269589 0.749213 0.526220 -0.402210 0.483787 -0.020035 0.874956
-2.824112 -182.731881 -1225.565647 24414.196733 -0.465900 0.836982 0.287051 0.844045 0.517751 -0.139722 0.265566 -0.177188 0.947670
-3.820337 -184.697940 -3871.822418 14546.466761 0.480271 -0.843616 -0.240108 0.873200 0.485715 0.040048 0.082839 -0.228896 0.969920
-3.205164 -173.879596 650.067345 9691.371357 0.489741 -0.829802 -0.267548 0.865938 0.498672 0.038447 0.101515 -0.250509 0.962777
-2.354458 -185.207437 -1602.519381 4834.604380 0.492003 -0.834278 -0.248823 0.870288 0.463746 0.165946 -0.023055 -0.298194 0.954227
-15.204187 -128.356444 1450.296605 -3112.265975 -0.426403 0.898591 -0.103512 0.824505 0.433185 0.364062 -0.371983 -0.069891 0.925605
-16.231774 -131.420865 2551.375098 29.395296 -0.455451 0.885003 -0.096618 0.869391 0.465508 0.165715 -0.191635 0.008524 0.981429
-13.948006 -130.240826 122.775862 -2830.773096 -0.441861 0.892353 -0.092002 0.868939 0.451229 0.203316 -0.222944 -0.009894 0.974781
-24.125573 -76.126376 56.419178 6013.466596 -0.510337 0.857959 0.058845 0.859431 0.506389 0.070343 0.030553 0.086472 -0.995786
-21.423528 -71.055467 -2776.077194 -5379.972474 -0.556733 0.830691 0.001025 -0.825633 -0.553206 -0.110876 0.091536 0.062575 -0.993834
-24.938896 -80.100668 -1208.474590 7417.698873 -0.511243 0.858876 0.031044 0.859266 0.511528 -0.001462 -0.017135 0.025927 -0.999517
-19.010221 -81.849213 5554.564420 -3743.525531 -0.529750 0.841720 0.104271 -0.840725 -0.537363 0.066508 -0.112013 0.052431 -0.992323
-19.415261 -75.477693 1600.479571 4504.017355 -0.512504 0.854233 0.087322 0.858246 0.506335 0.083900 0.027456 0.117943 -0.992641
-0.760744 -79.556683 147.866090 -7602.890979 -0.372090 0.913607 -0.163924 -0.857088 -0.270393 0.438506 -0.356298 -0.303661 -0.883652
-1.253878 -71.534720 1638.165791 -2559.762263 -0.384149 0.910367 -0.153825 -0.873502 -0.304399 0.379916 -0.299039 -0.280311 -0.912141
-4.280604 -68.450350 648.916158 1203.028910 -0.368624 0.914021 -0.169360 0.893955 0.298611 -0.334179 -0.254874 -0.274586 -0.927169
-10.606997 -64.941545 -1839.458789 -1599.760800 -0.536826 0.834599 -0.123538 -0.479153 -0.181070 0.858851 -0.694428 -0.520248 -0.497104
-10.346761 -70.296954 -2844.477535 -4192.993617 -0.557126 0.822613 -0.113662 -0.410037 -0.153479 0.899063 -0.722136 -0.547497 -0.422809
-15.000493 -70.847407 -1525.061463 -6730.503898 -0.518550 0.845082 -0.130159 -0.423191 -0.121384 0.897873 -0.742977 -0.520674 -0.420575
-15.868500 -67.218079 -462.176966 -4280.063853 -0.480510 0.862943 -0.156331 -0.466990 -0.100886 0.878489 -0.742314 -0.495128 -0.451463
-13.640089 -63.696515 -1405.186319 -1125.044523 -0.500262 0.852643 -0.150794 -0.499674 -0.142048 0.854487 -0.707152 -0.502815 -0.497104
2.504443 -81.848669 -2994.862408 2514.177243 -0.591684 0.805493 0.033029 0.309579 0.189193 0.931862 -0.744360 -0.561593 0.361306
-0.504172 -77.305690 -3123.823835 627.165879 -0.585348 0.809550 0.044689 0.376906 0.222895 0.899033 -0.717850 -0.543090 0.435595
-0.561618 -80.152050 -2552.200203 3189.271075 -0.591050 0.806572 0.010039 0.281828 0.194828 0.939476 -0.755800 -0.558107 0.342467
-2.563455 -152.727332 -3589.934943 10194.058306 0.653052 0.395157 -0.646045 0.719046 -0.591282 0.365184 -0.237690 -0.703020 -0.670273
-6.813330 -165.844879 -3652.002395 10315.863188 0.664628 0.395707 -0.633787 0.692927 -0.643745 0.324721 -0.279503 -0.654987 -0.702048
-4.764251 -151.936186 -1143.575978 3045.063300 0.627043 0.426748 -0.651692 0.770341 -0.463980 0.437376 -0.115723 -0.776279 -0.619677
1.521310 -12.551647 2513.514322 490.817972 0.828272 -0.298283 0.474334 0.243362 0.954022 0.174979 -0.504719 -0.029495 0.862780
-3.234653 -13.301262 3756.422645 -994.727784 0.861478 -0.155362 0.483444 0.119658 0.987345 0.104072 -0.493495 -0.031808 0.869167
-1.059769 -13.750325 2327.175961 892.779562 0.837327 -0.268136 0.476431 0.210854 0.962430 0.171082 -0.504405 -0.042794 0.862406
1.067980 -12.836882 899.641336 243.349267 0.823912 -0.295674 0.483473 0.248506 0.955210 0.160680 -0.509328 -0.012240 0.860486
2.536993 -13.487188 -425.998115 1526.151394 0.828873 -0.262430 0.494064 0.211841 0.964615 0.156972 -0.517776 -0.025447 0.855138
98.823242 -101.217292 -4970.523827 6622.132324 0.183423 0.980479 -0.070836 -0.978620 0.175303 -0.107576 0.093059 -0.089054 -0.991670
87.232118 -108.855121 -5956.289835 -4139.380311 0.386343 0.898186 -0.209762 0.922332 -0.377829 0.080928 -0.006566 -0.224736 -0.974398
133.110278 -115.091432 -4112.477268 -7608.077357 0.272744 0.946859 -0.170495 0.948281 -0.234662 0.213767 0.162399 -0.219981 -0.961891
-111.546630 -4748.731562 -119964.804243 3196032.399989 0.828894 0.426749 -0.361690 -0.438241 0.897217 0.054276 0.347676 0.113519 0.930717
-75.022448 -2860.956989 -23144.138709 1388746.600265 0.792203 0.553319 -0.257395 -0.411761 0.795954 0.443745 0.450407 -0.245551 0.858393
-66.999113 -3156.142405 -17236.278658 -1988314.136308 0.808865 0.437786 -0.392530 -0.051372 0.717639 0.694518 0.585746 -0.541607 0.602963
-90.407669 -1242.563820 -22437.752690 496072.335132 0.879122 0.301810 -0.368856 -0.347763 0.935433 -0.063449 0.325890 0.184054 0.927319
-896.063975 -5806.937842 -240125.020949 -10028251.344336 0.436606 0.898575 -0.044029 -0.892998 0.426915 -0.142471 0.109225 -0.101522 -0.988819
-16928.501447 -56012.748802 4988986.906953 -30515071.799287 -0.519631 0.709955 -0.475339 0.819601 0.257062 -0.512029 -0.241326 -0.655654 -0.715457
-1486.263716 -14968.268997 720066.450029 14212104.009014 -0.534309 -0.294484 0.792333 0.344670 0.779987 0.522324 -0.771826 0.552176 -0.315255
-1685.075289 -3352.567935 1045610.640718 3912773.535481 -0.632395 0.519250 0.574853 0.773885 0.390595 0.498535 0.034329 0.760141 -0.648850
-931.761588 -7900.028415 426295.336493 14292470.649033 -0.323227 -0.185075 0.928047 0.859556 -0.467632 0.206116 0.395837 0.864331 0.310233
-16.067652 -57.843072 2103.593803 4345.774432 0.275719 -0.825072 0.493189 0.954018 0.172118 -0.245406 0.117591 0.538175 0.834590
-7.988121 -49.038659 2089.401057 5710.136481 0.208602 -0.832275 0.513617 0.951961 0.052415 -0.301699 0.224175 0.551879 0.803228
-16.631632 -53.966143 172.383975 4608.792894 0.068348 -0.823694 0.562901 0.986885 -0.026887 -0.159172 0.146244 0.566397 0.811053
-9.506030 -55.901243 2325.730662 5986.671201 0.403925 -0.806352 0.432020 0.897339 0.257442 -0.358478 0.177839 0.532467 0.827558
-16.323559 -62.928601 2075.275755 2727.391955 0.420273 -0.800367 0.427531 0.904282 0.330416 -0.270370 0.075132 0.500238 0.862622
-11.619806 -46.160171 2315.936472 -1262.375219 0.780652 -0.531371 0.328980 -0.095456 0.418842 0.903028 0.617633 0.736354 -0.276247
-5.034545 -44.371482 1414.042460 -5911.181810 0.772116 -0.538643 0.337195 -0.043676 0.484378 0.873768 0.633979 0.689378 -0.350470
-9.993868 -42.643313 3111.072470 -3604.484421 0.765111 -0.471631 0.438372 -0.140986 0.541583 0.828741 0.628274 0.695883 -0.347877
1.255653 -316.512450 -1048.143717 -27531.661269 -0.630253 0.773477 0.067192 -0.236628 -0.273795 0.932225 -0.739451 -0.571638 -0.355586
2.550407 -278.471130 -1150.225803 15966.506099 -0.627409 0.778326 0.023797 -0.159899 -0.158683 0.974296 -0.762096 -0.607477 -0.224013
5.864264 -275.270834 -2274.880392 -43059.906838 -0.640516 0.767908 0.007488 -0.471685 -0.401092 0.785263 -0.606013 -0.499442 -0.619117
18.367798 -192.934073 6475.871488 -24559.617593 0.439415 0.867595 -0.232795 -0.678060 0.150373 -0.719460 0.589194 -0.473990 -0.654357
28.321908 -199.922091 4330.596608 -35028.807830 0.524109 0.816994 -0.240480 -0.653663 0.204893 -0.728521 0.545925 -0.539018 -0.641425
22.631988 -161.872003 4154.595087 -30639.035861 0.496713 0.842489 -0.208541 -0.495275 0.077830 -0.865243 0.712727 -0.533062 -0.455923
3.465179 -224.986911 8927.299490 -27601.910998 0.393900 0.894112 -0.213089 -0.690362 0.134735 -0.710808 0.606831 -0.427096 -0.670332
4.814333 -210.148328 3839.780343 -11362.830862 0.413856 0.876153 -0.247142 0.833177 -0.255163 0.490621 0.366797 -0.408959 -0.835591
14.685254 -190.426039 7390.891606 -33494.829710 0.443442 0.873159 -0.202367 -0.522747 0.068545 -0.849728 0.728076 -0.482592 -0.486837
-79.353816 -110.303271 2816.327767 7363.265641 -0.731477 0.613841 0.296883 -0.109996 -0.535923 0.837071 -0.672935 -0.579643 -0.459535
-69.455311 -107.778880 0.064271 -7874.351063 -0.666480 0.434133 0.606080 -0.158094 0.712170 -0.683974 -0.728568 -0.551672 -0.406013
-61.324914 -96.656858 -832.762909 -12475.083031 -0.532714 0.324877 0.781454 -0.404972 0.712941 -0.572462 -0.743110 -0.621426 -0.248227
46.638612 -104.233836 44281.689144 -2463.356567 0.532443 -0.100160 -0.840519 0.567774 0.778725 0.266871 0.627803 -0.619319 0.471495
116.422270 -120.114990 57133.576708 -5575.238211 0.598676 -0.155619 -0.785729 0.517748 0.823656 0.231361 0.611166 -0.545319 0.573674
41.019904 -114.242759 40803.488194 -533.858064 0.496453 -0.158617 -0.853449 0.501752 0.854724 0.133016 0.708364 -0.494255 0.503917
-13.866734 -102.173110 25055.544547 -3123.042148 0.529766 -0.144755 -0.835700 0.577704 0.782998 0.230591 0.620972 -0.604947 0.498431
55.862774 -683.917118 -68212.577900 451015.753085 0.683119 -0.222658 -0.695537 0.565256 0.764244 0.310512 -0.462422 0.605273 -0.647928
-153.931823 -432.367511 161763.436408 184390.822301 -0.554433 0.005426 0.832211 0.292141 0.937611 0.188516 -0.779267 0.347643 -0.521428
36.975739 -214.906855 45848.480685 -29676.016066 -0.657710 0.349864 0.667093 0.224001 0.936373 -0.270240 -0.719195 -0.028310 -0.694231
45.962202 -147.952587 -36018.012621 5898.255442 -0.877840 0.290237 0.380997 0.230502 0.953308 -0.195124 -0.419840 -0.083467 -0.903752
79.670066 -364.500244 24443.196482 238299.375343 0.841636 -0.321733 -0.433747 0.459183 0.849078 0.261186 -0.284253 0.418993 -0.862348
8.524965 -19.533835 2816.411525 -389.017265 -0.653520 0.607108 0.452030 0.715555 0.690240 0.107468 -0.246765 0.393685 -0.885505
13.335855 -15.086652 3340.707136 -1904.505653 -0.536625 0.720239 0.439646 0.811564 0.583204 0.035162 -0.231079 0.375670 -0.897482
7.942914 -63.807688 -9017.594107 4320.434017 -0.621952 0.691592 0.367254 0.045145 -0.436553 0.898545 -0.781753 -0.575432 -0.240293
0.586667 -57.700078 -7046.218972 2723.228864 -0.620811 0.704504 0.343899 0.077744 -0.381182 0.921225 -0.780096 -0.598643 -0.181871
-5.307668 -53.156236 -4328.114410 3538.171621 -0.611094 0.731293 0.302944 0.125051 -0.288721 0.949211 -0.781618 -0.617941 -0.084987
-2.346357 -48.979072 -4789.959767 3277.681710 -0.613403 0.708241 0.349472 0.185014 -0.301322 0.935401 -0.767793 -0.638435 -0.053797
-39.555153 -68.481391 486.669929 -1474.533539 -0.100974 -0.695649 -0.711250 0.982406 0.043176 -0.181699 0.157108 -0.717083 0.679050
1.811908 -62.246620 -1633.189555 887.812544 -0.391596 0.265911 0.880877 0.651548 -0.595850 0.469518 0.649721 0.757795 0.060079
0.300857 -61.806592 614.051844 3972.344906 -0.411278 0.259711 0.873728 0.624157 -0.618330 0.477595 0.664289 0.741767 0.092205
-18.101972 -74.763535 -1152.679750 6506.074868 -0.820498 0.278130 0.499426 -0.026466 0.854239 -0.519206 -0.571036 -0.439225 -0.693541
-17.664063 -84.867264 -3424.005910 17697.677683 -0.815701 0.267287 0.513020 -0.071558 0.833416 -0.547993 -0.574031 -0.483709 -0.660692
-23.074523 -74.363810 500.565132 -9063.022734 -0.805792 0.258062 0.533013 -0.012732 0.892301 -0.451262 -0.592062 -0.370410 -0.715723
-5.556512 -76.892214 1511.543185 6012.494843 -0.538113 0.305131 0.785703 0.770580 -0.199615 0.605277 0.341527 0.931154 -0.127712
-3.324329 -74.987890 248.042351 2347.157071 -0.524509 0.302592 0.795819 0.776218 -0.214102 0.592998 0.349823 0.928762 -0.122579
-3.749723 -68.798743 2444.812189 890.729093 -0.526577 0.289025 0.799488 0.742749 -0.301090 0.598055 0.413570 0.908741 -0.056126
7134.758002 -680.910834 -3920131.085810 -323746.243521 -0.352214 0.914259 0.200188 0.925329 0.308084 0.221020 0.140395 0.263086 -0.954502
697.546442 -50.956478 -76916.086285 -4032.905803 -0.149849 0.746272 0.648555 0.980386 0.027217 0.195200 0.128020 0.665085 -0.735713
823.019252 -46.250973 317233.435002 -547.277421 -0.199986 0.578766 0.790592 0.978435 0.075410 0.192297 0.051677 0.812000 -0.581366
33.101569 -35.762800 15900.557805 1640.026801 -0.289717 0.891034 0.349461 -0.897009 -0.380126 0.225565 -0.333825 0.248119 -0.909394
19.133084 -30.673722 -82.633629 -2043.713695 -0.067458 0.958756 0.276110 -0.949081 -0.147018 0.278625 -0.307727 0.243255 -0.919854
66.738605 -44.902691 33429.016048 4028.850240 -0.362263 0.868165 0.339199 -0.858501 -0.452502 0.241284 -0.362962 0.203794 -0.909245
-4.044461 -138.629029 -3888.253738 -4860.470630 0.916643 -0.304654 -0.258751 0.335481 0.234466 0.912403 0.217299 0.923153 -0.317127
-5.358999 -71.197999 -197.500227 -2755.605306 0.487656 -0.021189 -0.872778 0.822255 0.347125 0.451000 0.293407 -0.937580 0.186700
-2.796760 -65.186165 358.230207 -1314.108127 0.550343 0.002053 -0.834936 0.808483 0.248427 0.533517 0.208515 -0.968649 0.135060
-0.934555 -66.656055 -620.633812 -1712.106868 0.567723 -0.000593 -0.823219 0.814041 0.149316 0.561286 0.122587 -0.988789 0.085253
-35.345668 -73.145079 -5391.313612 719.998905 -0.439450 0.155033 0.884787 0.853720 0.378422 0.357712 -0.279366 0.912558 -0.298652
-29.684710 -80.000659 -3213.663687 6578.627051 -0.480597 0.166294 0.861030 0.814504 0.448503 0.368006 -0.324977 0.878175 -0.350996
-6.576532 -204.762394 -2067.437756 27308.564943 -0.269253 0.776642 0.569500 0.940261 0.339924 -0.019019 -0.208357 0.530358 -0.821771
-8.192527 -229.847180 -979.905021 29224.254133 -0.284612 0.757224 0.587885 0.876377 0.454067 -0.160581 -0.388535 0.469506 -0.792846
-14.938448 -162.792577 -2763.872976 13944.478802 -0.242175 0.770116 0.590147 0.953416 0.301649 -0.002390 -0.179858 0.562077 -0.807292
-9.819369 -148.303116 -793.684714 -440.054335 -0.160130 0.786405 0.596595 0.986636 0.109076 0.121041 0.030113 0.608004 -0.793362
-13.409014 -218.421384 -4784.044518 34559.515511 -0.301223 0.753827 0.583961 0.882752 0.452022 -0.128161 -0.360574 0.476887 -0.801601
32.831969 -39.368662 1389.806369 1419.332425 0.398821 0.870815 0.287441 0.842082 -0.223661 -0.490789 -0.363097 0.437786 -0.822499
26.144804 -36.993156 502.771488 2037.677975 0.498640 0.833984 0.236282 0.811918 -0.353915 -0.464255 -0.303557 0.423338 -0.853603
26.561667 -47.670853 2067.027472 1608.305763 0.474895 0.828898 0.295639 0.818346 -0.292370 -0.494803 -0.323705 0.476915 -0.817170
4.272399 -683.192398 3875.419153 215829.187571 0.081715 -0.703156 -0.706324 0.106140 0.710804 -0.695336 0.990988 -0.018150 0.132717
12.471962 -740.491250 1486.626290 313962.260918 -0.079338 0.729144 0.679746 -0.217943 0.652711 -0.725582 0.972731 0.205713 -0.107127
5.298804 -531.250537 4277.461204 195652.560607 -0.080520 0.748990 0.657671 -0.579928 0.501436 -0.642063 0.810679 0.433101 -0.393985
-5.322491 -252.953184 9641.798233 17359.065435 -0.477320 0.646426 0.595230 0.204101 -0.577293 0.790617 -0.854698 -0.498864 -0.143618
-10.661568 -198.993858 7356.000272 17843.960728 -0.517271 0.676515 0.524174 0.299980 -0.430298 0.851384 -0.801525 -0.597638 -0.019640
-2.475307 -262.996373 8984.799621 -15484.769237 -0.532625 0.719748 0.445279 0.366823 -0.277816 0.887840 -0.762727 -0.636224 0.116048
-3.495913 -350.462048 3618.534557 -851.961468 -0.523917 0.667552 0.529042 0.339997 -0.405582 0.848472 -0.780969 -0.624402 0.014474
8.011731 -72.840498 7137.036108 -628.038628 -0.480609 0.876424 -0.029946 0.531652 0.318362 0.784852 -0.697396 -0.361286 0.618960
23.962253 -69.823604 14524.147151 -5594.793404 -0.489989 0.863711 -0.117961 0.382314 0.334528 0.861352 -0.783420 -0.376955 0.494124
10.311214 -72.704037 4524.964356 -1844.376265 -0.475621 0.878878 -0.036866 0.435154 0.271500 0.858445 -0.764477 -0.392252 0.511578
-24.089146 -66.683487 9462.747138 -620.740656 -0.236151 0.946789 0.218687 -0.230752 -0.273255 0.933855 -0.943921 -0.170068 -0.283003
-4.071651 -65.355039 13970.325581 -599.117281 -0.185653 0.966108 0.179356 -0.313603 -0.231240 0.920968 -0.931228 -0.114734 -0.345905
-7.105170 -62.784410 14161.115562 -1529.088740 -0.185175 0.965730 0.181869 -0.424234 -0.245495 0.871641 -0.886417 -0.084251 -0.455155
-25.477432 -65.127221 10837.997305 -169.751277 -0.226673 0.952073 0.205369 -0.336458 -0.274420 0.900827 -0.914011 -0.135095 -0.382536
38.636294 1.114426 9546.822147 18222.716818 0.895885 -0.393625 0.206034 0.384248 0.919268 0.085445 -0.223033 0.002619 0.974807
48.088104 -2.678482 8853.564618 16618.439911 0.862886 -0.429053 0.267098 0.413721 0.903201 0.114293 -0.290281 0.011882 0.956868
41.365011 -27.634416 8002.701328 9663.063665 0.777603 -0.584793 0.230980 0.546353 0.810258 0.212084 -0.311179 -0.038720 0.949562
-28.569146 -51.096103 -566.391809 -3682.026455 0.145224 -0.488889 -0.860173 0.872566 -0.346551 0.344283 -0.466410 -0.800556 0.376260
-27.691878 -49.104393 -3238.052700 -3194.894728 0.192527 -0.485965 -0.852509 0.828114 -0.385626 0.406841 -0.526460 -0.784303 0.328191
-30.987108 -56.168645 -2065.816551 -3218.529808 0.046757 -0.405481 -0.912907 0.901615 -0.376284 0.213310 -0.430005 -0.833064 0.347994
-25.562279 -45.427907 -1644.306763 -2548.310259 0.308673 -0.568902 -0.762281 0.776408 -0.312257 0.547436 -0.549465 -0.760819 0.345315
-30.630324 -58.584420 189.968172 -3307.926854 0.011062 -0.411522 -0.911333 0.935093 -0.318603 0.155219 -0.354230 -0.853898 0.381287
-29.941939 -54.233449 650.507369 -3539.748184 0.085375 -0.500005 -0.861804 0.914474 -0.304053 0.266999 -0.395535 -0.810893 0.431283
-27.947102 -47.309064 617.885815 -3362.772826 0.239256 -0.567828 -0.787609 0.839013 -0.287357 0.462042 -0.488685 -0.771361 0.407663
