15868
31726
-25.901259 -37.749201 179.885832 2461.922855 -0.082880 -0.188913 -0.978490 -0.641109 0.761821 -0.092778 0.762962 0.619629 -0.184253
-28.011050 -42.679099 69.068829 2456.611658 -0.031211 -0.181701 -0.982858 -0.563720 0.815219 -0.132809 0.825376 0.549912 -0.127872
-29.034525 -50.119445 145.123674 4272.159270 -0.293947 0.128308 -0.947171 -0.483102 0.835114 0.263055 0.824747 0.534904 -0.183494
-23.169698 -34.896296 724.432545 1930.511419 0.159847 -0.346567 -0.924305 -0.633712 0.681900 -0.365270 0.756874 0.644130 -0.110624
-23.812509 -41.821294 1416.562015 4570.785896 -0.390316 0.118993 -0.912959 -0.573566 0.744250 0.342220 0.720191 0.657216 -0.222243
-22.098480 -28.761330 -367.948830 -1691.566134 -0.100664 0.343925 0.933586 0.722796 -0.619538 0.306168 0.683690 0.705613 -0.186222
31.203932 -41.570565 788.002204 385.546826 0.301081 0.179457 0.936560 0.871141 0.347743 -0.346683 -0.387897 0.920255 -0.051633
36.225630 -47.091337 1071.586677 4035.251094 0.264891 0.169910 0.949191 0.857679 0.408363 -0.312452 -0.440703 0.896867 -0.037557
31.439650 -37.800054 748.636241 100.413530 0.204423 0.259781 0.943782 0.884091 0.364907 -0.291936 -0.420232 0.894068 -0.155074
17.657159 -27.187671 914.436999 -311.794683 -0.195282 0.061045 -0.978846 -0.659238 0.730783 0.177094 0.726134 0.679875 -0.102465
13.580932 -23.848747 -562.605405 -601.204865 -0.152336 0.069877 -0.985855 -0.574725 0.805239 0.145883 0.804043 0.588819 -0.082507
15.363238 -25.658840 -1183.215349 -341.102337 -0.162402 0.146322 -0.975815 -0.630942 0.744949 0.216709 0.758642 0.650877 -0.028661
20.016955 -27.813787 1060.072316 260.796854 0.184514 -0.145762 0.971961 0.711796 -0.662113 -0.234420 0.677718 0.735092 -0.018417
21.358867 -29.036990 -1446.825302 123.238916 0.216605 -0.063171 0.974213 0.731101 -0.650821 -0.204753 0.646973 0.756599 -0.094786
-5.201731 -102.876334 -515.205967 3850.392548 0.101544 0.952865 -0.285896 0.982813 -0.140620 -0.119599 -0.154165 -0.268838 -0.950768
-4.370772 -92.479349 -235.618408 7349.373340 0.108360 0.954304 -0.278501 0.983014 -0.061115 0.173058 0.148129 -0.292523 -0.944716
-3.734108 -89.499022 -558.495532 8224.969335 0.105691 0.949872 -0.294233 0.977713 -0.045287 0.205004 0.181403 -0.309342 -0.933488
-3.810576 -102.555575 -332.655345 7287.305286 0.093861 0.956626 -0.275783 0.994857 -0.100717 -0.010769 -0.038078 -0.273354 -0.961160
-4.518952 -108.018736 134.701188 120.851942 0.103990 0.959076 -0.263361 -0.918620 0.194114 0.344175 -0.381212 -0.206137 -0.901213
-5.142543 -105.965605 -195.188329 3712.483951 0.101920 0.955814 -0.275739 -0.853583 0.226377 0.469201 -0.510890 -0.187545 -0.838939
-5.011622 -104.305749 -334.122079 420.528142 0.107551 0.957360 -0.268133 -0.914631 0.200997 0.350784 -0.389721 -0.207515 -0.897249
-4.861405 -39.709748 223.034798 -2743.814253 -0.083753 -0.217766 -0.972401 -0.121869 0.970743 -0.206898 0.989006 0.101177 -0.107842
-4.959357 -38.145580 -19.974252 67.068441 -0.079940 -0.239212 -0.967671 -0.287026 0.935186 -0.207470 0.954581 0.261161 -0.143419
-5.577589 -38.213673 -120.232264 118.175278 -0.064909 -0.243022 -0.967847 -0.279545 0.935486 -0.216149 0.957936 0.256526 -0.128657
-5.647371 -37.219632 -146.277575 2922.259301 -0.057700 -0.251603 -0.966109 -0.434450 0.877612 -0.202609 0.898846 0.408036 -0.159947
-5.890959 -37.036390 -202.483873 3082.833719 -0.040184 -0.258010 -0.965306 -0.427196 0.877775 -0.216831 0.903266 0.403662 -0.145493
-6.035548 -34.527671 -450.710418 -782.431296 -0.142971 0.287837 0.946947 0.951917 0.301918 0.051950 -0.270948 0.908843 -0.317163
-6.084868 -37.390286 -885.732937 2065.014878 -0.123652 0.330064 0.935825 0.983266 0.167899 0.070703 -0.133787 0.928907 -0.345302
-5.744743 -36.600159 -403.313143 -1326.485464 -0.128572 0.300472 0.945085 0.947478 0.318628 0.027596 -0.292838 0.898996 -0.325657
-5.000197 -37.839314 -258.641190 -3294.651684 -0.138538 0.272342 0.952175 0.898532 0.438878 0.005205 -0.416471 0.856280 -0.305510
-5.184950 -33.422625 275.643641 -2125.802914 -0.133439 0.236521 0.962420 0.919388 0.392121 0.031107 -0.370027 0.888988 -0.269779
6.968140 -55.568518 511.078534 3092.238316 0.121477 0.106292 0.986887 0.842952 0.513922 -0.159111 -0.524095 0.851226 -0.027169
6.634573 -62.509651 886.380194 5701.741055 0.112022 0.088768 0.989733 0.751424 0.644177 -0.142825 -0.650241 0.759708 0.005459
8.463689 -55.384741 698.617100 6340.651015 0.105391 0.131932 0.985640 0.798793 0.579123 -0.162930 -0.592303 0.804494 -0.044352
7.983264 -48.458205 419.150745 1283.769431 0.115965 0.151810 0.981583 0.848062 0.499314 -0.177414 -0.517051 0.853018 -0.070842
9.582176 -49.093412 -101.807138 4735.447810 0.073708 0.178246 0.981221 0.826207 0.540115 -0.160180 -0.558524 0.822499 -0.107457
9.670970 -55.974758 66.425684 4865.328034 0.059978 0.167142 0.984107 0.751686 0.641121 -0.154702 -0.656788 0.749018 -0.087185
11.194314 -72.022944 -2239.125960 1737.085716 -0.081246 0.010603 -0.996638 -0.538595 0.840906 0.052852 0.838639 0.541078 -0.062610
7.371946 -65.500476 2078.573421 -1816.524387 0.056188 0.009147 0.998378 0.722468 -0.690552 -0.034333 0.689118 0.723225 -0.045409
9.610879 -66.056867 -1345.804454 -158.013245 -0.090294 0.000270 -0.995915 -0.645072 0.761864 0.058692 0.758768 0.647736 -0.068617
0.196967 -111.500293 -264.487180 -6776.798492 -0.051654 0.292900 0.954747 0.869103 -0.457739 0.187446 0.491928 0.839455 -0.230916
-0.099604 -102.725462 577.670405 -5298.257763 -0.106068 0.303152 0.947021 0.959506 -0.218737 0.177486 0.260954 0.927498 -0.267675
-0.883906 -96.831455 -114.617695 -5419.352930 -0.096561 0.307943 0.946492 0.971688 -0.176853 0.156670 0.215635 0.934823 -0.282147
-0.075439 -49.111578 180.014352 52.342145 -0.254316 -0.060803 -0.965208 0.580092 0.788967 -0.202545 0.773833 -0.611420 -0.165375
0.413075 -47.976911 152.429090 1110.191002 -0.267191 -0.090001 -0.959431 0.409529 0.890641 -0.197598 0.872293 -0.445712 -0.201113
-1.456600 -48.329514 215.727383 992.185774 -0.268015 -0.080537 -0.960042 0.528229 0.821078 -0.216346 0.805694 -0.565106 -0.177519
-2.617025 -45.730204 -27.500524 -319.031181 -0.232214 -0.063662 -0.970579 0.674785 0.708129 -0.207892 0.700530 -0.703207 -0.121479
71.404557 -28.644439 -7679.864662 175.630110 0.135548 0.365000 -0.921087 0.650617 0.668337 0.360587 0.747211 -0.648152 -0.146883
71.565893 -27.425364 3085.278929 -319.911412 -0.060489 0.552311 -0.831440 0.668706 0.640835 0.377046 0.741063 -0.533182 -0.408097
74.710171 -29.162659 -1928.770966 568.730649 0.034942 0.473717 -0.879984 0.701047 0.615924 0.359404 0.712259 -0.629468 -0.310576
71.676808 -30.117728 -12603.009468 678.128958 0.215044 0.200374 -0.955828 0.695485 0.655675 0.293923 0.685607 -0.727970 0.001641
1.962622 -26.326561 648.436665 497.638237 0.143031 0.008142 0.989685 0.939686 -0.315030 -0.133213 0.310696 0.949047 -0.052710
1.169180 -25.920527 824.973411 -248.728320 0.120818 0.013199 0.992587 0.972447 -0.202401 -0.115675 0.199374 0.979214 -0.037290
3.929183 -25.901778 875.600069 115.693716 0.158624 -0.000595 0.987339 0.956064 -0.249605 -0.153750 0.246537 0.968347 -0.039025
3.218047 -24.695159 572.922245 -279.530943 0.155040 0.012572 0.987828 0.974626 -0.165363 -0.150863 0.161454 0.986153 -0.037891
3.782536 -26.322978 -131.842760 239.560832 0.164631 0.038781 0.985593 0.923799 -0.356249 -0.140292 0.345675 0.933586 -0.094475
-3.069286 -24.994440 742.244673 2123.480057 -0.025704 -0.215842 -0.976090 -0.647394 0.747595 -0.148267 0.761722 0.628104 -0.158951
-5.225980 -30.690676 459.368063 3515.764504 0.020892 -0.215204 -0.976346 -0.632912 0.753118 -0.179544 0.773942 0.621692 -0.120471
-3.653444 -27.268372 1299.023139 521.405447 -0.038450 -0.251309 -0.967143 -0.530776 0.825170 -0.193316 0.846639 0.505904 -0.165117
-4.149085 -27.356166 744.167204 1803.574511 -0.049958 -0.153244 -0.986925 -0.670056 0.737915 -0.080661 0.740628 0.657265 -0.139547
3.096608 -104.405131 671.200642 -1313.152063 0.178005 0.959657 -0.217652 -0.664537 0.280361 0.692668 -0.725745 -0.021339 -0.687633
5.534478 -102.333948 -231.110571 -1148.369055 0.166477 0.957955 -0.233683 -0.852975 0.258803 0.453271 -0.494691 -0.123866 -0.860196
3.778246 -96.195371 1582.742518 -2456.226955 0.193608 0.965182 -0.175896 -0.843173 0.255358 0.473129 -0.501572 -0.056709 -0.863255
5.447318 -92.082384 1499.693414 -999.792074 0.187520 0.966551 -0.174973 -0.946728 0.225325 0.230077 -0.261807 -0.122507 -0.957313
2.262521 -98.355202 1588.864616 -3007.502253 0.189996 0.964982 -0.180861 -0.689770 0.262292 0.674848 -0.698655 0.003465 -0.715450
1.877614 -91.265158 1634.396967 -2297.921243 0.184483 0.966759 -0.177040 -0.831757 0.249534 0.495897 -0.523590 -0.055770 -0.850143
2.910838 -87.959262 1101.767183 -1395.092466 0.179965 0.966291 -0.184106 -0.931327 0.227618 0.284290 -0.316612 -0.120301 -0.940895
-10.993160 -85.484671 1127.524011 7905.246858 0.371531 -0.701640 0.608002 0.908542 0.409556 -0.082551 -0.191090 0.583065 0.789632
-11.716259 -222.915119 1309.927950 51715.159622 0.418373 -0.685606 0.595741 0.853604 0.520922 0.000037 -0.310360 0.508512 0.803176
-6.933750 -120.425884 1199.891453 15846.136963 0.416497 -0.702887 0.576610 0.885858 0.456371 -0.083556 -0.204418 0.545596 0.812735
-14.866797 -183.022248 2088.011158 43424.438835 0.445737 -0.635528 0.630415 0.845171 0.530836 -0.062439 -0.294965 0.560640 0.773743
-8.330058 -83.417952 1116.030992 -1719.573554 0.272188 -0.758112 0.592604 0.960341 0.252740 -0.117764 -0.060496 0.601156 0.796839
-247.526378 -11024.727954 -68943.123171 10976701.922992 -0.249777 0.746745 -0.616428 0.875051 -0.098505 -0.473901 -0.414604 -0.657775 -0.628836
-122.315503 -3167.264728 -44430.179847 6433758.013568 -0.258834 0.795589 -0.547761 0.963009 0.168540 -0.210258 -0.074959 -0.581921 -0.809784
3874.805434 -503529.870240 -1181363.292989 -1124053947.398016 -0.308939 0.743336 -0.593303 -0.024956 0.617268 0.786357 -0.950754 -0.257743 0.172148
-17.884072 -6357.212331 -6720.431997 3265506.333139 0.260292 -0.698988 0.666081 0.918109 -0.034358 -0.394836 0.298871 0.714307 0.632804
-411.432999 -10040.614614 -87386.256188 5354882.720733 -0.209613 0.774605 -0.596699 0.396129 0.625206 0.672457 -0.893949 0.095414 0.437895
-11.087214 -23.226278 1583.760540 -2420.407903 -0.531691 0.402274 0.745306 0.769064 -0.139275 0.623813 0.354746 0.904863 -0.235323
-7.051311 -29.136504 2016.666112 -2351.775853 -0.429287 0.366404 0.825506 0.802914 -0.263714 0.534589 0.413572 0.892302 -0.180982
-13.921376 -28.558894 1118.567931 -2248.919703 -0.570503 0.455723 0.683259 0.711248 -0.141844 0.688482 0.410673 0.878747 -0.243209
-4.656804 -21.102586 2240.330235 -2104.995285 -0.367479 0.339805 0.865732 0.866946 -0.211838 0.451143 0.336696 0.916328 -0.216747
-1.799005 -22.289544 1888.485099 788.307863 0.465448 0.563099 0.682845 0.360057 0.584319 -0.727276 -0.808528 0.584373 0.069223
-7.572873 -23.631883 1079.690065 616.426662 0.338261 0.420405 0.841926 0.450315 0.713271 -0.537086 -0.826315 0.560807 0.051957
-8.056302 -26.152232 1079.408581 839.795221 0.373892 0.466366 0.801690 0.348122 0.730615 -0.587377 -0.859660 0.498702 0.110819
-8.209480 -28.752046 768.741190 835.381822 0.387654 0.491180 0.780042 0.237377 0.764482 -0.599350 -0.890717 0.417504 0.179760
-4.217472 -25.301419 1145.397157 829.408124 0.443440 0.555379 0.703502 0.278994 0.660372 -0.697189 -0.851777 0.505434 0.137888
8.188995 -19.039196 -1080.777780 929.920433 0.291678 0.901834 -0.318777 0.376576 0.198086 0.904960 -0.879269 0.384001 0.281832
5.174690 -16.749192 -1339.374237 1030.516842 0.258878 0.896524 -0.359482 0.447739 0.218390 0.867085 -0.855869 0.385423 0.344872
3.105206 -18.357852 -1390.339080 1062.270214 0.243928 0.887895 -0.390052 0.415013 0.267941 0.869466 -0.876506 0.373964 0.303130
3.448810 -21.129223 -1632.089813 849.484107 0.222707 0.882401 -0.414451 0.354091 0.322878 0.877707 -0.908307 0.342225 0.240543
15.372821 -22.205502 2471.242202 515.459514 0.512093 0.849389 -0.127666 0.037415 0.126434 0.991269 -0.858114 0.512399 -0.032966
19.534722 -22.549934 2711.119851 -496.858717 0.447446 0.876615 -0.177027 0.085827 0.154942 0.984188 -0.890183 0.455565 0.005909
18.734374 -21.883105 847.394739 51.894061 0.394022 0.893630 -0.214879 0.082020 0.198672 0.976628 -0.915434 0.402437 -0.004985
10.096292 -182.135767 -1034.050691 27816.549752 0.638974 -0.034336 -0.768462 -0.059651 0.993783 -0.094003 0.766912 0.105905 0.632954
10.291112 -118.543876 416.566303 18443.334424 0.592148 0.002927 -0.805824 -0.311830 0.922919 -0.225791 0.743050 0.384982 0.547417
12.390675 -179.379851 724.044290 30924.319818 0.553557 -0.010326 -0.832747 -0.125819 0.987409 -0.095881 0.823252 0.157851 0.545288
14.648168 -162.371554 1260.076425 6353.465698 0.538292 0.003399 -0.842751 0.132722 0.987171 0.088755 0.832242 -0.159628 0.530935
14.587250 -204.534260 486.090015 15254.914475 0.590444 0.006427 -0.807053 0.236500 0.954695 0.180627 0.771650 -0.297518 0.562174
13.247927 -160.516551 -422.831033 14762.480801 0.548572 0.009530 -0.836049 -0.090046 0.994793 -0.047744 0.831240 0.101474 0.546574
11.370776 -161.157274 -225.620942 26861.607789 0.542810 0.024006 -0.839512 -0.384944 0.895523 -0.223289 0.746442 0.444368 0.495340
-58.768690 -169.460580 -9132.758482 -14260.014221 -0.777614 -0.392037 0.491551 -0.462591 0.886220 -0.024995 -0.425824 -0.246823 -0.870490
-52.956325 -304.920010 -7216.402333 -57496.322253 -0.706885 -0.508501 0.491671 -0.438555 0.860457 0.259391 -0.554962 -0.032265 -0.831249
-21.910215 -208.912432 -4566.742690 -38543.361777 -0.794937 -0.395714 0.459876 -0.419830 0.906002 0.053884 -0.437971 -0.150235 -0.886347
-28.081808 -40.084139 -673.665997 -259.957943 0.967582 0.044303 -0.248643 -0.160748 -0.651307 -0.741593 0.194798 -0.757520 0.623071
-26.627683 -40.702306 -502.384953 -400.748770 0.978664 0.032419 -0.202894 -0.151844 -0.551138 -0.820482 0.138421 -0.833784 0.534456
-27.132039 -40.031232 -193.333334 -137.939973 0.939376 0.066765 -0.336327 -0.246809 -0.549251 -0.798379 0.238032 -0.832986 0.499475
-26.150468 -40.278137 -461.030031 -437.269733 0.987598 -0.030065 -0.154100 -0.135648 -0.657614 -0.741042 0.079059 -0.752755 0.653536
-27.229353 -39.249510 -996.739539 -263.208627 0.977487 -0.012381 -0.210630 -0.148598 -0.749098 -0.645577 0.149790 -0.662343 0.734074
-1.388300 -87.293381 -957.566806 818.108685 0.472738 -0.617491 -0.628668 -0.164596 0.638989 -0.751400 0.865694 0.458692 0.200438
-0.001270 -89.520899 262.320102 601.473568 -0.449110 0.640306 0.623143 -0.136703 0.639981 -0.756132 0.882956 0.424772 0.199891
-1.594317 -89.782426 -693.996980 -358.419781 0.455950 -0.637845 -0.620696 0.082735 0.724763 -0.684013 0.886151 0.260523 0.383228
-2.838148 -89.614069 -1338.938947 431.644611 0.479407 -0.621225 -0.619877 0.047840 0.723787 -0.688363 0.876288 0.300351 0.376708
-3.025013 -86.918730 -221.444980 2724.540916 0.436916 -0.638987 -0.633088 -0.061493 0.680956 -0.729738 0.897398 0.357764 0.258227
-2.969763 -81.149351 212.843378 2576.704951 -0.435135 0.624539 0.648543 -0.277680 0.592111 -0.756504 0.856476 0.509269 0.084226
-1.634025 -79.913429 1117.756121 2963.715250 -0.467963 0.609640 0.639804 -0.363978 0.526759 -0.768144 0.805314 0.592338 0.024608
-8.636974 -30.352992 271.495211 -465.953600 -0.153052 0.068463 -0.985844 0.711856 -0.684313 -0.158039 -0.685446 -0.725967 0.056000
-6.825429 -30.872866 -183.528559 -405.210746 -0.214445 0.092206 -0.972374 0.749999 -0.622209 -0.224405 -0.625711 -0.777402 0.064275
-8.828024 -29.137960 -229.178339 449.212845 0.206242 -0.079553 0.975262 -0.656942 0.727406 0.198261 -0.725184 -0.681580 0.097760
-8.983648 -29.186762 -298.836615 177.865006 0.134876 -0.052256 0.989484 -0.643530 0.754714 0.127577 -0.753444 -0.653969 0.068164
-5.614582 -40.909553 146.143663 515.336321 0.183692 0.249539 0.950783 0.980657 0.019995 -0.194711 -0.067599 0.968158 -0.241039
-5.015273 -40.840717 -461.575108 298.828235 0.248177 0.263811 0.932101 0.963825 0.029314 -0.264920 -0.097213 0.964129 -0.246992
-2.107359 -38.846486 224.018108 -626.002104 0.183441 0.248678 0.951057 0.953974 0.188451 -0.233279 -0.237239 0.950077 -0.202663
-1.552077 -39.014863 -767.182411 -527.495763 0.267873 0.283384 0.920835 0.930956 0.170011 -0.323137 -0.248124 0.943817 -0.218276
1.986956 -39.425449 1929.971878 -218.484748 0.104322 0.221132 0.969648 0.979601 0.145524 -0.138580 -0.171751 0.964325 -0.201440
6.307558 -38.617410 2991.890055 -1102.458543 0.119472 0.174783 0.977332 0.943724 0.285783 -0.166472 -0.308401 0.942220 -0.130804
-1.469796 -36.451008 -946.996301 -1890.340972 0.217605 0.267638 0.938626 0.893779 0.331769 -0.301808 -0.392182 0.904599 -0.167015
0.058681 -36.249656 767.967499 -1806.590821 0.170869 0.232469 0.957477 0.910894 0.333175 -0.243449 -0.375602 0.913757 -0.154825
10.310625 -45.783068 3005.501842 696.409112 0.562696 -0.067161 0.823931 0.781826 0.367028 -0.504023 -0.268555 0.927782 0.259033
14.660758 -44.711350 3239.005613 2646.302553 0.551697 -0.058315 0.832003 0.745411 0.481981 -0.460496 -0.374156 0.874239 0.309376
18.820056 -42.723155 4098.770194 -379.328620 0.600596 -0.033855 0.798835 0.746911 0.380288 -0.545441 -0.285321 0.924248 0.253686
2.370133 -50.391826 1232.973114 82.848607 0.487122 -0.065354 0.870885 0.774019 0.494158 -0.395857 -0.404484 0.866912 0.291300
15.264014 -50.664843 3906.696031 -2408.610273 0.589815 -0.049764 0.806004 0.784824 0.270388 -0.557622 -0.190184 0.961465 0.198535
10.039940 -47.975393 2938.724810 -863.730757 0.578818 -0.054635 0.813624 0.792426 0.273136 -0.545396 -0.192432 0.960423 0.201391
2.920095 -51.770418 1201.123408 -221.401232 0.517003 -0.063171 0.853649 0.826815 0.294973 -0.478923 -0.221549 0.953415 0.204732
1.643511 -105.393520 454.701478 -5614.494376 0.279533 0.236767 0.930485 0.940261 0.128658 -0.315208 -0.194345 0.963010 -0.186658
2.120865 -93.468420 -245.665851 -1727.190706 0.195991 0.242234 0.950216 0.866066 0.411712 -0.283590 -0.459910 0.878531 -0.129099
2.330122 -84.722443 304.366632 -2753.713322 0.223528 0.244169 0.943619 0.903984 0.310089 -0.294377 -0.364483 0.918818 -0.151411
2.498475 -79.337080 5.995119 -486.699212 0.156411 0.220363 0.962796 0.815003 0.521865 -0.251845 -0.557947 0.824073 -0.097971
1.710794 -94.613749 -327.732155 -4855.588060 0.292562 0.271237 0.916972 0.952534 0.001754 -0.304427 -0.084180 0.962511 -0.257850
13.139314 -34.343331 3536.899075 -770.673816 -0.130732 -0.128883 -0.983005 0.837909 -0.544337 -0.040067 -0.529922 -0.828907 0.179154
3.299963 -33.520465 3783.404486 -786.775248 -0.089595 -0.111390 -0.989730 0.819391 -0.573153 -0.009669 -0.566190 -0.811842 0.142623
10.400251 -33.227379 4220.563362 -478.355171 -0.099898 -0.119365 -0.987812 0.770102 -0.637921 -0.000796 -0.630051 -0.760795 0.155650
17.838190 -33.031368 1586.928610 -505.189724 -0.165204 -0.160715 -0.973077 0.785632 -0.617900 -0.031327 -0.596230 -0.769656 0.228342
0.175077 -34.122449 126.465236 345.465243 -0.427492 -0.116708 -0.896454 0.159391 0.966366 -0.201819 0.889857 -0.229163 -0.394511
-0.631944 -41.352527 -223.570173 1631.476033 -0.401817 -0.062816 -0.913563 0.226712 0.959762 -0.165708 0.887212 -0.273700 -0.371408
0.956272 -35.369036 200.355043 656.976806 -0.427544 -0.107003 -0.897639 0.077423 0.984987 -0.154292 0.900673 -0.135465 -0.412841
-6.277494 -78.271149 -1007.076149 -2887.417647 0.299346 0.276962 0.913063 0.920039 -0.337351 -0.199304 0.252823 0.899715 -0.355800
-5.289023 -68.973884 -1258.024845 -2650.671303 0.261899 0.288952 0.920824 0.965091 -0.081235 -0.248998 0.002854 0.953891 -0.300140
-7.726698 -68.196726 -1481.156820 -2008.857062 0.263566 0.284203 0.921825 0.964221 -0.105828 -0.243060 0.028476 0.952906 -0.301927
2.206519 -96.488718 -1371.390921 -97.213299 -0.626462 0.623383 0.467909 0.571557 0.775556 -0.268020 -0.529969 0.099532 -0.842156
4.595897 -95.553235 -958.802528 -1154.369497 -0.620642 0.615014 0.486376 0.550618 0.783476 -0.288073 -0.558232 0.089017 -0.824896
2.237471 -95.204978 -1096.349966 483.316398 -0.622857 0.625278 0.470189 0.406951 0.772246 -0.487881 -0.668162 -0.112536 -0.735456
3.322206 -94.280486 -1036.638627 -557.683823 -0.619792 0.618509 0.483016 0.683880 0.727583 -0.054145 -0.384923 0.296766 -0.873936
1.195580 -91.237460 -615.435921 608.120458 -0.623897 0.612524 0.485352 0.647252 0.753035 -0.118335 -0.437970 0.240316 -0.866274
44.188006 -686.368666 1295.674793 -123929.375773 -0.433103 0.318370 0.843245 0.814318 -0.262855 0.517488 0.386403 0.910795 -0.145411
33.707851 -468.550417 11168.759291 4481.934746 -0.500914 0.067795 0.862838 0.795534 -0.356598 0.489860 0.340896 0.931795 0.124691
46.049710 -304.030043 15079.613178 -50678.625684 -0.434038 0.049391 0.899540 0.861734 0.313953 0.398558 -0.262728 0.948153 -0.178829
190.546274 -3311.064483 19607.164589 -816661.420462 -0.245101 0.438069 0.864882 0.969320 0.127825 0.209953 -0.018580 0.889807 -0.455959
29.046061 -130.250935 8946.251315 -19621.239290 -0.414934 0.241806 0.877132 0.741051 0.649150 0.171604 -0.527895 0.721204 -0.448545
67.585450 -338.156089 4438.328017 -57923.722307 -0.373803 0.402222 0.835757 0.860269 0.487183 0.150301 -0.346713 0.775158 -0.528129
14.993794 -175.127645 11314.499698 -34689.385824 -0.412408 -0.004642 0.910987 0.642830 0.707086 0.294615 -0.645514 0.707112 -0.288624
-4.746887 -25.149558 428.600938 -626.946966 -0.015067 0.692494 -0.721266 0.338668 0.682245 0.647955 -0.940785 0.234507 0.244806
1.575865 -23.195714 529.255756 1001.887987 0.057198 0.809951 -0.583702 0.438466 0.504877 0.743537 -0.896926 0.298462 0.326258
-2.987133 -24.033449 354.561536 -2021.577294 0.066970 0.832207 -0.550406 0.278468 0.514134 0.811247 -0.958108 0.207600 0.197312
1.959658 -23.609634 750.363514 -162.317481 0.122595 0.899804 -0.418715 0.346600 0.356516 0.867620 -0.929967 0.251493 0.268165
-3.381873 -44.555230 174.075667 -4389.626425 -0.414931 0.029892 -0.909362 0.594007 0.765969 -0.245860 0.689194 -0.642182 -0.335581
-1.528165 -47.048796 444.683176 -2950.080678 -0.423524 0.049385 -0.904538 0.590682 0.772103 -0.234416 0.686820 -0.633575 -0.356175
-3.299074 -44.652513 216.441642 -1713.193236 -0.418725 0.028460 -0.907667 0.482353 0.853826 -0.195747 0.769419 -0.519780 -0.371245
-1.251436 -49.829994 -691.595966 1691.626842 -0.429744 -0.095398 -0.897897 0.663834 -0.707454 -0.242555 -0.612082 -0.700291 0.367353
-0.087583 -53.421292 -570.860408 1886.455969 -0.454542 -0.052806 -0.889158 0.616849 -0.738787 -0.271460 -0.642564 -0.671867 0.368384
-2.392434 -56.510878 342.405568 -2688.762736 0.449542 0.042948 0.892226 -0.519959 0.824764 0.222277 -0.726330 -0.563844 0.393097
1.425407 -50.507142 -614.413567 455.324195 -0.424932 -0.089265 -0.900813 0.748920 -0.593646 -0.294454 -0.508480 -0.799760 0.319112
-32.040440 -50.284969 -336.731652 2212.050548 -0.087439 -0.075403 -0.993312 -0.436585 0.899169 -0.029825 0.895404 0.431057 -0.111542
-27.667955 -46.065044 436.021541 2183.506976 0.063955 -0.199176 -0.977875 -0.477321 0.854423 -0.205248 0.876399 0.479887 -0.040426
-25.861598 -40.506841 358.485135 2240.465974 0.159976 -0.286516 -0.944625 -0.555197 0.765126 -0.326096 0.816189 0.576621 -0.036671
0.154761 -50.758539 -4717.169608 70.933075 -0.098981 0.429148 0.897794 0.649785 0.711188 -0.268311 -0.753646 0.556816 -0.349248
19.581342 -53.896004 -4617.298855 701.518352 -0.050863 0.404927 0.912933 0.677109 0.685925 -0.266514 -0.734123 0.604600 -0.309068
14.880262 -57.515192 -4424.901384 476.630949 -0.105164 0.355516 0.928735 0.519199 0.816152 -0.253629 -0.848158 0.455526 -0.270413
-4.192039 -50.075859 -3936.548107 -305.492427 -0.116509 0.388377 0.914106 0.523914 0.805937 -0.275643 -0.843765 0.446798 -0.297375
-13.835988 -48.054265 -2680.612162 -86.843266 -0.033568 0.395110 0.918020 0.617242 0.730626 -0.291887 -0.786057 0.556842 -0.268404
-10.988729 -46.520331 -2698.941470 614.160124 -0.022962 0.421429 0.906571 0.735268 0.621542 -0.270307 -0.677387 0.660366 -0.324135
8.409628 -19.780364 -881.057460 -1130.722714 -0.139771 0.118275 -0.983095 -0.475216 0.863015 0.171392 0.868697 0.491138 -0.064418
11.333726 -21.425020 -44.251402 -1304.798360 -0.144989 0.002877 -0.989429 -0.502299 0.861338 0.076110 0.852452 0.508024 -0.123440
10.931527 -18.849283 302.768977 -1767.503940 -0.157959 -0.054286 -0.985952 -0.460321 0.887404 0.024887 0.873587 0.457785 -0.165162
9.911870 -16.559130 -758.585564 -1420.586680 -0.126517 -0.008896 -0.991924 -0.439088 0.897163 0.047958 0.889492 0.441610 -0.117413
9.265864 -18.679498 -797.652913 -1505.560873 -0.124529 0.039230 -0.991440 -0.448755 0.888954 0.091540 0.884936 0.456313 -0.093097
-3.870235 -77.618500 352.993971 -6822.533052 0.103445 0.959624 -0.261574 -0.924920 -0.003915 -0.380143 0.365818 -0.281258 -0.887170
-4.222883 -91.711771 242.934011 5710.500774 0.124743 0.963367 -0.237411 0.985681 -0.092962 0.140683 0.113459 -0.251561 -0.961168
-4.785219 -99.676690 224.993778 2129.195967 0.128747 0.964856 -0.229080 0.975682 -0.164566 -0.144782 -0.177392 -0.204869 -0.962580
-4.247828 -95.254941 213.850607 1881.882855 0.133470 0.965907 -0.221831 0.981162 -0.160330 -0.107775 -0.139667 -0.203267 -0.969111
-3.611585 -88.891442 30.047672 5958.992740 0.148401 0.961108 -0.232913 0.976806 -0.105696 0.186223 0.154362 -0.255147 -0.954501
-3.171012 -77.123588 91.582928 -5564.672422 0.131374 0.959429 -0.249475 -0.926589 0.029388 -0.374924 0.352382 -0.280416 -0.892857
-6.108686 -34.804759 120.408546 1306.741604 -0.072014 -0.142921 -0.987111 0.108195 0.982721 -0.150179 0.991518 -0.117616 -0.055306
-5.748817 -36.582509 76.623712 2679.151625 -0.097127 -0.150595 -0.983813 -0.022999 0.988562 -0.149051 0.995006 0.008150 -0.099480
-6.272675 -35.874163 77.022160 2753.088990 -0.060276 -0.152253 -0.986502 -0.039044 0.987902 -0.150083 0.997418 0.029470 -0.065491
-5.523276 -34.374150 8.650123 -141.413708 -0.093991 -0.130388 -0.986998 0.162202 0.976135 -0.144399 0.982271 -0.173665 -0.070598
-6.735218 -33.389486 338.151994 -160.168286 -0.052096 -0.167440 -0.984505 0.155347 0.972484 -0.173616 0.986485 -0.161985 -0.024651
-5.670510 -34.199703 187.985756 -2861.878199 -0.066453 -0.148481 -0.986680 0.277310 0.947159 -0.161211 0.958480 -0.284329 -0.021766
-3.149465 -38.892274 -819.746191 2338.617082 -0.074913 0.347916 0.934528 0.983189 0.182261 0.010960 -0.166515 0.919639 -0.355721
-3.684528 -38.125691 -931.018677 735.514220 -0.071189 0.354509 0.932339 0.992527 0.118044 0.030901 -0.099102 0.927572 -0.360263
5.539811 -65.041024 -53.312388 4018.450524 0.098422 0.078653 0.992032 0.813936 0.567188 -0.125722 -0.572557 0.819824 -0.008195
4.786465 -67.864245 43.433409 4094.739064 0.081247 0.083437 0.993195 0.677825 0.725945 -0.116434 -0.730721 0.682672 0.002426
6.629956 -63.313363 1468.897606 667.022812 0.103322 0.060766 0.992790 0.567165 0.816360 -0.108993 -0.817098 0.574337 0.049884
5.466969 -70.700444 -2952.933156 1081.824921 -0.016211 0.009931 -0.999819 -0.577414 0.816265 0.017470 0.816291 0.577593 -0.007498
2.299617 -63.673756 1480.708494 -1363.828686 0.027730 0.015783 0.999491 0.714883 -0.699189 -0.008793 0.698694 0.714763 -0.030672
0.986011 -57.739804 1076.348815 -4689.060765 0.037443 0.033799 0.998727 0.873402 -0.486728 -0.016272 0.485558 0.872899 -0.047745
4.411059 -56.824052 1129.222258 -3719.703350 0.054767 0.032551 0.997968 0.893680 -0.447380 -0.034451 0.445350 0.893751 -0.053591
0.853505 -114.785075 550.838287 -5131.102042 -0.078714 0.285928 0.955013 0.831925 -0.508996 0.220960 0.549276 0.811892 -0.197806
0.614908 -110.827662 -393.222684 -6222.659138 -0.090646 0.320418 0.942929 0.926047 -0.321195 0.198169 0.366361 0.891160 -0.267607
1.915230 -50.611903 35.979586 1123.459273 -0.252285 -0.088995 -0.963552 0.412100 0.891066 -0.190199 0.875515 -0.445064 -0.188128
2.698195 -48.247058 149.090673 1825.729271 -0.262802 -0.108309 -0.958751 0.251416 0.951664 -0.176424 0.931518 -0.287410 -0.222869
1.648965 -53.202755 385.387949 -235.564197 -0.244007 -0.045037 -0.968727 0.510398 0.843413 -0.167772 0.824593 -0.535374 -0.182812
3.116513 -53.497888 293.177077 1199.360229 -0.255226 -0.082885 -0.963322 0.313664 0.935337 -0.163581 0.914590 -0.343910 -0.212725
55.083098 -25.393779 8141.382633 65.942897 -0.227581 0.647796 -0.727026 0.614796 0.674580 0.408616 0.755138 -0.353980 -0.551784
62.099149 -24.854465 -50.784202 -627.016543 -0.008031 0.482943 -0.875615 0.617511 0.691129 0.375527 0.786522 -0.537686 -0.303773
54.834030 -24.116916 -1717.997803 814.607004 0.012912 0.471289 -0.881884 0.514942 0.752880 0.409887 0.857128 -0.459412 -0.232965
49.993813 -21.866391 5194.415013 608.673168 -0.200713 0.583413 -0.786984 0.483260 0.757750 0.438491 0.852159 -0.292307 -0.434030
30.909314 -21.300877 8603.719029 997.653527 -0.338345 0.691862 -0.637848 0.531113 0.699945 0.477489 0.776815 -0.177214 -0.604280
29.631694 -24.098674 8797.100649 -911.529107 -0.321051 0.746931 -0.582255 -0.607545 -0.634059 -0.478391 0.726509 -0.200158 -0.657360
42.792246 -25.384382 11508.848295 -457.989433 -0.327513 0.773272 -0.542941 -0.689948 -0.588325 -0.421718 0.645529 -0.236483 -0.726201
-0.391400 -29.505772 -100.988391 417.890276 -0.128615 0.009642 -0.991648 0.798795 0.593596 -0.097830 0.587695 -0.804705 -0.084047
0.810494 -30.458005 236.172424 97.213965 -0.148287 0.007851 -0.988913 0.818919 0.561576 -0.118338 0.554421 -0.827388 -0.089703
0.518739 -32.545897 -195.714394 -1855.508924 -0.140238 -0.008797 -0.990079 0.784308 0.609333 -0.116506 0.604313 -0.792865 -0.078552
-1.303363 -33.071171 -203.026369 -2171.282468 -0.137047 -0.010903 -0.990505 0.772505 0.624735 -0.113761 0.620043 -0.780761 -0.077195
0.016262 -28.295154 656.066369 1111.319240 -0.097777 0.054157 -0.993734 0.788569 0.613359 -0.044163 0.607123 -0.787946 -0.102679
-1.130063 -27.198539 846.920929 94.176337 0.089373 0.025542 0.995671 0.957757 -0.276552 -0.078875 0.273340 0.960659 -0.049179
0.265570 -24.269686 784.957087 -769.931124 0.103571 0.018979 0.994441 0.990559 -0.092251 -0.101406 0.089813 0.995555 -0.028355
-2.962323 -26.566880 807.438895 -650.771446 0.045816 0.032285 0.998428 0.988399 -0.146346 -0.040624 0.144805 0.988706 -0.038616
6.000713 -106.193211 -1343.472232 -1961.112467 0.131869 0.956696 -0.259508 -0.665854 0.279428 0.691779 -0.734336 -0.081570 -0.673867
6.889582 -96.392789 -680.777417 -4258.348053 0.155812 0.953747 -0.257078 -0.804958 0.273438 0.526568 -0.572508 -0.124892 -0.810331
6.563440 -91.324368 -642.640763 112.889247 0.159260 0.950718 -0.266030 -0.908502 0.246591 0.337368 -0.386342 -0.187959 -0.903001
-9.234746 -68.882361 -866.602287 -2152.045091 0.071799 -0.901072 0.427686 0.973014 0.157551 0.168589 -0.219293 0.404039 0.888067
-9.119255 -68.809876 94.028301 -2557.911599 0.058483 -0.906524 0.418084 0.953573 0.174666 0.245338 -0.295430 0.384325 0.874652
-8.229591 -61.615223 220.403880 -2384.271476 -0.037714 0.912647 -0.407005 0.894952 0.212046 0.392553 -0.444566 0.349445 0.824772
-8.968234 -62.259519 20.334700 -1853.029197 -0.023938 0.906350 -0.421850 0.865944 0.229662 0.444294 -0.499569 0.354663 0.790345
-8.187739 -55.511460 20.442517 -1278.122767 -0.021594 0.920442 -0.390283 0.811694 0.244049 0.530653 -0.583683 0.305332 0.752387
-4.070728 -29.242191 6685.190116 5246.688349 -0.817471 0.564607 0.113839 0.449325 0.748800 -0.487242 -0.360343 -0.347155 -0.865815
4.665054 -57.749578 -171.909245 18003.967727 -0.643911 0.732928 -0.219534 0.750719 0.549871 -0.366145 -0.147643 -0.400573 -0.904291
22.366038 -24.544135 2299.421929 -4023.171735 -0.784087 0.608156 0.123908 0.455789 0.699727 -0.550126 -0.421264 -0.374871 -0.825838
-4.564095 -185.306287 2344.950643 53239.042885 -0.495526 0.814970 -0.300463 0.857274 0.403212 -0.320158 -0.139769 -0.416225 -0.898455
3.631692 -32.005235 14137.597871 3742.723933 -0.796907 0.286800 0.531682 0.065791 0.916087 -0.395545 -0.600509 -0.280232 -0.748905
-14.360438 -225.578530 952.914606 71566.142047 0.391352 0.656141 -0.645230 -0.721544 0.653965 0.227384 -0.571154 -0.376575 -0.729366
-19.736432 -34.917767 5087.034126 -14022.751727 0.460348 0.660858 -0.592745 0.792167 -0.607176 -0.061720 -0.400689 -0.441140 -0.803022
-7.368496 -109.277544 3705.305515 33166.212714 -0.496260 0.823492 -0.274931 0.829624 0.356501 -0.429686 -0.255830 -0.441326 -0.860106
-172.582058 -3035.298778 -49081.125278 -3873598.383743 -0.318555 0.774803 -0.546079 -0.502176 -0.626549 -0.596033 0.803954 -0.084359 -0.588678
-408.926513 -5272.956814 -131785.980723 4668923.333027 -0.404902 0.793383 -0.454531 -0.078267 -0.525351 -0.847278 0.911004 0.307489 -0.274812
-11.413369 -36.549233 1778.291013 -1694.885692 -0.478640 0.419534 0.771295 0.717006 -0.320252 0.619146 0.506761 0.849371 -0.147523
-3.358775 -36.613935 1978.024275 -1920.102749 -0.407294 0.360900 0.838965 0.755961 -0.382240 0.531428 0.512479 0.850672 -0.117142
1.181789 -29.859840 2478.007605 -2429.088709 -0.360021 0.328511 0.873193 0.834523 -0.305029 0.458834 0.417081 0.893889 -0.164333
-6.063790 -41.599227 1837.061482 -776.970251 -0.430177 0.389329 0.814476 0.654390 -0.487025 0.578429 0.621869 0.781812 -0.045266
0.683655 -41.873967 1865.871831 -890.312413 -0.392366 0.361560 0.845768 0.669593 -0.518145 0.532138 0.630630 0.775113 -0.038796
4.021739 -38.455707 2120.491217 -2082.434780 -0.375328 0.344254 0.860592 0.764481 -0.410035 0.497434 0.524116 0.844607 -0.109277
-0.635698 -20.487752 2395.023931 622.413205 0.455248 0.529855 0.715544 0.435955 0.568075 -0.698021 -0.776333 0.629718 0.027622
-4.360636 -21.168114 1363.764465 676.609260 0.370136 0.467264 0.802909 0.504497 0.624633 -0.596084 -0.780052 0.625698 -0.004534
-22.974949 -47.335642 2096.911041 -212.242220 -0.467420 0.596192 0.652743 -0.466483 0.460867 -0.754981 0.750941 0.657386 -0.062695
-23.865981 -46.222784 1506.457741 -232.163042 -0.516809 0.621702 0.588553 0.540646 -0.296029 0.787445 0.663785 0.725157 -0.183130
-17.751776 -45.204833 1652.981908 -154.551277 -0.474641 0.528720 0.703684 0.544447 -0.451816 0.706710 0.691588 0.718552 -0.073410
5.859087 -16.025021 -422.663923 785.293210 0.322793 0.897194 -0.301409 0.431331 0.144018 0.890625 -0.842472 0.417494 0.340499
4.381804 -14.430634 -944.553042 348.454220 0.266502 0.891399 -0.366584 0.477442 0.208305 0.853615 -0.837273 0.402513 0.370078
1.889334 -14.970957 -1173.112031 402.600754 0.229231 0.877355 -0.421546 0.498988 0.265922 0.824801 -0.835742 0.399417 0.376832
-0.331742 -77.307480 273.100466 -2036.730342 -0.054058 -0.175266 -0.983036 -0.224763 0.961347 -0.159039 0.972913 0.212353 -0.091362
-1.390239 -80.537212 -408.990190 1317.250776 -0.039201 -0.186809 -0.981614 -0.489985 0.859747 -0.144049 0.870849 0.475329 -0.125237
-1.376303 -78.118477 626.253069 1367.857396 -0.052999 -0.195216 -0.979327 -0.508841 0.849115 -0.141723 0.859228 0.490810 -0.144336
10.914131 -24.260914 -3726.162398 245.671931 0.180722 0.922216 -0.341845 0.058133 0.336944 0.939728 -0.981815 0.189702 -0.007282
0.001282 -25.217381 -3430.639515 438.851071 0.180191 0.864626 -0.468991 0.058930 0.466449 0.882583 -0.981865 0.186671 -0.033097
17.103120 -26.870647 -6030.292797 734.220332 0.137571 0.914796 -0.379766 -0.020242 0.385928 0.922307 -0.990285 0.119195 -0.071610
26.959082 -26.510069 -3314.741497 686.595896 0.270055 0.923342 -0.272964 -0.052459 0.297186 0.953377 -0.961415 0.243145 -0.128694
-157.187128 -385.734347 -26494.764519 -78951.918305 -0.645243 -0.536401 0.543999 -0.498183 0.835264 0.232697 -0.579202 -0.120865 -0.806174
-25.696411 -40.900938 -353.952817 -524.048870 0.990435 -0.043788 -0.130849 -0.133387 -0.546524 -0.826753 0.035310 -0.836298 0.547137
1.237850 -89.010300 -649.191761 1047.688217 -0.428754 0.643400 0.634197 -0.233563 0.599187 -0.765783 0.872708 0.476457 0.106629
1.352056 -88.807595 -100.027251 2443.115208 -0.448485 0.643385 0.620417 -0.274102 0.561688 -0.780624 0.850723 0.520156 0.075556
0.859634 -83.480352 -709.471012 3496.002187 -0.426222 0.642961 0.636345 -0.429092 0.475576 -0.767924 0.796376 0.600357 -0.073189
-0.729323 -86.261189 -251.460889 1332.343851 -0.429837 0.623334 0.653219 -0.400158 0.517018 -0.756680 0.809391 0.586641 -0.027199
-1.633015 -78.431488 -587.854804 4398.179385 -0.411100 0.633330 0.655660 -0.586756 0.366610 -0.722021 0.697649 0.681535 -0.220896
-0.108481 -74.623351 -947.810966 -5243.430345 -0.415412 0.643695 0.642720 0.607555 -0.329517 0.722700 0.676986 0.690706 -0.254194
-4.139289 -30.817733 -212.249567 2.511722 -0.036591 0.021979 -0.999089 0.891090 -0.451825 -0.042575 -0.452349 -0.891836 -0.003052
-4.160992 -31.505988 17.365752 -117.442758 -0.117053 0.053094 -0.991705 0.850040 -0.511006 -0.127690 -0.513547 -0.857936 0.014683
-5.613993 -30.227354 159.960007 203.035288 -0.055041 0.042033 -0.997599 0.838687 -0.540221 -0.069035 -0.541826 -0.840473 -0.005518
-2.787963 -29.963242 870.573262 162.685014 -0.065881 0.066158 -0.995632 0.762989 -0.639688 -0.092993 -0.643046 -0.765782 -0.008335
-2.797275 -29.502551 628.299801 113.984043 -0.047048 0.048636 -0.997708 0.829895 -0.553985 -0.066140 -0.555932 -0.831105 -0.014299
-12.351828 -20.895189 449.068493 -480.053218 -0.760240 -0.568549 -0.314304 -0.132015 0.608922 -0.782168 0.636087 -0.553142 -0.537984
-4.406870 -22.898470 -2703.091320 -764.386765 0.780075 0.597401 0.186000 -0.233248 0.553500 -0.799521 0.580585 -0.580302 -0.571114
-11.741890 -23.650461 -1608.600234 -789.563891 0.741080 0.651489 0.162364 -0.303643 0.540881 -0.784378 0.598833 -0.531986 -0.598656
-16.711865 -22.402986 128.354152 -536.262257 -0.736777 -0.609550 -0.292588 -0.215120 0.621578 -0.753236 0.641002 -0.492025 -0.589091
-6.238092 -39.661696 -581.242168 9.377722 0.235605 0.269042 0.933866 0.971845 -0.067841 -0.225642 0.002647 0.960736 -0.277451
-4.773394 -40.045234 -893.697102 360.779862 0.274505 0.278649 0.920327 0.961552 -0.071482 -0.265158 -0.008099 0.957729 -0.287558
-2.617242 -40.763746 -765.120696 265.954501 0.286352 0.281900 0.915716 0.953695 0.007939 -0.300672 -0.092029 0.959411 -0.266573
-2.538022 -43.276253 -225.848323 1090.149743 0.135406 0.135111 0.981535 0.250962 0.953675 -0.165897 -0.958480 0.268792 0.095225
-2.945386 -40.745683 -506.362855 556.642788 0.129881 0.157238 0.978983 0.359749 0.912594 -0.194303 -0.923965 0.377424 0.061963
-1.134263 -41.545907 -402.184729 1172.054126 0.130478 0.159072 0.978607 0.368183 0.908687 -0.196797 -0.920552 0.385984 0.059996
0.391519 -43.332162 -499.795209 1500.232556 0.120194 0.149077 0.981493 0.297685 0.937754 -0.178889 -0.947067 0.313678 0.068334
22.978670 -37.547320 2858.246424 -821.575468 0.601766 0.068705 0.795712 0.697420 0.440310 -0.565449 -0.389209 0.895213 0.217047
18.344555 -41.837150 2796.151089 3214.901922 0.548658 0.004103 0.836037 0.720008 0.505932 -0.474996 -0.424927 0.862563 0.274630
10.944012 -54.184077 3005.499270 3242.584399 0.502127 -0.062198 0.862555 0.679835 0.644859 -0.349258 -0.534503 0.761767 0.366085
14.748570 -53.191436 2832.777425 5392.464348 0.502526 -0.040979 0.863591 0.701933 0.602487 -0.379868 -0.504735 0.797076 0.331530
4.637183 -51.490642 1238.112430 765.870011 0.481988 -0.055200 0.874438 0.697081 0.628786 -0.344536 -0.530816 0.775616 0.341546
1.068451 -93.656342 39.692133 -2069.093168 0.205487 0.234904 0.950050 0.910024 0.311277 -0.273795 -0.360044 0.920829 -0.149805
0.727166 -88.361076 56.167621 468.224942 0.136284 0.202050 0.969847 0.793315 0.564102 -0.228998 -0.593362 0.800603 -0.083411
1.561466 -90.832737 -305.665737 1880.968822 0.115533 0.188769 0.975202 0.710094 0.670807 -0.213973 -0.694564 0.717206 -0.056543
-5.221508 -66.310023 1084.935090 1685.775843 0.493829 -0.036995 0.868772 0.232020 0.968478 -0.090644 -0.838033 0.246336 0.486847
-6.873233 -65.442250 130.655946 1065.816174 0.446007 -0.031772 0.894465 0.179385 0.982265 -0.054556 -0.876868 0.184787 0.443797
-6.337329 -67.807144 375.885283 229.222872 0.463884 -0.022515 0.885610 0.016194 0.999725 0.016934 -0.885748 0.006486 0.464122
-7.604991 -66.383350 226.554161 -443.823283 0.436153 -0.011064 0.899805 -0.013800 0.999725 0.018982 -0.899767 -0.020696 0.435880
-3.646770 -69.648631 687.646623 1526.948791 0.495636 -0.020656 0.868285 0.067889 0.997580 -0.015021 -0.865873 0.066391 0.495839
-4.669612 -67.868547 203.402722 -693.426823 0.472355 -0.013243 0.881309 -0.143983 0.985297 0.091976 -0.869569 -0.170339 0.463503
-5.894950 -66.130166 -115.791024 -1646.330210 0.436530 0.001224 0.899689 -0.206091 0.973545 0.098671 -0.875767 -0.228490 0.425234
17.303131 -30.864369 -3375.322457 16.734359 0.140332 0.125520 0.982116 -0.639262 0.768958 -0.006934 -0.756076 -0.626856 0.188149
