14666
29323
-36.122834 -56.323550 1076.058202 6721.346127 -0.082011 -0.968165 0.236497 0.975751 -0.126318 -0.178754 0.202937 0.216103 0.955048
-44.275368 -67.416196 -517.902147 6128.776472 0.010007 -0.962369 0.271561 0.997607 -0.008970 -0.068552 0.068408 0.271597 0.959977
-41.913773 -71.056212 1881.569381 10861.161240 0.308523 -0.941599 0.134923 0.941747 0.282399 -0.182655 0.133885 0.183416 0.973875
-34.297259 -53.991786 -311.310466 4210.941533 -0.369813 -0.858428 0.355443 0.907319 -0.416030 -0.060749 0.200024 0.300035 0.932722
-30.907198 -54.622837 -5095.937150 9226.306136 -0.185748 0.979015 -0.083834 0.937358 0.150960 -0.313960 0.294716 0.136899 0.945728
-29.839842 -43.880140 397.362079 4627.715824 0.395920 0.865869 -0.305808 0.869130 -0.460832 -0.179572 0.296412 0.194691 0.935006
-25.535819 -71.161739 4811.209991 -7835.160701 -0.132876 -0.963752 -0.231355 0.989390 -0.142813 0.026669 -0.058743 -0.225357 0.972504
-27.494488 -79.023974 -88.948513 -299.973008 -0.111756 -0.971159 -0.210619 0.987261 -0.084350 -0.134913 0.113257 -0.223013 0.968214
-31.216174 -82.981393 2659.723836 669.762950 -0.102837 -0.979944 -0.170688 0.991039 -0.086233 -0.102009 0.085245 -0.179649 0.980030
-51.864023 -71.919760 4740.440543 1494.294886 0.925724 -0.169785 -0.337948 -0.290286 -0.891751 -0.347152 0.242424 -0.419468 0.874801
-42.350326 -62.440373 10873.138837 -1702.755254 0.652831 -0.537656 -0.533608 0.737857 0.610736 0.287346 0.171401 -0.581315 0.795421
-33.842905 -59.757727 10070.738064 -1060.145315 0.644832 -0.507649 -0.571388 0.709829 0.674971 0.201390 0.283435 -0.535450 0.795587
-42.808524 -65.701724 4910.634534 587.143387 0.876419 -0.183832 -0.445079 -0.322136 -0.910822 -0.258130 0.357936 -0.369606 0.857481
-53.933933 -76.980729 3256.884727 -140.645853 0.963241 0.133998 -0.232833 -0.071611 0.963432 0.258207 0.258918 -0.232042 0.937613
3.743547 -37.523985 -638.662425 -724.307986 -0.030915 0.999050 0.030726 0.598580 0.043124 -0.799902 0.800467 0.006337 0.599344
0.306015 -38.625041 -1862.424916 44.223848 -0.054530 0.994321 0.091393 0.577228 0.106076 -0.809664 0.814760 -0.008604 0.579734
4.233922 -40.052105 -2744.765169 -87.522663 -0.021801 0.997450 0.067963 0.647921 0.065867 -0.758855 0.761396 -0.027491 0.647704
6.832527 -38.951615 -515.324965 -40.457873 -0.015868 0.999861 0.005054 0.659706 0.014267 -0.751388 0.751356 0.008589 0.659841
5.724362 -37.650651 2004.990236 -171.856794 -0.025529 0.997651 -0.063565 0.646933 -0.031988 -0.761875 0.762119 0.060572 0.644597
3.258098 -35.639876 1057.294636 206.208272 -0.022518 0.998510 -0.049705 0.562282 -0.028460 -0.826456 0.826639 0.046558 0.560803
21.916767 -44.310078 3614.982678 1019.897961 -0.453754 0.883506 0.116291 -0.111566 0.073150 -0.991061 0.884115 0.462673 -0.065377
23.339813 -42.127738 3657.697294 1987.683908 -0.431527 0.888392 0.156666 -0.234997 0.056967 -0.970325 0.870954 0.455538 -0.184187
25.797445 -47.286341 -417.876963 1021.302972 -0.337808 0.933676 0.118891 -0.133015 0.077690 -0.988064 0.931768 0.349591 -0.097949
2.129143 -46.518528 -1108.451382 984.583781 0.048244 0.971316 -0.232849 -0.303118 0.236364 0.923175 -0.951731 -0.026043 -0.305826
0.991571 -47.019082 -318.072153 -650.943620 0.061112 0.970690 -0.232436 -0.427194 0.235901 0.872843 -0.902092 -0.045954 -0.429090
3.913766 -47.083919 -1074.921606 1151.212565 0.056307 0.968153 -0.243946 -0.329354 0.248668 0.910873 -0.942526 -0.029056 -0.332867
3.054342 -46.170766 -1196.160378 1623.759854 0.047887 0.970286 -0.237174 -0.197045 0.241957 0.950068 -0.979224 -0.001238 -0.202777
-5.962120 -104.748109 -1384.677500 5236.780245 0.017821 0.996391 -0.082987 -0.763734 0.067133 0.642031 -0.645285 -0.051938 -0.762174
2.107732 -114.780014 -5046.354549 4759.305705 -0.051801 0.994312 -0.093058 -0.803539 0.013833 0.595091 -0.592994 -0.105602 -0.798252
-8.476150 -101.831966 -3332.562033 6984.145844 -0.022334 0.996808 -0.076653 -0.658835 0.042993 0.751058 -0.751956 -0.067276 -0.655772
-4.966862 -93.979022 1431.694026 -6908.579617 -0.154646 0.920413 0.359060 0.374128 0.390923 -0.840956 0.914392 -0.004284 0.404807
-6.954138 -86.462542 1388.965976 -5249.223152 -0.135473 0.931826 0.336670 0.377920 0.362712 -0.851832 0.915873 -0.011834 0.401293
-7.848437 -94.079651 1135.044877 -4422.094864 -0.136633 0.919708 0.368060 0.205063 0.389755 -0.897797 0.969165 0.047194 0.241852
-4.833680 -102.812336 891.320364 -3982.337364 -0.145605 0.911118 0.385568 0.127583 0.403760 -0.905925 0.981082 0.082715 0.175033
-8.660453 -99.754285 697.928631 -2236.920018 -0.131960 0.907838 0.398015 -0.011869 0.400051 -0.916416 0.991184 0.125655 0.042016
-11.390165 -95.543333 440.436047 -3067.076051 -0.105596 0.917188 0.384207 0.072800 0.392461 -0.916883 0.991741 0.068849 0.108214
1.427162 -60.017063 -2119.380312 5928.067669 -0.170067 0.946241 0.275145 -0.013379 -0.281404 0.959496 -0.985342 -0.159498 -0.060518
0.366300 -71.392362 -3008.027778 11609.111600 -0.166391 0.974974 0.147441 -0.151681 -0.173053 0.973163 -0.974324 -0.139562 -0.176680
5.570953 -83.894564 -941.172726 11155.144819 -0.138803 0.973380 0.182386 -0.161168 -0.203916 0.965631 -0.977117 -0.104637 -0.185182
4.622189 -65.267995 -906.395940 4590.676721 -0.141119 0.927161 0.347070 0.058312 -0.342185 0.937821 -0.988274 -0.152583 0.005775
8.089345 -131.818302 -1450.013930 -845.280237 0.692533 -0.460893 0.554955 0.721383 0.440267 -0.534576 0.002054 0.770547 0.637380
3.427265 -131.820944 -1401.285663 1571.063153 0.694238 -0.452764 0.559498 0.719684 0.426501 -0.547861 0.009425 0.783008 0.621940
6.215022 -128.429168 -2167.418850 -553.662316 0.692772 -0.444745 0.567687 0.708615 0.273638 -0.650375 0.133910 0.852833 0.504722
9.671862 -133.160707 -652.627256 648.887218 0.691310 -0.480127 0.539970 -0.683623 -0.192610 0.703961 0.233987 0.855791 0.461379
11.158280 -130.734118 27.092616 813.219009 0.682248 -0.511857 0.522053 0.713361 0.309613 -0.628694 0.160167 0.801337 0.576372
10.813354 -133.956589 -117.488545 509.338946 0.695588 -0.494341 0.521330 0.714775 0.549389 -0.432746 -0.072489 0.673646 0.735491
4.729554 -138.200584 -860.012660 -4752.108511 0.705066 -0.395501 0.588609 -0.382655 0.486631 0.785344 0.597040 0.778953 -0.191767
4.491543 -146.717541 777.481103 -802.414171 0.699394 -0.434842 0.567239 -0.536798 0.204423 0.818571 0.471906 0.876997 0.090450
7.196512 -150.516941 -68.310703 -2244.696288 0.722987 -0.400779 0.562730 -0.492291 0.272608 0.826640 0.484705 0.874678 0.000208
7.854815 -135.615613 -62.305796 -7308.266940 0.701181 -0.390749 0.596372 -0.378618 0.504698 0.775841 0.604147 0.769802 -0.205940
5.514338 -122.888567 314.731455 -8465.183207 -0.690736 0.374883 -0.618342 -0.257207 0.671819 0.694625 0.675817 0.638844 -0.367627
-25.912435 -103.469712 1463.509123 -12259.958266 -0.042153 0.999094 -0.005914 0.321787 0.019180 0.946618 -0.945873 -0.038000 0.322304
-19.414391 -77.393471 1277.797435 -10142.483278 -0.021680 0.995987 -0.086830 0.160262 0.089189 0.983037 -0.986836 -0.007397 0.161552
-21.321082 -72.999042 1534.097899 -11336.648325 -0.046605 0.998189 -0.038032 0.113582 0.043122 0.992592 -0.992435 -0.041940 0.115386
-30.268231 -125.043822 2171.520844 -10090.292930 -0.025829 0.997858 0.060097 0.561632 -0.035248 0.826636 -0.826984 -0.055104 0.559518
-25.534585 -113.692116 1917.207577 -8248.489611 -0.007903 0.999896 -0.012085 0.523512 0.014434 0.851896 -0.851982 -0.000406 0.523571
4.226807 -119.514133 -2631.805279 12296.134627 0.677557 -0.159155 0.718044 0.004100 0.977107 0.212708 -0.735459 -0.141177 0.662698
5.670731 -161.000462 -1769.417396 20409.682588 0.698383 -0.192397 0.689380 -0.140515 0.907590 0.395646 -0.701795 -0.373181 0.606811
2.959699 -141.418615 -1978.828368 17255.782387 0.680264 -0.174345 0.711930 -0.136242 0.924296 0.356533 -0.720194 -0.339531 0.605012
2.614437 -181.170698 -1402.262724 25184.077161 0.694181 -0.198283 0.691952 -0.287767 0.804695 0.519284 -0.659775 -0.559598 0.501545
-19.085395 -107.464341 218.977933 -1829.798028 0.789567 -0.416878 0.450329 -0.488643 0.016827 0.872321 0.371230 0.908807 0.190418
-19.355968 -99.619562 278.860575 -4170.198573 0.790772 -0.404145 0.459724 -0.395945 0.235036 0.887686 0.466806 0.883982 -0.025841
-20.889868 -106.437892 231.556302 -2823.352964 0.806064 -0.369763 0.462099 -0.473808 0.064686 0.878249 0.354636 0.926872 0.123055
-20.606510 -110.707833 1494.086526 -39.685076 0.806150 -0.399714 0.436292 -0.542903 -0.206406 0.814035 0.235328 0.893099 0.383400
-22.817704 -107.763061 2155.374763 -345.670228 0.808436 -0.357782 0.467358 -0.525776 -0.082077 0.846654 0.264558 0.930191 0.254467
-20.476647 -100.355096 764.629814 -3686.638428 0.793744 -0.307649 0.524712 -0.489236 0.189660 0.851280 0.361412 0.932406 -0.000029
-285.170077 -4819.045877 -83947.691983 -4285541.324822 -0.523680 0.086147 -0.847548 0.616650 -0.648100 -0.446888 -0.587794 -0.756667 0.286274
353.154676 -7167.668835 -526462.026228 3215932.498618 -0.122598 0.028544 -0.992046 0.745962 0.661960 -0.073140 0.654607 -0.748995 -0.102448
11351.907440 -18394.205374 -14759099.717585 21583955.941395 0.174356 -0.553227 -0.814580 0.928865 0.366973 -0.050413 0.326819 -0.747844 0.577857
4.593474 -53.893009 5388.421092 5002.744344 0.304439 0.872539 -0.382089 0.815254 -0.446135 -0.369221 0.492624 0.199095 0.847162
18.901884 -57.086567 4933.616006 4780.409805 0.305781 0.889517 -0.339497 0.827178 -0.424766 -0.367900 0.471460 0.168328 0.865674
11.449961 -62.336666 4750.526295 2426.849836 0.324203 0.867899 -0.376356 0.871338 -0.428872 -0.238411 0.368325 0.250639 0.895275
6.010992 -64.262344 -3968.409713 101.518064 -0.345527 -0.855987 0.384573 0.901102 -0.417052 -0.118667 0.261965 0.305537 0.915435
-1.249812 -60.839491 4421.040468 1724.745212 0.349708 0.853103 -0.387194 0.866431 -0.451717 -0.212718 0.356372 0.261088 0.897124
-2.697842 -33.141360 5301.617457 -1992.724953 0.084670 0.864852 0.494835 -0.358391 0.489815 -0.794756 0.929724 0.110053 -0.351428
-3.655129 -33.180173 5098.105217 -1700.748257 0.052584 0.915358 0.399193 -0.319159 0.394185 -0.861833 0.946241 0.082087 -0.312873
-12.820071 -39.776860 1544.304321 -2409.891974 -0.007882 0.983327 0.181678 -0.427751 0.160906 -0.889459 0.903862 0.084724 -0.419351
-10.790777 -39.029379 3264.210263 -3086.130424 0.008116 0.949660 0.313177 -0.446476 0.283678 -0.848638 0.894759 0.132938 -0.426303
40.111453 -108.754392 2397.341032 2506.637432 -0.335811 0.916175 0.218758 0.789114 0.146826 0.596440 -0.514324 -0.372916 0.772272
59.343745 -119.849227 10338.705447 -10791.464240 -0.302205 0.922615 0.239696 0.651826 0.016530 0.758188 -0.695554 -0.385368 0.606380
41.988439 -95.296694 -2879.671490 -3539.057006 -0.247158 0.938472 0.241211 0.681907 -0.008397 0.731390 -0.688415 -0.345253 0.637876
-0.512386 -95.608929 1026.117945 -8330.618282 -0.153864 0.918695 0.363766 0.432480 0.393628 -0.811183 0.888418 -0.032510 0.457883
0.917523 -84.396722 1348.169748 -5318.379567 -0.139610 0.936537 0.321569 0.601777 0.338145 -0.723549 0.786367 -0.092498 0.610795
-3.121322 -83.674931 1577.773214 -4449.202037 -0.139154 0.937269 0.319628 0.575967 0.339162 -0.743795 0.805542 -0.080593 0.587032
0.473557 -82.862403 2003.157804 1110.037283 -0.122112 0.948326 0.292858 0.689323 0.293325 -0.662415 0.714088 -0.120985 0.689522
-2.082966 -83.395350 1983.601304 2079.610288 -0.127234 0.947553 0.293181 0.714405 0.292594 -0.635622 0.688068 -0.128577 0.714164
-5.869048 -9.313853 567.795401 1062.475553 -0.705045 0.553332 -0.443548 0.057855 0.668248 0.741685 0.706798 0.497260 -0.503158
-8.597952 -11.006413 1019.090031 143.180550 -0.609755 0.787947 -0.085659 -0.353307 -0.366958 -0.860532 0.709487 0.494450 -0.502142
-5.004564 -11.616657 394.875932 1191.526904 -0.706622 0.431349 -0.560912 -0.046834 0.762458 0.645341 0.706039 0.482282 -0.518567
-119.445410 -648.049388 -7010.892689 -191182.618880 0.380432 -0.094019 -0.920017 0.911866 0.203987 0.356215 0.154181 -0.974448 0.163336
-108.393277 -538.947383 -945.363330 -147255.941606 0.299716 -0.044369 -0.952996 0.941844 0.172899 0.288159 0.151987 -0.983940 0.093610
-100.343762 -5272.032745 7523.688770 -2218899.459828 0.320844 0.015953 -0.946998 0.730837 0.631810 0.258252 0.602442 -0.774959 0.191053
1707.898280 -73238.777747 43579.391466 -33833613.127717 0.062738 -0.148403 -0.986935 0.726637 0.684673 -0.056761 0.684151 -0.713582 0.150790
2.723188 -176.651750 3042.536906 -12341.591629 -0.093779 -0.095326 0.991019 -0.545000 0.837933 0.029028 -0.833175 -0.537383 -0.130533
2.758863 -148.987357 1508.526277 -3383.175880 -0.135042 0.051745 0.989488 -0.582112 0.803982 -0.121489 -0.801817 -0.592398 -0.078450
12.184560 -153.621052 -330.978225 18764.974457 0.122507 0.008876 -0.992428 0.767466 -0.634874 0.089059 -0.629276 -0.772565 -0.084589
11.602092 -192.830794 -2690.662716 32787.223683 0.084975 0.103816 -0.990960 0.727635 -0.685899 -0.009462 -0.680681 -0.720253 -0.133825
-42.367808 -59.067507 -1662.335407 -455.437348 -0.447759 -0.012495 0.894067 0.541873 0.791582 0.282439 -0.711256 0.610935 -0.347668
-42.817437 -59.513288 -2366.903236 148.779163 -0.491693 -0.017709 0.870588 0.608890 0.707731 0.358286 -0.622488 0.706260 -0.337204
-40.057199 -59.264657 -1912.325831 227.809574 -0.497928 0.074472 0.864015 0.603398 0.745348 0.283492 -0.622879 0.662503 -0.416066
-5.780660 -63.302370 -16207.602308 9616.443250 -0.082229 0.679595 -0.728964 0.885343 -0.286039 -0.366537 -0.457609 -0.675523 -0.578154
1.836659 -43.635060 -3801.913015 6344.517601 -0.054198 0.807356 -0.587570 -0.746547 0.358015 0.560797 -0.663122 -0.469042 -0.583326
-1.690975 -99.369991 1470.053646 35789.402166 -0.091805 0.871324 -0.482044 -0.592226 0.341392 0.729877 -0.800525 -0.352486 -0.484679
-11.222168 -85.665163 -14790.633842 31843.851628 0.036935 0.689596 -0.723252 0.927615 -0.292864 -0.231864 -0.371707 -0.662335 -0.650497
28.125003 -53.713606 -3959.974915 3451.741695 0.165577 -0.684456 0.710003 0.377127 0.709166 0.595701 -0.911241 0.169127 0.375548
24.457580 -57.537624 2367.404427 2724.680085 -0.060003 0.773924 -0.630430 0.347382 0.608279 0.713668 -0.935802 0.176177 0.305346
16.752557 -47.285153 815.082012 2649.502448 -0.108155 0.746255 -0.656815 0.488022 0.615459 0.618907 -0.866105 0.253602 0.430754
25.180567 -47.282096 -4679.077969 3698.601690 0.242276 -0.601899 0.760933 0.432202 0.769136 0.470777 -0.868622 0.214819 0.446485
12.977273 -40.118518 1457.170608 2987.374963 -0.190699 0.681549 -0.706488 0.552967 0.669229 0.496346 -0.811086 0.296012 0.504496
23.234390 -47.220760 4873.064701 1722.461018 -0.147951 0.988898 -0.013826 -0.954056 -0.139027 0.265423 -0.260554 -0.052461 -0.964033
27.163180 -45.216408 -826.708381 300.043926 -0.181410 0.978732 -0.095786 -0.931755 -0.139913 0.335048 -0.314521 -0.150030 -0.937319
23.954181 -46.505085 -1880.093402 2013.409000 -0.204641 0.968310 -0.143173 -0.947157 -0.158977 0.278604 -0.247014 -0.192621 -0.949674
12.814729 -38.331478 -10567.612747 1425.816127 -0.495387 -0.137837 -0.857667 0.180818 0.949342 -0.257010 0.849645 -0.282401 -0.445369
-7.526288 -38.085335 -4151.704801 1050.906446 -0.553168 -0.233695 -0.799620 0.032249 0.953121 -0.300867 0.832445 -0.192217 -0.519700
8.784751 -37.614079 -9567.136445 670.114017 -0.501071 -0.141797 -0.853710 0.109283 0.968221 -0.224958 0.858478 -0.206016 -0.469651
-0.587108 -36.060604 -6886.259073 1027.754833 -0.529263 -0.152932 -0.834561 0.011134 0.982285 -0.187064 0.848385 -0.108298 -0.518184
33.220338 -37.826509 -15192.303862 290.657049 -0.466525 -0.039279 -0.883635 0.225065 0.960860 -0.161538 0.855395 -0.274237 -0.439425
24.632705 -35.858078 -10325.957820 541.318841 -0.499198 -0.030433 -0.865953 0.116283 0.987990 -0.101756 0.858650 -0.151492 -0.489664
4.108314 -56.526350 88.697675 -1109.791447 -0.054299 -0.863499 -0.501420 0.961807 0.089693 -0.258616 0.268289 -0.496312 0.825649
2.395592 -53.202860 -779.654806 -1282.982538 -0.054372 -0.864452 -0.499767 0.986787 0.029986 -0.159224 0.152628 -0.501821 0.851399
1.596623 -53.870838 -175.104308 -1489.676847 -0.024932 -0.862977 -0.504628 0.994026 0.032253 -0.104269 0.106258 -0.504213 0.857017
0.900427 -51.469267 -999.909593 -1133.057295 -0.036575 -0.866791 -0.497328 0.998996 -0.018834 -0.040644 0.025863 -0.498315 0.866610
2.955356 -55.808433 831.816266 -834.499602 -0.010154 -0.858903 -0.512038 0.984588 0.080819 -0.155093 0.174593 -0.505721 0.844845
1.654054 -54.594564 1023.534180 -1125.216240 0.012265 -0.855919 -0.516964 0.999270 0.029203 -0.024643 0.036189 -0.516284 0.855652
0.780731 -52.376867 167.028099 -633.193532 -0.003301 -0.860099 -0.510116 0.999886 -0.010351 0.010983 -0.014726 -0.510021 0.860036
-8.922855 -37.926690 631.940334 -3974.249901 0.136683 -0.791488 -0.595705 0.940680 -0.084812 0.328524 -0.310546 -0.605271 0.732945
-8.811926 -44.655547 549.502271 6017.665893 0.176491 -0.788647 -0.588971 0.931782 -0.058982 0.358196 -0.317229 -0.612011 0.724437
-8.050245 -37.501005 301.499005 -299.492713 0.177240 -0.787564 -0.590194 0.928612 -0.064807 0.365348 -0.325984 -0.612816 0.719855
-5.597809 -52.748949 1056.998088 6860.720379 0.230721 -0.780983 -0.580374 0.912223 -0.033919 0.408288 -0.338552 -0.623631 0.704604
-6.902183 -44.800464 2098.469590 -9256.375966 0.048375 -0.771980 -0.633803 0.955124 -0.149898 0.255479 -0.292231 -0.617719 0.730085
-5.467947 -47.718816 2129.190820 -4599.058779 0.078887 -0.770356 -0.632715 0.947856 -0.138631 0.286968 -0.308782 -0.622361 0.719250
-4.773231 -83.645650 82.817042 -4565.272753 -0.014276 0.815787 0.578176 0.994083 0.073848 -0.079653 -0.107677 0.573618 -0.812015
-0.732734 -75.235627 669.361381 -2046.698127 -0.002205 0.812520 0.582929 0.967499 0.149137 -0.204215 -0.252865 0.563533 -0.786441
-1.711004 -83.245528 986.881720 -4957.800652 -0.044349 0.801895 0.595816 0.989684 0.116592 -0.083253 -0.136228 0.585978 -0.798794
-4.832038 -93.747868 516.477894 -6006.177976 -0.069225 0.806188 0.587595 0.997337 0.042373 0.059362 0.022959 0.590140 -0.806975
4.101874 -78.915090 -1297.103061 884.027880 0.060065 -0.874145 -0.481937 0.931716 -0.124152 0.341310 -0.358188 -0.469529 0.806997
6.140497 -81.007003 -1684.163322 2553.658205 0.071860 -0.874126 -0.480354 0.971509 -0.047707 0.232152 -0.225847 -0.483351 0.845793
8.386880 -81.923207 -2468.666371 1349.456146 0.060821 -0.877361 -0.475961 0.956700 -0.084744 0.278466 -0.284650 -0.472289 0.834217
6.462043 -78.556048 1399.303467 -2149.306626 -0.053661 0.868073 0.493528 0.870005 -0.201940 0.449791 -0.490114 -0.453508 0.744391
3.148177 -76.107778 866.348991 -4316.800363 -0.047911 0.869505 0.491595 0.823545 -0.244114 0.512037 -0.565224 -0.429383 0.704381
1.115595 -78.798471 -834.225778 -2808.597571 0.038391 -0.874890 -0.482797 0.896329 -0.183428 0.403670 -0.441725 -0.448243 0.777147
0.431575 -81.694431 -655.229647 1411.172245 0.053913 -0.873533 -0.483770 0.960914 -0.086363 0.263033 -0.271548 -0.479042 0.834734
-7.135915 -46.652622 -880.181770 1993.249440 -0.094242 -0.882057 -0.461622 0.971907 0.018938 -0.234604 0.215676 -0.470763 0.855492
-2.789160 -47.551994 -2535.747750 1737.547662 -0.192776 -0.884440 -0.424974 0.962721 -0.086726 -0.256216 0.189751 -0.458524 0.868188
-9.513016 -50.987121 -137.339066 1452.100835 -0.125552 -0.881989 -0.454237 0.988640 -0.073094 -0.131336 0.082635 -0.465567 0.881147
5.119935 -65.478896 -1693.749873 7877.031230 -0.101379 0.910116 0.401761 -0.710476 -0.348917 0.611131 -0.696381 0.223486 -0.681988
2.735584 -65.675847 -655.623502 4281.124580 -0.092300 0.910696 0.402634 -0.713623 -0.342501 0.611093 -0.694422 0.230925 -0.681507
5.707245 -76.589747 -421.051738 7480.013884 -0.053942 0.921601 0.384373 -0.800262 -0.270124 0.535363 -0.597219 0.278721 -0.752093
3.346191 -65.650085 241.058025 3793.000832 -0.069266 0.919250 0.387532 -0.760737 -0.299973 0.575583 -0.645354 0.254942 -0.720085
1.390927 -98.052911 1783.203529 978.979056 0.101471 0.925853 0.364006 0.515166 0.264113 -0.815382 0.851062 -0.270261 0.450168
-2.227041 -98.186274 2037.811254 -605.398760 0.068076 0.912818 0.402653 0.694678 0.246310 -0.675835 0.716092 -0.325723 0.617347
-3.744397 -102.052727 2620.642390 -230.343855 0.085160 0.921176 0.379715 0.577465 0.264935 -0.772233 0.811962 -0.285035 0.509385
-3.123586 -98.407762 2232.485630 1094.406500 0.110294 0.929530 0.351866 0.380035 0.287682 -0.879098 0.918373 -0.230681 0.321524
-9.884822 -143.202497 1625.925866 4325.469893 0.730990 0.664715 0.154299 -0.669977 0.742036 -0.022654 -0.129554 -0.086817 0.987764
-6.370919 -144.170958 756.395842 -1566.411783 0.770820 0.620537 0.144116 0.636009 -0.762548 -0.118375 -0.036439 -0.182906 0.982455
-8.778442 -135.514665 671.420612 6010.924731 0.724963 0.671026 0.155411 -0.642141 0.740058 -0.199924 -0.249168 0.045141 0.967408
-10.815241 -132.469147 1054.870705 8930.102389 0.710587 0.683371 0.167542 -0.619423 0.720517 -0.311720 -0.333737 0.117725 0.935286
-45.584047 -130.626991 -18778.353810 54291.984098 0.507124 0.019672 -0.861648 0.682945 0.600676 0.415662 0.525749 -0.799250 0.291183
-14.176801 -56.115467 -18035.484394 -28258.603115 -0.511007 -0.574961 -0.638977 0.706862 0.141892 -0.692974 0.489099 -0.805783 0.333911
20.675548 -38.251398 -11594.676889 15837.632138 -0.133053 -0.295728 -0.945961 0.813701 0.512326 -0.274615 0.565851 -0.806267 0.172467
-370.567512 -1695.378310 140939.581041 45932.226978 0.723509 0.599512 -0.342226 -0.240201 -0.246138 -0.938999 0.647177 -0.761578 0.034080
-3154.684631 -5755.603384 -827180.763629 4116559.493687 0.962239 0.142639 0.231839 0.178572 0.312036 -0.933137 0.205444 -0.939302 -0.274782
-919.297240 -3421.308721 505230.037075 2383033.724208 0.504949 0.767360 -0.395203 0.863129 -0.452029 0.225119 -0.005896 -0.454784 -0.890582
-196.234921 -2382.434773 143512.260849 -868476.677599 0.610993 0.752767 -0.245007 0.649975 -0.300352 0.698084 0.451906 -0.585773 -0.672793
58.996080 -31.979440 9320.500108 2022.028728 -0.274567 0.937704 0.212894 -0.009622 -0.224071 0.974525 -0.961520 -0.265523 -0.070545
41.378165 -30.806214 10433.818176 2184.543503 -0.140686 0.977484 0.157266 -0.036823 -0.163902 0.985789 -0.989369 -0.132896 -0.059052
59.212374 -28.911433 14143.486575 986.315676 -0.195065 0.969259 0.149953 0.012945 -0.150333 0.988551 -0.980705 -0.194773 -0.016778
67.234419 -31.249585 5732.127905 -223.422013 -0.368010 0.910625 0.187965 0.015532 -0.196103 0.980460 -0.929692 -0.363739 -0.058024
12.769277 -72.267355 3725.133687 2329.130750 0.897634 0.410973 0.159231 -0.324417 0.860647 -0.392481 0.298340 -0.300647 -0.905872
4.531014 -77.370308 -1620.443114 4508.212590 -0.850787 -0.513728 -0.110656 -0.446466 0.817674 -0.363424 0.277181 -0.259792 -0.925029
5.211439 -65.913322 -2334.298758 874.545921 -0.891905 -0.433395 -0.129127 -0.392286 0.883539 -0.255872 0.224983 -0.177559 -0.958048
-16.261854 -38.548066 316.772522 1372.081989 -0.519411 0.794002 0.315868 0.777148 0.285222 0.560971 0.355320 0.536852 -0.765205
-17.170903 -40.289653 471.786660 1138.399809 -0.525130 0.781995 0.335742 0.802137 0.323031 0.502222 0.284280 0.533043 -0.796900
-16.222651 -36.584309 -62.579787 1086.833645 -0.458869 0.798873 0.388897 0.814357 0.203101 0.543666 0.355335 0.566173 -0.743765
-14.876413 -35.197257 227.499384 1748.867197 -0.489310 0.806476 0.331922 0.764613 0.213658 0.608043 0.419454 0.551314 -0.721187
-15.737503 -35.861213 -256.178775 760.450632 -0.349526 0.798989 0.489334 0.882171 0.104719 0.459139 0.315605 0.592157 -0.741447
-12.313472 -32.414524 458.685064 1645.144089 -0.312907 0.802397 0.508181 0.858037 0.009389 0.513503 0.407262 0.596717 -0.691424
-13.325963 -31.859636 409.817154 1705.947861 -0.400414 0.810973 0.426605 0.804848 0.088702 0.586814 0.438050 0.578321 -0.688227
-2.102207 -115.905493 -543.806462 3931.524454 -0.020742 0.884631 0.465829 -0.071768 -0.466045 0.881845 -0.997206 0.015141 -0.073155
-2.399214 -115.874645 687.875624 3408.331964 0.010669 0.879644 0.475512 -0.092758 -0.472618 0.876372 -0.995632 0.053458 -0.076551
-3.444058 -118.266517 -496.647997 -5153.295871 -0.010256 0.886818 0.462005 -0.344483 -0.436880 0.830944 -0.938737 0.150630 -0.309974
-1.165066 -110.623192 524.815998 10302.379009 0.005944 0.882104 0.471018 0.142932 -0.466939 0.872661 -0.989715 -0.062137 0.128856
-19.377812 -30.453425 -4311.528845 -1182.856051 -0.248774 0.893634 0.373537 0.488417 -0.217292 0.845123 -0.836397 -0.392687 0.382409
-24.513412 -32.412525 -2699.317003 -65.950536 -0.155093 0.902035 0.402839 0.572257 -0.250360 0.780924 -0.805275 -0.351644 0.477366
-26.504970 -31.535723 -2595.047818 -524.729169 -0.170756 0.915028 0.365466 0.499310 -0.239403 0.832692 -0.849430 -0.324668 0.416003
-79.345699 -648.595894 5298.795204 212840.134667 0.730078 0.671299 -0.127846 0.015789 0.170463 0.985238 -0.683182 0.721319 -0.113853
-116.587716 -1202.852493 59452.712457 429188.100556 0.730155 0.682038 -0.041202 -0.159341 0.228599 0.960392 -0.664443 0.694670 -0.275590
-105.404789 -452.408845 4790.846761 140910.990529 0.652603 0.654450 -0.381843 0.272561 0.267450 0.924219 -0.706979 0.707224 0.003839
-50.135341 -703.520281 -1780.345284 236404.266090 0.744873 0.661295 -0.088622 0.039788 0.088563 0.995276 -0.666019 0.744880 -0.039657
-58.992675 -3486.791396 -9216.473078 1130803.773194 0.805230 0.592464 -0.024319 -0.140034 0.229856 0.963097 -0.576191 0.772109 -0.268052
13.309704 -294.242762 -2087.464448 33855.257809 0.604039 0.725119 0.330666 0.703931 -0.679974 0.205224 -0.373656 -0.108803 0.921164
17.535863 -322.958285 -3829.312275 -5303.698603 0.609287 0.727043 0.316511 0.605905 -0.684356 0.405630 -0.511516 0.055369 0.857488
12.283836 -366.730565 -4031.585576 16579.673687 0.685063 0.666152 0.294840 -0.696964 0.717106 -0.000804 -0.211967 -0.204942 0.955546
12.624143 -261.868138 2635.588174 13886.001860 -0.686937 -0.652445 -0.320052 0.715822 -0.683459 -0.143118 -0.125366 -0.327413 0.936528
4.664573 -231.868023 3572.732255 12596.484066 -0.669821 -0.657520 -0.344975 0.718278 -0.691527 -0.076599 -0.188194 -0.299095 0.935481
-54.410901 -79.742249 -625.560834 6929.940024 0.398398 -0.892316 0.212250 0.915441 0.401211 -0.031579 -0.056979 0.206883 0.976705
-50.346430 -75.102173 -1300.001437 3844.468920 0.047316 -0.953707 0.296993 0.993708 0.075159 0.083038 -0.101515 0.291195 0.951262
-40.997023 -66.594552 -457.799624 5101.627184 -0.239358 -0.900704 0.362546 0.969926 -0.238806 0.047073 0.044180 0.362910 0.930776
-41.408063 -65.926721 -720.393495 550.720089 -0.643941 0.373343 0.667798 0.725525 0.020981 0.687876 0.242802 0.927456 -0.284380
-43.922084 -66.089793 1194.984144 242.924070 -0.648766 0.445087 0.617251 0.723969 0.111087 0.680830 0.234460 0.888570 -0.394299
-40.847995 -66.161449 710.669388 -1859.292411 -0.611642 0.359727 0.704621 0.783014 0.147970 0.604148 0.113065 0.921250 -0.372176
-41.302309 -64.018258 -259.617511 2578.407241 -0.633261 0.460115 0.622314 0.677541 -0.059039 0.733111 0.374056 0.885894 -0.274360
-63.016589 -86.085486 2133.436546 -1477.355634 0.959651 0.274688 0.060133 0.279124 -0.956448 -0.085422 -0.034050 -0.098760 0.994529
-59.335480 -83.441882 2385.874325 -758.473675 0.973493 0.219679 -0.063658 0.205478 -0.962262 -0.178413 0.100450 -0.160604 0.981894
-56.430767 -79.054375 3899.004011 -2564.535941 0.888431 0.452561 -0.076671 0.455665 -0.889695 0.028501 0.055316 0.060257 0.996649
-61.573356 -81.911595 2825.967633 4091.009523 0.922928 0.379632 0.063908 -0.373840 0.923436 -0.086664 -0.091916 0.056094 0.994186
-5.180604 -40.053391 -2086.250604 769.712661 -0.097846 0.986901 0.128270 0.555585 0.161102 -0.815703 0.825682 0.008549 0.564071
-1.525656 -41.099831 -2617.788257 376.601657 -0.063399 0.993002 0.099642 0.639775 0.117068 -0.759594 0.765943 -0.015591 0.642720
-8.911344 -42.761005 -2896.484561 543.110248 -0.088707 0.989162 0.116999 0.638659 0.146622 -0.755392 0.764360 -0.007714 0.644744
-2.164719 -37.439972 -1586.772310 1102.586436 -0.084990 0.988889 0.121966 0.485259 0.147991 -0.861755 0.870230 0.014055 0.492445
-10.465694 -40.975340 -2266.046355 1192.002929 -0.127066 0.979264 0.157785 0.520438 0.201240 -0.829847 0.844393 0.023328 0.535217
-7.034298 -38.154336 -1391.433712 1050.980405 -0.123758 0.978745 0.163530 0.458559 0.202553 -0.865272 0.880005 0.032096 0.473880
13.308564 -39.556732 4387.608358 1878.958073 -0.484640 0.863549 0.139311 -0.209779 0.039871 -0.976936 0.849186 0.502686 -0.161831
17.832798 -37.057755 3920.594067 1918.025676 -0.451972 0.872335 0.186419 -0.298145 0.049237 -0.953250 0.840732 0.486423 -0.237828
23.255911 -38.016068 3343.272777 1669.720911 -0.389961 0.893882 0.221146 -0.359571 0.073275 -0.930236 0.847726 0.442274 -0.292840
2.828019 -47.920096 -866.892832 -456.423672 0.061156 0.968390 -0.241827 -0.439037 0.243682 0.864792 -0.896385 -0.053283 -0.440062
0.209513 -45.142139 196.716421 -1476.371254 0.079506 0.964842 -0.250515 -0.546907 0.252331 0.798262 -0.833410 -0.073542 -0.547741
1.810142 -46.707233 -169.871721 -1188.816886 0.072735 0.967733 -0.241250 -0.514151 0.243654 0.822363 -0.854610 -0.064224 -0.515284
-0.357149 -44.866472 -666.689590 -1655.651779 0.060617 0.966013 -0.251287 -0.496257 0.247598 0.832120 -0.866057 -0.074262 -0.494399
-1.107946 -46.791305 -176.798593 -49.332472 0.055887 0.973662 -0.221038 -0.388062 0.225161 0.893706 -0.919937 -0.035830 -0.390425
-3.784002 -114.035375 -3301.226725 3522.661050 0.036758 0.992125 -0.119734 -0.883683 0.088219 0.459698 -0.466641 -0.088909 -0.879967
9.795920 -117.882923 -6973.121765 1925.331086 -0.019466 0.990103 -0.138986 -0.936483 0.030631 0.349374 -0.350173 -0.136959 -0.926618
19.092325 -121.832955 -6925.977636 -636.033790 -0.089560 0.993763 -0.066443 -0.921940 -0.057477 0.383045 -0.376837 -0.095562 -0.921337
13.004456 -120.635908 -5488.349206 302.608529 -0.107947 0.993470 -0.036942 -0.811599 -0.066603 0.580407 -0.574156 -0.092635 -0.813488
1.588863 -107.559362 -5410.562988 4202.969713 -0.094650 0.994313 -0.048819 -0.677597 -0.028420 0.734884 -0.729318 -0.102637 -0.676433
-5.880529 -80.982640 1636.552956 -4204.573133 -0.143033 0.935784 0.322258 0.505887 0.348983 -0.788853 0.850659 -0.050193 0.523317
-8.038307 -80.384599 732.429380 -3690.066461 -0.103815 0.941061 0.321911 0.444392 0.333445 -0.831463 0.889797 -0.056737 0.452817
1027.553377 -72.658641 345198.733666 1800.913646 -0.267050 0.671407 -0.691301 0.711667 -0.346289 -0.611240 -0.649781 -0.655207 -0.385342
828.645600 -60.220320 231066.521033 8744.585009 -0.484479 0.326416 -0.811623 0.817999 -0.159834 -0.552567 -0.310092 -0.931614 -0.189572
434.853756 -56.142605 134702.251875 -7567.118078 -0.189336 0.885770 -0.423749 -0.744075 0.152166 0.650537 -0.640706 -0.438471 -0.630269
869.393860 -49.367612 262597.366387 549.596464 0.707929 0.028142 0.705723 0.677294 -0.310383 -0.667034 -0.200273 -0.950195 0.238789
3.562920 -127.868478 -1793.136605 -689.562530 0.695047 -0.445136 0.564591 0.702085 0.251062 -0.666367 0.154877 0.859547 0.487023
2.129798 -140.171921 -818.231077 -180.753393 0.702120 -0.444849 0.556001 0.703026 0.309104 -0.640475 0.113053 0.840574 0.529768
-7.052448 -95.781269 501.062007 -9371.196244 0.694923 -0.374187 0.614058 0.384893 -0.527764 -0.757181 -0.607405 -0.762528 0.222733
-3.655983 -84.639846 -57.353145 -149.811496 0.703359 -0.388848 0.595049 0.274978 -0.623102 -0.732210 -0.655494 -0.678632 0.331340
-4.765794 -81.342025 1165.802918 294.103660 0.721378 -0.415294 0.554206 0.243159 -0.597415 -0.764179 -0.648450 -0.686022 0.329980
-0.329509 -86.065781 -355.868339 -6249.973705 0.716695 -0.426826 0.551514 -0.138772 0.687729 0.712580 -0.683440 -0.587237 0.433661
-9.322889 -95.412138 1582.304830 -10139.153498 0.702873 -0.385589 0.597739 0.385053 -0.500308 -0.775517 -0.598084 -0.775250 0.203181
-7.464817 -71.925549 1145.098761 -3583.145617 0.723415 -0.439681 0.532308 0.268282 -0.531391 -0.803522 -0.636157 -0.724088 0.266458
-0.949448 -86.753790 952.416555 -6935.879429 0.736616 -0.448885 0.505865 -0.093707 0.673021 0.733663 -0.669788 -0.587831 0.453694
-3.887697 -73.042916 406.331587 3543.119172 0.733968 -0.476163 0.484314 0.157079 -0.574741 -0.803118 -0.660770 -0.665539 0.347046
21.363817 -42.091163 -6571.284463 -4794.767535 0.347155 0.726401 -0.593148 0.870950 -0.015195 0.491137 0.347749 -0.687103 -0.637934
27.123210 -41.452008 -987.814718 -4177.761351 0.344907 0.804508 -0.483535 0.850490 -0.049908 0.523619 0.397123 -0.591841 -0.701439
27.325534 -39.700409 -5517.570141 -6236.411150 0.347245 0.745839 -0.568459 0.896160 -0.085346 0.435445 0.276256 -0.660637 -0.698027
32.482701 -35.603735 1350.680597 -3171.947158 0.343123 0.822215 -0.454125 0.880735 -0.113596 0.459785 0.326455 -0.557727 -0.763131
-7.541301 -210.705797 -451.371198 14714.863254 0.728063 -0.309985 0.611420 0.562404 -0.239866 -0.791306 -0.391951 -0.919986 0.000301
-6.765130 -215.842973 300.572439 -13344.550801 0.748770 -0.306405 0.587759 0.345340 -0.576541 -0.740500 -0.565760 -0.757441 0.325883
-6.374409 -215.805283 395.267896 1949.412532 0.745844 -0.325450 0.581204 0.429100 -0.432630 -0.792909 -0.509499 -0.840781 0.183024
-5.928383 -218.472985 -1337.807453 26052.857600 0.715795 -0.333944 0.613285 0.635465 -0.052618 -0.770334 -0.289518 -0.941123 -0.174546
-18.920189 -103.035486 1481.539757 -4090.463692 0.761173 -0.466921 0.450111 -0.404757 0.200269 0.892224 0.506741 0.861323 0.036550
-17.830302 -92.296588 -126.669161 -4990.433177 0.775530 -0.421591 0.469910 -0.304593 0.402098 0.863447 0.552971 0.812760 -0.183425
-379.616212 -6004.130251 117260.263502 372535.554478 -0.259761 0.472035 -0.842441 0.959822 0.222097 -0.171509 0.106145 -0.853145 -0.510761
14.353042 -45.197459 5665.286331 5680.950152 0.276747 0.896762 -0.345297 0.775749 -0.420557 -0.470474 0.567120 0.137661 0.812049
-14.712673 -43.442718 1463.570925 -2929.016272 0.004976 0.955523 0.294875 -0.538036 0.251116 -0.804648 0.842907 0.154649 -0.515355
-15.350172 -47.956143 870.298682 -3349.777235 0.003451 0.949621 0.313382 -0.611807 0.249893 -0.750497 0.791000 0.189139 -0.581847
-10.241495 -38.739878 1764.475139 -3411.403990 0.091377 0.870559 0.483505 -0.511648 0.457591 -0.727205 0.854322 0.180934 -0.487233
-4.830447 -35.104616 4130.429509 -2645.602659 0.099126 0.855166 0.508787 -0.428408 0.498169 -0.753853 0.898132 0.143242 -0.415741
-4.480559 -136.390457 1372.679652 -40914.514372 -0.233517 0.955426 0.180641 0.371772 -0.083932 0.924522 -0.898474 -0.283049 0.335601
-1.736046 -131.412768 6932.008306 -21321.585732 -0.292350 0.947457 0.129834 0.545324 0.053637 0.836508 -0.785591 -0.315355 0.532351
-11.746150 -151.960653 -3818.343538 -34166.407466 -0.300466 0.944228 0.134733 0.532361 0.048814 0.845109 -0.791399 -0.325653 0.517338
-23.659312 -181.796773 -7305.390760 -69319.514801 -0.259338 0.950318 0.172159 0.261455 -0.102519 0.959756 -0.929723 -0.293913 0.221879
1.263844 -17.822603 35.881073 953.607414 -0.676123 0.186591 -0.712770 -0.181272 0.895539 0.406388 0.714141 0.403974 -0.571671
-0.759032 -15.640521 -453.723483 875.640442 -0.660919 0.145091 -0.736298 -0.244220 0.886143 0.393836 0.709608 0.440112 -0.550234
-0.916126 -15.493103 -84.918738 963.061911 -0.690878 0.259463 -0.674809 -0.156996 0.857267 0.490352 0.705720 0.444716 -0.551532
-1.176008 -16.778653 691.008947 1187.730132 -0.700735 0.309700 -0.642695 -0.102748 0.847660 0.520495 0.705984 0.430765 -0.562163
-208.087531 -5215.629167 -11447.675604 1944475.001891 0.292681 -0.065275 -0.953980 -0.563391 0.794337 -0.227200 0.772611 0.603961 0.195712
-78.648716 -1060.262562 5802.497949 361427.954683 0.120604 -0.000709 -0.992700 -0.468143 0.881780 -0.057505 0.875384 0.471661 0.106014
-50.535431 -416.539593 -9181.237217 -128424.360445 -0.102440 -0.126658 0.986643 0.862181 -0.506005 0.024560 0.496136 0.853180 0.161037
-159.681605 -653.715722 -3503.886834 -186406.164286 -0.425598 -0.073885 0.901891 0.835593 -0.414655 0.360342 0.347349 0.906974 0.238214
11.464884 -142.294325 -2398.445524 12907.154888 0.142281 -0.115312 -0.983087 0.768019 -0.613684 0.183137 -0.624422 -0.781086 0.001246
3.106132 -145.912922 908.074401 624.007678 -0.181250 0.156291 0.970938 -0.581540 0.779144 -0.233977 -0.793070 -0.607048 -0.050331
-9.555707 -127.652277 -326.625129 15139.119848 -0.186245 0.100492 0.977351 -0.352031 0.921885 -0.161873 -0.917271 -0.374206 -0.136320
-38.625077 -60.052447 -1276.985294 483.907905 -0.508196 0.125856 0.851996 0.451575 0.881313 0.139168 -0.733360 0.455465 -0.504713
-38.139214 -60.712005 -950.987113 430.623121 -0.547477 0.125974 0.827284 0.338437 0.937478 0.081216 -0.765329 0.324448 -0.555882
-38.695816 -59.520285 -1160.996703 231.818962 -0.472025 0.067916 0.878965 0.371106 0.919694 0.128230 -0.799670 0.386717 -0.459323
-25.631385 -60.549133 571.092188 -288.275134 -0.133417 0.987951 -0.078444 -0.766757 -0.052748 0.639767 -0.627920 -0.145503 -0.764555
-42.694497 -90.122317 20338.820878 -22560.053932 -0.244067 0.947355 0.207245 -0.829473 -0.314653 0.461485 -0.502400 0.059270 -0.862601
-23.818199 -65.118509 10420.077265 14072.236531 -0.026429 0.997058 -0.071949 -0.640185 0.038397 0.767261 -0.767766 -0.066338 -0.637287
-18.847177 -50.866385 -3945.137048 5545.847881 -0.254582 0.967026 0.007033 -0.641485 -0.174313 0.747069 -0.723660 -0.185678 -0.664710
-24.854523 -55.099030 -9888.960999 1201.220710 -0.158683 0.984689 -0.072162 -0.741663 -0.070636 0.667043 -0.651733 -0.159368 -0.741516
-23.106138 -54.450978 -9530.373426 -1444.551536 -0.084615 0.987671 -0.131707 -0.822846 0.005281 0.568240 -0.561930 -0.156456 -0.812254
30.860778 -48.776893 -75.853754 -413.495744 -0.053422 0.955749 0.289291 0.991801 0.017106 0.126638 0.116086 0.293684 -0.948828
32.856871 -47.952855 715.361592 -1188.285815 -0.052018 0.948966 0.311057 0.998511 0.054554 0.000550 -0.016447 0.310623 -0.950391
31.737582 -48.182361 4241.441301 -1203.198431 -0.064006 0.958294 0.278525 0.997948 0.061942 0.016215 -0.001713 0.278991 -0.960292
33.930285 -46.267563 5550.068907 -1063.061388 -0.061944 0.954350 0.292197 0.990754 0.094200 -0.097636 -0.120704 0.283448 -0.951361
28.254708 -48.146446 2930.403021 -838.724763 -0.075835 0.964702 0.252188 0.989094 0.040754 0.141533 0.126260 0.260171 -0.957272
30.578225 -47.571756 982.217799 -844.378697 -0.097685 0.979912 0.173870 0.994714 0.090578 0.048373 0.031652 0.177676 -0.983580
32.489167 -46.811735 125.136155 -159.434291 -0.085216 0.980826 0.175267 0.993669 0.096587 -0.057388 -0.073216 0.169267 -0.982847
-20.151434 -40.140766 -1285.466199 590.077236 -0.574379 -0.423709 -0.700399 -0.105271 0.886746 -0.450110 0.811792 -0.184802 -0.553933
-15.934389 -37.255092 -3490.219634 869.486343 -0.550047 -0.354201 -0.756300 -0.117155 0.929375 -0.350053 0.826875 -0.103941 -0.552697
4.347469 -55.057340 -683.069270 -1128.275967 -0.091355 -0.863006 -0.496866 0.962535 0.051395 -0.266243 0.255305 -0.502573 0.825978
-9.366486 -34.784487 599.403251 441.874719 0.177726 -0.797546 -0.576484 0.933462 -0.048832 0.355337 -0.311548 -0.601279 0.735800
-12.146948 -67.377530 362.567836 14426.201408 0.205734 -0.783983 -0.585700 0.907471 -0.071182 0.414040 -0.366292 -0.616688 0.696798
-9.810943 -95.765809 396.043138 -2777.692095 -0.054375 0.821787 0.567194 0.958133 -0.116976 0.261337 0.281111 0.557658 -0.781021
-11.698272 -90.937868 442.019627 -2450.094902 -0.014638 0.836040 0.548473 0.970491 -0.120162 0.209064 0.240692 0.535349 -0.809610
-9.824863 -87.269423 992.862007 -4038.186188 -0.001639 0.823404 0.567454 0.997039 -0.042283 0.064234 0.076884 0.565879 -0.820896
-10.101367 -51.959237 275.762073 298.939202 -0.105010 -0.871153 -0.479652 0.993946 -0.107611 -0.022160 -0.032311 -0.479075 0.877179
-9.206815 -51.129788 527.048248 -69.317087 -0.124245 -0.855361 -0.502912 0.983500 -0.173327 0.051821 -0.131494 -0.488176 0.862782
-8.996426 -50.635384 122.505646 -384.884383 -0.080195 -0.863266 -0.498337 0.996760 -0.072569 -0.034693 -0.006214 -0.499505 0.866289
0.766242 -58.769176 256.968652 883.460874 -0.105770 0.910767 0.399144 -0.680739 -0.358911 0.638574 -0.724849 0.204171 -0.657957
-2.343488 -70.825638 -1623.335602 9269.959433 -0.672289 -0.727138 -0.138916 0.700360 -0.563934 -0.437579 0.239841 -0.391470 0.888385
-4.286648 -86.859441 -221.011249 7691.135758 0.728594 0.670856 0.138214 0.667634 -0.650488 -0.362119 0.153023 -0.356114 0.921828
-7.224631 -67.768314 794.643298 3683.818786 0.726947 0.678531 0.105566 0.627100 -0.593327 -0.504686 0.279810 -0.433081 0.856824
-5.483611 -95.643964 -802.008853 -5548.320940 0.026047 0.900028 0.435053 -0.744012 -0.273210 0.609756 -0.667658 0.339567 -0.662515
