12671
25329
-39.709596 -65.300515 -1259.993530 7673.829960 -0.182576 0.981233 -0.062035 0.952485 0.160876 -0.258633 0.243799 0.106308 0.963982
-45.006676 -71.466137 66.451685 5171.595185 -0.065247 -0.980306 0.186396 0.993676 -0.080934 -0.077826 0.091379 0.180139 0.979387
-50.347779 -79.465033 -1197.364768 7400.099182 0.265840 -0.956457 0.120493 0.963180 0.258320 -0.074530 0.040159 0.135869 0.989913
-42.198666 -63.003924 1529.652235 4454.997499 -0.295840 -0.921542 0.251475 0.938499 -0.329470 -0.103290 0.178040 0.205452 0.962336
-36.782373 -87.074634 -3823.617708 12090.224936 -0.386918 0.922109 0.003121 0.912973 0.383555 -0.139165 0.129522 0.050995 0.990264
-25.120144 -83.654767 -4954.591364 13102.681220 -0.343750 0.934142 0.095989 0.898941 0.356899 -0.254026 0.271555 0.001033 0.962422
-26.584928 -56.060835 -5005.589776 7539.969318 -0.178602 0.982757 0.047847 0.904846 0.183154 -0.384328 0.386464 0.025347 0.921956
-33.762402 -48.676955 -1965.810946 4602.603703 0.250004 0.945725 -0.207609 0.906509 -0.303958 -0.293003 0.340205 0.114947 0.933299
72.871382 -31.915718 -12466.313659 -3756.194005 0.464175 -0.764056 0.448062 0.882878 0.439765 -0.164721 -0.071186 0.472044 0.878696
74.493024 -37.706948 -10146.087571 -5153.503435 0.571897 -0.722467 0.388556 0.820316 0.505924 -0.266686 -0.003908 0.471256 0.881988
85.302149 -47.267991 -1588.463052 -7001.100845 0.489499 -0.847346 0.205902 0.869801 0.457686 -0.184307 0.061934 0.269312 0.961059
52.814946 -24.636933 -12308.452930 -922.656902 0.574030 -0.608391 0.548042 0.815051 0.488796 -0.311079 -0.078623 0.625251 0.776453
85.154489 -41.874124 2560.618179 -2216.841057 0.384837 -0.903546 0.188430 0.922880 0.373614 -0.093301 0.013901 0.209804 0.977645
52.060683 -23.039618 -17327.970663 -430.329864 0.453221 -0.652858 0.606933 0.877984 0.444619 -0.177364 -0.154061 0.613262 0.774709
76.432070 -33.309749 -14509.904717 -612.538388 0.368132 -0.808829 0.458557 0.921032 0.384707 -0.060842 -0.127199 0.444743 0.886580
6.755630 -47.347738 -6129.043317 -849.369404 0.365045 0.925660 -0.099480 -0.034442 -0.093354 -0.995037 0.930353 -0.366659 0.002197
0.521847 -47.144843 -4048.863376 -554.417799 0.356402 0.928232 -0.106596 -0.017967 -0.107258 -0.994069 0.934160 -0.356203 0.021550
2.460386 -44.195996 -8515.640255 -1166.268623 0.379502 0.920016 -0.097714 0.065836 -0.132201 -0.989034 0.922845 -0.368908 0.110740
11.702646 -45.251224 -7311.351215 -1083.625680 0.352908 0.932730 -0.073958 0.075339 -0.107115 -0.991388 0.932620 -0.344297 0.108072
15.535385 -47.546065 -836.308411 -872.209625 0.281367 0.957064 -0.069723 -0.026357 -0.064923 -0.997542 0.959238 -0.282513 -0.006959
12.168319 -49.320805 -4325.452935 -382.457898 0.321753 0.942283 -0.092611 -0.143052 -0.048310 -0.988535 0.935955 -0.331313 -0.119252
-12.246469 -26.767594 1924.228144 4027.082871 -0.309679 0.920917 0.236665 0.825307 0.136729 0.547881 -0.472194 -0.364989 0.802381
-14.537523 -34.017530 2405.429595 3867.154567 -0.233779 0.930094 0.283324 0.818621 0.031064 0.573493 -0.524602 -0.366006 0.768656
-17.408959 -28.027736 1215.025168 4749.385791 -0.456931 0.872248 0.174349 0.755751 0.277324 0.593239 -0.469100 -0.402834 0.785920
-6.224501 -21.176540 5355.819571 1104.275924 0.789327 -0.600001 0.130239 0.430740 0.692322 0.578924 -0.437523 -0.400861 0.804913
-5.410140 -18.758710 -1623.056482 1759.390392 -0.573005 0.817633 0.056047 0.696653 0.449917 0.558792 -0.431671 -0.359236 0.827412
6.201283 -51.998362 580.005603 1380.279048 0.252370 0.957792 -0.137636 -0.385140 -0.031060 -0.922336 0.887681 -0.285779 -0.361045
6.321777 -48.871726 1035.965720 868.729706 0.218481 0.959577 -0.177419 -0.532969 -0.034962 -0.845412 0.817441 -0.279265 -0.503787
7.135210 -49.662341 546.335568 1753.756494 0.262324 0.951625 -0.159988 -0.408849 -0.040573 -0.911700 0.874087 -0.304571 -0.378428
6.688588 -116.633000 -2100.978342 8952.182983 -0.095098 0.958765 -0.267817 -0.417567 0.205804 0.885033 -0.903656 -0.195997 -0.380777
11.541590 -113.208636 -1024.871416 7188.561491 -0.071078 0.969015 -0.236552 -0.404679 0.188744 0.894769 -0.911692 -0.159326 -0.378724
7.946062 -99.608754 -1677.166018 14347.016030 -0.091150 0.966196 -0.241157 -0.184979 0.221523 0.957450 -0.978506 -0.131881 -0.158534
2.167977 -96.353008 -2508.409141 15305.533986 -0.114572 0.962694 -0.245140 -0.189257 0.221093 0.956713 -0.975220 -0.156007 -0.156866
0.602806 -111.751186 -2279.117622 8358.305559 -0.101866 0.956504 -0.273355 -0.423280 0.206994 0.882036 -0.900254 -0.205555 -0.383784
-4.961307 -101.103808 696.788483 3612.415320 0.106638 0.966694 -0.232662 -0.064200 0.240203 0.968597 -0.992223 0.088353 -0.087676
-5.904329 -103.032388 -50.465029 3380.776030 0.076530 0.957822 -0.276984 -0.016281 0.278962 0.960164 -0.996934 0.068972 -0.036944
-2.637757 -91.626341 626.054486 4978.013048 0.101590 0.971036 -0.216260 0.178999 0.195995 0.964129 -0.978590 0.136656 0.153903
-0.725727 -95.833702 1395.322094 2929.552945 0.123165 0.976840 -0.174971 -0.038493 0.180884 0.982751 -0.991639 0.114305 -0.059880
-1.472917 -80.642130 194.947132 5834.871322 0.089377 0.973733 -0.209418 0.405667 0.156439 0.900534 -0.909640 0.165441 0.381030
0.182885 -80.388204 453.287539 4711.228394 0.094954 0.977952 -0.185992 0.374967 0.137939 0.916718 -0.922162 0.156787 0.353602
1.255250 -87.249752 1052.683289 3303.315062 0.112643 0.978456 -0.173021 0.160961 0.153861 0.974894 -0.980512 0.137664 0.140162
-1.148772 -50.825497 -4177.134620 -3024.744005 -0.733869 0.038000 -0.678228 -0.324194 0.857798 0.398851 0.596938 0.512581 -0.617191
-5.720153 -54.456203 1988.881955 -4369.574806 0.781608 -0.120583 0.612004 -0.296992 0.790850 0.535119 0.548530 0.600014 -0.582322
1.995135 -59.941440 3010.362500 -4446.102164 0.749244 -0.070675 0.658513 -0.369017 0.781102 0.503693 0.549964 0.620391 -0.559155
8.463211 -57.361220 -4971.478032 -4240.953551 -0.724018 0.041424 -0.688536 -0.338040 0.848803 0.406526 0.601271 0.527085 -0.600545
7.788161 -50.704188 -5594.617493 -1770.812251 -0.708906 0.001544 -0.705301 -0.309521 0.897878 0.313068 0.633758 0.440242 -0.636034
8.743483 -94.664898 -263.501982 4908.889136 0.854136 -0.305845 0.420607 -0.497620 -0.715623 0.490161 -0.151083 0.627967 0.763434
7.062907 -100.897560 -211.533594 5752.977187 0.838906 -0.328913 0.433651 -0.541697 -0.582040 0.606460 -0.052930 0.743670 0.666448
9.007203 -90.463370 -1816.237617 4865.729887 0.861985 -0.294035 0.412947 -0.481962 -0.727864 0.487778 -0.157145 0.619482 0.769121
16.303610 -159.185348 -5524.889234 17855.682139 0.891952 -0.091247 0.442827 0.437339 0.422588 -0.793822 0.114700 -0.901717 -0.416834
6.440485 -133.040737 -3621.496806 16615.116676 0.889712 -0.102641 0.444835 0.402163 0.637356 -0.657300 0.216052 -0.763703 -0.608341
1.364749 -150.436284 -2599.125341 18558.906057 0.878157 -0.113870 0.464622 0.455425 0.496215 -0.739161 0.146384 -0.860700 -0.487614
-4.229330 -127.256504 -415.304995 15506.333548 0.865649 -0.126025 0.484531 0.434457 0.670033 -0.601916 0.248795 -0.731555 -0.634766
-4.329653 -154.284840 -1434.872399 20504.726689 0.862020 -0.135843 0.488332 0.479468 0.531036 -0.698650 0.164415 -0.836390 -0.522896
-3.778416 -161.789246 -2796.923948 9505.771841 0.858648 -0.137860 0.493677 0.512483 0.248099 -0.822075 0.009149 -0.958875 -0.283681
5.443908 -40.347455 33229.196529 -3165.192751 0.192317 0.933660 -0.302146 -0.413170 0.356312 0.838053 -0.890115 0.036334 -0.454285
-2.990717 -37.511960 25280.159641 -2350.713179 0.247530 0.885472 -0.393280 -0.456240 0.464617 0.758931 -0.854737 0.008428 -0.518994
-26.318051 -43.729557 -5883.146350 -2095.299081 0.270131 0.771665 -0.575814 -0.358318 0.635661 0.683771 -0.893665 -0.021617 -0.448213
-3.532579 -45.623494 21898.073437 -1551.073748 0.180349 0.930332 -0.319305 -0.320984 0.362523 0.874955 -0.929754 0.055306 -0.364003
81.009238 -45.915852 108925.593649 -727.060310 0.211744 0.935694 -0.282209 -0.323413 0.339573 0.883230 -0.922263 0.095748 -0.374518
-11.182577 -237.356594 469.169230 31284.580942 0.907552 0.094162 0.409247 0.228258 0.707393 -0.668949 0.352488 -0.700520 -0.620503
-10.594176 -282.199103 3083.277562 17918.691809 0.900621 0.123358 0.416731 0.319152 0.463132 -0.826832 0.294998 -0.877662 -0.377737
-10.391428 -257.810921 -1029.878689 27366.263025 0.925569 0.083635 0.369226 0.279646 0.506371 -0.815712 0.255188 -0.858250 -0.445293
3.114375 -141.044713 -1538.920648 8927.417876 -0.803020 0.041208 -0.594525 0.280807 0.906083 -0.316482 0.525648 -0.421088 -0.739175
2.725323 -148.443272 1272.898018 1650.980734 0.806149 -0.032147 0.590839 0.423618 0.728507 -0.538354 0.413124 -0.684283 -0.600903
1.708751 -140.730099 -2604.885176 7616.656283 -0.805045 0.034597 -0.592204 0.291938 0.892147 -0.344741 0.516406 -0.450419 -0.728318
0.145974 -127.893698 -1490.203379 5845.511281 -0.811254 0.048428 -0.582685 0.165952 0.974652 -0.150045 0.560648 -0.218423 -0.798727
-3.723314 -128.178470 -1276.286471 8884.502761 -0.821773 0.036462 -0.568647 0.234060 0.931472 -0.278523 0.519523 -0.361981 -0.773993
-22.239302 -30.884309 -598.524144 1469.066235 -0.661346 -0.379404 -0.647050 -0.508711 0.860803 0.015211 0.551211 0.339221 -0.762296
-20.319493 -33.245446 1556.814328 -2760.958800 -0.861809 0.260537 -0.435208 0.013587 0.869553 0.493652 0.507051 0.419521 -0.752929
-19.123493 -36.320154 -72.696156 -2178.647055 -0.799536 0.007928 -0.600566 -0.237718 0.914084 0.328542 0.551573 0.405447 -0.728958
-16.929002 -35.627874 -2106.783661 214.554836 -0.671999 -0.254659 -0.695389 -0.416313 0.906496 0.070342 0.612454 0.336770 -0.715182
-17.790153 -33.509716 -374.492091 1299.151125 -0.559012 -0.521603 -0.644543 -0.561693 0.810032 -0.168371 0.609924 0.267914 -0.745798
-19.748486 -32.108717 -809.071394 1600.833136 0.330053 0.792711 0.512518 -0.757983 0.546158 -0.356613 0.562607 0.270779 -0.781122
-0.026972 -386.160454 2537.098256 6657.681623 0.872733 -0.122432 0.472597 -0.235437 0.742484 0.627125 0.427676 0.658580 -0.619165
9.619415 -1268.711403 39402.836113 -377876.144687 -0.886488 0.023321 -0.462163 -0.080640 0.975663 0.203911 0.455670 0.218033 -0.863033
202.728112 -7503.043933 275441.972622 -3237941.052971 -0.870440 0.151347 -0.468432 0.032879 0.967315 0.251436 0.491176 0.203459 -0.846966
-17.277649 -930.636620 -17925.303287 349563.463207 -0.846713 -0.055823 -0.529114 -0.216346 0.944676 0.246541 0.486078 0.323221 -0.811946
-2.826403 -389.933910 -5256.070884 24528.728283 -0.876621 0.020821 -0.480732 0.071326 0.993649 -0.087029 0.475866 -0.110580 -0.872538
-11.299341 -37.776818 4446.847606 5426.936740 0.494263 0.726422 -0.477510 0.538534 -0.687061 -0.487778 0.682412 0.016065 0.730792
-7.567763 -53.868882 4491.037310 4910.178255 0.475964 0.749535 -0.460061 0.655096 -0.651179 -0.383165 0.586777 0.119012 0.800955
-17.373836 -47.075396 3703.204201 -4830.125325 0.557020 0.670189 -0.490485 -0.540355 0.740949 0.398762 0.630670 0.042918 0.774863
3.306936 -48.663154 5188.344536 5003.529720 0.424437 0.794952 -0.433479 0.658527 -0.599590 -0.454790 0.621446 0.092428 0.777986
1.432266 -36.741194 -3041.736175 -1556.677418 -0.427516 -0.677989 -0.597965 -0.443501 0.733687 -0.514792 0.787742 0.045116 -0.614351
9.192722 -34.962407 -3545.194967 -1107.095749 -0.453522 -0.641659 -0.618540 -0.362239 0.766818 -0.529881 0.814310 -0.016253 -0.580202
3.586647 -35.978551 4334.549147 -1658.762731 0.382823 0.740903 0.551824 -0.427733 0.671598 -0.604980 0.818835 0.004433 -0.574012
-7.702747 -39.492070 1397.144253 -1755.608682 0.341146 0.815779 0.467036 -0.571872 0.574435 -0.585650 0.746044 0.067293 -0.662488
25.889364 -51.619594 -1112.826997 271.007624 0.793016 -0.074715 0.604602 0.086627 0.996196 0.009484 -0.603010 0.044854 0.796471
23.595536 -54.947777 1746.233702 -890.698623 0.866275 -0.086795 0.491969 0.086731 0.995966 0.022993 -0.491980 0.022751 0.870309
25.210067 -46.795187 -560.201002 -3929.366195 0.843643 -0.139292 0.518522 0.079175 0.987478 0.136450 -0.531035 -0.074062 0.844107
26.093276 -49.976894 996.550901 2218.805317 0.826241 -0.069039 0.559071 0.140394 0.986382 -0.085679 -0.545542 0.149282 0.824681
24.925564 -49.146196 -1842.328451 3137.587670 0.773128 -0.073352 0.629995 0.167920 0.981518 -0.091791 -0.611618 0.176755 0.771156
53.546753 -684.556921 -22437.929936 172136.725126 0.889992 0.030894 -0.454929 -0.454163 -0.028831 -0.890452 0.040626 -0.999107 0.011629
-68.275447 -86.717497 7939.553921 13639.015904 0.867131 -0.012310 -0.497928 -0.497801 0.012025 -0.867208 -0.016662 -0.999852 -0.004299
-46.574516 -88.545652 1495.820649 5819.692091 0.745130 0.031112 -0.666193 -0.666139 0.083018 -0.741193 -0.032247 -0.996062 -0.082584
-52.191484 -392.809858 1761.506423 -93307.888064 0.344639 0.044711 -0.937670 0.937902 0.025690 0.345949 0.039556 -0.998670 -0.033081
-131.624440 -429.739361 -1027.127442 -102187.167977 0.604075 0.071107 -0.793749 0.757251 0.259144 0.599513 0.248324 -0.963218 0.102696
-26.561760 -28.780476 -1229.002806 -437.034364 0.072922 0.929881 0.360561 0.623610 -0.324647 0.711136 -0.778327 -0.172992 0.603557
-21.951568 -29.041001 -2956.368958 -345.260232 -0.157878 0.970757 0.180848 0.620601 -0.044909 0.782839 -0.768068 -0.235828 0.595363
-25.242510 -30.555015 -1256.582231 -1223.011231 0.160288 0.891985 0.422694 0.674839 -0.411544 0.612554 -0.720347 -0.187065 0.667913
-40.279332 -58.533414 43.059245 -982.425745 -0.484539 0.197306 0.852228 0.828311 0.416753 0.374456 -0.281286 0.887349 -0.365364
-40.887509 -59.896573 -681.684210 -787.509458 -0.470697 0.066282 0.879801 0.800148 0.452235 0.394013 -0.371762 0.889432 -0.265901
-40.840590 -62.712499 -337.262131 -2445.092841 -0.534611 0.142756 0.832954 0.821837 0.317482 0.473064 -0.196915 0.937457 -0.287051
-42.477494 -61.779142 834.636601 -2675.178995 -0.533834 0.266800 0.802396 0.838412 0.290374 0.461246 -0.109934 0.918967 -0.378700
-41.864092 -66.111670 208.756355 -2679.358657 -0.567250 0.218267 0.794095 0.823326 0.172587 0.540693 -0.019035 0.960507 -0.277605
-41.426755 -67.039683 -415.310446 -2544.202908 -0.576983 0.083487 0.812478 0.809609 0.189779 0.555444 -0.107819 0.978271 -0.177091
32.707658 -35.957232 5083.248205 3373.964712 0.903872 0.335746 0.265123 -0.051652 -0.529551 0.846704 -0.424674 0.779006 0.461304
40.311390 -35.874629 3894.486687 3270.256405 0.833718 0.415546 0.363642 -0.106205 -0.525578 0.844090 -0.541881 0.742354 0.394051
31.927350 -56.759829 4481.737412 8356.657443 0.895429 0.364826 0.255165 -0.069635 -0.451318 0.889642 -0.439725 0.814380 0.378718
43.371136 -27.092568 5549.956466 747.815091 0.831672 0.469779 0.296022 -0.009960 -0.520410 0.853858 -0.555177 0.713079 0.428132
27.534909 -61.375818 2506.870724 7875.048198 0.929565 0.314218 0.192812 -0.044816 -0.422814 0.905108 -0.365925 0.849997 0.378951
26.533022 -28.000638 3977.816790 1740.568401 0.905589 0.194725 0.376816 -0.176907 -0.634032 0.752800 -0.385503 0.748389 0.539724
22.505205 -26.640407 6438.159064 1048.553905 0.905669 0.254928 0.338785 -0.116885 -0.617962 0.777471 -0.407555 0.743730 0.529872
30.308039 -25.226158 2816.211885 670.011219 0.869170 0.377819 0.319054 -0.043873 -0.583728 0.810763 -0.492563 0.718689 0.490783
32.642488 -39.591581 625.847199 4661.660281 0.921206 0.259201 0.290164 -0.101201 -0.560480 0.821962 -0.375684 0.786560 0.490086
30.442837 -90.679475 3321.401731 15994.536027 0.721654 0.430396 0.542195 -0.358356 -0.437855 0.824538 -0.592281 0.789330 0.161745
26.707615 -86.097527 -2232.605875 16936.324609 0.747875 0.467388 0.471414 -0.282165 -0.418978 0.863041 -0.600887 0.778464 0.181463
39.371302 -64.354953 1565.879581 12596.683970 0.745800 0.455650 0.485969 -0.227702 -0.511198 0.828751 -0.626047 0.728739 0.277499
50.722189 -70.806615 6887.115476 11556.095339 0.661509 0.454577 0.596461 -0.320794 -0.547386 0.772955 -0.677862 0.702658 0.216275
35.642194 -99.127236 8029.508145 14095.253399 0.648751 0.422799 0.632742 -0.478938 -0.419304 0.771235 -0.591388 0.803384 0.069529
-8.441711 -53.431129 -182.842989 793.588873 -0.052343 0.998396 0.021577 0.445082 0.003982 0.895481 -0.893959 -0.056476 0.444576
-8.047379 -55.862497 -42.171474 878.219115 -0.066103 0.996441 0.052306 0.456201 -0.016440 0.889725 -0.887418 -0.082676 0.453490
-9.240581 -50.965741 -174.453818 1323.107397 -0.028363 0.997727 0.061126 0.609543 -0.031203 0.792139 -0.792246 -0.059726 0.607272
-10.120691 -49.413730 -322.886409 1400.683970 -0.020421 0.999504 0.023970 0.599871 -0.006931 0.800066 -0.799836 -0.030717 0.599432
-9.254840 -51.291918 -437.596782 736.411691 -0.041789 0.999010 -0.015282 0.439144 0.032104 0.897843 -0.897444 -0.030809 0.440051
-1.415446 -60.907683 88.012757 -3859.027545 -0.211102 0.977448 0.005571 -0.512754 -0.115589 0.850719 -0.832178 -0.176732 -0.525591
-0.954935 -64.915659 -355.016035 -3991.773750 -0.229722 0.973074 0.018856 -0.486600 -0.131611 0.863655 -0.842881 -0.189225 -0.503731
-2.313656 -69.960712 -154.655137 -3559.901814 -0.229856 0.972304 0.042326 -0.303418 -0.112916 0.946144 -0.924718 -0.204634 -0.320969
-2.293057 -66.799841 277.925158 -3855.424530 -0.210203 0.977278 0.027234 -0.336935 -0.098565 0.936355 -0.917763 -0.187649 -0.349998
-0.830557 -57.058114 394.317011 -3401.901753 -0.191395 0.981381 -0.016102 -0.532341 -0.090009 0.841731 -0.824610 -0.169675 -0.539657
4.066751 -88.049782 447.051978 -2722.869589 -0.186755 0.968775 0.163086 -0.789311 -0.246802 0.562207 -0.584902 0.023730 -0.810757
-0.077656 -87.640286 787.878862 258.167402 -0.162584 0.973527 0.160660 -0.886793 -0.215565 0.408816 -0.432626 0.076006 -0.898364
3.036117 -90.494098 1059.463817 -4560.199841 -0.143411 0.976895 0.158461 -0.779251 -0.210168 0.590422 -0.610083 0.038807 -0.791386
4.392742 -49.925232 778.953790 -547.799645 -0.002739 0.996690 -0.081248 -0.658755 -0.062926 -0.749721 0.752352 -0.051469 -0.656747
1.715831 -53.326143 870.149301 -727.545403 -0.007482 0.997790 -0.066020 -0.668556 -0.054088 -0.741693 0.743625 -0.038589 -0.667483
4.631105 -53.263734 594.478713 -1264.523450 -0.037633 0.992252 -0.118403 -0.766357 -0.104698 -0.633826 0.641311 -0.066886 -0.764360
6.998570 -49.848749 578.334587 -1322.971713 -0.022744 0.989901 -0.139926 -0.751196 -0.109277 -0.650971 0.659688 -0.090306 -0.746094
7.211178 -46.527942 891.830270 -350.684432 0.009173 0.994987 -0.099578 -0.646981 -0.070024 -0.759284 0.762451 -0.071390 -0.643095
3.105957 -107.993989 343.159811 6762.315246 0.851865 0.439753 -0.284508 -0.486355 0.865746 -0.118081 -0.194385 -0.238961 -0.951374
3.955457 -110.325378 -457.119244 159.588415 0.864429 0.406277 -0.296145 -0.487915 0.819989 -0.299261 -0.121253 -0.403183 -0.907051
-2.964256 -120.808160 -628.694662 -2261.589413 0.858023 0.431586 -0.278442 -0.510364 0.777301 -0.367874 -0.057664 -0.457751 -0.887208
-3.846661 -113.552109 91.523152 -4405.943832 0.852113 0.440395 -0.282763 -0.522166 0.751836 -0.402598 -0.035289 -0.490709 -0.870609
-4.434342 -110.334517 552.716076 -1342.559805 0.845782 0.455900 -0.277142 -0.517769 0.826694 -0.220211 -0.128718 -0.329746 -0.935254
-1.990304 -119.315954 -2069.726630 985.989443 -0.838518 -0.482263 0.253595 -0.509838 0.858642 -0.052907 -0.192232 -0.173655 -0.965863
30.227767 -609.123463 7115.774431 147405.715931 0.578751 0.807958 -0.110689 0.740334 -0.463622 0.486785 0.341984 -0.363674 -0.866480
52.737923 -1035.740670 3757.113229 -314637.209850 0.550517 0.820001 -0.156621 -0.480981 0.158205 -0.862339 0.682340 -0.550063 -0.481500
19.006432 -554.202129 11640.456627 -153732.786401 0.583311 0.811712 -0.029521 -0.649608 0.444385 -0.616872 0.487604 -0.379005 -0.786510
-11.513204 -1951.533217 36568.259133 560252.862359 0.580170 0.813810 -0.033406 -0.803227 0.578461 0.142155 -0.135011 0.055642 -0.989281
18.363716 -4813.539895 -54711.503992 806185.257015 0.777180 0.619902 -0.108229 -0.626388 0.778548 -0.038739 -0.060247 -0.097900 -0.993371
-38.383461 -1298.117428 14289.121575 -351912.838410 0.551504 0.833171 0.040853 -0.776316 0.530558 -0.340355 0.305249 -0.155992 -0.939409
-0.671332 -472.652668 4687.082552 -139594.779169 0.630973 0.775609 -0.017412 -0.255626 0.186662 -0.948584 0.732480 -0.602982 -0.316045
10.954391 -124.415124 339.508547 -2457.791987 0.682484 0.605163 -0.409870 0.194022 0.390652 0.899859 -0.704678 0.693663 -0.149199
9.787733 -125.847863 561.480916 -2392.672937 0.704861 0.578287 -0.410798 0.215904 0.376744 0.900805 -0.675690 0.723635 -0.140698
10.725314 -126.831757 -366.366872 -2942.436531 0.677854 0.615019 -0.402822 0.347305 0.215048 0.912762 -0.647992 0.758621 0.067828
9.594253 -120.573444 859.750562 -1979.705828 0.706168 0.570303 -0.419620 0.064440 0.538421 0.840209 -0.705106 0.620369 -0.343465
9.460152 -123.977149 -502.490302 -2471.063613 0.656383 0.636088 -0.405653 0.343602 0.226636 0.911358 -0.671639 0.737583 0.069801
10.255674 -118.391571 367.918964 -2305.822046 0.679948 0.600291 -0.421096 0.033524 0.548230 0.835656 -0.732494 0.582319 -0.352644
9.034827 -121.326142 -659.617067 -1946.862348 0.649319 0.636981 -0.415500 0.189186 0.393878 0.899482 -0.736610 0.662658 -0.135245
5.534313 -29.979719 -2690.964697 -1750.438093 0.063545 0.982657 -0.174207 -0.903714 -0.017398 -0.427783 0.423395 -0.184617 -0.886935
8.201813 -32.006407 -1463.369763 -896.964988 0.102888 0.987872 -0.116284 -0.893816 0.040522 -0.446600 0.436472 -0.149887 -0.887145
6.780350 -36.343287 -1497.054356 -2655.689021 0.030998 0.981679 -0.188005 -0.930915 -0.040129 -0.363024 0.363917 -0.186269 -0.912616
-0.166439 -85.298010 -903.886641 2591.235256 0.710001 0.512841 -0.482589 -0.618383 0.781910 -0.078858 -0.336900 -0.354415 -0.872289
0.406115 -80.786354 841.128101 385.041348 -0.692728 -0.537177 0.481216 -0.567362 0.817830 0.096198 -0.445228 -0.206385 -0.871308
-2.399006 -79.995574 240.909469 684.791034 -0.692291 -0.544228 0.473867 -0.595132 0.801970 0.051597 -0.408107 -0.246293 -0.879084
-18.569856 -34.236361 1092.901317 -217.017090 -0.288261 0.952128 0.101776 -0.828564 -0.194740 -0.524936 0.479986 0.235647 -0.845035
-16.082198 -34.048965 745.228991 653.488848 -0.295655 0.950314 0.097429 -0.873788 -0.227797 -0.429654 0.386112 0.212161 -0.897722
-16.194746 -33.828022 1136.443613 -560.838335 -0.380320 0.919832 0.096256 -0.790563 -0.269319 -0.549980 0.479966 0.285265 -0.829613
-18.288788 -30.780934 1164.557173 -1735.293200 -0.336742 0.934042 0.119043 -0.752852 -0.191149 -0.629822 0.565526 0.301709 -0.767563
-13.983778 -33.651126 844.050293 -929.104068 -0.443315 0.891277 0.095378 -0.753211 -0.312715 -0.578690 0.485947 0.328382 -0.809951
-15.552175 -29.331192 1162.568654 -1951.764489 -0.395935 0.909765 0.124749 -0.726306 -0.227133 -0.648761 0.561886 0.347473 -0.750698
-9.397504 -45.773499 268.996425 1147.678103 0.073278 0.996875 -0.029506 0.594043 -0.019864 0.804188 -0.801089 0.076458 0.593642
-11.741858 -48.163855 -673.667750 501.517025 0.010671 0.997779 -0.065746 0.441189 0.054306 0.895770 -0.897351 0.038565 0.439629
-11.291754 -47.049593 -488.857494 1320.040832 0.013755 0.999057 -0.041186 0.594065 0.024967 0.804029 -0.804299 0.035527 0.593161
17.915008 -91.373386 -2580.134016 -58.869778 0.086960 0.987331 -0.132723 -0.909265 0.024229 -0.415511 0.407031 -0.156813 -0.899853
22.161046 -106.492479 -458.324174 2529.207252 0.035241 0.996381 -0.077354 -0.875438 -0.006557 -0.483286 0.482044 -0.084750 -0.872038
19.614013 -95.864903 -1673.412183 -12698.049646 0.083846 0.990890 -0.105390 -0.943648 0.044975 -0.327881 0.320154 -0.126942 -0.938822
22.560010 -108.382629 -2859.092234 24173.428370 0.037729 0.991990 -0.120548 -0.858283 -0.029614 -0.512322 0.511789 -0.122794 -0.850291
13.172629 -94.350028 -2161.672851 -3093.722482 0.095276 0.982403 -0.160645 -0.961677 0.049157 -0.269742 0.257099 -0.180189 -0.949438
16.708029 -112.674404 -2800.205017 25598.909765 0.060080 0.984377 -0.165506 -0.876898 -0.027168 -0.479908 0.476906 -0.173964 -0.861566
11.297023 -100.978024 -2245.783417 11065.757342 0.075076 0.980077 -0.183880 -0.932663 0.003764 -0.360729 0.352850 -0.198580 -0.914365
-14.893203 -124.419213 2824.847487 41175.288345 0.900085 0.367332 -0.234336 -0.191226 -0.150223 -0.969982 0.391508 -0.917878 0.064970
-19.386836 -61.087281 2805.562037 3809.324049 0.903213 0.325230 -0.280056 -0.237341 -0.165183 -0.957279 0.357596 -0.931096 0.072005
-9.291111 -103.359972 3223.236773 26063.257588 0.907684 0.378892 -0.180416 -0.124164 -0.168195 -0.977903 0.400865 -0.910028 0.105624
-11.862809 -265.807915 4491.001202 69682.555438 0.888230 0.436901 -0.142001 0.006317 -0.320688 -0.947164 0.459355 -0.840402 0.287605
51.807861 -384.563646 -3621.422272 -121697.244714 0.440031 0.894141 0.082979 -0.640350 0.247660 0.727060 -0.629544 0.373064 -0.681541
38.658517 -144.589709 -1405.533557 -19881.959825 0.381440 0.923970 0.027975 -0.778446 0.304748 0.548772 -0.498523 0.231101 -0.835504
45.478039 -137.259648 4346.786021 -24063.213484 0.508733 0.849030 0.142617 -0.777129 0.381585 0.500464 -0.370488 0.365434 -0.853930
47.290978 -313.588184 4483.396610 -86046.155411 0.603614 0.791614 0.094856 -0.580230 0.354573 0.733219 -0.546794 0.497619 -0.673344
-52.719221 -78.881135 -421.081751 2294.225171 -0.013682 -0.978035 0.207993 0.991864 0.013056 0.126635 -0.126568 0.208033 0.969898
-47.167737 -75.387471 2267.405463 3402.219805 -0.222147 -0.937127 0.269154 0.974161 -0.201787 0.101454 -0.040763 0.284737 0.957739
52.902981 -81.091366 -552.976128 2904.722007 -0.284803 0.935059 0.211072 -0.713405 -0.059684 -0.698205 0.640266 0.349431 -0.684075
61.423844 -100.818915 -1948.433048 5553.708691 -0.303670 0.940509 0.152404 -0.566536 -0.049635 -0.822541 0.766043 0.336124 -0.547904
52.438711 -79.247563 4620.540832 8570.558123 -0.477104 0.846411 0.236557 -0.599986 -0.117015 -0.791406 0.642174 0.519514 -0.563664
46.356029 -63.378425 7893.764588 2128.144811 -0.397308 0.849148 0.347985 -0.733376 -0.065855 -0.676627 0.551640 0.524033 -0.648909
44.461594 -72.654741 -7689.526500 -10412.533960 0.663357 -0.720140 -0.203363 0.470550 0.190123 0.861647 0.581843 0.667272 -0.464982
34.679605 -56.033086 -7497.480711 -5644.417359 0.602628 -0.750052 -0.272509 0.583173 0.180810 0.791971 0.544747 0.636184 -0.546371
62.306020 -30.738191 -7585.148952 -2686.419782 0.668536 -0.600836 0.438242 0.743611 0.532066 -0.404905 0.010107 0.596575 0.802493
81.133123 -50.524893 -5914.841981 -5092.507922 0.658040 -0.707030 0.259023 0.740150 0.544110 -0.395123 0.138427 0.451723 0.881354
83.213833 -53.638837 -2131.208578 -8165.833051 0.559480 -0.806052 0.193035 0.820805 0.506461 -0.264152 0.115156 0.306232 0.944966
-7.734272 -44.556808 -1566.229874 -1169.992317 0.329736 0.932072 -0.150051 0.069388 -0.182438 -0.980766 0.941520 -0.312982 0.124831
-15.414138 -38.243709 2044.416642 144.931961 -0.215042 0.928848 0.301658 0.770246 -0.028587 0.637106 -0.600398 -0.369355 0.709295
-11.323277 -36.982156 1752.110005 866.837778 -0.172330 0.937661 0.301820 0.784051 -0.054912 0.618263 -0.596295 -0.343187 0.725710
-12.552460 -37.666674 1177.244721 -2027.535603 -0.197396 0.932973 0.300992 0.706323 -0.077560 0.703628 -0.679811 -0.351491 0.643670
-8.959165 -35.612499 992.999536 738.450391 -0.131071 0.943947 0.302959 0.786812 -0.086863 0.611049 -0.603114 -0.318463 0.731324
-10.094812 -36.966091 1230.568991 -1231.342067 -0.157046 0.945455 0.285396 0.731804 -0.082648 0.676486 -0.663174 -0.315093 0.678908
-7.168214 -49.684471 -342.426846 -315.452392 -0.038353 0.982757 -0.180879 -0.223069 0.168024 0.960213 -0.974048 -0.077176 -0.212779
-5.867070 -46.797047 -89.670009 -1474.560536 -0.036905 0.985642 -0.164769 -0.377066 0.138959 0.915703 -0.925451 -0.095923 -0.366524
-5.880081 -48.290332 -427.489500 -361.350588 -0.057711 0.983955 -0.168828 -0.256223 0.148847 0.955089 -0.964894 -0.098376 -0.243521
-5.939296 -48.269622 31.246207 -1617.669138 -0.011993 0.982769 -0.184447 -0.349936 0.168671 0.921463 -0.936697 -0.075596 -0.341883
-7.746582 -51.223389 -320.668005 -368.515290 -0.018450 0.979816 -0.199047 -0.189973 0.192019 0.962829 -0.981616 -0.055578 -0.182596
15.129996 -112.060109 -32.199644 -3110.983014 -0.038854 0.981911 -0.185314 -0.608840 0.123791 0.783575 -0.792341 -0.143271 -0.593017
13.062991 -106.802425 134.262918 3094.302776 -0.024731 0.980759 -0.193649 -0.394476 0.168416 0.903341 -0.918573 -0.098730 -0.382721
11.058911 -97.648146 -268.349441 9343.408953 -0.049466 0.975777 -0.213102 -0.192016 0.200092 0.960777 -0.980144 -0.088445 -0.177467
-21.418543 -24.655742 950.978151 2617.098181 -0.131262 0.972585 0.191959 -0.615573 0.071817 -0.784800 0.777071 0.221180 -0.589271
-24.151534 -26.447240 1107.609007 982.139161 -0.317680 0.933823 -0.164480 -0.532465 -0.319223 -0.783950 0.784577 0.161465 -0.598639
-15.054474 -22.606749 3480.337162 1036.453031 -0.684509 0.361427 -0.633101 0.093500 0.904801 0.415444 0.722983 0.225180 -0.653138
-23.523397 -32.168725 951.403047 1571.493673 -0.005488 0.964033 0.265724 -0.537965 0.221153 -0.813441 0.842950 0.147415 -0.517402
-19.983666 -31.438365 1295.846893 1715.822674 -0.008660 0.926523 0.376139 -0.550752 0.309539 -0.775150 0.834624 0.213872 -0.507603
13.811651 -89.721596 -1687.984052 -5661.126838 0.919227 -0.188036 0.345926 -0.290976 -0.916319 0.275122 -0.265246 0.353556 0.897019
11.570594 -89.734008 -1418.558528 -3978.523572 0.898582 -0.227475 0.375239 -0.346267 -0.892854 0.287942 -0.269535 0.388672 0.881070
9.457421 -84.243267 -1229.995792 -206.150958 0.890875 -0.250217 0.379122 -0.396363 -0.835895 0.379705 -0.221897 0.488540 0.843855
22.558557 -138.651323 -10216.830532 21299.394438 0.913000 -0.090120 0.397880 0.374459 0.572170 -0.729659 0.161898 -0.815169 -0.556138
15.039165 -107.816578 -6339.436016 11305.600876 0.907764 -0.082489 0.411291 0.348111 0.695216 -0.628883 0.234060 -0.714052 -0.659807
3.677838 -101.504973 -3206.315066 10244.523565 0.884245 -0.116078 0.452369 0.358688 0.789115 -0.498639 0.299090 -0.603178 -0.739406
-22.265711 -43.095610 2716.368950 -4744.683861 -0.355537 -0.672447 0.649159 -0.385557 0.738210 0.553527 -0.851434 -0.053489 -0.521728
-10.372913 -275.525583 1918.371015 49131.763637 0.891760 0.095497 0.442317 0.193843 0.802632 -0.564098 0.408887 -0.588781 -0.697244
-8.870717 -351.756345 6050.547019 50085.139027 0.888440 0.127858 0.440826 0.241128 0.687199 -0.685284 0.390554 -0.715129 -0.579705
-6.870098 -346.017860 3204.445746 -6602.364654 0.893880 0.116274 0.432965 0.391339 0.268775 -0.880122 0.218706 -0.956159 -0.194749
-7.310142 -300.985816 442.700939 -29568.903857 0.913842 0.108972 0.391174 0.393625 -0.001064 -0.919271 0.099758 -0.994044 0.043867
4.633490 -149.004042 -244.758032 3439.748763 0.817058 -0.056545 0.573775 0.408395 0.759233 -0.506734 0.406976 -0.648358 -0.643430
-16.170745 -42.081594 1996.047632 -3325.929464 -0.855982 0.185931 -0.482415 -0.112726 0.843525 0.525127 0.504566 0.503880 -0.701083
-20.278438 -29.175793 2427.344828 22.335379 -0.766525 0.616650 -0.179396 0.419589 0.692347 0.587027 0.486194 0.374698 -0.789440
-15.305693 -36.205917 1343.907288 -2090.360067 -0.851945 0.434000 -0.292973 0.199703 0.786514 0.584393 0.484054 0.439363 -0.756738
-13.067809 -43.640856 -751.968342 -3755.209508 0.864938 -0.325431 0.382069 0.034197 0.797723 0.602054 0.500713 0.507674 -0.701109
35.420212 -934.712787 -8213.479250 258862.900089 0.916156 -0.118529 0.382896 -0.159171 0.769138 0.618943 0.367863 0.627995 -0.685784
6.802451 -678.108053 -8426.213415 -115229.309646 -0.896448 0.048600 -0.440475 0.015292 0.996769 0.078857 0.442884 0.063955 -0.894295
12.300223 -32.311296 -5278.963832 -925.193535 -0.395693 -0.705633 -0.587801 -0.334187 0.706791 -0.623511 0.855422 -0.050284 -0.515485
12.131233 -10.743349 3135.811724 1350.970102 0.250131 0.886735 -0.388761 0.847431 -0.006302 0.530868 -0.468289 0.462235 0.753023
12.971826 -11.580785 3123.468861 -918.151840 0.176796 0.881860 -0.437111 0.864958 0.072716 0.496548 -0.469671 0.465870 0.749916
30.551344 -15.547223 -9664.815894 2663.234769 -0.290891 -0.877793 0.380607 0.843307 -0.047340 0.535343 -0.451903 0.476695 0.754020
9.445912 -13.147520 3668.757613 2175.152124 0.382490 0.884187 -0.268168 0.780793 -0.154124 0.605482 -0.494028 0.440974 0.749318
2.461639 -11.511660 -292.624348 203.534086 0.288331 0.899041 -0.329532 0.812411 -0.047537 0.581145 -0.506808 0.435277 0.744096
-6.807361 -31.791794 1060.658282 -603.797325 0.841972 -0.533612 0.079639 0.520245 0.842100 0.142175 -0.142930 -0.078276 0.986633
-2.114757 -30.949141 3571.453035 -1683.642809 0.721827 -0.691896 0.015666 0.683003 0.715837 0.145203 -0.111680 -0.094111 0.989278
-7.953008 -32.185082 1811.861656 -575.278732 0.774506 -0.630390 0.052437 0.626123 0.775780 0.078332 -0.090060 -0.027836 0.995547
-49.518590 -62.542913 8176.262670 12200.652329 0.929094 -0.066679 0.363782 0.367549 0.057086 -0.928251 -0.041128 -0.996140 -0.077546
9.003588 -360.561409 1823.895141 -95821.814730 0.219537 0.731813 -0.645177 0.360971 0.553449 0.750596 -0.906368 0.397674 0.142661
13.751528 -371.263318 2595.408500 -71310.292469 0.193171 0.771341 -0.606397 0.709695 0.316920 0.629202 -0.677509 0.551901 0.486197
-1.977373 -352.565384 -397.420637 -88727.164232 0.205598 0.819768 -0.534519 0.344287 0.450683 0.823621 -0.916076 0.353362 0.189576
-12.303285 -31.197988 1006.645778 -583.655034 -0.021723 0.907915 -0.418591 -0.103757 -0.418476 -0.902282 0.994365 -0.023831 -0.103293
-14.583253 -34.119412 573.645434 -1374.880753 -0.030233 0.846718 -0.531183 -0.190736 -0.526547 -0.828473 0.981176 -0.076269 -0.177419
-13.496013 -31.919362 -225.365025 -1030.336998 -0.031137 0.911539 -0.410034 -0.161504 -0.409430 -0.897933 0.986381 -0.038263 -0.159965
-1.342589 -18.524114 6980.097528 -145.866680 0.770615 -0.110044 0.627729 0.399976 -0.683323 -0.610810 -0.496157 -0.721775 0.482564
-16.179117 -30.089163 4920.414429 2330.519718 -0.418481 -0.273298 -0.866131 0.734520 -0.662746 -0.145770 -0.534186 -0.697192 0.478089
16.948172 -24.057143 24052.272009 -807.779535 -0.214292 -0.354028 -0.910353 0.815121 -0.578348 0.033039 -0.538197 -0.734968 0.412511
-41.998457 -59.587825 -1169.529936 248.667572 -0.369111 0.030563 0.928883 0.751160 0.598355 0.278801 -0.547281 0.800648 -0.243817
-43.573239 -61.683631 -1018.999708 -766.928278 -0.431267 -0.061732 0.900110 0.771849 0.491352 0.403512 -0.467180 0.868771 -0.164256
35.987475 -56.891608 2430.139408 9412.251827 0.825269 0.422325 0.374931 -0.147686 -0.479403 0.865079 -0.545087 0.769295 0.333265
50.448109 -42.394397 3250.412895 5529.017186 0.729708 0.476572 0.490311 -0.170184 -0.567929 0.805291 -0.662242 0.671071 0.333317
51.735578 -29.983294 4074.078918 637.364909 0.764171 0.536584 0.357938 -0.040382 -0.514043 0.856813 -0.643748 0.669206 0.371149
-7.809373 -58.581821 -95.485354 1102.479915 -0.083702 0.993440 0.077913 0.475602 -0.028881 0.879186 -0.875669 -0.110645 0.470065
-7.279088 -59.077921 77.054954 -171.043885 -0.097697 0.994808 0.028505 0.263393 -0.001775 0.964687 -0.959729 -0.101755 0.261852
-8.640832 -52.928507 -193.581977 1413.617926 -0.041772 0.994541 0.095617 0.626716 -0.048451 0.777740 -0.778127 -0.092412 0.621271
-7.037301 -62.525048 -160.847519 148.703982 -0.121593 0.991305 0.050302 0.285427 -0.013617 0.958304 -0.950656 -0.130880 0.281289
-8.060928 -55.132438 -227.021014 1431.563993 -0.054872 0.990943 0.122561 0.648539 -0.057958 0.758972 -0.759201 -0.121132 0.639485
-7.183151 -61.531897 -260.710576 1218.990285 -0.104373 0.989775 0.097224 0.499825 -0.032312 0.865523 -0.859815 -0.138932 0.491342
0.275459 -68.371042 -413.930247 -3787.527589 -0.235583 0.971489 0.026642 -0.460722 -0.135777 0.877098 -0.855708 -0.194355 -0.479573
0.641027 -61.302122 -442.990597 -2191.858616 -0.202942 0.979050 -0.016613 -0.623418 -0.116104 0.773221 -0.755093 -0.167276 -0.633919
1.475274 -65.620078 -148.221015 -2107.557392 -0.208969 0.977921 0.001551 -0.605102 -0.130548 0.785372 -0.768234 -0.163180 -0.619022
1.366580 -59.977745 -570.020398 1024.191263 -0.143786 0.986653 -0.076431 -0.749765 -0.058204 0.659139 -0.645893 -0.152080 -0.748127
2.566273 -64.775210 -460.722044 944.449178 -0.153240 0.986608 -0.055873 -0.740855 -0.077285 0.667203 -0.653950 -0.143636 -0.742777
-0.270050 -76.813251 -61.167538 -7572.974288 -0.245507 0.963351 0.108081 -0.338910 -0.189754 0.921484 -0.908221 -0.189601 -0.373075
-2.530185 -92.638393 -456.313852 -11858.877356 -0.249019 0.963365 0.099589 -0.198502 -0.151414 0.968334 -0.947938 -0.221365 -0.228935
-0.144663 -72.102527 -779.673533 -4705.495418 -0.256082 0.965552 0.046171 -0.369141 -0.141824 0.918488 -0.893396 -0.218165 -0.392743
-1.722729 -61.219450 369.761419 2562.416227 0.143893 -0.971854 -0.186531 0.972459 0.103943 0.208612 -0.183352 -0.211411 0.960045
-1.453653 -69.037688 -65.116275 3974.847640 -0.139367 0.970955 0.194484 0.935114 0.064429 0.348441 -0.325790 -0.230426 0.916932
-2.394552 -60.539066 -163.567226 2490.773028 0.133208 -0.972323 -0.191947 0.977704 0.097199 0.186140 -0.162331 -0.212462 0.963591
2.374045 -56.539918 916.541020 -1195.553406 -0.039804 0.994644 -0.095385 -0.778189 -0.090737 -0.621441 0.626768 -0.049492 -0.777633
-0.736678 -56.324965 989.700313 -828.342652 -0.001886 0.998268 -0.058801 -0.676082 -0.044599 -0.735475 0.736824 -0.038367 -0.674995
9.976840 -111.521642 5950.075502 10675.738189 0.869439 0.443820 -0.217025 -0.476929 0.868618 -0.134320 -0.128898 -0.220288 -0.966881
9.627495 -111.984512 5473.709852 -5231.586977 0.868089 0.433067 -0.242641 -0.495879 0.779092 -0.383562 -0.022932 -0.453286 -0.891070
33.889718 -880.455618 -8409.509864 212536.793366 0.567958 0.727725 -0.384499 0.789347 -0.349276 0.504913 0.233142 -0.590273 -0.772802
73.122682 -427.412948 -2023.389819 -63938.726600 0.703145 0.631121 -0.327525 -0.438198 0.021862 -0.898613 0.559973 -0.775376 -0.291928
102.053524 -788.649535 1528.818243 -302986.133133 0.563107 0.744511 -0.358628 -0.351726 -0.176778 -0.919260 0.747796 -0.643780 -0.162319
9.405097 -127.129840 273.567075 -1458.779089 0.700357 0.588582 -0.403822 0.366960 0.188360 0.910967 -0.612242 0.786188 0.084067
23.243223 -40.402701 10196.787556 1851.480318 0.012190 0.998520 0.053008 -0.224972 -0.048915 0.973137 -0.974289 0.023788 -0.224042
11.786445 -37.403323 3040.573268 2104.533647 0.005552 0.999099 0.042070 -0.135727 -0.040929 0.989900 -0.990731 0.011206 -0.135378
26.464403 -34.614501 10359.728993 2109.764928 0.002027 0.995516 0.094577 -0.118996 -0.093665 0.988467 -0.992893 0.013258 -0.118272
-1.212409 -81.604268 1243.804070 -1275.409397 -0.662515 -0.577827 0.476645 -0.520848 0.812690 0.261252 -0.538322 -0.075176 -0.839379
2.228744 -83.541138 1132.667984 -547.823860 -0.677704 -0.552015 0.485796 -0.526529 0.825456 0.203446 -0.513308 -0.117909 -0.850066
-18.566201 -34.304441 581.550981 990.787301 -0.154323 0.981467 0.113610 -0.901278 -0.092727 -0.423201 0.404823 0.167704 -0.898885
-14.962809 -32.252866 137.356512 996.825407 -0.111241 0.986348 0.121419 -0.945338 -0.067340 -0.319063 0.306531 0.150275 -0.939924
43.941681 -47.413703 38966.609354 3115.303574 0.143581 0.987633 -0.062981 0.918445 -0.156683 -0.363193 0.368569 0.005697 0.929583
-3.048666 -47.342906 3799.707743 2848.452218 0.163124 0.985550 -0.045622 0.907688 -0.168037 -0.384534 0.386643 -0.021316 0.921983
82.558865 -43.158813 60252.956652 2521.521337 0.134031 0.989324 -0.057208 0.883387 -0.145441 -0.445504 0.449068 -0.009175 0.893450
-15.056960 -51.616826 349.288034 2424.978468 0.105669 0.994193 -0.020339 0.955138 -0.107166 -0.276091 0.276667 -0.009747 0.960916
22.454699 -51.403376 25633.446586 2050.133465 0.152474 0.986411 -0.061198 0.952148 -0.163210 -0.258412 0.264889 0.018868 0.964094
-26.542486 -160.420536 2709.163666 -37828.057861 0.953636 0.300962 -0.000995 0.017914 -0.060061 -0.998034 0.300430 -0.951743 0.062668
-18.208166 -76.874722 3961.926296 -8119.368372 0.932580 0.350725 -0.085357 -0.044739 -0.122337 -0.991480 0.358179 -0.928453 0.098398
45.888879 -230.640158 -5427.051440 -44342.659436 0.322790 0.944933 -0.053933 -0.614372 0.252535 0.747511 -0.719968 0.208154 -0.662056
32.152189 -144.688349 -6108.177056 -12614.983291 0.264975 0.960574 -0.084184 -0.752492 0.260585 0.604857 -0.602946 0.096923 -0.791872
23.280456 -109.212939 -5176.242191 -2689.062207 0.264242 0.963477 -0.043461 -0.883106 0.259822 0.390662 -0.387686 0.064849 -0.919507
-43.347900 -87.562364 -2360.942719 6593.152592 -0.404228 0.912572 -0.061741 0.912296 0.407113 0.044442 -0.065692 0.038362 0.997102
-57.659102 -81.199022 2143.630423 1383.659827 -0.254224 0.947731 -0.192809 0.944078 0.286460 0.163271 -0.209969 0.140520 0.967557
