10849
21682
-41.654985 -60.197888 -571.775369 6837.739543 0.376421 0.925016 -0.051494 0.730375 -0.330492 -0.597769 0.569965 -0.187403 0.800013
-49.914015 -74.414605 -308.358636 5923.644543 0.178044 0.982253 0.058984 0.889501 -0.135018 -0.436530 0.420819 -0.130187 0.897754
-35.242036 -76.567311 -3470.173229 11691.828945 0.139444 0.970948 0.194461 0.847372 -0.015393 -0.530777 0.512363 -0.238794 0.824901
-47.295320 -66.999568 474.077584 5748.754672 0.487653 0.839285 -0.240406 0.699908 -0.540430 -0.466973 0.521847 -0.059459 0.850965
-30.727739 -54.909650 -3630.938863 8738.335413 0.296133 0.946881 0.125383 0.727389 -0.138489 -0.672106 0.619040 -0.290235 0.729762
-31.302280 -44.263304 -983.326139 -3271.035399 0.645851 0.676222 -0.354400 -0.399182 0.694794 0.598260 0.650792 -0.244917 0.718669
-37.963675 -53.762508 -164.249369 -4474.244007 0.615768 0.694305 -0.372518 -0.483534 0.706271 0.517084 0.622112 -0.138279 0.770620
-4.414384 -93.881099 3653.350730 -6597.304719 0.606521 -0.155178 0.779777 0.482102 0.851674 -0.205500 -0.632226 0.500572 0.591370
-11.899468 -98.547211 3061.037672 -6135.354035 0.577069 -0.160520 0.800765 0.607489 0.739690 -0.289508 -0.545846 0.653523 0.524366
-13.844437 -82.804848 3110.940800 -7061.898452 0.596146 -0.102544 0.796301 0.434191 0.875442 -0.212319 -0.675343 0.472320 0.566415
-19.717558 -92.792888 3623.106789 -7255.721916 0.554967 -0.145639 0.819025 0.587418 0.765745 -0.261867 -0.589026 0.626437 0.510514
-6.049948 -79.073068 3926.792702 -4768.392864 0.632476 -0.082200 0.770206 0.306590 0.939712 -0.151474 -0.711320 0.331941 0.619547
-15.186432 -68.771162 2396.819075 -3992.184201 0.613738 0.000442 0.789510 0.251085 0.947972 -0.195716 -0.748520 0.318353 0.581695
-19.668994 -74.506332 1466.830175 -7054.907579 0.576470 -0.026155 0.816700 0.360118 0.905318 -0.225197 -0.733483 0.423928 0.531307
7.279770 -42.561938 99.070451 1437.122890 -0.122231 0.979786 -0.158363 0.900629 0.042449 -0.432511 0.417046 0.195492 0.887612
4.426385 -39.445715 2485.050742 2530.498788 -0.097954 0.971419 -0.216217 0.861605 -0.025947 -0.506915 0.498037 0.235948 0.834439
3.013694 -37.489444 -538.512469 1924.891977 -0.132877 0.980668 -0.143644 0.834560 0.032525 -0.549956 0.534652 0.192957 0.822748
-0.516017 -34.775276 1860.873341 2124.643734 -0.058037 0.971684 -0.229044 0.815918 -0.086034 -0.571730 0.575247 0.220063 0.787822
2.475402 -40.296096 -1921.893958 1807.344543 -0.179708 0.980061 -0.084768 0.854252 0.112746 -0.507486 0.487810 0.163613 0.857480
-0.140180 -36.492264 -1931.218741 1401.085480 -0.201349 0.976770 -0.073344 0.801548 0.121264 -0.585505 0.563009 0.176679 0.807344
0.687289 -32.990703 635.539091 1504.708163 -0.115228 0.978210 -0.172709 0.789399 -0.015363 -0.613688 0.602969 0.207051 0.770427
-0.058558 -33.928732 -1575.431877 1544.577864 -0.169360 0.980664 -0.098057 0.774116 0.070788 -0.629073 0.609968 0.182447 0.771136
-0.382991 -45.892761 171.263818 -1026.639323 0.645204 0.751759 -0.136276 0.695358 -0.651708 -0.302910 0.316527 -0.100677 0.943226
0.360525 -48.024959 67.751875 -1299.963184 0.641221 0.756027 -0.131375 0.653610 -0.627805 -0.422676 0.402032 -0.185161 0.896709
0.009245 -47.805010 218.713453 -1480.937019 0.642285 0.754000 -0.137674 0.691095 -0.647381 -0.321381 0.331448 -0.111272 0.936889
0.831146 -44.102059 1005.734145 -514.373416 0.654244 0.740519 -0.153610 0.710838 -0.671459 -0.209407 0.258213 -0.027811 0.965688
0.634950 -67.062943 -269.626552 146.258666 0.588663 0.781381 -0.207171 0.464681 -0.536786 -0.704225 0.661474 -0.318282 0.679079
1.064876 -66.084240 6.591256 -2177.103980 0.566742 0.801842 -0.189348 0.595073 -0.557330 -0.579027 0.569817 -0.215483 0.793017
2.741982 -71.026553 -751.990633 -442.282830 0.583656 0.788462 -0.194097 0.501100 -0.537833 -0.677964 0.638940 -0.298436 0.709007
0.582133 -68.783885 -804.102357 -35.873216 0.610842 0.756917 -0.232266 0.335370 -0.513097 -0.790101 0.717216 -0.404732 0.567268
-0.229037 -64.079935 -9.545552 160.924116 0.595753 0.773189 -0.217385 0.405285 -0.523075 -0.749758 0.693413 -0.358568 0.624986
2.690581 -73.005108 -1029.233088 473.674787 0.601761 0.767974 -0.219317 0.353503 -0.502346 -0.789104 0.716184 -0.397323 0.573773
-0.869150 -114.219442 -122.715931 -10039.882320 0.159928 0.956954 0.242201 0.712987 -0.281672 0.642113 -0.682695 -0.069994 0.727344
-0.247923 -95.633923 -155.565107 -11852.304509 0.143628 0.962615 0.229661 0.549442 -0.270579 0.790506 -0.823094 -0.012647 0.567764
-0.486319 -98.401880 173.454718 -9138.557075 0.148020 0.964949 0.216709 0.508628 -0.262198 0.820091 -0.848168 0.011166 0.529610
-0.474465 -112.630463 214.872142 -9624.475293 0.159752 0.959476 0.232133 0.738350 -0.272219 0.617038 -0.655224 -0.072823 0.751916
-0.794760 -116.504668 473.666930 -10293.531157 0.176216 0.955402 0.236971 0.703617 -0.290609 0.648436 -0.688383 -0.052472 0.723447
-1.576285 -122.406776 260.262642 -2455.459410 0.175644 0.954426 0.241289 0.881327 -0.261658 0.393444 -0.438648 -0.143548 0.887120
18.753202 -42.523808 16004.658043 -1159.122231 0.636426 0.627653 -0.448346 0.172496 0.450724 0.875839 -0.751803 0.634744 -0.178585
35.190827 -44.383904 21074.444599 -943.582108 0.652992 0.616424 -0.440026 0.255299 0.367839 0.894157 -0.713039 0.696215 -0.082823
187.826431 -42.744466 67690.424361 -1084.002144 0.687787 0.538500 -0.486792 0.213144 0.491224 0.844552 -0.693916 0.684629 -0.223080
219.159452 -45.753005 72167.684477 -369.357694 0.683722 0.553053 -0.476084 0.135381 0.544944 0.827471 -0.717075 0.630213 -0.297718
586.423241 -40.577525 -170186.277250 1135.471007 -0.583936 -0.564392 0.583507 0.235287 0.570265 0.787044 -0.776954 0.596875 -0.200204
-16.943762 -49.343843 -867.990013 -1972.012124 0.581938 0.767068 -0.270102 0.498883 -0.599023 -0.626328 0.642233 -0.229735 0.731272
-14.463554 -51.616029 13.851504 -1528.152315 0.570818 0.786475 -0.235848 0.488794 -0.556291 -0.672027 0.659732 -0.268325 0.701965
-15.757529 -52.703421 19.221938 1047.241263 0.572434 0.765588 -0.293589 0.382035 -0.565845 -0.730663 0.725513 -0.306095 0.616390
-14.827969 -50.487892 -677.065863 -3649.795724 0.563021 0.801513 -0.201457 0.613013 -0.568510 -0.548645 0.554276 -0.185403 0.811421
-18.568813 -47.832334 -1746.565959 -2983.935927 0.545182 0.811888 -0.208843 0.637851 -0.563390 -0.525107 0.543987 -0.153068 0.825014
-0.101997 -72.483070 401.347896 1259.786292 0.138323 0.965953 0.218634 0.302060 -0.251385 0.919546 -0.943200 0.061154 0.326548
0.443466 -78.954621 298.509865 4252.865145 0.135596 0.963522 0.230735 0.200846 -0.254782 0.945911 -0.970193 0.081920 0.228067
-1.165097 -81.252604 790.574952 6717.203696 0.152888 0.962143 0.225624 0.131010 -0.246026 0.960368 -0.979521 0.117270 0.163665
0.368859 -78.349977 -94.869848 -1775.072628 0.119412 0.968730 0.217493 0.363881 -0.246520 0.898231 -0.923759 0.028118 0.381940
-1.984660 -75.933312 377.204090 7093.319304 0.136439 0.971445 0.194113 0.209468 -0.219805 0.952790 -0.968250 0.089337 0.233477
-0.744701 -69.605182 255.026571 254.699578 0.134884 0.968861 0.207642 0.324374 -0.241186 0.914664 -0.936263 0.056020 0.346805
-0.483552 -75.883588 533.069164 -5868.326835 0.153275 0.960684 0.231504 0.399662 -0.274522 0.874590 -0.903757 0.041529 0.426026
-14.452444 -93.271803 191.295553 -345.839375 0.259100 0.952561 0.159671 -0.590134 0.287002 -0.754568 0.764598 -0.101281 -0.636500
-13.950658 -97.509113 -344.242426 -35.591564 0.285741 0.951178 0.116672 -0.552998 0.263094 -0.790553 0.782652 -0.161374 -0.601177
-14.706271 -92.161652 -147.236938 961.775174 0.268683 0.954271 0.131058 -0.697860 0.286634 -0.656379 0.663929 -0.084898 -0.742961
3.882850 -105.876189 844.927333 -2084.248776 -0.375958 0.137895 -0.916319 -0.369379 0.884601 0.284675 0.849832 0.445495 -0.281637
5.374461 -115.065773 1212.145881 -4114.875325 -0.386285 0.137977 -0.912001 -0.567354 0.744037 0.352873 0.727251 0.653737 -0.209128
2.098035 -108.069218 685.627710 -988.504875 -0.370456 0.116758 -0.921482 -0.410330 0.869445 0.275127 0.833301 0.480034 -0.274182
-0.223791 -106.386284 637.701230 1899.693670 -0.365245 0.080711 -0.927406 -0.192962 0.968033 0.160242 0.910693 0.237482 -0.337996
2.150578 -100.708687 463.506634 123.028613 -0.362834 0.119724 -0.924131 -0.157091 0.969660 0.187300 0.918517 0.213132 -0.333018
4.257536 -100.362581 257.990217 -3183.562479 -0.382472 0.161493 -0.909744 -0.333302 0.894199 0.298860 0.861757 0.417526 -0.288180
-1.464137 -175.413574 1996.837389 -21371.002812 -0.582159 -0.092409 -0.807807 -0.251113 0.965385 0.070534 0.773326 0.243912 -0.585212
-1.859869 -130.463175 874.948343 -1262.089971 -0.571821 -0.088648 -0.815575 -0.029192 0.995714 -0.087761 0.819859 -0.026376 -0.571958
3.997377 -130.577574 3191.470909 1504.428970 -0.592343 -0.085777 -0.801107 -0.033452 0.996077 -0.081918 0.804991 -0.021725 -0.592889
24.447576 -67.022536 3538.949913 -1992.198638 -0.332068 0.087031 -0.939232 -0.619384 0.730864 0.286708 0.711403 0.676951 -0.188791
26.600743 -58.933563 -2354.254518 -1210.192482 -0.195045 0.131771 -0.971902 -0.568988 0.791937 0.221558 0.798880 0.596215 -0.079487
25.431629 -64.077215 2048.843049 2234.468672 0.221722 -0.165592 0.960947 0.684747 -0.675173 -0.274340 0.694234 0.718833 -0.036312
25.280876 -71.356328 -2478.289084 3813.766696 0.321413 -0.125740 0.938554 0.708586 -0.625560 -0.326467 0.628171 0.769977 -0.111966
17.806924 -80.038931 -6059.525576 5199.139567 0.419414 -0.097341 0.902561 0.696677 -0.602911 -0.388765 0.582007 0.791848 -0.185054
-11.780360 -29.622865 150.369571 1815.977409 -0.595819 0.712873 0.369880 -0.174739 0.334453 -0.926071 0.783879 0.616403 0.074707
-11.022673 -23.771235 592.203309 2509.594435 -0.607710 0.722085 0.330577 -0.213526 0.252367 -0.943779 0.764915 0.644131 -0.000818
-9.976315 -25.526644 591.488836 2396.670178 -0.644486 0.726028 0.239835 -0.138269 0.197831 -0.970435 0.752010 0.658594 0.027112
-11.979415 -30.706364 125.554831 1757.740745 -0.639541 0.723177 0.260774 -0.083887 0.271540 -0.958764 0.764167 0.635044 0.112996
-12.630524 -33.633581 -255.794980 995.156147 -0.602900 0.713024 0.357922 -0.087573 0.386772 -0.918008 0.792996 0.584811 0.170743
-135.745774 -515.406957 -17715.907186 -140372.620556 0.940808 -0.231615 -0.247456 0.127671 -0.434147 0.891749 0.313975 0.870558 0.378879
-57.843118 -398.169593 -10695.311416 -105346.694205 0.978557 -0.205683 -0.010985 -0.088902 -0.469865 0.878250 0.185803 0.858441 0.478076
-106.196837 -1628.508655 101864.768134 -544478.711216 0.968660 0.135237 -0.208346 0.248024 -0.481143 0.840824 -0.013467 0.866148 0.499606
-46.752545 -78.538396 4526.977259 -10366.203665 -0.283741 -0.326541 0.901589 0.068734 0.930887 0.358784 -0.956434 0.163772 -0.241686
-37.222126 -56.991455 1619.154071 2019.997223 0.151013 0.988492 -0.008828 -0.333002 0.059277 0.941061 -0.930755 0.139173 -0.338122
-33.711409 -77.810971 -8042.978397 17895.207897 -0.227464 0.547696 0.805164 0.276532 0.829129 -0.485876 -0.933697 0.112134 -0.340052
-33.617128 -53.011572 -3296.759425 -770.018870 0.364003 0.918829 0.152494 -0.557422 0.083741 0.825995 -0.746179 0.385668 -0.542658
-31.138139 -57.431335 1286.892237 -3483.902674 0.386820 0.920041 0.062407 -0.560782 0.180971 0.807944 -0.732048 0.347526 -0.585945
-27.167056 -51.143558 -468.785860 1028.293819 0.334176 0.915980 0.222053 -0.461405 -0.046445 0.885973 -0.821847 0.398527 -0.407117
1.470032 -21.032958 299.793922 3029.842621 0.207916 0.975432 -0.072824 0.480740 -0.037064 0.876079 -0.851857 0.217160 0.476636
-0.777458 -27.903706 1058.911986 2324.158238 0.217569 0.974392 -0.056775 0.434876 -0.044698 0.899380 -0.873811 0.220367 0.433465
-1.944406 -17.413448 1090.497017 2559.095793 0.305298 0.947293 0.097104 0.471502 -0.238972 0.848868 -0.827332 0.213373 0.519609
4.865103 -34.663049 608.667384 2959.899070 0.167449 0.975458 -0.142977 0.393657 0.066807 0.916827 -0.903878 0.209806 0.372809
1.536940 -12.694382 1150.550259 1420.461916 0.387668 0.893377 0.227139 0.436273 -0.394883 0.808538 -0.812022 0.214349 0.542839
5.400773 -29.653668 600.202937 3663.922740 0.134035 0.971047 -0.197741 0.444994 0.119315 0.887550 -0.885446 0.206957 0.416118
2.081892 -17.741297 525.728760 4233.032512 0.136413 0.969287 -0.204633 0.515031 0.107063 0.850459 -0.846248 0.221406 0.484608
1.558419 -11.996607 499.330979 1888.446048 0.319592 0.941679 0.105369 0.467556 -0.253440 0.846853 -0.824168 0.221381 0.521285
241.945512 -28.456823 -59132.322259 -4379.534225 -0.102376 -0.732132 -0.673426 0.910756 -0.341246 0.232539 -0.400053 -0.589521 0.701729
523.267740 -30.074270 -137723.580718 -5627.318285 -0.400171 -0.293880 -0.868043 0.832189 -0.513235 -0.209885 -0.383829 -0.806365 0.449945
189.362553 -6.740490 51578.244477 -4768.858040 0.231016 0.747168 0.623195 0.830940 -0.484714 0.273113 -0.506133 -0.454744 0.732828
1253.259280 -81.382693 384974.744852 -16614.112930 0.442026 0.771285 0.457966 0.762123 -0.592176 0.261718 -0.473056 -0.233340 0.849571
71.666837 -19.744970 27595.124054 4341.531756 0.114576 0.925898 0.359979 0.791615 -0.304023 0.530015 -0.600181 -0.224238 0.767789
22.469559 -45.296812 2694.140307 -1364.992043 -0.341721 0.916073 -0.209850 0.028668 -0.213027 -0.976626 0.939364 0.339750 -0.046534
12.749892 -47.570765 1956.828069 -716.916127 -0.390892 0.878081 -0.276003 -0.005253 -0.301984 -0.953298 0.920421 0.371187 -0.122656
13.690218 -50.298234 -89.954036 -888.977050 -0.331397 0.906741 -0.260763 -0.113768 -0.312768 -0.942991 0.936607 0.282838 -0.206808
11.731130 -102.582225 2178.024160 735.100953 -0.641718 0.763350 0.074125 -0.514898 -0.357181 -0.779296 0.568400 0.538255 -0.622257
14.062048 -103.787417 -511.388326 2531.002005 -0.582451 0.811802 0.041564 -0.503226 -0.319955 -0.802741 0.638368 0.488473 -0.594878
12.180695 -101.694928 1194.821525 1026.655309 -0.617696 0.782282 0.080537 -0.374664 -0.202694 -0.904733 0.691432 0.589024 -0.418296
12.777451 -100.871269 558.885938 6.785782 -0.623205 0.781021 0.040268 -0.627550 -0.468692 -0.621698 0.466686 0.412716 -0.782221
7.086529 -99.659089 2491.084094 -1489.184687 -0.659440 0.746876 0.085529 -0.394957 -0.247401 -0.884761 0.639647 0.617227 -0.458130
6.489965 -103.632273 -2463.812226 2559.919673 0.661791 -0.744596 -0.087234 0.536613 0.389223 0.748700 0.523525 0.542294 -0.657144
10.170505 -103.962649 -2260.339646 3348.807808 0.657339 -0.749430 -0.079121 0.612141 0.469765 0.636085 0.439533 0.466557 -0.767551
37.508939 -47.641141 2097.664657 -696.350701 -0.082782 0.990920 0.105950 -0.091668 0.098292 -0.990927 0.992343 0.091744 -0.082699
48.416632 -42.015794 -1382.050101 -886.916754 -0.015583 0.992992 0.117147 0.054104 0.117827 -0.991559 0.998414 0.009114 0.055561
45.225514 -44.318962 4727.292255 -1338.416562 -0.177638 0.984027 0.011615 0.016355 0.014753 -0.999757 0.983960 0.177405 0.018714
32.800155 -47.045083 4218.742123 -1624.179189 -0.207515 0.978137 -0.013595 -0.086347 -0.032159 -0.995746 0.974414 0.205458 -0.091133
0.255762 -37.080869 796.497999 1131.769662 -0.313912 0.937540 0.149925 -0.309496 -0.250325 0.917360 -0.897592 -0.241569 -0.368745
2.032674 -32.847054 972.722229 1715.104190 -0.371945 0.875656 0.308032 -0.240437 -0.411397 0.879172 -0.896575 -0.252942 -0.363557
-2.264357 -38.387380 507.900071 1571.224156 -0.337951 0.927198 0.161537 -0.381817 -0.291944 0.876918 -0.860236 -0.234678 -0.452682
-4.272548 -42.087953 297.780682 -787.573171 -0.298322 0.953741 0.037180 -0.455502 -0.176493 0.872564 -0.838762 -0.243370 -0.487082
12.663719 -127.326417 -5350.895528 802.554063 -0.532880 0.810045 -0.244675 -0.740343 -0.586337 -0.328787 0.409795 -0.005939 -0.912158
17.817742 -134.440405 -2979.981520 9525.523561 -0.548335 0.822035 -0.153578 -0.738488 -0.562161 -0.372305 0.392383 0.090733 -0.915316
19.448439 -132.598894 -5435.853252 -11108.676550 -0.566516 0.798423 -0.203910 -0.771149 -0.600892 -0.210375 0.290496 -0.038064 -0.956119
23.110345 -126.881146 -462.319195 -10089.303867 -0.591200 0.799817 -0.103799 -0.757960 -0.594966 -0.267417 0.275642 0.079422 -0.957974
13.599636 -124.389169 -5607.446211 -7335.973964 -0.564334 0.791045 -0.236168 -0.796933 -0.596671 -0.094243 0.215465 -0.135026 -0.967131
-2.389730 -24.690452 -2396.335001 356.224790 -0.498614 0.370054 0.783865 -0.265242 0.795785 -0.544401 -0.825246 -0.479360 -0.298636
1.119631 -22.852185 -2437.971270 627.397153 -0.511470 0.430414 0.743736 -0.262945 0.745601 -0.612322 -0.818082 -0.508746 -0.268177
-7.455372 -24.938287 -2813.316336 329.893837 -0.504825 0.391053 0.769565 -0.287562 0.764398 -0.577064 -0.813917 -0.512614 -0.273435
6.539645 -22.958938 -1443.976391 37.812622 -0.486913 0.461014 0.741877 -0.228905 0.752327 -0.617744 -0.842923 -0.470606 -0.260789
-8.266372 -25.162427 -2902.208264 -604.859531 -0.486043 0.335175 0.807106 -0.281318 0.814370 -0.507603 -0.827419 -0.473771 -0.301528
-5.319860 -23.954072 -3065.759008 -1079.955449 -0.500716 0.322066 0.803466 -0.262129 0.828207 -0.495341 -0.824968 -0.458637 -0.330273
0.288325 -23.280520 -1724.585464 72.722731 -0.492401 0.375522 0.785191 -0.214265 0.822073 -0.527529 -0.843583 -0.427995 -0.324328
5.865213 -123.631107 164.760635 -6331.853789 0.761614 -0.647390 0.028818 0.272641 0.360454 0.892042 0.587887 0.671535 -0.451032
8.380816 -128.188366 -27.806885 -2971.499401 0.778041 -0.627269 0.034442 0.094959 0.171624 0.980575 0.620995 0.759657 -0.193095
8.420891 -117.007350 626.043760 -3148.853107 0.774232 -0.631519 0.041812 0.190624 0.295679 0.936075 0.603512 0.716769 -0.349307
9.829513 -128.069739 652.162486 -3465.413814 0.776436 -0.628370 0.047944 0.031362 0.114512 0.992927 0.629416 0.769440 -0.108618
-14.818588 -33.983945 53.694361 715.669930 -0.667896 0.743759 -0.027151 -0.436982 -0.421417 -0.794641 0.602464 0.518873 -0.606472
-16.304890 -34.922023 570.592954 303.819683 -0.675916 0.735918 -0.039516 -0.360415 -0.376847 -0.853280 0.642836 0.562504 -0.519953
-16.556522 -33.841191 172.964522 903.714570 -0.595452 0.803149 0.019710 -0.478784 -0.335054 -0.811483 0.645138 0.492636 -0.584044
-14.618960 -34.842393 293.198542 -95.915220 -0.712029 0.700862 -0.042509 -0.338475 -0.395650 -0.853754 0.615182 0.593509 -0.518939
-13.400714 -31.231299 -187.472139 813.530806 -0.568700 0.820255 0.061336 -0.580984 -0.347782 -0.735870 0.582269 0.454125 -0.674339
-14.227602 -34.644494 46.010573 589.618577 -0.718314 0.694649 -0.038577 -0.402615 -0.460272 -0.791234 0.567386 0.552823 -0.610296
-13.579061 -32.711140 -167.962420 840.120572 -0.666032 0.745923 0.000329 -0.512657 -0.457429 -0.726596 0.541834 0.484105 -0.687065
-149.514431 -2286.159531 53082.390345 920440.345002 0.961664 0.269279 -0.051876 -0.255419 0.948381 0.187976 -0.099816 0.167519 -0.980803
101.571769 -1352.858967 24523.646222 -443758.957529 0.970213 -0.010183 0.242038 0.202721 0.581122 -0.788164 0.132627 -0.813753 -0.565876
-420.816532 -1252.008147 -89782.457485 -458671.983466 0.750149 0.125577 -0.649236 -0.541250 0.680650 -0.493725 -0.379901 -0.721766 -0.578557
-23.582123 -196.264881 -8090.456366 -4802.875659 0.881901 -0.160076 0.443425 0.304808 -0.523932 -0.795354 -0.359642 -0.836583 0.413264
-22.000427 -200.329326 -5339.418668 -42806.808440 0.899803 -0.143992 0.411851 0.113841 -0.833784 -0.540226 -0.421183 -0.532983 0.733849
-8.983046 -169.715652 -5767.701643 -16756.832635 0.874041 -0.158174 0.459384 0.264226 -0.638721 -0.722648 -0.407722 -0.753005 0.516475
-7.919497 -187.559145 -7080.417605 16192.201113 0.867629 -0.170332 0.467126 0.418659 -0.256545 -0.871154 -0.268224 -0.951405 0.151275
3.897856 -159.904178 -4950.593953 1615.429931 0.864014 -0.122736 0.488278 0.402903 -0.413009 -0.816758 -0.301908 -0.902419 0.307395
-34.901866 -83.231206 -4219.703252 4452.082686 0.117849 0.973222 0.197361 0.944115 -0.048200 -0.326073 0.307828 -0.224758 0.924514
-54.947089 -76.924645 600.429410 2782.504594 0.325433 0.940556 -0.097196 0.885082 -0.339176 -0.318731 0.332751 -0.017699 0.942849
-50.678559 -76.449301 246.738669 -880.607237 0.239035 0.969651 0.051366 0.953411 -0.224348 -0.201680 0.184035 -0.097182 0.978104
-40.001428 -64.119256 1171.278053 -492.170059 0.487662 -0.100280 -0.867254 -0.412094 0.849309 -0.329928 0.769652 0.518283 0.372851
-41.680421 -67.240263 1581.955409 -481.601005 0.545195 -0.012487 -0.838216 -0.404031 0.872183 -0.275784 0.734521 0.489021 0.470464
-38.967532 -62.637702 1278.092046 -407.006170 0.503713 -0.179722 -0.844970 -0.242005 0.909598 -0.337735 0.829281 0.374608 0.414683
-42.723723 -68.942524 -1070.353868 766.946377 -0.493999 -0.048850 0.868089 0.581680 -0.760647 0.288210 0.646230 0.647326 0.404174
-3.873427 -110.444122 1939.677896 -7163.047010 0.576392 -0.185526 0.795835 0.650700 0.693332 -0.309646 -0.494330 0.696326 0.520353
-8.367832 -112.958740 2021.721741 -4615.245690 0.553505 -0.170861 0.815131 0.737835 0.554571 -0.384773 -0.386306 0.814406 0.433025
-15.482039 -109.533831 3692.172812 -5324.283650 0.525304 -0.186229 0.830286 0.746402 0.569375 -0.344525 -0.408583 0.800707 0.438096
3.719471 -43.443258 3507.560602 1813.399945 -0.061462 0.961204 -0.268905 0.909455 -0.057070 -0.411867 0.411235 0.269872 0.870664
-1.472068 -38.911641 3097.236098 3085.340680 -0.011714 0.961977 -0.272877 0.841447 -0.137949 -0.522434 0.540213 0.235732 0.807837
0.104665 -48.162856 -376.228140 -1226.608202 0.625569 0.770161 -0.124560 0.652081 -0.603809 -0.458480 0.428314 -0.205588 0.879932
0.667141 -51.549415 151.610784 -817.454616 0.621620 0.773258 -0.125146 0.603534 -0.574639 -0.552755 0.499335 -0.268073 0.823894
1.491021 -62.565588 408.511540 -2128.703067 0.539855 0.823612 -0.173837 0.678932 -0.548123 -0.488480 0.497602 -0.145684 0.855084
2.678957 -68.101425 -761.455086 -2557.586498 0.561955 0.809718 -0.169010 0.636207 -0.553682 -0.537286 0.528627 -0.194405 0.826293
-1.094878 -125.954886 -139.132271 -3594.275292 0.185115 0.949090 0.254875 0.858697 -0.282340 0.427695 -0.477883 -0.139688 0.867246
-0.507013 -123.220757 -240.712096 -8930.045811 0.169355 0.951608 0.256439 0.754264 -0.292623 0.587757 -0.634354 -0.093883 0.767321
-1.713691 -130.261381 -996.570820 636.590092 0.187307 0.942559 0.276585 0.911085 -0.271955 0.309781 -0.367206 -0.193969 0.909690
-1.794487 -126.447562 551.715815 3950.746193 -0.200159 -0.942635 -0.267162 0.959206 -0.244098 0.142618 -0.199650 -0.227717 0.953040
-12.149544 -47.897525 3903.926230 -1516.762741 0.613919 0.721339 -0.320584 0.191618 0.257795 0.947008 -0.765759 0.642816 -0.020043
-6.232041 -51.682796 4150.083784 -1416.866011 0.622461 0.720986 -0.304501 0.288328 0.150453 0.945638 -0.727605 0.676419 0.114230
87.815229 -46.562402 30670.738479 -1885.729916 0.625034 0.624658 -0.468119 0.331948 0.330071 0.883665 -0.706500 0.707712 0.001048
-14.195179 -51.457069 86.451406 396.788242 0.571930 0.714998 -0.402086 0.258776 -0.622402 -0.738682 0.778415 -0.318424 0.540995
-14.312212 -52.404558 33.434074 807.801155 0.578400 0.743296 -0.336101 0.280957 -0.568320 -0.773353 0.765844 -0.352878 0.537551
-11.532553 -47.871009 112.957001 524.195427 0.583251 0.709337 -0.395802 0.164304 -0.580216 -0.797718 0.795501 -0.400238 0.454958
-12.159937 -49.085801 175.120084 10.495449 0.567504 0.678417 -0.466571 0.175938 -0.653488 -0.736206 0.804354 -0.335712 0.490216
-14.765622 -49.835129 236.605256 63.193706 0.551876 0.704961 -0.445491 0.287494 -0.662295 -0.691891 0.782802 -0.253762 0.568177
-0.380115 -90.770784 904.362432 5927.934474 0.158136 0.957580 0.240902 -0.048831 -0.236090 0.970504 -0.986209 0.165235 -0.009425
0.907462 -74.408317 -7.189844 1779.639239 0.124868 0.968199 0.216791 0.287161 -0.244417 0.926174 -0.949709 0.053396 0.308549
1.466734 -82.276680 231.931110 6048.698464 0.132059 0.960601 0.244553 0.101528 -0.258525 0.960654 -0.986029 0.102034 0.131669
-12.645974 -97.156086 -527.010514 722.565014 0.302624 0.949754 0.079913 -0.630711 0.262414 -0.730303 0.714578 -0.170606 -0.678433
-11.652477 -96.005955 -340.371243 -1356.433346 0.305560 0.947876 0.090351 -0.448808 0.227064 -0.864300 0.839764 -0.223545 -0.494796
-14.012847 -97.653692 -132.509959 1766.617883 0.278471 0.955731 0.095038 -0.754923 0.278981 -0.593515 0.593755 -0.093531 -0.799192
-8.274122 -106.048875 -1719.322633 2061.271861 0.347694 0.936625 0.042930 -0.575442 0.249317 -0.778914 0.740253 -0.246120 -0.625660
-11.206420 -100.551582 -1783.677057 2877.641327 0.323137 0.945914 0.028797 -0.755989 0.276322 -0.593403 0.569265 -0.169980 -0.804391
13.504555 -142.907983 5433.773015 -9860.151970 -0.589237 -0.116719 -0.799485 -0.215517 0.976364 0.016298 0.778686 0.181906 -0.600465
12.719023 -123.915993 5236.987213 8416.132334 -0.598767 -0.088424 -0.796027 -0.047669 0.996059 -0.074788 0.799504 -0.006835 -0.600622
20.670659 -138.288468 3597.366540 -8406.009471 -0.532861 -0.097835 -0.840528 -0.157796 0.987359 -0.014889 0.831360 0.124698 -0.541564
24.365994 -612.460235 3878.037180 -173757.868811 -0.527496 -0.105349 -0.843000 -0.308123 0.948443 0.074278 0.791712 0.298929 -0.532760
26.886809 -61.433810 2284.784443 -352.467781 -0.266072 -0.049570 -0.962678 -0.269194 0.962766 0.024827 0.925603 0.265753 -0.269509
29.895578 -62.333507 1535.921608 1182.416571 -0.247275 0.000367 -0.968945 -0.407700 0.907130 0.104389 0.878997 0.420851 -0.224161
23.932353 -68.006784 6160.540890 401.730003 -0.350248 -0.024436 -0.936338 -0.402447 0.906608 0.126880 0.845791 0.421266 -0.327372
26.925063 -55.860770 -2228.713049 612.926086 -0.144552 0.007232 -0.989471 -0.345427 0.936694 0.057309 0.927246 0.350074 -0.132903
15.757586 -69.097775 4961.047319 -1540.389192 -0.372242 -0.023228 -0.927845 -0.270131 0.959121 0.084363 0.887956 0.282043 -0.363299
23.238188 -62.851635 4378.577149 -3667.645547 -0.334055 -0.065487 -0.940276 -0.110158 0.993460 -0.030055 0.936094 0.093539 -0.339084
30.556461 -55.952504 949.604303 -3211.812738 -0.214472 -0.110720 -0.970434 -0.087134 0.991762 -0.093896 0.972836 0.064420 -0.222353
28.568553 -52.513040 -1704.160720 -1156.207978 -0.127298 -0.063131 -0.989853 -0.195868 0.979920 -0.037309 0.972333 0.189131 -0.137108
70.446804 -536.632069 -15218.651592 -108030.298325 -0.495030 -0.202570 -0.844932 0.862908 -0.228396 -0.450805 -0.101660 -0.952261 0.287862
60.371392 -480.182776 -4015.504911 -7172.865689 -0.494943 0.000706 -0.868925 0.863472 0.112257 -0.491746 0.097196 -0.993679 -0.056171
71.414469 -708.380114 -4541.072119 -172020.327878 -0.525481 0.001927 -0.850803 0.774512 -0.412804 -0.479296 -0.352138 -0.910818 0.215428
3.584297 -63.193840 -5757.701099 4019.247571 -0.456416 -0.875618 -0.158042 0.889429 -0.453882 -0.053923 -0.024517 -0.165178 0.985959
9.232989 -51.135302 -7108.384436 5461.805847 -0.408949 -0.898507 -0.159518 0.903224 -0.373598 -0.211214 0.130182 -0.230457 0.964335
18.641865 -62.763817 -4999.475715 5031.806558 -0.422802 -0.881772 -0.209083 0.906206 -0.412761 -0.091754 -0.005395 -0.228266 0.973584
-3.972982 -26.672940 -1346.889518 -3033.159195 -0.416748 0.091350 -0.904420 -0.143947 0.975752 0.164884 0.897552 0.198904 -0.393494
1.847243 -32.717887 -1268.295022 -3273.209755 -0.408619 0.070348 -0.909990 -0.220709 0.959819 0.173306 0.885617 0.271659 -0.376674
-1.918687 -28.682316 -1270.094531 -3395.630868 -0.379526 -0.019259 -0.924981 -0.168171 0.984564 0.048502 0.909768 0.173963 -0.376906
-2.998955 -18.528407 -831.031740 -976.248337 -0.348567 -0.188801 -0.918071 -0.207853 0.970684 -0.120704 0.913946 0.148750 -0.377592
-8.891660 -19.150316 1059.739860 2439.928562 -0.642628 0.729088 0.235498 -0.183694 0.151789 -0.971193 0.743832 0.667376 -0.036386
-11.216115 -18.312291 965.969926 2682.416390 -0.588429 0.725475 0.356985 -0.270881 0.239117 -0.932441 0.761824 0.645376 -0.055814
-16.133036 -47.325982 401.702987 2372.993449 0.345666 0.876923 -0.333948 0.785902 -0.465004 -0.407589 0.512712 0.121560 0.849912
-16.398764 -51.333063 539.032606 1441.704205 0.354203 0.884662 -0.303172 0.837593 -0.444292 -0.317873 0.415907 0.141343 0.898356
-19.124309 -48.665904 6.693777 1554.819388 0.443517 0.833655 -0.329108 0.717023 -0.550345 -0.427782 0.537746 0.046250 0.841838
-31.195932 -96.750386 2176.162006 -21929.603632 0.295399 0.768342 -0.567794 -0.051500 0.606258 0.793599 -0.953985 0.205187 -0.218657
-21.420433 -74.645812 -626.850712 -3610.168794 0.224613 0.963612 -0.144916 -0.376265 0.222948 0.899288 -0.898874 0.147465 -0.412650
-33.749145 -53.247852 -999.760732 -1112.874905 0.475648 0.865751 -0.155676 -0.536489 0.425769 0.728629 -0.697093 0.263052 -0.666982
-32.619916 -61.333882 1321.772398 -6887.655354 0.468035 0.866936 -0.171363 -0.547885 0.436813 0.713454 -0.693372 0.240034 -0.679425
-52.754998 -125.322858 11868.266025 -41149.169965 0.317827 0.907222 0.275563 -0.814854 0.112761 0.568593 -0.484767 0.405258 -0.775091
-28.767763 -58.269497 5302.181515 8004.994001 0.487036 0.871883 -0.051155 -0.263184 0.202360 0.943284 -0.832785 0.445950 -0.328022
-7.196750 -23.028614 1783.467872 2424.337970 0.292308 0.950147 0.108520 0.448292 -0.236375 0.862068 -0.844743 0.203341 0.495037
-4.925595 -33.647373 1962.964069 2324.409197 0.242581 0.970123 -0.003887 0.388275 -0.093415 0.916797 -0.889043 0.223907 0.399336
3.146871 -39.000703 1521.783401 2710.549576 0.216929 0.973055 -0.078138 0.337691 0.000301 0.941257 -0.915918 0.230572 0.328527
-2.503831 -54.607741 2361.216576 3692.335721 -0.548426 0.800460 0.241853 0.834002 0.544559 0.088860 -0.060575 0.250439 -0.966235
5.983494 -64.238234 2746.166132 6228.654806 -0.546761 0.803605 0.235099 0.833077 0.550253 0.056605 -0.083876 0.226805 -0.970322
1.593862 -51.250978 4500.267329 5277.048899 -0.571669 0.774123 0.271897 0.820285 0.531931 0.210194 0.018086 0.343194 -0.939090
-7.774595 -52.250125 227.968855 1560.870521 -0.484924 0.852160 0.196653 0.873723 0.481867 0.066423 -0.038158 0.204031 -0.978221
-2.208053 -58.371677 805.111893 -1551.213538 -0.462252 0.861843 0.208686 -0.869271 -0.486908 0.085373 -0.175189 0.141941 -0.974249
-9.498816 -48.860487 960.896546 2424.758944 -0.538335 0.815433 0.212755 0.841555 0.506841 0.186808 0.044497 0.279610 -0.959082
-6.749348 -47.446222 3040.015284 3346.441527 -0.573080 0.780663 0.249290 0.818349 0.529041 0.224544 0.043409 0.332688 -0.942037
53.814974 -39.281921 4220.343823 -2568.613326 -0.188315 0.982027 -0.012671 0.150512 0.016109 -0.988477 0.970507 0.188052 0.150840
58.925984 -35.416000 -5532.453870 -2763.242278 0.099604 0.983827 0.148872 0.217066 0.124528 -0.968181 0.971062 -0.128750 0.201152
41.040026 -41.099895 -9098.530823 -1978.084588 0.191536 0.954732 0.227598 0.108760 0.209818 -0.971673 0.975441 -0.210864 0.063649
-0.415913 -55.627806 -74.582023 -773.078251 -0.420955 0.905385 -0.055452 -0.011230 -0.066330 -0.997735 0.907012 0.419379 -0.038089
-1.406475 -57.147899 96.854958 -162.266826 -0.417888 0.908027 -0.029262 0.095658 0.011947 -0.995343 0.903449 0.418741 0.091852
-1.537358 -58.005569 806.590150 -627.742488 -0.428597 0.901742 -0.056263 -0.056004 -0.088668 -0.994486 0.901758 0.423083 -0.088504
0.649641 -57.788654 439.968077 -814.941722 -0.432117 0.896449 -0.098252 -0.150267 -0.178999 -0.972306 0.889210 0.405386 -0.212055
0.280618 -53.075295 -225.937346 -338.509059 -0.423280 0.901070 -0.094374 -0.049172 -0.126860 -0.990701 0.904663 0.414704 -0.098005
5.493740 -30.434884 679.920104 2257.789529 -0.374023 0.869163 0.323517 -0.140562 -0.397933 0.906583 -0.916706 -0.293608 -0.271007
7.384428 -26.943903 398.067549 75.871766 -0.429129 0.772592 0.467921 -0.096124 -0.554166 0.826838 -0.898114 -0.309842 -0.312073
4.516129 -34.565285 1383.612407 3176.057464 -0.311019 0.929955 0.196088 -0.170892 -0.257679 0.950998 -0.934913 -0.262269 -0.239065
10.184468 -29.383013 413.979955 3597.138977 -0.375659 0.858531 0.349005 -0.047499 -0.393929 0.917913 -0.925540 -0.328245 -0.188763
12.586115 -25.570197 -1611.183693 1277.174185 -0.449045 0.767742 0.457089 -0.014197 -0.517633 0.855485 -0.893397 -0.377662 -0.243340
1.904046 -175.708719 -1370.855801 -20168.849801 -0.652940 0.753881 -0.073026 -0.418256 -0.278505 0.864579 -0.631452 -0.595062 -0.497162
-8.496470 -228.930250 -2775.416439 -36612.711150 -0.646240 0.746778 -0.157154 -0.338212 -0.095664 0.936195 -0.684095 -0.658158 -0.314391
-1.119381 -195.044061 3428.938932 23931.440013 0.639049 -0.754557 0.149201 0.541197 0.303266 -0.784306 -0.546555 -0.581957 -0.602166
10.006542 -151.468389 -2620.976570 947.730093 -0.648987 0.756686 -0.079008 -0.554057 -0.398905 0.730681 -0.521380 -0.517978 -0.678131
9.773300 -152.657543 -3185.586415 -1702.673372 -0.624897 0.769410 -0.132332 0.654268 0.423633 -0.626474 -0.425955 -0.478062 -0.768127
-2.043279 -22.308337 -2821.614147 90.880866 -0.529914 0.455349 0.715436 -0.292292 0.693865 -0.658116 -0.796088 -0.557861 -0.234593
-60.042225 -144.458080 -38546.841539 -29497.389949 -0.138311 -0.311618 0.940087 -0.437865 0.870643 0.224177 -0.888338 -0.380625 -0.256866
0.945343 -1004.059280 12022.537734 -332251.267007 -0.305232 0.950214 0.062670 -0.177544 -0.121441 0.976591 -0.935581 -0.286960 -0.205772
-8.668169 -106.673006 -14159.028038 -29413.005709 0.083715 -0.501963 0.860828 -0.404144 0.772522 0.489773 -0.910856 -0.388900 -0.138194
27.204057 -11394.211333 -26014.396421 -3791078.061970 -0.451236 0.762397 0.463828 0.058699 -0.493268 0.867895 -0.890472 -0.418852 -0.177828
15.339975 -105.707018 340.696503 -26625.568892 0.151485 -0.451311 0.879415 -0.415692 0.778096 0.470920 -0.896801 -0.436904 -0.069737
-31.450722 -53.788530 -17740.426090 6478.657583 -0.034075 -0.280720 0.959185 -0.433268 0.869015 0.238939 -0.900621 -0.407443 -0.151239
-36.247131 -137.528494 -3634.056569 -61883.825086 -0.507692 0.690466 0.515272 0.036763 -0.580176 0.813661 -0.860754 -0.432032 -0.269167
-18.839862 -35.470638 480.027665 440.574751 -0.615689 0.787842 -0.015240 -0.376437 -0.311062 -0.872660 0.692259 0.531550 -0.488090
-17.556077 -34.517576 837.189917 -652.965607 -0.670048 0.741131 -0.041955 -0.295747 -0.318367 -0.900653 0.680860 0.591072 -0.432509
-15.733790 -33.543549 933.356226 -962.429806 -0.704275 0.709346 -0.028704 -0.284358 -0.318911 -0.904122 0.650490 0.628589 -0.426309
2.386748 -147.074655 -919.022155 9470.329416 -0.344303 0.929144 0.134710 0.718174 0.353064 -0.599644 0.604717 0.109714 0.788848
5.958928 -138.132434 -412.823337 12488.974036 -0.315528 0.944056 0.095917 0.460880 0.240822 -0.854163 0.829477 0.225306 0.511083
2.594103 -122.507210 -1468.497829 11251.801205 -0.314878 0.941314 0.121574 0.551880 0.285790 -0.783424 0.772192 0.179589 0.609481
-225.456980 -9891.888346 76119.717829 -4486580.032351 0.974665 0.220968 0.034651 -0.188962 0.896374 -0.401008 0.119670 -0.384301 -0.915419
-103.589468 -730.400131 -780.990876 -176935.056979 0.942514 0.172820 -0.286009 -0.320232 0.222522 -0.920834 0.095496 -0.959488 -0.265072
-48.109701 -258.690911 -8717.540720 69727.570716 0.927405 -0.071360 0.367188 -0.054946 0.944998 0.322429 -0.370000 -0.319198 0.872475
-23.249565 -125.023356 482.473521 32232.133749 0.935090 -0.222286 0.276036 0.111308 0.923646 0.366728 -0.336478 -0.312198 0.888434
-49.898266 -242.941907 -12346.012978 -43891.588508 0.897262 -0.081203 0.433967 0.237298 -0.740188 -0.629136 -0.372305 -0.667479 0.644872
-14.697760 -42.584964 -581.022567 270.441186 -0.290375 0.956695 -0.020432 -0.931752 -0.287540 -0.221717 0.217991 0.045344 -0.974897
-15.105541 -45.670348 -340.727946 -1090.817380 -0.370818 0.928121 -0.032943 -0.922497 -0.372202 -0.102299 0.107208 0.007544 -0.994208
-16.002274 -43.178673 -587.878181 -583.003866 -0.346694 0.937978 0.000307 -0.932228 -0.344533 -0.110673 0.103703 0.038655 -0.993857
-17.950257 -80.856129 -9161.634121 8064.646012 0.177293 0.932409 0.314931 0.900523 -0.024604 -0.434113 0.397022 -0.360567 0.844017
-22.124948 -75.488389 -7148.817402 15392.546717 0.182212 0.940798 0.285827 0.798982 0.027760 -0.600715 0.573086 -0.337828 0.746622
1.508210 -99.235910 1770.606696 -6201.379709 0.581039 -0.171975 0.795499 0.504976 0.842709 -0.186657 -0.638274 0.510162 0.576490
1.742947 -89.163255 2784.814391 -3179.628913 0.620015 -0.110744 0.776735 0.321851 0.938758 -0.123067 -0.715537 0.326297 0.617687
6.075823 -43.951970 -2348.845691 1470.438557 -0.169328 0.981941 -0.084383 0.900109 0.119207 -0.419039 0.401412 0.146909 0.904039
-0.896574 -43.912484 -2783.684057 1636.787314 -0.236261 0.970562 -0.046801 0.865191 0.188199 -0.464785 0.442295 0.150303 0.884186
-4.065795 -38.714982 -2150.902175 1345.741572 -0.271430 0.961866 -0.033759 0.789823 0.202563 -0.578920 0.550005 0.183800 0.814685
-2.541187 -43.844168 1129.135127 779.475701 0.647165 0.746089 -0.156617 0.713822 -0.665170 -0.219106 0.267649 -0.030001 0.963049
-2.118655 -41.456486 1512.668379 -283.488247 0.651187 0.740489 -0.166229 0.735416 -0.669785 -0.102718 0.187399 0.055359 0.980723
-0.354857 -79.030333 -217.569296 -6220.944466 0.124063 0.971530 0.201834 0.385109 -0.234604 0.892553 -0.914494 0.033005 0.403251
0.175700 -94.690239 273.190983 -11302.116296 0.153812 0.962114 0.225117 0.562013 -0.272571 0.780927 -0.812701 -0.006402 0.582646
-0.235829 -77.447375 238.126432 -8620.732687 0.147785 0.964206 0.220152 0.424348 -0.262884 0.866499 -0.893358 0.034634 0.448009
80.364304 -40.312148 42415.724667 1129.638190 0.665355 0.596438 -0.448959 0.020411 0.586638 0.809592 -0.746248 0.547830 -0.378149
382.060857 -52.739594 123096.666482 -1218.444625 0.676274 0.615699 -0.404435 -0.015050 0.560453 0.828050 -0.736496 0.553902 -0.388286
978.417874 -40.940383 241030.114122 9350.723503 0.407611 0.648210 -0.643177 0.159962 0.642768 0.749173 -0.899036 0.408255 -0.158311
164.752841 -49.060045 85265.048983 1645.904350 0.699641 0.608220 -0.374928 -0.099293 0.602421 0.791978 -0.707562 0.516872 -0.481870
446.333034 -42.610796 108164.946369 5550.458395 0.125149 0.742230 -0.658356 0.025511 0.660947 0.749999 -0.991810 0.110657 -0.063782
589.716566 -65.596575 185859.550026 -2221.751816 0.545582 0.737195 -0.398602 -0.149489 0.553605 0.819253 -0.824617 0.387383 -0.412240
28.708398 -56.894557 -2817.823520 118.682398 -0.164085 0.073586 -0.983698 -0.460499 0.876171 0.142356 0.872363 0.476350 -0.109880
-4.738004 -39.262584 -6448.186682 4892.494983 -0.449801 -0.879822 -0.153599 0.867261 -0.389175 -0.310486 0.213396 -0.272867 0.938086
11.952099 -34.313608 -7903.415723 4630.261158 -0.400415 -0.902246 -0.160063 0.880369 -0.330328 -0.340345 0.254201 -0.277194 0.926577
-11.076002 -53.018444 -5772.369739 5149.610852 -0.496400 -0.854038 -0.155584 0.861107 -0.461738 -0.212821 0.109918 -0.239619 0.964625
8.579026 -32.990429 -1503.446644 3332.686390 -0.406253 0.061383 -0.911697 -0.395418 0.887675 0.235963 0.823774 0.456362 -0.336348
5.398753 -34.127133 -329.832960 -313.817912 -0.380320 -0.051826 -0.923402 -0.344654 0.934453 0.089506 0.858237 0.352295 -0.373253
5.691440 -28.671356 -2359.935824 2330.761561 -0.424695 0.213849 -0.879717 -0.323970 0.871459 0.368242 0.845386 0.441393 -0.300823
-3.226620 -30.278141 -1092.251490 -3437.097885 -0.447663 0.253354 -0.857560 -0.144640 0.925877 0.349042 0.882427 0.280291 -0.377836
125.459750 -51.755046 53192.293839 2099.627747 0.692363 0.642327 -0.328709 -0.240390 0.634875 0.734266 -0.680328 0.429360 -0.593973
664.613212 -91.229640 237527.528523 -2261.452999 0.714401 0.655177 -0.245714 -0.234330 0.554882 0.798245 -0.659334 0.512688 -0.549936
-116.681718 -483.311453 -755.415721 133919.347952 0.776668 -0.489755 -0.396140 -0.459015 -0.009350 -0.888380 -0.431384 -0.871810 0.232066
42.463617 -264.074113 -60958.074493 68280.382953 0.889459 -0.120850 -0.440746 -0.455974 -0.299701 -0.838014 0.030818 -0.946348 0.321676
334.778589 -2578.597412 -26119.307211 -2317079.847023 0.489970 -0.061650 0.869557 -0.186834 0.966891 0.173827 -0.851482 -0.247633 0.462229
-81.694861 -984.151504 18322.423977 262589.561404 0.807945 -0.052544 -0.586910 -0.558042 -0.388108 -0.733458 0.189246 -0.920115 0.342892
-160.186726 -392.366204 13890.021947 87530.773899 0.773516 -0.193771 -0.603428 -0.609434 0.033928 -0.792110 -0.173961 -0.980460 0.091847
-98.339186 -507.518659 5801.377798 126067.553154 0.789216 -0.283126 -0.544957 -0.588744 -0.096391 -0.802551 -0.174695 -0.954227 0.242762
-31.395864 -121.689214 6026.133190 3954.637462 -0.173944 -0.083353 0.981222 0.103692 0.989322 0.102422 -0.979281 0.119560 -0.163443
-22.867969 -277.263990 -627.823027 -77531.546811 -0.255395 -0.543817 0.799397 0.213537 0.774672 0.595219 -0.942961 0.322717 -0.081722
-33.950440 -53.922950 -2420.533891 -1053.556581 0.567319 0.713736 -0.410767 -0.433065 0.682843 0.588371 -0.700431 0.155905 -0.696484
