11517
23015
-50.478662 -73.743087 1122.209649 5194.610589 -0.161384 0.976761 -0.141042 0.427579 -0.059602 -0.902011 0.889456 0.205877 0.408023
-44.642089 -76.027820 -2900.886995 9044.479618 -0.172500 0.967191 0.186509 0.312461 0.233298 -0.920837 0.934137 0.100568 0.342453
-43.577167 -62.574862 -813.965125 6310.943680 -0.127423 0.980552 -0.149268 0.281388 -0.108573 -0.953432 0.951096 0.163491 0.262081
-32.995872 -59.203917 -4614.806644 8366.103324 -0.063363 0.996247 0.058963 0.157367 0.068317 -0.985174 0.985505 0.053144 0.161106
-44.927160 -69.722197 -517.241778 3967.372980 -0.113793 0.898055 -0.424911 0.459976 -0.331466 -0.823743 0.880610 0.289185 0.375365
-38.373028 -48.344920 540.039827 4197.532661 -0.034225 0.786761 -0.616308 0.205227 -0.597995 -0.774780 0.978116 0.153000 0.140998
-39.031139 -56.982213 35.245120 4257.954368 -0.057832 0.774788 -0.629570 0.325390 -0.581560 -0.745594 0.943810 0.247975 0.218475
-28.691958 -59.399079 3994.246410 -2171.495391 -0.502778 0.621962 -0.600315 0.362156 0.782148 0.507037 0.784893 0.037519 -0.618494
-41.152443 -64.876774 3624.152981 -434.268508 -0.526571 0.383913 -0.758507 0.288928 0.919932 0.265037 0.799527 -0.079594 -0.595333
-33.138150 -54.114406 3121.385732 -993.192079 -0.619534 0.315877 -0.718610 0.299257 0.941368 0.155796 0.725688 -0.118528 -0.677737
-38.645445 -68.047721 4108.619629 -154.406620 -0.444386 0.575864 -0.686223 0.247235 0.815102 0.523911 0.861044 0.063160 -0.504594
-24.424874 -48.120954 3880.644188 -3004.096288 -0.582305 0.553068 -0.595849 0.410302 0.832668 0.371909 0.701835 -0.027913 -0.711792
-15.018846 -51.897099 4896.407320 4321.748895 -0.501326 0.731860 -0.461577 -0.467834 -0.678026 -0.566932 0.727876 0.068277 -0.682301
-25.439423 -64.770632 4764.013156 608.976778 -0.458565 0.700359 -0.547006 -0.268322 -0.695931 -0.666096 0.847184 0.158675 -0.507051
9.114211 -20.915314 -3128.235156 230.944567 -0.179790 0.974685 -0.132908 -0.534614 0.016601 0.844933 -0.825750 -0.222965 -0.518096
14.304330 -19.588459 -2551.779155 2145.512795 -0.205089 0.978556 -0.019142 -0.452349 -0.077425 0.888474 -0.867939 -0.190875 -0.458528
6.195797 -14.458787 -3738.396543 930.900700 -0.281260 0.959419 0.020186 -0.444543 -0.148905 0.883295 -0.850456 -0.239461 -0.468384
0.154331 -13.054383 -1872.733480 312.348459 -0.222053 0.971645 -0.081236 -0.484641 -0.037692 0.873900 -0.846059 -0.233422 -0.479269
3.116957 -17.507528 -2711.767865 866.372180 -0.145362 0.964989 -0.218325 -0.550304 0.104526 0.828396 -0.822214 -0.240562 -0.515843
-20.896997 -47.447054 -1129.898738 -705.760979 -0.538947 0.675916 0.502667 0.023692 -0.584351 0.811155 -0.842007 -0.449079 -0.298920
-20.404603 -46.226943 -232.413091 1274.673978 -0.475400 0.626253 0.617901 -0.111464 0.653809 -0.748405 -0.872680 -0.424665 -0.241016
-23.890236 -44.772347 -1076.031862 -96.755477 -0.500533 0.721175 0.478929 -0.091733 -0.594284 0.799007 -0.860844 -0.355996 -0.363614
-16.599363 -47.981378 -1663.510668 -790.860262 -0.540765 0.666138 0.513648 0.142546 -0.529230 0.836419 -0.829008 -0.525525 -0.191234
-21.234275 -48.379733 -683.464109 517.101547 -0.550376 0.734842 0.396350 -0.129974 -0.544340 0.828734 -0.824738 -0.404601 -0.395102
-16.670641 -48.969654 -1669.485409 -129.694629 -0.578517 0.717219 0.388477 -0.021881 -0.489742 0.871593 -0.815377 -0.495731 -0.299018
-3.733942 -49.025903 -626.090788 -105.372094 0.259096 0.965820 -0.007851 0.965548 -0.258803 0.027181 -0.024220 0.014623 0.999600
-2.035689 -47.951038 -989.725219 -879.366451 0.247774 0.968815 0.002549 0.956060 -0.244936 0.161105 -0.156705 0.037481 0.986934
-0.786621 -48.985359 -1408.449879 -614.193754 0.253573 0.967170 0.016804 0.966859 -0.253949 0.026347 -0.029749 -0.009566 0.999512
-1.469234 -48.217277 -1031.813651 335.790162 0.255365 0.966836 0.004143 0.964480 -0.254439 -0.070981 0.067573 -0.022122 0.997469
12.821860 -102.824054 -378.270552 -5169.280912 0.280914 0.956183 -0.082465 -0.711360 0.265125 0.650904 -0.644247 0.124186 -0.754668
11.088010 -103.731779 543.607915 -8338.201264 0.312010 0.945691 -0.091202 -0.843680 0.319929 0.431102 -0.436868 0.057563 -0.897682
7.898522 -105.312108 318.200301 -7419.837938 0.325209 0.942465 -0.077446 -0.831797 0.324055 0.450668 -0.449836 0.082142 -0.889326
-2.930192 -147.897156 -879.985274 -544.206619 0.053474 0.897495 -0.437770 0.978718 -0.134086 -0.155344 -0.198119 -0.420147 -0.885565
-2.789744 -123.252953 -766.845348 -136.861749 0.072098 0.900499 -0.428840 0.997367 -0.068461 0.023924 -0.007815 -0.429436 -0.903064
-2.625568 -158.062208 -998.656856 -9524.107562 0.122824 0.896073 -0.426575 0.980435 -0.042938 0.192101 0.153820 -0.441824 -0.883816
-1.267235 -134.562877 -501.673506 -4522.627740 0.057190 0.902163 -0.427588 0.995113 -0.086043 -0.048444 -0.080495 -0.422727 -0.902675
8.960635 -39.310383 2791.883129 -818.411335 -0.022201 0.422646 0.906023 0.735346 0.620881 -0.271613 -0.677329 0.660210 -0.324575
1.914427 -43.402020 2539.106490 -592.341323 -0.085626 0.376737 0.922354 0.703953 0.678001 -0.211580 -0.705067 0.631177 -0.323259
4.728456 -38.410605 2306.822525 -1344.528654 -0.119221 0.338167 0.933504 0.607261 0.768682 -0.200904 -0.785506 0.542929 -0.296999
6.621208 -33.242378 333.216899 -70.680065 -0.175155 0.328102 0.928262 0.621496 0.768088 -0.154217 -0.763586 0.549899 -0.338448
17.787040 -19.206377 8343.442510 -711.860456 -0.085737 0.987121 -0.135057 0.452302 -0.082219 -0.888067 0.887734 0.137227 0.439427
7.521214 -23.278741 6479.812216 -3318.249253 -0.062617 0.980397 -0.186816 0.436026 -0.141501 -0.888740 0.897753 0.137107 0.418619
27.246221 -17.664977 6426.466123 -2895.241230 -0.009758 0.979869 -0.199404 0.429509 -0.175973 -0.885751 0.903010 0.094289 0.419146
33.003421 -14.050290 5059.219673 -448.273214 -0.025968 0.997164 -0.070642 0.457722 -0.050963 -0.887634 0.888716 0.055384 0.455100
28.616035 -17.384652 8726.020680 2542.116271 -0.110935 0.992923 -0.042386 0.465939 0.014291 -0.884701 0.877835 0.117894 0.464227
6.898284 -19.408429 5798.172148 2353.971046 -0.080101 0.990243 -0.114028 0.467459 -0.063718 -0.881716 0.880378 0.123930 0.457794
-5.638451 -133.490976 1793.279858 -3941.453262 0.829158 -0.467955 -0.305803 0.465624 0.275421 0.841034 0.309341 0.839739 -0.446259
-7.390286 -124.331826 2136.127402 -4601.048952 0.842611 -0.456312 -0.285982 0.511189 0.510704 0.691279 0.169387 0.728670 -0.663587
-11.448248 -120.656191 412.146224 -4527.233828 0.834419 -0.433765 -0.339990 0.520612 0.417924 0.744515 0.180854 0.798240 -0.574547
-9.940281 -128.285755 330.543848 -3820.946789 0.822066 -0.433503 -0.369165 0.488254 0.203121 0.848734 0.292944 0.877962 -0.378638
-3.804482 -202.870598 1602.487584 22898.550666 0.960744 -0.141436 -0.238676 0.150149 -0.458340 0.876002 0.233293 0.877451 0.419111
-4.023379 -217.328154 1337.462214 14012.796075 0.960974 -0.165300 -0.221824 0.208478 -0.094348 0.973466 0.181842 0.981720 0.056204
-6.369551 -194.366127 1519.309141 22715.697591 0.960737 -0.151063 -0.232734 0.153808 -0.408162 0.899859 0.230929 0.900324 0.368902
-7.804252 -193.085320 -75.399132 23113.529282 0.970977 -0.110741 -0.211992 0.144402 -0.435141 0.888707 0.190662 0.893526 0.406521
-7.724177 -160.763078 335.691874 16931.472744 0.965493 -0.116813 -0.232761 0.119258 -0.596230 0.793907 0.231518 0.794270 0.561725
-5.995519 -169.538703 1519.326914 14941.415576 0.957060 -0.116546 -0.265432 0.125577 -0.658581 0.741958 0.261280 0.743430 0.615665
1.122336 -100.851365 1320.594940 -251.998815 -0.896052 0.304006 0.323530 0.223416 0.938537 -0.263124 -0.383636 -0.163491 -0.908897
-1.588986 -100.343618 1705.619475 3171.548431 -0.904633 0.252823 0.343102 0.092212 0.902084 -0.421593 -0.416095 -0.349749 -0.839369
-1.457696 -109.148092 879.715477 5755.584576 -0.906758 0.267417 0.326002 0.084799 0.873015 -0.480264 -0.413036 -0.407839 -0.814290
0.176713 -94.942396 -407.781129 1386.382494 -0.907386 0.303345 0.290918 0.188557 0.912406 -0.363264 -0.375630 -0.274766 -0.885102
-1.142466 -709.165664 -1296.687177 -173340.665634 0.994944 -0.099759 0.011587 0.038725 0.487526 0.872249 0.092664 0.867390 -0.488925
18.377963 -810.964131 -721.882750 -157111.178324 0.988882 -0.147095 0.021813 -0.017159 0.032839 0.999313 0.147711 0.988577 -0.029950
1.277056 -309.081423 1031.678038 -19349.452058 0.989284 -0.145422 0.013062 0.018012 0.210329 0.977465 0.144892 0.966755 -0.210694
21.158435 -53.696224 -1797.735887 2988.704100 0.490312 -0.141513 -0.859981 -0.020484 0.984586 -0.173696 0.871306 0.102781 0.479856
11.197627 -54.624714 -4695.347595 2694.767064 0.569133 -0.158387 -0.806846 -0.029314 0.976740 -0.212416 0.821723 0.144545 0.551252
19.442089 -50.774878 -2134.042217 4357.639569 0.502276 -0.137689 -0.853675 -0.111208 0.968757 -0.221682 0.857527 0.206281 0.471271
22.628366 -53.227410 797.948394 3052.761014 0.424446 -0.120929 -0.897342 -0.064546 0.984479 -0.163202 0.903150 0.127190 0.410053
20.500650 -53.739647 728.026206 -841.407307 0.409713 -0.128012 -0.903188 0.071307 0.991569 -0.108192 0.909423 -0.020076 0.415388
-3.902213 -40.970290 925.891597 4286.903721 -0.352539 -0.574480 0.738707 -0.077233 0.804557 0.588832 -0.932605 0.150534 -0.328007
1.062829 -42.616708 320.764950 5186.009117 -0.381153 -0.447598 0.808937 -0.011654 0.877245 0.479902 -0.924439 0.173488 -0.339581
3.963577 -30.911590 1099.607969 9046.705829 -0.357964 -0.508716 0.782988 0.081990 0.818190 0.569071 -0.930129 0.267904 -0.251173
-1.917616 -34.557951 940.386434 6884.163892 -0.340620 -0.687976 0.640833 -0.043643 0.692426 0.720168 -0.939188 0.217336 -0.265880
-14.153979 -36.927424 -422.008908 713.954279 0.579594 0.806566 -0.116283 -0.595777 0.516762 0.614822 -0.555986 0.287068 -0.780046
-14.122431 -34.702184 -423.659759 1092.042383 0.554815 0.830733 -0.045435 -0.606041 0.440959 0.662019 -0.569996 0.339763 -0.748108
-16.570542 -37.742767 -880.798093 931.602770 0.578351 0.813400 -0.062369 -0.645157 0.502835 0.575265 -0.499281 0.292467 -0.815586
-12.830146 -32.643168 -67.287643 1193.149815 0.545564 0.835699 -0.062979 -0.566115 0.422897 0.707581 -0.617959 0.350378 -0.703820
-15.764854 -39.261475 -975.853446 478.072449 0.584334 0.803489 -0.113839 -0.661589 0.552907 0.506551 -0.469951 0.220680 -0.854662
-13.611310 -34.653402 65.771851 1150.741092 0.566766 0.811012 -0.145036 -0.538370 0.497830 0.679943 -0.623645 0.307286 -0.718778
-9.988001 -109.288109 148.370080 -579.182318 0.324325 0.935108 -0.142781 -0.822091 0.353300 0.446481 -0.467952 0.027426 -0.883328
-9.947820 -102.280705 745.496072 -4138.849138 0.309126 0.941199 -0.136329 -0.922853 0.331502 0.196083 -0.229746 -0.065198 -0.971064
-12.243114 -101.235205 361.565093 -1859.378616 0.296714 0.941983 -0.156935 -0.882781 0.333233 0.331140 -0.364225 -0.040285 -0.930439
-12.128224 -102.339201 1125.788931 1034.222968 0.315136 0.934426 -0.165941 -0.753255 0.352633 0.555209 -0.577318 0.049971 -0.814989
-12.270805 -104.506913 993.067383 1872.974458 0.333194 0.931012 -0.148989 -0.751530 0.357668 0.554325 -0.569372 0.072728 -0.818856
13.200187 -318.462168 -6076.210424 -44715.277871 -0.035720 0.966550 -0.253979 -0.149097 0.246143 0.957697 -0.988177 -0.072077 -0.135317
8.055436 -238.570309 -3666.164552 -29914.589833 -0.031995 0.946359 -0.321528 -0.410641 0.280842 0.867469 -0.911236 -0.159787 -0.379628
27.451226 -426.624388 -7430.766570 -93281.361176 -0.002775 0.952221 -0.305398 -0.600646 0.242583 0.761826 -0.799511 -0.185550 -0.571274
19.460969 -415.037785 -3021.662552 -64699.628478 0.126640 0.966102 -0.224964 -0.171290 0.244682 0.954353 -0.977048 0.082326 -0.196470
41.386195 -366.156381 -5055.903117 -90617.167245 0.111678 0.943483 -0.312038 -0.488024 0.325600 0.809825 -0.865656 -0.061843 -0.496805
82.411042 -506.726361 -21713.979084 -126668.069199 0.018803 0.953431 -0.301026 -0.729884 0.218857 0.647588 -0.683312 -0.207537 -0.700009
29.789353 -220.360750 -3927.582458 -23465.221441 0.075021 0.919049 -0.386939 -0.833037 0.271046 0.482270 -0.548107 -0.286154 -0.785935
19.320768 -212.586000 -4831.321584 -21395.041303 0.006231 0.910807 -0.412786 -0.816526 0.242934 0.523706 -0.577275 -0.333788 -0.745211
23.825765 -285.713103 418.204255 77993.551080 -0.450309 0.888662 -0.086613 -0.274279 -0.229992 -0.933742 0.849702 0.396717 -0.347308
738.229587 -5409.543787 -51055.977570 2732160.921684 -0.420117 0.888480 0.184676 -0.032968 0.188429 -0.981533 0.906871 0.418447 0.049871
22.886220 -215.488872 140.215550 48917.557567 -0.508923 0.852821 -0.117022 -0.152282 -0.222995 -0.962852 0.847235 0.472197 -0.243356
24.026983 -297.661340 -853.624187 59763.290796 -0.406239 0.910352 -0.078918 -0.185675 -0.166802 -0.968350 0.894704 0.378729 -0.236791
39.507529 -745.049303 7379.764437 266044.903495 -0.490695 0.868377 -0.071686 -0.399122 -0.297139 -0.867416 0.774545 0.397025 -0.492393
20.452144 -156.018607 -19.674389 23755.061337 -0.407884 0.913010 -0.006580 -0.480751 -0.220889 -0.848579 0.776215 0.342958 -0.529027
-0.288387 -78.545052 -822.187337 -3626.411664 0.451834 0.880162 -0.145467 0.166844 -0.243556 -0.955429 0.876361 -0.407425 0.256897
-0.836295 -75.201670 -514.791268 -1094.713444 0.435484 0.890661 -0.130677 0.324406 -0.290685 -0.900146 0.839711 -0.349607 0.415524
0.456447 -82.455612 -172.492394 -2104.415317 0.433201 0.891728 -0.130986 0.203880 -0.238517 -0.949496 0.877935 -0.384618 0.285131
0.766080 -83.974853 25.722248 -185.345881 0.430897 0.888433 -0.158160 -0.040049 -0.156266 -0.986903 0.901512 -0.431588 0.031754
2.059190 -21.265897 -236.821309 1287.631719 -0.365851 0.310211 0.877452 0.344510 0.920980 -0.181958 -0.864561 0.235721 -0.443812
0.373287 -18.249177 -351.414123 1349.923405 -0.388512 0.254813 0.885510 0.352151 0.929114 -0.112856 -0.851498 0.267987 -0.450705
0.254639 -17.965096 -467.770003 1253.248086 -0.347457 0.368826 0.862114 0.412649 0.885728 -0.212618 -0.842018 0.281875 -0.459948
2.336522 -21.838339 -693.569512 1065.562883 -0.419252 0.179923 0.889863 0.264316 0.961896 -0.069957 -0.868542 0.205875 -0.450833
0.104163 -20.195597 219.164813 1412.766817 -0.309865 0.428832 0.848580 0.431759 0.858642 -0.276257 -0.847094 0.280779 -0.451215
51.274159 -49.837654 -3620.831219 6727.941968 -0.214059 -0.326181 0.920752 0.843129 -0.537682 0.005536 0.493266 0.777498 0.390109
53.134837 -35.060903 -4647.364703 2605.008177 -0.179432 -0.257845 0.949379 0.819676 -0.572827 -0.000658 0.544000 0.778065 0.314132
70.160116 -40.242790 -5986.311932 4754.769847 -0.308962 -0.410448 0.857948 0.802570 -0.596547 0.003627 0.510317 0.689684 0.513724
42.152469 -53.029357 -3793.511272 6763.539400 -0.117460 -0.210704 0.970467 0.856981 -0.515284 -0.008152 0.501784 0.830714 0.241095
63.066454 -57.268566 -3041.541503 9787.243870 -0.367058 -0.417151 0.831416 0.813549 -0.577328 0.069504 0.451006 0.701910 0.551286
1.335868 -96.650520 4803.393409 15719.439501 -0.517336 0.371638 -0.770875 0.724344 0.669851 -0.163173 0.455731 -0.642794 -0.615732
28.300116 -71.323304 10645.462472 7201.209048 -0.461824 0.411375 -0.785805 0.736420 0.671635 -0.081193 0.494373 -0.616179 -0.613122
5.811944 -72.494601 5494.396075 -1414.946583 -0.442673 0.443854 -0.779124 0.720610 0.693189 -0.014529 0.533631 -0.567876 -0.626702
20.664739 -153.635328 9274.191792 34892.248292 -0.479192 0.387764 -0.787410 0.783411 0.593490 -0.184491 0.395781 -0.705272 -0.588174
-7.712505 -77.411408 3535.049398 1777.110545 -0.460316 0.417656 -0.783373 0.707110 0.706022 -0.039087 0.536753 -0.571923 -0.620322
-3.357869 -172.391022 3356.647238 30943.417170 -0.502471 0.339795 -0.795023 0.819941 0.478967 -0.313508 0.274261 -0.809401 -0.519279
21.871743 -43.500926 -9246.313931 899.302341 -0.547763 -0.005952 0.836612 -0.402358 0.878613 -0.257190 -0.733528 -0.477497 -0.483667
9.732644 -43.995828 -10490.387571 316.082951 -0.506899 -0.124537 0.852962 -0.551896 0.806998 -0.210156 -0.662166 -0.577274 -0.477797
0.645364 -42.174900 -7437.421843 1443.870594 -0.476088 -0.100653 0.873619 -0.465018 0.871988 -0.152951 -0.746390 -0.479067 -0.461948
-19.547201 -41.282373 -2265.411948 1144.351615 -0.293562 -0.258071 0.920446 -0.481151 0.871901 0.091005 -0.826024 -0.416158 -0.380128
-1.953642 -40.910842 -7155.758504 1894.926161 -0.486896 -0.071023 0.870568 -0.368044 0.920571 -0.130739 -0.792134 -0.384063 -0.474362
-2.017548 -63.436078 -1732.893037 20.322126 -0.544802 0.460254 -0.700969 0.835820 0.365617 -0.409547 0.067791 -0.809006 -0.583879
-1.266440 -62.223319 -938.313560 1205.038220 -0.536605 0.470295 -0.700627 0.814175 0.506749 -0.283416 0.221753 -0.722515 -0.654826
-1.900358 -65.005703 1144.859916 54.382921 -0.559648 0.487210 -0.670388 0.828148 0.359107 -0.430364 0.031063 -0.796033 -0.604455
-2.487393 -62.032051 -573.719074 -993.488815 -0.564837 0.468970 -0.678989 0.818204 0.211348 -0.534672 -0.107242 -0.857554 -0.503091
-3.240492 -61.561505 -1349.377809 -1314.869562 -0.554394 0.471764 -0.685628 0.829521 0.246522 -0.501120 -0.067388 -0.846561 -0.528009
-3.593025 -98.486782 -1606.796851 123.746535 -0.438276 -0.504544 -0.743875 0.898208 -0.276882 -0.341407 -0.033711 -0.817785 0.574536
-3.224769 -94.039561 -1493.239402 2753.116754 -0.445091 -0.512761 -0.734146 0.883156 -0.115779 -0.454566 0.148085 -0.850689 0.504380
-2.520192 -97.474886 -1149.346990 -1302.101423 -0.435266 -0.509564 -0.742218 0.895932 -0.326286 -0.301400 -0.088593 -0.796167 0.598556
-3.916132 -98.673884 -413.899810 5967.343103 -0.446451 -0.481362 -0.754302 0.871157 -0.041287 -0.489266 0.204371 -0.875549 0.437775
-4.202463 -97.969723 -689.302909 -3782.210869 -0.420567 -0.486585 -0.765741 0.860939 -0.480288 -0.167656 -0.286197 -0.729766 0.620913
3.449894 -114.862500 -756.714886 -12335.353983 -0.354745 -0.384465 -0.852257 0.519802 0.676581 -0.521579 0.777150 -0.628032 -0.040168
5.642255 -124.540525 -2521.830150 -11638.265366 -0.315539 -0.352063 -0.881185 0.328779 0.830542 -0.449561 0.890134 -0.431570 -0.146317
17.227655 -184.182332 -5567.439759 -29154.476286 -0.369291 -0.353629 -0.859402 0.293815 0.832905 -0.468980 0.881645 -0.425695 -0.203683
2.596081 -114.536653 840.662998 -11456.920604 -0.410194 -0.397290 -0.820915 0.445255 0.698320 -0.560444 0.795921 -0.595407 -0.109551
9.242265 -174.771376 746.113123 -33807.719224 -0.429846 -0.405842 -0.806551 0.243336 0.808164 -0.536338 0.869494 -0.426806 -0.248631
-15.745046 -60.036609 368.898378 501.520241 0.698666 -0.540570 0.468668 0.027556 0.674916 0.737380 -0.714917 -0.502268 0.486436
-14.185316 -60.600718 174.063915 1890.618987 0.731498 -0.544914 0.409854 0.047807 0.640605 0.766381 -0.680166 -0.541012 0.494651
-16.471291 -56.296901 352.786174 -3072.926876 0.722527 -0.536890 0.435549 0.065657 0.680446 0.729851 -0.688218 -0.498740 0.526891
-16.613996 -55.244544 -153.049670 -1955.161899 0.684228 -0.556767 0.471001 0.093681 0.707609 0.700367 -0.723226 -0.435087 0.536325
-19.202828 -55.945367 1125.737491 542.056316 0.665443 -0.538422 0.516998 0.060958 0.729495 0.681264 -0.743955 -0.421827 0.518259
-17.099429 -57.505997 906.113683 2410.166565 0.660455 -0.500213 0.559988 -0.065905 0.704293 0.706844 -0.747968 -0.503744 0.432187
-15.541876 -83.972023 -2894.185425 -527.409146 0.469536 -0.795364 0.383317 0.871591 0.486858 -0.057431 -0.140942 0.361062 0.921829
-18.865867 -109.026058 5156.512445 7693.135655 -0.569116 0.712217 -0.410917 0.762260 0.644378 0.061137 -0.308329 0.278432 0.909620
-28.915547 -104.348279 -4922.902810 7967.057920 0.545607 -0.760011 0.353125 0.813026 0.582220 -0.003113 -0.203230 0.288798 0.935571
-28.685221 -83.007876 -3229.447611 1986.310860 0.491030 -0.816783 0.302912 0.871118 0.462972 -0.163737 -0.006502 0.344272 0.938847
12.904859 -1130.526351 -39642.421921 -346478.686418 0.912060 -0.404138 0.069415 -0.025472 0.113115 0.993255 0.409264 0.907677 -0.092873
141.688469 -283.323292 30737.153856 -109631.235524 0.314689 0.317070 0.894672 0.843778 -0.525157 -0.110673 0.434752 0.789732 -0.432798
-14.482714 -272.432714 -4330.002137 -74718.793502 0.798147 -0.440468 0.411035 -0.208913 0.437576 0.874576 0.565082 0.783910 -0.257230
-6.356013 -142.154698 -1147.945586 -1640.492212 0.364929 -0.336403 0.868136 0.616960 -0.610948 -0.496088 0.697271 0.716642 -0.015405
-8.376500 -144.383795 -1262.441622 -1867.231906 -0.305322 0.356206 -0.883117 -0.562906 0.680503 0.469097 0.768059 0.640338 -0.007262
-7.894600 -143.488609 1056.221956 1486.255062 -0.355876 0.336626 -0.871800 -0.384020 0.797796 0.464811 0.851986 0.500204 -0.154646
-22.951867 -101.666810 -123.295127 -7219.994512 0.181470 -0.392799 0.901542 0.872653 0.486974 0.036518 -0.453372 0.780106 0.431148
-22.039375 -93.911647 950.320590 -6954.837716 0.226621 -0.421588 0.878013 0.803553 0.590354 0.076063 -0.550405 0.688292 0.472555
-22.500492 -105.036880 1442.901816 -4609.114522 0.211194 -0.444202 0.870679 0.910488 0.413415 -0.009934 -0.355539 0.794841 0.491752
-21.821523 -87.016522 -1225.710105 -8241.209298 0.196389 -0.359284 0.912330 0.749092 0.655351 0.096833 -0.632686 0.664402 0.397841
-21.760421 -112.127940 1384.444674 -3376.103414 0.191505 -0.420710 0.886752 0.964566 0.247734 -0.090775 -0.181489 0.872715 0.453245
63.164219 -2001.044668 -15782.091525 -691344.332960 0.571159 -0.453516 0.684179 0.071474 0.857823 0.508951 -0.817722 -0.241791 0.522367
15.097350 -629.809706 -11995.718227 43655.248276 0.541330 -0.316853 0.778823 0.512550 0.858629 -0.006933 -0.666524 0.402939 0.627205
29.253851 -605.600973 5044.479220 29690.318311 0.687684 -0.381603 0.617632 0.503991 0.863262 -0.027789 -0.522574 0.330391 0.785976
-4.386592 -874.128960 -14020.034310 -137834.166321 0.417192 -0.356360 0.836037 0.045928 0.927008 0.372218 -0.907657 -0.116889 0.403107
28.843546 -732.236949 9933.284330 -92393.851415 0.712925 -0.358495 0.602677 0.225839 0.931033 0.286662 -0.663878 -0.068261 0.744719
92.698256 -2386.990490 45885.905760 -356445.733444 0.785351 -0.336030 0.519912 0.157658 -0.703591 -0.692895 -0.598639 -0.626134 0.499588
-14.105428 -48.792631 1465.025044 1573.780811 0.180240 0.939534 0.291188 -0.006515 -0.294889 0.955509 -0.983601 0.174118 0.047029
-17.711772 -50.067097 1163.281201 661.979672 0.126519 0.965321 0.228361 -0.100122 -0.216608 0.971111 -0.986899 0.145727 -0.069245
-16.481368 -48.129437 1287.796518 2065.415781 0.123669 0.972909 0.195330 0.057839 -0.203573 0.977350 -0.990636 0.109570 0.081448
-12.269551 -44.356249 1583.046558 2557.436359 0.161938 0.951697 0.260860 0.146133 -0.284563 0.947454 -0.975921 0.115308 0.185156
-19.292225 -47.029500 -1703.354009 303.585258 -0.130030 0.405051 -0.905001 0.729655 -0.578921 -0.363944 -0.671339 -0.707661 -0.220270
-16.605336 -47.542486 -783.565667 -830.209352 -0.202808 0.416575 -0.886191 0.708153 -0.562649 -0.426550 -0.676305 -0.714067 -0.180889
-18.430737 -47.522391 1311.794107 253.512406 0.192268 -0.411135 0.891067 -0.658672 0.619024 0.427739 -0.727451 -0.669161 -0.151784
-61.376648 -122.735313 7985.236254 18488.903761 -0.648634 0.735688 0.195033 -0.733905 -0.672461 0.095808 -0.201637 0.080992 -0.976106
-49.927991 -283.731207 596.130933 -70295.405329 -0.228345 0.934304 0.273741 0.965968 0.252512 -0.056070 -0.121510 0.251622 -0.960168
-73.052456 -363.203339 5741.843669 93874.678103 -0.299304 0.945379 0.129130 -0.946185 -0.311531 0.087647 -0.123088 0.095948 -0.987747
159.784851 -213.642787 -58386.721522 30037.999555 -0.934525 0.308470 0.177510 0.296375 0.950658 -0.091709 -0.197041 -0.033095 -0.979837
-76.639105 -440.211790 9859.896533 115820.546822 -0.292913 0.955885 0.022037 -0.948502 -0.293404 0.119410 -0.120608 -0.014074 -0.992600
-71.492900 -96.055207 3888.339282 5590.380460 -0.333671 0.912685 0.235947 0.505024 0.384410 -0.772774 0.795999 0.138693 0.589194
-53.413232 -87.540865 5811.057851 1767.485806 -0.373362 0.921187 -0.109614 0.575992 0.137569 -0.805797 0.727210 0.363991 0.581959
-64.869232 -93.514980 5984.245812 4146.714494 -0.445692 0.886366 0.125354 0.568754 0.388515 -0.724966 0.691287 0.251816 0.677282
-53.788626 -80.671355 655.211113 5071.765037 -0.224085 0.973062 0.054180 0.489960 0.160541 -0.856835 0.842452 0.165458 0.512737
-33.848789 -73.194504 -5509.822783 -383.637359 -0.098482 0.987453 0.123440 0.547207 0.157341 -0.822075 0.831183 0.013413 0.555837
-23.856478 -82.222870 -6938.288052 11401.659721 -0.067055 0.970717 0.230677 0.281546 0.240211 -0.928994 0.957202 -0.002653 0.289409
-19.235294 -55.056610 743.479249 9585.420174 0.136116 0.931166 -0.338233 -0.197427 -0.309067 -0.930323 0.970822 -0.193408 -0.141768
-20.883614 -47.820842 2840.228631 3671.095352 0.113195 0.904614 -0.410926 -0.260939 -0.372000 -0.890801 0.958696 -0.208062 -0.193941
-7.003923 -39.972628 4786.050521 14.118323 -0.022087 0.732618 -0.680282 -0.310504 -0.651824 -0.691890 0.950315 -0.195949 -0.241877
-41.056447 -61.540559 4371.121777 -168.085084 -0.642404 0.008604 -0.766318 0.206295 0.964969 -0.162103 0.738078 -0.262223 -0.621675
-50.455135 -73.151740 2817.742801 313.844975 -0.421420 0.305479 -0.853867 0.231982 0.946544 0.224142 0.876693 -0.103624 -0.469758
-46.505530 -68.352862 3302.347078 -195.569071 -0.526951 0.174608 -0.831766 0.259319 0.965032 0.038297 0.809368 -0.195512 -0.553804
14.982093 7.539377 -4279.299368 9272.251048 -0.337220 0.932080 0.132325 -0.281693 -0.234020 0.930529 -0.898294 -0.276518 -0.341477
19.769043 -6.844569 -1505.113072 8690.992315 -0.216887 0.972330 0.086798 -0.310423 -0.152994 0.938206 -0.925525 -0.176541 -0.335016
23.239947 21.425860 -3314.511539 10961.223636 -0.190269 0.972812 -0.132038 -0.324120 0.064707 0.943801 -0.926685 -0.222372 -0.302996
20.931064 11.198650 5999.257617 -6966.324167 -0.228268 -0.576069 0.784881 -0.517155 0.754774 0.403567 -0.824890 -0.313784 -0.470208
10.512448 6.047807 6940.621323 -5110.271903 -0.336067 -0.222587 0.915158 -0.386729 0.918593 0.081407 -0.858778 -0.326560 -0.394789
-12.636466 -48.792354 2114.745619 2670.683940 -0.403776 0.536522 0.741019 -0.265856 0.706216 -0.656186 -0.875378 -0.461956 -0.142515
-12.990065 -44.831466 3513.201281 1722.357159 -0.359663 0.501192 0.787051 -0.202734 0.781371 -0.590219 -0.910792 -0.371842 -0.179421
-23.554243 -43.042612 142.649789 496.870029 -0.437554 0.632533 0.639100 -0.041102 0.695937 -0.716925 -0.898252 -0.339962 -0.278512
-1.234401 -57.365356 -412.845358 1917.580803 0.159357 0.986438 -0.039316 0.686161 -0.082039 0.722809 -0.709780 0.142162 0.689929
-3.091636 -59.862431 -348.114870 321.200392 0.171315 0.984868 -0.026200 0.563888 -0.076211 0.822327 -0.807887 0.155651 0.568411
-1.046513 -59.861681 -702.034749 354.213511 0.154641 0.987424 -0.032878 0.558572 -0.059933 0.827288 -0.814913 0.146297 0.560816
-3.784808 -57.566243 -728.604259 1940.055001 0.164842 0.985710 -0.034682 0.690370 -0.090196 0.717811 -0.704426 0.142269 0.695373
0.786731 -57.493810 -1606.914108 1427.457761 0.132945 0.990703 -0.028865 0.651496 -0.065404 0.755827 -0.746913 0.119289 0.654134
1.050512 -53.924413 -1665.101393 2368.392933 0.133893 0.990681 -0.024974 0.742346 -0.083572 0.664784 -0.656502 0.107549 0.746618
-0.407128 -54.107374 -511.276092 2866.188149 0.160190 0.986284 -0.039795 0.781312 -0.102054 0.615741 -0.603234 0.129728 0.786943
5.873877 -92.543985 -220.640894 -4101.073404 0.368491 0.923777 -0.104165 -0.835951 0.280252 -0.471852 0.406694 -0.260950 -0.875503
7.179231 -93.502631 -576.791293 -5735.657443 0.402164 0.907475 -0.121466 -0.780289 0.270309 -0.563987 0.478970 -0.321594 -0.816802
6.382339 -84.841264 512.987353 641.806059 0.363899 0.929745 -0.056138 -0.721263 0.243138 -0.648586 0.589371 -0.276510 -0.759068
6.542243 -80.094649 -27.862702 -87.420302 0.396825 0.915335 -0.068499 -0.620500 0.212516 -0.754862 0.676394 -0.342052 -0.652297
6.317346 -80.281513 54.534105 1664.843396 0.328881 0.940058 -0.090157 -0.802931 0.228091 -0.550706 0.497131 -0.253506 -0.829816
8.598585 -82.873043 892.268340 5029.085861 0.343547 0.938580 -0.032305 -0.668942 0.220419 -0.709881 0.659160 -0.265487 -0.703580
9.800813 -91.059619 -494.356333 4507.710762 0.376283 0.926413 -0.013060 -0.531093 0.204122 -0.822359 0.759179 -0.316375 -0.568818
-1.824339 -122.008459 -163.788773 -7081.452141 0.097721 0.907347 -0.408866 0.981270 -0.019314 0.191666 0.166011 -0.419938 -0.892240
-8.682348 -26.754220 2558.895809 -3015.851337 -0.003837 0.982515 -0.186146 0.448058 -0.164727 -0.878697 0.893996 0.086776 0.439592
-3.838940 -30.980834 5719.954579 -3619.136079 -0.020761 0.968986 -0.246243 0.373040 -0.221002 -0.901110 0.927583 0.110566 0.356882
0.428570 -129.767900 2721.327098 -5550.060064 0.835507 -0.471469 -0.282215 0.474886 0.361189 0.802512 0.276427 0.804524 -0.525670
-1.022295 -120.933011 2959.816602 -4075.532946 0.848780 -0.458706 -0.262986 0.506056 0.560604 0.655462 0.153233 0.689429 -0.707960
-5.296036 -110.695139 2299.030619 -3486.628751 0.850575 -0.449120 -0.273519 0.525313 0.702131 0.480686 0.023840 0.552543 -0.833144
20.752257 -37.022280 -32.344910 37.670157 0.026417 0.974873 -0.221188 -0.686665 0.178500 0.704719 -0.726494 -0.133266 -0.674127
20.466342 -38.517442 86.262248 2142.485282 0.044795 0.963791 -0.262871 -0.737202 0.209471 0.642383 -0.674186 -0.165014 -0.719891
20.581158 -42.166786 235.852901 542.396895 0.056081 0.980557 -0.188051 -0.721048 0.170056 0.671693 -0.690612 -0.097924 -0.716565
19.745720 -32.542137 -16.759194 1084.066520 0.019550 0.962255 -0.271447 -0.688588 0.209803 0.694140 -0.724889 -0.173344 -0.666699
19.732861 -40.377802 120.939782 -937.923116 0.000436 0.990001 -0.141063 -0.633127 0.109463 0.766269 -0.774047 -0.088976 -0.626844
19.257446 -33.210545 -89.683749 -1128.189349 0.000663 0.977115 -0.212710 -0.651323 0.161826 0.741344 -0.758800 -0.138051 -0.636525
-3.986558 -94.666386 288.935381 3812.511136 -0.919022 0.234148 0.317134 0.114265 0.928175 -0.354168 -0.377283 -0.289251 -0.879768
-4.122890 -110.318258 -463.825977 7284.310110 0.917341 -0.209294 -0.338645 0.002875 0.854112 -0.520082 -0.398091 -0.476119 -0.784114
-1.256548 -88.354163 1289.447870 2108.598497 -0.906947 0.270565 0.322864 0.188518 0.946115 -0.263299 -0.376707 -0.177933 -0.909083
-10.630268 -345.905310 -4972.064912 -89837.534344 0.981290 -0.066802 0.180575 -0.151995 0.306918 0.939520 0.118184 0.949389 -0.291022
-39.404697 -173.479581 -709.316582 -18388.496230 0.945470 -0.210329 -0.248693 0.309700 0.344095 0.886389 0.100859 0.915074 -0.390470
-18.484299 -154.137956 -4351.259708 -12196.866817 0.987425 -0.138863 -0.075563 0.143231 0.583490 0.799390 0.066915 0.800160 -0.596042
-44.850853 -179.426968 -13938.688255 -12664.855737 0.988173 -0.093129 0.121826 -0.107361 0.147083 0.983280 0.109491 0.984730 -0.135345
-28.087076 -347.127988 -17149.499803 -71240.919084 0.929077 -0.094815 0.357527 -0.365040 -0.079097 0.927626 0.059674 0.992348 0.108098
11.820354 -48.244774 -4604.471966 4231.378569 0.563884 -0.174505 -0.807207 -0.117267 0.950598 -0.287422 0.817486 0.256731 0.515563
6.042306 -36.329527 937.460620 10015.972139 -0.371000 -0.359376 0.856275 0.132162 0.892262 0.431742 -0.919180 0.273343 -0.283534
3.097043 -40.557969 1195.211196 815.907470 -0.360981 -0.333145 0.871038 -0.028797 0.937552 0.346650 -0.932129 0.100050 -0.348032
-15.347479 -35.288297 -39.674568 1164.167447 0.527673 0.848863 0.031510 -0.666923 0.391030 0.634278 -0.526094 0.355707 -0.772462
-11.370556 -30.014901 823.715672 1510.589188 0.470158 0.877149 0.097786 -0.646449 0.266816 0.714782 -0.600879 0.399274 -0.692477
-7.673881 -107.822470 -126.444835 -4976.877583 0.326635 0.935146 -0.137155 -0.916793 0.348761 0.194567 -0.229783 -0.062190 -0.971253
3.966889 -219.394412 -1813.351454 -9307.656084 0.005289 0.952589 -0.304215 -0.074010 0.303757 0.949870 -0.997243 -0.017491 -0.072108
32.059316 -471.883254 -1781.313821 105471.749452 -0.506250 0.855338 -0.110035 0.361297 0.094504 -0.927649 0.783055 0.509378 0.356873
24.569099 -358.865741 -3602.999070 35737.472367 -0.446985 0.893913 -0.033524 0.482531 0.209385 -0.850483 0.753239 0.396329 0.524933
23.116381 -309.385101 -845.751425 46958.142944 -0.423555 0.901526 -0.088614 0.220380 0.007666 -0.975384 0.878654 0.432658 0.201925
-1.505165 -75.267846 -460.309389 -2326.646833 0.430361 0.891236 -0.143137 0.290942 -0.287068 -0.912658 0.854484 -0.351128 0.382841
-41.587116 -68.631239 -7674.198377 -2942.416674 0.069926 0.997072 -0.030939 0.991117 -0.072958 -0.111192 0.113123 0.022889 0.993317
-15.042833 -69.641192 18705.445079 -600.923033 0.002011 -0.984439 -0.175716 0.999903 0.004408 -0.013248 0.013817 -0.175672 0.984352
1.492245 -83.296331 22404.757692 -9971.729162 -0.078546 -0.985122 -0.152858 0.992328 -0.062575 -0.106631 0.095479 -0.160061 0.982479
31.953225 -94.542264 23871.596625 -24096.403114 0.008110 -0.978473 -0.206214 0.997835 -0.005541 0.065536 -0.065268 -0.206299 0.976310
42.357874 -25.492813 -2995.906431 746.055264 -0.199287 -0.248011 0.948038 0.771662 -0.636019 -0.004174 0.604006 0.730732 0.318131
56.345143 -26.518725 -4721.475319 1400.507058 -0.221038 -0.357457 0.907396 0.796818 -0.602665 -0.043310 0.562337 0.713456 0.418040
33.290123 -35.810018 -3781.344848 2343.509270 -0.166578 -0.112699 0.979567 0.756193 -0.652153 0.053562 0.632791 0.749664 0.193856
37.365276 -43.727253 -4839.305797 3764.836581 -0.102911 -0.140890 0.984662 0.821289 -0.570496 0.004207 0.561153 0.809125 0.174422
28.962633 -67.027082 11585.811507 -7051.638771 -0.433654 0.440157 -0.786261 0.721607 0.692224 -0.010480 0.539656 -0.571916 -0.617806
126.766202 -64.995072 40095.384872 -1818.465990 -0.410576 0.382583 -0.827682 0.733381 0.677945 -0.050428 0.541830 -0.627711 -0.558927
117.014933 -85.081042 39190.378734 11226.175754 -0.425796 0.397587 -0.812787 0.761710 0.642341 -0.084828 0.488360 -0.655228 -0.576352
37.326820 -46.817888 13541.992158 789.428071 0.547921 0.075498 -0.833116 0.584632 -0.746883 0.316815 -0.598321 -0.660656 -0.453371
0.175387 -63.151001 1307.856417 1405.168190 -0.560452 0.490094 -0.667609 0.800761 0.526404 -0.285797 0.211364 -0.694771 -0.687473
-1.344108 -57.518874 -1603.316992 1777.329277 -0.522479 0.474627 -0.708339 0.778533 0.604333 -0.169317 0.347711 -0.639930 -0.685264
-0.664446 -57.240705 -168.562614 1789.727247 -0.530947 0.485208 -0.694743 0.751513 0.648440 -0.121463 0.391565 -0.586599 -0.708928
-9.329183 -97.219697 1341.397535 613.963992 -0.449834 -0.496644 -0.742290 0.873966 -0.073614 -0.480379 0.183934 -0.864827 0.467164
-2.139420 -88.404744 -1055.210708 2841.510621 -0.469485 -0.494422 -0.731527 0.829040 0.038196 -0.557883 0.303771 -0.868383 0.391963
-3.122335 -90.667091 -691.292187 4758.507009 -0.459772 -0.479856 -0.747227 0.829385 0.068695 -0.554438 0.317381 -0.874654 0.366401
2.601285 -96.710002 -114.691552 -10802.254604 -0.356392 -0.371192 -0.857439 0.505964 0.694824 -0.511097 0.785484 -0.615984 -0.059820
-0.209722 -72.407380 119.021528 -5293.015755 -0.408076 -0.457060 -0.790297 0.604594 0.513329 -0.609065 0.684062 -0.726353 0.066859
-0.884684 -74.011522 138.916043 -7836.623956 -0.381627 -0.433652 -0.816276 0.546217 0.606616 -0.577637 0.745659 -0.666306 0.005367
1.168105 -71.229992 -162.485387 -4170.927537 -0.383122 -0.434437 -0.815158 0.612462 0.541132 -0.576252 0.691453 -0.720028 0.058756
-2.206359 -80.795709 190.616857 -8017.096980 -0.394882 -0.453325 -0.799102 0.488405 0.633122 -0.600514 0.778158 -0.627417 -0.028602
1.450515 -68.535025 278.825103 1427.057377 -0.399565 -0.444916 -0.801497 0.683564 0.437965 -0.583890 0.610809 -0.781176 0.129133
1.152625 -69.114034 -209.225185 2238.085181 -0.399931 -0.463258 -0.790853 0.691446 0.413895 -0.592109 0.601629 -0.783634 0.154788
0.131260 -67.486143 -322.298838 1553.634726 -0.396124 -0.465125 -0.791672 0.668804 0.444590 -0.595853 0.629115 -0.765505 0.134965
-0.509053 -70.941762 -359.362660 -6683.381566 -0.402111 -0.471140 -0.785069 0.595533 0.516696 -0.615114 0.695447 -0.714879 0.072810
-3.246114 -91.011660 149.320659 -9129.925407 -0.422179 -0.478072 -0.770203 0.436238 0.637641 -0.634910 0.794645 -0.604037 -0.060645
-9.677818 -47.560325 860.447490 -1004.935034 0.265770 -0.058631 0.962252 0.373438 0.926479 -0.046690 -0.888769 0.371751 0.268125
-6.835725 -46.307374 -727.554676 110.871201 0.260345 -0.075087 0.962592 0.334538 0.942229 -0.016981 -0.905707 0.326444 0.270424
-7.724917 -49.060242 659.315684 -1282.414771 0.268772 -0.113565 0.956486 0.442210 0.896735 -0.017790 -0.855694 0.427749 0.291236
9.514668 -344.009163 -1722.487120 27548.041525 0.645015 -0.393338 0.655165 0.741342 0.530077 -0.411618 -0.185383 0.751201 0.633506
-6.784803 -661.950477 -11188.316954 107423.259642 0.487376 -0.314484 0.814595 0.461747 0.884609 0.065249 -0.741117 0.344336 0.576349
44.119669 -574.186863 -20724.501750 150007.131734 0.429006 -0.436413 0.790884 0.826082 0.543755 -0.148053 -0.365435 0.716850 0.593787
-15.402623 -49.724185 1395.912349 332.550991 0.195730 0.948085 0.250649 -0.139578 -0.226058 0.964062 -0.970674 0.223681 -0.088085
-16.460543 -47.964510 932.251600 -1248.671431 0.173988 0.960043 0.219193 -0.251533 -0.171878 0.952465 -0.952082 0.220852 -0.211578
-18.718561 -47.590010 984.875027 -1507.715092 0.102385 0.959672 0.261815 -0.280133 -0.224730 0.933286 -0.954486 0.168897 -0.245827
-20.445178 -47.910226 441.074946 -34.833273 0.046558 0.976149 0.212049 -0.144808 -0.203441 0.968319 -0.988364 0.075790 -0.131882
-21.768485 -47.567250 -1644.727925 1218.050648 -0.069538 0.428986 -0.900630 0.775273 -0.544912 -0.319410 -0.627787 -0.720445 -0.294690
-20.324169 -46.136673 -242.745584 1199.098516 0.056231 0.387260 -0.920254 0.791607 -0.578986 -0.195278 -0.608438 -0.717499 -0.339115
-17.953385 -47.571731 -910.261380 181.030116 -0.043161 0.406713 -0.912536 0.839205 -0.480850 -0.254005 -0.542100 -0.776768 -0.320562
-16.619853 -108.800459 -691.421462 6299.593003 -0.339440 -0.396935 -0.852774 -0.605892 0.785735 -0.124561 0.719497 0.474408 -0.507210
-15.162174 -106.206950 -408.496090 7009.256141 -0.355602 -0.348696 -0.867155 -0.569767 0.816341 -0.094614 0.740886 0.460432 -0.488968
-12.096210 -114.112294 -1218.541799 4615.409838 -0.333885 -0.372294 -0.865978 -0.405390 0.886111 -0.224648 0.850988 0.276052 -0.446784
-36.905130 -379.246584 4466.064747 -101548.368142 -0.198069 0.880826 0.430016 0.980123 0.172912 0.097267 0.011321 0.440734 -0.897566
-31.029798 -142.098383 3454.964370 -35470.499156 -0.400439 0.822031 0.404862 0.901693 0.432135 0.014436 -0.163088 0.370842 -0.914264
-13.710914 -478.943886 2998.098035 -149022.699295 -0.146836 0.830502 0.537313 0.988093 0.097911 0.118687 0.045961 0.548342 -0.834990
-25.757210 -329.942072 9549.683821 -72073.019689 -0.289807 0.825129 0.484948 0.871697 0.018354 0.489701 0.395166 0.564647 -0.724581
-54.075257 -76.988876 2026.046050 2320.417346 -0.198401 0.955019 -0.220399 0.585210 -0.064959 -0.808276 0.786236 0.289342 0.545999
-24.827373 -41.502062 3105.358149 -127.488656 -0.717890 0.212251 -0.663011 0.244512 0.968586 0.045325 0.651804 -0.129576 -0.747236
-17.159540 -39.707663 4145.550177 -3724.192600 -0.577250 0.630916 -0.518389 0.485545 0.775621 0.403308 0.656528 -0.018892 -0.754065
20.891400 -24.454455 -760.420238 4926.055411 -0.167606 0.985722 0.016146 -0.411888 -0.084896 0.907271 -0.895688 -0.145414 -0.420236
19.855703 -28.572493 -1260.102481 1497.139314 -0.118857 0.989766 -0.078973 -0.500135 0.009031 0.865900 -0.857752 -0.142415 -0.493943
14.676367 -26.237445 -1924.411051 358.367643 -0.119843 0.980820 -0.153718 -0.564199 0.060116 0.823448 -0.816895 -0.185412 -0.546173
3.388472 -48.765266 7382.362644 2163.252991 -0.279304 0.448071 0.849248 -0.355402 0.773391 -0.524934 -0.892008 -0.448440 -0.056766
-5.026460 -47.555753 3321.672993 1107.974965 -0.381222 0.537625 0.752084 -0.372019 0.655531 -0.657176 -0.846328 -0.530319 -0.049896
-15.516807 -47.411870 -1299.267369 -1389.112361 -0.487637 0.618282 0.616391 0.258547 -0.572083 0.778379 -0.833885 -0.538932 -0.119114
-3.022685 -61.049037 -860.032786 -532.892975 0.152536 0.987655 -0.035647 0.416289 -0.031496 0.908687 -0.896346 0.153447 0.415954
-3.820924 -60.696966 -254.604453 -795.384369 0.175027 0.984071 -0.031143 0.424143 -0.046817 0.904384 -0.888520 0.171500 0.425581
-5.439962 -60.332338 -290.500155 -175.889215 0.184468 0.982164 -0.036396 0.521557 -0.066436 0.850626 -0.833037 0.175896 0.524510
6.548933 -99.212746 103.419349 -4931.715834 0.396338 0.910452 -0.118291 -0.880034 0.340019 -0.331553 0.261642 -0.235507 -0.935991
7.426297 -88.017328 -901.965453 -8863.542279 0.410751 0.903123 -0.125112 -0.703908 0.226902 -0.673074 0.579480 -0.364533 -0.728916
8.126212 -98.791919 1036.193095 -4228.166856 0.395814 0.912507 -0.103259 -0.872349 0.338477 -0.352760 0.286945 -0.229706 -0.929999
