18370
36726
-28.743661 -41.645851 431.720101 -3062.609537 -0.359099 0.652580 0.667223 -0.469633 0.491456 -0.733427 0.806531 0.576723 -0.129992
-31.711329 -50.940216 539.728325 -3142.248002 -0.274158 0.578661 0.768108 -0.610774 0.512171 -0.603850 0.742827 0.634691 -0.213015
-32.743695 -53.971708 -789.504084 -5672.465473 0.092847 -0.292574 -0.951725 -0.643135 0.712077 -0.281645 0.760103 0.638238 -0.122050
-29.148774 -44.692118 551.225569 -2365.665078 -0.361737 0.749825 0.553993 -0.487465 0.354405 -0.797982 0.794685 0.558712 -0.237312
-27.278437 -40.284392 -702.790647 -4539.136682 0.276915 -0.463531 -0.841699 -0.507386 0.673343 -0.537744 0.816013 0.575976 -0.048730
-21.979458 -32.852637 286.841179 -2719.358029 -0.453639 0.763569 0.459536 -0.264367 0.377135 -0.887625 0.851071 0.524148 -0.030780
-25.354855 -36.583780 -276.226750 -1786.442438 -0.447718 0.843928 0.295524 -0.281362 0.180748 -0.942425 0.848754 0.505090 -0.156525
40.763628 -68.554281 -5254.526391 -5707.816140 0.290424 -0.002529 -0.956895 0.254630 0.964147 0.074734 0.922398 -0.265358 0.280656
55.073966 -71.752947 -6999.370545 -2297.089050 0.185701 0.051175 -0.981273 0.224149 0.970106 0.093011 0.956699 -0.237224 0.168678
46.012847 -62.387240 -4206.465994 86.184016 0.246208 -0.022581 -0.968954 0.353449 0.932974 0.068068 0.902472 -0.359234 0.237687
34.782819 -63.788178 -2638.733027 -5164.969541 0.327744 -0.086524 -0.940796 0.339040 0.940240 0.031638 0.881837 -0.329337 0.337493
52.638037 -68.691834 -3676.921714 4829.336932 0.171517 -0.058884 -0.983420 0.481149 0.876074 0.031460 0.859696 -0.478567 0.178593
41.490955 -60.126548 -1820.851474 845.243652 0.277509 -0.130329 -0.951842 0.461067 0.887271 0.012936 0.842856 -0.442453 0.306316
10.034374 -62.415626 -1510.643062 5332.950087 -0.599087 0.779903 0.181234 -0.380573 -0.078216 -0.921437 0.704456 0.620994 -0.343668
12.340403 -70.415819 -1148.987155 1458.870199 -0.608859 0.764474 0.211824 -0.219013 0.094651 -0.971120 0.762446 0.637668 -0.109801
12.747718 -67.445589 -500.192418 6160.556756 -0.646903 0.740730 0.181205 -0.361285 -0.088443 -0.928251 0.671558 0.665955 -0.324829
10.328448 -66.082172 -722.433553 3066.263873 -0.579052 0.787224 0.212080 -0.277734 0.054103 -0.959133 0.766527 0.614290 -0.187311
6.906206 -59.966826 -1404.130687 4023.446024 -0.565793 0.801466 0.193727 -0.374380 -0.040368 -0.926396 0.734655 0.596676 -0.322893
-12.388634 -41.463358 -448.264895 -250.274703 -0.340777 0.696767 0.631179 0.768179 0.593415 -0.240335 0.542008 -0.402957 0.737464
-11.066051 -40.816965 -267.716731 386.027940 -0.372619 0.690584 0.619878 0.689363 0.653170 -0.313286 0.621236 -0.310585 0.719446
-10.072233 -40.600070 1268.998689 -445.983729 -0.408573 0.676713 0.612477 0.760044 0.623804 -0.182216 0.505373 -0.391061 0.769200
-10.263393 -41.151380 -1421.764220 611.253144 -0.351003 0.669450 0.654701 0.684834 0.660368 -0.308086 0.638592 -0.340223 0.690253
-10.879237 -39.339071 -833.954313 -1073.749195 0.374775 -0.687936 -0.621521 0.820718 0.557995 -0.122732 0.431237 -0.464097 0.773724
-11.715480 -39.960589 794.884114 -811.857182 0.317310 -0.688771 -0.651850 0.827630 0.536709 -0.164231 0.462971 -0.487379 0.740351
-10.270643 -40.766947 -1522.929661 -144.237557 -0.331333 0.663342 0.670966 0.759812 0.609200 -0.227071 0.559378 -0.434572 0.705864
-16.719122 -40.325195 529.011660 14.436858 0.161122 0.952921 0.256867 0.923345 -0.053633 -0.380207 0.348530 -0.298437 0.888517
-13.630380 -40.520414 2678.852382 -422.490287 0.106196 0.970716 0.215483 0.930645 -0.020714 -0.365336 0.350174 -0.239335 0.905592
-10.317023 -38.952130 2967.085383 -334.329228 0.054519 0.971858 0.229170 0.964312 0.008308 -0.264638 0.259094 -0.235419 0.936722
-16.082598 -40.106649 -318.762944 640.695437 -0.216060 -0.936447 -0.276377 0.926921 -0.107778 -0.359445 0.306814 -0.333842 0.891300
0.929263 -35.432693 556.342070 -360.453638 -0.156010 0.646550 0.746749 -0.037821 0.751542 -0.658600 -0.987031 -0.130991 -0.092795
-0.250375 -34.329068 34.865157 -594.453883 -0.170700 0.644149 0.745610 -0.046675 0.750580 -0.659129 -0.984217 -0.147315 -0.098059
0.774602 -34.595991 310.658774 -685.770033 -0.166547 0.667189 0.726031 -0.118836 0.717366 -0.686487 -0.978846 -0.200610 -0.040189
24.323865 -55.472363 2767.841062 5403.920788 0.068044 -0.520525 -0.851131 0.917122 -0.303208 0.258752 -0.392756 -0.798197 0.456753
22.335105 -69.259869 2058.282596 6055.956300 0.097498 -0.519211 -0.849066 0.828228 -0.430720 0.358494 -0.551844 -0.738174 0.388031
25.752731 -71.652432 -734.998873 8828.281415 0.041503 -0.593693 -0.803621 0.870864 -0.372772 0.320369 -0.489768 -0.713141 0.501555
3.477824 -112.725042 529.197077 -634.322266 -0.389304 0.639454 0.662979 0.853995 -0.019140 0.519930 0.345161 0.768591 -0.538639
4.949228 -115.002198 854.927974 -3287.875515 -0.379091 0.645640 0.662902 0.875639 0.018628 0.482606 0.299242 0.763415 -0.572409
3.601107 -117.866396 440.313619 -146.084597 -0.401086 0.652526 0.642916 0.758522 -0.156919 0.632472 0.513589 0.741341 -0.432018
3.929198 -105.747995 769.424440 -2931.091659 -0.362281 0.640423 0.677208 0.924294 0.153196 0.349588 0.120139 0.752589 -0.647439
2.593806 -101.970127 496.725585 -4133.143496 -0.368264 0.635821 0.678316 0.925147 0.178325 0.335117 0.092114 0.750954 -0.653899
1.219273 -30.518022 -869.429605 -1291.471741 0.775657 -0.066523 0.627639 0.631154 0.083050 -0.771199 0.000823 -0.994323 -0.106405
5.071581 -26.080787 -1469.227445 -2226.613908 0.813738 -0.066820 0.577379 0.577361 -0.021539 -0.816205 -0.066975 -0.997533 -0.021052
3.324767 -26.660175 -877.975275 -763.130679 0.863650 -0.042966 0.502258 0.503939 0.049035 -0.862346 -0.012424 -0.997872 -0.064001
19.311864 -56.423189 -2770.065506 -2283.594323 -0.329989 0.460177 0.824224 0.671808 0.727868 -0.137412 -0.663160 0.508376 -0.549339
13.944875 -58.199017 -1522.904591 -594.133524 -0.290772 0.532084 0.795197 0.668464 0.707600 -0.229040 -0.684549 0.464962 -0.561429
20.586000 -58.409073 -3076.610681 -869.292093 -0.318351 0.516066 0.795191 0.758352 0.641971 -0.113027 -0.568819 0.567053 -0.595732
14.439529 -60.680303 -1427.585440 1344.145391 -0.276881 0.574454 0.770286 0.773263 0.609087 -0.176286 -0.570439 0.546823 -0.612849
23.010657 -64.176785 -920.706811 -2427.863318 -0.286138 0.462396 0.839234 0.804439 0.591774 -0.051777 -0.520579 0.660298 -0.541299
22.447692 -61.680241 -2370.746995 1051.722062 -0.286111 0.532001 0.796941 0.846937 0.529399 -0.049342 -0.448150 0.660841 -0.602039
-6.514532 -24.073525 -1910.267243 -780.764014 0.219467 0.372431 0.901737 0.818765 -0.572912 0.037349 0.530526 0.730114 -0.430668
-1.726132 -23.505733 -949.109414 -1158.576562 0.095043 0.445045 0.890450 0.825322 -0.535376 0.179488 0.556606 0.717849 -0.418189
-3.865415 -20.479231 -856.282751 -1085.400744 0.191536 0.391149 0.900176 0.848428 -0.527084 0.048506 0.493441 0.754444 -0.432817
-5.438272 -19.046149 -963.916830 -342.232074 0.341935 0.295942 0.891908 0.829337 -0.541358 -0.138320 0.441907 0.786988 -0.430544
-6.228825 -21.357589 -2119.029686 -725.060925 0.297044 0.333038 0.894903 0.828321 -0.556114 -0.067986 0.475026 0.761461 -0.441052
6.426855 -48.190082 151.926941 -740.141810 -0.244718 0.652956 0.716771 0.381632 -0.614713 0.690279 -0.891331 -0.442466 0.098758
4.777087 -48.037867 -476.168737 986.402413 -0.254910 0.617942 0.743753 -0.299098 0.681054 -0.668360 -0.919544 -0.392827 0.011218
5.742385 -46.038678 140.304505 529.028434 -0.232460 0.627530 0.743081 -0.270920 0.691994 -0.669139 -0.934112 -0.356863 0.009149
6.488443 -46.018839 178.819224 -1035.558188 -0.234297 0.653994 0.719303 0.320607 -0.646525 0.692254 -0.917778 -0.392807 0.058196
-4.362336 -136.257498 203.680206 -9458.689787 0.861814 -0.131120 0.489984 0.492036 0.450735 -0.744808 0.123194 -0.882975 -0.452965
-2.453528 -151.951948 688.656574 -12472.818602 0.850517 -0.133296 0.508777 0.457713 0.664093 -0.591168 0.259075 -0.735672 -0.625833
-2.522007 -153.280645 321.219548 -13990.812598 0.858979 -0.117307 0.498391 0.446433 0.648218 -0.616856 0.250705 -0.752365 -0.609175
-13.224040 -84.888127 -13243.386477 -7025.929237 0.729988 0.245435 0.637871 0.107892 0.880212 -0.462153 -0.674890 0.406187 0.616064
-8.662319 -204.277865 -7509.060218 70610.781582 0.600505 -0.269985 0.752664 0.479147 0.875066 -0.068391 -0.640166 0.401706 0.654844
-38.911005 -42.496665 8490.305977 19151.084533 0.624473 -0.438760 0.646160 0.562308 0.826733 0.017938 -0.542072 0.352139 0.762991
-7.063631 -108.623020 -3514.563710 -31547.598952 0.645708 0.643083 0.411709 -0.330506 0.721436 -0.608519 -0.688350 0.256854 0.678381
17.444094 -186.592186 -14360.645172 -48862.296379 0.619135 0.502388 0.603554 0.005549 0.765762 -0.643100 -0.785265 0.401515 0.471322
-5.234030 -36.125587 711.222305 -819.234188 0.454096 -0.515325 -0.726799 0.698645 0.712186 -0.068458 0.552894 -0.476688 0.683430
-3.860613 -33.287929 539.563772 -1102.603308 0.536359 -0.419579 -0.732306 0.646502 0.762019 0.036910 0.542545 -0.493234 0.679975
-0.460662 -36.122589 794.003586 -1550.076444 0.543246 -0.414143 -0.730321 0.596276 0.802695 -0.011648 0.591049 -0.429145 0.683004
-8.044175 -33.561905 208.101744 424.937664 0.433654 -0.524936 -0.732384 0.753069 0.657454 -0.025328 0.494805 -0.540552 0.680420
1.430301 -54.689610 -431.858233 -2398.173387 0.865652 0.034174 0.499478 0.418655 -0.596513 -0.684763 -0.274544 -0.801875 0.530680
-0.056033 -58.435204 95.980835 -2301.958395 0.839163 0.070112 0.539343 0.485042 -0.545096 -0.683817 -0.246050 -0.835437 0.491431
1.841006 -56.295408 -971.324388 -50.671002 0.862249 0.027239 0.505752 0.395370 -0.660306 -0.638497 -0.316559 -0.750503 0.580117
-7.332282 -34.446703 2261.875210 773.015735 -0.007483 0.972187 0.234088 0.741179 0.162537 -0.651334 0.671266 -0.168627 0.721781
-4.587117 -37.080186 2879.485828 159.728861 -0.056123 0.967376 0.247051 0.797718 0.192248 -0.571565 0.600414 -0.164999 0.782483
-9.573694 -37.374766 2619.864076 761.596809 0.022457 0.975571 0.218534 0.793214 0.115664 -0.597857 0.608528 -0.186770 0.771239
0.323768 -59.081507 478.912033 -5413.054315 -0.304369 0.630863 0.713702 0.915521 0.400628 0.036312 -0.263021 0.664462 -0.699507
0.116743 -74.309209 725.691827 -6666.422219 -0.326737 0.626552 0.707585 0.935724 0.319735 0.148964 -0.132906 0.710776 -0.690749
-0.493565 -72.469500 539.203134 -5974.099406 -0.325916 0.628841 0.705930 0.937701 0.310111 0.156676 -0.120393 0.713015 -0.690735
-7.912279 -22.159929 -424.020009 56.772386 0.203216 -0.630485 -0.749128 0.559118 0.702807 -0.439828 0.803798 -0.329470 0.495337
-7.832060 -22.380611 -471.761160 76.124676 0.265485 -0.517060 -0.813736 0.512685 0.790509 -0.335036 0.816500 -0.328244 0.474957
-6.120956 -22.173063 -425.309804 70.070322 0.201658 -0.637541 -0.743556 0.515008 0.714755 -0.473172 0.833127 -0.287518 0.472475
-10.301924 -23.399995 -463.006048 551.875418 0.205210 -0.621678 -0.755914 0.595653 0.692170 -0.407551 0.776586 -0.366629 0.512344
-8.686747 -23.329010 -138.493354 346.043970 -0.159866 0.694314 0.701692 0.584625 0.639355 -0.499438 0.795397 -0.330383 0.508124
1.821678 -119.293541 278.537192 -6809.759067 -0.454870 0.730844 0.508881 -0.056187 0.546728 -0.835423 0.888784 0.408601 0.207626
1.299285 -114.108431 -59.283687 -8713.369120 -0.448692 0.743732 0.495518 0.118292 0.599012 -0.791954 0.885823 0.296727 0.356749
0.814731 -130.567191 363.914457 -9212.525712 -0.463361 0.715697 0.522565 -0.174036 0.504711 -0.845564 0.868912 0.482746 0.109306
2.587812 -136.530521 857.734150 -8128.202557 -0.464293 0.704630 0.536590 -0.316409 0.433907 -0.843569 0.827234 0.561446 -0.021491
13.685370 -192.341396 14.481698 22069.511060 -0.281083 0.897688 0.339335 0.951822 0.215605 0.218059 0.122587 0.384279 -0.915042
12.782628 -237.863493 -1298.656883 18656.895817 -0.258986 0.905347 0.336560 0.958005 0.285184 -0.029951 -0.123097 0.314669 -0.941186
16.947593 -211.212236 2154.661561 11605.578396 -0.279743 0.901153 0.331162 0.935764 0.333056 -0.115838 -0.214683 0.277485 -0.936436
53.865972 -18.672899 4918.384902 -708.405823 0.060521 0.425747 0.902816 0.995517 -0.091608 -0.023535 0.072685 0.900193 -0.429383
59.172354 -17.723632 797.289367 247.973051 0.099026 0.495353 0.863029 0.993626 -0.096163 -0.058817 0.053857 0.863353 -0.501718
54.080669 -21.757203 -3039.200052 -881.744614 0.043020 0.600389 0.798550 0.997423 -0.071747 0.000209 0.057419 0.796483 -0.601928
43.942783 -16.798894 6716.653872 -819.381708 0.026688 0.339225 0.940327 0.992678 -0.119845 0.015060 0.117802 0.933040 -0.339939
40.500084 -15.306421 7875.611155 -112.919307 0.102859 0.255995 0.961190 0.990377 -0.116303 -0.075007 0.092588 0.959656 -0.265494
-10.279363 -30.339891 -43.934908 -1373.719321 -0.315199 0.719965 0.618304 0.023756 0.657296 -0.753258 0.948728 0.222738 0.224283
-10.596680 -34.793933 -454.997747 -3493.407969 -0.319553 0.716901 0.619629 -0.009668 0.651414 -0.758661 0.947519 0.248423 0.201230
-10.392201 -30.445631 312.232233 -2200.169722 -0.342175 0.713092 0.611896 0.056871 0.665728 -0.744024 0.937914 0.219788 0.268349
-9.786276 -36.847759 -579.764007 -2698.760366 -0.296866 0.715116 0.632834 -0.053701 0.649159 -0.758755 0.953408 0.259232 0.154310
-10.684289 -29.080117 183.447963 791.583251 -0.324629 0.717392 0.616413 0.095666 0.673270 -0.733181 0.940991 0.179042 0.287193
-25.243995 -33.863209 -390.905107 4869.235962 0.224977 0.782254 -0.580917 -0.220197 0.621595 0.751753 -0.949157 0.041210 -0.312095
-27.185103 -40.298106 338.883632 3874.614213 0.214444 0.914852 -0.342139 -0.348102 0.398871 0.848367 -0.912600 0.062828 -0.403997
-28.854960 -44.270446 -208.022028 2320.673847 0.212634 0.838340 -0.501968 -0.372956 0.544455 0.751314 -0.903156 -0.027458 -0.428434
-28.412840 -41.917378 450.540166 2225.913314 0.207812 0.741350 -0.638133 -0.331429 0.667152 0.667130 -0.920309 -0.072859 -0.384347
-30.732425 -48.569314 -4.487488 67.783806 0.191674 0.838993 -0.509266 -0.499641 0.530029 0.685148 -0.844760 -0.123125 -0.520789
-40.278480 -44.876212 -632.191644 2177.396232 -0.150585 0.608383 -0.779226 -0.666137 0.519965 0.534695 -0.730470 -0.599588 -0.326968
-37.268481 -41.735611 1775.080299 113.726748 -0.135821 -0.262358 0.955364 -0.583246 0.800667 0.136957 -0.800860 -0.538611 -0.261767
-39.549059 -44.896347 601.419830 1361.134302 -0.154014 0.755530 -0.636753 -0.613713 0.431909 0.660916 -0.774361 -0.492574 -0.397159
-40.706966 -49.697189 755.299653 2096.385589 -0.218135 0.762283 -0.609378 -0.695950 0.316235 0.644708 -0.684157 -0.564730 -0.461529
-41.334476 -48.956362 -590.115631 -2151.006179 -0.324131 0.677317 -0.660439 0.705099 -0.292464 -0.645988 -0.630694 -0.675060 -0.382779
-38.284201 -44.403856 -1564.364513 -1710.354524 -0.152880 0.467597 -0.870621 0.724236 -0.546395 -0.420636 -0.672391 -0.694842 -0.255118
-34.033006 -55.567965 -3320.966220 3407.894026 0.447894 0.635402 -0.629011 0.432454 0.461795 0.774421 -0.782544 0.618877 0.067947
-36.246293 -60.733028 -1828.432489 1078.716868 0.509980 0.716767 -0.475568 0.186836 0.447366 0.874617 -0.839650 0.534891 -0.094230
-24.652143 -50.911191 4638.705973 2609.328390 -0.292896 -0.569784 0.767827 0.489099 0.600743 0.632368 -0.821580 0.560762 0.102726
48.153372 -47.406560 1541.449090 7921.334641 0.981122 -0.091647 -0.170295 0.134437 0.956225 0.259926 -0.139019 0.277913 -0.950494
62.202800 -55.531664 -5342.260200 6187.252942 -0.958944 -0.024353 0.282547 0.051591 0.964701 0.258244 -0.278862 0.262218 -0.923839
42.176190 -64.211441 3257.532021 8526.862166 0.982755 -0.010858 -0.184595 0.044082 0.983251 0.176848 -0.179583 0.181935 -0.966773
-16.477575 -32.787463 116.081015 1331.070259 0.936353 0.215488 -0.277143 0.002478 -0.793484 -0.608586 0.351051 -0.569165 0.743515
-17.208732 -34.669851 240.234740 1081.668533 0.945820 0.196012 -0.258851 0.021403 -0.833124 -0.552671 0.323986 -0.517187 0.792181
-19.619632 -32.890636 736.913603 628.479443 0.937524 0.114202 -0.328645 -0.105173 -0.807378 -0.580585 0.331645 -0.578877 0.744925
-18.386589 -30.679120 1300.245355 717.324770 0.921921 0.141258 -0.360704 -0.127507 -0.768602 -0.626892 0.365792 -0.623937 0.690579
-11.082852 -30.546265 2384.811580 1707.587120 0.915186 0.325433 -0.237757 0.092841 -0.744284 -0.661379 0.392193 -0.583211 0.711372
-4.393819 -46.857934 1111.424790 2032.400326 -0.152298 0.563919 0.811665 0.680230 -0.535978 0.500016 -0.717003 -0.628270 0.301967
-2.735217 -47.319637 -515.033175 -388.412847 0.153859 -0.557387 -0.815872 0.737351 -0.484887 0.470317 -0.657754 -0.673947 0.336385
-1.548581 -47.580446 -43.204577 -1782.100965 -0.149293 0.540635 0.827904 -0.688247 0.544353 -0.479580 -0.709949 -0.641400 0.290822
4.189371 -51.922357 -837.187367 986.898667 0.428046 -0.375750 -0.821942 0.011018 0.911574 -0.410988 0.903690 0.166865 0.394336
4.707814 -55.358315 -885.748020 1026.602769 0.418614 -0.396310 -0.817130 0.101751 0.914562 -0.391437 0.902446 0.080717 0.423173
2.754456 -54.158032 -950.539820 638.831155 0.431641 -0.384145 -0.816161 0.148883 0.922719 -0.355560 0.889674 0.031962 0.455477
5.597540 -51.749483 -878.739448 890.801451 0.421658 -0.370961 -0.827401 -0.046186 0.902515 -0.428176 0.905578 0.218758 0.363419
4.656055 -48.950609 -215.554646 613.209476 0.413541 -0.352736 -0.839381 -0.137547 0.887122 -0.440564 0.900036 0.297645 0.318343
3.091736 -49.535031 -500.155598 1156.440896 0.435115 -0.350782 -0.829233 -0.052497 0.909535 -0.412298 0.898843 0.222929 0.377337
5.274372 -75.163525 960.844625 4047.055274 -0.098562 0.180243 0.978672 -0.550847 0.809164 -0.204501 -0.828766 -0.559254 0.019534
7.306280 -78.407151 156.781552 -1169.525148 0.105022 -0.152600 -0.982692 0.713203 -0.677088 0.181364 -0.693045 -0.719907 0.037725
5.515572 -77.178254 211.122312 3475.569000 -0.095693 0.145942 0.984654 -0.647829 0.741900 -0.172921 -0.755752 -0.654435 0.023550
6.225965 -77.645261 203.756932 359.737354 0.092628 -0.123957 -0.987955 0.806622 -0.572383 0.147442 -0.583765 -0.810563 0.046968
4.638503 -76.095765 521.665621 -2678.403903 0.104214 -0.109391 -0.988521 0.750949 -0.643023 0.150326 -0.652085 -0.757994 0.015135
5.035252 -70.895149 -545.679542 3553.704000 -0.133863 0.135523 0.981689 -0.569789 0.799967 -0.188132 -0.810815 -0.584539 -0.029866
-2.584138 -50.758493 394.879126 -4428.952616 -0.108822 0.318307 0.941721 0.133416 0.943453 -0.303475 -0.985067 0.092616 -0.145136
-1.463823 -47.966557 843.538729 -4862.884743 -0.106147 0.274512 0.955707 0.088334 0.959940 -0.265917 -0.990419 0.056196 -0.126144
-4.470975 -57.385069 -228.004913 -4968.400141 -0.115446 0.299559 0.947068 0.233825 0.934845 -0.267190 -0.965401 0.190602 -0.177968
2.293232 -96.749084 -597.078267 124.435711 -0.296786 0.935106 -0.193636 0.954609 0.285144 -0.086111 -0.025309 -0.210403 -0.977287
2.510744 -104.500872 395.847806 1836.042275 -0.297291 0.936642 -0.185257 0.941855 0.255864 -0.217812 -0.156612 -0.239239 -0.958247
1.003757 -103.097617 706.410762 -530.861462 -0.322543 0.931022 -0.170776 0.943917 0.329827 0.015356 0.070623 -0.156245 -0.985190
-0.541032 -50.709152 -17.787802 -3459.753309 -0.239025 0.233170 0.942602 0.948710 0.262942 0.175530 -0.206921 0.936212 -0.284060
-0.807466 -50.139561 111.122266 -1986.868800 -0.227849 0.238329 0.944078 0.947220 0.278821 0.158220 -0.225521 0.930300 -0.289280
0.210927 -48.169910 -72.811710 2526.372342 -0.195720 0.247300 0.948966 0.940176 0.322486 0.109868 -0.278858 0.913699 -0.295623
1.949212 -39.079090 499.305521 -2191.389433 0.407138 -0.393510 -0.824250 0.687705 0.725958 -0.006892 0.601083 -0.564035 0.566183
0.505789 -40.448441 -53.467520 -1520.602462 0.414602 -0.389180 -0.822584 0.665633 0.746075 -0.017487 0.620515 -0.540288 0.568375
2.072561 -37.985562 359.109568 -209.214168 0.394562 -0.410399 -0.822128 0.715343 0.698752 -0.005498 0.576720 -0.585934 0.569277
4.144021 -36.525402 1002.010664 64.611728 0.364570 -0.433724 -0.823997 0.737352 0.674886 -0.029002 0.568683 -0.597003 0.565851
3.171280 -37.628726 893.633828 -1325.407572 0.388579 -0.410034 -0.825153 0.670530 0.740059 -0.051985 0.631978 -0.533090 0.562512
-6.320541 -72.451062 292.554368 -1989.782734 0.104798 -0.260829 -0.959680 -0.055993 0.961915 -0.267551 0.992916 0.081774 0.086202
-7.510040 -70.210760 569.904561 -2263.730175 0.089048 -0.246829 -0.964959 0.094059 0.966562 -0.238559 0.991576 -0.069520 0.109287
-4.258611 -76.310694 985.606799 -3666.984580 0.069996 -0.226015 -0.971606 -0.073776 0.970154 -0.230992 0.994815 0.087850 0.051233
-5.182848 -70.951914 783.957897 -2601.523240 0.068476 -0.202887 -0.976805 0.085368 0.976704 -0.196881 0.993994 -0.069907 0.084201
4.331448 -110.413272 -295.555464 1117.800842 0.175831 -0.926738 0.332025 0.980170 0.133506 -0.146433 0.091377 0.351188 0.931835
6.005078 -114.088536 -1115.451320 -3010.144522 0.188959 -0.922474 0.336653 0.981361 0.165170 -0.098235 0.035014 0.348941 0.936490
4.076205 -115.610305 -972.824070 248.420307 0.182064 -0.918944 0.349848 0.969823 0.226498 0.090236 -0.162162 0.322862 0.932450
2.592981 -110.326474 -689.421905 874.687279 0.181435 -0.916037 0.357712 0.983319 0.164249 -0.078137 0.012822 0.365922 0.930557
3.214829 -106.685000 -337.236098 3344.071768 0.186100 -0.924759 0.331946 0.929430 0.056128 -0.364705 0.318632 0.376392 0.869944
8.604342 -167.591869 -163.559548 5985.439521 -0.358917 0.886970 -0.290626 -0.778454 -0.112672 0.617506 -0.514964 -0.447873 -0.730905
8.955486 -148.828626 -198.574293 17992.972037 -0.320919 0.892116 -0.318025 -0.567345 0.087794 0.818787 -0.758374 -0.443194 -0.477963
7.570048 -183.754437 -955.988637 16486.911065 -0.362083 0.869940 -0.334813 -0.674019 0.003766 0.738704 -0.643890 -0.493142 -0.584993
8.762530 -193.626649 878.970125 4384.321739 -0.368477 0.882856 -0.291188 0.855182 0.199082 -0.478570 -0.364538 -0.425361 -0.828360
-14.219787 -37.003013 439.619791 -1188.291065 0.968333 -0.110218 -0.224018 -0.160252 0.413650 -0.896221 -0.191445 -0.903740 -0.382888
-12.527518 -42.478957 -389.284108 -3074.062380 0.974956 -0.165959 -0.148047 -0.049812 0.485824 -0.872636 -0.216746 -0.858157 -0.465390
-12.243362 -45.331278 -980.595976 -3287.889432 0.975784 -0.113751 -0.186835 -0.112703 0.470590 -0.875124 -0.187469 -0.874989 -0.446374
-14.034073 -37.987875 -227.619394 -982.278989 0.958426 -0.070191 -0.276572 -0.232026 0.372447 -0.898581 -0.166081 -0.925395 -0.340677
-13.409013 -41.414392 -899.541388 -1337.278736 0.967911 -0.051130 -0.246037 -0.204456 0.409010 -0.889331 -0.146103 -0.911097 -0.385431
-2.711595 -246.118146 -494.895233 29027.462709 -0.279598 0.943085 -0.180042 -0.942647 -0.305250 -0.135052 0.182324 -0.131955 -0.974344
-7.854654 -284.520422 -2404.338399 -46032.998922 -0.252121 0.951303 -0.177361 0.966481 0.256719 0.003086 0.048468 -0.170638 -0.984141
-7.186143 -292.088196 -914.054400 34375.691528 -0.287864 0.936239 -0.201470 -0.834166 -0.348468 -0.427476 0.470426 -0.045004 -0.881291
-1.994935 -252.421180 -1094.099520 20090.946867 -0.293148 0.931380 -0.215862 -0.812619 -0.361682 -0.456986 0.503701 -0.041449 -0.862883
2.043201 -264.930835 -2206.778601 31223.085398 -0.274387 0.932323 -0.235554 -0.907320 -0.332154 -0.257768 0.318564 -0.142995 -0.937054
-12.446390 -277.703931 3150.619701 -36312.176106 -0.242357 0.968484 0.057458 -0.426943 -0.159646 0.890074 -0.871196 -0.191185 -0.452179
0.849268 -341.306806 6899.297772 -61659.138448 -0.228582 0.966886 0.113500 -0.113269 -0.142209 0.983335 -0.966913 -0.211916 -0.142025
0.176025 -286.607045 7493.788721 -60317.390898 -0.239366 0.950287 0.199144 -0.488452 -0.295121 0.821169 -0.839118 -0.099288 -0.534811
-17.566968 -233.182191 3578.865845 -29295.321893 -0.262387 0.957744 0.117813 -0.708910 -0.274153 0.649836 -0.654675 -0.086989 -0.750888
-12.487270 -202.250129 3759.423924 -27925.131671 -0.266099 0.946304 0.183575 -0.745062 -0.322745 0.583711 -0.611616 -0.018550 -0.790937
-10.036925 -19.002162 976.249140 -1670.205286 -0.699551 -0.481325 0.528161 -0.018490 0.751064 0.659971 -0.714343 0.451918 -0.534307
-10.021346 -15.142857 337.583647 -1604.544835 -0.704789 -0.314929 0.635683 0.083645 0.852923 0.515292 -0.704469 0.416344 -0.574788
-7.715229 -16.756829 775.663403 -1690.193275 -0.686224 -0.476880 0.549256 -0.034979 0.775865 0.629928 -0.726549 0.413060 -0.549098
-12.105987 -16.432183 -157.996497 -1153.536087 -0.687040 -0.132564 0.714425 0.243658 0.884258 0.398395 -0.684549 0.447789 -0.575220
-6.919679 -20.774234 1010.127058 -1326.110996 -0.674372 -0.519455 0.524775 -0.022040 0.724545 0.688876 -0.738062 0.452993 -0.500062
-12.850937 -21.379978 1208.887146 -1527.391557 -0.715562 -0.489295 0.498558 -0.005366 0.717535 0.696502 -0.698528 0.495716 -0.516066
-9.189775 -23.085233 1207.860252 -1009.815327 -0.686453 -0.532576 0.495121 -0.006521 0.685365 0.728170 -0.727145 0.496626 -0.473944
-7.563977 -35.776712 2039.132833 -1124.346674 0.453489 -0.461039 0.762753 -0.416960 0.646636 0.638753 -0.787714 -0.607704 0.101008
-10.831680 -40.204869 266.772867 -793.537158 0.432909 -0.510122 0.743213 -0.376859 0.646549 0.663289 -0.818881 -0.567230 0.087653
-10.738155 -37.276768 -1660.480824 -734.086755 -0.502831 0.560983 -0.657616 -0.413030 0.512384 0.752907 -0.759320 -0.650200 0.025940
-6.668348 -33.005075 -2701.091874 -760.594281 -0.525509 0.540704 -0.656871 -0.418865 0.507596 0.752927 -0.740535 -0.670810 0.040264
-3.439282 -31.772076 2958.096538 -1144.917158 0.463657 -0.437586 0.770416 -0.440644 0.640484 0.628978 -0.768671 -0.631109 0.104145
1.955351 -35.616625 -24.265739 -1284.913422 -0.137668 0.529046 0.837352 -0.371808 0.755975 -0.538759 -0.918045 -0.385504 0.092630
3.241650 -35.707337 576.200707 1178.955570 -0.133356 0.510373 0.849551 -0.381613 0.764668 -0.519282 -0.914652 -0.393449 0.092792
2.135195 -30.878651 545.927769 -1048.774039 -0.138617 0.537657 0.831691 -0.322614 0.769475 -0.551206 -0.936325 -0.344722 0.066794
2.821366 -85.894825 -364.114072 -2870.693642 0.384894 -0.353536 -0.852566 0.251059 0.929002 -0.271890 0.888159 -0.109395 0.446326
2.119348 -83.455715 -32.878291 -3096.434079 0.382435 -0.333763 -0.861595 0.139726 0.942647 -0.303140 0.913357 -0.004456 0.407136
3.477119 -97.863926 -489.054108 -6333.777302 0.397468 -0.311986 -0.862951 0.035485 0.944949 -0.325287 0.916930 0.098669 0.386658
17.029147 -1451.183611 6163.630406 448466.321402 0.923261 -0.366145 -0.116303 -0.152047 -0.070242 -0.985874 -0.352803 -0.927903 0.120523
-9.380693 -581.086894 384.984669 130985.429200 0.931789 -0.360543 -0.042156 -0.205049 -0.426953 -0.880719 -0.299539 -0.829289 0.471759
-5.541446 -679.014955 5331.014610 194945.835705 0.924742 -0.361320 -0.119583 -0.098276 0.076853 -0.992187 -0.367687 -0.929269 -0.035560
-3.904078 -415.655738 994.126501 -19818.954735 0.919139 -0.387420 -0.071340 -0.324512 -0.641976 -0.694665 -0.223329 -0.661644 0.715787
-2.650682 -210.400635 260.096595 43382.521998 0.910157 -0.386144 -0.150024 -0.062665 0.229647 -0.971255 -0.409496 -0.893395 -0.184817
4.803708 -616.894259 4576.503139 176532.972166 0.938212 -0.337588 -0.076104 -0.069180 0.032514 -0.997074 -0.339075 -0.940732 -0.007151
2.230722 -631.736075 3518.050106 171522.231369 0.945413 -0.321358 -0.054069 -0.180657 -0.378761 -0.907691 -0.271215 -0.867911 0.416142
24.134394 -558.287328 -4507.195113 -179903.242521 0.904379 -0.419681 0.077248 -0.426623 -0.885136 0.185815 0.009608 0.201003 0.979543
21.437688 -786.556991 543.970728 -244450.055303 0.942223 -0.332602 0.039897 -0.333044 -0.917287 0.218326 0.036019 0.218999 0.975060
18.485907 -565.048620 206.247211 -173317.973098 0.920571 -0.390170 0.017806 -0.383180 -0.911029 -0.152310 -0.075649 -0.133389 0.988172
-0.988490 -52.160381 364.749530 -2749.100428 -0.155881 0.347652 0.924575 0.289092 0.911089 -0.293841 -0.944525 0.221483 -0.242525
-1.937078 -48.076467 24.842484 -1711.610463 -0.157816 0.369340 0.915796 0.277878 0.906551 -0.317725 -0.947564 0.204337 -0.245699
-0.612005 -45.939097 257.983073 1755.957234 -0.151297 0.381073 0.912081 0.241670 0.908962 -0.339681 -0.958491 0.169030 -0.229617
-0.219256 -50.434450 616.015018 94.451411 -0.142632 0.348925 0.926233 0.239861 0.920091 -0.309675 -0.960272 0.177998 -0.214928
-38.025848 -61.270594 -382.143558 4099.087223 -0.068964 0.358530 0.930967 0.738037 -0.609541 0.289416 0.671227 0.707047 -0.222572
-34.613865 -57.194825 372.964758 2974.767275 -0.239014 0.575543 0.782063 0.704500 -0.451490 0.547574 0.668246 0.681841 -0.297558
-32.020632 -52.894299 916.523647 -2948.012932 -0.295001 0.689142 0.661859 -0.626124 0.383818 -0.678714 0.721764 0.614627 -0.318261
45.474663 -79.063875 -6941.685585 -7639.507346 0.260516 0.024442 -0.965160 0.125054 0.990404 0.058836 0.957336 -0.136024 0.254960
64.412091 -76.108501 -8010.424525 -4064.770718 0.104238 0.080212 -0.991312 0.078058 0.993008 0.088557 0.991484 -0.086611 0.097248
70.664598 -76.961915 -5987.103034 1523.334140 0.015233 0.091493 -0.995689 0.214772 0.972262 0.092626 0.976545 -0.215257 -0.004840
-39.360045 -52.448211 36.058696 1109.070948 0.498715 0.624386 -0.601187 -0.422613 -0.430403 -0.797591 0.756757 -0.651840 -0.049226
-38.966617 -51.341956 -382.483738 487.964486 0.493514 0.471182 -0.731048 0.444977 0.585412 0.677709 0.747289 -0.659758 0.079244
-40.387621 -51.311382 1221.517503 1186.925007 0.513312 0.586061 -0.626932 -0.497575 -0.391965 -0.773811 0.699236 -0.709151 -0.090409
-40.372791 -50.577913 -497.295268 1769.931849 0.458049 0.635523 -0.621532 -0.544643 -0.351942 -0.761249 0.702534 -0.687203 -0.184926
-42.695931 -49.918308 1543.662133 -1392.962459 0.430347 0.545593 -0.719117 0.663842 0.348528 0.661696 0.611649 -0.762139 -0.212200
43.903755 -22.799706 5949.973952 2606.509196 -0.865251 -0.058156 -0.497954 -0.178854 0.963699 0.198229 0.468350 0.260579 -0.844243
51.174025 -30.867335 975.434050 3830.876704 -0.775369 -0.072475 -0.627336 -0.205547 0.968263 0.142189 0.597121 0.239196 -0.765658
47.980811 -23.949371 647.411790 1874.773490 -0.749960 -0.119300 -0.650636 -0.264744 0.955522 0.129956 0.606193 0.269714 -0.748187
49.089418 -29.803281 6202.734339 4034.946362 -0.899478 -0.031863 -0.435803 -0.121593 0.976198 0.179588 0.419708 0.214526 -0.881943
36.095935 -16.849449 3462.998089 -113.790228 -0.804466 -0.132069 -0.579131 -0.267036 0.951303 0.153997 0.530591 0.278534 -0.800557
31.643894 -17.466824 4274.492072 394.729630 -0.902816 0.018653 -0.429623 -0.107336 0.957663 0.267135 0.416417 0.287288 -0.862591
39.343364 -24.041232 5946.238825 2840.431132 -0.919805 0.018727 -0.391929 -0.089114 0.962788 0.255142 0.382123 0.269608 -0.883908
-6.890329 -40.004254 -2409.214305 171.553645 0.444725 -0.666275 -0.598579 0.697221 0.677037 -0.235593 0.562230 -0.312568 0.765636
-10.873801 -38.499264 -742.473372 936.114387 -0.355486 0.707945 0.610282 0.609634 0.670546 -0.422746 0.708503 -0.221769 0.669957
-6.191304 -38.568451 -2860.887572 396.516177 0.447014 -0.671756 -0.590696 0.630313 0.705101 -0.324866 0.634731 -0.227104 0.738607
-7.628136 -39.271798 2194.156363 1070.309008 0.358892 -0.658464 -0.661530 0.592226 0.708454 -0.383877 0.721433 -0.254005 0.644218
-2.765515 -37.319352 -4807.396100 -814.130272 0.034247 -0.971918 -0.232816 0.999295 0.029713 0.022956 -0.015393 -0.233438 0.972250
-10.093852 -38.388994 -3048.725958 -1444.009852 -0.107305 -0.964078 -0.242981 0.994223 -0.104622 -0.023958 -0.002324 -0.244148 0.969735
-4.924341 -36.543187 -3962.065498 -589.427097 -0.009227 -0.975396 -0.220267 0.993851 0.015362 -0.109659 0.110344 -0.219924 0.969256
-13.153635 -38.986392 -843.170647 -622.650181 -0.181558 -0.940827 -0.286149 0.980271 -0.150031 -0.128684 0.078138 -0.303867 0.949505
-2.184923 -33.141150 396.965402 -943.094236 -0.161657 0.646493 0.745596 -0.073363 0.745570 -0.662377 -0.984116 -0.161777 -0.073097
-0.946126 -33.102665 293.810692 -551.655540 -0.167858 0.667085 0.725825 -0.125107 0.715904 -0.686899 -0.977840 -0.206107 -0.036714
7.997241 -63.566657 -45.782146 -952.869676 0.285683 -0.548655 -0.785725 0.433899 0.805095 -0.404419 0.854469 -0.225389 0.468062
6.646778 -69.115321 349.914132 7113.396948 0.252166 -0.594761 -0.763330 0.535512 0.742793 -0.401853 0.806002 -0.307438 0.505808
7.843271 -61.399116 1069.647963 3509.214795 0.275065 -0.568377 -0.775427 0.488154 0.777406 -0.396667 0.828278 -0.269419 0.491293
7.216998 -71.725332 -52.839756 1757.950068 0.238348 -0.568672 -0.787276 0.477614 0.774471 -0.414825 0.845621 -0.277141 0.456199
8.561634 -62.774621 520.631042 -4389.569595 0.309118 -0.536491 -0.785254 0.431191 0.815011 -0.387081 0.847656 -0.218940 0.483265
8.316019 -71.756201 -709.841636 -8180.905607 0.322389 -0.523670 -0.788565 0.334454 0.842328 -0.422639 0.885554 -0.127484 0.446701
7.995524 -75.143836 98.124529 -5656.508136 0.278006 -0.520889 -0.807085 0.334354 0.840139 -0.427052 0.900511 -0.151129 0.407725
15.764810 -62.453543 -5335.100761 7601.744746 0.007772 -0.722559 -0.691266 0.933742 -0.242149 0.263610 -0.357863 -0.647512 0.672801
12.488634 -45.597001 -5886.437615 7348.261246 -0.043919 -0.737008 -0.674455 0.978720 -0.167192 0.118967 -0.200443 -0.654878 0.728668
20.417081 -45.650634 -1983.746349 4004.125386 0.007462 -0.652232 -0.757983 0.974028 -0.166805 0.153122 -0.226306 -0.739439 0.634047
15.950827 -38.571769 -3626.996261 615.078130 -0.053765 -0.691902 -0.719987 0.982318 -0.166140 0.086305 -0.179333 -0.702616 0.688601
20.015758 -46.890276 -2216.119870 -3410.671348 0.057212 -0.643441 -0.763355 0.977714 -0.118588 0.173238 -0.201993 -0.756254 0.622317
4.705343 -123.736589 326.409904 -2905.929057 -0.377966 0.661039 0.648205 0.865992 0.004827 0.500035 0.327413 0.750336 -0.574279
5.199756 -111.396720 1009.911493 -3970.008666 -0.356099 0.652362 0.669042 0.928989 0.169870 0.328822 0.100861 0.738626 -0.666527
3.068888 -127.955709 136.348549 -134.450270 -0.407145 0.672490 0.618054 0.727603 -0.170236 0.664540 0.552111 0.720262 -0.419995
5.127157 -118.210942 48.960277 -4592.037165 -0.346134 0.674644 0.651956 0.934144 0.183400 0.306170 0.086986 0.714997 -0.693695
5.202747 -131.377501 -312.231142 -549.072383 -0.373500 0.680188 0.630747 0.858099 -0.004945 0.513460 0.352368 0.733021 -0.581822
3.152227 -43.575681 -512.748805 -197.170532 0.383144 -0.688977 -0.615232 0.918705 0.353338 0.176445 0.095818 -0.632821 0.768346
3.150488 -46.811363 33.292360 3589.933651 0.399976 -0.673372 -0.621764 0.916440 0.303091 0.261291 0.012506 -0.674319 0.738334
2.392359 -45.932651 -258.667798 2086.596735 0.410160 -0.680273 -0.607452 0.911818 0.319670 0.257680 0.018891 -0.659576 0.751401
2.409081 -52.985631 580.687663 4152.088979 0.414303 -0.664505 -0.621921 0.906669 0.241717 0.345724 -0.079407 -0.707111 0.702630
2.068664 -44.939938 -533.888182 -841.379944 0.391744 -0.690927 -0.607582 0.912801 0.374724 0.162410 0.115462 -0.618225 0.777475
1.982957 -47.797432 -460.709858 968.479864 0.405797 -0.690592 -0.598675 0.912918 0.337579 0.229391 0.043685 -0.639627 0.767443
2.458200 -51.677161 -515.190108 2630.826642 0.411357 -0.686925 -0.599099 0.908782 0.258619 0.327462 -0.070003 -0.679154 0.730650
6.749567 -21.888638 -1728.766418 -2720.091615 0.800647 -0.071705 0.594830 0.588561 -0.091581 -0.803249 -0.112072 -0.993213 0.031121
1.929317 -27.330851 -722.792712 -2870.406087 0.730747 -0.060844 0.679931 0.678495 -0.044968 -0.733228 -0.075188 -0.997134 -0.008423
-0.860668 -26.592024 829.996160 -2568.350600 -0.668008 0.059867 -0.741742 0.739184 -0.061626 -0.670678 -0.085862 -0.996302 -0.003087
3.932219 -20.966823 -1324.392982 -2823.079815 0.737994 -0.069684 0.671199 0.662513 -0.114181 -0.740297 -0.128225 -0.991013 0.038098
12.563663 -56.828080 -1791.483313 530.203342 -0.285318 0.531560 0.797520 0.620091 0.736865 -0.269290 -0.730808 0.417702 -0.539856
8.328557 -64.275607 2.415365 3105.082226 -0.238729 0.580656 0.778362 0.598852 0.719009 -0.352707 -0.764451 0.381922 -0.519375
8.663154 -65.619816 -401.207058 1268.603896 -0.249765 0.596167 0.763022 0.647076 0.688977 -0.326502 -0.720354 0.412184 -0.557848
-3.710952 -79.302756 1738.432151 541.212830 -0.425888 0.746853 0.510716 0.519801 0.663985 -0.537523 0.740558 -0.036546 0.670998
-3.228101 -83.983129 252.945038 -197.116190 -0.399101 0.764087 0.506843 0.642126 0.627502 -0.440359 0.654517 -0.149709 0.741076
-4.708051 -79.678533 1733.927731 -628.700643 -0.402087 0.764378 0.504036 0.687497 0.615625 -0.385166 0.604710 -0.191653 0.773043
-3.493532 -93.856940 370.643211 -2530.922493 0.902565 -0.196106 0.383301 0.179934 -0.636979 -0.749587 -0.391154 -0.745520 0.539629
-4.329231 -94.493207 -440.414333 -2141.985899 0.899158 -0.191640 0.393433 0.172669 -0.670724 -0.721328 -0.402120 -0.716522 0.569996
-3.485996 -95.149463 13.040383 4176.461115 0.901059 -0.209373 0.379810 0.094408 -0.760058 -0.642961 -0.423297 -0.615203 0.665091
-4.778027 -102.977721 -1448.000573 5521.798980 0.893273 -0.227789 0.387525 0.062414 -0.790895 -0.608761 -0.445160 -0.567977 0.692268
-3.284678 -91.069944 48.035724 -2357.819140 0.897892 -0.214793 0.384258 0.129950 -0.704660 -0.697544 -0.420599 -0.676253 0.604796
-2.142683 -93.868986 629.745090 4516.646815 0.901317 -0.224064 0.370706 0.033420 -0.817294 -0.575251 -0.431869 -0.530872 0.729153
-3.805769 -118.956666 -106.154107 -13422.168331 0.898071 -0.253172 0.359682 0.056113 0.877002 0.477198 -0.436256 -0.408375 0.801817
0.195286 -111.365162 949.712339 -997.828847 0.943769 0.007894 0.330510 0.139021 -0.916508 -0.375082 -0.299954 -0.399938 0.866070
-0.249202 -109.431715 1156.278818 5253.309118 0.942557 0.025207 0.333092 0.230843 -0.769894 -0.594958 -0.241449 -0.637674 0.731488
1.884563 -117.217656 822.164080 -716.427898 0.940040 0.020441 0.340452 0.153808 -0.916344 -0.369670 -0.304415 -0.399869 0.864544
-1.917511 -107.994511 658.599986 1266.934429 0.942256 -0.007780 0.334803 0.148038 -0.887074 -0.437246 -0.300397 -0.461561 0.834699
-5.670679 -35.858650 -468.376246 35.706010 -0.019969 0.372894 0.927659 0.806087 -0.542888 0.235578 0.591460 0.752478 -0.289744
-7.306017 -34.258936 -1113.134176 -840.800182 0.080370 0.333410 0.939350 0.831576 -0.542019 0.121233 0.549566 0.771397 -0.320818
-4.593469 -34.064096 -251.032071 -1517.371209 0.068299 0.320754 0.944697 0.869779 -0.482974 0.101102 0.488693 0.814772 -0.311971
16.103241 -1222.450264 -14526.716704 388177.655833 0.530056 -0.189441 0.826531 0.173303 0.978353 0.113099 -0.830064 0.083291 0.551412
1.622003 -412.678548 -3282.224822 130446.807066 0.580582 -0.314775 0.750894 0.423819 0.904288 0.051386 -0.695199 0.288409 0.658421
-16.724290 -203.424739 6806.881388 -81719.548008 0.633784 -0.401462 0.661170 -0.614420 -0.780550 0.115021 -0.469900 0.479135 0.741366
20.861145 -32.392423 -11105.841075 222.528161 -0.534508 0.571784 0.622386 0.739674 -0.039788 0.671788 0.408881 0.819439 -0.401667
43.201574 -31.880759 -15959.384260 17.471044 -0.491005 0.558929 0.668215 0.762659 -0.094919 0.639798 0.421028 0.823765 -0.379667
58.676863 -33.173926 -17666.642287 -444.112501 -0.506243 0.533606 0.677483 0.791930 -0.023364 0.610165 0.341416 0.845411 -0.410751
25.367296 -32.841658 -12326.785719 -747.710122 -0.515062 0.588482 0.623218 0.786869 0.036282 0.616052 0.339924 0.807696 -0.481746
2.696417 -33.950837 2020.832180 -1611.023017 0.624375 -0.291261 -0.724792 0.540217 0.831212 0.131346 0.564200 -0.473554 0.676332
5.643772 -24.557295 -619.926180 -214.301911 0.268104 -0.524150 -0.808324 0.098340 0.849548 -0.518264 0.958358 0.059458 0.279312
5.832844 -24.640340 2222.799282 -134.062814 0.210376 -0.552489 -0.806534 0.091322 0.832496 -0.546453 0.973346 0.041307 0.225592
4.488726 -23.764734 1331.776973 -398.974785 0.227846 -0.536426 -0.812609 0.167130 0.843720 -0.510102 0.959247 -0.019587 0.281891
3.203283 -23.686728 -1200.530951 -151.710767 0.283592 -0.493400 -0.822272 0.160314 0.869802 -0.466630 0.945450 0.000510 0.325768
2.298717 -24.742113 -2664.585100 -213.306656 0.308823 -0.472535 -0.825432 0.110649 0.879810 -0.462267 0.944661 0.051426 0.323991
4.040442 -25.318804 -2690.039946 -562.366903 0.306470 -0.504611 -0.807121 0.071482 0.857729 -0.509109 0.949193 0.098332 0.298938
11.384974 -33.978842 -1783.705952 -1242.312813 0.288878 -0.519053 -0.804446 0.896949 0.440509 0.037866 0.334711 -0.732486 0.592818
17.393863 -31.632984 -3936.345836 -596.216095 0.345888 -0.490218 -0.800030 0.892048 0.436151 0.118420 0.290882 -0.754625 0.588157
13.391930 -32.629524 -3171.513695 76.771603 0.336446 -0.505676 -0.794415 0.905864 0.404302 0.126292 0.257321 -0.762123 0.594100
0.929092 -73.989068 182.974683 -7125.094140 -0.328975 0.634838 0.699111 0.932280 0.336264 0.133345 -0.150434 0.695634 -0.702469
