14377
28743
-38.199322 -62.959669 -3118.922897 8834.816374 -0.237915 0.971078 -0.020081 0.933645 0.222946 -0.280362 0.267777 0.085451 0.959684
-48.434412 -73.098669 -1330.502818 8271.860547 -0.328804 0.942092 -0.065953 0.933715 0.313817 -0.172321 0.141645 0.118241 0.982830
-32.843765 -79.452010 -3842.150758 11333.199824 -0.366824 0.929710 0.032862 0.912930 0.366546 -0.179450 0.178882 0.035826 0.983218
-45.473887 -63.117749 817.237592 4256.994759 -0.175479 -0.955827 0.235801 0.969073 -0.209918 -0.129741 0.173508 0.205741 0.963102
-20.030088 -66.428462 -5560.735399 11380.030680 -0.232573 0.968842 0.085179 0.902468 0.247628 -0.352465 0.362575 0.005102 0.931941
-31.470658 -46.332728 -4344.523174 4874.620327 -0.031938 0.999099 -0.027953 0.924513 0.018903 -0.380682 0.379810 0.038002 0.924284
-37.615863 -49.162646 -1604.648050 3848.699199 0.303211 0.925864 -0.225474 0.900876 -0.355638 -0.248886 0.310622 0.127659 0.941922
13.891127 -97.874054 -35820.678007 24013.500836 -0.125898 0.947872 0.292725 0.907376 -0.009254 0.420218 -0.401022 -0.318516 0.858911
-17.339490 -58.576840 -29592.394345 8184.558968 0.033286 0.921518 0.386907 0.919752 -0.179725 0.348935 -0.391086 -0.344244 0.853550
-36.414188 -73.269957 -11484.957040 -309.203965 0.004181 0.983551 0.180581 0.832353 -0.103508 0.544495 -0.554230 -0.148031 0.819094
6.125954 -92.414518 -28313.453476 9217.395348 -0.144486 0.973258 0.178588 0.814317 0.014419 0.580242 -0.562149 -0.229264 0.794623
45.687461 -164.365739 -31019.493537 45292.562803 -0.180762 0.970444 0.159887 0.932225 0.117237 0.342362 -0.313498 -0.210937 0.925864
35.984152 -48.565378 2088.499879 -197.176777 -0.348497 0.926771 -0.140162 0.634290 0.123085 -0.763234 0.690091 0.354888 0.630737
33.617816 -46.088587 2969.895773 -1153.264362 -0.339590 0.927032 -0.159027 0.732889 0.154824 -0.662497 0.589535 0.341527 0.731989
24.324789 -46.762478 8013.881768 -475.273032 -0.412484 0.891603 -0.186817 0.651270 0.145237 -0.744818 0.636949 0.428894 0.640583
26.978812 -48.252551 8839.750154 234.331061 -0.430041 0.887177 -0.167274 0.543243 0.106301 -0.832819 0.721076 0.449017 0.527667
38.872825 -49.824157 2464.486631 900.972661 -0.355663 0.926662 -0.121660 0.516761 0.086513 -0.851747 0.778757 0.365804 0.509633
-15.839997 -46.011000 -2311.977383 601.211362 -0.080223 0.988848 -0.125471 0.673917 -0.038941 -0.737780 0.734439 0.143744 0.663278
-10.516625 -44.556592 -2447.716491 1359.532692 -0.037817 0.993651 -0.105963 0.631335 -0.058437 -0.773305 0.774588 0.096142 0.625117
-19.528694 -43.657367 -2599.020779 997.887610 -0.115800 0.989538 -0.086053 0.547802 -0.008644 -0.836563 0.828555 0.144014 0.541070
-22.993643 -45.652291 -2654.186800 346.824821 -0.155293 0.982231 -0.105383 0.657843 0.023240 -0.752796 0.736971 0.186230 0.649763
-25.543294 -42.801445 -2692.724849 780.694555 -0.212375 0.977168 -0.006352 0.404464 0.081984 -0.910872 0.889554 0.196016 0.412640
-27.023282 -44.480164 -3128.783245 609.284014 -0.182764 0.980288 -0.075049 0.542297 0.036844 -0.839379 0.820068 0.194108 0.538341
-20.077283 -40.918345 -2517.454801 728.867582 -0.157609 0.987499 0.002407 0.406101 0.067037 -0.911366 0.900134 0.142662 0.411590
-3.912419 -34.138143 3455.090275 1422.734944 0.017753 0.993054 -0.116311 0.940803 0.022791 0.338186 -0.338488 0.115429 0.933864
-3.106949 -31.049049 3492.896492 1941.790661 -0.060562 0.987531 -0.145306 0.962851 0.096176 0.252325 -0.263154 0.124627 0.956670
3.064288 -36.249353 3089.495044 1785.196102 -0.004164 0.992725 -0.120332 0.947739 0.042307 0.316231 -0.319021 0.112726 0.941020
2.772985 -37.028209 3372.636206 505.700351 0.052039 0.993439 -0.101833 0.914055 -0.006311 0.405541 -0.402237 0.114185 0.908387
-4.586149 -34.623206 3378.554030 356.951447 0.080694 0.993083 -0.085296 0.906196 -0.037457 0.421197 -0.415088 0.111282 0.902950
-9.791993 -100.691956 781.596537 6619.230840 -0.069164 0.982972 -0.170243 -0.561411 0.102713 0.821138 -0.824642 -0.152370 -0.544747
-6.092100 -90.775276 2080.900491 6878.935700 -0.049787 0.994318 -0.094090 -0.504089 0.056311 0.861814 -0.862215 -0.090337 -0.498421
-7.717814 -96.785200 2471.367848 2303.044164 -0.013547 0.993026 -0.117112 -0.684504 0.076167 0.725019 -0.728883 -0.089985 -0.678699
-3.219558 -96.032802 -1067.026191 89.174673 0.067549 0.902994 -0.424311 -0.925080 0.215984 0.312374 -0.373716 -0.371421 -0.849931
-7.318564 -92.071242 -1334.100111 116.327323 0.068503 0.907973 -0.413392 -0.925927 0.212137 0.312502 -0.371438 -0.361364 -0.855248
-3.656847 -94.842933 -1042.681250 -944.429079 0.095218 0.898327 -0.428884 0.971684 -0.177471 -0.155997 -0.216251 -0.401886 -0.889788
-0.308425 -100.441218 -632.841520 -1490.391512 0.100707 0.898709 -0.426826 0.968960 -0.185950 -0.162908 -0.225775 -0.397171 -0.889540
-0.811453 -99.981853 -597.000054 -611.463836 0.129532 0.895501 -0.425793 0.990027 -0.140783 0.005094 -0.055383 -0.422206 -0.904806
-36.174379 -58.056902 4485.135047 -335.900815 0.825706 -0.037380 -0.562860 0.172257 0.966850 0.188489 0.537156 -0.252593 0.804773
-36.849320 -60.396553 5213.400968 540.559880 0.810285 -0.159269 -0.563978 0.313229 0.931066 0.187091 0.495303 -0.328252 0.804317
-26.894557 -53.530188 6632.415465 564.581985 0.705371 -0.290486 -0.646583 0.445540 0.891152 0.085687 0.551312 -0.348520 0.758016
11.894662 -34.964519 6406.630452 -1158.698039 0.842115 0.507009 -0.183805 0.528863 -0.709657 0.465500 -0.105574 0.489212 0.865751
5.328839 -31.893385 6144.740845 -468.007747 0.810714 0.545546 -0.212421 0.572681 -0.663651 0.481253 -0.121572 0.511808 0.850455
5.329838 -36.368003 4235.975711 -2343.170970 0.767748 0.590923 -0.247736 0.633464 -0.641844 0.432156 -0.096363 0.488719 0.867103
0.532023 -29.408891 3747.409424 -1842.243279 0.779751 0.585052 -0.222938 0.606256 -0.616644 0.502199 -0.156339 0.526748 0.835520
14.244952 -46.505000 4558.647133 -4842.946390 0.807177 0.552856 -0.206919 0.587076 -0.715180 0.379288 -0.061707 0.427630 0.901845
-1.599876 -31.609546 1882.707782 -2619.589608 0.705350 0.654362 -0.272565 0.692758 -0.554842 0.460692 -0.150229 0.513771 0.844672
4.870751 -98.080224 -769.985642 8464.783051 -0.012369 0.948701 -0.315932 0.430091 0.290283 0.854844 -0.902701 0.125306 0.411618
8.369820 -101.651629 -1212.741168 6753.704128 -0.009654 0.940805 -0.338811 0.425414 0.310499 0.850067 -0.904948 0.135928 0.403229
6.221536 -96.588599 -913.235268 -1918.669544 0.008787 0.958143 -0.286157 0.538501 0.236594 0.808727 -0.842579 0.161202 0.513882
3.273543 -89.966434 -464.968425 -490.041411 0.014616 0.963969 -0.265611 0.558798 0.212411 0.801640 -0.829175 0.160140 0.535559
1.914695 -97.988206 -435.712083 8566.856234 -0.013661 0.955766 -0.293811 0.445883 0.268829 0.853768 -0.894987 0.119342 0.429832
-11.368246 -107.324363 584.378650 2280.107167 0.040401 0.967829 -0.248343 0.997100 -0.055094 -0.052499 -0.064493 -0.245501 -0.967249
-12.628398 -114.030049 509.225589 305.101737 0.023753 0.968755 -0.246880 -0.957704 0.092888 0.272349 -0.286772 -0.229969 -0.929987
-11.147840 -103.830083 1712.856135 -769.474148 0.076944 0.974370 -0.211382 0.988360 -0.102448 -0.112469 -0.131243 -0.200268 -0.970911
-7.479281 -245.330773 -2930.681482 -9814.632053 0.912267 -0.010632 0.409458 -0.390754 0.277120 0.877790 0.122801 0.960776 -0.248653
-6.676581 -238.501685 -3147.259443 17772.285676 0.904250 0.011854 0.426839 -0.425559 -0.057155 0.903124 -0.035102 0.998295 0.046637
-14.583953 -236.890734 1932.034236 -7167.396787 0.900495 -0.070700 0.429080 -0.409253 0.195843 0.891155 0.147037 0.978083 -0.147421
-12.147025 -246.660745 2527.634038 -47960.337996 0.909533 -0.081784 0.407506 -0.319470 0.489617 0.811304 0.265874 0.868094 -0.419195
-6.191373 -232.581001 -1423.274596 -35740.402428 0.912229 -0.037988 0.407915 -0.315174 0.571039 0.758010 0.261731 0.820043 -0.508946
-29.568412 -64.049516 -1156.310627 9229.066567 0.936383 0.069469 0.344036 -0.169986 -0.767819 0.617704 -0.307069 0.636889 0.707164
-20.499757 -44.949072 -6199.138044 4036.387428 0.927287 0.340312 0.155971 0.183892 -0.776998 0.602044 -0.326073 0.529586 0.783081
-29.355116 -58.878767 3165.671924 8302.151743 0.938106 -0.049148 0.342845 -0.241192 -0.803110 0.544831 -0.248565 0.593801 0.765256
-31.513086 -80.609353 5487.708364 9798.827945 0.922242 -0.136192 0.361832 -0.355675 -0.665732 0.655969 -0.151545 0.733657 0.662406
-26.736138 -16999.891250 -53858.368318 -14569424.879779 0.849378 -0.506905 0.146988 0.465877 0.589208 -0.660146 -0.248025 -0.629191 -0.736615
-571.842154 -10538.452525 138235.019074 176617.037104 -0.779651 0.583219 -0.228034 0.352381 0.709623 0.610134 0.517660 0.395337 -0.758773
-63.152012 -9492.494293 -3982.529524 -6908602.735302 0.847250 -0.453508 0.276582 0.498929 0.500706 -0.707363 -0.182308 -0.737309 -0.650492
65.622989 -12092.787425 -29644.492877 -865657.838388 0.839143 -0.526418 0.136837 -0.245950 -0.591635 -0.767774 -0.485127 -0.610617 0.625938
16.631499 -0.325426 6141.605257 -5640.776498 -0.835389 -0.104384 -0.539656 0.138015 0.910513 -0.389767 0.532050 -0.400088 -0.746226
19.206216 -2.645720 -881.537721 -8762.281820 -0.757756 -0.397118 -0.517788 -0.043873 0.822707 -0.566770 0.651062 -0.406757 -0.640833
8.286713 -9.046589 962.211357 -3449.801366 -0.796641 -0.317445 -0.514384 -0.047973 0.881513 -0.469716 0.602546 -0.349519 -0.717478
11.361775 -19.784386 -1640.174380 -6775.337719 0.615577 0.724746 0.309528 -0.369046 0.612138 -0.699351 0.696326 -0.316274 -0.644283
4.824733 -13.890813 1198.640819 561.990459 -0.803242 -0.244446 -0.543183 -0.041288 0.932569 -0.358624 0.594220 -0.265635 -0.759171
1.677563 -11.263304 1790.564803 -218.037528 -0.806704 -0.169796 -0.566038 0.023647 0.947791 -0.318013 0.590483 -0.269927 -0.760572
3.439763 -14.702805 -217.912760 298.078457 -0.762661 -0.429926 -0.483231 -0.202907 0.868429 -0.452393 0.614147 -0.246972 -0.749552
5.809438 -20.885072 -1437.904447 -1745.974650 0.628582 0.713447 0.309641 -0.436390 0.653089 -0.618901 0.643776 -0.253906 -0.721862
-26.971075 -33.837698 -62.926143 -40.176596 -0.188737 0.950847 -0.245498 -0.531345 -0.309114 -0.788746 0.825864 0.018421 -0.563569
-26.180205 -36.553594 -1018.232445 -428.275897 -0.183126 0.901760 -0.391528 -0.519024 -0.426918 -0.740510 0.834913 -0.067606 -0.546215
-25.665721 -34.852505 608.375118 641.017377 -0.426388 0.702226 -0.570151 0.492377 0.708941 0.504942 0.758787 -0.065428 -0.648044
-25.507243 -32.727879 726.356228 791.510871 -0.090986 0.995199 0.036058 -0.539235 -0.018794 -0.841946 0.837226 0.096049 -0.538356
-24.714098 -35.087140 -235.804127 -265.111488 -0.075458 0.990825 -0.112128 -0.449815 -0.134181 -0.882984 0.889928 0.016191 -0.455813
46.593009 -215.249173 -10268.436321 97308.590704 0.005038 0.991692 -0.128535 -0.646078 0.101336 0.756515 -0.763255 -0.079232 -0.641221
38.427951 -197.548112 -7968.213186 111761.623236 0.018981 0.974362 -0.224184 -0.698058 0.173441 0.694718 -0.715789 -0.143307 -0.683454
185.441716 -3403.497387 -49289.673660 1927447.811047 0.110252 0.964589 -0.239608 -0.786359 0.232095 0.572513 -0.607852 -0.125297 -0.784103
37.456603 -116.441990 -8414.066280 79722.002151 -0.001310 0.980309 -0.197464 -0.582924 0.159696 0.796679 -0.812526 -0.116150 -0.571237
98.342163 -713.358240 -9175.232382 231086.351389 0.079474 0.996820 0.005759 -0.848994 0.064658 0.524432 -0.522392 0.046568 -0.851433
45.281579 -198.179095 -6144.077737 71096.926469 0.053557 0.997859 0.037539 -0.619230 0.003696 0.785201 -0.783381 0.065299 -0.618102
31.249818 -94.925036 -6432.239418 42651.103195 0.035386 0.993553 -0.107708 -0.573400 0.108455 0.812066 -0.818511 -0.033024 -0.573540
2.646478 -129.238160 -177.355516 4066.506660 0.019732 0.933878 -0.357046 -0.483198 0.321547 0.814326 -0.875289 -0.156455 -0.457593
2.223417 -137.407178 -6.044042 3404.550024 0.016463 0.938398 -0.345165 -0.640152 0.275076 0.717313 -0.768072 -0.209149 -0.605246
4.770851 -124.965403 -776.509249 8541.888845 0.013403 0.934814 -0.354885 -0.573476 0.297930 0.763127 -0.819113 -0.193290 -0.540086
-10.015067 -135.770918 843.748860 -28004.926557 0.175235 0.745721 -0.642801 0.119699 0.631923 0.765732 -0.977223 0.211126 -0.021473
-20.258694 -97.923150 2587.310950 -22848.347549 0.214834 0.750933 -0.624456 -0.059683 0.648285 0.759055 -0.974825 0.125801 -0.184092
-18.360207 -113.712148 3179.770023 -5220.104303 -0.174074 -0.536122 0.825997 -0.023763 0.840846 0.540752 -0.984446 0.074503 -0.159109
1.561420 -217.019289 3303.546676 -62001.157321 0.169486 0.831239 -0.529449 0.127791 0.514149 0.848127 -0.977212 0.211405 0.019084
-8.867837 -176.310256 3904.893857 -12523.685487 -0.109659 -0.598826 0.793336 0.131982 0.782310 0.608747 -0.985168 0.171461 -0.006753
3.319607 -249.703076 1084.193849 -64838.702194 0.143914 0.726912 -0.671481 0.353996 0.595829 0.720884 -0.924108 0.341447 0.171576
2.016128 -251.494169 -607.373046 -65014.304425 0.163891 0.817168 -0.552608 0.365175 0.470131 0.803507 -0.916399 0.333486 0.221359
26.289430 -37.909571 9715.002579 -2543.207171 -0.027175 0.998587 0.045658 0.938684 0.041196 -0.342309 0.343706 -0.033556 0.938478
23.713030 -33.550889 8238.464690 -2738.676038 -0.011046 0.999121 0.040428 0.965160 0.021224 -0.260800 0.261429 -0.036139 0.964546
12.431811 -38.995392 3732.970575 -3195.459556 0.031511 0.999136 0.027082 0.939717 -0.020385 -0.341345 0.340499 -0.036206 0.939548
10.506218 -44.595402 3899.852320 -2337.016639 0.044464 0.998844 0.018250 0.897140 -0.031886 -0.440594 0.439503 -0.035963 0.897521
24.612130 -43.204468 10952.097714 -690.340351 -0.021843 0.999377 0.027728 0.889984 0.032072 -0.454863 0.455469 -0.014742 0.890130
60.587703 -82.774646 5739.028504 10055.666377 -0.243863 0.871176 0.426127 -0.203522 -0.475579 0.855806 -0.948214 -0.121973 -0.293280
55.835538 -99.412210 -3824.502127 5274.265165 -0.194341 0.909882 0.366534 -0.395712 -0.414625 0.819450 -0.897577 -0.014211 -0.440629
59.077567 -92.584261 2532.583120 9687.757326 -0.154608 0.892305 0.424132 -0.182662 -0.447709 0.875323 -0.970943 -0.057859 -0.232210
11.171608 -42.201526 -3598.446247 1300.113121 0.087952 0.986370 0.139064 -0.221671 -0.116724 0.968110 -0.971147 0.115974 -0.208383
14.186796 -40.262255 -1956.534662 1107.201810 0.114937 0.978176 0.173093 -0.233762 -0.142721 0.961762 -0.965476 0.151004 -0.212257
10.336495 -37.186307 -2458.133051 1962.075159 0.108506 0.988947 0.101045 -0.108063 -0.089308 0.990124 -0.988205 0.118353 -0.097178
6.352122 -38.775538 -2251.435626 2332.910992 0.099588 0.990786 0.091785 -0.091895 -0.082691 0.992329 -0.990776 0.107258 -0.082814
7.379597 -31.703123 -2092.498749 3255.592841 0.108315 0.993111 0.044705 0.014037 -0.046493 0.998820 -0.994018 0.107559 0.018977
9.687862 -30.592258 -671.343299 2785.690985 0.127678 0.990444 0.052134 -0.004436 -0.051993 0.998638 -0.991806 0.127736 0.002245
9.785310 -210.288703 1269.515406 -20508.921508 0.718125 0.537983 -0.441442 -0.364595 -0.249460 -0.897129 0.592762 -0.805198 -0.017003
11.862324 -209.829016 1961.762300 50071.156926 0.683907 0.544040 -0.486098 0.152718 0.544766 0.824565 0.713406 -0.638162 0.289485
-1.260717 -208.682325 -890.066548 -17174.352103 0.713897 0.516995 -0.472301 -0.411800 -0.235562 -0.880302 0.566368 -0.822938 -0.044732
-1.095556 -211.782465 -2101.937538 14183.497060 0.712866 0.516741 -0.474131 -0.551651 -0.004262 -0.834064 0.433016 -0.856131 -0.282022
-3.807451 -209.671625 1120.152505 26035.360955 0.693513 0.555354 -0.458935 -0.632492 0.164322 -0.756936 0.344954 -0.815218 -0.465216
-4.938903 -192.761943 4631.446757 -3702.539249 0.663694 0.589806 -0.460043 -0.466250 -0.154725 -0.871017 0.584911 -0.792584 -0.172306
-5.207048 -44.584171 -2362.486096 21.054184 -0.085874 0.966807 -0.240647 0.992393 0.104389 0.065255 0.088209 -0.233212 -0.968417
-7.051082 -42.403937 -2035.474816 1376.605207 -0.064472 0.970710 -0.231442 0.979613 0.105783 0.170787 0.190267 -0.215712 -0.957740
0.272613 -43.756786 -2775.919680 1278.226308 -0.067481 0.967632 -0.243178 0.985257 0.103034 0.136575 0.157210 -0.230376 -0.960319
4.135834 -69.994702 -545.239935 -759.607672 0.083939 0.996165 0.024683 0.182815 0.008956 -0.983107 0.979558 -0.087033 0.181362
3.709178 -67.701085 -217.951292 -898.593326 0.084047 0.994610 0.060717 0.222258 0.040686 -0.974139 0.971359 -0.095369 0.217640
5.684549 -69.848314 -545.643424 -1079.846488 0.071792 0.995756 0.057589 0.347234 0.029175 -0.937324 0.935026 -0.087289 0.343666
6.244256 -73.704771 -397.759520 -933.883187 0.056901 0.998148 0.021505 0.304464 0.003166 -0.952518 0.950823 -0.060747 0.303720
7.126743 -71.474141 -322.894969 -764.887673 0.035474 0.997751 0.056871 0.459055 0.034280 -0.887746 0.887700 -0.057599 0.456806
6.519058 -66.932182 -494.139454 -930.395146 0.052853 0.994889 0.086036 0.495304 0.048694 -0.867354 0.867110 -0.088456 0.490199
-10.726771 -96.768261 344.528017 2835.012215 -0.167305 0.978821 0.117975 -0.974073 -0.145626 -0.173135 0.152288 0.143882 -0.977807
-11.523937 -93.192552 43.925703 2886.265674 -0.129532 0.988681 0.075706 -0.980037 -0.116038 -0.161438 0.150826 0.095106 -0.983975
-8.768627 -91.565170 370.514991 -3754.403046 -0.137109 0.983289 0.119767 0.988119 0.144245 -0.053055 -0.069444 0.111070 -0.991383
11.807038 -43.227509 -7639.648304 -695.287666 -0.169695 0.949775 -0.262927 -0.788089 0.029405 0.614858 -0.591708 -0.311549 -0.743518
11.329669 -44.000569 -7200.084450 -976.578455 -0.154282 0.949335 -0.273789 -0.844452 0.017160 0.535357 -0.512931 -0.313797 -0.799020
27.849228 -42.437255 -14538.476489 -1099.946029 -0.206528 0.947383 -0.244563 -0.792640 -0.015455 0.609494 -0.573645 -0.319728 -0.754126
-3.682228 -43.664457 -1514.035029 -19.966854 -0.097124 0.959511 -0.264396 -0.817052 0.074826 0.571687 -0.568324 -0.271550 -0.776704
18.470753 -43.693832 -9717.944687 -704.949818 -0.205645 0.953181 -0.221711 -0.723313 0.004560 0.690506 -0.659188 -0.302365 -0.688510
-1.993613 -59.047494 423.004982 2222.572929 -0.107628 0.982401 0.152656 0.964203 0.065716 0.256891 -0.242338 -0.174840 0.954308
0.028970 -56.858931 707.768810 1871.452634 -0.080230 0.984733 0.154482 0.961990 0.035908 0.270715 -0.261035 -0.170329 0.950183
-2.250854 -63.204506 445.404027 2144.960763 -0.133908 0.981518 0.136714 0.893507 0.059913 0.445034 -0.428618 -0.181748 0.885016
-2.872257 -68.182434 417.692767 1597.211850 -0.157683 0.980452 0.117684 0.776323 0.049427 0.628394 -0.610293 -0.190448 0.768942
-3.321367 -69.848420 -44.418086 1567.405762 -0.179896 0.975505 0.126596 0.784623 0.064677 0.616591 -0.593300 -0.210252 0.777039
-3.210695 -65.381512 123.012216 2414.981824 -0.151684 0.978439 0.140172 0.898446 0.077363 0.432216 -0.412053 -0.191497 0.890809
3.650681 -59.504160 -387.213986 -1996.667846 0.084238 0.986302 0.141820 0.589949 0.065334 -0.804793 0.803035 -0.151461 0.576364
4.812579 -57.823788 -45.582315 -1463.278892 0.056200 0.989272 0.134843 0.682937 0.060429 -0.727973 0.728312 -0.133001 0.672215
4.755992 -61.379107 -129.139396 -1628.170950 0.070287 0.989922 0.122940 0.561252 0.062641 -0.825271 0.824655 -0.127006 0.551193
1757.768485 -102.661229 751901.166156 -23341.301498 0.436381 0.884838 0.163195 0.601774 -0.152177 -0.784035 0.668910 -0.440345 0.598879
984.826679 -43.108674 359821.012211 -4432.315817 0.360969 0.891404 0.274044 0.602157 0.001605 -0.798376 0.712115 -0.453207 0.536186
1245.746767 -21.052623 613921.423170 -3486.961802 0.452580 0.802691 0.388404 0.639114 0.011762 -0.769022 0.621856 -0.596279 0.507688
0.752703 -200.177353 225.786600 4596.937885 0.860292 0.491789 -0.134316 -0.106133 -0.084923 -0.990719 0.498631 -0.866563 0.020864
2.112329 -187.595613 2460.217117 -5110.807780 0.852271 0.504369 -0.138731 -0.075457 -0.143899 -0.986711 0.517630 -0.851414 0.084583
1.653638 -185.335756 2423.394813 11467.731044 0.851718 0.507161 -0.131777 -0.221838 0.121156 -0.967527 0.474726 -0.853293 -0.215698
3.105246 -196.118502 2504.692388 -13097.031286 0.855248 0.495237 -0.152616 0.035466 -0.349745 -0.936173 0.517004 -0.795248 0.316683
0.202083 -174.485542 -174.557981 23482.994656 0.858740 0.493659 -0.137356 -0.305650 0.278337 -0.910553 0.411272 -0.823911 -0.389906
-7.701058 -185.364923 -6383.146828 18882.405653 0.892718 0.428787 -0.138553 -0.212301 0.129003 -0.968652 0.397471 -0.894148 -0.206195
-6.950565 -208.026285 -5717.968847 -2824.235880 0.893003 0.436730 -0.108688 -0.009309 -0.223525 -0.974654 0.449955 -0.871380 0.195543
1.124650 -208.787663 -1836.251244 -13700.631716 0.881565 0.452675 -0.133899 0.069524 -0.405055 -0.911645 0.466916 -0.794365 0.388554
3.832890 -95.198404 871.394203 -4705.682385 -0.795195 -0.435502 0.421904 -0.308187 0.889515 0.337319 -0.522193 0.138209 -0.841554
7.151300 -95.150129 2213.032097 -8421.553625 -0.812034 -0.391065 0.433208 -0.260129 0.907006 0.331169 -0.522431 0.156230 -0.838247
7.781059 -109.707067 972.906699 -10634.478368 -0.794113 -0.449262 0.409326 -0.242248 0.851650 0.464768 -0.557405 0.269920 -0.785139
3.211535 -96.964879 115.263560 -3260.348516 -0.784298 -0.471713 0.402944 -0.326739 0.866203 0.378065 -0.527370 0.164858 -0.833488
0.610108 -92.840952 -48.597335 1558.267567 -0.788280 -0.463269 0.404965 -0.388094 0.885051 0.257036 -0.477492 0.045452 -0.877460
-3.034987 -288.103664 -1629.254699 -4486.553804 0.870716 0.371368 -0.322397 -0.444344 0.313159 -0.839339 0.210742 -0.874081 -0.437687
0.284240 -394.253052 -1125.280296 2253.960389 0.875813 0.379851 -0.297768 -0.398572 0.221264 -0.890046 0.272199 -0.898196 -0.345183
-4.907368 -445.615045 -2275.743014 86121.464928 0.874790 0.366060 -0.317398 -0.484241 0.639099 -0.597547 0.015889 -0.676426 -0.736339
-6.168567 -281.482376 -1217.739621 27108.052213 0.868636 0.391943 -0.303072 -0.475869 0.489731 -0.730556 0.137912 -0.778809 -0.611912
-5.532252 -281.269875 -2469.911849 -1961.024483 0.878456 0.377999 -0.292289 -0.361679 0.126265 -0.923713 0.312257 -0.917155 -0.247632
6.995004 -48.988484 6802.312430 -4169.960302 0.254701 0.862434 -0.437418 -0.064774 0.466535 0.882128 -0.964848 0.196346 -0.174690
0.471204 -40.225086 6877.800843 -5334.077175 0.263744 0.850134 -0.455753 -0.148379 0.502615 0.851682 -0.953112 0.157002 -0.258704
-13.030181 -47.604511 5618.171911 -3518.313553 0.252218 0.794594 -0.552274 -0.066294 0.583573 0.809350 -0.965397 0.167520 -0.199865
-9.713045 -55.059824 5885.001620 -2176.647250 0.247368 0.810868 -0.530379 0.046496 0.536826 0.842411 -0.967805 0.233046 -0.095092
-8.418316 -16.276680 309.229753 -148.867530 0.153637 0.764935 0.625515 0.057524 -0.638881 0.767152 -0.986452 0.081881 0.142158
-8.236365 -18.501798 -349.082432 1096.674637 0.143793 0.627248 0.765431 -0.053248 0.777252 -0.626932 -0.988174 0.049390 0.145163
-10.473459 -16.653749 -123.619249 1486.255952 0.168141 0.693251 0.700808 -0.070724 0.717581 -0.692875 -0.983223 0.066936 0.169684
-23.324683 -38.047499 -1097.252962 99.870429 0.399304 0.876484 0.268947 -0.692188 0.480567 -0.538453 0.601192 -0.028845 -0.798584
-21.923475 -40.272038 -1910.363245 341.230428 0.513430 0.808638 0.287219 -0.607930 0.578978 -0.543328 0.605649 -0.104352 -0.788860
-19.747054 -38.549821 -1786.434445 803.032888 0.395382 0.894673 0.207928 -0.773573 0.446399 -0.449792 0.495236 -0.016992 -0.868592
17.277106 -69.912428 -1235.883946 -25392.867007 0.063032 0.997236 0.039326 0.920968 -0.042940 -0.387265 0.384506 -0.060628 0.921129
16.797036 -73.380373 -2599.411332 -12269.883932 0.153268 0.986954 0.049303 0.933335 -0.128190 -0.335339 0.324644 -0.097413 0.940806
19.992878 -54.404784 -290.412799 -4002.181168 0.174573 0.983741 -0.042167 0.906768 -0.177311 -0.382534 0.383791 -0.028544 0.922979
7.408912 -417.033049 2009.868298 22361.129114 0.908101 0.360190 0.213578 -0.187386 0.805655 -0.561967 0.374485 -0.470301 -0.799111
9.680128 -407.457775 -1933.621617 82214.609717 -0.909001 -0.336562 -0.245853 -0.199026 0.868776 -0.453450 0.366205 -0.363255 -0.856703
13.547293 -617.215465 912.240141 -179194.236529 0.918792 0.356208 0.170109 -0.013569 0.459183 -0.888238 0.394509 -0.813797 -0.426727
15.776052 -1350.766550 7832.750717 -507088.894833 0.917306 0.348282 0.193001 0.053161 0.373243 -0.926209 0.394619 -0.859877 -0.323863
-52.849008 -75.033822 679.473492 5595.531670 0.219183 -0.963596 0.153108 0.974530 0.208583 -0.082369 0.047434 0.167263 0.984771
-45.082385 -82.975380 2421.978588 6298.604903 0.384691 -0.921318 0.056442 0.922836 0.385186 -0.002257 -0.019661 0.052955 0.998403
-52.014732 -70.811717 -2746.549418 -2631.572596 -0.156375 0.985637 0.063767 0.894562 0.113965 0.432170 -0.418696 -0.124624 0.899535
-19.541193 -67.823291 -17634.464809 -4952.114040 -0.145944 0.950803 0.273265 0.930379 0.038015 0.364622 -0.336296 -0.307455 0.890155
22.378747 -44.484813 7908.940662 -1157.575027 -0.397273 0.895364 -0.201242 0.741010 0.183613 -0.645902 0.541367 0.405722 0.736418
30.054132 -43.203696 3069.897332 -1253.643229 -0.330148 0.926772 -0.179151 0.809744 0.180531 -0.558322 0.485095 0.329395 0.810050
32.175540 -42.785503 289.235681 -619.783673 -0.250456 0.956270 -0.151064 0.866654 0.151913 -0.475220 0.431489 0.249941 0.866802
25.808823 -41.021705 5302.783613 -410.439572 -0.314079 0.929114 -0.195197 0.864461 0.194870 -0.463393 0.392507 0.314282 0.864387
19.911539 -42.061478 7336.020113 -828.192365 -0.383530 0.899532 -0.209156 0.807303 0.216564 -0.548964 0.448515 0.379396 0.809254
-9.139256 -47.179651 -2349.569614 129.490719 -0.026329 0.992927 -0.115767 0.748547 -0.057173 -0.660612 0.662559 0.104050 0.741748
3.384874 -32.572851 3051.022248 2273.493072 -0.075876 0.986986 -0.141782 0.967986 0.107031 0.227041 -0.239262 0.120016 0.963509
-2.359054 -26.347260 3549.530024 1962.860379 -0.157431 0.972650 -0.170784 0.968355 0.185963 0.166454 -0.193661 0.139174 0.971147
1.656332 -50.507069 -1092.047929 -4443.279460 -0.153452 0.985082 0.077889 0.155468 -0.053773 0.986376 -0.975849 -0.163471 0.144897
-4.067625 -79.925966 -914.418022 -15983.192367 -0.174261 0.982215 0.069904 0.200016 -0.034203 0.979196 -0.964172 -0.184617 0.190498
-1.927434 -50.544317 -1538.819840 -6039.752496 -0.182057 0.980921 0.068186 0.127779 -0.045155 0.990774 -0.974950 -0.189090 0.117120
2.736873 -76.822289 -2713.067824 -14804.124511 -0.155648 0.978357 0.136349 0.218298 -0.100551 0.970688 -0.963390 -0.180851 0.197923
-0.524725 -44.502114 -211.911469 4124.661552 -0.155546 0.986438 0.052388 0.115916 -0.034441 0.992662 -0.981004 -0.160477 0.108987
1.961678 -50.502300 -700.357748 7204.409923 -0.145043 0.989131 -0.024118 0.124474 0.042424 0.991315 -0.981564 -0.140782 0.129275
4.754006 -52.085246 -901.723048 5486.570737 -0.128408 0.990947 -0.039188 0.147466 0.058155 0.987356 -0.980696 -0.121005 0.153599
8.030665 -52.207294 -1052.418878 -5345.682128 -0.117662 0.986431 0.114494 0.201239 -0.089218 0.975471 -0.972450 -0.137816 0.188011
-4.515245 -102.974608 -171.120613 -3384.598397 0.270774 0.928774 -0.253100 0.176008 -0.306256 -0.935536 0.946416 -0.208771 0.246398
-3.991240 -98.022088 -242.018696 -1819.450130 0.266255 0.935564 -0.232010 0.373902 -0.322097 -0.869742 0.888428 -0.144824 0.435570
-3.931941 -107.009655 -46.861189 -3961.744848 0.286515 0.922381 -0.259078 0.161317 -0.312999 -0.935953 0.944397 -0.226371 0.238474
-5.003978 -94.592398 -421.976123 -2236.201807 0.248463 0.942331 -0.224230 0.389805 -0.309189 -0.867441 0.886746 -0.128121 0.444147
-4.252198 -114.702992 42.068729 -2737.615684 0.283296 0.918545 -0.275715 -0.040825 -0.275681 -0.960382 0.958163 -0.283329 0.040600
-5.751064 -98.656707 -432.614571 -2869.800164 0.253681 0.935389 -0.246359 0.185629 -0.297034 -0.936650 0.949309 -0.191879 0.248987
-4.913710 -108.543599 -187.863793 -1442.706305 0.268638 0.923140 -0.275038 -0.036331 -0.275621 -0.960580 0.962556 -0.268041 0.040504
-25.883923 -46.262757 4061.710596 467.534370 0.746467 -0.091741 -0.659068 0.200512 0.975425 0.091325 0.634494 -0.200322 0.746518
-17.655474 -41.257541 3004.825180 2099.491749 0.654610 -0.319772 -0.685004 0.382322 0.921745 -0.064928 0.652162 -0.219390 0.725640
-24.556053 -40.939022 2803.528704 -666.381856 0.747332 0.091192 -0.658164 0.018495 0.987299 0.157796 0.664194 -0.130099 0.736153
-30.213937 -49.489378 2942.399202 -2384.612849 0.771662 0.272107 -0.574887 -0.148913 0.956035 0.252630 0.618354 -0.109337 0.778257
-33.403744 -54.369783 3397.901709 -2020.707404 0.812733 0.100065 -0.573980 0.030231 0.976572 0.213057 0.581852 -0.190510 0.790667
8.618625 -29.381765 5428.019925 -736.726561 0.874220 0.468386 -0.127882 0.456192 -0.702222 0.546601 -0.166219 0.536188 0.827571
8.500944 -108.312089 -1026.583875 -6697.598403 0.027764 0.956355 -0.290884 0.543230 0.229841 0.807511 -0.839125 0.180437 0.513139
10.654377 -110.586102 -640.131239 2222.286302 0.043421 0.929523 -0.366199 0.412037 0.317258 0.854151 -0.910132 0.187975 0.369222
-8.736184 -116.436101 -2148.200291 1858.643772 -0.008629 0.948207 -0.317537 0.976940 -0.059753 -0.204981 -0.213338 -0.311984 -0.925826
-8.072190 -120.213907 -2727.633349 275.168077 -0.044038 0.944968 -0.324187 -0.906551 0.098557 0.410430 -0.419794 -0.311966 -0.852321
-12.724829 -112.973723 -346.229864 -803.638459 -0.018966 0.966435 -0.256211 -0.874911 0.107986 0.472091 -0.483912 -0.233115 -0.843497
-15.135322 -240.721596 2212.130496 21872.474821 0.897229 -0.076757 0.434844 -0.441063 -0.108773 0.890860 0.021081 0.991099 0.131449
-3.506033 -99.920526 -705.703232 7008.027807 -0.801876 0.096766 -0.589603 0.089675 0.995112 0.041359 0.590723 -0.019708 -0.806634
-1.049887 -117.983218 -1140.038629 9429.500910 -0.798314 0.078853 -0.597056 0.193789 0.972298 -0.130701 0.570211 -0.220043 -0.791480
-3.718361 -104.573559 -703.981593 5923.898725 -0.802351 0.093437 -0.589493 0.164608 0.984007 -0.068077 0.573704 -0.151657 -0.804900
-0.909051 -41.577209 -8288.355521 62.735004 0.868333 0.491541 0.066218 0.360972 -0.717869 0.595284 -0.340142 0.493002 0.800782
-9.185746 -42.230436 -7812.239521 -1501.278977 0.860141 0.507878 0.047085 0.394137 -0.720415 0.570665 -0.323749 0.472294 0.819832
-22.563299 -43.922341 -1342.039139 807.690993 0.947829 0.280697 0.151092 0.150141 -0.811197 0.565170 -0.281207 0.512999 0.811021
-4.092790 -63.029856 19616.601479 -8526.589869 0.647184 0.322968 -0.690539 0.762324 -0.278811 0.584061 -0.003897 -0.904409 -0.426648
16.008076 -68.105116 9756.077839 21201.941742 0.872750 0.061969 -0.484218 -0.476301 0.325467 -0.816829 -0.106979 -0.943521 -0.313567
37.511235 -247.638051 -40131.729762 33157.491929 0.227132 0.331235 -0.915803 0.972509 -0.027557 0.231229 0.051354 -0.943146 -0.328388
5.918552 -61.011314 1248.115266 8265.569939 0.889839 -0.061474 -0.452114 -0.414508 0.305242 -0.857328 -0.190707 -0.950289 -0.246135
-56.268312 -204.691599 14737.047275 99211.699602 -0.267224 0.438250 -0.858212 0.963634 0.121177 -0.238170 -0.000382 -0.890648 -0.454694
-17.001300 -81.953949 9833.980723 39684.588369 -0.166766 0.437234 -0.883751 0.984915 0.031896 -0.170075 -0.046174 -0.898782 -0.435958
-38.147203 -12336.717986 -35369.176465 -836592.105011 0.810608 -0.576652 0.101920 -0.461668 -0.522244 0.717024 0.360246 0.628279 0.689557
-103.501942 -21440.898569 -12354.986732 6767002.152359 0.788218 -0.607756 0.096667 -0.494317 -0.531713 0.687700 0.366555 0.589842 0.719530
-42.672535 -3897.426065 15264.263350 4611501.547970 0.829589 -0.330896 0.449766 0.444654 0.878700 -0.173694 0.337735 -0.344085 -0.876094
12.877480 -56.255338 -5368.825993 2700.754239 0.694233 -0.059091 0.717321 0.140436 0.988590 -0.054478 -0.705917 0.138558 0.694610
13.439946 -58.453243 -4582.949265 -598.826632 0.697312 0.011037 0.716683 -0.019103 0.999812 0.003189 -0.716513 -0.015914 0.697392
0.359858 -64.465088 -7031.547660 116.121283 0.674090 -0.017557 0.738440 0.031053 0.999507 -0.004583 -0.737996 0.026020 0.674304
29.316761 4.827852 -2653.680795 -6655.301808 -0.761065 -0.245065 -0.600602 0.064908 0.892473 -0.446406 0.645420 -0.378728 -0.663324
21.314752 -8.779649 -3938.351808 -9896.839646 -0.594561 -0.666708 -0.449441 -0.249459 0.684344 -0.685160 0.764374 -0.295253 -0.573201
-23.579240 -34.580758 514.356981 175.562504 -0.018853 0.986261 0.164112 -0.453379 0.137862 -0.880591 0.891118 0.091007 -0.444551
-23.409206 -32.007787 937.822515 1628.577309 -0.035267 0.969964 0.240680 -0.560893 0.180112 -0.808059 0.827137 0.163493 -0.537693
-15.805072 -36.494014 3907.801900 1002.976042 -0.638858 0.399274 -0.657602 0.387222 0.905495 0.173602 0.664771 -0.143731 -0.733090
-16.550180 -34.636659 4144.567694 1002.789833 -0.665859 0.366879 -0.649639 0.307301 0.928314 0.209284 0.679851 -0.060281 -0.730869
56.520417 -1892.242488 -10213.450989 1391695.863535 0.116389 0.949700 -0.290731 -0.846872 0.247827 0.470521 -0.518905 -0.191448 -0.833118
-24.946479 -91.414820 2285.758349 15119.182074 -0.228924 -0.331985 0.915084 -0.035058 0.942250 0.333070 -0.972813 0.044167 -0.227342
-9.886918 -110.083578 1812.022708 -25024.804717 0.171978 0.878887 -0.444951 -0.083948 0.463113 0.882314 -0.981517 0.114386 -0.153426
11.664803 -33.799826 2338.621280 -2809.152409 0.007577 0.999414 0.033368 0.966323 0.001265 -0.257330 0.257221 -0.034194 0.965747
-39.576433 -57.320361 -755.655507 -4.237487 -0.442769 0.129723 0.887202 0.777530 0.548332 0.307861 -0.446545 0.826138 -0.343649
-40.308534 -56.881014 640.346796 333.654299 -0.492767 0.225027 0.840561 0.793071 0.513651 0.327417 -0.358077 0.827965 -0.431573
-38.932160 -57.073434 -50.251625 503.324116 -0.460810 0.144526 0.875652 0.713940 0.646469 0.269010 -0.527203 0.749126 -0.401082
-40.190811 -58.445764 22.062766 -1049.623224 -0.488807 0.202318 0.848608 0.829229 0.409936 0.379911 -0.271012 0.889393 -0.368147
-40.422218 -58.270592 -1268.645027 466.693220 -0.386805 0.078328 0.918829 0.692712 0.682389 0.233443 -0.608714 0.726780 -0.318210
-40.862928 -59.662579 -715.352539 -872.257796 -0.476674 0.071381 0.876177 0.801330 0.445103 0.399692 -0.361459 0.892630 -0.269369
-41.950514 -58.950944 -1185.405894 42.461527 -0.389219 0.023625 0.920842 0.747863 0.591731 0.300923 -0.537782 0.805789 -0.247981
16.479095 -44.433534 -3172.061583 1101.619686 0.094094 0.974800 0.202265 -0.340374 -0.159425 0.926676 -0.935570 0.156041 -0.316796
17.809530 -42.480090 200.785114 1194.296935 0.130284 0.959293 0.250565 -0.346629 -0.192702 0.917995 -0.928910 0.206454 -0.307412
14.003927 -38.396303 815.496844 1122.782723 0.144514 0.963509 0.225312 -0.245804 -0.185608 0.951383 -0.958486 0.192871 -0.210012
53.088442 -223.148900 20791.350955 -54039.213533 0.690350 0.595060 -0.411487 -0.115786 -0.470559 -0.874739 0.714151 -0.651520 0.255951
34.961637 -142.229801 12839.895103 45220.271125 0.652059 0.601362 -0.461716 -0.029758 0.628820 0.776981 0.757584 -0.492898 0.427924
10.481480 -131.009157 3141.612497 42826.489167 0.661010 0.548641 -0.511917 0.010658 0.675280 0.737485 0.750301 -0.492941 0.440519
2.873990 -132.322347 2322.386145 33011.604108 0.663460 0.548748 -0.508623 -0.001545 0.680787 0.732480 0.748210 -0.485185 0.452523
8.606697 -46.629424 -2975.266296 240.332335 -0.055960 0.968515 -0.242585 0.994811 0.074763 0.069003 0.084967 -0.237465 -0.967673
14.384691 -48.898501 401.737274 -11.650015 -0.047246 0.982409 -0.180666 0.998863 0.047613 -0.002309 0.006333 -0.180569 -0.983542
12.401793 -48.744268 -3427.651347 -570.392639 -0.069505 0.968446 -0.239334 0.997350 0.062284 -0.037610 -0.021516 -0.241313 -0.970209
1.945131 -66.472499 -116.371871 848.525359 0.084269 0.995782 0.036292 0.032113 0.033688 -0.998916 0.995925 -0.085343 0.029138
1.970359 -65.197182 109.337664 736.235833 0.083737 0.993946 0.071124 0.061226 0.066108 -0.995932 0.994605 -0.087751 0.055320
3.319394 -65.977593 -34.911016 -800.124437 0.085150 0.992207 0.090969 0.251559 0.066934 -0.965525 0.964089 -0.105099 0.243899
-4.704467 -88.539971 551.679925 2751.727316 -0.140135 0.979206 0.146689 -0.950504 -0.174536 0.257060 -0.277317 0.103405 -0.955198
0.051684 -87.487060 798.251722 189.948252 -0.146572 0.975148 0.166143 -0.880885 -0.205085 0.426593 -0.450065 0.083826 -0.889053
-2.859439 -93.972919 605.648848 4356.743592 -0.189201 0.966845 0.171504 -0.945929 -0.226327 0.232368 -0.263479 0.118266 -0.957388
2.965805 -63.480643 1891.158629 -11824.414725 0.082627 -0.959621 -0.268888 0.992699 0.055462 0.107112 -0.087874 -0.275775 0.957197
0.176297 -47.512421 538.042378 -7053.422860 0.197345 -0.951188 -0.237268 0.964018 0.144318 0.223251 -0.178111 -0.272788 0.945443
2.583077 -47.950897 764.768992 -4552.243791 0.199035 -0.953958 -0.224386 0.960713 0.144742 0.236814 -0.193432 -0.262705 0.945288
0.139031 -44.444721 -3253.359535 193.483083 -0.130617 0.960310 -0.246463 -0.863712 0.011834 0.503847 -0.486766 -0.278684 -0.827885
0.280626 -54.717489 -672.910139 1265.110101 0.062838 -0.984887 -0.161398 0.995202 0.049682 0.084294 -0.075001 -0.165920 0.983283
3.448914 -53.943376 338.099248 1428.355570 0.086890 0.995308 0.042564 -0.260286 0.063923 -0.963413 0.961614 -0.072632 -0.264619
1.974845 -56.212084 226.501852 1440.177818 0.086255 0.995009 0.050173 -0.269433 0.071781 -0.960340 0.959149 -0.069316 -0.274280
4.020655 -50.254646 586.044009 927.353324 0.067682 0.997706 0.001498 -0.418259 0.029737 -0.907841 0.905803 -0.060818 -0.419312
2.152032 -59.941798 43.148293 1629.737291 0.094835 0.991916 0.084311 -0.095940 0.093406 -0.990995 0.990859 -0.085892 -0.104022
6.103957 -47.811298 820.097628 916.214490 0.070561 0.997321 -0.019278 -0.406881 0.011131 -0.913413 0.910752 -0.072295 -0.406576
5.308746 -51.922764 741.521957 1492.041226 0.088785 0.995935 0.015160 -0.245074 0.036594 -0.968813 0.965430 -0.082301 -0.247327
2.482500 -58.185217 28.960961 1662.072897 0.097575 0.992406 0.074891 -0.081941 0.083006 -0.993175 0.991849 -0.090773 -0.089418
0.976729 -184.074935 1297.594476 -11335.778596 0.869285 0.474851 -0.137332 0.017958 -0.307978 -0.951224 0.493985 -0.824418 0.276248
-0.390010 -183.894632 1537.008814 -4685.920222 0.868438 0.476176 -0.138100 -0.115173 -0.077169 -0.990343 0.482235 -0.875957 0.012174
10.536186 -95.140376 2262.418947 -11369.212971 -0.840191 -0.330890 0.429641 -0.216054 0.930925 0.294448 -0.497394 0.154567 -0.853644
5.153561 -82.665353 2910.864390 -3799.034802 -0.827985 -0.351013 0.437299 -0.288241 0.935350 0.205032 -0.480996 0.043716 -0.875632
10.381953 -78.888372 1979.746043 -8977.840058 -0.849004 -0.308905 0.428684 -0.260125 0.950533 0.169769 -0.459921 0.032623 -0.887360
6.197458 -74.380100 3433.985846 288.328464 -0.814640 -0.381726 0.436632 -0.370525 0.921735 0.114525 -0.446176 -0.068487 -0.892321
1.102921 -82.994301 2136.495266 4610.259184 -0.800093 -0.410762 0.437180 -0.391628 0.909714 0.138015 -0.454400 -0.060787 -0.888721
-6.038786 -179.598969 407.181546 -10035.891998 0.871688 0.465120 -0.154352 -0.054953 -0.220206 -0.973904 0.486971 -0.857422 0.166391
-6.494399 -182.210951 1344.213968 -4167.373902 0.867325 0.473524 -0.153369 -0.159178 -0.028073 -0.986851 0.471603 -0.880333 -0.051027
-4.500171 -182.438463 807.907245 -11842.175824 0.870717 0.470351 -0.143603 -0.019347 -0.259018 -0.965679 0.491403 -0.843611 0.216431
331.132135 -125.394530 154923.533864 -27846.733404 0.764293 0.532040 -0.364404 -0.271216 0.777875 0.566879 0.585063 -0.334430 0.738822
1342.980980 -171.840600 549758.423901 1062.630091 0.918672 0.260031 -0.297364 0.070886 -0.849080 -0.523486 0.388609 -0.459833 0.798459
357.387129 -129.883859 134020.444553 -7299.029635 0.856579 0.392492 -0.334997 -0.274085 0.896113 0.349084 0.437208 -0.207201 0.875167
2.326653 -361.872135 -419.013341 -39551.693937 0.858406 0.402576 -0.317919 -0.411728 0.171039 -0.895112 0.305974 -0.899266 -0.312573
0.227536 -411.207342 -980.671831 -10735.223525 0.853571 0.411548 -0.319445 -0.506371 0.511203 -0.694449 0.122497 -0.754519 -0.644744
-8.267004 -33.456239 5983.492904 -3290.655628 0.291694 0.771226 -0.565796 -0.172914 0.624292 0.761814 -0.940752 0.124382 -0.315458
-13.236859 -41.251735 5331.077096 -2763.927349 0.276920 0.748302 -0.602794 -0.114739 0.648589 0.752441 -0.954018 0.139202 -0.265467
-7.252857 -19.195530 172.011966 396.699274 0.129911 0.764496 0.631402 0.040342 -0.640346 0.767026 -0.990705 0.074173 0.114030
-7.120334 -21.495317 -479.588130 169.945461 0.114739 0.684713 0.719724 -0.054827 0.727770 -0.683627 -0.991881 0.038978 0.121045
-7.316446 -22.251056 -709.969543 1342.328586 0.131321 0.541569 0.830336 -0.076475 0.840628 -0.536187 -0.988386 0.006913 0.151808
-10.420023 -46.957872 -5080.310303 -2001.468994 0.734214 0.670439 0.106964 -0.311998 0.473125 -0.823899 0.602982 -0.571546 -0.556551
-21.137799 -51.667713 204.298803 -347.099179 -0.749415 -0.630840 -0.201042 -0.348826 0.634270 -0.689943 0.562759 -0.446926 -0.695385
