15723
31432
-36.351260 -56.024498 1354.926737 7069.848010 0.581850 0.810545 -0.066834 0.809670 -0.585048 -0.046406 0.076715 0.027113 0.996684
-50.676110 -74.022126 -736.140263 6380.221839 -0.248957 -0.964909 0.083498 0.966156 -0.241413 0.090899 -0.067552 0.103302 0.992353
-45.544315 -70.607523 2503.802404 12258.040030 0.172008 0.984886 -0.020314 0.984281 -0.172668 -0.037107 0.040054 0.013612 0.999105
-40.269673 -59.440752 1504.764653 6273.483260 0.714752 0.688166 -0.124725 0.696536 -0.716498 0.038333 0.062986 0.114274 0.991451
-34.667957 -50.335018 -1390.016318 8929.154944 0.329901 0.943729 0.023267 0.934717 -0.323102 -0.148018 0.132171 -0.070579 0.988711
-30.574758 -48.451936 1077.341013 -3092.563376 0.847838 0.515082 -0.125937 -0.512983 0.856877 0.051099 0.134233 0.021280 0.990721
32.888896 -16.076513 -20042.458463 219.848901 0.168650 -0.479710 -0.861066 0.792639 0.585274 -0.170815 0.585902 -0.653706 0.478944
58.231989 -27.294833 -37626.556331 -16950.757921 0.548063 -0.197464 -0.812795 0.645032 0.718417 0.260406 0.532504 -0.666997 0.521108
11.220172 -41.371905 -3971.631745 -10827.088730 0.502480 -0.021275 -0.864327 0.577060 0.752692 0.316949 0.643829 -0.658029 0.390490
-19.999858 -385.405661 -6234.938719 180643.216581 0.743837 0.662943 0.084927 0.076509 0.041774 -0.996193 0.663967 -0.747504 0.019648
14.712812 -68.742752 -2409.964874 -6126.776006 0.536514 0.730672 0.422221 0.496214 -0.677841 0.542497 -0.682586 0.081545 0.726241
9.012435 -58.700743 -2550.111086 -8732.314074 0.537494 0.725591 0.429672 0.371939 -0.661281 0.651436 -0.756810 0.190331 0.625310
13.989262 -60.267202 -1996.780517 -7427.057432 0.540221 0.750909 0.379864 0.449330 -0.639058 0.624266 -0.711522 0.166557 0.682639
12.232367 -42.454272 -2954.083863 8023.444820 0.206736 0.173744 0.962846 -0.581424 0.813305 -0.021920 -0.786896 -0.555290 0.269159
8.461761 -64.818123 -1723.107381 17600.973390 0.139439 0.257062 0.956282 -0.648931 0.753167 -0.107839 -0.747961 -0.605524 0.271836
5.890344 -50.069952 -2260.300953 9135.039222 0.173779 0.178043 0.968557 -0.579160 0.813932 -0.045706 -0.796477 -0.553006 0.244559
8.572457 -40.628866 -2363.789723 -1444.265387 0.240631 0.094230 0.966032 -0.518194 0.854037 0.045772 -0.820714 -0.511606 0.254338
7.011497 -51.685248 -421.123021 1231.432196 -0.487711 0.872364 -0.033456 0.170119 0.057380 -0.983752 0.856269 0.485478 0.176390
5.236555 -53.024397 -3056.075600 -612.921908 -0.471182 0.881881 -0.016501 0.270479 0.126657 -0.954358 0.839540 0.454140 0.298209
7.084284 -50.392228 -6723.433444 -554.544233 -0.469039 0.883170 -0.003590 0.177793 0.090440 -0.979903 0.865097 0.460251 0.199441
-5.316057 -70.137921 234.507523 808.879235 0.643665 0.543356 -0.538943 0.663110 -0.044389 0.747205 0.382075 -0.838328 -0.388876
-6.436887 -66.154615 51.840053 154.676970 0.648113 0.534457 -0.542500 -0.595154 -0.088973 -0.798671 0.475123 -0.840500 -0.260420
-4.372468 -68.587268 -388.865503 -1972.779287 0.679919 0.515666 -0.521344 -0.621850 0.028698 -0.782611 0.388604 -0.856309 -0.340179
-2.339174 -71.696163 -326.503142 1945.974554 0.676926 0.519793 -0.521139 0.679823 -0.170112 0.713374 0.282154 -0.837184 -0.468521
-3.450972 -71.711453 123.809955 1558.266090 0.636423 0.544371 -0.546466 0.723452 -0.175530 0.667687 0.267548 -0.820274 -0.505538
9.533337 -79.025306 4851.075623 -3450.115773 -0.178778 0.785474 0.592511 0.901508 -0.110449 0.418431 0.394108 0.608960 -0.688365
-9.193341 -80.522777 1615.914025 -2135.720684 -0.097581 0.790783 0.604268 0.907621 -0.178379 0.380006 0.408291 0.585528 -0.700325
14.052210 -77.571657 5868.154268 -230.055056 -0.186944 0.777315 0.600693 0.950032 -0.012548 0.311900 0.249982 0.628986 -0.736129
52.381439 -44.380428 -7677.079756 -482.568806 -0.286849 0.916690 0.278203 0.594546 0.398064 -0.698613 0.751154 0.034991 0.659199
51.408207 -44.425240 -8004.375391 766.144505 -0.313449 0.909145 0.274234 0.661625 0.416241 -0.623695 0.681177 0.014057 0.731984
56.147772 -43.015047 -8638.786167 27.643139 -0.373556 0.896601 0.237830 0.591785 0.427787 -0.683219 0.714316 0.114477 0.690397
53.470573 -43.501632 -286.183348 -1161.833839 -0.393856 0.893822 0.214382 0.524244 0.410017 -0.746361 0.755014 0.181570 0.630068
50.550225 -42.957933 3352.867352 443.545759 -0.476512 0.864626 0.159243 0.574163 0.443219 -0.688399 0.665787 0.236599 0.707635
-21.087180 -45.723998 -1705.811920 -1128.633166 0.160490 0.898523 0.408534 0.247726 0.363984 -0.897857 0.955445 -0.245302 0.164172
-22.173259 -47.056139 -1178.781365 400.601295 0.108831 0.896016 0.430478 0.323390 0.377581 -0.867670 0.939986 -0.233642 0.248670
-18.263303 -47.309374 -1560.323752 814.205370 0.185604 0.901306 0.391407 0.300366 0.327222 -0.895939 0.935592 -0.283855 0.209988
-15.834860 -45.633132 -1952.638713 726.629153 0.226200 0.894808 0.384905 0.218618 0.338431 -0.915244 0.949231 -0.291175 0.119068
-18.475652 -42.465777 -2144.963924 1224.670959 0.204770 0.899835 0.385183 0.147713 0.360606 -0.920947 0.967600 -0.245479 0.059076
-16.848219 -47.080964 1719.190462 -539.694919 -0.436946 -0.628481 0.643498 0.188974 0.635298 0.748789 -0.879413 0.448785 -0.158824
-18.397488 -52.251827 -1572.024697 -1451.789576 0.455713 0.690236 -0.562050 0.292848 0.480017 0.826936 -0.840575 0.541441 -0.016615
-24.395130 -48.117771 1899.047834 -101.428856 -0.445915 -0.525125 0.724847 0.296702 0.677312 0.673214 -0.844469 0.515260 -0.146218
2.677496 -75.853031 -2944.074838 1912.465288 0.317449 0.547965 0.773926 0.375574 0.676747 -0.633212 -0.870730 0.491678 0.009031
4.825299 -78.437808 -2886.049093 5537.830125 0.328029 0.562449 0.758978 0.274914 0.711823 -0.646321 -0.903781 0.420665 0.078873
-1.563976 -78.725323 -2453.041831 -217.334053 0.312166 0.525016 0.791776 0.336727 0.718172 -0.608969 -0.888351 0.456712 0.047402
-4.648206 -89.125485 -2414.131306 -9611.571348 0.277542 0.483862 0.829969 0.462635 0.689831 -0.556869 -0.841986 0.538527 -0.032395
11.226092 -177.626231 800.217616 -1214.752882 0.260508 0.272303 0.926276 0.836532 -0.542658 -0.075740 0.482026 0.794590 -0.369157
11.408182 -173.542040 194.802734 -11263.453346 -0.227513 -0.307102 -0.924081 -0.696552 0.714470 -0.065947 0.680480 0.628667 -0.376464
9.705025 -164.179979 -282.923980 2633.045996 0.240437 0.280952 0.929116 0.794789 -0.606476 -0.022286 0.557225 0.743809 -0.369117
-8.411120 -106.751589 -2926.212763 5196.437497 0.185794 0.104961 0.976967 0.405930 0.897266 -0.173595 -0.894819 0.428833 0.124100
-8.190702 -102.310196 -628.684280 3050.934157 0.207428 0.091568 0.973955 0.545287 0.815769 -0.192828 -0.812180 0.571083 0.119283
-8.118121 -106.584031 -3052.598191 2314.649782 0.168097 0.102282 0.980450 0.383249 0.909576 -0.160596 -0.908220 0.402752 0.113697
-4.654246 -97.798456 2614.331532 10384.418453 0.257245 0.099939 0.961164 0.570342 0.787223 -0.234499 -0.780086 0.608516 0.145510
-8.048421 -111.860521 -3170.860649 3638.339534 0.176459 0.126973 0.976084 0.221037 0.961207 -0.164998 -0.959169 0.244866 0.141548
-10.775817 -116.788708 -2658.401132 3276.289792 0.190572 0.109543 0.975542 0.236229 0.959435 -0.153882 -0.952826 0.259777 0.156964
-9.573654 -108.517372 119.883461 5527.345763 0.215765 0.082343 0.972967 0.399134 0.901952 -0.164845 -0.891144 0.423912 0.161744
-3.037213 -37.333805 -519.890873 2683.169403 -0.514125 0.633537 -0.578192 0.179300 -0.579829 -0.794764 0.838765 0.512278 -0.184512
-2.587851 -37.369442 1137.629822 2034.541657 -0.515692 0.621000 -0.590272 0.214908 -0.573165 -0.790757 0.829383 0.534641 -0.162119
-4.110160 -32.066719 2274.058666 2199.985026 -0.536288 0.641438 -0.548591 0.115128 -0.588296 -0.800408 0.836147 0.492407 -0.241648
-2.463630 -31.310843 -201.384076 3305.467534 -0.524859 0.652054 -0.547128 0.085580 -0.599099 -0.796088 0.846876 0.464657 -0.258640
-3.710906 -37.281942 -2475.112548 3268.022038 -0.505960 0.632455 -0.586519 0.164044 -0.597012 -0.785281 0.846814 0.493536 -0.198313
1.948492 -192.633021 -2604.199638 265.788320 -0.121043 -0.479261 -0.869286 0.200486 0.845874 -0.494269 0.972190 -0.234107 -0.006302
0.824191 -248.881392 -3826.393799 35473.289264 -0.132295 -0.552656 -0.822842 0.416556 0.722277 -0.552085 0.899433 -0.415798 0.134658
0.058818 -182.326023 -1438.134149 12237.512996 -0.142984 -0.508119 -0.849335 0.368073 0.769302 -0.522204 0.918737 -0.387284 0.077027
91.256129 -5863.881249 -2881.310830 2563976.707420 0.103680 0.234010 0.966690 -0.022371 0.972231 -0.232952 -0.994359 0.002526 0.106036
-57.311883 -4303.547376 -28249.982890 17996.382270 -0.111184 -0.271427 -0.956015 0.993787 -0.035163 -0.105593 -0.004956 -0.961817 0.273650
161.818904 -11208.245663 55956.802886 -2213482.790012 -0.188399 -0.237519 -0.952938 0.870320 -0.489948 -0.049946 -0.455027 -0.838770 0.299023
6828.584712 -10739.626034 -7180118.605925 128794721.485351 -0.214894 -0.596553 -0.773269 0.506144 0.609114 -0.610572 0.835248 -0.522594 0.171047
-45.816960 -7648.180911 10631.659843 8500182.604836 0.237369 0.157681 0.958537 0.443876 0.860098 -0.251408 -0.864077 0.485148 0.134170
-97.027182 -6982.726111 -32765.993197 -4836693.005414 0.160827 0.236206 0.958301 -0.620272 0.779432 -0.088020 -0.767722 -0.580252 0.271866
-80.701647 -7624.725713 34216.153332 -7598119.238044 -0.089515 -0.239237 -0.966826 0.700931 0.674510 -0.231801 0.707590 -0.698428 0.107309
-7.129801 -17.946584 551.206066 2409.993767 0.095158 0.719157 -0.688301 0.507934 0.559578 0.654886 -0.856124 0.411929 0.312036
-7.349614 -20.499957 2053.571945 -1157.657040 0.331928 0.892915 -0.304181 0.431151 0.143201 0.890844 -0.839007 0.426844 0.337448
-1.167169 -12.119593 3538.335835 -2651.728758 0.377621 0.890096 -0.255209 0.388410 0.097931 0.916268 -0.840559 0.445128 0.308742
-3.240899 -13.229516 -2589.092549 7404.998011 0.059323 -0.479202 0.875698 0.537478 0.754561 0.376503 -0.841188 0.448333 0.302324
0.756939 -8.390512 -4673.459435 6787.936676 0.017370 -0.479903 0.877150 0.561801 0.730385 0.388480 -0.827090 0.486036 0.282296
-14.260663 -42.076936 -1050.463826 -108.723080 -0.064726 -0.564269 -0.823050 -0.275722 0.802784 -0.528692 0.959056 0.192713 -0.207542
-19.514795 -39.824577 -1005.543882 -3516.848737 -0.058900 -0.598381 -0.799044 -0.144778 0.797091 -0.586247 0.987710 0.081154 -0.133581
-16.533356 -42.953095 1201.545851 -4096.528930 -0.135926 -0.441418 -0.886946 -0.180410 0.891315 -0.415944 0.974154 0.103477 -0.200789
-14.502529 -51.144488 994.865220 1592.808659 0.548407 0.588460 -0.594108 -0.292861 0.800639 0.522695 0.783251 -0.112659 0.611413
-11.161896 -53.063159 467.557799 -212.790279 0.565099 0.549408 -0.615478 -0.086241 0.781264 0.618215 0.820503 -0.296274 0.488873
-13.339939 -50.071068 -166.383032 1575.612938 0.548686 0.540305 -0.637977 -0.230640 0.831317 0.505685 0.803585 -0.130320 0.580748
-14.765460 -47.882897 765.730829 1930.215584 0.527408 0.610954 -0.590404 -0.426308 0.791398 0.438123 0.734917 0.020625 0.677843
-16.211264 -49.738600 1033.074271 1655.610430 0.534275 0.651595 -0.538492 -0.494247 0.757597 0.426342 0.685762 0.038364 0.726814
-10.992888 -13.440312 2674.095226 9103.839894 0.755377 0.080984 0.650267 0.499480 -0.713504 -0.491356 -0.424176 -0.695955 0.579415
-16.391002 -32.361327 -824.994647 5259.825679 -0.554030 -0.299395 -0.776797 0.691940 -0.684436 -0.229711 -0.462893 -0.664764 0.586361
-8.383672 -20.789340 6637.128882 5642.944486 0.096940 -0.650212 -0.753543 0.884740 -0.290498 0.364481 -0.455893 -0.702022 0.547107
-172.195693 -2639.652562 -269506.329623 2704436.499587 0.206975 -0.122363 0.970664 -0.017442 0.991529 0.128712 -0.978191 -0.043570 0.203087
55.761331 -2041.341582 -211259.783981 -298938.507425 0.082628 -0.231077 0.969420 -0.167681 0.955655 0.242088 -0.982373 -0.182556 0.040217
-202.670796 -6864.158575 -304542.834424 -5049703.967753 0.327370 -0.281757 0.901910 -0.532056 0.733837 0.422374 -0.780862 -0.618140 0.090326
-635.855496 -2622.184277 -227204.581292 -772369.254321 0.453677 -0.252937 0.854517 -0.408898 0.792899 0.451789 -0.791821 -0.554376 0.256295
-18.881624 -85.238685 -5296.069896 -16730.485237 -0.173117 -0.685928 0.706777 -0.032571 0.721207 0.691954 -0.984363 0.096769 -0.147195
-27.888314 -87.622758 2886.693958 4037.231559 -0.196539 -0.254151 0.946984 0.002777 0.965674 0.259744 -0.980492 0.053679 -0.189087
-2.991322 -159.632226 -5930.462018 -30496.379039 -0.173079 -0.558712 0.811101 0.163238 0.795867 0.583051 -0.971286 0.233317 -0.046545
10.347804 -166.145504 5420.280839 -34281.257411 0.143164 0.773964 -0.616834 0.181702 0.592106 0.785108 -0.972876 0.224479 0.055863
-6.797257 -97.497982 -3034.981123 -14652.706769 0.111560 0.861866 -0.494713 -0.030816 0.500581 0.865141 -0.993280 0.081270 -0.082404
-50.537328 -74.896756 -25.062799 -5417.025290 0.676470 0.654965 -0.336763 0.274082 0.200530 0.940567 -0.683570 0.728566 0.043861
-45.436956 -65.264254 -267.934961 -4761.314346 0.645830 0.594874 -0.478570 0.303513 0.375123 0.875878 -0.700560 0.710920 -0.061714
-46.266547 -67.223963 1024.157840 -5732.384382 0.647300 0.737561 -0.192373 0.060124 0.202189 0.977499 -0.759861 0.644301 -0.086532
-50.493227 -66.936645 -359.057005 -6759.652582 0.516950 0.824283 0.230910 -0.180812 -0.158518 0.970659 -0.836701 0.543534 -0.067094
-54.054637 -72.611399 999.255507 -5858.468420 0.576869 0.806454 0.129825 -0.043353 -0.128485 0.990763 -0.815685 0.577169 0.039157
-52.030483 -76.847927 882.271373 -5096.039899 0.657114 0.746579 -0.104025 0.148963 0.006666 0.988820 -0.738926 0.665263 0.106832
-53.664177 -55.791227 -1871.781871 -4760.405051 0.847403 -0.458076 -0.268466 0.526968 0.787426 0.319789 -0.064909 0.412463 -0.908659
-50.955417 -51.715009 -2418.947044 -835.566669 -0.335632 0.850153 0.405698 0.929895 0.367822 -0.001484 -0.150486 0.376759 -0.914006
-51.114489 -57.779519 -2929.530657 -2852.411822 0.905104 -0.289051 -0.311828 0.402748 0.817944 0.410807 -0.136314 0.497411 -0.856738
-50.355213 -55.043440 -6473.420646 -2826.686113 0.051454 0.949748 0.308758 0.997670 -0.035013 -0.058559 -0.044806 0.311052 -0.949336
-55.883953 -60.565956 -2306.497177 -3057.524044 0.880942 -0.421770 -0.214594 0.472796 0.765168 0.437015 0.020119 0.486444 -0.873480
-53.179778 -58.671200 -4622.371920 -3807.294142 -0.171472 0.922430 0.346007 0.982924 0.136376 0.123542 0.066771 0.361282 -0.930063
68.463411 -27.426646 -2796.844046 8.519755 0.278154 -0.309894 0.909173 0.669526 0.741247 0.047820 -0.688741 0.595414 0.413664
39.150469 -27.426769 -3237.656510 -2069.960850 0.215611 -0.369234 0.903979 0.614603 0.770695 0.168202 -0.758798 0.519322 0.393103
55.339434 -25.668880 -6910.372419 -264.815209 0.265739 -0.150624 0.952206 0.613398 0.788405 -0.046472 -0.743724 0.596431 0.301902
335.936134 -21.130213 66073.881609 335.352328 0.375586 -0.487796 0.788029 0.805215 0.592743 -0.016865 -0.458872 0.640867 0.615407
448.939572 -15.653324 66336.374924 561.127309 0.432948 -0.358981 0.826855 0.758669 0.640483 -0.119178 -0.486804 0.678906 0.549644
758.689725 -40.783132 285486.126234 -5687.998330 0.483027 -0.398746 0.779542 0.771672 0.614569 -0.163790 -0.413772 0.680666 0.604555
435.995935 -28.675160 184542.120605 -3180.566519 0.462583 -0.570866 0.678328 0.778142 0.628085 -0.002069 -0.424867 0.528792 0.734756
1438.523373 -119.921185 898257.955491 -20636.268295 0.599214 -0.591686 0.539305 0.744166 0.660059 -0.102663 -0.295228 0.462850 0.835829
1175.454985 -87.811300 825395.313893 -12771.974894 0.457457 -0.498815 0.736150 0.828294 0.540210 -0.148670 -0.323517 0.677759 0.660287
41.656138 -32.635361 -23929.089007 -1518.377639 0.395292 0.768225 0.503562 0.300658 0.409802 -0.861201 0.867957 -0.491825 0.068981
39.858906 -23.043682 -14781.741804 -2507.732037 0.321163 0.583009 0.746294 0.496914 0.567101 -0.656866 0.806183 -0.581805 0.107574
105.460282 -27.890096 -43735.560012 -2681.696687 0.416011 0.816028 0.401289 0.334381 0.273100 -0.902001 0.845650 -0.509426 0.159251
79.548367 -37.369241 -24724.642360 -1511.320887 0.261234 0.908027 0.327482 0.192256 0.283521 -0.939497 0.945936 -0.308389 0.100508
184.798983 -26.244895 -64504.388893 -3284.669240 0.367054 0.862053 0.349479 0.396483 0.194877 -0.897120 0.841471 -0.467854 0.270260
111.010335 -35.947130 -19090.846886 -3544.158185 0.142038 0.949870 0.278517 0.284141 0.230403 -0.930687 0.948203 -0.211331 0.237171
7.848467 -41.569249 4730.697250 1017.980956 -0.300039 0.778478 0.551315 -0.687263 -0.577211 0.441019 -0.661548 0.246575 -0.708205
-2.236276 -43.707521 4899.784806 1052.711674 -0.309016 0.764308 0.565988 -0.747700 -0.563019 0.352073 -0.587754 0.314393 -0.745455
-2.523438 -41.055771 4999.364189 778.266949 -0.298861 0.769839 0.563941 -0.678570 -0.586944 0.441632 -0.670988 0.250687 -0.697804
10.380489 -82.269054 -731.731250 -8267.126159 -0.543158 0.838721 -0.039082 -0.200597 -0.174825 -0.963949 0.815316 0.515736 -0.263202
11.198417 -88.093316 -1014.598116 -7174.110261 -0.552655 0.833396 -0.004871 -0.239555 -0.164450 -0.956854 0.798239 0.527643 -0.290528
12.167437 -89.055051 -1333.816613 3591.048002 -0.543059 0.837906 -0.054780 -0.375655 -0.300777 -0.876594 0.750980 0.455464 -0.478103
8.489301 -84.548236 -269.115097 387.582146 -0.541131 0.837744 -0.073228 -0.334683 -0.294431 -0.895152 0.771469 0.459886 -0.439704
7.442751 -77.364692 32.228574 -7949.820002 -0.537367 0.840836 -0.065056 -0.168953 -0.182909 -0.968503 0.826252 0.509450 -0.240351
-0.796267 -120.962062 -338.180043 10529.294369 -0.434024 0.891112 -0.132445 -0.600677 -0.395809 -0.694638 0.671424 0.221933 -0.707061
-1.115976 -111.385996 -318.183435 6937.973385 -0.435462 0.889702 -0.137123 -0.710798 -0.433296 -0.554095 0.552394 0.143821 -0.821082
-2.327314 -118.314339 -62.606747 7454.381084 -0.440347 0.890717 -0.112774 -0.593523 -0.383040 -0.707821 0.673665 0.244753 -0.697331
2.400670 -111.182323 -1081.183369 7425.125067 -0.425726 0.892447 -0.149317 -0.700441 -0.429503 -0.570008 0.572834 0.138079 -0.807957
-1.826098 -125.322991 143.005901 6098.300363 -0.444600 0.889778 -0.103080 -0.457385 -0.324462 -0.827963 0.770149 0.320965 -0.551227
-0.607568 -129.942020 -136.593762 10195.857799 -0.440237 0.888969 -0.126199 -0.471697 -0.348574 -0.809937 0.763998 0.297037 -0.572779
2.010904 -120.907988 -1105.639473 11376.721406 -0.419949 0.895690 -0.146226 -0.600076 -0.394919 -0.695663 0.680846 0.204396 -0.703329
18.331763 -11.607125 -6796.929259 567.588093 -0.081002 0.222111 -0.971651 -0.292523 0.926627 0.236205 0.952822 0.303363 -0.010086
15.701173 -13.608236 -5799.567437 -3207.780649 -0.056091 0.135613 -0.989173 -0.305694 0.940820 0.146318 0.950476 0.310592 -0.011315
29.966766 -12.080194 -9167.007378 -3057.515219 -0.106106 0.184588 -0.977072 -0.292180 0.933453 0.208077 0.950459 0.307559 -0.045112
31.358491 -9.142210 -9681.192705 743.744185 -0.117400 0.252149 -0.960540 -0.282103 0.918916 0.275702 0.952174 0.303339 -0.036749
40.016286 -9.313460 -7743.162162 -1412.859426 -0.189846 0.238970 -0.952288 -0.282390 0.915652 0.286073 0.940327 0.323227 -0.106350
27.117367 -19.933495 -8343.295228 -7339.854042 -0.105428 0.127447 -0.986226 -0.304062 0.940123 0.153994 0.946800 0.316109 -0.060363
36.392740 -16.369669 -8413.362301 -5286.322928 -0.186365 0.205295 -0.960792 -0.284417 0.924778 0.252769 0.940412 0.320373 -0.113957
78.110256 -55.174518 -27337.062443 5584.269523 -0.222072 0.828469 0.514123 -0.345583 -0.559937 0.753022 -0.911733 0.010447 -0.410651
94.012167 -54.527292 -32557.600113 892.260342 -0.220755 0.858392 0.463066 -0.273806 -0.510229 0.815289 -0.936108 -0.053189 -0.347669
42.203656 -60.361481 -14941.396679 -987.306588 -0.245742 0.874466 0.418234 -0.299249 -0.478829 0.825332 -0.921988 -0.077663 -0.379351
0.846961 -84.779168 562.778583 4096.534753 -0.247136 0.968980 0.001248 -0.688523 -0.174699 -0.703858 0.681806 0.174808 -0.710339
0.009894 -83.549283 285.644058 3696.454359 -0.260274 0.965395 -0.016433 -0.682852 -0.196079 -0.703752 0.682620 0.171947 -0.710256
-0.495693 -83.575162 457.761615 -1005.629540 -0.240841 0.970548 0.005625 -0.765458 -0.186378 -0.615904 0.596716 0.152640 -0.787801
0.583590 -84.160982 168.918654 -1121.180215 -0.222089 0.974949 0.012284 -0.758244 -0.164776 -0.630804 0.612978 0.149409 -0.775845
-10.121400 -92.861593 -604.661104 -2253.554338 -0.460652 0.887445 0.015527 -0.309845 -0.144391 -0.939759 0.831743 0.437713 -0.341484
-10.272624 -86.505932 -551.969506 -2276.685784 -0.457753 0.888405 0.034623 -0.148768 -0.038144 -0.988136 0.876545 0.457473 -0.149627
-7.415677 -91.204431 -897.084048 -4221.563948 -0.419349 0.907412 0.027379 -0.168296 -0.048068 -0.984564 0.892089 0.417484 -0.172871
-7.875408 -99.710932 -570.383326 63.151503 -0.445545 0.895180 -0.011961 -0.477978 -0.249151 -0.842295 0.756986 0.369563 -0.538884
-10.345890 -95.151255 -623.180646 -551.483315 -0.471780 0.881716 0.000425 -0.470742 -0.251473 -0.845673 0.745537 0.399172 -0.533701
-6.811505 -97.150275 -616.654462 -3050.174505 -0.432711 0.901530 0.002295 -0.321346 -0.151859 -0.934706 0.842317 0.405195 -0.355414
-7.546285 -115.474429 -1102.502942 9300.209927 -0.464591 0.868564 0.172489 0.696291 0.478660 -0.534850 0.547114 0.128384 0.827154
-10.570191 -118.983424 -471.877267 8978.873513 -0.505256 0.851736 0.138790 0.774438 0.518476 -0.362530 0.380739 0.075686 0.921580
-7.348953 -123.979008 -1025.631464 9049.824031 -0.482377 0.856319 0.184473 0.775756 0.515424 -0.364061 0.406834 0.032509 0.912923
-10.657406 -119.478778 3287.008522 -19188.878342 -0.008092 0.995796 -0.091239 -0.826110 0.044755 0.561729 -0.563451 -0.079919 -0.822275
-13.945465 -119.668751 1532.025088 -14390.705583 -0.054424 0.992279 -0.111446 -0.781806 0.027084 0.622934 -0.621143 -0.121031 -0.774295
-12.929764 -142.056337 3878.784740 -20668.697827 0.034893 0.991188 -0.127781 -0.698226 0.115656 0.706473 -0.715027 -0.064569 -0.696109
-10.388025 -108.333242 1259.606033 -7003.243079 -0.080267 0.993191 -0.084437 -0.871254 -0.028756 0.489989 -0.484225 -0.112896 -0.867630
-5.592880 -137.924797 1730.692212 -21503.000184 0.039384 0.990906 -0.128660 -0.791864 0.109482 0.600804 -0.609427 -0.078219 -0.788974
-6.939465 -113.664284 2855.051325 -14228.600969 -0.006773 0.996155 -0.087348 -0.898934 0.032197 0.436899 -0.438031 -0.081479 -0.895260
-6.623916 -130.650460 -2804.099701 -814.015566 -0.273811 0.955224 -0.112141 0.891850 0.208522 -0.401400 0.360043 0.209920 0.909012
-10.812535 -128.573793 1914.364154 -1706.578679 0.305136 -0.941587 0.142500 0.941061 0.275208 -0.196631 0.145928 0.194101 0.970067
-6.529383 -130.883283 2333.099857 -566.290208 0.291654 -0.949457 0.116054 0.942684 0.264746 -0.203118 0.162127 0.168643 0.972252
16.837437 -24.093375 2963.516533 5723.683759 -0.280570 0.958832 0.043844 0.227243 0.021976 0.973590 -0.932546 -0.283123 0.224053
20.187874 -18.103209 3446.945711 3544.014849 -0.285065 0.958506 0.001982 0.243333 0.070368 0.967387 -0.927107 -0.276251 0.253296
24.600428 -21.719034 -3352.565367 4672.003954 -0.332324 0.940115 0.075795 0.256730 0.012838 0.966398 -0.907552 -0.340616 0.245623
5.292151 -201.409110 -2130.175943 78556.854251 -0.310338 0.946247 -0.091142 -0.310840 -0.010403 0.950405 -0.898370 -0.323278 -0.297360
2.784107 -234.626110 -1461.579935 59244.500348 -0.313275 0.946720 -0.074697 -0.473233 -0.087432 0.876588 -0.823353 -0.309962 -0.475409
6.296915 -245.403063 -2118.506658 89673.138126 -0.300978 0.949880 -0.084496 -0.481654 -0.074946 0.873151 -0.823056 -0.303497 -0.480071
3.328987 -259.448067 -1092.220219 42171.456400 -0.070580 0.997478 -0.007520 0.721034 0.045807 -0.691383 0.689295 0.054220 0.722449
-0.549399 -254.420138 -2141.911624 22542.246717 -0.084158 0.996414 -0.008737 0.746664 0.057253 -0.662733 0.659856 0.062298 0.748805
3.714607 -251.586740 -2496.231515 14857.038597 -0.061892 0.998080 0.002405 0.857341 0.054398 -0.511867 0.511015 0.029619 0.859062
5.677703 -257.554858 -61.567597 11013.775542 -0.064158 0.997201 -0.038387 0.903512 0.041711 -0.426528 0.423733 0.062048 0.903659
4.582449 -245.829261 693.480893 38859.129270 -0.091758 0.995263 -0.032129 0.693500 0.040716 -0.719305 0.714590 0.088283 0.693951
8.095387 -794.138071 -13301.201384 336703.709360 0.059718 0.881132 -0.469084 0.100757 0.462202 0.881032 -0.993117 0.099877 0.061179
16.216732 -898.614815 -14371.504146 483417.405791 0.052598 0.874563 -0.482051 0.222567 0.460311 0.859406 -0.973498 0.152491 0.170437
-8.922133 -228.551074 -16139.651172 132122.604082 0.025852 0.907087 -0.420148 0.186808 0.408501 0.893437 -0.982056 0.101584 0.158890
-2.252539 -425.566183 -9267.088416 156919.266433 0.070819 0.845767 -0.528832 -0.004302 0.530417 0.847726 -0.997480 0.057760 -0.041202
-34.473875 -36.966434 28126.127755 -20835.870229 0.130370 0.241868 0.961511 0.038194 0.967843 -0.248639 -0.990730 0.069139 0.116940
12.462603 -408.743126 -8119.500646 183406.417545 0.093588 0.790177 -0.605691 0.138017 0.592191 0.793890 -0.985998 0.157894 0.053636
-343.596728 -6715.597162 -113329.755177 -619689.107427 -0.240614 0.941564 -0.235717 0.173397 -0.197247 -0.964897 0.955007 0.273041 0.115804
-1199.329707 -3957.315224 -353492.865631 674611.374254 -0.226828 0.973932 -0.002240 -0.944479 -0.219406 0.244584 -0.237716 -0.057594 -0.969626
-290.763882 -9201.957235 -66444.935942 -6735492.120738 -0.247312 0.951703 0.181927 -0.914206 -0.166983 -0.369248 0.321036 0.257638 -0.911350
-333.574105 -1585.528663 91456.190738 255925.841406 0.374660 -0.701341 0.606424 0.814637 -0.063302 -0.576506 0.442715 0.710009 0.547622
-1357.017869 -7396.869694 485443.170855 -3256342.981451 0.030713 -0.896304 0.442374 0.990060 0.088055 0.109673 -0.137254 0.434609 0.890099
-8.279257 -25.615241 3711.126274 2648.866136 0.482606 0.025458 0.875467 0.258246 0.951002 -0.170014 -0.836899 0.308136 0.452385
-10.326560 -16.391735 1344.989617 2894.934301 0.503606 0.133114 0.853617 0.242271 0.926653 -0.287435 -0.829268 0.351561 0.434419
-12.762709 -23.521717 585.849871 724.106638 0.542269 0.441943 0.714584 0.063850 0.826353 -0.559521 -0.837775 0.349037 0.419888
-12.239395 -30.832342 3255.113508 3217.264222 0.510043 0.216423 0.832477 0.165492 0.925055 -0.341885 -0.844079 0.312144 0.436001
-1.906275 -34.854449 5108.776271 5011.822644 0.480947 -0.043011 0.875694 0.252585 0.963247 -0.091413 -0.839578 0.265151 0.474135
5.026284 -98.473208 -1285.461465 8674.051012 -0.240461 0.965360 -0.101287 0.969534 0.233849 -0.072935 -0.046723 -0.115739 -0.992180
4.782890 -132.838676 -1192.782061 52773.349173 -0.259694 0.961061 -0.094454 0.962532 0.249699 -0.105748 -0.078045 -0.118377 -0.989897
2.405705 -112.940426 -1280.515258 18963.905496 -0.237891 0.964945 -0.110856 0.969224 0.228390 -0.091881 -0.063342 -0.129302 -0.989580
-3.554938 -32.710481 1212.832682 197.817971 -0.370600 0.897074 0.240654 0.895030 0.275706 0.350581 0.248147 0.345318 -0.905085
-3.405011 -33.914297 1266.772293 522.667969 -0.380053 0.893561 0.238973 0.910828 0.316540 0.264944 0.161099 0.318356 -0.934182
-2.616664 -33.144346 -114.830386 229.346098 -0.393658 0.892470 0.220295 0.891055 0.311558 0.330080 0.225952 0.326234 -0.917887
-3.179511 -31.800069 -134.052187 186.540868 -0.400534 0.890603 0.215404 0.862113 0.286662 0.417834 0.310376 0.353059 -0.882619
-5.151053 -34.451608 -1638.493779 157.867041 -0.410830 0.889067 0.201935 0.886829 0.338298 0.314784 0.211550 0.308405 -0.927434
-5.323097 -32.848046 -1643.729602 116.308162 -0.439158 0.879003 0.185727 0.846462 0.335549 0.413412 0.301069 0.338764 -0.891401
-847.161530 -30029.503123 -2831979.408611 41270360.168489 0.215688 0.956481 0.196528 0.510401 -0.282015 0.812378 -0.832448 0.074912 0.549016
-1268.509992 -5497.299693 736535.851593 -1659355.567436 0.431664 0.733830 0.524557 -0.439351 -0.336841 0.832772 -0.787805 0.589942 -0.177007
-593.531155 -47709.421891 2967445.000321 99678727.017330 0.171332 0.982397 -0.074435 -0.249895 0.116415 0.961249 -0.952994 0.146092 -0.265442
-17.707942 -75.947409 3211.532499 -21748.300794 0.499375 0.328720 0.801603 0.812759 0.142716 -0.564850 -0.300079 0.933582 -0.195901
-32.514757 -225.810946 6482.596571 71302.808622 0.738532 0.306107 0.600724 -0.642548 0.049687 0.764632 -0.204211 0.950699 -0.233384
-39.499326 -250.906285 4417.700257 87229.647259 0.783158 0.326126 0.529439 -0.571719 0.042805 0.819332 -0.244543 0.944357 -0.219975
2.724797 -277.185632 -18945.536642 -84763.233239 0.513399 0.347580 0.784608 0.809063 0.108743 -0.577574 -0.286074 0.931323 -0.225386
15.374537 -70.993876 -9134.985382 -10055.555025 0.052586 0.238193 0.969793 0.932178 0.336597 -0.133218 -0.358161 0.911025 -0.204338
-45.830839 -99.627213 -628.762932 14913.831783 -0.086160 0.995303 -0.044151 0.989855 0.090545 0.109489 -0.112973 0.034269 0.993007
-54.685103 -80.996070 -1193.936523 1766.645214 0.316633 0.943405 -0.098642 0.925896 -0.284805 0.248200 -0.206059 0.169921 0.963674
-62.094664 -91.006034 2740.121760 3829.978948 -0.104097 0.974042 -0.201013 0.943952 0.160415 0.288481 -0.313238 0.159717 0.936148
-46.280327 -71.039992 -77.250725 5534.964276 -0.631364 -0.764051 0.132688 0.773989 -0.610221 0.169033 -0.048181 0.209420 0.976638
33.240537 -36.815282 -24469.856673 7088.430201 0.639841 -0.062946 -0.765926 -0.542960 -0.742349 -0.392571 0.543874 -0.667050 0.509162
11.081482 -64.575342 -672.167099 6708.957026 0.568630 0.689477 0.448644 -0.404789 0.709332 -0.577057 -0.716105 0.146526 0.682440
7.014707 -52.870911 -568.467259 6605.452101 0.575137 0.662251 0.480252 -0.282707 0.711796 -0.642980 -0.767655 0.234031 0.596603
6.285815 -43.840790 -1290.122498 8281.963440 0.569814 0.668263 0.478264 -0.238797 0.691526 -0.681739 -0.786313 0.274257 0.553620
17.091201 -53.765067 -3425.470736 11926.930428 0.177428 0.250480 0.951724 -0.638914 0.764875 -0.082192 -0.748537 -0.593487 0.295745
13.901518 -88.599223 -2428.456253 23873.901085 0.118659 0.300967 0.946223 -0.701963 0.699411 -0.134435 -0.702259 -0.648262 0.294259
6.495889 -110.280362 1864.760073 -25209.419948 -0.102116 -0.301463 -0.947994 0.760694 -0.637758 0.120868 -0.641028 -0.708791 0.294446
44.019846 -28.889686 -10620.877850 2325.021132 0.190298 0.879034 0.437133 0.015282 0.442564 -0.896607 0.981608 -0.177302 -0.070786
26.892316 -30.428326 -9771.809763 2671.409645 0.264648 0.838476 0.476360 0.030065 0.486558 -0.873131 0.963876 -0.245394 -0.103558
49.032048 -34.711490 -14860.768657 2520.493373 0.233213 0.856524 0.460411 0.092924 0.451670 -0.887333 0.967976 -0.249720 -0.025744
28.138688 -23.246009 -9498.302866 2538.111220 0.238402 0.845247 0.478248 -0.031194 0.498858 -0.866122 0.970665 -0.191567 -0.145296
58.530817 -34.277010 -9598.777944 1548.915133 0.131233 0.886920 0.442890 0.092504 0.433849 -0.896225 0.987026 -0.158583 0.025108
39.812314 -21.028443 -8462.579525 2110.033877 0.180335 0.890353 0.418033 -0.053666 0.433274 -0.899663 0.982140 -0.139807 -0.125916
51.642667 -27.849674 -4645.458429 2664.245914 0.057341 0.917134 0.394432 -0.035084 0.396690 -0.917282 0.997738 -0.038760 -0.054924
60.270570 -32.715794 -2647.045177 799.368303 0.020152 0.910276 0.413511 0.056356 0.411904 -0.909483 0.998207 -0.041632 0.042999
-6.785034 -62.905452 -361.449253 -902.071904 0.651232 0.526488 -0.546542 -0.498292 -0.246527 -0.831222 0.572365 -0.813655 -0.101798
-6.841935 -62.908160 176.995277 -603.776442 0.628838 0.557400 -0.542095 -0.507853 -0.233488 -0.829198 0.588768 -0.796736 -0.136251
-6.550168 -61.824948 -53.696140 -1893.596058 0.636685 0.556004 -0.534314 -0.380202 -0.376482 -0.844812 0.670879 -0.741026 0.028307
-5.968851 -60.227318 225.968212 -1920.438022 0.622311 0.586820 -0.518046 -0.371830 -0.360768 -0.855330 0.688819 -0.724906 0.006313
-6.446318 -61.912140 264.661559 -592.728974 0.612149 0.582676 -0.534567 -0.512350 -0.222662 -0.829409 0.602305 -0.781607 -0.162232
-11.337329 -96.172215 446.789640 -1602.720243 -0.072404 0.870886 0.486122 0.301940 0.483669 -0.821521 0.950573 -0.087298 0.297975
-9.173036 -100.800535 742.929197 -2529.479880 -0.119002 0.859208 0.497594 0.293928 0.509178 -0.808916 0.948391 -0.049994 0.313138
-9.761887 -91.315848 212.938125 -1332.122532 -0.064298 0.881225 0.468303 0.495994 0.435427 -0.751261 0.865942 -0.183971 0.465079
-10.631070 -103.259280 901.017674 -1497.904415 -0.115598 0.842082 0.526817 0.080066 0.536546 -0.840064 0.990064 0.054930 0.129446
-10.890033 -90.891005 139.338032 -1516.720007 -0.021886 0.889031 0.457323 0.509013 0.403615 -0.760264 0.860481 -0.216144 0.461362
-13.143107 -98.174661 505.066722 -1486.207911 -0.067225 0.862415 0.501719 0.094244 0.506097 -0.857312 0.993277 0.010349 0.115300
-12.183255 -93.226525 248.440734 -1359.112135 -0.024101 0.886643 0.461826 0.311075 0.445677 -0.839407 0.950080 -0.123432 0.286554
45.962003 -45.264405 -2190.651128 565.754616 -0.265817 0.921319 0.283747 0.657803 0.388513 -0.645254 0.704725 -0.015130 0.709320
44.136249 -45.860611 2966.743674 968.530462 -0.261447 0.926737 0.269822 0.754643 0.370551 -0.541485 0.601797 -0.062050 0.796235
45.860236 -46.163786 -5234.531632 1182.241308 -0.337272 0.907321 0.251028 0.736524 0.420392 -0.529907 0.586327 -0.006165 0.810051
-21.900589 -43.548904 -428.508949 1712.371491 0.027715 0.857214 0.514214 0.386930 0.465112 -0.796213 0.921693 -0.221032 0.318791
-22.157279 -44.913160 -16.163125 -281.907210 0.024430 0.879676 0.474945 0.343498 0.438776 -0.830352 0.938836 -0.183428 0.291448
-18.463364 -41.031378 1880.571159 -237.166384 -0.069157 0.816771 0.572803 0.390792 0.550469 -0.737743 0.917877 -0.172827 0.357256
-21.062114 -43.147458 779.772946 -759.126040 0.010208 0.900998 0.433704 0.296067 0.411556 -0.861955 0.955113 -0.137204 0.262555
-16.871872 -40.851236 2324.459126 -1259.308539 -0.079137 0.838413 0.539260 0.358908 0.528642 -0.769235 0.930012 -0.132669 0.342748
-22.848800 -55.742506 309.264706 -2633.284075 0.611872 0.642623 -0.461139 0.398305 0.253358 0.881568 -0.683349 0.723080 0.100938
-20.441299 -60.912569 411.423607 -3078.477731 0.543119 0.672020 -0.503400 0.445604 0.277452 0.851151 -0.711660 0.686593 0.148765
-15.805081 -63.003116 2654.378688 -2458.190509 0.646320 0.619867 -0.445012 0.507193 0.086744 0.857456 -0.570111 0.779897 0.258328
-19.526005 -61.944634 1333.585563 -2867.315403 0.726358 0.603726 -0.328509 0.374277 0.053446 0.925775 -0.576472 0.795398 0.187140
-12.823602 -65.643081 1502.322467 463.495099 0.730184 0.598739 -0.329155 0.498185 -0.136860 0.856202 -0.467593 0.789165 0.398215
-9.269507 -64.650232 3709.564162 506.035528 0.650548 0.601193 -0.464062 0.636051 -0.097394 0.765476 -0.415002 0.793146 0.445749
8.018376 -83.029367 -950.599723 8529.155476 0.363660 0.530884 0.765450 0.302329 0.709967 -0.636038 -0.881106 0.462719 0.097684
6.309108 -89.246529 -1921.777313 8326.134512 0.338652 0.545386 0.766726 0.184899 0.760413 -0.622562 -0.922566 0.352599 0.156674
-0.100941 -124.764436 -934.055624 2650.846592 -0.117152 -0.412256 -0.903504 0.988796 0.036324 -0.144786 0.092508 -0.910344 0.403382
3.055800 -123.354837 -1053.183715 2022.207946 -0.094407 -0.411218 -0.906635 0.994419 -0.082030 -0.066342 -0.047090 -0.907838 0.416668
0.601267 -128.690124 -1379.508713 3093.852325 -0.104472 -0.418151 -0.902350 0.991628 -0.113037 -0.062427 -0.075895 -0.901317 0.426460
-8.532432 -106.131650 -1710.695842 -2037.709675 0.175287 0.090856 0.980316 0.517188 0.838775 -0.170215 -0.837730 0.536844 0.100036
-9.245864 -102.259686 384.396816 -2013.122765 0.231381 0.096654 0.968050 0.646108 0.728651 -0.227183 -0.727329 0.678031 0.106147
-7.306378 -96.111659 3624.766291 3546.540125 0.280397 0.100331 0.954626 0.656940 0.705059 -0.267061 -0.699862 0.702015 0.131785
-1.849091 -42.864230 -142.516028 2549.276369 -0.488288 0.594404 -0.638951 0.321043 -0.558472 -0.764879 0.811484 0.578612 -0.081866
-4.995912 -38.103654 2767.788498 1506.943864 -0.501999 0.591011 -0.631430 0.275251 -0.582950 -0.764464 0.819899 0.557562 -0.129964
-4.929014 -33.592961 3636.844453 932.405426 -0.528589 0.629461 -0.569537 0.177228 -0.574311 -0.799223 0.830171 0.523399 -0.192016
2.706279 -204.960899 -2029.686292 2726.078052 -0.121597 -0.480951 -0.868274 0.178312 0.849950 -0.495772 0.976432 -0.215108 -0.017592
-1.060766 -368.892916 -2034.734028 90429.976317 -0.138232 -0.502505 -0.853452 0.258135 0.813661 -0.520886 0.956169 -0.292309 0.017240
63.377815 -1976.869693 -10859.994284 -354879.130574 0.368216 0.199617 0.908058 -0.088880 0.979764 -0.179339 -0.925482 -0.014672 0.378507
1015.326338 29.077137 469704.099217 -5468.430829 0.998351 -0.034621 -0.045787 -0.056928 -0.494777 -0.867153 -0.007368 -0.868330 0.495932
46.611137 -4102.135842 17612.024621 -1502187.982488 -0.026277 -0.204839 -0.978443 0.435879 0.878489 -0.195619 0.899622 -0.431623 0.066201
12.143245 -11022.543676 68826.712959 -2194852.346703 -0.041768 -0.227261 -0.972938 0.480902 0.848995 -0.218956 0.875779 -0.477033 0.073829
-10.819371 -25.940664 871.228857 1509.284504 0.155093 0.795664 -0.585547 0.484968 0.455062 0.746809 -0.860669 0.399797 0.315295
-11.159605 -26.508415 1580.905321 -994.888045 0.312275 0.903497 -0.293560 0.445743 0.133536 0.885145 -0.838927 0.407261 0.361028
-7.188160 -24.353003 2293.793580 -1384.088446 0.412829 0.901534 -0.129647 0.397200 -0.050105 0.916363 -0.819637 0.429797 0.378775
-11.496116 -52.790474 -114.373455 -155.372122 0.541601 0.504242 -0.672613 -0.045395 0.816500 0.575558 0.839409 -0.281190 0.465107
-8.489140 -53.520553 315.187194 -1105.841082 0.557800 0.540799 -0.629600 0.073106 0.723614 0.686322 0.826749 -0.428858 0.364097
-0.241991 -90.327139 153.944185 -12338.551006 -0.017270 0.885398 0.464513 0.705385 -0.318470 0.633253 -0.708614 -0.338596 0.619046
-0.170168 -72.398410 157.062834 -6126.982820 -0.038532 0.891229 0.451914 0.579420 -0.348531 0.736749 -0.814118 -0.290236 0.502966
-0.041111 -73.589387 173.798034 -7488.533047 -0.037024 0.893552 0.447430 0.568638 -0.349344 0.744721 -0.821754 -0.281998 0.495174
353.087666 -5878.074250 -496662.028929 5019183.352442 0.181634 -0.070456 0.980839 0.415804 0.909379 -0.011677 -0.891132 0.409957 0.194470
107.854410 -1855.936532 -141821.696628 845141.202809 0.123152 -0.169093 0.977876 -0.053743 0.982794 0.176712 -0.990932 -0.074316 0.111945
96.696117 -244.879416 -11975.390195 -9407.992110 0.201379 0.979484 0.007652 0.901162 -0.188326 0.390436 -0.383867 0.071730 0.920598
116.476233 -314.179214 7824.513490 5565.014769 -0.182563 -0.937136 0.297400 0.968351 -0.119022 0.219386 -0.170197 0.328040 0.929206
119.044533 -255.695338 23411.980072 28256.742080 -0.226164 -0.963165 -0.145477 0.973756 -0.227456 -0.007912 -0.025469 -0.143449 0.989330
79.468955 -247.787737 -10571.933821 -39488.600511 0.193696 0.963788 -0.183289 0.838911 -0.065853 0.540270 -0.508635 0.258411 0.821288
-15.043581 -127.626192 2210.248922 5499.903830 -0.162558 -0.246114 0.955512 0.039272 0.966011 0.255500 -0.985917 0.079058 -0.147368
-16.678233 -109.005593 -2467.255918 32540.409611 0.895332 0.439423 -0.072721 0.408940 -0.746313 0.525153 -0.176492 0.499924 0.847895
-6.201103 -96.030582 -4570.554022 40640.134801 0.849352 0.522611 -0.074013 0.501157 -0.754461 0.423827 -0.165657 0.397071 0.902714
0.712161 -87.452663 5497.823092 22694.811989 0.857890 0.478443 -0.187396 0.468269 -0.577823 0.668465 -0.211541 0.661221 0.719748
-48.800565 -70.791934 -281.358191 -6305.764211 0.678054 0.509424 -0.529840 0.426171 0.314835 0.848090 -0.598850 0.800853 0.003627
-44.057957 -64.263324 -539.791151 -3699.022247 0.619550 0.418391 -0.664159 0.466997 0.483617 0.740289 -0.630929 0.768806 -0.104237
-49.092925 -55.902078 -752.073649 -219.985663 0.799412 -0.424569 -0.425067 0.560334 0.782123 0.272598 -0.216718 0.456098 -0.863139
-46.930440 -52.672631 -2809.136100 2850.140438 -0.154508 0.911316 0.381616 0.958778 0.231537 -0.164730 -0.238480 0.340433 -0.909523
88.528021 -24.475139 24630.199300 -2111.424477 0.479500 0.434304 0.762535 0.393689 0.670129 -0.629235 -0.784276 0.601920 0.150346
101.410830 -18.800567 15836.961221 10.533095 0.429213 0.241952 0.870193 0.556546 0.687963 -0.465794 -0.711360 0.684227 0.160625
64.102941 -20.806324 34.961230 333.065765 0.339878 0.107288 0.934330 0.568870 0.767666 -0.295086 -0.748913 0.631805 0.199880
15.046394 -51.409138 385.114437 -6923.528252 -0.322596 0.945425 0.045850 -0.901553 -0.292149 -0.319140 0.288328 0.144290 -0.946598
11.835831 -57.320486 -2206.315415 -7170.220508 -0.235871 0.971700 0.012776 -0.937814 -0.224160 -0.265061 0.254696 0.074502 -0.964147
15.983790 -41.633784 -5612.031210 -2746.954680 -0.258967 0.965564 -0.024967 -0.897829 -0.250170 -0.362378 0.356145 0.071428 -0.931697
8.387408 -77.268557 -61.496266 -12635.522680 -0.304862 0.952035 0.026228 -0.936157 -0.294486 -0.192065 0.175129 0.083107 -0.981032
