18720
37426
-18.828051 -29.297731 22.189767 -1839.804098 0.994682 -0.040107 0.094860 -0.011107 -0.957462 -0.288346 -0.102390 -0.285759 0.952816
-21.398604 -35.854847 374.214046 -1886.981218 0.980687 0.123472 0.151683 0.172082 -0.913307 -0.369133 -0.092955 -0.388105 0.916915
-22.040333 -36.382974 -104.340459 -3009.609378 0.895290 0.407164 0.180759 0.442557 -0.859341 -0.256275 -0.050988 -0.309437 0.949552
-19.262508 -29.941574 70.819948 -1714.142484 0.975520 -0.172598 0.136278 -0.114994 -0.928572 -0.352889 -0.187452 -0.328579 0.925688
-16.563929 -24.982414 224.847500 -1683.130645 0.994804 -0.084131 0.057326 -0.070208 -0.974717 -0.212125 -0.073723 -0.206998 0.975560
-15.516625 -25.283513 -340.840267 -637.450385 0.905174 -0.422588 0.045596 -0.393893 -0.874308 -0.283608 -0.159714 -0.238754 0.957856
9.457919 -19.118957 11114.588909 395.761140 0.780020 -0.516073 0.353891 -0.624242 -0.681048 0.382747 -0.043491 0.519464 0.853385
4.545895 -20.533251 10184.706716 -102.383507 0.913268 -0.331209 0.237153 -0.404499 -0.806196 0.431774 -0.048184 0.490253 0.870247
58.349313 -23.736851 26608.079280 449.815184 0.819227 -0.500951 0.279133 -0.573418 -0.722087 0.387016 -0.007683 0.477114 0.878808
15.519437 -20.491845 14200.613122 798.620974 0.727280 -0.578024 0.370070 -0.686216 -0.622654 0.376044 -0.013063 0.527437 0.849493
-17.828546 -19.177539 887.828064 1252.695824 0.992913 -0.050841 0.107423 -0.103684 -0.812341 0.573892 -0.058087 0.580963 0.811855
5.721518 -42.275230 -517.860676 9973.343054 0.871309 -0.488659 0.045098 -0.488685 -0.855607 0.170656 0.044806 0.170733 0.984298
2.504165 -47.925221 2231.231336 9463.759302 0.950283 -0.210847 -0.229142 -0.123301 -0.930515 0.344875 0.285936 0.299475 0.910250
112.650451 -1056.513651 -11705.381991 -268152.001031 0.983556 0.136388 -0.118392 -0.142229 0.988928 -0.042342 0.111306 0.058485 0.992064
12.561311 -89.634629 -2504.706161 25026.014771 0.879484 -0.471762 0.062844 -0.473937 -0.880203 0.025044 -0.043501 0.051810 0.997709
7.558557 -31.655684 -2338.811114 5837.508326 0.792644 -0.591687 0.147048 -0.609556 -0.774055 0.171115 -0.012577 0.225267 0.974216
6.562549 -16.245667 -3680.284738 -2426.581143 0.662223 -0.713791 0.227957 0.749152 0.636889 -0.182052 -0.015236 0.291333 0.956500
2.174435 -13.537541 -182.893041 744.515655 0.933753 0.345148 -0.094748 -0.141062 0.111588 -0.983692 0.328947 -0.931891 -0.152883
3.315680 -15.048397 -230.869970 561.445556 0.922089 0.353299 -0.157901 -0.186882 0.049244 -0.981147 0.338862 -0.934214 -0.111432
2.542059 -11.559099 -91.405767 710.624699 0.917416 0.364065 -0.160640 -0.209419 0.098458 -0.972856 0.338367 -0.926155 -0.166570
3.213330 -16.927573 7.683970 825.777059 0.935263 0.344204 -0.082506 -0.111193 0.064417 -0.991709 0.336035 -0.936683 -0.098520
1.873659 -9.903863 -141.904555 848.007478 0.936158 0.345616 -0.064485 -0.129640 0.168849 -0.977079 0.326806 -0.923060 -0.202875
24.848425 -27.567814 -1987.410407 -2438.854426 -0.117197 -0.922864 0.366860 0.972159 -0.031135 0.232243 -0.202907 0.383865 0.900820
22.579765 -24.886497 -2689.474315 -1991.526536 -0.149134 -0.929696 0.336786 0.953905 -0.045562 0.296629 -0.260430 0.365500 0.893637
19.264792 -24.796032 -1881.317131 -1258.343927 -0.069165 -0.906360 0.416807 0.965063 0.045054 0.258114 -0.252723 0.420097 0.871579
24.899586 -26.038976 1119.387641 -391.193004 0.045164 -0.900892 0.431688 0.981969 0.119442 0.146530 -0.183569 0.417286 0.890042
-9.390436 -24.881527 605.639690 -22.418446 0.766985 -0.608683 0.203072 -0.604249 -0.578649 0.547766 0.215908 0.542835 0.811612
-8.272116 -24.483532 639.919943 68.754408 0.784733 -0.602574 0.145253 -0.592987 -0.661617 0.458945 0.180447 0.446282 0.876511
-5.123892 -23.628179 775.550547 -123.094992 0.830440 -0.551956 0.075595 -0.467011 -0.615715 0.634662 0.303761 0.562352 0.769084
-6.404355 -24.228490 866.586225 -174.528445 0.810290 -0.570293 0.134890 -0.475599 -0.505460 0.719941 0.342396 0.647515 0.680801
-2.336764 -22.907017 -470.704034 -614.760297 0.970638 -0.237289 0.039437 0.144044 0.704682 0.694748 0.192646 0.668668 -0.718171
1.388924 -21.677450 -834.581360 -520.264539 0.976991 -0.203296 0.064487 0.107186 0.729421 0.675616 0.184388 0.653159 -0.734428
-1.548748 -26.961765 -425.066179 -876.103965 0.965214 -0.260887 0.017333 0.144653 0.588048 0.795786 0.217803 0.765596 -0.605330
-3.710110 -43.736550 -593.227865 1165.914379 0.998499 0.054685 0.003034 0.047791 -0.842886 -0.535965 0.026752 -0.535306 0.844235
0.070054 -45.386732 -534.736861 428.896518 0.999733 0.014947 -0.017640 0.008300 -0.944096 -0.329566 0.021580 -0.329331 0.943968
-1.510980 -42.401471 -559.847110 844.603582 0.999005 -0.028964 -0.033917 -0.042411 -0.852277 -0.521368 0.013805 -0.522288 0.852657
-4.488233 -38.905552 -506.248630 655.029654 0.999615 0.008330 -0.026484 -0.012296 -0.722441 -0.691324 0.024891 -0.691383 0.722060
-1.988449 -38.296869 -411.041159 215.487145 0.997623 -0.044604 -0.052534 -0.068388 -0.734912 -0.674706 0.008513 -0.676694 0.736215
0.681246 -40.523541 -303.690600 646.190876 0.992629 -0.092790 -0.077965 -0.119690 -0.851624 -0.510304 0.019046 -0.515874 0.856453
0.084940 -70.091509 -25.559179 -1254.364248 0.959400 0.244454 -0.140694 0.174888 -0.124229 0.976720 -0.221285 0.961670 0.161938
-0.243461 -71.976707 -1.122311 -1039.541328 0.951047 0.255089 -0.174470 0.254267 -0.324962 0.910905 -0.175666 0.910675 0.373915
0.113089 -75.954425 58.314437 -559.899434 0.952688 0.246270 -0.178148 0.248792 -0.295124 0.922499 -0.174608 0.923175 0.342431
0.496602 -67.956348 -59.064352 -1162.680422 0.965296 0.242579 -0.096747 0.081452 0.072330 0.994049 -0.248133 0.967432 -0.050062
0.710128 -60.954799 -17.644650 -1505.501630 0.969370 0.230916 -0.083664 0.069092 0.070500 0.995116 -0.235687 0.970416 -0.052386
0.150162 -77.463234 16.366869 -1196.418016 0.957694 0.244514 -0.151771 0.180575 -0.099919 0.978473 -0.224086 0.964484 0.139845
6.077420 -11.166816 1426.173939 254.000980 0.761524 0.577332 0.294567 0.054596 -0.510006 0.858436 -0.645833 0.637638 0.419902
10.740825 -11.935929 1314.288176 70.047072 0.744706 0.643525 0.176888 0.191857 -0.460281 0.866794 -0.639222 0.611570 0.466239
10.259303 -14.775514 1337.813770 555.733339 0.739893 0.557448 0.376577 -0.005435 -0.554808 0.831961 -0.672703 0.617609 0.407469
6.068314 -10.577762 507.769862 -257.589887 0.721662 0.691699 0.027493 0.300401 -0.348701 0.887787 -0.623669 0.632424 0.459432
1.379659 -8.949949 343.787044 -223.904793 0.735782 0.667244 0.115804 0.202036 -0.379487 0.902868 -0.646379 0.640917 0.414027
3.557867 -16.192218 887.010179 -864.816192 -0.566273 -0.129332 -0.814008 0.759114 0.302874 -0.576207 0.321063 -0.944214 -0.073331
11.755321 -21.558429 -4830.809057 -2422.891606 0.769549 0.225080 0.597607 0.550985 0.239045 -0.799546 0.322817 -0.944561 -0.059941
-0.506308 -18.538780 -782.508272 -1194.399514 0.702121 0.225653 0.675357 0.601640 0.319305 -0.732170 0.380861 -0.920394 -0.088429
-4.386662 -29.799343 -247.424637 649.378549 -0.785466 -0.033829 -0.617980 -0.188844 0.963988 0.187255 0.589391 0.263784 -0.763568
-5.912728 -32.585154 -297.184622 -1577.131418 -0.804842 0.071496 -0.589167 -0.143645 0.939734 0.310267 0.575843 0.334347 -0.746068
-3.584328 -33.164410 -107.910230 46.716284 -0.793170 0.055307 -0.606484 -0.112762 0.965310 0.235502 0.598470 0.255181 -0.759418
-6.814001 -28.643258 -291.749216 -826.192663 -0.799730 -0.029632 -0.599629 -0.229577 0.937965 0.259838 0.554731 0.345461 -0.756921
-2.264767 -34.188200 -127.067529 1511.854827 -0.782717 -0.018940 -0.622090 -0.119495 0.985514 0.120345 0.610799 0.168532 -0.773642
-2.889282 -32.341055 -220.152635 1763.625333 -0.774277 -0.090703 -0.626314 -0.185421 0.978757 0.087483 0.605074 0.183868 -0.774647
-5.103281 -27.615402 -207.827768 913.436852 -0.769473 -0.139798 -0.623191 -0.283059 0.949333 0.136542 0.572528 0.281465 -0.770058
0.327582 -31.782776 304.082862 -521.144076 0.894801 -0.421060 -0.148460 -0.224219 -0.711353 0.666110 0.386080 0.562749 0.730929
-0.000695 -31.082632 317.325814 -182.655133 0.892345 -0.421900 -0.160378 -0.161295 -0.629940 0.759710 0.421551 0.652055 0.630174
-1.262482 -31.862590 132.507992 -108.907608 0.900699 -0.410141 -0.143264 -0.222751 -0.719102 0.658236 0.372991 0.560960 0.739054
5.028440 -56.996056 -211.287213 -683.018998 0.989495 -0.138187 0.042481 0.056094 0.637807 0.768151 0.133243 0.757699 -0.638858
11.592710 -59.317095 337.909908 499.045963 0.993066 -0.094015 0.070580 -0.023090 0.432695 0.901244 0.115270 0.896625 -0.427524
8.245802 -58.922454 344.851083 -760.889522 0.993359 -0.081110 0.081600 -0.012532 0.628738 0.777516 0.114369 0.773375 -0.623547
-7.091102 -116.661869 -550.124053 9669.992410 0.678959 -0.292462 0.673410 0.612617 -0.279818 -0.739190 -0.404617 -0.914422 0.010817
-0.910603 -118.967269 -1521.236976 10536.243619 0.642044 -0.325614 0.694086 0.618623 -0.314740 -0.719892 -0.452863 -0.891580 0.000644
-3.478919 -91.396642 1048.463564 8283.518557 -0.660205 0.305531 -0.686134 0.705004 -0.062968 -0.706402 -0.259033 -0.950098 -0.173829
-7.107915 -130.323583 -574.807731 7260.745560 0.666071 -0.288739 0.687735 0.478192 -0.542316 -0.690815 -0.572435 -0.789001 0.223148
-7.855672 -88.431238 -373.043158 7392.492996 0.698667 -0.272651 0.661457 0.682659 -0.022621 -0.730386 -0.214103 -0.961847 -0.170323
-9.725750 -125.974314 -106.526872 7087.374642 0.694114 -0.244970 0.676902 0.501970 -0.509280 -0.699042 -0.515977 -0.824999 0.230531
-9.702444 -110.311592 -102.895253 8440.448008 0.707335 -0.253456 0.659877 0.613898 -0.242532 -0.751204 -0.350438 -0.936450 0.015955
9.155942 -55.811635 320.936233 4960.583705 0.712315 -0.270211 0.647760 0.290220 0.953719 0.078698 -0.639046 0.131935 0.757769
8.012724 -44.851277 776.024007 2909.007355 0.704444 -0.325121 0.630916 0.400286 0.916046 0.025117 -0.586114 0.234853 0.775445
7.836196 -52.641545 788.417913 3929.920147 0.753078 -0.242069 0.611782 0.246595 0.965922 0.078646 -0.609971 0.091636 0.787107
8.156914 -66.424681 406.471033 5264.852102 0.746529 -0.176615 0.641484 0.107959 0.983503 0.145143 -0.656536 -0.039100 0.753281
84.505638 -13.443623 -11852.259490 -2008.807382 0.786962 0.559762 -0.259533 -0.412314 0.790029 0.453708 0.459007 -0.250042 0.852521
64.058437 -7.736320 -7737.160646 1271.973088 0.864279 0.483801 -0.137689 0.383713 -0.811110 -0.441436 0.325248 -0.328691 0.886666
76.417782 -13.300867 -11472.857590 -2025.017470 0.834769 0.532791 -0.138904 -0.425358 0.784218 0.451744 0.349616 -0.318017 0.881268
-5.802546 -33.986187 -1514.733194 1495.520164 0.643610 -0.138457 0.752726 -0.018672 0.980367 0.196294 -0.765126 -0.140392 0.628389
-3.106069 -30.493406 -1573.525381 587.747146 0.641420 -0.210455 0.737760 0.109379 0.976901 0.183577 -0.759353 -0.037055 0.649623
-1.491869 -31.833255 -978.650114 1396.700352 0.641099 -0.224844 0.733783 0.048289 0.966045 0.253823 -0.765937 -0.127292 0.630188
-4.811399 -36.711573 -911.800525 1804.683521 0.641474 -0.158806 0.750527 -0.089662 0.956113 0.278941 -0.761887 -0.246227 0.599083
-8.101289 -38.745266 -1088.123123 1825.525955 0.643841 -0.076401 0.761336 -0.157121 0.960598 0.229270 -0.748854 -0.267235 0.606468
257.950961 -218.351696 88126.375386 58002.468458 -0.144749 -0.552872 -0.820598 -0.094971 0.833266 -0.544655 0.984900 -0.000905 -0.173121
219.799085 -387.465628 71995.870997 62346.161328 -0.321562 -0.283618 -0.903415 0.181667 0.917885 -0.352823 0.929298 -0.277575 -0.243633
58.932924 -747.812646 -19400.216383 1385.093503 0.099949 -0.645687 -0.757033 0.367453 0.731011 -0.574979 0.924656 -0.220705 0.310324
439.195624 -537.930328 89525.102837 192200.949026 0.267696 -0.626500 -0.732009 -0.110544 0.734749 -0.669271 0.957141 0.260080 0.127434
-0.051244 -157.630573 -2173.513676 -3205.736317 0.775973 -0.037302 0.629662 -0.418635 -0.777152 0.469872 -0.471816 0.628206 0.618665
-8.768907 -131.020050 -2027.267488 -1664.668451 0.792967 -0.009625 0.609188 0.256632 0.912124 -0.319641 -0.552579 0.409802 0.725754
2.189576 -131.284394 1577.597181 -3221.863880 0.838919 0.018455 0.543944 -0.296191 -0.822984 0.484735 -0.456603 0.567765 0.684950
1.380085 -70.459662 50.029031 8991.035731 0.853510 -0.001045 0.521075 -0.231862 0.894783 0.381579 -0.466648 -0.446500 0.763464
-0.347237 -67.093021 -367.953334 8200.510585 0.847097 0.008369 0.531373 -0.237323 0.900597 0.364148 -0.475505 -0.434575 0.764878
-0.018981 -57.367615 -590.354716 7803.082764 0.840803 0.020253 0.540963 -0.200721 0.939732 0.276793 -0.502754 -0.341311 0.794195
1.036383 -60.506973 103.371904 7571.466710 0.847891 0.025051 0.529579 -0.206531 0.935582 0.286412 -0.488289 -0.352221 0.798445
1.424989 -69.286970 -458.824045 9340.691097 0.843270 0.011543 0.537366 -0.235703 0.906453 0.350409 -0.483053 -0.422148 0.767106
345.996916 -22682.799236 259248.753991 -19532682.489660 0.858655 -0.130825 0.495577 -0.324830 0.609024 0.723585 0.396482 0.782288 -0.480446
-925.597397 -1876.327070 -169911.406276 -560562.081199 0.990782 -0.044508 -0.127948 0.089982 -0.489811 0.867173 0.101267 0.870692 0.481291
-985.969654 -1664.304007 -285465.299719 -1744354.509861 0.719206 -0.454652 0.525390 -0.228026 0.559839 0.796608 0.656313 0.692728 -0.298967
-10.914423 -34.936056 321.075081 -859.424658 0.403310 0.741213 -0.536605 -0.381424 -0.396869 -0.834872 0.831779 -0.541386 -0.122655
-9.067716 -31.715435 670.441207 -1963.009696 0.413026 0.793949 -0.446156 -0.251437 -0.371444 -0.893761 0.875322 -0.481327 -0.046213
-9.609825 -31.638847 651.429851 -2227.134251 0.427366 0.734675 -0.526888 -0.233904 -0.473097 -0.849393 0.873297 -0.486243 0.030342
-7.145329 -23.056475 215.807989 -1016.903484 0.419462 0.896030 -0.145539 0.183577 0.073283 0.980270 -0.889017 0.437903 0.133751
-7.042558 -23.993205 108.531483 -621.525342 0.411537 0.877260 -0.247089 0.258546 0.147601 0.954656 -0.873952 0.456760 0.166069
-4.558790 -19.112049 390.076815 -1582.529416 0.421100 0.883733 -0.204183 0.116857 0.170378 0.978425 -0.899455 0.435875 0.031524
-4.882157 -17.040008 157.423942 -1474.666937 0.421302 0.905487 -0.050975 0.039919 0.037638 0.998494 -0.906041 0.422703 0.020290
-0.524666 -13.759823 999.536719 -2100.054084 0.434826 0.862689 -0.258251 0.066218 0.255374 0.964572 -0.898077 0.436522 -0.053918
-1.454938 -10.912491 1032.550961 -1680.432928 0.442496 0.894874 -0.058297 -0.021757 0.075702 0.996893 -0.896507 0.439853 -0.052968
1.080547 -5.525419 1442.417053 -2551.059185 -0.191379 0.340340 -0.920621 0.930473 0.361446 -0.059806 0.312400 -0.868059 -0.385850
6.790812 0.225648 2324.229745 -3985.991839 -0.209850 0.365655 -0.906785 0.944701 0.314864 -0.091658 0.251999 -0.875875 -0.411509
6.064135 -8.313297 1711.747703 -2758.059232 -0.127466 0.363928 -0.922664 0.940642 0.339379 0.003912 0.314557 -0.867397 -0.385586
1.272292 -13.080819 1277.372021 -534.086001 -0.190325 0.326558 -0.925817 0.895201 0.444837 -0.027126 0.402980 -0.833954 -0.376998
-423.713114 -1114.882474 170621.380432 -699134.715678 -0.025417 0.998725 0.043614 0.630901 0.049867 -0.774259 0.775447 -0.007837 0.631364
-762.487521 -944.159945 363746.037081 -184732.988967 -0.196627 0.948199 0.249512 0.821397 0.298261 -0.486155 0.535392 -0.109358 0.837494
-903.592890 -1971.553037 206032.492316 1411619.001079 0.469883 0.637630 -0.610440 -0.137739 0.736029 0.662789 0.871916 -0.227352 0.433674
-477.718161 -1069.145921 194890.983732 -324475.273923 -0.164545 0.974541 -0.152302 0.601482 -0.023241 -0.798548 0.781757 0.223004 0.582344
-451.188172 -4690.278228 190618.363004 -4371566.805286 0.002645 0.969074 -0.246755 0.143384 -0.244574 -0.958971 0.989664 0.032844 0.139596
-8.055517 -178.916826 1269.309910 -13808.500292 -0.308622 0.897582 -0.314800 -0.650457 -0.440630 -0.618668 0.694016 -0.013830 -0.719827
-2.796511 -177.913224 1708.589116 -35.378663 -0.339427 0.896421 -0.284988 -0.834884 -0.426676 -0.347732 0.433312 -0.119903 -0.893233
-1.686110 -149.741309 1258.997160 -8341.350656 -0.324958 0.903053 -0.280887 -0.639754 -0.428641 -0.637951 0.696504 0.027609 -0.717022
-84.767630 -166.844597 -1278.824709 -15347.557359 -0.476600 0.802759 0.358372 -0.536117 0.057673 -0.842172 0.696729 0.593508 -0.402885
-79.373395 -164.035034 -2708.184687 14957.567637 -0.400894 0.880046 0.254564 -0.771904 -0.174826 -0.611228 0.493405 0.441536 -0.749398
-91.502543 -150.582214 -1268.207305 -1276.991277 -0.557625 0.737942 0.380127 0.667876 0.126906 0.733373 0.492946 0.662825 -0.563620
-6.201804 -15.157294 -4699.329120 1042.435575 0.715659 0.697630 0.033824 -0.318142 0.368711 -0.873406 0.621786 -0.614300 -0.485817
-10.478783 -23.487209 -1062.724147 3476.863910 0.468623 0.791689 -0.391946 -0.565544 -0.071978 -0.821571 0.678640 -0.606670 -0.414005
-7.882263 -17.521792 -1786.745709 2518.024596 0.636596 0.759804 -0.132072 -0.418825 0.196817 -0.886481 0.647558 -0.619645 -0.443518
-22.232453 -30.737475 232.067842 130.570514 -0.198602 0.718785 -0.666262 0.925528 -0.086091 -0.368762 -0.322420 -0.689881 -0.648158
-21.922319 -30.529981 -137.154185 135.820607 -0.367671 0.631699 -0.682477 0.906643 0.080195 -0.414208 -0.206923 -0.771055 -0.602211
-23.291923 -31.583554 152.688106 215.705658 -0.278776 0.672478 -0.685608 0.876442 -0.113698 -0.467891 -0.392598 -0.731332 -0.557692
-22.610103 -31.064643 500.531660 233.756578 -0.172137 0.752167 -0.636092 0.856569 -0.204601 -0.473738 -0.486476 -0.626405 -0.609064
-22.611503 -27.338565 1009.004191 107.435500 0.781057 0.620077 -0.073848 -0.624410 0.774027 -0.104856 0.007858 -0.128010 -0.991742
-21.708282 -26.942072 -986.051235 547.090139 -0.829230 -0.556658 0.050099 -0.557266 0.830331 0.002157 -0.042800 -0.026130 -0.998742
-20.646170 -27.573146 630.614852 44.751436 0.770180 0.637732 -0.011000 -0.636379 0.767157 -0.080574 0.042945 -0.069057 -0.996688
64.075861 -39.958960 -1799.027912 -4856.322669 0.197602 -0.207394 -0.958092 -0.223679 0.942041 -0.250052 0.954422 0.263716 0.139760
57.409993 -74.090900 -2762.784862 -14741.425679 0.257523 -0.308125 -0.915828 -0.280537 0.883129 -0.376008 0.924652 0.353754 0.140985
62.408179 -42.163599 6275.094181 -5332.115533 -0.018075 -0.290006 -0.956854 -0.292771 0.916598 -0.272275 0.956012 0.275218 -0.101473
59.634959 -61.000686 -8452.019587 -10551.044372 0.457799 -0.209135 -0.864108 -0.193672 0.925138 -0.326513 0.867704 0.316831 0.383024
70.183666 -23.817362 5941.407553 -2449.386403 -0.068039 -0.174177 -0.982361 -0.201143 0.966819 -0.157490 0.977196 0.186880 -0.100816
71.456412 -22.344380 -1263.468731 -2630.940190 0.144999 -0.129326 -0.980943 -0.160627 0.975193 -0.152311 0.976306 0.179651 0.120629
64.242709 -36.082840 -7541.306374 -4287.553137 0.412500 -0.157290 -0.897276 -0.155478 0.958372 -0.239477 0.897591 0.238291 0.370873
3.392859 -24.131092 499.308335 250.165401 0.520862 0.758091 0.392430 0.640124 -0.042726 -0.767083 -0.564751 0.650748 -0.507526
4.200066 -23.831278 -986.912535 282.734823 0.498871 0.775285 0.387378 0.647504 -0.036309 -0.761197 -0.576079 0.630567 -0.520113
3.340261 -24.977084 372.834077 299.089949 0.525576 0.757181 0.387874 0.570084 0.024965 -0.821207 -0.631486 0.652728 -0.418536
6.000626 -25.042897 1502.252216 249.554534 0.530210 0.749591 0.396220 0.569509 0.031339 -0.821388 -0.628122 0.661159 -0.410283
5.710659 -25.602105 1370.595891 -99.829439 0.532388 0.747948 0.396405 -0.493734 -0.106010 0.863127 -0.687597 0.655237 -0.312849
3.452421 -25.720717 382.311165 -142.565895 0.530608 0.754130 0.386966 -0.493818 -0.096019 0.864248 -0.688912 0.649668 -0.321454
9.182711 -25.920989 -1000.426850 -227.522759 0.669745 0.313463 0.673189 0.141724 0.835921 -0.530236 -0.728942 0.450530 0.515428
19.906840 -25.277333 -2133.291295 -492.587804 0.709348 0.363045 0.604172 0.015335 0.849002 -0.528167 -0.704692 0.383919 0.596670
12.617913 -23.787197 -1733.224053 -333.176101 0.640339 0.336184 0.690613 -0.008998 0.902349 -0.430912 -0.768040 0.269716 0.580834
4.053458 -35.789782 1713.728521 4672.050544 0.603156 0.677515 0.420922 -0.386496 0.709884 -0.588800 -0.697727 0.192454 0.690028
-1.814532 -40.075283 311.704865 3957.120041 0.616812 0.577269 0.535074 -0.320764 0.805137 -0.498864 -0.718787 0.136073 0.681784
0.051730 -46.572206 1106.952129 3236.802489 0.619985 0.626556 0.472278 -0.469266 0.778508 -0.416792 -0.628815 0.036781 0.776684
7.696149 -42.334256 2058.904240 -3989.860150 0.576426 0.713206 0.398836 0.530161 -0.697823 0.481634 -0.621821 0.066179 0.780358
-2.631284 -53.345785 825.562623 722.414192 0.624760 0.609817 0.487645 -0.583891 0.779522 -0.226751 -0.518407 -0.143067 0.843081
3.807777 -50.817432 1617.552375 1600.563524 0.594843 0.680406 0.428030 -0.624264 0.726478 -0.287270 -0.506414 -0.096323 0.856894
-6.422637 -41.524297 -44.282355 133.528558 0.522385 0.537865 0.661676 -0.393528 0.840459 -0.372510 -0.756472 -0.065794 0.650709
-6.085296 -42.933784 -57.028077 356.195223 0.521992 0.540192 0.660089 -0.518641 0.815402 -0.257159 -0.677153 -0.208114 0.705799
-6.769173 -42.061483 -28.591884 234.190267 0.566941 0.528669 0.631733 -0.385776 0.847992 -0.363437 -0.727843 -0.037661 0.684709
-5.514015 -42.157985 -96.194232 242.675619 0.476197 0.552394 0.684177 -0.527192 0.802065 -0.280642 -0.703780 -0.227051 0.673158
-6.915644 -41.901165 -24.450765 -1.272150 0.565948 0.525716 0.635079 -0.249914 0.843466 -0.475508 -0.785650 0.110398 0.608742
-5.960074 -41.190717 -76.787073 -116.404006 0.479737 0.548537 0.684806 -0.397962 0.831619 -0.387346 -0.781971 -0.086703 0.617255
-6.667701 -41.756067 -41.424303 -100.861497 0.520450 0.539773 0.661648 -0.255912 0.837842 -0.482213 -0.814642 0.081643 0.574189
7.790444 -49.197151 828.916774 -1581.352774 -0.507319 -0.627789 -0.590346 -0.043587 0.702864 -0.709987 0.860656 -0.334458 -0.383939
12.356274 -51.620587 835.304210 -1178.702739 -0.442635 -0.643992 -0.623978 -0.071431 0.718970 -0.691361 0.893852 -0.261449 -0.364242
8.455392 -56.332122 1102.091160 -2019.038727 -0.517454 -0.641806 -0.565973 -0.262895 0.748655 -0.608607 0.814326 -0.166135 -0.556122
3.764064 -56.936328 610.604516 -2611.188287 -0.528493 -0.627267 -0.572041 -0.226769 0.753657 -0.616910 0.818090 -0.196312 -0.540547
3.539670 -23.086004 1977.253243 -167.814729 0.570050 0.607185 0.553507 0.821325 -0.403366 -0.403388 -0.021665 0.684560 -0.728635
-0.690524 -22.130966 1751.291440 -111.747221 0.559613 0.622848 0.546711 0.828735 -0.416069 -0.374280 -0.005650 0.662531 -0.749014
-2.482310 -22.127614 1259.084218 63.083693 0.598624 0.613545 0.514986 0.797431 -0.395576 -0.455658 -0.075851 0.683434 -0.726061
4.722765 -23.042027 2239.730411 -97.352059 0.529039 0.629531 0.569042 0.846332 -0.440386 -0.299637 0.061967 0.640118 -0.765773
8.823900 -24.301305 771.655210 21.926494 0.559823 0.658090 0.503503 0.828534 -0.452928 -0.329224 0.011392 0.601476 -0.798809
-6.954789 -55.220616 -192.530451 816.900840 -0.705122 0.084245 0.704064 -0.245635 0.902419 -0.353983 -0.665182 -0.422544 -0.615622
-6.462522 -55.018134 -431.449115 795.068605 -0.736376 0.105171 0.668348 -0.212301 0.902032 -0.375854 -0.642401 -0.418661 -0.641907
-4.986742 -57.406202 156.189388 525.291687 0.711303 -0.091828 -0.696861 -0.370733 0.793294 -0.482951 -0.597164 -0.601874 -0.530229
-4.594125 -57.564096 98.006615 444.353484 -0.678862 0.070878 0.730837 -0.407564 0.791551 -0.455345 -0.610768 -0.606979 -0.508467
-2.871260 -59.238354 -39.564145 507.838924 0.713103 -0.099566 -0.693953 -0.487706 0.640625 -0.593079 -0.503614 -0.761372 -0.408272
-1.842518 -59.099792 -281.015587 285.387555 0.684545 -0.082415 -0.724297 -0.524695 0.634051 -0.568045 -0.506056 -0.768887 -0.390794
-3.135464 -51.675411 22.754533 -51.221102 0.428158 -0.223684 -0.875583 0.802456 0.539707 0.254521 0.415626 -0.811592 0.410576
-2.613555 -53.742898 226.898117 433.577113 0.434547 -0.195106 -0.879263 0.772438 0.582764 0.252439 0.463150 -0.788873 0.403945
-2.197772 -53.233914 -72.583603 -1131.921600 0.415302 -0.233007 -0.879336 0.743631 0.643727 0.180634 0.523963 -0.728919 0.440612
-1.537167 -52.124208 -345.847875 -1013.518008 0.399631 -0.266133 -0.877193 0.781137 0.599640 0.173945 0.479707 -0.754722 0.447521
-2.801372 -49.110270 -241.712430 -552.626931 0.409413 -0.258282 -0.875027 0.835521 0.491368 0.245891 0.366451 -0.831774 0.416973
-8.650913 -29.935574 -684.013424 1318.248342 -0.197955 -0.676497 0.709341 -0.296516 0.731085 0.614486 -0.934287 -0.088691 -0.345314
-7.182959 -29.986246 -555.960079 1161.323378 -0.217479 -0.662572 0.716729 -0.305359 0.743630 0.594786 -0.927070 -0.089506 -0.364046
-5.056323 -35.869217 276.319786 1930.816388 -0.195272 -0.658611 0.726705 -0.413895 0.727093 0.547746 -0.889134 -0.193820 -0.414577
-0.135381 -46.250423 -1860.913052 3788.587056 0.128702 0.687169 -0.715007 -0.501554 0.667095 0.550843 -0.855499 -0.287720 -0.430509
-1.719075 -33.150229 -2108.926622 2052.028046 0.095768 0.725122 -0.681928 -0.379736 0.659881 0.648350 -0.920124 -0.196862 -0.338551
6.202596 -30.707667 -6877.826996 -730.805543 -0.058602 -0.215017 -0.974851 0.980710 0.170013 -0.096453 0.186476 -0.961698 0.200906
20.749374 -27.461533 -11613.347653 -876.126310 0.006834 -0.211333 -0.977390 0.989502 0.142526 -0.023898 0.144354 -0.966967 0.210089
0.135402 -33.750074 -7573.755031 1167.819156 0.174106 -0.214899 -0.960992 0.982752 0.099696 0.155754 0.062335 -0.971535 0.228550
-12.453721 -36.543226 -2517.779553 1122.063174 0.131141 -0.179759 -0.974930 0.986165 0.124239 0.109745 0.101396 -0.975834 0.193565
-1.643876 -32.933257 -3988.126158 -351.353560 -0.118786 -0.222462 -0.967678 0.965310 0.202351 -0.165015 0.232520 -0.953711 0.190709
1.458060 -76.432234 199.520179 2553.237407 -0.585484 0.235876 0.775610 -0.079604 0.935384 -0.344556 -0.806766 -0.263474 -0.528876
2.682001 -77.928742 -9.892335 250.408735 -0.599974 0.254097 0.758595 -0.045806 0.935754 -0.349665 -0.798707 -0.244538 -0.549790
2.852896 -81.097901 -18.823848 -4830.267243 -0.590127 0.231173 0.773505 0.029783 0.963707 -0.265296 -0.806761 -0.133520 -0.575594
0.487884 -79.160728 539.436375 -3913.523881 -0.572525 0.203028 0.794352 -0.018984 0.965313 -0.260406 -0.819668 -0.164169 -0.548811
236.471860 -244.192224 49615.340852 -73454.664047 -0.279731 0.918158 -0.280601 0.152500 -0.246065 -0.957181 0.947889 0.310545 0.071187
-110.001513 -263.631977 16185.636168 -84543.744877 0.125602 0.345205 -0.930085 0.030427 0.935728 0.351408 0.991614 -0.072437 0.107026
805.021156 -320.833331 -479532.422962 -36472.908110 -0.299558 0.879807 0.369060 0.231137 0.442222 -0.866611 0.925657 0.174297 0.335827
78.219978 -111.451492 -36921.743316 -63452.284027 -0.394751 0.863602 0.313630 0.227928 0.422727 -0.877126 0.890068 0.274762 0.363711
24.143011 -56.009691 -384.734049 -23765.098856 -0.137385 0.971972 -0.190777 0.495530 -0.099325 -0.862893 0.857657 0.213085 0.467995
15.753619 -436.272395 2122.435964 77831.702733 0.759805 -0.273864 -0.589656 0.560109 -0.184776 0.807550 0.330112 0.943852 -0.013000
4.310328 -848.354278 20363.690906 -487559.971887 0.771261 -0.291454 -0.565871 0.528782 -0.201498 0.824492 0.354324 0.935122 0.001291
33.498669 -381.213061 3188.809105 20477.259534 0.727886 -0.275540 -0.627901 0.477307 -0.453838 0.752469 0.492300 0.847413 0.198825
16.777260 -391.007315 2248.282049 29704.294763 0.758269 -0.263966 -0.596113 0.471382 -0.409660 0.781011 0.450364 0.873213 0.186204
44.465848 -1534.945868 -93848.676217 2897317.248767 0.629151 -0.239461 -0.739478 -0.265912 0.827651 -0.494252 0.730384 0.507595 0.457041
-127.907034 -2151.171169 -16354.234578 620360.846099 0.639592 -0.131569 -0.757371 -0.040666 0.978074 -0.204251 0.767638 0.161436 0.620218
-449.003773 -9234.105471 -379439.088258 9214171.756226 0.639614 -0.039188 -0.767697 0.397927 0.871350 0.287058 0.657684 -0.489094 0.572921
10.906220 -30.373729 -2115.014255 211.094388 0.080419 0.155244 -0.984597 0.639203 0.749912 0.170448 0.764822 -0.643065 -0.038926
15.131695 -27.306116 -1404.003584 -323.518558 0.042875 0.205104 -0.977801 0.717797 0.674432 0.172944 0.694931 -0.709277 -0.118307
9.159098 -28.527322 -2245.488825 -459.791007 0.114557 0.189270 -0.975220 0.723113 0.657231 0.212498 0.681164 -0.729537 -0.061574
6.167827 -19.968691 559.938490 -3648.959912 0.204595 0.034030 0.978255 0.250616 0.964263 -0.085958 -0.946220 0.262753 0.188755
11.657177 -7.389592 1095.655381 -5004.968508 0.181233 -0.029209 0.983006 0.195138 0.980752 -0.006835 -0.963886 0.193061 0.183444
7.778740 -19.102288 239.530293 -4987.139167 0.123760 -0.122050 0.984778 0.230717 0.968750 0.091069 -0.965118 0.215934 0.148052
-6.348254 -15.174930 553.374750 -811.659398 -0.139781 0.959395 -0.244994 -0.705342 -0.270126 -0.655381 0.694949 -0.081195 -0.714460
-7.400091 -15.439363 354.679360 34.368933 -0.215401 0.916353 -0.337490 -0.741345 -0.378400 -0.554275 0.635618 -0.130805 -0.760841
-5.084560 -14.243106 436.232749 -649.316781 -0.139604 0.965862 -0.218222 -0.743230 -0.247831 -0.621441 0.654308 -0.075433 -0.752456
-9.141510 -16.580089 456.359874 -92.063828 -0.201950 0.905671 -0.372796 -0.716007 -0.396236 -0.574744 0.668244 -0.150855 -0.728486
-2.826275 -12.907793 725.891465 -458.828779 0.001640 0.997362 -0.072569 -0.713977 -0.049643 -0.698407 0.700167 -0.052958 -0.712013
-4.084683 -13.731484 870.168831 -440.974384 -0.003934 0.996393 -0.084770 -0.674417 -0.065234 -0.735463 0.738340 -0.054277 -0.672241
-8.143935 -16.071027 684.284725 -742.950196 -0.129519 0.953291 -0.272877 -0.676284 -0.286182 -0.678778 0.725165 -0.096627 -0.681762
-1019.979547 -1728.897809 48908.901390 -135655.622641 -0.369781 -0.637798 -0.675630 -0.211450 0.765860 -0.607246 0.904738 -0.081686 -0.418062
-1972.593326 -3109.034915 285658.872286 1629816.142099 0.137442 0.629212 0.764985 -0.750823 0.569912 -0.333864 0.646045 0.528482 -0.550756
-893.991860 -1966.173947 417925.878587 -723601.353634 -0.025646 0.716734 0.696875 -0.250700 0.670216 -0.698541 0.967725 0.192621 -0.162497
-3492.061795 -27533.299178 2466803.762548 -18539921.705559 -0.184052 0.736760 0.650622 0.260152 0.674839 -0.690589 0.947864 -0.042157 0.315875
-1901.223122 -4024.252103 -894532.217571 1380351.381549 0.460729 0.531973 -0.710446 0.300582 0.659640 0.688859 0.835093 -0.530924 0.144014
6647.141674 -7348.588892 1761446.871449 3522634.532750 0.195187 0.948495 -0.249517 -0.857203 0.041365 -0.513315 0.476556 -0.314080 -0.821126
562.314366 -3558.352596 -218265.341020 -1718916.406077 0.749889 0.026875 -0.661018 0.534506 0.564163 0.629305 -0.389834 0.825226 -0.408695
-171.558168 -38310.838053 111862.499802 -13056748.063316 -0.680569 0.080324 0.728267 0.372489 0.893868 0.249504 -0.630934 0.441076 -0.638259
28.288212 -39.909899 -8796.362163 3981.269690 -0.718740 0.688083 0.099767 -0.582220 -0.674072 0.454584 -0.380042 -0.268642 -0.885099
135.948124 -211.832872 127619.980795 -138408.793043 0.998660 0.041422 -0.031038 -0.049816 0.606360 -0.793628 0.014054 -0.794110 -0.607611
285.467655 -1298.592246 -239945.915571 399951.910166 0.465445 0.474745 -0.746980 0.725711 0.278424 0.629145 0.506661 -0.834924 -0.214936
544.374685 -4726.437038 -514579.020768 1864419.965916 0.543010 0.450902 -0.708398 0.300907 0.683100 0.665454 0.783961 -0.574510 0.235251
-5.469818 -272.545789 5028.856983 54172.708849 0.358298 0.067080 -0.931195 -0.050683 0.997342 0.052343 0.932231 0.028442 0.360745
-13.353974 -418.639120 5383.777603 104650.103816 0.433407 0.202572 -0.878136 0.265339 0.902533 0.339159 0.861251 -0.379998 0.337414
1.413300 -289.308411 4498.847722 48211.786981 0.395594 0.125924 -0.909752 0.036640 0.987604 0.152632 0.917694 -0.093714 0.386076
-3.160384 -170.923225 3552.715869 30656.925615 0.344032 -0.040277 -0.938094 -0.311517 0.937596 -0.154500 0.885776 0.345385 0.310016
-79.233927 -154.761286 -1127.650095 28339.056156 0.793084 -0.368731 -0.484825 0.056084 0.836778 -0.544663 0.606525 0.404772 0.684315
-86.541503 -140.348049 4505.563958 26856.517931 0.806573 -0.485820 -0.336777 0.130332 0.701843 -0.700307 0.576588 0.520956 0.629406
-94.551085 -172.558690 2039.252098 22858.017881 0.844772 -0.292425 -0.448160 0.127203 0.923214 -0.362622 0.519788 0.249326 0.817103
3.429685 -17.643866 1169.932788 -389.277728 -0.723024 -0.609828 -0.324571 -0.357597 0.732374 -0.579442 0.591067 -0.302885 -0.747596
-1.958176 -20.349253 457.852823 -26.233540 -0.755742 -0.469362 -0.456676 -0.330714 0.875440 -0.352468 0.565227 -0.115345 -0.816831
-1.188193 -19.909505 588.244103 -363.102779 -0.735167 -0.535425 -0.415752 -0.290302 0.802890 -0.520665 0.612581 -0.262082 -0.745693
-27.212964 -43.757932 26.197108 -1769.382122 0.864017 0.424576 0.270574 0.503168 -0.746615 -0.435187 -0.017244 -0.512153 0.858721
-23.197089 -41.521698 667.493536 -1631.584554 0.966567 0.155227 0.204092 0.235097 -0.854234 -0.463696 -0.102364 -0.496174 0.862167
-22.080672 -37.220213 270.367650 -2263.774971 0.978513 -0.067406 0.194856 0.024287 -0.900791 -0.433573 -0.204750 -0.428989 0.879799
26.897593 -26.289154 16974.204291 -662.784406 0.951153 -0.256625 0.171614 -0.305930 -0.858063 0.412474 -0.041404 0.444828 0.894659
-2.919881 -75.427669 4552.795039 -695.814304 0.899658 -0.326841 -0.289466 -0.130972 -0.834510 0.535200 0.416488 0.443585 0.793581
-30.508676 -50.030032 344.683500 2246.923840 0.138371 0.289254 -0.947199 0.202338 0.927970 0.312940 0.969491 -0.234956 0.069877
-32.473235 -50.806791 -310.699074 1902.882390 0.224984 0.166470 -0.960036 0.197863 0.956962 0.212306 0.954061 -0.237721 0.182363
-32.643236 -54.027053 -49.357445 313.290033 0.169976 0.199777 -0.964986 0.387795 0.886666 0.251870 0.905938 -0.417028 0.073240
-29.905098 -38.909736 347.938996 3480.544589 0.183758 0.379491 -0.906763 -0.008028 0.923020 0.384668 0.982939 -0.063407 0.172659
-29.716979 -52.764725 817.144408 255.371424 0.052177 0.291586 -0.955120 0.368772 0.883198 0.289775 0.928054 -0.367341 -0.061446
-25.651852 -47.097710 1704.812164 2345.512103 0.007323 0.431096 -0.902277 0.195380 0.884293 0.424089 0.980700 -0.179392 -0.077751
-25.746124 -38.894275 1858.260204 3553.895094 0.071785 0.570754 -0.817977 0.006926 0.819788 0.572625 0.997396 -0.046772 0.054895
19.999634 -23.073043 -962.271859 -2335.710647 0.141956 0.965995 -0.216105 0.946037 -0.068149 0.316811 -0.291310 0.249417 0.923542
21.248648 -19.312535 -1924.638272 -561.126921 -0.140148 -0.945341 0.294430 0.943408 -0.037226 0.329539 -0.300566 0.323952 0.897059
15.785079 -21.043740 -3031.679136 -737.361716 -0.096536 -0.911536 0.399728 0.948544 0.037426 0.314425 -0.301570 0.409513 0.861020
-11.371332 -25.252001 432.555387 175.005718 0.722411 -0.644436 0.250648 -0.686889 -0.627194 0.367167 0.079411 0.437413 0.895748
-10.583721 -24.698555 560.206813 137.864116 0.733777 -0.650659 0.195483 -0.677191 -0.677340 0.287442 0.054618 0.343298 0.937637
-7.419092 -24.286287 491.642509 52.034712 0.797004 -0.593788 0.110459 -0.589947 -0.726175 0.353033 0.129414 0.346534 0.929068
10.743537 -28.392988 1885.661646 298.190073 0.782966 0.380626 0.492024 0.612140 -0.330712 -0.718272 0.110674 -0.863570 0.491933
2.512462 -27.446180 -2305.072811 -12.176742 -0.679475 -0.464082 -0.568279 0.718083 -0.261691 -0.644884 0.150566 -0.846254 0.511062
19.168293 -27.632526 4031.212638 265.244319 0.742016 0.450180 0.496739 0.621711 -0.184925 -0.761104 0.250774 -0.873580 0.417099
2.778077 -28.123682 1138.421720 53.728078 0.769974 0.394224 0.501725 0.637618 -0.445589 -0.628406 0.024170 -0.803765 0.594456
-0.452305 -70.730864 10.539217 764.564978 0.945829 0.262177 -0.191496 0.303472 -0.504312 0.808440 -0.115381 0.822759 0.556556
-0.816867 -67.792654 -47.970968 -106.300320 0.949082 0.265257 -0.169946 0.281582 -0.472391 0.835200 -0.141262 0.840527 0.523029
0.126949 -73.098681 140.763841 1165.159015 0.950317 0.242625 -0.195014 0.293898 -0.492902 0.818945 -0.102574 0.835572 0.539721
-0.610121 -66.681614 25.143861 2259.205179 0.943371 0.267108 -0.196736 0.326508 -0.642677 0.693079 -0.058690 0.718066 0.693496
0.253679 -69.778510 181.323077 3013.023240 0.944577 0.250459 -0.212235 0.326517 -0.649678 0.686516 -0.034060 0.717766 0.695451
13.498838 -14.784460 881.050825 407.086666 0.723479 0.630860 0.280346 0.126887 -0.520694 0.844261 -0.678585 0.575233 0.456760
15.478593 -13.041926 1247.825636 -87.046327 0.722401 0.681816 0.115166 0.281287 -0.441912 0.851817 -0.631675 0.582959 0.511023
11.198252 -12.149373 1347.597655 -285.329629 0.724779 0.688931 0.008348 0.343787 -0.372123 0.862169 -0.597081 0.622012 0.506553
9.028413 -21.602463 -4525.865129 -880.430383 0.826018 0.275959 0.491468 0.407312 0.310464 -0.858900 0.389604 -0.909648 -0.144048
26.947892 -23.751260 -7547.791419 -1163.748724 0.819405 0.291502 0.493560 0.420676 0.279067 -0.863223 0.389368 -0.914958 -0.106041
28.880369 -25.555655 -7704.591541 -3264.014059 0.784114 0.262045 0.562580 0.530101 0.188602 -0.826694 0.322735 -0.946447 -0.008975
-4.711392 -37.618834 -235.045106 -2055.058953 -0.801036 0.150296 -0.579442 -0.089206 0.927189 0.363816 0.591932 0.343120 -0.729304
-7.037516 -43.808392 -390.090906 -4545.479961 -0.814778 0.149451 -0.560180 -0.128884 0.895339 0.426330 0.565266 0.419562 -0.710240
-7.942868 -38.569586 -325.178284 -4132.913236 -0.825755 0.083651 -0.557792 -0.170495 0.905658 0.388221 0.537644 0.415676 -0.733589
5.797278 -97.219410 2705.735489 9647.033494 -0.612187 0.321559 -0.722375 0.733524 -0.110166 -0.670675 -0.295243 -0.940459 -0.168429
8.834235 -127.692043 2884.107401 11452.520625 -0.604072 0.307568 -0.735186 0.625336 -0.388934 -0.676525 -0.494016 -0.868408 0.042611
-1.237009 -133.375916 -1340.921819 7590.396295 0.635472 -0.309648 0.707314 0.466358 -0.576167 -0.671224 -0.615374 -0.756406 0.221731
8.598969 -46.657301 35.280305 3777.203035 0.661116 -0.357728 0.659513 0.449922 0.892456 0.033063 -0.600414 0.274871 0.750966
5.820981 -39.198250 257.335783 1699.007394 0.655447 -0.388213 0.647826 0.524878 0.850915 -0.021138 -0.543039 0.353885 0.761495
5.324292 -39.203674 727.729880 910.064931 0.709870 -0.335436 0.619328 0.461713 0.885645 -0.049537 -0.531888 0.321117 0.783568
-1.521369 -75.281201 752.265087 256.911715 -0.785961 0.151452 -0.599439 -0.227253 0.830901 0.507897 0.574997 0.535412 -0.618638
-1.492664 -75.364422 630.127620 -9.131653 -0.776279 0.101625 -0.622145 -0.151132 0.928136 0.340181 0.612005 0.358101 -0.705133
0.268766 -69.846150 202.080345 151.898923 -0.779660 0.159834 -0.605461 -0.219808 0.835500 0.503611 0.586357 0.525731 -0.616273
-4.943860 -30.295685 -1650.674857 -221.412019 0.636224 -0.232197 0.735733 0.210100 0.969738 0.124365 -0.742345 0.075453 0.665755
-0.802133 -27.894484 -1171.882589 -304.729429 0.639495 -0.266876 0.720988 0.194494 0.963469 0.184121 -0.743786 0.022483 0.668039
-0.003293 -27.402348 -956.912433 -644.098487 0.624688 -0.313232 0.715298 0.281206 0.944801 0.168148 -0.728483 0.096106 0.678289
-5.506239 -32.498875 -2669.472295 -238.453626 0.614106 -0.302952 0.728762 0.380298 0.922708 0.063111 -0.691554 0.238390 0.681852
-1.118431 -29.739641 -1314.582743 -530.937606 0.621781 -0.330173 0.710193 0.351516 0.927978 0.123668 -0.699875 0.172750 0.693060
-8.504372 -31.992197 -1996.046577 -230.615689 0.653922 -0.201554 0.729220 0.232066 0.970833 0.060232 -0.720091 0.129840 0.681624
902.984681 -255.522739 389318.717878 -77502.726045 -0.538911 -0.004387 -0.842351 0.469592 0.828621 -0.304747 0.699327 -0.559793 -0.444493
144.756448 -299.215598 40607.832544 30961.114720 -0.509212 -0.154151 -0.846724 0.068280 0.973492 -0.218292 0.857928 -0.168971 -0.485188
103.534452 -283.721199 27654.411694 3383.014561 -0.599100 -0.045924 -0.799356 0.230249 0.946302 -0.226933 0.766854 -0.320006 -0.556355
69.885716 -260.738476 19628.499900 13427.045086 -0.651173 -0.026305 -0.758473 0.058369 0.994703 -0.084610 0.756682 -0.099367 -0.646188
73.831533 -262.434552 697.974576 67047.502127 -0.493075 -0.105515 -0.863564 -0.306618 0.950003 0.058995 0.814163 0.293874 -0.500776
-4.756992 -69.537364 -1284.921442 1668.684690 0.858347 -0.007158 0.513020 0.322454 -0.770224 -0.550253 -0.399080 -0.637733 0.658811
-3.880457 -68.161548 -1865.868327 -3656.587112 0.843409 -0.001536 0.537270 0.282775 -0.849017 -0.446329 -0.456836 -0.528364 0.715634
-1.651203 -71.243326 -943.547522 1989.043986 0.856254 -0.017237 0.516268 0.335145 -0.741990 -0.580627 -0.393074 -0.670189 0.629555
-7.630587 -63.393226 -1913.368938 -2486.229773 0.851475 0.007676 0.524339 0.279764 -0.852360 -0.441831 -0.443534 -0.522899 0.727911
-5.327703 -67.027453 -616.526262 3908.373969 0.867090 -0.004925 0.498128 0.370762 -0.661461 -0.651924 -0.332703 -0.749963 0.571720
