11591
23168
-39.843384 -55.437384 -2307.727778 7657.131885 0.048998 0.984734 -0.167027 0.968001 -0.088025 -0.235002 0.246117 0.150167 0.957537
-47.468620 -62.827724 -683.128198 6263.632950 -0.191158 -0.945204 0.264667 0.968681 -0.225198 -0.104607 0.158477 0.236382 0.958649
-45.694020 -74.944713 2588.867177 9511.574713 0.196068 -0.969364 0.147954 0.975593 0.177622 -0.129105 0.098870 0.169656 0.980531
-38.394295 -54.258633 -969.109640 3712.411495 -0.628820 -0.683630 0.370453 0.732805 -0.680340 -0.011604 0.259967 0.264173 0.928779
-26.290774 -72.395874 -6179.849561 12608.494672 -0.152803 0.987322 -0.042966 0.962978 0.138984 -0.230992 0.222092 0.076671 0.972007
-27.435846 -49.057280 -5543.342987 7399.265534 0.048523 0.995417 -0.082404 0.943962 -0.072668 -0.321955 0.326468 0.062164 0.943162
-31.931306 -43.101219 -157.882958 3960.605929 0.608145 0.724013 -0.325522 0.723997 -0.674044 -0.146601 0.325558 0.146522 0.934100
20.863271 -63.294353 -839.104463 -7073.702511 0.804531 0.586978 -0.090475 0.590994 -0.776156 0.219791 -0.058789 0.230299 0.971342
21.682086 -68.182402 1424.446189 -6515.457149 0.755935 0.624954 -0.194924 0.650655 -0.750079 0.118447 0.072185 0.216366 0.973640
27.414104 -78.881996 -433.139368 -8478.653890 0.771923 0.625122 -0.115578 0.633781 -0.770924 0.063233 0.049574 0.122062 0.991284
15.914156 -51.595986 2196.865950 -5276.437652 0.783888 0.586486 -0.203846 0.620829 -0.735315 0.271814 -0.009524 0.339625 0.940513
26.582602 -80.554962 -1793.233365 -8392.261205 0.801492 0.596335 -0.044665 0.597732 -0.796626 0.090018 -0.018100 0.098846 0.994938
20.632747 -72.883065 -2351.882285 -7584.204698 0.845156 0.534347 0.013605 0.522259 -0.830923 0.191868 -0.113829 0.155053 0.981327
14.579949 -53.040044 -2575.182415 -6479.801221 0.850932 0.525237 -0.006344 0.491270 -0.791512 0.363541 -0.185924 0.312466 0.931556
13.810694 -46.424323 2546.430237 282.981032 0.323661 0.934785 0.146361 0.076914 0.128182 -0.988764 0.943042 -0.331281 0.030411
5.462354 -45.503191 1151.510993 487.843720 0.326581 0.931533 0.159969 -0.043424 0.183858 -0.981993 0.944171 -0.313754 -0.100496
14.463086 -46.935280 2901.654476 2017.866340 0.341354 0.896200 0.283379 0.008371 0.298578 -0.954349 0.939898 -0.328142 -0.094419
184.291426 -27.848332 58382.050253 3860.456648 -0.441641 0.697554 -0.564244 0.024485 0.638037 0.769616 -0.896858 -0.326078 0.298863
71.173910 -44.845440 8953.594599 -2154.562657 -0.552141 0.806467 -0.211543 0.271740 0.413938 0.868800 -0.788224 -0.422215 0.447702
120.610566 -19.738852 15290.934182 -1240.722012 -0.684385 0.592186 -0.425361 -0.055048 0.539758 0.840018 -0.727039 -0.598312 0.336804
297.938625 -27.153911 84888.101265 2755.561357 -0.501807 0.671769 -0.544900 -0.108256 0.576229 0.810087 -0.858178 -0.465496 0.216433
855.558640 -47.854689 -278735.399412 7810.910594 0.700896 -0.338797 0.627664 0.346850 -0.607038 -0.714982 -0.623250 -0.718833 0.307959
1316.138130 -138.862761 332188.592758 -37528.409963 -0.563244 -0.048772 -0.824850 0.685022 -0.585788 -0.433126 -0.462063 -0.808996 0.363351
-0.043185 -45.794346 -61.266681 1039.326183 -0.112076 0.973948 0.197142 0.536821 0.226293 -0.812782 0.836219 -0.014736 0.548197
0.851253 -43.354330 -230.231166 970.907438 -0.114361 0.972266 0.204012 0.434803 0.233632 -0.869691 0.893234 0.010753 0.449463
0.926787 -42.076625 472.538262 262.020681 -0.107288 0.977896 0.179465 0.430748 0.208406 -0.878079 0.896072 0.016903 0.443587
1.728711 -43.687631 243.425001 -340.124739 -0.108298 0.976827 0.184609 0.335989 0.210739 -0.917987 0.935619 0.037389 0.351026
1.376048 -43.564085 135.688028 -486.940640 -0.093384 0.981283 0.168412 0.352867 0.190791 -0.916015 0.931002 0.026115 0.364079
-12.058304 -101.143426 2408.718261 -1901.649587 -0.299620 0.951979 0.062957 -0.805651 -0.287807 0.517777 -0.511032 -0.104415 -0.853196
-6.986524 -105.288982 2479.799345 -855.304385 -0.270350 0.958387 0.091686 -0.751912 -0.269658 0.601592 -0.601281 -0.093700 -0.793524
-6.292735 -95.505744 2746.661906 -3240.062530 -0.254077 0.964786 0.068068 -0.876603 -0.259448 0.405282 -0.408670 -0.043304 -0.911654
8.531047 -207.830578 470.635180 -12899.851635 0.191129 -0.981114 -0.029755 0.981564 0.191001 0.007118 -0.001300 -0.030567 0.999532
5.861027 -196.946492 367.922932 -15195.941138 0.221843 -0.972851 -0.065933 0.971408 0.214636 0.101479 -0.084572 -0.086560 0.992650
8.327868 -183.465630 509.487263 -13338.541358 -0.247499 0.968858 0.007696 0.924043 0.233648 0.302577 -0.291356 -0.081998 0.953094
8.370739 -179.287505 -405.665075 -17915.626079 -0.289396 0.956097 0.046132 0.840684 0.230826 0.489867 -0.457712 -0.180548 0.870576
10.982219 -191.275003 -712.411564 -18960.957658 -0.269220 0.963028 0.009852 0.798179 0.217388 0.561831 -0.538917 -0.159120 0.827194
9.830995 -244.914206 -2247.152568 -33171.703589 -0.188871 0.981151 0.040872 0.949150 0.171719 0.263869 -0.251877 -0.088631 0.963692
-20.086235 -39.546045 3276.953364 1400.942609 0.547939 -0.305005 -0.778932 0.409804 0.909642 -0.067911 0.729262 -0.281998 0.623421
-15.938405 -40.636192 4262.136498 802.559943 0.402034 -0.526269 -0.749272 0.628561 0.753666 -0.192090 0.665792 -0.393737 0.633792
-9.386399 -36.184643 3192.544208 821.537818 0.337303 -0.584253 -0.738156 0.635916 0.719577 -0.278964 0.694146 -0.375310 0.614251
-15.452456 -33.861398 1279.651011 1694.268397 0.485080 -0.394146 -0.780606 0.436974 0.882476 -0.174040 0.757463 -0.256681 0.600304
-8.032236 -32.162737 934.070586 626.514121 0.273972 -0.659283 -0.700204 0.637372 0.669683 -0.381158 0.720205 -0.341864 0.603683
2.583565 -33.648916 -4593.118528 1011.285496 -0.106379 0.759913 0.641261 0.750972 0.484102 -0.449095 0.651709 -0.433794 0.622172
9.510143 -135.599810 -1623.713984 -1981.470630 0.837647 -0.162020 0.521629 -0.533642 -0.039057 0.844808 0.116503 0.986014 0.119176
8.463081 -135.569467 -1197.374156 -2394.607473 0.834661 -0.164141 0.525737 -0.495285 0.193831 0.846831 0.240903 0.967206 -0.080487
10.961309 -143.943380 -2106.141922 -2385.719638 0.836362 -0.150821 0.527021 -0.514734 0.114594 0.849657 0.188539 0.981897 -0.018210
11.603640 -147.457881 -1865.928806 3082.452991 0.831950 -0.175300 0.526430 -0.553995 -0.209798 0.805651 0.030786 0.961902 0.271657
9.064170 -35.855912 4092.566288 375.699422 -0.444092 0.880288 -0.166956 0.836027 0.474136 0.276140 -0.322243 0.016948 0.946505
7.162038 -35.969067 3521.398086 -921.972009 -0.384825 0.912295 -0.140097 0.893714 0.406227 0.190406 -0.230618 0.051933 0.971658
17.606855 -32.045123 5346.976431 105.559709 -0.483340 0.860098 -0.163140 0.826723 0.509745 0.238095 -0.287945 0.019790 0.957442
-7.900196 -236.976075 3003.088146 24774.652601 0.912609 -0.167857 0.372786 -0.396052 -0.589202 0.704262 -0.101431 0.790358 0.604191
-6.113215 -244.188494 1793.672942 6335.932887 0.911352 -0.178121 0.371093 -0.408453 -0.279572 0.868911 0.051024 0.943458 0.327542
-8.736702 -235.537695 1275.991059 9175.225214 0.910369 -0.146264 0.387086 -0.413405 -0.280738 0.866189 0.018023 0.948574 0.316041
-12.380212 -255.932463 464.864002 20509.887883 0.903359 -0.098216 0.417488 -0.420880 -0.390214 0.818898 -0.082481 0.915471 0.393840
-9.765299 -218.172344 103.976122 28173.278831 0.898850 -0.115466 0.422773 -0.403458 -0.594730 0.695354 -0.171146 0.795590 0.581159
-12.307150 -1439.228738 -5044.377679 -449977.564513 0.981047 -0.153046 0.118843 0.181493 0.510921 -0.840250 -0.067878 -0.845894 -0.529014
-26.902959 -389.398282 2473.844266 -134291.276224 0.995318 -0.091343 0.031597 0.061068 0.340917 -0.938108 -0.074917 -0.935645 -0.344899
-27.601277 -974.306990 1094.469014 -355642.446150 0.979517 -0.161594 0.120140 0.201304 0.771628 -0.603380 -0.004799 -0.615205 -0.788352
-68.211399 -1450.205510 1148.343832 -331595.166307 -0.951202 0.303041 -0.058150 0.302016 0.952951 0.025884 0.063258 0.007059 -0.997972
-200.664731 -24139.174723 -318511.178792 -15034537.478401 0.964438 -0.226793 0.135734 0.242411 0.963655 -0.112279 0.105337 -0.141190 -0.984363
-1.273916 -33.267263 3585.076425 227.519823 0.332097 0.854066 0.400353 -0.269048 0.492580 -0.827634 0.904060 -0.167140 -0.393369
10.662327 -35.692302 5717.132033 2497.197946 0.357670 0.785818 0.504541 -0.160189 0.583902 -0.795863 0.920006 -0.203834 -0.334724
1.000625 -36.267209 3269.373699 1864.413360 0.339125 0.853266 0.396146 -0.202446 0.477427 -0.855032 0.918700 -0.209765 -0.334648
-13.038477 -33.957303 278.746822 -810.696542 -0.245394 0.934423 -0.258140 -0.405376 -0.340792 -0.848252 0.880598 0.103512 -0.462421
-10.527994 -32.959812 710.288097 -596.471200 -0.241804 0.927847 -0.283956 -0.324007 -0.353051 -0.877710 0.914632 0.120230 -0.385997
-13.786949 -36.317108 724.112382 -1328.643397 -0.284058 0.860593 -0.422719 -0.354558 -0.503910 -0.787631 0.890842 0.073854 -0.448270
-15.755905 -36.770108 468.724948 -1338.211717 -0.294287 0.874718 -0.385051 -0.431247 -0.481081 -0.763274 0.852890 0.058570 -0.518796
-16.419888 -40.602457 331.162679 -1639.274196 -0.318551 0.794799 -0.516546 -0.419229 -0.606871 -0.675244 0.850160 -0.001452 -0.526522
-3.884833 -109.596618 1731.071054 -908.372296 -0.367112 0.924150 0.105715 0.882490 0.381957 -0.274445 0.294007 0.007460 0.955774
-6.148173 -109.368449 542.146799 2520.547320 -0.344295 0.930318 0.126367 0.798955 0.361012 -0.480979 0.493083 0.064638 0.867578
-5.383527 -110.927099 1748.920723 1256.017117 -0.372466 0.920518 0.117963 0.794498 0.381972 -0.472092 0.479628 0.082117 0.873621
-0.170568 -109.316742 1725.600357 -4158.653346 -0.380978 0.915637 0.128314 0.897206 0.399642 -0.187903 0.223331 -0.043537 0.973770
-1.743133 -100.561094 -1859.775321 -7304.523742 0.366003 -0.925044 -0.101667 0.930489 0.365555 0.023679 0.015261 -0.103267 0.994537
8.140746 -301.733381 -2522.589220 -53987.086594 -0.219028 0.970220 -0.103445 -0.949343 -0.236390 -0.207044 0.225331 -0.052857 -0.972847
20.623205 -341.123650 -6311.414486 -55955.704799 -0.254117 0.960630 -0.112313 -0.943864 -0.271656 -0.187949 0.211059 -0.058247 -0.975736
8.937273 -283.307951 -2501.729296 -14999.562021 -0.260165 0.963949 -0.055824 -0.957113 -0.249824 0.146707 -0.127472 -0.091598 -0.987604
19.562133 -112.001278 766.896447 6868.009277 0.616928 -0.570856 0.541777 -0.554061 0.173869 0.814117 0.558942 0.802429 0.209024
17.448075 -118.008553 -251.694054 5624.976147 0.566580 -0.569427 0.595600 0.688874 -0.069296 -0.721561 0.452149 0.819116 0.353002
8.375070 -139.197452 -1569.213574 -18477.596750 0.600180 -0.455642 0.657399 0.656002 -0.189853 -0.730491 0.457652 0.869681 0.184956
27.156397 -104.374128 -2105.870505 -7669.225432 0.592587 -0.617191 0.517606 -0.577484 0.122463 0.807165 0.561562 0.777225 0.283848
6.639714 -214.441703 1702.721502 -51225.322431 0.529734 -0.444035 0.722644 0.594401 -0.413425 -0.689759 0.605036 0.794929 0.044930
21.691006 -106.055344 -617.344967 4802.368900 0.608593 -0.580606 0.540842 -0.490377 0.260650 0.831620 0.623815 0.771335 0.126086
-2.616095 -11.009564 -763.905415 946.695434 0.662681 0.718060 0.212705 -0.589667 0.675384 -0.442888 0.461678 -0.168068 -0.870980
-3.468055 -13.069619 -922.535691 -631.402532 -0.880945 -0.112049 -0.459761 -0.027767 0.982128 -0.186152 0.472403 -0.151224 -0.868313
-1.027842 -9.850309 71.909942 -226.954315 -0.840434 -0.385829 -0.380535 -0.252135 0.899972 -0.355637 0.479686 -0.202943 -0.853648
3.397713 -12.780882 -1685.252159 -1505.234548 0.618701 0.766906 0.170483 -0.609661 0.605548 -0.511494 0.495503 -0.212525 -0.842205
-39.620785 -60.949917 -804.478108 -1214.274071 -0.619821 0.266532 0.738094 0.780777 0.303902 0.545922 -0.078803 0.914661 -0.396467
-40.541291 -63.979332 -310.186838 -2456.840775 -0.621791 0.294422 0.725735 0.782790 0.204273 0.587803 0.024814 0.933589 -0.357485
-39.647337 -59.298870 338.485722 -1421.756289 -0.570955 0.365819 0.734974 0.818931 0.317010 0.478390 -0.057990 0.875032 -0.480579
13.619732 -50.095471 -2608.685708 1217.029611 0.106105 0.964560 0.241589 -0.352763 -0.190643 0.916086 -0.929677 0.182425 -0.320033
8.748266 -52.253011 -3046.185315 849.455232 0.083016 0.980649 0.177301 -0.377623 -0.133692 0.916257 -0.922231 0.143017 -0.359217
14.436714 -52.515830 -3177.197870 644.016583 0.088081 0.968570 0.232624 -0.471079 -0.165263 0.866471 -0.877682 0.185904 -0.441717
7.783536 -49.281595 -3494.624731 1079.903774 0.089426 0.978414 0.186305 -0.234348 -0.161134 0.958706 -0.968031 0.129394 -0.214880
17.278084 -51.112831 -76.095223 739.397767 0.138037 0.945891 0.293660 -0.466512 -0.199453 0.861734 -0.873677 0.255947 -0.413738
15.265519 -48.333734 449.876441 1410.082796 0.157930 0.941385 0.298082 -0.332765 -0.233474 0.913651 -0.929691 0.243484 -0.276387
12.461201 -47.200037 -1656.144962 1261.212290 0.127983 0.961929 0.241479 -0.226394 -0.208717 0.951411 -0.965591 0.176434 -0.191063
8.780608 -41.963665 -1593.767185 1196.505027 0.097403 0.904109 -0.416052 -0.855686 -0.137407 -0.498920 0.508247 -0.404606 -0.760249
7.625435 -43.927750 -517.991294 544.945779 0.125612 0.914981 -0.383446 -0.783863 -0.145375 -0.603676 0.608096 -0.376398 -0.698959
8.215880 -44.066125 -730.296130 584.759625 0.107379 0.916311 -0.385802 -0.827718 -0.132577 -0.545258 0.550774 -0.377884 -0.744212
9.190923 -41.542361 -645.888947 1010.458403 0.085926 0.914010 -0.396489 -0.898028 -0.101290 -0.428119 0.431466 -0.392845 -0.812103
8.117765 -40.804701 -964.189696 1226.736298 0.087625 0.902105 -0.422527 -0.901581 -0.108567 -0.418766 0.423643 -0.417637 -0.803807
7.846946 -59.092329 890.967808 309.915279 -0.110160 0.949841 -0.292688 -0.790470 0.094788 0.605121 -0.602513 -0.298021 -0.740380
7.637150 -59.653454 979.436408 340.471503 -0.108957 0.946763 -0.302932 -0.813268 0.090333 0.574834 -0.571597 -0.308997 -0.760130
7.806974 -59.811190 1248.797198 -9.673163 -0.095709 0.950426 -0.295855 -0.874272 0.061839 0.481481 -0.475907 -0.304740 -0.825013
15.987109 -122.719806 -2277.992210 -7288.900592 0.036321 0.983194 0.178913 0.458884 0.142632 -0.876973 0.887753 -0.113953 0.445992
8.634295 -107.208389 -3274.626499 -13892.320741 0.070178 0.980253 0.184876 0.681673 0.088182 -0.726323 0.728283 -0.176996 0.662024
16.377704 -110.131759 -1262.787288 -12205.622596 -0.027422 0.980362 0.195291 0.687783 0.160274 -0.708002 0.725398 -0.114903 0.678671
3.797143 -118.604754 -3754.711217 -9248.124962 0.108128 0.982238 0.153354 0.491644 0.081240 -0.866998 0.864057 -0.169143 0.474127
20.706700 -122.298870 -526.563693 -7755.039995 -0.053844 0.978633 0.198441 0.471474 0.200098 -0.858879 0.880235 -0.047314 0.472174
715.904291 -67.094143 224843.915845 -1601.587847 0.133190 0.990927 -0.017991 0.262219 -0.052739 -0.963566 0.955773 -0.123620 0.266864
507.958214 -45.199444 154202.514074 -882.186023 0.416167 0.908583 0.035813 0.319066 -0.109037 -0.941439 0.851470 -0.403223 0.335275
1023.809458 -121.393443 357424.375708 -18103.443407 0.151383 0.970062 -0.189900 0.310736 -0.229077 -0.922479 0.938364 -0.080638 0.336112
3500.314225 -75.549475 1180363.593005 -4974.819485 0.052141 0.995252 -0.082182 0.261788 -0.093038 -0.960631 0.963716 -0.028574 0.265396
989.889104 -72.723340 380027.621927 -12149.821330 0.125502 0.956986 -0.261585 0.337024 -0.289115 -0.896006 0.933094 -0.024290 0.358811
-11.646248 -47.147223 -1515.931803 3170.969030 -0.052787 0.947777 -0.314535 -0.374453 0.273205 0.886084 -0.925742 -0.164552 -0.340476
-11.039615 -43.161994 -1227.929382 499.963386 -0.044755 0.944606 -0.325142 -0.312911 0.295835 0.902534 -0.948727 -0.142133 -0.282338
-13.025508 -44.621512 -1194.562308 1118.512954 -0.024657 0.946692 -0.321194 -0.311695 0.297995 0.902244 -0.949862 -0.122361 -0.287732
-8.561313 -44.928487 113.568520 1141.070387 -0.043503 0.947365 -0.317187 -0.336553 0.285034 0.897490 -0.940659 -0.145793 -0.306439
77.650848 -48.933195 33346.661414 -14.917599 0.302362 0.870604 -0.388105 0.857763 -0.426091 -0.287556 0.415715 0.245956 0.875606
723.211108 -57.379795 251243.935183 -2481.932764 0.374080 0.825751 -0.422137 0.789250 -0.522483 -0.322639 0.486979 0.212478 0.847174
526.005113 -52.403597 175393.709417 -3082.446623 0.444061 0.808370 -0.386454 0.815916 -0.543060 -0.198412 0.370258 0.227207 0.900714
87.729902 -46.258483 -38190.527296 -1359.244709 -0.339934 -0.855233 0.391180 0.895765 -0.421135 -0.142307 0.286445 0.302030 0.909245
-4.745365 -45.579814 50.931796 -2372.447673 -0.054165 0.939163 -0.339174 0.335032 0.337076 0.879849 -0.940649 0.065977 0.332907
-4.204575 -46.364193 -230.062084 -3585.586181 -0.072464 0.946911 -0.313223 0.330401 0.319106 0.888260 -0.941055 0.039122 0.335984
-4.968546 -46.969226 -160.979642 -2619.535678 -0.049519 0.952947 -0.299064 0.430998 0.290506 0.854311 -0.900993 0.086591 0.425104
-6.262089 -46.950985 -161.627134 -1253.145887 -0.043635 0.948758 -0.312976 0.493480 0.292857 0.818970 -0.868662 0.118712 0.480972
5.588374 -239.406402 721.931460 63884.765965 0.955109 0.176802 0.237716 -0.052709 -0.688186 0.723617 -0.291529 0.703663 0.647973
5.850359 -117.719001 2319.072294 19982.325789 0.950757 0.122175 0.284841 -0.065683 -0.818729 0.570411 -0.302898 0.561032 0.770387
8.457688 -100.233730 -61.572514 15558.823974 0.930382 0.144577 0.336878 -0.092505 -0.796620 0.597360 -0.354728 0.586936 0.727787
9.684045 -136.021059 708.999541 23294.798785 0.934284 0.161339 0.317934 -0.127315 -0.681979 0.720206 -0.333022 0.713355 0.616621
-11.604084 -25.395287 -508.570256 3528.467057 -0.274303 -0.053067 0.960178 -0.045363 0.998079 0.042202 -0.960573 -0.031981 -0.276183
-11.309614 -33.620303 428.253162 2174.885053 -0.282244 0.343393 0.895779 -0.050353 0.927152 -0.371286 -0.958020 -0.149898 -0.244393
-15.202091 -39.778781 -1736.888526 2860.460280 -0.255698 0.109971 0.960482 -0.071466 0.988641 -0.132220 -0.964111 -0.102450 -0.244935
-13.519825 -29.233511 -2555.479293 1332.951323 -0.246609 -0.303101 0.920497 -0.071307 0.952933 0.294677 -0.966488 0.007032 -0.256615
1.924683 -20.377721 8318.633296 -1016.420549 0.230749 0.722616 -0.651599 -0.172702 0.689454 0.703439 -0.957564 0.049785 -0.283888
0.239905 -18.618784 7771.777670 825.588337 0.222525 0.713156 -0.664749 -0.203681 0.700806 0.683656 -0.953413 0.016733 -0.301203
-2.026784 -525.653796 -1347.891695 9491.303233 0.945768 0.194588 0.260111 0.076868 -0.912051 0.402807 -0.315616 0.360968 0.877547
-10.386508 -756.910533 -891.684745 -241590.343549 0.930183 0.199714 0.308017 -0.133344 -0.597931 0.790378 -0.342023 0.776268 0.529554
-1.222217 -551.152142 838.592104 -116615.832894 0.935653 0.260790 0.237784 -0.009372 -0.655162 0.755430 -0.352796 0.709050 0.610560
-8.672851 -492.204606 -1495.537760 -85574.337183 0.913326 0.337451 0.227952 -0.016710 -0.528239 0.848932 -0.406886 0.779160 0.476815
4.145037 -623.220810 -319.836143 49359.579390 0.924656 0.327430 0.194426 0.228694 -0.885715 0.403990 -0.304485 0.329088 0.893863
-10.168534 -568.074565 1170.756926 -140052.901457 0.926673 0.295816 0.231885 -0.142820 -0.293541 0.945217 -0.347679 0.909025 0.229768
0.821710 -537.164734 -464.804888 -67889.529531 0.939577 0.252481 0.231189 -0.173872 0.933688 -0.313043 -0.294896 0.253931 0.921171
-54.846515 -75.312398 -686.114089 4890.700554 -0.012304 -0.963977 0.265701 0.999910 -0.010417 0.008509 -0.005434 0.265781 0.964018
-46.611917 -67.183708 -757.601010 5288.545535 -0.416283 -0.842402 0.342151 0.903595 -0.425140 0.052643 0.101115 0.331080 0.938169
28.742862 -81.580447 -114.278893 5265.635287 0.730627 0.662464 -0.165304 -0.655735 0.748276 0.100470 0.190250 0.034990 0.981112
22.815358 -72.281181 2296.815953 5463.071413 0.693101 0.669125 -0.268111 -0.693048 0.720853 0.007418 0.198232 0.180673 0.963359
16.731047 -57.830603 3046.583491 -5700.551077 0.723805 0.634539 -0.271046 0.684781 -0.708826 0.169234 0.084739 0.308100 0.947573
-3.002434 -43.247526 373.955456 715.641742 0.312949 0.944169 0.102993 -0.192551 0.169260 -0.966579 0.930047 -0.282659 -0.234770
5.216583 -43.332232 1007.512142 1771.997804 0.337041 0.907049 0.252318 -0.084493 0.296059 -0.951425 0.937691 -0.299351 -0.176423
53.396546 -49.838696 19743.676309 -81.780433 -0.354067 0.902983 -0.243429 0.321316 0.361900 0.875091 -0.878290 -0.231623 0.418280
56.179416 -49.822542 16276.767172 660.526604 -0.443463 0.866860 -0.227801 0.427610 0.427992 0.796224 -0.787712 -0.255686 0.560477
-2.109941 -55.983005 -162.724978 2934.765597 -0.141418 0.962324 0.232237 0.705624 0.262528 -0.658159 0.694331 -0.070796 0.716165
-1.597135 -50.057977 62.602842 2500.415113 -0.125006 0.972148 0.198245 0.629899 0.232141 -0.741173 0.766551 -0.032223 0.641374
-2.712512 -55.502287 117.964551 1857.149213 -0.149753 0.964742 0.216440 0.744441 0.254082 -0.617454 0.650678 -0.068661 0.756244
-3.235535 -52.609398 -379.382938 2336.559840 -0.134243 0.970691 0.199346 0.725847 0.233272 -0.647093 0.674629 -0.057827 0.735888
-3.155357 -63.488791 -180.959836 2471.205217 -0.165774 0.954532 0.247763 0.805015 0.276102 -0.525089 0.569623 -0.112407 0.814183
-3.621409 -60.864314 -68.410399 2265.299681 -0.168694 0.960302 0.222178 0.812122 0.263152 -0.520777 0.558569 -0.092584 0.824274
7.661564 -174.665905 -309.088772 -16782.861032 -0.283095 0.954896 0.089616 0.916886 0.242040 0.317390 -0.281384 -0.172019 0.944051
-27.418630 -47.281457 4378.619076 890.731038 0.608229 -0.272384 -0.745563 0.424011 0.905532 0.015081 0.671023 -0.325299 0.666264
3.635006 -147.572401 -717.456361 -1128.628739 0.838278 -0.142210 0.526372 -0.488295 0.233750 0.840791 0.242608 0.961841 -0.126507
6.972226 -130.402109 -1179.515045 -3137.529080 0.834159 -0.158258 0.528330 -0.425565 0.424644 0.799107 0.350818 0.891421 -0.286871
9.544178 -139.080525 -1313.495185 -6990.928496 0.833556 -0.167831 0.526325 -0.422064 0.421240 0.802757 0.356436 0.891285 -0.280292
17.784810 -104.226701 -1679.596379 6500.635155 0.929927 -0.086326 0.357467 0.141480 0.981223 -0.131091 -0.339438 0.172480 0.924680
16.380907 -111.074502 -1674.389249 1715.273729 0.899597 -0.154827 0.408355 0.162747 0.986546 0.015518 -0.405264 0.052499 0.912691
13.474367 -108.119917 -539.181172 5450.325408 0.898212 -0.171937 0.404541 0.278052 0.935043 -0.219957 -0.340445 0.310051 0.887674
11.747854 -117.896418 -131.273091 4297.821656 0.883072 -0.198781 0.425053 0.299595 0.936021 -0.184684 -0.361147 0.290433 0.886127
10.611016 -113.534959 646.744258 -883.475933 0.874555 -0.228075 0.427942 -0.399942 -0.838292 0.370558 -0.274225 0.495225 0.824350
-3.050566 -40.738118 2637.704613 -1294.966819 -0.286914 0.947931 -0.138226 0.930007 0.310228 0.197093 -0.229712 0.072003 0.970592
0.049155 -41.627900 2162.963403 -2453.437967 -0.263818 0.957367 -0.117677 0.956534 0.275383 0.095954 -0.124270 0.087248 0.988405
14.353631 -34.072734 5101.679318 -1334.019295 -0.392439 0.908391 -0.144282 0.905337 0.409183 0.113724 -0.162344 0.085994 0.982980
-4.851477 -236.114848 240.188995 -17876.362487 0.904974 -0.156762 0.395534 -0.377184 0.134544 0.916313 0.196860 0.978429 -0.062631
-3.227694 -244.548486 -217.335798 13658.628351 0.908602 -0.148436 0.390395 -0.417591 -0.340143 0.842568 -0.007723 0.928584 0.371041
-6.176757 -228.663645 -547.851605 -29051.871202 0.908563 -0.147957 0.390669 -0.272473 0.498988 0.822660 0.316658 0.853885 -0.413048
-6.538813 -231.998520 483.386911 -26054.517206 0.907111 -0.144591 0.395275 -0.294379 0.453255 0.841368 0.300815 0.879575 -0.368588
-5.980271 -228.650851 -220.416925 -22108.733666 0.901807 -0.145664 0.406850 -0.299843 0.467054 0.831838 0.311189 0.872148 -0.377516
-21.468706 -193.386112 7426.681977 -82016.640161 0.997074 0.021872 -0.073250 -0.076385 0.246971 -0.966007 0.003038 -0.968776 -0.247919
-19.860590 -387.040515 3209.284796 -115976.661997 0.995979 -0.015212 -0.088284 -0.075861 0.380962 -0.921473 -0.047650 -0.924465 -0.378277
19.370296 -45.648738 1986.620183 836.126695 0.194658 0.980518 0.026325 -0.431792 0.109758 -0.895270 0.880718 -0.162905 -0.444745
19.246761 -46.205701 2399.846251 627.977690 0.141150 0.988948 0.045379 -0.386107 0.097200 -0.917319 0.911591 -0.111958 -0.395560
19.267312 -43.792717 2051.118059 1611.194329 0.151090 0.987598 0.042692 -0.509868 0.114858 -0.852550 0.846880 -0.107044 -0.520898
18.563069 -41.767490 1367.241560 2117.097199 0.204506 0.978609 0.022419 -0.556525 0.135081 -0.819776 0.805268 -0.155172 -0.572245
16.252012 -44.582684 -2601.507337 1659.122142 0.287151 0.957526 -0.026234 -0.492984 0.124248 -0.861121 0.821286 -0.260204 -0.507723
8.108619 -30.366740 5928.988557 646.766251 0.365695 0.757577 0.540689 -0.213174 0.633660 -0.743661 0.905993 -0.156692 -0.393222
-10.283093 -31.836044 -52.798570 -449.962503 -0.202375 0.970898 -0.128068 -0.367390 -0.196492 -0.909074 0.907782 0.136923 -0.396463
-6.803207 -31.166218 713.950445 -255.242955 -0.215671 0.960174 -0.177630 -0.280215 -0.235118 -0.930698 0.935396 0.150950 -0.319763
14.410873 -96.280053 -903.562152 -1481.942862 0.623199 -0.497014 0.603821 0.690497 -0.012835 -0.723221 0.367202 0.867647 0.335188
23.864131 -145.139582 -1532.963260 20472.231336 0.517868 -0.617596 0.591935 0.737189 -0.028871 -0.675070 0.434010 0.785965 0.440334
-6.637826 -113.456255 -1232.561893 8864.428545 0.297094 -0.911302 -0.285067 0.948130 0.316903 -0.024945 0.113071 -0.262869 0.958183
-5.670327 -116.162397 -28.690109 13643.278548 -0.299809 0.900781 0.314179 0.898891 0.377041 -0.223237 0.319546 -0.215485 0.922744
-2.457812 -102.935661 171.184806 10596.913463 -0.237398 0.924853 0.297134 0.912904 0.316958 -0.257185 0.332037 -0.210199 0.919547
-41.654687 -60.199153 -995.616626 -797.845092 -0.610731 0.099561 0.785554 0.736779 0.434920 0.517688 -0.290112 0.894948 -0.338974
-43.979263 -64.380689 -876.844609 -1443.954556 -0.644924 0.045783 0.762874 0.736695 0.302852 0.604617 -0.203356 0.951937 -0.229045
-40.513792 -60.666160 -710.539587 -1416.805854 -0.628642 0.176098 0.757495 0.757471 0.359330 0.545087 -0.176202 0.916445 -0.359279
12.777628 -53.889511 -2866.633189 303.884542 0.076887 0.978710 0.190303 -0.526824 -0.122169 0.841149 -0.846490 0.164929 -0.506215
4.591117 -52.557440 -452.202217 906.609755 0.109840 0.982943 0.147507 -0.335249 -0.103071 0.936474 -0.935705 0.152314 -0.318210
9.110107 -53.520147 112.297809 488.732393 0.108579 0.981338 0.158700 -0.458797 -0.092155 0.883749 -0.881882 0.168768 -0.440229
3.775540 -50.947031 -2008.227753 935.557865 0.092845 0.984901 0.146115 -0.228749 -0.121724 0.965845 -0.969048 0.123097 -0.213994
32.078920 -44.840800 777.470554 -12.607320 0.089329 0.934111 0.345624 0.938265 0.037509 -0.343877 -0.334183 0.355006 -0.873094
30.112734 -45.825113 -4995.395601 -221.369190 0.066219 0.969244 0.237027 -0.927095 -0.028066 0.373774 -0.368931 0.244498 -0.896722
31.601859 -45.046700 -3324.665231 -77.315749 0.054524 0.964848 0.257091 0.971200 0.008564 -0.238112 -0.231944 0.262670 -0.936593
30.987594 -43.582521 3244.086636 17.472844 0.082093 0.912201 0.401434 0.966743 0.025007 -0.254525 -0.242217 0.408978 -0.879811
32.806398 -43.439236 1694.522762 199.123851 0.044462 0.932609 0.358139 0.991903 0.001477 -0.126988 -0.118959 0.360886 -0.924992
31.993046 -45.556159 -4806.914199 494.603910 0.037379 0.979235 0.199251 0.995676 -0.019527 -0.090820 -0.085043 0.201784 -0.975731
27.023070 -46.066818 -5667.511428 -107.236089 0.053166 0.985569 0.160706 -0.982318 0.022688 0.185842 -0.179514 0.167745 -0.969348
6.050426 -47.312150 226.965569 905.548384 0.128540 0.935994 -0.327710 -0.752132 -0.123364 -0.647363 0.646355 -0.329693 -0.688134
5.460801 -47.240703 14.975514 697.552517 0.138814 0.925930 -0.351260 -0.696601 -0.160816 -0.699203 0.703902 -0.341748 -0.622680
3.114355 -51.392809 -58.986741 1199.596841 0.165723 0.944415 -0.283930 -0.621456 -0.123539 -0.773647 0.765721 -0.304661 -0.566439
6.967946 -55.974438 29.633169 918.567579 -0.128182 0.944233 -0.303303 -0.698877 0.130987 0.703145 -0.703662 -0.302103 -0.643113
5.918525 -57.497029 -566.738913 -156.565713 -0.127701 0.933212 -0.335868 -0.750130 0.130662 0.648254 -0.648843 -0.334727 -0.683345
8.724825 -83.072903 -1810.153657 -10642.859985 -0.014738 0.977296 0.211368 0.821282 0.132408 -0.554946 0.570333 -0.165414 0.804586
3.221445 -79.590530 -3836.351301 -11741.956869 0.050208 0.972487 0.227484 0.822503 0.088943 -0.561763 0.566540 -0.215312 0.795407
0.085689 -98.591237 -3181.016653 -15407.071662 0.096912 0.981695 0.163960 0.725494 0.043100 -0.686877 0.681371 -0.185519 0.708037
343.688731 -42.765415 86726.067956 151.732263 0.506800 0.848666 0.151395 0.263812 0.014512 -0.964465 0.820706 -0.528730 0.216534
-12.315835 -40.675235 -1387.319413 -1358.403222 -0.030921 0.942288 -0.333371 -0.258362 0.314661 0.913366 -0.965553 -0.114373 -0.233721
-9.640708 -40.762837 -426.272647 -71.524667 -0.038080 0.940377 -0.337995 -0.215236 0.322583 0.921745 -0.975819 -0.107849 -0.190120
-3.498604 -43.885343 -258.718605 -892.708955 -0.080501 0.937760 -0.337825 0.272471 0.346720 0.897522 -0.958790 0.019796 0.283424
-4.341550 -48.557323 481.024534 -2375.512616 -0.059240 0.956106 -0.286969 0.296223 0.291362 0.909593 -0.953280 0.031122 0.300481
6.676180 -357.262159 -172.553035 -68800.719544 0.949569 0.205920 0.236464 -0.312912 0.573985 0.756721 -0.020097 0.792551 -0.609474
9.438802 -284.030873 3292.025655 23856.886596 0.958900 0.142563 0.245330 -0.272347 0.219843 0.936748 -0.079612 0.965062 -0.249634
12.315143 -261.991126 2412.337270 -32414.989554 0.956447 0.156870 0.246174 -0.289464 0.618571 0.730466 0.037688 0.769911 -0.637038
1.298254 -473.537840 -532.231989 -110623.436634 0.955270 0.181749 0.233295 -0.271085 0.853446 0.445131 0.118202 0.488463 -0.864541
-7.540584 -354.171351 1938.741863 -61596.093189 0.954086 0.193500 0.228642 -0.298722 0.558599 0.773778 -0.022007 0.806551 -0.590754
28.495965 -805.658371 -8424.952951 -288408.653560 0.928502 0.267491 0.257551 -0.352732 0.852101 0.386657 0.116032 0.449859 -0.885530
0.257146 -478.177450 1236.811368 61407.873223 0.942927 0.225405 0.245115 0.076332 -0.862788 0.499770 -0.324133 0.452536 0.830752
24.893634 -884.213739 -11833.879807 -288057.229301 0.972095 0.046494 0.229932 0.234459 -0.224754 -0.945788 -0.007705 -0.973306 0.229383
62.404452 -561.362488 -10745.632376 -31705.983243 0.974870 0.142135 0.171541 0.173431 -0.000919 -0.984846 0.139824 -0.989847 0.025546
27.352539 -965.578384 -14706.692646 -314635.046590 0.988532 0.067670 0.135002 0.114627 0.245764 -0.962528 0.098313 -0.966965 -0.235189
-49.830410 -56.852086 6104.810348 4780.967422 -0.179952 0.742518 -0.645201 0.731990 0.539244 0.416422 -0.657121 0.397345 0.640554
-56.482056 -70.536928 -2083.158266 6419.781874 0.469750 -0.398431 0.787774 0.440480 0.879126 0.181976 -0.765057 0.261516 0.588470
-57.537055 -73.242950 789.531535 8125.427120 0.705390 -0.086056 0.703576 0.225537 0.968265 -0.107688 -0.671981 0.234645 0.702413
6.256301 -55.960295 -750.142565 1324.608928 -0.088932 0.920509 -0.380466 0.985890 0.026964 -0.165208 -0.141816 -0.389790 -0.909919
7.410907 -58.083529 -1162.292830 522.808538 -0.108400 0.921062 -0.374025 0.953106 -0.010647 -0.302449 -0.282556 -0.389271 -0.876715
4.514875 -58.120960 -1777.345120 1091.980861 -0.095529 0.911047 -0.401084 0.951192 -0.035233 -0.306582 -0.293442 -0.410795 -0.863215
7.737223 -50.279261 -302.575974 1898.310023 -0.070979 0.923460 -0.377071 0.996639 0.081152 0.011139 0.040887 -0.375014 -0.926117
7.534014 -53.325287 -179.727884 1787.453187 -0.081057 0.928444 -0.362522 0.996365 0.065924 -0.053945 -0.026186 -0.365577 -0.930413
-4.271167 -991.883930 7433.717851 -268408.124154 0.851899 0.233765 -0.468638 -0.492203 0.051709 -0.868943 0.178895 -0.970917 -0.159111
16.462165 -913.546297 3935.661667 -251497.787265 0.834204 0.215106 -0.507773 -0.551161 0.355352 -0.754948 -0.018044 -0.909645 -0.414994
32.301779 -1043.737585 -10649.022947 -262985.034945 0.781631 0.180523 -0.597046 -0.587908 -0.106539 -0.801881 0.208366 -0.977784 -0.022857
8.052494 -170.509469 2510.991780 -27011.775183 0.800805 0.220471 -0.556869 -0.520139 -0.204950 -0.829127 0.296929 -0.953618 0.049450
-50.261152 -78.494352 1287.831744 2477.853004 0.162408 -0.967356 0.194539 0.978888 0.182754 0.091540 -0.124105 0.175565 0.976614
-25.817270 -77.219431 7176.757083 4515.850605 0.158952 -0.985851 0.053224 0.986842 0.160267 0.021398 -0.029626 0.049123 0.998353
31.343008 -83.259631 824.822244 1791.954326 0.775885 0.621963 -0.105661 -0.609523 0.782242 0.128763 0.162738 -0.035503 0.986030
-6.699946 -44.541035 569.530980 -105.031835 0.267154 0.963641 0.004921 -0.335057 0.097674 -0.937122 0.903530 -0.248707 -0.348968
-5.992697 -40.503871 -642.705939 527.802250 0.308399 0.946198 0.097973 -0.297072 0.193641 -0.935014 0.903680 -0.259252 -0.340808
-0.281325 -40.900868 519.925413 1813.699036 0.341318 0.906934 0.246926 -0.174297 0.319215 -0.931516 0.923646 -0.274905 -0.267030
38.096178 -50.934369 15568.492746 -254.886078 -0.299342 0.928778 -0.218555 0.218635 0.289731 0.931802 -0.928759 -0.231143 0.289792
19.897179 -50.524476 12981.904148 1192.084396 -0.322474 0.927611 -0.188543 0.481514 0.332239 0.811025 -0.814957 -0.170748 0.553796
13.945934 -52.517509 12757.758763 278.744770 -0.292890 0.944080 -0.151420 0.368195 0.257515 0.893375 -0.882410 -0.205909 0.423029
-1.355252 -50.888609 -57.410352 3491.461795 -0.124584 0.968357 0.216248 0.608113 0.246735 -0.754533 0.784014 -0.037501 0.619610
-0.433232 -46.787991 223.223124 1496.184270 -0.108796 0.976930 0.183768 0.565156 0.212870 -0.797048 0.817779 -0.017142 0.575277
-2.666587 -46.659521 -719.149980 2330.701910 -0.094185 0.980660 0.171567 0.616551 0.192764 -0.763352 0.781661 -0.033884 0.622783
-2.836123 -72.382683 718.711561 7357.117844 -0.355269 0.891976 0.279576 0.161017 -0.236221 0.958266 -0.920792 -0.385459 0.059702
-3.986518 -88.554796 1402.354444 6671.926188 -0.343842 0.912163 0.223005 -0.055909 -0.256950 0.964806 -0.937362 -0.319273 -0.139348
-5.293021 -80.651498 2222.309772 7818.556629 -0.344837 0.905349 0.247853 0.125789 -0.217096 0.968011 -0.930196 -0.364983 0.039020
-1.508283 -79.190144 -298.093887 4819.139146 -0.358815 0.902933 0.236566 -0.036188 -0.266709 0.963097 -0.932707 -0.337013 -0.128375
-3.860204 -59.093720 1406.490660 5955.744776 -0.345434 0.884129 0.314628 0.324922 -0.201850 0.923949 -0.880398 -0.421393 0.217547
-1.532989 -57.354961 -76.740102 5812.239874 -0.351595 0.877076 0.327290 0.300489 -0.225378 0.926775 -0.886616 -0.424197 0.184310
-0.788950 -66.105505 -886.796259 6291.171409 -0.367490 0.883125 0.291618 0.182470 -0.238999 0.953721 -0.911952 -0.403694 0.073314
6.271433 -158.841026 -1136.571940 -17592.816298 -0.286308 0.952256 0.106000 0.908494 0.234658 0.345796 -0.304413 -0.195304 0.932303
8.873070 -148.577598 -337.269121 -4917.581234 -0.348778 0.935213 0.061077 0.775524 0.251403 0.579101 -0.526228 -0.249344 0.812964
-27.300990 -41.359514 2567.381012 -138.891714 0.674541 0.101126 -0.731279 0.073358 0.976489 0.202701 0.734584 -0.190375 0.651263
-32.645836 -49.519906 2319.218847 -1770.584306 0.729750 0.250078 -0.636338 -0.060007 0.950542 0.304744 0.681076 -0.184202 0.708665
1.901244 -144.382805 141.247918 -1164.660955 0.842295 -0.135774 0.521637 -0.506115 0.133722 0.852037 0.185439 0.981674 -0.043916
2.841334 -138.985878 -295.616465 -2560.686541 0.840525 -0.125286 0.527087 -0.450055 0.380150 0.808045 0.301609 0.916400 -0.263140
3.044759 -139.628137 -1247.070323 -4066.531430 0.835678 -0.126420 0.534472 -0.388612 0.551560 0.738080 0.388102 0.824500 -0.411798
24.623242 -103.146405 -2583.251181 341.942147 0.926555 -0.071509 0.369300 0.036165 0.994151 0.101766 -0.374417 -0.080937 0.923721
10.781219 -125.003917 -622.328507 -2359.719665 0.878497 -0.193622 0.436753 0.219261 0.975629 -0.008510 -0.424461 0.103239 0.899541
14.572465 -112.175496 -2883.350299 -8957.018378 0.878247 -0.187731 0.439816 0.075553 0.962641 0.260027 -0.472200 -0.195139 0.859621
25.537901 -103.566880 -3972.793952 -8945.987771 0.910424 -0.116971 0.396794 -0.014266 0.949742 0.312708 -0.413430 -0.290357 0.863000
23.986018 -36.344514 5778.521431 874.099944 -0.537759 0.820557 -0.193653 0.737788 0.569167 0.362928 -0.408024 -0.052293 0.911472
7.741305 -38.182106 4385.064428 526.399641 -0.434487 0.880877 -0.187821 0.795262 0.473096 0.379129 -0.422824 -0.015360 0.906082
23.520230 -38.314859 6675.588163 623.146437 -0.505694 0.835915 -0.213353 0.711913 0.544025 0.444091 -0.487291 -0.072685 0.870209
-2.068815 -38.856524 3125.859934 -324.345758 -0.343079 0.927058 -0.151197 0.878562 0.373653 0.297509 -0.332303 0.030767 0.942671
12.905806 -39.759357 7400.873303 1063.024314 -0.425314 0.882153 -0.202273 0.740573 0.467691 0.482511 -0.520250 -0.055421 0.852214
-1.069937 -39.732206 3715.296650 162.071496 -0.373943 0.914888 -0.152142 0.804617 0.401606 0.437382 -0.461256 -0.041140 0.886313
-6.096082 -40.399290 2003.788343 -508.106115 -0.324987 0.939397 -0.109159 0.873051 0.342381 0.347214 -0.363546 -0.017539 0.931411
-5.152062 -248.250644 1985.039831 25627.392898 0.917073 -0.152837 0.368264 -0.378935 -0.621419 0.685745 -0.124039 0.768426 0.627802
-11.151490 -190.894039 47.742200 19296.567169 -0.897745 -0.019697 -0.440074 0.142466 0.932331 -0.332358 0.416841 -0.361068 -0.834190
-10.120419 -206.624492 -1484.446288 21209.455957 -0.880165 -0.015742 -0.474406 0.084345 0.978358 -0.188950 0.467114 -0.206321 -0.859789
-10.267748 -466.511866 2986.409955 124529.884582 0.908519 0.107064 0.403893 0.135081 0.839454 -0.526375 0.395406 -0.532780 -0.748198
-4.011028 -102.785654 -3938.999666 669.263533 0.810241 -0.117597 0.574178 -0.583556 -0.070750 0.808985 0.054511 0.990538 0.125949
-4.959530 -94.906421 -5857.619557 4967.352447 0.820866 -0.070364 0.566770 -0.557558 -0.313716 0.768577 -0.123725 0.946906 0.296751
-14.958874 -106.915295 294.766209 2339.536452 0.845068 -0.153092 0.512272 -0.534163 -0.200521 0.821256 0.023006 0.967654 0.251230
-3.593006 -108.338553 -1687.096438 -4692.794799 0.822032 -0.145849 0.550446 -0.527006 0.171306 0.832417 0.215702 0.974363 -0.063955
-45.532739 -6259.727468 -19441.809192 -2782694.995708 0.936791 -0.302552 0.175740 0.346669 0.870589 -0.349136 0.047365 -0.387991 -0.920445
8.440181 -28.858046 5859.203378 -497.347776 0.386908 0.724137 0.570901 -0.243466 0.677372 -0.694185 0.889397 -0.129591 -0.438383
-4.641797 -31.469623 3826.694881 -1277.657893 0.320007 0.865598 0.385144 -0.347878 0.485480 -0.802054 0.881236 -0.122680 -0.456479
-2.427682 -30.538629 4161.571382 -1673.986851 0.356331 0.804047 0.475958 -0.359864 0.588197 -0.724239 0.862280 -0.086788 -0.498941
-22.552718 -39.419143 -1138.190438 -394.617109 -0.397132 0.829774 -0.392124 -0.657305 -0.555341 -0.509457 0.640497 -0.055423 -0.765958
-21.749945 -38.109744 -1403.328052 -622.592280 -0.342049 0.876794 -0.337985 -0.621494 -0.480863 -0.618479 0.704803 0.001494 -0.709401
-20.524327 -41.211477 -325.164949 -936.990395 -0.409684 0.786614 -0.461950 -0.592280 -0.614513 -0.521132 0.693804 -0.060104 -0.717652
-24.516732 -38.419127 -1626.930599 -250.838130 -0.360760 0.881033 -0.305996 -0.685898 -0.472942 -0.553056 0.631978 -0.010362 -0.774917
-22.747752 -41.311500 -745.757899 -641.900709 -0.470205 0.749769 -0.465568 -0.645470 -0.651913 -0.397968 0.601894 -0.113384 -0.790486
-25.827189 -38.840485 -1358.778843 -371.928748 -0.492245 0.771908 -0.402309 -0.665746 -0.631613 -0.397299 0.560782 -0.072267 -0.824803
16.616883 -324.727036 -5771.373125 26217.349055 -0.267857 0.959316 -0.089246 -0.912383 -0.222808 0.343385 -0.309530 -0.173404 -0.934945
36.457764 -934.909921 763.878547 -266445.153702 -0.233623 0.972312 -0.005410 -0.971591 -0.233659 -0.037600 0.037823 0.003528 -0.999278
-10.904768 -630.652015 1173.597412 -164792.545276 0.439111 -0.238509 0.866195 0.698407 -0.515864 -0.496097 0.565163 0.822798 -0.059945
12.649541 -32.835162 1973.947176 2604.476179 0.919685 -0.001169 0.392655 0.142645 0.932670 -0.331330 -0.365830 0.360729 0.857929
12.923793 -43.398017 3275.040761 2316.733016 0.939850 0.004144 0.341561 0.082711 0.967409 -0.239329 -0.331421 0.253184 0.908877
19.513414 -43.353431 506.211222 1861.789094 0.896495 -0.044727 0.440790 0.137140 0.974044 -0.180085 -0.421295 0.221895 0.879360
19.265549 -49.066220 2803.167892 1165.199334 0.927337 -0.053092 0.370442 0.079805 0.995171 -0.057149 -0.365619 0.082559 0.927096
-40.783218 -62.584065 392.803068 -2650.823820 -0.588924 0.387755 0.709094 0.805603 0.211529 0.553407 0.064592 0.897163 -0.436951
-41.407743 -66.124108 -7.638821 -2221.039393 -0.621174 0.368318 0.691726 0.765142 0.094227 0.636930 0.169413 0.924912 -0.340347
18.281503 -53.180358 -2737.396151 -434.885239 0.094100 0.961654 0.257619 -0.600315 -0.151622 0.785260 -0.794209 0.228545 -0.563027
