14195
28378
-45.877177 -68.568573 -302.402099 8841.036968 0.235456 0.970292 0.055618 0.895336 -0.194294 -0.400779 0.378066 -0.144163 0.914485
-50.875375 -75.282763 1192.001608 4756.128125 0.247136 0.968955 -0.007046 0.929544 -0.239125 -0.280654 0.273626 -0.062810 0.959783
-49.459499 -90.183493 -666.188899 9292.478047 -0.063777 0.987491 0.144204 0.976658 0.091459 -0.194357 0.205115 -0.128442 0.970273
-42.884114 -66.328813 -412.528351 5190.265083 0.612154 0.759124 -0.221355 0.703060 -0.650636 -0.287017 0.361903 -0.020073 0.932000
-33.325510 -91.012894 -4555.737908 14312.941003 0.007089 0.975362 0.220498 0.940669 0.068304 -0.332380 0.339252 -0.209771 0.917008
-39.940710 -62.793336 -2462.957211 10329.115888 0.188422 0.969296 0.157993 0.866266 -0.088243 -0.491728 0.462689 -0.229516 0.856295
-37.156592 -54.179900 -127.248442 5054.048874 0.662395 0.711153 -0.235572 0.588343 -0.688483 -0.424080 0.463773 -0.142311 0.874450
7.368196 -18.960690 8243.990074 -6825.372632 0.717281 0.554405 -0.422070 -0.095805 0.678458 0.728365 0.690166 -0.482006 0.539760
0.870358 -23.908356 2154.840310 3918.421574 0.701557 0.663502 -0.259965 0.312653 -0.614409 -0.724396 0.640363 -0.426927 0.638489
-5.311209 -39.827751 4443.248799 10659.227014 0.626391 0.766801 -0.140181 0.400800 -0.471060 -0.785787 0.668576 -0.436026 0.602402
-4.018519 -33.616186 6952.345710 -4682.263739 0.718669 0.594901 -0.360012 -0.131748 0.624856 0.769544 0.682758 -0.505616 0.527441
-31.441414 -71.151331 -8561.084822 923.303145 0.590326 0.768149 -0.247914 0.777849 -0.459363 0.428879 0.215561 -0.446019 -0.868678
-43.853344 -69.508651 518.565864 932.835291 0.665729 0.742506 -0.074095 -0.653182 0.531859 -0.538961 0.360773 -0.407199 -0.839066
-28.353760 -72.319179 -9066.229652 -713.451180 0.689220 0.695979 -0.201465 -0.656295 0.481856 -0.580596 0.307006 -0.532379 -0.788872
-4.922060 -79.686875 -22142.262214 1396.107223 0.585108 0.721028 -0.371171 0.787412 -0.395638 0.472708 0.193987 -0.568849 -0.799237
5.220552 -16.377742 3372.545676 -304.586293 0.334888 0.932734 -0.133634 0.433250 -0.026483 0.900885 -0.836746 0.359592 0.412975
3.209700 -19.244648 930.354432 -964.799064 0.353940 0.934098 -0.046761 0.407518 -0.109025 0.906665 -0.841817 0.339961 0.419251
1.061306 -18.416134 2590.014382 -313.514295 0.388988 0.921161 -0.012229 0.417524 -0.164449 0.893661 -0.821195 0.352730 0.448575
-12.762216 -50.319119 -4028.325248 1015.810353 0.553942 0.586958 -0.590448 -0.445999 -0.389647 -0.805767 0.703018 -0.709687 -0.045940
-8.890522 -49.661111 -3759.984531 695.485177 0.591002 0.588639 -0.551562 -0.323364 -0.453534 -0.830508 0.739021 -0.669187 0.077695
-1.256870 -47.941310 -4031.887555 733.183654 0.620450 0.613890 -0.488038 -0.423559 -0.261432 -0.867324 0.660030 -0.744844 -0.097813
-6.616049 -48.363245 -4531.134400 651.239972 0.596577 0.598679 -0.534490 -0.541455 -0.191337 -0.818667 0.592387 -0.777800 -0.210011
6.720007 -45.366668 -624.653332 350.428882 0.621407 0.673326 -0.400606 -0.396738 -0.170489 -0.901960 0.675612 -0.719421 -0.161191
4.811828 -45.966794 -2029.493462 266.900637 0.630260 0.643102 -0.434962 -0.509049 -0.080711 -0.856945 0.586210 -0.761515 -0.276501
28.923266 -60.015113 -5694.387775 5347.766044 0.626709 0.661288 -0.412232 -0.377221 -0.205444 -0.903049 0.681865 -0.721451 -0.120699
29.718302 -69.846228 -5101.864771 5118.284126 0.628982 0.685435 -0.366825 -0.276434 -0.243823 -0.929589 0.726613 -0.686097 -0.036117
39.694228 -62.927364 -6087.032823 6225.490907 0.590047 0.718816 -0.367626 -0.375131 -0.159117 -0.913213 0.714928 -0.676747 -0.175763
17.722762 -65.638974 -4085.443539 4683.454424 0.656938 0.639955 -0.398611 -0.288011 -0.275593 -0.917114 0.696766 -0.717291 -0.003266
30.078277 -53.784630 -5647.271525 4154.660613 0.618002 0.663520 -0.421681 -0.456172 -0.134199 -0.879715 0.640298 -0.736024 -0.219744
16.477452 -57.906342 -4014.994678 4505.747880 0.650188 0.627027 -0.429060 -0.393448 -0.205232 -0.896147 0.649965 -0.751476 -0.113263
-2.648684 -118.837235 -367.722631 -5020.707517 0.325891 0.912207 0.248341 -0.028003 0.271880 -0.961923 0.944993 -0.306528 -0.114148
-3.534056 -115.863879 -11.104712 -1918.982028 0.303089 0.922474 0.239122 -0.027539 0.259299 -0.965404 0.952564 -0.286018 -0.103994
-2.893272 -113.000737 -233.965758 -5865.892893 0.327610 0.908577 0.259152 0.177649 0.210161 -0.961391 0.927962 -0.360999 0.092557
-1.124479 -114.686778 -587.641801 -7561.575706 0.342828 0.901541 0.263993 0.173459 0.215439 -0.960988 0.923245 -0.375246 0.082522
7.551798 -15.724029 5358.189413 -153.549972 -0.544664 0.455875 -0.703931 -0.203770 0.742269 0.638369 0.813523 0.491137 -0.311393
20.726055 -15.688449 8041.544268 -1966.172088 -0.491406 0.351120 -0.797016 -0.283564 0.800765 0.527605 0.823475 0.485273 -0.293936
8.259306 -18.700333 4990.792148 -2260.263017 -0.533337 0.461965 -0.708618 -0.222799 0.731412 0.644513 0.816034 0.501622 -0.287164
-0.383249 -19.958693 2262.718411 -1864.617757 -0.572976 0.592041 -0.566733 -0.113514 0.627506 0.770292 0.811673 0.505691 -0.292341
-1.511588 -17.502740 2522.450481 683.484317 -0.576545 0.621180 -0.530784 0.076559 -0.605694 -0.792006 0.813471 0.497263 -0.301653
-0.380771 -15.537485 2659.778557 -613.253523 -0.568475 0.574250 -0.589128 -0.103479 0.660495 0.743666 0.816166 0.483718 -0.316052
9.842376 -10.640137 6305.452486 -1413.166554 -0.538965 0.398299 -0.742209 -0.214322 0.787296 0.578127 0.814606 0.470662 -0.338961
6.868330 -123.548825 -1880.746119 1338.990910 0.320282 -0.223018 0.920697 0.903144 -0.221453 -0.367817 0.285921 0.949327 0.130490
3.736082 -125.291412 -731.485048 3845.166035 0.326398 -0.224647 0.918149 0.888804 -0.257648 -0.379005 0.321702 0.939761 0.115571
7.223769 -119.368109 -1288.494123 4377.384930 0.317756 -0.234004 0.918843 0.821682 -0.415616 -0.390002 0.473148 0.878923 0.060213
9.724103 -123.381493 -1410.012005 1522.511495 0.315244 -0.245838 0.916616 0.892908 -0.250334 -0.374230 0.321461 0.936427 0.140595
0.596774 -108.318666 1297.005868 -4464.943730 0.414141 -0.351801 0.839478 0.839002 0.505160 -0.202209 -0.352934 0.788067 0.504369
2.532788 -109.257616 2307.826542 -3771.276371 0.394205 -0.369867 0.841309 0.858561 0.474769 -0.193564 -0.327835 0.798619 0.504710
-2.251252 -115.833443 1913.571313 -2558.950646 0.407027 -0.365734 0.836999 0.902238 0.303897 -0.305962 -0.142461 0.879708 0.453673
-3.886372 -115.624769 661.100042 -2327.379286 0.430037 -0.337060 0.837532 0.887311 0.328964 -0.323206 -0.166578 0.882141 0.440544
-6.921673 -120.769290 296.892121 -236.929105 0.419343 -0.339372 0.842009 0.906501 0.106395 -0.408579 0.049074 0.934616 0.352257
-5.534113 -119.730215 185.032968 -1897.539763 0.399049 -0.352343 0.846531 0.915174 0.095945 -0.391473 0.056712 0.930940 0.360742
-7.579104 -101.849929 -500.011887 -537.492265 0.254198 0.942408 0.217373 -0.200566 0.271236 -0.941384 0.946127 -0.195700 -0.257963
-9.225630 -95.173118 -489.845808 -1030.897160 0.223862 0.944291 0.241248 -0.191691 0.285355 -0.939057 0.955584 -0.163974 -0.244892
-7.130822 -98.453411 -479.370806 740.437047 0.249383 0.935342 0.250886 -0.002158 0.259607 -0.965712 0.968403 -0.240291 -0.066760
-5.681990 -106.733034 -176.765470 75.356554 0.265958 0.934408 0.236956 0.011663 0.242672 -0.970038 0.963914 -0.260753 -0.053643
-6.243100 -99.980140 -395.249691 1408.412263 0.249220 0.929885 0.270562 0.201526 0.223466 -0.953651 0.947247 -0.292194 0.131703
-8.316566 -95.984689 -497.429375 1735.135823 0.219344 0.936257 0.274429 0.191938 0.234373 -0.953011 0.956581 -0.261710 0.128295
-13.787206 -60.666961 -1204.657921 -2477.497904 0.433470 0.829244 -0.352785 0.256289 0.261872 0.930451 -0.863956 0.493738 0.099012
-17.933437 -59.706357 -1169.840053 -2930.301413 0.469090 0.800379 -0.373292 0.283049 0.264133 0.922018 -0.836563 0.538170 0.102644
-17.568170 -52.344400 -1206.911220 -1612.527681 0.464036 0.767693 -0.441948 0.163705 0.416001 0.894508 -0.870558 0.487433 -0.067365
34.546487 -201.419075 2937.456022 -17872.304770 0.488416 -0.062822 0.870347 0.872358 0.011142 -0.488740 0.021006 0.997963 0.060245
31.296535 -206.705604 575.495516 -23392.690629 0.496454 -0.015792 0.867920 0.861986 0.127073 -0.490747 -0.102539 0.991768 0.076698
30.577598 -243.443271 -3374.178049 -26219.818798 0.473709 0.007127 0.880653 0.869227 -0.164537 -0.466232 0.141577 0.986345 -0.084138
29.766497 -227.559306 4423.513791 -31282.030466 0.454893 -0.073548 0.887504 0.867118 -0.190509 -0.460231 0.202926 0.978927 -0.022887
-7.531554 -49.189051 3274.209904 -2576.940598 -0.583982 0.797656 0.150701 0.225836 -0.018675 0.973986 -0.779720 -0.602824 0.169233
-7.119818 -43.855049 1748.230719 -3296.306077 -0.591588 0.794246 0.138554 0.144866 -0.064339 0.987357 -0.793119 -0.604180 0.076997
-12.339689 -46.968552 2508.672984 -3455.961182 -0.611214 0.776140 0.154995 0.165509 -0.066163 0.983986 -0.773966 -0.627079 0.088018
-13.996791 -146.136172 -233.461506 -29711.298678 0.436786 -0.024516 0.899231 0.627493 0.724572 -0.285040 -0.644570 0.688763 0.331867
-12.147377 -155.208094 1165.819804 -34572.634768 0.458121 -0.059194 0.886917 0.572005 0.783375 -0.243176 -0.680394 0.618724 0.392740
-12.877654 -208.397809 1257.666596 -38441.281174 0.454361 -0.033326 0.890194 0.739453 0.571358 -0.356033 -0.496754 0.820024 0.284246
-11.280662 -128.275974 -915.183056 -33146.557642 0.448503 0.017130 0.893617 0.497091 0.826138 -0.265324 -0.742796 0.563208 0.362010
-11.625264 -200.515617 1137.769615 -47745.784058 0.423969 -0.004839 0.905664 0.713970 0.617032 -0.330934 -0.557222 0.786923 0.265057
-23.808235 -40.463382 -2428.779316 153.369824 -0.633954 0.752960 0.176503 0.346192 0.480377 -0.805847 0.691559 0.449766 0.565206
-20.799153 -39.788780 -1671.967353 -154.941780 -0.644155 0.723119 0.249325 0.222737 0.489166 -0.843270 0.731747 0.487663 0.476164
-24.760676 -40.550081 -569.362268 458.117664 -0.645661 0.762118 0.047933 0.376789 0.372552 -0.848077 0.664193 0.529510 0.527700
-27.630612 -41.841749 -369.984185 564.051630 -0.607761 0.793157 -0.039105 0.510847 0.352789 -0.783948 0.607998 0.496430 0.619593
0.332546 -166.391253 -100.081440 4412.683096 0.301548 0.929126 0.213994 -0.721605 0.369096 -0.585709 0.623182 -0.022200 -0.781762
0.676968 -187.602203 -145.218244 -4324.663863 0.288473 0.934764 0.207363 -0.728688 0.354819 -0.585762 0.621125 -0.017874 -0.783507
-0.151019 -171.261295 32.356627 6246.556643 0.266417 0.944608 0.191669 -0.858193 0.322999 -0.398970 0.438779 0.058196 -0.896708
0.424943 -146.190604 56.338982 6705.438095 0.269981 0.944865 0.185309 -0.847439 0.324542 -0.420143 0.457119 0.043608 -0.888336
0.137607 -151.496843 -26.658045 6724.645983 0.301332 0.930309 0.209102 -0.720577 0.365794 -0.589036 0.624474 -0.026821 -0.780585
9.788875 -273.491062 2335.482585 14129.835588 -0.137181 -0.138756 0.980779 -0.027893 0.990289 0.136200 -0.990153 -0.008673 -0.139719
10.709577 -246.122264 1212.605878 -31305.822574 -0.154219 -0.101766 0.982782 -0.407419 0.912729 0.030580 -0.900126 -0.395688 -0.182222
3.776890 -332.052629 -909.727300 -20311.598198 -0.204057 -0.132692 0.969924 -0.247585 0.965557 0.080006 -0.947134 -0.223813 -0.229882
5.588034 -310.594252 -2769.710528 -78153.435688 -0.231877 -0.143233 0.962142 -0.680342 0.730816 -0.055167 -0.695247 -0.667377 -0.266907
-3.219996 -398.405572 -3355.917315 -97667.112907 -0.231444 -0.147526 0.961597 -0.516744 0.856111 0.006969 -0.824263 -0.495287 -0.274375
-43.935167 -60.797909 -1715.196173 -205.468837 -0.126773 -0.044501 0.990933 0.825221 0.549585 0.130254 -0.550399 0.834252 -0.032949
-43.423126 -61.246671 -2075.726903 -379.527065 -0.160384 -0.000438 0.987055 0.912290 0.381710 0.148405 -0.376834 0.924282 -0.060821
-40.630761 -60.907213 -1694.351846 357.738988 -0.160842 0.059541 0.985183 0.867566 0.484463 0.112361 -0.470594 0.872783 -0.129578
-41.167988 -59.946769 -899.655792 204.420694 -0.177205 -0.033907 0.983590 0.756654 0.634391 0.158189 -0.629344 0.772269 -0.086761
-41.269207 -58.206799 -141.357044 -855.796345 -0.222696 -0.199875 0.954178 0.675341 0.674241 0.298854 -0.703080 0.710949 -0.015167
-13.021386 -37.446464 2415.814589 1797.598620 0.122052 0.985777 0.115532 -0.947700 0.081162 0.308670 -0.294903 0.147163 -0.944127
-16.988816 -35.742767 459.098241 2491.675315 -0.015415 0.992987 0.117217 -0.949760 -0.051192 0.308764 -0.312599 0.106568 -0.943888
-17.429964 -29.157261 3279.602899 2991.969205 0.217728 0.973929 0.063688 -0.890087 0.171366 0.422350 -0.400425 0.148645 -0.904193
-7.432022 -29.531246 4528.054460 3211.966876 0.259031 0.962716 0.077980 -0.868138 0.196673 0.455692 -0.423366 0.185736 -0.886715
-9.646984 -23.063364 4913.029569 2538.136575 0.462972 0.885157 -0.046411 -0.753570 0.420635 0.505172 -0.466679 0.198907 -0.861770
-19.148177 -23.963141 339.278574 354.398780 -0.741703 -0.604753 0.290088 -0.490884 0.784157 0.379646 -0.457067 0.139185 -0.878475
-0.848998 -99.511671 -1062.699734 -11853.866149 -0.442965 0.887578 -0.126438 -0.880989 -0.457084 -0.122198 0.166254 -0.057261 -0.984419
-4.060423 -82.496350 -893.148737 -7332.735096 -0.481249 0.867939 -0.122803 -0.833060 -0.496440 -0.244047 0.272783 0.015145 -0.961957
-3.201644 -73.442639 -300.537304 -5708.855180 -0.479180 0.868927 -0.123904 -0.816248 -0.493057 -0.301054 0.322685 0.043122 -0.945523
-2.490296 -108.619219 -888.466309 -12734.712106 -0.457814 0.881308 -0.117055 -0.882637 -0.466339 -0.058993 0.106578 -0.076309 -0.991372
0.983379 -76.354099 -1134.267850 -5885.932154 -0.434177 0.893243 -0.116655 -0.867073 -0.449506 -0.214777 0.244285 -0.007897 -0.969671
2.678992 -110.990012 -2123.451871 15845.810846 -0.432188 0.892567 -0.128604 0.896688 0.440492 0.043785 0.095730 -0.096394 -0.990729
-0.891887 -155.145435 -1856.474573 30123.853669 -0.468578 0.874750 -0.123478 0.883404 0.464867 -0.059124 0.005682 -0.136786 -0.990584
25.680347 -41.999756 5087.944268 383.484602 -0.568985 0.696332 0.437468 0.672215 0.087406 0.735178 0.473691 0.712378 -0.517818
17.234118 -40.219996 5214.753517 312.721792 -0.564403 0.673965 0.476677 0.686310 0.062221 0.724643 0.458725 0.736138 -0.497667
27.652994 -42.809060 5735.421972 498.520869 -0.546020 0.697065 0.464717 0.732433 0.127906 0.668717 0.406699 0.705507 -0.580393
30.338255 -44.428102 823.236030 509.543036 -0.512057 0.771345 0.377921 0.715288 0.139325 0.684800 0.475563 0.620979 -0.623076
-2.201054 -75.184575 -169.884789 -324.657262 -0.423509 0.892804 -0.153431 -0.649679 -0.417374 -0.635387 0.631314 0.169412 -0.756797
-2.198038 -74.523753 669.060928 -7.296057 -0.447620 0.880944 -0.153539 -0.636502 -0.434482 -0.637253 0.628094 0.187520 -0.755205
-3.254924 -77.052148 -453.842387 101.709976 -0.412377 0.899410 -0.144939 -0.527156 -0.365338 -0.767226 0.743002 0.239981 -0.624786
-1.027263 -78.289697 -1406.799671 274.280034 -0.392019 0.907114 -0.153184 -0.538457 -0.361259 -0.761286 0.745912 0.215956 -0.630062
-1.574957 -77.465962 -1514.544783 508.119894 -0.384895 0.913342 -0.132899 -0.404647 -0.296404 -0.865105 0.829528 0.279198 -0.483665
-3.961928 -74.973651 -464.427860 -394.880828 -0.405795 0.905536 -0.123833 -0.387137 -0.293037 -0.874216 0.827922 0.306813 -0.469480
-0.174674 -95.578211 -98.484249 11272.832507 -0.560514 0.827725 -0.026369 0.028062 0.050806 0.998314 -0.827670 -0.558829 0.051705
0.197813 -85.853248 -282.541520 7678.348246 -0.560981 0.827696 0.014846 0.178318 0.103306 0.978535 -0.808395 -0.551587 0.205546
-0.849408 -78.742239 -109.443521 6344.342574 -0.559266 0.828933 0.009594 0.198182 0.122455 0.972486 -0.804951 -0.545779 0.232764
-11.302105 -74.446178 444.496490 5214.427262 -0.538797 0.832376 -0.129799 -0.551415 -0.464942 -0.692655 0.636898 0.301627 -0.709494
-8.826605 -66.786611 1093.409969 3593.179663 -0.540167 0.832206 -0.125111 -0.629047 -0.498034 -0.596877 0.559034 0.243713 -0.792518
-10.248999 -70.802739 598.588586 4030.906720 -0.573504 0.805409 -0.149700 -0.575473 -0.526147 -0.626099 0.583029 0.272922 -0.765239
-11.968883 -79.338383 532.471295 5117.527887 -0.574113 0.804831 -0.150467 -0.475414 -0.477294 -0.739034 0.666615 0.352756 -0.656649
-12.995237 -81.199466 -503.081323 4334.933089 -0.527295 0.838563 -0.137008 -0.440537 -0.407691 -0.799822 0.726558 0.361386 -0.584392
24.230525 -30.533200 -3588.463803 -1978.779105 -0.417667 0.905531 0.074614 -0.819833 -0.340188 -0.460593 0.391699 0.253546 -0.884470
24.956054 -29.369833 2632.393505 -1434.930069 -0.462845 0.878285 0.119961 -0.804602 -0.359457 -0.472658 0.372007 0.315288 -0.873043
22.431365 -37.254332 -1872.030130 -5454.069399 -0.448931 0.888636 0.093732 -0.820209 -0.368180 -0.437837 0.354568 0.273439 -0.894155
-2.535047 -159.790877 446.469773 -7498.744398 -0.380466 0.909589 -0.167012 -0.392108 -0.322221 -0.861641 0.837554 0.262339 -0.479251
-4.123892 -154.804674 1049.046311 -8347.539986 -0.378610 0.908022 -0.179307 -0.401642 -0.335722 -0.852042 0.833870 0.250574 -0.491807
-5.782075 -168.224566 2581.860962 -11209.845449 -0.387621 0.912459 -0.131027 -0.598497 -0.357217 -0.717075 0.701107 0.199534 -0.684569
-3.127823 -176.373452 337.257422 -8080.985602 -0.363051 0.920882 -0.142023 -0.598825 -0.347374 -0.721623 0.713865 0.176939 -0.677562
-5.852110 -186.533137 2487.293348 -4385.176480 -0.336594 0.936659 -0.096820 -0.824377 -0.342805 -0.450430 0.455090 0.071796 -0.887546
-8.553374 -156.003018 3609.577365 1436.073835 -0.376095 0.919424 -0.114945 -0.768832 -0.378893 -0.515109 0.517155 0.105357 -0.849383
-9.005569 -150.146227 1518.205139 182.641919 -0.375063 0.910508 -0.174079 -0.670830 -0.396192 -0.626912 0.639777 0.118354 -0.759393
-10.455231 -170.256480 3137.681745 -13473.178764 -0.251989 0.961305 -0.111329 -0.962271 -0.261106 -0.076540 0.102647 -0.087842 -0.990832
-12.279268 -130.667169 -27.976290 5133.036115 -0.277381 0.947182 -0.160956 0.960530 0.277059 -0.024898 0.021011 -0.161509 -0.986647
-10.916165 -161.943097 2651.863603 15187.813580 -0.220705 0.967386 -0.124309 0.971521 0.206780 -0.115710 -0.086232 -0.146306 -0.985474
-12.784340 -234.677864 1414.281409 24582.646864 -0.264258 0.944813 -0.193641 -0.155972 -0.240001 -0.958161 0.951756 0.223000 -0.210786
0.192277 -241.303265 -5138.646220 26234.426973 -0.204987 0.958395 -0.198644 -0.221398 -0.243097 -0.944398 0.953396 0.149610 -0.262018
-10.505538 -219.290331 2401.960594 32817.001878 -0.285609 0.934706 -0.211546 -0.430084 -0.322277 -0.843306 0.856420 0.149873 -0.494047
-16.862859 -245.845509 3534.452982 29611.234678 -0.310939 0.924021 -0.222492 -0.227704 -0.299703 -0.926461 0.922750 0.237410 -0.303592
-3.631393 -168.529392 1323.270736 33673.278755 -0.282722 0.923270 -0.260078 -0.614167 -0.382515 -0.690276 0.736795 0.035425 -0.675187
-8.904616 -188.286911 911.544318 28729.524136 -0.278371 0.915160 -0.291534 -0.570257 -0.401720 -0.716539 0.772863 0.033214 -0.633703
8.049023 -332.069330 2090.109018 -24553.927945 -0.217355 0.967255 -0.131052 -0.933735 -0.245163 -0.260835 0.284423 -0.065673 -0.956447
0.097511 -442.247699 1983.258493 11455.344238 -0.199679 0.966826 -0.159298 -0.909686 -0.243329 -0.336546 0.364143 -0.077710 -0.928095
14.106588 -1451.315690 3177.760665 368181.727452 -0.099504 0.982062 -0.160166 0.994939 0.095940 -0.029856 -0.013954 -0.162326 -0.986639
5.151368 -601.892624 10940.949672 141157.965966 -0.159591 0.983983 -0.079417 0.986376 0.162196 0.027469 0.039911 -0.073952 -0.996463
-33.993063 -773.055987 -28999.218723 254104.541297 -0.491144 0.853842 0.172429 0.231655 0.318852 -0.919059 0.839710 0.411447 0.354399
-16.436554 -225.337569 -12461.600479 52204.395783 -0.515510 0.846323 0.134114 0.414178 0.383120 -0.825636 0.750137 0.370077 0.548031
15.031924 -374.494290 -3445.676095 78070.391144 -0.457668 0.888950 -0.017544 0.612198 0.300752 -0.731274 0.644790 0.345421 0.681858
-10.684915 -39.352357 277.076061 -1262.450377 -0.361357 0.921734 -0.140807 -0.103198 -0.189619 -0.976419 0.926699 0.338305 -0.163641
-6.793271 -36.417873 -2079.637495 -3331.732239 -0.339841 0.890702 -0.301925 0.017585 -0.314957 -0.948943 0.940319 0.327799 -0.091372
-14.117705 -40.826820 -1526.168009 3412.787044 -0.344313 0.894753 -0.284370 -0.137381 -0.347646 -0.927507 0.928749 0.280285 -0.242621
-5.463274 -33.335136 257.008074 -6845.814635 -0.372105 0.912396 -0.170502 0.042129 -0.166902 -0.985073 0.927234 0.373734 -0.023667
-15.945712 -40.796539 -73.540461 3473.613223 -0.339553 0.935961 -0.093175 -0.259597 -0.188466 -0.947148 0.904054 0.297419 -0.306967
-13.083200 -42.034084 1603.245437 701.354502 -0.360394 0.932740 -0.010581 -0.226928 -0.098672 -0.968900 0.904776 0.346784 -0.247226
-10.199715 -38.795102 2697.566314 -4666.735452 -0.387237 0.920874 -0.045156 -0.074202 -0.079947 -0.994033 0.918989 0.381576 -0.099289
-16.903272 -39.576992 -1851.823599 516.392192 -0.636097 0.720097 0.277201 0.661815 0.324459 0.675815 0.396713 0.613340 -0.682959
-14.904428 -38.271460 -478.728023 833.541596 -0.625337 0.703976 0.336708 0.636186 0.210035 0.742396 0.451909 0.678456 -0.579203
-14.474877 -38.211125 1757.071805 772.545472 0.657598 -0.715362 -0.236264 0.584678 0.286834 0.758866 0.475096 0.637168 -0.606878
-14.337252 -36.807388 216.457859 -95.529268 -0.250502 0.950934 0.181586 -0.899002 -0.158892 -0.408103 0.359227 0.265477 -0.894695
-14.524491 -39.431061 155.887937 -603.240912 -0.309244 0.941753 0.132175 -0.911328 -0.253755 -0.324174 0.271751 0.220703 -0.936718
-11.484061 -35.949448 1144.411025 673.832189 -0.327403 0.922559 0.204185 0.903663 0.242590 0.352906 0.276044 0.300057 -0.913108
-15.102076 -41.723819 -452.829387 111.581454 -0.230708 0.968614 0.092523 -0.894970 -0.173925 -0.410827 0.381841 0.177586 -0.907006
-11.510349 -34.070776 1348.227535 -227.856321 -0.291961 0.927344 0.234078 -0.887969 -0.171890 -0.426573 0.355344 0.332396 -0.873638
-14.801876 -34.640324 533.970900 -23.318129 -0.192202 0.952352 0.236822 -0.882784 -0.062376 -0.465620 0.428662 0.298556 -0.852710
-15.273181 -38.458804 -519.173775 315.370725 -0.147137 0.973741 0.173722 -0.876781 -0.047104 -0.478578 0.457828 0.222732 -0.860688
0.271720 -232.035038 -145.033581 3957.546454 -0.459025 0.882374 0.103502 0.779929 0.456014 -0.428675 0.425450 0.116048 0.897510
1.453901 -195.124443 -382.867093 -38018.009499 -0.468881 0.874661 0.122957 0.862458 0.483414 -0.149920 0.190568 -0.035751 0.981023
0.758259 -230.777247 -124.658648 -64281.932325 -0.446378 0.889017 0.101957 0.859267 0.457648 -0.228514 0.249814 0.014395 0.968187
-1.808789 -285.084105 386.196045 -14963.539143 -0.435009 0.897915 0.067208 0.742982 0.400110 -0.536553 0.508670 0.183471 0.841186
-1.058233 -241.791568 -55.004641 10353.219868 -0.424499 0.902708 0.070132 0.666430 0.363943 -0.650705 0.612920 0.229486 0.756085
10.091833 -276.014680 -3399.884162 -4604.460333 0.748041 0.315916 0.583637 -0.377025 0.926028 -0.018020 -0.546157 -0.206566 0.811815
9.072706 -315.217110 91.396840 28221.212803 0.793590 0.288148 0.535897 -0.247452 0.957471 -0.148382 -0.555862 -0.014854 0.831142
9.846324 -281.185835 -1178.612487 14175.964554 0.806413 0.238058 0.541319 -0.400876 0.893025 0.204463 -0.434737 -0.381884 0.815579
9.389701 -257.050864 -1793.152038 22804.864549 0.787308 0.250971 0.563169 0.505375 -0.785915 -0.356278 -0.353188 -0.565113 0.745591
1.914963 -194.838054 -4575.641533 3634.622762 0.768750 0.260506 0.584088 0.463492 -0.856227 -0.228146 -0.440679 -0.446108 0.778967
-2.382450 -234.122146 -3440.445225 -26533.196316 0.706641 0.398732 0.584527 -0.395268 0.907634 -0.141295 -0.586875 -0.131200 0.798977
-52.351480 -75.401790 391.391231 2608.999673 0.396539 0.912627 -0.099339 0.903880 -0.407058 -0.131551 0.160494 0.037626 0.986319
-57.154059 -86.455048 644.191872 3665.388634 -0.017051 0.999299 0.033321 0.995331 0.020131 -0.094402 0.095006 -0.031555 0.994976
-46.108322 -72.300255 727.635236 205.750597 0.698490 0.052733 -0.713674 0.469820 -0.786048 0.401744 0.539797 0.615913 0.573822
-47.776409 -74.208937 595.910465 -136.863697 0.695140 0.107970 -0.710720 0.580194 -0.667999 0.465996 0.424447 0.736288 0.526996
-47.782711 -74.227909 275.432113 -881.784070 0.754748 0.187623 -0.628612 0.496002 -0.790346 0.359632 0.429345 0.583224 0.689574
-44.860019 -72.035629 690.855109 375.292233 0.615295 -0.015913 -0.788136 0.585966 -0.659555 0.470778 0.527311 0.751488 0.396496
-43.791191 -69.767237 1005.468357 -956.858878 0.628876 -0.090460 -0.772226 -0.444786 0.772780 -0.452744 0.637715 0.628195 0.445747
-46.175087 -68.667600 -4.290436 -83.427961 0.536209 0.834605 -0.126150 0.797391 -0.451840 0.400010 0.276851 -0.315080 -0.907788
7.212712 -15.145918 3644.655214 -1857.451987 0.288149 0.933546 -0.213218 0.419139 0.077242 0.904630 -0.860984 0.350036 0.369029
4.317920 -16.248649 2627.928613 -2587.442513 0.329849 0.937320 -0.112385 0.378885 -0.022404 0.925172 -0.864665 0.347748 0.362527
-1.006518 -21.282858 -602.167556 -1612.816325 0.370633 0.928453 0.024620 0.372845 -0.173012 0.911621 -0.850657 0.328698 0.410293
-18.455227 -52.347755 -3066.584418 -265.341034 0.514106 0.557765 -0.651608 0.321586 0.578932 0.749280 0.795159 -0.594758 0.118263
-14.956518 -51.784005 -3291.449024 196.197539 0.555988 0.553656 -0.619953 0.207553 0.629758 0.748550 0.804859 -0.544858 0.235225
16.839227 -52.253981 -15104.382146 -260.466368 -0.537810 0.842542 0.029711 0.783117 0.486205 0.387727 -0.312231 -0.231790 0.921295
-11.373115 -52.894789 -5071.263202 338.524028 -0.588292 0.806710 -0.055954 0.774340 0.581924 0.248519 -0.233044 -0.102875 0.967009
-9.043439 -52.844642 -5928.178262 825.727230 -0.673985 0.733056 -0.091498 0.664780 0.655853 0.357665 -0.322198 -0.180235 0.929357
39.933473 -75.580040 -4260.321840 5939.520351 0.564345 0.764778 -0.310853 -0.259100 -0.193433 -0.946283 0.783825 -0.614572 -0.088991
27.700804 -77.025695 -4163.118416 1439.718573 0.620779 0.712423 -0.327240 -0.132191 -0.316312 -0.939400 0.772761 -0.626418 0.102184
17.256639 -72.600355 -3876.423498 1798.857844 0.659632 0.658241 -0.362774 -0.149422 -0.358188 -0.921615 0.736586 -0.662133 0.137917
-3.389401 -121.556267 -268.284637 1626.724706 0.303402 0.926729 0.221631 -0.244709 0.300575 -0.921831 0.920904 -0.225450 -0.317974
-4.279110 -114.467673 -149.197475 -556.638108 0.278861 0.936158 0.214113 -0.230510 0.281690 -0.931405 0.932256 -0.210377 -0.294346
-4.701828 -112.008334 99.738127 -1863.575763 0.277072 0.932660 0.231036 -0.011031 0.243521 -0.969833 0.960786 -0.266165 -0.077761
18.098983 -22.331568 8030.846891 -3470.500597 -0.483968 0.353060 -0.800702 -0.312072 0.785204 0.534852 0.817549 0.508728 -0.269833
29.250544 -18.859303 5003.372191 -2435.889676 -0.381533 0.291371 -0.877232 -0.357116 0.828872 0.430628 0.852585 0.477572 -0.212189
30.012615 -13.193872 6473.916009 -1546.529444 -0.430550 0.308734 -0.848122 -0.315374 0.828986 0.461868 0.845675 0.466332 -0.259553
2.102351 -127.892747 107.424591 3681.567187 0.347100 -0.220116 0.911630 0.882319 -0.252817 -0.396984 0.317859 0.942142 0.106460
0.541646 -130.120961 -169.108746 1955.091754 0.349194 -0.220611 0.910711 0.929274 -0.043422 -0.366831 0.120472 0.974395 0.189845
4.016232 -119.870800 -728.555310 4772.897481 0.324789 -0.221764 0.919420 0.802509 -0.449810 -0.391984 0.500492 0.865154 0.031874
0.586818 -132.550350 777.020975 904.448592 0.379021 -0.225468 0.897500 0.918744 -0.024323 -0.394103 0.110688 0.973947 0.197928
3.198111 -131.669670 984.893570 2220.841170 0.369284 -0.223317 0.902086 0.877406 -0.236102 -0.417630 0.306248 0.945719 0.108751
3.586183 -123.807335 114.162576 4330.999983 0.334334 -0.215037 0.917595 0.803962 -0.442988 -0.396745 0.491798 0.870357 0.024775
6.136571 -104.862347 1546.038851 -4311.215045 0.382734 -0.359126 0.851201 0.775694 0.625368 -0.084937 -0.501811 0.692780 0.517921
4.495562 -113.440432 1643.639762 -3347.318912 0.365674 -0.365062 0.856161 0.873319 0.452682 -0.179981 -0.321864 0.813516 0.484350
35.071929 -122.448318 8885.446287 -23424.026740 0.587454 -0.052793 0.807534 0.673206 0.585652 -0.451448 -0.449101 0.808841 0.379584
37.026043 -157.805444 6057.779484 -21798.668713 0.542270 -0.051655 0.838615 0.786480 0.382387 -0.485005 -0.295622 0.922557 0.247982
25.235731 -125.007333 5877.373060 -17110.500755 0.570234 -0.091525 0.816368 0.731565 0.508645 -0.453974 -0.373692 0.856098 0.357003
21.790198 -102.200645 5655.831085 -16743.758764 0.586694 -0.085234 0.805311 0.646765 0.647752 -0.402631 -0.487324 0.757068 0.435159
14.214153 -105.335311 4267.236054 -14919.226377 0.582769 -0.114878 0.804477 0.674471 0.620571 -0.399976 -0.453287 0.775690 0.439131
9.214209 -109.802754 4821.543900 -14068.196793 0.564171 -0.151498 0.811640 0.708518 0.593555 -0.381701 -0.423926 0.790406 0.442205
-22.963768 -209.095887 769.956902 -2321.200287 -0.532214 0.100964 -0.840568 0.637057 -0.606156 -0.476166 -0.557591 -0.788912 0.258285
-19.395830 -193.074919 1039.804906 11056.574144 -0.484555 0.115260 -0.867134 0.783747 -0.383068 -0.488875 -0.388519 -0.916501 0.095283
-18.991362 -198.428678 1324.081480 13644.409966 -0.531745 0.090728 -0.842030 0.777331 -0.342356 -0.527777 -0.336159 -0.935179 0.111520
-12.290700 -227.127735 1561.319122 -43634.111914 0.472935 -0.083293 0.877152 0.749138 0.562061 -0.350541 -0.463815 0.822891 0.328217
0.250587 -733.956715 -1205.610813 371793.897680 -0.434150 0.421548 -0.796122 -0.511281 0.612318 0.603041 0.741691 0.668852 -0.050309
1.346601 -409.040423 -592.555080 115273.338235 -0.465420 0.389957 -0.794555 -0.302327 0.773674 0.556800 0.831855 0.499361 -0.242189
1.610325 -399.824347 3913.376897 76192.278699 -0.450346 0.420159 -0.787816 -0.394550 0.697884 0.597736 0.800949 0.580021 -0.148515
0.251584 -330.888692 -6074.174871 -98972.457019 0.432927 -0.394715 0.810416 0.617581 -0.525013 -0.585623 0.656633 0.754030 0.016476
-3.873925 -148.016415 -1977.825525 5132.808521 0.360649 -0.354287 0.862794 0.696001 -0.513577 -0.501818 0.620899 0.781485 0.061364
-8.791491 -131.385448 -1595.883907 3468.848623 0.393782 -0.388541 0.833049 0.629764 -0.546120 -0.552404 0.669577 0.742151 0.029637
-19.102639 -39.295149 -2072.907883 -260.382314 -0.613109 0.748331 0.253175 0.324649 0.530832 -0.782828 0.720208 0.397766 0.568403
-16.959077 -38.941043 -1085.308689 -613.602166 -0.617151 0.725101 0.305535 0.229874 0.537515 -0.811317 0.752517 0.430471 0.498411
-16.652990 -38.826284 -1069.728366 -73.081149 -0.614758 0.716024 0.330729 0.126733 0.503554 -0.854618 0.778467 0.483469 0.400308
-18.524448 -38.477782 -1122.101141 491.052582 -0.644249 0.712586 0.277785 0.117145 0.450858 -0.884875 0.755791 0.537539 0.373941
23.807668 -41.345224 -9575.897438 -1928.409369 -0.174078 -0.897626 0.404924 0.983609 -0.138864 0.115024 -0.047020 0.418310 0.907086
34.162633 -44.451776 -4812.960907 3150.576204 -0.164144 -0.944307 0.285203 0.984189 -0.137271 0.111928 -0.066544 0.299066 0.951909
24.681716 -40.195238 -5895.435069 1139.162881 -0.309567 -0.901161 0.303441 0.937642 -0.236239 0.254989 -0.158102 0.363455 0.918098
16.397679 -37.696773 -8506.186293 -3809.737274 -0.315175 -0.854190 0.413552 0.937232 -0.211641 0.277137 -0.149203 0.474940 0.867278
7.326252 -44.760618 -7613.231834 -3686.534308 -0.296684 -0.856450 0.422460 0.954953 -0.269129 0.125039 0.006607 0.440526 0.897715
0.696972 -220.239926 -140.220077 -29686.149519 0.256560 0.948876 0.183876 -0.736280 0.315120 -0.598825 0.626153 -0.018250 -0.779486
3.930651 -177.286709 -948.285875 -36360.932029 0.301326 0.935236 0.185839 -0.546381 0.329080 -0.770178 0.781454 -0.130536 -0.610156
-1.070257 -208.377624 200.618677 2529.808284 0.249160 0.949071 0.192830 -0.876013 0.305761 -0.372976 0.412941 0.075991 -0.907582
6.210275 -232.887170 -1473.807281 -89378.333064 0.267177 0.949426 0.164946 -0.514856 0.285330 -0.808400 0.814580 -0.131062 -0.565051
-2.500538 -259.127840 510.822151 -7163.141392 0.219400 0.957470 0.187389 -0.898628 0.273112 -0.343334 0.379910 0.093066 -0.920330
5.541388 -306.839175 -1692.884461 -103297.752949 0.211471 0.964551 0.157862 -0.732245 0.263332 -0.628071 0.647377 -0.017225 -0.761976
64.343623 -188.597971 12447.470624 -48493.518142 0.045955 0.447262 -0.893222 -0.686301 0.663866 0.297108 0.725865 0.599365 0.337464
54.210670 -190.787233 -12126.711921 40844.639813 -0.108157 -0.416044 0.902889 0.799330 -0.576389 -0.169844 0.591078 0.703337 0.394897
27.166891 -85.685835 3590.912308 -7393.396580 -0.031528 0.472634 -0.880695 -0.718165 0.602119 0.348843 0.695158 0.643483 0.320446
301.442369 -1362.953625 -33976.964651 451981.319853 -0.227600 -0.396199 0.889508 0.791245 -0.607683 -0.068212 0.567564 0.688294 0.451799
83.201983 -241.027878 10275.017572 -63980.643676 0.077241 0.579825 -0.811072 -0.679383 0.626007 0.382824 0.729707 0.521459 0.442277
-13.071725 -77.711704 -2753.585725 8605.082046 0.755609 0.655023 -0.000730 0.438576 -0.505097 0.743322 -0.486524 0.561981 0.668933
-18.418305 -82.572646 -2581.402992 3288.010304 0.783745 0.619103 0.049556 0.228061 -0.361089 0.904214 -0.577696 0.697371 0.424195
-18.388534 -74.222682 -2925.880722 2755.335191 0.731546 0.681608 -0.015840 0.319712 -0.322431 0.890967 -0.602183 0.656848 0.453791
-5.728167 -45.628884 3792.140161 -2817.945456 0.520443 0.822128 0.230750 0.498139 -0.511799 0.699942 -0.693540 0.249334 0.675896
-0.804639 -53.074686 3281.410630 -3599.516130 0.549954 0.788198 0.276216 0.543660 -0.588902 0.598021 -0.634022 0.178716 0.752380
3.252692 -45.186786 1931.015289 -3142.814512 0.521439 0.815249 0.251933 0.506794 -0.533425 0.677213 -0.686485 0.225447 0.691312
-39.071002 -59.760050 -1568.546052 -12.492065 -0.199086 0.099610 0.974906 0.936598 0.312062 0.159379 -0.288356 0.944825 -0.155422
-41.065501 -61.166816 -1676.082128 -608.286669 -0.249263 0.048295 0.967231 0.951499 0.198186 0.235313 -0.180327 0.978974 -0.095353
-11.613674 -29.838214 -3736.654821 12557.318280 0.034868 0.761700 0.646991 -0.437616 -0.570383 0.695094 -0.898486 0.307370 -0.313444
-11.449448 -14.689941 -468.300166 6542.909195 0.092609 0.820852 0.563583 -0.442149 -0.473247 0.761933 -0.892148 0.319749 -0.319112
-15.981820 -20.297072 -7380.899778 -2875.053115 0.323475 0.946234 0.002290 -0.273143 0.091058 0.957654 -0.905956 0.310403 -0.287913
-12.857402 -39.847953 720.895288 534.834959 0.032290 0.992445 0.118368 -0.976315 0.005970 0.216271 -0.213930 0.122548 -0.969132
-9.696502 -40.442546 -2885.870036 424.452610 -0.091966 0.991778 0.088985 -0.975658 -0.107615 0.191077 -0.199082 0.069246 -0.977533
-12.112711 -37.287749 -3042.499170 1765.939028 -0.191121 0.974886 0.114328 -0.935127 -0.216242 0.280673 -0.298347 0.053269 -0.952970
-4.594578 -67.728746 -347.524831 -3712.939728 -0.509563 0.850402 -0.131002 -0.759436 -0.516079 -0.396132 0.404479 0.102366 -0.908800
-5.484823 -82.400763 -82.984955 -8362.815777 -0.512625 0.851967 -0.106625 -0.800805 -0.519206 -0.298558 0.309722 0.067662 -0.948417
-4.791030 -70.871644 -1326.023056 -4641.042333 -0.519049 0.843441 -0.138544 -0.761145 -0.529848 -0.374058 0.388903 0.088702 -0.916998
-3.832288 -108.737626 -799.585092 -12955.372728 -0.480215 0.869813 -0.113216 -0.866305 -0.490545 -0.094240 0.137509 -0.052824 -0.989091
16.531364 -37.768891 4531.471330 563.109434 -0.578707 0.680155 0.449985 0.626245 0.017168 0.779438 0.522413 0.732867 -0.435879
5.618927 -36.283540 3177.008285 726.930603 -0.567527 0.672140 0.475543 0.634558 -0.010965 0.772797 0.524642 0.740343 -0.420289
4.696540 -38.742719 4421.063000 643.396433 -0.552010 0.664288 0.503991 0.695997 0.034202 0.717230 0.459209 0.746694 -0.481222
1.088680 -71.062708 1092.777776 1201.700838 -0.472402 0.865904 -0.164456 -0.733258 -0.489640 -0.471789 0.489049 0.102285 -0.866239
0.218797 -73.421203 1260.083164 -209.453863 -0.468962 0.868980 -0.157949 -0.617945 -0.450595 -0.644289 0.631045 0.204543 -0.748294
0.272926 -121.116953 -65.667873 11525.496340 -0.555617 0.829781 -0.052480 -0.178507 -0.057404 0.982263 -0.812050 -0.555130 -0.180016
0.063445 -147.597234 -66.481158 7466.304455 -0.539069 0.837489 -0.089537 -0.419805 -0.175004 0.890582 -0.730183 -0.517674 -0.445922
0.805932 -128.933231 -190.322511 13159.332057 -0.558768 0.827485 -0.055205 -0.179368 -0.055593 0.982210 -0.809695 -0.558730 -0.179488
12.065978 -46.548343 2587.656759 988.000007 -0.426681 0.860148 0.279444 0.877671 0.319243 0.357460 0.218258 0.397782 -0.891142
13.830626 -48.236040 5383.278423 1011.566031 -0.410748 0.866467 0.283761 0.903630 0.345431 0.253239 0.121404 0.360433 -0.924851
16.343165 -46.704459 5241.932164 610.476480 -0.418912 0.866692 0.270847 0.879421 0.312966 0.358708 0.226124 0.388456 -0.893292
-6.594241 -65.043130 -586.471099 -251.825904 -0.549230 0.822802 -0.146092 -0.679506 -0.541476 -0.495050 0.486434 0.172626 -0.856494
-6.250833 -63.035106 499.237668 -49.661434 -0.517252 0.846788 -0.124097 -0.698214 -0.501383 -0.510991 0.494921 0.177665 -0.850581
-5.855617 -40.561688 1044.320750 564.241016 -0.402584 0.887724 0.223319 0.913172 0.406423 0.030614 -0.063586 0.216253 -0.974265
-5.008960 -38.712670 1118.341879 722.879350 -0.395915 0.889541 0.227963 0.916801 0.368781 0.153223 0.052229 0.269660 -0.961538
-8.760234 -40.705142 1221.794843 439.126656 -0.412026 0.888808 0.200638 0.911062 0.405289 0.075546 -0.014171 0.213921 -0.976748
-9.677057 -42.421415 939.936468 382.372308 -0.425672 0.884646 0.190275 0.894251 0.443399 -0.060932 -0.138271 0.144216 -0.979838
-7.003632 -42.041484 855.697547 -585.996025 -0.412544 0.885226 0.214899 -0.892391 -0.440100 0.099755 -0.182883 0.150620 -0.971528
25.463678 -26.969633 -1618.775767 612.285666 -0.447354 0.891126 0.075956 -0.789318 -0.353454 -0.502043 0.420537 0.284545 -0.861501
23.461288 -27.172577 5456.688850 1086.854098 -0.477092 0.866348 0.147733 -0.784894 -0.344399 -0.515102 0.395379 0.361706 -0.844301
20.324732 -27.994338 5827.913064 88.061285 -0.499567 0.852135 0.155878 0.792614 0.377016 0.479188 0.349565 0.362938 -0.863759
-3.201468 -151.025532 44.053453 -2440.383809 -0.374830 0.903359 -0.208434 -0.216047 -0.303748 -0.927934 0.901569 0.302786 -0.309022
-7.068295 -149.917804 346.677953 -3140.652016 -0.380149 0.895665 -0.230805 -0.307820 -0.357827 -0.881593 0.872200 0.264091 -0.411732
-5.372422 -160.177037 -1061.684208 -3353.304030 0.355734 -0.889128 0.287933 0.846734 0.176209 -0.501988 0.395595 0.422377 0.815538
-9.332454 -152.744593 -1634.295958 -4668.666198 0.377052 -0.883406 0.278256 0.828307 0.187201 -0.528076 0.414415 0.429593 0.802315
-4.775232 -170.069269 944.674598 -2402.397466 -0.375348 0.886048 -0.272090 0.696071 0.075619 -0.713979 0.612045 0.457385 0.645136
12.217523 -339.381725 -1538.303965 -27547.901089 -0.250783 0.953180 -0.168983 -0.780697 -0.302357 -0.546893 0.572381 0.005227 -0.819971
8.714852 -357.514733 -1100.006250 -19727.468133 -0.278376 0.951220 -0.132992 -0.552114 -0.271781 -0.788230 0.785924 0.145998 -0.600839
5.650965 -337.746257 3755.644508 -39056.560916 -0.328940 0.940168 -0.088779 -0.792498 -0.325949 -0.515465 0.513561 0.099200 -0.852299
5.371895 -514.785237 3714.356393 -106008.847907 -0.230756 0.967675 -0.101766 -0.964827 -0.241097 -0.104787 0.125936 -0.074006 -0.989274
-56.871919 -150.837496 -20806.930215 23844.424506 -0.503785 0.863817 0.004518 0.407736 0.242400 -0.880337 0.761546 0.441659 0.474327
-45.571298 -402.990504 -12848.817285 102383.386594 -0.559262 0.823561 0.094729 0.515283 0.434863 -0.738497 0.649391 0.364201 0.667569
-2.455363 -588.957538 -10805.863870 190542.281358 -0.546296 0.823316 0.153987 0.581455 0.505102 -0.637795 0.602885 0.258888 0.754656
-10.184745 -52.320258 -1688.056497 1451.579628 -0.220184 0.964816 0.143697 -0.901429 -0.257546 0.347988 -0.372753 0.052911 -0.926421
-9.299566 -52.510949 2196.222202 1330.314419 -0.212073 0.956068 0.202381 -0.901697 -0.271280 0.336674 -0.376785 0.111086 -0.919616
-11.931026 -54.586061 -1536.960976 1072.634374 -0.220218 0.962692 0.157251 -0.943345 -0.251203 0.216790 -0.248204 0.100601 -0.963470
-8.435954 -48.381698 1653.028862 1814.839112 -0.218241 0.956256 0.194794 -0.840853 -0.285567 0.459802 -0.495315 0.063446 -0.866393
-8.353490 -48.277734 -1581.185540 1491.455789 -0.234193 0.961514 0.143682 -0.843003 -0.274459 0.462621 -0.484251 0.012782 -0.874836
-0.362385 -27.449990 -3064.738511 -8281.835319 -0.334885 0.879998 -0.336833 0.145105 -0.305046 -0.941218 0.931019 0.364076 0.025537
-2.708634 -34.805120 -2628.261861 -4415.363309 -0.312414 0.830830 -0.460563 0.102493 -0.452520 -0.885845 0.944401 0.323955 -0.056220
-17.821340 -39.885100 -488.618812 574.668174 -0.603537 0.707121 0.368406 0.704883 0.257230 0.661039 0.372669 0.658645 -0.653685
