19487
38963
-38.381216 -59.418514 1068.398194 7859.827382 0.373438 0.925205 -0.067387 0.729209 -0.337677 -0.595171 0.573410 -0.173121 0.800768
-41.661281 -70.475552 1205.758244 5487.444775 0.285389 0.958332 -0.012342 0.833593 -0.254555 -0.490230 0.472945 -0.129618 0.871506
-45.636585 -74.690831 1458.761288 7786.415653 0.141440 0.982217 0.123465 0.863919 -0.061574 -0.499853 0.483362 -0.177363 0.857265
-37.412962 -62.916418 -338.905473 5871.049239 0.439238 0.877596 -0.192081 0.720100 -0.471774 -0.508807 0.537146 -0.085170 0.839178
-34.519123 -71.808133 -4788.010526 14490.247530 0.052715 0.965173 0.256248 0.819605 0.104780 -0.563266 0.570499 -0.239715 0.785537
-33.135057 -47.798104 79.287806 7596.584797 0.436219 0.895420 -0.089088 0.635490 -0.376649 -0.674008 0.637075 -0.237401 0.733332
-31.811589 -49.959154 513.399871 3715.410152 0.596092 0.718845 -0.357681 0.500290 -0.680959 -0.534794 0.628000 -0.139843 0.765545
102.229310 -74.374534 -10248.676569 -3640.435716 0.405917 0.905803 0.121456 -0.325566 0.267497 -0.906891 0.853954 -0.328581 -0.403480
90.963471 -64.003735 -11548.682021 -7318.393008 0.432202 0.887120 0.161925 -0.154938 0.249944 -0.955784 0.888367 -0.388004 -0.245475
116.560505 -75.955411 -5277.125323 -9069.250992 0.240037 0.936620 0.255195 -0.204195 0.305714 -0.929970 0.949045 -0.171118 -0.264636
113.838998 -83.376096 -11768.213450 -1658.724327 0.387327 0.917338 0.092030 -0.476232 0.284549 -0.832007 0.789418 -0.278431 -0.547079
84.552577 -72.254395 -22004.415663 -3001.087820 0.562906 0.825584 -0.039345 -0.406464 0.235062 -0.882911 0.719669 -0.512988 -0.467888
127.812323 -87.101833 14.966689 -2061.859377 0.186561 0.952020 0.242595 -0.400896 0.299207 -0.865885 0.896926 -0.064285 -0.437482
6.313586 -30.204142 6888.541474 7441.538655 0.543137 0.767864 -0.339686 0.203609 -0.512933 -0.833932 0.814583 -0.383776 0.434937
13.104246 -19.318553 3303.960019 -5554.575839 0.604882 0.615103 -0.505732 -0.046980 0.661550 0.748428 0.794928 -0.428951 0.429058
4.246788 -29.166562 1461.608375 1555.288909 0.564149 0.763773 -0.313668 0.274669 -0.531857 -0.801052 0.778648 -0.365758 0.509831
-63.969286 -97.630368 568.888426 3610.458993 0.688726 -0.062150 0.722353 0.411103 -0.787195 -0.459694 -0.597203 -0.613565 0.516611
-60.742853 -99.154773 -1508.827951 -2702.070301 0.578764 -0.112630 0.807680 -0.402379 0.822016 0.402964 -0.709312 -0.558214 0.430433
-60.141618 -89.930126 -1064.123308 7796.658083 0.595702 -0.072919 0.799889 0.544855 -0.695019 -0.469129 -0.590146 -0.715284 0.374294
-53.973044 -91.054065 -4006.400063 -7164.178739 0.448717 -0.098642 0.888213 -0.550966 0.751995 0.361857 -0.703626 -0.651747 0.283084
-61.966137 -87.509712 757.278199 6916.992107 0.735674 -0.076853 0.672962 0.467899 -0.660721 -0.586956 -0.489749 -0.746687 0.450116
-57.030293 -65.708188 3340.411177 11647.975060 -0.465025 -0.080809 -0.881602 0.762089 -0.543311 -0.352184 -0.450524 -0.835633 0.314237
-49.940870 -72.085562 6419.469812 10392.261969 -0.297845 -0.061845 -0.952609 0.764870 -0.612553 -0.199379 -0.571193 -0.788006 0.229749
21.755282 -80.118944 -1597.344301 14233.734792 -0.027970 -0.470957 -0.881713 0.328843 0.828627 -0.453034 0.943970 -0.302616 0.131694
28.399008 -54.722399 -3979.152538 8487.064351 -0.023014 -0.410703 -0.911479 0.261623 0.877474 -0.401987 0.964896 -0.247715 0.087255
31.415378 -75.210635 -8367.104251 15655.885015 -0.032279 -0.449839 -0.892526 0.324980 0.839745 -0.434990 0.945170 -0.304094 0.119083
29.775097 -116.927529 -8639.512497 24716.558655 -0.061950 -0.508850 -0.858623 0.426838 0.764130 -0.483647 0.902204 -0.396455 0.169858
18.912670 -118.360674 -3682.082886 20028.812176 -0.054482 -0.533126 -0.844280 0.501345 0.716626 -0.484871 0.863530 -0.449692 0.228237
19.998653 -91.773956 1963.872873 16766.520548 0.003548 -0.494991 -0.868891 0.428942 0.785654 -0.445820 0.903325 -0.371122 0.215110
10.385484 -46.910990 -7953.257977 -229.753451 0.586290 -0.742136 0.324806 0.798301 0.461093 -0.387439 0.137767 0.486444 0.862782
20.754328 -46.724073 -9224.030415 739.361217 0.585197 -0.743645 0.323322 0.806863 0.494307 -0.323470 0.080727 0.450170 0.889286
2.868612 -46.938916 -6248.588217 543.047819 0.572678 -0.754625 0.320282 0.814786 0.480887 -0.323839 0.090357 0.446417 0.890252
-8.852724 -46.986487 -5080.262207 -336.286790 0.559904 -0.759958 0.330108 0.811166 0.421566 -0.405330 0.168871 0.494719 0.852488
4.331405 -46.470970 -7401.488078 190.698275 0.588622 -0.741013 0.323148 0.779658 0.414704 -0.469205 0.213676 0.528129 0.821841
17.727340 -44.203085 -4382.723861 1503.268981 -0.537141 0.841251 0.061454 0.032278 0.093303 -0.995114 0.842875 0.532533 0.077270
19.777516 -39.940450 34.186131 2327.159210 -0.583557 0.807649 0.084646 -0.014738 0.093684 -0.995493 0.811939 0.582174 0.042766
18.519297 -41.920504 -4214.268845 2891.308742 -0.530533 0.841338 0.103370 -0.066595 0.080201 -0.994552 0.845044 0.534526 -0.013480
-4.826351 -63.936666 284.307013 2563.609157 0.575896 0.716939 -0.392864 -0.458706 -0.114405 -0.881192 0.676707 -0.687684 -0.262979
-3.862124 -62.957713 -233.324096 3223.304941 0.559396 0.714107 -0.420864 -0.549591 -0.060552 -0.833237 0.620505 -0.697412 -0.358594
-4.590939 -62.596140 369.026984 1671.784728 0.558241 0.722629 -0.407646 -0.452794 -0.146362 -0.879520 0.695231 -0.675563 -0.245496
-4.598557 -62.661982 173.718944 -2837.581367 0.577573 0.726362 -0.372568 -0.308612 -0.228237 -0.923399 0.755756 -0.648310 -0.092340
-13.981200 -118.750381 -5222.216196 -2958.548433 -0.126064 0.968538 0.214572 0.429339 -0.141723 0.891955 -0.894302 -0.204567 0.397965
-0.820638 -109.555028 -9134.748723 -3415.288136 -0.151579 0.939635 0.306772 0.389768 -0.228391 0.892143 -0.908353 -0.254800 0.331621
-9.416690 -120.034659 -7542.952756 -3359.488476 -0.172911 0.958823 0.225300 0.567479 -0.089980 0.818457 -0.805028 -0.269373 0.528553
-2.313067 -125.309889 -194.836738 -3489.699269 0.117999 0.992687 0.025456 -0.539102 0.042512 0.841167 -0.833934 0.112980 -0.540176
-2.597801 -122.915122 248.939804 -3248.450653 0.131825 0.991115 0.017674 -0.655408 0.073770 0.751663 -0.743681 0.110672 -0.659310
-1.409123 -123.851275 -746.234776 -2155.738321 0.127693 0.991800 0.005167 -0.705266 0.087137 0.703568 -0.697348 0.093484 -0.710610
1.613008 -130.784152 -2148.353033 -5242.179086 0.113688 0.993505 0.004708 -0.718714 0.078970 0.690807 -0.685949 0.081920 -0.723024
-0.104361 -126.894376 -1280.057674 -4538.163487 0.102098 0.994611 0.018042 -0.583663 0.045207 0.810737 -0.805552 0.093305 -0.585133
-0.430775 -88.023007 -995.484197 10451.402720 0.097101 0.991686 0.084438 0.195145 -0.102162 0.975439 -0.975956 0.078239 0.203443
-1.917149 -91.982794 -1439.122497 15007.023596 0.089033 0.992910 0.078759 0.116411 -0.088904 0.989214 -0.989203 0.078904 0.123501
-0.526768 -107.478649 -1395.792763 13296.444884 0.089323 0.994317 0.057927 0.000605 -0.058213 0.998304 -0.996003 0.089136 0.005801
19.193553 -18.065447 -6796.609586 -175.080541 0.000821 0.967430 0.253138 -0.271741 0.243828 -0.930970 0.962370 0.068023 -0.263091
27.551370 -20.658668 -7070.604267 832.999501 0.055072 0.919578 0.389028 -0.226081 0.390985 -0.892199 0.972551 0.038817 -0.229431
30.851615 -24.361019 -4915.264688 -950.888810 -0.079466 0.970759 0.226522 -0.252191 0.200270 -0.946727 0.964409 0.132359 -0.228902
15.633707 -17.791129 -4546.302183 1403.243875 0.114969 0.871730 0.476308 -0.241616 0.489628 -0.837787 0.963537 0.018765 -0.266916
9.393678 -12.992142 -1519.461258 1549.617575 0.091675 0.869216 0.485860 -0.282009 0.490602 -0.824488 0.955022 0.061432 -0.290102
302.976874 -53.801302 119515.134384 1794.033116 -0.076617 0.840536 -0.536310 0.992904 0.113387 0.035860 0.090953 -0.529756 -0.843259
68.817904 -40.365813 25836.712243 4777.149248 0.086336 0.873069 -0.479892 0.984340 -0.000446 0.176279 0.153690 -0.487596 -0.859435
67.254821 -52.209029 27844.345160 -1478.839209 0.122163 0.886062 -0.447181 0.989597 -0.074246 0.123229 0.075987 -0.457583 -0.885914
-44.479400 -75.011066 2209.105124 776.494303 0.877414 0.390154 0.279150 0.471838 -0.806972 -0.355198 -0.086684 -0.443369 0.892138
-48.331972 -80.814149 1591.761784 -411.555065 0.870067 0.340507 0.356424 0.456517 -0.829379 -0.322061 -0.185947 -0.442928 0.877062
-48.503910 -76.478272 1786.823335 2531.266044 0.954396 0.177982 0.239690 0.285568 -0.778377 -0.559089 -0.087061 -0.602040 0.793705
-42.398755 -67.892760 3052.609948 1912.856357 0.952164 0.272293 0.138711 0.303989 -0.797597 -0.520989 0.031226 -0.538233 0.842217
-41.059329 -66.530690 4277.946193 1705.800970 0.994904 0.099063 0.018801 0.088189 -0.764500 -0.638563 0.048885 -0.636967 0.769340
-42.144592 -67.294306 3961.317603 2492.200716 0.999910 -0.008244 -0.010625 -0.013343 -0.706789 -0.707298 0.001678 -0.707376 0.706836
-46.815158 -67.784067 3249.556196 4525.537043 0.996721 -0.072260 0.036419 -0.020098 -0.657038 -0.753589 -0.078383 -0.750386 0.656336
0.345898 -57.042584 -496.718439 -4191.869009 0.132023 0.965382 0.224962 0.357557 -0.258050 0.897532 -0.924512 0.038058 0.379248
0.398775 -57.277441 -319.719960 1098.306524 0.131724 0.965730 0.223639 0.305576 -0.254177 0.917615 -0.943012 0.052533 0.328585
1.553279 -55.817110 -90.343851 -6133.304814 0.131034 0.969801 0.205707 0.371118 -0.240393 0.896929 -0.919294 0.041187 0.391411
3.119730 -40.197671 207.168942 -6918.902098 0.806008 0.581837 -0.108705 0.552493 -0.673648 0.490866 -0.212375 0.455701 0.864427
0.898258 -35.338822 -186.836285 -7180.426019 0.786455 0.607925 -0.109160 0.556816 -0.621355 0.551248 -0.267290 0.494314 0.827170
2.098115 -42.773677 -56.992367 -8450.267506 0.796651 0.595157 -0.105522 0.558493 -0.658028 0.505059 -0.231153 0.461289 0.856610
3.383384 -43.320012 -517.565385 -628.738420 0.790459 0.603831 -0.102775 0.594302 -0.715467 0.367304 -0.148257 0.351418 0.924405
1.210398 -49.309565 251.595512 -4347.529583 0.809484 0.576873 -0.109327 0.569313 -0.725640 0.386433 -0.143590 0.375053 0.915815
-0.481774 -45.803754 824.363774 -6533.670964 0.809327 0.577576 -0.106752 0.558717 -0.700976 0.443248 -0.181179 0.418376 0.890020
-2.692684 -194.167639 -1702.304155 -25679.484276 -0.544486 -0.223038 -0.808573 0.629862 -0.745325 -0.218552 -0.553904 -0.628287 0.546302
-0.833493 -202.925028 -2475.719110 -27759.534255 -0.527389 -0.233636 -0.816869 0.727064 -0.621552 -0.291637 -0.439590 -0.747722 0.497668
0.916270 -175.068211 2706.728211 24182.872427 0.538952 0.241243 0.807052 -0.582764 0.798592 0.150457 -0.608208 -0.551410 0.570990
-5.010770 -229.570057 -583.096033 -25288.622967 -0.533494 -0.212595 -0.818650 0.785060 -0.484645 -0.385746 -0.314747 -0.848483 0.425455
-5.318236 -190.720889 229.042341 -18143.116305 -0.543066 -0.207361 -0.813683 0.735378 -0.585222 -0.341665 -0.405337 -0.783911 0.470303
-6.032013 -110.653166 -1498.269053 2085.120553 0.429027 -0.218584 0.876446 0.310183 0.946929 0.084326 -0.848364 0.235681 0.474059
-6.064093 -110.842429 -1134.723308 -5213.788904 0.436626 -0.195145 0.878223 0.383641 0.923370 0.014443 -0.813743 0.330616 0.478033
-4.295513 -113.846330 -2774.134261 -576.420898 0.406687 -0.203110 0.890703 0.217372 0.968485 0.121597 -0.887330 0.144163 0.438021
-4.943686 -117.214254 -1819.246542 4040.337768 0.422183 -0.200393 0.884084 0.108633 0.979416 0.170126 -0.899978 0.024217 0.435262
-2.971969 -119.073609 -2201.643031 4088.796553 0.400680 -0.168933 0.900509 0.061162 0.985594 0.157681 -0.914174 -0.008103 0.405240
-13.150447 -31.082631 4208.639918 -219.394578 0.593852 -0.518400 -0.615306 0.742855 0.647024 0.171832 0.309040 -0.559126 0.769332
-6.779331 -33.064527 14115.795672 -2936.030902 0.241891 -0.708242 -0.663236 0.900986 0.417661 -0.117402 0.360157 -0.569168 0.739145
-23.246110 -30.999728 -2271.392321 -285.683214 0.735374 -0.383558 -0.558666 -0.580646 -0.781687 -0.227631 0.349392 -0.491781 0.797544
-14.825276 -37.281330 -1182.317549 -887.067761 0.879160 -0.188184 -0.437795 -0.377095 -0.836425 -0.397734 0.291336 -0.514762 0.806315
-10.845773 -35.071353 1138.909037 392.413239 0.745819 -0.367907 -0.555336 -0.608983 -0.714437 -0.344557 0.269987 -0.595168 0.756890
-3.941397 -78.161582 5367.834352 12823.395621 0.620915 0.302530 0.723146 -0.206158 0.953071 -0.221706 -0.756282 -0.011421 0.654146
8.868333 -92.569370 6855.512842 5747.345443 0.627174 0.314593 0.712520 -0.386004 0.920099 -0.066475 -0.676501 -0.233344 0.698496
9.974974 -87.300324 6330.019413 11025.681202 0.644274 0.209444 0.735557 -0.198485 0.974607 -0.103659 -0.738590 -0.079212 0.669486
24.051833 -97.556084 6743.404119 2689.456062 0.633943 0.193666 0.748739 -0.350760 0.934838 0.055180 -0.689264 -0.297608 0.660564
20.418640 -97.821982 2669.239483 8851.830559 0.610244 0.089976 0.787087 -0.151660 0.988422 0.004593 -0.777561 -0.122173 0.616825
63.419547 -336.707898 13755.523171 -48164.725858 0.415574 0.060168 0.907567 -0.617885 0.750906 0.233147 -0.667470 -0.657662 0.349234
56.355179 -324.291198 -15082.743612 -45646.267606 -0.428620 -0.170104 -0.887327 0.775069 -0.573911 -0.264373 -0.464276 -0.801056 0.377832
74.385975 -295.620630 -7192.604767 -8177.000806 -0.415743 -0.093912 -0.904621 0.816918 -0.475750 -0.326048 -0.399754 -0.874553 0.274508
64.422544 -272.035852 -487.793820 27174.894823 -0.301891 0.050724 -0.951992 0.749396 -0.604633 -0.269861 -0.589295 -0.794887 0.144521
70.817675 -375.121455 10283.910820 -80797.013147 0.287166 -0.112196 0.951288 -0.488778 0.836931 0.246256 -0.823791 -0.535685 0.185499
48.332900 -405.798275 12196.212017 -71396.514778 0.362223 -0.048235 0.930843 -0.275285 0.948576 0.156277 -0.890513 -0.312854 0.330317
619.839440 -5975.033329 -228106.691257 4407650.085100 0.238225 -0.104091 0.965616 0.970754 -0.004955 -0.240026 0.029769 0.994555 0.099866
38.850367 -5360.764111 -33123.941118 4688135.144463 0.308183 -0.215274 0.926650 0.900436 -0.248310 -0.357151 0.306982 0.944457 0.117316
32.848070 -2200.588135 -18262.706903 1434648.418622 0.192868 -0.076505 0.978238 0.685982 -0.702326 -0.190174 0.701591 0.707732 -0.082975
12.802362 -669.925689 -7985.827398 305779.047564 0.311814 -0.206093 0.927522 0.859204 -0.355596 -0.367859 0.405636 0.911634 0.066196
-215.264329 -1709.657591 -56203.219234 -1577448.123728 -0.001013 0.045806 0.998950 0.314942 0.948129 -0.043156 -0.949111 0.314567 -0.015387
-188.798038 -1952.689173 -103367.682677 -298536.744201 -0.110001 -0.066283 0.991719 0.990996 0.069310 0.114553 -0.076328 0.995391 0.058062
-108.584957 -1483.059881 -41524.006897 207529.454173 -0.049028 -0.033460 0.998237 0.583315 0.810326 0.055811 -0.810765 0.585023 -0.020211
-593.460124 -2580.771931 -237726.717129 -4742325.701892 -0.117981 0.014654 0.992908 -0.482146 0.873275 -0.070179 -0.868110 -0.487007 -0.095965
14.680787 -53.436332 -5316.473820 2805.007246 0.275534 -0.387205 0.879860 -0.019305 0.912876 0.407780 -0.961097 -0.129343 0.244053
26.126391 -50.457162 -4588.673785 47.913027 0.314370 -0.325735 0.891666 -0.123922 0.917169 0.378742 -0.941177 -0.229562 0.247964
16.500701 -57.711074 -5647.027554 -546.396408 0.260240 -0.306655 0.915553 -0.191595 0.912969 0.360249 -0.946344 -0.269166 0.178838
-26.366862 -52.609676 593.549392 219.323678 0.481287 0.354512 0.801676 -0.599038 0.800701 0.005553 -0.639934 -0.482907 0.597734
-26.966031 -53.769521 -786.110168 520.166946 0.364257 0.422901 0.829742 -0.629844 0.768159 -0.115012 -0.686012 -0.480715 0.546169
-23.732377 -52.479372 -432.989436 -4977.855920 0.407355 0.375303 0.832592 -0.690509 0.723227 0.011834 -0.597712 -0.579733 0.553760
-23.467741 -52.297327 1443.901808 -3072.588125 0.567943 0.283325 0.772766 -0.595213 0.789847 0.147863 -0.568474 -0.543938 0.617227
-20.119983 -44.954697 -698.233607 6849.296703 -0.515104 -0.311259 -0.798615 0.680767 -0.714691 -0.160543 -0.520792 -0.626367 0.580035
-18.119141 -38.282956 1409.611989 8005.601745 -0.317176 -0.433737 -0.843369 0.796022 -0.605151 0.011854 -0.515507 -0.667581 0.537204
-20.421932 -47.304682 2038.105861 5888.008862 -0.228866 -0.476427 -0.848903 0.780827 -0.610605 0.132175 -0.581317 -0.632596 0.511754
-11.565257 -33.194007 408.263321 -470.033747 -0.462461 0.869184 0.175069 0.520759 0.426081 -0.739773 0.717593 0.250948 0.649682
-12.036040 -34.163159 1184.660189 -16.998027 -0.489452 0.856724 0.162668 0.521713 0.437160 -0.732603 0.698750 0.273708 0.660933
-9.758686 -33.483640 -565.079043 493.455587 -0.396098 0.912058 0.106095 0.608507 0.347270 -0.713528 0.687623 0.218068 0.692547
-11.353208 -31.582554 -1863.592272 -235.088927 -0.386506 0.910504 0.146954 0.556958 0.357426 -0.749696 0.735127 0.207915 0.645260
-1.483831 -71.080979 413.340771 -2123.308410 0.346405 0.919217 -0.187199 0.146438 0.144121 0.978665 -0.926585 0.366428 0.084684
-1.222819 -70.740905 -301.611188 889.536816 0.339106 0.926380 -0.163790 0.325565 0.047786 0.944311 -0.882618 0.373546 0.285392
-1.050963 -69.927783 254.883414 -3426.781050 0.347015 0.920185 -0.181218 0.192437 0.119252 0.974036 -0.917904 0.372879 0.135695
-1.401549 -68.639309 344.897815 -2347.603787 0.348714 0.916887 -0.194209 0.093175 0.172274 0.980632 -0.932586 0.360056 0.025356
-1.015717 -68.057200 233.632608 -2521.861773 0.351916 0.915465 -0.195139 0.107947 0.167391 0.979963 -0.929787 0.365929 0.039914
-11.787058 -80.955187 -702.745464 -1438.531187 0.149710 0.970322 0.189898 0.471273 0.098811 -0.876435 0.869189 -0.220705 0.442493
-12.613041 -84.005942 -32.579909 -1256.278448 0.167234 0.968755 0.183156 0.528120 0.068850 -0.846374 0.832539 -0.238271 0.500105
-13.190401 -84.599098 -400.623420 -374.998297 0.162535 0.968178 0.190301 0.357890 0.121885 -0.925775 0.919509 -0.218578 0.326690
-12.636712 -84.933825 650.160590 -1270.591385 0.112005 0.974796 0.192945 0.354091 0.142270 -0.924326 0.928480 -0.171849 0.329232
-8.702220 -28.580097 1291.667682 -266.247574 -0.000947 0.968646 -0.248442 0.645762 -0.189103 -0.739751 0.763538 0.161135 0.625336
-9.747966 -28.536820 1162.589582 209.639131 0.014071 0.960189 -0.278996 0.590475 -0.233155 -0.772643 0.806933 0.153869 0.570248
-6.933725 -27.326160 270.193456 509.024360 -0.073381 0.979674 -0.186691 0.613145 -0.103320 -0.783185 0.786555 0.171940 0.593100
-12.834587 -29.581881 2013.342051 -758.366810 0.102051 0.926588 -0.361968 0.605947 -0.346474 -0.716089 0.788932 0.146256 0.596821
1.841244 -298.932557 -245.756262 -1898.152836 0.307837 0.947815 0.082969 -0.880971 0.316886 -0.351387 0.359341 -0.035077 -0.932547
1.919160 -276.876648 -2324.345153 -35277.662539 0.347682 0.936196 0.051517 -0.701197 0.296099 -0.648574 0.622447 -0.189374 -0.759406
7.472406 -322.055254 -321.890359 -70161.775964 0.339229 0.938230 0.068179 -0.634051 0.281584 -0.720201 0.694912 -0.201084 -0.690407
7.574685 -325.253395 529.774126 -32259.318313 0.288085 0.953639 0.087058 -0.834156 0.294557 -0.466282 0.470309 -0.061709 -0.880342
10.406856 -253.127616 -1630.290008 -64576.508166 0.395179 0.913462 0.097062 -0.316432 0.234561 -0.919158 0.862383 -0.332518 -0.381742
12.592908 -434.228146 -1359.850201 -123643.647880 0.333444 0.940196 0.069614 -0.514978 0.243493 -0.821893 0.789691 -0.238205 -0.565372
0.958911 -155.060792 1220.315079 1917.495219 0.345781 0.933124 0.098566 -0.790837 0.346355 -0.504594 0.504987 -0.096529 -0.857712
-1.032543 -157.678611 -1445.071006 4387.965920 0.404392 0.908855 0.102222 -0.669084 0.370187 -0.644429 0.623534 -0.192207 -0.757801
-1.789994 -177.219787 -866.737404 1310.256512 0.376121 0.923004 0.081222 -0.745070 0.353391 -0.565673 0.550821 -0.152245 -0.820620
-117.919850 -432.689002 18840.168817 150333.076540 -0.434847 0.142936 0.889088 0.092269 0.989198 -0.113903 -0.895765 0.032505 -0.443338
-76.729425 -355.396951 17364.358612 120037.551669 -0.249005 0.232073 0.940286 0.130021 0.970088 -0.204996 -0.959735 0.071212 -0.271732
-89.311762 -252.344691 19438.048067 90806.395269 -0.337845 0.243058 0.909276 0.354747 0.927716 -0.116179 -0.871788 0.283313 -0.399649
-91.064072 -286.398812 18955.607275 42244.946527 -0.315891 0.221727 0.922524 -0.261072 0.914464 -0.309186 -0.912170 -0.338514 -0.230984
-125.027979 -279.334926 17114.802576 13596.239632 -0.533418 0.119466 0.837372 -0.347419 0.871672 -0.345670 -0.771210 -0.475306 -0.423461
-8.669256 -109.999111 -7000.335606 6635.891038 -0.223100 0.955510 0.192942 0.887343 0.117128 0.445985 -0.403545 -0.270705 0.873997
1.304672 -104.186286 -6576.249502 7899.827630 -0.176081 0.963860 0.199922 0.915967 0.086040 0.391919 -0.360554 -0.252132 0.898015
-10.040554 -95.639479 -5541.664552 9673.102986 -0.213112 0.960559 0.178631 0.949613 0.160634 0.269131 -0.229822 -0.226985 0.946393
-20.177866 -71.597334 3117.984502 4571.551407 -0.112692 0.993353 -0.023477 0.510195 0.078122 0.856503 -0.852644 -0.084543 0.515607
-15.823541 -56.907798 -5466.249690 1691.099179 -0.026785 0.986257 0.163032 0.565223 -0.119575 0.816226 -0.824503 -0.114012 0.554252
-11.825309 -63.944476 -5876.514023 10838.215979 -0.153723 0.988097 0.005721 0.502879 0.073249 0.861248 -0.850577 -0.135271 0.508153
-15.413699 -65.474885 -7545.827871 9385.283577 -0.105960 0.990602 0.086486 0.501667 -0.021841 0.864785 -0.858547 -0.135020 0.494638
-39.862735 -60.980515 347.381030 1447.725090 0.195340 0.959922 0.200976 0.979821 -0.182167 -0.082261 -0.042353 0.212989 -0.976136
-40.528438 -56.526633 310.501333 1326.343430 0.275742 0.912590 0.301904 0.961003 -0.268572 -0.065890 0.020953 0.308299 -0.951059
-38.936662 -59.075472 1131.161346 3673.029911 0.326290 0.922959 0.204162 0.942012 -0.335406 0.010762 0.078410 0.188812 -0.978878
-40.435878 -63.497183 68.125841 1092.920163 0.193381 0.975871 0.101390 0.980810 -0.189669 -0.045147 -0.024827 0.108175 -0.993822
-40.593894 -59.695801 1892.615916 -3949.889036 0.365752 0.923360 0.116753 -0.922576 0.376241 -0.085412 0.122794 0.076474 -0.989481
-35.467342 -54.958408 2284.792158 -2805.754942 0.521990 0.822156 0.227127 -0.830774 0.550388 -0.082991 0.193239 0.145371 -0.970323
42.172523 -112.887128 3836.562269 564.434928 0.740219 -0.568013 0.359774 -0.630056 -0.399167 0.666104 0.234746 0.719741 0.653351
35.622904 -109.330117 5959.692250 7.149562 0.737832 -0.599192 0.310761 -0.584603 -0.337140 0.737954 0.337407 0.726158 0.599042
36.842212 -113.714238 7882.940730 686.971540 0.737622 -0.616582 0.275209 -0.635171 -0.495353 0.592607 0.229065 0.611925 0.757019
21.499287 -114.342480 7285.056908 848.189563 0.742616 -0.623437 0.244638 -0.543285 -0.347193 0.764394 0.391615 0.700560 0.596535
14.578104 -112.881997 7779.525391 -715.247564 0.746188 -0.643081 0.172192 -0.568045 -0.480144 0.668421 0.347172 0.596580 0.723577
27.507261 -109.730119 11034.535907 1443.578295 0.742386 -0.646753 0.174852 -0.639146 -0.605429 0.474287 0.200886 0.463860 0.862832
65.487582 -121.037387 -19341.120806 -18977.898952 -0.163141 0.281684 0.945536 0.779862 0.623846 -0.051293 -0.604318 0.729020 -0.321450
123.015982 -121.756236 -46244.079280 -17860.663708 0.047163 0.305099 0.951152 0.813102 0.541370 -0.213972 -0.580208 0.783475 -0.222544
182.547061 -96.566623 -77233.076499 -14363.902080 0.008368 0.361080 0.932497 0.725094 0.639971 -0.254316 -0.688599 0.678276 -0.256461
167.645595 -87.766366 -72142.859235 -10253.254046 -0.112472 0.363160 0.924913 0.667381 0.717230 -0.200459 -0.736174 0.594724 -0.323035
-19.704597 -27.437723 799.474678 -761.470680 -0.471878 0.774902 0.420545 -0.421754 0.220481 -0.879495 0.774244 0.592381 -0.222778
-15.470528 -23.291190 -2978.104112 -137.037134 0.273446 -0.540031 -0.795986 -0.569801 0.575762 -0.586366 0.774954 0.613893 -0.150271
-18.214466 -25.962499 1905.738857 -2253.674522 -0.352437 0.672922 0.650357 -0.475714 0.469640 -0.743730 0.805906 0.571502 -0.154600
-20.835833 -29.115334 374.370253 -1330.168928 -0.411311 0.788984 0.456429 -0.414649 0.283973 -0.864537 0.811720 0.544852 -0.210350
-20.928603 -32.834258 -124.355784 -400.242059 -0.525959 0.832986 0.171759 -0.342076 -0.022289 -0.939408 0.778685 0.552845 -0.296668
-19.860421 -31.290333 712.423082 -575.284603 -0.585452 0.797837 0.143880 -0.321273 -0.065380 -0.944727 0.744332 0.599317 -0.294600
1.329197 -60.822975 -170.387306 2594.118211 -0.363689 0.893107 -0.264744 -0.749953 -0.449306 -0.485484 0.552540 -0.021981 -0.833196
2.264425 -63.564249 -528.942857 -3343.036692 -0.352721 0.900688 -0.253674 -0.687237 -0.433338 -0.583030 0.635054 0.031313 -0.771833
2.858131 -67.024147 -561.749902 -2080.671646 -0.349894 0.899846 -0.260482 -0.641576 -0.432793 -0.633301 0.682608 0.054469 -0.728752
3.579498 -66.027941 61.444524 -1730.162794 -0.386767 0.883138 -0.265477 -0.646232 -0.464931 -0.605165 0.657872 0.062498 -0.750532
2.498301 -60.637950 736.822819 2966.947475 -0.411275 0.874942 -0.255595 -0.744170 -0.484226 -0.460148 0.526369 -0.000959 -0.850256
-0.355637 -59.814247 640.876821 5436.845353 -0.383864 0.886264 -0.259199 -0.817937 -0.456621 -0.349966 0.428518 -0.077670 -0.900189
-0.078414 -57.955887 -49.760427 5793.065581 -0.367005 0.893049 -0.260330 -0.831453 -0.440423 -0.338694 0.417126 -0.092150 -0.904165
3.998120 -50.980637 61.609433 -417.041356 0.560346 -0.820555 -0.112702 0.826402 0.544785 0.142366 -0.055421 -0.172912 0.983377
3.199817 -50.286460 85.566230 553.431494 0.558193 -0.820352 -0.124271 0.827649 0.539971 0.153064 -0.058464 -0.188292 0.980371
3.804796 -50.242669 23.011121 759.131910 0.569724 -0.814302 -0.111024 0.813543 0.539663 0.216591 -0.116455 -0.213720 0.969929
4.925458 -50.865296 505.913709 -245.275230 0.572715 -0.813211 -0.103370 0.811008 0.543711 0.215972 -0.119427 -0.207525 0.970912
4.699223 -52.217376 841.508615 22.330859 0.559866 -0.820831 -0.113079 0.828090 0.549589 0.110541 -0.028588 -0.155528 0.987418
7.972475 -41.546738 -732.236476 -2916.951939 -0.463271 0.881733 0.089030 -0.033869 0.082771 -0.995993 0.885569 0.464430 0.008482
8.651702 -43.044012 3352.982656 -7205.171826 -0.508731 0.841436 0.182149 -0.062523 0.174906 -0.982598 0.858653 0.511266 0.036371
11.601505 -55.077202 1061.101900 -14903.234937 -0.489454 0.869256 0.069490 -0.058713 0.046657 -0.997184 0.870050 0.492156 -0.028200
3.172982 -41.806397 1902.165295 3678.289976 -0.486940 0.852033 0.192168 -0.055612 0.189324 -0.980339 0.871663 0.488053 0.044806
9.824056 -46.501305 -2890.236190 -4474.274379 -0.432691 0.901541 -0.001422 -0.013423 -0.008019 -0.999878 0.901443 0.432619 -0.015571
5.799917 -45.716407 -1891.742568 6780.281499 -0.437372 0.899247 -0.007800 0.016974 -0.000417 -0.999856 0.899120 0.437441 0.015081
2.297202 -43.516198 -1519.673131 9523.056860 -0.449207 0.888974 0.089103 -0.027644 0.085855 -0.995924 0.893000 0.449839 0.013992
17.760126 -116.512569 -1493.280487 3911.149668 -0.643824 0.752971 0.136108 0.708368 0.653780 -0.266056 0.289317 0.074879 0.954300
20.479660 -119.698209 -1379.900235 8673.343420 -0.611330 0.771943 0.174299 0.689110 0.627551 -0.362363 0.389105 0.101412 0.915594
15.939410 -122.494249 -2747.163976 -4027.424767 -0.609985 0.774054 0.169583 0.767984 0.630212 -0.114160 0.195240 -0.060601 0.978881
20.196615 -112.682579 -2616.858506 11518.194612 -0.633880 0.754356 0.170714 0.599911 0.618855 -0.507075 0.488162 0.219012 0.844826
16.043394 -115.822641 -1220.399529 -5123.686612 -0.627239 0.768553 0.126085 0.771203 0.635502 -0.037190 0.108710 -0.073910 0.991322
16.877605 -113.305483 -875.056108 -4138.117273 -0.646632 0.756094 0.100939 0.756997 0.652362 -0.037139 0.093930 -0.052395 0.994199
16.594777 -110.720663 1655.073050 2247.642391 -0.671057 0.738976 0.059980 0.708219 0.662851 -0.243010 0.219336 0.120595 0.968168
18.237558 -109.759220 2069.113222 9775.359652 -0.686179 0.721513 0.092611 0.607815 0.638625 -0.471932 0.399649 0.267539 0.876758
-3.958131 -98.976400 -51.508048 -45.870721 -0.413511 0.895871 -0.162554 0.909753 0.413759 -0.033942 0.036850 -0.161919 -0.986116
-4.358465 -99.290036 50.477159 -1848.773362 -0.389014 0.907629 -0.157727 -0.892128 -0.413857 -0.181193 0.229732 -0.070226 -0.970717
-4.035827 -109.393423 -1464.485641 4983.386532 -0.406970 0.891607 -0.198525 0.907105 0.420041 0.026936 0.107405 -0.169121 -0.979726
-3.922226 -104.800910 -1394.442582 -153.976193 -0.431932 0.883949 -0.179078 0.898773 0.405325 -0.167087 -0.075112 -0.233121 -0.969543
-4.176103 -106.156027 -180.417517 2452.525948 -0.447157 0.880134 -0.159421 0.883310 0.406465 -0.233559 -0.140764 -0.245256 -0.959184
-4.496983 -102.192707 469.047437 889.751656 -0.441174 0.885160 -0.147842 0.888538 0.407715 -0.210403 -0.125963 -0.224187 -0.966371
5.915179 -59.665616 1866.704070 7773.665167 0.644191 -0.753249 0.132795 0.591610 0.380661 -0.710701 -0.484784 -0.536390 -0.690847
3.506206 -59.066454 1038.185710 6365.703122 0.634172 -0.758705 0.148974 0.615797 0.379098 -0.690709 -0.467569 -0.529766 -0.707621
6.728849 -52.664644 2570.342227 5120.614666 0.652889 -0.745304 0.135124 0.629543 0.434732 -0.643959 -0.421202 -0.505500 -0.753033
8.520907 -53.241437 1618.997165 6268.129317 0.665143 -0.742242 0.081616 0.600879 0.467141 -0.648632 -0.443316 -0.480475 -0.756713
-14.471292 -60.330272 -2829.880522 211.923576 -0.556012 0.826550 0.087556 0.735457 0.440168 0.515126 -0.387238 -0.350810 0.852631
-10.764346 -58.080518 -1857.525896 -326.673539 -0.525115 0.841909 0.124274 0.708391 0.351489 0.612076 -0.471631 -0.409445 0.780973
-10.854568 -57.644100 -1848.396155 -225.775932 -0.564825 0.819263 0.098902 0.743239 0.452975 0.492351 -0.358565 -0.351600 0.864760
11.892463 -53.029865 261.198070 5566.678940 -0.003593 0.968717 -0.248144 0.326319 0.235697 0.915403 -0.945253 0.077685 0.316958
10.565373 -44.697800 128.926317 4289.002588 0.029712 0.967822 -0.249877 0.357461 0.223167 0.906873 -0.933455 0.116266 0.339328
9.623037 -38.876185 302.325510 4390.659441 -0.008290 0.952740 -0.303674 0.418462 0.279120 0.864281 -0.908197 0.119911 0.400999
-2.748146 -55.404538 240.087886 3258.149446 -0.600548 0.797202 0.061732 0.570053 0.372734 0.732195 -0.560698 -0.474909 0.678292
-4.532750 -59.386341 697.139257 4080.603229 -0.613250 0.789032 0.036784 0.472606 0.329208 0.817475 -0.632905 -0.518701 0.574788
-4.205346 -59.842231 -788.107052 3795.111965 -0.636444 0.770447 0.036750 0.470637 0.350149 0.809874 -0.611097 -0.532736 0.585451
-5.135756 -61.500743 -709.735013 -1214.877579 -0.644616 0.764240 0.020194 0.354149 0.275097 0.893812 -0.677532 -0.583317 0.447986
-2.994328 -57.115005 -621.827875 4569.666805 -0.627036 0.777578 0.046890 0.553108 0.402022 0.729692 -0.548541 -0.483479 0.682166
-4.392817 -65.614098 -601.544571 167.858276 -0.656988 0.753826 0.010654 0.328799 0.273787 0.903843 -0.678423 -0.597317 0.427732
-3.567017 -60.254166 -1087.125018 3779.918647 -0.656638 0.753821 0.024072 0.464011 0.378617 0.800839 -0.594575 -0.537031 0.598396
2.219269 -118.502851 1860.142410 -901.093488 0.772948 -0.622049 0.124925 0.495177 0.714547 0.494189 -0.396675 -0.320122 0.860332
5.939137 -119.971654 1747.669506 -645.402264 0.779420 -0.612014 0.133950 0.477432 0.718672 0.505539 -0.405663 -0.330075 0.852343
3.545644 -124.238457 1050.600132 2677.654963 0.776654 -0.616742 0.128209 0.558844 0.768514 0.311575 -0.290692 -0.170337 0.941532
1.159086 -123.538865 1456.374226 -1632.162956 0.777976 -0.617993 0.113299 0.547588 0.755345 0.360002 -0.308059 -0.218031 0.926047
2.916253 -126.325169 1514.488589 1704.795630 0.787299 -0.605635 0.115613 0.600004 0.795731 0.082508 -0.141966 0.004409 0.989862
-13.262555 -80.895535 -1717.493972 -2799.353650 -0.405777 0.912486 -0.052101 -0.084720 -0.094312 -0.991931 0.910037 0.398089 -0.115575
-13.494141 -84.471484 -1494.535646 -3631.023828 -0.407056 0.912276 -0.045363 -0.224744 -0.148170 -0.963086 0.885322 0.381835 -0.265342
-12.897444 -83.360350 533.962455 -2945.850873 -0.462887 0.885961 -0.028434 -0.133279 -0.101276 -0.985890 0.876340 0.452566 -0.164960
-13.960376 -86.699313 1398.378586 -2257.664902 -0.485256 0.874146 -0.019875 -0.262582 -0.167370 -0.950283 0.834013 0.455912 -0.310753
-14.378450 -82.613865 432.592964 -3601.995904 -0.490086 0.871344 -0.023974 -0.104405 -0.085984 -0.990811 0.865399 0.483080 -0.133112
-8.374562 -48.283700 1070.017216 -7476.833032 -0.370047 0.924917 -0.087136 -0.564889 -0.149554 0.811501 -0.737540 -0.349516 -0.577818
-9.738372 -48.468348 -469.226780 -7074.190594 -0.424284 0.899810 -0.101612 -0.550450 -0.167183 0.817958 -0.719019 -0.402978 -0.566233
-9.601762 -49.450734 -195.556546 667.299971 -0.408250 0.908175 -0.092466 -0.445671 -0.109885 0.888427 -0.796687 -0.403910 -0.449608
-11.610810 -50.044838 -1098.093275 3136.256085 -0.450196 0.889330 -0.080101 -0.389424 -0.114823 0.913874 -0.803538 -0.442615 -0.398019
-9.503950 -49.344536 1791.625314 2528.414721 -0.358228 0.926238 -0.117288 -0.416666 -0.046184 0.907885 -0.835501 -0.374100 -0.402477
-10.478006 -52.673632 619.774826 6705.808987 -0.399673 0.911545 -0.096676 -0.339931 -0.049441 0.939150 -0.851298 -0.408216 -0.329623
-3.806317 -137.337818 31.770067 12267.157028 -0.540056 0.811884 -0.221773 0.522265 0.529917 0.668152 -0.659983 -0.245015 0.710204
-2.536323 -125.959635 1907.928344 3577.149730 -0.541945 0.805301 -0.240387 0.621991 0.576692 0.529673 -0.565176 -0.137535 0.813425
-1.235221 -141.918134 2781.913564 13302.748600 -0.518356 0.821059 -0.239102 0.517072 0.523619 0.677097 -0.681134 -0.227344 0.695967
-5.126994 -123.481621 406.083483 5208.452747 -0.548684 0.803558 -0.230740 0.637326 0.580651 0.506617 -0.541075 -0.130916 0.830722
-2.618092 -157.135965 253.694378 17348.689994 -0.534426 0.816772 -0.217422 0.369640 0.457191 0.808915 -0.760102 -0.351937 0.546246
-2.492397 -159.468375 -542.103213 15525.168421 -0.535459 0.818981 -0.206285 0.371229 0.447624 0.813524 -0.758599 -0.359030 0.543714
-3.850113 -139.316331 -1202.042604 13548.236314 -0.542947 0.814889 -0.202893 0.541618 0.524445 0.656969 -0.641762 -0.246809 0.726104
-12.524327 -125.143213 302.937579 818.868691 0.802297 -0.574871 0.160759 0.533489 0.811359 0.238927 -0.267785 -0.105927 0.957638
-14.215215 -122.126211 774.179847 3449.872978 0.810035 -0.558755 0.177864 0.560484 0.826931 0.045203 -0.172338 0.063074 0.983016
-12.861046 -133.055078 137.137711 2438.532401 0.805477 -0.564040 0.181841 0.519266 0.819596 0.242125 -0.285604 -0.100602 0.953053
-10.679905 -126.023805 -266.128354 428.074170 0.785610 -0.598973 0.155074 0.492516 0.757103 0.429212 -0.374494 -0.260816 0.889792
-9.527657 -119.260363 83.391320 -815.217354 0.782004 -0.608583 0.134522 0.503472 0.744031 0.439242 -0.367404 -0.275761 0.888240
-17.149182 -28.978921 343.451199 182.709838 -0.751159 0.459143 0.474286 0.326628 0.882883 -0.337391 -0.573650 -0.098519 -0.813154
-17.922862 -34.027485 -3263.698472 2180.943450 -0.499906 0.834225 0.232731 -0.695649 -0.546835 0.465880 -0.515914 -0.070997 -0.853693
-9.032543 -31.497569 -5344.725041 2392.371963 -0.607389 0.742193 0.283247 -0.559749 -0.652852 0.510358 -0.563702 -0.151439 -0.811977
40.929871 -105.961451 2507.852441 6096.602229 -0.488380 0.835394 -0.252193 0.436933 0.484267 0.758008 -0.755364 -0.260004 0.601517
44.417941 -102.359100 551.635303 -8204.424089 -0.547994 0.807602 -0.217902 0.300323 0.433083 0.849850 -0.780711 -0.400271 0.479868
43.923527 -100.569565 1773.006387 -7847.256777 -0.486538 0.840304 -0.239103 0.257464 0.399432 0.879867 -0.834861 -0.366528 0.410687
41.376500 -110.124626 -2715.126406 6495.522837 -0.582558 0.786924 -0.203415 0.508232 0.547983 0.664390 -0.634292 -0.283664 0.719172
39.851379 -96.434443 3438.597922 -576.802196 -0.419297 0.863038 -0.281702 0.322625 0.431693 0.842351 -0.848589 -0.262311 0.459445
38.340048 -269.406798 14528.072734 -44363.653290 -0.630275 0.762885 -0.144083 0.344122 0.440871 0.828983 -0.695941 -0.472905 0.540395
22.294774 -221.866521 4890.517574 -17150.480718 -0.577441 0.811094 -0.093209 0.387875 0.372999 0.842867 -0.718411 -0.450553 0.529988
19.525939 -273.117405 5968.558821 -41736.305191 -0.626802 0.768335 -0.129537 0.520202 0.536418 0.664564 -0.580094 -0.349165 0.735918
31.538660 -397.910782 13156.666310 -95129.464481 -0.717918 0.676463 -0.164292 0.495876 0.662592 0.561319 -0.488570 -0.321512 0.811129
48.782130 -308.239311 11907.050613 -74437.267651 -0.704990 0.701489 -0.104417 0.323309 0.448920 0.833032 -0.631237 -0.553520 0.543282
-11.004780 -46.969134 -1689.095126 1175.286495 -0.417255 0.891679 0.175518 0.902875 0.384737 0.191815 0.103509 0.238507 -0.965609
-13.120332 -45.901992 -1272.582679 -246.798459 -0.392018 0.902137 0.180195 0.901051 0.337017 0.272997 0.185552 0.269384 -0.944988
-10.758383 -45.822709 -925.580420 -235.891816 -0.339196 0.924772 0.172464 0.929986 0.302033 0.209528 0.141676 0.231460 -0.962473
-18.177501 -42.869064 -96.132485 -1450.547087 -0.231645 0.927938 0.292014 -0.770379 0.008313 -0.637532 0.594017 0.372643 -0.712938
-16.171729 -40.428114 484.768004 -1042.997886 -0.245538 0.914249 0.322274 -0.765278 0.021253 -0.643349 0.595030 0.404596 -0.694436
-17.072442 -39.142146 562.152953 -1119.819042 -0.214216 0.917656 0.334693 -0.731987 0.076067 -0.677059 0.646766 0.390028 -0.655418
-17.187716 -43.595305 -836.296031 -953.267386 -0.217360 0.944052 0.248033 -0.771322 -0.010398 -0.636360 0.598178 0.329632 -0.730428
-17.962890 -44.909446 -758.679984 -1478.314423 -0.249012 0.938060 0.240906 -0.805362 -0.062398 -0.589489 0.537945 0.340807 -0.771016
-14.867745 -78.167056 918.606883 1431.691030 -0.396336 0.918019 -0.012580 0.338654 0.133443 -0.931400 0.853365 0.373408 0.363779
-15.645573 -81.667403 810.521179 1821.201900 -0.388881 0.921279 -0.004212 0.437263 0.180545 -0.881025 0.810909 0.344455 0.473052
-16.216622 -79.076478 1803.973131 1563.631808 -0.380786 0.924521 -0.016226 0.277199 0.097395 -0.955863 0.882135 0.368477 0.293363
-15.206520 -75.311647 1135.312121 1177.162400 -0.400987 0.915746 -0.024850 0.209952 0.065461 -0.975518 0.891700 0.396388 0.218512
-84.178303 -133.098110 28282.472444 30082.670881 -0.337035 0.902387 0.268524 -0.603202 0.012020 -0.797498 0.722879 0.430759 -0.540271
-140.812602 -248.752289 24932.269817 78266.223771 -0.489362 -0.169494 -0.855451 -0.358798 0.933193 0.020354 0.794851 0.316895 -0.517483
-92.725554 -194.945576 17809.639393 63498.050585 -0.655784 0.002077 -0.754946 -0.283010 0.926396 0.248386 0.699895 0.376545 -0.606928
-17.864940 -126.003695 15170.298037 31314.173785 -0.488314 0.870581 0.060314 -0.509820 -0.228501 -0.829380 0.708261 0.435747 -0.555420
-43.415560 -300.719401 19381.319647 118631.690504 -0.481125 0.874579 0.060255 -0.428996 -0.174945 -0.886203 0.764513 0.452224 -0.459361
-190.358865 -315.177157 -47985.151320 75526.986614 0.938318 0.235770 0.252926 0.228854 0.124873 -0.965418 0.259200 -0.963753 -0.063213
-178.119180 -301.939785 53825.826753 -67111.554703 -0.638888 -0.069811 -0.766126 0.692316 0.382059 -0.612151 0.335440 -0.921497 -0.195761
-257.185136 -333.448152 -59241.671747 71189.760842 0.844570 0.479588 0.238112 0.218139 0.097940 -0.970991 0.488996 -0.872011 0.021900
-194.018962 -397.913591 -41359.033370 118221.866648 0.903226 0.378011 0.203199 0.275603 -0.147958 -0.949817 0.328977 -0.913901 0.237821
-3.004652 -70.446217 -502.706464 -5024.224817 -0.630390 0.767348 -0.117413 -0.507841 -0.293262 0.809996 -0.587116 -0.570241 -0.574561
-3.012857 -68.857071 -636.458445 -7214.883088 -0.614723 0.779078 -0.123100 -0.536745 -0.298837 0.789051 -0.577945 -0.551121 -0.601868
-1.773922 -63.665466 -37.506655 -4344.383070 -0.605751 0.785648 -0.125794 -0.574095 -0.322110 0.752769 -0.550891 -0.528208 -0.646154
-54.711701 -88.219737 2154.673162 5274.416928 -0.049269 0.988554 0.142595 0.937810 0.094907 -0.333923 0.343634 -0.117275 0.931752
-45.589296 -74.052094 237.991580 3907.647624 0.261441 0.963944 -0.049611 0.882398 -0.259523 -0.392455 0.391180 -0.058828 0.918432
66.186951 -46.043842 -13781.783730 -5389.245575 0.554940 0.823240 0.119654 -0.105506 0.212322 -0.971487 0.825173 -0.526493 -0.204683
83.196968 -52.188017 -9886.190442 -2713.486893 0.414908 0.874758 0.250299 -0.048131 0.295812 -0.954033 0.908589 -0.383789 -0.164838
103.288244 -66.704326 -8269.330844 -8426.967986 0.285511 0.917053 0.278383 -0.077486 0.311611 -0.947045 0.955238 -0.248821 -0.160028
28.873552 -7.244612 8217.134130 -4562.893532 0.598285 0.248356 -0.761823 0.257092 0.840990 0.476067 0.758920 -0.480682 0.439301
18.072142 -12.754867 10756.096395 -8770.037628 0.567897 0.550816 -0.611632 0.060341 0.713225 0.698333 0.820885 -0.433488 0.371802
40.577703 -12.324340 14218.435607 397.253562 0.561322 0.294096 -0.773579 0.248174 0.831896 0.496346 0.789511 -0.470592 0.393975
36.890377 -7.196166 8562.738473 -10673.566740 0.536606 -0.030995 -0.843263 0.481988 0.831523 0.276147 0.692634 -0.554625 0.461140
