13171
26331
-40.268336 -57.210717 -31.641909 6214.844413 -0.207835 -0.943443 0.258303 0.972916 -0.226700 -0.045186 0.101188 0.241915 0.965007
-43.365276 -66.966305 -1124.451033 5102.280119 -0.189751 -0.934945 0.299788 0.981399 -0.171539 0.086202 -0.029169 0.310569 0.950103
-39.691984 -74.596079 2588.553950 10727.075642 0.261701 -0.943265 0.204362 0.964933 0.251235 -0.076055 0.020397 0.217099 0.975936
-37.337478 -57.371814 -515.890223 4586.523816 -0.439680 -0.831311 0.340005 0.894115 -0.440991 0.078008 0.085090 0.338302 0.937183
-32.281840 -50.623160 -2722.236603 6176.996089 0.093960 0.975830 -0.197298 0.978146 -0.127404 -0.164313 0.185479 0.177548 0.966475
-33.540228 -49.129343 -218.077947 3985.486662 -0.545482 -0.770600 0.329583 0.818687 -0.574101 0.012672 0.179449 0.276738 0.944041
0.037575 -81.725316 -9953.475794 -534.387534 0.408480 0.862165 -0.299691 -0.465718 -0.085516 -0.880792 0.785016 -0.499357 -0.366594
-21.219357 -77.236611 -4974.816976 312.837368 0.376913 0.904489 -0.199592 -0.344655 -0.063057 -0.936609 0.859738 -0.421811 -0.287969
3.423803 -77.388141 -10159.004405 120.580746 0.449294 0.865406 -0.221829 -0.266600 -0.107111 -0.957837 0.852678 -0.489490 -0.182593
29.736996 -86.119910 -12119.718367 -854.151979 0.393024 0.880050 -0.266542 -0.368186 -0.115004 -0.922612 0.842598 -0.460745 -0.278823
75.925432 -106.250710 -2028.110627 -88.877624 -0.127755 0.990933 -0.041598 -0.609055 -0.111485 -0.785254 0.782771 0.074984 -0.617775
76.414100 -90.855118 -3135.846674 983.503004 -0.223817 0.972654 0.062053 -0.638771 -0.098304 -0.763091 0.736123 0.210430 -0.643306
78.841285 -99.286523 -3099.248121 996.497963 -0.127419 0.991161 0.036948 -0.773960 -0.076062 -0.628650 0.620283 0.108698 -0.776810
74.297415 -111.508310 -766.619769 -41.257007 -0.050776 0.995779 -0.076462 -0.756848 -0.088318 -0.647596 0.651615 -0.024988 -0.758138
30.263717 -44.910387 -5472.374359 4412.770920 0.709276 -0.077868 0.700617 -0.550038 -0.682745 0.480955 -0.440892 0.726495 0.527085
45.349093 -47.533826 -5983.345875 5722.803736 0.680342 -0.164736 0.714141 -0.640096 -0.608136 0.469518 -0.356948 0.776551 0.519188
40.910838 -34.492734 -5183.980258 3385.565082 0.718205 -0.151101 0.679227 -0.574941 -0.678705 0.456950 -0.391949 0.718699 0.574323
26.856064 -31.045996 -1265.372198 1573.436880 0.785076 -0.038355 0.618210 -0.433867 -0.746371 0.504668 -0.442057 0.664424 0.602599
31.261020 -24.477910 -2357.787925 990.538366 0.750456 -0.151171 0.643399 -0.526996 -0.724365 0.444490 -0.398862 0.672639 0.623270
0.827228 -41.737039 1759.053315 -2306.246485 0.365737 0.930458 -0.021997 0.778152 -0.318665 -0.541232 0.510604 -0.180832 0.840585
-0.761705 -44.509170 184.428874 -6579.416912 0.376287 0.926468 0.008040 0.752394 -0.300500 -0.586177 0.540659 -0.226620 0.810143
-1.785153 -43.720879 -714.561599 -7410.871351 0.369753 0.928890 0.021136 0.782025 -0.298847 -0.546926 0.501717 -0.218757 0.836914
14.809622 -51.768341 652.051705 1199.704621 -0.002183 0.999900 0.013985 0.989990 0.004134 -0.141077 0.141121 -0.013537 0.989900
12.472018 -51.206568 4304.687181 866.472388 0.036630 0.998045 -0.050635 0.996390 -0.040359 -0.074691 0.076588 0.047716 0.995920
10.008989 -48.535398 1934.353707 2680.240208 0.005291 0.999538 -0.029915 0.969371 -0.012473 -0.245285 0.245545 0.027701 0.968989
4.126732 -49.066923 3089.740331 1941.188469 0.049231 0.996768 -0.063488 0.989986 -0.057119 -0.129097 0.132306 0.056497 0.989597
3.856834 -46.220030 2366.268190 2472.991158 0.016863 0.998300 -0.055800 0.968299 -0.030216 -0.247960 0.249224 0.049850 0.967162
6.141381 -43.813843 2231.365205 2300.940429 -0.026007 0.998681 -0.044276 0.948480 0.010661 -0.316659 0.315769 0.050231 0.947506
17.059583 -62.037526 -1263.028378 -2883.641029 0.168707 0.980757 -0.098252 -0.718251 0.054058 -0.693681 0.675021 -0.187598 -0.713550
15.957215 -64.829837 -993.240089 -4295.086885 0.117365 0.988467 -0.095703 -0.772115 0.030219 -0.634764 0.624551 -0.148393 -0.766756
10.498948 -76.121478 -1038.395831 -8933.397095 0.206446 0.974667 -0.086047 -0.812181 0.121657 -0.570580 0.545657 -0.187679 -0.816722
13.007405 -66.561685 -2045.283267 -5138.308953 0.246431 0.964312 -0.096815 -0.734183 0.120539 -0.668165 0.632650 -0.235737 -0.737687
7.675528 -85.193068 -181.287254 -7509.982902 0.239721 0.968183 -0.071801 -0.889480 0.189392 -0.415880 0.389049 -0.163561 -0.906581
9.689117 -74.334792 -1002.474811 -8014.989646 0.262694 0.961728 -0.077913 -0.810062 0.175954 -0.559321 0.524205 -0.210044 -0.825282
0.902511 -119.572916 -1005.205334 -13384.155437 0.035053 0.943814 0.328613 0.752034 -0.241467 0.613302 -0.658192 -0.225630 0.718244
0.333335 -103.620655 -686.434071 -12539.523862 0.034375 0.948921 0.313634 0.671298 -0.254409 0.696157 -0.740390 -0.186612 0.645755
-0.464395 -94.136856 -1195.534011 -10292.087483 0.021344 0.950471 0.310080 0.587433 -0.262889 0.765384 -0.808991 -0.165814 0.563949
1.843455 -134.613320 -580.770834 -12807.985317 0.065491 0.943470 0.324925 0.805439 -0.242202 0.540931 -0.589049 -0.226281 0.775769
1.248037 -134.186371 -1438.073731 -7578.297706 0.063614 0.936985 0.343530 0.905647 -0.198805 0.374540 -0.419233 -0.287291 0.861224
0.087616 -107.054726 -354.645926 -11286.547228 0.042998 0.954526 0.295009 0.591326 -0.262321 0.762576 -0.805286 -0.141657 0.575715
5.095644 -83.347905 560.394780 3084.076014 -0.003674 0.954017 0.299732 0.106566 -0.297653 0.948708 -0.994299 -0.035426 0.100572
6.203097 -93.164635 365.654888 3160.998345 -0.009876 0.951401 0.307798 -0.098031 -0.307251 0.946566 -0.995134 0.020825 -0.096301
4.145723 -85.987345 679.214303 3708.480468 0.014161 0.947583 0.319195 0.027297 -0.319475 0.947202 -0.999527 0.004700 0.030391
2.035058 -88.897997 1111.801272 2770.060023 0.030030 0.946454 0.321438 -0.055917 -0.319489 0.945939 -0.997984 0.046381 -0.043328
2.533865 -79.099471 763.319223 5348.232606 0.025326 0.948081 0.317020 0.183524 -0.316141 0.930792 -0.982689 -0.034607 0.182002
3.149879 -78.103579 503.027628 4393.525382 0.003921 0.951663 0.307118 0.205306 -0.301344 0.931151 -0.978690 -0.059402 0.196563
-6.947811 -32.224878 2415.942843 -4942.058788 -0.556291 -0.598931 -0.576040 -0.349421 0.797531 -0.491782 0.753953 -0.072294 -0.652938
-12.402057 -25.488088 -2908.110812 -1088.832712 0.452719 0.778868 0.434062 -0.443652 0.619033 -0.648052 0.773446 -0.100813 -0.625794
-5.033307 -20.444018 1981.991014 -1297.757946 -0.515160 -0.694728 -0.501960 -0.380143 0.710101 -0.592662 0.768181 -0.114500 -0.629911
-0.504280 -104.147115 1941.170089 9743.329408 0.780367 -0.328478 0.532099 -0.569185 -0.725495 0.386891 -0.258950 0.604780 0.753117
4.663595 -95.656823 1507.034086 6391.058367 0.793746 -0.300346 0.528923 -0.484025 -0.838515 0.250223 -0.368357 0.454626 0.810943
3.812695 -113.733794 491.328063 7361.097907 0.756184 -0.331816 0.563990 -0.576412 -0.745742 0.334092 -0.309734 0.577726 0.755181
2.004133 -90.788338 1999.687102 6186.424573 0.816895 -0.271532 0.508874 -0.455547 -0.844875 0.280469 -0.353779 0.460930 0.813870
-2.312616 -121.488887 2182.008622 7184.687295 0.757157 -0.367383 0.540132 -0.645161 -0.550155 0.530186 -0.102375 0.749906 0.653575
-4.917509 -112.772481 759.064935 6623.466187 0.774188 -0.307540 0.553220 -0.619336 -0.548404 0.561850 -0.130596 0.777607 0.615038
-3.152176 -97.665215 1611.267128 7262.663770 0.802645 -0.291452 0.520401 -0.537872 -0.730768 0.420322 -0.257788 0.617279 0.743312
-2.190846 -47.189216 -1809.067284 3481.365449 0.330668 0.943711 0.008269 0.929710 -0.327243 0.168972 -0.162167 0.048186 0.985586
-1.159053 -41.033960 -766.061638 555.605133 -0.280580 -0.957436 0.067756 0.956189 -0.272676 0.106535 -0.083525 0.094679 0.991998
-2.941909 -41.867287 -952.318936 -628.130739 0.239643 0.970624 -0.021466 0.969703 -0.238219 0.054115 -0.047412 0.033784 0.998304
-0.483235 -52.368165 1223.669707 5063.507940 0.338083 0.939491 -0.055291 0.925512 -0.321249 0.200566 -0.170668 0.118981 0.978119
-2.527218 -42.988604 -2447.487542 3224.608260 0.278973 0.960185 0.014765 0.958368 -0.279354 0.059100 -0.060872 0.002337 0.998143
-1.363147 -44.774465 -3154.408459 4997.935894 0.359653 0.932020 0.044604 0.920362 -0.362210 0.147433 -0.153567 0.011973 0.988066
1.323424 -50.718527 -2650.364931 2559.190344 0.330815 0.943350 0.025552 0.903635 -0.324461 0.279588 -0.272039 0.069402 0.959780
3.273585 -54.121265 2467.524455 4561.967061 0.333093 0.940472 -0.067539 0.905431 -0.299047 0.301273 -0.263141 0.161504 0.951143
-0.963355 -98.449339 722.149506 -558.565953 -0.679789 0.202022 -0.705034 -0.039213 0.949927 0.310003 0.732358 0.238383 -0.637828
0.992711 -95.694670 -91.622803 -1421.895269 -0.669492 0.226479 -0.707451 -0.023194 0.945549 0.324652 0.742457 0.233761 -0.627785
1.536027 -105.154578 327.889607 -3951.767224 -0.675556 0.234267 -0.699102 -0.181579 0.866116 0.465696 0.714600 0.441546 -0.542572
15.366077 -102.076636 -4037.256591 -10104.535778 0.751619 0.012709 0.659476 0.251117 0.919008 -0.303914 -0.609926 0.394033 0.687552
16.553125 -149.659434 -1252.878905 -36794.633063 0.751850 -0.023189 0.658927 0.366742 0.845222 -0.388715 -0.547926 0.533911 0.643985
18.389862 -103.820499 230.231980 -8987.806736 0.800090 -0.020014 0.599546 0.281051 0.895472 -0.345168 -0.529968 0.444668 0.722083
14.893581 -98.572651 555.072718 6142.394157 0.799100 -0.034548 0.600205 0.207577 0.952807 -0.221520 -0.564227 0.301605 0.768559
10.196288 -96.586229 -2376.295512 4198.159599 0.753125 -0.020990 0.657543 0.188138 0.964620 -0.184694 -0.630402 0.262806 0.730428
5.493401 -109.514093 -2843.308568 -11995.492704 0.724683 -0.047169 0.687466 0.262301 0.941432 -0.211906 -0.637207 0.333888 0.694612
-27.324612 -31.171705 -932.087901 -1302.457193 -0.377638 0.885575 0.270457 -0.599759 -0.011405 -0.800099 0.705463 0.464356 -0.535439
-25.725113 -32.447026 716.246381 -1606.743139 -0.701971 0.327066 -0.632664 -0.166351 0.788450 0.592177 0.692505 0.520936 -0.499062
-25.238968 -31.811607 -1215.898454 1579.470632 -0.264373 -0.468982 -0.842712 -0.603425 0.762069 -0.234798 0.752320 0.446439 -0.484466
-24.626877 -34.826689 -1802.998206 121.174598 -0.140761 0.874129 0.464849 -0.668029 0.262673 -0.696232 0.730700 0.408535 -0.546970
-21.041035 -35.636595 23.970326 995.635591 0.135153 0.660890 0.738213 -0.592564 0.651039 -0.474360 0.794105 0.373327 -0.479609
-2.034354 -464.019097 -2278.585009 -83521.372497 -0.682618 -0.056396 -0.728596 0.727650 -0.144568 -0.670541 -0.067516 -0.987887 0.139721
-0.892143 -383.875898 -1923.927497 -2343.922383 -0.679917 -0.014235 -0.733151 0.685778 0.341688 -0.642618 0.259657 -0.939706 -0.222558
-2.674709 -355.893078 -912.078040 -19684.897597 -0.664500 -0.039732 -0.746231 0.722360 0.221617 -0.655043 0.191404 -0.974324 -0.118564
6.331651 -674.988528 451.745170 -159193.658017 -0.672498 -0.048936 -0.738479 0.739800 -0.072804 -0.668877 -0.021032 -0.996145 0.085163
-305.439993 -9664.153983 99452.386803 -1688230.388999 0.727039 -0.435592 0.530730 0.422584 -0.325345 -0.845915 -0.541145 -0.839291 0.052464
174.050208 -9358.696940 -76559.868895 4796020.867437 0.723762 -0.542051 0.427024 -0.622470 -0.779941 0.064991 -0.297825 0.312847 0.901902
99.355354 -2841.784838 -50420.845394 41753.112660 0.696496 -0.513781 0.500922 0.191797 0.805988 0.559998 -0.691453 -0.293960 0.659909
12.058328 -4461.027213 -20607.863065 -159015.149045 0.734381 -0.503939 0.454676 0.000658 0.670414 0.741987 -0.678737 -0.544602 0.492671
21.546129 -165.570030 260.566067 -9848.568211 0.713764 -0.406138 0.570607 0.669236 0.155222 -0.726656 -0.206552 -0.900532 -0.382594
-46.592942 -5352.142316 57545.298507 -747285.821528 -0.643464 0.483122 -0.593757 0.705136 0.675958 -0.214160 0.297889 -0.556484 -0.775621
274.058482 -8537.642357 107073.331427 -4774631.320878 -0.604119 0.409207 -0.683805 0.590531 0.806055 -0.039349 0.535083 -0.427579 -0.728603
1.949144 -51.275736 -642.723144 -1107.286432 0.256963 0.961841 0.093974 0.672605 -0.108168 -0.732054 0.693954 -0.251319 0.674734
1.275682 -57.600431 331.603829 -3544.810121 0.258802 0.963978 0.061378 0.603586 -0.111783 -0.789423 0.754126 -0.241351 0.610774
1.335369 -53.838681 881.283605 -2227.924943 0.237981 0.967738 0.082757 0.623817 -0.086984 -0.776715 0.744458 -0.236468 0.624392
-6.093891 -29.852667 672.604895 519.638023 0.890112 -0.397670 0.222620 0.280330 0.862884 0.420531 -0.359328 -0.311912 0.879542
-10.275753 -30.283059 1688.425967 215.300515 0.901572 -0.342396 0.264448 0.199463 0.871389 0.448215 -0.383904 -0.351351 0.853915
-5.311670 -29.624408 919.636656 1100.503772 0.892922 -0.394263 0.217364 -0.246375 -0.832014 -0.497043 -0.376816 -0.390267 0.840060
-1.721868 -28.137593 1274.017031 1367.276859 0.855583 -0.497381 0.143491 -0.376738 -0.788368 -0.486358 -0.355029 -0.362062 0.861897
-188.856733 -2032.848371 -53141.376763 635573.131855 -0.120159 -0.403117 0.907226 0.992584 -0.065704 0.102270 0.018382 0.912787 0.408023
-733.987425 -1731.887580 -105404.841614 156225.469684 0.752221 0.388465 -0.532220 0.658372 -0.475751 0.583272 0.026624 0.789149 0.613625
5.225237 -144.793222 -12403.850505 -15117.116442 0.805290 0.191201 -0.561204 0.582875 -0.428489 0.690401 0.108465 0.883085 0.456504
-21.071027 -196.545749 2704.449622 57749.469165 -0.509743 -0.336976 0.791587 0.853919 -0.310262 0.417804 0.104810 0.888923 0.445904
-33.099584 -929.661695 -2717.326072 266523.571103 -0.127096 -0.396644 0.909132 0.973915 0.123799 0.190165 -0.187977 0.909587 0.370563
-15.907582 -173.341332 2409.544303 30045.329886 -0.222884 0.205859 0.952861 -0.337168 0.900845 -0.273488 -0.914681 -0.382230 -0.131375
-13.220820 -136.921417 916.384678 21281.266001 -0.203191 0.152510 0.967189 -0.332774 0.918240 -0.214702 -0.920855 -0.365481 -0.135827
-23.735915 -127.481413 -2808.009060 30626.394999 -0.297739 0.244174 0.922892 -0.066606 0.959067 -0.275233 -0.952321 -0.143418 -0.269288
-26.508652 -156.827730 4164.889458 42846.662401 -0.290755 0.342428 0.893423 0.066152 0.938724 -0.338263 -0.954508 -0.039250 -0.295591
-21.381099 -79.339897 -6066.609309 16102.361319 -0.314076 0.533382 0.785404 0.183335 0.845768 -0.501063 -0.931528 -0.013380 -0.363423
-38.912184 -61.249396 -9259.515302 14532.346982 -0.294820 0.366149 0.882619 0.086936 0.930121 -0.356816 -0.951590 -0.028465 -0.306050
1.365305 -77.808396 -702.709807 364.690700 0.046972 0.988808 0.141604 0.894542 -0.104723 0.434543 -0.444509 -0.106259 0.889450
0.901399 -78.633126 552.332658 307.089028 0.079156 0.990638 0.111225 0.947402 -0.109468 0.300744 -0.310104 -0.081569 0.947197
1.121422 -76.312222 -145.245002 1414.800711 0.072483 0.988450 0.133089 0.964694 -0.103358 0.242245 -0.253203 -0.110832 0.961044
-19.402988 -28.227750 -7285.753212 -2966.498973 0.096922 0.888235 -0.449048 -0.590218 0.414575 0.692654 -0.801404 -0.197903 -0.564434
-29.964551 -35.949858 4721.942046 -5674.812042 -0.504817 -0.303537 0.808099 -0.278275 0.943386 0.180516 -0.817143 -0.133746 -0.560704
-26.584333 -34.653711 -7473.510139 7203.744370 -0.400834 0.882844 0.244784 -0.486561 -0.431532 0.759630 -0.776267 -0.185383 -0.602530
-14.599330 -34.627692 -6269.036616 8057.312446 -0.243931 0.967448 -0.067391 -0.595840 -0.094681 0.797503 -0.765162 -0.234689 -0.599540
-28.331521 -41.552166 -6399.417676 4328.134480 -0.485315 0.796055 0.361615 -0.484331 -0.589099 0.646828 -0.727938 -0.138774 -0.671453
-22.538789 -42.326392 -6673.609869 5549.638958 -0.341485 0.935254 0.093208 -0.611550 -0.296402 0.733589 -0.713719 -0.193508 -0.673171
77.992749 -104.600434 -3444.778706 3546.207689 -0.046466 0.997978 -0.043362 -0.885805 -0.061230 -0.460000 0.461725 -0.017036 -0.886860
66.262269 -107.660131 -2147.967814 5038.090867 0.025055 0.984925 -0.171158 -0.882915 -0.058498 -0.465875 0.468865 -0.162791 -0.868139
42.394731 -44.977833 10798.043741 -6239.681565 0.213044 0.859374 -0.464853 -0.408154 0.510553 0.756800 -0.887706 -0.028500 -0.459527
36.828103 -57.364597 9296.396671 -3530.544971 0.206913 0.858365 -0.469464 -0.255444 0.510602 0.820996 -0.944423 0.049953 -0.324914
56.441735 -57.575192 6791.726067 -7123.472319 0.061623 0.826102 -0.560141 -0.332318 0.546169 0.768937 -0.941152 -0.138761 -0.308186
66.053429 -38.497867 10680.146032 -7093.180044 0.099982 0.840084 -0.533163 -0.456813 0.514792 0.725473 -0.883926 -0.171022 -0.435231
-6.721762 -46.545351 836.703116 -2518.764004 -0.161663 0.946936 0.277806 -0.837606 -0.280517 0.468750 -0.521806 0.156912 -0.838509
-5.171125 -41.311758 -313.181649 -190.687026 -0.145980 0.962611 0.228190 -0.791713 -0.251983 0.556502 -0.593195 0.099423 -0.798896
-5.520086 -41.339813 62.243517 508.458687 -0.137742 0.960151 0.243179 -0.770211 -0.258199 0.583188 -0.622738 0.106970 -0.775084
-2.379313 -41.897888 -1867.606388 4973.196911 -0.143116 0.973164 0.180195 -0.703710 -0.228083 0.672882 -0.695924 0.030505 -0.717467
-4.307375 -40.893994 -771.466598 4977.541966 -0.153138 0.963014 0.221704 -0.682847 -0.265294 0.680690 -0.714331 0.047150 -0.698218
57.046416 -30.945832 17556.322254 1930.695732 -0.078915 0.982829 -0.166792 0.422539 0.184518 0.887363 -0.902902 0.000450 0.429845
51.856300 -21.149248 6702.179656 3108.649511 -0.229369 0.969741 -0.083623 0.515041 0.193821 0.834965 -0.825907 -0.148445 0.543913
66.666418 -27.756662 -4248.183322 2309.315872 -0.425330 0.902170 -0.071999 0.401987 0.259594 0.878076 -0.810864 -0.344529 0.473074
53.666014 -19.578293 -6472.345604 2245.678599 -0.481455 0.874004 -0.065713 0.436796 0.304262 0.846542 -0.759875 -0.378868 0.528250
48.035907 -24.642387 -10896.769081 2836.677640 -0.640659 0.762023 -0.094223 0.369709 0.413699 0.831967 -0.672957 -0.498171 0.546766
10.481778 -68.307012 -8063.739392 12710.543203 -0.054496 0.729729 0.681561 -0.031459 0.680982 -0.731624 0.998018 0.061312 0.014154
1.477394 -62.230444 -2786.175979 11209.782319 -0.103841 0.779569 0.617648 -0.096776 0.610139 -0.786362 0.989874 0.141430 -0.012086
-2.659721 -81.148864 -3004.879811 12752.230220 -0.099999 0.791146 0.603397 0.058836 0.610078 -0.790154 0.993246 0.043513 0.107555
0.837741 -93.840252 -6437.246719 13658.167021 -0.070318 0.753562 0.653605 0.167769 0.654827 -0.736923 0.983315 -0.057835 0.172470
-9.375997 -105.285891 -1334.660848 9170.820029 -0.130916 0.809735 0.572006 0.272974 0.584111 -0.764395 0.953072 -0.056071 0.297506
2.444053 -110.566444 -61.246154 10501.702024 -0.298285 0.814912 0.496936 0.458442 -0.334331 0.823440 -0.837172 -0.473436 0.273864
1.464314 -100.832567 -984.760989 9489.114963 -0.303978 0.810227 0.501127 0.462160 -0.334562 0.821265 -0.833070 -0.481248 0.272755
2.311921 -125.144149 -269.592783 13052.878226 -0.311888 0.828399 0.465276 0.211463 -0.416898 0.884014 -0.926288 -0.374102 0.045150
0.526003 -92.856288 -535.655527 284.089890 -0.256790 0.774668 0.577883 0.641556 -0.310561 0.701398 -0.722818 -0.550856 0.417243
4.982304 -127.759291 -1319.605533 16753.092218 -0.308993 0.829232 0.465723 0.330439 -0.365575 0.870152 -0.891815 -0.422764 0.161051
1.704621 -100.765851 -415.657413 9022.145729 -0.271182 0.799817 0.535494 0.580427 -0.307921 0.753849 -0.767831 -0.515246 0.380733
2.843820 -79.979689 2773.394803 -12236.087672 0.263077 -0.664742 -0.699220 0.960798 0.114777 0.252377 -0.087511 -0.738203 0.668878
-3.524382 -79.846805 4232.571265 -13998.920693 0.249575 -0.656145 -0.712170 0.965229 0.109515 0.237357 -0.077747 -0.746646 0.660663
-3.052582 -54.486570 2899.783384 -9751.478579 0.295698 -0.662677 -0.688057 0.932393 0.043488 0.358820 -0.207860 -0.747642 0.630734
28.145237 -76.171106 3053.896144 9530.979911 0.823883 0.271047 0.497745 -0.335142 -0.475238 0.813529 -0.457051 0.837068 0.300701
19.578654 -84.337207 6176.983464 9209.306928 0.870279 0.202990 0.448787 -0.328067 -0.440743 0.835534 -0.367405 0.874380 0.316975
21.137347 -64.951982 7260.329790 6738.036526 0.844934 0.154628 0.512032 -0.343368 -0.577186 0.740915 -0.410104 0.801839 0.434590
32.242633 -53.030574 2985.843479 5971.416898 0.765390 0.232545 0.600085 -0.364630 -0.611641 0.702097 -0.530305 0.756187 0.383351
21.677980 -46.958554 5102.673829 3970.988601 0.771387 0.081200 0.631165 -0.390552 -0.722661 0.570290 -0.502425 0.686417 0.525738
-5.436803 -42.166284 1618.949082 -1662.902939 -0.234886 0.816244 0.527802 0.876956 0.412158 -0.247130 0.419256 -0.404812 0.812620
11.585757 -37.880960 6974.923911 -1312.110689 -0.114522 0.882177 0.456780 0.878049 0.304958 -0.368823 0.464666 -0.358837 0.809519
-0.210938 -40.403355 -2184.643611 -651.063203 0.204388 -0.834348 -0.511947 0.897654 0.368350 -0.241943 0.390440 -0.410101 0.824242
-8.172875 -43.033788 -436.325631 348.544073 0.250929 -0.799282 -0.546061 0.899112 0.401453 -0.174451 0.358653 -0.447195 0.819380
-9.538781 -44.179647 -644.081038 -1829.259798 0.208258 -0.811343 -0.546215 0.884280 0.394827 -0.249318 0.417943 -0.431085 0.799681
23.357911 -52.223131 -1427.636452 296.065634 -0.097728 0.976476 0.192209 -0.816575 -0.189080 0.545393 -0.568906 0.103653 -0.815845
19.427700 -52.746263 -4490.232334 667.753406 -0.121246 0.986107 0.113545 -0.817651 -0.164075 0.551839 -0.562802 0.025932 -0.826185
22.438403 -51.949931 -537.350448 -31.838509 -0.097668 0.972712 0.210456 -0.887203 -0.180913 0.424432 -0.450924 0.145264 -0.880662
24.040422 -52.293808 3559.254363 532.733902 -0.076593 0.958109 0.275973 -0.822214 -0.217261 0.526081 -0.564001 0.186614 -0.804411
-1.215018 -101.811039 3893.274153 3844.962900 0.811069 -0.037452 0.583751 0.104760 0.991114 -0.081966 -0.575494 0.127634 0.807785
7.055200 -126.350418 3423.261855 17855.638194 0.788217 -0.074312 0.610894 0.062969 0.997211 0.040059 -0.612167 0.006892 0.790699
6.202116 -97.195825 3033.044264 4402.575444 0.789025 -0.079117 0.609246 0.183268 0.976833 -0.110496 -0.586390 0.198839 0.785245
1.136127 -127.576608 2644.856546 15037.284851 0.795488 -0.048308 0.604040 -0.018012 0.994492 0.103255 -0.605701 -0.093018 0.790236
-3.540323 -100.744564 2340.012874 7123.492610 0.796725 -0.019624 0.604023 0.040473 0.998961 -0.020929 -0.602985 0.041121 0.796692
-38.758333 -131.860901 4010.434775 17885.923771 0.495868 0.439797 0.748795 0.707750 0.294973 -0.641936 -0.503196 0.848275 -0.164998
-25.707648 -122.966848 2784.284006 8774.825573 0.462346 0.380003 0.801145 0.783790 0.247337 -0.569648 -0.414620 0.891304 -0.183487
-46.288528 -102.325482 -1452.284399 -4927.502603 0.764468 0.466625 0.444804 -0.532626 0.068469 0.843576 -0.363178 0.881801 -0.300879
-36.630608 -121.944089 -2816.427248 11939.887960 0.582041 0.536376 0.611171 0.697184 0.057672 -0.714569 -0.418525 0.842007 -0.340385
-28.112761 -136.734587 -1716.192375 16372.844473 0.407304 0.501909 0.763014 0.702264 0.362010 -0.613004 -0.583891 0.785516 -0.205025
-132.846107 -2690.095913 62061.056074 -273130.012593 0.740515 0.604940 0.292720 -0.102329 -0.328993 0.938772 -0.664204 0.725128 0.181721
-108.567010 -3468.026009 5827.943445 -847526.860065 0.656582 0.662286 0.360939 0.164241 -0.592593 0.788580 -0.736156 0.458486 0.497861
744.959946 -6733.306045 382515.123396 -6952752.793850 0.742897 0.604183 0.288212 -0.641451 0.519390 0.564602 -0.191428 0.604315 -0.773407
-234.346958 -1714.967306 -84852.118324 552621.615668 -0.753199 -0.560590 -0.344137 -0.293134 0.754400 -0.587327 0.588866 -0.341496 -0.732541
-426.275416 -2210.956675 -129531.164630 371777.445389 -0.815477 -0.479496 -0.324162 -0.254904 0.800359 -0.542632 0.519636 -0.359874 -0.774900
25580.774387 -4774.969139 60181658.776422 360480.014099 -0.400420 0.748974 0.527922 0.903052 0.420274 0.088699 -0.155439 0.512258 -0.844648
2.946608 -32.147362 -1933.676812 -3110.143807 -0.636636 0.038170 -0.770219 -0.055988 0.993851 0.095530 0.769129 0.103941 -0.630584
-0.675354 -32.797269 -1971.550243 -2349.627146 -0.639226 0.236492 -0.731753 0.053186 0.962857 0.264720 0.767178 0.130297 -0.628061
13.341810 -29.241028 -3406.421200 3790.519502 -0.627738 0.094505 -0.772667 -0.169734 0.952101 0.254348 0.759694 0.290812 -0.581629
5.939860 -50.954408 -519.096430 -979.190047 0.148265 -0.806364 -0.572534 0.970654 0.229493 -0.071859 0.189337 -0.545078 0.816726
7.497816 -52.426877 168.060738 -1151.231113 0.142756 -0.805497 -0.575148 0.960885 0.252124 -0.114601 0.237320 -0.536291 0.809982
6.357132 -52.871328 -112.376197 -439.549213 0.134794 -0.809290 -0.571734 0.935352 0.294357 -0.196141 0.327029 -0.508334 0.796649
27.700786 -147.338149 -2818.323842 2558.929530 0.104369 -0.884353 -0.455003 0.980011 0.169362 -0.104380 0.169370 -0.435013 0.884351
18.512777 -137.330433 -4350.315714 22477.793898 0.087290 -0.918234 -0.386299 0.993738 0.107414 -0.030772 0.069750 -0.381194 0.921860
21.835220 -107.666911 -3032.412765 48.032191 0.192147 -0.888191 -0.417368 0.949518 0.275728 -0.149632 0.247981 -0.367548 0.896334
36.508638 -200.710206 2598.068952 -53917.718009 0.189951 -0.836074 -0.514683 0.918995 0.335888 -0.206463 0.345494 -0.433773 0.832151
16.312042 -107.728588 -644.810878 13405.529115 0.068909 0.813657 0.577247 0.944050 0.133880 -0.301406 -0.322523 0.565720 -0.758907
14.996788 -91.204466 -167.148652 2586.693143 0.133680 0.803588 0.579979 0.976196 -0.005916 -0.216808 -0.170793 0.595157 -0.785251
5.486951 -116.046284 -63.667350 -6610.791012 0.176662 0.779953 0.600386 0.944893 0.036421 -0.325347 -0.275622 0.624777 -0.730538
19.485875 -97.447506 1840.825215 11991.684424 0.075142 0.804208 0.589579 0.971252 0.074906 -0.225961 -0.225883 0.589609 -0.775460
13.057652 -113.114468 -3124.334886 9256.120069 0.045541 0.804096 0.592753 0.901691 0.222311 -0.370852 -0.429976 0.551369 -0.714921
14.312490 -126.816691 629.659574 -16438.410732 0.076171 0.812939 0.577345 -0.833626 -0.265759 0.484189 -0.547051 0.518172 -0.657445
-51.001857 -76.460209 -843.352492 4168.742206 0.057183 -0.954042 0.294167 0.982714 0.105754 0.151953 -0.176078 0.280392 0.943598
-45.739432 -74.257301 -698.209723 3561.660493 -0.242124 -0.902329 0.356621 0.952275 -0.150591 0.265507 -0.185871 0.403887 0.895727
-41.550819 -65.448327 -373.088065 4324.261809 -0.413250 -0.830421 0.373664 0.910380 -0.367384 0.190359 -0.020800 0.418842 0.907821
79.270230 -98.951240 -4320.089068 -1390.285107 -0.224335 0.973205 -0.050450 -0.189518 -0.094350 -0.977334 0.955906 0.209689 -0.205605
76.542084 -94.342237 -5426.962455 4139.824831 -0.331104 0.943496 -0.013654 -0.301238 -0.119405 -0.946044 0.894218 0.309126 -0.323752
77.293902 -100.660671 -2265.791064 432.358017 -0.204380 0.978650 -0.021754 -0.426387 -0.109006 -0.897949 0.881148 0.174247 -0.439562
75.840460 -97.504923 709.880233 -794.053455 -0.110131 0.989901 -0.089255 -0.273312 -0.116502 -0.954844 0.955600 0.080764 -0.283383
75.561620 -93.940879 -2501.254100 -6506.319738 -0.102438 0.990758 -0.088914 -0.020495 -0.091467 -0.995597 0.994528 0.100165 -0.029675
-4.514632 -84.416148 -10953.224244 -2081.278231 0.351963 0.852836 -0.385738 -0.652570 -0.071862 -0.754313 0.671025 -0.517211 -0.531243
25.416875 -92.593232 -12312.353433 -2904.819039 0.337540 0.871184 -0.356518 -0.574022 -0.109673 -0.811462 0.746033 -0.478551 -0.463060
21.990386 -91.887637 -12400.297840 -1172.134588 0.276965 0.864268 -0.419917 -0.753236 -0.076051 -0.653339 0.596595 -0.497249 -0.629935
-8.018547 -81.700218 -11402.013967 -434.560583 0.275670 0.848358 -0.451990 0.813321 0.044777 0.580089 0.512362 -0.527527 -0.677644
-23.185171 -78.272116 -6613.088652 -509.392017 0.298025 0.886346 -0.354362 -0.721280 -0.034061 -0.691805 0.625248 -0.461770 -0.629153
32.641880 -65.356169 -7265.788043 -7334.977772 0.636194 -0.105694 0.764255 0.671570 0.563496 -0.481110 -0.379804 0.819330 0.429473
45.895946 -65.406429 -5507.574519 -7516.655448 0.664631 -0.198840 0.720228 0.694292 0.520542 -0.496986 -0.276088 0.830360 0.484022
-1.003772 -36.646777 896.515851 2361.546435 0.424833 0.904298 -0.041973 0.820916 -0.404376 -0.403209 0.381594 -0.136840 0.914145
-0.676521 -36.416524 1590.929523 1579.432627 0.399843 0.915781 -0.038365 0.827563 -0.378687 -0.414411 0.394038 -0.133950 0.909281
1.830210 -37.495271 2497.655621 3836.342179 0.414648 0.907764 -0.063498 0.766541 -0.386039 -0.513213 0.490389 -0.164129 0.855909
-1.871772 -39.541174 724.388184 -1553.966596 0.390339 0.920659 -0.004724 0.879326 -0.374326 -0.294391 0.272802 -0.110758 0.955673
-1.100600 -40.496026 1235.837278 -1715.738606 0.406966 0.912969 -0.029434 0.879154 -0.400231 -0.258657 0.247926 -0.079388 0.965521
13.377602 -49.807122 -1901.621452 902.623129 -0.039412 0.997764 0.053985 0.979792 0.049192 -0.193874 0.196096 -0.045253 0.979540
16.820946 -51.501736 -1467.716506 -1643.677301 -0.039178 0.998350 0.041981 0.998022 0.041163 -0.047517 0.049167 -0.040036 0.997988
9.111264 -49.140518 -3376.744753 -704.205078 -0.082086 0.992218 0.093626 0.985985 0.094542 -0.137463 0.145245 -0.081030 0.986072
16.029672 -76.267188 -3096.936040 -9905.447508 0.061130 0.992750 -0.103490 -0.844429 -0.003843 -0.535654 0.532169 -0.120134 -0.838072
22.866145 -84.632681 -7153.082708 -11437.113766 -0.004687 0.993617 -0.112710 -0.907319 -0.051612 -0.417263 0.420417 -0.100308 -0.901769
9.795933 -100.478249 -2634.717279 -11925.355261 0.037630 0.996313 -0.077105 -0.953572 0.012729 -0.300895 0.298804 -0.084848 -0.950535
28.784166 -68.627574 -6723.638432 -4945.866628 -0.015633 0.994703 -0.101592 -0.848228 -0.066990 -0.525377 0.529400 -0.077960 -0.844783
23.690701 -65.458046 -4113.501008 -886.899140 -0.000596 0.996986 -0.077580 -0.804363 -0.046571 -0.592310 0.594138 -0.062050 -0.801966
20.801256 -63.089052 -1345.599548 -622.229724 0.035898 0.994911 -0.094144 -0.777497 -0.031381 -0.628103 0.627861 -0.095744 -0.772414
0.161722 -82.764014 22.357295 -4757.889901 0.013843 0.961500 0.274456 0.532696 -0.239379 0.811747 -0.846194 -0.134965 0.515501
8.975973 -94.342460 221.268805 2446.741892 -0.029909 0.958662 0.282970 -0.189016 -0.283414 0.940186 -0.981518 0.025366 -0.189679
7.706954 -97.117874 649.846981 2608.148560 -0.008267 0.947722 0.318991 -0.302169 -0.306456 0.902651 -0.953218 0.088927 -0.288906
10.750589 -95.743673 115.447896 2865.756602 -0.046423 0.958540 0.281152 -0.379005 -0.277312 0.882867 -0.924230 0.065572 -0.376165
-15.293795 -37.315515 -2672.535138 -3671.684396 0.460665 0.727637 0.508265 -0.456960 0.685352 -0.566992 0.760905 -0.028937 -0.648218
-18.945821 -31.917562 -2718.216405 2357.202433 0.249819 0.949187 0.191400 -0.555296 0.302372 -0.774737 0.793244 -0.087260 -0.602618
-14.319210 -29.632600 -2615.381413 4055.700974 0.190343 0.980611 0.046610 -0.560995 0.147610 -0.814553 0.805639 -0.128896 -0.578214
9.407439 -102.768665 -52.285446 -2194.896922 0.783519 -0.284857 0.552226 0.441010 0.881010 -0.171267 -0.437730 0.377729 0.815913
7.797682 -88.897695 645.521384 377.509720 0.818348 -0.242691 0.520967 0.372604 0.914194 -0.159421 -0.437575 0.324577 0.838557
0.269960 -40.358492 607.747555 2019.102725 0.314779 0.947882 -0.049334 0.938010 -0.302713 0.168826 -0.145093 0.099419 0.984410
-2.763428 -101.813041 835.175179 2090.367933 -0.688491 0.174289 -0.703991 0.111141 0.984584 0.135062 0.716678 0.014746 -0.697248
0.066333 -94.597746 -187.382307 877.775210 -0.669098 0.215025 -0.711387 0.099559 0.974534 0.200924 0.736475 0.063613 -0.673467
2.743716 -90.595694 392.217215 -2603.886103 -0.679820 0.260858 -0.685418 -0.018478 0.928214 0.371589 0.733146 0.265278 -0.626198
-24.321350 -33.365578 893.449059 -1042.270519 -0.578813 0.815440 -0.005763 -0.480921 -0.347055 -0.805151 0.658552 0.463260 -0.593042
-20.628833 -36.407257 2005.101480 -761.586732 -0.771935 0.525274 -0.358056 0.105078 0.660930 0.743055 0.626957 0.535966 -0.565390
-21.415636 -38.348614 1157.686593 -2208.768385 -0.732698 0.352463 -0.582172 -0.172436 0.731375 0.659816 0.658347 0.583833 -0.475099
-53.370355 -5103.228656 -14184.039591 -3636300.089433 0.568334 -0.648684 0.506168 -0.515431 0.198828 0.833545 0.641348 0.734627 0.221351
-67.767604 -3333.782168 -9103.833680 -612824.856917 -0.558870 0.601125 -0.571238 0.384531 -0.422461 -0.820770 0.734711 0.678362 -0.004949
120.349505 -673.792510 48336.560570 -335120.997355 0.224770 -0.601079 0.766931 0.944244 -0.059971 -0.323739 0.240586 0.796937 0.554085
-24.766323 -914.470126 -9439.544901 -239549.210918 0.988918 -0.028776 -0.145647 0.105457 -0.554369 0.825563 0.104498 0.831773 0.545191
-3.364565 -151.721364 2580.157404 3994.078936 -0.178961 0.197074 0.963916 -0.567909 0.779342 -0.264775 -0.803401 -0.594801 -0.027552
-23.580663 -36.273509 5177.833388 -3813.299043 -0.347792 -0.613527 0.708960 -0.409404 0.779645 0.473858 -0.843462 -0.125448 -0.522335
25.752123 -62.350043 8763.952798 -1967.381194 0.242896 0.867970 -0.433162 -0.155825 0.475647 0.865724 -0.957455 0.142784 -0.250784
31.729519 -64.390721 6697.973966 -1893.483255 0.194056 0.851790 -0.486617 -0.123051 0.513265 0.849363 -0.973242 0.104945 -0.204415
16.415218 -57.765995 8953.687294 -2832.441548 0.250095 0.872854 -0.419022 -0.234727 0.474523 0.848370 -0.939338 0.113817 -0.323558
13.216246 -49.372663 9611.969195 -4662.261835 0.271456 0.860203 -0.431697 -0.356110 0.506476 0.785282 -0.894146 0.059438 -0.443813
-8.375676 -51.543117 -669.444502 837.456626 -0.140540 0.951863 0.272406 -0.942299 -0.213032 0.258243 -0.303844 0.220394 -0.926879
-6.295344 -53.940455 126.984119 7543.622480 -0.175889 0.946401 0.270903 -0.881853 -0.273782 0.383899 -0.437491 0.171373 -0.882742
-8.357420 -55.379139 -756.263611 7089.183780 -0.152640 0.952608 0.263133 -0.874891 -0.254080 0.412321 -0.459638 0.167276 -0.872211
-6.031749 -53.036092 248.780893 1484.528131 -0.138785 0.950067 0.279483 0.960865 0.197503 -0.194243 -0.239743 0.241588 -0.940297
-9.495185 -51.768168 -1402.424353 2054.689013 -0.118944 0.952397 0.280701 -0.924733 -0.209204 0.317967 -0.361554 0.221753 -0.905596
-6.846765 -55.500728 -413.092826 6667.389204 -0.122124 0.950312 0.286345 0.984325 0.152951 -0.087802 -0.127236 0.271134 -0.954095
-9.821446 -55.601254 -837.157748 4570.437202 -0.092575 0.947945 0.304680 0.977540 0.144710 -0.153215 -0.189330 0.283653 -0.940051
79.318424 -38.619838 25319.873764 699.664639 -0.063329 0.987578 -0.143804 0.254801 0.155318 0.954438 -0.964918 -0.023802 0.261472
78.191138 -38.754187 9619.763145 971.969700 -0.301612 0.945372 -0.123700 0.289019 0.214294 0.933031 -0.908569 -0.245661 0.337864
96.505323 -39.063271 14807.815137 -195.236101 -0.308882 0.948164 -0.074680 0.211096 0.144905 0.966665 -0.927378 -0.282820 0.244912
90.905946 -37.869975 25939.898742 113.515711 -0.082549 0.992380 -0.091470 0.170374 0.104485 0.979824 -0.981916 -0.065300 0.177701
7.558650 -49.751078 -2375.406617 5149.859061 -0.108776 0.756675 0.644679 -0.198174 0.619003 -0.759975 0.974112 0.210426 -0.082620
-1.066102 -64.593159 818.272804 9760.879869 -0.132930 0.845058 0.517887 -0.123859 0.504264 -0.854621 0.983356 0.177750 -0.037636
16.159525 -47.967821 7556.943171 7177.459600 0.071832 -0.674607 -0.734674 -0.145090 0.721675 -0.676856 0.986808 0.155213 -0.046039
0.727295 -83.069611 -1110.269666 1532.858649 -0.285665 0.782736 0.552920 0.612403 -0.294687 0.733568 -0.737128 -0.548164 0.395168
0.635398 -83.998012 -792.606134 5388.206612 -0.307587 0.800877 0.513795 0.509534 -0.317394 0.799773 -0.803595 -0.507796 0.310447
1.347000 -95.706425 -2112.696453 -4273.337747 0.357715 -0.802792 -0.477037 0.931715 0.272456 0.240156 -0.062824 -0.530370 0.845435
6.099738 -92.627145 -1767.634042 -2752.480705 0.380003 -0.789786 -0.481493 0.921939 0.281184 0.266390 -0.075003 -0.545136 0.834986
3.824894 -87.300897 -1754.171560 -710.578955 0.365012 -0.798727 -0.478332 0.905725 0.185737 0.381005 -0.215475 -0.572309 0.791223
4.472168 -100.808306 -2409.857476 -6806.524347 0.389518 -0.789731 -0.473921 0.916060 0.385521 0.110490 0.095449 -0.477178 0.873608
-0.528139 -89.897996 -1195.511431 -1585.465235 0.340221 -0.805071 -0.485913 0.922414 0.185292 0.338850 -0.182762 -0.563496 0.805649
-3.596458 -99.535845 -1233.155110 -6559.260876 0.313879 -0.812333 -0.491524 0.948872 0.250112 0.192578 -0.033501 -0.526839 0.849304
-1.695387 -100.946573 -1879.165308 -5636.028876 0.340415 -0.811364 -0.475191 0.930477 0.363453 0.045994 0.135392 -0.457812 0.878680
21.018157 -90.776644 2910.458981 7614.953675 0.849082 0.278980 0.448587 -0.372825 -0.285134 0.883006 -0.374248 0.916989 0.138091
8.544492 -98.660097 5817.966935 5043.615848 0.881429 0.199617 0.428061 -0.367835 -0.278394 0.887240 -0.296278 0.939494 0.171958
-0.529681 -36.166092 2377.488779 1341.760154 -0.058365 0.781796 0.620797 -0.399131 -0.588266 0.703305 -0.915035 0.206731 -0.346373
-3.244534 -32.993231 2144.426512 1370.373677 -0.064788 0.769113 0.635820 -0.326170 -0.618484 0.714906 -0.943088 0.161068 -0.290932
1.156721 -32.805947 2454.197339 1543.230543 -0.046939 0.799135 0.599316 -0.330838 -0.578552 0.745536 -0.942519 0.163282 -0.291541
6.719872 -36.588856 3039.752973 1351.820123 -0.034420 0.819379 0.572218 -0.411629 -0.533361 0.738977 -0.910701 0.210106 -0.355638
19.418043 -52.660794 -2190.841748 354.356897 -0.132397 0.988455 0.073666 -0.820507 -0.150991 0.551335 -0.556093 -0.012551 -0.831026
14.214899 -52.711436 -4040.363611 184.266461 -0.133584 0.986575 0.093937 -0.734046 -0.162181 0.659449 -0.665831 -0.019138 -0.745857
15.715769 -51.306190 1390.950744 204.858030 -0.110983 0.989852 0.088747 -0.772916 -0.142103 0.618392 -0.624727 -0.000037 -0.780843
12.293549 -50.703267 -2629.632683 88.538388 -0.120452 0.981740 0.147233 -0.639680 -0.190174 0.744744 -0.759145 0.004476 -0.650906
11.721931 -50.428074 -1968.534353 653.058718 -0.119768 0.987140 0.105877 -0.621078 -0.157697 0.767720 -0.774544 -0.026190 -0.631978
17.601000 -50.651388 2451.923481 895.259047 -0.110753 0.988056 0.107142 -0.693548 -0.154054 0.703746 -0.711846 -0.003634 -0.702326
7.259278 -135.665538 -1211.287032 21535.728419 0.741700 -0.064853 0.667589 0.057605 0.997796 0.032931 -0.668253 0.014031 0.743801
3.459117 -189.269974 606.680217 34662.312816 0.757915 -0.026286 0.651823 -0.157519 0.962248 0.221962 -0.633050 -0.270903 0.725161
4.171430 -118.742244 -307.992319 -5966.139239 0.928274 0.098581 0.358594 -0.236381 0.900795 0.364269 0.287110 0.422906 -0.859487
5.269256 -133.170148 -709.798244 -10784.232034 0.915954 0.136462 0.377368 -0.338360 0.768210 0.543476 0.215734 0.625485 -0.749819
1.591694 -128.753352 -527.315569 -7565.233219 0.923441 0.138658 0.357813 -0.294411 0.854052 0.428856 0.246127 0.501367 -0.829489
2.395916 -103.816057 2779.181043 -2146.551140 0.870057 0.215377 0.443411 -0.469206 0.086018 0.878890 -0.151151 0.972735 -0.175896
-0.736160 -104.220373 5261.878828 192.343739 0.874485 0.193199 0.444917 -0.419508 -0.159215 0.893680 -0.243495 0.968155 0.058183
9.914804 -102.847921 3511.522308 -602.154032 0.885918 0.225397 0.405396 -0.414558 -0.007292 0.909993 -0.208066 0.974240 -0.086980
-18.318083 -120.478948 2544.235765 -580.219959 0.487403 0.348516 0.800609 0.786734 0.222480 -0.575805 -0.378797 0.910516 -0.165752
-17.793468 -117.455298 1066.241014 9930.283064 0.540519 0.384601 0.748279 0.660127 0.357534 -0.660608 -0.521606 0.851030 -0.060632
-12.263067 -120.570537 2692.966595 4977.012945 0.595767 0.355828 0.720034 0.628301 0.351964 -0.693800 -0.500299 0.865741 -0.013879
-16.955472 -119.935024 1800.229615 -3978.360260 0.598993 0.380085 0.704800 -0.518299 -0.486896 0.703064 -0.610388 0.786427 0.094649
0.931786 -3376.376713 53917.682602 1487899.270305 0.711791 0.570996 0.409045 -0.634522 0.772473 0.025837 -0.301223 -0.277938 0.912149
68.687018 -2680.606699 48609.123366 -1854831.410701 0.743166 0.526049 0.413494 0.655061 -0.697967 -0.289374 -0.136380 -0.485917 0.863299
9.011055 -87.670301 2004.813518 -7214.855529 0.868262 0.202396 0.452942 -0.484134 0.545040 0.684504 0.108330 0.813614 -0.571224
13.049757 -76.578631 -1041.530643 -5818.104541 0.898195 0.214916 0.383480 -0.428835 0.620224 0.656829 0.096680 0.754410 -0.649245
11.796578 -72.858556 364.971386 -5542.114814 0.892463 0.190071 0.409123 -0.418421 0.687753 0.593228 0.168620 0.700620 -0.693324
9.456433 -89.935529 866.498693 -6344.786661 0.882062 0.228092 0.412239 -0.470825 0.458456 0.753752 0.017069 0.858949 -0.511777
6.871695 -80.561108 2914.690144 -6032.381587 0.864307 0.189548 0.465881 -0.471137 0.629383 0.617986 0.176079 0.753623 -0.633284
2.474579 -101.397216 2124.074397 -5445.777566 0.851974 0.213925 0.477888 -0.523063 0.307002 0.795082 -0.023375 0.927354 -0.373454
6.023810 -55.196250 529.274646 -813.205891 0.120807 -0.807441 -0.577447 0.934346 0.288956 -0.208573 0.335267 -0.514338 0.789337
5.901506 -52.790882 368.332218 -1364.405323 0.151448 -0.801779 -0.578113 0.968368 0.237683 -0.075957 0.198308 -0.548322 0.812414
