17209
34409
-41.259643 -64.280641 748.786127 8684.530185 0.676153 -0.365206 0.639876 -0.612350 0.204377 0.763713 0.409689 0.908215 0.085444
-42.085489 -72.529452 -1337.707018 6698.412411 0.618754 -0.387358 0.683445 -0.595561 0.336040 0.729647 0.512299 0.858505 0.022770
-51.339055 -84.166208 2688.765946 9954.802879 0.806162 -0.431254 0.405121 -0.334410 0.232764 0.913231 0.488132 0.871689 -0.043430
-36.118211 -59.339910 165.543791 -5829.388099 0.402750 -0.341700 0.849137 0.793657 -0.331767 -0.509941 0.455962 0.879302 0.137573
-47.998531 -90.344852 -1341.563787 21242.875468 0.905253 -0.397194 0.150842 -0.148184 0.037578 0.988246 0.398193 0.916965 0.024840
-36.468495 -64.915815 -4324.355329 15752.809904 0.882628 -0.329915 0.334850 -0.357259 -0.007840 0.933972 0.305506 0.943978 0.124785
-30.556002 -48.417969 -5.033512 -6115.096193 0.464798 -0.300718 0.832786 0.823901 -0.197569 -0.531181 0.324268 0.933025 0.155932
27.166573 -77.191154 2722.915282 1628.518967 0.970283 -0.229974 0.075247 0.002189 0.319304 0.947650 0.241962 0.919324 -0.310319
43.106262 -83.313941 11159.287571 5155.937424 0.980827 -0.185648 0.059276 0.007369 0.339279 0.940657 0.194743 0.922185 -0.334142
28.607374 -94.201961 1814.845028 10811.259215 0.972028 -0.192195 0.134993 -0.032479 0.459245 0.887716 0.232609 0.867269 -0.440156
36.380037 -75.935812 5753.879401 -5051.122929 0.974902 -0.213967 0.061515 -0.014008 0.216806 0.976114 0.222194 0.952477 -0.208368
33.637634 -75.753878 -4743.839454 2113.432520 0.965435 -0.245345 0.087985 0.001755 0.343681 0.939085 0.260638 0.906471 -0.332232
33.173123 -75.989753 -4281.157549 -3626.091063 0.971407 -0.229958 0.059051 -0.015613 0.186309 0.982367 0.236904 0.955201 -0.177392
-42.059515 -72.919249 370.529095 4562.419272 0.744865 -0.335783 0.576564 0.430793 0.901908 -0.031284 -0.509504 0.271682 0.816453
-44.131931 -70.968888 -897.753478 6195.857621 0.808769 -0.306323 0.502055 0.409865 0.905776 -0.107610 -0.421787 0.292806 0.858115
-42.715590 -65.410907 1131.687221 4589.087602 0.781212 -0.267200 0.564192 0.434270 0.881859 -0.183669 -0.448461 0.388496 0.804955
-41.266151 -57.486826 1874.644121 -2103.621942 0.836831 -0.129600 0.531901 -0.366110 -0.854841 0.367709 -0.407036 0.502444 0.762805
-43.715662 -63.537185 1463.148509 5459.019461 0.744764 -0.201860 0.636065 0.451288 0.854501 -0.257228 -0.491594 0.478623 0.727499
-43.457676 -72.787270 2266.228559 4102.214468 0.716834 -0.283480 0.637015 0.422567 0.903345 -0.073515 -0.554605 0.321880 0.767338
-2.694869 -121.935581 -824.517778 -9311.749413 -0.514305 0.811619 0.277066 0.749955 0.268917 0.604360 0.416003 0.518612 -0.746983
-2.310344 -131.676752 -1333.102135 7656.146243 -0.507000 0.816800 0.275298 -0.646938 -0.149544 -0.747735 0.569581 0.557202 -0.604238
1.894405 -127.124649 -2085.425064 -10543.426248 -0.497922 0.826683 0.262047 0.731324 0.237866 0.639207 0.466089 0.509917 -0.723012
2.577511 -114.504664 -2211.585932 -10752.416230 -0.504065 0.821833 0.265536 0.803841 0.333990 0.492230 0.315844 0.461564 -0.828976
1.217468 -114.623813 -2162.361952 -10891.645814 -0.506077 0.822958 0.258122 0.792740 0.325931 0.515104 0.339779 0.465305 -0.817338
4.058705 -124.452160 -1872.157678 -11314.436766 -0.501516 0.822145 0.269368 0.788602 0.306375 0.533143 0.355794 0.479804 -0.801997
4.893941 -135.037983 -1907.003509 6142.968622 -0.500028 0.823543 0.267860 -0.676068 -0.177917 -0.715037 0.541207 0.538630 -0.645734
2.778140 -16.995659 524.988724 -3119.891781 0.255151 0.651076 0.714841 0.733319 -0.612161 0.295808 -0.630192 -0.448731 0.633640
1.878593 -15.770080 466.523797 -1135.634351 0.214586 0.692639 0.688625 0.748845 -0.569315 0.339282 -0.627044 -0.442868 0.640846
3.287683 -26.866871 743.253687 -5280.815455 0.150481 0.730327 0.666316 0.781283 -0.500836 0.372505 -0.605765 -0.464527 0.645959
1.313422 -11.720393 837.839242 728.261333 0.286926 0.632894 0.719109 -0.711626 0.643355 -0.282282 -0.641297 -0.430743 0.634979
4.899879 -28.946605 625.494394 -7930.232081 0.222416 0.671048 0.707267 0.758623 -0.574783 0.306783 -0.612391 -0.468315 0.636913
2.860557 -27.241122 -414.449317 -6529.081279 0.264999 0.627683 0.731977 0.731909 -0.625150 0.271103 -0.627762 -0.463898 0.625071
-4.388836 -39.369675 758.103593 -955.421666 0.515564 -0.110879 0.849647 0.852513 0.166032 -0.495636 -0.086113 0.979867 0.180126
-1.170350 -39.525271 4909.609949 -4128.764844 0.486043 -0.150340 0.860907 0.856987 0.275054 -0.435797 -0.171278 0.949602 0.262527
-2.275773 -40.725666 2141.145531 -2440.233501 0.457536 -0.132392 0.879280 0.885805 0.154078 -0.437733 -0.077525 0.979149 0.187769
-5.681247 -44.970675 -163.310599 2111.584547 0.502801 -0.093879 0.859289 0.864340 0.042688 -0.501093 0.010361 0.994668 0.102607
-5.618243 -43.736845 -1625.768075 3752.559075 0.554032 -0.077621 0.828869 0.832454 0.061550 -0.550665 -0.008274 0.995081 0.098717
-7.204710 -49.791052 1438.101286 1813.902630 -0.659955 0.383321 -0.646161 0.548416 0.833629 -0.065591 0.513516 -0.397652 -0.760377
-6.481437 -49.838134 -942.201487 522.217120 0.670085 -0.350982 0.654063 0.577590 0.800001 -0.162443 0.466236 -0.486631 -0.738792
-4.947692 -47.746629 1445.336676 2941.345245 -0.679977 0.365298 -0.635758 0.546478 0.830577 -0.107249 0.488868 -0.420355 -0.764401
1.805884 -61.281380 -1480.112083 2154.451149 -0.602318 0.374049 -0.705195 0.745106 -0.053521 -0.664796 -0.286409 -0.925863 -0.246469
1.346102 -65.493493 -1466.937423 2049.352026 -0.596648 0.375081 -0.709454 0.703960 -0.179823 -0.687098 -0.385294 -0.909383 -0.156751
1.569956 -65.526463 -1448.567745 1747.322704 -0.596502 0.374480 -0.709894 0.701600 -0.186272 -0.687794 -0.389799 -0.908332 -0.151624
1.739689 -64.147545 1011.551753 1059.652167 -0.596767 0.389853 -0.701345 0.718610 -0.129241 -0.683298 -0.357029 -0.911763 -0.203025
1.614130 -59.115027 1153.302387 2293.144004 -0.597408 0.390090 -0.700667 0.754360 -0.023109 -0.656054 -0.272112 -0.920487 -0.280462
1.643222 -55.577337 890.487490 3980.288861 -0.600709 0.390287 -0.697728 0.778684 0.087926 -0.621225 -0.181108 -0.916485 -0.356728
1.047216 -54.013015 -1064.631682 3133.318040 -0.605899 0.378982 -0.699470 0.781975 0.122038 -0.611245 -0.146289 -0.917322 -0.370298
-10.725105 -104.603913 3377.277217 4873.880241 0.721787 -0.061104 0.689413 -0.507652 0.630319 0.587357 0.470440 0.773928 -0.423936
-6.047424 -98.195155 3877.618314 6118.341967 0.730828 -0.096141 0.675756 -0.412037 0.727150 0.549070 0.544165 0.679713 -0.491808
-12.362244 -107.170208 6054.408779 4859.018384 0.737352 -0.124253 0.663983 -0.326382 0.795060 0.511229 0.591428 0.593667 -0.545685
-17.617751 -111.797418 1790.427026 6469.121068 0.753869 -0.045602 0.655441 -0.465647 0.666705 0.581959 0.463524 0.743925 -0.481374
-9.817542 -92.963807 -476.322181 -3991.546523 0.801330 0.157482 0.577122 -0.309685 -0.716195 0.625428 -0.511826 0.679900 0.525138
-9.729832 -97.770644 -586.723211 88.458017 0.789799 0.148670 0.595075 0.212752 0.843548 -0.493116 -0.575286 0.516066 0.634604
-11.465067 -96.177993 -698.302330 493.452851 0.799747 0.142144 0.583267 0.210565 0.843426 -0.494262 -0.562199 0.518100 0.644597
-10.807506 -99.531521 -843.739673 -107.125759 0.786786 0.128607 0.603679 0.126933 0.923433 -0.362160 -0.604033 0.361569 0.710220
-12.496137 -97.592504 -950.249466 391.934824 0.796971 0.120563 0.591863 0.117692 0.930100 -0.347940 -0.592440 0.346956 0.727074
-6.556812 -40.513036 2070.564745 2431.567099 -0.935994 -0.157705 -0.314714 -0.026872 0.923433 -0.382817 0.350990 -0.349858 -0.868565
-5.569468 -49.994214 -2435.343639 11457.043049 0.926789 0.031372 0.374269 0.121996 0.917325 -0.378988 0.355216 -0.396901 -0.846340
-1.882727 -48.574062 -1928.444461 11173.808936 0.931709 0.052901 0.359332 0.087298 0.927718 -0.362930 0.352558 -0.369514 -0.859745
-0.088936 -46.389847 1197.471893 2488.693001 -0.934362 -0.181877 -0.306412 -0.061449 0.929285 -0.364216 0.350987 -0.321481 -0.879465
60.988743 -55.880104 -31974.601634 1752.639449 -0.485944 0.394350 -0.779966 0.688949 0.721960 -0.064215 0.537780 -0.568562 -0.622519
341.258465 -60.813540 -144456.514102 4539.283216 -0.429953 0.430135 -0.793804 0.705731 0.708478 0.001651 0.563102 -0.559502 -0.608172
235.829771 -57.535626 -112158.349192 3368.952536 -0.458327 0.409954 -0.788590 0.743157 0.663433 -0.087031 0.487497 -0.625935 -0.608730
237.353673 -59.079862 -114746.357231 -4947.800640 -0.507632 0.378969 -0.773752 0.765470 0.610558 -0.203160 0.395429 -0.695414 -0.600029
48.933495 -55.688929 -23973.565726 -1515.926246 -0.485291 0.452348 -0.748247 0.778218 0.613576 -0.133795 0.398585 -0.647229 -0.649788
1.450554 -34.201716 747.059514 403.567013 0.589537 -0.196785 0.783404 0.727136 -0.293045 -0.620804 0.351738 0.935628 -0.029671
-2.555659 -41.590786 605.300976 1252.814908 0.451339 -0.153635 0.879028 0.834894 -0.275062 -0.476753 0.315033 0.949072 0.004122
-1.418502 -42.629595 -256.643740 3089.482038 0.594646 -0.172496 0.785265 0.748486 -0.237828 -0.619037 0.293540 0.955868 -0.012313
0.163915 -40.859245 483.569833 3444.460031 0.662604 -0.213547 0.717881 0.667737 -0.265707 -0.695361 0.339238 0.940105 -0.033466
-5.233883 -110.234019 -2063.280999 -2921.574719 0.840951 -0.082286 0.534819 0.541103 0.122074 -0.832049 -0.003178 -0.989104 -0.147184
-9.715888 -106.921710 -2443.001776 -2300.573683 0.830769 -0.069490 0.552262 0.553438 -0.002766 -0.832886 -0.059405 -0.997579 -0.036160
-4.945908 -106.134736 -1945.991905 -2560.683704 0.826652 -0.078864 0.557160 0.551718 -0.081190 -0.830069 -0.110698 -0.993574 0.023605
-2.541593 -119.866799 -1680.105258 -4456.733493 0.840098 -0.097457 0.533608 0.541759 0.101651 -0.834365 -0.027073 -0.990035 -0.138195
20.320774 -155.050612 6814.247742 20731.319929 -0.520572 0.748845 0.410165 -0.082893 0.433794 -0.897191 0.849784 0.501052 0.163747
8.620213 -163.604673 5294.637964 13857.587515 -0.551704 0.741776 0.381302 0.029012 0.473966 -0.880065 0.833535 0.474473 0.283009
8.903693 -134.203649 6468.185083 13436.632838 -0.568220 0.723853 0.391360 -0.235076 0.312987 -0.920206 0.788584 0.614879 0.007685
22.569890 -121.098323 8737.842180 16325.724430 -0.538518 0.726219 0.427322 -0.279711 0.324310 -0.903651 0.794833 0.606159 -0.028484
31.965903 -158.915340 5363.630586 30102.458300 -0.468615 0.774761 0.424434 -0.210188 0.368871 -0.905403 0.858033 0.513497 0.010013
26.687507 -206.359187 4427.544015 32427.659776 -0.457364 0.796634 0.395211 0.088390 0.482940 -0.871181 0.884876 0.363514 0.291294
5.806466 -157.769808 2297.013481 -13044.040956 -0.326755 0.905446 0.270922 -0.122948 -0.324945 0.937707 -0.937078 -0.273091 -0.217500
5.629639 -164.344150 1889.174503 -8499.424048 -0.331640 0.904455 0.268284 0.152600 -0.229204 0.961342 -0.930982 -0.359760 0.062007
7.426996 -156.589534 1807.217827 -13531.662200 -0.333470 0.901645 0.275378 0.117273 -0.250156 0.961077 -0.935438 -0.352785 0.022319
45.284182 -40.173159 1407.920369 -303.625962 0.424119 0.756561 0.497734 0.559413 -0.651084 0.512978 -0.712166 -0.060875 0.699367
50.283818 -40.004493 -4092.942676 -551.644980 0.524740 0.644066 0.556621 -0.432984 0.764914 -0.476898 -0.732921 0.009239 0.680251
35.311465 -34.225138 1641.530706 400.994586 0.576005 0.653205 0.491469 -0.485710 0.757070 -0.436957 -0.657499 0.012978 0.753344
24.727892 -32.582830 2139.055087 62.794049 0.594321 0.660534 0.458777 -0.546376 0.750221 -0.372346 -0.590132 -0.029372 0.806773
34.323963 -36.242289 -1520.904174 279.111392 0.471573 0.731052 0.493134 0.593575 -0.676713 0.435579 -0.652141 -0.087305 0.753054
-55.035688 -259.369999 -25617.453792 -75728.091419 -0.059864 0.759321 -0.647957 0.515640 -0.532286 -0.671407 0.854712 0.374305 0.359671
-70.842490 -144.644858 -27342.064673 -29114.742242 -0.160622 0.806135 -0.569514 0.666146 -0.337234 -0.665223 0.728320 0.486229 0.482837
-19.103204 -170.132731 -10070.564928 -37519.102215 -0.116701 0.825700 -0.551906 0.589941 -0.389412 -0.707339 0.798968 0.408139 0.441669
-7.856897 -270.089304 -11868.566543 -68121.206990 -0.085263 0.822445 -0.562418 0.375715 -0.496263 -0.782663 0.922805 0.278041 0.266692
5.355778 -51.269462 -174.602676 -1118.597109 0.866813 -0.087048 0.490976 -0.498405 -0.121482 0.858390 0.015076 0.988769 0.148688
7.118997 -53.511805 -1302.747983 -474.973661 0.861045 -0.070909 0.503560 -0.504085 -0.249635 0.826789 -0.067080 0.965740 0.250691
4.616699 -50.412776 -2029.609779 -1681.107929 0.860877 -0.061814 0.505045 -0.508773 -0.117077 0.852903 -0.006408 0.991197 0.132238
4.024172 -47.433192 -654.851403 -2215.750569 0.871232 -0.078068 0.484624 -0.486789 -0.010343 0.873458 0.063176 0.996894 0.047014
3.959858 -48.358662 648.137348 -1732.863287 0.883684 -0.091431 0.459068 -0.461681 -0.008581 0.887004 0.077160 0.995774 0.049795
35.768220 -41.374978 7750.453059 1.016284 0.932973 -0.012512 0.359729 -0.359887 -0.014333 0.932886 0.006516 0.999819 0.017875
30.159243 -40.876970 9351.426399 -1781.930704 0.909099 -0.063127 0.411769 -0.407004 0.076117 0.910249 0.088804 0.995099 -0.043505
23.842949 -43.859435 8655.879641 -812.812155 0.907424 -0.067688 0.414728 -0.417622 -0.035779 0.907916 0.046617 0.997065 0.060735
18.470543 -21.801628 130.851617 -11220.919188 -0.219434 0.852276 0.474841 0.934075 0.042998 0.354480 0.281698 0.521322 -0.805525
22.542336 -31.985365 1542.845112 -8026.484056 -0.073884 0.863758 0.498460 0.942873 -0.102315 0.317053 0.324857 0.493410 -0.806855
25.298681 -41.717713 195.182236 -4422.748199 -0.183035 0.856443 0.482704 0.906454 -0.043054 0.420104 0.380577 0.514443 -0.768446
12.504550 -6.115816 4839.674983 -13229.971838 0.086343 0.833167 0.546240 0.967482 -0.200963 0.153597 0.237745 0.515216 -0.823426
19.859537 -28.466740 -2467.503195 -8331.161776 -0.366884 0.820848 0.437726 0.884563 0.162152 0.437328 0.288002 0.547645 -0.785583
12.029097 -0.501282 -2553.678483 -5325.713323 -0.644659 0.714168 0.272725 0.728525 0.465817 0.502261 0.231659 0.522474 -0.820582
-9.043527 -19.366006 1748.573450 3376.096813 0.969501 0.210027 0.126322 0.232838 -0.950191 -0.207180 -0.076517 -0.230273 0.970113
-11.125906 -19.366417 1942.522249 3798.406912 0.975596 0.171938 0.136565 0.199919 -0.952763 -0.228638 -0.090803 -0.250360 0.963885
-10.440194 -14.817838 2064.134078 2879.038200 0.995952 -0.059529 0.067355 -0.038086 -0.958165 -0.283670 -0.081424 -0.279957 0.956553
-15.970847 -94.081048 1376.676386 -347.155097 0.805577 0.049559 0.590414 0.507519 -0.571916 -0.644466 -0.305728 -0.818813 0.485875
-15.809406 -94.036837 1678.705714 -528.088122 0.801480 0.068388 0.594099 0.454847 -0.714690 -0.531350 -0.388258 -0.696090 0.603915
-13.672799 -94.587707 -730.929376 420.561657 0.790899 0.009711 0.611870 0.452959 -0.681600 -0.574674 -0.411470 -0.731660 0.543475
1.523202 -198.577024 -1096.945741 18270.053309 0.704793 0.102501 0.701969 -0.203137 0.977232 0.061259 -0.679708 -0.185771 0.709568
5.459603 -216.233585 -1074.570140 35905.506784 0.704689 0.103314 0.701954 -0.149352 0.988774 0.004406 -0.693619 -0.107943 0.712209
2.859898 -230.916211 -835.601522 19556.878816 0.729686 0.076585 0.679480 -0.344432 0.899600 0.268487 -0.590699 -0.429947 0.682804
5.555568 -160.177019 -1721.240901 21463.891806 0.698132 0.128294 0.704381 0.028925 0.977957 -0.206791 -0.715385 0.164742 0.679032
-0.346880 -220.916167 -2917.714942 10545.389931 0.725772 0.066200 0.684743 -0.377229 0.870666 0.315658 -0.575286 -0.487400 0.656877
-1.459362 -200.133636 -1470.709080 9357.657828 0.703374 0.083371 0.705914 -0.303916 0.933021 0.192630 -0.642573 -0.350029 0.681601
-0.069464 -175.374894 -1206.975350 16940.019299 0.682476 0.124964 0.720146 -0.100336 0.991966 -0.077044 -0.723988 -0.019675 0.689532
55.312143 -309.015117 9205.854809 -53697.625641 -0.583480 0.382217 -0.716562 -0.113954 0.835066 0.538218 0.804093 0.395695 -0.443689
42.171145 -293.553439 6667.400397 -64123.407511 -0.665169 0.208379 -0.717028 -0.148075 0.904388 0.400194 0.731864 0.372370 -0.570715
25.277414 -263.521601 3286.708202 -55236.686540 -0.610511 0.320075 -0.724450 0.157405 0.945489 0.285085 0.776208 0.060015 -0.627613
74.807118 -306.987612 -11205.520802 8602.217521 0.674001 -0.205811 0.709482 -0.472825 0.617726 0.628373 0.567591 0.758984 -0.319035
49.848818 -283.649743 12187.231588 -65482.790793 -0.559216 0.467063 -0.684930 0.178534 0.874654 0.450673 0.809570 0.129740 -0.572507
95.921564 -361.602859 -14004.989227 36104.618946 0.592095 -0.420829 0.687261 -0.434399 0.551641 0.712032 0.678765 0.720136 -0.143816
76.552850 -410.254687 14356.597263 -80932.868787 -0.486086 0.554304 -0.675624 -0.010488 0.769348 0.638744 0.873848 0.317571 -0.368156
10.457105 -164.013793 1285.384993 9896.113594 0.457635 0.850649 -0.258777 -0.851887 0.502843 0.146414 -0.254672 -0.153445 -0.954776
-0.179784 -157.568904 -1554.526921 19471.453480 0.535158 0.807092 -0.249418 0.844213 -0.500422 0.192049 0.030187 -0.313338 -0.949162
5.484451 -172.427901 3438.096458 1012.983404 0.532397 0.822096 -0.201771 -0.824171 0.557796 0.098011 -0.193122 -0.114113 -0.974516
13.766626 -151.187355 3521.588896 20540.395532 0.488151 0.846542 -0.212310 -0.766570 0.532171 0.359395 -0.417228 0.012689 -0.908713
19.079202 -139.288609 794.202156 19762.423638 0.451320 0.848386 -0.276679 -0.773137 0.526580 0.353516 -0.445612 -0.054362 -0.893574
1.713432 -50.357478 -1211.597939 -1404.117697 0.303391 -0.528151 0.793102 0.430800 0.818437 0.380226 -0.849921 0.226312 0.475834
4.685798 -48.229029 519.414312 6148.998658 0.333221 -0.504087 0.796781 0.402183 0.840332 0.363444 -0.852768 0.199345 0.482751
2.144527 -49.013318 -4181.620369 5709.048253 0.263092 -0.548732 0.793521 0.419081 0.805847 0.418308 -0.868995 0.222496 0.441975
-3.333242 -50.023570 -5371.855540 862.398171 0.245432 -0.573187 0.781805 0.471108 0.775359 0.420565 -0.847242 0.265095 0.460331
15.388280 -81.058145 45909.744086 -11385.273568 -0.789600 -0.181202 0.586258 -0.268776 0.961009 -0.064969 -0.551626 -0.208872 -0.807515
56.513972 -75.707517 40501.459878 -8454.857889 -0.846577 -0.087010 0.525107 -0.225611 0.952199 -0.205951 -0.482087 -0.292823 -0.825740
85.342755 -119.665366 37338.154910 -20646.171301 -0.869455 -0.167709 0.464673 -0.202906 0.978843 -0.026376 -0.450418 -0.117218 -0.885089
94.978054 -83.338769 14501.789520 -11343.299138 -0.956584 -0.128203 0.261747 -0.180130 0.966064 -0.185130 -0.229130 -0.224241 -0.947215
20.738538 -21.600780 -6885.769124 3026.698044 -0.893059 0.050671 -0.447077 0.186226 0.946162 -0.264759 0.409592 -0.319702 -0.854415
16.520286 -17.908906 -5362.711494 401.300749 -0.882528 0.116075 -0.455710 0.232048 0.950354 -0.207319 0.409022 -0.288711 -0.865648
43.641937 -23.604363 -16139.705315 751.045038 -0.901382 0.070609 -0.427229 0.197571 0.944998 -0.260661 0.385326 -0.319364 -0.865754
6.907311 -16.105838 -892.083594 2682.232221 -0.895945 0.031296 -0.443061 0.153709 0.957726 -0.243177 0.416720 -0.285976 -0.862880
43.732882 -29.257546 -16252.228461 2508.632424 -0.907076 0.035209 -0.419491 0.186239 0.927235 -0.324884 0.377528 -0.372820 -0.847631
21.551628 -28.687129 -8613.163031 4240.166326 -0.891272 0.034205 -0.452177 0.194652 0.929470 -0.313363 0.409566 -0.367309 -0.835069
9.304116 -21.973356 -1201.692220 4418.724139 -0.897550 0.010132 -0.440796 0.148381 0.948365 -0.280335 0.415195 -0.317021 -0.852708
4.059822 -48.897796 5733.405583 -417.337921 0.805958 -0.417494 0.419678 0.563252 0.322690 -0.760670 -0.182149 -0.849453 -0.495229
22.278213 -50.547113 8231.621761 710.014578 0.817834 -0.426626 0.386184 0.559393 0.431951 -0.707459 -0.135008 -0.794612 -0.591916
20.289434 -53.342262 5281.130027 -650.171093 0.851523 -0.418729 0.315554 0.480108 0.380824 -0.790233 -0.210723 -0.824402 -0.525316
2.304155 -49.873955 2209.314514 405.882645 0.847106 -0.411355 0.336450 0.474222 0.299395 -0.827935 -0.239844 -0.860901 -0.448693
-0.880342 -47.799072 2372.924530 25.567083 0.823102 -0.405029 0.398064 0.520110 0.256217 -0.814763 -0.228012 -0.877670 -0.421552
-5.440976 -49.993176 -907.461603 485.539444 0.813434 0.422522 0.399750 -0.575948 0.489036 0.655078 -0.081293 0.763099 -0.641149
-3.279399 -49.790099 -237.771512 1898.911782 0.800687 0.430114 0.417017 -0.596908 0.513495 0.616461 -0.051013 0.742513 -0.667887
-3.393391 -50.011249 -179.194630 -511.386107 0.812146 0.423603 0.401221 -0.573761 0.455019 0.680996 -0.105909 0.783274 -0.612589
4.414302 -71.864853 -734.005808 145.383688 0.759108 0.404167 0.510298 0.097862 0.704149 -0.703277 -0.643567 0.583802 0.494972
5.633260 -70.606866 -1157.800352 295.427861 0.761538 0.404257 0.506592 -0.158947 -0.641274 0.750669 -0.628328 0.652184 0.424099
7.472702 -71.210749 -739.444331 -293.925249 0.755284 0.408153 0.512794 -0.177180 -0.626127 0.759324 -0.630994 0.664362 0.400586
6.642568 -72.031127 1862.054770 302.237879 0.777689 0.376006 0.503804 0.089590 0.726939 -0.680833 -0.622232 0.574612 0.531646
10.617689 -25.566902 -3516.227765 -4716.686328 -0.214609 -0.828490 -0.517249 0.957388 -0.283237 0.056443 -0.193266 -0.483095 0.853972
19.619281 -21.723086 -3284.431943 -3831.031445 -0.046440 -0.844243 -0.533945 0.977343 -0.148900 0.150428 -0.206502 -0.514862 0.832030
17.897233 -16.160181 -4464.363616 -2735.295503 -0.172189 -0.843789 -0.508301 0.959262 -0.260958 0.108242 -0.223979 -0.468956 0.854350
9.661607 -30.802094 -3457.900233 -3831.408010 -0.118912 -0.842985 -0.524629 0.983022 -0.174317 0.057285 -0.139742 -0.508910 0.849401
1.927712 -35.091725 -1612.729011 -5599.308731 -0.311926 -0.792172 -0.524562 0.939986 -0.337676 -0.049009 -0.138308 -0.508368 0.849960
-3.855140 -94.056682 3830.712396 -1174.706376 0.909524 0.278642 0.308421 -0.413472 0.530667 0.739887 -0.042495 0.800469 -0.597865
-0.094367 -93.193622 3057.384279 -128.800850 0.916555 0.272023 0.293139 -0.397959 0.548115 0.735662 -0.039443 0.790932 -0.610632
-2.755404 -86.093927 2217.814476 -1090.262286 0.909621 0.290286 0.297193 -0.415383 0.647245 0.639163 0.006816 0.704845 -0.709328
0.134959 -54.833705 1474.189158 -585.294918 0.804906 0.255791 0.535441 -0.332370 0.941839 0.049703 -0.491586 -0.217970 0.843109
2.775946 -50.884593 863.516665 -651.766617 0.803194 0.242940 0.543930 -0.324893 0.943962 0.058143 -0.499324 -0.223420 0.837114
2.051000 -53.621848 1646.915504 -866.233037 0.794443 0.290736 0.533228 -0.305210 0.950176 -0.063347 -0.525078 -0.112421 0.843596
-0.945161 -68.277086 1299.455460 -4318.622485 0.762906 0.401467 0.506753 -0.081705 0.837416 -0.540424 -0.641326 0.370888 0.671672
1.204240 -67.504638 -1561.391446 -2841.629395 0.753302 0.394334 0.526343 -0.086937 0.852991 -0.514634 -0.651904 0.341916 0.676842
0.071033 -63.265622 -1027.911379 -1821.938799 0.748972 0.394906 0.532063 -0.137693 0.878222 -0.458004 -0.648137 0.269771 0.712139
31.275700 -27.701172 -3614.502207 366.597347 -0.076882 -0.697854 -0.712101 -0.238773 0.706319 -0.666409 0.968027 0.118795 -0.220932
30.436104 -31.438921 575.231772 338.139550 0.014463 0.764795 0.644112 -0.260047 0.624889 -0.736132 0.965488 0.156853 -0.207920
23.769697 -26.451439 1176.811374 -148.844352 0.042098 0.774899 0.630682 -0.314259 0.609473 -0.727863 0.948404 0.167555 -0.269176
17.851616 -27.489750 -3414.587366 285.308824 -0.027808 0.877987 0.477877 -0.384033 0.431991 -0.816029 0.922901 0.206213 -0.325163
12.105752 -22.629266 3293.973473 1552.180819 0.046321 0.763596 0.644031 -0.396431 0.605831 -0.689791 0.916895 0.223362 -0.330776
29.096560 -102.053096 -2836.891892 1153.220727 0.025737 -0.532266 -0.846186 0.934474 -0.287869 0.209497 -0.355099 -0.796131 0.489980
32.483841 -117.110469 424.136951 23417.935248 0.032911 -0.477308 -0.878120 0.894119 -0.378549 0.239273 -0.446618 -0.793018 0.414312
30.799110 -118.269266 -9073.654953 21479.486934 -0.028125 -0.596338 -0.802241 0.889229 -0.381516 0.252422 -0.456597 -0.706276 0.541011
18.380883 -116.823295 -8209.923125 16458.994084 -0.054638 -0.622899 -0.780392 0.862768 -0.422882 0.277133 -0.502640 -0.658155 0.560522
22.772926 -107.892250 -9499.569514 8960.633398 -0.030882 -0.628625 -0.777095 0.941170 -0.280046 0.189138 -0.336519 -0.725537 0.600292
-4.671829 -31.981131 -7269.211262 480.425468 0.988329 0.050076 -0.143867 -0.127436 0.789216 -0.600748 -0.083459 -0.612070 -0.786387
12.107620 -33.795605 -18298.062170 1175.084372 0.986657 -0.160579 -0.026889 0.111768 0.788103 -0.605312 -0.118392 -0.594229 -0.795534
12.073292 -33.248079 -10912.335159 -362.841817 0.991622 -0.000200 -0.129173 -0.072348 0.827576 -0.556673 -0.107012 -0.561354 -0.820628
16.670175 -35.241984 -10265.561156 56.741409 0.973847 0.079003 -0.213026 -0.173784 0.862982 -0.474407 -0.146358 -0.499020 -0.854142
-1.083112 -37.317221 -2077.588264 -68.966764 0.897467 0.309908 -0.313864 -0.433420 0.751668 -0.497133 -0.081856 -0.582196 -0.808918
103.533709 -234.889783 33330.890813 45680.153073 0.004590 0.478157 0.878262 0.494467 0.762303 -0.417608 -0.869184 0.436189 -0.232934
194.848230 -243.875053 65984.257736 60306.623850 -0.084351 0.564289 0.821257 0.637394 0.664070 -0.390819 -0.765907 0.490498 -0.415689
138.644987 -208.369659 57594.344469 57315.723992 0.010158 0.425027 0.905124 0.717389 0.627475 -0.302700 -0.696599 0.652401 -0.298535
62.893687 -212.327868 20695.756048 49089.362642 0.019861 0.373372 0.927469 0.674666 0.679604 -0.288036 -0.737856 0.631453 -0.238404
-4.254405 -485.980963 -3306.455528 -99575.073431 -0.150420 0.512686 0.845297 -0.534350 0.677208 -0.505824 -0.831771 -0.527771 0.172088
-2.968114 -318.397544 -2378.568259 -43972.296294 -0.129601 0.536051 0.834178 -0.337383 0.767239 -0.545452 -0.932404 -0.352128 0.081419
-3.314143 -403.534477 -5642.542088 -826.904120 -0.184244 0.527554 0.829301 -0.051120 0.837460 -0.544102 -0.981550 -0.142641 -0.127329
6.773266 -434.295901 -1491.314876 -33082.141312 -0.120231 0.519449 0.846001 -0.131867 0.836275 -0.532218 -0.983949 -0.175548 -0.032048
45.249374 24.475255 7255.159061 -3936.039147 0.235708 0.843901 0.481947 0.732061 -0.480347 0.483067 -0.639163 -0.238951 0.731008
51.585231 27.204325 15446.855418 -971.472078 0.079516 0.943023 0.323087 0.800039 -0.253721 0.543658 -0.594656 -0.215252 0.774630
39.797347 17.064217 13700.012089 11876.747926 0.554080 0.666540 0.498718 -0.585927 0.737819 -0.335131 -0.591342 -0.106523 0.799355
-1.641565 -84.250203 -1451.478852 7374.880648 -0.032195 -0.355214 -0.934231 0.805897 -0.562097 0.185948 -0.591180 -0.746907 0.304362
-2.951235 -77.621311 -1219.179775 4999.696162 -0.063969 -0.325445 -0.943395 0.859453 -0.498419 0.113663 -0.507197 -0.803532 0.311588
-2.458429 -75.567576 -419.647988 3098.131371 -0.047208 -0.335971 -0.940688 0.866663 -0.482017 0.128662 -0.496655 -0.809186 0.313929
-3.404134 -56.689153 2036.344467 9347.080889 0.820118 0.391086 0.417682 -0.559223 0.702379 0.440379 0.121145 0.594740 -0.794738
-2.569438 -54.958957 -26.688989 4785.796224 0.827039 0.395549 0.399434 -0.534259 0.774090 0.339637 0.174854 0.494294 -0.851528
-0.861262 -54.599535 489.507237 4073.709737 0.832146 0.387439 0.396767 -0.533080 0.756041 0.379772 0.152834 0.527535 -0.835673
-2.584397 -59.835655 -1386.640895 -2611.392628 0.875727 0.333693 0.348928 -0.431383 0.865350 0.255104 0.216819 0.373924 -0.901760
8.950204 -311.521121 -513.431900 -55874.068995 -0.798240 -0.258666 -0.543971 0.092847 0.839465 -0.535424 0.595141 -0.477903 -0.646078
10.337297 -257.512167 258.654815 -24504.552353 0.809060 0.235515 0.538475 0.170435 0.782813 -0.598461 0.562471 -0.575965 -0.593203
12.345141 -292.870808 16.343365 -31714.842079 -0.794493 -0.266652 -0.545598 -0.053507 0.925683 -0.374497 0.604911 -0.268342 -0.749716
10.275545 -243.707007 -929.587236 -10386.009487 0.814560 0.233714 0.530915 0.242813 0.693831 -0.677968 0.526815 -0.681158 -0.508418
17.472768 -130.254676 -926.575966 -13749.720481 0.613734 0.524277 0.590309 0.447530 0.384946 -0.807176 0.650421 -0.759573 -0.001625
16.764160 -124.612881 -4980.763078 -10034.713524 0.637964 0.506422 0.580120 0.372865 0.455995 -0.808109 0.673776 -0.731851 -0.102081
11.822377 -159.012623 1509.846407 -12390.141914 -0.599166 -0.457817 -0.656813 0.302506 0.630109 -0.715159 0.741276 -0.627189 -0.239048
13.496366 -177.715062 -2716.870957 -19453.023536 -0.586198 -0.467956 -0.661354 0.347510 0.592174 -0.727026 0.731853 -0.656008 -0.184512
-56.021785 -86.152346 622.051225 4398.159029 0.795383 -0.470186 0.382481 -0.245749 0.326675 0.912628 0.554052 0.819883 -0.144284
-45.939252 -81.398252 -1970.456060 4669.306216 0.656948 -0.426153 0.621943 -0.464595 0.420865 0.779118 0.593777 0.800791 -0.078498
-43.989310 -75.399337 -336.953585 -5557.619022 0.513191 -0.431461 0.741941 0.598064 -0.440257 -0.669697 0.615593 0.787410 0.032106
-41.042306 -67.719796 413.787673 -5938.850088 0.412654 -0.388089 0.824077 0.721357 -0.413190 -0.555804 0.556202 0.823808 0.109446
44.241128 -108.989543 10036.687881 17139.604069 0.985700 -0.135349 0.100375 -0.025628 0.468326 0.883184 0.166546 0.873127 -0.458160
78.408207 -112.127605 20628.838724 22228.443480 0.993911 -0.108624 0.018475 0.026321 0.396888 0.917489 0.106994 0.911417 -0.397331
58.684769 -68.686171 16014.875978 -1740.586794 0.984150 -0.177244 0.005817 0.034579 0.223965 0.973983 0.173935 0.958344 -0.226544
75.870052 -77.555343 19961.591848 9404.865344 0.992282 -0.122065 -0.021818 0.056540 0.288792 0.955721 0.110359 0.949578 -0.293465
-46.356100 -82.714764 -2006.235489 7358.321497 0.816107 -0.320697 0.480751 0.352466 0.935472 0.025696 -0.457970 0.148478 0.876480
-51.644798 -75.182656 -2836.742020 7655.921370 0.888129 -0.248441 0.386658 0.310434 0.944658 -0.106074 -0.338906 0.214239 0.916103
-41.810553 -78.655391 -1026.720162 5429.856215 0.758906 -0.322244 0.565880 0.367630 0.929269 0.036147 -0.537503 0.180603 0.823695
-7.221669 -140.692439 -96.529555 3041.227865 -0.518403 0.805657 0.286663 -0.527462 -0.037401 -0.848755 0.673084 0.591201 -0.444342
-6.662380 -137.733895 649.416774 -2178.478673 -0.514924 0.805503 0.293289 -0.393679 0.081716 -0.915609 0.761492 0.586931 -0.275032
-2.639875 -134.987252 -1731.811850 1211.827963 -0.497211 0.821433 0.279337 -0.517252 -0.022154 -0.855546 0.696585 0.569875 -0.435903
0.777620 -34.723477 -2144.113626 8456.658008 0.263726 0.612478 0.745198 -0.739034 0.624776 -0.251958 -0.619901 -0.484279 0.617412
-0.111625 -20.620156 -1926.620417 3382.781737 0.346508 0.537168 0.769014 -0.679656 0.708801 -0.188864 -0.646529 -0.457222 0.610695
-5.148010 -25.705390 -3227.444169 3826.506358 0.376605 0.504796 0.776756 -0.667742 0.729107 -0.150080 -0.642098 -0.462152 0.611658
-4.079099 -18.767969 -2935.004591 201.995851 0.489496 0.359073 0.794645 -0.563652 0.825607 -0.025858 -0.665350 -0.435246 0.606524
-0.410812 -15.509105 -1429.685431 -75.854992 0.480028 0.376559 0.792323 -0.573869 0.817918 -0.041045 -0.663512 -0.434987 0.608719
0.024027 -44.120949 5049.134351 1840.942389 0.500250 -0.142764 0.854031 0.842762 0.306675 -0.442383 -0.198753 0.941047 0.273730
-2.134864 -44.278023 1981.212196 1875.434328 0.501428 -0.116736 0.857288 0.835357 0.323314 -0.444575 -0.225275 0.939064 0.259635
-0.643669 -47.635345 988.037664 7161.227496 0.505832 -0.107741 0.855877 0.822593 0.359011 -0.440967 -0.259759 0.927094 0.270226
-2.393990 -45.361955 -1601.933144 7322.690215 0.492692 -0.089223 0.865617 0.825350 0.363150 -0.432341 -0.275774 0.927449 0.252562
-4.184827 -44.742822 -2601.945132 1976.704408 0.514095 -0.077306 0.854242 0.820114 0.336016 -0.463148 -0.251235 0.938678 0.236144
-2.606887 -47.536440 535.936264 -2446.471932 -0.700328 0.338002 -0.628725 0.504993 0.857108 -0.101725 0.504502 -0.388742 -0.770946
-3.474153 -44.842168 1172.418558 123.135927 -0.687776 0.376533 -0.620635 0.477748 0.878490 0.003539 0.546554 -0.294073 -0.784092
-4.693002 -48.299087 42.192123 -1864.729015 -0.691593 0.340056 -0.637229 0.505170 0.858289 -0.090243 0.516239 -0.384320 -0.765373
-3.769772 -47.460007 -111.216283 -75.225339 -0.710430 0.317328 -0.628166 0.513846 0.843784 -0.154889 0.480886 -0.432818 -0.762507
0.745175 -67.973247 1923.068533 153.504180 -0.578922 0.408897 -0.705445 0.619987 -0.341181 -0.706549 -0.529590 -0.846404 -0.055993
0.865871 -68.065487 -189.114968 318.750647 -0.588304 0.385648 -0.710756 0.628656 -0.334721 -0.701964 -0.508616 -0.859789 -0.045522
-0.827546 -66.678802 1803.397555 4118.638377 -0.586293 0.402229 -0.703188 0.712358 -0.157357 -0.683948 -0.385755 -0.901915 -0.194274
-0.116158 -59.431008 1321.650569 2341.642068 -0.590039 0.393917 -0.704758 0.758774 -0.027733 -0.650763 -0.275891 -0.918728 -0.282531
-5.914992 -103.149299 -6865.462483 1696.889781 -0.735588 0.144212 -0.661901 -0.211053 0.879662 0.426206 0.643713 0.453208 -0.616633
-0.829459 -96.112068 -2816.968014 2647.283331 -0.742078 0.122240 -0.659074 -0.287675 0.830003 0.477847 0.605445 0.544199 -0.580761
5.517290 -96.538404 1430.149681 800.258623 -0.767187 0.129200 -0.628276 -0.156011 0.912502 0.378153 0.622161 0.388133 -0.679904
-0.186343 -101.760365 -4278.466667 445.829029 -0.737682 0.166829 -0.654212 -0.102973 0.929852 0.353230 0.667249 0.327938 -0.668756
-8.914160 -86.248766 -4208.119723 -1710.831359 0.809507 0.200194 0.551924 -0.430538 -0.436724 0.789879 -0.399167 0.877037 0.267341
-10.502607 -86.354144 -1848.064479 -4407.085112 0.811175 0.174952 0.558020 -0.358624 -0.604903 0.710972 -0.461934 0.776842 0.427940
-9.615242 -82.446147 -1044.628265 -2963.210601 0.833719 0.163999 0.527273 -0.390515 -0.499985 0.772990 -0.390399 0.850364 0.352803
-8.045385 -83.898442 -1754.084573 -480.597524 0.837762 0.165174 0.520454 -0.438830 -0.363539 0.821747 -0.324936 0.916819 0.232076
-10.000453 -89.184681 -132.917624 25.733371 0.852927 0.144697 0.501575 -0.398811 -0.439364 0.804928 -0.336845 0.886579 0.317039
-4.085132 -112.617829 1145.629039 5822.589618 -0.870427 -0.131341 -0.474453 0.111537 0.886079 -0.449915 0.479495 -0.444538 -0.756618
-4.529444 -102.223140 -1611.101661 6394.039111 -0.862887 -0.151264 -0.482230 -0.002047 0.955198 -0.295960 0.505393 -0.254393 -0.824537
-0.748633 -97.967845 575.226173 7320.965559 -0.872255 -0.161426 -0.461641 -0.028659 0.959202 -0.281264 0.488211 -0.232104 -0.841295
-0.235825 -84.906477 -323.623820 9267.281348 -0.866538 -0.176534 -0.466849 -0.143942 0.984009 -0.104917 0.477905 -0.023715 -0.878091
-1.700771 -104.505925 -962.767308 3734.555805 -0.861554 -0.168609 -0.478848 0.056266 0.905710 -0.420147 0.504538 -0.388923 -0.770831
1.526376 -83.725470 962.994938 8355.482642 -0.870316 -0.195464 -0.452045 -0.153658 0.979820 -0.127837 0.467910 -0.041798 -0.882787
1.288451 -93.102603 -875.936484 5321.191733 -0.863820 -0.197766 -0.463361 -0.071794 0.958667 -0.275323 0.498659 -0.204563 -0.842314
24.567866 -19.648547 -1672.827569 -243.378449 -0.513206 0.825186 0.235981 -0.131940 0.195829 -0.971722 0.848063 0.529829 -0.008375
23.894837 -20.126759 -1648.371733 132.171596 -0.431885 0.804408 0.407926 -0.207054 0.351775 -0.912898 0.877840 0.478730 -0.014629
34.839841 -22.343967 -2415.159989 73.453804 -0.522288 0.820953 0.230763 -0.085078 0.219092 -0.971988 0.848515 0.527290 0.044584
1.477349 -31.327820 6.289272 1955.130126 0.526725 -0.164973 0.833873 0.761363 -0.344675 -0.549113 0.378004 0.924112 -0.055944
0.073650 -32.347372 192.261321 4075.336243 0.482286 -0.146598 0.863660 0.782455 -0.371230 -0.499953 0.393909 0.916895 -0.064333
2.178606 -28.547789 233.707622 2757.567057 0.547929 -0.176136 0.817771 0.731117 -0.374210 -0.570469 0.406498 0.910463 -0.076265
2.093855 -30.847593 -198.846869 2800.420930 0.565280 -0.178171 0.805428 0.703959 -0.404777 -0.583607 0.430000 0.896889 -0.103387
-9.047827 -116.597685 -1713.184025 -3667.696156 0.847798 -0.060907 0.526811 0.525224 0.233811 -0.818213 0.073339 -0.970372 -0.230214
-12.957373 -109.423963 -2321.477735 -4321.041470 0.840599 -0.059420 0.538388 0.541610 0.105309 -0.834007 0.007140 -0.992663 -0.120705
10.797478 -187.513024 2069.966113 11011.369719 -0.506656 0.784948 0.356590 0.341623 0.562534 -0.752894 0.791576 0.259639 0.553167
5.379850 -155.379116 2291.239694 9139.253977 -0.538232 0.760347 0.363564 0.188439 0.529027 -0.827419 0.821460 0.376834 0.428018
2.841256 -141.895591 2526.185911 5406.862186 -0.545598 0.742763 0.388105 0.010367 0.469053 -0.883109 0.837983 0.477799 0.263615
-0.316173 -140.426571 2495.285853 6974.067912 -0.555044 0.749639 0.360511 -0.133698 0.347368 -0.928149 0.821006 0.563363 0.092579
60.222724 -45.926165 4708.074819 1978.701354 0.441879 0.721534 0.533041 0.475250 -0.692250 0.543072 -0.760842 -0.013355 0.648799
4.702821 -296.295405 2542.916902 45740.324973 -0.167036 0.924920 0.341500 0.974158 0.208233 -0.087495 -0.152037 0.318060 -0.935801
12.066300 -248.750130 -1589.074388 -12339.801252 -0.213035 0.927710 0.306545 0.971203 0.166810 0.170116 0.106684 0.333959 -0.936531
6.975181 -245.809496 2189.248117 -5066.746673 -0.221595 0.913153 0.342121 0.960122 0.142979 0.240257 0.170476 0.381717 -0.908422
6.841336 -53.122504 1090.749583 137.259849 0.889643 -0.094943 0.446678 -0.455755 -0.246049 0.855423 -0.028688 0.964596 0.262166
9.458335 -54.327621 1641.260393 -682.185482 0.891507 -0.092895 0.443380 -0.447281 -0.335631 0.829031 -0.071799 0.937402 0.340768
8.208907 -53.582179 676.972502 387.587651 0.875235 -0.092747 0.474722 -0.480153 -0.285200 0.829527 -0.058455 0.953970 0.294150
31.596556 -35.368906 13135.070890 -2334.007538 0.900377 -0.073900 0.428788 -0.413206 0.163508 0.895838 0.136313 0.983770 -0.116683
13.643216 -35.999830 6645.837026 -3061.272513 0.888523 -0.070973 0.453310 -0.440602 0.143748 0.886119 0.128053 0.987066 -0.096453
54.390723 -38.349807 12567.336100 -2244.563603 0.932092 -0.007079 0.362154 -0.355032 0.180368 0.917289 0.071815 0.983574 -0.165606
8.220908 -39.758372 4240.292948 -2567.879733 0.888812 -0.068212 0.453167 -0.448131 0.077505 0.890602 0.095872 0.994656 -0.038320
9.593030 -45.483209 4174.104725 -1766.127565 0.882914 -0.071737 0.464022 -0.467072 -0.033097 0.883600 0.048029 0.996874 0.062728
27.408484 -48.445332 -1097.662826 -2796.322190 -0.115661 0.878767 0.463023 0.893748 -0.111324 0.434536 0.433402 0.464085 -0.772520
19.123802 -20.388515 1991.793633 -9359.689234 0.193053 0.837414 0.511339 0.950216 -0.289469 0.115311 0.244580 0.463622 -0.851608
-4.564927 -21.008580 1020.821392 2916.823395 0.994088 0.069088 0.083757 0.084653 -0.976243 -0.199457 -0.067987 -0.205368 0.976321
-7.988121 -27.607927 815.347701 2431.984550 0.977314 0.184197 0.104537 0.196621 -0.972534 -0.124575 -0.078720 -0.142303 0.986688
-7.359504 -23.841078 668.801860 3096.194125 0.967103 0.222126 0.123979 0.240980 -0.956087 -0.166809 -0.081482 -0.191198 0.978164
-16.083018 -93.980784 536.909976 275.031618 0.819971 0.045468 0.570596 0.562939 -0.244586 -0.789479 -0.103664 -0.968561 0.226149
-13.165426 -91.713291 -1161.001891 1307.598524 0.822887 0.058521 0.565183 0.553211 -0.309510 -0.773409 -0.129669 -0.949094 0.287066
-16.136617 -93.317966 -220.526141 790.081374 0.812096 0.049595 0.581412 0.541915 -0.433603 -0.719942 -0.216397 -0.899738 0.379004
4.511723 -293.974400 -1800.755455 69313.678707 0.729384 0.026037 0.683609 -0.219225 0.955473 0.197512 -0.648028 -0.293926 0.702615
14.773018 -224.083740 -4788.221109 54953.949500 0.687917 0.092343 0.719891 -0.028638 0.994554 -0.100210 -0.725224 0.048320 0.686815
18.700418 -265.671199 465.202137 -43502.242621 -0.663658 0.169999 -0.728463 0.050520 0.981797 0.183093 0.746328 0.084709 -0.660165
-19.076109 -115.786317 -2393.130968 26284.873463 0.467191 0.827922 -0.310286 0.844067 -0.313164 0.435292 0.263218 -0.465267 -0.845129
-11.711998 -118.916835 -7640.995612 32156.995108 0.641413 0.728705 -0.239956 0.722209 -0.467980 0.509322 0.258850 -0.499984 -0.826446
-34.823772 -69.022071 -6066.559607 23342.387212 0.553765 0.780817 -0.289256 0.741421 -0.304257 0.598099 0.378998 -0.545666 -0.747401
-34.109766 -86.011857 2408.400505 -57.991112 0.079178 0.849138 -0.522202 0.899002 0.165522 0.405461 0.430728 -0.501565 -0.750271
-24.572474 -115.082028 3524.817911 1771.086670 0.077619 0.872231 -0.482896 0.889098 0.158590 0.429364 0.451087 -0.462669 -0.763189
2.412586 -84.654180 5014.651211 -5006.824853 -0.796345 0.186573 -0.575347 0.190449 0.980197 0.054255 0.574076 -0.066368 -0.816108
3.356202 -87.595222 3481.127593 -1456.845132 -0.791400 0.165042 -0.588597 0.059220 0.979035 0.194895 0.608423 0.119383 -0.784582
-1.174821 -83.695423 2568.720459 -3777.178133 -0.779478 0.179902 -0.600041 0.156109 0.983440 0.092059 0.606666 -0.021914 -0.794655
4.764203 -48.949429 1976.690708 1532.168411 0.384813 -0.441508 0.810549 0.379297 0.876240 0.297216 -0.841459 0.193066 0.504651
