19035
38047
-34.683654 -58.320015 -2590.972343 6062.931245 0.195211 0.969430 -0.148655 0.964346 -0.217341 -0.150996 0.178689 0.113879 0.977293
-40.578570 -69.397695 2496.406154 6172.643489 -0.044255 -0.988601 0.143907 0.996125 -0.054625 -0.068929 0.076004 0.140299 0.987188
-40.412696 -69.738033 -1184.780333 11025.276643 -0.223657 0.973807 -0.040960 0.960046 0.212855 -0.181672 0.168195 0.079956 0.982506
-36.982031 -59.794236 600.811919 4325.577199 -0.311289 -0.915375 0.255317 0.939942 -0.336159 -0.059212 0.140029 0.221551 0.965042
-29.219895 -48.737887 -3944.794070 7420.479575 0.206675 0.971768 -0.113807 0.942136 -0.229040 -0.244785 0.263941 0.056631 0.962875
-29.656316 -50.032076 -1053.454545 3832.325889 0.501972 0.824895 -0.259947 0.832343 -0.542418 -0.113965 0.235009 0.159158 0.958874
85.678255 -38.621335 31547.858283 6681.612274 -0.163520 0.845331 0.508603 0.528866 0.510315 -0.678143 0.832803 -0.158093 0.530514
47.151993 -54.286137 12324.091674 -1233.800200 -0.091805 0.945716 0.311758 0.531345 0.311308 -0.787883 0.842166 -0.093320 0.531081
43.482581 -37.856677 4656.906502 3296.065363 -0.001136 0.963346 0.268259 0.433114 0.242266 -0.868170 0.901338 -0.115201 0.417514
-6.716459 -16.014882 -8505.043838 -8143.496284 -0.466884 0.792820 0.391734 0.705651 0.600995 -0.375314 0.532987 -0.101199 0.840050
-5.208251 -46.887589 -951.392293 -22983.429714 -0.473411 0.796738 0.375620 0.716013 0.596452 -0.362726 0.513037 -0.097230 0.852842
-6.134928 -29.789473 -13783.994548 -10438.818928 -0.460365 0.791795 0.401405 0.694052 0.602955 -0.393367 0.553494 -0.097503 0.827126
-17.125535 -20.475580 -10560.293508 7794.305235 0.527792 0.819126 -0.224650 0.688396 -0.567460 -0.451775 0.497540 -0.083795 0.863384
-22.108755 -31.499212 -15093.787041 -8631.161713 -0.368045 0.883760 0.288981 0.760018 0.464983 -0.454051 0.535644 -0.052520 0.842809
59.438327 -35.383794 -330.323404 -1522.696846 0.681218 -0.557499 0.474485 0.728342 0.581536 -0.362401 -0.073892 0.592461 0.802203
73.282290 -42.815369 -8938.852952 -3689.023291 0.638450 -0.641582 0.425152 0.763219 0.599079 -0.242076 -0.099388 0.479038 0.872150
52.135326 -26.047032 -7590.510929 -1996.275773 0.584705 -0.578433 0.568801 0.789620 0.566604 -0.235499 -0.186065 0.586835 0.788039
40.674412 -18.675978 -5463.430951 -1184.631396 0.615301 -0.475719 0.628567 0.749543 0.599994 -0.279629 -0.244112 0.643194 0.725748
55.759403 -22.486173 -4464.074653 -587.333022 0.671299 -0.444790 0.592890 0.718141 0.588243 -0.371810 -0.183386 0.675375 0.714310
50.278339 -20.032927 -17355.975616 -3158.726127 0.436820 -0.612168 0.659119 0.846314 0.528000 -0.070492 -0.304862 0.588614 0.748727
59.579995 -26.955455 2044.799307 -2259.569194 0.686453 -0.497372 0.530475 0.716736 0.585942 -0.378103 -0.122769 0.639760 0.758706
8.296586 -16.827050 -3196.793735 428.839318 -0.208220 0.798025 -0.565510 0.849991 0.433691 0.299042 -0.483900 0.418412 0.768617
7.746367 -16.342234 -3460.464739 197.846548 -0.069142 0.863088 -0.500299 0.854455 0.310079 0.416843 -0.514904 0.398662 0.758909
12.421616 -13.562885 -155.709872 725.971650 -0.129245 0.805648 -0.578124 0.854960 0.385881 0.346611 -0.502334 0.449475 0.738670
-0.738056 -21.448307 -6834.167058 780.876415 -0.107607 0.867290 -0.486034 0.859959 0.326515 0.392248 -0.498890 0.375760 0.780969
10.642447 -13.713135 539.538132 266.653719 -0.192434 0.770019 -0.608308 0.853958 0.436800 0.282774 -0.483450 0.465055 0.741620
-0.417946 -22.395214 -6076.460666 -32.054669 -0.336341 0.744436 -0.576792 0.822062 0.530892 0.205832 -0.459443 0.404929 0.790534
7.394619 -16.624874 -2010.299958 -552.415768 -0.339642 0.712894 -0.613535 0.819386 0.544538 0.179126 -0.461791 0.441883 0.769083
14.649891 -34.183373 2707.375566 -2617.678980 0.084586 0.995855 -0.033431 0.804468 -0.048456 0.592016 -0.587942 0.076970 0.805232
7.825818 -34.405411 5491.902714 -1068.721105 0.154699 0.987658 -0.024500 0.808980 -0.112399 0.576991 -0.567115 0.109080 0.816383
8.096674 -36.438436 4204.123005 -751.785745 0.097798 0.994285 -0.042813 0.854743 -0.061883 0.515349 -0.509754 0.086994 0.855910
13.414286 -38.550408 1683.494866 -1752.002836 0.032751 0.998752 -0.037698 0.853175 -0.008291 0.521559 -0.520596 0.049245 0.852382
7.357452 -37.238123 3449.196698 564.467021 0.044225 0.997322 -0.058241 0.900915 -0.014620 0.433749 -0.431736 0.071653 0.899149
0.241736 -35.002203 3541.368417 561.577772 0.090039 0.994999 -0.043247 0.895322 -0.061847 0.441104 -0.436223 0.078436 0.896413
-6.912737 -121.612055 -3408.337720 -2670.702806 -0.055869 0.988951 0.137310 -0.841225 -0.120700 0.527040 -0.537790 0.086063 -0.838674
-6.492623 -117.864041 -3400.675804 2165.095209 -0.089235 0.982844 0.161415 -0.686878 -0.178085 0.704617 -0.721274 0.047996 -0.690985
-12.329086 -114.301303 -1217.486751 -1689.282311 -0.032138 0.980062 0.196074 -0.788397 -0.145436 0.597728 -0.614327 0.135374 -0.777352
1.740864 -126.187236 -3767.258893 -2536.270869 -0.090645 0.986281 0.137964 -0.821885 -0.152319 0.548912 -0.562396 0.063634 -0.824416
-12.831354 -113.373731 -851.115932 -2563.365234 0.004126 0.982551 0.185949 -0.906457 -0.074849 0.415612 -0.422278 0.170269 -0.890331
-6.478084 -116.396562 -3303.553729 -325.133998 -0.023451 0.991955 0.124396 -0.937148 -0.065144 0.342797 -0.348143 0.108539 -0.931137
3.144263 -120.739603 -4316.312840 -1682.836806 -0.069170 0.990941 0.115113 -0.926276 -0.106643 0.361441 -0.370443 0.081626 -0.925262
-10.836587 -84.767301 -745.250040 -589.805645 0.194294 0.971997 0.132180 -0.952093 0.219299 -0.213135 0.236153 0.084437 -0.968040
-7.366562 -87.133133 -1106.886703 454.598630 0.206188 0.974575 0.087687 -0.953109 0.220314 -0.207474 0.221518 0.040796 -0.974303
-10.498671 -85.479358 -745.620478 1384.947633 0.181681 0.975136 0.126892 0.980548 -0.189394 0.051526 0.074277 0.115062 -0.990577
-7.432534 -88.127849 -924.637566 1321.269763 0.223620 0.969432 0.100971 -0.896141 0.245236 -0.369853 0.383309 0.007778 -0.923588
-12.814236 -84.196321 -419.214997 945.106670 0.171375 0.968552 0.180380 0.982480 -0.181622 0.041790 0.073237 0.170058 -0.982709
-13.177323 -83.163200 -459.592666 -770.330757 0.179869 0.966527 0.182958 -0.953926 0.216789 -0.207431 0.240151 0.137218 -0.960988
-10.864695 -85.124693 -734.471409 454.152305 0.208503 0.968169 0.138474 -0.894933 0.245977 -0.372276 0.394488 0.046304 -0.917734
23.040411 -43.294587 15066.304842 596.872391 0.318107 -0.713709 -0.624042 0.900604 0.433124 -0.036274 0.296176 -0.550475 0.780549
-3.702281 -51.974721 13056.223325 -694.089634 0.489287 -0.604944 -0.628204 0.816210 0.571398 0.085477 0.307245 -0.554569 0.773339
36.939604 -46.360095 21446.962399 -273.992264 0.265262 -0.716780 -0.644874 0.941522 0.336700 0.013041 0.207781 -0.610622 0.764178
56.407488 -40.663553 15830.435127 -392.785267 0.195662 -0.797136 -0.571218 0.961508 0.270522 -0.048164 0.192920 -0.539807 0.819384
41.413192 -38.314211 12380.820104 -17.395938 0.226258 -0.797448 -0.559360 0.932462 0.343359 -0.112333 0.281641 -0.496166 0.821278
1911.982205 -148.803276 -2749920.382796 64601.844328 -0.447526 -0.622302 -0.642231 0.735664 0.152130 -0.660041 0.508448 -0.767852 0.389723
3518.228115 -468.626451 10324392.225550 219796.641161 -0.142930 0.939971 0.309879 -0.550529 -0.335693 0.764348 -0.822490 0.061349 -0.565462
18987.893146 -381.445914 27733907.532080 -256403.557227 0.783146 -0.458853 0.419686 0.506584 0.079363 -0.858530 -0.360632 -0.884961 -0.294600
-4.132800 -51.975675 -492.179900 -521.245723 -0.058702 0.963025 0.262938 0.334223 -0.229232 0.914192 -0.940664 -0.141545 0.308409
-5.160297 -54.710260 -492.961969 -852.709507 -0.040563 0.954434 0.295653 0.496828 -0.237458 0.834731 -0.866900 -0.180748 0.464558
-5.818915 -51.120488 -385.279815 -210.670688 -0.051643 0.970205 0.236718 0.374765 -0.200884 0.905095 -0.925680 -0.135456 0.353225
-6.778354 -105.202771 3568.598092 -3175.194722 0.691704 -0.369448 0.620528 -0.443865 0.460306 0.768832 0.569676 0.807234 -0.154410
-4.225931 -110.235512 4466.196803 -3904.060471 0.692241 -0.384000 0.611021 -0.532779 0.299163 0.791611 0.486774 0.873525 -0.002506
0.738027 -106.125067 3527.400910 -2782.291364 0.680589 -0.366500 0.634411 -0.442995 0.483839 0.754755 0.583571 0.794718 -0.166938
-2.306585 -98.804988 3052.006771 -2530.308390 0.681788 -0.354126 0.640125 -0.343596 0.617490 0.707564 0.645838 0.702353 -0.299321
6.893358 -105.761074 1884.449326 -4237.784734 0.686841 -0.346476 0.638908 -0.426804 0.519254 0.740414 0.588292 0.781236 -0.208768
5.379757 -97.410574 3163.498960 -3732.284300 0.675413 -0.350374 0.648888 -0.326382 0.647018 0.689088 0.661280 0.677205 -0.322649
-4.808606 -231.620779 -573.477117 18351.191487 0.757614 0.084198 0.647249 0.405116 0.716857 -0.567447 0.511764 -0.692117 -0.508991
-2.563141 -243.307586 642.366158 6072.589806 0.771652 0.112829 0.625957 0.519884 0.455089 -0.722921 0.366433 -0.883269 -0.292513
-6.529854 -218.134162 2362.780289 24021.570328 0.754341 0.119033 0.645601 0.393130 0.705684 -0.589457 0.525755 -0.698457 -0.485531
-22.212635 -170.806490 -1784.534547 -2068.224682 0.792765 -0.163871 0.587086 0.464037 -0.462261 -0.755635 -0.395213 -0.871471 0.290422
-24.212539 -165.507073 -2811.678693 -5089.093233 0.799531 -0.188032 0.570434 0.336634 -0.646256 -0.684858 -0.497422 -0.739592 0.453404
-18.069621 -161.316089 -5536.508901 -2530.865631 0.757852 -0.180766 0.626885 0.483386 -0.489746 -0.725594 -0.438177 -0.852920 0.283775
-23.099492 -173.241844 1692.973593 -6793.645999 0.828643 -0.151748 0.538816 0.334689 -0.637250 -0.694187 -0.448702 -0.755569 0.477265
-13.803806 -160.471675 -3983.214914 4832.843997 0.741129 -0.155459 0.653116 0.600130 -0.282681 -0.748288 -0.300952 -0.946532 0.116208
-19.842329 -187.188125 1562.156351 2856.052347 0.823245 -0.133211 0.551836 0.450954 -0.437016 -0.778240 -0.344831 -0.889535 0.299699
-16.484364 -170.611748 -1003.731753 7988.365268 0.782390 -0.143819 0.605956 0.567413 -0.236468 -0.788749 -0.256727 -0.960936 0.103406
-4.207638 -224.918163 1370.502986 -1325.611303 0.780778 0.133381 0.610405 0.552784 0.307902 -0.774355 0.291230 -0.942022 -0.166672
-2.597177 -218.422760 436.603470 -14130.095825 0.792674 0.127892 0.596080 0.595569 0.046449 -0.801960 0.130252 -0.990700 0.039350
-3.866004 -222.068547 -249.486517 -4444.624408 0.795832 0.120175 0.593472 0.552489 0.256990 -0.792914 0.247804 -0.958913 -0.138125
-4.751854 -41.896414 395.835795 -2420.190606 0.858555 -0.405023 0.314389 0.124777 0.759792 0.638081 0.497307 0.508599 -0.702860
-3.735227 -41.507010 -167.389519 -3195.323177 -0.865206 0.396123 -0.307417 0.148210 0.787737 0.597916 0.479012 0.471758 -0.740264
-5.278164 -45.485218 -1031.440060 -1117.537351 0.873276 -0.338965 0.349988 0.030723 0.755209 0.654764 0.486256 0.561037 -0.669920
19.127725 -76.634649 -5941.707161 14892.795927 0.706710 0.696081 0.126620 -0.631501 0.701304 -0.330723 -0.319009 0.153765 0.935195
6.790445 -58.568888 -6285.093294 13587.433021 0.740391 0.651111 0.166958 -0.526451 0.716142 -0.458247 -0.417935 0.251387 0.873003
19.713516 -60.540988 -6607.635778 12397.801079 0.721688 0.679898 0.130017 -0.576693 0.694433 -0.430335 -0.382872 0.235588 0.893257
71.016764 -297.033464 -11532.774576 14664.236683 -0.859086 0.329908 -0.391321 0.291272 0.943796 0.156235 0.420871 0.020238 -0.906895
60.424898 -307.559550 21227.754231 34625.437792 -0.894314 0.311154 -0.321537 0.320262 0.946982 0.025634 0.312466 -0.080051 -0.946550
66.824990 -306.829880 23914.652634 14953.768933 -0.882965 0.302262 -0.359181 0.350336 0.933568 -0.075597 0.312470 -0.192584 -0.930201
22.573040 -756.617550 22582.872946 -184073.632487 0.654246 -0.112013 0.747941 0.496027 0.810098 -0.312567 0.570894 -0.575495 -0.585565
41.441532 -806.841960 17223.087315 138379.660064 0.671868 -0.089711 0.735217 0.616182 0.618503 -0.487620 0.410989 -0.780645 -0.470831
39.526912 -718.408174 11820.820014 -174814.352311 0.665628 -0.078724 0.742120 0.497823 0.787678 -0.362955 0.555978 -0.611037 -0.563491
19.955784 -823.800220 -3732.272080 -331471.841198 -0.658585 0.108973 -0.744574 0.334259 0.928850 -0.159714 0.674193 -0.354066 -0.648152
-567.301382 -2199.100819 -327515.847955 -73777.156142 0.681443 0.003362 0.731864 0.633006 0.499208 -0.591688 0.367341 -0.866476 -0.338053
-978.350519 -5300.462865 -503308.462803 465423.898006 0.775253 0.488442 0.400509 0.559278 -0.236094 -0.794649 0.293582 -0.840050 0.456207
-766.743959 -4471.401509 -523826.511849 2819353.206184 0.875873 0.034732 0.481290 0.418198 -0.552248 -0.721202 -0.240743 -0.832956 0.498224
-525.247952 -4901.034243 -342412.569907 3506219.826502 0.863379 -0.034021 0.503408 0.404200 -0.550533 -0.730436 -0.301993 -0.834120 0.461567
-337.130377 -2061.370045 226965.652066 -299946.236541 -0.675101 0.063813 -0.734960 0.685058 0.423896 -0.592459 0.273741 -0.903460 -0.329888
13.696486 -53.223550 -6055.559302 2383.985668 0.593618 0.004564 0.804734 0.028251 0.999249 -0.026506 -0.804251 0.038469 0.593044
23.763577 -49.450735 -3856.840053 1666.020334 0.631065 0.043726 0.774497 -0.021649 0.999014 -0.038762 -0.775428 0.007695 0.631389
13.640157 -55.869178 -5252.418326 -991.657112 0.583220 0.095671 0.806661 -0.144722 0.989391 -0.012709 -0.799319 -0.109329 0.590878
-1.740279 -78.772626 234.291855 -692.222516 -0.705423 0.218744 -0.674188 0.162050 0.975767 0.147036 0.690014 -0.005529 -0.723775
-4.433547 -81.907191 -1351.667738 3130.538696 -0.701001 0.186643 -0.688304 0.240129 0.970562 0.018622 0.671518 -0.152228 -0.725183
-3.959123 -75.749593 -731.838675 135.677912 -0.692960 0.231050 -0.682952 0.212792 0.970605 0.112455 0.688859 -0.067400 -0.721755
-0.733947 -76.520493 -448.668157 -2009.220128 -0.685999 0.282673 -0.670449 0.121273 0.952980 0.277708 0.717425 0.109200 -0.688024
1.528044 -78.042023 828.695807 -1092.639742 -0.701010 0.256823 -0.665302 0.062444 0.951426 0.301478 0.710412 0.169795 -0.682996
-52.603954 -66.658798 6695.019951 -3847.408840 0.699329 0.711907 -0.064247 0.661758 -0.610837 0.434688 -0.270213 0.346506 0.898286
-48.203128 -68.234931 6293.077931 -3601.696496 0.709634 0.696226 -0.108113 0.677835 -0.632753 0.374384 -0.192247 0.338958 0.920950
-39.179516 -60.292526 -7393.561044 -2618.034898 -0.522911 -0.815859 0.246854 0.810869 -0.386842 0.439141 -0.262783 0.429798 0.863839
-8.122500 -27.782640 66.586959 1997.893129 -0.170361 0.879225 0.444906 -0.586411 0.272389 -0.762841 0.791896 0.390856 -0.469183
-6.502245 -21.040881 1057.267478 2694.747624 -0.236979 0.896367 0.374655 -0.631276 0.151058 -0.760705 0.738466 0.416782 -0.530057
-5.545615 -24.735161 692.997258 2387.651067 -0.278553 0.902732 0.327845 -0.577389 0.115378 -0.808276 0.767483 0.414442 -0.489089
-9.480914 -33.016069 -951.648469 1538.850054 -0.152172 0.873103 0.463180 -0.523677 0.326222 -0.786983 0.838216 0.362313 -0.407582
-9.214736 -33.852402 -107.655361 1226.486959 -0.106493 0.852340 0.512032 -0.515810 0.392893 -0.761298 0.850058 0.345184 -0.397805
-8.130214 -29.671205 349.396148 1957.633828 -0.254148 0.896196 0.363651 -0.532954 0.183989 -0.825898 0.807074 0.403710 -0.430871
-36.992235 -39.186508 9978.498451 -2468.243328 -0.697232 0.669669 -0.255754 0.248099 0.560159 0.790360 -0.672543 -0.487612 0.556705
-28.672816 -36.418572 -5831.127948 6738.564318 0.670160 -0.138211 0.729235 -0.283699 0.860204 0.423750 -0.685857 -0.490863 0.537265
-31.549811 -43.386424 -13214.987182 5587.974038 0.696577 -0.195633 0.690296 -0.274438 0.816295 0.508277 -0.662921 -0.543498 0.514923
-27.071552 -36.550418 4050.070035 -8264.559872 -0.389571 0.889896 0.237319 0.622610 0.064586 0.779862 -0.678669 -0.451568 0.579219
27.153437 -70.459283 -1076.457519 -19986.778351 0.189858 0.906792 0.376406 -0.356993 0.420897 -0.833908 0.914609 -0.023950 -0.403629
29.049264 -195.431530 -983.671024 -111208.827711 0.157968 0.929662 0.332829 -0.372440 0.368261 -0.851864 0.914513 -0.010609 -0.404416
25.993195 -142.156252 -2499.667225 -72984.547591 0.256137 0.921520 0.291881 -0.380913 0.373743 -0.845708 0.888425 -0.105436 -0.446748
26.232059 -410.384317 -3071.835026 -232129.111563 0.208004 0.943588 0.257636 -0.483439 0.328152 -0.811544 0.850307 -0.044253 -0.524424
20.631068 -229.559766 -3213.037681 -108672.030451 0.298628 0.927397 0.225289 -0.522230 0.356374 -0.774773 0.798810 -0.113716 -0.590738
22.604660 -72.328473 -2338.520571 -6777.623720 0.265362 0.923689 0.276373 -0.372898 0.362668 -0.854060 0.889118 -0.123577 -0.440680
-547.856397 -7107.451271 233358.871798 -7541568.154230 0.316530 -0.039271 -0.947769 0.847289 0.460948 0.263872 0.426510 -0.886558 0.179178
-596.097077 -1518.394172 359206.144077 -704201.496607 0.393714 0.221381 -0.892177 0.653758 0.614864 0.441070 0.646212 -0.756923 0.097351
-908.862058 -1929.004108 423179.911245 -152581.067143 0.593587 -0.139431 -0.792599 0.424065 0.891241 0.160804 0.683976 -0.431565 0.588157
30.295512 -84.628281 334.341430 -35028.419601 0.115514 0.903000 0.413820 -0.342362 0.427275 -0.836794 0.932440 0.045015 -0.358509
-16.205477 -99.453502 -302.260832 21031.041801 -0.183675 -0.085136 0.979293 -0.064969 0.995115 0.074326 -0.980838 -0.049971 -0.188309
-7.830851 -96.591122 -6295.030444 22990.161063 -0.232470 0.146572 0.961496 0.003334 0.988694 -0.149912 -0.972598 -0.031644 -0.230330
-1.146178 -126.278550 -2198.880271 16325.672841 -0.191689 0.020042 0.981251 -0.230333 0.970950 -0.064828 -0.954045 -0.238442 -0.181504
-22.792768 -66.005834 -5944.849231 22816.881490 -0.217948 0.162650 0.962311 0.167120 0.977671 -0.127396 -0.961545 0.133056 -0.240264
-28.920933 -72.816692 3431.247710 9856.537685 -0.218550 -0.364240 0.905298 0.041284 0.923444 0.381507 -0.974952 0.120753 -0.186782
-36.217727 -108.667389 2520.932606 -2863.756479 -0.281570 0.614204 -0.737206 -0.483009 0.573129 0.661985 -0.829108 -0.542473 -0.135290
-27.627569 -100.130434 4039.204996 14782.409225 -0.323737 0.673472 -0.664552 -0.253210 0.615087 0.746694 -0.911636 -0.410003 0.028597
-34.356120 -102.821939 -4860.719778 742.216123 -0.352300 0.724185 -0.592824 -0.357981 0.480991 0.800311 -0.864716 -0.494169 -0.089791
-42.296222 -93.323741 -2449.229450 -9905.088589 -0.256758 0.605500 -0.753289 -0.593924 0.516029 0.617227 -0.762450 -0.605874 -0.227126
-40.966961 -92.497257 -488.806644 -5195.467709 -0.330182 0.773605 -0.540847 -0.446032 0.377106 0.811694 -0.831887 -0.509242 -0.220539
43.562609 -70.421067 3161.571431 -4761.528570 -0.155959 0.987743 0.006394 -0.971834 -0.154598 0.177872 -0.176680 -0.021526 -0.984033
47.061138 -69.729773 -164.136364 -1136.948924 -0.180079 0.980384 0.080122 -0.970247 -0.190436 0.149514 -0.161839 0.050814 -0.985508
43.963343 -68.895957 -1978.125839 -8954.237185 -0.220899 0.973518 0.058881 -0.951307 -0.228380 0.207020 -0.214985 0.010284 -0.976563
38.149554 -79.530149 157.234298 -11743.343207 -0.218512 0.975456 0.027158 -0.937702 -0.217596 0.270863 -0.270124 -0.033721 -0.962235
38.117856 -87.685827 -5689.179488 -11235.118876 -0.270836 0.961083 0.054472 -0.911997 -0.274291 0.305001 -0.308072 -0.032927 -0.950793
-33.706699 -55.143603 2487.485722 -125.709140 -0.230378 0.972864 -0.021478 -0.971359 -0.228589 0.064881 -0.058211 -0.035810 -0.997662
-32.337637 -53.361073 200.075236 1879.411542 -0.215562 0.975946 0.032582 -0.972100 -0.217634 0.087505 -0.092491 0.012811 -0.995631
-33.394990 -57.251461 79.822909 2995.607611 -0.168210 0.985439 -0.024801 -0.985367 -0.168794 -0.023691 0.027533 -0.020453 -0.999412
-35.191874 -58.717681 2265.135800 -1011.500664 -0.204461 0.975101 -0.085865 0.977039 0.208660 0.043072 0.059916 -0.075087 -0.995375
-34.763949 -58.861196 -2166.394127 3099.787047 -0.176660 0.984008 -0.022793 -0.976673 -0.178121 -0.119928 0.122070 -0.001075 -0.992521
-34.441345 -58.473087 278.149841 1195.788189 -0.154155 0.984818 -0.079812 -0.975414 -0.164562 -0.146583 0.157491 -0.055253 -0.985973
-39.051999 -65.368018 -6694.003191 80.349294 -0.159736 -0.644016 0.748149 -0.049813 0.762174 0.645453 -0.985902 0.065835 -0.153827
-40.133961 -63.762215 -4537.492270 2141.893817 -0.198647 -0.533924 0.821867 -0.150004 0.845262 0.512866 -0.968524 -0.021404 -0.247999
-49.877600 -73.327212 -3034.004530 4550.262856 -0.119189 -0.308323 0.943785 -0.094664 0.949760 0.298320 -0.988349 -0.053786 -0.142388
-24.303309 -59.765435 6967.495208 -1228.943865 0.214922 0.763639 -0.608822 -0.135835 0.640704 0.755677 -0.967139 0.079713 -0.241430
-49.468802 -72.447453 -3090.272998 3186.358997 -0.039832 -0.384553 0.922243 0.013227 0.922692 0.385311 -0.999119 0.027546 -0.031666
-37.771343 -65.890538 -7335.293006 -538.230687 -0.130607 -0.682432 0.719186 0.067997 0.717526 0.693205 -0.989100 0.139440 -0.047311
-20.705595 -63.490982 7183.005189 -1215.804571 0.201867 0.791647 -0.576667 0.007819 0.587467 0.809211 -0.979382 0.167862 -0.112400
2.243094 -43.831404 -3966.623763 -126.169092 -0.159303 0.938682 -0.305775 0.942642 0.052597 -0.329634 -0.293339 -0.340749 -0.893220
-2.966500 -44.617748 -3005.298341 -645.367247 -0.160214 0.943133 -0.291259 0.964801 0.087284 -0.248075 -0.208545 -0.320752 -0.923919
17.777903 -44.085039 -12408.459182 617.814950 -0.193423 0.924563 -0.328284 0.949122 0.091578 -0.301300 -0.248507 -0.369859 -0.895236
-11.089657 -44.722194 951.166905 -1564.259722 -0.145782 0.958345 -0.245606 0.952149 0.068504 -0.297859 -0.268627 -0.277276 -0.922473
23.893315 -43.293063 -14578.045181 544.034351 -0.208050 0.925195 -0.317380 0.915829 0.070318 -0.395363 -0.343471 -0.372921 -0.861950
-8.128672 -43.379590 910.479032 1044.752549 -0.127246 0.955088 -0.267609 -0.930670 -0.021661 0.365219 -0.343019 -0.295528 -0.891628
4.554214 -42.984950 -8529.178942 285.281082 -0.163071 0.935371 -0.313830 -0.910523 -0.020183 0.412966 -0.379942 -0.353092 -0.854968
41.913990 -42.842492 9628.558083 285.618438 0.071367 0.859644 0.505885 0.994106 -0.019807 -0.106584 -0.081604 0.510510 -0.855991
27.063993 -42.025090 9067.773775 185.387018 0.090435 0.831451 0.548188 0.992799 -0.031848 -0.115478 -0.078556 0.554684 -0.828345
41.046614 -43.945822 10428.091550 535.411448 0.094822 0.853284 0.512752 0.979456 0.012116 -0.201292 -0.177972 0.521305 -0.834606
39.066874 -45.705578 11294.795609 960.822889 0.116539 0.848193 0.516708 0.954598 0.047950 -0.294013 -0.274156 0.527512 -0.804095
47.149363 -46.422278 3323.246741 891.350541 0.082079 0.909157 0.408285 0.956521 0.043182 -0.288450 -0.279877 0.414208 -0.866083
-55.404945 -70.966026 2006.397180 9624.200310 0.568596 0.047336 0.821254 0.170825 0.969786 -0.174168 -0.804685 0.239322 0.543330
-58.610521 -83.597587 378.911776 7232.090282 0.487225 -0.016397 0.873123 0.095059 0.994878 -0.034362 -0.868088 0.099740 0.486288
-56.891809 -84.613499 3439.903417 6770.189474 0.618245 0.105447 0.778880 0.023132 0.988090 -0.152131 -0.785645 0.112071 0.608443
-60.359829 -93.788171 981.868768 3588.837912 0.510624 0.046728 0.858534 -0.067257 0.997633 -0.014297 -0.857170 -0.050442 0.512558
-44.996111 -77.272987 4701.635544 7255.322345 0.724260 0.249928 0.642638 -0.059651 0.951214 -0.302709 -0.686942 0.180906 0.703835
-52.183657 -71.161204 5021.986400 6837.810273 0.666741 0.225927 0.710221 0.027430 0.944862 -0.326319 -0.744785 0.237052 0.623781
1.188547 -51.343472 -171.682407 12607.086285 0.339212 0.939783 -0.041750 -0.519433 0.150116 -0.841222 0.784299 -0.307039 -0.539075
2.681656 -61.632219 566.934239 10213.607116 0.292377 0.949511 -0.113775 -0.502653 0.051374 -0.862961 0.813545 -0.309499 -0.492295
-2.177235 -68.372217 1063.007053 10307.666594 0.294946 0.950523 -0.097531 -0.407179 0.032690 -0.912763 0.864414 -0.308928 -0.396675
3.949109 -39.531745 2402.485310 823.696046 0.466972 0.868991 -0.163683 0.578764 -0.440305 -0.686414 0.668558 -0.225802 0.708550
6.753892 -36.519089 1887.122453 1971.183272 0.426139 0.899368 -0.097685 0.573994 -0.352261 -0.739218 0.699240 -0.258939 0.666344
12.614576 -39.009689 1797.529164 2854.279312 0.506166 0.838840 -0.200358 0.465978 -0.461488 -0.754913 0.725714 -0.288749 0.624471
-4.523695 -39.379482 122.460859 1373.174124 0.406919 0.911807 -0.054989 0.673799 -0.340258 -0.655911 0.616775 -0.229851 0.752833
8.511958 -41.540242 3312.227228 -724.677457 0.529733 0.810265 -0.250708 0.486064 -0.532248 -0.693147 0.695072 -0.245323 0.675790
0.386649 -41.612665 3743.938607 -347.980792 0.502692 0.837239 -0.215250 0.583371 -0.512302 -0.630258 0.637950 -0.191255 0.745950
-6.624593 -41.347511 783.468095 633.422387 0.449795 0.885462 -0.116793 0.671237 -0.421407 -0.609800 0.589173 -0.195890 0.783902
305.037906 -38.375592 307281.534486 -535.706175 0.234704 0.960475 0.149672 0.820560 -0.113212 -0.560236 0.521148 -0.254305 0.814699
147.375310 -33.651055 198085.752122 -356.086998 0.195190 0.979256 0.054390 0.801602 -0.127335 -0.584141 0.565098 -0.157618 0.809828
224.476512 -34.153526 292808.897770 1393.513294 0.188171 0.948580 0.254535 0.798021 0.003398 -0.602620 0.572498 -0.316520 0.756347
500.554765 -56.550977 570708.921448 -4910.218172 0.262163 0.891055 0.370530 0.823112 -0.006044 -0.567847 0.503743 -0.453856 0.735022
575.170814 -52.565107 -425311.008526 1809.922129 -0.372570 -0.862730 -0.341891 0.810718 -0.123311 -0.572303 0.451584 -0.490400 0.745372
-0.137764 -125.433674 1620.949255 -1398.536477 0.825909 0.377703 0.418587 -0.326583 -0.284703 0.901270 -0.459585 0.881070 0.111787
-3.588499 -126.647028 983.380241 -1824.676086 0.813220 0.379491 0.441203 -0.342089 -0.301602 0.889950 -0.470796 0.874656 0.115450
-4.049120 -127.439799 1413.475440 -1738.017438 0.819532 0.378829 0.429948 -0.232181 -0.466432 0.853541 -0.523888 0.799331 0.294299
-2.069472 -90.225616 365.690150 -1395.013124 0.855388 0.337321 0.393098 0.439516 -0.874247 -0.206196 -0.274110 -0.349151 0.896079
-1.814529 -81.203433 357.327765 517.528273 0.842860 0.365755 0.394728 0.465028 -0.864175 -0.192225 -0.270807 -0.345579 0.898465
-0.895060 -90.610152 579.109509 -1077.198239 0.829670 0.387513 0.401848 -0.444108 0.894314 0.054509 -0.338255 -0.223688 0.914083
-3.198934 -83.515015 133.842857 -2153.353188 0.874039 0.308483 0.375358 0.438384 -0.833801 -0.335552 -0.209461 -0.457837 0.864009
-2.378283 -98.989445 492.015399 558.023409 0.835531 0.371474 0.404840 -0.429434 0.901142 0.059417 -0.342746 -0.223497 0.912455
-2.463113 -92.632408 78.055156 -2075.812991 0.879361 0.289572 0.377985 0.426631 -0.831675 -0.355391 -0.211449 -0.473778 0.854882
-2.558500 -99.665843 59.657991 -1675.003608 0.857487 0.324335 0.399402 0.432938 -0.874285 -0.219522 -0.277993 -0.361154 0.890106
-3.848968 -119.033884 -375.808578 -8578.057956 0.262655 0.962509 -0.067747 -0.446939 0.183587 0.875523 -0.855136 0.199682 -0.478403
-4.779818 -115.091887 -261.048287 -8589.465867 0.271484 0.961535 -0.041790 -0.460156 0.167814 0.871834 -0.845312 0.217459 -0.488015
-5.177813 -101.526540 -437.105224 -5795.479931 0.281580 0.954849 -0.094738 -0.638287 0.260113 0.724521 -0.716451 0.143540 -0.682711
-3.284465 -125.013852 -127.760257 -6701.694534 0.260324 0.965242 -0.023230 -0.208769 0.079763 0.974707 -0.942681 0.248889 -0.222277
-3.990623 -106.783462 -359.933573 -6822.225695 0.281712 0.952462 -0.115995 -0.636411 0.275954 0.720299 -0.718066 0.129096 -0.683897
-2.645952 -128.827370 -384.290640 -5735.457516 0.248706 0.967557 -0.044474 -0.190798 0.093957 0.977122 -0.949601 0.234531 -0.207976
-2.795198 -124.529372 -384.156499 -8610.179582 0.261398 0.961276 -0.087288 -0.438827 0.198900 0.876282 -0.859711 0.190754 -0.473826
-10.089198 -139.282642 2857.303159 -1678.569674 0.809817 0.392477 0.436071 0.504030 -0.845821 -0.174758 -0.300250 -0.361314 0.882781
-5.466048 -130.913345 2154.232573 84.815663 0.822732 0.383399 0.419664 0.496556 -0.844096 -0.202322 -0.276667 -0.374843 0.884844
-10.263658 -137.525086 2675.649744 -772.411950 0.791966 0.426856 0.436559 -0.471028 0.882082 -0.007981 -0.388488 -0.199311 0.899640
-4.447610 -132.865112 2683.858108 -1830.118046 0.841502 0.356948 0.405541 0.508599 -0.776578 -0.371824 -0.182213 -0.519148 0.835035
-16.595030 -146.209985 2973.216122 -545.345758 0.774613 0.434565 0.459487 -0.473206 0.880265 -0.034779 -0.419584 -0.190492 0.887504
-18.135304 -155.992745 2478.840252 -9187.335056 0.802785 0.385450 0.454934 0.501206 -0.849515 -0.164672 -0.323000 -0.360212 0.875168
-9.756927 -145.615213 2131.982924 -6450.215881 0.832863 0.352266 0.426906 0.513131 -0.780538 -0.357012 -0.207453 -0.516400 0.830839
-9.972517 -113.775016 -86.428077 8801.882549 -0.718088 -0.275364 -0.639159 0.185687 0.809296 -0.557279 0.670724 -0.518859 -0.530014
-8.699235 -102.234370 -583.664896 -2413.161037 -0.708005 -0.309986 -0.634537 0.104611 0.842566 -0.528336 0.698416 -0.440444 -0.564113
-8.425995 -107.225487 -631.915209 5763.367208 -0.695803 -0.275845 -0.663150 0.231787 0.787665 -0.570840 0.679803 -0.550902 -0.484122
91.308351 -8.127780 -1216.764041 1361.760221 0.358661 -0.462112 0.811058 -0.485785 0.649538 0.584904 -0.797104 -0.603782 0.008477
91.708006 -14.233451 -6683.176917 -7813.973357 0.315249 -0.496611 0.808700 -0.504778 0.633862 0.586019 -0.803628 -0.592956 -0.050854
111.605392 -10.724317 -21264.737201 3702.490915 0.412455 -0.418156 0.809337 -0.464365 0.667830 0.581694 -0.783738 -0.615751 0.081273
164.969034 33.989730 65757.464511 1991.953136 0.574519 0.154258 -0.803824 0.776654 0.207222 0.594867 0.258333 -0.966056 -0.000752
137.625182 13.369844 69355.102299 -9743.573776 0.532775 0.276821 -0.799700 0.791289 0.172066 0.586733 0.300021 -0.945391 -0.127373
129.133236 23.175875 53509.633024 9866.747004 0.417349 0.207269 -0.884793 0.853198 0.245816 0.460030 0.312846 -0.946897 -0.074250
137.129826 30.354880 44846.032221 14705.884119 0.434687 0.115485 -0.893147 0.851039 0.271729 0.449328 0.294584 -0.955420 0.019834
163.370349 39.988792 41297.564648 7395.118039 0.602177 0.044907 -0.797099 0.765716 0.250108 0.592559 0.225970 -0.967176 0.116223
28.711933 -303.880886 -9831.469209 7886.040187 0.701221 0.510060 0.498123 -0.406713 0.860033 -0.308103 -0.585554 0.013455 0.810522
27.150465 -289.646347 -3916.782870 -64813.257084 0.729237 0.432040 0.530618 -0.493558 0.869215 -0.029428 -0.473936 -0.240430 0.847100
11.522741 -288.687194 -3793.274617 -5192.844015 0.719359 0.435391 0.541256 -0.317508 0.899122 -0.301277 -0.617828 0.044873 0.785032
9.745542 -167.016652 -15788.480480 -30517.956735 0.612714 0.500052 0.611988 0.789682 -0.418121 -0.448974 0.031375 0.758368 -0.651071
3.497362 -182.088652 -16310.284339 -41913.559722 0.636900 0.492902 0.592795 0.768259 -0.469925 -0.434682 0.064314 0.732269 -0.677972
23.764874 -200.885120 -15793.952566 -39070.218954 0.572629 0.524369 0.630185 0.797416 -0.534715 -0.279657 0.190326 0.662659 -0.724334
-3.184242 -154.290605 -11283.632383 -21725.399477 0.652399 0.470000 0.594538 0.756748 -0.361216 -0.544844 -0.041320 0.805371 -0.591329
16.275107 -164.071934 -5221.541852 -20983.391777 0.573254 0.491481 0.655612 0.816823 -0.405912 -0.409921 0.064652 0.770507 -0.634144
2.900789 -149.126314 -9899.774768 -13459.737069 0.616633 0.482614 0.621970 0.785440 -0.323596 -0.527607 -0.053364 0.813861 -0.578605
36.880311 -4630.608065 -197.456536 -1739043.880766 -0.338274 -0.443730 -0.829864 0.169054 0.838851 -0.517446 0.925738 -0.315330 -0.208747
-249.408557 -5858.981828 -56952.970502 -1152844.399459 0.193069 0.676790 0.710408 -0.768744 0.554260 -0.319107 0.609719 0.484512 -0.627288
81.450034 -5533.949045 -56100.384048 4835642.437687 -0.333407 -0.500624 -0.798884 -0.386203 0.845532 -0.368677 0.860051 0.185612 -0.475249
-1381.865306 -14727.153876 -335056.289740 1343241.365341 0.014882 0.666122 0.745694 0.955204 -0.229927 0.186329 0.295573 0.709517 -0.639705
26.579642 13.851918 -13444.920175 -9762.000274 -0.376680 -0.662058 -0.647913 -0.219895 0.743345 -0.631731 0.899866 -0.095488 -0.425586
19.120445 -23.025483 2879.745814 -11279.083691 0.209977 0.964256 0.161618 -0.484570 0.246210 -0.839388 0.849177 -0.097937 -0.518948
31.958082 10.396390 9282.960220 -10987.976403 0.417725 0.699526 0.579801 -0.226447 0.698163 -0.679183 0.879902 -0.152417 -0.450046
64.648300 22.856184 -28090.122287 882.877075 -0.456731 -0.109410 -0.882851 0.043459 0.988479 -0.144983 0.888543 -0.104586 -0.446714
64.970235 20.241247 -28205.780009 2132.694292 -0.454195 -0.037655 -0.890106 0.024907 0.998179 -0.054936 0.890554 -0.047122 -0.452430
47.053545 14.914350 -11560.678760 -6104.643010 -0.642121 -0.010812 -0.766527 -0.216102 0.961903 0.167461 0.735514 0.273178 -0.619994
47.892656 17.782707 -11990.888398 1909.151485 -0.669454 0.132746 -0.730896 -0.159669 0.935194 0.316098 0.725491 0.328314 -0.604874
31.219734 8.182950 -9870.588819 4638.524472 -0.646365 0.285600 -0.707563 -0.064578 0.903505 0.423683 0.760291 0.319547 -0.565550
32.677804 -2.113338 -7798.999187 13149.544316 -0.674959 0.374615 -0.635684 -0.025515 0.849164 0.527513 0.737414 0.372269 -0.563592
16.694914 -12.647635 -4347.435598 11642.579110 -0.644467 0.525396 -0.555537 0.100870 0.778610 0.619348 0.757950 0.343112 -0.554785
-18.281465 -34.520323 940.725433 -562.616154 -0.282050 0.952195 0.117360 -0.848635 -0.190554 -0.493466 0.447512 0.238778 -0.861811
-16.197012 -34.570650 531.525584 213.496528 -0.264674 0.956202 0.125002 -0.896859 -0.196440 -0.396303 0.354390 0.217000 -0.909571
-15.824212 -34.047137 81.414448 -1159.094262 -0.348842 0.929592 0.119031 -0.819155 -0.240737 -0.520605 0.455295 0.279113 -0.845460
-17.641990 -30.057392 987.125083 -1737.946563 -0.318746 0.937618 0.138829 -0.781485 -0.177085 -0.598266 0.536361 0.299188 -0.789179
-14.464844 -36.058967 63.555718 -451.965464 -0.387695 0.908757 0.154443 -0.837580 -0.277337 -0.470685 0.384905 0.311841 -0.868679
-14.077131 -33.479327 86.034339 -1972.238260 -0.378163 0.913164 0.152067 -0.790272 -0.232887 -0.566774 0.482144 0.334507 -0.809717
-15.392972 -28.370503 710.008853 -2215.785389 -0.338793 0.925379 0.169979 -0.767197 -0.167133 -0.619254 0.544635 0.340206 -0.766572
-6.540591 -47.990651 949.483694 1293.443621 0.370806 0.924893 -0.084115 0.655486 -0.196478 0.729201 -0.657906 0.325528 0.679110
11.715684 -45.852530 7325.931979 651.065254 0.482561 0.875604 -0.021258 0.690624 -0.365464 0.624080 -0.538678 0.315838 0.781072
9.277539 -44.799107 7010.171733 593.889822 0.486675 0.873141 -0.027806 0.603434 -0.312988 0.733421 -0.631677 0.373716 0.679206
46.636147 -352.830794 -8069.256867 -56032.800587 0.351983 0.935440 -0.032567 0.138617 -0.086505 -0.986561 0.925685 -0.342738 0.160116
111.415386 -502.804634 -27264.196823 -314857.635605 0.389077 0.920728 -0.029633 0.464224 -0.223752 -0.856989 0.795685 -0.319679 0.514481
103.009434 -593.631116 -22275.707727 -259078.241756 0.289278 0.956476 -0.038366 0.254176 -0.115391 -0.960250 0.922883 -0.268027 0.276494
61.965013 -406.914655 -11520.910783 -6177.495810 0.295583 0.954118 -0.047854 -0.133922 -0.008213 -0.990958 0.945884 -0.299319 -0.125350
42.186451 -336.258365 -7646.502416 -1724.280941 0.348978 0.933302 -0.084630 -0.210642 -0.009876 -0.977513 0.913151 -0.358958 -0.193146
-13.209310 -771.665950 -10720.711150 314160.106885 0.988163 0.127011 -0.086030 -0.007563 -0.519789 -0.854261 0.153218 -0.844800 0.512676
-24.112784 -946.216620 -7561.472505 362710.907811 0.981991 0.110122 -0.153514 -0.064433 -0.568631 -0.820065 0.177600 -0.815188 0.551295
-28.238005 -350.822455 5506.660764 151292.949135 0.967559 0.043800 -0.248821 -0.234341 -0.212466 -0.948653 0.094416 -0.976186 0.195309
-111.003788 -3096.875178 -52258.229087 1738464.024835 0.952090 0.305806 -0.002617 0.258954 -0.810716 -0.525055 0.162687 -0.499222 0.851064
-29.702464 -336.419066 -4108.439930 129969.326350 0.983009 0.047776 -0.177229 -0.163128 -0.215285 -0.962830 0.084155 -0.975382 0.203833
-33.584531 -835.490092 -25962.135361 357745.924304 0.975033 0.215587 -0.053228 0.150721 -0.818532 -0.554336 0.163077 -0.532473 0.830589
-26.372010 -521.789160 -14218.285188 195784.149318 0.988622 0.076489 -0.129521 -0.070004 -0.528172 -0.846247 0.133138 -0.845685 0.516808
78.870397 -656.209209 -9062.323956 343891.577020 0.169855 0.985163 -0.024567 -0.778794 0.118916 -0.615905 0.603845 -0.123748 -0.787437
74.197187 -478.587739 -4898.468647 89801.717423 0.110380 0.993858 -0.007906 -0.282342 0.023728 -0.959020 0.952942 -0.108089 -0.283227
108.508362 -829.330439 21452.499902 439340.840930 -0.065347 0.996197 0.057624 -0.785559 -0.015748 -0.618587 0.615327 0.085690 -0.783601
60.370681 -597.428838 -233.074221 377932.605071 0.020074 0.999344 0.030126 -0.899482 0.031207 -0.435842 0.436496 0.018349 -0.899519
135.613393 -898.246447 11515.959411 628687.634885 -0.192828 0.979071 0.065103 -0.882291 -0.143968 -0.448147 0.429395 0.143855 -0.891586
60.353571 -774.227611 6303.151789 427746.684655 -0.115157 0.988914 0.093741 -0.753860 -0.025550 -0.656538 0.646864 0.146273 -0.748446
23.660299 -147.939913 1568.725486 5992.367437 0.961903 0.119362 -0.245959 -0.072607 -0.755816 -0.650746 0.263574 -0.643813 0.718355
29.476797 -139.645162 1702.603181 13133.603583 0.960297 0.093923 -0.262695 -0.142872 -0.643208 -0.752244 0.239621 -0.759910 0.604251
23.170519 -142.302073 -132.085898 -534.671831 0.972396 -0.010481 -0.233103 -0.156630 -0.769798 -0.618771 0.172957 -0.638201 0.750190
-54.586032 -84.776027 655.532939 8145.962486 0.363084 -0.923878 0.120913 0.929292 0.368493 0.025070 -0.067717 0.103261 0.992346
-45.742465 -78.508902 2037.872155 5502.802557 0.011684 -0.982585 0.185448 0.999184 0.018646 0.035842 -0.038675 0.184878 0.982000
-41.624193 -70.992180 588.320233 6191.518996 -0.208173 -0.939279 0.272799 0.977138 -0.212033 0.015598 0.043192 0.269810 0.961944
46.679254 -77.577323 -10143.097611 -5786.414509 0.300948 0.950553 -0.076674 -0.085179 -0.053287 -0.994940 0.949829 -0.305957 -0.064931
48.803441 -60.301319 -6529.332614 -7540.969509 0.268747 0.962131 -0.045600 0.115469 -0.079181 -0.990150 0.956264 -0.260835 0.132376
57.259862 -69.405684 -1199.052450 -8621.555223 0.132409 0.990997 -0.019798 0.034374 -0.024553 -0.999107 0.990599 -0.131611 0.037315
62.385869 -85.251170 -329.825038 -5788.118626 0.111986 0.992657 -0.045740 -0.155350 -0.027975 -0.987463 0.981492 -0.117688 -0.151076
41.501272 -84.939162 -14207.086653 -3087.897254 0.337292 0.931094 -0.138916 -0.294842 -0.035657 -0.954880 0.894037 -0.363032 -0.262499
21.905356 -76.243499 -14695.338765 -3853.614506 0.409656 0.907759 -0.090309 -0.133389 -0.038326 -0.990322 0.902435 -0.417738 -0.105385
60.358138 -97.038215 -5637.589839 -4711.626922 0.164481 0.982152 -0.091230 -0.297871 -0.038714 -0.953821 0.940329 -0.184060 -0.286187
-1.324760 -13.088400 15274.253583 -9156.823696 0.749127 -0.351919 -0.561214 0.349948 0.929585 -0.115791 0.562445 -0.109654 0.819531
10.798180 -23.579635 5147.683079 -10.001605 0.858097 0.059005 -0.510086 0.018550 0.989165 0.145630 0.513152 -0.134427 0.847706
106.827084 -28.253643 -2981.344090 -9479.605340 0.499003 -0.779928 0.377768 0.832888 0.552029 0.039521 -0.239362 0.294918 0.925056
98.636982 -44.066502 -6261.074326 -10985.931011 0.602436 -0.727699 0.327910 0.783771 0.617018 -0.070653 -0.150912 0.299570 0.942063
104.673158 -40.884998 7621.550604 -10508.202463 0.555276 -0.806380 0.203519 0.821417 0.570059 0.017547 -0.130168 0.157431 0.978914
106.586135 -28.189458 804.446005 -787.098913 0.451491 -0.839007 0.303684 0.872692 0.486134 0.045629 -0.185914 0.244422 0.951679
106.782965 -20.115271 -16224.288742 -1375.791535 0.402774 -0.784201 0.472019 0.875239 0.480878 0.052079 -0.267824 0.392153 0.880049
0.396978 -17.902515 -6137.839374 -1380.734416 0.100077 0.924520 -0.367759 0.826686 0.128424 0.547812 -0.553693 0.358845 0.751435
-9.658787 -44.279680 -1460.693177 572.927346 0.001442 0.999789 -0.020512 0.721512 -0.015243 -0.692234 0.692400 0.013801 0.721382
-13.009761 -44.525794 -1664.938197 -351.936909 -0.002158 0.999149 -0.041186 0.826483 -0.021404 -0.562555 0.562958 0.035254 0.825734
-8.033696 -44.838000 -1629.852356 68.785117 0.016009 0.999689 -0.019113 0.809990 -0.024174 -0.585945 0.586225 0.006101 0.810125
14.208792 -28.664426 4041.327462 -3888.517684 0.137698 0.990089 -0.027606 0.755693 -0.087000 0.649122 -0.640287 0.110245 0.760183
-10.826347 -109.042383 -1090.024727 5391.922653 -0.062237 0.971991 0.226629 -0.606448 -0.217173 0.764890 -0.792684 0.089834 -0.602978
-5.364817 -106.857995 -2612.286787 9689.134303 -0.102600 0.971851 0.212082 -0.453441 -0.235462 0.859621 -0.885361 0.007969 -0.464836
1.275880 -121.187830 -2948.141368 14.563448 -0.107493 0.978287 0.177202 -0.672605 -0.202813 0.711667 -0.732153 0.042688 -0.679801
-7.057717 -87.563240 -1139.500937 1306.875398 0.187359 0.978938 0.081104 0.980039 -0.191879 0.052015 0.066482 0.069740 -0.995347
