13196
26382
-24.230762 -36.481980 867.280013 2768.566868 0.095084 0.850236 0.517744 0.995092 -0.066872 -0.072933 -0.027388 0.522137 -0.852421
-28.547242 -41.430436 -96.134330 2473.682993 -0.074222 0.876555 0.475544 0.984195 0.141269 -0.106786 -0.160784 0.460102 -0.873186
-25.969672 -47.827506 982.759861 3502.268271 0.321938 0.826079 0.462547 0.931492 -0.188985 -0.310816 -0.169344 0.530923 -0.830328
-23.984803 -34.641436 115.858498 1836.331830 -0.390543 0.819414 0.419568 0.919709 0.367167 0.139011 -0.040143 0.440170 -0.897017
-15.738259 -45.552772 2527.853409 5022.711245 0.309393 0.769890 0.558162 0.950801 -0.240623 -0.195136 -0.015926 0.591075 -0.806459
-17.678273 -30.133330 1903.748042 2924.765953 0.133654 0.803885 0.579573 0.987790 -0.155295 -0.012393 0.080042 0.574153 -0.814826
-20.626257 -26.967173 133.816682 843.617012 -0.650246 0.681819 0.335116 0.757498 0.548117 0.354634 0.058113 0.484449 -0.872887
55.839489 -28.733015 -5750.592845 -2336.803898 0.858180 0.502677 0.104130 -0.210466 0.529540 -0.821761 0.468222 -0.683303 -0.560237
65.852743 -35.580584 4690.406060 -443.514871 -0.766424 -0.550607 -0.330796 -0.054211 0.568599 -0.820826 0.640043 -0.611169 -0.465637
76.515822 -41.739383 -4566.558093 -1927.207149 0.757682 0.615437 0.217154 -0.253179 0.583866 -0.771363 0.601514 -0.529469 -0.598200
61.500562 -40.088964 -6730.225165 -4061.829283 0.848940 0.526622 -0.044379 -0.363552 0.520983 -0.772273 0.383576 -0.671748 -0.633738
9.406295 2.223374 -2535.813663 507.820876 -0.096525 0.266647 -0.958949 0.733044 0.670775 0.112731 0.673298 -0.692070 -0.260210
3.801971 -3.849297 -1440.400848 -1638.761009 -0.499416 -0.167744 -0.849968 0.556016 0.690318 -0.462934 0.664402 -0.703792 -0.251487
11.655901 1.735607 -2281.532608 -266.973979 -0.221943 0.159504 -0.961925 0.711201 0.701362 -0.047796 0.667034 -0.694730 -0.269102
18.670817 4.276357 -2122.990626 773.834864 -0.077893 0.366121 -0.927302 0.738271 0.646260 0.193144 0.669992 -0.669555 -0.320636
17.564513 1.022565 -2552.156787 560.175486 -0.019901 0.383723 -0.923234 0.741553 0.625030 0.243796 0.670599 -0.679775 -0.296990
6.479789 -0.447680 -2388.324901 701.156874 0.081490 0.414548 -0.906372 0.736149 0.588024 0.335131 0.671896 -0.694534 -0.257251
-8.316154 -14.970269 -1880.423602 -551.356711 0.508792 0.743422 -0.434113 0.194139 0.392190 0.899165 -0.838714 0.541766 -0.055216
-13.326162 -16.739178 -2939.824637 -539.207872 0.532211 0.806547 -0.257357 0.154806 0.206148 0.966198 -0.832338 0.554062 0.015144
-12.536758 -21.829987 -1193.405928 -2255.490613 -0.149822 -0.145671 0.977923 0.598182 0.774173 0.206964 -0.787231 0.615983 -0.028851
-16.871305 -19.576082 -109.014804 -2233.082282 0.280864 0.264822 0.922488 0.531239 0.757607 -0.379232 -0.799313 0.596574 0.072101
-9.229322 -19.007064 -1057.229413 -2092.241325 -0.277248 -0.258651 0.925329 0.510358 0.776335 0.369918 -0.814045 0.574807 -0.083233
-8.122158 -25.348607 -1123.982216 -1735.905960 -0.210739 -0.139524 0.967534 0.619453 0.746611 0.242589 -0.756219 0.650465 -0.070912
-13.631307 -26.173872 -714.200177 -1585.833368 0.003082 -0.031824 0.999489 0.688634 0.724806 0.020955 -0.725103 0.688217 0.024149
-9.448736 -27.157232 -1072.488167 -844.177341 -0.132226 -0.094263 0.986727 0.712313 0.683212 0.160721 -0.689294 0.724110 -0.023194
4.384131 -31.957023 3055.187139 492.164638 0.527228 0.848763 -0.040394 -0.459981 0.325052 0.826292 -0.714456 0.417064 -0.561792
15.561965 -32.631294 4768.780672 518.694267 0.488633 0.870820 0.053953 -0.470461 0.210898 0.856848 -0.734782 0.444067 -0.512738
10.143570 -33.265011 3169.051782 161.498621 0.457210 0.888185 0.045689 -0.566790 0.251407 0.784566 -0.685353 0.384607 -0.618360
-0.858780 -32.256929 1991.110776 143.866922 0.499206 0.865576 -0.039649 -0.572116 0.363633 0.735156 -0.650751 0.344310 -0.676738
4.452631 -32.364630 2432.623266 260.673803 0.445582 0.894324 0.040513 -0.649100 0.291575 0.702605 -0.616544 0.339365 -0.710426
-1.250829 -58.970980 -248.987985 1281.771239 0.085012 0.916551 0.390779 0.988381 -0.127170 0.083252 0.126000 0.379161 -0.916712
3.158572 -59.385209 -193.985658 -2328.498566 0.151083 0.908464 0.389702 -0.930778 0.263501 -0.253416 0.332906 0.324439 -0.885389
4.714203 -56.143078 -521.334583 1623.861498 0.022209 0.922809 0.384617 0.939693 -0.150602 0.307077 0.341298 0.354602 -0.870502
-8.590806 -63.031400 407.730859 1367.044246 -0.250924 -0.869799 -0.424837 0.943970 -0.122673 -0.306385 0.214377 -0.477913 0.851846
-8.367714 -68.542943 430.255886 903.091074 -0.260997 -0.873802 -0.410305 0.965218 -0.242955 -0.096573 -0.015300 -0.421239 0.906821
-7.498051 -65.828511 96.285840 1391.250602 -0.280911 -0.859918 -0.426180 0.959350 -0.239038 -0.150027 0.027137 -0.451000 0.892111
-8.101253 -60.657843 210.002700 1900.217672 -0.263370 -0.856311 -0.444260 0.917930 -0.080804 -0.388426 0.296716 -0.510100 0.807315
-17.238815 -25.724409 816.516226 1453.869008 -0.454458 0.859169 0.235151 0.590035 0.092581 0.802052 -0.667328 -0.503246 0.549015
-17.573848 -29.807076 938.181576 950.824898 -0.363439 0.867968 0.338443 0.543093 -0.097777 0.833960 -0.756943 -0.486900 0.435851
-13.009652 -25.817394 -1074.406518 724.109651 -0.448597 0.813539 0.370019 0.595023 -0.037055 0.802854 -0.666865 -0.580328 0.467452
-11.504624 -30.090492 -1341.640180 370.058432 -0.427276 0.801344 0.418667 0.521835 -0.159570 0.837989 -0.738325 -0.576528 0.349989
-2.919334 -18.873567 -1585.696140 -990.708309 -0.391845 -0.597389 -0.699702 -0.220741 0.799351 -0.558848 0.893158 -0.064529 -0.445090
1.100358 -14.314977 -1655.928032 -914.118351 -0.400713 -0.513802 -0.758575 -0.112773 0.849319 -0.515694 0.909237 -0.121098 -0.398276
-4.687155 -15.418333 -1306.282041 -891.538038 -0.414677 -0.495634 -0.763145 -0.098106 0.858112 -0.504003 0.904665 -0.134129 -0.404464
-8.195561 -18.200178 -1009.334708 -1000.937891 -0.415742 -0.594426 -0.688344 -0.183826 0.796152 -0.576498 0.890712 -0.113139 -0.440264
-8.517723 -15.122854 -1261.006468 -422.927341 -0.439181 -0.377560 -0.815210 -0.010191 0.909439 -0.415712 0.898341 -0.174265 -0.403256
26.364489 -20.372346 -5990.718449 2724.179291 -0.181370 0.979997 -0.081921 0.440330 0.006442 -0.897813 0.879326 0.198909 0.432690
11.840590 -26.052791 -2028.346953 -159.038651 -0.332880 0.903186 0.271009 0.255616 0.363067 -0.896015 0.907663 0.228991 0.351726
7.194272 -30.206704 -1726.180801 688.425717 -0.316181 0.913487 0.256070 0.314414 0.355561 -0.880182 0.895083 0.197785 0.399634
6.865326 -32.454526 -1404.588065 2226.218595 -0.293333 0.933282 0.207220 0.396583 0.316016 -0.861891 0.869872 0.170641 0.462822
2.955997 -17.896295 -1305.836440 289.710779 0.483541 0.694569 -0.532692 0.026814 0.596528 0.802144 -0.874911 0.402154 -0.269822
-2.998460 -21.713976 1127.193508 -605.600891 -0.431643 -0.513880 0.741358 0.195200 0.749178 0.632953 -0.880671 0.417923 -0.223068
1.235410 -21.558021 -2124.518749 153.601500 0.443584 0.672904 -0.591975 -0.000370 0.660652 0.750692 -0.896233 0.332776 -0.293303
8.831009 -20.088986 -1896.820451 518.016479 0.482146 0.762527 -0.431379 -0.119387 0.544983 0.829904 -0.867918 0.348634 -0.353797
40.810864 -24.130717 1076.314073 -463.719843 -0.653774 -0.688616 -0.313669 -0.464621 0.692498 -0.551882 0.597250 -0.215069 -0.772682
34.235710 -25.058389 -2734.107229 113.929355 0.697672 0.695533 0.171723 -0.475216 0.628663 -0.615592 0.536120 -0.347875 -0.769128
33.911972 -21.648915 -336.440462 -490.480887 0.602588 0.712126 0.360229 -0.401921 0.660765 -0.633916 0.689455 -0.237206 -0.684387
27.659091 -25.089082 -2533.045328 395.154224 0.674679 0.723807 0.144613 -0.442415 0.553385 -0.705715 0.590828 -0.412152 -0.693580
35.449399 -23.009796 -2766.863517 -490.336066 -0.503106 -0.689918 -0.520478 -0.414325 0.721076 -0.555324 0.758432 -0.063739 -0.648628
29.854789 -20.368996 -1110.624430 -312.451886 0.609084 0.737730 0.291156 -0.369607 0.588837 -0.718792 0.701718 -0.330191 -0.631321
28.789020 -17.564849 2067.694694 -910.400030 0.491920 0.721185 0.487757 -0.318784 0.670520 -0.669910 0.810180 -0.174053 -0.559745
28.244889 -19.700580 -3203.348640 -902.591108 -0.440825 -0.689049 -0.575226 -0.340962 0.721364 -0.602809 0.830312 -0.069604 -0.552935
-3.120611 -207.424353 -61.365439 11355.279833 0.245292 -0.069558 0.966951 0.804328 -0.542205 -0.243043 0.541191 0.837362 -0.077051
-4.897593 -196.039795 473.067731 -21085.910233 -0.261011 0.056461 -0.963683 -0.552016 0.810232 0.196982 0.791929 0.583384 -0.180313
-3.984252 -254.016659 865.875179 -37871.004386 -0.290689 0.062375 -0.954782 -0.472384 0.858425 0.199900 0.832078 0.509133 -0.220069
-2.064346 -188.491293 -298.348762 -9277.380373 0.263222 -0.055092 0.963161 0.928979 -0.254814 -0.268455 0.260217 0.965419 -0.015893
-2.659794 -215.086908 -638.967563 -15310.224156 0.255318 -0.050875 0.965518 0.964360 -0.058331 -0.258085 0.069450 0.997000 0.034169
-2.255119 -213.876872 -777.909456 12608.074130 0.285670 -0.033444 0.957744 0.771377 -0.584998 -0.250509 0.568657 0.810345 -0.141318
4.118235 -91.269058 -50.323517 -4389.466690 0.325668 -0.288311 0.900454 0.686649 -0.582580 -0.434873 0.649965 0.759920 0.008241
0.164798 -96.787181 298.251579 2809.488512 0.252319 -0.288402 0.923666 0.772727 -0.514499 -0.371731 0.582433 0.807537 0.093038
-0.164153 -100.095622 191.205694 3158.789201 0.292265 -0.292835 0.910401 0.814481 -0.422691 -0.397432 0.501200 0.857660 0.114971
4.275992 -92.324034 92.353105 -2687.414666 0.347494 -0.300079 0.888370 0.740708 -0.493098 -0.456296 0.574978 0.816582 0.050922
39.157131 -106.925851 3617.636233 -16639.464610 0.280680 -0.257745 0.924547 0.943946 0.248492 -0.217295 -0.173736 0.933713 0.313044
30.270218 -43.478048 2961.243908 -3997.781716 0.209584 -0.289654 0.933903 0.923545 0.372346 -0.091775 -0.321153 0.881736 0.345546
36.502507 -34.892141 1462.233392 -5098.234509 0.199536 -0.116546 0.972935 0.933024 0.325991 -0.152301 -0.299418 0.938161 0.173788
37.643410 -83.304301 -33.023160 -14970.871057 0.291116 -0.008326 0.956652 0.937312 0.202716 -0.283466 -0.191568 0.979202 0.066817
43.343410 -135.261787 2131.267445 -18939.643262 0.337899 -0.102839 0.935547 0.938533 -0.037710 -0.343122 0.070566 0.993983 0.083776
32.678668 -120.920473 4449.103020 -15905.033943 0.276760 -0.317446 0.906991 0.958163 0.019466 -0.285561 0.072995 0.948077 0.309552
9.230840 -466.077226 -5940.182617 74446.099774 0.096860 0.572967 -0.813835 -0.486927 0.740424 0.463330 0.868056 0.351400 0.350710
15.264221 -470.790665 -954.637859 -8401.588720 -0.035587 0.466414 -0.883851 0.127436 0.879309 0.458886 0.991208 -0.096304 -0.090730
22.581154 -1250.340518 -5119.934897 -347831.384527 0.099094 0.544790 -0.832697 0.204363 0.807836 0.552845 0.973867 -0.224956 -0.031283
4.581509 -377.959559 -1832.837062 -64891.341550 0.022703 0.543577 -0.839052 0.612505 0.655748 0.441397 0.790141 -0.523945 -0.318057
0.574141 -323.085543 -2769.633722 -34950.674745 0.063652 0.548124 -0.833972 0.405714 0.749280 0.523427 0.911781 -0.371671 -0.174688
-14.217482 -699.548676 -1014.117296 49056.478246 0.126961 0.457270 -0.880219 -0.218882 0.878440 0.424775 0.967456 0.138734 0.211616
3.758354 -64.996387 -609.875187 1616.248116 -0.253386 0.430936 -0.866077 0.872728 0.488046 -0.012494 0.417302 -0.759015 -0.499755
5.269487 -66.706256 -712.793624 1409.587478 -0.233372 0.448571 -0.862740 0.863392 0.503736 0.028363 0.447316 -0.738264 -0.504851
5.741182 -72.724444 -591.030420 1538.464853 -0.239513 0.448830 -0.860921 0.942085 0.321843 -0.094305 0.234755 -0.833648 -0.499921
7.719234 -78.466528 -433.611700 2719.016529 -0.224224 0.469701 -0.853876 0.974168 0.132156 -0.183116 0.026835 -0.872878 -0.487200
5.288909 -78.769838 -607.427805 2172.545884 -0.231233 0.447880 -0.863675 0.972837 0.116378 -0.200109 0.010888 -0.886487 -0.462625
-0.962204 -23.385811 -989.774748 676.901119 0.606183 0.681113 -0.410642 0.783844 -0.424224 0.453456 0.134651 -0.596757 -0.791044
-1.634135 -25.360859 -1352.407968 850.127221 0.566610 0.697625 -0.438490 0.821467 -0.436670 0.366758 0.064384 -0.568014 -0.820497
-5.882270 -24.343843 -906.972464 659.998627 0.580623 0.701588 -0.413099 0.809000 -0.440054 0.389706 0.091627 -0.560470 -0.823091
-5.943472 -21.757663 -794.334270 446.718331 0.652501 0.664234 -0.364741 0.739660 -0.453614 0.497129 0.164759 -0.594161 -0.787291
-26.820472 -44.147390 -2123.231612 -1489.257638 -0.078633 0.474900 0.876520 0.472978 0.791755 -0.386543 -0.877558 0.384180 -0.286875
-30.959484 -42.749523 -1908.570950 -2302.796639 -0.039665 0.349604 0.936058 0.359012 0.879226 -0.313165 -0.932490 0.323635 -0.160387
-33.875072 -50.330732 -1129.983607 -2034.773576 -0.149594 0.169521 0.974107 0.533471 0.843329 -0.064837 -0.832484 0.509959 -0.216591
-28.645998 -47.771099 -1728.457660 -1146.171448 -0.177142 0.380062 0.907840 0.623331 0.757162 -0.195354 -0.761629 0.531280 -0.371030
-33.626971 -51.991862 -1078.510863 -887.557746 -0.235717 0.160903 0.958409 0.662289 0.748322 0.037255 -0.711204 0.643525 -0.282956
10.743613 -55.612685 -853.225608 -179.554347 0.436972 0.800215 0.410746 0.242178 -0.544456 0.803067 -0.866259 0.251444 0.431707
10.729887 -59.199441 8.804005 1673.298758 0.480383 0.798017 0.363869 0.151984 -0.484340 0.861577 -0.863790 0.358585 0.353955
8.012045 -57.473099 379.257545 1114.070969 0.496873 0.774476 0.391541 0.301963 -0.577275 0.758664 -0.813594 0.258729 0.520696
-2.766310 -157.023516 46.774132 -5114.153460 0.127713 0.885511 0.446720 0.755547 0.204925 -0.622217 0.642525 -0.416983 0.642874
-2.374619 -131.767550 -25.718742 1394.646048 0.146365 0.884385 0.443216 0.655669 0.248759 -0.712893 0.740726 -0.394946 0.543455
-3.165235 -147.456025 136.294262 2647.747228 0.127165 0.880996 0.455714 0.480344 0.347276 -0.805400 0.867813 -0.321318 0.379020
-1.419669 -132.657395 -19.662000 2364.098141 0.118839 0.864987 0.487519 0.391313 0.410459 -0.823649 0.912552 -0.288654 0.289702
-2.091489 -174.049303 438.395348 6675.548435 0.128914 0.884439 0.448497 0.443951 0.352944 -0.823613 0.886729 -0.305286 0.347148
-0.504021 -129.873373 317.517370 3302.894625 0.085091 0.856930 0.508360 0.149460 0.493460 -0.856831 0.985100 -0.148889 0.086088
-2.172164 -145.604357 43.876443 7795.569497 0.103010 0.866523 0.488392 0.187673 0.465254 -0.865054 0.976815 -0.180767 0.114697
-20.966526 -870.306749 4299.665541 177860.696289 0.692099 -0.559784 0.455677 0.561535 0.814224 0.147368 -0.453518 0.153885 0.877862
-37.092713 -804.632748 -1680.728816 94369.224325 0.605197 -0.657659 0.448577 0.505952 0.752800 0.421076 -0.614613 -0.027876 0.788336
75.715497 -8741.235767 42468.568088 -2142471.670217 0.761888 -0.285481 0.581401 -0.013113 0.890645 0.454510 -0.647576 -0.353910 0.674828
-24.934814 -586.910899 1314.961201 7113.603128 0.772012 -0.474881 0.422475 0.087285 0.737590 0.669583 -0.629586 -0.480050 0.610879
-1.416796 -25.192877 -53.497394 956.139441 -0.440698 0.839891 0.316811 -0.641829 -0.048084 -0.765338 0.627567 0.540621 -0.560257
-2.789928 -26.132921 -166.990821 -319.878472 -0.481264 0.837648 0.258322 -0.644622 -0.138499 -0.751851 0.594010 0.528359 -0.606621
-2.993222 -25.219704 -342.982734 -354.691461 -0.429363 0.845564 0.317286 -0.658457 -0.052636 -0.750775 0.618128 0.531274 -0.579367
-1.279714 -25.912774 290.865189 693.040374 -0.489232 0.830442 0.266490 -0.623668 -0.119521 -0.772498 0.609664 0.544132 -0.576394
-7.910977 -53.697124 7790.742688 -5458.132439 0.923550 -0.020275 0.382941 0.145771 0.942201 -0.301676 -0.354691 0.334435 0.873125
-31.134970 -62.989872 8220.544431 6465.546582 0.870670 -0.127186 0.475140 -0.321754 -0.877916 0.354595 -0.372033 0.461613 0.805298
-37.997368 -42.039862 6030.176535 -2290.175984 0.797908 -0.244102 0.551141 0.393117 0.903860 -0.168808 -0.456948 0.351356 0.817158
6.603373 -57.187044 -975.460949 5110.322592 0.610404 0.527701 0.590710 -0.519863 0.829563 -0.203881 -0.597620 -0.182639 0.780701
8.479645 -59.355121 123.563707 -1059.013095 -0.604975 -0.575127 -0.550666 0.695606 -0.718287 -0.014015 -0.387476 -0.391525 0.834608
3.242080 -60.658322 -129.547836 2481.866548 0.628449 0.528368 0.570858 -0.587261 0.803538 -0.097222 -0.510075 -0.274144 0.815272
0.895354 -16.301216 1702.817346 -1094.863297 -0.132912 -0.932576 -0.335614 0.991029 -0.129840 -0.031683 -0.014029 -0.336815 0.941466
4.834002 -22.315257 847.262708 -1260.704652 -0.323501 -0.906014 -0.272922 0.944801 -0.293450 -0.145734 0.051948 -0.305002 0.950934
-0.948573 -20.520310 1585.472133 -1125.864742 -0.276713 -0.907335 -0.316501 0.957625 -0.232982 -0.169334 0.079904 -0.349946 0.933356
2.577521 -25.060162 1296.534958 -806.774129 -0.363204 -0.886689 -0.286122 0.919803 -0.292298 -0.261771 0.148477 -0.358252 0.921743
6.423358 -31.339841 921.436068 -506.705589 0.489181 0.856951 0.162286 0.438538 -0.080830 -0.895071 0.753914 -0.509020 0.415346
6.642115 -31.765883 -69.600515 -640.519727 0.525737 0.830114 0.185775 0.397119 -0.046379 -0.916595 0.752262 -0.555662 0.354037
7.772650 -30.487638 136.139331 -339.109607 0.534409 0.826408 0.177360 0.487184 -0.129699 -0.863614 0.690694 -0.547930 0.471926
7.115311 -31.784983 727.683945 -245.851518 0.491827 0.852153 0.178722 0.322488 0.012381 -0.946493 0.808769 -0.523147 0.268720
4.432815 -31.082039 1086.670554 -235.437448 0.475458 0.863789 0.166757 0.354538 -0.014659 -0.934927 0.805135 -0.503640 0.313216
14.764196 -26.738928 -532.267089 492.385568 0.853220 0.517360 0.065994 0.036511 0.066974 -0.997086 0.520272 -0.853143 -0.038254
9.832682 -25.483612 -1525.470810 345.770595 0.897957 0.426897 0.106921 0.092105 0.055272 -0.994214 0.430337 -0.902610 -0.010312
14.054358 -26.798710 -1546.421549 107.310180 0.887369 0.445602 0.118383 0.144966 -0.025911 -0.989097 0.437676 -0.894856 0.087590
15.997931 -27.790749 618.579748 -155.293088 0.812375 0.577231 0.082775 0.137538 -0.051723 -0.989145 0.566684 -0.814941 0.121409
-0.243608 -27.145094 14.260436 200.837334 0.497627 0.802158 -0.330015 0.809430 -0.566197 -0.155704 0.311753 0.189642 0.931046
0.791691 -23.524428 -10.750105 1996.976337 0.451799 0.832899 -0.319619 0.771097 -0.544762 -0.329613 0.448650 0.097538 0.888369
0.519471 -25.418204 -190.134455 1941.840746 0.507151 0.797665 -0.326386 0.739452 -0.597250 -0.310651 0.442730 0.083800 0.892731
-0.301479 -23.827196 142.331690 290.796591 0.445515 0.833473 -0.326863 0.827321 -0.522804 -0.205464 0.342134 0.178883 0.922467
-0.566972 -30.508298 -85.358533 865.723442 0.545838 0.766822 -0.337705 0.773563 -0.616061 -0.148558 0.321964 0.180147 0.929455
-1.056998 -32.852019 137.496629 -1050.459802 -0.551079 -0.765544 0.332046 0.807899 -0.589067 -0.017289 0.208833 0.258732 0.943105
-0.725312 -27.303405 -208.446230 -1089.654538 -0.486989 -0.808970 0.329257 0.847183 -0.529201 -0.047192 0.212420 0.255959 0.943060
-0.984627 -33.558228 -54.100523 534.798332 -0.531752 -0.778947 0.332389 0.823829 -0.566746 -0.010207 0.196331 0.268404 0.943087
-1.768518 -91.515981 -872.995038 3907.969632 0.526068 0.819052 -0.228925 0.729926 -0.572988 -0.372682 0.436417 -0.028958 0.899278
-0.567848 -99.301729 213.213237 494.120212 -0.531549 -0.808309 0.253166 0.833542 -0.552297 -0.013265 0.150545 0.203974 0.967332
-0.886960 -97.185688 -8.572740 2335.557477 0.526654 0.804975 -0.273225 0.798237 -0.578821 -0.166684 0.292325 0.130314 0.947399
0.045784 -95.874567 603.837249 -323.222253 -0.560215 -0.795396 0.231309 0.828086 -0.530753 0.180484 -0.020789 0.292654 0.955992
-1.549760 -88.617722 -163.742610 3371.306740 0.494636 0.828153 -0.263624 0.660907 -0.555406 -0.504705 0.564391 -0.075414 0.822055
0.084849 -90.780894 -679.277186 -304.479943 -0.567893 -0.768295 0.295330 0.823102 -0.530385 0.202964 0.000703 0.358349 0.933588
-1.858467 -78.755950 588.644117 3001.909633 0.505771 0.813533 -0.286985 0.713900 -0.581470 -0.390178 0.484296 0.007538 0.874872
-4.869616 -31.520433 -304.225807 987.280169 0.703966 0.699059 -0.125492 0.708078 -0.677032 0.200634 0.055293 -0.230097 -0.971596
-6.099419 -35.263082 521.469585 -740.802192 0.729706 0.677678 -0.091006 -0.683563 0.726205 -0.073260 -0.016442 -0.115667 -0.993152
-6.736610 -31.906838 322.543599 -745.162956 0.705150 0.701835 -0.100950 -0.702257 0.671601 -0.236193 0.097970 -0.237444 -0.966448
-1.360102 -49.119154 286.782696 1044.720041 0.670374 0.723066 -0.166656 0.327554 -0.086836 0.940833 -0.665813 0.685299 0.295056
-1.834237 -55.625654 404.022206 2554.553237 0.687789 0.718227 -0.105337 0.131388 0.019543 0.991138 -0.713921 0.695534 0.080925
-2.102494 -46.848906 16.824624 2021.631355 0.663195 0.733326 -0.149686 0.272411 -0.050228 0.960869 -0.697112 0.678019 0.233077
-2.200251 -47.780325 -31.011843 -913.537167 0.639915 0.740820 -0.204193 0.403755 -0.098048 0.909598 -0.653827 0.664509 0.361852
3.750831 -80.883757 -1267.692334 -2908.425312 0.715483 0.514480 -0.472647 -0.657634 0.267628 -0.704197 0.235802 -0.814669 -0.529822
-2.346120 -77.537042 -1485.419909 -1825.833812 0.713392 0.499256 -0.491746 -0.685080 0.349240 -0.639294 0.147434 -0.792953 -0.591176
-0.921782 -71.427430 -1588.554766 -1472.878975 0.728500 0.491188 -0.477516 -0.613554 0.157795 -0.773727 0.304696 -0.856642 -0.416324
2.415714 -69.862042 -1256.725385 -2559.550770 0.731045 0.498976 -0.465399 -0.550563 0.028459 -0.834308 0.403055 -0.866148 -0.295522
-3.206600 -64.968176 -1042.909112 -1791.136258 0.731224 0.509199 -0.453903 -0.496792 -0.058460 -0.865899 0.467450 -0.858661 -0.210218
0.544945 -70.783510 158.904105 -1664.592644 0.484099 0.825544 -0.290043 0.611166 -0.556226 -0.563106 0.626198 -0.095335 0.773813
-1.050943 -72.275666 97.133371 614.508768 0.487345 0.819355 -0.301913 0.462546 -0.535489 -0.706613 0.740638 -0.204716 0.639958
3.836965 -68.642339 1339.501180 3627.550607 0.461164 0.820902 -0.336820 0.362575 -0.520795 -0.772860 0.809856 -0.234292 0.537810
5.495394 -74.118968 1255.398029 -198.308740 0.487530 0.813327 -0.317512 0.587455 -0.574599 -0.569853 0.645919 -0.091296 0.757927
0.601241 -80.918114 292.071140 -613.912233 0.469821 0.832658 -0.293168 0.721456 -0.553554 -0.416027 0.508693 0.016050 0.860798
76.908743 -2097.831219 33618.957664 698509.621086 0.900631 0.434460 0.010441 0.434333 -0.899028 -0.055706 0.014816 -0.054705 0.998393
4.975200 -721.879087 -14743.743309 -105369.322567 0.881039 0.341348 0.327494 -0.332932 0.939262 -0.083326 -0.336046 -0.035620 0.941172
-9.068642 -797.649759 414.094691 152240.456260 0.766866 0.641437 0.021797 0.309510 -0.399358 0.862970 -0.562245 0.655036 0.504785
-122.155333 -3522.522634 9761.956854 631907.125016 0.759579 0.601023 -0.248618 0.011585 0.369683 0.929086 -0.650312 0.708594 -0.273840
-5.996879 -1674.214211 -4402.254428 -427852.934282 -0.780581 -0.608125 0.144488 -0.358961 0.625377 0.692857 -0.511703 0.488966 -0.706450
-208.537719 -1412.863785 39554.853178 282457.874226 0.811495 0.576223 -0.097174 0.352097 -0.349429 0.868290 -0.466373 0.738828 0.486446
-1.478234 -9.068394 385.235795 498.489104 0.815597 0.572894 0.081200 -0.528175 0.794433 -0.299847 -0.236289 0.201666 0.950525
-3.165193 -9.260152 415.826850 -212.308326 0.789810 0.608477 0.077175 -0.561910 0.768259 -0.306652 -0.245881 0.198831 0.948688
-3.343828 -9.989644 125.912954 276.817787 0.797061 0.595952 0.097650 -0.555068 0.786668 -0.270281 -0.237893 0.161228 0.957817
-0.677427 -8.834955 691.103937 -117.959815 0.814566 0.576169 0.067171 -0.527837 0.784253 -0.326092 -0.240563 0.230169 0.942949
-1.940380 -11.312625 131.122650 803.257978 0.785219 0.613889 0.081065 -0.577338 0.773138 -0.262562 -0.223858 0.159367 0.961504
0.095637 -11.144563 567.113410 937.718745 0.775573 0.628937 0.054088 -0.589677 0.752404 -0.293547 -0.225319 0.195772 0.954413
0.834626 -9.523525 806.570647 342.085589 0.798115 0.600053 0.054294 -0.554754 0.767031 -0.322354 -0.235075 0.227155 0.945061
-7.785166 -22.739634 -653.434801 446.853050 0.896742 0.442160 0.018662 0.004337 0.033386 -0.999433 0.442532 -0.896315 -0.028021
-7.267872 -22.066823 275.581197 495.480412 0.866632 0.496018 -0.053988 -0.071855 0.016999 -0.997270 0.493746 -0.868146 -0.050373
-9.966089 -23.203422 433.690511 338.754040 0.871113 0.489872 -0.034458 -0.002811 -0.065193 -0.997869 0.491074 -0.869354 0.055413
-9.316091 -23.860111 -842.822271 231.680844 0.899643 0.432708 0.058368 0.077178 -0.026019 -0.996678 0.429751 -0.901159 0.056804
-0.562530 -22.911929 512.670676 815.168326 0.412608 0.849843 -0.327906 0.774486 -0.516789 -0.364830 0.479506 0.103427 0.871422
0.874158 -20.964234 520.527008 -1150.387094 0.378584 0.871895 -0.310601 0.778487 -0.481472 -0.402670 0.500631 0.089354 0.861037
0.722729 -22.535838 380.529174 570.560590 0.409653 0.854395 -0.319678 0.772715 -0.511251 -0.376209 0.484867 0.092904 0.869639
0.106007 -22.502212 159.631405 2297.708836 0.416588 0.851591 -0.318192 0.784190 -0.513683 -0.348104 0.459892 0.104507 0.881804
-1.414667 -169.551694 724.425319 -6006.395313 0.532143 0.846301 -0.024445 0.846494 -0.531261 0.034776 0.016444 -0.039198 -0.999096
0.386905 -157.751771 424.074547 9504.330369 0.562493 0.825740 -0.041884 -0.792206 0.552765 0.258574 -0.236667 0.112265 -0.965083
1.780495 -175.454499 885.485324 20802.945111 0.573604 0.819122 -0.004215 -0.751631 0.528374 0.394806 -0.325622 0.223295 -0.918755
0.506843 -390.702122 493.594932 73161.829762 0.505501 0.862741 0.012105 -0.807132 0.467867 0.360053 -0.304969 0.191777 -0.932854
36.810806 -2748.699484 1034.313293 897187.899374 0.133104 -0.037922 -0.990376 -0.112006 0.992290 -0.053049 0.984753 0.117989 0.127830
-6.007763 -817.590560 505.296813 -158810.957446 0.124422 0.068484 -0.989863 0.466385 0.876505 0.119264 0.875788 -0.476496 0.077116
2.277774 -1022.182960 1960.503652 -230240.268611 0.033666 0.098045 -0.994612 0.401894 0.909842 0.103292 0.915067 -0.403206 -0.008773
85.394064 -2419.459031 -8133.157361 -470629.586345 0.176670 0.259166 -0.949537 0.708525 0.636151 0.305458 0.683213 -0.726736 -0.071237
2.762644 -328.146647 578.330467 -19975.328058 0.046780 0.107677 -0.993085 0.101566 0.988508 0.111965 0.993728 -0.106102 0.035306
5.785904 -926.879858 1099.590757 197059.946382 0.028279 0.115974 -0.992850 -0.424814 0.900482 0.093085 0.904839 0.419144 0.074733
-32.177736 -48.185309 -356.641594 1124.696996 0.073497 0.886332 0.457180 0.941124 0.090037 -0.325852 -0.329976 0.454212 -0.827531
-29.242224 -45.365944 246.959575 1658.283363 -0.218578 0.872418 0.437163 0.928842 0.323337 -0.180848 -0.299126 0.366525 -0.881012
-26.510327 -39.549026 66.166138 2326.960301 -0.431997 0.821028 0.373218 0.893804 0.444992 0.055651 -0.120388 0.357625 -0.926073
-31.285572 -47.989405 42.624856 594.989369 -0.365720 0.863080 0.348342 -0.762691 -0.492419 0.419316 -0.533433 0.112325 -0.838351
-34.373363 -48.160272 172.563702 1104.914363 -0.406716 0.857546 0.314957 -0.655968 -0.514087 0.552649 -0.635837 -0.018170 -0.771610
-34.066733 -49.598571 -126.761274 770.155964 -0.250587 0.877817 0.408221 -0.729389 -0.448457 0.516603 -0.636552 0.168298 -0.752647
-32.800077 -48.032456 -134.900822 597.213591 -0.496520 0.820682 0.282752 -0.722493 -0.571281 0.389413 -0.481115 0.010935 -0.876589
5.116476 -9.558659 -1776.755863 -2901.385832 -0.424801 -0.057092 -0.903485 0.639122 0.687900 -0.343972 0.641145 -0.723557 -0.255732
-0.786630 -14.542672 910.511428 -2671.023583 0.537270 0.182154 0.823505 0.529644 0.686995 -0.497509 0.656367 -0.703461 -0.272625
-1.862525 -10.394173 458.500650 -1898.607733 0.670858 0.391209 0.630004 0.327766 0.605639 -0.725100 0.665221 -0.692933 -0.278073
-3.847777 -18.045947 -2794.404796 -706.340995 0.533546 0.841508 -0.084812 0.057892 0.063706 0.996288 -0.843788 0.536475 0.014727
-8.048039 -19.907408 -2970.852129 -554.657641 0.542972 0.838804 0.039858 0.050919 -0.080264 0.995472 -0.838206 0.538484 0.086292
6.691425 -30.749345 3329.560368 170.471428 0.537539 0.841867 -0.048085 -0.391125 0.299443 0.870262 -0.747043 0.448992 -0.490237
-1.415102 -60.616599 157.447029 491.590334 0.173501 0.898912 0.402312 0.980011 -0.197967 0.019691 0.097345 0.390854 -0.915291
2.927602 -62.403085 121.508914 1581.430799 0.251596 0.880276 0.402262 0.922555 -0.343768 0.175259 0.292561 0.327014 -0.898593
-5.302416 -57.765038 -13.214435 -468.559588 0.122002 0.909823 0.396657 0.988199 -0.074055 -0.134082 -0.092616 0.408335 -0.908122
-4.702979 -57.586985 489.521287 -2146.763786 0.198582 0.885920 0.419179 0.971220 -0.120486 -0.205463 -0.131519 0.447916 -0.884350
-0.693033 -61.590746 530.796888 -1527.452979 0.258297 0.867929 0.424243 0.965545 -0.246346 -0.083884 0.031705 0.431292 -0.901655
-6.371242 -71.776765 -189.352133 603.982772 -0.266966 -0.895303 -0.356597 0.942226 -0.320177 0.098468 -0.202333 -0.309707 0.929055
-6.853644 -70.643561 576.435154 -82.569225 -0.282957 -0.868943 -0.406046 0.912368 -0.374430 0.165490 -0.295837 -0.323637 0.898743
-5.670627 -69.788779 183.681390 -1142.890358 0.294752 0.884274 0.362188 0.831238 -0.424227 0.359271 -0.471344 -0.195168 0.860084
-7.462165 -69.804456 -325.730217 1132.027271 -0.239633 -0.903086 -0.356388 0.968760 -0.198268 -0.148978 0.063880 -0.380955 0.922384
-6.485975 -78.401622 -613.969621 1391.910915 -0.236935 -0.912925 -0.332310 0.971127 -0.232343 -0.054113 -0.027809 -0.335537 0.941617
-5.941463 -75.113117 617.140803 -871.188537 0.273784 0.903246 0.330437 0.891844 -0.367044 0.264373 -0.360079 -0.222317 0.906045
-18.153974 -24.958185 1233.713858 -406.256372 -0.530855 0.838400 0.123607 0.596892 0.266359 0.756818 -0.601592 -0.475540 0.641832
-5.758127 -24.334896 2327.413966 -310.490995 0.574582 -0.788721 -0.218575 0.589701 0.213765 0.778818 -0.567547 -0.576389 0.587935
-3.027365 -24.889646 3280.891239 -355.127423 0.589591 -0.787631 -0.178942 0.623431 0.302915 0.720816 -0.513533 -0.536545 0.669629
-7.120623 -26.588286 1952.092746 -207.184859 0.588043 -0.792094 -0.163686 0.680048 0.374624 0.630232 -0.437882 -0.481918 0.758956
-18.308597 -25.221922 1341.931568 -492.596172 -0.631643 0.775205 0.009223 0.565736 0.452767 0.689163 -0.530066 -0.440522 0.724548
41.200612 -27.413281 14629.756331 -392.563890 0.584513 -0.744519 -0.322546 0.711728 0.279590 0.644416 -0.389599 -0.606235 0.693319
7.255913 -17.184780 -2680.609750 -1029.941416 -0.373404 -0.593879 -0.712655 -0.215520 0.802738 -0.556024 0.902286 -0.054030 -0.427738
10.661395 -12.696347 -2237.793262 -887.196875 -0.398772 -0.607375 -0.687078 -0.176750 0.786083 -0.592311 0.899856 -0.114756 -0.420822
2.955044 -10.574142 -1167.139302 -693.906360 -0.417205 -0.454016 -0.787280 -0.041192 0.874830 -0.482676 0.907878 -0.168945 -0.383685
35.381889 -10.478136 -7989.170262 1905.440533 -0.209654 0.946328 -0.245983 0.465989 -0.124463 -0.875993 0.859592 0.298281 0.414885
18.953606 -7.829482 -1211.833947 -2257.938750 -0.390123 0.909143 -0.145819 0.401464 0.025431 -0.915522 0.828632 0.415707 0.374909
13.316876 -25.610133 -1676.298518 -1156.072577 -0.376764 0.876729 0.298991 0.158885 0.379158 -0.911589 0.912581 0.295949 0.282152
12.383117 -26.377544 -2936.280826 -419.378192 -0.312732 0.888284 0.336378 0.174520 0.401848 -0.898922 0.933671 0.222417 0.280694
145.239183 -14.463960 31114.403846 -903.526691 0.810169 0.493978 -0.315613 0.304433 0.105547 0.946668 -0.500945 0.863044 0.064872
476.996538 -23.326238 102712.110842 1477.255972 0.606704 0.625988 -0.489948 0.431028 0.258817 0.864424 -0.667926 0.735631 0.112793
1176.413043 -42.456587 243985.468738 1039.795960 0.637130 0.634385 -0.437746 0.410848 0.201000 0.889271 -0.652127 0.746428 0.132573
416.781427 -20.691943 88585.755195 -328.421593 0.732277 0.615879 -0.290626 0.293986 0.099059 0.950663 -0.614283 0.781588 0.108521
37.535569 -26.055187 -3244.523760 -225.085433 0.712456 0.692063 0.115997 -0.535207 0.642831 -0.548016 0.453828 -0.328355 -0.828386
27.417392 -27.749472 -2618.565066 503.573293 0.702799 0.710672 0.031909 -0.545072 0.566772 -0.617792 0.457132 -0.416791 -0.785694
21.473578 -27.600529 -2036.660453 806.422716 0.676911 0.735863 0.017253 -0.518020 0.492911 -0.699066 0.522921 -0.464268 -0.714849
-5.711725 -146.872906 -183.016814 -10059.246792 -0.243015 0.121430 -0.962392 -0.346596 0.915770 0.203067 0.905988 0.382909 -0.180459
-5.283876 -138.165768 595.590333 -13378.869072 -0.285024 0.100829 -0.953202 -0.302888 0.934023 0.189369 0.909407 0.342688 -0.235679
-4.574905 -156.843566 849.290752 -16674.963742 -0.318944 0.106202 -0.941805 -0.227144 0.956177 0.184746 0.920152 0.272849 -0.280844
3.926828 -95.224991 -424.683977 1336.389753 -0.237741 0.259308 -0.936076 -0.646263 0.677219 0.351736 0.725137 0.688573 0.006578
44.683869 -588.691902 4070.357004 -159424.661180 -0.227992 0.355020 -0.906631 0.302894 0.910814 0.280488 0.925351 -0.210664 -0.315192
1.223555 -233.167223 1099.011313 -17800.366470 -0.125796 0.522184 -0.843504 0.714398 0.637636 0.288196 0.688339 -0.566343 -0.453259
30.544251 -436.950538 -2505.480122 23727.402337 -0.095117 0.522391 -0.847385 -0.510485 0.705198 0.492038 0.854610 0.479378 0.199596
13.821096 -370.173915 2519.195700 -25724.121722 -0.167999 0.405071 -0.898718 -0.110033 0.898273 0.425439 0.979627 0.170362 -0.106338
-3.671775 -18.567739 -656.329603 503.923057 0.668431 0.652326 -0.357309 0.703262 -0.397931 0.589130 0.242121 -0.645075 -0.724746
-5.834106 -18.887573 -777.412994 -525.850723 0.718845 0.623177 -0.308077 -0.653330 0.454191 -0.605698 0.237532 -0.636679 -0.733634
-3.342721 -15.503699 -467.520334 -743.969360 0.702761 0.637337 -0.316116 -0.643038 0.378962 -0.665499 0.304351 -0.670962 -0.676152
-1.148411 -17.143140 -398.230220 608.879085 0.650301 0.663109 -0.370668 0.707915 -0.351935 0.612371 0.275618 -0.660627 -0.698288
8.223926 -28.794630 37.651611 -1007.917005 0.646148 0.746683 -0.157978 -0.558637 0.321674 -0.764494 0.520017 -0.582229 -0.624974
6.962872 -30.357783 -245.944883 636.386327 0.631596 0.750336 -0.195147 0.652976 -0.379119 0.655661 0.417982 -0.541539 -0.729401
8.966397 -26.442566 960.729275 -1001.932647 0.668860 0.729784 -0.141567 -0.554128 0.362504 -0.749355 0.495549 -0.579660 -0.646858
-0.948897 -124.459730 -0.360925 -2662.665488 -0.163986 -0.902594 -0.398036 0.888793 0.039866 -0.456572 0.427967 -0.428642 0.795682
-2.036294 -120.536850 29.527893 558.125156 0.150339 0.889620 0.431248 0.692311 0.216663 -0.688304 0.705764 -0.402037 0.583321
-29.114050 -1204.702423 2082.928712 -264970.125678 0.691573 -0.483743 0.536395 -0.683950 -0.677342 0.270961 -0.232248 0.554257 0.799287
-18.502087 -1640.960994 2855.637434 447611.247999 0.635819 -0.499422 0.588483 0.578123 0.813309 0.065597 -0.511379 0.298508 0.805844
-38.572330 -838.920187 -2106.819413 -28705.543223 0.606823 -0.556500 0.567515 0.108865 0.765465 0.634202 -0.787346 -0.323066 0.525085
-3.992375 -25.294109 -601.264821 -1126.772201 -0.477621 0.845328 0.239373 -0.665913 -0.170593 -0.726263 0.573095 0.506280 -0.644393
-12.903434 -30.701281 7394.403377 -1203.121467 0.932086 0.161685 0.324150 -0.120206 0.982210 -0.144272 -0.341710 0.095509 0.934940
-0.241822 -25.797991 6218.100892 -680.310130 0.929944 0.154012 0.333893 -0.145271 0.988069 -0.051155 -0.337788 -0.000934 0.941222
11.514482 -29.301905 4252.886015 -1111.082035 0.905966 0.175781 0.385132 -0.130626 0.981404 -0.140652 -0.402694 0.077118 0.912080
5.953593 -37.820025 5956.103292 -2695.904607 0.929813 0.091603 0.356451 -0.011004 0.975016 -0.221862 -0.367869 0.202367 0.907590
-20.655199 -36.890685 8164.113620 -2015.021686 0.934339 0.041516 0.353958 0.035726 0.977278 -0.208931 -0.354589 0.207858 0.911626
-28.745277 -36.027208 -188.171127 5183.949671 0.332066 0.941123 0.063405 0.819981 -0.321240 0.473747 -0.466222 0.105324 0.878376
6.619401 -65.000893 -165.779218 1447.863707 -0.645177 -0.512470 -0.566675 0.693190 -0.704527 -0.152083 -0.321300 -0.490934 0.809784
4.039908 -28.277130 1681.646510 9.758807 0.575671 0.816399 0.045775 0.723971 -0.482874 -0.492645 0.380091 -0.316741 0.869026
4.159793 -27.662547 1884.805251 -131.738118 0.613480 0.789544 0.016206 0.728475 -0.557868 -0.397627 0.304903 -0.255742 0.917404
-0.768745 -26.463514 1912.405034 -53.718795 0.576159 0.816454 0.037987 0.741301 -0.502419 -0.445025 0.344257 -0.284565 0.894712
0.382028 -27.200134 1619.266803 69.088141 0.532682 0.843076 0.073977 0.720974 -0.406275 -0.561371 0.443224 -0.352368 0.824251
4.859249 -28.008620 1701.059818 -37.693138 0.545479 0.835420 0.067279 0.700224 -0.410145 -0.584352 0.460585 -0.365862 0.808707
5.936413 -31.093471 -1258.623609 -453.907303 0.567930 0.797315 0.204314 0.448905 -0.091992 -0.888831 0.689883 -0.596512 0.410164
4.098882 -31.816800 -1440.671988 -234.725626 0.590267 0.781353 0.202662 0.319631 0.004302 -0.947532 0.741229 -0.624074 0.247205
6.663351 -31.670859 -89.499773 55.847179 0.517254 0.832941 0.196618 0.266301 0.061690 -0.961914 0.813346 -0.549913 0.189903
11.746636 -24.467817 -1636.970733 659.869137 0.895030 0.441172 0.065485 0.009881 0.127174 -0.991831 0.445896 -0.888366 -0.109465
6.024648 -22.563786 -1389.966635 379.238358 0.903691 0.421757 0.073923 0.015335 0.140654 -0.989940 0.427911 -0.895733 -0.120641
3.162651 -24.197208 -1546.961827 340.254803 0.908312 0.399996 0.122362 0.103116 0.069380 -0.992247 0.405384 -0.913887 -0.021773
-0.102573 -50.975158 -502.881129 2693.508834 0.555758 0.813402 -0.171785 0.793174 -0.456904 0.402634 0.249014 -0.360023 -0.899097
-2.174204 -50.654524 -729.029933 3457.134558 0.589772 0.791784 -0.158895 0.755371 -0.471277 0.455316 0.285628 -0.388557 -0.876036
1.380333 -41.519783 -357.826630 2988.362618 0.559062 0.813400 -0.160719 0.725765 -0.386361 0.569201 0.400892 -0.434863 -0.806337
1.997364 -44.294297 -112.518376 2942.905548 0.523604 0.835937 -0.164462 0.776138 -0.388421 0.496728 0.351353 -0.387734 -0.852182
2.744406 -37.041899 -87.012106 -1782.016399 0.506882 0.844939 -0.170731 -0.731759 0.317076 -0.603317 0.455631 -0.430745 -0.779012
-0.747608 -95.013007 229.051951 3506.044967 0.487982 0.830351 -0.269056 0.753718 -0.556318 -0.349885 0.440208 0.032054 0.897324
-0.842134 -111.394834 218.256897 3491.042264 0.513276 0.813041 -0.274796 0.790308 -0.572610 -0.218014 0.334606 0.105272 0.936460
-1.157523 -81.919668 49.787420 3853.392162 0.468339 0.846280 -0.253907 0.650660 -0.524760 -0.548880 0.597746 -0.091855 0.796406
-2.617220 -105.362955 828.844331 5002.279867 0.455464 0.847602 -0.272256 0.603580 -0.518803 -0.605422 0.654404 -0.111419 0.747891
-6.959462 -59.957136 -588.340150 1094.668722 0.737861 0.622779 -0.260207 -0.291216 -0.054039 -0.955130 0.608896 -0.780529 -0.141490
-7.299405 -59.577357 -159.698054 835.466803 0.708979 0.660483 -0.247207 -0.273765 -0.065286 -0.959578 0.649924 -0.747998 -0.134531
-6.877531 -60.194079 -390.071013 31.520545 0.725996 0.642306 -0.245711 -0.151000 -0.199688 -0.968155 0.670917 -0.739978 0.047985
-7.882478 -59.516116 -82.838241 94.719941 0.698260 0.678422 -0.228423 -0.153489 -0.169783 -0.973455 0.699195 -0.714785 0.014423
-4.999792 -62.086977 -571.976190 542.493886 0.745595 0.613987 -0.259052 -0.192658 -0.173534 -0.965800 0.637942 -0.770004 0.011096
-4.421976 -60.137049 -305.404412 -845.163019 0.730258 0.640941 -0.236467 -0.008327 -0.337755 -0.941197 0.683120 -0.689286 0.241311
-6.658181 -58.104288 -248.567835 -1414.922467 0.707214 0.678985 -0.197048 0.056436 -0.332037 -0.941576 0.704744 -0.654775 0.273141
35.962752 -26.454001 -8861.819345 593.113572 0.542315 0.808623 -0.228085 0.840108 -0.518485 0.159345 0.010591 -0.278031 -0.960514
3.352784 -31.247934 -2829.646010 1269.838590 0.625275 0.756497 -0.191685 0.780403 -0.606542 0.151913 -0.001343 -0.244579 -0.969628
11.066114 -26.503686 -5238.316420 632.286007 0.559008 0.796793 -0.229413 0.826602 -0.513801 0.229648 0.065109 -0.318008 -0.945850
-1.484724 -42.069185 -179.668001 1252.014423 0.645777 0.742039 -0.179860 0.319886 -0.049046 0.946186 -0.693285 0.668560 0.269041
-0.560383 -43.020204 -279.795842 1070.169643 0.631647 0.749927 -0.196548 0.316079 -0.017615 0.948569 -0.707895 0.661286 0.248163
-0.328992 -39.273045 -389.034902 384.020233 0.629651 0.750037 -0.202445 0.369635 -0.060033 0.927236 -0.683308 0.658665 0.315040
-0.714881 -42.307763 -262.728799 -1095.012497 0.635002 0.743670 -0.209110 0.418034 -0.103163 0.902555 -0.649631 0.660540 0.376387
2.283782 -83.858612 -1326.568534 1283.338789 0.701746 0.522251 -0.484567 0.712418 -0.511031 0.480945 0.003545 -0.682716 -0.730675
-2.808789 -79.027591 -1291.266095 806.479590 0.696894 0.521409 -0.492414 0.714614 -0.562825 0.415398 -0.060551 -0.641374 -0.764835
-2.900841 -71.738427 154.403041 670.278953 0.485301 0.804781 -0.341774 0.254629 -0.504034 -0.825296 0.836449 -0.313492 0.449529
