10630
21249
-51.355996 -75.679031 -528.766659 4367.673216 0.055253 0.997312 0.048120 0.863385 -0.023516 -0.503997 0.501510 -0.069393 0.862364
-42.010053 -73.011511 -1887.624312 9038.174860 -0.043068 0.978516 0.201622 0.785461 0.157878 -0.598437 0.617411 -0.132593 0.775385
-42.925114 -62.997622 -761.847603 6431.111294 0.234994 0.966403 -0.104128 0.713826 -0.244295 -0.656332 0.659720 -0.079905 0.747252
-32.311553 -53.675413 -3327.671556 7454.348565 0.188159 0.980461 0.057378 0.652184 -0.081051 -0.753715 0.734338 -0.179240 0.654691
-49.956887 -71.933793 172.679715 4853.257276 0.249727 0.946794 -0.203022 0.791070 -0.320396 -0.521109 0.558430 0.030470 0.828992
-36.086263 -51.894685 842.821157 4218.541481 0.470138 0.762517 -0.444452 0.492048 -0.644500 -0.585243 0.732707 -0.056453 0.678199
-42.942921 -62.958661 157.420282 5655.388337 0.411188 0.801313 -0.434536 0.613870 -0.595819 -0.517844 0.673860 0.053817 0.736896
-44.987757 -56.132088 -276.486170 -2031.903268 0.060749 -0.123108 -0.990532 -0.039207 0.991305 -0.125609 0.997383 0.046467 0.055394
-45.081307 -56.468701 662.616254 -3556.307732 -0.079532 -0.181070 -0.980249 -0.028053 0.983381 -0.179372 0.996437 0.013233 -0.083290
-45.575405 -61.757997 -571.680321 -2968.821430 0.026480 -0.140275 -0.989758 -0.157642 0.977131 -0.142703 0.987141 0.159807 0.003761
31.214443 -78.414821 1588.749034 -3309.011004 0.446024 0.733354 0.513084 0.810470 -0.574159 0.116107 -0.379739 -0.364052 0.850450
27.324848 -74.643002 1500.477583 -1558.548285 0.415964 0.801657 0.429325 0.852687 -0.507916 0.122256 -0.316069 -0.315225 0.894837
34.373964 -75.768262 -1010.730428 2902.330281 -0.404973 -0.791774 -0.457265 0.896895 -0.441200 -0.030370 -0.177699 -0.422418 0.888812
42.192270 -67.657839 146.178665 7958.830293 -0.397283 -0.769844 -0.499506 0.917695 -0.332571 -0.217329 0.001188 -0.544736 0.838607
39.348614 -79.683853 -789.878970 3118.035668 -0.429362 -0.723423 -0.540654 0.879864 -0.470077 -0.069759 -0.203684 -0.505654 0.838348
34.104765 -68.922640 -2303.679774 5788.450064 -0.352461 -0.857273 -0.375305 0.935686 -0.329767 -0.125479 -0.016193 -0.395395 0.918369
11.674638 -47.536353 493.960961 71.138828 -0.066432 0.980299 -0.186012 0.948035 0.003878 -0.318142 0.311153 0.197481 0.929616
12.112938 -50.129039 -2670.539629 1076.023247 -0.127213 0.987889 -0.088834 0.955764 0.098143 -0.277280 0.265203 0.120178 0.956674
17.412457 -50.301845 -597.502834 218.428837 -0.072634 0.985344 -0.154343 0.979000 0.040883 -0.199719 0.190481 0.165608 0.967621
12.116661 -49.836627 -3378.807040 -1107.124214 -0.001535 -0.964448 0.264270 0.982129 -0.051191 -0.181115 0.188205 0.259269 0.947290
3.863772 -47.423511 3402.423778 -797.629249 0.012637 0.953570 -0.300907 0.938593 -0.115080 -0.325269 0.344795 0.278319 0.896468
-0.076970 -69.003890 -1214.709429 -595.889832 0.659963 0.649650 -0.377364 -0.481102 -0.020354 -0.876428 0.577052 -0.759961 -0.299115
-0.181786 -66.962958 -1253.808478 221.848143 0.661702 0.651397 -0.371257 -0.349148 -0.170487 -0.921428 0.663510 -0.739335 -0.114622
2.614091 -65.873102 -1329.559454 -447.750164 0.662034 0.654028 -0.366004 -0.453872 -0.038755 -0.890224 0.596415 -0.755477 -0.271188
2.796161 -70.279412 -1277.083286 -2395.565379 0.664505 0.652104 -0.364955 -0.545736 0.089848 -0.833126 0.510495 -0.752786 -0.415581
-4.162208 -85.332211 2499.729956 121.248200 0.011506 0.933182 0.359219 -0.833645 0.207332 -0.511908 0.552181 0.293571 -0.780328
-9.339720 -87.968612 1645.549549 2839.673478 0.025351 0.933797 0.356905 -0.711675 0.267585 -0.649551 0.702051 0.237533 -0.671343
-11.338797 -83.421007 1447.195971 1979.317313 0.059266 0.929341 0.364436 -0.805815 0.260020 -0.532026 0.589194 0.262137 -0.764287
1.879455 -86.193914 3520.639593 3270.322359 -0.021599 0.937824 0.346440 -0.745908 0.215615 -0.630183 0.665698 0.272024 -0.694873
-7.775852 -41.952237 4439.333590 -465.928694 0.547477 0.679665 -0.488185 0.053174 0.553946 0.830852 -0.835129 0.480832 -0.267132
-2.743625 -43.479568 7064.217880 1304.963401 0.583542 0.649582 -0.487362 -0.040310 0.622569 0.781526 -0.811082 0.436408 -0.389480
-26.746098 -43.231272 3439.794820 968.856075 -0.518378 -0.602107 0.607249 0.027945 0.697801 0.715746 -0.854695 0.387997 -0.344899
-21.605126 -43.198993 -3194.830748 585.899635 0.485678 0.700737 -0.522575 0.047145 0.575949 0.816125 -0.872866 0.421011 -0.246689
-23.431352 -44.028224 -2946.169435 -1066.710215 0.485688 0.746089 -0.455476 0.081413 0.480187 0.873380 -0.870333 0.461272 -0.172480
-25.915307 -43.876211 -2173.212926 -1570.868664 0.528154 0.721703 -0.447435 0.114838 0.461374 0.879742 -0.841348 0.516022 -0.160798
-3.320936 -99.290632 -101.551078 -5285.059139 -0.291658 0.341548 -0.893465 0.684059 -0.578412 -0.444412 -0.668580 -0.740799 -0.064941
-4.906520 -116.557354 -309.534229 -11793.350912 -0.256738 0.311411 -0.914936 0.830463 -0.413169 -0.373662 -0.494386 -0.855754 -0.152540
-4.035699 -108.241064 -269.389687 -6147.834271 -0.272659 0.316884 -0.908428 0.703421 -0.578521 -0.412931 -0.656396 -0.751597 -0.065164
-2.327823 -100.055729 -135.712026 -1884.869815 0.316600 -0.360978 0.877188 -0.548316 0.684957 0.479774 -0.774024 -0.632873 0.018927
-2.645276 -87.991086 -359.983770 -880.942942 0.313658 -0.377518 0.871263 -0.595862 0.636155 0.490158 -0.739302 -0.672895 -0.025414
-2.907554 -119.568774 924.082001 1104.895691 0.350406 0.926224 0.139015 -0.192355 0.216430 -0.957161 0.916632 -0.308655 -0.254002
-3.280692 -129.072195 90.077330 -2062.881172 0.371300 0.914562 0.160351 -0.000400 0.172854 -0.984947 0.928513 -0.365647 -0.064547
-2.628463 -135.565938 -1080.280323 273.496014 0.381026 0.917042 0.117698 -0.322063 0.250974 -0.912846 0.866657 -0.309912 -0.390973
-7.869846 -191.468073 -718.174020 -33344.952649 0.330818 -0.186546 0.925073 0.346856 0.935688 0.064646 -0.877639 0.299482 0.374247
2.654250 -110.136731 -2662.773667 -6462.837828 0.378195 -0.070000 0.923075 0.252572 0.967108 -0.030142 -0.890604 0.244543 0.383436
-0.710140 -123.949963 -1594.682735 4398.138005 0.388701 -0.087703 0.917180 0.142083 0.989257 0.034381 -0.910343 0.116952 0.396986
-2.063584 -165.831190 -2870.170979 -30349.691580 0.329302 -0.143018 0.933331 0.482982 0.874875 -0.036347 -0.811350 0.462751 0.357173
-4.230405 -129.453365 -1887.562727 1861.153978 0.368957 -0.120971 0.921541 0.117837 0.989581 0.082724 -0.921947 0.078070 0.379367
-10.390821 -172.798214 -360.757918 -28116.052084 0.352994 -0.200227 0.913950 0.495983 0.868331 -0.001330 -0.793345 0.453773 0.405825
-8.634941 -500.740030 -4789.009140 -134510.014718 0.381741 -0.104039 0.918395 0.578060 0.802201 -0.149401 -0.721194 0.587920 0.366374
-60.089700 -778.042493 -13902.473839 210764.518616 -0.236367 -0.498787 0.833872 0.960494 0.009811 0.278127 -0.146908 0.866669 0.476763
-56.924021 -205.470562 -10300.664036 21438.478036 0.051016 -0.533519 0.844248 0.982200 0.179823 0.054286 -0.180778 0.826451 0.533196
-40.883729 -180.193411 2135.051211 479.132876 0.441822 -0.446214 0.778258 0.886775 0.085973 -0.454135 0.135733 0.890787 0.433676
-47.177864 -179.505666 -13732.105301 -39924.514465 0.009290 0.925212 0.379336 0.833232 -0.216895 0.508608 -0.552846 -0.311349 0.772931
-98.163771 -2359.569593 -8203.206441 -777098.788501 -0.095741 0.971143 0.218438 0.574633 -0.125264 0.808768 -0.812792 -0.202954 0.546058
-34.888751 -156.065515 -8601.001029 -57138.603701 0.217765 0.885958 0.409459 0.609626 -0.451092 0.651822 -0.762191 -0.107673 0.638335
-21.637073 -121.892554 -1209.918111 -32392.272029 0.207156 0.912668 0.352311 0.699574 -0.389934 0.598789 -0.683873 -0.122425 0.719256
-20.667509 -132.170299 2062.987614 -21309.600090 0.149978 0.908873 0.389174 0.841608 -0.323928 0.432165 -0.518848 -0.262717 0.813497
-9.380278 -59.290043 -326.221452 -2295.129244 0.503818 0.756564 -0.416867 0.861522 -0.475198 0.178791 -0.062828 -0.449218 -0.891210
-8.263633 -63.345994 -1341.467422 -2739.508544 0.499886 0.743511 -0.444191 0.865876 -0.417589 0.275461 0.019319 -0.522313 -0.852535
-8.269609 -59.731133 -1057.046927 -1545.687629 0.496605 0.746739 -0.442453 0.866806 -0.453131 0.208134 -0.045068 -0.486881 -0.872305
-6.741779 -61.539313 -911.590146 -2018.264680 0.491273 0.743003 -0.454530 0.870434 -0.437709 0.225292 -0.031560 -0.506318 -0.861769
-8.190550 -55.745914 -993.465986 -1367.398555 0.497082 0.746401 -0.442486 0.859129 -0.494881 0.130349 -0.121685 -0.444947 -0.887251
17.276873 -23.866962 13424.300569 3344.470786 0.900286 -0.391271 0.190765 -0.135155 -0.667839 -0.731932 -0.413784 -0.633166 0.654128
-7.139382 -37.852063 2993.856745 4034.190915 0.859207 -0.066882 0.507238 0.238368 -0.824915 -0.512539 -0.452708 -0.561286 0.692830
-7.262213 -27.556364 4227.710794 5664.370978 0.873293 -0.130683 0.469342 0.210433 -0.767679 -0.605299 -0.439406 -0.627368 0.642909
-17.984482 -30.849311 2299.490734 3115.855726 0.725272 0.143824 0.673272 0.481189 -0.805305 -0.346324 -0.492380 -0.575150 0.653272
13.921066 -14.322563 17999.984210 1650.183049 0.865437 -0.500760 0.016048 -0.288183 -0.523743 -0.801651 -0.409840 -0.689154 0.597577
59.361703 -372.545982 -4468.880104 -16255.564552 -0.335352 -0.672316 0.659947 0.898161 -0.016738 0.439349 -0.284335 0.740075 0.609460
70.456085 -465.146007 -10231.550353 79484.135247 -0.253294 -0.508461 0.822988 0.965234 -0.189589 0.179941 0.064536 0.839955 0.538805
116.831672 -2219.874573 7871.587954 740109.719438 -0.207800 -0.725159 0.656478 0.945681 -0.320470 -0.054654 0.250014 0.609462 0.752363
32.572681 -478.825485 -2765.699790 -99011.781899 -0.255884 -0.512494 0.819679 0.829505 0.319022 0.458416 -0.496431 0.797229 0.343484
41.871231 -134.489236 -2913.429521 4754.489044 0.323724 0.907071 -0.269118 0.515120 -0.407552 -0.754025 0.793634 -0.105468 0.599185
60.392822 -144.076549 -3151.440694 20758.209461 0.301065 0.785496 -0.540699 0.533392 -0.608724 -0.587323 0.790477 0.111582 0.602242
32.019204 -84.649635 -2391.644624 6024.948810 0.246332 0.811856 -0.529349 0.367632 -0.583631 -0.724032 0.896754 0.016254 0.442231
-28.667698 -70.202058 -7215.029450 -1193.116370 0.337395 0.882848 0.326718 0.517170 -0.463838 0.719298 -0.786574 0.073719 0.613079
-20.106327 -68.807330 -15685.233863 10133.475654 0.153631 0.917784 0.366156 0.753937 -0.348403 0.556951 -0.638731 -0.190493 0.745477
-41.219009 -72.271167 -4770.914599 3011.599117 0.388197 0.881510 0.268781 0.650279 -0.468674 0.597898 -0.653024 0.057320 0.755165
-8.697025 -70.524603 -12995.078273 6553.501877 0.163046 0.912197 0.375915 0.604962 -0.393416 0.692275 -0.779382 -0.114541 0.615990
-17.109598 -74.332180 -8244.195967 -8880.570990 0.257199 0.910003 0.325181 0.365470 -0.403107 0.839009 -0.894584 0.096948 0.436258
1.497446 -10.322348 207.216861 4185.332637 -0.034673 0.984724 -0.170635 0.563571 0.160266 0.810372 -0.825340 0.068067 0.560519
5.615132 -22.259813 610.648510 4329.209790 -0.056330 0.978216 -0.199803 0.509032 0.200296 0.837119 -0.858902 0.054551 0.509226
2.787829 -17.533961 215.531595 3225.816303 0.051521 0.997642 -0.045339 0.544364 0.010007 0.838789 -0.837265 0.067896 0.542565
7.271994 -22.909227 752.968987 4928.559223 -0.178363 0.929547 -0.322690 0.502884 0.367999 0.782102 -0.845751 0.022777 0.533092
14.236189 -52.135128 -10045.692342 -2066.053262 0.289797 0.918418 0.269306 -0.227624 0.339444 -0.912669 0.929627 -0.203188 -0.307423
22.529861 -48.678987 -10705.215695 -1579.758847 0.291846 0.911514 0.289771 -0.078933 0.324880 -0.942456 0.953203 -0.252180 -0.166763
31.203122 -49.876401 -7524.385354 -104.047904 0.166982 0.967472 0.190038 -0.192883 0.221074 -0.955993 0.966909 -0.122979 -0.223525
19.241552 -51.124054 -4768.970739 -2306.867879 0.133818 0.975147 0.176581 -0.316267 0.210889 -0.924933 0.939185 -0.067927 -0.336628
31.959751 -48.530398 -357.352728 -1146.287970 0.013646 0.990216 0.138877 -0.257883 0.137676 -0.956317 0.966080 0.022764 -0.257238
41.509808 -46.515892 515.736073 862.038875 -0.021012 0.994269 0.104819 -0.170066 0.099759 -0.980370 0.985209 0.038426 -0.166995
52.755165 -36.629886 2857.015891 3443.970883 -0.489398 0.865397 0.107598 0.145253 -0.040767 0.988554 -0.859878 -0.499426 0.105750
57.274525 -39.046408 11124.941192 1335.153107 -0.374938 0.918078 0.128662 0.070714 -0.110059 0.991406 -0.924349 -0.380814 0.023656
43.866853 -36.998844 14295.113711 2672.206562 -0.245104 0.963003 0.112022 0.157785 -0.074382 0.984668 -0.956571 -0.259021 0.133716
46.917224 -29.769402 10695.931152 2843.273949 -0.318757 0.941531 0.109152 0.228480 -0.035436 0.972903 -0.919886 -0.335059 0.203826
8.868107 -81.315705 156.238650 6435.752066 -0.670020 0.740494 0.052362 -0.624845 -0.600647 0.498791 -0.400803 -0.301482 -0.865139
9.340065 -79.312551 -303.854732 9468.130704 -0.644777 0.764311 -0.009508 -0.667653 -0.557092 0.493849 -0.372158 -0.324771 -0.869496
10.766325 -92.504661 -764.666660 9087.121446 -0.646715 0.762705 -0.006302 -0.731170 -0.617581 0.289801 -0.217140 -0.192026 -0.957066
11.891552 -101.300277 -887.858221 4944.234682 -0.653750 0.756706 0.002508 -0.751788 -0.649871 0.111729 -0.086176 -0.071158 -0.993736
10.425153 -93.418716 -818.393400 4931.961640 -0.666218 0.745022 0.033084 -0.695265 -0.636546 0.333791 -0.269741 -0.199376 -0.942066
-6.482723 -110.712458 32.882713 -2668.943782 -0.547968 0.834483 0.058042 -0.555791 -0.415063 0.720291 -0.625162 -0.362437 -0.691240
-6.484464 -116.492317 -1085.323670 -3767.874782 -0.565595 0.824266 0.026241 -0.480248 -0.355070 0.802052 -0.670421 -0.441034 -0.596678
-5.617196 -114.115525 225.681244 -2804.592359 -0.541479 0.838033 0.067091 -0.412012 -0.334080 0.847724 -0.732835 -0.431382 -0.526177
-7.300538 -110.349787 -137.238007 -2027.055929 -0.545362 0.834800 0.075425 -0.546935 -0.422599 0.722684 -0.635171 -0.352872 -0.687051
-8.141422 -101.852260 444.974259 -3596.560158 -0.544278 0.834957 0.081295 -0.689847 -0.500606 0.522977 -0.477360 -0.228564 -0.848461
55.675293 -27.576879 10537.843849 2435.655982 0.372584 0.634033 0.677631 -0.132391 0.759053 -0.637425 -0.918506 0.147782 0.366751
30.311321 -17.359688 5590.225932 557.854228 0.439216 0.513615 0.737082 -0.141127 0.849715 -0.508004 -0.887228 0.119102 0.445693
38.827180 -25.408300 9866.975255 -1833.428056 0.352704 0.714394 0.604352 0.239026 -0.693215 0.679941 -0.904691 0.095362 0.415259
-6.304492 -194.363361 767.888710 14757.008141 0.916724 -0.399479 0.005817 0.329071 0.746735 -0.578014 -0.226561 -0.531793 -0.816006
-7.388201 -183.494400 -549.316474 212.024565 0.899327 -0.436625 -0.023858 0.262286 0.582285 -0.769513 -0.349881 -0.685786 -0.638185
-6.060092 -191.288284 -102.887417 16729.249137 0.898206 -0.439535 -0.005867 0.377648 0.778432 -0.501424 -0.224960 -0.448166 -0.865182
8.361882 -16.832447 -2296.742026 -1785.309330 -0.469093 0.834342 0.289525 -0.195899 -0.417970 0.887088 -0.861147 -0.359409 -0.359514
6.620318 -15.432059 -2253.873479 -6.964535 -0.469800 0.836698 0.281468 -0.215059 -0.417717 0.882758 -0.856176 -0.354188 -0.376183
12.276745 -16.717023 -1363.777888 -296.977807 -0.423326 0.858434 0.289631 -0.214189 -0.405457 0.888666 -0.880294 -0.314160 -0.355508
12.400712 -20.520963 -1852.611621 -2257.305091 -0.444373 0.845470 0.296163 -0.178074 -0.407365 0.895736 -0.877965 -0.345302 -0.331579
-5.422136 -142.528680 -424.055107 1594.281659 -0.827806 0.529198 -0.186243 0.543548 0.838740 -0.032717 0.138896 -0.128316 -0.981959
-5.744476 -166.823457 -115.881158 12470.756764 0.817579 -0.548846 0.174160 0.575703 0.785128 -0.228344 0.011412 -0.286954 -0.957876
-8.503950 -183.782199 814.121010 8249.018816 -0.838290 0.526326 -0.142306 0.531688 0.846940 0.000407 0.120739 -0.075322 -0.989823
-5.030897 -175.767263 1436.737799 20494.883720 0.804187 -0.553638 0.216261 0.594119 0.759453 -0.265054 0.017496 -0.341637 -0.939669
-7.876944 -145.237837 578.944654 -2227.243888 -0.844782 0.507232 -0.170466 0.474475 0.857327 0.199660 0.247419 0.087788 -0.964923
-6.706856 -132.535934 267.011877 -3639.545382 -0.839804 0.505722 -0.197419 0.459932 0.855966 0.236188 0.288430 0.107552 -0.951441
-5.781822 -138.572046 255.667485 1162.697729 -0.817049 0.544084 -0.190798 0.558453 0.829091 -0.027190 0.143395 -0.128768 -0.981253
19.156319 -1011.680573 4951.781408 370485.663441 0.869602 -0.452521 0.197528 -0.292603 -0.794538 -0.532065 -0.397714 -0.404887 0.823341
7.392653 -412.296297 -3481.389995 59458.522535 0.814562 -0.566510 0.124723 -0.278948 -0.571065 -0.772058 -0.508603 -0.594097 0.623194
7.950726 -308.474994 -2329.237087 26246.649599 0.789825 -0.602300 0.115806 -0.272803 -0.514094 -0.813195 -0.549323 -0.610689 0.570354
9.740955 -738.707352 1476.133137 210955.643239 0.808852 -0.571687 0.137595 -0.351560 -0.657741 -0.666170 -0.471342 -0.490460 0.732998
34.579003 -2202.395684 10060.068587 -858478.435115 0.839989 -0.524214 0.140066 0.470850 0.832495 0.291979 -0.269663 -0.179309 0.946113
-3.712083 -96.267946 -2439.133245 -5253.512350 0.973361 -0.215037 0.079544 0.062043 0.581024 0.811518 0.220724 0.784965 -0.578888
-0.646493 -113.211501 -2875.255736 -5299.421663 0.978141 -0.191249 0.081633 0.006519 0.420586 0.907229 0.207841 0.886866 -0.412639
-7.379053 -109.537093 -2298.614914 -6796.252051 0.968526 -0.223770 0.109017 0.005396 0.456747 0.889580 0.248854 0.860993 -0.443578
-8.013643 -92.975215 -809.468861 -5916.908499 0.961016 -0.255400 0.105920 0.097141 0.670542 0.735484 0.258866 0.696523 -0.669211
-19.519629 -51.201246 439.363107 2003.510072 0.199847 0.805961 0.557214 -0.488417 0.574938 -0.656426 0.849418 0.140968 -0.508545
-17.726774 -54.053025 -1331.246665 1137.087661 0.245962 0.788277 0.564023 -0.347812 0.614923 -0.707740 0.904726 0.022097 -0.425421
-15.788237 -52.741877 -2482.228448 1677.969372 0.260427 0.845561 0.466052 -0.501309 0.530964 -0.683203 0.825146 0.055712 -0.562165
-9.521107 -54.111403 -4204.194979 454.760614 0.273897 0.864567 0.421312 -0.383134 0.499889 -0.776737 0.882150 -0.051327 -0.468163
-20.077842 -48.255700 -11.651208 1774.220112 0.203922 0.841313 0.500608 -0.586688 0.514379 -0.625469 0.783717 0.166153 -0.598482
-18.869407 -47.385090 -1857.719083 2066.126787 0.231720 0.872855 0.429454 -0.643430 0.468627 -0.605299 0.729591 0.136064 -0.670211
17.669293 -277.343242 -2473.538979 18375.805751 -0.485844 0.869575 -0.088289 -0.199794 -0.012151 0.979763 -0.850904 -0.493652 -0.179640
8.217080 -276.022801 -1213.129254 26484.379472 -0.516773 0.852048 -0.083427 -0.215530 -0.035170 0.975864 -0.828548 -0.522281 -0.201817
10.409866 -265.862937 -2230.107121 7659.060964 -0.485301 0.862973 -0.140575 -0.553865 -0.179015 0.813134 -0.676548 -0.472474 -0.564846
26.455728 -262.391386 -5406.738033 8679.153822 -0.463832 0.871491 -0.159258 -0.516092 -0.119690 0.848130 -0.720076 -0.475581 -0.505285
-292.643947 -563.887916 65952.477420 99939.848005 -0.090265 0.954454 0.284376 0.304770 0.298316 -0.904502 0.948139 -0.005024 0.317816
-148.271969 -426.069374 32366.213743 26858.174566 -0.281524 0.946491 0.157795 0.410937 0.267526 -0.871527 0.867107 0.180512 0.464263
-263.407122 -1031.618123 28662.760626 -283453.414745 -0.036047 0.999347 0.002541 0.829648 0.031343 -0.557406 0.557121 0.017985 0.830236
178.202000 -21968.335352 -268201.839015 -10700073.801654 -0.048644 0.924097 0.379050 0.771683 0.275713 -0.573138 0.634144 -0.264627 0.726522
-9.896338 -35.791334 300.543794 -226.517301 -0.324419 0.944935 -0.043011 -0.655409 -0.191767 0.730523 -0.682049 -0.265185 -0.681532
-9.572652 -38.965204 -97.422886 -1776.449222 -0.305911 0.949689 -0.067155 -0.584136 -0.131524 0.800928 -0.751800 -0.284241 -0.594982
-10.535804 -37.900133 -884.382481 -68.933601 -0.355032 0.934832 -0.006409 -0.624787 -0.232172 0.745478 -0.695409 -0.268673 -0.666500
-11.336568 -36.716514 -703.501601 1424.757206 -0.377278 0.926062 0.008403 -0.668097 -0.278444 0.690011 -0.641332 -0.254712 -0.723750
-37.941949 -72.568146 -2755.398324 -680.364774 0.098760 0.986518 0.130496 0.925284 -0.042779 -0.376855 0.366191 -0.157964 0.917034
-29.076884 -81.641370 -5186.816146 8068.719331 -0.028124 0.965485 0.258936 0.849684 0.159539 -0.502578 0.526542 -0.205879 0.824844
-22.466175 -76.036670 -6076.307723 13699.869877 0.049048 0.961669 0.269791 0.716299 0.154378 -0.680502 0.696068 -0.226628 0.681270
-45.107934 -46.602834 1492.443155 -1583.349882 -0.072445 -0.676734 -0.732654 0.064242 0.729893 -0.680536 0.995301 -0.096369 -0.009403
21.730548 -67.362499 1546.087750 -5381.407876 0.446779 0.772767 0.450799 0.750751 -0.597899 0.280872 -0.486581 -0.212950 0.847285
20.694358 -68.729686 748.894120 -3305.160294 0.386779 0.838492 0.383841 0.841501 -0.491170 0.225007 -0.377198 -0.235975 0.895566
12.806781 -53.186031 -4683.972461 314.061394 -0.154632 0.986547 -0.053043 0.981422 0.147213 -0.123038 0.113574 0.071083 0.990983
4.115328 -51.355054 -4212.943900 1370.464679 -0.185339 0.981911 -0.038746 0.943251 0.166709 -0.287202 0.275548 0.089776 0.957086
-1.957907 -49.320479 -4247.844169 2011.928787 -0.213322 0.976722 -0.022533 0.895496 0.186256 -0.404222 0.390615 0.106408 0.914383
-8.229215 -51.336669 -3395.962139 1115.264668 -0.256121 0.965788 -0.040692 0.911819 0.227405 -0.341868 0.320919 0.124663 0.938867
-3.378879 -52.950538 -4332.255957 67.807782 -0.241433 0.969868 -0.032653 0.957443 0.232586 -0.170900 0.158156 0.072524 0.984747
-6.567585 -63.948590 -571.925010 -1608.547668 0.403317 0.888345 -0.219497 0.385713 0.052480 0.921125 -0.829796 0.456168 0.321480
-6.959182 -66.885860 -600.855489 543.780753 0.410052 0.889936 -0.199676 0.530252 -0.054485 0.846087 -0.742085 0.452819 0.494232
-9.424639 -63.912297 -691.788712 -1243.412650 0.417272 0.877698 -0.235651 0.431331 0.036963 0.901436 -0.799899 0.477787 0.363154
-4.256640 -68.311166 -1095.653229 102.616040 0.389184 0.902363 -0.185139 0.498385 -0.037241 0.866156 -0.774692 0.429365 0.464217
-8.105591 -60.361259 -445.979840 -2468.808526 0.407534 0.875054 -0.261144 0.269293 0.158092 0.949994 -0.872581 0.457479 0.171218
-6.065035 -62.367507 -725.642483 -3047.124942 0.391484 0.886999 -0.244893 0.264352 0.146506 0.953234 -0.881396 0.437913 0.177125
-3.525494 -66.557236 -1140.965122 -1816.441181 0.375627 0.902552 -0.210484 0.327196 0.083341 0.941274 -0.867091 0.422437 0.264007
-8.606762 -93.765686 1734.943110 -3262.163819 0.032429 0.972872 0.229062 0.604272 0.163468 -0.779829 0.796118 -0.163704 0.582578
-10.219900 -89.377341 219.005172 -1933.837240 0.091492 0.965208 0.244953 0.602728 0.142134 -0.785186 0.792685 -0.219478 0.568754
-11.401935 -96.096520 1109.119157 -2719.014280 0.059335 0.967677 0.245115 0.426220 0.197481 -0.882801 0.902672 -0.156854 0.400725
-11.990584 -91.260774 649.125377 -541.226338 0.119705 0.965384 0.231743 0.513695 0.139521 -0.846552 0.849581 -0.220382 0.479212
-8.570369 -101.708941 622.834780 -3608.758291 0.037746 0.961790 0.271174 0.395924 0.234765 -0.887767 0.917507 -0.140874 0.371934
-12.760662 -101.729536 1129.964813 -1217.711534 0.044532 0.961947 0.269584 0.157224 0.259740 -0.952794 0.986558 -0.084815 0.139675
-13.358607 -96.077818 596.354423 -1012.725851 0.098026 0.963670 0.248457 0.306127 0.208355 -0.928910 0.946930 -0.167117 0.274582
-25.073277 -45.954624 3295.359985 636.999153 -0.539511 -0.541618 0.644653 -0.042415 0.782152 0.621643 -0.840909 0.308040 -0.444952
-7.046653 -144.910894 -1128.161048 -17340.028468 -0.246334 0.303259 -0.920518 0.925032 -0.209844 -0.316674 -0.289199 -0.929516 -0.228832
-6.544799 -145.867343 161.502718 -11859.559399 -0.249561 0.301826 -0.920120 0.948420 -0.115643 -0.295171 -0.195496 -0.946323 -0.257398
-4.989395 -135.520855 -1159.343153 -11684.492953 -0.246059 0.275231 -0.929356 0.926320 -0.215439 -0.309058 -0.285282 -0.936928 -0.201942
-3.456943 -125.545567 -1222.325039 -9224.164598 -0.248821 0.277149 -0.928050 0.853551 -0.390109 -0.345348 -0.457754 -0.878068 -0.139494
-10.536124 -94.279347 -207.555246 580.363834 0.297040 0.934406 0.196601 0.071267 0.183625 -0.980410 0.952202 -0.305232 0.012048
-8.050288 -103.778877 -1075.434903 -197.193622 0.336101 0.924869 0.177911 0.054887 0.169345 -0.984027 0.940225 -0.340498 -0.006154
-9.724936 -95.803951 -634.936295 -543.196393 0.314161 0.933725 0.171640 -0.126045 0.220216 -0.967273 0.940965 -0.282245 -0.186875
-9.011254 -98.086347 -714.508320 813.846139 0.318357 0.925834 0.203666 0.248533 0.125813 -0.960418 0.914812 -0.356373 0.190047
-12.023174 -93.384986 -141.383586 -708.976186 0.272751 0.943621 0.187578 -0.100427 0.221830 -0.969900 0.956829 -0.245703 -0.155269
-11.796447 -94.427780 -62.097992 -238.162212 0.258184 0.942533 0.212067 0.113030 0.188532 -0.975541 0.959461 -0.275839 0.057859
-10.163519 -94.890793 -288.191423 1962.463270 0.287365 0.933310 0.215301 0.241914 0.146773 -0.959133 0.926768 -0.327706 0.183603
-1.726191 -130.065355 -1209.151925 11019.026255 0.402006 -0.082229 0.911937 -0.081380 0.988809 0.125035 -0.912013 -0.124478 0.390815
-6.049724 -135.168761 -249.999033 5361.989813 0.403549 -0.138447 0.904423 0.078634 0.990076 0.116472 -0.911573 0.024116 0.410430
-2.523296 -169.176231 -1056.166570 23143.832967 0.416794 -0.119223 0.901149 -0.183472 0.959924 0.211857 -0.890293 -0.253636 0.378216
-5.148096 -142.946264 -613.389947 1667.077061 0.415108 -0.157830 0.895977 0.031734 0.986749 0.159118 -0.909218 -0.037618 0.414617
-8.610763 -159.273036 296.892258 -16570.357393 0.394696 -0.207848 0.894994 0.284280 0.953907 0.096161 -0.873728 0.216474 0.435590
-1.062054 -144.674043 -822.807806 -5475.175700 -0.287469 0.303437 -0.908453 0.778651 -0.478276 -0.406146 -0.557732 -0.824122 -0.098782
-0.249982 -144.354444 742.070025 -4189.147106 -0.273403 0.325631 -0.905105 0.819089 -0.414532 -0.396556 -0.504326 -0.849781 -0.153386
-2.124805 -137.702927 251.735568 -3270.990878 -0.319260 0.346652 -0.881989 0.645568 -0.601789 -0.470205 -0.693768 -0.719502 -0.031660
-2.091152 -120.005016 575.061243 3311.470946 0.301537 -0.324763 0.896440 -0.634871 0.633070 0.442902 -0.711347 -0.702675 -0.015289
-0.622050 -123.218068 -151.447385 -5708.026257 -0.261871 0.299964 -0.917303 0.802258 -0.460683 -0.379675 -0.536475 -0.835340 -0.120009
-102.744219 -5159.763446 78837.857429 4611560.369112 0.029357 0.438330 -0.898335 0.085865 0.894294 0.439164 0.995874 -0.090028 -0.011384
-24.465470 -1592.658421 -982.719432 701581.835032 0.178652 -0.621229 0.762993 0.983663 0.130236 -0.124282 -0.022162 0.772731 0.634347
100.674496 -4248.805831 10879.995689 -13274555.947258 0.104779 -0.450583 0.886564 0.920884 -0.292633 -0.257562 0.375491 0.843410 0.384273
476.631457 -34280.461005 3505.791932 438921201.694422 -0.020321 0.292503 -0.956049 0.776653 0.606796 0.169141 0.629601 -0.739081 -0.239504
-236.484941 -862.280120 -91822.910320 -6203370.738634 0.228495 -0.188137 0.955193 -0.381189 0.885523 0.265600 -0.895815 -0.424798 0.130622
-21.810027 -46.217714 -1226.558872 2826.554195 0.514519 -0.440069 0.735941 0.614632 -0.409183 -0.674387 0.597911 0.799317 0.059948
-15.766182 -56.938507 597.880994 3925.280370 0.396249 -0.442994 0.804203 0.743643 -0.358875 -0.564096 0.538500 0.821562 0.187225
-19.886010 -48.850628 1561.407176 2074.350931 0.279499 -0.391385 0.876755 0.714378 -0.525347 -0.462250 0.641518 0.755532 0.132763
-3.170759 -37.386170 2649.074464 3169.327668 0.883485 -0.125736 0.451270 0.144087 -0.843674 -0.517159 -0.445750 -0.521925 0.727256
-13.698395 -169.311203 4233.612469 -42951.190878 0.312415 0.709390 -0.631793 0.076692 0.644077 0.761106 -0.946845 0.286235 -0.146815
-22.996156 -1823.856917 6760.587873 -624937.852308 -0.292852 -0.622157 0.726057 0.283528 0.668691 0.687360 -0.913154 0.407152 -0.019429
11.328148 -253.659275 3228.876395 -59671.359970 0.352226 0.775689 -0.523683 0.301177 0.435836 0.848139 -0.886132 0.456458 0.080107
-11.207949 -176.180137 706.445595 -37812.906434 0.332054 0.843390 -0.422415 0.018896 0.441786 0.896921 -0.943071 0.305809 -0.130760
-26.325225 -74.180909 -17451.251885 1460.733103 0.182640 0.927399 0.326456 0.820377 -0.326752 0.469270 -0.541871 -0.182109 0.820495
1.418145 -60.817599 -12546.418807 20863.213026 0.075164 0.933693 0.350096 0.817517 -0.258732 0.514513 -0.570978 -0.247537 0.782758
19.080746 -66.847780 -32273.436798 -667.100634 -0.079364 0.930877 0.356608 0.826321 -0.138664 0.545863 -0.557580 -0.337995 0.758198
-55.411309 -65.263964 700.507165 714.316156 -0.527045 0.368859 0.765615 0.826751 0.431103 0.361432 -0.196742 0.823464 -0.532165
-55.538652 -64.935641 1041.521338 957.950862 -0.569893 0.245872 0.784072 0.738445 0.571792 0.357425 -0.360445 0.782688 -0.507424
-53.251368 -64.297678 3221.714909 1055.050346 -0.381333 0.273315 0.883110 0.891141 0.362762 0.272528 -0.245873 0.890900 -0.381896
-56.913950 -65.425089 -1101.958562 -1276.134721 -0.628284 0.413534 0.658976 0.743884 0.567347 0.353204 -0.227806 0.712114 -0.664077
-52.655533 -64.304330 2717.833842 -740.601301 -0.303001 0.378789 0.874477 0.949056 0.203237 0.240807 -0.086511 0.902892 -0.421073
-55.555510 -66.257562 -329.591166 -1108.614450 -0.504818 0.504732 0.700289 0.861423 0.346955 0.370907 -0.055760 0.790486 -0.609937
1.462277 -4.713754 1496.261976 1276.944590 0.460727 0.596304 0.657383 -0.289188 0.801117 -0.524005 -0.839107 0.051316 0.541540
4.562406 -7.195173 -44.145271 -461.004621 0.389600 0.729752 0.561849 0.390941 -0.683403 0.616543 -0.833893 0.020555 0.551544
4.731857 -9.335120 -1018.553144 -188.303693 0.408288 0.592994 0.694017 -0.298727 0.805205 -0.512257 -0.862591 0.001826 0.505899
7.516339 -9.528294 -785.611250 -1136.107305 0.470037 0.325394 0.820478 -0.132437 0.945042 -0.298924 -0.872655 0.031844 0.487299
3.256028 -50.752190 -6780.886491 -2437.126414 0.299933 0.869736 0.391917 -0.117812 0.441457 -0.889514 0.946657 -0.220623 -0.234873
6.245980 -45.668457 -6953.017978 -2132.530832 0.295813 0.845027 0.445448 0.033986 0.456712 -0.888965 0.954641 -0.278106 -0.106383
31.511249 -41.107343 -10461.241610 -1933.875738 0.272308 0.920984 0.278632 0.051502 0.275210 -0.960004 0.960831 -0.275767 -0.027509
59.379177 -40.308524 1167.802135 -378.336302 -0.560885 0.814852 0.146371 -0.004062 -0.179506 0.983748 -0.827884 -0.551175 -0.103992
53.629519 -37.979611 15098.982113 -1140.341820 -0.297604 0.942053 0.154815 -0.024354 -0.169601 0.985212 -0.954379 -0.289433 -0.073417
34.827451 -38.513044 14229.797441 892.006477 -0.236012 0.964241 0.120574 0.055282 -0.110555 0.992331 -0.970176 -0.240868 0.027213
9.098978 -81.301696 2304.530246 -8870.848918 0.674916 -0.734443 0.071294 0.660222 0.557899 -0.502847 -0.329538 -0.386449 -0.861430
7.797229 -81.275642 -432.501556 9190.295826 -0.660556 0.749945 -0.035320 -0.654364 -0.552029 0.516790 -0.368066 -0.364481 -0.855383
6.146790 -67.101462 1083.751468 -684.976166 0.698515 -0.714587 0.037989 0.582623 0.537091 -0.609986 -0.415485 -0.448217 -0.791501
5.925957 -67.397734 1938.416533 -4739.397181 0.689011 -0.720948 0.074147 0.629778 0.544948 -0.553544 -0.358670 -0.428094 -0.829513
6.200671 -78.073432 -790.642467 -8939.434984 -0.654543 0.753169 -0.065641 0.706798 0.578795 -0.406735 -0.268347 -0.312621 -0.911185
-7.212786 -108.411620 -551.847664 -4304.121192 -0.553540 0.832775 0.008935 -0.652334 -0.440222 0.616980 -0.517739 -0.335695 -0.786928
-7.051155 -110.716140 -92.650174 -5746.701508 -0.549307 0.835607 -0.004710 -0.652681 -0.425523 0.626848 -0.521795 -0.347406 -0.779127
-5.755434 -115.764382 967.498870 -5484.395349 -0.535158 0.844158 0.031674 -0.513119 -0.354623 0.781634 -0.671055 -0.402045 -0.622933
-8.552232 -100.501454 -472.982849 -3610.262490 -0.544155 0.838834 -0.015924 -0.763561 -0.487282 0.423710 -0.347663 -0.242723 -0.905658
-8.551546 -97.535159 -607.097624 -4521.447001 -0.550825 0.834546 0.011162 -0.758236 -0.505957 0.411200 -0.348813 -0.218035 -0.911477
22.425720 -106.944821 3710.574008 5293.359371 -0.592659 0.788958 0.162175 -0.035242 -0.226554 0.973361 -0.804682 -0.571155 -0.162074
17.391899 -98.502270 3450.418243 4381.667358 -0.562474 0.814471 0.142341 0.103764 -0.101259 0.989434 -0.820278 -0.571300 0.027557
23.043200 -102.242076 1808.546300 2874.658857 -0.633793 0.759981 0.143996 0.117624 -0.089302 0.989035 -0.764507 -0.643781 0.032793
23.461074 -112.386949 -8.614197 2020.310586 -0.670278 0.727343 0.147310 -0.052515 -0.244491 0.968228 -0.740250 -0.641246 -0.202073
-0.319362 -16.016405 -1773.155333 -343.250743 -0.484163 0.814708 0.319119 -0.203862 -0.459715 0.864351 -0.850898 -0.353430 -0.388665
3.555678 -17.554007 -2368.730418 1820.070196 -0.476607 0.829988 0.289768 -0.229025 -0.435456 0.870589 -0.848760 -0.348565 -0.397630
1.661203 -18.491987 -2254.075212 -1871.350174 -0.487196 0.823322 0.291173 -0.189813 -0.425283 0.884933 -0.852415 -0.375867 -0.363473
-8.884429 -252.894052 208.345336 33358.534024 0.803476 -0.568984 0.175168 0.591214 0.728019 -0.347065 -0.069949 -0.382420 -0.921337
-4.104618 -235.793195 745.093623 39105.442298 0.795316 -0.567526 0.213042 0.592370 0.652975 -0.471933 -0.128723 -0.501536 -0.855507
38.842625 -27.234990 7490.080088 295.019095 -0.480088 0.802413 0.354470 -0.198849 -0.493110 0.846936 -0.854385 -0.336118 -0.396295
42.860496 -31.131214 -577.709225 -867.341154 -0.651942 0.707067 0.273912 -0.178596 -0.494254 0.850774 -0.736936 -0.505735 -0.448505
32.556653 -31.392050 -618.992113 238.335567 -0.663819 0.666056 0.340166 -0.183942 -0.586262 0.788963 -0.724920 -0.461158 -0.511687
28.996968 -29.037228 5844.144501 862.424015 -0.487773 0.776821 0.398279 -0.242408 -0.558820 0.793069 -0.838639 -0.290292 -0.460885
17.695283 -585.670910 -8973.505008 107731.589708 0.859188 -0.478251 0.181856 -0.224760 -0.672073 -0.705550 -0.459651 -0.565326 0.684929
20.584567 -633.604158 -9994.474533 84298.373432 0.814939 -0.556386 0.162203 -0.080003 -0.385201 -0.919358 -0.573999 -0.736244 0.358428
13.776222 -350.641972 -6939.414231 -39300.081233 0.768718 -0.632163 0.097175 -0.138416 -0.312764 -0.939691 -0.624431 -0.708907 0.327929
4.741479 -102.571054 -341.123277 -5219.554661 0.959278 -0.274471 0.066716 0.125896 0.626895 0.768865 0.252855 0.729156 -0.635921
4.370459 -114.421086 -675.886008 -6441.917036 0.963911 -0.250674 0.089653 0.034098 0.450231 0.892261 0.264031 0.857003 -0.442530
0.230962 -99.631085 -2297.094867 -4650.478545 0.972981 -0.223253 0.058877 0.099601 0.635909 0.765310 0.208298 0.738768 -0.640964
1.415249 -91.743215 -1038.920770 -1823.332181 0.958980 -0.280297 0.042327 0.195222 0.761283 0.618333 0.205540 0.584706 -0.784775
3.575940 -94.205469 -287.191032 -522.514346 0.951562 -0.304662 0.041357 0.210674 0.744072 0.634014 0.223933 0.594591 -0.772215
-11.445681 -50.628482 -2092.343304 -2038.849639 0.237795 0.781340 0.577028 -0.056937 0.604260 -0.794751 0.969645 -0.156134 -0.188177
-11.964248 -52.806784 -2585.761653 -1248.006004 0.263935 0.816472 0.513528 -0.214968 0.568810 -0.793879 0.940280 -0.099140 -0.325644
-19.912775 -53.057832 287.374563 258.120556 0.206493 0.724463 0.657658 -0.207311 0.689278 -0.694203 0.956234 -0.007008 -0.292521
-3.639725 -77.638515 1011.778427 -5311.736841 -0.524060 0.851023 0.033488 0.532767 0.296894 0.792473 -0.664471 -0.433144 0.608987
-1.569947 -71.421889 766.859463 -436.427199 -0.548107 0.836351 0.009747 0.415639 0.262242 0.870904 -0.725826 -0.481400 0.491357
-2.737087 -70.071377 460.469312 -2630.344283 -0.541687 0.839910 0.033572 0.430707 0.243036 0.869152 -0.721850 -0.485268 0.493404
15.810099 -242.705552 -1789.122124 21527.355105 -0.494025 0.868658 -0.037054 0.128880 0.115311 0.984933 -0.859843 -0.481806 0.168919
-78.784303 -645.115870 19878.961594 -152796.207225 -0.450250 0.888906 0.084389 0.713022 0.414825 -0.565262 0.537471 0.194338 0.820584
-73.683866 -711.638863 20393.790046 218210.320094 -0.440080 0.893844 0.085861 0.227535 0.203499 -0.952269 0.868653 0.399538 0.292937
-8.666698 -40.867442 216.554082 -2302.090245 -0.274696 0.958665 -0.074182 -0.530704 -0.086829 0.843098 -0.801807 -0.270965 -0.532619
-8.095326 -43.046809 804.640632 -1745.212945 -0.262321 0.963587 -0.051853 -0.435941 -0.070396 0.897218 -0.860897 -0.257964 -0.438533
-8.271111 -41.550513 127.399674 -1781.303632 -0.259645 0.964449 -0.049214 -0.508375 -0.093178 0.856080 -0.821060 -0.247296 -0.514495
-55.635624 -78.136811 624.553080 -567.262048 0.031258 0.998614 0.042344 0.957895 -0.017833 -0.286565 0.285412 -0.049519 0.957125
-53.899692 -78.684462 504.627582 1392.082227 0.151020 0.983177 -0.102747 0.915752 -0.178287 -0.360016 0.372277 0.039721 0.927271
17.598973 -61.634684 72.649273 -6162.418339 0.410342 0.818038 0.403030 0.750850 -0.553889 0.359766 -0.517536 -0.154988 0.841508
16.694047 -62.283291 413.150055 -5478.286974 0.368069 0.866910 0.336143 0.804655 -0.478133 0.352022 -0.465892 -0.140911 0.873549
17.040304 -68.155140 2191.475766 -1496.258181 0.356072 0.886514 0.295474 0.890474 -0.417771 0.180343 -0.283317 -0.198897 0.938175
21.224724 -52.485546 2844.602271 1130.391201 0.095895 -0.988861 0.113836 0.990066 0.082942 -0.113539 0.102832 0.123593 0.986991
-4.721288 -68.828657 -966.210945 454.826312 0.401458 0.899633 -0.171735 0.617713 -0.127519 0.775996 -0.676212 0.417612 0.606908
-7.310427 -66.745866 -1064.384272 -55.312905 0.416014 0.892045 -0.176598 0.633385 -0.144899 0.760150 -0.652499 0.428088 0.625288
3.943243 -65.428536 -248.009236 -3074.646516 0.551253 0.706557 -0.443731 0.827383 -0.531463 0.181615 -0.107506 -0.467251 -0.877564
3.168864 -70.594819 130.418640 -1923.453410 0.578709 0.695653 -0.425633 0.812518 -0.446969 0.374212 0.070077 -0.562394 -0.823895
4.725626 -69.860643 171.443141 -3318.764318 0.572511 0.706101 -0.416717 0.817689 -0.528997 0.227037 -0.060131 -0.470726 -0.880228
1.532720 -68.404084 -609.524641 -2038.464118 0.552136 0.699291 -0.454025 0.833703 -0.457031 0.309939 0.009234 -0.549650 -0.835344
5.463541 -62.710608 241.381102 -2260.693820 0.538842 0.724897 -0.429154 0.819363 -0.569333 0.067108 -0.195686 -0.387794 -0.900735
1.989758 -62.364799 -980.756867 -2237.450075 0.516054 0.712512 -0.475410 0.840620 -0.527850 0.121381 -0.164459 -0.462278 -0.871351
4.520282 -59.197189 -310.358510 -1864.537621 0.521793 0.723923 -0.451296 0.821542 -0.568929 0.037257 -0.229784 -0.390199 -0.891596
-9.029591 -82.601172 682.816849 -2346.778173 0.075098 0.970696 0.228275 0.728014 0.103066 -0.677771 0.681437 -0.217087 0.698940
-10.766993 -86.755718 -427.797947 -999.459565 0.120285 0.961104 0.248619 0.741075 0.079708 -0.666674 0.660560 -0.264436 0.702662
-23.504122 -44.219581 4507.156358 436.633069 -0.502831 -0.639995 0.581006 -0.081925 0.704421 0.705039 -0.860494 0.306916 -0.406636
-20.891483 -45.905752 4092.556141 178.027401 -0.488250 -0.672394 0.556327 -0.197193 0.705988 0.680217 -0.850134 0.222412 -0.477290
-8.422706 -171.277356 46.507844 -11785.529333 -0.253388 0.308523 -0.916847 0.965957 0.131804 -0.222609 0.052164 -0.942041 -0.331417
-6.482117 -106.925703 -1241.422771 -1348.786422 0.349265 0.926094 0.142706 -0.161839 0.209628 -0.964295 0.922942 -0.313699 -0.223093
-5.057263 -109.189143 -1157.075866 -897.457097 0.349691 0.919442 0.179839 0.082900 0.160838 -0.983493 0.933190 -0.358827 0.019978
-6.033711 -102.527050 -1085.364350 790.543618 0.343464 0.915176 0.210918 0.265476 0.120813 -0.956518 0.900863 -0.384523 0.201463
3.801689 -117.332810 -749.374406 9609.566578 0.413233 -0.047248 0.909399 0.091487 0.995754 0.010162 -0.906018 0.078999 0.415801
6.955612 -106.959128 -1595.648125 9122.207925 0.411997 -0.065853 0.908803 0.180237 0.983568 -0.010438 -0.893182 0.168101 0.417096
8.942885 -101.808659 -3320.496749 -5926.794387 0.380134 -0.086160 0.920910 0.337555 0.939901 -0.051400 -0.861136 0.330396 0.386372
-2.179108 -150.231204 278.211245 -130.941069 -0.311876 0.328983 -0.891349 0.745029 -0.497518 -0.444306 -0.589632 -0.802649 -0.089937
0.420720 -49.117222 -4087.682472 591.872855 0.517033 0.218009 0.827737 -0.049805 0.973046 -0.225170 -0.854515 0.075195 0.513954
9.359846 -46.993196 -2883.483017 1027.249856 0.523383 0.314943 0.791758 -0.171116 0.949106 -0.264418 -0.834739 0.002910 0.550638
3.572882 -55.725130 -3355.104634 2924.770667 0.516796 0.267210 0.813339 -0.187917 0.962279 -0.196739 -0.835230 -0.051167 0.547515
-7.424718 -56.932898 -2097.505622 1217.745000 0.548537 0.130658 0.825855 -0.038101 0.990595 -0.131415 -0.835258 0.040620 0.548356
-40.003103 -241.289131 -13254.966575 42429.785592 -0.171058 -0.530433 0.830289 0.897399 0.263986 0.353533 -0.406711 0.805575 0.430853
-10.058572 -62.103138 3081.128124 4672.623478 0.227851 -0.434735 0.871257 0.790176 -0.440290 -0.426340 0.568951 0.785589 0.243197
-7.358528 -71.059347 2686.426836 6166.338727 0.316510 -0.469222 0.824410 0.829500 -0.284693 -0.480500 0.460165 0.835931 0.299111
