17830
35651
-22.747639 -31.502823 187.282873 2002.384215 0.603874 -0.599225 -0.525610 -0.469121 0.265926 -0.842145 -0.644408 -0.755124 0.120523
-21.633417 -34.502384 -195.965485 -1332.638230 0.568908 -0.530072 -0.628783 0.600061 -0.255283 0.758128 -0.562380 -0.808612 0.172843
-26.347326 -40.211078 498.500402 2090.361852 0.733096 -0.606501 -0.307777 -0.394381 -0.010398 -0.918888 -0.554107 -0.795014 0.246815
-19.425529 -29.621883 61.220186 -1324.255541 0.419786 -0.378894 -0.824754 0.697546 -0.446703 0.560256 -0.580698 -0.810491 0.076776
-23.278261 -47.378846 -491.869931 4337.295842 0.759832 -0.647663 -0.056468 -0.180067 -0.126199 -0.975525 -0.624685 -0.751403 0.212512
-20.162556 -37.219932 -1000.735214 4080.822149 0.688590 -0.706054 -0.165323 -0.194619 0.039680 -0.980076 -0.698546 -0.707046 0.110088
-17.690509 -24.391851 302.137904 -1965.131529 -0.504794 0.569063 0.649116 0.479184 -0.440742 0.759031 -0.718029 -0.694200 0.050202
-17.418272 -25.363948 245.574061 -980.977013 0.279243 -0.274474 -0.920156 0.699603 -0.598220 0.390754 -0.657707 -0.752859 0.024974
43.198211 -49.396872 2786.159957 760.237616 -0.609666 0.791565 0.041624 -0.661211 -0.536824 0.524041 -0.437157 -0.291968 -0.850675
47.822131 -56.641164 -727.395464 -545.959757 0.688265 -0.717517 0.107053 0.666713 0.567436 -0.483228 -0.285979 -0.403963 -0.868925
43.985770 -54.107377 2149.178759 1311.533749 -0.655361 0.754394 0.037304 -0.686860 -0.615783 0.386050 -0.314205 -0.227380 -0.921723
38.029651 -49.831825 2099.557073 2090.326096 -0.600382 0.783062 0.162341 -0.681834 -0.607307 0.407776 -0.417905 -0.134131 -0.898535
7.518629 -20.595204 3677.660564 335.955821 -0.277217 0.902009 0.330955 0.078547 -0.322026 0.943467 -0.957591 -0.287540 -0.018421
5.551076 -21.527741 2807.490704 78.020198 -0.275474 0.845728 0.457010 -0.009344 -0.477738 0.878453 -0.961263 -0.237720 -0.139507
1.710712 -19.494210 3334.597436 390.612207 -0.265759 0.890871 0.368403 0.050717 -0.368696 0.928165 -0.962705 -0.265352 -0.052802
0.615988 -18.187145 2706.877607 480.990578 -0.297958 0.935159 0.191568 0.088427 -0.172781 0.980983 -0.950474 -0.309232 0.031211
7.764181 -18.850414 2739.598635 263.737730 -0.306220 0.937871 0.163178 0.143990 -0.123808 0.981804 -0.941008 -0.324144 0.097132
-4.920332 -22.816224 255.766443 656.323143 -0.222503 0.919763 0.323310 0.953081 0.135390 0.270751 0.205253 0.368383 -0.906733
-4.901834 -24.285959 -657.781334 -34.535928 -0.183167 0.927424 0.326091 0.977892 0.137847 0.157242 0.100879 0.347683 -0.932169
-4.962079 -21.212006 -437.719182 1074.279593 -0.239943 0.915978 0.321578 0.932166 0.124884 0.339810 0.271099 0.381299 -0.883808
-4.571074 -19.009115 337.430298 1293.376921 -0.284960 0.907552 0.308461 0.905656 0.149506 0.396780 0.313982 0.392426 -0.864533
-5.443927 -19.888176 706.784781 883.369713 -0.252093 0.920058 0.299903 0.927865 0.141808 0.344902 0.274802 0.365217 -0.889438
-3.060039 -22.974013 1115.855090 -266.273062 0.830033 -0.448770 -0.331136 -0.379395 -0.019159 -0.925036 -0.408784 -0.893442 0.186164
2.201039 -22.998624 1335.068411 -414.386041 0.832533 -0.439374 -0.337403 -0.381937 -0.014084 -0.924081 -0.401265 -0.898194 0.179539
3.757228 -22.246163 1340.908086 -278.303212 0.830197 -0.445876 -0.334615 -0.418342 -0.101565 -0.902593 -0.368460 -0.889314 0.270848
-3.280425 -22.155779 1333.693067 -75.279130 0.836952 -0.437446 -0.328865 -0.418788 -0.125076 -0.899429 -0.352319 -0.890504 0.287880
7.870316 -21.521046 1270.849125 -130.812151 0.810230 -0.467147 -0.353979 -0.469686 -0.156227 -0.868901 -0.350604 -0.870268 0.345992
2.470929 -21.302947 1511.275543 -88.726609 0.829871 -0.434892 -0.349548 -0.465234 -0.193500 -0.863779 -0.308013 -0.879447 0.362907
-4.598856 -38.080870 -210.558760 511.169502 0.472721 -0.628440 -0.617736 0.793673 0.608238 -0.011422 0.382908 -0.484881 0.786303
-4.529738 -38.052700 -497.838138 2680.505334 0.474689 -0.640999 -0.603151 0.815408 0.578247 0.027206 0.331331 -0.504729 0.797163
-4.546935 -36.840326 -248.315341 2224.585548 0.449865 -0.636491 -0.626499 0.829839 0.557208 0.029781 0.330134 -0.533290 0.778853
3.684215 -23.212888 -77.428326 -508.698106 -0.266600 0.567474 0.779036 0.379468 0.804808 -0.456386 -0.885962 0.173947 -0.429900
3.387744 -24.987702 -214.625059 1529.829232 -0.277216 0.574618 0.770042 0.356451 0.805766 -0.472953 -0.892241 0.143372 -0.428195
3.328316 -24.177646 -297.174364 -81.441573 -0.285989 0.597628 0.749033 0.386148 0.787280 -0.480708 -0.876983 0.151761 -0.455927
3.291920 -36.513295 388.434357 744.540172 -0.343560 0.618503 0.706697 0.501857 -0.515133 0.694822 -0.793792 -0.593374 0.133421
5.944241 -39.044484 562.626377 40.418600 -0.348327 0.610738 0.711103 0.393201 -0.593446 0.702293 -0.850918 -0.524234 0.033430
3.262773 -37.810666 386.035269 -39.560761 -0.331327 0.595548 0.731809 -0.383032 0.623930 -0.681174 -0.862270 -0.505998 0.021389
-4.746982 -48.107045 146.906305 -1388.094406 0.761515 -0.625759 -0.168883 -0.201972 0.018487 -0.979217 -0.615875 -0.779798 0.112308
-3.639560 -49.872830 186.029855 -1379.716848 0.778132 -0.610367 -0.148197 -0.126573 0.078725 -0.988828 -0.615215 -0.788197 0.015998
-3.773083 -45.215906 -68.313545 -1596.289821 0.771156 -0.610836 -0.179435 -0.262102 -0.047756 -0.963858 -0.580190 -0.790315 0.196929
-5.577078 -52.452733 75.785913 -637.402513 0.764563 -0.631221 -0.130396 -0.003699 0.198006 -0.980194 -0.644538 -0.749903 -0.149053
-4.933874 -45.342255 229.797743 -505.727206 0.770753 -0.610024 -0.183874 -0.324690 -0.127763 -0.937152 -0.548193 -0.782015 0.296542
-5.151969 -45.482693 953.178935 -73.508359 0.778166 -0.599555 -0.187058 -0.303466 -0.098171 -0.947772 -0.549878 -0.794289 0.258338
-0.884690 -28.224995 -196.712432 1042.066005 0.565183 -0.528355 -0.633568 -0.155021 0.686293 -0.710613 0.810269 0.499843 0.305974
-1.029728 -29.107976 -48.044852 744.683031 0.557000 -0.529605 -0.639742 -0.183717 0.672643 -0.716798 0.809937 0.516788 0.277365
-1.632689 -32.719029 -131.054552 1199.112717 0.567867 -0.548193 -0.614013 -0.033404 0.729995 -0.682636 0.822442 0.408157 0.396228
-1.615764 -31.593201 -6.502753 954.042033 0.559313 -0.556054 -0.614795 0.005075 0.743932 -0.668236 0.828941 0.370633 0.418913
-23.163703 -31.520504 -2135.075408 461.584528 0.462060 -0.525116 0.714670 0.014480 0.810213 0.585956 -0.886731 -0.260399 0.381970
-10.175263 -27.569838 4248.331157 -403.688110 -0.306275 0.863583 -0.400525 0.266596 0.481720 0.834789 -0.913850 -0.148896 0.377767
-19.241882 -29.222522 -2558.417496 237.813308 0.392250 -0.586521 0.708614 -0.012922 0.766761 0.641802 -0.919768 -0.260904 0.293184
-24.011693 -34.195188 -1180.662455 1251.811870 0.384686 -0.160293 0.909023 -0.280870 0.917781 0.280697 -0.879278 -0.363297 0.308036
-19.535277 -29.334241 -1712.513501 844.167661 0.327436 -0.312769 0.891606 -0.245994 0.882866 0.400042 -0.912290 -0.350318 0.212143
-6.585830 -22.507064 -1270.103538 -703.427868 0.542878 -0.361209 -0.758163 0.025058 0.909343 -0.415293 0.839437 0.206456 0.502714
-6.452125 -20.397503 -1082.486672 -375.023787 0.540486 -0.299292 -0.786320 0.048471 0.944114 -0.326035 0.839955 0.138103 0.524788
-4.792096 -22.521778 321.476800 -519.241340 0.501224 -0.335746 -0.797527 0.043605 0.930287 -0.364231 0.864218 0.147785 0.480923
-4.855437 -23.814913 -16.329206 -738.995497 0.513389 -0.375715 -0.771537 0.000348 0.899155 -0.437630 0.858156 0.224406 0.461747
7.373562 -23.721313 4384.957134 -713.680186 0.432945 -0.331411 -0.838287 0.033724 0.935266 -0.352334 0.900789 0.124271 0.416095
-0.691652 -21.781499 1944.024892 61.018420 0.458160 -0.309031 -0.833420 0.074943 0.947709 -0.310210 0.885705 0.079667 0.457362
17.148044 -19.527638 -2988.068822 -375.511855 -0.517035 0.440275 0.734052 0.584427 -0.444993 0.678547 0.625395 0.779833 -0.027232
48.643762 -18.861053 -11240.168788 -761.296438 -0.574214 0.465677 0.673367 0.581748 -0.346636 0.735807 0.576062 0.814241 -0.071863
7.923751 -18.768149 -1920.676458 -387.872985 -0.512899 0.472317 0.716835 0.580392 -0.424476 0.694957 0.632519 0.772488 -0.056415
-25.798344 -39.799521 -595.536363 903.116175 0.311622 0.135165 0.940544 -0.510811 0.858468 0.045873 -0.801226 -0.494735 0.336561
-25.102352 -42.489078 -834.469426 46.707850 0.226417 0.246701 0.942270 -0.672264 0.739615 -0.032105 -0.704837 -0.626186 0.333310
-28.666422 -43.590360 -679.343650 414.490426 0.359262 0.230290 0.904377 -0.599112 0.799930 0.034302 -0.715539 -0.554146 0.425354
-26.698164 -44.311492 1009.963000 92.721676 -0.230290 -0.311823 -0.921809 0.762222 -0.646695 0.028338 -0.604966 -0.696098 0.386606
-1.534494 -48.355932 -271.999002 -179.745953 -0.573449 -0.237312 -0.784117 0.802288 -0.356386 -0.478878 -0.165805 -0.903699 0.394762
-0.011135 -52.250100 -444.805821 1676.806343 -0.544333 -0.249868 -0.800792 0.783237 -0.493233 -0.378499 -0.300402 -0.833239 0.464189
-1.631046 -54.442106 6.453183 -381.980934 -0.584273 -0.213262 -0.783035 0.776344 -0.428005 -0.462712 -0.236464 -0.878255 0.415636
-4.300715 -60.431807 -18.655056 -3463.676249 -0.650794 -0.190585 -0.734945 0.755002 -0.264752 -0.599899 -0.080246 -0.945295 0.316191
-3.252693 -57.753443 -123.683333 -794.778968 -0.618554 -0.190291 -0.762352 0.752949 -0.420922 -0.505858 -0.224631 -0.886913 0.403642
-1.323340 -57.106677 -117.348966 1445.081124 -0.578592 -0.207385 -0.788811 0.733483 -0.555265 -0.392025 -0.356699 -0.805402 0.473385
-3.551860 -74.543239 394.631000 -3014.032402 -0.701931 -0.110195 -0.703669 0.708131 -0.214002 -0.672870 -0.076439 -0.970598 0.228248
-2.457068 -90.250586 -739.031953 -4924.522506 0.716258 0.088515 0.692199 0.697609 -0.065539 -0.713475 0.017787 -0.993916 0.108692
-3.340759 -84.860086 -769.220538 -4811.357816 0.737433 0.088907 0.669543 0.670865 0.018519 -0.741348 0.078310 -0.995868 0.045988
-4.811389 -83.791992 141.992515 -4552.047810 0.734693 0.145318 0.662652 0.652232 0.117367 -0.748878 0.186599 -0.982399 0.008552
-4.759158 -79.359332 132.325658 -6038.994282 0.713037 0.149040 0.685103 0.699462 -0.083912 -0.709727 0.048290 -0.985264 0.164080
-2.053551 -5.221126 31.490024 290.406511 0.111885 0.977164 -0.180646 -0.974635 0.143365 0.171851 -0.193825 -0.156837 -0.968418
-1.122488 -6.457870 -176.740670 674.043967 0.087506 0.978018 -0.189273 -0.975026 0.123022 0.184905 -0.204125 -0.168365 -0.964358
-0.990489 -4.847493 -72.803446 509.943740 -0.034650 0.986637 -0.159210 -0.974411 0.002049 0.224766 -0.222089 -0.162924 -0.961318
-1.610485 -6.974924 -267.063436 444.143044 0.218845 0.953662 -0.206483 -0.958834 0.249422 0.135741 -0.180952 -0.168276 -0.968989
-1.930361 -6.423924 -34.046187 355.138560 0.316514 0.926601 -0.203050 -0.934901 0.340948 0.098564 -0.160559 -0.158635 -0.974195
-2.085460 -5.603672 301.620258 315.002358 0.227811 0.957809 -0.175225 -0.960538 0.250556 0.120783 -0.159591 -0.140795 -0.977091
-1.964921 -4.264807 -129.391900 265.243131 -0.050983 0.986195 -0.157546 -0.976218 -0.015928 0.216207 -0.210713 -0.164822 -0.963553
-1.791794 -4.842795 29.097886 15.379094 -0.016979 0.988274 -0.151745 -0.982033 0.012044 0.188325 -0.187945 -0.152216 -0.970313
-1.361126 -5.030557 134.464628 -47.739341 0.003976 0.988637 -0.150273 -0.985941 0.028978 0.164560 -0.167044 -0.147506 -0.974853
19.928823 -28.854420 -1324.229533 158.899774 0.707013 0.564144 0.426467 -0.643385 0.763439 0.056726 0.293580 0.314488 -0.902723
23.432745 -32.037808 -1453.299024 1115.707937 0.660838 0.603551 0.446116 0.707328 -0.699590 -0.101297 0.250961 0.382492 -0.889224
20.318343 -27.861491 -2610.314449 -462.438575 0.695555 0.625139 0.354124 -0.688506 0.720819 0.079864 0.205334 0.299367 -0.931782
-7.795649 -45.197865 -905.065878 3456.225122 -0.932230 -0.020780 -0.361269 0.026561 0.991727 -0.125583 0.360890 -0.126668 -0.923966
-21.545739 -52.256255 -1161.922277 -1137.298852 -0.908431 -0.301969 -0.289081 -0.262511 0.950248 -0.167678 0.325332 -0.076437 -0.942505
-24.679350 -50.279234 -2217.046427 -393.744017 -0.922420 -0.152144 -0.354956 -0.140695 0.988352 -0.058014 0.359647 -0.003572 -0.933081
-5.579638 -50.738873 -665.344067 2081.556385 -0.920727 0.057305 -0.385977 0.095472 0.992177 -0.080438 0.378348 -0.110911 -0.918995
25.092084 -3695.163623 -55895.541446 -7322484.805091 -0.916853 -0.040143 -0.397203 -0.078719 0.993577 0.081290 0.391388 0.105798 -0.914124
99.618017 -3510.360927 4147.795872 1542393.349790 0.841143 0.091359 0.533040 -0.540719 0.123773 0.832048 -0.010039 0.988096 -0.153511
9.051400 -1855.268691 5895.858440 183025.037096 0.912077 0.012625 0.409826 -0.201510 0.884287 0.421224 0.357085 0.466772 -0.809082
-32.356611 -2471.049526 2278.539282 -764141.244402 0.929732 0.056888 0.363817 -0.184267 0.927273 0.325899 0.318818 0.370038 -0.872598
-1.353034 -14.186610 554.677269 -1183.043133 0.379229 -0.780932 -0.496316 0.820370 0.035664 0.570720 -0.427993 -0.623597 0.654178
5.003910 -14.686189 1237.751189 -742.857033 0.408257 -0.777390 -0.478530 0.798249 0.049708 0.600273 -0.442859 -0.627052 0.640845
6.940394 -18.606723 2916.752186 -864.741205 0.310175 -0.767072 -0.561598 0.882803 0.013194 0.469559 -0.352776 -0.641426 0.681266
-0.970530 -18.431405 1058.847742 493.751268 0.797973 -0.598210 -0.073369 0.469622 0.693462 -0.546412 -0.377748 -0.401566 -0.834297
-0.863457 -16.903265 892.746293 435.117011 0.783182 -0.618643 -0.062508 0.516781 0.703520 -0.487850 -0.345781 -0.349772 -0.870686
1.993892 -18.570523 1036.240484 552.073919 0.811664 -0.576704 -0.092814 0.447776 0.716331 -0.535131 -0.375098 -0.392787 -0.839655
0.899294 -20.095283 1128.230323 530.198281 0.820592 -0.562290 -0.102272 0.400972 0.693945 -0.598048 -0.407247 -0.449745 -0.794908
5.539563 -20.620822 -803.676960 523.974150 -0.815154 0.562733 0.137318 0.387062 0.705540 -0.593630 -0.430939 -0.430749 -0.792936
-1.643081 -16.443732 341.600155 224.095015 -0.566971 0.739874 0.362120 -0.072828 -0.482907 0.872638 -0.820512 -0.468388 -0.327678
-3.132131 -16.405276 194.040285 228.354971 -0.565507 0.766476 0.304494 -0.169204 -0.469168 0.866748 -0.807200 -0.438630 -0.395008
-4.036428 -17.136788 304.625972 259.442272 -0.555544 0.800942 0.223298 -0.213717 -0.397076 0.892556 -0.803552 -0.448132 -0.391768
-4.749656 -17.270174 162.588532 138.995489 -0.532154 0.829610 0.168994 -0.325393 -0.384681 0.863794 -0.781621 -0.404682 -0.474659
-5.195950 -18.114432 193.226041 121.106871 -0.528133 0.841951 0.110426 -0.370018 -0.345223 0.862501 -0.764305 -0.414656 -0.493861
-0.862974 -40.433562 61.906032 -3839.428905 0.475415 -0.677884 -0.560761 0.879529 0.380893 0.285219 0.020245 -0.628803 0.777301
-0.777396 -37.622358 -46.626276 -1784.503549 0.465243 -0.678166 -0.568893 0.884572 0.332311 0.327265 -0.032891 -0.655485 0.754492
-0.476889 -40.396552 -112.078940 -3309.016206 0.477564 -0.675795 -0.561456 0.878575 0.371842 0.299733 0.006215 -0.636423 0.771315
-1.371431 -48.307089 516.395866 -2216.110007 0.798121 -0.581575 -0.157396 -0.265657 -0.105219 -0.958309 -0.540768 -0.806659 0.238477
-2.083646 -43.797530 1834.484051 -824.427882 0.809175 -0.543252 -0.223858 -0.390892 -0.213272 -0.895387 -0.438678 -0.812030 0.384928
-2.972208 -44.884488 971.289640 -1454.727083 0.797748 -0.574549 -0.183007 -0.285565 -0.092672 -0.953868 -0.531084 -0.813207 0.238000
-2.467347 -53.862694 365.592230 -1694.694452 0.803318 -0.583511 -0.119144 -0.101364 0.063177 -0.992841 -0.586861 -0.809644 0.008396
10.597647 -73.363982 -559.110154 -1934.400295 -0.633899 0.708083 0.311113 -0.134567 -0.497098 0.857196 -0.761619 -0.501510 -0.410395
11.380998 -68.651769 -492.703563 -1837.229240 -0.634834 0.688935 0.349791 0.152567 -0.332031 0.930848 -0.757436 -0.644301 -0.105676
7.434055 -66.871408 -1478.094200 -4594.000025 -0.693709 0.641951 0.326599 0.043177 -0.415569 0.908536 -0.718960 -0.644361 -0.260566
8.506542 -68.092304 1124.218232 -1178.879020 0.675852 -0.621035 -0.396912 -0.300665 0.259366 -0.917785 -0.672922 -0.739625 0.011431
6.810433 -62.641644 -647.707411 -7295.588993 -0.692040 0.661182 0.289687 -0.113011 -0.495594 0.861171 -0.712958 -0.563227 -0.417692
7.042454 -60.569630 -897.395467 -3053.669833 -0.690107 0.623992 0.366587 0.151265 -0.370985 0.916236 -0.707723 -0.687753 -0.161631
-31.625595 -906.319657 -688.789251 -210930.256903 0.037310 -0.022093 0.999059 0.950729 -0.307124 -0.042297 0.307769 0.951413 0.009546
-64.678425 -1074.412484 -2209.986676 108032.808875 -0.084395 -0.034599 -0.995831 -0.685581 0.727255 0.032834 0.723088 0.685494 -0.085098
-16.482285 -303.399106 584.981826 -3231.756768 -0.110073 -0.006405 -0.993903 -0.545630 0.836217 0.055039 0.830766 0.548362 -0.095540
-16.682456 -299.644152 -857.265827 -9164.644889 0.161901 0.000910 0.986807 0.821418 -0.554299 -0.134255 0.546864 0.832317 -0.090489
-4.742303 -217.698527 2248.130582 -5025.281744 -0.180645 -0.067730 -0.981213 -0.620538 0.781856 0.060275 0.763085 0.619769 -0.183268
-16.025385 -428.399758 845.228354 -78450.537548 -0.161351 0.050750 -0.985591 -0.314157 0.944085 0.100043 0.935559 0.325772 -0.136386
-0.061063 -26.772812 -1272.260799 -1952.405691 0.756838 -0.627089 -0.184272 0.382630 0.196521 0.902759 0.529897 0.753750 -0.388678
-4.374181 -34.353851 -853.049288 -3261.430340 0.666377 -0.614969 -0.421609 0.485031 -0.071927 0.871534 0.566292 0.785264 -0.250348
-4.627066 -38.629242 549.732671 -4698.454081 0.610556 -0.676970 -0.411014 0.556576 -0.002434 0.830793 0.563423 0.736006 -0.375299
5.293402 -28.109683 -794.097979 240.043301 0.769496 -0.636046 -0.057634 0.336349 0.326892 0.883182 0.542904 0.698990 -0.465476
5.331041 -27.571887 -1672.572624 931.828995 0.805374 -0.592621 -0.013198 0.235578 0.299562 0.924535 0.543945 0.747706 -0.380868
0.606126 -30.059821 18.517609 -1698.787461 0.697172 -0.676608 -0.236965 0.490630 0.209300 0.845858 0.522718 0.705971 -0.477882
8.056445 -12.874992 1263.989611 -361.023113 -0.621328 0.720977 0.306828 0.737615 0.670300 -0.081381 0.264341 -0.175757 0.948279
9.282420 -13.106086 298.385691 -383.810910 -0.605008 0.705541 0.369022 0.730750 0.676068 -0.094533 0.316180 -0.212469 0.924601
9.473308 -12.105161 150.714738 458.341087 -0.612167 0.691351 0.383778 0.730419 0.680318 -0.060451 0.302884 -0.243312 0.921445
7.854382 -11.999205 -1201.224137 382.864367 0.655213 -0.685882 -0.316641 0.715187 0.698180 -0.032431 0.243316 -0.205208 0.947991
-25.913725 -30.290890 658.540797 -788.882671 -0.554903 0.664894 -0.499999 0.014887 -0.592989 -0.805073 0.831782 0.454180 -0.319153
-22.734567 -29.411912 1059.180370 -613.824367 -0.608466 0.781574 -0.137518 -0.201149 -0.319524 -0.925982 0.767664 0.535767 -0.351633
-24.168432 -29.129049 1048.181666 -863.282345 -0.562217 0.804152 -0.193006 -0.084678 -0.288135 -0.953839 0.822643 0.519921 -0.230088
-27.394686 -31.759411 199.591185 1415.918403 -0.437167 0.596654 -0.672970 -0.146588 0.690985 0.707851 0.887354 0.408098 -0.214614
-27.600800 -32.293396 92.518988 681.125222 -0.448715 0.445576 -0.774672 -0.127210 0.826166 0.548878 0.884575 0.344835 -0.314032
-27.105678 -31.460646 490.362743 -116.913880 -0.558472 0.445994 -0.699427 -0.052519 0.822465 0.566385 0.827859 0.353044 -0.435900
29.551191 -11.986140 -5393.727791 447.707917 -0.615415 0.714922 0.331890 0.477829 0.673269 -0.564259 0.626853 0.188667 0.755950
41.324907 -15.370685 -6120.222934 781.858883 -0.638230 0.714636 0.286282 0.511812 0.671668 -0.535641 0.575075 0.195340 0.794438
35.154176 -12.954100 -4764.560079 82.974678 -0.628086 0.748589 0.212421 0.530637 0.611707 -0.586719 0.569151 0.255792 0.781433
-3.719851 -25.201149 335.655640 -72.818372 0.759485 -0.579401 -0.295767 0.012259 -0.441830 0.897015 0.650410 0.684895 0.328460
-4.492031 -25.821097 -286.718172 119.960897 0.770996 -0.593376 -0.231234 0.023112 -0.336787 0.941297 0.636420 0.731081 0.245947
-4.356312 -25.111770 530.603680 -35.832835 0.766933 -0.595112 -0.240114 0.028529 -0.342181 0.939201 0.641093 0.727154 0.245452
-5.251045 -25.057685 -451.189910 183.994934 0.778953 -0.600638 -0.180183 0.041135 -0.237774 0.970449 0.625732 0.763346 0.160507
-5.407819 -24.633158 255.783631 -36.143055 0.778261 -0.601549 -0.180135 0.045760 -0.231774 0.971693 0.626271 0.764474 0.152854
11.404179 -22.671881 -2025.601129 97.408715 -0.242980 0.965100 -0.097681 -0.656702 -0.237773 -0.715686 0.713935 0.109750 -0.691558
15.182431 -22.465994 -1807.787481 -421.779589 -0.261777 0.962537 -0.070682 -0.681888 -0.236284 -0.692241 0.683009 0.133015 -0.718196
6.275929 -23.008778 -1923.218655 -220.025539 -0.229861 0.967994 -0.100757 -0.694540 -0.235681 -0.679756 0.681746 0.086270 -0.726484
17.659052 -22.517179 -1736.035206 504.974709 -0.280544 0.958338 -0.053699 -0.643229 -0.229234 -0.730553 0.712426 0.170412 -0.680741
3.537529 -22.954336 -1761.962916 213.720539 -0.240262 0.963846 -0.115222 -0.633630 -0.245645 -0.733602 0.735382 0.103248 -0.669741
9.457582 -22.878342 -1905.967213 627.475456 -0.244976 0.964315 -0.100419 -0.590402 -0.230534 -0.773486 0.769034 0.130197 -0.625808
-4.612042 -30.227942 255.572492 206.423024 -0.454264 0.761245 0.462764 0.321013 0.624429 -0.712067 0.831020 0.174913 0.528025
-4.712676 -30.371705 153.411020 332.609864 -0.461293 0.760909 0.456317 0.325610 0.623605 -0.710701 0.825340 0.179260 0.535424
-4.594347 -32.395036 268.265804 -2103.707663 -0.439711 0.771054 0.460576 0.475211 0.634883 -0.609178 0.762121 0.048991 0.645579
-4.808433 -31.665823 144.764844 2441.860844 -0.473699 0.748362 0.464287 0.161511 0.592067 -0.789539 0.865750 0.299016 0.401330
-4.471869 -31.035818 -81.915369 2513.782573 -0.457445 0.750699 0.476650 0.147619 0.592692 -0.791786 0.876899 0.291836 0.381941
4.460362 -22.247646 345.445340 1044.035868 -0.336480 0.638559 0.692115 0.867938 0.495428 -0.035134 -0.365328 0.588891 -0.720932
4.502943 -21.555923 356.227712 1304.714038 -0.284918 0.652410 0.702269 0.886971 0.457239 -0.064922 -0.363461 0.604395 -0.708945
5.140268 -20.533890 340.764513 432.646079 -0.303059 0.646723 0.699932 0.836567 0.532310 -0.129624 -0.456411 0.546256 -0.702348
5.226771 -20.291939 143.549561 494.421569 -0.345961 0.645451 0.680958 0.827929 0.551465 -0.102080 -0.441412 0.528469 -0.725173
5.550722 -22.248529 159.255473 939.917544 -0.330778 0.645874 0.688064 -0.767092 -0.608703 0.202610 -0.549687 0.460790 -0.696790
5.497429 -21.783280 145.217495 1232.244027 -0.291431 0.655756 0.696457 -0.766675 -0.595527 0.239910 -0.572081 0.464039 -0.676307
6.049552 -39.363649 660.341053 -917.140787 -0.386205 0.685750 0.616922 0.917331 0.215423 0.334810 0.096696 0.695227 -0.712257
2.628838 -39.162671 576.157344 -1319.180146 -0.369504 0.677571 0.635896 0.916393 0.152358 0.370150 0.153919 0.719503 -0.677219
4.753099 -39.687211 549.800909 -515.031270 -0.365737 0.684102 0.631064 0.930355 0.249794 0.268407 0.025982 0.685280 -0.727816
8.500069 -38.319506 619.873118 701.052498 -0.382696 0.695302 0.608358 0.923863 0.284670 0.255814 0.004687 0.659938 -0.751305
6.712457 -38.517640 576.926984 606.752137 -0.351800 0.694775 0.627316 0.933319 0.311738 0.178146 -0.071787 0.648157 -0.758115
3.945490 -38.263724 914.918013 472.481660 -0.321460 0.683570 0.655283 0.942767 0.295804 0.153917 -0.088622 0.667257 -0.739537
-6.310023 -59.463085 165.557240 2097.073274 -0.670962 0.741491 0.000295 0.305776 0.276329 0.911122 -0.675508 -0.611419 0.412136
-4.995422 -58.388934 -40.338854 1994.581024 -0.694475 0.719461 -0.008902 0.301717 0.302425 0.904160 -0.653201 -0.625231 0.427101
-5.218725 -55.005702 187.850846 1334.478797 -0.688633 0.724642 -0.026046 0.412404 0.420950 0.807913 -0.596412 -0.545614 0.588725
-5.695011 -56.765929 -316.745333 1258.394112 -0.682203 0.731087 -0.010568 0.424733 0.408015 0.808162 -0.595148 -0.546842 0.588866
-4.528282 -50.705972 -194.735627 -491.124491 -0.694164 0.718502 -0.043497 0.493284 0.518842 0.698193 -0.524221 -0.463204 0.714587
-3.845362 -50.705507 -120.678534 -649.350381 -0.714993 0.697077 -0.053564 0.470990 0.536880 0.699949 -0.516675 -0.475231 0.712182
-2.056695 -30.519040 74.096741 171.965267 0.390456 -0.850867 -0.351526 0.815781 0.142810 0.560453 -0.426669 -0.505600 0.749881
-1.714920 -29.668430 144.966162 349.708572 0.396352 -0.852235 -0.341468 0.786707 0.123532 0.604841 -0.473285 -0.508365 0.719421
-1.781989 -31.422091 77.472738 778.106930 -0.392042 0.858704 0.330046 0.751988 0.092468 0.652659 -0.529923 -0.504060 0.681986
-1.943316 -28.286678 226.885993 -262.431057 0.375743 -0.853153 -0.361867 0.841307 0.150287 0.519246 -0.388612 -0.499544 0.774233
-1.602800 -30.531277 -18.025150 -409.530233 0.387253 -0.852534 -0.351027 0.872468 0.215778 0.438451 -0.298050 -0.476051 0.827370
109.425701 -22.228687 3958.743475 1032.501350 0.974644 -0.221994 -0.028063 -0.201642 -0.925734 0.319932 0.097002 0.306161 0.947025
71.246520 -27.557101 -3627.142669 4910.954434 0.942072 -0.323291 0.089350 -0.334047 -0.880333 0.336789 0.030223 0.347127 0.937331
79.826132 -15.483849 8153.204762 -349.546805 0.877827 -0.335066 -0.342272 0.184772 0.896168 -0.403413 0.441903 0.290885 0.848592
0.088075 -30.335744 119.697447 -1134.466334 -0.222565 0.761046 0.609323 -0.257478 -0.648694 0.716171 -0.940303 -0.002507 -0.340329
-0.241190 -30.875276 -738.466960 -1075.137875 -0.253143 0.764401 0.592967 -0.154980 -0.637058 0.755075 -0.954934 -0.099243 -0.279734
-3.074214 -31.949327 715.376267 -1402.050814 -0.190784 0.793906 0.577334 -0.224783 -0.607842 0.761578 -0.955549 -0.015522 -0.294423
-3.350090 -32.454150 601.279281 -104.423310 -0.179750 0.840824 0.510593 -0.060198 -0.527477 0.847434 -0.981869 -0.121590 -0.145430
-1.342708 -30.425524 -121.735197 -809.998459 -0.214682 0.832468 0.510792 -0.284455 -0.553606 0.782691 -0.934343 -0.022733 -0.355649
-1.096320 -41.032717 -48.822541 -1255.485512 0.410359 -0.850244 -0.329683 0.911173 0.396959 0.110398 0.037005 -0.345701 0.937615
-1.665667 -35.765057 279.509374 -1410.040829 0.389475 -0.851718 -0.350551 0.910594 0.298927 0.285414 -0.138303 -0.430371 0.891994
-0.645867 -38.817224 93.901670 -1399.318727 0.416615 -0.841096 -0.344948 0.908670 0.373845 0.185899 -0.027402 -0.390892 0.920028
-0.218799 -41.317084 247.305173 -670.039339 0.441547 -0.826154 -0.350009 0.880629 0.473751 -0.007291 0.171840 -0.305009 0.936718
-0.101556 -42.392129 -73.697627 -901.672162 0.429831 -0.837090 -0.338417 0.889987 0.455980 0.002506 0.152213 -0.302264 0.940993
-1.956974 -58.221939 -134.720164 -1321.933193 -0.697611 0.684546 0.211507 0.713256 0.691483 0.114527 -0.067854 0.230754 -0.970643
-1.009996 -62.700420 36.521394 -805.398592 0.714931 -0.665998 -0.212885 0.699190 0.679852 0.221210 0.002595 0.306997 -0.951707
-2.553899 -60.732745 -100.600197 -135.531373 0.718803 -0.661036 -0.215297 0.689528 0.638351 0.342139 0.088731 0.394384 -0.914652
27.444083 -20.725216 6391.745311 358.541351 0.032101 -0.859703 -0.509784 0.976753 0.135145 -0.166402 0.211951 -0.492591 0.844056
49.609402 -21.807740 8926.507727 -176.014969 -0.020889 -0.881501 -0.471720 0.992791 0.037410 -0.113870 0.118024 -0.470698 0.874365
47.016690 -19.443789 7486.555106 234.431604 -0.047765 -0.916880 -0.396295 0.974372 0.044541 -0.220490 0.219814 -0.396670 0.891255
30.983947 -20.264621 6141.971444 38.111267 -0.021833 -0.885168 -0.464760 0.950966 0.125071 -0.282879 0.308523 -0.448147 0.839034
-1.434913 -85.739284 170.662983 5368.903653 0.332428 -0.281238 0.900220 0.824164 0.550681 -0.132304 -0.458525 0.785911 0.414848
-1.705474 -97.017547 28.348998 7774.239426 0.330826 -0.268930 0.904561 0.761414 0.642333 -0.087504 -0.557497 0.717694 0.417267
-1.278665 -100.585657 -2.823030 5043.709300 0.339104 -0.281671 0.897591 0.660649 0.750564 -0.014055 -0.669740 0.597759 0.440605
-2.264192 -104.405638 3.723583 2967.308660 0.347883 -0.295615 0.889713 0.609996 0.792021 0.024644 -0.711957 0.534148 0.455855
-1.470679 -90.292385 423.057744 4425.971486 0.341738 -0.304660 0.889043 0.796369 0.596180 -0.101815 -0.499010 0.742800 0.446359
-4.511519 -82.304838 -95.271496 -1465.611336 0.156393 -0.359420 0.919977 0.700141 -0.616644 -0.359934 0.696666 0.700405 0.155206
-4.755535 -91.456878 141.471246 2148.439280 -0.143132 0.358503 -0.922490 -0.617024 0.696446 0.366393 0.773818 0.621642 0.121521
-3.765877 -89.146869 265.389111 802.220853 -0.151904 0.330703 -0.931429 -0.467493 0.806253 0.362501 0.870848 0.490502 0.032128
-17.220914 -20.956160 -319.253540 -382.079841 -0.610546 0.445284 -0.654947 0.103851 0.864846 0.491179 0.785142 0.231870 -0.574271
-15.856572 -22.482481 -532.117795 66.767201 -0.562043 0.112771 -0.819384 -0.073506 0.979931 0.185288 0.823836 0.164369 -0.542474
-16.595236 -20.766140 -96.887371 462.630997 -0.514200 -0.400163 -0.758596 -0.327993 0.908999 -0.257178 0.792476 0.116573 -0.598659
-16.093979 -20.881972 -550.065082 101.131370 0.333921 0.794253 0.507602 -0.591853 0.595792 -0.542901 0.733626 0.119140 -0.669028
-18.661274 -19.162426 211.353698 -494.849104 -0.147521 0.979898 0.134301 -0.650023 0.006288 -0.759888 0.745458 0.199399 -0.636029
-13.495013 -22.245930 -667.162424 234.526231 0.417107 0.731477 0.539410 -0.493383 0.680676 -0.541529 0.763279 0.040260 -0.644813
-12.594421 -24.610744 331.352513 534.767626 -0.484457 -0.569700 -0.663885 -0.321004 0.821716 -0.470893 0.813792 -0.015018 -0.580962
-0.107222 -340.537294 772.050681 50808.416708 -0.194153 0.367153 -0.909672 0.823490 0.564920 0.052249 0.533075 -0.738962 -0.412027
0.424480 -165.639331 -318.425392 14090.780874 -0.177114 0.348658 -0.920363 0.706175 0.696387 0.127914 0.685527 -0.627282 -0.369554
-2.067535 -500.389002 517.104010 105555.062666 -0.165643 0.328677 -0.929803 0.497703 0.841813 0.208908 0.851384 -0.428162 -0.303024
1.320946 -293.556538 2617.805668 40402.499651 -0.171517 0.409853 -0.895881 0.547135 0.795855 0.259343 0.819283 -0.445686 -0.360748
-1.301271 -148.239517 598.766614 5697.595198 -0.172625 0.361232 -0.916358 0.223272 0.920459 0.320788 0.959349 -0.149221 -0.239547
1.716591 -150.722210 -914.598510 7416.403284 -0.160585 0.351309 -0.922385 0.201240 0.926537 0.317855 0.966289 -0.134578 -0.219485
99.914980 -2644.590584 -128920.263048 -1379572.840557 -0.141407 0.511631 -0.847489 0.951854 -0.164942 -0.258396 -0.271990 -0.843225 -0.463674
-282.815621 -1381.684093 43956.781287 278353.976112 0.113064 0.728938 -0.675178 -0.636961 0.574707 0.513802 -0.762559 -0.371970 -0.529284
-254.971432 -1534.062777 51525.165979 434048.688842 0.289787 0.745761 -0.599886 0.809878 0.142932 0.568918 0.510020 -0.650700 -0.562556
1714.225604 527.116574 1196402.190642 -255189.952773 -0.206706 -0.423113 -0.882184 0.717555 0.547390 -0.430671 0.665122 -0.722038 0.190458
-10.845611 -20.964750 -2255.624462 -248.994180 -0.255867 0.960147 -0.112476 -0.857009 -0.279124 -0.433158 0.447290 0.014437 -0.894273
-8.264484 -20.952079 -2965.956927 130.557178 -0.215196 0.968165 -0.127858 -0.842854 -0.250259 -0.476411 0.493242 -0.005243 -0.869876
-4.368604 -20.777992 -2092.801388 -206.089731 -0.217912 0.969317 -0.113752 -0.874578 -0.245672 -0.418042 0.433161 -0.008388 -0.901278
-7.601228 -15.545123 -584.609321 485.367182 -0.095062 0.875111 0.474494 0.982187 0.004843 0.187843 0.162085 0.483899 -0.859983
-9.567028 -17.211753 -346.916138 509.131089 0.009797 0.860544 0.509282 0.996063 -0.053276 0.070859 0.088110 0.506583 -0.857677
-9.688699 -17.158323 -13.710314 528.957764 0.102670 0.827658 0.551762 0.988515 -0.146733 0.036165 0.110894 0.541712 -0.833217
-11.820787 -21.945645 -45.014688 142.149295 -0.408728 0.898635 0.159365 -0.663275 -0.172537 -0.728215 0.626903 0.403345 -0.666563
-11.260807 -22.543816 -132.885147 485.121544 -0.395974 0.896806 0.197342 -0.628106 -0.107755 -0.770631 0.669842 0.429101 -0.605957
-12.898546 -23.214198 126.340506 403.034025 -0.347883 0.915846 0.200507 -0.641008 -0.076281 -0.763734 0.684169 0.394217 -0.613601
-23.659178 -39.414450 -134.963108 909.312159 0.632430 -0.533841 -0.561289 -0.618730 0.087822 -0.780679 -0.466052 -0.841012 0.274762
-20.994357 -34.868196 -278.253559 -1273.162041 0.532897 -0.439977 -0.722801 0.689746 -0.268957 0.672244 -0.490175 -0.856786 0.160146
50.545715 -57.017524 596.126734 -1702.558162 0.726312 -0.646376 0.233814 0.623752 0.476872 -0.619296 -0.288799 -0.595644 -0.749536
44.734664 -59.055188 2638.463682 193.234976 0.754356 -0.587120 0.293660 0.652369 0.620562 -0.435107 -0.073226 -0.519800 -0.851144
-19.672399 -33.401655 431.187196 -1149.341565 -0.506342 0.648786 0.568063 0.583981 0.742686 -0.327693 -0.634495 0.165813 -0.754932
-21.206558 -35.974350 891.761231 -985.543915 -0.525976 0.666141 0.528778 0.646629 0.717073 -0.260148 -0.552468 0.205092 -0.807909
-21.537475 -31.351072 491.233920 -1151.210453 -0.530117 0.674394 0.513973 0.543417 0.735521 -0.404606 -0.650902 0.064814 -0.756390
-19.909868 -30.453369 309.499588 -889.917146 -0.462205 0.667360 0.583949 0.520724 0.737277 -0.430428 -0.717783 0.105131 -0.688284
12.045638 -22.494220 2474.332952 314.786361 -0.320774 0.782988 0.532948 -0.151821 -0.597912 0.787052 -0.934909 -0.171553 -0.310669
8.130340 -22.179656 2507.051102 -389.388531 -0.299417 0.807927 0.507547 -0.110230 -0.557681 0.822704 -0.947733 -0.190385 -0.256037
15.441781 -22.999104 1340.856971 -348.741972 -0.351928 0.800015 0.485925 -0.127634 -0.555302 0.821796 -0.927284 -0.227193 -0.297535
13.889101 -24.601387 -268.906569 235.809497 -0.421918 0.760661 0.493335 -0.131554 -0.589744 0.796803 -0.897039 -0.271285 -0.348892
2.636080 -24.147987 -1687.267648 -557.162177 -0.450662 0.650952 0.610873 0.252903 0.749366 -0.611957 -0.856122 -0.121294 -0.502338
2.526534 -22.462106 -1861.890703 -208.913584 -0.476454 0.587616 0.653987 0.129871 0.782722 -0.608671 -0.869554 -0.205069 -0.449246
-2.630757 -23.472299 -1599.155938 -633.285580 -0.475302 0.565261 0.674217 0.172587 0.811323 -0.558541 -0.862729 -0.149115 -0.483180
8.789444 -23.986233 -1376.516755 -361.116637 -0.411251 0.671185 0.616752 0.196942 0.726063 -0.658822 -0.889992 -0.149476 -0.430779
-3.356794 -24.801720 -1504.511306 -891.326103 -0.477589 0.562355 0.675030 0.228178 0.821344 -0.522808 -0.848436 -0.095660 -0.520582
-1.379242 -26.319936 -1583.383110 -744.929899 -0.473999 0.613031 0.632074 0.313604 0.788299 -0.529375 -0.822786 -0.052703 -0.565902
3.423072 -26.263564 -1240.217217 490.095761 -0.402317 0.712999 0.574259 -0.378412 -0.700681 0.604855 -0.833634 -0.026037 -0.551704
9.431062 -26.226896 -1160.555837 527.335783 -0.359217 0.744175 0.563175 -0.321123 -0.665165 0.674118 -0.876267 -0.061306 -0.477910
-3.484905 -21.662522 455.095645 -99.899970 -0.300153 0.622433 0.722831 0.559123 -0.499147 0.661992 -0.772845 -0.602851 0.198196
-2.961120 -22.162882 740.700399 1486.411667 -0.316669 0.634544 0.705035 0.656174 -0.390190 0.645900 -0.684950 -0.667163 0.292810
-1.348578 -21.896586 1044.947222 1554.408430 -0.256479 0.619385 0.742011 0.680649 -0.429317 0.593636 -0.686248 -0.657304 0.311473
-4.622237 -21.486708 109.761045 -291.086995 -0.342030 0.618672 0.707291 0.558967 -0.471091 0.682370 -0.755362 -0.628743 0.184690
-1.934212 -22.234864 279.807252 110.086469 -0.260891 0.601511 0.755063 0.563236 -0.540384 0.625100 -0.784028 -0.588362 0.197812
-2.764309 -23.563889 169.885180 1655.515279 -0.267324 0.582589 0.767547 -0.437546 0.636297 -0.635357 -0.858540 -0.505683 0.084812
-4.522009 -22.570380 322.927256 -1191.484888 -0.292390 0.601813 0.743188 0.445832 -0.601742 0.662677 -0.846015 -0.525097 0.092364
4.322149 -41.652559 635.195189 829.571691 -0.362113 0.453951 0.814127 0.932118 0.181551 0.313362 -0.005554 0.872335 -0.488878
4.522359 -42.176914 964.805160 259.475734 -0.330481 0.459072 0.824642 0.931453 0.299576 0.206515 -0.152238 0.836365 -0.526608
5.774910 -44.350871 319.587584 221.363034 -0.345124 0.500080 0.794235 0.928447 0.305778 0.210915 -0.137386 0.810197 -0.569830
5.042879 -42.751425 0.226284 315.337239 -0.390682 0.497165 0.774722 0.918376 0.153027 0.364921 0.062873 0.854055 -0.516370
4.103099 -38.228775 175.886018 1096.684625 -0.397929 0.468197 0.788951 0.900399 0.034446 0.433700 0.175881 0.882952 -0.435271
-5.133569 -42.467647 503.800613 -179.234101 0.749069 -0.628397 -0.209791 -0.407190 -0.186916 -0.894013 -0.522582 -0.755103 0.395889
-5.981269 -43.491825 152.344349 -618.183900 0.739299 -0.642241 -0.202391 -0.301547 -0.047020 -0.952291 -0.602084 -0.765059 0.228428
-5.026248 -41.551460 -424.193333 -296.563747 0.703103 -0.681986 -0.201348 -0.417564 -0.166783 -0.893210 -0.575576 -0.712094 0.402038
-6.323146 -43.412853 -298.962863 -562.331236 0.709148 -0.670571 -0.217813 -0.314792 -0.024702 -0.948839 -0.630884 -0.741434 0.228608
-7.464426 -45.622038 -262.599707 -624.476688 0.710577 -0.670770 -0.212481 -0.208031 0.088202 -0.974137 -0.672163 -0.736403 0.076867
2.095713 -24.679437 4030.355442 -550.537642 -0.266316 0.915599 -0.301256 0.289887 0.374155 0.880894 -0.919261 -0.147266 0.365063
11.510913 -25.320022 5062.038944 -268.183649 -0.209890 0.960090 -0.184861 0.419921 0.259265 0.869740 -0.882957 -0.104923 0.457579
15.193181 -23.237181 4745.530364 -607.092947 -0.234836 0.953814 -0.187326 0.349574 0.262693 0.899328 -0.907001 -0.145710 0.395118
-3.750446 -20.531396 -516.026104 -562.335185 0.536612 -0.347643 -0.768890 0.062307 0.925028 -0.374755 0.841526 0.153190 0.518042
-6.267301 -19.696080 -886.178587 -51.484347 0.548892 -0.310589 -0.776049 0.116973 0.947812 -0.296597 0.827668 0.072023 0.556577
75.276321 -21.012690 -16619.402756 -366.882717 -0.544987 0.427089 0.721515 0.591228 -0.414421 0.691885 0.594508 0.803648 -0.026653
-22.036951 -39.106400 -1009.827629 640.285347 0.175365 0.184608 0.967040 -0.615363 0.787293 -0.038703 -0.768489 -0.588294 0.251665
-21.025604 -41.647480 1116.537891 106.440475 -0.094686 -0.278785 -0.955674 0.767209 -0.632171 0.108400 -0.634370 -0.722938 0.273744
1.785779 -45.480847 -531.700316 2274.040255 -0.525990 -0.248959 -0.813236 0.825419 -0.379892 -0.417572 -0.204984 -0.890899 0.405315
2.252104 -54.439828 -201.467715 2954.164201 -0.528537 -0.223382 -0.818993 0.776229 -0.517754 -0.359721 -0.343682 -0.825852 0.447048
0.837582 -61.977274 -272.718519 3173.995395 -0.546276 -0.228906 -0.805720 0.711616 -0.634210 -0.302293 -0.441799 -0.738499 0.509346
0.581065 -57.695429 -383.059290 2914.039665 -0.549328 -0.241525 -0.799940 0.723858 -0.615802 -0.311154 -0.417454 -0.749969 0.513107
-0.690557 -87.693995 449.678967 -2854.425850 -0.698429 -0.099265 -0.708762 0.710768 -0.212031 -0.670710 -0.083702 -0.972208 0.218643
-0.811001 -101.308710 -351.406037 -4288.467361 0.728892 0.103281 0.676793 0.669843 0.096754 -0.736172 0.141515 -0.989935 -0.001341
0.972253 -105.183024 -227.757749 -4918.669637 0.718978 0.109037 0.686427 0.693335 -0.043510 -0.719301 0.048564 -0.993085 0.106882
0.483525 -7.417822 -621.497528 -339.076783 0.105538 0.972568 -0.207301 0.978340 -0.138883 -0.153501 -0.178081 -0.186610 -0.966159
20.069169 -29.142752 -2200.600008 1176.856441 0.631596 0.677234 0.377412 0.758984 -0.639435 -0.122741 0.158206 0.363973 -0.917875
23.944839 -31.626992 -1474.453045 859.384180 0.617942 0.643064 0.452346 0.772610 -0.603273 -0.197825 0.145674 0.471732 -0.869625
-24.748586 -61.938674 -2287.632855 -3768.332872 -0.942782 0.103209 -0.317034 0.089782 0.994345 0.056715 0.321095 0.025006 -0.946717
-14.889288 -63.647707 358.586264 -989.555784 -0.913705 -0.330093 -0.237028 -0.285277 0.936402 -0.204371 0.289415 -0.119116 -0.949763
91.284971 -2409.139809 41678.235354 52271.341599 0.901172 -0.166970 0.400013 0.178837 -0.697410 -0.694001 -0.394850 -0.696951 0.598625
14.716121 -685.875019 1706.610334 -319526.341920 0.873701 -0.098023 0.476484 0.485071 0.249585 -0.838101 0.036770 -0.963379 -0.265611
62.085484 -2290.290355 3666.469174 847310.693383 0.711867 -0.227978 0.664283 -0.288546 0.767394 0.572580 -0.640302 -0.599277 0.480501
-4.143162 -382.359920 -3235.367670 12354.003516 0.792540 0.056483 0.607198 0.281021 0.849847 -0.445855 -0.541209 0.523994 0.657665
93.504576 -92.077769 -16544.031026 15490.311394 0.453118 0.853167 0.258436 0.457748 -0.471445 0.753794 -0.764951 0.223259 0.604156
44.696414 -23.418454 6653.297858 -158.703022 0.343005 -0.806868 -0.480949 0.887001 0.109705 0.448546 -0.309155 -0.580456 0.753322
41.614423 -22.420696 6719.680281 598.075165 0.314768 -0.788187 -0.528849 0.931238 0.148657 0.332712 -0.183622 -0.597212 0.780782
26.334028 -22.381939 5493.069919 -273.097892 0.332343 -0.747927 -0.574590 0.910632 0.095847 0.401949 -0.245556 -0.656825 0.712940
-4.667594 -18.373747 -531.064781 -424.076086 -0.729599 0.682832 0.037755 -0.558561 -0.626851 0.543201 -0.394582 -0.375231 -0.838753
-3.545649 -16.142629 -521.899795 -522.743063 -0.716242 0.697085 0.032704 -0.603822 -0.642548 0.471731 -0.349851 -0.318126 -0.881136
