16776
33540
-33.737141 -57.540669 519.354134 7845.516422 0.329382 0.941873 -0.066202 0.716213 -0.294923 -0.632503 0.615262 -0.160920 0.771724
-41.321594 -69.233846 -321.618199 5876.799303 0.302061 0.948075 -0.099564 0.808384 -0.310100 -0.500354 0.505248 -0.070651 0.860077
-45.593901 -74.180102 1976.826683 8815.365974 0.077848 0.991741 0.101926 0.853699 -0.013508 -0.520591 0.514915 -0.127541 0.847700
-31.788403 -51.875268 -1017.763470 4592.411556 0.525402 0.788999 -0.318486 0.561347 -0.602724 -0.567109 0.639408 -0.119179 0.759575
-31.253922 -72.793691 -3606.780814 14640.891747 0.042264 0.972503 0.229024 0.802624 0.103462 -0.587444 0.594986 -0.208647 0.776181
-24.415939 -53.272158 -4417.224888 10933.424092 0.204460 0.967039 0.151763 0.713093 -0.040933 -0.699874 0.670593 -0.251317 0.697958
-26.595306 -41.990738 -564.267838 4982.556392 0.535586 0.799823 -0.270980 0.499279 -0.558702 -0.662249 0.681079 -0.219397 0.698568
179.600486 -89.416005 3026.159666 -2957.179751 -0.141854 0.903847 0.403655 -0.263176 0.358667 -0.895598 0.954262 0.233276 -0.186993
168.214760 -81.330497 -7477.386798 -7476.253230 0.108193 0.944659 0.309698 -0.247644 0.327317 -0.911886 0.962791 -0.021965 -0.269353
161.261593 -77.871648 -12112.956174 -3641.545094 0.043191 0.927098 0.372322 -0.124034 0.374762 -0.918787 0.991338 0.006497 -0.131178
-45.642167 -78.609233 -2342.342339 -6978.657819 0.401430 0.915839 -0.009615 -0.520275 0.219382 -0.825340 0.753769 -0.336319 -0.564555
-41.713325 -64.420566 -230.968639 -6961.045849 0.370578 0.920251 -0.125737 -0.434303 0.052021 -0.899263 0.821007 -0.387855 -0.418946
-43.117243 -71.550202 392.467374 -5017.294135 0.405552 0.906911 -0.114193 -0.526271 0.129521 -0.840395 0.747373 -0.400920 -0.529808
-37.738489 -56.256783 21539.712331 3.444928 0.431942 -0.407144 -0.804774 0.850801 -0.112147 0.513382 -0.299273 -0.906453 0.297957
-55.426683 -65.667504 5459.646386 9736.209996 -0.284140 -0.200796 -0.937521 0.861670 -0.482293 -0.157855 -0.420463 -0.852686 0.310059
-18.142250 -55.928436 24926.274088 1384.473634 0.411877 -0.349979 -0.841351 0.849522 -0.186540 0.493472 -0.329651 -0.917996 0.220483
29.513654 -52.472285 31041.382728 -196.038946 0.487263 -0.335549 -0.806215 0.836543 -0.085518 0.541186 -0.250540 -0.938133 0.239031
38.689632 -54.182677 34214.062614 1126.875870 0.475747 -0.335472 -0.813095 0.813818 -0.182837 0.551607 -0.333713 -0.924137 0.186030
-6.431213 -163.299891 418.392799 -9892.494761 -0.290596 0.066088 -0.954561 0.954336 0.092226 -0.284142 0.069257 -0.993543 -0.089870
-5.694632 -147.636443 399.362617 -20577.190658 -0.291364 0.069612 -0.954076 0.930093 -0.212593 -0.299551 -0.223682 -0.974658 -0.002804
-3.626008 -166.224169 1168.104360 -15459.423734 -0.292985 0.083708 -0.952446 0.956106 0.030409 -0.291438 0.004567 -0.996026 -0.088943
-5.229478 -173.158610 550.867281 5857.664199 -0.296433 0.076018 -0.952023 0.886125 0.393718 -0.244476 0.356244 -0.916083 -0.184072
-7.187779 -165.131379 575.317210 2719.258629 -0.296629 0.064395 -0.952819 0.889683 0.381259 -0.251207 0.347094 -0.922223 -0.170384
-10.354325 -51.597759 -1959.053746 -1234.638177 0.648743 0.738776 -0.182600 0.435174 -0.556982 -0.707386 0.624305 -0.379449 0.682834
-8.988769 -55.155916 -2323.755031 -6095.781514 0.647467 0.743848 -0.165763 0.540633 -0.601621 -0.588021 0.537125 -0.291107 0.791678
-7.995297 -52.684618 -2122.849616 -1467.949530 0.647933 0.745782 -0.154897 0.439620 -0.532213 -0.723522 0.622027 -0.400698 0.672699
-9.069279 -54.186354 -1187.845629 7191.148685 0.637427 0.751460 -0.170280 0.316287 -0.456707 -0.831493 0.702602 -0.476159 0.528794
-12.928384 -54.255143 -1561.261881 6044.462245 0.641458 0.737479 -0.211321 0.292579 -0.489815 -0.821267 0.709175 -0.464980 0.529966
2.217454 -71.669199 38.209172 3668.214771 0.571049 0.694808 -0.437201 0.732935 -0.191651 0.652746 0.369743 -0.693190 -0.618691
4.058733 -72.634677 123.717921 -379.464541 0.574286 0.695722 -0.431470 0.793161 -0.342344 0.503683 0.202712 -0.631483 -0.748423
3.400019 -71.461314 -1547.622382 13.800442 0.565224 0.685997 -0.458181 0.796793 -0.310148 0.518584 0.213643 -0.658192 -0.721901
3.670758 -70.893794 -2117.182014 -4305.145740 0.548037 0.691243 -0.470999 0.834328 -0.411618 0.366698 0.059606 -0.593931 -0.802305
2.377262 -70.875880 -2196.170914 -753.356418 0.555963 0.686234 -0.469028 0.806151 -0.307660 0.505436 0.202547 -0.659112 -0.724256
1.181549 -72.082994 -1062.903483 4007.829842 0.563287 0.688203 -0.457258 0.740577 -0.175107 0.648755 0.366406 -0.704070 -0.608303
6.800139 -106.950655 1701.377190 -1732.172918 0.027958 0.975824 0.216761 0.536716 0.168283 -0.826811 0.843299 -0.139456 0.519036
4.546286 -105.616050 -772.452980 -7603.536377 0.045062 0.967577 0.248524 0.611818 0.169932 -0.772529 0.789714 -0.186863 0.584324
7.383245 -110.474824 1918.875800 -1687.047888 0.001399 0.975810 0.218617 0.390902 0.200688 -0.898287 0.920431 -0.086714 0.381165
11.640241 -108.643172 1851.054955 2526.386083 0.039992 0.982334 0.182814 0.336227 0.159061 -0.928252 0.940932 -0.098590 0.323926
16.958763 -107.491482 2468.149025 2913.767094 0.020993 0.982585 0.184626 0.139516 0.179980 -0.973726 0.989997 -0.046200 0.133308
2.004290 -101.965935 1612.254999 -8046.449444 0.011311 0.977121 0.212384 0.630141 0.157950 -0.760246 0.776398 -0.142430 0.613938
1.919685 -107.977406 205.515288 -2582.389553 0.016317 0.966170 0.257388 0.395636 0.230174 -0.889096 0.918263 -0.116339 0.378496
4.624260 -109.996483 1646.443311 2918.294716 -0.009804 0.965426 0.260492 0.237748 0.255285 -0.937179 0.971277 -0.052743 0.232031
10.575406 -110.324212 3645.582583 2923.551563 -0.030246 0.972238 0.232032 0.130359 0.233992 -0.963460 0.991005 -0.001107 0.133817
-3.306783 -134.875182 -163.196867 639.273525 0.392369 0.906934 0.153352 -0.234894 0.259992 -0.936605 0.889309 -0.331473 -0.315047
-1.075822 -137.628481 527.519429 1361.231693 0.383487 0.911593 0.148107 -0.392857 0.306151 -0.867142 0.835824 -0.274353 -0.475530
-1.137348 -132.827827 57.000462 1999.018915 0.376049 0.918275 0.123927 -0.468147 0.303703 -0.829821 0.799641 -0.254038 -0.544095
-2.760604 -108.460344 3976.462315 2367.745735 -0.058384 -0.979694 -0.191811 0.983036 -0.089885 0.159880 -0.173874 -0.179223 0.968322
-4.662962 -107.491066 1064.933553 4162.937004 -0.093184 -0.976754 -0.193051 0.990639 -0.110381 0.080311 -0.099753 -0.183760 0.977897
-3.815730 -99.090600 1198.942562 5760.471298 -0.076188 -0.978714 -0.190561 0.992701 -0.056535 -0.106527 0.093487 -0.197286 0.975878
-4.386092 -87.656829 -12.609301 6930.005884 0.076354 0.981228 0.177093 0.928711 -0.005352 -0.370765 0.362857 -0.192778 0.911686
1.431583 -91.472093 1095.717194 6740.778865 0.072548 0.983332 0.166716 0.945856 -0.014810 -0.324247 0.316374 -0.181213 0.931166
-10.460877 -95.893271 3850.178967 9325.396774 0.100708 0.986582 0.128505 0.972975 -0.070686 -0.219824 0.207790 -0.147170 0.967039
10.153709 -42.816493 5889.261155 -1141.454217 0.534687 0.794013 -0.289229 0.739384 -0.273851 0.615074 0.409171 -0.542724 -0.733505
8.198283 -48.685190 3150.142024 1559.288329 0.499202 0.795672 -0.343078 0.800100 -0.271292 0.535015 0.332622 -0.541577 -0.772047
22.321203 -40.762295 9550.043757 262.627641 0.520820 0.800331 -0.297014 0.761857 -0.278802 0.584674 0.385125 -0.530792 -0.754943
25.393782 -44.166892 12221.506569 -2063.187802 0.527130 0.805195 -0.271651 0.718823 -0.251997 0.647913 0.453241 -0.536804 -0.711628
10.721130 -44.322038 5583.351939 524.172909 0.542304 0.786682 -0.295022 0.673757 -0.197407 0.712097 0.501954 -0.584947 -0.637087
9.746313 -96.653973 679.358802 95.322982 0.442934 0.844131 -0.302078 0.881137 -0.472080 -0.027184 -0.165552 -0.254131 -0.952895
8.553133 -90.060622 -1013.657250 -1304.596624 0.453924 0.825002 -0.336637 0.870117 -0.491805 -0.032004 -0.191963 -0.278386 -0.941090
11.748434 -98.447767 -1142.262251 -3842.465687 0.491354 0.807933 -0.325292 0.869519 -0.476517 0.129878 -0.050075 -0.346664 -0.936652
12.660859 -104.540102 1263.610726 -1786.365682 0.487417 0.824423 -0.287665 0.873088 -0.455682 0.173410 0.011879 -0.335680 -0.941901
15.638248 -98.771424 -1646.881173 -2298.780701 0.509404 0.797996 -0.322040 0.849361 -0.406163 0.337072 0.138181 -0.445235 -0.884688
24.282062 -217.693574 -1477.627560 -54466.438505 -0.383072 -0.040842 -0.922815 -0.418571 0.898244 0.133999 0.823440 0.437595 -0.361188
22.003459 -125.863923 -3131.399172 -20998.241562 -0.320766 -0.068675 -0.944665 -0.219315 0.975648 0.003542 0.921417 0.208315 -0.328016
19.011104 -150.965349 -2027.694943 -24564.574702 -0.319914 -0.035102 -0.946796 -0.324341 0.942991 0.074631 0.890201 0.330961 -0.313062
20.215522 -212.218644 -987.814535 -39818.391568 -0.377803 0.005847 -0.925868 -0.557774 0.796725 0.232633 0.739022 0.604314 -0.297743
21.846633 -248.581360 -1938.115535 44595.785204 0.418473 0.051680 0.906758 0.687575 -0.670325 -0.279115 0.593398 0.740266 -0.316047
24.075798 -260.854141 -1747.485466 -13530.347885 0.434596 0.076731 0.897351 0.881001 -0.243082 -0.405892 0.186986 0.966966 -0.173242
20.816596 -226.202268 2601.004964 14077.056295 0.411361 -0.019466 0.911265 0.804803 -0.461564 -0.373162 0.427871 0.886893 -0.174203
-10.850556 -109.951959 -418.324903 6996.120828 0.471356 -0.222055 0.853531 0.843918 -0.167548 -0.509637 0.256175 0.960531 0.108422
-10.368770 -98.239429 -230.682367 5341.404160 0.453798 -0.213135 0.865240 0.781709 -0.370910 -0.501354 0.427783 0.903880 -0.001708
-6.482432 -101.148736 -723.718887 6039.078266 0.479111 -0.200244 0.854608 0.826303 -0.225551 -0.516092 0.296102 0.953430 0.057399
-8.213452 -111.845175 156.986654 3111.475860 0.495455 -0.215579 0.841457 0.862515 0.007321 -0.505978 0.102918 0.976459 0.189567
22.910742 -617.020123 903.988675 197489.317135 -0.331361 -0.282699 -0.900156 0.068691 0.944296 -0.321848 0.941000 -0.168480 -0.293484
37.440932 -550.297522 -5919.027525 131272.024918 -0.325457 -0.194477 -0.925341 0.465354 0.818957 -0.335790 0.823118 -0.539897 -0.176034
15.439864 -400.612863 -6978.611333 51107.164773 -0.317604 -0.238900 -0.917635 0.446245 0.816220 -0.366948 0.836656 -0.526034 -0.152627
7.521939 -322.650283 -504.557424 49588.355348 -0.324166 -0.191508 -0.926413 0.227710 0.934705 -0.272902 0.918186 -0.299419 -0.259391
17.326410 -824.771721 6192.149872 303780.393201 -0.326924 -0.207771 -0.921928 0.494058 0.794033 -0.354145 0.805622 -0.571265 -0.156937
-2.435159 -164.299138 -1063.228152 9868.445494 0.270207 -0.185055 0.944851 0.924228 -0.225142 -0.308405 0.269798 0.956591 0.110198
-5.356583 -251.170764 1562.301983 27626.257386 0.197758 -0.212995 0.956831 0.972427 -0.080450 -0.218890 0.123599 0.973736 0.191213
-3.533736 -188.897653 -258.337433 6279.027366 0.145384 -0.212076 0.966379 0.987942 0.083673 -0.130265 -0.053234 0.973665 0.221683
-2.878445 -207.638976 -829.040301 18968.558214 0.328669 -0.210867 0.920604 0.816565 -0.426334 -0.389179 0.474550 0.879644 0.032064
-2.790512 -145.930303 -1651.249769 -350.072055 0.228789 -0.188439 0.955064 0.967356 -0.065829 -0.244722 0.108986 0.979876 0.167227
-2.736659 -150.154290 -2423.314946 6733.808682 0.398113 -0.231378 0.887677 0.743221 -0.485854 -0.459966 0.537707 0.842859 -0.021460
-4.610359 -131.165316 -2397.003446 8862.835259 0.329168 -0.190452 0.924866 0.862326 -0.338469 -0.376608 0.384764 0.921503 0.052818
27.123412 -35.063655 2195.013580 1845.974294 -0.310410 0.946895 0.083882 -0.338456 -0.027630 -0.940577 0.888309 0.320355 -0.329059
27.313910 -39.706872 2051.864211 -3418.625762 -0.296346 0.942076 0.157075 -0.243881 0.084368 -0.966128 0.923418 0.324616 -0.204752
23.569492 -45.269291 3273.392071 -319.840662 -0.362708 0.925978 0.104919 -0.307779 -0.012762 -0.951372 0.879611 0.377362 -0.289625
24.295169 -30.661169 2598.842501 8634.552772 -0.356679 0.932236 0.060964 -0.420248 -0.101824 -0.901678 0.834369 0.347230 -0.428088
27.451590 -13.940475 480.393411 10726.523345 -0.309559 0.950431 -0.029239 -0.416533 -0.163181 -0.894356 0.854794 0.264676 -0.446400
26.775598 -61.794759 6334.873294 3681.121908 0.135674 -0.231333 0.963368 0.746275 -0.615703 -0.252949 0.651664 0.753256 0.089103
31.398477 -56.866391 -1087.025157 -1434.013968 -0.171901 0.149341 -0.973729 -0.668001 0.708809 0.226638 0.724034 0.689411 -0.022085
23.178754 -54.507408 -8413.483050 -1864.065796 -0.079913 0.221793 -0.971814 -0.661418 0.717588 0.218161 0.745748 0.660209 0.089353
-21.548269 -49.184813 -814.381004 895.948836 0.146411 0.563737 -0.812874 0.484231 0.675706 0.555826 0.862603 -0.474997 -0.174048
-20.216930 -48.518310 785.234014 250.917930 0.082746 0.572920 -0.815424 0.520210 0.673074 0.525693 0.850021 -0.467690 -0.242344
-21.716895 -47.051466 -778.667464 608.476682 0.114271 0.586194 -0.802072 0.407502 0.708655 0.575977 0.906027 -0.392663 -0.157897
-5.813781 -43.026137 1598.758660 -4152.591993 -0.573660 -0.810186 0.120472 0.817517 -0.575449 0.022880 0.050788 0.111613 0.992453
-5.154509 -39.287250 -1398.491646 -824.080994 0.584564 0.802262 -0.121079 0.795993 -0.595975 -0.105873 0.157098 0.034489 0.986981
-7.636574 -41.685230 1005.668694 -4469.652773 -0.602677 -0.785750 0.139201 0.795670 -0.604993 0.029878 0.060739 0.128765 0.989813
-8.118244 -45.634396 521.305724 1900.458219 -0.569994 -0.809799 0.139042 0.821085 -0.567655 0.059889 0.030430 0.148302 0.988474
-9.566436 -44.199803 543.253109 1907.570831 -0.592517 -0.790296 0.156061 0.804639 -0.589877 0.067825 0.038455 0.165760 0.985416
-9.664582 -42.121222 1282.510434 -4399.322549 -0.612094 -0.775568 0.154385 0.788036 -0.614493 0.037377 0.065880 0.144539 0.987304
-0.686583 -110.646098 -130.076230 -2860.571745 0.064883 0.981053 0.182551 0.908873 -0.133626 0.395088 -0.411996 -0.140281 0.900322
-5.344220 -109.545346 756.012092 767.263522 0.088241 0.978549 0.186162 0.944333 -0.141646 0.296937 -0.316936 -0.149597 0.936575
-14.838958 -46.785568 -3219.642327 3792.119568 -0.100327 0.629867 0.770196 0.746506 -0.464111 0.476791 -0.657771 -0.622791 0.423636
-18.239184 -49.173118 -2377.424854 1785.857315 -0.087656 0.622550 0.777656 0.659761 -0.548612 0.513557 -0.746346 -0.558083 0.362645
-11.103043 -44.499323 -2741.654485 1457.503658 -0.261536 0.709081 0.654831 0.672845 -0.352481 0.650413 -0.692011 -0.610706 0.384915
-18.563817 -46.779195 -2169.972890 387.418539 -0.167025 0.638963 0.750886 0.594767 -0.542111 0.593606 -0.786355 -0.545749 0.289488
-2.504834 -38.966759 4864.657573 3189.851373 0.282154 -0.719008 -0.635151 0.745163 -0.252741 0.617134 -0.604253 -0.647418 0.464466
-14.891471 -43.725844 -1800.601124 -272.105125 -0.306046 0.726674 0.615046 0.567730 -0.379291 0.730631 -0.764211 -0.572786 0.296474
-207.043135 -877.471116 -76631.895679 344553.052505 -0.150695 -0.301474 0.941491 0.892190 0.368708 0.260868 -0.425780 0.879300 0.213410
-389.754505 -787.181795 -130983.731602 314871.226895 -0.019408 -0.259788 0.965471 0.863044 0.483157 0.147357 -0.504755 0.836104 0.214831
-317.008591 -1144.128955 -79620.391684 467132.516302 -0.546503 -0.219938 0.808061 0.731829 -0.594517 0.333130 0.407138 0.773419 0.485862
10.135247 -5947.114394 24627.502033 2099545.693167 -0.056314 -0.153195 0.986590 0.138116 0.977462 0.159661 -0.988814 0.145255 -0.033886
-75.211986 -875.409759 -15069.281237 283691.896357 -0.025794 -0.398020 0.917014 0.997315 -0.073137 -0.003692 0.068537 0.914457 0.398838
-129.884786 -1673.990796 -32667.924942 -516784.409040 -0.188240 -0.215566 0.958174 0.323568 0.907534 0.267741 -0.927291 0.360434 -0.101084
3.872168 -1947.724218 -18512.304955 838123.743518 -0.198860 -0.270225 0.942037 0.784196 0.532638 0.318328 -0.587785 0.802045 0.105989
26.515208 -36.244722 -2272.546462 -3133.755154 0.421454 -0.872959 -0.245601 0.895377 0.357628 0.265334 -0.143792 -0.331732 0.932351
40.686515 -38.139699 -6198.069432 -2731.345855 0.373034 -0.874377 -0.310340 0.922825 0.315002 0.221739 -0.096125 -0.369106 0.924403
32.949171 -33.559414 -4368.124981 -2845.838044 0.378747 -0.874228 -0.303769 0.911249 0.294879 0.287526 -0.161788 -0.385709 0.908324
23.307460 -30.055755 -1798.558665 -1903.683591 0.403569 -0.874756 -0.268207 0.894771 0.316105 0.315377 -0.191096 -0.367260 0.910276
1.987815 -87.541239 2997.187837 16344.962064 -0.146711 0.740579 0.655758 0.005646 -0.662293 0.749223 -0.989163 -0.113622 -0.092985
11.762290 -64.237570 7759.229538 -9437.471243 -0.130795 0.654206 0.744921 -0.170014 0.725444 -0.666953 -0.976723 -0.213881 0.016339
13.846876 -77.724150 5470.267913 14328.216420 -0.155061 0.723756 0.672408 0.000034 -0.680637 0.732621 -0.987905 -0.113624 -0.105516
7.256581 -99.656156 1805.581421 8799.115053 -0.158740 0.770403 0.617479 -0.268676 -0.635514 0.723834 -0.950060 0.051001 -0.307870
-49.232324 -58.158365 5457.430480 -1892.997396 -0.238740 0.351642 0.905180 0.971081 0.084314 0.223367 0.002225 0.932330 -0.361602
-49.784885 -63.372170 2959.719154 -1663.135382 -0.258397 0.437323 0.861382 0.951527 -0.038753 0.305114 0.166815 0.898469 -0.406111
-53.701235 -58.952462 6039.094313 -1709.290304 -0.335813 0.391786 0.856582 0.941913 0.134490 0.307753 0.005372 0.910174 -0.414192
-59.540169 -80.404612 -338.016555 -2328.724316 0.162457 -0.390835 0.906011 -0.423024 0.801957 0.421800 -0.891436 -0.451789 -0.035049
-56.679171 -80.223003 2587.081754 -2986.153094 0.318324 -0.363137 0.875672 -0.425037 0.770999 0.474240 -0.847356 -0.523155 0.091081
-58.551766 -81.023619 1186.912106 604.757884 0.250715 -0.351118 0.902141 -0.314128 0.851970 0.418891 -0.915677 -0.388411 0.103306
-59.572803 -78.902503 -359.648704 2139.362318 0.151269 -0.424942 0.892492 -0.235342 0.861437 0.450044 -0.960069 -0.278119 0.030302
-60.073514 -79.007633 -632.534432 -265.251311 0.055770 -0.475259 0.878077 -0.309754 0.827817 0.467730 -0.949180 -0.298073 -0.101046
-9.847081 -46.937826 -344.849964 -299.679747 -0.273144 0.944270 0.183701 0.946936 0.230294 0.224226 0.169425 0.235199 -0.957067
-6.553180 -46.025305 -1584.055717 -441.938191 -0.269416 0.951407 0.149130 0.945587 0.232012 0.228115 0.182430 0.202473 -0.962146
-8.437835 -45.575323 -656.054060 -73.536842 -0.260471 0.950060 0.171875 0.962860 0.242504 0.118713 0.071104 0.196413 -0.977940
-5.548584 -46.866157 -1357.276292 87.690753 -0.277919 0.948680 0.150889 -0.918123 -0.216135 -0.332169 0.282510 0.230850 -0.931073
-9.652624 -45.538239 1365.334607 -464.561267 -0.254078 0.945185 0.205112 0.967181 0.247800 0.056177 0.002271 0.212653 -0.977125
-9.810816 -48.055218 -1054.941159 59.268455 -0.266768 0.947371 0.176982 -0.911867 -0.188665 -0.364560 0.311983 0.258637 -0.914207
-11.736938 -47.642863 -501.354146 -308.757543 -0.273903 0.940598 0.200628 0.926095 0.201665 0.318872 0.259470 0.273141 -0.926320
-9.611248 -45.704200 97.115620 -748.802272 -0.288610 0.935855 0.202190 0.953779 0.262555 0.146184 0.083721 0.235035 -0.968375
-11.629315 -46.448714 -142.095153 -883.310835 -0.315408 0.924911 0.212268 0.933274 0.261838 0.245846 0.171806 0.275646 -0.945781
-4.233055 -21.101786 -1787.926568 738.115436 0.073409 -0.305086 -0.949491 -0.601656 0.745745 -0.286136 0.795375 0.592272 -0.128813
-10.689649 -22.389012 -2954.594277 -330.156229 0.191449 -0.445587 -0.874528 -0.585556 0.663223 -0.466111 0.787700 0.601322 -0.133943
-5.054779 -18.607040 -1970.752633 964.614556 0.141248 -0.374322 -0.916478 -0.630813 0.679449 -0.374732 0.762970 0.631056 -0.140157
-1.185975 -18.601757 -817.651402 1267.344042 0.056669 -0.274563 -0.959898 -0.628832 0.736957 -0.247919 0.775473 0.617664 -0.130892
-2.264123 -15.453185 -1364.387806 1088.858258 0.138334 -0.358760 -0.923122 -0.648206 0.671917 -0.358269 0.748794 0.647934 -0.139601
-6.162474 -15.720455 -1681.002215 723.423842 0.294279 -0.516143 -0.804361 -0.618958 0.538352 -0.571899 0.728211 0.666163 -0.161045
-5.709204 -49.716380 491.861448 401.832462 0.610083 -0.784555 -0.110779 0.778070 0.566799 0.270823 -0.149686 -0.251419 0.956234
-3.171313 -49.619586 1000.284467 62.053157 0.597713 -0.789133 -0.141448 0.789504 0.548711 0.274954 -0.139361 -0.276018 0.950996
-4.597366 -47.641964 389.137034 932.692842 0.607767 -0.784818 -0.121162 0.790785 0.584172 0.182764 -0.072657 -0.206891 0.975662
-6.981697 -46.760516 179.697686 1591.499201 0.619434 -0.778812 -0.098758 0.784066 0.607454 0.127435 -0.039257 -0.156370 0.986918
-5.390463 -45.829832 681.562717 1580.988800 0.600901 -0.789065 -0.127649 0.799009 0.597435 0.068234 0.022421 -0.142995 0.989469
-1.065085 -83.966598 289.188723 -5957.998761 -0.636412 0.761408 -0.123440 -0.429982 -0.217330 0.876289 -0.640387 -0.610758 -0.465703
1.128755 -73.917697 2125.123483 -4812.238525 -0.602315 0.783175 -0.154448 -0.516606 -0.234932 0.823362 -0.608551 -0.575712 -0.546096
2.145041 -68.766665 -421.378449 7231.250923 0.622344 -0.770486 0.137980 0.554227 0.309276 -0.772775 -0.552739 -0.557404 -0.619500
2.045214 -62.268793 -548.378856 6695.254817 0.631468 -0.765136 0.125760 0.601514 0.381024 -0.702141 -0.489316 -0.519026 -0.700844
0.862705 -70.913577 1799.048204 6084.003964 0.655344 -0.741691 0.142895 0.532082 0.319037 -0.784286 -0.536109 -0.590009 -0.603719
3.070491 -61.409916 1559.113032 9640.133450 0.633223 -0.756402 0.163963 0.628583 0.379002 -0.679147 -0.451566 -0.533117 -0.715454
-10.564463 -102.884314 260.986393 5006.861857 -0.490779 0.870121 -0.045008 0.760689 0.402723 -0.509085 0.424839 0.284085 0.859539
-10.033633 -98.940891 273.250790 3886.416599 -0.473711 0.879946 -0.035945 0.705044 0.354464 -0.614221 0.527741 0.316307 0.788315
-12.183801 -93.133581 -1014.941463 3721.486859 -0.487083 0.872790 -0.031436 0.635906 0.329751 -0.697774 0.598644 0.359863 0.715628
-11.379180 -95.234159 -220.586380 5451.140077 -0.512639 0.857762 -0.038015 0.673934 0.374552 -0.636808 0.531991 0.352073 0.770085
-6.965607 -97.368461 -1073.291980 -3945.057185 -0.467919 0.879596 0.085806 0.787028 0.370561 0.493226 -0.402043 -0.298321 0.865659
-5.407823 -86.758286 1212.648129 -5071.762369 -0.492647 0.869783 0.027871 0.677555 0.363277 0.639492 -0.546094 -0.333928 0.768293
-5.378425 -92.992776 -1287.699554 -6700.195773 -0.474854 0.875222 0.092195 0.704341 0.315138 0.636076 -0.527653 -0.366980 0.766099
-3.921429 -76.874670 327.471212 -6641.654218 -0.503658 0.863219 0.034363 0.545001 0.286624 0.787922 -0.670300 -0.415571 0.614816
-9.174069 -113.878625 -2963.991202 -7324.574197 -0.454471 0.879815 0.139218 0.829709 0.361254 0.425532 -0.324096 -0.308902 0.894170
-4.238506 -79.449536 -81.654304 -6856.601110 -0.495514 0.866670 0.057880 0.558291 0.266734 0.785598 -0.665415 -0.421588 0.616024
-6.463279 -96.409023 -625.157728 -6055.618624 -0.467792 0.878568 0.096378 0.715179 0.312196 0.625342 -0.519317 -0.361458 0.774376
0.201145 -35.452838 1546.159760 -544.255679 0.253079 -0.109339 0.961247 0.792526 -0.546410 -0.270811 0.554845 0.830350 -0.051631
-1.801306 -38.274078 679.114180 123.242169 0.197029 -0.056045 0.978795 0.795744 -0.574041 -0.193050 0.572688 0.816906 -0.068505
-3.666313 -41.112643 -202.389104 2099.198299 0.113154 -0.000686 0.993577 0.853323 -0.512178 -0.097535 0.508956 0.858879 -0.057369
2.668713 -36.409268 2767.475215 -254.593198 0.275012 -0.134204 0.952028 0.742548 -0.599357 -0.298989 0.610730 0.789152 -0.065178
7.388821 -32.752337 2876.097841 -1306.333604 0.365276 -0.192978 0.910677 0.720770 -0.560474 -0.407871 0.589121 0.805375 -0.065635
132.584426 -14.232545 2051.259535 2126.196855 0.468392 0.029213 0.883038 0.406471 0.880278 -0.244727 -0.784468 0.473557 0.400441
171.919054 -24.129917 -32992.505206 -2266.086384 0.150852 0.188759 0.970368 0.393738 0.888908 -0.234123 -0.906760 0.417389 0.059772
182.327222 -24.707358 -4788.316884 -1824.715396 0.419893 -0.001902 0.907572 0.459257 0.862961 -0.210670 -0.782798 0.505267 0.363225
133.435724 -17.892901 19578.718966 1243.115471 0.629798 -0.220136 0.744913 0.466320 0.874108 -0.135942 -0.621209 0.432984 0.653165
-4.109559 -98.317773 2023.713845 -6233.822060 -0.453326 0.887603 0.081589 0.709568 0.303964 0.635703 -0.539452 -0.346074 0.767610
-2.734131 -85.512305 429.579980 -9217.080813 -0.487041 0.870088 0.075745 0.544140 0.234459 0.805569 -0.683157 -0.433561 0.587641
-2.648192 -93.655982 -386.970564 -6683.641402 -0.483253 0.868473 0.110554 0.671936 0.286980 0.682748 -0.561221 -0.404225 0.722242
-2.478630 -105.516084 -65.132577 249.994511 -0.460205 0.879810 0.118934 0.798732 0.351811 0.488115 -0.387607 -0.319629 0.864638
-5.258706 -115.283113 71.009762 -5098.084924 -0.432720 0.894868 0.109383 0.831213 0.349046 0.432726 -0.349053 -0.278170 0.894865
4.899699 -51.560479 -1242.871241 -993.100078 -0.500940 0.854931 0.134730 0.836474 0.518213 -0.178233 0.222196 -0.023414 0.974721
5.052998 -54.603182 -976.672603 -995.323117 -0.496394 0.858991 0.125412 0.814382 0.510823 -0.275394 0.300624 0.034571 0.953116
3.191919 -52.788058 -628.343934 -1562.721670 -0.492454 0.860900 0.127830 0.822629 0.508372 -0.254636 0.284201 0.020240 0.958551
2.549928 -55.866824 -1510.293515 -1107.781454 -0.485325 0.863547 0.136913 0.773014 0.496961 -0.394309 0.408545 0.085533 0.908722
2.148951 -50.328346 36.131169 -585.760747 -0.519065 0.845673 0.124132 0.837072 0.532321 -0.126272 0.172863 -0.038365 0.984198
0.587344 -53.983063 -1016.777818 -2501.441760 -0.494594 0.858568 0.135050 0.795767 0.509828 -0.326848 0.349474 0.054189 0.935378
30.744799 -35.957985 -6318.377169 4846.362619 -0.273955 0.888596 -0.367893 -0.463892 0.212996 0.859905 -0.842468 -0.406238 -0.353862
21.407805 -60.368273 -3369.665562 18282.972162 -0.395950 0.906359 -0.147433 -0.436285 -0.044405 0.898712 -0.808009 -0.420168 -0.413013
30.889813 -35.901204 -7982.367006 7632.667941 -0.258413 0.909450 -0.325764 -0.491060 0.166736 0.855020 -0.831915 -0.380918 -0.403508
22.460061 -54.367908 -4653.337617 13311.315552 -0.361342 0.923891 -0.125928 -0.488949 -0.072749 0.869274 -0.793953 -0.375677 -0.478023
-12.440723 -127.959518 -470.577736 1506.849310 0.818273 -0.547098 0.176389 0.512655 0.833368 0.206598 -0.260026 -0.078626 0.962395
-13.035090 -127.385849 1333.958241 -2139.342695 0.813002 -0.566412 0.134927 0.541744 0.820770 0.181247 -0.213405 -0.074258 0.974138
-13.704767 -123.747317 194.679549 3187.537547 0.813748 -0.555743 0.170190 0.565717 0.824504 -0.012564 -0.133340 0.106504 0.985331
-8.848645 -128.445141 -1093.780218 5074.466305 0.821880 -0.531927 0.203881 0.515374 0.846784 0.131706 -0.242701 -0.003171 0.970096
-8.079731 -114.788372 -2434.530542 -10838.531091 0.807103 -0.535896 0.247792 -0.576904 -0.805079 0.137947 -0.125567 0.254290 0.958942
-14.700899 -115.938448 458.709301 -3531.549230 0.806880 -0.560086 0.187749 -0.590544 -0.772480 0.233521 -0.014241 0.299297 0.954054
-15.602606 -122.754943 1158.987589 -1567.685282 0.802351 -0.576238 0.155509 -0.596837 -0.772751 0.215965 0.004277 0.266093 0.963938
17.049416 -30.326631 -4743.202033 -704.154584 -0.706544 0.603097 0.370229 0.317271 0.737599 -0.596059 -0.632563 -0.303679 -0.712491
12.049998 -32.500270 -5189.501931 -951.945560 -0.791596 0.419729 0.444075 0.153754 0.840186 -0.520045 -0.591384 -0.343387 -0.729623
1.385333 -32.389562 -2712.635144 -667.161850 -0.789468 0.362115 0.495594 0.147036 0.895494 -0.420084 -0.595920 -0.258772 -0.760208
25.239747 -31.697663 -6704.772856 -110.216036 -0.726814 0.598806 0.336413 0.269819 0.699354 -0.661892 -0.631617 -0.390302 -0.669869
28.227821 -31.734090 -2197.865292 2738.489817 -0.578308 0.742868 0.337205 -0.411323 -0.622454 0.665856 -0.704538 -0.246370 -0.665529
27.774220 -30.683887 -1553.304480 3989.991857 -0.593034 0.728471 0.342987 -0.350998 -0.617263 0.704121 -0.724645 -0.297180 -0.621750
2.167278 -99.165318 4489.792450 -3749.382712 0.778534 -0.588512 0.218033 -0.199132 0.097821 0.975078 0.595173 0.802549 0.041034
8.599800 -93.087582 6871.161942 -4623.401141 0.761617 -0.610461 0.217435 -0.121819 0.194679 0.973273 0.636475 0.767749 -0.073905
-6.787480 -99.924864 2473.764784 -3612.581811 0.794843 -0.586173 0.156927 -0.038691 0.209125 0.977123 0.605580 0.782731 -0.143542
-69.167997 -1005.871513 -1646.133286 310797.920506 0.670536 -0.717072 -0.190234 -0.623379 -0.405573 -0.668512 -0.402218 -0.566850 0.718959
-51.179128 -1080.108681 -9122.236821 -167824.023528 0.635167 -0.743051 -0.210803 0.669818 0.394017 0.629360 -0.384587 -0.540949 0.747976
-38.154789 -1202.948687 21661.701413 -491976.692051 -0.632824 0.766557 0.109202 0.240161 0.060241 0.968862 -0.736109 -0.639345 0.222218
-47.015625 -2055.921940 12270.539784 -884966.767337 0.723842 -0.661811 -0.195086 -0.685858 -0.720978 -0.098939 0.075174 -0.205418 0.975783
-39.858970 -839.726491 2367.703300 353154.891821 0.714044 -0.662491 -0.226377 -0.397394 -0.117326 -0.910117 -0.576385 -0.739824 0.347046
-44.399070 -757.217124 -1107.239182 -163107.040425 0.714866 -0.667614 -0.207985 -0.699072 -0.689257 -0.190325 0.016291 -0.281453 0.959437
-310.130161 -2452.979471 -85512.066668 3718035.842374 -0.489903 0.799936 0.346552 -0.434708 -0.568733 0.698264 -0.755661 -0.191433 -0.626362
-236.904927 -2956.623048 61436.976752 -1674334.890240 0.857562 -0.472433 -0.203455 0.504576 0.695759 0.511198 0.099951 0.541043 -0.835035
-238.174409 -5620.776120 66309.926478 -773448.135098 0.725406 -0.687243 0.038515 0.673521 0.697155 -0.245652 -0.141972 -0.204138 -0.968593
-1272.996238 -3677.733417 -91039.944488 -3693109.783774 0.674681 -0.636420 -0.373866 -0.228063 0.301989 -0.925630 -0.701993 -0.709769 -0.058603
-11.091722 -49.996621 3595.222057 804.906165 -0.312200 0.915924 0.252218 -0.798857 -0.396789 0.452090 -0.514158 0.060344 -0.855570
-12.848758 -52.237633 -826.035352 1082.784652 -0.306534 0.932781 0.189622 -0.857406 -0.357100 0.370586 -0.413390 0.048986 -0.909236
-13.348363 -49.595975 -1009.336406 915.042998 -0.306988 0.934587 0.179737 -0.795106 -0.355646 0.491245 -0.523034 -0.007896 -0.852275
-13.092525 -52.471734 1536.874325 835.732632 -0.301035 0.926848 0.224348 -0.874188 -0.362215 0.323414 -0.381017 0.098763 -0.919278
-13.150263 -47.253134 805.975210 1238.904066 -0.287582 0.935171 0.206766 -0.751654 -0.354167 0.556400 -0.593559 -0.004594 -0.804777
-5.863255 -51.140133 4774.257965 988.884367 -0.311708 0.910003 0.273371 -0.822777 -0.402408 0.401381 -0.475265 0.099809 -0.874163
-10.044901 -46.730413 6081.503550 1470.392807 -0.294931 0.914703 0.276288 -0.723892 -0.402629 0.560241 -0.623696 0.034770 -0.780893
-0.245073 -47.769191 6387.264742 1294.623168 -0.324353 0.894370 0.308053 -0.731590 -0.443621 0.517665 -0.599643 0.057462 -0.798202
0.345751 -93.450240 -2783.712599 -3639.383989 0.876631 -0.478247 0.052886 0.231252 0.515153 0.825312 0.421948 0.711265 -0.562195
-1.933564 -84.289400 -2100.567799 -4118.756614 0.872194 -0.486898 0.046983 0.334094 0.663107 0.669828 0.357293 0.568523 -0.741028
1.779610 -84.112879 -857.787143 -3694.778185 0.860640 -0.506995 0.047475 0.323011 0.615629 0.718794 0.393652 0.603288 -0.693600
-4.097087 -84.888070 -3232.882716 -4169.422642 0.879449 -0.472683 0.056042 0.277951 0.605551 0.745689 0.386411 0.640218 -0.663933
-6.696245 -93.322323 -4424.661177 -4138.803941 0.886659 -0.459427 0.052554 0.197133 0.478343 0.855761 0.418298 0.748408 -0.514696
-10.870904 -56.336277 -4022.161659 2710.021038 -0.530951 0.826726 0.186054 0.470590 0.470250 -0.746599 0.704724 0.308852 0.638728
-10.678723 -61.477061 -2516.344195 -1871.638885 -0.551367 0.815532 0.175789 0.573076 0.523375 -0.630605 0.606282 0.246955 0.755934
-8.028726 -59.276761 -3065.507802 33.930785 -0.520506 0.836491 0.171333 0.583042 0.494786 -0.644398 0.623807 0.235519 0.745249
-4.868708 -57.374390 -917.799647 1477.104115 -0.509173 0.847991 0.147156 0.527350 0.442513 -0.725316 0.680180 0.291708 0.672504
-8.429557 -55.360551 -2765.745349 2613.271108 -0.518576 0.838230 0.168668 0.428030 0.425266 -0.797458 0.740182 0.341348 0.579320
2.725842 -99.298901 2240.532544 5462.967782 -0.687145 0.726488 0.006810 0.570928 0.545759 -0.613342 0.449302 0.417567 0.789788
7.350459 -94.684398 4568.034462 5101.783780 -0.725012 0.688032 0.031130 0.529739 0.585956 -0.613214 0.440152 0.428097 0.789303
7.520501 -104.563983 2926.143191 4677.575673 -0.689224 0.724400 0.014657 0.642293 0.620216 -0.450325 0.335306 0.300961 0.892744
-64.148727 -82.000443 19719.570970 372.370518 -0.703672 0.659825 -0.263585 -0.325413 -0.629057 -0.705970 0.631626 0.410997 -0.657366
-37.370794 -47.620000 22173.070161 9596.077266 -0.551952 0.833750 0.014481 -0.608690 -0.390967 -0.690392 0.569953 0.389878 -0.723290
-4.417061 -70.105699 8259.647771 8830.259293 -0.440408 0.895495 0.064257 -0.610043 -0.245974 -0.753223 0.658702 0.370925 -0.654620
-22.396689 -132.128115 17231.487372 28263.849139 -0.474102 0.876758 0.080756 -0.538583 -0.216227 -0.814355 0.696531 0.429582 -0.574721
-153.464376 -177.602775 14129.656542 45990.403237 0.093810 0.732694 0.674062 -0.685614 0.538466 -0.489885 0.721896 0.416190 -0.552858
-54.084087 -82.551516 1954.333616 5323.049871 -0.033027 0.994221 0.102146 0.927247 0.068621 -0.368108 0.372990 -0.082557 0.924155
-40.136405 -76.575310 -4018.471143 3424.432037 0.353889 0.923107 -0.150454 0.860221 -0.384390 -0.335059 0.367128 0.010850 0.930107
-46.068967 -78.280332 -1593.073666 2554.402831 0.254744 0.965989 -0.044400 0.912979 -0.255390 -0.318190 0.318707 -0.040521 0.946987
-40.274004 -71.662766 -2469.190145 5798.497989 0.405798 0.880879 -0.243681 0.777080 -0.472885 -0.415363 0.481117 0.020807 0.876409
-38.040455 -59.443546 -596.121950 6063.996242 0.497265 0.783407 -0.372828 0.616771 -0.621423 -0.483143 0.610182 -0.010300 0.792195
-60.950457 -75.256999 -354.988332 12705.574270 0.786871 -0.019678 0.616804 0.498503 -0.568899 -0.654101 -0.363771 -0.822172 0.437841
-2.771958 -147.427977 1775.723754 -27300.653956 -0.287008 0.102836 -0.952392 0.910403 -0.279987 -0.304587 -0.297980 -0.954480 -0.013263
-4.554826 -112.756725 1107.677475 -19185.544055 -0.290768 0.093907 -0.952174 0.845150 -0.441308 -0.301610 -0.448525 -0.892428 0.048953
-6.663710 -118.203793 -58.979894 -16843.094704 -0.288052 0.062649 -0.955563 0.871541 -0.396314 -0.288707 -0.396790 -0.915975 0.059558
-11.519658 -56.580997 -2374.625274 1871.128249 -0.562071 -0.770573 0.300488 0.718211 -0.274551 0.639371 -0.410183 0.575186 0.707751
-14.145850 -62.738997 -1309.664769 -6722.148344 -0.536902 -0.787075 0.303727 0.640236 -0.145681 0.754238 -0.549395 0.599408 0.582130
-15.399901 -57.065056 -473.426857 3991.993304 -0.541705 -0.796496 0.268608 0.736755 -0.296071 0.607893 -0.404658 0.527197 0.747205
-6.450348 -60.921061 -3747.724180 -7062.313574 -0.595375 -0.741472 0.309431 0.611207 -0.168008 0.773434 -0.521493 0.649610 0.553220
-13.815209 -58.872274 -750.427125 9458.792949 -0.564208 -0.784070 0.258658 0.777744 -0.399582 0.485230 -0.277099 0.474940 0.835253
-8.905879 -59.114873 -3776.020092 9539.394962 -0.596134 -0.746988 0.294336 0.757954 -0.402675 0.513185 -0.264822 0.529020 0.806230
-6.045464 -54.564472 -4256.456164 3411.390092 -0.603020 -0.731439 0.318378 0.703241 -0.299013 0.645015 -0.376590 0.612853 0.694688
-10.231574 -55.122640 -3430.399248 -588.697457 0.620452 0.774127 -0.125564 0.600429 -0.571896 -0.558945 0.504504 -0.271407 0.819643
-12.956960 -54.869716 193.508806 -745.303291 0.576654 0.799631 -0.167514 0.621909 -0.562601 -0.544710 0.529810 -0.209931 0.821724
-12.017652 -52.560831 -556.730941 5636.074029 0.553671 0.822195 -0.132075 0.666254 -0.532519 -0.522043 0.499554 -0.201045 0.842631
-14.916581 -51.487300 1349.580887 5663.368407 0.517177 0.836522 -0.180996 0.685071 -0.531364 -0.498327 0.513036 -0.133728 0.847886
-14.975891 -53.064518 3602.518143 -613.107837 0.540679 0.816875 -0.200954 0.640176 -0.554519 -0.531680 0.545748 -0.158822 0.822760
2.754391 -72.280189 -171.064607 3049.728938 0.595083 0.687615 -0.416007 0.741680 -0.270538 0.613775 0.309495 -0.673791 -0.670983
4.789356 -73.345068 -177.073412 -1540.631394 0.583236 0.694723 -0.420946 0.797953 -0.393028 0.456947 0.152008 -0.602403 -0.783584
-1.337565 -148.233832 -644.182411 -3053.497729 0.408462 0.900562 0.148815 -0.323944 0.295446 -0.898761 0.853358 -0.318902 -0.412410
-0.043679 -145.074803 -236.389989 1985.039113 0.392172 0.910819 0.128878 -0.534614 0.339683 -0.773824 0.748591 -0.234571 -0.620151
-3.125813 -136.954809 -28.890189 -3488.421358 0.400224 0.900730 0.168837 -0.139621 0.242018 -0.960174 0.905719 -0.360711 -0.222622
-0.242847 -86.500938 944.507064 2605.505787 0.072965 0.983518 0.165433 0.879954 0.014588 -0.474835 0.469422 -0.180220 0.864386
4.170964 -84.583344 3490.733712 5829.176220 0.059077 0.988468 0.139433 0.909086 0.004431 -0.416585 0.412399 -0.151367 0.898340
15.088220 -48.461899 -7731.232210 -441.913193 0.604810 -0.739783 0.294832 0.720522 0.350638 -0.598249 0.339195 0.574260 0.745099
5.812566 -47.652799 -7429.525926 58.810504 0.577017 -0.752361 0.317812 0.776070 0.383822 -0.500397 0.254495 0.535382 0.805356
-2.736867 -47.254084 -6314.727003 -173.095844 0.565016 -0.760376 0.320289 0.759695 0.327990 -0.561503 0.321902 0.560580 0.762974
3.150126 -47.940440 -7575.558092 -214.169342 0.596123 -0.740577 0.310132 0.697482 0.286339 -0.656909 0.397689 0.607910 0.687233
20.229452 -46.095753 6783.253038 3402.508345 0.457682 0.810958 -0.364518 0.837680 -0.255878 0.482513 0.298026 -0.526187 -0.796434
9.169304 -54.530373 3126.489430 6393.337723 0.438494 0.815311 -0.378142 0.855306 -0.249359 0.454172 0.275998 -0.522578 -0.806683
-0.028857 -103.658832 370.002283 2955.547469 0.318638 0.946268 0.055191 -0.650720 0.260713 -0.713157 0.689227 -0.191325 -0.698828
-0.098435 -109.029430 823.870331 2120.961439 0.321402 0.945867 0.045123 -0.653727 0.256104 -0.712076 0.685086 -0.199365 -0.700651
0.697623 -97.577962 -467.270434 3306.917508 0.309794 0.950665 0.016256 -0.767021 0.259981 -0.586591 0.561877 -0.169254 -0.809720
-0.847063 -111.294211 22.519642 819.215473 0.337672 0.938049 0.077731 -0.451094 0.233754 -0.861321 0.826131 -0.255780 -0.502081
-2.545289 -98.473825 -960.776225 3461.162761 0.295967 0.954425 0.038435 -0.783456 0.265575 -0.561843 0.546444 -0.136175 -0.826351
-4.021802 -102.325958 -1860.968703 1556.631797 0.333414 0.941232 0.054017 -0.590318 0.253096 -0.766464 0.735092 -0.223663 -0.640012
17.152091 -113.512260 -3135.738841 -1217.622571 -0.283853 -0.060933 -0.956930 -0.146956 0.988953 -0.019381 0.947540 0.135125 -0.289672
22.681166 -95.855220 -4469.630859 3091.894128 -0.298198 -0.078947 -0.951234 -0.130137 0.990630 -0.041421 0.945591 0.111440 -0.305678
22.035008 -97.839724 -825.139861 77.291554 -0.358915 -0.086281 -0.929374 -0.153577 0.987606 -0.032377 0.920649 0.131110 -0.367718
18.901085 -49.140670 -8767.929224 42.063249 -0.035841 0.165074 -0.985630 -0.507188 0.846803 0.160266 0.861090 0.505644 0.053373
9.925639 -46.490425 -7448.819972 -529.989241 -0.029060 0.183533 -0.982584 -0.512172 0.841420 0.172313 0.858391 0.508259 0.069549
16.125790 -49.326797 -8385.650041 -1068.322273 -0.049047 0.210176 -0.976433 -0.582799 0.787906 0.198870 0.811135 0.578818 0.083846
26.727286 -52.995697 -4771.179341 -17.770479 -0.094437 0.148406 -0.984407 -0.568973 0.803368 0.175696 0.816916 0.576693 0.008572
9.065462 -51.370568 -7772.595839 -1839.686156 -0.071440 0.246544 -0.966495 -0.666147 0.709405 0.230202 0.742391 0.660274 0.113554
49.324687 -461.905952 -11972.054124 -17188.164072 -0.333152 -0.165613 -0.928215 0.792051 0.484934 -0.370803 0.511533 -0.858727 -0.030382
37.995138 -586.812476 -4882.265185 138670.213293 -0.358654 -0.010027 -0.933417 0.504452 0.839275 -0.202845 0.785427 -0.543615 -0.295951
48.623050 -484.626274 -1524.872725 -27617.627888 -0.399885 0.080803 -0.912996 0.763709 0.580149 -0.283154 0.506794 -0.810493 -0.293703
45.207778 -833.709417 -2165.783663 -320120.640382 -0.416972 -0.220554 -0.881754 0.907457 -0.156035 -0.390097 -0.051547 -0.962813 0.265205
26.068645 -397.509882 -12399.415218 -55448.329464 -0.333083 -0.293530 -0.896045 0.914500 0.130903 -0.382825 0.229665 -0.946945 0.224831
68.343140 -565.905729 -8345.478741 -141900.249105 -0.369786 -0.068149 -0.926614 0.925345 0.062763 -0.373896 0.083637 -0.995699 0.039853
1.365035 -281.867837 -813.308310 25409.889830 0.088408 -0.224938 0.970354 0.954920 0.296297 -0.018317 -0.283393 0.928230 0.240993
-2.763909 -370.698338 6567.461423 49443.383632 0.170770 -0.238064 0.956119 0.952319 0.288882 -0.098163 -0.252836 0.927293 0.276045
-9.600729 -237.543484 4123.190217 22556.165137 0.295162 -0.228260 0.927781 0.846588 -0.387658 -0.364706 0.442909 0.893095 0.078821
-12.887052 -290.026751 5111.130918 35141.475496 0.256717 -0.192327 0.947157 0.959635 -0.065763 -0.273453 0.114880 0.979125 0.167682
