15610
31207
-17.053057 -29.132400 331.701139 -1867.092784 0.674409 0.681678 0.283704 -0.039049 0.416628 -0.908238 0.737324 -0.601446 -0.307597
-23.908331 -36.928799 -56.360010 -1680.503973 -0.680343 -0.537841 -0.497856 0.037169 0.653107 -0.756353 0.731951 -0.533084 -0.424346
-19.285051 -32.963249 -160.161658 -2461.642680 -0.625442 -0.554883 -0.548568 0.151085 0.603620 -0.782826 0.765504 -0.572492 -0.293695
-19.926106 -30.509277 -25.164052 -1492.980801 0.700092 0.709553 0.080036 -0.213503 0.314969 -0.924776 0.681387 -0.630340 -0.371999
-15.261837 -25.277980 1183.671156 -1885.233387 0.595743 0.590207 0.544744 0.225800 0.527810 -0.818798 0.770782 -0.610796 -0.181171
-15.645282 -24.053300 142.757601 -1137.782917 0.660127 0.749900 -0.043388 -0.217619 0.135643 -0.966562 0.718940 -0.647496 -0.252734
-21.206679 -36.651181 -786.661443 179.932031 0.481403 0.845423 0.231323 0.856202 -0.510050 0.082263 -0.187533 -0.158458 0.969393
-20.677331 -38.616798 -42.137275 -491.377034 0.462227 0.833329 0.303165 0.844567 -0.517910 0.135926 -0.270284 -0.193215 0.943194
-21.018279 -38.071014 390.385431 -143.405853 -0.509192 -0.827962 -0.234951 0.856015 -0.515514 -0.038516 -0.089231 -0.220734 0.971244
-17.057981 -37.003130 -552.233471 -74.251991 -0.585483 -0.802837 -0.112522 0.810460 -0.582919 -0.057960 -0.019059 -0.125129 0.991957
-5.802740 -18.409460 2142.459919 310.241639 0.087405 0.819157 0.566871 0.594696 0.413616 -0.689390 0.799185 -0.397372 0.450998
-6.181051 -19.833488 1824.716620 -402.493595 0.195244 0.867915 0.456731 0.670434 0.221784 -0.708047 0.715820 -0.444450 0.538578
-12.214316 -17.578384 -285.807089 168.966035 0.228247 0.815952 0.531156 0.605296 0.308382 -0.733837 0.762574 -0.489003 0.423505
-11.494535 -16.259830 346.001621 30.473740 0.036715 -0.552023 -0.833020 0.558228 0.702731 -0.441080 0.828875 -0.448821 0.333955
-7.100637 -17.384344 -1220.497414 718.438122 0.037775 -0.661549 -0.748950 0.498861 0.661896 -0.559492 0.865858 -0.352487 0.355024
5.783791 -40.980218 219.829739 -2140.948026 -0.432918 0.872037 -0.228326 0.873793 0.468201 0.131429 -0.221513 0.142612 0.964673
3.837815 -33.757225 205.497013 -1681.233480 -0.488256 0.838984 -0.240232 0.802659 0.539772 0.253742 -0.342556 0.068933 0.936965
2.847857 -41.560944 487.102985 -2269.081078 -0.461377 0.850470 -0.252651 0.846787 0.507099 0.160633 -0.264732 0.139829 0.954130
6.628640 -34.201901 486.086277 -1710.575055 -0.448356 0.866709 -0.218615 0.840206 0.492103 0.227791 -0.305010 0.081550 0.948851
5.554363 -51.871015 -845.372163 -3277.950175 0.410233 -0.879121 0.242601 0.903298 0.428307 0.024612 -0.125545 0.209045 0.969814
10.192799 -45.822408 -1324.867055 -2352.418935 0.379688 -0.896034 0.230133 0.916995 0.397410 0.034419 -0.122298 0.197962 0.972550
9.347120 -37.829846 1155.803785 -1441.072887 -0.401414 0.888845 -0.220954 0.891858 0.434242 0.126585 -0.208462 0.146246 0.967034
14.845133 -22.954959 2103.339343 -319.133016 -0.332126 -0.215371 -0.918318 0.941419 -0.136077 -0.308567 -0.058505 -0.967005 0.247949
15.211991 -21.760993 1926.671937 -245.809412 -0.294061 -0.233572 -0.926808 0.944370 -0.220429 -0.244081 -0.147285 -0.947024 0.285398
20.668483 -23.787675 1884.686866 -320.368185 -0.308230 -0.282194 -0.908494 0.949915 -0.143035 -0.277854 -0.051537 -0.948634 0.312148
-1.269924 -33.267873 105.098234 -27.572966 -0.520412 -0.805593 -0.283181 0.813304 -0.366559 -0.451854 0.260208 -0.465462 0.845953
-0.795558 -32.804779 115.510658 62.451368 -0.495265 -0.815608 -0.299160 0.769977 -0.252642 -0.585925 0.402304 -0.520534 0.753124
-1.256267 -34.736096 -58.047929 23.512683 -0.528870 -0.806880 -0.263136 0.803978 -0.376992 -0.459887 0.271873 -0.454776 0.848094
-0.080643 -31.660063 215.739782 95.795523 -0.483827 -0.816380 -0.315335 0.780861 -0.239995 -0.576765 0.395180 -0.525287 0.753595
-1.625169 -34.500145 -19.369651 -9.978930 -0.557937 -0.789469 -0.255823 0.820054 -0.477174 -0.315939 0.127352 -0.386063 0.913640
-1.613229 -33.107204 108.557171 -62.234844 -0.550027 -0.789367 -0.272708 0.827499 -0.471028 -0.305576 0.112759 -0.393741 0.912279
-0.389583 -31.853443 178.038777 -35.478010 -0.508097 -0.808355 -0.297321 0.824396 -0.356469 -0.439660 0.249415 -0.468500 0.847526
0.538520 -55.189016 60.772197 3588.640516 0.207998 0.787263 0.580477 -0.660260 0.550856 -0.510504 0.721660 0.277082 -0.634375
0.275620 -65.321353 34.211238 3454.394168 0.195409 0.802888 0.563193 -0.507522 0.574176 -0.642451 0.839188 0.160293 -0.519683
0.235696 -51.321693 34.694099 3638.158197 0.210351 0.784921 0.582796 -0.684224 0.543994 -0.485703 0.698276 0.296595 -0.651492
0.684105 -69.283065 78.738802 3712.675432 0.190569 0.806334 0.559919 -0.502497 0.570107 -0.649981 0.843315 0.157491 -0.513825
0.494271 -45.334294 73.316395 2589.876381 0.235903 0.764521 0.599882 -0.773798 0.521212 -0.359965 0.587866 0.379271 -0.714540
0.947611 -58.107887 104.935904 3741.925927 0.206597 0.787682 0.580409 -0.676219 0.543678 -0.497133 0.707139 0.289778 -0.644968
5.871467 -31.791790 564.281364 -1612.475711 0.599597 0.759801 0.251369 0.751759 -0.642450 0.148713 -0.274484 -0.099801 0.956398
2.777054 -35.013583 -413.792407 -967.062465 -0.591317 -0.772245 -0.232338 0.792998 -0.609189 0.006586 -0.146624 -0.180349 0.972613
6.053552 -36.407014 -556.284368 -1205.408253 -0.581383 -0.772243 -0.256191 0.797341 -0.603453 0.009568 -0.161988 -0.198710 0.966579
-1.268555 -26.342446 52.020528 -103.254022 -0.661344 -0.736735 -0.140879 0.705224 -0.546748 -0.451360 0.255507 -0.397855 0.881151
-2.314299 -25.845277 -78.596884 129.027957 0.727079 0.677589 0.110587 0.619544 -0.578139 -0.530962 0.295840 -0.454565 0.840149
-3.677877 -26.563034 3.714499 124.135871 -0.630872 -0.757775 -0.166667 0.664271 -0.416508 -0.620697 0.400930 -0.502293 0.766131
13.242640 -31.299395 1304.706992 -2678.425794 0.308828 0.951006 -0.014610 0.011280 -0.019022 -0.999755 0.951051 -0.308587 0.016602
15.479519 -30.301792 741.008574 -1822.567708 0.373517 0.927516 0.014085 0.013543 0.009730 -0.999861 0.927524 -0.373656 0.008927
14.732814 -22.865731 712.409082 -2409.544150 0.346017 0.938223 0.002955 0.103754 -0.035134 -0.993982 0.932474 -0.344242 0.109501
14.658536 -24.184010 1400.989835 -366.265100 -0.230499 -0.596062 -0.769143 0.872887 0.222669 -0.434151 0.430045 -0.771446 0.468969
12.113191 -25.264709 1071.653325 -392.657169 -0.235827 -0.593045 -0.769859 0.812933 0.313679 -0.490658 0.532471 -0.741555 0.408132
11.725417 -24.459906 1384.889814 -273.536610 -0.241715 -0.545460 -0.802526 0.859773 0.263026 -0.437731 0.449849 -0.795796 0.405395
14.802780 -25.197045 -32.364284 -533.735788 -0.227890 -0.655063 -0.720387 0.822455 0.266519 -0.502529 0.521185 -0.707008 0.478023
12.678423 -23.672586 1983.870810 -42.041466 -0.248738 -0.546521 -0.799652 0.902426 0.169097 -0.396275 0.351792 -0.820195 0.451134
15.682279 -23.388046 1126.665925 -68.536787 -0.227345 -0.605504 -0.762679 0.912938 0.140042 -0.383317 0.338907 -0.783424 0.520950
17.350278 -24.001060 -117.132992 -540.370466 -0.218281 -0.665637 -0.713639 0.882140 0.178156 -0.435993 0.417352 -0.724698 0.548297
-5.443830 -94.644194 207.141144 -5791.853912 0.375276 -0.901178 0.216902 0.916597 0.325980 -0.231490 0.137908 0.285685 0.948349
-4.670593 -76.992410 101.847823 -5298.790089 0.402641 -0.886982 0.226147 0.913278 0.405918 -0.033967 -0.061669 0.220211 0.973501
-5.644873 -77.842573 230.998106 -4983.290971 0.416367 -0.887190 0.198830 0.903886 0.427517 0.014788 -0.098123 0.173562 0.979922
-5.606822 -98.785043 -341.791822 -4742.010115 0.387123 -0.896426 0.215768 0.918086 0.353149 -0.180011 0.085169 0.267780 0.959708
-4.864121 -107.551646 -87.497997 -1176.604256 -0.358344 0.909591 -0.210317 0.847855 0.222769 -0.481160 0.390807 0.350739 0.851030
-0.876154 -53.774167 -54.746023 1055.457989 -0.525654 0.786391 -0.324465 -0.451632 -0.581193 -0.676937 0.720914 0.209295 -0.660665
-0.989837 -56.463149 -153.927205 1245.787815 -0.507675 0.811113 -0.290451 -0.353175 -0.503428 -0.788561 0.785833 0.297753 -0.542043
-0.793680 -57.521146 -56.279670 1537.590460 -0.523874 0.787973 -0.323503 -0.457363 -0.580611 -0.673580 0.718593 0.204913 -0.664557
-1.398288 -51.514889 23.416701 902.825341 -0.516893 0.803833 -0.294404 -0.350034 -0.512308 -0.784230 0.781216 0.302312 -0.546177
-0.791640 -53.805260 -14.332813 863.939653 -0.540600 0.765986 -0.347877 -0.547131 -0.634229 -0.546261 0.639062 0.104974 -0.761958
-1.109343 -50.478187 20.200273 264.929072 -0.532451 0.780825 -0.326816 -0.439366 -0.584956 -0.681751 0.723501 0.219407 -0.654528
-0.801951 -51.912058 -66.774010 145.869668 -0.538592 0.768382 -0.345699 -0.539092 -0.629582 -0.559470 0.647532 0.114962 -0.753316
-3.916369 -54.019565 -272.971035 -2418.488794 -0.472336 0.821350 -0.319815 -0.772727 -0.560420 -0.298031 0.424019 -0.106359 -0.899386
-4.006909 -63.462354 -359.425862 -3696.846548 -0.509271 0.792114 -0.336449 -0.809897 -0.573335 -0.123910 0.291049 -0.209385 -0.933514
-4.882290 -50.876386 68.813571 -2909.149494 -0.480755 0.827205 -0.290871 -0.783169 -0.554267 -0.281841 0.394360 -0.092305 -0.914308
8.894488 -11.177653 716.496202 131.939527 -0.518258 0.724200 -0.454909 0.794818 0.604221 0.056398 0.315709 -0.332342 -0.888750
9.465118 -10.259991 200.332159 221.240975 -0.619972 0.615988 -0.485997 0.705560 0.708647 -0.001870 0.343249 -0.344059 -0.873958
4.392829 -10.014645 560.154381 -336.340121 -0.482187 0.747114 -0.457512 -0.791994 -0.594984 -0.136896 0.374489 -0.296337 -0.878603
2.489640 -11.609766 505.650684 -109.844171 -0.319693 0.850892 -0.416869 -0.872796 -0.435698 -0.219985 0.368813 -0.293514 -0.881945
7.997776 -12.776056 -28.585063 14.244441 -0.378619 0.819943 -0.429349 0.873331 0.470108 0.127640 0.306498 -0.326637 -0.894073
7.214190 -24.501184 4162.090648 388.474444 -0.099749 0.984125 -0.146793 -0.942913 -0.140604 -0.301904 0.317751 -0.108298 -0.941969
13.361616 -23.794198 5595.419120 761.170738 -0.178766 0.970010 -0.164691 -0.954452 -0.211610 -0.210340 0.238882 -0.119588 -0.963657
14.902024 -21.998382 4025.370888 465.071430 -0.090836 0.975508 -0.200333 -0.919153 -0.159548 -0.360142 0.383284 -0.151423 -0.911134
15.762050 -20.339713 1672.654004 135.063055 -0.057950 0.971275 -0.230794 -0.876664 -0.160109 -0.453680 0.477600 -0.176038 -0.860760
10.842719 -21.942948 2603.095412 -700.789663 -0.049489 0.980409 -0.190654 -0.897513 -0.127403 -0.422183 0.438202 -0.150222 -0.886235
0.331419 -179.386643 347.512222 19316.888027 -0.391757 0.911851 -0.122700 0.578505 0.140421 -0.803501 0.715443 0.385759 0.582521
1.289313 -141.440900 -256.129110 22033.451464 -0.356547 0.926465 -0.120568 0.255952 -0.027251 -0.966305 0.898534 0.375393 0.227414
1.376486 -142.237335 -629.434896 15429.847440 -0.351299 0.927522 -0.127639 0.488936 0.065481 -0.869859 0.798455 0.367988 0.476502
9.507601 -26.935992 518.653330 145.964480 -0.333556 -0.583848 -0.740177 0.933260 -0.315510 -0.171695 -0.133290 -0.748048 0.650122
11.657937 -25.980005 1117.038849 464.401137 -0.306643 -0.609086 -0.731426 0.944876 -0.287474 -0.156739 -0.114798 -0.739170 0.663663
11.112351 -26.918261 1541.114231 635.620112 -0.304685 -0.589355 -0.748216 0.951432 -0.224704 -0.210442 -0.044102 -0.775995 0.629195
9.668012 -27.023141 1016.735067 254.200965 -0.315871 -0.570525 -0.758108 0.947958 -0.223468 -0.226799 -0.040019 -0.790293 0.611420
11.038176 -26.877828 -504.814981 -195.903713 -0.314777 -0.586973 -0.745908 0.939334 -0.305459 -0.156031 -0.136258 -0.749772 0.647515
11.674003 -26.060223 -412.785698 -693.220068 -0.312821 -0.598935 -0.737170 0.917859 -0.390242 -0.072433 -0.244292 -0.699277 0.671814
-7.493576 -18.782577 -560.045038 21.305444 0.559749 -0.244320 0.791826 -0.344166 0.800692 0.490349 -0.753811 -0.546992 0.364100
-8.855143 -18.509211 -538.230454 232.427415 0.621541 -0.335822 0.707751 -0.305186 0.728278 0.613574 -0.721490 -0.597357 0.350166
-11.034063 -15.980891 -596.860554 -240.176920 0.573005 -0.152325 0.805272 -0.386402 0.816297 0.429362 -0.722744 -0.557186 0.408884
-6.752846 -21.504450 -311.877541 617.556073 0.617371 -0.366996 0.695821 -0.320596 0.690352 0.648562 -0.718381 -0.623481 0.308546
-24.537174 -38.471753 -1379.158673 455.338151 0.196534 0.940748 -0.276347 -0.516830 -0.140115 -0.844544 0.833223 -0.308806 -0.458670
-23.557979 -35.852613 -1886.188500 1004.958708 0.268990 0.950117 -0.157869 -0.647974 0.057252 -0.759507 0.712582 -0.306595 -0.631052
-27.426582 -39.044932 -1325.919548 631.714307 0.085597 0.951670 -0.294952 -0.572264 -0.195374 -0.796456 0.815590 -0.236965 -0.527883
-28.501341 -41.068507 -918.746155 469.802669 0.018228 0.907837 -0.418926 -0.437988 -0.369404 -0.819578 0.898796 -0.198424 -0.390888
-31.172783 -42.425899 -635.882072 598.829211 -0.132338 0.906104 -0.401823 -0.495992 -0.411520 -0.764620 0.858183 -0.098113 -0.503880
-7.140613 -15.513604 -614.554474 569.413389 -0.412530 0.551723 -0.724859 -0.144426 0.746046 0.650044 0.899422 0.372851 -0.228083
-5.184549 -16.724046 -431.514125 472.551402 -0.386334 0.524887 -0.758445 -0.112263 0.789417 0.603505 0.915501 0.318300 -0.246054
-8.682302 -17.606916 -635.602801 304.685361 -0.428963 0.606988 -0.668997 -0.049820 0.723571 0.688449 0.901947 0.328649 -0.280145
-3.195303 -13.637104 -533.507914 670.993996 -0.353238 0.410955 -0.840440 -0.219900 0.836711 0.501556 0.909322 0.361981 -0.205189
-11.176202 -17.101258 -582.797783 -418.087517 -0.476396 0.701549 -0.529977 0.006894 -0.599774 -0.800140 0.879204 0.384837 -0.280894
-4.732002 -11.865159 -801.556362 808.559541 -0.351545 0.382141 -0.854625 -0.282548 0.827014 0.486019 0.892515 0.412330 -0.182760
-9.639616 -14.208509 -659.572799 795.872694 -0.463019 0.628488 -0.624992 -0.125042 0.651762 0.748044 0.877484 0.424509 -0.223191
-1893.525939 -2058.500568 496609.065468 763426.585533 -0.306366 0.907746 -0.286595 -0.861375 -0.392515 -0.322436 0.405183 -0.148082 -0.902163
-646.074236 -1096.187792 -68428.886193 426774.565135 0.557925 0.816945 -0.146012 -0.661546 0.331580 -0.672616 0.501076 -0.471863 -0.725444
-584.419826 -626.985426 -103617.248712 -185187.851072 0.663211 0.525906 -0.532517 0.743294 -0.546054 0.386445 -0.087549 -0.652111 -0.753051
-2228.654299 -21171.977671 573619.146747 -7536454.161787 -0.558993 0.816902 -0.142122 0.829047 0.547653 -0.112950 -0.014435 -0.180964 -0.983384
10.484319 -142.486681 -1660.837729 -17227.883947 0.993322 -0.092805 -0.068552 -0.004648 0.561478 -0.827478 -0.115285 -0.822271 -0.557297
12.576460 -117.461136 -1611.083466 -14759.654387 0.994711 -0.100939 -0.019006 0.014072 0.317219 -0.948248 -0.101745 -0.942965 -0.316962
23.551597 -142.994163 -2517.947171 -14363.754486 0.997375 -0.064881 -0.032159 0.016265 0.633471 -0.773595 -0.070564 -0.771041 -0.632863
12.062370 -138.624211 -1095.557466 -6225.102017 0.995102 -0.074543 -0.064929 0.031068 0.859347 -0.510449 -0.093847 -0.505932 -0.857453
39.673811 -20.662311 6627.522156 626.474574 -0.761439 -0.547293 -0.347393 -0.495931 0.836932 -0.231513 0.417450 -0.004000 -0.908691
15.148259 -25.693378 2823.772103 853.186895 -0.668476 -0.686533 -0.286028 -0.596222 0.724572 -0.345710 0.444589 -0.060562 -0.893685
30.348966 -23.154687 5446.989785 784.016724 -0.711485 -0.611584 -0.346055 -0.485830 0.783922 -0.386569 0.507699 -0.106914 -0.854875
-6.216776 -22.269373 5925.769314 1141.135361 0.860276 -0.508719 -0.033609 0.427180 0.683267 0.592169 0.278283 0.523786 -0.805113
-12.925393 -24.397656 -1520.283476 -1177.590599 -0.596716 0.714232 0.365790 0.788242 0.436301 0.433954 0.150350 0.547278 -0.823336
-12.415229 -22.581328 -302.541669 -4242.698871 0.959889 0.084000 0.267501 -0.199982 0.873827 0.443208 0.196520 0.478926 -0.855576
-6.111167 -20.834280 -4552.892645 -511.619151 -0.430067 0.791735 0.433817 0.870773 0.236932 0.430834 0.238322 0.563044 -0.791318
-13.994238 -27.267689 1170.475272 -2687.170853 0.924319 0.136193 0.356490 -0.328187 0.760399 0.560434 0.194748 0.635016 -0.747548
-10.859151 -17.195949 2485.598967 -1337.349402 0.959476 -0.175849 0.220188 -0.002497 0.776052 0.630664 0.281779 0.605657 -0.744165
-7.055986 -21.467864 -366.469739 2101.303609 0.813759 0.517117 0.265303 -0.363087 0.095878 0.926809 -0.453832 0.850528 -0.265780
-8.560714 -30.209038 -518.013255 2862.907866 0.776503 0.536810 0.329967 -0.462448 0.129804 0.877093 -0.428001 0.833658 -0.349040
-3.567256 -20.443731 -754.657231 1640.649646 0.789976 0.566396 0.234806 -0.378438 0.149104 0.913539 -0.482414 0.810533 -0.332134
-11.357595 -31.064793 64.225523 2587.105847 0.790781 0.497200 0.357013 -0.462067 0.102364 0.880917 -0.401446 0.861576 -0.310688
-2.163937 -14.170716 -1061.255508 1789.307343 0.864045 0.503118 -0.017305 -0.101952 0.208547 0.972684 -0.492983 0.838678 -0.231488
-11.022925 -24.718280 -340.094971 1308.670528 0.791962 0.495521 0.356728 -0.440178 0.058473 0.896005 -0.423130 0.866626 -0.264426
-4.782561 -16.673798 -1186.300241 -102.927522 0.876924 0.462276 -0.131551 0.015135 0.247009 0.968895 -0.480391 0.851638 -0.209611
-25.746512 -45.899559 -1284.374413 440.648653 -0.697780 0.660883 -0.276291 -0.317070 -0.630835 -0.708176 0.642316 0.406548 -0.649730
-27.538069 -45.695876 -795.968043 -1535.428331 -0.731355 0.652068 -0.199817 0.423884 0.664137 0.615828 0.534268 0.365690 -0.762121
-28.697262 -47.212434 -490.774593 -386.374177 -0.766575 0.607964 -0.206743 0.293277 0.617874 0.729534 0.571272 0.498610 -0.651949
-5.339016 -21.010391 488.997725 -239.306525 0.050450 0.621591 0.781716 0.277251 0.743232 -0.608883 -0.959472 0.247449 -0.134840
-4.764237 -22.597184 568.040267 -255.076766 0.073473 0.649883 0.756475 0.397582 0.676555 -0.619840 -0.914620 0.346302 -0.208673
-7.979276 -22.224246 380.541834 -225.347909 0.002385 0.616745 0.787160 0.296608 0.751302 -0.589549 -0.954996 0.234884 -0.181140
-8.122831 -20.881217 259.953980 -136.620734 -0.013234 0.553372 0.832829 0.161525 0.823146 -0.544371 -0.986780 0.127319 -0.100277
-5.680860 -19.760632 531.602141 -161.401695 0.040891 0.565775 0.823545 0.156944 0.810366 -0.564513 -0.986761 0.152334 -0.055658
-1.858604 -9.325923 -279.638964 -366.267835 0.028605 0.736774 0.675534 0.999435 -0.009154 -0.032336 -0.017640 0.676078 -0.736619
-1.300404 -11.337814 -270.220145 -500.164762 0.043222 0.735081 0.676600 0.998533 -0.053893 -0.005237 0.032615 0.675834 -0.736332
0.308026 -9.075003 -594.110551 -411.655226 0.031565 0.747950 0.663004 0.999297 -0.010195 -0.036075 -0.020223 0.663677 -0.747746
0.213381 -7.826173 -647.347752 -198.941591 0.094860 0.749188 0.655529 0.993391 -0.028498 -0.111182 -0.064615 0.661744 -0.746941
2.649507 -7.377070 -660.960401 -113.825704 0.106869 0.750106 0.652626 0.992244 -0.038546 -0.118178 -0.063490 0.660193 -0.748408
2.453874 -8.800016 -689.276241 -429.361053 0.047122 0.751184 0.658409 0.998626 -0.020285 -0.048328 -0.022947 0.659781 -0.751107
-8.256140 -57.825580 -133.492832 214.431214 0.135570 -0.424463 -0.895238 0.546291 0.785840 -0.289866 0.826551 -0.449763 0.338417
-7.900110 -54.633154 355.179122 -159.582074 0.075698 -0.403373 -0.911899 0.555443 0.776555 -0.297396 0.828102 -0.483996 0.282834
-8.121384 -53.377928 279.990747 1630.853439 0.105194 -0.380223 -0.918893 0.356596 0.876992 -0.322062 0.928318 -0.293794 0.227840
-7.833636 -55.466010 385.266152 -1303.365858 0.061587 -0.423635 -0.903737 0.719686 0.646219 -0.253877 0.691563 -0.634771 0.344682
-7.871452 -58.732937 -8.278904 -985.235501 0.110977 -0.444783 -0.888736 0.736777 0.636969 -0.226780 0.666966 -0.629633 0.398395
-1.850549 -46.774110 -283.112669 -422.929865 0.075180 -0.585667 -0.807057 0.947705 0.293711 -0.124859 0.310168 -0.755465 0.577121
-1.964321 -44.649154 -274.671535 -564.340868 0.057264 -0.586866 -0.807657 0.987434 0.152645 -0.040906 0.147291 -0.795165 0.588232
-4.245328 -45.457954 -412.314683 -477.792076 0.078355 -0.577747 -0.812446 0.945968 0.300303 -0.122319 0.314649 -0.758964 0.570061
-0.316612 -46.881686 -124.690652 -226.932045 0.045999 -0.585693 -0.809227 0.986018 0.156507 -0.057226 0.160167 -0.795280 0.584702
-4.080347 -49.961999 -414.319494 -826.431728 0.096592 -0.570456 -0.815629 0.880165 0.431577 -0.197612 0.464735 -0.698800 0.543782
-1.714089 -51.313911 -260.362978 -1239.377405 0.095260 -0.576874 -0.811259 0.887507 0.418315 -0.193244 0.450839 -0.701590 0.551829
-0.245489 -49.056763 -128.150021 -364.947006 0.069100 -0.582378 -0.809976 0.947105 0.293359 -0.130128 0.313397 -0.758140 0.571844
-15.587489 -33.433944 -1584.135305 -243.555173 0.698325 0.017519 -0.715566 0.632729 0.452294 0.628558 -0.334658 0.891697 -0.304764
-14.033782 -30.372240 -1404.482540 -872.937615 0.749038 0.082250 -0.657402 0.513835 0.554260 0.654804 -0.418229 0.828269 -0.372899
-9.325641 -29.485462 -1130.490514 -427.931490 0.677180 0.060799 -0.733301 0.613112 0.504398 0.608010 -0.406842 0.861328 -0.304292
-19.766884 -33.765302 -1569.954102 -571.626088 0.783999 0.034300 -0.619814 0.510909 0.531469 0.675657 -0.352587 0.846383 -0.399147
-20.360670 -35.263671 -1430.354936 -431.172238 0.761173 -0.018623 -0.648281 0.579659 0.467859 0.667161 -0.290880 0.883607 -0.366917
-20.814455 -35.725797 -1293.939276 -77.049431 0.727031 -0.072476 -0.682769 0.650197 0.392187 0.650717 -0.220612 0.917026 -0.332256
16.847261 -24.266410 649.598992 -252.411717 -0.937795 0.048819 -0.343741 0.006910 0.992493 0.122106 0.347122 0.112135 -0.931092
14.171755 -26.417172 1070.419137 -1263.247244 -0.949708 -0.067136 -0.305857 -0.123483 0.977888 0.168778 0.287763 0.198058 -0.936998
13.076550 -22.014969 1823.864221 -66.576817 -0.952302 0.036310 -0.302990 0.004661 0.994511 0.104532 0.305123 0.098134 -0.947243
17.129004 -23.858349 707.877269 447.360460 -0.928413 0.109789 -0.354959 0.097769 0.993866 0.051684 0.358456 0.013280 -0.933452
17.207504 -24.176510 24.703343 485.035929 -0.914835 0.116632 -0.386618 0.098086 0.992891 0.067431 0.391734 0.023766 -0.919771
15.899989 -25.231531 -1224.032381 -691.208509 -0.898786 0.096243 -0.427692 0.061909 0.993692 0.093508 0.433994 0.057566 -0.899075
4.292678 -59.649019 -164.918598 -2593.611925 0.105727 -0.477912 -0.872022 -0.638067 0.639994 -0.428110 0.762688 0.601671 -0.237275
5.687443 -58.702239 -173.089807 -1791.151114 0.116258 -0.545405 -0.830071 -0.472553 0.704712 -0.529221 0.873601 0.453778 -0.175805
4.139425 -51.985192 -257.782371 -113.084415 0.159085 -0.515597 -0.841933 -0.504533 0.690566 -0.518233 0.848610 0.507226 -0.150277
1.791324 -44.294203 72.409527 -78.900518 0.011399 0.283811 0.958813 0.940945 -0.327517 0.085759 0.338367 0.901213 -0.270784
1.112946 -42.544443 178.080680 -51.885242 0.004367 0.268822 0.963180 0.953618 -0.291030 0.076902 0.300987 0.918170 -0.257625
1.320964 -43.570144 59.383422 -89.797120 0.042338 0.278552 0.959487 0.993689 -0.111587 -0.011452 0.103876 0.953917 -0.281519
-0.341533 -46.701921 450.539847 -281.138296 -0.061787 -0.454265 -0.888721 0.886589 0.383982 -0.257909 0.458412 -0.803866 0.379021
1.697816 -44.846407 313.041887 -642.098896 -0.065952 -0.466574 -0.882020 0.865015 0.413892 -0.283622 0.497392 -0.781666 0.376296
-1.294423 -48.750707 446.814789 -868.526103 -0.031962 -0.437530 -0.898636 0.789806 0.539942 -0.290979 0.612523 -0.719048 0.328306
-4.337565 -51.107782 546.260463 -845.959522 -0.008376 -0.431810 -0.901926 0.817432 0.516556 -0.254900 0.575964 -0.739398 0.348649
-2.286522 -49.429517 522.008696 -275.277723 -0.008049 -0.409115 -0.912447 0.648039 0.692798 -0.316347 0.761564 -0.593848 0.259546
-5.488055 -52.546733 613.416519 -841.181307 0.011714 -0.404819 -0.914322 0.685360 0.669069 -0.287451 0.728110 -0.623273 0.285285
-1.491203 -79.674558 155.145037 4506.272570 0.744908 -0.297704 0.597064 -0.662543 -0.435280 0.609564 -0.078420 0.849649 0.521485
-0.843451 -83.082753 -127.646272 4790.718946 0.753467 -0.284566 0.592714 -0.657086 -0.357330 0.663742 -0.022916 0.889572 0.456220
-1.065779 -91.617476 76.655351 2982.755130 0.756684 -0.286883 0.587475 -0.645861 -0.188578 0.739799 0.101451 0.939221 0.327981
-0.625466 -65.753538 44.003990 4941.546201 0.728705 -0.311180 0.610046 -0.654884 -0.577170 0.487854 -0.200290 0.755011 0.624373
-1.993196 -90.816995 313.126409 2955.857351 0.748857 -0.298612 0.591645 -0.659229 -0.243968 0.711265 0.068049 0.922665 0.379550
-1.651977 -63.756734 284.467127 4913.488753 0.720617 -0.326202 0.611803 -0.644649 -0.640055 0.418039 -0.255223 0.695645 0.671520
-2.916885 -79.496442 589.843355 4746.754992 0.738218 -0.316339 0.595789 -0.664174 -0.495269 0.559984 -0.117931 0.809097 0.575720
2.107936 -10.664966 -1874.111549 -461.339420 0.833396 0.511490 -0.209354 -0.067178 0.469743 0.880244 -0.548579 0.719527 -0.425842
2.359497 -10.747521 -2234.896068 -432.054329 0.826879 0.548500 -0.124176 -0.127395 0.397752 0.908605 -0.547761 0.735487 -0.398769
-2.809317 -14.089338 -419.317499 -1130.686833 0.809319 0.310523 -0.498576 0.248597 0.587968 0.769736 -0.532167 0.746907 -0.398659
986.834039 -1072.533375 -232477.785770 211005.651319 -0.153227 0.756964 -0.635238 0.987892 0.133138 -0.079642 0.024289 -0.639750 -0.768200
-74.376343 -1739.734325 -2313.578906 -54794.663592 -0.563754 0.680927 -0.467462 0.645943 0.010771 -0.763310 -0.514723 -0.732272 -0.445912
-16.582281 -1851.862069 -310.896623 -574778.618519 -0.628239 0.609265 -0.483851 0.629936 0.763321 0.143256 0.456615 -0.214796 -0.863346
-1249.477371 -11226.535356 -182402.891451 -5435634.597779 -0.580325 0.666012 -0.468670 0.811031 0.524819 -0.258446 0.073839 -0.530088 -0.844721
17.883296 -934.253949 -6082.150818 -474394.149891 -0.633063 0.514890 -0.578031 0.191130 0.827561 0.527837 0.750134 0.223675 -0.622309
7.603123 -3173.090519 -16985.738269 -1191522.095308 -0.682253 0.543105 -0.489456 -0.085324 0.605743 0.791072 0.726120 0.581473 -0.366931
-12.338303 -854.111500 1762.415762 95207.151282 0.791101 -0.607092 0.074824 -0.124267 -0.279283 -0.952134 -0.598930 -0.743936 0.296382
140.439651 -3367.540416 69639.762217 45465.919253 -0.703204 0.706829 0.076789 0.710924 0.700477 0.062604 -0.009539 0.098614 -0.995080
0.679245 -3311.254221 -16750.960334 422690.956418 -0.823497 0.565295 0.047896 0.552208 0.818055 -0.160787 -0.130073 -0.105959 -0.985826
-16.637547 -1593.991955 1947.408221 364206.128798 0.838746 -0.539029 0.077149 0.282550 0.309717 -0.907877 -0.465478 -0.783277 -0.412077
3459.309515 -22857.449287 593336.756536 27242924.470562 0.869128 -0.442837 -0.220252 0.493657 0.804024 0.331433 -0.030317 0.396787 -0.917410
-18.887689 -34.014039 -2015.492664 84.362965 0.845096 0.522170 0.114673 -0.485283 0.659265 0.574343 -0.224305 0.541025 -0.810543
-10.143273 -33.475769 -1880.867326 -177.296200 0.757271 0.634455 0.154943 -0.624582 0.634187 0.455745 -0.190887 0.441897 -0.876521
-10.041367 -32.488466 -2019.001868 556.613974 0.749283 0.646063 0.145526 -0.581304 0.536346 0.611898 -0.317273 0.543079 -0.777434
-3.108142 -33.715467 -1406.345919 408.934839 0.727759 0.665514 0.165708 -0.632241 0.557381 0.538143 -0.265779 0.496405 -0.826404
-3.654574 -8.991360 304.340260 468.401060 0.197528 -0.419223 -0.886135 0.760364 -0.505020 0.408413 -0.618732 -0.754458 0.219006
-1.548279 -7.990406 101.556333 317.008246 0.277634 -0.472460 -0.836481 0.727071 -0.465777 0.504400 -0.627922 -0.748220 0.214196
-2.546720 -6.728392 77.936680 144.276322 0.434629 -0.561488 -0.704151 0.675814 -0.313464 0.667094 -0.595292 -0.765814 0.243221
-2.671053 -10.880324 319.694587 559.947781 0.161555 -0.378601 -0.911352 0.738225 -0.566497 0.366203 -0.654923 -0.731944 0.187972
-4.266882 -7.747999 438.474800 14.714042 0.489366 -0.578205 -0.652840 0.648818 -0.258815 0.715577 -0.582715 -0.773753 0.248495
-5.037694 -9.978870 530.873943 583.548700 0.166248 -0.401902 -0.900465 0.774425 -0.512083 0.371534 -0.610433 -0.759109 0.226110
-4.029356 -11.850882 386.552989 727.044594 0.093405 -0.332764 -0.938373 0.751930 -0.594188 0.285556 -0.652592 -0.732263 0.194715
-0.591081 -278.017268 -1017.436168 33187.687166 -0.108039 0.959648 0.259623 0.779520 -0.080302 0.621209 -0.616990 -0.269496 0.739388
-5.405416 -274.582705 -997.451720 -24987.935267 -0.115383 0.956856 0.266671 0.454073 -0.187964 0.870912 -0.883461 -0.221577 0.412795
4.495037 -452.527181 -1978.422690 -85571.279220 -0.167831 0.959875 0.224662 0.201069 -0.189773 0.961019 -0.965093 -0.206461 0.161151
3.439716 -213.412383 -291.334170 -5469.809712 -0.116656 0.970104 0.212812 0.627514 -0.094091 0.772899 -0.769816 -0.223706 0.597778
-17.830712 -44.085987 -1060.123553 -3839.572050 -0.587773 -0.387608 -0.710129 0.229187 0.762026 -0.605632 0.775884 -0.518727 -0.359064
-26.708938 -40.691657 -37.914797 -795.232029 -0.711499 -0.538378 -0.451573 -0.086954 0.705155 -0.703702 0.697286 -0.461417 -0.548531
-29.144046 -48.828528 212.053740 -2120.316083 -0.662762 -0.216249 -0.716926 0.158439 0.895224 -0.416499 0.731877 -0.389628 -0.559058
-22.474975 -35.692132 158.276506 -1381.729673 0.719280 0.679823 0.143096 -0.249292 0.444829 -0.860221 0.648452 -0.583067 -0.489431
10.430361 -20.252725 3393.165183 4033.448575 0.641662 -0.316636 -0.698578 0.509979 0.856436 0.080242 0.572880 -0.407749 0.711020
5.421110 -10.181607 -405.976388 -1293.490779 -0.130953 0.781597 0.609882 0.797896 0.448207 -0.403078 0.588398 -0.433839 0.682328
1.483238 -0.101561 3700.476062 3663.915262 0.362980 0.901485 0.235734 0.728892 -0.117097 -0.674540 0.580484 -0.416669 0.699589
-21.272052 -36.833087 -621.772835 16.800762 0.418878 0.860329 0.290474 0.832578 -0.491564 0.255300 -0.362429 -0.134903 0.922197
-21.017875 -38.405618 325.599444 -885.791852 0.450429 0.806350 0.383293 0.769054 -0.568488 0.292193 -0.453507 -0.163161 0.876191
-21.112364 -41.817475 792.365633 -1376.333366 0.501214 0.775901 0.383095 0.798711 -0.585159 0.140176 -0.332934 -0.235724 0.913011
-7.614327 -19.083332 633.165736 -210.471087 0.322850 0.855875 0.404037 0.647185 0.111854 -0.754082 0.690593 -0.504942 0.517797
0.512096 -20.480484 1744.737958 -279.902998 0.214102 0.884884 0.413691 0.726210 0.139047 -0.673265 0.653284 -0.444574 0.612841
4.650032 -20.504215 2969.909075 136.062462 0.211757 0.907133 0.363687 0.775819 0.070285 -0.627029 0.594361 -0.414933 0.688888
-2.801076 -20.466188 1292.979321 310.579262 0.322452 0.887680 0.328709 0.728226 -0.010780 -0.685253 0.604741 -0.460336 0.649907
11.564205 -21.102575 2642.093364 -151.389271 0.174484 0.887840 0.425788 0.790170 0.131765 -0.598557 0.587527 -0.440883 0.678553
1.454325 -33.625710 277.995624 -1332.551433 -0.514750 0.814409 -0.267900 0.767196 0.577037 0.280070 -0.382679 0.061366 0.921841
2.579527 -29.641056 393.909009 -473.137381 -0.510662 0.822224 -0.251340 0.745007 0.569084 0.348007 -0.429173 0.009536 0.903172
5.499832 -29.892620 842.674731 -952.364029 -0.478274 0.847665 -0.229605 0.784416 0.529897 0.322335 -0.394899 0.025941 0.918358
7.913086 -21.148114 1486.395410 -234.948305 -0.317756 -0.195829 -0.927730 0.936859 -0.215539 -0.275386 -0.146033 -0.956658 0.251953
8.434773 -19.460524 1276.590292 -246.265910 -0.285307 -0.211400 -0.934832 0.930483 -0.294939 -0.217283 -0.229785 -0.931837 0.280852
14.797414 -20.266979 1792.566837 -302.420133 -0.252653 -0.253861 -0.933660 0.939149 -0.296453 -0.173533 -0.232733 -0.920690 0.313313
-0.738187 -34.014865 -67.310258 42.298434 -0.503398 -0.818226 -0.277661 0.760083 -0.266511 -0.592660 0.410930 -0.509390 0.756081
0.205895 -30.680400 211.129022 258.804782 -0.465432 -0.820133 -0.332797 0.706389 -0.117653 -0.697978 0.533280 -0.559945 0.634093
0.227188 -76.914740 47.926585 1621.288776 0.185279 0.824391 0.534838 -0.251417 0.565914 -0.785194 0.949980 -0.011012 -0.312118
2.030449 -43.921683 -15.700407 -425.436303 0.555324 0.709307 0.434165 -0.291595 -0.322847 0.900412 -0.778837 0.626621 -0.027546
0.903595 -49.268417 -284.740481 -511.604978 0.532231 0.720532 0.444481 -0.283116 -0.343309 0.895536 -0.797857 0.602471 -0.021274
1.289199 -41.973006 -47.743324 -616.801361 0.529028 0.690881 0.492760 -0.467543 -0.247293 0.848675 -0.708190 0.679359 -0.192192
0.666289 -25.569825 -150.438100 -75.071181 0.745315 0.658918 0.101653 0.644753 -0.673529 -0.361458 0.169705 -0.334941 0.926830
-2.335935 -24.827546 18.797662 138.065477 0.791974 0.607736 0.058603 0.549612 -0.667830 -0.501927 0.265903 -0.429722 0.862922
-4.474472 -23.629927 54.347003 233.210878 0.763434 0.640565 0.082731 0.532694 -0.552021 -0.641490 0.365247 -0.533806 0.762657
19.489222 -11.111406 3017.234335 502.887233 -0.363250 0.753570 0.547888 -0.674603 0.192871 -0.712539 0.642620 0.628437 -0.438301
15.010314 -5.266245 2133.693347 599.309142 -0.245578 0.791469 0.559704 -0.718196 0.239239 -0.653422 0.651066 0.562443 -0.509678
29.175240 -9.507503 2282.513040 635.508965 -0.083351 0.773919 0.627775 -0.705076 0.399382 -0.585971 0.704216 0.491470 -0.512383
7.487589 -15.374107 -684.561836 1188.534698 0.640127 -0.748782 -0.171937 0.495729 0.231595 0.837028 0.586932 0.621039 -0.519444
3.380211 -54.767286 159.131583 2437.075040 -0.481156 0.791747 -0.376331 -0.652266 -0.610157 -0.449732 0.585695 -0.029077 -0.810010
2.734039 -55.601738 80.504771 2010.923864 -0.489254 0.793618 -0.361666 -0.677173 -0.607005 -0.415910 0.549606 -0.041425 -0.834396
3.866834 -48.917952 144.322851 832.064997 -0.506322 0.770974 -0.386311 -0.722625 -0.623795 -0.297815 0.470586 -0.128368 -0.872966
2.334536 -57.600499 64.288827 1480.061384 -0.480859 0.798110 -0.363036 -0.565785 -0.598752 -0.566906 0.669822 0.067201 -0.739474
3.267924 -57.007985 205.895467 1754.401541 -0.474851 0.794957 -0.377571 -0.529775 -0.600788 -0.598659 0.702749 0.084246 -0.706433
11.883878 -26.401466 60.637353 -222.019841 -0.236963 -0.645531 -0.726043 0.740650 0.363598 -0.565008 0.628718 -0.671630 0.391953
-3.734880 -69.038672 -315.529715 1861.509364 -0.391915 0.830776 -0.395239 -0.465497 -0.549625 -0.693704 0.793546 0.087891 -0.602130
-5.561765 -78.159929 -379.663812 3289.194238 -0.381299 0.831964 -0.403047 -0.302654 -0.524302 -0.795932 0.873505 0.181505 -0.451713
-2.932048 -68.980400 -811.652871 2313.538964 -0.344616 0.857619 -0.381745 -0.441280 -0.506921 -0.740475 0.828560 0.086723 -0.553143
-6.899418 -79.105857 330.028494 2405.559134 -0.436084 0.806882 -0.398463 -0.336963 -0.556980 -0.759098 0.834438 0.196763 -0.514780
-0.788854 -61.112007 -791.476181 2703.316505 -0.334826 0.865001 -0.373718 -0.588373 -0.501713 -0.634114 0.736009 -0.007568 -0.676930
-1.315488 -62.213148 -250.476306 3472.760914 -0.384211 0.841355 -0.380135 -0.609029 -0.540416 -0.580546 0.693877 -0.008461 -0.720044
-4.578963 -71.499894 -469.625864 4237.985397 -0.422783 0.806330 -0.413626 -0.517929 -0.589529 -0.619843 0.743643 0.047830 -0.666864
-0.406864 -60.661410 -209.989446 1040.047431 -0.506422 0.809360 -0.297443 -0.342451 -0.505355 -0.792050 0.791369 0.299252 -0.533089
-0.475341 -58.329886 -378.280224 59.539318 -0.491220 0.831717 -0.258746 -0.224108 -0.407736 -0.885171 0.841711 0.376827 -0.386683
-1.590827 -53.231789 -79.728835 615.534602 -0.500685 0.828378 -0.251206 -0.246372 -0.414568 -0.876033 0.829829 0.376726 -0.411657
4.703920 -9.109709 231.067349 410.686283 -0.605558 0.624114 -0.493742 0.692553 0.718921 0.059357 0.392007 -0.305998 -0.867580
6.074052 -27.792952 6215.718443 158.128091 -0.283120 0.952557 -0.111708 -0.949780 -0.294650 -0.105353 0.133269 -0.076270 -0.988141
15.411381 -26.186958 8318.099306 -135.027962 -0.320377 0.939806 -0.118843 -0.939229 -0.331473 -0.089299 0.123317 -0.083011 -0.988889
0.534188 -28.140505 4923.419226 359.611856 -0.177740 0.975015 -0.133247 -0.962374 -0.200500 -0.183403 0.205536 -0.095635 -0.973966
5.297516 -85.322972 -212.204253 -5479.756340 -0.412352 0.897654 -0.155507 -0.150125 -0.235314 -0.960255 0.898570 0.372618 -0.231792
3.875125 -109.625130 -54.245803 -9033.555085 -0.447009 0.868776 -0.213099 -0.375605 -0.398498 -0.836732 0.811852 0.293986 -0.504449
4.214161 -82.835527 -121.733841 -4772.712329 -0.392634 0.901277 -0.183136 -0.249843 -0.296165 -0.921881 0.885109 0.316206 -0.341462
13.186183 -25.186886 695.884077 383.145374 -0.275491 -0.654145 -0.704414 0.960472 -0.217784 -0.173392 -0.039987 -0.724338 0.688285
-19.455823 -36.150221 -1244.035011 580.284959 0.334869 0.930267 -0.149889 -0.542396 0.060231 -0.837961 0.770499 -0.361906 -0.524742
-6.384124 -18.216060 -527.106002 213.904502 -0.395399 0.555718 -0.731326 -0.034315 0.786716 0.616361 0.917868 0.268804 -0.291997
-3.856257 -17.701860 -185.870041 413.841108 -0.377538 0.512626 -0.771155 -0.064386 0.816238 0.574117 0.923753 0.266402 -0.275155
-2.374149 -15.060194 -282.222201 739.485150 -0.357448 0.425412 -0.831418 -0.163025 0.848144 0.504059 0.919594 0.315716 -0.233815
-446.210452 -1674.202717 -157794.414136 -1042002.093216 0.307407 0.565060 -0.765642 0.808709 0.268896 0.523149 0.501489 -0.780001 -0.374309
-1117.804709 -4600.257245 18531.300114 -1742967.247736 0.565642 0.791307 -0.232125 -0.074892 -0.231026 -0.970061 0.821243 -0.566091 0.071415
-909.608969 -2568.067978 -295376.196877 -1000257.150093 0.903560 -0.046582 0.425923 0.425106 0.221641 -0.877587 0.053522 -0.974015 -0.220069
32.935156 -208.729612 -3847.447147 -28725.118001 0.998944 -0.040942 -0.020842 -0.004068 0.373053 -0.927801 -0.045761 -0.926906 -0.372493
4.408703 -29.321796 -1130.613095 975.256849 0.590450 0.773125 0.231616 -0.673504 0.630134 -0.386424 0.444703 -0.072170 -0.892766
2.326844 -30.002809 -1040.808636 -93.242260 0.558662 0.801615 0.212864 -0.576676 0.559885 -0.594957 0.596105 -0.209626 -0.775058
1.398761 -12.010676 229.955873 170.162035 0.488638 0.872222 0.021469 -0.719441 0.416724 -0.555650 0.493597 -0.256066 -0.831139
1.758945 -11.925851 178.145379 375.790087 0.416189 0.908538 -0.036696 -0.753547 0.322042 -0.573110 0.508875 -0.266174 -0.818656
0.142174 -9.341397 154.277756 -139.295010 0.440844 0.897217 -0.025662 -0.755946 0.355713 -0.549558 0.483944 -0.261668 -0.835062
6.289005 -13.160345 480.179782 -3210.714170 0.987900 -0.047937 0.147499 -0.010762 0.927553 0.373536 0.154719 0.370603 -0.915814
-18.033541 -37.720515 -11847.650215 8916.274480 0.895368 0.429108 0.119090 -0.427449 0.753113 0.500108 -0.124912 0.498686 -0.857735
-77.286018 -239.719263 3316.044363 -44620.689906 0.525498 0.605976 0.597198 0.845254 -0.291867 -0.447616 -0.096942 0.740005 -0.665579
-14.233596 -68.963687 3287.878525 -12868.904962 0.151655 0.688864 0.708849 0.976696 -0.214628 -0.000382 0.151876 0.692388 -0.705360
-10.984745 -39.202064 -179.129638 3379.990488 0.740563 0.522788 0.422207 -0.573849 0.165070 0.802153 -0.349662 0.836328 -0.422246
-19.786888 -43.124164 -1735.830400 584.406385 -0.625131 0.706608 -0.331537 -0.366001 -0.640547 -0.675087 0.689387 0.300675 -0.659045
-11.941322 -38.906256 -1696.709053 773.282423 -0.565103 0.742856 -0.358919 -0.440657 -0.639562 -0.629906 0.697481 0.197802 -0.688763
-17.579602 -39.845943 -1385.281786 1415.132936 -0.562864 0.781752 -0.268417 -0.544928 -0.595148 -0.590638 0.621480 0.186181 -0.760986
-6.999717 -23.251605 455.135589 -217.620495 0.027018 0.648715 0.760552 0.431238 0.678828 -0.594328 -0.901834 0.344036 -0.261410
-4.864196 -23.379407 673.996025 102.582489 0.089016 0.659414 0.746492 -0.522602 -0.607098 0.598598 -0.847917 0.443402 -0.290569
-2.730532 -10.571744 10.882748 -403.884774 0.082730 0.720716 0.688276 0.996347 -0.074480 -0.041770 0.021159 0.689218 -0.724245
-2.419118 -12.565508 -74.543635 -458.563457 0.120799 0.717298 0.686215 0.989910 -0.138623 -0.029359 0.074065 0.682838 -0.726806
-5.931138 -51.856692 655.480793 614.275605 0.026228 -0.376984 -0.925848 0.498212 0.807876 -0.314835 0.866659 -0.453011 0.209007
-0.779202 -45.423969 -150.709214 -241.408476 0.022045 -0.586593 -0.809582 0.999718 0.005820 0.023006 -0.008784 -0.809861 0.586556
-13.116635 -26.249351 -1294.978467 -1393.899079 0.797572 0.170420 -0.578650 0.372594 0.615222 0.694749 -0.474397 0.769714 -0.427187
-8.876595 -26.032208 -998.868300 -1318.315936 0.721479 0.112322 -0.683265 0.506557 0.587133 0.631407 -0.472088 0.801660 -0.366706
-7.930231 -21.373376 -955.217172 -1530.257736 0.779949 0.211426 -0.589048 0.353122 0.628407 0.693116 -0.516705 0.748601 -0.415467
-18.484140 -30.404435 -1506.654500 -1071.615137 0.832781 0.133662 -0.537225 0.361757 0.603178 0.710850 -0.419056 0.786328 -0.453962
-16.779488 -26.624052 -1403.963752 -898.733878 0.873101 0.283950 -0.396317 0.147993 0.620178 0.770375 -0.464535 0.731267 -0.499456
-11.112481 -21.544653 -1131.847440 -854.026153 0.849541 0.334191 -0.408162 0.136518 0.608095 0.782038 -0.509551 0.720095 -0.470979
7.614579 -21.753220 2205.633022 -348.499152 -0.958130 -0.115718 -0.261910 -0.151426 0.981099 0.120478 0.243018 0.155093 -0.957543
