18380
36750
-38.601718 -59.116529 949.903040 7366.518669 0.317539 0.939190 -0.130735 0.680218 -0.321666 -0.658661 0.660660 -0.120222 0.740996
-41.850331 -70.246379 -324.717010 6152.600069 0.222631 0.972008 -0.075078 0.789568 -0.224944 -0.570949 0.571855 -0.067832 0.817546
-47.130090 -74.529738 1638.012746 10086.836728 0.043157 0.989164 0.140327 0.808464 0.047943 -0.586589 0.586961 -0.138765 0.797635
-38.058596 -59.841797 -420.938969 6552.704484 0.374610 0.878923 -0.295231 0.656824 -0.476304 -0.584565 0.654408 -0.025069 0.755726
-40.751268 -69.838691 -2282.516805 13411.531334 0.010320 0.966797 0.255335 0.745065 0.162870 -0.646801 0.666912 -0.196916 0.718646
-35.632337 -49.877613 1161.393710 6249.516015 0.431752 0.870340 -0.236853 0.549399 -0.462008 -0.696211 0.715368 -0.170464 0.677636
-32.513808 -50.069269 1020.123088 3009.826858 0.520689 0.729820 -0.442998 0.469909 -0.678207 -0.564997 0.712789 -0.086019 0.696083
206.020887 -111.373109 9431.486508 -755.135125 0.697480 -0.619180 -0.360745 0.286427 0.702330 -0.651684 0.656872 0.351209 0.667211
226.148757 -114.927065 36959.164930 5998.481641 0.636776 -0.644737 -0.422884 0.401056 0.745378 -0.532509 0.658537 0.169489 0.733214
210.585604 -109.202871 -45661.644232 4268.823382 0.876067 -0.479692 -0.049008 -0.378467 -0.747037 0.546533 0.298778 0.460252 0.836002
200.034631 -108.865808 -58107.507598 5569.217834 0.906702 -0.415040 -0.075058 -0.251158 -0.674273 0.694461 0.338839 0.610817 0.715605
191.378970 -104.391375 -21703.122745 -5134.912367 0.724530 -0.601549 -0.336445 0.162693 0.623606 -0.764622 0.669766 0.499254 0.549689
-44.545314 -69.937689 -4178.116739 1163.200525 -0.304229 -0.222136 -0.926337 -0.385181 0.918077 -0.093654 0.871252 0.328315 -0.364868
-42.668438 -69.155595 -6199.419380 5231.114580 -0.267724 -0.170071 -0.948367 -0.466107 0.884316 -0.027003 0.843248 0.434811 -0.316024
-40.395317 -68.328048 -698.024376 2707.253438 -0.235251 -0.207074 -0.949619 -0.415584 0.904652 -0.094315 0.878605 0.372459 -0.298877
48.892405 -41.592296 -18191.034575 -532.966123 -0.057446 0.796686 0.601657 0.709168 0.456744 -0.537089 0.702695 -0.395823 0.591223
53.993672 -43.435312 -12684.638392 120.150902 -0.169792 0.803929 0.569972 0.761464 0.474171 -0.441967 0.625575 -0.358971 0.692673
57.632118 -44.702030 -607.983680 -875.947822 -0.233833 0.859658 0.454214 0.707692 0.470828 -0.526776 0.666704 -0.198266 0.718468
33.309653 -40.076662 -23637.039444 241.956281 -0.044020 0.751465 0.658302 0.761958 0.451428 -0.464362 0.646128 -0.481158 0.592457
54.597092 -43.017631 -10255.932941 -1248.782851 -0.103538 0.844247 0.525859 0.650417 0.457460 -0.606373 0.752488 -0.279245 0.596477
15.784544 -38.191137 -15300.026322 -147.084416 0.043402 0.810772 0.583751 0.713427 0.383885 -0.586221 0.699384 -0.441907 0.561765
39.912946 -39.958283 -21136.963843 -599.856003 0.032915 0.801052 0.597689 0.660024 0.431645 -0.614858 0.750523 -0.414727 0.514506
5.137518 -42.201516 6071.056687 -1270.778423 0.044809 0.898031 0.437644 0.657340 0.303380 -0.689829 0.752261 -0.318592 0.576718
0.545070 -40.185007 6643.696449 -712.995630 0.108502 0.928067 0.356258 0.687049 0.189000 -0.701600 0.718465 -0.320891 0.617120
-3.580717 -42.090223 5609.260338 -1554.452231 0.102813 0.925229 0.365213 0.625954 0.225165 -0.746647 0.773053 -0.305372 0.556001
-1.331440 -44.348280 5454.337997 -1730.808783 0.036301 0.891891 0.450791 0.584211 0.347039 -0.733663 0.810789 -0.289989 0.508455
-0.443650 -42.133467 -2644.149334 -1215.734929 0.126855 0.907288 0.400919 0.582264 0.259109 -0.770604 0.803042 -0.331196 0.495412
-7.064974 -44.851478 4510.036993 -1858.755455 0.113774 0.924241 0.364464 0.548080 0.247585 -0.798943 0.828652 -0.290654 0.478389
-1.709453 -17.687396 2009.943752 1275.250344 -0.352575 0.237102 -0.905248 -0.455839 0.801321 0.387422 0.817253 0.549242 -0.174445
-7.651612 -18.604501 3331.355645 1175.180185 -0.383961 0.299350 -0.873478 -0.415976 0.788473 0.453072 0.824341 0.537307 -0.178220
0.021616 -20.407701 2532.747758 1506.419997 -0.362623 0.253660 -0.896750 -0.414634 0.817845 0.399008 0.834615 0.516513 -0.191394
-2.465272 -23.087514 3172.614352 1915.544111 -0.370785 0.265921 -0.889834 -0.386824 0.826845 0.408283 0.844326 0.495594 -0.203717
4.154328 -20.847546 1343.300551 1500.936113 -0.329908 0.199790 -0.922629 -0.429992 0.838270 0.335276 0.840397 0.507334 -0.190643
4.612275 -23.864213 2886.587452 1993.479578 -0.352899 0.215840 -0.910426 -0.388135 0.851591 0.352340 0.851360 0.477709 -0.216750
-16.179127 -55.548795 344.129198 3195.273938 -0.149366 -0.984370 -0.093308 0.988716 -0.147602 -0.025570 0.011398 -0.096074 0.995309
-23.444638 -77.477815 -2189.860595 13222.467999 0.009467 0.996089 0.087843 0.995900 -0.017296 0.088796 -0.089968 -0.086642 0.992169
-22.454323 -81.146713 1103.327809 13366.760942 0.115752 -0.988172 -0.100589 0.988865 0.105110 0.105342 -0.093523 -0.111663 0.989336
-18.720136 -55.953210 -198.505569 8266.425667 -0.246473 -0.967806 -0.051016 0.968776 -0.247498 0.014752 -0.026903 -0.045787 0.998589
-18.006195 -58.299172 -1438.210932 8565.931546 0.050351 -0.994703 -0.089612 0.998669 0.049138 0.015695 -0.011208 -0.090283 0.995853
-15.096733 -54.361589 -1561.097664 468.463215 -0.084810 -0.991230 -0.101341 0.994471 -0.077886 -0.070437 0.061927 -0.106754 0.992355
17.301634 -101.416238 666.121754 2467.100723 -0.048189 0.978893 0.198609 0.919606 -0.034133 0.391356 -0.389875 -0.201502 0.898551
12.897629 -101.805255 3007.564295 3687.869428 -0.010899 0.986955 0.160624 0.976854 -0.023809 0.212580 -0.213631 -0.159223 0.963852
12.487177 -99.965935 -1799.550823 6443.680207 -0.077610 0.973751 0.213978 0.968831 0.023017 0.246651 -0.235252 -0.226451 0.945186
16.939667 -101.879622 5743.643705 -1055.767827 0.017619 0.990396 0.137131 0.883787 -0.079563 0.461074 -0.467557 -0.113071 0.876701
14.749164 -104.161332 -4149.804843 2883.369990 -0.112783 0.965239 0.235782 0.877697 -0.014452 0.478998 -0.465755 -0.260968 0.845558
19.773918 -101.239709 -224.908447 -2955.443035 -0.055624 0.973753 0.220704 0.808252 -0.085865 0.582543 -0.586204 -0.210788 0.782262
1.772838 -119.721494 1134.076068 3369.528409 0.338969 0.934343 0.110019 -0.715964 0.332056 -0.614113 0.610324 -0.129395 -0.781512
-0.064064 -130.222421 600.372805 1609.889662 0.370737 0.919314 0.131969 -0.568485 0.336993 -0.750507 0.734425 -0.203218 -0.647551
-0.386800 -136.424787 230.353577 1388.471348 0.350952 0.929347 0.114662 -0.723553 0.346869 -0.596785 0.594393 -0.126479 -0.794166
0.539732 -64.715543 1148.356445 1043.830893 0.107822 0.965172 0.238366 0.371072 -0.261507 0.891022 -0.922323 0.007621 0.386344
2.286885 -73.467029 872.614637 3395.784206 0.108677 0.961190 0.253579 0.294499 -0.274770 0.915299 -0.949452 0.024793 0.312931
0.594585 -65.224268 331.975190 3775.988459 0.107271 0.956206 0.272329 0.281019 -0.291901 0.914233 -0.953688 0.021541 0.300025
2.253956 -74.065136 1069.115677 4340.941556 0.119060 0.950421 0.287269 0.169029 -0.304506 0.937393 -0.978394 0.063050 0.196903
-0.145019 -61.124645 -119.112167 -1730.897174 0.096448 0.964982 0.243943 0.376787 -0.262243 0.888403 -0.921265 -0.006230 0.388885
0.097618 -61.609394 -122.789637 3431.309774 0.110471 0.955304 0.274207 0.306084 -0.295188 0.905084 -0.945573 0.016055 0.325013
1.388822 -70.842169 723.183097 6808.371043 0.126139 0.944619 0.302958 0.165890 -0.321183 0.932374 -0.978044 0.067351 0.197217
-10.191588 -37.310244 -1398.978488 1266.295000 0.072680 0.845980 0.528239 -0.140442 0.533043 -0.834351 0.987418 0.013546 -0.157552
-13.134800 -43.323554 -585.319488 1983.312902 0.057128 0.880856 0.469925 -0.048121 0.472576 -0.879975 0.997206 -0.027658 -0.069385
-7.000219 -40.667953 -3661.654201 1749.313488 0.094594 0.851927 0.515045 -0.072799 0.521900 -0.849895 0.992851 -0.042901 -0.111388
18.399046 -41.515030 -4451.320823 -2022.530807 -0.466319 0.866533 0.177953 0.539639 0.119253 0.833408 -0.700953 -0.484664 0.523225
17.314341 -37.030371 -6063.896173 -3144.407854 -0.475148 0.860771 0.182506 0.465836 0.070117 0.882089 -0.746479 -0.504140 0.434294
24.345202 -38.335206 -3524.769097 -2619.715824 -0.434439 0.885605 0.164215 0.489238 0.078943 0.868570 -0.756246 -0.457681 0.467568
24.481273 -40.341628 -2139.690613 -683.022658 -0.425109 0.894692 0.137144 0.560912 0.141480 0.815696 -0.710394 -0.423685 0.561988
24.465396 -38.727565 2140.242293 -1280.370420 -0.358959 0.924089 0.131177 0.522197 0.082351 0.848840 -0.773601 -0.373199 0.512117
-1.042486 -92.959300 -447.132766 -3488.540138 -0.253738 0.246912 -0.935228 -0.433751 0.835163 0.338175 0.864568 0.491464 -0.104814
-2.934407 -89.327607 186.752463 3253.082915 -0.257604 0.237892 -0.936508 -0.314450 0.895819 0.314052 0.913653 0.375386 -0.155962
-2.037375 -93.288058 707.474117 -1243.079055 -0.273060 0.253460 -0.928007 -0.383025 0.856261 0.346567 0.882457 0.450084 -0.136729
-0.874818 -97.137130 -985.266104 -527.424518 -0.240689 0.231547 -0.942579 -0.337750 0.890453 0.304988 0.909941 0.391764 -0.136117
2.283572 -104.644969 -1962.761294 -6526.256748 -0.246648 0.249723 -0.936378 -0.505939 0.790919 0.344198 0.826554 0.558645 -0.068734
0.290670 -97.265894 -1016.885973 -7647.242063 -0.254602 0.258975 -0.931724 -0.533400 0.766049 0.358682 0.806636 0.588303 -0.056900
4.512144 -87.455608 1502.385267 1218.397821 0.364927 0.892973 -0.263491 0.532046 0.032232 0.846102 -0.764039 0.448955 0.463340
5.009026 -85.247057 -1048.635305 2973.785772 0.330713 0.914033 -0.234889 0.513831 0.034372 0.857203 -0.791585 0.404181 0.458291
4.077302 -88.797024 -535.505065 2731.931194 0.326351 0.904416 -0.274820 0.403619 0.129569 0.905706 -0.854744 0.406501 0.322755
3.158947 -91.284044 1415.258762 2760.364220 0.345012 0.895014 -0.282696 0.456330 0.103247 0.883800 -0.820201 0.433925 0.372800
28.547874 -45.044753 3902.933002 -890.640986 -0.458097 0.862293 0.215865 -0.015932 0.234841 -0.971903 0.888759 0.448665 0.093842
18.610792 -48.237443 3487.528328 -2329.390165 -0.492393 0.862436 0.117279 -0.051726 0.105512 -0.993072 0.868835 0.495048 0.007343
25.499351 -44.743777 2975.807664 -1872.411711 -0.421553 0.880239 0.217881 -0.096260 0.195478 -0.975973 0.901680 0.432397 -0.002328
1.816144 -86.246685 259.937667 -513.957109 -0.282913 0.311080 -0.907298 -0.271259 0.881376 0.386776 0.919989 0.355536 -0.164970
0.637260 -90.586725 632.978860 399.613195 -0.286516 0.283572 -0.915148 -0.298944 0.881044 0.366599 0.910242 0.378614 -0.167661
0.278303 -88.114540 564.263252 1112.645196 -0.285626 0.288230 -0.913970 -0.133213 0.932500 0.335704 0.949037 0.217639 -0.227950
0.731353 -85.253294 -205.605614 756.448700 -0.280626 0.306966 -0.909407 -0.116742 0.929529 0.349782 0.952691 0.204324 -0.225014
2.369013 -83.903926 -55.751645 -528.199584 -0.289022 0.334756 -0.896886 -0.259502 0.874397 0.409986 0.921480 0.351239 -0.165850
2.433070 -142.005448 932.255494 -8602.397726 -0.249928 0.171341 -0.952984 0.797880 0.594048 -0.102444 0.548565 -0.785970 -0.285179
0.775727 -148.400736 -251.595696 -6668.902096 -0.234539 0.173652 -0.956471 0.660721 0.750188 -0.025817 0.713050 -0.638015 -0.290684
2.126401 -145.728493 289.661726 -9320.337541 -0.238761 0.179875 -0.954274 0.812160 0.575699 -0.094688 0.532343 -0.797631 -0.283542
0.536582 -147.877750 345.722926 -4911.013807 -0.250904 0.177507 -0.951598 0.688251 0.723986 -0.046419 0.680704 -0.666585 -0.303820
33.470885 -2.097597 -2168.031282 -1440.959445 -0.489663 0.195062 -0.849812 -0.465404 0.765720 0.443927 0.737312 0.612881 -0.284162
32.008609 -5.757138 337.280258 -1271.878742 -0.521700 0.198582 -0.829695 -0.461532 0.752234 0.470247 0.717508 0.628259 -0.300789
28.628212 -3.839581 4932.534891 -1658.384805 -0.613878 0.146662 -0.775658 -0.436898 0.755256 0.488578 0.657476 0.638810 -0.399559
27.879391 -8.216755 -6323.046913 -1461.516898 0.630264 -0.165296 0.758581 -0.430668 0.738531 0.518746 0.645982 0.653643 -0.394282
32.987169 0.414716 4283.264956 -1547.654363 -0.563804 0.119195 -0.817262 -0.470516 0.766897 0.436444 0.678779 0.630603 -0.376296
-6.142732 -115.828500 307.934323 -378.632393 0.498119 -0.338561 0.798282 0.842457 0.406919 -0.353104 -0.205289 0.848407 0.487917
-3.963046 -116.535911 -674.461072 -3348.221906 0.492468 -0.345978 0.798608 0.780328 0.581893 -0.229104 -0.385440 0.736003 0.556539
-6.796414 -116.213202 -1030.894594 598.666134 0.486102 -0.346232 0.802389 0.856982 0.368666 -0.360095 -0.171137 0.862676 0.475923
5.182054 -306.401609 -26.595678 -59733.472561 0.361037 -0.083470 0.928808 -0.088488 0.988426 0.123224 -0.928344 -0.126677 0.349472
5.969296 -239.578961 -1022.333055 -24985.083239 0.356662 -0.030129 0.933748 -0.315372 0.936927 0.150694 -0.879393 -0.348225 0.324664
6.985009 -238.668112 1883.032053 -24671.236931 0.352125 -0.031387 0.935426 -0.346846 0.923902 0.161564 -0.869314 -0.381339 0.314443
5.626622 -373.606690 4201.281984 -88296.662080 0.352527 -0.125197 0.927389 -0.043404 0.987756 0.149846 -0.934795 -0.093077 0.342776
4.851596 -363.428441 -17.696299 -72997.290323 0.352793 -0.109784 0.929239 0.281818 0.959447 0.006358 -0.892253 0.259633 0.369426
-7.690154 -286.294331 714.243927 49483.429063 0.173696 -0.367372 0.913711 0.982357 -0.000664 -0.187013 0.069310 0.930074 0.360775
-10.483868 -229.671843 3416.829836 18209.064545 0.274968 -0.363192 0.890216 0.883809 -0.269040 -0.382753 0.378517 0.892025 0.247015
-10.424217 -318.366638 3950.259008 53960.990434 0.217328 -0.346679 0.912459 0.974915 0.031082 -0.220395 0.048045 0.937469 0.344738
2.449978 -453.896683 3124.734335 128358.522761 0.131049 -0.404739 0.904993 0.951536 0.307537 -0.000249 -0.278218 0.861166 0.425426
1.480561 -40.047107 9081.106359 -1334.205831 -0.060936 0.921134 0.384446 0.685297 -0.241427 0.687082 -0.725710 -0.305328 0.616538
7.085418 -42.229818 11803.369595 -1558.822801 -0.014664 0.910868 0.412438 0.745410 -0.264967 0.611683 -0.666445 -0.316405 0.675085
50.237465 -40.299560 24337.945318 -2452.577389 0.004786 0.922014 0.387128 0.710055 -0.275728 0.647917 -0.704130 -0.271781 0.656000
17.678160 -14.925413 -2945.033201 6564.006361 0.424076 -0.410543 0.807226 0.289957 0.905976 0.308436 -0.857954 0.103260 0.503242
8.849938 -19.560792 -4197.979728 4741.149467 0.377581 -0.469720 0.797995 0.281624 0.879216 0.384275 -0.882112 0.079639 0.464259
12.116595 -6.474515 -5521.390743 6640.766994 0.331164 -0.540362 0.773524 0.384423 0.825927 0.412388 -0.861713 0.160793 0.481245
17.845310 -2.413721 -2851.585261 7245.880214 0.421960 -0.454632 0.784385 0.353188 0.879260 0.319625 -0.834990 0.142166 0.531583
-5.572143 -60.955868 -876.001636 -376.556642 0.543057 0.740997 -0.394984 0.725043 -0.176518 0.665698 0.423558 -0.647892 -0.633115
-3.538553 -55.108228 -388.355434 3180.633514 0.571212 0.741003 -0.353031 0.611475 -0.097245 0.785266 0.547554 -0.664423 -0.508652
-3.755380 -57.516746 -1141.378588 2305.237435 0.544874 0.732799 -0.407575 0.654494 -0.067830 0.753018 0.524166 -0.677055 -0.516572
0.888492 -52.454848 1042.941379 -3268.037175 0.557268 0.746405 -0.363775 -0.540091 -0.006926 -0.841578 0.630678 -0.665456 -0.399266
-2.246488 -57.306252 1397.827217 3073.540166 0.519271 0.752991 -0.404181 0.624410 -0.011378 0.781014 0.583498 -0.657933 -0.476083
-4.279163 -63.841333 -81.228847 742.643960 0.507357 0.747248 -0.429196 0.750636 -0.138606 0.646014 0.423244 -0.649929 -0.631234
-55.232188 -74.124374 1196.339836 2142.546094 -0.355640 -0.832226 0.425348 0.932567 -0.285806 0.220531 -0.061965 0.475095 0.877750
-53.448652 -74.303993 -164.855796 1639.164181 -0.350266 -0.842952 0.408344 0.909609 -0.202126 0.362984 -0.223441 0.498574 0.837555
-52.683957 -73.898403 -450.965542 2435.973838 -0.373084 -0.872942 0.314294 0.918406 -0.299394 0.258639 -0.131679 0.385144 0.913414
-52.143593 -74.457827 -1368.023276 2435.858307 -0.404764 -0.873897 0.269203 0.867494 -0.273877 0.415265 -0.289170 0.401617 0.868956
-53.505926 -73.828490 204.033103 -1105.016762 -0.331885 -0.889366 0.314454 0.943278 -0.309760 0.119476 -0.008853 0.336270 0.941724
-53.124871 -71.456781 -546.133759 1021.523596 -0.343071 -0.913068 0.220477 0.934621 -0.308398 0.177130 -0.093737 0.266830 0.959174
-53.365491 -72.265289 -1046.135842 3863.900526 -0.405807 -0.895353 0.183476 0.888625 -0.339589 0.308260 -0.213695 0.288136 0.933441
-189.248549 -235.174204 16686.890694 -54422.397879 -0.101393 0.811530 -0.575447 -0.396887 -0.563401 -0.724610 0.912250 -0.154917 -0.379211
-157.172889 -292.811679 39491.677345 -62924.074331 0.143491 0.986169 -0.082951 -0.653659 0.031508 -0.756133 0.743062 -0.162720 -0.649139
-107.410612 -313.997602 33250.422498 -80285.180513 0.113196 0.988588 0.099401 -0.489806 0.142565 -0.860096 0.864452 -0.048672 -0.500354
-74.369987 -170.670261 24973.740592 -40193.973787 0.063171 0.994495 0.083596 -0.257239 0.097159 -0.961451 0.964281 -0.039232 -0.261961
-118.503776 -229.380428 -20479.520591 74805.594062 -0.177031 0.202070 -0.963238 0.162365 0.971283 0.173917 0.970720 -0.125607 -0.204756
-40.079825 -57.148324 -812.921112 -1175.555959 0.118603 0.791171 -0.599984 0.711572 0.353713 0.607085 -0.692531 0.498934 0.521024
-41.954264 -59.901135 802.310109 -3488.823904 0.292373 0.894658 -0.337794 0.645649 0.075899 0.759853 -0.705447 0.440257 0.555444
-44.920265 -65.059199 1562.278535 -4903.160795 0.332800 0.872064 -0.358815 0.705285 0.022392 0.708570 -0.625953 0.488879 0.607602
-45.351152 -62.778331 -651.445035 -3162.489621 0.145214 0.787101 -0.599487 0.790176 0.272380 0.549028 -0.595429 0.553426 0.582395
-41.152343 -58.185011 -1677.552126 -1408.408942 0.009836 0.662338 -0.749141 0.768630 0.474202 0.429349 -0.639618 0.580035 0.504428
-39.191877 -54.881480 -2444.135318 -369.132032 -0.042825 0.603391 -0.796295 0.681473 0.600475 0.418359 -0.730590 0.524737 0.436910
38.565224 -62.830650 2306.662572 -9909.084801 -0.302984 0.914865 -0.266875 -0.254086 0.192353 0.947861 -0.918499 -0.354996 -0.174175
39.903561 -51.964730 2764.115723 -9152.546651 -0.236548 0.920065 -0.312290 -0.386654 0.205727 0.898986 -0.891372 -0.333402 -0.307083
34.342251 -69.181034 2680.903193 -9465.178641 -0.234919 0.942349 -0.238307 -0.247414 0.179122 0.952209 -0.940000 -0.282653 -0.191071
15.408180 -46.620507 524.706447 -982.122819 -0.299050 0.927537 0.224154 0.940657 0.247055 0.232655 0.160418 0.280428 -0.946375
13.231856 -45.881944 -3316.878111 -2713.829864 -0.308617 0.935141 0.173973 0.932349 0.261181 0.250021 0.188367 0.239365 -0.952482
14.703426 -49.321459 -3355.974694 -2947.973464 -0.292973 0.936628 0.192079 0.920873 0.222375 0.320223 0.257216 0.270697 -0.927665
15.145584 -48.836085 1306.119860 -2448.838418 -0.287442 0.925346 0.247208 0.928008 0.205196 0.310959 0.237018 0.318794 -0.917711
11.583321 -51.798449 -38.957503 1428.630857 -0.279511 0.931120 0.234285 -0.891926 -0.161470 -0.422370 0.355446 0.327022 -0.875622
9.984869 -50.926908 -3164.926838 1634.924327 -0.287907 0.940268 0.181673 -0.887989 -0.191081 -0.418287 0.358588 0.281751 -0.889961
82.425103 -28.610738 -16947.945837 2030.265182 -0.683339 0.718137 0.131635 0.141643 -0.046473 0.988826 -0.716230 -0.694349 0.069962
83.487932 -34.881680 19978.502733 -2033.890697 0.737892 -0.664655 -0.117252 -0.089908 0.075377 -0.993094 -0.668903 -0.743338 0.004137
86.026906 -33.075828 -1094.841333 3081.152784 -0.560965 0.815075 0.144812 0.130138 -0.085928 0.987765 -0.817546 -0.572948 0.057870
78.321258 -28.033545 691.110788 3017.278956 -0.516432 0.844581 0.141353 0.176209 -0.056726 0.982717 -0.838002 -0.532414 0.119528
71.789240 -21.935953 -8656.310906 577.145557 -0.585118 0.796134 0.154300 0.190911 -0.049693 0.980349 -0.788156 -0.603077 0.122914
54.486006 -24.930634 11901.114606 -2492.226159 0.729931 -0.683190 -0.021270 -0.113156 -0.090091 -0.989484 -0.674089 -0.724662 0.143068
0.582574 -44.208272 -59.053599 4151.870729 -0.616078 0.776335 -0.133232 0.739106 0.511273 -0.438546 -0.272341 -0.368651 -0.888778
0.706336 -46.738261 306.153353 4496.072900 -0.622778 0.772889 -0.121612 0.729604 0.517566 -0.446993 -0.282534 -0.367107 -0.886232
-0.650411 -57.769694 279.099301 7984.493265 -0.641711 0.759230 -0.108526 0.688831 0.508332 -0.516826 -0.337223 -0.406409 -0.849183
-1.443517 -53.237328 -855.402531 6391.803205 -0.628462 0.765043 -0.140518 0.716628 0.499233 -0.487042 -0.302457 -0.406787 -0.862000
0.420727 -39.811546 -189.719716 2389.619220 -0.597771 0.787737 -0.148794 0.760814 0.498956 -0.414975 -0.252650 -0.361265 -0.897583
15.693578 -73.402670 -1625.190005 3025.553299 -0.451875 0.886656 -0.098234 -0.669877 -0.409977 -0.619018 0.589130 0.213914 -0.779209
17.120784 -66.934152 -541.149740 -3531.116456 -0.473810 0.876854 -0.081438 -0.694489 -0.428921 -0.577678 0.541470 0.217151 -0.812192
13.955732 -71.937678 -967.823536 -3590.306282 -0.452360 0.886023 -0.101655 -0.735034 -0.434949 -0.520139 0.505069 0.160570 -0.848011
12.321869 -72.553899 -1926.546441 1401.825420 -0.432977 0.890618 -0.139033 -0.666469 -0.420148 -0.615869 0.606919 0.173996 -0.775484
12.539863 -74.659403 -1384.874012 -2243.478509 -0.434119 0.892924 -0.119279 -0.825105 -0.447259 -0.345197 0.361583 0.051439 -0.930920
12.409253 -71.313867 -2173.382821 -3819.415804 -0.418191 0.896414 -0.146829 -0.742813 -0.430516 -0.512722 0.522824 0.105349 -0.845906
-12.061909 -84.529591 -759.205941 1730.614645 -0.443271 0.896370 0.005553 0.505353 0.255013 -0.824370 0.740357 0.362614 0.566023
-12.958140 -80.168551 -1404.346920 1730.287428 -0.436472 0.899715 0.002165 0.362549 0.178081 -0.914793 0.823438 0.398496 0.403918
-12.468289 -81.546739 -250.808054 1621.770132 -0.472413 0.881329 -0.009227 0.444924 0.229427 -0.865682 0.760834 0.413064 0.500509
-3.777439 -64.346431 2320.109502 -12220.739260 0.623026 -0.753427 -0.210207 0.735992 0.473656 0.483700 -0.264866 -0.456068 0.849616
-6.592716 -83.142111 2221.400741 -11368.436885 0.593850 -0.775643 -0.213823 0.788491 0.508174 0.346471 -0.160079 -0.374349 0.913366
-9.316597 -57.382879 708.566216 -10975.386734 0.648321 -0.741427 -0.173107 0.704474 0.497926 0.505753 -0.288784 -0.449840 0.845132
1.053389 -83.297964 4818.497154 -12808.533203 0.596863 -0.760796 -0.254842 0.785720 0.489912 0.377663 -0.162475 -0.425648 0.890183
-5.213452 -48.312703 1149.471145 7168.118487 0.675260 -0.719669 -0.161560 -0.651418 -0.479159 -0.588269 -0.345946 -0.502477 0.792362
1.314532 -58.913860 3284.570567 -9735.909824 0.654749 -0.728889 -0.200061 0.691981 0.471563 0.546617 -0.304082 -0.496335 0.813133
-15.752206 -41.999232 -3485.992698 3895.597091 -0.671249 -0.392578 0.628735 -0.293804 0.919666 0.260563 -0.680518 -0.009822 -0.732666
-25.455123 -48.567604 -4428.177247 3232.694277 -0.639811 -0.383382 0.666079 -0.306902 0.922040 0.235910 -0.704595 -0.053483 -0.707592
-19.739218 -40.039017 -3808.282804 3830.615639 -0.610423 -0.526198 0.592030 -0.347589 0.849583 0.396724 -0.711734 0.036386 -0.701506
-11.724270 -32.523482 -2676.263895 3845.980323 -0.628615 -0.539039 0.560607 -0.352389 0.840012 0.412556 -0.693300 0.061787 -0.717995
-13.833459 -52.119298 -2393.537994 -2345.031974 -0.488278 0.864284 0.120825 0.582696 0.219817 0.782398 -0.649654 -0.452432 0.610946
-16.164251 -53.459627 -1252.800900 -3300.263074 -0.491389 0.869372 0.052246 0.536612 0.254965 0.804389 -0.685992 -0.423303 0.591802
-12.221439 -46.542267 -1543.823807 -1651.623005 -0.473205 0.872133 0.124344 0.509355 0.155700 0.846354 -0.718773 -0.463835 0.517903
-10.208968 -47.849823 -913.537707 -2165.087335 -0.463739 0.869867 0.168160 0.566457 0.145167 0.811204 -0.681228 -0.471443 0.560062
-9.370918 -44.382756 -938.187340 -1885.485792 -0.469028 0.868053 0.162777 0.482016 0.097159 0.870759 -0.740050 -0.486871 0.463986
-10.792769 -42.390341 -1390.276094 -1021.559582 -0.465461 0.871785 0.152762 0.436304 0.075840 0.896598 -0.770055 -0.483982 0.415664
-41.801045 -64.624541 -4292.125894 820.559698 -0.622205 -0.078179 0.778941 -0.345352 0.920361 -0.183488 -0.702562 -0.383176 -0.599652
-44.594577 -64.298607 -3801.022551 1256.810358 -0.555083 -0.225918 0.800527 -0.358015 0.933592 0.015224 -0.750805 -0.278150 -0.599103
-34.879305 -60.070148 -5109.536174 1081.576895 -0.664746 -0.145926 0.732679 -0.296857 0.951581 -0.079809 -0.685557 -0.270554 -0.675879
-14.536573 -78.874059 -14.799459 -1511.420090 -0.520110 0.853939 -0.016528 0.033172 0.000860 -0.999449 0.853455 0.520372 0.028775
-14.392571 -77.032679 -135.325951 65.901338 -0.543815 0.838990 -0.018982 0.147780 0.073474 -0.986287 0.826091 0.539163 0.163942
-14.553797 -77.469617 -605.756589 1049.592904 -0.509000 0.860574 -0.018209 0.165587 0.077136 -0.983174 0.844689 0.503450 0.181763
-10.086230 -39.496907 -5.977432 -382.865898 -0.437566 0.891243 -0.119253 -0.611442 -0.197673 0.766201 -0.659299 -0.408180 -0.631438
-10.209403 -38.558632 461.898773 -3988.495712 -0.433440 0.896634 -0.090424 -0.594688 -0.209191 0.776264 -0.677109 -0.390238 -0.623889
-9.810798 -36.295462 653.507378 2003.809507 -0.385436 0.912401 -0.137710 -0.639485 -0.156539 0.752699 -0.665206 -0.378181 -0.643802
-10.187447 -38.178799 403.276003 3237.638548 -0.381100 0.908190 -0.173071 -0.685658 -0.152061 0.711864 -0.620191 -0.389959 -0.680658
-10.107806 -40.324874 -859.528516 3588.788836 -0.435567 0.885016 -0.164404 -0.642260 -0.177581 0.745632 -0.630701 -0.430363 -0.645758
-9.572130 -41.751673 -840.519114 -3000.597691 -0.471685 0.870782 -0.138749 -0.607850 -0.207117 0.766564 -0.638773 -0.445916 -0.626999
0.472790 -169.175602 -2824.649637 -16050.027339 0.766143 -0.594164 0.244935 0.579761 0.803437 0.135520 -0.277311 0.038176 0.960021
4.089455 -186.576564 -1052.978635 -19207.135892 0.771973 -0.599938 0.210077 0.583455 0.799920 0.140382 -0.252265 0.014200 0.967554
1.245049 -153.238178 -1337.175259 -5827.405558 0.733160 -0.642667 0.222388 0.542878 0.750045 0.377777 -0.409585 -0.156242 0.898793
-0.395781 -136.554937 -1332.123234 -8427.026728 0.743987 -0.629667 0.223613 0.564027 0.771227 0.295097 -0.358269 -0.093424 0.928932
-1.884155 -143.689286 -520.112190 -10644.911827 0.760250 -0.614836 0.209753 0.581840 0.788052 0.201088 -0.288932 -0.030835 0.956853
-1.125423 -161.928305 -477.606217 12062.629212 0.787699 -0.579173 0.209974 -0.603467 -0.793958 0.073875 -0.123925 0.184904 0.974912
-2.058687 -100.092050 3199.799901 -88.868814 0.881275 -0.472605 0.000061 -0.248034 -0.462624 -0.851151 -0.402286 -0.750083 0.524920
-5.743307 -106.105456 1127.500582 -359.941167 0.871730 -0.489251 0.026836 -0.236835 -0.468666 -0.851036 -0.428948 -0.735517 0.524422
-3.824818 -99.862861 2143.680922 -1107.604256 0.866135 -0.499226 -0.024146 -0.223330 -0.343344 -0.912271 -0.447139 -0.795543 0.408875
-0.686420 -100.567604 1490.678972 -3637.064447 0.860601 -0.506833 -0.049858 -0.214130 -0.271283 -0.938378 -0.462075 -0.818245 0.341995
-4.523942 -23.459716 -2483.726367 2506.442968 -0.549875 -0.702009 0.452571 -0.454567 0.706091 0.542959 -0.700718 0.092836 -0.707372
-5.439197 -24.300904 4120.490216 364.591904 0.452007 0.826202 -0.336274 -0.528393 0.551721 0.645295 -0.718673 0.113993 -0.685941
5.254163 -18.846275 5234.578684 -107.503512 0.366408 0.901065 -0.232008 -0.592238 0.418170 0.688759 -0.717635 0.114963 -0.686865
0.523546 -18.810069 3325.931237 909.818268 0.411794 0.861205 -0.297912 -0.584758 0.500458 0.638436 -0.698917 0.088698 -0.709682
2.587954 -387.374069 786.224162 79732.222598 -0.700030 0.712714 -0.044693 -0.162591 -0.098130 0.981802 -0.695358 -0.694557 -0.184574
1.710118 -391.092375 126.186466 -50428.344016 0.719944 -0.692606 0.044468 0.377039 0.336520 -0.862900 -0.582685 -0.638005 -0.503415
1.351756 -359.056896 -1761.612652 6464.343936 0.705603 -0.708121 0.026256 0.478825 0.449154 -0.754312 -0.522351 -0.544817 -0.655991
4.325549 -345.304700 3168.178236 57183.873872 -0.687707 0.725382 -0.029675 -0.197648 -0.147738 0.969076 -0.698566 -0.672305 -0.244971
-42.429650 -885.068172 -1710.461369 331838.001826 -0.803963 0.221349 -0.551949 -0.045714 0.902396 0.428475 0.592919 0.369710 -0.715375
-69.912305 -3428.396145 -6859.985180 -424700.947412 0.788725 -0.423631 0.445477 0.589776 0.725881 -0.353924 0.173430 -0.541880 -0.822368
24.106992 -2308.998319 15287.717825 511186.956934 -0.767553 0.350018 -0.536983 0.315604 0.935529 0.158682 0.557904 -0.047677 -0.828535
4.582299 -770.641916 -4241.765909 390159.293818 0.775891 -0.127630 0.617821 -0.509318 0.451170 0.732831 0.372273 0.883265 -0.285055
39.452094 -1342.122314 1299.036505 583113.996989 0.836925 -0.023345 0.546819 -0.451716 0.534678 0.714193 0.309046 0.844733 -0.436940
6.380378 -27.789689 -3216.182219 2513.806361 0.612447 -0.689320 -0.386971 0.520228 -0.017126 0.853856 0.595207 0.724254 -0.348115
11.037740 -27.394814 -4867.206322 1747.043424 0.660480 -0.691192 -0.293290 0.430665 0.028765 0.902053 0.615056 0.722098 -0.316671
1.359072 -20.947171 -1807.065703 1967.135841 0.651205 -0.693103 -0.309096 0.425082 -0.004272 0.905145 0.628679 0.720826 -0.291844
0.271483 -23.476987 -797.008160 2343.498132 0.589613 -0.692316 -0.416000 0.524412 -0.063584 0.849087 0.614287 0.718788 -0.325569
2.719141 -28.842347 1200.866757 2574.063477 -0.570448 0.688113 0.448430 0.581384 -0.047359 0.812250 0.580157 0.724056 -0.373042
-17.065639 -36.928907 -297.804432 -79.916565 -0.626148 0.778914 -0.035101 -0.428489 -0.381364 -0.819121 0.651411 0.497850 -0.572546
-17.978392 -36.517821 418.412547 552.786913 -0.622742 0.781286 -0.042248 -0.395139 -0.360641 -0.844869 0.675320 0.509442 -0.533302
-17.602637 -35.329187 130.343439 477.801174 -0.560588 0.827728 0.024627 -0.497404 -0.312798 -0.809164 0.662065 0.465858 -0.587066
1.437745 -51.977496 366.879136 3943.429570 -0.540481 0.826666 0.156539 0.589085 0.238975 0.771926 -0.600716 -0.509426 0.616138
2.474502 -49.874051 1303.964410 1325.783177 -0.540205 0.828998 0.144707 0.598204 0.257342 0.758898 -0.591886 -0.496525 0.634928
2.544173 -48.214983 -1597.428567 -1599.166179 -0.543934 0.815172 0.199076 0.617801 0.228488 0.752406 -0.567854 -0.532248 0.627897
-9.411348 -81.898816 -2027.747482 -2668.538211 -0.323298 0.946230 0.011261 -0.075702 -0.014000 -0.997032 0.943264 0.323191 -0.076157
-10.293775 -79.134431 -1758.219919 -1019.573208 -0.320850 0.946754 0.026667 0.060614 0.048623 -0.996976 0.945188 0.318264 0.072987
-7.205013 -81.886208 -1691.057353 -1935.627350 -0.308107 0.950960 0.027279 0.030106 0.038406 -0.998809 0.950875 0.306919 0.040463
-6.237833 -84.476461 -1131.947588 -3595.760190 -0.314613 0.949124 0.013517 -0.103190 -0.020042 -0.994460 0.943594 0.314265 -0.104245
-8.335229 -86.861452 -888.012962 -3572.034779 -0.337031 0.941457 -0.008363 -0.218918 -0.087003 -0.971857 0.915689 0.325715 -0.235424
-10.934062 -85.829143 -1631.880370 -2284.619560 -0.346196 0.937745 -0.027961 -0.184963 -0.097443 -0.977903 0.919748 0.333375 -0.207183
-20.320406 -103.137737 7787.885911 48973.639690 -0.810822 -0.137761 -0.568849 -0.357910 0.885712 0.295658 0.463107 0.443323 -0.767461
7.097891 -37.799973 4993.912835 1088.131594 0.242108 0.805353 0.541101 0.886820 -0.409929 0.213327 0.393617 0.428211 -0.813450
-7.646437 -41.784972 12099.355889 3361.892002 -0.217006 0.923673 0.315810 -0.835055 -0.008101 -0.550107 0.505560 0.383096 -0.773076
-146.026257 -276.503814 37574.136109 -57640.212473 -0.600143 0.030177 -0.799323 0.739015 0.403297 -0.539637 0.306080 -0.914571 -0.264337
-237.928134 -302.294836 -51226.333042 62610.969537 0.924888 0.353401 0.140319 0.091550 0.151205 -0.984254 0.369053 -0.923171 -0.107494
-128.157846 -268.910662 -31748.571559 55312.253534 0.918353 0.100175 0.382873 0.350764 0.242002 -0.904654 0.183280 -0.965091 -0.187105
-52.651267 -83.502120 2132.395057 5437.107692 -0.046190 0.989229 0.138895 0.880195 0.106052 -0.462612 0.472359 -0.100886 0.875613
-48.736542 -78.229671 -224.071690 2227.997781 0.154677 0.986996 -0.043748 0.882595 -0.157943 -0.442810 0.443961 -0.029881 0.895548
-42.454928 -71.087144 -1377.748627 6392.810129 0.278314 0.936610 -0.212845 0.784931 -0.349503 -0.511597 0.553557 0.024684 0.832446
166.112852 -95.263002 27425.982808 2077.798812 -0.718255 0.594746 0.361092 -0.033316 0.488981 -0.871658 0.694982 0.638103 0.331398
143.928426 -82.733325 -24060.687552 -7324.545830 0.697929 -0.590668 -0.404978 0.220263 -0.361032 0.906168 0.681454 0.721642 0.121872
172.542495 -89.503680 4255.801031 163.053973 -0.489309 0.746790 0.450424 -0.122801 0.452332 -0.883355 0.863421 0.487546 0.129624
111.710277 -84.603758 -33006.956174 -10284.557431 0.856232 -0.455862 -0.243014 0.083123 -0.342713 0.935755 0.509860 0.821424 0.255550
195.154057 -94.404699 -11359.422746 -4347.758991 -0.460649 0.746686 0.479857 0.070607 0.569748 -0.818781 0.884769 0.343290 0.315175
146.491766 -96.006558 -46294.949100 -1994.661539 0.908042 -0.396595 -0.134801 -0.096786 -0.511756 0.853662 0.407543 0.762114 0.503081
-42.629378 -64.045712 -2935.807151 4068.334364 -0.194009 -0.281753 -0.939668 -0.568764 0.812751 -0.126268 0.799292 0.509952 -0.317932
-50.241713 -64.743203 -5622.748352 466.218745 -0.031957 -0.540027 -0.841041 -0.697955 0.614377 -0.367968 0.715429 0.575249 -0.396548
-40.100253 -57.075181 -2509.754172 2390.763313 -0.096719 -0.409304 -0.907257 -0.678795 0.693782 -0.240632 0.727931 0.592568 -0.344936
66.360732 -46.440976 8233.454365 -455.751922 -0.320514 0.861484 0.393849 0.760690 0.481854 -0.434934 0.564466 -0.160194 0.809763
13.072562 -40.649971 7632.270941 376.908874 0.068283 0.910093 0.408740 0.704936 0.245900 -0.665281 0.705976 -0.333563 0.624767
-6.983317 -15.987165 3052.048800 712.270867 -0.399652 0.318937 -0.859394 -0.438057 0.757091 0.484684 0.805224 0.570168 -0.162860
-12.201733 -21.633579 4377.542892 1530.693774 -0.381500 0.306842 -0.871955 -0.381484 0.806957 0.450877 0.841978 0.504647 -0.190799
2.984218 -48.591518 793.244446 -1164.537716 0.669233 0.725448 -0.160786 0.607162 -0.658627 -0.444482 0.428346 -0.199839 0.881240
1.959793 -46.011517 82.853457 -3403.726528 0.683929 0.710709 -0.164724 0.642402 -0.693694 -0.325742 0.345776 -0.116965 0.930999
1.786972 -47.648418 -80.661921 720.235564 0.668251 0.727236 -0.156742 0.571127 -0.636519 -0.518323 0.476712 -0.256850 0.840698
2.299128 -51.483181 576.670992 2891.340261 0.656391 0.737066 -0.160889 0.571622 -0.625079 -0.531530 0.492341 -0.256923 0.831620
1.270087 -42.573452 487.395782 -2741.045287 -0.514821 -0.850426 0.108328 0.855431 -0.517917 -0.000522 0.056549 0.092398 0.994115
2.172252 -41.892233 -531.349723 793.718510 0.531005 0.840761 -0.105620 0.827067 -0.541362 -0.151289 0.184377 0.007020 0.982831
0.404318 -41.489433 -779.501115 -1158.009148 0.532514 0.840026 -0.103847 0.838707 -0.540201 -0.068948 0.114017 0.050382 0.992201
1.579118 -42.984977 -524.851394 1669.290103 0.546601 0.830217 -0.109394 0.800811 -0.556433 -0.221548 0.244804 -0.033495 0.968994
-0.977331 -46.197605 972.281311 76.918007 -0.518967 -0.848164 0.106262 0.854531 -0.517866 0.039888 0.021198 0.111505 0.993538
-2.503406 -42.760132 1235.741544 -2712.619830 -0.553200 -0.826206 0.106556 0.830586 -0.556862 -0.005657 0.064011 0.085374 0.994291
-1.215692 -40.997293 -1412.671816 712.366692 0.554018 0.826233 -0.101997 0.812199 -0.563327 -0.151640 0.182748 -0.001169 0.983159
10.272356 -105.782952 7129.627557 4167.296525 0.028249 0.993486 0.110394 0.962576 -0.056815 0.264991 -0.269537 -0.098776 0.957911
4.863886 -100.924361 -4212.832451 2974.636035 -0.041084 -0.989148 -0.141060 0.997186 -0.049453 0.056346 -0.062711 -0.138349 0.988396
-2.393163 -132.842687 1026.450147 1109.016867 0.384812 0.906523 0.173596 -0.367977 0.323164 -0.871870 0.846471 -0.271627 -0.457937
-1.491930 -128.082714 1453.561577 392.933896 0.365438 0.917476 0.157142 -0.433626 0.317176 -0.843427 0.823665 -0.240080 -0.513749
-3.305912 -126.459986 1030.649574 1586.409611 0.376188 0.909360 0.177612 -0.245181 0.282561 -0.927387 0.893515 -0.305325 -0.329253
1.380497 -71.526330 1188.556792 -1486.131135 0.094903 0.974929 0.201263 0.447864 -0.222374 0.866007 -0.889051 -0.007952 0.457740
2.592440 -71.102257 179.103867 2673.555747 0.083950 0.970768 0.224861 0.378929 -0.239805 0.893816 -0.921610 -0.010171 0.387984
3.986577 -80.825695 198.719057 4177.479547 0.105607 0.951581 0.288689 0.117031 -0.300188 0.946673 -0.987497 0.066190 0.143067
7.852809 -38.024336 -5089.988315 -3132.260532 -0.487065 0.849976 0.200769 0.483315 0.070848 0.872575 -0.727444 -0.522035 0.445314
8.674092 -30.215878 -5685.312325 -2937.217801 -0.483962 0.852240 0.198664 0.415913 0.024271 0.909080 -0.769933 -0.522587 0.366204
5.420787 -81.281123 519.880942 1477.908473 0.370528 0.903521 -0.215311 0.644049 -0.082896 0.760480 -0.669261 0.420450 0.612627
5.993315 -77.319473 -1472.751457 518.280436 0.337631 0.918247 -0.206947 0.589901 -0.035090 0.806713 -0.733500 0.394449 0.553522
39.619035 -44.386541 3898.737627 -475.979921 -0.469975 0.847946 0.245176 0.118341 0.335786 -0.934475 0.874711 0.410165 0.258157
29.275696 -46.079575 5554.277424 -907.134748 -0.502588 0.844228 0.186236 0.070456 0.254701 -0.964450 0.861650 0.471600 0.187490
40.174696 -43.204637 3043.072621 731.753271 -0.405948 0.864826 0.295434 0.023851 0.333184 -0.942560 0.913585 0.375585 0.155882
50.604604 -43.054148 953.126898 872.557158 -0.362256 0.864208 0.349164 0.083872 0.403312 -0.911211 0.928297 0.300806 0.218585
-1.568962 -94.934967 820.732564 2946.291810 -0.286685 0.256747 -0.922980 -0.119402 0.946332 0.300330 0.950555 0.196305 -0.240643
2.801731 -138.735133 1302.883132 -2884.001171 -0.228603 0.196014 -0.953582 0.923047 0.354942 -0.148323 0.309394 -0.914109 -0.262071
2.694848 -133.440275 -1065.985481 -7288.327683 -0.218442 0.185442 -0.958068 0.878625 0.464574 -0.110407 0.424620 -0.865900 -0.264417
29.061275 -4.352199 -5369.040095 -1721.004327 -0.409670 0.236753 -0.880976 -0.475591 0.768673 0.427732 0.778449 0.594213 -0.202305
30.302699 -10.585638 1442.354853 -1581.839454 -0.534788 0.194029 -0.822408 -0.470815 0.739777 0.480691 0.701666 0.644270 -0.304272
30.146829 -8.060362 -4714.526582 -1477.832062 -0.425432 0.224769 -0.876634 -0.489180 0.757844 0.431711 0.761387 0.612496 -0.212458
-1.962014 -74.607423 -3527.591479 2363.758514 0.402331 -0.276602 0.872709 0.680579 -0.547221 -0.487197 0.612325 0.789962 -0.031914
-1.468927 -71.655726 4562.420816 -396.068448 -0.369058 0.240165 -0.897840 -0.603719 0.672527 0.428055 0.706625 0.700020 -0.103209
8.458355 -65.387353 -6911.915943 544.296157 0.368192 -0.213702 0.904857 0.655369 -0.630674 -0.415622 0.659489 0.746044 -0.092156
-9.031318 -78.889616 -1209.678031 1840.028614 0.384997 -0.295976 0.874172 0.631804 -0.605922 -0.483407 0.672757 0.738415 -0.046280
5.893504 -69.410288 -6128.592671 3617.919028 0.400100 -0.248784 0.882058 0.708917 -0.525950 -0.469907 0.580824 0.813316 -0.034066
-3.712422 -81.115851 -2481.006715 5397.704008 0.438075 -0.309424 0.844007 0.740914 -0.407398 -0.533923 0.509056 0.859234 0.050786
-9.066107 -84.930841 -391.508939 3659.790745 0.417082 -0.334894 0.844919 0.725309 -0.437566 -0.531473 0.547695 0.834495 0.060401
5.305175 -228.660762 -146.525611 -23592.165720 0.384533 -0.028173 0.922681 -0.277545 0.949758 0.144668 -0.880399 -0.311715 0.357394
6.030456 -209.181492 156.897718 12384.484586 0.358275 0.038013 0.932842 -0.529626 0.831114 0.169545 -0.768853 -0.554801 0.317900
8.404710 -213.159191 737.799568 3179.801520 0.327436 0.042938 0.943897 -0.573026 0.803318 0.162239 -0.751283 -0.594001 0.287640
-0.981634 -223.281211 -4410.662352 24665.201382 0.024284 -0.402758 0.914984 0.918951 0.369365 0.138198 -0.393624 0.837470 0.379084
5.044360 -547.730640 3805.873312 160871.691751 0.049855 -0.442383 0.895440 0.850372 0.489015 0.194247 -0.523814 0.751773 0.400570
14.165698 -364.991671 -5663.839281 83753.435853 -0.068940 -0.437490 0.896577 0.722371 0.597954 0.347320 -0.688060 0.671605 0.274808
-19.974123 -150.637826 -10312.167632 16050.317396 -0.011184 -0.394074 0.919011 0.951579 0.278162 0.130857 -0.307202 0.875975 0.371881
-9.197976 -165.567000 -4845.841010 6160.912576 0.121235 -0.374075 0.919440 0.985528 0.155921 -0.066512 -0.118480 0.914197 0.387565
1.048879 -240.520982 -9866.057051 48904.347568 -0.115654 -0.400392 0.909016 0.826052 0.469441 0.311872 -0.551600 0.786964 0.276452
58.762820 -39.357615 -2091.913466 -197.529447 0.403784 -0.769853 -0.494252 0.905204 0.414463 0.093943 0.132527 -0.485331 0.864228
51.508967 -37.609312 10295.642117 -368.544555 0.428125 -0.621928 -0.655678 0.887385 0.426627 0.174751 0.171047 -0.656654 0.734539
66.096664 -39.436404 -2109.488947 -1134.645897 0.423811 -0.723491 -0.544927 0.903368 0.381253 0.196401 0.065661 -0.575506 0.815157
