18980
37936
-18.453009 -30.575963 646.110004 1744.890904 -0.309088 -0.276149 -0.910059 0.604152 0.682012 -0.412141 0.734483 -0.677201 -0.043965
-21.220653 -36.442254 663.363450 1677.452326 -0.211201 -0.195299 -0.957733 0.714982 0.637243 -0.287614 0.666479 -0.745506 0.005049
-21.722780 -37.385941 381.401411 3255.127241 -0.019145 0.089051 -0.995843 0.695004 0.717211 0.050774 0.718751 -0.691142 -0.075622
-19.381731 -31.294008 138.133334 1252.513890 -0.327326 -0.434745 -0.838960 0.603842 0.586683 -0.539609 0.726796 -0.683228 0.070481
-16.176730 -25.171495 931.392547 2164.130304 -0.333727 -0.245549 -0.910128 0.534059 0.746340 -0.397188 0.776793 -0.618614 -0.117936
-15.578950 -25.960016 216.918899 1086.781126 -0.448632 -0.547171 -0.706635 0.435701 0.556438 -0.707489 0.780316 -0.625284 -0.011233
21.910230 -26.744000 -668.173662 793.332379 -0.342724 -0.041096 -0.938537 -0.374299 0.922294 0.096298 0.861650 0.384297 -0.331474
19.651430 -28.547241 -358.060747 2133.855338 -0.357645 0.022694 -0.933582 -0.286464 0.948842 0.132806 0.888835 0.314935 -0.332848
21.333636 -29.365728 44.834164 1788.086348 -0.316326 0.045692 -0.947549 -0.336803 0.928359 0.157204 0.886849 0.368865 -0.278275
24.419744 -29.683558 -414.000829 -557.148538 -0.290609 0.021782 -0.956594 -0.398002 0.906398 0.141551 0.870138 0.421862 -0.254738
25.148911 -27.905590 -76.261656 -1427.050258 -0.353929 -0.099455 -0.929969 -0.436988 0.896707 0.070412 0.826907 0.431306 -0.360832
2.140643 -13.179027 -1561.109217 1526.282512 -0.372078 -0.536672 -0.757325 0.083089 0.793373 -0.603039 0.924475 -0.287303 -0.250605
4.969279 -5.526879 1579.475643 1761.703074 0.383585 0.825342 0.414335 -0.152267 0.499037 -0.853098 0.910866 -0.264146 -0.317095
0.664764 -11.535505 76.586291 1843.773769 -0.400687 -0.478583 -0.781286 0.151793 0.806273 -0.571737 0.903554 -0.347681 -0.250417
0.336360 -19.677180 -850.068124 -27.006439 -0.349470 -0.330032 -0.876898 0.281958 0.855481 -0.434340 0.893516 -0.399037 -0.205910
-2.081608 -12.560411 1515.649615 1749.765986 -0.450998 -0.491254 -0.745165 0.170137 0.772266 -0.612093 0.876159 -0.402833 -0.264710
0.224438 -16.835836 120.578698 682.452175 -0.389163 -0.386039 -0.836377 0.252835 0.828318 -0.499963 0.885791 -0.406033 -0.224747
40.423486 -32.534243 -3390.067965 688.000545 0.573539 0.186745 -0.797609 0.408664 0.778630 0.476160 0.709963 -0.599050 0.370259
43.449269 -32.604190 -1499.976892 -1365.624904 0.472450 0.151070 -0.868314 0.592272 0.675173 0.439722 0.652691 -0.722025 0.229510
36.333789 -22.852514 -2121.165786 -962.212928 0.562883 0.023277 -0.826208 0.592021 0.686194 0.422668 0.576778 -0.727046 0.372467
30.727862 -24.989510 -2458.253270 241.749509 0.644014 0.084634 -0.760318 -0.442684 -0.769333 -0.460605 0.623921 -0.633217 0.457995
33.545590 -19.035783 838.102517 650.824253 0.629411 -0.000238 -0.777072 -0.520860 -0.742233 -0.421657 0.576669 -0.670142 0.467294
-5.337380 -14.907835 1728.260907 21.231621 0.551352 -0.239909 -0.799034 0.799715 0.424783 0.424282 0.237627 -0.872928 0.426064
-6.963577 -15.263794 2134.099535 364.653310 0.276886 -0.343092 -0.897565 0.942785 0.277534 0.184749 0.185718 -0.897364 0.400307
-0.756045 -11.854094 1767.525147 -26.592334 0.397184 -0.299261 -0.867576 0.893599 0.341503 0.291300 0.209105 -0.890965 0.403059
-4.126694 -18.771341 -131.931013 991.885688 0.310335 -0.372050 -0.874797 0.926961 0.322491 0.191686 0.210797 -0.870390 0.444956
0.120825 -11.254635 1176.672187 -345.971881 0.592669 -0.220022 -0.774812 0.768950 0.440849 0.462998 0.239706 -0.870197 0.430464
-2.825018 -13.694040 1137.829719 340.910604 0.726992 -0.132799 -0.673681 -0.631807 -0.513579 -0.580565 0.268890 -0.847703 0.457272
-1.799651 -16.058765 -443.030546 657.987167 0.466607 -0.321383 -0.824009 0.845950 0.434096 0.309724 0.258159 -0.841590 0.474426
35.048592 -41.557384 -5604.990667 -2791.966523 0.701288 0.323229 -0.635389 0.027787 0.878229 0.477433 0.712337 -0.352473 0.606909
26.128103 -41.422935 -6433.836678 -2681.754732 0.773449 0.277379 -0.569945 0.030062 0.882104 0.470095 0.633145 -0.380728 0.673924
30.293273 -55.153227 -5485.948303 -4716.079200 0.721451 0.328685 -0.609488 -0.079770 0.913759 0.398348 0.687856 -0.238770 0.685451
29.249200 -33.715797 -5813.943228 -757.854021 0.741472 0.251651 -0.622006 0.144793 0.845155 0.514536 0.655175 -0.471576 0.590222
40.436053 -53.484910 -3807.345785 -4363.294014 0.637277 0.376115 -0.672619 -0.087010 0.902347 0.422136 0.765707 -0.210493 0.607771
38.690087 -34.929231 -4776.793597 -599.766440 0.665762 0.303497 -0.681652 0.137509 0.847991 0.511861 0.733384 -0.434512 0.522827
46.662235 -41.952589 -2647.907035 -2373.399729 0.603667 0.375961 -0.703022 0.023393 0.873090 0.486997 0.796893 -0.310430 0.518261
3.844051 -16.950109 -827.964308 628.604815 -0.143054 -0.080181 -0.986462 0.924392 0.345278 -0.162118 0.353603 -0.935069 0.024726
4.131878 -18.895781 -851.139489 491.097890 -0.208076 -0.102266 -0.972752 0.938279 0.260055 -0.228042 0.276289 -0.960163 0.041843
0.879375 -16.017826 -872.785432 555.076694 -0.165558 -0.102631 -0.980845 0.925378 0.327707 -0.190485 0.340979 -0.939189 0.040718
0.896432 -13.523818 -863.341751 539.680274 -0.080217 -0.071601 -0.994203 0.910196 0.401334 -0.102342 0.406335 -0.913129 0.032977
-6.438584 -55.694509 293.743618 -163.961069 0.391145 -0.192543 0.899963 0.282995 0.955656 0.081462 -0.875740 0.222821 0.428288
-5.670184 -52.673780 362.582186 -2041.060473 0.384137 -0.230869 0.893946 0.080937 0.972925 0.216486 -0.919722 -0.010807 0.392422
-4.510851 -51.476725 689.787144 -774.726373 0.432449 -0.231724 0.871373 0.252433 0.958880 0.129717 -0.865601 0.163867 0.473162
-4.771314 -52.678885 636.667038 452.044921 0.445557 -0.192187 0.874381 0.426017 0.904531 -0.018271 -0.787393 0.380642 0.484895
-7.029058 -56.224272 304.767366 849.889165 0.407243 -0.155540 0.899978 0.464538 0.883686 -0.057480 -0.786357 0.441482 0.432130
-5.180626 -44.984146 -197.600911 343.873646 0.467435 0.028918 0.883554 0.674804 0.633992 -0.377748 -0.571090 0.772799 0.276836
-3.495254 -46.245920 -327.851371 478.519878 0.441612 0.065850 0.894786 0.676779 0.630290 -0.380402 -0.589024 0.773562 0.233778
-5.072371 -46.500734 -202.938933 321.061437 0.455703 0.018173 0.889946 0.576257 0.755983 -0.310513 -0.678427 0.654339 0.334032
-6.010197 -45.600810 -53.371241 148.527784 0.488078 -0.024072 0.872468 0.573051 0.762819 -0.299531 -0.658325 0.646164 0.386110
-6.282878 -44.418225 -80.949899 151.918268 0.492036 -0.019305 0.870361 0.672939 0.642705 -0.366174 -0.552316 0.765870 0.329225
-6.556500 -24.699164 1144.703401 -11.642347 0.085528 0.867000 -0.490913 -0.645423 -0.327146 -0.690220 0.759021 -0.375880 -0.531602
-1.467297 -20.675425 466.115652 79.319724 -0.020394 0.794251 -0.607247 -0.662068 -0.465847 -0.587071 0.749166 -0.390066 -0.535349
-7.598870 -23.645742 879.228144 -82.538920 0.147091 0.894998 -0.421121 -0.563106 -0.274253 -0.779549 0.813189 -0.351800 -0.463639
-12.872815 -26.821397 1453.583392 71.302205 0.261452 0.919843 -0.292460 -0.517544 -0.122161 -0.846891 0.814734 -0.372782 -0.444120
-12.623990 -24.518752 1138.360616 -111.237394 0.300774 0.936740 -0.179034 -0.412550 -0.041458 -0.909991 0.859847 -0.347562 -0.373983
-8.243439 -21.527976 767.104754 -492.218569 0.186345 0.919849 -0.345187 -0.473706 -0.223687 -0.851802 0.860743 -0.322246 -0.394055
22.321813 -23.865714 1465.297130 -2215.435923 -0.610179 -0.358101 -0.706715 -0.008898 0.895061 -0.445855 0.792213 -0.265764 -0.549334
20.216559 -31.851015 1420.549017 -2774.832988 -0.631263 -0.294226 -0.717592 -0.017888 0.930523 -0.365796 0.775363 -0.218077 -0.592667
18.952257 -22.874050 2575.310301 -2321.207420 -0.661484 -0.366778 -0.654151 -0.013310 0.877852 -0.478747 0.749841 -0.307977 -0.585567
26.882221 -29.395097 -968.585561 -2392.313988 -0.565569 -0.289175 -0.772341 -0.005250 0.937753 -0.347263 0.824684 -0.192346 -0.531882
20.319654 -15.434424 2045.838093 -2213.487944 -0.619705 -0.407059 -0.671021 0.017251 0.847712 -0.530176 0.784645 -0.340129 -0.518309
24.902432 -21.161805 -494.935909 -2093.945195 -0.548485 -0.345604 -0.761395 0.021639 0.904413 -0.426108 0.835881 -0.250189 -0.488579
4.279692 -58.976322 293.530778 -2331.090445 0.990249 -0.007870 -0.139084 -0.104508 0.618186 -0.779054 -0.092111 -0.785993 -0.611335
4.369037 -60.487612 154.683860 1866.655354 0.985940 -0.002620 -0.167082 -0.140383 0.529376 -0.836692 -0.090641 -0.848384 -0.521565
3.296733 -57.800763 265.769007 -2779.916453 0.989563 0.013880 -0.143431 -0.125510 0.572049 -0.810560 -0.070799 -0.820102 -0.567821
-2.979403 -67.860410 622.730279 -4427.092488 0.925083 -0.130466 -0.356650 0.330253 -0.187289 0.925125 0.187494 0.973602 0.130172
-3.290822 -62.479539 399.794843 -2102.105126 0.933651 -0.119991 -0.337487 0.337476 -0.021035 0.941099 0.120022 0.992552 -0.020854
-4.017369 -63.599354 245.571444 -3115.956482 0.931693 -0.096830 -0.350103 0.336976 -0.129472 0.932568 0.135630 0.986844 0.087999
-3.858642 -68.333596 238.981325 -2351.160000 0.927918 -0.090601 -0.361607 0.316725 -0.319976 0.892917 0.196605 0.943084 0.268216
16.707783 -49.464843 -2901.434203 733.840957 0.941576 -0.238684 -0.237622 0.160873 0.938567 -0.305305 0.295895 0.249241 0.922131
10.500585 -50.647692 -2815.534946 730.448023 0.937097 -0.274902 -0.215123 0.203525 0.930972 -0.303098 0.283596 0.240250 0.928361
7.147672 -45.011379 -661.857707 -1427.348332 0.932029 -0.278744 -0.231568 -0.127180 -0.849971 0.511249 0.339333 0.447048 0.827648
4.108558 -37.514020 156.469335 -1679.643986 0.923772 -0.277778 -0.263598 -0.033247 -0.743928 0.667433 0.381496 0.607792 0.696455
10.487612 -43.883267 -1396.733297 -1347.003396 0.932937 -0.231215 -0.275986 -0.068781 -0.866880 0.493749 0.353409 0.441654 0.824648
5.609084 -91.388744 -55.847486 6199.793315 0.966308 -0.080022 -0.244635 -0.173241 0.500725 -0.848093 -0.190360 -0.861899 -0.469992
7.426657 -102.086332 474.784829 4460.999418 0.959628 -0.072301 -0.271820 -0.217338 0.422837 -0.879757 -0.178543 -0.903317 -0.390053
4.712338 -105.869558 -322.920119 7491.977586 0.957911 -0.068995 -0.278652 -0.239852 0.340982 -0.908957 -0.157729 -0.937534 -0.310082
97.284160 -1142.053762 -42438.429027 -337047.881063 0.910303 -0.204832 -0.359712 0.355497 -0.058337 0.932855 0.212063 0.977057 -0.019713
177.459811 -1006.360804 -69971.346093 220142.109419 0.902078 -0.238630 -0.359597 0.125315 -0.652493 0.747361 0.412978 0.719241 0.558696
30.199796 -924.713879 -28465.691746 -334765.472717 0.915537 -0.114453 -0.385608 0.343994 -0.274071 0.898083 0.208472 0.954875 0.211550
674.084550 -1121.551512 -288362.979187 -493049.372885 0.806535 -0.420997 -0.415045 0.389247 -0.150240 0.908799 0.444958 0.894533 -0.042698
29.098557 -511.955037 -28056.123707 -13541.498050 0.922855 -0.148362 -0.355426 0.372172 0.105987 0.922093 0.099133 0.983237 -0.153027
37.734124 -1047.136664 -33364.543425 455988.899096 0.915172 -0.226719 -0.333255 0.402182 0.458970 0.792210 0.026655 0.859038 -0.511218
37.658053 -102.572314 -4957.327118 -13747.560623 -0.970950 0.082376 0.224657 0.120765 0.979227 0.162880 -0.206573 0.185280 -0.960728
35.517325 -87.190089 -4376.040759 -6445.430212 -0.961587 0.140394 0.235881 0.141768 0.989836 -0.011210 -0.235057 0.022661 -0.971717
21.028667 -115.820868 -2409.560735 -8990.018333 -0.973388 0.128993 0.189411 0.146312 0.985963 0.080437 -0.176377 0.106010 -0.978598
23.213797 -131.038957 3274.356605 -10161.824289 0.981034 -0.091828 -0.170707 0.147112 0.926172 0.347223 -0.126219 0.365751 -0.922114
11.896752 -126.842916 -2228.101056 -10385.876643 -0.978784 0.152326 0.137034 0.138307 0.984633 -0.106629 -0.151171 -0.085414 -0.984811
11.200325 -142.424286 2488.991326 -8031.078879 0.984380 -0.123599 -0.125379 0.150515 0.960242 0.235120 -0.091334 0.250319 -0.963846
-12.195042 -3389.250006 -2073.660116 -1249417.904319 0.828222 -0.028007 -0.559699 -0.051326 0.990762 -0.125527 0.558044 0.132691 0.819134
10.029821 -3747.824836 -4801.238572 -1582574.200737 0.865913 -0.126489 -0.483937 0.497258 0.113010 0.860211 0.054117 0.985510 -0.160754
292.002102 -1986.448524 -20303.810389 -3051319.903487 0.919029 -0.131104 -0.371750 0.230864 -0.585396 0.777183 0.319512 0.800077 0.507729
-22.616333 -1924.591576 -5434.446600 -433963.522895 0.890234 -0.124773 -0.438081 0.445375 0.036749 0.894590 0.095522 0.991504 -0.088286
-27.160793 -2188.448130 -5459.201659 1213834.250121 0.778250 -0.029507 -0.627261 -0.192529 0.939576 -0.283071 0.597713 0.341066 0.725544
-12.664723 -1326.942222 -1666.006250 319277.118605 0.838246 0.143322 -0.526121 -0.400651 -0.492615 -0.772534 0.369896 -0.858364 0.355510
-7.407405 -19.002778 -24.158274 -278.742126 0.251478 -0.419740 0.872111 0.735422 -0.502925 -0.454117 0.629217 0.755569 0.182211
-5.614552 -17.456527 -1.747426 -410.362133 0.259459 -0.414159 0.872441 0.790332 -0.428123 -0.438277 0.555028 0.803233 0.216243
-6.283697 -18.451394 483.009209 -329.158725 0.109283 -0.367765 0.923475 0.778307 -0.546228 -0.309634 0.618301 0.752585 0.226541
-0.273652 -33.804149 539.890243 320.456366 0.870175 -0.155925 -0.467422 0.482158 0.073879 0.872964 0.101584 0.985002 -0.139468
0.084166 -35.376193 -150.538488 722.257269 0.853188 -0.139396 -0.502632 0.519859 0.148487 0.841248 0.042632 0.979040 -0.199154
1.945794 -35.115188 -80.937775 541.561779 0.872921 -0.137711 -0.468023 0.487687 0.220629 0.844680 0.013063 0.965587 -0.259751
3.333297 -32.200771 -193.640936 59.989205 0.899243 -0.144081 -0.413041 0.435142 0.197769 0.878373 0.044870 0.969602 -0.240538
-34.782036 -44.519484 834.217370 -1270.142626 0.934834 0.350974 -0.053874 -0.044353 -0.035116 -0.998399 0.352304 -0.935726 0.017261
-31.554403 -39.428998 627.437964 -1353.160691 0.888002 0.406864 0.214275 0.261047 -0.062425 -0.963305 0.378558 -0.911353 0.161644
-32.770080 -38.874454 241.843533 -1991.924726 0.957397 0.288090 0.019875 0.075163 -0.182150 -0.980394 0.278821 -0.940120 0.196044
-34.149935 -44.554685 109.946277 -1695.757683 0.962676 0.229844 -0.142925 -0.124810 -0.091586 -0.987945 0.240163 -0.968909 0.059481
1.893026 -27.989680 -66.704007 234.435340 0.350483 -0.174919 0.920090 0.068272 0.984562 0.161170 -0.934078 0.006329 0.357014
1.628549 -26.999662 -139.679558 135.017659 0.340699 -0.142805 0.929264 0.160447 0.982729 0.092196 -0.926381 0.117687 0.357727
2.221816 -28.225705 -71.509051 70.141078 0.356772 -0.144816 0.922899 0.183863 0.979474 0.082616 -0.915919 0.140212 0.376075
3.390916 -16.568738 -101.366433 319.328494 0.471371 -0.057202 0.880078 0.106827 0.994250 0.007406 -0.875441 0.090525 0.474771
4.021696 -27.145050 -308.320893 -3297.490826 0.436449 -0.006845 0.899703 0.057429 0.998144 -0.020265 -0.897894 0.060514 0.436032
6.196178 -26.969264 -410.430981 -8172.456428 0.460384 -0.127018 0.878586 0.110612 0.990206 0.085194 -0.880802 0.057961 0.469924
4.919017 -21.303553 -260.293859 -2421.128834 0.488597 -0.223269 0.843459 0.180454 0.971662 0.152672 -0.853644 0.077610 0.515042
0.586615 -19.474546 -428.575955 3723.483314 0.481668 -0.214827 0.849615 0.194135 0.971558 0.135601 -0.854581 0.099625 0.509673
-1.487585 -73.025619 -391.555432 11405.707921 -0.141226 0.829148 0.540897 0.727309 0.457571 -0.511518 0.671623 -0.321159 0.667667
-0.851893 -53.718981 -554.249218 9451.247098 -0.149072 0.800606 0.580351 0.696868 0.501451 -0.512760 0.701536 -0.327990 0.632669
-0.692346 -29.837885 -513.229198 3227.199979 -0.258824 0.730937 0.631459 0.627846 0.624106 -0.465083 0.734044 -0.276085 0.620449
-2.282923 -47.304412 0.466787 5774.753413 -0.199989 0.794129 0.573902 0.646899 0.546940 -0.531393 0.735885 -0.264984 0.623103
1.976786 -22.151438 750.114313 695.627804 0.423510 -0.547022 -0.722084 0.481670 0.811062 -0.331924 0.767225 -0.207233 0.606977
3.723087 -16.639413 516.740523 -431.267494 0.517067 -0.411548 -0.750513 0.438104 0.880513 -0.181002 0.735328 -0.235212 0.635585
-3.781587 -61.858167 704.132702 -5690.072123 -0.041929 0.682180 0.729981 0.729633 -0.478221 0.488815 -0.682552 -0.553114 0.477689
-10.986663 -41.542509 1275.786117 -4897.608261 0.044393 0.637319 0.769320 0.596162 -0.634833 0.491506 -0.801636 -0.436820 0.408127
-9.597125 -54.180990 -960.313507 -696.959879 -0.232775 0.817933 0.526119 0.547596 -0.336841 0.765948 -0.803713 -0.466394 0.369489
-1.305892 -64.540450 711.658917 6107.114910 0.110150 0.527951 0.842101 -0.735798 0.612904 -0.288012 -0.668183 -0.587891 0.455977
-2.348842 -79.168781 -1081.883797 -2657.245790 -0.241252 0.768632 0.592454 0.684835 -0.297710 0.665109 -0.687604 -0.566192 0.454563
6.480521 -96.116086 -502.925258 -9139.335745 0.093326 -0.703004 -0.705036 0.862248 -0.296992 0.410273 -0.497814 -0.646205 0.578446
7.548117 -92.401012 -786.808763 -9428.032310 -0.041268 -0.595129 -0.802570 0.874633 -0.409841 0.258936 -0.483027 -0.691268 0.537433
37.155334 -70.099418 -237.277401 6393.669035 -0.077568 -0.484998 -0.871069 0.068556 0.869038 -0.489972 0.994627 -0.097723 -0.034160
32.205262 -48.227592 -1686.587975 2448.630032 0.126315 -0.482043 -0.866994 -0.072539 0.867166 -0.492707 0.989334 0.125128 0.074569
29.498551 -49.973587 655.792325 2285.417756 -0.150139 -0.434511 -0.888065 -0.081301 0.900630 -0.426914 0.985316 0.008104 -0.170546
34.398089 -57.011956 1967.039729 3921.848318 -0.326173 -0.373755 -0.868285 0.010658 0.917006 -0.398731 0.945250 -0.139310 -0.295119
21.226325 -48.320031 1328.257286 -1953.571168 -0.274292 -0.331937 -0.902542 -0.167594 0.940676 -0.295028 0.946930 0.070337 -0.313650
23.874097 -52.438885 1487.877117 -707.124515 -0.375360 -0.291818 -0.879743 -0.083634 0.955937 -0.281408 0.923098 -0.032053 -0.383227
-2.274904 -36.442918 9442.009214 13072.871420 -0.283100 0.490968 -0.823896 0.842879 -0.282514 -0.457976 -0.457614 -0.824097 -0.333847
17.160816 -40.419282 9071.964411 9378.217210 -0.161777 0.384222 -0.908956 0.827041 -0.449708 -0.337292 -0.538360 -0.806310 -0.245015
46.858635 3.684176 16679.568587 10934.126418 0.300134 0.184414 -0.935901 0.902246 -0.373354 0.215774 -0.309631 -0.909175 -0.278443
24.708563 -16.601482 22531.979190 -1397.662663 0.281358 0.340225 -0.897265 0.851669 -0.519367 0.070127 -0.442151 -0.783903 -0.435888
-19.003860 -39.860637 4646.549354 9618.560834 -0.503177 0.508422 -0.698799 0.709521 -0.218578 -0.669927 -0.493348 -0.832905 -0.250753
-24.410855 -34.729832 -114.626908 -449.789719 -0.029718 -0.964690 -0.261705 0.984049 -0.074180 0.161697 -0.175400 -0.252725 0.951507
-25.011978 -35.437532 1.679635 -414.680004 -0.047900 -0.905433 -0.421778 0.974538 -0.134965 0.179055 -0.219048 -0.402462 0.888843
-24.965587 -36.531654 -101.307453 -210.335409 -0.125572 -0.943648 -0.306202 0.991819 -0.126545 -0.016755 -0.022938 -0.305801 0.951819
-23.921975 -35.787208 -241.400548 -445.181237 -0.117023 -0.983072 -0.140982 0.993108 -0.114901 -0.023124 0.006534 -0.142716 0.989742
-23.508408 -33.838360 290.850630 -555.405935 0.053520 0.993798 0.097478 0.988776 -0.066378 0.133847 -0.139488 -0.089221 0.986196
2.521173 -64.679830 551.273600 65.088378 0.976802 0.155986 0.146716 0.180502 -0.231101 -0.956039 0.115222 -0.960344 0.253896
3.292839 -68.072644 457.462838 -521.884477 0.976711 0.154262 0.149124 0.197665 -0.376634 -0.905028 0.083447 -0.913428 0.398355
1.988421 -65.783485 400.323168 590.830392 0.979949 0.148759 0.132557 0.181747 -0.394705 -0.900653 0.081659 -0.906686 0.413827
19.303193 -44.115594 -3221.041817 -3842.686369 0.922970 -0.223694 0.313189 0.080374 0.907834 0.411556 -0.376386 -0.354681 0.855882
12.274281 -47.108196 -867.219021 -3768.318460 0.907026 -0.300621 0.294841 0.163407 0.896633 0.411518 -0.388075 -0.325078 0.862393
9.156239 -55.688307 -1154.574123 -3714.418052 0.925488 -0.240148 0.292918 0.169694 0.954252 0.246186 -0.338639 -0.178136 0.923900
13.006306 -52.579104 -1616.539720 -3780.021248 0.942723 -0.177276 0.282572 0.100519 0.958691 0.266096 -0.318072 -0.222451 0.921600
-4.067796 -16.350948 -689.633339 227.478957 -0.228866 -0.140801 -0.963221 0.929517 -0.325539 -0.173272 -0.289169 -0.934987 0.205381
-8.458903 -15.347249 -1351.893616 413.746986 -0.203867 -0.149828 -0.967466 0.937778 -0.313623 -0.149041 -0.281089 -0.937652 0.204442
-5.587705 -14.146792 -391.318778 520.774011 -0.229032 -0.128816 -0.964858 0.948513 -0.252316 -0.191466 -0.218786 -0.959032 0.179972
-3.773118 -14.771040 137.008771 613.836844 -0.127687 -0.157962 -0.979155 0.966153 -0.242929 -0.086801 -0.224154 -0.957096 0.183634
-0.591977 -17.455363 -693.857543 322.636046 -0.157183 -0.171909 -0.972492 0.958119 -0.265236 -0.107973 -0.239379 -0.948734 0.206400
-0.226507 -19.672309 -716.423386 -413.707371 -0.259866 -0.142017 -0.955144 0.915007 -0.352314 -0.196562 -0.308596 -0.925044 0.221501
-0.400804 -27.403310 -92.480499 467.020847 0.350291 0.197847 0.915507 -0.181962 0.973189 -0.140691 -0.918796 -0.117305 0.376900
-0.758613 -26.467993 -168.478841 351.274864 0.341119 0.222196 0.913382 -0.188322 0.968117 -0.165179 -0.920963 -0.115665 0.372088
0.210969 -26.290374 -102.698074 -34.662683 0.339789 0.235248 0.910605 -0.045640 0.971196 -0.233871 -0.939394 0.037906 0.340739
0.218309 -26.709888 14.420630 66.884363 0.351533 0.216594 0.910775 -0.042789 0.975569 -0.215488 -0.935197 0.036780 0.352212
0.600741 -28.029345 9.038026 -450.984146 0.348803 0.242025 0.905406 0.092233 0.952525 -0.290152 -0.932646 0.184714 0.309922
0.866944 -27.732643 -24.575676 -440.714343 0.343108 0.261200 0.902248 0.097078 0.945553 -0.310654 -0.934266 0.194177 0.299070
1.404936 -49.690172 -476.153594 -990.710404 -0.458810 -0.176858 -0.870755 0.575995 0.686988 -0.443031 0.676552 -0.704818 -0.213328
3.946219 -48.420398 -313.329802 -892.894169 -0.467732 -0.143375 -0.872164 0.571862 0.703305 -0.422300 0.673944 -0.696280 -0.246968
2.086317 -44.358827 -332.431603 -8.941359 -0.464804 -0.171738 -0.868599 0.683875 0.553466 -0.475385 0.562382 -0.814973 -0.139806
3.407505 -53.721102 -507.480909 -1635.102930 -0.457307 -0.137286 -0.878648 0.448610 0.817479 -0.361216 0.767867 -0.559357 -0.312251
-0.085803 -45.157474 -388.927428 -266.361522 -0.475404 -0.194968 -0.857892 0.685321 0.529388 -0.500083 0.551658 -0.825673 -0.118057
-1.369919 -50.474499 -458.756266 -1180.687963 -0.479325 -0.212296 -0.851574 0.567192 0.665512 -0.485167 0.669732 -0.715559 -0.198584
-0.094839 -52.831941 -500.705135 -1474.997524 -0.463993 -0.183827 -0.866555 0.433923 0.805666 -0.403252 0.772283 -0.563125 -0.294057
3.175289 -27.769927 1337.668687 -126.596013 0.412718 -0.077760 0.907533 -0.052906 0.992621 0.109110 -0.909321 -0.093045 0.405559
5.457659 -26.410741 1025.508393 -451.771704 0.391981 -0.061193 0.917936 -0.189104 0.971119 0.145491 -0.900328 -0.230615 0.369089
8.108154 -27.830869 1523.459916 -46.417176 0.392550 -0.052038 0.918257 -0.055795 0.995212 0.080251 -0.918037 -0.082737 0.387767
1.326655 -50.798509 73.125056 2954.530949 0.973923 0.122220 0.191143 0.170254 0.163138 -0.971802 0.149956 -0.979004 -0.138075
0.348208 -43.086471 4.519065 2765.787913 0.971096 0.122500 0.204856 0.159615 0.304848 -0.938931 0.177469 -0.944490 -0.276484
1.307864 -44.859001 259.974420 3733.363180 0.965598 0.113281 0.234068 0.185194 0.332316 -0.924808 0.182548 -0.936341 -0.299904
-4.103719 -20.921032 57.029829 14.205012 0.455736 0.276799 0.845983 -0.330673 0.935051 -0.127806 -0.826414 -0.221498 0.517666
-3.453315 -22.185645 15.108095 318.626100 0.446750 0.277108 0.850662 -0.451843 0.890534 -0.052797 -0.772174 -0.360779 0.523055
-3.460980 -20.826045 176.536333 268.336864 0.494604 0.239856 0.835365 -0.322520 0.943188 -0.079857 -0.807061 -0.229924 0.543863
-3.203060 -22.239615 -112.180685 241.238892 0.411609 0.298632 0.861044 -0.448776 0.888719 -0.093700 -0.793208 -0.347848 0.499824
-3.967306 -21.501566 -139.849077 -90.041214 0.408692 0.307706 0.859237 -0.326103 0.928537 -0.177414 -0.852424 -0.207692 0.479830
10.515411 -114.360499 -405.108256 7983.745246 0.994565 -0.100542 -0.027040 -0.098265 -0.992304 0.075348 0.034407 0.072282 0.996791
11.479130 -93.225932 -1359.310115 6408.840738 0.989867 -0.141970 0.002785 -0.140550 -0.982387 -0.123131 -0.020217 -0.121492 0.992386
10.049628 -108.796169 -1920.574423 6914.656353 0.995592 -0.091607 0.020139 -0.093188 -0.990469 0.101428 -0.010655 0.102858 0.994639
9.428248 -133.896286 35.341470 8595.209833 0.996889 -0.065243 -0.044230 -0.044401 -0.928449 0.368796 0.065127 0.365684 0.928458
9.567845 -101.720340 -1478.845308 4374.523964 0.996519 -0.068280 0.047836 -0.076142 -0.979086 0.188659 -0.033954 0.191644 0.980877
10.389334 -122.556103 -105.403991 5627.049822 0.998945 -0.043336 -0.015171 -0.032457 -0.900198 0.434269 0.032477 0.433318 0.900656
8.497918 -86.930019 -1309.431712 5325.720994 0.991772 -0.118279 0.048982 -0.113739 -0.989701 -0.086917 -0.058758 -0.080630 0.995011
-0.324363 -57.184856 -243.326055 395.747035 0.982641 0.181480 0.038492 -0.067695 0.543941 -0.836388 0.172725 -0.819264 -0.546784
0.018779 -61.012374 -111.036690 336.011381 0.982739 0.174769 0.060655 -0.048312 0.558958 -0.827787 0.178575 -0.810569 -0.557753
0.657715 -57.919245 -263.489555 114.609206 0.979162 0.202856 0.009581 -0.129861 0.661704 -0.738434 0.156136 -0.721802 -0.674258
-0.331766 -54.154334 -250.153098 171.707137 0.977362 0.211399 -0.008634 -0.144550 0.637388 -0.756864 0.154497 -0.740978 -0.653516
-0.979273 -52.980577 -149.064961 -33.972121 0.980964 0.192476 0.025730 -0.079140 0.517255 -0.852164 0.177330 -0.833907 -0.522641
-11.894532 -23.892819 -606.393399 27.911473 0.531221 -0.150171 0.833818 0.303398 0.952616 -0.021726 -0.791046 0.264520 0.551612
-11.306300 -22.979404 -719.760839 189.719762 0.491693 -0.144071 0.858768 0.417816 0.904307 -0.087512 -0.763982 0.401836 0.504836
-9.647842 -23.748605 -503.815593 163.942111 0.510380 -0.101237 0.853969 0.289690 0.955245 -0.059892 -0.809686 0.277954 0.516865
-5.953203 -57.565351 -57.263593 -156.510207 0.965429 0.069409 0.251256 -0.074765 0.997131 0.011822 -0.249714 -0.030199 0.967849
-6.841898 -57.936152 -197.776634 -371.629182 0.971019 0.034834 0.236449 -0.040316 0.999018 0.018387 -0.235576 -0.027387 0.971470
-7.755426 -57.859328 -102.091847 185.373189 0.965806 0.061977 0.251749 -0.008644 0.978165 -0.207650 -0.259121 0.198373 0.945254
4.239086 -88.269456 -1497.497044 -8561.830515 0.978444 -0.080818 -0.190043 -0.050606 0.798355 -0.600057 -0.200217 -0.596739 -0.777056
10.383833 -86.676442 -1500.631376 -4299.270559 0.986069 -0.034320 -0.162761 -0.072808 0.790720 -0.607833 -0.149559 -0.611215 -0.777205
9.662283 -98.256539 -1913.078842 -7674.506700 0.983524 -0.069682 -0.166807 -0.008654 0.903520 -0.428459 -0.180570 -0.422843 -0.888031
10.753492 -400.148665 -1529.950414 25649.982207 0.980515 -0.052747 0.189228 0.151835 0.814693 -0.559662 0.124642 -0.577489 -0.806828
3.015231 -378.163925 7351.386333 -9647.859301 0.966130 -0.061885 0.250524 0.193922 0.814615 -0.546623 0.170254 -0.576691 -0.799025
16.500947 -409.217378 -2232.294396 -71270.607157 0.980567 -0.038601 0.192349 0.103239 0.935246 -0.338609 0.166823 -0.351887 -0.921057
23.376625 -358.064086 -3038.217326 255.414384 0.988827 -0.049341 0.140663 0.095000 0.935766 -0.339584 0.114873 -0.349153 -0.929998
19.684149 -406.448508 -4372.141557 -2803.383472 0.984571 -0.082702 0.154211 0.156126 0.813165 -0.560702 0.079027 -0.576127 -0.813530
-20.277075 -70.833641 -2.172335 24535.292247 0.915336 0.233408 0.328149 -0.151566 0.954653 -0.256254 -0.373080 0.184822 0.909204
-28.273296 -43.865181 -5080.060553 9663.422212 0.849901 0.403945 0.338373 -0.286108 0.892995 -0.347422 -0.442505 0.198463 0.874530
-29.652622 -62.515343 15028.305766 9038.336117 0.332217 0.932718 -0.140248 0.823788 -0.214515 0.524744 -0.459352 0.289863 0.839628
-6.208304 -141.840597 -4044.141374 36716.008771 0.917171 0.230850 0.324817 -0.183844 0.968306 -0.169071 -0.353552 0.095352 0.930542
452.373975 -401.947939 -168819.778660 163766.407729 -0.186543 -0.898009 0.398473 0.909212 -0.004141 0.416312 -0.372202 0.439957 0.817254
34.753744 -75.275846 -12451.012952 16301.681547 0.100185 0.974852 -0.199064 0.769285 0.050989 0.636868 -0.631002 0.216941 0.744831
-9.881114 -495.145341 1293.321163 -128067.644919 0.957526 -0.103039 0.269308 0.065526 0.987294 0.144766 -0.280803 -0.120971 0.952111
-17.852266 -389.880058 2764.360584 12458.224057 0.962219 -0.053269 0.267017 0.058731 -0.916984 -0.394577 -0.265869 -0.395352 0.879210
0.418901 -521.169975 -2733.271675 -180565.765844 0.962710 -0.088214 0.255749 0.057808 0.990588 0.124071 -0.264287 -0.104660 0.958749
0.142342 -532.168005 -1233.879231 -191035.436077 0.974482 -0.024220 0.223157 -0.002304 0.993030 0.117839 -0.224456 -0.115347 0.967634
10.909663 -690.765259 7072.335304 176615.746838 0.970002 -0.033490 0.240781 -0.091171 -0.968288 0.232608 -0.225355 0.247582 0.942294
-3.590079 -11.784878 -275.647088 215.305256 -0.496330 -0.477284 -0.725160 0.868025 -0.286036 -0.405852 -0.013715 -0.830894 0.556262
-1.935022 -10.618378 -74.453674 382.145454 -0.338704 -0.521459 -0.783173 0.940717 -0.203793 -0.271146 -0.018214 -0.828583 0.559570
-2.551652 -13.003530 -311.957358 483.604828 -0.358038 -0.516142 -0.778079 0.932384 -0.241979 -0.268525 -0.049681 -0.821611 0.567880
-4.915140 -14.709716 -623.129442 161.529265 -0.502561 -0.467333 -0.727346 0.863505 -0.312524 -0.395838 -0.042325 -0.827000 0.560607
-4.057801 -16.181062 -765.056031 615.884512 -0.344272 -0.517788 -0.783181 0.934940 -0.265317 -0.235572 -0.085815 -0.813328 0.575441
-1.490393 -14.849752 -317.547073 715.579868 -0.258664 -0.541025 -0.800241 0.961585 -0.223036 -0.160026 -0.091904 -0.810893 0.577933
6.522670 -33.673289 -276.772145 -2074.740701 0.974393 0.218824 -0.051721 0.183080 -0.638555 0.747482 -0.130540 0.737810 0.662265
7.574104 -34.131663 1079.227449 -2132.286861 0.982470 0.177766 -0.056137 0.158785 -0.640220 0.751602 -0.097670 0.747341 0.657223
6.126451 -38.979548 338.947486 -2189.885729 0.979413 0.195880 -0.048805 0.177844 -0.722871 0.667704 -0.095510 0.662637 0.742825
4.770454 -39.644516 -946.393060 -2092.392847 0.972304 0.232473 -0.024128 0.192095 -0.736057 0.649091 -0.133137 0.635749 0.760328
1.134285 -46.740563 157.047659 -1432.041883 0.984174 0.175212 -0.026497 0.164869 -0.850558 0.499368 -0.064958 0.495834 0.865985
-5.808110 -22.965120 766.767418 -567.235591 0.898371 -0.275051 0.342456 -0.437821 -0.498188 0.748413 0.035244 0.822287 0.567981
-5.455613 -25.399543 821.458002 -1075.373959 0.925287 -0.223511 0.306409 -0.378772 -0.585841 0.716465 -0.019370 0.778995 0.626731
-4.359758 -25.393552 962.898018 -707.563228 0.908226 -0.276932 0.313742 -0.417293 -0.542897 0.728786 0.031495 0.792825 0.608636
19.043879 0.059727 -1298.387975 3963.104352 -0.006452 0.029127 0.999555 0.912087 -0.409609 0.017823 0.409946 0.911796 -0.023923
14.595626 3.648157 -1455.686728 4381.667634 -0.079958 0.156307 0.984467 0.900593 -0.411987 0.138558 0.427245 0.897683 -0.107827
20.859905 14.587691 -1576.619993 3206.075674 -0.374849 0.169325 0.911492 0.826638 -0.384060 0.411299 0.419711 0.907649 0.003994
21.799366 8.656274 -599.773040 3839.235089 -0.097516 -0.083655 0.991712 0.906727 -0.418263 0.053877 0.410289 0.904466 0.116639
21.103111 -3.705005 -555.220783 3024.592307 -0.014735 -0.091836 0.995665 0.921878 -0.386853 -0.022038 0.387200 0.917557 0.090362
6.870620 -15.866997 -5951.532684 742.755325 0.871842 -0.473686 -0.124553 0.180556 0.547221 -0.817281 -0.455293 -0.690051 -0.562617
-7.317315 -21.410694 -1466.857833 1638.598514 0.896800 -0.358386 -0.259442 -0.004989 0.578164 -0.815905 -0.442409 -0.732998 -0.516709
13.411350 -18.842734 -8680.467710 85.037758 0.831627 -0.553350 -0.046911 0.258428 0.460389 -0.849269 -0.491540 -0.694152 -0.525873
-9.581481 -20.022786 -744.448324 1636.549405 0.901897 -0.273910 -0.334000 -0.096980 0.625090 -0.774504 -0.420924 -0.730914 -0.537203
64.070980 -14.940684 -18482.194869 -1005.732513 0.792923 -0.606691 0.056561 0.385272 0.427283 -0.817921 -0.472058 -0.670340 -0.572544
-7.819637 -18.592873 -2617.358941 329.398320 0.897439 -0.371979 -0.237139 0.047865 0.616497 -0.785901 -0.438535 -0.693947 -0.571073
20.205780 -14.314416 -10723.099080 -693.893220 0.827574 -0.559167 -0.049539 0.301370 0.517011 -0.801171 -0.473601 -0.648099 -0.596381
-529.740007 -675.165004 -48036.182473 210413.524007 0.233727 -0.671636 -0.703048 0.937488 -0.036087 0.346140 -0.257851 -0.740002 0.621217
-666.298824 -1116.421540 20444.443086 -209961.477754 0.756824 -0.555492 -0.344450 -0.354831 0.093396 -0.930254 -0.548919 -0.826260 0.126421
-584.677173 -709.253577 151337.500643 12544.855603 0.824449 0.295298 0.482786 0.565764 -0.409070 -0.715942 0.013923 -0.863401 0.504327
-417.582286 -566.640732 119729.852958 -79012.517613 0.777089 0.590801 0.216994 0.628852 -0.714560 -0.306513 0.026033 -0.374645 0.926803
-642.146676 -1865.782262 131691.035409 -288124.198671 0.917132 0.304481 -0.257217 -0.170672 -0.283178 -0.943759 0.360195 -0.909451 0.207746
-1689.319805 -9254.637601 546766.398034 -4824760.130437 0.878256 0.475453 0.051095 0.369937 -0.607841 -0.702621 0.303006 -0.635983 0.709727
2.571631 -135.420748 -1972.705954 35309.001438 -0.410740 -0.905976 -0.102468 0.910797 -0.412854 -0.000623 -0.041740 -0.093584 0.994736
-16.288863 -21.204064 3145.311553 6457.066099 0.177549 0.983676 0.029294 0.973661 -0.179912 0.140059 -0.143043 -0.003655 0.989710
43.133759 -184.752742 14522.952575 38146.493917 0.015145 0.974175 -0.225285 0.946191 0.058878 0.318209 -0.323255 0.217981 0.920864
29.785138 -36.411627 -15909.019643 5457.857260 -0.210560 0.948094 0.238288 0.918776 0.108659 0.379532 -0.333940 -0.298848 0.893965
1.810557 -2146.816457 16071.114440 538878.426981 0.593038 0.804672 -0.028432 0.517868 -0.354150 0.778710 -0.616537 0.476529 0.626739
-4.297170 -95.891486 -714.903270 -14598.944299 0.785858 0.590151 0.184791 -0.527862 0.795818 -0.296707 -0.322163 0.135626 0.936919
-9.386870 -115.576007 -699.790699 -15789.714076 0.788762 0.607653 0.092804 -0.517061 0.737517 -0.434416 -0.332418 0.294665 0.895919
88.357544 -1779.834064 -2724.983221 317965.710822 0.548835 0.835931 -0.000193 0.757460 -0.497216 0.423121 -0.353603 0.232370 0.906073
5.510233 -182.674158 -428.776540 34748.926204 0.832675 0.538989 -0.127055 0.039725 0.170709 0.984520 -0.552335 0.824833 -0.120733
5.150217 -195.988905 -441.756807 7920.501440 0.837527 0.525949 -0.148077 -0.159581 0.494646 0.854318 -0.522573 0.691884 -0.498211
5.796685 -214.086352 196.874135 35366.129048 0.862231 0.494753 -0.108522 0.017068 0.185751 0.982449 -0.506228 0.848950 -0.151716
11.988857 -50.845716 1251.962879 933.587430 -0.480488 0.138072 -0.866064 0.793392 -0.352376 -0.496347 -0.373712 -0.925617 0.059767
9.625902 -50.107803 2208.627603 -549.691911 -0.430188 0.172100 -0.886183 0.853370 -0.242661 -0.461385 -0.294446 -0.954724 -0.042475
6.264212 -50.834498 2601.636104 1600.281154 -0.437091 0.226009 -0.870558 0.774096 -0.398305 -0.492065 -0.457958 -0.888973 -0.000857
13.258517 -48.610716 302.877611 -471.926211 -0.462406 0.053976 -0.885024 0.861834 -0.207219 -0.462928 -0.208380 -0.976804 0.049301
7.499215 -52.322307 2596.370753 1596.414410 -0.465600 0.223490 -0.856311 0.662031 -0.554164 -0.504597 -0.587309 -0.801845 0.110061
17.611648 -50.349791 -800.570424 1320.954351 -0.530234 0.017659 -0.847667 0.795878 -0.334292 -0.504803 -0.292283 -0.942304 0.163199
13.362384 -50.666594 849.785505 1751.844070 -0.520202 0.128315 -0.844349 0.689055 -0.521039 -0.503707 -0.504572 -0.843832 0.182629
-27.847348 -43.648320 104.264616 1786.625193 0.061180 0.035393 -0.997499 0.834612 0.546299 0.070573 0.547430 -0.836842 0.003883
-23.620460 -41.167322 611.779022 1446.070111 -0.146835 -0.197833 -0.969176 0.796684 0.557085 -0.234416 0.586289 -0.806547 0.075811
-21.835097 -37.302555 164.186802 1739.643664 -0.244548 -0.388799 -0.888275 0.708324 0.553974 -0.437482 0.662173 -0.736171 0.139922
18.041034 -28.149802 47.394403 980.223678 -0.380771 0.127027 -0.915902 -0.121287 0.975100 0.185661 0.916680 0.181782 -0.355883
24.717451 -18.840528 -1695.416056 670.771984 -0.410398 0.174047 -0.895143 -0.096955 0.967725 0.232611 0.906738 0.182251 -0.380278
16.544640 -35.255953 811.857488 2345.951131 -0.339886 0.118560 -0.932964 -0.195185 0.961530 0.193297 0.919989 0.247799 -0.303669
26.243513 -24.184557 -3485.063640 -397.194040 -0.358784 0.255572 -0.897751 0.039825 0.965102 0.258829 0.932571 0.057111 -0.356441
16.905866 -30.808948 -410.558836 376.698661 -0.352196 0.259071 -0.899356 0.024714 0.963165 0.267774 0.935600 0.072082 -0.345625
13.529750 -7.755999 1386.273466 -66.523575 0.415047 0.878408 0.236926 -0.224546 0.351262 -0.908952 0.881655 -0.324057 -0.343033
3.384865 -9.025929 1343.434415 1581.471704 0.306156 0.929287 -0.206624 -0.416162 -0.064562 -0.906996 0.856200 -0.363672 -0.366967
15.928865 -9.236373 3867.164305 278.098791 0.381637 0.812204 0.441223 -0.145123 0.524085 -0.839211 0.912849 -0.256242 -0.317880
7.523328 -8.354848 4490.741187 1747.483356 0.328052 0.803680 0.496467 -0.142765 0.561694 -0.814934 0.933809 -0.196463 -0.299002
2.520028 -8.241584 -25.192083 -235.652178 0.538247 -0.292522 -0.790393 0.812327 0.429922 0.394070 0.224534 -0.854165 0.469028
1.089009 -7.407804 -498.960951 -27.923016 0.673402 -0.220871 -0.705511 0.694944 0.514631 0.502203 0.252156 -0.828475 0.500046
0.724951 -10.288326 565.746647 372.600738 0.725016 -0.140724 -0.674202 -0.634551 -0.517058 -0.574453 0.267763 -0.844303 0.464172
0.833447 -6.503535 -836.170012 -53.265034 0.400109 -0.399865 -0.824634 0.891778 0.377317 0.249726 0.211292 -0.835308 0.507559
3.412470 -7.234952 -464.489657 -266.412125 0.337361 -0.410646 -0.847088 0.922507 0.323473 0.210587 0.187533 -0.852488 0.487950
3.780408 -8.875177 567.490735 -151.604017 0.417797 -0.330042 -0.846474 0.884916 0.358905 0.296834 0.205836 -0.873075 0.442009
-1.149830 -11.586680 2030.911287 244.506554 0.125898 -0.368908 -0.920900 0.978349 0.199880 0.053681 0.164266 -0.907720 0.386085
-6.350187 -13.874392 2381.071298 202.898134 -0.157022 -0.407806 -0.899466 0.982536 0.027559 -0.184018 0.099832 -0.912652 0.396357
-4.012631 -15.116591 146.966799 -740.098293 0.123207 -0.414736 -0.901562 0.987062 0.145147 0.068121 0.102607 -0.898291 0.427253
20.571319 -34.871343 -2140.632867 -2020.635921 0.771582 0.223281 -0.595657 0.144296 0.850536 0.505735 0.619548 -0.476167 0.624040
6.530202 -20.028737 -444.610603 506.340297 -0.180371 -0.062379 -0.981619 0.941411 0.278198 -0.190661 0.284978 -0.958496 0.008545
6.909203 -20.621077 -452.718599 97.404328 -0.225160 -0.079566 -0.971067 0.955037 0.179289 -0.236134 0.192890 -0.980574 0.035620
4.457645 -19.405637 -923.867229 154.274360 -0.260416 -0.118960 -0.958140 0.945992 0.167023 -0.277852 0.193085 -0.978750 0.069040
-4.498421 -46.304606 396.639222 -2651.817294 0.385211 -0.277368 0.880159 -0.064561 0.943325 0.325529 -0.920567 -0.182221 0.345473
-4.731875 -50.097678 -196.353169 -3008.947730 0.337308 -0.235759 0.911395 -0.101295 0.953423 0.284120 -0.935929 -0.188156 0.297716
-3.908160 -48.004152 680.889945 -1922.194499 0.421185 -0.273898 0.864629 0.078381 0.960737 0.266161 -0.903581 -0.044332 0.426116
-3.529333 -37.676384 330.362673 -2852.732706 0.378395 -0.314884 0.870440 -0.209561 0.886803 0.411903 -0.901611 -0.338272 0.269574
-2.549700 -40.483078 527.213575 -2256.083579 0.412576 -0.332159 0.848205 -0.069876 0.916865 0.393035 -0.908239 -0.221425 0.355066
-1.325234 -48.673441 -298.708363 708.306279 0.433007 0.073614 0.898380 0.678586 0.629404 -0.378643 -0.593318 0.773583 0.222583
-1.471009 -47.323473 -297.747909 487.219934 0.455138 0.089694 0.885892 0.754446 0.489580 -0.437175 -0.472927 0.867333 0.155158
-3.429499 -48.318164 -341.840715 430.078431 0.423078 0.047984 0.904822 0.578889 0.753909 -0.310659 -0.697060 0.655224 0.291185
0.386844 -50.669057 -193.198527 843.054330 0.460403 0.085630 0.883570 0.752776 0.489868 -0.439724 -0.470486 0.867581 0.161077
-1.271682 -51.450627 -293.773704 567.299398 0.411891 0.050734 0.909820 0.582487 0.753164 -0.305700 -0.700753 0.655873 0.280670
0.527668 -52.798372 -187.442982 1007.318753 0.433575 0.064021 0.898841 0.680189 0.631013 -0.373048 -0.591063 0.773126 0.230045
7.521158 -17.737804 1713.621904 -17.737045 -0.268038 0.583177 -0.766851 0.668976 0.685452 0.287447 0.693272 -0.435958 -0.573859
0.765249 -17.272734 647.050445 -121.345285 -0.172347 0.662394 -0.729061 -0.629664 -0.643261 -0.435590 0.757509 -0.383991 -0.527950
17.070250 -34.678222 3636.098622 -3742.038755 -0.699139 -0.286189 -0.655211 -0.010858 0.920540 -0.390497 0.714904 -0.265898 -0.646693
