10259
20505
-33.167989 -63.517480 1281.077705 8624.159151 0.039666 -0.973749 0.224141 0.991382 0.010324 -0.130595 0.124853 0.227389 0.965767
-49.065083 -74.970080 -963.965056 6337.449551 0.072687 -0.949965 0.303780 0.992885 0.097727 0.068033 -0.094316 0.296674 0.950310
-37.653573 -78.714082 1965.128168 10833.818367 0.280269 -0.937928 0.204303 0.959716 0.278197 -0.039401 -0.019881 0.207115 0.978114
-42.429666 -66.154143 365.347013 5318.825270 -0.317252 -0.893143 0.318822 0.948327 -0.296962 0.111752 -0.005132 0.337801 0.941203
-22.514697 -77.921243 5722.842085 15379.646304 0.287823 -0.952980 0.094796 0.951558 0.273400 -0.140676 0.108144 0.130694 0.985507
-20.108539 -64.832646 -3902.144979 11739.486324 -0.120911 0.988177 -0.094269 0.966133 0.095339 -0.239785 0.227962 0.120069 0.966238
-23.927003 -44.658461 -2829.392845 4658.085121 0.169211 0.966010 -0.195431 0.953688 -0.210519 -0.214851 0.248690 0.150025 0.956894
-31.319437 -51.789487 1488.762534 5098.043590 -0.360968 -0.887380 0.286809 0.918363 -0.391730 -0.056182 0.162206 0.243115 0.956339
-42.663433 -63.796133 639.905719 2344.294739 0.721271 -0.497214 -0.482230 0.471504 -0.157551 0.867676 0.507397 0.853203 -0.120801
-42.587071 -62.473119 -167.615393 -454.145120 0.715039 -0.511000 -0.477073 0.405980 -0.252034 0.878441 0.569122 0.821801 -0.027242
-46.202748 -65.724869 -934.319699 1694.798844 0.716031 -0.598341 -0.359566 0.397980 -0.073276 0.914463 0.573508 0.797884 -0.185660
-45.789924 -66.011353 -71.697985 2367.831478 0.744092 -0.561802 -0.361532 0.457443 0.034046 0.888587 0.486902 0.826571 -0.282326
-42.797282 -65.231549 175.893686 1749.865138 0.726472 -0.445651 -0.523100 0.568273 -0.038423 0.821942 0.386398 0.894382 -0.225338
10.561210 -57.106930 98.922466 -5586.151911 -0.611961 -0.788015 0.067346 0.747794 -0.548791 0.373675 -0.257503 0.279035 0.925112
5.691394 -45.256030 -1385.988604 -5458.277299 0.563004 0.821687 -0.088635 0.740657 -0.454063 0.495230 -0.366679 0.344465 0.864228
8.362294 -54.241104 456.819638 -4974.804621 -0.538130 -0.833546 0.124969 0.794380 -0.452010 0.405766 -0.281738 0.317628 0.905393
27.453028 -52.062008 5959.485905 -2445.420820 0.157688 0.970898 -0.180257 0.984414 -0.168950 -0.048834 -0.077867 -0.169746 -0.982407
8.704243 -59.009948 2144.493250 -1942.865268 0.242257 0.950453 -0.194809 0.969659 -0.243968 0.015538 -0.032758 -0.192662 -0.980718
20.712049 -50.243023 4994.245028 3834.998467 0.141387 0.974721 -0.173001 -0.956311 0.179652 0.230640 -0.255890 -0.132833 -0.957536
26.553952 -54.889347 4537.535413 213.279707 0.209175 0.956332 -0.204146 0.967272 -0.171684 0.186841 0.143633 -0.236548 -0.960945
140.305817 -39.943757 38019.260097 1390.709773 -0.104153 0.988823 -0.106683 -0.972283 -0.078656 0.220179 -0.209327 -0.126658 -0.969608
95.092056 -39.134053 19501.590904 676.775649 -0.078288 0.970301 -0.228882 0.996834 0.072994 -0.031518 -0.013875 -0.230625 -0.972944
3.745036 -84.469385 836.263180 -1720.781851 0.100605 0.987091 0.124617 0.668348 0.025734 -0.743403 0.737014 -0.158078 0.657132
9.284998 -78.592485 686.319571 4951.445987 0.144376 0.985688 0.087033 0.442033 0.014446 -0.896883 0.885304 -0.167960 0.433620
5.686007 -79.167511 799.949679 -1977.761314 0.162226 0.984196 0.071003 0.647224 -0.051815 -0.760536 0.744838 -0.169333 0.645401
0.472107 -79.033556 1203.503982 -3171.344675 0.116250 0.986799 0.112758 0.798535 -0.025351 -0.601414 0.590616 -0.159956 0.790940
2.671814 -73.873987 745.566035 -2533.448979 0.172905 0.981801 0.078553 0.778798 -0.087457 -0.621148 0.602973 -0.168577 0.779747
6.221169 -74.921665 -245.851378 -2602.542185 0.223619 0.973695 0.043740 0.639328 -0.112659 -0.760636 0.735699 -0.198057 0.647703
-2.506543 -128.561154 148.999330 3076.902446 0.286056 0.942378 0.173482 -0.443767 0.290750 -0.847665 0.849260 -0.165494 -0.501367
-1.628059 -125.275939 241.030871 3661.027682 0.270914 0.950155 0.154309 -0.597679 0.291696 -0.746789 0.754577 -0.110088 -0.646912
-2.746140 -121.071503 6.995760 3489.123857 0.272304 0.949312 0.157029 -0.447349 0.269388 -0.852824 0.851898 -0.161980 -0.498029
-3.236138 -125.204078 -34.640893 -892.327382 0.293723 0.937812 0.185027 -0.262378 0.265228 -0.927800 0.919176 -0.223969 -0.323964
-3.189803 -112.356477 -187.769210 2967.223416 0.256690 0.957078 0.134582 -0.455263 0.242566 -0.856678 0.852553 -0.158631 -0.497986
-3.795881 -118.760876 -76.250591 975.015411 0.278129 0.944971 0.172262 -0.269997 0.249018 -0.930103 0.921817 -0.212178 -0.324399
17.928015 -10.288757 5165.362125 -1734.116480 -0.838310 0.060445 -0.541833 -0.119073 0.949543 0.290154 0.532032 0.307757 -0.788814
5.608770 -12.050337 4964.811050 -2153.908138 -0.863532 0.199460 -0.463172 0.016701 0.929264 0.369040 0.504018 0.310942 -0.805780
18.459487 -7.525958 6686.281328 -950.027874 -0.839759 0.006193 -0.542925 -0.153715 0.956314 0.248666 0.520747 0.292275 -0.802121
29.849162 -7.021568 5566.518271 -946.213825 -0.795389 -0.034002 -0.605145 -0.206220 0.954039 0.217446 0.569938 0.297747 -0.765844
2.311535 -53.089512 -590.667122 -1155.797668 0.324603 0.942658 0.077641 0.561136 -0.125844 -0.818101 0.761419 -0.309125 0.569809
1.197236 -49.337939 -529.041140 -957.824590 0.312656 0.945762 0.088211 0.695284 -0.164597 -0.699634 0.647168 -0.280076 0.709035
3.168891 -53.096435 -331.846398 -1190.214259 0.299946 0.950137 0.085271 0.583558 -0.112039 -0.804306 0.754647 -0.291009 0.588065
-2.698476 -89.682008 1910.596138 -1703.111885 -0.008292 0.939549 0.342314 -0.938739 -0.125259 0.321060 -0.344529 0.318681 -0.883030
-0.087850 -96.732599 2497.239579 -866.215831 0.006229 0.936394 0.350895 -0.864975 -0.171033 0.471769 -0.501776 0.306454 -0.808892
6.123827 -100.574620 2511.537757 -1509.064145 -0.049645 0.933059 0.356282 -0.923579 -0.178674 0.339232 -0.380182 0.312214 -0.870623
-3.727885 -90.057068 2011.624078 2244.871079 -0.027100 0.933658 0.357140 0.983613 0.088611 -0.157014 -0.178244 0.347032 -0.920759
-8.719017 -85.942699 771.212150 259.640099 0.016363 0.954989 0.296188 0.981595 0.041029 -0.186516 -0.190273 0.293789 -0.936741
-0.591021 -74.517119 2911.299960 4514.987228 0.911528 0.148521 0.383482 -0.064626 0.972653 -0.223090 -0.406129 0.178570 0.896199
-11.435672 -63.510998 1982.240872 290.312638 0.893810 0.161891 0.418203 0.002752 0.930566 -0.366114 -0.448437 0.328388 0.831304
-3.973445 -70.410011 1501.854138 4522.544607 0.881105 0.335682 0.333122 -0.234634 0.921879 -0.308359 -0.410609 0.193535 0.891035
8.988308 -78.471646 931.585341 5511.635741 0.864412 0.363946 0.346893 -0.333046 0.931346 -0.147223 -0.376658 0.011730 0.926278
15.555158 -88.977272 4083.142815 5576.738896 0.911524 0.152302 0.382006 -0.150251 0.988014 -0.035389 -0.382817 -0.025139 0.923482
-40.943739 -1954.919483 -22025.390005 -853659.546483 0.689849 -0.531224 0.491843 0.656069 0.745965 -0.114496 0.306075 -0.401669 -0.863123
-41.771383 -1789.531876 10016.734409 -641945.453147 -0.668387 0.508949 -0.542430 0.730641 0.585875 -0.350591 0.139363 -0.630652 -0.763450
-75.747059 -1657.928330 17148.318494 -468952.925013 -0.631753 0.439512 -0.638527 0.722507 0.035430 -0.690455 -0.280840 -0.897538 -0.339933
-8.592136 -29.992116 9.762670 -271.012567 -0.211797 0.940517 0.265649 0.245536 0.314305 -0.917019 0.945967 0.128995 0.297500
-7.701605 -29.151882 545.901771 -74.790937 -0.160462 0.976480 0.144008 0.335108 0.191128 -0.922590 0.928415 0.099782 0.357896
-9.417023 -29.397839 215.369517 16.524662 -0.156233 0.977085 0.144558 0.257769 0.181617 -0.948984 0.953492 0.111000 0.280237
0.014855 -33.133197 6635.922256 784.711916 -0.595323 0.317993 -0.737883 0.071076 0.935593 0.345853 0.800337 0.153448 -0.579582
-17.385047 -33.287033 4247.653882 701.598070 -0.518810 0.493719 -0.697909 0.146880 0.855713 0.496166 0.842177 0.154907 -0.516470
2.293096 -35.637544 7687.879851 1594.910948 -0.607400 0.305579 -0.733271 0.129629 0.948809 0.288024 0.783749 0.079892 -0.615918
16.747225 -36.071636 5949.444166 1385.250276 -0.605049 0.200456 -0.770540 0.095385 0.979067 0.179806 0.790454 0.035293 -0.611504
20.861904 -38.853574 7783.922879 2869.889938 -0.635242 0.211180 -0.742880 0.158443 0.977065 0.142267 0.755886 -0.027330 -0.654133
3.424359 -36.962989 8321.424563 1631.215112 -0.610833 0.335418 -0.717201 0.213561 0.942057 0.258690 0.762414 0.004850 -0.647071
-112.729860 -339.305916 -28767.280251 46970.108756 -0.599367 -0.301900 0.741361 0.796838 -0.136849 0.588490 -0.076211 0.943466 0.322588
-115.081568 -310.516245 13649.938239 -87301.906482 0.766196 0.219127 -0.604092 0.638204 -0.369336 0.675489 0.075095 0.903091 0.422832
-27.245241 -256.459963 -9869.912058 56134.761497 -0.353863 -0.402176 0.844414 0.930099 -0.056257 0.362976 -0.098476 0.913833 0.393970
-40.396175 -55.355658 -2630.155940 244.743223 -0.325429 0.945563 -0.002413 -0.945562 -0.325434 -0.002121 0.002791 -0.001592 -0.999995
-36.601911 -56.489574 -617.763870 -72.925181 -0.258224 0.962667 -0.081195 -0.954524 -0.267195 -0.132253 0.149010 -0.043352 -0.987885
-36.729764 -53.449452 -569.687482 -1369.695426 -0.288669 0.951362 -0.107617 0.957330 0.285194 -0.046727 -0.013763 -0.116514 -0.993094
-57.313645 -84.003199 1004.008170 -2964.513251 0.398130 -0.105780 0.911210 -0.269742 0.935914 0.226504 -0.876774 -0.335970 0.344082
-54.151769 -83.870674 1317.474634 -1842.072254 0.491171 -0.079313 0.867445 -0.190178 0.962057 0.195648 -0.850049 -0.261066 0.457451
-57.290854 -82.236439 977.356702 5538.504698 0.393255 -0.066171 0.917045 -0.016585 0.996734 0.079033 -0.919280 -0.046290 0.390873
-46.585898 -73.337517 4858.806082 -8817.587190 0.613758 -0.198712 0.764078 -0.317215 0.824180 0.469151 -0.722963 -0.530322 0.442812
-58.806023 -86.079974 -597.725126 1513.240853 0.275185 -0.121532 0.953679 -0.131756 0.977851 0.162630 -0.952320 -0.170406 0.253077
8.525813 -200.540749 2886.289942 -3788.443092 0.916223 0.115259 0.383732 0.351283 0.229549 -0.907693 0.192705 -0.966448 -0.169830
8.114339 -206.042880 4124.680187 -37351.874579 0.917255 0.130015 0.376483 0.395643 -0.188410 -0.898871 0.045933 -0.973446 0.224260
-1.227006 -214.988874 2370.214999 -19153.086175 0.923251 0.113526 0.367042 0.358257 0.090695 -0.929207 0.138778 -0.989387 -0.043063
0.606754 -241.550013 1906.823528 29966.914369 0.920189 0.125485 0.370818 0.231219 0.590144 -0.773478 0.315896 -0.797486 -0.514029
5.012017 -210.159299 1464.293583 28875.064919 0.919601 0.089225 0.382587 0.243351 0.635148 -0.733053 0.308407 -0.767219 -0.562370
-6.942054 -50.640529 476.010140 -14.106422 0.162623 -0.794748 -0.584747 0.907450 -0.112224 0.404896 -0.387413 -0.596474 0.702944
-5.340699 -49.528701 718.796795 -92.337865 0.178826 -0.784222 -0.594152 0.920679 -0.079569 0.382125 -0.346947 -0.615357 0.707788
-7.373763 -51.735955 468.666515 -276.034090 0.198608 -0.797035 -0.570342 0.949103 0.011261 0.314765 -0.244455 -0.603828 0.758705
-8.446054 -53.284913 249.095713 -324.799904 0.182912 -0.810803 -0.556005 0.939982 -0.021476 0.340548 -0.288059 -0.584925 0.758211
-8.200439 -51.798182 121.606225 -657.909579 0.142531 -0.809979 -0.568875 0.887598 -0.149746 0.435599 -0.438013 -0.567019 0.697592
9.020975 -93.002875 -633.062500 7076.712210 -0.385901 0.816425 0.429570 -0.825362 -0.513559 0.234593 -0.412138 0.264021 -0.872029
10.019551 -92.117826 -695.041725 9607.033943 -0.413101 0.793581 0.446741 -0.787524 -0.557646 0.262367 -0.457332 0.243435 -0.855328
6.911526 -82.726248 -1442.879233 9781.260303 -0.401957 0.814087 0.419158 -0.679657 -0.572015 0.459200 -0.613594 0.100305 -0.783225
5.128601 -81.572460 -801.618656 7019.977384 -0.378878 0.830975 0.407348 -0.726260 -0.539788 0.425647 -0.573584 0.134572 -0.808017
7.112099 -90.511999 314.600927 4322.665745 -0.345737 0.837232 0.423684 -0.863097 -0.460904 0.206474 -0.368144 0.294295 -0.881964
-3.601321 -130.834849 323.262222 5273.950226 0.119804 -0.771412 -0.624956 0.870260 0.384552 -0.307841 0.477801 -0.506994 0.717401
-3.365179 -134.825709 278.576420 -2043.566806 0.139953 -0.762000 -0.632273 0.958539 0.264347 -0.106412 0.248225 -0.591166 0.767403
-2.037781 -138.411959 161.197624 4169.497876 0.120284 -0.762514 -0.635692 0.881822 0.376188 -0.284382 0.455985 -0.526360 0.717651
-5.815271 -127.350463 729.896636 -3397.802810 0.141640 -0.767864 -0.624758 0.963238 0.252444 -0.091891 0.228276 -0.588775 0.775392
-1.835217 -128.837538 -101.389871 12711.609683 -0.107809 0.773455 0.624615 0.753639 0.473337 -0.456050 0.648387 -0.421568 0.633936
-3.704314 -119.835102 -680.828248 11190.818458 -0.085642 0.781642 0.617819 0.701640 0.487570 -0.519594 0.707367 -0.388987 0.590188
-6.623938 -122.825620 1298.900681 1971.297045 0.108864 -0.766582 -0.632851 0.884868 0.364814 -0.289688 0.452942 -0.528453 0.718039
29.326653 -47.213873 -289.654844 289.517169 -0.105539 0.970629 0.216198 0.993668 0.094511 0.060757 0.038540 0.221241 -0.974457
21.527343 -47.630823 -6138.141658 -754.981319 -0.098469 0.993107 0.063586 -0.993256 -0.102011 0.055097 -0.061204 0.057732 -0.996454
23.664747 -46.844943 -5476.014124 1194.305117 -0.106003 0.990763 0.084575 0.990213 0.097413 0.099942 0.090780 0.094341 -0.991392
30.055993 -46.835320 -236.890103 -369.252211 -0.103480 0.966890 0.233270 0.989223 0.124471 -0.077102 -0.103585 0.222778 -0.969350
-8.174788 -39.169371 1504.398314 412.252466 -0.150896 0.872502 0.464726 -0.670243 -0.435855 0.600670 -0.726639 0.220841 -0.650557
-8.627983 -40.320599 306.974250 -315.937923 -0.175917 0.902025 0.394213 -0.582133 -0.418257 0.697268 -0.793835 0.106823 -0.598677
-7.594903 -41.100267 810.498296 -1463.491687 -0.155934 0.886197 0.436280 -0.578467 -0.439948 0.686893 -0.800663 0.145264 -0.581238
10.736866 -17.449402 -1386.312109 903.538945 -0.215053 0.678104 0.702799 0.239415 -0.661071 0.711102 -0.946801 -0.321185 0.020183
5.239882 -19.496751 -4114.177685 -2637.108531 -0.258305 0.500818 0.826112 -0.350756 0.748158 -0.563232 -0.900138 -0.435249 -0.017588
4.613873 -23.137111 -4779.926537 -2724.538122 -0.272913 0.533543 0.800531 -0.276257 0.753610 -0.596451 -0.921521 -0.383932 -0.058275
20.786322 -29.340686 -170.689720 -277.023600 -0.110024 0.770742 0.627576 0.077727 -0.622803 0.778508 -0.990885 -0.134434 -0.008616
20.794140 -28.007291 5018.322041 -1030.190082 -0.084553 0.792529 0.603944 0.024373 -0.604288 0.796393 -0.996121 -0.082058 -0.031778
21.232452 -33.483567 4155.891018 -453.018676 -0.056027 0.793394 0.606124 -0.047122 -0.608502 0.792152 -0.997317 -0.015820 -0.071479
5.241450 -169.097486 -252.821108 -5036.411784 0.932461 0.013455 0.361019 0.359190 -0.141594 -0.922461 -0.038707 -0.989833 0.136864
1.270316 -163.372941 -1792.536618 44.064631 0.933955 -0.025679 0.356468 0.355156 0.178068 -0.917690 0.039910 -0.983683 -0.175427
0.328801 -162.811018 -2089.069504 -6435.135001 0.931685 -0.023827 0.362485 0.353389 -0.171664 -0.919591 -0.084137 -0.984867 0.151517
-14.594484 -50.108910 962.609755 1694.496073 0.380009 0.477904 0.791960 0.821747 -0.567488 -0.051855 0.424646 0.670497 -0.608367
-19.777228 -43.805566 878.197699 1237.611262 0.436957 0.501404 0.746768 0.805263 -0.587975 -0.076399 0.400775 0.634728 -0.660682
-17.185362 -52.331496 590.208911 3254.164091 0.490051 0.445948 0.748986 0.803910 -0.563406 -0.190534 0.337015 0.695489 -0.634599
-14.969412 -55.066500 434.102321 3824.761974 0.452786 0.451221 0.769015 0.828298 -0.532099 -0.175481 0.330011 0.716429 -0.614673
-18.148933 -41.529497 1191.721242 865.426833 0.305594 0.568745 0.763637 0.808501 -0.578613 0.107394 0.502930 0.584583 -0.636651
87.454570 -1525.274572 -20376.490129 -442955.154657 -0.527387 -0.348633 -0.774802 0.388708 0.711890 -0.584909 0.755493 -0.609645 -0.239925
31.289089 -871.073652 -10134.040986 -73573.485486 -0.433925 -0.251646 -0.865091 -0.255118 0.955220 -0.149898 0.864074 0.155655 -0.478694
73.503570 -1068.992408 -16813.997115 -207732.425506 -0.669404 -0.172937 -0.722490 0.193037 0.898631 -0.393952 0.717381 -0.403180 -0.568164
70.425185 -847.793553 31384.950466 -72352.560207 0.658252 0.136657 0.740289 0.618115 0.463197 -0.635123 0.429695 -0.875656 -0.220431
-5.898410 -29.751165 -3000.620384 1204.419660 -0.332310 -0.091590 -0.938713 -0.308751 0.951000 0.016511 0.891203 0.295315 -0.344305
-14.420807 -32.242469 -3502.020527 345.198209 -0.316321 -0.223575 -0.921930 -0.292666 0.947427 -0.129342 0.902379 0.228904 -0.365124
-17.645404 -30.624826 -2965.687289 860.858582 -0.281378 -0.297490 -0.912319 -0.404191 0.899021 -0.168494 0.870320 0.321341 -0.373207
-1.017338 -224.309646 -2300.301467 38754.692444 -0.099962 0.897308 0.429937 0.890065 -0.112498 0.441734 -0.444738 -0.426828 0.787417
-4.446453 -288.304679 1377.902415 66247.086080 0.030645 -0.886340 -0.462020 0.974913 -0.075450 0.209407 -0.220465 -0.456847 0.861792
0.364880 -250.965626 -77.806907 56750.817282 0.079260 -0.911578 -0.403415 0.971337 -0.020354 0.236833 -0.224103 -0.410623 0.883836
-42.817541 -78.973611 -1348.619367 1377.115735 -0.222323 0.947094 -0.231485 0.941897 0.269958 0.199882 -0.251798 0.173597 0.952083
-53.954122 -79.067857 1519.121421 1513.002471 -0.030748 0.950622 -0.308823 0.954587 0.119532 0.272901 -0.296341 0.286408 0.911127
-52.546545 -77.625926 -689.579176 2675.873714 -0.220488 -0.908115 0.355968 0.941598 -0.102940 0.320619 -0.254515 0.405871 0.877776
-45.586989 -63.633728 -1783.014736 -727.029159 0.676138 -0.604769 -0.420823 0.379134 -0.204149 0.902541 0.631740 0.769791 -0.091256
6.397692 -45.186975 -92.698530 -5112.087558 0.635491 0.770714 -0.046375 0.686555 -0.536575 0.490643 -0.353262 0.343638 0.870126
2.782797 -34.145937 -1026.763236 -3580.060283 0.558611 0.823577 -0.098364 0.709047 -0.412632 0.571828 -0.430356 0.389174 0.814455
6.857374 -43.099654 184.926402 1153.452468 -0.063562 0.997256 0.037944 0.898313 0.073736 -0.433124 0.434733 -0.006555 0.900536
7.156060 -45.588030 -1450.679632 1536.285211 -0.058725 0.994656 0.084914 0.915734 0.087542 -0.392132 0.397470 -0.054731 0.915982
7.300026 -47.186926 361.948395 2390.421325 -0.019957 0.999682 0.015400 0.947290 0.023833 -0.319489 0.319754 -0.008213 0.947465
4.781676 -43.739296 1932.761946 774.409977 -0.046014 0.998491 -0.029976 0.938036 0.032871 -0.344974 0.343468 0.043993 0.938133
4.087858 -41.257534 1969.009171 104.942630 -0.074251 0.997080 -0.017819 0.885585 0.057712 -0.460879 0.458505 0.050001 0.887284
2.396334 -55.147197 1323.747452 3204.031544 0.205135 0.960563 -0.187721 -0.954523 0.238743 0.178572 -0.216347 -0.142553 -0.965853
2.067155 -62.295649 921.366538 -1444.585166 0.233106 0.953974 -0.188669 0.971944 -0.222292 0.076883 0.031405 -0.201298 -0.979027
11.328662 -61.487950 2552.684456 -1022.408343 0.257497 0.951490 -0.168410 -0.937868 0.204149 -0.280582 0.232591 -0.230195 -0.944940
-1.326067 -140.465514 -89.653049 1809.044626 0.292224 0.943079 0.158767 -0.544996 0.300638 -0.782685 0.785866 -0.142193 -0.601828
-0.854419 -135.936490 52.249540 5295.587636 0.270247 0.953292 0.134915 -0.732207 0.294486 -0.614126 0.625172 -0.067180 -0.777591
8.711062 -23.283976 3165.727224 -3560.944627 -0.837967 0.208130 -0.504474 -0.029451 0.905822 0.422635 0.544926 0.369011 -0.752918
5.559089 -17.370793 3252.010314 -2850.784868 -0.851208 0.255230 -0.458588 0.042284 0.904296 0.424807 0.523122 0.342209 -0.780536
16.788391 -14.043145 4535.622354 -2593.945667 -0.836097 0.107577 -0.537930 -0.095326 0.937175 0.335584 0.540235 0.331860 -0.773314
-5.607956 -29.238599 2440.634413 -2725.295740 -0.826998 0.425464 -0.367498 0.159339 0.804248 0.572535 0.539153 0.414929 -0.732904
24.120651 -15.890636 5405.542070 -3232.911149 -0.810391 0.031778 -0.585026 -0.174545 0.940093 0.292848 0.559285 0.339435 -0.756296
19.784963 -22.625048 4999.746746 -4118.508256 -0.813422 0.067450 -0.577750 -0.167655 0.923915 0.343907 0.556989 0.376604 -0.740225
9.987695 -28.527229 3557.045086 -4526.630280 -0.831374 0.170428 -0.528935 -0.085448 0.901288 0.424710 0.549105 0.398289 -0.734745
-1.282739 -33.856260 1917.707899 -3194.164793 -0.835749 0.315642 -0.449326 0.021189 0.836206 0.548006 0.548703 0.448474 -0.705547
1774.906249 -39.258397 -1004426.895890 26162.882941 -0.494878 0.068985 -0.866220 0.868917 0.049441 -0.492482 0.008853 -0.996392 -0.084410
7753.606457 -265.286795 -5711673.894060 88234.053100 -0.412251 -0.163184 -0.896337 0.910910 -0.092254 -0.402159 -0.017065 -0.982273 0.186678
1524.014400 -34.449339 721035.018469 3505.378547 -0.387657 0.418958 -0.821094 0.876984 -0.106751 -0.468512 -0.283940 -0.901709 -0.326037
2278.759430 -34.760525 -1175103.212798 27879.196830 -0.474871 -0.398955 -0.784431 0.836494 0.072340 -0.543180 0.273450 -0.914113 0.299371
3.503368 -104.409841 2513.720378 663.063865 0.008224 0.937182 0.348744 -0.776655 -0.213693 0.592573 -0.629873 0.275727 -0.726109
-2.792388 -98.481187 1435.463805 -2055.903518 0.032155 0.951384 0.306326 -0.761177 -0.175317 0.624399 -0.647747 0.253246 -0.718534
-0.109786 -104.177918 1694.568607 832.353146 0.032257 0.948054 0.316471 -0.613917 -0.231070 0.754793 -0.788711 0.218634 -0.574573
-5.265958 -101.777301 1085.305721 -1458.025411 0.050699 0.960761 0.272704 -0.612155 -0.185853 0.768586 -0.789111 0.205903 -0.578713
-7.479713 -98.026353 756.971527 -3305.734960 0.051059 0.964299 0.259847 -0.761244 -0.130839 0.635129 -0.646452 0.230236 -0.727387
-8.126625 -67.688929 -1058.796720 5888.563200 0.840827 0.424013 0.336486 -0.279805 0.872587 -0.400376 -0.463377 0.242497 0.852336
-13.642049 -55.377299 -2040.250689 76.023437 0.857892 0.263387 0.441191 -0.032935 0.885052 -0.464325 -0.512774 0.383810 0.767953
-6.358279 -61.554904 -3202.553819 6332.357874 0.817112 0.446189 0.365026 -0.258056 0.849319 -0.460505 -0.515496 0.282087 0.809130
-19.072560 -68.547818 212.053592 6275.987640 0.848961 0.023847 0.527917 -0.239643 -0.872986 0.424813 -0.470995 0.487161 0.735417
-12.283138 -68.750169 2477.952925 -5136.385149 0.867132 -0.068226 0.493384 0.261496 0.905434 -0.334379 -0.423913 0.418969 0.802971
166.923774 -625.583433 82351.967082 -150719.444717 0.978094 0.009925 0.207928 0.178153 0.476764 -0.860789 0.107676 -0.878975 -0.464552
-27.031039 -355.765357 2395.969339 -95154.339205 0.911270 -0.128282 0.391320 0.400131 0.051117 -0.915031 -0.097379 -0.990419 -0.097911
-5.699685 -4883.631067 14806.618091 2433625.341459 -0.683228 0.517660 -0.515002 0.363084 0.852756 0.375470 0.633537 0.069542 -0.770581
-107.190294 -1073.690548 -13674.317108 -244488.775719 -0.025765 -0.092207 0.995406 -0.214443 0.973067 0.084587 -0.976397 -0.211278 -0.044844
-73.667149 -602.842505 20888.560584 147763.860579 0.159302 -0.005067 -0.987217 0.837918 -0.528082 0.137921 -0.522030 -0.849178 -0.079878
-233.904836 -1508.392653 -39241.152078 -242026.532539 -0.106879 -0.029461 0.993835 -0.205360 0.978662 0.006926 -0.972833 -0.203354 -0.110648
1.211685 -53.117666 -10481.368603 -6022.134137 0.071313 0.837701 -0.541453 0.997411 -0.064944 0.030888 -0.009289 -0.542253 -0.840164
-14.948654 -49.364993 -8165.622224 -4727.055682 0.074193 0.856647 -0.510541 0.995529 -0.093631 -0.012432 -0.058452 -0.507336 -0.859764
-14.215419 -59.915374 -8817.212071 -5050.129240 0.109196 0.858803 -0.500534 0.989586 -0.046410 0.136258 0.093789 -0.510200 -0.854927
-29.806794 -51.872582 -6180.768289 -4180.041841 0.077878 0.890614 -0.448042 0.996889 -0.075028 0.024138 -0.012118 -0.448529 -0.893686
14.020949 -68.951558 -10345.184060 -6874.499183 0.111887 0.847775 -0.518419 0.987201 -0.035164 0.155557 0.113647 -0.529188 -0.840859
-4.668441 -73.677523 -9673.711805 -3837.708382 0.176806 0.849949 -0.496313 0.945850 -0.007256 0.324522 0.272226 -0.526815 -0.805207
-27.410672 -68.731663 -6133.795689 -2738.278117 0.125311 0.893273 -0.431696 0.944665 0.025531 0.327043 0.303160 -0.448790 -0.840644
-34.091588 -60.045444 -4308.509700 -3776.494810 0.047411 0.917551 -0.394782 0.984411 0.024095 0.174225 0.169372 -0.396888 -0.902105
48.092957 -82.091412 2773.138154 7758.077711 0.410549 -0.559474 0.720027 0.233637 0.827825 0.510019 -0.881398 -0.041162 0.470577
45.144136 -73.267666 -3858.417837 7418.368542 0.230720 -0.619117 0.750642 0.276741 0.781348 0.559383 -0.932836 0.078673 0.351608
36.340178 -60.758355 -2231.657900 5719.820352 0.331529 -0.535817 0.776523 0.376992 0.829743 0.411587 -0.864850 0.156290 0.477083
31.456236 -52.965042 -4549.940419 5175.917597 0.182917 -0.589274 0.786955 0.406831 0.774078 0.485069 -0.895003 0.231431 0.381327
36.296275 -66.565529 4529.657338 6054.654343 0.495882 -0.474655 0.727189 0.366906 0.873502 0.319959 -0.787071 0.108149 0.607308
26.960618 -46.685282 -1925.083287 2562.201697 0.413710 -0.425537 0.804837 0.448594 0.864553 0.226520 -0.792217 0.267331 0.548567
23.728315 -39.628809 -4490.333575 3115.817658 0.276913 -0.477829 0.833665 0.477686 0.821247 0.312041 -0.833747 0.311822 0.455667
5.206950 -287.522068 5595.761415 -67005.721660 0.911165 0.150926 0.383405 0.411263 -0.390288 -0.823735 -0.025315 -0.908238 0.417687
13.415401 -178.632363 5050.332876 -38802.210674 0.911189 0.147774 0.384575 0.405386 -0.488046 -0.772964 -0.073467 -0.860217 0.504608
-2.914196 -48.527445 834.080469 -530.121085 0.188969 -0.775175 -0.602822 0.930597 -0.054615 0.361947 -0.313495 -0.629381 0.711056
-3.071027 -49.092951 1208.920274 510.162828 0.186611 -0.769905 -0.610264 0.882157 -0.142089 0.449010 -0.432407 -0.622139 0.652662
-1.179952 -49.788049 894.616209 19.098776 0.192666 -0.769434 -0.608975 0.880895 -0.137802 0.452807 -0.432323 -0.623684 0.651241
-3.348466 -51.330559 1247.077197 1277.869121 0.207710 -0.770292 -0.602915 0.812346 -0.207527 0.545001 -0.544931 -0.602978 0.582638
9.543363 -86.504989 -34.019260 9883.747253 -0.423372 0.769252 0.478547 -0.758208 -0.589975 0.277581 -0.495860 0.245318 -0.833032
11.856208 -97.494630 183.272090 -3372.370448 -0.425909 0.769783 0.475433 0.865169 0.500262 -0.034936 -0.264734 0.396450 -0.879058
7.562262 -77.467989 -247.525184 9138.845277 -0.397272 0.794648 0.459032 -0.657430 -0.595428 0.461792 -0.640282 0.118324 -0.758972
9.890810 -94.369918 371.288780 -6474.265415 -0.440606 0.743622 0.502885 0.834474 0.545790 -0.075937 -0.330938 0.386186 -0.861011
6.386424 -72.301497 528.287832 6548.729201 -0.407913 0.767776 0.494092 -0.636738 -0.627065 0.448725 -0.654348 0.131567 -0.744660
7.387378 -81.385173 -290.476134 8047.628858 -0.438762 0.744526 0.503158 -0.724807 -0.624202 0.291593 -0.531171 0.236753 -0.813514
-2.183497 -141.250512 294.158580 -4535.228116 0.140932 -0.750640 -0.645506 0.963769 0.253171 -0.083988 0.226468 -0.610282 0.759123
-3.150378 -129.407283 366.507702 -5183.188185 0.166135 -0.752673 -0.637089 0.986007 0.135798 0.096688 0.013741 -0.644238 0.764702
-5.027827 -121.912023 419.434257 -4096.362962 0.169516 -0.765762 -0.620381 0.985481 0.137813 0.099170 0.009556 -0.628185 0.778005
-0.937258 -43.625579 -9899.440729 -1713.270684 -0.737617 0.482659 0.472188 -0.035212 0.670863 -0.740745 -0.674300 -0.563013 -0.477845
9.907873 -45.105213 -16726.063299 -1282.495832 -0.755498 0.578463 0.307576 -0.043849 -0.513067 0.857228 -0.653681 -0.634147 -0.412987
-11.979763 -51.201309 -10468.048900 -1863.917780 -0.724756 0.452000 0.520023 -0.088108 0.687749 -0.720582 -0.683348 -0.568065 -0.458625
33.812888 -35.731975 -8493.017032 -1838.128850 -0.641622 0.725782 0.248115 -0.157981 -0.441591 0.883198 -0.750575 -0.527482 -0.397995
-15.729048 -52.827920 -6871.234352 -5191.259399 -0.681952 0.305159 0.664694 -0.163452 0.822230 -0.545180 -0.712898 -0.480433 -0.510843
-7.387242 -43.064620 -4287.326537 -3301.664354 -0.698267 0.328355 0.636087 -0.096599 0.837241 -0.538235 -0.709290 -0.437276 -0.552899
18.455972 -32.197178 -9362.697787 143.695794 -0.671059 0.661876 0.334067 -0.144458 -0.558677 0.816708 -0.727194 -0.499801 -0.470518
5.336041 -43.137465 4083.170728 2986.463302 0.024263 0.882945 0.468850 -0.083877 -0.465536 0.881045 -0.996181 0.060703 -0.062764
11.789224 -35.397107 2514.738132 931.962270 -0.026550 0.830618 0.556209 0.016240 -0.555973 0.831042 -0.999516 -0.031098 -0.001272
15.363690 -37.402187 3237.946949 1125.523914 -0.028044 0.827227 0.561168 -0.095008 -0.561053 0.822310 -0.995081 0.030255 -0.094327
-4.608464 -139.197863 798.667629 -1307.252927 0.882961 0.150210 0.444765 -0.194063 0.979476 0.054465 -0.427456 -0.134403 0.893990
-7.005944 -148.968332 -77.180374 -2514.762794 0.860338 0.163200 0.482891 -0.224178 0.971964 0.070917 -0.457780 -0.169266 0.872804
-3.587605 -140.372977 -757.822530 112.623151 0.885414 0.113143 0.450821 0.286291 -0.896849 -0.337194 -0.366167 -0.427622 0.826475
-7.793964 -145.694349 490.024481 -3866.614576 0.852554 0.175515 0.492287 -0.105583 0.980343 -0.166671 -0.511864 0.090119 0.854327
-2.729740 -128.350205 1077.934317 -6139.257882 0.896716 0.131928 0.422486 -0.239591 0.947283 0.212722 -0.372150 -0.291975 0.881053
-6.323106 -142.095244 1907.135912 -2152.883060 0.881937 0.165225 0.441460 -0.073000 0.973131 -0.218375 -0.465679 0.160366 0.870302
-3.738297 -145.936884 2269.703569 -6302.965680 0.894868 0.151365 0.419881 -0.109209 0.986399 -0.122839 -0.432764 0.064070 0.899228
5.954566 -112.769078 3299.492950 -1097.490442 0.859634 0.171606 0.481229 -0.490568 0.014102 0.871289 -0.142732 0.985065 -0.096308
9.724175 -99.628725 686.268291 -4173.920696 0.859329 0.237524 0.452919 -0.508664 0.305086 0.805099 -0.053051 0.922228 -0.382990
6.489321 -104.437514 3087.351429 -2184.934635 0.858421 0.169708 0.484058 -0.510181 0.184643 0.840013 -0.053179 0.968042 -0.245083
8.963334 -95.337983 1907.594251 -5980.747181 0.859391 0.196875 0.471898 -0.510005 0.396161 0.763513 0.036631 0.896826 -0.440864
0.233902 -112.786388 2271.987066 -2666.969323 0.838835 0.183093 0.512672 -0.521534 0.000296 0.853230 -0.156069 0.983096 -0.095737
1.417477 -108.373174 2051.478075 -2990.905150 0.836815 0.190820 0.513155 -0.543940 0.183278 0.818864 -0.062205 0.964363 -0.257165
-172.250403 -27605.762087 -3356.559456 -18733055.479863 0.776518 0.092034 0.623337 0.570450 0.317447 -0.757505 0.267593 -0.943799 -0.194003
-40.035102 -1951.979443 7772.039505 699096.992555 0.757268 0.218240 0.615562 0.393543 0.599710 -0.696759 0.521219 -0.769883 -0.368254
-6.908538 -2142.229836 -4350.683006 583710.869823 -0.650726 -0.280161 -0.705738 0.689424 -0.607491 -0.394524 -0.318199 -0.743279 0.588460
35.867578 -1711.877587 -16911.396714 476301.079316 -0.679602 -0.164874 -0.714813 0.733157 -0.185762 -0.654196 -0.024925 -0.968664 0.247123
-132.460288 -3118.476053 59679.845192 -916515.850427 0.461052 0.359516 0.811283 -0.328212 0.918506 -0.220508 -0.824444 -0.164607 0.541476
-11.220353 -1399.207604 14771.299615 400542.275398 0.602182 0.342744 0.721043 0.061616 0.880511 -0.470005 -0.795978 0.327456 0.509109
-44.175403 -1535.821443 -1731.704341 632521.246346 0.597724 0.346588 0.722913 -0.126151 0.931150 -0.342119 -0.791715 0.113297 0.600293
-2.207570 -31.231429 -3510.114475 877.155620 -0.336507 -0.066834 -0.939306 -0.226844 0.973857 0.011975 0.913950 0.217106 -0.342871
-2.716713 -32.820267 -4062.905042 540.697918 -0.338290 -0.066045 -0.938721 -0.158212 0.987327 -0.012450 0.927647 0.144305 -0.344452
4.774979 -29.491789 -2422.045365 825.907557 -0.368448 0.035196 -0.928982 -0.226628 0.965735 0.126472 0.901602 0.257132 -0.347847
7.598230 -31.505107 -3407.467279 521.420929 -0.357999 0.048410 -0.932466 -0.143678 0.983905 0.106243 0.922602 0.172010 -0.345281
22.999150 -378.075386 -1886.475464 -33687.982694 0.003064 0.889259 0.457393 0.071202 -0.456428 0.886907 -0.997457 -0.029850 0.064716
25.298067 -405.552858 -4140.811512 -78457.155678 -0.037360 0.905262 0.423208 -0.113487 -0.424607 0.898237 -0.992837 0.014470 -0.118599
42.993805 -498.290335 -6107.224261 -126097.944389 -0.007696 0.877017 0.480399 -0.453658 -0.431191 0.779916 -0.891142 0.211935 -0.401184
-166.866019 -6611.630091 -118601.744546 -2369715.680470 0.183423 0.902531 0.389607 -0.432265 -0.281907 0.856548 -0.882895 0.325524 -0.338424
9.862529 -449.562029 5029.220889 -89432.939743 0.168160 0.894057 0.415192 -0.027580 -0.416758 0.908599 -0.985374 0.164241 0.045424
16.234937 -404.100985 2228.270969 57343.480649 0.152215 0.879231 0.451424 0.536652 -0.457076 0.709286 -0.829961 -0.134293 0.541415
-20.557016 -78.499875 -7898.354314 2158.745896 -0.262378 0.961067 -0.086646 0.954419 0.271701 0.123545 -0.142277 0.050281 0.988549
-51.755560 -69.798224 -2559.062797 2162.437055 0.683350 -0.695524 -0.221991 0.333517 0.026905 0.942360 0.649461 0.717999 -0.250355
-50.651925 -70.488035 -1053.541092 2746.687697 0.754716 -0.636042 -0.160795 0.341423 0.171501 0.924131 0.560209 0.752355 -0.346594
14.139123 -59.823652 -1927.716894 -5546.540646 -0.678750 -0.733680 0.031820 0.692331 -0.624844 0.360898 -0.244901 0.266989 0.932062
10.228510 -49.983718 -510.481078 2252.195418 -0.025305 0.997902 0.059599 0.961209 0.040667 -0.272808 0.274659 -0.050383 0.960221
5.501246 -47.704836 -1660.826653 297.947435 -0.086739 0.991550 0.096458 0.942599 0.113024 -0.314219 0.322466 -0.063666 0.944438
12.891751 -45.231631 4473.606322 2880.386800 0.127281 0.982131 -0.138630 -0.916335 0.169931 0.362565 -0.379644 -0.080884 -0.921590
132.215141 -41.112939 36779.827537 2474.889281 -0.038929 0.996415 -0.075116 -0.937785 -0.010475 0.347058 -0.345027 -0.083953 -0.934831
-1.257408 -83.425115 763.252643 -4492.385850 0.062762 0.984899 0.161355 0.823047 0.040367 -0.566537 0.564495 -0.168359 0.808085
-3.594057 -71.909453 966.604004 -1794.906364 0.076823 0.985090 0.153934 0.906803 -0.004849 -0.421528 0.414496 -0.171971 0.893655
-1.377394 -69.524203 1064.109445 -433.365616 0.116187 0.985473 0.123867 0.889777 -0.047855 -0.453880 0.441359 -0.162949 0.882411
0.749055 -159.459450 -307.696006 254.028683 0.268165 0.952391 0.145048 -0.682838 0.294117 -0.668751 0.679574 -0.080291 -0.729200
0.000353 -142.946995 68.759561 1679.211648 0.237051 0.964496 0.116423 -0.846403 0.263863 -0.462579 0.476875 -0.011114 -0.878901
0.204839 -120.156394 204.683281 1789.579531 0.221070 0.970127 0.099910 -0.855469 0.242087 -0.457784 0.468296 -0.015732 -0.883432
-3.805912 -20.264481 3763.577073 -3284.333890 -0.829906 0.452137 -0.326846 0.242006 0.819607 0.519304 0.502682 0.351875 -0.789617
1196.662735 -53.426632 -2337.078460 14257.811646 -0.427664 0.189787 -0.883790 0.902200 0.029010 -0.430342 -0.056035 -0.981397 -0.183633
523.142124 -7.441447 -209463.154251 -5947.487170 -0.321408 -0.631426 -0.705690 0.914611 -0.013935 -0.404094 0.245321 -0.775311 0.581988
725.969063 -31.478266 -411818.162363 16074.627842 -0.287021 -0.649243 -0.704346 0.920393 0.016890 -0.390629 0.265509 -0.760394 0.592711
0.877608 -56.401750 637.036716 -1654.564371 0.250218 0.966074 0.063972 0.629410 -0.112102 -0.768945 0.735686 -0.232668 0.636106
0.487784 -59.539632 834.726378 -1188.940169 0.261872 0.964195 0.041847 0.473192 -0.090485 -0.876300 0.841138 -0.249280 0.479944
2.169810 -54.759383 488.976286 -1478.683189 0.256485 0.963483 0.076915 0.619039 -0.102634 -0.778625 0.742298 -0.247319 0.622758
22.219618 -88.052308 2125.481742 1943.966266 0.867293 0.353113 0.350876 -0.400458 0.913605 0.070419 -0.295697 -0.201585 0.933770
30.237530 -91.531754 1347.693579 -1702.716926 0.896135 0.135598 0.422557 -0.239347 0.949497 0.202901 -0.373704 -0.282964 0.883333
21.104740 -97.757542 714.629274 5300.287866 0.881785 0.002940 0.471642 -0.019445 0.999357 0.030123 -0.471250 -0.035733 0.881276
-49.548255 -156.068523 509.638061 38853.914162 -0.198575 -0.670741 0.714615 0.979778 -0.117584 0.161892 -0.024560 0.732312 0.680526
-45.954276 -371.587798 219.718901 83038.687932 -0.138623 -0.637850 0.757582 0.933711 0.170802 0.314660 -0.330103 0.750982 0.571891
-84.420507 -695.975410 -11220.530630 229760.533015 -0.096194 -0.767058 0.634326 0.982937 0.027177 0.181925 -0.156786 0.641002 0.751355
-85.374123 -10503.236342 -15530.315297 3390062.804756 0.220855 -0.495393 0.840125 0.603868 0.745882 0.281074 -0.765876 0.445248 0.463883
-225.247995 -4318.370673 -52871.705577 1102845.737074 -0.090537 -0.601792 0.793504 0.987269 0.050398 0.150867 -0.130781 0.797061 0.589568
-3.234157 -21.177337 353.012498 -1149.173984 0.078202 0.852340 -0.517109 0.764322 0.281766 0.580017 -0.640076 0.440596 0.629427
-0.263839 -15.631009 1804.115753 -1550.315057 0.010320 0.805259 -0.592833 0.735014 0.395859 0.550500 -0.677973 0.441422 0.587791
-5.357078 -20.691203 185.129737 -64.695712 -0.128987 0.740880 -0.659136 0.728567 0.521719 0.443847 -0.672721 0.422974 0.607075
-1.252289 -19.359681 -239.773585 -1256.958025 0.170502 0.884391 -0.434491 0.754469 0.166454 0.634878 -0.633803 0.436058 0.638864
-4.907526 -25.234740 507.104242 -1368.487232 0.108431 0.863536 -0.492493 0.777886 0.234767 0.582905 -0.618980 0.446308 0.646276
-22.465716 -49.166230 -1170.948898 620.686510 0.109014 0.735584 -0.668604 -0.661888 -0.448109 -0.600918 0.741634 -0.508049 -0.438024
-26.055540 -51.099701 773.597659 -601.933122 -0.038197 0.709877 -0.703289 -0.597730 -0.580239 -0.553210 0.800787 -0.399246 -0.446478
-27.536607 -49.546662 1222.562715 -216.522767 0.038758 0.698406 -0.714651 -0.518150 -0.597477 -0.611997 0.854411 -0.394017 -0.338722
12.888053 -33.105590 4637.873646 595.442240 -0.587023 0.218888 -0.779418 0.034444 0.968636 0.246086 0.808837 0.117611 -0.576151
-62.056008 -250.113890 7673.242171 39103.458174 0.326220 -0.068847 -0.942783 0.931441 -0.146708 0.333009 -0.161241 -0.986781 0.016268
-186.432925 -1385.212633 33046.263764 366400.239076 0.974450 -0.147995 -0.168954 -0.182877 -0.086064 -0.979362 -0.130400 -0.985236 0.110930
-47.974117 -770.660757 6366.080189 188813.128824 0.137180 -0.040704 -0.989709 0.863937 -0.483852 0.139646 -0.484557 -0.874203 -0.031209
16.917170 -520.903877 2960.584918 -141015.882698 -0.076441 0.024185 -0.996781 0.982938 -0.165912 -0.079405 -0.167298 -0.985844 -0.011090
25.671152 -1030.225976 6363.865743 -262400.973946 -0.155475 0.013710 -0.987745 0.986893 0.045925 -0.154703 0.043241 -0.998851 -0.020671
4.857728 -561.040877 2535.948019 -146337.316141 -0.026181 0.044874 -0.998650 0.998462 -0.047664 -0.028318 -0.048871 -0.997855 -0.043558
4.761042 -331.808420 4572.465660 -84198.103046 -0.151577 0.053235 -0.987011 0.978366 -0.134157 -0.157485 -0.140798 -0.989529 -0.031748
3.453032 -45.186787 -8427.038696 -5073.454781 0.027118 0.852625 -0.521819 0.992019 -0.087257 -0.091019 -0.123137 -0.515186 -0.848186
-18.544945 -48.409416 -5777.248323 -1168.793915 0.004152 0.884100 -0.467280 0.983497 -0.088133 -0.158010 -0.180879 -0.458912 -0.869875
59.324371 -76.006234 -1570.801641 1091.636386 0.273953 -0.632373 0.724606 -0.002222 0.753012 0.658003 -0.961740 -0.181872 0.204885
45.152124 -72.281392 -4471.118806 5521.337922 0.089030 -0.697734 0.710803 0.160068 0.714384 0.681201 -0.983083 0.053130 0.175286
35.349023 -59.730025 -5059.673137 6122.439330 0.119402 -0.648298 0.751966 0.336298 0.739021 0.583739 -0.934156 0.183185 0.306262
3.863120 -141.762938 492.867598 -7340.422815 0.872663 0.188622 0.450422 -0.383908 -0.305033 0.871533 -0.301784 0.933476 0.193778
-0.387625 -169.678083 2731.394850 -10894.103720 0.895590 0.124003 0.427248 -0.316289 -0.497892 0.807505 -0.312857 0.858328 0.406687
3.390021 -151.372321 -407.695767 -5294.345002 0.867700 0.186577 0.460744 -0.246489 -0.643412 0.724751 -0.431670 0.742435 0.512299
5.249932 -146.041736 1402.361088 -1267.553091 0.879950 0.186221 0.437046 -0.161924 -0.747314 0.644440 -0.446619 0.637843 0.627445
6.806728 -144.131219 656.290113 3222.789434 0.875980 0.202384 0.437836 -0.250350 -0.585116 0.771339 -0.412291 0.785290 0.461883
6.213603 -137.917443 -185.478211 -2864.456021 0.867327 0.203785 0.454110 -0.340163 -0.423355 0.839678 -0.363363 0.882747 0.297867
-5.672528 -50.239535 652.690884 -486.965324 0.208721 -0.786350 -0.581455 0.956267 0.039526 0.289811 -0.204910 -0.616516 0.760210
-1.576129 -147.810293 -58.950439 1536.152217 0.128729 -0.758456 -0.638884 0.892450 0.369506 -0.258841 0.432391 -0.536851 0.724451
-1.362326 -141.163249 39.988978 11353.606175 -0.105687 0.767916 0.631771 0.770939 0.464559 -0.435703 0.628079 -0.441009 0.641114
-12.831952 -52.108723 -13306.246480 -568.876795 -0.732928 0.492431 0.469391 -0.076150 0.626250 -0.775894 -0.676030 -0.604419 -0.421497
-2.964516 -49.107992 15985.545611 180.357260 0.749349 -0.579444 -0.320501 -0.019306 0.464688 -0.885264 -0.661894 -0.669559 -0.337026
34.110746 -39.096663 -10979.360297 -680.674982 -0.674056 0.716133 0.181113 -0.089414 -0.322483 0.942343 -0.733249 -0.618998 -0.281404
12.416328 -51.643004 1318.781306 760.515991 -0.104500 0.936262 0.335400 -0.642923 -0.320899 0.695467 -0.758769 0.142960 -0.635478
