11473
22932
-40.045024 -64.358145 -3125.391214 9214.177024 -0.254857 0.965521 -0.053082 0.948669 0.239023 -0.207109 0.187281 0.103141 0.976877
-49.679585 -71.368783 -75.703452 5925.998147 0.111464 -0.981948 0.152820 0.993166 0.104719 -0.051527 0.034594 0.157519 0.986910
-42.862112 -82.724781 3514.377344 8206.026089 0.389682 -0.917828 0.075764 0.920904 0.389159 -0.022159 -0.009146 0.078406 0.996880
-40.497808 -56.946856 457.071177 5265.611024 0.276912 0.926285 -0.255570 0.938177 -0.318120 -0.136466 0.207709 0.201981 0.957111
-28.284198 -82.384841 -6138.915869 14368.011008 -0.368027 0.928734 0.044833 0.913645 0.370159 -0.168034 0.172654 0.020880 0.984761
-24.427341 -57.893374 -6586.876589 10153.166013 -0.223949 0.973682 0.042302 0.925322 0.226052 -0.304433 0.305984 0.029034 0.951594
-33.633496 -47.369411 -2336.557887 6261.134949 0.082298 0.987371 -0.135375 0.950419 -0.118630 -0.287456 0.299885 0.105006 0.948179
-55.680808 -78.160837 221.552608 -1637.722455 0.277251 0.890535 -0.360664 0.794639 -0.001530 0.607081 -0.540075 0.454912 0.708078
-55.294030 -78.688210 -147.094480 -1011.077103 -0.378558 -0.822189 0.425086 0.765527 -0.019980 0.643093 -0.520251 0.568863 0.636972
-57.306154 -76.088518 212.399432 -367.659166 0.284496 0.890068 -0.356148 0.691302 0.066918 0.719460 -0.664201 0.450890 0.596268
-57.785101 -79.835313 776.087387 -1430.271201 0.179961 0.942389 -0.281988 0.751074 0.053479 0.658048 -0.635218 0.330216 0.698180
25.283222 -81.695029 -1306.092730 -6425.535735 -0.657014 -0.750091 0.075471 0.753296 -0.649275 0.104819 -0.029622 0.125719 0.991623
24.419448 -81.186162 -528.278099 -9059.168467 -0.696879 -0.716887 0.020769 0.702937 -0.677001 0.218055 -0.142260 0.166557 0.975715
18.409014 -67.590006 -1904.662333 -7186.056897 -0.695506 -0.713412 0.085526 0.700909 -0.647442 0.299242 -0.158109 0.268071 0.950337
18.162710 -69.764825 -2208.262755 -6020.470827 -0.643638 -0.750113 0.151854 0.762240 -0.610483 0.215177 -0.068703 0.254246 0.964696
11.693586 -52.822328 -2760.366882 -5734.910785 -0.688542 -0.711752 0.138993 0.697942 -0.598330 0.393545 -0.196943 0.367982 0.908737
13.721430 -48.305085 2491.173417 -5357.715449 0.744155 0.664189 -0.071324 0.617660 -0.643469 0.452155 -0.254422 0.380527 0.889083
11.872580 -19.214905 -1270.705171 4352.967260 -0.108550 0.943181 -0.314049 -0.741552 -0.287224 -0.606303 0.662055 -0.167070 -0.730596
14.796284 -4.197297 -711.249869 8219.857975 -0.293596 0.843820 -0.449188 -0.752827 -0.493684 -0.435347 0.589111 -0.210344 -0.780194
7.706451 -11.972339 -2527.338789 4444.204443 -0.189733 0.879470 -0.436503 -0.733527 -0.422488 -0.532392 0.652640 -0.219175 -0.725275
6.884254 -20.517432 -2528.339884 1393.796843 -0.041424 0.952800 -0.300758 -0.695880 -0.243515 -0.675612 0.716962 -0.181305 -0.673122
-8.279612 -62.328306 -22.897428 -1252.531308 0.040199 0.940033 0.338707 0.898315 -0.182428 0.399688 -0.437509 -0.288198 0.851779
-8.165806 -62.192340 247.371037 -445.184494 -0.064875 -0.931099 -0.358951 0.956439 -0.160619 0.243774 -0.284632 -0.327500 0.900960
-8.439089 -60.931751 -158.695353 -1062.560582 0.055939 0.942463 0.329598 0.946279 -0.155344 0.283593 -0.318476 -0.296028 0.900522
-3.576747 -51.034716 641.662857 1883.812516 -0.146154 -0.899306 -0.412175 0.969400 -0.047126 -0.240921 0.197237 -0.434774 0.878675
-3.830594 -45.972166 930.203313 1826.948781 -0.201411 -0.893924 -0.400416 0.921218 -0.033960 -0.387561 0.332853 -0.446929 0.830339
-5.262135 -53.650991 904.965932 2047.507617 -0.143186 -0.901677 -0.408015 0.980504 -0.073183 -0.182363 0.134573 -0.426173 0.894577
-4.312128 -60.925843 533.427530 3568.295491 -0.106153 -0.902164 -0.418129 0.991721 -0.065500 -0.110451 0.072257 -0.426392 0.901648
8.047135 -61.701167 -73.325832 4249.009371 0.158940 0.960468 0.228560 -0.761518 0.266603 -0.590774 0.628354 0.080155 -0.773787
7.568220 -59.379260 642.514086 -854.828757 0.185681 0.951872 0.243850 -0.811502 0.288483 -0.508175 0.554064 0.103526 -0.826011
8.228589 -61.750267 388.813543 4230.037341 0.176213 0.956543 0.232322 -0.745198 0.283836 -0.603422 0.643140 0.066796 -0.762829
7.900338 -240.467646 -2628.674249 -16649.648653 0.233536 0.912340 0.336298 0.901645 -0.332665 0.276353 -0.364002 -0.238683 0.900296
4.689070 -226.490962 1469.049862 -2853.094729 -0.253329 -0.900183 -0.354252 0.963240 -0.268565 -0.006376 -0.089400 -0.342845 0.935128
5.787161 -234.932808 -1046.479935 -27194.408966 0.205511 0.924396 0.321337 0.833829 -0.337284 0.436998 -0.512341 -0.178132 0.840104
10.144505 -208.846200 -1666.320768 -22937.052872 0.211488 0.926275 0.311909 0.735363 -0.361018 0.573504 -0.643827 -0.108078 0.757500
-16.341620 -28.526088 -634.628000 3442.578718 0.700430 -0.386720 -0.599871 0.347251 0.918947 -0.186957 0.623550 -0.077355 0.777947
-18.779661 -32.204507 1613.028269 3078.056372 0.779030 -0.184721 -0.599158 0.192095 0.979978 -0.052364 0.596834 -0.074302 0.798917
-13.038393 -35.242820 1441.298463 2257.011834 0.686070 -0.435576 -0.582737 0.439510 0.886435 -0.145134 0.579775 -0.156547 0.799596
-13.234927 -32.744701 -866.405614 1908.946947 0.600372 -0.566599 -0.564375 0.536422 0.808725 -0.241277 0.593132 -0.157888 0.789472
-7.540797 -34.025949 708.684146 963.305900 0.527454 -0.643343 -0.554889 0.647925 0.727068 -0.227080 0.549533 -0.239752 0.800333
3.582350 -143.100568 -491.185855 -3994.746376 0.726038 -0.183235 0.662793 -0.553559 0.416095 0.721414 0.407973 0.890668 -0.200669
5.269952 -133.275959 -25.564950 -4885.608878 0.711041 -0.209206 0.671307 -0.526494 0.474416 0.705503 0.466074 0.855080 -0.227183
5.905480 -140.666316 -1219.297816 -1956.041192 0.727935 -0.193215 0.657859 -0.628051 0.197021 0.752818 0.275068 0.961172 -0.022070
-4.445650 -219.483755 -682.963362 18731.174571 0.810355 -0.134382 0.570321 -0.524317 -0.600811 0.603422 -0.261566 0.788015 0.557329
-4.440648 -221.029812 -990.013714 -4091.495594 0.805731 -0.139827 0.575540 -0.591408 -0.242693 0.768984 -0.032155 0.959973 0.278240
-5.936077 -238.899572 1886.338310 8541.608836 0.807793 -0.169963 0.564431 -0.578700 -0.410827 0.704505 -0.112144 0.895731 0.430221
-11.168194 -228.496196 2882.750070 25912.252508 0.805248 -0.161135 0.570624 -0.547824 -0.570384 0.612005 -0.226860 0.805417 0.547574
-8.526401 -251.177266 3435.893409 46034.849592 0.812446 -0.167876 0.558344 -0.463737 -0.766503 0.444321 -0.353381 0.619912 0.700593
-8.070278 -254.519152 -577.144976 45619.153777 0.814535 -0.116809 0.568233 -0.428047 -0.782140 0.452805 -0.391546 0.612056 0.687080
-15.268846 -221.267535 -82.124933 14116.218765 0.832174 -0.078010 0.548999 0.517649 -0.245675 -0.819563 -0.198810 -0.966208 0.164063
-12.973316 -228.623288 865.817324 17353.710079 0.849174 -0.022932 0.527614 0.524128 -0.085903 -0.847296 -0.064754 -0.996040 0.060927
-14.796652 -233.573361 2055.656173 -12302.999852 0.861662 -0.021259 0.507038 0.432038 -0.493432 -0.754896 -0.266237 -0.869524 0.415987
-19.203894 -227.879166 839.311609 -8341.304181 0.845888 -0.089802 0.525746 0.372114 -0.606818 -0.702355 -0.382105 -0.789751 0.479884
-15.744514 -844.482745 1244.337974 -270039.845280 0.900915 -0.161116 0.402982 0.393664 0.694272 -0.602507 0.182706 -0.701447 -0.688905
-29.463054 -1276.258374 -3392.198348 -424361.192784 0.908070 -0.076071 0.411851 0.396045 0.475813 -0.785335 0.136222 -0.876251 -0.462200
-18.177385 -539.119169 3504.545965 -167126.839570 0.944241 -0.020808 0.328597 0.326843 0.179837 -0.927811 0.039788 -0.983476 -0.176610
-128.879570 -3338.740417 16333.556804 -1366457.570670 -0.864302 0.319944 -0.388094 0.359859 0.932433 -0.032725 0.351402 -0.167943 -0.921038
7.799498 -708.255025 -2201.208303 -225639.109755 0.950405 -0.059726 0.305225 0.303333 0.394764 -0.867266 0.068694 -0.916839 -0.393303
108.819650 -6909.260882 60389.689960 2746097.628042 -0.926204 -0.095462 -0.364737 -0.117425 0.992337 0.038464 0.358270 0.078455 -0.930316
-0.123648 -671.839924 -6381.619865 -204427.333218 0.935252 -0.170487 0.310221 0.288909 0.874019 -0.390670 0.204535 -0.455001 -0.866683
68.327831 -43.385073 5237.882237 1214.545560 0.083948 0.955454 0.282950 0.963455 -0.150312 0.221721 -0.254375 -0.253997 0.933155
70.981056 -42.108066 20733.361403 -1132.076191 0.183060 0.982381 0.037644 0.925507 -0.185123 0.330404 -0.331551 0.025644 0.943089
63.879043 -39.222604 21660.310801 823.598162 0.158936 0.986911 0.027323 0.962704 -0.161057 0.217398 -0.218953 0.008249 0.975701
5.946030 -33.331791 6417.246556 -145.179646 0.112287 0.876738 0.467677 -0.124876 0.479373 -0.868682 0.985798 -0.039140 -0.163311
-6.069646 -35.752376 2592.238873 -1486.339850 0.094425 0.965681 0.241961 -0.178899 0.255550 -0.950100 0.979326 -0.046426 -0.196890
-3.971400 -34.108555 3762.947693 -1199.770625 0.110263 0.920373 0.375173 -0.232608 0.390888 -0.890562 0.966300 -0.010928 -0.257187
12.268563 -172.630709 -1362.530596 -10329.708938 0.148480 0.980943 0.125316 -0.190697 -0.095941 0.976949 -0.970355 0.168955 -0.172818
7.811047 -142.032881 -798.484180 3043.500205 0.112396 0.986108 0.122304 -0.353551 -0.075342 0.932376 -0.928638 0.148036 -0.340171
6.890989 -171.967367 -895.820788 6372.937558 0.125050 0.985779 0.112262 -0.472084 -0.040401 0.880628 -0.872639 0.163120 -0.460318
7.021175 -155.371876 318.999381 -2729.354234 0.187880 0.977173 0.099171 -0.506846 0.009971 0.861979 -0.841314 0.212213 -0.497149
13.647636 -194.552479 -437.524520 -22911.346182 0.192165 0.974574 0.115232 -0.230597 -0.069291 0.970579 -0.953886 0.213083 -0.211418
11.678546 -449.265364 -2694.082098 109422.844484 0.155501 0.982960 0.098026 -0.684139 0.035580 0.728483 -0.712582 0.180343 -0.678014
7.648131 -305.405118 -4138.692494 55559.778804 0.171936 0.983464 0.056894 -0.718126 0.085594 0.690629 -0.674339 0.159601 -0.720968
-33.636088 -997.669150 9354.134629 -284348.184181 -0.088555 0.152522 -0.984325 0.992896 0.092365 -0.075014 0.079476 -0.983974 -0.159618
-37.710010 -962.444525 6833.467399 -263129.081334 -0.102644 0.080781 -0.991433 0.994149 0.042051 -0.099498 0.033653 -0.995844 -0.084625
-7.006606 -988.695533 3108.113410 -311795.830485 0.136391 0.144671 -0.980035 0.979389 -0.168463 0.111433 -0.148979 -0.975034 -0.164666
-0.511932 -1556.499930 14318.924477 -444058.640641 -0.180890 0.174935 -0.967821 0.981703 0.091637 -0.166921 0.059488 -0.980306 -0.188310
-7.702955 -77.884457 2389.945063 -6991.955523 0.203607 0.152510 -0.967101 0.964027 -0.203622 0.170850 -0.170867 -0.967098 -0.188483
-7.341121 -210.898759 2281.283527 -69946.102308 0.038686 0.177263 -0.983403 0.984089 -0.177552 0.006708 -0.173416 -0.968015 -0.181312
-51.014764 -56.474044 311.439082 -1016.855294 0.698351 -0.712800 -0.064984 0.664826 0.612345 0.427833 0.265166 0.341980 -0.901519
-53.391361 -63.241786 -207.509934 -1651.098899 0.869814 -0.486430 -0.082516 0.452459 0.719749 0.526538 0.196734 0.495325 -0.846138
-53.948921 -62.460643 -474.810669 -3075.283228 0.747117 -0.663740 -0.035585 0.568992 0.610957 0.550435 0.343605 0.431487 -0.834119
-50.549953 -58.138526 -1012.702282 2830.898274 -0.535832 0.842671 0.052819 -0.753896 -0.449339 -0.479307 0.380164 0.296648 -0.876056
-54.226491 -65.402685 -1344.573124 4010.981517 -0.438825 0.894341 0.087104 -0.745312 -0.308116 -0.591248 0.501939 0.324374 -0.801772
-55.776788 -68.565365 -521.650859 -3621.164141 0.697428 -0.715498 -0.040710 0.554125 0.502365 0.663758 0.454466 0.485481 -0.746839
-0.726989 -138.328929 985.466937 -6267.639015 0.803169 0.415145 0.427286 -0.134455 0.825033 -0.548856 -0.580380 0.383374 0.718459
1.414361 -136.555669 328.037199 -9666.507907 0.799453 0.408291 0.440651 -0.274243 0.900681 -0.336992 -0.534477 0.148564 0.832024
3.200929 -152.603310 1212.534451 -5710.889823 0.805724 0.412932 0.424612 -0.071486 0.779456 -0.622365 -0.587961 0.471101 0.657545
0.526279 -144.808433 1558.167402 1001.580820 0.807186 0.403325 0.431022 -0.057014 -0.673496 0.736989 -0.587537 0.619461 0.520642
-1.332682 -148.655855 1361.474572 3476.640058 0.804147 0.407232 0.433024 -0.053703 -0.675718 0.735201 -0.591999 0.614465 0.521507
-3.863744 -135.745463 822.994193 -5194.719823 0.797177 0.411002 0.442250 -0.108628 0.818198 -0.564581 -0.593892 0.402031 0.696895
-2.219504 -125.623709 708.354239 -7172.693857 0.797910 0.423477 0.428961 -0.281746 0.891134 -0.355667 -0.532878 0.162932 0.830358
32.735163 -47.036021 -1784.280990 1262.471698 0.039976 0.950886 0.306948 0.989598 0.004808 -0.143779 -0.138194 0.309503 -0.940803
32.804644 -44.812004 2143.808840 384.889628 0.041899 0.911132 0.409978 0.996826 -0.010318 -0.078944 -0.067699 0.411985 -0.908672
28.735144 -46.351160 1397.128676 1404.718688 0.059234 0.910843 0.408480 0.982815 0.018455 -0.183670 -0.174833 0.412339 -0.894097
30.764824 -48.859683 -2165.091429 -1155.851039 0.045237 0.962059 0.269067 -0.959693 -0.032936 0.279113 -0.277385 0.270848 -0.921791
-0.966868 -54.226324 -1011.953221 1685.652910 0.286472 0.933854 -0.214128 -0.797305 0.356295 0.487194 -0.531261 -0.031158 -0.846635
-0.152475 -51.758025 -1096.834648 2202.891775 0.269888 0.938440 -0.215619 -0.720789 0.345377 0.600981 -0.638454 0.006782 -0.769630
-2.016487 -50.451296 -1148.118204 1522.249607 0.277413 0.936089 -0.216285 -0.717093 0.351563 0.601814 -0.639390 0.011855 -0.768792
-1.546612 -45.804110 -773.833670 1241.932613 0.278109 0.935457 -0.218120 -0.633257 0.349300 0.690634 -0.722248 0.053946 -0.689528
-0.208697 -65.526596 1244.314276 -6.888313 0.259667 0.960850 -0.096645 -0.941814 0.274093 0.194575 -0.213447 -0.040497 -0.976115
-3.226774 -65.339290 -266.799877 1646.189088 0.281176 0.951980 -0.121140 0.956138 -0.288703 -0.049504 -0.082101 -0.101908 -0.991400
-2.362533 -67.686051 -446.423577 549.742375 0.269869 0.954374 -0.127834 -0.933153 0.291960 0.209728 -0.237481 -0.062690 -0.969367
-0.892419 -63.818582 1390.175229 1072.760738 0.274968 0.956342 -0.099010 0.961079 -0.276272 0.000555 -0.026823 -0.095309 -0.995086
-0.331517 -63.848455 587.848969 1795.068478 0.242710 0.964179 -0.107008 -0.894479 0.265121 0.360025 -0.375499 -0.008334 -0.926785
0.913137 -62.666467 1624.186245 1225.206723 0.240735 0.967024 -0.083137 -0.899962 0.254474 0.353993 -0.363476 0.010398 -0.931546
1.546685 -63.642857 1564.475875 -109.162221 0.252019 0.963341 -0.091980 -0.948314 0.264787 0.174897 -0.192840 -0.043148 -0.980281
-3.624581 -100.237324 1401.210098 -4167.512891 0.230301 0.956866 0.177114 0.972212 -0.234100 0.000565 0.042003 0.172063 -0.984190
-1.014744 -92.463132 1253.978984 -3999.788636 0.242125 0.953907 0.177303 0.956410 -0.203904 -0.209052 -0.163264 0.220192 -0.961697
-0.295774 -102.804547 2044.609405 -3709.494341 0.217881 0.955990 0.196495 0.975941 -0.215107 -0.035618 0.008217 0.199528 -0.979858
-3.495892 -105.678830 1866.971620 1524.535890 0.213825 0.957826 0.191960 -0.945003 0.252600 -0.207757 0.247484 0.136979 -0.959160
2.123587 -107.336890 2385.004203 2020.640562 0.213219 0.957781 0.192854 -0.950044 0.249308 -0.187782 0.227934 0.143181 -0.963091
-4.467908 -91.334519 5987.580535 4230.727737 0.825186 0.223713 0.518672 -0.428955 -0.349242 0.833083 -0.367514 0.909935 0.192227
5.898777 -83.572945 8040.412748 6713.346387 0.846338 0.190216 0.497525 -0.390623 -0.413358 0.822526 -0.362113 0.890479 0.275538
6.854482 -93.623868 6078.974246 4452.256280 0.845560 0.221477 0.485774 -0.445394 -0.209055 0.870586 -0.294368 0.952494 0.078124
5.704651 -101.381748 4436.616663 -1557.035515 0.840352 0.263808 0.473513 -0.505536 0.066282 0.860256 -0.195557 0.962295 -0.189065
-7.144483 -103.644955 4175.287565 -438.931286 0.818878 0.255840 0.513795 -0.499412 -0.123604 0.857502 -0.282891 0.958784 -0.026553
-4.049473 -48.334251 -1506.537999 -438.272860 0.351626 0.913386 0.205147 0.874663 -0.398653 0.275755 -0.333653 -0.082472 0.939082
-5.284639 -47.087698 -1925.683972 316.688607 0.357909 0.911085 0.204510 0.851309 -0.408368 0.329407 -0.383633 -0.056203 0.921774
-4.046308 -48.925911 -1376.327808 2165.470059 0.338279 0.920525 0.195452 0.848743 -0.388152 0.359128 -0.406451 -0.044403 0.912593
-2.669509 -51.159932 -695.985121 1767.936512 0.327687 0.926428 0.185345 0.856071 -0.374143 0.356595 -0.399705 -0.041817 0.915689
-0.884746 -48.395793 -1240.560838 -60.650507 0.350178 0.914233 0.203847 0.883353 -0.394710 0.252767 -0.311549 -0.091555 0.945809
-2.516368 -46.124143 -742.205002 -846.007216 0.370568 0.907339 0.198533 0.897879 -0.404648 0.173414 -0.237681 -0.113997 0.964631
6.004568 -59.787344 -318.195498 -1126.160334 0.403000 0.909284 0.103893 0.643225 -0.200654 -0.738918 0.651040 -0.364610 0.665737
6.938416 -62.248203 -172.802055 -1519.934028 0.381608 0.920421 0.084854 0.603329 -0.178485 -0.777263 0.700264 -0.347805 0.623428
6.094168 -64.120872 -181.651750 -1193.151756 0.414947 0.907225 0.069008 0.493847 -0.160875 -0.854538 0.764156 -0.388668 0.514785
5.614188 -58.428171 600.939966 -1028.384073 0.361700 0.926749 0.101533 0.711718 -0.204136 -0.672151 0.602188 -0.315380 0.733420
5.640061 -61.190887 -712.042671 -1489.655138 0.433687 0.895716 0.098025 0.527879 -0.164398 -0.833257 0.730246 -0.413118 0.544127
6.033843 -56.253734 -44.326295 -1138.331052 0.412811 0.903766 0.113113 0.631891 -0.194735 -0.750194 0.655973 -0.381164 0.651471
5.892516 -53.501336 -252.152902 -840.104362 0.399744 0.906806 0.133823 0.728279 -0.225548 -0.647100 0.556610 -0.356134 0.750569
-26.601744 -197.578075 1306.135425 19304.294975 0.694122 0.408823 0.592502 -0.389683 0.905452 -0.168239 -0.605262 -0.114109 0.787805
-24.996585 -224.647523 2967.527216 15513.242871 0.752110 0.398305 0.525056 -0.531252 0.837887 0.125368 -0.390003 -0.373228 0.841783
-21.788797 -196.809402 3148.390487 17182.420927 0.744516 0.434659 0.506722 -0.448485 0.887875 -0.102657 -0.494527 -0.150828 0.855975
-21.726780 -162.510838 2243.083409 22158.689966 0.703352 0.456920 0.544537 -0.260885 0.878515 -0.400187 -0.661237 0.139411 0.737109
-20.550216 -159.810147 -1262.247105 26442.897807 0.657542 0.418768 0.626316 -0.118187 0.878340 -0.463196 -0.744090 0.230548 0.627039
-7.797749 -42.222750 -1481.614239 1147.204776 0.101303 0.941896 0.320265 -0.333837 -0.271071 0.902814 -0.937171 0.198374 -0.286980
-12.297839 -42.592933 -154.041175 1338.123110 0.106680 0.920502 0.375893 -0.382194 -0.311042 0.870161 -0.917904 0.236493 -0.318629
-10.352261 -44.868612 -1805.941665 639.852550 0.109589 0.953844 0.279591 -0.461719 -0.200246 0.864128 -0.880231 0.223792 -0.418463
26.713811 -29.889145 3721.681141 -1552.067144 -0.212972 0.937159 0.276362 -0.792610 -0.000317 -0.609729 0.571326 0.348902 -0.742869
26.018469 -23.971210 2563.397559 -2237.297046 -0.271359 0.945831 0.178236 -0.700045 -0.066866 -0.710961 0.660531 0.317699 -0.680269
17.623604 -22.925181 4351.189583 -1417.968243 -0.281389 0.910999 0.301497 -0.758649 -0.018807 -0.651228 0.587598 0.411979 -0.696421
20.307023 -28.450509 4174.448149 -1883.526036 -0.178095 0.907214 0.381111 -0.835447 0.065231 -0.545686 0.519914 0.415582 -0.746311
9.032768 -22.242330 2551.094101 -1750.986053 -0.184961 0.898549 0.397994 -0.813591 0.087154 -0.574869 0.551235 0.430133 -0.714931
-3.639174 -28.617011 -469.840025 342.553038 0.140742 0.978792 0.148857 0.988641 -0.130935 -0.073791 -0.052736 0.157552 -0.986102
-0.315190 -29.327783 -664.115812 314.417372 0.189642 0.971530 0.142008 0.972218 -0.165595 -0.165438 -0.137212 0.169436 -0.975943
-4.495264 -30.107695 -1646.541495 147.862727 0.070825 0.985867 0.151825 0.992895 -0.055087 -0.105472 -0.095618 0.158217 -0.982764
-2.496567 -28.327150 409.065699 540.574924 0.288694 0.947646 0.136464 0.953758 -0.272195 -0.127501 -0.083681 0.166963 -0.982406
-7.759482 -30.171455 -1197.559348 49.873654 -0.019727 0.986187 0.164455 0.999792 0.020323 -0.001948 -0.005263 0.164382 -0.986383
-6.144990 -28.722551 -686.998479 -59.193411 0.064775 0.986128 0.152825 0.997457 -0.068543 0.019513 0.029718 0.151173 -0.988061
-3.767434 -27.514330 -98.211961 349.059346 0.213903 0.966076 0.144714 0.976742 -0.209260 -0.046757 -0.014888 0.151350 -0.988368
9.316646 -225.559479 -2646.127061 -32867.804493 0.525476 0.831805 -0.178815 0.742748 -0.345982 0.573255 0.414970 -0.434046 -0.799627
19.295909 -210.223511 -5138.653720 -30763.995440 0.486380 0.848369 -0.209055 0.805678 -0.342876 0.483032 0.338109 -0.403368 -0.850280
12.685880 -190.777406 -2852.251853 -15309.277544 0.474970 0.856999 -0.199890 0.865664 -0.414182 0.281208 0.158204 -0.306603 -0.938598
4.292405 -178.973862 -2428.430714 -27813.956057 0.516948 0.829373 -0.211907 0.845734 -0.456589 0.276152 0.132279 -0.321973 -0.937462
1.447016 -168.101689 -505.538264 -13533.393755 0.506832 0.840799 -0.190205 0.786028 -0.360154 0.502443 0.353950 -0.404161 -0.843429
0.590989 -202.680777 -506.535611 33236.267868 0.884671 0.457129 0.091597 -0.408758 0.666037 0.623948 -0.224218 0.589430 -0.776079
1.573743 -150.585942 1614.465397 20286.707769 0.859191 0.490327 0.146185 -0.424322 0.523187 0.739071 -0.285904 0.697033 -0.657574
8.840626 -131.154165 753.959212 -1441.914174 0.823915 0.554901 0.115106 -0.409837 0.443139 0.797284 -0.391406 0.704069 -0.592528
-8.541471 -311.766714 4469.128532 75415.361982 0.931549 0.344926 0.115074 -0.339800 0.713148 0.613153 -0.129428 0.610284 -0.781538
15.737046 -150.076065 -75.009912 -9965.236472 0.804191 0.591000 0.063202 -0.423049 0.494454 0.759306 -0.417499 0.637365 -0.647658
-9.558599 -367.633519 459.720549 78490.153601 0.985957 0.152688 0.067636 -0.166914 0.888195 0.428076 -0.005288 0.433354 -0.901208
7.221479 -152.571178 1197.585982 12198.283279 0.884891 0.452200 0.111732 -0.454915 0.787434 0.415932 -0.100103 0.418883 -0.902506
18.740448 -138.510410 951.023775 -19082.494671 0.803328 0.588385 0.092019 -0.533110 0.641614 0.551476 -0.265439 0.492072 -0.829100
-11.679052 -50.986888 -1133.320357 -1069.835088 0.317148 0.932114 -0.174872 0.336575 0.061764 0.939629 -0.886642 0.356859 0.294138
-9.277958 -48.332066 -550.816107 -621.422153 0.326180 0.926631 -0.186982 0.217686 0.118855 0.968755 -0.919902 0.356692 0.162946
-10.413854 -51.377737 -814.362948 -817.012128 0.316499 0.939019 -0.134434 0.313697 0.030137 0.949045 -0.895222 0.342543 0.285029
-10.936596 -50.990508 -899.149539 -871.308773 0.329470 0.936173 -0.122594 0.410127 -0.024949 0.911687 -0.850438 0.350653 0.392169
-53.873108 -78.259541 -682.108433 2880.133058 0.036575 -0.976247 0.213551 0.989834 0.064781 0.126616 -0.137443 0.206749 0.968692
-55.173514 -82.780994 -36.465002 3102.530799 -0.322892 0.931272 -0.168742 0.926945 0.347173 0.142281 -0.191085 0.110473 0.975337
-44.258766 -68.224858 -748.611251 5358.920708 -0.202925 -0.944142 0.259648 0.977828 -0.209392 0.002810 0.051715 0.254462 0.965699
-50.622701 -77.234562 168.268174 1605.052087 -0.451522 -0.797723 0.399707 0.871418 -0.297994 0.389655 -0.191726 0.524250 0.829701
-47.488823 -71.742909 128.739034 4438.901872 -0.459321 -0.800613 0.384764 0.888270 -0.414603 0.197690 0.001252 0.432577 0.901596
-48.256901 -72.919813 123.101656 3529.231770 -0.563147 -0.701073 0.437449 0.825837 -0.458700 0.328006 -0.029298 0.545978 0.837287
31.149885 -84.609975 -828.249682 -1218.403225 -0.697583 -0.716282 -0.017853 0.716481 -0.697544 -0.009360 -0.005749 -0.019320 0.999797
24.888210 -83.662766 -2707.762827 8970.855339 0.720283 0.687950 0.088980 -0.657559 0.717988 -0.228276 -0.220929 0.105913 0.969522
16.329939 -14.371240 897.314091 9118.481041 -0.173839 0.942827 -0.284354 -0.782310 -0.307599 -0.541640 0.598140 -0.128294 -0.791056
21.121969 10.903159 4818.248638 -7961.775780 -0.567413 0.655002 -0.499014 0.626411 0.736701 0.254716 0.534464 -0.168059 -0.828314
15.479214 8.421886 -1471.682655 -5987.966787 -0.556676 0.507313 -0.657834 0.551222 0.818006 0.164378 0.621503 -0.271108 -0.735006
74.235415 -39.074775 -13795.334579 -2856.752520 -0.657158 0.738719 -0.149793 0.189652 0.354386 0.915665 -0.729504 -0.573328 0.372987
116.775712 -27.114076 -22129.691663 -6977.473342 -0.666883 0.704681 -0.242262 0.037550 0.356479 0.933548 -0.744215 -0.613471 0.264191
90.687651 -39.807558 3059.054532 -3587.828827 -0.405416 0.880274 -0.246486 0.108736 0.314163 0.943121 -0.907642 -0.355554 0.223084
60.351713 -21.877732 21327.594912 5220.697871 0.822330 -0.523890 0.222067 -0.051490 -0.457179 -0.887883 -0.566677 -0.718698 0.402927
68.126360 -41.596456 6583.858557 365.714918 -0.341134 0.908965 -0.239603 0.287232 0.343497 0.894152 -0.895056 -0.236204 0.378262
50.554313 -37.343116 19563.530633 878.547518 0.797515 -0.587643 0.136548 -0.212461 -0.485404 -0.848082 -0.564650 -0.647347 0.511969
65.139528 -41.733255 -11301.066881 1801.758689 -0.657237 0.742299 -0.130508 0.308413 0.422882 0.852087 -0.687693 -0.519773 0.506868
1.033773 -41.981281 -661.198165 -193.501556 0.223604 0.891834 0.393235 0.829254 0.037940 -0.557582 0.512190 -0.450769 0.731074
0.203935 -44.547848 351.716988 1142.046422 -0.193162 -0.894984 -0.402109 0.880261 0.022951 -0.473935 0.433393 -0.445507 0.783386
1.594102 -43.193003 -295.150982 219.010923 0.197016 0.893534 0.403462 0.857119 0.042804 -0.513338 0.475954 -0.446951 0.757431
-1.492044 -43.644412 906.806145 900.701958 -0.211090 -0.893356 -0.396681 0.879921 0.003050 -0.475110 0.425652 -0.449339 0.785439
2.862606 -41.695262 -67.576124 493.235503 0.187171 0.897334 0.399697 0.790761 0.103769 -0.603265 0.582807 -0.428979 0.690155
2.720307 -41.796893 -517.225595 206.267904 0.228307 0.894440 0.384516 0.729051 0.104692 -0.676406 0.645260 -0.434760 0.628191
0.027668 -39.933036 -686.576793 597.769329 0.256395 0.894581 0.366043 0.755572 0.050682 -0.653103 0.602805 -0.444024 0.662925
-1.004486 -41.137291 -865.188848 -226.082866 0.234898 0.894516 0.380347 0.835786 0.013907 -0.548879 0.496271 -0.446819 0.744358
2.398434 -56.378165 -342.461636 -2432.448056 0.053711 0.979585 0.193722 -0.831668 0.151259 -0.534274 0.552669 0.132416 -0.822814
1.309482 -65.626630 796.833958 -5431.846702 0.123385 0.963115 0.239136 -0.850429 0.226811 -0.474687 0.511416 0.144799 -0.847046
6.301091 -60.289553 61.961137 2559.350643 0.092517 0.971077 0.220114 -0.787590 0.206623 -0.580524 0.609214 0.119651 -0.783927
4.584993 -188.308762 -1640.805185 -20281.851813 0.138356 0.932995 0.332233 0.703691 -0.328662 0.629921 -0.696905 -0.146636 0.702012
6.296878 -145.086501 -1257.383817 -8609.037856 0.095936 0.945815 0.310209 0.601937 -0.303331 0.738689 -0.792760 -0.115860 0.598422
7.187436 -148.638752 -1323.584311 -7616.766001 0.088844 0.959344 0.267893 0.443568 -0.278922 0.851734 -0.891826 -0.043157 0.450315
-16.310179 -23.927237 557.912641 3163.980056 0.773177 -0.102740 -0.625813 0.096182 0.994372 -0.044416 0.626855 -0.025851 0.778707
-17.288293 -26.604154 2697.772915 -3022.639059 0.626298 0.610803 -0.484428 -0.495090 0.791629 0.358063 0.602194 0.015581 0.798198
16.373876 -30.910059 -191.407282 1639.054664 0.884476 0.150924 0.441502 -0.182192 -0.759405 0.624588 -0.429545 0.632871 0.644178
7.748124 -41.058891 -4786.753246 2217.228917 0.839303 0.245115 0.485271 -0.153651 -0.749260 0.644206 -0.521499 0.615247 0.591194
16.940492 -47.626316 -5906.210865 4451.121554 0.789783 0.078679 0.608319 -0.391238 -0.699197 0.598378 -0.472414 0.710587 0.521432
7.676200 -33.688598 -2328.753848 693.096943 0.876057 0.357475 0.323628 0.070462 -0.758836 0.647459 -0.477031 0.544407 0.689973
27.772150 -30.085122 -2593.115925 2585.501184 0.827729 -0.008240 0.561067 -0.398239 -0.713041 0.577042 -0.395309 0.701073 0.593487
10.937987 -25.952095 1308.102978 642.455821 0.910921 0.285185 0.298149 0.032666 -0.770227 0.636932 -0.411286 0.570456 0.710932
12.340984 -21.549907 1149.662356 1142.975494 0.905411 0.125353 0.405608 -0.157544 -0.787982 0.595201 -0.394222 0.602802 0.693699
20.810021 -22.413680 -415.951325 770.519938 0.867885 0.028658 0.495938 -0.307865 -0.752471 0.582242 -0.389865 0.658001 0.644235
37.463419 -30.252637 152.173430 -5903.085808 0.441714 0.892469 -0.091586 0.682616 -0.400574 -0.611209 0.582172 -0.207461 0.786153
33.525990 -29.610111 2816.342325 -6070.518765 0.360349 0.920686 -0.149955 0.681727 -0.369653 -0.631351 0.636707 -0.125279 0.760861
36.114126 -42.985538 1682.532631 -7890.464028 0.374374 0.925097 -0.063560 0.664566 -0.315480 -0.677366 0.646681 -0.211349 0.732895
35.655536 -27.823756 -3505.782162 1216.003173 -0.590635 0.794928 -0.138708 0.554646 0.524779 0.645736 -0.586105 -0.304461 0.750856
44.127641 -31.799226 -2587.404599 605.921586 -0.555799 0.809683 -0.188415 0.493230 0.503625 0.709285 -0.669187 -0.301288 0.679275
38.291996 -30.631398 2234.856676 378.047109 -0.426051 0.874925 -0.230188 0.583040 0.460087 0.669614 -0.691769 -0.151081 0.706137
30.222268 -29.871649 -8464.341689 2277.779877 -0.696813 0.712802 -0.079786 0.495971 0.559204 0.664307 -0.518136 -0.423326 0.743189
-26.771939 -1274.856743 -8870.491040 -472913.091561 0.896737 -0.148194 0.417015 0.286999 0.912003 -0.293056 0.336889 -0.382477 -0.860359
-78.232931 -401.108038 -33763.475732 -128126.556949 0.980730 0.006563 0.195257 0.187433 0.250319 -0.949847 0.055110 -0.968141 -0.244265
6.708657 -49.039028 2442.607826 -857.347532 -0.003527 0.998941 0.045885 0.828432 0.028618 -0.559359 0.560079 -0.036040 0.827655
6.157864 -46.792968 1131.154265 -1373.766251 -0.010873 0.998282 0.057571 0.893345 0.035564 -0.447961 0.449239 -0.046560 0.892198
2.898480 -50.043451 -1157.633317 -584.517820 0.019606 0.998269 0.055453 0.827006 0.014976 -0.561994 0.561852 -0.056878 0.825280
5.375675 -32.215201 6335.670439 -1090.297505 0.146724 0.808882 0.569370 -0.230235 0.587717 -0.775616 0.962010 0.017287 -0.272465
-7.386382 -35.937214 3331.590390 -1588.849703 0.110235 0.912959 0.392879 -0.327560 0.406575 -0.852878 0.938378 0.034674 -0.343868
0.656752 -34.012300 5248.314846 -1190.970914 0.163024 0.795755 0.583264 -0.311567 0.602444 -0.734838 0.936135 0.061929 -0.346144
-17.248418 -40.636318 1906.680388 831.950285 -0.394052 0.910141 0.127930 -0.102662 0.094734 -0.990195 0.913336 0.403322 -0.056107
-23.225375 -41.685295 868.117322 245.729206 -0.350541 0.917739 0.186753 0.000010 0.199409 -0.979916 0.936547 0.343499 0.069911
-20.398944 -40.153112 310.261765 684.993240 -0.322183 0.905072 0.277566 -0.153097 0.239527 -0.958743 0.934216 0.351385 -0.061392
10.432755 -159.120371 -986.015137 -5917.764986 0.115279 0.980071 0.161778 -0.144000 -0.144655 0.978948 -0.982840 0.136148 -0.124455
7.146441 -165.718039 771.418050 4614.221344 0.100703 0.981208 0.164588 -0.367559 -0.117035 0.922607 -0.924532 0.153405 -0.348866
-45.045277 -475.629327 7706.645030 -142231.190523 0.097815 0.048170 -0.994038 0.994514 -0.041939 0.095829 -0.037073 -0.997958 -0.052008
-197.558037 -4862.279740 56078.251642 -1668186.848344 -0.023567 -0.048512 -0.998545 0.900836 0.432098 -0.042253 0.433519 -0.900521 0.033518
33.106304 -4.639463 -1638.676476 -7605.627704 -0.256632 0.966334 -0.018399 -0.526964 -0.155854 -0.835475 0.810216 0.204714 -0.549220
32.527754 14.006903 -3549.958498 -10302.950118 -0.202644 0.976206 -0.077182 -0.499356 -0.170814 -0.849392 0.842365 0.133583 -0.522089
35.378593 18.533160 -899.816976 -6093.667424 -0.216365 0.963915 0.155094 -0.606660 -0.008272 -0.794919 0.764951 0.266082 -0.586558
31.675286 5.905551 2785.559601 -5663.120050 -0.350930 0.925152 0.144712 -0.559149 -0.083067 -0.824896 0.751133 0.370396 -0.546448
-50.907544 -57.814581 442.898541 -412.059933 0.789160 -0.603893 -0.111979 0.594329 0.704858 0.387230 0.154917 0.372139 -0.915158
-52.576818 -60.391018 798.487262 -292.929376 0.865519 -0.463607 -0.189593 0.499342 0.769061 0.399002 0.039172 0.440016 -0.897135
-53.165163 -63.439290 530.592343 -993.919615 0.934620 -0.326951 -0.139958 0.346140 0.745854 0.569112 0.081683 0.580349 -0.810261
-52.741939 -65.970760 146.461847 -1957.764656 0.885527 -0.439317 -0.151137 0.417719 0.610493 0.672911 0.203353 0.659013 -0.724119
5.453802 -137.436463 978.760564 -8801.432345 0.793946 0.427689 0.432125 -0.216927 0.863236 -0.455813 -0.567972 0.268151 0.778140
3.020940 -122.127437 227.213645 -9296.958299 0.791371 0.420416 0.443828 -0.356602 0.907142 -0.223447 -0.496555 0.018560 0.867807
-0.534145 -123.205912 922.068986 -5121.128529 0.819424 0.394836 0.415511 -0.389867 0.915324 -0.100928 -0.420177 -0.079291 0.903972
1.273260 -118.486053 -816.546478 -6808.221208 0.798864 0.398921 0.450198 -0.412316 0.908109 -0.073032 -0.437963 -0.127281 0.889937
23.898282 -43.505103 5029.098432 690.582354 0.057788 0.865429 0.497688 0.995087 -0.009787 -0.098523 -0.080393 0.500936 -0.861742
29.039367 -42.392451 5902.639551 14.517008 0.035774 0.870330 0.491168 0.999323 -0.035393 -0.010070 0.008619 0.491196 -0.871007
2.342758 -55.235781 -311.377333 1460.494327 0.280075 0.938493 -0.201963 -0.815776 0.343576 0.465259 -0.506032 -0.034449 -0.861827
2.234801 -51.203783 -27.516221 3045.332579 0.277256 0.940396 -0.196939 -0.721492 0.339141 0.603682 -0.634490 0.025284 -0.772517
0.680353 -57.858797 -820.357504 264.394003 0.292014 0.932646 -0.211894 -0.885147 0.347458 0.309495 -0.362274 -0.097180 -0.926992
2.870761 -53.365190 166.029152 3352.062334 0.264850 0.946669 -0.183499 -0.761911 0.322081 0.561922 -0.591056 0.009015 -0.806580
3.561166 -58.969762 -245.069063 -67.392149 0.279025 0.939898 -0.196816 -0.895551 0.328668 0.299944 -0.346604 -0.092567 -0.933433
3.738782 -56.692576 -152.913735 200.745632 0.264534 0.945025 -0.192222 -0.865486 0.320566 0.384930 -0.425388 -0.064538 -0.902707
-3.205557 -68.091426 -1073.823917 1568.721993 0.297146 0.944934 -0.137128 0.954811 -0.295009 0.036129 -0.006314 -0.141667 -0.989894
-3.841078 -64.532756 -397.440452 1019.285316 0.301226 0.945499 -0.123672 0.952725 -0.293021 0.080332 0.039715 -0.142023 -0.989066
10.613261 -104.535910 1820.347341 -277.273309 0.221033 0.959081 0.176939 -0.961457 0.244710 -0.125368 0.163536 0.142409 -0.976205
6.393275 -103.715892 1907.323440 1922.331905 0.214137 0.958927 0.186022 -0.956761 0.244285 -0.157902 0.196859 0.144166 -0.969775
8.427162 -96.200989 664.853472 -15.514438 0.210008 0.964284 0.161408 0.977634 -0.205195 -0.046126 -0.011358 0.167484 -0.985809
9.192134 -104.782753 1541.781342 4516.847169 0.241100 0.954114 0.177585 -0.911436 0.285464 -0.296300 0.333399 0.090419 -0.938440
10.256150 -95.308904 743.505926 4162.245333 0.217847 0.966069 0.138760 0.975750 -0.212474 -0.052603 -0.021335 0.146854 -0.988928
10.932141 -100.550119 811.471290 380.845399 0.239427 0.958455 0.155046 -0.951928 0.263159 -0.156782 0.191071 0.110055 -0.975387
-3.368937 -76.061406 6464.947903 7191.559805 0.812243 0.173073 0.557052 -0.380796 -0.566086 0.731123 -0.441877 0.805973 0.393894
10.912802 -70.655409 7907.105897 8579.863995 0.833026 0.172406 0.525684 -0.366225 -0.540357 0.757557 -0.414665 0.823584 0.386992
4.696568 -58.692546 -878.999005 787.285549 0.208868 0.967685 -0.141278 -0.875257 0.249417 0.414386 -0.436232 -0.037102 -0.899069
3.178913 -62.018594 989.455439 869.691011 0.229186 0.967848 -0.103658 -0.914383 0.250581 0.317983 -0.333734 -0.021906 -0.942413
2.201312 -58.093176 395.050154 2242.039363 0.212556 0.971796 -0.102141 -0.817916 0.234136 0.525542 -0.534634 0.028164 -0.844614
7.475232 -65.555235 483.187216 -1222.548177 0.390893 0.919101 0.049564 0.466763 -0.151528 -0.871304 0.793306 -0.363721 0.488234
7.288439 -66.208461 -544.215554 -1817.868682 0.361179 0.927333 0.097998 0.643057 -0.171587 -0.746348 0.675298 -0.332583 0.658302
8.302392 -68.054839 -742.560449 -1379.130249 0.393433 0.917374 0.060291 0.497885 -0.157479 -0.852825 0.772865 -0.365547 0.518704
6.569440 -59.857587 -844.162046 -1553.145578 0.355773 0.925931 0.126794 0.716494 -0.183124 -0.673129 0.600052 -0.330328 0.728575
-16.547664 -207.876717 2736.706370 -7477.016972 0.781326 0.394343 0.483760 0.555953 -0.791991 -0.252323 -0.283632 -0.466094 0.838039
-21.085305 -215.923734 2614.485377 -1110.321123 0.753630 0.390281 0.528888 0.630363 -0.657125 -0.413315 -0.186236 -0.644878 0.741248
-9.449429 -39.632422 -397.307963 1128.822384 0.097168 0.908301 0.406875 -0.274199 -0.368558 0.888246 -0.956752 0.197873 -0.213243
-10.070320 -40.598011 739.457466 1097.153969 0.114818 0.885356 0.450512 -0.347682 -0.389012 0.853105 -0.930556 0.254587 -0.263156
-12.985880 -43.440989 1242.250963 1068.322513 0.126826 0.894449 0.428807 -0.452313 -0.332589 0.827525 -0.882796 0.298906 -0.362390
528.146967 -3850.805132 -18330.103063 -2454013.754541 -0.232821 -0.601399 -0.764273 -0.077069 0.794807 -0.601949 0.969461 -0.081244 -0.231397
-4117.862640 -5102.302895 -1158500.524442 1625154.834056 0.380273 0.377441 -0.844352 0.437913 0.730638 0.523832 0.814631 -0.568953 0.112556
-3880.076494 -6683.658542 1305879.982005 -10723525.471763 0.134405 0.650591 0.747440 0.982282 -0.186887 -0.013964 0.130602 0.736074 -0.664183
31.941667 -20.528870 -831.795105 -4097.745469 -0.246496 0.967512 0.056211 -0.620916 -0.113127 -0.775671 0.744112 0.226102 -0.628629
27.458069 -11.155544 3230.611426 -4090.124837 -0.383241 0.918056 0.101490 -0.580117 -0.153742 -0.799892 0.718742 0.365428 -0.591500
28.537670 -33.037462 -917.493573 -1618.998286 -0.164267 0.982276 0.090283 -0.710422 -0.054311 -0.701678 0.684337 0.179401 -0.706751
29.687298 -33.796200 172.766590 -1004.910073 -0.167976 0.970725 0.171691 -0.772159 -0.021292 -0.635072 0.612824 0.239250 -0.753131
-16.419244 -91.624175 1161.892124 2881.260457 0.436927 0.899497 0.000405 0.082084 -0.039424 -0.995845 0.895744 -0.435145 0.091060
-16.249577 -86.351919 1151.978443 227.934881 0.454984 0.890466 -0.007739 -0.073917 0.029105 -0.996840 0.887427 -0.454118 -0.079063
-15.435314 -87.978004 -569.919524 705.891796 0.451425 0.892147 -0.017017 -0.123964 0.043817 -0.991319 0.883656 -0.449616 -0.130374
-14.624462 -85.774754 886.960696 -923.706063 0.461837 0.886849 -0.014314 -0.267277 0.123763 -0.955639 0.845736 -0.445176 -0.294192
24.268994 -245.974886 -4806.487248 -26238.674638 0.455522 0.870583 -0.185968 0.855243 -0.369983 0.362866 0.247101 -0.324341 -0.913096
37.023300 -1439.104792 -11856.043409 460499.350039 0.590449 0.804441 -0.065142 -0.607703 0.390026 -0.691793 0.531100 -0.448055 -0.719152
66.915971 -1248.315772 -9833.451939 415874.341507 0.435311 0.900226 -0.009844 -0.556375 0.260411 -0.789071 0.707779 -0.348968 -0.614223
43.791891 -347.339890 -8328.548207 83390.324666 0.453823 0.882219 -0.125440 -0.795309 0.337517 -0.503553 0.401906 -0.328287 -0.854809
37.046431 -466.695254 -6389.957306 92924.805815 0.490441 0.870085 -0.049188 -0.303719 0.117749 -0.945457 0.816837 -0.478631 -0.322011
3.579675 -113.083196 1115.695369 6801.832464 0.828400 0.543440 0.135745 -0.379609 0.366474 0.849467 -0.411887 0.755228 -0.509882
-60.457635 -81.409343 1969.532745 -669.239470 -0.160693 0.958470 -0.235611 0.915120 0.234114 0.328247 -0.369775 0.162865 0.914736
-47.977709 -74.303665 -565.290439 4104.403563 -0.218776 -0.923227 0.315894 0.973516 -0.184499 0.135006 -0.066360 0.337064 0.939140
-54.292672 -79.792991 890.611080 579.785456 0.078540 0.958150 -0.275280 0.949791 0.011973 0.312657 -0.302868 0.286015 0.909102
25.330036 -82.595875 -816.603539 7347.592633 0.811107 0.561739 0.162959 -0.534903 0.825112 -0.181848 -0.236610 0.060331 0.969730
16.618472 -71.530341 -3237.255998 8707.307731 0.754810 0.641954 0.134745 -0.558543 0.736733 -0.381123 -0.343935 0.212414 0.914652
32.429514 -87.924618 232.933641 4281.464262 0.776074 0.619465 0.118205 -0.619026 0.784087 -0.044878 -0.120483 -0.038343 0.991975
10.438143 -29.090109 -1158.624398 49.727223 -0.001127 0.977283 -0.211937 -0.666480 -0.158738 -0.728427 0.745522 -0.140431 -0.651519
12.587001 -31.188865 625.759747 2746.235116 -0.051191 0.981365 -0.185210 -0.707169 -0.166571 -0.687144 0.705189 -0.095799 -0.702517
113.384916 -30.948619 16563.229966 -2547.730031 -0.278548 0.886763 -0.368866 0.003508 0.385004 0.922908 -0.960416 -0.255780 0.110353
172.463538 0.899393 -9953.545282 -3820.988788 -0.573219 0.639972 -0.511718 -0.193462 0.501144 0.843461 -0.796236 -0.582486 0.163455
133.777989 9.040975 30997.940098 9310.517027 0.809392 -0.414445 0.416077 0.196928 -0.475934 -0.857150 -0.553267 -0.775707 0.303602
-0.198969 -47.505574 112.037593 2605.976458 -0.157039 -0.895433 -0.416579 0.905296 0.038056 -0.423073 0.394687 -0.443566 0.804656
-2.062606 -47.564597 488.687042 2234.393981 -0.163731 -0.896695 -0.411255 0.932270 -0.004321 -0.361738 0.322592 -0.442628 0.836669
0.062671 -86.988736 1654.866728 1580.570667 0.134277 0.955130 0.264001 0.988641 -0.147276 0.029987 0.067522 0.256976 -0.964056
1.436851 -80.913071 1471.269037 -6661.129628 0.147826 0.954390 0.259398 -0.955357 0.205636 -0.212146 0.255812 0.216457 -0.942182
