18231
36448
-36.648327 -55.974500 780.047950 6684.531035 0.374808 0.904010 0.205635 0.463965 -0.374930 0.802598 -0.802655 0.205412 0.559956
-43.493600 -69.513802 351.581732 7041.942530 0.346291 0.934047 0.087395 0.389272 -0.227827 0.892503 -0.853551 0.275046 0.442493
-47.115760 -75.997449 -90.227713 12155.348918 0.114238 0.968711 -0.220337 0.495130 0.136763 0.857987 -0.861276 0.207110 0.464015
-35.535362 -57.800332 484.965426 5057.557194 0.521974 0.791349 0.318292 0.313714 -0.525117 0.791097 -0.793175 0.313079 0.522355
-29.716240 -61.321274 -4806.398019 13014.837947 0.076628 0.990836 -0.111230 0.612873 0.041186 0.789107 -0.786457 0.128637 0.604101
-28.954315 -43.629366 678.218543 4716.789635 0.464857 0.802356 0.374343 0.465314 -0.581099 0.667687 -0.753253 0.136192 0.643476
-29.584025 -48.474964 543.055871 -2841.491865 0.581163 0.656866 0.480393 -0.276636 0.714627 -0.642480 -0.765325 0.240492 0.597028
79.701891 -85.563556 4232.837029 340.411424 0.000277 -0.949820 0.312797 0.980834 -0.060690 -0.185155 0.194847 0.306853 0.931599
73.991383 -88.184350 -5769.881307 -2837.962250 0.025692 0.984883 -0.171307 0.959507 -0.072380 -0.272228 0.280512 0.157376 0.946861
69.817025 -84.780063 3416.414051 -8387.220022 -0.009021 -0.988011 0.154117 0.993606 -0.026203 -0.109820 0.112542 0.152140 0.981931
73.516427 -84.990006 -3778.217826 506.551547 -0.027068 0.963231 -0.267309 0.921366 -0.079686 -0.380441 0.387754 0.256587 0.885331
68.749948 -70.535665 -3615.204450 3336.753670 0.036959 -0.895065 0.444402 0.940746 -0.118845 -0.317604 0.337091 0.429808 0.837636
-48.229698 -60.875524 2078.925399 -6862.981627 -0.072197 0.758558 -0.647594 0.809650 -0.334598 -0.482194 0.582455 0.559137 0.590010
-48.716386 -69.978175 -2155.974765 -6211.523695 -0.038787 0.736976 -0.674806 0.726240 -0.443057 -0.525619 0.686346 0.510458 0.518036
-47.536784 -62.292495 1340.642182 -7325.638246 0.228638 -0.748336 0.622670 0.781929 -0.239854 -0.575376 0.579925 0.618436 0.530305
18.746740 -27.505446 10679.610551 -735.241648 -0.079296 0.996652 -0.019939 -0.328005 -0.007199 0.944648 -0.941342 -0.081447 -0.327478
47.025547 -30.994708 20584.270085 -111.032777 -0.057531 0.996302 -0.063823 -0.366616 0.038379 0.929580 -0.928592 -0.076879 -0.363053
31.760325 -27.278231 14893.126391 1366.311481 -0.076909 0.996573 0.030455 -0.388959 -0.058114 0.919420 -0.918039 -0.058866 -0.392095
66.355133 -33.508509 23297.676114 1361.880467 -0.086050 0.996249 -0.009126 -0.440373 -0.029817 0.897320 -0.893682 -0.081233 -0.441287
34.552818 -30.918658 17248.280306 2304.611586 -0.079748 0.991633 0.101510 -0.441336 -0.126434 0.888390 -0.893791 -0.026047 -0.447726
30.800420 8.292877 7602.548780 -3622.168671 0.809387 -0.194373 -0.554176 0.031672 0.956714 -0.289302 0.586420 0.216605 0.780508
31.307409 1.633567 7493.428428 -1659.031710 0.810972 -0.155608 -0.564013 -0.005690 0.961841 -0.273548 0.585057 0.225049 0.779141
18.714606 4.704283 6403.003546 -2509.678447 0.789364 -0.209158 -0.577198 0.033551 0.953468 -0.299621 0.613008 0.217144 0.759651
16.066764 5.038349 5556.975770 682.388738 0.716272 -0.549391 -0.430261 0.316020 0.805106 -0.501931 0.622162 0.223548 0.750294
-11.708017 -47.689875 5593.207602 283.998032 0.794258 0.488073 -0.361854 -0.070655 0.665722 0.742847 0.603458 -0.564446 0.563240
-18.123930 -45.285732 -723.785575 1087.549884 0.824441 0.490826 -0.281756 0.066214 -0.578083 -0.813287 0.562061 -0.651852 0.509095
11.937232 -44.472627 18736.558466 -1270.366004 0.745687 0.435807 -0.504007 0.108755 0.666677 0.737369 0.657361 -0.604660 0.449736
-21.255029 -48.537990 -1603.729889 -1647.184602 0.819973 0.523501 -0.231498 0.202701 -0.643789 -0.737868 0.535310 -0.558107 0.634003
27.363855 -46.640231 24222.255132 190.074301 0.726806 0.410968 -0.550325 0.060371 0.759913 0.647215 0.684184 -0.503624 0.527499
-7.557071 -47.025697 7066.344278 1319.940594 0.793285 0.464133 -0.394056 -0.113722 0.748775 0.652996 0.598136 -0.473199 0.646774
3.723867 -54.547904 -308.130958 1859.432744 -0.077656 0.971717 0.223016 0.968578 0.020519 0.247862 -0.236276 -0.235256 0.942777
3.102827 -54.292852 184.453794 1638.673404 0.057497 -0.972301 -0.226548 0.974533 0.005395 0.224177 -0.216746 -0.233668 0.947850
2.366540 -52.534958 -678.592476 1487.324488 -0.079970 0.970542 0.227272 0.941086 -0.001645 0.338164 -0.328576 -0.240925 0.913232
2.614906 -52.770104 -620.246523 -987.635274 -0.103214 0.970359 0.218520 0.914077 0.005912 0.405498 -0.392186 -0.241597 0.887593
1.152176 -51.959000 -688.661324 -3591.060280 -0.101620 0.969769 0.221860 0.859376 -0.026771 0.510642 -0.501144 -0.242552 0.830676
3.844742 -45.518014 -19.705466 -1028.955256 0.131338 0.987375 -0.088548 -0.667421 0.022025 -0.744354 0.733007 -0.156861 -0.661888
3.924823 -43.649649 106.131070 -573.705768 0.152703 0.986850 -0.053007 -0.551675 0.040618 -0.833069 0.819961 -0.156455 -0.550623
4.297688 -44.337482 209.930241 -924.165435 0.135295 0.988106 -0.073087 -0.622986 0.027478 -0.781750 0.770444 -0.151299 -0.619294
2.615424 -41.818578 -867.722247 -668.826566 0.161555 0.983824 -0.077396 -0.571794 0.029397 -0.819870 0.804333 -0.176709 -0.567294
2.023588 -42.471668 -995.337954 -1499.465596 0.154265 0.983689 -0.092510 -0.625261 0.024698 -0.780025 0.765017 -0.178173 -0.618872
0.224200 -99.596925 -571.029446 -1500.603026 -0.256316 0.958212 -0.127012 0.710463 0.275860 0.647413 -0.655396 -0.075705 0.751482
2.076980 -101.558384 -1181.081818 -2983.116683 -0.302979 0.940466 -0.154039 0.683656 0.327101 0.652395 -0.663941 -0.092352 0.742060
6.031678 -100.003350 -753.036526 1949.171388 -0.276136 0.950147 -0.144812 0.794596 0.310451 0.521764 -0.540709 -0.029010 0.840709
14.069962 -105.956245 -3751.614256 -409.856857 0.323802 -0.888970 0.323859 0.945942 0.310910 -0.092350 -0.018594 0.336255 0.941587
6.075180 -108.620207 -4184.451001 4575.626911 0.369968 -0.860895 0.349262 0.928372 0.328279 -0.174236 0.035343 0.388707 0.920683
17.340523 -102.415521 -5503.063204 1175.775269 0.324022 -0.883557 0.338137 0.931890 0.236482 -0.275058 0.163066 0.404232 0.900004
4.279711 -113.477153 1915.412314 -173.309573 -0.158563 0.986491 -0.041143 0.288550 0.006448 -0.957443 0.944244 0.163687 0.285674
3.926296 -112.407176 2156.304933 2483.665691 -0.156388 0.986918 -0.039183 0.289258 0.007832 -0.957219 0.944390 0.161031 0.286699
5.408128 -112.283389 3112.990201 -2706.234423 -0.159317 0.983216 -0.088901 0.125303 -0.069184 -0.989703 0.979243 0.168816 0.112178
3.017849 -117.719165 2058.240057 3110.653584 -0.175469 0.984485 0.000864 0.453272 0.081568 -0.887632 0.873931 0.155360 0.460552
5.303719 -113.432006 1238.452524 -2747.052931 -0.134937 0.985906 -0.098905 0.066620 -0.090565 -0.993660 0.988612 0.140671 0.053461
5.495658 -108.300398 -2632.949446 912.251943 -0.098867 0.994538 -0.033450 0.280546 -0.004393 -0.959830 0.954735 0.104280 0.278580
4.041520 -111.889592 -865.156327 3312.627591 -0.141361 0.989847 0.014817 0.465756 0.079708 -0.881316 0.873550 0.117682 0.472294
28.673187 -71.523355 10685.968381 -5950.563616 0.990351 -0.077159 -0.115114 0.136707 0.407813 0.902773 0.022712 0.909800 -0.414426
14.997928 -65.825836 12610.350741 -6014.265086 0.976026 -0.158913 -0.148726 0.210326 0.512821 0.832333 0.055998 0.843660 -0.533950
3.779808 -85.707009 12905.442581 -6081.664502 0.989927 -0.130497 -0.054902 0.099322 0.363788 0.926171 0.100890 0.922295 -0.373085
38.923580 -56.328355 9015.484777 -4888.864756 0.975924 -0.078647 -0.203437 0.215329 0.495879 0.841271 -0.034716 0.864823 -0.500875
39.755763 -77.503839 6647.109383 -6231.825799 0.993731 0.004650 -0.111705 0.105670 0.287277 0.952001 -0.036517 0.957836 -0.284985
49.260485 -60.733268 7091.266150 -6320.898390 0.982717 0.011401 -0.184762 0.162256 0.427404 0.889381 -0.089108 0.903989 -0.418167
33.103535 -33.789721 3038.896288 -718.663160 0.876964 -0.200866 -0.436562 0.448507 0.668314 0.593463 -0.172554 0.716247 -0.676177
38.080851 -36.170960 4798.522162 -2960.484830 0.928250 -0.107167 -0.356185 0.337742 0.644022 0.686415 -0.155830 0.757463 -0.634008
39.151796 -29.034699 1162.475720 -231.903678 0.896978 -0.073831 -0.435866 0.368432 0.669734 0.644759 -0.244311 0.738921 -0.627939
28.807367 -31.498362 1776.530177 1095.108045 0.841052 -0.227866 -0.490621 0.494202 0.692491 0.525567 -0.219992 0.684495 -0.695033
0.801833 -101.363725 -136.120572 -11478.478387 -0.219575 0.947817 -0.231147 0.948192 0.151570 -0.279209 -0.229604 -0.280479 -0.931994
1.152656 -85.521338 -66.999495 2405.216372 -0.266929 0.940225 -0.211485 -0.883869 -0.151385 0.442558 -0.384089 -0.305057 -0.871445
0.460589 -88.366886 -315.269752 10191.798079 -0.239421 0.943754 -0.228047 -0.922204 -0.147584 0.357434 -0.303674 -0.295883 -0.905669
3.693031 -47.571601 -763.937211 1098.538820 0.178939 0.983177 -0.036652 -0.443288 0.047309 -0.895130 0.878337 -0.176421 -0.444296
3.354624 -51.750257 -794.447915 3375.352114 0.188796 0.981723 -0.023985 -0.366549 0.047790 -0.929171 0.911042 -0.184215 -0.368872
3.513365 -51.203613 -1126.710255 2202.243807 0.182439 0.982898 -0.025065 -0.371040 0.045218 -0.927515 0.910519 -0.178515 -0.372943
4.030744 -47.974126 398.927309 639.865919 0.154888 0.987571 -0.026702 -0.470994 0.050057 -0.880715 0.868432 -0.148989 -0.472893
-7.340075 -88.284219 894.233536 -2161.951507 -0.401617 0.894874 -0.194689 -0.305407 -0.331289 -0.892734 0.863383 0.299077 -0.406352
-6.169144 -92.072790 1236.383012 -995.351042 -0.382184 0.909820 -0.161748 -0.489103 -0.347669 -0.799940 0.784037 0.226613 -0.577869
-3.006580 -92.911095 1343.935585 -458.190386 -0.411856 0.890078 -0.195285 -0.467842 -0.390442 -0.792893 0.781984 0.235196 -0.577221
-1.708670 -89.776203 1724.570772 -1443.878764 -0.434631 0.871032 -0.228908 -0.340112 -0.394096 -0.853822 0.833918 0.293244 -0.467535
-5.963728 -85.950050 1427.730188 -3248.371137 -0.428651 0.875586 -0.222727 -0.177326 -0.323265 -0.929546 0.885897 0.358956 -0.293832
-10.279524 -85.756168 624.341271 -2539.575981 -0.401669 0.894702 -0.195373 -0.120453 -0.263101 -0.957219 0.907829 0.360953 -0.213449
-10.377566 -85.665162 656.570311 -1656.276162 -0.376458 0.910052 -0.173448 -0.190158 -0.259140 -0.946935 0.906708 0.323499 -0.270609
-5.550770 -109.632463 -80.349270 -4585.497442 0.998641 0.051496 -0.008065 0.044475 -0.922519 -0.383381 0.027182 -0.382501 0.923555
-1.554372 -104.736375 2346.717719 -8875.321101 0.995585 0.082495 -0.044780 0.072196 -0.977873 -0.196349 0.059987 -0.192249 0.979511
-5.347964 -105.291165 1649.277891 -7062.669796 0.995614 0.088767 -0.029541 0.083414 -0.985266 -0.149308 0.042360 -0.146189 0.988349
0.965500 -108.071437 2043.666186 -9707.039337 0.998087 0.051729 -0.033848 0.035539 -0.928144 -0.370520 0.050582 -0.368608 0.928208
-6.540384 -108.715855 -256.302113 -5067.693793 0.996792 0.079366 0.010330 0.079375 -0.963757 -0.254698 0.010259 -0.254701 0.966965
-10.020348 -151.543755 -81.307921 21549.961301 0.985723 0.165584 0.030540 0.140734 -0.909805 0.390448 -0.092437 0.380575 0.920118
-8.838321 -124.593034 125.443222 6241.052687 0.985687 0.166369 0.027235 0.157397 -0.966058 0.204837 -0.060389 0.197619 0.978417
-10.053548 -123.586996 332.693031 7048.661522 0.987170 0.159238 0.011770 0.152759 -0.963317 0.220646 -0.046473 0.216018 0.975283
-7.669822 -62.579996 4187.780077 550.058261 0.168842 0.822998 0.542372 -0.331587 -0.470770 0.817573 -0.928193 0.317883 -0.193410
-17.464113 -61.152241 4806.559686 1355.214494 0.138482 0.791676 0.595039 -0.252355 -0.552788 0.794193 -0.957674 0.260142 -0.123232
-8.881975 -59.533595 4462.136952 2569.832401 0.179001 0.823070 0.538994 -0.207061 -0.504056 0.838483 -0.961813 0.261694 -0.080199
0.965736 -63.285683 3842.098854 808.756703 0.184276 0.842848 0.505618 -0.323590 -0.433723 0.840936 -0.928080 0.318577 -0.192813
-29.852911 -33.137749 -189.781331 667.692577 -0.529137 0.848437 0.012966 -0.706492 -0.448972 0.547077 -0.469982 -0.280318 -0.836982
-29.240963 -33.555461 1866.809215 -82.550948 -0.658027 0.723439 0.208892 -0.561643 -0.656326 0.503779 -0.501555 -0.214177 -0.838195
-30.305296 -32.234495 3739.773610 -1160.707748 -0.437671 0.898384 0.036745 -0.787601 -0.402773 0.466324 -0.433738 -0.175157 -0.883850
-31.791336 -33.845487 -1173.382833 1346.402412 0.131936 0.929443 -0.344570 -0.902761 0.256233 0.345496 -0.409409 -0.265481 -0.872871
-29.716808 -35.818899 1209.774692 2532.576428 0.535964 0.749637 -0.388313 -0.770238 0.622506 0.138635 -0.345653 -0.224790 -0.911040
-27.470230 -28.705270 4348.891162 70.428736 0.063095 0.987398 -0.145132 -0.927775 0.111620 0.356054 -0.367766 -0.112184 -0.923126
-2.084770 -8.648373 -318.118907 107.548619 -0.434070 -0.723347 0.536984 0.866953 -0.497443 0.030717 0.244900 0.478873 0.843033
-4.076757 -10.952743 -828.979603 1285.422822 -0.142640 -0.840584 0.522563 0.961305 -0.243372 -0.129083 0.235682 0.483930 0.842772
-4.812420 -10.934344 -907.440674 663.378756 -0.320796 -0.782847 0.533142 0.912920 -0.405522 -0.046142 0.252323 0.471914 0.844766
-2.088758 -9.725385 -176.469517 -408.725924 -0.581288 -0.627575 0.517933 0.772560 -0.625487 0.109165 0.255451 0.463590 0.848427
-4.530018 -11.812110 -1390.029708 -828.203550 -0.576686 -0.628440 0.522012 0.772296 -0.627743 0.097457 0.266443 0.459350 0.847352
-8.119936 -13.878794 -2129.929550 740.621038 -0.245192 -0.813769 0.526935 0.935100 -0.341965 -0.092993 0.255868 0.469936 0.844803
1.947102 -74.276669 2956.122954 1514.393638 -0.260707 0.928385 -0.264826 0.574473 0.369645 0.730304 -0.775895 -0.038260 0.629701
1.992747 -81.491915 2949.818264 9219.253321 -0.255340 0.932368 -0.255911 0.495724 0.353496 0.793283 -0.830096 -0.075696 0.552459
-1.016588 -71.742249 2069.201126 4213.651670 -0.263316 0.934678 -0.238835 0.564458 0.350042 0.747568 -0.782337 -0.062034 0.619758
-7.349576 -28.067950 1474.241999 589.706875 -0.411806 -0.492460 0.766746 -0.438204 0.844749 0.307208 -0.798995 -0.209481 -0.563671
-9.676835 -28.665126 2480.944217 682.198024 -0.420144 -0.485808 0.766466 -0.466038 0.840249 0.277111 -0.778645 -0.240776 -0.579430
-5.475715 -28.415360 966.819527 632.702379 -0.385910 -0.537945 0.749459 -0.514384 0.799857 0.309254 -0.765821 -0.266166 -0.585384
-5.803563 -27.886257 128.104123 664.592620 -0.392541 -0.519737 0.758805 -0.458826 0.825692 0.328193 -0.797113 -0.219330 -0.562587
27.595548 -1209.916048 -9220.169500 417619.878395 -0.174424 0.984510 -0.017814 -0.462104 -0.097818 -0.881414 0.869503 0.145508 -0.472008
30.859394 -542.669130 1096.172436 169397.903468 -0.290199 0.949719 -0.117548 -0.486393 -0.252166 -0.836561 0.824140 0.185594 -0.535115
16.131049 -289.125300 781.204026 86650.518738 -0.251373 0.957653 -0.140401 -0.644313 -0.273814 -0.714064 0.722269 0.089034 -0.685858
18.050105 -275.757760 3546.056520 86541.520368 -0.351980 0.916174 -0.191666 -0.627596 -0.382923 -0.677859 0.694430 0.118304 -0.709768
14.909970 -284.737529 -5299.096955 77266.448712 -0.154752 0.984435 -0.083308 -0.648297 -0.164817 -0.743334 0.745495 0.061024 -0.663712
5.687462 -86.804526 1017.347972 14026.411947 -0.258670 0.957743 -0.125766 -0.688416 -0.274111 -0.671526 0.677623 0.087124 -0.730230
11.874504 -98.314879 2448.323694 -21187.675984 0.818286 0.552123 -0.159900 0.335034 -0.232080 0.913176 -0.467076 0.800812 0.374888
53.697926 -2434.022604 20361.761145 -940537.932868 0.898228 0.437426 0.042950 0.126593 -0.351044 0.927762 -0.420905 0.827905 0.370693
-8.282276 -530.796318 2754.202700 -183786.413074 0.919163 0.365882 0.145844 0.053309 -0.482430 0.874311 -0.390254 0.795859 0.462936
18.096047 -64.752608 1156.191440 -2414.943074 0.739757 0.633645 -0.226393 0.409048 -0.156340 0.899021 -0.534266 0.757662 0.374845
15.264113 -57.878775 717.491123 -3020.786602 0.756951 0.611134 -0.231389 0.362352 -0.097869 0.926889 -0.543807 0.785454 0.295527
0.886702 -279.457786 305.364277 -96704.265414 0.886268 0.463158 -0.003632 0.241438 -0.455281 0.856987 -0.395267 0.760398 0.515325
16.050902 -85.349282 2141.761092 -14959.142144 0.766694 0.603081 -0.220167 0.437777 -0.240251 0.866389 -0.469607 0.760640 0.448214
-31.243445 -225.274003 -10925.243808 16792.265911 0.969375 0.069441 0.235564 0.108026 0.740848 -0.662929 0.220552 -0.668074 -0.710657
-24.295456 -217.697396 -9997.252250 -42184.949203 0.968153 0.062590 0.242407 0.196048 0.412648 -0.889543 0.155706 -0.908738 -0.387236
-14.131793 -188.746351 -9813.435505 -2988.524513 0.977640 0.029659 0.208185 0.141193 0.641080 -0.754374 0.155837 -0.766901 -0.622558
-46.520594 -269.008292 -8796.970443 -57648.956752 0.932109 0.147420 0.330816 0.243579 0.420811 -0.873835 0.268032 -0.895090 -0.356333
-4.689561 -56.870364 1304.262157 2439.262223 0.033967 0.997600 0.060339 -0.604549 -0.027567 0.796091 -0.795843 0.063518 -0.602162
-6.268242 -56.742363 2380.654166 -1472.278918 0.041487 0.997548 0.056365 -0.579839 -0.021904 0.814437 -0.813674 0.066471 -0.577508
-3.360581 -55.603087 794.212763 -1895.828984 0.019953 0.995275 0.095023 -0.568194 -0.066914 0.820170 -0.822653 0.070356 -0.564174
-4.241317 -58.135171 359.490076 2720.108600 0.016156 0.994502 0.103462 -0.620166 -0.071200 0.781233 -0.784304 0.076785 -0.615606
-4.632173 -57.641427 -1278.815715 -415.565877 -0.001748 0.993270 0.115806 -0.588963 -0.094612 0.802603 -0.808158 0.066803 -0.585164
-27.813450 -44.691678 -7084.555488 -933.312114 0.439868 0.837003 0.325488 -0.554191 0.538180 -0.635008 0.706674 -0.098937 -0.700588
-32.875947 -49.314500 -2272.138351 -400.559758 0.140275 0.984043 0.109463 -0.691128 0.176482 -0.700854 0.708989 -0.022659 -0.704855
-36.398158 -49.549211 78.538937 65.971977 0.027985 0.999476 -0.016263 -0.612471 0.004286 -0.790481 0.789997 -0.032082 -0.612270
-37.185914 -48.804211 2692.773557 996.903439 0.001100 0.987892 -0.155141 -0.604056 -0.122982 -0.787396 0.796941 -0.094580 -0.596607
59.513185 -41.554563 -6146.362117 -6895.387685 0.781670 -0.357281 -0.511217 0.610218 0.607565 0.508428 -0.128946 0.709377 -0.692934
60.255375 -38.692407 1540.023418 -4870.138356 0.775365 -0.515104 -0.365345 0.630554 0.599586 0.492848 0.034812 0.612507 -0.789699
56.606777 -57.657364 480.278141 -8729.550199 0.794679 -0.469152 -0.385204 0.604712 0.556430 0.569832 0.052998 0.685771 -0.725885
57.446280 -53.617062 -6828.283924 -9522.984808 0.761580 -0.344802 -0.548733 0.637082 0.553584 0.536349 -0.118836 0.758061 -0.641266
50.205419 -51.464651 -8042.554327 -7683.455731 0.744865 -0.263935 -0.612792 0.631413 0.575649 0.519562 -0.215623 0.773929 -0.595433
52.329435 -34.165030 -8108.552388 -4549.920913 0.802853 -0.234778 -0.548001 0.544767 0.662315 0.514361 -0.242189 0.711490 -0.659642
69.499593 -145.018743 13675.047190 24220.390337 0.591255 0.495847 -0.636045 0.369036 0.534911 0.760054 0.717098 -0.684110 0.133283
82.442167 -159.764251 16815.730102 8655.530873 0.651513 0.479770 -0.587666 -0.565510 -0.209225 -0.797761 0.505697 -0.852083 -0.135002
79.888121 -168.390498 2173.791487 -12737.531075 0.714455 0.295793 -0.634083 -0.503018 -0.412778 -0.759334 0.486341 -0.861464 0.146122
-13.502356 -49.119909 2541.604468 -177.111096 0.308525 -0.486046 -0.817662 0.708884 0.690662 -0.143072 0.634268 -0.535486 0.557637
-16.245943 -48.116046 1705.357524 903.964007 0.362541 -0.434054 -0.824719 0.574830 0.800690 -0.168716 0.733577 -0.412907 0.539790
-18.941929 -50.267297 1583.066083 404.858720 0.387894 -0.444895 -0.807222 0.643419 0.757791 -0.108469 0.659962 -0.477307 0.580196
6.318453 -40.764524 708.435392 1351.217886 -0.103627 -0.786184 -0.609242 0.951166 0.100736 -0.291779 0.290765 -0.609726 0.737353
5.881250 -40.525819 758.845042 460.067868 -0.125286 -0.782166 -0.610344 0.959938 0.059851 -0.273747 0.250646 -0.620189 0.743332
5.391923 -44.392587 -100.255833 -1907.071295 -0.058394 -0.790108 -0.610180 0.981406 0.066517 -0.180052 0.182848 -0.609348 0.771532
6.016027 -39.205338 883.835537 3370.432140 -0.124273 -0.782672 -0.609902 0.921832 0.136356 -0.362813 0.367128 -0.607315 0.704546
6.272558 -43.094173 -366.164535 799.567936 -0.060083 -0.795496 -0.602973 0.961413 0.116347 -0.249296 0.268468 -0.594684 0.757810
6.778111 -40.042346 300.445741 2564.159950 -0.108408 -0.791660 -0.601267 0.918272 0.151953 -0.365633 0.380821 -0.591764 0.710486
4.722654 -46.310069 1312.068967 -560.333580 -0.152585 0.872151 0.464835 0.066494 -0.460216 0.885313 -0.986051 -0.165994 -0.012229
2.936999 -48.009746 1309.497687 -507.768291 -0.145548 0.874601 0.462481 0.099929 -0.452072 0.886366 -0.984292 -0.175224 0.021600
5.050642 -48.217569 1334.498475 -838.815288 -0.147953 0.863888 0.481463 0.161731 -0.459133 0.873522 -0.975681 -0.207107 0.071787
6.410455 -47.647528 873.352576 -921.743013 -0.164374 0.856387 0.489472 0.152152 -0.468270 0.870387 -0.974593 -0.217543 0.053329
5.675878 -45.905118 670.369797 -278.711701 -0.168390 0.864368 0.473827 0.025529 -0.476706 0.878692 -0.985390 -0.160060 -0.058206
14.278395 -70.569699 -95.171530 -3500.879983 -0.031976 0.972047 0.232599 0.262681 0.232710 -0.936400 0.964353 -0.031157 0.262779
15.027413 -72.358687 -1188.911382 -2856.211434 -0.044712 0.981138 0.188066 0.248683 0.193259 -0.949109 0.967552 -0.004332 0.252633
11.625663 -75.192988 -2260.618410 -8733.311420 -0.018140 0.984806 0.172710 0.166872 0.173298 -0.970629 0.985812 -0.011214 0.167481
9.816325 -74.867839 -60.658075 -8438.058701 -0.025456 0.971903 0.234000 0.167561 0.234913 -0.957465 0.985533 -0.014836 0.168833
0.132201 -85.520097 -123.060422 4258.396885 -0.104545 0.993842 -0.036732 -0.283236 -0.065159 -0.956834 0.953335 0.089628 -0.288304
1.903834 -89.343657 685.445822 5189.824714 -0.121728 0.991286 -0.050351 -0.240478 -0.078671 -0.967461 0.962992 0.105659 -0.247958
-0.467723 -93.148006 -975.371947 4479.777547 -0.093613 0.992607 -0.077256 -0.107363 -0.087209 -0.990388 0.989803 0.084418 -0.114733
0.747656 -84.445094 -374.844705 4314.730179 -0.101465 0.994396 -0.029691 -0.435275 -0.071212 -0.897477 0.894562 0.078139 -0.440061
-2.848595 -93.021883 643.636605 5364.482582 -0.119014 0.991691 -0.048832 -0.094379 -0.060258 -0.993711 0.988397 0.113657 -0.100766
0.852091 -80.661003 502.869920 1408.435905 -0.106460 0.994272 0.009449 -0.457182 -0.040509 -0.888450 0.882979 0.098904 -0.458875
-1.615139 -81.811352 943.879366 3608.997276 -0.119475 0.992775 -0.011076 -0.281476 -0.044568 -0.958533 0.952101 0.111403 -0.284767
0.697980 -164.991839 -1644.508211 -19218.514663 -0.136085 0.958284 0.251342 0.263860 -0.209479 0.941539 -0.954913 -0.194448 0.224346
-0.421645 -154.512688 -621.978150 -13284.886502 -0.130246 0.965224 0.226668 0.267119 -0.186001 0.945543 -0.954821 -0.183701 0.233604
1.243028 -139.907477 -770.326328 -14445.950466 -0.126964 0.961275 0.244602 0.042659 -0.241077 0.969568 -0.990990 -0.133534 0.010399
3.201386 -139.760256 -1590.602294 -17083.990802 -0.135555 0.955364 0.262498 0.029315 -0.260960 0.964904 -0.990336 -0.138493 -0.007368
3.655729 -165.259806 -361.286077 -24838.238578 -0.106313 0.961032 0.255177 0.213467 -0.228589 0.949831 -0.971148 -0.155451 0.180847
1.166183 -176.566328 226.641284 -7926.495431 -0.090332 0.965838 0.242894 0.563436 -0.151545 0.812142 -0.821207 -0.210217 0.530498
16.227905 -85.016602 1402.589620 -1381.779457 -0.117513 0.989058 0.089190 0.296103 0.120624 -0.947509 0.947900 0.084935 0.307038
12.320607 -91.473513 2780.892920 -3153.613933 -0.132477 0.991087 0.014053 0.154782 0.034689 -0.987339 0.979026 0.128624 0.157998
13.194985 -85.664563 215.838679 -4603.233617 -0.093718 0.993120 0.070217 0.149635 0.083776 -0.985186 0.984290 0.081823 0.156456
10.481540 -52.755469 816.772876 -373.894158 -0.047705 0.993400 -0.104308 0.941608 0.009878 -0.336566 0.333314 0.114273 0.935865
9.472841 -52.592867 -86.347486 -865.565881 -0.030616 0.989912 -0.138339 0.937090 -0.019725 -0.348531 0.347743 0.140306 0.927032
9.713436 -51.432959 887.974758 2456.233351 -0.041279 0.991788 -0.121046 0.888689 -0.018925 -0.458120 0.456648 0.126483 0.880610
13.701533 -48.850329 1650.112281 2704.236426 -0.061128 0.994586 -0.084030 0.894295 0.017186 -0.447148 0.443283 0.102481 0.890504
16.082866 -49.652180 2328.679672 -440.211157 -0.103918 0.992092 -0.070393 0.946373 0.076864 -0.313799 0.305907 0.099228 0.946876
-12.720664 -29.494611 -743.839184 4545.499529 0.080168 0.986678 -0.141558 -0.952383 0.117733 0.281257 -0.294176 -0.112269 -0.949134
-11.897734 -28.632537 48.629928 4590.786648 0.060956 0.986408 -0.152588 -0.952128 0.103342 0.287703 -0.299561 -0.127746 -0.945486
-13.445484 -22.159116 -509.206316 3955.674846 0.029936 0.992835 -0.115679 -0.934334 0.068914 0.349672 -0.355138 -0.097615 -0.929703
-11.568740 -37.586621 -230.671296 3031.103988 0.062033 0.987745 -0.143218 -0.977261 0.089262 0.192336 -0.202763 -0.128031 -0.970822
-14.150010 -26.541458 -912.454281 5154.226455 0.121369 0.985580 -0.117903 -0.939632 0.152364 0.306393 -0.319939 -0.073599 -0.944575
-13.427372 -34.394204 -773.759583 3945.590572 0.092609 0.987758 -0.125528 -0.963756 0.120601 0.237970 -0.250195 -0.098940 -0.963127
-7.966188 -97.740775 1240.743189 10273.519890 0.644535 -0.236767 -0.726991 -0.520496 0.560618 -0.644043 -0.560052 -0.793505 -0.238102
-4.729754 -104.008017 1142.989334 9593.900844 0.648037 -0.224063 -0.727904 -0.550072 0.523327 -0.650807 -0.526753 -0.822147 -0.215884
-7.031096 -125.879198 2028.155608 -13783.373080 0.645148 -0.198400 -0.737849 0.659691 -0.342566 0.668922 -0.385476 -0.918306 -0.090123
-8.987653 -110.722887 737.443750 14307.022365 0.631928 -0.234825 -0.738596 -0.591120 0.470306 -0.655277 -0.501242 -0.850688 -0.158390
-7.882917 -82.700772 -299.430771 6043.804591 0.640086 -0.283759 -0.713982 -0.458868 0.604157 -0.651487 -0.616222 -0.744631 -0.256504
6.363105 -44.235945 704.268835 -453.091408 0.121182 0.841127 0.527087 0.812214 0.221233 -0.539781 0.570634 -0.493519 0.656366
4.134997 -46.764411 767.818921 -793.638809 0.087692 0.836894 0.540295 0.832472 0.236310 -0.501147 0.547084 -0.493727 0.675968
5.801099 -46.478014 1101.907335 -515.858245 0.129108 0.852228 0.506989 0.759774 0.243536 -0.602855 0.637240 -0.463030 0.616059
7.998378 -46.364760 264.433256 -438.145005 0.164782 0.846426 0.506369 0.721713 0.246458 -0.646830 0.672292 -0.472039 0.570265
8.162375 -41.374494 57.928178 207.008990 0.162463 0.833274 0.528451 0.783794 0.216354 -0.582115 0.599394 -0.508769 0.617966
6.318411 -43.403949 -243.238326 567.753444 -0.099247 -0.823070 -0.559200 0.858259 0.213569 -0.466669 0.503529 -0.526254 0.685211
8.099591 -17.827842 -2266.864233 3794.758824 -0.219706 0.950738 -0.218691 -0.910324 -0.280396 -0.304448 0.350771 -0.132191 -0.927084
14.114967 -18.481494 -2742.989611 3633.484312 -0.164824 0.971750 -0.168925 -0.920799 -0.212983 -0.326754 0.353501 -0.101689 -0.929890
12.262010 -12.308430 -2462.249392 2270.853731 -0.209483 0.956284 -0.204053 -0.919694 -0.263567 -0.291024 0.332083 -0.126702 -0.934702
10.377980 -10.027637 -2381.442063 -332.224764 -0.211546 0.953684 -0.213858 -0.919064 -0.268550 -0.288447 0.332519 -0.135529 -0.933308
6.741943 -11.555389 -1498.775753 1532.471924 -0.226847 0.946316 -0.230275 -0.914032 -0.288498 -0.285157 0.336282 -0.145791 -0.930408
81.947533 -36.023216 -3076.455469 9227.871111 0.798856 0.542040 -0.260809 -0.546434 0.472671 -0.691370 0.251473 -0.694820 -0.673785
82.563630 -24.358144 -9021.353994 4042.150551 0.771218 0.623296 -0.129324 -0.515463 0.492262 -0.701410 0.373525 -0.607602 -0.700927
80.943886 -21.792257 -5691.437738 2543.741808 0.817266 0.547839 -0.178740 -0.504004 0.529157 -0.682622 0.279386 -0.647970 -0.708575
86.943200 -23.081131 4549.560476 370.851113 0.839835 0.504429 -0.200571 -0.498129 0.569281 -0.654054 0.215743 -0.649207 -0.729373
86.225630 -30.469053 6917.804807 6979.864597 0.830500 0.490462 -0.264039 -0.524582 0.529284 -0.666838 0.187307 -0.692319 -0.696858
14.619576 -55.219190 1208.212671 -1161.151720 0.930799 0.035365 -0.363817 0.113155 0.918541 0.378785 -0.347577 0.393741 -0.850975
1.726476 -65.568242 4168.040229 8696.817673 0.918732 -0.139871 -0.369279 0.264961 0.911751 0.313856 -0.292791 0.386195 -0.874715
12.937781 -64.551512 3510.818010 -6873.471445 0.927568 -0.047963 -0.370564 0.206004 0.893035 0.400065 -0.311738 0.447425 -0.838231
16.733571 -99.558765 10.320654 -21735.927506 0.906944 -0.052352 -0.417986 0.261069 0.848571 0.460184 -0.330600 0.526484 -0.783274
17.445433 -69.624584 -996.996793 -13813.402851 0.916408 0.014807 -0.399972 0.168300 0.892420 0.418643 -0.363142 0.450963 -0.815328
4.627096 -288.356263 1006.593226 12610.061367 0.853318 -0.122014 -0.506913 0.062550 0.989167 -0.132799 0.517625 0.081612 0.851706
10.675146 -321.826955 8340.477804 28509.454032 0.833909 -0.131754 -0.535945 0.111609 0.991281 -0.070032 0.540499 -0.001416 0.841343
7.465656 -267.733594 2179.225246 3564.442084 0.845691 -0.163255 -0.508090 -0.007941 0.948106 -0.317855 0.533614 0.272842 0.800508
1.982694 -302.952971 590.540268 -5842.907459 0.848104 -0.187489 -0.495548 -0.031774 0.915614 -0.400800 0.528876 0.355666 0.770579
11.040133 -104.841557 -785.530458 2282.288456 0.645404 -0.403748 -0.648415 0.442475 -0.494337 0.748229 0.622632 0.769817 0.140399
8.956212 -106.331053 -1163.894146 3888.268051 0.650476 -0.379717 -0.657796 0.349637 -0.619140 0.703150 0.674266 0.687372 0.269973
10.636846 -109.360062 -1299.411519 -275.787018 0.658780 -0.385351 -0.646153 0.502782 -0.413401 0.759151 0.559660 0.824987 0.078592
7.990204 -101.872093 478.352151 -3954.139491 0.630820 -0.412926 -0.656931 -0.327333 0.625994 -0.707803 0.703505 0.661531 0.259726
11.525019 -109.859759 120.231151 921.736585 0.647007 -0.422684 -0.634602 0.562888 -0.296637 0.771469 0.514334 0.856356 -0.045997
10.096284 -104.975272 1511.768018 2039.962089 0.626680 -0.441792 -0.641944 0.458194 -0.457436 0.762110 0.630342 0.771733 0.084240
13.375773 -65.008860 -3301.180487 1530.197863 0.668218 -0.092854 -0.738148 -0.038154 0.986598 -0.158646 0.742987 0.134173 0.655720
18.873651 -62.911566 -1222.794804 -1395.446881 0.644356 -0.044045 -0.763457 0.005205 0.998569 -0.053216 0.764708 0.030316 0.643663
15.232052 -64.293297 -2349.842118 -1565.441974 0.665430 -0.103102 -0.739306 0.079750 0.994566 -0.066919 0.742188 -0.014430 0.670036
-8.028031 -25.318387 306.457824 520.065896 -0.225825 0.966150 0.124730 0.398048 0.208375 -0.893386 0.889135 0.152101 0.431630
-6.187150 -25.382297 503.176484 -112.947778 -0.225696 0.965120 0.132684 0.333920 0.204587 -0.920131 0.915182 0.163365 0.368447
-6.950859 -24.810709 -306.174639 343.555512 -0.203668 0.977454 0.055695 0.382068 0.131730 -0.914697 0.901412 0.165015 0.400283
-1.312964 -39.950135 -858.037441 -4941.804821 -0.116535 0.930628 0.346916 -0.586007 0.217588 -0.780545 0.801882 0.294257 -0.519998
-0.804504 -47.577949 2241.972846 -4767.774727 -0.058039 0.890655 0.450961 -0.682942 0.294061 -0.668669 0.728163 0.346789 -0.591199
2.844622 -47.794360 2466.516992 -3183.045057 -0.122689 0.910848 0.394085 -0.655679 0.223689 -0.721143 0.745005 0.346870 -0.569780
3.266179 -191.253109 -201.993491 6931.070049 -0.079409 0.963754 0.254701 0.849231 -0.068398 0.523573 -0.522016 -0.257877 0.813018
2.613857 -189.563160 835.729145 7947.235949 -0.080494 0.966624 0.243227 0.800787 -0.082587 0.593229 -0.593516 -0.242524 0.767412
4.558730 -176.029678 -1681.178607 -10240.566590 -0.121240 0.956369 0.265816 0.616782 -0.137237 0.775078 -0.777741 -0.257922 0.573233
7.596260 -184.026029 -1650.323619 -13582.959028 -0.091477 0.959632 0.265967 0.648208 -0.145371 0.747458 -0.755948 -0.240777 0.608743
4.516510 -209.824236 -1920.735060 4792.419239 -0.047238 0.965174 0.257308 0.880441 -0.081436 0.467109 -0.471796 -0.248610 0.845932
-6.541176 -57.768332 -792.811347 1667.359799 -0.107684 0.912233 0.395265 -0.882728 -0.270637 0.384118 -0.457379 0.307548 -0.834397
-6.532470 -54.942720 -891.913288 -723.473886 -0.133136 0.902072 0.410538 -0.843316 -0.320718 0.431228 -0.520666 0.288801 -0.803431
-7.496955 -55.391847 -786.534724 3668.000374 -0.116494 0.904344 0.410599 -0.869380 -0.292738 0.398098 -0.480216 0.310590 -0.820321
-18.250060 -34.546394 -881.879788 -827.288137 0.245146 -0.553490 -0.795960 0.166522 0.832850 -0.527855 0.955078 -0.003143 0.296338
-17.212019 -35.446642 2811.860243 52.388182 0.176515 -0.589857 -0.787979 0.183352 0.806242 -0.562456 0.967070 -0.045196 0.250465
-16.694319 -33.387722 3719.658873 -2697.446116 0.144759 -0.648658 -0.747187 0.150887 0.760780 -0.631226 0.977895 -0.021365 0.208003
-54.333107 -81.263346 911.067912 5117.987104 0.190542 0.956737 -0.219883 0.339306 0.145997 0.929277 -0.921176 0.251674 0.296808
-47.252676 -77.173789 -170.724501 4001.288220 0.362887 0.931194 0.034500 0.254353 -0.134603 0.957699 -0.896447 0.338761 0.285698
-41.109809 -69.239572 588.041756 6539.754798 0.488021 0.851790 0.190498 0.280566 -0.359759 0.889863 -0.826510 0.380825 0.414553
67.361592 -92.029815 -1216.011333 -9087.904096 0.055489 0.996561 -0.061546 0.956971 -0.070666 -0.281447 0.284828 0.043281 0.957601
73.266238 -90.989527 -4403.864330 -2578.222333 0.013771 0.991395 -0.130178 0.898853 -0.069308 -0.432736 0.438034 0.111051 0.892073
-50.038906 -78.757674 168.626349 5636.580836 0.055780 0.888941 -0.454611 0.485210 -0.422074 -0.765784 0.872617 0.177867 0.454867
-49.710313 -75.432279 -1477.528314 2865.817239 0.019952 0.826424 -0.562695 0.439646 -0.512725 -0.737445 0.897950 0.232672 0.373564
-51.393104 -76.707862 3264.407887 -2307.523167 0.022821 0.804278 -0.593815 0.617906 -0.478282 -0.624050 0.785920 0.352681 0.507883
-43.845426 -68.937891 -3492.614739 6650.908532 0.078580 0.911387 -0.403979 0.331383 -0.406068 -0.851642 0.940218 0.066949 0.333927
-48.846938 -78.457164 -1689.434025 9085.659943 0.095642 0.963296 -0.250826 0.478464 -0.265452 -0.837023 0.872883 0.039956 0.486291
-44.822612 -74.104766 -2207.203442 9221.794233 0.102620 0.941112 -0.322144 0.369879 -0.336734 -0.865910 0.923395 0.030295 0.382653
32.497411 -31.671848 13130.417994 -1385.572573 -0.064072 0.993164 -0.097568 -0.302347 0.073855 0.950333 -0.951042 -0.090390 -0.295548
54.000187 -35.020336 12626.733504 -2175.073885 -0.108122 0.975624 -0.190963 -0.326570 0.146573 0.933739 -0.938968 -0.163320 -0.302762
14.699346 -30.795429 6069.165464 -2103.957162 -0.060721 0.993082 -0.100509 -0.273642 0.080275 0.958476 -0.959913 -0.085703 -0.266875
33.330257 -34.517623 10372.927906 -1419.443517 -0.061752 0.984660 -0.163194 -0.244671 0.143583 0.958916 -0.967638 -0.099144 -0.232051
39.207984 5.691135 5449.089464 -2665.811675 0.854617 -0.160486 -0.493836 0.012458 0.957104 -0.289478 0.519109 0.241241 0.819957
39.488874 0.184060 5837.956153 -1672.516536 0.853352 -0.167897 -0.493560 0.023978 0.958360 -0.284553 0.520784 0.230989 0.821844
34.315833 -2.842151 5649.087965 -1555.227969 0.838708 -0.146859 -0.524405 0.000280 0.963068 -0.269259 0.544581 0.225683 0.807774
23.501659 -3.054191 6105.429871 -1120.386347 0.801379 -0.126335 -0.584664 -0.034078 0.966211 -0.255489 0.597186 0.224667 0.769996
-20.932458 -47.814667 -3143.094051 -552.030471 0.825900 0.533290 -0.183006 0.200425 -0.581078 -0.788782 0.526991 -0.614776 0.586797
-19.286220 -44.565627 -4688.057373 1218.226974 0.828021 0.548037 -0.118472 0.189316 -0.472150 -0.860950 0.527769 -0.690456 0.494702
1.266123 -52.651035 788.104234 710.679796 0.038260 -0.967839 -0.248646 0.978057 -0.014727 0.207818 -0.204796 -0.251141 0.946038
3.578522 -51.326129 -205.883583 -2509.002032 0.034582 -0.972315 -0.231101 0.987545 -0.002268 0.157321 -0.153490 -0.233663 0.960126
2.831723 -49.235964 648.090891 -3023.843217 0.008548 -0.966460 -0.256675 0.991468 -0.025197 0.127895 -0.130073 -0.255578 0.957998
1.532853 -48.799355 1182.577463 -2718.015858 -0.010276 -0.962145 -0.272344 0.988336 -0.051157 0.143437 -0.151940 -0.267694 0.951449
-1.189948 -50.108398 1093.118064 93.387882 -0.004845 -0.964938 -0.262432 0.974417 -0.063524 0.215583 -0.224695 -0.254674 0.940560
-1.176573 -51.505772 -765.011863 5368.988109 -0.035208 0.968524 0.246419 0.966206 -0.030014 0.256017 -0.255354 -0.247106 0.934737
1.548741 -50.753076 593.855491 497.986405 0.040363 0.994069 -0.100978 -0.825436 -0.023775 -0.563995 0.563051 -0.106116 -0.819581
2.449281 -51.577273 304.287721 -783.080891 0.057320 0.993967 -0.093510 -0.748984 -0.019116 -0.662313 0.660104 -0.108001 -0.743369
2.757122 -53.231526 543.179993 -1531.904731 0.027916 0.993935 -0.106368 -0.755024 -0.048770 -0.653880 0.655102 -0.098564 -0.749084
2.338604 -50.215823 255.346272 -155.952852 0.071098 0.993065 -0.093631 -0.772351 -0.004592 -0.635179 0.631204 -0.117476 -0.766668
2.067396 -51.894175 -254.153326 1399.507120 0.016962 0.992089 -0.124384 -0.822467 -0.056895 -0.565960 0.568560 -0.111902 -0.814996
0.118293 -50.918966 351.592433 2153.370277 0.015113 0.992402 -0.122109 -0.883591 -0.043907 -0.466196 0.468016 -0.114940 -0.876214
0.225541 -49.945744 426.593371 1007.418981 0.035202 0.993407 -0.109103 -0.894796 -0.017290 -0.446139 0.445085 -0.113330 -0.888288
1.415767 -49.474394 471.855541 1590.215009 0.070132 0.992943 -0.095632 -0.855460 0.010555 -0.517762 0.513099 -0.118121 -0.850163
6.491637 -111.382457 -3202.046645 3175.108950 0.365996 -0.867381 0.337189 0.915135 0.401268 0.038898 -0.169042 0.294337 0.940633
-0.022327 -112.295571 -2576.363749 2251.722327 0.392726 -0.855052 0.338603 0.905220 0.424386 0.021761 -0.162305 0.297964 0.940678
-0.828000 -109.201651 -1679.432272 5300.056836 0.398120 -0.858841 0.322325 0.917169 0.366021 -0.157572 0.017352 0.358359 0.933423
1.617836 -121.558700 -85.214178 701.926692 -0.151294 0.988367 -0.015494 0.361047 0.040662 -0.931661 0.920193 0.146549 0.362999
3.198435 -118.957738 1164.024097 -2267.526745 -0.143999 0.986933 -0.072301 0.163433 -0.048341 -0.985369 0.975989 0.153708 0.154336
13.522004 -95.224147 13006.866821 -2837.765346 0.995330 -0.095891 -0.011088 0.016602 0.056904 0.998242 0.095092 0.993764 -0.058230
-2.451017 -97.862690 11258.399068 -4289.631519 0.996044 -0.088351 -0.009484 0.024441 0.169794 0.985176 0.085431 0.981511 -0.171282
-0.134788 -100.278295 8968.358603 338.768110 0.997365 -0.072017 0.008724 -0.014414 -0.078867 0.996781 0.071097 0.994280 0.079697
12.016501 -97.321516 7231.954816 -1517.104952 0.998086 -0.053360 -0.031260 0.024876 -0.116370 0.992894 0.056618 0.991772 0.114820
48.861249 -27.219610 2825.988882 -1559.913199 0.927877 0.046370 -0.369993 0.259191 0.633137 0.729354 -0.268076 0.772650 -0.575454
0.729865 -69.663651 -206.627446 -4344.606939 -0.328663 0.926175 -0.184878 -0.828200 -0.188546 0.527764 -0.453944 -0.326573 -0.829027
-0.292093 -65.883656 310.208243 -134.416383 -0.300347 0.933267 -0.196986 -0.863557 -0.178360 0.471654 -0.405045 -0.311769 -0.859499
-0.052795 -71.910107 -68.246164 4995.288389 -0.275385 0.937939 -0.210794 -0.890050 -0.165899 0.424604 -0.363282 -0.304547 -0.880499
-5.840001 -38.678801 -1263.690329 1791.937957 0.008304 0.995108 0.098447 -0.112876 -0.096888 0.988874 -0.993574 0.019323 -0.111519
-4.527763 -42.475981 -1971.596489 2662.474432 -0.028359 0.975568 0.217858 -0.226716 -0.218543 0.949125 -0.973548 0.022476 -0.227375
-2.269896 -34.196307 -149.695779 2009.693098 0.006866 0.986564 0.163231 -0.144240 -0.160551 0.976431 -0.989519 0.030249 -0.141200
-6.790533 -93.447741 1213.753354 -1369.624416 -0.355171 0.923613 -0.144196 -0.592723 -0.341786 -0.729289 0.722865 0.173554 -0.668839
-3.973265 -96.927519 1867.987497 -1003.305608 -0.378609 0.913565 -0.148508 -0.639557 -0.374212 -0.671515 0.669046 0.159262 -0.725957
-2.422655 -95.370630 1445.574982 -1171.167510 -0.394251 0.902900 -0.171284 -0.584512 -0.390184 -0.711408 0.709163 0.180356 -0.681586
-8.451519 -90.594338 393.937324 -2816.564799 -0.342428 0.927042 -0.152763 -0.489584 -0.314834 -0.813134 0.801904 0.203649 -0.561673
-7.084903 -197.689407 2254.486499 -27838.727026 0.994365 0.101048 -0.032055 -0.048940 0.169342 -0.984341 0.094038 -0.980363 -0.173333
-0.642962 -162.158537 5635.478429 -21636.776057 0.992057 0.124669 0.016734 0.024352 -0.059837 -0.997911 0.123407 -0.990392 0.062398
-2.764300 -158.506005 3796.638398 -23659.154898 0.994287 0.105237 -0.017861 -0.004228 -0.128372 -0.991717 0.106658 -0.986127 0.127194
-6.959902 -196.161211 1469.467655 -26605.553834 0.995211 0.097354 -0.008767 -0.031275 0.232160 -0.972175 0.092609 -0.967793 -0.234093
-7.902882 -195.360472 601.422962 -30368.865315 0.996728 0.065446 -0.047426 -0.053466 0.093854 -0.994149 0.060612 -0.993433 -0.097046
-10.218446 -226.384448 252.693020 -23180.162688 0.994988 0.081767 -0.057550 -0.086897 0.422381 -0.902244 0.049466 -0.902723 -0.427369
-10.705533 -219.389939 -320.745195 -15845.499460 0.995524 0.083906 -0.043506 -0.080271 0.507595 -0.857848 0.049895 -0.857500 -0.512058
