17272
34529
-42.878747 -67.886119 -711.904474 6313.319565 -0.248735 -0.940484 0.231560 0.957052 -0.201887 0.208070 -0.148938 0.273370 0.950309
-42.221044 -68.421369 -612.835517 10248.179216 -0.011486 -0.980083 0.198256 0.995033 0.008403 0.099189 -0.098880 0.198410 0.975119
-35.680871 -56.399644 -689.375337 6873.684602 -0.410509 -0.890361 0.196825 0.911159 -0.392083 0.126731 -0.035665 0.231363 0.972214
-34.926711 -52.916073 1919.244777 9740.117350 -0.099796 -0.982672 0.156194 0.994656 -0.102699 -0.010606 0.026463 0.154301 0.987669
-35.721257 -58.216972 309.605596 5677.722547 -0.536445 -0.809839 0.237459 0.842359 -0.496625 0.209272 -0.051549 0.312288 0.948588
-29.795051 -46.339203 -712.753800 3923.681133 -0.677396 -0.713098 0.180626 0.734994 -0.666216 0.126257 0.030303 0.218285 0.975415
44.864896 -121.380147 10580.413867 19289.653295 -0.382062 0.906822 0.178052 0.747222 0.189764 0.636906 -0.543773 -0.376382 0.750099
66.640353 -112.924157 -13773.550362 22113.670980 0.472592 -0.861049 -0.187752 0.794886 0.324482 0.512707 -0.380544 -0.391542 0.837783
72.589490 -143.941742 17123.496539 18258.635236 -0.421107 0.880512 0.217642 0.667724 0.138555 0.731401 -0.613851 -0.453323 0.646286
49.886136 -133.339797 12085.141157 10006.197657 -0.354094 0.909006 0.219830 0.598836 0.039831 0.799881 -0.718340 -0.414875 0.558450
29.817655 -117.213008 4657.264276 10305.855634 -0.318283 0.925205 0.206620 0.629390 0.043245 0.775885 -0.708918 -0.376996 0.596079
-38.133567 -47.474507 1793.751860 -2432.533534 0.226749 0.972116 -0.059798 0.467939 -0.162583 -0.868677 0.854177 -0.168990 0.491756
-38.432083 -53.206427 1448.313503 -4172.958201 0.207687 0.970092 -0.125650 0.406377 -0.202408 -0.891004 0.889789 -0.133989 0.436261
-36.943810 -46.576302 1664.826841 -684.619844 0.022428 0.993322 0.113176 0.522642 0.084854 -0.848319 0.852257 -0.078177 0.517248
-39.351567 -55.625950 1107.742397 -4947.199095 0.336839 0.929910 -0.147673 0.370862 -0.275192 -0.886979 0.865449 -0.244003 0.437563
-36.761048 -39.637767 1949.386406 -1529.347902 0.123035 0.987101 0.102438 0.562467 0.015682 -0.826671 0.817614 -0.159327 0.553283
-37.693226 -43.137661 -707.867448 -3027.295981 0.491050 0.795632 -0.354740 0.335422 -0.548509 -0.765918 0.803967 -0.257116 0.536217
1.422738 -35.909191 1174.481005 -2290.046388 0.523540 0.845520 -0.104890 0.633859 -0.304268 0.711087 -0.569323 0.438768 0.695237
5.367796 -37.696025 388.582789 -3199.654509 0.563495 0.824885 -0.045156 0.627439 -0.391777 0.672927 -0.537396 0.407524 0.738329
3.584065 -30.669607 5.950982 -1861.658471 0.531347 0.843812 -0.075177 0.606303 -0.316804 0.729405 -0.591664 0.433148 0.679939
-4.722393 -45.092883 3696.298233 -2306.245981 0.293975 0.949964 0.105579 0.568150 -0.084847 -0.818539 0.768625 -0.300615 0.564665
-1.115362 -47.548075 4844.190054 -1761.936798 0.271244 0.952524 0.138292 0.523583 -0.025459 -0.851594 0.807643 -0.303397 0.505631
2.339245 -44.309914 6487.204634 -1676.368620 0.284042 0.952694 0.108143 0.614403 -0.094262 -0.783342 0.736091 -0.288946 0.612112
7.280940 -45.949694 3553.107193 -2002.121943 0.265694 0.948030 0.175058 0.604974 -0.022578 -0.795925 0.750609 -0.317378 0.579532
2.134505 -42.463864 -7400.268261 -218.762948 0.499910 -0.844163 0.193593 0.864923 0.498147 -0.061297 -0.044693 0.198086 0.979165
13.940468 -43.968240 -6793.653063 -1109.271147 0.484992 -0.858499 0.166620 0.874245 0.471189 -0.116947 0.021889 0.202385 0.979061
14.819375 -41.702925 -7350.856719 -964.148111 0.479128 -0.860943 0.170921 0.874464 0.485021 -0.008217 -0.075826 0.153401 0.985251
25.907451 -41.333178 -5497.368324 -1673.080602 0.449728 -0.884976 0.120674 0.888952 0.456610 0.035650 -0.086651 0.091241 0.992052
12.512513 -39.283591 6972.297767 -868.811126 -0.479151 0.860477 -0.173185 0.860762 0.499261 0.099130 -0.171764 0.101573 0.979888
1.811556 -40.483161 7372.941620 -431.847451 -0.513678 0.834532 -0.199228 0.845595 0.531740 0.047135 -0.145273 0.144254 0.978819
-4.829318 -60.542998 -617.697818 -201.659558 0.109923 0.993874 0.011463 0.461617 -0.061262 0.884962 -0.880243 0.091986 0.465523
-6.435059 -59.179750 -1071.726866 -1051.491181 0.104736 0.994423 -0.012395 0.436621 -0.034781 0.898973 -0.893528 0.099567 0.437829
-4.529890 -56.224350 -725.957745 -3346.054212 0.103274 0.994448 -0.020207 0.287064 -0.010348 0.957856 -0.952328 0.104722 0.286538
-6.366059 -68.024693 -765.656115 -733.955901 0.121423 0.992479 0.015537 0.575759 -0.083174 0.813378 -0.808553 0.089817 0.581528
-4.114133 -68.465109 -583.116762 -1067.891475 0.115566 0.992470 0.040600 0.555565 -0.098466 0.825622 -0.823403 0.072858 0.562761
-3.740440 -59.717800 -487.594151 -1752.282357 0.098408 0.995087 0.010828 0.376821 -0.047332 0.925076 -0.921044 0.086955 0.379627
6.569453 -47.063050 1425.399741 2733.967817 0.362646 0.931618 0.023978 0.062988 0.001168 -0.998014 0.929796 -0.363436 0.058257
7.220653 -43.450916 1373.703386 1487.014882 0.363658 0.931493 0.008536 -0.015071 0.015046 -0.999773 0.931411 -0.363447 -0.019510
7.438272 -46.005147 729.464242 3010.656831 0.388563 0.921399 0.006503 0.041674 -0.010523 -0.999076 0.920479 -0.388475 0.042487
3.773591 -69.867960 -25.211923 2297.008614 0.349925 0.935858 -0.041497 0.469574 -0.213563 -0.856674 0.810588 -0.280285 0.514186
3.216543 -68.805839 -692.485632 1107.921461 0.375741 0.924630 -0.062277 0.344832 -0.201872 -0.916700 0.860180 -0.322967 0.394694
1.893896 -68.113340 -152.751788 1176.543781 0.369232 0.928052 -0.048855 0.419594 -0.213384 -0.882274 0.829221 -0.305265 0.468194
1.475383 -68.419852 225.789759 -254.841978 0.347669 0.937292 -0.024706 0.573171 -0.233312 -0.785519 0.742025 -0.258940 0.618344
-9.087187 -90.781666 819.690483 -2407.259395 -0.086547 0.955824 0.280908 0.358236 0.292964 -0.886476 0.929611 -0.023910 0.367765
-7.999942 -83.839823 691.318045 -3810.625534 -0.072647 0.966271 0.247069 0.558186 0.244684 -0.792816 0.826529 -0.080315 0.557135
-9.663474 -83.425976 1012.400848 -3064.583423 -0.065460 0.967152 0.245627 0.525016 0.242711 -0.815751 0.848571 -0.075559 0.523658
-8.713647 -77.146155 647.011856 -1962.111954 -0.046119 0.972265 0.229289 0.664698 0.201211 -0.719507 0.745687 -0.119225 0.655542
-3.512098 -50.219522 -593.412716 -378.755531 0.027521 0.997040 -0.071785 -0.484544 0.076118 0.871449 -0.874334 -0.010800 -0.485205
-4.316347 -49.504291 749.936984 -947.363084 0.050999 0.996365 -0.068229 -0.472496 0.084260 0.877296 -0.879856 0.012504 -0.475076
-3.523260 -50.269808 570.778989 -2060.094616 0.046459 0.996606 -0.067957 -0.561808 0.082320 0.823162 -0.825962 0.000064 -0.563725
-4.215195 -54.133941 139.121109 -253.298847 0.042454 0.996842 -0.067115 -0.362004 0.077958 0.928911 -0.931209 0.015140 -0.364170
-2.584111 -50.886478 -263.321276 35.607011 0.031412 0.997313 -0.066188 -0.587438 0.071998 0.806060 -0.808659 -0.013561 -0.588121
-3.089533 -50.924133 -1007.807611 498.686474 0.013519 0.997455 -0.070004 -0.506867 0.067185 0.859402 -0.861918 -0.023864 -0.506486
-3.442125 -53.158293 -597.014499 -139.064259 0.022130 0.997571 -0.066041 -0.389999 0.069438 0.918194 -0.920549 -0.005436 -0.390588
-34.069170 -52.596197 4462.288808 -688.560586 0.966611 -0.173718 -0.188375 -0.236573 -0.887471 -0.395511 0.098470 -0.426869 0.898936
-19.678472 -47.569414 4461.979170 -552.732924 0.837949 -0.403778 -0.367158 -0.527763 -0.770825 -0.356785 0.138953 -0.492740 0.859011
-27.181541 -46.968401 4129.930294 -1201.757304 0.943778 -0.205006 -0.259335 -0.287942 -0.895162 -0.340256 0.162392 -0.395800 0.903865
-34.653642 -50.597645 3032.196245 1143.580496 0.985561 0.145844 -0.086014 0.109244 -0.935840 -0.335065 0.129363 -0.320831 0.938261
-27.765912 -42.839201 3136.281809 -1037.522827 0.975665 -0.026880 -0.217610 -0.094230 -0.947538 -0.305439 0.197984 -0.318512 0.927013
-22.620366 -40.553031 -2839.289526 1142.186703 0.242628 0.932917 -0.266077 -0.073552 0.291173 0.953839 -0.967327 0.211858 -0.139264
-22.254459 -43.173787 -3851.997366 929.637434 0.228117 0.933134 -0.277892 -0.203620 0.324829 0.923594 -0.952104 0.154103 -0.264104
-18.084252 -41.152522 -2113.239997 1222.118017 0.216494 0.932559 -0.288900 -0.103280 0.316134 0.943076 -0.970806 0.174333 -0.164756
-19.079053 -40.149829 -2899.562795 663.694078 0.215843 0.944308 -0.248384 -0.006291 0.255720 0.966730 -0.976408 0.207099 -0.061136
-23.087157 -40.164712 -2852.971390 120.574885 0.244897 0.945252 -0.215695 0.019774 0.217553 0.975848 -0.969347 0.243247 -0.034586
-14.867888 -90.700612 999.667834 -1058.031978 0.046319 0.971676 0.231734 0.010038 0.231519 -0.972779 0.998876 -0.047384 -0.000970
-14.563989 -92.669283 -439.189169 -2167.101010 0.033450 0.965433 0.258497 0.047437 0.256817 -0.965295 0.998314 -0.044551 0.037206
-13.439232 -88.245317 483.310017 -1768.829521 0.035281 0.971064 0.236200 0.228327 0.222264 -0.947874 0.972945 -0.087372 0.213879
-12.897274 -87.075285 396.002143 -1055.982945 0.070851 0.972199 0.223179 0.181452 0.207446 -0.961271 0.980844 -0.108603 0.161710
1.313903 -69.949765 3360.932165 -1074.144577 0.758672 0.196386 0.621167 0.169591 0.861073 -0.479367 -0.629011 0.469027 0.619967
9.977318 -76.309881 3164.532927 3331.522747 0.754967 0.227505 0.615034 0.074725 0.901935 -0.425358 -0.651492 0.367089 0.663931
7.307332 -76.051332 1682.055534 -2609.311618 0.735145 0.142286 0.662809 0.243775 0.856837 -0.454317 -0.632562 0.495566 0.595214
5.016353 -73.843789 4398.655154 4915.644894 0.774838 0.306088 0.553114 -0.032154 0.892911 -0.449085 -0.631341 0.330183 0.701703
1.623458 -78.727377 1805.825677 5117.739291 0.725686 0.116915 0.678020 -0.347128 -0.788623 0.507519 -0.594039 0.603660 0.531708
-4.963104 -71.710033 4180.585777 -4657.502726 0.745044 0.140069 0.652142 0.293235 0.809375 -0.508848 -0.599101 0.570345 0.561947
-4.891663 -64.524734 4193.248267 673.892644 0.770296 0.267116 0.579045 0.083830 0.857743 -0.507198 -0.632153 0.439234 0.638323
1.833675 -212.523178 -2509.899099 -36191.986474 -0.592869 -0.432018 -0.679608 0.698488 -0.695866 -0.166987 -0.400775 -0.573699 0.714317
4.024773 -167.709482 2201.827355 11296.382614 0.611657 0.397942 0.683753 -0.557828 0.829801 0.016069 -0.560984 -0.391245 0.729537
1.163184 -162.844969 1813.922038 12141.899399 0.622748 0.390672 0.677909 -0.572634 0.817988 0.054640 -0.533175 -0.422221 0.733112
-0.567413 -192.851170 -178.667276 -28756.959324 -0.614304 -0.390866 -0.685459 0.675187 -0.709939 -0.200273 -0.408354 -0.585841 0.700026
17.456318 -140.120400 -224.985159 -7797.956182 -0.521382 -0.281438 -0.805576 0.492286 0.671904 -0.553353 0.697004 -0.685083 -0.211771
17.064188 -141.154324 -3445.904144 -7500.747646 -0.481287 -0.305142 -0.821737 0.538924 0.636336 -0.551940 0.691321 -0.708495 -0.141812
19.159683 -137.584629 -2615.146825 4118.896823 -0.505695 -0.290648 -0.812279 0.334093 0.802096 -0.494999 0.795396 -0.521695 -0.308512
-13.795632 -45.490282 3783.682192 -275.145192 0.432428 -0.898375 -0.076990 0.896846 0.419726 0.139630 -0.093126 -0.129428 0.987206
-11.523329 -46.808477 4536.671427 -148.204565 0.335054 -0.936201 -0.106143 0.942147 0.331720 0.048180 -0.009896 -0.116146 0.993183
-19.969796 -45.970133 3146.587284 -519.977235 0.394338 -0.915959 -0.074280 0.918668 0.394978 0.006480 0.023404 -0.070794 0.997216
-5.970412 -122.558076 820.921561 12215.515628 -0.523545 -0.310764 -0.793301 0.376869 0.750594 -0.542751 0.764114 -0.583125 -0.275852
-5.677331 -143.852544 291.805931 12771.726209 -0.522240 -0.313030 -0.793270 0.552953 0.583865 -0.594428 0.649236 -0.749075 -0.131827
-4.008154 -120.503003 222.204728 13309.168464 -0.519848 -0.303940 -0.798360 0.370147 0.762136 -0.531168 0.769902 -0.571637 -0.283693
-4.852828 -104.799343 942.384655 8243.469474 -0.521024 -0.285577 -0.804351 0.229947 0.860563 -0.454485 0.821985 -0.421755 -0.382706
62.404820 -826.361345 -14784.167635 226900.595879 0.048562 -0.225223 0.973096 0.138431 0.966361 0.216756 -0.989181 0.124181 0.078106
99.384713 -2385.478053 -41838.572911 1109998.508427 -0.049158 -0.348620 0.935974 0.178913 0.918876 0.351648 -0.982636 0.184744 0.017203
35.054174 -634.413721 -16279.618796 174055.090309 0.068148 -0.305046 0.949896 0.555101 0.802719 0.217957 -0.828986 0.512435 0.224035
76.561580 -897.168891 16242.897441 361880.038785 0.232110 -0.184238 0.955082 0.291819 0.949857 0.112310 -0.927883 0.252643 0.274235
20.350672 -21.515255 6777.536636 1073.917116 -0.531332 0.765696 0.362486 -0.276163 0.247959 -0.928574 0.800887 0.593486 -0.079709
32.124167 -25.260213 7004.358576 951.555027 -0.480618 0.784242 0.392392 -0.320611 0.259339 -0.911017 0.816220 0.563656 -0.126793
32.104486 -29.681487 5913.246302 1816.376777 -0.499182 0.814534 0.295555 -0.217484 0.212396 -0.952674 0.838760 0.539836 -0.071124
55.893052 31.047433 122.511549 -2827.885898 -0.353045 0.126071 -0.927073 -0.128994 0.974858 0.181692 0.926671 0.183732 -0.327907
57.039950 30.262610 20775.677090 -1153.737825 -0.551831 -0.029551 -0.833432 -0.194989 0.976243 0.094491 0.810840 0.214654 -0.544483
47.761800 37.149186 6885.729855 -939.060393 -0.425216 -0.103733 -0.899128 -0.309632 0.950144 0.036812 0.850482 0.294052 -0.436135
49.090416 35.737926 -11660.791872 -3114.532809 -0.199258 0.058162 -0.978220 -0.227855 0.968128 0.103974 0.953089 0.243610 -0.179654
51.377142 31.258801 -23056.381909 -3176.770089 -0.106276 0.224412 -0.968682 -0.119754 0.964219 0.236517 0.987099 0.141140 -0.075599
-14.625427 -35.447249 634.259508 727.447641 -0.419114 0.709426 0.566620 -0.185205 0.544153 -0.818289 0.888843 0.447898 0.096673
-16.121579 -35.836710 665.727401 -451.814592 -0.398986 0.731033 0.553536 -0.112146 0.560231 -0.820710 0.910073 0.389528 0.141541
-17.483670 -34.567098 593.832273 1112.360426 -0.386271 0.742714 0.546965 -0.203515 0.509750 -0.835905 0.899654 0.434201 0.045748
-13.244133 -34.243588 892.074158 2170.743337 -0.443814 0.691065 0.570490 -0.243507 0.519665 -0.818934 0.862400 0.502372 0.062356
-12.693664 -36.036436 1008.947726 299.979782 -0.455834 0.685223 0.568054 -0.168171 0.560416 -0.810958 0.874033 0.465192 0.140222
-15.242758 -33.811830 567.521794 2294.562639 -0.417582 0.720871 0.553146 -0.247594 0.495454 -0.832600 0.874255 0.484634 0.028410
76.708174 -40.646852 27057.339179 -2247.313914 0.163338 0.970030 -0.179899 -0.886512 0.224327 0.404691 -0.432918 -0.093381 -0.896584
300.952086 -46.881217 125068.381617 -5431.792459 0.178782 0.969177 -0.169507 -0.844244 0.239587 0.479427 -0.505262 -0.057392 -0.861056
204.458634 -44.944653 77346.052522 -617.687380 0.119859 0.975214 -0.185989 -0.890242 0.188497 0.414653 -0.439434 -0.115875 -0.890770
-55.034740 -75.555204 -1203.405201 1923.361561 0.577801 0.720157 -0.384084 0.491977 0.068173 0.867935 -0.651233 0.690454 0.314910
-53.443580 -75.146107 -66.690164 -78.933594 0.509869 0.784616 -0.352721 0.575420 -0.006273 0.817834 -0.639473 0.619951 0.454682
-54.297526 -73.932100 -1247.730272 321.395540 0.605518 0.712435 -0.354660 0.562981 -0.068479 0.823628 -0.562495 0.698389 0.442553
7.195680 -135.118282 -2042.075248 7768.467554 0.039583 0.997256 0.062559 -0.413566 -0.040644 0.909567 -0.909613 0.061876 -0.410822
7.234792 -132.322465 635.835883 7281.223227 0.033512 0.994631 0.097904 -0.386205 -0.077462 0.919155 -0.921804 0.068614 -0.381536
4.450597 -144.372577 289.192687 10532.721312 0.029942 0.995035 0.094919 -0.584156 -0.059637 0.809448 -0.811089 0.079684 -0.579470
11.095398 -127.877607 -1101.070360 1909.914796 0.038501 0.995216 0.089795 -0.184628 -0.081230 0.979446 -0.982054 0.054288 -0.180617
4.059518 -152.852725 -1655.909401 13133.683647 0.042654 0.996777 0.067939 -0.637533 -0.025202 0.770011 -0.769241 0.076158 -0.634404
81.083317 -257.170192 -19530.766722 44924.514507 -0.082414 -0.536633 0.839782 0.975251 -0.216902 -0.042895 0.205169 0.815462 0.541227
61.888248 -289.915089 -14414.700793 37476.313721 -0.133012 -0.502551 0.854254 0.982457 0.046818 0.180516 -0.130713 0.863279 0.487508
54.589699 -245.794989 -12717.532499 49943.332973 -0.081016 -0.469709 0.879096 0.970266 -0.238996 -0.038280 0.228081 0.849856 0.475105
72.225410 -184.952771 -16247.430790 33357.604078 -0.035233 -0.532242 0.845859 0.879616 -0.418270 -0.226551 0.474378 0.736049 0.482906
-3.875582 -55.903390 -757.734966 -780.548563 0.094603 0.994274 -0.049699 0.192199 0.030742 0.980874 -0.976785 0.102346 0.188190
-3.144323 -57.456307 -16.377356 -2436.860728 0.097338 0.994763 -0.031176 0.222311 0.008802 0.974936 -0.970105 0.101829 0.220290
-33.116852 -46.141010 518.545773 1360.492458 0.149914 0.983067 -0.105381 -0.983280 0.159387 0.088074 -0.103379 -0.090416 -0.990524
-30.686069 -49.328337 -3526.435157 -548.708096 0.125602 0.989031 -0.077726 -0.974912 0.137561 0.174994 -0.183766 -0.053796 -0.981497
-37.140972 -51.526634 -997.796591 -155.825006 -0.125863 0.991769 -0.023526 -0.991260 -0.124783 0.042818 -0.039530 -0.028710 -0.998806
-36.590787 -52.418525 1740.630023 906.973762 -0.158287 0.982889 -0.094201 0.986423 0.161638 0.029026 0.043756 -0.088328 -0.995130
-13.380550 -23.716050 -6055.485254 -1465.870201 0.143843 0.953043 -0.266493 -0.733135 0.283507 0.618172 -0.664697 -0.106456 -0.739490
-5.285528 -19.550862 -3077.911057 -4973.130930 0.419081 0.789984 -0.447545 -0.643778 0.606129 0.467074 -0.640251 -0.092378 -0.762591
-3.659725 -28.541359 -2467.587220 -3258.240911 0.332971 0.862917 -0.380139 -0.657253 0.501466 0.562628 -0.676128 -0.062509 -0.734128
18.849811 -51.320674 -4755.652816 887.943506 -0.222109 0.896155 0.384154 0.966874 0.253265 -0.031793 -0.125784 0.364367 -0.922722
27.750459 -52.028800 -6053.988312 1298.971234 -0.258820 0.862835 0.434199 0.955205 0.295418 -0.017668 -0.143514 0.410176 -0.900644
19.769412 -53.379579 -5548.280113 406.705976 -0.253622 0.876429 0.409326 0.932799 0.333612 -0.136343 -0.256051 0.347240 -0.902143
18.384807 -113.776921 -4825.719860 4322.116646 -0.448399 0.846331 -0.287511 0.844268 0.295400 -0.447158 -0.293513 -0.443242 -0.846987
22.890104 -108.174253 -6838.602989 -9564.224377 -0.409012 0.851988 -0.326842 0.768137 0.128095 -0.627341 -0.492620 -0.507650 -0.706836
17.924174 -123.252991 -2365.550295 -3652.316284 -0.429660 0.849562 -0.306003 0.784924 0.183850 -0.591687 -0.446416 -0.494413 -0.745834
22.485246 -45.733065 3226.359997 2083.995273 -0.252508 0.941439 0.223454 -0.451348 0.089672 -0.887831 0.855877 0.325040 -0.402274
30.925175 -41.995468 5809.224794 -1696.246217 -0.255021 0.934901 0.246829 -0.311376 0.162269 -0.936330 0.915428 0.315640 -0.249724
19.021137 -46.715472 2908.183805 1402.915664 -0.306499 0.936738 0.169059 -0.389887 0.038478 -0.920058 0.868358 0.347911 -0.353429
12.737895 -48.881235 905.494413 -372.352919 -0.321510 0.933905 0.156375 -0.458471 -0.009035 -0.888664 0.828514 0.357407 -0.431073
-6.128657 -18.341050 774.030144 -1362.456558 -0.147508 0.874527 0.462000 -0.198611 -0.483786 0.852353 -0.968914 -0.033970 -0.245053
-4.691724 -21.883616 687.779949 -1593.688931 -0.142283 0.892687 0.427629 -0.156321 -0.446868 0.880837 -0.977404 -0.058481 -0.203127
-2.187159 -19.059349 1761.238380 -1673.823592 -0.133653 0.869706 0.475130 -0.192520 -0.493084 0.848413 -0.972149 -0.021921 -0.233338
-4.392651 -16.576109 1539.580946 -1164.703553 -0.131910 0.878120 0.459896 -0.233930 -0.478423 0.846397 -0.963263 -0.004065 -0.268528
-0.303517 -15.379129 2555.956629 -1595.099229 -0.115107 0.891504 0.438145 -0.240619 -0.452964 0.858444 -0.963770 0.006613 -0.266652
1.514992 -20.691926 2547.699603 -2032.363483 -0.121468 0.873212 0.471961 -0.179705 -0.486970 0.854732 -0.976192 -0.019008 -0.216072
3.036795 -16.203826 2805.804177 -2117.421327 -0.108839 0.894497 0.433624 -0.227047 -0.447054 0.865212 -0.967783 0.004284 -0.251749
3.406936 -46.277348 996.149210 2780.276800 -0.481315 0.872538 0.083749 -0.861239 -0.488524 0.140040 -0.163104 0.004725 -0.986598
1.675504 -38.213822 815.725232 1246.665453 -0.459423 0.884869 0.077051 -0.856118 -0.464261 0.226989 -0.236628 -0.038319 -0.970844
3.902773 -45.865934 425.368196 2643.611878 -0.445243 0.893435 0.059431 -0.879866 -0.448863 0.156071 -0.166116 -0.017198 -0.985956
2.190510 -40.468341 524.272411 587.785760 -0.496374 0.863427 0.090039 -0.842174 -0.504111 0.191351 -0.210607 -0.019153 -0.977383
3.830092 -46.174651 139.935234 3146.932909 -0.506347 0.857637 0.089844 -0.847398 -0.514176 0.132438 -0.159780 0.009074 -0.987111
5.381362 -54.061247 578.214871 4747.741934 -0.468266 0.880761 0.070620 -0.879503 -0.472287 0.058481 -0.084861 0.034725 -0.995788
21.903912 -67.577988 -374.633572 -2555.371344 -0.489931 0.846275 0.209250 -0.710550 -0.248593 -0.658270 0.505060 0.471190 -0.723115
22.293633 -65.641687 10.210640 7265.706585 -0.526972 0.817643 0.231862 0.719475 0.283971 0.633811 0.452389 0.500820 -0.737919
18.945208 -72.844625 301.574469 9590.665026 -0.501667 0.837073 0.218264 0.759299 0.305196 0.574736 0.414482 0.454053 -0.788695
-10.598464 -80.334617 -157.292674 1069.884987 -0.557756 0.784769 0.270270 0.829999 0.528559 0.178121 -0.003070 0.323671 -0.946165
-10.678590 -83.838263 -379.366639 -1216.281963 -0.533177 0.810351 0.243010 0.842427 0.482165 0.240487 0.077708 0.332940 -0.939741
-9.422691 -80.279868 -1839.207701 -1107.499835 -0.548885 0.805442 0.223578 0.833135 0.548869 0.068045 -0.067909 0.223620 -0.972308
-9.182160 -77.596624 -982.936664 -908.929910 -0.563647 0.784663 0.258082 0.816847 0.575909 0.033011 -0.122729 0.229420 -0.965559
-9.983773 -78.856006 54.674698 -810.320800 -0.574620 0.759820 0.304114 0.795699 0.605615 -0.009648 -0.191507 0.236440 -0.952587
-11.214394 -78.687815 232.635809 212.129315 -0.569100 0.764549 0.302640 0.821565 0.543923 0.170820 -0.034013 0.345852 -0.937672
6.925102 -82.124863 -485.022474 1885.768884 0.654060 -0.693297 -0.302564 -0.625805 -0.271238 -0.731299 -0.424941 -0.667660 0.611274
6.999223 -83.124912 -1446.968547 641.075556 0.656279 -0.704814 -0.269324 0.668323 0.377337 0.641063 -0.350204 -0.600711 0.718682
7.941881 -83.946437 -197.762111 1979.442794 0.663721 -0.684692 -0.301117 0.690035 0.405133 0.599766 -0.288663 -0.605859 0.741356
9.568313 -83.799024 -204.554467 794.784346 0.662765 -0.675654 -0.322854 -0.653946 -0.312178 -0.689130 -0.364826 -0.667860 0.648742
12.704583 -22.892849 -3211.371407 141.996513 0.176209 0.959153 0.221305 -0.463816 0.279203 -0.840786 0.868231 -0.045509 -0.494068
17.575850 -31.372454 -890.599184 853.944911 0.119674 0.960088 0.252805 -0.460977 0.279257 -0.842328 0.879306 0.015733 -0.475998
15.207494 -26.842121 -1991.813842 -510.992893 0.097030 0.987932 0.120728 -0.532730 0.154013 -0.832153 0.840704 -0.016428 -0.541245
9.612605 -21.088504 -3004.368612 -989.197205 0.126363 0.986832 0.100973 -0.511533 0.152034 -0.845706 0.849921 -0.055215 -0.524009
5.161262 -17.787880 -3202.108570 -25.530481 0.199062 0.954854 0.220520 -0.457280 0.289528 -0.840874 0.866758 -0.066547 -0.494270
11.187938 -5.293783 -1588.257894 2432.192028 0.550218 0.780557 0.296633 0.279788 -0.507040 0.815247 -0.786752 0.365569 0.497374
8.705888 -9.346394 -2437.884444 906.901844 0.531835 0.787393 0.311711 0.245398 -0.495585 0.833172 -0.810513 0.366617 0.456794
11.437136 -10.000153 107.985146 -177.792220 0.586344 0.728410 0.354429 0.182162 -0.544890 0.818482 -0.789315 0.415348 0.452182
-15.721357 -39.150266 2615.497217 -2858.886911 -0.474890 0.810176 0.343647 -0.614052 -0.584771 0.530078 -0.630412 -0.040712 -0.775192
-11.850538 -35.607146 2322.532909 -1361.839360 -0.474104 0.801726 0.363953 -0.617528 -0.597427 0.511605 -0.627603 -0.017803 -0.778330
-12.918937 -33.141879 3257.948855 1590.744509 -0.482886 0.792477 0.372560 -0.619984 -0.609856 0.493655 -0.618418 -0.007398 -0.785814
-8.085388 -33.883668 1855.412090 268.556499 -0.463590 0.806676 0.366550 -0.637849 -0.590974 0.493861 -0.615007 0.004855 -0.788507
8.931886 -184.358002 -1832.753214 -26967.360320 0.571423 -0.552376 0.606923 0.696818 -0.064079 -0.714380 0.433498 0.831128 0.348289
3.485346 -140.153452 -2859.764967 -16691.433872 0.559142 -0.525105 0.641580 0.791969 0.109380 -0.600684 0.245246 0.843979 0.477025
4.048411 -163.673558 -2502.578544 -16100.168050 0.616767 -0.517845 0.592820 0.659324 -0.071538 -0.748448 0.429989 0.852478 0.297305
9.642467 -189.474366 -2685.119813 14893.538521 0.625170 -0.543683 0.559975 -0.494803 0.278776 0.823076 0.603600 0.791639 0.094733
7.681828 -162.628980 -1548.361321 9204.622726 0.636772 -0.537686 0.552644 -0.483644 0.279679 0.829378 0.600508 0.795408 0.081956
-0.299866 -134.019348 -1140.395605 -4961.546444 0.627173 -0.515200 0.584143 0.689902 0.019364 -0.723643 0.361509 0.856851 0.367582
3.014044 -142.368034 -1295.426845 7830.104116 0.637305 -0.522438 0.566481 -0.591205 0.140038 0.794271 0.494286 0.841099 0.219621
-12.695540 -145.091579 -341.583133 -19501.205235 0.647324 -0.532137 0.545712 0.758019 0.524462 -0.387747 -0.079871 0.664658 0.742866
-12.253613 -132.697213 -2049.884779 -13231.588235 0.634067 -0.510738 0.580609 0.753069 0.578381 -0.313627 -0.175632 0.636099 0.751353
-12.591747 -113.449666 406.402375 -13974.563183 0.613083 -0.566849 0.550283 0.748412 0.639793 -0.174769 -0.253000 0.518987 0.816483
-12.558062 -157.610196 -2700.934420 -13604.785863 0.656903 -0.496803 0.567155 0.753951 0.426775 -0.499421 0.006066 0.755678 0.654915
-12.944326 -130.161671 2586.748520 -22819.493098 0.619342 -0.593072 0.514472 0.773202 0.574490 -0.268553 -0.136287 0.564117 0.814370
-14.031001 -150.545475 807.031623 -19453.997641 0.647559 -0.556587 0.520460 0.761487 0.447230 -0.469173 0.028370 0.700140 0.713441
18.145183 -27.226359 3590.199058 -1033.377002 -0.566437 0.816899 -0.108742 -0.781858 -0.574406 -0.242396 0.260475 0.052281 -0.964064
9.668642 -27.699463 6529.509022 -461.948674 -0.543938 0.838290 -0.037449 -0.804874 -0.533836 -0.259224 0.237297 0.110860 -0.965091
12.733164 -31.731152 7091.617121 -2629.483200 -0.569189 0.821122 -0.042224 -0.798944 -0.564485 -0.207474 0.194196 0.084357 -0.977329
0.791855 -32.677998 5595.307552 -1762.879249 -0.518297 0.854894 -0.022898 -0.828767 -0.508702 -0.233169 0.210982 0.101874 -0.972167
2.857458 -38.970570 6386.907311 -3457.750853 -0.549518 0.834888 -0.031511 -0.822462 -0.547202 -0.155330 0.146926 0.059440 -0.987360
14.107474 -40.462827 6221.086572 -5380.468291 -0.582782 0.810631 -0.056945 -0.798685 -0.584300 -0.143859 0.149890 0.038358 -0.987958
-8.243908 -281.237667 3401.347546 53346.633256 0.607314 -0.567844 0.555628 -0.404312 0.381127 0.831429 0.683887 0.729586 -0.001878
-3.164704 -288.518358 -1560.679967 -30571.835593 -0.601561 0.576112 -0.553371 0.287054 -0.490559 -0.822771 0.745469 0.653794 -0.129726
-3.786221 -359.540361 270.405710 85529.661205 -0.601363 0.578091 -0.551519 -0.168126 0.583267 0.794690 0.781086 0.570622 -0.253563
-11.136052 -326.946912 3065.975118 34610.427630 0.610608 -0.524073 0.593721 -0.427565 0.412892 0.804182 0.666593 0.744895 -0.028040
-2.821718 -174.813417 781.517025 -22176.796216 0.728823 -0.568215 0.382033 0.335610 -0.189873 -0.922667 -0.596811 -0.800675 -0.052315
-0.456216 -189.492536 905.965998 -15425.974377 0.728326 -0.561446 0.392834 0.441592 -0.053790 -0.895602 -0.523963 -0.825763 -0.208754
1.730848 -174.586572 1362.918323 -38188.126974 0.734154 -0.562170 0.380766 0.218008 -0.335927 -0.916311 -0.643032 -0.755723 0.124065
-0.866009 -132.829290 2438.650724 -27944.597014 0.749815 -0.551771 0.365138 0.123397 -0.425562 -0.896476 -0.650039 -0.717249 0.251006
3.035429 -30.863540 2946.333838 2612.052848 -0.497812 0.864776 -0.065920 -0.780664 -0.479908 -0.400316 0.377819 0.147821 -0.914003
6.629308 -30.978784 2190.362480 2285.989290 -0.612032 0.776255 -0.151146 -0.684732 -0.615775 -0.389825 0.395676 0.135091 -0.908400
-2.286218 -35.551114 1397.988434 3381.756921 -0.514307 0.853143 -0.087382 -0.738309 -0.492300 -0.461021 0.436335 0.172592 -0.883076
-9.180165 -42.184137 27.134243 2856.538070 -0.411249 0.910571 -0.041654 -0.745793 -0.362400 -0.558981 0.524087 0.198816 -0.828134
-5.892844 -37.268981 1365.885588 2980.445685 -0.369635 0.929165 -0.004807 -0.813854 -0.326250 -0.480835 0.448344 0.173821 -0.876798
2.590148 -33.169080 2810.956908 -134.519421 -0.125837 0.876448 0.464763 0.977650 0.030025 0.208083 0.168420 0.480560 -0.860637
5.872599 -30.680674 803.011116 430.702552 -0.158221 0.890746 0.426073 0.961929 0.041666 0.270104 0.222841 0.452588 -0.863427
0.876815 -31.673161 2478.870137 636.228144 -0.099683 0.877743 0.468648 0.962499 -0.034371 0.269101 0.252309 0.477898 -0.841400
2.345089 -28.968408 1161.773881 674.288127 -0.148497 0.888655 0.433868 0.938106 -0.012231 0.346133 0.312899 0.458414 -0.831836
-3.246805 -34.069952 3452.664295 117.471808 -0.080531 0.872901 0.481205 0.975812 -0.029395 0.216626 0.203238 0.487011 -0.849420
-4.576420 -32.654163 2412.010285 1656.629397 -0.014509 0.873787 0.486092 0.956079 -0.130210 0.262599 0.292750 0.468553 -0.833520
-1.563670 -29.587466 2182.275713 1042.473756 -0.056981 0.877472 0.476230 0.948177 -0.101788 0.300998 0.312591 0.468702 -0.826199
-0.149778 -35.206756 -1.003271 1701.929546 -0.462707 0.883706 0.070471 -0.818096 -0.456268 0.350055 -0.341500 -0.104321 -0.934075
0.727515 -32.003884 557.699917 2533.683016 -0.391321 0.919368 0.040374 -0.846598 -0.376852 0.375840 -0.360750 -0.112894 -0.925805
2.406786 -36.807381 223.850663 2042.621044 -0.408045 0.912049 0.040802 -0.874884 -0.403408 0.268030 -0.260917 -0.073671 -0.962546
2.391468 -86.064665 288.068391 8390.518275 -0.596422 0.709189 0.375942 0.211439 -0.313010 0.925915 -0.774322 -0.631725 -0.036735
-0.208924 -103.349784 -245.542672 14577.969019 -0.597950 0.704542 0.382200 0.125502 -0.388658 0.912795 -0.791647 -0.593772 -0.143976
0.473907 -102.038967 -808.895289 13033.823086 -0.605003 0.711537 0.357333 0.128689 -0.355501 0.925774 -0.785755 -0.606081 -0.123512
-15.871086 -28.936991 -2228.260369 -1998.557505 -0.312162 0.309859 0.898077 -0.295266 0.866856 -0.401718 -0.902980 -0.390573 -0.179109
-11.507552 -27.705395 -1442.536043 -2747.149780 -0.324916 0.273518 0.905327 -0.311924 0.872708 -0.375611 -0.892823 -0.404435 -0.198240
-14.724696 -25.822276 -2575.338736 -1977.551728 -0.386311 0.443300 0.808856 -0.290808 0.773671 -0.562907 -0.875325 -0.452679 -0.169963
39.489496 -1227.431887 16264.193883 -407431.085494 0.318470 0.755447 0.572605 0.909260 -0.414226 0.040786 0.268000 0.507657 -0.818816
12.311969 -520.660286 -777.722183 -193393.618697 0.496896 0.718608 0.486515 0.866864 -0.437185 -0.239616 0.040507 0.540807 -0.840171
31.415657 -948.718952 -4995.302284 -374153.175576 0.551406 0.638676 0.536698 0.749073 -0.662230 0.018459 0.367206 0.391848 -0.843573
6.515701 -402.411945 -1194.263343 13576.152854 0.417328 0.739225 0.528568 -0.548555 0.668637 -0.502008 0.724517 0.080447 -0.684546
1.651397 -467.745847 4701.931984 15353.827566 0.325640 0.739258 0.589454 -0.598900 0.643692 -0.476423 0.731626 0.197882 -0.652354
-92.802849 -284.841116 -21876.360699 60497.601456 0.575936 0.765350 0.287291 0.214057 0.197981 -0.956548 0.788972 -0.612407 0.049804
-100.953629 -395.405619 -19923.656819 110914.581179 0.625831 0.762270 0.165167 0.363319 -0.097527 -0.926546 0.690170 -0.639870 0.337983
-57.820224 -395.034833 -9698.795674 122678.036190 0.652626 0.710647 0.262792 0.319131 0.056752 -0.946010 0.687193 -0.701256 0.189752
-15.245007 -54.253839 -2223.278575 -5287.762133 -0.260121 0.943363 0.205922 -0.648607 -0.328695 0.686490 -0.715294 -0.045008 -0.697372
-8.997871 -47.616912 -343.317658 -5052.560246 -0.350637 0.888000 0.297504 -0.674223 -0.459838 0.577904 -0.649983 -0.002051 -0.759946
-10.898352 -50.910290 727.541432 -1976.400764 -0.269910 0.936897 0.222199 -0.593234 -0.343569 0.728035 -0.758434 -0.064688 -0.648531
-51.996002 -83.342794 1166.535967 7582.997475 -0.155096 0.945684 -0.285705 0.952544 0.219833 0.210556 -0.261927 0.239490 0.934900
-37.081689 -93.315354 -3061.806655 15294.955430 -0.241691 0.948385 -0.205307 0.946093 0.277329 0.167324 -0.215625 0.153799 0.964288
-27.556019 -80.989223 6727.889292 18732.441177 0.190138 -0.973965 0.123452 0.980907 0.193697 0.017390 -0.040849 0.117788 0.992198
68.705431 -105.729414 -8479.352196 10346.848321 0.695789 -0.701637 0.153569 -0.594065 -0.442009 0.672097 0.403690 0.558868 0.724363
75.165973 -112.903941 2890.740960 -8662.479566 -0.619516 0.783006 -0.055693 0.522965 0.358777 -0.773167 0.585413 0.508114 0.631753
72.685175 -102.641234 -195.045326 -6283.503471 -0.589117 0.807911 -0.014896 0.646180 0.459956 -0.609009 0.485173 0.368403 0.793024
68.987832 -93.118487 -5184.461856 -4019.447417 0.667016 -0.726223 0.166404 0.684346 0.508897 -0.522202 0.294553 0.462194 0.836430
65.263753 -97.357498 -1250.939575 1926.752984 -0.590402 0.806202 -0.038265 0.723226 0.507401 -0.468497 0.358287 0.304276 0.882636
64.892728 -101.144954 -7510.140151 3289.136245 -0.508341 0.857718 0.076876 0.714832 0.470062 -0.517743 0.480214 0.208236 0.852075
-39.909704 -63.345402 1113.848483 -5491.345362 0.276985 0.948073 -0.156322 0.282448 -0.235835 -0.929841 0.918424 -0.213400 0.333104
1.851000 -45.781212 2195.863396 -3457.717488 0.578576 0.812784 -0.068053 0.654467 -0.412843 0.633430 -0.486747 0.411026 0.770801
7.568452 -49.123168 931.484680 -4486.952019 0.581241 0.813072 -0.032752 0.668273 -0.453989 0.589327 -0.464296 0.364428 0.807231
33.875915 -52.069742 103.344696 -1483.255328 0.365653 0.884914 0.288486 0.791433 -0.132491 -0.596725 0.489828 -0.446512 0.748796
28.271667 -57.496071 1392.808357 27.317022 0.279564 0.885753 0.370521 0.763557 0.028855 -0.645096 0.582087 -0.463260 0.668255
31.903137 -62.601071 1256.976447 -2014.501275 -0.366566 -0.851142 -0.375749 0.807846 -0.090831 -0.582352 0.461534 -0.517018 0.720887
26.231199 -47.834843 1357.087874 -784.566839 0.322648 0.913464 0.247953 0.757515 -0.092136 -0.646283 0.567511 -0.396350 0.721690
37.444532 -50.795909 79.955804 -3931.247241 -0.423869 -0.862117 -0.277651 0.818777 -0.233671 -0.524406 0.387220 -0.449614 0.804927
33.257343 -44.778365 1783.060687 -1979.251465 0.395483 0.897089 0.197040 0.788457 -0.221560 -0.573801 0.471094 -0.382286 0.794939
0.533994 -44.106017 -6632.222574 -1000.494870 0.503374 -0.843729 0.186374 0.863158 0.481110 -0.153266 0.039648 0.238020 0.970451
-7.032878 -56.412017 -1019.893448 -3764.216289 0.115229 0.993018 -0.025263 0.273358 -0.007249 0.961885 -0.954986 0.117743 0.272285
-8.193730 -63.341458 -1407.780427 1877.267700 0.108136 0.994091 -0.009472 0.556351 -0.052617 0.829280 -0.823881 0.094945 0.558753
-8.438506 -57.934332 -1546.901521 -1458.716882 0.108416 0.993698 -0.028463 0.420450 -0.019891 0.907098 -0.900815 0.110311 0.419957
5.637855 -70.492557 -1312.257722 -538.472272 0.375581 0.924244 -0.068644 0.278062 -0.183029 -0.942964 0.884093 -0.335072 0.325739
3.509691 -69.448801 -908.977432 -1588.535916 0.385236 0.919122 -0.082517 0.214197 -0.176036 -0.960797 0.897615 -0.352458 0.264688
6.976843 -70.178169 -1385.510290 -3140.832727 0.379410 0.921486 -0.083138 0.146856 -0.148695 -0.977918 0.913500 -0.358822 0.191742
5.466339 -71.161715 -1114.007823 3872.364685 0.360708 0.931491 -0.047065 0.389070 -0.196141 -0.900085 0.847653 -0.306356 0.433164
7.816725 -71.241998 -2334.028856 2824.887189 0.364047 0.930141 -0.048033 0.333058 -0.178170 -0.925920 0.869794 -0.321081 0.374653
10.324951 -70.624656 -2438.961834 -2144.760525 0.362193 0.930819 -0.048902 0.229547 -0.139923 -0.963187 0.903396 -0.337634 0.264346
-9.073568 -76.577114 294.189548 -805.780092 -0.012201 0.971551 0.236518 0.651495 0.187162 -0.735204 0.758555 -0.145120 0.635244
-8.420713 -78.171046 678.778368 1075.038987 -0.012709 0.972486 0.232614 0.773793 0.156906 -0.613698 0.633312 -0.172196 0.754496
-10.216289 -76.944507 691.369544 -709.265616 -0.002182 0.969264 0.246013 0.700927 0.176948 -0.690935 0.713230 -0.170929 0.679769
-10.114242 -80.998935 -636.560463 -1710.918186 0.009169 0.968288 0.249667 0.549903 0.203651 -0.810021 0.835178 -0.144720 0.530597
-3.601549 -52.539086 581.408988 -647.901538 0.060124 0.995475 -0.073590 -0.403684 0.091675 0.910294 -0.912921 0.025023 -0.407369
19.805227 -47.146928 24313.990602 1723.829786 0.396748 0.874570 -0.278781 -0.278924 0.404209 0.871101 -0.874524 0.267849 -0.404307
-18.973961 -44.380436 1255.241072 1794.280055 0.293359 0.911779 -0.287401 -0.228327 0.358751 0.905077 -0.928336 0.199891 -0.313426
-11.565100 -42.758644 9709.501782 1397.977095 0.364610 0.892937 -0.264051 -0.181538 0.346297 0.920392 -0.913292 0.287649 -0.288366
66.967964 -44.958999 46503.152473 2993.658975 0.448486 0.843842 -0.294602 -0.191454 0.412658 0.890538 -0.873044 0.342991 -0.346629
46.181339 -40.963376 29893.069953 987.703317 0.433493 0.840004 -0.326308 -0.122250 0.413568 0.902229 -0.892826 0.351218 -0.281969
-14.292876 -93.886864 -34.521527 -2617.830144 -0.018865 0.959688 0.280433 0.048380 0.281030 -0.958479 0.998651 0.004514 0.051732
-16.114453 -95.138492 -318.958283 -1298.159426 0.004687 0.958243 0.285917 -0.146825 0.283481 -0.947671 0.989151 0.037538 -0.142023
-12.938385 -88.472769 -544.686403 -2647.453694 0.013175 0.967329 0.253184 0.229614 0.243512 -0.942326 0.973193 -0.070550 0.218904
-15.497739 -96.367296 746.169239 -1104.317776 -0.041319 0.950010 0.309474 -0.156406 0.299770 -0.941103 0.986828 0.087289 -0.136201
-13.555999 -96.908230 518.778531 -2537.294279 -0.059237 0.950846 0.303945 0.041579 0.306566 -0.950941 0.997378 0.043693 0.057695
-11.987238 -90.063821 306.220503 -2589.894125 -0.042338 0.961332 0.272119 0.228381 0.274465 -0.934083 0.972651 -0.022599 0.231170
12.397470 -79.114569 1602.514945 2320.183928 0.733248 0.164044 0.659876 0.157900 0.902853 -0.399905 -0.661373 0.397424 0.636113
18.551029 -85.947654 718.368977 7395.964896 0.729306 0.216685 0.648969 0.025995 0.939064 -0.342758 -0.683694 0.266846 0.679232
15.107110 -86.677849 2754.984053 7922.022591 0.762935 0.284914 0.580306 -0.083452 0.933539 -0.348626 -0.641067 0.217551 0.736006
5.909469 -163.286519 1014.500868 -11197.969192 0.619135 0.353930 0.701003 -0.389443 0.913553 -0.117284 -0.681914 -0.200386 0.703448
7.305643 -180.798984 1800.135590 7244.352900 0.606764 0.385887 0.694931 -0.519691 0.854108 -0.020519 -0.601464 -0.348699 0.718784
7.244410 -193.144059 917.802674 -23390.423927 0.622686 0.330388 0.709299 -0.349470 0.928479 -0.125686 -0.700095 -0.169616 0.693612
-3.601550 -120.934259 758.377136 3754.271778 0.640742 0.167241 0.749320 -0.555602 -0.572569 0.602886 -0.529865 0.802617 0.273949
-3.487611 -118.952793 2902.988499 3959.771992 0.663524 0.150877 0.732784 -0.528430 -0.598847 0.601785 -0.529621 0.786523 0.317621
0.270824 -131.792411 1381.216692 -3593.876520 0.647116 0.171595 0.742829 0.651467 0.381657 -0.655689 -0.396019 0.908236 0.135188
-5.952169 -111.253201 242.573462 3438.319059 0.634366 0.149585 0.758422 -0.463909 -0.711129 0.528284 -0.618359 0.686964 0.381723
-1.528869 -128.885633 -939.928809 1795.607191 0.618780 0.189681 0.762320 -0.604151 -0.505352 0.616134 -0.502109 0.841808 0.198106
-4.732851 -119.954257 -1585.022967 4464.600005 0.596822 0.165523 0.785115 -0.486072 -0.703925 0.517903 -0.638387 0.690718 0.339662
-1.050847 -43.807098 -4206.046753 -330.541447 -0.479373 0.875360 0.062820 0.830349 0.429220 0.355375 -0.284117 -0.222520 0.932610
-9.186469 -44.650096 -3368.171142 -216.462073 -0.470346 0.880110 0.064656 0.861681 0.442211 0.248908 -0.190475 -0.172786 0.966367
-13.267165 -43.127283 -1743.508232 -338.231301 -0.581638 0.813448 -0.000120 0.769750 0.550440 0.323267 -0.263027 -0.187932 0.946308
-5.501193 -41.401139 -3662.449731 -651.302374 -0.589930 0.807411 0.008348 0.727371 0.526904 0.439663 -0.350590 -0.265443 0.898124
-14.517083 -41.686586 -1855.387931 -615.534312 -0.667424 0.742083 -0.062110 0.673265 0.636958 0.375499 -0.318212 -0.208800 0.924740
-18.895564 -42.225041 -807.104037 -205.427928 -0.665785 0.741821 -0.080201 0.703947 0.660128 0.262086 -0.247364 -0.118036 0.961706
-6.586911 -148.021390 891.221043 4851.245965 -0.517409 -0.313212 -0.796358 0.690339 0.397155 -0.604731 0.505687 -0.862650 0.010731
-5.289574 -163.566040 426.555450 6499.060662 -0.516912 -0.301032 -0.801363 0.740644 0.312130 -0.594997 0.429243 -0.901085 0.061614
-548.879102 -23617.439498 120404.403420 -26484938.530574 -0.686859 -0.049144 -0.725127 0.332281 0.866100 -0.373444 0.646385 -0.497449 -0.578559
-130.087413 -5432.804032 -37346.159639 -1723508.607683 0.828787 0.015852 0.559339 0.521566 -0.383957 -0.761936 -0.202684 -0.923215 0.326486
-572.845375 -2904.802473 -518989.957289 3623637.753226 -0.803280 -0.413212 -0.428949 -0.234093 0.881272 -0.410561 0.547670 -0.229381 -0.804638
