19102
38184
-19.790745 -39.221709 -1366.859538 -3310.815236 0.108292 0.901864 0.418228 0.936630 0.048430 -0.346957 -0.333163 0.429298 -0.839468
-26.064886 -47.589851 -1253.710648 -2628.454977 0.298300 0.885224 0.356925 0.929542 -0.184523 -0.319222 -0.216722 0.427000 -0.877897
-26.763979 -48.002851 309.296955 -3165.349858 0.351953 0.891121 0.286414 0.898951 -0.236545 -0.368691 -0.260798 0.387234 -0.884327
-24.713886 -40.258319 -354.414111 -3047.718376 0.032257 0.854330 0.518729 0.961438 0.115301 -0.249683 -0.273122 0.506780 -0.817666
-21.504160 -39.632042 -323.030511 -4362.370665 0.283221 0.913835 0.291019 0.877822 -0.124790 -0.462446 -0.386283 0.386438 -0.837527
-19.064143 -31.176742 -551.122019 3357.197917 0.007256 0.895425 0.445153 -0.900682 -0.187540 0.391918 -0.434417 0.403786 -0.805133
-20.280791 -33.275858 160.018786 -1828.258003 -0.176892 0.804599 0.566859 0.911200 0.351592 -0.214703 -0.372054 0.478543 -0.795344
42.320057 -30.424412 -34564.930837 -1114.305563 -0.114957 0.679884 0.724254 0.412902 0.695823 -0.587658 -0.903491 0.231491 -0.360715
23.078227 -26.179426 -21403.878871 237.439007 -0.136633 0.524197 0.840565 0.363676 0.815816 -0.449648 -0.921450 0.244256 -0.302106
-2.758230 -23.448841 -12154.798676 -91.805646 0.011017 0.802709 0.596269 -0.410624 -0.540075 0.734647 -0.911738 0.252936 -0.323662
32.922359 -35.469005 -30787.374102 -2010.890873 -0.077595 0.733185 0.675587 -0.451131 -0.630109 0.632015 -0.889078 0.255737 -0.379656
-7.442124 -52.158101 5649.327446 -5875.207429 0.596081 0.797248 -0.095302 -0.439553 0.423340 0.792197 -0.671923 0.430323 -0.602778
10.448404 -37.987671 -11428.038731 -4562.950974 0.343885 0.937590 0.051648 -0.533584 0.149854 0.832365 -0.772678 0.313796 -0.551816
-1.070230 -24.633159 -5902.180884 -4982.958244 0.541486 0.792622 -0.280255 -0.422287 0.544681 0.724566 -0.726957 0.273995 -0.629651
-9.321351 -31.250760 -1808.466072 -4864.896216 -0.755852 -0.461802 0.464140 -0.182627 0.829457 0.527872 -0.628757 0.314228 -0.711284
18.356062 -15.197395 793.509483 -298.147047 -0.421862 0.270437 -0.865388 0.130766 0.962648 0.237085 0.897181 -0.013146 -0.441468
13.969390 -16.137976 1375.620992 -731.950165 -0.494185 0.173301 -0.851909 0.134289 0.983385 0.122147 0.858923 -0.054039 -0.509246
11.385549 -12.834041 -120.494321 -836.777105 -0.411317 0.267375 -0.871395 0.191437 0.960026 0.204209 0.891163 -0.082823 -0.446060
12.031155 -14.290265 -1044.581439 -600.308547 -0.323725 0.417578 -0.849018 0.232088 0.904969 0.356603 0.917244 -0.081606 -0.389876
5.514710 -8.553219 -857.244921 -866.167223 -0.405694 0.240847 -0.881706 0.211909 0.963158 0.165593 0.889104 -0.119661 -0.441785
6.529910 -10.909901 283.041027 -624.116015 -0.331840 0.463953 -0.821358 0.297480 0.877736 0.375613 0.895203 -0.119694 -0.429284
25.992806 -34.275725 1572.907260 3178.412134 0.246625 0.969030 -0.012525 -0.968788 0.246856 0.022605 -0.024997 -0.006559 -0.999666
22.819783 -48.382165 -1730.299503 -2753.014344 0.210983 0.966899 -0.143501 0.972572 -0.192940 0.129913 0.097926 -0.166974 -0.981086
23.369925 -45.321522 2200.121333 2366.428993 0.242032 0.970171 0.013706 -0.960618 0.241588 -0.137292 0.136508 -0.020063 -0.990436
18.413634 -49.533557 2483.399733 1997.455158 0.229983 0.971799 0.052094 -0.933611 0.235424 -0.270087 0.274734 -0.013480 -0.961426
19.542101 -45.018888 3107.870791 2186.216598 0.264479 0.962317 0.063223 -0.949902 0.271266 -0.155246 0.166546 0.018996 -0.985851
21.690780 -38.887913 2829.452764 2625.425652 0.277254 0.959236 0.054743 -0.958783 0.279911 -0.048847 0.062179 0.038944 -0.997305
47.196914 -70.810842 12814.234970 5041.892936 0.941254 -0.181479 0.284791 -0.261780 0.140646 0.954824 0.213335 0.973285 -0.084876
74.145031 -76.558694 20332.395492 -240.611470 0.949523 -0.157043 0.271557 -0.209471 0.326976 0.921525 0.233511 0.931893 -0.277576
45.316183 -74.684012 12437.792085 1984.332739 0.889286 -0.201960 0.410345 -0.346119 0.289288 0.892476 0.298952 0.935695 -0.187358
71.633756 -30.039179 -7139.595036 -5.972108 0.823358 0.411037 -0.391318 -0.557240 0.454865 -0.694681 0.107542 -0.790029 -0.603563
62.367076 -31.661158 -16858.965782 -42.722255 0.822081 0.235654 -0.518315 -0.566356 0.432003 -0.701865 -0.058517 -0.870541 -0.488605
68.079761 -26.673626 -7532.944897 -385.670820 0.813130 0.427496 -0.395052 -0.557140 0.375054 -0.740898 0.168565 -0.822545 -0.543143
4.742072 -58.992412 142.779080 311.472759 -0.124052 0.790603 0.599631 0.752082 -0.319287 0.576566 -0.647289 -0.522496 0.554991
4.248512 -53.987220 9.351006 415.799501 -0.136866 0.772961 0.619516 0.784695 -0.297100 0.544045 -0.604583 -0.560592 0.565876
4.821315 -57.553491 -119.182792 -379.011666 -0.156970 0.799862 0.579293 0.616451 -0.378914 0.690227 -0.771588 -0.465451 0.433598
4.012405 -52.766088 -92.365715 1009.272596 0.099443 -0.763078 -0.638610 0.887100 -0.222733 0.404282 -0.450738 -0.606714 0.654777
7.778634 -59.002383 -310.492115 -1396.913300 -0.124221 0.800665 0.586093 0.574252 -0.423689 0.700516 -0.809199 -0.423584 0.407153
4.501465 -57.988541 45.730654 1296.772449 0.089759 -0.775385 -0.625077 0.868621 -0.246115 0.430028 -0.487278 -0.581555 0.651425
6.987244 -62.645251 -215.133069 94.896240 -0.101101 0.796132 0.596617 0.722881 -0.353235 0.593858 -0.683536 -0.491323 0.539797
7.648949 -105.158663 -609.455846 -8366.218588 0.513126 0.854395 0.081921 -0.472216 0.360718 -0.804298 0.716738 -0.374022 -0.588553
11.290234 -101.788367 -606.436458 -6504.503803 0.492424 0.857983 0.146231 -0.339452 0.344031 -0.875451 0.801430 -0.381455 -0.460653
13.759968 -118.783876 -975.162652 -6951.150850 0.467508 0.878377 0.099448 -0.543365 0.374279 -0.751445 0.697274 -0.297270 -0.652258
11.021274 -127.293953 -1126.351888 -7101.667858 0.458831 0.886126 0.065229 -0.682792 0.398617 -0.612291 0.568568 -0.236400 -0.787937
4.898891 -76.031570 -528.606013 -6018.860078 0.579924 0.806184 0.117282 -0.276567 0.330236 -0.902471 0.766289 -0.490928 -0.414476
7.890042 -84.652722 -504.948044 -6790.382648 0.540984 0.828448 0.144948 -0.249755 0.322819 -0.912913 0.803093 -0.457670 -0.381549
2.990995 -14.829309 485.983581 -857.405861 0.025769 0.961840 -0.272395 -0.540379 -0.215841 -0.813267 0.841027 -0.168154 -0.514196
3.764947 -17.049824 -335.333097 -1850.408513 0.014078 0.944826 -0.327269 -0.543889 -0.267410 -0.795409 0.839039 -0.189196 -0.510116
2.521056 -11.934121 1121.868690 -857.199419 -0.083703 0.887968 -0.452225 -0.507850 -0.428472 -0.747329 0.857369 -0.167109 -0.486819
4.899489 -19.951389 -50.507983 -2196.220830 0.071132 0.974917 -0.210897 -0.570885 -0.133588 -0.810089 0.817943 -0.178021 -0.547063
0.689843 -8.720517 1038.900311 -945.853649 -0.038752 0.928583 -0.369097 -0.509961 -0.336029 -0.791849 0.859324 -0.157539 -0.486563
1.580460 -12.443123 119.401147 -214.595714 0.077536 0.981389 -0.175679 -0.520397 -0.110462 -0.846750 0.850397 -0.157076 -0.502147
3.792042 -17.284044 319.857715 -640.979791 0.081505 0.983987 -0.158512 -0.553052 -0.087658 -0.828523 0.829151 -0.155195 -0.537051
-2.659622 -41.729173 101.795455 -875.856509 -0.088593 0.749032 0.656584 0.149299 -0.641744 0.752246 -0.984815 -0.164671 0.054976
-2.936234 -44.962334 28.999744 -835.128460 -0.084665 0.730044 0.678136 0.332179 -0.620966 0.709971 -0.939409 -0.285372 0.189931
-2.316554 -40.100500 167.449610 -1039.165361 -0.070390 0.764024 0.641336 0.148883 -0.627683 0.764099 -0.986346 -0.149269 0.069568
-1.746643 -36.596173 265.421511 -840.732652 -0.071812 0.787402 0.612243 -0.023922 -0.615011 0.788156 -0.997131 -0.041953 -0.063002
-1.212965 -34.799401 189.439288 -849.470773 -0.064622 0.803865 0.591291 -0.015616 -0.593272 0.804851 -0.997788 -0.042777 -0.050891
-2.003000 -38.311570 76.880646 -1054.419327 -0.063866 0.781237 0.620959 0.152418 -0.607293 0.779720 -0.986250 -0.144443 0.080289
341.511127 -20.436207 73404.597467 -1115.781424 -0.626648 -0.525692 -0.575291 -0.110904 0.790857 -0.601868 0.771371 -0.313357 -0.553890
365.223796 -25.403984 -108858.966441 -869.349107 -0.167153 -0.616061 -0.769759 -0.153010 0.787493 -0.597028 0.973985 0.017986 -0.225896
285.289573 -26.150217 53910.144502 -1018.758785 -0.645628 -0.582860 -0.493395 -0.224015 0.762230 -0.607308 0.730056 -0.281567 -0.622686
397.730283 -26.014363 116805.884994 -2569.842520 -0.858173 -0.429584 -0.281062 -0.188196 0.772642 -0.606306 0.477620 -0.467421 -0.743907
-0.523559 -124.119049 130.421767 -5115.056991 -0.186010 0.491938 -0.850528 -0.618111 0.614299 0.490485 0.763767 0.616955 0.189807
-0.178610 -128.369391 -135.767048 2293.503213 0.177668 -0.491666 0.852466 0.816278 -0.410209 -0.406716 0.549658 0.768110 0.328455
-2.244921 -123.191778 837.367524 -6117.388901 -0.193178 0.469394 -0.861598 -0.631842 0.612305 0.475246 0.750638 0.636201 0.178299
14.610597 -43.745632 -1466.427816 -7146.734166 -0.105239 -0.541181 0.834295 0.642409 0.603410 0.472448 -0.759101 0.585679 0.284157
15.923837 -56.764109 -50.328592 -11612.617997 -0.069564 -0.551045 0.831571 0.713106 0.555454 0.427728 -0.697597 0.622753 0.354314
21.302690 -41.318008 -3018.716837 -10361.984115 -0.071711 -0.528124 0.846134 0.613971 0.645181 0.454732 -0.786064 0.552111 0.277987
21.876882 -39.204440 -8161.895445 2017.818773 -0.064218 -0.468406 0.881177 0.618226 0.674475 0.403585 -0.783373 0.570683 0.246267
29.388054 -34.881279 -8885.290323 2115.087688 -0.024358 -0.466441 0.884217 0.612833 0.691835 0.381838 -0.789837 0.551178 0.268998
28.099665 -34.958862 -4895.725011 -11628.190796 -0.015913 -0.492706 0.870051 0.591274 0.697074 0.405564 -0.806314 0.520892 0.280232
24.966712 -4.610975 4480.124327 -383.602466 0.338761 -0.413958 0.844914 0.856704 0.506966 -0.095105 -0.388973 0.756059 0.526380
17.613269 -4.079380 4357.094574 -1623.516207 0.376251 -0.438457 0.816205 0.841204 0.530898 -0.102582 -0.388344 0.725191 0.568583
26.937041 -2.136387 3706.082411 -978.993949 0.311048 -0.410695 0.857076 0.859118 0.507134 -0.068780 -0.406405 0.757723 0.510579
28.039297 -0.015757 -434.061927 30.480985 0.223215 -0.321008 0.920396 0.873357 0.485216 -0.042577 -0.432923 0.813338 0.388662
28.257920 -1.434558 -483.002191 -2581.950351 0.237899 -0.314027 0.919125 0.859630 0.508587 -0.048737 -0.452150 0.801702 0.390940
28.395719 -3.644060 83.333668 -1434.853491 0.258261 -0.324956 0.909783 0.859242 0.507729 -0.062563 -0.441593 0.797881 0.410342
1.103909 -160.248415 298.402252 13047.753163 -0.106667 0.517475 -0.849024 -0.707766 0.560221 0.430371 0.698347 0.646817 0.306494
1.392307 -145.433187 -134.655513 -9890.856021 0.096710 -0.508855 0.855403 0.852252 -0.401590 -0.335248 0.514114 0.761441 0.394835
3.073649 -148.484432 852.823070 -4682.277598 0.089736 -0.528563 0.844138 0.748768 -0.523067 -0.407120 0.656729 0.668597 0.348833
19.180223 -27.419940 5658.841820 -10403.093187 0.866485 -0.436429 0.242351 0.343270 0.168419 -0.924013 -0.362450 -0.883835 -0.295746
18.908187 -38.770250 -16560.293010 -17392.564721 0.929648 -0.367196 -0.030362 0.091278 0.309362 -0.946553 -0.356963 -0.877190 -0.321115
-23.851310 -56.033038 24806.866832 -20018.419591 0.712737 -0.492701 0.499251 0.607067 0.076726 -0.790938 -0.351391 -0.866810 -0.353788
1093.650008 -1269.338858 626538.588073 983917.659689 0.884655 -0.457647 0.089135 0.237347 0.606587 0.758761 0.401313 0.650086 -0.645241
1350.157861 -1280.373148 1351682.782422 1206480.761330 0.810287 -0.585907 0.012186 0.292041 0.421735 0.858401 0.508082 0.691992 -0.512835
462.102341 -669.300886 44407.374133 334998.195987 0.961117 -0.123128 -0.247172 0.272584 0.566261 0.777848 -0.044189 0.814977 -0.577805
4417.289780 -4502.173868 1755980.865455 3024826.026619 0.948601 -0.264944 -0.173091 0.301851 0.593121 0.746387 0.095087 0.760271 -0.642609
652.212417 -794.489593 -299830.094076 272177.608663 0.649152 0.278535 -0.707828 0.479312 0.572778 0.664971 -0.590646 0.770937 -0.238314
-13.549447 -355.345323 1222.025324 87872.021967 0.518199 -0.341516 0.784115 0.294197 0.932045 0.211519 -0.803068 0.121075 0.583458
-9.329562 -268.647177 -1795.712716 55296.019250 0.492527 -0.266723 0.828418 0.496450 0.867923 -0.015717 -0.714811 0.419009 0.559890
-12.277978 -418.687890 -2651.832125 116659.960826 0.464822 -0.335357 0.819437 0.297959 0.930762 0.211902 -0.833763 0.145662 0.532561
25.478758 -6.727972 867.838189 520.904340 0.282104 -0.326614 0.902076 0.876111 0.470868 -0.103497 -0.390955 0.819516 0.418984
21.658200 -6.542076 4511.158208 8.474828 0.378403 -0.399951 0.834776 0.851902 0.503205 -0.145075 -0.362041 0.766044 0.531133
26.531778 -5.957092 582.511698 228.081790 0.284297 -0.314250 0.905772 0.864102 0.493265 -0.100084 -0.415334 0.811133 0.411778
25.544582 -7.642218 -3520.967426 266.835614 0.181847 -0.230767 0.955865 0.882262 0.467538 -0.054970 -0.434218 0.853320 0.288617
25.045629 -9.411727 -3378.865513 -1184.150289 0.161695 -0.260973 0.951708 0.891867 0.451447 -0.027734 -0.422408 0.853281 0.305750
20.738723 -17.727062 6919.482227 -1870.135730 0.304380 0.947713 0.095877 -0.915963 0.263575 0.302555 -0.261465 0.179912 -0.948297
23.121639 -23.142372 4799.727721 -1568.370804 0.349256 0.936165 0.040195 -0.875344 0.310658 0.370492 -0.334355 0.164581 -0.927966
30.697093 -18.369274 2925.576001 -2122.541211 0.293611 0.955921 -0.002656 -0.914001 0.281547 0.292118 -0.279989 0.083342 -0.956379
11.917952 -22.444077 6419.362129 -1467.764712 0.347437 0.932353 0.100027 -0.879820 0.287231 0.378702 -0.324353 0.219581 -0.920097
7.223615 -17.916210 6077.214076 -1845.355572 0.290747 0.948176 0.128174 -0.920535 0.240673 0.307721 -0.260926 0.207458 -0.942804
-3.818417 -8.513871 661.744164 789.902476 0.947548 0.098941 0.303913 -0.261291 -0.307805 0.914868 -0.184064 0.946291 0.265808
-3.413390 -5.301005 693.326218 402.041907 0.932661 0.076112 0.352632 -0.309612 -0.332817 0.890715 -0.185156 0.939915 0.286841
-1.985174 -8.241082 343.822954 794.615244 0.939508 0.087042 0.331282 -0.289575 -0.314746 0.903925 -0.182949 0.945177 0.270501
-2.491360 -12.170287 488.266673 1113.757787 0.937568 0.087508 0.336613 -0.300449 -0.283759 0.910610 -0.175203 0.954894 0.239752
-1.145041 -12.048759 18.470807 1140.354794 0.931702 0.085438 0.353031 -0.316143 -0.287809 0.904002 -0.178841 0.953869 0.241141
-1.479205 -8.276545 -250.410152 799.587184 0.951174 0.108608 0.288917 -0.243201 -0.312662 0.918203 -0.190057 0.943635 0.270982
0.493019 -80.871724 401.893747 -735.875309 -0.562786 -0.764339 -0.314733 0.806590 -0.424521 -0.411332 0.180786 -0.485353 0.855423
-2.302627 -76.146120 577.658813 -1644.769505 -0.561414 -0.765848 -0.313514 0.810633 -0.432773 -0.394439 0.166400 -0.475588 0.863786
0.513469 -76.807815 372.449739 -1617.877795 -0.539230 -0.779440 -0.318910 0.841795 -0.487743 -0.231274 0.024718 -0.393167 0.919135
0.414060 -1442.665439 70475.089927 -482944.070979 -0.255269 0.057982 0.965130 0.702004 0.697510 0.143770 -0.664852 0.714226 -0.218756
-98.963340 -2704.489831 195420.009193 -2467687.271151 -0.255960 0.147576 0.955357 0.655438 0.752917 0.059301 -0.710553 0.641356 -0.289443
37.309420 -2917.376781 122686.551873 -1601066.780227 -0.289251 -0.004737 0.957241 0.240216 0.967631 0.077375 -0.926623 0.252325 -0.278751
19.970816 -1371.099801 41616.344223 -653969.456232 -0.288381 0.061188 0.955559 0.665873 0.729953 0.154214 -0.688077 0.680753 -0.251248
4.764903 -144.158603 694.206049 48687.979971 0.176189 0.422406 -0.889118 0.877654 -0.476420 -0.052422 -0.445737 -0.771101 -0.454666
6.055162 -153.281464 -30.282097 51712.215612 0.156007 0.400474 -0.902930 0.892903 -0.448050 -0.044448 -0.422358 -0.799294 -0.427483
5.707145 -66.663792 573.960538 16707.202750 0.120413 0.450681 -0.884527 0.914650 -0.396725 -0.077624 -0.385897 -0.799685 -0.459986
2.614871 -58.003190 1501.860691 14243.812840 0.129982 0.476713 -0.869396 0.910843 -0.403850 -0.085263 -0.391752 -0.780801 -0.486704
6.154233 -37.037529 600.480604 391.493591 0.109502 0.466244 -0.877853 0.923995 -0.373287 -0.083002 -0.366390 -0.802044 -0.471683
10.137731 -28.495176 8135.097937 334.628378 -0.267495 -0.680640 -0.682038 0.960662 -0.133541 -0.243505 0.074659 -0.720344 0.689587
-7.882236 -29.692860 7463.835534 568.479059 -0.241340 -0.698572 -0.673611 0.964833 -0.098210 -0.243829 0.104177 -0.708768 0.697707
5.688123 -33.112106 8234.490059 1210.852354 -0.267215 -0.682442 -0.680344 0.963636 -0.188611 -0.189290 0.000859 -0.706186 0.708026
24.531189 -31.561093 5924.311122 1576.455702 -0.302150 -0.727448 -0.616056 0.952198 -0.199819 -0.231064 0.044987 -0.656424 0.753050
10.299927 -11.944897 -830.219530 -2425.545371 -0.072207 0.542674 -0.836834 0.384782 0.789229 0.478602 0.920179 -0.287441 -0.265799
11.452589 -16.678299 -2192.927019 -1960.791153 -0.046558 0.495295 -0.867476 0.343910 0.823276 0.451601 0.937847 -0.277308 -0.208668
12.452121 -13.438888 195.015526 -2049.082558 -0.156933 0.449305 -0.879487 0.336487 0.861565 0.380108 0.928520 -0.236284 -0.286393
6.000237 -16.885992 -3226.574874 -1979.935997 0.030247 0.579797 -0.814200 0.379492 0.746919 0.545983 0.924700 -0.325497 -0.197436
7.622833 -7.407468 2598.139583 -2278.677021 -0.177876 0.529672 -0.829342 0.376537 0.815279 0.439931 0.909165 -0.234025 -0.344459
8.833663 -6.048645 1002.995175 -1548.820198 -0.059356 0.664080 -0.745302 0.405249 0.698356 0.589976 0.912278 -0.267014 -0.310569
8.302575 -11.074760 -2435.006428 -1090.500507 0.039266 0.655101 -0.754521 0.396059 0.683051 0.613660 0.917385 -0.322931 -0.232638
-1.664120 -17.296391 -362.128224 880.358528 0.196509 0.871412 -0.449472 -0.372790 -0.357584 -0.856249 0.906869 -0.335819 -0.254585
1.139737 -16.599806 -3178.577548 1007.772765 0.118833 0.716385 -0.687511 -0.400500 -0.599008 -0.693390 0.908559 -0.357745 -0.215730
-2.213083 -16.719666 -3093.084965 -47.858838 0.246738 0.868254 -0.430412 -0.389436 -0.317865 -0.864466 0.887389 -0.380915 -0.259700
-7.003995 -28.122411 -489.092772 -610.919945 0.864842 0.433512 0.253210 0.245678 0.074398 -0.966492 0.437824 -0.898071 0.042162
-9.159717 -28.333439 -447.405070 -421.570923 0.835297 0.462555 0.297189 0.277793 0.111397 -0.954160 0.474457 -0.879565 0.035445
-6.592396 -25.051054 -580.010827 -1360.125316 0.860996 0.435377 0.262931 0.302194 -0.022088 -0.952991 0.409103 -0.899977 0.150586
-3.869196 -24.542061 -632.733492 -1501.779998 0.887405 0.412473 0.205860 0.251627 -0.059233 -0.966010 0.386260 -0.909042 0.156352
-3.280694 -19.451490 -706.178628 -1860.910780 0.887081 0.413022 0.206155 0.286863 -0.143343 -0.947186 0.361658 -0.899370 0.245638
-6.299062 -20.363714 -607.139771 -1743.977593 0.859911 0.438623 0.261082 0.339345 -0.109149 -0.934308 0.381312 -0.892018 0.242703
-5.340771 -53.963543 -321.430176 7117.241366 0.980878 -0.043538 0.189690 0.132163 0.864475 -0.484991 0.142867 -0.500787 -0.853699
-6.779692 -52.489725 -84.514120 6956.507361 0.979812 0.001549 0.199917 0.100451 0.860768 -0.498987 0.172855 -0.508996 -0.843235
-7.697579 -71.093985 71.496652 7590.673518 0.981103 -0.016307 0.192799 0.143720 0.728567 -0.669727 0.129545 -0.684780 -0.717143
-5.142234 -68.708255 -151.057831 7654.226094 0.981592 -0.061827 0.180704 0.167827 0.730848 -0.661586 0.091163 -0.679734 -0.727771
-7.827759 -80.315568 24.028212 3447.355155 0.984257 -0.015328 0.176080 0.160837 0.490748 -0.856328 0.073285 -0.871167 -0.485487
-8.383107 -81.728436 -329.396571 3290.641233 0.981187 0.000634 0.193061 0.169948 0.471620 -0.865270 0.091600 -0.881802 -0.462640
-2.501977 -70.919852 -212.868476 2068.295209 0.795491 0.317896 0.515884 -0.329211 0.941469 -0.072505 -0.508738 -0.112157 0.853585
-3.104650 -69.626125 -36.015482 1709.011445 0.815573 0.309332 0.489033 -0.326013 0.943860 -0.053328 -0.478075 -0.115938 0.870633
-2.756344 -70.046488 -93.769763 -175.362153 0.795622 0.326877 0.510036 -0.248283 0.943921 -0.217645 -0.552577 0.046530 0.832162
-1.910999 -69.759896 -216.996389 -93.877070 0.778841 0.341053 0.526393 -0.238988 0.937300 -0.253679 -0.579906 0.071774 0.811515
-2.474457 -72.124719 -12.251350 -1143.808281 0.793562 0.341499 0.503625 -0.157287 0.914657 -0.372376 -0.587810 0.216289 0.779550
-6.503939 -27.754524 -635.816163 1173.871193 0.646243 -0.486457 -0.587988 0.711693 0.662269 0.234294 0.275432 -0.569878 0.774194
-9.995850 -28.648238 -1465.057845 1584.006680 0.599146 -0.517757 -0.610698 0.736950 0.654764 0.167893 0.312935 -0.550647 0.773860
-6.002345 -22.808816 -502.063235 1811.903057 0.550046 -0.573276 -0.607293 0.764166 0.638840 0.089076 0.336898 -0.513068 0.789469
-5.814724 -20.872912 350.542494 1498.237779 0.572213 -0.559072 -0.600009 0.756608 0.642153 0.123217 0.316411 -0.524479 0.790447
-5.894204 -25.268283 328.375332 -797.318392 0.685077 -0.452825 -0.570629 -0.681373 -0.675406 -0.282061 0.257682 -0.582045 0.771248
12.938420 -42.108665 -1695.749104 7720.919529 0.728860 0.453037 0.513343 0.625408 -0.135425 -0.768456 0.278619 -0.881146 0.382038
9.271109 -59.610195 -720.383222 8420.377835 0.805646 0.428275 0.409286 0.551292 -0.289154 -0.782603 0.216823 -0.856137 0.469060
16.212180 -40.105669 -3008.279789 6616.363657 0.718938 0.473344 0.508992 0.646993 -0.188106 -0.738929 0.254023 -0.860559 0.441487
9.360317 -61.272833 635.750659 9042.448574 0.799344 0.425614 0.424150 0.548600 -0.228968 -0.804122 0.245129 -0.875458 0.416515
22.162616 -26.086232 4063.781428 5541.991548 -0.598828 -0.498514 -0.626808 0.735923 -0.033758 -0.676223 0.315947 -0.866224 0.387083
18.470567 -27.999517 3277.065183 6166.895961 -0.610538 -0.463599 -0.642121 0.718337 0.017278 -0.695480 0.333519 -0.885877 0.322471
12.084878 -43.523404 -187.410406 7508.213055 0.728293 0.439091 0.526107 0.615105 -0.080478 -0.784327 0.302051 -0.894831 0.328699
-4.377735 -32.879860 -190.750224 -308.763489 0.965846 0.178071 0.188236 -0.219545 0.948233 0.229466 0.137630 0.262955 -0.954941
-3.620813 -33.677394 -362.882605 -467.504537 0.962322 0.210134 0.172570 -0.250188 0.932839 0.259263 0.106500 0.292669 -0.950264
-4.772170 -36.348596 -126.694728 -1221.599326 0.965986 0.179202 0.186436 -0.236898 0.902319 0.360139 0.103688 0.392055 -0.914080
21.637921 -71.644310 -7328.197999 -1786.042948 0.899451 0.030695 0.435943 -0.217440 0.896726 0.385490 0.379089 0.441521 -0.813235
22.707063 -67.584259 6887.314405 -2274.884915 -0.896513 -0.036858 -0.441481 -0.133071 0.972919 0.188999 0.422559 0.228189 -0.877139
36.627044 -69.705598 -10418.184446 -1626.964503 0.883237 0.030559 0.467929 -0.218949 0.909297 0.353893 0.414672 0.415024 -0.809816
9.631776 -69.154879 4070.996719 -2437.855575 -0.902659 -0.024229 -0.429674 -0.133612 0.964854 0.226286 0.409089 0.261669 -0.874171
29.934433 -73.882898 -8620.941475 -856.935800 0.870302 0.028490 0.491693 -0.322947 0.786761 0.526034 0.371858 0.616600 -0.693921
17.458317 -75.321938 -6073.976152 -632.956743 0.893431 0.022658 0.448630 -0.305535 0.762770 0.569939 0.329288 0.646273 -0.688405
8.275357 -72.719251 -4037.099294 -1603.808258 0.907575 0.013315 0.419678 -0.209656 0.880356 0.425461 0.363801 0.474126 -0.801781
-1.949639 -75.367936 212.175703 3778.711117 -0.790831 -0.303586 -0.531433 -0.100787 0.921050 -0.376176 0.603679 -0.243930 -0.758993
-0.908271 -74.669081 646.884285 3751.712075 -0.796453 -0.323282 -0.511030 -0.153572 0.925525 -0.346150 0.584875 -0.197212 -0.786784
-2.812388 -69.957141 121.841599 2109.829681 -0.790585 -0.307076 -0.529792 -0.193508 0.946123 -0.259626 0.580973 -0.102738 -0.807413
-2.618568 -71.511548 -255.275089 2055.013279 -0.782852 -0.291616 -0.549638 -0.151427 0.946103 -0.286286 0.603500 -0.140890 -0.784817
-2.088698 -76.405085 -168.928291 3973.220650 -0.782636 -0.293636 -0.548870 -0.060841 0.913610 -0.402013 0.619499 -0.281236 -0.732890
14.774810 -126.230370 812.143313 14483.051875 0.880056 0.153647 0.449326 -0.243054 -0.667130 0.704175 -0.407953 0.728924 0.549767
11.935315 -137.193057 820.111447 7972.218311 0.860148 0.135301 0.491771 -0.380557 -0.471705 0.795406 -0.339591 0.871314 0.354247
12.011158 -116.729299 1306.705796 12670.667292 0.901932 0.124637 0.413502 -0.233645 -0.664423 0.709895 -0.363220 0.736890 0.570144
-11.490645 -24.151025 -292.102282 -981.166930 0.746662 0.660318 0.080476 0.375751 -0.518496 0.768097 -0.548915 0.543269 0.635257
-12.127043 -19.568520 -460.955723 -970.408331 0.775846 0.610648 0.158658 0.238116 -0.516274 0.822655 -0.584263 0.600475 0.545954
-10.465830 -20.369537 -578.819434 -1269.318636 0.732297 0.671641 0.112430 0.315557 -0.480980 0.817975 -0.603461 0.563522 0.564161
5.386866 -119.633124 309.980322 -5044.595572 0.892554 0.162382 0.420689 -0.128893 -0.802125 0.583080 -0.432127 0.574655 0.695010
4.057859 -110.694900 321.900976 -5921.399487 0.899817 0.142638 0.412291 -0.197491 -0.709489 0.676478 -0.389008 0.690130 0.610241
3.819929 -118.102480 400.907810 -2771.190121 0.901482 0.151391 0.405477 -0.104809 -0.832592 0.543880 -0.419935 0.532795 0.734700
-12.397553 -516.443203 11025.373386 -31475.998754 0.919823 -0.086172 0.382752 -0.390905 -0.284444 0.875377 -0.033438 0.954812 0.295323
-20.414649 -518.525192 13664.982647 20012.192548 0.903921 -0.081419 0.419878 -0.420398 0.011493 0.907267 0.078694 0.996614 0.023840
-23.303522 -513.321681 18540.618024 -49410.130494 0.924069 -0.076658 0.374460 -0.379684 -0.296882 0.876186 -0.044004 0.951832 0.303445
-9.317638 -535.669331 5326.627622 34311.598063 0.896822 -0.083054 0.434526 -0.434908 0.014389 0.900360 0.081031 0.996441 0.023217
-17.188832 -540.111499 16153.867924 -86655.114225 0.932208 -0.061064 0.356735 -0.325239 -0.573737 0.751695 -0.158771 0.816760 0.554703
-7.865658 -502.476813 6510.653994 -58593.932047 0.930174 -0.060477 0.362104 -0.333757 -0.550141 0.765474 -0.152914 0.832879 0.531912
-3.551652 -516.919476 8212.042607 -693.752207 0.903972 -0.088442 0.418345 -0.425747 -0.276946 0.861418 -0.039674 0.956807 0.288005
78.859782 -732.849322 20601.338256 297324.488184 -0.833502 -0.345468 -0.431192 -0.055875 0.829118 -0.556275 0.549684 -0.439563 -0.710374
58.023634 -445.600792 -7180.149245 -102945.707586 0.848105 0.263133 0.459869 0.188849 0.660820 -0.726397 0.495030 -0.702907 -0.510752
48.174975 -512.045913 -11277.344734 -272078.628368 -0.802679 -0.217419 -0.555369 0.116831 0.855825 -0.503899 0.584856 -0.469353 -0.661552
56.863249 -434.078828 6063.029716 -51036.960739 -0.814523 -0.230722 -0.532277 -0.068624 0.949390 -0.306512 0.576058 -0.213134 -0.789133
54.987262 -515.698495 14016.780931 -30336.066334 -0.848963 -0.194472 -0.491368 -0.131747 0.978354 -0.159582 0.511766 -0.070743 -0.856208
-14.852359 -124.400189 437.073691 14261.387951 0.866678 0.028963 0.498026 -0.498489 0.011370 0.866822 -0.019444 0.999516 -0.024292
-10.007655 -103.443334 3064.363106 8268.293934 0.862472 -0.012049 0.505961 -0.502049 -0.146660 0.852313 -0.063935 0.989114 0.132540
-9.377497 -121.107769 3629.632504 9207.926363 0.871653 -0.021891 0.489634 -0.488571 0.040636 0.871577 0.038977 0.998934 -0.024725
-2896.831282 -32221.882465 -389534.122956 -10750770.370471 0.964804 -0.067604 -0.254134 0.246992 0.564697 0.787472 -0.090272 0.822525 -0.561519
-128.778525 -901.393054 44997.065565 113954.172760 -0.977543 -0.156632 -0.140984 -0.156551 0.987600 -0.011736 0.141074 0.010599 -0.989942
-98.545695 -2230.144910 -75334.821968 1223866.217989 0.997684 0.039266 0.055538 -0.068012 0.565923 0.821648 -0.000832 0.823522 -0.567283
-0.277803 -30.821140 2224.631605 813.492819 0.823812 0.558305 0.098130 0.480238 -0.595411 -0.644094 0.301173 -0.577738 0.758626
-1.063475 -33.740838 2299.354409 707.408729 0.817204 0.567030 0.103221 0.525399 -0.659296 -0.537852 0.236925 -0.493767 0.836696
-5.933911 -32.483919 603.531661 785.473678 0.810390 0.559724 0.173136 0.538109 -0.594173 -0.597827 0.231746 -0.577640 0.782704
-8.409601 -27.825021 398.498674 264.049352 0.892285 0.405634 0.198211 -0.425269 0.902556 0.067374 -0.151567 -0.144410 0.977841
-8.186343 -26.127877 444.912451 442.748181 0.874215 0.447262 0.188959 -0.440932 0.894256 -0.076721 -0.203292 -0.016247 0.978983
-10.061795 -28.563937 40.204087 363.686074 0.862196 0.429323 0.268887 -0.440979 0.897322 -0.018707 -0.249310 -0.102444 0.962990
-9.896264 -29.394914 73.919384 -158.782034 0.882402 0.381877 0.274839 0.431983 -0.889041 -0.151645 -0.186434 -0.252537 0.949456
-10.224550 -30.541323 -164.955039 191.093948 0.845057 0.401428 0.353177 -0.448342 0.891913 0.058995 -0.291321 -0.208198 0.933695
-10.372173 -30.136239 -198.117576 76.091963 0.817931 0.466304 0.336970 -0.453373 0.883009 -0.121443 -0.354176 -0.053441 0.933650
1.362960 -134.937453 -241.759707 -17036.235509 0.916043 0.326884 0.232405 -0.392284 0.850903 0.349397 0.083542 0.411231 -0.907695
0.705677 -158.405599 -151.136475 2064.922881 0.906870 0.336014 0.254324 -0.420740 0.687928 0.591382 -0.023756 0.643311 -0.765236
0.694217 -139.717895 6.167478 4585.935329 0.917025 0.317372 0.241538 -0.398460 0.755134 0.520579 0.017177 0.573627 -0.818936
1.016155 -122.996690 -45.730899 -10931.418257 0.922114 0.311822 0.229070 -0.370408 0.882532 0.289716 0.111821 0.352000 -0.929296
0.880365 -126.244200 187.938769 3355.885665 0.921833 0.305482 0.238548 -0.383172 0.810916 0.442261 0.058340 0.499095 -0.864581
0.894683 -125.262375 195.766236 6751.646069 0.911258 0.326859 0.250544 -0.410821 0.678760 0.608696 -0.028899 0.657608 -0.752806
7.505096 -155.793232 -1798.674680 9888.786591 -0.204711 0.888632 -0.410397 -0.841717 -0.373822 -0.389576 0.499606 -0.265688 -0.824503
9.882236 -184.471386 25.922934 -1563.597898 -0.280774 0.896652 -0.342316 -0.749166 -0.427690 -0.505797 0.599930 -0.114437 -0.791826
8.677274 -171.530455 -712.226794 -3051.783852 -0.310558 0.868337 -0.386710 0.907625 0.391763 0.150790 0.282435 -0.304159 -0.909790
7.203295 -146.775821 -1807.735520 -10963.272931 -0.308021 0.847837 -0.431620 0.935181 0.353186 0.026386 0.174814 -0.395515 -0.901669
0.146979 -106.832817 -2394.095824 -2628.963558 -0.254646 0.858556 -0.445013 0.913168 0.364931 0.181522 0.318246 -0.360148 -0.876934
3.169149 -108.876027 -751.476153 4542.291581 -0.111772 0.923716 -0.366410 -0.814903 -0.296219 -0.498184 0.568718 -0.242906 -0.785848
-35.514964 -57.887878 -32.402363 -1812.540139 0.600166 0.764669 0.234695 0.794081 -0.534340 -0.289683 -0.096105 0.360224 -0.927902
-29.241692 -53.282011 -1434.362794 -1828.496989 0.341464 0.862272 0.374018 0.934787 -0.270132 -0.230655 -0.097853 0.428388 -0.898281
-28.102480 -48.272968 -678.900911 -3198.454368 0.156330 0.852501 0.498801 0.975643 -0.054601 -0.212459 -0.153887 0.519866 -0.840273
23.344016 -28.347203 -26110.022490 83.891782 -0.181535 0.433103 0.882874 0.319268 0.875116 -0.363649 -0.930115 0.215858 -0.297140
-23.023505 -23.854755 -2069.140423 -1103.131849 0.061671 0.796333 0.601706 -0.325580 -0.553827 0.766338 -0.943501 0.243165 -0.225115
83.157981 -37.434986 -45209.450222 -1117.684777 -0.146906 0.591711 0.792652 0.387893 0.771622 -0.504122 -0.909922 0.233406 -0.342876
-13.310607 -29.821827 -8067.373175 -2336.034834 0.449652 0.887774 -0.098335 -0.472086 0.329670 0.817589 -0.758253 0.321208 -0.567343
-4.480312 -32.637232 -15385.672781 -466.308283 0.233433 0.946831 0.221405 -0.516373 -0.072229 0.853312 -0.823934 0.313519 -0.472058
33.615900 -41.602712 -23709.322428 -4715.344704 0.184374 0.926387 0.328349 -0.537433 -0.184683 0.822835 -0.822904 0.328175 -0.463820
20.429850 -16.106848 1888.034304 104.658072 -0.512078 0.148454 -0.846013 0.050738 0.988459 0.142739 0.857439 0.030169 -0.513700
13.722518 -18.141882 1156.228414 -105.579356 -0.533439 0.072959 -0.842686 0.069225 0.996697 0.042472 0.843001 -0.035678 -0.536728
22.301130 -48.126044 -2458.385405 -3809.529491 0.181704 0.961480 -0.206253 0.982542 -0.168995 0.077796 0.039943 -0.216788 -0.975401
18.918273 -53.509767 -1781.637746 -978.768323 0.157877 0.965312 -0.207961 0.967818 -0.109471 0.226594 0.195968 -0.237042 -0.951529
25.677203 -37.054002 -1653.340342 -4388.105676 0.206515 0.964621 -0.163883 0.976857 -0.212800 -0.021579 -0.055690 -0.155634 -0.986244
20.078135 -26.787929 8574.462494 3320.634511 0.998667 -0.048240 0.018379 -0.031811 -0.294680 0.955066 0.040657 0.954378 0.295821
9.392320 -30.879808 8039.653152 4095.643970 0.983006 -0.108911 0.147772 -0.169196 -0.225272 0.959492 0.071210 0.968190 0.239871
0.433254 -21.072279 6987.439760 1158.323521 0.964121 -0.151201 0.218196 -0.253187 -0.276669 0.927012 0.079797 0.948996 0.305024
2.655094 -14.441396 4932.781047 2519.464188 0.975426 -0.124255 0.181950 -0.213214 -0.324162 0.921661 0.055540 0.937806 0.342689
21.432178 -15.871467 6436.789206 2062.854268 0.994522 0.022244 -0.102138 0.103916 -0.316288 0.942955 0.011330 0.948402 0.316867
57.391156 -25.945829 6151.302296 -2086.104601 0.704298 0.669932 -0.234852 -0.533905 0.281828 -0.797194 0.467878 -0.686851 -0.556171
43.501288 -23.780462 11885.467128 -1711.603394 0.610296 0.789392 -0.066322 -0.455415 0.281120 -0.844730 0.648179 -0.545740 -0.531067
52.720304 -26.662722 14404.095843 -1750.492587 0.599152 0.799397 -0.044508 -0.496481 0.327353 -0.803957 0.628111 -0.503790 -0.593020
4.234202 -48.153860 7.086427 852.876303 0.105344 -0.748993 -0.654150 0.905523 -0.199632 0.374400 -0.411012 -0.631789 0.657200
1.370498 -92.193776 -159.923231 -1373.068462 -0.587264 -0.770275 -0.248590 0.707339 -0.339119 -0.620218 0.393437 -0.540069 0.743998
0.908194 -93.551322 -134.929251 557.030732 -0.586191 -0.772131 -0.245344 0.682665 -0.307663 -0.662806 0.436290 -0.556019 0.707456
1.424523 -91.030134 -53.999770 -2863.100681 -0.601781 -0.760725 -0.243221 0.609934 -0.241147 -0.754870 0.515596 -0.602615 0.609110
0.847077 -97.337726 -213.818439 2849.769318 -0.574327 -0.779782 -0.249173 0.757127 -0.390231 -0.523907 0.311298 -0.489550 0.814515
1.519668 -92.765507 -203.749446 893.028333 -0.568875 -0.781308 -0.256787 0.778334 -0.410602 -0.474976 0.265665 -0.470068 0.841700
-18.417996 -25.123516 1322.355785 2440.404541 0.464730 0.823025 -0.326581 0.694742 -0.110261 0.710758 0.548963 -0.557200 -0.623031
-18.488491 -29.590721 170.542726 3469.583805 -0.018765 0.788021 -0.615363 0.889206 0.294548 0.350077 0.457122 -0.540615 -0.706240
-17.979383 -21.537441 2246.230734 -1488.774141 0.494508 0.839744 -0.224260 -0.681545 0.214506 -0.699631 0.539406 -0.498816 -0.678398
1.950941 -16.087905 -727.062941 -1688.445584 -0.040673 0.901712 -0.430420 -0.508353 -0.389530 -0.768012 0.860188 -0.187568 -0.474232
2.253561 -22.095120 -1314.535891 -3129.122309 0.057956 0.956018 -0.287525 -0.554927 -0.208564 -0.805330 0.829878 -0.206229 -0.518433
5.071194 -22.393586 -701.469048 -3131.781348 0.069713 0.966791 -0.245877 -0.582152 -0.160726 -0.797036 0.810086 -0.198701 -0.551615
-0.529266 -49.275339 -12.053520 1355.409206 0.608062 0.788304 0.094010 -0.212002 0.275352 -0.937676 0.765059 -0.550235 -0.334553
0.034583 -50.759629 4.599651 1424.683513 0.607365 0.791042 0.073207 -0.211912 0.250137 -0.944735 0.765637 -0.558286 -0.319556
-1.091127 -55.428376 83.268830 3429.445697 0.599405 0.796359 0.080780 -0.102773 0.176651 -0.978893 0.793821 -0.578452 -0.187729
0.092219 -51.468928 -29.211055 -1844.901237 0.614358 0.782403 0.102028 -0.296715 0.348908 -0.888945 0.731112 -0.515857 -0.446505
-1.672814 -56.617319 -48.938291 3968.447499 0.607170 0.784261 0.127587 -0.093184 0.229748 -0.968779 0.789089 -0.576325 -0.212576
-0.137833 -50.283925 -10.063444 -2313.724994 0.608879 0.786762 0.101355 -0.300206 0.346805 -0.888596 0.734264 -0.510620 -0.447352
-0.564048 -48.485472 -15.459283 1277.992463 0.608790 0.785053 0.114311 -0.207363 0.296547 -0.932234 0.765752 -0.543830 -0.343326
-2.672335 -46.164744 -122.269739 -779.385433 -0.110625 0.721060 0.683985 0.326855 -0.623531 0.710194 -0.938578 -0.302129 0.166704
-2.498783 -47.590462 -86.719936 -342.858371 -0.097828 0.709153 0.698235 0.512664 -0.565438 0.646108 -0.852998 -0.421168 0.308241
-3.123157 -46.701661 -5.349458 -272.813028 -0.073704 0.715220 0.695002 0.524450 -0.564955 0.637007 -0.848245 -0.411444 0.333458
483.553546 -20.621805 -155545.974308 -429.595507 -0.138563 -0.598050 -0.789390 -0.057195 0.800581 -0.596489 0.988701 -0.037502 -0.145137
634.161147 -31.718158 -207996.036312 -1657.677716 0.303378 -0.578776 -0.756955 -0.081255 0.775787 -0.625741 0.949400 0.251342 0.188328
400.435034 -36.568721 -142936.394290 -1487.767376 0.267207 -0.578367 -0.770774 -0.214727 0.744011 -0.632725 0.939411 0.334575 0.074614
-6.007656 -102.594077 780.385787 -6112.331882 -0.175914 0.493257 -0.851911 -0.251888 0.814042 0.523344 0.951634 0.306649 -0.018956
-3.282325 -104.488742 504.527073 -4751.345470 -0.186232 0.497253 -0.847383 -0.273757 0.802053 0.530818 0.943597 0.330832 -0.013241
-4.346792 -114.536546 1036.370905 -6401.726638 -0.182338 0.478411 -0.858997 -0.447288 0.737650 0.505773 0.875606 0.476441 0.079486
12.502255 -57.596321 32.838142 -9005.188757 0.099260 0.546940 -0.831266 0.734128 0.523680 0.432222 -0.671717 0.653159 0.349544
11.953972 -77.417114 609.531938 -10315.126715 -0.044933 -0.530251 0.846649 0.823684 0.459885 0.331738 -0.565266 0.712278 0.416095
14.349681 -79.326955 348.317073 -11920.378353 -0.016257 -0.535970 0.844080 0.812275 0.485190 0.323728 -0.583048 0.690888 0.427468
16.651121 -6.750790 4566.540359 -53.591546 0.408926 -0.419217 0.810578 0.837225 0.525754 -0.150458 -0.363090 0.740162 0.565973
7.048364 -5.919633 2742.002504 -1692.420906 0.448301 -0.401759 0.798509 0.809702 0.560963 -0.172344 -0.378693 0.723817 0.576785
6.769391 -5.125074 3077.375022 -2380.105457 0.418367 -0.424580 0.802933 0.815690 0.564484 -0.126522 -0.399524 0.707877 0.582487
-16.018014 -27.342950 174.488344 -619.210433 0.665714 0.733695 -0.136073 -0.026886 0.205819 0.978221 -0.745722 0.647557 -0.156743
-11.298693 -25.930453 1532.061155 -364.521889 0.711743 0.670081 -0.210744 0.033362 0.267433 0.962999 -0.701647 0.692439 -0.167988
-12.187375 -25.990072 1077.344350 -420.686225 0.692295 0.668598 -0.271484 0.034561 0.345065 0.937942 -0.720786 0.658716 -0.215779
-3.927444 -88.380470 -83.191806 2281.770401 0.031818 -0.450631 0.892143 -0.225310 0.866386 0.445657 -0.973767 -0.215189 -0.073965
-4.361266 -94.310539 -223.405754 1559.763462 0.020206 -0.446011 0.894799 -0.417511 0.809446 0.412895 -0.908447 -0.381932 -0.169859
-4.182687 -91.528384 -144.460322 4434.826928 0.041595 -0.431474 0.901166 -0.242392 0.870644 0.428049 -0.969286 -0.236241 -0.068371
-0.015995 -134.068343 -182.786555 -10892.719899 0.092214 -0.510926 0.854664 0.928786 -0.265288 -0.258803 0.358962 0.817665 0.450078
1.457054 -133.314503 82.971330 -11491.494916 0.092132 -0.507920 0.856463 0.947283 -0.220361 -0.232586 0.306866 0.832741 0.460842
31.171909 -42.248880 -6770.887574 -20317.028554 0.947590 -0.271175 -0.168930 -0.064057 0.356755 -0.931999 -0.313002 -0.893974 -0.320687
14.352373 -64.428816 -15398.218651 -18359.157490 0.931127 -0.307882 -0.195476 -0.045408 0.433954 -0.899790 -0.361856 -0.846695 -0.390086
-558.254213 -3949.757093 -21487.581523 -2398078.667162 -0.565881 0.137635 -0.812917 -0.260427 0.905652 0.334623 0.782276 0.401062 -0.476648
14.769720 -583.654079 9540.642567 244289.815334 0.440515 -0.310847 0.842212 0.569215 -0.628746 -0.529786 0.694219 0.712778 -0.100033
54.625913 -79.882859 -34991.770274 38635.848262 0.742771 -0.235532 -0.626751 0.581086 -0.238252 0.778187 0.332612 0.942211 0.040102
-7.908041 -225.681137 400.141288 41590.010470 0.531585 -0.218699 0.818284 0.473832 0.877561 -0.073275 -0.702069 0.426681 0.570125
-5.301736 -182.894185 -313.738863 29962.950164 0.530744 -0.198629 0.823928 0.602098 0.772550 -0.201607 -0.596480 0.603087 0.529620
-1.632930 -176.900774 2802.487321 27408.881045 0.559258 -0.186457 0.807752 0.578836 0.785352 -0.219479 -0.593447 0.590301 0.547143
-243.793805 -4944.611524 -52197.193874 539329.391240 -0.237688 0.544683 -0.804254 0.895266 -0.198371 -0.398933 -0.376833 -0.814843 -0.440486
-651.352267 -12075.023107 -175289.244633 14049974.390009 -0.109058 0.834576 -0.539990 -0.815458 0.235538 0.528725 -0.568449 -0.498002 -0.654874
-580.233708 -5014.630812 67882.583573 2840186.387722 -0.312765 0.671887 -0.671376 0.550877 0.704130 0.448036 0.773765 -0.229716 -0.590354
-6.425697 -31.265326 1233.431228 -1850.855977 0.577752 -0.160075 0.800362 0.810805 0.225240 -0.540242 -0.093794 0.961064 0.259922
-4.535350 -38.387751 1431.890068 -2080.159394 0.508156 -0.178030 0.842664 0.861120 0.087084 -0.500888 0.015790 0.980164 0.197557
-7.852660 -35.789950 935.256760 -2973.604077 0.441221 -0.162107 0.882635 0.895780 0.138607 -0.422335 -0.053876 0.976990 0.206368
-9.761440 -28.179337 940.168639 -2390.700727 0.543177 -0.146164 0.826798 0.825911 0.270227 -0.494822 -0.151098 0.951637 0.267499
