18863
37706
-34.186937 -60.088420 -1947.728042 5087.120530 0.318619 0.869402 0.377654 0.047094 -0.412446 0.909764 -0.946712 0.272083 0.172357
-40.275934 -69.929185 -1784.959825 2327.915136 0.323959 0.911527 0.253315 -0.031378 -0.257255 0.965834 -0.945551 0.320839 0.054739
-40.100995 -68.442047 -558.399196 8616.039417 0.239297 0.970556 -0.027539 0.151756 -0.009372 0.988374 -0.959014 0.240694 0.149530
-35.045968 -60.936474 -374.887863 3124.598640 0.404652 0.776625 0.482816 -0.065140 -0.502153 0.862322 -0.912148 0.380391 0.152608
-29.361522 -49.632182 -2961.758760 8319.387441 0.288136 0.875814 0.387205 0.155624 -0.441806 0.883509 -0.944859 0.194312 0.263598
-28.646749 -51.807929 -144.423128 5118.360789 0.394581 0.699738 0.595544 -0.000762 -0.647883 0.761740 -0.918861 0.301022 0.255109
44.081058 -37.342939 6352.923985 10099.471076 -0.209840 0.971940 0.106300 0.825414 0.117824 0.552095 -0.524078 -0.203593 0.826977
31.218154 -60.648481 3894.735213 10620.742588 -0.105202 0.987389 0.118305 0.853042 0.028456 0.521066 -0.511128 -0.155736 0.845278
35.811456 -47.126480 330.867300 4016.891729 -0.042758 0.978146 0.203476 0.920813 -0.040440 0.387902 -0.387654 -0.203949 0.898960
25.249662 -66.243067 -1090.223194 16410.594395 -0.040531 0.990980 0.127734 0.913307 -0.015105 0.406992 -0.405250 -0.133156 0.904457
37.906210 -58.026760 562.746289 -7392.296262 0.070330 0.980767 0.182069 0.933020 -0.129246 0.335811 -0.352884 -0.146256 0.924165
38.750212 -55.568094 -1329.769113 -6602.901182 0.096904 0.945690 0.310290 0.927706 -0.198747 0.316008 -0.360515 -0.257235 0.896582
32.028965 -51.658050 278.368241 4942.080284 0.014036 0.989776 0.141938 0.931771 -0.064449 0.357281 -0.362776 -0.127239 0.923149
-19.741967 -109.767043 42696.547206 -45953.504527 0.194623 0.970977 -0.139017 0.430604 0.042763 0.901527 -0.881307 0.235319 0.409784
-33.670224 -238.570299 80845.669605 -72392.473163 0.410015 0.898219 -0.158400 0.611989 -0.142161 0.777985 -0.676282 0.415924 0.607988
2.467903 -78.862682 -3072.672968 -8828.748722 0.087103 0.996162 0.008597 0.609477 -0.060115 0.790522 -0.788005 0.063617 0.612374
4.362667 -51.139628 -7218.321330 -15883.078661 -0.120755 0.973595 -0.193727 0.510760 0.228277 0.828863 -0.851201 -0.001142 0.524839
4.176655 -47.908009 -19410.558652 -9794.010062 -0.065103 0.996795 -0.046493 0.552622 0.074809 0.830067 -0.830885 -0.028347 0.555722
-3.625265 -53.688325 -24825.695879 141.204994 -0.005974 0.999894 0.013298 0.637813 -0.006431 0.770164 -0.770168 -0.013083 0.637707
9.959394 -61.742214 -27451.821116 3652.002484 0.180699 0.955266 0.234125 0.669110 -0.293866 0.682594 -0.720860 -0.033312 0.692279
93.622097 -72.682803 -18332.024675 16115.622375 0.121752 0.986811 -0.106677 -0.622024 0.159612 0.766558 -0.773475 0.026974 -0.633253
122.092093 -61.262911 -31129.900341 11494.972822 0.207953 0.975093 -0.077133 -0.587805 0.187608 0.786949 -0.781819 0.118309 -0.612178
88.409543 -60.716318 -22520.728701 8491.411575 0.147605 0.979591 -0.136436 -0.574616 0.197213 0.794307 -0.805003 0.038845 -0.591998
78.787481 -65.496867 -14425.332141 6992.279550 0.108609 0.978455 -0.175585 -0.579980 0.205822 0.788201 -0.807358 -0.016230 -0.589838
65.514659 -88.199481 -5055.456860 11947.632698 0.013562 0.988217 -0.152459 -0.659557 0.123440 0.741450 -0.751532 -0.090500 -0.653459
-0.845593 -29.749793 -6025.205542 -1502.895921 0.847788 0.520894 0.099623 -0.399789 0.504295 0.765412 -0.348459 0.688735 -0.635783
-5.794062 -26.164938 -6703.802722 -1224.245407 0.744517 0.619764 0.248167 -0.581614 0.419649 0.696864 -0.327749 0.663165 -0.672899
5.776649 -21.502960 -6272.158701 -1816.930421 0.792653 0.578634 0.192051 -0.514948 0.466774 0.718993 -0.326389 0.668808 -0.667957
0.856419 -34.198006 2003.135408 1042.905421 0.707824 0.628253 0.322929 -0.624223 0.342317 0.702257 -0.330651 0.698654 -0.634470
8.613111 -23.613019 -4253.484443 -2071.921746 0.863334 0.494699 0.099638 -0.383938 0.515782 0.765872 -0.327485 0.699458 -0.635226
3.847126 -29.665497 -4182.909504 -2643.889365 0.905065 0.424500 -0.025619 -0.235372 0.550181 0.801187 -0.354199 0.719097 -0.597865
7.000054 -32.044008 1583.405146 -276.506275 0.813842 0.549938 0.187693 -0.461909 0.416275 0.783170 -0.352563 0.724074 -0.592804
37.724643 -96.805762 13481.199491 -11313.844512 0.819504 0.467075 -0.332047 0.309501 0.126919 0.942391 -0.482310 0.875062 0.040550
70.269604 -79.457169 25166.870929 -10252.222982 0.788304 0.505831 -0.350301 0.246398 0.262159 0.933039 -0.563795 0.821832 -0.082025
42.824106 -79.621027 16203.304839 -13247.063726 0.816883 0.484289 -0.313314 0.209439 0.257078 0.943423 -0.537436 0.836286 -0.108574
25.387587 -91.905093 1603.038161 -14525.390266 0.827315 0.486764 -0.280378 0.240040 0.144920 0.959885 -0.507869 0.861429 -0.003052
1.747537 -35.980832 3074.162580 1089.495567 0.101374 0.973905 0.203059 -0.926369 0.017991 0.376186 -0.362716 0.226244 -0.904019
2.251824 -33.655335 3150.030730 1953.752063 0.170955 0.970134 0.172087 -0.880214 0.071899 0.469100 -0.442717 0.231668 -0.866217
8.163506 -38.514836 1934.423418 1258.880370 0.114081 0.977514 0.177348 -0.917399 0.035145 0.396414 -0.381267 0.207922 -0.900780
7.883351 -38.079327 1934.273821 -547.094804 0.070602 0.977378 0.199368 -0.955957 0.009214 0.293362 -0.284888 0.211299 -0.934982
1.670425 -35.304696 3161.940530 -221.450495 0.037543 0.972999 0.227734 -0.960137 -0.028048 0.278120 -0.276999 0.229098 -0.933159
-12.496688 -84.639827 1175.037962 9423.106342 0.055749 0.997913 -0.032577 0.061552 -0.036001 -0.997454 0.996546 -0.053602 0.063430
-13.043322 -95.308009 1167.905004 5298.483301 0.046881 0.998825 0.012276 0.260775 -0.000375 -0.965400 0.964261 -0.048460 0.260486
-14.147612 -93.950452 311.643018 9501.173113 0.102058 0.994777 -0.001942 0.097421 -0.011938 -0.995172 0.989997 -0.101376 0.098130
-9.659653 -87.258795 1689.498009 6805.611405 0.003327 0.999955 -0.008872 0.214717 -0.009379 -0.976631 0.976671 -0.001344 0.214739
-12.243004 -74.461548 -73.813614 11848.456047 0.113570 0.992605 -0.042872 -0.093055 -0.032334 -0.995136 0.989163 -0.117007 -0.088695
-9.181750 -74.304600 1589.829886 8391.840344 0.014627 0.997736 -0.065636 0.031895 -0.066075 -0.997305 0.999384 -0.012494 0.032789
-10.961340 -63.591605 954.528186 9202.414664 0.062704 0.993339 -0.096673 -0.110251 -0.089377 -0.989877 0.991924 -0.072727 -0.103913
-6.114447 -87.169362 -1307.136817 -2139.455549 -0.031725 0.980169 0.195610 0.971225 0.076450 -0.225559 0.236040 -0.182825 0.954390
-2.318416 -87.451304 1042.329315 -1449.009341 0.058424 -0.976948 -0.205327 0.995474 0.072458 -0.061500 0.074959 -0.200804 0.976759
-2.238573 -92.342937 -1028.181873 -2847.844367 -0.032203 0.978903 0.201772 0.971858 0.077801 -0.222348 0.233355 -0.188933 0.953860
-5.974530 -93.047096 -1297.215747 -2842.710052 -0.008184 0.981937 0.189031 0.920101 0.081423 -0.383125 0.391597 -0.170791 0.904147
-9.519740 -89.093477 -867.008424 -2452.220085 -0.026200 0.988830 0.146726 0.917729 0.081986 -0.388654 0.396342 -0.124472 0.909626
18.275574 -34.836363 -6745.706723 -574.742881 -0.209169 0.903530 -0.374007 -0.420910 0.262036 0.868431 -0.882657 -0.339072 -0.325495
3.919685 -34.557912 -2847.412885 169.474278 -0.153871 0.872682 -0.463411 -0.351342 0.390024 0.851141 -0.923516 -0.293782 -0.246596
-1.010126 -41.763512 -1902.420969 -1221.326823 -0.067794 0.749416 -0.658619 -0.392210 0.586972 0.708263 -0.917374 -0.306333 -0.254135
22.278390 -115.588735 -9649.029842 35837.120272 -0.492893 -0.499170 -0.712661 0.239066 0.709848 -0.662543 0.836603 -0.496935 -0.230545
25.163088 -72.992678 -10806.337144 26492.779383 -0.477109 -0.491146 -0.728796 0.165229 0.764349 -0.623274 0.863173 -0.417787 -0.283526
252.742050 -105.461006 -99515.850495 33515.351926 -0.508006 -0.575336 -0.641030 0.149721 0.673903 -0.723491 0.848242 -0.463513 -0.256207
4457.719534 -496.620249 -2048814.254503 119597.643109 -0.569508 -0.476127 -0.670047 0.220626 0.696703 -0.682590 0.791823 -0.536571 -0.291732
352.732456 -147.734932 -159880.952928 41003.606729 -0.558051 -0.589676 -0.583834 0.184275 0.597945 -0.780067 0.809087 -0.542903 -0.225021
-5.553317 -48.875491 632.144379 -1406.453063 0.022285 0.998925 -0.040659 -0.232103 -0.034388 -0.972083 0.972436 -0.031100 -0.231087
-8.343540 -50.553901 422.975193 -5896.233691 0.064142 0.997792 -0.017216 -0.294635 0.002452 -0.955607 0.953455 -0.066367 -0.294142
-6.045466 -56.694570 1204.207743 -5202.077943 0.024065 0.999546 0.018130 -0.345446 0.025332 -0.938097 0.938130 -0.016312 -0.345899
-31.880922 -53.988535 42801.601874 -3588.560110 -0.318243 0.903484 0.287119 -0.284234 0.197997 -0.938088 0.904396 0.380149 -0.193790
-15.925793 -58.818327 40282.453362 -6086.285022 -0.364717 0.904606 0.220610 -0.373907 0.074699 -0.924453 0.852745 0.419652 -0.310995
90.262161 -50.111099 113476.265232 -413.411114 -0.330843 0.831325 0.446589 -0.344647 0.334107 -0.877263 0.878500 0.444152 -0.175976
-47.326012 -68.486059 6262.536613 -7344.153716 -0.411570 0.869277 -0.273800 -0.235025 -0.391496 -0.889660 0.880553 0.301807 -0.365430
60.476725 -47.786086 104967.468167 -805.333588 -0.329911 0.841711 0.427412 -0.246806 0.360107 -0.899672 0.911178 0.402300 -0.088936
-49.472869 -61.284077 1627.468543 -9096.105717 -0.337026 0.802456 -0.492422 -0.049184 -0.537313 -0.841948 0.940210 0.259538 -0.220556
-28.232284 -46.698648 42323.203944 -1860.428746 -0.254665 0.845351 0.469603 -0.227914 0.419466 -0.878694 0.939788 0.330802 -0.085844
3.287305 -149.328950 -4945.483398 9021.818859 -0.537184 -0.621757 -0.569957 -0.626670 0.746488 -0.223696 0.564551 0.237009 -0.790638
19.358944 -151.122704 -12169.656929 10862.871619 -0.536736 -0.604442 -0.588697 -0.616331 0.757371 -0.215695 0.576237 0.247061 -0.779045
94.132945 -147.376477 -43205.822410 -9048.592771 -0.568833 -0.530160 -0.628776 -0.376668 0.847553 -0.373866 0.731130 0.024173 -0.681810
2.634973 -152.603714 -413.792498 -5924.097619 0.496950 0.163655 0.852208 0.240666 0.917541 -0.316541 -0.833739 0.362402 0.416586
1.244648 -144.581109 42.311759 3802.829301 0.500162 0.140854 0.854400 0.093038 0.972229 -0.214743 -0.860919 0.186898 0.473167
-0.440535 -149.291832 -265.325902 -650.546648 0.496177 0.167894 0.851833 0.189357 0.936580 -0.294894 -0.847320 0.307620 0.432918
1.270062 -167.244745 -642.945512 -12177.706365 0.496016 0.190199 0.847227 0.332998 0.859446 -0.387898 -0.801923 0.474529 0.362963
-3.661628 -186.023359 -251.165739 -26963.439735 -0.583477 0.000060 -0.812130 0.674557 -0.556829 -0.484679 -0.452247 -0.830627 0.324856
-5.431850 -176.206772 470.703450 -21009.905554 -0.586251 -0.003815 -0.810120 0.690294 -0.525760 -0.497062 -0.424032 -0.850625 0.310861
-4.756983 -154.087686 -43.246372 -11636.713558 -0.559847 -0.031563 -0.827995 0.623530 -0.674145 -0.395901 -0.545693 -0.737924 0.397099
-3.422263 -133.953755 -240.679253 -4877.940044 -0.535376 -0.058065 -0.842616 0.561268 -0.769956 -0.303556 -0.631151 -0.635450 0.444806
-2.858556 -158.078744 108.125502 -22609.622771 -0.555460 -0.018020 -0.831348 0.602416 -0.697881 -0.387373 -0.573201 -0.715987 0.398500
-5.146361 -133.063941 -1068.477601 -1837.317691 0.518718 0.068847 0.852169 -0.549667 0.790297 0.270735 -0.654827 -0.608844 0.447784
-0.442736 -37.726299 3110.117049 -1290.166714 0.949892 -0.214448 0.227414 0.163494 0.960950 0.223259 -0.266411 -0.174891 0.947860
3.756299 -34.243371 2052.532604 -1456.280301 0.917343 -0.347427 0.194362 0.270469 0.902160 0.336087 -0.292112 -0.255738 0.921558
0.208655 -36.696054 -2312.819507 -1543.441937 0.930400 -0.269709 0.248221 0.210924 0.947777 0.239226 -0.299780 -0.170220 0.938700
-0.571778 -38.527742 -1524.469017 -205.291541 0.943551 -0.216880 0.250348 0.181717 0.970868 0.156189 -0.276929 -0.101880 0.955474
-2.926438 -37.926851 -5104.019443 -61.237778 0.925194 -0.284883 0.250714 0.247550 0.953796 0.170270 -0.287637 -0.095469 0.952969
-2.040876 -34.867801 -3507.448150 -2826.512400 0.906636 -0.358557 0.222368 0.299100 0.917936 0.260637 -0.297573 -0.169793 0.939479
17.475469 -55.658573 1145.028881 -1123.345158 0.691875 -0.341300 -0.636258 0.677998 0.610101 0.409995 -0.248250 0.715046 -0.653514
18.034986 -54.705688 9974.782722 -1952.484220 -0.616804 0.315376 0.721173 0.698427 0.641803 0.316683 -0.362977 0.699018 -0.616134
23.419488 -58.722310 5152.081802 2610.866127 -0.631291 0.341553 0.696285 0.683515 0.669235 0.291429 -0.366440 0.659898 -0.655939
3.451418 -162.545671 -257.159029 -2153.814910 0.514598 0.088792 0.852822 -0.166643 0.986015 -0.002106 -0.841082 -0.141033 0.522198
3.753429 -161.703613 394.543693 3616.070282 0.515823 0.125092 0.847513 0.037348 0.985058 -0.168125 -0.855881 0.118376 0.503444
3.934268 -170.736562 1044.026407 2472.655067 0.535125 0.108085 0.837830 -0.063965 0.994118 -0.087392 -0.842348 -0.006826 0.538891
3.784609 -169.362143 1329.104631 -7417.935668 0.545989 0.079440 0.834018 -0.210761 0.976503 0.044963 -0.810849 -0.200328 0.549902
2.213994 -162.773714 -835.995044 -1160.996109 0.520820 0.050308 0.852183 -0.355311 0.920460 0.162813 -0.776209 -0.387586 0.497269
2.618218 -147.905302 -1297.882629 -7121.010187 0.496567 0.080518 0.864256 -0.276973 0.958335 0.069855 -0.822622 -0.274063 0.498178
-19.820535 -300.141710 1455.648898 -65744.554277 -0.160011 -0.125523 0.979102 0.959858 -0.251266 0.124654 0.230368 0.959744 0.160690
-22.277536 -364.902685 3421.168714 -77934.282060 -0.123597 -0.191747 0.973631 0.873024 -0.487452 0.014827 0.471755 0.851836 0.227647
-22.772303 -852.628686 8732.872470 -388446.787674 -0.078421 -0.170903 0.982162 0.921519 -0.388286 0.006014 0.380332 0.905553 0.187940
-35.980035 -519.065881 -5815.531961 -272640.725132 -0.053879 -0.080749 0.995277 0.998299 0.017893 0.055494 -0.022289 0.996574 0.079648
-11.631428 -189.650266 11422.016355 -50194.320465 -0.281023 -0.096630 0.954824 0.955641 0.063249 0.287664 -0.088189 0.993309 0.074569
7.554644 -209.782156 14664.176417 -17356.976200 -0.252093 -0.120437 0.960179 0.958278 -0.169211 0.230370 0.134727 0.978194 0.158069
1.059054 -98.252013 2542.117714 28807.315518 0.312793 0.461107 0.830386 0.048994 0.865258 -0.498926 -0.948557 0.196744 0.248055
1.573678 -72.911497 2847.954283 6036.269702 0.302863 0.358352 0.883096 0.165369 0.892798 -0.419003 -0.938577 0.272938 0.211135
-2.781380 -79.541825 6605.412402 23048.918719 0.321165 0.453734 0.831251 0.056985 0.866902 -0.495211 -0.945307 0.206414 0.252563
-1.549976 -118.753889 4223.905307 41485.928968 0.320173 0.508211 0.799507 -0.036043 0.849856 -0.525782 -0.946673 0.139524 0.290418
-25.781486 -154.284119 7203.147327 -15096.084744 0.484458 0.131581 0.864862 0.493184 0.775464 -0.394240 -0.722544 0.617529 0.310787
-33.031007 -154.822528 5921.776525 -26378.649459 0.426976 0.133164 0.894404 0.524243 0.769460 -0.364828 -0.736790 0.624658 0.258731
-35.000344 -138.258537 5599.420920 -3890.139055 0.431343 0.140204 0.891227 0.419051 0.843688 -0.335541 -0.798962 0.518203 0.305166
-192.082797 -7629.258726 -86704.741643 5967164.085299 -0.518072 -0.406199 -0.752731 -0.391529 0.895048 -0.213526 0.760464 0.184094 -0.622738
-267.798818 -33427.842632 114364.948540 -43538444.576013 0.196939 0.621896 0.757932 0.426093 0.641953 -0.637449 -0.882983 0.448488 -0.138560
-101.617888 -27707.565070 109049.214126 23455079.155974 0.457282 0.589633 0.665753 0.801550 -0.597547 -0.021330 0.385241 0.543388 -0.745868
-1.675525 -133.786294 -286.802811 4558.735107 -0.105713 0.991271 -0.078776 -0.964261 -0.082832 0.251672 -0.242950 -0.102566 -0.964601
-2.874792 -122.947645 -264.919129 10502.672583 -0.124062 0.990062 -0.066221 -0.844785 -0.070378 0.530457 -0.520525 -0.121752 -0.845121
-2.527423 -128.563599 -268.239560 5423.639233 -0.088323 0.993123 -0.076849 -0.962743 -0.065315 0.262412 -0.255588 -0.097163 -0.961891
-383.530502 -4270.343916 401899.616939 3850512.093050 -0.277211 -0.060337 0.958913 0.055630 0.995344 0.078712 -0.959197 0.075164 -0.272564
-2428.446557 -9464.123490 723184.566674 6147375.877122 -0.681304 -0.403736 0.610591 0.272318 0.634475 0.723384 -0.679461 0.659120 -0.322325
-990.919993 -2086.912405 443754.437473 -32982.175018 -0.491721 -0.321607 0.809185 -0.262145 0.940856 0.214641 -0.830356 -0.106580 -0.546946
-633.660768 -1646.975797 366122.758833 -813115.408261 -0.228263 0.002545 0.973596 -0.564901 0.814111 -0.134571 -0.792958 -0.580703 -0.184394
14.492160 -292.460299 3303.356494 14025.672378 -0.199367 0.332321 0.921854 0.699809 -0.610232 0.371329 0.685945 0.719152 -0.110901
3.967015 -258.584703 3375.506979 -29547.487629 -0.183696 0.313563 0.931630 0.860216 -0.407367 0.306725 0.475693 0.857747 -0.194900
15.616090 -263.491449 3362.297531 -46855.342827 -0.176990 0.358696 0.916521 0.939255 -0.216676 0.266180 0.294066 0.907959 -0.298558
-4.010647 -306.170834 -5090.883515 -6128.981138 0.210563 -0.271765 -0.939046 -0.617246 0.707929 -0.343284 0.758071 0.651905 -0.018682
24.468378 -260.997563 3261.710972 -20285.868020 -0.151292 0.394856 0.906201 0.899062 -0.326068 0.292177 0.410851 0.858934 -0.305669
8.699757 -299.912985 -4573.978027 -36671.915164 0.227532 -0.277474 -0.933401 -0.410517 0.841868 -0.350334 0.883009 0.462889 0.077644
12.944083 -288.366109 -539.382548 -36013.682167 0.147320 -0.348452 -0.925677 -0.357177 0.853993 -0.378312 0.922346 0.386364 0.001352
21.968074 -296.499217 -1157.894654 -41676.385631 0.142175 -0.420105 -0.896269 -0.610035 0.675881 -0.413574 0.779515 0.605555 -0.160185
14.598457 -34.968934 -1782.973238 6755.681214 0.157826 0.939426 -0.304254 0.493645 -0.341912 -0.799632 0.855223 0.023991 0.517705
15.446066 -40.709242 1718.896071 7758.828470 0.170113 0.894857 -0.412664 0.401348 -0.445378 -0.800349 0.899989 0.029472 0.434914
16.199678 -33.644166 -6363.040316 -246.614444 0.244150 0.898767 -0.364156 0.440711 -0.437337 -0.783907 0.863808 -0.030903 0.502872
3.984532 -44.533860 3627.400128 1693.105543 0.041776 0.935879 0.349836 0.992252 0.002143 -0.124222 -0.117006 0.352315 -0.928538
-1.895473 -47.599225 2281.044000 1158.139009 -0.052767 0.935932 0.348205 0.956362 0.147710 -0.252098 -0.287380 0.319708 -0.902884
18.709311 -38.438770 7416.671157 1053.481074 0.211520 0.918025 0.335393 0.969886 -0.154759 -0.188072 -0.120750 0.365074 -0.923114
38.319025 27.669304 -16206.181645 -1542.028565 0.941821 0.187797 0.278757 -0.200248 0.979604 0.016612 -0.269952 -0.071466 0.960218
46.022356 24.382136 -21662.577503 -470.717326 0.958730 -0.073402 0.274680 0.039891 0.991271 0.125658 -0.281506 -0.109515 0.953289
45.880356 27.342335 -2275.164279 3068.926269 0.975943 -0.216419 0.026429 -0.212831 -0.971965 -0.099932 -0.047316 -0.091903 0.994643
-6.628678 -49.121611 4950.356019 -5214.643263 0.469202 0.842420 0.264911 -0.690226 0.536962 -0.485036 0.550851 -0.044732 -0.833404
-5.776599 -58.475459 3813.067465 -2526.110687 0.325123 0.929022 0.176674 -0.821123 0.370006 -0.434573 0.469098 0.003781 -0.883138
-2.643970 -45.476532 9217.021220 -5640.352164 0.310191 0.928091 0.205981 -0.785051 0.372264 -0.495091 0.536169 0.008132 -0.844072
-2.369774 -30.501048 9883.794920 -6245.936229 0.502621 0.781748 0.369110 -0.592868 0.622436 -0.510961 0.629190 -0.037986 -0.776322
-7.993381 -41.301664 5373.446539 -4944.403685 0.579048 0.733293 0.356349 -0.549847 0.673961 -0.493402 0.601973 -0.089766 -0.793455
-14.722849 -49.608755 -2656.771424 -6818.274233 0.516861 0.831565 0.203359 -0.657325 0.537691 -0.528026 0.548433 -0.139243 -0.824520
5.464602 -25.582046 -4447.567032 3713.366092 -0.021633 0.986035 0.165128 -0.720469 0.099136 -0.686364 0.693149 0.133818 -0.708263
10.109330 -24.589809 586.042570 3108.097423 -0.049277 0.977935 0.203016 -0.710691 0.108488 -0.695089 0.701776 0.178534 -0.689664
7.534028 -17.865370 -2879.222820 2854.967233 0.015641 0.975525 0.219333 -0.755130 0.155308 -0.636913 0.655388 0.155663 -0.739078
9.578102 -31.401627 -2080.432034 3102.604439 -0.075995 0.987005 0.141583 -0.653091 0.058025 -0.755053 0.753457 0.149847 -0.640195
2.149402 -18.302846 -5367.246158 3166.854069 -0.013778 0.989271 0.145439 -0.760057 0.084150 -0.644385 0.649710 0.119420 -0.750744
1.844893 -33.612432 -5685.354110 3669.555071 -0.070273 0.992484 0.100182 -0.661168 0.028859 -0.749683 0.746939 0.118920 -0.654171
-2.653622 -27.220649 -6323.250785 4089.164954 -0.063785 0.993914 0.089819 -0.722125 0.016154 -0.691574 0.688815 0.108972 -0.716700
14.167797 -22.004271 5786.357009 5665.406433 -0.029767 0.276569 0.960533 -0.475983 0.841088 -0.256928 -0.878951 -0.464845 0.106606
22.381637 -34.921257 6102.688550 15434.588074 -0.029182 0.219050 0.975277 -0.485103 0.849986 -0.205425 -0.873970 -0.479105 0.081458
33.335570 -15.497593 10737.768176 3855.531731 -0.089910 0.315538 0.944644 -0.469553 0.823026 -0.319606 -0.878314 -0.472296 0.074164
22.256848 -45.557400 -7342.301473 -2252.172825 0.969659 -0.222389 0.101515 -0.109842 -0.767325 -0.631780 -0.218396 -0.601461 0.768471
29.040321 -49.477197 -8680.620616 -692.516413 0.962504 -0.255030 0.092446 -0.108742 -0.674952 -0.729805 -0.248519 -0.692387 0.677376
6.698585 -44.763911 -7231.732483 -1371.069847 0.953115 -0.301168 0.029497 -0.212471 -0.735433 -0.643424 -0.215471 -0.606990 0.764942
-0.978672 -76.562655 79.865682 4738.780546 -0.068134 -0.351840 -0.933577 0.482473 0.807435 -0.339512 0.873257 -0.473558 0.114740
-0.343210 -67.130045 -450.976078 2935.221720 -0.092848 -0.390183 -0.916044 0.488315 0.783932 -0.383405 0.867714 -0.482916 0.117746
-3.361281 -79.563826 88.313591 3242.971012 -0.014033 -0.305580 -0.952063 0.658599 0.713614 -0.238753 0.752363 -0.630378 0.191240
-1.868581 -92.006557 677.009101 4430.676867 0.001844 -0.271622 -0.962402 0.671900 0.713132 -0.199983 0.740640 -0.646269 0.183818
-3.861469 -89.632089 877.960144 810.320465 0.056280 -0.232977 -0.970852 0.814215 0.573480 -0.090419 0.577830 -0.785393 0.221969
-5.825250 -79.261978 203.277956 1517.533313 0.034287 -0.272288 -0.961605 0.794044 0.591699 -0.139234 0.606893 -0.758782 0.236496
0.211901 -121.161865 -440.362120 14535.200865 0.841791 0.431600 -0.324206 -0.537827 0.619237 -0.572091 0.046154 -0.655947 -0.753394
-0.805865 -116.453428 -101.155735 13889.138065 0.833860 0.445045 -0.326515 -0.549541 0.613852 -0.566736 0.051791 -0.652012 -0.756438
-0.936964 -134.463953 -406.821619 7157.274417 0.854286 0.420576 -0.305470 -0.479092 0.409083 -0.776609 0.201660 -0.809795 -0.550968
0.714548 -142.898682 -581.898630 8545.070463 0.862672 0.411995 -0.293354 -0.464663 0.416591 -0.781371 0.199713 -0.810378 -0.550820
-0.893091 -144.813538 -486.502854 -3071.620010 0.869857 0.413490 -0.269024 -0.355741 0.147986 -0.922794 0.341754 -0.898402 -0.275822
-2.249901 -135.902347 -339.805395 -4620.453104 0.860506 0.422334 -0.284893 -0.369859 0.133345 -0.919469 0.350334 -0.896578 -0.270948
-11.705454 -46.098834 56.059239 4400.742610 0.075659 -0.098250 -0.992281 0.937886 -0.330903 0.104276 -0.338595 -0.938536 0.067112
-9.095860 -37.234546 704.163230 3212.955521 0.144819 -0.079867 -0.986230 0.938064 -0.305977 0.162525 -0.314744 -0.948683 0.030609
-11.607780 -43.673440 262.932127 -2091.275418 0.190693 -0.130753 -0.972903 0.941204 -0.257202 0.219046 -0.278873 -0.957471 0.074019
-8.440863 -45.768592 578.792410 8480.701479 0.012377 -0.030832 -0.999448 0.925324 -0.378470 0.023134 -0.378974 -0.925100 0.023846
-12.671997 -49.909203 202.354353 -861.126353 0.144745 -0.159003 -0.976610 0.944810 -0.270968 0.184149 -0.293910 -0.949365 0.111006
-11.904689 -53.425762 92.743591 4168.756264 0.081804 -0.142598 -0.986394 0.924367 -0.359181 0.128585 -0.372630 -0.922310 0.102430
-10.312463 -54.720734 36.377237 6968.632279 0.025953 -0.079325 -0.996511 0.902841 -0.426122 0.057434 -0.429192 -0.901181 0.060558
-3.057496 -121.891840 -666.076407 9438.805372 0.185193 -0.157456 -0.970006 0.829814 0.553817 0.068529 0.526415 -0.817615 0.233222
-1.692824 -109.369566 -225.129641 5258.614795 0.171394 -0.154315 -0.973042 0.759546 0.649726 0.030747 0.627466 -0.744340 0.228569
-2.197204 -132.059846 -613.434883 10995.056925 0.155833 -0.173863 -0.972362 0.870410 0.489578 0.051955 0.467014 -0.854450 0.227625
-4.469015 -138.961966 -194.888336 11574.599302 0.164602 -0.158705 -0.973509 0.923192 0.372311 0.095399 0.347308 -0.914438 0.207799
-4.639704 -130.197990 -106.758798 8487.352198 0.189125 -0.136249 -0.972455 0.900555 0.418855 0.116457 0.391450 -0.897773 0.201916
-3.698559 -126.467496 -1498.309038 8033.675732 -0.125851 0.400374 0.907669 0.598696 0.760198 -0.252313 -0.791027 0.511664 -0.335374
-1.372765 -126.266991 -974.837941 8120.801287 -0.136964 0.379827 0.914862 0.600883 0.766099 -0.228106 -0.787516 0.518483 -0.333159
-5.825256 -144.110183 -1084.024549 14290.817603 -0.130802 0.388596 0.912077 0.435936 0.848814 -0.299124 -0.890422 0.358481 -0.280429
10.033288 -44.334448 4034.040646 -2622.564003 0.096021 0.981693 0.164494 0.885632 -0.008826 -0.464304 0.454352 -0.190264 0.870267
5.760611 -45.361785 -4507.981302 -1393.549197 0.121228 0.974743 0.187561 0.875885 -0.016139 -0.482249 0.467042 -0.222744 0.855720
9.041906 -47.668837 2774.497797 -2365.537446 0.085097 0.979853 0.180685 0.839865 0.027028 -0.542122 0.536083 -0.197884 0.820644
12.792132 -45.548442 7042.529320 -3310.114760 0.065437 0.984339 0.163691 0.876096 0.021854 -0.481641 0.477676 -0.174926 0.860945
-10.045340 -162.251493 -1338.219109 -9396.480863 0.779755 -0.035716 0.625066 -0.598547 0.250311 0.760976 0.183640 0.967506 -0.173803
-12.385393 -163.258510 -1686.614570 -11248.519101 0.785674 -0.061092 0.615617 -0.569533 0.317124 0.758330 0.241555 0.946414 -0.214362
-9.092976 -147.228415 -935.002076 -11373.491381 0.774233 -0.036069 0.631872 -0.548886 0.458789 0.698740 0.315098 0.887813 -0.335412
-7.535303 -149.871911 -267.033586 -10760.517481 0.775310 -0.025404 0.631070 -0.570974 0.398913 0.717536 0.269970 0.916637 -0.294776
-8.049635 -137.702113 -16.734224 -7710.280009 0.777768 -0.029372 0.627864 -0.499915 0.576588 0.646244 0.381000 0.816507 -0.433769
-8.495417 -133.114155 -501.918691 -10326.362120 0.771943 -0.042076 0.634297 -0.471703 0.630980 0.615922 0.426145 0.774657 -0.467234
-66.572185 -121.176354 12304.418522 -12246.201458 -0.445846 0.274381 0.852019 0.406062 0.910279 -0.080658 -0.797706 0.310011 -0.517260
-43.670727 -127.595467 6555.534080 -8837.020108 -0.368990 0.271589 0.888867 0.447439 0.890147 -0.086238 -0.814644 0.365893 -0.449975
-59.891543 -131.078180 9663.179813 -1622.838096 -0.489548 0.195156 0.849857 0.544570 0.829620 0.123183 -0.681018 0.523110 -0.512415
-83.488011 -128.149742 8671.906384 -3057.223502 -0.674843 -0.018342 0.737734 0.326598 0.889035 0.320859 -0.661756 0.457472 -0.593968
-59.473837 -138.253695 -4539.833132 5977.794740 0.611069 -0.131504 -0.780578 0.592600 0.729772 0.340967 -0.524805 0.670925 -0.523870
-37.724121 -133.793273 4356.383968 6103.990314 -0.425199 0.243766 0.871656 0.737668 0.651365 0.177679 -0.524454 0.718541 -0.456778
-20.100956 -61.808878 -934.753829 1416.932120 0.268005 -0.046833 -0.962278 0.062234 0.997573 -0.031218 0.961405 -0.051520 0.270270
-18.019091 -64.063291 -706.949120 709.952530 0.261626 -0.039621 -0.964356 0.171218 0.985215 0.005972 0.949861 -0.166677 0.264541
-20.099217 -63.310177 777.949191 -97.281856 0.215169 -0.091637 -0.972268 0.123053 0.990197 -0.066094 0.968793 -0.105419 0.224336
-18.136800 -62.469462 -1055.537247 1925.720533 0.304810 0.003915 -0.952405 0.091959 0.995198 0.033522 0.947963 -0.097800 0.302986
-22.390616 -62.308308 933.645119 68.639707 0.214700 -0.136225 -0.967133 0.013404 0.990543 -0.136547 0.976588 0.016353 0.214496
-19.115897 -59.698949 -1627.891283 3449.878540 0.309976 0.011581 -0.950674 0.006928 0.999872 0.014439 0.950719 -0.011062 0.309856
-20.452651 -56.553963 -2442.824622 2367.303796 0.306745 -0.005279 -0.951777 -0.047011 0.998680 -0.020690 0.950630 0.051090 0.306092
-22.157621 -58.387641 -907.747036 2208.862820 0.267735 -0.075620 -0.960521 -0.028901 0.995836 -0.086456 0.963059 0.050908 0.264434
-0.016836 -161.991012 -1715.818923 -9612.438836 0.752906 -0.319451 0.575399 0.393516 -0.482271 -0.782662 -0.527520 -0.815700 0.237396
1.445581 -160.298743 31.549983 -12436.068379 0.759750 -0.295545 0.579166 0.371390 -0.533886 -0.759628 -0.533713 -0.792224 0.295858
0.431092 -152.777743 -1392.915505 -20420.816402 0.759897 -0.317034 0.567491 0.276230 -0.632775 -0.723390 -0.588434 -0.706459 0.393270
-0.100755 -173.163747 -767.517805 -5693.448259 0.757877 -0.299099 0.579795 0.477420 -0.351416 -0.805343 -0.444627 -0.887156 0.123534
-0.726195 -170.514566 33.134068 -21240.634125 0.771320 -0.306871 0.557580 0.358953 -0.513699 -0.779273 -0.525565 -0.801214 0.286074
-0.753612 -179.113718 -1527.799916 -9711.849690 0.755235 -0.320676 0.571653 0.482774 -0.317758 -0.816063 -0.443339 -0.892299 0.085168
74.639173 17.864325 -8942.278605 23691.949575 0.486432 -0.295644 -0.822179 0.873705 0.159332 0.459623 -0.004886 -0.941917 0.335810
69.270622 11.469479 6138.658971 21320.658145 0.331878 -0.242955 -0.911499 0.942761 0.118753 0.311608 0.032536 -0.962741 0.268460
55.414027 -8.156888 -1487.803922 26773.738070 0.588497 -0.262729 -0.764621 0.808479 0.197937 0.554240 0.005732 -0.944349 0.328896
54.975745 -13.039492 -8837.343486 -30299.899141 0.740913 -0.310270 -0.595634 -0.668988 -0.262809 -0.695259 -0.059180 -0.913599 0.402286
84.303335 18.011095 -19914.313550 25469.293902 0.609997 -0.347563 -0.712112 0.790424 0.203406 0.577802 -0.055975 -0.915328 0.398799
46.433130 -1986.901043 49653.288219 1455932.816990 0.876858 0.136028 0.461104 0.360788 -0.820092 -0.444163 -0.317729 -0.555829 0.768181
47.107254 -895.825370 33846.178693 398087.612723 0.941654 0.186605 0.280117 0.320704 -0.750036 -0.578442 -0.102158 -0.634527 0.766119
2.487688 -735.944695 -1160.117645 412593.650044 0.944890 0.099191 0.312001 0.318802 -0.495598 -0.807928 -0.074488 -0.862870 0.499907
52.767587 -898.939265 35398.077345 -196267.543762 0.937274 0.182016 0.297300 -0.239704 0.955746 0.170562 -0.253098 -0.231127 0.939426
23.937931 -950.466412 7198.602751 788427.437248 0.892177 0.050795 0.448821 0.402921 -0.538593 -0.739981 -0.204144 -0.841034 0.500986
5.136164 -1269.393509 -101307.421649 46111.713256 0.848810 0.262698 0.458815 -0.200065 0.962884 -0.181186 -0.489383 0.061999 0.869862
15.089176 -953.631802 -63938.649803 -270414.195219 0.852448 0.173164 0.493303 -0.225728 0.972981 0.048523 -0.471572 -0.152715 0.868503
19.326101 -765.787781 -44192.860652 558611.479112 0.853595 0.082875 0.514302 0.421054 -0.691082 -0.587468 -0.306738 -0.718009 0.624799
24.301067 -686.662398 -52475.713245 263651.197443 0.860495 0.103183 0.498900 0.311277 -0.881711 -0.354530 -0.403305 -0.460368 0.790827
89.004177 -235.430044 -23316.623805 -69636.463191 0.827934 -0.184488 0.529612 0.553965 0.121773 -0.823586 -0.087449 -0.975262 -0.203020
50.479282 -230.695368 -15170.883103 -44439.802399 0.806881 -0.280351 0.519949 0.561703 0.091680 -0.822243 -0.182847 -0.955509 -0.231449
88.969283 -175.593707 -24945.742592 -49162.576814 0.833264 -0.229640 0.502929 0.495390 -0.093779 -0.863594 -0.245480 -0.968747 -0.035619
8.259668 -3839.396267 17607.811335 1416506.637400 0.724295 0.409149 0.554971 -0.556556 -0.128178 0.820863 -0.406990 0.903420 -0.134876
-116.140755 -4492.684735 34217.983157 1382931.624204 0.688705 0.497354 0.527565 -0.398359 -0.348402 0.848485 -0.605802 0.794516 0.041821
46.955556 -5296.486559 71274.805565 7887684.373158 0.725931 0.308391 0.614751 -0.014812 0.900639 -0.434316 -0.687608 0.306178 0.658370
-40.326324 -10496.082833 -25500.954054 -5983263.793222 0.743928 0.481095 0.463810 -0.636793 0.720822 0.273698 0.202650 0.498962 -0.842597
-8.649738 -2351.005929 -7140.256110 318309.349500 0.795348 0.402580 0.453156 -0.588366 0.692511 0.417437 0.145764 0.598630 -0.787652
10.992589 -48.258518 -2598.097954 2150.384037 0.087148 -0.975729 -0.200892 0.987657 0.110972 -0.110537 0.130148 -0.188779 0.973357
15.099693 -44.397091 -3203.549881 1949.792906 0.100300 -0.971759 -0.213598 0.983436 0.129403 -0.126920 0.150976 -0.197330 0.968642
15.186138 -49.504351 -3246.162379 1442.812891 0.122054 -0.970410 -0.208344 0.992135 0.125159 -0.001736 0.027761 -0.206494 0.978054
13.016723 -41.871100 3781.357964 1343.158873 -0.044143 0.978679 0.200598 0.970263 0.089833 -0.224765 0.237993 -0.184711 0.953541
10.956784 -50.293264 -1430.388005 177.194083 0.081931 -0.976298 -0.200325 0.996633 0.079608 0.019641 -0.003228 -0.201259 0.979533
7.666528 -50.280822 -409.149194 1423.214459 0.057435 -0.980013 -0.190460 0.992068 0.077392 -0.099054 0.111814 -0.183260 0.976685
7.513744 -45.889768 758.750210 2144.431637 -0.035014 0.980237 0.194703 0.972320 0.078447 -0.220091 0.231015 -0.181607 0.955851
4.089348 -81.879836 856.760991 2045.490182 0.115152 -0.226077 -0.967279 0.405684 0.899551 -0.161952 0.906731 -0.373761 0.195301
2.482523 -83.284362 442.973210 3674.093108 0.119548 -0.210664 -0.970221 0.528755 0.840620 -0.117372 0.840313 -0.498978 0.211884
2.521743 -90.829579 -200.176875 5084.973389 0.139629 -0.198378 -0.970129 0.546339 0.832539 -0.091609 0.825844 -0.517228 0.224628
4.065228 -81.309386 58.938925 3980.106839 0.134615 -0.206421 -0.969159 0.437232 0.890071 -0.128846 0.889217 -0.406403 0.210071
18.024416 -0.893820 -4637.307755 11556.705424 0.866731 0.487671 -0.104667 -0.492461 0.869990 -0.024487 0.079118 0.072768 0.994206
8.031256 -27.037640 -2058.851863 13785.844032 0.879205 0.461509 -0.118358 -0.466536 0.884332 -0.017350 0.096661 0.070472 0.992819
7.325363 -13.638343 -3188.811157 9313.266514 0.826809 0.555344 -0.089327 -0.557252 0.830333 0.004254 0.076534 0.046260 0.995993
-25.233695 -41.407838 141.067705 -872.692449 0.715297 -0.519492 -0.467417 -0.688690 -0.637508 -0.345382 0.118559 -0.568957 0.813776
-25.186707 -38.914585 -57.962871 627.307188 0.630885 -0.582936 -0.512025 0.737739 0.655058 0.163216 0.240262 -0.480712 0.843321
-26.484793 -38.762476 617.025039 664.362904 0.697247 -0.565545 -0.440460 0.701854 0.663550 0.259041 0.145768 -0.489755 0.859588
11.798211 -179.627789 -2857.579069 17260.842852 0.674385 0.694014 -0.252090 0.469078 -0.139018 0.872147 -0.570237 0.706412 0.419298
10.023580 -153.642613 -2461.985347 5445.463463 0.705272 0.682032 -0.193455 0.533200 -0.330474 0.778771 -0.467215 0.652396 0.596733
3.735717 -149.843411 -919.765313 19210.967460 0.687702 0.691143 -0.222231 0.481887 -0.205609 0.851769 -0.543001 0.692853 0.474451
-668.092612 -10948.481268 478985.883426 13581687.488561 0.413821 0.753487 0.510891 -0.302398 -0.415558 0.857827 -0.858666 0.509479 -0.055886
-2116.950893 -4829.762638 2000314.348144 4105810.192206 0.319078 0.782429 0.534785 -0.715082 -0.171563 0.677661 -0.621971 0.598641 -0.504758
-6769.280014 -13580.582418 6671451.181976 30762165.034357 0.235805 0.954099 0.184636 -0.200663 -0.138096 0.969878 -0.950858 0.265751 -0.158889
-1605.850843 -6344.682150 1111671.700976 5597999.682047 0.264369 0.762509 0.590498 0.158252 -0.638281 0.753361 -0.951349 0.105718 0.289410
209.291667 -9310.465733 -16283.432909 -12248503.078378 0.462432 0.610487 0.643011 -0.121849 0.762085 -0.635909 -0.878243 0.215714 0.426799
38.488166 -130.041467 18753.009065 -51159.070191 0.642729 -0.121827 -0.756345 0.212401 0.976909 0.023140 0.736061 -0.175521 0.653763
53.878280 -339.731705 20795.815074 -185517.604543 0.648615 -0.058139 -0.758893 0.061403 0.997825 -0.023963 0.758636 -0.031055 0.650775
-10.766280 -160.004584 26370.249574 -51613.877683 0.630777 -0.081245 -0.771699 0.189945 0.980415 0.052039 0.752358 -0.179405 0.633855
-1.501058 -95.387259 26965.680715 -18700.070460 0.611609 -0.165765 -0.773599 0.331810 0.941397 0.060608 0.718218 -0.293757 0.630770
-54.827250 -83.277371 905.958558 5161.525273 0.326483 0.935187 -0.137235 -0.034036 0.156729 0.987055 -0.944590 0.317586 -0.082999
-44.447526 -74.830004 -1743.346645 1116.355771 0.359167 0.907468 0.217947 -0.119572 -0.186861 0.975082 -0.925582 0.376278 -0.041393
-39.578989 -69.928360 -853.548341 3096.771671 0.417351 0.810977 0.410042 -0.135425 -0.390676 0.910512 -0.898598 0.435533 0.053222
45.658297 -44.001127 14575.428177 2772.850665 -0.213243 0.976853 0.016933 0.748076 0.152105 0.645946 -0.628418 -0.150411 0.763195
20.825684 -62.040590 3154.410176 2901.392618 -0.149942 0.987995 0.037189 0.759388 0.090997 0.644244 -0.633125 -0.124840 0.763916
19.573624 -79.836109 -1277.009972 14637.191613 -0.095619 0.992049 0.081828 0.841646 0.036681 0.538782 -0.531497 -0.120388 0.838462
-50.082064 -276.657485 -64270.254772 246096.051920 -0.134836 -0.932540 0.334946 0.922803 0.004941 0.385240 -0.360907 0.361034 0.859884
-90.033513 -372.679636 89897.918907 4690.948476 0.279257 0.900167 -0.334236 0.769049 -0.001247 0.639188 -0.574959 0.435542 0.692622
-36.239071 -1798.213868 -60967.469007 2284194.923588 -0.030128 -0.949441 0.312495 0.991196 -0.068705 -0.113181 0.128929 0.306334 0.943153
67.826013 -103.765285 -11467.206762 23395.362550 0.559867 0.781461 0.275443 0.683401 -0.623478 0.379788 -0.468522 0.024393 0.883115
2.282935 -16.713192 -7346.366715 2506.027877 0.655509 0.678800 0.330966 0.690977 -0.362265 -0.625552 -0.304727 0.638745 -0.706503
-7.039986 -18.348923 -6332.527487 4307.161472 0.543246 0.719009 0.433485 0.795368 -0.275410 -0.539944 -0.268838 0.638103 -0.721492
-0.941962 -29.426834 3865.102347 2344.660907 0.571413 0.683687 0.453938 0.774545 -0.266472 -0.573649 -0.271235 0.679386 -0.681811
94.320146 -81.534420 27273.912251 -6167.122755 0.709851 0.585527 -0.391496 0.307746 0.242137 0.920142 -0.633564 0.773645 0.008312
96.534106 -72.834118 22568.587259 -6323.973094 0.692944 0.634031 -0.343268 0.169276 0.319728 0.932266 -0.700838 0.704115 -0.114227
115.927909 -83.376490 11424.270725 -1484.089809 0.538143 0.750210 -0.384171 0.254221 0.290097 0.922613 -0.803601 0.594162 0.034606
108.625330 -86.769830 21662.899334 -4826.407169 0.625141 0.654795 -0.424784 0.363796 0.237059 0.900808 -0.690544 0.717667 0.090016
-3.858644 -27.915504 3758.630921 1769.377392 0.258413 0.956843 0.132948 -0.832382 0.150698 0.533321 -0.490269 0.248480 -0.835400
3.082611 -28.832333 3688.070014 2232.425182 0.240935 0.960504 0.139220 -0.825724 0.127482 0.549480 -0.510030 0.247346 -0.823826
9.110612 -35.166370 2305.612009 2681.782101 0.164516 0.974043 0.155484 -0.866260 0.067289 0.495041 -0.471729 0.216132 -0.854844
-9.360573 -92.460341 1529.383820 685.513257 -0.008023 0.999569 0.028237 0.419741 0.028997 -0.907181 0.907609 -0.004574 0.419792
0.647116 -95.353926 592.322950 -1699.268594 0.067177 -0.978321 -0.195894 0.994766 0.080824 -0.062515 0.076993 -0.190669 0.978630
-0.232631 -90.674577 671.885813 1256.982158 0.098829 -0.975162 -0.198222 0.992318 0.081682 0.092911 -0.074412 -0.205882 0.975744
-24.848693 -57.725071 6739.826870 -1519.672281 -0.084733 -0.479288 0.873558 -0.358794 0.832576 0.422001 -0.929563 -0.277670 -0.242512
-12.204014 -50.439991 4725.305064 -1437.117289 0.009857 -0.620254 0.784339 -0.385353 0.721437 0.575353 -0.922717 -0.307919 -0.231905
-24.042897 -56.616835 5417.190320 -1249.227573 -0.090379 -0.423838 0.901217 -0.264135 0.882715 0.388648 -0.960242 -0.202917 -0.191729
-34.909006 -63.033385 5201.500931 -1938.329411 -0.198747 -0.271312 0.941748 -0.229473 0.947088 0.224423 -0.952807 -0.171503 -0.250490
-23.046217 -52.128332 4670.083365 349.135822 -0.087072 -0.350916 0.932350 -0.160881 0.928573 0.334470 -0.983126 -0.120874 -0.137308
-32.777384 -59.446901 4309.008852 -618.255265 -0.173057 -0.214317 0.961311 -0.135068 0.971981 0.192380 -0.975607 -0.096550 -0.197155
-1.906627 -83.679504 -5121.697021 24282.258788 -0.480042 -0.487173 -0.729535 0.186768 0.755797 -0.627606 0.857133 -0.437531 -0.271826
22.857299 -52.289528 -11458.202925 17639.788890 -0.467826 -0.473188 -0.746480 0.139799 0.794354 -0.591149 0.872694 -0.380912 -0.305468
-9.847325 -43.423405 161.357617 -2943.273546 0.073509 0.993345 -0.088672 -0.301088 -0.062659 -0.951535 0.950759 -0.096645 -0.294479
-11.853395 -62.184498 -169.265202 -10358.214226 0.102444 0.994008 -0.038122 -0.366241 0.002058 -0.930518 0.924864 -0.109288 -0.364257
-36.059225 -67.936796 7152.680978 -2448.059218 -0.421674 0.903480 -0.076906 -0.452065 -0.282994 -0.845903 0.786020 0.321929 -0.527763
14.749368 -75.442318 945.569536 -1746.356113 0.908994 0.402416 0.108587 -0.358960 0.623394 0.694642 -0.211843 0.670404 -0.711112
35.752742 -68.909084 2701.057752 3089.276098 0.969321 0.239657 -0.054594 -0.162388 0.791130 0.589698 -0.184517 0.562741 -0.805776
20.306084 -81.784847 1008.652435 -3776.231267 0.871939 0.449456 0.194193 -0.455799 0.600303 0.657179 -0.178799 0.661533 -0.728289
