14459
28908
-29.789225 -45.196715 351.150280 2575.394031 -0.046783 0.902203 0.428768 0.122204 -0.420844 0.898864 -0.991402 -0.094449 0.090564
-23.498502 -39.307067 -618.344850 4137.377689 -0.125753 0.922717 0.364389 0.267683 -0.322122 0.908066 -0.955265 -0.211733 0.206488
-22.397278 -35.564380 -258.094749 2477.041779 0.046922 0.718037 0.694421 0.280000 -0.676771 0.680867 -0.958853 -0.162490 0.232806
-19.359301 -30.592224 -960.309227 3064.091327 -0.106091 0.853361 0.510412 0.386800 -0.437464 0.811795 -0.916041 -0.283552 0.283669
-26.299457 -42.211390 -246.625967 2442.565885 0.089523 0.712247 0.696197 0.141399 -0.701012 0.698991 -0.985897 -0.035866 0.163467
-19.047670 -28.744361 -222.927064 -1314.802042 0.167754 0.452286 0.875954 -0.325848 0.864044 -0.383733 -0.930420 -0.221055 0.292323
-22.938907 -35.412633 56.871048 -1725.939015 0.199964 0.495377 0.845350 -0.204319 0.864890 -0.458497 -0.958263 -0.081038 0.274161
33.292747 -21.935910 -6797.948792 686.417586 0.496706 -0.707704 0.502432 0.867919 0.405072 -0.287461 -0.000084 0.578853 0.815432
60.810507 -39.147412 -5979.946454 764.896728 0.488503 -0.824801 0.284725 0.862110 0.405877 -0.303364 0.134651 0.393659 0.909342
47.123511 -36.258593 -6093.136855 3141.111627 0.341083 -0.831128 0.439191 0.939489 0.317291 -0.129179 -0.031987 0.456675 0.889058
39.746981 -41.265073 -6336.923342 4769.129813 0.170144 -0.818264 0.549086 0.972294 0.230042 0.041533 -0.160298 0.526806 0.834733
24.425191 -23.623144 -6163.816712 3061.558174 0.251011 -0.766732 0.590860 0.964384 0.250683 -0.084393 -0.083411 0.590999 0.802348
-32.630728 -56.202932 -1858.708647 1511.878969 -0.864598 -0.438270 0.245743 -0.437031 0.897264 0.062616 -0.247939 -0.053260 -0.967311
-26.705791 -52.598523 -2182.339531 2466.132938 -0.843102 -0.517537 0.146066 -0.488309 0.850568 0.195162 -0.225242 0.093216 -0.969833
-24.033169 -53.332067 -2665.555414 362.023388 -0.902893 -0.412460 0.121085 -0.417837 0.908260 -0.021810 -0.100981 -0.070286 -0.992402
-17.502035 -48.417984 -2847.753181 1369.935000 -0.877978 -0.475762 0.052960 -0.465247 0.874110 0.139561 -0.112691 0.097892 -0.988796
-11.811953 -45.617275 3428.665323 -907.041515 0.938048 0.346368 -0.009766 -0.345921 0.934455 -0.084456 0.020127 -0.082602 -0.996379
26.823944 -32.523106 470.685632 -593.386181 0.098546 0.988762 0.112418 -0.147774 -0.097175 0.984236 -0.984099 0.113605 -0.136537
22.807446 -35.317176 -1131.156674 1994.701333 0.043397 0.993439 0.105812 0.034179 -0.107326 0.993636 -0.998473 0.039504 0.038612
19.012607 -34.321323 -2460.337723 -108.272225 -0.040980 0.998797 0.026915 -0.035894 -0.028392 0.998952 -0.998515 -0.039971 -0.037014
25.666511 -33.300942 -2704.634835 -2086.420873 -0.031753 0.998726 0.039221 -0.242084 -0.045758 0.969176 -0.969736 -0.021280 -0.243229
13.885416 -33.842706 -3974.766077 -1025.022225 -0.122836 0.989294 -0.078796 -0.130022 0.062671 0.989529 -0.983873 -0.131795 -0.120931
5.298468 -34.304922 -2702.832273 -125.450901 -0.097281 0.992154 -0.078528 0.024734 0.081288 0.996384 -0.994950 -0.094987 0.032448
-3.731982 -51.599301 1136.121703 -1560.947841 0.096616 0.866606 0.489551 0.531253 -0.460830 0.710919 -0.841686 -0.191389 0.504910
-0.118678 -56.624622 927.568190 -703.963039 0.070393 0.866896 0.493493 0.703220 -0.394002 0.591815 -0.707479 -0.305375 0.637354
1.474728 -54.146929 1210.383119 -1520.652013 0.135448 0.827195 0.545347 0.630778 -0.496454 0.596366 -0.764050 -0.263216 0.589020
-1.650305 -47.152858 579.499082 -1688.276147 0.121008 0.817732 0.562736 0.458697 -0.548810 0.698859 -0.880315 -0.173558 0.441502
2.853423 -53.164778 182.580874 -1778.243648 0.144713 0.790712 0.594838 0.625116 -0.539059 0.564487 -0.766999 -0.290154 0.572296
1.806784 -82.300379 -335.457526 -1712.790826 -0.245567 0.956017 0.160400 -0.416883 0.045234 -0.907834 0.875160 0.289802 -0.387440
2.691432 -86.652779 -190.319807 -1564.958984 -0.250077 0.956354 0.151157 -0.479946 0.013145 -0.877199 0.840900 0.291915 -0.455711
2.115221 -89.835461 -388.837032 -1757.956163 -0.261150 0.956235 0.131967 -0.617256 -0.060315 -0.784447 0.742156 0.286315 -0.605993
-1.815606 -54.350333 198.254594 1928.262032 0.252966 0.889745 0.379951 0.967141 -0.222242 -0.123475 -0.025420 0.398701 -0.916729
-1.327424 -51.303535 279.786417 1738.989628 0.251401 0.880279 0.402376 0.966986 -0.246334 -0.065259 0.041672 0.405498 -0.913145
-1.812974 -46.898184 213.703059 2254.417426 0.260781 0.887595 0.379695 0.950489 -0.304915 0.059973 0.169006 0.345256 -0.923166
-3.051841 -44.245500 494.471676 2851.142932 0.249100 0.893505 0.373628 0.942090 -0.312997 0.120412 0.224533 0.321996 -0.919730
-3.347702 -52.709328 518.921046 2425.980312 0.254448 0.889794 0.378845 0.966747 -0.244406 -0.075271 0.025616 0.385400 -0.922394
-1.828801 -39.246093 428.234023 -2071.648838 0.231009 0.899201 0.371582 -0.910761 0.334203 -0.242533 0.342270 0.282395 -0.896161
-0.399816 -40.548803 -135.566032 -1861.508290 0.261804 0.890239 0.372737 -0.910331 0.356056 -0.210999 0.320555 0.284074 -0.903630
-2.176452 -32.115356 560.426233 671.951956 -0.131444 -0.692068 -0.709764 0.920115 -0.351631 0.172465 -0.368932 -0.630395 0.683002
-3.496601 -34.370076 988.334265 816.255456 -0.146905 -0.670731 -0.727007 0.866415 -0.441853 0.232576 -0.477226 -0.595723 0.646041
-1.160140 -33.654171 402.010740 688.759984 -0.126224 -0.691773 -0.710997 0.876263 -0.413724 0.246973 -0.465006 -0.591847 0.658397
-9.503841 -27.769169 -17.307827 -536.854976 0.732434 -0.680344 -0.025929 -0.555207 -0.574806 -0.601118 -0.394063 -0.454675 0.798740
-11.128367 -28.402311 517.440672 -134.562436 0.611965 -0.772078 -0.171450 0.715777 0.448471 0.535291 -0.336396 -0.450299 0.827084
-11.895836 -27.215624 -42.051518 -61.884434 0.632993 -0.765489 -0.115525 0.703428 0.506407 0.498739 -0.323277 -0.396962 0.859019
-9.617221 -24.708431 1200.756532 -251.960764 -0.697714 0.716367 -0.003604 0.623839 0.610053 0.488529 -0.352165 -0.338606 0.872540
-9.564214 -25.084342 -990.139471 -280.708134 0.743501 -0.668056 0.030120 -0.544817 -0.631233 -0.552015 -0.387789 -0.394014 0.833290
1819.601780 -38.883654 389929.709700 1081.528419 0.649696 0.516737 -0.557564 -0.387569 -0.405814 -0.827711 0.653976 -0.753855 0.063384
156.599554 -8.353799 42844.461008 2721.005767 0.574310 0.686379 -0.446152 -0.289841 -0.339206 -0.894948 0.765611 -0.643291 -0.004132
281.578569 -6.984921 62715.862244 3575.927754 0.668915 0.590495 -0.451517 -0.340622 -0.296399 -0.892258 0.660703 -0.750642 -0.002870
1279.357571 -65.620327 339860.616190 5184.157276 0.865766 -0.246910 -0.435299 -0.499595 -0.375610 -0.780591 -0.029233 -0.893282 0.448545
13.134601 -28.385247 -2141.854544 -389.656196 -0.286610 -0.699648 -0.654482 0.752923 0.257937 -0.605456 0.592421 -0.666304 0.452854
9.089541 -29.027769 -1923.021592 2.344304 -0.241290 -0.712120 -0.659291 0.814250 0.221061 -0.536777 0.527993 -0.666346 0.526504
6.606709 -28.834154 -1392.561485 -153.319050 -0.272451 -0.700950 -0.659120 0.758340 0.265187 -0.595480 0.592192 -0.662076 0.459308
-4.856680 -72.874317 565.699727 2480.548272 0.890973 0.421678 -0.168387 -0.264902 0.783935 0.561492 -0.368773 0.455668 -0.810168
-3.865290 -74.095582 605.027336 -318.481256 0.897022 0.409914 -0.165296 -0.221149 0.740061 0.635140 -0.382682 0.533180 -0.754502
-3.421784 -76.084733 653.529725 753.678865 0.897844 0.418333 -0.137383 -0.321820 0.836409 0.443679 -0.300514 0.354142 -0.885593
-4.603387 -82.057462 -976.445403 3223.056191 -0.895117 -0.424006 0.137780 -0.360079 0.869787 0.337362 -0.262883 0.252367 -0.931238
-19.908669 -29.826516 -538.889156 365.516393 0.024451 0.941228 -0.336886 0.628675 0.247536 0.737220 -0.777284 0.229818 0.585674
-17.444034 -28.670057 -934.986705 483.018447 -0.073919 0.937342 -0.340479 0.640793 0.306248 0.703986 -0.764147 0.166139 0.623280
-18.898289 -27.742430 -870.318406 560.462159 -0.078751 0.911176 -0.404420 0.720917 0.332247 0.608186 -0.688532 0.243658 0.683047
-18.839293 -30.947360 -587.045378 364.961692 0.015612 0.958649 -0.284161 0.524523 0.234100 0.818580 -0.851253 0.161828 0.499179
-19.588400 -28.871698 21.404277 630.377632 0.051917 0.917006 -0.395481 0.713706 0.242928 0.656970 -0.698519 0.316365 0.641860
-19.608766 -30.272653 238.892766 90.331559 0.118014 0.929791 -0.348657 0.609365 0.209419 0.764734 -0.784058 0.302709 0.541867
-19.525325 -30.805044 197.496215 85.993372 0.105283 0.939130 -0.327032 0.523430 0.227284 0.821196 -0.845539 0.257637 0.467640
47.390854 -29.854216 1280.073679 91.385285 -0.418006 0.901080 -0.115437 0.779434 0.421010 0.463933 -0.466641 -0.103951 0.878317
47.491374 -29.784438 1229.298861 208.135075 -0.476878 0.878614 -0.025002 0.802551 0.446842 0.395277 -0.358468 -0.168433 0.918222
45.293788 -30.919086 651.800005 292.835512 -0.474191 0.880395 0.006865 0.774726 0.413547 0.478308 -0.418262 -0.232128 0.878165
44.525023 -30.916307 747.316425 -46.035207 -0.435705 0.898740 -0.049272 0.724276 0.382575 0.573638 -0.534402 -0.214251 0.817625
1.830073 -26.434573 -1631.481319 467.570638 -0.093332 -0.829724 0.550316 0.927887 0.127918 0.350232 -0.360991 0.543319 0.757951
-1.805745 -23.677506 -1219.777578 522.294513 -0.070753 -0.829545 0.553940 0.961670 0.090764 0.258754 -0.264926 0.551015 0.791326
4.713098 -25.302199 -1506.811231 603.433247 -0.053267 -0.826922 0.559788 0.956576 0.118624 0.266255 -0.286576 0.549662 0.784695
-1.816618 -5.814668 -1034.082289 -355.200559 0.443355 0.895134 0.046592 0.853937 -0.406008 -0.325499 0.272448 -0.184099 0.944394
-0.292372 -5.319082 -1372.774291 -755.981400 -0.034493 0.980738 0.192258 0.970167 0.079050 -0.229187 0.239971 -0.178617 0.954207
5.852650 -6.485203 -2320.273343 -209.830119 0.155917 0.974471 0.161544 0.948034 -0.101710 -0.301474 0.277347 -0.200154 0.939690
2.473623 -2.943158 -2235.697294 1272.807371 0.293363 0.947597 0.126480 0.902520 -0.230887 -0.363522 0.315270 -0.220795 0.922960
-8.064393 -18.721744 -145.873009 -86.449596 -0.165089 0.975360 -0.146352 0.842532 0.216607 0.493174 -0.512723 0.041888 0.857532
-6.724599 -18.178508 -204.756990 176.275412 0.006006 0.999935 -0.009724 0.849131 0.000036 0.528183 -0.528149 0.011429 0.849075
-8.629266 -18.042614 -247.128406 -33.159564 -0.005457 0.999906 -0.012614 0.882263 0.010752 0.470635 -0.470726 0.008560 0.882238
-8.081782 -18.432624 1916.603277 -2315.411895 0.826382 -0.560753 -0.051470 0.300517 0.516472 -0.801839 -0.476217 -0.647158 -0.595319
-10.960734 -26.283709 1512.294464 -1957.647940 0.850409 -0.518973 -0.086432 0.293300 0.604028 -0.741030 -0.436782 -0.604828 -0.665886
-5.265608 -21.927766 2422.810364 -1768.105443 0.770302 -0.628411 0.108326 0.467383 0.440817 -0.766311 -0.433806 -0.640921 -0.633271
1.677033 -14.772425 2993.351367 -1902.436454 0.660513 -0.698866 0.274426 0.586991 0.252763 -0.769125 -0.468150 -0.669102 -0.577181
-0.705175 -22.564766 1906.051594 -1504.749714 0.669139 -0.704940 0.235188 0.603621 0.330977 -0.725325 -0.433469 -0.627307 -0.646985
-48.333143 -1088.681943 -25.695587 46658.031901 0.897145 0.105325 0.428996 0.263992 -0.906490 -0.329520 -0.354174 -0.408879 0.841058
-128.841954 -1748.045878 15060.387047 -380127.968115 0.892154 0.173409 0.417121 -0.078920 -0.849351 0.521895 -0.444783 0.498530 0.744067
-137.823688 -837.404805 -7612.458725 194109.629620 0.661744 0.210977 0.719433 0.017924 0.954863 -0.296505 -0.749515 0.209106 0.628094
-143.580166 -1900.671117 23706.611466 499737.347437 0.944185 -0.178973 0.276555 0.169990 -0.454399 -0.874428 -0.282166 -0.872634 0.398613
-174.611473 -1023.128573 7482.819779 226978.594754 0.939922 -0.012799 0.341148 0.305290 -0.415719 -0.856724 -0.152787 -0.909403 0.386836
17.624351 -132.477720 2997.085780 19719.083228 0.882546 0.443291 0.156862 0.166585 -0.606701 0.777280 -0.439730 0.659854 0.609287
25.916211 -90.463456 3552.637275 9565.576289 0.844729 0.525140 0.103248 0.344053 -0.680611 0.646836 -0.409951 0.510878 0.755608
42.830527 -262.575420 6962.048152 41976.775224 0.848847 0.466143 0.249337 0.099306 -0.603869 0.790873 -0.519227 0.646570 0.558883
50.543312 -129.391551 7035.666717 -20112.398388 0.791750 0.589578 0.159779 -0.348325 0.650640 -0.674786 -0.501797 0.478607 0.720510
25.959589 -184.735053 3799.285228 23670.488543 0.868237 0.446102 0.217156 -0.048404 -0.359434 0.931914 -0.493782 0.819634 0.290481
46.529470 -239.361925 6827.293954 29584.363900 0.808658 0.515283 0.283822 -0.139728 -0.300415 0.943518 -0.571444 0.802642 0.170934
-29.683138 -39.361778 -1476.822008 295.857332 0.726154 -0.349112 0.592301 -0.508700 0.306729 0.804451 0.462519 0.885459 -0.045139
-30.170565 -38.986563 -1270.843283 -740.386270 0.683024 -0.313685 0.659606 -0.475913 0.493921 0.727701 0.554062 0.810952 -0.188074
-26.064376 -38.337965 -1099.360341 -191.563492 0.782834 -0.286648 0.552272 -0.445362 0.361716 0.819033 0.434540 0.887127 -0.155501
-33.086176 -39.974159 -960.815901 -196.681711 0.620831 -0.437305 0.650640 -0.512970 0.401001 0.758986 0.592816 0.804961 -0.024629
-26.233446 -38.529221 -972.302188 597.579492 0.807266 -0.297818 0.509535 -0.474438 0.186047 0.860404 0.351042 0.936318 -0.008893
-29.676604 -38.941439 -1674.940443 1062.809469 0.752073 -0.381991 0.537093 -0.533981 0.124520 0.836277 0.386330 0.915739 0.110327
-32.159712 -39.661085 -1198.087929 1085.228151 0.661286 -0.440198 0.607394 -0.563876 0.242306 0.789514 0.494717 0.864589 0.087984
-6.697658 -11.228528 -330.770441 -176.929900 0.167124 0.842514 0.512093 -0.831428 0.399589 -0.386078 0.529903 0.361246 -0.767271
-4.842788 -20.022532 1921.934690 2097.194088 -0.582559 -0.484820 -0.652360 -0.582598 0.808737 -0.080775 0.566749 0.333008 -0.753592
0.899414 -13.540378 -1675.456553 -629.353880 -0.464704 -0.585905 -0.663902 -0.685100 0.712918 -0.149621 0.560971 0.385309 -0.732699
-19.927597 -41.297921 -2.627036 10251.670626 -0.080009 0.957678 0.276498 -0.859352 0.074285 -0.505960 0.505087 0.278090 -0.817039
6.641090 -12.779611 458.514180 660.938818 -0.398233 0.903317 -0.159467 -0.796244 -0.426733 -0.428829 0.455418 0.043799 -0.889200
6.823328 -13.319847 -193.135903 935.166231 -0.340998 0.924263 -0.171637 -0.816999 -0.381690 -0.432233 0.465009 0.007164 -0.885277
8.291291 -15.860535 104.894791 1036.391373 -0.376444 0.910989 -0.168491 -0.777066 -0.409509 -0.477987 0.504439 0.049007 -0.862055
6.980706 -15.225548 419.707288 780.375295 -0.457119 0.871432 -0.177901 -0.740103 -0.483624 -0.467285 0.493244 0.081940 -0.866023
4.705676 -12.935144 463.035051 471.160046 -0.465000 0.868096 -0.173738 -0.762410 -0.492413 -0.419834 0.450007 0.062764 -0.890817
21.154218 -29.839384 -2430.287135 9.057679 -0.422503 0.857991 -0.292135 0.421798 -0.099157 -0.901252 0.802233 0.504004 0.320004
22.054718 -29.560553 121.706136 -291.597033 -0.509603 0.801058 -0.314022 0.358817 -0.133856 -0.923760 0.782020 0.583428 0.219220
20.087678 -29.794548 -2434.514954 -296.645930 -0.422762 0.860371 -0.284665 0.340682 -0.140191 -0.929668 0.839767 0.490008 0.233846
21.559820 -29.341197 542.596740 15.149274 -0.521350 0.784903 -0.334844 0.449076 -0.081302 -0.889787 0.725620 0.614261 0.310094
17.871039 -27.229964 -385.510129 -311.532632 0.427456 -0.821482 0.377424 0.757135 0.097179 -0.645989 0.493991 0.561893 0.663513
15.745962 -24.211831 -1553.404953 -259.189209 0.447566 -0.776381 0.443754 0.792964 0.115166 -0.598284 0.413391 0.619653 0.667187
15.629409 -25.631010 -1780.298685 -379.971832 0.497129 -0.754399 0.428656 0.736424 0.105591 -0.668229 0.458849 0.647868 0.608050
2.844846 -36.107314 236.153960 75.747538 -0.189391 0.841782 -0.505504 -0.139322 0.486575 0.862458 -0.971967 -0.233770 -0.025126
3.117598 -35.000871 192.573292 101.963407 -0.204032 0.838495 -0.505268 -0.191910 0.471853 0.860538 -0.959969 -0.272544 -0.064643
2.230275 -35.106529 458.664252 63.775419 -0.178015 0.833235 -0.523479 -0.258375 0.473732 0.841914 -0.949501 -0.285127 -0.130956
1.476349 -35.461570 152.166732 -452.847836 -0.178896 0.819607 -0.544279 -0.317786 0.475416 0.820361 -0.931133 -0.319724 -0.175410
2.468992 -37.086865 8.915774 129.714218 -0.186950 0.827610 -0.529255 -0.164487 0.504776 0.847434 -0.968501 -0.245484 -0.041764
1.223846 -34.656497 448.681263 -682.954869 -0.172752 0.822888 -0.541307 -0.413780 0.438093 0.798036 -0.893836 -0.361844 -0.264813
-2.417322 -31.220497 -452.425060 1454.077546 -0.177813 0.689413 -0.702205 -0.675290 0.433563 0.596662 -0.715797 -0.580287 -0.388461
-3.473586 -27.030639 -406.911685 1978.314968 -0.206848 0.709679 -0.673476 -0.661228 0.405950 0.630858 -0.721104 -0.575813 -0.385290
-5.267545 -40.544016 -534.450604 5849.660859 -0.179498 0.682736 -0.708274 -0.683083 0.431609 0.589161 -0.707939 -0.589563 -0.388893
-3.558278 -27.224751 -333.650942 -2633.813453 -0.220011 0.722814 -0.655084 -0.650168 0.391982 0.650870 -0.727239 -0.569113 -0.383710
-3.556462 -49.263386 -995.258856 6330.225888 -0.148415 0.650331 -0.745012 -0.724280 0.441467 0.529647 -0.673344 -0.618205 -0.405501
-2.191876 -33.292168 -689.372202 -3616.786896 -0.279799 0.742145 -0.609043 -0.608813 0.353356 0.710272 -0.742334 -0.569527 -0.352959
0.034152 -34.350937 -458.565859 -2187.791839 -0.211957 0.719120 -0.661770 -0.648770 0.402881 0.645588 -0.730870 -0.566174 -0.381151
-0.839129 -37.207111 -705.451618 2680.702173 -0.140620 0.663997 -0.734393 -0.695745 0.461461 0.550448 -0.704390 -0.588354 -0.397082
-5.937854 -70.559122 114.673801 -2161.498934 -0.163264 0.875030 -0.455705 -0.388788 0.367461 0.844877 -0.906746 -0.315110 -0.280208
-6.093777 -69.076760 101.170164 -2244.630145 -0.141845 0.874372 -0.464062 -0.273896 0.415832 0.867217 -0.951242 -0.250115 -0.180503
-4.215270 -63.892231 327.431753 -1853.903947 -0.116083 0.864327 -0.489350 -0.428470 0.400903 0.809747 -0.896068 -0.303669 -0.323801
-4.540071 -60.722855 290.969396 -2273.287821 -0.152870 0.868852 -0.470879 -0.591207 0.301407 0.748083 -0.791900 -0.392746 -0.467595
-5.135714 -63.880867 75.874480 -1391.702289 -0.184697 0.870748 -0.455725 -0.493248 0.318945 0.809309 -0.850055 -0.374262 -0.370586
-5.910916 -69.763768 -10.305939 -2893.321340 -0.203489 0.874361 -0.440550 -0.367772 0.348752 0.862042 -0.907378 -0.337438 -0.250599
-3.706619 -59.483336 223.049226 -2254.085914 -0.121806 0.860577 -0.494541 -0.595045 0.335470 0.730329 -0.794408 -0.383233 -0.471220
-1.694061 -57.541494 445.680095 -968.221367 -0.082912 0.850483 -0.519427 -0.535169 0.401688 0.743129 -0.840666 -0.339595 -0.421848
-1.844194 -62.295682 593.628681 -2467.628772 -0.076360 0.857806 -0.508270 -0.393999 0.442313 0.805683 -0.915934 -0.261779 -0.304200
0.118824 -58.765287 726.089936 -1341.216986 -0.057319 0.845208 -0.531355 -0.496600 0.437578 0.749609 -0.866085 -0.306838 -0.394649
0.460325 -63.885493 651.803724 -2237.557180 -0.060247 0.845149 -0.531124 -0.359200 0.478089 0.801503 -0.931314 -0.239068 -0.274774
-2.353826 -67.097880 952.366665 -2218.532843 -0.051074 0.863334 -0.502042 -0.182892 0.486112 0.854544 -0.981805 -0.135465 -0.133069
49.201433 -26.955090 982.201539 -418.175172 -0.218322 0.975382 0.031073 0.973485 0.215449 0.076869 -0.068282 -0.047031 0.996557
40.917038 -30.553670 -3468.065474 -336.337830 0.181424 -0.980747 0.072255 0.983387 0.180485 -0.019376 0.005962 0.074570 0.997198
41.080991 -30.025833 62.905771 -338.431437 0.262135 -0.959026 -0.107487 0.964355 0.264490 -0.008020 0.036121 -0.101554 0.994174
39.961258 -28.288487 -3964.483224 -804.001155 0.083876 -0.980978 0.175063 0.992715 0.097510 0.070778 -0.086502 0.167851 0.982010
40.109431 -28.526027 4776.448615 -661.178663 0.321392 -0.902045 -0.288136 0.946820 0.311073 0.082249 0.015439 -0.299247 0.954051
55.500947 -22.935693 5571.923607 -1831.840094 -0.128763 0.980150 -0.150749 0.963946 0.159404 0.213069 -0.232869 0.117879 0.965337
56.539115 -23.344736 1355.517558 -1969.296204 0.267601 -0.950891 -0.155548 0.944895 0.227388 0.235517 -0.188581 -0.210001 0.959342
2.741683 -11.247150 2720.303257 1351.898982 -0.366726 0.923507 0.112459 -0.893845 -0.383280 0.232673 -0.257978 0.015194 -0.966031
-7.157567 -13.673259 1463.946763 2011.573369 -0.429925 0.898139 0.092251 -0.873136 -0.439596 0.210686 -0.229778 -0.010032 -0.973191
-7.586818 -10.409798 954.081096 1177.398745 -0.566426 0.817273 0.105956 -0.785162 -0.574235 0.231895 -0.250365 -0.048159 -0.966953
-0.108928 -66.175605 207.214908 -6204.975900 0.126977 0.951539 -0.280090 -0.766099 0.273444 0.581654 -0.630055 -0.140720 -0.763694
0.539570 -74.276060 -142.940312 -4764.018153 0.110088 0.951683 -0.286671 -0.649844 0.287156 0.703736 -0.752053 -0.108818 -0.650057
1.002096 -81.842646 350.810148 -5354.635314 0.108479 0.954937 -0.276274 -0.555650 0.288692 0.779686 -0.824309 -0.068932 -0.561928
-4.629669 -60.178939 188.245495 -1981.916181 -0.042577 0.871212 -0.489057 -0.355137 -0.470729 -0.807646 0.933844 -0.139295 -0.329442
-5.873385 -58.549109 -571.213371 -1593.301775 -0.033125 0.863216 -0.503746 -0.402567 -0.472852 -0.783805 0.914791 -0.176828 -0.363166
-5.535520 -56.379585 -240.621080 -374.221451 -0.034044 0.872444 -0.487526 -0.248295 -0.479898 -0.841455 0.968086 -0.092404 -0.232961
-2.491584 -61.739746 500.253724 -553.394611 -0.119363 0.895321 -0.429129 0.621582 0.404422 0.670879 -0.774202 0.186661 0.604788
0.314318 -57.203724 371.795040 -745.842090 -0.100381 0.904230 -0.415081 0.651233 0.375119 0.659683 -0.752210 0.204094 0.626519
-0.487992 -56.314263 227.500837 186.850311 -0.127311 0.888446 -0.440971 0.512776 0.439521 0.737484 -0.849031 0.132229 0.511530
-1.600364 -55.788999 424.765348 462.987293 -0.141544 0.861421 -0.487770 0.319976 0.506093 0.800928 -0.936793 0.042708 0.347268
-3.029409 -60.573219 299.470427 737.833136 -0.154293 0.871959 -0.464630 0.452809 0.480373 0.751136 -0.878156 0.094493 0.468950
12.671930 -75.728878 -2100.861049 -7389.967546 0.140062 0.989541 -0.034521 0.225400 -0.065814 -0.972041 0.964146 -0.128365 0.232260
8.882810 -80.233571 -1660.756208 -1888.679110 0.115907 0.991622 -0.057013 -0.114428 -0.043686 -0.992471 0.986647 -0.121558 -0.108406
7.313020 -74.818394 -2493.522742 -2819.140136 0.182404 0.983003 -0.020815 0.055246 -0.031383 -0.997979 0.981670 -0.180886 0.060032
8.708411 -72.116176 -2783.445393 -4850.822233 0.207958 0.978029 0.014577 0.327085 -0.055487 -0.943365 0.921829 -0.200948 0.331437
3.231866 -70.683481 -1184.211309 -2494.317108 0.166209 0.985984 0.014518 0.147200 -0.010250 -0.989054 0.975042 -0.166527 0.146841
6.717792 -59.697560 -3749.063536 2149.758369 0.123583 0.965958 -0.227273 0.966187 -0.169356 -0.194423 0.226295 0.195561 0.954226
-0.828239 -65.688222 2668.353487 2279.041032 -0.111730 -0.963537 0.243133 0.985906 -0.138138 -0.094378 0.124523 0.229162 0.965391
11.920321 -63.436902 4475.624737 2114.945639 -0.169710 -0.960698 0.219678 0.985308 -0.169743 0.018866 0.019165 0.219653 0.975390
-52.962382 -1453.377427 -9864.522429 -131446.665659 0.123380 0.979307 -0.160419 -0.094212 0.172483 0.980497 -0.987877 0.105860 -0.113544
-2894.793103 -3830.738565 -676631.588849 -818496.956552 0.750308 -0.128900 0.648400 0.343184 0.914242 -0.215374 -0.565033 0.384117 0.730200
426.144915 -637.844485 4242755.203465 -111184.892843 -0.547185 0.435226 0.714959 0.335185 0.896639 -0.289293 -0.766968 0.081347 -0.636508
556.690804 -1094.233578 167881.372456 8506681.486661 -0.079184 0.868958 -0.488510 0.875181 0.295223 0.383279 -0.477272 0.397185 0.783872
-468.785829 -4364.622464 -82085.496340 -1103992.117484 -0.136149 0.990074 0.034882 -0.342807 -0.080118 0.935983 -0.929488 -0.115476 -0.350312
-290.146309 -3817.511644 -83978.045865 4295968.551000 -0.394238 0.898173 -0.194579 0.809953 0.439618 0.388217 -0.434227 0.004550 0.900792
845.380666 -10235.517759 369608.520249 11819749.199900 -0.676192 0.736705 -0.005421 0.362267 0.326085 -0.873173 0.641503 0.592396 0.487381
-1.948542 -17.308990 -1858.340459 1486.797919 0.996810 0.077383 0.019518 0.069627 -0.962776 0.261180 -0.039002 0.258988 0.965093
-5.390845 -21.372331 -1538.832353 677.400131 0.997527 0.070280 -0.000119 0.065568 -0.930027 0.361596 -0.025302 0.360709 0.932335
1.707790 -19.753273 -1517.580544 1210.074211 0.993084 0.117351 -0.003544 0.112604 -0.943505 0.311639 -0.033227 0.309883 0.950194
-13.936399 -22.875378 161.555528 666.925398 -0.328624 0.915137 -0.233516 0.800059 0.138344 -0.583752 0.501908 0.378661 0.777627
-11.518379 -22.127908 -177.261709 469.120302 -0.353457 0.914980 -0.194627 0.747147 0.150936 -0.647294 0.562885 0.374206 0.736974
-12.776621 -22.248922 371.130047 411.816382 -0.207281 0.906372 -0.368137 0.843765 -0.024798 -0.536139 0.495070 0.421753 0.759625
-7.347774 -54.043063 165.051588 -16.204018 -0.102478 0.870256 -0.481823 0.150633 -0.465211 -0.872289 0.983264 0.161969 0.083415
-6.693766 -52.950076 91.162646 -336.241534 -0.130399 0.862137 -0.489608 0.087108 -0.481953 -0.871857 0.987628 0.156338 0.012253
-7.289391 -53.212999 -180.213661 155.100916 -0.102710 0.874608 -0.473827 0.277835 -0.432164 -0.857929 0.955122 0.219763 0.198609
-118.794588 -1768.090474 5025.526003 -364745.869886 -0.450296 0.193948 -0.871560 0.781619 0.557497 -0.279767 0.431632 -0.807206 -0.402632
-216.604194 -9125.467890 -31544.500894 2173547.299242 0.635313 0.133367 0.760652 -0.550204 0.769335 0.324653 0.541898 0.624769 -0.562147
-263.779654 -696.260124 29000.996271 137289.916378 0.392552 0.722797 0.568742 -0.819106 0.555985 -0.141229 0.418292 0.410421 -0.810300
-14.345213 -403.191831 4575.098195 -73751.107445 -0.392496 0.291332 0.872395 -0.533015 0.700948 -0.473885 -0.749561 -0.650998 -0.119835
-12.494469 -334.139163 -3754.814024 80135.864508 0.391662 -0.240768 -0.888049 0.801351 -0.385025 0.457813 -0.452148 -0.890947 0.042140
0.662699 -368.790024 -1679.631463 78761.530913 0.443205 -0.287865 -0.848942 0.785979 -0.330602 0.522436 -0.431054 -0.898797 0.079731
-7.149063 -29.256664 223.946635 823.263500 -0.087651 0.974590 -0.206136 -0.959750 -0.138049 -0.244585 0.266827 -0.176401 -0.947463
-5.676348 -28.455619 583.461986 830.838795 -0.105350 0.979795 -0.170007 -0.958392 -0.145647 -0.245502 0.265302 -0.137069 -0.954372
-6.625683 -29.184921 299.163180 -492.347153 -0.059090 0.981059 -0.184477 -0.908417 -0.129462 -0.397515 0.413868 -0.144093 -0.898861
-7.535535 -29.965901 -182.671820 470.183343 -0.068554 0.969991 -0.233278 -0.941101 -0.140479 -0.307561 0.331102 -0.198454 -0.922490
-7.011545 -27.851579 56.206085 -1315.256892 -0.037243 0.980176 -0.194596 -0.834026 -0.137756 -0.534251 0.550467 -0.142401 -0.822622
-7.602672 -29.671506 312.994089 -1190.635038 -0.068973 0.974177 -0.214992 -0.866196 -0.165392 -0.471539 0.494921 -0.153702 -0.855236
-6.024020 -28.271342 246.044631 -1252.112850 -0.035876 0.985905 -0.163416 -0.851481 -0.115758 -0.511449 0.523156 -0.120797 -0.843632
-5.559822 -28.427475 544.833613 -1166.378300 -0.061434 0.988480 -0.138323 -0.863703 -0.122105 -0.488987 0.500243 -0.089430 -0.861254
-26.272648 -51.533798 -951.688845 5622.156577 -0.169599 0.982863 0.072226 0.105438 -0.054771 0.992916 -0.979857 -0.176013 0.094342
-17.314503 -47.745067 -2602.154112 6851.686358 -0.270528 0.952802 0.137783 0.259423 -0.065676 0.963528 -0.927100 -0.296405 0.229411
80.106457 -54.690111 -6569.951092 -3161.649785 0.566657 -0.815770 0.115841 0.761006 0.464271 -0.453125 0.315865 0.344922 0.883888
83.765349 -58.921575 4253.582956 -423.963918 -0.433379 0.900821 -0.026542 0.860217 0.404704 -0.310229 0.268719 0.157278 0.950291
55.795588 -35.286430 -8199.374625 -2358.567497 0.643192 -0.681437 0.349210 0.756165 0.493507 -0.429727 0.120494 0.540457 0.832699
-31.941290 -50.443831 -1913.081825 3477.750114 -0.810593 -0.542177 0.221322 -0.464426 0.825388 0.321005 -0.356717 0.157417 -0.920854
-21.389490 -45.347215 -2374.293202 2785.755899 -0.808260 -0.584476 0.071445 -0.531960 0.776828 0.336982 -0.252459 0.234363 -0.938796
23.747729 -32.690156 1433.697088 1849.882195 0.154957 0.968438 0.195234 -0.009356 -0.196174 0.980525 -0.987877 0.153766 0.021338
1.122876 -27.759210 385.121467 -629.345922 -0.232539 -0.676349 -0.698911 0.930149 0.055302 -0.362993 0.284161 -0.734502 0.616246
0.146905 -31.083082 -91.178213 -629.215189 -0.272407 -0.695740 -0.664636 0.869375 0.118011 -0.479855 0.412289 -0.708534 0.572711
-0.097230 -29.850856 706.511369 -595.629118 -0.236243 -0.662500 -0.710832 0.889450 0.147107 -0.432711 0.391239 -0.734475 0.554507
1.482253 -28.386036 -431.445325 -514.436248 -0.250491 -0.705011 -0.663486 0.917524 0.045773 -0.395037 0.308875 -0.707718 0.635399
-0.603443 -28.105921 729.469446 -822.821722 -0.204857 -0.661881 -0.721074 0.917457 0.126835 -0.377074 0.341036 -0.738801 0.581264
0.034080 -26.423686 689.437819 -687.959668 -0.219942 -0.668348 -0.710589 0.946633 0.029706 -0.320943 0.235610 -0.743256 0.626146
0.972171 -25.673211 574.030202 121.954497 -0.221438 -0.668661 -0.709830 0.956484 -0.007097 -0.291699 0.190010 -0.743534 0.641135
1.972663 -26.583260 -70.909081 -312.547557 -0.224087 -0.693230 -0.684995 0.952840 -0.008250 -0.303360 0.204648 -0.720670 0.662386
1.656826 -27.547764 -341.564799 405.854474 -0.153349 -0.707625 -0.689747 0.988030 -0.121616 -0.094897 -0.016733 -0.696044 0.717805
1.659790 -27.340130 -67.169268 753.992712 -0.157475 -0.694765 -0.701786 0.986504 -0.142951 -0.079843 -0.044849 -0.704888 0.707900
1.616540 -28.581141 -152.019085 869.575226 -0.133933 -0.703304 -0.698159 0.985324 -0.169740 -0.018030 -0.105825 -0.690327 0.715716
1.012442 -30.252878 12.147902 618.193373 -0.109710 -0.704828 -0.700843 0.974748 -0.214266 0.062897 -0.194499 -0.676245 0.710537
1.346149 -29.269040 113.662773 582.063938 -0.125536 -0.701168 -0.701858 0.985729 -0.168131 -0.008345 -0.112153 -0.692890 0.712268
-6.151363 -53.777422 798.397131 -1512.868349 0.019810 0.892015 0.451572 0.569574 -0.381272 0.728160 -0.821701 -0.242779 0.515621
1.085812 -86.990163 -873.303551 1599.462521 -0.276538 0.957799 0.078407 -0.891395 -0.225166 -0.393340 0.359086 0.178665 -0.916044
-0.363719 -85.106580 -522.996654 435.988864 -0.282315 0.954233 0.098680 -0.861464 -0.206911 -0.463754 0.422111 0.215934 -0.880451
0.489670 -92.089659 -648.873659 -1614.304280 -0.266065 0.958107 0.106020 -0.746681 -0.135285 -0.651279 0.609653 0.252445 -0.751395
-0.957973 -57.064724 248.918548 1003.040684 0.240221 0.884323 0.400332 0.957278 -0.147422 -0.248769 -0.160975 0.442989 -0.881957
-1.161857 -54.768543 28.650371 1362.298954 0.233384 0.884387 0.404218 0.968221 -0.172928 -0.180675 -0.089886 0.433539 -0.896641
-1.759043 -47.807693 -196.038842 1780.723088 0.250391 0.886048 0.390157 0.958250 -0.284285 0.030636 0.138061 0.366197 -0.920239
-4.541756 -32.967495 880.078647 906.357139 -0.154170 -0.678230 -0.718495 0.911473 -0.378315 0.161536 -0.381376 -0.629985 0.676514
-5.997494 -35.473706 757.842756 1008.899372 -0.182373 -0.672256 -0.717504 0.852700 -0.471465 0.224996 -0.489533 -0.570783 0.659215
-7.556945 -55.464029 358.643655 208.669819 0.909327 0.396944 -0.124737 0.413628 -0.829871 0.374468 -0.045127 0.392109 0.918811
-8.289433 -61.090736 371.912241 1167.183183 0.889925 0.435929 -0.134161 0.437598 -0.733098 0.520648 -0.128613 0.522047 0.843164
-6.873881 -57.102036 -216.143754 529.657531 0.899413 0.427094 -0.092990 0.429628 -0.824636 0.367962 -0.080471 0.370901 0.925179
-6.653860 -63.045376 -520.846917 1290.178784 0.882131 0.461982 -0.091747 0.435172 -0.724891 0.534002 -0.180193 0.510986 0.840490
-6.666145 -53.365182 13.781304 952.701788 0.912056 0.399686 -0.091682 0.410015 -0.892395 0.188465 0.006489 0.209481 0.977791
-5.377206 -55.966601 -647.320613 1548.919736 0.896744 0.438810 -0.057404 0.441268 -0.876734 0.191363 -0.033643 0.196934 0.979839
-4.838106 -62.165477 -1159.905508 1620.429967 0.882813 0.467186 -0.048767 0.447120 -0.803969 0.392069 -0.143962 0.367928 0.918642
81.627377 -17.506344 26269.192711 1580.708679 0.637093 0.633884 -0.438525 -0.222565 -0.393411 -0.892016 0.737955 -0.665897 0.109559
1.880296 -30.337113 -725.590863 912.877560 -0.246697 -0.701473 -0.668638 0.777128 0.269014 -0.568949 0.578975 -0.659975 0.478769
2.141349 -29.947775 -1081.853097 1597.202942 -0.214599 -0.715450 -0.664890 0.829136 0.226351 -0.511174 0.516218 -0.660982 0.544630
6.612579 -27.676899 -2074.142327 -624.470235 -0.216108 -0.725323 -0.653608 0.878338 0.147931 -0.454575 0.426402 -0.672326 0.605110
-4.052619 -68.169670 86.767050 758.698364 0.885528 0.408727 -0.220867 -0.137629 0.684856 0.715563 -0.443732 0.603254 -0.662712
-3.119673 -75.454949 184.103834 -1708.714327 0.894070 0.391849 -0.217009 -0.075993 0.610145 0.788637 -0.441434 0.688606 -0.575290
-15.240385 -29.732342 -1010.114653 452.410564 -0.070776 0.961269 -0.266371 0.551437 0.260230 0.792589 -0.831208 0.090791 0.548497
-14.028033 -27.731898 -1067.430971 314.833999 -0.134185 0.936115 -0.325090 0.615265 0.335867 0.713192 -0.776816 0.104317 0.621027
0.273973 -4090.288601 -41382.889917 -1231664.627889 -0.942627 -0.292712 0.160543 -0.266595 0.949445 0.165778 -0.200952 0.113467 -0.973007
59.036874 -691.824066 -6510.238089 -136802.356521 0.870345 0.452326 -0.194680 -0.487074 0.848942 -0.205075 -0.072512 -0.273310 -0.959189
50.902515 -1089.146185 6099.451203 -272920.771258 0.921284 0.387645 -0.031098 -0.382780 0.918025 0.103486 -0.068665 0.083436 -0.994145
91.748951 -1909.773116 -36135.693553 -288660.996947 0.914650 0.401372 -0.048118 -0.284550 0.723795 0.628611 -0.287134 0.561267 -0.776230
0.995230 -22.011364 -911.075931 665.726356 -0.028417 -0.827904 0.560150 0.980956 0.084617 0.174830 -0.192140 0.554451 0.809732
-3.650281 -20.463334 -806.096482 751.476021 -0.013087 -0.829906 0.557750 0.986227 0.081263 0.144056 -0.164878 0.551954 0.817412
-1.195607 -18.947989 -423.154548 944.939289 -0.016942 -0.831899 0.554668 0.993300 0.049421 0.104462 -0.114314 0.552722 0.825488
2.035455 -19.500753 -895.359770 996.755959 0.017277 -0.824287 0.565908 0.992744 0.081504 0.088410 -0.118999 0.560274 0.819715
6.324048 -23.419523 -1392.344797 759.101320 0.009612 -0.823905 0.566646 0.978440 0.124662 0.164662 -0.206305 0.552847 0.807340
-4.260144 -5.847267 -552.398282 -423.726948 0.954362 0.210803 -0.211556 -0.168515 0.964926 0.201295 0.246569 -0.156458 0.956412
-2.228656 -6.349417 -1152.863542 -793.863990 0.940076 -0.210989 -0.267844 0.245183 0.964200 0.101011 0.236943 -0.160629 0.958152
-4.084971 -9.800428 -294.084196 -961.938881 0.934673 0.270710 -0.230439 -0.225669 0.952648 0.203804 0.274699 -0.138487 0.951505
-14.250182 -32.229119 -998.461706 368.442277 0.712824 0.583752 0.388736 0.629385 -0.287878 -0.721804 0.309446 -0.759184 0.572610
-9.592686 -30.440495 1815.655661 258.326431 -0.619523 -0.590014 -0.517759 0.721877 -0.169121 -0.671038 0.308358 -0.789482 0.530691
-10.306861 -30.273582 1573.844110 -307.155176 -0.641506 -0.599081 -0.479137 0.676170 -0.146598 -0.722014 0.362304 -0.787154 0.499123
-6.964487 -53.423298 114.780506 -557.297286 -0.430940 0.883916 0.181616 0.682204 0.187386 0.706742 -0.590668 -0.428462 0.683763
-7.599897 -51.987194 -121.727773 -713.148585 -0.424325 0.889430 0.169891 0.720799 0.218209 0.657901 -0.548085 -0.401621 0.733692
-7.113362 -50.006213 -204.423889 -190.952281 -0.434863 0.885230 0.165111 0.616669 0.159134 0.770970 -0.656211 -0.437085 0.615096
-6.031412 -52.564829 -170.348498 -44.595702 -0.441176 0.878625 0.182706 0.535613 0.094442 0.839166 -0.720057 -0.468080 0.512269
-6.365967 -50.486146 -13.006894 233.302518 -0.431342 0.891104 0.140989 0.505037 0.109000 0.856187 -0.747584 -0.440515 0.497057
-78.798601 -190.230875 2191.110595 -36743.209924 0.825883 0.142300 0.545589 -0.360510 -0.610731 0.705011 -0.433532 0.778947 0.453092
-57.854397 -293.282838 -340.791686 -50007.941758 0.712970 -0.054607 0.699065 -0.439121 -0.812029 0.384424 -0.546669 0.581057 0.602931
-81.648115 -1373.301246 -4478.222856 -321771.043118 0.938116 -0.046463 0.343190 -0.191493 -0.895284 0.402240 -0.288563 0.443067 0.848777
-81.635367 -241.787012 9234.216011 -46947.936698 0.923749 0.230596 0.305799 -0.102150 -0.621176 0.776985 -0.369125 0.748977 0.550255
13.450517 -64.074244 1340.188526 5701.007060 0.849620 0.526685 0.027355 0.377271 -0.643201 0.666302 -0.368526 0.555783 0.745180
-10.315654 -42.186526 2131.525029 -187.138917 0.324963 0.677887 0.659446 0.756048 0.232685 -0.611759 -0.568147 0.697372 -0.436901
-6.765347 -40.061769 2208.786823 124.091758 0.300148 0.653206 0.695150 0.707467 0.336388 -0.621557 -0.639844 0.678355 -0.361155
-7.595231 -41.373363 2018.343319 -110.587264 0.285668 0.651579 0.702737 0.786349 0.259767 -0.560514 -0.547767 0.712717 -0.438161
-26.385876 -38.313371 -968.240442 -563.963233 0.770449 -0.247119 0.587657 -0.416426 0.502884 0.757428 0.482698 0.828275 -0.284540
-33.363398 -39.475869 -880.188725 -1191.715286 0.571670 -0.406272 0.712837 -0.469652 0.550358 0.690314 0.672771 0.729417 -0.123816
-31.666033 -38.118469 -1007.826775 -1143.755944 0.610047 -0.334539 0.718280 -0.438960 0.611998 0.657854 0.659664 0.716618 -0.226498
-1.267952 -18.385298 1108.628770 -1428.222396 0.214875 0.777220 0.591403 -0.842939 0.453411 -0.289606 0.493236 0.436288 -0.752576
-4.119797 -22.797836 -202.622405 1246.064514 0.045133 0.866146 0.497748 0.913095 -0.237887 0.331161 0.405242 0.439545 -0.801610
-4.063978 -16.838264 -1238.778167 -1739.737826 0.218960 0.813847 0.538247 -0.851747 0.428537 -0.301468 0.476008 0.392441 -0.787024
4.800922 -10.338923 -682.981766 159.045991 -0.377102 0.894210 -0.241209 -0.816479 -0.443911 -0.369196 0.437215 -0.057717 -0.897503
5.478612 -11.231851 -366.207203 818.627443 -0.341114 0.919492 -0.195386 -0.828529 -0.392275 -0.399575 0.444051 -0.025582 -0.895636
6.312577 -10.240500 -131.943255 -83.977989 -0.371403 0.906382 -0.201326 -0.826885 -0.421517 -0.372270 0.422281 -0.028212 -0.906026
5.288622 -11.956467 -395.723543 -753.671911 -0.397659 0.885726 -0.239494 -0.820628 -0.460084 -0.338958 0.410411 -0.061746 -0.909808
5.796579 -11.130265 268.034961 -451.152453 -0.413589 0.890021 -0.191852 -0.818836 -0.455742 -0.349010 0.398061 -0.012749 -0.917270
19.810964 -30.834449 -1293.146456 -433.643534 -0.463071 0.836180 -0.293884 0.250970 -0.194302 -0.948294 0.850047 0.512884 0.119881
18.499927 -29.112390 2729.505281 -157.708452 -0.597162 0.723266 -0.346819 0.389595 -0.116419 -0.913598 0.701151 0.680685 0.212260
18.058935 -30.169490 1684.397102 -408.975003 -0.593344 0.739328 -0.318335 0.277308 -0.183518 -0.943091 0.755674 0.647854 0.096132
14.262446 -30.694425 -1409.142190 -295.709947 -0.352449 0.901346 -0.251706 0.703689 0.077944 -0.706220 0.616929 0.426029 0.661738
18.431462 -29.694542 -1762.718099 -364.520844 -0.380417 0.877228 -0.292838 0.700526 0.066605 -0.710512 0.603777 0.475431 0.639858
14.977027 -30.484566 -2391.031801 -245.294117 -0.361825 0.897609 -0.251755 0.636466 0.040527 -0.770240 0.681171 0.438925 0.585961
11.494870 -30.751752 -994.646297 -116.493761 -0.365863 0.900917 -0.233438 0.610530 0.043026 -0.790823 0.702422 0.431854 0.565779
11.137502 -31.178563 87.839234 -100.366118 -0.351232 0.906454 -0.234474 0.680596 0.075199 -0.728789 0.642981 0.415556 0.643341
3.553066 -35.931477 150.992977 -200.737713 -0.205949 0.850289 -0.484349 -0.061583 0.482717 0.873609 -0.976623 -0.209746 0.047051
3.636818 -34.698296 -21.963776 -94.970264 -0.219954 0.844437 -0.488412 -0.126775 0.471684 0.872607 -0.967238 -0.253851 -0.003305
3.319714 -34.094285 -107.007408 159.611405 -0.221904 0.833667 -0.505726 -0.238971 0.456341 0.857115 -0.945331 -0.311051 -0.097959
-4.110274 -25.500166 -258.429919 -2077.524612 -0.223018 0.723202 -0.653637 -0.651786 0.387974 0.651652 -0.724871 -0.571362 -0.384848
23.080245 -31.327915 -3076.532873 -832.313327 0.035587 -0.971334 0.235040 0.999177 0.030002 -0.027294 0.019460 0.235818 0.971602
27.532055 -30.834848 -3505.055172 -119.921375 0.164239 -0.976859 0.137009 0.978693 0.144021 -0.146351 0.123232 0.158126 0.979699
1.343622 -75.479542 -275.208898 -3741.441837 0.117739 0.946919 -0.299135 -0.649098 0.301356 0.698467 -0.751538 -0.111932 -0.650125
1.445379 -84.220241 -130.029517 -1464.265770 0.103323 0.948774 -0.298585 -0.406477 0.314258 0.857915 -0.907800 -0.032725 -0.418125
-4.454142 -65.869373 -203.312393 -2226.270014 -0.055107 0.856007 -0.514019 -0.573011 -0.448703 -0.685802 0.817693 -0.256746 -0.515228
-10.639031 -141.145554 -185.600896 4018.395346 0.170318 0.973890 -0.150097 -0.758417 0.226809 0.611033 -0.629122 -0.009766 -0.777245
-9.350994 -141.848849 -512.754592 1568.237103 0.155115 0.967810 -0.198198 -0.789683 0.242018 0.563763 -0.593583 -0.069066 -0.801804
-8.253920 -125.551283 82.839673 7083.730582 0.195922 0.962830 -0.185937 -0.527136 0.263294 0.807963 -0.826887 0.060283 -0.559128
