18129
36249
-17.729603 -30.210635 -331.158805 1784.066152 0.247315 0.923877 -0.292039 -0.782531 0.012711 -0.622482 0.571384 -0.382479 -0.726106
-19.607175 -34.098102 -459.411574 2099.845457 0.276323 0.933921 -0.226798 -0.712880 0.040909 -0.700092 0.644552 -0.355131 -0.677078
-24.246460 -38.589458 170.615880 1351.151407 0.464774 0.879102 -0.105663 -0.572398 0.207267 -0.793348 0.675533 -0.429209 -0.599528
-18.827393 -28.789460 -46.960791 1549.426774 0.025913 0.938468 -0.344392 -0.802137 -0.186075 -0.567409 0.596578 -0.290953 -0.747958
-22.158186 -34.728000 347.416738 2392.298803 0.497264 0.858646 -0.124319 -0.656239 0.278511 -0.701272 0.567520 -0.430300 -0.701970
-17.894623 -25.878646 114.041610 1329.447746 0.130560 0.911345 -0.390390 -0.865129 -0.087605 -0.493838 0.484257 -0.402213 -0.776994
-16.036646 -25.279905 107.905067 639.449110 -0.102476 0.886557 -0.451126 -0.850286 -0.313434 -0.422816 0.516249 -0.340258 -0.785947
90.120824 -48.674757 -3200.050311 -742.845404 -0.676174 -0.427997 -0.599673 -0.538143 0.842837 0.005248 0.503180 0.326258 -0.800228
92.512249 -52.265866 7290.396021 229.993384 -0.816054 -0.470867 -0.335173 -0.475184 0.876710 -0.074703 0.329025 0.098307 -0.939190
99.373380 -53.594947 -2366.260132 -963.997681 -0.620219 -0.410720 -0.668309 -0.437851 0.888161 -0.139489 0.650857 0.206106 -0.730688
102.629385 -54.219540 -5382.613586 -416.050031 -0.526390 -0.395996 -0.752397 -0.350343 0.907324 -0.232430 0.774709 0.141248 -0.616340
94.150889 -51.075962 -12889.211813 -1047.826016 -0.333676 -0.314502 -0.888678 -0.444703 0.883735 -0.145777 0.831204 0.346556 -0.434741
87.214964 -49.442203 -9857.565702 -781.532415 -0.466146 -0.329443 -0.821081 -0.529131 0.847612 -0.039688 0.709033 0.415959 -0.569430
-26.155977 -40.423431 656.084138 -320.324544 0.707422 0.484862 0.514260 -0.599911 0.027194 0.799604 -0.373713 0.874168 -0.310112
-28.040409 -40.918826 722.422433 -59.415463 0.667235 0.584122 0.462167 -0.593205 0.041487 0.803982 -0.450450 0.810605 -0.374186
-26.855731 -40.915824 446.905779 415.891178 0.665212 0.542665 0.512843 -0.564522 -0.084002 0.821133 -0.488679 0.835738 -0.250467
-25.521503 -39.219559 262.866345 343.497314 0.690128 0.455592 0.562280 -0.576449 -0.123667 0.807721 -0.437526 0.881557 -0.177280
41.497326 -16.670137 6130.381751 545.939814 0.783751 0.588561 0.198321 0.254535 -0.013117 -0.966975 0.566522 -0.808347 0.160090
24.385247 -13.388384 3866.596479 124.072837 0.746321 0.622766 0.234875 0.257897 0.054742 -0.964620 0.613591 -0.780490 0.119754
39.750910 -15.973846 4861.468569 -91.442208 0.791726 0.549094 0.267704 0.278449 0.065671 -0.958203 0.543724 -0.833177 0.100901
49.008683 -18.469906 4863.272480 387.603319 0.842005 0.468024 0.268295 0.292714 0.021393 -0.955961 0.453152 -0.883457 0.118984
44.661462 -19.185405 1469.836007 64.124923 0.875269 0.344946 0.338994 0.330889 0.084097 -0.939915 0.352729 -0.934847 0.040531
0.528710 -20.618776 2350.776627 -219.764860 0.703089 0.707233 -0.074078 -0.627276 0.567763 -0.533076 0.334950 -0.421267 -0.842818
-2.301785 -22.123780 1116.506914 -480.559462 0.705759 0.702521 -0.091480 -0.655085 0.597965 -0.461846 0.269754 -0.385879 -0.882230
1.916464 -21.463669 1413.707363 -337.375085 0.778275 0.627048 -0.033147 -0.553207 0.659739 -0.508632 0.297068 -0.414193 -0.860346
-6.046881 -9.279674 337.856299 -752.139870 0.667921 0.544049 0.507830 0.739584 -0.561356 -0.371343 0.083045 0.623611 -0.777311
-7.111195 -8.847168 165.761948 -886.243051 0.619241 0.601025 0.505281 0.783837 -0.511076 -0.352704 0.046253 0.614467 -0.787585
-5.716652 -6.693281 965.539254 116.119264 -0.389344 0.714445 0.581360 0.920309 0.275712 0.277514 0.037981 0.643079 -0.764857
-6.957555 -12.152278 248.310853 539.031014 0.746953 0.493657 0.445381 -0.658097 0.644363 0.389493 0.094711 0.584036 -0.806183
-5.370170 -6.694342 483.547730 -850.022527 0.499012 0.631975 0.592955 0.863898 -0.416722 -0.282884 0.068322 0.653414 -0.753911
-5.721284 -12.646083 242.103392 520.773734 0.734407 0.481846 0.477987 -0.665608 0.649030 0.368409 0.132712 0.588714 -0.797373
-4.686281 -9.034070 393.031321 -713.398072 0.672777 0.519941 0.526339 0.732366 -0.568933 -0.374106 0.104938 0.637163 -0.763552
1.029316 -24.290271 -100.380953 -7.761965 0.191891 0.738649 -0.646201 0.978735 -0.095391 0.181600 0.072496 -0.667307 -0.741246
0.937596 -22.434897 -87.068884 -178.556918 0.202160 0.736086 -0.645995 0.978229 -0.183360 0.097199 -0.046903 -0.651580 -0.757128
0.584490 -23.896785 91.286351 -17.386834 0.184772 0.743760 -0.642402 0.982107 -0.115518 0.148735 0.036414 -0.658389 -0.751796
0.642160 -23.458245 -140.410478 -729.800961 0.246603 0.810277 -0.531637 -0.307612 -0.454764 -0.835802 0.919001 -0.369649 -0.137105
0.767410 -25.534676 -83.667460 310.862366 0.252466 0.822861 -0.509078 -0.238025 -0.457140 -0.856952 0.937873 -0.337525 -0.080449
0.847360 -25.603346 20.739017 -293.500064 0.245222 0.816716 -0.522342 -0.284419 -0.454478 -0.844130 0.926807 -0.355563 -0.120842
1.242259 -23.355066 -114.829843 67.121505 0.248453 0.808310 -0.533766 -0.412108 -0.410478 -0.813434 0.876606 -0.422069 -0.231127
1.672563 -50.008594 -165.460721 1809.143540 0.158286 0.917863 -0.363968 0.611713 0.198198 0.765849 -0.775083 0.343867 0.530096
5.224733 -53.619702 -555.954496 939.522270 0.154792 0.921882 -0.355209 0.444663 0.256055 0.858319 -0.882221 0.290809 0.370291
5.560043 -55.480028 -1290.548223 1916.556796 0.172858 0.935867 -0.307041 0.551599 0.166281 0.817367 -0.816002 0.310652 0.487480
12.673821 -56.709625 -1887.927390 371.679532 0.158907 0.945211 -0.285174 0.305950 0.227481 0.924471 -0.938692 0.234154 0.253039
10.460398 -57.187514 -1825.570268 265.128117 0.227708 0.946394 -0.229100 0.457319 0.103774 0.883227 -0.859656 0.305890 0.409174
4.117090 -53.929629 -1526.167772 587.692733 0.220101 0.942894 -0.250014 0.616321 0.064244 0.784870 -0.756111 0.326840 0.566984
-5.232433 -26.702478 594.570229 211.756365 0.537256 0.828225 -0.159371 -0.247947 -0.025512 -0.968438 0.806150 -0.559815 -0.191649
-5.810536 -34.094880 -178.769376 2192.281658 0.589488 0.807416 0.024166 -0.084686 0.091525 -0.992195 0.803326 -0.582841 -0.122329
-4.382310 -32.812356 46.692615 93.562607 0.577203 0.811447 -0.091600 -0.227536 0.052086 -0.972376 0.784260 -0.582101 -0.214698
-4.037077 -29.769000 289.949095 -1616.628844 0.537712 0.812573 -0.224924 -0.315174 -0.053713 -0.947513 0.782005 -0.580379 -0.227220
-5.460157 -28.257644 -539.936857 -1229.977138 0.135929 0.743120 -0.655206 0.982890 -0.018179 0.183292 0.124297 -0.668911 -0.732877
-4.974461 -28.993218 -715.468845 -1994.509927 0.174143 0.734379 -0.656019 0.967546 -0.003726 0.252669 0.183111 -0.678729 -0.711194
-3.345830 -27.544587 -499.160580 -1012.266864 0.189544 0.736187 -0.649694 0.973559 -0.054991 0.221718 0.127499 -0.674541 -0.727144
-3.896869 -24.005135 -346.289337 356.496066 0.126908 0.746680 -0.652964 0.988663 -0.041962 0.144170 0.080249 -0.663858 -0.743541
-9.413057 -24.423669 -171.510875 2057.209230 0.181860 0.858164 -0.480086 -0.725206 -0.212670 -0.654865 0.664081 -0.467254 -0.583669
-6.773377 -23.830620 -819.143422 2131.593945 0.232160 0.822345 -0.519471 -0.710123 -0.221667 -0.668273 0.664701 -0.524035 -0.532504
-8.573330 -22.575370 -252.191600 1544.933417 0.178498 0.824929 -0.536312 -0.770607 -0.221711 -0.597502 0.611803 -0.519939 -0.596121
-0.251427 -71.346179 335.558186 3430.272716 0.476138 -0.774038 -0.417322 0.848334 0.529281 -0.013800 0.231562 -0.347458 0.908654
-2.469087 -87.769628 417.546270 5277.075441 0.438148 -0.792712 -0.423832 0.898270 0.403800 0.173366 0.033715 -0.456676 0.888994
0.030266 -77.132441 511.554156 4448.243199 0.487906 -0.761946 -0.425895 0.862618 0.495528 0.101694 0.133558 -0.417002 0.899039
1.745769 -60.965502 -268.977234 2812.976835 -0.516569 0.746779 0.418901 0.796897 0.598268 -0.083843 0.313228 -0.290510 0.904153
1.229836 -61.214167 -228.360732 4142.189489 -0.479727 0.775648 0.410161 0.773629 0.594464 -0.219340 0.413957 -0.212089 0.885245
-7.855234 -51.136222 -37.890917 1238.209829 -0.161145 0.922591 0.350511 -0.533852 0.217225 -0.817200 0.830081 0.318809 -0.457522
-7.556342 -55.917126 -298.231459 880.796723 -0.150629 0.916182 0.371378 -0.331072 0.307222 -0.892192 0.931505 0.257343 -0.257046
-6.761066 -54.997720 44.404503 1335.244733 -0.142569 0.926308 0.348751 -0.384752 0.272774 -0.881794 0.911943 0.259899 -0.317509
-8.497733 -50.672549 -474.970053 1067.902996 -0.156991 0.915902 0.369429 -0.533959 0.235963 -0.811917 0.830807 0.324724 -0.452010
-19.269262 -344.003150 19450.160468 -80805.447825 -0.236526 0.833151 0.499915 0.553094 -0.307564 0.774268 -0.798838 -0.459635 0.388064
37.783029 -114.977020 -1053.628340 -20111.858445 -0.084714 0.602947 0.793270 0.736216 -0.498594 0.457592 -0.671424 -0.622783 0.401662
39.530956 -70.614707 5860.015592 18385.146846 -0.099085 0.562905 0.820561 -0.516119 0.675956 -0.526028 -0.850766 -0.475628 0.223549
21.145432 -19.797668 4658.725074 8966.972763 0.050727 0.616586 0.785652 -0.527762 0.684404 -0.503049 -0.847876 -0.389119 0.360129
27.877260 -10.049905 498.139113 3656.177644 0.128433 0.432495 0.892442 -0.542864 0.783758 -0.301700 -0.829942 -0.445727 0.335446
14.297293 -3.629868 685.740910 -3481.012888 0.320703 0.829833 0.456648 0.843588 -0.031012 -0.536095 -0.430707 0.557150 -0.709983
12.797622 -14.909997 725.546658 -1371.193320 0.429500 0.807099 0.405117 0.831848 -0.178973 -0.525354 -0.351508 0.562636 -0.748253
12.593197 -11.261853 690.781547 -3151.028212 0.417074 0.801813 0.427955 0.813564 -0.119452 -0.569074 -0.405170 0.585515 -0.702146
-4.732326 -23.222315 -487.781728 55.579968 0.877762 0.479092 0.002132 -0.462764 0.848981 -0.255109 0.124031 -0.222938 -0.966910
-5.438124 -21.445726 -48.562196 463.246513 0.944229 0.319564 0.079445 -0.298908 0.933009 -0.200369 0.138153 -0.165447 -0.976494
-1.764300 -22.706856 25.484487 491.742975 0.954433 0.288378 0.076784 -0.255055 0.921843 -0.291810 0.154934 -0.258929 -0.953389
-5.357715 -24.374559 -247.527668 505.940671 0.959927 -0.023468 -0.279266 0.214577 0.702531 0.678533 -0.180269 0.711266 -0.679414
-0.153285 -22.493217 -447.530493 2507.300096 0.931206 -0.069564 -0.357794 0.326405 0.596025 0.733631 -0.162220 0.799947 -0.577728
-2.370839 -20.386357 -307.194942 2053.227030 0.974754 0.053010 -0.216898 0.143703 0.594543 0.791118 -0.170893 0.802315 -0.571915
-7.882156 -23.965450 -55.903997 -219.119005 0.985085 0.083392 -0.150513 0.036368 0.754052 0.655807 -0.168183 0.651500 -0.739772
-9.228024 -23.652255 -112.509877 -1018.130944 0.969530 0.002088 -0.244962 0.140974 0.813036 0.564888 -0.200342 0.582210 -0.787969
-5.060014 -21.814093 3.435727 1167.231296 0.987038 0.106291 -0.120245 0.024351 0.641377 0.766839 -0.158631 0.759827 -0.630475
1.268763 -16.571788 -298.445038 462.708258 0.309443 0.946887 0.087461 -0.655691 0.279081 -0.701558 0.688705 -0.159745 -0.707225
0.286704 -14.578648 82.069822 108.548400 0.280760 0.956962 0.073471 -0.706462 0.257869 -0.659101 0.649681 -0.133145 -0.748457
0.164347 -15.201962 -480.589493 290.729671 0.345460 0.930735 0.119956 -0.677769 0.335867 -0.654081 0.649066 -0.144657 -0.746852
-0.486781 -16.734712 -664.203896 382.410832 0.372135 0.916434 0.147190 -0.639664 0.368124 -0.674770 0.672566 -0.156953 -0.723202
-2.395608 -15.336932 -463.010534 247.790262 0.409726 0.892282 0.189626 -0.673958 0.436189 -0.596255 0.614740 -0.116501 -0.780079
-1.275068 -7.209400 -196.557414 -579.229692 0.426594 0.643341 0.635712 0.898607 -0.381204 -0.217230 0.102583 0.663925 -0.740730
-1.227548 -9.083505 -145.828562 -671.716491 0.419141 0.642899 0.641094 0.900014 -0.387198 -0.200133 0.119565 0.660878 -0.740908
-0.857629 -9.767981 -92.426065 -718.981713 0.365930 0.667993 0.647982 0.921198 -0.358932 -0.150205 0.132245 0.651885 -0.746698
-3.109311 -47.493097 149.736026 -286.136252 0.659920 0.721322 -0.210239 0.646544 -0.402651 0.647961 -0.382736 0.563531 0.732083
-4.619823 -48.122441 -243.575269 -303.192061 -0.633295 -0.738659 0.230913 0.636828 -0.327840 0.697833 -0.439758 0.588986 0.678018
-3.509956 -49.617261 -210.177178 -200.663420 -0.644920 -0.735460 0.207791 0.701547 -0.461849 0.542704 -0.303169 0.495776 0.813815
-5.043457 -13.814820 67.355869 -35.842779 0.259115 0.963558 0.066450 -0.846863 0.259737 -0.464069 0.464416 -0.063973 -0.883303
-5.049521 -14.160448 359.941369 -87.457977 0.227476 0.972701 0.045913 -0.835319 0.219147 -0.504199 0.500497 -0.076341 -0.862366
-6.923263 -14.572912 471.167648 -98.499437 0.099946 0.994601 -0.027930 -0.893988 0.077442 -0.441348 0.436802 -0.069080 -0.896901
-6.153640 -13.906979 119.194374 21.295661 0.210828 0.976518 0.044328 -0.891770 0.210708 -0.400436 0.400373 -0.044893 -0.915252
-4.983543 -13.528972 -164.496854 157.448089 0.312353 0.943514 0.110531 -0.845763 0.329184 -0.419908 0.432574 -0.037676 -0.900811
11.150478 -73.166854 -832.442225 -2836.318061 0.539931 0.715685 -0.443023 0.781834 -0.231467 0.578929 0.311785 -0.658952 -0.684523
8.919144 -67.218174 -773.577983 -1936.154216 0.533418 0.727698 -0.431186 0.840492 -0.398705 0.366888 0.095068 -0.558113 -0.824301
7.411200 -65.535699 -742.997950 -2441.189628 0.558216 0.703786 -0.439409 0.819110 -0.383134 0.426928 0.132113 -0.598242 -0.790350
9.019314 -87.598792 -883.104147 -4266.103124 0.578518 0.689233 -0.436205 0.666965 -0.091871 0.739403 0.469546 -0.718692 -0.512843
12.940267 -80.577122 -1285.819648 -2170.030876 0.554415 0.707163 -0.438800 0.666832 -0.061990 0.742626 0.497956 -0.704328 -0.505927
17.114284 -77.393461 -1021.374693 -914.224970 0.481515 0.761255 -0.434320 0.726019 -0.068859 0.684218 0.490957 -0.644786 -0.585842
8.386371 -61.576249 922.285294 -1886.443556 0.415831 0.873603 -0.252789 0.905482 -0.423617 0.025531 -0.084782 -0.239513 -0.967184
7.374810 -54.589083 -245.135358 1595.103284 0.412955 0.869460 -0.271121 -0.886987 0.451506 0.096935 -0.206694 -0.200451 -0.957652
7.346645 -63.349328 913.090650 3795.651765 0.472990 0.845794 -0.246805 -0.814265 0.526622 0.244218 -0.336531 -0.085452 -0.937787
9.455105 -63.335542 -501.324231 8224.466924 0.899656 -0.395012 0.185968 -0.076400 -0.561808 -0.823732 -0.429863 -0.726868 0.535613
8.989221 -107.786582 36.948101 15572.155336 0.865121 -0.477825 0.152475 -0.218192 -0.632262 -0.743395 -0.451617 -0.609858 0.651241
9.878220 -104.647122 -35.612816 10655.155671 0.869317 -0.469960 0.153057 -0.282300 -0.726304 -0.626729 -0.405704 -0.501618 0.764058
-2.318123 -30.061111 25.394576 366.095788 -0.102406 0.773963 -0.624896 0.934554 -0.140344 -0.326975 -0.340766 -0.617483 -0.708938
-2.327652 -32.058958 -192.638902 391.486188 -0.112112 0.761815 -0.638019 0.916411 -0.168991 -0.362812 -0.384215 -0.625363 -0.679190
-2.770482 -31.817953 -240.635157 1089.636181 -0.098632 0.761574 -0.640528 0.913884 -0.185405 -0.361167 -0.393812 -0.620991 -0.677704
-2.092214 -29.992206 -55.549785 95.291218 -0.104846 0.765523 -0.634809 0.948951 -0.113936 -0.294126 -0.297488 -0.633241 -0.714498
-16.565035 -29.248899 -102.991556 -45.508705 0.933813 -0.351545 -0.066405 -0.103890 -0.444070 0.889949 0.342345 0.824147 0.451200
-17.655627 -30.110832 346.446778 -506.990303 0.951183 -0.307005 -0.031595 -0.114527 -0.446180 0.887585 0.286590 0.840637 0.459560
-16.746963 -29.576032 152.119967 4.969169 0.923009 -0.380165 -0.059409 -0.156059 -0.510994 0.845299 0.351711 0.770947 0.530980
-16.696014 -29.088127 171.487964 91.500073 0.894354 -0.440019 -0.080715 -0.153772 -0.471805 0.868190 0.420102 0.764058 0.489623
-19.552023 -31.997126 1458.074175 -162.570805 0.199633 0.977122 -0.073339 0.963367 -0.182041 0.196938 -0.179081 0.109968 0.977669
-12.927556 -31.351240 -1753.814890 -270.291441 -0.349454 -0.930776 0.107415 0.926336 -0.326006 0.188736 -0.140653 0.165457 0.976136
-16.496088 -29.596163 1609.867590 -564.799597 0.245319 0.961396 -0.124645 0.931389 -0.198064 0.305425 -0.268946 0.191019 0.944023
-7.774324 -29.625916 -1897.129227 -657.833107 -0.402843 -0.905130 0.135861 0.895968 -0.359655 0.260557 -0.186975 0.226690 0.955851
-10.650496 -26.569171 1656.799964 -895.713862 0.326900 0.932521 -0.153434 0.894995 -0.253334 0.367159 -0.303513 0.257347 0.917416
-3.249621 -23.658295 -684.032200 -69.680275 0.562396 0.748504 0.351359 -0.282590 -0.225353 0.932394 -0.777080 0.623665 -0.084782
-4.123543 -23.628105 -206.785129 112.877669 0.587335 0.733998 0.341005 -0.215419 -0.264362 0.940057 -0.780149 0.625587 -0.002848
-4.593759 -24.169077 -211.430972 -29.829019 0.588153 0.732802 0.342166 -0.314478 -0.182562 0.931544 -0.745104 0.655494 -0.123076
-2.614498 -24.165006 -607.053728 -57.413186 0.562398 0.749329 0.349593 -0.345611 -0.171063 0.922654 -0.751174 0.639722 -0.162771
44.719531 -3.768804 -2054.621639 -342.070542 0.879891 0.249990 -0.404099 -0.450456 0.709546 -0.541880 -0.151262 -0.658825 -0.736933
25.772916 -8.566605 -4127.383457 -1033.825723 0.810619 0.349866 -0.469565 -0.555675 0.712555 -0.428357 -0.184723 -0.608160 -0.772022
38.391025 -13.174391 8513.007369 -1253.009419 0.988922 -0.071710 -0.129968 -0.022343 0.793684 -0.607920 -0.146747 -0.604089 -0.783289
64.853147 -10.146673 -13659.242237 -686.433861 0.660947 0.509401 -0.551053 0.734886 -0.588060 0.337830 -0.151961 -0.628248 -0.763028
76.783446 -6.086420 9641.192770 -1105.563731 0.974822 -0.013110 -0.222598 -0.142107 0.732760 -0.665484 -0.171836 -0.680361 -0.712448
85.497155 -3.649432 -8876.697180 206.368245 0.782861 0.433779 -0.446055 -0.617086 0.633005 -0.467450 -0.079585 -0.641202 -0.763234
13.055031 -21.380061 1954.034470 279.568744 0.182350 0.890138 0.417616 0.975286 -0.217646 0.038053 0.124765 0.400356 -0.907827
5.495754 -20.698531 1333.849587 995.161552 0.142515 0.887584 0.438046 0.968430 -0.216492 0.123592 0.204532 0.406603 -0.890416
7.133762 -22.060856 1368.456322 287.535523 0.129483 0.886050 0.445141 0.987910 -0.153872 0.018919 0.085258 0.437309 -0.895261
10.730104 -23.362137 1674.986171 -43.219396 0.180272 0.888784 0.421384 0.982688 -0.181347 -0.037905 0.042728 0.420922 -0.906090
3.026548 -22.817321 470.909952 -395.003635 0.155601 0.887740 0.433251 0.987815 -0.138392 -0.071202 -0.003250 0.439050 -0.898457
6.476133 -24.122682 715.851177 -120.238058 0.151463 0.894332 0.420987 0.987982 -0.123691 -0.092693 -0.030826 0.429967 -0.902318
2.788128 -29.771437 4.118285 -13.591362 0.478040 0.701923 0.527998 0.037612 0.584222 -0.810722 0.877533 -0.407416 -0.252881
2.660508 -29.022967 15.696519 30.161355 0.489843 0.696048 0.524949 0.099141 0.553757 -0.826755 0.866156 -0.457024 -0.202247
2.295999 -29.582485 109.474120 248.634673 0.470212 0.684908 0.556599 0.162756 0.552557 -0.817430 0.867417 -0.474955 -0.148345
1.928432 -30.722956 59.085774 133.893969 0.467609 0.686449 0.556893 0.109450 0.580203 -0.807084 0.877133 -0.438352 -0.196177
1.652299 -30.198350 15.440776 447.685206 0.462409 0.666660 0.584587 0.208843 0.558869 -0.802527 0.861720 -0.493183 -0.119199
3.336338 -52.857533 -711.512479 -266.370087 0.337248 0.706739 0.621920 -0.145843 -0.613424 0.776170 -0.930050 0.352464 0.103803
3.542246 -51.654371 -142.153545 -1884.175707 0.359985 0.719815 0.593530 -0.298424 -0.513916 0.804260 -0.883942 0.466645 -0.029808
4.492757 -51.601888 -216.273052 -2255.205821 0.365133 0.701297 0.612258 -0.355704 -0.502672 0.787906 -0.860321 0.505473 -0.065912
4.604731 -54.240370 -381.807351 -345.403086 0.360252 0.689566 0.628265 -0.207203 -0.597513 0.774626 -0.909552 0.409239 0.072375
3.429390 -50.526374 644.113531 207.847797 0.456524 0.596348 0.660268 -0.470279 -0.468230 0.748063 -0.755264 0.652019 -0.066691
1.351460 -51.223365 470.340294 631.573499 0.461133 0.603012 0.650948 -0.490748 -0.437877 0.753279 -0.739271 0.666814 -0.094007
2.778751 -48.244569 451.327590 1286.667432 0.459408 0.617160 0.638794 -0.329115 -0.549712 0.767789 -0.825001 0.562965 0.049425
4.049145 -56.264619 400.026307 1911.344808 0.515079 0.791638 0.328639 -0.712055 0.608627 -0.350072 0.477149 0.053695 -0.877180
3.089465 -54.176510 180.538158 909.149708 0.484614 0.815014 0.317650 -0.804631 0.557785 -0.203579 0.343100 0.156934 -0.926096
3.253669 -53.494568 -230.589890 1373.837229 0.519405 0.800792 0.298247 -0.759085 0.592663 -0.269332 0.392439 0.086502 -0.915701
2.584987 -50.463350 -238.588478 133.469798 0.479298 0.831204 0.281732 -0.851533 0.518154 -0.080053 0.212521 0.201535 -0.956148
4.244623 -61.043653 -308.352615 2484.724519 0.549378 0.774184 0.314361 -0.636166 0.631459 -0.443342 0.541734 -0.043577 -0.839420
2.807372 -53.413227 -772.341235 2062.093710 0.560567 0.781701 0.273329 -0.698638 0.623628 -0.350704 0.444601 -0.005635 -0.895711
2.346884 -48.585498 -622.124626 618.026086 0.526154 0.809235 0.261346 -0.790734 0.578644 -0.199778 0.312894 0.101541 -0.944345
-0.184198 -12.419618 280.430168 271.742867 0.968480 -0.207848 -0.137277 0.249021 0.794934 0.553234 0.005863 0.569981 -0.821637
1.304155 -13.394671 518.722993 318.296127 0.947484 -0.269975 -0.171425 0.319663 0.815329 0.482757 -0.009435 0.512203 -0.858813
-2.880815 -13.380530 660.628649 413.368482 0.977737 -0.175088 -0.115644 0.209823 0.820851 0.531205 -0.001919 0.543644 -0.839314
-4.533792 -17.946397 -905.331881 402.724762 0.344273 0.865269 0.364397 0.461085 -0.493915 0.737190 -0.817849 0.085776 0.569004
-3.126694 -18.119699 -167.121157 912.753398 0.315842 0.898312 0.305418 0.516186 -0.432773 0.739093 -0.796113 0.075784 0.600384
-3.203486 -16.225549 -703.685312 777.113296 0.304336 0.895553 0.324599 0.567254 -0.444139 0.693515 -0.765247 0.026931 0.643174
-4.573989 -16.951799 -935.322559 880.892485 0.345584 0.859782 0.375962 0.557770 -0.510396 0.654514 -0.754629 0.016489 0.655944
-7.348727 -101.212598 -227.231971 2866.557377 0.175521 -0.157785 -0.971749 0.887176 0.453222 0.086654 0.426745 -0.877322 0.219533
-8.192238 -110.374723 76.180631 2891.987025 0.153022 -0.129156 -0.979746 0.959802 0.255482 0.116228 0.235296 -0.958148 0.163059
-6.597019 -99.374737 -68.960416 3673.311171 0.175335 -0.124302 -0.976630 0.830717 0.551061 0.079002 0.528363 -0.825155 0.199880
-7.977339 -110.267291 69.233743 1811.484487 0.153598 -0.177025 -0.972147 0.977466 0.171393 0.123228 0.144805 -0.969168 0.199361
-4.671748 -85.527902 -440.147150 5131.384872 0.198151 -0.191398 -0.961303 0.689432 0.724347 -0.002109 0.696720 -0.662335 0.275486
-7.581514 -18.079659 -14.579100 -479.812096 0.737631 0.625154 0.255114 -0.508749 0.266171 0.818735 -0.443931 0.733713 -0.514383
-8.019744 -19.965251 -9.629553 -225.879441 0.724676 0.633926 0.270152 -0.477427 0.179191 0.860206 -0.496898 0.752348 -0.432509
-7.654488 -19.121633 144.022467 -302.570933 0.760505 0.601323 0.245036 -0.460218 0.232944 0.856701 -0.458074 0.764295 -0.453895
1.523861 -124.566903 162.855108 5214.722789 0.058041 0.207406 0.976532 0.395620 0.893315 -0.213246 -0.916579 0.398712 -0.030204
1.104839 -132.896074 67.146766 5438.815978 0.046057 0.194751 0.979771 0.558013 0.808502 -0.186939 -0.828553 0.555335 -0.071436
-1.733107 -181.522730 -55.982530 17460.194998 0.049981 0.244270 0.968418 0.221475 0.942779 -0.249233 -0.973884 0.226938 -0.006979
0.219420 -159.881756 75.430105 8539.119189 0.068670 0.208681 0.975570 0.311395 0.924539 -0.219684 -0.947796 0.318874 -0.001494
-0.067545 -178.597588 -746.238611 11797.636003 0.056810 0.236201 0.970042 -0.075185 0.969864 -0.231755 -0.995550 -0.059766 0.072857
-0.495257 -187.029857 -11.065332 13049.227448 0.060529 0.267681 0.961604 -0.189913 0.948862 -0.252180 -0.979933 -0.167357 0.108270
-8.462105 -257.995336 -2860.035823 62871.011475 0.434715 -0.447242 -0.781664 0.816334 -0.170829 0.551739 -0.380292 -0.877948 0.290837
3.895110 -25.400499 218.679608 -4009.458902 0.796821 -0.592874 -0.116520 -0.272671 -0.180749 -0.944976 -0.539191 -0.784749 0.305684
10.117412 -27.328941 1125.458696 -8439.342948 0.710742 -0.509349 -0.485191 -0.591740 -0.059941 -0.803897 -0.380381 -0.858470 0.344005
6.906833 -0.627944 -361.064749 -750.016491 0.785572 0.371115 -0.495127 -0.111111 0.871777 0.477137 0.608713 -0.319811 0.726078
5.984285 3.157838 -587.143532 -1177.025264 0.750154 0.558165 -0.354571 -0.275770 0.751415 0.599438 0.601015 -0.351891 0.717603
4.874390 0.211723 -843.369973 -731.136160 0.780322 0.509007 -0.363331 -0.255440 0.789722 0.557754 0.570831 -0.342419 0.746258
4.072263 -29.929598 1990.866466 -347.929869 0.439086 -0.439010 -0.783884 0.852694 0.478498 0.209649 0.283049 -0.760467 0.584442
8.350489 -24.299701 877.998400 -880.781171 0.360318 -0.515232 -0.777629 0.921556 0.325820 0.211129 0.144587 -0.792702 0.592215
10.807404 -25.505700 1091.540004 -660.870129 0.445811 -0.494718 -0.745994 0.857090 0.476282 0.196348 0.258167 -0.726918 0.636349
8.888274 -27.662854 1722.366963 19.267771 0.479605 -0.447269 -0.754937 0.790496 0.593700 0.150453 0.380913 -0.668932 0.638306
-4.546435 -12.266617 -170.051994 382.232746 0.925396 -0.283558 0.251472 0.236325 0.950436 0.202045 -0.296299 -0.127543 0.946541
-5.386484 -10.138992 -124.266547 731.941862 0.955540 -0.164727 0.244559 0.136882 0.982425 0.126904 -0.261165 -0.087786 0.961294
-4.767265 -10.518181 63.186319 682.595382 0.949626 -0.175773 0.259450 0.152759 0.982507 0.106510 -0.273633 -0.061512 0.959865
-3.326106 -8.992041 577.935100 202.815215 0.952693 0.144386 0.267447 -0.144252 0.989334 -0.020256 -0.267519 -0.019282 0.963360
-4.483175 -11.272179 177.241059 379.519351 0.944896 -0.169172 0.280272 0.147831 0.984365 0.095774 -0.292092 -0.049063 0.955131
-4.354071 -12.265041 0.159876 199.894956 0.925627 -0.267065 0.268126 0.226041 0.958403 0.174269 -0.303514 -0.100700 0.947491
9.826998 -2.350218 -1298.196370 2891.722222 -0.245896 0.699935 0.670541 0.962791 0.096362 0.252483 0.112107 0.707676 -0.697586
5.567897 -13.268800 -571.160179 3522.571414 -0.187087 0.698387 0.690836 0.977991 0.066288 0.197839 0.092374 0.712644 -0.695418
4.106011 -8.670046 -651.408112 2955.378519 -0.019734 0.720504 0.693170 0.995224 -0.052138 0.082527 0.095601 0.691488 -0.716034
-0.633052 -22.710088 -320.741477 1845.286485 0.172596 0.871179 0.459627 0.046061 -0.473258 0.879719 -0.983915 0.130665 0.121810
1.045994 -26.514382 -536.065107 766.412863 0.161889 0.863077 0.478425 -0.106274 -0.466752 0.877980 -0.981070 0.192979 -0.016160
1.280232 -23.952269 -282.609113 1094.730452 0.178635 0.860896 0.476390 0.034460 -0.489354 0.871404 -0.983312 0.139246 0.117082
2.121773 -26.542967 -225.814268 583.018570 0.181059 0.854219 0.487368 -0.124944 -0.471564 0.872936 -0.975503 0.218946 -0.021349
0.520508 -52.961795 -587.118851 1783.887842 0.570263 0.769997 0.286190 -0.635250 0.634252 -0.440661 0.520824 -0.069490 -0.850831
3.312796 -61.128820 -794.895361 2502.789451 0.583873 0.757437 0.292201 -0.555078 0.635103 -0.537152 0.592437 -0.151434 -0.791256
0.563126 -21.422833 333.371649 -366.593533 0.647514 0.657884 0.384595 -0.507784 0.748801 -0.425973 -0.568226 0.080532 0.818922
1.247856 -22.244546 -135.262376 -324.885382 0.622114 0.681840 0.384796 -0.500559 0.724303 -0.474158 -0.602009 0.102368 0.791900
1.148808 -23.643791 343.836536 -183.876413 0.647864 0.658327 0.383247 -0.443591 0.735050 -0.512766 -0.619273 0.162198 0.768240
0.071204 -23.018701 409.482430 -250.135325 0.655764 0.646476 0.389926 -0.465041 0.752755 -0.465936 -0.594735 0.124212 0.794268
-171.983353 -1368.235038 80702.639167 -35474.839879 0.902091 -0.215092 -0.374122 -0.347630 -0.875879 -0.334648 0.255705 -0.431939 0.864895
549.929156 -12794.373907 78922.615367 9421567.457347 0.683615 -0.109436 -0.721592 -0.507712 -0.781570 -0.362459 0.524309 -0.614143 0.589855
24.449878 -172.844304 -138919.468815 27412.537775 -0.637091 0.754209 0.159010 0.534022 0.580659 -0.614537 0.555820 0.306601 0.772697
12.341522 -45.479307 713.944086 -1518.696173 0.798918 0.095066 -0.593879 0.598786 -0.033062 0.800226 -0.056439 0.994922 0.083338
15.722618 -40.129253 1065.939701 -650.634379 0.834139 0.083016 -0.545270 0.531176 0.145328 0.834704 -0.148537 0.985894 -0.077128
9.387811 -38.486846 315.621605 425.728841 0.846308 0.046233 -0.530684 0.528069 0.058179 0.847206 -0.070044 0.997235 -0.024824
-1.080324 -78.414005 -1274.481665 -5957.915610 0.312349 -0.300516 -0.901182 0.772130 -0.472319 0.425123 -0.553401 -0.828617 0.084509
3.548294 -78.694151 -910.985729 4543.660078 0.417446 -0.319992 -0.850496 0.644238 -0.555851 0.525344 -0.640855 -0.767225 -0.025887
-2.033358 -78.460101 -1147.837123 2950.564401 0.394550 -0.319727 -0.861455 0.650682 -0.564744 0.507618 -0.648801 -0.760815 -0.014779
-6.591376 -98.191473 -782.918052 -10751.493304 0.305891 -0.259028 -0.916153 0.758615 -0.515126 0.398935 -0.575269 -0.817037 0.038930
0.992857 -39.375541 -297.139492 132.315306 0.307204 0.666033 0.679725 0.760510 -0.601185 0.245359 -0.572057 -0.441562 0.691212
-0.039348 -38.955784 -257.969557 228.182752 0.313872 0.666620 0.676093 0.691006 -0.648729 0.318844 -0.651149 -0.367108 0.664257
0.754222 -39.187692 -1.529093 460.473199 0.316811 0.678925 0.662338 0.672158 -0.653395 0.348251 -0.669205 -0.334866 0.663347
1.230405 -39.940460 34.455644 421.702714 0.317630 0.678397 0.662487 0.696092 -0.641242 0.322900 -0.643868 -0.358590 0.675905
-21.454642 -38.104985 -492.445414 1090.356135 0.285197 0.934083 -0.214830 -0.618185 0.007975 -0.785992 0.732469 -0.356967 -0.579711
-21.266629 -34.765873 -101.766030 1755.002024 0.119789 0.958265 -0.259573 -0.699114 -0.104219 -0.707374 0.704904 -0.266207 -0.657453
74.252569 -46.013754 8466.533483 1424.230574 -0.865745 -0.495516 -0.070347 -0.495122 0.868487 -0.024162 0.073068 0.013912 -0.997230
83.886377 -51.899524 11161.609971 2446.759540 -0.896134 -0.429860 -0.110289 -0.411513 0.897936 -0.156100 0.166133 -0.094502 -0.981565
82.867103 -45.633300 -4559.036144 9.664858 0.813393 0.535906 0.226265 -0.566014 0.818874 0.095255 0.134235 0.205549 -0.969397
-26.608173 -38.007178 1208.278683 -1126.689128 0.731104 0.505540 0.458166 -0.607302 0.176174 0.774691 -0.310921 0.844625 -0.435817
-23.895325 -36.273095 763.288110 -1178.149016 0.806868 0.411609 0.423724 -0.543689 0.236935 0.805148 -0.231011 0.880023 -0.414962
20.312247 -14.268067 3903.010541 817.257807 0.746289 0.648003 0.152131 0.223987 -0.029259 -0.974153 0.626803 -0.761075 0.166981
12.572101 -11.132931 1774.362453 136.374905 0.721624 0.646514 0.247544 0.272085 0.063936 -0.960147 0.636576 -0.760218 0.129769
7.251117 -20.279925 2534.080318 103.744947 0.716308 0.694099 -0.071628 -0.565863 0.517752 -0.641663 0.408292 -0.500160 -0.763635
14.874395 -22.325591 1679.726124 425.735176 0.797378 0.600647 -0.058413 -0.482549 0.576471 -0.659415 0.362402 -0.553990 -0.749507
11.776065 -20.387729 2656.288006 85.116552 0.714616 0.693591 -0.090859 -0.543421 0.468660 -0.696456 0.440474 -0.547073 -0.711824
1.098912 -23.419249 40.824394 482.154380 0.140779 0.715360 -0.684427 -0.775016 -0.350547 -0.525802 0.616062 -0.604464 -0.505066
0.652177 -23.105800 44.803201 -1021.640708 0.134549 0.711240 -0.689953 -0.682799 -0.438050 -0.584720 0.718110 -0.549773 -0.426695
0.725958 -22.846831 86.397545 -555.429080 0.131637 0.722434 -0.678794 0.800491 0.326428 0.502652 0.584710 -0.609536 -0.535331
0.976682 -25.115424 90.631425 -1466.500933 0.162193 0.727892 -0.666233 0.839681 0.252824 0.480641 0.518295 -0.637380 -0.570191
1.344838 -25.026012 178.192635 -1073.211639 0.148927 0.727219 -0.670055 0.804587 0.304808 0.509640 0.574858 -0.615016 -0.539716
-0.634173 -26.260845 -423.731634 651.635911 0.266139 0.822224 -0.503109 -0.074965 -0.502696 -0.861206 0.961015 -0.266916 0.072149
0.191739 -26.518657 -701.625811 1452.425588 0.284905 0.820651 -0.495339 -0.121655 -0.481620 -0.867895 0.950804 -0.307528 0.037379
-0.671252 -26.619858 -293.341174 2210.662103 0.257080 0.813894 -0.521044 -0.209531 -0.479396 -0.852219 0.943402 -0.328263 -0.047293
-0.750319 -29.684934 -493.306324 -982.482474 0.276763 0.827506 -0.488503 0.048586 -0.519761 -0.852929 0.959709 -0.212325 0.184056
-2.070922 -26.400951 -215.994046 395.872810 0.255117 0.817893 -0.515719 -0.070347 -0.516254 -0.853542 0.964348 -0.254032 0.074169
-1.726198 -30.088212 -192.241259 -1565.132914 0.252909 0.817514 -0.517405 0.081655 -0.550919 -0.830554 0.964038 -0.167806 0.206086
0.058424 -45.089923 558.296736 1915.864977 0.171114 0.913557 -0.368962 0.702789 0.149282 0.695559 -0.690512 0.378322 0.616494
2.202486 -50.050425 408.692984 1082.898284 0.148835 0.906665 -0.394724 0.542361 0.258928 0.799250 -0.826857 0.333040 0.453202
2.170739 -43.529501 396.993132 1836.969088 0.144736 0.913502 -0.380219 0.683589 0.185502 0.705900 -0.715372 0.362083 0.597611
2.681630 -55.805273 485.317449 587.253224 0.145278 0.893275 -0.425386 0.366538 0.350762 0.861751 -0.918991 0.281114 0.276462
3.931497 -52.956574 261.833273 744.764505 0.105091 0.892574 -0.438483 0.382715 0.370664 0.846249 -0.917870 0.256747 0.302648
3.380081 -46.742653 262.051134 935.151586 0.108333 0.906786 -0.407435 0.543260 0.289236 0.788170 -0.832546 0.306728 0.461286
-1.336076 -68.360005 131.950433 -927.321198 0.539543 0.717719 -0.440197 -0.697683 0.673782 0.243427 -0.471309 -0.175779 -0.864274
-2.038627 -62.646449 166.795608 1968.675610 0.547071 0.713692 -0.437444 0.787496 -0.615990 -0.020142 -0.283836 -0.333466 -0.899020
-1.484190 -63.770594 -29.083764 2837.488067 0.547450 0.698313 -0.461148 0.792556 -0.609538 0.017860 -0.268616 -0.375263 -0.887143
-0.969551 -68.498019 -119.748400 -2563.554882 0.538171 0.703624 -0.463989 -0.741227 0.657161 0.136829 -0.401192 -0.270283 -0.875210
-0.954903 -62.477615 -225.184773 2775.349097 0.553660 0.688566 -0.468334 0.809869 -0.576137 0.110356 -0.193837 -0.440389 -0.876633
-2.540467 -42.764862 -240.829244 1436.184367 0.612390 0.779809 -0.129905 -0.415530 0.177716 -0.892049 0.672542 -0.600262 -0.432866
-1.528564 -43.346479 308.580103 2075.156161 0.591448 0.797687 -0.117832 -0.385440 0.151328 -0.910239 0.708255 -0.583777 -0.396963
-3.294332 -46.500413 -333.899335 1132.869307 0.615051 0.776718 -0.135728 -0.256112 0.033992 -0.966049 0.745734 -0.628931 -0.219834
-3.757424 -45.183560 106.625614 876.774466 0.602629 0.785199 -0.142478 -0.267325 0.030404 -0.963127 0.751914 -0.618496 -0.228226
-4.001556 -52.131357 -131.385346 981.271179 0.612166 0.778195 -0.140236 -0.113421 -0.089101 -0.989544 0.782553 -0.621670 -0.033719
-6.241372 -29.264961 -255.152928 -1933.378910 0.124257 0.756436 -0.642157 0.976619 0.021185 0.213930 0.175428 -0.653725 -0.736117
-5.843371 -27.053052 -239.842571 -451.883776 0.091434 0.767356 -0.634669 0.986499 0.017157 0.162866 0.135865 -0.640992 -0.755427
-7.105576 -29.052760 342.229506 -1325.643229 0.094558 0.797266 -0.596175 0.966240 0.070670 0.247760 0.239663 -0.599477 -0.763669
26.691408 -4.154519 -1577.009685 -266.382575 0.889675 0.378031 0.256068 0.443111 -0.579560 -0.683932 0.110141 -0.721944 0.683130
16.707642 -0.541854 -3429.908411 -435.858473 0.884838 0.335699 0.323060 0.465095 -0.595765 -0.654791 0.027345 -0.729637 0.683287
24.133753 -4.647597 -1433.190457 -389.005036 0.807381 0.510443 0.295947 0.571883 -0.553547 -0.605422 0.145213 -0.658053 0.738836
0.078791 -31.337878 -50.352016 79.512619 0.648585 0.743505 -0.162906 0.644425 -0.650296 -0.402284 0.405037 -0.155935 0.900905
0.340928 -29.829712 -188.654505 -333.249327 0.650967 0.743439 -0.153426 0.639323 -0.645905 -0.417221 0.409277 -0.173508 0.895761
-0.123935 -31.732721 -142.929949 -1273.097888 0.627526 0.764752 -0.146168 0.626122 -0.607254 -0.489095 0.462797 -0.215401 0.859896
-7.038785 -23.389396 36.465727 1225.199906 0.192435 0.818337 -0.541565 -0.753024 -0.230727 -0.616215 0.629225 -0.526393 -0.571827
-2.048246 -93.769997 617.370781 6345.939498 0.454529 -0.775144 -0.438812 0.885007 0.337240 0.320984 -0.100824 -0.534248 0.839293
-4.639920 -100.692680 405.081292 5997.212255 0.418386 -0.801367 -0.427509 0.876262 0.232281 0.422150 -0.238995 -0.551231 0.799391
-3.698881 -107.300306 690.803501 5480.531222 0.441255 -0.778884 -0.445684 0.813543 0.137597 0.564992 -0.378738 -0.611888 0.694370
-7.436111 -109.468855 206.808781 3968.599942 0.386915 -0.824284 -0.413344 0.837802 0.126985 0.531002 -0.385208 -0.551752 0.739719
-6.069280 -107.113580 412.789663 1777.611016 0.409659 -0.804838 -0.429435 0.743866 0.022224 0.667959 -0.528055 -0.593078 0.607797
-5.244349 -100.047369 416.414624 -1166.889240 -0.332473 0.903088 0.271833 0.693939 0.039060 0.718974 -0.638679 -0.427675 0.639675
-5.554236 -96.593219 -452.389343 2082.538322 0.301693 -0.910878 -0.281570 0.877084 0.149382 0.456517 -0.373770 -0.384689 0.843985
-3.569553 -88.864315 357.240942 -693.477002 -0.332194 0.906983 0.258899 0.718444 0.065465 0.692498 -0.611135 -0.416048 0.673363
-6.681641 -99.669550 -590.797319 2318.126646 0.311195 -0.899553 -0.306532 0.859944 0.129241 0.493753 -0.404541 -0.417254 0.813785
-3.978154 -87.131380 -33.059219 -3892.062114 -0.373576 0.894285 0.246365 0.470459 -0.046236 0.881210 -0.799443 -0.445103 0.403451
-4.496945 -97.629501 214.679720 -5205.836660 -0.367202 0.887337 0.278917 0.430532 -0.103665 0.896603 -0.824503 -0.449317 0.343961
-6.769113 -102.908406 155.887057 -630.607930 -0.350927 0.881546 0.315797 0.698335 0.021701 0.715442 -0.623841 -0.471600 0.623230
261.224317 -13.850786 62207.976314 -1463.990085 -0.251588 0.677966 0.690699 0.171967 -0.670985 0.721254 -0.952434 -0.300236 -0.052224
227.229533 -14.440582 45026.917701 749.830474 -0.375647 0.658418 0.652208 0.142225 -0.654456 0.742603 -0.915785 -0.371717 -0.152201
63.601526 -13.103662 22373.321084 1036.594710 -0.330130 0.657042 0.677725 -0.092783 0.691914 -0.715994 -0.939364 -0.299252 -0.167459
-5.967865 -57.876517 -92.696041 805.706021 -0.135464 0.924787 0.355553 -0.176539 0.330589 -0.927117 0.974927 0.188360 -0.118478
-6.197237 -58.785435 47.730182 864.749227 -0.160976 0.907071 0.388984 -0.088443 0.379281 -0.921045 0.982988 0.182669 -0.019169
-42.318148 -461.711983 1131.385252 -17810.635023 -0.338441 0.901715 -0.269012 0.887963 0.400652 0.225829 -0.311414 0.162443 0.936287
-18.382058 -300.430271 2247.666998 -53383.461104 -0.386457 0.864469 -0.321473 0.470740 0.484610 0.737263 -0.793130 -0.133590 0.594221
-35.734123 -1297.857458 5238.263706 -357564.926197 -0.381603 0.912260 -0.148868 0.637847 0.376457 0.671886 -0.668977 -0.161439 0.725539
-20.876253 -407.969498 3008.644284 -71457.408089 -0.279656 0.914515 -0.292326 0.744581 0.398803 0.535309 -0.606129 0.067958 0.792458
-40.832613 -650.606689 -862.953882 -96298.372527 -0.348396 0.924436 -0.155046 0.870149 0.380464 0.313188 -0.348512 0.025800 0.936949
-54.116609 -603.657918 -3923.412750 90857.223658 0.334715 -0.908816 0.249038 0.918306 0.255305 -0.302545 0.211377 0.329959 0.920026
-12.352553 -390.021618 -1640.105380 47023.804059 0.333172 -0.896435 0.292234 0.940646 0.337277 -0.037812 -0.064667 0.287486 0.955599
-20.776806 -690.278359 -4245.339432 137180.916962 0.292398 -0.919552 0.262541 0.907502 0.180241 -0.379412 0.301568 0.349195 0.887197
1.048748 -265.308579 -2871.215695 -67142.604431 -0.302744 0.939763 -0.158715 -0.905237 -0.335630 -0.260574 0.298148 -0.064787 -0.952319
-16.767381 -55.894825 -1119.675772 -5919.045298 -0.322580 0.870484 -0.371751 -0.696051 -0.484307 -0.530056 0.641447 -0.087772 -0.762129
-21.484515 -253.019579 1035.356496 -40735.808001 -0.424246 0.821096 -0.381859 -0.578351 -0.570166 -0.583456 0.696796 0.026680 -0.716773
46.993288 -128.574235 1981.384197 18677.524769 0.174054 0.780208 0.600817 -0.363567 0.617938 -0.697117 0.915164 0.097101 -0.391212
21.307480 11.763252 5979.571535 87.359295 -0.620327 0.295983 0.726353 0.643234 0.721898 0.255174 -0.448826 0.625506 -0.638199
25.953595 10.394193 -5796.948420 447.865182 0.744440 -0.180929 -0.642708 0.535066 0.737448 0.412160 -0.399392 0.650719 -0.645794
29.972995 12.771634 -2972.490317 802.170164 0.784493 -0.289116 -0.548619 0.542832 0.747892 0.382087 -0.299840 0.597553 -0.743657
29.068802 14.034412 -6224.762646 256.198616 0.708625 -0.243886 -0.662095 0.544997 0.785174 0.294074 -0.448140 0.569228 -0.689311
5.934448 -23.005010 3018.728243 730.646878 -0.798969 -0.578795 0.163235 -0.572900 0.815097 0.086042 -0.182853 -0.024773 -0.982828
-3.204110 -23.903785 1016.171412 657.931399 -0.768662 -0.629869 0.111462 -0.625807 0.776578 0.072749 -0.132381 -0.013834 -0.991102
-1.470676 -24.744431 1495.008419 465.298162 -0.769050 -0.626345 0.127491 -0.632663 0.774332 -0.012166 -0.091100 -0.090015 -0.991765
3.875326 -14.403895 -842.593208 3290.208406 0.919559 -0.080012 -0.384720 0.368881 0.513164 0.774977 -0.135417 0.854553 -0.501400
3.461801 -24.156702 -423.982527 3574.608945 0.872167 -0.182619 -0.453845 0.474422 0.542098 0.693580 -0.119367 0.820232 -0.559438
