10643
21272
-34.416487 -56.023043 2205.348804 -6546.115137 0.940898 0.145270 0.305954 0.322085 -0.104395 -0.940937 0.104749 -0.983869 0.145015
-42.654966 -59.997294 260.841527 -4064.726830 0.974515 0.033382 0.221827 0.221472 0.014005 -0.975066 0.035656 -0.999345 -0.006255
-34.867213 -70.462255 2378.319403 -6855.383856 0.897903 0.121597 0.423065 0.417244 0.071162 -0.906004 0.140274 -0.990025 -0.013161
-34.909851 -47.262894 -27.955897 -3245.952508 0.972125 -0.041865 -0.230694 -0.234255 -0.132112 -0.963157 -0.009845 -0.990350 0.138236
-22.069506 -67.762806 4822.579042 -9175.757319 0.879091 0.244159 0.409373 0.433658 -0.053212 -0.899505 0.197839 -0.968274 0.152660
-26.026446 -47.021870 4068.882732 -6724.521421 0.941208 0.230756 0.246738 0.299200 -0.230247 -0.925994 0.156868 -0.945377 0.285753
-29.388054 -41.231717 916.720957 -3782.587245 0.980933 0.036985 -0.190796 -0.176902 -0.236602 -0.955366 0.080477 -0.970902 0.225548
-10.969855 -33.378570 -3748.851836 -1465.460660 0.930637 0.011808 -0.365753 -0.257126 -0.690076 -0.676521 0.260386 -0.723640 0.639174
-18.950703 -37.953975 -2703.231838 -1742.903951 0.951321 0.243833 -0.188505 0.012958 -0.642730 -0.765983 0.307929 -0.726253 0.614602
-8.733508 -29.958898 -2960.081604 -486.038367 0.948864 0.210484 -0.235272 -0.003528 -0.738159 -0.674618 0.315665 -0.640951 0.699670
-0.721846 -35.490304 -3539.141797 3566.298038 0.905556 -0.027889 -0.423309 -0.322150 -0.694446 -0.643400 0.276022 -0.719004 0.637844
-1.890347 -29.996504 -5089.735951 -639.946100 0.877841 -0.129315 -0.461165 -0.420234 -0.669892 -0.612085 0.229779 -0.731110 0.642401
4.325984 -39.452894 1038.604696 4163.446891 0.884025 0.020588 -0.466986 -0.432266 0.416208 -0.799948 -0.177894 -0.909036 -0.376838
3.579877 -29.998979 473.984252 2449.949112 0.899725 -0.014609 -0.436212 -0.372564 0.494911 -0.785022 -0.227355 -0.868821 -0.439841
5.856722 -39.954618 304.656684 3518.151776 0.897278 -0.019209 -0.441047 -0.393867 0.416419 -0.819429 -0.199401 -0.908970 -0.366078
6.975828 -50.409745 841.234868 4149.668809 0.888154 0.009286 -0.459452 -0.442403 0.287807 -0.849380 -0.124346 -0.957643 -0.259726
4.974287 -50.083166 1628.552417 4583.674879 0.877289 0.048674 -0.477489 -0.469315 0.295390 -0.832159 -0.100541 -0.954136 -0.281986
3.948156 -120.576971 -1009.211396 -1015.545208 0.112977 -0.407595 0.906147 -0.586733 0.708630 0.391903 -0.801861 -0.575942 -0.159090
1.966004 -120.639428 697.132898 -640.219321 -0.110934 0.398164 -0.910582 0.783477 -0.528665 -0.326615 -0.611439 -0.749652 -0.253306
0.753316 -127.968726 -367.065267 -1747.069112 0.110250 -0.402008 0.908974 -0.612035 0.693123 0.380779 -0.783108 -0.598305 -0.169626
3.908155 -120.580657 -490.119680 -753.948484 0.128490 -0.409055 0.903418 -0.373213 0.824054 0.426201 -0.918805 -0.391930 -0.046782
0.666843 -137.780683 -478.866779 -206.774940 0.098100 -0.411208 0.906248 -0.359354 0.834561 0.417579 -0.928031 -0.366628 -0.065899
-0.774280 -138.536058 -271.931680 -2184.846334 0.093365 -0.386104 0.917718 -0.675727 0.652378 0.343215 -0.731216 -0.652171 -0.199991
5.692573 -42.673776 -1754.564719 1591.802394 0.944384 0.060916 -0.323152 0.222742 -0.841424 0.492333 0.241917 0.536931 0.808196
7.021994 -46.015279 -2327.394755 1081.982854 0.947291 0.051144 -0.316265 0.242206 -0.760492 0.602484 0.209704 0.647329 0.732795
13.699357 -43.158638 -3693.717607 1272.051665 0.940971 0.068249 -0.331535 0.235136 -0.836355 0.495199 0.243483 0.543923 0.803034
17.369581 -38.754888 -3137.890941 -313.358429 0.924536 0.071877 -0.374254 0.233556 -0.882879 0.407403 0.301138 0.464068 0.833041
8.592426 -41.262770 -1750.191525 660.396889 0.935904 0.078556 -0.343384 0.224368 -0.884433 0.409191 0.271556 0.460008 0.845370
0.614057 -44.182054 -722.579443 -624.050502 0.968201 0.232019 -0.093562 -0.117623 0.092110 -0.988777 0.220797 -0.968340 -0.116472
0.347577 -48.530748 -478.409007 -1687.858965 0.970473 0.233448 -0.060706 -0.118026 0.240088 -0.963549 0.210363 -0.942263 -0.260552
1.103974 -44.933905 -524.188309 -941.179726 0.970185 0.231520 -0.071695 -0.112888 0.169899 -0.978974 0.214471 -0.957879 -0.190969
1.569048 -43.552434 448.203643 -409.030561 0.959095 0.267672 -0.092134 -0.122188 0.097850 -0.987672 0.255356 -0.958529 -0.126554
1.374335 -43.045410 -551.059462 137.937267 0.967229 0.232592 -0.101827 -0.111227 0.027629 -0.993411 0.228246 -0.972182 -0.052594
0.786548 -43.544622 -670.014165 796.171739 0.963458 0.233925 -0.130490 -0.124975 -0.038314 -0.991420 0.236918 -0.971499 0.007679
12.754503 -94.061995 -2763.143526 -3823.250468 0.913841 0.037726 0.404316 0.293972 -0.748341 -0.594614 -0.280134 -0.662240 0.694955
14.831134 -98.303917 -2073.150778 -3836.700781 0.931148 0.053949 0.360629 0.313472 -0.623655 -0.716093 -0.186276 -0.779836 0.597627
7.489797 -96.504489 -2434.991825 -2751.458460 0.910524 0.036758 0.411819 0.367151 -0.529895 -0.764468 -0.190120 -0.847266 0.495978
5.653628 -84.763941 -635.081838 -2718.847045 0.920504 0.174830 0.349439 -0.390676 0.396347 0.830832 -0.006755 0.901301 -0.433141
4.910794 -89.419398 -994.503558 -2199.863006 0.917330 0.189938 0.349899 -0.387251 0.221652 0.894934 -0.092427 0.956449 -0.276882
2.772963 -89.071364 -511.817340 -3274.827395 0.926701 0.182454 0.328537 -0.374755 0.383522 0.844079 -0.028004 0.905330 -0.423785
3.979807 -77.360197 -323.949702 -3310.906374 0.924572 0.168126 0.341907 -0.373054 0.581866 0.722677 0.077444 0.795717 -0.600697
2.300456 -77.236979 -668.057906 -4428.594832 0.927013 0.193925 0.320997 -0.370206 0.610011 0.700596 0.059949 0.768297 -0.637281
-0.471859 -90.214390 -879.406829 -5005.966928 0.932870 0.192173 0.304669 -0.359593 0.447210 0.818960 -0.021131 0.873540 -0.486293
-1.158689 -95.350850 -1081.897433 -1415.382278 0.929459 0.204716 0.306917 -0.342577 0.170164 0.923951 -0.136921 0.963917 -0.228291
-9.882352 -26.224011 1694.182799 -2379.646408 0.941997 0.255318 -0.217841 0.329290 -0.828572 0.452810 0.064886 0.498279 0.864585
-14.580137 -29.178290 1298.156739 -2089.291524 0.977704 0.174996 -0.116067 0.209034 -0.863705 0.458604 0.019994 0.472641 0.881028
-13.359979 -32.683979 978.317800 -1536.138831 0.980241 0.148972 -0.130137 0.187214 -0.911113 0.367185 0.063869 0.384293 0.920999
-9.823454 -22.351827 2427.991212 -1875.309334 0.888718 0.366339 -0.275636 0.457391 -0.749427 0.478699 0.031203 0.551502 0.833590
-10.242772 -31.214454 1126.479655 -2349.614346 0.964443 0.181665 -0.191958 0.243712 -0.892296 0.380015 0.102248 0.413286 0.904843
-11.824699 -39.728712 -220.703879 3430.857561 0.997585 -0.051652 0.046427 -0.003558 0.629606 0.776907 0.069360 0.775196 -0.627902
-12.876933 -53.821949 -94.372098 6381.909098 0.998066 -0.052502 0.033277 0.013756 0.708636 0.705441 0.060619 0.703619 -0.707987
-10.055358 -42.294529 -645.245671 3402.411485 0.999712 -0.020260 0.012832 0.002854 0.631773 0.775148 0.023811 0.774888 -0.631649
-7.269297 -89.079151 -796.763318 2991.176725 0.942423 0.180148 0.281755 -0.225589 -0.279506 0.933266 -0.246878 0.943092 0.222774
-7.186340 -88.333547 -852.451507 3128.168124 0.930881 0.198536 0.306665 -0.191466 -0.449772 0.872380 -0.311128 0.870798 0.380671
-8.749116 -81.959657 -587.834547 2438.949212 0.947029 0.184787 0.262658 -0.141956 -0.492767 0.858504 -0.288069 0.850314 0.440434
-17.271008 -27.541233 2191.800873 650.155930 0.748371 0.576964 -0.327191 0.657623 -0.581137 0.479387 -0.086446 0.573928 0.814331
-9.919204 -29.691595 -3067.710490 2604.216934 -0.525481 -0.696714 0.488323 0.843350 -0.350728 0.407124 -0.112380 0.625763 0.771875
-14.590102 -33.367942 -1857.280672 1965.127525 -0.617122 -0.687293 0.383131 0.762452 -0.401952 0.507052 -0.194493 0.605032 0.772081
-19.101075 -31.258050 293.003887 624.515619 0.786692 0.578346 -0.215942 0.595186 -0.617663 0.514048 -0.163918 0.532924 0.830134
-19.475926 -29.833596 2.434526 -777.960852 0.933949 0.350976 -0.067491 0.339024 -0.810193 0.478175 -0.113147 0.469472 0.875668
45.618336 -212.000113 -31053.333055 -15980.190713 0.367869 0.928734 -0.046094 0.608647 -0.277968 -0.743157 0.703008 -0.245330 0.667527
113.401831 -5693.427861 -6228.584930 -1369347.314597 0.473588 -0.619340 0.626205 0.571799 0.756989 0.316249 -0.669896 0.208291 0.712639
404.045908 -1842.954443 -23851.709451 -551585.209936 0.112937 -0.729145 0.674976 0.947117 0.284354 0.148703 -0.300358 0.622487 0.722700
114.721191 10.666838 10228.208819 16853.677314 0.214493 0.854576 0.472962 0.562130 -0.504005 0.655735 -0.798750 -0.125216 0.588489
1793.032722 57.977506 -296319.527351 35025.140677 -0.397279 0.792295 0.463074 -0.026310 0.494564 -0.868743 0.917320 0.357317 0.175635
46.748033 -51.106008 -45238.309243 6504.397638 0.410138 0.910916 0.044919 0.037758 0.032250 -0.998766 0.911241 -0.411329 0.021168
77.470802 -1273.818554 14100.147414 149931.697058 -0.486951 -0.154509 -0.859654 0.833202 0.213084 -0.510265 0.262019 -0.964739 0.024976
530.611760 -502.804004 -150237.276737 117811.565538 -0.063077 -0.532572 -0.844031 -0.065777 0.846095 -0.528959 0.995839 0.022152 -0.088400
43.386570 -32.969607 -10496.960634 1693.079444 0.914680 0.365463 -0.172616 -0.367504 0.574260 -0.731550 0.168228 -0.732572 -0.659574
18.176721 -33.714519 -7937.351273 832.544918 0.928252 0.317963 -0.192994 -0.348000 0.559239 -0.752428 0.131314 -0.765605 -0.629767
39.158078 -34.160906 -10883.584106 168.434427 0.923064 0.352309 -0.154376 -0.321103 0.484825 -0.813534 0.211770 -0.800514 -0.560652
-36.656378 -717.707169 3698.425901 181269.991498 0.182830 0.851069 -0.492193 -0.660468 0.477162 0.579741 -0.728255 -0.219084 -0.649343
-159.286062 -367.959168 -41873.036106 81066.977532 0.018901 0.806898 -0.590389 -0.778200 0.382611 0.498010 -0.627732 -0.450028 -0.635159
-797.299969 -2298.365047 -242077.050440 -713615.992121 -0.199645 0.873690 -0.443630 -0.841197 -0.385008 -0.379678 0.502522 -0.297380 -0.811811
3285.725069 -10894.113690 204492.953230 3218100.586576 0.057496 0.998047 0.024410 -0.776215 0.029314 0.629786 -0.627841 0.055158 -0.776385
-143.942609 -894.912628 16718.065765 209371.127488 0.619374 -0.765867 -0.172696 0.568441 0.285743 0.771509 0.541526 0.576020 -0.612332
300.244216 -759.826345 88706.897110 -190717.406487 -0.185740 0.855526 -0.483297 0.059305 -0.481199 -0.874603 0.980808 0.191111 -0.038641
-93.554931 -235.855335 -10860.465327 21179.757774 -0.156196 0.511662 -0.844870 -0.066461 0.847986 0.525836 0.985488 0.138285 -0.098446
-27.519564 -54.584962 3822.242875 -13231.540541 -0.057061 0.132767 0.989503 0.992947 0.110714 0.042405 -0.103922 0.984944 -0.138148
-27.768438 -59.355603 -1877.043864 13347.876866 0.887788 -0.002554 -0.460245 0.447170 0.241509 0.861227 -0.108954 0.970395 -0.215551
-19.765387 -59.839460 -3378.490241 12438.873387 0.986982 0.092928 -0.131265 0.113694 0.174124 0.978138 -0.113753 0.980329 -0.161292
-13.334129 -24.104420 3627.615180 1187.354160 0.996484 -0.072535 0.041942 0.034739 0.813180 0.580975 0.076247 0.577475 -0.812840
-14.415013 -28.733024 2685.533068 2172.833426 0.970661 -0.229336 -0.072260 0.233854 0.830489 0.505570 0.055934 0.507635 -0.859755
-23.281844 -28.756562 5709.667736 2470.997065 0.940259 -0.315656 -0.127573 0.334503 0.786703 0.518851 0.063417 0.530527 -0.845292
-22.094750 -28.263117 4361.101063 -2828.548866 0.912473 0.285635 0.292926 -0.403418 0.747421 0.527841 0.068169 0.599812 -0.797232
47.511040 -75.011595 4671.769502 -8374.674961 -0.269908 -0.435583 0.858730 -0.663822 0.730193 0.161737 -0.697488 -0.526390 -0.486234
23.388494 -82.588457 2568.458447 -3865.159600 -0.287645 -0.343306 0.894092 -0.395728 0.892732 0.215471 -0.872158 -0.291839 -0.392646
30.190790 -82.540940 5732.131068 -6062.332632 -0.209141 -0.255109 0.944023 -0.573033 0.814229 0.093083 -0.792397 -0.521489 -0.316474
26.932823 -82.676397 531.130227 -5533.842067 -0.344476 -0.520239 0.781465 -0.448099 0.822585 0.350088 -0.824951 -0.229577 -0.516479
54.741361 -62.803956 -9590.894806 5930.528901 0.164497 0.312847 -0.935450 0.738280 -0.667973 -0.093568 -0.654128 -0.675232 -0.340848
71.063397 -51.386762 -7978.140929 4146.439193 0.248190 0.487125 -0.837324 0.780396 -0.612644 -0.125098 -0.573919 -0.622396 -0.532203
8.067493 -79.545367 -183.203513 2844.015649 -0.346622 -0.418477 0.839482 -0.099926 0.906347 0.410549 -0.932667 0.058420 -0.355976
14.936195 -86.349932 2016.155286 -1234.366937 -0.272649 -0.166822 0.947540 -0.274179 0.957488 0.089680 -0.922219 -0.235345 -0.306797
4.590553 -39.012688 -492.865224 1207.886121 0.908345 0.379825 -0.175047 -0.315506 0.897088 0.309338 0.274527 -0.225757 0.934702
9.916151 -36.658699 -1755.800479 1268.843881 0.920963 0.343520 -0.183906 -0.295714 0.923535 0.244205 0.253733 -0.170520 0.952125
9.881170 -39.322701 -2425.909937 2020.718003 0.916120 0.357522 -0.181389 -0.276550 0.891137 0.359716 0.290249 -0.279380 0.915261
5.281083 -38.982389 -423.929682 832.287384 0.912736 0.371722 -0.169514 -0.337269 0.919733 0.200851 0.230569 -0.126152 0.964844
2.052566 -43.685631 -201.950637 -1227.528583 0.893581 0.418610 -0.162107 0.315046 -0.842056 -0.437821 0.319779 -0.340157 0.884327
1.789428 -43.949716 -111.374899 1169.810421 0.889478 0.436687 -0.134663 -0.366028 0.857238 0.362168 0.273592 -0.272850 0.922334
1.426337 -42.226552 170.055401 -522.208647 0.969815 0.237793 0.053974 -0.105953 0.211585 0.971600 -0.219620 0.947991 -0.230393
1.014342 -46.604360 -44.939411 102.290414 0.961309 0.262425 0.083778 -0.152532 0.253827 0.955147 -0.229389 0.930970 -0.284034
1.099891 -43.057842 256.496077 1031.548440 0.963664 0.247317 0.100922 -0.177924 0.312504 0.933105 -0.199234 0.917156 -0.345152
5.442372 -72.893686 -988.664656 1523.300626 0.802727 0.222950 0.553102 0.223781 0.747090 -0.625922 0.552767 -0.626219 -0.549817
3.595609 -68.183203 -723.100682 2415.233146 0.800510 0.217165 0.558591 0.219057 0.761528 -0.609991 0.557851 -0.610667 -0.562039
4.087124 -77.177219 -1025.581213 652.317811 0.806931 0.207493 0.552999 0.331733 0.615432 -0.714980 0.488687 -0.760388 -0.427779
0.450145 -75.814256 -842.612092 3010.132056 0.805627 0.210843 0.553633 0.276106 0.693191 -0.665772 0.524147 -0.689225 -0.500238
0.100140 -86.548582 -693.109506 2378.169834 0.804244 0.214416 0.554272 0.403750 0.487245 -0.774325 0.436094 -0.846533 -0.305293
-23.189118 -56.327709 -4978.795995 -2159.812639 -0.118545 0.676781 -0.726578 0.961843 0.259987 0.085239 0.246588 -0.688749 -0.681777
-6.511708 -50.205860 -5303.594618 -1132.753884 -0.158215 0.619829 -0.768623 0.947539 0.314264 0.058383 0.277738 -0.719063 -0.637033
-14.029454 -46.635094 -4477.104084 -3495.954333 -0.060573 0.666886 -0.742694 0.994979 0.099727 0.008400 0.079669 -0.738457 -0.669578
-28.448549 -48.730636 -3685.309610 -4645.347386 0.047282 0.732867 -0.678727 0.998850 -0.029246 0.038004 0.008001 -0.679743 -0.733407
4.540808 -123.494886 1083.573249 4070.055943 -0.231785 0.457426 0.858509 0.559922 0.784421 -0.266780 -0.795464 0.418862 -0.437940
3.354499 -116.494954 -248.172899 4538.279800 -0.250210 0.472300 0.845179 0.712550 0.680835 -0.169516 -0.655490 0.559818 -0.506889
3.177698 -125.792581 146.194398 3072.791447 -0.251440 0.460310 0.851406 0.491973 0.818334 -0.297139 -0.833511 0.344156 -0.432222
-3.287329 -98.084855 380.451798 287.723092 0.937623 0.166707 0.305076 -0.027183 -0.839689 0.542386 -0.346588 0.516847 0.782781
-4.202203 -93.859396 574.805252 1712.568744 0.935525 0.181457 0.303096 0.017872 -0.881206 0.472394 -0.352809 0.436519 0.827633
-3.542488 -96.356089 533.214976 -2647.256427 0.940882 0.187195 0.282310 -0.094410 0.945321 -0.312178 -0.325312 0.267070 0.907109
-3.100727 -110.018086 -121.586410 2517.038634 0.936859 0.157444 0.312260 0.005947 -0.899962 0.435928 -0.349657 0.406546 0.844074
-4.270103 -102.853024 821.232190 311.420003 0.946351 0.143629 0.289466 -0.039374 -0.837861 0.544461 -0.320733 0.526649 0.787256
-4.258295 -187.303411 -140.497695 10572.113913 -0.329948 0.413539 0.848599 0.463379 0.854138 -0.236069 -0.822444 0.315332 -0.473447
-6.489448 -215.096420 -1593.941785 9247.897106 -0.348738 0.417367 0.839158 0.311867 0.896022 -0.316042 -0.883810 0.151490 -0.442640
-5.820689 -235.494219 118.989749 31166.609068 -0.323035 0.409066 0.853413 0.675863 0.730940 -0.094532 -0.662463 0.546253 -0.512592
-3.916291 -182.361904 -344.965831 8751.519789 -0.344452 0.414102 0.842539 0.684543 0.724953 -0.076450 -0.642459 0.550421 -0.533183
-5.391340 -186.905500 849.085888 15790.265076 -0.315703 0.407672 0.856817 0.861646 0.501331 0.078950 -0.397363 0.763198 -0.509540
-7.490821 -188.732016 -1138.280858 11919.238031 -0.331228 0.408693 0.850446 0.831302 0.552773 0.058129 -0.446347 0.726232 -0.522841
-9.606766 -221.447968 126.952376 30272.231415 -0.263296 0.388821 0.882889 0.895809 0.438208 0.074164 -0.358053 0.810427 -0.463688
-10.170046 -163.183132 1273.748427 16617.910637 -0.234367 0.336394 0.912092 0.944608 0.300537 0.131880 -0.229754 0.892478 -0.388196
-8.220832 -146.459923 -349.212104 5504.064594 -0.281879 0.356123 0.890910 0.955457 0.188819 0.226824 -0.087443 0.915163 -0.393484
-5.182243 -448.083714 804.520535 50638.581005 -0.451269 0.676720 0.581727 0.205417 0.713144 -0.670246 -0.868424 -0.182964 -0.460830
-14.785800 -288.331318 1749.309875 5981.487664 -0.365465 0.549839 0.751074 0.299489 0.833444 -0.464411 -0.881329 0.055212 -0.469265
-14.688750 -235.383035 -2457.871868 18373.709819 -0.454391 0.576461 0.679132 0.383476 0.814709 -0.434966 -0.804036 0.062786 -0.591256
1.393834 -46.478510 -445.810999 -1096.629840 0.879968 0.461465 -0.112726 0.393179 -0.840705 -0.372324 0.266584 -0.283312 0.921232
2.759929 -41.860968 -860.083809 1127.690298 0.903403 0.411771 -0.119613 -0.378017 0.896486 0.231118 0.202399 -0.163577 0.965545
0.692499 -49.673050 -345.695748 -956.646198 0.866479 0.489236 -0.099307 0.379270 -0.774488 -0.506284 0.324604 -0.401020 0.856630
-0.351413 -48.725487 660.664029 -1643.456965 0.863443 0.485511 -0.136911 0.356818 -0.779678 -0.514570 0.356576 -0.395450 0.846447
10.011494 -386.357923 4334.447192 -96627.557943 0.940675 0.233059 0.246605 0.065729 -0.838181 0.541417 -0.332882 0.493088 0.803775
9.438704 -161.827282 1668.544261 -15009.887166 0.936720 0.141212 0.320336 -0.144152 -0.678277 0.720528 -0.319023 0.721110 0.614999
3.927674 -167.955207 1729.856756 -17560.082365 0.941234 0.127558 0.312741 -0.138195 -0.699444 0.701199 -0.308188 0.703212 0.640713
-42.455152 -188.430078 -6491.609673 -47973.108579 -0.247412 -0.474599 0.844715 0.886205 0.241602 0.395308 -0.391698 0.846395 0.360817
-14.897963 -1447.255056 -11082.461635 -363720.252664 -0.094906 -0.368134 0.924916 0.932966 0.291183 0.211629 -0.347228 0.883001 0.315821
-28.315327 -58.332492 -5547.990082 -4142.613632 -0.635191 -0.464465 0.617093 0.675869 0.052432 0.735155 -0.373809 0.884038 0.280613
-28.622062 -76.911717 -7911.251449 -9817.897092 0.895564 0.229324 0.381281 -0.209335 -0.539001 0.815878 -0.392611 0.810486 0.434705
-71.150228 -96.509236 -21158.734078 -16449.502368 0.848770 0.237368 0.472490 -0.258698 -0.592910 0.762584 -0.461157 0.769490 0.441837
-46.863392 -66.885721 -546.724789 -2031.012064 0.947399 0.015335 0.319689 0.309236 0.213672 -0.926670 0.082519 -0.976785 -0.197690
-44.717284 -63.384869 -177.890797 -2703.758624 0.999195 -0.034706 0.020118 0.025459 0.161058 -0.986617 -0.031001 -0.986335 -0.161812
-38.673014 -54.609054 -140.190814 -3263.116600 0.960817 -0.091745 -0.261561 -0.263300 -0.007170 -0.964687 -0.086630 -0.995757 0.031046
4.343610 -31.117394 18.911901 2012.822123 0.914770 -0.057043 -0.399927 -0.319521 0.503592 -0.802684 -0.247188 -0.862056 -0.442445
2.996424 -23.656828 209.019061 1038.199845 0.929127 -0.072238 -0.362635 -0.266328 0.549581 -0.791853 -0.256499 -0.832312 -0.491391
1.004279 -21.556383 646.306777 1250.056818 0.919930 -0.037135 -0.390320 -0.308521 0.545776 -0.779066 -0.241958 -0.837108 -0.490619
4.943753 -124.825752 -1311.975901 -46.263469 0.117895 -0.413539 0.902821 -0.676301 0.632284 0.377934 -0.727130 -0.655135 -0.205134
3.250876 -111.076265 904.859444 -629.737653 -0.115507 0.403441 -0.907686 0.813328 -0.486170 -0.319588 -0.570224 -0.775161 -0.271974
1.166229 -46.618737 -221.706785 779.807441 0.949447 0.008875 -0.313802 0.198514 -0.791341 0.578249 0.243193 0.611311 0.753098
0.594149 -50.999635 -1231.182765 1166.179954 0.953504 0.001388 -0.301378 0.217118 -0.696702 0.683715 0.209022 0.717359 0.664609
8.224413 -50.768458 -3684.970005 1571.325546 0.948577 0.039898 -0.314023 0.261951 -0.655888 0.707949 0.177718 0.753803 0.632611
0.433530 -49.696835 -441.181341 -2112.839875 0.972727 0.227618 -0.044633 -0.111331 0.289348 -0.950728 0.203488 -0.929768 -0.306798
0.133416 -54.814738 -220.813463 -2820.552397 0.971971 0.232515 -0.034783 -0.124124 0.381865 -0.915845 0.199665 -0.894492 -0.400022
0.192800 -51.849067 113.349479 -2645.867830 0.966626 0.248838 -0.060942 -0.149511 0.354755 -0.922927 0.208040 -0.901237 -0.380120
1.017237 -46.764113 444.838146 -1414.601589 0.961604 0.263292 -0.077434 -0.142049 0.236081 -0.961295 0.234820 -0.935384 -0.264417
-15.901890 -34.269241 570.382404 -642.242799 0.990384 0.126103 -0.056897 0.137946 -0.931350 0.336985 0.010496 0.341593 0.939789
-16.906160 -31.830646 239.509223 -308.518943 0.977529 0.208577 -0.030545 0.204578 -0.903702 0.376125 -0.050847 0.373922 0.926065
-14.394912 -23.898193 2580.262308 -1435.539863 0.890057 0.379727 -0.252203 0.455802 -0.733378 0.504382 -0.006568 0.563883 0.825829
-18.164569 -28.596614 1297.338512 -1496.558042 0.964310 0.246602 -0.096400 0.261626 -0.831472 0.490109 -0.040708 0.497837 0.866314
-14.719902 -49.962159 238.211973 6299.711186 0.994725 -0.060365 0.082941 -0.020194 0.677475 0.735269 0.100575 0.733065 -0.672681
-16.663839 -72.833344 -347.522947 8647.467711 0.995611 -0.017091 0.092013 -0.041358 0.801625 0.596395 0.083953 0.597583 -0.797400
-16.183916 -30.457023 -1195.037874 280.871306 0.910375 0.412526 -0.032238 0.393253 -0.838339 0.377546 -0.128721 0.356386 0.925430
-12.996052 -30.720053 -1499.583600 286.071165 0.891098 0.450398 -0.055561 0.448396 -0.854981 0.260672 -0.069902 0.257197 0.963827
-5.809175 -329.471159 -493.923423 -12862.807874 0.207724 -0.364850 0.907599 0.747393 0.657789 0.093370 -0.631074 0.658937 0.409325
0.593183 -419.639794 -364.451252 -4522.218608 0.345620 -0.366438 0.863869 0.670563 0.740437 0.045799 -0.656423 0.563450 0.501630
5.075333 -399.649645 1209.369870 16557.185733 0.286486 -0.349154 0.892198 0.931302 0.320131 -0.173762 -0.224950 0.880686 0.416881
13.769068 -42.127865 -1431.681445 1030.560007 0.963081 0.245432 0.110626 0.142429 -0.115811 -0.983007 0.228449 -0.962471 0.146492
13.828491 -44.955886 -1524.091116 774.527511 0.961799 0.261484 0.081046 0.154523 -0.274177 -0.949184 0.225976 -0.925447 0.304109
21.923867 -41.057401 -4090.150013 760.625852 0.954622 0.258705 0.147543 0.191087 -0.152065 -0.969723 0.228436 -0.953912 0.194600
27.426877 -38.176653 -4684.067586 1046.224790 0.947242 0.265708 0.179255 0.189140 -0.011872 -0.981878 0.258765 -0.963980 0.061502
19.808387 -37.135082 -3111.887707 1561.087537 0.960632 0.237297 0.144486 0.132357 0.066361 -0.988978 0.244270 -0.969168 -0.032340
-24.453774 -81.710708 1806.276044 11498.028863 0.800727 -0.094961 -0.591454 0.590752 0.288753 0.753415 -0.099239 0.952682 -0.287311
-9.442271 -158.671144 -1230.884832 36098.634332 0.946250 0.015812 -0.323051 0.292108 0.387060 0.874561 -0.138869 0.921919 -0.361636
-27.110171 -42.454719 2178.120611 -853.743179 0.909238 0.331389 0.251928 -0.403352 0.551717 0.730010 -0.102924 0.765369 -0.635308
-32.029013 -41.397886 2284.572077 1264.099525 0.644685 0.590105 0.485960 0.755839 -0.396912 -0.520738 -0.114407 0.703020 -0.701908
-34.634079 -44.105031 3024.688633 -150.753698 0.770389 0.505931 0.387988 -0.603610 0.382791 0.699375 -0.205318 0.772985 -0.600283
-37.056447 -43.847378 2819.681490 -66.666010 0.819487 0.466551 0.332822 -0.500967 0.301118 0.811394 -0.278338 0.831660 -0.480489
-30.594600 -45.038299 2511.865558 505.618320 0.913411 0.325989 0.243745 -0.372354 0.427308 0.823869 -0.164418 0.843291 -0.511691
80.596864 -41.027872 -770.950058 2821.312702 0.412415 0.680444 -0.605731 0.804168 -0.584342 -0.108896 -0.428052 -0.442199 -0.788182
71.393514 -33.797096 -5781.289946 2258.707760 0.263282 0.529694 -0.806292 0.831594 -0.548265 -0.088639 -0.489013 -0.647171 -0.584838
87.457994 -51.260796 5895.964748 -4319.804456 0.521099 0.805000 -0.283605 -0.809514 0.571455 0.134639 -0.270451 -0.159422 -0.949442
78.027778 -58.287864 1342.959399 -5072.945337 0.444349 0.762023 -0.471036 -0.783312 0.585629 0.208474 -0.434715 -0.276333 -0.857125
75.313524 -23.595207 -1828.496307 1847.964022 0.394505 0.639981 -0.659386 0.822938 -0.565331 -0.056338 -0.408827 -0.520408 -0.749690
10.939580 -83.455636 -244.660437 797.901079 -0.354113 -0.565410 0.744926 -0.225951 0.824668 0.518526 -0.907497 0.015300 -0.419781
-7.966713 -68.944935 295.905236 6541.001942 -0.322051 -0.458818 0.828112 0.224141 0.812894 0.537554 -0.919806 0.358734 -0.158953
-3.251488 -72.420008 256.131502 5417.102410 -0.308859 -0.309850 0.899221 0.144331 0.919228 0.366318 -0.940093 0.242926 -0.239191
0.868727 -75.745558 256.318976 6156.721486 -0.347903 -0.587760 0.730412 0.048051 0.766879 0.639991 -0.936298 0.257752 -0.238557
8.626166 -36.093095 -631.236080 -14.470806 0.925114 0.318366 -0.206899 -0.288079 0.943507 0.163723 0.247334 -0.091860 0.964566
15.481978 -34.835314 -2589.409932 -194.340190 0.925082 0.315095 -0.211986 -0.274494 0.940530 0.200143 0.262443 -0.126960 0.956559
-0.061581 -52.903815 -75.799454 3822.203143 0.949035 0.279510 0.145624 -0.266826 0.466644 0.843236 -0.167739 0.839117 -0.517442
0.417309 -53.537389 23.459999 3377.935449 0.951452 0.272313 0.143475 -0.266582 0.496037 0.826367 -0.153861 0.824496 -0.544549
0.496353 -47.006947 -180.818034 2502.277267 0.953850 0.272880 0.125323 -0.232037 0.404904 0.884427 -0.190599 0.872691 -0.449536
9.226781 -73.388335 98.239360 414.754605 0.763755 0.283856 0.579746 0.257093 0.690053 -0.676558 0.592100 -0.665773 -0.454053
8.168400 -77.916409 -67.401696 990.911418 0.771257 0.259654 0.581157 0.316985 0.635073 -0.704417 0.551982 -0.727504 -0.407497
10.587351 -80.892409 -154.691420 2507.049714 0.762472 0.278514 0.584008 0.370869 0.551487 -0.747207 0.530181 -0.786315 -0.317201
7.087264 -71.091328 115.747335 1420.924749 -0.769871 -0.276300 -0.575288 0.152881 0.795334 -0.586576 0.619617 -0.539538 -0.570064
10.544179 -73.271853 -179.766078 643.323588 0.759909 0.298171 0.577608 0.255633 0.679909 -0.687295 0.597653 -0.669938 -0.440447
9.213563 -70.760513 434.510118 57.789482 -0.763004 -0.287593 -0.578891 0.143612 0.797764 -0.585617 0.630238 -0.529964 -0.567396
2.199447 -46.156825 -4749.771997 1759.103493 -0.260890 0.566812 -0.781448 0.864034 0.498135 0.072853 0.430560 -0.656190 -0.619703
9.689955 -43.152292 -4175.084308 445.363023 -0.222800 0.610488 -0.760042 0.923989 0.380812 0.035019 0.310812 -0.694468 -0.648930
0.683936 -95.287675 5.137196 2174.019578 -0.194587 0.503134 0.842017 0.967181 0.241412 0.079260 -0.163394 0.829805 -0.533597
2.639539 -107.222255 -12.869283 6356.054045 -0.225434 0.488909 0.842703 0.885760 0.463060 -0.031700 -0.405720 0.739286 -0.537445
3.001552 -104.474835 -175.844376 5378.359074 -0.246660 0.503104 0.828278 0.911685 0.410285 0.022288 -0.328617 0.760626 -0.559874
0.807276 -95.821500 -326.982111 100.852570 -0.211661 0.514015 0.831257 0.974178 0.179355 0.137147 -0.078594 0.838821 -0.538704
5.031562 -98.801581 456.504350 5134.635295 -0.278870 0.476948 0.833518 0.827126 0.560301 -0.043878 -0.487949 0.677188 -0.550747
3.216668 -89.415832 -23.635970 2536.755611 -0.264264 0.495695 0.827315 0.924011 0.375921 0.069913 -0.276350 0.782924 -0.557370
-4.601802 -94.886207 -91.140334 -430.175822 0.926194 0.167424 0.337837 -0.111090 -0.735062 0.668837 -0.360310 0.657003 0.662211
-5.788910 -92.195650 113.975751 353.695690 0.924759 0.176297 0.337254 -0.065932 -0.798595 0.598246 -0.374798 0.575469 0.726885
-5.166159 -87.994307 451.092054 -3037.850861 0.929023 0.201404 0.310409 -0.059498 0.909284 -0.411901 -0.365208 0.364197 0.856729
-5.441535 -191.913072 -522.007709 -528.551242 -0.327825 0.406620 0.852755 0.101381 0.912565 -0.396165 -0.939283 -0.043420 -0.340385
-8.515965 -213.091063 -1681.760432 -19330.266602 -0.351162 0.393374 0.849672 -0.190915 0.858317 -0.476280 -0.916644 -0.329466 -0.226308
-9.716048 -197.449382 -2011.691775 -13764.459938 -0.349753 0.398905 0.847672 0.031617 0.909329 -0.414875 -0.936308 -0.118303 -0.330653
3.793720 -145.640281 -904.815382 -10397.523503 0.931089 0.111748 0.347256 -0.154482 -0.741568 0.652849 -0.330469 0.661505 0.673203
2.226382 -154.865576 -1328.833279 2422.803498 0.923687 0.151335 0.351993 -0.017495 0.934391 -0.355820 -0.382748 0.322508 0.865732
1.599386 -146.449164 -48.480429 -10004.796918 0.935864 0.108681 0.335181 -0.116181 -0.802872 0.584721 -0.332656 0.586161 0.738753
2.047634 -134.852538 68.539639 -6534.569242 0.932733 0.078732 0.351867 -0.247242 -0.570662 0.783081 -0.262451 0.817402 0.512810
-12.071962 -109.603755 -4617.228987 -17300.377891 -0.455995 -0.411730 0.789016 0.784316 0.233084 0.574908 -0.420614 0.880994 0.216642
-34.975908 -64.734026 1813.752124 968.536866 0.932905 0.132821 0.334734 0.290605 0.271312 -0.917572 0.212691 -0.953283 -0.214510
-18.842649 -63.585826 6398.833927 222.734383 0.890419 0.283130 0.356358 0.302511 0.216838 -0.928153 0.340060 -0.934248 -0.107426
-0.931432 -37.206331 417.677380 2616.896844 0.907165 0.241061 -0.344879 -0.040949 -0.765160 -0.642537 0.418778 -0.597009 0.684255
4.389722 -39.310202 -636.359769 2952.256752 0.901721 -0.058625 -0.428326 -0.364610 0.429223 -0.826334 -0.232291 -0.901294 -0.365664
6.522973 -49.163749 -367.599099 3784.814285 0.892841 -0.027486 -0.449533 -0.420784 0.304907 -0.854384 -0.160549 -0.951985 -0.260668
6.245249 -116.465298 645.739116 -2138.767357 -0.137292 0.397346 -0.907341 0.828650 -0.455772 -0.324978 -0.542670 -0.796485 -0.266687
8.328102 -123.143433 -1265.192388 -2796.227192 0.135727 -0.422777 0.896012 -0.430744 0.789253 0.437652 -0.892210 -0.445353 -0.074986
7.855443 -122.268257 -535.266116 1416.574999 0.156697 -0.400566 0.902770 -0.619982 0.671635 0.405622 -0.768810 -0.623260 -0.143100
15.223169 -36.998288 -2514.875445 -275.499118 0.913500 0.097907 -0.394881 -0.201002 0.952490 -0.228827 0.353716 0.288406 0.889779
10.369470 -37.901871 -1897.840304 -458.217858 0.922735 0.106260 -0.370498 0.235050 -0.916952 0.322414 0.305470 0.384588 0.871080
9.220235 -38.183021 -632.052294 -739.243673 0.912848 0.113987 -0.392065 -0.205671 0.957888 -0.200375 0.352714 0.263548 0.897850
23.479767 -36.314600 -2942.224383 -672.646792 0.903423 0.028453 -0.427805 0.195830 -0.915019 0.352691 0.381414 0.402406 0.832221
11.047232 -37.206663 -1027.710221 -789.455610 0.911732 0.117595 -0.393594 -0.165276 0.982187 -0.089401 0.376069 0.146561 0.914927
20.992210 -36.557019 -2650.800266 -203.303098 0.896133 0.038058 -0.442151 -0.135271 0.972329 -0.190469 0.422667 0.230496 0.876484
15.160901 -37.389292 -2254.948741 -578.573417 0.902557 0.081123 -0.422860 -0.131693 0.987037 -0.091731 0.409937 0.138480 0.901540
1.082443 -49.903095 489.186722 -1878.624428 0.970010 0.239371 -0.042223 -0.108006 0.268852 -0.957107 0.217752 -0.932963 -0.286643
1.725610 -46.494847 604.588739 -969.146051 0.965640 0.249664 -0.072162 -0.104709 0.119630 -0.987281 0.237856 -0.960915 -0.141661
1.940848 -79.235225 -736.897467 2581.860039 0.928037 0.063177 0.367091 0.360887 0.091536 -0.928106 0.092237 -0.993796 -0.062149
1.280655 -87.945696 -870.796965 6092.269010 0.916398 0.067175 0.394591 0.399141 -0.079438 -0.913442 0.030015 -0.994574 0.099609
4.250433 -90.925377 -526.122835 5497.889192 0.923525 0.073619 0.376408 0.371315 0.074182 -0.925539 0.096060 -0.994524 -0.041173
-1.187566 -80.650453 -282.133734 3118.542206 0.926487 0.078193 0.368113 0.368785 0.006194 -0.929494 0.074960 -0.996919 0.023098
3.439574 -76.739627 -522.792043 848.798819 0.927954 0.058552 0.368066 0.339984 0.271593 -0.900360 0.152682 -0.960630 -0.232119
0.181644 -76.831470 -616.265278 -434.532358 0.942969 0.065718 0.326330 0.310943 0.176104 -0.933971 0.118847 -0.982175 -0.145626
6.207347 -77.137281 -428.995571 -2112.829889 0.923246 0.161217 0.348749 -0.377799 0.546052 0.747727 0.069889 0.822093 -0.565048
5.024710 -71.808446 -200.069099 -2454.806933 0.929260 0.145263 0.339668 -0.336470 0.712413 0.615838 0.152525 0.686561 -0.710893
3.254346 -69.136079 -177.359326 -3453.369713 0.928671 0.157615 0.335750 -0.334901 0.745381 0.576409 0.159411 0.647738 -0.744999
-12.399981 -36.300210 532.828981 -982.686785 0.980451 0.139608 -0.138659 0.172524 -0.948795 0.264620 0.094616 0.283369 0.954332
-9.859157 -36.612771 1077.035748 -1940.542837 0.970172 0.142722 -0.195953 0.193397 -0.943052 0.270649 0.146166 0.300473 0.942524
-12.179289 -36.985376 61.340577 1371.203717 0.993597 -0.040687 0.105402 -0.057929 0.617483 0.784448 0.097001 0.785531 -0.611172
-12.460701 -87.019121 153.741602 1910.397801 0.981242 0.121804 0.149425 -0.034108 -0.653186 0.756429 -0.189738 0.747336 0.636779
-10.551228 -88.991218 481.752890 1697.554965 0.987272 0.087898 0.132543 -0.061215 -0.559166 0.826793 -0.146787 0.824383 0.546669
-11.520226 -93.704056 258.052947 2236.780499 0.979893 0.093678 0.176165 -0.122632 -0.413700 0.902116 -0.157388 0.905581 0.393894
-12.860908 -79.060769 106.712018 542.013089 0.977003 0.150637 0.150912 0.020731 -0.771504 0.635886 -0.212218 0.618134 0.756885
-12.399118 -82.394061 225.977722 990.296837 0.981872 0.146056 0.120809 0.056820 -0.834859 0.547524 -0.180828 0.530734 0.828023
-12.076230 -80.690486 -228.611560 641.810751 0.971574 0.153820 0.179956 -0.041526 -0.637632 0.769221 -0.233067 0.754828 0.613119
-11.621108 -86.136154 -287.202501 1744.089140 0.971822 0.137151 0.191707 -0.106142 -0.471553 0.875426 -0.210465 0.871107 0.443708
-8.401776 -29.996272 -3298.562278 257.489024 0.797272 0.600732 -0.058980 0.590371 -0.755680 0.283566 -0.125777 0.260899 0.957137
-1.006358 -30.840252 -4281.096771 -412.883692 0.752333 0.655889 -0.061683 0.655359 -0.735599 0.171462 -0.067086 0.169421 0.983258
-31.041509 -346.958853 -4369.946178 -68648.843728 0.448049 -0.219275 0.866701 0.695488 0.694634 -0.183796 -0.561738 0.685130 0.463733
-18.331794 -1584.064407 -7653.132532 -487252.938651 0.356520 -0.173228 0.918088 0.933553 0.105010 -0.342712 -0.037041 0.979268 0.199155
-17.889379 -516.419970 -3810.361348 -105070.240333 0.455898 -0.136203 0.879549 0.874676 0.251340 -0.414451 -0.164616 0.958268 0.233719
-72.904562 -1378.924238 -12707.404574 438599.079420 0.360613 -0.213746 0.907894 0.733783 -0.535871 -0.417618 0.575778 0.816795 -0.036399
3.860587 -1236.648618 -3453.634800 -346424.577587 0.454765 -0.094578 0.885575 0.749545 0.577681 -0.323215 -0.481011 0.810765 0.333599
-16.998077 -1040.942782 -3078.338871 -140420.371750 0.354936 -0.068156 0.932403 0.915492 -0.176776 -0.361421 0.189460 0.981888 -0.000348
22.831005 -41.704319 -4176.079801 876.115710 0.950708 0.274038 0.145109 0.217126 -0.254211 -0.942461 0.221382 -0.927513 0.301181
-86.079370 -293.266883 -11115.573972 78676.338211 -0.074452 0.886980 -0.455767 -0.636698 0.309475 0.706287 -0.767511 -0.342770 -0.541697
-392.328987 -457.866200 7719.431014 95144.573952 -0.458819 0.789368 0.407902 -0.314208 -0.573555 0.756510 -0.831119 -0.218935 -0.511183
-6.932096 -158.392614 416.533909 26948.323076 0.852203 -0.093749 -0.514743 0.495823 0.458836 0.737312 -0.167061 0.883561 -0.437505
-2.157477 -179.323246 1730.295621 21458.135208 0.749865 -0.173961 -0.638310 0.642116 0.423737 0.638853 -0.159340 0.888923 -0.429449
31.146027 -370.962359 -2346.720623 83041.001209 0.834844 -0.110375 -0.539308 0.441035 0.720388 0.535284 -0.329429 0.684732 -0.650091
-22.331323 -36.181497 2053.877407 -3620.166195 0.891558 0.347685 0.290240 -0.452731 0.666339 0.592475 -0.012596 0.659627 -0.751488
61.367174 -46.537044 -9997.624768 3572.253499 0.124014 0.336048 -0.933644 0.817764 -0.567548 -0.095657 -0.562034 -0.751638 -0.345193
17.159624 -88.805292 4722.429326 -3447.276369 -0.192485 -0.109440 0.975178 -0.460310 0.887715 0.008766 -0.866639 -0.447197 -0.221249
33.207994 -72.773249 7232.607593 -5590.232034 -0.123499 -0.169785 0.977712 -0.710200 0.703253 0.032415 -0.693082 -0.690368 -0.207432
6.214006 -46.083445 -2170.239367 -1774.471843 0.906321 0.382345 -0.179984 0.248544 -0.826739 -0.504706 0.341772 -0.412692 0.844321
0.731551 -51.561292 -239.355445 2883.990549 0.957452 0.262642 0.119603 -0.241363 0.501563 0.830769 -0.158207 0.824290 -0.543615
-0.125033 -55.442723 201.776872 2398.889731 0.950878 0.269533 0.152258 -0.288554 0.593609 0.751242 -0.112103 0.758275 -0.642225
-0.507249 -61.389757 220.940482 2060.224376 0.944089 0.285772 0.164409 -0.320450 0.678151 0.661379 -0.077510 0.677086 -0.731811
-0.165603 -58.198362 -356.843380 2198.877289 0.948638 0.285510 0.136274 -0.296633 0.652977 0.696872 -0.109980 0.701502 -0.704130
6.599663 -93.672240 -2206.668804 603.319562 0.761003 0.386816 0.520815 -0.626091 0.648213 0.433394 0.169955 0.655892 -0.735473
6.815323 -88.516651 950.725186 2738.009846 0.733412 0.347624 0.584179 -0.664372 0.548503 0.507695 0.143937 0.760461 -0.633230
3.577647 -87.072957 -1287.611350 1229.477616 0.763747 0.366280 0.531536 -0.645496 0.426894 0.633321 -0.005063 0.826801 -0.562472
2.173789 -91.327520 -2486.422821 2123.133717 0.779846 0.378638 0.498471 -0.621577 0.562591 0.545099 0.074040 0.734932 -0.674087
-0.364243 -84.193406 -1750.065401 3246.295083 0.777650 0.361878 0.514106 -0.623154 0.335317 0.706570 -0.083303 0.869832 -0.486265
1.506874 -84.564709 -1078.804104 1703.907653 0.762339 0.355835 0.540574 -0.620200 0.163032 0.767315 -0.184906 0.920219 -0.344974
2.172680 -131.903873 -226.143775 3639.297419 -0.252421 0.448144 0.857584 0.567803 0.786251 -0.243740 -0.783507 0.425414 -0.452924
3.649745 -122.462626 -469.023720 9228.458802 -0.234582 0.478915 0.845938 0.829207 0.552747 -0.082987 -0.507334 0.681990 -0.526784
-3.981794 -108.222214 309.422126 -2804.010230 0.943381 0.116604 0.310540 -0.144751 -0.697628 0.701685 -0.298461 0.706907 0.641251
-4.955611 -111.338238 1953.472677 -7653.803753 -0.146995 0.430925 0.890335 -0.703588 0.587113 -0.400327 -0.695238 -0.685275 0.216891
-6.497792 -111.058484 -1672.776021 8591.844072 0.158043 -0.421022 -0.893176 0.778376 -0.503459 0.375048 -0.607580 -0.754500 0.248145
1.555811 -104.167996 -2310.832518 -5798.445811 0.077069 -0.365211 -0.927729 0.829009 -0.493466 0.263126 -0.553899 -0.789375 0.264733
-10.301647 -201.575528 863.987884 -38632.665446 -0.215262 0.451792 0.865763 -0.579604 0.654404 -0.485608 -0.785953 -0.606332 0.120992
5.822993 -121.958354 3097.139994 -11575.284193 -0.072594 0.381413 0.921550 -0.711880 0.627334 -0.315720 -0.698539 -0.678952 0.225979
-12.493989 -190.602323 -198.807518 -29797.106897 -0.209975 0.453773 0.866026 -0.495394 0.714271 -0.494370 -0.842909 -0.532829 0.074817
-4.638425 -149.628290 2975.476986 -24423.177680 -0.111044 0.432954 0.894550 -0.612190 0.679265 -0.404751 -0.782875 -0.592579 0.189622
-2.614461 -88.691289 -515.607925 -1466.410657 0.164784 -0.507144 -0.845962 0.834816 0.528490 -0.154211 0.525289 -0.680811 0.510459
-3.896364 -104.617578 226.153807 -2978.067763 0.116135 -0.516550 -0.848344 0.693722 0.653448 -0.302911 0.710818 -0.553337 0.434231
-3.608305 -94.384998 -342.928902 -3469.618809 0.156947 -0.523049 -0.837728 0.767698 0.598233 -0.229689 0.621295 -0.607073 0.495435
-22.297862 -33.692026 -923.713869 -451.410982 0.620178 0.777360 -0.105314 0.253179 -0.071280 0.964790 -0.742482 0.625004 0.241017
-20.622100 -36.715201 -1888.437349 306.855478 0.464569 0.790988 -0.398137 0.353787 0.246373 0.902294 -0.811795 0.560034 0.165384
-16.393191 -36.717750 -1843.341712 423.671645 0.483822 0.839879 -0.246007 0.390250 0.044559 0.919630 -0.783340 0.540942 0.306204
-1.088233 -164.682090 108.568505 6173.095813 0.928733 0.165402 0.331808 -0.055801 0.947134 -0.315947 -0.366526 0.274916 0.888865
0.380612 -172.821937 -1157.294542 -2350.013653 0.914214 0.181921 0.362101 -0.180739 0.982818 -0.037450 -0.362693 -0.031209 0.931386
-12.457791 -445.940326 -4268.356595 -106098.689522 -0.170886 -0.398080 0.901294 0.985116 -0.086280 0.148671 0.018581 0.913284 0.406899
-27.840080 -229.966398 -6225.659494 -20411.534422 -0.165353 -0.431726 0.886719 0.912973 -0.407062 -0.027942 0.373013 0.804930 0.461463
-8.572176 -287.311964 -4659.512834 17196.754633 -0.199538 -0.390861 0.898561 0.745944 -0.655225 -0.119366 0.635415 0.646458 0.422303
