17084
34152
-19.312328 -30.735967 -422.397933 -2068.324170 0.368521 0.364835 -0.855037 -0.620361 0.781527 0.066093 0.692347 0.506075 0.514338
-22.010843 -36.563273 -506.108582 -1563.504551 0.301979 0.435584 -0.847983 -0.730875 0.676890 0.087423 0.612071 0.593369 0.522764
-22.154602 -35.004097 -27.547405 2314.033975 0.160154 0.631813 -0.758395 0.733232 -0.590525 -0.337122 0.660849 0.502088 0.557840
-20.091205 -31.377408 -181.466065 -1932.916811 0.370803 0.231084 -0.899503 -0.618934 0.783596 -0.053836 0.692406 0.576695 0.433585
-17.562919 -27.240821 -611.039823 -1920.162208 0.421299 0.324361 -0.846934 -0.537502 0.841474 0.054895 0.730479 0.432101 0.528857
-17.221211 -26.542238 -77.447232 -1182.484910 0.491753 0.059081 -0.868728 -0.448778 0.872171 -0.194720 0.746175 0.485620 0.455407
11.716516 -63.906119 943.648088 2355.932105 -0.135346 0.960041 -0.244955 0.893165 0.225238 0.389260 -0.428879 0.166101 0.887960
12.269938 -57.853211 -695.692674 2592.784492 -0.185115 0.939125 -0.289440 0.900532 0.280019 0.332612 -0.393413 0.199079 0.897549
13.271497 -57.293719 242.055967 4065.906488 -0.211952 0.930746 -0.297974 0.945819 0.272102 0.177162 -0.245972 0.244279 0.937990
22.319896 -43.997630 849.543614 3041.951890 0.303049 -0.886367 0.350022 0.944634 0.327890 0.012459 -0.125812 0.326866 0.936659
18.482066 -62.687288 -937.693815 5363.438664 0.198020 -0.947625 0.250588 0.966115 0.231869 0.113392 -0.165557 0.219643 0.961430
18.534942 -49.215699 1844.604303 2678.040925 0.274429 -0.894082 0.353985 0.924963 0.346089 0.157055 -0.262930 0.284323 0.921970
-26.724405 -36.991514 -445.177041 -2205.190148 0.226927 0.677366 -0.699771 -0.503057 -0.533718 -0.679764 0.833929 -0.506282 -0.219639
-29.391869 -46.837108 -249.026307 -3025.665773 0.170977 0.683209 -0.709924 -0.615775 -0.488383 -0.618307 0.769148 -0.542869 -0.337201
-28.874170 -36.137514 17.536565 -1502.604640 0.304289 0.867214 -0.394141 -0.428865 -0.244738 -0.869585 0.850578 -0.433639 -0.297447
2.345405 -64.514458 -324.471758 -306.308088 0.553142 0.637491 0.536320 -0.414472 -0.347863 0.840955 -0.722667 0.687457 -0.071805
1.394046 -64.091458 -357.182443 204.161545 0.551513 0.644884 0.529110 -0.250900 -0.476683 0.842509 -0.795539 0.597409 0.101096
0.288729 -65.507092 -436.316234 -234.218965 0.547387 0.649279 0.528019 -0.411103 -0.340948 0.845428 -0.728946 0.679847 -0.080290
2.615694 -63.914206 -228.085138 -274.129650 0.556066 0.635778 0.535328 -0.261416 -0.477614 0.838777 -0.788956 0.606359 0.099383
3.293709 -63.633700 -258.311427 -389.604147 0.548659 0.629161 0.550571 -0.429049 -0.353320 0.831313 -0.717558 0.692330 -0.076088
3.864892 -63.119239 -170.608878 79.719591 0.544168 0.618676 0.566675 0.569034 0.224166 -0.791170 -0.616507 0.752987 -0.230063
2.425076 -64.935025 -351.957064 270.375319 0.541909 0.635745 0.549694 0.565891 0.207558 -0.797927 -0.621371 0.743471 -0.247284
1.279877 -10.243973 -524.279162 -813.267401 0.477298 0.853916 0.207399 -0.236713 0.352235 -0.905482 0.846259 -0.383090 -0.370254
1.087782 -11.176704 -71.951722 -1138.072783 0.475582 0.840795 0.258624 -0.229199 0.402283 -0.886361 0.849288 -0.362261 -0.384028
0.337226 -18.121846 -438.641703 -2138.013817 0.507290 0.800604 0.318890 -0.209427 0.473475 -0.855548 0.835941 -0.367227 -0.407857
-2.006889 -14.654985 -727.549184 -1245.081648 0.504102 0.807386 0.306607 -0.198379 0.453772 -0.868756 0.840551 -0.377118 -0.388916
-0.561779 -9.872645 -837.187423 -388.387668 0.466262 0.872883 0.143787 -0.251395 0.286574 -0.924487 0.848175 -0.394906 -0.353057
18.955651 -22.590082 5601.558754 -818.536393 0.631609 -0.505970 0.587422 0.725948 0.651948 -0.219007 -0.272158 0.564764 0.779084
68.847864 -22.632130 15117.312766 -336.589198 0.462212 -0.640964 0.612801 0.848590 0.520295 -0.095851 -0.257400 0.564320 0.784403
15.991051 -25.730645 5280.820582 -63.695532 0.598120 -0.526017 0.604614 0.783705 0.541607 -0.304087 -0.167509 0.655719 0.736188
-2.107706 -26.370287 1409.302893 -53.642748 0.756635 -0.352780 0.550500 -0.625167 -0.636931 0.451092 -0.191494 0.685467 0.702471
-3.983387 -27.125908 1637.604926 233.473102 0.698330 -0.409508 0.587059 0.709688 0.502869 -0.493422 -0.093153 0.761200 0.641791
9.063912 -27.157206 4025.342045 5.423120 0.559485 -0.530781 0.636591 0.825098 0.429578 -0.366982 -0.078678 0.730571 0.678289
-0.607037 -22.693808 -362.688789 -208.008322 -0.204911 -0.089599 0.974671 -0.621619 0.781104 -0.058882 -0.756043 -0.617939 -0.215753
-1.767841 -22.520700 -11.774704 -56.719496 -0.209793 -0.054632 0.976218 -0.607488 0.789620 -0.086362 -0.766124 -0.611159 -0.198845
-1.654103 -23.552388 25.934521 -28.946457 -0.221898 -0.032333 0.974534 -0.499036 0.862401 -0.085016 -0.837690 -0.505192 -0.207500
-0.395961 -21.762451 532.084844 235.419369 0.201940 0.111553 -0.973024 0.720848 -0.689493 0.070557 -0.663022 -0.715650 -0.219649
-2.326584 -23.812357 46.505413 -279.597496 -0.249740 -0.043885 0.967318 -0.579358 0.807208 -0.112957 -0.775870 -0.588634 -0.227017
-0.023641 -22.512938 483.874441 312.949328 0.222796 0.100272 -0.969695 0.706245 -0.702269 0.089647 -0.671997 -0.704815 -0.227279
25.479887 -44.702744 2828.498983 -137.640433 -0.116051 0.799349 -0.589554 0.992249 0.066747 -0.104821 -0.044438 -0.597149 -0.800899
38.830291 -46.083428 3682.245364 822.629820 -0.105712 0.730985 -0.674155 0.993304 0.109393 -0.037142 0.046598 -0.673568 -0.737655
25.460642 -42.243353 3025.173960 12.837588 -0.153653 0.799598 -0.580546 0.982856 0.184265 -0.006340 0.101905 -0.571568 -0.814203
32.363198 -48.255666 2581.014747 223.644035 -0.061270 0.705324 -0.706233 0.993219 -0.026955 -0.113088 -0.098800 -0.708373 -0.698890
8.219956 -41.968799 1481.008089 261.719945 -0.105202 0.825259 -0.554870 0.991102 0.132759 0.009541 0.081538 -0.548929 -0.831882
10.245946 -43.326453 1685.041965 398.118968 -0.082893 0.836282 -0.541998 0.993690 0.028124 -0.108581 -0.075561 -0.547578 -0.833336
23.433631 -46.243902 2373.781053 -75.822567 -0.074793 0.790390 -0.608021 0.978111 -0.060581 -0.199070 -0.194178 -0.609601 -0.768558
0.402022 -58.434911 95.820039 3455.811236 0.036546 -0.647982 0.760778 0.207114 0.749668 0.628570 -0.977634 0.134597 0.161604
-0.482683 -56.526972 108.172979 3121.534861 0.033781 -0.649310 0.759773 0.210403 0.747790 0.629714 -0.977031 0.138586 0.161878
0.299877 -64.206660 66.521643 1746.346333 0.035658 -0.638410 0.768870 -0.038999 0.767885 0.639400 -0.998603 -0.052785 0.002484
1.100951 -65.248746 80.423307 2209.830428 0.033038 -0.639908 0.767741 -0.030029 0.767178 0.640731 -0.999003 -0.044223 0.006130
-4.858453 -23.927988 576.145610 -325.759720 0.218222 0.738805 0.637610 -0.485718 0.648908 -0.585659 0.846438 0.181895 -0.500456
-5.158504 -25.562576 405.517907 -387.535585 0.238111 0.713174 0.659308 -0.556566 0.656511 -0.509144 0.795951 0.245716 -0.553250
-2.170431 -24.490848 653.699870 -372.853976 0.223513 0.715005 0.662427 -0.481918 0.671806 -0.562523 0.847229 0.193505 -0.494731
-1.334666 -23.342323 898.148549 -427.090391 0.204575 0.742196 0.638196 -0.418782 0.655666 -0.628270 0.884743 0.138737 -0.444951
-3.903168 -22.378949 570.671675 -417.318474 0.188935 0.782988 0.592649 -0.425957 0.609131 -0.668969 0.884796 0.126051 -0.448606
6.847153 -57.057267 208.239038 -1325.475141 -0.106094 0.962572 -0.249398 0.771462 0.237927 0.590116 -0.627367 0.129794 0.767831
9.317740 -50.385815 -1092.060673 -731.304874 -0.164628 0.940650 -0.296773 0.796086 0.304358 0.523081 -0.582362 0.150143 0.798944
4.599135 -57.053824 -592.588776 1799.441992 0.607505 0.593781 0.527600 0.082829 0.613243 -0.785540 -0.789985 0.520920 0.323366
7.851324 -56.055108 -1616.534711 2135.566651 0.608687 0.608979 0.508571 0.045312 0.613266 -0.788576 -0.792115 0.503041 0.345693
5.846637 -59.928327 -748.116313 1840.088073 0.610972 0.607816 0.507221 -0.085266 0.687509 -0.721153 -0.787047 0.397356 0.471875
3.150686 -59.710311 -133.217069 1265.624687 0.608085 0.598235 0.521870 -0.065434 0.692905 -0.718054 -0.791171 0.402489 0.460490
2.747074 -59.364692 -29.299800 2091.025942 0.603606 0.594051 0.531754 0.102475 0.603620 -0.790659 -0.790670 0.531738 0.303473
4.197811 -19.264812 -1200.271945 -891.709209 -0.288509 -0.086857 0.953530 0.949962 0.098562 0.296407 -0.119727 0.991333 0.054075
5.985709 -20.457505 -1893.872930 -977.043547 -0.148769 -0.091582 0.984622 0.988848 -0.006847 0.148771 -0.006883 0.995774 0.091580
3.219397 -22.666404 251.702801 934.242633 -0.364549 -0.205444 0.908238 0.924704 0.035003 0.379075 -0.109670 0.978043 0.177215
19.038571 -8.372319 2599.496384 1603.326999 0.718561 0.652837 -0.239738 0.691802 -0.706296 0.150187 0.071278 0.273769 0.959151
27.377110 -6.305344 3850.739711 1033.799933 0.727107 0.659086 -0.192147 0.686208 -0.706219 0.174278 0.020834 0.258572 0.965767
18.127124 -15.442266 -2385.513502 5338.266247 -0.649863 -0.713407 0.262160 0.754113 -0.648248 0.105299 0.094824 0.266128 0.959262
27.007098 -6.991945 2905.604734 -2619.585370 0.727154 0.672066 -0.139909 0.684771 -0.695777 0.216757 -0.048329 0.253422 0.966148
12.166978 -17.487441 -1071.159205 4589.046929 -0.642435 -0.709276 0.290181 0.758674 -0.642075 0.110243 0.108125 0.290977 0.950600
13.090269 -10.338731 1270.708667 1334.656274 0.738365 0.620192 -0.264913 0.666972 -0.729679 0.150722 0.099825 0.287977 0.952420
19.644057 -7.993583 2240.182928 -1528.485647 0.742893 0.641043 -0.192806 0.669243 -0.717676 0.192497 0.014973 0.272039 0.962170
22.946444 -50.080095 -4997.779392 10832.244511 0.668582 0.684568 0.290455 -0.084156 0.457729 -0.885100 0.738861 -0.567318 -0.363640
17.306078 -72.117903 -4459.664946 7970.073458 0.663141 0.696032 0.275286 0.038696 0.335414 -0.941276 0.747493 -0.634851 -0.195493
25.058043 -52.800892 -4422.850132 10247.594073 0.632827 0.700618 0.329644 -0.045047 0.458328 -0.887641 0.772982 -0.546873 -0.321603
10.735457 -65.828694 -2758.930081 6248.226229 0.668805 0.696429 0.260167 0.020579 0.332475 -0.942888 0.743153 -0.635961 -0.208029
27.481121 -34.035283 -3456.444142 9078.171769 0.628252 0.679479 0.378956 -0.113745 0.562069 -0.819232 0.769650 -0.471580 -0.430408
23.803174 -36.407104 -4870.799264 9377.558681 0.675522 0.664841 0.318836 -0.146664 0.544930 -0.825555 0.722606 -0.510919 -0.465621
14.995128 -51.163807 -3721.724603 9467.560423 0.686275 0.674013 0.273374 -0.107165 0.465452 -0.878561 0.719404 -0.573639 -0.391659
-15.457770 -24.774970 -215.104654 -103.351156 0.784844 -0.238779 0.571843 -0.618890 -0.255044 0.742918 0.031548 0.936983 0.347948
-14.652654 -25.164789 11.150076 -116.229162 0.859473 -0.173992 0.480659 -0.507472 -0.403479 0.761365 -0.061464 0.898294 0.435075
-15.576497 -25.492170 380.602046 2.875934 0.751386 -0.312485 0.581182 -0.657188 -0.275153 0.701709 0.059359 0.909200 0.412107
-12.147967 -23.739215 -843.406792 -232.305488 0.811195 -0.153143 0.564367 -0.578863 -0.347193 0.737818 -0.082953 0.925205 0.370290
-12.050390 -23.582611 -1275.906557 -90.440655 0.726490 -0.200487 0.657280 -0.687144 -0.202648 0.697686 0.006681 0.958509 0.284985
15.566433 -130.928149 3293.907808 15066.457071 0.519124 0.822675 0.231765 0.362769 0.033446 -0.931279 0.773892 -0.567527 0.281079
19.692438 -153.980372 3730.805613 11468.164192 0.523480 0.824397 0.215263 0.535579 -0.121886 -0.835643 0.662664 -0.552733 0.505334
7.610522 -129.208792 1534.775818 15246.513410 0.544017 0.816084 0.195070 0.358090 -0.015560 -0.933557 0.758826 -0.577723 0.300697
5.902092 -108.069347 1188.505518 9271.123892 0.533335 0.814580 0.228065 0.221658 0.125612 -0.967000 0.816346 -0.566288 0.113564
0.850047 -142.040483 228.979415 14174.335596 0.547178 0.814873 0.191257 0.459886 -0.101766 -0.882127 0.699358 -0.570637 0.430433
1.817716 -117.870845 52.781997 12375.167100 0.538003 0.816483 0.209542 0.243374 0.087541 -0.965974 0.807045 -0.570694 0.151613
33.521835 -11.323303 192.714757 8837.728689 0.869861 -0.490907 0.048494 -0.377626 -0.725917 -0.574842 -0.317397 -0.481720 0.816826
42.440219 -3.557728 -23.041007 7169.380579 0.932598 -0.351781 0.080692 -0.246389 -0.783918 -0.569882 -0.263730 -0.511589 0.817755
52.233804 6.767513 -1612.675024 6489.916991 0.853793 -0.518924 0.041886 -0.408070 -0.717017 -0.565124 -0.323290 -0.465407 0.823942
10.821090 -25.984643 -1271.430437 8525.779909 0.968736 -0.147792 0.199270 -0.023335 -0.853919 -0.519882 -0.246995 -0.498978 0.830671
39.161870 -2.054881 5504.636519 -7140.410035 -0.745054 0.665584 -0.043501 0.526936 0.627330 0.573407 -0.408940 -0.404297 0.818115
26.739250 -20.723388 -866.190728 7103.215255 0.729844 -0.682391 -0.040857 -0.585131 -0.592681 -0.553490 -0.353482 -0.427868 0.831853
8.987143 -35.153982 491.069565 9297.960936 0.844720 -0.535150 -0.007882 -0.461948 -0.721578 -0.515684 -0.270281 -0.439250 0.856743
-51.049286 -581.018182 5429.622088 180826.710515 -0.104504 -0.920221 -0.377191 0.991357 -0.126635 0.034284 -0.079314 -0.370348 0.925501
-30.545824 -215.872247 -6225.776836 61976.598659 -0.049392 -0.965401 -0.256049 0.998621 -0.043168 -0.029875 0.017789 -0.257172 0.966202
-19.394280 -357.678637 -5576.806993 98173.541263 -0.025007 -0.945454 -0.324794 0.980865 -0.085954 0.174687 -0.193076 -0.314210 0.929513
-42.507704 -84.546280 -1736.143298 33078.539724 0.164389 -0.938193 -0.304583 0.980135 0.190096 -0.056550 0.110955 -0.289237 0.950806
-30.709361 -71.351205 2058.717729 28126.068611 -0.191243 -0.922529 -0.335212 0.969719 -0.124730 -0.209971 0.151893 -0.365217 0.918447
3.667363 -64.087254 -114.341584 -563.109665 0.564709 0.608340 0.557697 -0.365894 -0.421165 0.829905 -0.739746 0.672713 0.015248
4.521685 -63.617904 -220.117642 174.190072 0.543341 0.604516 0.582530 0.553448 0.263823 -0.789995 -0.631249 0.751637 -0.191223
3.113696 -64.084497 -121.927434 159.479319 0.575812 0.618650 0.534521 -0.117363 -0.584466 0.802886 -0.809115 0.525044 0.263935
3.198277 -58.744634 95.803431 -485.101254 0.586636 0.598485 0.545596 -0.265016 -0.494739 0.827648 -0.765262 0.630119 0.131624
4.339752 -60.454985 112.690959 -215.087945 0.565867 0.565406 0.600092 -0.556591 -0.275001 0.783952 -0.608277 0.777618 -0.159086
3.679134 -57.149719 210.373280 -195.843862 0.580181 0.570508 0.581301 -0.434983 -0.386364 0.813334 -0.688607 0.724737 -0.024000
4.764140 -13.933916 1060.903090 -788.248481 -0.695580 0.540952 -0.472799 0.230561 0.791351 0.566221 0.680448 0.284843 -0.675170
5.617731 -16.667486 951.237134 -682.672656 -0.708914 0.474555 -0.521764 0.121922 0.811100 0.572059 0.694677 0.341926 -0.632859
1.820490 -13.032458 365.408933 -754.678386 -0.708170 0.472858 -0.524309 0.160109 0.830811 0.533027 0.687648 0.293527 -0.664065
0.983127 -9.977400 396.641358 -661.829876 -0.683416 0.564841 -0.462491 0.276475 0.786590 0.552120 0.675651 0.249461 -0.693733
3.817852 -11.054104 1137.422623 -556.329982 -0.657266 0.642465 -0.394004 0.358643 0.726428 0.586240 0.662855 0.244009 -0.707873
-5.191286 -14.833808 -180.993909 -72.355456 -0.291075 0.518883 -0.803764 -0.445139 0.670206 0.593865 0.846833 0.530646 0.035895
-5.469352 -15.804267 -150.492771 41.159382 -0.382960 0.601805 -0.700837 0.406943 -0.571186 -0.712842 0.829300 0.558191 0.026159
-3.799042 -14.935063 -148.059612 -13.571587 -0.263267 0.480011 -0.836827 -0.538398 0.646672 0.540317 0.800511 0.592794 0.088189
-6.651490 -15.917154 -21.351690 -79.042775 -0.421475 0.656665 -0.625420 0.296662 -0.551880 -0.779372 0.856943 0.514024 -0.037796
-4.278684 -14.496610 45.487481 18.596217 -0.189409 0.397309 -0.897925 -0.543073 0.719486 0.432910 0.818044 0.569636 0.079490
-5.191475 -14.597325 -27.186389 -117.275617 -0.187071 0.388334 -0.902331 -0.469699 0.771385 0.429357 0.862779 0.504144 0.038096
-5.878121 -14.670668 -273.777693 -26.965095 -0.216772 0.436829 -0.873035 -0.407820 0.772004 0.487538 0.886957 0.461726 0.010799
-6.711131 -14.982713 -159.621200 103.002386 -0.335623 0.586848 -0.736863 -0.348189 0.649552 0.675904 0.875284 0.483417 -0.013671
10.952088 -70.418109 -4385.282204 -1341.301145 -0.190082 0.910595 0.366995 0.888623 0.000652 0.458637 -0.417393 -0.413299 0.809300
8.676286 -63.478820 -4108.217596 -4870.186663 -0.230677 0.909885 0.344816 0.734331 -0.069709 0.675202 -0.638393 -0.408963 0.652076
24.752853 -75.646045 -1196.413275 -4247.158565 -0.175836 0.963710 0.200858 0.791090 0.016898 0.611466 -0.585882 -0.266414 0.765353
-8.184178 -65.576004 -6007.097753 -3451.812822 -0.157427 0.887793 0.432482 0.808274 -0.135776 0.572938 -0.567370 -0.439760 0.696206
-62.235505 -1194.023380 -86964.520589 -526067.380727 0.261141 0.716867 0.646458 0.107110 -0.687079 0.718645 -0.959340 0.118426 0.256208
137.271322 -1109.327661 -125370.325860 -326680.431592 0.140236 0.724999 0.674322 0.144264 -0.688746 0.710505 -0.979552 0.002358 0.201179
-88.419202 -985.939002 -99153.155802 -788818.440418 0.246098 0.708065 0.661876 0.627452 -0.636862 0.448007 -0.738742 -0.305042 0.601007
-329.471669 -1629.583986 -108283.293552 -288656.799514 0.392631 0.734116 0.553999 0.384739 -0.678238 0.626075 -0.835355 0.032672 0.548740
-70.925700 -235.971474 2166.270327 -41458.422300 -0.323267 0.787144 0.525265 -0.138730 -0.588491 0.796513 -0.936084 -0.184616 -0.299440
-52.218057 -255.773208 5315.431618 -47030.438128 -0.075661 0.885743 0.457968 0.047741 -0.455540 0.888934 -0.995990 -0.089121 0.007820
-36.605268 -177.537264 4810.595993 -36499.709815 -0.087507 0.956883 0.276980 -0.188903 -0.288942 0.938525 -0.978089 -0.029806 -0.206042
-6.238931 -64.115036 -1455.439802 -216.888889 -0.233322 0.741416 -0.629176 0.838923 0.480657 0.255298 -0.491700 0.468264 0.734139
-7.460235 -60.902840 1560.094398 2212.728789 0.245097 -0.739607 0.626824 0.940335 0.338742 0.032006 -0.236003 0.581580 0.778503
-12.713222 -66.850319 471.006268 1882.314895 0.210749 -0.677266 0.704908 0.892983 0.426755 0.143042 -0.397700 0.599325 0.694726
-1.726911 -8.740645 264.121987 99.467493 0.382897 0.921895 0.059163 -0.353354 0.205333 -0.912677 0.853540 -0.328555 -0.404377
-1.411944 -9.962720 -320.455913 398.752571 0.359320 0.929392 -0.084377 -0.400993 0.072121 -0.913238 0.842671 -0.361979 -0.398594
-2.464560 -8.573713 20.661292 357.585962 0.356388 0.933130 -0.047494 -0.418564 0.114002 -0.901004 0.835339 -0.340986 -0.431204
-2.037939 -46.111973 -6091.578946 -3553.599256 0.246750 0.846755 -0.471296 0.361374 0.370855 0.855497 -0.899179 0.381408 0.214487
7.103905 -43.641464 -4765.207080 -3550.469280 0.215284 0.800845 -0.558838 0.334560 0.477141 0.812654 -0.917454 0.361916 0.165210
6.858415 -43.663891 -5806.380712 -491.780990 0.184400 0.836415 -0.516147 0.528977 0.358147 0.769360 -0.828360 0.414899 0.376402
-1.065304 -68.674590 597.844367 73.390601 0.748988 -0.387689 0.537322 -0.634603 -0.186559 0.749984 0.190518 0.902714 0.385759
-0.342185 -66.264274 476.341221 1563.659361 0.761092 -0.375857 0.528651 -0.647585 -0.393731 0.652388 0.037058 0.838873 0.543064
1.500300 -67.770455 478.672845 13.910989 0.751222 -0.388878 0.533328 -0.639920 -0.231073 0.732876 0.161762 0.891840 0.422438
-3.296325 -66.900823 486.016130 1415.126265 0.765112 -0.368039 0.528347 -0.628935 -0.251299 0.735724 0.138002 0.895207 0.423744
1.637089 -68.446564 519.031890 -592.797056 0.747710 -0.393003 0.535236 -0.588816 -0.019796 0.808024 0.306961 0.919324 0.246209
-1.090144 -68.603701 672.059877 -570.025746 0.744140 -0.394786 0.538888 -0.576183 0.028896 0.816810 0.338036 0.918319 0.205966
-3.725224 -67.379699 549.179915 377.747081 0.753065 -0.375622 0.540186 -0.592993 -0.031788 0.804580 0.285046 0.926228 0.246680
4.205577 -32.158308 260.228576 -275.292879 -0.418630 0.671572 -0.611343 0.782731 -0.074544 -0.617880 -0.460523 -0.737180 -0.494453
7.823025 -29.632336 340.375676 -354.911945 -0.263873 0.655236 -0.707840 0.749121 -0.323062 -0.578315 -0.607609 -0.682859 -0.405604
5.452963 -36.763778 666.558073 -438.469153 -0.446909 0.669994 -0.592774 0.743626 -0.090115 -0.662495 -0.497286 -0.736877 -0.457951
4.538023 -28.455242 -23.522063 20.082283 -0.269777 0.668342 -0.693209 0.813877 -0.226470 -0.535084 -0.514611 -0.708540 -0.482852
3.356300 -34.491382 813.342348 183.081697 -0.522262 0.672785 -0.524025 0.762739 0.093692 -0.639883 -0.381407 -0.733881 -0.562092
0.786208 -31.614829 163.832488 297.206824 -0.525267 0.664469 -0.531579 0.788531 0.145260 -0.597594 -0.319866 -0.733063 -0.600254
0.339558 -29.592781 -78.474988 71.674536 -0.414703 0.674932 -0.610318 0.829520 0.004693 -0.558457 -0.374056 -0.737865 -0.561816
-1.495446 -8.545433 631.356063 -121.999653 -0.314267 0.853052 -0.416580 -0.061654 0.419546 0.905638 -0.947331 -0.310295 0.079256
0.621153 -9.115244 -42.049820 -65.044416 -0.325706 0.829299 -0.454069 -0.073997 0.456425 0.886680 -0.942571 -0.322397 0.087294
-0.751819 -8.669427 382.257285 163.247799 -0.323005 0.887146 -0.329606 -0.063877 0.327044 0.942848 -0.944239 -0.325599 0.048969
-3.057121 -8.607331 760.061361 27.766691 -0.318972 0.932623 -0.168732 -0.004614 0.176502 0.984289 -0.947753 -0.314739 0.051996
-4.425678 -8.503931 840.293889 -290.079578 -0.315033 0.931450 -0.182084 0.019142 0.198050 0.980005 -0.948888 -0.305249 0.080222
2.115050 -31.456959 -27.384682 -34.269625 0.630057 -0.549653 0.548553 0.743906 0.224559 -0.629426 0.222783 0.804646 0.550376
2.303107 -30.056442 -33.378737 -48.438515 0.616915 -0.565094 0.547800 0.758675 0.241842 -0.604918 0.209354 0.788785 0.577918
1.705081 -30.210911 -75.926004 -18.303438 0.654043 -0.535360 0.534432 0.748896 0.358609 -0.557275 0.106690 0.764716 0.635474
1.345344 -31.729009 -30.171184 17.116555 0.666844 -0.523877 0.529974 0.735077 0.345617 -0.583276 0.122397 0.778526 0.615562
7.153616 -54.054213 -455.315518 -1569.128138 -0.615547 0.527969 -0.585108 0.490123 0.837845 0.240404 0.617156 -0.138795 -0.774503
6.664876 -50.895589 195.531489 -422.786760 -0.664175 0.544397 -0.512351 0.491171 0.834442 0.249916 0.563581 -0.085664 -0.821607
7.457595 -47.953545 -259.223859 -2086.742145 -0.629762 0.535679 -0.562537 0.605181 0.792353 0.077020 0.486986 -0.291933 -0.823177
-3.613999 -81.124436 -66.593409 1598.126897 0.659538 -0.524398 0.538531 0.357587 -0.411291 -0.838434 -0.661166 -0.745551 0.083745
-2.950601 -77.605004 -156.582715 1757.941211 0.643406 -0.540562 0.542052 0.381361 -0.387627 -0.839231 -0.663771 -0.746684 0.043252
-3.479750 -75.355488 -56.023925 2223.856955 0.654332 -0.520005 0.549040 0.491447 -0.259402 -0.831379 -0.574743 -0.813821 -0.085820
-3.656583 -79.679646 44.601671 2991.962068 0.673437 -0.503253 0.541496 0.470072 -0.273810 -0.839083 -0.570539 -0.819612 -0.052171
-3.835092 -85.085494 -45.558681 2083.617130 0.674588 -0.511095 0.532647 0.333956 -0.432200 -0.837661 -0.658335 -0.742957 0.120874
-4.021556 -40.491792 -1540.059104 -2089.520016 -0.148487 0.918706 -0.365966 0.159312 0.387457 0.908018 -0.975998 -0.076526 0.203894
-6.369667 -41.863064 -305.381320 -120.331003 -0.113860 0.928556 -0.353298 0.104782 0.364851 0.925151 -0.987956 -0.068319 0.138838
-2.269699 -37.626931 -1272.756193 175.159846 -0.137509 0.948747 -0.284552 0.069911 0.295861 0.952669 -0.988030 -0.111107 0.107012
23.020146 -26.587966 -2094.813632 -5315.767788 0.175848 -0.169544 0.969707 -0.167192 0.965602 0.199145 -0.970116 -0.197147 0.141453
19.938672 -41.091725 -1356.878176 -5002.153648 0.228637 -0.276528 0.933412 -0.007454 0.958284 0.285722 -0.973483 -0.072284 0.217038
24.881784 -27.395668 -2367.430504 -5897.417800 0.248394 -0.184969 0.950835 -0.104043 0.970826 0.216038 -0.963055 -0.152591 0.221902
16.126678 -41.667615 -725.037261 -4454.105326 0.177481 -0.293991 0.939186 -0.059675 0.949365 0.308455 -0.982313 -0.110791 0.150951
27.802397 -16.975794 -2426.126354 -3400.607906 0.230009 -0.054387 0.971668 -0.196892 0.975189 0.101192 -0.953063 -0.214588 0.213594
19.816962 -26.255310 -1612.891789 -4384.839842 0.110141 -0.165911 0.979971 -0.226189 0.955914 0.187260 -0.967837 -0.242283 0.067758
27.072601 -16.496880 -2845.540454 -2950.024404 0.130828 -0.023097 0.991136 -0.262759 0.963169 0.057129 -0.955951 -0.267904 0.119940
-2.081985 -51.227167 -223.688265 1630.072374 -0.418280 0.499931 -0.758360 0.279875 0.865221 0.416008 0.864125 -0.038238 -0.501823
-0.639176 -55.401356 -174.852602 2072.346065 -0.415739 0.480857 -0.771970 0.263168 0.876092 0.403987 0.870577 -0.035204 -0.490772
-2.142304 -54.467105 -155.657338 1040.484325 -0.432816 0.470288 -0.769090 0.430157 0.857491 0.282267 0.792235 -0.208659 -0.573433
-3.551207 -51.084091 -171.413609 783.281443 -0.445046 0.485942 -0.752193 0.441617 0.849818 0.287722 0.779043 -0.204132 -0.592808
-3.883881 -48.156340 -246.103761 1096.045783 -0.429592 0.508719 -0.746094 0.298249 0.859785 0.414510 0.852349 -0.044452 -0.521081
27.001981 -8.976034 1355.609217 420.258499 0.062401 -0.037383 0.997351 -0.424178 0.903562 0.060407 -0.903426 -0.426824 0.040526
22.821080 -12.411231 2532.304796 1632.105842 0.167804 -0.127637 0.977523 -0.425432 0.885119 0.188603 -0.889297 -0.447518 0.094226
27.099298 -7.827818 240.162536 558.384331 -0.005407 -0.117156 0.993099 -0.448822 0.887748 0.102285 -0.893605 -0.445172 -0.057382
-5.645349 -64.790803 207.086438 2578.150598 0.684719 -0.224536 0.693357 -0.493852 0.556698 0.667980 0.535976 0.799795 -0.270294
-2.533368 -75.931133 105.030846 3507.544887 0.687306 -0.239570 0.685723 -0.364831 0.702469 0.611094 0.628099 0.670181 -0.395409
-4.935595 -66.025727 157.571872 3522.420239 0.652224 -0.185973 0.734859 -0.553504 0.545519 0.629319 0.517916 0.817204 -0.252864
-1.464742 -70.927704 -202.936620 2301.962080 0.715791 -0.274394 0.642146 -0.302901 0.706555 0.639556 0.629201 0.652295 -0.422631
-9.058818 -55.237816 487.646536 2589.246359 0.672004 -0.193975 0.714691 -0.618940 0.382767 0.685859 0.406600 0.903251 -0.137162
-3.784275 -64.248695 -166.305508 1290.720058 0.719742 -0.266622 0.641003 -0.423541 0.562945 0.709722 0.550077 0.782308 -0.292249
-8.315861 -57.955304 297.973514 1385.299178 0.709042 -0.236508 0.664322 -0.556603 0.390710 0.733170 0.432958 0.889612 -0.145388
-1.551068 -81.503185 -36.116756 1962.711964 0.539383 -0.320366 0.778737 0.331342 0.930944 0.153482 -0.774131 0.175243 0.608286
-0.900027 -83.745644 -281.042814 2413.581054 0.527663 -0.329113 0.783107 0.304206 0.933964 0.187537 -0.793114 0.139269 0.592937
-2.160898 -88.227360 -85.603138 1764.928750 0.535924 -0.325215 0.779116 0.148772 0.944769 0.292026 -0.831055 -0.040593 0.554707
-2.009299 -87.326658 181.699179 1975.644931 0.546857 -0.312079 0.776888 0.184488 0.950039 0.251772 -0.816647 0.005644 0.577110
-1.536156 -80.579576 170.378369 1852.523094 0.547696 -0.317882 0.773938 0.365797 0.922900 0.120201 -0.752477 0.217271 0.621749
-3.386778 -4.254830 -696.300950 -93.606745 -0.575391 0.761381 -0.298704 -0.549146 -0.630298 -0.548783 0.606105 0.151733 -0.780777
-2.785954 -5.701025 625.042599 -227.221227 -0.812618 0.025735 -0.582228 -0.086939 0.982494 0.164767 0.576275 0.184511 -0.796155
-3.382624 -5.532035 82.906581 -546.239042 0.391615 0.783260 0.482848 -0.687945 0.597726 -0.411650 0.611039 0.170964 -0.772918
-2.341106 -4.167103 -549.867220 -194.976667 -0.161795 0.985097 0.058361 -0.752135 -0.084815 -0.653528 0.638839 0.149633 -0.754649
-1.395890 -4.483031 -783.004781 -109.793597 -0.413331 0.893397 -0.176067 -0.661182 -0.427408 -0.616572 0.626096 0.138436 -0.767359
-6.220797 -154.729780 476.162180 -5355.184825 0.664515 -0.379376 0.643812 -0.639869 0.156142 0.752454 0.385989 0.911972 0.138993
-4.444403 -144.631681 1008.657360 -2345.254529 0.639308 -0.403768 0.654414 -0.616984 0.238577 0.749941 0.458930 0.883206 0.096594
-7.676414 -149.331326 932.065640 -8468.395566 0.662393 -0.380122 0.645556 -0.504740 0.410330 0.759518 0.553601 0.828937 -0.079937
-7.894349 -153.182289 167.766236 -6126.463187 0.702583 -0.349361 0.619938 -0.516614 0.348704 0.781994 0.489374 0.869685 -0.064509
-8.776292 -140.549357 443.947296 -8934.201434 0.702634 -0.353840 0.617335 -0.357574 0.574499 0.736269 0.615180 0.738070 -0.277139
-7.871532 -134.970999 1094.018310 -11466.654056 0.665856 -0.382130 0.640790 -0.331699 0.617702 0.713036 0.668290 0.687329 -0.284549
-15.291331 -230.337531 1365.069500 -6479.590069 0.712498 -0.638325 0.291355 -0.700218 -0.620087 0.353818 0.045186 0.456107 0.888777
-24.992553 -286.896931 -3333.900604 -12539.991548 0.705775 -0.604173 0.369940 0.708430 0.603917 -0.365254 -0.002737 0.519864 0.854245
-21.881209 -252.686032 -1251.380237 28126.973458 0.725184 -0.623231 0.292731 -0.658927 -0.751509 0.032382 -0.199808 0.216371 0.955646
1.879394 -140.326190 615.376769 33119.509808 0.333775 0.309217 0.890494 0.822054 -0.557791 -0.114434 0.461325 0.770230 -0.440370
-9.426205 -73.203656 2200.154521 -8001.881324 -0.592442 -0.079514 -0.801680 -0.507041 0.810102 0.294354 0.626037 0.580872 -0.520255
-5.872080 -88.606196 -462.534594 -10690.946276 0.640911 0.050896 0.765926 -0.510401 0.773529 0.375691 0.573345 0.631714 -0.521740
-459.900486 -1651.585331 116723.195177 -557228.873179 0.726843 -0.459828 0.510154 0.388818 -0.336800 -0.857546 -0.566144 -0.821659 0.066011
-615.905291 -24836.384628 31186.766045 7695202.465368 0.525688 -0.617657 0.584938 0.489009 0.782061 0.386330 -0.696076 0.082951 0.713160
-860.073360 -2344.540592 185749.427970 1081050.401433 0.545691 -0.440734 0.712723 0.047865 0.865524 0.498576 -0.836618 -0.237954 0.493404
939.668981 -33896.839628 -292320.076197 24188281.176011 0.627491 -0.645803 0.434964 0.591348 0.031863 -0.805787 -0.506520 -0.762839 -0.401888
13.078509 -23.378354 968.229076 667.930180 -0.221221 0.795731 -0.563802 -0.560488 -0.576847 -0.594223 0.798069 -0.184550 -0.573608
10.328871 -25.799387 852.610786 593.121524 -0.290955 0.760615 -0.580354 -0.523825 -0.634245 -0.568631 0.800595 -0.138558 -0.582966
10.075128 -22.747585 911.219236 534.376019 -0.275375 0.750928 -0.600230 -0.603792 -0.620956 -0.499849 0.748067 -0.224768 -0.624400
7.633397 -21.894123 546.942862 284.096364 -0.315878 0.702684 -0.637540 -0.643521 -0.652436 -0.400261 0.697211 -0.283837 -0.658281
10.203153 -20.055814 816.798079 -185.847821 -0.259389 0.727290 -0.635426 -0.656409 -0.615379 -0.436390 0.708410 -0.303905 -0.637022
-5.558374 -24.888354 23.090544 3.774811 -0.401835 0.746927 -0.529744 -0.765608 -0.591413 -0.253130 0.502367 -0.303860 -0.809504
-5.107228 -25.155447 -177.288999 207.285543 -0.424839 0.698263 -0.576142 -0.706902 -0.653458 -0.270707 0.565509 -0.292269 -0.771218
-4.781789 -23.954289 -121.501464 159.667491 -0.363849 0.747061 -0.556340 -0.793179 -0.561639 -0.235433 0.488345 -0.355615 -0.796905
22.610735 -43.919800 1471.057264 -2597.474250 0.741693 0.439019 0.507104 -0.628267 0.719478 0.296027 0.234889 0.538158 -0.809452
32.608008 -47.154986 -1696.947320 2935.519545 0.674833 0.584729 0.450214 0.731080 -0.612884 -0.299824 0.100613 0.531474 -0.841078
13.690017 -37.527492 -438.550913 1702.844520 0.653195 0.576545 0.490847 0.716253 -0.680733 -0.153571 0.245596 0.451883 -0.857604
-9.475666 -17.438915 590.859040 -625.681309 -0.041619 0.820498 -0.570133 0.910824 0.265713 0.315906 0.410692 -0.506143 -0.758388
-9.472064 -18.300390 529.340832 523.344256 -0.027989 0.834028 -0.551012 -0.877121 -0.284883 -0.386652 0.479452 -0.472482 -0.739518
-11.651191 -18.491304 405.535673 -548.227475 0.151703 0.841517 -0.518493 0.879095 0.124937 0.459982 0.451861 -0.525585 -0.720820
2.023231 -30.878943 -2169.970364 701.879997 0.351557 -0.616420 0.704581 0.929072 0.322207 -0.181678 -0.115032 0.718477 0.685973
22.294826 -32.653032 -9137.268721 -64.837343 0.234644 -0.621879 0.747134 0.959682 0.270564 -0.076192 -0.154766 0.734889 0.660292
-3.535679 -32.442409 -1516.432320 -90.672479 0.351132 -0.614467 0.706496 0.899253 0.431526 -0.071618 -0.260865 0.660466 0.704084
2.945297 -88.525412 271.418336 -27480.525862 0.482297 -0.597161 0.640928 0.857537 0.172389 -0.484678 0.178941 0.783378 0.595230
2.265830 -127.133189 306.889247 -34987.840932 0.496609 -0.598520 0.628612 0.816875 0.077456 -0.571591 0.293419 0.797355 0.527381
1.497360 -95.975624 172.637593 -24504.434756 0.517634 -0.602242 0.607749 0.818137 0.140508 -0.557592 0.250412 0.785851 0.565449
6.340010 -255.198241 278.861455 -9755.168367 0.828180 0.525668 0.194397 0.085052 0.224958 -0.970649 0.553971 -0.820406 -0.141597
4.074804 -213.764636 -1289.890720 4841.276200 0.876806 0.448613 0.173081 0.043927 0.283718 -0.957901 0.478833 -0.847497 -0.229060
12.243297 -503.332258 -989.168164 -92517.054401 0.882264 0.451930 0.131791 0.268409 -0.252932 -0.929506 0.386738 -0.855444 0.344455
18.259574 -2093.498803 5069.972944 -521174.925137 0.824778 0.510913 0.242301 0.420424 -0.267527 -0.866991 0.378135 -0.816944 0.435450
-28.310049 -42.265109 -314.536878 1134.383564 -0.061320 -0.621575 0.780951 0.873197 -0.412418 -0.259690 0.483495 0.666000 0.568047
-24.079401 -40.746009 529.553111 899.650539 -0.257376 -0.435029 0.862848 0.810912 -0.582855 -0.051979 0.525528 0.686316 0.502783
-22.714298 -37.812546 255.111995 1894.876627 -0.319746 -0.268302 0.908723 0.719571 -0.692711 0.048666 0.616425 0.669452 0.414554
23.868511 -46.734787 -1515.396255 4281.597409 0.278906 -0.913259 0.296933 0.960051 0.257868 -0.108656 0.022661 0.315376 0.948696
22.022983 -36.373958 -294.915945 1279.597490 0.378089 -0.848099 0.371184 0.925523 0.355530 -0.130408 -0.021369 0.392845 0.919356
30.981173 -33.273609 2455.862891 1378.120650 0.410640 -0.816804 0.405223 0.909381 0.399216 -0.116843 -0.066334 0.416482 0.906721
34.297301 -39.084558 3536.880975 2048.574101 0.369975 -0.829955 0.417484 0.907027 0.419928 0.031005 -0.201046 0.367199 0.908155
-26.149698 -46.787728 -782.336542 -3319.328602 0.224281 0.578406 -0.784311 -0.623099 -0.533696 -0.571765 0.749296 -0.616940 -0.240707
-26.265638 -46.559666 -764.152481 1675.861596 0.252551 0.601929 -0.757562 0.721609 0.404415 0.561897 0.644591 -0.688571 -0.332222
-30.030421 -46.817164 -433.575410 -1416.185375 0.171236 0.703894 -0.689356 -0.735741 -0.373992 -0.564637 0.655258 -0.603874 -0.453843
2.319861 -62.210064 -167.165446 880.629119 0.561999 0.632065 0.533527 -0.081410 -0.599627 0.796128 -0.823122 0.490857 0.285534
0.454060 -13.065021 277.858685 -1418.077163 0.465586 0.838894 0.281934 -0.238962 0.425900 -0.872643 0.852130 -0.338919 -0.398757
0.471421 -7.899704 450.034320 -430.909648 0.414555 0.892990 0.175250 -0.279539 0.308225 -0.909316 0.866027 -0.327972 -0.377402
-0.725784 -9.123210 532.669034 -565.160375 0.407129 0.898269 0.165404 -0.302972 0.303654 -0.903328 0.861658 -0.317658 -0.395777
-0.951303 -8.167429 482.148351 73.828418 0.404083 0.899435 0.166534 -0.294212 0.300182 -0.907375 0.866116 -0.317658 -0.385923
0.642931 -5.731323 811.314483 -36.498660 0.393634 0.907370 0.147417 -0.277937 0.270331 -0.921777 0.876244 -0.321871 -0.358603
-0.465789 -6.676901 601.624309 89.016456 0.423218 0.862931 0.276112 -0.234029 0.398525 -0.886797 0.875281 -0.310690 -0.370614
90.182866 -19.756319 21099.485788 -1361.703808 0.516787 -0.633554 0.575795 0.779816 0.625908 -0.011206 -0.353295 0.454805 0.817517
212.254786 -22.946547 41562.577576 -316.639065 0.334206 -0.637942 0.693784 0.849543 0.522670 0.071363 -0.408146 0.565550 0.716639
-2.395149 -21.952669 235.544142 68.227028 0.223989 0.079114 -0.971375 0.715798 -0.689767 0.108877 -0.661409 -0.719696 -0.211130
44.192795 -42.761437 4738.780216 1806.440555 -0.163022 0.750937 -0.639936 0.967052 0.250163 0.047202 0.195534 -0.611157 -0.766977
36.468261 -47.670732 562.770426 2814.841283 -0.054410 0.518547 -0.853316 0.981977 0.182696 0.048407 0.180999 -0.835303 -0.519141
31.357438 -50.895641 -292.392689 1161.161260 -0.036951 0.499783 -0.865362 0.999275 0.026418 -0.027412 0.009161 -0.865748 -0.500397
-0.269760 -47.828836 79.598214 2678.476479 0.027038 -0.666062 0.745406 0.411520 0.686978 0.598926 -0.911000 0.290556 0.292672
-0.636013 -45.413600 107.198936 2709.758483 0.023625 -0.671584 0.740552 0.421904 0.678259 0.601633 -0.906333 0.298228 0.299368
-1.362561 -53.961953 156.980402 2793.628442 0.026896 -0.658552 0.752054 0.217686 0.738130 0.638574 -0.975648 0.146537 0.163210
-2.819859 -27.493109 1022.014268 -663.534082 0.268064 0.673400 0.688966 -0.620908 0.667561 -0.410895 0.736624 0.317638 -0.597069
-6.812326 -26.159172 -1024.988701 -452.478305 -0.286598 -0.660874 -0.693619 -0.608384 0.684821 -0.401111 0.740088 0.307029 -0.598333
-4.281298 -29.768821 -857.223994 -1125.524792 -0.344882 -0.602058 -0.720127 -0.664405 0.698513 -0.265793 0.663041 0.386789 -0.640915
-8.611288 -24.758486 -1354.274494 -385.672872 -0.308810 -0.651418 -0.693030 -0.593344 0.701418 -0.394911 0.743356 0.289253 -0.603120
-6.351885 -28.440484 -1099.348350 -1079.495595 -0.386836 -0.562131 -0.731004 -0.633634 0.737971 -0.232178 0.669974 0.373374 -0.641659
12.522163 -14.484901 780.939384 -1078.468778 0.396954 -0.656878 0.641045 0.479025 0.744031 0.465781 -0.782919 0.122183 0.610007
11.612399 -18.454692 919.798633 -803.263296 0.415525 -0.656112 0.629966 0.540030 0.735264 0.409578 -0.731920 0.170011 0.659841
8.682870 -15.272278 1575.188903 -678.117750 0.478514 -0.642723 0.598273 0.491380 0.760674 0.424171 -0.727716 0.091008 0.679814
11.049797 -18.321698 -568.795079 -437.986113 0.324790 -0.656938 0.680400 0.554138 0.715168 0.425989 -0.766448 0.238679 0.596313
8.903288 -12.103058 1906.291298 -876.660236 0.494010 -0.641032 0.587394 0.436724 0.767126 0.469883 -0.751815 0.024402 0.658922
10.243874 -16.789235 -1026.882797 -595.794099 0.290653 -0.659350 0.693382 0.501158 0.722220 0.476696 -0.815084 0.208941 0.540354
14.372938 -11.732404 -257.254051 -1826.576526 0.322010 -0.666765 0.672111 0.436309 0.734555 0.519676 -0.840205 0.125907 0.527450
15.689917 -10.997987 1871.051412 -1117.995135 0.439906 -0.648378 0.621361 0.419447 0.760141 0.496236 -0.794070 0.042331 0.606350
8.475826 -48.420913 -1282.168232 -815.356973 0.635849 0.581531 0.507462 -0.164013 -0.540669 0.825092 -0.754185 0.607864 0.248405
11.428168 -55.245390 -1487.023578 -2529.709189 0.643393 0.609090 0.463740 -0.003489 -0.603432 0.797407 -0.765528 0.514664 0.386119
10.463012 -60.377988 -1999.793854 2268.989601 0.606121 0.630025 0.485475 -0.121565 0.676584 -0.726262 -0.786028 0.381186 0.486681
129.531805 -22.755740 -34490.569083 -769.719484 -0.544240 0.321422 0.774913 0.579767 0.811727 0.070492 -0.606360 0.487633 -0.628125
600.055330 -20.859036 -157994.488560 -696.805163 -0.448513 0.318494 0.835103 0.595197 0.803471 0.013235 -0.666766 0.502987 -0.549934
156.036079 -19.740948 -37730.994439 -455.202747 -0.541248 0.320186 0.777516 0.497117 0.867611 -0.011233 -0.678178 0.380437 -0.628762
516.099876 -24.798418 -131485.034893 -1007.870407 -0.441164 0.327624 0.835486 0.682393 0.727107 0.075201 -0.582850 0.603306 -0.544342
19.382156 -21.615334 -6657.330517 -812.606273 -0.604778 0.168919 0.778274 0.412200 0.902558 0.124417 -0.681421 0.396049 -0.615476
93.789809 -29.068323 -29464.270184 -1306.265613 -0.549668 0.280147 0.787009 0.647813 0.737768 0.189831 -0.527449 0.614179 -0.587011
9.754599 -28.999925 -4625.522100 -1902.345494 -0.651689 0.047812 0.756978 0.428005 0.847117 0.314967 -0.626190 0.529251 -0.572520
26.023993 -12.218395 -4010.565207 5521.387358 -0.697116 -0.682884 0.218401 0.713282 -0.691389 0.114937 0.072511 0.235906 0.969067
32.454987 -5.582841 2850.746530 1549.739448 0.749628 0.658242 -0.069113 0.658866 -0.732236 0.172410 -0.062881 0.174779 0.982598
33.617378 -5.825267 1860.001106 -2650.861339 0.729404 0.683904 -0.015670 0.667143 -0.706089 0.237402 -0.151296 0.183616 0.971285
20.064277 -74.716228 -4157.402404 8174.129999 0.635343 0.708755 0.306603 0.072323 0.340680 -0.937394 0.768836 -0.617741 -0.165189
14.188598 -83.558364 -4544.757657 4508.149403 0.663934 0.695254 0.275343 0.161729 0.225989 -0.960611 0.730093 -0.682313 -0.037600
9.006365 -74.810890 -2260.930836 1293.854402 0.654900 0.704299 0.273987 0.179990 0.206753 -0.961695 0.733968 -0.679129 -0.008636
5.305228 -65.817267 -1372.977696 -6777.384129 0.604806 0.717388 0.345781 0.535462 -0.044930 -0.843363 0.589483 -0.695224 0.411308
8.496631 -71.803938 -1414.337032 -8103.880241 0.602152 0.720194 0.344576 0.493489 0.003524 -0.869745 0.627600 -0.693763 0.353286
4.260803 -73.645290 -755.192077 -6903.555270 0.628239 0.728705 0.272590 0.361626 0.036719 -0.931600 0.688871 -0.683843 0.240450
8.585466 -61.382335 934.531428 -5687.214250 -0.549707 -0.734074 -0.398695 0.629724 -0.050549 -0.775172 0.548881 -0.677185 0.490051
6.808022 -53.779409 2212.082374 -1249.000484 -0.553368 -0.698609 -0.453574 0.663421 -0.040404 -0.747154 0.503643 -0.714362 0.485830
-14.198171 -25.704053 359.626549 -73.714726 0.818461 -0.257498 0.513630 -0.573274 -0.425790 0.700042 -0.038439 0.867409 0.496110
