15272
30529
-53.034298 -79.438603 682.710607 5197.577694 0.227789 0.968407 -0.101489 0.190342 0.057933 0.980007 -0.954925 0.242553 0.171132
-41.945401 -80.153262 -1178.844776 13440.745162 0.101678 0.959600 -0.262354 0.416542 0.198423 0.887198 -0.903413 0.199490 0.379538
-42.028433 -64.638837 -130.198158 7205.958278 0.313967 0.936634 0.155376 0.307377 -0.255113 0.916753 -0.898301 0.240071 0.367996
-32.305968 -50.095729 -3042.903827 7143.040998 0.212667 0.974298 0.074278 0.488095 -0.171778 0.855719 -0.846484 0.145728 0.512082
-44.812987 -75.885682 -1246.264960 5838.452781 0.346062 0.926219 0.149532 0.157545 -0.214485 0.963938 -0.924890 0.310024 0.220146
-42.206767 -70.190448 303.789127 7071.647322 0.466842 0.839363 0.278438 0.158414 -0.389134 0.907458 -0.870036 0.379531 0.314631
-34.299028 -50.052921 -1260.941098 4693.859368 0.445847 0.796403 0.408610 0.270109 -0.554916 0.786835 -0.853382 0.240439 0.462523
-37.283039 -58.241293 102.593071 5333.770283 0.475518 0.791766 0.383391 0.190454 -0.518139 0.833822 -0.858842 0.323479 0.397180
12.711961 -76.660443 14040.289547 -462.032298 -0.405335 -0.795779 -0.449932 0.853688 -0.153453 -0.497664 0.326987 -0.585822 0.741547
23.930462 -76.036721 13947.329415 -2481.914052 -0.332780 -0.818302 -0.468658 0.922210 -0.178611 -0.342969 0.196945 -0.546334 0.814084
43.458025 -88.116329 12415.253824 -6358.592872 -0.355943 -0.848168 -0.392320 0.882679 -0.167274 -0.439201 0.306891 -0.502623 0.808200
37.577034 -88.719817 12004.070147 -94.958371 -0.424576 -0.837205 -0.344708 0.758433 -0.120938 -0.640433 0.494485 -0.533350 0.686311
6.668373 -82.209570 13423.834656 -813.265768 -0.479366 -0.793090 -0.375788 0.724180 -0.115580 -0.679856 0.495753 -0.598039 0.629745
-11.319085 -72.097052 10274.813513 2541.545122 -0.405181 -0.797134 -0.447666 0.820591 -0.101217 -0.562482 0.403062 -0.595258 0.695133
-9.461071 -72.226081 10548.555822 905.736766 -0.363795 -0.794823 -0.485706 0.883250 -0.128740 -0.450883 0.295843 -0.593029 0.748862
-47.313454 -68.294945 -1892.023702 1336.385765 0.750285 -0.573366 0.329126 -0.455016 -0.086685 0.886254 0.479618 0.814701 0.325929
-47.938884 -63.257920 -717.347611 5210.655589 0.653656 -0.642650 0.399669 -0.628593 -0.166955 0.759603 0.421432 0.747748 0.513097
-54.073237 -69.094882 -1206.562285 -3684.532562 0.501365 -0.695045 0.515311 0.663265 -0.073717 -0.744745 0.555618 0.715177 0.424040
-53.315955 -70.973970 -3647.109908 -460.454673 0.665275 -0.613855 0.424961 -0.462292 0.108257 0.880095 0.586256 0.781960 0.211759
-45.139762 -69.206055 -2175.564014 -2933.248652 0.803162 -0.506644 0.313436 -0.323292 0.071266 0.943612 0.500413 0.859205 0.106556
-1.430099 -12.743249 -1687.291538 3423.305724 -0.219115 0.773409 0.594834 0.898609 0.397475 -0.185785 -0.380119 0.493815 -0.782085
-1.112237 -12.257453 -1054.136949 3642.958420 0.127597 0.858958 0.495894 0.930842 0.068906 -0.358866 -0.342421 0.507389 -0.790762
1.537215 -17.929741 -712.477433 1372.488677 -0.109025 0.810387 0.575662 0.908146 0.316689 -0.273823 -0.404208 0.492932 -0.770477
2.737033 -18.984215 534.927367 -642.322282 -0.256272 0.744048 0.617023 0.859280 0.467705 -0.207099 -0.442677 0.477122 -0.759205
0.850095 -14.911041 2452.372072 916.308443 -0.450915 0.623085 0.639094 0.788210 0.613942 -0.042438 -0.418809 0.484604 -0.767957
7.273128 -128.303271 1534.191140 -59.182128 0.941258 0.179247 0.286190 -0.337682 0.505218 0.794183 0.002233 0.844172 -0.536068
5.067967 -129.075330 1807.146981 1693.455448 0.945851 0.163170 0.280608 -0.315212 0.668116 0.673989 0.077504 0.725945 -0.683372
2.892591 -130.454751 2356.909909 526.230601 0.944500 0.149529 0.292507 -0.327384 0.502109 0.800441 0.027181 0.851779 -0.523195
7.800625 -126.805797 712.654087 1180.476240 0.943294 0.193275 0.269891 -0.327691 0.672091 0.664012 0.053054 0.714800 -0.697314
6.998369 -129.343532 1979.588153 -709.735261 0.939788 0.171326 0.295712 -0.336567 0.313753 0.887852 -0.059331 0.933920 -0.352524
9.991687 -127.602325 304.221491 -1929.863211 0.935221 0.216804 0.279923 -0.353080 0.512187 0.782943 -0.026372 0.831060 -0.555557
10.422644 -129.248648 595.635174 -1822.065476 0.934027 0.213077 0.286690 -0.343454 0.315194 0.884699 -0.098146 0.924798 -0.367582
-4.766993 -28.068300 -388.618731 5150.664144 -0.297562 0.951362 -0.079790 0.817695 0.210830 -0.535654 0.492779 0.224634 0.840659
-6.547806 -24.462538 -1224.511273 4853.406360 -0.183374 0.971369 -0.151052 0.844328 0.076931 -0.530276 0.503473 0.224776 0.834261
-8.400787 -37.985936 -383.882217 4628.982670 -0.280322 0.955227 -0.094667 0.858747 0.205490 -0.469390 0.428920 0.212876 0.877902
-7.892227 -39.154973 85.411258 3595.153818 -0.354018 0.934506 -0.037006 0.840405 0.300510 -0.451013 0.410354 0.190767 0.891750
-2.388941 -29.995413 -1113.585565 5618.163074 -0.372300 0.927869 -0.021269 0.786594 0.303286 -0.537854 0.492607 0.216973 0.842770
4.791799 -67.648757 -51.906476 2914.623855 0.094122 0.994402 0.048026 0.032625 0.045133 -0.998448 0.995026 -0.095542 0.028194
3.745365 -70.849462 -245.920621 2261.127754 0.097591 0.991929 0.080954 0.208386 0.059173 -0.976255 0.973166 -0.112143 0.200929
5.134196 -72.047829 -145.474600 2740.715705 0.076724 0.994753 0.067671 0.082720 0.061286 -0.994687 0.993615 -0.081914 0.077584
5.405182 -67.129496 12.009414 1954.878327 0.070081 0.997215 0.025522 -0.080735 0.031171 -0.996248 0.994269 -0.067758 -0.082694
5.291335 -62.604799 1.617470 1588.124986 0.088633 0.995967 0.013932 -0.119399 0.024510 -0.992544 0.988882 -0.086308 -0.121090
-3.693124 -97.775280 936.420937 -7346.372994 -0.314605 0.890659 -0.328254 0.694566 0.451708 0.559945 -0.646995 0.051833 0.760731
-0.902869 -83.844256 1219.350287 -432.513662 -0.265709 0.914720 -0.304444 0.583916 0.403981 0.704160 -0.767099 -0.009332 0.641461
-4.894433 -86.801690 1054.906034 -3058.212000 -0.278412 0.914477 -0.293630 0.680784 0.403546 0.611296 -0.677510 0.029707 0.734914
12.544537 -38.583684 4498.555701 -363.992979 0.060380 0.996601 -0.056050 -0.450899 -0.022865 -0.892282 0.890530 -0.079149 -0.447985
23.782499 -40.058130 6820.251379 1347.217378 0.072097 0.997282 -0.015158 -0.336331 0.010002 -0.941691 0.938980 -0.072992 -0.336138
5.352127 -40.345167 2949.294838 297.318903 0.062679 0.995766 -0.067239 -0.421070 -0.034698 -0.906364 0.904860 -0.085122 -0.417113
0.973410 -40.891742 1773.452281 -1026.494746 0.051068 0.992953 -0.106944 -0.537006 -0.062984 -0.841224 0.842031 -0.100389 -0.530005
-3.445147 -41.463447 320.068637 -594.137162 0.078133 0.991329 -0.105653 -0.507646 -0.051647 -0.860016 0.858015 -0.120830 -0.499209
-2.026051 -43.173676 1026.105172 1687.846350 0.085351 0.994797 -0.055628 -0.397368 -0.017213 -0.917498 0.913682 -0.100414 -0.393831
-8.785016 -111.407867 -1978.553747 5264.372876 0.905606 0.318214 0.280389 -0.104280 -0.473750 0.874463 -0.411101 0.821158 0.395848
-10.875922 -103.448302 -1902.106539 4207.420756 0.904854 0.303887 0.298148 -0.044128 -0.629612 0.775655 -0.423429 0.715011 0.556297
-11.955006 -108.961406 -492.799214 5667.254199 0.920136 0.294710 0.257867 -0.096830 -0.466821 0.879035 -0.379438 0.833801 0.401002
-10.043366 -117.682093 -893.141922 4960.839521 0.919760 0.305843 0.245973 -0.162312 -0.274204 0.947875 -0.357348 0.911741 0.202560
38.767932 -42.085360 5136.504529 857.797338 0.134423 0.967429 0.214505 0.815488 0.014976 -0.578580 0.562947 -0.252701 0.786914
47.334696 -42.200493 5598.609905 -783.836434 0.177312 0.958619 0.222732 0.712698 0.031000 -0.700786 0.678692 -0.282998 0.677709
38.400513 -39.891719 -1660.539454 1904.251539 0.337489 0.881258 0.330885 0.707673 -0.005737 -0.706517 0.620725 -0.472600 0.625579
-3.182674 -126.922415 -455.195200 -6614.034465 0.991513 0.080040 0.102443 -0.118554 0.880039 0.459866 0.053346 0.468108 -0.882059
-2.138732 -115.255952 -883.187718 -7015.107958 0.996502 0.041714 0.072407 -0.059736 0.961514 0.268184 0.058433 0.271571 -0.960643
-2.113779 -131.148182 -378.955678 -9493.678184 0.993095 0.075310 0.089951 -0.104228 0.918318 0.381876 0.053845 0.388614 -0.919826
-3.040469 -141.708671 1103.724170 -8824.804474 0.982289 0.108170 0.152996 -0.180627 0.763785 0.619683 0.049824 0.636343 -0.769796
-4.910129 -129.254850 -1666.882308 -7290.118203 0.981403 0.139614 0.131743 -0.191554 0.756860 0.624877 0.012469 0.638491 -0.769528
-2.264896 -142.583784 -229.689466 -7900.272287 0.988184 0.106035 0.110673 -0.149494 0.826093 0.543343 0.033812 0.553468 -0.832184
-16.329768 -90.614136 2957.851663 6014.248476 0.989258 0.138494 0.046777 0.055625 -0.652567 0.755687 -0.135183 0.744967 0.653260
-18.407418 -102.049245 1782.136857 4188.961776 0.986347 0.162925 0.023959 0.057264 -0.475748 0.877715 -0.154400 0.864360 0.478583
-19.581482 -93.988737 3480.915994 6212.802386 0.984406 0.171066 0.041007 0.076910 -0.628181 0.774257 -0.158208 0.759029 0.631541
-17.421136 -99.097574 394.727749 4967.145602 0.990954 0.130218 0.032446 0.038677 -0.508642 0.860109 -0.128505 0.851074 0.509077
-17.868755 -82.013941 3206.573355 7639.730132 0.986502 0.147727 0.070645 0.068190 -0.762841 0.642980 -0.148877 0.629484 0.762618
-11.069135 -77.156153 3324.987060 7540.239791 0.993529 0.070957 0.088683 0.001302 -0.787889 0.615816 -0.113569 0.611716 0.782883
-12.633060 -87.673487 2284.460855 5362.253590 0.993570 0.097293 0.057899 0.020063 -0.654606 0.755704 -0.111426 0.749683 0.652349
-55.716305 -5887.156889 -15923.200274 -3271485.662911 -0.957484 -0.109549 -0.266877 -0.063525 0.982451 -0.175371 0.281405 -0.150961 -0.947640
70.556251 -9955.895241 56026.902655 13961620.050390 0.950062 0.098462 0.296122 -0.288695 0.637597 0.714230 0.118482 0.764052 -0.634182
-67.126394 -3395.571075 26583.782022 -365356.216522 0.951220 -0.081245 0.297623 0.265607 0.706431 -0.656055 0.156948 -0.703104 -0.693550
-38.792231 -3762.004047 -8090.643333 -1096725.455429 0.895986 -0.160739 0.413972 0.421503 0.014349 -0.906714 -0.139805 -0.986893 -0.080609
140.784085 -4092.979040 75887.650248 104622.171050 0.885060 -0.079528 0.458632 0.212268 -0.807925 -0.549726 -0.414259 -0.583894 0.698181
-10.103082 -2579.171521 35080.365827 -1309596.608519 0.911931 -0.007620 0.410272 0.352641 -0.496694 -0.793057 -0.209823 -0.867892 0.450264
-857.581330 -13216.546298 425267.039932 -10046770.907344 0.756339 0.004231 0.654167 0.648826 0.122827 -0.750958 0.083527 -0.992419 -0.090154
58.161471 -2755.934736 26324.580149 -1055041.510886 0.717828 -0.015438 0.696049 0.503426 0.702099 -0.503606 0.480921 -0.711912 -0.511759
-14.341440 -1657.309601 55458.092059 -682708.491843 0.792363 0.093465 0.602848 0.522724 -0.613492 -0.591935 -0.314517 -0.784151 0.534965
-114.146844 -1948.915989 74601.117420 -1109624.319949 0.741102 -0.056081 0.669047 0.499678 -0.619506 -0.605421 -0.448431 -0.782986 0.431094
-34.730390 -1890.426129 166150.365498 -878736.442163 0.806364 0.029639 0.590677 0.099174 0.977825 -0.184454 -0.583045 0.207317 0.785543
-2.579249 -117.054114 -432.247572 -13294.733566 0.986695 0.045474 0.156091 0.148270 -0.645556 -0.749182 -0.066697 -0.762358 0.643710
-0.509693 -115.078220 519.719018 -12376.923081 0.990751 0.059755 0.121828 0.133518 -0.589409 -0.796725 -0.024198 -0.805622 0.591936
-2.136848 -110.245238 -0.655847 -834.284925 0.987427 0.057121 0.147394 0.144672 -0.702305 -0.697021 -0.063701 -0.709581 0.701739
-16.494058 -45.214889 4015.535267 43.995079 0.205042 0.869719 -0.448940 0.627845 0.235002 0.742014 -0.750846 0.434008 0.497863
-16.181282 -44.922892 4443.785735 174.970199 0.181249 0.858295 -0.480082 0.728784 0.210551 0.651569 -0.660320 0.467972 0.587350
-9.717583 -45.787460 2602.454964 76.842729 0.211127 0.862794 -0.459360 0.639243 0.233647 0.732651 -0.739455 0.448325 0.502206
1.686977 -88.422214 313.751198 4955.382704 0.998981 -0.006090 0.044717 -0.041434 -0.516493 0.855289 -0.017888 0.856270 0.516219
-7.004096 -76.493904 -703.460868 6308.449565 0.997645 -0.000736 0.068579 -0.050905 -0.678043 0.733257 -0.045960 0.735022 0.676484
-1.347372 -87.436494 -1602.684860 7742.025828 0.997987 0.056864 -0.028065 0.054259 -0.536693 0.842031 -0.032819 0.841859 0.538698
-25.661224 -40.404702 -2115.091125 -1625.012450 0.529207 0.791188 0.306530 0.776640 -0.597171 0.200539 -0.341715 -0.131937 0.930496
-25.737729 -38.042943 1777.534314 -515.139726 0.427847 0.874784 0.227375 0.826241 -0.480518 0.293987 -0.366434 -0.062085 0.928371
-22.328028 -38.454992 -1149.797920 -891.720721 0.466118 0.836814 0.287187 0.788034 -0.540250 0.295181 -0.402165 -0.088724 0.911258
2891.825406 10.994268 592036.173428 9772.626043 0.914541 0.253474 -0.315223 -0.373172 0.228039 -0.899300 0.156066 -0.940079 -0.303140
13537.057844 101.672621 14769533.281023 -82077.869699 0.480717 0.865356 -0.141668 -0.479175 0.123935 -0.868926 0.734373 -0.485591 -0.474235
6178.921046 27.870038 7224597.982323 -122261.667706 0.392485 0.904012 -0.169465 -0.451179 0.028675 -0.891972 0.801494 -0.426545 -0.419126
-591.994286 -8851.127735 542482.157802 2098734.518424 0.809717 0.583793 0.059536 -0.535384 0.693394 0.482254 -0.240255 0.422363 -0.874006
-387.088397 -582.921302 -281724.375384 21618.730410 -0.463426 -0.195082 0.864396 0.190494 0.930728 0.312181 -0.865418 0.309335 -0.394162
-416.156561 -1673.443794 1989038.661698 563733.515656 0.872325 0.484167 0.068060 -0.403408 0.791387 -0.459313 0.276246 -0.373214 -0.885663
-2269.596597 -12989.372114 2294730.819283 -9541882.200489 0.911543 0.411143 0.007195 -0.393904 0.878077 -0.271699 0.118025 -0.244831 -0.962355
-25.877233 -552.396702 -8973.723918 -195325.416727 0.948971 0.149559 0.277642 0.240376 0.226858 -0.943798 0.204139 -0.962376 -0.179331
-27.435142 -296.280351 -729.175113 -94277.739030 0.906856 0.213084 0.363602 0.347728 0.109133 -0.931222 0.238110 -0.970920 -0.024873
-30.207610 -185.687908 -4672.605987 -68812.354030 0.942355 0.126083 0.309951 0.305781 0.051680 -0.950698 0.135885 -0.990673 -0.010147
-20.036506 -699.982489 -11214.745024 -241796.868905 0.974037 0.183067 0.133187 0.069414 0.318474 -0.945387 0.215485 -0.930086 -0.297498
12.117468 -166.813692 -1685.537114 21003.155863 0.960769 0.256124 0.106415 0.120076 -0.038256 -0.992027 0.250011 -0.965887 0.067509
32.988131 -768.977922 -972.189416 226883.703732 0.952352 0.258660 0.161618 0.220816 -0.219205 -0.950363 0.210394 -0.940768 0.265876
19.272493 -673.168387 2706.574845 188707.805995 0.943660 0.319645 0.085636 0.152281 -0.189705 -0.969960 0.293798 -0.928353 0.227693
11.646723 -148.510761 1657.585687 38512.569263 0.951356 0.305449 0.040286 0.068737 -0.082968 -0.994179 0.300329 -0.948587 0.099928
16.764111 -0.902887 1784.118999 13823.293037 0.961385 0.051778 -0.270292 0.121554 0.801259 0.585841 -0.246908 0.596074 -0.764024
12.716147 2.339990 4575.840986 11466.549471 0.979675 0.098781 -0.174584 0.024932 0.803631 0.594606 -0.199037 0.586873 -0.784834
15.520453 10.487988 791.925181 784.869440 0.795065 0.599971 0.088923 -0.535600 0.625710 0.567115 -0.284613 0.498520 -0.818824
12.646896 6.338074 3679.183286 -5985.135513 -0.119989 0.830387 0.544114 0.924636 0.293020 -0.243284 -0.361457 0.473916 -0.802965
10.177837 1.351068 -3530.284461 10091.620051 0.922884 0.003923 -0.385059 0.212065 0.829479 0.516714 -0.321425 0.558524 -0.764681
21.608141 9.510253 -4956.902744 -1925.521462 0.152958 0.917902 0.366141 0.930921 -0.009495 -0.365097 -0.331647 0.396693 -0.855947
-36.176601 -58.754520 3311.574274 -6484.128582 -0.099050 0.939971 -0.326563 -0.449478 -0.335052 -0.828076 0.887783 -0.064761 -0.455683
-36.835398 -57.809752 3074.137093 -5584.621708 -0.027625 0.937646 -0.346491 -0.364873 -0.332166 -0.869789 0.930647 -0.102397 -0.351298
-38.571516 -56.990551 2411.716496 -2799.437189 -0.043592 0.915447 -0.400071 -0.473596 -0.371533 -0.798543 0.879663 -0.154662 -0.449747
4.663362 -36.050487 9931.737398 3512.738627 0.318280 0.926593 0.200306 -0.310275 0.301476 -0.901577 0.895783 -0.224804 -0.383453
9.982102 -41.366487 8944.121562 1564.522503 0.299299 0.947714 0.110717 -0.259448 0.192497 -0.946378 0.918209 -0.254525 -0.303497
-1.583942 -40.214023 3973.180730 1394.835868 0.303488 0.945510 0.117924 -0.230221 0.192859 -0.953836 0.924605 -0.262329 -0.276206
20.716483 -38.022246 13480.410708 4420.943133 0.325927 0.926305 0.189024 -0.334104 0.299897 -0.893553 0.884390 -0.228079 -0.407227
13.534795 -29.439655 14874.243523 3965.409328 0.341372 0.893946 0.290388 -0.353748 0.408424 -0.841458 0.870820 -0.184526 -0.455657
46.950461 -71.752858 -7220.786058 -19044.017019 0.833038 -0.206914 -0.513063 -0.272380 0.653814 -0.705929 -0.481515 -0.727814 -0.488293
72.839664 -68.364274 -9638.333523 -14591.693726 0.869840 -0.027707 -0.492555 -0.341179 0.687375 -0.641180 -0.356336 -0.725774 -0.588454
51.092795 -96.656037 -8176.007796 -18710.425895 0.856825 -0.133015 -0.498154 -0.239058 0.753545 -0.612389 -0.456839 -0.643798 -0.613858
36.300952 -109.750823 -7465.836977 -23924.519378 0.833944 -0.217843 -0.507033 -0.192687 0.746015 -0.637443 -0.517116 -0.629290 -0.580159
27.583367 -109.456828 -6554.333575 -25063.996390 0.812339 -0.285735 -0.508391 -0.164498 0.724085 -0.669807 -0.559505 -0.627740 -0.541199
28.022938 -80.352115 -4882.893403 -20104.606505 0.795621 -0.343402 -0.499062 -0.187823 0.643386 -0.742144 -0.575943 -0.684200 -0.447392
40.563569 -46.211112 -7854.105993 -10403.911493 0.800328 -0.303443 -0.517105 -0.263052 0.597315 -0.757640 -0.538776 -0.742386 -0.398227
32.426229 -43.886744 1220.817388 298.297536 -0.319369 0.904092 -0.283937 0.652333 -0.007587 -0.757894 0.687361 0.427269 0.587346
34.060542 -41.740075 6516.548774 592.364594 -0.410319 0.849228 -0.332341 0.625435 -0.003165 -0.780270 0.663679 0.528017 0.529838
35.419345 -43.837747 -319.534406 260.786227 -0.335313 0.903914 -0.265527 0.577340 -0.025563 -0.816103 0.744475 0.426950 0.513294
26.959379 -39.210073 5543.708537 -382.587666 -0.404148 0.840208 -0.361545 0.708389 0.037452 -0.704828 0.578661 0.540970 0.610330
34.576198 -45.591403 -4142.031885 11.575113 -0.227088 0.955157 -0.190017 0.593860 -0.018825 -0.804348 0.771856 0.295502 0.562954
33.073474 -46.095150 -3601.584697 -1022.707894 -0.204494 0.956449 -0.208296 0.684259 -0.012493 -0.729132 0.699980 0.291632 0.651904
32.605314 -42.359771 1900.466234 -1143.279596 -0.295048 0.907932 -0.297668 0.737104 0.018058 -0.675538 0.607967 0.418728 0.674569
2.551389 -67.533020 -789.118386 2936.175940 0.078096 0.859824 0.504583 -0.035004 0.508182 -0.860538 0.996331 -0.049542 -0.069784
4.829571 -70.419881 -1206.598260 -30.800328 0.077100 0.849106 0.522566 0.181585 0.503401 -0.844757 0.980348 -0.160021 0.115372
4.712131 -70.228669 -802.930858 2909.780316 0.066909 0.864837 0.497574 -0.041531 0.500674 -0.864639 0.996894 -0.037187 -0.069417
0.166386 -94.291883 -157.559916 11664.143555 0.062195 0.998053 0.004688 -0.927744 0.056081 0.368980 -0.367999 0.027298 -0.929425
1.315354 -98.802494 -305.808573 12360.762901 0.064412 0.997862 0.011091 -0.929620 0.055958 0.364247 -0.362848 0.033772 -0.931236
0.517575 -79.085165 -250.256939 6548.621341 0.018163 0.999390 0.029817 -0.852703 -0.000089 0.522397 -0.522081 0.034914 -0.852181
-0.056276 -75.193660 -65.946427 5587.780544 0.023905 0.999471 0.022030 -0.851329 0.008800 0.524559 -0.524088 0.031294 -0.851089
-0.048499 -91.572119 34.019515 11182.436230 0.053805 0.998508 0.009337 -0.926439 0.046428 0.373570 -0.372579 0.028750 -0.927555
7.365652 -58.122481 1459.898472 -3325.554408 0.008989 -0.776427 -0.630143 0.930654 0.237015 -0.278761 0.365791 -0.583939 0.724715
13.864542 -58.062413 1994.156717 -6016.747949 0.030484 -0.792689 -0.608864 0.926258 0.251339 -0.280847 0.375655 -0.555403 0.741896
7.835037 -64.251756 1548.575478 -2835.589245 0.011742 -0.783513 -0.621264 0.865790 0.318808 -0.385705 0.500269 -0.533356 0.682102
3.250673 -62.682650 1691.133175 -1754.562566 0.002625 -0.767666 -0.640845 0.871051 0.316531 -0.375604 0.491186 -0.557222 0.669507
3.108945 -59.407739 1699.916186 -1530.663458 0.001339 -0.761653 -0.647984 0.935383 0.230104 -0.268536 0.353635 -0.605753 0.712745
-6.155071 -67.376112 -972.792943 95.715716 0.733212 -0.276173 -0.621393 0.032756 0.927096 -0.373389 0.679211 0.253419 0.688804
-5.495807 -67.759306 148.801079 -678.019422 0.720575 -0.283753 -0.632658 0.084668 0.941610 -0.325886 0.688189 0.181259 0.702525
-10.669679 -69.368545 986.792492 -1461.700171 0.711230 -0.353894 -0.607380 0.048003 0.886467 -0.460295 0.701318 0.298220 0.647470
-1.662932 -65.971930 -2396.494635 -133.819517 0.741188 -0.233458 -0.629395 0.085917 0.962859 -0.255970 0.665777 0.135646 0.733718
-9.947029 -68.931355 -1238.155210 -1362.532624 0.743496 -0.299831 -0.597759 -0.029777 0.878128 -0.477498 0.668077 0.372818 0.643956
-4.653482 -65.721590 -2677.245524 1109.200249 0.748657 -0.233957 -0.620304 -0.000942 0.935285 -0.353894 0.662957 0.265529 0.699987
-13.893867 -95.247034 266.858088 5144.219921 0.734032 -0.459606 -0.499959 0.261007 -0.488722 0.832482 0.626955 0.741561 0.238778
-15.089461 -95.602013 -895.864544 6400.461230 0.762513 -0.435019 -0.478887 0.233158 -0.505687 0.830613 0.603499 0.745009 0.284165
-15.505790 -88.905697 -943.582266 4826.283124 0.740318 -0.444242 -0.504557 0.170534 -0.601890 0.780158 0.650267 0.663609 0.369831
13.945514 -46.410941 -1385.936592 1208.409044 0.099377 -0.710644 -0.696498 0.989082 0.147094 -0.008958 0.108817 -0.688003 0.717503
14.190175 -47.367074 -1069.191908 906.205214 0.055829 -0.725698 -0.685745 0.998439 0.041895 0.036950 0.001915 -0.686737 0.726903
11.109273 -44.539968 -1614.950465 1048.470198 0.029449 -0.724906 -0.688218 0.977147 0.165883 -0.132914 0.210514 -0.668576 0.713225
-12.304770 -183.386363 1999.763774 -16614.147134 0.896346 -0.059255 -0.439378 -0.310556 -0.791195 -0.526845 0.316415 -0.608687 0.727586
-11.465044 -168.082185 -1174.830152 -11988.104648 0.917505 -0.097496 -0.385588 -0.320527 -0.755242 -0.571728 0.235471 -0.648155 0.724188
-11.227420 -183.581075 1465.039678 -3022.097981 0.907862 -0.051439 -0.416101 -0.350829 -0.636628 -0.686748 0.229576 -0.769453 0.596017
-10.268744 -152.741783 -2154.224452 587.315842 0.788351 -0.310903 -0.530888 -0.243930 0.634233 -0.733653 -0.564801 -0.707876 -0.424159
-19.516229 -166.275496 -7397.931966 5176.816835 0.781242 -0.335659 -0.526302 -0.219681 0.641348 -0.735127 -0.584295 -0.689931 -0.427310
-9.567239 -158.349418 -4763.379449 1411.014241 0.758537 -0.302110 -0.577366 -0.401641 0.480958 -0.779336 -0.513134 -0.823049 -0.243484
-2.666452 -144.413058 -2215.704614 -964.239747 0.751248 -0.294215 -0.590816 -0.415700 0.484374 -0.769790 -0.512659 -0.823905 -0.241580
-1.516862 -145.494525 -3156.894335 -798.448892 0.722308 -0.274677 -0.634684 -0.551855 0.324193 -0.768346 -0.416807 -0.905236 -0.082586
-9.023438 -159.706152 -5504.569180 -1565.162994 0.732452 -0.283748 -0.618871 -0.546090 0.297983 -0.782938 -0.406570 -0.911423 -0.063306
-15.105961 -40.976869 -870.778692 254.608407 0.141818 0.984928 -0.099014 0.660206 -0.168640 -0.731907 0.737574 -0.038428 0.674172
-14.056411 -39.741527 -591.178308 1316.629935 0.147600 0.986095 -0.076362 0.615414 -0.152008 -0.773408 0.774261 -0.067161 0.629293
-14.259179 -38.469729 -261.858250 1982.692386 0.147044 0.976412 -0.158107 0.584473 -0.214724 -0.782486 0.797978 -0.022651 0.602261
-16.078566 -41.406337 -830.661963 444.035404 0.151285 0.976674 -0.152385 0.660957 -0.214577 -0.719092 0.735016 -0.008068 0.678001
34.245259 -162.033776 -17465.236035 4116.729619 0.815754 -0.231298 -0.530138 -0.424217 -0.862301 -0.276546 0.393174 -0.450487 0.801546
29.126646 -157.700362 1281.182066 3482.047017 0.769593 -0.218378 -0.600032 -0.465581 -0.835008 -0.293252 0.436992 -0.505047 0.744288
35.655898 -143.188482 -391.900918 19593.390641 0.795583 -0.226235 -0.562020 -0.508726 -0.753235 -0.416935 0.329007 -0.617620 0.714353
29.707188 -119.111050 4959.941748 27475.567506 0.767583 -0.220405 -0.601862 -0.591777 -0.604399 -0.533387 0.246204 -0.765587 0.594357
30.071369 -124.143487 3013.645796 23656.443231 0.822307 -0.188767 -0.536823 -0.488737 -0.717470 -0.496360 0.291458 -0.670525 0.682238
48.087858 -556.595961 13265.416661 10243.312115 0.917442 -0.280257 -0.282412 0.185246 0.929066 -0.320188 0.352114 0.241438 0.904281
51.763765 -1109.607419 18484.234916 428228.599339 0.938369 -0.345404 -0.012595 -0.341362 -0.931867 0.122865 0.054175 0.110994 0.992343
51.524607 -545.427790 5984.638506 -86317.586935 0.944263 -0.303193 -0.128228 -0.146070 -0.734972 0.662178 0.295012 0.606539 0.738294
33.955841 -443.376035 -940.000402 -103506.969867 0.959115 -0.282928 -0.007061 -0.083470 -0.306622 0.948164 0.270427 0.908810 0.317702
35.670368 -418.857893 12266.715774 -94158.989572 0.901588 -0.388754 -0.189762 0.028633 -0.384070 0.922860 0.431647 0.837473 0.335142
50.225229 -743.687162 5876.000981 -221783.227267 0.902489 -0.331328 -0.275201 -0.037882 -0.697527 0.715557 0.429044 0.635357 0.642061
1440.848085 -92179.883553 -1591531.226848 -181309161.790189 -0.054139 0.779096 -0.624563 -0.055549 -0.626861 -0.777148 0.996987 0.007380 -0.077216
-289.865504 -3677.864114 -52613.079976 2566851.516013 -0.744266 0.626120 0.232470 0.257136 0.589865 -0.765467 0.616400 0.509934 0.600014
-559.307879 -7579.752060 -1189057.580282 -26980337.610418 -0.033412 0.812267 0.582329 0.527998 0.509055 -0.679766 0.848588 -0.284756 0.445884
-8676.703205 -44578.122970 -2323325.290033 -50352914.454675 -0.629599 0.492157 -0.601154 0.776184 0.364774 -0.514275 -0.033818 -0.790393 -0.611666
19.850078 -35.767380 -6072.408919 -1539.711156 0.395252 -0.832246 0.388771 0.776114 0.076180 -0.625974 0.491348 0.549148 0.676028
29.957125 -37.556203 -7425.769928 -1558.556931 0.350642 -0.851530 0.389803 0.787103 0.042420 -0.615361 0.507463 0.522587 0.685117
19.032499 -33.003711 -6427.465666 -2717.784376 0.359178 -0.835682 0.415483 0.827317 0.079081 -0.556141 0.431900 0.543490 0.719778
8.565724 -31.442821 -2587.045519 -1982.096947 0.412206 -0.831179 0.373133 0.796653 0.130101 -0.590269 0.442074 0.540570 0.715790
12.481924 -34.645330 -3040.135589 -618.894816 0.431914 -0.830561 0.351595 0.743358 0.107058 -0.660271 0.510754 0.546541 0.663644
-24.519564 -37.810324 -69.764262 438.708038 0.696645 -0.628822 -0.345351 0.627566 0.767400 -0.131366 0.347629 -0.125215 0.929234
-25.229660 -34.820966 -840.499767 300.682639 0.698020 -0.659184 -0.279724 0.626993 0.751316 -0.205924 0.345903 -0.031646 0.937736
-14.856366 -35.661502 -4351.241657 1090.197073 0.927769 -0.276196 -0.250920 0.298605 0.952771 0.055335 0.223786 -0.126264 0.966425
-14.238459 -38.675909 -3708.346444 1300.722730 0.910283 -0.304333 -0.280654 0.350825 0.926995 0.132674 0.219788 -0.219232 0.950595
-23.927671 -41.201097 458.721529 748.653654 0.700993 -0.587501 -0.404290 0.624642 0.779343 -0.049458 0.344138 -0.217867 0.913293
28.680564 -65.457205 -3619.791725 -27608.263275 0.019330 0.964400 0.263739 0.334315 -0.254839 0.907354 -0.942263 -0.070633 0.327339
35.547190 -75.729781 -3943.227294 -47087.671961 0.023677 0.991989 0.124084 0.394704 -0.123311 0.910496 -0.918503 -0.027419 0.394461
29.760231 -113.669049 -4209.909732 -62760.336472 -0.032197 0.985870 0.164390 0.396296 -0.138402 0.907631 -0.917558 -0.094371 0.386240
-63.539185 -438.008528 -31903.970439 52210.834613 -0.197736 -0.918844 0.341505 0.941165 -0.275358 -0.195924 0.274060 0.282671 0.919232
12.112178 -562.249148 20566.967947 142343.714570 0.148236 0.919092 -0.365097 0.913826 -0.268438 -0.304734 0.378085 0.288463 0.879682
-2.021716 -613.656214 -21537.993171 -181591.883752 -0.158113 -0.926555 0.341315 0.968819 -0.078792 0.234907 -0.190761 0.367815 0.910122
-85.819234 -568.853675 -39592.047740 -173111.733236 -0.182826 -0.926007 0.330280 0.956062 -0.089148 0.279281 -0.229173 0.366828 0.901619
-50.341916 -93.251984 1782.092144 14226.216845 0.136343 0.911551 -0.387924 0.275428 0.341263 0.898710 -0.951604 0.229378 0.204538
-28.045864 -88.768009 -6765.100992 9902.873811 0.013780 0.952121 -0.305412 0.256676 0.291838 0.921384 -0.966399 0.091088 0.240365
-17.772446 -92.239382 -8194.840684 19209.473939 -0.030733 0.978077 -0.205965 0.426025 0.199226 0.882503 -0.904189 0.060624 0.422808
-30.137315 -67.352230 -4328.354936 14895.056512 0.021423 0.977571 -0.209513 0.509186 0.169677 0.843765 -0.860390 0.124757 0.494130
-51.387015 -65.437325 2128.343727 -5260.458563 0.224419 -0.732409 0.642816 0.842929 -0.185100 -0.505181 0.488985 0.655221 0.575829
1.421061 -16.771561 -309.906767 2939.062662 0.022432 0.842386 0.538408 0.930360 0.179545 -0.319676 -0.365959 0.508085 -0.779695
1.930566 -10.848917 1358.884634 1926.890031 0.340074 0.844272 0.414192 0.881926 -0.133442 -0.452106 -0.326430 0.519036 -0.789965
5.894950 -128.491402 388.572618 1337.709291 0.947959 0.180643 0.262186 -0.293107 0.816723 0.497043 0.124346 0.548025 -0.827168
-2.767309 -10.883892 -1292.276767 4737.837253 -0.152383 0.974098 -0.167071 0.822601 0.031306 -0.567756 0.547820 0.223949 0.806065
-5.427141 -11.658479 -2101.879137 4776.380390 -0.019253 0.967395 -0.252540 0.836455 -0.122782 -0.534104 0.547697 0.221521 0.806819
-12.209148 -34.602529 -2255.121597 4414.317389 -0.106440 0.971761 -0.210598 0.892702 0.000117 -0.450647 0.437896 0.235969 0.867505
-9.388200 -37.212129 -1448.799996 4787.328316 -0.201894 0.969230 -0.140830 0.878648 0.115717 -0.463235 0.432685 0.217264 0.874974
2.173441 -71.827485 -411.679690 -815.443275 0.093398 0.989839 0.107214 0.403074 0.060874 -0.913141 0.910389 -0.128501 0.393293
1.723377 -69.563503 -157.479414 144.057167 0.108320 0.991413 0.073267 0.359951 0.029586 -0.932502 0.926662 -0.127381 0.353655
-0.055944 -69.520925 -91.172796 -1801.544305 0.099258 0.990816 0.091829 0.540503 0.023798 -0.841006 0.835467 -0.133110 0.533176
-0.202379 -68.156909 -139.436269 -1202.998178 0.114153 0.991550 0.061617 0.516316 -0.006225 -0.856376 0.848756 -0.129572 0.512664
1.192627 -67.812938 -203.764370 581.339770 0.123980 0.991303 0.044130 0.327262 0.001136 -0.944933 0.936765 -0.131594 0.324275
-6.350601 -106.689756 731.562872 748.471803 -0.292698 0.937944 -0.185981 -0.830930 -0.345738 -0.435913 0.473163 -0.026947 -0.880563
-8.615580 -105.145310 560.654273 -2450.377776 -0.274145 0.944806 -0.179406 -0.700458 -0.323996 -0.635913 0.658941 0.048666 -0.750618
-7.686629 -110.409914 325.422613 546.325378 -0.246718 0.949709 -0.192828 -0.840610 -0.308735 -0.445036 0.482187 -0.052295 -0.874506
-5.714224 -102.380529 946.472777 -1428.192034 -0.327337 0.927167 -0.182244 -0.695276 -0.366945 -0.618015 0.639876 0.075589 -0.764751
-5.620095 -104.036249 319.156194 3922.036476 -0.266304 0.942317 -0.202784 -0.927483 -0.307785 -0.212235 0.262407 -0.131560 -0.955947
-3.871899 -100.094723 761.036354 3481.368648 -0.311420 0.930790 -0.191434 -0.913784 -0.348610 -0.208493 0.260799 -0.110000 -0.959106
-3.065476 -102.592768 1232.867954 1031.956241 -0.339436 0.922667 -0.182945 -0.818413 -0.385565 -0.426075 0.463662 -0.005099 -0.885997
8.676574 -82.087554 1060.910720 -1061.030157 -0.325223 0.912565 -0.247901 0.918176 0.242017 -0.313657 -0.226236 -0.329625 -0.916605
4.543121 -79.158527 502.602438 -2209.291792 -0.325046 0.914693 -0.240170 0.914151 0.238854 -0.327531 -0.242225 -0.326014 -0.913806
8.642001 -83.179231 1572.508839 -1252.711606 -0.302034 0.920016 -0.249693 -0.864432 -0.153888 0.478618 -0.401911 -0.360402 -0.841771
5.859524 -83.346692 693.416587 -2310.737030 -0.342197 0.911135 -0.229639 0.938316 0.318445 -0.134743 -0.049642 -0.261582 -0.963904
14.388639 -87.391666 2439.594916 -1425.638009 -0.313316 0.913119 -0.260858 -0.861907 -0.158107 0.481787 -0.398685 -0.375787 -0.836561
13.081251 -84.055230 1527.536627 -779.607148 -0.344239 0.901450 -0.262462 0.915001 0.259460 -0.308955 -0.210409 -0.346508 -0.914145
8.223626 -84.693189 592.565140 -1051.336768 -0.338063 0.907028 -0.251026 0.940898 0.319896 -0.111255 -0.020609 -0.273802 -0.961565
14.598257 -45.535619 -16164.460571 -1563.709634 -0.186738 0.955384 0.228846 0.735039 -0.018678 0.677767 -0.651802 -0.294776 0.698757
21.240510 -42.287432 -16921.899054 -454.946478 -0.206475 0.959607 0.191107 0.660326 -0.007471 0.750942 -0.722037 -0.281244 0.632111
31.605258 -45.091149 -11317.185030 -1599.508268 -0.155194 0.970339 0.185359 0.736881 -0.011265 0.675929 -0.657968 -0.241488 0.713276
0.634703 -40.908917 -12514.317975 -856.305345 -0.182378 0.955793 0.230645 0.661833 -0.054141 0.747694 -0.727128 -0.289011 0.622702
-7.442253 -45.427039 -10870.083996 -1473.644981 -0.133556 0.956179 0.260547 0.739010 -0.079082 0.669036 -0.660323 -0.281900 0.696064
-6.137036 -104.887721 -2692.426411 3696.508669 0.895284 0.311475 0.318513 -0.051938 -0.637111 0.769020 -0.442459 0.705034 0.554218
-9.275070 -96.319332 -2569.819403 2883.832890 0.898753 0.291732 0.327316 0.022676 -0.776448 0.629773 -0.437869 0.558588 0.704450
-12.692366 -94.654364 -1285.645827 3332.602039 0.910721 0.284819 0.299109 0.003818 -0.729970 0.683469 -0.413005 0.621307 0.665886
-1.809678 -109.334043 -195.522671 -2528.115022 0.997736 0.002688 0.067201 -0.008925 0.995656 0.092683 0.066660 0.093073 -0.993425
-2.644754 -106.070147 -892.074534 -1701.760220 0.997923 0.008717 0.063825 -0.019287 0.985781 0.166924 0.061462 0.167808 -0.983902
-1.480596 -119.101799 1.946605 -9691.336695 0.996283 0.035755 0.078364 -0.052197 0.974314 0.219061 0.068519 0.222337 -0.972559
-2.102347 -111.257609 732.823996 4106.174836 -0.998310 0.007206 -0.057657 0.008279 0.999796 -0.018398 0.057513 -0.018845 -0.998167
-1.113814 -105.182619 249.310761 -6257.218223 0.997572 0.004318 0.069513 -0.011875 0.994006 0.108675 0.068627 0.109236 -0.991644
-1.182319 -103.520617 -94.208618 2475.491266 -0.997920 0.014859 -0.062730 0.015277 0.999864 -0.006192 0.062629 -0.007138 -0.998011
-11.720012 -229.115095 1139.939726 6844.125456 0.989929 -0.075720 0.119609 0.134639 0.242617 -0.960734 -0.043728 -0.967163 -0.250368
-9.118745 -219.266657 1479.329097 11279.627660 0.992826 -0.064243 0.100839 0.119418 0.491046 -0.862910 -0.005919 -0.868762 -0.495195
-10.088611 -218.039021 1640.350322 7664.808518 0.993846 -0.048033 0.099816 0.109377 0.283000 -0.952863 -0.017522 -0.957916 -0.286512
-8.556000 -213.143047 -77.271662 11037.171504 0.995051 -0.033023 0.093717 0.099362 0.323314 -0.941061 -0.000777 -0.945715 -0.324995
-10.930780 -210.906291 141.082360 -2938.204175 0.993078 -0.035068 0.112097 0.113246 0.032684 -0.993029 -0.031159 -0.998850 -0.036429
-20.303216 -103.750951 2898.696334 3469.421710 0.982456 0.181377 0.043398 0.043616 -0.449706 0.892111 -0.181324 0.874567 0.449727
-17.661475 -109.769688 989.198654 3901.881120 0.983617 0.178981 0.021515 0.027968 -0.269414 0.962618 -0.178087 0.946246 0.270006
-18.233028 -107.145334 -21.295705 4209.494758 0.988881 0.147891 0.015558 0.030094 -0.301478 0.952998 -0.145630 0.941934 0.302577
60.943417 -1364.634113 -14991.177378 -551265.627505 0.995978 0.048380 0.075413 0.065791 -0.966266 -0.249003 -0.060823 -0.252963 0.965562
86.158680 -2151.247452 -807.335768 -1011548.724725 0.976153 0.174822 0.128699 0.149734 -0.971469 0.183924 -0.157181 0.160267 0.974479
14.907410 -2521.226132 -3663.713100 -951395.627929 0.995157 0.094989 -0.025289 0.088661 -0.978475 -0.186346 0.042445 -0.183202 0.982159
41.130402 -838.624915 -6836.911127 290569.344916 0.972428 0.154727 0.174479 -0.151890 0.987955 -0.029581 -0.176954 0.002264 0.984216
18.310207 -1031.835215 9380.047116 295603.537946 0.949900 0.294164 0.105634 0.283439 -0.668282 -0.687795 0.131731 -0.683277 0.718178
20.012357 -605.630828 31.258963 -93290.736222 0.979137 0.150354 0.136693 0.195837 -0.877698 -0.437371 -0.054215 -0.455015 0.888832
60914.500381 -263361.518536 -24366515.641718 580647776.951478 -0.695105 -0.172465 -0.697915 -0.445843 0.864978 0.230300 0.563962 0.471243 -0.678142
80.298171 -1937.509458 -21266.387012 771588.010438 -0.817865 -0.102180 -0.566266 -0.330698 0.888815 0.317249 0.470889 0.446729 -0.760721
-41.472474 -1184.728072 -52600.429646 218829.139018 -0.787885 0.096593 -0.608200 0.357898 0.875530 -0.324585 0.501144 -0.473410 -0.724388
-7.149308 -21.148873 1333.632999 -156.315764 0.358909 0.726144 -0.586429 -0.411590 0.687034 0.598814 -0.837722 -0.026449 -0.545456
-7.636811 -23.715670 1736.497786 -1374.289444 0.319351 0.785046 -0.530771 -0.397765 0.619417 0.676835 -0.860115 0.005026 -0.510075
-5.547668 -20.533228 1128.506318 -878.169568 0.335561 0.775365 -0.534983 -0.422056 0.631468 0.650474 -0.842180 -0.007519 -0.539144
-9.917026 -24.258451 1002.308396 -910.538359 0.324250 0.749666 -0.576942 -0.399806 0.661348 0.634645 -0.857331 -0.024881 -0.514163
-6.397742 -19.637787 968.369377 445.342714 0.352250 0.754989 -0.553092 -0.445250 0.654994 0.610520 -0.823208 -0.031209 -0.566881
-7.707651 -21.058238 -773.966393 1304.470949 -0.393801 -0.671604 0.627590 -0.418280 0.738905 0.528262 -0.818513 -0.054478 -0.571900
-9.017179 -22.878635 -725.420094 603.603068 -0.390382 -0.642889 0.659011 -0.391033 0.763818 0.513494 -0.833484 -0.057236 -0.549571
-26.295040 -37.909787 1866.926431 -2646.194791 0.483202 0.844481 0.231014 0.813462 -0.530610 0.238187 -0.323722 -0.072829 0.943345
-22.576019 -36.823481 3728.393208 -356.847555 0.332237 0.933005 0.138273 0.881712 -0.359288 0.305771 -0.334966 -0.020328 0.942011
3494.820329 3.258219 -2521404.284555 25922.065996 0.925206 0.154016 -0.346803 -0.376797 0.264710 -0.887667 0.044913 -0.951949 -0.302944
1184.739285 4.579814 963641.178445 18540.478323 0.489890 0.871755 0.007128 -0.388759 0.225770 -0.893249 0.780304 -0.434822 -0.449506
1446.224228 38.490095 -1408496.664867 -4.953945 0.739728 -0.573625 -0.351792 -0.298491 0.188828 -0.935547 -0.603081 -0.797056 0.031540
3142.553682 -27.155625 -1492053.045061 9984.725723 0.925407 0.184281 -0.331152 -0.367674 0.224780 -0.902380 0.091855 -0.956825 -0.275768
1233.908205 11.246232 -1085343.862131 11830.113066 0.686598 -0.614670 -0.388282 -0.333408 0.208395 -0.919462 -0.646082 -0.760758 0.061852
198.657605 -2117.226980 186563.220281 819419.446765 0.732225 0.379446 0.565568 0.596042 -0.758802 -0.262589 -0.329515 -0.529376 0.781780
-128.342393 -152.378026 95804.942252 1743.022666 0.359668 0.217392 -0.907403 0.885560 -0.385921 0.258553 -0.293978 -0.896552 -0.331317
-7.670699 -265.472047 -59410.351818 86668.333021 0.500339 0.369107 0.783212 0.601574 0.502383 -0.621063 -0.622712 0.781902 0.029317
69.518100 -578.392903 5952.029910 291939.570854 0.614469 -0.005266 0.788923 0.440883 0.831557 -0.337840 -0.654256 0.555415 0.513287
-30.909689 -92.169806 -2311.169762 -35127.377893 0.899204 0.154830 0.409219 0.411184 0.020612 -0.911319 0.149535 -0.987726 0.045129
-24.582547 -237.736571 -582.524878 -94344.197429 0.887705 0.300136 0.349139 0.339522 0.085450 -0.936709 0.310974 -0.950061 0.026049
-26.288331 -86.356006 324.991864 -26073.291201 0.872172 0.216536 0.438667 0.441847 0.036195 -0.896360 0.209971 -0.975604 0.064107
4.311387 -166.571570 -5106.314646 18333.404081 0.962635 0.217413 0.161447 0.178500 -0.061094 -0.982041 0.203645 -0.974166 0.097620
4.501509 -243.947024 -1700.986538 54034.212633 0.967809 0.240033 0.075700 0.121564 -0.182441 -0.975673 0.220383 -0.953467 0.205747
10.646470 -440.116356 -6008.875949 132959.885230 0.942324 0.281487 0.181083 0.266480 -0.303602 -0.914775 0.202520 -0.910270 0.361102
11.140203 -15.127003 3700.460122 19438.154327 0.954835 -0.077103 -0.286959 0.237650 0.777871 0.581756 -0.178362 0.623676 -0.761062
-48.719507 -54.459464 -4049.799203 -1808.806336 -0.143789 0.983045 0.113788 -0.231880 0.078313 -0.969587 0.962058 0.165801 -0.216688
-39.362419 -54.614900 -2631.926870 -329.597277 -0.098876 0.991724 -0.081895 -0.197880 -0.100250 -0.975086 0.975227 0.080207 -0.206155
-44.829562 -56.244374 -5409.747390 1964.295123 -0.130138 0.988965 -0.070800 -0.342982 -0.111902 -0.932653 0.930284 0.097090 -0.353760
-41.378968 -53.334249 -814.984055 -3466.641245 -0.139313 0.989913 0.025788 -0.068911 0.016287 -0.997490 0.987848 0.140740 -0.065947
-53.054025 -56.189462 -6775.672718 2122.823967 -0.254912 0.955027 -0.151469 -0.345139 -0.236189 -0.908347 0.903271 0.179271 -0.389825
-54.585692 -57.175277 -2903.059589 -5044.743604 -0.137377 -0.396337 -0.907769 -0.345230 0.878151 -0.331160 0.928409 0.267895 -0.257465
-51.091240 -54.877068 1844.971593 -2801.547790 -0.153038 0.827248 0.540593 -0.195802 0.510808 -0.837100 0.968628 0.233957 -0.083804
7.347812 -43.394190 4567.907072 -962.982834 0.287015 0.956963 0.042943 -0.178524 0.097480 -0.979095 0.941144 -0.273348 -0.198819
24.221067 -42.713524 9627.864265 2231.436964 0.323408 0.939561 0.112395 -0.293589 0.212548 -0.932002 0.899563 -0.268419 -0.344585
