18576
37132
-28.513285 -50.168853 2239.043752 5713.772281 -0.380713 0.884879 -0.268416 0.831901 0.201024 -0.517233 -0.403730 -0.420212 -0.812664
-33.676569 -61.001282 2345.756099 -4264.624128 -0.273377 0.896976 -0.347418 -0.821842 -0.030123 0.568919 -0.499841 -0.441052 -0.745407
-34.691817 -61.530085 384.279239 -8792.566020 -0.003629 0.899905 -0.436071 -0.904174 0.183317 0.385830 -0.427150 -0.395684 -0.813005
-31.647726 -51.512906 972.192216 4900.225447 -0.521240 0.811069 -0.265472 0.748615 0.285199 -0.598529 -0.409737 -0.510714 -0.755836
-24.528439 -41.781462 2491.123299 5914.782185 -0.411420 0.885453 -0.216118 0.849081 0.286136 -0.444059 -0.331355 -0.366196 -0.869543
-25.300182 -42.033421 -504.387508 3802.370780 0.672104 -0.728429 0.132922 0.660404 0.508516 -0.552520 -0.334879 -0.459133 -0.822832
156.575137 -89.973600 34302.879857 4636.708224 0.534949 0.714315 -0.451202 0.823465 -0.321325 0.467605 0.189035 -0.621694 -0.760107
129.322383 -89.584002 28780.700726 6699.667612 0.561388 0.742768 -0.364883 0.818615 -0.433802 0.376412 0.121300 -0.510012 -0.851572
216.280557 -90.928635 39481.092782 -4574.328366 0.601107 0.535006 -0.593666 0.795834 -0.468529 0.383574 -0.072935 -0.703028 -0.707412
207.760400 -96.247141 30420.282092 -4159.896806 0.547355 0.474076 -0.689677 0.836717 -0.327223 0.439123 -0.017500 -0.817421 -0.575775
226.585228 -91.037910 10252.534974 -10540.993499 0.506450 0.208061 -0.836791 0.784985 -0.512818 0.347587 -0.356802 -0.832903 -0.423042
242.881145 -78.201304 37318.594503 -1870.781434 0.566530 0.313274 -0.762170 0.758334 -0.560126 0.333450 -0.322450 -0.766889 -0.554894
59.694885 -67.854734 -27482.276099 8581.266855 0.105739 0.158535 0.981675 -0.627293 0.776631 -0.057854 -0.771571 -0.609681 0.181568
87.928166 -47.055225 -22562.975173 5238.422753 0.176831 0.151610 0.972494 -0.519019 0.853884 -0.038744 -0.836271 -0.497892 0.229682
77.198524 -66.127807 -2307.362467 7037.459926 0.332116 0.230187 0.914720 -0.611403 0.790987 0.022938 -0.718251 -0.566881 0.403436
85.005780 -47.004186 -35035.670994 6235.624205 0.061002 0.124712 0.990316 -0.517215 0.852519 -0.075499 -0.853679 -0.507601 0.116509
49.911484 -87.549816 21655.343905 -9774.093757 -0.200304 -0.174743 -0.964025 0.724481 -0.688816 -0.025675 -0.659549 -0.703560 0.264571
32.551807 -89.113762 21149.192325 -10355.692175 -0.116203 -0.179528 -0.976866 0.772694 -0.634300 0.024656 -0.624052 -0.751953 0.212428
45.127055 -70.458745 -13413.810417 9767.696916 0.054328 0.216022 0.974876 -0.672494 0.729607 -0.124196 -0.738106 -0.648851 0.184911
65.138504 -52.786112 -19830.457248 6615.259125 0.045765 0.168380 0.984659 -0.556170 0.823087 -0.114900 -0.829807 -0.542380 0.131317
24.288530 -42.311844 -6158.279436 -590.037314 0.111687 0.040920 -0.992901 0.932825 -0.348765 0.090555 -0.342584 -0.936316 -0.077124
32.243884 -41.793275 -2389.516534 -331.293715 0.154111 0.106133 -0.982337 0.889928 -0.446863 0.091334 -0.429276 -0.888285 -0.163318
24.241864 -41.801912 -7551.588560 -129.382918 0.089263 0.029573 -0.995569 0.889251 -0.452592 0.066286 -0.448626 -0.891227 -0.066698
1.563346 -45.578335 370.269381 -519.903911 -0.433094 0.870462 -0.233936 0.812435 0.264593 -0.519557 -0.390357 -0.415075 -0.821787
1.765792 -47.061427 416.622603 -205.122475 -0.430452 0.872450 -0.231393 0.872996 0.337282 -0.352306 -0.229324 -0.353656 -0.906829
1.035544 -46.803587 120.125186 -536.559519 -0.443222 0.866520 -0.229557 0.812622 0.280289 -0.510963 -0.378418 -0.413013 -0.828384
1.575207 -64.846552 1120.970384 -4869.161712 0.342961 -0.752800 0.561845 0.902061 0.097090 -0.420547 0.262038 0.651050 0.712370
-0.615155 -55.254461 1220.984651 -3474.373086 0.289746 -0.757219 0.585377 0.950385 0.155282 -0.269549 0.113209 0.634434 0.764642
1.764327 -52.367134 -44.603311 -2979.301156 0.332452 -0.728044 0.599523 0.936912 0.182131 -0.298369 0.108034 0.660894 0.742663
5.594339 -43.734130 1346.858925 -640.025150 -0.639499 0.646476 -0.416065 0.257055 -0.330241 -0.908220 0.724544 0.687757 -0.045009
9.604965 -41.782421 -619.263104 1503.272986 0.576248 -0.638406 0.510270 -0.419289 0.304996 0.855087 0.701523 0.706693 0.091923
-7.873333 -71.915831 -3820.882543 -17642.102490 0.740583 -0.662004 0.115270 -0.024451 0.144879 0.989147 0.671520 0.735364 -0.091109
16.035761 -39.512220 -2164.992826 -3176.437136 -0.498176 0.657005 -0.565831 0.405484 -0.400294 -0.821795 0.766423 0.638834 0.066988
0.926289 -83.058798 693.286747 14668.530535 -0.710790 0.691934 -0.126514 -0.067251 -0.245884 -0.966963 0.700182 0.678800 -0.221305
13.848706 -45.167212 -811.733947 1077.228468 -0.643520 0.655991 -0.394408 0.136722 -0.408478 -0.902470 0.753119 0.634682 -0.173175
-12.362847 -69.906277 1669.424071 32655.584234 0.789506 -0.587231 -0.178438 -0.196289 -0.517061 0.833138 0.581508 0.622742 0.523489
2.728969 -50.791483 28222.274734 42525.676147 0.693175 -0.719381 0.044706 -0.474937 -0.409220 0.779085 0.542165 0.561275 0.625322
217.287726 -14.486929 476123.851859 2794.066748 0.116150 -0.763728 0.635003 0.814846 -0.292293 -0.500590 0.567922 0.575573 0.588371
146.662020 -17.395716 351379.017053 424.734283 0.059137 -0.665372 0.744166 0.789452 -0.425077 -0.442804 0.610957 0.613670 0.500141
-4.719174 -106.017310 69.079465 -3478.475440 -0.579249 -0.600182 -0.551590 -0.499685 0.796068 -0.341454 0.644038 0.077834 -0.761024
-4.216591 -108.302904 137.463617 -3103.203632 -0.590958 -0.595756 -0.543915 -0.485450 0.801128 -0.350046 0.644287 0.057181 -0.762643
-3.934362 -110.229053 290.444500 1233.456122 -0.585590 -0.607825 -0.536315 -0.618410 0.762737 -0.189210 0.524074 0.220863 -0.822536
-4.658071 -110.710048 120.904771 -310.357560 -0.575608 -0.604282 -0.550925 -0.625590 0.759290 -0.179209 0.526605 0.241499 -0.815086
-4.321637 -105.008286 -213.030621 -4613.806679 -0.568207 -0.593571 -0.569925 -0.505940 0.798216 -0.326920 0.648973 0.102589 -0.753863
-13.893723 -75.669347 -28.410819 700.936787 0.041446 0.871256 -0.489075 -0.072887 -0.485555 -0.871162 0.996479 -0.071753 -0.043379
-13.854483 -73.642165 -30.252886 328.833617 0.100308 0.869725 -0.483235 -0.065706 -0.478834 -0.875443 0.992784 -0.119566 -0.009115
-13.440436 -77.036424 89.323912 -338.684192 0.045742 0.882345 -0.468375 -0.250111 -0.443817 -0.860507 0.967136 -0.156506 -0.200383
-12.140809 -79.348563 4.671021 333.112003 -0.007014 0.879107 -0.476572 -0.261106 -0.461661 -0.847758 0.965285 -0.118489 -0.232779
-13.037108 -77.846548 323.852822 -1571.136877 0.049034 0.889638 -0.454026 -0.420474 -0.393942 -0.817319 0.905979 -0.230982 -0.354754
-11.225881 -79.542175 209.826506 -482.120971 -0.003825 0.891148 -0.453697 -0.436268 -0.409733 -0.801117 0.899809 -0.194869 -0.390347
19.497766 -82.321652 -3273.916214 2290.206178 0.244776 0.806817 -0.537708 0.746156 -0.510885 -0.426905 0.619142 0.296718 0.727064
15.942062 -77.621287 -4071.788377 -153.064422 0.287702 0.803424 -0.521284 0.656515 -0.561735 -0.503430 0.697291 0.197393 0.689073
9.003801 -79.815702 -3235.847560 1349.687515 0.265608 0.826090 -0.497019 0.781520 -0.486365 -0.390737 0.564517 0.284647 0.774788
-1.349633 -92.971391 242.338417 5484.857383 0.411469 0.707458 0.574627 -0.632079 0.675721 -0.379312 0.656634 0.207135 -0.725208
-1.407210 -100.477293 116.612188 11545.146828 0.388120 0.746754 0.540111 -0.556810 0.657001 -0.508245 0.734388 0.103479 -0.670796
-1.093327 -91.677562 -205.958578 5488.292917 0.400059 0.724388 0.561440 -0.607572 0.668261 -0.429282 0.686155 0.169377 -0.707462
-1.196301 -106.223338 551.903874 13310.301795 0.388901 0.739420 0.549558 -0.588895 0.658258 -0.468935 0.708491 0.141263 -0.691438
-2.106041 -91.290071 -183.539328 -5062.237601 0.396948 0.716183 0.574033 -0.680549 0.649306 -0.339492 0.615862 0.255897 -0.745138
0.422256 -95.159019 -1006.743635 5049.933751 -0.436919 -0.677573 -0.591605 -0.645230 0.694336 -0.318710 0.626722 0.242471 -0.740559
-3.113596 -90.616328 295.037691 -5539.192525 0.429159 0.680192 0.594274 -0.689710 0.671610 -0.270630 0.583201 0.293733 -0.757362
80.548189 -56.741537 50363.251539 10540.776962 -0.753604 0.592496 -0.284658 0.582808 0.802543 0.127511 0.304000 -0.069808 -0.950111
24.630279 -68.713739 -17407.660514 -20969.317138 -0.367029 0.818745 -0.441528 -0.809588 -0.514912 -0.281838 0.458101 -0.254013 -0.851834
52.637709 -85.611779 -9159.356737 37108.540579 -0.580755 0.657514 -0.479999 0.612558 0.741300 0.274312 0.536187 -0.134719 -0.833279
127.959184 -66.062165 58817.536174 8165.752683 -0.866896 0.311026 -0.389555 0.316984 0.947072 0.050755 0.384723 -0.079484 -0.919603
92.876565 -42.328083 66498.431114 2739.600575 -0.935835 0.233174 -0.264277 0.232742 0.971965 0.033407 0.264658 -0.030245 -0.963868
49.963806 -36.455511 100.481987 -1020.834025 0.659832 0.682853 0.313582 -0.381356 0.663904 -0.643272 0.647448 -0.304865 -0.698475
48.926378 -48.365845 6588.325535 -4773.872358 0.588166 0.715962 0.376110 -0.401010 0.662043 -0.633159 0.702319 -0.221579 -0.676499
50.782704 -41.681876 -407.494313 -6087.344926 0.653523 0.696934 0.295281 -0.413113 0.655312 -0.632380 0.634228 -0.291291 -0.716174
47.700797 -35.523268 -3238.077869 2180.177379 -0.643704 -0.672645 -0.364957 -0.339620 0.678453 -0.651429 0.685787 -0.295381 -0.665166
42.883384 -31.812452 3125.252535 2446.458607 -0.706567 -0.647180 -0.286220 -0.343417 0.667241 -0.660950 0.618731 -0.368712 -0.693703
189.599562 -507.946260 66426.453162 -151823.395758 0.160335 0.687321 0.708436 -0.326400 0.714264 -0.619104 -0.931534 -0.131969 0.338863
332.035509 -1036.614133 117343.531622 447778.611557 -0.043338 0.759851 0.648651 0.202904 -0.629035 0.750430 -0.978239 -0.164136 0.126915
197.641986 -561.813773 92851.277758 -54563.072351 0.256117 0.653255 0.712504 0.090158 0.717733 -0.690457 -0.962432 0.241076 0.124927
129.560034 -760.569491 27917.632455 395131.550718 0.064729 0.710356 0.700859 0.547089 -0.612637 0.570412 -0.834568 -0.346510 0.428283
128.631848 -557.356829 64366.378174 -187870.520343 0.319708 0.620127 0.716400 -0.349249 0.779972 -0.519297 -0.880802 -0.084179 0.465942
71.159904 -398.888284 18542.074726 -67227.680850 0.286024 0.605598 0.742591 -0.548741 0.738829 -0.391171 -0.785540 -0.295606 0.543640
-18.594853 -206.152651 -2054.012518 -6810.366628 -0.435607 -0.436069 -0.787458 0.383360 0.701640 -0.600613 0.814421 -0.563512 -0.138468
-4.881355 -237.281480 -2602.095267 16027.218058 -0.431237 -0.449092 -0.782528 0.160018 0.815499 -0.556197 0.887935 -0.365072 -0.279811
-18.837342 -232.997639 -5633.677146 -22856.681186 -0.428253 -0.541031 -0.723799 0.402091 0.603217 -0.688805 0.809273 -0.586015 -0.040786
-20.285366 -193.625420 179.351623 -31089.463535 -0.468593 -0.458745 -0.754966 0.576357 0.488910 -0.654813 0.669503 -0.741970 0.035301
3.382697 -114.825459 3071.049600 24820.343954 -0.553018 -0.361235 -0.750787 0.804535 0.002682 -0.593899 0.216551 -0.932471 0.289143
2.774788 -101.376727 374.296451 20696.627615 -0.531256 -0.381614 -0.756398 0.799701 0.068904 -0.596432 0.279725 -0.921750 0.268571
2.566463 -98.731180 1840.097706 20714.648057 -0.518352 -0.368433 -0.771730 0.797847 0.116476 -0.591501 0.307817 -0.922329 0.233578
1.426703 -113.445551 -570.437721 25496.655348 -0.515938 -0.385098 -0.765185 0.814664 0.055568 -0.577265 0.264823 -0.921201 0.285055
133.073542 -3253.249800 79766.296270 4541723.710213 0.520505 0.548662 0.654251 -0.484704 -0.440946 0.755400 -0.702948 0.710308 -0.036424
-2.339474 -1803.251213 3314.494437 1416632.028314 0.462323 0.481240 0.744759 -0.219282 0.875873 -0.429839 -0.859170 0.035412 0.510463
-90.599513 -3365.350761 -2855.119169 -3104907.911671 0.471464 0.517113 0.714364 -0.497453 0.824810 -0.268754 -0.728191 -0.228655 0.646108
91.721923 -2841.475431 52847.869905 420478.414791 0.493508 0.490554 0.718197 0.009125 0.822793 -0.568268 -0.869694 0.286998 0.401578
150.828678 -1750.490442 46198.097448 237346.597123 0.465298 0.577514 0.670802 0.860584 -0.117837 -0.495490 -0.207107 0.807832 -0.551829
-38.112839 -9759.540816 27631.094906 -3400736.080536 0.571247 0.526529 0.629638 0.716295 -0.694356 -0.069219 0.400747 0.490548 -0.773799
3.685683 -53.197610 -1418.824820 -2297.616515 0.614425 0.682991 0.394975 0.197781 0.351299 -0.915135 0.763783 -0.640400 -0.080764
-2.319125 -47.356457 737.968663 -135.947630 0.590091 0.730572 0.343595 0.127844 0.335662 -0.933267 0.797150 -0.594639 -0.104672
-2.869169 -51.360798 844.052792 6476.604069 0.581350 0.694707 0.423573 0.093149 0.460333 -0.882846 0.808304 -0.552698 -0.202903
-18.939240 -40.153591 -1518.734610 -705.352295 0.861307 -0.378238 0.339244 0.502307 0.734308 -0.456596 0.076407 -0.563674 -0.822456
-17.893457 -38.213317 -974.376012 -886.847469 0.833002 -0.421965 0.357845 0.553059 0.652915 -0.517521 0.015266 -0.629005 -0.777251
-14.579178 -41.067648 -833.503582 -351.370767 0.829015 -0.450962 0.330708 0.556496 0.723626 -0.408261 0.055198 -0.522492 -0.850855
-15.378123 -42.118700 -1365.338124 -395.871796 0.843608 -0.421789 0.332295 0.521302 0.791695 -0.318533 0.128723 -0.441944 -0.887759
0.146021 -37.210689 -1290.041215 -947.811258 -0.662786 -0.497388 0.559749 0.275711 0.532905 0.799997 -0.696202 0.684557 -0.216067
-11.739629 -39.855807 1146.296956 -232.131745 0.714048 0.559541 -0.420772 0.253955 0.353069 0.900472 -0.652413 0.749837 -0.110010
-4.418994 -38.567443 1060.432323 533.443381 0.640242 0.452574 -0.620699 0.394375 0.499751 0.771179 -0.659211 0.738529 -0.141477
-748.009992 -2151.668106 242391.669129 -1281636.693367 0.997844 0.063322 0.017228 -0.006633 0.358511 -0.933502 0.065288 -0.931375 -0.358158
-254.377751 -1621.931567 232214.678965 -227337.131167 0.914654 0.200189 0.351188 0.273109 0.334476 -0.901963 0.298027 -0.920897 -0.251256
-613.793343 -3001.765976 247129.323915 -2883372.519251 0.785182 -0.021982 0.618874 0.616224 -0.071176 -0.784348 -0.061291 -0.997222 0.042340
-1778.265836 -6048.620107 -599941.356724 3952042.469081 0.235655 0.415921 -0.878337 0.954905 -0.267072 0.129731 -0.180621 -0.869300 -0.460101
-1709.149822 -2773.859217 918799.140476 -518065.613306 0.964807 0.158048 -0.210163 -0.241973 0.846476 -0.474266 -0.102941 -0.508428 -0.854929
-822.557319 -5709.150720 773590.153675 6793662.523245 0.923553 -0.363824 -0.121173 0.168586 0.669034 -0.723859 -0.344426 -0.648094 -0.679224
-1290.607553 -4130.097555 952996.152524 4980015.845491 0.716624 -0.574131 0.396009 0.488428 0.007793 -0.872569 -0.497883 -0.818726 -0.286006
-1462.685403 -3073.839283 -412840.751663 -2498315.780069 -0.449116 0.821198 -0.352036 -0.638055 -0.018970 0.769757 -0.625445 -0.570328 -0.532489
2.031054 -67.050033 823.054348 5715.930952 0.706508 0.103293 0.700127 0.705726 -0.028892 -0.707895 0.052892 -0.994231 0.093309
3.593910 -147.503841 3884.763373 31654.956204 0.877032 0.061654 0.476460 0.480377 -0.127662 -0.867722 -0.007328 -0.989900 0.141581
-5.876179 -94.348147 2068.300771 17326.179684 0.843308 0.046564 0.535409 0.535843 -0.149368 -0.831000 -0.041279 -0.987685 0.150914
-52.386344 -100.908749 -4432.029965 24425.684220 0.204389 0.928702 0.309414 0.515538 -0.370823 0.772471 -0.832133 -0.001630 0.554574
-51.085341 -86.811691 -2117.848306 13459.166927 0.141983 0.915881 0.375503 0.503728 -0.393407 0.769083 -0.852114 -0.079955 0.517212
-48.939640 -76.626619 -4073.600440 13559.190788 0.111386 0.974257 0.195999 0.605863 -0.222908 0.763703 -0.787733 -0.033683 0.615096
-39.454210 -88.041175 193.176832 23540.738532 0.181107 0.977892 0.104536 0.643728 -0.198232 0.739134 -0.743515 0.066570 0.665397
-52.270373 -67.746130 599.322679 842.114584 0.714905 0.103713 0.691488 -0.440818 -0.700799 0.560856 -0.542762 0.705779 0.455286
-50.304016 -66.803677 863.104940 403.788082 0.773093 0.064218 0.631034 -0.442889 -0.657534 0.609506 -0.454068 0.750683 0.479894
-52.509064 -68.848130 904.799247 -950.500670 0.756988 0.167820 0.631510 -0.442449 -0.579546 0.684372 -0.480841 0.797473 0.364457
-8.083083 -40.240843 -1838.191675 1114.835650 0.422443 0.064104 -0.904120 0.342094 0.912445 0.224534 0.839353 -0.404146 0.363526
-11.255796 -41.189716 -609.711291 1349.541214 0.450444 0.208100 -0.868214 0.308541 0.876256 0.370104 0.837796 -0.434591 0.330497
-6.710967 -39.536334 -1461.053451 820.374467 0.441792 0.153227 -0.883935 0.257044 0.922375 0.288361 0.859504 -0.354606 0.368112
-2.742611 -38.922271 -1641.808587 128.925776 0.408276 0.010026 -0.912803 0.292584 0.945749 0.141254 0.864699 -0.324743 0.383193
-4.657036 -39.671056 -1561.389906 90.053313 0.388244 -0.054004 -0.919973 0.366258 0.925096 0.100263 0.845648 -0.375874 0.378943
45.600162 -43.656393 -15655.832771 7203.828884 0.911778 0.409649 -0.029142 0.108103 -0.307856 -0.945271 0.396201 -0.858727 0.324981
45.509900 -25.877051 -13880.197787 7321.449006 0.906867 0.412783 -0.084869 0.025680 -0.255146 -0.966562 0.420634 -0.874363 0.241983
22.750559 -29.567930 -11261.445397 5286.886308 0.926072 0.376812 0.020093 0.119303 -0.241859 -0.962949 0.357991 -0.894157 0.268934
-0.616641 -12.393706 -2789.133120 -2024.326523 -0.032717 0.968580 -0.246539 0.395714 0.239067 0.886712 -0.917791 0.068549 0.391102
7.501366 -7.189020 -4329.774978 -5065.425100 0.029998 0.995599 -0.088781 0.355023 0.072417 0.932049 -0.934376 0.059479 0.351288
4.825646 -12.101805 -2927.508861 -1474.729110 0.018114 0.990911 -0.133292 0.393178 0.115514 0.912177 -0.919284 0.068931 0.387512
-1.489211 -16.461154 -869.769296 -1091.051726 -0.060805 0.940257 -0.334992 0.419261 0.328630 0.846300 -0.905827 0.088990 0.414195
0.977213 -59.668808 245.048646 1639.430192 -0.359391 -0.192748 0.913064 -0.381803 0.923167 0.044600 -0.851507 -0.332582 -0.405370
2.308725 -58.541210 389.511852 849.606692 -0.337016 -0.236126 0.911408 -0.517384 0.855219 0.030253 -0.786597 -0.461352 -0.410390
1.595545 -55.558692 181.151492 717.803467 -0.359161 -0.206040 0.910248 -0.377950 0.923880 0.059997 -0.853321 -0.322480 -0.409694
2.840195 -91.667850 -557.220994 3183.718364 -0.365889 -0.385610 0.847013 -0.003916 0.910752 0.412936 -0.930650 0.147771 -0.334744
3.338358 -95.513963 -467.353280 6335.357125 -0.350974 -0.398698 0.847265 -0.143460 0.917038 0.372104 -0.925331 0.009050 -0.379053
1.783904 -106.723217 -236.258951 5192.693339 -0.361865 -0.375145 0.853417 -0.172824 0.926584 0.334027 -0.916071 -0.026618 -0.400133
0.831631 -96.516266 -267.531441 2432.330347 -0.365237 -0.369478 0.854452 -0.020496 0.920832 0.389420 -0.930689 0.124717 -0.343895
5.542277 -18.991740 4406.891454 835.445502 0.857827 0.270445 -0.437027 0.433280 0.076776 0.897983 -0.276408 0.959669 0.051318
1.409174 -19.301402 2994.467471 200.645062 0.817418 0.280333 -0.503231 0.506031 0.067975 0.859833 -0.275247 0.957493 0.086293
14.983113 -20.008799 4852.624646 977.961757 0.850982 0.266019 -0.452840 0.456092 0.053193 0.888341 -0.260403 0.962499 0.076063
23.674296 -23.708209 6460.811530 2128.251111 0.882407 0.275465 -0.381415 0.374321 0.080086 0.923835 -0.285030 0.957969 0.032443
11.055560 -31.982714 -1065.498923 -3602.611090 0.324387 -0.483196 0.813200 0.422157 0.843277 0.332667 -0.846496 0.235385 0.477533
10.117071 -31.457094 -2700.988853 -3972.579121 0.331171 -0.397173 0.855909 0.327562 0.899074 0.290463 -0.884889 0.184170 0.427846
8.187450 -38.057835 -3286.547350 -4590.834795 0.276919 -0.533776 0.798999 0.458953 0.804011 0.378059 -0.844203 0.262011 0.467624
10.591563 -37.940138 -2232.645529 -4255.646545 0.278163 -0.571552 0.771980 0.523170 0.764176 0.377263 -0.805554 0.298936 0.511585
11.349673 -33.592041 -321.814228 -3099.184025 0.309986 -0.563949 0.765422 0.510120 0.778038 0.366652 -0.802300 0.276800 0.528863
6.523983 -90.610099 -478.564323 -2648.769351 -0.301875 -0.358649 0.883314 0.475425 0.746472 0.465565 -0.826343 0.560492 -0.054831
5.206410 -96.356729 -473.016489 -5188.023737 -0.264588 -0.300546 0.916333 0.625742 0.669501 0.400269 -0.733785 0.679294 0.010923
8.325638 -111.205813 -427.833802 -3531.835333 -0.230122 -0.332703 0.914523 0.616119 0.677611 0.401549 -0.753287 0.655860 0.049051
-0.447988 -56.942075 -99.264114 1899.621687 0.205171 0.379034 -0.902351 0.969323 0.048799 0.240897 0.135342 -0.924095 -0.357395
-1.122766 -53.001016 -298.851288 1044.158577 0.207787 0.373893 -0.903896 0.943265 0.168074 0.286361 0.258990 -0.912116 -0.317756
-0.108264 -55.062116 -325.000231 1042.673889 0.239510 0.369124 -0.897988 0.965994 0.002205 0.258555 0.097419 -0.929377 -0.356044
3.347760 -58.306336 -18.483228 -722.004491 0.271091 0.341969 -0.899759 0.843390 -0.534894 0.050812 -0.463900 -0.772623 -0.433418
2.903735 -60.488906 -169.318368 296.906413 0.285876 0.310502 -0.906567 0.777028 -0.628766 0.029673 -0.560805 -0.712911 -0.421017
2.869757 -62.475144 -138.353550 -1230.254001 0.247336 0.339176 -0.907626 0.866938 -0.495802 0.050969 -0.432715 -0.799462 -0.416674
0.034708 -147.324434 1099.988523 -9329.267275 -0.036103 -0.265347 0.963477 0.544545 0.803180 0.241605 -0.837954 0.533379 0.115496
-3.999451 -150.365663 2138.075383 -10274.290561 -0.022332 -0.253812 0.966996 0.473258 0.849317 0.233854 -0.880641 0.462861 0.101152
1.073745 -134.502397 983.101731 -10857.063839 -0.044527 -0.281522 0.958521 0.323384 0.903751 0.280458 -0.945220 0.322458 0.050799
-4.947260 -161.481948 2093.503338 -7716.452495 -0.014051 -0.246480 0.969046 0.689317 0.699653 0.187954 -0.724323 0.670621 0.160072
2.469663 -131.664015 -45.463697 -9210.274088 -0.063392 -0.281775 0.957384 0.406017 0.869053 0.282662 -0.911664 0.406633 0.059314
1.766375 -144.255131 143.888563 -7869.496991 -0.050533 -0.264996 0.962924 0.612839 0.753070 0.239405 -0.788591 0.602215 0.124345
-0.829797 -157.176116 1143.265361 -6714.286583 -0.025884 -0.255918 0.966352 0.743104 0.641683 0.189841 -0.668675 0.723014 0.173565
19.584200 -104.027097 -6208.514340 -17718.208955 0.354523 0.173392 -0.918830 -0.287014 0.955398 0.069551 0.889908 0.239060 0.388476
12.016012 -106.006214 -2111.241743 -13787.332063 0.361109 0.171154 -0.916682 -0.299437 0.952238 0.059835 0.883141 0.252882 0.395112
18.595187 -123.174101 -6064.082026 -9589.631861 0.347722 0.178421 -0.920465 -0.450186 0.892930 0.003017 0.822449 0.413331 0.390814
21.282387 -122.794601 -3584.168365 -11381.704351 0.312320 0.168302 -0.934950 -0.437893 0.898893 0.015533 0.843034 0.404557 0.354440
39.570384 -27.074724 -2572.000061 -6774.206752 0.252859 -0.160782 0.954050 0.863887 0.481507 -0.147816 -0.435616 0.861568 0.260651
30.339436 -41.518568 85.781356 -6743.902333 0.107762 -0.223339 0.968766 0.922198 0.386483 -0.013482 -0.371400 0.894847 0.247611
37.193623 -26.813592 -3459.591572 -6017.623153 0.314658 -0.213276 0.924934 0.871937 0.450035 -0.192857 -0.375121 0.867169 0.327571
30.962430 -44.169813 -1295.129390 -8624.066632 0.032627 -0.160488 0.986498 0.902578 0.428675 0.039887 -0.429288 0.889090 0.158839
45.579416 -20.939101 -4726.297282 -4764.210506 0.403019 -0.181114 0.897092 0.818765 0.509309 -0.265006 -0.408900 0.841310 0.353551
47.419664 -20.429670 -3916.521271 -4547.310899 0.335782 -0.126854 0.933359 0.816810 0.532710 -0.221452 -0.469118 0.836736 0.282490
39.104722 -28.376848 -2797.163793 -6457.158198 0.161613 -0.105171 0.981234 0.858968 0.504514 -0.087400 -0.485855 0.856974 0.171875
11.202054 -43.754963 -150.866140 7951.309193 0.313935 0.301310 -0.900365 -0.531238 0.841714 0.096452 0.786912 0.448029 0.424311
10.319592 -50.852941 100.528504 -471.149660 0.325812 0.220772 -0.919297 -0.455982 0.888482 0.051765 0.828207 0.402317 0.390146
9.741103 -49.379807 -1453.455636 2816.943880 0.354224 0.255628 -0.899544 -0.458401 0.885886 0.071237 0.815103 0.387118 0.430982
1.468452 -75.824636 1360.056809 -4578.912046 0.289539 0.148341 -0.945601 -0.606743 0.792519 -0.061456 0.740291 0.591531 0.319470
-0.325205 -85.527035 1182.702395 -8749.367365 0.296668 0.145056 -0.943900 -0.624298 0.777407 -0.076747 0.722662 0.612043 0.321190
-0.900664 -70.649211 382.877701 589.996076 0.321399 0.126531 -0.938452 -0.562894 0.822463 -0.081887 0.761481 0.554567 0.335563
-238.368781 -1775.814083 -106299.296538 190817.850877 0.754808 -0.059642 -0.653228 -0.648097 0.085785 -0.756711 -0.101169 -0.994527 -0.026097
4.004101 -450.525612 -3037.969010 -82024.605458 0.841799 -0.060721 -0.536364 -0.538538 -0.026816 -0.842175 -0.036755 -0.997794 0.055274
79.403214 -1217.981004 14994.885188 352319.651078 0.925850 -0.031294 -0.376594 -0.361419 -0.364352 -0.858268 0.110354 -0.930735 0.348646
117.336287 -1346.628710 51645.962042 -453.249796 0.788831 0.134160 -0.599789 -0.492087 -0.446822 -0.747128 0.368233 -0.884506 0.286449
13.928574 -113.168226 -639.746018 -238.028220 0.199355 0.040912 -0.979073 0.942422 0.265768 0.202998 0.268511 -0.963169 0.014425
14.020306 -119.880134 -4821.444701 3762.414690 0.269452 0.019695 -0.962812 0.958244 0.093899 0.270095 0.095726 -0.995387 0.006429
10.332774 -122.269341 -5562.974459 3563.891520 0.207495 0.009929 -0.978186 0.949635 0.237987 0.203854 0.234819 -0.971218 0.039952
7.847134 -118.574658 -3833.917243 5690.398083 0.155808 0.005146 -0.987774 0.897173 0.417651 0.143693 0.413285 -0.908593 0.060457
10.959247 -110.256319 2704.842704 3299.921384 0.140249 0.058614 -0.988380 0.890136 0.429673 0.151790 0.433577 -0.901080 0.008087
-3.325831 -43.000501 -2017.275970 -848.897583 -0.271285 -0.507367 0.817914 0.874155 -0.485516 -0.011235 0.402811 0.711936 0.575231
-6.651690 -38.768060 -1049.589755 -1182.165738 -0.285134 -0.518310 0.806258 0.920961 -0.381222 0.080627 0.265574 0.765522 0.586043
-7.279201 -41.906837 -1180.668439 -1006.853524 -0.266180 -0.529648 0.805370 0.887961 -0.459831 -0.008929 0.375064 0.712761 0.592705
-8.539632 -37.127878 -136.968805 4069.471609 -0.082779 0.056698 -0.994954 0.605346 0.795947 -0.005007 0.791646 -0.602706 -0.100210
-11.080332 -30.577312 889.644507 5249.408279 -0.136683 0.026177 -0.990269 0.528095 0.847683 -0.050483 0.838113 -0.529857 -0.129688
-13.413109 -33.784108 591.434178 3403.646907 0.012645 0.173737 -0.984711 0.569632 0.808116 0.149894 0.821802 -0.562819 -0.088747
-7.726806 -36.122849 568.658820 1245.013291 -0.004528 0.153364 -0.988159 0.665342 0.738162 0.111515 0.746525 -0.656959 -0.105382
-16.608930 -27.819809 61.679389 272.333758 0.210828 0.441203 -0.872291 0.456985 0.744348 0.486941 0.864127 -0.501285 -0.044694
-15.722252 -32.306635 34.157340 2218.697341 0.169816 0.339269 -0.925235 0.506117 0.775568 0.377280 0.845582 -0.532345 -0.040006
-11.851162 -36.748812 1180.444664 2687.969491 0.075347 0.242881 -0.967126 0.609765 0.756190 0.237412 0.788993 -0.607607 -0.091124
-15.883685 -42.617376 4956.554023 -1491.423255 0.198119 0.943028 -0.267296 -0.224879 -0.221697 -0.948831 0.954033 -0.248090 -0.168145
-17.731596 -37.643890 1624.288670 -1541.608862 0.241277 0.925275 -0.292662 -0.097808 -0.276851 -0.955922 0.965515 -0.259266 -0.023701
-19.767524 -40.163614 1890.796200 -1757.814765 0.264890 0.928022 -0.261931 -0.174530 -0.221006 -0.959529 0.948353 -0.299884 -0.103426
0.144595 -128.585923 -338.587930 603.542812 0.149708 0.429395 -0.890622 0.979281 0.059840 0.193462 0.136366 -0.901132 -0.411540
0.751846 -134.600647 -348.087322 5012.715040 0.209554 0.430925 -0.877719 0.976254 -0.142623 0.163057 -0.054918 -0.891045 -0.450580
-0.407344 -155.701507 51.233947 537.288665 0.150913 0.435246 -0.887573 0.984319 0.016795 0.175598 0.091335 -0.900155 -0.425886
-0.470538 -147.152696 122.194170 -3207.278336 0.095886 0.426445 -0.899417 0.948884 0.233811 0.212017 0.300707 -0.873772 -0.382228
-0.242867 -125.631283 -289.941941 -2433.952122 0.096143 0.415409 -0.904540 0.940939 0.258458 0.218708 0.324638 -0.872144 -0.366026
126.595844 -2942.717828 -1563608.380891 -2506089.831740 -0.143452 0.972234 0.184883 -0.409770 -0.228400 0.883132 -0.900839 -0.050928 -0.431157
-608.211536 -2596.607924 -884106.851153 -1554791.512820 -0.095038 0.947942 0.303930 -0.832750 -0.242991 0.497476 -0.545430 0.205819 -0.812493
1026.452539 -2541.270281 -1355510.018287 -499399.704752 -0.100228 0.980301 0.170187 -0.388125 -0.196019 0.900519 -0.916140 -0.024204 -0.400127
3539.107949 -5369.797850 -3994759.076634 -5080106.587223 -0.182909 0.829363 0.527922 0.072326 -0.524175 0.848534 -0.980466 -0.193387 -0.035892
390.435455 -1933.020977 -461517.626524 -958933.868295 0.400766 0.853478 0.333110 0.085440 -0.396817 0.913913 -0.912188 0.337805 0.231952
325.533052 -1823.063690 -94382.236431 -573577.347564 0.266707 0.895415 0.356510 -0.426311 -0.222147 0.876875 -0.864365 0.385852 -0.322478
-159.339191 -277.676472 7860.956711 56207.210626 -0.504088 0.857733 0.100947 -0.633682 -0.446742 0.631561 -0.586807 -0.254394 -0.768727
-181.449801 -251.830149 -6477.039017 -2895.866440 -0.398210 0.878191 -0.264972 0.875520 0.277693 -0.395413 -0.273667 -0.389446 -0.879454
-159.759402 -265.259358 -3755.372324 52340.396593 -0.291541 0.910498 -0.293254 -0.670573 0.024091 0.741452 -0.682155 -0.412812 -0.603532
-165.434043 -268.501368 1758.481134 -36791.826859 -0.418256 0.907876 -0.028686 -0.894844 -0.406419 0.184601 -0.155936 -0.102879 -0.982395
-140.876191 -285.577309 8040.124776 79604.970794 -0.298914 0.953126 0.046929 -0.368946 -0.160780 0.915439 -0.880074 -0.256323 -0.399711
-137.794160 -307.172673 14642.680126 80103.228148 -0.375467 0.860594 0.344096 -0.472286 -0.497094 0.727904 -0.797478 -0.110792 -0.593089
-144.226285 -258.901019 13626.769284 2984.832174 -0.434006 0.871116 0.229771 -0.791967 -0.490482 0.363615 -0.429450 0.024160 -0.902767
-8.644986 -93.286325 2974.879138 30378.013247 0.155109 0.631688 0.759547 0.972418 -0.233200 -0.004636 0.174197 0.739316 -0.650436
-4.536870 -58.620951 2966.385394 7036.512760 0.246119 0.606641 0.755918 0.943265 -0.329261 -0.042879 0.222882 0.723584 -0.653261
-14.699323 -97.337865 1689.949271 33051.535998 0.091220 0.668273 0.738302 0.977691 -0.200962 0.061103 0.189204 0.716257 -0.671697
-17.871933 -163.415737 1912.661410 66731.511536 0.062470 0.665733 0.743571 0.993051 -0.115910 0.020347 0.099733 0.737133 -0.668348
-45.242813 -71.934391 -186.815798 -4005.398702 -0.007747 0.857922 -0.513721 -0.783232 0.314184 0.536504 -0.621682 -0.406519 -0.669518
-38.657732 -69.422009 2030.480892 -2614.756803 -0.270779 0.879404 -0.391570 -0.764234 0.050955 0.642923 -0.585342 -0.473341 -0.658273
-36.141738 -63.170079 1301.987031 4707.327602 -0.459023 0.824199 -0.331654 0.739175 0.147204 -0.657230 -0.492867 -0.546834 -0.676797
82.462190 -88.476887 17687.155627 10034.708816 0.432030 0.848145 -0.306594 0.853256 -0.274306 0.443520 0.292069 -0.453217 -0.842194
57.746145 -87.762080 11599.537379 8007.401707 0.453629 0.860898 -0.230381 0.880913 -0.394008 0.262203 0.134958 -0.321888 -0.937110
94.455198 -92.663331 23034.991374 5080.471782 0.558053 0.760271 -0.332512 0.829542 -0.521232 0.200446 -0.020923 -0.387692 -0.921552
104.525985 -41.669574 16653.288151 4348.648274 0.438675 0.272326 0.856389 -0.491440 0.870550 -0.025094 -0.752363 -0.409856 0.515720
94.375504 -31.086316 -6863.572681 2603.334897 0.239362 0.154943 0.958488 -0.434946 0.899703 -0.036822 -0.868060 -0.408077 0.282747
89.957595 -37.405102 -19585.462375 2884.108677 0.098243 0.093889 0.990724 -0.447782 0.893236 -0.040247 -0.888729 -0.439674 0.129796
19.247047 -42.201179 20901.326907 -502.819008 0.231701 0.945718 -0.227884 0.948669 -0.167829 0.268068 0.215271 -0.278299 -0.936060
-3.581557 -39.934356 7304.151456 -534.417066 0.138763 0.946359 -0.291803 0.987365 -0.109439 0.114602 0.076520 -0.304019 -0.949588
19.810360 -39.379482 27995.878621 -656.926002 0.261372 0.942492 -0.208309 0.957163 -0.225221 0.181973 0.124593 -0.246949 -0.960985
24.949701 -36.254236 6787.177001 1029.631597 -0.035803 -0.089359 0.995356 -0.439908 0.895717 0.064590 -0.897329 -0.435553 -0.071379
11.234677 -37.596313 5280.292966 1193.553989 -0.014560 -0.067114 0.997639 -0.528111 0.847742 0.049323 -0.849051 -0.526146 -0.047787
25.279390 -38.472944 8058.390306 1217.993899 -0.042916 -0.058753 0.997350 -0.539435 0.841614 0.026367 -0.840933 -0.536874 -0.067813
-27.397560 -121.304232 -998.043108 -2470.258201 -0.167492 0.781941 -0.600429 0.333010 0.618109 0.712071 -0.927928 0.080683 0.363923
-29.594461 -126.185690 -310.673277 -3159.103016 -0.069562 0.765786 -0.639322 0.329171 0.622600 0.709940 -0.941704 0.161062 0.295384
-27.556569 -118.846344 -531.595140 -12796.247296 -0.143938 0.794398 -0.590097 -0.019905 0.593861 0.804321 -0.989386 -0.127519 0.069667
-28.067313 -121.586823 -253.556093 10508.457524 -0.077435 0.751741 -0.654896 0.644049 0.539135 0.542710 -0.761055 0.379760 0.525906
-23.009552 -111.691663 -1456.692152 -10587.555914 -0.243547 0.799113 -0.549640 0.009728 0.568688 0.822496 -0.969840 -0.194970 0.146276
-26.144910 -117.240418 -1325.841885 9558.050975 -0.192759 0.764452 -0.615189 0.627579 0.577998 0.521596 -0.754313 0.285537 0.591168
-23.342322 -113.561986 -2382.431688 -744.014261 -0.278674 0.785292 -0.552862 0.343898 0.619090 0.706018 -0.896702 -0.006621 0.442585
16.754935 -42.062119 -3235.036534 -2830.490823 -0.467102 0.683605 -0.560803 0.489008 -0.328698 -0.807978 0.736673 0.651645 0.180753
-17.437913 -102.470151 718.641959 -11037.429793 0.833438 -0.467992 -0.293878 -0.071589 -0.618751 0.782319 0.547956 0.630976 0.549194
-7.562268 -72.923223 11775.951041 57233.861853 0.801516 -0.575725 -0.161594 -0.297386 -0.618230 0.727567 0.518781 0.535100 0.666734
230.798992 -20.324703 -513964.254481 8642.788355 -0.257916 0.882306 -0.393721 0.814839 -0.020326 -0.579330 0.519149 0.470238 0.713695
-3.262766 -110.924673 347.443715 -1022.183300 -0.603012 -0.591030 -0.535780 -0.494494 0.803966 -0.330325 0.625981 0.065750 -0.777062
-3.596451 -108.008495 255.088466 -6484.437315 -0.607509 -0.577283 -0.545598 -0.350698 0.811243 -0.467863 0.712702 -0.092891 -0.695289
-3.020377 -111.372988 237.344211 3303.705708 -0.594705 -0.601977 -0.532869 -0.609672 0.769752 -0.189161 0.524047 0.212381 -0.824784
-2.399750 -114.194918 707.426126 -2195.662301 -0.622684 -0.579263 -0.526042 -0.459877 0.814840 -0.352915 0.633070 0.022160 -0.773777
-1.846520 -113.993065 561.842454 3260.291622 -0.609664 -0.596210 -0.522345 -0.592575 0.780490 -0.199225 0.526465 0.188068 -0.829135
2.419712 -82.375271 -2010.495594 1990.265784 0.215749 0.846431 -0.486833 0.891519 -0.374129 -0.255384 0.398303 0.378922 0.835328
-1.549371 -85.649161 1194.944111 1978.481148 -0.173599 -0.859336 0.481047 0.962737 -0.250935 -0.100838 0.207365 0.445616 0.870877
5.712661 -85.496363 2011.748123 1336.618151 -0.216483 -0.848300 0.483242 0.951013 -0.295130 -0.092047 0.220703 0.439643 0.870634
-2.009972 -96.045810 -625.272175 8895.905671 0.400838 0.739885 0.540277 -0.506632 0.670364 -0.542158 0.763317 0.056404 -0.643557
-2.418358 -100.890765 -146.151364 2566.553601 0.380717 0.759016 0.528157 -0.372121 0.648640 -0.663922 0.846511 -0.056228 -0.529394
-0.431600 -105.938365 1139.543860 2905.323876 0.367046 0.763523 0.531328 -0.407680 0.645456 -0.645897 0.836107 -0.020462 -0.548185
-1.556685 -87.689269 840.587455 -7892.682090 -0.647390 -0.524092 -0.553365 -0.027050 0.741393 -0.670526 0.761678 -0.419123 -0.494147
-3.284268 -87.380769 266.202443 -5733.128245 -0.636019 -0.528647 -0.562149 -0.035307 0.747654 -0.663149 0.770865 -0.401928 -0.494188
-2.931149 -78.367586 389.696708 -4893.085224 -0.637638 -0.523956 -0.564701 0.078304 0.685176 -0.724156 0.766346 -0.505968 -0.395867
189.375165 -60.061487 64350.824125 309.059630 -0.220294 0.119984 0.968026 -0.671396 0.701261 -0.239709 -0.707600 -0.702735 -0.073927
189.859093 -66.577592 -81583.266017 -2888.699328 0.225855 -0.197485 -0.953934 0.743765 -0.597449 0.299780 -0.629129 -0.777209 0.011945
210.763199 -64.460875 -26292.389193 -1550.204266 0.371739 0.049937 -0.926993 0.677870 -0.696848 0.234297 -0.634274 -0.715478 -0.292896
42.124532 -41.416421 8291.838414 -1319.006674 0.573643 0.691553 0.438963 -0.346352 0.690427 -0.635099 0.742276 -0.212284 -0.635580
34.943590 -52.046863 -8423.611917 -6001.756238 -0.534411 -0.699337 -0.474692 -0.375941 0.699675 -0.607555 0.757016 -0.146228 -0.636824
40.562728 -60.497471 7084.002727 -9758.774889 0.535000 0.727084 0.430259 -0.433437 0.673356 -0.598936 0.725194 -0.133941 -0.675391
14.607101 -104.937895 -3952.787451 13024.125726 -0.502225 -0.628398 -0.594042 -0.668134 0.718098 -0.194763 0.548969 0.299085 -0.780501
11.066461 -91.594760 -4328.608174 6973.282904 -0.520349 -0.592649 -0.614821 -0.703327 0.705760 -0.085053 0.484322 0.388163 -0.784067
16.465837 -103.640660 -1537.383758 13735.927269 -0.555460 -0.606729 -0.568634 -0.684888 0.721622 -0.100946 0.471585 0.333379 -0.816373
378.653389 -842.802713 205315.269684 367192.305302 -0.014083 0.663466 0.748073 0.435422 0.677556 -0.592727 -0.900116 0.317380 -0.298430
304.285526 -710.025997 26278.364280 -77861.258200 -0.436088 0.656393 0.615610 0.106511 0.716923 -0.688968 -0.893579 -0.234882 -0.382555
366.208115 -754.609283 60179.389951 395841.731285 -0.534270 0.661276 0.526564 0.284849 -0.445650 0.848680 -0.795875 -0.603415 -0.049733
97.021991 -289.905031 12644.847573 99217.871796 -0.224341 0.722131 0.654369 0.601796 -0.425492 0.675869 -0.766494 -0.545421 0.339120
13.134167 -247.160493 1977.052757 5701.385484 -0.438497 -0.477636 -0.761304 -0.057252 0.860211 -0.506714 0.896907 -0.178607 -0.404546
16.843047 -237.649980 4826.969829 14264.000935 -0.441575 -0.384486 -0.810668 0.016713 0.899847 -0.435886 0.897069 -0.206025 -0.390924
0.872113 -267.428889 -2436.574674 -1096.489054 -0.444168 -0.551272 -0.706268 0.062486 0.767315 -0.638219 0.893762 -0.327608 -0.306370
35.181246 -227.702440 4973.311902 13104.550003 -0.431184 -0.430715 -0.792820 -0.246432 0.901511 -0.355738 0.867958 0.041988 -0.494859
26.651233 -282.506338 2671.168985 -1313.927090 -0.450464 -0.563593 -0.692420 -0.262691 0.824903 -0.500529 0.853274 -0.043578 -0.519639
-1.368905 -109.200540 -2486.939233 -6554.175553 -0.551973 -0.381346 -0.741553 0.832279 -0.197182 -0.518103 0.051356 -0.903158 0.426225
0.081031 -108.301831 -4332.279191 9073.605146 -0.533817 -0.401178 -0.744376 0.828555 -0.072294 -0.555221 0.168928 -0.913143 0.370990
2.003548 -109.100235 -2476.779610 -5066.593239 -0.570801 -0.381343 -0.727161 0.820722 -0.238547 -0.519143 0.024510 -0.893125 0.449140
-2.825786 -100.726827 -2924.692151 5817.801948 -0.520535 -0.394418 -0.757283 0.837792 -0.064786 -0.542132 0.164765 -0.916645 0.364164
-3.334149 -103.010263 -789.035680 -12910.660476 -0.561258 -0.367796 -0.741428 0.824132 -0.330767 -0.459782 -0.076134 -0.869091 0.488758
-6.059774 -104.960716 -790.618541 -8789.156303 -0.541510 -0.377982 -0.750930 0.840134 -0.210703 -0.499779 0.030684 -0.901518 0.431653
39.196450 -3106.413122 15042.398282 1912315.846126 -0.559849 -0.359757 -0.746421 0.818530 -0.380101 -0.430735 -0.128755 -0.852114 0.507271
-54.149988 -3625.177718 14327.689736 -2382619.412898 -0.405074 -0.364584 -0.838447 0.767021 -0.634607 -0.094618 -0.497588 -0.681434 0.536707
-25.682914 -3120.664788 6556.392649 1551154.904620 0.410003 0.515410 0.752496 0.297147 0.704536 -0.644463 -0.862323 0.487833 0.135709
44.072381 -50.025549 1678.596961 -505.196461 0.660240 0.506305 0.554741 0.425493 0.356499 -0.831784 0.618901 -0.785216 -0.019946
43.472182 -48.401766 -1581.888394 936.032021 0.679321 0.435083 0.590953 0.502309 0.311385 -0.806675 0.534984 -0.844833 0.007015
38.739357 -51.089911 5550.228202 1027.597992 0.618632 0.516860 0.591735 0.498552 0.323857 -0.804091 0.607240 -0.792447 0.057333
-20.911973 -37.141397 -1426.594317 -1127.775931 0.849506 -0.372553 0.373555 0.525797 0.656008 -0.541472 0.043328 -0.656398 -0.753170
-19.376157 -34.054311 -729.065172 -1556.091939 0.782447 -0.436736 0.443889 0.622715 0.550504 -0.556032 0.001524 -0.711482 -0.702702
-17.277403 -34.705961 -614.490379 -1304.512279 0.783549 -0.467570 0.409181 0.620028 0.545793 -0.563627 -0.040207 -0.695334 -0.717562
-10.012457 -78.388649 784.370732 -1792.967566 -0.096551 0.866911 -0.489023 -0.056522 -0.495301 -0.866881 0.993722 0.056058 -0.096822
-7.266642 -82.553995 1015.187350 -743.478057 -0.133617 0.876303 -0.462860 -0.257868 -0.481702 -0.837536 0.956896 -0.007448 -0.290334
-6.581933 -79.151022 996.886876 -2057.528205 -0.142980 0.864652 -0.481595 -0.059169 -0.493191 -0.867906 0.987955 0.095598 -0.121677
3007.724488 -15918.257022 1609974.340049 -20363242.941796 0.852939 0.198759 0.482691 0.361100 0.443092 -0.820534 0.376965 -0.874165 -0.306158
-122.061604 -2738.001854 194186.342379 2295393.731603 0.831814 0.129059 0.539842 0.215214 0.821516 -0.528010 0.511633 -0.555388 -0.655573
469.241210 -8231.206850 466038.140177 -748119.023854 0.906436 0.131009 0.401511 0.119595 0.832142 -0.541513 0.405057 -0.538865 -0.738615
