15301
30593
-38.776313 -61.265818 -613.776188 9686.892152 0.197117 0.977205 0.078833 0.796386 -0.112708 -0.594194 0.571764 -0.179907 0.800449
-47.106773 -71.593427 224.428981 5335.273150 0.211276 0.977407 0.006150 0.870908 -0.185391 -0.455137 0.443714 -0.101516 0.890400
-50.372300 -84.434250 1323.299151 11621.437596 -0.103715 0.973446 0.204075 0.905322 0.177362 -0.385921 0.411868 -0.144728 0.899677
-38.135223 -59.450331 -652.422762 6062.488925 0.466531 0.853205 -0.233216 0.682193 -0.514916 -0.519110 0.562993 -0.083083 0.822275
-40.542353 -85.393071 -1862.135560 16311.222068 -0.092010 0.951940 0.292138 0.859745 0.223959 -0.458999 0.502367 -0.208932 0.839032
-32.312170 -69.189786 -3232.196746 16138.969335 0.047486 0.959367 0.278135 0.794856 0.132342 -0.592191 0.604937 -0.249198 0.756274
-24.566217 -45.713154 -4139.954019 7629.052477 0.308238 0.947587 0.084074 0.692654 -0.162973 -0.702616 0.652088 -0.274808 0.706585
-32.066699 -48.273957 -829.067427 5254.400842 0.527900 0.816792 -0.232750 0.580046 -0.546912 -0.603683 0.620377 -0.183679 0.762492
-59.416660 -79.189148 2226.119359 -1267.651119 0.025574 0.999270 0.028368 0.993512 -0.022261 -0.111532 0.110819 -0.031036 0.993356
-62.232257 -76.915060 -3328.501816 -2275.657563 -0.187160 -0.978993 0.080896 0.982165 -0.184988 0.033626 -0.017954 0.085746 0.996155
-62.783462 -69.487866 3403.051557 -2368.409025 0.148466 0.986839 0.064075 0.986367 -0.152423 0.062029 -0.070979 -0.053992 0.996015
-65.273820 -73.427953 4359.920101 -1131.650316 0.354315 0.935099 0.007047 0.916647 -0.348794 0.195195 -0.184985 0.062702 0.980739
-58.316963 -75.890400 -2432.317056 -3403.587987 0.061318 -0.989676 -0.129546 0.996245 0.068633 -0.052769 0.061115 -0.125824 0.990168
10.080278 -18.554131 4291.912827 -262.729273 -0.542568 0.817636 -0.192591 0.643155 0.551832 0.530879 -0.540343 -0.164172 0.825274
5.911082 -19.814064 4890.854106 669.131199 -0.552073 0.808772 -0.202739 0.616775 0.559743 0.553422 -0.561074 -0.180485 0.807849
-0.891739 -22.185336 -1759.024729 278.846313 0.725309 -0.588760 0.356775 0.420600 0.789260 0.447397 -0.544998 -0.174442 0.820090
4.855788 -21.333018 -2325.539107 -432.924691 0.659626 -0.691190 0.295211 0.542548 0.709710 0.449392 -0.520130 -0.136265 0.843147
-5.204294 -51.803992 -3963.160116 603.808297 -0.232291 0.972510 -0.016275 0.952083 0.223926 -0.208317 0.198946 0.063886 0.977926
-9.818783 -49.706599 -3690.081569 876.087408 -0.238049 0.971123 -0.015887 0.914782 0.218682 -0.339636 0.326354 0.095383 0.940423
-16.106235 -51.459243 -2988.661802 -670.514260 -0.250781 0.966396 -0.056458 0.931065 0.224825 -0.287353 0.265004 0.124629 0.956159
-14.501969 -51.278901 -3057.918492 -438.537240 -0.287944 0.956498 -0.046908 0.943380 0.274891 -0.185657 0.164686 0.097711 0.981494
-21.358742 -51.425501 -2756.101176 -372.975429 -0.323924 0.943227 -0.073462 0.926167 0.300299 -0.228110 0.193099 0.141929 0.970860
-25.097976 -50.316056 -2105.650549 -180.635386 -0.315493 0.942400 -0.111113 0.898752 0.259183 -0.353652 0.304483 0.211438 0.928754
-4.409904 -51.416501 1450.642662 1013.659369 0.585366 0.778498 -0.226467 -0.522225 0.148370 -0.839802 0.620183 -0.609858 -0.493402
-2.907490 -48.623491 1702.876973 -3876.562260 0.579789 0.780466 -0.233917 -0.560009 0.173194 -0.810181 0.591806 -0.600730 -0.537485
-2.845734 -50.461255 608.609708 271.614704 0.578124 0.771112 -0.266755 -0.558628 0.135764 -0.818232 0.594733 -0.622056 -0.509253
-4.677017 -48.160944 -167.016515 4649.552070 0.594407 0.766479 -0.243289 -0.511574 0.126990 -0.849803 0.620462 -0.629589 -0.467594
3.737347 -49.276961 1726.372952 4236.736331 0.588313 0.757316 -0.283479 -0.556515 0.124854 -0.821403 0.586668 -0.641002 -0.494911
8.324539 -47.559237 2852.216479 720.924848 0.578195 0.762009 -0.291605 0.591150 -0.144920 0.793436 0.562346 -0.631143 -0.534253
1.832288 -41.320618 -294.105568 -697.559770 0.495106 0.862684 -0.103177 0.860087 -0.503461 -0.082320 0.122962 0.047984 0.991251
2.738164 -46.345570 -386.081907 2877.494727 0.499793 0.859877 -0.104007 0.837712 -0.510404 -0.194235 0.220104 -0.009950 0.975426
2.027195 -44.202806 -169.364404 4320.877320 0.510981 0.853471 -0.102397 0.827513 -0.520648 -0.210112 0.232637 -0.022628 0.972300
-3.628692 -79.355038 924.713362 3546.201522 0.419931 0.897027 -0.137843 0.842483 -0.328823 0.426730 -0.337463 0.295327 0.893812
-5.557488 -90.574869 1986.536906 1727.865608 0.417291 0.893872 -0.163891 0.771685 -0.253285 0.583394 -0.479969 0.369917 0.795482
-7.953093 -83.416098 1721.939464 7273.523092 0.437755 0.888895 -0.135044 0.850029 -0.360231 0.384297 -0.292953 0.283019 0.913279
-6.990309 -74.131550 -1425.916787 5796.589900 -0.429478 -0.893489 0.131245 0.892002 -0.397017 0.216123 -0.140997 0.209891 0.967505
-3.403713 -73.265161 -996.739069 8153.172326 -0.430054 -0.893330 0.130444 0.885878 -0.389718 0.251674 -0.173991 0.223791 0.958981
-0.205247 -75.579293 846.147625 365.374676 0.410614 0.899143 -0.151452 0.850771 -0.318054 0.418365 -0.328000 0.300637 0.895563
0.624957 -82.190283 1032.168859 -963.428540 0.396530 0.903079 -0.164964 0.786158 -0.241254 0.568993 -0.474047 0.355310 0.805627
-0.476641 -93.774787 -274.600083 -9145.581704 0.116050 0.971487 0.206751 0.615633 -0.233704 0.752581 -0.779441 -0.039946 0.625201
-3.286819 -106.942178 -1927.913951 -6371.429767 0.118663 0.967872 0.221681 0.800229 -0.225392 0.555726 -0.587837 -0.111452 0.801266
-1.786705 -108.061233 -2052.532407 -10489.144643 0.096774 0.970679 0.220038 0.757408 -0.215250 0.616442 -0.645730 -0.107003 0.756031
0.328816 -95.746404 892.199901 -8925.843408 0.112425 0.979724 0.165836 0.656624 -0.198512 0.727625 -0.745792 -0.027089 0.665628
-3.490913 -107.068013 3834.025616 -7703.537284 0.133852 0.981675 0.135636 0.815069 -0.186905 0.548388 -0.563690 -0.037150 0.825151
2.700895 -76.164449 1837.983518 -2678.805034 0.460099 0.869681 -0.178784 0.714508 -0.482211 -0.506903 0.527056 -0.105483 0.843259
6.777237 -79.053289 133.829421 -3332.194009 0.507470 0.840453 -0.190034 0.629955 -0.512342 -0.583663 0.587904 -0.176479 0.789445
3.405290 -72.388534 447.375191 -2841.439289 0.493461 0.852540 -0.172252 0.744727 -0.516457 -0.422675 0.449309 -0.080293 0.889761
-17.939987 -26.211680 4210.947735 1306.713547 -0.309680 0.291747 -0.904976 -0.347226 0.851334 0.393273 0.885174 0.436020 -0.162339
-27.376424 -29.582006 2790.170319 1944.812428 -0.278998 0.451831 -0.847354 -0.268106 0.810654 0.520538 0.922106 0.372409 -0.105032
-19.541222 -30.547198 4388.722506 1709.831221 -0.309416 0.312724 -0.898034 -0.276500 0.873987 0.399618 0.909840 0.371955 -0.183958
40.734896 -27.205089 -2001.756716 3199.389337 -0.439573 -0.822860 -0.360107 0.876076 -0.304328 -0.374000 0.198159 -0.479882 0.854662
40.300224 -24.559731 3208.023014 4055.000145 -0.506115 -0.724724 -0.467570 0.852460 -0.338011 -0.398824 0.130994 -0.600436 0.788871
38.101075 -39.025321 3158.668275 7758.182222 -0.469592 -0.755756 -0.456417 0.876932 -0.339341 -0.340348 0.102339 -0.560072 0.822099
43.341499 -23.572706 1042.223920 -1301.419128 -0.469641 -0.763432 -0.443405 0.867295 -0.305071 -0.393358 0.165033 -0.569300 0.805395
40.779403 -43.091424 1445.894816 7392.396403 -0.422867 -0.813368 -0.399520 0.897644 -0.315559 -0.307664 0.124172 -0.488728 0.863555
38.355882 -38.475063 -5152.813707 6663.057285 -0.386220 -0.871313 -0.302734 0.904249 -0.292845 -0.310768 0.182122 -0.393772 0.900986
32.254339 -25.842672 -7060.413122 4471.306661 -0.391513 -0.886458 -0.246800 0.886538 -0.291530 -0.359250 0.246511 -0.359449 0.900016
34.258988 -20.616410 -7598.037238 916.953401 -0.408605 -0.878640 -0.247051 0.870853 -0.294281 -0.393716 0.273232 -0.376020 0.885411
41.021889 -23.269881 -5378.275877 -1405.961227 -0.411953 -0.848852 -0.331277 0.877919 -0.272378 -0.393788 0.244035 -0.453056 0.857430
26.430731 -50.498034 -6896.293954 6993.868045 -0.356830 -0.903365 -0.237916 0.924922 -0.305901 -0.225707 0.131117 -0.300593 0.944697
26.107083 -66.054057 -4123.625454 5365.197775 -0.376226 -0.888260 -0.263530 0.925477 -0.373819 -0.061246 -0.044110 -0.266934 0.962705
18.266402 -60.200215 -7455.543699 5470.645000 -0.353923 -0.911621 -0.209013 0.934811 -0.337763 -0.109752 0.029455 -0.234231 0.971735
10.571364 -50.226679 -7244.067273 5434.364067 -0.350903 -0.915742 -0.195662 0.928824 -0.313830 -0.196967 0.118966 -0.250852 0.960687
18.527035 -36.760377 -8518.779828 5160.884992 -0.355149 -0.914468 -0.193953 0.905886 -0.285460 -0.312864 0.230738 -0.286813 0.929784
1.634850 -100.697178 -215.189972 2305.464440 0.105164 0.983822 0.145034 0.297787 -0.170305 0.939318 -0.948822 0.055593 0.310879
0.549155 -116.394242 -53.660430 -8732.847767 0.148990 0.971178 0.186054 0.401241 -0.231344 0.886276 -0.903774 0.057394 0.424144
2.209564 -108.803853 -350.304372 -10998.236522 0.139118 0.966101 0.217475 0.449759 -0.257296 0.855287 -0.882249 0.021174 0.470307
-7.766253 -129.379536 1843.484945 14989.615210 0.503259 -0.153406 0.850410 0.187208 0.980100 0.066014 -0.843613 0.125981 0.521963
-11.664394 -151.024229 -555.252634 13236.926103 0.472235 -0.135453 0.871004 -0.043569 0.983328 0.176542 -0.880396 -0.121318 0.458460
-12.619386 -156.046587 1028.561661 16120.457579 0.512452 -0.099746 0.852903 -0.028897 0.990665 0.133220 -0.858230 -0.092915 0.504786
-12.777593 -171.502696 1597.565894 24724.710899 0.524882 -0.012048 0.851089 -0.017367 0.999540 0.024860 -0.850998 -0.027829 0.524432
-6.959642 -128.759234 2095.595318 19217.987307 0.532537 -0.074275 0.843141 0.219759 0.974114 -0.052989 -0.817380 0.213506 0.535075
-16.882383 -82.768447 4785.511977 -7355.346374 0.556785 -0.128249 0.820696 0.454542 0.874001 -0.171796 -0.695257 0.468694 0.544925
-15.288001 -67.899222 3491.452550 -4248.024067 0.582358 -0.023634 0.812589 0.254868 0.954489 -0.154895 -0.771947 0.297307 0.561878
-6.410264 -77.973213 3198.504870 -6037.751364 0.576972 -0.110038 0.809318 0.380390 0.913062 -0.147040 -0.722778 0.392694 0.568668
1756.684721 -4565.734821 698935.570454 -6977422.604998 0.502085 0.233786 -0.832619 -0.076473 0.970998 0.226526 0.861430 -0.050062 0.505403
-73.242718 -2566.734422 -37862.076561 802068.967172 -0.279316 -0.126592 0.951818 0.929808 -0.283078 0.235208 0.239664 0.950706 0.196775
-22.871089 -2785.626964 109688.514234 -586642.411221 0.220508 0.002556 -0.975382 -0.646879 0.748819 -0.144280 0.730016 0.662769 0.166774
54.346914 -1674.744655 75843.065355 1613459.048977 0.166930 0.115174 -0.979219 0.589424 0.784491 0.192751 0.790388 -0.609351 0.063069
-117.678143 -3502.565140 14390.452582 826947.672948 0.205181 0.028779 -0.978301 0.978429 0.018495 0.205752 0.024016 -0.999415 -0.024364
38.124043 -3501.873048 -48983.771768 1210091.973750 0.015588 -0.278190 -0.960400 0.997338 0.072756 -0.004887 0.071235 -0.957767 0.278583
-70.135163 -3978.356715 -8182.876801 1088576.093174 -0.567713 0.352132 -0.744114 0.296781 0.930662 0.213986 0.767870 -0.099356 -0.632854
-28.993402 -7139.014191 7042.787034 -3653343.352221 0.583426 -0.568359 0.580158 0.681622 -0.045742 -0.730273 0.441595 0.821509 0.360719
35.128093 -5770.272408 37871.503815 3523968.591300 -0.599444 0.403511 -0.691264 -0.137369 0.798953 0.585494 0.788541 0.445929 -0.423498
431.031538 -11741.777799 329094.007920 -850737.486935 0.793583 -0.152943 0.588927 0.580186 0.481837 -0.656671 0.183334 -0.862810 -0.471113
10.673626 -2921.317168 -4384.115391 -579883.706667 -0.589445 0.220550 -0.777118 0.644257 0.708700 -0.287536 0.487328 -0.670150 -0.559831
-11.751379 -39.650034 1436.406727 1201.106608 -0.116201 0.646221 0.754252 -0.525579 0.604356 -0.598766 0.842772 0.465996 -0.269414
-14.170693 -41.766302 -1367.351761 -530.745424 0.013990 -0.566576 -0.823891 -0.499352 0.709906 -0.496670 0.866286 0.418360 -0.272989
-9.691881 -38.372344 -1340.177840 2750.257255 0.042755 -0.592471 -0.804457 -0.605301 0.625230 -0.492643 0.794847 0.508002 -0.331892
-7.009442 -33.540252 973.376080 3139.890393 -0.155497 0.683102 0.713577 -0.615729 0.497846 -0.610760 0.772463 0.534341 -0.343192
-3.820130 -41.674704 -1075.490765 -956.184321 0.418060 0.786909 -0.453871 -0.744020 0.583267 0.325935 -0.521209 -0.201429 -0.829317
-1.177656 -42.317886 -712.016750 -582.464844 0.409658 0.789746 -0.456598 -0.745884 0.578142 0.330769 -0.525202 -0.205067 -0.825900
-3.163032 -41.620514 -1428.422432 63.992345 0.396986 0.796817 -0.455506 -0.687971 0.586843 0.426980 -0.607535 -0.143870 -0.781155
-3.547168 -103.649610 454.004690 -533.942023 0.021104 0.971632 0.235554 0.368753 0.211430 -0.905162 0.929288 -0.105963 0.353830
1.041872 -106.146202 2129.469196 -2544.278125 0.003468 0.975479 0.220065 0.459011 0.193961 -0.867000 0.888424 -0.104019 0.447083
-2.059908 -96.599955 668.871708 -7568.810628 0.031270 0.977708 0.207627 0.576197 0.152104 -0.803033 0.816712 -0.144745 0.558596
27.699596 -288.460874 -3893.372081 -25628.833110 0.369777 0.922619 0.109725 0.566652 -0.317531 0.760315 -0.736322 0.218971 0.640220
27.448678 -230.200118 -2855.399546 -33764.795166 0.318524 0.946006 0.060118 0.220097 -0.135497 0.966022 -0.922008 0.294470 0.251373
41.187641 -278.290228 -6503.453667 -38757.595804 0.357920 0.933669 0.012445 0.426594 -0.175360 0.887280 -0.830609 0.312267 0.461063
47.499038 -292.819722 -6630.180592 -20282.500862 0.366131 0.929108 0.052029 0.707389 -0.314214 0.633144 -0.604607 0.195009 0.772284
58.488285 -393.591998 -2056.580684 -24985.266857 0.394921 0.912710 -0.104865 0.669697 -0.207857 0.712953 -0.628922 0.351788 0.693326
-0.036662 -387.841091 4184.561794 111638.159443 0.265511 0.084369 -0.960409 0.732397 -0.665472 0.144016 -0.626975 -0.741639 -0.238482
10.772719 -398.611136 4003.949448 122636.844289 0.239630 0.096321 -0.966074 0.800949 -0.581979 0.140645 -0.548688 -0.807479 -0.216608
2.755992 -217.935756 4182.379068 77950.597174 0.304952 0.045426 -0.951284 0.848373 -0.466828 0.249670 -0.432744 -0.883181 -0.180899
7.303748 -78.655328 8347.230450 5091.363329 0.328928 0.929554 0.166539 0.415242 -0.300755 0.858557 -0.848163 0.213250 0.484917
7.259489 -82.009693 -9746.665181 -1531.261899 0.220622 0.922879 0.315626 0.336159 -0.375719 0.863616 -0.915600 0.084433 0.393126
-2.868974 -85.617255 5670.190853 -4158.657973 0.331419 0.931517 0.149790 0.258683 -0.242394 0.935055 -0.907328 0.271146 0.321302
0.105923 -78.763630 -5889.263077 -10032.009662 0.260943 0.926690 0.270470 0.153379 -0.316417 0.936138 -0.953092 0.202794 0.224702
-6.975695 -85.204090 13801.408385 6715.498842 0.332152 0.943010 0.020155 0.395560 -0.158661 0.904632 -0.856275 0.292503 0.425717
-13.904799 -84.132326 9492.073570 -3899.243940 0.311669 0.949643 0.032258 0.210011 -0.101955 0.972369 -0.926692 0.296282 0.231212
-19.027698 -41.333566 2405.406852 -1371.797538 0.204606 0.923299 -0.325047 -0.192684 0.363566 0.911423 -0.959692 0.123851 -0.252293
-21.752921 -50.550375 305.991028 -7616.486184 0.192729 0.952640 -0.235231 -0.163711 0.267582 0.949526 -0.967499 0.144491 -0.207528
-10.842184 -34.001639 3497.536997 616.491109 0.287331 0.742970 -0.604513 -0.116699 0.653580 0.747806 -0.950696 0.144322 -0.274498
-9.366628 -37.670716 5222.355182 3588.687343 0.296251 0.724698 -0.622132 -0.168240 0.680782 0.712903 -0.940176 0.106531 -0.323606
-14.788278 -38.909647 5994.806167 -1827.006539 0.226666 0.866991 -0.443790 -0.271580 0.493839 0.826056 -0.935343 0.066714 -0.347393
-24.467964 -54.321029 3821.461021 -3048.927355 0.133560 0.977617 -0.162564 -0.195266 0.186777 0.962801 -0.971614 0.096848 -0.215841
-5.453253 -23.207864 1251.526604 2432.705857 0.273851 0.951043 0.143255 0.457878 -0.259906 0.850174 -0.845786 0.167228 0.506638
-4.096141 -29.044293 1206.234502 2225.309616 0.240635 0.967151 0.081935 0.424112 -0.180701 0.887399 -0.873054 0.178790 0.453663
-8.514464 -29.451501 1951.832119 2026.346633 0.280981 0.941901 0.184043 0.407965 -0.290805 0.865446 -0.868686 0.168091 0.465973
-7.187345 -15.565238 2293.094631 2492.472767 0.412502 0.824350 0.387671 0.404017 -0.546976 0.733204 -0.816463 0.145823 0.558680
-2.399620 -17.342454 1724.940359 2127.672982 0.333911 0.914232 0.229529 0.459404 -0.370469 0.807280 -0.823074 0.164113 0.543705
-10.195823 -24.170026 1910.623590 2026.775199 0.336858 0.896927 0.286441 0.420139 -0.415442 0.806778 -0.842621 0.151424 0.516779
16.550429 4.082678 -8277.862803 -1207.443389 -0.284702 0.283157 -0.915842 -0.422513 0.820511 0.385026 0.860481 0.496573 -0.113964
3.539976 -0.615789 -913.718400 -5457.455487 -0.428750 0.826940 0.363790 -0.274111 0.264621 -0.924575 0.860835 0.496130 -0.113217
6.019781 -0.243629 -6612.812368 -1285.507999 -0.194461 0.129860 -0.972276 -0.462301 0.862078 0.207604 0.865137 0.489856 -0.107606
21.317715 -1.096389 -8992.398303 -1436.084555 -0.270471 0.238624 -0.932686 -0.429037 0.837398 0.338662 0.861843 0.491755 -0.124113
11.198590 -4.165024 -7102.562177 -2413.432860 -0.245284 0.212142 -0.945955 -0.428618 0.851484 0.302095 0.869553 0.479553 -0.117928
-2.187357 -6.338882 -2239.138562 -2864.717369 0.037196 -0.297966 -0.953851 -0.497991 0.822020 -0.276204 0.866384 0.485283 -0.117808
-4.077983 -53.564390 -72.165548 -2206.891779 -0.364069 0.898074 -0.246813 0.923237 0.382934 0.031529 0.122829 -0.216388 -0.968550
-3.802061 -51.433345 -245.885043 -8705.463931 -0.347452 0.906199 -0.241001 0.936339 0.321459 -0.141188 -0.050472 -0.274715 -0.960200
-5.684146 -53.198824 -1012.021951 -3222.812517 -0.361274 0.901579 -0.237984 0.927593 0.373528 0.006934 0.095146 -0.218247 -0.971244
-3.313302 -53.990746 -207.562585 -8224.955315 -0.338734 0.905304 -0.256290 0.940851 0.323702 -0.100082 -0.007643 -0.275032 -0.961405
-6.699293 -60.097320 -939.011211 -3565.076036 -0.381751 0.891740 -0.243037 -0.883990 -0.429043 -0.185696 0.269866 -0.143952 -0.952077
-3.491510 -53.085168 -128.732919 -1184.151720 -0.360365 0.897129 -0.255533 0.916839 0.391122 0.080186 0.171882 -0.205387 -0.963469
-5.534216 -61.256200 -513.766430 -5619.357315 -0.374892 0.889268 -0.262027 -0.870390 -0.434932 -0.230773 0.319183 -0.141551 -0.937062
40.304305 -18.787459 -1711.512112 -372.208050 -0.397332 0.717761 0.571792 0.181988 -0.549081 0.815715 -0.899448 -0.428169 -0.087544
38.538813 -22.592063 10807.755028 -2006.278995 -0.245758 0.804925 0.540091 0.149639 -0.518996 0.841577 -0.957711 -0.287643 -0.007100
40.224831 -20.556966 1211.322959 -3746.972866 -0.370234 0.709062 0.600132 0.181485 -0.578380 0.795324 -0.911038 -0.403371 -0.085452
38.326646 -17.789035 -9853.215617 -325.551451 -0.513957 0.600402 0.612671 0.225330 -0.594648 0.771764 -0.827692 -0.534707 -0.170335
35.078537 -19.854394 -8680.036176 2559.864117 -0.514362 0.568525 0.642037 -0.258504 0.611056 -0.748188 -0.817685 -0.550808 -0.167338
3.285652 -39.874531 -643.097206 -66.428748 -0.453799 0.849654 -0.268616 0.889844 0.416057 -0.187280 -0.047364 -0.324014 -0.944866
-0.493955 -33.981409 -1297.099728 -1941.075953 -0.442710 0.850314 -0.284561 0.885607 0.364961 -0.287234 -0.140385 -0.379171 -0.914616
0.716393 -41.108341 -1059.191431 592.976133 -0.440891 0.852425 -0.281047 0.897015 0.407543 -0.171096 -0.031308 -0.327537 -0.944319
-8.578043 -111.069464 2809.690081 -5036.702911 0.784466 -0.613489 -0.090800 -0.233296 -0.156263 -0.959768 -0.574618 -0.774089 0.265708
-8.871567 -96.562297 2438.967307 -9655.953195 0.787109 -0.613206 -0.066620 -0.332744 -0.331184 -0.882948 -0.519365 -0.717144 0.464719
-13.636038 -114.670283 134.667874 -5055.939675 0.754715 -0.648992 -0.095991 -0.256132 -0.156776 -0.953844 -0.603988 -0.744467 0.284549
-13.277400 -124.531475 -753.173025 -4746.880358 0.729576 -0.675788 -0.105019 -0.207963 -0.072933 -0.975414 -0.651514 -0.733479 0.193749
-12.026625 -119.734880 -217.836459 -1681.252841 0.753963 -0.646392 -0.117116 -0.146720 0.008081 -0.989145 -0.640322 -0.762963 0.088745
-3.575674 -104.421072 -547.530873 -1066.011369 -0.385706 0.907043 -0.168828 -0.889367 -0.414212 -0.193534 0.245475 -0.075503 -0.966458
-3.714167 -108.366784 1111.851624 -2277.957575 -0.391013 0.906637 -0.158488 -0.903609 -0.410879 -0.121114 0.174925 -0.095854 -0.979905
-2.359289 -109.839233 -593.226132 2046.930010 -0.423477 0.889436 -0.171964 0.905755 0.419186 -0.062380 0.016602 -0.182174 -0.983126
-3.921704 -103.650415 -1296.278618 3437.178652 -0.416082 0.893361 -0.169654 0.904990 0.425028 0.018583 0.088708 -0.145803 -0.985329
4.123597 -91.734951 -5989.165715 8034.496787 -0.433138 0.875589 0.213860 0.365053 0.387359 -0.846575 0.824092 0.288614 0.487416
18.054590 -85.705692 -8950.723677 11364.734500 -0.440732 0.855112 0.273016 0.270500 0.416532 -0.867946 0.855912 0.308681 0.414887
9.440296 -77.589564 -8623.622666 12758.512668 -0.419921 0.871294 0.253995 0.172953 0.351562 -0.920050 0.890928 0.342419 0.298321
11.445840 -99.334669 -7142.865505 4712.077799 -0.454287 0.854812 0.250837 0.471403 0.469582 -0.746507 0.755912 0.220883 0.616286
-8.833289 -95.753323 -1651.195463 3664.934121 -0.450516 0.880639 0.146665 0.469441 0.373410 -0.800119 0.759382 0.291616 0.581635
-1.251098 -107.836788 -5416.155676 1285.844060 -0.436938 0.876987 0.199947 0.564613 0.440447 -0.698011 0.700212 0.192095 0.687606
-4.223949 -64.764833 -405.326270 2953.452403 -0.229007 0.964321 -0.132821 -0.733159 -0.260626 -0.628134 0.640339 0.046468 -0.766685
-2.780482 -64.877263 -931.092547 5785.863789 -0.155696 0.984421 -0.081694 -0.717025 -0.169514 -0.676121 0.679436 0.046693 -0.732247
-0.025992 -66.085141 -282.362886 6031.923035 -0.224289 0.964091 -0.142211 -0.680718 -0.259418 -0.685074 0.697365 0.056849 -0.714458
-1.686241 -65.604938 -389.491837 2891.622742 -0.258501 0.950237 -0.173858 -0.704044 -0.308554 -0.639623 0.661438 0.042940 -0.748770
-7.046078 -72.618809 -774.679498 -1832.765070 0.799930 -0.599710 0.021464 0.519644 0.710135 0.475056 0.300138 0.368858 -0.879694
-5.603589 -75.709002 -222.108881 2330.366870 0.802137 -0.596490 0.027849 0.547171 0.752891 0.365731 0.239122 0.278128 -0.930304
-7.555515 -76.775462 -211.774735 -1415.558192 0.821061 -0.568727 0.049080 0.453891 0.702571 0.548066 0.346183 0.427718 -0.834994
-5.508256 -71.582408 -596.737478 1969.035481 0.785557 -0.618324 0.023986 0.574761 0.743475 0.341898 0.229236 0.254794 -0.939431
-10.382333 -81.960772 -1272.843632 -4990.587479 0.816921 -0.575329 0.040451 0.419145 0.640402 0.643585 0.396178 0.508804 -0.764305
-5.721500 -67.370723 -4.161181 49.328032 0.773309 -0.633005 0.036018 0.573986 0.723077 0.384318 0.269319 0.276523 -0.922498
-0.982880 -119.634887 -975.566867 -1415.275605 -0.296012 0.947229 -0.123021 -0.406273 -0.241418 -0.881283 0.864476 0.210890 -0.456296
-2.417224 -114.218452 -1391.851357 -1758.919715 -0.284611 0.952265 -0.110395 -0.408330 -0.224611 -0.884769 0.867331 0.206737 -0.452765
0.957787 -117.165210 -2405.994925 -3776.025402 -0.272886 0.958230 -0.085603 -0.197987 -0.143012 -0.969716 0.941453 0.247674 -0.228743
-3.273537 -116.955113 -73.304983 2510.130877 -0.316651 0.937299 -0.145610 -0.623316 -0.321326 -0.712900 0.714989 0.134980 -0.685982
-12.423565 -94.439327 1159.653949 -757.167466 -0.464193 0.883840 0.057899 0.521826 0.325712 -0.788422 0.715697 0.335767 0.612403
-9.558956 -93.241342 1756.872881 -6919.680064 -0.474997 0.879985 0.002181 0.616607 0.334598 -0.712629 0.627833 0.337152 0.701538
-15.855185 -99.013926 2225.790573 -4412.910165 -0.491693 0.868849 0.057780 0.652906 0.411766 -0.635738 0.576153 0.274864 0.769739
-16.066480 -102.564885 927.921851 -2825.127126 -0.469920 0.877000 0.100233 0.617013 0.407552 -0.673199 0.631245 0.254505 0.732637
-16.567062 -104.415653 1046.118987 1618.398047 -0.498486 0.860692 0.103544 0.699810 0.470021 -0.537909 0.511642 0.195679 0.836619
0.539070 -119.658179 -6990.991219 -14154.221133 0.714224 -0.615128 0.333919 -0.694912 -0.680166 0.233391 -0.083555 0.398738 0.913251
4.250734 -108.659249 -10418.495448 -2846.018800 0.686919 -0.627944 0.365825 0.726426 0.578650 -0.370768 0.021137 0.520433 0.853641
19.620258 -93.463264 -6290.647236 -6259.943702 0.612231 -0.723936 0.317948 0.789439 0.537155 -0.297069 0.044272 0.432875 0.900366
13.486304 -101.602287 -5519.549322 13681.433471 0.644413 -0.703137 0.300550 0.764606 0.597866 -0.240694 -0.010448 0.384908 0.922896
-1.216945 -147.819951 -3030.031501 -29177.319504 0.699310 -0.657125 0.281342 -0.698927 -0.711105 0.076354 -0.149890 0.250032 0.956565
-6.287644 -148.816456 -3458.221490 20791.593964 0.739877 -0.609544 0.284672 0.631486 0.775166 0.018534 -0.231965 0.166053 0.958446
-6.928543 -144.371887 -2608.480137 -18106.223862 0.765496 -0.586008 0.265727 -0.615232 -0.787543 0.035564 -0.188430 0.190708 0.963392
37.487164 -32.310399 -5919.780235 -859.776957 -0.687613 0.672722 0.273192 -0.292229 -0.600848 0.744032 -0.664673 -0.431772 -0.609740
39.781266 -29.012482 1877.870824 -1639.512579 -0.568785 0.767056 0.296832 -0.318091 -0.537963 0.780650 -0.758486 -0.349603 -0.549979
37.481752 -34.804494 -6829.700084 -1879.365542 -0.701197 0.673130 0.234987 -0.268682 -0.554772 0.787425 -0.660404 -0.489003 -0.569862
17.789866 -34.000476 -6691.418040 370.718157 -0.769807 0.531635 0.353217 0.214903 0.736964 -0.640859 -0.601011 -0.417430 -0.681570
24.357093 -29.727011 -1475.750126 900.133148 -0.645346 0.682062 0.343976 -0.327221 -0.653719 0.682332 -0.690257 -0.327784 -0.645060
-3.480242 -303.540455 13078.057572 -105959.224732 0.684328 -0.530827 0.499918 0.492710 -0.168775 -0.853670 -0.537525 -0.830504 -0.146047
-1.684991 -1028.590129 15071.459281 -435921.733468 0.653421 -0.525868 0.544522 0.637420 -0.005797 -0.770495 -0.408335 -0.850547 -0.331410
-111.453975 -3005.299265 -36553.639513 -1363718.420191 -0.678655 0.502847 -0.535325 0.724340 0.337680 -0.601085 -0.121485 -0.795686 -0.593401
72.634286 -1318.630325 2720.830265 -512543.016903 0.760607 -0.543578 0.354966 0.471536 0.086733 -0.877571 -0.446241 -0.834866 -0.322286
-175.056095 -3630.774303 108634.812307 179962.058842 0.658578 -0.616957 0.430860 0.462219 0.783473 0.415360 -0.593826 -0.074395 0.801147
-382.236025 -4160.953577 171805.687307 -5300964.166649 0.718625 -0.526119 0.454728 -0.635750 -0.232085 0.736179 0.281782 0.818129 0.501261
-620.212228 -4908.053285 219876.335603 1971470.573886 0.648772 -0.646222 0.401860 0.498237 0.759869 0.417564 -0.575200 -0.070682 0.814953
-1.243622 -50.590462 5238.537244 -6036.583094 0.230174 0.972038 0.046496 -0.542763 0.088573 0.835203 -0.807730 0.217479 -0.547973
-10.193587 -38.719758 5726.071863 -5151.278923 0.298023 0.953646 -0.041735 -0.602022 0.221708 0.767082 -0.740777 0.203483 -0.640190
-20.840946 -47.824819 6223.586159 -5189.769062 0.269970 0.961859 -0.044084 -0.566389 0.195663 0.800574 -0.778665 0.191162 -0.597609
2.950914 -37.600789 4544.765733 -5813.547909 0.250565 0.968038 0.010938 -0.610372 0.149198 0.777937 -0.751441 0.201600 -0.628247
-11.538994 -56.774929 6446.337891 -4516.854300 0.239723 0.970417 0.028686 -0.480482 0.092916 0.872069 -0.843605 0.222838 -0.488542
2.279950 -62.174582 5082.654366 -3105.255973 0.217764 0.974553 0.053161 -0.391331 0.037286 0.919494 -0.894114 0.221036 -0.389492
-8.709371 -42.963240 -602.196479 298.059025 -0.399862 0.869305 0.290551 -0.694666 -0.080622 -0.714800 0.597954 0.487657 -0.636114
-9.131135 -41.788364 400.103818 -737.544954 -0.359459 0.871089 0.334653 -0.770265 -0.074533 -0.633353 0.526765 0.485436 -0.697761
-7.617285 -43.230609 -804.363378 -89.968366 -0.383359 0.867542 0.316870 -0.758040 -0.099543 -0.644567 0.527647 0.487301 -0.695792
-7.605725 -44.853337 -1037.451441 143.192991 -0.425596 0.858179 0.287049 -0.681838 -0.095562 -0.725234 0.594950 0.504377 -0.625810
-8.349381 -44.340654 53.435233 781.716747 -0.446640 0.851198 0.275635 -0.609870 -0.064226 -0.789895 0.654654 0.520900 -0.547806
-10.751159 -42.385886 395.881425 1754.410833 -0.423015 0.869185 0.256079 -0.632167 -0.080622 -0.770626 0.649171 0.487871 -0.583575
-0.997010 -51.972561 924.270790 1092.836117 0.560772 -0.815006 -0.145948 0.777055 0.457187 0.432625 -0.285867 -0.356014 0.889682
0.319193 -51.395903 617.692323 1315.374342 0.558694 -0.816958 -0.142966 0.796412 0.480346 0.367416 -0.231490 -0.319133 0.919003
-2.230707 -51.187608 446.863920 1275.267441 0.573385 -0.807810 -0.136645 0.796443 0.510481 0.324173 -0.192115 -0.294706 0.936077
1.706056 -52.347115 846.303318 -482.177813 0.557166 -0.816534 -0.151124 0.750613 0.417382 0.512224 -0.355172 -0.398829 0.845452
0.298580 -52.348426 881.579950 -1367.656626 0.556315 -0.816968 -0.151910 0.725273 0.388145 0.568615 -0.405577 -0.426505 0.808456
10.642516 -132.115130 -1350.969332 -3856.385121 -0.386713 0.917174 0.096150 0.841393 0.308224 0.443910 -0.377507 -0.252565 0.890898
7.489944 -138.039556 -837.577320 -12555.824880 -0.417382 0.901233 0.116494 0.834288 0.329213 0.442246 -0.360216 -0.281775 0.889296
11.250216 -125.469904 -1016.364680 937.385688 -0.402078 0.911351 0.088165 0.750842 0.273084 0.601383 -0.523994 -0.308001 0.794082
-3.975415 -173.020927 -4920.148419 1506.767457 0.886661 -0.141826 0.440134 0.333004 -0.464561 -0.820543 -0.320844 -0.874110 0.364679
-25.692784 -209.982965 -7562.536310 828.516317 0.897900 -0.134686 0.419089 0.306631 -0.491711 -0.814983 -0.315838 -0.860279 0.400208
-14.462852 -203.780631 -3994.251667 -38335.119309 0.893236 -0.131187 0.430022 0.199663 -0.741233 -0.640865 -0.402820 -0.658303 0.635903
-5.776328 -16.095980 -1865.492171 -1560.033932 -0.484456 0.813814 0.320950 -0.233572 -0.473887 0.849044 -0.843058 -0.336360 -0.419662
-1.955808 -16.581822 -2623.266578 -1718.614878 -0.482432 0.832853 0.271323 -0.252512 -0.428837 0.867373 -0.838747 -0.349936 -0.417190
-6.184167 -23.129428 -1799.167996 -3342.892505 -0.438135 0.883676 0.164785 -0.281724 -0.309069 0.908354 -0.853621 -0.351558 -0.384367
-0.361062 -23.781966 -2168.666690 -3663.428868 -0.456176 0.866759 0.201573 -0.257103 -0.345226 0.902617 -0.851939 -0.359927 -0.380331
-8.999055 -20.589962 -1416.462638 -2670.030569 -0.417876 0.894155 0.160832 -0.310673 -0.306998 0.899575 -0.853734 -0.325945 -0.406076
-10.931951 -28.891858 -1526.221183 -3538.624377 -0.384337 0.920337 0.072560 -0.297733 -0.197964 0.933898 -0.873865 -0.337328 -0.350099
-6.352656 -30.927100 -1312.249819 -4252.090367 -0.420736 0.898850 0.122676 -0.258004 -0.248201 0.933718 -0.869721 -0.361198 -0.336334
-10.064244 -33.522192 -1401.199213 -3947.937277 -0.393329 0.917000 0.066362 -0.261852 -0.180921 0.947998 -0.881321 -0.355498 -0.311280
-56.500920 -79.368728 2438.384813 1909.554147 -0.012251 0.995332 0.095726 0.962724 0.037611 -0.267860 0.270210 -0.088876 0.958691
-48.786076 -78.445286 -1525.882761 1994.106857 0.262238 0.963803 -0.048109 0.919944 -0.264738 -0.289167 0.291437 -0.031573 0.956069
-43.311439 -72.640460 -1148.400627 5048.987278 0.397290 0.898018 -0.189007 0.809020 -0.439954 -0.389779 0.433183 -0.001945 0.901304
-35.938523 -76.730407 7915.491342 -4925.139632 -0.650687 -0.721744 -0.235993 0.733139 -0.516177 -0.442796 0.197771 -0.461137 0.865008
-31.838571 -81.194669 -854.929475 -7523.819555 -0.589617 -0.797846 -0.125677 0.766383 -0.503532 -0.398890 0.254970 -0.331509 0.908346
-32.118983 -55.697552 -2115.268784 -19489.828185 0.744224 0.653140 0.139783 0.666735 -0.713923 -0.213958 0.039951 -0.252431 0.966790
-35.931183 -95.881586 3098.979190 7269.634518 -0.581494 -0.796046 -0.167854 0.714686 -0.401261 -0.572899 0.388701 -0.453100 0.802254
119.125849 -67.545456 13421.565093 8380.637933 -0.382433 0.783425 0.489888 -0.514144 0.260098 -0.817315 0.767724 0.564441 -0.303323
117.242338 -63.875043 13478.355702 275.806349 -0.286893 0.753983 0.590933 -0.641990 0.306520 -0.702776 0.711014 0.580995 -0.396111
145.268648 -86.667003 9613.054545 2310.299999 -0.142694 0.880041 0.452952 -0.586501 0.293453 -0.754918 0.797279 0.373379 -0.474271
144.166372 -86.333975 12514.011018 -7818.446610 -0.105075 0.814616 0.570404 -0.724144 0.330451 -0.605325 0.681597 0.476659 -0.555177
14.496564 -22.575821 4052.189547 2163.049133 -0.457469 0.886271 -0.072430 0.683122 0.402414 0.609432 -0.569269 -0.229318 0.789523
-0.132045 -21.215853 4775.169757 914.806762 -0.562813 0.799740 -0.208942 0.582548 0.563101 0.586135 -0.586411 -0.208166 0.782808
-5.637052 -23.252449 -712.948440 1935.995899 0.769458 -0.484173 0.416547 0.301113 0.850149 0.431945 -0.563264 -0.206936 0.799945
-2.659148 -50.971667 1832.931275 -1641.811759 0.595115 0.774812 -0.213320 -0.535716 0.184617 -0.823969 0.599038 -0.604635 -0.524947
-1.954983 -48.352600 -39.201277 -184.405960 0.592198 0.764340 -0.255120 0.639823 -0.253573 0.725484 0.489825 -0.592862 -0.639208
1.456607 -47.811304 398.831268 -2531.973220 -0.486931 -0.866947 0.106306 0.873257 -0.485702 0.038924 0.017888 0.111786 0.993571
1.322389 -52.938414 256.014054 3745.785365 -0.464094 -0.879417 0.106034 0.885601 -0.458211 0.075854 -0.018121 0.129107 0.991465
2.098645 -46.677994 357.158010 -836.792824 -0.468583 -0.876662 0.109057 0.882745 -0.469467 0.019033 0.034513 0.105188 0.993853
-1.354680 -108.301038 517.232317 -7191.808708 0.144611 0.967516 0.207365 0.788945 -0.239226 0.565983 -0.597205 -0.081752 0.797911
5.467922 -73.175237 -1382.282162 -3527.252031 0.539161 0.825786 -0.165475 0.667011 -0.538643 -0.514743 0.514199 -0.167155 0.841224
6.580739 -75.553835 -637.977301 -1984.283633 0.558753 0.804444 -0.201657 0.557873 -0.544498 -0.626338 0.613655 -0.237470 0.753017
10.672707 -78.386324 -102.293100 2001.644228 0.528162 0.824400 -0.203492 0.457668 -0.478229 -0.749558 0.715252 -0.302756 0.629884
14.940076 -48.641845 1096.275982 32.412571 -0.442957 0.894005 0.067407 -0.177620 -0.013813 -0.984002 0.878772 0.447843 -0.164912
14.631019 -50.023725 1031.211505 -961.530738 -0.470754 0.882076 0.018251 -0.049005 -0.005488 -0.998783 0.880903 0.471076 -0.045809
12.154063 -47.314555 -443.603561 1299.578861 -0.465695 0.884120 0.038214 -0.162590 -0.043035 -0.985755 0.869881 0.465274 -0.163790
11.481144 -50.108825 126.035375 759.850524 -0.483301 0.875453 -0.001419 -0.023188 -0.014422 -0.999627 0.875147 0.483088 -0.027270
13.848290 -43.047610 -959.047039 3071.171358 -0.436790 0.892848 0.109713 -0.305202 -0.032359 -0.951738 0.846207 0.449194 -0.286634
16.032161 -38.496429 -2283.777679 2778.945022 -0.457518 0.877957 0.140956 -0.300449 -0.003437 -0.953792 0.836904 0.478727 -0.265353
12.904603 -44.114665 -1044.849785 1702.409685 -0.497302 0.864795 0.069423 -0.150121 -0.006962 -0.988643 0.854491 0.502076 -0.133286
41.251058 -21.388453 4450.745182 -1150.145164 -0.527508 -0.682477 -0.505926 0.843261 -0.348302 -0.409385 0.103181 -0.642581 0.759238
36.021917 -56.905673 4810.815855 -7112.234458 -0.330723 -0.705895 -0.626366 0.907656 -0.056174 -0.415939 0.258423 -0.706086 0.659288
41.764993 -39.725967 804.627586 -3887.696704 -0.336868 -0.795306 -0.503992 0.890779 -0.095799 -0.444224 0.305013 -0.598590 0.740714
37.240255 -58.078925 4479.135572 -4079.493333 -0.274766 -0.726065 -0.630344 0.895771 0.044948 -0.442238 0.349426 -0.686156 0.638037
40.219757 -40.729134 4754.349059 -7524.876600 -0.412574 -0.706953 -0.574456 0.894620 -0.195682 -0.401700 0.171572 -0.679651 0.713188
-16.351932 -198.417848 -4105.323264 9993.176493 0.400995 -0.095282 0.911112 -0.516608 0.797821 0.310802 -0.756517 -0.595318 0.270699
-15.112801 -204.910715 4954.596067 2383.788900 -0.384597 0.079841 -0.919625 0.750323 -0.553260 -0.361827 -0.537680 -0.829174 0.152876
-16.472113 -204.905936 -2640.793495 13120.389835 0.446713 -0.061677 0.892549 -0.530553 0.785017 0.319784 -0.720389 -0.616397 0.317955
-9.316407 -187.782248 1802.073677 2671.432443 -0.375319 0.036865 -0.926162 0.774616 -0.536262 -0.335252 -0.509024 -0.843246 0.172714
22.686115 -293.199507 23651.578849 57924.753019 -0.131046 0.248580 -0.959706 0.877403 -0.421570 -0.229001 -0.461509 -0.872059 -0.162860
22.745637 -323.014221 26156.972344 -79488.703472 -0.457252 0.328924 -0.826275 0.849569 -0.113171 -0.515194 -0.262970 -0.937551 -0.227696
-22.851685 -166.327466 17928.183738 -30943.886274 -0.376632 0.232193 -0.896791 0.875357 -0.227592 -0.426558 -0.303146 -0.945668 -0.117533
47.557087 -397.403502 12157.624708 -87435.178405 -0.401933 0.137726 -0.905252 0.853670 -0.301232 -0.424860 -0.331206 -0.943552 0.003503
9.015258 -384.795307 19185.247258 111846.404574 0.120158 0.250357 -0.960668 0.899780 -0.436343 -0.001172 -0.419474 -0.864249 -0.277696
52.297459 -626.685364 -10607.477140 -176097.137227 0.017023 -0.318942 0.947621 -0.706740 0.666579 0.237047 -0.707269 -0.673757 -0.214062
62.301382 -421.175764 19216.498084 71098.065448 -0.189251 0.170694 -0.966979 0.791100 -0.556855 -0.253127 -0.581674 -0.812881 -0.029651
-17.972708 -40.660827 -286.035532 -2704.315477 -0.070924 -0.505408 -0.859961 -0.418720 0.797580 -0.434212 0.905342 0.329286 -0.268192
-12.112670 -41.556146 632.211140 439.423567 -0.111237 -0.462989 -0.879356 -0.545029 0.768326 -0.335586 0.831005 0.441945 -0.337809
-3.718046 -32.486440 -1433.524849 1228.193808 -0.236810 0.971533 -0.006631 0.732597 0.174079 -0.658026 0.638140 0.160685 0.752966
2.040334 -35.754025 -2021.748335 1513.312452 -0.176286 0.983061 -0.050136 0.814520 0.117084 -0.568198 0.552703 0.141002 0.821363
0.420091 -31.917974 -396.745345 2150.346896 -0.115310 0.985901 -0.121259 0.790605 0.017186 -0.612085 0.601371 0.166448 0.781439
-2.526814 -30.664680 -1449.193348 1613.389192 -0.172171 0.982892 -0.065420 0.735533 0.084098 -0.672249 0.655246 0.163861 0.737429
8.606265 -25.741863 5404.731465 5072.645138 0.877133 -0.351190 0.327571 -0.025043 -0.714609 -0.699076 -0.479594 -0.604979 0.635602
64.582114 -14.394468 31894.600294 1384.452771 0.830588 -0.556089 0.029812 -0.303643 -0.497103 -0.812828 -0.466824 -0.666073 0.581740
50.157397 -17.365746 30097.469570 478.105362 0.817693 -0.573483 0.049954 -0.321719 -0.527225 -0.786468 -0.477363 -0.627018 0.615608
3.179364 -26.244400 5816.822280 6346.294741 0.883483 -0.238782 0.403040 0.109481 -0.731278 -0.673236 -0.455491 -0.638917 0.619930
20.189998 -223.942215 -3791.702671 -20722.660779 0.276856 0.949091 0.150256 0.456957 -0.267594 0.848283 -0.845305 0.166192 0.507779
18.205458 -174.224449 -1685.220750 -13172.221939 0.254735 0.961437 0.103681 0.218806 -0.161744 0.962270 -0.941931 0.222438 0.251570
18.351801 -209.905359 2236.457749 54226.573699 0.241792 0.020967 -0.970102 0.759375 -0.626473 0.175730 -0.604058 -0.779161 -0.167398
13.048682 -286.700405 -1841.321493 -67115.820025 -0.245541 -0.068926 0.966933 -0.588311 0.803370 -0.092128 -0.770454 -0.591478 -0.237810
17.392776 -258.757012 1451.213075 -53613.996947 -0.188272 -0.066223 0.979882 -0.535205 0.843478 -0.045828 -0.823474 -0.533066 -0.194246
10.665813 -63.136011 -2207.472761 18282.283776 0.263352 0.924499 0.275586 0.577656 -0.379916 0.722480 -0.772631 0.031073 0.634094
-4.990325 -83.107168 -13640.213845 -11786.230340 0.235938 0.889363 0.391620 0.186815 -0.436991 0.879852 -0.953642 0.134430 0.269250
-6.310976 -34.857865 2317.196731 2045.326426 0.245464 0.964834 0.094042 0.358228 -0.180423 0.916035 -0.900789 0.191165 0.389918
2.721258 -10.379383 -551.245604 -5655.818798 -0.500721 0.859563 0.102131 -0.145320 0.032837 -0.988840 0.853323 0.509974 -0.108470
1.788823 -13.246841 -483.949317 -3958.405591 -0.429639 0.825925 0.365046 -0.290824 0.256158 -0.921848 0.854887 0.502226 -0.130144
10.123396 3.864067 -5883.001468 -1635.374517 -0.444870 0.649321 -0.616825 0.240349 -0.576908 -0.780647 0.862742 0.495539 -0.100585
-6.329825 -49.533298 -2368.484515 -9153.262297 -0.379465 0.890325 -0.251649 0.923082 0.345901 -0.168144 -0.062657 -0.296097 -0.953100
-5.033117 -43.263355 -582.696957 -4805.791535 -0.364344 0.898636 -0.244349 0.926651 0.323751 -0.191058 -0.092584 -0.296037 -0.950679
-4.343991 -45.369378 360.561080 -4688.249972 -0.349008 0.905538 -0.241234 0.934168 0.315767 -0.166199 -0.074326 -0.283358 -0.956130
25.186959 -21.849143 9889.815371 433.329880 -0.226005 0.860734 0.456135 0.108526 -0.443088 0.889885 -0.968062 -0.250621 -0.006728
26.637881 -26.108184 11662.722403 -1263.700751 -0.216959 0.829374 0.514846 0.155708 -0.491254 0.856986 -0.963682 -0.266097 0.022558
28.268859 -18.526843 2392.811425 266.998728 -0.356510 0.781692 0.511720 0.121954 -0.504088 0.854998 -0.926298 -0.367222 -0.084382
6.118188 -43.043250 125.572841 -1836.754555 -0.490265 0.841548 -0.226798 0.871036 0.463945 -0.161406 -0.030610 -0.276681 -0.960474
4.511570 -37.315218 641.267521 513.365460 -0.507097 0.835420 -0.211958 0.859835 0.473383 -0.191290 -0.059470 -0.279252 -0.958375
5.358426 -38.362483 83.291056 372.137146 -0.473417 0.846194 -0.244607 0.879255 0.437336 -0.188806 -0.052791 -0.304456 -0.951062
