13320
26632
-41.045906 -74.832701 -4801.475894 14377.051196 0.933345 -0.329679 0.142053 -0.266327 -0.370595 0.889791 0.240701 0.868315 0.433696
-49.328809 -74.547039 -322.965816 7745.800474 0.809871 -0.465720 0.356669 -0.477207 -0.169460 0.862298 0.341149 0.868555 0.359485
-51.253523 -92.083051 -816.682604 12725.049554 0.936304 -0.350741 -0.017749 -0.080335 -0.263107 0.961416 0.341878 0.898752 0.274525
-41.808144 -58.008045 665.719640 -6623.569794 0.595446 -0.537647 0.596976 0.757105 0.126936 -0.640843 0.268770 0.833561 0.482638
-27.434840 -99.413165 -9464.009997 17500.597886 0.973665 -0.220377 0.058399 -0.123983 -0.296871 0.946835 0.191324 0.929140 0.316376
-21.831537 -85.977941 -8826.966886 20656.332173 0.960331 -0.217612 0.174381 -0.253488 -0.420591 0.871119 0.116222 0.880766 0.459068
-32.648300 -53.998302 -4783.036743 8491.872567 0.843533 -0.376028 0.383477 -0.518835 -0.386019 0.762758 0.138789 0.842373 0.520716
-59.036164 -89.150903 947.846850 -6584.561760 0.956406 -0.169603 0.237743 -0.070685 -0.924310 -0.375039 -0.283356 -0.341885 0.896004
-59.507912 -87.195383 -514.080079 -1009.613131 0.972647 -0.147281 0.179626 -0.022643 -0.829727 -0.557710 -0.231181 -0.538388 0.810366
-61.184341 -85.223347 -1756.782644 -5179.588515 0.982746 -0.060909 0.174646 0.005331 -0.934505 -0.355911 -0.184886 -0.350701 0.918055
79.611425 -127.777793 1676.553351 -2037.274642 0.939137 -0.214790 0.268117 0.108149 -0.555922 -0.824169 -0.326076 -0.803004 0.498858
77.993645 -112.378832 -2316.694025 1728.228010 0.951484 -0.137638 0.275199 0.198990 -0.406934 -0.891520 -0.234695 -0.903028 0.359802
76.167896 -127.626878 633.104758 3795.420824 0.914224 -0.245820 0.322128 0.228385 -0.344077 -0.910742 -0.334716 -0.906192 0.258422
75.914298 -103.661624 -3348.816234 -731.915609 0.973027 -0.132210 0.189047 0.074726 -0.594668 -0.800491 -0.218253 -0.793026 0.568748
-3.722644 -44.508213 -227.102434 -3155.315102 0.509437 -0.354873 0.783925 0.790524 -0.166862 -0.589261 0.339920 0.919903 0.195530
-0.892741 -43.509057 258.432669 -5782.475665 0.506671 -0.363336 0.781838 0.829566 -0.041458 -0.556867 0.234744 0.930735 0.280406
-3.566423 -43.681540 -2774.630170 -4669.631486 0.527911 -0.338083 0.779108 0.817007 -0.048401 -0.574593 0.231970 0.939871 0.250665
-2.726722 -43.713695 902.127771 -4538.111657 0.509838 -0.366228 0.778423 0.802895 -0.122353 -0.583429 0.308910 0.922446 0.231663
-5.125085 -45.534414 -785.777884 -4733.269200 0.525896 -0.363114 0.769143 0.799215 -0.098438 -0.592930 0.291014 0.926530 0.238438
-4.022062 -47.066248 97.538958 3852.757369 0.537606 -0.350176 0.767044 0.721461 -0.279815 -0.633401 0.436432 0.893913 0.102208
-4.105288 -49.315435 -446.555788 2920.591149 0.507574 -0.337809 0.792624 0.719073 -0.340711 -0.605682 0.474661 0.877383 0.069973
-5.006951 -48.130824 -526.232326 -1486.136728 0.491781 -0.357315 0.794026 0.775286 -0.235399 -0.586105 0.396337 0.903833 0.161256
51.191657 -53.688027 -25668.952871 -3470.727400 0.866893 0.429256 0.253448 -0.467913 0.525354 0.710676 -0.171911 0.734672 -0.656280
66.325631 -49.650550 -8010.079218 -2848.751889 0.915232 0.189777 0.355435 -0.401322 0.507992 0.762158 0.035918 0.840195 -0.541093
65.297097 -57.588003 -28421.831080 563.418239 0.884973 0.406368 0.227348 -0.409658 0.447355 0.795018 -0.221364 0.796705 -0.562370
5.567279 -85.753446 -999.725528 -897.338938 0.455040 -0.527599 0.717341 -0.332569 0.646591 0.686526 -0.826037 -0.550962 0.118762
7.700797 -81.657687 344.540873 -3628.587676 -0.477912 0.542481 -0.690880 -0.471049 0.505590 0.722836 -0.741426 -0.670890 -0.013907
5.813884 -81.088070 214.892398 -3639.858111 -0.465134 0.558649 -0.686704 -0.416845 0.546122 0.726630 -0.780955 -0.624229 0.021150
4.106195 -83.515847 -558.111728 179.558939 0.454897 -0.548014 0.701961 -0.285916 0.656636 0.697913 -0.843398 -0.518180 0.142016
-2.520315 -137.354180 207.347384 -731.172561 0.987452 -0.157913 0.001137 0.118172 0.743681 0.658007 0.104754 0.649616 -0.753011
-0.829041 -130.677113 -186.430110 -11020.650579 0.986206 -0.165237 -0.009741 0.153583 0.891534 0.426122 0.061727 0.421740 -0.904613
-1.275796 -139.190296 -518.228753 2277.263669 0.989213 -0.146474 -0.001730 0.107164 0.715584 0.690257 0.099867 0.682997 -0.723562
-1.748815 -126.303828 268.545227 -12097.657661 0.985315 -0.170588 -0.007380 0.159575 0.904607 0.395248 0.060749 0.390622 -0.918545
-2.367436 -136.488817 3.559054 9631.291742 0.989547 -0.143332 0.015905 0.061871 0.521577 0.850958 0.130265 0.841079 -0.524993
-3.387968 -135.865264 -665.351339 8714.835541 0.990776 -0.135494 0.002287 0.069370 0.521614 0.850357 0.116411 0.842354 -0.526202
-2.927938 -133.725081 -423.031887 616.194704 0.988388 -0.151546 -0.011070 0.119831 0.732592 0.670037 0.093432 0.663583 -0.742245
-9.837593 -90.142745 -4329.684273 15369.598790 0.805452 -0.576741 0.136447 0.486317 0.511583 -0.708364 -0.338738 -0.636909 -0.692534
-11.210562 -66.410313 -3262.412922 12878.518183 0.859126 -0.506958 0.069968 0.441997 0.666124 -0.600764 -0.257955 -0.547058 -0.796358
-16.760354 -66.116752 -1855.155195 13265.624010 0.814024 -0.553474 0.176159 0.531336 0.587071 -0.610761 -0.234622 -0.590774 -0.771971
-17.475124 -45.515611 -1783.324580 6660.406473 0.883323 -0.463970 0.066879 0.421458 0.723597 -0.546608 -0.205216 -0.511018 -0.834713
15.060084 -51.388635 2830.567251 150.387848 0.423970 -0.484815 0.764986 0.309302 0.871382 0.380823 -0.851224 0.075155 0.519394
14.472567 -48.520760 2348.452025 5326.260630 0.437862 -0.456944 0.774261 0.258815 0.888815 0.378184 -0.860983 0.034798 0.507442
19.317856 -54.174588 1814.354507 3040.891664 0.379476 -0.492299 0.783352 0.308762 0.865527 0.394371 -0.872161 0.092215 0.480450
22.725298 -47.980304 3316.082260 1526.504366 0.401675 -0.503881 0.764697 0.192478 0.862820 0.467434 -0.895326 -0.040569 0.443559
7.661756 -47.502343 -1883.610103 -525.525483 0.944126 -0.262160 0.199745 0.021436 0.653612 0.756526 0.328887 0.709974 -0.622712
2.114764 -44.450427 -2929.542183 -3023.094645 0.949798 -0.238796 0.202141 0.039434 0.732316 0.679823 0.310369 0.637723 -0.704968
10.256370 -45.417435 -2906.625701 -3348.348249 0.946638 -0.255426 0.196556 0.056487 0.731902 0.679065 0.317311 0.631725 -0.707274
13.535549 -44.123102 -1941.653386 -889.947149 0.938783 -0.284013 0.194995 0.057710 0.687654 0.723741 0.339641 0.668183 -0.661948
-6.842451 -25.254384 6092.585857 -271.932136 0.659789 -0.483730 0.575051 0.747506 0.500809 -0.436378 -0.076902 0.717771 0.692020
-17.987616 -27.551739 4567.399578 -3013.089240 0.548395 -0.514845 0.658936 0.832664 0.408783 -0.373586 -0.077023 0.753546 0.652868
-21.770621 -25.395345 4035.699988 -1268.038469 0.757870 -0.365226 0.540595 -0.642330 -0.562780 0.520280 -0.114216 0.741545 0.661110
-21.844191 -29.579775 104.974268 3083.412706 0.815624 0.437521 -0.378594 0.562244 -0.444945 0.697070 -0.136529 0.781409 0.608901
97.862354 -48.642340 -37889.004101 -2165.483582 -0.512251 0.629349 -0.584396 0.827876 0.180789 -0.530977 -0.228518 -0.755801 -0.613632
290.479350 -60.158658 -99741.271239 -3414.061745 -0.464583 0.701687 -0.540183 0.844806 0.168341 -0.507902 -0.265453 -0.692313 -0.670998
172.499912 -49.125456 -62925.426253 637.582831 -0.527735 0.645037 -0.552651 0.788893 0.131022 -0.600401 -0.314872 -0.752835 -0.578010
130.884412 -57.231563 -55435.773217 -3008.683020 -0.442904 0.649647 -0.617895 0.884685 0.204832 -0.418779 -0.145494 -0.732122 -0.665454
-9.314739 -53.487035 1598.792782 1880.223652 -0.622549 0.574473 -0.531427 0.471343 0.817330 0.331372 0.624715 -0.044189 -0.779601
-12.600381 -53.752403 2452.051420 1328.668295 -0.588239 0.606633 -0.534764 0.488631 0.793535 0.362688 0.644372 -0.047955 -0.763207
-11.012988 -51.292969 1581.081363 -2346.911173 -0.582481 0.608142 -0.539332 0.570830 0.778407 0.261219 0.578678 -0.155712 -0.800553
-5.684991 -175.642033 -1137.995292 11843.730764 0.283171 -0.227646 -0.931661 -0.562842 0.747102 -0.353621 0.776546 0.624513 0.083429
-5.720272 -212.476380 -1599.173521 21570.140340 0.310762 -0.282395 -0.907568 -0.287792 0.882068 -0.373003 0.905871 0.377106 0.192842
-7.634475 -187.018431 -676.962882 19260.947930 0.282573 -0.269431 -0.920630 -0.434204 0.819865 -0.373213 0.855348 0.505201 0.114684
16.472372 -20.979315 1394.816695 315.583887 0.180638 -0.422054 -0.888392 -0.420438 0.783430 -0.457678 0.889158 0.456188 -0.035930
9.462804 -18.581615 2582.527672 845.744148 0.262794 -0.521488 -0.811782 -0.444324 0.681422 -0.581584 0.856455 0.513531 -0.052636
9.771004 -24.160524 -892.502415 831.253629 0.058902 -0.220097 -0.973698 -0.502658 0.836176 -0.219419 0.862476 0.502362 -0.061381
1.467194 -367.239665 4844.227383 87421.074796 -0.057097 0.169455 0.983883 0.903660 0.427724 -0.021225 -0.424427 0.887884 -0.177551
1.142558 -241.466851 2034.278844 40679.329029 -0.115068 0.143455 0.982945 0.979182 0.182955 0.087927 -0.167221 0.972599 -0.161521
-3.850686 -315.093412 3954.688302 66204.314889 -0.066053 0.166743 0.983785 0.877082 0.479817 -0.022437 -0.475778 0.861378 -0.177941
-52.709904 -5504.559914 -14917.763155 412749.840146 0.432244 -0.511613 -0.742575 0.838223 0.531579 0.121677 0.332486 -0.675037 0.658618
1170.916231 -9022.118048 444209.598468 -15159800.300896 0.465943 -0.276108 -0.840632 -0.252039 0.869289 -0.425220 0.848159 0.410001 0.335450
-1238.836927 -16994.482099 1070582.593712 -18954381.837269 0.452862 -0.264543 -0.851430 -0.294636 0.856911 -0.422958 0.841490 0.442404 0.310119
-21.494564 -6793.831228 2598.347116 -3231758.853076 0.422067 -0.455207 -0.783994 0.849527 0.500501 0.166743 0.316487 -0.736400 0.597955
67.328119 -11174.884623 -14031.641480 -7753956.507625 0.480755 -0.389380 -0.785658 -0.165923 0.839410 -0.517552 0.861013 0.379174 0.338943
-209.793134 -33339.392223 -8313.874110 -18050861.398662 -0.428718 0.359049 0.829026 0.874099 0.396805 0.280172 -0.228367 0.844766 -0.483962
12.867638 -5.009969 -3223.235181 -13084.258285 -0.262757 0.720024 0.642281 0.957692 0.113625 0.264414 0.117405 0.684584 -0.719417
26.614181 0.493314 -14087.936260 -1767.811345 0.984397 -0.032866 0.172866 -0.092896 0.737271 0.669180 0.149442 0.674797 -0.722714
12.265507 -2.727605 806.331250 -3274.188562 0.565664 0.570678 0.595273 0.817121 -0.485126 -0.311394 0.111077 0.662555 -0.740732
19.529427 -73.760809 8712.332719 -3683.661065 0.202453 -0.341274 -0.917902 0.721100 -0.582236 0.375520 -0.662592 -0.737925 0.128217
8.341464 -83.752426 3299.803422 -556.409374 0.256219 -0.386215 -0.886109 0.701730 -0.556133 0.445299 -0.664776 -0.735904 0.128527
27.852614 -74.187845 -9740.613731 -3843.186360 -0.179381 0.309927 0.933685 -0.653234 0.672130 -0.348607 -0.735601 -0.672448 0.081887
42.145520 -68.790896 -13164.309925 1025.085510 -0.096519 0.295874 0.950338 -0.700308 0.658294 -0.276075 -0.707286 -0.692176 0.143665
-2.030982 -14.356873 711.909658 2603.976310 0.956856 -0.273543 -0.097985 -0.289282 -0.928462 -0.232966 0.027249 -0.251261 0.967536
-3.607116 -10.271854 540.094824 1989.572862 0.925717 -0.359755 -0.116723 -0.377827 -0.893631 -0.242222 0.017167 -0.268330 0.963174
-1.687986 -10.593722 300.970655 1728.075498 0.976190 -0.203595 -0.074844 -0.216100 -0.942691 -0.254234 0.018794 -0.264354 0.964242
0.599845 -17.279977 636.308825 2433.347714 0.965654 -0.243738 -0.090021 -0.257913 -0.941176 -0.218329 0.031510 -0.234048 0.971714
-1.303433 -19.686425 937.614342 3286.488189 0.953745 -0.282134 -0.103777 -0.298139 -0.931957 -0.206322 0.038505 -0.227718 0.972965
-4.192028 -18.288723 915.152841 2972.694676 0.959984 -0.265168 -0.090090 -0.278797 -0.935315 -0.217848 0.026497 -0.234247 0.971816
-2.121723 -73.868862 307.455735 829.998619 0.458576 -0.563964 0.686770 0.163107 0.813106 0.558798 -0.873558 -0.144235 0.464858
-1.100328 -78.265695 -255.644708 1329.295418 0.452962 -0.574618 0.681645 0.006727 0.766760 0.641899 -0.891504 -0.286170 0.351179
-2.949601 -74.537563 -1059.709167 1505.180877 0.448140 -0.578266 0.681747 0.139978 0.798595 0.585365 -0.882936 -0.166896 0.438827
-2.340701 -69.798979 -544.413358 1670.302920 0.456214 -0.559801 0.691731 0.294688 0.828519 0.476147 -0.839659 -0.013380 0.542948
8.129646 -37.520983 -12438.759313 435.705039 -0.125948 0.918127 0.375740 0.821614 -0.115723 0.558175 -0.555957 -0.379014 0.739771
30.445511 -37.818815 -19220.902783 595.677685 -0.082523 0.897094 0.434064 0.787779 -0.208052 0.579758 -0.610405 -0.389790 0.689543
20.046423 -36.928911 -11893.058695 165.274978 -0.060884 0.911248 0.407333 0.834582 -0.177373 0.521547 -0.547508 -0.371707 0.749713
7.661216 -38.389684 -12721.241011 552.200983 -0.096602 0.920542 0.378511 0.773957 -0.169641 0.610093 -0.625827 -0.351887 0.696072
-40.533112 -63.714190 -712.620842 -897.580677 0.539500 0.804695 -0.247801 -0.427877 0.008548 -0.903797 0.725162 -0.593627 -0.348922
-43.486826 -66.925458 -1594.430546 -1016.399150 0.493039 0.840440 -0.224885 -0.517395 0.075437 -0.852415 0.699439 -0.536629 -0.472033
-44.826070 -66.056349 -2082.325422 -712.705567 0.482683 0.855291 -0.188398 -0.406220 0.028065 -0.913344 0.775888 -0.517387 -0.360983
-8.303746 -64.492288 17611.955002 1784.360009 -0.570897 0.815562 -0.094521 -0.738066 -0.459373 0.494202 -0.359632 -0.351902 -0.864193
-11.672335 -136.767560 -10645.984730 48455.608566 -0.688667 0.645485 -0.330282 0.721508 0.655197 -0.223927 0.071858 -0.392512 -0.916935
-6.704386 -81.457610 10208.774767 -10746.812489 -0.600433 0.773581 -0.202617 0.715468 0.406500 -0.568211 -0.357193 -0.486139 -0.797548
0.823016 -40.296638 -5729.176907 3028.095550 0.383031 0.307111 0.871189 0.054711 0.933917 -0.353279 -0.922114 0.182981 0.340917
-10.561379 -43.567862 -4084.669639 2667.389310 0.404288 0.479678 0.778756 -0.027858 0.857505 -0.513721 -0.914208 0.185996 0.360042
3.760541 -39.678641 -7968.246146 -778.314781 0.360037 0.308060 0.880609 0.123373 0.919898 -0.372245 -0.924744 0.242666 0.293191
-12.128857 -45.207931 -3618.654264 3107.409900 0.391137 0.474511 0.788575 -0.099147 0.873576 -0.476482 -0.914976 0.108184 0.388734
16.698633 -35.960820 -7587.339248 2992.621543 0.372944 0.193048 0.907549 0.171879 0.946814 -0.272032 -0.911795 0.257441 0.319927
-3.031778 -44.578041 -5160.543024 2752.769562 0.387789 0.285196 0.876518 -0.023687 0.953699 -0.299829 -0.921444 0.095508 0.376589
11.585481 -39.577915 -5479.523201 4887.737297 0.400206 0.164154 0.901603 0.107516 0.968622 -0.224081 -0.910096 0.186615 0.369999
65.845527 -25.931430 2013.293901 -1646.404708 -0.851456 -0.356978 -0.384174 -0.373662 0.926971 -0.033192 0.367966 0.115290 -0.922664
65.606135 -30.094265 -9834.065918 -1427.059771 -0.766774 -0.270945 -0.581933 -0.313891 0.949038 -0.028274 0.559937 0.160984 -0.812745
69.836623 -33.190243 -11383.324132 -176.748020 -0.749818 -0.289148 -0.595119 -0.376173 0.926241 0.023929 0.544305 0.241810 -0.803281
46.147972 -36.430808 -17301.130024 -201.469082 -0.702475 -0.150524 -0.695608 -0.233943 0.971904 0.025941 0.672160 0.180955 -0.717953
85.536748 -31.551240 -3128.043320 -59.404076 -0.796709 -0.382390 -0.468010 -0.450650 0.891872 0.038448 0.402703 0.241541 -0.882886
52.481781 -38.702452 -18703.433301 -249.072533 -0.669397 -0.174155 -0.722204 -0.325687 0.942531 0.074588 0.667710 0.285141 -0.687647
89.373877 -39.230929 -21636.198115 -1496.844552 -0.709551 -0.298841 -0.638147 -0.443008 0.893443 0.074182 0.547979 0.335340 -0.766333
-2.344988 -72.499090 481.284004 1392.685255 0.715705 -0.291258 0.634772 0.582176 -0.253264 -0.772611 -0.385794 -0.922511 0.011699
-2.431889 -77.053988 -668.411824 527.605103 0.677423 -0.283377 0.678820 0.563368 -0.393503 -0.726479 -0.472985 -0.874559 0.106923
-1.481372 -72.447110 -608.402643 1971.652982 0.704085 -0.308379 0.639662 0.610524 -0.197163 -0.767064 -0.362664 -0.930607 -0.049454
0.524191 -67.260175 688.201773 950.118782 0.739806 -0.300895 0.601788 0.596670 -0.119922 -0.793476 -0.310920 -0.946087 -0.090816
0.374769 -67.918264 1413.135682 1043.521165 0.740846 -0.297731 0.602082 0.568851 -0.198516 -0.798123 -0.357149 -0.933781 -0.022295
2.539338 -52.434557 1666.828064 801.434981 0.795851 -0.017404 0.605243 -0.462632 0.627401 0.626370 0.390631 0.778502 -0.491265
0.648277 -57.233965 1322.395656 3394.871496 0.825238 -0.046045 0.562906 -0.363832 0.718975 0.592200 0.431983 0.693509 -0.576573
1.207590 -57.833931 738.028803 2972.778243 0.826592 -0.061641 0.559416 -0.367053 0.694451 0.618877 0.426635 0.716894 -0.551403
2.633123 -53.976019 -718.046875 407.971951 0.824411 -0.029605 0.565217 -0.415374 0.646696 0.639726 0.384462 0.762173 -0.520846
-14.141361 -49.612775 -1866.043669 -3218.808358 0.724974 -0.326183 0.606645 0.687063 0.280377 -0.670323 -0.048559 -0.902770 -0.427374
-16.356020 -53.609268 1109.925972 2637.601181 -0.690788 0.316922 -0.649901 0.721630 0.245743 -0.647194 -0.045402 -0.916063 -0.398457
-13.346221 -53.393111 -2652.273788 2360.552127 0.705611 -0.349413 0.616460 0.700959 0.216776 -0.679459 -0.103778 -0.911547 -0.397884
-16.878244 -49.180801 357.426399 -911.015725 -0.700045 0.299338 -0.648331 0.713952 0.311777 -0.626951 0.014465 -0.901771 -0.431971
-13.039717 -45.481205 1363.415376 1009.925996 -0.700816 0.335485 -0.629529 0.711238 0.396354 -0.580555 0.054749 -0.854607 -0.516380
51.246485 -36.330474 -11908.559028 3653.717923 -0.741516 0.331844 -0.583123 -0.185658 0.733696 0.653621 0.644736 0.592932 -0.482438
49.607961 -37.385106 12338.229374 3504.373774 0.768282 -0.477214 0.426626 -0.087771 0.581655 0.808686 0.634066 0.658744 -0.404990
59.425966 -54.630747 4700.263780 7509.801587 0.859933 -0.311006 0.404710 -0.136572 0.623801 0.769559 0.491796 0.717041 -0.493953
29.870263 -24.375302 -11024.682758 3877.747103 -0.675859 0.445943 -0.586813 -0.174801 0.676483 0.715413 0.716003 0.586093 -0.379256
-9.835072 -43.435477 -507.866453 -86.788585 0.746205 -0.285702 0.601293 0.636127 0.572300 -0.517509 0.196266 -0.768666 -0.608795
-5.026031 -42.701723 -1787.716985 -4242.794776 0.715141 -0.330586 0.615863 0.669334 0.577768 -0.467094 0.201411 -0.746256 -0.634457
-7.004866 -41.712504 651.783662 -2493.698950 0.762887 -0.240802 0.600015 0.590168 0.638346 -0.494182 0.264017 -0.731115 -0.629099
-4.311808 -42.392542 -1113.050992 3.658715 0.699757 -0.332200 0.632443 0.647480 0.668988 -0.364999 0.301844 -0.664905 -0.683222
0.737139 -264.257475 2538.088679 5383.656315 0.362812 0.297905 -0.882961 -0.058544 0.952938 0.297459 0.930022 -0.056230 0.363177
1.868324 -250.698860 3118.651038 16321.061574 0.366401 0.260493 -0.893249 -0.405768 0.908648 0.098542 0.837319 0.326346 0.438629
-2.315982 -233.084100 3635.972392 20843.209731 0.336124 0.268182 -0.902828 -0.284113 0.942817 0.174285 0.897943 0.197924 0.393097
4.523301 -276.092801 2054.027926 2648.834478 0.367448 0.299960 -0.880344 -0.154283 0.953106 0.260356 0.917158 0.040155 0.396496
3.686338 -289.021633 1997.575521 -5587.125592 0.374428 0.327090 -0.867650 0.197276 0.886195 0.419214 0.906028 -0.328132 0.267289
10.194814 -125.208828 -5995.165586 13259.907807 0.411317 0.159708 -0.897392 0.768699 -0.589844 0.247357 -0.489816 -0.791566 -0.365380
15.587400 -118.817590 -6065.525880 13759.259446 0.451792 0.156697 -0.878254 0.776888 -0.553046 0.300974 -0.438553 -0.818282 -0.371598
18.617791 -130.097345 -7917.475385 17944.241805 0.422730 0.181062 -0.887984 0.683327 -0.707300 0.181081 -0.595284 -0.683332 -0.422722
-17.970994 -50.090971 1836.681698 -1702.193621 0.496065 0.205604 -0.843591 0.855664 0.049297 0.515179 0.147510 -0.977393 -0.151473
-14.430571 -51.597267 33.172490 -1531.257341 0.443873 0.219681 -0.868744 0.887858 0.023287 0.459528 0.121180 -0.975294 -0.184709
-17.211159 -52.555082 608.374746 -2147.695335 0.406614 0.207976 -0.889613 0.890186 0.128848 0.436998 0.205510 -0.969610 -0.132746
-2.554423 -721.337577 6346.243371 -220642.312131 -0.570357 -0.236261 0.786685 -0.236942 0.964351 0.117833 -0.786480 -0.119192 -0.606005
-0.783567 -518.713235 -2856.023113 -152436.369254 -0.600481 -0.202052 0.773691 -0.309876 0.950745 0.007788 -0.737157 -0.235072 -0.633515
-3.523689 -412.212716 -496.231249 -45912.381473 -0.543331 -0.295511 0.785790 -0.545104 0.836035 -0.062504 -0.638477 -0.462297 -0.615327
-2.799392 -390.808651 -2027.202824 -41516.398846 -0.552872 -0.276471 0.786064 -0.527613 0.846305 -0.073433 -0.644948 -0.455337 -0.613768
-12.820353 -50.768780 2191.616221 -4687.289026 0.983999 -0.136407 -0.114630 -0.168328 -0.500751 -0.849066 -0.058417 -0.854776 0.515700
-15.124307 -55.928238 1652.093933 -24.792776 0.980731 -0.160808 -0.110936 -0.158845 -0.325807 -0.931997 -0.113728 -0.931660 0.345072
-13.867093 -54.692155 91.490731 -1690.814554 0.986509 -0.132366 -0.096324 -0.139915 -0.376277 -0.915882 -0.084987 -0.917003 0.389720
-11.493982 -47.931230 -348.258636 -4381.033984 0.994658 -0.093333 -0.044101 -0.085756 -0.509290 -0.856312 -0.057462 -0.855519 0.514573
-11.767562 -120.328393 45.932412 4391.541973 0.971274 -0.128654 -0.200188 0.059399 -0.683546 0.727487 0.230432 0.718480 0.656268
-9.503774 -121.557482 362.291467 899.520539 0.968746 -0.125830 -0.213772 0.116334 -0.530678 0.839552 0.219085 0.838181 0.499454
-10.768496 -122.315934 706.636618 -141.257532 0.974235 -0.132905 -0.182214 0.087957 -0.520048 0.849596 0.207675 0.843733 0.494960
-2.140657 -34.127546 -2825.360485 2595.978097 0.949970 0.248005 0.189869 -0.132077 0.869830 -0.475343 0.283041 -0.426485 -0.859068
-3.828460 -31.486983 -762.445684 2087.738040 0.918712 0.374377 0.125734 -0.274294 0.833938 -0.478864 0.284131 -0.405450 -0.868838
-7.520506 -36.128468 -217.423604 2276.241955 0.933868 0.314315 0.170578 -0.176157 0.819409 -0.545470 0.311222 -0.479348 -0.820589
-10.078576 -39.780708 1726.241829 1863.502166 0.928699 0.318115 0.190582 -0.134982 0.768656 -0.625259 0.345397 -0.554952 -0.756789
-11.136911 -40.778047 -1395.960160 1669.757816 0.949465 0.239044 0.203408 -0.066978 0.787434 -0.612749 0.306645 -0.568160 -0.763652
-5.857480 -40.132350 -3368.009009 1106.804073 0.959303 0.169791 0.225631 -0.015085 0.828706 -0.559480 0.281976 -0.533308 -0.797541
-106.928309 -466.057941 -29358.971068 113401.416184 -0.232064 0.193857 0.953187 0.104726 0.979222 -0.173655 -0.967046 0.059524 -0.247544
-59.909155 -349.838410 -17857.682450 54153.198722 -0.281721 0.187765 0.940945 -0.312854 0.909095 -0.275079 -0.907059 -0.371874 -0.197368
-122.247886 -357.952332 -31975.768605 67061.820959 -0.185210 0.281224 0.941600 -0.264971 0.908397 -0.323426 -0.946302 -0.309398 -0.093728
-214.562357 -302.421156 -55739.197717 -29509.378865 0.059405 0.224555 0.972649 -0.586395 0.796382 -0.148046 -0.807844 -0.561561 0.178987
-208.394422 -497.573016 -54295.377367 118545.705599 -0.078826 0.261130 0.962080 -0.052773 0.962637 -0.265605 -0.995491 -0.071709 -0.062100
-51.725393 -80.304266 -595.847565 5751.952125 0.743990 -0.525998 0.412075 -0.503222 -0.035347 0.863434 0.439599 0.849751 0.290992
-61.312070 -88.258618 427.073601 5273.967594 0.890582 -0.440911 0.111633 -0.181010 -0.118424 0.976325 0.417252 0.889704 0.185276
-44.586597 -69.263676 -688.250396 -7227.797673 0.562418 -0.577838 0.591430 0.729582 0.010209 -0.683818 0.389098 0.816088 0.427322
-55.236876 -87.937114 452.856127 1860.094431 0.942074 -0.156218 0.296803 0.051141 -0.807660 -0.587427 -0.331482 -0.568578 0.752886
-57.105350 -86.281978 -2113.176763 6086.724072 0.958999 -0.186877 0.213068 0.043541 -0.645726 -0.762327 -0.280045 -0.740348 0.611113
23.510167 -108.035877 14599.292256 3568.557155 -0.603115 0.618722 -0.503423 -0.177822 0.510954 0.841014 -0.777580 -0.596748 0.198142
-11.447832 -95.521928 12251.909579 696.405226 -0.601356 0.636728 -0.482648 -0.240380 0.431910 0.869294 -0.761964 -0.638774 0.106675
2.757428 -98.357616 -13507.936276 4938.599028 0.577029 -0.596306 0.558084 -0.123588 0.611699 0.781377 -0.807319 -0.519850 0.279272
33.802842 -107.130000 -15718.521816 5869.375230 0.599699 -0.562701 0.568972 -0.057332 0.678975 0.731919 -0.798169 -0.471551 0.374920
-4.700131 -41.029621 712.309989 -1126.968828 0.694904 0.384508 0.607670 0.674737 -0.640869 -0.366084 -0.248675 -0.664410 0.704784
-10.778065 -39.795556 -1367.973996 1554.422528 -0.589090 -0.473122 -0.655079 0.793177 -0.493465 -0.356879 -0.154411 -0.729828 0.665964
-1.748088 -41.500089 -2111.229699 -1095.576511 -0.520820 -0.523030 -0.674675 0.820413 -0.525107 -0.226242 -0.235945 -0.671343 0.702587
-5.622903 -43.180286 -3442.255005 700.845226 -0.378653 -0.600970 -0.703887 0.915683 -0.353941 -0.190397 -0.134712 -0.716632 0.684318
6.673444 -40.873726 -1679.689675 -2190.113310 -0.594062 -0.461551 -0.658834 0.733064 -0.647851 -0.207137 -0.331222 -0.606019 0.723210
8.267387 -43.008053 -2969.472153 -2070.542742 -0.446215 -0.561427 -0.696916 0.843785 -0.523413 -0.118596 -0.298192 -0.640967 0.707279
8.633003 -46.412651 -5389.898965 -493.311701 -0.321670 -0.622868 -0.713137 0.921609 -0.378715 -0.084927 -0.217177 -0.684551 0.695862
-0.248656 -45.241811 -3888.755589 1589.242373 0.535024 -0.329438 0.777959 0.820701 -0.015865 -0.571137 0.200496 0.944044 0.261882
0.313546 -45.689192 846.753013 995.635184 0.522964 -0.359235 0.772955 0.827746 -0.002292 -0.561099 0.203338 0.933244 0.296157
0.555690 -44.269283 3140.418222 -6268.389989 0.504628 -0.381783 0.774334 0.832333 -0.023062 -0.553796 0.229288 0.923964 0.306132
65.129928 -44.069832 13230.692262 -3967.226574 0.857749 -0.053038 0.511325 -0.380953 0.602281 0.701522 0.345169 0.796520 -0.496401
73.385411 -47.088016 20324.505947 -971.968280 0.864338 -0.112322 0.490207 -0.389202 0.467915 0.793459 0.318498 0.876607 -0.360721
82.056928 -52.088606 -7789.775239 1565.894984 0.922661 0.187853 0.336762 -0.385047 0.401526 0.830973 -0.020882 0.896375 -0.442805
9.219388 -88.981565 -1146.724130 -2358.298574 0.473513 -0.513220 0.715814 -0.382905 0.611939 0.692037 -0.793202 -0.601777 0.093247
9.172984 -84.642270 -196.055912 3470.871661 0.507334 -0.521485 0.686051 0.499330 -0.470952 -0.727237 -0.702341 -0.711517 -0.021463
8.683831 -75.174338 94.650766 4687.146472 -0.495866 0.550699 -0.671452 0.590607 -0.352981 -0.725664 -0.636632 -0.756396 -0.150215
-0.770619 -141.537306 -1335.525563 -3528.910982 0.990745 -0.133420 -0.024961 0.121084 0.785628 0.606735 0.061340 0.604142 -0.794512
-0.492255 -129.689510 -1759.617470 -14114.571779 0.986621 -0.155652 -0.048500 0.163030 0.940203 0.299064 0.000950 0.302970 -0.953000
-1.277453 -110.443238 185.309855 -14770.431648 0.983115 -0.182862 -0.006870 0.181861 0.972192 0.147546 0.020302 0.146304 -0.989031
0.156851 -116.286264 -807.341674 -14039.401176 0.984002 -0.175942 -0.028019 0.177706 0.958071 0.224767 0.012702 0.226150 -0.974010
-1.891431 -99.092671 -4026.150924 17469.279780 0.829452 -0.552612 0.081420 0.433606 0.545111 -0.717523 -0.352129 -0.630455 -0.691759
-3.693862 -73.737554 -2840.136714 14232.455220 0.878405 -0.476759 0.033235 0.393403 0.681833 -0.616715 -0.271364 -0.554801 -0.786484
-7.343261 -58.495598 -2723.667856 4349.082420 0.936837 -0.343901 -0.063789 0.259032 0.804721 -0.534160 -0.235031 -0.483897 -0.842974
-14.382954 -50.497535 -2803.663806 1195.165552 0.940592 -0.333880 -0.061737 0.254322 0.813248 -0.523401 -0.224960 -0.476605 -0.849847
-3.567676 -37.586868 -3936.836874 -3523.787788 0.950916 -0.262918 0.163198 0.114600 0.789085 0.603500 0.287448 0.555175 -0.780483
3.712221 -38.283479 -3922.367681 -3654.675067 0.949730 -0.259224 0.175543 0.107180 0.796053 0.595661 0.294152 0.546903 -0.783819
1.120268 -46.637745 -2360.447447 1043.262356 0.948461 -0.234656 0.212977 -0.026053 0.612058 0.790383 0.315823 0.755196 -0.574400
-6.143273 -41.459672 -2925.766941 -3991.383884 0.949689 -0.229088 0.213564 0.037363 0.759888 0.648979 0.310958 0.608349 -0.730217
-28.038491 -52.441700 2282.402349 -7190.159049 0.221617 -0.522805 0.823141 0.975134 0.118111 -0.187522 0.000815 0.844230 0.535980
-23.131854 -43.278368 3380.523030 -6807.886911 0.336074 -0.550267 0.764370 0.941598 0.214510 -0.259573 -0.021130 0.806965 0.590221
-17.229054 -57.555166 3707.606772 -6728.163718 0.418203 -0.532505 0.735897 0.903249 0.158022 -0.398961 0.096160 0.831545 0.547070
-3.182024 -222.140109 -1223.172755 22716.281448 0.313654 -0.269311 -0.910545 -0.335995 0.865416 -0.371703 0.888104 0.422525 0.180954
0.045316 -18.777484 453.671989 835.847077 0.120973 -0.314063 -0.941663 -0.534024 0.779068 -0.328439 0.836770 0.542603 -0.073471
-0.473077 -469.680280 1672.452832 101930.315615 -0.042189 0.221255 0.974303 0.642085 0.753136 -0.143227 -0.765472 0.619543 -0.173838
3.626220 -471.424037 -1990.690148 128053.541122 -0.081179 0.195888 0.977260 0.896621 0.442569 -0.014231 -0.435293 0.875077 -0.211565
1.178434 -399.129211 6047.635754 86935.697844 -0.050687 0.173867 0.983464 0.869499 0.492130 -0.042191 -0.491328 0.852982 -0.176122
-17.100837 -472.489312 -2849.891059 40082.223969 0.437767 -0.426354 -0.791570 0.689316 0.724405 -0.008961 0.577238 -0.541719 0.611013
107.394339 -2507.838920 25895.951017 135933.904317 0.509332 -0.280002 -0.813744 -0.226875 0.868446 -0.440828 0.830126 0.409146 0.378802
51.110774 -398.664101 9992.064052 232278.446214 -0.645254 0.114598 0.755324 0.752528 0.265799 0.602539 -0.131715 0.957193 -0.257746
40.339530 -35.949304 -13292.696719 -157.134829 0.025385 0.909866 0.414125 0.775537 -0.279319 0.566148 -0.630791 -0.306797 0.712725
37.454781 -40.908536 -17077.337535 1613.413428 -0.044570 0.896242 0.441321 0.728075 -0.273344 0.628641 -0.684047 -0.349333 0.640349
-28.929800 -544.767931 -8553.241512 -62938.602602 0.166309 0.467467 -0.868225 0.857984 -0.502569 -0.106244 -0.486009 -0.727254 -0.484661
0.238897 -429.953891 -10245.550130 -61137.947012 0.159787 0.459827 -0.873514 0.802456 -0.575863 -0.156352 -0.574920 -0.675973 -0.461006
-15.804705 -355.209445 7346.419109 91755.377703 -0.190300 -0.467148 0.863457 -0.499191 0.803383 0.324629 -0.845337 -0.369253 -0.386080
-0.727632 -25.046088 -3948.488071 2202.558930 0.963323 -0.258685 0.071347 -0.005645 0.246286 0.969181 0.268284 0.934037 -0.235793
-1.435208 -28.397257 -3745.843421 4152.389412 0.961547 -0.235715 0.140946 -0.063338 0.309043 0.948937 0.267237 0.921375 -0.282229
5.786127 -23.628598 -3512.096052 1865.678328 0.958216 -0.285359 -0.019805 0.090769 0.237675 0.967094 0.271262 0.928483 -0.253646
-53.446188 -69.369430 4144.591634 -5563.397490 0.622624 0.585572 -0.519081 -0.489069 -0.226632 -0.842288 0.610861 -0.778295 -0.145278
-57.764340 -68.357484 3166.767959 -4135.113566 0.650131 0.477491 -0.591043 -0.486178 -0.336368 -0.806528 0.583918 -0.811701 -0.013463
-59.432067 -72.362554 1451.160151 6564.934791 0.598553 0.449901 -0.662814 0.602020 0.293230 0.742690 0.528494 -0.843567 -0.095335
-59.411620 -70.168166 1843.246373 1608.886601 0.542500 0.454828 -0.706275 0.711072 0.199035 0.674360 0.447292 -0.868053 -0.215439
-5.133565 -34.218315 -6474.722095 -270.931116 -0.242038 0.858265 -0.452548 0.969921 0.226472 -0.089238 0.025899 -0.460535 -0.887264
2.804383 -52.001496 -4826.436671 11907.569532 -0.301863 0.848329 -0.434990 0.953120 0.278595 -0.118100 0.020999 -0.450248 -0.892657
-7.011764 -40.908769 -6304.590228 3453.983110 -0.258511 0.857621 -0.444589 0.965906 0.222766 -0.131917 -0.014095 -0.463533 -0.885968
-19.487682 -46.301130 -2748.255723 -6922.841508 -0.594295 0.721579 -0.355159 0.803647 0.549866 -0.227595 0.031062 -0.420681 -0.906677
5.623842 -11.936266 2373.212907 1089.266902 -0.616058 0.216550 -0.757350 -0.331729 0.800725 0.498794 0.714442 0.558521 -0.421457
7.052181 -15.051406 1817.587149 -957.726303 -0.637713 0.194181 -0.745396 -0.300849 0.828050 0.473100 0.709092 0.525954 -0.469639
7.678722 -9.837388 1896.562634 -1492.485908 -0.562924 0.106735 -0.819588 -0.366536 0.856543 0.363299 0.740788 0.504918 -0.443047
9.860197 -12.726975 1540.863026 -876.955077 -0.579702 0.194977 -0.791157 -0.344335 0.821375 0.454728 0.738498 0.536029 -0.409015
-11.828177 -44.108643 -4428.832958 -460.929427 0.407059 0.517077 0.752951 -0.014099 0.827795 -0.560854 -0.913293 0.217685 0.344251
-20.219277 -48.738303 -1845.788564 941.373204 0.423772 0.653329 0.627358 -0.188167 0.741014 -0.644586 -0.886008 0.155109 0.436956
-18.155240 -46.956476 -1765.199206 2668.120807 0.417359 0.594126 0.687623 -0.172857 0.794765 -0.581782 -0.892150 0.123951 0.434401
54.841878 -28.204287 -9742.032237 -1220.352900 -0.776688 -0.203874 -0.595979 -0.214515 0.975224 -0.054047 0.592232 0.085869 -0.801179
1.322252 -82.142425 -1238.676875 -53.981798 0.668717 -0.283362 0.687403 0.566303 -0.404969 -0.717845 -0.481787 -0.869314 0.110341
-0.109582 -76.134192 -476.192899 3622.058926 0.697528 -0.289206 0.655602 0.628678 -0.192017 -0.753587 -0.343829 -0.937811 -0.047881
0.017002 -80.433144 -2233.316010 -1516.460190 0.644444 -0.285396 0.709394 0.501440 -0.542665 -0.673849 -0.577278 -0.789977 0.206609
-6.723115 -76.679366 -305.377827 -102.960632 0.662108 -0.261395 0.702343 0.502907 -0.539850 -0.675016 -0.555605 -0.800147 0.225982
-5.127332 -79.640816 -676.565196 402.495144 0.651742 -0.253584 0.714792 0.503780 -0.559765 -0.657928 -0.566955 -0.788897 0.237072
34.466069 -113.388555 6659.956916 -5679.507727 0.989646 0.050275 -0.134435 -0.101822 -0.414208 -0.904469 0.101156 -0.908793 0.404801
21.721365 -120.114391 5361.367203 -6494.180744 0.987742 0.043188 -0.150001 -0.139705 -0.184064 -0.972935 0.069629 -0.981965 0.175774
32.228174 -113.388646 3218.979791 -4532.601815 0.999351 -0.020834 -0.029385 -0.033816 -0.261528 -0.964603 -0.012411 -0.964971 0.262062
50.046501 -104.230700 1499.006168 -1214.252283 0.998423 -0.041561 0.037747 0.011842 -0.501307 -0.865189 -0.054881 -0.864271 0.500024
5.122898 -47.126340 -494.462281 1678.080478 0.790949 0.038584 0.610664 -0.528698 0.545493 0.650319 0.308021 0.837227 -0.451857
4.068413 -49.747258 -598.159922 -331.380333 0.791867 0.038279 0.609492 -0.547653 0.486131 0.680994 0.270226 0.873047 -0.405915
3.594978 -46.748104 388.136690 2752.215191 0.791790 0.022325 0.610385 -0.523115 0.540666 0.658810 0.315307 0.840941 -0.439773
3.634065 -47.689859 98.259145 745.591033 0.796931 0.021995 0.603670 -0.474511 0.641216 0.603060 0.373818 0.767045 -0.521441
-14.817380 -54.214959 1679.087573 5228.012319 -0.692738 0.329562 -0.641484 0.712295 0.173394 -0.680126 -0.112914 -0.928075 -0.354862
-16.021954 -51.686788 -152.473909 5150.233991 -0.667779 0.276350 -0.691160 0.743286 0.197708 -0.639091 -0.039965 -0.940501 -0.337432
-17.481567 -53.138259 -642.326697 3231.543715 -0.674540 0.269913 -0.687126 0.737842 0.276990 -0.615521 0.024189 -0.922184 -0.385994
5.389604 -38.027069 -3509.840938 3233.763084 0.956690 -0.237133 0.168852 0.158217 0.910443 0.382178 0.244358 0.338911 -0.908531
10.693713 -40.853984 -2786.327822 3378.615031 0.956694 -0.213548 0.197825 0.147377 0.941374 0.303472 0.251033 0.261175 -0.932078
13.595183 -35.027574 -3458.430981 3831.377703 0.951354 -0.249261 0.181092 0.158970 0.900616 0.404499 0.263920 0.356034 -0.896430
4.043881 -44.490919 2178.357926 1422.705003 -0.959703 0.197653 -0.199756 0.154840 0.965131 0.211060 0.234508 0.171625 -0.956844
-2.492350 -44.173019 -2810.180014 2669.130690 0.956738 -0.239352 0.165415 0.182047 0.935962 0.301386 0.226960 0.258234 -0.939044
-6.676433 -44.862431 2442.296577 -1997.401848 0.800518 -0.152998 0.579450 0.536531 0.613758 -0.579168 0.267031 -0.774528 -0.573412
-3.965498 -40.149381 1964.481969 860.123821 0.826399 -0.116620 0.550876 0.504330 0.588402 -0.632008 0.250432 -0.800115 -0.545069
-5.070316 -39.284659 3884.240398 2665.411722 0.830606 -0.099789 0.547847 0.490635 0.596466 -0.635220 0.263384 -0.796411 -0.544388
-4.511471 -48.110748 604.824709 -5316.605090 0.803653 -0.165523 0.571615 0.541226 0.602650 -0.586419 0.247418 -0.780650 -0.573907
-5.617608 -48.196303 1603.952982 -6198.181262 0.774346 -0.192842 0.602660 0.565289 0.638779 -0.521929 0.284317 -0.744831 -0.603648
-5.164568 -165.118282 662.241193 18120.000565 -0.467253 -0.160313 0.869468 0.879024 -0.189710 0.437410 0.094824 0.968664 0.229561
-2.614985 -180.020397 -3372.054205 17110.404461 -0.465949 -0.111475 0.877761 0.875707 -0.200050 0.439452 0.126608 0.973423 0.190832
-5.143057 -180.375195 -1005.631485 18706.360834 -0.475856 -0.134681 0.869150 0.877887 -0.012475 0.478706 -0.053630 0.990810 0.124171
-4.554989 -152.218807 -770.687524 11978.331939 -0.467357 -0.154835 0.870404 0.830663 -0.413916 0.372387 0.302616 0.897051 0.322062
-6.398702 -200.531094 3678.877435 20260.384688 -0.467639 -0.182701 0.864832 0.876089 0.034145 0.480939 -0.117398 0.982575 0.144095
-4.808394 -177.557565 1748.223162 19505.004925 -0.487067 -0.175015 0.855649 0.862806 -0.248307 0.440352 0.135396 0.952740 0.271946
-11.300232 -55.575775 -389.473285 -430.367195 0.432719 0.244644 -0.867700 0.894571 0.002825 0.446916 0.111787 -0.969609 -0.217629
-11.131937 -50.382251 -1123.711355 -253.744495 0.501718 0.212127 -0.838618 0.864431 -0.086835 0.495196 0.032222 -0.973377 -0.226936
-9.897550 -49.454013 -1758.094230 139.771104 0.574951 0.193849 -0.794892 0.816789 -0.192773 0.543778 -0.047823 -0.961905 -0.269169
-9.007441 -54.741546 -435.882894 220.270230 0.529238 0.232789 -0.815915 0.848468 -0.148758 0.507911 -0.003138 -0.961083 -0.276243
-11.487048 -46.448063 429.754597 -717.637900 0.624469 0.184366 -0.758978 0.780381 -0.187482 0.596537 -0.032314 -0.964811 -0.260952
-3.095661 -532.946451 -3583.991159 41128.743923 -0.581429 -0.249530 0.774387 0.042008 0.941329 0.334864 -0.812512 0.227230 -0.536834
3.969605 -744.144855 -361.070576 -96707.834684 -0.561431 -0.259519 0.785777 -0.361381 0.931113 0.049315 -0.744445 -0.256277 -0.616541
13.496733 -1263.254280 286.373780 172183.175492 -0.431417 -0.183336 0.883328 -0.011572 0.980177 0.197786 -0.902079 0.075106 -0.424986
187.314234 -5408.118846 60001.645961 5299732.643771 -0.367928 -0.193384 0.909523 -0.206115 0.970763 0.123025 -0.906723 -0.142202 -0.397030
115.995436 -2030.334216 -64866.742695 804195.762900 0.535348 0.201499 -0.820245 0.832708 -0.288517 0.472606 -0.141424 -0.936032 -0.322247
-15.407394 -54.415741 2770.799041 -1216.606627 0.972355 -0.186900 -0.139981 -0.205721 -0.402033 -0.892216 -0.110478 -0.896347 0.429368
-17.277230 -55.262681 818.478803 3046.249626 0.968271 -0.224929 -0.108894 -0.173316 -0.290501 -0.941048 -0.180035 -0.930063 0.320267
-16.320780 -35.152585 -44.908222 1261.103023 0.941944 -0.332334 -0.047914 -0.249402 -0.596952 -0.762527 -0.224811 -0.730207 0.645180
-18.018387 -37.276888 318.634909 941.880446 0.933002 -0.353143 -0.069268 -0.298456 -0.651758 -0.697235 -0.201077 -0.671194 0.713489
-17.124374 -33.471937 116.820217 1429.180005 0.957976 -0.274762 0.082387 -0.113010 -0.625498 -0.771998 -0.263649 -0.730245 0.630263
-16.588733 -37.778472 397.079685 510.922327 0.923809 -0.353598 -0.146786 -0.351496 -0.631363 -0.691254 -0.151750 -0.690181 0.707546
-14.254476 -31.886448 -229.762972 944.345552 0.960207 -0.271606 0.065064 -0.104806 -0.566347 -0.817476 -0.258880 -0.778127 0.572276
-15.472186 -35.709676 673.139518 1207.424362 0.928967 -0.345492 -0.132876 -0.316503 -0.555212 -0.769133 -0.191956 -0.756555 0.625122
-14.381507 -33.080553 -211.063121 1545.010095 0.948422 -0.314245 -0.041785 -0.214292 -0.538384 -0.814998 -0.233612 -0.781916 0.577955
2.254702 -28.785362 -3804.436633 2357.088561 0.940675 0.308201 0.141925 -0.224746 0.879312 -0.419880 0.254204 -0.363074 -0.896414
0.248538 -26.881984 -2089.573282 896.450815 0.877773 0.476315 0.051367 -0.408583 0.800282 -0.438872 0.250150 -0.364242 -0.897080
-34.041009 -548.879582 -16179.342502 154062.322034 -0.281261 0.116315 0.952556 0.040026 0.993185 -0.109458 -0.958796 0.007341 -0.284000
-61.039218 -85.044935 1126.858145 2234.015496 0.766531 -0.552884 0.326725 -0.368431 0.038113 0.928873 0.526012 0.832386 0.174485
-51.668722 -77.440504 341.404061 -5280.882235 0.565789 -0.610489 0.554243 0.644012 -0.092572 -0.759394 0.514910 0.786596 0.340786
-27.212734 -79.986295 -5212.189100 -317.112849 0.637798 -0.372329 0.674230 0.101438 0.908372 0.405672 -0.763495 -0.190344 0.617126
-15.774130 -84.632406 -13235.343239 331.823644 0.546276 -0.445623 0.709227 0.031984 0.857211 0.513970 -0.836994 -0.258086 0.482527
-32.098876 -83.207016 -4769.051919 8.014058 0.619455 -0.385233 0.684011 -0.020513 0.863076 0.504658 -0.784764 -0.326644 0.526735
-38.448578 -80.063992 64.925215 990.590238 0.724963 -0.344752 0.596301 0.144304 0.922533 0.357923 -0.673502 -0.173432 0.718552
-34.270899 -73.107000 -2190.890845 4673.802582 0.671121 -0.381231 0.635814 0.281047 0.924462 0.257649 -0.686010 0.005780 0.727570
-38.073660 -84.745172 1053.665012 -498.003565 0.709726 -0.329016 0.622926 -0.014102 0.877427 0.479504 -0.704336 -0.349101 0.618093
