13105
26198
-33.826095 -50.492232 -859.421862 -5380.844017 0.841830 0.301490 0.447690 -0.392971 0.910950 0.125473 -0.369994 -0.281556 0.885342
-38.279038 -57.522788 576.910563 -4139.049892 0.915216 0.164626 0.367800 -0.203177 0.976751 0.068386 -0.347991 -0.137317 0.927387
-43.441701 -66.256408 64.165053 -6407.296607 0.696593 0.575358 0.428627 -0.569672 0.806723 -0.157073 -0.436157 -0.134761 0.889723
-31.039020 -46.653574 191.690865 -2913.137365 0.955100 -0.172350 0.240996 0.098520 0.951857 0.290278 -0.279423 -0.253502 0.926099
-34.129143 -68.113116 -2260.942557 -10739.521312 0.579743 0.648696 0.493044 -0.697650 0.707800 -0.110922 -0.420931 -0.279666 0.862905
-26.488106 -47.877366 -3585.171617 6746.969971 0.693233 0.461407 0.553653 0.601798 -0.793285 -0.092402 -0.396570 -0.397244 0.827605
-26.749105 -36.957260 -112.344431 2626.543653 0.936885 -0.212492 0.277658 -0.074878 -0.897645 -0.434311 -0.341526 -0.386109 0.856901
-46.243689 -67.317987 -584.712833 -3801.926052 0.625722 0.450878 0.636538 0.512215 0.377951 -0.771225 0.588309 -0.808617 -0.005546
-44.870902 -60.357090 748.066028 -3484.502407 -0.540216 -0.411155 -0.734247 0.679657 0.301322 -0.668783 0.496218 -0.860324 0.116665
-41.120669 -65.967055 -1157.391140 -3911.401225 0.722778 0.335988 0.603907 0.511966 0.326650 -0.794475 0.464200 -0.883409 -0.064081
-42.987056 -68.221039 -971.842208 -1068.908461 0.690123 0.380221 0.615762 0.424700 0.476155 -0.770004 0.585970 -0.792912 -0.167125
-48.761276 -95.214733 40382.190269 -6014.220882 0.798320 0.506642 0.325575 0.592564 -0.564330 -0.574805 0.107489 -0.651802 0.750733
-64.609480 -245.320218 -18675.453742 93755.630323 -0.606621 -0.459533 -0.648722 0.767077 -0.124000 -0.629458 0.208815 -0.879462 0.427718
-56.135059 -183.629289 -21186.263439 66827.545004 -0.476682 -0.605732 -0.637073 0.795390 0.011411 -0.605990 0.374337 -0.795587 0.476354
-78.152049 -192.857559 -5696.332612 -55203.205830 0.659382 0.212126 0.721261 0.617316 -0.700347 -0.358379 -0.429111 -0.681555 0.592745
65.519535 -112.778710 4906.993183 16532.037774 -0.143465 0.721254 -0.677651 0.978321 0.000023 -0.207095 -0.149352 -0.692671 -0.705621
85.021460 -135.554824 10479.584134 14447.669409 -0.116190 0.776300 -0.619563 0.906234 -0.172438 -0.386012 -0.406498 -0.606319 -0.683474
75.851459 -118.968822 -3737.834484 15805.249695 -0.291045 0.582647 -0.758825 0.922105 -0.040555 -0.384809 -0.254982 -0.811713 -0.525458
56.132007 -75.422181 -2830.512046 10871.535788 -0.232961 0.524575 -0.818871 0.972462 0.119754 -0.199941 -0.006821 -0.842900 -0.538027
65.223329 -87.593017 -7992.091777 10630.514902 -0.387454 0.394702 -0.833121 0.915724 0.060434 -0.397238 -0.106442 -0.916820 -0.384853
87.356873 -108.561991 -14632.973024 9110.328207 -0.467722 0.388927 -0.793708 0.826961 -0.124469 -0.548309 -0.312044 -0.912822 -0.263410
-8.499008 -34.729920 -443.856431 -880.461851 0.652054 0.023313 0.757814 0.596799 -0.632247 -0.494059 -0.467608 -0.774416 0.426173
-7.955487 -33.046557 -439.531294 1880.326188 0.689498 -0.011028 0.724204 0.529114 -0.675132 -0.514038 -0.494603 -0.737614 0.459667
-5.639946 -31.502808 -1134.452876 2073.351924 0.683861 -0.059477 0.727184 0.533421 -0.639241 -0.553926 -0.497791 -0.766703 0.405425
78.182480 -33.282682 -16500.304379 875.105718 0.308989 0.144980 0.939950 0.170886 0.963765 -0.204829 -0.935587 0.223914 0.273018
47.956515 -36.628345 -20157.839836 710.259856 0.139793 0.133003 0.981208 0.207711 0.964951 -0.160392 -0.968150 0.226229 0.107267
52.317146 -29.031900 -15180.066547 1274.632700 0.250006 0.128489 0.959681 0.277858 0.939947 -0.198231 -0.927519 0.316213 0.199291
3.489431 -41.399477 -12752.909462 -485.507165 0.085776 -0.074190 0.993548 0.334012 0.941656 0.041479 -0.938658 0.328299 0.105552
59.046069 -26.526743 -2044.327307 1112.278031 0.528784 0.090596 0.843908 0.228510 0.942378 -0.244349 -0.817417 0.322049 0.477612
49.647285 -19.152032 -6985.846119 1534.199253 0.447661 0.125667 0.885329 0.294963 0.913908 -0.278870 -0.844154 0.385978 0.372054
41.624240 -20.674433 -10995.237658 1742.618415 0.262592 0.045923 0.963814 0.379123 0.913624 -0.146824 -0.887306 0.403958 0.222500
1.091076 -56.978513 1234.346261 -1489.000527 -0.710475 -0.131490 -0.691329 -0.108276 0.991116 -0.077234 0.695343 0.019981 -0.718400
-0.784862 -55.181725 264.744150 -1376.990280 -0.691570 -0.145024 -0.707601 -0.062952 0.988011 -0.140969 0.719561 -0.052945 -0.692408
-0.110274 -53.468372 974.847113 -1127.477609 -0.705751 -0.108812 -0.700054 0.013132 0.985956 -0.166489 0.708339 -0.126693 -0.694410
2.887895 -56.303404 1551.712590 -1726.723983 -0.710885 -0.097824 -0.696471 -0.008688 0.991425 -0.130384 0.703254 -0.086637 -0.705640
8.024700 -70.052117 -1384.841084 -3490.539207 0.440969 0.334541 0.832844 -0.534063 0.843582 -0.056082 -0.721334 -0.420061 0.550660
5.899939 -59.696062 -187.461263 -588.806602 0.480192 0.301203 0.823828 -0.604815 0.793928 0.062263 -0.635306 -0.528162 0.563410
5.457659 -62.588549 -677.465524 -5980.292434 0.406628 0.364786 0.837607 -0.578904 0.812152 -0.072663 -0.706770 -0.455347 0.541420
10.046975 -36.550130 -970.588414 1130.530595 0.724157 0.342387 0.598638 -0.505498 0.854009 0.123043 -0.469114 -0.391713 0.791513
13.856932 -33.886149 -1612.791075 1235.352220 0.732741 0.365989 0.573710 -0.483701 0.873120 0.060790 -0.478669 -0.322047 0.816800
15.239167 -38.419800 -2060.236451 -255.290748 0.718465 0.377197 0.584406 0.560397 -0.811599 -0.165112 -0.412024 -0.446127 0.794486
13.140954 -96.957118 1595.772951 4415.815786 0.254240 0.897022 -0.361543 0.829064 -0.009646 0.559070 -0.498011 0.441880 0.746142
24.891365 -90.393725 4080.944173 4052.823717 0.187732 0.890648 -0.414129 0.725526 0.158467 0.669701 -0.662094 0.426186 0.616439
13.827199 -93.247704 1081.473466 -154.537450 0.234916 0.907472 -0.348294 0.652589 0.118314 0.748418 -0.720377 0.403108 0.564412
7.915257 -100.327593 505.702905 1623.451122 0.285916 0.885272 -0.366804 0.794125 -0.004668 0.607737 -0.536300 0.465049 0.704352
7.795663 -99.964808 -830.275710 1052.561496 -0.308351 -0.880884 0.359115 0.899313 -0.146880 0.411900 -0.310089 0.449966 0.837481
-5.913408 -83.251498 -769.380946 367.660872 0.705424 -0.009811 0.708718 0.514489 0.694850 -0.502478 0.487523 -0.719088 -0.495212
-4.258976 -90.538430 -447.310101 1344.476193 0.704007 -0.024723 0.709763 0.581488 0.593833 -0.556088 0.407733 -0.804208 -0.432438
-4.103639 -85.747122 -878.551400 2000.109069 0.728510 -0.009121 0.684975 0.434887 0.778733 -0.452159 0.529289 -0.627289 -0.571281
-6.427239 -80.744023 131.764231 931.977141 -0.710882 -0.027523 -0.702773 0.356740 0.847040 -0.394029 0.606122 -0.530815 -0.592327
-8.249854 -80.475523 -514.051396 643.058225 0.705984 0.010729 0.708146 0.437120 0.780114 -0.447604 0.557237 -0.625546 -0.546058
0.881980 -106.392311 -525.983949 -134.511024 0.253003 0.774528 -0.579737 -0.173560 0.625848 0.760389 -0.951770 0.091762 -0.292768
1.208044 -111.485296 -1028.217593 -169.221769 0.247803 0.802281 -0.543082 -0.017349 0.564151 0.825489 -0.968655 0.195137 -0.153717
-1.131174 -105.998659 -280.220835 982.849015 0.260039 0.802009 -0.537737 0.042187 0.546928 0.836116 -0.964676 0.240108 -0.108389
-5.596170 -22.858561 -356.249790 -393.067242 0.275250 0.949048 0.153446 0.702274 -0.307492 0.642075 -0.656543 0.068970 0.751129
-5.400843 -22.806686 -529.715535 -130.655079 0.261698 0.956301 0.130393 0.674874 -0.277895 0.683607 -0.689970 0.090899 0.718107
-3.881226 -22.054844 -589.561258 -390.064709 0.320745 0.923161 0.211888 0.654736 -0.377751 0.654695 -0.684430 0.071260 0.725588
-5.862195 -22.293854 -366.103129 -162.825303 0.362287 0.897885 0.250102 0.686896 -0.438574 0.579505 -0.630017 0.038153 0.775643
6.882441 -264.654786 1518.720978 -34477.918800 0.114917 0.833053 -0.541126 0.385736 0.464567 0.797110 -0.915424 0.300333 0.267952
5.168111 -193.378376 728.019537 -2651.774758 0.057768 0.824192 -0.563357 0.169502 0.548009 0.819119 -0.983835 0.142809 0.108044
4.950575 -220.129156 129.608021 369.975995 0.067297 0.805441 -0.588842 0.076121 0.584315 0.807949 -0.994825 0.099196 0.021988
5.264721 -235.683564 350.218841 -3332.077574 0.089528 0.810827 -0.578398 0.088429 0.571965 0.815497 -0.992051 0.124157 0.020494
22.195618 -720.297905 -8145.543350 -208975.000634 0.167343 0.926764 -0.336310 0.249922 0.290101 0.923786 -0.953696 0.238640 0.183072
9.388751 -394.851556 1064.667077 -83050.245758 0.152165 0.852884 -0.499434 0.622652 0.309710 0.718598 -0.767561 0.420319 0.483923
48.514437 -186.586716 -20736.316326 3887.113036 -0.114308 0.993444 0.001441 0.902171 0.104413 -0.418552 0.415959 0.046544 0.908191
130.129013 -943.301573 -13690.618187 -1120728.578680 -0.279569 -0.887621 0.366019 0.950244 -0.310351 -0.026819 0.137399 0.340309 0.930221
84.556394 -241.532595 25518.366130 198397.374128 0.245196 0.836572 -0.489926 0.026257 -0.510897 -0.859241 0.969118 -0.197818 0.147236
113.437327 -2967.972871 -2673.317897 -537995.016118 0.460638 0.737197 -0.494321 -0.438305 -0.295356 -0.848913 0.771817 -0.607705 -0.187065
-2.570834 -69.496874 -320.936782 3015.915257 0.396563 0.824689 -0.403269 -0.513294 -0.165007 -0.842200 0.761096 -0.540981 -0.357873
-1.321714 -68.933299 -422.749350 1667.568821 0.405525 0.814911 -0.414088 -0.600811 -0.103782 -0.792625 0.688894 -0.570218 -0.447522
-2.130074 -65.191125 124.645165 1658.666502 0.390798 0.821602 -0.415027 -0.652005 -0.071187 -0.754866 0.649744 -0.565599 -0.507869
-13.900177 -34.059234 -1114.089076 -420.093223 -0.659284 -0.644091 -0.387932 0.731541 -0.668703 -0.132982 -0.173759 -0.371461 0.912044
-13.457383 -32.152658 -245.716070 -744.349289 -0.667443 -0.621731 -0.409843 0.690382 -0.722917 -0.027647 -0.279094 -0.301401 0.911737
-16.520502 -33.581376 -322.010593 -832.615445 -0.660687 -0.621151 -0.421503 0.713954 -0.693406 -0.097248 -0.231867 -0.365185 0.901597
-108.075652 -935.260908 29230.958117 255667.550963 0.840564 0.046483 -0.539715 0.374167 -0.770283 0.516395 0.391729 0.636006 0.664864
-215.329719 -507.869779 38615.096097 -109000.423121 0.920706 0.086557 -0.380537 -0.109864 0.993145 -0.039915 0.374473 0.078557 0.923904
-1239.539581 -1786.327498 195198.854270 -367498.221748 0.799852 0.403360 -0.444452 -0.433780 0.900283 0.036402 0.414816 0.163678 0.895063
6.473672 -640.606097 -4198.281348 -175476.029616 -0.754975 0.118362 0.644984 0.409311 0.853504 0.322483 -0.512326 0.507466 -0.692821
7.143648 -373.539754 -0.449893 -75938.420105 -0.747252 -0.045745 0.662965 0.321583 0.848146 0.420991 -0.581549 0.527785 -0.619068
3.658960 -244.456169 -1743.118528 -58503.781203 -0.717260 0.055719 0.694574 0.114179 0.992723 0.038272 -0.687387 0.106757 -0.718403
-4.311339 -50.189003 -413.169245 -3051.821193 0.500797 0.093695 0.860479 -0.301827 0.950629 0.072151 -0.811236 -0.295848 0.504351
-2.826918 -53.449522 -365.866380 -3144.566394 0.480003 0.112069 0.870079 -0.317726 0.946681 0.053346 -0.817709 -0.302053 0.490017
-2.343107 -42.842586 -737.875520 1354.537279 0.485546 0.080424 0.870504 -0.331207 0.938451 0.098038 -0.809041 -0.335919 0.482298
-3.506287 -42.936540 -612.353749 2669.577017 0.511521 0.058601 0.857270 -0.317024 0.940158 0.124896 -0.798650 -0.335662 0.499488
52.165482 -83.973185 -6384.589695 587.457505 0.457932 0.502713 0.733197 0.874495 -0.403050 -0.269833 0.159866 0.764742 -0.624189
42.532462 -86.975212 -6182.079726 4100.554724 0.564240 0.491490 0.663379 0.753112 -0.635651 -0.169616 0.338313 0.595303 -0.728806
60.589357 -89.506292 -8426.467002 3687.816514 0.491339 0.446947 0.747545 0.777518 -0.611865 -0.145214 0.392494 0.652579 -0.648143
72.608039 -94.969498 -8216.270323 994.947911 0.407205 0.368086 0.835881 0.851314 -0.484467 -0.201385 0.330829 0.793602 -0.510634
33.888093 -49.394424 -4054.341514 1579.148240 -0.368620 -0.484256 -0.793483 0.070218 0.836649 -0.543220 0.926924 -0.255958 -0.274403
20.049095 -34.285820 -5399.214523 -1537.295198 -0.218661 -0.392082 -0.893566 0.085313 0.904537 -0.417772 0.972064 -0.167583 -0.164337
38.346092 -54.127657 -3449.293238 -1086.498570 -0.362086 -0.355808 -0.861565 0.016989 0.921610 -0.387745 0.931990 -0.155034 -0.327658
60.839467 -47.271925 4354.203612 -5480.950990 0.428923 0.900638 0.069826 -0.889063 0.434570 -0.143933 0.159975 0.000343 -0.987121
49.873505 -41.469302 1542.001681 -2845.637356 0.366986 0.929536 -0.035819 -0.912165 0.352043 -0.209812 0.182418 -0.109671 -0.977086
45.081035 -37.627162 4055.475816 -3031.334075 0.442599 0.882723 0.157815 -0.856581 0.468253 -0.216812 0.265282 0.039221 -0.963373
50.337888 -47.349898 6809.166309 -4191.904976 0.506584 0.826636 0.245043 -0.838138 0.538807 -0.084923 0.202231 0.162359 -0.965786
31.004724 -30.760123 4256.094410 -2198.876954 0.443385 0.855182 0.268465 -0.809630 0.510624 -0.289417 0.384589 0.089034 -0.918784
29.606096 -36.430407 6542.715130 -2694.456385 0.495864 0.788504 0.363842 -0.796619 0.579822 -0.170892 0.345713 0.205105 -0.915650
-0.903122 -42.411167 322.582404 -951.006063 -0.885251 0.264874 -0.382325 0.310285 0.948671 -0.061210 0.346488 -0.172815 -0.921998
1.536240 -40.332169 119.592153 -3292.902520 0.885009 -0.253115 0.390757 0.355357 0.909503 -0.215698 0.300798 -0.329753 -0.894865
1.526938 -41.364756 456.350645 -1942.746574 -0.906839 0.202794 -0.369484 0.268025 0.954019 -0.134204 0.325279 -0.220733 -0.919495
-1.015353 -48.837166 553.690904 -401.184817 -0.907486 0.199144 -0.369881 0.203000 0.978752 0.028908 0.367778 -0.048852 -0.928629
-2.347310 -47.031259 458.051499 1567.729683 -0.887493 0.264535 -0.377330 0.261077 0.963368 0.061328 0.379731 -0.044084 -0.924046
-6.952139 -47.119671 951.255454 -1450.203486 0.822456 -0.204381 0.530843 0.459722 -0.310765 -0.831914 -0.334995 -0.928253 0.161632
-3.331032 -48.465967 553.400044 -1063.287687 0.839618 -0.231225 0.491504 0.452163 -0.203871 -0.868323 -0.300982 -0.951300 0.066622
-2.059634 -45.014427 1032.481506 -1984.968948 0.830821 -0.217102 0.512449 0.431952 -0.329064 -0.839723 -0.350934 -0.919012 0.179616
-5.484683 -40.276700 943.389900 -1512.842970 0.807783 -0.182389 0.560554 0.437453 -0.451922 -0.777432 -0.395122 -0.873213 0.285269
9.237227 -67.599648 239.690996 -5444.832974 -0.785436 0.023841 -0.618483 -0.029700 0.996655 0.076136 0.618230 0.078168 -0.782101
8.686137 -77.664225 368.490259 -4461.908015 -0.773334 -0.008384 -0.633943 -0.163946 0.968547 0.187186 0.612434 0.248690 -0.750385
7.981876 -74.050869 172.793788 -4335.367220 -0.790443 -0.010451 -0.612447 -0.172113 0.963362 0.205694 0.587859 0.267999 -0.763281
9.608683 -75.394711 663.007477 -2224.124862 -0.766514 0.042725 -0.640805 0.006219 0.998232 0.059118 0.642197 0.041329 -0.765424
-4.631798 -63.690255 -484.609121 -305.554869 -0.736692 0.148405 -0.659743 -0.233009 0.860166 0.453675 0.634816 0.487944 -0.599098
-2.235416 -67.683551 -1488.503776 1049.772483 -0.709657 0.131901 -0.692090 -0.225439 0.888162 0.400431 0.667506 0.440193 -0.600555
-5.651454 -65.500929 -1038.369679 1090.305214 -0.727794 0.144736 -0.670348 -0.132730 0.929266 0.344744 0.672828 0.339878 -0.657103
-2.632601 -67.729459 969.720740 -571.828860 0.727143 -0.154566 0.668858 -0.329135 0.776540 0.537267 0.602439 0.610815 -0.513782
-7.456057 -66.388537 -410.255716 454.725152 -0.745348 0.152395 -0.649024 -0.108985 0.932574 0.344134 0.657707 0.327233 -0.678483
-5.334167 -72.294617 8.824087 -2103.371807 0.749023 -0.149682 0.645415 -0.336157 0.753591 0.564889 0.570933 0.640075 -0.514140
0.525595 -95.751798 362.711982 5590.214375 0.713471 -0.254074 0.652998 0.390992 0.917718 -0.070128 -0.581450 0.305351 0.754106
2.000375 -92.707119 167.048843 5349.105666 0.705300 -0.263017 0.658311 0.430945 0.896417 -0.103557 -0.562884 0.356735 0.745588
1.739667 -111.818918 4.520847 7618.762925 0.690367 -0.290952 0.662374 0.285999 0.950745 0.119536 -0.664528 0.106914 0.739575
-19.295078 -24.659012 -2437.682556 622.857536 -0.250368 0.405486 -0.879146 0.669247 0.728658 0.145486 0.699589 -0.551940 -0.453803
-14.433108 -24.349649 -3122.996668 1053.731532 -0.080891 0.525758 -0.846779 0.718133 0.619882 0.316278 0.691189 -0.582516 -0.427707
-17.140894 -27.028074 -2630.664365 635.250811 -0.125759 0.533047 -0.836687 0.760769 0.593116 0.263521 0.636722 -0.603385 -0.480115
-21.993266 -26.658736 -1101.031608 557.733176 -0.465733 0.260257 -0.845789 0.575113 0.815426 -0.065772 0.672561 -0.517056 -0.529448
190.563602 -14.649063 -49840.672498 1059.700311 -0.528900 0.218525 -0.820068 0.704649 -0.425475 -0.567838 -0.473005 -0.878190 0.071051
400.747843 -29.905364 -92651.540724 -333.051076 -0.181112 0.478388 -0.859269 0.734835 -0.514854 -0.441523 -0.653617 -0.711386 -0.258290
1591.998165 -183.752719 -402944.110418 -15789.091177 -0.481761 0.359402 -0.799210 0.641752 -0.476333 -0.601051 -0.596709 -0.802457 -0.001169
-7.536333 -34.720501 646.649978 -487.056852 0.737351 -0.139634 0.660921 0.423645 -0.666490 -0.613446 -0.526155 -0.732320 0.432282
-7.184651 -35.120742 453.525087 -1226.083507 0.747063 -0.140523 0.649731 0.424161 -0.651810 -0.628674 -0.511844 -0.745250 0.427339
-7.256059 -34.020494 901.872122 171.494056 0.728751 -0.090805 0.678732 0.416751 -0.727665 -0.544815 -0.543361 -0.679896 0.492443
-7.186598 -32.864374 297.999560 -121.089332 0.722812 -0.134523 0.677825 0.399627 -0.718851 -0.568816 -0.563774 -0.682024 0.465835
-6.746347 -33.654258 439.971362 93.971478 0.715905 -0.111794 0.689190 0.371250 -0.775038 -0.511360 -0.591315 -0.621946 0.513350
-7.062858 -35.457269 588.548131 -987.847637 0.717263 -0.085440 0.691544 -0.356535 0.807696 0.469585 -0.598679 -0.583376 0.548868
11.425258 -37.826536 -1333.469615 -650.906904 -0.818401 -0.313070 -0.481878 -0.171703 0.933479 -0.314856 0.548395 -0.174938 -0.817716
9.257732 -35.535866 -1119.964434 -1341.994349 -0.816800 -0.297101 -0.494540 -0.087549 0.911109 -0.402760 0.570240 -0.285678 -0.770204
9.919086 -38.492283 -1813.769063 -1177.731197 -0.795857 -0.307252 -0.521736 -0.135077 0.930062 -0.341670 0.590226 -0.201446 -0.781699
13.292388 -39.930871 -3180.247163 -415.198672 -0.796807 -0.315623 -0.515248 -0.227399 0.946677 -0.228238 0.559811 -0.064695 -0.826091
8.469281 -40.079109 -2183.716830 -833.483952 -0.794413 -0.293738 -0.531626 -0.190959 0.951685 -0.240480 0.576578 -0.089522 -0.812123
7.809421 -39.401419 770.273755 -1044.679192 -0.812250 -0.283084 -0.510013 -0.145410 0.945006 -0.292948 0.564895 -0.163786 -0.808744
-6.781104 -101.418537 -649.796762 -2955.987860 -0.005479 -0.564821 0.825195 0.896965 0.362027 0.253753 -0.442068 0.741561 0.504641
-5.531075 -115.333110 -872.207049 -437.891084 -0.005682 -0.545686 0.837971 0.848714 0.440520 0.292621 -0.528822 0.712860 0.460628
-4.926491 -103.038544 -943.472169 2486.064767 -0.061518 -0.565770 0.822265 0.784876 0.481506 0.390027 -0.616591 0.669370 0.414438
-5.083880 -102.222965 247.138374 4753.929294 -0.051876 -0.595341 0.801797 0.806713 0.448279 0.385045 -0.588662 0.666795 0.457014
-6.453527 -92.806152 250.893436 -800.305361 -0.014131 -0.596035 0.802834 0.914199 0.317528 0.251828 -0.405020 0.737508 0.540408
14.105882 -238.099212 7500.920989 -64897.860880 -0.376311 -0.215186 0.901158 -0.524511 0.851258 -0.015759 -0.763726 -0.478597 -0.433205
25.606863 -255.188735 26085.254517 -91333.422576 -0.064747 -0.457315 0.886945 -0.598706 0.728873 0.332107 -0.798347 -0.509517 -0.320990
26.908653 -89.924066 21078.823734 -32138.281957 -0.387485 -0.083861 0.918054 -0.597880 0.780879 -0.181018 -0.701709 -0.619027 -0.352718
6.799003 -19.309610 1403.868451 2433.914220 0.037548 -0.788753 0.613563 0.969615 0.177288 0.168572 -0.241739 0.588590 0.771443
5.488432 -29.577262 2150.437844 1733.105476 0.084400 -0.800766 0.593002 0.945103 0.252877 0.206962 -0.315685 0.542980 0.778149
12.148019 -29.034054 1014.139770 1054.690927 -0.048362 -0.798929 0.599477 0.924962 0.190693 0.328758 -0.376970 0.570393 0.729757
4.834588 -49.357538 817.878316 565.303690 -0.915463 0.051037 -0.399151 -0.063988 0.960840 0.269616 0.397281 0.272365 -0.876348
5.927237 -48.222947 1137.492005 -286.046478 -0.920301 0.047288 -0.388342 0.006859 0.994466 0.104839 0.391151 0.093820 -0.915532
5.552258 -48.304704 124.437799 -290.630842 -0.906410 0.037282 -0.420750 -0.013851 0.992938 0.117822 0.422172 0.112623 -0.899493
5.739557 -47.655451 262.352382 1532.005254 -0.905350 0.055174 -0.421066 -0.066591 0.960813 0.269079 0.419412 0.271650 -0.866198
17.417585 -41.930727 3427.462072 1035.482195 0.796212 -0.137952 0.589080 -0.587147 0.058714 0.807348 0.145963 0.988697 0.034249
12.729172 -44.675670 3492.233911 1125.740111 0.819922 -0.158619 0.550062 -0.534688 0.131120 0.834815 0.204541 0.978595 -0.022696
10.776859 -42.586570 3405.208179 703.763669 0.823799 -0.181955 0.536887 -0.537164 0.052070 0.841869 0.181138 0.981927 0.054845
768.954005 -11852.685054 119300.305653 -214526.555449 -0.087370 0.823256 -0.560907 0.824239 0.375961 0.423418 -0.559461 0.425327 0.711407
185.267867 -25.197705 30505.408898 -120001.870946 0.810374 -0.483503 -0.330937 0.036284 -0.522326 0.851973 0.584789 0.702424 0.405736
158.889478 -4620.584837 42922.281695 -2839935.712045 -0.365972 -0.611737 0.701315 0.634755 0.387008 0.668813 -0.680552 0.689930 0.246669
-22.308896 -468.297660 15138.318441 -129478.986950 -0.212891 0.429570 0.877580 -0.002302 0.897947 -0.440098 -0.977073 -0.095713 -0.190176
-80.268906 -286.291368 27334.597780 -61332.102348 0.873263 0.341861 0.347193 0.476771 -0.746497 -0.464145 -0.100506 -0.570852 0.814878
-60.742345 -803.220974 -32422.657043 -234311.364147 -0.698400 -0.488847 -0.522748 0.704800 -0.342725 -0.621125 0.124476 -0.802227 0.583899
4.194900 -295.679232 10725.113552 -71011.225973 0.821084 0.351261 0.449929 0.544388 -0.718918 -0.432202 -0.171646 -0.599810 0.781515
-28.897794 -225.259276 16292.688353 -60383.932497 0.797162 0.437090 0.416515 0.539656 -0.825175 -0.166904 -0.270746 -0.357825 0.893677
-223.024044 -347.936315 -32432.242908 -83590.597194 0.698682 -0.709249 -0.093859 -0.659784 -0.588039 -0.467862 -0.276638 -0.388813 0.878804
-0.146310 -18.983176 -1151.352320 -2704.448567 0.796214 0.310601 0.519202 -0.467323 -0.229305 0.853832 -0.384257 0.922467 0.037425
-2.169648 -25.190027 -1026.802915 -2712.442219 0.804080 0.311118 0.506617 -0.432898 -0.277687 0.857607 -0.407498 0.908898 0.088600
-1.039087 -23.511750 400.196713 -2361.928153 0.857462 0.329720 0.395023 -0.334321 -0.226576 0.914818 -0.391136 0.916487 0.084048
-46.477360 -67.031403 456.127259 -2421.883615 0.815025 0.435576 0.382111 -0.383092 0.899841 -0.208629 -0.434713 0.023654 0.900258
-40.955764 -63.204053 -75.032184 -2862.521381 0.941492 0.135672 0.308522 -0.122285 0.990530 -0.062417 -0.314069 0.021037 0.949167
-35.551626 -55.712130 631.734731 -3785.906710 0.969825 -0.080101 0.230266 0.049126 0.989319 0.137237 -0.238799 -0.121784 0.963402
-21.828183 -64.839064 -2328.948478 80.021138 0.873438 -0.060918 0.483110 0.452875 0.466171 -0.759993 0.178915 -0.882595 -0.434759
-19.457548 -61.422842 -3058.382284 -1271.228695 0.873238 -0.057310 0.483912 0.479584 0.277029 -0.832619 0.086341 -0.959151 -0.269397
-9.417292 -64.743107 -4749.032756 -314.785829 0.888809 -0.129660 0.439553 0.451776 0.408888 -0.792912 0.076919 -0.903326 -0.422001
-28.710455 -64.837309 -1446.773596 -266.769190 0.855520 0.023390 0.517241 0.467001 0.396546 -0.790355 0.223596 -0.917717 -0.328330
-14.765717 -66.130292 -4226.091118 287.889703 0.900021 -0.101434 0.423878 0.394829 0.601629 -0.694372 0.184584 -0.792309 -0.581528
-28.661811 -65.101870 -885.084429 992.574946 0.843139 0.020567 0.537302 0.428966 0.576770 -0.695216 0.324198 -0.816648 -0.477474
-23.427634 -63.969173 -1600.017648 579.504358 0.865468 -0.044359 0.498996 0.416553 0.617061 -0.667622 0.278296 -0.785664 -0.552525
-52.337680 -175.378629 -2967.169738 -54019.133878 0.692010 0.110610 0.713363 0.498069 -0.788463 -0.360906 -0.522541 -0.605055 0.600716
-36.561787 -117.630654 -5825.431407 -40206.060636 0.833830 -0.079994 0.546195 0.274790 -0.797996 -0.536370 -0.478768 -0.597331 0.643411
-14.861332 -94.096830 2311.896058 -25470.356640 0.901653 -0.119319 0.415674 0.183290 -0.765147 -0.617216 -0.391697 -0.632703 0.668027
-7.731259 -55.018817 -6420.160432 5631.212963 0.846346 -0.202151 0.492781 0.380941 -0.416889 -0.825281 -0.372266 -0.886193 0.275824
55.005738 -123.159238 10491.348317 15835.034703 0.000414 0.841996 -0.539484 0.990105 -0.076051 -0.117936 -0.140330 -0.534097 -0.833695
71.112085 -144.330538 15955.279434 -11338.987777 0.079951 0.873843 -0.479589 -0.885131 0.283506 0.369009 -0.458423 -0.394997 -0.796132
99.929817 -148.067664 15663.557702 10033.404226 -0.037465 0.813012 -0.581041 -0.627973 0.433142 0.646558 -0.777333 -0.389101 -0.494322
-6.278874 -37.583785 -1879.114009 -6025.233890 0.661602 -0.073372 0.746257 0.578644 -0.583010 -0.570325 -0.476921 -0.809145 0.343264
-4.929067 -33.105694 -2017.972053 -1444.747496 0.651237 -0.062313 0.756312 0.570689 -0.616701 -0.542213 -0.500205 -0.784728 0.366057
-4.152393 -33.660124 -240.235175 -1187.399700 0.684648 -0.066966 0.725791 0.556348 -0.595300 -0.579737 -0.470886 -0.800708 0.370314
-3.023377 -38.907993 -371.230556 -5726.803920 0.668601 -0.071009 0.740223 0.583874 -0.566313 -0.581705 -0.460504 -0.821126 0.337177
-0.933418 -33.551213 1346.044438 -1314.485162 0.695764 -0.053924 0.716244 0.565124 -0.574390 -0.592209 -0.443338 -0.816804 0.369166
-2.718678 -30.018163 1229.917432 2480.384030 0.727582 -0.084432 0.680805 0.507422 -0.601630 -0.616899 -0.461679 -0.794300 0.394892
61.479171 -39.828380 -22162.223836 1123.870581 0.132445 0.152755 0.979349 0.126315 0.977396 -0.169533 -0.983109 0.146160 0.110156
-7.284213 -70.169820 -578.842002 -5811.943960 -0.638667 -0.191368 -0.745307 -0.081324 0.979943 -0.181927 0.765173 -0.055579 -0.641421
-4.358675 -58.511549 -278.199769 -6460.163519 -0.649466 -0.194817 -0.735010 0.045745 0.954861 -0.293510 0.759013 -0.224249 -0.611238
-1.782783 -61.403822 1416.945028 -7371.203956 -0.673713 -0.287521 -0.680766 -0.040143 0.934086 -0.354784 0.737902 -0.211694 -0.640848
-3.645350 -67.058252 -1216.479261 -5315.496903 -0.627734 -0.141604 -0.765440 -0.001852 0.983584 -0.180441 0.778426 -0.111851 -0.617691
-6.270107 -76.892874 1170.476075 -5576.009952 -0.667325 -0.260374 -0.697770 -0.186686 0.965466 -0.181725 0.720989 0.008994 -0.692888
-10.771871 -81.947626 -966.489947 -3219.254751 -0.628943 -0.207124 -0.749353 -0.257803 0.964886 -0.050320 0.733463 0.161537 -0.660256
-5.964279 -77.891520 -1380.564289 -2964.610639 -0.620103 -0.159427 -0.768150 -0.204834 0.978073 -0.037640 0.757308 0.134002 -0.639162
4.099646 -55.122304 669.721232 -643.863185 0.462874 0.295664 0.835662 -0.586509 0.809021 0.038629 -0.664647 -0.508003 0.547884
6.223617 -57.009319 574.729812 3614.162219 0.498430 0.242580 0.832300 -0.622560 0.768275 0.148906 -0.603313 -0.592376 0.533951
-6.471579 -67.296413 -811.551910 -8990.222878 0.527784 0.371666 0.763747 0.835842 -0.067372 -0.544820 -0.151036 0.925919 -0.346212
-3.602001 -71.962799 -2035.499204 -9979.978270 0.559573 0.392990 0.729683 0.809065 -0.068124 -0.583758 -0.179702 0.917016 -0.356075
-2.222457 -44.208270 -1117.735157 -6572.190536 0.462193 0.396305 0.793297 0.831286 0.117862 -0.543206 -0.308774 0.910522 -0.274968
-9.396629 -35.701270 591.971547 -1370.995600 -0.632398 -0.057546 -0.772503 0.651330 -0.579332 -0.490045 -0.419336 -0.813058 0.403849
-9.614581 -36.127363 -177.889635 -866.373660 0.667104 0.048686 0.743372 0.584909 -0.652213 -0.482183 -0.461362 -0.756471 0.463570
-9.168405 -35.121135 -265.112822 1013.778038 0.702135 0.013346 0.711919 0.512042 -0.704232 -0.491802 -0.494793 -0.709844 0.501300
-10.886233 -37.542389 -200.779877 -921.004832 0.691768 0.073166 0.718403 0.564870 -0.674600 -0.475223 -0.449864 -0.734549 0.507996
-0.335498 -59.670338 -1318.669336 -3354.534326 -0.458609 -0.227382 -0.859055 0.761585 -0.598692 -0.248107 -0.457894 -0.768027 0.447736
-1.150790 -53.767046 -414.108357 -2095.429609 -0.381533 -0.258072 -0.887599 0.709873 -0.696827 -0.102533 -0.592042 -0.669202 0.449060
-0.584191 -65.149371 -478.021126 -5015.309382 -0.429357 -0.232781 -0.872620 0.738941 -0.646060 -0.191239 -0.519249 -0.726924 0.449402
-0.459184 -50.316007 -107.842037 -728.559200 -0.397937 -0.234446 -0.886951 0.743865 -0.648305 -0.162375 -0.536947 -0.724386 0.432380
1.911521 -54.210649 -323.257594 -2644.288220 -0.484082 -0.175212 -0.857301 0.760064 -0.569638 -0.312755 -0.433553 -0.803002 0.408924
41.752177 -80.103628 6785.479641 -3215.562339 0.104469 0.884383 -0.454920 0.536264 0.335135 0.774665 -0.837560 0.324886 0.439251
23.994198 -83.208640 2341.700953 4461.979679 0.097657 0.911172 -0.400286 0.787128 0.175410 0.591321 -0.609009 0.372823 0.700079
14.782103 -81.800186 628.100379 4556.185010 0.146365 0.925992 -0.348019 0.886403 0.033418 0.461707 -0.439166 0.376062 0.815911
13.493497 -72.685617 -623.812801 4368.478355 0.015744 0.935776 -0.352243 0.893058 0.145271 0.425844 -0.449665 0.321278 0.833416
26.869861 -78.226626 -754.573062 3195.905513 -0.092806 0.915325 -0.391877 0.734566 0.328635 0.593643 -0.672161 0.232765 0.702866
136.697888 -35.885994 -35372.990705 -1137.824198 0.117233 0.427183 -0.896533 0.878912 -0.464919 -0.106598 -0.462352 -0.775477 -0.429960
86.209643 -29.158875 6870.340952 -2934.272454 0.370487 0.791248 -0.486484 0.873355 -0.475061 -0.107556 -0.316213 -0.385025 -0.867044
163.240486 -15.815705 24059.051394 -818.547082 -0.507044 -0.481173 0.715108 -0.679030 0.734006 0.012425 -0.530872 -0.479279 -0.698904
173.630106 -5.859990 26827.954554 3085.895267 0.566837 0.786689 -0.244574 -0.764822 0.612845 0.198668 -0.306176 -0.074444 -0.949060
205.251796 -26.240400 -56683.077792 -2768.991317 0.036245 0.356893 -0.933442 0.808453 -0.559537 -0.182542 -0.587443 -0.748028 -0.308812
-3.987633 -19.872734 -1529.091177 -1098.523714 0.371888 0.885398 0.278874 0.457864 -0.436290 0.774604 -0.807503 0.160380 0.567642
-10.413187 -21.308630 -1613.824459 -1034.242721 0.376406 0.894912 0.239691 0.457140 -0.404435 0.792121 -0.805818 0.188587 0.561331
-3.742582 -17.612590 -1726.378901 -866.074064 0.413622 0.833467 0.366402 0.364398 -0.520351 0.772301 -0.834345 0.185924 0.518942
-8.357410 -22.392330 -1452.257308 -681.737280 0.318293 0.931657 0.175227 0.544227 -0.330925 0.770912 -0.776213 0.150013 0.612364
3.321229 -16.575256 -2164.649313 -972.694179 0.426041 0.814664 0.393460 0.375204 -0.554845 0.742542 -0.823232 0.168725 0.542052
1.899182 -18.774872 -1799.154444 -602.824799 0.397103 0.856053 0.330880 0.456972 -0.497082 0.737622 -0.795918 0.141709 0.588585
-3.092174 -20.701464 -1344.073500 -426.544500 0.337516 0.913159 0.228524 0.528160 -0.384664 0.757021 -0.779185 0.134809 0.612125
2.917229 -230.629856 -1283.424710 25846.648057 -0.007680 0.809626 -0.586896 -0.052981 0.585760 0.808751 -0.998566 -0.037306 -0.038396
4.348244 -154.231222 -1921.054442 7030.667049 -0.019549 0.832442 -0.553767 0.139932 0.550700 0.822891 -0.989968 0.061403 0.127251
1.809812 -193.540266 -1528.708928 28085.689262 -0.007279 0.810739 -0.585362 -0.071368 0.583464 0.808997 -0.997424 -0.047664 -0.053614
2.130898 -309.885938 -1576.461714 54195.373320 0.001701 0.802745 -0.596320 -0.378378 0.552501 0.742679 -0.925650 -0.224370 -0.304681
-3.349468 -296.139832 -2456.900953 55848.780750 0.002374 0.800134 -0.599817 -0.168098 0.591603 0.788511 -0.985767 -0.098956 -0.135905
0.802563 -73.391690 -1163.111472 2662.792602 0.430717 0.804266 -0.409439 -0.461903 -0.193300 -0.865610 0.775325 -0.561954 -0.288235
-0.864219 -73.821483 -1334.170631 2025.371335 0.428856 0.815130 -0.389418 -0.342193 -0.252367 -0.905105 0.836054 -0.521416 -0.170703
-17.685167 -33.374174 -431.718721 707.712818 -0.475559 -0.515562 -0.712769 0.677572 0.302061 -0.670563 0.561017 -0.801845 0.205683
-17.041485 -34.591490 -1809.218492 358.716513 -0.541356 -0.607245 -0.581539 0.626601 0.169805 -0.760616 0.560629 -0.776157 0.288575
-20.766741 -34.282852 -978.369091 115.950115 -0.511171 -0.542280 -0.666811 0.714995 0.162236 -0.680045 0.476956 -0.824386 0.304798
-13.678011 -32.952434 -1574.192594 520.203245 -0.512360 -0.596541 -0.617759 0.578387 0.292026 -0.761702 0.634788 -0.747569 0.195410
-29.893653 -139.431373 -6058.187102 27739.714348 -0.389587 0.878145 0.277638 0.801358 0.471790 -0.367749 0.453924 -0.079218 0.887512
-24.085827 -108.795043 199.044485 -8909.864073 0.838200 -0.314301 -0.445686 0.272987 0.949280 -0.156033 0.472122 0.009120 0.881486
13.695530 -194.057607 -725.341746 -34159.413910 -0.706875 0.004616 0.707324 0.362818 0.860776 0.356970 -0.607199 0.508963 -0.610136
10.867907 -270.483811 51.132500 -67113.809610 -0.683428 0.016816 0.729824 0.198273 0.966430 0.163401 -0.702577 0.256378 -0.663820
8.758048 -194.904812 -1758.538930 -36284.136260 -0.686838 0.038265 0.725803 0.101928 0.993816 0.044061 -0.719628 0.104242 -0.686490
-4.094142 -58.843253 -68.666464 -5058.849006 0.475741 0.141140 0.868188 -0.265358 0.964083 -0.011322 -0.838603 -0.224995 0.496106
-2.135911 -58.314352 12.646820 -3839.826161 0.467851 0.147465 0.871418 -0.333935 0.942388 0.019810 -0.818293 -0.300265 0.490141
-5.091369 -57.088089 -178.191391 -6370.883176 0.494964 0.113941 0.861411 -0.265379 0.963820 0.024999 -0.827397 -0.240973 0.507294
31.454473 -75.522209 -2940.229404 3210.010376 0.608942 0.521423 0.597753 0.738380 -0.647939 -0.187001 0.289801 0.555241 -0.779566
42.004002 -75.755826 3643.859382 -2986.635199 -0.646807 -0.442261 -0.621325 -0.602343 0.795942 0.060492 0.467786 0.413377 -0.781214
35.956812 -75.785054 -3649.360066 254.582284 0.512664 0.544890 0.663528 0.843510 -0.463843 -0.270816 0.160208 0.698530 -0.697416
9.379138 -29.444312 -3546.366942 -3056.499971 -0.127447 -0.153510 -0.979894 0.112354 0.979357 -0.168038 0.985461 -0.131511 -0.107568
20.621878 -40.449122 -5280.180081 -4127.199800 -0.134157 -0.154323 -0.978870 0.047305 0.985676 -0.161880 0.989830 -0.068022 -0.124935
0.638169 -19.589265 -3286.952224 -3763.977386 -0.161791 -0.236806 -0.957991 0.184512 0.946402 -0.265103 0.969422 -0.219652 -0.109425
63.442715 -65.297743 -898.164962 8667.241660 0.379099 0.912899 -0.151325 0.925012 -0.369393 0.088894 0.025253 -0.173677 -0.984479
47.312584 -45.318654 -1286.350950 1489.533656 0.297486 0.931851 -0.207738 0.948279 -0.263153 0.177533 0.110768 -0.249807 -0.961939
35.464252 -36.661740 -1341.877061 449.665604 0.277681 0.947818 -0.156636 -0.929950 0.224298 -0.291349 0.241013 -0.226566 -0.943706
3.442552 -38.673886 -118.507351 -1212.354010 0.898440 -0.224973 0.377084 0.344211 0.894042 -0.286720 0.272624 -0.387397 -0.880681
2.656342 -39.927838 111.014907 -1040.015712 0.876689 -0.290064 0.383769 0.396598 0.887314 -0.235337 0.272261 -0.358519 -0.892938
6.358875 -35.578777 335.367497 916.501676 0.851723 -0.357816 0.382799 0.467182 0.849389 -0.245521 0.237294 -0.387952 -0.890609
4.712646 -34.727518 -61.074288 747.500703 0.889331 -0.264201 0.373215 0.386802 0.869964 -0.305856 0.243876 -0.416367 -0.875879
3.073633 -41.009391 428.203800 -841.562445 0.831140 -0.391760 0.394626 0.481933 0.861521 -0.159756 0.277393 -0.322963 -0.904847
-3.934137 -49.308836 874.533853 -456.914372 0.832655 -0.224933 0.506055 0.487306 -0.136532 -0.862492 -0.263095 -0.964761 0.004073
1.807795 -48.319110 1639.518751 820.844001 0.870999 -0.210486 0.443911 0.448577 -0.027755 -0.893313 -0.200350 -0.977203 -0.070244
7.842643 -71.429998 -149.196307 -3638.842253 -0.801940 0.001369 -0.597403 -0.164737 0.960719 0.223342 0.574242 0.277521 -0.770213
6.799448 -74.345740 306.930322 -820.255982 -0.792901 -0.024255 -0.608867 -0.298592 0.886488 0.353528 0.531179 0.462115 -0.710140
5.977752 -70.268013 -111.795327 -479.198812 -0.805393 -0.015906 -0.592528 -0.294459 0.878303 0.376666 0.514428 0.477839 -0.712063
7.717848 -68.250750 249.438021 -1591.390547 -0.831431 0.006793 -0.555586 -0.178122 0.943893 0.278099 0.526303 0.330183 -0.783572
8.139093 -65.573968 224.206208 -2935.153725 -0.832156 0.039585 -0.553128 -0.017589 0.995063 0.097674 0.554263 0.091008 -0.827351
-8.916961 -69.621585 27.788333 533.603382 -0.766456 0.158864 -0.622340 -0.052889 0.950029 0.307649 0.640116 0.268714 -0.719753
-9.379175 -72.811308 -747.054845 2342.288022 -0.747711 0.135389 -0.650075 -0.012862 0.975857 0.218032 0.663899 0.171386 -0.727918
-9.368045 -75.333766 441.555637 1336.197691 -0.772857 0.137477 -0.619509 0.074400 0.989148 0.126689 0.630204 0.051821 -0.774699
-9.303139 -73.354732 468.747398 970.932022 -0.786576 0.152015 -0.598490 0.071067 0.985069 0.156804 0.613391 0.080806 -0.785635
-8.727824 -69.714944 -180.123071 86.994527 -0.779725 0.168791 -0.602942 -0.033379 0.950402 0.309227 0.625232 0.261238 -0.735418
1.268438 -85.181762 -170.653463 -1577.453411 0.728252 -0.222908 0.648044 -0.496085 -0.823875 0.274096 -0.472809 0.521096 0.710570
2.464583 -87.588480 -92.376639 -492.297924 0.729302 -0.236327 0.642081 -0.504259 -0.819938 0.270969 -0.462429 0.521393 0.717153
-6.743134 -22.825921 -2619.425352 -1245.618241 0.032491 0.600120 -0.799250 -0.708492 -0.550213 -0.441932 0.704970 -0.580621 -0.407304
-6.276788 -26.245566 -2997.153915 -1460.240834 0.072262 0.630920 -0.772475 -0.754077 -0.472358 -0.456340 0.652799 -0.615482 -0.441629
444.119864 -6.516718 -113628.259435 -2113.296349 -0.094597 0.360074 -0.928116 0.739655 -0.598570 -0.307610 -0.666304 -0.715585 -0.209708
155.623369 2.736607 -34651.690895 -3231.957865 -0.169530 0.435298 -0.884181 0.743585 -0.532306 -0.404637 -0.646792 -0.726062 -0.233439
368.687834 5.988454 -108808.102292 -4765.268621 -0.070442 0.316202 -0.946073 0.746495 -0.612382 -0.260256 -0.661652 -0.724572 -0.192906
-7.794095 -38.936142 -323.952897 -2040.174005 0.744862 -0.207247 0.634216 0.423803 -0.587204 -0.689625 -0.515337 -0.782458 0.349553
-8.116129 -38.327805 106.257388 -2069.996465 0.765003 -0.182298 0.617688 0.430505 -0.568584 -0.700984 -0.478995 -0.802172 0.356488
9.879582 -38.927583 1097.251067 188.956740 -0.782443 -0.263153 -0.564388 -0.069260 0.937475 -0.341091 0.618859 -0.227795 -0.751747
10.430149 -38.729293 2081.668844 -482.245040 -0.808626 -0.268020 -0.523726 -0.134727 0.950906 -0.278616 0.572689 -0.154736 -0.805037
7.659923 -39.164585 1921.988148 -387.502328 -0.809939 -0.271101 -0.520099 -0.091268 0.934217 -0.344831 0.579369 -0.231823 -0.781402
7.075075 -38.984217 1147.808704 475.528092 -0.798523 -0.245709 -0.549535 -0.006647 0.916445 -0.400104 0.601928 -0.315840 -0.733436
-2.235698 -121.651024 737.587820 3965.486932 0.041126 0.562455 -0.825805 0.759220 0.519705 0.391780 -0.649534 0.643080 0.405653
-2.686235 -118.319039 -833.551220 -3107.221709 0.015901 -0.541196 0.840746 0.894871 0.382805 0.229491 -0.446041 0.748710 0.490388
-0.300854 -126.058161 -840.972919 -5258.721407 0.007611 -0.531744 0.846871 0.868180 0.423748 0.258266 -0.496191 0.733271 0.464875
-1.470049 -139.318672 -1294.054969 -10392.996734 0.068737 -0.513327 0.855436 0.972052 0.227399 0.058349 -0.224477 0.827518 0.514611
532.760859 -7114.650216 -61916.231718 -2262062.876188 -0.092165 -0.232081 0.968320 -0.205571 0.955945 0.209549 -0.974293 -0.179745 -0.135813
23.940052 -318.402862 1396.207670 -100376.241193 -0.022068 0.723703 -0.689759 -0.624459 0.528811 0.574813 -0.780746 -0.443411 -0.440253
-15.462868 -58.091834 15682.641990 -22642.930377 -0.115227 -0.289373 0.950256 -0.623359 0.765881 0.157639 -0.773399 -0.574187 -0.268633
8.978719 -173.286535 15260.206805 -65406.697636 0.003355 -0.570075 0.821586 -0.616548 0.645671 0.450531 -0.787310 -0.508058 -0.349312
12.318660 -40.652410 4157.404327 2336.230227 0.823608 -0.204137 0.529148 -0.559199 -0.136523 0.817715 0.094685 0.969376 0.226595
2.688522 -42.193594 1746.491357 644.465283 0.863572 -0.174938 0.472906 -0.485642 -0.036294 0.873404 0.135628 0.983910 0.116300
5.075372 -40.044784 2842.160877 1541.729652 0.858778 -0.191396 0.475255 -0.508263 -0.201351 0.837333 0.064569 0.960638 0.270195
20.533117 -35.715483 4899.666800 1148.388309 0.793621 -0.204829 0.572896 -0.607641 -0.219450 0.763292 0.030622 0.953880 0.298622
22.214550 -37.450969 5419.677735 1898.443522 0.789008 -0.190092 0.584235 -0.612300 -0.165070 0.773201 0.050540 0.967790 0.246635
-105.668487 -2537.240605 -3978.804105 946745.132649 -0.423508 0.841382 0.335734 0.825221 0.205436 0.526124 0.373699 0.499872 -0.781330
-66.536617 -5988.159121 41462.408281 -2217549.169118 -0.666184 0.569612 0.481394 0.734127 0.614555 0.288757 -0.131364 0.545770 -0.827574
-101.243448 -839.016320 58494.373129 -15211.613658 -0.556267 0.423525 0.714978 0.827038 0.366103 0.426586 -0.081086 0.828610 -0.553922
