17194
34378
-44.245290 -69.405959 298.716508 6374.272834 0.172450 0.979606 -0.103113 0.800791 -0.200383 -0.564430 0.573581 -0.014764 0.819016
-43.264506 -69.290480 -48.928979 9650.146014 -0.003783 0.992569 0.121622 0.780043 0.079031 -0.620714 0.625714 -0.092523 0.774546
-38.170685 -56.060424 1131.152191 6263.813248 0.300737 0.929757 -0.212387 0.667293 -0.364243 -0.649651 0.681379 -0.053649 0.729962
-34.360320 -50.731069 526.149721 6344.530064 0.280484 0.953534 -0.110010 0.631078 -0.269551 -0.727380 0.723235 -0.134594 0.677360
-37.716994 -55.201433 212.615225 4650.222377 0.376077 0.840626 -0.389761 0.613411 -0.541137 -0.575237 0.694473 0.022750 0.719159
-30.613022 -46.922358 1849.222225 3553.980502 0.452839 0.787124 -0.418775 0.498529 -0.612944 -0.613000 0.739192 -0.068819 0.669969
-3.245621 -26.247285 7093.860753 10315.848676 0.426284 0.770484 -0.473958 0.055841 -0.545363 -0.836338 0.902864 -0.330051 0.275504
22.534720 -17.203660 13560.563652 -1616.963419 0.404144 0.417595 -0.813807 0.168410 0.840522 0.514938 0.899058 -0.345162 0.269365
4.373361 -20.369505 7407.779280 8473.099913 0.421792 0.687159 -0.591527 0.010194 -0.655953 -0.754733 0.906635 -0.312310 0.283680
-4.221958 -37.734841 5590.357784 9818.086874 0.371545 0.891138 -0.260438 0.239066 -0.362891 -0.900643 0.897107 -0.272367 0.347871
-13.418677 -35.263593 9236.914547 -1914.306219 0.179213 0.973202 0.144083 0.759758 -0.043864 -0.648725 0.625021 -0.225728 0.747259
-1.103899 -37.943479 9559.619714 -1052.106578 0.069039 0.973383 0.218538 0.743209 0.095948 -0.662144 0.665488 -0.208133 0.716803
11.375162 -33.783287 13112.547769 -2626.431893 0.062789 0.974306 0.216300 0.803973 0.079035 -0.589390 0.591341 -0.210907 0.778353
-10.523205 -30.113327 10926.633739 -3787.818746 0.184166 0.973908 0.132610 0.812272 -0.074836 -0.578458 0.553441 -0.214248 0.804861
7.126946 -51.446112 7144.093510 1148.909301 -0.205282 0.906363 -0.369277 -0.771916 0.082016 0.630412 -0.601669 -0.414463 -0.682799
-5.830290 -79.922314 4043.274789 14341.784360 -0.087350 0.880613 -0.465715 -0.829586 0.194516 0.523404 -0.551505 -0.432070 -0.713553
-7.111415 -55.532146 2479.456535 1524.571753 -0.245123 0.898039 -0.365294 -0.731470 0.075980 0.677627 -0.636291 -0.433304 -0.638264
7.191506 -56.403124 6675.960265 -6753.967585 -0.283796 0.903255 -0.321853 -0.689646 0.040938 0.722988 -0.666219 -0.427146 -0.611309
-4.313295 -62.772639 1846.728598 -5744.177934 -0.299335 0.894529 -0.331987 -0.639081 0.070398 0.765911 -0.708501 -0.441431 -0.550604
107.653707 -36.273091 -6472.099187 282.460940 -0.047608 0.993894 -0.099536 0.838277 0.093942 0.537091 -0.543162 0.057868 0.837631
129.242033 -33.963788 -31761.032518 -2579.051017 -0.204949 0.977387 0.052061 0.809047 0.139234 0.571015 -0.550854 -0.159149 0.819287
118.190945 -30.821487 14092.235411 -1746.719406 0.059615 0.962096 -0.266115 0.792785 0.116363 0.598291 -0.606579 0.246639 0.755798
117.539475 -38.347872 34299.274695 44.554582 0.222625 0.881754 -0.415870 0.823437 0.058295 0.564405 -0.521909 0.468094 0.713091
83.135202 -37.406588 18162.353942 -3323.096780 0.098284 0.955607 -0.277768 0.865004 0.055973 0.498634 -0.492045 0.289278 0.821103
7.206016 -63.275362 1497.164319 -10263.987781 0.445684 0.828182 -0.339824 0.891138 -0.446535 0.080493 -0.085080 -0.338705 -0.937038
0.625460 -62.199628 -933.497554 -7239.397621 0.473825 0.793143 -0.382641 0.879260 -0.450233 0.155539 -0.048913 -0.410139 -0.910710
5.877807 -57.463682 1678.913340 -8545.560160 0.449648 0.823464 -0.346012 0.883706 -0.466479 0.038229 -0.129927 -0.322962 -0.937451
17.635486 -49.160779 5657.747149 -3574.010745 0.320153 0.885100 -0.337786 0.935714 -0.351182 -0.033333 -0.148128 -0.305400 -0.940632
14.122104 -52.631412 3431.712284 -9111.689309 0.360372 0.858509 -0.364822 0.924302 -0.381341 0.015648 -0.125687 -0.342844 -0.930946
0.885464 -56.439405 95.586911 -911.763940 0.531880 0.835467 -0.138196 0.804479 -0.549470 -0.225604 0.264419 -0.008818 0.964368
1.237534 -61.317001 108.838237 -5644.295876 0.548143 0.823865 -0.144169 0.785571 -0.566301 -0.249363 0.287085 -0.023432 0.957619
1.634205 -55.534248 593.259957 -1239.348272 0.526933 0.837925 -0.142207 0.808830 -0.545785 -0.218888 0.261026 -0.000318 0.965332
0.695905 -58.228806 288.137883 93.138411 0.514533 0.845827 -0.140828 0.818068 -0.533437 -0.214963 0.256944 0.004601 0.966415
-1.398400 -124.784492 -2335.598183 6925.734023 -0.208825 -0.934861 -0.287101 0.977444 -0.190046 -0.092123 0.031560 -0.299862 0.953460
-1.019956 -120.273877 -829.339761 11696.464661 -0.235917 -0.924930 -0.298074 0.946904 -0.149850 -0.284460 0.218439 -0.349356 0.911172
0.309324 -128.775484 31.369670 8307.636207 -0.198616 -0.932056 -0.303025 0.978980 -0.203301 -0.016345 -0.046371 -0.299901 0.952843
0.025183 -132.229263 -1239.247385 4055.059181 -0.190313 -0.934129 -0.301966 0.966750 -0.231842 0.107910 -0.170810 -0.271389 0.947192
-0.794112 -118.869502 1975.972767 8825.139262 -0.204083 -0.919411 -0.336203 0.977842 -0.175092 -0.114749 0.046635 -0.352172 0.934773
-0.260163 -128.910000 2038.796859 3498.769899 -0.171413 -0.925289 -0.338316 0.953831 -0.241827 0.178121 -0.246627 -0.292164 0.924021
4.962769 -60.381272 -1015.273362 4074.883028 0.298414 0.919871 -0.254532 -0.602962 0.388420 0.696826 -0.739855 0.054469 -0.670558
5.952662 -66.440632 -1321.316130 3772.725720 0.321627 0.905222 -0.277722 -0.687408 0.424937 0.588981 -0.651173 -0.001476 -0.758928
5.885683 -68.967081 -1646.866477 4260.386042 0.309442 0.913991 -0.262422 -0.692624 0.405724 0.596372 -0.651550 0.002783 -0.758601
-27.599882 -31.754210 1578.465773 1498.337010 -0.383558 0.894969 0.227846 -0.251222 0.136299 -0.958285 0.888690 0.424798 -0.172557
-24.753589 -26.360975 3854.649085 -442.985239 -0.517402 0.678129 -0.521955 0.096354 -0.559899 -0.822939 0.850301 0.476083 -0.224353
-23.912005 -28.706375 1819.988845 1861.475136 -0.428365 0.849903 0.306867 -0.271257 0.202989 -0.940859 0.861929 0.486271 -0.143589
-26.004511 -29.033705 4694.514389 459.626590 -0.424947 0.438445 -0.791951 -0.213164 0.801802 0.558279 0.879762 0.406054 -0.247263
-25.884323 -34.385151 1764.140437 -393.415176 -0.357299 0.854124 0.377901 -0.229868 0.311747 -0.921941 0.905261 0.416276 -0.084949
-30.533962 -32.531574 1465.745341 1191.562110 -0.322951 0.924339 0.203227 -0.236505 0.129099 -0.963015 0.916389 0.359071 -0.176919
3.751225 -44.005737 -4436.295750 -1866.428337 -0.506126 0.833178 0.222826 0.617349 0.169571 0.768197 -0.602260 -0.526366 0.600185
4.579704 -36.743196 -4590.689445 -3136.518663 -0.499849 0.837370 0.221275 0.535437 0.097944 0.838877 -0.680777 -0.537791 0.497316
11.273863 -42.074576 -5665.177922 -1737.064164 -0.515511 0.833038 0.200738 0.581266 0.167842 0.796215 -0.629585 -0.527140 0.570741
19.206544 -41.953542 -3613.085085 -1134.938828 -0.491803 0.855843 0.160193 0.607855 0.205748 0.766929 -0.623412 -0.474552 0.621416
12.141955 -43.994736 -4906.569997 -234.859688 -0.518717 0.831822 0.197497 0.654142 0.237411 0.718146 -0.550482 -0.501706 0.667279
0.153526 -103.758099 1615.009129 -6279.938088 -0.214753 0.828823 -0.516656 -0.143141 0.496577 0.856109 -0.966122 -0.257807 -0.011997
-2.208192 -94.883946 887.089226 -4353.491714 -0.228526 0.822864 -0.520260 -0.263020 0.462343 0.846794 -0.937335 -0.330353 -0.110773
-2.554642 -106.928411 398.122354 -6330.316391 -0.235416 0.823436 -0.516268 -0.087168 0.511167 0.855049 -0.967978 -0.246295 0.048560
3.834014 -73.712124 -504.918769 -668.664649 0.596597 0.780867 -0.185254 0.568249 -0.574023 -0.589567 0.566714 -0.246464 0.786188
2.296371 -71.006202 -852.508934 -907.240299 0.612912 0.769812 -0.178125 0.555674 -0.580205 -0.595473 0.561751 -0.265993 0.783379
2.183348 -67.986662 -328.884832 674.360855 0.587226 0.791959 -0.167230 0.633305 -0.578206 -0.514396 0.504074 -0.196159 0.841089
0.753753 -40.418882 -2346.692150 -3037.973261 0.776392 0.621303 -0.105821 0.571362 -0.622990 0.534255 -0.266009 0.475254 0.838674
2.817013 -34.868453 1225.066619 1716.807631 0.759705 0.637475 -0.128353 0.596952 -0.605419 0.526419 -0.257871 0.476544 0.840481
1.136608 -49.391404 -1085.145736 7976.663707 0.711620 0.688215 -0.141267 0.639677 -0.551538 0.535369 -0.290534 0.471345 0.832721
-3.038077 -96.913291 -1319.730494 8826.302845 0.284332 -0.557313 0.780101 0.168099 0.830060 0.531735 -0.943874 -0.020056 0.329697
-0.333498 -89.497004 -2122.874104 11089.164712 0.278959 -0.523178 0.805274 0.224476 0.850856 0.475031 -0.933698 0.048251 0.354795
-0.003419 -101.588226 -1558.750626 9566.692924 0.282465 -0.538978 0.793547 0.065886 0.836180 0.544483 -0.957012 -0.101514 0.271703
-1.059925 -117.014714 -1343.316442 11469.021817 0.288304 -0.571395 0.768368 -0.045046 0.793458 0.606955 -0.956479 -0.209599 0.203019
-4.933414 -101.757647 -822.755394 6714.103097 0.285921 -0.587494 0.757033 0.123071 0.805985 0.579001 -0.950317 -0.072380 0.302752
-30.087159 -49.158883 -3629.783581 592.785798 -0.319615 0.932360 -0.168971 0.851973 0.204723 -0.481903 0.414715 0.297982 0.859778
-29.425007 -47.962478 -2325.537357 1409.085456 -0.331832 0.922039 -0.199327 0.802587 0.164909 -0.573287 0.495722 0.350212 0.794739
-31.458787 -47.661772 -602.383196 1223.008886 -0.322110 0.910817 -0.258182 0.853079 0.161003 -0.496321 0.410489 0.380119 0.828859
-14.029078 -59.798290 27101.992187 43496.274074 -0.553323 0.814821 -0.172917 -0.537815 -0.190955 0.821152 -0.636073 -0.547359 -0.543883
17.846917 -81.157484 -12614.996282 -53926.145765 0.627957 -0.759264 0.170843 0.483663 0.208761 -0.849993 -0.609704 -0.616390 -0.498322
14.992102 -389.511438 -8155.613739 200157.411437 -0.290061 0.799883 -0.525407 -0.721038 0.178330 0.669554 -0.629260 -0.573050 -0.525019
-11.725086 -253.376824 2127.805110 127560.307695 -0.262417 0.795290 -0.546490 -0.738501 0.199000 0.644217 -0.621091 -0.572637 -0.535101
-5.346818 -46.820284 31906.820977 18524.520936 -0.803300 0.538628 0.254143 0.188626 0.634842 -0.749263 -0.564915 -0.553945 -0.611568
4.897253 -10.582128 1412.383008 -4899.442283 -0.202407 0.973289 -0.108352 0.593981 0.209979 0.776592 -0.778600 -0.092829 0.620616
9.769374 -17.995898 3809.336860 -5612.506693 -0.209698 0.972061 -0.105472 0.612919 0.214729 0.760409 -0.761812 -0.094811 0.640823
18.206592 -14.602372 9338.506680 -4959.744120 -0.096486 0.994871 -0.030371 0.595594 0.082157 0.799073 -0.797470 -0.059011 0.600466
8.562847 -7.583220 3099.304623 -2300.046483 -0.075764 0.996889 0.021738 0.616587 0.029706 0.786726 -0.783633 -0.073009 0.616920
11.610299 -32.157239 2702.302964 758.564500 0.096272 -0.047186 -0.994236 -0.108855 0.992385 -0.057639 0.989385 0.113776 0.090403
16.152498 -31.386904 2053.293050 907.535355 0.126958 -0.177393 -0.975917 -0.035239 0.982450 -0.183165 0.991282 0.057644 0.118479
10.375164 -29.288777 1936.673133 3.395590 0.148528 -0.186856 -0.971094 -0.101616 0.973905 -0.202939 0.983674 0.128821 0.125665
15.644092 -36.801697 774.359354 879.593951 0.074283 0.028820 -0.996821 -0.056708 0.998087 0.024631 0.995624 0.054699 0.075775
5.580710 -30.912718 1834.086305 -22.868987 0.103996 -0.006548 -0.994556 -0.167704 0.985545 -0.024025 0.980337 0.169290 0.101395
7.287860 -35.738639 826.947106 709.985482 0.066505 0.110813 -0.991614 -0.153000 0.983193 0.099610 0.985986 0.145092 0.082341
2.809499 -51.432154 286.995756 -2298.485990 0.535019 0.835894 -0.122622 0.782802 -0.545074 -0.300192 0.317767 -0.064620 0.945964
2.108057 -51.905284 507.869614 -1014.297957 0.543712 0.829123 -0.130122 0.718924 -0.540111 -0.437525 0.433043 -0.144340 0.889741
3.006259 -49.784961 295.289001 -1687.883950 0.549127 0.826947 -0.120907 0.725306 -0.543426 -0.422635 0.415201 -0.144386 0.898199
1.281077 -55.766633 823.122983 -737.829531 0.568917 0.808378 -0.151188 0.640874 -0.550996 -0.534494 0.515377 -0.207190 0.831540
-4.440588 -88.533256 449.486012 -474.613898 0.278596 0.919426 0.277560 0.810727 -0.070204 -0.581200 0.514885 -0.386945 0.764962
-5.920159 -90.895697 302.964906 -3309.953739 0.295888 0.918038 0.263927 0.687514 -0.012855 -0.726057 0.663155 -0.396285 0.634967
-6.657666 -90.568273 -3359.796161 -2303.831503 0.293879 0.904747 0.308330 0.768293 -0.031683 -0.639314 0.568649 -0.424769 0.704421
-3.786501 -93.597246 -1407.148930 2684.007198 0.252395 0.915235 0.314072 0.877135 -0.079352 -0.473643 0.408572 -0.395028 0.822813
-24.287735 -403.267670 7174.064438 183268.476459 0.215721 -0.021927 -0.976209 0.947362 -0.237524 0.214681 -0.236580 -0.971134 -0.030466
1.158546 -85.744578 26893.858339 26169.389948 0.952085 -0.161034 0.260003 0.250572 -0.076695 -0.965055 -0.175348 -0.983964 0.032670
-76.423062 -311.411782 15573.668735 139924.288899 0.115201 -0.107195 -0.987541 0.963170 -0.231110 0.137444 -0.242964 -0.967004 0.076623
-6.074953 -594.558288 10774.303302 -228596.748820 0.120373 0.958043 0.260124 -0.235066 0.282084 -0.930146 0.964497 -0.050819 -0.259159
17.278890 -631.887519 85.073751 -231220.438720 0.166340 0.951987 0.257005 -0.375640 0.302160 -0.876124 0.911716 -0.049193 -0.407866
13.103283 -164.566186 2886.389293 -51223.207307 0.145137 0.967269 0.208148 -0.243721 0.238844 -0.939975 0.958924 -0.085695 -0.270409
13.571276 -117.774438 1363.678731 -19541.441325 0.165297 0.968852 0.184397 -0.184351 0.214026 -0.959275 0.968861 -0.124571 -0.213986
-2.248105 -17.621774 1054.140186 -3628.804785 0.334559 -0.038016 0.941608 0.859964 -0.396316 -0.321552 0.385398 0.917327 -0.099898
5.453242 -9.188499 13209.224227 -840.398961 -0.642641 0.319486 0.696377 0.681601 -0.176693 0.710070 0.349903 0.930971 -0.104212
-1.729317 -17.364935 93.060351 7919.934724 0.742052 -0.197136 0.640699 -0.566779 0.325842 0.756696 0.357939 0.924643 -0.130060
-34.055891 -58.006698 -1937.916838 1267.918941 -0.056654 0.145907 0.987675 0.900299 0.435089 -0.012633 -0.431569 0.888487 -0.156009
-34.265691 -58.187354 442.221097 636.305826 -0.070071 0.137927 0.987961 0.844146 0.535905 -0.014945 -0.531515 0.832936 -0.153982
-35.593567 -58.043891 -109.494143 -729.689680 -0.048810 0.082785 0.995371 0.821804 0.569727 -0.007085 -0.567676 0.817654 -0.095841
-35.803512 -57.846180 808.261681 -1429.153560 -0.033446 0.044564 0.998446 0.751040 0.660243 -0.004311 -0.659410 0.749729 -0.055552
-38.060327 -59.284193 -726.273395 -626.122459 0.021847 0.009370 0.999717 0.816822 0.576421 -0.023252 -0.576476 0.817099 0.004940
-34.905112 -58.617196 -1722.285639 -189.053946 -0.036986 0.068417 0.996971 0.888578 0.458724 0.001485 -0.457233 0.885941 -0.077760
-12.445606 -56.992933 7918.463552 -3426.763574 0.093496 0.995455 -0.018100 -0.354961 0.050313 0.933526 -0.930194 0.080856 -0.358052
-26.666948 -53.007496 6844.047766 -3047.857002 0.133169 0.973783 -0.184425 -0.444063 0.224983 0.867289 -0.886044 0.033600 -0.462381
-27.643801 -59.191064 6908.008230 -1984.937725 0.076497 0.987012 -0.141264 -0.342905 0.159079 0.925802 -0.936250 0.022381 -0.350621
-42.365402 -63.514975 4459.220638 -408.214687 0.055547 0.935445 -0.349080 -0.333938 0.346892 0.876443 -0.940957 -0.067888 -0.331650
-29.221444 -63.616956 6211.029531 -669.365203 0.040098 0.989913 -0.135882 -0.225848 0.141451 0.963838 -0.973337 0.007960 -0.229242
-15.299753 -61.405952 8370.210024 -1794.834021 0.082099 0.996028 -0.034458 -0.252911 0.054265 0.965967 -0.964000 0.070590 -0.256361
12.896764 -4.219114 -4169.577362 -1413.292685 -0.351997 0.039289 -0.935176 -0.605851 0.752021 0.259634 0.713473 0.657967 -0.240905
8.446140 -1.137900 -3364.477867 -774.318698 -0.241294 -0.079440 -0.967195 -0.655477 0.748286 0.102067 0.715631 0.658602 -0.232629
3.191585 -6.612675 -2418.870253 -2127.810483 -0.143687 -0.187009 -0.971793 -0.680827 0.731347 -0.040072 0.718212 0.655865 -0.232406
9.488152 -7.642618 -3902.531099 -2432.882876 -0.315907 0.000772 -0.948790 -0.626205 0.751093 0.209111 0.712790 0.660196 -0.236792
0.832149 -10.202609 -2423.085898 -2713.174183 -0.140927 -0.189771 -0.971662 -0.690153 0.722500 -0.041011 0.709808 0.664816 -0.232791
-3.671104 -13.369373 402.312695 -3865.904335 0.192665 -0.502058 -0.843100 -0.677809 0.553189 -0.484311 0.709546 0.664770 -0.233720
-1.471068 -18.002595 -906.926655 825.194764 0.033879 -0.334678 -0.941724 -0.699000 0.665529 -0.261668 0.714319 0.667129 -0.211392
-5.187145 -20.122993 -1956.941910 678.620364 0.053686 -0.355673 -0.933067 -0.683176 0.668414 -0.294099 0.728278 0.653238 -0.207103
-4.548615 -18.072388 -1852.472690 708.367246 0.099522 -0.395700 -0.912972 -0.704275 0.620150 -0.345558 0.702916 0.677374 -0.216963
-0.802858 -19.751096 -643.487578 701.118158 -0.025494 -0.282849 -0.958826 -0.661479 0.723909 -0.195962 0.749530 0.629247 -0.205554
-2.666671 -14.407170 1291.921996 -964.717348 -0.141488 0.429618 0.891857 0.717884 -0.575810 0.391262 0.681633 0.695609 -0.226946
-0.366176 -15.778130 -64.431060 1112.513519 0.040004 -0.353164 -0.934706 -0.705461 0.652493 -0.276727 0.707619 0.670468 -0.223041
-0.136448 -59.180890 577.332402 -6500.978159 -0.418378 0.880195 -0.224091 -0.874286 -0.457133 -0.163258 0.246138 -0.127616 -0.960797
0.724256 -59.704251 -324.011048 -4240.227985 -0.463441 0.849740 -0.251324 -0.853914 -0.504033 -0.129545 0.236755 -0.154573 -0.959195
-2.539015 -54.792611 96.005050 -3143.067320 -0.438280 0.868746 -0.230631 0.895152 0.445085 -0.024546 0.081326 -0.217208 -0.972732
11.392550 -54.466446 -385.532090 5005.296096 -0.359467 0.906392 -0.221893 -0.343154 -0.349523 -0.871825 0.867772 0.237249 -0.436674
9.381629 -56.239177 -424.592421 -70.082585 -0.381895 0.894275 -0.233297 -0.366352 -0.378230 -0.850134 0.848494 0.239193 -0.472064
9.021565 -56.913313 -363.369446 -254.120037 -0.355152 0.908650 -0.219596 -0.383963 -0.355972 -0.851972 0.852314 0.218263 -0.475312
10.448773 -54.178815 -624.132789 4292.573810 -0.381431 0.893896 -0.235499 -0.331439 -0.370069 -0.867869 0.862936 0.252978 -0.437428
12.519687 -51.360750 -636.238181 1479.577174 -0.366477 0.895469 -0.252644 -0.228266 -0.349768 -0.908602 0.901992 0.275312 -0.332587
7.990471 -68.445463 -1146.265835 -2255.327507 -0.439372 0.885714 -0.149879 -0.696260 -0.441200 -0.566184 0.567604 0.144410 -0.810538
9.235870 -72.462859 -837.067556 2862.531545 -0.451197 0.881359 -0.140099 -0.655021 -0.433684 -0.618761 0.606110 0.187415 -0.772986
11.509749 -70.950688 -1731.158385 -2518.618280 -0.448182 0.883654 -0.135237 -0.728329 -0.448666 -0.517915 0.518333 0.133624 -0.844675
-7.955502 -84.833550 1661.473403 -4233.846385 -0.555003 0.823837 0.115173 0.794351 0.483779 0.367374 0.246938 0.295382 -0.922915
-7.513812 -78.824139 1430.882263 -2717.196556 -0.548842 0.827705 0.116944 0.824896 0.513624 0.236086 0.135344 0.226040 -0.964670
-6.862664 -79.191058 2670.957227 -2822.897088 -0.553165 0.822053 0.135046 0.827333 0.523094 0.204676 0.097613 0.224947 -0.969469
-4.940835 -83.908125 208.822493 -3565.933762 -0.573009 0.811118 0.117251 0.801740 0.525128 0.285400 0.169921 0.257542 -0.951209
-7.223223 -87.525048 1133.113890 -3673.387933 -0.570487 0.813017 0.116399 0.774405 0.485271 0.405967 0.273573 0.321739 -0.906445
2.248351 -54.683559 510.678882 1550.862657 0.660420 -0.746076 -0.084949 0.663218 0.526510 0.531910 -0.352119 -0.407624 0.842529
1.690272 -55.451221 37.449712 -682.659830 0.665839 -0.742006 -0.078012 0.692694 0.575948 0.434119 -0.277188 -0.343092 0.897471
1.182254 -56.314028 688.918582 -450.685413 0.665731 -0.742371 -0.075415 0.690530 0.574615 0.439302 -0.282790 -0.344533 0.895168
1.476526 -57.874334 484.883501 -1897.504839 0.658626 -0.748674 -0.075494 0.730070 0.611498 0.305070 -0.182234 -0.256043 0.949333
1.903130 -56.048470 260.462030 -1137.384741 0.657482 -0.749701 -0.075268 -0.650393 -0.514264 -0.559036 -0.380402 -0.416510 0.825720
-8.691076 -44.280806 -1045.983297 3109.469812 -0.640015 -0.340000 0.689044 -0.363843 0.923961 0.117963 -0.676757 -0.175205 -0.715055
-11.119613 -43.714729 -2442.256072 3349.607437 -0.598657 -0.428331 0.676862 -0.383087 0.895213 0.227682 -0.703459 -0.122993 -0.700013
-7.887713 -35.739089 -742.690744 2707.091600 -0.582589 -0.485835 0.651578 -0.401355 0.869083 0.289153 -0.706756 -0.093057 -0.701311
-8.592165 -33.437350 951.413847 2561.299798 -0.629034 -0.394920 0.669592 -0.367909 0.910014 0.191095 -0.684806 -0.126144 -0.717725
-7.846192 -39.793290 599.617959 2191.624190 -0.685556 -0.245126 0.685511 -0.320865 0.946959 0.017729 -0.653497 -0.207803 -0.727846
1.639776 -85.748051 833.566401 -2772.873495 -0.465430 0.883986 -0.044081 0.570781 0.261714 -0.778277 0.676449 0.387394 0.626372
2.986820 -78.907812 638.799657 -2691.013881 -0.477831 0.878184 -0.021682 0.650783 0.337305 -0.680226 0.590050 0.339143 0.732682
2.344595 -81.761242 -112.783889 -1274.826565 -0.488787 0.872379 -0.006438 0.661356 0.365720 -0.654872 0.568942 0.324351 0.755713
-0.485426 -86.497850 1153.014718 -2125.697899 -0.488948 0.872140 -0.017400 0.651904 0.352077 -0.671612 0.579613 0.339727 0.740698
3.787776 -69.048366 495.667554 -4193.316110 0.659073 -0.748148 -0.076791 -0.534979 -0.394606 -0.747050 -0.528602 -0.533442 0.660318
3.700400 -59.424249 717.201150 -2828.229684 0.657583 -0.748430 -0.086238 -0.612664 -0.464628 -0.639346 -0.438437 -0.473258 0.764068
4.809785 -68.689435 450.277432 -3453.094560 0.663321 -0.745064 -0.069891 -0.523097 -0.394857 -0.755287 -0.535140 -0.537558 0.651657
4.845590 -77.070387 -387.768157 5017.335964 -0.667111 0.743059 0.053155 0.429199 0.325049 0.842693 -0.608893 -0.584984 0.535764
3.558662 -72.085316 -68.312335 3217.288376 -0.665175 0.744735 0.053959 0.471358 0.362758 0.803883 -0.579106 -0.560157 0.592335
6.400278 -21.311692 2224.432802 1221.883820 -0.329554 0.779922 0.532087 -0.230871 -0.613030 0.755574 -0.915474 -0.126160 -0.382088
0.046490 -20.974551 3674.748537 1187.084262 -0.324750 0.721943 0.611012 -0.181445 -0.681583 0.708889 -0.928233 -0.119346 -0.352336
4.522496 -18.939558 2350.006561 1119.415602 -0.322706 0.794526 0.514383 -0.194221 -0.587480 0.785586 -0.926358 -0.153610 -0.343897
-8.816091 -97.538574 -3359.472377 5132.869754 -0.439523 0.880133 0.179402 0.416800 0.376764 -0.827240 0.795674 0.288817 0.532436
-15.917446 -98.371956 1748.770851 3163.669830 -0.475475 0.872477 0.112726 0.441131 0.347319 -0.827510 0.761135 0.343733 0.550018
-17.722806 -110.004782 151.679423 1557.470540 -0.458125 0.874806 0.157595 0.568861 0.424774 -0.704247 0.683022 0.232984 0.692243
-10.347406 -111.799767 -5828.195681 919.707726 -0.417307 0.884145 0.210103 0.583696 0.437975 -0.683723 0.696530 0.162686 0.698842
-15.732878 -113.301129 -1449.283307 806.425653 -0.456363 0.871578 0.179120 0.691454 0.474076 -0.545108 0.560021 0.124914 0.819007
6.787852 -133.268036 -2490.848580 5929.070563 0.997365 0.072212 0.007013 -0.027887 0.470801 -0.881799 0.066979 -0.879279 -0.471574
6.135182 -133.331034 -1078.154705 -3127.948650 0.996788 0.079080 0.012673 -0.037066 0.595786 -0.802287 0.070995 -0.799240 -0.596804
4.685830 -141.485154 -260.950566 796.406921 0.996034 0.088225 0.011500 -0.029630 0.450797 -0.892135 0.083893 -0.888256 -0.451623
9.376125 -139.987846 -3089.239734 2397.129509 0.997889 0.062019 0.019262 -0.021666 0.597548 -0.801540 0.061221 -0.799431 -0.597631
3.650462 -31.988442 1373.651522 -3149.452318 -0.602363 0.701885 0.380153 0.797706 0.546446 0.255072 -0.028702 0.456897 -0.889057
3.653074 -31.690131 4769.585643 -2272.617503 -0.551697 0.719916 0.421132 0.831228 0.516060 0.206744 -0.068490 0.464116 -0.883122
10.239021 -27.421577 -3387.104063 -1761.342443 0.714970 -0.611440 -0.339056 0.694683 0.676034 0.245751 -0.078951 0.411241 -0.908101
4.602603 -29.887497 -426.514750 -3272.089669 0.723731 -0.613098 -0.316740 0.689710 0.657712 0.302845 -0.022650 0.437638 -0.898866
14.930118 -25.869183 782.947054 -809.910856 0.811825 -0.532857 -0.238756 0.582567 0.766791 0.269531 -0.039454 0.357903 -0.932925
11.325527 -26.651060 -1170.063559 -2325.974713 0.821951 -0.513022 -0.247395 0.568812 0.761613 0.310482 -0.029135 0.395923 -0.917822
4.076954 -312.387198 -4465.785614 -67679.929372 0.958382 0.123339 0.257471 -0.186944 -0.410485 0.892499 -0.215768 0.903487 0.370344
9.118239 -411.101998 -8574.392328 -102195.577792 0.962230 0.064024 0.264601 -0.187216 -0.550013 0.813901 -0.197644 0.832698 0.517253
8.219483 -300.500848 -3586.012958 -25846.119514 0.958410 0.109832 0.263414 -0.081934 -0.778238 0.622602 -0.273380 0.618291 0.736872
6.182457 -312.621394 -1834.288314 -50316.889409 0.968094 0.131472 0.213330 -0.186845 -0.188571 0.964121 -0.166982 0.973219 0.157990
4.206476 -253.633477 -1929.076936 -36915.244064 0.964221 0.170637 0.202881 -0.193616 -0.069471 0.978615 -0.181082 0.982882 0.033948
56.856792 -1993.413698 -7220.533718 -844227.071540 0.799052 -0.011436 0.601153 0.600704 -0.027886 -0.798985 -0.025901 -0.999546 0.015413
-22.851714 -70.304609 8661.945701 -39532.825607 0.849686 -0.014280 0.527095 0.519162 -0.152164 -0.841021 -0.092215 -0.988252 0.121878
368.307836 -3104.163539 47082.561241 -1269904.540203 -0.588240 0.372829 -0.717615 0.710500 -0.185532 -0.678799 -0.386216 -0.909163 -0.155757
135.487745 -4342.278465 17020.995771 -1353820.494309 0.305647 0.465251 0.830735 0.083594 0.856007 -0.510161 -0.948468 0.225374 0.222744
16.632362 -405.086666 12960.499181 -172176.940601 -0.624740 0.019191 -0.780597 0.714235 -0.389946 -0.581215 -0.315545 -0.920638 0.229907
44.349328 -1508.622886 6973.553322 -524283.943953 0.759449 0.034354 0.649659 0.570926 0.443562 -0.690866 0.311898 -0.895585 -0.317249
-3.565635 -74.904516 -1329.082498 6907.960401 0.556740 0.200344 0.806165 0.818159 0.035661 -0.573885 -0.143723 0.979076 -0.144060
-11.798290 -55.306204 -345.552708 3388.148615 0.497430 0.198684 0.844445 0.867501 -0.111408 -0.484799 -0.002244 0.973711 -0.227776
-6.378552 -69.723296 870.480701 6454.114143 0.639668 0.188073 0.745288 0.760763 -0.016349 -0.648824 -0.109842 0.982019 -0.153537
5.508323 -92.677530 923.810458 10085.408731 0.588427 0.186432 0.786764 0.767413 0.177647 -0.616050 -0.254618 0.966274 -0.038538
4.517670 -35.364916 5641.905361 3426.984079 -0.232432 0.958985 0.162243 -0.729230 -0.282208 0.623364 -0.643583 -0.026578 -0.764915
17.204792 -41.820849 3879.160840 4148.080406 -0.334983 0.926740 0.170114 -0.690001 -0.364226 0.625490 -0.641627 -0.092149 -0.761462
5.461470 -44.713912 1664.372768 2412.842464 -0.365797 0.908837 0.200517 -0.749053 -0.415361 0.516134 -0.552369 -0.038603 -0.832705
15.489361 -48.674589 1527.737666 2850.098080 -0.452288 0.864104 0.220815 -0.687828 -0.495559 0.530390 -0.567739 -0.088006 -0.818491
5.647804 -49.805134 1296.924023 1203.672242 -0.524745 0.810227 0.261102 -0.701549 -0.585342 0.406453 -0.482154 -0.030109 -0.875569
1.095281 -47.889511 358.968283 1228.369075 -0.422874 0.880028 0.216168 -0.785490 -0.474918 0.396810 -0.451866 0.001997 -0.892084
-24.863456 -49.679625 7253.187395 2163.749613 0.053220 0.996023 0.071457 0.312805 -0.084585 0.946043 -0.948325 0.027996 0.316063
-37.913580 -53.079338 8389.451516 2931.984578 -0.022421 0.999648 -0.014203 0.278808 0.019895 0.960141 -0.960085 -0.017567 0.279156
-42.950336 -49.322225 7732.808508 866.626596 0.044116 0.964507 0.260344 0.371262 -0.257763 0.892033 -0.927480 -0.057303 0.369456
-24.550751 -44.027791 6487.186788 950.881999 0.099712 0.978887 0.178433 0.402204 -0.203676 0.892608 -0.910104 0.017238 0.414021
-12.360593 -44.835592 4880.556922 1733.994345 0.075019 0.994107 0.078252 0.356122 -0.100007 0.929072 -0.931423 0.041831 0.361526
9.873625 -33.343622 -5304.718746 1354.872257 -0.087670 -0.135452 -0.986897 -0.336082 0.936647 -0.098700 0.937744 0.323025 -0.127639
23.260100 -32.454314 -7600.949468 225.863112 -0.126331 -0.021766 -0.991749 -0.257446 0.966223 0.011589 0.957999 0.256786 -0.127667
12.453697 -34.970048 -7256.571885 898.619276 -0.076234 -0.114805 -0.990459 -0.241672 0.965857 -0.093353 0.967359 0.232249 -0.101376
-10.147911 -46.243359 1529.629842 -865.305671 -0.328487 0.929651 0.166869 -0.537840 -0.329342 0.776055 -0.776418 -0.165175 -0.608188
-6.908499 -48.618601 2959.462031 -2590.253011 -0.315889 0.926838 0.202942 -0.500820 -0.344551 0.794018 -0.805850 -0.149184 -0.573018
-6.101520 -48.577375 2177.168281 -940.812227 -0.326576 0.920270 0.215525 -0.535824 -0.368106 0.759863 -0.778615 -0.132670 -0.613317
-4.295868 -154.881187 151.315571 4052.713918 -0.343080 0.931085 -0.124000 -0.282513 -0.228184 -0.931729 0.895814 0.284626 -0.341329
-3.171028 -154.193445 2714.245607 -4882.721962 -0.374439 0.921737 -0.100976 -0.091833 -0.145225 -0.985128 0.922693 0.359597 -0.139024
-6.098566 -161.300637 1999.651285 -2187.475306 -0.367784 0.925879 -0.086506 -0.009617 -0.096808 -0.995257 0.929862 0.365208 -0.044508
-5.403432 -166.473748 -218.102123 8659.308188 -0.355180 0.928869 -0.105119 -0.217201 -0.191376 -0.957183 0.909215 0.317140 -0.269724
117.311724 -315.556766 -1866.677206 -15887.935351 0.259343 0.894094 0.365154 -0.319234 -0.277478 0.906143 -0.911499 0.351571 -0.213463
110.023051 -294.378452 17444.954268 1312.286822 0.513983 0.730630 0.449446 -0.228716 -0.388258 0.892718 -0.826747 0.561637 0.032451
83.710497 -276.551758 2555.911580 38944.384194 0.313999 0.862052 0.397833 0.118757 -0.451396 0.884386 -0.941967 0.230451 0.244113
-31.709186 -71.383777 1344.589240 13020.114642 0.308351 0.839493 0.447404 0.865297 -0.442915 0.234706 -0.395196 -0.314765 0.862985
-31.935480 -79.460258 -120.120257 5808.126124 0.051005 -0.941435 -0.333316 0.947185 -0.060205 0.314986 -0.316606 -0.331778 0.888642
-19.571690 -113.204998 465.862521 14618.594588 0.223565 0.885749 0.406778 0.821553 -0.395812 0.410346 -0.524471 -0.242450 0.816179
-11.145698 -46.909647 180.020216 2286.366469 -0.312772 0.948848 -0.043139 -0.184002 -0.015971 0.982796 -0.931835 -0.315329 -0.179585
-10.306529 -48.763363 207.161701 -285.080868 -0.325417 0.944551 -0.043904 -0.323908 -0.067731 0.943661 -0.888362 -0.321304 -0.327989
-11.849395 -49.442867 -130.424528 6149.084570 -0.337576 0.940706 -0.033387 -0.197014 -0.035927 0.979742 -0.920450 -0.337316 -0.197461
-10.058331 -49.176578 -1399.518042 4617.282124 -0.368465 0.928389 -0.048246 -0.155120 -0.010229 0.987843 -0.916608 -0.371470 -0.147781
-7.451665 -46.186741 1307.727274 -9413.532135 -0.389745 0.919490 -0.051356 -0.533026 -0.179756 0.826784 -0.750988 -0.349609 -0.560170
-6.916243 -48.723238 25.748511 -9825.766288 -0.377179 0.923370 -0.071586 -0.523483 -0.148792 0.838944 -0.764004 -0.353906 -0.539489
-6.588716 -41.490324 716.219155 -5569.408873 -0.384842 0.921011 -0.060298 -0.559691 -0.180920 0.808711 -0.733923 -0.344974 -0.585107
-55.138400 -81.873310 2705.594706 6526.277286 -0.164620 0.975074 0.148767 0.866394 0.215033 -0.450690 0.471446 -0.054698 0.880197
-42.819013 -89.546906 -1295.262547 13829.067246 -0.207976 0.935299 0.286290 0.820188 0.326232 -0.469962 0.532952 -0.137071 0.834969
-26.199475 -72.114335 -6577.730942 15482.229521 -0.009134 0.966814 0.255317 0.722704 0.182846 -0.666533 0.691097 -0.178431 0.700391
102.128400 -79.723863 -26048.761838 -3830.097464 0.417381 0.904303 -0.089610 -0.572409 0.185038 -0.798817 0.705791 -0.384704 -0.594863
129.602241 -84.152485 -10950.521259 -7183.099254 0.207782 0.967420 0.144655 -0.460189 0.227173 -0.858265 0.863164 -0.111764 -0.492399
145.820260 -93.646748 -12927.884554 472.738882 0.191200 0.974321 0.118918 -0.648812 0.216364 -0.729541 0.736536 -0.062333 -0.673520
121.206066 -91.001504 -28018.291740 -3392.689814 0.352851 0.928684 -0.114204 -0.718875 0.190939 -0.668401 0.598928 -0.317944 -0.734981
4.240364 -23.649237 10768.068490 2189.223245 0.412926 0.531851 -0.739343 0.105388 0.778427 0.618826 0.904647 -0.333447 0.265382
27.666324 -45.236288 13234.607090 17852.498510 0.441345 0.532678 -0.722128 0.048290 0.789480 0.611874 0.896037 -0.304919 0.322710
33.415455 -28.249901 9906.891549 7064.653317 0.461984 0.429396 -0.776009 0.138883 0.829158 0.541487 0.875947 -0.357933 0.323422
26.595228 -9.695164 6728.902011 -8923.428831 0.443409 0.133636 -0.886301 0.333759 0.893096 0.301638 0.831862 -0.429560 0.351404
12.100590 -40.438370 8163.641453 572.364487 -0.028473 0.939521 0.341307 0.699569 0.262619 -0.664556 0.713997 -0.219846 0.664737
-4.193838 -39.221914 7076.936814 -191.379814 0.051284 0.965486 0.255355 0.677372 0.154259 -0.719285 0.733851 -0.209858 0.646082
-4.583847 -38.873116 -1.343560 -980.441082 0.032453 0.943233 0.330542 0.608090 0.243830 -0.755496 0.793204 -0.225518 0.565658
1.317124 -40.494527 7374.243433 -482.737747 0.012654 0.957835 0.287039 0.630223 0.215227 -0.745987 0.776311 -0.190338 0.600926
27.134761 -66.088192 13132.095693 13102.208657 -0.107123 0.895942 -0.431060 -0.828821 0.159000 0.536446 -0.549163 -0.414738 -0.725543
8.098347 -124.593858 6937.054874 -30224.957111 -0.045108 0.876387 -0.479490 0.893868 -0.178907 -0.411086 -0.446055 -0.447144 -0.775305
-9.225397 -147.639134 2166.151362 -33678.181509 -0.015537 0.862170 -0.506381 0.917381 -0.189148 -0.350194 -0.397707 -0.469985 -0.787999
-14.897045 -95.443084 2389.872560 18900.747101 -0.063307 0.861356 -0.504041 -0.847718 0.220113 0.482622 -0.526655 -0.457838 -0.716253
22.251748 -37.955137 -14818.047984 -2652.240920 -0.553096 0.832909 -0.018661 0.726327 0.493050 0.478906 -0.408086 -0.251327 0.877668
124.620974 -32.156682 -52912.769972 -2753.165665 -0.378531 0.913784 0.147355 0.799981 0.242914 0.548656 -0.465558 -0.325565 0.822960
44.070235 -40.095894 -22840.961725 -2465.730286 -0.456740 0.888797 0.037785 0.796595 0.389713 0.462125 -0.396011 -0.241171 0.886009
5.457146 -45.111931 -7716.436022 -952.435327 -0.572677 0.817430 -0.062037 0.756633 0.556174 0.343768 -0.315510 -0.149929 0.937003
-4.185020 -63.002471 2331.098622 -5478.101725 0.511040 0.792166 -0.333634 0.859413 -0.463796 0.215179 0.015720 -0.396695 -0.917816
-2.555757 -64.719764 1833.281024 4279.959201 0.519350 0.789878 -0.326141 0.827380 -0.369280 0.423172 0.213817 -0.489617 -0.845315
-7.146280 -65.413053 5363.146094 1884.068053 0.504518 0.813094 -0.290412 0.837937 -0.380024 0.391718 0.208140 -0.440976 -0.873051
-5.890477 -66.370619 5075.697371 7660.776133 0.496766 0.815071 -0.298131 0.775250 -0.262320 0.574609 0.390141 -0.516572 -0.762196
1.230233 -65.009671 510.109502 10664.343737 0.482979 0.803200 -0.348714 0.827485 -0.288431 0.481742 0.286355 -0.521227 -0.803942
-2.428132 -63.488944 1404.635664 4951.412350 0.529655 0.787684 -0.314674 0.774675 -0.298118 0.557678 0.345464 -0.539147 -0.768099
0.696636 -64.399724 -63.901124 -4670.540815 0.532005 0.834671 -0.142463 0.791334 -0.549967 -0.267070 0.301266 -0.029347 0.953088
1.891937 -62.526358 -595.550017 -3771.739731 0.565933 0.810770 -0.149572 0.720880 -0.574661 -0.387424 0.400065 -0.111433 0.909687
33.488495 -109.537711 4222.456687 2203.115082 0.041309 0.981995 0.184336 -0.168016 0.188693 -0.967556 0.984918 -0.008997 -0.172786
39.954437 -100.841659 6746.306096 2264.930720 0.007600 0.981663 0.190475 -0.350032 0.181041 -0.919077 0.936707 0.059687 -0.344989
45.482853 -99.456460 2096.200201 2663.354751 0.128001 0.988480 0.080766 -0.302254 0.116442 -0.946089 0.944594 -0.096688 -0.313677
-3.355323 -121.092752 -3395.212702 8643.035953 -0.232517 -0.930612 -0.282661 0.946019 -0.148932 -0.287866 0.225794 -0.334336 0.915006
-1.964812 -109.356097 1568.387363 6413.601485 0.297746 0.913185 0.278281 0.848826 -0.119851 -0.514907 0.436853 -0.389524 0.810821
-0.503312 -101.623573 927.296310 7385.130552 -0.284915 -0.908613 -0.305362 0.886037 -0.128091 -0.445569 0.365735 -0.397511 0.841560
-20.952860 -21.789169 3634.728921 1089.980571 -0.508302 0.531837 -0.677332 -0.245770 0.664221 0.705980 0.825364 0.525319 -0.206916
-20.261069 -28.021157 5437.681838 1501.153365 -0.455000 0.395821 -0.797685 -0.254265 0.800740 0.542370 0.853419 0.449601 -0.263693
-16.836316 -25.384071 4841.454377 2244.991232 -0.442967 0.315808 -0.839074 -0.342539 0.805285 0.483925 0.828521 0.501778 -0.248538
-5.052182 -40.736007 -2954.409035 -3326.716378 -0.452972 0.851758 0.263296 0.597660 0.070976 0.798602 -0.661528 -0.519105 0.541212
-1.809437 -85.506922 1156.042913 -4968.611254 -0.209728 0.821129 -0.530812 -0.445021 0.403231 0.799601 -0.870615 -0.403921 -0.280851
-3.788114 -88.461980 1314.496784 -3310.310673 -0.210073 0.814723 -0.540459 -0.413701 0.426791 0.804177 -0.885845 -0.392525 -0.247394
-4.674285 -99.281229 397.871233 -2705.297899 -0.230814 0.809244 -0.540230 -0.303626 0.467593 0.830161 -0.924411 -0.355640 -0.137780
-4.110550 -107.401793 34.289706 -4571.989016 -0.244292 0.816539 -0.523053 -0.103268 0.514422 0.851296 -0.964187 -0.261979 0.041347
10.758093 -52.910912 5492.141435 12883.455872 0.699228 0.682759 -0.211942 0.672542 -0.527699 0.518865 -0.242418 0.505345 0.828166
11.525462 -35.281984 5446.383999 6178.814765 0.688456 0.691106 -0.220002 0.686693 -0.523498 0.504384 -0.233412 0.498320 0.834983
6.176298 -89.652126 -2758.236133 10619.546128 0.288451 -0.508570 0.811266 0.281968 0.854826 0.435621 -0.915035 0.103096 0.389976
0.559588 -77.840895 -2584.218910 6026.072708 0.281094 -0.520617 0.806191 0.339202 0.839737 0.424010 -0.897735 0.154275 0.412640
2.519655 -110.790778 -1416.101937 13424.198273 0.290338 -0.535199 0.793263 0.080562 0.839699 0.537043 -0.953527 -0.092017 0.286914
6.150049 -83.103025 -4635.827290 247.507038 0.258257 -0.530870 0.807144 0.409872 0.816775 0.406060 -0.874819 0.225958 0.428526
12.558822 -88.792690 -3589.325469 9344.075617 0.288371 -0.528855 0.798220 0.375683 0.829280 0.413711 -0.880741 0.180576 0.437822
7.959993 -106.439415 -285.799714 14379.565833 0.319389 -0.533312 0.783306 0.201174 0.845918 0.493914 -0.926024 -0.000170 0.377466
17.296418 -90.060446 -3579.246649 -4935.885055 -0.129106 0.632319 -0.763874 -0.046174 0.765652 0.641595 0.990555 0.118105 -0.069654
16.711287 -119.160162 88.415946 -23465.370337 -0.184831 0.657422 -0.730502 -0.161688 0.712839 0.682435 0.969378 0.244248 -0.025457
17.860374 -107.593296 -2488.516654 -15308.665006 -0.167307 0.648958 -0.742201 -0.050258 0.746219 0.663801 0.984623 0.148360 -0.092232
17.171411 -99.769453 -2490.402963 11546.950421 -0.167582 0.653596 -0.738058 0.041436 0.752653 0.657112 0.984987 0.079538 -0.153214
17.041454 -101.507127 -521.799984 -8263.815792 -0.224309 0.636352 -0.738066 -0.024867 0.753381 0.657113 0.974201 0.165750 -0.153167
-23.906927 -46.002784 -2842.165470 1504.197633 -0.342939 0.933805 -0.101984 0.765511 0.214898 -0.606474 0.544413 0.286053 0.788535
-28.955962 -44.921059 -3169.306273 797.085876 -0.356234 0.921914 -0.152222 0.739276 0.178447 -0.649329 0.571462 0.343847 0.745118
-23.732058 -48.680680 -2782.329442 1023.983418 -0.312275 0.942058 -0.122522 0.836518 0.211552 -0.505454 0.450247 0.260332 0.854110
-12.864446 -928.821196 -7215.216966 -375244.957428 -0.413771 0.767131 -0.490208 0.743347 -0.026171 -0.668394 -0.525575 -0.640957 -0.559415
-5.908814 -328.739855 -11672.416209 -206973.276684 -0.587118 0.693955 -0.416796 0.638806 0.080935 -0.765099 -0.497211 -0.715455 -0.490821
-74.626714 -6120.141926 -43691.612154 -16878292.013023 0.296773 -0.953176 0.058145 0.954257 0.298324 0.019904 -0.036318 0.049578 0.998110
195.404559 -5708.873402 106152.214506 3397661.638468 -0.473870 0.863504 -0.172652 -0.327089 0.009437 0.944946 -0.817594 -0.504254 -0.277971
-148.343683 -8886.373086 83116.872946 -5278704.250935 -0.328373 0.928644 -0.172603 0.250231 0.261736 0.932137 -0.910799 -0.262898 0.318322
44.419588 -4800.847110 124665.088122 -8601453.463920 -0.393519 0.896227 -0.204743 0.918609 0.392074 -0.049342 0.036053 -0.207496 -0.977571
-16.830286 -10499.557656 -95177.052849 7919264.938183 -0.243213 0.960320 -0.136500 0.943511 0.201578 -0.262969 0.225019 0.192747 0.955099
-225.478926 -5277.283794 94171.143280 6919067.400211 -0.363117 0.898264 -0.247523 -0.645034 -0.050646 0.762473 -0.672367 -0.436528 -0.597802
-378.473820 -4259.883314 151933.283104 79144.891156 -0.406378 0.900080 -0.157201 0.501183 0.363438 0.785320 -0.763984 -0.240351 0.598798
33.310187 -24.125523 14363.100830 -10233.671101 -0.138686 0.986502 -0.087059 0.595045 0.153278 0.788941 -0.791636 -0.057611 0.608271
12.375512 -28.488850 -326.041516 -223.021809 0.203439 -0.318053 -0.925989 -0.043234 0.941926 -0.333026 0.978133 0.107785 0.177874
26.011503 -36.681744 3218.600408 1801.004820 0.092899 -0.149026 -0.984460 0.041295 0.988461 -0.145735 0.994819 -0.027115 0.097981
-2.802322 -14.622050 716.611759 2054.687914 -0.440776 -0.098474 -0.892199 -0.334580 0.940358 0.061504 0.832930 0.325621 -0.447435
-5.761836 -11.317320 707.173741 1616.580429 -0.501644 0.207122 -0.839913 -0.166291 0.929719 0.328587 0.848941 0.304504 -0.431946
