11009
22011
-50.753529 -75.132393 -649.542039 5218.446717 0.193267 0.977607 -0.083256 0.961250 -0.205667 -0.183572 0.196585 0.044551 0.979474
-41.683861 -75.791835 -2032.761033 8745.932256 -0.046467 0.996543 0.068871 0.952828 0.064919 -0.296485 0.299931 -0.051846 0.952551
-42.911801 -62.874494 -1026.302339 6681.184767 0.270155 0.957164 -0.104184 0.883804 -0.289457 -0.367565 0.381977 -0.007222 0.924144
-31.415489 -52.055914 -3477.601350 6085.734532 0.210710 0.977440 0.014584 0.849879 -0.175799 -0.496791 0.483020 -0.117073 0.867748
-45.725170 -70.892607 -588.039973 5812.529287 0.387482 0.893249 -0.227954 0.878683 -0.432661 -0.201795 0.278880 0.122107 0.952531
-38.456076 -49.486566 -766.655775 4321.679463 0.521908 0.805337 -0.281148 0.712020 -0.592805 -0.376310 0.469723 0.003783 0.882806
-43.413697 -61.054769 -356.314953 5584.596167 0.510792 0.795073 -0.327033 0.757315 -0.596174 -0.266552 0.406897 0.111514 0.906642
-4.544517 -141.170861 436.931742 -8310.487316 -0.108017 0.992505 -0.057147 -0.163989 0.038908 0.985695 -0.980530 -0.115843 -0.158557
-3.871687 -138.897700 338.678413 -10077.107294 -0.074316 0.994350 -0.075804 -0.416230 0.038148 0.908459 -0.906217 -0.099065 -0.411043
-3.572609 -129.754867 702.397131 -4431.724275 -0.088681 0.993861 -0.066152 -0.408479 0.024285 0.912445 -0.908450 -0.107938 -0.403818
-5.964447 -143.894589 1189.579258 -6997.830817 -0.104891 0.992933 -0.055520 -0.160036 0.038247 0.986370 -0.981522 -0.112346 -0.154894
-6.874561 -154.746516 1591.173410 -6682.302682 -0.115502 0.991459 -0.060560 0.173447 0.080162 0.981575 -0.978047 -0.102870 0.181224
34.662403 -78.967010 -18096.401727 -8485.554621 0.940469 -0.249114 0.231217 -0.299921 -0.288230 0.909379 0.159895 0.924589 0.345786
153.207725 -106.923901 -55200.565605 -9313.665527 0.955906 -0.263351 0.129962 -0.247525 -0.484360 0.839122 0.158036 0.834291 0.528189
89.820310 -104.921464 -35358.277032 -10269.167981 0.928069 -0.212424 0.305884 -0.372329 -0.512213 0.773956 0.007729 0.832174 0.554461
104.423417 -74.406708 -32130.064480 -10579.675711 0.966711 -0.254065 -0.030353 -0.042000 -0.274577 0.960647 0.252402 0.927393 0.276108
9.164389 -83.035911 -7074.453180 -8661.688391 0.861867 -0.325537 0.388860 -0.479577 -0.273858 0.833671 0.164898 0.905002 0.392149
0.437007 -66.179100 -5419.833108 -6786.244167 0.869774 -0.322618 0.373376 -0.432158 -0.132790 0.891968 0.238184 0.937168 0.254920
18.071347 -61.189567 -9863.202519 -4979.649096 0.938252 -0.274878 0.210058 -0.253248 -0.132070 0.958344 0.235686 0.952365 0.193528
-0.505677 -46.124662 465.453195 -464.524533 0.697127 0.693707 -0.181065 -0.638007 0.715464 0.284706 0.327049 -0.082955 0.941359
-1.058689 -45.663756 72.555623 -3154.167239 0.674829 0.718760 -0.167304 0.647023 -0.685287 -0.334280 0.354918 -0.117332 0.927506
0.439957 -46.361873 201.370771 4965.577015 0.692520 0.701048 -0.170137 -0.633819 0.703913 0.320593 0.344513 -0.114181 0.931812
-1.484035 -44.756515 -153.113233 -182.579719 0.666608 0.728156 -0.159446 0.674309 -0.680239 -0.287371 0.317713 -0.084048 0.944455
-3.215672 -42.727795 -179.509078 3645.774603 0.685948 0.708808 -0.164518 0.666777 -0.702815 -0.247911 0.291347 -0.060357 0.954712
-2.143865 -43.205583 364.262626 -3870.208334 0.701901 0.688677 -0.181820 -0.649949 0.723689 0.232033 0.291378 -0.044691 0.955564
1.386434 -71.705894 -679.572787 499.338627 0.668845 0.693804 -0.266986 0.318743 -0.592098 -0.740150 0.671601 -0.409946 0.617168
1.949499 -72.083213 -1005.635589 -261.618861 0.681994 0.663508 -0.307638 0.156409 -0.543230 -0.824887 0.714437 -0.514450 0.474258
-0.641475 -68.992108 18.507139 273.982304 0.666553 0.689655 -0.282990 0.271985 -0.578441 -0.769045 0.694068 -0.435640 0.573138
12.488372 -111.130886 696.946235 1955.515323 0.047616 0.938455 0.342103 -0.443814 -0.286951 0.848934 -0.894853 0.192253 -0.402836
20.312541 -114.612751 1952.889653 -1269.279742 0.033596 0.936424 0.349259 -0.686346 -0.232406 0.689142 -0.726499 0.262865 -0.634903
12.066193 -107.154136 2038.434297 -10.388718 0.061251 0.922954 0.380005 -0.525447 -0.293877 0.798462 -0.848619 0.248579 -0.466964
7.457893 -106.578564 3143.245030 -2082.766079 0.085219 0.907860 0.410521 -0.607600 -0.279191 0.743556 -0.789658 0.312797 -0.527823
5.537819 -105.166536 1743.777680 2656.474519 0.088585 0.919672 0.382565 -0.359050 -0.328771 0.873494 -0.929105 0.214739 -0.301084
8.671927 -104.458427 979.313993 2318.003265 0.053256 0.930563 0.362239 -0.317068 -0.328224 0.889796 -0.946906 0.162242 -0.277572
-20.276564 -70.757891 577.078846 5003.169049 0.410646 0.911789 0.003293 0.910240 -0.410154 0.056885 -0.053218 0.020362 0.998375
-15.712196 -62.464800 -277.906449 1605.857384 -0.452703 -0.891243 0.027310 0.891655 -0.452370 0.017697 -0.003418 0.032363 0.999470
-16.131948 -68.477506 601.081195 6379.810841 0.498144 0.866581 -0.029832 0.862443 -0.491620 0.120428 -0.089694 0.085719 0.992274
-6.713179 -133.142163 -2126.361708 12651.811808 0.035240 0.983282 -0.178647 -0.924560 0.099940 0.367696 -0.379403 -0.152213 -0.912625
-6.852616 -173.880778 -2562.701365 -18367.982162 0.031271 0.978568 -0.203534 0.997698 -0.042820 -0.052584 -0.060173 -0.201421 -0.977655
-3.442697 -137.452842 -698.128911 8899.265939 0.022093 0.983720 -0.178343 -0.943176 0.079668 0.322603 -0.331560 -0.161082 -0.929581
-8.733931 -168.026444 -2676.688874 25263.779809 0.034918 0.983349 -0.178341 -0.980404 0.068323 0.184772 -0.193880 -0.168394 -0.966465
-3.937360 -115.800083 -608.310917 3556.485245 -0.012725 0.989639 -0.143014 -0.812823 0.073063 0.577911 -0.582372 -0.123599 -0.803471
-6.315772 -109.856388 -1277.762496 -2236.944389 0.310629 0.935465 0.168569 -0.267574 0.256227 -0.928844 0.912093 -0.243421 -0.329898
-5.755067 -109.810066 -611.131845 -1765.626181 0.307630 0.931764 0.192820 -0.033913 0.213255 -0.976408 0.950902 -0.293833 -0.097203
-3.991954 -120.039890 -334.687889 -1047.850582 0.314298 0.929692 0.192066 -0.072075 0.225103 -0.971666 0.946585 -0.291549 -0.137757
-3.801694 -109.781983 630.342106 213.333535 0.298148 0.928088 0.223073 0.163842 0.180474 -0.969838 0.940353 -0.325703 0.098252
-3.218692 -111.178874 -163.188783 -2519.062613 0.316107 0.916680 0.244489 0.221624 0.179224 -0.958521 0.922474 -0.357180 0.146504
-3.073636 -120.605904 -137.685543 -1892.300411 0.322649 0.918232 0.229668 0.105718 0.206167 -0.972789 0.940596 -0.338150 0.030554
-3.418305 -119.963494 -349.779967 -457.676106 0.310297 0.929830 0.197820 -0.171953 0.259557 -0.950296 0.934959 -0.260858 -0.240426
-4.854676 -119.822484 600.861122 4922.964150 -0.072028 0.934630 -0.348252 0.067924 0.352944 0.933176 -0.995087 -0.043560 0.088906
-2.743350 -109.034093 1597.585738 1198.358506 -0.039296 0.920824 -0.387993 0.187808 0.388179 0.902244 -0.981419 0.037414 0.188192
-0.549707 -125.416027 832.761973 8359.650856 -0.065360 0.920243 -0.385850 -0.062859 0.382112 0.921976 -0.995880 -0.084514 -0.032871
-2.228598 -157.334527 -61.498475 19431.408088 -0.097601 0.921478 -0.375968 -0.166887 0.357269 0.918971 -0.981133 -0.152437 -0.118913
-3.961874 -164.196740 575.518446 16192.934470 -0.073296 0.937890 -0.339103 -0.134929 0.327566 0.935144 -0.988141 -0.114297 -0.102539
-7.642014 -150.049168 173.474263 -2759.244219 -0.053823 0.958425 -0.280221 0.170058 0.285326 0.943223 -0.983963 -0.003114 0.178345
10.009632 -160.852654 2047.844674 32620.258434 -0.098054 0.956026 -0.276405 0.185433 0.290431 0.938757 -0.977753 -0.040794 0.205757
9.013021 -108.733184 1753.036993 17513.432800 -0.079146 0.928068 -0.363903 0.326418 0.369050 0.870203 -0.941906 0.049911 0.332147
19.690998 -107.017295 3554.252695 20947.690517 -0.071619 0.954585 -0.289202 0.405496 0.292770 0.865944 -0.911287 0.055252 0.408049
-13.577604 -301.508601 -2017.007304 14678.068326 0.185182 0.982131 0.033544 0.980186 -0.187042 0.065202 -0.070311 -0.020805 0.997308
68.560470 -1052.283676 -21981.181790 365454.916665 0.118217 0.992486 -0.031559 0.982441 -0.112282 0.149008 -0.144345 0.048620 0.988332
17.668031 -540.811740 4503.715219 54722.972827 0.204764 0.977536 0.049958 0.790350 -0.195232 0.580716 -0.577424 0.079425 0.812572
13.283025 -1449.530510 -34192.581826 579927.373090 0.045067 0.992182 -0.116376 0.771265 0.039482 0.635288 -0.634917 0.118387 0.763456
-129.340714 -893.894247 13230.959646 249841.923567 0.635019 0.033598 -0.771765 -0.508340 -0.734089 -0.450227 0.581671 -0.678222 0.449081
-243.865181 -1161.099909 -28958.936761 345562.777586 0.761656 -0.104739 -0.639460 -0.095272 0.958024 -0.270395 0.640939 0.266871 0.719706
-746.870071 -5515.666494 -320697.164532 3226853.586943 0.930898 -0.364519 -0.023568 -0.352124 -0.878340 -0.323306 -0.097151 -0.309264 0.946001
-232.643814 -3609.764684 -86671.540056 -999868.155985 0.983928 0.033288 0.175436 -0.072997 -0.821645 0.565306 -0.162964 0.569027 0.806009
2090.265437 -1925.648521 -684886.215258 29932.528525 -0.576511 -0.100588 -0.810874 0.654587 -0.650808 -0.384663 -0.489031 -0.752550 0.441042
8.421423 -151.123034 -2227.947309 15457.251679 0.158714 -0.159562 -0.974346 0.828985 -0.514486 0.219290 -0.536278 -0.842522 0.050618
9.180202 -172.774737 -744.969566 26316.494431 0.185551 -0.042809 -0.981702 0.721125 -0.672714 0.165634 -0.667495 -0.738663 -0.093953
-0.831338 -159.656354 3706.992726 -11760.244569 -0.158490 0.187940 0.969309 -0.614226 0.749864 -0.245824 -0.773050 -0.634336 -0.003408
-11.343043 -148.539244 2171.901336 17858.544564 -0.208161 0.191198 0.959225 -0.252859 0.936849 -0.241611 -0.944844 -0.292843 -0.146669
-11.344234 -170.153705 6057.198615 -4868.217830 -0.172002 0.268677 0.947749 -0.539449 0.779321 -0.318831 -0.824263 -0.566102 0.010892
-0.874222 -171.992761 -5098.530151 19507.861659 0.141305 -0.232693 -0.962230 0.778291 -0.574572 0.253240 -0.611797 -0.784679 0.099913
14.735576 -50.106711 6148.488778 872.418447 -0.424635 0.182331 -0.886815 0.259825 0.962850 0.073552 0.867281 -0.199184 -0.456234
23.130526 -49.620478 -1324.188257 1559.847196 -0.208492 0.007838 -0.977993 0.157018 0.987265 -0.025561 0.965337 -0.158892 -0.207068
20.074439 -47.465521 4852.744385 2708.218097 -0.386051 0.107887 -0.916147 0.073364 0.993582 0.086092 0.919555 -0.033977 -0.391489
-46.425832 -63.122430 96.713003 -1121.210696 -0.234656 -0.406022 0.883223 0.723429 0.533951 0.437661 -0.649298 0.741648 0.168433
-47.154727 -63.649280 -921.037069 -384.555218 -0.249164 -0.235348 0.939430 0.809872 0.481281 0.335374 -0.531060 0.844381 0.070684
-44.761682 -61.995966 -849.991150 -1140.852252 -0.222291 -0.292695 0.930009 0.685255 0.631634 0.362580 -0.693551 0.717891 0.060164
-49.732987 -66.604746 -302.495545 -1027.135424 -0.305798 -0.461402 0.832824 0.788751 0.367150 0.493024 -0.533253 0.807657 0.251658
-44.596634 -62.280117 857.661775 -1600.405363 -0.249292 -0.527257 0.812313 0.591981 0.580868 0.558705 -0.766428 0.620155 0.167320
-49.277987 -66.899511 484.281495 -1981.740876 -0.292716 -0.600563 0.744071 0.692390 0.403559 0.598110 -0.659480 0.690263 0.297696
8.511465 -50.783095 1003.906231 -996.240297 -0.494326 0.777443 0.388876 -0.804760 -0.578418 0.133393 -0.328638 0.247013 -0.911582
8.133307 -52.078187 1642.014366 -690.587822 -0.479725 0.800206 0.359909 -0.801282 -0.566678 0.191894 -0.357507 0.196332 -0.913040
7.801231 -49.679988 2732.355429 1125.464900 -0.495626 0.775236 0.391617 0.825756 0.560361 -0.064211 -0.269226 0.291555 -0.917885
6.766960 -51.670182 1520.779633 -252.747400 -0.478316 0.792431 0.378507 -0.758570 -0.589983 0.276571 -0.442476 0.154836 -0.883313
-5.327968 -69.875200 323.565733 800.790021 -0.642171 0.766411 -0.015179 -0.129496 -0.088944 0.987583 -0.755544 -0.636163 -0.156364
-5.985553 -69.251816 601.088448 -984.903663 -0.640412 0.767874 0.015556 -0.017634 -0.034950 0.999233 -0.767829 -0.639647 -0.035924
-4.653934 -66.204377 -502.391128 495.317022 -0.644018 0.764605 0.024910 0.014673 -0.020210 0.999688 -0.764869 -0.644183 -0.001797
-3.997754 -67.630853 -598.027712 857.483554 -0.635868 0.770697 -0.041208 -0.184722 -0.100131 0.977677 -0.749366 -0.629286 -0.206035
-3.184212 -67.463024 336.048902 -629.366284 -0.637327 0.768154 -0.061263 -0.302105 -0.175931 0.936900 -0.708905 -0.615620 -0.344189
14.960580 -80.632998 -258.028117 1120.681907 -0.500216 0.864103 -0.055769 -0.680397 -0.432074 -0.591923 0.535578 0.258144 -0.804063
13.164211 -85.457752 -1555.362910 4258.676453 -0.453999 0.886870 -0.085707 -0.603216 -0.376731 -0.702997 0.655756 0.267460 -0.706010
15.260411 -86.677511 -406.811013 4912.598481 -0.487964 0.872008 -0.038644 -0.581696 -0.357880 -0.730447 0.650785 0.333953 -0.681875
4.970229 -175.774906 -3102.188780 15743.102925 -0.587181 0.809451 0.002951 0.114527 0.079468 0.990237 -0.801313 -0.581786 0.139366
2.955970 -133.258694 -911.259733 10107.740569 -0.565714 0.824495 0.013275 0.117458 0.064637 0.990972 -0.816193 -0.562166 0.133410
2.601327 -168.997747 -1448.627444 14647.159490 -0.573667 0.818697 -0.025329 -0.105422 -0.043133 0.993492 -0.812276 -0.572603 -0.111053
80.657094 -39.916157 20444.169033 693.865830 -0.380013 0.903750 0.197045 0.142699 -0.153195 0.977839 -0.913908 -0.399710 0.070748
27.502406 -40.165097 11453.346802 1044.999260 -0.331044 0.927624 0.172984 0.174554 -0.119956 0.977313 -0.927330 -0.353729 0.122209
71.063328 -37.739152 19011.257770 2910.652481 -0.371440 0.910469 0.181876 0.247904 -0.091524 0.964452 -0.894749 -0.403323 0.191713
-11.770486 -41.837196 1099.800882 -704.337492 -0.422907 0.884980 0.194833 -0.884428 -0.449924 0.123916 -0.197323 0.119911 -0.972977
-8.667295 -40.790800 1192.534912 -596.327470 -0.400577 0.888521 0.223758 -0.889961 -0.435390 0.135661 -0.217960 0.144793 -0.965157
-9.208067 -39.214055 1587.238113 423.049007 -0.395410 0.891278 0.221981 0.907571 0.416300 -0.054854 -0.141301 0.179774 -0.973507
-8.225862 -36.504543 1281.193087 711.849457 -0.368052 0.903202 0.220825 0.929263 0.365421 0.054198 -0.031742 0.225152 -0.973806
-11.871012 -39.428048 1332.350463 637.808445 -0.389292 0.900163 0.195340 0.915769 0.401043 -0.023049 -0.099088 0.169914 -0.980465
-9.152338 -48.007408 1101.324391 -1679.414173 -0.432520 0.900864 -0.037010 -0.375281 -0.142552 0.915884 -0.819811 -0.410027 -0.399734
-10.017146 -45.037316 1086.349563 -3435.675164 -0.443845 0.894973 -0.045004 -0.489164 -0.199901 0.848975 -0.750813 -0.398827 -0.526514
-10.337180 -49.980825 436.187134 -759.040637 -0.455875 0.888665 -0.049517 -0.333323 -0.118876 0.935288 -0.825272 -0.442880 -0.350405
-7.981807 -44.565837 1089.875296 -2851.059715 -0.404669 0.913124 -0.049467 -0.484819 -0.168362 0.858257 -0.775367 -0.371293 -0.510831
-9.447730 -51.489630 682.508150 186.223231 -0.438104 0.898488 -0.028005 -0.225639 -0.079759 0.970941 -0.870145 -0.431692 -0.237677
-8.526299 -48.847774 990.481444 -883.730079 -0.408959 0.911886 -0.034875 -0.325764 -0.110185 0.939009 -0.852426 -0.395377 -0.342121
-9.786607 -207.465844 -99.894027 -9424.405590 0.473803 0.875675 0.093300 0.713359 -0.319523 -0.623718 0.516362 -0.362076 0.776061
-6.858607 -160.389840 -15.968911 4946.874427 0.429644 0.895567 0.115609 0.749827 -0.282492 -0.598296 0.503156 -0.343741 0.792891
-7.146703 -173.890690 1556.660756 -8520.185231 -0.424161 -0.891225 -0.160639 0.881640 -0.365872 -0.298076 0.206880 -0.268058 0.940928
-6.326242 -165.138946 1149.653556 1663.244885 0.472691 0.879686 0.052100 0.536422 -0.240327 -0.809008 0.699152 -0.410359 0.585484
-7.692912 -189.740623 860.829189 -12773.783143 -0.445834 -0.880255 -0.162427 0.857920 -0.368449 -0.358076 0.255352 -0.298992 0.919456
-8.971011 -234.383639 -862.438523 -6553.974263 0.484035 0.865319 0.130128 0.705553 -0.297976 -0.642966 0.517595 -0.403031 0.754759
-8.024941 -217.062486 -142.803728 8320.463155 0.483187 0.871138 0.087464 0.469886 -0.173734 -0.865462 0.738741 -0.459278 0.493281
-15.231330 -41.408243 -1470.824263 1861.012568 0.179289 0.926077 0.332021 -0.824702 0.325487 -0.462521 0.536398 0.190893 -0.822093
-11.884389 -44.605185 -2449.283518 829.958517 0.194009 0.935133 0.296456 -0.748222 0.336497 -0.571781 0.634448 0.110885 -0.764971
-12.372290 -42.721376 -1958.412952 1576.542830 0.148119 0.953414 0.262799 -0.831590 0.263895 -0.488689 0.535274 0.146157 -0.831937
-52.423279 -1021.788269 2403.938374 329633.525119 0.906092 0.173187 0.386009 0.357539 0.174339 -0.917481 0.226192 -0.969336 -0.096046
-6.569316 -74.410307 1724.964245 -7323.316178 0.906641 0.143458 0.396765 0.369256 0.185103 -0.910707 0.204090 -0.972192 -0.114849
20.848673 -614.724358 -2101.087403 180954.625340 0.873242 0.146920 0.464610 0.437617 0.182936 -0.880356 0.214336 -0.972085 -0.095453
22.966045 -540.494900 -6581.535408 139030.906652 0.792413 0.178811 0.583188 0.582313 0.062945 -0.810524 0.181639 -0.981868 0.054246
-6.006398 -659.477562 1174.768809 181010.807879 0.813989 0.251046 0.523830 0.533508 0.033592 -0.845127 0.229763 -0.967392 0.106592
-3.952611 -76.611929 1619.563389 -987.884265 0.720952 -0.692548 0.024604 0.042644 0.008900 -0.999051 -0.691671 -0.721317 -0.035949
-3.971285 -74.940933 3.292577 2918.753622 -0.701230 0.712401 -0.027592 -0.122572 -0.082343 0.989038 -0.702320 -0.696925 -0.145061
-2.064462 -76.023898 2000.186053 -1704.350944 0.728496 -0.683861 0.040344 0.168723 0.122035 -0.978080 -0.663947 -0.719334 -0.204285
-0.661852 -82.072571 2551.942312 -1252.038772 0.733177 -0.679207 0.033605 0.116914 0.077216 -0.990136 -0.669912 -0.729874 -0.136022
-0.912367 -79.929819 1651.011586 -302.618201 0.722358 -0.689430 0.053710 0.296249 0.238344 -0.924894 -0.624848 -0.684016 -0.376413
-53.418161 -78.799636 -35.598786 3000.184548 0.001805 0.999910 -0.013268 0.999070 -0.002375 -0.043044 0.043072 0.013178 0.998985
-35.938724 -73.747643 4825.772684 1070.229489 -0.030123 -0.995823 -0.086197 0.998598 -0.026227 -0.045976 0.043523 -0.087461 0.995217
-22.926038 -73.066901 -5961.109020 2788.512641 -0.005765 0.987830 0.155434 0.986593 0.030971 -0.160236 0.163100 -0.152426 0.974764
-22.251240 -73.883101 -6061.219672 11588.545295 -0.001269 0.984443 0.175698 0.911208 0.073516 -0.405333 0.411944 -0.159583 0.897126
-44.646112 -70.163801 -1074.045755 684.264401 -0.614984 -0.143473 0.775377 0.715595 -0.514596 0.472350 0.331237 0.845344 0.419137
-42.434311 -67.883785 -1103.482402 1067.810228 -0.620836 -0.036904 0.783071 0.639753 -0.601157 0.478880 0.453076 0.798278 0.396830
-42.835125 -69.993931 -789.821536 1315.721171 -0.563079 -0.040096 0.825430 0.754124 -0.433441 0.493382 0.337993 0.900290 0.274299
-45.330687 -71.170672 -879.007149 383.146411 -0.550545 -0.173788 0.816515 0.815478 -0.321204 0.481481 0.178593 0.930927 0.318558
-47.394231 -72.808267 -834.922555 56.635537 -0.587797 -0.269909 0.762655 0.788740 -0.400888 0.466024 0.179955 0.875464 0.448529
32.486125 -49.651435 -2136.147352 -332.493183 -0.566542 0.810707 0.147599 0.713410 0.572196 -0.404522 0.412404 0.123880 0.902539
35.345926 -49.018491 -3693.809981 -548.120412 -0.574781 0.810548 0.112426 0.751947 0.577357 -0.318173 0.322805 0.098341 0.941343
36.201214 -49.629314 -3084.055873 -197.212367 -0.586181 0.807700 0.063342 0.726661 0.558717 -0.399749 0.358268 0.188297 0.914433
31.011541 -49.439190 -1442.495569 -903.049657 -0.557170 0.813662 0.165879 0.763767 0.580535 -0.282203 0.325916 0.030542 0.944905
33.334585 -49.925777 -3116.928398 358.865184 -0.569695 0.812896 0.121027 0.667188 0.543429 -0.509455 0.479903 0.209486 0.851944
27.447130 -50.449244 198.667388 846.199544 -0.569336 0.801406 0.183319 0.634486 0.570134 -0.521896 0.522767 0.180821 0.833078
28.099481 -50.588969 823.918130 -90.383346 -0.552279 0.805671 0.214201 0.703448 0.588258 -0.398890 0.447380 0.069620 0.891630
195.435709 -124.655759 -61528.999219 -1897.523183 0.915711 -0.312040 0.253189 -0.401254 -0.676093 0.617975 0.021654 0.667480 0.744313
0.047572 -44.587491 41.745198 -1339.802504 0.676339 0.719010 -0.159972 0.593565 -0.660606 -0.459652 0.436173 -0.215927 0.873573
0.759067 -43.320311 -250.485184 -1230.363575 0.660594 0.734813 -0.153837 0.612907 -0.646199 -0.454722 0.433545 -0.206098 0.877247
1.173289 -49.026055 -419.777181 1351.569955 0.662836 0.734125 -0.147341 0.539561 -0.604738 -0.585804 0.519156 -0.308792 0.796947
0.955853 -49.699165 200.597663 2936.800037 0.664694 0.731820 -0.150404 0.535339 -0.606954 -0.587383 0.521147 -0.309913 0.795211
17.185758 -120.532958 -721.829389 1305.971373 0.020764 0.958594 0.284017 -0.597561 -0.215854 0.772222 -0.801554 0.185752 -0.568337
-13.795098 -67.415218 -1213.336091 5420.265351 -0.514248 -0.854614 0.072002 0.855116 -0.504486 0.119457 -0.065765 0.123001 0.990225
-13.382601 -66.760827 -1082.067172 1983.103130 -0.487610 -0.869201 0.082017 0.873058 -0.485194 0.048544 -0.002400 0.095276 0.995448
-14.205409 -63.064670 180.317065 -3147.332992 0.427902 0.903192 -0.033836 0.899397 -0.429208 -0.082856 0.089357 -0.005022 0.995987
-3.740963 -167.672771 -516.366308 -12597.375025 0.028692 0.981147 -0.191121 0.999533 -0.030164 -0.004795 -0.010469 -0.190894 -0.981555
-9.585215 -185.929887 -2361.306145 -15861.637918 0.033158 0.978353 -0.204270 0.981996 0.006138 0.188799 0.185966 -0.206853 -0.960536
-6.474226 -105.233432 -716.188985 1176.755460 0.298669 0.925986 0.230971 0.138029 0.197560 -0.970525 0.944322 -0.321747 0.068808
0.837526 -124.468818 992.253757 10557.068809 -0.058025 0.921542 -0.383920 0.215583 0.387060 0.896498 -0.974760 0.030748 0.221128
-0.149304 -125.938984 911.642894 11175.578925 -0.063858 0.913658 -0.401435 0.010622 0.402856 0.915202 -0.997902 -0.054179 0.035430
14.652061 -92.816781 3732.027905 1172.170422 -0.057387 0.925080 -0.375411 0.438885 0.361123 0.822782 -0.896709 0.117545 0.426727
5.869912 -99.787901 3325.119481 908.794067 -0.035247 0.909917 -0.413289 0.403862 0.391243 0.826937 -0.914141 0.137765 0.381271
-1.125526 -112.339380 851.057740 -13209.043921 0.000212 0.997262 -0.073944 0.029245 -0.073919 -0.996835 0.999572 0.001951 0.029181
-5.402824 -156.419320 705.970274 -28733.105148 0.026787 0.998207 -0.053533 -0.123131 -0.049850 -0.991138 0.992029 -0.033141 -0.121575
1.862045 -168.111787 2893.920461 -32039.567923 -0.002903 0.997594 -0.069260 -0.185331 -0.068598 -0.980279 0.982672 -0.009991 -0.185084
-1.421333 -111.103236 1190.246610 -13831.903576 -0.012001 0.996547 -0.082154 0.038489 -0.081639 -0.995919 0.999187 0.015114 0.037376
-255.406512 -3444.517927 65204.420887 -612193.211626 0.218277 0.960641 0.171826 0.168310 -0.210491 0.962998 -0.961263 0.181280 0.207631
-708.744162 -5503.501230 -179252.272937 -591889.904449 -0.255959 -0.887453 -0.383292 0.962113 -0.272396 -0.011801 -0.093934 -0.371791 0.923552
-83.833016 -7765.204256 6208.698281 94272.704128 0.107494 0.977163 0.183299 -0.256620 -0.150849 0.954668 -0.960516 0.149659 -0.234545
-8.887022 -37.909869 16.637811 -4298.736465 0.822305 -0.378661 0.424771 -0.278173 0.383707 0.880562 0.496422 0.842250 -0.210191
-12.219044 -38.405982 -593.111924 -3381.358426 0.853129 -0.448138 0.267102 -0.155784 0.269795 0.950233 0.497898 0.852281 -0.160357
-8.119487 -30.046315 -842.375336 -3299.241946 0.862324 -0.437485 0.254958 -0.096652 0.352047 0.930979 0.497046 0.827448 -0.261295
-6.175566 -105.742256 -1641.019772 1174.560475 0.287761 0.949348 0.126223 -0.551627 0.272041 -0.788480 0.782880 -0.157266 -0.601969
-5.114918 -103.658446 -2311.085604 4100.721561 0.278018 0.957113 0.081487 -0.760276 0.271101 -0.590326 0.587100 -0.102169 -0.803041
-9.671016 -98.431807 -2130.651131 3371.872144 0.268234 0.956988 0.110567 -0.745848 0.278942 -0.604898 0.609722 -0.079789 -0.788589
-187.350526 -544.586788 -48621.224955 178028.680848 -0.155737 -0.329256 0.931309 0.886272 0.369758 0.278930 -0.436198 0.868833 0.234225
72.513731 -582.949185 26054.366752 259989.441014 -0.225621 -0.560957 0.796507 0.831854 0.314614 0.457207 -0.507065 0.765732 0.395650
-349.591451 -1404.009396 106910.356618 -329170.249708 0.864360 -0.372286 -0.338059 0.107630 -0.519720 0.847530 0.491220 0.768957 0.409156
-33430.125492 -205806.241739 13134397.969824 -57758532.939044 0.066464 0.797097 0.600182 0.042992 -0.603241 0.796399 -0.996862 0.027128 0.074362
-456.620385 -738.310231 118641.458536 45237.666340 0.722965 0.207984 -0.658836 0.660789 -0.486551 0.571511 0.201692 0.848534 0.489193
-422.110690 -6262.804168 -48833.838682 113311.086060 -0.103560 -0.189329 0.976437 0.107879 0.973786 0.200257 -0.988756 0.126075 -0.080420
-74.189329 -562.005188 -20224.610828 150496.008895 -0.130889 -0.365614 0.921518 0.881510 0.382423 0.276933 -0.453661 0.848575 0.272238
13.932226 -124.458036 523.598758 15696.277269 0.195865 -0.078507 -0.977483 0.865725 -0.454352 0.209962 -0.460605 -0.887356 -0.021026
13.859025 -164.872291 26.979278 31572.706464 0.215944 -0.021062 -0.976178 0.827735 -0.526345 0.194463 -0.517903 -0.850010 -0.096227
27.934642 -46.381507 466.682050 2016.494604 -0.260320 0.033526 -0.964940 0.049543 0.998544 0.021328 0.964250 -0.042254 -0.261602
18.097505 -43.323501 -5044.143080 1305.795005 -0.097718 -0.019320 -0.995027 -0.015888 0.999714 -0.017850 0.995087 0.014064 -0.097997
33.598557 -48.007193 -7951.971764 -840.822366 -0.051649 -0.106421 -0.992979 0.327888 0.937379 -0.117516 0.943304 -0.331655 -0.013520
10.060171 -48.722248 -5931.717588 1878.797151 -0.045044 -0.133643 -0.990005 0.117005 0.983485 -0.138087 0.992109 -0.122055 -0.028663
-44.393042 -61.775905 -1063.472415 -334.540533 -0.239807 -0.175619 0.954804 0.718429 0.629384 0.296203 -0.652957 0.756990 -0.024761
-44.522785 -61.396154 -798.973670 396.999255 -0.287913 -0.104659 0.951921 0.864657 0.398892 0.305376 -0.411674 0.911006 -0.024352
-43.651848 -61.836893 -1083.847854 -153.028358 -0.249810 -0.064434 0.966149 0.792483 0.559725 0.242236 -0.556386 0.826169 -0.088762
-45.829369 -63.974531 -662.878096 -287.770057 -0.336560 -0.170809 0.926041 0.881062 0.289967 0.373697 -0.332352 0.941671 0.052902
-48.911419 -66.886738 -639.775869 -1404.132423 -0.333175 -0.336550 0.880755 0.848459 0.300403 0.435747 -0.411232 0.892464 0.185462
1.004228 -46.803304 -3442.198562 -261.506741 -0.491978 0.854147 0.168493 0.860003 0.446681 0.246721 0.135473 0.266286 -0.954326
8.018445 -46.491291 -3463.445307 -601.593828 -0.489668 0.853460 0.178412 0.871486 0.472706 0.130617 0.027140 0.219442 -0.975248
-2.971960 -46.069099 -3431.780331 -233.117743 -0.502455 0.848354 0.166838 0.864329 0.487998 0.121626 0.021766 0.205315 -0.978454
7.120099 -47.907014 -2811.614384 -1125.011837 -0.470325 0.860568 0.195491 0.870698 0.416412 0.261699 0.143805 0.293297 -0.945144
-7.249726 -46.482166 -2467.576684 31.835075 -0.518673 0.835451 0.181662 0.847368 0.474044 0.239271 0.113783 0.278038 -0.953807
-6.817762 -46.701504 -2271.713693 188.315760 -0.511267 0.838312 0.189314 0.832211 0.427927 0.352566 0.214548 0.337805 -0.916437
-0.959123 -47.676635 -2220.081265 -299.524664 -0.495840 0.847038 0.191493 0.835397 0.405023 0.371576 0.237180 0.344215 -0.908439
-6.715490 -43.726845 -745.722008 47.765747 -0.320225 0.902452 0.288162 -0.557642 -0.425462 0.712754 -0.765827 -0.067551 -0.639488
-5.631949 -45.682857 -817.042091 -382.302869 -0.322366 0.912153 0.253095 -0.585917 -0.402265 0.703480 -0.743493 -0.078485 -0.664123
-4.807681 -43.385819 -663.377159 1296.680457 -0.343956 0.890668 0.297329 -0.455085 -0.435097 0.776910 -0.821335 -0.131913 -0.554984
-6.192441 -44.775579 -778.407783 -1139.928403 -0.313338 0.916291 0.249460 -0.669188 -0.399433 0.626610 -0.673800 -0.029406 -0.738329
-6.114421 -39.798633 -505.687031 1388.028824 -0.354715 0.862391 0.361190 -0.408230 -0.490395 0.769975 -0.841145 -0.125673 -0.526005
-8.885720 -41.091425 323.379012 554.197890 -0.312156 0.880289 0.357281 -0.499462 -0.471970 0.726486 -0.808144 -0.048329 -0.586999
-9.651320 -42.692946 117.413979 409.235916 -0.277846 0.913395 0.297509 -0.611236 -0.407019 0.678768 -0.741075 -0.006745 -0.671389
-7.786600 -44.231028 -1167.219864 -533.336177 -0.298958 0.920287 0.252379 -0.662820 -0.390524 0.638875 -0.686509 -0.023715 -0.726735
-3.480840 -64.810535 250.491189 1552.135378 -0.631735 0.774435 0.034094 0.150914 0.079728 0.985326 -0.760353 -0.627610 0.167240
9.564629 -77.432986 484.198130 -396.408782 -0.512437 0.854720 -0.082834 -0.833544 -0.518280 -0.191288 0.206429 0.028977 -0.978032
10.421366 -76.645205 -1727.522511 -843.886086 -0.455395 0.879437 -0.138585 -0.799778 -0.472495 -0.370275 0.391115 0.057784 -0.918526
12.389549 -78.248298 -76.679488 -2419.893435 -0.498698 0.862662 -0.084350 -0.764215 -0.483521 -0.426829 0.408994 0.148397 -0.900390
3.878475 -127.980463 -1933.673647 5364.294031 -0.564827 0.821825 0.074656 0.359451 0.163587 0.918713 -0.742809 -0.545749 0.387804
2.436016 -110.607358 -257.808280 6080.502654 -0.560862 0.824466 0.075429 0.320494 0.132210 0.937979 -0.763359 -0.550251 0.338388
1.405347 -148.319157 1305.596355 15537.263199 -0.559314 0.828930 0.006544 0.099033 0.058980 0.993335 -0.823019 -0.556235 0.115080
-12.455278 -42.352398 1134.058751 -429.729176 -0.434621 0.876836 0.205580 -0.851331 -0.474466 0.223868 -0.293837 0.077719 -0.952691
-9.532860 -41.364055 784.804987 -644.347375 -0.407283 0.887522 0.215465 -0.863951 -0.450901 0.224225 -0.296158 0.094828 -0.950420
-8.297793 -40.908723 788.586609 -1841.502616 -0.411008 0.907933 -0.082039 -0.567334 -0.184302 0.802599 -0.713586 -0.376418 -0.590851
-9.857790 -41.772732 622.606686 -1631.057864 -0.438365 0.893592 -0.096595 -0.574579 -0.195969 0.794641 -0.691155 -0.403844 -0.599345
-6.780381 -157.583863 137.446125 1583.006301 0.416304 0.901735 0.116467 0.839396 -0.331936 -0.430386 0.349435 -0.276933 0.895100
-6.376260 -150.087589 -118.893081 790.864112 0.478855 0.875352 0.066765 0.632854 -0.291488 -0.717308 0.608435 -0.385739 0.693550
-12.663679 -45.185996 3493.059827 661.629893 -0.355524 0.728120 0.586041 -0.716786 -0.614795 0.329005 -0.599850 0.303097 -0.740481
-19.041089 -45.238128 1209.612458 726.664166 -0.327718 0.795052 0.510386 -0.765686 -0.539977 0.349501 -0.553468 0.276258 -0.785720
-16.237472 -42.423467 1771.940274 1039.660049 -0.320487 0.790086 0.522543 -0.668968 -0.579339 0.465669 -0.670649 0.200324 -0.714213
-9.466747 -42.542056 4047.144683 1187.121291 -0.344311 0.728496 0.592236 -0.627777 -0.647690 0.431733 -0.698101 0.223142 -0.680340
-11.297111 -39.132843 1645.155303 1227.922167 -0.328813 0.776899 0.536945 -0.559986 -0.618215 0.551566 -0.760459 0.119320 -0.638330
-15.676794 -40.700008 -379.841882 1297.690635 -0.312114 0.839689 0.444418 -0.631060 -0.532915 0.563706 -0.710175 0.104514 -0.696225
-172.683772 -2237.310785 -371072.865282 -5846980.679808 -0.624770 -0.570973 0.532589 -0.380617 0.818278 0.430757 -0.681757 0.066412 -0.728558
272.267878 -9468.411029 -390774.216500 -1561317.703096 0.247719 0.782691 -0.570991 0.284450 0.504629 0.815130 -0.926134 0.364342 0.097631
403.838016 -1586.831585 685089.439740 -1955288.706745 0.212900 0.750442 -0.625708 0.977068 -0.161202 0.139114 0.003531 -0.640976 -0.767553
-188.582953 -4486.386401 66185.653091 1683349.161795 0.513545 0.766195 -0.386287 0.062753 -0.482515 -0.873637 0.855765 -0.424411 0.295874
-6003.030647 -41236.545048 1626424.594619 -13934313.706705 0.547993 0.773935 -0.317377 0.567349 -0.065081 0.820902 0.614670 -0.629912 -0.474755
-15.986495 -42.062772 -1093.939357 1771.273312 0.179936 0.905197 0.385022 -0.786481 0.367477 -0.496395 0.590822 0.213493 -0.778042
-8.372127 -49.419276 -5051.510042 878.628540 0.245491 0.923943 0.293367 -0.648310 0.381473 -0.658918 0.720714 0.028435 -0.692649
-3.337789 -49.218099 -2114.830379 -536.578602 0.165625 0.956486 0.240214 -0.654244 0.288827 -0.698959 0.737925 0.041393 -0.673612
-17.051456 -47.890002 -2790.282262 1832.317659 0.249198 0.888438 0.385458 -0.681100 0.443728 -0.582416 0.688479 0.117399 -0.715691
-16.526033 -75.484424 2143.052880 13550.165058 0.938519 0.148343 0.311733 0.280085 0.200725 -0.938756 0.201830 -0.968351 -0.146836
-77.806258 -204.693900 -5564.346369 -53376.054762 0.932779 0.228985 -0.278371 -0.306043 0.095127 -0.947253 0.190426 -0.968771 -0.158811
-21.104037 -153.785427 490.917538 -43773.317359 0.968821 0.159955 0.189209 0.162286 0.167357 -0.972448 0.187214 -0.972834 -0.136181
21.481118 -428.467317 -33343.096215 -93744.850688 0.902766 0.245184 -0.353409 -0.379839 0.068894 -0.922484 0.201830 -0.967026 -0.155326
-4.627040 -76.043564 833.000195 771.017980 -0.683691 0.729513 -0.019427 -0.042879 -0.013583 0.998988 -0.728511 -0.683832 -0.040567
-5.726322 -76.730536 1565.714477 535.624904 -0.661886 0.749293 -0.021609 -0.107627 -0.066465 0.991967 -0.741838 -0.658895 -0.124637
-54.347512 -77.979749 299.836467 -25.711402 -0.182955 -0.975542 0.121841 0.983039 -0.179923 0.035528 -0.012737 0.126275 0.991914
-52.247356 -77.443537 800.449400 1918.674647 -0.361718 -0.895453 0.259469 0.928436 -0.371263 0.013040 0.084655 0.245617 0.965663
33.634326 -47.193699 -406.986727 -1347.530038 0.602293 -0.797412 0.037115 0.778695 0.576649 -0.247205 0.175722 0.177791 0.968252
35.776264 -47.390076 -3852.586978 -1261.228175 -0.564823 0.817993 0.108918 0.793721 0.574629 -0.199521 0.225795 0.026243 0.973821
20.972003 -96.999134 -10345.292566 -5799.238480 0.826399 -0.316758 0.465541 -0.562953 -0.482683 0.670896 -0.012197 0.816505 0.577209
136.833108 -108.318993 -44748.903996 2151.498549 0.873012 -0.233707 0.428056 -0.457789 -0.695339 0.554015 -0.168167 0.679621 0.714028
-0.707927 -44.988204 12.982126 -2540.287285 0.663709 0.730427 -0.161141 0.658307 -0.672699 -0.337799 0.355137 -0.118120 0.927322
-4.655371 -60.227377 142.455526 -1419.318263 0.661121 0.645267 -0.382818 -0.191492 -0.348216 -0.917647 0.725431 -0.679983 0.106650
-3.551047 -59.258025 82.302789 -198.412422 0.670049 0.653677 -0.351768 -0.065673 -0.419820 -0.905228 0.739406 -0.629649 0.238371
-4.274347 -62.029454 2.246922 -722.874165 0.672215 0.625649 -0.395842 -0.199542 -0.361772 -0.910661 0.712959 -0.691147 0.118345
-3.914470 -57.574528 -64.748829 -979.949149 0.665484 0.666365 -0.336286 -0.095917 -0.370456 -0.923885 0.740224 -0.647086 0.182616
-5.404740 -62.699979 -192.635228 -1776.526250 0.667778 0.624091 -0.405689 -0.317042 -0.254641 -0.913588 0.673467 -0.738694 -0.027820
-5.532690 -61.896679 -200.832213 -1781.051156 0.657985 0.643556 -0.391013 -0.289905 -0.262743 -0.920283 0.694990 -0.718889 -0.013690
9.270474 -108.165928 -1058.527467 5291.813318 0.019749 0.956881 0.289808 -0.288829 -0.272046 0.917916 -0.957177 0.101833 -0.271002
9.190692 -104.722783 -1704.060233 2686.859283 0.016051 0.974638 0.223210 -0.444553 -0.193004 0.874712 -0.895609 0.113269 -0.430181
-0.910667 -143.895428 -98.899884 6374.496546 0.026852 0.982754 -0.182960 -0.967289 0.071730 0.243325 -0.252253 -0.170441 -0.952533
-2.363703 -128.527634 183.063528 3990.118187 -0.009928 0.989711 -0.142734 -0.831499 0.071116 0.550955 -0.555437 -0.124153 -0.822238
-9.022217 -103.416923 -1496.727106 -1454.409036 0.294674 0.941739 0.162158 -0.363901 0.267495 -0.892201 0.883597 -0.203899 -0.421523
-1.716163 -162.387976 -375.685157 18281.199207 -0.095949 0.931711 -0.350297 -0.063356 0.345491 0.936281 -0.993368 -0.112029 -0.025880
1.996079 -160.317131 349.229141 23698.931539 -0.106067 0.946443 -0.304951 0.076915 0.313571 0.946445 -0.991380 -0.076931 0.106055
41.324440 -28.284374 9314.419199 -3400.759057 -0.283974 0.958633 0.019519 0.601332 0.162201 0.782362 -0.746832 -0.233908 0.622518
43.433996 -42.941660 130.518678 -2704.631868 -0.389065 0.876129 0.284652 0.619841 0.020385 0.784463 -0.681488 -0.481646 0.550991
41.144823 -28.088211 7099.838027 -342.372301 -0.185939 0.952386 0.241636 0.617957 -0.077848 0.782348 -0.763908 -0.294790 0.574059
30.310282 -21.515791 10572.110622 -3294.200707 -0.175898 0.983485 0.042622 0.575491 0.067607 0.815009 -0.798668 -0.167887 0.577879
-9.527214 -23.271457 510.669137 2372.501590 -0.576052 0.741333 0.344368 -0.259533 0.233614 -0.937052 0.775117 0.629166 -0.057826
-11.176118 -29.563640 266.953378 1579.352314 -0.554453 0.725839 0.407111 -0.226579 0.339050 -0.913076 0.800777 0.598500 0.023527
-11.296011 -25.851436 1035.323135 2113.774197 -0.534479 0.726687 0.431577 -0.287779 0.323649 -0.901352 0.794679 0.605952 -0.036142
-10.553747 -18.457328 1249.804260 2753.283315 -0.565779 0.745855 0.351561 -0.303199 0.208306 -0.929881 0.766789 0.632700 -0.108287
-22.900053 -137.477990 1775.787319 15952.275223 -0.251747 -0.003083 0.967788 -0.049338 0.998736 -0.009653 -0.966535 -0.050178 -0.251581
-26.885570 -124.666923 -1706.135292 26313.444958 -0.292756 0.229289 0.928289 0.125425 0.971644 -0.200442 -0.947925 0.057750 -0.313213
-37.363010 -107.814229 1020.434769 -3635.548295 -0.323591 -0.313954 0.892593 0.069864 0.932845 0.353439 -0.943614 0.176730 -0.279926
-26.521156 -190.355438 4573.880901 -26146.481414 -0.264552 -0.396519 0.879082 0.112555 0.892634 0.436505 -0.957781 0.214423 -0.191518
-42.911410 -59.242996 197.564923 -865.714300 -0.239734 -0.332189 0.912238 0.565801 0.715762 0.409334 -0.788921 0.614277 0.016361
10.929090 -45.621265 -4120.122330 -547.109792 -0.495073 0.850612 0.177094 0.865409 0.500886 0.013447 -0.077265 0.159916 -0.984102
3.286471 -45.662318 -4637.313755 23.051656 -0.504525 0.850663 0.147739 0.861614 0.507050 0.022860 -0.055465 0.138827 -0.988762
11.976995 -47.982576 -1011.083710 -828.627441 -0.475923 0.847752 0.234125 0.876963 0.477588 0.053351 -0.066587 0.230710 -0.970741
11.757647 -48.656308 -2170.552866 -1068.233887 -0.460648 0.858926 0.223718 0.885157 0.425937 0.187281 0.065571 0.284296 -0.956492
-4.727046 -46.412601 -638.657259 -1124.018082 -0.326143 0.915786 0.234449 -0.649093 -0.397249 0.648746 -0.687248 -0.059405 -0.723990
-5.314161 -46.302579 -127.263087 101.045398 -0.337702 0.906615 0.252996 -0.535918 -0.406165 0.740150 -0.773789 -0.114365 -0.623034
2.490421 -51.231369 251.509396 789.880065 0.578386 -0.798344 -0.167681 0.808760 0.534298 0.245832 -0.106667 -0.277800 0.954699
1.057166 -50.283296 435.621512 575.209157 0.574647 -0.798941 -0.177409 0.816492 0.544878 0.190914 -0.055863 -0.254561 0.965442
1.573805 -52.477046 46.057158 546.825995 0.578149 -0.799098 -0.164880 0.795280 0.506716 0.332820 -0.182408 -0.323546 0.928464
0.084715 -51.457613 464.959145 531.840696 0.583174 -0.791967 -0.180821 0.798856 0.518703 0.304593 -0.147436 -0.322080 0.935161
3.527558 -52.786785 522.922153 732.243867 0.586281 -0.792696 -0.167057 0.784109 0.503445 0.362928 -0.203588 -0.343769 0.916720
1.033353 -52.035459 226.190304 511.407537 0.584174 -0.792917 -0.173272 0.766011 0.468067 0.440614 -0.268267 -0.390123 0.880816
2.227772 -52.591822 328.484390 399.511890 0.584112 -0.793581 -0.170421 0.758920 0.459515 0.461396 -0.287844 -0.398842 0.870672
8.900548 -68.277998 -559.825875 -8011.209993 -0.442755 0.894193 -0.066229 -0.129181 -0.136708 -0.982152 0.887288 0.426298 -0.176041
9.699157 -72.400707 -1068.788786 -8841.740423 -0.450286 0.892445 -0.028021 -0.198225 -0.130516 -0.971428 0.870603 0.431866 -0.235674
10.539449 -77.705183 -725.870057 -4785.679955 -0.453335 0.888467 -0.071510 -0.302885 -0.229004 -0.925104 0.838301 0.397723 -0.372918
7.020517 -61.872265 -830.391618 -7207.664337 -0.441035 0.897021 -0.029000 -0.067746 -0.065494 -0.995551 0.894929 0.437108 -0.089655
7.936790 -73.119599 -43.941380 -4701.471937 -0.442235 0.892050 -0.093140 -0.211476 -0.204628 -0.955723 0.871611 0.402957 -0.279140
7.151400 -61.482938 -72.029006 -2787.986229 -0.441070 0.895136 -0.064717 -0.031425 -0.087470 -0.995671 0.896922 0.437127 -0.066710
6.883012 -68.624160 144.382668 -3872.235909 -0.438048 0.894680 -0.087530 -0.055465 -0.124083 -0.990720 0.897239 0.429128 -0.103978
5.383080 -187.897392 -1499.788096 13518.899499 -0.551097 0.833142 0.046544 0.393125 0.210030 0.895176 -0.736033 -0.511627 0.443276
3.381933 -243.045353 -785.457898 28800.372286 -0.538115 0.841244 -0.052345 0.041595 0.088532 0.995204 -0.841844 -0.533357 0.082632
6.942091 -183.834678 1446.217099 17897.570182 -0.487932 0.872625 0.021179 0.327520 0.160536 0.931106 -0.809106 -0.461253 0.364133
6.801317 -238.397047 2036.780676 35370.760906 -0.496966 0.866828 -0.040436 0.029142 0.063242 0.997573 -0.867281 -0.494581 0.056691
-6.487447 -23.662912 4140.509106 -937.083666 -0.276443 0.898729 0.340389 -0.024376 -0.360635 0.932388 -0.960721 -0.249455 -0.121603
-14.115724 -25.503097 5237.468486 -1243.554068 -0.277953 0.903512 0.326201 0.010633 -0.336668 0.941563 -0.960536 -0.265179 -0.083971
-2.424277 -27.646315 4281.605783 -1402.201137 -0.270469 0.923115 0.273323 0.023228 -0.277565 0.960426 -0.962448 -0.266115 -0.053631
-16.795380 -22.667098 2960.201663 -1108.295479 -0.307825 0.748598 0.587235 0.047795 -0.604259 0.795353 -0.950242 -0.272897 -0.150227
