10799
21589
-32.473797 -51.409043 -107.006750 2284.622550 -0.681147 -0.085525 -0.727134 -0.019299 0.994906 -0.098942 0.731892 -0.053361 -0.679328
-25.213725 -48.761750 1611.368461 4240.972287 -0.748984 0.045642 -0.661014 -0.033429 0.993751 0.106496 0.661744 0.101860 -0.742778
-27.678751 -43.133739 -94.582614 2877.985950 -0.629840 -0.321636 -0.707002 -0.295476 0.941017 -0.164869 0.718328 0.105061 -0.687726
-23.437032 -35.776935 428.842110 2619.603296 -0.600425 -0.405998 -0.688953 -0.448452 0.884263 -0.130266 0.662103 0.230748 -0.713004
-34.869113 -49.918511 -656.113090 1607.244342 -0.598184 -0.249619 -0.761490 -0.092072 0.965364 -0.244122 0.796052 -0.075918 -0.600448
-28.082005 -43.790758 -326.403326 2342.172277 -0.470207 -0.531226 -0.704773 -0.399388 0.840191 -0.366836 0.787016 0.108989 -0.607229
-9.704053 -64.184136 876.148324 2673.053021 0.007338 0.747685 -0.664013 0.049854 -0.663478 -0.746533 0.998730 0.027626 0.042143
-9.937460 -73.550557 685.240222 1146.889219 0.021317 0.726421 -0.686919 0.337221 -0.652036 -0.679067 0.941184 0.217168 0.258864
-15.018026 -63.414896 1557.663779 2821.209041 0.035726 0.752013 -0.658179 0.088870 -0.658381 -0.747420 0.995402 0.031790 0.090353
-14.597159 -53.286433 1500.756198 3520.208178 0.048383 0.783451 -0.619567 -0.149646 -0.607606 -0.780013 0.987555 -0.130455 -0.087842
27.020821 -69.803443 -2774.442268 418.678936 -0.244854 0.740613 -0.625730 0.587953 -0.399750 -0.703215 0.770946 0.540085 0.337566
41.967912 -71.135607 -4843.342011 -1855.871123 -0.421439 0.707736 -0.567008 0.610047 -0.241371 -0.754707 0.670993 0.663965 0.330029
40.956345 -71.065502 -4356.425560 4962.249442 -0.269277 0.736960 -0.619983 0.360445 -0.519852 -0.774489 0.893067 0.432022 0.125649
4.865005 -17.806019 -808.780709 993.195994 -0.677953 -0.116042 -0.725889 0.111944 0.959648 -0.257963 0.726532 -0.256145 -0.637606
4.430094 -20.622875 -779.963038 779.858766 -0.685925 -0.164773 -0.708771 0.126247 0.932307 -0.338917 0.716637 -0.321952 -0.618691
2.109555 -16.304592 -1049.052109 765.252745 -0.663697 -0.112681 -0.739466 0.127312 0.957147 -0.260118 0.737088 -0.266782 -0.620910
7.030667 -21.132917 -145.377738 1202.282153 -0.717642 -0.143649 -0.681437 0.101846 0.946327 -0.306746 0.688925 -0.289535 -0.664493
4.227395 -13.891216 -900.016903 660.821225 -0.659059 -0.050740 -0.750377 0.125158 0.976410 -0.175951 0.741604 -0.209877 -0.637162
7.251090 -16.793854 -862.862089 1294.081029 -0.686636 -0.098400 -0.720311 0.094024 0.970457 -0.222200 0.720895 -0.220297 -0.657099
-3.510919 -31.645335 -641.207549 -2866.277087 0.960025 -0.154855 0.233178 0.229786 -0.039710 -0.972431 -0.159845 -0.987139 0.002539
-2.846306 -26.273935 -121.773905 435.054790 0.954613 -0.122095 0.271674 0.263824 -0.076733 -0.961514 -0.138243 -0.989548 0.041039
-2.180072 -26.046650 -286.389486 1413.134976 0.960166 -0.136354 0.243902 0.239724 -0.046517 -0.969726 -0.143571 -0.989567 0.011977
-2.265707 -67.444168 -79.902160 2351.874167 0.881552 0.323481 0.343841 -0.468899 0.684479 0.558231 0.054775 0.653336 -0.755084
-2.081964 -72.760021 -64.366854 4144.336942 0.909180 0.264295 0.321776 -0.382875 0.834395 0.396473 0.163703 0.483665 -0.859808
-1.690717 -78.196213 -51.776131 4795.547218 0.901709 0.285233 0.324904 -0.403784 0.824193 0.397068 0.154527 0.489231 -0.858355
21.540928 -13.591993 -4637.254865 -682.773959 -0.682511 -0.464643 -0.564168 0.144914 0.670552 -0.727571 0.716365 -0.578331 -0.390326
29.505563 -19.666166 -7706.032429 -669.899958 -0.645820 -0.528225 -0.551266 0.039842 0.697735 -0.715247 0.762449 -0.483885 -0.429566
29.105421 -8.979705 1381.332610 -37.120897 0.813985 0.422553 0.398593 0.021434 0.663867 -0.747544 0.580490 -0.617033 -0.531321
25.997959 -6.692945 1420.368444 -641.841659 0.783581 0.331808 0.525267 0.209058 0.655330 -0.725836 0.585061 -0.678562 -0.444137
18.917751 -1.912180 -2954.291668 -942.163414 0.908012 0.276854 0.314430 0.078698 0.624451 -0.777089 0.411486 -0.730351 -0.545221
40.829813 -12.850180 -3067.683401 -708.094475 0.915538 0.314133 0.251218 -0.030649 0.677227 -0.735136 0.401062 -0.665345 -0.629655
20.226441 -6.364727 -3176.633335 -942.224724 0.933962 0.352070 0.061331 -0.157493 0.559541 -0.813701 0.320797 -0.750307 -0.578039
-8.264274 -28.563259 -93.614889 -25.013153 0.826474 0.216918 0.519506 -0.494379 0.721085 0.485413 0.269313 0.658014 -0.703198
-7.627797 -27.578459 157.954980 -98.900113 0.826435 0.143326 0.544484 -0.439475 0.768710 0.464701 0.351947 0.623332 -0.698277
-7.682414 -27.829196 -77.868408 -382.442208 0.840707 0.204331 0.501459 -0.414740 0.838383 0.353701 0.348143 0.505334 -0.789579
-7.892420 -27.256472 144.010748 366.257722 0.802907 0.169436 0.571517 -0.531822 0.636689 0.558384 0.269268 0.752276 -0.601312
-8.475053 -28.725855 -85.919842 226.796328 0.793250 0.240976 0.559182 -0.582052 0.569770 0.580154 0.178802 0.785680 -0.592230
4.073001 -81.612125 -1684.670246 3440.037582 0.133106 0.806462 -0.576109 0.800819 0.254959 0.541926 -0.583927 0.533493 0.611894
0.687466 -84.521026 -158.865835 1057.564907 0.180044 0.770654 -0.611291 0.656920 0.368346 0.657858 -0.732147 0.520013 0.439939
4.318872 -78.836402 -1101.531505 2375.955956 0.159836 0.794233 -0.586214 0.638130 0.369952 0.675222 -0.753155 0.482006 0.447692
9.987250 -90.622251 -1851.429943 2493.029823 0.123527 0.790721 -0.599584 0.657101 0.387590 0.646523 -0.743613 0.473850 0.471706
5.349837 -2.279180 1815.385370 1434.461880 0.982224 0.181042 -0.049606 0.152340 -0.614382 0.774163 -0.109679 0.767958 0.631040
-0.225629 -4.262432 692.717295 169.672633 0.893797 0.367934 -0.256419 0.421675 -0.494800 0.759844 -0.152696 0.787272 0.597400
-0.003695 -1.769892 766.841318 1044.486563 0.442400 -0.502066 0.743110 0.887797 0.362407 -0.283685 -0.126879 0.785233 0.606061
8.919346 1.992818 2748.579864 -1111.014965 0.868384 -0.274878 0.412735 -0.493132 -0.566360 0.660346 -0.052242 0.776967 0.627370
8.118761 -4.033421 2188.446957 -1677.223535 0.719685 -0.371523 0.586536 -0.688427 -0.491504 0.533378 -0.090123 0.787651 0.609495
1.146064 -6.446853 1188.892667 829.536755 0.573820 -0.444665 0.687753 0.808705 0.440261 -0.390085 -0.129334 0.780028 0.612233
-0.510544 -5.328550 525.444804 353.025980 0.607557 -0.401563 0.685290 0.775670 0.485623 -0.403122 -0.170914 0.776478 0.606523
-0.745533 -717.798470 -7296.290333 6333.864913 0.130539 0.715384 -0.686429 -0.326750 -0.622630 -0.711032 0.936052 -0.317108 -0.152475
3.065562 -506.871181 -2152.381483 16213.704848 0.167356 0.691705 -0.702521 -0.712957 -0.407251 -0.570823 0.680944 -0.596398 -0.424999
0.856451 -371.166670 -713.722121 10548.581984 0.051953 0.670076 -0.740472 -0.464781 -0.640051 -0.611812 0.883900 -0.375943 -0.278186
-5.891972 -352.020876 -2203.751069 -1256.537672 0.099090 0.711637 -0.695525 0.116540 -0.702454 -0.702123 0.988231 0.011484 0.152540
17.306847 -183.165754 4740.710933 -9511.573948 -0.046544 -0.787058 0.615120 0.991075 -0.113391 -0.070094 0.124917 0.606368 0.785311
48.602784 -2591.519951 7978.798103 797524.195470 -0.009438 -0.737839 0.674911 0.925173 0.249659 0.285875 -0.379427 0.627107 0.680273
86.240770 -4240.988036 -8089.708669 -1789353.162878 0.049178 0.823529 -0.565139 0.459189 0.483838 0.745014 -0.886976 0.296144 0.354361
19.096121 17.131290 -1846.987513 206.588733 0.815961 0.511250 0.269874 0.033960 -0.508406 0.860448 -0.577109 0.692927 0.432201
15.650902 10.277267 -1596.318763 -4654.340643 0.772379 0.522518 0.361118 -0.065408 0.630954 -0.773058 -0.631785 0.573474 0.521512
19.662219 6.599538 -1805.382730 -5066.408674 0.802890 0.412208 0.430642 0.021792 0.701622 -0.712216 -0.595729 0.581215 0.554343
24.942733 18.269032 -1846.225548 4187.540016 0.842698 0.509378 0.174337 0.182953 -0.575479 0.797090 -0.506348 0.639811 0.578147
-16.882981 -20.046135 -363.493198 -62.173388 0.734881 -0.089822 0.672222 0.472918 0.778318 -0.413001 0.486106 -0.621412 -0.614449
-16.902247 -20.083049 -352.548038 60.502135 0.785133 0.018628 0.619047 0.409136 0.734786 -0.541015 0.464945 -0.678043 -0.569283
-15.089827 -19.118767 -836.864936 137.917269 0.822106 -0.027840 0.568653 0.375698 0.776991 -0.505109 0.427776 -0.628895 -0.649229
-14.776526 -18.373877 -764.266936 -271.881889 0.684798 -0.275240 0.674755 0.573186 0.775222 -0.265496 0.450010 -0.568571 -0.688635
-16.665781 -19.673732 540.004753 -194.141118 -0.568272 0.356148 -0.741772 0.645790 0.751695 -0.133828 0.509924 -0.555080 -0.657163
-20.539565 -155.904179 -3303.732073 16595.121891 -0.611770 0.294169 0.734304 -0.174180 0.855403 -0.487798 -0.771621 -0.426321 -0.472072
-1.767650 -126.487329 -2462.977852 4894.976177 -0.598303 0.194488 0.777308 -0.176958 0.914070 -0.364914 -0.781485 -0.355880 -0.512475
-10.650832 -136.867777 -3795.512714 10994.118432 -0.685109 0.245180 0.685939 -0.318641 0.745917 -0.584873 -0.655053 -0.619270 -0.432910
-19.089489 -27.850596 -1995.801396 -48.536524 0.455037 0.638151 0.621051 -0.695204 0.690413 -0.200053 -0.556446 -0.340725 0.757809
-20.706187 -32.970545 -2227.742297 289.065260 0.587249 0.508229 0.629954 -0.649586 0.760248 -0.007796 -0.482883 -0.404631 0.776593
-22.495521 -31.823268 -795.596517 -513.826498 0.731644 0.331203 0.595820 -0.412673 0.910879 0.000410 -0.542584 -0.246179 0.803118
-21.329180 -27.430363 -184.847108 -808.393223 0.593525 0.475740 0.649153 -0.492138 0.852749 -0.174982 -0.636811 -0.215616 0.740258
-23.160581 -35.738970 -429.141764 -298.071954 0.786877 0.054261 0.614720 -0.091686 0.995351 0.029505 -0.610261 -0.079578 0.788193
28.553947 -38.066330 5219.057503 390.617639 0.599104 0.056803 0.798653 -0.504941 0.800919 0.321813 -0.621377 -0.596072 0.508516
38.286938 -45.130268 4960.866974 587.135329 0.575386 -0.095626 0.812273 -0.394233 0.837726 0.377884 -0.716597 -0.537653 0.444316
20.885993 -35.975433 3921.770478 520.023484 0.660115 -0.070890 0.747812 -0.301210 0.887013 0.349973 -0.688129 -0.456270 0.564178
13.925610 -34.825628 3399.060909 350.058331 0.633182 0.062028 0.771513 -0.450215 0.840324 0.301932 -0.629593 -0.538525 0.560004
17.966084 -32.739854 3709.788689 -23.744467 0.582355 0.140994 0.800614 0.575156 -0.767457 -0.283206 -0.574506 -0.625404 0.528026
10.859554 -31.186006 4140.857452 1008.989598 0.629310 0.559177 -0.539712 0.327768 0.438714 0.836719 -0.704653 0.703456 -0.092807
13.308413 -32.945989 4501.032757 732.010514 0.653658 0.557235 -0.512075 0.231362 0.497106 0.836276 -0.720557 0.665113 -0.196014
-7.409018 -32.556636 1119.887728 896.865642 0.622871 0.715798 -0.315698 0.211836 0.234146 0.948842 -0.753099 0.657882 0.005790
-7.724198 -29.589119 1116.678538 791.532406 0.633834 0.702695 -0.323224 0.283168 0.178063 0.942396 -0.719771 0.688849 0.086119
-0.547636 -45.755604 -401.407226 865.439483 0.615900 0.524624 0.587739 -0.262589 0.840070 -0.474688 -0.742775 0.138027 0.655160
1.312521 -46.350519 -736.394965 440.503772 0.601186 0.545446 0.584007 -0.147959 0.794165 -0.589416 -0.785292 0.267939 0.558144
1.674788 -46.393602 -633.930245 1086.842557 0.609332 0.526817 0.592603 -0.257107 0.838264 -0.480843 -0.750074 0.140631 0.646229
8.169753 -57.974936 -209.681264 -1728.272694 -0.800705 -0.438092 -0.408591 -0.326774 0.891056 -0.315022 0.502086 -0.118723 -0.856630
7.864943 -50.667836 -66.087757 -775.771960 -0.817669 -0.439023 -0.372391 -0.263675 0.860626 -0.435659 0.511754 -0.258035 -0.819467
7.309447 -51.889501 -51.701175 149.952936 -0.804507 -0.429946 -0.409775 -0.229784 0.861504 -0.452780 0.547694 -0.270105 -0.791881
-2.880493 -50.201302 905.297485 2345.586233 0.820599 0.451660 0.350172 -0.050467 0.667594 -0.742814 0.569272 -0.591880 -0.570620
-4.755399 -49.010614 457.928458 2889.709333 0.840949 0.435438 0.321246 -0.080091 0.687297 -0.721948 0.535155 -0.581392 -0.612856
-2.938218 -40.481591 -714.619286 2155.593585 -0.828291 -0.434178 -0.354151 -0.139510 0.771985 -0.620142 0.542652 -0.464251 -0.700000
-1.590484 -42.631684 -642.067552 1964.967684 -0.823579 -0.437757 -0.360675 -0.112899 0.749680 -0.652100 0.555852 -0.496336 -0.666843
-1.173766 -36.673008 -551.467240 1328.054785 -0.829650 -0.407415 -0.381698 -0.160854 0.829150 -0.535385 0.534609 -0.382784 -0.753439
-1.710694 -33.459521 -381.310766 1260.648996 -0.846984 -0.364897 -0.386612 -0.156174 0.865933 -0.475153 0.508162 -0.342068 -0.790418
-9.088417 -33.475263 443.744506 -612.613951 -0.743856 -0.583251 -0.326337 -0.276550 0.713129 -0.644180 0.608439 -0.388929 -0.691763
-11.056873 -33.188241 634.297109 -693.063701 -0.726715 -0.589632 -0.352448 -0.250187 0.705014 -0.663597 0.639759 -0.394068 -0.659863
-8.644015 -31.450170 375.736792 -368.259488 -0.742186 -0.585512 -0.326091 -0.182727 0.644915 -0.742088 0.644803 -0.491182 -0.585636
-6.983564 -32.006851 195.666096 -338.181841 -0.756483 -0.579221 -0.303703 -0.212138 0.656576 -0.723814 0.618652 -0.483126 -0.619563
-7.975154 -30.507039 301.872175 129.427179 -0.744140 -0.568285 -0.351151 -0.062401 0.582491 -0.810438 0.665102 -0.581168 -0.468917
-6.722931 -31.489704 176.811730 103.875758 -0.760178 -0.564718 -0.321283 -0.097529 0.588079 -0.802902 0.642353 -0.579014 -0.502121
-3.795463 -85.339478 -556.026240 -1120.135360 0.433724 0.851748 -0.293954 -0.837294 0.501517 0.217759 -0.332899 -0.151678 -0.930684
-3.130897 -95.246620 -954.294636 -1608.459118 0.416888 0.859649 -0.295309 -0.812460 0.498093 0.303005 -0.407570 -0.113608 -0.906080
-4.746496 -94.204214 -323.367011 -3473.144541 0.437507 0.851653 -0.288575 -0.745306 0.522992 0.413520 -0.503098 -0.034159 -0.863554
-3.732405 -29.285359 -13.765563 -714.163567 -0.668618 -0.540713 -0.510469 0.719011 -0.295012 -0.629278 0.189664 -0.787780 0.586029
-2.709199 -28.199263 -105.729914 -1097.520570 -0.677513 -0.547614 -0.491015 0.728941 -0.410894 -0.547551 0.098091 -0.728893 0.677564
-3.404944 -25.976782 -301.014835 -515.942673 -0.701109 -0.535418 -0.470928 0.707364 -0.438979 -0.554017 0.089903 -0.721543 0.686508
-9.888467 -214.644730 10.207562 11962.218301 0.734262 0.588492 -0.338433 -0.589243 0.800048 0.112764 0.337124 0.116621 0.934209
-12.131324 -194.258091 968.303218 -7640.630241 0.725518 0.572604 -0.381770 -0.474806 0.818035 0.324621 0.498180 -0.054251 0.865375
-7.856946 -245.458462 467.295528 -29935.542841 0.715460 0.585711 -0.380868 0.676677 -0.716588 0.169145 0.173855 0.378741 0.909027
-11.374973 -198.635972 132.248398 -19098.206498 0.742865 0.575877 -0.341347 -0.330744 0.759043 0.560769 0.582031 -0.303677 0.754334
-4.484919 -344.079894 -16.773074 -46947.272464 0.726081 0.579211 -0.370569 0.686229 -0.644518 0.337173 0.043544 0.499110 0.865444
22.934380 -1063.131875 -6327.119783 -198740.760334 0.760920 0.642207 -0.092587 0.450024 -0.625150 -0.637704 0.467418 -0.443575 0.764697
-4.193489 -272.989489 120.381460 -8502.440039 0.806482 0.576859 -0.129696 0.143613 -0.403904 -0.903458 0.573553 -0.709997 0.408585
-9.637413 -490.806814 2103.899903 3292.688476 0.824357 0.537195 -0.178485 0.159402 -0.522840 -0.837394 0.543163 -0.661861 0.516637
-12.289759 -207.613583 -837.582735 2932.490782 0.829725 0.520989 -0.200317 -0.366932 0.779546 0.507611 0.420616 -0.347675 0.837976
3.976059 -30.614549 -459.525107 -1102.486426 0.728188 0.293277 0.619461 0.213114 0.762131 -0.611342 -0.651403 0.577187 0.492473
3.315170 -30.072447 -218.119382 -898.519305 0.716813 0.298792 0.630002 0.222310 0.758443 -0.612652 -0.660876 0.579212 0.477237
3.247724 -28.669092 -655.439906 -621.565513 0.720410 0.315136 0.617818 -0.282644 -0.680073 0.676471 -0.633342 0.661959 0.400860
-8.028574 -309.082994 -552.081677 -42285.118672 0.338568 0.940550 0.027159 0.192014 -0.040805 -0.980544 0.921142 -0.337196 0.194413
-9.111129 -470.370305 -1126.805770 -96428.277821 0.404219 0.911196 0.079547 0.592820 -0.194765 -0.781429 0.696543 -0.363026 0.618903
-39.035292 -656.716007 10866.665825 -99589.308354 0.414608 0.908078 0.059123 0.513422 -0.179786 -0.839092 0.751331 -0.378249 0.540768
3.411509 -192.843511 -886.070336 -32085.469697 0.335979 0.923041 0.187386 0.791936 -0.169152 -0.586707 0.509858 -0.345519 0.787821
-33.791738 -639.148198 -1388.714885 -66048.822046 0.305812 0.940370 -0.148943 -0.287207 -0.058035 -0.956109 0.907740 -0.335167 -0.252333
-1.250806 -163.788307 1812.092525 -22722.568537 0.251981 0.948109 0.193893 0.831251 -0.109466 -0.545013 0.495507 -0.298507 0.815700
-15.706112 -243.935837 3859.582788 -35143.633281 0.294465 0.951489 0.089210 0.694632 -0.148989 -0.703767 0.656336 -0.269203 0.704807
13.201463 -73.556443 -1857.854921 627.181962 0.903799 0.203654 0.376395 0.338251 0.198862 -0.919804 0.262172 -0.958634 -0.110845
17.265710 -72.008538 860.107573 1598.427089 0.856454 0.340892 0.387658 0.365617 0.129576 -0.921702 0.364432 -0.931130 0.013660
14.377259 -66.427980 -502.862228 -135.054516 0.864173 0.281255 0.417253 0.311380 0.352484 -0.882495 0.395281 -0.892553 -0.217031
13.778822 -75.926098 -1165.179214 253.182328 0.900995 0.239463 0.361752 0.386813 -0.065883 -0.919802 0.196425 -0.968667 0.151988
7.990851 -79.761921 -4259.733182 -1209.102382 0.921674 0.111701 0.371537 0.383603 -0.119174 -0.915776 0.058016 -0.986570 0.152688
-27.469850 -52.890702 954.119342 1454.057253 -0.709501 0.031845 -0.703985 0.116649 0.990505 -0.072757 0.694984 -0.133740 -0.706478
-16.016297 -58.011008 2867.128852 5069.158076 -0.794953 0.073196 -0.602239 0.037597 0.996731 0.071515 0.605505 0.034209 -0.795106
-15.953041 -46.152420 1997.197325 4663.995841 -0.800678 -0.039668 -0.597780 -0.167780 0.972724 0.160179 0.575121 0.228548 -0.785495
-8.210122 -78.416340 133.839200 708.270377 0.004379 0.712892 -0.701260 0.516596 -0.602056 -0.608816 0.856218 0.359602 0.370914
-8.240608 -76.826952 92.580955 692.917220 0.022323 0.722566 -0.690941 0.528740 -0.595082 -0.605236 0.848490 0.351818 0.395334
-9.113408 -75.630313 303.483323 364.341207 0.042178 0.720213 -0.692470 0.543805 -0.597978 -0.588811 0.838151 0.351734 0.416877
-13.324148 -71.703688 1095.357935 933.810469 0.060207 0.723824 -0.687352 0.375248 -0.654504 -0.656364 0.924967 0.218410 0.311019
54.707568 -75.622772 -4936.827409 4766.397729 -0.446129 0.657195 -0.607506 0.332683 -0.508382 -0.794273 0.830838 0.556455 -0.008166
7.187920 -24.052393 -485.236107 695.751354 -0.711948 -0.191877 -0.675510 0.142802 0.902287 -0.406798 0.687559 -0.386084 -0.614981
-0.293895 -42.415985 174.717536 952.238900 0.963171 0.073353 0.258693 -0.172626 0.906316 0.385734 0.206162 0.416185 -0.885600
1.187644 -41.804373 137.211714 -119.072472 0.943217 0.134695 0.303643 -0.281443 0.809591 0.515124 0.176442 0.571332 -0.801529
0.653137 -40.007681 80.933668 1110.980637 0.955922 0.106923 0.273461 -0.214929 0.889340 0.403584 0.200047 0.444570 -0.873120
0.238647 -45.324766 244.338743 -404.265058 0.954700 0.091799 0.283057 -0.228939 0.834247 0.501616 0.190092 0.543695 -0.817472
-0.300478 -45.506054 151.717631 1657.353527 0.963176 0.072317 0.258964 -0.136423 0.961407 0.238925 0.231691 0.265456 -0.935870
-1.101567 -46.337795 218.514835 1398.068784 0.966431 0.060969 0.249586 -0.115519 0.970820 0.210154 0.229491 0.231931 -0.945273
-0.900343 -43.601934 132.507086 477.229531 0.969194 0.049061 0.241364 -0.135769 0.924048 0.357353 0.205500 0.379114 -0.902243
-1.345200 -84.561558 125.320637 4137.479333 -0.921845 -0.234468 -0.308588 -0.292925 0.942882 0.158646 0.253765 0.236640 -0.937872
-0.494775 -91.141993 154.954128 1311.242413 -0.930448 -0.209210 -0.300828 -0.180400 0.976137 -0.120882 0.318939 -0.058205 -0.945986
-0.923023 -90.376256 116.264267 4072.166956 -0.915186 -0.256427 -0.310933 -0.314996 0.936363 0.154924 0.251420 0.239727 -0.937720
-1.148053 -86.696083 144.736244 1841.838107 -0.932591 -0.191761 -0.305781 -0.165667 0.980098 -0.109374 0.320669 -0.051343 -0.945799
-1.923867 -80.231713 116.084433 4225.429948 -0.925441 -0.214912 -0.312043 -0.276792 0.945872 0.169448 0.258736 0.243185 -0.934835
11.964946 -21.467969 -4619.498144 -813.273380 -0.643157 -0.485759 -0.591936 0.094499 0.716770 -0.690877 0.759881 -0.500280 -0.415092
22.998514 -24.670645 -6028.322482 -1237.629675 -0.644547 -0.539521 -0.541734 -0.011271 0.715180 -0.698849 0.764482 -0.444335 -0.467048
-7.233942 -27.414459 111.398479 -355.221303 0.835268 0.139640 0.531816 -0.363456 0.865989 0.343459 0.412586 0.480172 -0.774085
-5.649869 -27.099583 452.223877 -165.623017 0.815571 0.087894 0.571943 -0.397151 0.803872 0.442788 0.420851 0.588273 -0.690521
-5.633913 -26.415109 488.769194 185.496557 0.803230 0.103356 0.586634 -0.480365 0.694753 0.535320 0.352237 0.711783 -0.607695
-5.637687 -30.963863 -99.614174 815.338016 -0.844380 -0.274079 -0.460329 -0.244152 0.961681 -0.124735 0.476877 0.007067 -0.878942
-6.345939 -34.327494 -92.663324 817.057434 -0.854689 -0.236315 -0.462237 -0.122281 0.956976 -0.263145 0.504534 -0.168384 -0.846813
-5.679446 -32.076132 -72.086953 845.376706 -0.866137 -0.253823 -0.430558 -0.236406 0.967046 -0.094525 0.440362 0.019914 -0.897600
0.277052 -88.575186 800.328127 28.273438 -0.126868 -0.797564 0.589743 0.877454 0.187028 0.441696 -0.462579 0.573509 0.676097
-2.993870 -88.074015 -50.806499 586.891913 0.157635 0.790414 -0.591943 0.673033 0.352654 0.650124 -0.722618 0.500880 0.476384
-0.517052 -487.058935 2346.795234 41750.877825 0.130195 0.693408 -0.708685 0.828160 0.316955 0.462266 0.545161 -0.647090 -0.532987
16.408490 -408.164306 2224.254869 -44295.582554 0.104132 0.680382 -0.725422 0.971609 0.086209 0.220328 0.212445 -0.727769 -0.652088
18.089325 -593.510553 6850.859228 -58052.359892 0.042178 0.645025 -0.762996 0.858945 0.366662 0.357453 0.510328 -0.670448 -0.538576
-152.837240 -8326.737246 1299.450420 -2428728.327648 -0.113971 0.782936 -0.611573 0.732086 -0.349959 -0.584447 0.671610 0.514334 0.533292
952.398223 29.135132 -3154731.763210 -1813.469689 0.993494 0.092710 0.066135 0.037264 -0.813423 0.580478 -0.107612 0.574237 0.811586
17.343803 14.480709 -1489.864280 -452.941559 0.575633 0.724631 -0.378889 0.560570 -0.012361 0.828015 -0.595322 0.689026 0.413322
11.087553 1.808672 -621.211257 -5168.461364 0.721043 0.319245 0.614964 0.177626 0.772710 -0.609400 -0.669736 0.548637 0.500451
2.675012 -35.300521 -87.076903 -274.718085 0.869498 0.005737 0.493904 0.393389 -0.612725 -0.685429 -0.298695 -0.790275 0.535020
2.428844 -34.342699 -192.816066 -160.616181 0.852626 0.013307 0.522352 0.382694 -0.696558 -0.606920 -0.355772 -0.717377 0.598997
3.134088 -35.795943 -105.286673 -98.313970 0.859729 0.025267 0.510124 0.371201 -0.716943 -0.590087 -0.350820 -0.696674 0.625756
-14.673834 -19.613949 -724.594043 228.721307 0.851245 0.050294 0.522353 0.327469 0.726897 -0.603644 0.410056 -0.684903 -0.602297
-15.839137 -19.532243 -190.859427 -5.340999 0.747122 -0.021063 0.664353 0.509138 0.660674 -0.551624 0.427302 -0.750377 -0.504328
-25.467273 -187.307580 -2533.115254 5736.925510 -0.556500 0.283485 0.780989 -0.025988 0.933592 -0.357395 -0.830441 -0.219186 -0.512177
-3.157955 -188.536863 -2527.328126 -22033.710751 -0.537349 0.133438 0.832737 -0.053159 0.980081 -0.191350 -0.841683 -0.147089 -0.519552
-18.920936 -30.097042 -3141.018466 125.126763 0.383649 0.614842 0.689045 -0.739089 0.651782 -0.170079 -0.553679 -0.444015 0.704479
-21.028226 -36.573223 30.017852 1687.576380 0.689685 0.313646 0.652656 -0.531045 0.831825 0.161425 -0.492265 -0.457922 0.740258
-21.711760 -35.415170 -2717.592704 -303.767522 0.711646 0.268345 0.649269 0.537271 -0.803343 -0.256864 -0.452658 -0.531630 0.715870
-19.002759 -31.766924 -2855.821615 238.644991 0.676677 0.395880 0.620796 0.608935 -0.774873 -0.169614 -0.413891 -0.492798 0.765404
-26.831609 -32.365112 -1935.657928 39.865672 0.758691 0.398497 0.515352 0.555378 -0.809144 -0.191943 -0.340505 -0.431840 0.835207
43.613894 -41.250804 6629.544723 1456.685406 0.608780 -0.255092 0.751209 -0.162956 0.886497 0.433092 -0.776422 -0.386072 0.498113
67.402535 -55.549157 8543.601927 1292.454079 0.459790 -0.237378 0.855713 -0.368620 0.825651 0.427105 -0.807906 -0.511812 0.292123
30.734886 -33.055956 -5445.033710 161.833409 -0.600751 -0.490132 0.631561 0.277045 0.613411 0.739576 -0.749896 0.619272 -0.232718
45.983206 -34.792620 -7882.712435 327.505297 -0.653342 -0.471519 0.592296 0.182286 0.661364 0.727578 -0.734790 0.583324 -0.346146
16.480973 -33.488496 5014.703640 105.588926 0.683161 0.576719 -0.447981 0.103349 0.530919 0.841097 -0.722918 0.620903 -0.303099
-1.635332 -39.281122 140.853915 169.392000 0.635271 0.579720 0.510250 0.076235 0.610399 -0.788417 -0.768517 0.539757 0.343574
-1.718996 -40.457929 -76.255631 215.843370 0.624588 0.588500 0.513378 0.070549 0.612166 -0.787576 -0.777761 0.528129 0.340833
-1.558430 -40.311135 199.728436 341.060078 0.635084 0.560429 0.531590 -0.033200 0.707361 -0.706072 -0.771730 0.430766 0.467840
-1.627797 -39.351184 -116.511599 -117.023940 0.627559 0.603175 0.492291 -0.177114 -0.505123 0.844678 -0.758156 0.617277 0.210163
-0.276614 -39.041948 371.120321 295.703326 0.643986 0.549792 0.531988 -0.020350 0.707440 -0.706481 -0.764767 0.444138 0.466769
-0.592195 -38.032339 284.905925 141.681163 0.643055 0.568676 0.512920 0.089282 0.609528 -0.787721 -0.760597 0.552343 0.341188
-1.694470 -38.460114 80.264857 -4.324334 0.637976 0.595994 0.487625 -0.181082 -0.499364 0.847257 -0.748463 0.628830 0.210658
8.627148 -70.714849 -630.310547 -1153.784803 -0.808006 -0.410512 -0.422619 -0.475530 0.877888 0.056427 0.347848 0.246561 -0.904549
8.295161 -65.963429 -434.790314 -2813.571689 -0.802597 -0.427822 -0.415699 -0.401832 0.902791 -0.153295 0.440872 0.044007 -0.896490
5.011146 -67.978569 -615.431340 -1462.467682 -0.783875 -0.416086 -0.460883 -0.462819 0.886357 -0.013037 0.413931 0.203086 -0.887365
4.166862 -69.292500 767.647946 580.430473 0.794648 0.395919 0.460199 -0.530157 0.821904 0.208346 0.295751 0.409539 -0.863023
3.150904 -64.081369 -665.565761 -2404.844115 -0.761183 -0.429152 -0.486240 -0.374788 0.902959 -0.210234 0.529277 0.022210 -0.848158
0.898286 -66.638749 -744.060273 -1236.388336 -0.751129 -0.441113 -0.491146 -0.489643 0.871272 -0.033685 0.442781 0.215185 -0.870426
0.191890 -67.529991 683.825614 811.057501 0.763997 0.425923 0.484663 -0.560009 0.810809 0.170229 0.320465 0.401470 -0.857977
-4.224880 -58.549522 573.258390 2184.500801 0.838684 0.434009 0.329007 0.038236 0.555691 -0.830509 0.543275 -0.709115 -0.449454
-6.176528 -61.907916 203.809127 2869.307542 0.856485 0.398935 0.327543 0.055922 0.559111 -0.827205 0.513134 -0.726805 -0.456561
-5.907405 -48.088680 -160.569362 3984.601248 0.869616 0.386842 0.306792 -0.082579 0.726585 -0.682096 0.486774 -0.567827 -0.663795
0.427689 -93.656625 -907.383230 -3254.524026 0.412872 0.862779 -0.291804 -0.864778 0.471894 0.171682 -0.285824 -0.181463 -0.940944
-1.046157 -108.116717 -1069.806738 -3223.833643 0.396108 0.864213 -0.310216 -0.774936 0.495866 0.391907 -0.492517 -0.085160 -0.866126
-3.926170 -31.581460 131.862889 -778.094128 -0.632717 -0.559043 -0.535855 0.741507 -0.237894 -0.627355 0.223242 -0.794278 0.565053
-1.499687 -31.502320 -141.746830 -1464.429162 -0.635928 -0.571196 -0.518970 0.760839 -0.351353 -0.545595 0.129300 -0.741812 0.658024
-4.475594 -32.329175 117.976088 -444.105301 -0.635603 -0.550893 -0.540857 0.700526 -0.117118 -0.703951 0.324458 -0.826317 0.460355
-4.810112 -33.758394 77.842033 -149.611376 -0.598260 -0.570778 -0.562403 0.710261 -0.052802 -0.701956 0.370965 -0.819405 0.436991
-2.348288 -33.783785 -216.985111 -337.320327 -0.605757 -0.581456 -0.543109 0.745133 -0.175227 -0.643485 0.278991 -0.794484 0.539407
-8.044010 -215.981792 800.306666 14506.514921 0.690915 0.605738 -0.394611 -0.634622 0.769624 0.070248 0.346254 0.201894 0.916159
-11.537194 -258.038509 808.759674 -50284.525423 0.700414 0.585103 -0.408747 -0.160846 0.687351 0.708292 0.695376 -0.430353 0.575542
-9.421167 -425.691334 1839.522471 -93322.594750 0.694708 0.527502 -0.489002 -0.261003 0.818370 0.512004 0.670268 -0.228062 0.706207
-35.392465 -508.329155 2721.937300 -106643.894835 0.778359 0.627664 0.013979 0.398077 -0.476189 -0.784078 0.485481 -0.615859 0.620504
-41.310758 -141.221621 8968.649461 -17812.204940 0.751126 0.646855 0.131862 0.413073 -0.304713 -0.858208 0.514956 -0.699091 0.496077
-11.553917 -212.440978 3042.658231 -29003.989887 0.785559 0.616112 0.057465 0.248811 -0.229476 -0.940975 0.566559 -0.753490 0.333563
5.599828 -23.758347 705.618001 -3251.244731 0.105525 0.711717 -0.694495 0.903349 0.223359 0.366157 0.415722 -0.666010 -0.619359
12.604585 -28.976473 593.894775 -1050.113365 0.221102 0.715999 -0.662162 0.807696 0.246084 0.535789 0.546572 -0.653290 -0.523900
6.229357 -35.517860 1683.509995 -666.738615 0.177572 0.768808 -0.614332 0.800783 0.249974 0.544297 0.572026 -0.588598 -0.571260
9.002574 -17.314635 2083.406640 -1808.380637 -0.262787 0.612386 -0.745604 0.916412 0.400196 0.005704 0.301881 -0.681782 -0.666364
11.410373 -9.236773 1462.188384 -1009.155590 -0.357044 0.524017 -0.773257 0.878225 0.470305 -0.086798 0.318183 -0.710084 -0.628124
5.408661 -4.428092 -84.811741 -2554.117761 -0.183247 0.577664 -0.795440 0.921171 0.383474 0.066274 0.343314 -0.720592 -0.602397
5.238194 -29.217095 407.126402 928.717329 0.821710 0.305282 0.481243 0.566159 -0.340617 -0.750629 0.065234 -0.889260 0.452727
7.279927 -29.025307 795.714521 1107.017494 0.812041 0.293175 0.504616 0.581384 -0.331101 -0.743212 0.050812 -0.896895 0.439315
6.865358 -32.364543 1313.528063 662.319533 0.817055 0.308002 0.487396 0.576446 -0.453143 -0.679979 -0.011425 -0.836538 0.547790
-15.819123 -435.058963 1811.763528 -83072.600668 0.345952 0.938141 0.014438 0.443173 -0.149824 -0.883827 0.826991 -0.312160 0.467591
2.358422 -193.137743 -246.097196 -29719.440059 0.337526 0.927941 0.158121 0.749218 -0.163135 -0.641919 0.569868 -0.335131 0.750292
16.837611 -73.355764 407.251606 1410.277296 0.883956 0.326331 0.334857 0.412549 -0.207291 -0.887036 0.220055 -0.922246 0.317864
-35.641879 -52.961239 -276.936789 -93.216024 -0.646492 -0.111428 -0.754739 0.149023 0.951776 -0.268168 0.748225 -0.285841 -0.598711
-33.154697 -50.501182 -144.890186 1094.693724 -0.475583 -0.465608 -0.746345 -0.152804 0.879264 -0.451160 0.866298 -0.100520 -0.489310
-37.051532 -52.386605 -523.950676 55.361726 -0.558557 -0.264987 -0.786000 0.110804 0.915267 -0.387309 0.822032 -0.303426 -0.481867
9.026028 -41.317404 41.573652 -1701.201645 0.335326 0.807469 0.485336 -0.435425 0.589672 -0.680214 0.835441 -0.016766 -0.549325
8.800852 -41.378370 145.528366 -1142.393797 0.335708 0.768974 0.544039 -0.449971 0.638314 -0.624565 0.827542 0.035130 -0.560303
11.644264 -45.034781 164.595940 -168.576305 0.348811 0.781227 0.517702 -0.586491 0.612820 -0.529603 0.730999 0.118896 -0.671941
6.025394 -34.672498 30.309321 -1971.795496 0.334582 0.768797 0.544982 -0.284261 0.633711 -0.719448 0.898471 -0.085797 -0.430567
12.429784 -47.109644 113.334394 -1069.151337 0.360689 0.817795 0.448458 -0.569065 0.573916 -0.588885 0.738964 0.042798 -0.672384
5.494691 -33.077462 92.921954 -2251.769875 0.330077 0.827835 0.453584 -0.282795 0.545166 -0.789190 0.900598 -0.132222 -0.414054
1.790802 -21.867067 95.783577 389.862188 0.778671 0.129121 0.614002 -0.586098 0.499002 0.638347 0.223964 0.856928 -0.464236
0.657082 -23.013509 -615.295608 428.967623 0.785018 0.162816 0.597694 -0.581727 0.525405 0.620922 0.212935 0.835129 -0.507167
1.545055 -23.814937 115.968347 374.129894 0.772162 0.132151 0.621531 -0.564359 0.592115 0.575238 0.292000 0.794944 -0.531790
0.713180 -21.198050 -640.493723 269.695505 0.804013 0.150595 0.575225 -0.575787 0.438673 0.689953 0.148432 0.885938 -0.439410
0.690482 -23.245352 713.527673 351.069179 0.767337 0.098064 0.633701 -0.567956 0.562714 0.600649 0.297691 0.820814 -0.487487
0.840087 -21.456973 716.312150 376.348942 0.759725 0.107313 0.641328 -0.608191 0.466206 0.642460 0.230047 0.878143 -0.419455
1.517118 -20.403788 40.353709 281.198768 0.782655 0.130479 0.608627 -0.601325 0.411095 0.685134 0.160808 0.902206 -0.400206
1.727303 -38.492920 -46.728438 -120.703825 0.934074 0.173545 0.312070 -0.320409 0.793122 0.517972 0.157619 0.583815 -0.796440
2.649244 -45.637301 -53.346405 -1419.771504 0.909835 0.206999 0.359654 -0.397752 0.682081 0.613643 0.118290 0.701368 -0.702916
2.304237 -49.870316 240.476671 -1466.631342 0.922696 0.161558 0.350045 -0.357153 0.700090 0.618316 0.145170 0.695538 -0.703671
0.034287 -97.193343 117.869277 831.202526 -0.924939 -0.228167 -0.304021 -0.198524 0.972025 -0.125523 0.324156 -0.055746 -0.944360
8.897263 -26.881288 -4812.005976 -575.786356 -0.669233 -0.545840 -0.504168 -0.122009 0.750023 -0.650061 0.732967 -0.373529 -0.568538
36.107519 -27.242026 -7059.968126 -1020.928825 -0.693990 -0.519777 -0.498206 -0.099391 0.754505 -0.648724 0.713091 -0.400691 -0.575281
-6.898357 -26.681117 66.069318 -411.191492 -0.836437 -0.219137 -0.502347 -0.363582 0.907718 0.209416 0.410099 0.357808 -0.838923
-6.544741 -33.198059 22.470292 744.155575 -0.837720 -0.270232 -0.474552 -0.139390 0.946009 -0.292639 0.528011 -0.179001 -0.830158
-7.152150 -34.161656 -25.013606 162.262890 -0.841794 -0.236434 -0.485265 -0.004746 0.902180 -0.431333 0.539778 -0.360790 -0.760572
-6.918631 -35.349405 25.708948 123.049259 -0.863686 -0.201254 -0.462108 0.012514 0.907981 -0.418825 0.503875 -0.367516 -0.781692
-3.523025 -83.099464 -78.921755 -1881.132671 -0.126040 -0.777725 0.615839 0.838148 0.248605 0.485494 -0.530681 0.577356 0.620514
-4.072669 -86.410775 -251.907930 1272.859755 0.162179 0.783702 -0.599591 0.671088 0.357875 0.649281 -0.723421 0.507678 0.467894
-3.182345 -107.416450 -20.696962 5492.259385 0.193465 0.801781 -0.565436 0.461687 0.434125 0.773550 -0.865688 0.410709 0.286185
-9.150479 -24.911180 -761.232153 -270.173490 0.949900 0.013225 0.312274 -0.310412 0.156684 0.937600 0.036529 0.987560 -0.152939
-12.538905 -26.139281 -1261.109887 -193.493739 0.954146 -0.018591 0.298765 -0.294250 0.125075 0.947509 0.054983 0.991973 -0.113870
-10.745457 -24.671876 -1063.475915 -226.564021 0.919271 0.020223 0.393106 -0.383880 0.266907 0.883966 0.087047 0.963510 -0.253123
-10.550172 -26.321088 -1028.123902 -121.342103 0.970046 -0.004128 0.242888 -0.242807 0.014462 0.969967 0.007516 0.999887 -0.013026
-5.989370 -22.902880 -623.007628 -224.836532 0.900961 0.057730 0.430042 -0.427973 0.281486 0.858839 0.071470 0.957827 -0.278314
-5.725822 -23.278550 -318.279601 -284.771954 0.928303 0.046215 0.368942 -0.370998 0.181278 0.910768 0.024790 0.982345 -0.185426
-8.023763 -25.247641 -399.985576 -184.784391 0.964690 0.017793 0.262786 -0.263355 0.049605 0.963423 -0.004107 0.998610 -0.052540
17.228181 -585.452479 -1317.720463 -97311.668979 0.212104 0.743423 -0.634298 0.893613 0.115178 0.433809 0.395561 -0.658829 -0.639903
83.742607 -3474.996607 -4807.775053 -765879.216269 0.177316 0.731354 -0.658544 0.982753 -0.095891 0.158118 0.052491 -0.675223 -0.735744
-1.251854 -13.914445 1400.308418 -932.013653 0.341571 -0.672524 0.656536 0.853019 0.515100 0.083851 -0.394574 0.531397 0.749619
-3.101528 -10.623793 1451.476818 -1395.679408 0.402342 -0.626090 0.667931 0.800117 0.595036 0.075795 -0.444897 0.503928 0.740353
4.102716 -8.902897 1996.013796 -937.823201 0.112035 -0.783514 0.611191 0.891706 0.350702 0.286126 -0.438529 0.512947 0.737955
26.802339 3.269811 -606.110143 3491.728429 0.905932 0.235546 0.351859 -0.090299 -0.704397 0.704039 -0.413682 0.669584 0.616867
22.201867 8.626905 1888.463826 3677.535326 0.972673 0.113062 0.202793 -0.068505 -0.694792 0.715941 -0.221844 0.710268 0.668060
26.167780 11.821815 -192.866267 1033.796091 0.907486 0.150085 0.392357 -0.209142 -0.648602 0.731830 -0.364321 0.746183 0.557208
-12.023793 -18.311417 -1041.258136 365.262419 0.871281 -0.004245 0.490766 0.312985 0.775042 -0.548953 0.378035 -0.631895 -0.676608
-12.027101 -16.934747 -999.485708 -22.595424 0.798645 -0.166805 0.578224 0.452686 0.799614 -0.394579 0.396538 -0.576882 -0.714118
-56.615020 -247.349839 -4942.760487 31299.922455 -0.563698 0.495398 0.660928 -0.121390 0.741797 -0.659546 -0.817013 -0.452015 -0.358013
-31.421977 -481.011387 -3934.658707 -98636.269062 -0.511223 0.086250 0.855109 0.038343 0.996250 -0.077563 -0.858592 -0.006864 -0.512613
-61.576113 -225.115705 -7808.899015 10187.077551 -0.506971 0.306303 0.805704 -0.008682 0.932869 -0.360110 -0.861919 -0.189561 -0.470278
-16.385897 -26.365668 -2339.803085 -22.629191 0.281572 0.706769 0.648995 0.718108 -0.603818 0.346013 -0.636426 -0.368621 0.677555
2.054235 -65.178606 272.774668 2866.258451 0.662954 0.655766 -0.361196 -0.635379 0.747997 0.191817 0.395961 0.102330 0.912548
11.884091 -66.245721 583.929252 -3387.083200 0.697638 0.622657 -0.354400 -0.385613 0.743231 0.546727 0.603824 -0.244756 0.758611
9.717371 -66.839346 739.808047 1024.425776 0.758946 0.548753 -0.350529 -0.465724 0.833683 0.296771 0.455084 -0.061984 0.888289
24.822707 -67.729621 2928.450196 -4161.341761 0.773446 0.491275 -0.400537 -0.260497 0.822429 0.505718 0.577860 -0.286807 0.764081
2.440434 -64.283123 722.568708 4512.311815 0.735942 0.566910 -0.370139 -0.603735 0.796930 0.020193 0.306422 0.208604 0.928757
11.155347 -65.214346 1865.046217 4293.917636 0.804262 0.461322 -0.374625 -0.492585 0.870151 0.014021 0.332449 0.173259 0.927070
22.848891 -68.127965 3637.300220 660.370923 0.796569 0.428670 -0.426287 -0.351834 0.902134 0.249735 0.491622 -0.048949 0.869432
8.033715 -28.275387 3787.771400 1044.975783 0.609967 0.556975 -0.563666 0.414848 0.381607 0.826001 -0.675161 0.737669 -0.001708
22.214592 -30.983693 -4668.362503 1192.023690 -0.585269 -0.494930 0.642265 0.385241 0.527256 0.757358 -0.713477 0.690685 -0.117920
-1.787212 -41.743991 -79.996544 311.941285 0.621890 0.567982 0.539119 -0.039786 0.710465 -0.702607 -0.782093 0.415495 0.464429
-0.834507 -41.812452 -320.286571 230.158143 0.615325 0.592272 0.520181 0.069482 0.616579 -0.784221 -0.785205 0.518694 0.338244
-0.724869 -40.023290 -323.216477 -343.497089 0.617909 0.607518 0.499109 -0.178557 -0.509783 0.841569 -0.765706 0.609133 0.206523
-0.203985 -50.187964 507.678586 2221.942832 0.827589 0.423882 0.367996 -0.007095 0.663419 -0.748214 0.561290 -0.616602 -0.552046
0.179830 -43.080464 -91.276611 2026.169130 -0.835349 -0.406916 -0.369611 -0.091402 0.765814 -0.636534 0.542069 -0.497944 -0.676914
-7.343013 -33.316372 295.621203 -394.248151 -0.761946 -0.569946 -0.307570 -0.299645 0.731260 -0.612757 0.574152 -0.374726 -0.727963
-0.043593 -27.465469 -329.954855 -1510.785326 -0.691296 -0.550034 -0.468585 0.722368 -0.510692 -0.466239 0.017145 -0.660800 0.750366
-4.148847 -236.087821 595.521690 -30459.816522 0.719829 0.562632 -0.406561 0.687355 -0.495968 0.530622 -0.096904 0.661408 0.743740
-3.128034 -334.856518 -1678.992104 -53146.911147 -0.650567 -0.615136 0.445388 0.757499 -0.483593 0.438559 -0.054387 0.622693 0.780574
-2.170578 -89.849028 -197.315788 -11341.891679 0.632798 0.539039 -0.555881 -0.558642 -0.179290 -0.809799 0.536177 -0.822977 -0.187676
-10.124704 -119.469096 -1497.581118 -12713.933602 0.734693 0.496270 -0.462539 -0.531928 -0.001749 -0.846788 0.421044 -0.868167 -0.262695
-3.886536 -71.977669 -1163.710910 -5616.602356 0.677546 0.519357 -0.520768 -0.441324 -0.279336 -0.852763 0.588358 -0.807614 -0.039941
-1.102738 -57.746766 779.698132 -3176.253454 0.601300 0.570095 -0.559849 -0.454759 -0.331940 -0.826444 0.656988 -0.751537 -0.059660
2.114895 -16.402982 -1938.134080 184.119311 0.207076 0.017202 -0.978174 0.664268 0.731566 0.153488 0.718239 -0.681553 0.140063
4.706558 -17.131459 -1779.112183 -301.729552 0.329649 0.202480 -0.922135 0.571794 0.734398 0.365665 0.751254 -0.647813 0.126316
9.220257 -19.299458 -1813.526229 94.232461 0.252814 0.112251 -0.960981 0.669736 0.696507 0.257551 0.698240 -0.708716 0.100908
-40.741992 -157.380106 2769.708403 -26381.792579 0.860573 0.480273 0.169567 0.323179 -0.257584 -0.910608 0.393662 -0.838444 0.376883
28.321576 -501.789258 -7110.447847 -101384.503480 0.805048 0.555219 -0.208877 -0.040530 -0.299810 -0.953138 0.591823 -0.775787 0.218858
13.481696 -31.912195 1149.087081 -752.146745 0.240726 0.742434 -0.625174 -0.717326 -0.297813 -0.629881 0.653830 -0.600083 -0.460876
-1.351913 -32.143920 -20.823863 -517.628153 -0.668135 -0.452125 -0.590913 0.728836 -0.557436 -0.397571 -0.149644 -0.696310 0.701968
-1.609056 -30.876145 -264.856719 -412.649656 -0.641962 -0.494994 -0.585548 0.755168 -0.540349 -0.371138 -0.132689 -0.680444 0.720687
0.131841 -31.873522 -194.276490 141.277033 -0.635831 -0.482647 -0.602304 0.723691 -0.644081 -0.247851 -0.268309 -0.593474 0.758814
