19132
38253
-36.728155 -59.359326 -151.432417 6788.349549 0.304652 0.938553 -0.162192 0.659995 -0.330797 -0.674522 0.686727 -0.098449 0.720218
-40.572593 -66.654103 -104.876986 6319.447778 0.240222 0.959972 -0.144039 0.746756 -0.277556 -0.604415 0.620200 -0.037632 0.783540
-47.783205 -76.294139 1444.121766 6411.124635 0.051707 0.995583 0.078359 0.813949 0.003449 -0.580926 0.578630 -0.093818 0.810176
-36.093964 -56.756836 -210.836208 5878.856821 0.371081 0.856915 -0.357765 0.609083 -0.515425 -0.602789 0.700940 -0.005775 0.713197
-42.968832 -71.646725 -336.285705 12685.435155 -0.014033 0.977780 0.209161 0.738671 0.151123 -0.656908 0.673921 -0.145283 0.724378
-34.437420 -49.945654 -384.367660 6486.618690 0.363740 0.910952 -0.194576 0.564540 -0.381736 -0.731828 0.740937 -0.156349 0.653121
-30.864149 -49.839523 409.933733 3502.969912 0.480717 0.755694 -0.444789 0.462433 -0.649452 -0.603629 0.745028 -0.084490 0.661661
43.169486 -78.986951 4090.294850 -11308.322816 0.608546 -0.500658 0.615641 0.733104 0.651647 -0.194716 -0.303694 0.569822 0.763592
74.771151 -60.771047 -5699.258614 7768.349269 0.681312 -0.464046 0.566105 -0.624649 -0.771764 0.119141 -0.381613 0.434789 0.815678
56.752537 -62.008552 -1033.970355 -7340.645115 0.518345 -0.467543 0.716046 0.721300 0.688830 -0.072376 -0.459395 0.554000 0.694291
57.316186 -78.242417 -8824.001668 11397.575299 0.733429 -0.417383 0.536539 -0.620217 -0.733946 0.276865 -0.278232 0.535832 0.797165
44.246462 -76.369600 2147.885184 -9200.268798 0.462993 -0.496067 0.734544 0.803375 0.584976 -0.111320 -0.374469 0.641654 0.669368
31.933162 -93.248941 2369.933414 -11790.362504 0.497334 -0.497770 0.710552 0.828244 0.516181 -0.218104 -0.258208 0.696981 0.668989
29.223030 -95.225371 5194.179172 -13775.383192 0.679065 -0.483306 0.552528 0.711036 0.620158 -0.331411 -0.182482 0.617916 0.764775
23.742164 -100.626830 5465.398604 -11287.171512 0.607689 -0.509902 0.608862 0.780739 0.523995 -0.340406 -0.145467 0.682223 0.716527
-9.977362 -50.901114 -920.323319 -83.724944 0.076564 0.904514 0.419514 0.215274 0.395829 -0.892735 0.973548 -0.158662 0.164412
-6.386038 -50.903385 -2525.489279 -1490.622761 0.104142 0.903631 0.415458 0.310518 0.367305 -0.876736 0.944846 -0.220312 0.242341
1.751616 -50.091206 -11330.168122 -134.112134 0.125260 0.875739 0.466252 0.212851 0.435290 -0.874767 0.969022 -0.208816 0.131878
-12.149287 -51.453581 2458.728730 -1125.388842 0.045649 0.906532 0.419662 0.296802 0.388822 -0.872196 0.953847 -0.164371 0.251312
-5.638310 -48.925557 -5441.532640 2281.352648 0.097409 0.886589 0.452185 0.096508 0.443790 -0.890919 0.990554 -0.130423 0.042334
-12.387647 -50.464778 1285.794767 762.974637 0.042108 0.902401 0.428835 0.158856 0.417709 -0.894586 0.986403 -0.105793 0.125763
-3.929370 -47.393848 -2400.367590 1088.853975 0.553808 0.623399 -0.551969 -0.381309 -0.399432 -0.833701 0.740203 -0.672181 -0.016499
2.640568 -41.569240 -3890.376327 -1980.058795 0.597081 0.630831 -0.495528 -0.387641 -0.313915 -0.866713 0.702303 -0.709584 -0.057103
-7.292030 -44.700648 -4729.249128 -2270.593801 0.545572 0.590452 -0.594742 -0.427185 -0.414618 -0.803495 0.721016 -0.692430 -0.026028
-11.490061 -49.882785 -4337.940382 1468.577572 0.524395 0.577533 -0.625673 -0.412342 -0.470654 -0.780038 0.744973 -0.667039 0.008667
-16.491191 -49.881226 -5245.956955 374.015725 0.493271 0.553852 -0.670770 -0.460007 -0.488383 -0.741536 0.738294 -0.674337 -0.013871
-10.515758 -45.060291 -4069.906942 -895.069732 0.505582 0.591078 -0.628501 0.518613 0.373970 0.768887 0.689513 -0.714684 -0.117468
-4.935138 -27.604449 -358.083253 -4018.406102 -0.308749 0.709547 0.633417 0.699651 -0.281711 0.656603 0.644331 0.645896 -0.409458
-5.921083 -22.461874 -1722.086682 -3607.281837 -0.421146 0.748408 0.512368 0.652867 -0.141997 0.744044 0.629603 0.647860 -0.428809
-8.844403 -32.088160 -1351.878589 2782.788547 -0.349596 0.715614 0.604714 -0.640036 0.288940 -0.711946 0.684205 0.635932 -0.357007
-7.999808 -36.477521 -417.645502 3143.544143 -0.263498 0.682308 0.681927 -0.664655 0.383925 -0.640964 0.699144 0.622139 -0.352336
-0.376596 -42.742299 -382.750801 468.119729 0.415375 0.790346 -0.450353 -0.622126 0.608016 0.493230 -0.663644 -0.075301 -0.744249
0.993420 -44.129941 -592.279048 716.198583 0.407079 0.795155 -0.449460 -0.632695 0.600382 0.489120 -0.658774 -0.085261 -0.747494
-0.736994 -44.726081 190.272058 -1607.105034 0.398844 0.810782 -0.428434 -0.598417 0.584134 0.548347 -0.694853 -0.037677 -0.718164
-2.295006 -42.738393 -284.185856 -711.971311 0.406658 0.802458 -0.436682 -0.578554 0.596131 0.556689 -0.707039 -0.026261 -0.706687
-2.319617 -41.710960 -1446.897994 1029.004862 0.414764 0.784941 -0.460260 -0.607801 0.615419 0.501834 -0.677162 -0.071604 -0.732342
-1.404673 -41.328122 -776.509159 306.227799 0.432309 0.774939 -0.461063 -0.668526 0.618574 0.412843 -0.605129 -0.129757 -0.785482
32.566190 -96.051384 -5347.705027 10041.711474 0.404422 0.861575 -0.306808 0.845195 -0.223922 0.485287 0.349410 -0.455574 -0.818758
30.841168 -90.278601 -4938.234893 15022.845146 0.464385 0.817948 -0.339570 0.747834 -0.156760 0.645113 0.474438 -0.553523 -0.684487
49.921504 -77.736884 -10580.959238 -14402.328352 0.344969 0.869299 -0.353999 -0.775304 0.051321 -0.629500 0.529056 -0.491615 -0.691675
59.817445 -90.382916 -14810.857186 -16232.793182 0.274488 0.909124 -0.313288 -0.853498 0.080264 -0.514878 0.442942 -0.408718 -0.797967
73.147026 -66.623043 -15898.658387 -13082.503120 0.237204 0.917889 -0.318141 -0.792625 -0.006481 -0.609675 0.561676 -0.396784 -0.726005
16.403758 -112.744851 -3363.263203 3561.732890 0.039400 0.988857 0.143561 -0.627345 -0.087348 0.773827 -0.777744 0.120551 -0.616913
17.789023 -113.750540 -4693.692751 5365.074551 0.054301 0.995711 0.074913 -0.674106 -0.018791 0.738395 -0.736636 0.090594 -0.670194
24.156097 -112.204518 -4089.716896 -1993.290774 0.032855 0.990577 0.132956 -0.781172 -0.057530 0.621660 -0.623451 0.124287 -0.771921
10.670081 -107.972449 -2489.010828 7338.224241 0.058132 0.991787 0.113925 -0.519012 -0.067458 0.852101 -0.852788 0.108663 -0.510828
18.331659 -108.800774 336.383667 -862.558882 0.052487 0.972361 0.227506 -0.669190 -0.134854 0.730752 -0.741235 0.190600 -0.643616
11.402853 -101.712290 -1065.330927 1607.393323 0.056313 0.981716 0.181832 -0.464704 -0.135420 0.875049 -0.883673 0.133775 -0.448582
-1.627298 -101.444569 -846.112873 2551.162394 0.324555 0.904127 0.277882 0.760605 -0.074830 -0.644888 0.562267 -0.420660 0.711970
-1.939216 -94.673580 -385.059226 -896.701600 0.320534 0.908957 0.266562 0.776951 -0.091309 -0.622905 0.541854 -0.406768 0.735482
-1.363611 -99.873390 -1711.150206 4701.001037 0.290507 0.908924 0.299105 0.845240 -0.097235 -0.525466 0.448525 -0.405467 0.796506
-0.413936 -113.151616 -938.160014 9732.322708 0.281541 0.913087 0.294970 0.868510 -0.111796 -0.482900 0.407954 -0.392140 0.824500
-0.288148 -106.502211 1211.639379 3714.313797 0.306845 0.913238 0.268034 0.813866 -0.105768 -0.571345 0.493424 -0.393458 0.775708
-19.700478 -79.490253 1976.200876 8843.139207 0.425141 0.904379 -0.036795 0.872628 -0.398742 0.282002 -0.240365 0.151999 0.958708
-16.340080 -85.095916 223.811414 6271.165506 0.465906 0.884112 -0.035757 0.814820 -0.412934 0.406883 -0.344965 0.218705 0.912780
-22.078966 -104.556643 1996.995446 11778.970386 0.383807 0.920233 -0.076577 0.829350 -0.307058 0.466791 -0.406043 0.242667 0.881046
-1.033492 -31.662650 -2283.729447 -5425.661980 0.759037 -0.326314 0.563367 -0.296731 0.596826 0.745486 0.579494 0.733020 -0.356186
-1.448989 -37.291798 -3598.874756 -3687.384687 0.734467 -0.268600 0.623227 -0.402923 0.566376 0.718938 0.546087 0.779149 -0.307759
-7.118225 -40.572516 -511.178776 -3709.860815 0.779559 -0.383339 0.495317 -0.287880 0.483041 0.826920 0.556249 0.787225 -0.266203
-8.191239 -44.833927 1046.607183 -1768.470401 0.776467 -0.423732 0.466423 -0.300286 0.401928 0.865033 0.554011 0.811730 -0.184843
-6.865044 -38.947746 477.536758 -3634.871067 0.786923 -0.446230 0.426182 -0.210660 0.454898 0.865269 0.579978 0.770680 -0.263967
-3.894855 -32.346914 -474.682559 -5205.535400 0.791353 -0.424065 0.440374 -0.174994 0.533060 0.827783 0.585779 0.732131 -0.347630
3.379238 -58.784519 863.932811 541.019300 0.029142 0.953740 0.299216 -0.203727 -0.287392 0.935896 -0.978594 0.088232 -0.185927
3.914183 -47.799965 1249.208442 2634.486344 0.013615 0.948890 0.315313 -0.218393 -0.304907 0.927004 -0.975766 0.081484 -0.203080
1.810773 -58.105207 187.537435 10992.431697 0.049107 0.982611 0.179066 -0.268122 -0.159733 0.950051 -0.962133 0.094666 -0.255615
-1.736813 -27.399292 -1469.298799 1888.986030 0.813293 -0.431558 0.390272 0.321632 0.892388 0.316538 -0.484878 -0.131915 0.864576
-4.519156 -38.781238 -1525.456258 4195.878419 0.859851 -0.194326 0.472117 0.074203 0.962478 0.261018 -0.505124 -0.189404 0.842007
-5.002476 -36.827870 -1701.127394 3866.028485 0.851425 -0.280699 0.443040 0.183917 0.950879 0.249005 -0.491173 -0.130527 0.861227
-3.992584 -32.259173 40.296481 3902.786040 0.859721 -0.236602 0.452659 0.113628 0.952626 0.282123 -0.497965 -0.191112 0.845876
-0.129871 -21.946021 -1416.958313 702.509953 0.772766 -0.539461 0.334387 0.404738 0.824676 0.395090 -0.488896 -0.169973 0.855622
-0.126426 -115.147073 -880.337472 1105.059021 0.365232 0.924962 0.105121 -0.418685 0.264071 -0.868890 0.831450 -0.273334 -0.483715
-1.080750 -118.623805 -12.547823 1102.904087 0.370959 0.919985 0.126561 -0.368285 0.270852 -0.889385 0.852500 -0.283315 -0.439291
1.012979 -114.203880 -234.199860 916.722079 0.348471 0.933140 0.088420 -0.568033 0.285275 -0.771982 0.745592 -0.218788 -0.629464
5.462329 -56.071898 545.537357 1061.947965 0.509658 0.752722 -0.416724 -0.800587 0.592306 0.090746 -0.315134 -0.287374 -0.904492
5.298046 -53.051492 850.762895 2131.809099 0.484802 0.771663 -0.411707 -0.765726 0.601945 0.226553 -0.422648 -0.205421 -0.882707
6.287779 -52.228881 335.618869 1577.858846 0.491795 0.757907 -0.428618 -0.785608 0.598501 0.156899 -0.375443 -0.259564 -0.889758
5.228062 -60.328044 -15.289505 -460.990945 0.525610 0.745786 -0.409314 0.817004 -0.576631 -0.001509 -0.237148 -0.333618 -0.912392
4.865359 -57.801396 302.570703 2322.839249 0.497032 0.768644 -0.402672 -0.792589 0.591044 0.149899 -0.353216 -0.244649 -0.902987
-10.537251 -192.613915 1609.827854 -19267.378231 0.339675 -0.353480 0.871592 0.845939 0.519870 -0.118841 -0.411106 0.777681 0.475610
-9.455103 -200.355468 1998.566093 -4286.275416 0.342459 -0.366427 0.865132 0.931287 0.254115 -0.261017 -0.124199 0.895074 0.428273
-14.495634 -211.776330 633.066602 -19002.799755 0.334009 -0.323905 0.885168 0.911817 0.348959 -0.216372 -0.238804 0.879382 0.411898
-14.739894 -184.737118 1341.690772 -30280.788592 0.335839 -0.332586 0.881248 0.777731 0.625704 -0.060246 -0.531363 0.705607 0.468798
-15.862768 -210.798048 -107.174415 -35822.922831 0.317808 -0.292983 0.901753 0.822143 0.558912 -0.108158 -0.472312 0.775744 0.418501
-17.073337 -232.321314 1632.519974 -16712.593880 0.328507 -0.304735 0.893991 0.934863 0.239787 -0.261790 -0.134590 0.921759 0.363657
2.162188 -110.060172 5319.022439 -5126.937878 0.493418 -0.439626 0.750512 0.608823 0.790803 0.062962 -0.621187 0.425863 0.657851
-5.754591 -118.422027 1217.842037 -1001.557423 0.429737 -0.479326 0.765227 0.537132 0.816922 0.210064 -0.725820 0.320756 0.608524
0.721371 -99.539848 5009.582220 1088.112042 0.468652 -0.482976 0.739662 0.539757 0.819388 0.193043 -0.699306 0.308768 0.644697
-30.046444 -44.859640 -2429.987076 750.221446 -0.384229 0.911508 -0.146703 0.730744 0.203139 -0.651727 0.564253 0.357615 0.744131
-26.296857 -43.053459 -4384.685800 1478.800024 -0.385309 0.921017 -0.057141 0.692714 0.247777 -0.677314 0.609659 0.300558 0.733472
-28.270337 -41.757157 -4087.261075 1432.393620 -0.438388 0.897882 -0.040288 0.611938 0.265345 -0.745066 0.658292 0.351282 0.665773
-27.974273 -47.199653 -2929.426725 1859.073297 -0.344270 0.930608 -0.124285 0.778009 0.208676 -0.592584 0.525528 0.300703 0.795863
-31.625581 -45.611393 1280.543569 -381.754691 -0.366405 0.882526 -0.294780 0.785451 0.123529 -0.606471 0.498813 0.453749 0.738443
-31.399572 -48.341928 -501.577977 334.110181 -0.350899 0.906755 -0.233804 0.807912 0.166921 -0.565169 0.473443 0.387210 0.791151
22.740160 -54.218975 -1691.194898 -585.733099 -0.184433 0.353250 -0.917169 -0.612291 0.688672 0.388369 0.768820 0.633202 0.089278
23.613283 -53.089605 -39.349368 247.792277 -0.167398 0.307267 -0.936784 -0.527053 0.775123 0.348423 0.833183 0.552060 0.032192
19.934939 -49.621678 -4190.374569 -1108.819792 -0.116522 0.357561 -0.926592 -0.558878 0.747619 0.358778 0.821022 0.559658 0.112719
16.461152 -53.131958 -4929.658751 -1624.849857 -0.123401 0.395840 -0.909990 -0.649398 0.661176 0.375670 0.750370 0.637304 0.175468
19.634741 -58.384782 1803.779878 2038.418194 0.200868 -0.386358 0.900211 0.693045 -0.593414 -0.409327 0.692344 0.706107 0.148566
18.240196 -60.407306 -3396.448342 1722.289694 0.267931 -0.344293 0.899820 0.660097 -0.614705 -0.431752 0.701773 0.709648 0.062568
-17.680752 -2311.137283 697.397402 1199792.127330 0.288641 0.416535 -0.862082 0.918325 -0.375171 0.126199 -0.270862 -0.828097 -0.490804
-44.126029 -502.170767 128.697336 201052.503548 0.216099 0.291736 -0.931768 0.901125 -0.426968 0.075309 -0.375865 -0.855914 -0.355158
-41.986051 -765.423647 5347.052127 314621.097611 0.178972 0.448796 -0.875529 0.757577 -0.630647 -0.168409 -0.627731 -0.633140 -0.452866
-47.354669 -620.023239 -6875.779557 -38629.078406 -0.225933 -0.433134 0.872553 -0.353254 0.871174 0.340980 -0.907836 -0.231194 -0.349833
-19.099798 -579.812398 -15629.676511 -183051.119202 -0.268211 -0.497274 0.825095 -0.688491 0.698011 0.196877 -0.673828 -0.515265 -0.529583
-15.089721 -1091.051305 8666.814134 388231.512480 -0.130900 -0.521741 0.843002 0.678981 0.572414 0.459703 -0.722391 0.632558 0.279323
-35.381253 -1356.332077 -24954.373693 -126449.086085 -0.183584 -0.371970 0.909910 0.103594 0.913166 0.394202 -0.977530 0.166630 -0.129109
97.543083 -2647.972442 -56721.984299 1368646.494718 -0.298827 -0.477120 0.826474 0.917204 0.095548 0.386791 -0.263514 0.873629 0.409064
-14.113493 -43.406117 -2154.035268 -129.963735 0.406079 0.592566 -0.695676 0.659457 0.336988 0.671979 0.632627 -0.731645 -0.253928
-20.451874 -47.876864 -1979.811633 -1524.958040 0.289272 0.532272 -0.795618 0.689623 0.460554 0.558847 0.663884 -0.710335 -0.233841
-20.580440 -47.455333 -185.302984 -3280.889174 0.347028 0.565227 -0.748392 0.653086 0.427063 0.625377 0.673090 -0.705787 -0.220939
6.042743 -52.034891 -262.407051 -302.834721 0.517021 0.729447 -0.447881 0.820619 -0.571224 0.016968 -0.243463 -0.376313 -0.893932
4.288478 -51.687850 -1366.670730 -1017.679438 0.504961 0.721853 -0.473226 0.819912 -0.572487 0.001632 -0.269737 -0.388828 -0.880939
5.742271 -56.869155 -1873.863776 -3887.442877 0.520321 0.709671 -0.475008 0.830179 -0.550735 0.086563 -0.200172 -0.439382 -0.875714
-4.360854 -85.039227 -750.962394 -2717.546237 0.308091 0.914474 0.262332 0.774712 -0.081113 -0.627090 0.552179 -0.396432 0.733444
-4.173981 -81.265553 -630.187338 908.911149 0.284424 0.918719 0.273967 0.847645 -0.107484 -0.519563 0.447885 -0.380003 0.809319
-3.942265 -85.677993 249.771912 3484.637316 0.282771 0.919324 0.273650 0.856294 -0.113395 -0.503886 0.432204 -0.376810 0.819276
917.863325 -13869.778958 -658077.592995 7072719.637232 0.420664 0.099087 -0.901789 0.318837 0.914461 0.249209 0.849344 -0.392357 0.353088
-1407.623565 -4232.942330 566477.225528 -1281501.021248 0.326053 0.406506 -0.853488 -0.116678 0.913228 0.390386 0.938124 -0.027703 0.345191
-2105.807428 -5577.568407 890301.523243 7946.176942 0.145024 0.578644 -0.802583 0.770345 -0.575077 -0.275419 0.620916 0.578323 0.529155
-46.514727 -244.970410 39470.141759 58356.065718 0.914135 0.355889 -0.194167 -0.130227 -0.195785 -0.971961 0.383925 -0.913789 0.132628
-46.229757 -1706.630308 -21757.454994 82418.126522 0.122742 -0.239281 -0.963161 0.991677 -0.008436 0.128471 -0.038866 -0.970914 0.236254
-10.834661 -139.054058 -1053.530087 39816.766285 -0.243750 -0.339269 0.908561 0.901218 -0.425353 0.082947 0.358317 0.839030 0.409436
-3.728402 -73.875462 196.489324 11100.897762 0.042888 -0.449918 0.892039 0.861899 -0.434883 -0.260780 0.505262 0.780033 0.369133
-5.401251 -138.770996 -2217.224026 39954.459689 -0.182740 -0.339931 0.922525 0.873720 -0.486390 -0.006153 0.450799 0.804904 0.385888
10.217908 -242.638288 8109.098565 82236.505828 0.337185 0.076945 -0.938289 0.817909 -0.517472 0.251489 -0.466188 -0.852234 -0.237418
14.288487 -195.870030 3276.821672 58826.955935 0.268259 0.030564 -0.962862 0.840797 -0.495283 0.218529 -0.470210 -0.868194 -0.158563
5.653004 -104.787488 3276.788529 37668.642585 0.375797 -0.014341 -0.926591 0.868350 -0.343752 0.357496 -0.323645 -0.938951 -0.116728
-11.533895 -42.849379 -282.224654 -7205.725144 -0.594390 -0.777262 0.206312 0.772863 -0.481231 0.413641 -0.222224 0.405315 0.886756
-12.483575 -46.570306 718.219540 -2176.612869 -0.615218 -0.760877 0.206333 0.750037 -0.484305 0.450437 -0.242799 0.431874 0.868639
-13.608719 -48.570522 133.771206 832.758400 -0.568684 -0.792739 0.219462 0.782971 -0.439923 0.439800 -0.252100 0.421940 0.870869
5.940039 -50.452162 -157.330371 1851.155011 0.471416 0.767751 -0.433965 -0.756773 0.604827 0.247951 -0.452838 -0.211525 -0.866138
6.379459 -50.090534 -232.552826 1007.759372 0.480508 0.760068 -0.437503 -0.771895 0.603338 0.200401 -0.416281 -0.241412 -0.876602
-27.516388 -39.892257 5194.935751 -8741.722719 -0.016596 -0.568006 0.822857 0.181330 0.807614 0.561141 -0.983282 0.158521 0.089594
-21.001551 -30.402937 -8731.771671 -5060.607813 0.067050 0.820766 -0.567315 0.113890 0.558582 0.821593 -0.991228 0.119700 0.056024
-14.249284 -36.242649 -7618.052739 -3999.863655 0.057385 0.859074 -0.508624 0.166028 0.494157 0.853372 -0.984450 0.133417 0.114273
-27.059519 -44.416699 6120.834606 -5064.765970 -0.002033 -0.640542 0.767921 0.269194 0.739224 0.617318 -0.963084 0.207974 0.170927
19.503137 -63.553240 -13378.984709 -15254.120278 -0.311673 0.950058 0.015835 -0.577080 -0.202502 0.791183 -0.754876 -0.237452 -0.611374
13.993278 -60.698529 -7798.442839 -550.395331 -0.229524 0.972743 -0.033010 -0.493400 -0.087052 0.865435 -0.838972 -0.214925 -0.499932
-10.759894 -233.727072 -11367.649180 -149880.470961 -0.048979 0.809591 -0.584948 -0.810366 0.310147 0.497108 -0.583874 -0.498369 -0.640874
-35.317923 -484.638288 -7689.935601 -219862.259646 0.007534 0.880560 -0.473876 -0.900242 0.212274 0.380136 -0.435324 -0.423739 -0.794316
-15.842929 -48.083918 6516.781062 -4427.750835 0.166259 0.984637 -0.053372 -0.503148 0.131259 0.854174 -0.848057 0.115160 -0.517241
-27.330535 -45.148767 5896.607240 -2417.587612 0.297179 0.908265 -0.294516 -0.515910 0.412292 0.750901 -0.803443 0.071208 -0.591108
-33.438098 -53.857532 6230.919124 -3246.167737 0.184271 0.960784 -0.207216 -0.475522 0.271657 0.836708 -0.860188 0.055645 -0.506933
-35.398904 -59.769983 6333.053859 -2429.923499 0.126703 0.977363 -0.169436 -0.391359 0.206211 0.896836 -0.911474 0.047322 -0.408627
-18.611325 -59.321407 7286.625519 -2934.051504 0.135263 0.990565 -0.022030 -0.369625 0.071077 0.926459 -0.919283 0.117173 -0.375751
2.260530 -42.875903 -5692.785710 689.459335 -0.350551 0.928784 0.120308 0.934330 0.337998 0.113070 0.064353 0.152044 -0.986276
-5.527658 -44.253322 -4085.020503 472.417803 -0.351877 0.926333 0.134495 0.934482 0.339340 0.107670 0.054099 0.163570 -0.985047
-2.856802 -44.922340 -4374.823802 -851.625723 -0.353003 0.926490 0.130405 0.929445 0.331259 0.162481 0.107339 0.178560 -0.978057
28.100790 -48.996569 -1857.000479 -886.413300 0.088540 0.980418 0.175904 -0.364550 0.196240 -0.910271 0.926965 -0.016470 -0.374786
20.137101 -51.511245 -9050.635754 -2201.957272 0.247954 0.937543 0.243991 -0.320492 0.317060 -0.892613 0.914223 -0.143130 -0.379091
30.125273 -49.694369 -6493.508588 -1453.369973 0.157928 0.970121 0.184183 -0.275316 0.222387 -0.935278 0.948293 -0.096998 -0.302211
13.487313 -52.889964 -5049.968201 -330.287448 0.202703 0.947397 0.247692 -0.456511 0.315200 -0.832014 0.866320 -0.055578 -0.496388
39.899325 -47.574063 2860.531337 63.884793 -0.017816 0.989921 0.140493 -0.278663 0.130031 -0.951545 0.960224 0.056103 -0.273538
16.808925 -53.411382 -517.553438 -2657.768398 0.029843 0.988876 0.145716 -0.463766 0.142839 -0.874368 0.885455 0.041484 -0.462869
26.793746 -50.656228 2836.427079 333.615539 -0.072474 0.992766 0.095720 -0.400380 0.058941 -0.914452 0.913479 0.104599 -0.393212
59.797950 -34.570264 23866.003625 3643.423637 -0.474600 0.865516 -0.160118 0.372118 0.032442 -0.927618 0.797674 0.499830 0.337471
125.723706 -30.438050 43493.750000 6806.184649 -0.402196 0.910838 -0.092800 0.332221 0.050740 -0.941836 0.853151 0.409633 0.323007
94.166066 -39.771579 36501.371090 159.123481 -0.433857 0.890810 -0.135001 0.468085 0.094827 -0.878581 0.769847 0.444371 0.458116
183.205716 -35.352275 55318.773503 4967.838666 -0.292459 0.956251 -0.007183 0.402293 0.116215 -0.908105 0.867541 0.268473 0.418682
33.233086 -37.309800 16864.092944 531.945106 -0.478309 0.865717 -0.147491 0.436575 0.088679 -0.895287 0.761986 0.492615 0.420367
196.363019 -38.247235 70607.867095 -1471.438598 -0.342257 0.939276 -0.024928 0.531064 0.171489 -0.829797 0.775133 0.297242 0.557509
188.562852 -47.875287 85358.374058 2653.692303 -0.495655 0.864751 -0.080821 0.504462 0.210892 -0.837283 0.706997 0.455775 0.540763
33.145805 -44.257787 21765.356448 408.260177 -0.508614 0.851984 -0.124239 0.486194 0.165114 -0.858110 0.710582 0.496851 0.498209
-8.473493 -70.736702 -137.342722 8179.169212 -0.656265 0.753427 -0.040798 -0.132747 -0.062063 0.989205 -0.742762 -0.654596 -0.140745
-5.282946 -69.308257 1072.873720 3268.937876 -0.640235 0.766581 -0.049524 -0.109832 -0.027541 0.993569 -0.760287 -0.641557 -0.101828
-5.214001 -71.833969 1023.999917 9633.324457 -0.636507 0.768757 -0.062214 -0.169918 -0.061089 0.983563 -0.752321 -0.636616 -0.169510
-7.387753 -69.318813 -302.370353 631.628072 -0.659142 0.751350 -0.031715 -0.076281 -0.024846 0.996777 -0.748140 -0.659436 -0.073691
-7.713024 -75.635243 -53.128686 7859.839585 -0.667137 0.743565 -0.045150 -0.172087 -0.094862 0.980504 -0.724785 -0.661900 -0.191244
-8.486023 -73.445081 -523.669041 5296.914306 -0.667915 0.743201 -0.039271 -0.091425 -0.029567 0.995373 -0.738601 -0.668415 -0.087695
-2.032465 -68.329231 -499.543690 5530.755499 -0.416877 0.908500 -0.029012 0.335438 0.124098 -0.933853 0.844805 0.399033 0.356479
-2.464174 -66.699549 607.744845 3917.382498 -0.442571 0.896726 0.003686 0.370946 0.186816 -0.909670 0.816413 0.401227 0.415316
-1.691133 -69.028341 -602.330176 945.424162 -0.429115 0.903250 -0.000302 0.437872 0.207731 -0.874709 0.790018 0.375484 0.484648
0.891254 -75.596046 2356.244736 -14401.018647 -0.729135 0.670353 0.137801 -0.397390 -0.578643 0.712218 -0.557174 -0.464542 -0.688300
5.635457 -59.782645 1733.151456 -11045.768711 -0.698605 0.712255 0.068147 -0.516464 -0.567887 0.640913 -0.495193 -0.412549 -0.764583
2.914826 -70.674909 845.966212 -12643.886913 -0.729237 0.668732 0.144949 -0.452772 -0.630409 0.630541 -0.513040 -0.394185 -0.762501
4.498211 -68.866873 143.399584 -11307.792523 -0.730285 0.663999 0.160589 -0.459031 -0.651054 0.604500 -0.505939 -0.367742 -0.780251
4.367636 -80.892571 -2668.073109 14726.378766 -0.765249 0.618777 0.177509 0.355981 0.636520 -0.684193 -0.536351 -0.460388 -0.707369
6.453041 -62.603237 973.790429 -1811.859037 -0.672671 0.734884 0.086373 -0.565638 -0.585954 0.580269 -0.477040 -0.341474 -0.809832
-0.379281 -86.150974 -347.972812 -13074.770038 -0.760087 0.622028 0.188011 -0.305255 -0.597199 0.741737 -0.573661 -0.506393 -0.643800
-2.200748 -85.303918 1327.980900 1644.152251 -0.328117 0.942478 0.063825 0.236561 0.147394 -0.960372 0.914537 0.300016 0.271316
-4.089706 -86.881942 -1123.397540 259.038280 -0.311709 0.948268 0.060209 0.182173 0.121833 -0.975689 0.932551 0.293162 0.210725
-4.213667 -89.720145 -162.256701 2631.593443 -0.330376 0.939504 0.090468 0.371080 0.217422 -0.902789 0.867843 0.264688 0.420462
-1.854537 -87.720347 305.479304 -1812.091544 -0.313098 0.948961 0.037986 0.092875 0.070400 -0.993186 0.945169 0.307437 0.110177
-2.023740 -89.957031 181.173398 3599.763214 -0.323253 0.942019 0.090047 0.346390 0.206339 -0.915117 0.880637 0.264622 0.393005
-1.605232 -87.659264 -55.449913 1009.219270 -0.309958 0.948983 0.057937 0.177836 0.117732 -0.976992 0.933970 0.292523 0.205255
-10.876979 -43.085182 204.817846 -3627.064923 -0.423479 0.905660 -0.021096 0.294741 0.159764 0.942127 -0.856617 -0.392753 0.334592
-11.767891 -39.720537 341.261596 -1838.212795 -0.411527 0.909827 0.053486 0.313618 0.086263 0.945623 -0.855739 -0.405923 0.320838
-12.570373 -44.934214 193.011921 -3939.572871 -0.440943 0.897456 -0.011968 0.345533 0.182045 0.920579 -0.828358 -0.401787 0.390372
-6.744293 -45.930907 3187.428808 -3614.959667 -0.398554 0.917052 0.013074 0.396955 0.159632 0.903850 -0.826790 -0.365423 0.427650
-4.128519 -43.814490 2926.480853 -3034.886526 -0.378295 0.925128 0.032118 0.348820 0.110326 0.930673 -0.857448 -0.363272 0.364439
-5.784414 -40.154738 1255.024580 -1997.518277 -0.382659 0.922922 0.042267 0.287363 0.075416 0.954848 -0.878063 -0.377527 0.294072
13.356982 -43.316002 2899.333765 3462.501461 -0.281941 0.880089 0.382038 -0.533506 0.187141 -0.824833 0.797421 0.436374 -0.416770
9.212874 -40.077997 1867.767276 2080.366865 -0.335413 0.891482 0.304563 -0.565101 0.068276 -0.822192 0.753763 0.447883 -0.480876
12.983562 -37.534333 1219.650495 2173.031968 -0.257873 0.895082 0.363772 -0.562353 0.167113 -0.809835 0.785659 0.413403 -0.460258
13.438344 -34.774478 2218.860949 408.214879 -0.295562 0.903879 0.309266 -0.601330 0.075526 -0.795423 0.742324 0.421068 -0.521207
-11.406762 -53.799725 1283.074403 5568.195069 -0.603638 0.783588 0.147009 0.373392 0.440783 -0.816265 0.704414 0.437836 0.558659
-9.615091 -49.359892 1027.675931 4181.028978 -0.578098 0.807987 0.113843 0.328831 0.358380 -0.873747 0.746775 0.467676 0.472870
-2.881260 -48.778954 6414.813351 3530.764386 -0.578921 0.814843 0.029679 0.402165 0.317010 -0.858934 0.709305 0.485319 0.511226
-6.653707 -52.547667 3983.753222 5251.964021 -0.580591 0.812504 0.052449 0.457888 0.379101 -0.804127 0.673240 0.442854 0.592139
-13.048400 -87.421401 -1530.291222 -295.107251 -0.436815 0.899379 -0.017607 -0.405672 -0.214423 -0.888512 0.802884 0.380973 -0.458516
-14.166787 -84.084754 -1188.505929 -2796.679470 -0.432851 0.901404 -0.010534 -0.264136 -0.137992 -0.954563 0.861900 0.410401 -0.297824
-13.350977 -87.376100 305.572854 -1340.727404 -0.430531 0.902527 -0.009364 -0.374231 -0.187940 -0.908091 0.821337 0.387457 -0.418667
-12.811373 -87.984662 309.431708 481.295601 -0.444550 0.895680 -0.011541 -0.526112 -0.271508 -0.805909 0.724970 0.352195 -0.591926
-11.967546 -87.510555 -587.646997 1083.037868 -0.459991 0.887895 -0.007149 -0.558106 -0.295381 -0.775415 0.690599 0.352694 -0.631412
-12.820470 -88.175716 -901.794594 2833.859807 -0.471122 0.882058 -0.004260 -0.474028 -0.257254 -0.842091 0.743869 0.394708 -0.539319
-10.142880 -42.458846 -884.706303 -4196.093751 -0.469904 0.873011 -0.130546 -0.591865 -0.201886 0.780345 -0.654894 -0.443952 -0.611572
-11.145663 -38.511621 386.450082 -5396.613417 -0.441462 0.889900 -0.114846 -0.589450 -0.191123 0.784870 -0.676505 -0.414187 -0.608925
-10.817248 -37.196959 -176.893741 2076.889461 -0.426048 0.892983 -0.145138 -0.616359 -0.169066 0.769102 -0.662257 -0.417131 -0.622428
-9.972239 -40.376784 -2063.917835 3244.530818 -0.459040 0.869840 -0.180725 -0.632884 -0.177407 0.753648 -0.623491 -0.460332 -0.631944
-9.377888 -40.492072 -1837.530583 523.637949 -0.483205 0.860880 -0.159369 -0.610997 -0.201210 0.765635 -0.627053 -0.467333 -0.623221
-9.515284 -46.206423 -897.559786 -7156.778535 -0.484345 0.862400 -0.147230 -0.596974 -0.202759 0.776216 -0.639556 -0.463849 -0.613035
-0.722317 -186.371432 -1898.912702 4351.035205 0.904882 -0.362079 0.223804 -0.415740 -0.638900 0.647276 0.091377 0.678753 0.728660
1.124720 -195.732729 -586.653187 4606.384620 0.898882 -0.375379 0.226058 -0.429394 -0.651723 0.625202 0.087360 0.659051 0.747007
-1.355697 -172.320964 -1879.409146 7226.658770 0.886717 -0.392366 0.244504 -0.460158 -0.800050 0.384934 -0.044580 0.453838 0.889968
-4.775797 -172.644242 -2074.450576 13758.481601 0.898066 -0.376844 0.226863 -0.439856 -0.771919 0.458985 -0.002154 0.511986 0.858991
-4.422791 -182.123760 -2040.201495 5602.484457 0.912161 -0.352256 0.209470 -0.387463 -0.574675 0.720847 0.133546 0.738691 0.660683
-13.814698 -132.017364 -832.825250 2176.862604 0.942181 -0.242020 0.231777 0.211464 0.965956 0.149039 -0.259956 -0.091410 0.961284
-13.355153 -120.241299 -618.061492 6427.551319 0.946616 -0.209071 0.245371 0.224236 0.973897 -0.035260 -0.231595 0.088399 0.968788
-11.417105 -132.485543 656.336668 6557.856075 0.948991 -0.209880 0.235298 0.175811 0.971715 0.157675 -0.261736 -0.108264 0.959048
-11.647382 -140.378174 -365.757945 -1427.991164 0.940195 -0.260476 0.219514 -0.161283 -0.908010 -0.386660 -0.300037 -0.328132 0.895716
-12.434125 -128.512528 -2991.848961 -512.377722 0.935969 -0.268983 0.227180 0.178917 0.919091 0.351086 -0.303235 -0.287959 0.908366
16.045977 -74.016831 1310.333160 8011.001773 0.842675 -0.538288 -0.012037 0.538406 0.842613 0.011090 -0.004173 0.015826 -0.999866
20.318116 -91.741427 141.707318 18653.705938 -0.807705 0.586708 0.058201 0.583293 0.809565 -0.066139 -0.085922 -0.019472 -0.996112
20.788611 -133.550655 1617.165041 31203.509929 0.830241 -0.557313 -0.010144 0.553183 0.826052 -0.107826 -0.068473 -0.083910 -0.994118
14.857630 -86.405415 2957.167803 11683.932606 0.859100 -0.510466 0.037026 0.511805 0.857067 -0.059090 0.001571 -0.069714 -0.997566
11.301834 -58.636135 2134.038091 1447.084271 0.878255 -0.477989 0.013953 0.470221 0.868553 0.156551 0.086949 0.130931 -0.987571
13.350687 -54.289972 -411.164096 2822.606934 0.847340 -0.528981 -0.046844 0.530624 0.839824 0.114604 0.021283 0.121965 -0.992306
10.012888 -65.342740 -3088.786078 2496.724658 -0.878903 0.474272 -0.050946 0.471725 0.880052 0.054630 0.070745 0.023982 -0.997206
40.144290 -373.802470 -14742.420357 -66009.032392 0.800103 -0.595087 0.075541 0.284687 0.265851 -0.921019 -0.528004 -0.758416 -0.382122
39.239824 -396.846922 -14773.459431 -8267.435119 0.808991 -0.583760 0.068976 0.486312 0.598748 -0.636398 -0.330204 -0.548384 -0.768271
19.329229 -310.150332 -8039.577961 -13114.346973 0.802234 -0.593325 0.066232 0.393928 0.442714 -0.805497 -0.448599 -0.672287 -0.588887
4.545592 -351.566687 -3259.107615 -70302.915472 0.800078 -0.594753 0.078376 0.246053 0.206193 -0.947070 -0.547113 -0.777015 -0.311311
21.177558 -287.492314 -8544.588236 -44294.316956 0.791599 -0.606180 0.076913 0.190890 0.125757 -0.973523 -0.580458 -0.785322 -0.215263
2.203948 -358.254941 -605.887191 11608.654996 0.826087 -0.556870 0.086461 0.450742 0.560825 -0.694483 -0.338248 -0.612675 -0.714295
-47.624872 -2775.575884 -8721.293509 -957384.742458 0.956563 -0.229570 0.179680 -0.201987 -0.077486 0.976318 0.210211 0.970203 0.120491
16.441297 -1178.214479 8986.177960 -333745.080453 0.935538 -0.344282 -0.078982 0.292801 0.630794 0.718586 0.197575 0.695391 -0.690938
14.231535 -2308.500831 8876.525636 678382.090568 0.957264 -0.278258 -0.078850 0.257702 0.696897 0.669271 0.131280 0.660989 -0.738822
-35.110107 -1469.965583 41592.359659 -448125.160606 0.927534 -0.305016 -0.215976 -0.175626 -0.865819 0.468521 0.329903 0.396639 0.856646
-230.163407 -2022.123029 128258.128949 -275248.181505 0.898278 -0.378538 -0.223171 0.152128 -0.208573 0.966103 0.412254 0.901779 0.129770
-292.984247 -2431.543270 103226.613645 302025.761019 0.924786 -0.342219 -0.166305 0.335149 0.939579 -0.069755 0.180128 0.008772 0.983604
-124.612640 -3399.154521 55714.526680 -2571122.813866 0.861221 -0.435487 -0.262010 -0.508146 -0.747223 -0.428304 0.009259 -0.502004 0.864816
-8.262193 -17.672664 3803.712003 3575.307628 0.647069 0.036380 0.761563 -0.018345 0.999315 -0.032151 -0.762211 0.006833 0.647293
-4.796495 -8.061183 3682.475081 -2082.322867 0.540866 0.619731 0.568681 -0.382826 0.783399 -0.489622 -0.748938 0.047114 0.660963
-11.068786 -18.385243 2030.648523 2435.403493 0.329525 0.871635 0.362858 0.528609 -0.488766 0.694032 -0.782295 0.036891 0.621814
-15.637395 -23.575680 1188.420881 2425.413349 0.562799 0.417489 0.713414 -0.260877 0.908678 -0.325957 -0.784347 -0.002665 0.620317
-14.315935 -26.243935 2212.934527 2017.163260 0.288767 0.892567 0.346321 0.511506 -0.449608 0.732266 -0.809305 0.034308 0.586385
-7.651959 -23.587672 2058.969228 2486.222444 0.193472 0.965733 0.173000 0.563653 -0.253737 0.786075 -0.803034 0.054572 0.593429
0.766921 -48.736880 -2751.800794 837.081566 -0.354388 0.922920 0.150423 -0.891759 -0.285156 -0.351356 0.281379 0.258658 -0.924079
0.303977 -49.787024 -1872.391859 -428.621929 -0.341851 0.925513 0.162983 -0.860406 -0.238495 -0.450358 0.377941 0.294187 -0.877846
7.523725 -50.959681 -3404.533319 634.690443 -0.314186 0.933792 0.171227 -0.883582 -0.221654 -0.412496 0.347232 0.280894 -0.894723
-8.943242 -45.026118 -213.707137 607.320569 -0.562793 0.760224 0.324535 0.576425 0.079547 0.813269 0.592451 0.644772 -0.482981
-7.864621 -42.958209 428.059217 -2083.314413 -0.565601 0.761357 0.316908 -0.500691 -0.011680 -0.865548 0.655290 0.648227 -0.387811
-9.669123 -45.751963 -1243.260878 79.996724 0.577751 -0.762979 -0.289941 0.566267 0.118855 0.815607 0.587830 0.635402 -0.500719
-3.557385 -31.562559 2090.114195 906.312133 -0.345730 0.908445 0.234945 0.923186 0.284506 0.258424 0.167921 0.306243 -0.937026
-6.055875 -32.909069 1870.469860 1760.875335 -0.352253 0.908498 0.224831 0.925769 0.302976 0.226179 0.137364 0.287814 -0.947784
-2.893999 -33.127430 3018.896190 1228.042932 -0.361483 0.900236 0.242704 0.926354 0.317223 0.203069 0.105819 0.298236 -0.948608
-5.609030 -72.155992 -327.991556 7365.660697 -0.595969 0.796466 -0.102290 -0.268538 -0.077628 0.960136 -0.756775 -0.599680 -0.260145
-2.645636 -69.005949 -2686.128768 3547.885682 -0.626518 0.770895 -0.114872 -0.325559 -0.124929 0.937232 -0.708157 -0.624591 -0.329242
-4.341545 -72.001742 -987.864177 9045.954423 -0.609602 0.787143 -0.093767 -0.205920 -0.043017 0.977623 -0.765495 -0.615269 -0.188312
-1.391224 -155.159409 -1350.013214 954.656206 -0.335010 0.928314 -0.161249 -0.232006 -0.247143 -0.940794 0.913204 0.277765 -0.298170
0.480021 -146.110940 -2284.761770 10030.094378 -0.336175 0.921888 -0.192637 -0.470182 -0.341511 -0.813818 0.816036 0.183011 -0.548262
-2.366879 -145.026054 -2522.634788 8628.156607 -0.330857 0.924017 -0.191641 -0.466586 -0.336697 -0.817883 0.820263 0.181185 -0.542532
5.824824 -138.148342 4014.432279 -31620.721270 0.724134 0.408365 0.555759 -0.622687 0.040731 0.781410 -0.296464 0.911910 -0.283778
21.746429 -142.134232 7283.255311 30513.824688 0.658913 0.422304 0.622489 0.723505 -0.129340 -0.678094 -0.205850 0.897179 -0.390763
9.505409 -95.793014 2347.581558 14814.238088 0.604930 0.412284 0.681235 0.782092 -0.146858 -0.605611 -0.149639 0.899141 -0.411283
-45.722010 -76.954908 -770.168463 2949.570869 0.186804 0.978531 -0.087070 0.851588 -0.205482 -0.482260 0.489798 -0.015940 0.871690
-41.203023 -69.258745 -1025.102123 6523.730914 0.273980 0.924756 -0.264123 0.752119 -0.377183 -0.540417 0.599377 0.050589 0.798867
71.303650 -48.262090 -5586.291680 -4639.950685 0.573497 -0.451726 0.683407 0.643207 0.764930 -0.034149 -0.507332 0.459156 0.729239
109.391630 -51.111938 -14551.312554 -4069.236478 0.681397 -0.514774 0.520294 0.612158 0.790493 -0.019599 -0.401199 0.331857 0.853762
133.463092 -71.291107 -38885.834033 5721.156882 0.795809 -0.366091 0.482354 -0.529800 -0.806694 0.261834 -0.293257 0.463921 0.835929
140.177860 -64.393590 -27763.007591 2009.874239 0.754066 -0.486325 0.441444 -0.587022 -0.800500 0.120854 -0.294602 0.350269 0.889113
13.195816 -48.508732 -11741.796027 -969.665764 0.127115 0.854079 0.504371 0.312647 0.448075 -0.837545 0.941325 -0.264155 0.210068
0.031167 -47.157005 -1880.804326 -1304.869527 0.090049 0.895457 0.435944 0.410492 0.365442 -0.835433 0.907407 -0.254182 0.334671
-8.891318 -50.070616 2592.859695 -1671.143074 0.078487 0.917317 0.390345 0.384148 0.333486 -0.860940 0.919929 -0.217523 0.326212
9.456600 -40.854739 -2394.836098 289.976955 0.621865 0.669011 -0.407072 -0.343065 -0.234548 -0.909557 0.703981 -0.705274 -0.083657
11.741332 -36.940539 -3732.573656 1196.554802 0.621234 0.660009 -0.422440 -0.435044 -0.157894 -0.886457 0.651770 -0.734478 -0.189044
1.822954 -43.379281 -245.700777 107.698545 0.426131 0.783798 -0.451744 -0.696143 0.603007 0.389574 -0.577752 -0.148469 -0.802595
1.359318 -42.537399 64.086464 -283.462416 0.424318 0.783395 -0.454143 -0.693842 0.603543 0.392835 -0.581840 -0.148416 -0.799647
1.206650 -42.671666 134.843654 -1302.343545 0.437405 0.775242 -0.455716 -0.737432 0.599246 0.311606 -0.514656 -0.199761 -0.833801
22.448252 -98.938341 -2281.181188 6340.204736 0.496599 0.812274 -0.305941 0.811397 -0.309252 0.495982 0.308260 -0.494544 -0.812651
21.827793 -96.806763 -1921.175685 11038.086060 0.530554 0.788730 -0.310512 0.750246 -0.266452 0.605090 0.394516 -0.553994 -0.733109
10.053527 -108.719195 -2984.318727 11893.396458 0.078806 0.995678 0.049142 -0.544786 0.001730 0.838573 -0.834864 0.092857 -0.542568
-2.370219 -97.332655 -535.487750 5953.339903 0.279522 0.915934 0.287980 0.862871 -0.108094 -0.493730 0.421095 -0.386498 0.820548
8.560044 -35.967104 -4759.279795 -3084.437683 0.657332 -0.178690 0.732110 -0.511805 0.607216 0.607736 0.553145 0.774182 -0.307688
-0.822253 -40.051039 -4460.830159 -801.081644 0.719312 -0.234785 0.653809 -0.485105 0.503914 0.714663 0.497256 0.831232 -0.248576
7.536920 -29.908982 -4557.423625 -5100.528155 0.690907 -0.207176 0.692622 -0.429972 0.652434 0.624062 0.581181 0.728977 -0.361692
5.129254 -54.391229 314.723050 -8531.052687 -0.017723 0.919473 0.392755 -0.193210 -0.388562 0.900938 -0.980997 0.059917 -0.184537
-0.241552 -51.047825 -1185.703213 -4480.099270 -0.022337 0.941112 0.337357 -0.232294 -0.333092 0.913832 -0.972389 0.057954 -0.226055
362.958247 -27.146477 144599.613106 7102.539231 0.781626 -0.622892 -0.032650 -0.387315 -0.443654 -0.808182 -0.488925 -0.644342 0.588027
523.177835 -22.851508 -195764.282222 -4948.936942 -0.732350 0.671721 -0.111603 0.348792 0.510822 0.785751 -0.584815 -0.536518 0.608391
1651.453397 -58.912046 -725104.919992 -14266.915443 -0.608350 0.787631 -0.097712 0.400516 0.410950 0.818967 -0.685199 -0.459084 0.565460
3161.350227 -147.526649 -1249667.325643 24406.532752 -0.560330 0.824228 0.081719 0.564527 0.307846 0.765859 -0.606086 -0.475267 0.637794
-1.905949 -117.685222 -160.678688 64.665827 0.369962 0.916913 0.149661 -0.188187 0.231712 -0.954408 0.909788 -0.324931 -0.258276
-2.646940 -119.161992 1242.820866 892.400363 0.365959 0.915714 0.165955 -0.132426 0.227751 -0.964672 0.921161 -0.331054 -0.204612
5.122496 -67.937436 -64.602769 -2219.004275 0.554331 0.728326 -0.402812 0.820170 -0.560331 0.115543 -0.141555 -0.394424 -0.907960
4.812997 -63.517412 299.004299 -1259.930407 0.552287 0.730744 -0.401239 0.820157 -0.562528 0.104421 -0.149403 -0.386749 -0.910002
5.597623 -67.567222 -35.019308 -4301.378914 0.575365 0.715096 -0.396979 0.813183 -0.552181 0.183928 -0.087678 -0.428642 -0.899210
6.215190 -74.106906 -110.552121 -4249.410289 0.582620 0.714420 -0.387502 0.811847 -0.533976 0.236166 -0.038195 -0.452187 -0.891105
-5.373557 -200.934484 2466.475330 -15403.293812 0.344047 -0.376167 0.860308 0.906764 0.370956 -0.200426 -0.243743 0.849053 0.468721
-21.609509 -43.632619 -3288.223466 1536.588341 -0.387953 0.921273 -0.027355 0.708172 0.278956 -0.648595 0.589903 0.270996 0.760642
22.067393 -48.529112 -3616.775547 -763.326446 -0.102693 0.311166 -0.944791 -0.470988 0.821383 0.321715 0.876142 0.478023 0.062205
24.712346 -53.572757 716.500888 186.211853 -0.147513 0.245407 -0.958131 -0.427462 0.857764 0.285512 0.891917 0.451681 -0.021629
-56.913305 -316.916123 3106.959749 115770.327514 0.313960 0.176322 -0.932920 0.946667 -0.133126 0.293426 -0.072458 -0.975289 -0.208714
-166.317193 -1006.520192 50299.439005 434681.600600 0.090047 0.269440 -0.958798 0.869334 -0.491004 -0.056337 -0.485953 -0.828442 -0.278447
