18344
36669
-31.021131 -55.178172 2009.610041 6213.255777 -0.396811 -0.890558 0.222365 0.917645 -0.390600 0.073214 0.021655 0.233104 0.972211
-38.363045 -66.110085 1915.837350 5560.183398 -0.212377 -0.947048 0.240825 0.973672 -0.184200 0.134289 -0.082818 0.263004 0.961234
-37.439668 -63.494230 -104.916676 9250.598182 0.033797 -0.978025 0.205732 0.999396 0.031410 -0.014859 0.008071 0.206110 0.978496
-34.698563 -57.882376 748.540521 5064.115721 -0.471073 -0.832333 0.292082 0.882090 -0.443442 0.158989 -0.002810 0.332538 0.943086
-26.417621 -46.319527 2890.622525 6755.225962 -0.404706 -0.893377 0.195170 0.909494 -0.415424 -0.015642 0.095052 0.171175 0.980645
-28.026536 -48.751707 827.267045 3803.165169 -0.616048 -0.742950 0.261743 0.783563 -0.612031 0.106990 0.080706 0.271003 0.959189
50.911392 -58.318448 -6452.529959 -5951.992703 0.363184 0.926669 -0.096862 0.304159 -0.216183 -0.927767 0.880673 -0.307489 0.360369
60.239304 -70.997628 -3995.309343 -6619.717613 0.271623 0.955849 -0.112135 0.201269 -0.170357 -0.964609 0.941123 -0.239441 0.238655
49.570672 -63.916118 -7280.220811 -6369.448555 0.396807 0.909121 -0.126667 0.227448 -0.231076 -0.945976 0.889276 -0.346560 0.298470
-5.115002 -75.067415 -5218.685785 -24463.352810 0.666625 0.736886 -0.112301 0.619397 -0.631435 -0.466516 0.414680 -0.241433 0.877355
9.185146 -63.944518 2347.873071 32954.180049 0.735071 0.607458 -0.301106 -0.530715 0.791913 0.302020 0.421914 -0.062205 0.904499
-0.155124 -49.161158 3483.045340 7515.378436 0.672630 0.695462 -0.252786 -0.547409 0.697513 0.462406 0.497907 -0.172651 0.849871
0.174116 -11.514762 -3540.883621 -345.705123 0.447687 -0.517384 0.729308 0.696663 0.713118 0.078251 -0.560568 0.473050 0.679696
3.501241 -13.335002 3913.482439 -727.596292 -0.217169 0.705437 -0.674682 0.773391 0.546057 0.322006 -0.595570 0.451864 0.664165
-2.515074 -9.789383 2221.890408 1278.930282 0.026409 0.838087 -0.544897 0.814023 0.298358 0.498347 -0.580232 0.456720 0.674343
-5.772115 -7.459574 3628.070480 593.387052 0.829387 0.206297 0.519191 0.092931 0.865434 -0.492328 -0.550892 0.456579 0.698608
-0.376401 -11.866198 -130.724559 -1480.764877 0.704982 -0.176860 0.686820 0.451197 0.859006 -0.241930 -0.547195 0.480447 0.685382
-1.829328 -48.118732 -3751.779993 99.686167 -0.154537 0.976423 0.150721 0.967189 0.180650 -0.178636 0.201652 -0.118170 0.972303
5.801710 -49.806451 3918.202694 164.974710 0.142215 -0.980651 -0.134530 0.986628 0.151372 -0.060431 0.079626 -0.124137 0.989065
7.056191 -48.403950 -1816.205296 393.391798 -0.105753 0.988036 0.112251 0.973172 0.126031 -0.192489 0.204333 -0.088883 0.974858
-15.698361 -44.087257 -1554.790035 -542.682963 0.101846 0.946201 0.307134 0.730633 -0.280676 0.622411 -0.675131 -0.161012 0.719912
-17.406383 -38.427228 -727.226385 -2844.264962 0.119113 0.957077 0.264227 0.642734 -0.277164 0.714194 -0.756773 -0.084758 0.648160
-15.540626 -39.733590 -1613.500261 -3047.249410 0.081651 0.949220 0.303832 0.648022 -0.282177 0.707421 -0.757233 -0.139128 0.638155
5.379479 -71.243031 -838.209672 2034.772582 0.303156 0.952850 0.013147 0.358394 -0.101220 -0.928067 0.882978 -0.286061 0.372182
5.106761 -73.940023 -1196.302657 -199.617784 0.319146 0.947704 -0.001888 0.219002 -0.075688 -0.972784 0.922054 -0.310047 0.231704
2.162288 -69.787898 -801.950031 1001.712670 0.315606 0.948793 0.013562 0.372182 -0.110630 -0.921543 0.872854 -0.295892 0.388039
2.787932 -67.989796 -549.002154 -205.505254 0.296188 0.954674 0.029496 0.538694 -0.141469 -0.830539 0.788721 -0.261885 0.556179
11.580490 -32.128919 11147.660670 -1835.800952 0.179670 0.974678 0.133123 0.646428 -0.218985 0.730873 -0.741518 0.045261 0.669404
25.750523 -36.892796 15285.216732 -2060.798691 0.231363 0.956370 0.178401 0.697429 -0.290896 0.654960 -0.678280 0.027112 0.734303
42.647435 -28.949307 18637.623436 -1623.968857 0.209108 0.964920 0.158752 0.643165 -0.257995 0.720956 -0.736622 0.048654 0.674552
31.395670 -23.541696 13900.630171 -1948.520716 0.147502 0.983737 0.102494 0.590622 -0.170730 0.788680 -0.793353 0.055796 0.606200
13.962804 -133.793564 -88.508697 12249.872607 0.452502 0.754533 0.475312 0.589713 0.146635 -0.794189 0.668940 -0.639670 0.378606
27.275408 -143.568813 19349.750364 20636.195050 0.419909 0.788912 0.448659 0.519913 0.196095 -0.831407 0.743886 -0.582379 0.327823
31.055127 -150.730531 20049.084354 -8837.642185 0.439732 0.800111 0.407994 0.624997 0.053628 -0.778783 0.644993 -0.597450 0.476485
2.295593 -173.844923 742.339865 -7783.176839 0.658882 -0.053408 0.750348 -0.657529 0.443654 0.608955 0.365418 0.894605 -0.257198
1.306941 -175.040351 993.527232 19879.704058 0.671461 -0.068150 0.737900 0.691298 -0.301068 -0.656860 0.266923 0.951164 -0.155044
4.265838 -182.250522 1181.739542 20934.707002 0.667754 -0.059230 0.742022 0.706482 -0.263595 -0.656811 0.234496 0.962813 -0.134171
-3.940672 -178.286219 89.165986 34570.514390 -0.625477 -0.162250 -0.763187 0.204959 0.909622 -0.361357 0.752842 -0.382442 -0.535693
-4.144596 -211.384078 385.428749 32727.916825 -0.638808 -0.183965 -0.747048 0.353585 0.792174 -0.497432 0.683302 -0.581909 -0.441000
-5.942054 -169.093458 -320.644573 24264.158032 -0.629577 -0.155664 -0.761184 0.247765 0.888345 -0.386595 0.736373 -0.431986 -0.520713
-11.905717 -104.727446 1166.312606 13245.622263 0.742328 -0.103253 0.662033 0.220546 0.970650 -0.095909 -0.632700 0.217204 0.743312
-9.005680 -91.067257 276.980226 11869.311156 0.739494 -0.085288 0.667738 0.310473 0.923350 -0.225900 -0.597290 0.374367 0.709292
-11.379329 -106.633162 -2723.245755 10782.140290 0.704399 -0.121688 0.699296 0.224754 0.972740 -0.057122 -0.673282 0.197406 0.712547
-13.060265 -118.715286 -1573.457163 7565.684517 0.716003 -0.108925 0.689547 0.103360 0.993407 0.049600 -0.690403 0.035758 0.722541
29.810106 -51.287030 -5445.069819 7388.210180 -0.353167 -0.124529 -0.927236 -0.299136 0.954105 -0.014202 0.886449 0.272353 -0.374209
27.083837 -50.771316 -2473.578761 1381.698447 -0.357884 -0.176825 -0.916871 -0.207126 0.972478 -0.106702 0.910504 0.151721 -0.384659
19.502372 -45.075570 -3142.683069 1025.326884 -0.328692 -0.117643 -0.937081 -0.253543 0.966780 -0.032438 0.909768 0.226928 -0.347601
22.480813 -46.113533 -7450.561828 182.906472 -0.327788 -0.052112 -0.943313 -0.294783 0.954270 0.049715 0.897585 0.294369 -0.328160
84.430491 -13.232186 -3396.580246 -8456.058553 0.784943 0.377643 0.491172 0.592229 -0.690225 -0.415757 -0.182011 -0.617232 0.765439
76.523614 -15.355057 -2873.245375 4009.335459 0.800584 0.387858 0.456761 0.584888 -0.671520 -0.454936 -0.130274 -0.631368 0.764462
73.872504 -6.990242 5453.663989 -10402.995726 0.765473 0.512697 0.388834 0.638982 -0.676880 -0.365424 -0.075842 -0.528181 0.845738
-22.416534 -164.379658 -5935.371069 22696.792438 0.663855 -0.032920 0.747136 0.745910 -0.042980 -0.664659 0.053993 0.998533 -0.003978
-10.061686 -193.405740 -3285.588223 32199.452066 0.657203 -0.015374 0.753557 0.752015 0.080461 -0.654217 -0.050574 0.996639 0.064440
-21.023445 -195.720464 -5350.446064 34868.475063 0.647545 -0.035707 0.761190 0.757223 0.142139 -0.637503 -0.085431 0.989203 0.119079
154.582087 47.061303 -52543.031564 -2224.329510 0.708298 -0.175564 -0.683733 -0.649669 0.216747 -0.728664 -0.276125 -0.960311 -0.039463
166.704599 48.765346 -5750.366965 -1706.143483 0.758632 -0.096357 -0.644354 -0.612645 0.231011 -0.755844 -0.221684 -0.968168 -0.116220
170.206635 44.549624 11807.146404 -6396.626421 0.793038 -0.071413 -0.604971 -0.586248 0.180404 -0.789790 -0.165540 -0.980997 -0.101202
150.898051 40.599251 -24154.919156 -9201.528220 0.759492 -0.177774 -0.625755 -0.606245 0.155372 -0.779953 -0.235880 -0.971728 -0.010229
14.820543 -69.962518 -5436.907652 6979.516426 -0.465844 -0.872733 0.146035 0.879513 -0.474803 -0.031910 0.097187 0.113575 0.988765
22.164573 -72.645770 -5764.399390 6638.462613 -0.493585 -0.859810 0.130772 0.865888 -0.499895 -0.018545 0.081317 0.104080 0.991239
13.559148 -70.619771 -4109.385008 3126.866487 -0.491467 -0.859324 0.141499 0.870795 -0.487355 0.064814 0.013264 0.155071 0.987814
23.132677 -65.167200 7706.883677 5871.043704 0.475510 0.868519 -0.139880 0.866796 -0.489714 -0.094049 0.150184 0.076526 0.985692
5.726428 -66.790073 -4482.150764 4346.388423 -0.467726 -0.867789 0.167856 0.878639 -0.477132 -0.018390 0.096048 0.138883 0.985640
14.572776 -62.473109 6801.832554 5363.630389 0.446744 0.880879 -0.156432 0.878504 -0.464999 -0.109577 0.169265 0.088473 0.981592
0.511680 -75.010379 -2.365415 -727.899843 -0.633755 0.038024 -0.772599 0.011259 0.999139 0.039938 0.773452 0.016612 -0.633637
-0.940320 -76.343786 842.702829 318.892076 -0.648370 0.038368 -0.760358 0.064744 0.997890 -0.004854 0.758567 -0.052376 -0.649486
2.212200 -77.096394 1186.057544 -1312.473967 -0.648229 0.072510 -0.757985 -0.034266 0.991669 0.124168 0.760674 0.106462 -0.640344
-23.061912 -42.790481 -714.349866 -4199.745987 0.233834 0.858358 0.456665 -0.438325 0.512315 -0.738515 0.867867 0.027478 -0.496037
-20.753373 -47.505933 483.075163 -556.113602 0.201951 0.844605 0.495840 -0.520798 0.521370 -0.675976 0.829449 0.121719 -0.545160
-21.614345 -47.114029 1980.519626 -1602.572037 0.080673 0.928192 0.363252 -0.465270 0.357367 -0.809823 0.881485 0.103679 -0.460689
-24.227317 -42.849074 190.569459 -1702.294060 0.091823 0.959584 0.266022 -0.408308 0.279942 -0.868859 0.908214 0.028838 -0.417511
49.624918 13.515414 -4666.708000 -7612.699674 -0.516016 -0.031047 -0.856016 -0.254969 0.959612 0.118893 0.817752 0.279608 -0.503091
51.003673 10.091198 7393.635411 -5185.105169 -0.645779 -0.066437 -0.760628 -0.256391 0.957230 0.134069 0.719189 0.281597 -0.635193
48.634833 18.605322 -2683.594241 -4257.449029 -0.537004 -0.037111 -0.842763 -0.285257 0.948169 0.140011 0.793886 0.315591 -0.519757
50.083660 4.928130 -3575.681437 -6817.043743 -0.547132 -0.029895 -0.836512 -0.238429 0.963528 0.121514 0.802370 0.265933 -0.534305
45.026364 18.263916 -12391.690361 -5469.178516 -0.421184 0.048710 -0.905666 -0.255332 0.951802 0.169935 0.870293 0.302820 -0.388447
46.848071 11.786521 -12791.176552 -6338.102578 -0.418525 0.014443 -0.908090 -0.243522 0.961475 0.127528 0.874948 0.274514 -0.398884
10.408519 -32.950817 3690.737193 968.553818 -0.469731 0.234666 -0.851049 -0.076525 0.949571 0.304070 0.879486 0.207958 -0.428085
13.188572 -34.935469 4645.821077 741.138134 -0.483905 0.238688 -0.841940 0.002136 0.962404 0.271612 0.875118 0.129636 -0.466222
16.817901 -34.168433 -1113.981266 -361.917515 -0.336738 0.162895 -0.927401 -0.017641 0.983658 0.179182 0.941433 0.076697 -0.328361
227.319450 -55.756437 123708.453437 -9836.163598 0.826991 -0.394539 0.400532 0.183420 -0.484101 -0.855572 -0.531454 -0.781015 0.327981
44.536452 -31.417892 49091.582728 -3455.256620 0.826410 -0.281776 0.487492 0.304163 -0.505190 -0.807631 -0.473847 -0.815712 0.331788
201.449930 -35.101337 118739.208507 -7589.212079 0.824187 -0.319266 0.467744 0.306243 -0.443500 -0.842332 -0.476373 -0.837482 0.267755
16.285627 -132.129433 -3120.719366 -47768.750242 0.271576 0.948799 0.161327 -0.345393 0.252545 -0.903839 0.898304 -0.189740 -0.396294
20.205843 -160.320619 -1950.199893 -80285.009089 0.181845 0.966088 0.183318 -0.320651 0.234494 -0.917712 0.929578 -0.108100 -0.352419
14.698448 -241.009571 -2617.642115 -109731.515214 0.230593 0.961274 0.150926 -0.465840 0.245234 -0.850208 0.854295 -0.125745 -0.504349
18.686827 -81.549471 -1666.942942 -11755.336328 0.183375 0.970962 0.153643 -0.300475 0.204175 -0.931680 0.935996 -0.124681 -0.329191
15.714800 -95.449728 -2450.589501 -8120.083454 0.252347 0.960626 0.116272 -0.252648 0.181403 -0.950401 0.934072 -0.210455 -0.288476
-595.378462 -4922.054741 276807.186736 -4978901.304842 0.399276 -0.166498 -0.901586 0.789138 0.563019 0.245503 0.466734 -0.809498 0.356190
-563.173537 -1512.010581 340470.756790 -695308.366549 0.434078 0.086272 -0.896735 0.589685 0.725318 0.355226 0.681064 -0.682987 0.263971
-898.212016 -1943.564307 410054.885050 -121832.963374 0.646502 -0.241366 -0.723725 0.366705 0.930175 0.017359 0.669001 -0.276616 0.689870
36.717738 -239.631309 -1383.023718 -39834.620953 0.147354 0.775614 -0.613767 0.593465 0.427093 0.682195 -0.791256 0.464774 0.397366
30.999047 -211.268039 -4525.983264 -25127.806674 0.161950 0.871171 -0.463500 0.601779 0.285064 0.746057 -0.782070 0.399749 0.478087
15.311260 -172.960470 -2650.487326 -26236.492674 0.129100 0.829054 -0.544062 0.340069 0.478367 0.809641 -0.931497 0.289543 0.220179
55.768499 -248.118226 -4609.701432 -13942.333174 0.151964 0.848626 -0.506696 0.817396 0.180309 0.547131 -0.555671 0.497316 0.666263
14.121373 -172.757409 2844.207391 -32385.360834 0.138824 0.706739 -0.693721 0.308247 0.634869 0.708467 -0.941123 0.312189 0.129715
58.922731 -271.513214 -561.083390 -22590.140137 -0.145106 -0.738892 0.658015 0.829030 0.272205 0.488481 -0.540049 0.616395 0.573065
35.545271 -247.766129 4435.747285 -43054.815165 0.153005 0.635628 -0.756681 0.593296 0.553264 0.584721 -0.790310 0.538401 0.292464
4.697193 -124.584388 -8419.140249 22779.585155 -0.312485 0.374040 0.873182 -0.197360 0.873592 -0.444845 -0.929194 -0.311339 -0.199164
9.025057 -142.949747 30.047240 7178.863750 -0.236509 0.292205 0.926650 -0.475856 0.796667 -0.372670 -0.847127 -0.529092 -0.049371
-3.729140 -125.430746 -2768.732931 15918.628268 -0.248352 0.256529 0.934085 -0.319432 0.888668 -0.328986 -0.914486 -0.380081 -0.138758
14.452471 -111.369540 -2862.558145 -6049.018383 -0.271305 0.918029 0.289166 0.711650 -0.010948 0.702449 -0.648034 -0.396363 0.650345
17.918330 -108.109492 -1555.613743 -3850.447409 -0.219977 0.927623 0.301871 0.749925 -0.037099 0.660482 -0.623877 -0.371672 0.687487
12.043178 -110.334712 -4294.413197 -515.766808 -0.289645 0.906502 0.307180 0.832345 0.080104 0.548439 -0.472555 -0.414532 0.777724
5.540897 -110.850774 5129.758309 2872.609641 0.313845 -0.896829 -0.311767 0.858068 0.127333 0.497500 -0.406475 -0.423655 0.809503
6.864196 -105.412552 3914.032038 4970.726460 0.292267 -0.905063 -0.308936 0.925008 0.185529 0.331570 -0.242776 -0.382675 0.891414
-4.992898 -21.471448 7692.863392 -78.515487 -0.280111 0.844433 -0.456585 0.285429 0.527377 0.800252 -0.916552 -0.093837 0.388750
-11.364366 -25.703416 12921.738639 2330.611183 -0.218337 0.898539 -0.380731 0.332480 0.435295 0.836646 -0.917489 -0.056086 0.393787
3.278041 -18.808420 9708.676221 7225.646235 -0.187918 0.949213 -0.252352 0.392156 0.308073 0.866778 -0.900500 -0.063922 0.430132
-15.588137 -23.876304 9522.120590 -11050.892345 -0.236905 0.908847 -0.343328 0.280816 0.402361 0.871348 -0.930064 -0.110015 0.350540
4.925671 -20.673216 5392.876272 7210.987747 -0.215333 0.950608 -0.223555 0.380979 0.292563 0.877076 -0.899159 -0.103694 0.425159
-8.493968 -18.648744 3525.457323 -8055.850805 -0.267977 0.898100 -0.348718 0.271285 0.417652 0.867162 -0.924442 -0.137778 0.355563
-3.532630 -22.616149 3750.172243 128.983030 -0.243967 0.932823 -0.265182 0.323552 0.336070 0.884517 -0.914218 -0.129992 0.383807
-43.058587 -60.627546 241.100788 211.752099 -0.520115 -0.009335 0.854045 0.511935 0.797004 0.320481 -0.683669 0.603902 -0.409755
-41.304635 -59.765033 1382.302555 42.216564 -0.485619 -0.177485 0.855963 0.398547 0.826535 0.397493 -0.778032 0.534172 -0.330645
-44.349065 -62.754367 -529.403157 -729.040636 0.539455 0.121018 -0.833273 0.529990 0.720188 0.447705 -0.654293 0.683143 -0.324371
-44.475843 -61.933989 -757.629865 -451.176371 -0.590149 0.027807 0.806815 0.607220 0.673871 0.420929 -0.531985 0.738326 -0.414569
-45.769630 -64.356452 730.749707 -1777.623230 0.636529 0.073513 -0.767741 0.600322 0.577719 0.553041 -0.484194 0.812919 -0.323603
-46.119886 -65.658069 73.673758 -2483.274601 0.576466 0.220599 -0.786780 0.538820 0.621243 0.568973 -0.614296 0.751927 -0.239262
-54.127766 -61.866490 -1192.215664 -2241.522548 0.935185 -0.286289 -0.208488 0.332267 0.913003 0.236693 -0.122588 0.290626 -0.948952
-54.085623 -60.301314 1568.954256 476.114180 0.814053 -0.569787 -0.112522 0.576540 0.769388 0.275035 0.070138 0.288767 -0.954827
-52.040120 -59.220481 -3554.236334 -3354.771798 -0.640656 0.750831 0.160665 0.766782 0.636538 0.082851 -0.040062 0.176274 -0.983526
-21.088499 -63.665060 12451.191972 -6319.994197 0.740393 -0.348299 0.574896 -0.176996 0.724073 0.666626 -0.648452 -0.595320 0.474451
-25.575215 -73.703407 9486.265921 -5026.675881 0.699792 -0.172974 0.693088 -0.191773 0.889134 0.415529 -0.688124 -0.423700 0.589036
-40.429528 -77.587456 7385.411756 -6635.585108 0.624716 -0.182925 0.759123 -0.275439 0.858060 0.433436 -0.730659 -0.479867 0.485659
-6.358594 -60.915984 10352.879518 -5368.464381 0.751657 -0.291057 0.591860 -0.123165 0.819637 0.559487 -0.647953 -0.493439 0.580237
-42.438149 -70.528234 6932.389655 -7703.009255 0.600816 -0.280118 0.748701 -0.339544 0.758480 0.556253 -0.723691 -0.588423 0.360595
12.991187 -46.812613 14787.709460 -2470.684140 0.766037 -0.536108 0.354650 0.018108 0.569508 0.821786 -0.642542 -0.623096 0.445972
17.813312 -47.219580 22489.096862 312.982300 0.788714 -0.583306 0.194124 -0.067989 -0.396599 -0.915471 -0.610989 -0.708847 0.352461
-21.343943 -56.827964 16204.325974 3797.878272 0.764804 -0.481801 0.427718 0.122875 -0.542618 -0.830944 -0.632437 -0.688065 0.355795
40.158658 -49.565461 -5028.085934 1530.684859 -0.195321 0.849295 0.490456 0.972316 0.233093 -0.016415 -0.128263 0.473672 -0.871311
40.092409 -48.692839 5496.323900 1913.284318 -0.195565 0.773210 0.603242 0.969493 0.245120 0.000114 -0.147778 0.584861 -0.797558
38.423932 -52.138729 -2776.310414 1619.875388 -0.191089 0.840130 0.507609 0.950746 0.287001 -0.117101 -0.244064 0.460230 -0.853593
42.209035 -45.850652 4582.057201 1099.987492 -0.207559 0.779606 0.590875 0.977193 0.192948 0.088685 -0.044869 0.595807 -0.801874
40.676159 -46.561022 -5900.865192 968.616672 -0.193477 0.857118 0.477404 0.980925 0.178302 0.077421 -0.018763 0.483277 -0.875266
2.682310 -64.493064 -1095.780923 -1826.591552 -0.357708 0.920190 0.159048 0.933804 0.351115 0.068763 0.007430 0.173117 -0.984873
2.148431 -58.668896 -1105.869006 2831.083466 -0.354504 0.922523 0.152569 -0.911262 -0.377427 0.164771 -0.209589 0.080618 -0.974460
-0.559588 -62.369291 -981.030848 -1912.090895 -0.341051 0.925996 0.161912 0.938321 0.345764 -0.000990 -0.056900 0.151588 -0.986805
4.350297 -63.016930 -630.316317 -2629.585405 -0.374962 0.910955 0.171944 0.925595 0.378235 0.014587 -0.051747 0.164620 -0.984999
0.305893 -66.659080 -777.012436 -510.970545 -0.339417 0.924425 0.173883 0.926715 0.296946 0.230265 0.161228 0.239296 -0.957467
4.958936 -67.552346 -792.127579 -795.346742 -0.374216 0.912316 0.166260 0.911308 0.328591 0.248085 0.171700 0.244351 -0.954364
3.622149 -67.458224 -1068.814168 -176.735313 -0.360278 0.919080 0.159663 0.906225 0.304235 0.293596 0.221263 0.250467 -0.942502
15.651903 -55.228377 186.835657 -13887.488870 -0.350813 0.789189 0.504094 -0.242222 0.443514 -0.862916 0.904577 0.424825 -0.035568
19.048049 -65.945653 697.986440 -17421.347144 -0.403331 0.745519 0.530589 -0.237212 0.474838 -0.847502 0.883773 0.467686 0.014671
17.672445 -77.606693 517.126813 -14258.278822 -0.373352 0.809477 0.453161 -0.340679 0.334716 -0.878580 0.862871 0.482402 -0.150805
16.036342 -68.635208 -995.321794 -13225.730633 -0.318917 0.853081 0.412971 -0.322148 0.312214 -0.893725 0.891354 0.418062 -0.175248
18.125822 -83.111938 -1283.990933 -5666.840483 -0.330281 0.864970 0.377812 -0.462920 0.200387 -0.863452 0.822569 0.460078 -0.334228
19.511106 -91.755058 790.547557 -3292.482342 -0.390460 0.819669 0.419146 -0.489348 0.200855 -0.848643 0.779795 0.536469 -0.322678
-11.118581 -89.994934 -93.434106 -521.097227 -0.406542 0.811375 0.419992 0.900488 0.278151 0.334295 0.154417 0.514103 -0.843714
-10.251044 -91.328605 -424.519917 -637.742192 -0.383790 0.840006 0.383530 0.908519 0.269174 0.319590 0.165221 0.471100 -0.866468
-10.528915 -88.227087 -270.630939 108.655741 -0.419631 0.809477 0.410679 0.906820 0.393727 0.150522 -0.039852 0.435575 -0.899270
-10.810453 -93.797688 -271.275711 -504.629320 -0.367844 0.839731 0.399427 0.861647 0.146289 0.485966 0.349649 0.522925 -0.777364
-10.228517 -86.830925 155.919359 278.270498 -0.429670 0.782663 0.450358 0.901325 0.401969 0.161351 -0.054746 0.475246 -0.878148
-10.883564 -89.226661 188.358203 -847.123833 -0.427538 0.781795 0.453881 0.893562 0.289407 0.343206 0.136960 0.552305 -0.822315
-11.988418 -93.082809 -108.489846 -779.766335 -0.403355 0.809465 0.426698 0.849966 0.158725 0.502359 0.338914 0.565307 -0.752040
-6.771842 -95.934771 -1561.186064 5746.414804 0.597633 -0.634546 -0.490088 0.550222 -0.120012 0.826349 0.583173 0.763511 -0.277418
-11.347221 -99.065001 448.120283 4084.277576 -0.572274 0.678109 0.461162 0.594162 -0.044736 0.803100 0.565221 0.733598 -0.377305
-7.913099 -104.562267 1430.734360 2992.237605 -0.601006 0.633943 0.486732 0.662414 0.054335 0.747165 0.447214 0.771468 -0.452589
-7.317166 -105.797734 1121.221612 -887.768640 -0.594391 0.640701 0.486005 0.752514 0.230019 0.617101 0.283587 0.732525 -0.618858
-2.051083 -105.552156 1872.461075 2089.876037 -0.611686 0.616923 0.495224 0.726512 0.190324 0.660270 0.313083 0.763664 -0.564621
-14.827924 -53.351301 -914.611332 -2606.828110 -0.303526 0.830041 0.467872 0.729445 -0.113490 0.674559 -0.613010 -0.546033 0.571022
-17.312158 -57.843195 -0.654122 -2112.769761 0.295583 -0.851733 -0.432644 0.809244 -0.017441 0.587213 -0.507695 -0.523685 0.684105
-15.912886 -52.606468 -139.632751 -2560.458637 -0.303179 0.854310 0.422180 0.705048 -0.096951 0.702501 -0.641085 -0.510641 0.572936
936.692328 -16.912976 -328611.230814 3758.343074 -0.174013 -0.557151 -0.811974 0.817531 0.377928 -0.434527 0.548965 -0.739427 0.389724
814.177238 -7.733214 -244987.316879 14929.107175 -0.206446 -0.111770 -0.972053 0.875875 0.421720 -0.234510 0.436145 -0.899811 0.010834
1077.703641 -29.806037 -499034.396615 260.003853 -0.172050 -0.550856 -0.816674 0.875473 0.294560 -0.383120 0.451603 -0.780892 0.431581
574.974057 -33.237922 -191150.462544 -181.851594 -0.075926 -0.750384 -0.656627 0.847743 0.298113 -0.438704 0.524945 -0.589960 0.613498
367.656654 -28.332778 93103.750927 627.406186 0.084529 0.783632 0.615448 0.791032 0.322812 -0.519673 0.605906 -0.530767 0.592591
-4.714004 -22.742742 405.652695 1916.630320 -0.147870 0.758851 0.634255 -0.257631 -0.648720 0.716093 -0.954862 0.057515 -0.291430
-3.251265 -23.435063 123.319363 1803.411267 -0.130696 0.797226 0.589363 -0.276392 -0.600193 0.750583 -0.952117 0.064797 -0.298789
-3.822858 -28.036914 846.758546 2235.040409 -0.150768 0.750045 0.643973 -0.317994 -0.653594 0.686801 -0.936028 0.101232 -0.337051
-4.794437 -18.791827 -622.359269 1491.556270 -0.127768 0.817721 0.561256 -0.226100 -0.575007 0.786286 -0.965688 0.026438 -0.258355
-6.126238 -27.226223 1302.498731 2021.190847 -0.158766 0.739031 0.654695 -0.305702 -0.667316 0.679144 -0.938797 0.092316 -0.331871
-5.913220 -21.987203 1127.253029 1645.660172 -0.153891 0.743466 0.650827 -0.245168 -0.666806 0.703749 -0.957189 0.051261 -0.284890
-5.629292 -18.266580 66.881597 1603.448212 -0.146503 0.765476 0.626565 -0.205947 -0.643122 0.737550 -0.967534 0.020986 -0.251866
3.170842 -114.977691 -3177.006290 -2163.734954 0.884374 -0.020884 0.466311 -0.407036 0.454494 0.792311 0.228482 0.890505 -0.393442
-3.540199 -115.035209 -3232.067549 -1434.469296 0.879314 -0.017106 0.475935 -0.423156 0.430458 0.797274 0.218508 0.902449 -0.371269
0.525079 -107.479322 -3278.048688 -3254.586332 0.886022 -0.022614 0.463090 -0.353765 0.612641 0.706768 0.299691 0.790037 -0.534814
6.466226 -108.138586 -2349.868684 -3579.356396 0.885105 -0.037764 0.463856 -0.330096 0.651653 0.682924 0.328063 0.757576 -0.564316
9.144593 -117.272989 -1551.189081 -1990.360230 0.879692 -0.047889 0.473126 -0.391808 0.490840 0.778179 0.269495 0.869933 -0.413025
-8.346646 -117.959709 218.237278 -11577.595376 -0.762582 0.205506 -0.613381 0.220202 0.974037 0.052575 0.608260 -0.094975 -0.788036
-9.444214 -112.603235 -1247.688394 -8916.997366 -0.742106 0.200949 -0.639452 0.252389 0.967562 0.011151 0.620950 -0.153115 -0.768751
-9.322145 -110.977440 -374.562456 -3192.701313 -0.755487 0.223621 -0.615819 0.323785 0.944576 -0.054218 0.569563 -0.240354 -0.786020
-9.475140 -116.253447 858.946918 -6991.422992 -0.771038 0.229638 -0.593942 0.295881 0.955110 -0.014826 0.563875 -0.187168 -0.804371
-10.532657 -119.166427 124.416400 3794.663904 -0.755923 0.260871 -0.600439 0.402479 0.908557 -0.111963 0.516325 -0.326299 -0.791794
-9.839644 -119.486841 -470.876055 5401.998101 -0.737461 0.264670 -0.621370 0.433687 0.890854 -0.135257 0.517752 -0.369227 -0.771754
3.836123 -114.403273 1978.562076 259.725081 0.723085 -0.065098 0.687685 -0.670059 0.175794 0.721192 0.167839 0.982272 -0.083494
7.021410 -112.590572 1954.301940 -629.262306 0.710901 -0.053015 0.701291 -0.684286 0.178110 0.707127 0.162395 0.982581 -0.090341
-0.347790 -109.322929 3552.394542 -2496.742826 0.724524 -0.068823 0.685805 -0.610368 0.398148 0.684784 0.320181 0.914736 -0.246460
8.564423 -114.411208 -995.378270 607.731409 0.713454 -0.050527 0.698878 -0.700699 -0.054563 0.711368 -0.002190 0.997231 0.074332
-2.967170 -111.548905 2870.448708 -2496.473094 0.745700 -0.077362 0.661776 -0.585479 0.398015 0.706256 0.318034 0.914111 -0.251506
9.321652 -113.066083 1146.593800 1199.935902 0.730595 -0.062770 0.679920 -0.682227 -0.025915 0.730681 0.028244 0.997692 0.061757
1.195196 -114.297836 1147.015980 1386.738460 0.746372 -0.067824 0.662064 -0.644237 0.175984 0.744304 0.166995 0.982054 -0.087655
25.311258 -31.543810 -21297.317449 331.709485 0.332240 -0.267862 0.904360 0.580399 0.813857 0.027831 -0.743474 0.515643 0.425862
29.489346 -30.180213 -24199.190399 700.967518 0.383963 -0.158269 0.909683 0.607450 0.785277 -0.119770 -0.695398 0.598574 0.397657
38.486096 -32.776908 -16313.565975 1159.280101 0.396955 -0.217131 0.891785 0.624898 0.775580 -0.089320 -0.672256 0.592731 0.443555
-14.682626 -166.265220 2881.044050 -20129.300772 0.723883 -0.160258 0.671052 -0.688328 -0.101660 0.718241 0.046885 0.981826 0.183900
-7.772623 -164.491998 1903.587396 -15835.054228 0.731037 -0.174635 0.659612 -0.673182 -0.026761 0.738992 0.111402 0.984270 0.137124
-12.953167 -158.477938 3022.097572 8267.226083 0.710016 -0.165394 0.684487 -0.687166 0.049686 0.724800 0.153887 0.984975 0.078375
-19.171013 -154.515328 2622.667047 -1782.907678 0.706987 -0.124849 0.696119 -0.703723 -0.026333 0.709986 0.070311 0.991826 0.106476
-16.778907 -174.994049 1392.515444 -38378.399227 0.690093 -0.116462 0.714289 0.705826 -0.109814 -0.699822 0.159942 0.987106 0.006420
-11.146271 -172.054916 3517.699649 31564.164002 0.705918 -0.180179 0.684993 -0.651378 0.214686 0.727747 0.278184 0.959919 -0.034186
-1.184907 -134.275241 -2335.100390 1484.184629 0.635571 0.074007 0.768487 0.713179 0.324935 -0.621122 -0.295675 0.942836 0.153739
-2.031123 -142.827370 -5436.398173 -6787.808852 0.675577 0.129080 0.725902 -0.602250 -0.471337 0.644311 -0.425311 0.872456 0.240686
-6.723400 -141.519572 -6878.198851 4405.725109 0.634521 0.084671 0.768254 0.708048 0.334891 -0.621704 -0.309922 0.938445 0.152544
-6.995138 -137.305303 -5821.234142 6067.607161 0.595422 0.068580 0.800480 0.784222 0.166860 -0.597624 -0.174553 0.983593 0.045570
-0.590266 -126.994206 -310.942580 7784.769954 0.607941 0.046600 0.792613 0.776963 0.170667 -0.605971 -0.163511 0.984226 0.067549
-1.204400 -1970.541587 13699.310880 -1327857.822398 -0.357800 0.166659 -0.918806 0.901737 0.317282 -0.293602 0.242589 -0.933572 -0.263806
-16.146386 -3783.828180 -13918.335869 -2788702.285753 -0.400162 0.104025 -0.910521 0.884626 0.303370 -0.354123 0.239387 -0.947178 -0.213421
-7.769749 -576.382031 -3673.515628 -357756.697582 -0.325083 0.156844 -0.932588 0.945263 0.083353 -0.315483 0.028252 -0.984100 -0.175356
17.076908 -65.983506 5030.211478 4312.137236 0.302990 0.861689 -0.407048 0.091199 0.398948 0.912427 -0.948620 0.313579 -0.042292
10.644178 -64.450044 5037.140244 3766.276943 0.322538 0.873001 -0.365840 0.056681 0.367989 0.928101 -0.944858 0.320084 -0.069208
12.977119 -61.898623 3747.546424 5332.040738 0.305789 0.863421 -0.401244 0.151788 0.371831 0.915807 -0.939922 0.340948 0.017355
-229.830422 -1066.741313 86646.709430 228236.636245 0.438273 0.732719 0.520615 0.533643 0.253967 -0.806676 0.723285 -0.631367 0.279704
-400.811384 -1802.266067 -158157.706721 725629.313693 -0.267810 -0.782363 -0.562305 0.874731 0.047215 -0.482302 0.403885 -0.621031 0.671712
-973.363863 -9121.767620 -523267.987204 7267299.846555 -0.447000 -0.672503 -0.589856 0.685674 0.165896 -0.708752 0.574493 -0.721261 0.386963
-276.886859 -2825.927991 84909.812693 -1127384.529155 0.597751 0.788050 0.147209 0.018130 0.170290 -0.985227 0.801477 -0.591590 -0.087504
-20.168234 -2013.332529 30983.190411 -700945.984566 0.598800 0.773712 0.206902 0.084473 0.195884 -0.976982 0.796431 -0.602495 -0.051937
-448.705433 -1067.985479 184340.372199 434011.760603 0.485855 0.650532 0.583740 0.416148 0.415136 -0.809001 0.768613 -0.635980 0.069022
-43.237887 -252.432699 941.430077 85677.649121 0.359654 0.932388 -0.036081 -0.223485 0.123620 0.966836 -0.905927 0.339663 -0.252835
-13.150793 -42.872132 8141.367185 8771.156506 -0.007583 0.679125 0.733983 -0.404276 -0.673426 0.618917 -0.914606 0.292038 -0.279661
-15.103451 -109.529630 -5586.337913 32617.526016 0.289738 0.939540 0.182527 -0.333619 -0.079606 0.939341 -0.897079 0.333057 -0.290384
-19.730142 -43.199116 2633.889904 -17137.190549 0.497493 0.828861 0.255909 0.171886 0.194968 -0.965631 0.850268 -0.524382 0.045474
-8.016255 -25.549618 -3816.195586 -3499.270037 0.498509 0.766426 -0.405067 -0.175943 -0.368089 -0.912992 0.848842 -0.526404 0.048648
-19.994217 -42.008473 -2742.246031 -12159.482408 0.562916 0.821345 -0.092296 -0.048164 -0.078882 -0.995720 0.825110 -0.564952 0.004844
-7.480787 -23.596968 1934.001344 -3069.221083 0.492902 0.855538 0.158436 0.138860 0.102410 -0.985003 0.858933 -0.507510 0.068322
-29.547641 -107.102925 2197.454478 -41934.061127 0.523875 0.778324 0.346072 0.168322 0.303681 -0.937788 0.834998 -0.549535 -0.028082
-24.860669 -121.407864 4699.931161 -49333.783484 0.446196 0.768071 0.459321 0.238915 0.392385 -0.888230 0.862455 -0.506064 0.008423
-10.528873 -56.810056 4725.149072 -25522.832878 0.406176 0.754769 0.515116 0.305771 0.418955 -0.854974 0.861119 -0.504777 0.060617
-1.128536 -85.945102 -4060.880379 25887.327897 0.405161 -0.868568 -0.285365 0.908954 0.416225 0.023665 0.098221 -0.268972 0.958127
-4.161180 -108.176423 -1896.408605 15290.851011 0.361377 -0.878738 -0.311812 0.927919 0.306108 0.212756 -0.091509 -0.366221 0.926018
1.170335 -75.753906 2676.113859 20716.660384 0.499455 -0.803654 -0.323551 0.861110 0.501494 0.083630 0.095049 -0.320382 0.942508
-50.736527 -78.844218 89.920442 5920.219221 0.138020 -0.951445 0.275142 0.964162 0.192625 0.182447 -0.226587 0.240100 0.943933
-41.678084 -74.780117 2330.243632 3100.753596 -0.159633 -0.945073 0.285228 0.967769 -0.092809 0.234114 -0.194783 0.313407 0.929427
-39.343779 -68.756493 926.294029 5529.282592 -0.380258 -0.866651 0.322986 0.919256 -0.315694 0.235172 -0.101848 0.386332 0.916719
52.298490 -63.307834 -892.448884 -2092.767245 0.210837 0.974310 -0.079163 0.333341 -0.147790 -0.931151 0.918929 -0.169933 0.355937
59.963099 -70.803783 1405.287828 -8652.102351 0.086988 0.992880 -0.081379 0.274155 -0.102393 -0.956219 0.957743 -0.060869 0.281110
71.006895 -82.740196 2235.588004 -8201.049765 0.113216 0.986967 -0.114364 0.080986 -0.123888 -0.988986 0.990264 -0.102707 0.093957
67.554459 -83.257937 -1915.457788 -4573.113815 0.241854 0.959685 -0.143215 -0.000249 -0.147535 -0.989057 0.970313 -0.239243 0.035443
3.772769 -175.681731 -3154.324141 -98777.847879 0.632960 0.762497 -0.134018 0.726834 -0.644886 -0.236292 0.266598 -0.052155 0.962396
37.840323 -74.589217 9771.487460 60971.711671 0.779602 0.537392 -0.321605 -0.511148 0.842702 0.169057 0.361867 0.032591 0.931660
29.038111 -23.035499 10716.645317 12568.640810 0.861751 0.245567 -0.443939 -0.208440 0.969157 0.131483 0.462534 -0.020771 0.886358
10.305384 -26.213891 13520.606366 11264.427348 0.810225 0.338599 -0.478420 -0.269098 0.940035 0.209575 0.520693 -0.041061 0.852756
2.827348 -12.681043 2811.797805 -1566.274982 0.062135 0.844993 -0.531156 0.783563 0.288333 0.550358 -0.618198 0.450390 0.644189
8.191069 -14.403225 2149.683133 -1024.803195 -0.132514 0.774050 -0.619101 0.776542 0.469241 0.420470 -0.615973 0.425040 0.663264
-46.874801 -64.164228 7275.519652 2403.394261 0.848861 -0.461391 -0.257981 -0.518399 -0.631099 -0.577042 -0.103430 -0.623565 0.774899
-28.511674 -57.188027 12235.857432 -862.513218 0.670859 -0.555520 -0.491270 0.741072 0.477551 0.471972 -0.027583 -0.680693 0.732049
-44.814181 -64.429138 5747.595697 521.778399 0.902581 -0.366138 -0.226473 -0.429967 -0.739982 -0.517257 -0.021801 -0.564242 0.825321
3.014077 -64.647848 -1883.802451 -13560.512307 0.812510 -0.492165 0.312411 -0.151900 0.338656 0.928568 0.562809 0.801926 -0.200401
3.569418 -86.353701 32.973154 -15459.249657 0.792935 -0.493326 0.357608 -0.256023 0.262824 0.930256 0.552908 0.829188 -0.082099
-0.347303 -63.760422 -475.227102 -11596.037224 0.798119 -0.479825 0.364383 -0.179311 0.388214 0.903957 0.575199 0.786802 -0.223803
84.022051 -35.065929 -14409.909001 -2670.559226 -0.101421 0.796495 0.596079 0.731623 -0.346291 0.587205 -0.674123 -0.495660 0.547613
50.826797 -37.983346 -19737.421336 -1448.309545 -0.133939 0.655665 0.743077 0.722661 -0.448463 0.525967 -0.678101 -0.607441 0.413757
70.170875 -26.530369 -16326.168974 -2669.243249 -0.107364 0.752875 0.649347 0.678115 -0.422175 0.601605 -0.727072 -0.504922 0.465210
66.702031 -30.594344 4419.028854 -3778.941845 0.058230 0.890894 0.450464 0.676765 -0.366945 0.638233 -0.733893 -0.267694 0.624292
58.989373 -18.380204 -9418.153145 -2381.071966 -0.050759 0.845930 0.530872 0.644370 -0.378376 0.664544 -0.763027 -0.375810 0.525886
38.843151 -21.417743 -11659.874422 -1853.554535 -0.021176 0.655542 0.754861 0.624749 -0.580786 0.521896 -0.780538 -0.482651 0.397251
10.093050 -75.166628 -1713.965890 -186.695318 0.299888 0.953913 0.010797 0.217661 -0.057399 -0.974335 0.928812 -0.294541 0.224843
10.312987 -78.113915 -1761.969263 -3317.644505 0.304503 0.952482 -0.007476 0.081499 -0.033874 -0.996098 0.949018 -0.302706 0.087941
5.200600 -75.291701 -1440.692281 -2075.249160 0.325149 0.945285 -0.026721 0.070771 -0.052501 -0.996110 0.943011 -0.321993 0.083969
3.956023 -158.088027 -440.673662 -14352.382503 0.113624 0.949037 0.293970 0.784256 -0.267325 0.559893 -0.609945 -0.166930 0.774662
1.776157 -172.727415 -103.992106 -7057.786363 0.137150 0.944546 0.298366 0.922786 -0.231328 0.308145 -0.360078 -0.233065 0.903341
2.335374 -144.839938 -130.883380 -13139.188936 0.088920 0.951905 0.293208 0.787936 -0.247301 0.563914 -0.609303 -0.180886 0.772030
3.523569 -123.780894 -422.834806 -14341.374622 0.062483 0.959074 0.276177 0.618828 -0.254334 0.743213 -0.783037 -0.124468 0.609393
1.942682 -111.807425 -394.274393 -13797.623243 0.038744 0.958510 0.282412 0.619740 -0.244752 0.745667 -0.783850 -0.146132 0.603510
1.447157 -133.351797 -298.777028 -13738.144091 0.064126 0.951261 0.301647 0.781252 -0.235923 0.577915 -0.620914 -0.198602 0.758303
-4.995678 -39.587327 5583.566258 -1145.552259 0.209417 0.949161 0.235029 0.705188 -0.313108 0.636140 -0.677388 -0.032521 0.734906
-1.399205 -40.339638 6016.755058 -760.727768 0.251142 0.931147 0.264372 0.756445 -0.359210 0.546588 -0.603919 -0.062711 0.794575
27.454724 -39.938541 15280.504163 -1739.251771 0.243750 0.945937 0.213986 0.757605 -0.323468 0.566924 -0.605492 -0.023929 0.795492
70.689173 -39.510969 25173.547398 -3816.762425 0.218147 0.954816 0.201838 0.728426 -0.296942 0.617431 -0.649467 -0.012333 0.760290
10.142203 -93.652320 -3721.326489 9141.185874 0.658895 0.687630 0.304997 -0.617320 0.725971 -0.303121 -0.429854 0.011444 0.902826
11.412101 -73.602966 -5427.504168 13230.500006 0.672351 0.658652 0.337818 -0.497436 0.739990 -0.452739 -0.548180 0.136357 0.825170
19.102632 -86.492087 -2243.942820 11991.193461 0.691688 0.672408 0.263504 -0.591486 0.736798 -0.327526 -0.414381 0.070687 0.907354
-6.732053 -125.571332 2364.867225 -2592.542750 0.694580 -0.191358 0.693499 0.715002 0.076997 -0.694870 0.079572 0.978496 0.190301
1.053620 -123.474213 2511.452153 -4471.408965 0.675308 -0.200877 0.709653 0.733569 0.282593 -0.618076 -0.076386 0.937971 0.338195
-1.677275 -127.168366 3456.356662 -1499.655249 0.666337 -0.209599 0.715586 0.738005 0.048309 -0.673063 0.106504 0.976593 0.186875
4.865126 -83.886510 2080.939340 5648.270755 0.811342 -0.047421 0.582645 -0.322506 -0.867607 0.378481 -0.487559 0.494984 0.719220
3.878265 -81.301766 3222.772027 5128.789892 0.827424 -0.014521 0.561390 -0.286561 -0.870639 0.399838 -0.482962 0.491708 0.724549
11.415195 -78.584120 2459.397425 -1711.449513 0.826033 -0.002319 0.563617 0.199401 0.936521 -0.288388 -0.527170 0.350604 0.774060
11.036899 -80.432391 442.316196 -1683.596496 0.801119 -0.048896 0.596505 0.255923 0.928931 -0.267564 -0.541029 0.367010 0.756698
17.858259 -86.312717 -1275.961768 4154.255741 0.805154 -0.002322 0.593061 0.136879 0.973722 -0.182017 -0.577053 0.227730 0.784314
19.926570 -84.677152 1516.829496 4040.909125 0.834456 0.062780 0.547486 0.062325 0.976364 -0.206953 -0.547538 0.206815 0.810820
-0.504388 -137.256873 -523.745449 -11810.851702 0.748454 0.154396 0.644964 0.524517 -0.732939 -0.433223 -0.405832 -0.662542 0.629554
-0.769478 -121.834104 -8.090089 -8998.493462 0.745968 0.170756 0.643719 0.450142 -0.841627 -0.298389 -0.490820 -0.512354 0.704691
1.143630 -135.726999 -1042.664954 -12859.927035 0.740885 0.156444 0.653157 0.506703 -0.768517 -0.390685 -0.440842 -0.620409 0.648653
-2.020086 -125.258571 -292.659023 -11043.428943 0.745739 0.164760 0.645545 0.462497 -0.825456 -0.323602 -0.479552 -0.539885 0.691776
1.003164 -154.056627 -808.294799 -14980.940680 0.754081 0.146459 0.640244 0.570569 -0.628891 -0.528155 -0.325290 -0.763575 0.557799
-2.243411 -141.622370 -575.914742 -11158.085137 0.747558 0.158889 0.644912 0.546425 -0.699112 -0.461153 -0.377594 -0.697135 0.609447
-1.012240 -156.038938 -477.688528 -11518.725899 0.754293 0.150446 0.639068 0.592624 -0.574945 -0.564124 -0.282559 -0.804242 0.522834
-6.316759 -138.633997 -1011.243843 14537.713514 -0.619106 -0.110066 -0.777556 0.184119 0.942188 -0.279969 0.763419 -0.316493 -0.563049
-7.192460 -120.466825 -934.752462 4404.477146 -0.622054 -0.065706 -0.780213 0.128174 0.974485 -0.184257 0.772412 -0.214621 -0.597760
-5.104507 -123.485794 -1439.018788 6465.242877 -0.606296 -0.074283 -0.791762 0.082860 0.984308 -0.155798 0.790910 -0.160065 -0.590627
3.910644 -90.896069 -8596.299418 -8636.911590 0.750458 -0.018782 0.660651 -0.528730 0.582704 0.617172 0.396555 0.812468 -0.427364
-2.722669 -104.952289 -5531.493243 -5886.006404 0.760905 -0.050367 0.646905 -0.581583 0.389150 0.714369 0.287724 0.919796 -0.266814
-6.053906 -96.206721 -6394.691896 -7230.350995 0.768348 -0.043164 0.638575 -0.521537 0.536112 0.663764 0.370998 0.843043 -0.389409
2.384750 -101.047282 -7169.459878 -7040.519691 0.739911 -0.028379 0.672105 -0.600491 0.422482 0.678911 0.303220 0.905927 -0.295558
-5.078951 -86.060605 -3276.942043 -10217.995628 0.737909 -0.059162 0.672302 -0.452843 0.695221 0.558213 0.500423 0.716357 -0.486218
12.335237 -86.453830 -10231.625169 -7316.162049 0.709472 0.003069 0.704727 -0.563200 0.603573 0.564363 0.423622 0.797302 -0.429947
12.067389 -77.693898 -9324.896022 -8984.809581 0.712623 0.011982 0.701445 -0.490794 0.722957 0.486265 0.501288 0.690789 -0.521076
139.209575 39.987555 -33614.396688 9806.817829 0.679279 -0.153383 -0.717672 -0.665382 0.283817 -0.690445 -0.309590 -0.946531 -0.090733
-82.988010 -2855.329458 -22954.216776 -120844.797769 0.587643 -0.401329 0.702574 0.572718 0.819681 -0.010806 -0.571550 0.408727 0.711529
-330.384550 -3747.651912 102426.601623 -1395280.241059 0.687676 -0.267584 0.674908 -0.662734 -0.610945 0.433047 -0.296455 0.745081 0.597469
-413.401078 -6370.197365 37148.018256 -6495769.915311 0.486820 -0.405923 0.773455 0.518643 0.846811 0.117983 -0.702863 0.343710 0.622774
49.646462 -4641.177518 -111577.665429 6834261.556048 0.513668 -0.457570 0.725793 0.857847 0.258491 -0.444163 0.015625 0.850771 0.525304
