10475
20939
-39.416353 -70.250053 -3043.514370 9010.183186 -0.012813 0.986033 0.166055 0.725275 0.123486 -0.677294 0.688340 -0.111758 0.716727
-50.991703 -76.476121 -782.987843 7299.168888 0.003384 0.999255 0.038454 0.803673 0.020165 -0.594729 0.595061 -0.032918 0.803006
-38.672295 -79.519792 -3211.470494 6296.659323 -0.052379 0.979843 0.192779 0.850759 0.144873 -0.505194 0.522939 -0.137547 0.841199
-46.246864 -63.300986 -1203.255335 6721.216050 0.315687 0.890510 -0.327619 0.648061 -0.454550 -0.611066 0.693080 0.019411 0.720600
-24.506110 -79.034833 -5694.004123 9331.122839 0.006432 0.960353 0.278713 0.789416 0.166211 -0.590928 0.613825 -0.223822 0.757049
-19.704673 -70.464681 -5639.996029 12497.360722 0.077746 0.966601 0.244210 0.668716 0.131119 -0.731865 0.739442 -0.220207 0.636187
-30.264513 -50.914716 -3925.571369 6074.426410 0.160963 0.984098 0.075111 0.626625 -0.043103 -0.778128 0.762517 -0.172316 0.623598
-40.112357 -50.108988 -1292.694785 3967.946096 0.368866 0.861610 -0.348664 0.560501 -0.505432 -0.656032 0.741469 -0.046561 0.669369
-116.817092 -153.079027 24709.470784 3127.443043 0.088566 -0.286705 -0.953916 0.956832 -0.241663 0.161470 -0.276820 -0.927038 0.252925
-48.260712 -148.916067 22380.836266 7330.014517 0.210984 -0.155432 -0.965053 0.966628 -0.113591 0.229623 -0.145312 -0.981294 0.126279
-102.828987 -148.749007 25678.602537 21486.192799 0.031371 -0.245243 -0.968954 0.997241 0.072935 0.013827 0.067279 -0.966714 0.246855
36.547955 -33.060384 606.564931 -1050.678884 -0.562473 0.815717 -0.135018 0.784754 0.578113 0.223486 -0.260357 -0.019749 0.965310
40.852057 -37.782874 -2974.015548 126.999026 -0.572182 0.815208 -0.089681 0.810205 0.578828 0.092338 -0.127185 0.019826 0.991681
35.061097 -35.836521 -5793.774964 -910.788027 -0.556574 0.830718 0.011486 0.815122 0.543347 0.200875 -0.160630 -0.121164 0.979550
30.026861 -31.111933 -1410.179005 -2102.664713 -0.541734 0.839351 -0.044882 0.791384 0.527313 0.309275 -0.283257 -0.132026 0.949913
-1.921318 -15.068155 -4001.953036 -4810.400560 0.924933 -0.378278 -0.037475 0.071516 0.076340 0.994514 0.373341 0.922539 -0.097663
20.621260 -18.328248 -14282.000865 -3876.798159 0.706133 -0.355894 -0.612140 0.591683 -0.178310 0.786204 0.388955 0.917358 -0.084666
27.844135 -34.371728 -16445.225593 -8472.112542 0.860205 -0.367290 -0.353759 0.337404 -0.110233 0.934884 0.382370 0.923551 -0.029102
4.969857 -27.770223 -7449.033510 -6053.566455 0.921514 -0.380616 -0.077098 0.091354 0.019501 0.995628 0.377448 0.924527 -0.052741
-2.109134 -114.251619 -362.071724 6689.676958 0.404832 0.880841 0.245418 0.512197 0.003889 -0.858859 0.757473 -0.473396 0.449590
-3.398642 -110.921208 -62.638883 2751.667897 0.394163 0.887963 0.236974 0.546969 -0.019444 -0.836927 0.738553 -0.459503 0.493352
-2.649481 -128.437390 -34.385299 9711.657533 0.375416 0.889421 0.260755 0.684508 -0.076376 -0.724994 0.624909 -0.450663 0.637488
0.223937 -137.327418 -650.892956 14232.392390 0.380140 0.884054 0.271922 0.663503 -0.055818 -0.746088 0.644405 -0.464039 0.607792
-2.855195 -140.696737 83.206588 12713.698531 0.323877 0.903361 0.281145 0.841972 -0.139682 -0.521125 0.431493 -0.405497 0.805845
-2.297339 -153.812891 23.080977 14746.814582 0.335963 0.897916 0.284388 0.826243 -0.136012 -0.546647 0.452163 -0.418626 0.787592
-39.992725 -65.700954 2892.538214 -9680.479203 -0.627050 -0.118556 0.769905 0.038551 0.982417 0.182678 -0.778025 0.144228 -0.611454
-42.533792 -64.394160 2596.566308 -9596.316896 -0.515896 -0.009337 0.856600 0.206790 0.969012 0.135103 -0.831318 0.246835 -0.497979
-37.209527 -64.842772 747.908359 2503.808142 -0.662767 -0.132094 0.737082 0.142484 0.944089 0.297311 -0.735145 0.302071 -0.606890
-30.628046 -69.232819 -655.462386 13.543627 -0.725427 -0.237429 0.646052 -0.054242 0.955422 0.290218 -0.686159 0.175489 -0.705968
456.930945 -35.523574 293057.514519 1932.572693 0.694299 0.696163 -0.182498 -0.367203 0.560760 0.742099 -0.618959 0.448225 -0.644968
-38.049485 -61.051764 -1825.771723 10349.608687 -0.614323 -0.008880 0.789005 0.367474 0.881659 0.296040 -0.698262 0.471803 -0.538360
279.837948 -14.837476 55719.097616 -2624.503742 -0.249603 0.703058 -0.665889 0.965328 0.234923 -0.113808 0.076419 -0.671208 -0.737319
259.411929 -53.247699 58659.961058 -2389.107831 -0.122215 0.765758 -0.631409 0.985727 0.167863 0.012783 0.115779 -0.620835 -0.775344
893.006765 -65.290646 251283.241523 -19438.207416 -0.178409 0.795583 -0.578980 0.982614 0.174781 -0.062618 0.051377 -0.580085 -0.812934
1720.964406 36.643117 576682.867849 -529.578777 -0.167549 -0.430160 -0.887068 0.879136 0.342003 -0.331896 0.446148 -0.835462 0.320867
22597.787028 -1023.897535 14866411.840298 -218792.897639 -0.287936 -0.211885 -0.933915 0.776616 0.518936 -0.357174 0.560322 -0.828136 0.015133
1.606894 -66.268865 -1306.067269 1070.906357 0.650991 0.666960 -0.362458 -0.157634 -0.348304 -0.924032 0.742538 -0.658673 0.121607
6.898138 -63.060030 -2276.974433 3668.903255 0.646018 0.661223 -0.381373 -0.292522 -0.247025 -0.923802 0.705047 -0.708352 -0.033840
0.989985 -62.295877 -1196.652521 2098.749044 0.649885 0.656528 -0.382911 -0.286100 -0.255429 -0.923527 0.704128 -0.709737 -0.021833
47.102269 -43.999484 1902.506073 -3840.693480 -0.281534 0.051211 -0.958184 0.657612 0.737489 -0.153804 0.698774 -0.673414 -0.241305
64.502274 -45.674538 17787.490843 -1748.835692 -0.497991 0.332642 -0.800846 0.666977 0.737125 -0.108572 0.554208 -0.588214 -0.588946
81.419435 -34.497524 11159.816424 -2395.856371 -0.380476 0.020330 -0.924567 0.687795 0.674539 -0.268207 0.618204 -0.737959 -0.270628
48.067648 -49.302782 14157.222997 -1117.627610 -0.470406 0.289809 -0.833504 0.577099 0.815588 -0.042119 0.667589 -0.500827 -0.550905
91.678143 -31.553670 -13242.693367 -4864.188932 -0.094606 -0.223761 -0.970042 0.683621 0.693737 -0.226697 0.723680 -0.684588 0.087336
60.102012 -32.661613 -10295.563309 -4406.096640 -0.040009 -0.282076 -0.958558 0.586779 0.769851 -0.251037 0.808758 -0.572505 0.134715
38.751255 -47.157342 930.723887 -1800.699930 -0.266356 0.037676 -0.963138 0.526697 0.842549 -0.112699 0.807245 -0.537300 -0.244261
-23.512885 -99.050268 772.356098 -4733.880731 0.406394 -0.398664 0.822138 0.757741 0.649843 -0.059446 -0.510561 0.647125 0.566177
-24.393261 -88.821575 504.935981 -7860.269564 0.448794 -0.341788 0.825691 0.568554 0.822052 0.031252 -0.689442 0.455424 0.563257
-26.794035 -101.606837 4224.499106 -6024.163764 0.471160 -0.425370 0.772702 0.709466 0.703272 -0.045452 -0.524086 0.569621 0.633140
-21.393690 -110.806404 2652.193785 -1347.850072 0.423276 -0.472795 0.772853 0.851714 0.498496 -0.161510 -0.308903 0.726613 0.613688
171.047888 -1364.176292 -45818.363797 -394177.398299 0.294251 -0.360201 0.885252 -0.564278 0.682106 0.465104 -0.771366 -0.636386 -0.002543
-1105.432685 -9533.443848 -354273.910795 -833382.298131 -0.104506 -0.052290 -0.993149 0.974848 -0.203044 -0.091890 -0.196848 -0.977772 0.072194
38.613264 -4511.237963 -17494.112162 1555280.822366 -0.154911 0.059126 -0.986158 0.904486 0.409998 -0.117500 0.397375 -0.910168 -0.116992
-19.261638 -183.083767 -34825.440257 19535.972827 -0.704508 0.694455 0.146290 0.588080 0.686634 -0.427429 0.397278 0.215098 0.892134
4.239884 -915.674348 -2975.253534 -274455.357311 0.140038 0.591648 -0.793941 -0.658833 0.654250 0.371343 0.739140 0.471073 0.481417
98.034912 -7854.254815 38269.924519 -13249940.599422 -0.019938 0.455084 -0.890225 0.768780 0.576239 0.277356 0.639203 -0.678857 -0.361348
-10.517894 -18.400937 10966.719050 21128.494386 0.926731 -0.083629 0.366301 0.310473 -0.378613 -0.871928 -0.211605 -0.921769 0.324908
111.031038 -0.692218 -54721.020159 15414.400300 -0.562411 -0.227352 -0.794988 0.812328 -0.331376 -0.479910 -0.154331 -0.915697 0.371054
0.348809 -15.310612 17516.130644 1018.229785 0.888489 0.001488 0.458896 0.396565 -0.505691 -0.766167 -0.230920 -0.862713 0.449891
48.479027 -25.246321 39961.325605 -10777.654441 0.844703 -0.004871 0.535213 0.436388 -0.572719 -0.693944 -0.309907 -0.819737 0.481652
-8.045341 -32.030613 6500.064718 7062.932758 0.657845 -0.459293 -0.596900 0.684638 0.034402 0.728071 -0.313863 -0.887619 0.337081
11.897945 -104.364028 -257.448009 -10736.839719 -0.225016 0.686877 0.691062 0.610963 -0.453030 0.649221 -0.759008 -0.568298 0.317717
12.571072 -94.401626 -3250.510619 -6450.096116 -0.231546 0.703471 0.671949 0.504638 -0.503666 0.701185 -0.831701 -0.501448 0.238377
24.517269 -94.899178 -5965.298600 -2740.421807 -0.295999 0.703530 0.646088 0.676274 -0.323327 0.661901 -0.674565 -0.632854 0.380075
13.495517 -25.792960 6779.078722 -2137.481252 -0.334038 0.929079 0.158841 -0.233141 -0.244727 0.941145 -0.913271 -0.277346 -0.298355
22.377245 -24.736414 9208.804174 -83.264704 -0.388489 0.867446 0.310826 -0.239726 -0.420852 0.874880 -0.889723 -0.265368 -0.371446
6.089404 -21.128935 4671.511707 -1251.859707 -0.337622 0.930126 0.144488 -0.292785 -0.249659 0.923010 -0.894588 -0.269325 -0.356618
-10.418755 -182.874188 -1913.071585 -15548.781078 0.948317 -0.317038 -0.013499 0.103041 0.347890 -0.931856 -0.300130 -0.882304 -0.362578
-8.325617 -182.996206 -577.144084 42.089170 0.961185 -0.275830 -0.006433 0.145513 0.526604 -0.837564 -0.234413 -0.804118 -0.546301
-9.535285 -174.145242 -515.484184 -19503.007784 0.963815 -0.266362 -0.010585 0.042728 0.193559 -0.980158 -0.263126 -0.944238 -0.197936
-8.854143 -184.288154 -831.299235 4961.287705 0.950151 -0.311771 -0.003275 0.216739 0.668012 -0.711888 -0.224134 -0.675691 -0.702285
-10.426140 -152.975970 -1980.879052 -22903.419471 0.952743 -0.303392 -0.015272 -0.006921 0.028580 -0.999568 -0.303697 -0.952437 -0.025130
-9.355885 -162.706882 -1426.363256 -20304.170614 0.944777 -0.327593 -0.008932 0.034758 0.127269 -0.991259 -0.325866 -0.936208 -0.131627
-8.894645 -177.623496 784.385134 -4228.215459 0.952496 -0.304352 0.011024 0.164069 0.482301 -0.860504 -0.256579 -0.821435 -0.509325
-5.107535 -66.292235 -336.006592 451.745465 -0.603470 0.795784 -0.050514 -0.170690 -0.067039 0.983042 -0.778902 -0.601858 -0.176288
-3.813716 -67.386334 -221.106899 -1697.218448 -0.607651 0.789129 -0.089640 -0.373929 -0.184693 0.908881 -0.700669 -0.585802 -0.407307
-4.583084 -70.676584 -203.569954 670.482805 -0.618556 0.784672 -0.040966 -0.145751 -0.063351 0.987291 -0.772105 -0.616665 -0.153553
6.884581 -95.970890 -847.977591 -7035.034510 -0.656954 0.752568 -0.045298 0.737357 0.628824 -0.246748 -0.157210 -0.195503 -0.968020
9.149246 -96.036621 -1415.212392 -10224.801048 -0.666607 0.744298 -0.040690 0.717645 0.626063 -0.305009 -0.201544 -0.232522 -0.951480
6.789043 -86.072081 1832.954527 -10471.372646 0.671536 -0.738649 0.058624 0.658727 0.558900 -0.503695 -0.339289 -0.376867 -0.861890
4.103411 -84.896095 -687.026280 -7408.547413 -0.663975 0.745652 -0.056037 0.685031 0.576523 -0.445370 -0.299784 -0.334102 -0.893591
5.066528 -91.568947 630.241697 -3275.999625 -0.632992 0.773279 -0.036884 0.765262 0.617806 -0.180802 -0.117023 -0.142672 -0.982828
-2.391950 -112.203598 -104.927759 10780.114782 -0.560099 0.828377 0.009026 -0.030183 -0.031293 0.999054 -0.827876 -0.559297 -0.042530
-3.085259 -122.208462 -245.262135 3528.508533 -0.563603 0.825728 -0.022918 -0.300606 -0.179180 0.936766 -0.769407 -0.534853 -0.349205
-1.839104 -112.792396 -125.085324 11083.959388 -0.565254 0.824845 -0.010867 -0.040830 -0.014818 0.999056 -0.823906 -0.565164 -0.042055
17.974983 -46.006259 256.680251 -493.695599 -0.450682 0.863458 0.226552 0.826753 0.308008 0.470756 0.336698 0.399464 -0.852680
14.248175 -47.645221 3395.650820 -757.112738 -0.466722 0.829738 0.306112 0.818344 0.273910 0.505258 0.335385 0.486320 -0.806852
17.734863 -46.477914 1753.431719 -299.524015 -0.452874 0.854179 0.255506 0.855887 0.336243 0.392936 0.249725 0.396635 -0.883356
14.286010 -47.223970 1282.338451 -409.310815 -0.465012 0.849673 0.248634 0.765716 0.245050 0.594667 0.444345 0.466911 -0.764560
14.693267 -45.888740 -1995.694502 -362.107112 -0.441703 0.878037 0.184252 0.852160 0.346377 0.392233 0.280574 0.330262 -0.901224
15.074045 -46.198547 -4099.214105 251.089804 -0.435432 0.883943 0.170420 -0.816630 -0.308191 -0.487990 0.378833 0.351656 -0.856051
-0.466815 -51.953513 5421.190410 -587.843718 -0.352318 0.882852 0.310555 -0.892890 -0.416505 0.171085 -0.280391 0.217015 -0.935032
-1.818394 -52.299943 4677.629686 -639.347489 -0.355729 0.883050 0.306070 -0.846266 -0.443321 0.295467 -0.396600 0.153910 -0.904997
6.728327 -51.768475 3069.398245 -808.800306 -0.371040 0.883232 0.286759 -0.880958 -0.432451 0.192092 -0.293670 0.181349 -0.938547
-11.712239 -48.127333 -275.564416 1584.648760 -0.477890 0.877754 0.034195 0.137790 0.036460 0.989790 -0.867546 -0.477722 0.138370
-11.122518 -46.831744 210.076050 1659.783474 -0.441875 0.896788 0.022757 0.122475 0.035178 0.991848 -0.888677 -0.441060 0.125379
-11.607659 -50.343461 -274.607642 1043.082535 -0.481937 0.876096 -0.013833 -0.049363 -0.011385 0.998716 -0.874814 -0.482001 -0.048734
-0.090961 -193.656704 -879.009744 22423.161326 0.920876 -0.376485 0.101222 0.233091 0.323580 -0.917041 -0.312499 -0.868076 -0.385732
-0.934917 -248.190953 423.173554 42498.436625 0.919976 -0.356669 0.162577 0.324622 0.460807 -0.826001 -0.219692 -0.812677 -0.539714
8.336191 -162.809186 -961.431921 8759.530905 0.928366 -0.369184 0.042883 0.262024 0.568296 -0.779989 -0.263589 -0.735352 -0.624322
-9.359124 -276.197560 292.852528 43701.550802 0.915750 -0.320169 0.242680 0.273271 0.053621 -0.960441 -0.294491 -0.945842 -0.136597
-19.401496 -45.259493 -1528.573662 967.004949 -0.302071 0.866284 0.397876 -0.787863 -0.461841 0.407401 -0.536680 0.190407 -0.822021
-17.428140 -45.198888 -2019.959283 730.676019 -0.272832 0.901887 0.334907 -0.809225 -0.403403 0.427108 -0.520306 0.154486 -0.839891
-16.311394 -43.066379 -1386.427448 1171.965671 -0.290753 0.879356 0.377089 -0.720911 -0.460468 0.517935 -0.629087 0.121256 -0.767820
-16.665456 -43.029835 1422.080167 1224.538886 -0.307474 0.834330 0.457552 -0.700088 -0.524014 0.485063 -0.644466 0.171182 -0.745225
-15.346402 -40.008030 -766.988304 1154.964900 -0.313972 0.841511 0.439638 -0.622409 -0.532103 0.573998 -0.716958 0.093415 -0.690829
-14.806087 -40.382338 -2021.102472 1172.561762 -0.298139 0.880775 0.367899 -0.642698 -0.470199 0.604857 -0.705728 0.056116 -0.706257
4.885703 -461.216433 727.424965 -70650.877244 0.910280 -0.375252 0.174860 0.379685 0.925075 0.008671 -0.165012 0.058499 0.984555
12.183383 -817.181894 -1775.035484 -190345.739862 0.892727 -0.400079 0.207302 0.383906 0.916191 0.114934 -0.235912 -0.023020 0.971502
7.176765 -409.707654 1525.074809 -41338.987390 0.882233 -0.434458 0.181416 0.358450 0.869640 0.339471 -0.305252 -0.234464 0.922956
7.800335 -543.985019 -838.454829 -28126.850217 0.893419 -0.410189 0.183158 -0.448088 -0.784751 0.428232 0.031923 0.464661 0.884913
-5.292054 -28.206143 -1193.964996 2428.601420 0.615557 -0.678040 -0.401687 0.556530 0.013104 0.830724 0.558000 0.734909 -0.385416
-5.176217 -25.032057 -1478.481859 2696.424246 0.649284 -0.681202 -0.338222 0.478977 0.020809 0.877581 0.590772 0.731800 -0.339791
-7.857907 -30.135316 -843.098426 2146.424886 0.664567 -0.681524 -0.306392 0.500530 0.101562 0.859741 0.554816 0.724714 -0.408618
2.164147 -28.098315 -2075.341407 -4182.752550 -0.482058 0.842589 0.240134 -0.140470 -0.344864 0.928082 -0.864805 -0.413658 -0.284603
-3.600119 -29.497624 -1793.463513 -4041.719267 -0.472087 0.862629 0.181671 -0.166205 -0.289480 0.942644 -0.865742 -0.414816 -0.280033
2.914167 -20.711354 -2424.161909 -3082.592450 -0.485513 0.838582 0.247096 -0.180639 -0.372774 0.910170 -0.855363 -0.397264 -0.332468
-54.338839 -80.753540 309.737600 3672.459701 -0.022684 0.999592 0.017351 0.895653 0.028030 -0.443869 0.444175 -0.005472 0.895923
-52.257491 -73.511871 -438.116658 4728.209759 0.237421 0.941641 -0.238630 0.814911 -0.326776 -0.478683 0.528726 0.080813 0.844937
44.551302 -144.377568 -3552.111809 15900.817921 0.231448 -0.561379 -0.794535 0.966553 0.039941 0.253337 -0.110484 -0.826594 0.551847
59.449722 -131.815710 5767.267421 13999.942647 0.274953 -0.449789 -0.849759 0.941709 0.304201 0.143687 0.193869 -0.839733 0.507211
48.623675 -147.051372 2763.377998 13228.883235 0.243217 -0.442590 -0.863111 0.964519 0.016130 0.263521 -0.102709 -0.896579 0.430809
43.170102 -131.866296 -4712.172450 -1339.877071 0.201179 -0.526909 -0.825769 0.876681 -0.279220 0.391748 -0.436987 -0.802747 0.405758
35.628935 -123.223845 -5404.333838 -1056.753463 0.199467 -0.615847 -0.762198 0.863164 -0.257773 0.434167 -0.463854 -0.744504 0.480159
43.745795 -40.201775 -3008.990205 -1182.478303 0.580776 -0.802163 0.138687 0.808615 0.588133 0.015535 -0.094028 0.103122 0.990214
42.073659 -41.356635 -6970.060926 -373.404735 -0.590900 0.806723 -0.005995 0.806719 0.590924 0.003667 -0.006501 0.002670 0.999975
39.912972 -38.748680 4898.796928 -565.842962 -0.567680 0.796760 -0.207153 0.808288 0.587184 0.043429 -0.156239 0.142786 0.977344
32.522598 -36.052749 4835.232480 -451.798249 -0.569542 0.787011 -0.237140 0.784804 0.606436 0.127740 -0.244343 0.113355 0.963041
0.707711 -11.842072 778.601068 3399.843245 -0.003837 0.092594 0.995697 0.907499 -0.417913 0.042360 0.420037 0.903756 -0.082426
40.427590 -24.977312 14495.789825 5716.736720 -0.399227 0.272756 0.875341 0.825879 -0.307639 0.472528 0.398174 0.911571 -0.102446
-3.155032 -8.893721 -1336.151241 8112.568841 0.740712 -0.238906 0.627909 -0.543879 0.335429 0.769209 0.394387 0.911269 -0.118520
4.151179 -39.656147 10684.145848 -204.546101 -0.619233 0.700410 -0.354932 0.737247 0.674179 0.044159 -0.270217 0.234327 0.933849
19.236796 -37.581855 10756.518730 -720.159940 -0.569386 0.757395 -0.319613 0.783542 0.617634 0.067754 -0.248721 0.211852 0.945123
15.043361 -36.061282 10719.074890 -461.375458 -0.598038 0.732735 -0.324730 0.734534 0.663185 0.143688 -0.320641 0.152595 0.934828
24.486914 -32.545685 5822.265465 -1059.153956 -0.595654 0.764885 -0.245248 0.730521 0.642806 0.230521 -0.333969 0.041848 0.941655
10.309771 -33.885330 -9854.672970 -271.422009 0.638980 -0.694868 0.329944 0.670468 0.713367 0.203912 -0.377063 0.090921 0.921714
0.457696 -37.932146 -11798.264268 547.174287 0.667282 -0.647007 0.368940 0.656662 0.744816 0.118508 -0.351468 0.163190 0.921867
22.825185 -52.950597 -5601.294983 -4786.097919 0.628476 0.679272 -0.378956 -0.491525 -0.030769 -0.870320 0.602843 -0.733242 -0.314542
27.565923 -50.965612 -5840.120033 3621.918263 0.604459 0.687534 -0.402400 -0.483029 -0.085368 -0.871433 0.633492 -0.721117 -0.280498
32.969893 -52.262304 -6639.379535 -3705.189515 0.573956 0.719470 -0.391072 -0.521241 -0.047343 -0.852095 0.631571 -0.692908 -0.347844
14.158553 -55.015720 -3568.080295 723.738276 0.645011 0.663504 -0.379108 -0.453989 -0.066349 -0.888534 0.614699 -0.745225 -0.258428
21.046686 -61.579166 -4797.159998 -9926.804749 0.631899 0.685792 -0.361101 -0.524782 0.035721 -0.850487 0.570358 -0.726921 -0.382463
11.898973 -60.637160 -2856.681554 -6529.702719 0.663120 0.665362 -0.342878 -0.471860 0.015996 -0.881529 0.581051 -0.746350 -0.324565
-29.237890 -53.125703 5219.225482 -879.335516 -0.524666 -0.561010 0.640307 -0.165498 0.805011 0.569708 -0.835067 0.192937 -0.515208
-28.140350 -49.978084 4216.607106 919.031113 -0.499815 -0.566097 0.655530 -0.026262 0.766405 0.641821 -0.865734 0.303576 -0.397928
-40.502901 -55.800603 2273.853313 -5187.543940 -0.424928 -0.063843 0.902973 0.299480 0.931424 0.206787 -0.854252 0.358292 -0.376669
16.665701 -48.842762 9854.941284 -289.045906 -0.366464 0.400987 -0.839591 0.620654 0.777619 0.100486 0.693176 -0.484271 -0.533844
-23.911868 -90.106778 3692.628693 -6688.085689 0.503898 -0.403335 0.763811 0.577617 0.814824 0.049210 -0.642219 0.416393 0.643561
-13.313470 -69.357009 -3128.129601 -6634.232708 0.439583 -0.194241 0.876948 0.391654 0.920082 0.007473 -0.808316 0.340175 0.480528
-18.041333 -73.668150 1166.337346 -6240.046417 0.532996 -0.257455 0.805998 0.331547 0.939955 0.080997 -0.778455 0.224055 0.586351
502.667275 -1290.317051 116604.077929 98279.064277 0.369899 0.086014 0.925082 -0.641610 0.743788 0.187393 -0.671946 -0.662858 0.330314
10.068991 -33.199455 403.462402 -6370.466018 0.390347 0.141448 0.909737 0.659751 -0.732179 -0.169243 0.642151 0.666263 -0.379124
16.213403 -23.226593 75.245984 -10464.463633 0.427985 0.096455 0.898624 0.702257 -0.661376 -0.263472 0.568915 0.743827 -0.350795
11.828276 -23.066433 -2474.386342 -9421.206045 0.395072 0.209014 0.894557 0.730216 -0.662304 -0.167744 0.557408 0.719490 -0.414283
-11.472005 -22.820981 721.867519 2772.710516 -0.563401 0.738646 0.370111 -0.281869 0.249249 -0.926512 0.776614 0.626320 -0.067775
-12.558017 -29.055525 188.885033 2136.715868 -0.562958 0.733595 0.380679 -0.230760 0.302768 -0.924706 0.793617 0.608417 0.001161
-13.340706 -25.427685 547.715475 2510.533727 -0.522031 0.741753 0.421053 -0.291068 0.309096 -0.905395 0.801725 0.595199 -0.054543
28.463487 -25.099096 41836.467502 6453.641607 0.486863 -0.321538 -0.812144 0.842112 -0.074144 0.534182 -0.231975 -0.943989 0.234673
145.995263 0.531634 65119.526090 6506.739602 0.286879 -0.364756 -0.885806 0.930177 -0.115043 0.348621 -0.229067 -0.923969 0.306285
202.230916 19.707698 8472.847124 -2634.210127 -0.097997 -0.317709 -0.943111 0.973193 -0.228725 -0.024072 -0.208065 -0.920188 0.331606
-168.360817 -552.857027 -30440.837342 -105454.623701 -0.068587 -0.036017 -0.996995 0.997331 -0.027534 -0.067616 -0.025015 -0.998972 0.037810
-139.939929 -2673.092310 -22923.660308 661904.592491 0.446044 -0.210910 -0.869805 0.834275 -0.253924 0.489395 -0.324083 -0.943949 0.062696
-287.549534 -1013.139274 -44873.055230 172784.446443 0.510380 -0.078954 -0.856317 0.808300 -0.295855 0.509040 -0.293536 -0.951964 -0.087180
-386.937457 -1098.586517 -78794.863543 -306627.557380 0.797978 0.092825 -0.595496 -0.602052 0.077439 -0.794692 0.027653 -0.992667 -0.117680
11.064475 -110.575870 1470.022872 -13374.891957 -0.210676 0.656375 0.724422 0.602590 -0.496319 0.624943 -0.769741 -0.568189 0.290963
22.309514 -120.547638 3987.369436 -12991.346594 -0.186319 0.631825 0.752385 0.662230 -0.484931 0.571220 -0.725766 -0.604681 0.328062
14.890057 -108.397829 4514.940667 13848.722002 -0.131880 0.613569 0.778551 -0.457945 0.658862 -0.596815 -0.879144 -0.435241 0.194090
31.234779 -125.553968 5048.644641 17490.545633 -0.146689 0.557502 0.817113 -0.612570 0.597399 -0.517564 -0.776685 -0.576460 0.253878
20.023237 -99.224832 4803.591078 14739.275801 -0.135286 0.564089 0.814556 -0.388757 0.725968 -0.567308 -0.911354 -0.393413 0.121081
36.747804 -26.702023 9256.234845 -341.463060 -0.390392 0.875229 0.285603 -0.154391 -0.368064 0.916893 -0.907611 -0.313853 -0.278817
38.810786 -27.619362 6050.892156 -586.006465 -0.515776 0.783952 0.345535 -0.204743 -0.504426 0.838829 -0.831898 -0.361902 -0.420680
20.302262 -29.025392 7979.720281 1711.166758 -0.415625 0.832132 0.367167 -0.269124 -0.498124 0.824284 -0.868808 -0.243780 -0.430980
7.150259 -27.732557 5957.185747 1732.737136 -0.376884 0.878953 0.292233 -0.306263 -0.416003 0.856239 -0.874163 -0.233203 -0.425976
35.604641 -27.786961 9470.514712 992.520777 -0.470475 0.779644 0.413289 -0.212011 -0.554516 0.804714 -0.856565 -0.290976 -0.426179
-4.634291 -182.211380 2065.888085 -12545.962248 0.973207 -0.229285 0.017234 0.107536 0.387623 -0.915524 -0.203235 -0.892848 -0.401893
-3.222790 -188.053701 1333.612599 15680.679625 0.971015 -0.238718 0.012023 0.179424 0.694751 -0.696511 -0.157917 -0.678480 -0.717445
-6.251166 -183.333276 -504.231062 16303.765698 0.959809 -0.280653 -0.001043 0.228459 0.783458 -0.577928 -0.163014 -0.554462 -0.816087
-6.794405 -54.011186 -397.081170 -876.346571 -0.512483 0.840557 0.175570 0.633771 0.232297 0.737816 -0.579392 -0.489389 0.651769
-4.632493 -53.782832 -1026.736906 57.495385 -0.540760 0.820891 0.183618 0.658517 0.277306 0.699612 -0.523387 -0.499238 0.690527
-7.372712 -55.637291 -729.768938 -34.691544 -0.531319 0.830311 0.168175 0.716790 0.334788 0.611661 -0.451566 -0.445534 0.773038
-5.265026 -53.325932 -873.172919 -4.777206 -0.554103 0.815528 0.166985 0.542666 0.201760 0.815357 -0.631255 -0.542409 0.554355
-9.808056 -56.912999 -345.503057 -1197.543015 -0.510934 0.846728 0.148319 0.688226 0.299544 0.660771 -0.515065 -0.439687 0.735787
-9.114573 -53.515003 -34.077319 -1715.127085 -0.489419 0.857267 0.159882 0.597822 0.196349 0.777210 -0.634884 -0.475963 0.608590
-6.897092 -51.857912 -293.820105 -813.781393 -0.521081 0.838505 0.159325 0.510807 0.156826 0.845271 -0.683777 -0.521839 0.510033
10.544511 -90.410517 -480.788023 10453.613930 -0.661116 0.750263 -0.005568 -0.707006 -0.620481 0.339332 -0.251133 -0.228274 -0.940650
10.490566 -100.709955 -546.790864 -3773.749631 -0.664437 0.747247 -0.012063 0.746096 0.662308 -0.068470 -0.043175 -0.054494 -0.997580
9.257795 -80.621244 -1090.852215 9894.385600 -0.658994 0.751540 -0.030239 -0.650382 -0.549178 0.524793 -0.377796 -0.365502 -0.850693
10.250859 -97.435298 187.742252 6421.945704 -0.663330 0.747988 0.022525 -0.740326 -0.660331 0.126021 -0.109136 -0.066918 -0.991772
9.649352 -75.412894 237.322525 7193.063941 -0.651167 0.758841 0.011874 -0.637681 -0.555549 0.533599 -0.411514 -0.339890 -0.845654
9.785398 -84.512694 42.636387 8026.282268 -0.656392 0.753794 0.030725 -0.692833 -0.618424 0.370857 -0.298551 -0.222140 -0.928182
-2.959953 -128.669756 -1145.514767 -2121.502971 -0.415164 0.892644 0.175573 0.879675 0.443104 -0.172719 0.231973 -0.082741 0.969197
-2.858141 -129.598078 1118.527944 -8148.085914 0.435924 -0.882046 -0.178787 0.899884 0.430149 0.071979 0.013416 -0.192265 0.981251
0.107216 -135.354285 -769.724699 -3406.234235 -0.422918 0.887790 0.181576 0.877362 0.451291 -0.163012 0.226664 -0.090367 0.969772
-6.372616 -123.099806 1102.482589 -6286.780430 0.440352 -0.884121 -0.156268 0.897721 0.436238 0.061600 0.013708 -0.167411 0.985792
0.433995 -134.095680 -893.428824 7063.753155 -0.401721 0.898493 0.177005 0.810083 0.438801 -0.388869 0.427066 0.012828 0.904129
-7.201729 -123.295423 -992.203722 243.721603 -0.426955 0.892033 0.148279 0.874508 0.449037 -0.183305 0.230097 -0.051408 0.971809
-3.270392 -127.334337 -1149.664607 7759.248033 -0.399388 0.901396 0.167254 0.808398 0.432310 -0.399501 0.432414 0.024349 0.901346
13.360277 -47.393370 2817.885710 -574.761290 -0.460150 0.835849 0.299362 0.767226 0.204670 0.607844 0.446796 0.509378 -0.735464
12.389808 -48.684348 756.269907 -421.288400 -0.444109 0.844117 0.300390 0.750589 0.167432 0.639205 0.489269 0.509346 -0.707943
-10.432338 -158.236898 -1158.795025 6804.763091 0.947220 -0.237833 0.214967 -0.078794 -0.822690 -0.563003 -0.310751 -0.516349 0.798008
-12.090892 -181.587762 -57.931678 6704.009832 0.949614 -0.241872 0.199327 -0.070205 -0.783962 -0.616827 -0.305458 -0.571753 0.761442
-9.416197 -167.750035 56.919202 1931.606680 0.952154 -0.266840 0.148992 -0.050049 -0.617073 -0.785313 -0.301492 -0.740282 0.600904
-10.357040 -163.612236 -99.136737 2629.458123 0.949114 -0.225241 0.220110 0.164307 0.950405 0.264071 -0.268673 -0.214468 0.939052
-8.873760 -153.626391 -1740.805468 2204.260497 0.948034 -0.281859 0.147606 -0.063104 -0.621274 -0.781048 -0.311849 -0.731146 0.606775
-7.942161 -133.986820 748.111843 4698.639903 0.963020 -0.228659 0.142504 -0.089719 -0.770880 -0.630630 -0.254052 -0.594524 0.762888
-8.910280 -137.837057 1128.703061 3256.641564 0.966639 -0.197742 0.162808 -0.113613 -0.900674 -0.419379 -0.229566 -0.386891 0.893093
-15.414867 -45.317762 -1069.071001 -303.488814 -0.290990 0.900397 0.323435 -0.875074 -0.387143 0.290457 -0.386742 0.198510 -0.900569
-13.669730 -45.250878 -136.560475 444.146151 -0.259487 0.915986 0.305998 -0.823520 -0.375380 0.425330 -0.504462 0.141628 -0.851739
-8.945474 -550.935151 -4602.421293 -17368.766961 0.880758 -0.429683 0.199095 -0.245148 -0.773385 -0.584618 -0.405177 -0.466099 0.786500
7.527756 -788.089224 -3746.361789 -200392.709939 0.925406 -0.307950 0.220884 0.220289 0.911366 0.347685 -0.308376 -0.273092 0.911222
62.663923 -4077.183934 -3353.420709 1709412.138050 0.957410 -0.250555 0.143489 -0.276325 -0.939230 0.203693 -0.083733 0.234668 0.968463
12.619694 -83.120439 2089.041225 -7208.631907 0.815152 -0.023768 0.578759 -0.578500 -0.084102 0.811335 -0.029391 0.996174 0.082306
10.085126 -83.571654 760.337257 8353.853259 0.694944 0.007468 0.719025 0.717922 0.049110 -0.694389 -0.040497 0.998765 0.028767
-2.092421 -70.049519 952.279156 -5682.910139 0.811392 -0.013177 0.584354 -0.580082 0.104568 0.807818 0.071749 0.994430 -0.077202
-1.811390 -69.798967 1212.684063 -895.621626 -0.469743 0.872524 -0.134325 -0.484287 -0.381909 -0.787154 0.738111 0.304708 -0.601951
1.233209 -67.098478 1196.354692 -1106.812905 -0.478078 0.865475 -0.149647 -0.464647 -0.393800 -0.793111 0.745349 0.309636 -0.590407
-2.536964 -66.130027 1129.090176 -1465.637231 -0.458016 0.881805 -0.112438 -0.348586 -0.294516 -0.889802 0.817746 0.368349 -0.442278
-2.827635 -61.802643 913.825143 -1608.189823 -0.445411 0.890900 -0.088921 -0.211246 -0.201085 -0.956525 0.870048 0.407263 -0.277765
-4.442063 -63.656875 431.285082 -2299.986542 -0.426302 0.899730 -0.093550 -0.215360 -0.201393 -0.955542 0.878571 0.387203 -0.279620
-42.689066 -80.759187 -3123.211182 -817.060092 -0.052383 0.983438 0.173508 0.943687 0.105583 -0.313539 0.326666 -0.147314 0.933589
-56.456069 -79.025101 737.987908 -2258.844225 0.004244 0.999991 -0.000806 0.965985 -0.004308 -0.258561 0.258562 -0.000318 0.965995
-57.624735 -78.013764 775.657192 178.944086 0.153537 0.970836 -0.184127 0.939259 -0.201268 -0.277998 0.306949 0.130260 0.942769
29.935085 -111.211024 14284.895182 18172.134099 0.192693 -0.218496 -0.956624 0.919868 0.379637 0.098579 0.341631 -0.898963 0.274141
23.701619 -140.114373 13518.457097 14889.142396 0.248783 -0.228253 -0.941280 0.968293 0.081405 0.236182 0.022716 -0.970193 0.241268
60.002998 -96.808343 7685.492339 9823.536102 0.248957 -0.425361 -0.870108 0.870387 0.492298 0.008372 0.424791 -0.759415 0.492790
25.904609 -24.639063 2673.934332 -2132.334183 -0.531894 0.840131 -0.106154 0.757114 0.527952 0.384767 -0.379299 -0.124285 0.916889
24.212525 -28.847144 3263.527284 -1579.124422 -0.569918 0.803802 -0.170574 0.742775 0.592726 0.311384 -0.351395 -0.050765 0.934850
26.770612 -27.439180 -1894.870345 -2782.866600 -0.535677 0.844120 0.022604 0.785957 0.488622 0.378841 -0.308742 -0.220702 0.925186
102.229440 -62.368534 24233.646986 9600.556500 -0.312751 0.370441 0.874620 0.865976 -0.267092 0.422786 0.390221 0.889627 -0.237259
92.047868 -39.239600 22248.306867 3375.747976 -0.466566 0.438890 0.767914 0.752266 -0.259731 0.605504 0.465201 0.860183 -0.208981
9.016840 -23.251695 5185.572094 5898.608443 -0.111459 0.100195 0.988705 0.914110 -0.379955 0.141554 0.389847 0.919562 -0.049240
41.967582 -43.172323 14793.690800 9302.111672 -0.259257 0.180507 0.948790 0.908847 -0.286786 0.302904 0.326776 0.940835 -0.089702
38.734680 -54.163312 -5494.798998 5543.653117 0.537988 0.753630 -0.377638 -0.501467 -0.073967 -0.862009 0.677569 -0.653123 -0.338127
15.675982 -57.077789 -3860.996467 5041.824166 0.631875 0.667247 -0.394355 -0.398074 -0.157184 -0.903787 0.665035 -0.728063 -0.166293
1.827869 -120.105605 -1182.287014 10588.300345 0.409406 0.876798 0.252215 0.484189 0.025497 -0.874592 0.773271 -0.480183 0.414097
-31.305306 -63.054926 2197.031287 -11016.448750 -0.700261 -0.286298 0.653964 -0.189964 0.957762 0.215884 -0.688149 0.026946 -0.725069
-30.991911 -76.389580 -1929.087539 -14953.945311 -0.799951 -0.152878 0.580265 -0.098720 0.987355 0.124037 -0.591890 0.041940 -0.804927
-31.374045 -83.196819 -6000.351271 7668.892740 -0.792666 -0.089698 0.603021 0.075540 0.967045 0.243143 -0.604958 0.238284 -0.759768
907.637684 45.943903 252493.987195 3279.698580 -0.187398 -0.450677 -0.872796 0.802587 0.442037 -0.400573 0.566336 -0.775561 0.278870
739.018435 -58.989336 241997.231038 -8220.778864 0.104849 0.953886 0.281260 0.884220 0.040021 -0.465352 0.455149 -0.297488 0.839250
129.836713 -11.948919 -3569.625537 -2832.920360 -0.245268 -0.340426 -0.907719 0.698806 0.586898 -0.408926 0.671948 -0.734616 0.093944
2.200446 -160.342440 -326.518514 8291.037186 -0.199689 0.379059 -0.903570 0.407871 0.870612 0.275093 0.890935 -0.313607 -0.328458
0.472438 -145.161335 -2171.951229 11615.047688 -0.154614 0.376311 -0.913501 0.094917 0.926001 0.365395 0.983405 -0.030211 -0.178891
6.555770 -144.469247 -282.618192 13049.160527 -0.207500 0.374335 -0.903779 0.050247 0.926747 0.372311 0.976944 0.031842 -0.211109
-3.173888 -149.202395 -1530.202142 7315.141349 -0.182980 0.373303 -0.909485 0.360635 0.886101 0.291149 0.914582 -0.274718 -0.296765
5.051593 -149.982546 -94.631915 12893.941079 -0.210667 0.369920 -0.904864 0.266797 0.912254 0.310826 0.940446 -0.175934 -0.290875
4.446453 -160.864124 -906.612607 9862.135025 -0.185895 0.378305 -0.906823 0.510811 0.825599 0.239705 0.839354 -0.418656 -0.346717
-0.769415 -154.408174 -864.899554 1366.303929 -0.201061 0.376606 -0.904291 0.597014 0.778994 0.191683 0.776626 -0.501335 -0.381464
132.178075 -196.337391 30796.785808 -46479.359806 -0.327883 0.414371 -0.848993 0.891023 -0.163017 -0.423680 -0.313961 -0.895389 -0.315764
111.946100 -77.649331 29540.899550 -13816.509346 -0.330752 0.457120 -0.825618 0.819836 -0.294125 -0.491284 -0.467411 -0.839364 -0.277481
133.754043 -71.578690 21635.515283 -11213.845584 -0.398518 0.230647 -0.887685 0.847409 -0.277625 -0.452572 -0.350828 -0.932591 -0.084814
119.152357 -251.624913 22871.362678 -52566.705428 -0.326604 0.286863 -0.900577 0.945136 0.106133 -0.308957 0.006953 -0.952074 -0.305788
88.422109 -212.987695 24202.494955 -40221.319567 -0.304801 0.453519 -0.837507 0.951285 0.102116 -0.290913 -0.046412 -0.885378 -0.462550
13.590682 -58.955579 -4480.341309 908.182526 0.407117 -0.337115 0.848887 -0.169143 0.885494 0.432772 -0.897578 -0.319772 0.303479
17.689105 -52.270106 -3522.679868 -3780.709762 0.417023 -0.269859 0.867910 -0.337232 0.840803 0.423468 -0.844018 -0.469283 0.259629
2.029674 -63.767200 -5786.614807 -522.999892 0.354684 -0.298993 0.885891 -0.280579 0.869786 0.405892 -0.891894 -0.392526 0.224608
9.968132 -31.716080 -922.325869 4932.938063 -0.465374 -0.014653 -0.884993 -0.569482 0.770383 0.286707 0.677582 0.637413 -0.366861
18.329765 -15.991198 1151.817806 -8123.158343 0.495590 -0.090934 0.863783 0.617860 -0.662052 -0.424190 0.610442 0.743921 -0.271922
-11.114428 -26.050822 400.051727 2544.021899 -0.602810 0.740119 0.298067 -0.209285 0.213822 -0.954191 0.769948 0.637577 -0.026002
-12.454014 -30.377745 94.515912 1949.419658 -0.620862 0.743204 0.249357 -0.123876 0.221080 -0.967356 0.774071 0.631484 0.045195
-13.280340 -33.432758 -130.091879 1457.694964 -0.564330 0.726579 0.391936 -0.170910 0.361648 -0.916515 0.807664 0.584203 0.079909
31.852849 -27.830027 11590.722030 -1802.244558 -0.318443 0.924321 0.210299 -0.170917 -0.274197 0.946363 -0.932406 -0.265419 -0.245299
57.343713 -33.016418 7445.631080 8.634740 -0.511747 0.821476 0.251579 -0.090640 -0.342818 0.935019 -0.854341 -0.455690 -0.249895
40.909307 -31.257493 -756.210584 1200.999893 -0.652065 0.710368 0.264932 -0.106170 -0.431551 0.895819 -0.750693 -0.556004 -0.356819
53.091411 -35.005560 16494.997375 -2771.516411 -0.329209 0.917326 0.223907 -0.137843 -0.281272 0.949676 -0.934142 -0.281778 -0.219044
-5.566334 -167.240558 2901.791543 -25385.663788 0.978257 -0.207347 -0.004497 0.011708 0.076860 -0.996973 -0.207065 -0.975243 -0.077616
-0.888253 -200.461535 3739.813776 -32292.814810 0.983990 -0.177344 0.017672 0.041541 0.131795 -0.990406 -0.173314 -0.975284 -0.137052
-0.275177 -192.922915 2747.870862 -6590.223702 0.975948 -0.214902 0.036644 0.142774 0.503044 -0.852386 -0.164746 -0.837116 -0.521627
-4.797878 -54.273003 894.751952 184.200163 0.550714 -0.816869 -0.171579 0.729127 0.370728 0.575270 -0.406311 -0.441912 0.799766
-2.155336 -53.510868 1426.011788 306.185666 0.564965 -0.803809 -0.186294 0.677262 0.322789 0.661153 -0.471307 -0.499699 0.726754
-2.634835 -54.592139 -1480.214523 625.818382 -0.580745 0.794715 0.176529 0.588440 0.259942 0.765616 -0.562560 -0.548505 0.618602
-0.371858 -134.033643 472.872926 -6577.149059 0.447603 -0.877314 -0.173121 0.894046 0.442991 0.066637 0.018230 -0.184605 0.982644
-2.525512 -120.092700 654.292190 -3106.572803 0.460279 -0.872030 -0.166450 0.873796 0.411859 0.258558 -0.156917 -0.264453 0.951547
-5.374079 -115.711622 991.818195 -4780.320560 0.462045 -0.872793 -0.157309 0.870399 0.412267 0.269151 -0.170060 -0.261282 0.950164
15.078632 -46.318155 -1154.957736 -151.241385 -0.436859 0.877300 0.198744 0.880552 0.371929 0.293764 0.183800 0.303338 -0.934989
6.471159 -137.398684 1629.689516 -1382.739562 0.968735 -0.221213 0.112330 -0.130185 -0.067815 0.989168 0.211199 0.972865 0.094494
4.358163 -136.698537 1722.690911 -3122.845893 0.962877 -0.245073 0.113169 -0.173268 -0.239633 0.955277 0.206994 0.939423 0.273201
9.319277 -133.006007 1310.000308 -3023.377747 0.966258 -0.225674 0.124167 -0.187035 -0.283286 0.940620 0.177099 0.932105 0.315936
11.352170 -142.314767 211.762394 -3611.188714 0.972294 -0.182528 0.146042 -0.193607 -0.278679 0.940667 0.130999 0.942879 0.306296
3.583538 -144.200423 793.080170 6233.696233 0.967522 -0.181805 0.175637 -0.132125 -0.956040 -0.261783 -0.215510 -0.230075 0.949011
8.451832 -140.252067 -365.734661 -2625.489650 0.961054 -0.181636 0.208286 0.131417 0.963377 0.233742 -0.243113 -0.197266 0.949727
6.236474 -151.891325 -475.825890 3494.889210 0.967286 -0.161746 0.195439 0.183060 0.978372 -0.096316 -0.175633 0.128942 0.975975
2.882076 -156.744420 1553.478598 -4767.678379 0.970047 -0.203863 0.132091 0.202942 0.978975 0.020538 -0.133501 0.006884 0.991025
-9.290847 -191.831214 510.594901 5694.112988 0.948080 -0.284129 0.142877 -0.028476 -0.523291 -0.851678 -0.316753 -0.803391 0.504213
-9.019287 -169.807463 -775.708491 -5186.951016 0.938017 -0.245820 0.244328 -0.131278 -0.904420 -0.405944 -0.320764 -0.348707 0.880632
-12.759676 -203.816020 -265.757169 -1158.951869 0.941655 -0.273083 0.196754 -0.062947 -0.717137 -0.694084 -0.330642 -0.641202 0.692485
-19.614454 -45.566015 1789.506035 1100.129560 -0.318704 0.820358 0.474805 -0.769458 -0.516436 0.375803 -0.553499 0.245573 -0.795822
-11.835005 -43.770378 4114.732770 1230.777369 -0.323604 0.770518 0.549165 -0.680345 -0.592841 0.430894 -0.657579 0.234183 -0.716064
-13.604688 -40.079041 2878.081676 1008.304192 -0.319660 0.793183 0.518343 -0.607204 -0.591436 0.530572 -0.727407 0.145137 -0.670682
29.954472 -921.311739 5506.258708 285173.544018 0.848758 -0.475345 0.231641 -0.176324 -0.667413 -0.723512 -0.498517 -0.573243 0.650287
5.820093 -238.951724 10.017530 -10585.821368 0.861243 -0.460123 0.215749 0.303205 0.805941 0.508454 -0.407833 -0.372486 0.833623
11.054929 -334.856985 2685.133688 -33959.445302 0.902198 -0.379716 0.204584 0.371412 0.925092 0.079109 -0.219297 0.004613 0.975647
-301.258545 -17069.313942 99839.246420 5528496.540306 0.895480 -0.032108 -0.443942 0.396451 0.510949 0.762731 -0.202342 0.859011 -0.470274
-501.154917 -1729.063011 114927.381959 -113961.982094 0.944610 -0.056242 -0.323339 0.204490 -0.669730 0.713895 0.256701 0.740472 0.621133
971.508583 -15379.130088 1048273.216384 -22343689.397710 0.951442 -0.165651 -0.259458 0.255563 0.894920 0.365795 -0.171600 0.414341 -0.893798
585.053178 -6088.734955 -143228.798406 1699911.287204 0.953935 -0.261949 -0.146255 0.008672 0.511368 -0.859318 -0.299888 -0.818465 -0.490084
-1099.018619 -14512.117304 -308153.054858 -3715210.910827 -0.809636 0.267774 0.522290 -0.067789 0.841247 -0.536384 -0.583004 -0.469682 -0.662952
0.652624 -64.217782 -3942.204825 -4663.107674 0.942254 -0.007030 0.334825 -0.323635 0.237987 0.915763 0.086122 0.971243 -0.221969
-0.057801 -61.376945 -5153.929474 -2628.695532 0.968816 -0.013391 0.247418 -0.226508 0.356922 0.906256 0.100445 0.934038 -0.342758
10.955772 -72.505684 -4401.686552 -4148.210482 0.963968 -0.028474 0.264491 -0.247263 0.270812 0.930334 0.098118 0.962211 -0.254014
-54.199859 -9040.626262 -21487.588547 -3923867.304119 -0.749351 -0.277395 -0.601270 -0.040734 0.925616 -0.376266 0.660919 -0.257463 -0.704911
-15.738604 -600.832103 -11197.666439 125036.385293 -0.670253 -0.194951 -0.716069 -0.501038 0.830658 0.242832 0.547468 0.521537 -0.654429
