10695
21379
-44.805174 -66.530092 -763.225050 6889.439361 0.304182 0.952510 -0.014036 0.910510 -0.295038 -0.289697 0.280081 -0.075341 0.957015
-52.103096 -76.745913 12.442735 4697.196764 0.220548 0.974753 -0.034867 0.967011 -0.223188 -0.122784 0.127466 0.006637 0.991821
-34.498315 -82.473908 -4099.346899 10509.700964 0.042836 0.990543 0.130343 0.977246 -0.014415 -0.211617 0.207737 -0.136442 0.968622
-47.393802 -68.013651 427.451196 5388.796772 0.560754 0.805911 -0.189902 0.783448 -0.590655 -0.193224 0.267888 0.040427 0.962601
-35.762212 -57.964465 -3017.398394 8547.072078 0.219522 0.971064 0.094050 0.904434 -0.166415 -0.392817 0.365799 -0.171294 0.914795
-39.680903 -54.059806 -515.497211 -4085.140732 0.714649 0.645790 -0.268761 -0.575288 0.761208 0.299343 0.397896 -0.059310 0.915511
-44.848973 -64.472567 219.038036 1097.934184 0.331698 -0.408695 -0.850262 -0.113784 0.877376 -0.466117 0.936499 0.251357 0.244521
-44.573898 -65.365442 2230.045524 1781.154755 0.208407 -0.363683 -0.907910 -0.145208 0.906500 -0.396450 0.967203 0.214459 0.136111
-43.099304 -63.517875 67.040808 4511.283471 0.339599 -0.447883 -0.827087 -0.265372 0.797996 -0.541091 0.902358 0.403240 0.152143
26.981939 -39.106115 -4292.421072 -2078.461085 -0.315608 -0.844028 -0.433600 0.905332 -0.130986 -0.404000 0.284192 -0.520058 0.805466
16.299381 -35.325808 -7057.112593 -1547.531263 -0.332000 -0.880325 -0.338826 0.881326 -0.161461 -0.444066 0.336215 -0.446046 0.829459
11.612938 -41.948860 -5656.256502 -713.766391 -0.240774 -0.884545 -0.399510 0.866749 -0.010721 -0.498629 0.436777 -0.466332 0.769260
21.109105 -47.917343 -2215.245612 -1624.359752 -0.186876 -0.811664 -0.553425 0.903223 0.079594 -0.421726 0.386349 -0.578677 0.718239
9.043746 -47.398736 4167.618040 -822.815458 0.160449 0.852942 0.496735 0.825106 0.160297 -0.541761 0.541716 -0.496784 0.678048
4.357426 -40.537022 5394.517867 -1290.182382 0.275786 0.890235 0.362524 0.828340 -0.028776 -0.559487 0.487643 -0.454592 0.745353
4.944299 -44.147638 5822.454636 -931.810003 0.224435 0.892231 0.391859 0.807833 0.054547 -0.586881 0.545008 -0.448274 0.708531
-12.743612 -53.933525 -4643.435676 -363.117799 -0.336718 0.941518 -0.012835 0.939344 0.334934 -0.073844 0.065227 0.036921 0.997187
-1.539809 -53.887975 -4890.771225 725.693137 -0.240496 0.970610 0.008770 0.960935 0.239355 -0.138970 0.136984 0.024995 0.990258
-16.289801 -52.588162 -3321.246485 366.625529 -0.327969 0.944448 -0.021322 0.921463 0.314850 -0.227544 0.208190 0.094275 0.973534
6.085414 -54.839711 6610.138138 -881.798237 0.237237 -0.971271 -0.018757 0.971353 0.236892 0.018862 -0.013877 -0.022694 0.999646
-22.705184 -51.780226 3412.352969 -159.592588 0.449843 -0.892144 0.041478 0.890357 0.444332 -0.099159 0.070034 0.081536 0.994207
-18.277491 -51.150761 -3773.504143 -377.768870 -0.505766 0.861654 -0.041869 0.860484 0.507343 0.046595 -0.061391 0.012462 0.998036
-5.276483 -52.947733 -6383.134830 -799.339587 -0.371835 0.928296 0.002278 0.925832 0.370667 0.073760 -0.067626 -0.029536 0.997273
6.371584 -7.863516 1302.190084 -2782.122636 0.210953 0.894694 -0.393727 0.434101 0.275146 0.857818 -0.875817 0.351877 0.330345
4.441374 -11.219884 1868.487980 -2911.938834 0.338837 0.924585 -0.174160 0.380537 0.034614 0.924118 -0.860454 0.379400 0.340110
7.016269 -11.654421 2279.394961 -1878.688396 0.326065 0.921620 -0.210474 0.423701 0.056554 0.904035 -0.845079 0.383952 0.372051
-5.428620 -100.106227 1547.197557 362.921569 0.337094 0.905541 -0.257609 0.640486 -0.020027 0.767709 -0.690033 0.423785 0.586737
-10.962881 -108.187062 2305.443722 816.939839 0.328612 0.913365 -0.240373 0.658183 -0.038936 0.751851 -0.677354 0.405277 0.613956
-5.905104 -95.007298 1618.125839 3036.414975 0.361785 0.902556 -0.233462 0.781033 -0.156707 0.604508 -0.509017 0.401044 0.761620
-9.113002 -105.546922 1961.967788 -1925.118460 0.302609 0.912334 -0.275814 0.473584 0.107204 0.874200 -0.827131 0.395162 0.399626
-2.653219 -95.055970 777.060874 1501.654417 0.338991 0.907130 -0.249402 0.671832 -0.047841 0.739157 -0.658579 0.418123 0.625657
-3.735665 -98.720215 982.754199 43.033013 0.306843 0.907473 -0.286951 0.495889 0.104906 0.862026 -0.812368 0.406802 0.417816
1.930814 -104.423824 -99.325658 -5864.266403 0.179513 0.976466 0.119540 -0.963636 0.198988 -0.178353 0.197943 0.083177 -0.976678
1.672835 -117.922201 366.645492 -6235.274723 0.177110 0.974376 0.138650 -0.968627 0.197526 -0.150813 0.174336 0.107590 -0.978791
2.184510 -109.804557 -129.894356 8042.552246 0.135331 0.984666 0.110084 0.990619 -0.136596 0.003998 0.018973 0.108510 -0.993914
0.094470 -97.998876 -710.339492 7233.152693 0.139968 0.986042 0.090163 0.988772 -0.144004 0.039899 0.052326 0.083566 -0.995127
-0.149429 -92.904455 -642.877934 -2761.465651 0.180162 0.979052 0.094859 -0.962251 0.195424 -0.189429 0.203999 0.057150 -0.977302
1199.995599 -20.735322 -548753.351148 18453.971065 -0.327959 0.206764 -0.921787 0.888604 -0.263690 -0.375301 -0.320665 -0.942187 -0.097251
731.772228 -8.205539 -215497.239283 4392.715351 -0.263725 -0.023558 -0.964310 0.938277 -0.238208 -0.250786 -0.223798 -0.970928 0.084925
1492.021484 -29.176814 -736632.947526 40573.015395 -0.273818 0.147916 -0.950339 0.944468 -0.145287 -0.294740 -0.181669 -0.978270 -0.099920
10.782667 -38.505009 -3685.098475 -1836.056890 -0.407137 0.901049 0.149499 0.456638 0.059049 0.887691 -0.791025 -0.429679 0.435494
13.958675 -40.135942 -2104.709970 -112.895610 -0.390475 0.912651 0.120818 0.538239 0.119848 0.834227 -0.746879 -0.390773 0.538023
10.331841 -41.822789 -2363.148263 -69.779219 -0.396311 0.906773 0.143878 0.536932 0.101789 0.837462 -0.744743 -0.409148 0.527215
-4.638515 -123.388089 823.014491 -3133.664951 0.277174 -0.418638 0.864822 0.955059 0.021624 -0.295627 0.105059 0.907896 0.405818
1.227236 -126.930638 1407.611882 -4438.994481 0.256753 -0.428757 0.866167 0.963232 0.186897 -0.193011 -0.079129 0.883876 0.460979
-0.807986 -127.486638 3025.433224 -3029.227826 0.244860 -0.457499 0.854832 0.954048 -0.043381 -0.296497 0.172730 0.888151 0.425854
5.465527 -68.606201 165.120861 -2317.003341 0.510161 0.741301 -0.436129 0.820462 -0.571579 -0.011796 -0.258026 -0.351809 -0.899807
4.830840 -75.081925 355.935481 -2887.425069 0.510344 0.750477 -0.419920 0.831355 -0.555462 0.017660 -0.219996 -0.358116 -0.907389
4.472678 -64.234861 313.745383 2292.193545 0.471146 0.769855 -0.430517 -0.795709 0.581574 0.169174 -0.380617 -0.262860 -0.886586
5.952449 -78.061039 102.546580 -2166.181823 0.557295 0.718824 -0.415589 0.826243 -0.529602 0.191948 -0.082120 -0.450349 -0.889068
4.964263 -59.626938 175.269231 1870.107035 0.470584 0.760600 -0.447256 -0.781024 0.594913 0.189945 -0.410551 -0.259933 -0.874004
-2.347737 -136.139297 487.916341 -3831.767617 0.300632 -0.299296 0.905562 0.252377 0.940603 0.227093 -0.919742 0.160272 0.358311
-4.127212 -143.341951 -934.017316 -1840.237481 0.300345 -0.294326 0.907285 0.523578 0.845957 0.101107 -0.797283 0.444667 0.408182
-3.298395 -142.581392 1252.529536 -5967.911523 0.329799 -0.300842 0.894834 0.490942 0.864268 0.109624 -0.806355 0.403158 0.432730
-2.774268 -153.233256 374.010213 -2822.070255 0.317668 -0.297568 0.900300 0.738048 0.673691 -0.037749 -0.595291 0.676457 0.433630
-1.653103 -130.137906 823.820996 -5680.633571 0.287973 -0.296256 0.910661 0.291735 0.932884 0.211231 -0.912120 0.204842 0.355074
-3.936558 -144.135377 1170.504716 -4510.179208 0.320774 -0.283700 0.903669 0.550961 0.831948 0.065610 -0.770419 0.476840 0.423175
-11.237954 -42.039534 3494.019217 -2448.586277 -0.571005 0.790782 0.220491 0.236970 -0.098381 0.966523 -0.786002 -0.604139 0.131215
-22.655071 -49.035290 3131.089487 -2118.839985 -0.568864 0.763488 0.305746 0.375137 -0.089953 0.922595 -0.731892 -0.639527 0.235241
-11.515006 -48.264674 4519.602498 -2196.460961 -0.573578 0.793732 0.202478 0.335844 0.002414 0.941914 -0.747139 -0.608263 0.267955
-33.595417 -649.390957 -12100.764337 -119790.737162 -0.228354 -0.174869 0.957745 -0.284351 0.952823 0.106173 -0.931128 -0.248090 -0.267305
-33.402073 -524.348600 5552.708420 154661.591527 0.181454 0.050071 -0.982124 0.695873 -0.712215 0.092257 -0.694864 -0.700174 -0.164078
-58.015570 -1354.853010 2692.025300 -540597.016864 -0.056407 -0.116312 0.991610 -0.239205 0.965839 0.099683 -0.969329 -0.231575 -0.082302
-40.646703 -906.639576 14537.244414 266308.369603 0.181035 0.165819 -0.969397 0.853552 -0.516131 0.071114 -0.488544 -0.840305 -0.234973
-55.034252 -993.064112 -6200.690378 229169.264580 -0.144087 -0.200336 0.969074 0.401987 0.883001 0.242312 -0.904237 0.424469 -0.046697
-23.276035 -1339.840335 -28198.136871 273916.436222 -0.189901 -0.231199 0.954193 0.421817 0.858396 0.291937 -0.886571 0.457934 -0.065487
48.980012 -2011.924001 -15765.367123 -612042.689317 -0.233051 -0.512890 0.826215 -0.185847 0.857440 0.479852 -0.954541 -0.041719 -0.295146
-11.147629 -407.472649 -19923.018894 -93247.448336 -0.265845 -0.256982 0.929132 -0.633352 0.773176 0.032631 -0.726768 -0.579793 -0.368305
-19.687000 -39.187991 -1145.839340 -1834.871267 -0.005244 -0.641591 -0.767029 -0.200389 0.752155 -0.627780 0.979702 0.150412 -0.132511
-22.455753 -35.676971 244.488485 -2048.943779 -0.082891 -0.604485 -0.792292 -0.135150 0.794502 -0.592031 0.987352 0.058004 -0.147553
-18.055640 -38.704441 1054.998857 -2511.093134 -0.134615 -0.441690 -0.887011 -0.186449 0.890460 -0.415111 0.973199 0.109502 -0.202222
-15.381437 -39.049382 -534.770092 -16.134062 -0.029206 -0.580487 -0.813745 -0.324484 0.775510 -0.541566 0.945440 0.248231 -0.211009
-12.126563 -39.637757 1707.926272 166.179152 -0.154767 -0.376861 -0.913249 -0.314159 0.895179 -0.316164 0.936670 0.237973 -0.256938
-20.203684 -39.324404 -323.002303 2044.979684 0.399059 0.672033 -0.623798 -0.355965 0.740501 0.570041 0.845009 -0.005430 0.534724
-17.770328 -34.737829 683.228622 -1837.117173 0.304377 0.789977 -0.532251 0.489078 -0.609096 -0.624344 0.817409 0.070276 0.571755
-17.806527 -40.332972 -668.313184 1813.376939 0.442867 0.661964 -0.604709 -0.366675 0.749197 0.551592 0.818180 -0.022550 0.574520
28.856830 -381.421754 3092.715742 -80308.921684 0.378925 0.921950 0.080146 -0.062441 -0.060936 0.996187 -0.923318 0.382485 -0.034477
9.141232 -233.888019 6021.272855 -53524.575536 0.393993 0.918446 0.035011 -0.389450 0.132320 0.911493 -0.832525 0.372757 -0.409822
4.568116 -175.536667 5195.261541 -23673.347597 0.378212 0.924826 -0.040640 -0.117933 0.091680 0.988780 -0.918176 0.369176 -0.143742
17.158066 -232.676450 5610.007936 -35929.797110 0.363495 0.930279 -0.049515 0.146456 -0.004575 0.989207 -0.920012 0.366824 0.137908
59.763559 -501.202588 -3419.875903 -115186.318280 0.360988 0.931317 0.048341 0.402965 -0.202521 0.892527 -0.841015 0.302712 0.448396
35.196986 -415.797342 -3520.039526 -85388.190338 0.286752 0.937484 0.197224 0.309490 -0.285484 0.907036 -0.906636 0.199056 0.372005
-148.385979 -511.232017 20939.832313 124451.766279 -0.446732 0.077693 0.891288 0.028110 0.996949 -0.072815 -0.894226 -0.007474 -0.447553
-89.284936 -313.153875 15071.471903 60095.577198 -0.260866 0.141069 0.955012 -0.161089 0.969035 -0.187142 -0.951840 -0.202661 -0.230063
-71.516724 -311.886001 13616.362810 72980.727974 -0.269428 0.310494 0.911593 0.235174 0.939152 -0.250373 -0.933864 0.146925 -0.326054
-115.794214 -254.671951 17116.214890 22595.243845 -0.408591 0.047239 0.911494 -0.457913 0.853271 -0.249489 -0.789537 -0.519324 -0.327008
-115.741457 -157.822711 17913.679340 -28960.378212 0.076901 0.807003 0.585519 0.338904 -0.573448 0.745856 -0.937673 -0.141077 0.317596
-95.923419 -117.047477 24217.674475 -10775.775378 0.028781 0.996206 0.082129 0.168796 -0.085827 0.981907 -0.985231 0.014397 0.170626
-101.862192 -134.379408 -2111.577828 -23114.738261 -0.189982 0.776486 0.600813 0.147307 -0.582487 0.799381 -0.970674 -0.240372 0.003720
-105.332116 -158.142031 -9018.842570 -23421.130691 -0.333990 0.722645 0.605174 0.420503 -0.460377 0.781812 -0.843581 -0.515595 0.150113
-102.490790 -150.333117 -22554.014986 -26501.167388 -0.531649 0.597112 0.600671 0.245208 -0.570318 0.783971 -0.810692 -0.564087 -0.156792
-29.123928 -55.378762 -437.178563 3278.827829 0.406131 0.912620 0.046716 -0.602059 0.228768 0.764978 -0.687447 0.338806 -0.642360
-47.467786 -69.418320 16803.247837 -5139.602456 0.543520 0.822854 0.165823 -0.699222 0.334535 0.631803 -0.464408 0.459345 -0.757184
-26.107580 -72.460214 1422.186065 16216.420328 0.488267 0.861123 -0.141644 -0.308569 0.322175 0.894979 -0.816322 0.393281 -0.423023
-22.640506 -43.442528 -3238.679165 5482.376810 0.226067 0.951629 0.208078 -0.532659 -0.058080 0.844335 -0.815579 0.301711 -0.493763
-28.710345 -49.279414 -6053.625950 2379.758114 0.250477 0.940462 0.229768 -0.643045 -0.015798 0.765665 -0.723709 0.339532 -0.600802
3.005354 -47.575790 -15709.385969 1959.524565 -0.765177 0.619996 0.173520 -0.272167 -0.555749 0.785537 -0.583464 -0.553848 -0.593988
15.776569 -45.906074 20038.859943 68.425129 0.735975 -0.675450 -0.045920 0.299874 0.386053 -0.872375 -0.606973 -0.628276 -0.486675
-21.122271 -51.780812 -11784.414537 -1990.379871 -0.762558 0.581592 0.283295 0.198347 0.627014 -0.753334 -0.615763 -0.518270 -0.593491
-21.905456 -52.455781 -9296.202667 -2134.914365 -0.789428 0.470819 0.393869 0.154114 0.773111 -0.615263 -0.594182 -0.425005 -0.682875
-3.052612 -46.323420 -11928.171098 -549.480029 -0.788229 0.557423 0.260721 0.274070 0.697322 -0.662290 -0.550982 -0.450580 -0.702422
26.729301 -43.340563 4852.022004 913.598899 -0.509049 0.723806 0.465806 0.761411 0.126296 0.635847 0.401400 0.678347 -0.615405
17.015487 -41.934738 5528.765302 1095.206359 -0.528866 0.678324 0.510075 0.762068 0.115004 0.637202 0.373569 0.725707 -0.577751
27.908192 -44.075553 5554.748027 466.694127 -0.494982 0.714610 0.494293 0.814066 0.182502 0.551353 0.303793 0.675297 -0.672075
3.818850 -52.106603 316.234345 -107.937562 0.552941 -0.818948 -0.153558 0.832597 0.550192 0.063804 0.032234 -0.163132 0.986078
2.388045 -50.639620 506.612545 253.239503 0.554904 -0.815003 -0.166888 0.831779 0.547156 0.093617 0.015016 -0.190762 0.981522
3.729553 -51.758267 368.483105 30.533641 0.567640 -0.808544 -0.155057 0.818608 0.534288 0.210753 -0.087558 -0.246563 0.965163
2.213290 -51.766973 -525.089229 -401.669276 -0.538448 0.826061 0.166424 0.832490 0.552062 -0.046775 0.130515 -0.113360 0.984944
3.751464 -53.656285 -18.781012 -231.970558 0.571400 -0.809816 -0.133043 0.816376 0.544325 0.192979 -0.083858 -0.218882 0.972141
3.876714 -53.804557 -334.661729 -468.122050 -0.533322 0.832082 0.152343 0.832844 0.548031 -0.077670 0.148117 -0.085455 0.985271
4.392194 -54.643201 76.555181 -150.632845 0.553158 -0.822107 -0.134746 0.832024 0.553312 0.039773 0.041859 -0.134113 0.990082
19.006360 -71.621903 -737.281785 -18319.863075 -0.584106 0.796781 0.154789 0.051343 0.226591 -0.972636 0.810052 0.560175 0.173262
16.764589 -82.654790 1349.964196 -14585.536811 -0.659257 0.746294 0.091792 0.060556 0.174377 -0.982815 0.749475 0.642369 0.160152
16.448658 -94.644190 -1489.973586 -13142.317458 -0.574843 0.813436 0.088750 -0.059893 0.066343 -0.995998 0.816069 0.577858 -0.010582
21.141676 -63.551289 2956.101627 -14014.519356 -0.677401 0.716848 0.165097 0.123179 0.331804 -0.935272 0.725228 0.613217 0.313065
23.222424 -51.410578 -946.960978 -8141.287686 -0.567441 0.776754 0.273248 0.049384 0.363353 -0.930342 0.821932 0.514420 0.244541
-1.523685 -56.178583 -330.726732 -2579.072604 0.669763 -0.740007 -0.061700 0.692407 0.592333 0.411963 -0.268309 -0.318639 0.909109
-3.824251 -51.561337 -509.318248 747.941981 0.680225 -0.730269 -0.063250 -0.649468 -0.560452 -0.513892 -0.339830 -0.390641 0.855520
-2.669081 -56.838754 -405.781507 3821.049705 0.690533 -0.721476 -0.051341 -0.674488 -0.616673 -0.405933 -0.261210 -0.314939 0.912460
1.654489 -91.738387 925.165538 118.972747 -0.649927 0.759602 -0.024479 0.005951 0.037295 0.999287 -0.759973 -0.649318 0.028759
2.275077 -85.095487 -112.592894 1261.955050 -0.671784 0.740721 0.006292 0.175262 0.150686 0.972922 -0.719715 -0.654696 0.231048
2.608128 -86.627308 -10.684670 -47.447688 -0.669369 0.742156 -0.033907 -0.030760 0.017914 0.999366 -0.742293 -0.669988 -0.010838
7.702878 -39.513686 4511.960974 -2377.594011 -0.425164 0.887473 0.177842 -0.834424 -0.308192 -0.456896 0.350673 0.342651 -0.871561
11.909371 -33.926429 3871.759194 331.092094 -0.434950 0.888962 0.143406 -0.805055 -0.312564 -0.504173 0.403367 0.334740 -0.851613
2.977846 -37.099437 4528.201877 1021.688137 -0.384693 0.898779 0.210254 -0.822537 -0.230429 -0.519939 0.418861 0.372959 -0.827923
-1.267073 -40.560737 5278.748759 893.954759 -0.398216 0.891373 0.216514 0.844658 0.264271 0.465525 0.357738 0.368259 -0.858142
1.676063 -48.905684 3143.983618 4102.131465 -0.447845 0.880788 0.153775 0.853130 0.369478 0.368315 0.267591 0.296138 -0.916896
-373.349488 -4364.325785 114404.592801 589059.086576 0.301685 -0.900313 0.313723 0.950817 0.259872 -0.168562 0.070231 0.349146 0.934433
122.799304 -4005.923611 -117973.245601 -15093377.302614 -0.216728 0.968237 -0.124683 0.236619 0.176010 0.955527 -0.947122 -0.177587 0.267250
-40.144352 -3012.063619 -4818.466644 -837373.290302 -0.294192 0.920077 -0.258670 0.390679 0.362771 0.846030 -0.872251 -0.147838 0.466179
255.905715 -7888.287732 -152415.433270 -16792655.600628 -0.293620 0.944710 -0.145983 -0.686358 -0.102053 0.720068 -0.665357 -0.311623 -0.678373
-1.648132 -2524.208170 6878.625920 36766.740774 0.378685 -0.882260 0.279670 0.888242 0.261539 -0.377655 0.260045 0.391427 0.882701
13.081799 -2306.702857 -10827.642906 -582533.039197 -0.303647 0.907965 -0.288787 0.898646 0.373637 0.229850 -0.316597 0.189723 0.929393
-92.334093 -3295.841729 -23620.008725 -850965.315257 -0.105179 0.975851 -0.191447 0.040022 0.196512 0.979684 -0.993648 -0.095381 0.059724
50.749534 -2687.767508 -16644.860997 -140733.771020 -0.308118 0.950183 -0.047076 -0.787922 -0.227144 0.572349 -0.533143 -0.213443 -0.818657
-9.798082 -37.956262 3363.236923 862.323452 -0.346457 0.765271 0.542520 -0.599615 -0.625428 0.499302 -0.721408 0.152316 -0.675551
-3.753707 -38.673440 4478.271087 915.816111 -0.330650 0.758933 0.560973 -0.609778 -0.625474 0.486779 -0.720307 0.181115 -0.669594
-10.181920 -40.833757 3900.230471 920.153085 -0.346901 0.764211 0.543729 -0.675799 -0.605657 0.420089 -0.650350 0.221723 -0.726556
-4.258932 -35.223810 3801.445421 1153.741906 -0.329269 0.764490 0.554200 -0.532510 -0.635033 0.559612 -0.779753 0.110854 -0.616196
-14.619778 -40.697452 1428.767791 892.098747 -0.354178 0.789219 0.501689 -0.677285 -0.586394 0.444328 -0.644859 0.182415 -0.742214
-13.344975 -37.879313 541.776769 954.290940 -0.360776 0.786841 0.500722 -0.597196 -0.607277 0.523995 -0.716378 0.109984 -0.688989
-8.971970 -34.988336 2821.553794 1173.254191 -0.353715 0.758577 0.547217 -0.514831 -0.646338 0.563202 -0.780919 0.082511 -0.619158
29.771303 -37.882359 -13699.826994 1477.139683 0.335901 -0.938423 -0.080825 0.941109 0.330870 0.069567 -0.038541 -0.099433 0.994298
222.282048 -46.788158 -85652.534863 -4312.078896 0.128075 -0.990279 -0.054253 0.990778 0.130195 -0.037516 0.044215 -0.048948 0.997822
236.498722 -31.672854 -99975.660911 -953.735049 0.069467 -0.995104 -0.070298 0.997583 0.069390 0.003544 0.001351 -0.070374 0.997520
500.612296 -43.746785 216497.377678 -9260.125147 -0.098866 0.993774 0.051364 0.992466 0.102226 -0.067539 0.072370 -0.044300 0.996394
741.645300 -36.911368 -365878.271981 -15128.193427 0.136308 -0.984037 -0.114417 0.989245 0.141386 -0.037470 0.053049 -0.108079 0.992726
46.291148 -39.210189 -22360.852787 2853.325827 0.310344 -0.946691 -0.086387 0.948236 0.301845 0.098680 -0.067344 -0.112540 0.991362
-1.318618 -208.235623 -2873.546720 10848.925419 0.777783 0.354854 0.518779 0.530186 -0.813706 -0.238296 -0.337574 -0.460392 0.821026
0.791365 -183.682336 -1809.175115 15257.773969 0.806623 0.276372 0.522473 0.563800 -0.625147 -0.539742 -0.177452 -0.729939 0.660076
-14.553490 -159.782817 -4882.252627 -3831.003088 0.793841 0.333827 0.508307 0.492113 -0.843703 -0.214454 -0.357269 -0.420387 0.834046
-5.883335 -257.221272 -4553.104876 -21129.267012 0.720794 0.451836 0.525642 -0.456445 0.880111 -0.130627 -0.521645 -0.145771 0.840617
40.047808 -48.325283 -17464.031715 -5688.615857 0.179799 -0.981693 -0.062855 0.983621 0.178588 0.024427 -0.012755 -0.066217 0.997724
-44.727990 -74.699014 940.714647 -1232.177621 -0.173729 -0.982979 -0.059748 0.983959 -0.175759 0.030561 -0.040542 -0.053480 0.997746
-57.648343 -81.181931 -1104.379523 649.299467 -0.269039 -0.959479 0.083769 0.961503 -0.262516 0.081220 -0.055938 0.102395 0.993170
-52.123101 -76.781032 -92.123684 3488.320202 -0.513063 -0.837310 0.188887 0.851966 -0.523554 -0.006691 0.104495 0.157493 0.981976
-45.874334 -64.754685 825.092675 -3759.157965 0.200555 -0.328328 -0.923027 0.057043 0.944484 -0.323567 0.978020 0.012240 0.208150
-43.405165 -65.740051 1359.553605 -322.144083 0.110084 -0.327555 -0.938397 -0.070642 0.939169 -0.336112 0.991409 0.103290 0.080248
24.924934 -33.161270 -7226.564068 -2277.965646 -0.383032 -0.857788 -0.342762 0.896377 -0.255516 -0.362243 0.223146 -0.445995 0.866772
18.320886 -54.749587 -5765.942648 1072.385581 -0.137489 0.990489 -0.005390 0.989947 0.137227 -0.034253 0.033188 0.010046 0.999399
4.400732 -7.204799 3076.028657 -1992.358059 0.241771 0.878304 -0.412468 0.443274 0.278159 0.852136 -0.863166 0.388858 0.322078
-0.417879 -13.557264 1908.326458 -2137.766099 0.344813 0.921718 -0.177597 0.407488 0.023459 0.912909 -0.845611 0.387152 0.367500
5.213073 -5.225599 1635.530670 857.931418 0.001680 0.670099 -0.742270 0.501063 0.641805 0.580536 -0.865409 0.372900 0.334684
1.414315 -8.535287 3027.901227 2831.195074 0.066925 0.698483 -0.712491 0.529518 0.580368 0.618696 -0.845655 0.418682 0.331018
-12.334580 -102.378254 2164.958696 5864.336363 0.349043 0.913152 -0.210526 0.817113 -0.186580 0.545449 -0.458798 0.362409 0.811273
-20.561988 -120.249769 2395.669345 3093.556078 0.297485 0.934394 -0.195988 0.686506 -0.066694 0.724059 -0.663485 0.349943 0.661307
-18.137897 -116.396225 2679.615121 -5468.004663 0.286274 0.928197 -0.237693 0.445038 0.090880 0.890888 -0.848521 0.360821 0.387067
0.421618 -158.249972 -31.925601 -800.901808 0.188095 0.973477 0.130241 -0.973894 0.202026 -0.103522 0.127089 0.107369 -0.986063
0.231219 -136.507341 58.490150 -348.876992 0.227015 0.963206 0.143871 -0.925587 0.259335 -0.275741 0.302906 0.070568 -0.950404
-1.645811 -185.817307 207.677566 1179.579135 0.241547 0.953963 0.177790 -0.887356 0.291294 -0.357417 0.392752 0.071430 -0.916866
-0.767926 -142.091160 52.606296 5892.802234 0.279612 0.945086 0.169203 -0.831575 0.326474 -0.449331 0.479897 0.015066 -0.877196
2036.970565 -171.357799 -805290.031610 31852.245878 -0.282522 0.025602 -0.958919 0.898504 -0.343046 -0.273880 -0.335965 -0.938970 0.073915
380.989485 -6.924964 -30357.170615 -9397.801221 -0.029912 -0.257481 -0.965820 0.964637 -0.260591 0.039597 -0.261879 -0.930482 0.256171
374.413153 -19.740126 12928.192734 -13263.450635 0.026921 -0.325734 -0.945078 0.972586 -0.209917 0.100055 -0.230980 -0.921863 0.311153
-2.346568 -26.187172 4279.771275 358.914714 -0.244686 0.963408 0.109429 0.178523 -0.066167 0.981708 -0.953026 -0.259746 0.155800
-12.641151 -27.266737 3203.516856 -2633.788065 -0.192741 0.918538 0.345164 0.276145 -0.286768 0.917337 -0.941592 -0.272124 0.198378
-0.669888 -24.549609 5128.390912 -2343.902864 -0.219166 0.967305 0.127620 0.231008 -0.075636 0.970007 -0.947946 -0.242073 0.206879
10.291017 -23.022523 3694.522153 -2284.313718 -0.243696 0.963096 0.114273 0.235147 -0.055636 0.970366 -0.940913 -0.263346 0.212910
7.204794 -23.028062 4542.214579 -565.010341 -0.236056 0.968438 0.080039 0.196980 -0.032969 0.979853 -0.951565 -0.247066 0.182981
-8.946447 -46.927591 10.924826 1754.186615 0.429197 0.797177 -0.424616 -0.843484 0.521878 0.127193 -0.322993 -0.303565 -0.896395
-6.090972 -42.132204 1304.116124 516.518609 0.376965 0.845885 -0.377326 -0.815413 0.496302 0.297971 -0.439317 -0.195352 -0.876834
-4.783889 -44.094609 1798.842014 1903.263669 0.407233 0.833844 -0.372646 -0.851239 0.494383 0.176002 -0.330988 -0.245537 -0.911130
3.814017 -69.612697 184.849990 2748.017687 0.466411 0.779504 -0.418132 -0.810141 0.566217 0.151888 -0.355151 -0.267903 -0.895598
5.031935 -82.642602 -158.207582 -3758.273539 0.509176 0.756515 -0.410397 0.839364 -0.541909 0.042450 -0.190284 -0.366087 -0.910919
6.058131 -85.849282 185.332719 -2724.416885 0.557239 0.729796 -0.396084 0.829583 -0.509825 0.227750 -0.035723 -0.455496 -0.889521
-5.278992 -143.874366 -1665.592332 -1675.157979 0.270489 -0.282377 0.920380 0.219298 0.948956 0.226695 -0.937414 0.140519 0.318607
-6.865777 -133.786070 -2468.237029 -1933.659517 0.267249 -0.316933 0.910017 0.454472 0.874195 0.170990 -0.849725 0.367880 0.377665
-3.799875 -141.293664 -1955.093229 -8992.373310 0.314862 -0.279624 0.907013 0.665531 0.746370 -0.000934 -0.676706 0.603939 0.421102
-2.656990 -150.161394 -223.620017 -1176.427958 0.315785 -0.286841 0.904435 0.774841 0.628119 -0.071330 -0.547633 0.723318 0.420606
-5.641849 -527.935800 -20822.769437 147970.672543 0.142600 -0.208001 -0.967678 0.699239 -0.670779 0.247225 -0.700521 -0.711893 0.049789
-77.931904 -352.844672 6599.654082 106669.699450 0.144580 -0.020660 -0.989277 0.942208 -0.302495 0.144018 -0.302227 -0.952927 -0.024269
-22.416195 -37.242548 1812.122924 -1060.508305 -0.010739 0.739863 0.672672 -0.096331 0.668817 -0.737160 0.995291 0.072715 -0.064090
-18.521375 -34.570913 1184.428475 -1772.431445 0.280074 0.780833 -0.558442 0.444060 -0.621123 -0.645768 0.851099 0.067119 0.520698
-14.614210 -31.702889 1865.400979 -1140.342079 0.138068 0.888787 -0.437029 0.514105 -0.441467 -0.735393 0.846542 0.123145 0.517883
-13.995520 -31.078409 1625.943155 -848.266961 0.156360 0.904320 -0.397187 0.591918 -0.407715 -0.695271 0.790686 0.126390 0.599033
-11.995275 -563.951722 -6016.831405 5501.257713 -0.250219 -0.222948 0.942170 0.539586 0.775876 0.326900 -0.803889 0.590179 -0.073840
95.552569 -1157.949361 -13207.750454 -454753.248399 -0.147987 -0.118893 0.981817 0.280857 0.946823 0.156989 -0.948272 0.298983 -0.106726
0.873270 -659.133341 -3944.186408 -68172.612006 -0.236219 -0.145161 0.960796 -0.026515 0.989373 0.142960 -0.971338 0.008294 -0.237558
-79.369541 -131.195971 24811.991945 -22456.990163 0.139087 0.973320 0.182490 0.311964 -0.217964 0.924754 -0.939858 0.071691 0.333957
-43.015974 -86.568530 8365.097202 1842.983942 0.006245 0.989295 -0.145794 0.226457 0.140610 0.963818 -0.974001 0.039035 0.223155
-36.808130 -99.740170 13201.940501 26015.216200 0.623982 0.769199 -0.137768 -0.318213 0.411135 0.854230 -0.713714 0.489184 -0.501309
-37.127303 -75.756848 8339.750659 1771.652096 0.556364 0.818861 -0.141156 -0.555381 0.492814 0.669841 -0.618070 0.294280 -0.728964
-48.275042 -157.787147 7487.576032 -45658.934524 0.261742 0.957355 0.122324 -0.938926 0.223243 0.261879 -0.223403 0.183398 -0.957317
-18.320576 -50.304522 -15745.067771 915.024550 -0.742648 0.649816 0.161906 -0.211768 -0.457234 0.863766 -0.635318 -0.607188 -0.477174
18.647168 -45.620201 21330.232295 1285.683283 0.710775 -0.703070 0.022185 0.284718 0.258713 -0.923040 -0.643222 -0.662390 -0.384064
14.685093 -49.547740 4538.023621 1840.815395 -0.367670 0.755215 0.542650 -0.810840 -0.546067 0.210590 -0.455364 0.362575 -0.813132
2.840235 -45.649372 5098.628298 1664.104550 -0.342722 0.751051 0.564326 -0.759798 -0.574885 0.303670 -0.552494 0.324700 -0.767672
15.914535 -46.163848 4450.258730 1935.013163 -0.346281 0.774307 0.529659 -0.759770 -0.562660 0.325827 -0.550308 0.289592 -0.783133
-1.699602 -47.769008 4922.063481 1131.229746 -0.360502 0.743480 0.563272 -0.818718 -0.541558 0.190828 -0.446921 0.392367 -0.803934
-0.099418 -50.103332 703.000959 -111.968609 0.546864 -0.818459 -0.176253 0.830214 0.557315 -0.012062 0.108100 -0.139732 0.984271
14.584807 -98.455066 473.148459 -4898.718698 -0.642746 0.763011 0.068497 -0.080062 0.022019 -0.996547 0.761884 0.646011 -0.046936
12.949307 -88.054667 -3088.497275 6116.638244 0.717163 -0.695300 -0.047276 -0.044229 -0.113110 0.992598 0.695501 0.709763 0.111871
16.273344 -74.726080 -4320.733767 11114.258528 0.736287 -0.672949 -0.070864 -0.149838 -0.264267 0.952739 0.659871 0.690871 0.295410
-5.202709 -49.713258 -477.868474 2527.978418 0.704179 -0.707515 -0.059626 -0.628091 -0.581559 -0.517002 -0.331110 -0.401512 0.853905
-6.405637 -50.395099 -924.457886 5753.025876 0.714904 -0.696754 -0.058703 -0.611016 -0.581695 -0.536926 -0.339958 -0.419719 0.841584
-4.665204 -58.947475 -903.713058 5614.319349 0.699875 -0.712739 -0.046682 -0.664964 -0.626313 -0.406885 -0.260765 -0.315810 0.912286
-7.162658 -47.300587 20.884864 -571.040989 0.707770 -0.699408 -0.099452 -0.599652 -0.520371 -0.607973 -0.373469 -0.489942 0.787704
-6.052262 -50.498246 -40.702200 -3075.939870 0.681789 -0.724386 -0.102123 -0.626277 -0.505816 -0.593235 -0.378075 -0.468419 0.798526
-14.843489 -26.872513 -1695.657356 2972.875797 -0.269591 0.810530 -0.519963 -0.209888 -0.576431 -0.789731 0.939823 0.103771 -0.325521
-17.107524 -30.142200 -823.040899 2262.093575 -0.274844 0.904720 -0.325487 -0.258859 -0.395651 -0.881166 0.925987 0.157928 -0.342937
-12.044448 -30.468045 -1386.417481 3082.035316 -0.288656 0.787410 -0.544669 -0.148664 -0.598846 -0.786945 0.945821 0.146184 -0.289920
26.432820 -89.992156 1069.245331 5434.242749 -0.682407 0.705140 0.192608 0.390981 0.574741 -0.718893 0.617620 0.415272 0.667903
21.045889 -93.551780 -3817.549212 4787.160737 -0.569508 0.779061 0.262155 0.387928 0.535915 -0.749871 0.724688 0.325360 0.607427
22.515214 -107.114366 -1035.163214 7054.701011 -0.650125 0.734329 0.195191 0.488468 0.600689 -0.632907 0.582011 0.316124 0.749219
21.350163 -104.346276 2473.588756 5953.504213 -0.715428 0.689356 0.113804 0.516509 0.631511 -0.578284 0.470512 0.354939 0.807859
21.286422 -112.404528 568.266072 10244.172297 -0.693044 0.708681 0.132138 0.588849 0.662248 -0.463341 0.415869 0.243306 0.876273
19.361079 -116.614464 -1626.795875 11033.344667 -0.634623 0.746477 0.200067 0.585965 0.633567 -0.505211 0.503884 0.203386 0.839485
13.636700 -32.131987 1119.565925 1825.387462 -0.432495 0.896964 0.091669 -0.787086 -0.325996 -0.523663 0.439823 0.298633 -0.846979
5.467927 -36.059476 2198.042216 2265.241864 -0.396270 0.903728 0.162006 -0.786242 -0.242901 -0.568176 0.474125 0.352527 -0.806803
-544.972452 -9230.763765 151466.218474 6264726.870007 0.238622 -0.871895 0.427620 0.969716 0.237539 -0.056795 -0.052057 0.428223 0.902173
-820.393631 -13706.580689 -312043.359587 18718690.912263 -0.263040 0.962245 -0.069955 0.959894 0.253727 -0.119270 -0.097018 -0.098522 -0.990394
-125.778035 -22389.754013 20642.181586 462563.670277 -0.151486 0.939231 -0.308054 0.032898 0.316269 0.948099 -0.987912 -0.133489 0.078809
-1.421199 -41.625229 5152.339747 1312.974959 -0.335762 0.753575 0.565145 -0.681562 -0.608497 0.406454 -0.650182 0.248709 -0.717918
3.208795 -35.634772 3144.117560 979.002873 -0.322604 0.783083 0.531703 -0.558457 -0.611016 0.561058 -0.764234 0.115933 -0.634434
-23.215775 -45.064974 -197.769535 2553.159612 0.232871 0.801676 0.550534 -0.611328 0.560936 -0.558237 0.756339 0.206560 -0.620713
-22.153666 -44.217324 2242.871964 1997.504697 0.133255 0.808828 0.572748 -0.587729 0.529811 -0.611453 0.798009 0.255142 -0.545972
-26.487947 -49.061534 748.960478 2191.804388 0.229780 0.757395 0.611191 -0.499031 0.630846 -0.594139 0.835565 0.168481 -0.522919
2505.173583 -78.601698 -1195641.350643 -17570.159030 0.110902 -0.940112 -0.322319 0.976778 0.162931 -0.139138 0.183321 -0.299403 0.936350
40.619918 -163.968702 -4920.033644 -24520.639167 -0.265367 0.964026 0.015312 -0.953932 -0.260217 -0.149333 0.139977 0.054234 -0.988668
69.521671 -233.810887 -11873.436852 -54164.654713 -0.110869 0.992591 0.049705 -0.989477 -0.114923 0.087907 -0.092968 0.039436 -0.994888
64.703398 -244.018017 -14998.313400 -77708.519345 -0.169693 0.984642 -0.041039 -0.971626 -0.160197 0.174011 -0.164764 -0.069403 -0.983888
-2.178759 -151.897726 -4889.006550 -1342.360113 0.844989 0.130287 0.518671 0.467609 -0.650608 -0.598374 -0.259491 -0.748154 0.610680
13.444701 -162.353645 -608.039896 15331.016451 0.868501 0.126324 0.479320 0.491027 -0.351532 -0.797068 -0.067808 -0.927614 0.367335
6.825312 -275.736691 -335.399428 52777.376272 0.790972 0.287413 0.540146 0.610829 -0.319891 -0.724263 0.035375 -0.902809 0.428585
-21.653454 -76.427847 8048.936762 -161.840723 -0.124354 -0.967489 -0.220229 0.992152 -0.124164 -0.014763 -0.013061 -0.220337 0.975336
-10.868990 -83.817002 9981.004414 11069.776040 -0.136721 -0.948232 -0.286642 0.972760 -0.073831 -0.219743 0.187204 -0.308877 0.932496
-22.402003 -72.684445 -6479.096877 15714.197097 0.126080 0.968838 0.213207 0.928728 -0.039739 -0.368626 0.348666 -0.244488 0.904797
-46.610705 -65.736400 158.727980 -3349.982326 0.340761 -0.340342 -0.876384 0.029245 0.935561 -0.351952 0.939695 0.094302 0.328756
12.981386 -36.224168 9437.773526 -1368.674976 0.082184 -0.789002 -0.608869 0.960779 0.225085 -0.161991 0.264858 -0.571675 0.776555
-8.285781 -26.957802 3900.965014 -1284.785026 0.157934 -0.826769 -0.539917 0.965761 0.243299 -0.090061 0.205820 -0.507207 0.836886
6.754558 -33.209180 9068.184049 -1202.921585 0.240830 -0.744843 -0.622262 0.958869 0.281836 0.033749 0.150238 -0.604795 0.782081
-25.030283 -50.915458 -2789.527773 107.251413 -0.401330 0.914180 -0.056643 0.893103 0.376857 -0.245653 0.203225 0.149176 0.967702
-7.029193 -85.981825 -1491.946885 4436.764275 -0.379396 -0.902669 0.203094 0.882844 -0.287505 0.371385 -0.276848 0.320202 0.905994
-2.857139 -88.841841 943.299163 2669.685631 0.367780 0.902713 -0.223263 0.802201 -0.186558 0.567159 -0.470331 0.387691 0.792770
1.652791 -130.415847 445.671893 8601.970678 0.139723 0.980848 0.135701 0.990191 -0.138397 -0.019208 -0.000060 0.137054 -0.990564
-15.189329 -26.971619 3412.357108 -1022.553867 -0.213348 0.928041 0.305325 0.225493 -0.257306 0.939652 -0.950597 -0.269321 0.154371
-19.406702 -34.062015 109.082553 -4123.908359 -0.094299 0.701970 0.705936 0.386446 -0.627682 0.675777 -0.917479 -0.336532 0.212083
-9.265529 -44.517848 -746.372765 672.000611 0.398051 0.804346 -0.441115 -0.810894 0.533352 0.240803 -0.428959 -0.261845 -0.864541
-7.254175 -43.302486 -823.424091 -9.908716 0.371438 0.817236 -0.440635 -0.759476 0.540432 0.362118 -0.534069 -0.200148 -0.821408
-8.803549 -49.205672 -1193.321365 -1845.379707 0.432485 0.760099 -0.484981 0.838881 -0.536383 -0.092583 -0.330508 -0.366801 -0.869610
-7.743579 -46.260303 -1680.790816 786.173835 0.397722 0.774571 -0.491789 -0.799416 0.555600 0.228567 -0.450279 -0.302238 -0.840179
-0.601510 -118.909172 82.384600 -4158.912148 0.267561 -0.294447 0.917449 0.019680 0.953635 0.300321 -0.963340 -0.062299 0.260950
21.003499 -24.774255 -1209.267610 827.454010 0.434134 -0.111222 0.893956 0.502766 0.853338 -0.137991 -0.747499 0.509357 0.426382
12.885814 -23.253166 561.097515 396.736935 0.498428 -0.015926 0.866785 0.381097 0.902070 -0.202569 -0.778675 0.431295 0.455687
16.005874 -32.255809 914.266582 1359.074333 0.524338 0.122579 0.842641 0.316869 0.890426 -0.326703 -0.790357 0.438310 0.428043
16.287645 -35.677085 -1951.465988 953.062828 0.460276 0.059283 0.885795 0.429156 0.858585 -0.280460 -0.777156 0.509233 0.369744
-226.293831 -3601.341388 25699.273848 -485283.336430 -0.005465 -0.190202 0.981730 0.092524 0.977437 0.189885 -0.995695 0.091872 0.012257
-16.024621 -42.119885 982.364125 -317.433649 -0.092161 0.784776 0.612889 -0.072542 0.608582 -0.790168 0.993098 0.117283 -0.000841
-17.231281 -40.636350 1324.071033 62.543350 -0.069095 0.812381 0.579019 0.051094 0.582526 -0.811205 0.996301 0.026466 0.081758
-20.432432 -40.397197 1502.335465 42.151528 -0.051860 0.821010 0.568554 -0.029212 0.567829 -0.822628 0.998227 0.059270 0.005464
-18.419675 -41.092322 1520.279875 -958.622990 -0.070654 0.741715 0.666983 -0.142611 0.654274 -0.742689 0.987254 0.147593 -0.059550
-23.745298 -36.224106 1406.975302 1250.307179 0.009627 0.851133 0.524862 -0.034205 0.524859 -0.850502 0.999368 0.009765 -0.034166
-21.165024 -38.945204 585.410533 1866.225316 0.347280 0.674067 -0.651943 -0.316327 0.738670 0.595235 0.882799 -0.000486 0.469751
-21.359716 -43.309935 -1063.323761 1961.861176 0.445999 0.569363 -0.690587 -0.229637 0.818541 0.526552 0.865073 -0.076258 0.495816
1.391725 -280.229300 -17.065350 -23882.334104 0.194581 0.967818 0.159580 -0.877931 0.244395 -0.411713 0.437464 0.059989 -0.897233
2.807965 -296.130513 -1164.012619 -41345.366434 0.224687 0.964200 0.140831 0.969041 -0.236278 0.071633 0.102344 0.120376 -0.987439
-0.643803 -319.471660 275.128511 -16506.875800 0.197974 0.963600 0.179669 -0.918445 0.246393 -0.309434 0.342439 0.103756 -0.933793
-1.530080 -313.675891 1354.858042 -49952.733344 0.200731 0.961852 0.185868 0.977294 -0.183473 -0.105989 -0.067844 0.202923 -0.976842
-2.735199 -441.023542 162.457062 -90589.253543 -0.141535 -0.219073 0.965388 -0.288434 0.942019 0.171483 -0.946981 -0.254180 -0.196517
2.922414 -462.004720 1815.402804 -82467.389697 -0.143888 -0.237962 0.960557 -0.062980 0.970892 0.231088 -0.987588 -0.027245 -0.154687
4.259769 -502.666053 -1484.161932 -97959.531372 -0.130261 -0.246252 0.960412 0.355053 0.892840 0.277082 -0.925726 0.377090 -0.028870
-100.996383 -150.459912 27476.719231 -21418.775831 0.194968 0.900318 0.389121 0.500342 -0.432527 0.750052 -0.843591 -0.048458 0.534796
-16.507422 -40.706714 -1356.168599 7718.679294 0.256261 0.965226 0.051662 -0.427590 0.065265 0.901614 -0.866889 0.253139 -0.429446
-24.274738 -67.633981 -3703.508576 15492.217769 0.330284 0.899783 -0.285138 -0.332293 0.393596 0.857125 -0.883455 0.188345 -0.428990
-44.574753 -151.982039 -7134.069121 46364.327821 0.250421 0.950846 -0.182155 -0.269019 0.249083 0.930369 -0.930010 0.183980 -0.318171
-40.042080 -56.517569 -6488.239434 -2982.254153 -0.728059 0.455016 0.512728 0.019847 0.761624 -0.647716 -0.685227 -0.461400 -0.563538
-39.125160 -58.122183 -4648.437869 -1170.285794 -0.737590 0.313468 0.598079 0.007669 0.889549 -0.456776 -0.675205 -0.332327 -0.658527
11.398799 -41.639604 4172.607463 1282.275368 -0.332906 0.780465 0.529195 -0.698084 -0.581263 0.418105 -0.633918 0.230233 -0.738336
-9.413208 -43.343952 4414.080531 1301.299125 -0.349364 0.759494 0.548739 -0.736123 -0.584814 0.340759 -0.579714 0.284890 -0.763393
-13.149083 -46.066791 3820.617957 928.035637 -0.361627 0.763583 0.534946 -0.803596 -0.546205 0.236418 -0.472715 0.344385 -0.811135
3.143240 -53.012130 78.310727 -227.859289 0.580661 -0.802094 -0.139562 0.787144 0.509312 0.347859 -0.207935 -0.311844 0.927101
15.243998 -107.139898 -1908.554825 -1108.489526 -0.566759 0.821496 0.062683 -0.224225 -0.080589 -0.971199 0.792785 0.564491 -0.229875
-6.912378 -63.957833 -1407.580094 7838.273366 0.691239 -0.720290 -0.058058 -0.674665 -0.614492 -0.408933 -0.258874 -0.321840 0.910716
-7.841105 -56.553226 -438.117996 8845.827873 0.699875 -0.706324 -0.106211 -0.638871 -0.552546 -0.535292 -0.319403 -0.442492 0.837963
-7.579847 -47.039349 -225.176407 2980.803181 0.722099 -0.684544 -0.099865 -0.578983 -0.519011 -0.628814 -0.378620 -0.511886 0.771116
-7.150385 -50.911840 -399.408355 302.929685 -0.547682 0.826565 0.129749 0.301654 0.050425 0.952083 -0.780416 -0.560578 0.276954
-5.635144 -53.310830 -646.166335 531.754992 -0.574746 0.807972 0.129799 0.330494 0.084078 0.940056 -0.748626 -0.583191 0.315353
-6.477931 -51.033784 -295.743662 -821.011148 -0.527247 0.831035 0.177175 0.451140 0.097084 0.887157 -0.720058 -0.547681 0.426101
-6.370624 -57.098972 -422.649623 1310.931110 -0.585403 0.808033 0.066228 0.153153 0.029998 0.987747 -0.796145 -0.588374 0.141313
-8.579574 -49.143665 -175.937452 -876.688351 -0.503418 0.846280 0.174300 0.421964 0.064760 0.904297 -0.754000 -0.528788 0.389701
-8.845577 -48.313906 -315.900533 531.316475 -0.525480 0.841987 0.122185 0.272841 0.030741 0.961568 -0.805871 -0.538621 0.245882
-7.672830 -53.914803 -364.925558 1336.827995 -0.564418 0.823247 0.060796 0.123769 0.011580 0.992243 -0.816158 -0.567565 0.108429
-11.399998 -297.462383 3051.975548 -40725.744689 -0.142918 0.981275 -0.129125 -0.968653 -0.111894 0.221789 -0.203188 -0.156774 -0.966507
-8.508334 -591.235039 4861.040593 50575.874290 -0.171210 0.979896 -0.102422 0.983786 0.164398 -0.071676 -0.053397 -0.113033 -0.992155
