16448
32883
-24.681739 -34.625939 32.292585 1914.729899 -0.371849 -0.381702 -0.846187 -0.343922 0.903330 -0.256345 0.862233 0.195701 -0.467178
-30.274615 -43.660073 -122.908243 2206.807074 -0.466866 -0.037075 -0.883551 -0.083008 0.996547 0.002045 0.880424 0.074297 -0.468331
-26.577503 -42.837008 901.250116 3982.033858 -0.552757 0.156141 -0.818584 -0.048333 0.974630 0.218543 0.831940 0.160366 -0.531187
-26.142479 -39.958453 -360.476214 1756.161334 -0.315480 -0.409759 -0.855903 -0.255199 0.905371 -0.339376 0.913972 0.111359 -0.390197
-20.693515 -29.972664 1032.273986 2569.906185 -0.478654 -0.256013 -0.839850 -0.366137 0.927607 -0.074092 0.798019 0.272036 -0.537738
-20.198951 -29.449299 63.377590 1482.073098 0.138840 0.693427 0.707024 -0.511205 0.661647 -0.548536 0.848170 0.285276 -0.446346
-23.784608 -36.610465 -102.721284 1569.080362 -0.182936 -0.593075 -0.784089 -0.353229 0.783943 -0.510552 0.917477 0.183564 -0.352902
-1.609561 -17.820664 -3336.304979 3100.822011 0.805471 0.385602 0.450030 -0.591196 0.469938 0.655473 -0.041266 0.794021 -0.606488
-0.129541 -11.590229 5893.837214 -2073.401458 0.884657 -0.315103 -0.343646 0.465221 0.547798 0.695332 0.030853 0.775001 -0.631206
-19.182873 -20.639666 4233.221313 -3904.867726 -0.453894 0.451049 0.768463 0.888924 0.288836 0.355512 -0.061606 0.844469 -0.532049
-19.124420 -167.084450 -3592.834767 -46298.811659 0.466263 0.546668 0.695523 0.803381 0.067505 -0.591627 -0.370375 0.834624 -0.407708
-3.700457 -89.584070 -8270.315760 -26200.818497 0.373383 0.714863 0.591232 0.849559 -0.007513 -0.527441 -0.372606 0.699224 -0.610124
15.457664 -21.585835 -2351.144911 2896.052150 0.792035 0.371682 0.484286 -0.609902 0.516147 0.601341 0.026455 0.771650 -0.635496
-2.530445 -23.439474 1929.748870 172.318159 0.464062 0.337977 0.818790 0.885563 -0.198521 -0.419961 0.020610 0.919979 -0.391426
-5.440225 -22.865639 2245.574290 -81.994739 0.429093 0.348543 0.833305 0.897788 -0.265964 -0.351054 0.099271 0.898766 -0.427041
-7.430402 -22.744262 574.998898 74.014602 0.492124 0.363645 0.790934 0.870467 -0.216044 -0.442280 0.010043 0.906139 -0.422862
-4.564794 -23.697372 -50.156843 488.167033 0.519569 0.367863 0.771184 0.850112 -0.131952 -0.509803 -0.085779 0.920470 -0.381283
-8.440824 -22.793359 -954.568488 -269.305622 0.589175 0.374154 0.716158 0.807818 -0.291863 -0.512100 0.017415 0.880242 -0.474206
-1.164962 -22.860667 -2453.597476 62.915165 0.616386 0.395810 0.680737 0.783737 -0.224575 -0.579071 -0.076325 0.890450 -0.448636
0.776426 -45.117164 -873.514115 1614.201082 0.289461 0.804686 -0.518355 0.953631 -0.289091 0.083749 -0.082460 -0.518562 -0.851055
-2.247495 -51.048160 -227.593208 3587.204954 0.338024 0.800069 -0.495611 0.931698 -0.358871 0.056122 -0.132959 -0.480731 -0.866730
-0.831330 -43.078207 -199.451414 802.115336 0.278469 0.820106 -0.499881 0.960399 -0.242848 0.136593 -0.009374 -0.518122 -0.855255
4.326531 -41.976791 -1459.526402 1549.270082 0.290173 0.803292 -0.520117 0.953045 -0.291773 0.081075 -0.086629 -0.519220 -0.850238
3.535631 -58.938077 -1354.403411 5846.007483 0.348878 0.782551 -0.515653 0.911605 -0.411009 -0.006975 -0.217396 -0.467638 -0.856769
1.468062 -43.687757 -493.310833 -929.052907 0.228300 0.827529 -0.512907 0.971756 -0.161354 0.172208 0.059748 -0.537736 -0.840994
4.170089 -41.608269 -1022.750544 -1547.847636 0.225901 0.824376 -0.519011 0.973950 -0.180336 0.137475 0.019735 -0.536547 -0.843640
-4.648314 -24.085052 500.348648 -256.398695 -0.679658 0.329855 -0.655179 -0.038499 0.875916 0.480924 0.732518 0.352088 -0.582625
-4.735349 -22.580528 397.861989 -280.302627 -0.677861 0.402508 -0.615217 0.079525 0.872048 0.482917 0.730876 0.278425 -0.623137
0.119820 -24.762086 1562.575073 -518.542119 -0.708666 0.313469 -0.632084 0.008464 0.899594 0.436646 0.705493 0.304086 -0.640164
-4.591414 -26.299526 606.651005 1121.076026 0.686895 -0.055559 0.724630 0.568737 -0.579649 -0.583563 -0.452453 -0.812970 0.366559
-4.643023 -31.177745 340.978491 556.369519 0.657838 -0.042434 0.751963 0.522771 -0.693005 -0.496442 -0.542180 -0.719683 0.433701
-5.905438 -30.147836 -283.972226 918.400685 0.654176 -0.091147 0.750830 0.534967 -0.645993 -0.544521 -0.534663 -0.757882 0.373833
-6.285234 -26.343860 -148.732326 1601.290914 0.666068 -0.098970 0.739296 0.588467 -0.539304 -0.602377 -0.458322 -0.836275 0.300973
-4.459900 -34.339938 -280.196485 1032.994952 0.662610 -0.121193 0.739094 0.472388 -0.698157 -0.537984 -0.581204 -0.705613 0.405355
-5.559919 -28.925563 -427.533904 1050.654213 0.664861 -0.141115 0.733517 0.556171 -0.562000 -0.612233 -0.498632 -0.815010 0.295168
-2.196507 -38.290849 183.990090 673.602698 0.732720 0.057095 0.678131 -0.534899 -0.567724 0.625758 -0.420719 0.821237 0.385443
-1.182610 -38.404732 275.529640 -193.199610 0.747971 0.067562 0.660284 -0.576900 -0.425758 0.697077 -0.328217 0.902311 0.279478
-2.333664 -39.975037 -158.745316 222.598029 0.717204 0.074301 0.692891 -0.573999 -0.500820 0.647846 -0.395149 0.862356 0.316542
7.848821 -81.967553 -596.730575 609.943363 0.685850 -0.290440 0.667274 0.479647 -0.509170 -0.714622 -0.547310 -0.810180 0.209905
14.062649 -78.776634 1120.396394 -1730.105461 0.738935 -0.249034 0.626065 0.378291 -0.615572 -0.691351 -0.557558 -0.747698 0.360660
9.035774 -80.530177 412.513411 2364.624538 0.718024 -0.253246 0.648311 0.558193 -0.346887 -0.753718 -0.415767 -0.903070 0.107713
12.821300 -76.787819 46.585940 4185.392173 0.720208 -0.292016 0.629307 -0.202697 0.778946 0.593429 -0.663487 -0.554950 0.501812
6.017596 -79.365001 -715.958895 5545.385060 0.695366 -0.293497 0.655993 0.624042 -0.206116 -0.753716 -0.356424 -0.933475 -0.039828
4.994267 -79.304535 -2139.737319 2505.352364 0.652823 -0.329160 0.682258 0.584897 -0.353306 -0.730117 -0.481372 -0.875687 0.038121
4.772351 -78.567550 -1850.409899 -960.927661 0.650436 -0.319351 0.689165 0.421557 -0.602978 -0.677279 -0.631841 -0.731049 0.257574
3.355433 -103.460924 -329.301316 -6374.193468 -0.702550 -0.009298 -0.711574 0.295347 0.905922 -0.303439 0.647452 -0.423342 -0.633710
6.359311 -121.857552 1979.195165 -7450.297173 -0.747130 -0.039014 -0.663532 0.129915 0.970450 -0.203342 0.651858 -0.238126 -0.719984
2.094795 -104.815752 -341.292854 -3306.720417 -0.703110 -0.048449 -0.709429 0.074290 0.987211 -0.141048 0.707190 -0.151876 -0.690519
-2.586956 -28.495012 -1610.984034 -1606.427348 0.288863 0.672393 -0.681503 -0.514602 -0.491219 -0.702772 0.807306 -0.553708 -0.204120
4.133302 -29.049059 -1945.519984 -1374.413025 0.351007 0.715499 -0.604032 -0.539538 -0.372684 -0.754987 0.765305 -0.590904 -0.255224
-3.876017 -34.171856 -1943.257662 -1689.127613 0.338951 0.708181 -0.619348 -0.575458 -0.364744 -0.731991 0.744285 -0.604517 -0.283898
-12.542150 -38.866296 -2223.193003 -2009.246739 0.315524 0.718583 -0.619744 -0.582533 -0.368875 -0.724283 0.749066 -0.589550 -0.302210
-10.003736 -31.815820 -1728.411936 -1904.993602 0.240441 0.660604 -0.711189 -0.516788 -0.533087 -0.669887 0.821656 -0.528602 -0.213217
-6.239661 -39.875259 -2602.078386 885.802863 0.410400 0.726582 -0.551045 0.653664 0.186949 0.733331 0.635842 -0.661157 -0.398216
1.894059 -66.366725 1145.162075 2749.660490 0.095514 0.835231 -0.541540 0.031257 -0.546276 -0.837022 0.994937 -0.063020 0.078284
4.770314 -62.248452 -86.496100 1494.393060 0.144215 0.829511 -0.539549 -0.145815 -0.521483 -0.840710 0.978744 -0.199917 -0.045749
2.162921 -69.382259 487.792129 1857.884365 0.125028 0.810675 -0.571992 0.128027 -0.584878 -0.800954 0.983858 -0.026911 0.176914
-1.290060 -73.140411 1028.526528 1946.536445 0.107914 0.817655 -0.565504 0.301706 -0.568934 -0.765041 0.947274 0.088057 0.308087
-0.506574 -65.308244 868.382707 2413.198971 0.107450 0.840388 -0.531228 0.165620 -0.541986 -0.823906 0.980319 -0.000547 0.197422
3.087366 -63.107388 -85.424377 -3271.470050 0.246107 0.835480 -0.491330 0.850503 0.056961 0.522876 0.464839 -0.546561 -0.696560
1.782930 -53.141356 -74.451454 -2884.327653 0.241703 0.831744 -0.499782 0.931648 -0.054903 0.359190 0.271314 -0.552438 -0.788163
2.238051 -57.945365 -5.386823 -3340.442782 0.255390 0.829340 -0.496961 0.880436 0.012902 0.473990 0.399511 -0.558595 -0.726886
2.455703 -65.148265 -136.852011 2762.686567 0.257381 0.828596 -0.497176 -0.782270 -0.123382 -0.610599 0.567282 -0.546082 -0.616430
3.843162 -69.474689 -143.445765 1414.498230 0.247209 0.832542 -0.495744 -0.706689 -0.195124 -0.680087 0.662932 -0.518460 -0.540111
-2.590345 -47.694600 204.654671 1399.741538 0.328042 0.810658 -0.484996 0.943978 -0.300853 0.135620 -0.035971 -0.502315 -0.863936
-3.285681 -64.107841 -583.235250 -1356.679118 0.316438 0.909298 -0.270268 -0.769287 0.079282 -0.633966 0.555036 -0.408525 -0.724598
-5.035502 -64.821259 -61.183883 -1305.764971 0.276556 0.919780 -0.278427 -0.739725 0.018801 -0.672647 0.613453 -0.391983 -0.685584
-4.814932 -64.367932 -267.685507 1249.762236 0.280203 0.909068 -0.308352 -0.664344 -0.048224 -0.745869 0.692916 -0.413847 -0.590422
1.869282 -262.661018 1496.508887 -27775.211525 0.218905 0.886472 -0.407734 0.104237 -0.436723 -0.893536 0.970162 -0.153099 0.188004
1.282213 -253.416835 -469.551656 -24740.269132 0.262217 0.863227 -0.431372 0.457236 -0.504789 -0.732204 0.849810 0.005242 0.527063
4.671776 -258.386473 848.717851 -32742.039082 0.213509 0.862268 -0.459247 0.490835 -0.501128 -0.712707 0.844686 0.073245 0.530226
3.544098 -222.763004 1126.219064 -17140.537971 0.229462 0.853614 -0.467643 0.735458 -0.466771 -0.491148 0.637533 0.231232 0.734904
2.908540 -214.434753 690.312910 -15535.362075 0.224160 0.867625 -0.443822 0.413977 -0.497054 -0.762601 0.882256 0.012787 0.470597
2.580192 -181.949495 468.362331 -8141.918805 0.236580 0.856651 -0.458452 0.707566 -0.475270 -0.522942 0.665868 0.200668 0.718577
-36.118753 -4144.089804 3779.835527 874180.067321 0.300311 0.772709 -0.559226 -0.386156 0.634585 0.669466 -0.872179 -0.014901 -0.488959
619.983293 -1255.832561 48501.157005 2614013.217284 -0.447819 -0.737477 0.505555 0.754305 -0.008011 0.656475 -0.480085 0.675324 0.559871
132.941875 -6575.928725 -51995.545514 -2623812.731949 0.177081 0.730669 -0.659367 0.275196 0.606472 0.745962 -0.944939 0.313550 0.093683
144.612066 -8514.933738 -6153.163153 -3041971.330188 0.163779 0.815691 -0.554820 0.953547 0.013244 0.300953 0.252832 -0.578337 -0.775630
0.597123 -1317.296358 -3315.629079 287568.626100 0.178993 0.906961 -0.381292 -0.908522 0.301095 0.289705 -0.377556 -0.294557 -0.877888
-0.017922 -13.856007 -549.012935 -887.322306 0.586015 0.431548 0.685822 0.274942 0.690271 -0.669278 -0.762229 0.580768 0.285859
-1.019448 -10.840431 -127.662664 -838.402482 0.606727 0.481313 0.632630 0.187277 0.686897 -0.702210 -0.772535 0.544527 0.326620
-1.530845 -12.717954 -402.329826 -924.066807 0.599230 0.456876 0.657410 0.228042 0.689742 -0.687206 -0.767411 0.561712 0.309127
0.006438 -18.185195 -1505.892663 -589.319784 0.714050 -0.032818 0.699325 -0.693427 0.104372 0.712927 0.096387 0.993997 -0.051770
1.734597 -18.842618 -1330.725637 -262.073289 0.688077 -0.029432 0.725041 0.723510 -0.048642 -0.688598 0.055535 0.998383 -0.012175
-1.200379 -19.504488 -1551.446270 497.808017 0.728580 -0.031867 0.684219 -0.683862 0.022692 0.729258 0.038766 0.999234 0.005260
-1.492338 -46.371839 210.104428 3411.641307 -0.876025 0.048481 -0.479823 -0.060876 0.975860 0.209743 0.478409 0.212950 -0.851926
-1.344422 -44.939940 96.079821 1222.419907 -0.868121 0.041879 -0.494583 -0.114953 0.952380 0.282415 0.482858 0.302024 -0.821967
-1.994537 -45.614714 63.159066 3462.438280 -0.865974 0.050772 -0.497505 -0.078776 0.968563 0.235966 0.493845 0.243532 -0.834751
1.325514 -53.232586 2392.907745 3685.566655 0.705051 -0.214022 0.676090 -0.409715 0.655220 0.634681 0.578823 0.724487 -0.374276
0.171717 -46.741368 1723.184185 2726.008623 0.711251 -0.187159 0.677565 -0.488337 0.561769 0.667789 0.505617 0.805846 -0.308162
5.316216 -50.379731 1727.780058 2362.873914 0.728734 -0.217304 0.649404 -0.420408 0.606607 0.674748 0.540559 0.764726 -0.350699
6.004146 -27.301628 -52.393041 305.287383 0.593135 0.088772 0.800194 0.427895 0.807148 -0.406716 -0.681980 0.583636 0.440763
6.469226 -25.865027 61.389647 -607.924128 0.598612 0.131301 0.790205 -0.468919 -0.742349 0.478574 -0.649446 0.657022 0.382809
6.830416 -27.339955 -131.689707 -674.189511 0.623675 0.110214 0.773875 -0.497949 -0.707129 0.502011 -0.602559 0.698442 0.386138
707.434987 -958.835418 1004.377436 -306250.239154 -0.567771 0.736445 0.367811 0.076039 0.491822 -0.867369 0.819667 0.464499 0.335241
9.593776 -1016.478816 -981.080883 214007.169716 0.163671 0.177579 -0.970401 -0.538378 0.840347 0.062975 0.826657 0.512135 0.233145
405.947200 -1551.565689 237515.005228 1199295.799870 -0.450742 -0.044344 0.891552 0.892446 -0.000792 0.451154 -0.019300 0.999016 0.039932
-9.928717 -872.466613 -23046.118723 -241915.379935 0.293637 0.591947 -0.750584 -0.544555 -0.541750 -0.640287 0.785644 -0.596746 -0.163270
-47.322846 -1052.007458 -7567.628441 18413.577089 -0.134269 0.969362 0.205689 -0.932019 -0.053024 -0.358511 0.336620 0.239843 -0.910583
-38.535648 -106.377435 -19290.306126 -24628.121347 0.397921 0.809317 0.432047 0.176693 0.394512 -0.901743 0.900243 -0.435162 -0.013984
-24.150298 -188.457570 13262.813599 -44108.703694 -0.290764 0.928491 0.231001 0.049921 0.255825 -0.965433 0.955491 0.269182 0.120736
5.469282 -456.440582 -265.374651 95374.174591 -0.432184 -0.230109 0.871933 0.890078 0.046448 0.453436 -0.144839 0.972056 0.184740
0.733587 -288.827014 -621.997610 52459.227970 -0.382418 -0.226494 0.895800 0.880209 0.205590 0.427743 -0.281048 0.952068 0.120741
-2.694681 -159.555753 -848.242632 33073.207019 -0.297539 -0.198390 0.933869 0.954709 -0.063197 0.290753 0.001335 0.978084 0.208208
-10.868785 -373.621615 453.597616 102639.553852 -0.357312 -0.182746 0.915932 0.930279 0.017644 0.366429 -0.083124 0.983002 0.163700
-12.521272 -51.169793 -2786.182900 13792.826670 -0.145143 -0.201691 0.968635 0.988822 -0.063339 0.134979 0.034129 0.977399 0.208629
-1.936960 -45.351100 -791.569688 814.139478 0.151577 -0.191293 0.969758 0.984168 -0.061971 -0.166054 0.091862 0.979575 0.178871
19.615783 -59.319214 -589.531904 1672.046826 0.476839 -0.073496 0.875912 0.775264 -0.434446 -0.458501 0.414235 0.897694 -0.150182
22.188400 -52.963709 1894.347826 -596.998838 0.375346 -0.167445 0.911635 0.821958 -0.394424 -0.410870 0.428369 0.903544 -0.010413
14.741505 -48.328172 -145.957809 417.663789 0.473224 -0.109524 0.874108 0.832533 -0.268794 -0.484395 0.288008 0.956951 -0.036017
10.044463 -60.541886 -936.744435 3633.435697 0.598394 -0.047984 0.799764 0.758389 -0.288014 -0.584717 0.258400 0.956423 -0.135955
8.739828 -46.334866 -1026.979223 -1802.954115 0.617257 -0.052573 0.785003 0.783358 -0.051640 -0.619422 0.073103 0.997281 0.009308
1.711572 -27.525136 -602.323379 -1170.017537 -0.163305 -0.464409 -0.870434 -0.098551 0.885545 -0.453981 0.981641 0.011645 -0.190382
-2.768084 -29.527161 -1545.804239 -1191.568850 -0.134938 -0.460880 -0.877144 -0.100077 0.887053 -0.450690 0.985787 0.026966 -0.165821
-0.087025 -33.115798 -1351.198190 -1135.355595 -0.136596 -0.496043 -0.857486 -0.233703 0.857303 -0.458709 0.962665 0.137739 -0.233031
-16.835996 -27.585168 1593.019395 -1565.994011 0.413963 -0.442414 -0.795553 0.881120 -0.024739 0.472245 -0.228609 -0.896470 0.379579
-20.223887 -32.579229 985.752673 -709.659639 0.584000 -0.441264 -0.681344 0.802736 0.189167 0.565537 -0.120664 -0.877212 0.464692
-21.444703 -32.000223 577.007783 -1199.337254 0.676020 -0.482473 -0.556971 0.706775 0.210690 0.675336 -0.208483 -0.850194 0.483430
-19.964598 -26.932938 1053.594714 -2333.882126 0.579193 -0.497648 -0.645664 0.754343 0.026930 0.655928 -0.309034 -0.866961 0.390995
36.952661 -56.763297 -2607.755169 4102.241555 0.707565 -0.050493 0.704842 -0.271531 0.901441 0.337157 -0.652397 -0.429948 0.624118
35.952114 -58.881564 -2278.965192 -454.156822 0.764368 -0.100495 0.636901 0.366584 -0.744869 -0.557482 -0.530432 -0.659599 0.532514
31.958980 -49.492713 -867.500768 -234.956731 0.690387 -0.139083 0.709945 -0.370495 0.774911 0.512099 -0.621369 -0.616578 0.483459
31.847520 -45.589013 -789.447648 2638.150537 0.634719 -0.093764 0.767033 -0.294334 0.888451 0.352167 -0.714492 -0.449291 0.536319
33.302232 -45.238649 -1100.003177 3969.990017 0.608058 -0.009932 0.793830 -0.215927 0.960157 0.177408 -0.763964 -0.279284 0.581687
17.412645 -13.649692 -4404.950718 -665.111914 -0.576804 -0.036419 -0.816071 0.763251 0.331985 -0.554286 0.291110 -0.942581 -0.163693
16.800496 -12.606550 -4274.319845 -220.790056 -0.634729 -0.053721 -0.770865 0.726752 0.297489 -0.619138 0.262584 -0.953213 -0.149783
5.894829 -11.527013 -1517.201867 -317.652368 -0.575151 -0.023951 -0.817697 0.773767 0.308478 -0.553287 0.265494 -0.950930 -0.158889
6.209784 -12.886829 -2013.189622 -906.561661 -0.488476 0.004636 -0.872565 0.822938 0.334917 -0.458915 0.290110 -0.942236 -0.167414
1.262704 -10.204099 52.435506 221.428346 -0.636913 -0.044385 -0.769657 0.726736 0.298613 -0.618615 0.257287 -0.953342 -0.157935
1.545804 -28.811009 -1431.396803 -272.764518 -0.437438 -0.053990 -0.897626 0.711334 -0.631448 -0.308672 -0.550139 -0.773537 0.314624
-0.994649 -27.940875 -205.809038 -246.406279 -0.448675 -0.015683 -0.893557 0.631897 -0.712610 -0.304783 -0.631978 -0.701385 0.329641
-1.324388 -27.101765 -920.191507 -100.399069 -0.423181 -0.053039 -0.904492 0.712623 -0.635989 -0.296118 -0.559541 -0.769873 0.306935
-3.913964 -26.963921 174.263467 -930.629636 -0.387405 0.128841 -0.912862 0.808944 -0.427426 -0.403630 -0.442185 -0.894822 0.061361
-3.892193 -26.697781 -644.662832 -1318.641573 -0.403308 0.089196 -0.910707 0.817855 -0.411257 -0.402468 -0.410434 -0.907145 0.092914
-4.239832 -31.084078 -47.795690 527.241258 -0.401291 0.125495 -0.907313 0.786099 -0.461234 -0.411475 -0.470121 -0.878359 0.086437
-4.719640 -31.961171 937.521641 884.805547 -0.380176 0.164635 -0.910144 0.781708 -0.468772 -0.411322 -0.494368 -0.867841 0.049519
-2.162770 -27.047670 460.746151 -964.440971 -0.369383 0.149836 -0.917118 0.807464 -0.436731 -0.396570 -0.459954 -0.887026 0.040334
-2.154195 -30.383501 321.105389 117.050831 -0.681106 -0.088488 -0.726818 -0.400585 0.875961 0.268745 0.612884 0.474196 -0.632069
-4.178649 -30.839427 450.968757 -200.767020 -0.676922 -0.089022 -0.730652 -0.363602 0.903529 0.226779 0.639977 0.419178 -0.643987
-2.430653 -30.143734 484.630107 -547.371711 -0.684241 -0.096190 -0.722884 -0.293304 0.943853 0.152032 0.667673 0.316052 -0.674036
-4.407163 -31.114714 393.940055 385.690703 -0.681372 -0.070326 -0.728551 -0.432996 0.841249 0.323752 0.590124 0.536055 -0.603654
-0.419350 -30.394081 327.077478 -554.664456 -0.680471 -0.103673 -0.725404 -0.346026 0.918079 0.193383 0.645929 0.382601 -0.660600
-0.110308 -29.955794 362.433923 -72.318499 -0.680591 -0.111219 -0.724173 -0.420912 0.868376 0.262215 0.599691 0.483274 -0.637822
-2.019939 -29.751619 -180.370589 693.745996 0.687023 0.076602 0.722587 -0.471118 0.804054 0.362693 0.553216 0.589602 -0.588492
-3.364007 -29.914241 -418.150582 631.932318 0.693671 0.067207 0.717149 -0.456271 0.811404 0.365294 0.557348 0.580608 -0.593513
9.104704 -45.302052 -400.018792 3083.912637 0.514954 0.040940 0.856240 0.273357 0.938868 -0.209292 -0.812464 0.341834 0.472283
10.136677 -41.499129 -453.618885 4362.238247 0.543699 0.066141 0.836670 0.336296 0.896193 -0.289384 -0.768958 0.438707 0.465016
9.962416 -48.695428 -230.073490 2262.766527 0.533683 0.029319 0.845176 0.214722 0.961951 -0.168954 -0.817971 0.271646 0.507081
8.681089 -48.479605 -542.034150 -280.620291 0.490536 0.012939 0.871325 0.116086 0.990008 -0.080055 -0.863654 0.140418 0.484132
6.157568 -43.690234 -387.582724 1614.225571 0.469091 0.024276 0.882816 0.251391 0.954598 -0.159828 -0.846615 0.296906 0.441691
0.641331 -57.962031 -396.403269 3915.474325 -0.616036 0.052164 -0.785989 0.395941 0.883102 -0.251718 0.680978 -0.466272 -0.564677
-0.124920 -73.768516 -843.963455 5003.483995 0.641457 -0.079265 0.763053 0.538543 0.754895 -0.374306 0.546355 -0.651038 -0.526921
-0.748877 -70.471869 681.964636 3427.394588 0.600506 -0.060498 0.797328 0.574141 0.726652 -0.377278 0.556556 -0.684337 -0.471094
0.081001 -61.116608 -519.978569 3458.986748 -0.596855 0.057564 -0.800282 0.486252 0.819339 -0.303715 0.638219 -0.570412 -0.517017
-2.197079 -70.146165 -1567.827558 3762.517980 -0.578053 0.054090 -0.814204 0.590025 0.716961 -0.371265 0.563671 -0.695012 -0.446356
1.708438 -35.874449 707.519071 -875.159217 -0.674876 0.190842 -0.712827 0.733428 0.066917 -0.676465 -0.081397 -0.979337 -0.185129
0.692160 -31.586960 493.090055 36.460090 -0.691990 0.188999 -0.696727 0.714060 0.037285 -0.699091 -0.106150 -0.981269 -0.160757
1.712988 -33.800153 773.352794 872.451999 -0.697569 0.196760 -0.688972 0.698691 -0.026362 -0.714938 -0.158834 -0.980097 -0.119085
1.507158 -37.473281 512.812377 2046.899616 -0.675497 0.174183 -0.716494 0.699191 -0.157281 -0.697420 -0.234170 -0.972071 -0.015545
2.083749 -38.528730 837.804821 2997.175569 -0.677338 0.185678 -0.711855 0.705738 -0.109214 -0.700005 -0.207720 -0.976522 -0.057066
-7.768281 -20.838043 -916.894502 -1388.130381 0.197107 -0.545113 0.814863 0.635201 0.704122 0.317383 -0.746772 0.455043 0.485043
-5.992464 -16.910937 -397.221021 -877.189782 0.191259 -0.528524 0.827093 0.615815 0.720783 0.318188 -0.764324 0.448480 0.463329
-8.905581 -18.333919 -700.213664 470.372038 0.415261 -0.226808 0.880975 0.460983 0.887339 0.011155 -0.784253 0.401482 0.473032
-6.628560 -18.359017 -407.991032 940.074346 0.485168 -0.041976 0.873413 0.327254 0.934974 -0.136850 -0.810874 0.352223 0.467356
-8.697631 -21.207784 -744.831972 1229.406424 0.516679 0.031612 0.855595 0.271572 0.941664 -0.198790 -0.811967 0.335067 0.477953
-11.051887 -22.210577 -840.163660 910.900055 0.512394 -0.067944 0.856058 0.349032 0.927290 -0.135316 -0.784621 0.368127 0.498852
-10.835742 -22.021834 -914.844092 -430.925723 0.364496 -0.368617 0.855140 0.548944 0.826843 0.122437 -0.752199 0.424796 0.503731
0.226885 -63.328306 -235.493057 898.623607 0.157467 0.985306 0.066158 0.669814 -0.155794 0.726001 -0.725640 0.070008 0.684504
1.971605 -63.228527 -204.779412 -2165.236243 0.182878 0.979941 0.079189 0.790974 -0.194492 0.580114 -0.583879 0.043454 0.810677
0.260674 -60.597115 22.233649 807.771082 0.186085 0.979642 0.075321 0.707881 -0.186836 0.681173 -0.681378 0.073438 0.728238
0.829170 -34.294357 -487.949895 -437.547198 -0.651412 0.157585 -0.742179 0.744557 -0.055381 -0.665258 -0.145937 -0.985951 -0.081256
0.556013 -32.434074 -374.293771 766.029630 -0.670231 0.151818 -0.726459 0.711776 -0.145689 -0.687131 -0.210156 -0.977612 -0.010416
0.217975 -31.022074 -195.669563 799.696774 -0.675047 0.160598 -0.720083 0.728706 -0.007421 -0.684786 -0.115319 -0.986992 -0.112020
-5.549296 -82.258338 -391.560784 3306.739790 0.456446 0.885675 -0.085064 -0.185046 0.000981 -0.982729 0.870296 -0.464304 -0.164339
-4.177422 -78.740916 -266.788783 1952.159255 0.464708 0.878003 -0.114706 -0.255552 0.008957 -0.966754 0.847785 -0.478572 -0.228537
-4.365475 -71.841284 110.815659 -149.330088 0.412193 0.890704 -0.191683 -0.455760 0.019406 -0.889891 0.788910 -0.454168 -0.413947
-4.306808 -90.809729 -575.208415 5561.082199 0.476080 0.878166 -0.046611 -0.032408 -0.035447 -0.998846 0.878804 -0.477042 -0.011584
-6.337917 -66.030925 -336.861349 -505.893271 0.428210 0.891472 -0.148037 -0.313088 -0.007317 -0.949696 0.847710 -0.453018 -0.275976
-6.575238 -75.369337 -662.708361 4117.499803 0.449891 0.890902 -0.062392 -0.122907 -0.007434 -0.992390 0.884586 -0.454136 -0.106154
-5.694425 -93.948841 -772.014044 5505.016736 0.469160 0.882863 -0.020989 0.083067 -0.067779 -0.994236 0.879198 -0.464713 0.105136
12.019161 -101.035195 -1130.616477 -7854.307710 0.229900 0.973199 0.005505 0.926089 -0.220503 0.306165 -0.299173 0.065289 0.951963
10.506105 -81.591356 -1179.872419 -7876.733547 0.159901 0.987061 -0.011942 0.818982 -0.125899 0.559837 -0.551090 0.099299 0.828516
15.502156 -118.656469 -432.462493 -15808.706348 0.238549 0.969070 -0.063230 0.857752 -0.179721 0.481624 -0.455364 0.169127 0.874094
13.878561 -127.863918 390.262895 -5476.224851 -0.287310 -0.954131 0.084188 0.957613 -0.284227 0.046821 -0.020745 0.094072 0.995349
2.260584 -6.569992 -566.675364 -747.897574 0.959550 0.052852 0.276534 0.179945 0.640282 -0.746765 0.216528 -0.766319 -0.604872
0.545349 -7.285032 -1512.542536 -107.825405 0.961136 0.017355 0.275529 0.201339 0.638783 -0.742576 0.188891 -0.769191 -0.610463
6.206459 -5.350257 -1194.891888 -104.153834 0.975094 0.165891 0.147217 0.015758 0.610259 -0.792045 0.221233 -0.774638 -0.592446
-1.187081 -104.540978 13.570552 9585.090345 0.448963 0.863626 -0.229309 -0.326132 0.397300 0.857783 -0.831908 0.310328 -0.460028
-1.357606 -85.575859 532.909658 5609.890421 0.451066 0.868735 -0.204548 -0.098424 0.276209 0.956045 -0.887047 0.411107 -0.210093
-0.462804 -88.159470 231.626928 5734.307845 0.448996 0.867844 -0.212719 -0.203185 0.330992 0.921499 -0.870126 0.370528 -0.324947
-38.418658 -67.068240 -2584.091904 -3547.565002 -0.442052 -0.855389 -0.270000 0.889465 -0.379106 -0.255207 0.115942 -0.352971 0.928423
61.445184 -427.057048 -24671.897211 -104596.207663 0.990510 0.121700 -0.063861 0.085146 -0.908120 -0.409961 0.107886 -0.400633 0.909865
-123.439770 -225.305237 6945.021581 -36664.725708 0.944644 0.308011 -0.113036 0.215826 -0.842841 -0.492989 0.247118 -0.441302 0.862662
4.099163 -17.215504 -571.874885 847.308883 0.490134 0.082210 0.867761 0.237481 0.945286 -0.223690 -0.838672 0.315715 0.443793
6.158497 -20.089826 75.862873 437.623498 0.549860 0.138388 0.823713 0.184306 0.941768 -0.281253 -0.814669 0.306465 0.492335
6.280462 -20.305356 -693.731704 578.113606 0.492775 0.081448 0.866336 0.172366 0.966745 -0.188930 -0.852914 0.242427 0.462349
-9.262012 -22.547609 -240.097812 -97.668096 0.791426 0.074182 0.606747 0.378050 -0.839401 -0.390492 -0.480337 -0.538426 0.692368
-8.848081 -23.222135 -424.439044 -394.148522 0.767599 0.103466 0.632524 0.447891 -0.792515 -0.413900 -0.458460 -0.601011 0.654675
-9.532744 -23.711074 -318.223484 -453.717924 0.788372 0.097450 0.607431 0.417367 -0.810116 -0.411724 -0.451967 -0.578113 0.679346
-9.725280 -21.147341 -189.018311 318.328988 0.819169 0.016271 0.573322 -0.270164 0.892705 0.360678 -0.505939 -0.450347 0.735672
-8.253014 -20.442350 -656.099963 373.822561 0.781307 0.048227 0.622281 -0.333522 0.874988 0.350942 -0.527564 -0.481737 0.699718
-3.246522 -30.248596 -654.192480 1143.810987 0.555007 0.183900 0.811263 0.818934 -0.291957 -0.494073 0.145994 0.938585 -0.312640
-2.053820 -29.544077 -616.560907 792.303008 0.589507 0.185069 0.786277 0.784295 -0.364069 -0.502329 0.193293 0.912800 -0.359769
-1.195017 -32.679097 -325.309835 1023.755710 0.571784 0.178407 0.800771 0.816355 -0.220582 -0.533768 0.081408 0.958913 -0.271769
-5.854329 -58.226125 -148.621304 1107.479809 0.687158 -0.103669 0.719074 0.131078 0.991215 0.017643 -0.714586 0.082131 0.694710
-8.897107 -59.391341 1335.741471 747.470206 0.699272 -0.109253 0.706458 0.044869 0.993011 0.109156 -0.713446 -0.044631 0.699287
-5.968723 -60.003715 117.637826 253.645689 0.693763 -0.096570 0.713700 -0.059753 0.979835 0.190664 -0.717720 -0.174921 0.674003
-129.419443 -206.758393 -17818.940764 -25765.082165 0.198915 0.798337 0.568411 -0.356570 -0.481293 0.800759 -0.912848 0.361961 -0.188927
-77.591846 -163.476385 -10430.784829 14930.864642 0.087280 0.805759 0.585777 0.128847 -0.592213 0.795413 -0.987816 -0.006052 0.155508
-112.170695 -163.846597 -8628.093800 -4365.123364 0.414019 0.627844 0.659090 0.054268 0.705749 -0.706380 -0.908649 0.328222 0.258121
-137.924080 -199.244464 -823.526176 -884.748796 0.302818 0.219898 0.927333 0.539079 0.762882 -0.356937 -0.785936 0.607993 0.112472
8.501072 -66.290051 -3347.914145 830.042473 0.855651 -0.152026 0.494721 0.414087 0.774513 -0.478185 0.310472 -0.614017 -0.725665
-0.364879 -71.010999 -1590.431820 314.254730 0.850892 -0.123059 0.510724 0.408059 0.767105 -0.495013 0.330864 -0.629608 -0.702939
2.755489 -67.174433 -3146.521950 -58.603451 0.867152 -0.137532 0.478677 0.445424 0.644135 -0.621841 0.222810 -0.752446 -0.619824
2.104726 -11.674200 49.234683 260.029288 -0.429354 -0.842165 0.326210 0.789142 -0.174175 0.588997 -0.439215 0.510314 0.739371
2.889483 -13.447630 -403.537987 267.958279 -0.426587 -0.839080 0.337590 0.766727 -0.137510 0.627073 -0.479742 0.526341 0.702006
1.081703 -12.509982 -527.959050 317.861221 -0.518108 -0.809609 0.275858 0.735921 -0.257605 0.626147 -0.435872 0.527422 0.729275
0.218731 -10.756314 -23.296902 279.117137 -0.528697 -0.808336 0.258981 0.747080 -0.298310 0.594039 -0.402927 0.507547 0.761608
-28.053713 -51.247017 1368.084575 2850.137765 -0.508962 0.252272 -0.822992 0.165014 0.966953 0.194352 0.844824 -0.036887 -0.533771
-33.592754 -49.321526 -82.756871 1280.734834 -0.442877 0.035016 -0.895898 0.088433 0.996071 -0.004785 0.892210 -0.081347 -0.444233
-28.488951 -44.986273 -289.299792 1843.470784 -0.340175 -0.312886 -0.886783 -0.114211 0.949788 -0.291304 0.933401 0.002186 -0.358829
-2.103007 -16.915626 -6619.024491 -1903.562721 -0.638263 0.457882 0.618842 0.769723 0.366910 0.522402 0.012139 0.809766 -0.586627
6.726493 -23.675463 -6273.923677 -1830.753839 -0.607671 0.519985 0.600293 0.788353 0.303476 0.535166 0.096104 0.798447 -0.594345
3.833545 -23.176951 3041.473047 130.451104 0.419718 0.333453 0.844183 0.900492 -0.269588 -0.341227 0.113798 0.903400 -0.413423
-0.330926 -21.809982 2998.090554 266.617465 0.387785 0.343183 0.855481 0.905572 -0.314969 -0.284138 0.171939 0.884884 -0.432917
14.064321 -51.563095 -2555.734349 3847.944885 0.343171 0.803081 -0.487129 0.926542 -0.374535 0.035268 -0.154124 -0.463449 -0.872618
7.091688 -80.220965 -1455.862689 8056.260707 0.365906 0.786952 -0.496810 0.864096 -0.485528 -0.132666 -0.345617 -0.380748 -0.857659
1.091259 -90.879006 -1288.775312 -9958.574127 0.358668 0.775720 -0.519245 -0.836366 0.514083 0.190290 -0.414547 -0.366028 -0.833171
98.973665 -10.965102 -21982.388584 -972.504985 -0.128886 0.671977 -0.729270 -0.323544 0.666666 0.671472 -0.937394 -0.322494 -0.131490
62.570661 -13.907559 -14300.871907 -246.996544 -0.072385 0.727915 -0.681836 -0.250018 0.648558 0.718932 -0.965532 -0.222511 -0.135046
40.124387 -25.531954 -3349.910813 515.030854 0.010542 -0.214926 0.976573 -0.172645 0.961570 0.213488 -0.984928 -0.170851 -0.026969
134.879613 -18.273501 -26876.157981 -1841.788025 -0.023582 0.859261 -0.510993 -0.311304 0.479411 0.820521 -0.950018 -0.178424 -0.256186
62.810427 -25.019001 -658.430095 -3826.308495 0.126455 -0.205560 0.970440 -0.380770 0.893293 0.238835 -0.915982 -0.399717 0.034690
163.483136 -5.078223 -34220.841670 -3118.409502 -0.188461 0.652405 -0.734064 -0.425076 0.619626 0.659829 -0.885321 -0.436385 -0.160546
194.431278 -11.075661 -37387.995483 -3199.659104 -0.031577 0.858003 -0.512674 -0.398147 0.459680 0.793835 -0.916778 -0.229186 -0.327096
-1.614546 -35.873508 1147.502443 2040.954627 0.660339 -0.035363 0.750135 0.511781 -0.709820 -0.483980 -0.549575 -0.703495 0.450624
-5.240363 -37.855195 -157.623597 1720.677427 0.653512 -0.072931 0.753394 0.464071 -0.747718 -0.474927 -0.597963 -0.659999 0.454798
1.161327 -29.094758 1742.577983 1372.409993 0.695963 -0.029472 0.717472 0.542461 -0.633093 -0.552205 -0.470501 -0.773514 0.424622
-0.559360 -42.526908 -377.332976 253.006956 0.683133 0.063433 0.727534 -0.516046 -0.662982 0.542357 -0.516745 0.745943 0.420171
-1.894087 -41.524188 -338.387841 516.627352 0.672649 0.046332 0.738510 -0.476153 -0.736856 0.479918 -0.566411 0.674460 0.473584
-2.403145 -41.428754 -230.875286 -90.550321 0.694893 0.061601 0.716469 -0.554144 -0.589114 0.588107 -0.458310 0.805699 0.375235
-0.633241 -41.846937 -352.280764 -421.288828 0.696888 0.074929 0.713256 -0.578367 -0.529357 0.620704 -0.424075 0.845084 0.325566
13.388294 -71.396572 -512.263421 -2450.417909 0.750135 -0.303623 0.587461 0.285646 -0.652436 -0.701950 -0.596409 -0.694363 0.402686
11.399233 -75.333554 -8.388877 -483.807171 0.741023 -0.267446 0.615920 0.453044 -0.477892 -0.752576 -0.495617 -0.836715 0.232964
14.587355 -70.620680 413.031706 3116.035615 0.751539 -0.297469 0.588814 -0.193773 0.753648 0.628066 -0.630589 -0.586112 0.508754
5.128863 -106.974071 1162.318383 -8430.609108 -0.722012 0.011292 -0.691788 0.376685 0.845106 -0.379348 0.580351 -0.534480 -0.614430
5.702101 -140.464059 1456.560548 -8692.795189 -0.710271 -0.028873 -0.703336 0.209089 0.945411 -0.249960 0.672158 -0.324599 -0.665461
5.197143 -89.906078 65.233340 -4245.646613 0.691867 -0.051070 0.720217 0.492361 0.762969 -0.418878 0.528111 -0.644414 -0.553018
6.179585 -126.645446 -437.465867 -12035.393146 0.690092 0.012496 0.723614 0.478989 0.741647 -0.469606 0.542534 -0.670674 -0.505819
6.066912 -88.674063 -277.515483 -4482.581633 0.682238 -0.063634 0.728355 0.575518 0.661146 -0.481316 0.450921 -0.747554 -0.487682
5.516754 -47.761330 571.960917 720.456677 0.749034 -0.149153 0.645524 0.543301 0.695899 -0.469627 0.379173 -0.702480 -0.602287
2.512183 -45.283927 456.425752 1018.454884 0.750054 -0.128652 0.648743 0.529166 0.705145 -0.471967 0.396739 -0.697294 -0.596976
3.423894 -44.927454 883.419209 -201.946025 0.732542 -0.156240 0.662549 0.502851 0.780238 -0.371980 0.458828 -0.605654 -0.650123
4.504601 -49.831317 639.704762 1411.836139 0.767424 -0.107528 0.632058 0.571930 0.560347 -0.599089 0.289753 -0.821249 -0.491522
7.900579 -50.734745 1922.509330 -965.004997 0.723266 -0.169467 0.669453 0.487196 0.812259 -0.320741 0.489415 -0.558136 -0.670043
8.984854 -48.986336 610.538039 458.769517 0.779750 -0.150715 0.607680 0.551656 0.624390 -0.553003 0.296084 -0.766435 -0.570011
6.445693 -52.433444 150.537649 1104.599325 0.773258 -0.145234 0.617235 0.590942 0.518002 -0.618434 0.229912 -0.842959 -0.486374
9.616933 -50.481292 1420.711465 -567.531623 0.753810 -0.158639 0.637656 0.502433 0.764559 -0.403745 0.423476 -0.624726 -0.656038
3.382356 -22.869323 -1479.636300 -843.588591 0.319130 0.715801 -0.621116 -0.472200 -0.448143 -0.759075 0.821695 -0.535535 -0.194985
9.162200 -24.268116 -1328.795650 -1025.570236 0.345048 0.766472 -0.541721 -0.489891 -0.345240 -0.800510 0.800593 -0.541599 -0.256363
10.438917 -28.342132 -1573.618401 -1444.576540 0.371301 0.764767 -0.526561 -0.553517 -0.273007 -0.786820 0.745489 -0.583608 -0.321944
7.589435 -63.047880 -1304.355156 -481.799563 0.193520 0.835557 -0.514193 -0.346670 -0.432055 -0.832555 0.917807 -0.339371 -0.206051
7.225934 -59.068816 166.248969 -210.127776 0.135891 0.873616 -0.467257 -0.352874 -0.398021 -0.846794 0.925750 -0.279954 -0.254189
11.170643 -67.963471 -1882.627913 -2716.607733 0.208766 0.866430 -0.453559 -0.524662 -0.292161 -0.799607 0.825316 -0.404896 -0.393590
11.691073 -62.195113 202.003702 -2539.555642 0.147976 0.912778 -0.380709 -0.495440 -0.264745 -0.827314 0.855945 -0.311042 -0.413051
7.323346 -54.412773 969.144938 -310.542701 0.118153 0.910433 -0.396424 -0.343817 -0.337018 -0.876475 0.931574 -0.239856 -0.273202
-0.206855 -45.208941 18.977596 -1057.142250 0.257932 0.829436 -0.495486 0.961085 -0.167754 0.219487 0.098930 -0.532817 -0.840428
0.452644 -45.504236 -92.137827 -1492.159880 0.275232 0.818947 -0.503561 0.946679 -0.139626 0.290352 0.167473 -0.556624 -0.813709
1.649770 -50.618367 -33.665461 -2673.026644 0.258010 0.825346 -0.502230 0.921497 -0.054029 0.384610 0.290301 -0.562036 -0.774493
-10.271351 -49.454400 -50.701295 -525.018260 0.698520 -0.020149 0.715306 0.152960 0.980704 -0.121745 -0.699051 0.194455 0.688124
-10.246585 -50.948940 -550.627288 -762.052999 0.675301 0.006786 0.737511 0.272746 0.926773 -0.258267 -0.685258 0.375561 0.624000
-9.332785 -50.533231 -676.049496 -956.787670 0.648737 -0.005130 0.760995 0.194503 0.967883 -0.159286 -0.735737 0.251350 0.628899
-10.749009 -48.841905 -856.682864 49.127050 0.661676 -0.009799 0.749726 0.091684 0.993468 -0.067931 -0.744163 0.113686 0.658253
-6.401900 -99.789084 315.870770 9312.308811 0.312897 0.896150 -0.314660 0.247151 0.243059 0.937997 -0.917067 0.371265 0.145431
-5.670349 -78.344711 15.542835 3097.400072 0.288507 0.887601 -0.359066 0.450075 0.205279 0.869076 -0.845101 0.412341 0.340263
-6.860673 -115.508780 -375.942028 11614.048104 0.315820 0.887385 -0.335866 0.402098 0.195450 0.894493 -0.859404 0.417549 0.295088
-3.651289 -79.585804 -428.942358 2538.970117 0.253783 0.904888 -0.341719 0.392904 0.226386 0.891277 -0.883867 0.360454 0.298081
-3.806071 -98.855428 -368.417531 9129.237781 0.263599 0.915582 -0.303687 0.194954 0.257760 0.946336 -0.944727 0.308659 0.110551
3.205785 -56.164577 -592.983673 -2827.134556 -0.007337 -0.841256 0.540587 0.909751 -0.230020 -0.345608 0.415090 0.489263 0.767021
-1.607506 -47.875506 -101.098118 -2923.890030 0.042581 -0.856455 0.514463 0.969098 -0.089821 -0.229740 0.242971 0.508348 0.826164
1.306892 -53.615553 341.393868 -3849.127898 0.113652 -0.868635 0.482242 0.937015 -0.067645 -0.342676 0.330281 0.490814 0.806236
-2.609973 -42.767336 430.829318 -2971.555695 0.117308 -0.872011 0.475222 0.978434 0.019562 -0.205631 0.170016 0.489095 0.855500
7.446827 -60.469599 96.783976 -2294.046933 -0.092424 0.859005 -0.503555 0.843552 -0.201145 -0.497957 0.529035 0.470798 0.706025
1.799097 -48.868402 807.876594 -3972.409989 0.196224 -0.870892 0.450604 0.950571 0.056168 -0.305386 0.240648 0.488255 0.838866
1.939896 -253.150808 -1066.916716 -3593.286594 0.289909 0.853822 -0.432367 -0.043175 -0.439640 -0.897136 0.956080 -0.278755 0.090592
0.285389 -189.445476 -1412.026189 -15374.331664 0.267087 0.855525 -0.443556 0.280383 -0.509353 -0.813600 0.921982 -0.092936 0.375916
-1.796468 -189.382713 208.840023 -15612.073734 0.214103 0.868059 -0.447922 0.558370 -0.485012 -0.673043 0.801488 0.106006 0.588540
-0.534508 -229.055915 180.429402 -19450.688691 0.260769 0.853233 -0.451656 0.751755 -0.472992 -0.459503 0.605693 0.219711 0.764764
51.328086 -5887.144764 18363.384971 1640225.722524 -0.126057 -0.704895 0.698021 0.955960 -0.274310 -0.104372 0.265046 0.654123 0.708430
-1.045466 -46.394951 97.833581 554.104693 -0.869829 0.036405 -0.492008 -0.099286 0.963953 0.246855 0.483259 0.263571 -0.834860
-1.183643 -42.829915 -18.017646 -2134.119206 -0.858705 0.021705 -0.512010 -0.158565 0.938821 0.305732 0.487322 0.343721 -0.802729
1.321747 -44.854908 1221.077821 1151.117681 0.704731 -0.190425 0.683442 -0.530282 0.498587 0.685720 0.471333 0.845665 -0.250390
-165.815624 -554.740628 139053.658963 451387.502276 -0.463267 0.296831 0.835030 0.866355 -0.046686 0.497241 0.186581 0.953788 -0.235532
-1551.887617 -18884.753622 -292442.759757 -10464588.994577 -0.556156 0.797084 -0.235260 -0.400880 -0.505264 -0.764201 0.728001 0.330704 -0.600541
3.612282 -214.420060 -1025.421349 16451.009172 -0.344060 -0.232563 0.909691 0.730701 0.542114 0.414955 -0.589659 0.807482 -0.016586
-3.191247 -192.001803 -2332.110604 28840.161225 -0.422017 -0.223812 0.878527 0.772213 0.418942 0.477677 -0.474962 0.879998 -0.003970
1.767929 -180.524512 -509.277115 -3414.850345 -0.344359 -0.248803 0.905270 0.584512 0.697750 0.414114 -0.734685 0.671745 -0.094848
23.553621 -53.931081 1721.975503 -2336.283381 0.387289 -0.130231 0.912714 0.794992 -0.454171 -0.402139 0.466899 0.881345 -0.072363
21.624982 -68.174679 2363.179179 -6933.690726 0.308705 -0.195633 0.930822 0.769656 -0.523624 -0.365305 0.558867 0.829184 -0.011076
-22.902424 -35.372220 596.901138 -26.380392 0.661796 -0.427520 -0.615835 0.749218 0.348220 0.563396 -0.026417 -0.834248 0.550757
-20.561013 -33.714858 1291.043888 -192.237739 0.509885 -0.403282 -0.759856 0.860023 0.219002 0.460867 -0.019449 -0.888483 0.458498
-24.132455 -35.492266 307.956106 -329.046682 0.664844 -0.393718 -0.634799 0.743114 0.434984 0.508498 0.075923 -0.809799 0.581774
-24.072714 -36.614623 -172.834750 -44.547414 0.756713 -0.428673 -0.493584 -0.653726 -0.490013 -0.576654 -0.005334 -0.759030 0.651033
42.127671 -63.047412 -2826.176667 -445.922577 0.831194 -0.058634 0.552881 0.361486 -0.698554 -0.617535 -0.422426 -0.713151 0.559439
39.917172 -56.955872 -28.759060 2612.129084 0.844882 -0.100557 0.525416 0.409350 -0.510779 -0.756001 -0.344392 -0.853811 0.390385
38.183797 -15.823768 -7392.291121 -268.808406 -0.647129 -0.025338 -0.761960 0.710241 0.343223 -0.614618 0.277096 -0.938912 -0.204113
