10183
20347
-33.355777 -44.776982 -384.019890 -4027.633400 -0.162524 -0.227687 0.960075 -0.105487 0.971445 0.212527 -0.981050 -0.066734 -0.181901
-35.878285 -61.918176 -2355.189068 -7171.864808 -0.198345 0.311197 0.929417 0.109349 0.949363 -0.294539 -0.974013 0.043210 -0.222330
-26.007325 -45.418578 -2876.081831 -6102.477326 -0.291061 0.105153 0.950908 -0.096800 0.985604 -0.138619 -0.951795 -0.132394 -0.276692
-40.475312 -56.349773 246.845871 -4047.213446 -0.085053 -0.238434 0.967427 0.053383 0.968461 0.243381 -0.994945 0.072344 -0.069642
-25.558389 -35.093888 57.938135 -2876.975172 -0.132860 -0.501806 0.854716 -0.274410 0.847274 0.454781 -0.952390 -0.174120 -0.250270
-33.408945 -47.211982 348.518883 -2582.690424 -0.006980 -0.636342 0.771375 -0.080685 0.769237 0.633848 -0.996715 -0.057814 -0.056712
-27.913010 -38.278466 73.362601 -2319.038007 -0.019411 -0.667023 0.744785 -0.222517 0.729124 0.647198 -0.974736 -0.153165 -0.162576
-6.874666 -31.806977 1851.001906 788.856605 -0.384554 -0.181678 0.905048 -0.596205 0.797397 -0.093259 -0.704740 -0.575457 -0.414959
-9.579063 -27.697383 1805.059574 1331.904620 -0.409379 -0.164835 0.897351 -0.500826 0.862712 -0.070008 -0.762616 -0.478076 -0.435730
-9.570742 -31.234229 -1421.342033 715.899073 -0.502837 -0.124979 0.855298 -0.528876 0.827143 -0.190065 -0.683700 -0.547919 -0.482016
-8.557041 -34.059813 207.017604 -559.357720 0.460001 0.167094 -0.872054 0.633099 -0.750344 0.190181 -0.622563 -0.639580 -0.450946
-4.074470 -34.260745 3775.588403 -261.857892 0.567481 0.132621 -0.812636 0.570271 -0.775216 0.271719 -0.593932 -0.617618 -0.515550
-1.832700 -32.053675 -3864.718523 422.538104 -0.627642 -0.036966 0.777624 -0.421939 0.855590 -0.299887 -0.654242 -0.516332 -0.552602
-15.129798 -37.332339 -1697.140891 -691.353817 -0.376109 0.146141 0.914978 -0.415713 0.855904 -0.307588 -0.828085 -0.496055 -0.261161
-9.479141 -35.845556 -1802.840207 -1024.777816 -0.419776 0.108929 0.901068 -0.447942 0.838578 -0.310055 -0.789390 -0.533780 -0.303221
-15.426804 -35.367737 -1656.922482 -1000.660134 -0.392672 0.173723 0.903122 -0.504270 0.780549 -0.369398 -0.769104 -0.600469 -0.218896
-20.601346 -37.187112 -1124.786494 -558.824072 -0.357844 0.259616 0.896966 -0.429865 0.806938 -0.405053 -0.828953 -0.530520 -0.177158
-20.530960 -34.042692 -1753.075140 -627.117542 -0.418531 0.277365 0.864812 -0.540540 0.689128 -0.482616 -0.729828 -0.669455 -0.138494
-13.741189 -31.535893 -1872.779042 -737.543043 -0.452642 0.219167 0.864339 -0.557998 0.686457 -0.466278 -0.695525 -0.693356 -0.188424
3.826820 -29.508467 1340.633739 -754.668705 -0.391333 0.164373 0.905450 0.666560 0.729001 0.155744 -0.634473 0.664484 -0.394847
2.343461 -28.103671 1365.922594 -1594.248038 -0.358919 0.198204 0.912081 0.627512 0.774629 0.078603 -0.690945 0.600554 -0.402404
6.627167 -28.476627 543.550238 -1764.286622 -0.380997 0.215600 0.899087 0.606643 0.792136 0.067118 -0.697729 0.570997 -0.432594
4.736108 -30.189766 1196.171425 962.380501 -0.420305 0.141386 0.896300 0.726302 0.644518 0.238919 -0.543902 0.751403 -0.373583
-0.491087 -28.918068 1255.234143 0.456142 -0.422847 0.148491 0.893952 0.699330 0.680842 0.217697 -0.576314 0.717220 -0.391736
7.408512 -31.333186 170.608086 -374.627103 -0.424311 0.194825 0.884310 0.684019 0.708889 0.172030 -0.593362 0.677879 -0.434053
2.494654 -65.391320 -486.061644 5427.518382 -0.703234 0.207879 0.679889 -0.097732 0.918954 -0.382062 -0.704209 -0.335126 -0.625923
4.787556 -77.169441 228.690943 5293.479408 -0.692339 0.229496 0.684103 -0.230437 0.828107 -0.511016 -0.683787 -0.511439 -0.520447
4.234798 -75.126328 387.117527 4036.180854 -0.672679 0.206515 0.710531 -0.287500 0.811865 -0.508152 -0.681796 -0.546101 -0.486752
2.521013 -67.734253 -349.692082 4793.996474 -0.684623 0.175111 0.707550 -0.233779 0.866679 -0.440698 -0.690390 -0.467122 -0.552411
6.029139 -74.578387 -39.018593 1035.741973 0.664977 -0.155815 -0.730430 -0.461521 0.683192 -0.565903 -0.587200 -0.713421 -0.382395
-0.250311 -83.079432 -214.217209 6858.838966 0.697095 -0.190222 -0.691285 0.621424 0.641208 0.450204 -0.357619 0.743416 -0.565192
-1.142077 -95.855292 231.192745 7625.902914 0.707535 -0.197619 -0.678484 0.540817 0.769421 0.339867 -0.454876 0.607403 -0.651268
-0.509050 -80.958535 235.603348 7004.327073 0.690814 -0.214267 -0.690555 0.636378 0.633554 0.440036 -0.343219 0.743437 -0.574022
-0.643124 -70.863208 -321.381453 6092.263705 -0.682073 0.227156 0.695109 0.685320 0.530230 0.499192 -0.255173 0.816858 -0.517330
0.254446 -65.866300 -32.111512 3224.953281 -0.680146 0.216353 0.700423 0.704510 0.457035 0.542941 -0.202651 0.862734 -0.463273
0.505657 -66.244865 -97.556798 1315.687396 -0.621023 0.248740 0.743276 0.781489 0.269160 0.562875 -0.060051 0.930420 -0.361542
1.257418 -69.630992 -616.473566 -87.313718 -0.649700 0.259602 0.714490 0.723798 0.498572 0.477013 -0.232391 0.827062 -0.511822
-0.569847 -64.271960 -352.171795 1612.709253 -0.632113 0.263204 0.728805 0.772831 0.282446 0.568293 -0.056271 0.922468 -0.381950
-0.880593 -59.820098 61.213608 2001.388476 -0.611972 0.251505 0.749824 0.783863 0.066878 0.617321 0.105112 0.965543 -0.238073
-9.374532 -35.254586 161.915424 345.186486 -0.505309 0.092008 0.858019 -0.186689 0.959097 -0.212793 -0.842502 -0.267709 -0.467463
-9.539371 -36.760109 20.681112 -256.721475 -0.539563 0.034989 0.841218 -0.224049 0.957143 -0.183517 -0.811587 -0.287493 -0.508600
-10.590789 -37.665856 -1.334535 674.323203 -0.528325 0.026262 0.848636 -0.293148 0.932412 -0.211357 -0.796830 -0.360441 -0.484918
-7.182967 -35.295372 -141.544223 -349.211594 0.570211 0.005656 -0.821479 0.777978 -0.324877 0.537779 -0.263838 -0.945739 -0.189649
-9.940254 -39.563753 441.786877 -687.601766 0.451232 0.068921 -0.889741 0.875697 -0.226226 0.426586 -0.171882 -0.971633 -0.162434
-9.914658 -35.602087 -128.987709 -1173.337235 0.532183 -0.000170 -0.846629 0.826437 -0.216992 0.519534 -0.183800 -0.976173 -0.115339
-4.564722 -32.332931 -1676.874619 -251.314389 0.667656 -0.097714 -0.738029 0.686107 -0.304008 0.660936 -0.288950 -0.947645 -0.135930
-11.986224 -36.825148 -418.658966 -706.468163 0.486768 -0.022524 -0.873241 0.869349 -0.085214 0.486796 -0.085377 -0.996108 -0.021899
-8.513108 -34.174329 -1253.664770 -1421.001557 0.583453 -0.068189 -0.809279 0.787606 -0.195602 0.584309 -0.198140 -0.978310 -0.060418
5.460108 -118.643873 -2311.446830 4639.158257 0.744278 -0.142982 0.652386 -0.587809 -0.603976 0.538232 -0.317068 0.784072 0.533572
8.874681 -110.583243 -1012.432298 3332.831896 0.778518 -0.166145 0.605232 -0.554039 -0.634993 0.538353 -0.294873 0.754440 0.586405
10.825725 -132.212676 -3339.536091 -9590.244825 0.768817 -0.125137 0.627106 -0.461017 -0.788066 0.407940 -0.443152 0.602737 0.663569
2.580932 -145.958346 -843.959930 14900.676683 0.763680 -0.190663 0.616799 -0.636201 -0.384645 0.668802 -0.109733 0.903159 0.415046
5.852225 -130.020838 -4483.704954 -7067.119775 0.732245 -0.097505 0.674025 -0.490135 -0.762598 0.422152 -0.472848 0.639482 0.606199
1.132299 -120.312877 -2365.202593 1847.924436 0.727611 -0.160610 0.666923 -0.628161 -0.546687 0.553667 -0.275673 0.821790 0.498664
-0.211557 -134.477507 -1292.061120 10576.102424 0.746075 -0.208304 0.632440 -0.663039 -0.319774 0.676849 -0.061248 0.924313 0.376689
-5.339430 -23.802618 -546.536727 -393.755513 -0.157592 0.656574 0.737615 -0.644316 -0.634415 0.427053 -0.748346 0.407957 -0.523020
-5.421932 -22.550836 -372.147207 124.333979 -0.045154 0.738851 0.672354 -0.687552 -0.511256 0.515646 -0.724730 0.438995 -0.531084
-2.492837 -23.152390 -1002.882416 -317.775026 -0.113239 0.705990 0.699110 -0.714701 -0.546675 0.436290 -0.690202 0.450250 -0.566477
-77.679867 -1228.530581 -77337.289480 -1198841.510096 -0.580910 0.669517 -0.462915 0.750687 0.220818 -0.622663 -0.314663 -0.709215 -0.630873
1664.895811 -11299.548051 673034.948723 -221989.320721 -0.098306 0.979620 0.175160 -0.904803 -0.161267 0.394112 -0.414328 0.119742 -0.902216
-56.498790 -1653.980465 -2914.995736 -361068.904818 -0.294925 0.727769 -0.619170 0.605910 0.643493 0.467749 -0.738845 0.237210 0.630745
-7.818679 -2032.097948 448.806290 -507902.192560 0.482577 -0.586852 0.650173 0.827179 0.549396 -0.118066 -0.287915 0.594785 0.750557
-97.228789 -1662.650965 1062.423831 272822.144853 0.726371 -0.598722 0.337516 -0.474808 -0.082070 0.876254 0.496932 0.796741 0.343891
-192.033010 -1025.190274 48277.894858 -178440.352575 0.561720 -0.718545 0.410078 0.665307 0.097693 -0.740150 0.491769 0.688585 0.532929
-1210.457635 -1686.751803 -247194.565948 -306282.917608 -0.621243 0.729738 -0.285551 0.718366 0.675934 0.164510 -0.313063 0.102929 0.944138
17.288549 -37.303007 885.975384 1060.635208 0.440743 -0.306364 -0.843734 0.897624 0.154707 0.412719 0.004089 -0.939259 0.343186
16.030567 -39.626170 389.209126 781.667672 0.433039 -0.256405 -0.864138 0.900314 0.169535 0.400864 0.043718 -0.951585 0.304260
16.995021 -40.218687 97.530185 796.093693 0.429326 -0.290282 -0.855228 0.898640 0.042788 0.436595 -0.090143 -0.955984 0.279229
-453.636988 -3297.813613 -142941.064997 692140.305507 0.010128 0.994297 0.106167 0.312392 -0.104005 0.944243 -0.949899 -0.023602 0.311664
-9.375379 -788.274579 -5473.090319 -211950.510632 0.150764 -0.188782 0.970377 0.861514 0.506504 -0.035312 -0.484834 0.841317 0.239000
3998.100699 -18034.978663 970167.724853 7858182.708488 0.412193 0.785242 -0.462052 -0.248690 0.584849 0.772078 -0.876499 0.203338 -0.436352
-843.446554 -1933.449808 -29840.029819 763757.367615 -0.575302 0.800705 -0.167031 -0.441445 -0.132034 0.887521 -0.688589 -0.584327 -0.429426
18.625327 -41.570634 -2297.798304 159.850765 0.527846 0.141024 -0.837551 0.681672 0.517908 0.516811 0.506657 -0.843732 0.177244
25.471826 -37.687199 -3310.711515 -598.986558 0.501794 0.133062 -0.854691 0.663684 0.574456 0.479086 0.554731 -0.807648 0.199948
29.278078 -41.359668 -4134.745381 -734.888254 0.449355 0.129580 -0.883906 0.709179 0.549955 0.441151 0.543273 -0.825081 0.155229
-25.497622 -35.720755 4118.087986 -201.737783 0.003377 0.528388 -0.848996 -0.271020 0.817710 0.507838 0.962568 0.228380 0.145965
-28.901760 -42.517101 1853.621795 -682.296509 0.154614 0.263770 -0.952113 -0.331640 0.921642 0.201473 0.930650 0.284609 0.229976
-29.352245 -37.123861 887.316271 105.061351 0.233323 0.163839 -0.958497 -0.185400 0.975117 0.121549 0.954561 0.149345 0.257893
-31.595455 -38.066905 -275.109147 2121.415531 0.244462 -0.193345 -0.950187 0.030909 0.980975 -0.191657 0.969166 0.017484 0.245788
-27.846899 -32.558475 2448.694701 1013.011974 0.063402 0.360324 -0.930670 -0.157763 0.924439 0.347164 0.985439 0.124814 0.115457
1.661796 -16.396474 413.447603 -2083.956871 -0.019355 -0.288775 0.957201 0.849533 0.500056 0.168039 -0.527180 0.816427 0.235645
-0.790299 -14.306192 979.207563 -1796.775850 -0.140616 -0.364039 0.920708 0.819495 0.479037 0.314565 -0.555567 0.798749 0.230968
2.533973 -10.003414 659.262883 -959.616204 -0.169894 -0.381766 0.908510 0.808828 0.472644 0.349863 -0.562968 0.794268 0.228484
2.683640 -14.762667 1.968140 -2508.091761 0.077667 -0.224060 0.971476 0.848333 0.526736 0.053664 -0.523735 0.819967 0.230988
25.462166 -60.604727 -5385.219369 316.177968 0.582998 0.804549 -0.113198 -0.742349 0.584108 0.328232 -0.330199 0.107326 -0.937790
6.543139 -70.546723 -3662.419844 2476.296175 0.555271 0.818685 -0.146385 -0.754365 0.569901 0.325800 -0.350153 0.070479 -0.934037
12.298342 -93.438068 -4118.159375 13343.982456 0.507040 0.853161 -0.122579 -0.823189 0.521486 0.224524 -0.255479 0.012937 -0.966728
35.681715 -84.732176 -6249.012418 13427.634187 0.521362 0.851075 -0.062076 -0.817373 0.518963 0.250157 -0.245117 0.079683 -0.966213
23.475349 -154.256140 -4835.389905 28033.612504 0.499478 0.862933 -0.076614 -0.863878 0.502759 0.030800 -0.065097 -0.050801 -0.996585
3.342122 -150.117770 -3097.029903 -19399.316171 0.509583 0.853674 -0.107547 0.860197 -0.508308 0.041023 -0.019646 -0.113416 -0.993353
0.095323 -43.207855 -1064.115419 416.558676 0.037234 0.710758 -0.702450 0.962474 0.163579 0.216531 0.268808 -0.684153 -0.677995
0.168464 -43.534904 -1059.718663 915.924537 0.003151 0.704859 -0.709340 0.978952 0.142579 0.146028 0.204066 -0.694870 -0.689574
0.145979 -40.956753 -184.993543 198.996798 0.028319 0.718478 -0.694973 0.952450 0.191612 0.236903 0.303375 -0.668636 -0.678888
0.044460 -37.584421 -282.923194 1049.092860 0.048676 0.723984 -0.688097 0.906146 0.257786 0.335330 0.420155 -0.639839 -0.643487
-0.483649 -39.333963 644.962367 -75.555520 0.016247 0.734780 -0.678110 0.929576 0.238695 0.280914 0.368272 -0.634919 -0.679156
-0.994744 -41.378163 1265.367996 496.354160 0.003278 0.748179 -0.663489 0.939514 0.224941 0.258294 0.342496 -0.624204 -0.702187
-0.325008 -52.203776 -701.272885 1434.980294 0.033810 0.637722 -0.769524 -0.168613 0.762567 0.624548 0.985102 0.108636 0.133310
-1.596032 -58.478712 -370.691173 2780.345661 0.022439 0.678707 -0.734067 -0.195641 0.723036 0.662528 0.980419 0.128748 0.149007
0.395975 -50.121053 -420.378703 1578.798226 0.024600 0.615803 -0.787516 -0.293070 0.757585 0.583244 0.955774 0.216449 0.199110
2.913593 -46.100033 -441.350379 1097.878589 0.031006 0.576494 -0.816513 -0.311381 0.781825 0.540178 0.949779 0.237498 0.203750
2.715815 -48.101145 -553.284116 797.270228 0.024057 0.597387 -0.801592 -0.178824 0.791464 0.584472 0.983587 0.129283 0.125868
-0.370336 -52.792883 -800.101768 986.259656 0.036642 0.662331 -0.748315 -0.016830 0.749120 0.662220 0.999187 -0.011670 0.038596
-12.816027 -92.981216 572.429015 -1891.881971 -0.048468 0.473081 0.879685 -0.197261 0.858840 -0.472740 -0.979152 -0.196440 0.051695
-10.364176 -90.870938 870.479302 764.452758 -0.030588 0.491741 0.870204 0.039869 0.870519 -0.490517 -0.998737 0.019690 -0.046233
-11.280001 -102.422659 31.177923 1795.413729 -0.093140 0.454165 0.886036 0.091951 0.890025 -0.446543 -0.991398 0.039881 -0.124658
-12.509974 -100.192542 -64.679150 -1332.377170 -0.101416 0.416049 0.903669 -0.220662 0.876319 -0.428221 -0.970063 -0.242834 0.002934
-10.873245 -104.139471 -640.951323 1577.202045 -0.158192 0.414727 0.896090 0.010979 0.908199 -0.418394 -0.987347 -0.056349 -0.148223
-15.155797 -74.405315 2089.285752 -1948.030471 -0.297137 -0.470945 0.830615 0.669780 0.517185 0.532836 -0.680518 0.714654 0.161755
-22.547235 -72.484906 1452.765103 -3798.169684 -0.356246 -0.391098 0.848605 0.623476 0.576954 0.527638 -0.695965 0.717054 0.038302
-17.768513 -66.758036 1652.976248 -4189.157695 -0.336165 -0.443396 0.830899 0.501328 0.662619 0.556423 -0.797285 0.603603 -0.000462
-20.215703 -80.667964 2048.150221 -924.457686 -0.299312 -0.425748 0.853903 0.792928 0.386804 0.470795 -0.530733 0.817998 0.221813
-11.859009 -77.924671 1851.572359 386.803363 -0.259999 -0.469772 0.843632 0.838346 0.323705 0.438624 -0.479141 0.821297 0.309669
0.244430 -134.449868 -494.263576 -2985.043059 0.593224 0.802253 -0.066897 0.571638 -0.361266 0.736693 -0.566847 0.475265 0.672910
-0.994112 -129.902463 -705.690479 -1713.603945 0.598080 0.800442 -0.039920 0.636169 -0.443864 0.631089 -0.487431 0.402838 0.774682
-2.774497 -122.126965 -732.238253 -1904.195512 0.599700 0.798389 -0.054176 0.434745 -0.268217 0.859684 -0.671831 0.539105 0.507945
-12.327040 -35.363004 77.570375 289.566813 0.314950 -0.172976 -0.933213 0.520940 0.853412 0.017627 0.793365 -0.491699 0.358892
-11.357028 -35.490161 280.880685 47.194359 0.289810 -0.131746 -0.947973 0.493189 0.869407 0.029949 0.820229 -0.476209 0.316938
-11.353885 -34.340019 -240.453477 289.295571 0.298195 -0.199938 -0.933330 0.430751 0.900772 -0.055340 0.851782 -0.385531 0.354729
-12.139844 -34.683816 347.045750 -322.701849 0.295712 -0.139154 -0.945088 0.597587 0.798798 0.069367 0.745282 -0.585284 0.319371
-11.408199 -33.430221 -279.777231 853.075738 0.320205 -0.226091 -0.919973 0.457461 0.887281 -0.058833 0.829577 -0.402014 0.387540
-12.626038 -35.227410 -92.632533 858.093750 0.308868 -0.274009 -0.910780 0.556118 0.828878 -0.060775 0.771578 -0.487730 0.408395
-13.645359 -35.767640 86.848345 12.992232 0.292437 -0.224268 -0.929615 0.637012 0.770718 0.014456 0.713230 -0.596404 0.368248
0.673323 -140.115539 3416.868581 -16849.229757 0.720398 0.693441 0.012878 0.306949 -0.335423 0.890659 -0.621940 0.637676 0.454489
7.352110 -105.894228 4550.009409 -5593.984614 0.762060 0.644627 0.060994 0.134932 -0.250227 0.958739 -0.633291 0.722387 0.277668
-1.835606 -103.375262 4144.862935 -2095.194857 0.761216 0.648430 0.009475 0.142922 -0.181997 0.972857 -0.632554 0.739200 0.231213
-7.757749 -109.146844 2321.733864 -1671.341745 0.718692 0.694685 -0.029897 0.201175 -0.166585 0.965287 -0.665590 0.699759 0.259476
-7.848435 -112.460060 1686.882870 7825.803203 0.726262 0.684844 -0.059435 0.045946 0.037907 0.998224 -0.685881 0.727704 0.003936
-3.885779 -17.806150 420.290846 3205.042843 -0.506750 0.459150 0.729648 0.830936 0.034654 0.555288 0.229675 0.887683 -0.399085
-9.619996 -26.066272 674.024620 2403.470480 -0.435731 0.462138 0.772378 0.891213 0.101387 0.442108 0.126006 0.880993 -0.456041
-10.933320 -26.914636 -1647.260230 2735.803592 -0.149920 0.496873 0.854776 0.974033 -0.074131 0.213928 0.169660 0.864651 -0.472857
11.281192 -654.045005 -16651.611969 103116.970456 0.667721 0.619120 -0.413327 0.742951 -0.589014 0.317942 -0.046611 -0.519378 -0.853272
-0.260195 -481.352095 -15739.251285 85205.013035 0.510123 0.621806 -0.594250 0.834825 -0.524219 0.168113 -0.206984 -0.581853 -0.786515
12.690251 -409.601565 -5835.658070 94668.684402 0.487673 0.731780 -0.476101 0.788178 -0.134526 0.600565 0.375433 -0.668132 -0.642378
16.048074 -41.097818 -2609.617380 875.465407 0.454738 -0.162756 -0.875628 -0.464118 0.795809 -0.388950 0.760137 0.583265 0.286347
11.352351 -42.864792 -147.245166 177.248113 0.436119 -0.159306 -0.885676 -0.414083 0.838293 -0.354683 0.798959 0.521428 0.299629
12.698539 -40.463348 -574.581929 970.766460 0.453115 -0.177680 -0.873566 -0.524231 0.739476 -0.422323 0.721019 0.649311 0.241922
17.229271 -42.363066 -2658.343851 -165.047800 0.440406 -0.141299 -0.886610 -0.332791 0.891496 -0.307385 0.833842 0.430430 0.345597
17.214537 -37.341408 2509.209930 -1366.374619 -0.474624 0.186460 0.860212 0.557899 -0.692181 0.457859 0.680795 0.697222 0.224500
-5.219685 -75.309153 1690.518504 3410.106848 0.565407 0.794646 -0.221025 0.507909 -0.546574 -0.665797 0.649880 -0.264185 0.712644
-7.186760 -73.962135 1685.445095 3211.721514 0.588909 0.777525 -0.220547 0.570374 -0.593172 -0.568173 0.572591 -0.208808 0.792804
-7.605903 -67.547998 967.312817 1969.889769 0.576714 0.796922 -0.179769 0.481032 -0.509115 -0.713730 0.660310 -0.325143 0.676958
-5.292944 -68.514033 736.226232 1621.133621 0.557188 0.813132 -0.168398 0.398644 -0.439829 -0.804757 0.728440 -0.381270 0.569217
1.405523 -43.090896 261.677098 -26.335793 -0.264195 -0.667503 0.696161 -0.226478 0.744562 0.627962 -0.937501 0.008239 -0.347884
1.948843 -41.765125 0.596809 -76.098354 -0.288247 -0.659225 0.694504 -0.139446 0.746455 0.650661 -0.947348 0.090706 -0.307090
0.437131 -44.219302 354.680661 -660.084731 -0.266416 -0.638581 0.721967 -0.088441 0.762075 0.641421 -0.959792 0.107033 -0.259506
-24.236934 -30.863192 693.941810 -636.485372 0.736589 0.351460 -0.577852 -0.378379 -0.494026 -0.782795 0.560595 -0.795245 0.230909
-23.865854 -32.820286 753.283833 -716.431510 0.749396 0.468221 -0.468160 -0.301175 -0.388631 -0.870781 0.589660 -0.793558 0.150222
-23.007975 -31.262735 818.315340 -653.933696 0.683513 0.405014 -0.607268 -0.347569 -0.550990 -0.758687 0.641877 -0.729640 0.235839
-27.015341 -180.004969 507.390503 -18461.102644 0.495258 -0.347669 0.796145 0.738986 -0.313223 -0.596482 0.456749 0.883752 0.101796
12.711539 -320.732191 3405.280536 66557.548439 0.339775 -0.222550 0.913796 0.881513 -0.263335 -0.391905 0.327853 0.938683 0.106706
10.522891 -407.922007 2488.863705 93328.273037 0.310975 -0.167600 0.935524 0.856671 -0.376849 -0.352277 0.411593 0.910986 0.026387
12.394136 -108.082932 21.336409 181.991460 0.231430 -0.180858 0.955893 0.839486 -0.459418 -0.290170 0.491634 0.869612 0.045505
4.204533 -334.044474 -580.789779 28945.175052 0.281263 -0.176481 0.943263 0.794641 -0.508231 -0.332035 0.537993 0.842945 -0.002707
42.862556 -608.050830 -9125.395932 123522.436765 0.236013 -0.008800 0.971710 0.922988 -0.310752 -0.226993 0.303959 0.950450 -0.065220
-45.288743 -65.236858 -682.942906 -4475.929009 -0.117981 0.184118 0.975798 0.213132 0.964455 -0.156209 -0.969874 0.189544 -0.153029
-38.715049 -65.648186 -1879.174538 -2060.001199 -0.173677 0.273822 0.945969 0.344270 0.916842 -0.202184 -0.922667 0.290554 -0.253503
-27.581967 -66.671012 -3427.022416 -3592.214247 -0.245238 0.341302 0.907398 0.282719 0.920474 -0.269811 -0.927323 0.190371 -0.322228
-17.283231 -66.620377 -4359.696611 -9716.422874 -0.325651 0.311531 0.892693 0.073360 0.949638 -0.304642 -0.942640 -0.033719 -0.332104
-35.474440 -55.407910 926.525345 1730.640710 0.693900 -0.705876 -0.142271 -0.667229 -0.556011 -0.495639 -0.270755 -0.438852 0.856797
-37.795334 -52.612189 -52.752381 -1898.265111 0.641826 -0.716610 -0.273002 0.723950 0.448817 0.523890 -0.252897 -0.533885 0.806852
-37.760342 -55.815971 -867.115398 -1016.139850 0.687345 -0.698172 -0.200280 0.716640 0.606987 0.343503 -0.118257 -0.379634 0.917548
-34.392117 -55.612323 618.490230 -232.545816 0.715829 -0.691485 -0.097147 -0.681363 -0.661263 -0.313809 -0.152755 -0.290825 0.944503
-34.478958 -55.349376 -273.843956 -834.690999 -0.666105 0.745514 0.022626 0.684195 0.598678 0.416488 -0.296952 -0.292905 0.908860
-0.169765 -29.355536 3906.524246 1470.965852 -0.343285 -0.192511 0.919291 -0.536362 0.843658 -0.023617 -0.771020 -0.501180 -0.392870
-6.651914 -24.141342 3958.213077 1856.653071 -0.308788 -0.255069 0.916291 -0.489772 0.868470 0.076705 -0.815336 -0.425089 -0.393099
-14.831878 -21.658604 958.352946 2025.192793 -0.466204 -0.073711 0.881601 -0.381054 0.916076 -0.124913 -0.798406 -0.394172 -0.455166
-11.157124 -37.864720 -1797.135999 -121.378674 -0.404730 0.110588 0.907725 -0.328483 0.908821 -0.257183 -0.853401 -0.402261 -0.331501
3.480331 -23.307124 1453.830140 -1705.289961 -0.325028 0.234976 0.916047 0.583015 0.812460 -0.001541 -0.744614 0.533568 -0.401067
4.719177 -75.496213 242.523439 6702.079268 -0.698301 0.257248 0.667981 -0.173571 0.844486 -0.506672 -0.694441 -0.469752 -0.545055
6.711307 -81.672601 -149.801065 898.518850 0.690064 -0.244466 -0.681211 -0.384275 0.673839 -0.631089 -0.613306 -0.697264 -0.371050
3.349580 -66.837684 -155.716066 6607.843805 -0.701336 0.235469 0.672816 -0.067819 0.917543 -0.391811 -0.709597 -0.320421 -0.627537
-1.282540 -98.248936 -180.004779 7168.931816 0.707824 -0.176786 -0.683909 0.521592 0.783714 0.337246 -0.476369 0.595432 -0.646942
-2.235799 -102.622710 -76.531052 1766.527324 -0.717485 0.176116 0.673942 0.355144 0.924804 0.136417 -0.599239 0.337224 -0.726080
1.137678 -72.394232 -90.804687 6.058144 -0.632254 0.248157 0.733943 0.745219 0.453891 0.488500 -0.211905 0.855804 -0.471906
1.989397 -75.970254 179.339540 324.554113 0.660366 -0.228957 -0.715189 0.648699 0.653700 0.389700 -0.378295 0.721287 -0.580205
2.170688 -73.229882 315.127114 849.028239 0.673162 -0.222032 -0.705376 0.621801 0.686249 0.377393 -0.400270 0.692650 -0.600017
1.232302 -69.686484 690.229514 162.130035 0.670529 -0.243300 -0.700853 0.662113 0.622401 0.417400 -0.334659 0.743923 -0.578431
-8.632312 -33.589764 53.577878 901.085733 -0.529015 0.059836 0.846501 -0.091171 0.987730 -0.126796 -0.843701 -0.144253 -0.517068
-8.122609 -40.896685 246.811039 -427.770525 0.417772 0.114935 -0.901253 0.890370 -0.249253 0.380940 -0.180856 -0.961594 -0.206465
-9.107610 -40.354295 639.120885 -99.848700 0.398324 0.114617 -0.910055 0.913646 -0.137378 0.382594 -0.081169 -0.983865 -0.159440
-6.495936 -38.943130 207.449603 -526.677197 0.480195 0.079511 -0.873551 0.825305 -0.378297 0.419242 -0.297127 -0.922263 -0.247277
-5.733476 -33.838967 752.195394 -653.448538 -0.576003 -0.079576 0.813565 0.084148 0.984191 0.155842 -0.813105 0.158225 -0.560201
-6.632658 -32.266038 671.026968 -587.681487 -0.581039 -0.084467 0.809481 -0.012185 0.995391 0.095119 -0.813785 0.045404 -0.579390
-6.136495 -31.243031 480.473507 -455.389222 -0.567110 -0.065026 0.821071 -0.004897 0.997127 0.075587 -0.823627 0.038845 -0.565799
15.588243 -149.031648 -709.147323 -17952.884568 0.823751 -0.162492 0.543168 -0.440603 -0.786400 0.432948 -0.356797 0.595962 0.719392
12.679980 -87.013521 -426.759698 -2476.909367 0.844843 -0.133544 0.518079 -0.458358 -0.680120 0.572140 -0.275950 0.720834 0.635806
2.786645 -159.052829 1527.470553 19210.103116 0.760449 -0.213020 0.613465 -0.639994 -0.406014 0.652350 -0.110112 0.888693 0.445085
7.211925 -101.633344 -549.252128 10970.429004 0.810441 -0.158906 0.563857 -0.539002 -0.579309 0.611456 -0.229483 0.799469 0.555146
-7.231495 -21.558634 2.766729 223.020621 -0.020120 0.738838 0.673583 -0.632791 -0.531016 0.563558 -0.774061 0.414898 -0.478214
-6.481426 -21.774241 -72.496802 508.704242 0.056073 0.783101 0.619362 -0.676932 -0.426169 0.600119 -0.733907 0.452916 -0.506209
-7.384889 -23.375904 -95.125965 -130.232970 -0.120533 0.669174 0.733265 -0.609595 -0.632873 0.477352 -0.783496 0.389458 -0.484207
-5.161137 -22.957771 -500.874133 123.133478 0.031762 0.784240 0.619644 -0.720406 -0.411775 0.558083 -0.692825 0.464121 -0.551892
3089.762380 -241.740002 -583291.833608 -63167.569516 -0.097358 -0.608841 -0.787296 -0.684729 0.615054 -0.390967 0.722266 0.501021 -0.476771
519.925510 -1004.136451 129957.756229 76715.341946 -0.157333 0.829708 0.535567 0.850352 -0.161934 0.500679 0.502143 0.534194 -0.680066
23.213069 21.385391 -2922.810209 3519.428792 -0.305459 -0.452132 -0.838016 0.831518 0.302173 -0.466121 0.463974 -0.839207 0.283655
21.386914 2.983572 -648.216598 9375.190280 0.213383 -0.167452 -0.962511 0.816044 0.572234 0.081358 0.537158 -0.802812 0.258753
21.129993 14.773048 -1985.245668 10025.327418 0.310522 -0.238647 -0.920122 0.801394 0.586304 0.118387 0.511219 -0.774141 0.373310
19.477255 -2.716892 -448.702919 9036.537381 0.470634 -0.161166 -0.867484 0.747184 0.595711 0.294693 0.469276 -0.786863 0.400783
21.006080 14.808118 -739.028277 5821.510539 0.431989 -0.241290 -0.869002 0.797485 0.552189 0.243115 0.421192 -0.798039 0.430965
27.629972 20.838279 5417.422234 -1484.894362 0.897447 0.434460 0.076380 0.215380 -0.280455 -0.935391 0.384969 -0.855914 0.345267
-12.110467 -39.982440 -204.588354 902.971330 0.679902 -0.092268 -0.727475 0.697557 0.387340 0.602812 0.226160 -0.917308 0.327715
-11.846043 -40.010785 200.799444 1457.434136 0.688418 -0.137585 -0.712145 0.689532 0.428727 0.583729 0.225004 -0.892896 0.390013
-11.664405 -41.621057 77.616973 -173.453920 0.672044 -0.117896 -0.731066 0.730578 0.266717 0.628584 0.120880 -0.956537 0.265378
-10.196824 -27.155156 -46.901847 841.452457 0.647403 -0.486854 -0.586381 0.734999 0.195303 0.649333 -0.201608 -0.851369 0.484277
-12.232315 -31.201007 308.837393 -592.699691 0.728239 -0.438694 -0.526512 -0.628314 -0.120607 -0.768554 -0.273659 -0.890506 0.363468
-10.770691 -28.685569 -108.637146 -924.478825 0.738799 -0.435508 -0.514305 -0.645652 -0.238669 -0.725376 -0.193158 -0.867969 0.457514
-10.184012 -26.979964 -209.446188 -1001.882721 0.737397 -0.410177 -0.536656 -0.663786 -0.292984 -0.688148 -0.125031 -0.863664 0.488316
-8.615158 -24.138395 -422.701655 1188.154136 0.650722 -0.479517 -0.588748 0.748335 0.273607 0.604263 -0.128669 -0.833788 0.536881
-25.226252 -127.312520 719.234757 15653.243860 0.087255 -0.095687 0.991580 0.216736 0.973356 0.074857 -0.972323 0.208379 0.105669
-2410.312473 -2948.524685 1018283.273446 -273498.633750 0.404139 0.791183 0.459023 0.819334 -0.090021 -0.566205 -0.406650 0.604918 -0.684624
-304.846452 -1415.216145 -185827.778790 -122310.825242 0.086735 0.974142 -0.208626 -0.801222 0.192663 0.566503 -0.592048 -0.118020 -0.797214
272.690142 -177.096935 -11905.373925 -45707.675342 0.639969 0.711042 0.291306 -0.604465 0.699913 -0.380452 0.474406 -0.067394 -0.877723
-1129.191588 -3911.942783 -398104.734947 -584163.311560 -0.487423 0.650189 -0.582814 0.734050 -0.056336 -0.676755 -0.472852 -0.757681 -0.449812
14.806324 -40.531034 -1539.726118 730.615804 0.574618 0.133191 -0.807511 0.632531 0.553835 0.541453 0.519345 -0.821904 0.233997
-46.185791 -46.959242 -1376.617595 2214.723886 0.017251 0.980955 0.193468 0.635779 0.138577 -0.759329 0.771678 -0.136102 0.621280
-39.358075 -46.425160 2234.357698 -308.632815 0.465705 -0.322990 -0.823891 0.295539 0.934326 -0.199230 0.834132 -0.150709 0.530576
-42.941257 -46.141828 2986.209191 265.146284 0.480358 -0.443847 -0.756476 0.223248 0.895968 -0.383930 0.848184 0.015542 0.529473
-44.404532 -48.131062 2085.981294 464.550858 0.389062 -0.587962 -0.709177 0.553022 0.764750 -0.330642 0.736747 -0.263550 0.622691
-44.704568 -48.024024 -500.604942 2381.757269 -0.067179 0.996473 0.050276 0.640167 0.081699 -0.763879 0.765293 0.019131 0.643398
-47.112822 -51.992982 -491.257019 2295.536076 0.056593 0.971196 0.231464 0.747409 0.112498 -0.654770 0.661950 -0.210053 0.719514
-44.820833 -50.795586 -1218.059597 1574.263721 0.096846 0.994981 0.025191 0.737004 -0.054680 -0.673673 0.668914 -0.083809 0.738600
-5.750434 -19.417158 1583.804799 -1969.961227 -0.130930 -0.356262 0.925167 0.835676 0.462420 0.296333 -0.533388 0.811939 0.237175
-5.882779 -10.855876 -1450.402174 -205.262811 0.595436 0.604471 -0.529217 0.535066 0.193006 0.822468 -0.599300 0.772893 0.208509
1.374448 -8.063633 1200.917948 -910.725602 -0.353604 -0.485311 0.799648 0.723740 0.399634 0.562577 -0.592592 0.777667 0.209927
13.159923 -71.923152 -3634.649162 -7778.460818 0.622522 0.767542 -0.152792 -0.665838 0.622044 0.411973 -0.411250 0.154727 -0.898294
0.671015 -79.146021 -2710.769311 186.086846 0.589662 0.791375 -0.161321 -0.693413 0.598467 0.401267 -0.414098 0.124749 -0.901643
-1.155658 -65.317328 364.969516 -3993.473695 -0.001437 0.709348 -0.704857 0.151371 -0.696581 -0.701328 0.988476 0.107703 0.106374
-1.728650 -65.255511 217.146837 -940.709641 0.009825 0.728977 -0.684468 -0.040793 -0.683639 -0.728680 0.999119 -0.035081 -0.023021
1.599596 -71.363884 1302.014214 -2288.493273 -0.026122 0.726203 -0.686984 0.014996 -0.686857 -0.726638 0.999546 0.029284 -0.007052
-3.639247 -60.807716 -133.075259 39.288456 0.023124 0.738560 -0.673791 -0.150488 -0.663721 -0.732686 0.988341 -0.118340 -0.095797
-3.132763 -65.615505 785.429069 891.643205 0.003414 0.770810 -0.637056 -0.255915 -0.615172 -0.745702 0.966693 -0.165578 -0.195162
1.049995 -71.167675 1203.619170 1205.261470 -0.013977 0.760371 -0.649339 -0.229304 -0.634533 -0.738097 0.973254 -0.138580 -0.183225
-10.564107 -91.199984 623.442448 -1611.365921 -0.011868 0.516546 0.856177 -0.153251 0.845182 -0.512037 -0.988116 -0.137287 0.069130
-6.189076 -93.667015 992.085510 1307.175403 0.000677 0.525831 0.850589 0.176608 0.837156 -0.517668 -0.984281 0.150571 -0.092300
-21.159045 -63.603066 591.920249 -4898.656957 -0.389916 -0.392688 0.832923 0.459755 0.700696 0.545574 -0.797866 0.595669 -0.092672
-27.718564 -82.907729 2052.400005 -2614.387962 -0.329592 -0.340757 0.880485 0.778240 0.429937 0.457708 -0.534520 0.836086 0.123487
-30.511235 -78.629591 1584.621147 -6623.855307 -0.371895 -0.264550 0.889779 0.633054 0.628772 0.451540 -0.678923 0.731204 -0.066363
-25.746681 -67.130480 1212.614507 -6223.160460 -0.394764 -0.328759 0.857950 0.497845 0.708287 0.500480 -0.772213 0.624697 -0.115935
-11.360384 -35.331416 188.702871 24.941702 0.270617 -0.169784 -0.947597 0.405709 0.912758 -0.047679 0.873022 -0.371546 0.315890
-9.866248 -36.768503 644.629987 -125.571069 0.233216 -0.133678 -0.963193 0.456204 0.889780 -0.013029 0.858771 -0.436374 0.268496
-10.359924 -34.980476 439.666531 -435.581480 0.268702 -0.116043 -0.956208 0.571021 0.818658 0.061111 0.775716 -0.562435 0.286238
-17.040210 -47.390936 968.780276 -1869.301241 0.050726 0.658855 -0.750558 -0.228361 0.739267 0.633510 0.972254 0.139263 0.187957
-17.336971 -48.269331 822.241960 -2247.505228 0.100714 0.648518 -0.754507 -0.259510 0.749235 0.609345 0.960474 0.134433 0.243755
-16.252600 -41.492167 674.041236 810.571038 0.098442 0.658897 -0.745764 -0.183574 0.748567 0.637141 0.978064 0.074181 0.194646
-15.998675 -45.969979 248.943791 -1483.017211 0.167579 0.619370 -0.767006 -0.248480 0.779426 0.575111 0.954031 0.094209 0.284517
-14.593411 -43.373129 792.521090 179.530705 0.029721 0.641692 -0.766386 -0.142265 0.761635 0.632197 0.989382 0.090240 0.113927
-15.693688 -40.243117 -433.617649 -65.248192 0.215643 0.641388 -0.736288 -0.141700 0.766602 0.626293 0.966136 -0.030724 0.256197
13.344332 -180.201571 2958.305796 -25648.510202 0.687817 0.722951 0.065187 0.168020 -0.245930 0.954614 -0.706170 0.645647 0.290625
5.583099 -92.405198 2317.008120 2360.007634 0.732768 0.674720 0.088334 0.035932 -0.167997 0.985132 -0.679529 0.718700 0.147347
11.610785 -147.824616 2831.841584 -19765.950623 0.714334 0.696903 0.063666 0.301425 -0.388512 0.870747 -0.631561 0.602814 0.487592
-27.374741 -443.599309 -8699.137915 100912.154755 0.567604 0.677140 -0.468302 0.775168 -0.247904 0.581084 0.277381 -0.692838 -0.665609
12.761481 -43.134802 -666.083989 -22.936243 0.439870 -0.142648 -0.886660 -0.298593 0.907904 -0.294197 0.846969 0.394159 0.356766
0.359521 -43.359328 -199.110952 -1010.862533 -0.289481 -0.623368 0.726370 -0.003565 0.759558 0.650430 -0.957177 0.185697 -0.222100
-22.339866 -32.784415 -246.028340 -635.014203 0.852032 0.468238 -0.234083 -0.159871 -0.193054 -0.968076 0.498481 -0.862255 0.089631
-22.777504 -35.323612 479.216191 -776.811208 0.780790 0.526496 -0.336406 -0.259916 -0.215918 -0.941182 0.568165 -0.822303 0.031742
-21.586136 -104.497797 4493.002648 19909.969326 0.359130 -0.294751 0.885521 0.845482 -0.299031 -0.442426 0.395203 0.907581 0.141815
-56.738263 -404.191820 5739.764251 92437.234916 0.093310 -0.211103 0.973000 0.955560 -0.255489 -0.147069 0.279638 0.943483 0.177882
-18.661624 -82.801455 2459.781092 -197.953125 -0.233925 -0.433612 0.870207 0.901821 0.237691 0.360862 -0.363315 0.869186 0.335439
-24.812127 -86.718047 2376.656963 -1037.712698 -0.261747 -0.382482 0.886113 0.893855 0.250220 0.372039 -0.364021 0.889437 0.276389
-30.920499 -91.678999 2651.669460 -3088.995251 -0.278840 -0.316410 0.906715 0.878905 0.296406 0.373722 -0.387006 0.901126 0.195445
-48.110068 -66.053189 742.179501 -858.755204 -0.114712 0.106647 0.987658 0.383376 0.921952 -0.055025 -0.916441 0.372332 -0.146645
-46.065487 -64.588531 903.763388 -2935.785534 -0.070448 -0.157868 0.984944 0.259701 0.950444 0.170914 -0.963116 0.267831 -0.025958
-37.202188 -52.159277 -237.025491 -124.282214 0.665202 -0.702045 -0.254242 0.669661 0.410349 0.619005 -0.330242 -0.582019 0.743097
-42.156066 -53.898285 -1531.144666 -97.448015 0.558845 -0.715965 -0.418433 0.793333 0.314645 0.521172 -0.241483 -0.623211 0.743837
-43.987351 -57.424126 -1457.952015 -2311.573576 0.550002 -0.734339 -0.397798 0.825299 0.404900 0.393622 -0.127984 -0.544795 0.828745
-6.877937 -34.613236 -2620.350542 -540.960857 0.386589 0.164532 -0.907457 0.678110 -0.717605 0.158774 -0.625073 -0.676736 -0.388989
-2.199070 -36.047540 3996.102086 -547.564464 0.542307 0.175665 -0.821611 0.656946 -0.698271 0.284324 -0.523761 -0.693945 -0.494080
-7.324621 -36.029623 322.313300 -863.196841 0.441664 0.186188 -0.877649 0.711763 -0.668249 0.216419 -0.546193 -0.720262 -0.427663
-17.174174 -37.878166 -1745.068037 65.804827 -0.366990 0.176525 0.913322 -0.312973 0.901160 -0.299932 -0.875995 -0.395917 -0.275469
-12.358597 -37.575238 -2063.821402 623.811926 -0.397821 0.150823 0.904981 -0.202270 0.947706 -0.246859 -0.894888 -0.281256 -0.346511
-6.787202 -38.594774 -1860.073343 209.909544 -0.420427 0.114401 0.900085 -0.223180 0.948501 -0.224802 -0.879449 -0.295394 -0.373244
0.311985 -20.221514 1443.974571 -1099.132441 -0.277469 0.300573 0.912506 0.584301 0.806745 -0.088065 -0.762629 0.508742 -0.399472
3.626110 -18.459718 1763.055639 -1303.857211 -0.277564 0.285895 0.917182 0.552225 0.828692 -0.091194 -0.786133 0.481179 -0.387894
7.805101 -20.813166 1278.833304 -1892.794582 -0.339016 0.240510 0.909518 0.531985 0.846369 -0.025518 -0.775926 0.475198 -0.414880
5.184954 -82.609846 212.894710 2512.416296 0.699626 -0.265014 -0.663544 -0.336977 0.696521 -0.633486 -0.630055 -0.666803 -0.398001
-0.053161 -66.663960 -344.122905 3310.168992 -0.673863 0.242675 0.697866 0.716454 0.445437 0.536916 -0.180559 0.861797 -0.474029
0.525033 -58.812703 -39.962596 2076.468977 -0.683887 0.222918 0.694698 0.716337 0.385804 0.581391 -0.138415 0.895244 -0.423531
-0.544259 -59.915470 -50.468874 2825.684671 -0.589694 0.265642 0.762689 0.798053 0.046684 0.600777 0.123986 0.962941 -0.239525
-2.279549 -53.782640 404.726200 2013.126830 -0.605472 0.248541 0.756063 0.755543 -0.119048 0.644191 0.250116 0.961278 -0.115703
-1.389326 -53.962577 -253.597146 2830.855208 -0.595855 0.268685 0.756812 0.766472 -0.091064 0.635790 0.239745 0.958914 -0.151679
-1.893758 -53.605731 206.513358 1820.079209 -0.602235 0.245592 0.759603 0.765954 -0.090422 0.636505 0.225006 0.965147 -0.133657
-8.835928 -34.241693 -388.408254 540.894413 -0.521874 0.070888 0.850072 -0.038634 0.993554 -0.106571 -0.852147 -0.088459 -0.515771
-7.269774 -32.664666 -193.578341 1344.282927 -0.543922 0.076585 0.835633 0.017282 0.996638 -0.080091 -0.838957 -0.029122 -0.543417
-8.719271 -35.577511 110.159544 -1000.332495 -0.483369 0.100175 0.869666 -0.150938 0.969016 -0.195512 -0.862306 -0.225770 -0.453273
-7.883224 -33.215812 -626.277262 167.064485 -0.541751 0.037919 0.839684 0.027397 0.999248 -0.027448 -0.840093 0.008135 -0.542382
-9.076251 -36.722507 -663.092827 -608.504855 -0.527218 -0.008747 0.849685 0.008530 0.999842 0.015585 -0.849687 0.015464 -0.527060
-8.804608 -36.907738 -28.079507 618.560794 -0.499242 0.020460 0.866221 0.004447 0.999768 -0.021052 -0.866451 -0.006658 -0.499217
-8.417009 -36.800179 146.974861 -800.332257 -0.480201 0.050703 0.875692 -0.081471 0.991434 -0.102080 -0.873367 -0.120362 -0.471957
-7.944073 -40.530199 193.761296 486.547471 0.393865 0.137586 -0.908813 0.918570 -0.094577 0.383776 -0.033150 -0.985964 -0.163633
-6.897915 -33.696301 185.391029 296.862477 -0.591174 -0.082668 0.802296 -0.098933 0.994654 0.029590 -0.800453 -0.061881 -0.596192
15.599296 -222.120968 -2860.560970 33047.277001 0.790391 -0.168045 0.589103 0.333472 0.924701 -0.183640 -0.513885 0.341597 0.786914
-7.615919 -19.341700 -2239.392650 812.098636 -0.075205 0.746885 0.660687 0.897729 0.339135 -0.281194 -0.434082 0.571970 -0.696005
1.173215 -18.374248 -2550.706681 811.013054 -0.114299 0.734879 0.668497 0.885375 0.380569 -0.266979 -0.450607 0.561356 -0.694142
-7.879838 -21.700030 -1779.042122 760.625521 0.029204 0.776205 0.629804 0.864193 0.297022 -0.406139 -0.502313 0.556133 -0.662116
-3.511354 -21.417698 -1134.079377 756.186969 0.007458 0.766169 0.642596 0.843033 0.340796 -0.416116 -0.537810 0.544833 -0.643364
-12.841349 -21.845501 -1808.288138 624.151057 0.029026 0.752810 0.657598 0.886896 0.284049 -0.364323 -0.461056 0.593796 -0.659419
-9.146651 -23.502058 -1365.795348 -183.098008 0.117436 0.795805 0.594056 -0.807725 -0.271470 0.523340 -0.577745 0.541293 -0.610911
-13.241915 -23.388978 -1540.447786 117.264289 0.133403 0.773110 0.620084 0.824677 0.260408 -0.502090 -0.549646 0.578350 -0.602827
-33.543023 -345.270614 -17863.356011 -9592.222545 -0.705600 0.428067 -0.564701 0.175226 0.877567 0.446287 0.686604 0.215950 -0.694220
1.557410 -304.565129 -10735.635200 49152.941280 -0.701860 0.267522 -0.660170 0.197708 0.963543 0.180265 0.684328 -0.004000 -0.729164
-17.827740 -332.239957 -8006.842273 70444.183362 -0.766305 0.139885 -0.627063 0.084091 0.989451 0.117962 0.636950 0.037665 -0.769985
-29.337238 -1905.023799 13397.043290 584400.189940 -0.677612 0.364857 -0.638531 0.001090 0.868751 0.495248 0.735419 0.334890 -0.589073
-37.443741 -233.759954 1256.259625 50015.411583 -0.845354 0.077484 -0.528558 -0.059815 0.969474 0.237787 0.530847 0.232630 -0.814914
55.068339 -1483.260110 -8307.888100 390128.247127 -0.604285 0.727255 -0.325485 -0.491679 -0.661816 -0.565908 0.626970 0.181935 -0.757501
6.944511 -328.758662 -10875.638091 64029.627601 -0.523246 0.675677 -0.519303 -0.128556 -0.664991 -0.735704 0.842429 0.318195 -0.434816
