18789
37558
-13.720671 -29.880450 -1343.537083 -1087.049432 0.795416 -0.151927 -0.586712 -0.091856 0.926667 -0.364487 0.599062 0.343812 0.723130
-18.903594 -34.615927 -778.754210 -329.858716 0.752146 0.012112 -0.658885 -0.309995 0.888804 -0.337535 0.581532 0.458127 0.672265
-17.628181 -32.934038 -272.630291 -1900.388615 0.729393 0.183121 -0.659131 -0.365026 0.919061 -0.148602 0.578569 0.348989 0.737200
-17.382457 -30.689441 -219.214450 -649.171193 0.743172 -0.277195 -0.608982 -0.060249 0.878729 -0.473503 0.666383 0.388585 0.636346
-13.011439 -24.528305 -904.696534 -2017.554293 0.810632 -0.176799 -0.558228 0.006149 0.955847 -0.293801 0.585524 0.234732 0.775927
-13.872763 -26.288881 -252.963706 -1276.855310 0.741521 -0.396976 -0.540886 0.131641 0.876587 -0.462888 0.657889 0.272038 0.702266
-15.806109 -22.635353 -169.904721 926.222596 0.843666 0.397970 -0.360343 -0.081416 0.758272 0.646834 0.530659 -0.516375 0.672130
10.274423 -17.573428 -10751.673099 14.319356 0.567109 -0.503135 -0.652106 0.671801 0.740621 0.012807 0.476520 -0.445349 0.758019
-13.860825 -19.256638 -858.515060 -2047.594675 0.854685 0.073625 -0.513900 -0.219208 -0.846138 -0.485796 0.470597 -0.527854 0.707042
-16.150994 -27.122515 -76.456587 753.181646 0.870512 0.403940 -0.281144 0.082201 -0.682573 -0.726180 0.485234 -0.609038 0.627392
21.231202 -39.566636 -1309.931476 1577.626200 0.739155 0.487184 -0.465082 0.670665 -0.468691 0.574924 -0.062114 0.736872 0.673173
39.531698 -32.493723 -4122.219691 2171.847075 0.722467 0.472493 -0.504768 0.690394 -0.532473 0.489723 0.037385 0.702298 0.710901
22.034471 -37.170347 -58.689056 1889.122470 0.721351 0.512810 -0.465487 0.692533 -0.527215 0.492385 -0.007088 0.677547 0.735445
15.875918 -46.326153 497.456873 2597.751937 0.770500 0.485706 -0.412819 0.629239 -0.475987 0.614406 -0.101924 0.733162 0.672373
39.659689 -40.847398 4420.545030 764.204063 0.124273 0.576512 -0.807583 -0.482183 0.746419 0.458649 0.867211 0.332405 0.370744
46.997102 -46.950536 3295.919201 1874.765921 0.178435 0.625811 -0.759290 -0.375169 0.756651 0.535470 0.909620 0.189316 0.369798
49.250984 -43.509303 3011.836712 307.897304 0.221249 0.618709 -0.753822 -0.473577 0.743882 0.471554 0.852510 0.252662 0.457590
-4.491653 -20.281068 -523.848153 670.315552 0.944234 0.242352 -0.222908 0.314636 -0.464466 0.827814 -0.097089 0.851785 0.514817
-4.961320 -21.974418 -516.049642 189.619905 0.950593 0.236409 -0.201207 0.278707 -0.364433 0.888544 -0.136733 0.900722 0.412316
-1.084474 -20.049819 -791.224406 609.814758 0.921728 0.288569 -0.259122 0.366925 -0.432414 0.823641 -0.125629 0.854252 0.504452
-0.310122 -16.481317 -804.722983 942.814688 0.902750 0.311876 -0.296269 0.421706 -0.505714 0.752607 -0.084893 0.804355 0.588053
-3.814754 -16.605122 -567.600672 941.626967 0.924681 0.271177 -0.267262 0.375705 -0.536042 0.755979 -0.061740 0.799451 0.597550
-6.984096 -24.313073 73.388597 -2270.233152 -0.754239 -0.443041 0.484601 -0.414494 0.893669 0.171904 -0.509234 -0.071208 -0.857677
-8.859973 -41.525082 -159.427907 -4730.480404 -0.782778 -0.416511 0.462361 -0.350752 0.909023 0.225057 -0.514035 0.013996 -0.857655
-7.018452 -27.712898 19.344544 -2574.354429 -0.808420 -0.364941 0.461817 -0.329537 0.930722 0.158622 -0.487711 -0.023953 -0.872676
-6.486203 -32.485436 18.175484 -2916.486235 -0.839848 -0.312437 0.443890 -0.264010 0.949618 0.168889 -0.474293 0.024650 -0.880022
-5.811330 -22.192426 -36.559160 -962.117936 -0.831708 -0.344740 0.435220 -0.325735 0.937772 0.120333 -0.449620 -0.041685 -0.892247
-6.108835 -19.602385 -27.057987 42.372411 -0.790563 -0.405364 0.459011 -0.376624 0.912876 0.157516 -0.482872 -0.048348 -0.874356
-1.667249 -50.604459 -53.100065 1583.354322 0.892880 0.409895 -0.186414 0.414104 -0.584846 0.697476 -0.176868 0.699958 0.691937
-2.006088 -49.318822 -48.628552 -215.337375 0.905803 0.391226 -0.162674 0.410368 -0.714517 0.566625 -0.105446 0.580006 0.807759
-2.037981 -48.044496 -54.172898 1069.988609 0.886575 0.413210 -0.207950 0.429106 -0.566720 0.703346 -0.172780 0.712801 0.679751
-1.587062 -55.541359 -44.836026 2689.583646 0.867393 0.432886 -0.245436 0.425509 -0.389476 0.816854 -0.258014 0.812969 0.522026
-2.522120 -46.184561 -82.039864 680.070839 0.880456 0.414620 -0.229974 0.444438 -0.552790 0.704910 -0.165142 0.722851 0.670980
-2.024378 -52.382424 -58.354166 2324.530944 0.862492 0.431796 -0.263929 0.439149 -0.379407 0.814370 -0.251505 0.818292 0.516858
-5.687220 -19.274536 150.655541 600.491065 0.099874 0.984867 -0.141639 0.969483 -0.128353 -0.208873 0.223892 0.116456 0.967631
-7.670209 -20.513164 -713.808932 632.024018 -0.035403 0.993656 -0.106746 0.968266 0.007663 -0.249805 0.247402 0.112202 0.962394
-4.688505 -20.675418 11.259145 404.492256 0.174312 0.972900 -0.151924 0.974624 -0.192469 -0.114294 0.140437 0.128146 0.981762
-8.041290 -17.191841 -270.093529 623.278425 -0.107680 0.990080 -0.090257 0.942669 0.072834 -0.325686 0.315881 0.120152 0.941160
-5.446321 -18.708721 467.081634 319.219604 0.297515 0.942640 -0.151376 0.944230 -0.313961 -0.099286 0.141117 0.113395 0.983477
-6.760071 -18.489947 541.217451 397.811800 0.195019 0.971168 -0.137114 0.956367 -0.219302 -0.193050 0.217553 0.093483 0.971561
-6.444710 -17.042512 433.119417 374.106226 0.045453 0.989801 -0.135012 0.957221 -0.081815 -0.277551 0.285767 0.116621 0.951177
30.459857 -24.468474 -497.556223 2134.045903 0.968315 -0.236366 -0.080609 0.230703 0.970233 -0.073648 0.095618 0.052718 0.994021
34.006140 -28.809681 -769.950617 -2845.823222 0.979662 -0.198225 0.031122 -0.200347 -0.974899 0.097128 -0.011087 0.101388 0.994785
31.999358 -18.814111 -633.904577 1799.894133 0.944430 -0.320035 -0.075034 0.308404 0.941677 -0.134651 0.113751 0.104028 0.988048
33.849846 -18.063455 1021.169089 1811.943845 0.938690 -0.311278 -0.148214 0.295102 0.947720 -0.121416 0.178260 0.070234 0.981474
31.525344 -12.228484 -462.595162 1526.528965 0.915010 -0.393762 -0.087793 0.371050 0.906822 -0.199989 0.158361 0.150417 0.975857
30.814398 -12.284646 2120.608360 1363.426981 0.907962 -0.361083 -0.212658 0.329882 0.928835 -0.168653 0.258422 0.082979 0.962462
-4.956804 -26.380941 -103.066143 -1698.531918 -0.862444 -0.305116 0.403849 -0.283980 0.952158 0.112919 -0.418981 -0.017299 -0.907830
13.523667 -43.480802 -1023.292005 -835.653370 -0.073589 0.140414 0.987354 0.953040 -0.281731 0.111097 0.293767 0.949164 -0.113088
3.899372 -47.360689 -311.370177 -1510.231761 -0.155195 0.159883 0.974860 0.868465 -0.448242 0.211772 0.470832 0.879498 -0.069288
10.585437 -40.648493 -436.888089 -776.872329 0.024592 0.071140 0.997163 0.944729 -0.327853 0.000091 0.326929 0.942047 -0.075271
26.126280 -39.928598 -1558.852089 298.917224 0.142330 0.063858 0.987757 0.978838 -0.157317 -0.130874 0.147034 0.985481 -0.084898
-0.470514 -69.951542 -49.349523 -3634.359323 0.035502 0.648269 0.760584 -0.674848 -0.545784 0.496688 -0.737102 0.530912 -0.418107
-0.688322 -60.890088 37.896894 3201.154084 0.043955 0.645821 0.762223 0.801977 0.432152 -0.412404 -0.595735 0.629413 -0.498938
0.260998 -67.450006 -217.792870 -3834.144531 0.032045 0.655189 0.754785 -0.713036 -0.514205 0.476626 -0.700394 0.553463 -0.450696
-0.960708 -67.039096 -19.402073 -4375.556289 0.041184 0.648175 0.760377 -0.779871 -0.454872 0.429991 -0.624584 0.610705 -0.486760
0.169543 -77.931141 -150.958864 -3888.050621 0.027520 0.645447 0.763309 -0.555429 -0.625000 0.548519 -0.831108 0.439060 -0.341300
-0.778675 -80.883805 45.983961 3204.425994 0.042629 0.641013 0.766346 0.487506 0.656185 -0.575986 -0.872079 0.398151 -0.284525
-1.343291 -78.339254 -1.981464 -4430.280886 0.040726 0.644627 0.763412 -0.620817 -0.582341 0.524849 -0.782897 0.495313 -0.376479
-0.553683 -70.491283 90.713897 -2672.805512 -0.130280 0.648563 0.749929 0.926572 -0.189526 0.324875 0.352833 0.737188 -0.576249
-0.348655 -76.286151 143.726825 -2999.017115 -0.155796 0.650345 0.743492 0.833948 -0.316793 0.451854 0.529394 0.690431 -0.492999
-1.729776 -68.471241 152.338773 -2812.789159 -0.142928 0.649322 0.746963 0.916431 -0.198213 0.347658 0.373799 0.734230 -0.566728
-1.259757 -64.077160 166.373471 -1869.037831 -0.098226 0.641961 0.760419 0.975831 -0.087751 0.200133 0.195205 0.761699 -0.617826
-3.061865 -67.016791 297.095952 -3329.068917 -0.151425 0.655708 0.739673 0.907636 -0.204138 0.366776 0.391494 0.726893 -0.564233
-2.365421 -60.794810 198.406937 -2125.450696 -0.111643 0.645154 0.755852 0.969819 -0.095176 0.224485 0.216766 0.758102 -0.615056
-4.384795 -23.780126 535.227289 -262.444132 -0.320277 -0.335207 -0.886035 0.850322 0.310560 -0.424859 0.417583 -0.889488 0.185569
-2.530376 -21.825047 1053.408767 41.384868 -0.413479 -0.344792 -0.842706 0.838376 0.216877 -0.500090 0.355191 -0.913281 0.199391
-1.888879 -21.382401 765.987293 -326.274632 -0.372313 -0.335238 -0.865447 0.834771 0.286592 -0.470130 0.405636 -0.897486 0.173145
-1.360699 -21.076126 266.765073 -207.411047 -0.400084 -0.348251 -0.847735 0.793071 0.332026 -0.510683 0.459316 -0.876630 0.143349
-2.798792 -22.177346 1326.164220 -577.526301 -0.339307 -0.308084 -0.888794 0.822113 0.362072 -0.439356 0.457166 -0.879766 0.130426
-4.192624 -23.155454 833.901478 -688.400571 -0.285243 -0.302221 -0.909560 0.842651 0.373112 -0.388235 0.456700 -0.877183 0.148239
2.238420 -132.476861 380.533949 -4187.976392 -0.135987 0.715842 0.684893 -0.521606 0.536007 -0.663795 0.842280 0.447512 -0.300497
2.464430 -121.605918 409.296527 -11266.207828 -0.154186 0.728381 0.667598 -0.193875 0.640239 -0.743308 0.968834 0.244038 -0.042499
2.403181 -120.341988 4.280995 -4315.477058 -0.132970 0.723126 0.677796 -0.360322 0.601805 -0.712741 0.923302 0.338998 -0.180536
27.672102 -51.106822 -2726.109565 -19784.188889 -0.069627 0.457596 0.886430 0.057108 0.888958 -0.454415 -0.995937 0.018983 -0.088028
38.357825 -8.386061 1566.905348 -8660.166361 -0.044958 0.198162 0.979138 0.001755 0.980143 -0.198285 -0.998987 -0.007196 -0.044413
24.987892 -12.374100 -4117.852970 -9013.312952 -0.152700 0.206649 0.966426 0.018566 0.978321 -0.206259 -0.988098 -0.013554 -0.153226
1.919273 -77.764012 -684.495716 -33.493997 -0.234200 0.840248 0.489013 0.132950 0.525957 -0.840055 0.963055 0.131727 0.234890
0.223846 -82.252666 326.854453 -1863.468734 -0.252837 0.837835 0.483845 0.103885 0.520712 -0.847388 0.961915 0.163987 0.218693
3.370026 -83.430870 190.095470 3279.734124 -0.267155 0.862420 0.429953 -0.067301 0.428383 -0.901088 0.961300 0.269667 0.056403
0.739150 -72.071047 -925.633759 -8308.854797 -0.240243 0.815192 0.527016 0.304391 0.578798 -0.756531 0.921754 0.021332 0.387189
2.774779 -74.824962 -180.143054 3148.382478 -0.258093 0.838742 0.479479 0.071325 0.511481 -0.856329 0.963484 0.186814 0.191833
2.966808 -70.255843 -70.696662 -5947.464896 -0.251216 0.824649 0.506799 0.273825 0.562750 -0.779957 0.928391 0.057163 0.367181
17.308157 -458.103236 -4185.819703 40903.503632 -0.083615 0.764755 0.638872 0.967680 -0.090754 0.235284 0.237915 0.637897 -0.732450
3.741306 -512.212546 5251.093880 -152733.860460 -0.214973 0.794099 0.568501 0.833839 -0.153806 0.530148 0.508428 0.588006 -0.629087
6.254518 -438.343941 3609.980668 41107.497711 -0.077188 0.737287 0.671155 0.970534 -0.098556 0.219886 0.228265 0.668352 -0.707955
6.723289 -27.140862 2787.491486 -94.544328 0.929111 0.167463 -0.329711 -0.128934 0.982337 0.135607 0.346597 -0.083483 0.934292
-0.186136 -27.738150 1184.449016 -38.049888 0.940279 0.127151 -0.315767 -0.094336 0.988620 0.117181 0.327073 -0.080394 0.941573
-0.336805 -26.898517 1671.698495 -199.911446 0.937329 0.115834 -0.328627 -0.033444 0.968680 0.246048 0.346836 -0.219638 0.911847
7.509475 -26.175995 3341.961470 -285.128853 0.928673 0.154232 -0.337311 -0.064092 0.962491 0.263633 0.365319 -0.223210 0.903725
-2.791711 -26.352685 -173.586058 243.050260 0.948587 0.074497 -0.307624 -0.042050 -0.933630 -0.355761 0.313710 -0.350406 0.882497
0.452916 -25.870626 2400.807657 -239.781185 0.932690 0.100527 -0.346388 0.032835 0.932720 0.359102 0.359182 -0.346305 0.866638
0.855185 -45.068664 942.755550 -1926.205765 -0.165289 0.113227 -0.979724 0.280489 0.957763 0.063368 0.945519 -0.264328 -0.190066
-1.638901 -43.229326 590.900624 -1970.045835 -0.176027 0.049833 -0.983123 0.336776 0.941501 -0.012576 0.924984 -0.333306 -0.182512
-4.376898 -39.301124 457.789347 -1933.108163 -0.141417 0.147912 -0.978838 0.454908 0.887904 0.068448 0.879238 -0.435601 -0.192851
4.970410 -7.401773 -1074.195576 2159.953209 0.959960 0.055419 0.274599 0.216180 0.476867 -0.851976 0.178163 -0.877227 -0.445793
2.756571 -3.494356 -1818.817973 1152.393993 0.974955 0.052249 0.216176 0.168467 0.461070 -0.871225 0.145193 -0.885824 -0.440721
1.256362 -12.830253 -1114.639619 1979.833669 0.979797 0.098173 0.174241 0.113944 0.441976 -0.889760 0.164361 -0.891638 -0.421861
1.977436 -19.604982 -226.741166 3265.798250 0.941474 0.062612 0.331220 0.268099 0.456527 -0.848355 0.204329 -0.887503 -0.413022
5.382776 -15.214231 -427.509289 3683.484534 0.915713 0.027922 0.400861 0.335363 0.496442 -0.800673 0.221360 -0.867621 -0.445235
-3.883553 -69.479063 -247.057329 -4292.749345 -0.169189 0.502731 0.847724 -0.209739 0.822057 -0.529369 -0.963008 -0.267364 -0.033640
-5.251856 -83.326879 -9.424391 -2555.056374 -0.148041 0.457582 0.876757 0.061045 0.889063 -0.453697 -0.987095 -0.013644 -0.159551
-5.025241 -77.873683 -134.018543 -2519.359395 -0.167814 0.463231 0.870204 0.070018 0.886094 -0.458187 -0.983329 -0.015960 -0.181133
-3.813559 -16.949695 -360.456451 29.217156 0.813347 0.483649 -0.323342 -0.253613 0.794949 0.551123 0.523590 -0.366250 0.769229
-6.045065 -17.888799 -353.874611 74.045762 0.770574 0.580221 -0.263740 -0.275328 0.676246 0.683290 0.574812 -0.453911 0.680849
-6.620015 -17.933478 -451.695998 50.503530 0.781610 0.540157 -0.311955 -0.288504 0.756458 0.586972 0.553038 -0.368783 0.747093
6.411570 -48.424532 -9072.092303 -3629.986664 0.813681 0.374155 -0.444895 0.552831 -0.261440 0.791219 -0.179725 0.889751 0.419573
-14.713627 -38.052846 4976.743245 561.519293 -0.583985 -0.361927 0.726615 0.789138 -0.043252 0.612692 -0.190322 0.931202 0.310869
16.752321 -53.765758 -11350.340448 -9142.066247 0.648183 0.473665 -0.596239 0.640725 0.083874 0.763175 -0.411498 0.876702 0.249123
-50.979028 -907.572746 -75344.081007 273871.185929 -0.397454 0.914186 0.079331 -0.234209 -0.184654 0.954489 -0.887230 -0.360785 -0.287503
95.994669 -633.834154 -77532.979026 -83963.960077 -0.438798 0.890904 0.117245 -0.279227 -0.259204 0.924579 -0.854101 -0.372966 -0.362502
-108.544995 -567.019542 -51580.269849 -21809.004860 -0.312421 0.947746 -0.064587 0.089363 0.097010 0.991263 -0.945731 -0.303920 0.115001
-332.265674 -1440.174688 -130143.523347 767780.161881 -0.232538 0.956639 -0.175405 0.022734 0.185646 0.982354 -0.972322 -0.224447 0.064918
-610.804690 -1843.531192 -193571.554869 -479126.405233 -0.427781 0.721353 -0.544659 0.213232 0.666107 0.714726 -0.878371 -0.189607 0.438764
-283.447304 -1339.420833 -58484.168010 -267285.886043 -0.463700 0.744260 -0.480687 0.243325 0.628656 0.738637 -0.851925 -0.225543 0.472604
-10.662803 -82.222463 -1559.144110 18863.667946 0.446725 -0.847818 0.285730 0.799966 0.235513 -0.551895 0.400614 0.475120 0.783435
-11.297802 -158.600498 -1930.108043 30788.413198 0.426094 -0.857665 0.287845 0.878011 0.315359 -0.360064 0.218040 0.406152 0.887411
-20.344591 -94.286515 -2371.078052 19808.874991 0.434443 -0.868571 0.238418 0.796296 0.246683 -0.552323 0.420918 0.429804 0.798809
-16.928718 -28.055249 1753.305684 5021.754989 -0.064040 0.890213 -0.451020 0.890745 -0.152790 -0.428051 0.449968 0.429157 0.783169
2.707601 -92.246216 -367.688243 -20842.550712 -0.415318 0.889193 -0.191957 0.277180 0.324681 0.904297 -0.866419 -0.322364 0.381313
0.677648 -75.943004 -599.134219 -16811.444231 -0.444719 0.868765 -0.217882 0.244173 0.351643 0.903730 -0.861745 -0.348705 0.368511
4.105402 -35.327107 -428.976409 -5822.812083 -0.413893 0.889562 -0.193318 0.232223 0.308511 0.922439 -0.880208 -0.336898 0.334267
4.742564 -42.073582 -81.573399 -7337.253667 -0.370342 0.914928 -0.160477 0.263064 0.268993 0.926520 -0.890867 -0.300914 0.340304
5.271000 -19.653307 -468.106747 53.472601 -0.429458 0.863496 -0.264463 0.180510 0.369011 0.911727 -0.884863 -0.343810 0.314345
5.874261 -24.558310 -143.936373 -161.271303 -0.374817 0.908063 -0.186906 0.226660 0.285240 0.931270 -0.898965 -0.306691 0.312735
-2.437725 -10.525428 -528.408934 486.793655 0.888489 0.297430 -0.349461 0.349756 0.054090 0.935278 -0.297082 0.953210 0.055970
1.691956 -10.257199 -815.238287 -138.933775 0.863331 0.302750 -0.403735 0.410101 0.045303 0.910914 -0.294070 0.951993 0.085046
-1.999911 -10.691678 -734.540297 -396.262514 0.876206 0.305924 -0.372390 0.379666 0.037768 0.924352 -0.296846 0.951307 0.083056
-20.724037 -28.992009 516.423864 440.200021 0.258946 0.928417 0.266437 0.943211 -0.302482 0.137326 0.208088 0.215747 -0.954019
-19.487438 -29.092796 -22.296348 64.484468 0.288355 0.885540 0.364238 0.940578 -0.333206 0.065472 0.179344 0.323715 -0.929002
-20.077746 -28.882116 137.885719 -131.456092 0.287591 0.917434 0.274966 -0.905236 0.354141 -0.234802 0.312793 0.181382 -0.932342
-22.408225 -28.850012 534.443247 -375.978134 0.223713 0.964475 0.140502 -0.922787 0.255996 -0.287978 0.313715 0.065229 -0.947274
-21.478889 -29.180585 397.333853 231.518995 0.268570 0.948347 0.168845 -0.869014 0.314160 -0.382254 0.415554 0.044066 -0.908500
-19.702277 -29.340310 24.410014 202.496292 0.272550 0.915271 0.296641 -0.862092 0.369211 -0.347103 0.427216 0.161129 -0.889676
32.699417 -52.246471 1317.679040 -3144.227316 -0.781194 -0.464706 0.416874 -0.419217 0.885292 0.201285 -0.462593 -0.017517 -0.886398
29.411861 -48.270665 661.004279 2155.903582 -0.774092 -0.502340 0.385274 -0.303606 0.828600 0.470367 -0.555522 0.247136 -0.793926
28.538094 -45.308590 -10.151946 1349.093674 -0.728386 -0.490172 0.478733 -0.305774 0.857823 0.413088 -0.613152 0.154504 -0.774708
28.917639 -46.729288 265.401764 -2606.938747 -0.731581 -0.429197 0.529697 -0.381407 0.901659 0.203813 -0.565082 -0.052925 -0.823336
-90.506269 -5067.766455 -5154.290206 1260330.047883 -0.576116 0.304413 0.758567 0.632339 0.754048 0.177648 -0.517918 0.582017 -0.626911
-35.682892 -154.011259 8125.116804 47288.720605 0.636659 -0.175663 -0.750872 0.585107 0.744296 0.321983 -0.502310 0.644334 -0.576644
50.411347 -13195.922808 30864.878577 3414911.298332 0.756148 0.034842 -0.653472 0.387265 0.781126 0.489763 -0.527509 0.623400 -0.577154
-19.459281 -196.756426 -1311.409085 40286.412667 -0.497514 -0.054950 0.865713 0.290068 0.930004 0.225730 -0.817521 0.363420 -0.446751
-5.721160 -36.510716 2721.106622 -1076.732374 0.328549 -0.353564 0.875813 0.907505 0.375115 -0.189004 -0.261705 0.856902 0.444105
3.269879 -32.911917 2161.300398 -711.088998 0.339116 -0.336058 0.878672 0.931011 0.253899 -0.262209 -0.134976 0.906973 0.398975
-5.860197 -37.466468 2783.479753 -192.097635 0.427483 -0.320708 0.845224 0.900523 0.233267 -0.366941 -0.079482 0.918005 0.388523
-3.659039 -24.145901 711.304171 -157.250572 0.761428 0.174163 0.624416 0.309780 0.748374 -0.586492 0.569441 -0.640003 -0.515881
-4.058413 -26.527572 -595.289989 -139.557537 -0.784239 -0.195133 -0.588976 0.207919 0.811722 -0.545781 0.584584 -0.550482 -0.596012
-2.515222 -24.034873 -1366.833967 -109.991836 -0.760134 -0.222888 -0.610342 0.247062 0.769629 -0.588754 0.600963 -0.598324 -0.529954
-5.672360 -27.154736 41.123778 -214.713229 0.789536 0.143996 0.596572 0.265742 0.796007 -0.543833 0.553185 -0.587910 -0.590210
-2.923157 -22.083489 576.862165 -227.409821 0.744980 0.151106 0.649748 0.375300 0.710305 -0.595496 0.551503 -0.687483 -0.472453
-3.452229 -21.633868 414.499822 -587.450209 0.725105 0.104179 0.680713 0.450873 0.675342 -0.583633 0.520516 -0.730110 -0.442722
-5.090276 -24.511142 373.525387 -356.535858 0.759505 0.133892 0.636573 0.366741 0.720105 -0.589025 0.537265 -0.680825 -0.497819
407.330493 -23.219885 -92321.060533 -765.018271 0.817664 0.358224 -0.450668 0.316569 0.374067 0.871698 -0.480843 0.855424 -0.192459
110.796410 -70.798532 -73243.241716 16068.346562 0.071291 0.937768 0.339866 0.056931 -0.344003 0.937241 -0.995830 0.047468 0.077912
22.814837 -34.476721 -3619.801010 -1931.274700 0.568807 0.690847 0.446307 -0.391473 -0.249823 0.885628 -0.723331 0.678468 -0.128347
356.527423 -15.551895 -87296.300696 1075.202725 0.763125 0.537994 -0.358055 0.148279 0.393504 0.907286 -0.629010 0.745465 -0.220519
14.454405 -19.540664 897.408743 -7039.361185 0.683344 0.497776 0.534098 -0.547394 -0.134763 0.825953 -0.483116 0.856772 -0.180390
65.039239 -12.658637 -10067.626700 1179.247777 0.840136 0.531628 -0.107444 -0.019291 0.227263 0.973642 -0.542033 0.815919 -0.201187
-10.329198 -57.695470 -531.773235 1695.503608 -0.581345 0.470954 0.663506 0.074366 0.842802 -0.533061 -0.810252 -0.260550 -0.524982
-12.176269 -53.644479 -1020.573454 2613.019656 -0.612504 0.542744 0.574689 0.332198 0.836446 -0.435893 -0.717275 -0.076076 -0.692625
-6.636393 -60.933173 -860.206949 2614.561907 -0.617336 0.566277 0.546101 0.184250 0.778934 -0.599427 -0.764819 -0.269429 -0.585201
-1.204239 -73.875501 -124.264688 2276.764226 0.333011 0.287518 -0.898018 -0.542022 0.837673 0.067200 0.771567 0.464367 0.434795
-0.669924 -69.183494 -34.498009 1958.554611 0.309836 0.310519 -0.898654 -0.705016 0.709189 0.001978 0.637930 0.632952 0.438653
-0.724591 -80.044583 64.435033 2554.438954 0.327445 0.279519 -0.902579 -0.537454 0.840754 0.065390 0.777125 0.463683 0.425529
-0.817515 -79.916208 27.050665 383.517217 0.338571 0.255257 -0.905656 -0.333896 0.932455 0.137986 0.879706 0.255677 0.400932
-1.519352 -72.454671 -133.754185 -326.043771 0.339353 0.265384 -0.902447 -0.323724 0.933724 0.152850 0.883200 0.240273 0.402773
15.017721 -22.788454 1261.686575 48.074955 0.907704 0.334248 -0.253675 -0.419571 0.731270 -0.537778 -0.005753 -0.594578 -0.804017
11.162652 -22.787184 2630.639383 -64.691158 0.920972 0.357826 -0.154179 -0.381465 0.747495 -0.543816 0.079344 -0.559653 -0.824920
15.564068 -22.661374 1970.812533 -480.034013 0.913797 0.343924 -0.216083 -0.406113 0.782744 -0.471576 -0.006951 -0.518679 -0.854941
16.651215 -22.887981 -552.136954 -377.905473 0.897148 0.299449 -0.324740 -0.427266 0.774848 -0.465891 -0.112114 -0.556723 -0.823098
15.333366 -23.089922 -1173.898722 169.565297 0.888404 0.287184 -0.358140 -0.446753 0.720327 -0.530604 -0.105597 -0.631391 -0.768241
-10.547237 -2586.095284 -10438.141697 315394.574178 0.098287 0.944812 -0.312523 -0.579416 -0.200992 -0.789860 0.809084 -0.258714 -0.527684
7.172915 -2487.617649 -4722.307890 -3131326.143128 0.060731 0.950530 -0.304639 0.046010 -0.307544 -0.950421 0.997093 -0.043704 0.062412
-11.486982 -4813.043989 123.096322 -7768702.167757 0.007667 0.978352 -0.206806 -0.160980 -0.202907 -0.965875 0.986928 -0.040697 -0.155939
-6.814586 -20.882304 46.620031 214.764673 0.674336 -0.683845 -0.278617 0.540994 0.714332 -0.443909 0.502590 0.148614 0.851656
-6.258043 -20.599077 213.591945 -213.309248 0.686053 -0.657894 -0.310656 0.452226 0.720088 -0.526275 0.569932 0.220565 0.791535
-6.977765 -21.473917 -32.433123 -158.565188 0.716911 -0.632601 -0.293011 0.433846 0.733811 -0.522780 0.545726 0.247665 0.800528
2.611742 -59.215916 -76.954520 405.544429 -0.615118 0.779013 0.121529 0.658398 0.422728 0.622747 0.433754 0.463077 -0.772928
3.398857 -58.878417 -197.616561 -733.758513 -0.623257 0.773236 0.116865 -0.573970 -0.350810 -0.739926 0.531140 0.528241 -0.662459
3.280629 -59.257016 -218.740315 52.980052 -0.620444 0.774488 0.123364 0.681895 0.455050 0.572669 0.387388 0.439430 -0.810452
-11.304235 -75.351990 554.227346 -7984.463806 0.151966 0.717391 0.679895 0.978663 -0.205462 -0.001952 0.138292 0.665685 -0.733307
-12.857617 -77.609776 293.297524 -9335.015957 0.144747 0.762568 0.630507 0.988061 -0.145369 -0.051015 0.052753 0.630364 -0.774505
-11.461860 -62.024708 391.155203 -7012.617787 0.115180 0.733953 0.669363 0.990932 -0.037960 -0.128891 -0.069191 0.678139 -0.731670
-9.462454 -61.062138 551.790021 -5257.561379 0.116078 0.693578 0.710968 0.992464 -0.109293 -0.055418 0.039268 0.712043 -0.701037
-9.713455 -76.756481 640.816846 -6192.648770 0.144564 0.680060 0.718763 0.958126 -0.277660 0.070002 0.247177 0.678545 -0.691723
-9.863737 -22.326780 -141.069456 -77.479892 0.903298 0.094058 -0.418576 -0.378172 0.635284 -0.673350 -0.202581 -0.766529 -0.609421
-9.638600 -22.491312 -34.767420 -409.300740 0.891208 0.153983 -0.426659 -0.431565 0.577420 -0.693064 -0.139641 -0.801796 -0.581054
-8.901224 -21.474028 -108.058626 -455.416046 0.869149 0.138437 -0.474779 -0.470273 0.528450 -0.706813 -0.153048 -0.837601 -0.524405
-7.760291 -19.421157 -378.713581 -542.391964 0.834166 0.146941 -0.531578 -0.537089 0.435433 -0.722450 -0.125309 -0.888148 -0.442144
-6.953344 -20.135563 -400.966888 -518.802454 0.819290 0.134992 -0.557262 -0.548263 0.468937 -0.692464 -0.167843 -0.872855 -0.458206
-2.240009 -64.509453 -14.455726 -1417.979264 -0.488264 0.872234 0.028382 -0.103656 -0.090255 0.990510 -0.866518 -0.480688 -0.134481
-2.188489 -65.895091 -39.088194 -2084.816717 -0.499956 0.865291 0.036273 -0.077394 -0.086354 0.993254 -0.862586 -0.493776 -0.110142
-2.309927 -69.949317 36.477667 -1107.356004 -0.484587 0.874170 0.031653 0.068385 0.001784 0.997657 -0.872066 -0.485617 0.060644
0.872487 -96.646859 -352.463655 34266.771498 -0.122259 -0.639820 -0.758737 0.845475 -0.467540 0.258027 -0.519831 -0.609947 0.598113
10.388255 -21.502498 825.799024 22813.210222 0.001513 -0.684381 -0.729123 0.905155 -0.308998 0.291916 -0.425079 -0.660411 0.619004
8.011584 -33.664821 -302.510609 19494.918179 -0.226272 -0.557894 -0.798471 0.862603 -0.495536 0.101787 -0.452457 -0.665731 0.593367
2.613255 -58.750661 -1126.823541 28943.450741 -0.039449 -0.690987 -0.721790 0.892649 -0.348976 0.285296 -0.449023 -0.633050 0.630576
-9.917508 -525.336723 5010.527351 -87929.016618 -0.139237 -0.357263 -0.923567 0.988520 0.005100 -0.151002 0.058657 -0.933990 0.352452
-4.782688 -462.794858 2270.478967 6225.726821 -0.161105 -0.346881 -0.923969 0.948602 -0.312816 -0.047961 -0.272396 -0.884206 0.379448
-5.981853 -543.979700 2573.539234 -103934.892858 -0.171690 -0.335408 -0.926296 0.984383 -0.021299 -0.174744 0.038882 -0.941832 0.333827
162.186457 -557.949275 -15775.308856 -160961.763171 0.193760 -0.980956 0.013496 0.981042 0.193792 0.001078 -0.003673 0.013031 0.999908
69.068838 -1054.973034 67922.158777 -382459.417692 -0.328290 0.939355 -0.099187 0.777284 0.328318 0.536690 -0.536708 -0.099094 0.837929
247.731771 -828.952540 91339.323907 -276685.016912 -0.393367 0.760749 -0.516259 0.783868 0.570949 0.244065 -0.480430 0.308672 0.820919
433.317644 -746.106808 -196255.821152 246747.135122 0.544739 -0.452373 0.706129 0.687179 -0.241842 -0.685053 0.480671 0.858412 0.179120
376.306511 -1085.054218 -82534.479885 -112845.497582 0.398570 -0.468400 0.788507 0.837192 0.536881 -0.104254 -0.374501 0.701684 0.606125
161.213016 -2881.557602 -71118.244885 -1508048.559241 0.254381 -0.266520 0.929654 0.921770 0.357682 -0.149680 -0.292628 0.895003 0.336658
3.467977 -23.746378 1074.186431 160.906059 -0.885853 -0.241268 0.396301 -0.113739 0.941022 0.318654 -0.449810 0.237205 -0.861049
4.217495 -21.593042 902.058877 329.203566 -0.891426 -0.232921 0.388725 -0.052836 0.905369 0.421326 -0.450075 0.355042 -0.819376
5.556005 -23.406848 -485.038004 388.055168 -0.897028 -0.239901 0.371197 -0.100888 0.928835 0.356494 -0.430304 0.282336 -0.857394
13.408270 -22.999561 -2752.494623 627.899084 -0.904714 -0.239721 0.352174 -0.090320 0.915800 0.391347 -0.416335 0.322249 -0.850189
14.008670 -25.325031 -3020.178539 387.861184 -0.901665 -0.247280 0.354757 -0.153905 0.950159 0.271129 -0.404120 0.189868 -0.894783
2.669752 -5.146927 360.927450 -42.863138 0.855351 0.203182 0.476541 0.369509 0.405447 -0.836107 0.363094 -0.891252 -0.271722
4.899453 -3.819477 453.386477 143.839037 0.771356 0.115075 0.625914 0.531928 0.423352 -0.733366 0.349374 -0.898627 -0.265344
2.823887 -4.663495 443.129573 202.450665 0.863412 0.217567 0.455174 0.348886 0.394209 -0.850222 0.364414 -0.892896 -0.264459
0.891134 -6.493302 209.243454 -329.884932 0.915990 0.307738 0.257410 0.145247 0.343713 -0.927774 0.373987 -0.887220 -0.270140
0.464548 -6.444123 269.170387 -233.878032 0.916802 0.309707 0.252104 0.143066 0.334669 -0.931412 0.372836 -0.889988 -0.262517
2.458356 -4.713188 366.772121 79.553321 0.849414 0.203268 0.487009 0.386157 0.389593 -0.836122 0.359692 -0.898276 -0.252433
-13.328495 -20.325981 699.980322 234.553977 0.807761 0.268614 -0.524755 -0.451272 0.854506 -0.257240 -0.379309 -0.444596 -0.811455
-9.179362 -18.335172 1851.633371 170.169177 0.746415 0.433589 -0.504841 -0.570115 0.807937 -0.149016 -0.343268 -0.399046 -0.850253
-10.195738 -19.127246 1237.825571 474.659375 0.847792 0.237239 -0.474306 -0.417953 0.849412 -0.322204 -0.326442 -0.471400 -0.819279
-12.240111 -21.092425 244.591332 81.670813 0.841836 0.164800 -0.513958 -0.394600 0.837611 -0.377755 -0.368243 -0.520815 -0.770162
-13.041237 -21.724527 -571.566743 -107.518635 0.755823 0.280480 -0.591661 -0.491808 0.839725 -0.230190 -0.432269 -0.464967 -0.772625
-2.201692 -434.649592 1381.979879 -103635.290098 -0.092040 0.968034 -0.233323 0.783838 -0.074075 -0.616532 0.614107 0.239633 0.751963
-36.983449 -7601.478479 -19599.417349 -3006976.975846 0.043108 0.936577 -0.347800 0.678054 -0.283099 -0.678305 0.733747 0.206587 0.647253
-0.428795 -318.475516 732.930060 -80697.041274 -0.066548 0.973166 -0.220272 0.840433 -0.064322 -0.538085 0.537815 0.220932 0.813600
53.420782 -235.223698 -1421.641710 -70992.706834 -0.145216 0.431074 -0.890554 0.985951 0.138142 -0.093903 0.082544 -0.891679 -0.445079
39.691251 -87.901788 -4186.419656 -23879.917035 -0.133176 0.255605 -0.957565 0.991089 0.036927 -0.127982 0.002647 -0.966076 -0.258245
49.879200 -170.937463 -4848.962095 -44466.587192 -0.044851 0.230868 -0.971951 0.988241 0.152618 -0.009351 0.146179 -0.960941 -0.234998
58.084089 -205.016762 -3156.465606 -32460.340396 -0.064786 0.390141 -0.918473 0.878310 0.459191 0.133098 0.473682 -0.798081 -0.372414
877.824819 -2718.635709 370592.393602 -361917.104167 0.564204 -0.393931 -0.725598 0.570352 -0.449475 0.687511 -0.596970 -0.801742 -0.028916
1180.165987 -4622.042032 -503138.170203 2135392.514276 -0.136866 0.966418 0.217493 0.800707 -0.021334 0.598676 -0.583211 -0.256087 0.770898
85.624437 -427.791360 17297.447020 6679.377256 0.289372 -0.663103 -0.690332 0.905734 -0.043650 0.421593 -0.309693 -0.747254 0.587964
110.099145 -518.055230 53982.643084 15267.297926 0.460890 -0.439435 -0.771023 0.863114 0.019864 0.504618 -0.206431 -0.898055 0.388438
6.777373 -67.327343 242.112704 5753.570250 -0.581238 0.645056 0.496049 -0.040485 0.585918 -0.809358 0.812726 0.490513 0.314443
4.386395 -50.152575 -1292.520512 4944.131137 -0.552813 0.694088 0.461129 -0.117838 0.482699 -0.867822 0.824932 0.534082 0.185052
7.487003 -63.320294 -282.840875 3290.595647 0.560591 -0.605492 -0.564904 -0.018342 0.672929 -0.739480 0.827890 0.424908 0.366132
5.556864 -54.056889 -1421.644898 7630.844322 -0.576064 0.714723 0.396637 -0.164986 0.373585 -0.912805 0.800581 0.591274 0.097290
10.262462 -73.412841 -1136.644303 3028.973854 0.575420 -0.589569 -0.566834 0.092796 0.735660 -0.670964 0.812577 0.333486 0.478023
4.529416 -77.246177 453.875446 8356.627623 -0.596751 0.645250 0.477012 -0.103702 0.527462 -0.843226 0.795697 0.552663 0.247850
6.606450 -84.078730 -1303.927147 5196.497148 0.599059 -0.599144 -0.531182 0.060556 0.695394 -0.716073 0.798412 0.396804 0.452864
-23.674151 -47.341710 1089.651711 -15159.709716 0.825607 0.194043 -0.529830 -0.195522 -0.782443 -0.591231 0.529286 -0.591718 0.608051
-41.694539 -88.783221 -1452.281232 -29128.330326 0.834110 0.204476 -0.512298 -0.218172 -0.730720 -0.646877 0.506617 -0.651336 0.564890
-34.469444 -59.780074 5699.908890 -18815.789402 0.795458 0.590208 -0.137479 0.262521 -0.540074 -0.799626 0.546195 -0.599978 0.584549
-27.111027 -41.215445 107.288974 1816.982190 -0.535204 -0.382653 0.753083 0.664958 -0.740654 0.096238 0.520948 0.552275 0.650849
-21.856494 -37.591403 -543.909485 -357.697585 0.719930 0.015361 -0.693876 -0.388471 0.837398 -0.384520 0.575144 0.546378 0.608835
-19.518967 -35.164666 -313.631576 -600.671647 0.731343 -0.216493 -0.646737 -0.189255 0.846617 -0.497415 0.655225 0.486179 0.578195
15.293081 -18.983198 -15556.893319 93.452975 0.395584 -0.666529 -0.631865 0.804685 0.583162 -0.111375 0.442714 -0.464394 0.767035
68.425154 -26.728276 -25592.507038 -1507.416886 0.542230 -0.564008 -0.622802 0.706056 0.707673 -0.026155 0.455492 -0.425551 0.781943
36.035790 -23.508808 -18928.036947 -798.136767 0.715935 -0.322413 -0.619263 0.503515 0.852882 0.138074 0.483641 -0.410660 0.772948
51.723962 -25.363212 -24377.630137 -2006.151682 0.657591 -0.428723 -0.619493 0.595155 0.799791 0.078257 0.461914 -0.420155 0.781092
50.224389 -11.322979 -6270.512969 -797.513943 -0.392820 0.031376 0.919080 0.717615 -0.614530 0.327692 0.575084 0.788269 0.218883
45.455982 -13.680564 -2550.774831 -1171.052929 -0.365848 -0.080676 0.927171 0.725417 -0.648822 0.229782 0.583032 0.756651 0.295894
59.489443 -15.722631 543.722691 -1557.725676 -0.494745 -0.187631 0.848541 0.740071 -0.602799 0.298210 0.455546 0.775518 0.437092
34.822169 -10.687611 -6320.800210 -396.725864 -0.242483 0.089306 0.966037 0.708545 -0.663880 0.239223 0.662696 0.742487 0.097703
59.258616 -16.530499 -566.226431 -522.523283 -0.540969 -0.162646 0.825166 0.727901 -0.582038 0.362480 0.421321 0.796730 0.433255
50.341922 -13.769721 -8957.893708 634.277069 -0.398872 0.094150 0.912161 0.694337 -0.618748 0.367486 0.598997 0.779927 0.181429
37.979423 -10.605265 -9377.193728 219.186195 -0.260810 0.173359 0.949697 0.703928 -0.639065 0.309971 0.660654 0.749362 0.044642
-2.846002 -5.873031 -2134.017109 -896.531157 0.901219 -0.257760 -0.348373 0.327606 -0.121012 0.937033 0.283687 0.958601 0.024615
0.649356 -4.893053 -1149.803003 -171.874993 0.881308 -0.263014 -0.392582 0.360935 -0.161545 0.918493 0.304996 0.951171 0.047440
0.694262 -5.219576 -2014.237434 -1144.037071 0.695227 -0.160745 -0.700586 0.655852 -0.256986 0.709800 0.294137 0.952953 0.073239
38.939228 -28.243673 2557.996066 929.520588 0.250483 0.395071 -0.883842 -0.672133 0.728030 0.134940 0.696775 0.560259 0.447900
48.048033 -38.636060 2484.417845 211.495532 0.340083 0.532779 -0.774913 -0.660523 0.721870 0.206429 0.669368 0.441645 0.597408
49.872125 -31.792992 -1441.942708 -1434.436020 -0.382806 -0.442045 0.811206 0.737835 -0.674700 -0.019477 0.555931 0.591080 0.584436
47.676013 -40.335574 332.233458 1625.555929 0.453639 0.540933 -0.708240 -0.722105 0.688853 0.063605 0.522279 0.482570 0.703101
49.531775 -31.099147 1475.609060 -2316.744923 -0.485820 -0.472013 0.735651 0.769744 -0.629782 0.104251 0.414092 0.616910 0.669290
-5.391383 -21.504559 -480.798724 -385.907336 0.951599 0.239581 -0.192512 0.253040 -0.255204 0.933189 -0.174445 0.936735 0.303475
-7.636450 -21.922840 -369.006605 -327.383473 0.969502 0.188742 -0.156341 0.204812 -0.273590 0.939788 -0.134605 0.943146 0.303902
-7.630887 -18.850281 -289.659588 -934.413329 0.970237 0.194577 -0.144150 0.177252 -0.165068 0.970224 -0.164989 0.966898 0.194644
-9.337517 -22.069989 -340.483635 -314.223123 0.979173 0.137800 -0.149102 0.182919 -0.280105 0.942381 -0.088096 0.950028 0.299477
-8.994258 -19.084080 -291.189273 -933.767243 0.979037 0.147239 -0.140738 0.164702 -0.165777 0.972312 -0.119831 0.975110 0.186552
-8.006861 -39.114786 184.734441 -4896.799518 -0.717883 -0.486441 0.498015 -0.438715 0.871557 0.218900 -0.540530 -0.061342 -0.839085
-9.604916 -51.489096 -179.707032 -4284.309717 -0.744844 -0.439098 0.502395 -0.245940 0.880605 0.405029 -0.620259 0.178124 -0.763905
-1.613209 -50.380680 -82.247402 261.247034 0.911392 0.387938 -0.137365 0.395945 -0.735555 0.549714 -0.112215 0.555394 0.823981
-1.920863 -53.180607 -65.012972 -1360.921990 0.915974 0.379962 -0.128923 0.398793 -0.826697 0.396909 -0.044230 0.414972 0.908759
-10.456154 -19.093397 -999.024540 296.915252 -0.338742 0.940866 -0.004999 0.875546 0.313270 -0.367806 0.344490 0.128968 0.929889
29.325228 -36.856552 -1312.719031 2741.628341 0.992639 -0.110003 0.050660 0.110139 0.993916 0.000109 -0.050363 0.005472 0.998716
48.969391 -39.630056 6254.795007 3634.423544 0.996100 -0.038850 0.079221 0.042685 0.997968 -0.047297 -0.077223 0.050494 0.995734
1.056566 -58.794000 -694.671407 136.482765 0.403461 -0.315603 -0.858844 -0.336986 0.821402 -0.460151 0.850682 0.475071 0.225051
-0.450162 -56.790289 -978.374344 -432.037244 0.414889 -0.318108 -0.852452 -0.141151 0.903048 -0.405686 0.898857 0.288639 0.329763
-1.903371 -58.194082 -918.782752 365.318632 0.400334 -0.292272 -0.868510 -0.359826 0.821512 -0.442316 0.842768 0.489587 0.223712
4.572687 -50.227197 -333.619488 -1260.537491 -0.229023 0.207638 0.951018 0.860108 -0.414312 0.297588 0.455809 0.886133 -0.083704
-0.178905 -54.373631 -145.580336 -1304.625366 -0.262805 0.215155 0.940554 0.735264 -0.586554 0.339620 0.624756 0.780809 -0.004047
-1.342003 -52.709429 -31.811180 -1459.629835 -0.220914 0.183542 0.957867 0.732582 -0.617119 0.287206 0.643832 0.765164 0.001871
0.144863 -57.429339 -262.968142 3171.910706 0.040912 0.659935 0.750208 0.820027 0.406805 -0.402574 -0.570861 0.631661 -0.524522
-0.934037 -52.588603 64.396601 1793.228599 0.049864 0.646749 0.761071 0.870574 0.345331 -0.350496 -0.489505 0.680046 -0.545823
-1.087675 -55.302309 83.303014 1792.625098 0.040224 0.644270 0.763739 0.888888 0.326028 -0.321844 -0.456355 0.691825 -0.559570
0.532069 -77.388862 377.195968 -1818.380484 -0.154086 0.639927 0.752829 0.849100 -0.303863 0.432083 0.505259 0.705805 -0.496541
13.690956 -95.640803 -779.743329 -499.299144 0.128682 -0.385688 -0.913611 -0.063321 0.916195 -0.395698 0.989662 0.108770 0.093476
8.484643 -86.968018 403.136366 -3688.172743 0.114986 -0.411385 -0.904180 0.209536 0.899782 -0.382737 0.971016 -0.145449 0.189662
8.066081 -91.552113 187.221711 -1533.077659 0.137404 -0.355969 -0.924341 -0.020630 0.931961 -0.361971 0.990300 0.068805 0.120712
-4.411467 -24.159190 153.967298 105.146772 -0.391018 -0.368957 -0.843194 0.840660 0.229793 -0.490393 0.374694 -0.900592 0.220315
-2.853219 -22.322478 577.848341 4.921079 -0.474377 -0.370581 -0.798522 0.823832 0.132822 -0.551053 0.310271 -0.919254 0.242288
3.428032 -93.932988 -1422.093883 -1271.165482 -0.315723 0.438066 0.841675 -0.500455 0.676752 -0.539955 -0.806141 -0.591697 0.005566
-0.932899 -88.072375 -708.404803 -4335.790033 -0.289621 0.448712 0.845445 -0.643117 0.562969 -0.519101 -0.708886 -0.694063 0.125527
-1.188755 -89.360106 -920.002098 -690.234243 -0.304119 0.456369 0.836205 -0.468372 0.692731 -0.548408 -0.829542 -0.558436 0.003078
1.786527 -107.221504 235.145601 -9754.223790 -0.137453 0.740009 0.658402 0.020168 0.666664 -0.745085 0.990303 0.089135 0.106560
2.143498 -107.169718 166.944870 -12096.691043 -0.147547 0.733164 0.663853 0.072717 0.677424 -0.731989 0.986378 0.059729 0.153265
2.611484 -87.634022 1352.833300 -134.033512 -0.297292 0.858706 0.417424 -0.101967 0.406136 -0.908106 0.949326 0.312536 0.033181
-1.671692 -90.292652 1510.572039 -4581.148623 -0.278928 0.825395 0.490838 0.064767 0.526129 -0.847935 0.958125 0.204723 0.200211
-1.699912 -77.580204 836.428111 -8469.684850 -0.272618 0.806645 0.524407 0.286004 0.588357 -0.756332 0.918630 0.056207 0.391101
16.374635 -329.147639 -2515.173531 41384.218738 -0.152777 0.789359 0.594618 -0.676744 0.354910 -0.645024 0.720192 0.500950 -0.479972
3.938640 -367.360169 2581.861636 13466.610729 -0.260292 0.786391 0.560211 -0.561477 0.348737 -0.750417 0.785488 0.509874 -0.350767
9.040164 -599.189212 4493.910726 -82512.952100 -0.142999 0.769196 0.622806 0.841690 -0.236539 0.485394 0.520681 0.593621 -0.613600
6.388601 -27.232829 2252.523424 138.674489 0.928320 0.180640 -0.324947 -0.191263 0.981539 -0.000763 0.318810 0.062859 0.945732
-9.874999 -21.773779 -171.811288 -1036.742094 0.047428 0.349772 -0.935634 0.803833 0.542680 0.243619 0.592961 -0.763648 -0.255420
-7.010214 -20.489913 111.300033 -430.863634 0.148437 0.444132 -0.883580 0.842546 0.411000 0.348132 0.517768 -0.796132 -0.313194
-6.889733 -21.945402 185.799131 -831.018548 0.057098 0.411780 -0.909493 0.834082 0.480975 0.270129 0.548677 -0.774016 -0.315995
