14321
28632
-36.635897 -53.632461 -2309.610519 7092.610763 -0.048108 0.979770 -0.194257 0.975745 0.004517 -0.218863 0.213558 0.200074 0.956223
-48.920115 -69.388255 356.160843 7497.618665 0.193313 -0.952961 0.233441 0.980052 0.176368 -0.091607 0.046126 0.246494 0.968046
-43.852420 -76.923643 1256.901830 12182.839292 0.425147 -0.894261 0.139810 0.900418 0.402130 -0.165945 0.092177 0.196438 0.976174
-38.957583 -55.086291 -786.001060 4715.707548 -0.286310 -0.903206 0.319758 0.944954 -0.321352 -0.061604 0.158396 0.284519 0.945494
-28.639885 -76.751084 -6842.479038 16392.396817 -0.419166 0.907219 -0.035415 0.882652 0.398058 -0.249951 0.212663 0.136030 0.967611
-23.470217 -49.867261 -5694.703584 9183.750084 -0.175510 0.981554 -0.075819 0.936004 0.142504 -0.321853 0.305112 0.127455 0.943749
-25.870369 -39.187564 -1927.826112 3940.760270 0.407798 0.867522 -0.284792 0.860092 -0.469673 -0.199121 0.306501 0.163746 0.937680
-31.408713 -46.036425 -524.174056 2696.122552 -0.585245 -0.725711 0.361708 0.771899 -0.635231 -0.025557 0.248315 0.264245 0.931941
-17.094564 -54.465335 3582.581157 -20786.615964 0.301121 0.950923 0.071220 0.894137 -0.307517 0.325503 -0.331430 0.034336 0.942855
-13.597660 -80.189833 11174.310832 -11032.488172 0.066689 0.992571 -0.101758 0.987445 -0.051018 0.149498 -0.143196 0.110450 0.983512
3.133616 -53.650867 14353.988824 -24873.860275 0.073663 0.991575 -0.106548 0.926272 -0.028433 0.375781 -0.369586 0.126373 0.920563
-53.394881 -76.491709 308.071780 265.189499 -0.419336 -0.770213 0.480551 0.792929 -0.052982 0.607006 -0.442063 0.635582 0.632942
-53.213468 -74.183081 269.446457 1687.325626 -0.507775 -0.693241 0.511450 0.733285 -0.036193 0.678958 -0.452170 0.719797 0.526721
-55.222157 -77.019796 2286.114050 99.624433 -0.415445 -0.765714 0.491006 0.692761 0.083468 0.716320 -0.589480 0.637742 0.495781
-54.838505 -76.251739 -542.622702 -60.376903 0.320728 0.822808 -0.469170 0.737576 0.093802 0.668718 -0.594236 0.560525 0.576798
47.291637 -76.766907 3360.001348 7236.094254 0.613360 0.789303 -0.028102 0.734692 -0.583258 -0.346464 0.289856 -0.191861 0.937642
47.155204 -86.091791 4031.375749 4624.229951 0.674042 0.738682 0.003987 0.718790 -0.654627 -0.234102 0.170317 -0.160661 0.972204
37.382042 -81.375778 1759.120124 237.538688 0.632313 0.773407 -0.044977 0.760934 -0.630920 -0.151390 0.145463 -0.061501 0.987450
4.766802 -40.144157 -5605.366704 2987.724982 0.250781 0.967865 -0.018597 -0.437137 0.096083 -0.894248 0.863724 -0.232390 -0.447186
1.549001 -34.746531 -4217.822436 2834.455392 0.260003 0.965608 0.000438 -0.498327 0.134570 -0.856482 0.827085 -0.222469 -0.516177
-3.562526 -41.342046 -2630.110721 2765.145769 0.208740 0.975516 -0.069260 -0.449959 0.032920 -0.892442 0.868312 -0.217452 -0.445813
-1.036140 -46.399450 -3460.671659 2761.847850 0.206261 0.975302 -0.079004 -0.365742 0.001956 -0.930714 0.907573 -0.220865 -0.357113
-8.458476 -48.592892 -1044.199336 2030.586307 0.151931 0.978911 -0.136568 -0.373534 -0.071057 -0.924891 0.915090 -0.191532 -0.354861
-8.316987 -43.155938 -1003.387367 2776.268941 0.164534 0.979709 -0.114445 -0.468378 -0.024510 -0.883188 0.868073 -0.198919 -0.454842
-9.553705 -53.772888 906.062248 1152.637901 -0.247348 -0.968824 0.014128 0.968926 -0.247339 0.002382 0.001186 0.014278 0.999897
-7.999833 -46.363316 -1237.859759 948.200200 0.295980 0.955151 -0.009040 0.944478 -0.294060 -0.146596 0.142680 -0.034851 0.989155
-10.076087 -49.222360 -564.097763 -23.787680 0.286321 0.957183 -0.042670 0.956660 -0.288067 -0.042662 0.053127 0.028606 0.998178
-10.735571 -56.397060 275.538113 3582.198585 -0.238573 -0.969735 0.051932 0.970404 -0.235994 0.051222 -0.037416 0.062615 0.997336
-10.772395 -49.686351 -180.069496 600.811511 -0.296129 -0.952310 0.073571 0.954850 -0.297081 -0.002099 0.023856 0.069627 0.997288
2.971440 -62.767803 795.847300 -3293.108170 0.244639 0.969426 -0.019099 0.683285 -0.186339 -0.705974 0.687949 -0.159659 0.707980
2.587169 -59.830774 142.473890 -2738.483256 0.261914 0.964980 -0.014672 0.736129 -0.209585 -0.643575 0.624112 -0.157760 0.765242
1.491047 -59.990784 605.940320 -2779.514516 0.214148 0.976707 0.013588 0.773370 -0.161035 -0.613161 0.596691 -0.141816 0.789841
3.406882 -66.402096 -644.418126 -3432.402436 0.304708 0.950992 -0.052612 0.592914 -0.232626 -0.770933 0.745390 -0.203715 0.634740
1.115968 -66.026916 867.332792 -3838.223565 0.208106 0.977909 0.019629 0.700477 -0.135000 -0.700790 0.682659 -0.159589 0.713097
4.300867 -69.739369 60.589257 -2927.264562 0.271237 0.961798 -0.037090 0.573181 -0.192359 -0.796531 0.773236 -0.194790 0.603459
-9.179904 -116.698953 -2114.313065 -2893.359963 -0.074938 0.982233 0.172054 -0.465423 -0.187045 0.865099 -0.881910 0.015248 -0.471170
-6.697637 -122.395334 -1682.189609 -3974.199952 -0.062473 0.988229 0.139642 -0.548034 -0.150901 0.822732 -0.834120 0.025130 -0.551011
-7.154244 -119.194575 -2103.012213 2464.306519 -0.087697 0.980308 0.176932 -0.257564 -0.193891 0.946608 -0.962273 -0.037443 -0.269495
-1.029191 -116.511614 -313.579770 14451.873590 -0.086665 0.979627 0.181166 0.111622 -0.171157 0.978900 -0.989965 -0.105058 0.094514
-1.477136 -117.695301 -214.467392 8897.108701 -0.083550 0.981496 0.172291 -0.015254 -0.174135 0.984604 -0.996387 -0.079636 -0.029521
-0.521654 -131.903396 10.493113 6478.707731 -0.075054 0.983530 0.164426 -0.170645 -0.175126 0.969645 -0.982470 -0.044717 -0.180979
0.234582 -122.940033 -327.502743 10567.862434 -0.090483 0.979965 0.177427 -0.019055 -0.179829 0.983513 -0.995716 -0.085611 -0.034945
21.834833 -45.624316 -5080.045127 3279.729054 0.362783 0.769401 -0.525748 0.723944 0.122548 0.678887 0.586766 -0.626900 -0.512545
25.628013 -44.630570 -5851.198262 -1458.297322 0.376823 0.766785 -0.519660 0.791391 0.025030 0.610797 0.481357 -0.641416 -0.597395
13.597591 -44.079201 -6516.329046 189.046412 0.355569 0.751060 -0.556309 0.786389 0.081280 0.612360 0.505136 -0.655212 -0.561725
-13.741301 -26.011502 -229.522352 -2284.576726 0.100864 0.968134 0.229222 0.718425 -0.230260 0.656389 -0.688253 -0.098472 0.718757
-13.406173 -23.582750 340.714282 1329.270373 -0.006830 0.990362 0.138334 0.706877 -0.093067 0.701187 -0.707304 -0.102574 0.699428
-12.838421 -24.297236 165.537625 -2136.823727 0.058729 0.971755 0.228567 0.721088 -0.199632 0.663459 -0.690349 -0.125852 0.712446
-14.294526 -24.243224 -263.856984 807.091828 -0.006333 0.995200 0.097655 0.704559 -0.064860 0.706675 -0.709617 -0.073279 0.700767
-15.090442 -26.633155 -917.330012 -2741.365125 0.091266 0.980569 0.173653 0.721287 -0.185323 0.667383 -0.686597 -0.064344 0.724186
10.552494 -126.458599 1694.837775 -3191.947182 0.681844 -0.514124 0.520350 0.731043 0.453869 -0.509489 0.025770 0.727791 0.685315
8.010785 -121.852762 652.848788 -1379.114040 0.679457 -0.511985 0.525557 0.723897 0.350986 -0.593954 0.119632 0.784015 0.609104
6.920142 -117.805218 -290.994822 -2160.892913 0.688348 -0.501859 0.523750 0.723238 0.530289 -0.442403 -0.055715 0.683323 0.727987
8.823189 -117.310201 781.688857 -4289.685623 0.695730 -0.497792 0.517845 0.702895 0.620326 -0.348042 -0.147980 0.606134 0.781475
10.084073 -123.200994 890.325908 1652.309927 0.704707 -0.476691 0.525503 -0.693172 -0.620553 0.366642 -0.151328 0.622639 0.767737
-8.571235 -78.389408 -310.335097 547.642123 0.040658 0.944461 0.326100 0.754513 0.184936 -0.629689 0.655024 -0.271648 0.705089
-7.157292 -85.756978 -55.081164 5280.510951 0.028001 0.942057 0.334282 0.848308 0.154499 -0.506462 0.528762 -0.297755 0.794828
-6.809218 -76.975363 -423.682340 2273.403934 0.068958 0.941390 0.330197 0.791104 0.150046 -0.592993 0.607782 -0.302112 0.734391
-7.753605 -83.848059 -730.575236 5105.457973 0.015104 0.941589 0.336426 0.840111 0.170503 -0.514919 0.542204 -0.290413 0.788464
-10.693328 -77.218242 -331.177324 -2081.719367 0.023862 0.947695 0.318285 0.641098 0.229786 -0.732251 0.767088 -0.221524 0.602082
-9.602424 -76.563480 -636.094820 59.980520 0.005239 0.944243 0.329209 0.764872 0.208286 -0.609580 0.644161 -0.254996 0.721134
-7.450030 -111.838609 1165.600043 2332.415606 0.093247 0.992783 -0.075408 -0.894773 0.116777 0.430981 -0.436676 -0.027285 -0.899205
-5.096532 -102.948332 3338.135687 1236.873272 0.118270 0.992129 -0.041142 -0.876352 0.123772 0.465498 -0.466926 0.019000 -0.884092
-4.072190 -112.119317 2417.494400 1251.258557 0.134151 0.989041 -0.061660 -0.949488 0.146100 0.277718 -0.283683 -0.021289 -0.958682
-1.362126 -113.791145 -1496.712086 -444.402108 0.093688 0.990631 -0.099360 -0.974353 0.111739 0.195321 -0.204594 -0.078513 -0.975693
-0.022389 -106.541891 2168.337583 -544.629836 0.160908 0.984583 -0.068599 -0.984234 0.165245 0.063073 -0.073436 -0.057369 -0.995648
-2.816820 -134.784652 -331.470546 3942.711027 0.735510 -0.429948 0.523611 0.221396 0.882939 0.414008 -0.640319 -0.188582 0.744600
-1.932329 -140.573732 227.593600 2852.090663 0.748104 -0.384256 0.541006 0.001594 0.816320 0.577597 -0.663579 -0.431241 0.611305
-2.709173 -151.013332 522.465247 9311.123427 0.747462 -0.409674 0.522941 0.137111 0.865392 0.481972 -0.650001 -0.288555 0.703018
-1.861769 -129.696086 418.558719 3302.275606 0.740759 -0.398309 0.540949 0.088508 0.856106 0.509164 -0.665915 -0.329289 0.669422
-3.518136 -135.932745 632.950405 9604.696692 0.741551 -0.441935 0.504773 0.319893 0.894263 0.312990 -0.589721 -0.070625 0.804513
-3.672763 -128.467302 140.957217 1968.663639 0.739436 -0.427300 0.520239 0.280537 0.898036 0.338866 -0.611991 -0.104623 0.783914
-4.243879 -131.109932 -651.223954 -102.915460 0.739586 -0.434006 0.514443 0.375686 0.900379 0.219495 -0.558456 0.030934 0.828957
-10.573196 -32.279879 -1264.815155 75.148094 -0.376265 0.772308 0.511826 0.708328 0.595880 -0.378416 0.597240 -0.220155 0.771256
-11.938877 -33.987131 -6025.939834 -1697.267149 -0.111106 0.920619 0.374320 0.753319 0.323684 -0.572484 0.648202 -0.218376 0.729484
-19.701250 -30.946166 -130.579099 475.039046 -0.317549 0.841210 0.437640 0.681687 0.523333 -0.511297 0.659140 -0.135971 0.739626
-9.395043 -34.088181 -463.393903 931.923567 0.603066 -0.528951 -0.597095 0.534945 0.823438 -0.189168 0.591731 -0.205332 0.779546
-1.406093 -33.456425 -2685.556983 -33.461079 -0.436280 0.700660 0.564567 0.718786 0.648818 -0.249765 0.541302 -0.296836 0.786690
60.763333 -96.641353 16478.930198 13397.148441 -0.819604 0.050639 -0.570689 0.309164 0.877705 -0.366130 0.482356 -0.476517 -0.735026
33.968233 -122.846070 -10259.095110 18550.050092 0.785825 -0.246686 0.567120 0.467725 0.836998 -0.284021 0.404614 -0.488447 -0.773115
80.176260 -143.233467 -24407.090699 24660.677755 0.842189 -0.137934 0.521240 0.426090 0.762650 -0.486634 0.330400 -0.631933 -0.701068
103.097891 -118.231274 -17809.089054 23012.353160 0.810958 0.112022 0.574281 0.303660 0.758392 -0.576743 0.500138 -0.642100 -0.581007
-94.710629 -1686.533004 115534.492735 -844458.760730 0.506194 -0.099710 -0.856636 0.674049 -0.573882 0.465100 -0.537983 -0.812845 -0.223286
6.885237 -241.773764 -20988.213528 78326.230114 0.651310 -0.538549 0.534566 0.502249 -0.222118 -0.835709 -0.568807 -0.812791 -0.125818
37.077861 -101.526005 -19963.025220 54677.052914 0.808981 -0.531367 0.251394 0.340931 0.075734 -0.937033 -0.478869 -0.843750 -0.242427
1.902247 -24.440937 -11596.121490 11542.003025 0.850543 -0.507919 -0.136365 0.011881 0.277787 -0.960569 -0.525772 -0.815385 -0.242305
4.869650 -118.593033 -184.740522 -6435.769993 0.735643 -0.396884 0.548919 0.220804 0.906609 0.359591 -0.640371 -0.143327 0.754574
5.599167 -126.531089 -1048.771315 -2348.602976 0.722070 -0.396043 0.567243 0.397398 0.908603 0.128511 -0.566295 0.132627 0.813462
6.032946 -127.242007 -307.634872 -2834.029790 0.735136 -0.410027 0.539864 0.340558 0.911940 0.228879 -0.586170 0.015598 0.810038
13.351415 -32.576953 7562.159826 232.996698 -0.709235 0.259087 -0.655637 0.126501 0.961695 0.243188 0.693529 0.089539 -0.714843
13.951508 -33.410161 9590.972185 240.156078 -0.716963 0.277283 -0.639593 0.200796 0.960748 0.191427 0.667567 0.008818 -0.744498
24.532794 -33.176904 7632.271602 483.598157 -0.708863 0.183904 -0.680949 0.113212 0.982560 0.147508 0.696201 0.027472 -0.717321
43.988317 -64.545638 -7271.022746 7310.750479 0.186130 -0.635407 0.749409 0.302714 0.762721 0.571508 -0.934730 0.120482 0.334312
63.131912 -74.484969 -8407.755304 5115.804686 0.198996 -0.665651 0.719242 0.125298 0.745178 0.654988 -0.971957 -0.040221 0.231692
40.056476 -65.588972 4673.575926 5014.613502 -0.105594 0.716235 -0.689824 0.250685 0.690470 0.678533 -0.962292 0.101279 0.252459
25.964010 -55.382562 2799.752767 4533.110583 -0.093939 0.721366 -0.686153 0.382286 0.662502 0.644164 -0.919257 0.201795 0.338003
27.479569 -51.679079 -5057.190438 5231.263332 0.163347 -0.646441 0.745273 0.410874 0.731365 0.544324 -0.896940 0.217299 0.385072
37.874442 -55.832322 -5675.549434 6458.762405 0.283237 -0.549765 0.785834 0.372466 0.818126 0.438109 -0.883768 0.168608 0.436492
4.829891 -100.394961 1606.605561 1446.388191 0.728880 0.474616 0.493431 -0.531375 -0.062289 0.844844 -0.431711 0.877986 -0.206798
12.540899 -95.992200 96.701185 11081.339870 0.760764 0.482501 0.434087 -0.365873 -0.233602 0.900870 -0.536074 0.844170 0.001182
12.809670 -96.922427 1101.633015 11777.699709 0.677978 0.490349 0.547634 -0.455157 -0.304967 0.836556 -0.577215 0.816427 -0.016425
-14.038855 -34.543447 2540.897119 -437.967474 0.020037 0.600699 0.799224 -0.654041 0.612486 -0.443949 -0.756193 -0.513830 0.405154
-15.915438 -35.249607 1157.675969 -456.331508 -0.076036 0.683442 0.726034 0.681435 -0.495949 0.538220 -0.727918 -0.535669 0.428011
-9.644862 -32.110437 1559.488260 -223.417315 -0.134009 0.745329 0.653090 0.594584 -0.466756 0.654682 -0.792787 -0.476050 0.380611
-19.324765 -37.331714 1116.543647 732.659683 0.095454 0.510939 0.854301 -0.703871 0.641504 -0.305023 -0.703885 -0.572202 0.420869
-10.723248 -37.945012 -1714.219297 313.958553 0.138677 0.385936 0.912043 -0.660659 0.722120 -0.205115 -0.737765 -0.574105 0.355114
7.008518 -43.095113 -5125.581058 580.774067 -0.046804 0.944650 0.324723 -0.478754 -0.306523 0.822702 -0.876700 0.116957 -0.466602
-1.806977 -40.735128 -4681.798121 1165.953235 -0.062134 0.929262 0.364160 -0.443302 -0.352594 0.824112 -0.894217 0.110228 -0.433851
2.776029 -44.113807 -6349.167944 1165.786214 -0.053824 0.949472 0.309203 -0.528705 -0.289784 0.797807 -0.847097 0.120536 -0.517588
18.995246 -61.965664 -9459.296246 8757.098519 0.157415 0.712140 0.684162 -0.059617 0.698388 -0.713232 0.985731 -0.071486 -0.152393
0.784515 -65.496769 -4088.844619 11667.550107 0.139386 0.778594 0.611852 -0.093513 0.625472 -0.774623 0.985813 -0.050755 -0.159991
0.858741 -83.966056 -6273.745542 13327.244352 0.147085 0.773055 0.617051 0.052659 0.616831 -0.785332 0.987721 -0.148003 -0.050018
-14.179500 -102.024545 -1101.892895 8818.207888 0.092479 0.841444 0.532372 0.258553 0.496030 -0.828918 0.961560 -0.214304 0.171686
-1.551855 -110.086947 -7121.055264 13562.897831 0.141726 0.755757 0.639332 0.280656 0.588673 -0.758088 0.949287 -0.286873 0.128678
18.961975 -83.506529 -8651.066082 14402.384652 0.136226 0.708389 0.692551 0.075957 0.689542 -0.720252 0.987762 -0.150721 -0.040127
8.241096 -104.250800 2757.869970 94.039318 -0.207487 0.750509 0.627444 0.941579 -0.020722 0.336153 0.265288 0.660535 -0.702364
0.479853 -103.854858 2284.426562 -4366.732469 -0.217005 0.749663 0.625231 0.969361 0.089970 0.228570 0.115098 0.655676 -0.746218
5.832575 -100.857307 1530.777787 -3976.682193 -0.228054 0.765041 0.602249 0.973563 0.170971 0.151473 0.012916 0.620871 -0.783806
12.763792 -99.392125 2354.753842 1496.198528 -0.213787 0.765512 0.606866 0.970318 0.094517 0.222598 0.113043 0.636441 -0.762997
4.222042 -198.046851 431.143036 -2633.472020 0.011792 0.917920 0.396591 -0.369956 -0.364469 0.854573 -0.928974 0.156798 -0.335292
2.730274 -184.857793 203.012959 -4613.016677 0.021723 0.929070 0.369265 -0.617651 -0.277964 0.735692 -0.786152 0.244059 -0.567803
3.838473 -207.868782 -475.282707 -1862.437378 0.025103 0.924776 0.379682 -0.485514 -0.320723 0.813273 -0.873868 0.204757 -0.440941
-7.116024 -45.750190 -4074.407283 -1777.048595 -0.603739 0.377484 0.702143 -0.191934 0.786041 -0.587623 -0.773732 -0.489536 -0.402111
-18.942211 -55.342920 -4167.111469 1791.045405 -0.522361 0.165688 0.836473 -0.246428 0.909755 -0.334094 -0.816341 -0.380648 -0.434390
-11.010978 -47.937371 -2361.666793 1668.061172 -0.541507 0.177528 0.821739 -0.203456 0.920721 -0.332985 -0.815706 -0.347501 -0.462458
-6.385489 -37.892963 -509.431282 276.601908 -0.575777 0.313734 0.755018 -0.133950 0.874774 -0.465647 -0.806559 -0.369244 -0.461651
4.864093 -32.494735 -6770.515606 -417.470683 -0.628801 0.614070 0.476998 0.013880 0.622216 -0.782722 -0.777442 -0.485556 -0.399774
14.230555 -36.409592 -10170.490821 832.440720 -0.659717 0.608444 0.441100 0.046992 -0.552402 0.832252 -0.750043 -0.569779 -0.335837
5.245337 -134.585415 -316.139284 -2387.841820 0.846843 0.499009 0.183976 -0.442003 0.467956 0.765278 -0.295787 0.729388 -0.616849
3.705422 -129.269512 -969.350737 -9269.541908 0.858979 0.483489 0.168500 -0.484687 0.661776 0.571954 -0.165024 0.572966 -0.802793
5.330505 -141.168983 -1530.948292 -705.452740 0.843019 0.498051 0.203136 -0.446555 0.437523 0.780489 -0.299847 0.748678 -0.591247
4.288671 -136.434657 -247.228960 4293.610443 0.841969 0.495354 0.213805 -0.389293 0.283408 0.876431 -0.373550 0.821160 -0.431458
-0.127234 -63.035453 430.503884 -3460.503765 -0.148952 0.914270 0.376727 -0.593820 -0.387336 0.705230 -0.790691 0.118662 -0.600606
0.301659 -60.616669 931.054416 -2058.173805 -0.156523 0.901804 0.402804 -0.636690 -0.403910 0.656873 -0.755067 0.153646 -0.637391
0.414554 -65.845128 313.277202 -3750.171752 -0.148396 0.914999 0.375173 -0.534497 -0.393398 0.748032 -0.832041 0.089524 -0.547443
0.186879 -182.882178 -422.199120 -26165.945258 0.824005 0.325972 0.463420 0.507940 -0.787385 -0.349315 -0.251023 -0.523227 0.814384
2.388832 -145.327706 298.294847 14966.409203 0.841025 0.304905 0.446890 -0.415252 0.893298 0.172003 -0.346761 -0.330231 0.877898
2.620434 -158.940378 786.857799 -19147.531106 0.843482 0.303132 0.443451 0.438495 -0.865403 -0.242487 -0.310258 -0.398984 0.862874
-1.142669 -201.187355 -378.890708 -28721.383731 0.825759 0.322798 0.462519 0.534827 -0.708544 -0.460354 -0.179114 -0.627509 0.757728
0.180147 -193.969187 -1188.943071 -6629.338658 0.774526 0.549384 0.313508 -0.536892 0.308917 0.785059 -0.334451 0.776368 -0.534224
-1.943207 -190.376561 -861.533797 -7999.749234 0.758263 0.552580 0.345967 -0.579698 0.328650 0.745614 -0.298309 0.765927 -0.569532
-3.252945 -174.162276 -702.152499 -3328.669735 0.777207 0.538151 0.326104 -0.602670 0.487599 0.631693 -0.180938 0.687489 -0.703292
-15.820505 -114.030750 -2064.370398 710.009526 0.737303 0.572522 0.358612 -0.366732 -0.106609 0.924198 -0.567355 0.812929 -0.131359
-13.244608 -113.472840 -189.627707 1111.744582 0.746375 0.579174 0.327845 -0.318781 -0.121303 0.940034 -0.584212 0.806128 -0.094093
-11.847264 -108.786563 -1105.027619 1402.630580 0.747351 0.563820 0.351530 -0.202396 -0.310743 0.928695 -0.632852 0.765210 0.118119
93.543105 -1081.367068 -22645.006587 -493236.344258 -0.608075 -0.625185 -0.489272 -0.050733 0.645648 -0.761948 0.792257 -0.438500 -0.424320
-26.367478 -169.077452 667.210770 13854.383770 0.846834 0.523735 0.092597 -0.238825 0.530016 -0.813662 0.475221 -0.666922 -0.573916
180.165566 -446.987153 -10484.224287 92090.784364 -0.071422 -0.510953 -0.856637 0.959736 -0.269122 0.080504 -0.271673 -0.816395 0.509601
74.025494 -753.784659 30283.178591 191092.106812 0.708394 0.583959 0.396446 -0.702929 0.634454 0.321495 0.063787 0.506418 -0.859925
-25.292500 -31.934499 1343.236628 -729.543074 0.222134 0.764756 0.604818 -0.612586 0.592063 -0.523642 0.758548 0.254184 -0.599996
-25.522791 -36.086769 613.236916 -152.664340 -0.067927 0.940444 0.333093 -0.737760 0.177407 -0.651335 0.671637 0.289986 -0.681771
-24.586580 -32.037843 400.215518 -999.719107 0.032003 0.879690 0.474470 -0.694261 0.361065 -0.622603 0.719012 0.309481 -0.622289
-20.502010 -30.841882 -3879.863861 180.686557 -0.408244 -0.439706 -0.799997 -0.422247 0.867923 -0.261565 0.809348 0.231014 -0.539989
-23.520761 -33.343167 -2415.658397 -249.785996 -0.414223 -0.532732 -0.737981 -0.418896 0.831419 -0.365059 0.808051 0.157922 -0.567552
0.623577 -20.873977 -445.011821 910.254522 -0.505275 -0.128960 -0.853268 -0.432839 0.893272 0.121306 0.746557 0.430621 -0.507167
-0.681023 -18.817644 -174.082679 1556.858468 -0.474642 -0.189512 -0.859535 -0.508597 0.856064 0.092104 0.718362 0.480874 -0.502709
-0.040711 -18.087014 -41.296294 1215.696891 -0.529897 -0.080994 -0.844186 -0.430410 0.883385 0.185414 0.730723 0.461596 -0.502964
-24.717101 -608.442895 1134.814708 -63396.783519 -0.675988 -0.588343 -0.443725 -0.566394 0.800022 -0.197897 0.471421 0.117547 -0.874039
-12.547990 -688.198630 583.200951 -211988.559905 -0.704540 -0.554391 -0.443028 -0.360751 0.817386 -0.449154 0.611132 -0.156624 -0.775878
-12.815926 -1082.477427 -6833.959411 -400002.720437 -0.746729 -0.424356 -0.512170 0.019074 0.756052 -0.654233 0.664855 -0.498304 -0.556472
-27.692207 -552.342704 -8245.308147 -160651.247992 -0.731302 -0.488698 -0.475786 -0.138347 0.789361 -0.598138 0.667875 -0.371596 -0.644871
-31.846733 -643.323185 -4442.830928 -21650.940126 -0.680995 -0.553275 -0.479722 -0.573083 0.810482 -0.121221 0.455875 0.192370 -0.869006
-46.466515 -83.540874 1378.137883 5672.273907 0.425407 -0.883664 0.195362 0.896709 0.440727 0.040891 -0.122235 0.157788 0.979878
-46.238558 -72.540254 -531.331804 5460.913269 -0.058852 -0.947277 0.314965 0.996688 -0.038020 0.071886 -0.056121 0.318152 0.946377
-53.913121 -78.416329 -506.951057 3776.132931 0.229346 -0.937303 0.262420 0.960026 0.262280 0.097770 -0.160468 0.229507 0.959988
-43.069085 -63.703380 -1488.303886 5458.688980 -0.221245 -0.905723 0.361546 0.973337 -0.228099 0.024206 0.060544 0.357262 0.932040
-12.112050 -157.297646 340.462375 -54251.936763 -0.227630 0.969127 0.094747 0.296598 -0.023672 0.954709 -0.927477 -0.245422 0.282053
-2.383997 -147.219787 4497.045856 -26063.859085 -0.293223 0.951291 0.095208 0.537406 0.081643 0.839363 -0.790705 -0.297286 0.535169
-45.753403 -197.258022 -16427.938641 -50311.517414 -0.432715 0.900687 0.038994 0.417285 0.161760 0.894263 -0.799144 -0.403233 0.445839
-93.639508 -2095.342006 -32898.355964 -892282.348628 -0.472500 0.881213 -0.014415 0.017569 0.025770 0.999514 -0.881155 -0.472017 0.027658
-36.512634 -228.240831 -10901.273011 -95296.771791 -0.280624 0.954433 0.101530 0.164356 -0.056435 0.984785 -0.945641 -0.293042 0.141030
41.312710 -93.227204 -162.740851 -3625.112343 0.736043 0.671684 0.084148 0.676776 -0.732853 -0.070009 -0.014644 -0.108479 0.993991
35.711222 -85.341265 1751.523602 -5282.722978 0.692433 0.721480 0.001837 0.721392 -0.692384 0.014038 -0.011400 0.008395 0.999900
61.498923 -89.302556 6009.321757 7943.463995 0.749866 0.655707 0.088026 0.642658 -0.690331 -0.332316 0.157134 -0.305763 0.939051
-7.322195 -43.403339 -2820.876780 737.605334 -0.085909 0.990078 0.111195 0.711464 0.139094 -0.688819 0.697452 -0.019936 0.716355
-14.561585 -43.086720 -2753.766308 290.692394 -0.120701 0.985945 0.115518 0.665547 0.166715 -0.727498 0.736532 0.010928 0.676315
-14.252479 -45.142433 -3013.886207 836.930916 -0.102758 0.989893 0.097734 0.734726 0.141767 -0.663386 0.670536 -0.003639 0.741868
-7.334118 -44.426108 -2791.905855 749.904310 -0.062811 0.994142 0.087961 0.782607 0.103756 -0.613808 0.619339 -0.030285 0.784539
10.267199 -31.850814 -3607.142832 2215.957958 0.246975 0.968774 0.021912 -0.504110 0.147762 -0.850905 0.827573 -0.199106 -0.524862
3.072460 -27.878782 -2689.574607 2850.277114 0.276679 0.959580 0.051525 -0.557757 0.204020 -0.804539 0.782532 -0.193861 -0.591660
-7.723352 -48.153426 -345.682242 1453.506719 0.280288 0.959893 -0.006670 0.948476 -0.278010 -0.152000 0.147758 -0.036277 0.988358
-6.535120 -44.340155 -772.594942 2241.278197 0.338131 0.940896 -0.019532 0.890830 -0.326693 -0.315743 0.303463 -0.089363 0.948644
2.446207 -54.163320 -710.602076 -1492.194551 0.270427 0.962734 0.003455 0.759713 -0.211192 -0.615008 0.591359 -0.168939 0.788514
1.363442 -55.162157 261.981050 1045.137639 0.224787 0.974243 0.017954 0.812822 -0.177317 -0.554868 0.537393 -0.139320 0.831744
2.834882 -57.873888 -1417.294110 -3641.171284 0.309119 0.950759 -0.022400 0.673973 -0.235625 -0.700173 0.670974 -0.201340 0.713622
-15.331345 -82.728451 1342.064626 1641.981319 -0.030166 0.921931 0.386179 0.976424 -0.055438 0.208621 0.213743 0.383367 -0.898523
-17.183208 -81.499196 -5.038775 -2071.248502 -0.000121 0.938179 0.346150 -0.938944 0.118994 -0.322840 0.344071 0.325055 -0.880883
-16.359066 -83.520088 -14.727700 1166.740054 -0.001336 0.942445 0.334359 0.988617 -0.049058 0.142230 0.150447 0.330743 -0.931652
-16.053228 -81.105785 1555.323131 -764.465313 -0.019622 0.920830 0.389470 -0.916045 0.139522 -0.376025 0.400595 0.364151 -0.840784
-14.558107 -83.923510 905.251557 501.292875 -0.033365 0.927121 0.373274 0.998562 0.015246 0.051389 0.041952 0.374452 -0.926297
-10.903201 -86.239058 2175.953805 1722.022891 -0.057480 0.908513 0.413885 0.997581 0.036038 0.059437 0.039084 0.416300 -0.908387
-13.055936 -82.691580 1797.181060 1796.139919 -0.048521 0.910877 0.409815 0.962528 -0.066958 0.262785 0.266805 0.407209 -0.873496
-1.547399 -105.255781 -386.220364 12499.707378 -0.084433 0.978233 0.189556 0.143219 -0.176346 0.973853 -0.986083 -0.109373 0.125212
-1.131496 -101.104172 -265.837550 16304.048951 -0.086848 0.977174 0.193878 0.251137 -0.166854 0.953462 -0.964048 -0.131496 0.230914
-2.576622 -98.459070 -217.712924 11016.827083 -0.069210 0.975931 0.206806 0.180765 -0.191603 0.964683 -0.981088 -0.104149 0.163154
-3.454491 -112.072552 -233.180709 5111.787311 -0.068155 0.979669 0.188690 -0.075313 -0.193642 0.978177 -0.994828 -0.052457 -0.086980
-0.768424 -85.243663 -601.333136 12797.099571 -0.083350 0.970730 0.225248 0.347902 -0.183467 0.919404 -0.933818 -0.154996 0.322427
-1.174716 -88.199778 -102.540076 11343.511175 -0.069887 0.969273 0.235852 0.367414 -0.194799 0.909429 -0.927428 -0.150212 0.342510
-12.373294 -23.684042 -59.868895 572.424600 -0.014782 0.982490 0.185727 0.709380 -0.120600 0.694432 -0.704671 -0.142016 0.695176
-12.580754 -26.966072 2.027879 3643.006162 -0.079569 0.991825 0.099762 0.679632 -0.019235 0.733301 -0.729225 -0.126150 0.672545
-13.611743 -27.665411 224.038039 3375.280703 -0.081225 0.996260 0.029472 0.671257 0.032821 0.740498 -0.736761 -0.079930 0.671412
3.734003 -123.465635 1100.691258 -773.888752 0.685944 -0.522206 0.506736 0.718106 0.373370 -0.587297 0.117490 0.766744 0.631110
7.002923 -126.600164 1256.164050 -478.598849 0.664797 -0.527956 0.528495 0.687696 0.156227 -0.708990 0.291751 0.834779 0.466933
-5.608589 -88.497959 503.757644 7899.717997 0.052214 0.943412 0.327487 0.849526 0.130425 -0.511171 0.524957 -0.304899 0.794643
-2.608285 -164.319616 -272.593695 1137.228830 0.741965 -0.366122 0.561643 -0.159521 0.717258 0.678302 -0.651184 -0.592870 0.473776
-0.045219 -146.225992 167.039179 930.525420 0.742324 -0.343889 0.575062 -0.207792 0.697784 0.685507 -0.637007 -0.628362 0.446524
-0.650909 -135.435322 -85.592762 -278.708901 0.732544 -0.355727 0.580378 -0.160735 0.738094 0.655272 -0.661471 -0.573303 0.483508
-11.469383 -353.460269 313.742121 131086.021730 -0.440696 0.319175 -0.838996 0.768103 -0.349612 -0.536460 -0.464547 -0.880851 -0.091086
84.623865 -617.263833 -49321.239964 -204051.940415 0.510751 -0.499855 0.699484 -0.402987 0.579499 0.708366 -0.759431 -0.643682 0.094545
-2.989655 -23.124090 2923.100605 -2914.520235 -0.893945 0.374492 -0.246208 0.228190 0.853138 0.469132 0.385736 0.363196 -0.848113
-3.865057 -18.374423 3732.735972 -3202.905674 -0.872225 0.446772 -0.199046 0.325333 0.833830 0.445966 0.365216 0.324226 -0.872637
8.935330 -13.681082 4271.453473 -2031.089997 -0.923266 0.123815 -0.363662 -0.004745 0.942891 0.333068 0.384132 0.309236 -0.869952
-32.837111 -94.538181 2830.213893 6400.427622 0.809285 -0.240688 0.535842 -0.558801 -0.596685 0.575941 -0.181107 0.765530 0.617385
-28.026515 -99.003844 3648.686993 5981.218916 0.820371 -0.299190 0.487316 -0.562884 -0.572676 0.595989 -0.100760 0.763235 0.638216
-29.650227 -105.375921 2601.077477 2905.766000 0.794152 -0.280457 0.539135 -0.607607 -0.383474 0.695530 -0.011678 0.879938 0.474944
-25.012051 -111.542163 2873.283122 -951.975119 0.804536 -0.317713 0.501778 -0.571222 -0.182691 0.800206 0.162566 0.930421 0.328466
-26.641149 -107.859654 2462.567025 -1659.308739 0.785315 -0.267492 0.558326 -0.605246 -0.142023 0.783267 0.130222 0.953036 0.273431
-20.657110 -38.808580 -62.273214 -586.636422 -0.097053 0.868054 -0.486892 -0.339622 -0.488723 -0.803621 0.935541 -0.087365 -0.342242
-22.520718 -39.009306 -472.305716 -533.046845 -0.125567 0.889432 -0.439481 -0.402292 -0.450581 -0.796956 0.906860 -0.076728 -0.414389
-21.071943 -37.065898 -462.633831 -517.571223 -0.107249 0.918639 -0.380263 -0.321139 -0.393975 -0.861193 0.940940 -0.029755 -0.337264
-24.357376 -38.027051 -960.435947 -499.826229 -0.129186 0.930689 -0.342240 -0.401140 -0.364681 -0.840295 0.906862 -0.028732 -0.420448
-19.143984 -36.867530 173.350810 -875.019059 -0.075193 0.906218 -0.416071 -0.255002 -0.420853 -0.870550 0.964012 -0.040640 -0.262733
-18.949228 -35.024113 -244.798942 -823.754299 -0.083025 0.948637 -0.305278 -0.228017 -0.316293 -0.920851 0.970111 0.006845 -0.242565
-22.622953 -35.982646 -1292.753379 -417.151593 -0.093364 0.970230 -0.223466 -0.315693 -0.241713 -0.917558 0.944257 0.015120 -0.328862
27.427635 -34.049989 4857.521551 -87.444227 -0.672412 0.168133 -0.720829 0.169353 0.982973 0.071300 0.720543 -0.074131 -0.689436
14.395385 -35.201658 11507.268413 386.670168 -0.734822 0.281984 -0.616865 0.268078 0.956174 0.117751 0.623034 -0.078842 -0.778211
8.202647 -178.206248 -699.466123 44149.168036 -0.011262 0.969110 0.246370 -0.675523 -0.189034 0.712696 -0.737253 0.158402 -0.656785
-2.611378 -81.740723 -2092.755026 5138.434491 -0.024252 0.979045 0.202195 -0.621713 -0.173156 0.763865 -0.782869 0.107182 -0.612885
-0.016996 -130.652816 395.670604 22834.980316 0.027948 0.984893 0.170893 -0.663103 -0.109662 0.740452 -0.748007 0.134013 -0.650020
-9.099150 -87.484324 2375.768555 -10676.437252 0.099774 0.992733 0.067281 -0.585086 0.003842 0.810962 -0.804810 0.120278 -0.581217
10.533837 -224.644491 -1148.875151 57334.006574 0.015190 0.979050 0.203051 -0.733797 -0.127028 0.667387 -0.679199 0.159136 -0.716495
46.433723 -72.753396 1311.836169 2558.074708 -0.020493 0.837112 -0.546648 0.481858 -0.470801 -0.739026 0.876010 0.278552 0.393721
33.687512 -79.789849 2489.443582 2007.181713 -0.045605 0.635527 -0.770731 -0.420572 0.687609 0.591872 0.906112 0.351141 0.235926
14.401884 -61.617464 -1112.690774 4118.762213 0.012615 0.747967 -0.663616 0.313771 -0.633108 -0.707617 0.949415 0.199297 0.242677
-15.109836 -62.948526 -5970.601307 6742.344936 0.008885 0.542411 -0.840067 -0.195894 0.824766 0.530459 0.980585 0.159850 0.113583
14.796887 -58.039680 1481.876398 4995.552762 -0.010449 0.927554 -0.373544 0.200751 -0.364013 -0.909502 0.979587 0.084492 0.182404
28.644955 -74.878725 -819.997113 -1414.245805 0.027436 0.952479 -0.303368 0.367571 -0.291833 -0.883020 0.929591 0.087283 0.358111
-8.995062 -49.429888 -294.881249 -1307.977156 0.127187 0.985082 -0.115920 0.510847 0.035121 0.858954 -0.850211 0.168465 0.498759
-8.790596 -54.353859 -767.061368 -2778.389355 0.128613 0.988738 -0.076528 0.582667 -0.012897 0.812609 -0.802470 0.149103 0.577763
-10.574652 -53.483932 -971.195313 -2835.751863 0.135905 0.984905 -0.107201 0.582696 0.008047 0.812651 -0.801246 0.172909 0.572806
-8.612127 -128.636210 6030.179259 -36501.083887 -0.274815 0.952977 0.127717 0.323927 -0.033302 0.945496 -0.905289 -0.301207 0.299543
-12.928301 -71.453811 967.886320 -17967.277387 -0.253484 0.958692 0.129058 0.268002 -0.058593 0.961635 -0.929474 -0.278346 0.242079
-26.562836 -81.861418 3824.759352 -10574.781266 -0.342215 0.934989 -0.093187 0.162592 0.156604 0.974186 -0.925447 -0.318230 0.205614
-47.252356 -137.121820 15997.796791 -31906.466332 -0.296223 0.954690 0.028621 0.288597 0.060901 0.955512 -0.910474 -0.291304 0.293561
82.391093 -83.038116 -6923.077320 3960.213046 0.412083 -0.539372 0.734347 0.058836 0.820030 0.569289 -0.909245 -0.191388 0.369655
92.992838 -78.923364 -10119.801009 -3808.522174 0.291992 -0.637970 0.712555 -0.114651 0.716302 0.688307 -0.949524 -0.282675 0.136010
44.045749 -69.372456 3853.756556 1786.070179 -0.064362 0.766839 -0.638604 0.127110 0.641018 0.756927 -0.989798 0.032455 0.138730
69.337547 -72.116654 7959.019756 -2694.625656 -0.114901 0.748874 -0.652675 -0.066147 0.649801 0.757221 -0.991172 -0.130178 0.025127
-11.795888 -52.317670 949.474501 1059.678714 0.447819 0.523212 0.725057 0.860261 -0.473181 -0.189871 0.243740 0.708766 -0.661998
-10.718419 -48.825766 968.262027 1069.100078 0.427344 0.526441 0.735008 0.833493 -0.544351 -0.094720 0.350238 0.653102 -0.671410
-14.192897 -47.929101 56.187573 1525.234152 0.434510 0.567615 0.699296 0.839452 -0.536577 -0.086060 0.326377 0.624418 -0.709633
-8.365425 -51.753827 2503.655499 505.359237 0.423684 0.488164 0.763012 0.853237 -0.497880 -0.155247 0.304102 0.716806 -0.627463
-14.386351 -51.459061 177.782873 1657.608010 0.484036 0.551138 0.679673 0.850959 -0.477468 -0.218846 0.203908 0.684303 -0.700108
-10.401312 -61.695560 1526.452557 4062.993780 0.463860 0.508228 0.725630 0.874613 -0.393096 -0.283774 0.141020 0.766277 -0.626844
-7.370840 -58.204725 2528.202649 2152.128637 0.416127 0.500424 0.759220 0.889830 -0.395990 -0.226705 0.187194 0.769915 -0.610074
-11.088361 -34.308298 152.131030 -688.300520 -0.182972 0.764845 0.617684 0.633917 -0.388447 0.668773 -0.751445 -0.513927 0.413774
-12.337824 -38.173115 -1844.592797 1323.738100 -0.038631 0.896825 0.440696 -0.396864 -0.418520 0.816909 -0.917064 0.143338 -0.372085
-11.259488 -41.095706 -2717.680011 1416.246155 -0.036163 0.918470 0.393833 -0.471634 -0.363127 0.803555 -0.881053 0.156686 -0.446314
-4.295184 -36.539979 -3680.928482 1919.451255 -0.054295 0.916180 0.397072 -0.336227 -0.391211 0.856683 -0.940215 0.086993 -0.329285
3.912107 -52.737915 -2750.748812 8441.365239 0.127271 0.778874 0.614132 -0.203913 0.626487 -0.752285 0.970681 0.029485 -0.238556
-5.356752 -70.066175 246.468194 11690.405426 0.091431 0.865639 0.492250 -0.099961 0.499802 -0.860352 0.990782 -0.029457 -0.132227
14.573131 -51.104744 -6482.521652 4248.104292 0.136742 0.708903 0.691923 -0.150659 0.705241 -0.692774 0.979083 0.009513 -0.203239
2.857943 -106.380715 3273.019050 1070.567427 -0.221341 0.737712 0.637800 0.893300 -0.108972 0.436051 0.391183 0.666263 -0.634878
-4.465228 -98.804269 1892.672352 -6506.922028 -0.199103 0.755533 0.624122 0.977605 0.108833 0.180121 0.068163 0.646007 -0.760282
-1.656385 -93.200816 2080.346617 -8187.458263 -0.186311 0.756790 0.626543 0.977008 0.209985 0.036890 -0.103646 0.619011 -0.778513
-3.510661 -104.823521 1646.702677 -1683.697317 -0.210854 0.756833 0.618663 0.934559 -0.029482 0.354585 0.286601 0.652943 -0.701089
2.376442 -187.132390 -147.536835 -19516.388897 0.044267 0.934611 0.352907 -0.781806 -0.187512 0.594659 -0.621949 0.302228 -0.722383
-30.148288 -63.590741 -5980.496026 1733.536552 -0.467387 0.126741 0.874921 -0.295517 0.910342 -0.289738 -0.833198 -0.393974 -0.388028
-26.994919 -54.930091 -4508.226599 3897.448277 -0.441026 -0.047585 0.896232 -0.236791 0.969380 -0.065054 -0.865694 -0.240910 -0.438790
-16.905501 -46.731101 -2720.244157 4143.642818 -0.484730 -0.016270 0.874513 -0.220324 0.969858 -0.104078 -0.846460 -0.243126 -0.473704
42.873583 -29.659658 14949.269069 -1516.538394 0.430869 0.902389 0.006806 0.486591 -0.238673 0.840396 -0.759988 0.358789 0.541931
18.125920 -22.954050 9265.200796 -436.850495 0.412690 0.910089 -0.037743 0.555926 -0.218835 0.801909 -0.721549 0.351922 0.596253
39.332516 -27.464673 11208.898941 2096.216090 0.322355 0.939793 -0.113473 0.654578 -0.134704 0.743897 -0.683824 0.314076 0.658591
53.158302 -38.658634 8585.593170 -369.803688 0.239741 0.970795 0.009010 0.584493 -0.151740 0.797084 -0.775172 0.185827 0.603801
3.413972 -119.104216 -911.689678 -9126.222943 0.877575 0.454606 0.152302 -0.476109 0.788954 0.388423 -0.056420 0.413382 -0.908808
2.292851 -115.074919 -619.624016 -8499.655988 0.867859 0.472209 0.154402 -0.493718 0.785121 0.373935 -0.055351 0.400754 -0.914512
2.514536 -108.460264 432.039240 -7574.363135 0.859303 0.484458 0.164007 -0.510151 0.788849 0.342729 -0.036661 0.378176 -0.925008
0.437989 -102.812710 -415.796523 -2629.780905 0.877423 0.457017 0.145823 -0.477841 0.859493 0.181496 0.042387 0.228929 -0.972520
1.020966 -106.007190 -438.881878 -2626.958331 0.888075 0.435842 0.146166 -0.458029 0.866005 0.200611 0.039146 0.245106 -0.968706
18.175104 -120.146525 4050.552430 12106.988985 0.773730 0.576197 0.263322 0.619084 -0.775908 -0.121250 -0.134450 -0.256833 0.957058
14.591075 -109.578918 3580.012912 19374.755436 0.761992 0.592087 0.262300 0.647577 -0.694488 -0.313577 0.003500 -0.408803 0.912616
28.469539 -104.535716 7797.266710 19567.380725 0.777608 0.570354 0.264618 0.627720 -0.680150 -0.378635 0.035976 -0.460536 0.886912
32.253845 -117.081496 6862.039867 11556.747696 0.797547 0.528206 0.291406 0.586868 -0.791185 -0.172082 -0.139661 -0.308260 0.940994
0.140848 -178.225335 -371.845562 25166.250580 0.803997 0.351943 0.479296 -0.461452 0.877645 0.129616 -0.375035 -0.325384 0.868029
1.151396 -138.238075 -1458.350610 21006.169809 0.818845 0.330898 0.469041 -0.316698 0.941935 -0.111627 -0.478743 -0.057139 0.876094
4.012298 -125.565677 817.847756 17066.846784 0.845702 0.299057 0.441988 -0.311808 0.949054 -0.045532 -0.433087 -0.099309 0.895865
3.264912 -222.505491 1064.931683 -10568.527628 0.790884 0.524884 0.314641 -0.420897 0.093320 0.902295 -0.444238 0.846043 -0.294727
4.690251 -226.009068 684.153818 -13218.741325 0.791448 0.513721 0.331210 -0.369690 -0.029204 0.928696 -0.486763 0.857460 -0.166804
5.300694 -232.112859 1327.634363 -14052.371505 0.786894 0.515410 0.339337 -0.266962 -0.211447 0.940224 -0.556353 0.830447 0.028791
-17.479166 -102.299034 3095.773537 1040.256243 0.872701 0.361664 0.328012 -0.225344 -0.297627 0.927706 -0.433143 0.883526 0.178241
-5.702938 -95.168608 6973.572843 4051.453894 0.901004 0.305151 0.308341 -0.186361 -0.369576 0.910320 -0.391741 0.877665 0.276122
-5.719805 -103.275787 5635.964441 80.829814 0.900654 0.334505 0.277360 -0.246214 -0.133096 0.960033 -0.358052 0.932948 0.037513
-16.924259 -106.565751 1493.252674 -1288.388851 0.858758 0.398425 0.322168 -0.305307 -0.107062 0.946216 -0.411488 0.910931 -0.029702
-3.330699 -103.363233 4848.944865 -2347.915615 0.897001 0.353668 0.265158 -0.316214 0.094259 0.943994 -0.308867 0.930609 -0.196385
3987.428912 -752.445244 -1357013.951347 263338.398322 0.392980 -0.130583 -0.910228 0.899720 -0.149846 0.409940 -0.189925 -0.980048 0.058602
-194.822491 -387.573140 98443.982321 77321.570283 0.203193 0.378266 -0.903121 0.965809 0.074246 0.248394 0.161013 -0.922715 -0.350246
496.479348 -1530.145740 230684.653182 262571.395507 0.152484 0.680426 -0.716777 0.837918 -0.473585 -0.271313 -0.524063 -0.559230 -0.642355
334.640398 -1541.238988 -173300.690652 643669.484760 0.348104 -0.271145 0.897387 -0.066769 0.947656 0.312234 -0.935075 -0.168607 0.311779
-271.389174 -9213.513387 54590.180709 -3187143.023539 0.406478 0.556483 0.724639 -0.738687 0.666916 -0.097797 -0.537696 -0.495530 0.682153
163.447171 -3363.958671 -61743.354466 1251138.566709 -0.627615 -0.344688 -0.698062 0.773201 -0.171302 -0.610586 0.090883 -0.922955 0.374025
53.446708 -129.060953 -12711.237696 36204.403950 -0.300063 -0.115424 -0.946911 0.872711 0.367569 -0.321355 0.385147 -0.922806 -0.009562
3.606338 -66.898386 -1607.546150 1610.119882 -0.913601 -0.352145 -0.203290 -0.306207 0.924791 -0.225829 0.267525 -0.144069 -0.952719
12.011015 -63.500719 -3105.556196 650.318500 -0.934588 -0.271928 -0.229348 -0.194632 0.930541 -0.310181 0.297765 -0.245252 -0.922598
9.281587 -73.124394 -2633.882359 4114.108434 -0.913963 -0.334160 -0.230236 -0.237214 0.900284 -0.364992 0.329243 -0.278974 -0.902093
0.691409 -68.340240 -1138.992897 3038.374797 -0.880758 -0.433592 -0.190427 -0.385430 0.889967 -0.243724 0.275151 -0.141266 -0.950966
