14889
29757
-43.021569 -69.246909 -3518.213190 9513.472025 0.153019 0.938727 0.308831 -0.739543 0.316065 -0.594289 0.655486 0.137456 -0.742593
-52.108418 -74.491469 -1274.474257 6753.828363 -0.000825 0.968195 0.250194 -0.681017 0.182665 -0.709119 0.732267 0.170972 -0.659207
-42.619954 -88.603097 -3038.460311 9108.809082 0.205214 0.898807 0.387342 -0.589804 0.429399 -0.683921 0.781037 0.088106 -0.618238
-43.782086 -58.100286 928.012282 5037.447260 -0.428315 0.899806 -0.083035 -0.634908 -0.365056 -0.680901 0.642992 0.238921 -0.727653
-22.708865 -86.190384 -7001.184993 14031.670808 0.224667 0.947225 0.228669 -0.721980 0.319414 -0.613775 0.654423 0.027200 -0.755639
-37.306041 -59.417236 -4982.355431 9585.497430 0.164319 0.960119 0.226208 -0.801048 0.263705 -0.537385 0.575606 0.092901 -0.812433
-39.670402 -47.811066 2564.246686 3395.620694 -0.616358 0.748335 -0.245147 -0.550399 -0.632037 -0.545518 0.563173 0.201306 -0.801444
38.250994 -77.132155 -2969.420021 2274.215333 0.147481 0.986825 -0.066524 -0.819946 0.159600 0.549741 -0.553116 0.026531 -0.832682
33.545827 -71.499666 1260.953022 6407.630185 0.075658 0.992226 -0.098807 -0.836660 0.117078 0.535064 -0.542472 -0.042186 -0.839014
25.276716 -90.736930 -5459.316425 12695.678939 0.198855 0.969229 -0.145091 -0.878091 0.241953 0.412814 -0.435217 -0.045313 -0.899185
-40.241207 -68.099323 -410.642140 1916.034696 0.973094 0.230395 0.002580 0.001750 -0.018587 0.999826 -0.230403 0.972920 0.018490
-40.718923 -67.225582 23.836381 -775.747630 0.963212 0.267347 0.027369 -0.069127 0.148059 0.986560 -0.259702 0.952158 -0.161093
-41.767177 -67.816746 493.173200 1534.581166 0.937032 0.348552 -0.021969 0.019011 0.011905 0.999748 -0.348726 0.937214 -0.004529
-41.679168 -69.756019 -201.459091 -401.463981 0.987231 0.138711 0.078316 -0.097012 0.133603 0.986275 -0.126344 0.981280 -0.145353
-40.147196 -65.883251 -69.070334 3196.651053 0.955365 0.294412 -0.024474 0.073000 -0.154986 0.985216 -0.286266 0.943028 0.169560
-39.736855 -65.073856 -1062.853000 2920.561910 0.985472 0.168790 0.018832 0.013464 -0.188174 0.982043 -0.169302 0.967523 0.187713
-41.283004 -68.262896 -771.240010 1583.053499 0.992275 0.100195 0.073149 -0.069542 -0.039041 0.996815 -0.102732 0.994202 0.031771
22.359342 -15.467472 4190.888673 -1056.817700 0.089945 0.994042 0.061570 -0.800175 0.108934 -0.589790 0.592983 -0.003782 -0.805206
19.531720 -16.465968 4674.496416 1570.603887 0.116086 0.988709 0.094758 -0.784421 0.149783 -0.601871 0.609269 0.004461 -0.792951
15.918397 -15.901342 5045.503168 -191.564973 0.100274 0.987012 0.125506 -0.796242 0.155244 -0.584721 0.596611 0.041301 -0.801467
19.349889 -18.981987 5546.480268 -1792.468520 0.093537 0.989876 0.106757 -0.820676 0.137366 -0.554637 0.563686 0.035733 -0.825216
10.640371 -19.717823 5287.068062 -1250.014324 0.128426 0.976847 0.171103 -0.811929 0.202636 -0.547458 0.569454 0.068616 -0.819154
4.723403 -17.952184 2879.773169 -218.715243 0.188453 0.961753 0.198786 -0.770153 0.270324 -0.577745 0.609385 0.044218 -0.791641
-12.945795 -115.483509 1214.983844 25861.426117 0.585592 -0.167854 -0.793037 0.658926 0.668375 0.345095 0.472121 -0.724638 0.501998
-12.955178 -151.976896 1439.172478 24040.206638 0.574142 -0.163611 -0.802242 0.762333 0.464264 0.450897 0.298680 -0.870454 0.391280
-12.417904 -143.429316 1625.083659 27567.568490 0.562169 -0.142667 -0.814624 0.717450 0.574093 0.394567 0.411378 -0.806265 0.425094
-11.754539 -101.911018 1975.769024 22737.768727 0.569574 -0.150819 -0.807984 0.609016 0.737596 0.291635 0.551982 -0.658183 0.511967
-8.913472 -107.087713 1240.338409 20561.079210 0.576212 -0.121530 -0.808214 0.611847 0.719772 0.327981 0.541871 -0.683490 0.489099
-9.134433 -121.084500 1231.742641 16924.625104 0.572029 -0.114065 -0.812263 0.687119 0.607446 0.398595 0.447940 -0.786129 0.425853
-9.461697 -146.904581 559.839035 18234.418671 0.557254 -0.130416 -0.820036 0.781895 0.414822 0.465363 0.279479 -0.900508 0.333133
6.611371 -52.042284 1369.575855 -142.574954 -0.055314 0.951447 -0.302801 0.381745 0.300377 0.874096 -0.922611 0.067243 0.379825
6.768104 -51.990772 2119.531193 -460.152206 -0.024400 0.961501 -0.273717 0.547175 0.241990 0.801274 -0.836662 0.130220 0.532014
19.154935 -50.317058 3986.466209 302.073381 -0.078963 0.950631 -0.300109 0.419826 0.304762 0.854907 -0.904163 0.058487 0.423164
0.651720 -55.094051 687.899275 -723.935467 -0.005875 0.968837 -0.247628 0.514125 0.215323 0.830248 -0.857695 0.122434 0.499369
15.048398 -51.823378 2432.704066 57.532409 -0.099977 0.943011 -0.317387 0.238216 0.332393 0.912561 -0.966053 -0.015629 0.257872
2.504404 -53.970020 733.348124 -504.848172 -0.027810 0.958853 -0.282537 0.353765 0.273795 0.894364 -0.934921 0.075079 0.346823
7.622564 -52.012961 1064.815812 -194.180289 -0.067987 0.942681 -0.326697 0.212524 0.333623 0.918439 -0.974788 0.006989 0.223024
-3.402209 -94.918299 -1048.324722 -10098.290410 0.043827 0.987671 -0.150284 0.725926 0.071867 0.684007 -0.686375 0.139073 0.713827
2.696342 -74.573598 -2292.272084 -14529.098450 0.055821 0.992086 -0.112466 0.583112 0.059042 0.810244 -0.810472 0.110809 0.575201
7.505752 -88.307308 -4838.552663 -14962.343237 0.088070 0.994745 -0.052218 0.687165 -0.022720 0.726146 -0.721144 0.099835 0.685554
1.035994 -105.116242 -3888.185612 -8393.554216 0.071287 0.994794 -0.072825 0.821380 -0.017123 0.570124 -0.565909 0.100459 0.818324
-7.798181 -107.280577 -143.616917 -2594.178780 0.060191 0.985100 -0.161104 0.860452 0.030604 0.508611 -0.505963 0.169236 0.845790
-7.545692 -111.734087 -805.052785 -1604.516573 0.074673 0.985089 -0.154998 0.896154 -0.134469 -0.422878 0.437415 0.107325 0.892832
-5.324313 -111.265601 -1100.001177 -5189.059188 0.055435 0.992565 -0.108361 0.973835 -0.077704 -0.213558 0.220390 0.093687 0.970902
-4.632679 -116.582435 -885.852749 -2960.058082 0.077165 0.989809 -0.119681 0.902692 -0.120325 -0.413122 0.423312 0.076156 0.902777
23.852177 -112.267844 2579.688304 -5154.853673 0.292097 0.926497 -0.237239 -0.548234 -0.041050 -0.835317 0.783657 -0.374056 -0.495947
24.079003 -101.664959 3294.947589 -5159.982027 0.262945 0.928295 -0.262924 -0.316699 -0.174369 -0.932361 0.911352 -0.328427 -0.248140
16.256817 -110.483156 4057.919243 -7461.334293 0.196339 0.957162 -0.212820 -0.498075 -0.089602 -0.862492 0.844613 -0.275342 -0.459146
26.490945 -104.895735 1196.373931 -4568.759772 0.341195 0.903334 -0.259948 -0.455351 -0.083094 -0.886426 0.822339 -0.420812 -0.382983
20.402151 -112.260493 -604.280825 -2512.618468 0.376924 0.894310 -0.241119 -0.632373 0.058255 -0.772471 0.676782 -0.443640 -0.587495
-1.063923 -44.430853 1788.889356 -1538.808220 0.170319 0.961383 -0.216181 0.904877 -0.239448 -0.351942 0.390115 0.135674 0.910716
3.872701 -41.557397 3059.194189 -491.108519 0.160755 0.961360 -0.223485 0.947949 -0.213443 -0.236292 0.274863 0.173868 0.945632
-3.035434 -43.575509 995.231746 -1221.975249 0.202848 0.957082 -0.206993 0.910994 -0.261970 -0.318529 0.359085 0.123956 0.925037
-5.021615 -46.844836 251.998152 -1562.637866 0.203374 0.958670 -0.198974 0.854637 -0.272975 -0.441678 0.477738 0.080225 0.874831
-5.671238 -43.399082 -141.986104 -583.991179 0.209670 0.961031 -0.180160 0.921671 -0.255771 -0.291725 0.326437 0.104882 0.939382
-5.726836 -45.635731 -475.519395 -1477.978820 0.218719 0.959475 -0.177681 0.869149 -0.274330 -0.411488 0.443555 0.064431 0.893928
-14.581573 -98.997015 -414.508626 -6199.404637 -0.462081 0.383772 0.799500 0.749463 0.650951 0.120695 -0.474116 0.654967 -0.588415
-12.999080 -110.320320 -508.305550 -6999.044077 -0.448824 0.401077 0.798557 0.833504 0.510115 0.212260 -0.322223 0.760868 -0.563252
-11.180967 -104.430541 -1933.901255 -4819.116563 -0.483046 0.406415 0.775560 0.747399 0.652812 0.123415 -0.456137 0.639268 -0.619092
-12.900184 -95.254620 -1728.138877 -3649.628107 -0.490093 0.388959 0.780077 0.650217 0.759157 0.029979 -0.580540 0.521912 -0.624965
-16.136894 -92.834969 -1285.201192 -2782.461941 -0.474326 0.374121 0.796899 0.658967 0.751129 0.039594 -0.583761 0.543911 -0.602813
-10.621888 -197.566383 1304.933175 -18304.132173 0.500563 0.079392 -0.862052 0.855352 -0.198861 0.478358 -0.133451 -0.976807 -0.167451
-9.699077 -226.988942 1363.034376 -10544.694401 0.477924 0.079092 -0.874833 0.875314 0.040545 0.481853 0.073581 -0.996042 -0.049853
-11.363152 -194.235504 -1407.078127 -15678.074403 0.486032 0.024910 -0.873586 0.866849 -0.140826 0.478269 -0.111110 -0.989721 -0.090039
-11.129318 -174.306439 -840.087820 -20864.407363 0.508333 0.024584 -0.860810 0.808496 -0.357824 0.467221 -0.296532 -0.933466 -0.201770
-11.609403 -187.018733 -694.070039 -20794.102026 0.489368 0.019708 -0.871855 0.852265 -0.222702 0.473338 -0.184835 -0.974687 -0.125780
-8.161515 -130.775928 -1242.586654 -15969.530372 -0.628522 0.066480 0.774945 -0.243317 0.929527 -0.277084 -0.738753 -0.362711 -0.568053
-9.112843 -120.900615 -354.017268 -7896.789773 -0.609314 0.049010 0.791413 -0.376585 0.860456 -0.343220 -0.697797 -0.507163 -0.505831
-8.306603 -121.866407 -155.379325 -12887.685164 -0.606681 0.081684 0.790737 -0.281752 0.908039 -0.309971 -0.743340 -0.410845 -0.527876
-7.998292 -131.161539 -119.871230 -10292.731423 -0.607361 0.100769 0.788009 -0.120208 0.968844 -0.216545 -0.785279 -0.226246 -0.576325
7.126969 -112.539757 6025.911717 12984.330658 0.403970 -0.382766 -0.830842 -0.300075 0.802545 -0.515632 0.864154 0.457615 0.209346
3.445912 -113.492621 3079.804842 10042.067868 0.421530 -0.394371 -0.816568 -0.264766 0.807718 -0.526774 0.867302 0.438250 0.236061
1.412970 -128.759545 1856.278888 7665.403100 0.408781 -0.354421 -0.841002 -0.149324 0.883119 -0.444751 0.900334 0.307388 0.308079
-1.187639 -127.312828 2511.504476 4177.541438 0.420018 -0.372183 -0.827686 -0.079002 0.893577 -0.441903 0.904070 0.250996 0.345915
-1.491928 -139.248444 1056.654833 6399.523653 0.427426 -0.332052 -0.840862 0.031462 0.935005 -0.353236 0.903503 0.124526 0.410092
-17.352521 -30.313338 -1392.900374 3125.829762 -0.136612 0.990453 0.018458 0.105045 -0.004044 0.994459 -0.985039 -0.137794 0.103490
-15.725721 -32.405571 -2310.929476 3486.205361 -0.192135 0.980619 -0.038351 0.080101 0.054619 0.995289 -0.978094 -0.188158 0.089043
-16.666625 -25.263696 -2565.848773 2470.729838 -0.186157 0.969327 -0.160471 0.134804 0.186980 0.973071 -0.973228 -0.159512 0.165477
-17.183116 -36.740784 -1107.566085 2804.496334 -0.135687 0.990631 0.015483 0.028911 -0.011662 0.999514 -0.990330 -0.136069 0.027057
-19.834446 -29.285191 -827.224795 2851.148122 -0.111175 0.984181 -0.137940 0.118331 0.150923 0.981438 -0.986731 -0.092789 0.133238
-20.032520 -36.674686 230.166734 2964.463388 -0.083731 0.996323 -0.018183 0.043437 0.021879 0.998817 -0.995541 -0.082842 0.045109
-9.409242 -36.069662 2551.208107 -3298.460174 0.554663 0.460368 0.693116 0.108282 0.785977 -0.608699 -0.825000 0.412675 0.386103
-12.477901 -39.173865 1808.360296 -1887.829553 0.542091 0.478830 0.690550 0.175411 0.739188 -0.650256 -0.821808 0.473628 0.316715
-16.878671 -37.736317 2480.489779 -1107.559055 0.538314 0.532240 0.653405 0.126892 0.715301 -0.687200 -0.833137 0.452841 0.317519
-17.098393 -36.202505 2879.121375 -1312.063146 0.539941 0.583813 0.606322 0.047127 0.698253 -0.714298 -0.840382 0.414253 0.349503
-12.830460 -32.894760 3398.818543 -2283.008058 0.557549 0.542435 0.628413 0.024660 0.745837 -0.665672 -0.829777 0.386642 0.402465
-5.028373 -29.196577 3014.062123 -2907.505019 0.564804 0.418385 0.711302 0.071681 0.833818 -0.547366 -0.822106 0.360142 0.440953
-2.536597 -33.204255 1962.548622 -5000.111644 0.557491 0.411297 0.721137 0.100188 0.828967 -0.550250 -0.824115 0.379009 0.420935
-3.599915 -38.041385 1666.534074 -4634.646940 0.553010 0.379904 0.741521 0.161295 0.824343 -0.542626 -0.817413 0.419681 0.394593
-14.973973 -50.700730 695.723063 -791.804183 0.076776 0.962321 -0.260852 0.039255 0.258504 0.965212 -0.996275 0.084345 0.017929
-15.526786 -48.965050 461.948757 -72.595609 0.041354 0.936727 -0.347611 0.149304 0.338208 0.929152 -0.987926 0.090323 0.125871
-13.027047 -50.039860 -78.505417 769.877056 0.091476 0.949327 -0.300684 0.190281 0.279723 0.941036 -0.977459 0.143296 0.155051
3.279883 -52.420594 473.451636 -10095.457937 0.318177 -0.278799 0.906110 0.072487 0.960137 0.269968 -0.945256 -0.020217 0.325703
3.904940 -53.007789 -143.799455 129.948859 0.269963 -0.367249 0.890083 0.237172 0.921287 0.308189 -0.933204 0.127903 0.335814
1.356595 -49.168191 767.743976 -11933.256284 0.300020 -0.358650 0.883945 0.052234 0.931418 0.360183 -0.952502 -0.061890 0.298178
23.410592 -27.551879 2108.590976 1316.957128 0.347480 0.908756 -0.231128 0.164018 0.183782 0.969186 -0.923231 0.374682 0.085192
26.104202 -31.173680 -500.741231 491.132621 0.263290 0.941429 -0.210687 0.167784 0.170378 0.970989 -0.950014 0.291002 0.113098
23.956816 -34.748026 -358.619954 1278.840886 0.279504 0.948904 -0.146486 0.081215 0.128655 0.988358 -0.956703 0.288147 0.041106
-33.631925 -77.248368 -13102.509694 -32002.118819 0.678832 0.698908 0.225198 0.382988 -0.075332 -0.920676 0.626504 -0.711233 0.318812
-54.832681 -83.327102 9805.172960 -32934.507817 0.621448 0.772581 0.130083 0.312719 -0.092373 -0.945343 0.718338 -0.628161 0.299005
-25.963952 -48.869951 -15878.342693 -24541.086440 -0.409477 -0.730951 -0.545930 0.644550 0.191715 -0.740136 0.645666 -0.654948 0.392631
-4.937655 -32.389475 -7848.615307 -27962.357563 0.587281 0.709795 0.388962 0.532692 0.022855 -0.846001 0.609377 -0.704037 0.364680
-16.867290 -67.823818 -39338.635206 -11250.739497 0.777739 0.549599 0.305062 0.350737 0.023312 -0.936184 0.521637 -0.835103 0.174634
-9.703152 -149.485772 2423.510688 -14059.186893 -0.088180 0.964674 -0.248251 0.569670 -0.155604 -0.807009 0.817129 0.212583 0.535825
-7.878583 -112.302489 -862.305333 -18094.507982 -0.021117 0.974258 -0.224445 0.761163 -0.129887 -0.635421 0.648216 0.184257 0.738827
-6.884439 -143.642889 -1540.337493 -18717.837485 -0.061053 0.979099 -0.194006 0.591779 -0.121015 -0.796965 0.803785 0.163466 0.572022
7.479391 -278.499660 296.864602 -48372.443434 -0.112587 0.960625 -0.254015 -0.195985 -0.272087 -0.942103 0.974122 0.056285 -0.218901
8.719742 -225.150284 615.551394 -47166.446968 -0.100934 0.959087 -0.264508 -0.001201 -0.265984 -0.963977 0.994892 0.096980 -0.027999
4.502226 -246.497797 347.508595 -63238.983666 -0.110108 0.959201 -0.260404 0.168747 -0.240153 -0.955956 0.979490 0.149200 0.135420
7.705181 -219.764662 810.711009 -24589.023095 -0.102374 0.956927 -0.271682 -0.232699 -0.288577 -0.928749 0.967146 0.031859 -0.252218
-0.555926 -260.573003 1316.415882 -58046.164762 -0.146087 0.963876 -0.222714 0.142793 -0.202227 -0.968873 0.978912 0.173342 0.108092
12.576843 -270.261044 -342.689862 17280.262300 -0.118232 0.965215 -0.233196 -0.650937 -0.252683 -0.715843 0.749868 -0.067160 -0.658170
9.617040 -237.464000 263.239735 -4433.399335 -0.098621 0.957665 -0.270465 -0.463406 -0.284719 -0.839160 0.880641 -0.042576 -0.471867
9.907885 -250.738185 -758.160675 -22915.868913 -0.116840 0.972746 -0.200284 -0.381365 -0.230149 -0.895317 0.917011 0.028227 -0.397862
6.662831 -251.800801 -1269.529851 -47656.780616 -0.116398 0.975238 -0.188048 -0.101937 -0.200066 -0.974465 0.987958 0.094257 -0.122701
7.475865 -187.322784 -1630.692664 -35199.584830 0.586718 -0.698313 -0.410025 0.803367 0.565589 0.186308 0.101804 -0.438711 0.892843
17.696295 -158.994578 -2315.555989 -20736.869274 0.606560 -0.662769 -0.439116 0.785247 0.585832 0.200468 0.124384 -0.466410 0.875780
11.034637 -132.566083 -2875.098038 -27163.133473 0.637013 -0.659932 -0.398377 0.768848 0.506687 0.390052 -0.055556 -0.554760 0.830154
-3.775798 -157.600617 -3434.138695 -45100.437585 0.642187 -0.670271 -0.371932 0.741969 0.421641 0.521249 -0.192556 -0.610701 0.768093
-25.915805 -42.197153 -2784.736662 -2819.369553 -0.576576 0.799279 0.169450 0.758728 0.600729 -0.251906 0.303137 0.016677 0.952801
-31.241981 -47.599179 2758.044305 -3371.816299 0.840871 -0.490661 -0.228447 0.438549 0.865032 -0.243710 0.317193 0.104743 0.942559
-25.832215 -41.010882 2798.925312 -4249.451391 0.804457 -0.557998 -0.203683 0.538690 0.829808 -0.145709 0.250323 0.007495 0.968133
-21.477936 -36.488724 -3302.215850 -3911.344852 -0.624997 0.755986 0.194585 0.746533 0.651696 -0.134089 0.228180 -0.061459 0.971677
-16.255730 -41.916207 -3274.993121 -2812.673531 -0.244651 0.963050 0.112607 0.931629 0.265664 -0.247970 0.268724 -0.044242 0.962201
-48.256525 -64.015223 3592.528015 2388.656316 0.911038 0.402372 0.090040 0.030065 -0.282618 0.958761 -0.411226 0.870761 0.269573
-54.779297 -67.232335 2557.578882 1554.074261 0.812476 0.463568 0.353536 -0.159660 -0.406305 0.899680 -0.560706 0.787414 0.256100
-50.708271 -60.531208 3216.389937 1067.356148 0.896015 0.335692 0.290633 -0.100706 -0.483848 0.869339 -0.432452 0.808209 0.399729
-51.610395 -69.209355 3155.724257 850.627934 0.852228 0.498216 0.159650 -0.086606 -0.166599 0.982214 -0.515952 0.850897 0.098831
-44.518871 -67.425339 2147.833060 2759.214920 0.919795 0.392397 -0.001472 0.056591 -0.128935 0.990037 -0.388298 0.910714 0.140800
46.156061 -64.937853 -9036.705372 3844.456183 0.159614 -0.671404 -0.723698 -0.110794 0.716282 -0.688960 0.980942 0.190149 0.039941
65.843235 -75.754632 -10257.632953 5680.181122 0.132939 -0.700394 -0.701267 0.049221 0.711339 -0.701123 0.989901 0.058690 0.129039
41.393329 -67.118482 6713.729477 1169.917820 -0.235223 0.747989 0.620631 0.018497 0.641877 -0.766584 0.971765 0.168838 0.164820
28.427922 -58.592966 3731.727494 2351.610960 -0.236806 0.742501 0.626590 -0.127048 0.615730 -0.777647 0.963214 0.263759 0.051475
28.855646 -54.573102 -6879.540829 2692.385537 0.174061 -0.673065 -0.718809 -0.229644 0.682081 -0.694283 0.957584 0.285918 -0.035842
-14.869265 -46.373080 -180.458321 231.499312 0.418461 0.903052 0.096889 0.505197 -0.320089 0.801448 -0.754762 0.286427 0.590164
-13.524861 -47.317634 -204.187268 636.142106 0.439898 0.882407 0.166878 0.565671 -0.416587 0.711668 -0.697500 0.218663 0.682408
-15.310832 -44.210137 -1043.516201 -454.421239 0.483129 0.860658 0.160791 0.527505 -0.432701 0.731101 -0.698802 0.268398 0.663052
-15.597856 -50.281988 242.186039 880.143080 0.380231 0.915952 0.128278 0.530926 -0.329726 0.780640 -0.757326 0.228717 0.611675
-17.704226 -40.563454 -931.883732 -1073.693733 0.454857 0.889078 0.051427 0.492299 -0.299144 0.817407 -0.742123 0.346486 0.573761
-14.064854 -42.028264 1102.623828 -947.038475 0.391143 0.919472 -0.039728 0.472167 -0.163433 0.866226 -0.789978 0.357576 0.498070
-15.442101 -49.069989 -517.128139 171.106881 0.372803 0.922925 0.096060 0.460433 -0.273872 0.844391 -0.805618 0.270563 0.527045
-14.867284 -45.742790 -178.445659 -186.267717 0.375840 0.926179 0.030621 0.454489 -0.213025 0.864904 -0.807579 0.311149 0.501002
-24.719505 -49.979066 1015.075755 12288.261409 -0.064173 -0.585726 -0.807965 -0.014128 0.810086 -0.586141 0.997839 -0.026199 -0.060261
-20.312453 -32.394795 6152.114863 3720.501707 -0.011194 0.962937 0.269493 -0.079844 0.267789 -0.960164 0.996745 0.032266 -0.073887
-28.087519 -46.097212 -198.089023 13719.763752 0.027401 -0.617258 -0.786283 -0.000756 0.786566 -0.617506 0.999624 0.017515 0.021087
-19.888669 -30.193690 4385.703647 6050.414473 0.031767 0.893854 0.447232 -0.146651 0.446783 -0.882541 0.988678 0.037552 -0.145277
-28.139788 -62.253109 344.136407 13386.235560 0.014146 -0.458265 -0.888703 0.084066 0.886190 -0.455631 0.996360 -0.068264 0.051061
-21.246753 -37.458813 538.747362 11917.317712 -0.101790 -0.699219 -0.707624 -0.103503 0.714902 -0.691522 0.989407 0.002851 -0.145141
-21.587972 -49.080652 1484.897935 6179.934242 -0.161071 -0.626328 -0.762738 0.027976 0.769621 -0.637888 0.986546 -0.124083 -0.106441
-24.675468 -59.954532 2263.172928 1824.152188 -0.039857 -0.507896 -0.860496 0.227666 0.833912 -0.502751 0.972923 -0.215944 0.082393
-20.583471 -57.747710 5279.881457 1213.892607 -0.149531 -0.580766 -0.800219 0.185644 0.778435 -0.599646 0.971173 -0.238222 -0.008585
0.769541 -67.801890 169.918726 -3207.840201 -0.658370 0.735085 0.161864 0.480753 0.576135 -0.661018 0.579160 0.357377 0.732704
-0.337342 -65.289896 -306.720777 -3040.653844 -0.666605 0.723306 0.180184 0.470681 0.595876 -0.650685 0.578012 0.348940 0.737661
2.218733 -59.361904 201.173188 -3045.357096 -0.673622 0.716059 0.183010 0.575265 0.663451 -0.478438 0.464009 0.217007 0.858839
-1.487616 -72.763176 -240.258165 -2191.582577 -0.654597 0.739967 0.154765 0.336219 0.468323 -0.817086 0.677097 0.482827 0.555353
1.666211 -61.796633 194.670235 -3367.477338 -0.661222 0.731850 0.164865 0.586887 0.641527 -0.493970 0.467278 0.229867 0.853705
0.126047 -70.268088 106.380783 -3169.378754 -0.643921 0.751121 0.145542 0.487860 0.549636 -0.678154 0.589372 0.365674 0.720364
-0.627585 -74.918482 192.627518 -1893.712926 -0.646958 0.749191 0.141982 0.338678 0.449149 -0.826778 0.683186 0.486804 0.544315
-37.427868 -88.704620 -8811.879984 -1858.418631 0.768410 0.594587 0.236671 0.401308 -0.159622 -0.901927 0.498496 -0.788028 0.361267
-52.043796 -95.454589 -10731.835524 -2278.713701 0.764897 0.621880 0.167923 0.276748 -0.081858 -0.957449 0.581673 -0.778822 0.234718
-57.712276 -89.371664 -7709.026143 -4480.846297 0.677273 0.699996 0.226510 0.469947 -0.174713 -0.865231 0.566084 -0.692445 0.447289
7.574778 -114.719601 -677.860703 -7163.253387 -0.772650 -0.509829 -0.378266 -0.305418 0.820892 -0.482552 0.556535 -0.257315 -0.789973
5.269045 -105.787756 -610.764360 -5093.424615 -0.769637 -0.488548 -0.411072 -0.267714 0.831424 -0.486891 0.579645 -0.264680 -0.770686
11.159665 -133.527810 -1313.199349 -10175.295876 -0.791716 -0.461705 -0.400019 -0.367926 0.883114 -0.291100 0.487665 -0.083291 -0.869049
3.731582 -97.862161 -411.409233 -5648.497436 -0.765344 -0.521689 -0.376947 -0.179633 0.735531 -0.653242 0.618045 -0.432243 -0.656647
17.630297 -147.997482 -1768.493212 -16078.608577 -0.775980 -0.528730 -0.343947 -0.439423 0.844344 -0.306580 0.452508 -0.086761 -0.887530
4.452692 -102.350207 -307.247014 -4857.000547 -0.765886 -0.542151 -0.345674 -0.221323 0.727053 -0.649931 0.603684 -0.421268 -0.676830
8.817593 -122.884601 -89.166964 -9253.658265 -0.764936 -0.556267 -0.324715 -0.365566 0.790007 -0.492189 0.530316 -0.257789 -0.807657
24.591379 -95.203717 -11680.026854 -4600.344165 0.793409 -0.089125 0.602129 -0.586723 0.151375 0.795514 0.162047 0.984450 -0.067810
22.353761 -98.837035 -7865.493521 -878.915984 0.787732 -0.132346 0.601633 -0.613504 -0.080393 0.785589 0.055603 0.987938 0.144523
18.111716 -100.929957 -11489.829310 652.651448 0.813700 -0.100790 0.572480 -0.580859 -0.103259 0.807429 0.022267 0.989535 0.142567
6.333190 -44.503823 14480.596502 6186.592154 0.233387 0.677755 0.697266 0.496749 0.533337 -0.684684 0.835925 -0.506162 0.212200
-12.077991 -33.935382 -31857.181392 -3846.326646 0.444384 0.609142 0.656863 0.505049 0.435250 -0.745307 0.739898 -0.662950 0.114228
-7.237104 -43.286703 22126.570477 -926.187183 -0.306896 -0.544661 -0.780487 0.577821 0.545001 -0.607533 0.756265 -0.637432 0.147458
-9.714727 -50.094973 52058.224101 15392.858870 0.103991 0.729736 0.675775 0.517765 0.540407 -0.663234 0.849179 -0.418863 0.321634
0.849304 -66.945298 -32656.422448 29419.442656 -0.169246 -0.620896 -0.765404 0.459928 0.637104 -0.618518 0.871678 -0.456713 0.177740
30.739269 -51.767373 -7061.792498 -504.114447 -0.092379 -0.967263 0.236366 0.995149 -0.097750 -0.011079 0.033821 0.234196 0.971601
20.273884 -50.392909 -8666.696286 -730.899093 -0.108648 -0.949931 0.292962 0.992696 -0.088132 0.082384 -0.052440 0.299773 0.952568
19.640346 -51.945105 -7983.015300 -231.279736 -0.101805 -0.955114 0.278197 0.991563 -0.119982 -0.049065 0.080241 0.270855 0.959270
-7.841502 -168.036083 -192.777000 12921.140816 0.866267 -0.307701 0.393576 -0.493569 -0.405266 0.769512 0.077277 0.860860 0.502940
-4.994805 -160.331818 720.535673 10320.340488 0.863358 -0.333664 0.378526 -0.481890 -0.322729 0.814633 0.149652 0.885728 0.439420
-8.248885 -177.026782 747.157708 9701.788913 0.874826 -0.313846 0.369027 -0.438934 -0.191200 0.877941 0.204981 0.930023 0.305024
-5.832256 -147.672252 -35.564489 9456.476826 0.860329 -0.325236 0.392499 -0.508964 -0.505641 0.696623 0.028103 0.799093 0.600551
-8.325878 -168.434712 -717.403536 15603.530320 0.871145 -0.290539 0.395845 -0.489586 -0.575631 0.654946 -0.037573 0.764353 0.643702
3.375649 -134.903475 1092.306172 -4651.065564 0.777427 -0.233636 0.583970 -0.586924 0.064299 0.807084 0.226113 0.970196 0.087139
-1.848798 -124.248982 829.500100 -2882.971650 0.761922 -0.235074 0.603503 -0.545998 0.268070 0.793741 0.348369 0.934280 -0.075898
2.036216 -126.522181 706.079065 -2077.613421 0.799482 -0.251221 0.545634 -0.557526 0.027773 0.829695 0.223590 0.967531 0.117859
5.189913 -135.521925 716.712639 -4436.733608 0.819243 -0.244450 0.518734 -0.563498 -0.175407 0.807281 0.106351 0.953665 0.281448
3.921334 -126.963844 291.010371 -3495.829607 0.829457 -0.257318 0.495771 -0.546688 -0.191875 0.815056 0.114602 0.947086 0.299825
1.819154 -121.383983 73.245941 -974.906408 0.817901 -0.259259 0.513638 -0.531177 0.002826 0.847256 0.221110 0.965804 0.135401
-21.248031 -105.517736 3135.541319 -135.856672 -0.762149 0.367609 -0.532909 -0.019100 0.810025 0.586085 0.647120 0.456863 -0.610338
-14.634729 -97.690407 -2515.614235 2417.043535 -0.726565 0.393869 -0.563002 -0.022704 0.805181 0.592594 0.686723 0.443340 -0.576074
-14.166902 -109.636762 -729.645633 2615.940092 -0.755532 0.413793 -0.507885 0.130618 0.854849 0.502168 0.641959 0.313065 -0.699914
-18.130161 -102.152207 971.261851 -1365.873123 -0.737103 0.293496 -0.608720 -0.216168 0.751035 0.623873 0.640274 0.591445 -0.490146
-18.735818 -111.316556 -2474.288512 -923.096495 0.768890 -0.290573 0.569540 -0.199122 0.737646 0.645158 0.607584 0.609464 -0.509309
6.465831 -88.447646 -2218.825201 4901.606813 0.794850 -0.149965 0.587982 -0.577855 -0.482793 0.658023 -0.185193 0.862799 0.470406
14.261060 -96.777679 988.376776 2933.211762 0.776783 -0.173794 0.605313 -0.627333 -0.297973 0.719490 -0.055324 0.938620 0.340487
3.812738 -86.417286 1111.002060 5333.386432 0.758773 -0.185551 0.624367 -0.622847 -0.487173 0.612147 -0.190590 0.853366 0.485224
-17.950220 -693.493896 -9585.032669 -246759.220662 0.807896 -0.585833 -0.064058 -0.162423 -0.116856 -0.979777 -0.566501 -0.801962 0.189561
-32.556965 -245.548060 -10164.488256 -98139.120370 0.807802 -0.514210 -0.288173 -0.469431 -0.265530 -0.842097 -0.356496 -0.815525 0.455882
-23.044217 -167.217485 -6918.095363 -71167.009033 0.788791 -0.547959 -0.278476 -0.474202 -0.254248 -0.842906 -0.391076 -0.796931 0.460392
-38.735609 -65.113475 6368.100414 1452.909871 -0.470233 0.687832 0.552963 0.155286 0.681266 -0.715376 0.868773 0.250526 0.427164
-15.855303 -61.632834 7466.168417 952.235455 -0.478285 0.814157 0.329229 0.211391 0.470597 -0.856652 0.852384 0.340128 0.397184
-32.156857 -62.882262 6666.130368 -455.922071 -0.503077 0.736407 0.452347 0.300343 0.639751 -0.707469 0.810375 0.220052 0.543019
-46.681865 -69.634239 -3678.700624 2899.497665 0.511559 -0.472212 -0.717861 0.151417 0.871919 -0.465650 0.845802 0.129511 0.517539
-52.999417 -77.854354 -2215.758179 5379.787274 0.445650 -0.284103 -0.848929 0.055679 0.955266 -0.290461 0.893474 0.082176 0.441533
-664.369869 -4122.017726 345769.652140 1197993.398287 -0.336119 0.934722 0.115409 -0.479750 -0.275373 0.833072 -0.810471 -0.224644 -0.540991
-1304.267527 -3452.034228 419855.465316 1463316.768782 0.274769 0.869978 -0.409440 -0.806327 0.440454 0.394762 -0.523773 -0.221674 -0.822510
-940.603945 -3819.756588 515598.583675 2214073.832545 -0.248466 0.924568 -0.288857 -0.500163 0.132919 0.855669 -0.829519 -0.357080 -0.429409
73.514249 -392.480464 22829.119870 -133879.851491 0.891243 0.069119 0.448229 0.127052 0.910694 -0.393058 -0.435367 0.407258 0.802868
105.976272 -445.225419 -15235.296424 -140674.059921 0.809983 0.281339 0.514564 0.013921 0.867946 -0.496464 -0.586288 0.409291 0.699104
98.684463 -391.286606 16918.408574 73326.607975 0.885518 0.049817 0.461926 -0.379212 -0.496933 0.780549 -0.268431 0.866358 0.421152
43.489399 -783.227250 30850.748290 287806.509707 0.909503 -0.118919 0.398325 -0.302344 -0.846855 0.437522 -0.285293 0.518358 0.806171
53.059342 -389.794033 16583.940167 -146804.215329 0.910424 -0.055771 0.409900 0.163211 0.958917 -0.232035 -0.380119 0.278151 0.882123
-11.285958 -210.233553 -6991.731812 22594.547752 -0.229424 0.925446 0.301521 -0.937495 -0.293388 0.187152 -0.261662 0.239737 -0.934911
-4.417485 -186.671030 -6381.309537 19222.136379 -0.235628 0.926502 0.293382 0.969041 0.201080 0.143269 0.073746 0.318057 -0.945199
6.623354 -185.690013 -7290.108151 24900.155174 -0.225557 0.923350 0.310723 -0.901588 -0.318686 0.292538 -0.369138 0.214160 -0.904363
-7.541147 -205.554025 -5364.945833 29863.588090 -0.151711 0.938377 0.310535 -0.828687 -0.291998 0.477508 -0.538759 0.184894 -0.821921
-33.335114 -297.310148 -5961.956000 46764.810932 -0.233599 0.894014 0.382322 -0.851674 -0.377841 0.363163 -0.469130 0.240779 -0.849672
-11.601261 -130.171483 -1010.451144 -66911.081493 0.986477 0.067939 -0.149154 -0.092077 0.982581 -0.161417 -0.135589 -0.172968 -0.975550
-19.045679 -137.808554 1080.768714 -64588.022831 -0.977281 -0.186394 0.100895 -0.191782 0.980333 -0.046551 -0.090234 -0.064844 -0.993807
-9.770166 -66.339308 790.292365 -15122.096369 0.983091 -0.161683 -0.085966 0.150116 0.980440 -0.127293 -0.104865 -0.112235 -0.988133
-54.814935 -76.799698 -501.347163 5105.571309 -0.118171 0.970759 0.208958 -0.617848 0.092857 -0.780795 0.777367 0.221371 -0.588808
-56.944202 -85.130021 -1291.174162 2954.992005 0.051723 0.941043 0.334310 -0.510669 0.312604 -0.800934 0.858220 0.129295 -0.496730
-47.646916 -68.889718 804.225708 6228.001880 -0.394346 0.918931 -0.007501 -0.593847 -0.261053 -0.761050 0.701311 0.295663 -0.648650
40.307029 -60.600477 5264.357431 -1894.572155 -0.053397 0.995399 -0.079559 -0.818612 0.001992 0.574343 -0.571859 -0.095796 -0.814740
34.250246 -61.876307 4024.530056 6460.701699 -0.006805 0.992941 -0.118413 -0.854096 0.055815 0.517112 -0.520071 -0.104655 -0.847687
23.493649 -71.024131 3705.285886 10250.336519 0.132692 0.983371 -0.123993 -0.901731 0.171701 0.396737 -0.411429 -0.059165 -0.909519
25.132850 -80.882226 356.822670 15503.596449 0.160082 0.978230 -0.132058 -0.868221 0.203188 0.452666 -0.469644 -0.042192 -0.881847
-42.380060 -64.851838 174.430446 -2708.593141 0.912159 0.408646 0.031204 -0.110692 0.172341 0.978798 -0.394605 0.896274 -0.202436
23.945692 -14.900860 882.510974 832.531503 0.128118 0.991650 0.014716 -0.790131 0.111028 -0.602798 0.599398 -0.065601 -0.797758
21.937839 -19.493429 1334.294349 3321.586204 0.143941 0.989190 0.027998 -0.774450 0.130216 -0.619088 0.616042 -0.067429 -0.784822
17.025797 -21.591076 3705.594820 2852.133323 0.136131 0.986199 0.094232 -0.756824 0.164903 -0.632475 0.639286 -0.014782 -0.768827
-11.410420 -139.253526 -1871.501788 28916.842729 0.608972 -0.234575 -0.757712 0.717484 0.570196 0.400118 0.338187 -0.787307 0.515537
-11.782715 -167.011543 -1871.426647 18747.365679 0.595192 -0.244663 -0.765433 0.792663 0.335254 0.509205 0.132031 -0.909805 0.393476
-0.409366 -56.933294 740.875102 -976.586232 0.023758 0.977716 -0.208582 0.669922 0.139296 0.729247 -0.742051 0.157059 0.651685
10.816697 -50.705158 -4151.551769 -10546.330728 0.099265 0.994807 -0.022497 0.478805 -0.027933 0.877477 -0.872292 0.097874 0.479091
1.818890 -61.881940 -902.330374 -12080.811359 0.005507 0.985493 -0.169625 0.503037 0.143873 0.852206 -0.864248 0.090021 0.494947
8.360027 -44.411311 -2601.309158 -6072.460079 0.048398 0.995696 -0.079034 0.416260 0.051821 0.907768 -0.907957 0.076832 0.411960
3.482767 -54.229218 -760.495580 -8545.811912 -0.035381 0.976063 -0.214589 0.430052 0.208695 0.878352 -0.902111 0.061207 0.427142
0.047772 -71.484018 14.566970 -11220.789088 -0.051152 0.966306 -0.252262 0.538282 0.239439 0.808036 -0.841211 0.094455 0.532393
-14.483137 -81.058628 263.035551 -41.908807 0.157503 0.930900 -0.329573 0.712854 0.123782 0.690303 -0.683398 0.343662 0.644099
-15.158944 -81.533675 137.684108 -152.375269 0.104266 0.945899 -0.307252 0.716420 0.142848 0.682888 -0.689834 0.291324 0.662767
-13.618372 -82.147609 270.860112 609.611104 0.154212 0.931927 -0.328224 0.827632 0.059608 0.558097 -0.539670 0.357714 0.762100
-15.616673 -82.223805 115.798439 -300.468697 0.107699 0.944484 -0.310405 0.573489 0.196019 0.795416 -0.812103 0.263680 0.520540
-11.857849 -81.933615 379.517989 948.690789 0.207125 0.915509 -0.344880 0.816450 0.032460 0.576503 -0.538989 0.400985 0.740744
-14.903888 -81.807377 383.954419 -559.701027 0.161606 0.929019 -0.332877 0.569951 0.187503 0.799999 -0.805630 0.319008 0.499193
-12.729236 -80.748126 487.231484 -465.093643 0.211050 0.913336 -0.348246 0.699533 0.107712 0.706436 -0.682723 0.392703 0.616176
14.755710 -96.166757 3347.853413 -6098.557895 0.190883 0.953136 -0.234723 -0.284172 -0.175224 -0.942626 0.939580 -0.246633 -0.237408
16.562196 -87.186935 2852.318717 -1730.048152 0.205208 0.941885 -0.265973 -0.113126 -0.247109 -0.962362 0.972158 -0.227573 -0.055843
25.130563 -91.532302 3143.169579 -2536.508235 0.267530 0.916938 -0.296060 -0.114662 -0.274781 -0.954646 0.956703 -0.289343 -0.031626
27.712026 -102.187557 1991.194275 -5375.146276 0.332842 0.903720 -0.269271 -0.276497 -0.179471 -0.944108 0.901535 -0.388691 -0.190141
0.859824 -41.099582 -9942.210268 -845.466061 -0.283546 0.924841 -0.253518 -0.762356 -0.057020 0.644642 -0.581735 -0.376056 -0.721225
-8.324185 -41.497510 -5111.369258 -657.282371 -0.284880 0.935685 -0.208176 -0.813307 -0.121001 0.569114 -0.507322 -0.331440 -0.795469
5.533480 -41.497734 -10310.935416 -392.845256 -0.238193 0.926583 -0.291047 -0.821419 -0.032303 0.569410 -0.518204 -0.374701 -0.768807
2.138068 -42.209604 1242.942439 -1238.981591 0.105871 0.976886 -0.185703 0.947934 -0.155559 -0.277890 0.300355 0.146614 0.942492
-10.626226 -120.106753 -811.530638 -5343.237810 -0.442929 0.410708 0.796953 0.887105 0.329498 0.323227 -0.129842 0.850147 -0.510285
-12.924930 -118.617649 43.066127 -6082.294374 -0.417939 0.397622 0.816837 0.896191 0.327808 0.298970 -0.148889 0.856994 -0.493349
-9.229006 -125.202564 -157.974618 -3155.643748 -0.411102 0.404728 0.816817 0.908528 0.108531 0.403483 0.074651 0.907974 -0.412324
-9.891955 -123.332279 -120.186605 -3318.551756 -0.378887 0.391435 0.838584 0.923733 0.104898 0.368394 0.056237 0.914207 -0.401326
-13.075263 -116.186741 -520.465038 -6385.472374 -0.389501 0.387799 0.835405 0.905470 0.327231 0.270266 -0.168561 0.861703 -0.478597
-9.251340 -251.840496 3131.223670 -24514.696565 0.489613 0.111575 -0.864772 0.869016 -0.143590 0.473490 -0.071342 -0.983327 -0.167264
-7.493807 -274.570620 3436.530273 -5093.438542 0.472962 0.115379 -0.873496 0.842150 0.232246 0.486667 0.259017 -0.965789 0.012677
-9.155123 -226.915526 -306.420034 3389.069815 0.466188 0.056156 -0.882902 0.834877 0.302215 0.460051 0.292661 -0.951584 0.094006
-7.031871 -140.846790 -1475.039720 -10071.080486 -0.614762 0.025853 0.788289 -0.340740 0.892673 -0.295010 -0.711311 -0.449962 -0.539973
-8.052850 -138.485014 -890.057177 1774.591079 -0.593159 -0.000777 0.805085 -0.475897 0.806926 -0.349846 -0.649372 -0.590652 -0.479005
-10.122988 -125.637484 -271.913436 6881.723596 -0.583939 0.012026 0.811708 -0.497473 0.784847 -0.369507 -0.641510 -0.619573 -0.452320
5.714512 -99.687029 3913.753351 13486.324739 0.412573 -0.404201 -0.816336 -0.408034 0.719226 -0.562336 0.814427 0.565098 0.131806
0.673390 -112.985581 2543.837429 6597.473535 0.429210 -0.408371 -0.805613 -0.203720 0.825194 -0.526833 0.879930 0.390241 0.270988
-15.231233 -42.174939 -1035.413450 4496.835076 -0.164710 0.986048 -0.024079 -0.003009 0.023909 0.999710 -0.986337 -0.164735 0.000971
-43.773739 -624.884520 4252.597583 170066.806818 0.843434 0.210364 -0.494333 -0.179238 -0.757241 -0.628061 0.506451 -0.618331 0.600978
-1.528198 -775.007748 13565.293614 252161.520285 0.893303 0.296440 -0.337836 -0.324409 -0.094976 -0.941137 0.311077 -0.950317 -0.011326
-22.719276 -6175.432496 -11650.407161 -2556433.307351 0.824528 0.060585 -0.562568 0.102097 0.962001 0.253240 0.556534 -0.266240 0.787011
49.519898 -3667.517998 67487.979500 1707380.231682 0.805325 0.157906 -0.571417 -0.269646 0.955965 -0.115852 0.527961 0.247378 0.812441
7.132950 -56.258622 1449.234304 5503.191751 0.313303 -0.296008 0.902342 0.291299 0.934330 0.205360 -0.903873 0.198511 0.378955
6.345493 -47.003479 -222.923733 -208.915762 0.304261 -0.189668 0.933516 0.180810 0.973661 0.138893 -0.935271 0.126530 0.330541
24.455823 -34.917980 -2324.982386 -39.891561 0.193378 0.966424 -0.169205 0.167767 0.137350 0.976212 -0.966674 0.217165 0.135573
22.232718 -38.520240 -2092.701663 693.552432 0.208079 0.971248 -0.115675 0.080338 0.100893 0.991648 -0.974807 0.215635 0.057034
18.450616 -42.162580 -2617.903962 896.841750 0.153215 0.985112 -0.077968 0.085707 0.065355 0.994175 -0.984469 0.159005 0.074418
19.899034 -38.784071 -2397.091243 378.755512 0.146064 0.981334 -0.125098 0.177977 0.098324 0.979110 -0.973134 0.165278 0.160293
-30.913201 -60.968700 33908.099469 -14734.832650 0.287963 0.672532 0.681746 0.653493 0.382384 -0.653245 0.700017 -0.633627 0.329383
11.244191 -223.673562 110.608824 -17052.834590 -0.077024 0.956051 -0.282901 -0.330121 -0.292194 -0.897576 0.940791 -0.024256 -0.338118
18.770524 -142.866356 -1407.119008 -7298.208876 0.634347 -0.604751 -0.481540 0.752697 0.625170 0.206419 0.176212 -0.493395 0.851769
20.616775 -121.559385 -2583.857088 -18780.000237 0.653389 -0.625288 -0.426730 0.756723 0.523623 0.391394 -0.021288 -0.578649 0.815299
-35.386254 -54.534449 515.562093 -3873.591021 0.975858 -0.072362 -0.206069 0.035926 0.983850 -0.175354 0.215430 0.163717 0.962698
-30.222345 -44.752342 2815.515860 -4549.965707 0.925340 -0.323338 -0.197988 0.304038 0.944815 -0.122009 0.226512 0.052703 0.972581
-35.234522 -55.760513 3341.328594 -4537.146844 0.904519 -0.318902 -0.283103 0.246605 0.932792 -0.262839 0.347896 0.167928 0.922371
-53.733598 -63.190578 2225.125513 179.005435 0.717472 0.221287 0.660505 -0.382049 -0.667859 0.638751 -0.582471 0.710631 0.394628
-57.461528 -69.010279 723.057041 -2168.911251 0.649530 0.473294 0.595065 0.271839 0.586351 -0.763083 -0.710080 0.657408 0.252193
-56.552719 -71.977684 926.058116 -269.818030 0.702275 0.585010 0.405676 -0.254367 -0.326030 0.910495 -0.664912 0.742609 0.080156
98.634826 -82.360318 -17634.788486 5411.037752 0.032051 -0.640368 -0.767399 0.101067 0.765934 -0.634925 0.994363 -0.057209 0.089269
77.955659 -76.927522 10244.995540 2288.361884 -0.141706 0.741611 0.655692 0.234959 0.668646 -0.705483 0.961620 -0.054089 0.268999
54.730774 -73.924151 6599.508811 2171.210917 -0.215932 0.771922 0.597921 0.161959 0.632201 -0.757688 0.962882 0.066770 0.261532
-14.023834 -47.876223 629.163889 1161.780309 0.370437 0.918236 0.140067 0.620401 -0.356819 0.698415 -0.691288 0.171821 0.701854
-11.417830 -44.384356 2.964123 1478.779802 0.420863 0.890546 0.172630 0.661893 -0.431608 0.612872 -0.620300 0.143673 0.771094
-9.052934 -27.671039 4990.133482 2258.607765 -0.016360 0.999632 -0.021623 -0.138133 -0.023678 -0.990131 0.990279 0.013212 -0.138470
-3.532393 -69.783660 -886.755795 -2221.130558 -0.656825 0.734990 0.168437 0.334071 0.483906 -0.808846 0.676001 0.475000 0.563381
113.951219 -169.265140 26023.226446 30397.334345 0.797720 0.445503 0.406412 -0.600974 0.642902 0.474875 0.049725 0.623061 -0.780591
284.158935 -185.529411 87723.719063 -34430.861873 0.573720 0.678914 0.458171 0.812637 -0.401966 -0.421953 -0.102301 0.614410 -0.782327
87.951765 -186.152189 18163.533289 -5381.488753 0.744162 0.562096 0.360932 -0.644513 0.746182 0.166779 0.175575 0.356736 -0.917558
638.294521 -179.737748 198837.251311 -58183.348488 0.658821 0.520709 0.542971 0.732107 -0.277665 -0.622030 -0.173133 0.807319 -0.564146
39.982314 -175.402947 7527.570283 -8790.035536 0.841453 0.382706 0.381435 -0.473003 0.862975 0.177603 0.261199 0.329865 -0.907174
39.698419 -147.580238 8884.845805 14600.150797 0.872089 0.311762 0.377180 -0.467638 0.757989 0.454716 0.144135 0.572937 -0.806826
189.819525 -151.805828 48404.524743 39905.879892 0.801227 0.368359 0.471537 -0.598150 0.472202 0.647488 -0.015848 0.800835 -0.598675
