13051
26084
-59.812825 -90.510587 -2192.331402 20667.930003 0.895484 0.285755 -0.341251 0.443343 -0.504726 0.740742 -0.039432 0.814614 0.578661
-71.902991 -108.075730 2970.724321 15579.269105 0.915731 0.211507 -0.341617 0.399400 -0.386531 0.831308 -0.043782 0.897696 0.438434
-66.050726 -123.402360 6877.149797 30276.213507 -0.672664 -0.431869 0.600843 0.731066 -0.262444 0.629814 -0.114310 0.862909 0.492261
-55.812713 -88.030916 553.194010 12350.542845 0.999233 -0.008501 -0.038231 0.028054 -0.525796 0.850148 0.027328 0.850568 0.525154
-44.357863 -111.778545 15634.798169 39382.055193 -0.703449 -0.500231 0.504904 0.704623 -0.397788 0.587598 -0.093090 0.769113 0.632297
-46.077832 -74.209064 -9245.902908 18592.265542 0.889231 0.337057 -0.309290 0.454993 -0.581570 0.674357 -0.047423 0.740384 0.670509
-45.777933 -70.230269 -1732.246378 11412.329850 0.998501 -0.035975 0.041255 -0.054719 -0.636525 0.769312 0.001416 0.770416 0.637540
-66.500054 -92.605000 654.964980 11811.425158 -0.027122 0.901682 -0.431549 0.419867 -0.381505 -0.823508 0.907180 0.203529 0.368239
-67.087626 -86.461099 1186.057671 8994.971136 0.009254 0.928961 -0.370063 0.336038 -0.351445 -0.873822 0.941803 0.116269 0.315419
-64.616426 -87.522599 -1416.908478 2766.183128 -0.079481 0.895387 -0.438139 0.337017 -0.389511 -0.857147 0.938138 0.215787 0.270802
-66.982647 -86.432457 -1196.744169 -2266.020612 -0.013779 0.934027 -0.356936 0.255593 -0.341821 -0.904340 0.966686 0.103691 0.234021
-93.957667 -286.787861 18083.154632 -146072.643400 0.886252 0.400852 -0.232109 -0.392534 0.915976 0.083095 0.245915 0.017468 0.969134
-80.894061 -209.053870 -24082.139290 96035.607414 0.987005 0.160431 -0.009138 0.160116 -0.986689 -0.028428 0.013577 -0.026595 0.999554
-96.464974 -384.782596 18202.374650 -222589.157301 0.907374 0.372970 -0.193817 -0.278821 0.879152 0.386458 0.314532 -0.296621 0.901712
-101.467980 -232.943001 -56722.068111 -109570.821456 0.942350 0.334629 0.000774 0.293946 -0.828883 0.475972 -0.159916 0.448305 0.879460
-107.296931 -278.235058 47357.385295 -158210.717420 0.728058 0.564930 -0.388310 -0.475681 0.824218 0.307235 0.493619 -0.038973 0.868805
44.921004 -97.709021 -3886.804773 16746.601732 -0.199245 -0.976470 -0.082507 0.978530 -0.202780 0.036867 -0.052731 -0.073390 0.995908
28.034907 -75.027482 -851.940352 4019.123363 -0.234296 -0.968631 -0.082822 0.970621 -0.228273 -0.076072 0.054779 -0.098213 0.993657
27.311587 -77.918901 -3409.500114 2626.791653 -0.075481 -0.989710 -0.121561 0.996428 -0.070233 -0.046897 0.037877 -0.124667 0.991475
41.717077 -106.419300 1072.814008 19300.319192 -0.033118 -0.984621 -0.171538 0.996864 -0.044885 0.065176 -0.071874 -0.168841 0.983019
71.986339 -149.065404 5638.580800 46569.574844 0.162646 0.978167 0.129368 0.967061 -0.184054 0.175830 -0.195802 -0.096509 0.975883
-9.440103 -68.056501 1210.883986 -1902.803508 0.788655 0.612261 -0.056212 0.549803 -0.661360 0.510216 -0.275209 0.433290 0.858207
-7.847125 -72.399200 -947.755865 -7857.798955 0.787532 0.615648 -0.027765 0.562140 -0.699161 0.441783 -0.252571 0.363526 0.896692
-9.507956 -71.060634 -1617.678751 -9105.850297 0.795826 0.604494 -0.035322 0.554773 -0.704505 0.442606 -0.242668 0.371833 0.896020
-7.450761 -67.666298 1460.497012 -647.315760 0.789836 0.612309 -0.035168 0.546063 -0.675960 0.494867 -0.279239 0.410068 0.868257
-8.126365 -62.936403 3572.319354 3439.822977 0.795535 0.603294 -0.056210 0.522031 -0.635359 0.569036 -0.307583 0.482032 0.820389
-7.590930 -62.233355 3441.551198 3791.947927 0.811826 0.582445 -0.041200 0.493955 -0.647433 0.580378 -0.311364 0.491517 0.813304
-22.781386 -68.824922 3784.223299 -918.191999 0.797437 0.601769 -0.044353 -0.103625 0.208991 0.972412 -0.594437 0.770841 -0.229016
6.785906 -64.702531 19406.213967 258.566640 0.840246 0.540711 -0.040239 -0.067981 0.178687 0.981555 -0.537927 0.822011 -0.186899
0.617543 -63.491397 20230.679730 -2887.068956 0.840727 0.536574 -0.072565 -0.106239 0.294882 0.949609 -0.530934 0.790653 -0.304921
-6.605573 -98.106883 -738.475342 2329.967486 0.830371 0.512881 -0.217800 0.014561 -0.410715 -0.911648 0.557021 -0.753834 0.348514
-7.192352 -100.193674 -507.620713 1348.511695 0.828521 0.526501 -0.190656 0.138788 -0.522941 -0.840994 0.542486 -0.670320 0.506340
-4.745949 -99.418075 -1185.916757 3319.671080 0.834203 0.518201 -0.188609 0.034795 -0.390799 -0.919818 0.550359 -0.760752 0.344037
-7.314145 -95.512636 618.474152 469.251814 0.818858 0.530372 -0.219493 0.107967 -0.517887 -0.848608 0.563750 -0.671192 0.481339
-5.145655 -96.973112 -446.195885 -212.713886 0.824119 0.510065 -0.246294 -0.076192 -0.331050 -0.940532 0.561268 -0.793876 0.233962
-5.938696 -94.281542 1698.020585 1613.747337 0.814521 0.526426 -0.243785 0.012715 -0.436319 -0.899702 0.579995 -0.729726 0.362085
7.885557 -172.509971 7550.326201 3754.727376 0.410880 0.824956 -0.388105 0.663889 -0.562498 -0.492796 0.624843 0.055179 0.778798
18.929071 -169.206483 6365.101736 1937.689010 0.449877 0.808039 -0.380373 0.655911 -0.587994 -0.473332 0.606128 0.036550 0.794527
10.298291 -165.120836 7613.154856 -2887.251266 0.419505 0.821872 -0.385412 0.784697 -0.541779 -0.301207 0.456361 0.176074 0.872200
24.553568 -32.510257 3747.082578 -6913.743001 0.001889 -0.542822 -0.839846 0.571741 0.689625 -0.444443 0.820432 -0.479335 0.311656
16.023287 -40.754553 6666.840926 -7832.596501 0.028955 -0.434595 -0.900161 0.549525 0.759163 -0.348846 0.834975 -0.484560 0.260802
24.699126 -24.984395 6871.711273 -5538.108818 -0.014670 -0.499468 -0.866208 0.595759 0.691374 -0.408746 0.803029 -0.522048 0.287421
29.341575 -22.492464 -1081.916408 -5310.653831 0.009004 0.624736 0.780784 0.597417 0.622785 -0.505205 0.801881 -0.471002 0.367620
35.240530 -14.058061 -3079.715319 -4199.768854 0.032344 0.610020 0.791726 0.622573 0.607397 -0.493429 0.781893 -0.508867 0.360137
-16.075749 -60.791655 -651.518255 -2643.438190 0.780684 0.583696 -0.223231 0.512071 -0.392740 0.763897 -0.358211 0.710672 0.605500
-17.202820 -63.127842 291.433662 122.991061 0.742621 0.590717 -0.315543 0.609858 -0.401788 0.683110 -0.276744 0.699728 0.658630
-15.896317 -61.169221 160.564413 -2004.993569 0.757343 0.581106 -0.297905 0.551804 -0.325532 0.767816 -0.349205 0.745885 0.567196
-16.249375 -60.924774 2265.970552 1661.852704 0.738382 0.572168 -0.356953 0.616184 -0.357301 0.701892 -0.274060 0.738214 0.616386
-13.796069 -58.917195 -2289.092751 -5310.244646 0.764080 0.598402 -0.241031 0.490769 -0.296670 0.819227 -0.418721 0.744246 0.520357
-12.874715 -60.049379 -1004.013411 -1648.048757 0.767629 0.583668 -0.264722 0.483511 -0.256294 0.836977 -0.420670 0.770483 0.478949
-15.709575 -62.791952 -170.878684 319.179325 0.765586 0.566813 -0.304304 0.529657 -0.286855 0.798234 -0.365158 0.772294 0.519829
-1.018570 -166.068911 3365.553784 -19305.947266 -0.643692 0.696029 0.318126 0.631451 0.717909 -0.293045 -0.432353 0.012250 -0.901621
-4.003275 -136.456015 731.248227 -14934.314707 -0.657463 0.688784 0.305481 0.525133 0.709606 -0.469782 -0.540350 -0.148446 -0.828243
-0.351284 -156.659403 1770.428117 -18125.019469 -0.640352 0.704406 0.306205 0.632094 0.709776 -0.310927 -0.436356 -0.005552 -0.899757
2.617929 -178.490889 2512.402039 21176.694366 -0.636038 0.707641 0.307734 -0.710020 -0.692862 0.125750 -0.302203 0.138516 -0.943126
2.145758 -182.394339 3023.212698 12562.305496 -0.648889 0.695882 0.307720 -0.716799 -0.694731 0.059560 -0.255229 0.181926 -0.949611
3.723142 -175.104390 -1841.500699 -16270.684461 -0.654859 0.690516 0.307159 0.656998 0.721019 -0.220194 -0.373515 0.057606 -0.925834
-18.551006 -149.264871 -1648.072154 -36.675689 0.676832 0.713286 -0.181994 0.435753 -0.587471 -0.681907 0.593311 -0.382232 0.708436
-16.657377 -151.554279 -762.881316 -2329.385269 0.675629 0.716123 -0.175197 0.566474 -0.656351 -0.498308 0.471840 -0.237426 0.849114
-15.654444 -149.697868 -765.335877 2203.969084 0.696902 0.695195 -0.176156 0.433863 -0.604269 -0.668297 0.571043 -0.389310 0.722736
-1.683362 -233.330358 61.402371 2115.793585 -0.575430 0.745908 0.335413 -0.454813 0.048999 -0.889238 0.679724 0.664244 -0.311053
-1.003127 -252.212373 -2388.770867 -11713.991347 0.586331 -0.727727 -0.355851 0.452742 -0.069887 0.888898 0.671745 0.682297 -0.288496
4.026774 -234.928684 1636.000415 8937.387024 -0.574078 0.749145 0.330478 -0.297388 0.185282 -0.936606 0.762886 0.635965 -0.116420
-5.723566 -225.090142 6.894426 -6703.363838 -0.589834 0.725064 0.355497 0.628927 0.136347 0.765415 0.506504 0.675050 -0.536434
3.765895 -242.777162 1154.781944 -5405.530452 -0.588173 0.752392 0.296578 -0.195411 0.223636 -0.954883 0.784772 0.619591 -0.015489
-1.615219 -240.803483 1076.996442 -4375.246005 -0.602623 0.739157 0.300819 -0.426034 0.020758 -0.904469 0.674789 0.673213 -0.302397
-4.830155 -225.694262 331.044425 4834.482682 -0.586265 0.736714 0.336964 0.596030 0.110542 0.795317 0.548673 0.667108 -0.503910
-4.473119 -47.573619 3978.854849 -3341.668294 -0.494557 -0.486112 0.720492 0.646604 0.348160 0.678740 -0.580790 0.801548 0.142137
-8.077217 -53.516994 2744.587569 -2897.660368 -0.570998 -0.516496 0.638117 0.642512 0.202684 0.738984 -0.511019 0.831956 0.216122
-11.432153 -48.123594 2086.409688 -2627.573267 -0.495319 -0.481385 0.723137 0.679027 0.304657 0.667912 -0.541832 0.821859 0.175971
-8.317000 -42.786063 3807.460726 -1326.570547 -0.395688 -0.428108 0.812499 0.700463 0.431490 0.568479 -0.593956 0.794066 0.129138
-14.549553 -45.961496 1942.592752 -2367.518143 -0.471147 -0.456859 0.754520 0.709800 0.311455 0.631807 -0.523645 0.833232 0.177537
30.306273 -1079.001277 5635.113752 510130.592521 -0.421576 0.892766 0.158880 0.839370 0.317897 0.440907 -0.343120 -0.319235 0.883379
42.057182 -686.283425 18879.004244 61277.991349 -0.401152 0.904624 0.143991 0.627632 0.156948 0.762525 -0.667199 -0.396262 0.630731
23.985250 -682.960025 9074.617622 106219.939924 -0.373195 0.912783 0.165991 0.593880 0.097581 0.798614 -0.712764 -0.396617 0.578501
49.231033 -1012.122794 23914.007167 -438774.210821 -0.357599 0.923242 0.140524 0.212993 -0.065877 0.974830 -0.909262 -0.378529 0.173087
9.790922 -918.333746 3060.265652 294302.981002 -0.423985 0.893642 0.147112 0.801852 0.294884 0.519690 -0.421036 -0.338302 0.841594
6.992382 -754.830655 5725.449454 61803.975083 -0.353333 0.923344 0.150307 0.506588 0.053776 0.860510 -0.786463 -0.380190 0.486755
19.660196 -701.229624 11929.380655 -176136.529664 -0.335029 0.924693 0.180828 0.144243 -0.139321 0.979686 -0.931101 -0.354306 0.086704
136.364757 -25690.119546 -169486.703393 -15609255.469070 -0.513098 0.857177 -0.044482 -0.827433 -0.507742 -0.239902 0.228224 0.086287 -0.969777
782.071375 -12804.303895 -351129.682306 8614627.670509 -0.814298 0.545303 -0.198905 0.456290 0.813171 0.361321 0.358773 0.203464 -0.910980
-243.401728 -4332.586364 113427.888453 383609.598063 -0.654999 0.752688 -0.066611 0.698162 0.569108 -0.434381 -0.289045 -0.331024 -0.898263
-22.861855 -49.318182 4484.744080 2074.093445 0.894141 0.279113 -0.350154 -0.296460 0.955036 0.004243 0.335594 0.100013 0.936683
-25.440637 -53.309635 2156.036237 1912.018539 0.920783 0.186597 -0.342551 -0.174565 0.982436 0.065926 0.348836 -0.000906 0.937183
-19.858984 -49.163591 5086.122806 1460.110264 0.846631 0.372363 -0.380213 -0.368716 0.925605 0.085465 0.383751 0.067833 0.920942
-14.401873 -46.872588 5682.818369 1469.219323 0.829862 0.406703 -0.381997 -0.433228 0.901100 0.018221 0.351629 0.150371 0.923984
-17.623065 -46.963550 3514.502290 1971.270606 0.878981 0.324826 -0.349115 -0.368913 0.927102 -0.066227 0.302153 0.187005 0.934737
6.780809 -80.420943 34851.866559 4027.287451 -0.228622 -0.297133 0.927062 0.021427 0.950517 0.309934 -0.973279 0.090722 -0.210943
82.505027 -74.870915 58725.870755 -4529.125376 -0.235166 -0.261413 0.936141 -0.086351 0.964963 0.247769 -0.968112 -0.022570 -0.249500
64.380159 -78.982579 52095.435436 8980.648100 -0.223891 -0.306471 0.925175 0.086260 0.939316 0.332030 -0.970789 0.154144 -0.183868
8.635708 0.490362 4807.170230 -5981.664701 0.827795 -0.280875 -0.485660 0.545262 0.606579 0.578578 -0.132083 0.743755 -0.655273
12.957203 4.668484 -2559.542499 -1716.605605 0.973393 0.116758 -0.197165 0.081926 0.626238 0.775316 -0.213996 0.770840 -0.600010
11.155698 -0.470633 -54.678674 10941.432012 -0.037517 0.610444 0.791170 0.995009 0.096080 -0.026950 -0.092467 0.786210 -0.611002
128.012855 -142.363376 -5020.273139 3466.287663 0.655836 0.714659 -0.243192 -0.565437 0.251605 -0.785478 0.500161 -0.652654 -0.569106
136.007486 -153.524822 -10993.353306 -482.716535 0.559008 0.807943 -0.186384 -0.567422 0.208849 -0.796501 0.604601 -0.551009 -0.575193
123.467373 -157.132911 -10909.591340 -346.987343 0.552627 0.800638 -0.231478 0.705337 -0.301340 0.641634 0.443963 -0.517854 -0.731249
129.823372 -166.861316 4906.778915 494.637666 0.419585 0.903887 -0.083285 -0.633700 0.225995 -0.739832 0.649902 -0.363200 -0.667617
45.571286 -78.163084 -11666.746128 -297.748319 0.596833 0.741754 -0.305927 0.699011 -0.293486 0.652111 0.393921 -0.603048 -0.693657
36.612803 -77.427011 -9420.201575 479.336571 0.621501 0.717909 -0.313596 0.651226 -0.250925 0.716199 0.435477 -0.649341 -0.623471
48.811631 -75.895146 -12072.285295 2138.534461 0.581815 0.762154 -0.283924 0.622869 -0.193062 0.758130 0.522998 -0.617939 -0.587048
51.207285 -76.629124 -7350.975068 203.857063 0.543542 0.803065 -0.244231 0.692644 -0.264760 0.670930 0.474137 -0.533844 -0.700146
-7.381010 -57.492354 355.604115 -984.100597 0.909927 0.008033 0.414692 0.395085 -0.321136 -0.860685 -0.126259 -0.946999 0.295384
-5.556173 -51.274744 -748.048693 920.532046 0.930086 -0.035169 0.365654 0.326441 -0.377327 -0.866637 -0.168450 -0.925412 0.339466
-8.619499 -59.940796 -298.326612 -3809.315189 0.948093 -0.053065 0.313535 0.281528 -0.318383 -0.905193 -0.147858 -0.946476 0.286918
-12.443365 -65.043737 601.257181 -6435.275171 0.937312 -0.011960 0.348286 0.333174 -0.262294 -0.905647 -0.102184 -0.964914 0.241867
-12.630268 -65.326260 1230.308104 -5294.799170 0.892032 0.037238 0.450435 0.445041 -0.246228 -0.860994 -0.078848 -0.968496 0.236215
-7.162575 -61.948078 120.612828 -1966.081580 0.849683 0.054046 0.524517 0.516344 -0.286945 -0.806878 -0.106899 -0.956421 0.271718
-2.245201 -54.491414 1462.521924 -2336.514360 0.890778 0.038755 0.452783 0.427177 -0.411308 -0.805199 -0.155028 -0.910672 0.382939
-23.381679 -79.593776 227.719648 6179.625332 0.929722 0.085311 0.358245 0.055383 0.929343 -0.365040 -0.364075 0.359226 0.859306
-21.631107 -90.808658 197.520361 4480.498446 0.928636 0.082663 0.361666 -0.002443 0.976202 -0.216850 -0.370984 0.200492 0.906738
-21.960383 -84.468724 4571.955151 6714.489102 0.946149 0.049793 0.319880 0.052572 0.951352 -0.303587 -0.319435 0.304055 0.897503
-19.116970 -86.917857 -3904.155335 3783.352670 0.906292 0.116565 0.406260 -0.009672 0.966685 -0.255787 -0.422542 0.227889 0.877226
-20.105604 -71.465887 1937.849770 -8052.144738 0.944013 0.115767 0.308930 -0.046507 -0.880362 0.472017 -0.326615 0.459957 0.825689
-21.334866 -67.917888 1387.669586 -6347.983044 0.933419 0.120101 0.338089 -0.074776 -0.856499 0.510704 -0.350909 0.501982 0.790492
-20.648475 -77.429125 -3928.977319 7241.929076 0.907773 0.118005 0.402521 0.059263 0.913906 -0.401577 -0.415254 0.388395 0.822626
-1.066963 -110.463321 -3700.453950 -4337.654710 0.893798 -0.041074 0.446585 -0.096986 0.954529 0.281900 -0.437857 -0.295274 0.849173
2.845351 -114.074874 -5482.967791 -223.387080 0.889617 -0.036769 0.455224 -0.024473 0.991484 0.127908 -0.456051 -0.124930 0.881142
4.340334 -113.369723 -5289.755701 -3751.670126 0.894263 -0.069382 0.442130 -0.071252 0.953237 0.293704 -0.441833 -0.294152 0.847501
-5.511760 -103.600283 -1086.736746 4279.140699 0.897768 -0.022518 0.439893 0.174353 -0.898953 -0.401851 -0.404492 -0.437466 0.803125
-4.547492 -109.254284 197.395266 -4424.880664 0.901363 -0.003847 0.433048 -0.133107 0.949094 0.285486 -0.412102 -0.314968 0.854966
-1.025265 -105.016349 -4312.607345 -5122.233277 0.892180 -0.062146 0.447384 -0.141646 0.902030 0.407772 -0.428896 -0.427176 0.795971
39.785942 -169.232122 -13457.857043 838.330875 -0.643532 -0.320954 0.694878 0.758517 -0.389053 0.522771 0.102559 0.863496 0.493817
18.609531 -161.497503 -9325.306571 -9618.799660 -0.633649 -0.296437 0.714573 0.773611 -0.238117 0.587219 -0.003922 0.924892 0.380210
17.323031 -158.786349 -10687.247640 6371.265174 -0.610855 -0.294972 0.734743 0.769205 -0.440947 0.462482 0.187564 0.847677 0.496249
-0.320485 -156.847327 -4957.113920 1495.388470 -0.629558 -0.293863 0.719236 0.768801 -0.369361 0.522032 0.112252 0.881599 0.458456
27.759369 -159.573257 -17786.433678 13724.082893 -0.584134 -0.295835 0.755824 0.728367 -0.601959 0.327303 0.358147 0.741706 0.567101
1.351972 -155.106299 -7586.870363 8761.140018 -0.611046 -0.306097 0.730019 0.733396 -0.565983 0.376556 0.297915 0.765486 0.570331
-14.571351 -158.594435 1552.615473 -6889.037985 0.723253 0.343307 -0.599204 0.592551 0.137110 0.793778 -0.354666 0.929162 0.104262
-9.155368 -152.990460 2598.464581 -5718.995056 0.709136 0.312947 -0.631815 0.596883 0.210539 0.774212 -0.375308 0.926141 0.037492
-9.331825 -140.461267 1215.229577 -9239.380086 0.714959 0.341950 -0.609840 0.508525 0.344279 0.789224 -0.479830 0.874381 -0.072255
-6.179044 -134.523914 -836.610686 -20875.528088 0.718488 0.375131 -0.585706 0.389705 0.480380 0.785726 -0.576111 0.792787 -0.198957
-12.246078 -156.797837 -274.443076 -11409.071745 0.736043 0.377745 -0.561739 0.514295 0.227529 0.826881 -0.440162 0.897518 0.026801
-4.801860 -124.980184 2506.866138 -21586.852106 0.712468 0.324058 -0.622394 0.410691 0.526617 0.744317 -0.568966 0.785914 -0.242110
-33.903453 -44.252406 2267.520848 4231.843727 0.583893 0.544225 -0.602401 0.118042 0.677229 0.726242 0.803203 -0.495157 0.331187
-33.060755 -37.559727 7607.213553 1779.399100 0.261742 0.863643 0.430826 0.556524 0.229646 -0.798463 0.788525 -0.448757 0.420530
-38.290176 -43.367526 3775.020608 -4959.204563 0.629514 0.654086 -0.419385 0.042567 -0.567978 -0.821942 0.775822 -0.499572 0.385393
-36.454379 -49.772634 3028.825526 1330.865786 0.623466 0.555210 -0.550482 0.124066 0.624901 0.770783 0.771944 -0.548854 0.320722
-33.052054 -51.606694 2417.743084 2913.870317 0.583491 0.508667 -0.633085 0.209909 0.658594 0.722628 0.784523 -0.554537 0.277511
-29.855969 -49.840726 1559.614663 2739.401992 0.538756 0.508717 -0.671527 0.216542 0.686700 0.693940 0.814157 -0.519278 0.259806
-29.624512 -42.975895 2402.790503 4444.776203 0.530581 0.554581 -0.641033 0.128704 0.694783 0.707610 0.837806 -0.457948 0.297262
0.994176 -60.743696 9223.836562 3346.222513 0.954396 0.121631 0.272644 -0.086128 -0.762238 0.641541 -0.285851 0.635766 0.717001
-14.934058 -60.322395 5632.511509 434.774583 0.952839 0.160471 0.257580 -0.043340 -0.768108 0.638852 -0.300366 0.619886 0.724928
10.901235 -62.214421 13970.681974 -1976.363880 0.959192 0.153654 0.237362 -0.018559 -0.803440 0.595097 -0.282145 0.575218 0.767801
80.154024 -64.913964 43348.915628 3490.316754 0.957422 0.171655 0.232116 -0.013421 -0.776692 0.629738 -0.288380 0.606040 0.741318
-1.706225 -39.986000 -917.184836 1574.004752 0.304576 0.949412 -0.076487 -0.909016 0.313719 0.274353 -0.284470 0.014033 -0.958582
2.671579 -38.261584 307.516811 3331.104759 0.479596 0.866276 -0.139834 -0.837117 0.499464 0.223095 -0.263104 -0.010062 -0.964715
5.576171 -44.640754 2025.347677 2900.713619 0.418458 0.902450 -0.102362 -0.883778 0.430574 0.183145 -0.209354 -0.013827 -0.977742
-7.409676 -31.786626 -846.377409 2601.824478 0.397928 0.910844 -0.109621 -0.857501 0.411748 0.308472 -0.326106 0.028750 -0.944896
0.534961 -46.906060 2154.601942 1527.469742 0.305919 0.949899 -0.064074 -0.920642 0.312300 0.234281 -0.242553 0.012682 -0.970055
-1.460084 -43.810882 -1269.085570 456.996853 0.172322 0.984237 -0.039791 -0.923525 0.175480 0.341040 -0.342647 0.022021 -0.939206
-6.574036 -36.571181 -2233.959020 -154.803730 0.182253 0.982725 -0.032190 -0.921477 0.182132 0.343087 -0.343022 0.032867 -0.938752
11.942440 -79.497575 -6666.780442 -472.991947 0.761682 0.520360 -0.386091 -0.646658 0.572853 -0.503660 0.040911 -0.633297 -0.772826
16.605039 -77.728872 4676.367389 1333.125484 0.761854 0.534727 -0.365575 -0.647683 0.636920 -0.418138 -0.009253 -0.555337 -0.831574
15.669401 -79.483911 4854.909348 -66.679852 0.763342 0.530091 -0.369205 -0.640173 0.544185 -0.542255 0.086529 -0.650281 -0.754750
10.391149 -386.248423 -10199.031358 47721.532341 0.033927 0.462503 0.885968 0.091475 0.881320 -0.463580 -0.995229 0.096772 -0.012407
8.248914 -423.577128 -718.203067 56486.450921 0.078959 0.443535 0.892772 0.085082 0.889302 -0.449336 -0.993240 0.111438 0.032482
-4.968011 -526.694119 -12778.309869 156157.283964 0.065394 0.386476 0.919978 -0.242932 0.900379 -0.360974 -0.967837 -0.199887 0.152767
13.834981 -378.958314 -3652.826428 -21718.596306 0.075388 0.490367 0.868249 0.410555 0.778236 -0.475177 -0.908714 0.392287 -0.142653
5.150404 -395.985508 -6502.400045 68310.297451 0.048232 0.444978 0.894242 -0.196163 0.882068 -0.428340 -0.979384 -0.154758 0.129832
2.937913 -331.610303 -1468.316276 50803.623743 0.078139 0.464474 0.882132 0.034705 0.883034 -0.468023 -0.996338 0.067185 0.052880
138.866919 -2333.000885 -38952.690062 -805471.590799 -0.213983 -0.620987 -0.754046 0.776945 0.359690 -0.516701 0.592087 -0.696418 0.405506
61.511861 -753.081356 8146.314948 -13720.817672 -0.201476 -0.638412 -0.742857 0.286638 0.686780 -0.667961 0.936614 -0.347509 0.044623
83.022412 -1788.792490 27420.610675 477706.076306 -0.258489 -0.545057 -0.797556 0.444534 0.665890 -0.599149 0.857655 -0.509415 0.070171
7.451772 -178.766835 4272.101489 -8408.430683 -0.521106 -0.431741 -0.736239 -0.088961 0.885397 -0.456243 0.848843 -0.172255 -0.499794
0.441479 -163.295327 5727.022015 -9778.905362 -0.534982 -0.428263 -0.728275 0.034117 0.850350 -0.525111 0.844174 -0.305771 -0.440311
5.964562 -164.528053 4454.217674 -8196.622776 -0.523888 -0.401521 -0.751214 0.166134 0.816823 -0.552449 0.835429 -0.414224 -0.361217
48.337526 -8.556318 10628.765577 12055.344975 0.452875 0.522196 -0.722645 -0.091375 0.833444 0.544997 0.886879 -0.180784 0.425162
32.682894 -10.933680 17203.370450 9093.235532 0.374572 0.501443 -0.779904 -0.058341 0.852221 0.519919 0.925361 -0.149247 0.348473
36.991475 -24.615084 14260.395254 4566.066215 0.409501 0.579478 -0.704638 -0.049404 0.785319 0.617117 0.910971 -0.217898 0.350217
51.100946 -32.169699 3546.808800 6523.346199 0.532947 0.561410 -0.633077 -0.079918 0.778240 0.622861 0.842366 -0.281358 0.459627
-22.170703 -64.260005 1705.556982 1608.012261 -0.666407 -0.206472 -0.716430 0.707142 0.129549 -0.695103 0.236332 -0.969838 0.059672
-18.919444 -64.163970 2543.725598 868.022801 -0.681066 -0.169304 -0.712380 0.705682 0.107799 -0.700281 0.195354 -0.979651 0.046057
-21.036399 -61.269544 -695.911288 927.890276 0.678601 0.197545 0.707444 0.674102 0.215001 -0.706655 0.291698 -0.956426 -0.012734
-20.755980 -66.951427 3548.881431 1947.978649 -0.670391 -0.181823 -0.719386 0.726916 0.033612 -0.685903 0.148893 -0.982757 0.109637
-24.237881 -60.567087 -697.621207 1996.386947 0.668929 0.245700 0.701545 0.659392 0.239521 -0.712623 0.343126 -0.939288 0.001790
-24.364914 -67.998994 3845.019808 2728.593577 -0.667955 -0.210651 -0.713766 0.726437 0.023752 -0.686822 0.161634 -0.977273 0.137159
-25.425641 -64.589600 2245.033544 2932.129631 -0.665805 -0.238759 -0.706893 0.696700 0.140146 -0.703540 0.267044 -0.960913 0.073033
1.466712 -88.191812 114.226779 7027.350617 0.894683 0.140505 0.424028 -0.008460 0.954404 -0.298398 -0.446621 0.263384 0.855078
0.858856 -95.324396 -999.055646 7572.829856 0.892960 0.107597 0.437088 -0.003398 0.972595 -0.232479 -0.450124 0.206109 0.868854
-0.570906 -96.620716 323.976608 6467.704897 0.896258 0.123394 0.426022 -0.051031 0.982831 -0.177312 -0.440587 0.137177 0.887167
3.212191 -84.858175 -1165.441335 5520.070520 0.891866 0.137169 0.430998 0.036952 0.927622 -0.371689 -0.450787 0.347423 0.822246
21.023936 -89.395754 -16255.892303 9862.137490 -0.928909 -0.245285 -0.277424 -0.278120 0.956749 0.085329 0.244495 0.156420 -0.956951
50.566052 -75.327788 23892.415737 9529.698372 0.897448 0.358107 0.257579 -0.413537 0.886246 0.208699 0.153541 0.293814 -0.943450
37.922184 -81.282622 -15035.635496 7708.108741 -0.890145 -0.405567 -0.207743 -0.426449 0.902089 0.066156 0.160572 0.147480 -0.975944
13.238215 -88.835543 -10562.520920 2722.522098 -0.923429 -0.313176 -0.221810 -0.304037 0.949693 -0.075131 0.234181 -0.001940 -0.972191
-186.178131 -902.460795 69535.019709 -441318.448156 0.763241 -0.235434 0.601692 0.440329 0.871036 -0.217729 -0.472835 0.431122 0.768480
-486.848240 -4858.460141 125598.735636 1171621.939519 0.819154 -0.207901 0.534569 -0.573292 -0.267543 0.774440 0.017986 0.940850 0.338346
-136.744356 -17847.944825 -423610.352185 5124858.903338 0.917687 0.000936 0.397303 -0.394604 -0.114237 0.911722 -0.046240 0.993453 0.104464
-2176.125422 -3293.962021 1024489.332793 639696.408634 0.533395 -0.034368 0.845168 0.761630 0.454190 -0.462204 -0.367982 0.890242 0.268438
-268.892506 -4839.035753 -48230.202186 -2942878.239928 0.527409 -0.450149 0.720559 0.155545 0.884929 0.438984 -0.835252 -0.119445 0.536738
-352.119707 -1136.857865 -190959.623475 -1229748.780629 -0.684649 0.626869 -0.371874 0.067738 0.562720 0.823868 -0.725718 -0.538870 0.427728
-388.408019 -2123.463585 171792.464767 -1124699.247530 0.755290 -0.070571 0.651580 0.005234 0.994804 0.101677 -0.655370 -0.073385 0.751735
57.195286 -154.974801 -204.740577 -63203.148463 -0.450921 -0.200070 0.869852 0.836630 -0.434308 0.333806 0.310999 0.878264 0.363223
15.663206 -84.906497 -29501.737973 -22052.022563 -0.262596 -0.135028 0.955411 0.907752 -0.370288 0.197164 0.327155 0.919051 0.219808
43.567794 -222.320854 -27340.518032 -108699.941664 -0.348520 -0.107782 0.931084 0.868347 -0.411092 0.277449 0.352857 0.905200 0.236866
6336.152878 -66110.526394 649165.713652 -35566348.742726 -0.547462 -0.122354 0.827838 0.736229 -0.540690 0.406966 0.397809 0.832277 0.386087
-82.660048 -127.427881 141.815399 15026.371423 0.716315 0.342390 -0.607998 0.682177 -0.160415 0.713373 -0.146720 0.925762 0.348479
-86.241207 -120.958514 4334.934447 8833.099678 0.864647 0.210470 -0.456168 0.494155 -0.192672 0.847755 -0.090536 0.958426 0.270598
-70.613699 -106.712778 2522.419596 12374.606214 0.986535 0.020194 -0.162298 0.157621 -0.382143 0.910562 0.043633 0.923883 0.380180
-86.124958 -100.387679 3251.600776 7465.384923 0.468991 0.628753 -0.620255 -0.124728 0.742392 0.658253 0.874351 -0.231352 0.426598
-85.112796 -110.331841 3960.974215 8163.178522 0.489903 0.463563 -0.738312 0.117080 0.804246 0.582649 0.863879 -0.371883 0.339729
-83.567312 -102.612092 7594.783668 12151.173579 0.357873 0.486630 -0.796943 0.027718 0.847556 0.529982 0.933359 -0.211756 0.289829
-83.077749 -114.595297 4690.578200 9076.585170 0.354158 0.393155 -0.848529 0.233749 0.841323 0.487378 0.905502 -0.370952 0.206062
-80.033482 -93.463721 8406.657277 5648.971082 0.197713 0.928901 -0.313132 0.298666 -0.361333 -0.883310 0.933653 -0.081120 0.348871
-77.858792 -93.230655 6111.346792 -9122.769955 0.223896 0.728202 -0.647760 0.119919 -0.680166 -0.723183 0.967207 -0.084239 0.239612
-81.338062 -107.604109 1286.382790 14585.179726 0.280481 0.504384 -0.816656 0.091221 0.832950 0.545777 0.955515 -0.227577 0.187616
-57.822447 -165.693566 -23880.988313 -74415.580108 0.989218 0.131951 0.063529 -0.131973 0.991246 -0.003872 -0.063484 -0.004554 0.997972
-81.630536 -369.101219 -18362.095156 223783.498603 0.968786 0.247738 -0.008880 0.223722 -0.889179 -0.399136 0.106777 -0.384691 0.916849
-163.662012 -400.826177 -77726.397966 -219857.767031 0.936082 0.340837 0.087073 0.220534 -0.761414 0.609601 -0.274073 0.551434 0.787912
108.660472 -273.955043 -40708.304222 39721.251863 -0.317764 0.862327 0.394230 0.729477 -0.043271 0.682635 -0.605714 -0.504499 0.615298
250.237891 -331.045452 -103551.208660 -82934.879551 -0.311839 0.837003 0.449647 0.400252 -0.313483 0.861120 -0.861716 -0.448503 0.237256
137.970012 -244.112490 -34712.659192 -8620.567653 -0.076382 0.926804 0.367695 0.687568 -0.218108 0.692589 -0.722091 -0.305717 0.620582
117.180413 -336.205537 -49918.926329 -59319.849250 -0.481408 0.802340 0.352841 0.409664 -0.149915 0.899834 -0.774869 -0.577734 0.256520
85.275717 -231.172741 24552.434994 71049.733848 0.177898 -0.921433 -0.345418 0.907966 0.018361 0.418642 -0.379408 -0.388103 0.839896
46.104889 -279.552115 16753.101428 96118.252069 0.409209 -0.857311 -0.312355 0.861434 0.250138 0.441998 -0.300798 -0.449942 0.840876
42.799471 -324.929261 15205.543629 85206.778820 0.515164 -0.809388 -0.281952 0.697533 0.204766 0.686672 -0.498051 -0.550419 0.670063
-7.747732 -72.401770 -2528.300361 -3089.738480 0.793804 0.608062 -0.011613 0.581931 -0.753865 0.305032 -0.176724 0.248894 0.952271
-5.351528 -72.748199 -912.934901 -3486.820136 0.785358 0.618855 -0.015222 0.592189 -0.743900 0.309719 -0.180347 0.252255 0.950706
-6.017409 -79.670275 -2419.516043 2679.195455 0.794241 0.607542 -0.008626 0.600884 -0.783272 0.159446 -0.090114 0.131821 0.987169
-9.522531 -78.727493 -2944.239840 3925.518844 0.803873 0.594487 -0.019345 0.588885 -0.790881 0.166495 -0.083680 0.145233 0.985852
109.833383 -57.535050 -11342.091401 -7020.739934 0.512560 0.848769 -0.129898 -0.164809 0.245717 0.955228 -0.842686 0.468203 -0.265829
87.752666 -57.253422 -48542.342428 -4891.266981 0.278021 0.954546 -0.107456 -0.226777 0.173929 0.958291 -0.933422 0.242056 -0.264825
110.441804 -45.666782 -32058.095987 -6328.334721 0.421687 0.895865 -0.140020 -0.223361 0.252292 0.941519 -0.878800 0.365752 -0.306490
104.438942 -47.467047 13800.538921 -6927.499013 0.657702 0.745955 -0.104784 -0.191588 0.300182 0.934443 -0.728507 0.594510 -0.340347
75.465305 -32.313900 -13599.035972 -7598.261420 0.488294 0.865012 -0.115428 -0.279544 0.280339 0.918295 -0.826695 0.416130 -0.378697
-0.560276 -102.640788 -1232.876433 -1506.391461 0.834939 0.517572 -0.187072 -0.053798 -0.261533 -0.963694 0.547707 -0.814690 0.190520
-0.286160 -98.511255 -1857.032138 2686.285532 0.839917 0.518504 -0.160291 0.033073 -0.343701 -0.938496 0.541707 -0.782958 0.305829
1.965862 -103.569179 -1316.123309 -4524.953648 0.839055 0.520663 -0.157788 -0.030219 -0.244976 -0.969058 0.543207 -0.817861 0.189814
2.974745 -107.691736 -389.608128 -4969.098830 0.830402 0.527484 -0.179426 -0.125303 -0.136980 -0.982617 0.542892 -0.838449 0.047653
0.204584 -105.194470 -1701.407275 -4936.804477 0.834888 0.506572 -0.215282 -0.150819 -0.165612 -0.974590 0.529353 -0.846143 0.061867
12.966673 -131.869136 1951.527248 10414.828257 -0.495225 -0.792973 0.354889 0.807187 -0.268927 0.525478 -0.321251 0.546692 0.773257
7.997676 -122.967383 -2356.209796 6471.924974 -0.519219 -0.775840 0.358446 0.839318 -0.383829 0.384994 -0.161112 0.500746 0.850468
9.220517 -123.009862 997.140608 9274.042717 -0.501451 -0.792159 0.347895 0.841433 -0.352944 0.409172 -0.201342 0.497909 0.843533
9.997935 -135.079280 -5631.126374 13434.054951 -0.531527 -0.754823 0.384344 0.795694 -0.289368 0.532106 -0.290429 0.588650 0.754416
9.063050 -130.067866 2987.247866 1028.189695 -0.465369 -0.812765 0.350493 0.844907 -0.289920 0.449530 -0.263748 0.505331 0.821631
14.019744 -140.418805 5820.634621 6724.503850 -0.433689 -0.819141 0.375395 0.774068 -0.125440 0.620550 -0.461229 0.559707 0.688474
17.369940 -148.702696 -3144.494811 7353.103842 -0.496981 -0.774941 0.390483 0.710996 -0.105663 0.695212 -0.497489 0.623139 0.603492
0.472533 -51.414013 1677.887486 -772.728225 0.123289 -0.190834 -0.973849 0.258307 0.953680 -0.154181 0.958164 -0.232543 0.166872
-1.176478 -41.481704 668.665805 5534.745075 0.070489 -0.395978 -0.915551 0.309700 0.881164 -0.357261 0.948218 -0.258363 0.184747
0.906185 -40.929263 1682.127630 -6004.842128 0.175604 0.088057 -0.980515 0.160282 0.980145 0.116729 0.971325 -0.177657 0.158003
3.965989 -52.628625 4318.663895 -1337.471806 0.065454 -0.361277 -0.930159 0.363915 0.876599 -0.314866 0.929130 -0.317889 0.188851
-1.481696 -65.572788 981.120881 -1909.706133 0.165785 -0.146061 -0.975285 0.192268 0.974780 -0.113303 0.967237 -0.168732 0.189687
0.300091 -58.766385 2448.676439 -4030.213772 0.121652 -0.262245 -0.957303 0.351730 0.913270 -0.205486 0.928163 -0.311714 0.203341
-19.696851 -66.554950 867.422675 -3505.671177 0.759141 0.570075 -0.314198 0.615351 -0.471119 0.631973 -0.212247 0.673098 0.708442
-16.940365 -64.522053 2177.865410 -493.203290 0.740166 0.565761 -0.363414 0.635015 -0.410359 0.654493 -0.221156 0.715207 0.663000
-9.770325 -118.119369 -541.602692 5425.142779 -0.657732 0.700374 0.277245 -0.425540 -0.649195 0.630446 -0.621534 -0.296685 -0.725033
-1.201612 -119.792045 -3413.313158 -17568.178579 -0.680632 0.661045 0.315847 0.409619 0.700803 -0.584027 -0.607415 -0.268131 -0.747766
23.261247 -135.854931 -15097.445537 -24239.773468 -0.681852 0.669029 0.295766 0.437802 0.697165 -0.567706 -0.586010 -0.257604 -0.768265
19.534131 -113.478615 -16539.653292 -11601.049042 -0.700339 0.652732 0.288904 0.335373 0.658171 -0.674044 -0.630118 -0.375169 -0.679852
-8.299074 -170.065601 -697.750599 7234.594417 0.716397 0.690024 -0.103159 -0.621211 0.698162 0.355904 0.317604 -0.190885 0.928811
-8.922263 -169.105131 -275.146711 -2193.537838 0.726155 0.675992 -0.125429 0.504340 -0.647722 -0.571050 0.467268 -0.351412 0.811277
-9.267409 -163.949712 -2084.375951 -1938.921899 0.714449 0.691689 -0.105497 0.599866 -0.683133 -0.416521 0.360171 -0.234299 0.902984
-7.489201 -177.733357 262.995845 -5682.174366 0.733641 0.670388 -0.111133 0.528554 -0.665739 -0.526709 0.427085 -0.327675 0.842750
-9.053882 -156.985852 -3502.329926 -5950.928459 0.701204 0.708631 -0.078453 0.687608 -0.701246 -0.188280 0.188436 -0.078078 0.978977
-7.215793 -172.152479 1505.348446 8832.220205 0.717182 0.688810 -0.105788 -0.634308 0.708086 0.310269 0.288623 -0.155416 0.944745
624.496252 -55.514816 301364.752943 9702.904578 0.651864 0.648207 0.393575 -0.449397 0.748248 -0.488024 -0.610832 0.141253 0.779058
480.347982 -43.189013 197723.378171 -3090.694876 0.495661 0.712799 0.496223 0.523676 -0.701084 0.483987 -0.692880 -0.019967 0.720776
5322.210422 -140.294086 4285359.469424 17693.430769 -0.140472 0.545772 0.826076 -0.435251 0.715362 -0.546638 -0.889283 -0.436338 0.137060
844.095954 -64.867982 438113.926986 13358.580897 0.619500 0.638783 0.456264 -0.388339 0.754510 -0.529063 -0.682212 0.150570 0.715483
2.961217 -276.485131 3944.355519 15238.998000 -0.586352 0.741819 0.325416 -0.259549 0.208495 -0.942955 0.767350 0.637365 -0.070288
75.457767 -2548.054226 -24880.829796 -1347229.331674 0.524094 -0.842610 -0.123828 0.808066 0.446061 0.384783 -0.268987 -0.301724 0.914663
43.450342 -1088.725507 967.832843 -222096.373100 -0.502354 0.850216 0.157393 0.658369 0.258109 0.707057 -0.560527 -0.458816 0.689418
144.120579 -2521.528034 24312.194053 -1592683.028941 -0.443308 0.895821 0.031344 0.222278 0.075987 0.972018 -0.868372 -0.437870 0.232807
-12.077455 -50.653498 12141.769117 9005.155808 0.984471 0.079468 0.156532 -0.074460 -0.618462 0.782279 -0.158976 0.781786 0.602941
-31.553286 -58.419362 8618.805635 6626.458386 0.927726 -0.046647 0.370335 -0.313976 -0.634058 0.706675 -0.201849 0.771877 0.602878
-25.328926 -43.248788 5836.091990 340.653174 0.860454 -0.189057 0.473155 -0.470506 -0.651218 0.595432 -0.195557 0.734964 0.649296
-22.044598 -66.582344 11619.366655 11376.364883 0.979274 0.083682 0.184445 -0.103986 -0.573751 0.812402 -0.173808 0.814744 0.553158
-10.113246 -36.718419 11834.135569 4161.414213 0.977996 0.029315 0.206554 -0.135108 -0.665410 0.734149 -0.158965 0.745902 0.646808
-6.916111 -67.220842 13460.133949 13134.069090 0.988319 0.125674 0.086212 -0.003713 -0.545664 0.837996 -0.152357 0.828527 0.538823
-30.985523 -59.853707 -497.054733 3704.663060 0.944311 0.021703 -0.328337 0.012365 0.994777 0.101318 0.328821 -0.099736 0.939111
-29.821985 -56.289208 4820.510072 2096.082714 0.914467 0.142907 -0.378585 -0.096383 0.985560 0.139215 0.393014 -0.090819 0.915037
-22.766674 -51.541652 4513.376446 736.332606 0.868973 0.307205 -0.387958 -0.269749 0.951317 0.149101 0.414875 -0.024914 0.909537
-5.014141 -92.292395 1289.494888 1007.258335 0.813068 0.522146 -0.257455 -0.017895 -0.419610 -0.907528 0.581893 -0.742490 0.331828
-6.634975 -92.998128 2400.861600 685.769577 0.807744 0.538700 -0.239483 0.094665 -0.519473 -0.849227 0.581884 -0.663287 0.470597
-1.312597 -59.951707 23069.883526 -17795.028373 -0.299279 -0.179076 0.937211 -0.130363 0.980694 0.145756 -0.945218 -0.078556 -0.316846
33.129511 -21.824419 25609.119896 -25583.829166 -0.320537 0.084856 0.943428 -0.150140 0.978837 -0.139052 -0.935262 -0.186217 -0.301013
-135.577244 -695.824394 118574.620275 -305000.558862 0.581006 -0.394651 0.711817 -0.282320 0.722553 0.631041 -0.763366 -0.567599 0.308389
-134.026292 -2535.533439 3051.641374 -627753.735376 0.410604 -0.200743 0.889442 0.494099 0.868816 -0.032009 -0.766336 0.452615 0.455926
356.161419 -1499.540060 78833.254979 -753843.607208 0.491229 0.139905 0.859721 -0.542519 0.821329 0.176329 -0.681445 -0.553033 0.479362
-48.372489 -595.571438 1764.230423 -272226.527215 0.310543 0.026113 0.950201 -0.643741 0.741277 0.190015 -0.699400 -0.670691 0.247008
9.990252 3.375052 3066.099936 5915.383540 0.705244 0.487814 0.514459 -0.691601 0.313759 0.650571 -0.155941 0.814612 -0.558649
15.132512 -0.391144 -3701.906417 5341.506931 0.935439 0.342092 0.089037 -0.268800 0.524812 0.807663 -0.229567 0.779452 -0.582884
140.730107 -147.872250 -5460.358287 9718.483073 0.631531 0.752632 -0.186313 -0.469486 0.179963 -0.864405 0.617050 -0.633370 -0.467003
142.673209 -160.396804 -7742.588316 1199.578775 0.668572 0.713134 -0.210835 -0.323220 0.023332 -0.946036 0.669732 -0.700639 -0.246098
136.192814 -159.836201 6079.276377 -11340.639568 0.484126 0.868536 -0.106142 -0.399657 0.111580 -0.909849 0.778393 -0.482902 -0.401135
127.571471 -148.145166 2597.217732 -15425.705378 0.549563 0.816121 -0.178683 -0.208095 -0.073417 -0.975349 0.809121 -0.573199 -0.129483
116.345972 -163.638604 25945.715695 -11822.535758 0.260002 0.963256 0.067350 -0.509399 0.196082 -0.837893 0.820312 -0.183546 -0.541664
112.547449 -147.679459 22019.871219 -27280.806296 0.308823 0.951059 0.010769 -0.287602 0.104169 -0.952068 0.906595 -0.290924 -0.305696
119.018269 -133.348994 20175.010110 -21110.780062 0.373293 0.924855 -0.072764 -0.220415 0.012229 -0.975330 0.901149 -0.380122 -0.208417
-43.307880 -155.628612 9650.453890 77477.359275 -0.870479 -0.146514 0.469894 -0.247226 0.955655 -0.160009 -0.425613 -0.255454 -0.868099
-48.730141 -121.967870 23861.122635 28922.316121 0.984507 0.130402 -0.117222 -0.169809 0.875700 -0.452012 -0.043708 -0.464914 -0.884276
-93.954607 -301.249658 20113.778261 148545.727023 -0.848554 -0.115308 0.516392 -0.228833 0.959946 -0.161676 -0.477066 -0.255358 -0.840952
41.782191 -75.500610 -8579.154146 -2204.148064 0.627998 0.717994 -0.300172 -0.568611 0.160000 -0.806896 0.531319 -0.677410 -0.508740
35.292126 -75.315335 3108.786647 -1117.789857 0.627571 0.718193 -0.300589 -0.608755 0.211965 -0.764518 0.485358 -0.662774 -0.570227
32.764575 -77.132279 4917.994739 1106.372372 0.624845 0.720437 -0.300898 0.661728 -0.284148 0.693812 0.414348 -0.632638 -0.654282
-5.321581 -51.583142 -784.281255 659.928073 0.950844 -0.065184 0.302733 0.257135 -0.378568 -0.889139 -0.172563 -0.923275 0.343198
-4.706188 -46.140053 -671.563976 -2050.649167 0.942907 -0.052900 0.328828 0.268090 -0.465273 -0.843593 -0.197620 -0.883585 0.424527
-3.305735 -47.345606 -1680.349792 -1409.150984 0.948872 -0.066437 0.308590 0.241538 -0.476582 -0.845299 -0.203227 -0.876616 0.436168
-2.265543 -50.300259 -1071.038510 -1818.955621 0.950182 -0.063462 0.305166 0.224298 -0.540618 -0.810816 -0.216434 -0.838871 0.499451
-3.879147 -50.870352 61.960955 -2148.500182 0.948571 -0.051911 0.312278 0.238080 -0.533168 -0.811819 -0.208640 -0.844415 0.493389
-18.132288 -92.870945 -4845.574415 1368.183642 0.906732 0.119216 0.404505 -0.075515 0.989606 -0.122383 -0.414891 0.080422 0.906310
-19.399074 -92.811423 -2006.139206 4251.494589 0.924996 0.078190 0.371844 -0.044565 0.994169 -0.098189 -0.377354 0.074253 0.923088
8.079294 -116.965522 -6392.833833 -225.857514 0.892624 -0.051132 0.447893 -0.003407 0.992753 0.120126 -0.450790 -0.108753 0.885980
