19234
38447
-52.801537 -91.068263 5661.575050 18392.986908 0.357908 0.607349 0.709245 0.791799 0.205195 -0.575282 -0.494931 0.767478 -0.407457
-63.780156 -111.649654 6763.548397 16373.273707 0.490254 0.639889 0.591771 0.654616 0.177937 -0.734722 -0.575439 0.747583 -0.331647
-61.827433 -103.948208 -1445.704438 21050.164451 0.598558 0.605934 0.523996 0.633244 0.042737 -0.772771 -0.490643 0.794366 -0.358124
-60.449909 -94.589821 1698.956257 18166.790140 0.259455 0.656164 0.708613 0.781046 0.288993 -0.553579 -0.568023 0.697088 -0.437513
-46.885514 -76.695750 3341.784313 17772.088003 0.318530 0.574881 0.753691 0.853402 0.172175 -0.491998 -0.412607 0.799917 -0.435762
-48.467423 -77.128727 -2628.086143 11493.244290 0.043906 0.565078 0.823868 0.876007 0.374689 -0.303677 -0.480296 0.735048 -0.478561
-56.882586 -72.559109 1477.812180 20881.646701 0.967769 -0.063558 -0.243688 0.226437 0.643118 0.731523 -0.110226 0.763125 -0.636782
-43.325737 -58.867950 19706.378899 27448.905156 0.993478 0.111123 -0.025563 -0.041645 0.562310 0.825877 -0.106148 0.819426 -0.563270
-37.031168 -64.007540 34089.340350 13905.410138 0.937104 0.248139 0.245486 -0.345258 0.555545 0.756417 -0.051318 0.793597 -0.606275
15.971230 -80.237928 62309.015577 18460.032812 0.783698 0.391980 0.481839 -0.620909 0.473154 0.624978 -0.016995 0.788972 -0.614194
-4.317856 -56.399168 43725.069669 24800.076597 0.928045 0.243845 0.281554 -0.368642 0.493251 0.787913 -0.053252 0.835011 -0.547650
39.292867 -90.793168 62432.171788 30319.532421 0.862976 0.318066 0.392563 -0.504487 0.499932 0.703961 -0.027651 0.805545 -0.591890
15.851307 -100.566939 52850.453561 -10878.619040 0.694026 0.453457 0.559201 0.719020 -0.476028 -0.506367 0.036580 0.753508 -0.656420
27.790776 -32.163203 -8676.696413 4430.574815 -0.460901 0.844904 -0.271491 0.621846 0.525733 0.580441 -0.633148 -0.098700 0.767712
37.800197 -38.823043 -7823.482667 2413.529394 -0.446722 0.858775 -0.250888 0.589679 0.493515 0.639313 -0.672843 -0.137652 0.726866
39.462684 -37.101599 5448.629921 3125.762950 -0.331607 0.905767 -0.263861 0.641044 0.421533 0.641383 -0.692170 -0.043541 0.720420
33.096795 -37.353242 -12270.447522 2102.212726 0.324420 0.931227 -0.166037 0.626747 -0.080148 0.775090 -0.708477 0.355517 0.609645
47.408490 -43.929703 -13006.374563 4179.187695 0.345799 0.927296 -0.143338 0.568286 -0.085417 0.818385 -0.746642 0.364454 0.556506
48.873757 -37.079261 -27919.628543 4302.706152 0.395781 0.913810 -0.091148 0.584876 -0.174301 0.792174 -0.708009 0.366838 0.603451
29.273130 -44.497148 -8260.941337 3724.928925 0.270467 0.939043 -0.212240 0.609809 0.003488 0.792541 -0.744970 0.343782 0.571694
18.859784 -40.228880 -1349.668685 2948.894393 0.227746 0.930680 -0.286299 0.684318 0.056188 0.727016 -0.692705 0.361494 0.624084
169.310870 -69.331121 108456.555240 2598.439609 0.876898 -0.022667 -0.480141 0.242788 -0.841215 0.483126 0.414853 0.540225 0.732157
229.443943 -64.898078 89957.043724 2336.591970 0.927682 0.131991 -0.349262 0.303641 -0.811049 0.500001 0.217273 0.569893 0.792474
188.782630 -77.843740 120541.339450 -1050.326539 0.871134 -0.032535 -0.489967 0.283367 -0.781595 0.555709 0.401036 0.622937 0.671654
31.706832 -84.580502 91867.202069 -247.051737 0.851517 -0.195158 -0.486654 0.122341 -0.828579 0.546342 0.509854 0.524758 0.681673
8.829571 -84.887158 64098.369701 2647.396097 0.872835 -0.300648 -0.384408 0.067823 0.854784 -0.514533 0.483279 0.423030 0.766477
10.765481 -139.524492 708.294866 1811.608075 -0.136295 -0.381274 -0.914360 -0.195773 0.915137 -0.352416 0.971132 0.130974 -0.199372
11.177726 -130.005121 -2895.322937 -805.433710 -0.086915 -0.389085 -0.917092 -0.140034 0.916208 -0.375439 0.986325 0.095792 -0.134117
9.924821 -130.519404 -1817.721361 3711.458100 -0.123572 -0.344046 -0.930786 -0.338716 0.896267 -0.286318 0.932739 0.279891 -0.227287
14.215134 -132.957737 -1061.298162 7760.807754 -0.150672 -0.351048 -0.924155 -0.391569 0.879562 -0.270269 0.907729 0.321149 -0.269985
4.967997 -119.922859 -2487.292484 6334.152505 -0.101632 -0.345337 -0.932959 -0.477686 0.839568 -0.258731 0.872632 0.419366 -0.250290
8.683323 -119.053810 -1637.591174 10409.942057 -0.130590 -0.333744 -0.933574 -0.519512 0.825046 -0.222276 0.844425 0.455976 -0.281126
9.988345 -221.053804 2499.244471 -43519.017774 0.779066 0.432143 0.454212 -0.393842 0.901033 -0.181735 -0.487796 -0.037305 0.872160
17.579062 -253.667784 3041.762176 -50529.182054 0.761892 0.414542 0.497670 -0.383488 0.907919 -0.169176 -0.521974 -0.061957 0.850708
13.004716 -282.042733 3240.827268 -38226.951502 0.777496 0.381491 0.499964 -0.209664 0.906754 -0.365838 -0.592908 0.179613 0.784983
11.900533 -184.546291 3113.010880 -38281.446809 0.755752 0.484500 0.440566 -0.532672 0.846155 -0.016784 -0.380919 -0.221993 0.897563
6.521953 -162.629773 1772.042003 -28457.686630 0.757406 0.492275 0.428955 -0.529978 0.847225 -0.036504 -0.381392 -0.199688 0.902588
-45.491212 -61.030445 -4969.354743 -26202.004356 0.916055 -0.037953 0.399253 0.133443 0.967634 -0.214192 -0.378202 0.249489 0.891470
-45.117695 -66.849843 -5760.766674 -25116.866440 0.942335 -0.013203 0.334410 0.079960 0.979166 -0.186658 -0.324978 0.202634 0.923758
-45.992232 -82.817568 -45.776754 -26278.345528 0.827242 -0.361766 0.429879 0.460289 0.875125 -0.149300 -0.322186 0.321376 0.890457
-43.494773 -76.122635 -2341.268337 -26757.119073 0.732883 -0.446967 0.512936 0.566336 0.818579 -0.095880 -0.377023 0.360763 0.853056
-44.574904 -50.907637 -5744.825790 -25543.276096 0.884644 -0.042532 0.464323 0.171522 0.955688 -0.239249 -0.433572 0.291291 0.852739
40.273060 -76.022202 -24985.159448 8601.437674 0.779253 -0.318884 0.539516 0.349624 0.935657 0.048044 -0.520123 0.151189 0.840603
42.494021 -77.160206 5185.331710 6287.268045 0.801172 -0.416820 0.429401 0.391049 0.907801 0.151588 -0.452995 0.046468 0.890301
38.090934 -81.119300 -15130.283342 16066.802956 0.782085 -0.396249 0.480968 0.363293 0.916995 0.164735 -0.506321 0.045896 0.861123
4.351420 -137.993430 -1568.052301 -12579.800172 0.800107 0.448305 0.398562 0.574489 -0.763853 -0.294092 -0.172600 -0.464275 0.868711
1.522244 -148.387761 -2427.456845 -10101.016499 0.805466 0.430200 0.407618 0.588097 -0.665217 -0.460030 -0.073249 -0.610257 0.788810
0.402976 -133.403183 -1062.434479 -15508.541383 0.796460 0.448950 0.405087 0.570323 -0.780347 -0.256496 -0.200955 -0.435319 0.877562
-3.723630 -85.222994 -585.745723 -1472.625079 0.220479 0.388659 0.894614 0.919928 -0.387733 -0.058269 0.324225 0.835827 -0.443025
-6.554651 -92.925602 -596.328936 -4097.755164 0.148258 0.419021 0.895791 0.879916 -0.469345 0.073913 0.451406 0.777262 -0.438288
-5.303813 -86.845479 -809.416519 -3344.412579 0.171014 0.420819 0.890879 0.870090 -0.488740 0.063840 0.462274 0.764228 -0.449732
-11.150724 -229.267544 -1153.675039 -30239.645187 -0.330722 0.934284 0.133178 -0.817393 -0.354115 0.454391 -0.471691 -0.041418 -0.880791
-8.626292 -263.605880 321.162830 -60533.318223 -0.317261 0.941250 0.115730 -0.750399 -0.323784 0.576252 -0.579869 -0.095979 -0.809037
-7.596180 -265.273868 -1617.748374 -57509.802812 -0.326464 0.935848 0.132702 -0.716207 -0.336537 0.611383 -0.616821 -0.104552 -0.780129
5.031590 -146.620529 -12531.229157 44055.343942 -0.427522 0.903066 -0.041186 -0.877401 -0.425481 -0.221659 0.217696 0.058627 -0.974254
12.129262 -124.008930 -16825.912991 13987.599267 -0.349927 0.935927 -0.039903 -0.932162 -0.352110 -0.084218 0.092872 -0.007726 -0.995648
-4.609998 -148.417883 -5480.811843 34823.527200 -0.414984 0.909727 -0.013646 -0.893241 -0.410223 -0.183952 0.172944 0.064148 -0.982840
-7.825836 -172.698407 -1461.697761 27459.843668 -0.470069 0.882569 -0.010340 -0.815605 -0.438821 -0.377127 0.337379 0.168842 -0.926104
-10.742885 -170.965841 722.062932 19242.871639 -0.455283 0.890210 0.015579 -0.837210 -0.422092 -0.347732 0.302979 0.171360 -0.937464
-11.119802 -154.499193 -834.878916 28229.292709 -0.410447 0.911801 0.012350 -0.902535 -0.404268 -0.148316 0.130242 0.072022 -0.988863
157.166530 -59.280843 20775.828425 -2109.097726 0.917406 0.246763 -0.312207 0.389800 -0.399242 0.829856 -0.080132 0.883014 0.462456
152.358834 -63.053816 91887.867808 -2713.514890 0.882731 0.028526 -0.469011 0.438847 -0.406770 0.801219 0.167924 0.913085 0.371587
151.286112 -62.261099 11674.203214 -8906.787445 0.930789 0.266007 -0.250742 0.349760 -0.448597 0.822453 -0.106296 0.853230 0.510588
164.210800 -56.628246 -64440.290783 -2597.605605 0.889912 0.440315 -0.119075 0.333507 -0.450017 0.828407 -0.311174 0.776922 0.547324
149.034806 -52.389948 -57084.917243 4951.588012 0.875760 0.449124 -0.177010 0.371107 -0.391832 0.841871 -0.308747 0.802967 0.509824
48.022918 -167.869992 79071.412516 -26973.902443 -0.556805 0.742694 -0.371987 0.785808 0.616119 0.053889 -0.269211 0.262304 0.926672
75.059640 -172.998416 35370.829399 -26149.605705 -0.479062 0.837140 -0.264002 0.852401 0.515471 0.087759 -0.209552 0.182994 0.960521
28.837051 -139.582757 35127.266968 -18550.442214 -0.469293 0.833411 -0.291873 0.791173 0.543635 0.280190 -0.392186 0.099431 0.914496
10.951742 -135.702195 32708.719898 -24036.758964 -0.588225 0.733621 -0.340281 0.709448 0.670097 0.218297 -0.388169 0.113003 0.914634
145.213399 -446.033746 -348.696075 72955.925903 -0.152691 0.981221 0.117855 -0.518903 0.021893 -0.854552 0.841085 0.191638 -0.505816
124.312731 -424.842088 27154.717017 -10604.475950 -0.121909 0.981593 0.147011 -0.676889 0.026106 -0.735622 0.725919 0.189190 -0.661248
136.043744 -455.487186 -16673.007920 30614.737354 -0.049296 0.991558 0.119930 -0.572632 0.070323 -0.816791 0.818329 0.108940 -0.564331
93.011751 -1686.708369 99070.455103 1690490.823048 -0.393424 0.875685 0.279987 0.471074 0.453542 -0.756564 0.789498 0.165757 0.590947
74.278084 -1811.753425 -16390.999902 882639.573337 -0.379193 0.853420 0.357612 0.257548 0.468545 -0.845065 0.888753 0.228340 0.397466
139.491279 -3084.587069 92416.354714 3614518.989616 -0.368355 0.893652 0.256324 0.296541 0.374248 -0.878636 0.881123 0.247639 0.402860
91.124611 -2188.551504 -24186.836203 1671602.996352 -0.230572 0.844059 0.484150 -0.089484 -0.513841 0.853206 -0.968932 -0.153402 -0.194007
199.483143 -2578.534418 -238779.370779 2119018.894854 -0.197968 0.758444 0.620944 -0.092304 -0.645091 0.758510 -0.975853 -0.092845 -0.197714
93.277984 -2194.971241 -68744.563652 2447795.496286 -0.160061 0.878105 0.450901 0.202687 -0.417821 0.885632 -0.966074 -0.233147 0.111104
47.234663 -1404.238714 10342.362506 573854.320584 -0.217165 0.904146 0.367912 0.339797 -0.283313 0.896812 -0.915083 -0.319772 0.245700
3.284761 -63.602762 -9313.501364 5009.154600 0.551141 0.792119 -0.262283 0.501000 -0.062779 0.863167 -0.667265 0.607130 0.431452
6.242072 -54.597859 -3968.580353 8696.086612 0.536196 0.793410 -0.288087 0.584848 -0.103110 0.804563 -0.608643 0.599890 0.519312
7.226227 -62.760895 9570.490456 6094.007400 0.577174 0.780295 -0.240851 0.500315 -0.104784 0.859480 -0.645410 0.616571 0.450872
0.216477 -69.128945 1693.348270 2305.376734 0.571172 0.784905 -0.240183 0.420980 -0.028921 0.906609 -0.704655 0.618941 0.346948
18.740972 -67.605852 28046.081748 3290.081316 0.597694 0.770943 -0.220021 0.423045 -0.070158 0.903388 -0.681024 0.633029 0.368077
28.744199 -60.092398 29771.821807 6917.232230 0.608228 0.767242 -0.203467 0.486691 -0.157976 0.859171 -0.627050 0.621597 0.469495
-9.437732 -60.606996 2109.104834 21512.171935 -0.071230 0.893252 -0.443878 0.988319 0.003096 -0.152367 -0.134727 -0.449546 -0.883038
-8.772270 -58.840335 2283.462996 15766.254956 0.093513 0.883515 -0.458973 0.981820 -0.158316 -0.104715 -0.165180 -0.440837 -0.882258
-3.782474 -44.825190 2608.996339 21660.394738 0.036015 0.889672 -0.455178 0.996229 -0.067940 -0.053966 -0.078937 -0.451518 -0.888763
-14.556983 -76.500086 2464.577019 5550.034873 -0.059650 0.897689 -0.436572 0.962145 -0.064809 -0.264722 -0.265932 -0.435837 -0.859841
37.457190 -99.528626 -8949.516724 4718.426582 -0.594133 0.782648 0.185657 0.804361 0.578986 0.133339 -0.003135 0.228556 -0.973526
48.515224 -93.398991 -9491.789937 4609.844852 -0.619247 0.762897 0.185799 0.781948 0.577672 0.234205 0.071343 0.290316 -0.954268
44.195110 -96.803694 48.823319 5109.485221 -0.618232 0.755888 0.215457 0.785573 0.603223 0.137832 -0.025783 0.254470 -0.966737
41.582005 -87.644094 9553.052855 1610.590105 -0.649847 0.711399 0.267602 0.757263 0.636198 0.147662 -0.065201 0.298603 -0.952148
39.501871 -91.091532 -451.291153 1451.232013 -0.597249 0.766626 0.235751 0.794903 0.604943 0.046617 -0.106879 0.215241 -0.970695
-9.005480 -63.158835 3636.716201 -4370.780101 0.552593 0.820408 0.146872 -0.436688 0.134905 0.889440 -0.709891 0.555635 -0.432810
-5.522502 -57.212653 3401.744535 -4333.130483 0.531354 0.816582 0.225515 -0.500992 0.088232 0.860943 -0.683132 0.570447 -0.455983
-13.155512 -55.641263 2045.687821 -2591.976524 0.584655 0.807910 0.073892 -0.466252 0.260073 0.845560 -0.663919 0.528813 -0.528742
-20.166206 -62.092596 2867.454021 -2717.427859 0.586164 0.810161 0.007127 -0.427968 0.302148 0.851792 -0.687936 0.502340 -0.523831
-18.701069 -69.350339 4858.005877 -4768.807941 0.553459 0.827733 0.092416 -0.397850 0.165263 0.902443 -0.731709 0.536233 -0.420780
-22.805095 -53.643690 -962.998486 -3256.539916 0.609074 0.719452 -0.333792 -0.658632 0.693289 0.292496 -0.441851 -0.041694 -0.896119
-21.001401 -51.198248 -379.312071 -5018.861170 -0.711583 -0.619165 0.332090 -0.591178 0.783054 0.193222 -0.379681 -0.058830 -0.923245
-18.143492 -47.818791 -1649.224830 -5039.196833 0.602030 0.727793 -0.328447 -0.700691 0.678781 0.219747 -0.382874 -0.097845 -0.918604
-3558.348334 -18291.137659 -3014945.465004 -10366751.673306 -0.389200 0.918634 0.068079 -0.302357 -0.197212 0.932570 -0.870117 -0.342372 -0.354511
-1477.474632 -2505.732716 -1692610.882556 8118892.559012 -0.362273 0.904063 0.226778 0.235429 -0.146660 0.960762 -0.901849 -0.401449 0.159711
-2763.828460 -5252.978547 -2437991.303659 3381680.605630 -0.278788 0.940833 0.192642 -0.239236 -0.262310 0.934858 -0.930077 -0.214541 -0.298209
-2355.342975 -7099.934671 -3897741.824937 10734256.613793 0.067731 0.497372 0.864889 0.072825 0.862103 -0.501473 -0.995042 0.096951 0.022170
-5540.102929 -25977.987164 -9085085.384867 -108187542.199871 0.314179 0.182489 0.931660 0.074632 0.973567 -0.215865 -0.946426 0.137351 0.292255
-2434.579122 -4536.303822 -1944924.171527 5925730.023704 0.312452 0.456205 0.833217 0.582849 0.600551 -0.547381 -0.750107 0.656670 -0.078255
-4025.380456 -8444.902064 -7434745.929344 5379885.773155 -0.103339 0.731288 0.674195 0.603309 -0.492813 0.627020 -0.790784 -0.471543 0.390266
-4.270455 -2127.553502 3275.189765 -1359836.898689 0.810631 -0.545582 -0.212644 0.583188 0.719601 0.376917 0.052620 0.429552 -0.901508
-1.530909 -816.217542 2545.855157 -424347.456512 0.777826 -0.574457 -0.254921 0.603990 0.795389 0.050535 -0.173731 0.193277 -0.965640
14.593127 -7528.845237 10060.510863 -5014950.796182 0.842945 -0.493255 -0.214810 0.537159 0.749316 0.387280 0.030068 0.441843 -0.896588
5.789838 -515.177185 7947.255896 -248366.265421 0.748891 -0.618312 -0.238437 0.655395 0.744293 0.128395 -0.098079 0.252425 -0.962633
-5.306113 -1415.611823 1960.377390 -905244.046419 0.805383 -0.551636 -0.216923 0.510534 0.459603 0.726719 0.301186 0.696033 -0.651786
4.488191 -1149.825670 10162.180940 -704998.227656 0.788450 -0.583202 -0.195504 0.607118 0.686829 0.399592 0.098765 0.433752 -0.895603
1.328114 -1396.962520 7334.095986 -967358.642660 0.800979 -0.568663 -0.187231 0.516116 0.497378 0.697309 0.303409 0.655162 -0.691885
10.762303 -39.047127 7205.337458 -8416.326589 0.709031 0.685148 -0.166872 0.553827 -0.394554 0.733214 -0.436520 0.612290 0.659205
13.255580 -29.925325 7462.494765 -2983.386751 0.650375 0.719734 -0.242889 0.603367 -0.295222 0.740805 -0.461477 0.628352 0.626269
2.174938 -41.011701 10008.924747 -6857.495747 0.734441 0.660120 -0.157600 0.530011 -0.412844 0.740708 -0.423892 0.627536 0.653080
22.940631 -28.095855 7828.043694 -5709.651640 0.649024 0.731026 -0.210639 0.592393 -0.311904 0.742823 -0.477324 0.606892 0.635488
-1.249545 -53.612550 8996.509854 -9050.321532 0.771963 0.628019 -0.098315 0.500193 -0.504686 0.703633 -0.392277 0.592355 0.703729
19.970257 -39.090816 5489.611543 -11065.894582 0.677003 0.715740 -0.171418 0.577982 -0.372852 0.725891 -0.455635 0.590506 0.666107
6.586393 -53.304009 5054.689888 -10997.678316 0.733245 0.667846 -0.127802 0.546023 -0.466302 0.696004 -0.405229 0.580124 0.706573
-63.615626 -97.181848 -3125.146303 1474.718180 0.881432 -0.410584 -0.233450 -0.434494 -0.511090 -0.741622 -0.185184 -0.755121 0.628887
-63.797410 -97.911148 -979.565376 6251.315019 0.835159 -0.461106 -0.299817 -0.487116 -0.366980 -0.792492 -0.255396 -0.807903 0.531099
-70.612886 -94.003949 -8541.651703 796.225940 0.871462 -0.389192 -0.298469 -0.467021 -0.472582 -0.747367 -0.149818 -0.790693 0.593598
-60.851667 -100.988697 3083.290498 5925.910323 0.838044 -0.495401 -0.228603 -0.463330 -0.424942 -0.777657 -0.288109 -0.757630 0.585654
-68.370724 -91.124062 -5923.740101 -4117.933490 0.963653 -0.230879 -0.134420 -0.253595 -0.632224 -0.732108 -0.084045 -0.739586 0.667794
-63.683051 -92.725855 -3756.279070 -6795.956249 0.937671 -0.316377 -0.143799 -0.324212 -0.647378 -0.689774 -0.125136 -0.693403 0.709601
-59.957504 -99.673553 860.401663 -3736.956547 0.872885 -0.448671 -0.191745 -0.440752 -0.556476 -0.704324 -0.209308 -0.699306 0.683492
-85.475351 -116.874136 4013.207050 -5808.345790 0.531154 -0.550718 -0.643883 0.646024 0.754939 -0.112785 0.548205 -0.356057 0.756766
-86.827198 -120.463964 583.011520 -1994.396201 0.568058 -0.581994 -0.581888 0.612595 0.771170 -0.173275 0.549579 -0.258031 0.794596
-91.823800 -122.697236 -3022.578836 -1644.198146 -0.458505 0.729141 0.508061 0.780695 0.603620 -0.161735 0.424603 -0.322485 0.846000
-93.155279 -124.800554 2438.276138 -2685.523659 0.351881 -0.850352 -0.391257 0.891425 0.431943 -0.137067 0.285556 -0.300545 0.910017
-91.265735 -119.898644 4726.642284 -1655.360981 0.242983 -0.864148 -0.440690 0.930225 0.336386 -0.146720 0.275029 -0.374290 0.885588
-88.635690 -115.715000 2152.469266 11.458301 0.217873 -0.844979 -0.488408 0.921781 0.342596 -0.181518 0.320705 -0.410657 0.853528
-87.622001 -113.656682 -2226.441625 -2165.276589 -0.370463 0.718755 0.588344 0.816894 0.553592 -0.161926 0.442087 -0.420627 0.792232
30.242091 -320.516695 5921.968470 158856.530309 0.111177 0.591927 -0.798287 -0.722481 0.599704 0.344059 0.682394 0.538495 0.494330
26.881265 -352.549729 5451.501916 124389.156217 0.124110 0.595351 -0.793822 -0.582698 0.691266 0.427334 0.803156 0.409522 0.432703
44.656031 -312.777622 13977.704764 -183264.434364 0.106937 0.618905 -0.778152 0.738306 -0.573622 -0.354770 0.665934 0.536576 0.518283
53.910483 -231.556733 -16519.520402 -138342.601902 -0.082021 -0.625990 0.775506 0.834046 -0.469067 -0.290419 0.545564 0.622987 0.560578
36.478088 -245.891179 -8562.442866 -128506.911052 -0.094355 -0.583756 0.806428 0.827513 -0.496325 -0.262457 0.553461 0.642566 0.529896
20.011477 -77.535215 10161.666038 4069.403815 0.764123 0.624546 -0.161424 -0.606689 0.610762 -0.508820 0.219190 -0.486736 -0.845603
29.969033 -74.757198 9071.820026 3384.485773 0.761238 0.615846 -0.203104 -0.618774 0.596128 -0.511616 0.194001 -0.515136 -0.834864
19.819978 -79.171268 11841.303448 2456.163721 0.768481 0.620173 -0.157551 -0.573167 0.557717 -0.600360 0.284458 -0.551668 -0.784057
13.490113 -80.005951 3833.599263 1451.770143 0.774199 0.614977 -0.149729 -0.563381 0.561738 -0.605848 0.288475 -0.553402 -0.781364
13.893929 -79.612568 4508.938861 1980.308824 0.768465 0.623451 -0.144117 -0.595742 0.614856 -0.516763 0.233565 -0.482971 -0.843911
0.126629 -119.441787 2417.782706 2718.723802 0.405436 0.914123 -0.000234 -0.640301 0.283807 -0.713770 0.652408 -0.289538 -0.700380
-2.639729 -118.677383 411.448010 826.801299 0.409996 0.911914 -0.017754 -0.641870 0.274646 -0.715941 0.648001 -0.304929 -0.697935
-0.852177 -124.305674 3475.936505 -1113.453089 0.414261 0.910039 0.014721 -0.734617 0.343868 -0.584887 0.537332 -0.231481 -0.810981
3.832365 -125.586234 4385.773841 -1543.150094 0.408862 0.912354 0.021009 -0.729519 0.340585 -0.593131 0.548301 -0.227182 -0.804832
-1.779408 -124.526474 3814.264603 -2540.557564 0.432541 0.901336 0.022377 -0.807889 0.398477 -0.434202 0.400279 -0.169732 -0.900538
3.064724 -127.976615 4417.679334 -5683.457931 0.428096 0.903306 0.027772 -0.799573 0.392900 -0.454216 0.421208 -0.172242 -0.890459
16.138438 -175.292540 -5815.747246 1612.593567 0.490640 0.811446 -0.317535 0.201252 0.249032 0.947354 -0.847803 0.528714 0.041120
23.554773 -179.969934 -1233.449281 -8352.170131 0.544745 0.766648 -0.339859 0.161803 0.301567 0.939616 -0.822844 0.566841 -0.040231
18.871525 -174.787555 -3359.995078 10363.942947 0.502069 0.809378 -0.304686 0.366174 0.120220 0.922748 -0.783481 0.574851 0.236015
22.929290 -174.651480 -5300.976351 -14151.773929 0.520846 0.776479 -0.354682 0.003891 0.413325 0.910575 -0.853642 0.475649 -0.212258
11.425863 -169.731086 -5445.185181 11331.555823 0.479681 0.834152 -0.272207 0.378885 0.082905 0.921723 -0.791424 0.545268 0.276279
6.169228 -169.503086 -5011.861691 3878.559278 0.482136 0.832086 -0.274187 0.208585 0.194942 0.958379 -0.850904 0.519260 0.079572
10.751220 -168.052456 -6759.621886 -6280.711143 0.482164 0.811403 -0.330369 0.037298 0.357745 0.933074 -0.875287 0.462217 -0.142228
-1.771983 -131.707934 -2421.192597 -2921.530376 0.533451 0.826938 -0.177770 -0.035448 0.231845 0.972107 -0.845088 0.512270 -0.152991
3.169345 -121.160583 -1098.559274 -2182.999863 0.539457 0.821051 -0.186715 -0.000438 0.222022 0.975042 -0.842013 0.525911 -0.120131
-1.919226 -128.808239 -2157.192151 2754.126455 0.532509 0.814996 -0.228507 0.158036 0.169486 0.972779 -0.831540 0.554126 0.038545
-3.119398 -100.107292 -332.268424 -1088.340834 0.507416 0.838205 0.199852 -0.561375 0.497511 -0.661317 0.653748 -0.223371 -0.722993
-7.971158 -92.189285 -551.674776 -2723.221235 0.571384 0.781338 0.251059 -0.472199 0.563203 -0.678108 0.671229 -0.268911 -0.690753
6.310657 -93.087318 -2094.817849 1251.939753 0.617091 0.732825 0.286648 -0.585239 0.670929 -0.455357 0.526017 -0.113239 -0.842902
104.941129 -50.927795 22163.034854 23085.349481 -0.458803 -0.823763 -0.333038 0.749135 -0.157067 -0.643527 0.477804 -0.544742 0.689173
82.925651 -75.382495 8334.685362 24631.134755 -0.548810 -0.778354 -0.304914 0.723454 -0.259483 -0.639752 0.418834 -0.571693 0.705510
88.760950 -84.295212 13370.183995 32877.016679 -0.494786 -0.823440 -0.277729 0.749586 -0.242712 -0.615801 0.439668 -0.512872 0.737330
16.225556 -83.471650 -8170.743022 1410.221446 0.752115 0.637262 -0.167991 -0.142677 -0.091410 -0.985539 0.643402 -0.765207 -0.022172
8.868766 -83.274864 -9509.000302 1540.942999 0.766974 0.608460 -0.203781 -0.166425 -0.118084 -0.978958 0.619720 -0.784750 -0.010696
10.272584 -83.808434 -8285.276170 396.023362 0.755600 0.632739 -0.169437 -0.057438 -0.193672 -0.979383 0.652510 -0.749755 0.109996
17.179280 -84.431087 -1447.738972 -104.448274 0.728780 0.671883 -0.132114 -0.023079 -0.168727 -0.985393 0.684359 -0.721183 0.107458
22.382151 -84.309130 1189.533997 1002.205183 0.718867 0.682660 -0.131174 -0.115827 -0.068435 -0.990909 0.685431 -0.727525 -0.029875
-13.943797 -235.131197 1148.070651 58296.620897 0.068118 0.791472 -0.607398 -0.062392 -0.604241 -0.794355 0.995724 -0.092007 -0.008221
-12.100896 -233.956906 1437.275480 60910.120677 0.050766 0.798564 -0.599766 -0.024387 -0.599370 -0.800101 0.998413 -0.055244 0.010954
-12.696103 -264.445645 556.744079 42206.763750 0.072525 0.802083 -0.592792 0.162263 -0.595928 -0.786474 0.984079 0.039150 0.173368
5.144917 -204.080711 -2086.056958 -7367.079404 0.234080 0.578147 -0.781635 -0.542621 0.744790 0.388393 0.806702 0.333217 0.488055
2.935815 -210.268701 -2570.635380 6939.745681 0.237747 0.580916 -0.778468 -0.575972 0.729657 0.368587 0.782133 0.360746 0.508065
4.011188 -209.455548 -1090.759262 1134.593129 0.227625 0.575914 -0.785181 -0.663032 0.682214 0.308176 0.713144 0.450452 0.537138
14.405901 -344.692397 -2554.673558 -57211.124333 0.057446 0.691137 -0.720437 0.990065 0.053327 0.130103 0.128338 -0.720754 -0.681207
-2.010196 -355.396451 13556.714119 -92462.290823 0.018497 0.738678 -0.673804 0.999155 -0.038392 -0.014659 -0.036697 -0.672964 -0.738764
10.908898 -313.853910 376.481735 -84943.221465 0.033570 0.694853 -0.718368 0.995601 -0.086158 -0.036813 -0.087473 -0.713972 -0.694688
15.602001 -311.535489 -3647.298261 -60197.801156 0.057160 0.683230 -0.727963 0.998228 -0.051190 0.030338 -0.016537 -0.728407 -0.684945
14.816811 -318.599691 -2947.950794 -7568.795931 0.069567 0.688059 -0.722313 0.975942 0.103037 0.192146 0.206633 -0.718303 -0.664337
31.751108 -432.735348 83532.954431 122598.821126 -0.469202 0.705445 -0.531221 -0.635896 -0.687306 -0.351064 0.612768 -0.173082 -0.771076
41.953750 -371.199936 72396.066789 56952.076401 -0.450234 0.700784 -0.553345 -0.750849 -0.632519 -0.190119 0.483234 -0.329881 -0.810965
75.088879 -394.043296 79218.036631 49810.831166 -0.444441 0.677323 -0.586264 -0.700531 -0.670687 -0.243793 0.558326 -0.302345 -0.772567
68.186397 -47.389213 -59595.537314 -89992.059707 0.861960 0.013096 -0.506807 0.324708 -0.781979 0.532046 0.389345 0.623167 0.678287
108.744158 13.589577 -72610.076770 -62645.959147 0.877661 -0.018221 -0.478936 0.286727 -0.780774 0.555139 0.384056 0.624547 0.680030
114.206275 7.857111 -51812.539312 -77672.902544 0.890993 -0.197736 -0.408696 0.130459 -0.750710 0.647622 0.434870 0.630345 0.643081
47.248251 -91.933498 -87341.791668 -92574.918971 0.865041 0.007547 -0.501645 0.307452 -0.798109 0.518166 0.396457 0.602466 0.692717
24.935654 -109.743176 -72805.449412 -118810.837921 0.829295 0.154556 -0.537013 0.435472 -0.780968 0.447720 0.350192 0.605146 0.714958
89.940950 -37.526038 -32994.766738 -98223.884243 0.878218 -0.190489 -0.438687 0.152499 -0.757842 0.634366 0.453295 0.624011 0.636501
54.243469 -93.613590 -51676.485447 -101155.253819 0.874139 -0.114070 -0.472089 0.207785 -0.790740 0.575808 0.438982 0.601430 0.667515
493.194963 -887.199649 -518529.861089 1311361.957308 0.782431 -0.132124 -0.608560 0.123724 0.990734 -0.056024 0.610323 -0.031458 0.791527
1429.776184 -2541.890141 -2431878.395927 3650392.270296 0.837092 -0.527708 -0.144223 0.433571 0.800730 -0.413337 0.333605 0.283470 0.899084
196.213165 -502.341138 -283699.649538 465752.954447 0.798467 -0.374277 -0.471558 0.157731 0.885961 -0.436112 0.581009 0.273842 0.766446
253.728010 -605.166808 623465.259310 855168.672226 0.728221 -0.198180 -0.656064 0.015359 0.961757 -0.273474 0.685171 0.189073 0.703415
23.385572 -1434.239719 22653.041383 456469.491322 -0.131953 0.478384 -0.868180 0.801609 -0.463713 -0.377349 -0.583104 -0.745734 -0.322289
31.044067 -1302.885730 4820.405278 -256675.594666 -0.111391 0.456564 -0.882690 0.939044 -0.242345 -0.243853 -0.325250 -0.856048 -0.401739
8.233027 -1488.842523 -3461.767752 541214.877501 -0.144149 0.465276 -0.873350 0.822254 -0.434719 -0.367311 -0.550563 -0.771063 -0.319910
63.403544 -4223.103916 -236479.869289 -8334786.764861 0.149735 -0.506472 0.849156 -0.600592 0.635640 0.485028 -0.785410 -0.582621 -0.209005
38.321876 -2865.133204 -143731.376630 -4246345.885334 0.176863 -0.541793 0.821693 -0.566981 0.626331 0.535016 -0.804520 -0.560509 -0.196412
156.604927 -4323.790149 62429.645527 9416281.688657 -0.135183 0.598867 -0.789356 0.600788 0.683050 0.415326 0.787895 -0.418091 -0.452130
20.257437 -7117.153492 87215.710302 5871664.301684 -0.203654 0.604696 -0.769979 -0.019800 0.783756 0.620753 0.978843 0.141664 -0.147642
-244.111515 -12368.674890 3964.168795 -10227770.450303 -0.168060 0.506257 -0.845848 0.980259 0.176487 -0.089135 0.104156 -0.844130 -0.525924
-467.303748 -7658.571746 348835.632253 -696009.857810 -0.212057 0.582430 -0.784734 0.961502 0.267955 -0.060948 0.174775 -0.767448 -0.616829
64.157843 -3064.912903 14737.379316 -19041.057351 -0.313373 0.500461 -0.807054 0.942807 0.062267 -0.327472 -0.113634 -0.863517 -0.491351
-17.419895 -69.292332 -12146.218224 585.670740 0.905074 0.348479 -0.243730 -0.375935 0.387745 -0.841621 0.198782 -0.853356 -0.481943
1.768740 -69.912714 -13162.736252 588.255453 0.897142 0.349926 -0.269607 -0.401296 0.390478 -0.828546 0.184654 -0.851516 -0.490738
-13.767367 -67.828285 -10462.810520 952.912344 0.884702 0.369812 -0.283798 -0.441273 0.468134 -0.765590 0.150269 -0.802552 -0.577347
-29.264010 -67.886398 -8879.495139 871.560839 0.880165 0.396626 -0.260762 -0.421073 0.398834 -0.814634 0.219105 -0.826813 -0.518048
-30.447522 -70.758834 -11332.978422 1122.706471 0.903912 0.368338 -0.217419 -0.344152 0.324496 -0.881057 0.253975 -0.871223 -0.420079
-10.140126 -112.879810 12879.637488 2235.250982 0.134120 0.658483 -0.740548 0.953530 0.117706 0.277356 0.269801 -0.743334 -0.612096
-16.145958 -114.695804 7188.505321 7799.651033 0.111401 0.635008 -0.764431 0.962223 0.123368 0.242707 0.248427 -0.762591 -0.597276
-12.578367 -119.172904 12771.409881 9333.421198 0.117400 0.654887 -0.746552 0.977766 0.055305 0.202275 0.173755 -0.753701 -0.633833
-83.020381 -110.900762 8262.559296 -1011.739017 -0.029059 -0.874992 -0.483265 0.975770 0.080059 -0.203627 0.216862 -0.477472 0.851464
-84.453160 -108.603587 5661.363974 -257.708601 0.103287 -0.827815 -0.551412 0.935589 0.269048 -0.228664 0.337647 -0.492277 0.802283
-460.952119 -3005.193056 749174.796328 -503959.640317 -0.531465 0.382090 -0.756011 0.828204 0.421748 -0.369063 0.177831 -0.822275 -0.540593
-394.372760 -4144.851146 653012.415433 -1052372.237154 -0.627862 0.310159 -0.713857 0.758002 0.035448 -0.651288 -0.176698 -0.950024 -0.257357
1844.120171 -31455.020238 2463983.621910 -79945741.399176 -0.562065 0.443810 -0.697937 0.803100 0.494626 -0.332228 0.197772 -0.747247 -0.634436
-4242.887831 -54245.014949 3808292.908333 -118534165.905714 -0.483608 0.570435 -0.663873 0.683386 0.719989 0.120829 0.546906 -0.395247 -0.738020
3439.535446 -12616.450498 4388301.727791 2148567.737386 -0.540322 0.412429 -0.733454 0.562441 0.825339 0.049758 0.625869 -0.385639 -0.677916
331.680606 -2209.803578 452595.515034 -1548773.436685 -0.385047 0.431427 -0.815849 0.829524 0.549252 -0.101052 0.404511 -0.715676 -0.569367
-1054.111456 -3261.391405 1262511.136136 904791.872021 -0.390031 -0.216322 -0.895031 0.847319 0.296181 -0.440825 0.360452 -0.930312 0.067774
-2781.062396 -5956.912280 3620308.183835 -125899.597227 -0.386915 -0.327200 -0.862112 0.726350 0.467828 -0.503541 0.568078 -0.821022 0.056652
-3146.391866 -11511.836139 7133696.246832 22867395.569607 -0.371304 -0.264566 -0.890022 0.907101 0.101297 -0.408541 0.198243 -0.959033 0.202376
-963.097707 -4854.630083 1131493.834569 7734444.629030 -0.552163 -0.164335 -0.817380 0.833723 -0.103386 -0.542418 0.004633 -0.980972 0.194096
-16.045877 -192.658767 3669.914183 71343.625745 -0.609756 0.266314 -0.746509 0.695043 -0.273015 -0.665115 -0.380937 -0.924413 -0.018627
-8.096190 -314.049175 6315.589981 114124.574000 -0.551963 0.259577 -0.792437 0.612494 -0.518662 -0.596524 -0.565851 -0.814622 0.127293
-2.459170 -264.782257 8395.791223 88562.696526 -0.607970 0.309116 -0.731314 0.655797 -0.323704 -0.682016 -0.447551 -0.894239 -0.005915
-13.565453 -141.172145 -5327.088075 36365.982894 0.725107 -0.328518 0.605224 0.613885 -0.089867 -0.784263 -0.312034 -0.940213 -0.136510
-0.573329 -208.951421 -9661.407060 66484.941043 0.679378 -0.348081 0.645976 0.660052 -0.094724 -0.745224 -0.320588 -0.932667 -0.165398
26.404053 -334.858387 -15733.024442 105075.786060 0.624490 -0.313980 0.715142 0.608101 -0.379134 -0.697474 -0.490128 -0.870445 0.045834
20.128697 -383.878439 5649.939586 376165.720936 0.575995 0.814144 -0.073481 0.220464 -0.068156 0.973011 -0.787163 0.576650 0.218747
10.600056 -428.347932 -3882.286216 290477.902909 0.527276 0.847170 -0.065443 0.240878 -0.075173 0.967640 -0.814836 0.525977 0.243701
19.715763 -1253.011067 3692.260458 855501.747234 0.575806 0.813239 -0.084198 0.004212 0.100031 0.994975 -0.817576 0.573267 -0.054173
12.647335 -592.769839 2625.993149 585555.014471 0.601221 0.794512 -0.085346 0.158182 -0.013643 0.987316 -0.783270 0.607095 0.133880
-12.120385 -834.825496 -13271.894462 361153.505474 0.564480 0.818730 -0.105086 -0.313865 0.330636 0.890038 -0.763446 0.469426 -0.443609
9.362735 -819.422353 -1843.358482 328832.740484 0.582795 0.808454 -0.082172 -0.383082 0.362509 0.849609 -0.716658 0.463669 -0.520973
18.693535 -943.541434 5135.967470 735735.990490 0.603408 0.795123 -0.060650 -0.139237 0.179942 0.973773 -0.785183 0.579138 -0.219288
-14.538229 -69.357288 76.356587 -2647.976823 -0.591924 -0.803211 -0.066916 0.752521 -0.521009 -0.402818 0.288685 -0.288793 0.912831
-3.725538 -62.135098 5747.344937 -3592.067341 -0.670443 -0.738118 -0.075412 0.701462 -0.597445 -0.388602 0.241780 -0.313434 0.918315
-13.793881 -69.054342 -2092.321017 1218.020725 0.542905 0.832170 0.112902 0.730401 -0.401550 -0.552513 0.414449 -0.382426 0.825822
-16.072609 -71.949903 962.644501 2425.279272 0.517866 0.852173 0.074938 0.719713 -0.386662 -0.576632 0.462415 -0.352552 0.813560
-14.636224 -68.675738 -1122.105441 5102.323042 0.519005 0.849022 0.098968 0.637554 -0.307389 -0.706426 0.569350 -0.429736 0.700834
-13.683760 -68.997576 -2305.517762 4164.173022 0.535793 0.834411 0.129167 0.659612 -0.318139 -0.680954 0.527102 -0.450051 0.720845
-81.546786 -132.347353 864.114022 -14260.878348 0.666200 0.657703 0.351575 -0.391926 -0.092312 0.915354 -0.634485 0.747600 -0.196272
-69.858716 -128.003130 8511.317437 12086.673535 0.504963 0.676836 0.535636 0.549936 0.226018 -0.804043 -0.665269 0.700578 -0.258086
-68.921320 -117.389334 3372.525992 -20332.997300 0.326001 0.693288 0.642709 -0.680233 -0.300097 0.668748 -0.656510 0.655205 -0.373766
-52.652634 -70.339726 3310.235869 3195.925297 0.834159 0.337445 0.436245 -0.517660 0.751932 0.408200 0.190281 0.566330 -0.801912
2.627363 -63.964598 79049.159599 632.040471 0.144073 0.726350 0.672056 0.972183 -0.230632 0.040851 0.184669 0.647476 -0.739373
-33.005688 -57.966374 34720.786157 -3236.666960 0.143897 0.767563 0.624612 0.957209 -0.268107 0.108947 0.251086 0.582207 -0.773298
-54.176136 -69.378741 26630.722767 -1403.739443 0.613545 0.554579 0.562143 0.778755 -0.542840 -0.314429 0.130778 0.630688 -0.764938
-67.834067 -81.393277 12149.280738 -1849.583109 0.984685 -0.003284 0.174310 -0.094053 0.831844 0.546982 0.146795 0.554999 -0.818796
7.971502 -43.446781 26282.598436 29102.414373 0.985033 0.142320 0.097238 -0.159273 0.535869 0.829142 -0.065897 0.832220 -0.550516
-20.670519 -22.095570 5011.202694 14092.890591 -0.562901 0.397745 0.724528 0.822005 0.360942 0.440486 -0.086311 0.843516 -0.530123
17.334142 -16.690413 -5172.434604 5388.318808 -0.341527 0.912691 -0.224399 0.704647 0.406642 0.581476 -0.621958 -0.040468 0.782004
16.506220 -13.809775 -15091.338224 6224.084499 -0.106129 0.993612 -0.038363 0.790694 0.107724 0.602659 -0.602942 -0.033626 0.797076
4.866920 -5.921202 -8238.675729 5685.121981 -0.346801 0.912192 -0.218253 0.719453 0.408006 0.562066 -0.601761 -0.037902 0.797777
8.974456 -14.660250 -10836.746620 -3508.722898 0.637826 -0.604882 0.476755 0.468970 0.796053 0.382579 -0.610937 -0.020435 0.791415
17.760567 -22.571038 -850.956338 3840.043504 -0.496533 0.803425 -0.328577 0.612677 0.592537 0.522998 -0.614884 -0.058374 0.786454
39.730765 -50.285561 -16537.428086 3550.209446 0.273223 0.946899 -0.169503 0.533921 -0.002703 0.845530 -0.800174 0.321520 0.506307
60.840591 -50.825888 -16038.008172 3796.268470 0.348435 0.927812 -0.133258 0.497382 -0.062513 0.865276 -0.794483 0.367773 0.483259
6.467867 -116.406013 -101.318427 -30309.475007 -0.005598 0.864514 -0.502578 -0.758710 0.323720 0.565300 -0.651404 -0.384476 -0.654103
-6.267959 -111.792462 -3012.607528 -24520.308632 -0.096427 0.894521 -0.436501 -0.767958 0.212124 0.604354 -0.633200 -0.393491 -0.666501
-13.081674 -89.508614 4345.356448 -8479.560115 -0.073648 0.888700 -0.452535 -0.817773 0.205905 0.537449 -0.570810 -0.409653 -0.711590
203.727791 -70.390392 -48746.241678 7666.283679 0.948230 0.315404 -0.037146 0.290012 -0.812295 0.506034 -0.129432 0.490609 0.861714
179.488983 -61.479916 -34822.386728 11719.666310 0.954390 0.298235 -0.014016 0.277527 -0.868852 0.409969 -0.110089 0.395160 0.911992
236.046742 -74.085544 92422.205697 272.084898 0.927113 0.121464 -0.354554 0.318108 -0.755240 0.573079 0.198164 0.644095 0.738832
197.599673 -65.359602 -130287.900621 -11127.416926 0.859548 0.449190 0.243731 -0.325279 0.848706 -0.417003 -0.394170 0.279154 0.875616
223.960469 -69.372529 -148465.324348 -6634.097091 0.858380 0.467700 0.210808 -0.309932 0.800230 -0.513396 -0.408810 0.375352 0.831856
214.221769 -76.402571 -51897.534425 5288.407785 0.946519 0.315927 -0.065511 0.294210 -0.761768 0.577192 -0.132446 0.565597 0.813977
10.384782 -130.443760 -347.144821 -3288.163542 -0.106763 -0.424645 -0.899043 0.030176 0.902411 -0.429819 0.993826 -0.073018 -0.083530
25.608658 -304.690075 5843.272224 -34340.514334 0.757540 0.367954 0.539206 -0.172096 0.909353 -0.378761 -0.629695 0.194131 0.752195
25.032865 -245.466055 2508.941905 -46572.224231 0.715526 0.447170 0.536714 -0.494089 0.867074 -0.063713 -0.493861 -0.219596 0.841355
31.395016 -286.471900 4821.923351 -39064.648576 0.738279 0.401240 0.542172 -0.321965 0.915970 -0.239452 -0.592691 0.002222 0.805427
17.863510 -206.472112 2379.756845 -48745.811122 0.730668 0.475873 0.489560 -0.551626 0.833996 0.012623 -0.402284 -0.279277 0.871879
-46.130398 -86.306397 521.953064 25343.030923 0.894897 -0.283840 0.344376 -0.356094 -0.919287 0.167656 -0.268993 0.272665 0.923740
23.503980 -91.717049 -3612.444768 -7211.150350 0.817464 0.053731 0.573468 0.106492 0.964375 -0.242159 -0.566050 0.259026 0.782619
36.471516 -92.379654 -13084.404619 -7825.469772 0.795253 -0.013714 0.606122 0.207368 0.945599 -0.250680 -0.569711 0.325045 0.754835
26.046373 -84.993001 -20034.128965 322.453808 0.800483 -0.044666 0.597689 0.189846 0.964767 -0.182162 -0.568494 0.259286 0.780760
-4.810887 -90.719153 -762.318681 -2215.294319 0.191906 0.393953 0.898873 0.931626 -0.361143 -0.040619 0.308619 0.845208 -0.436323
-7.101605 -97.793968 -436.567453 -4893.967857 0.127109 0.411640 0.902439 0.888480 -0.451727 0.080908 0.440961 0.791515 -0.423152
-1.316457 -85.109174 -776.382040 1267.591562 0.268654 0.369033 0.889741 0.945536 -0.277300 -0.170487 0.183810 0.887084 -0.423432
-1.987747 -88.664625 -1091.789243 1029.009487 0.233946 0.377708 0.895883 0.957715 -0.248263 -0.145424 0.167487 0.892021 -0.419817
-5.547076 -95.299439 -474.715060 -2814.599613 0.159369 0.391734 0.906171 0.941186 -0.337314 -0.019708 0.297944 0.856016 -0.422452
29278.928579 -157.190746 52603981.281366 -67497.601338 0.734968 -0.673834 0.075958 -0.193337 -0.100865 0.975934 0.649956 0.731966 0.204410
544.024540 -241.144872 -319772.486185 128147.170279 -0.253636 0.818266 0.515859 0.003190 0.534002 -0.845477 0.967295 0.212797 0.138053
564.053268 -253.433422 -411828.698779 -175890.505601 0.157144 0.768298 0.620503 0.259437 0.574125 -0.776577 0.952889 -0.283016 0.109104
-6.737644 -168.680697 -2747.077743 -6868.423146 -0.426415 0.902228 0.064453 -0.648529 -0.255283 -0.717106 0.630540 0.347584 -0.693977
-8.469903 -172.446767 -1281.119824 -19481.912012 -0.427036 0.900871 0.077918 -0.740632 -0.299036 -0.601699 0.518753 0.314655 -0.794913
-9.921154 -171.263051 -2452.915520 -4786.850826 -0.424619 0.901650 0.082014 -0.686212 -0.261418 -0.678803 0.590603 0.344511 -0.729726
-6.736807 -171.451221 -685.416827 -24045.965020 -0.438130 0.896998 0.058622 -0.701026 -0.300132 -0.646903 0.562676 0.324523 -0.760316
-9.528653 -180.218991 -3406.273081 20575.418181 -0.433761 0.899045 0.059755 -0.588334 -0.232375 -0.774509 0.682433 0.371108 -0.629734
-4.416041 -165.790291 -1755.601197 -9690.652488 -0.432959 0.900107 0.048516 -0.608057 -0.251901 -0.752869 0.665442 0.355462 -0.656380
-5.852571 -176.973745 -3701.036146 21379.614665 -0.432657 0.900503 0.043616 -0.550673 -0.225653 -0.803642 0.713840 0.371719 -0.593513
29.104363 -113.921614 -27698.875076 18925.905127 -0.368651 0.927892 -0.055797 -0.917523 -0.372850 -0.138327 0.149157 -0.000201 -0.988814
23.984310 -137.823741 -11713.130381 -51218.441276 -0.388521 0.920924 0.030837 -0.916898 -0.383070 -0.112053 0.091380 0.071810 -0.993224
