15801
31588
-52.534655 -78.114317 1279.548054 12487.534715 0.619086 -0.201552 -0.759019 0.704858 0.568775 0.423876 0.346278 -0.797416 0.494186
-63.449276 -91.939411 -719.233176 -9631.836141 0.726769 -0.176389 -0.663848 -0.646519 -0.502083 -0.574392 0.231990 -0.846640 0.478937
-59.849280 -103.891284 1562.886124 -20768.645397 0.855738 0.027001 -0.516705 -0.427749 -0.524940 -0.735845 0.291108 -0.850711 0.437661
-48.194558 -71.461706 50.725136 8674.246810 0.384102 -0.436465 -0.813612 0.870088 0.465923 0.160818 0.308889 -0.769684 0.558725
-45.589061 -86.776560 10716.469225 -23577.323640 0.805393 0.082377 -0.586990 -0.411785 -0.634547 -0.654051 0.426352 -0.768481 0.477138
-45.321442 -60.818424 416.771702 11883.345477 0.426684 -0.353214 -0.832575 0.796637 0.582593 0.161105 0.428147 -0.732001 0.529966
44.355235 -112.858422 6083.820961 15559.414166 0.577596 0.255741 -0.775229 -0.168747 0.966553 0.193129 0.798691 0.019267 0.601433
58.391903 -113.718697 9853.856875 9459.239307 0.629533 0.206649 -0.748989 -0.259082 0.964642 0.048387 0.732505 0.163588 0.660814
54.680273 -102.327494 6069.442488 8425.430267 0.599086 0.124715 -0.790912 -0.247468 0.968272 -0.034766 0.761483 0.216553 0.610941
55.304991 -84.117787 307.802801 9345.107261 0.563308 0.035910 -0.825467 -0.234449 0.964938 -0.118014 0.792287 0.260008 0.551976
41.904216 -89.556733 3991.377856 11721.465926 0.535478 0.153724 -0.830441 -0.171727 0.982572 0.071154 0.826906 0.104508 0.552544
14.998418 -51.206542 -3298.596832 2209.068302 0.711416 -0.274992 -0.646735 -0.700980 -0.212007 -0.680941 -0.050141 -0.937781 0.343589
18.467183 -54.341420 -4435.505455 -50.389866 0.730591 -0.274195 -0.625344 -0.682789 -0.301507 -0.665502 0.006069 -0.913187 0.407496
21.766994 -55.704780 -974.096460 -1366.460443 0.685293 -0.241100 -0.687200 0.727903 0.256627 0.635846 0.023052 -0.935956 0.351363
25.282846 -58.239634 -1852.233439 -1500.193869 0.708890 -0.235138 -0.664970 -0.697011 -0.377825 -0.609446 0.107938 -0.895521 0.431730
29.019695 -65.067998 -984.863068 2851.351400 0.384917 -0.189967 -0.903190 -0.245999 0.922072 -0.298777 0.889564 0.337188 0.308189
28.735120 -63.005232 8152.371704 1909.672246 0.327252 -0.213746 -0.920445 -0.288545 0.904952 -0.312736 0.899804 0.367933 0.234472
19.718454 -65.886761 8399.683718 1368.792577 0.322243 -0.234115 -0.917251 -0.174943 0.937521 -0.300749 0.930352 0.257381 0.261153
18.929808 -66.266218 6378.411033 -1654.621931 0.336520 -0.225135 -0.914368 -0.035426 0.967286 -0.251202 0.941010 0.116927 0.317536
26.330095 -66.017175 -2724.572311 534.907250 0.411147 -0.191980 -0.891124 -0.139613 0.952776 -0.269677 0.900814 0.235289 0.364928
-11.406963 -72.322502 -1138.014599 -3622.586459 0.409322 -0.253417 -0.876490 0.769473 -0.420326 0.480872 -0.490273 -0.871267 0.022949
-11.075470 -74.744800 441.715411 -11366.027030 0.417561 -0.242201 -0.875775 0.713169 -0.509888 0.481045 -0.563057 -0.825441 -0.040179
-12.027674 -74.622174 -903.782960 -3479.855412 0.395701 -0.231623 -0.888691 0.796926 -0.394331 0.457617 -0.456433 -0.889300 0.028549
-11.175560 -71.181197 -2299.731811 6908.842281 0.390186 -0.264665 -0.881877 0.856632 -0.246780 0.453079 -0.337543 -0.932230 0.130430
22.177098 -76.787241 2249.107149 19079.442360 0.453311 -0.383376 -0.804694 -0.311171 0.777916 -0.545912 0.835273 0.497865 0.233343
25.304951 -95.799327 1825.959683 20651.561615 0.462674 -0.363703 -0.808488 -0.228810 0.832082 -0.505258 0.856492 0.418760 0.301764
23.648509 -81.561165 -252.624859 23603.024735 0.511323 -0.386974 -0.767333 -0.297944 0.757681 -0.580646 0.806088 0.525520 0.272122
19.644651 -60.594161 1727.481112 8817.194941 0.482576 -0.405565 -0.776297 -0.339795 0.730220 -0.592721 0.807255 0.549815 0.214577
-0.770110 -143.815502 -2989.234787 266.716918 0.666471 -0.242974 -0.704826 -0.549516 0.478807 -0.684672 -0.503833 -0.843628 -0.185593
-2.814101 -143.073659 -2586.861875 -4025.523495 0.675207 -0.252898 -0.692920 -0.641017 0.263604 -0.720839 -0.364956 -0.930889 -0.015875
9.185739 -143.467418 -8750.565366 -2048.382465 0.674157 -0.273826 -0.685954 -0.555343 0.424369 -0.715196 -0.486936 -0.863093 -0.134024
-5.339867 -144.354372 209.127467 -5736.836439 0.665751 -0.228886 -0.710202 -0.650477 0.288304 -0.702680 -0.365588 -0.929781 -0.043054
10.297138 -136.181519 -8707.549218 10603.577858 0.669497 -0.268671 -0.692525 -0.388865 0.667574 -0.634925 -0.632897 -0.694378 -0.342462
-3.068277 -144.904953 1705.929822 8437.806909 0.675182 -0.209988 -0.707131 -0.484813 0.596175 -0.639947 -0.555955 -0.774907 -0.300722
-5.017801 -148.088863 1278.970721 -5481.027800 0.671029 -0.207463 -0.711814 -0.639809 0.323096 -0.697318 -0.374652 -0.923346 -0.084070
1.018302 -134.937921 -2421.923987 12981.589814 0.674949 -0.239149 -0.698034 -0.385764 0.692064 -0.610109 -0.628992 -0.681069 -0.374853
269.583161 -52.022565 90346.254857 -1805.375714 -0.607649 0.516390 0.603410 0.794137 0.404997 0.453126 -0.010389 0.754532 -0.656181
180.114605 -55.047203 67583.705256 -870.799163 -0.558276 0.406909 0.723017 0.817561 0.418075 0.395989 -0.141144 0.812181 -0.566074
287.886834 -52.483452 103312.606896 -2261.004127 -0.582067 0.493837 0.646005 0.807068 0.447771 0.384892 -0.099188 0.745404 -0.659193
-1.831888 -55.344060 16222.513074 -1890.018190 0.595803 0.627992 -0.500644 -0.304029 -0.400614 -0.864335 0.743361 -0.667184 0.047759
-24.375405 -62.979838 14433.113666 -1570.971668 0.662262 0.713713 -0.228086 -0.084875 -0.230992 -0.969247 0.744449 -0.661254 0.092400
-20.780381 -63.038028 20281.904012 -1984.107749 0.627075 0.664744 -0.406070 -0.285842 -0.288564 -0.913797 0.724618 -0.689091 -0.009060
-28.836861 -57.513947 10057.332385 -2135.747642 0.672289 0.722585 -0.160930 0.033092 -0.246504 -0.968577 0.739549 -0.645838 0.189633
16.965207 -57.578585 24027.098168 -3070.934301 0.547894 0.605651 -0.577061 -0.425369 -0.392280 -0.815584 0.720329 -0.692318 -0.042697
37.892180 -51.789127 20475.167452 -926.657533 0.535432 0.543830 -0.646190 -0.457854 -0.456021 -0.763161 0.709706 -0.704481 -0.004827
-1.842192 -48.451713 10631.403341 -686.957424 0.621497 0.606019 -0.496470 -0.234723 -0.460567 -0.856027 0.747427 -0.648551 0.143995
29.700859 -48.267036 17311.548403 809.991670 0.552419 0.496509 -0.669561 0.424127 0.524079 0.738551 0.717600 -0.691968 0.078928
-0.742086 -84.275428 1999.602073 5720.755105 -0.394588 0.428589 0.812780 0.833711 -0.204882 0.512786 0.386299 0.879963 -0.276475
11.153260 -82.599407 8521.704481 -496.714900 -0.351268 0.399998 0.846530 0.862232 -0.214196 0.458995 0.364920 0.891135 -0.269651
13.171540 -76.951222 6351.372759 1827.115349 -0.341649 0.421493 0.840011 0.817281 -0.308061 0.486980 0.464034 0.852902 -0.239230
5.108024 -84.193697 7923.756975 7993.981021 -0.360689 0.395682 0.844594 0.884814 -0.141225 0.444027 0.294972 0.907464 -0.299167
-3.377849 -80.755448 -2469.825619 9665.799514 -0.620717 0.257220 0.740641 0.276785 0.955720 -0.099947 -0.733554 0.142959 -0.664426
-1.680863 -77.239909 -1401.762777 9392.609471 -0.622726 0.256354 0.739253 0.284967 0.954222 -0.090852 -0.728702 0.154087 -0.667271
0.201830 -90.594096 -3893.496980 9690.945001 -0.635597 0.254460 0.728881 0.180793 0.966926 -0.179909 -0.750554 0.017426 -0.660580
-0.964303 -80.060655 -731.436534 8568.825405 -0.627136 0.274588 0.728905 0.283160 0.952146 -0.115060 -0.725618 0.134239 -0.674877
1.499356 -93.445699 -1062.921163 8546.255783 -0.627928 0.263203 0.732414 0.155263 0.964526 -0.213502 -0.762627 -0.020347 -0.646518
1.920028 -104.534789 -2042.191291 5524.412625 -0.631740 0.249293 0.734001 0.013449 0.950260 -0.311167 -0.775064 -0.186705 -0.603670
-0.076310 -99.471276 -3662.710737 5635.435681 -0.634647 0.238748 0.734998 0.043770 0.960660 -0.274256 -0.771561 -0.141885 -0.620130
76.670205 -29.164989 17654.599469 -875.372525 0.843753 -0.189284 -0.502248 -0.403541 0.393256 -0.826138 -0.353887 -0.899734 -0.255427
47.236687 -27.654542 18793.791340 -92.098634 0.924380 -0.101350 -0.367763 -0.308325 0.369179 -0.876722 -0.224627 -0.923815 -0.310013
62.113782 -26.115075 20241.838420 743.739704 0.914550 -0.123615 -0.385120 -0.299870 0.431749 -0.850688 -0.271433 -0.893483 -0.357788
30.247825 -26.425466 15667.239283 1155.810570 0.951880 -0.097380 -0.290589 -0.227492 0.410839 -0.882870 -0.205359 -0.906492 -0.368916
36.327999 -23.190154 15755.661809 2295.026511 0.947642 -0.077646 -0.309750 -0.238970 0.470974 -0.849162 -0.211818 -0.878723 -0.427760
-7.275953 -61.579494 923.635945 -1769.913631 0.441097 -0.302895 -0.844801 0.896820 0.113229 0.427661 -0.033881 -0.946274 0.321587
-5.063140 -56.208651 -804.339484 1835.798537 0.450522 -0.326848 -0.830783 0.891351 0.217041 0.397978 0.050236 -0.919817 0.389118
-5.317773 -66.237954 -1037.695444 467.750529 0.394883 -0.330611 -0.857184 0.916656 0.079104 0.391771 -0.061717 -0.940446 0.334293
99.260377 -74.871783 42900.036801 -7437.238927 -0.714697 0.661192 -0.228110 -0.146419 -0.460342 -0.875584 0.683937 0.592377 -0.425816
46.734171 -71.259982 -59138.654468 -1709.182833 0.764104 -0.643706 0.042278 0.313709 0.428051 0.847561 0.563677 0.634362 -0.529012
116.033673 -71.952642 50207.530309 2236.482669 -0.706359 0.685309 -0.177224 -0.315317 -0.528786 -0.788011 0.633744 0.500737 -0.589602
94.944834 -65.323334 -6531.730830 4607.426747 -0.379322 0.776840 -0.502628 -0.243995 -0.607981 -0.755530 0.892514 0.163951 -0.420165
124.180927 -57.748826 2616.431749 10398.102633 -0.453804 0.760955 -0.463692 -0.365569 -0.633534 -0.681905 0.812663 0.139940 -0.565681
153.591170 -53.449150 61617.483597 10720.110613 -0.712358 0.685445 -0.150701 -0.409532 -0.580368 -0.703886 0.569937 0.439702 -0.694142
-2.085882 -182.354402 -452.984111 -1547.101809 0.843866 0.082470 0.530178 -0.182590 0.973282 0.139225 -0.504530 -0.214293 0.836378
1.668993 -189.913203 1714.345730 -11686.815265 0.848378 0.099164 0.520020 -0.132991 0.990721 0.028042 -0.512414 -0.092948 0.853694
0.034676 -188.627679 570.925117 -559.241650 0.848756 0.052355 0.526186 -0.019219 0.997483 -0.068248 -0.528435 0.047813 0.847626
-2.910251 -178.321952 -1513.999107 -7699.601002 0.844953 0.102994 0.524830 -0.247109 0.945445 0.212297 -0.474333 -0.309071 0.824308
-1.405348 -192.734091 -287.384980 -1504.882244 0.842682 0.048059 0.536263 -0.100441 0.992556 0.068881 -0.528960 -0.111908 0.841236
-4.547755 -185.930296 549.964773 -3069.311950 0.853906 0.059408 0.517025 -0.244189 0.923051 0.297235 -0.459582 -0.380063 0.802706
-6.917285 -171.711379 -1910.331956 4503.036570 0.848307 0.066686 0.525289 0.306228 -0.871095 -0.383951 -0.431972 -0.486567 0.759377
41.198886 -71.432437 14414.744447 -5735.536938 0.541588 -0.368561 0.755543 0.830952 0.098626 -0.547532 0.127282 0.924357 0.359671
50.875284 -75.555996 8433.552385 -1780.885988 0.522014 -0.292036 0.801384 0.827520 -0.054254 -0.558809 0.206671 0.954867 0.213344
42.289330 -70.398581 12325.984639 -4073.848617 0.487023 -0.357841 0.796718 0.845009 -0.037594 -0.533428 0.220834 0.933026 0.284069
259.399268 -5718.114759 -123511.432209 -3523400.790559 0.751159 -0.550289 0.364612 0.307078 -0.197652 -0.930933 -0.584348 -0.811244 -0.020513
1.814468 -938.515339 -32893.494752 -317714.917819 0.755647 -0.568826 0.324707 0.355185 -0.060653 -0.932826 -0.550311 -0.820218 -0.156206
145.400824 -6368.422647 -48474.645127 -4585268.615050 0.808987 -0.564614 0.163557 -0.065696 -0.363340 -0.929337 -0.584144 -0.741077 0.331030
28.198435 -555.038181 -25571.056016 -118698.062263 0.812040 -0.512566 0.279048 -0.060772 -0.549815 -0.833073 -0.580429 -0.659530 0.477621
67.451974 -1083.835949 -8367.130234 -221680.227908 0.866653 -0.350633 0.354922 0.181047 -0.441873 -0.878618 -0.464903 -0.825715 0.319470
16.912545 -67.406376 -2620.623053 266.447957 0.371281 -0.032619 -0.927947 -0.162795 0.981616 -0.099641 0.914138 0.188060 0.359145
13.333004 -65.149931 -6684.423369 4241.477026 0.346672 0.081716 -0.934420 -0.309276 0.950446 -0.031625 0.885532 0.299957 0.354766
26.968196 -72.199138 -8385.816784 2259.550442 0.340784 0.068761 -0.937624 -0.207586 0.978210 -0.003711 0.916937 0.195902 0.347632
11.219738 -34.279079 -6706.315419 -943.948199 0.753854 -0.551765 0.356736 0.229210 -0.287988 -0.929799 -0.615766 -0.782700 0.090631
24.055961 -36.680366 -6296.417385 919.907237 0.751596 -0.485674 0.446346 0.320023 -0.323212 -0.890572 -0.576792 -0.812192 0.087498
24.621770 -43.826075 -6831.640153 -3910.021875 0.750726 -0.517930 0.410073 0.306367 -0.276996 -0.910721 -0.585278 -0.809334 0.049272
19.164719 -24.136521 -7834.104733 -3826.300084 0.751178 -0.505776 0.424173 0.256784 -0.368077 -0.893634 -0.608107 -0.780199 0.146616
28.285863 -52.411012 9233.636241 3386.425016 0.570227 -0.085861 -0.816988 -0.453416 0.796417 -0.400167 0.685022 0.598621 0.415208
32.427899 -53.444432 8381.122889 3625.076583 0.598007 -0.063792 -0.798948 -0.401805 0.838655 -0.367711 0.693499 0.540915 0.475889
41.671028 -47.603631 7533.569139 2619.163136 0.590844 0.005115 -0.806770 -0.486988 0.799521 -0.351580 0.643231 0.600616 0.474883
-176.777789 -3153.122249 -135830.351580 -2369175.390768 -0.479616 0.203547 -0.853544 0.767634 -0.373910 -0.520509 -0.425097 -0.904854 0.023084
6190.793073 -23541.729266 728991.561756 -14121551.862484 -0.648873 -0.214261 -0.730107 0.673528 -0.608165 -0.420114 -0.354011 -0.764348 0.538932
18375.682233 -2942.133545 -10081133.222070 3095676.569547 -0.196680 0.281974 0.939046 -0.026809 0.955849 -0.292634 -0.980101 -0.082730 -0.180437
300.113012 -2110.361941 -84819.087415 1082771.303981 0.613647 0.407814 0.676111 0.467316 0.502624 -0.727313 0.636438 -0.762271 -0.117856
34.993473 -137.425369 -2140.062152 8116.057070 0.343738 -0.647691 -0.679957 0.926961 0.118141 0.356071 -0.150294 -0.752688 0.640993
29.770033 -125.381582 816.979493 4023.083640 0.331184 -0.668160 -0.666243 0.943457 0.245226 0.223053 0.014345 -0.702443 0.711595
37.291727 -136.880177 -7541.389514 22265.251201 0.334254 -0.643691 -0.688430 0.941329 0.264140 0.210071 0.046621 -0.718256 0.694215
44.995371 -139.373648 -9472.691852 22722.368359 0.363617 -0.586849 -0.723458 0.928458 0.291519 0.230179 0.075821 -0.755397 0.650866
44.904019 -176.515237 -9706.771906 32904.750907 0.317001 -0.622452 -0.715586 0.936855 0.088018 0.338460 -0.147690 -0.777693 0.611050
36.052171 -107.389124 -4980.400541 15451.236097 0.365403 -0.601272 -0.710600 0.904989 0.408160 0.119998 0.217888 -0.686933 0.693288
-59.769696 -74.892734 -3627.183521 7033.745059 0.505806 0.862373 0.021740 0.210959 -0.148091 0.966212 -0.836455 0.484130 0.256830
-54.402442 -73.786496 -4839.615335 3519.843189 0.353988 0.930079 -0.098210 0.251458 0.006493 0.967846 -0.900811 0.367302 0.231578
-54.690795 -71.030576 -4193.150470 2230.035590 0.384776 0.914587 -0.124411 0.337739 -0.014069 0.941135 -0.858999 0.404144 0.314305
-74.311684 -110.839915 1608.773883 10809.708898 -0.219586 0.849191 -0.480267 0.931790 0.036701 -0.361137 -0.289048 -0.526809 -0.799327
-62.053325 -87.398750 5031.508725 15717.937526 0.175848 0.864365 -0.471116 0.974571 -0.220378 -0.040565 -0.138887 -0.452003 -0.881138
-64.632293 -73.304181 6195.175260 19940.337691 0.225973 0.812639 -0.537173 0.972047 -0.224179 0.069771 -0.063724 -0.537923 -0.840582
10.797921 -189.432143 1803.055879 -11036.503729 0.298648 0.888322 0.348845 0.884526 -0.394895 0.248339 -0.358362 -0.234397 0.903678
8.795701 -200.095198 2262.164821 -4707.832937 0.327451 0.880748 0.342138 0.831501 -0.440584 0.338367 -0.448756 -0.173689 0.876613
8.177618 -191.486348 -2544.635118 -842.771478 -0.315767 -0.886176 -0.339090 0.920569 -0.372710 0.116787 -0.229876 -0.275279 0.933477
7.026308 -191.498413 -1250.220691 -5801.266477 -0.293466 -0.887906 -0.354262 0.954321 -0.293858 -0.054033 -0.056127 -0.353936 0.933584
-14.942490 -66.146859 -1896.775001 9686.455025 -0.529246 0.213309 0.821217 0.838822 0.277076 0.468622 -0.127579 0.936871 -0.325570
-14.677155 -69.550652 -192.651874 -1829.740692 -0.483960 0.206112 0.850471 0.867620 0.239729 0.435620 -0.114096 0.948709 -0.294846
-14.754029 -71.568113 -2815.388167 -1987.102029 -0.498061 0.235118 0.834658 0.863952 0.217027 0.454407 -0.074305 0.947428 -0.311223
-10.483067 -69.580077 -1469.142678 10435.563600 -0.548023 0.226267 0.805279 0.829127 0.274169 0.487217 -0.110541 0.934684 -0.337855
-10.728245 -74.516218 -2751.083776 2408.206953 -0.520933 0.251312 0.815764 0.852707 0.196849 0.483881 -0.038977 0.947678 -0.316841
-11.960596 -67.964864 -2981.000138 -8900.454415 -0.456054 0.257378 0.851922 0.889821 0.148292 0.431542 -0.015264 0.954865 -0.296649
38.831884 -120.988045 1889.616554 -16942.294541 -0.671142 -0.107464 0.733498 0.704592 -0.400079 0.586078 0.230475 0.910159 0.344228
36.483665 -112.075610 2874.213193 -18205.866798 -0.650143 -0.058493 0.757557 0.737611 -0.287842 0.610800 0.182329 0.955890 0.230283
40.137130 -113.303933 3961.236583 -7067.385057 -0.628781 -0.064372 0.774913 0.694637 -0.494361 0.522577 0.349447 0.866870 0.355560
37.367066 -106.231955 -518.300962 -12582.106891 -0.598058 0.014112 0.801329 0.744013 -0.361922 0.561655 0.297945 0.932101 0.205951
41.164217 -124.022586 -2059.513094 1694.461268 0.657115 0.112185 -0.745396 0.642487 -0.600517 0.476014 0.394221 0.791703 0.466686
38.734541 -105.935196 -1580.640408 2144.318671 -0.574730 0.010639 0.818274 0.669746 -0.568460 0.477800 0.470239 0.822642 0.319586
-0.023667 -100.744047 -2070.280292 -1914.677874 -0.826688 -0.266130 0.495744 0.105425 0.792203 0.601082 -0.552696 0.549171 -0.626848
4.938319 -118.142820 -2580.173031 3988.522493 -0.823135 -0.304968 0.479003 0.015013 0.831562 0.555230 -0.567648 0.464220 -0.679909
-2.732581 -105.918630 -5989.861894 11178.247736 -0.837470 -0.307708 0.451619 -0.029732 0.850841 0.524581 -0.545673 0.425894 -0.721703
-7.796582 -89.418393 -2248.194390 4797.350826 -0.819047 -0.256171 0.513360 0.079537 0.835442 0.543793 -0.568186 0.486223 -0.663891
-1.410664 -94.251956 2730.002209 -10989.276166 0.824917 0.197502 -0.529627 0.185656 0.790323 0.583885 -0.533895 0.579985 -0.615283
8.443053 -63.309695 -1393.907379 -1322.812922 0.463597 0.147409 -0.873698 0.883276 0.001025 0.468852 0.070008 -0.989075 -0.129727
6.888549 -63.876646 -2530.257932 3830.301295 0.470708 0.132776 -0.872241 0.882045 -0.047552 0.468760 0.020763 -0.990005 -0.139497
7.440995 -64.917604 -1428.557491 -614.114116 0.477368 0.131730 -0.868773 0.874134 0.029506 0.484788 0.089495 -0.990846 -0.101065
4.173499 -64.254382 -1311.999936 1191.077282 0.496830 0.125682 -0.858699 0.865034 0.007894 0.501651 0.069827 -0.992039 -0.104798
7.457922 -64.351572 -440.208857 -1963.670567 0.478914 0.129055 -0.868323 0.866152 0.091553 0.491324 0.142906 -0.987402 -0.067936
7.682474 -66.815793 -306.087115 -1493.834655 0.475284 0.136987 -0.869103 0.851037 0.179070 0.493630 0.223251 -0.974253 -0.031472
100.090261 -32.169337 -15184.957360 -2330.808666 0.772462 -0.145410 -0.618190 -0.443702 0.572857 -0.689176 -0.454348 -0.806654 -0.377991
80.047772 -33.967507 -33976.316282 -5965.356943 0.621359 -0.294633 -0.726020 -0.509780 0.551646 -0.660160 -0.595011 -0.780306 -0.192572
65.200482 -29.336301 -19259.236455 -4180.022873 0.672590 -0.256399 -0.694177 -0.518601 0.505861 -0.689317 -0.527898 -0.823629 -0.207268
75.380140 -24.838252 694.718041 -4526.298892 0.830932 -0.079217 -0.550706 -0.433084 0.529278 -0.729592 -0.349272 -0.844743 -0.405486
97.596774 -31.491825 8143.777288 -4518.560673 0.884269 -0.006600 -0.466931 -0.380422 0.569719 -0.728491 -0.270827 -0.821813 -0.501274
109.131194 -39.448520 6210.201728 415.634262 0.887682 0.002749 -0.460449 -0.362295 0.621348 -0.694744 -0.284189 -0.783530 -0.552555
42.978283 -35.748017 -5835.112065 -10176.561681 0.876143 -0.481854 0.013789 -0.092745 -0.196567 -0.976094 -0.473045 -0.853919 0.216910
39.505578 -22.221635 -6740.003284 -5347.199372 0.866697 -0.414079 0.278164 0.119312 -0.369365 -0.921593 -0.484356 -0.831930 0.270723
47.465470 -44.192323 -964.725281 -9148.840019 0.927551 -0.346048 0.141066 0.028262 -0.311448 -0.949843 -0.372626 -0.885015 0.279104
2.072067 -105.441029 -1773.342287 4415.914795 0.858614 0.091612 -0.504370 -0.510464 0.242987 -0.824854 -0.046988 -0.965694 -0.255397
3.956103 -96.273089 -2493.570951 9320.528149 0.845943 0.101790 -0.523469 -0.509385 0.444746 -0.736701 -0.157822 -0.889854 -0.428079
1.696927 -95.857209 231.251749 11522.936508 0.856507 0.107506 -0.504814 -0.497644 0.431461 -0.752457 -0.136914 -0.895703 -0.423049
5.222146 -69.415605 1397.674085 3394.364654 -0.505998 0.116313 0.854656 0.544846 -0.725046 0.421250 0.668662 0.678808 0.303499
3.123529 -74.080886 230.420215 858.920270 -0.492254 0.131814 0.860413 0.598571 -0.666404 0.444543 0.631980 0.733847 0.249140
6.660364 -68.406721 1410.888917 180.397392 -0.520161 0.135361 0.843273 0.601415 -0.642998 0.474187 0.606409 0.753811 0.253055
6.291024 -57.632610 4579.872519 419.517442 0.678169 -0.113002 -0.726166 0.678038 -0.284917 0.677559 0.283463 0.951868 0.116603
0.782278 -54.334053 4141.850924 3573.456576 0.685727 -0.138293 -0.714600 0.675512 -0.244677 0.695570 0.271038 0.959692 0.074363
0.755594 -53.636271 3147.513605 -44.518357 0.670063 -0.115295 -0.733296 0.669262 -0.333485 0.663985 0.321097 0.935679 0.146293
6.035630 -61.876011 -3203.397708 -3993.978287 -0.651983 0.087012 0.753225 0.678671 -0.376017 0.630886 0.338120 0.922519 0.186104
0.357728 -51.553760 -594.803568 -3126.141801 -0.637168 0.092269 0.765182 0.686360 -0.383709 0.617801 0.350611 0.918833 0.181157
3.127405 -59.013757 -448.588122 -5553.590215 -0.633743 0.078227 0.769578 0.682168 -0.412549 0.603697 0.364714 0.907570 0.208086
9.639899 -279.566607 2174.260134 46797.578124 -0.440838 -0.803818 -0.399423 0.895037 -0.360145 -0.263067 0.067608 -0.473469 0.878212
10.728608 -336.483304 2241.669205 53532.122149 -0.459729 -0.801188 -0.383075 0.872752 -0.327863 -0.361677 0.164175 -0.500603 0.849967
9.575511 -237.840718 2771.552517 18470.683040 -0.493162 -0.781151 -0.382875 0.814128 -0.259320 -0.519567 0.306573 -0.567940 0.763844
7.810185 -350.606249 1010.458161 47318.291978 -0.411804 -0.829127 -0.378108 0.894340 -0.447334 0.006886 -0.174850 -0.335321 0.925736
-1.025558 -245.029509 -943.239859 21792.464216 0.326796 0.853652 0.405564 0.789986 -0.482284 0.378581 -0.518774 -0.196672 0.831982
-2.255854 -226.157770 691.874242 21793.728005 -0.358540 -0.836324 -0.414743 0.890990 -0.439145 0.115279 -0.278543 -0.328199 0.902607
-5.537541 -256.743931 -1851.065293 37246.096319 0.333557 0.850303 0.407092 0.865960 -0.447040 0.224206 -0.372629 -0.277740 0.885442
-8.778440 -176.876776 2783.594766 7911.409746 0.410575 0.794915 0.446697 0.784135 -0.057786 -0.617894 -0.465360 0.603962 -0.647047
-14.011077 -179.783712 2281.541822 7960.794408 0.413052 0.809839 0.416593 0.757117 -0.051137 -0.651274 -0.506124 0.584420 -0.634265
-13.616989 -248.208976 1231.509790 -49912.456880 0.397193 0.818342 0.415396 -0.655318 -0.063977 0.752639 -0.642492 0.571159 -0.510863
-20.625178 -291.902326 674.954960 -81292.533888 0.437457 0.824042 0.359982 -0.532409 -0.085268 0.842182 -0.724688 0.560075 -0.401426
-10.710806 -195.227391 2372.029930 33400.777740 0.427729 0.796493 0.427372 0.705299 0.001620 -0.708908 -0.565333 0.604646 -0.561073
-16.044418 -875.908101 12547.972581 -365704.672823 0.014799 0.762726 0.646552 -0.582647 0.532076 -0.614344 0.812591 0.367620 -0.452274
-30.732325 -1865.815372 15607.517493 -995691.924912 -0.131500 0.812795 0.567515 -0.654373 0.358865 -0.665592 0.744650 0.458891 -0.484680
-4.946935 -503.371779 -6654.134024 -246501.574519 -0.092125 -0.700683 -0.707500 -0.178919 0.710606 -0.680461 0.979541 0.063898 -0.190830
10.428467 -143.046492 1286.740899 -6602.365458 0.283352 0.889022 0.359655 -0.303061 -0.272799 0.913091 -0.909871 0.367724 -0.192130
13.425144 -152.687207 3207.043718 -5980.324732 0.284647 0.882011 0.375543 -0.132104 -0.351921 0.926661 -0.949486 0.313382 -0.016344
10.629485 -143.749528 1228.695712 -8708.975377 0.256049 0.889503 0.378449 -0.284348 -0.304874 0.908954 -0.923897 0.340348 -0.174866
14.148862 -161.318389 530.970371 -7264.488447 0.243583 0.891317 0.382388 -0.042940 -0.383966 0.922348 -0.968929 0.241088 0.055254
9.137273 -148.592328 -2868.168999 -6425.354071 0.193806 0.899727 0.391064 -0.150546 -0.366624 0.918108 -0.969420 0.236808 -0.064396
6.955257 -132.053249 -3465.372869 -16336.154996 0.197069 0.902674 0.382549 -0.414318 -0.276964 0.866967 -0.888541 0.329349 -0.319413
9.355245 -125.096599 1642.821326 -13072.467628 0.258797 0.889273 0.377117 -0.487921 -0.216597 0.845588 -0.833641 0.402839 -0.377840
0.415151 -62.673100 -6889.327893 -2692.061996 0.134804 0.030425 0.990405 0.836213 -0.539716 -0.097236 0.531579 0.841297 -0.098198
-9.357091 -61.713201 -7375.394064 -3356.718182 0.182669 -0.024498 0.982869 0.858696 -0.482893 -0.171627 0.478825 0.875337 -0.067173
-10.040834 -63.397540 -7869.393220 -1925.387486 0.198151 -0.043494 0.979206 0.789365 -0.585157 -0.185726 0.581067 0.809753 -0.081617
2.087338 -35.531775 2643.795642 -1251.838317 0.296762 0.788196 -0.539146 -0.643324 0.582252 0.497109 -0.705738 -0.199323 -0.679856
-6.321154 -38.813851 4390.538208 -1962.177955 0.243369 0.843849 -0.478216 -0.667826 0.503341 0.548321 -0.703406 -0.185921 -0.686042
-2.774429 -38.304598 2922.580408 1350.000191 0.257101 0.831711 -0.492094 -0.606403 0.535329 0.587961 -0.752446 -0.147242 -0.641985
4.140534 -36.509273 2146.279536 1739.838290 0.327920 0.753977 -0.569199 -0.579926 0.636289 0.508746 -0.745757 -0.163265 -0.645903
9.270351 -34.541107 3601.041345 -419.170335 0.358370 0.727472 -0.585112 -0.612704 0.656150 0.440523 -0.704389 -0.200630 -0.680869
-0.891408 -262.180502 125.783950 -9458.089379 0.729354 -0.020772 -0.683821 -0.215292 0.941787 -0.258236 0.649378 0.335567 0.682424
1.431812 -247.209796 -728.295591 -3246.829268 0.746241 -0.092821 -0.659172 0.393835 -0.736770 0.549603 0.536673 0.669742 0.513252
3.473036 -237.006575 701.209902 -10818.486404 0.732482 -0.066152 -0.677565 -0.312032 0.851949 -0.420499 0.605068 0.519429 0.603395
-3.788943 -192.821893 -5392.043605 -55200.538742 0.697382 0.255837 0.669482 0.631691 0.221855 -0.742797 0.338563 -0.940918 0.006892
-17.257847 -124.081391 251.187698 -49002.022372 -0.673627 -0.280655 -0.683710 0.701450 0.048608 -0.711059 0.232796 -0.958577 0.164122
-5.889853 -177.444808 6924.045107 -42084.888184 -0.602658 -0.236352 -0.762195 0.727357 0.230204 -0.646497 0.328261 -0.944004 0.033178
-27.287417 -117.469661 8393.340323 -5743.627036 -0.288263 -0.239109 -0.927217 0.946205 0.077494 -0.314150 0.146970 -0.967895 0.203908
8.335363 -208.990207 -8974.899706 -16073.335224 0.666369 0.209764 0.715508 0.532998 0.537040 -0.653836 0.521408 -0.817060 -0.246063
9.757678 -47.467941 7942.085884 6517.204350 -0.362654 -0.025055 0.931587 -0.308957 0.946337 -0.094821 -0.879220 -0.322208 -0.350934
-1.597922 -50.022767 4058.371014 422.661265 -0.426408 0.122875 0.896146 -0.204069 0.952119 -0.227651 -0.881211 -0.279948 -0.380916
-3.700841 -55.262218 4935.857298 7164.287801 -0.413398 0.088507 0.906239 -0.235612 0.950971 -0.200354 -0.879539 -0.296347 -0.372277
-76.107233 -114.226478 -1626.185212 -13184.940869 0.931448 0.002019 -0.363869 -0.334166 -0.391007 -0.857582 0.144007 -0.920386 0.363528
-67.683475 -99.809078 123.023290 -7932.897082 0.729699 -0.231448 -0.643406 -0.675593 -0.389120 -0.626227 0.105423 -0.891638 0.440305
-54.452857 -83.960488 1034.750600 7865.015739 0.454507 -0.418725 -0.786188 0.869283 0.401083 0.288928 0.194345 -0.814740 0.546286
35.260379 -204.015834 -30385.443029 -71807.113179 0.470324 -0.245639 -0.847618 0.667852 -0.528767 0.523812 -0.576861 -0.812445 -0.084641
43.333843 -161.372427 41737.721786 51749.937945 0.676590 0.141534 -0.722630 -0.647116 0.582572 -0.491784 -0.351380 -0.800361 -0.485751
73.143801 -390.741667 -23947.737812 283884.593720 -0.723388 -0.022422 0.690078 -0.397910 0.830337 -0.390138 -0.564250 -0.556810 -0.609578
44.769533 -404.235647 62920.356559 218658.628351 -0.497934 0.304609 0.811957 -0.265132 0.837980 -0.476964 -0.825692 -0.452772 -0.336498
-105.332472 -1104.405967 96136.977418 500549.000470 -0.331009 0.205393 0.921003 -0.426570 0.838034 -0.340200 -0.841707 -0.505482 -0.189782
15.787753 -41.869129 1671.327394 -8127.837971 0.668293 -0.175619 -0.722871 0.741727 0.083118 0.665532 -0.056796 -0.980943 0.185808
20.888726 -30.682911 802.752175 7414.905136 0.706741 -0.187165 -0.682266 -0.697322 -0.021513 -0.716436 -0.119414 -0.982093 0.145718
17.940220 -46.415169 872.900501 -7056.420170 0.647622 -0.209760 -0.732521 0.759444 0.099597 0.642904 -0.061898 -0.972667 0.223802
18.030654 -34.628298 -1657.700513 -7324.602134 0.666535 -0.237686 -0.706567 0.730579 0.019753 0.682542 -0.148274 -0.971141 0.186815
30.193934 -59.833157 -3310.897921 3315.996071 0.393456 -0.169048 -0.903668 -0.345373 0.883771 -0.315701 0.852004 0.436316 0.289340
25.707510 -58.474659 10012.987882 3035.654641 0.295467 -0.222855 -0.928997 -0.386859 0.861209 -0.329634 0.873521 0.456787 0.168245
-11.026983 -79.173993 1171.927175 -11360.393378 0.423288 -0.232585 -0.875632 0.712041 -0.512202 0.480257 -0.560201 -0.826773 -0.051199
-10.614951 -75.600180 -434.706507 -1840.340184 0.445526 -0.262295 -0.855984 0.667045 -0.540455 0.512795 -0.597125 -0.799443 -0.065824
-6.902236 -59.092266 409.405581 8512.748503 0.303477 -0.273259 -0.912815 0.649840 0.759985 -0.011460 0.696857 -0.589706 0.408213
-5.578588 -65.914126 258.996285 -445.983356 0.300674 -0.269003 -0.915004 0.618099 0.785607 -0.027852 0.726326 -0.557189 0.402482
-9.726271 -63.572440 3648.109813 -975.297164 0.287720 -0.274603 -0.917502 0.641100 0.766929 -0.028495 0.711483 -0.580012 0.396709
-7.030250 -59.993485 1756.575448 8163.016812 0.318088 -0.256420 -0.912726 0.667190 0.744522 0.023353 0.673556 -0.616390 0.407905
-10.289287 -56.256383 792.717279 7813.650855 0.333269 -0.269690 -0.903438 0.665180 0.746342 0.022584 0.668182 -0.608475 0.428124
-8.545020 -64.664135 5295.390552 -12350.052159 0.214927 -0.343431 -0.914255 0.638156 0.758027 -0.134725 0.739299 -0.554481 0.382084
-10.045863 -60.731904 1027.107098 -1982.651777 0.292837 -0.317845 -0.901788 0.666656 0.743961 -0.045734 0.685431 -0.587789 0.429753
15.462502 -56.569920 1655.765482 719.955096 0.600389 -0.467246 -0.649010 -0.329292 0.595122 -0.733074 0.728766 0.653843 0.203444
14.358979 -56.961400 293.329808 -495.360786 0.533817 -0.417382 -0.735413 -0.355624 0.678231 -0.643066 0.767184 0.604810 0.213620
19.700920 -64.783111 -1236.418281 15774.496539 0.606148 -0.427532 -0.670672 -0.321265 0.639776 -0.698194 0.727580 0.638672 0.250448
23.962186 -58.556409 4143.697877 8176.350966 0.641882 -0.488115 -0.591381 -0.307611 0.542540 -0.781681 0.702398 0.683663 0.198097
-9.054126 -137.996536 2819.081696 5788.686639 0.673579 -0.207440 -0.709409 0.705811 -0.104341 0.700674 -0.219368 -0.972667 0.076131
135.570147 -44.725868 50484.700797 1195.453059 -0.543053 0.356144 0.760431 0.796129 0.506298 0.331423 -0.266970 0.785381 -0.558483
28.712470 -51.776937 15851.336614 -2567.648012 -0.477707 0.358471 0.802056 0.850229 0.418467 0.319369 -0.221149 0.834496 -0.504687
14.480627 -45.857314 9477.397329 -2519.672953 -0.481094 0.368137 0.795628 0.811720 0.529874 0.245652 -0.331149 0.764009 -0.553743
38.066499 -44.710992 13680.505661 275.778743 -0.504069 0.385667 0.772771 0.794941 0.556950 0.240573 -0.337614 0.735573 -0.587324
-42.221447 -67.308036 12167.716794 344.198094 0.689268 0.724299 0.017329 0.108699 -0.079735 -0.990872 0.716306 -0.684860 0.133689
-5.527264 -83.701999 922.074842 9568.085614 -0.436095 0.437226 0.786546 0.811763 -0.186117 0.553535 0.388410 0.879883 -0.273759
-6.439528 -85.310542 -1547.788463 1372.346631 -0.431934 0.464099 0.773334 0.871554 -0.005786 0.490266 0.232007 0.885764 -0.401988
-6.026359 -83.188540 -2007.892073 14709.218163 -0.418012 0.455748 0.785850 0.819419 -0.184307 0.542756 0.392198 0.870819 -0.296405
-1.120370 -71.708032 -1544.732822 4214.423602 -0.630028 0.247708 0.736006 0.329178 0.943589 -0.035791 -0.703353 0.219727 -0.676028
-4.884102 -55.054633 209.272435 -1853.819339 -0.512713 0.426802 0.744960 0.166550 0.900646 -0.401370 -0.842251 -0.081715 -0.532857
-5.238554 -58.676241 949.841477 -1015.272812 -0.514648 0.423167 0.745699 0.248997 0.906002 -0.342289 -0.820450 0.009519 -0.571639
-5.528828 -57.434763 1463.680778 -1617.443994 -0.519474 0.422521 0.742713 0.149250 0.900697 -0.408006 -0.841351 -0.101098 -0.530950
-7.089570 -56.782027 -243.806588 -1512.442827 -0.517493 0.423097 0.743767 0.086690 0.890655 -0.446339 -0.851285 -0.166500 -0.497587
50.003847 -48.816503 26416.876334 -2260.803549 -0.462087 0.613355 0.640524 0.350377 -0.537232 0.767214 -0.814685 -0.578945 -0.033343
57.700371 -46.690268 28266.395165 -3486.131291 -0.466051 0.633618 0.617515 0.241154 -0.580549 0.777693 -0.851259 -0.511361 -0.117766
14.505827 -50.042141 16280.601816 683.396675 -0.409613 0.553856 0.724887 -0.384108 0.616027 -0.687729 -0.827453 -0.560137 -0.039592
6.238925 -56.362241 13602.827049 896.168942 -0.397717 0.508161 0.763933 -0.496406 0.581053 -0.644949 -0.771623 -0.635728 0.021160
28.921867 -54.174677 20677.324054 -2979.431509 -0.427359 0.549499 0.717924 0.481185 -0.534028 0.695180 -0.765393 -0.642545 0.036189
6.297792 -211.135078 1681.335599 -9502.319879 0.842677 0.068493 0.534044 0.053565 0.976290 -0.209734 -0.535748 0.205344 0.819029
0.072632 -180.640260 3424.141391 -18155.858907 0.850213 0.123799 0.511675 -0.264617 0.940744 0.212083 -0.455099 -0.315713 0.832592
14.216581 -96.800731 -12925.130548 -5637.766146 0.765185 0.016075 0.643609 -0.638612 0.145731 0.755604 0.081648 0.989194 -0.121777
20.000755 -89.788547 -12291.297726 -9258.291865 0.788391 0.023480 0.614726 -0.589287 0.315655 0.743709 0.176579 0.948584 -0.262696
38.932285 -84.791710 -17325.131605 -7826.067141 0.708791 0.016947 0.705215 -0.671257 0.323541 0.666885 0.216864 0.946063 -0.240698
42.141126 -78.646586 -15481.506155 -5030.178795 0.729955 0.041962 0.682206 -0.629305 0.430759 0.646855 0.266723 0.901491 -0.340841
48.828282 -86.739782 -13315.293537 6586.974685 0.640788 -0.042063 0.766565 0.736246 -0.249294 -0.629123 0.217562 0.967514 -0.128776
64.302242 -75.001206 -13838.968124 6505.309654 0.612109 -0.031482 0.790147 0.711558 -0.413976 -0.567722 0.344975 0.909743 -0.230997
-52.968451 -1109.697754 -26446.494155 364297.705805 0.813442 -0.514933 0.270473 0.463335 0.292553 -0.836500 -0.351614 -0.805764 -0.476562
-160.311416 -3775.815885 -38253.153033 -2402229.500767 0.686208 -0.415637 0.596963 0.530954 -0.274748 -0.801625 -0.497199 -0.867041 -0.032150
124.487037 -10756.695656 24180.596109 -9139711.429195 0.950181 0.283018 -0.130598 -0.280056 0.959112 0.040905 0.136835 -0.002292 0.990591
155.693075 -3510.041395 22871.709178 -5681941.569066 0.829280 0.557316 -0.041142 -0.045814 -0.005572 -0.998934 0.556952 -0.830282 -0.020912
45.027974 -9469.786000 -48880.674226 17230.170398 0.891395 0.453177 -0.006697 0.046697 -0.106530 -0.993212 0.450815 -0.885032 0.116122
-91.313391 -3187.029861 -26692.759842 -1110740.858330 0.952418 0.273894 0.133724 -0.302445 0.903631 0.303280 0.037770 0.329293 -0.943472
2240.227347 -219418.466039 785057.525122 -391433011.964133 0.896647 0.341918 -0.281276 0.439320 -0.765972 0.469345 0.054972 0.544407 0.837018
84.619386 -7205.664474 16116.998716 8548979.215571 0.979503 0.127984 0.155546 -0.201266 0.590588 0.781472 -0.008152 0.796760 -0.604241
79.661713 -347837.240707 606908.132665 -234943487.602872 0.891501 0.448574 -0.063304 0.166622 -0.454624 -0.874959 0.421264 -0.769479 0.480040
22.061768 -58.055812 6740.095516 5017.374120 0.578909 -0.139714 -0.803333 -0.363397 0.837750 -0.407575 0.729936 0.527878 0.434210
-7009.963275 -18916.892260 6149055.417868 16361727.911709 0.859557 0.290098 -0.420720 -0.412781 0.879479 -0.236914 -0.301286 -0.377306 -0.875709
-3039.554504 -5147.212063 -2199089.525179 2564790.970294 -0.421393 0.331424 -0.844148 0.895993 0.008363 -0.443990 -0.140090 -0.943445 -0.300478
-1497.578900 -3318.282115 713633.298185 1260270.906016 -0.407073 0.301015 0.862370 -0.369897 0.808925 -0.456965 -0.835146 -0.505006 -0.217947
-487.487772 -2701.345460 200032.204486 -2119291.770458 0.761932 0.638801 0.106738 -0.381194 0.575557 -0.723481 0.523595 -0.510556 -0.682042
-1249.919200 -3950.184655 546188.429952 367733.555692 -0.129499 0.833679 0.536852 -0.478037 -0.526829 0.702803 -0.868741 0.165623 -0.466753
-1080.461562 -4346.173515 516452.024671 1659014.812867 0.390303 0.917306 0.078825 0.910960 -0.372350 -0.177505 -0.133476 0.141087 -0.980958
29.532840 -126.560730 2879.966935 -4995.388742 0.357059 -0.671097 -0.649721 0.913121 0.104249 0.394134 -0.196769 -0.734003 0.650016
27.805955 -131.000940 3227.463288 -3866.530877 0.329958 -0.698854 -0.634611 0.943806 0.230755 0.236606 -0.018913 -0.677020 0.735722
-49.940323 -76.101698 26932.796781 9183.886620 0.980054 -0.106197 0.167980 0.192770 0.713503 -0.673612 0.048319 -0.692557 -0.719743
-41.743604 -66.509033 37478.813329 3418.536620 0.987533 0.145183 -0.060835 -0.152229 0.782438 -0.603836 0.040067 -0.605568 -0.794784
16.624206 -63.462423 48907.694175 2658.606606 0.974260 0.222833 -0.034116 -0.188577 0.722682 -0.664958 0.123519 -0.654275 -0.746101
78.569692 -56.541024 62924.067858 348.757781 0.945730 0.308087 -0.103334 -0.309080 0.754660 -0.578756 0.100325 -0.579285 -0.808928
-21.509412 -74.290215 33463.212306 6056.256376 0.991070 0.021911 0.131533 0.083850 0.664580 -0.742498 0.103683 -0.746896 -0.656808
51.935817 -59.077250 45885.310941 712.549980 0.975986 0.210395 -0.056435 -0.184008 0.657632 -0.730521 0.116585 -0.723363 -0.680554
117.612196 -53.123559 58812.416486 255.552700 0.944937 0.254886 -0.205251 -0.326814 0.702510 -0.632196 0.016947 -0.664464 -0.747128
13.638945 -187.050443 -639.144481 -8170.875518 0.279197 0.888959 0.363043 0.765678 -0.434262 0.474503 -0.579470 -0.145494 0.801902
11.775602 -189.920760 1473.823988 -5112.151735 0.307033 0.887598 0.343367 0.633735 -0.459850 0.622027 -0.710007 -0.026621 0.703691
4.948894 -184.665284 3017.429048 -7975.346237 0.348233 0.877577 0.329533 0.747634 -0.472071 0.467110 -0.565488 -0.083707 0.820497
-9.654567 -68.713840 102.656130 4528.596127 -0.547344 0.013069 0.836805 -0.311906 0.924658 -0.218456 -0.776614 -0.380575 -0.502030
-9.656226 -74.669753 726.270546 10929.049196 -0.544877 0.030746 0.837952 -0.186606 0.969821 -0.156924 -0.817488 -0.241871 -0.522696
-9.562494 -78.273163 170.912463 11730.496765 -0.564875 0.009310 0.825124 -0.209991 0.965394 -0.154652 -0.798010 -0.260628 -0.543373
-10.731953 -66.600180 -411.278399 -1101.318544 -0.532044 0.016364 0.846559 -0.350780 0.905718 -0.237965 -0.770638 -0.423564 -0.476141
-9.411983 -70.051578 -545.604181 2707.278328 -0.557268 -0.019081 0.830113 -0.350562 0.911673 -0.214382 -0.752701 -0.410474 -0.514735
-9.321688 -67.782376 -91.917788 -12334.018020 -0.538753 0.005541 0.842445 -0.450992 0.842731 -0.293957 -0.711584 -0.538306 -0.451525
35.041172 -108.100216 1629.648650 -16401.770592 -0.697701 -0.118667 0.706493 0.712495 -0.217630 0.667074 0.074594 0.968791 0.236390
29.892815 -101.090059 1293.597838 -1752.108717 -0.679078 -0.053772 0.732094 0.730694 -0.145000 0.667129 0.070281 0.987969 0.137757
33.416221 -100.107327 -1009.880315 -6561.362398 -0.626248 0.011766 0.779535 0.760137 -0.212942 0.613879 0.173219 0.976994 0.124411
7.103534 -62.613962 -2509.352187 1710.062122 0.474387 0.136309 -0.869699 0.880289 -0.065664 0.469872 0.006940 -0.988488 -0.151141
6.695208 -61.223297 -5901.846744 1822.577097 0.484240 0.114140 -0.867458 0.869826 -0.169793 0.463220 -0.094417 -0.978847 -0.181503
31.875214 -30.090003 -18985.050288 -3712.543000 0.605401 -0.298675 -0.737755 -0.545631 0.519094 -0.657896 -0.579462 -0.800833 -0.151294
-0.830056 -77.129278 3703.639972 974.746764 -0.512252 0.101042 0.852871 0.634792 -0.624338 0.455237 0.578478 0.774592 0.255678
-2.511270 -74.861599 -2970.990436 129.579831 0.483799 -0.075644 -0.871904 -0.558347 0.740494 -0.374056 0.673934 0.667793 0.316015
5.324107 -74.720624 1994.187530 1217.149985 -0.531476 0.148363 0.833979 0.666494 -0.534399 0.519810 0.522799 0.832109 0.185138
-5.375865 -77.263929 3260.922393 585.029506 -0.479194 0.072835 0.874682 0.590630 -0.710403 0.382732 0.649253 0.700016 0.297402
-4.014509 -77.753587 3169.264020 1683.052762 -0.500350 0.099073 0.860136 0.651169 -0.611684 0.449247 0.570640 0.784874 0.241543
-0.244566 -77.786580 2866.150630 1189.101523 -0.524159 0.120496 0.843053 0.698443 -0.505592 0.506512 0.487274 0.854317 0.180851
