12374
24727
-35.425830 -53.053900 -1011.240722 -5297.564088 -0.386063 0.459292 -0.800003 -0.284298 0.765785 0.576843 0.877570 0.450138 -0.165065
-41.413041 -61.308308 617.965864 -3542.914946 -0.413674 0.357763 -0.837185 -0.445505 0.722393 0.528843 0.793977 0.591739 -0.139450
-43.278123 -70.924407 -1273.288894 7329.930397 -0.507265 0.690826 -0.515211 0.241515 -0.459923 -0.854483 0.827256 0.557880 -0.066458
-32.036028 -52.608460 70.964393 -3637.224091 -0.312439 0.090165 -0.945649 -0.460886 0.856081 0.233899 0.830642 0.508916 -0.225917
-29.829333 -63.372668 -3823.528886 9535.162500 -0.406521 0.726594 -0.553897 0.128409 -0.554797 -0.822017 0.904573 0.405292 -0.132236
-25.469860 -43.049752 -2739.717235 -5036.583101 -0.336781 0.478511 -0.810929 -0.162016 0.818945 0.550527 0.927540 0.316790 -0.198279
-27.332876 -43.738125 -762.087453 -3724.640750 -0.287958 0.051484 -0.956258 -0.356763 0.920906 0.157012 0.888707 0.386370 -0.246815
51.937174 -85.453511 -447.087665 -824.459380 -0.261952 0.832414 -0.488333 0.956013 0.154617 -0.249265 -0.131987 -0.532148 -0.836300
41.026174 -67.688554 3831.656776 -1465.542268 -0.208754 0.899689 -0.383381 0.924640 0.053889 -0.377010 -0.318532 -0.433192 -0.843138
47.613966 -86.105786 1163.272283 -187.097897 -0.189097 0.811353 -0.553127 0.918745 -0.052653 -0.391324 -0.346625 -0.582181 -0.735470
48.817487 -20.942520 -7985.857357 442.799682 0.919465 -0.377687 0.109257 0.073347 0.437780 0.896085 0.386270 0.815905 -0.430226
65.903808 -30.010970 -10564.429758 2257.861644 0.853474 -0.491981 0.171862 0.061868 0.423106 0.903965 0.517450 0.760878 -0.391548
66.412571 -26.642819 -14218.514859 194.024292 0.882442 -0.388842 0.264762 -0.064178 0.458044 0.886610 0.466023 0.799373 -0.379242
46.623404 -20.519649 -11147.597761 -1579.616909 0.920274 -0.308473 0.240707 -0.080770 0.452167 0.888269 0.382847 0.836893 -0.391202
68.491886 -32.955096 -12594.632921 -2891.853732 0.823283 -0.409691 0.392885 -0.165572 0.488725 0.856583 0.542947 0.770260 -0.334525
-8.896147 -22.620953 2390.394205 2669.624538 -0.629680 0.776829 0.006256 -0.343847 -0.285917 0.894439 -0.696615 -0.561059 -0.447147
-11.788620 -19.822945 497.323409 2969.171041 -0.482041 0.804689 -0.346573 -0.536322 0.041785 0.842978 -0.692817 -0.592225 -0.411430
-3.600633 -16.422989 2575.099086 2750.354916 -0.676721 0.712796 0.184310 -0.178523 -0.401735 0.898186 -0.714267 -0.574918 -0.399113
-3.069736 -23.740790 2081.881800 2506.170049 -0.680800 0.705929 0.195384 -0.218557 -0.450374 0.865676 -0.699102 -0.546651 -0.460901
-10.488399 -28.836773 2737.445901 2075.232906 -0.648408 0.757991 0.070827 -0.354223 -0.382741 0.853250 -0.673864 -0.528165 -0.516671
-19.195076 -27.225490 -2523.686486 945.376668 0.598413 -0.542998 0.589114 0.687052 -0.030457 -0.725969 0.412143 0.839182 0.354842
-15.491909 -26.006458 -2797.307677 -586.021901 0.313012 -0.490687 0.813173 0.818337 -0.295204 -0.493132 0.482025 0.819806 0.309145
-9.655110 -24.848064 -2685.323960 -461.272432 0.356165 -0.486604 0.797724 0.831421 -0.224612 -0.508221 0.426481 0.844255 0.324573
-3.263346 -23.449850 -3256.193985 -21.987581 0.360006 -0.460394 0.811439 0.852220 -0.191629 -0.486826 0.379627 0.866785 0.323369
-12.924731 -26.043335 -2985.733648 616.961145 0.513125 -0.502408 0.695909 0.783534 -0.056806 -0.618746 0.350395 0.862762 0.364506
0.084598 -23.990345 -3205.224251 -490.253091 0.302568 -0.438083 0.846484 0.846037 -0.285562 -0.450196 0.438947 0.852372 0.284232
-0.346367 -51.618860 -351.774414 2076.570787 -0.020784 0.482710 -0.875534 0.703333 0.629445 0.330337 0.710557 -0.608926 -0.352588
1.957507 -51.800378 -301.194497 6089.370511 -0.020700 0.480603 -0.876694 0.748346 0.588932 0.305183 0.662985 -0.649753 -0.371849
-1.321709 -51.428239 -432.760190 5803.040859 -0.064480 0.442127 -0.894632 0.732975 0.629351 0.258196 0.677193 -0.639094 -0.364649
5.064090 -68.307112 -249.291484 1234.147635 0.209346 -0.540496 0.814886 -0.307186 0.754811 0.579566 -0.928338 -0.371651 -0.008016
4.713566 -69.420393 -555.542665 -218.712076 0.186481 -0.524378 0.830814 -0.464760 0.697958 0.544842 -0.865577 -0.487732 -0.113554
3.934752 -72.824565 -496.684574 1717.660436 0.190662 -0.541306 0.818924 -0.335475 0.748071 0.572578 -0.922553 -0.383897 -0.038966
4.260644 -68.286608 -282.002169 1733.106709 0.210264 -0.567847 0.795826 -0.145928 0.786675 0.599873 -0.966692 -0.242265 0.082545
1.137087 -135.032211 318.455469 5570.923850 0.345457 -0.584316 0.734325 0.516467 0.771716 0.371101 -0.783531 0.251055 0.568375
-0.024492 -128.081222 1319.183409 -2903.569661 0.364972 -0.566752 0.738639 0.285969 0.823257 0.490377 -0.886012 0.032254 0.462539
1.679912 -140.565134 430.658082 -10040.523328 0.349225 -0.557671 0.753024 0.103271 0.821631 0.560587 -0.931331 -0.118006 0.344525
2.338292 -138.555966 -505.975816 -4331.478295 0.317213 -0.570010 0.757934 0.249667 0.821211 0.513107 -0.914900 0.026467 0.402811
2.575752 -141.394925 -402.595520 -7265.801985 0.318987 -0.550985 0.771144 -0.044256 0.804102 0.592841 -0.946725 -0.223237 0.232113
3.204390 -145.540061 338.253652 -12876.968640 0.332196 -0.530445 0.779919 -0.223694 0.758979 0.611483 -0.916301 -0.377595 0.133473
1.262861 -138.146591 1583.649812 -9437.794133 0.364317 -0.524709 0.769385 -0.168058 0.775557 0.608497 -0.915986 -0.350987 0.194367
49.834878 -36.345514 -12319.549708 3962.340829 -0.507207 0.844726 -0.170817 0.641646 0.237814 -0.729202 0.575354 0.479460 0.662636
71.570369 -41.932675 11713.976459 2286.616177 0.548326 -0.784587 0.289415 0.738333 0.291689 -0.608097 0.392686 0.547120 0.739227
55.474678 -33.134071 2304.830452 3250.188747 0.600905 -0.701106 0.383879 0.685442 0.204921 -0.698696 0.411195 0.682977 0.603706
39.892260 -45.426307 -17976.727833 4928.147690 -0.476336 0.874622 -0.090229 0.681383 0.302329 -0.666569 0.555717 0.378991 0.739962
51.087789 -29.062689 5432.887051 1086.977324 0.574837 -0.766995 0.285099 0.635818 0.199361 -0.745648 0.515070 0.609897 0.602269
35.133973 -28.535132 -10039.995654 1764.441520 -0.522455 0.840160 -0.145507 0.581392 0.226183 -0.781553 0.623719 0.492922 0.606632
15.623672 -32.238059 -9641.683308 3109.938427 -0.450985 0.880314 -0.147172 0.601809 0.178153 -0.778516 0.659119 0.439669 0.610126
16.571441 -38.732464 -12548.976011 4043.267793 -0.472956 0.875722 -0.097075 0.631941 0.260377 -0.729969 0.613974 0.406589 0.676551
-1.494746 -80.956782 1617.741741 6183.902527 0.275715 -0.648462 0.709562 0.894046 0.444140 0.058496 -0.353077 0.618252 0.702211
-1.219005 -87.617987 639.956433 7428.831068 0.292970 -0.621217 0.726814 0.887929 0.458711 0.034153 -0.354615 0.635353 0.685985
-0.031962 -71.158717 -20.077566 2770.594660 0.219325 -0.647568 0.729762 0.958929 0.280969 -0.038876 -0.179865 0.708316 0.682595
-2.435527 -74.482944 -222.436461 5696.476563 0.233642 -0.642870 0.729472 0.918385 0.392311 0.051588 -0.319344 0.657883 0.682063
2.667944 -54.946867 -1009.777567 1014.979466 -0.168788 0.456603 -0.873513 0.895346 -0.299547 -0.329586 -0.412148 -0.837726 -0.358258
1.186731 -55.987601 -651.402514 799.847046 -0.173630 0.465630 -0.867779 0.870041 -0.340304 -0.356682 -0.461390 -0.816934 -0.346030
0.412337 -56.441072 -841.380261 -1213.806376 -0.191733 0.465325 -0.864125 0.923735 -0.211911 -0.319072 -0.331590 -0.859399 -0.389207
1178.072641 -44.966869 309476.771910 -7341.954809 0.940894 -0.250171 -0.228325 -0.321821 -0.870487 -0.372402 0.105590 -0.423870 0.899547
4610.839359 -392.912610 -1527006.703169 137473.229696 0.752096 -0.639579 -0.159029 -0.655649 -0.701606 -0.279059 -0.066905 -0.314146 0.947014
666.688548 -56.532898 180456.049177 5039.068479 0.442606 0.008410 -0.896677 0.457404 0.857967 0.233825 0.771285 -0.513636 0.375895
426.130897 -38.394531 123950.659354 3670.287695 0.452822 0.106471 -0.885221 0.497163 0.794013 0.349817 0.740123 -0.598504 0.306613
463.647118 -30.114238 117259.233018 -2734.827032 0.685086 0.155963 -0.711571 0.367665 0.769240 0.522583 0.628872 -0.619634 0.469653
15.521367 -132.582999 877.863432 -17512.090900 0.987992 0.098290 0.119208 -0.072263 -0.387994 0.918825 -0.136564 0.916406 0.376232
7.981045 -162.316849 1281.227665 -17004.708781 0.987466 0.073538 0.139653 -0.056462 -0.661676 0.747661 -0.147387 0.746175 0.649230
8.427465 -153.227911 -50.320819 -16224.995310 0.985348 0.121944 0.119244 -0.013338 -0.641911 0.766663 -0.170034 0.757021 0.630879
13.703707 -120.470506 -215.768936 -12805.090111 0.980345 0.179889 0.081019 0.010878 -0.459317 0.888206 -0.196992 0.869867 0.452245
-27.056213 -36.676170 -2567.769993 -56.993877 -0.179343 0.775879 -0.604854 -0.824565 -0.453894 -0.337746 0.536590 -0.438169 -0.721165
-27.050879 -37.912195 -1046.323064 270.703374 -0.071469 0.845295 -0.529498 0.910844 0.271663 0.310744 0.406516 -0.460081 -0.789348
-30.184764 -38.059777 -430.233423 139.851911 -0.241033 0.805148 -0.541886 -0.835628 -0.456137 -0.306049 0.493588 -0.379047 -0.782748
-28.714817 -38.154955 -1581.382257 531.626666 -0.372485 0.672192 -0.639854 -0.688323 -0.662559 -0.295344 0.622469 -0.330415 -0.709478
-23.893985 -36.637230 -3001.141250 -557.565746 -0.319694 0.635310 -0.702977 0.692235 0.663203 0.284556 0.646998 -0.395655 -0.651806
9.547688 -516.950759 -97.117426 -83556.720934 0.842213 0.536528 0.053067 0.448850 -0.643227 -0.620316 0.298682 -0.546257 0.782555
41.652488 -1259.963711 5143.502127 -427793.578883 0.869887 0.493115 -0.011636 0.483938 -0.857786 -0.173228 0.095402 -0.145057 0.984813
1.313365 -307.408508 434.825171 -37394.078590 0.833560 0.552321 0.010876 0.549195 -0.826393 -0.124337 0.059686 -0.109616 0.992180
2.679300 -332.653544 -292.007435 -56599.311039 0.854987 0.518599 -0.007281 0.518649 -0.854872 0.014008 -0.001041 0.015753 0.999875
7.644631 -565.140305 -648.407091 -132769.747485 0.847633 0.530110 -0.022411 0.451207 -0.742405 -0.495224 0.279161 -0.409656 0.868476
-1709.742624 -16656.541005 -454159.350063 10195186.208557 0.786786 0.493940 0.370122 -0.357610 0.853550 -0.378903 -0.503073 0.165756 0.848199
-2535.489384 -16601.689766 -754188.631958 14169932.480666 0.769956 0.565418 0.295755 0.431656 -0.120181 -0.893996 0.469938 -0.816002 0.336600
-299.120405 -11337.614211 -45688.689390 -4005799.039918 0.940018 0.341123 -0.001388 0.326753 -0.899234 0.290879 -0.097978 0.273884 0.956759
-321.541013 -33795.527045 -86359.267190 5816317.124189 0.848155 0.260766 0.461123 -0.476806 -0.003539 0.879001 -0.230846 0.965395 -0.121333
-9.364897 -30.918455 -396.612317 556.390543 -0.004385 0.692593 -0.721315 0.964763 0.192700 0.179162 0.263084 -0.695112 -0.669033
-10.432353 -32.939311 37.109441 514.886896 0.072946 0.733179 -0.676112 0.966775 0.114551 0.228526 0.245000 -0.670318 -0.700463
-8.495699 -30.281674 -561.404072 206.679892 -0.024066 0.699262 -0.714460 0.946189 0.246636 0.209518 0.322720 -0.670972 -0.667569
-6.772184 -28.703748 -1068.827826 266.618537 -0.123497 0.634849 -0.762702 0.933357 0.335349 0.128005 0.337035 -0.696066 -0.633956
-9.037797 -29.767362 -466.156640 362.797405 -0.104413 0.644626 -0.757335 0.963202 0.255180 0.084407 0.247667 -0.720653 -0.647549
-4.976379 -24.819554 -529.114590 55.863081 -0.495287 0.851424 -0.172532 0.111049 -0.134922 -0.984614 0.861603 0.506826 0.027725
-4.937364 -26.643898 -743.539354 -413.404630 -0.473745 0.827219 -0.302118 0.140218 -0.267830 -0.953208 0.869428 0.493940 -0.010892
-6.804717 -25.746699 -236.523654 -194.619897 -0.487170 0.822706 -0.292949 0.103644 -0.278610 -0.954795 0.867135 0.495511 -0.050462
16.524106 -271.960468 1579.779507 -51466.346744 0.291816 -0.307353 0.905747 0.811458 0.580860 -0.064330 -0.506340 0.753748 0.418908
21.812375 -327.899827 -2182.599648 -45637.813169 0.251607 -0.305619 0.918309 0.951657 0.250855 -0.177258 -0.176189 0.918514 0.353962
19.292015 -307.005899 1597.742420 -64375.609579 0.221596 -0.353367 0.908860 0.794772 0.605478 0.041632 -0.565007 0.713111 0.415018
4.159444 -162.504691 1182.114226 -28248.312989 0.279290 -0.317900 0.906056 0.598613 0.795437 0.094567 -0.750773 0.515965 0.412456
11.629851 -298.650567 -1734.766856 -56932.537941 0.305333 -0.218226 0.926903 0.700488 0.710844 -0.063391 -0.645049 0.668640 0.369909
-48.040989 -56.295621 1396.031469 -34.021724 -0.342461 0.748307 0.568117 -0.470791 -0.659965 0.585492 -0.813066 0.066956 -0.578309
-43.951088 -52.417737 2223.848904 -172.286979 -0.050172 0.898845 0.435384 -0.621794 -0.369254 0.690669 -0.781572 0.236068 -0.577423
-48.212079 -57.666076 2121.746183 1583.537214 -0.153295 0.930951 0.331407 -0.676474 -0.343332 0.651541 -0.720336 0.124311 -0.682395
-51.220962 -59.969367 998.689375 2380.019763 -0.410643 0.823082 0.392310 -0.530777 -0.565632 0.631139 -0.741383 -0.050944 -0.669146
-50.379100 -62.659153 1262.865256 1909.478436 -0.216113 0.954761 0.204272 -0.754834 -0.296081 0.585288 -0.619291 0.027703 -0.784673
-46.583537 -60.608638 2859.822925 2098.973509 0.026676 0.974253 0.223873 -0.789973 -0.116689 0.601936 -0.612561 0.192911 -0.766521
-27.636234 -49.477884 -15045.255440 -2642.582284 -0.566874 0.823126 -0.033441 0.694656 0.455788 -0.556516 0.442841 0.338705 0.830163
23.166245 -43.092994 -22019.368439 366.197834 -0.385404 0.916970 -0.103104 0.767828 0.256721 -0.586971 0.511766 0.305387 0.803016
-31.752854 -57.389895 -9972.256047 -5951.803283 -0.745422 0.645250 0.167329 0.402386 0.635691 -0.658774 0.531443 0.423734 0.733497
-3.948527 -42.717578 -855.494570 -2366.523670 -0.665058 -0.223481 0.712569 -0.350507 0.935957 -0.033596 -0.659426 -0.272104 -0.700797
1.917743 -51.519028 -2177.459753 -4514.175639 -0.626677 -0.370664 0.685481 -0.368826 0.915954 0.158103 -0.686472 -0.153743 -0.710718
-0.786426 -42.124099 -1062.467911 -4321.554532 -0.625057 -0.365658 0.689636 -0.422129 0.901503 0.095393 -0.656590 -0.231489 -0.717846
9.706655 -59.092992 -3780.293998 -7124.647744 -0.572000 -0.484489 0.661881 -0.391374 0.870350 0.298860 -0.720862 -0.088095 -0.687457
-4.284035 -33.688593 -101.265902 -1875.342213 -0.704559 -0.144454 0.694787 -0.342082 0.926936 -0.154174 -0.621752 -0.346299 -0.702497
5.980830 -39.116316 -2490.609087 -4884.787211 -0.489685 -0.585735 0.645850 -0.553906 0.781044 0.288373 -0.673347 -0.216528 -0.706908
-4.853633 -27.038300 849.126135 -2891.383589 -0.632540 -0.330770 0.700346 -0.458961 0.888442 0.005082 -0.623898 -0.318217 -0.713785
-7.588161 -46.160063 2232.252598 1489.033899 0.562536 0.425858 0.708659 -0.501976 0.856995 -0.116528 -0.656942 -0.290179 0.695862
-6.950028 -47.938572 1324.484656 139.681880 0.536714 0.436629 0.722007 -0.631032 0.775757 -0.000047 -0.560122 -0.455584 0.691886
-2.443948 -46.467424 1230.678948 1321.188800 0.556392 0.428926 0.711653 -0.597893 0.801424 -0.015582 -0.577019 -0.416823 0.702359
-9.961744 -44.660785 1137.408047 1007.049202 0.520361 0.435534 0.734530 -0.564277 0.820984 -0.087048 -0.640949 -0.369182 0.672970
-2.604826 -44.952589 1678.040404 1783.442023 0.556469 0.444856 0.701744 -0.500972 0.853440 -0.143760 -0.662849 -0.271556 0.697774
-10.934089 -45.949987 1684.184054 3687.647672 0.538513 0.409871 0.736213 -0.428408 0.885548 -0.179645 -0.725583 -0.218658 0.652470
-8.627442 -50.028703 1148.043653 -1724.349395 0.545353 0.384352 0.744892 -0.390891 0.902741 -0.179619 -0.741481 -0.193216 0.642552
-3.956885 -48.377338 1574.673812 -897.256476 0.550377 0.430760 0.715214 -0.439502 0.877812 -0.190481 -0.709875 -0.209502 0.672448
4.426990 -43.163306 -111.520440 447.407449 0.514983 0.260627 0.816619 0.030780 0.946421 -0.321465 -0.856647 0.190684 0.479369
4.889856 -45.088412 236.523934 1167.455027 0.524791 0.271891 0.806641 -0.019181 0.951153 -0.308122 -0.851015 0.146227 0.504372
5.564466 -46.633680 -88.005125 1610.731717 0.512967 0.259665 0.818192 -0.049837 0.960552 -0.273600 -0.856960 0.099572 0.505673
4.603883 -46.583078 -453.565746 1280.956737 0.485672 0.252983 0.836733 0.003707 0.956602 -0.291376 -0.874133 0.144615 0.463657
0.826558 -100.986801 -158.319328 11032.531475 -0.461811 0.851055 0.249874 0.758449 0.524959 -0.386230 0.459876 -0.011151 0.887913
-0.127313 -113.605050 79.463194 13086.246226 -0.497559 0.828824 0.255901 0.806928 0.550502 -0.214045 0.318280 -0.099994 0.942708
0.698024 -119.019466 33.844664 9312.463857 -0.496071 0.830267 0.254107 0.843688 0.530076 -0.084906 0.205191 -0.172267 0.963442
2.061834 -115.722894 -826.324994 11230.687159 -0.480736 0.834863 0.268135 0.809717 0.540016 -0.229656 0.336528 -0.106710 0.935608
1.723979 -130.213420 1121.537300 4683.881721 0.512597 -0.810789 -0.282605 0.856600 0.505510 0.103426 0.059003 -0.295096 0.953644
2.976322 -104.759784 -346.018785 -8657.324757 -0.342278 0.928936 0.141150 0.393291 0.278073 -0.876355 0.853328 0.244444 0.460520
2.212139 -119.894614 -618.875973 -5260.591558 -0.327036 0.938425 0.111384 0.096021 0.150254 -0.983973 0.940121 0.311099 0.139247
2.322285 -107.746925 -202.941517 -9718.894543 -0.333022 0.933714 0.131431 0.292305 0.234749 -0.927066 0.896468 0.270315 0.351106
2.117990 -89.193796 -66.450752 -9514.848781 -0.341889 0.927322 0.152269 0.513263 0.319994 -0.796345 0.787193 0.194107 0.585362
-1.281791 -107.051028 -1518.705595 -8966.077567 -0.300667 0.943834 0.137030 0.258543 0.218959 -0.940857 0.918017 0.247457 0.309856
-0.049650 -89.495830 -730.244407 -8232.276254 -0.330172 0.931993 0.149583 0.482550 0.302855 -0.821842 0.811253 0.199168 0.549728
-5.027524 -56.242963 4699.147932 -3498.354833 0.708766 -0.421817 -0.565440 0.430487 -0.376374 0.820380 0.558867 0.824871 0.085175
0.373182 -47.743129 4158.486474 -4032.670690 0.686803 -0.400289 -0.606689 0.521806 -0.309522 0.794931 0.505985 0.862534 0.003707
-8.891023 -45.850134 3618.941919 -4657.247833 0.661919 -0.361342 -0.656730 0.602986 -0.263773 0.752882 0.445276 0.894347 -0.043288
9.001964 -49.707832 4636.703111 -2251.396094 0.720761 -0.435047 -0.539665 0.413185 -0.355475 0.838401 0.556581 0.827268 0.076458
-20.085185 -59.938328 4614.290055 -5747.844119 0.682766 -0.354159 -0.639064 0.545146 -0.335427 0.768313 0.486464 0.872961 0.035950
-18.592913 -67.270168 5127.758109 -3290.057684 0.718254 -0.398524 -0.570342 0.389875 -0.448417 0.804313 0.576289 0.800063 0.166703
-5.848499 -62.346438 5153.068249 -959.525808 0.720411 -0.463643 -0.515794 0.271910 -0.495349 0.825042 0.638023 0.734619 0.230785
6.492562 -54.914007 5184.851878 -630.783070 0.728192 -0.469268 -0.499524 0.287713 -0.452205 0.844234 0.622060 0.758484 0.194278
-1.672615 -54.635452 -196.213388 153.259414 -0.304090 -0.147675 -0.941128 -0.658486 0.746493 0.095630 0.688423 0.648799 -0.324242
-2.607489 -55.807494 332.923144 1235.695998 0.317831 0.131725 0.938952 0.735300 -0.659453 -0.156382 0.598596 0.740115 -0.306452
-3.319619 -56.508745 -0.181040 1313.708453 0.318992 0.122147 0.939853 0.707815 -0.690171 -0.150539 0.630272 0.713263 -0.306616
-1.665841 -53.489623 -188.034964 -51.590156 0.300272 0.170790 0.938439 0.684754 -0.723511 -0.087426 0.664039 0.668852 -0.334199
-2.593839 -47.060818 867.535196 -749.343044 -0.335507 -0.447756 -0.828824 0.941992 -0.168119 -0.290494 -0.009271 -0.878209 0.478188
-1.256188 -46.954027 497.058807 -249.339543 -0.369466 -0.448531 -0.813827 0.923742 -0.272448 -0.269209 -0.100977 -0.851230 0.514987
1.390297 -44.254298 1495.091058 -297.452861 -0.413405 -0.415864 -0.810033 0.904553 -0.289473 -0.313031 -0.104304 -0.862127 0.495840
-6.435051 -41.554485 -2258.062696 1243.506600 0.018557 -0.521894 -0.852809 0.981377 0.172616 -0.084281 0.191194 -0.835363 0.515378
3.552632 -35.857405 -3083.217599 1165.888292 -0.163628 -0.544837 -0.822423 0.954910 0.121875 -0.270726 0.247734 -0.829638 0.500328
-1.950376 -37.822922 -2175.347525 2633.105373 -0.123931 -0.524580 -0.842292 0.978039 0.078772 -0.192964 0.167574 -0.847709 0.503298
17.510748 -179.967679 1133.755987 4727.137528 0.115909 0.591846 0.797674 0.913772 0.251256 -0.319202 -0.389339 0.765891 -0.511690
32.658700 -177.074788 3476.811563 12734.618940 0.088570 0.550953 0.829823 0.993450 0.011526 -0.113687 -0.072201 0.834457 -0.546323
19.195532 -173.990084 1951.375765 5324.845620 0.045836 0.542075 0.839079 0.919081 0.306217 -0.248034 -0.391394 0.782551 -0.484175
12.036395 -201.877685 809.884913 11206.070437 0.208619 0.626870 0.750674 0.949175 0.055192 -0.309873 -0.235681 0.777166 -0.583495
-0.551197 -167.800289 -1843.782740 7016.514872 0.109701 0.601153 0.791569 -0.719488 -0.501433 0.480523 -0.685786 0.622238 -0.377514
-2.197385 -202.529476 -1621.850506 2684.154609 0.219026 0.626761 0.747796 0.823440 0.292403 -0.486258 -0.523425 0.722268 -0.452056
-19.024189 -39.720000 -803.227441 -524.831270 -0.122147 -0.567728 0.814104 -0.013660 0.821130 0.570578 -0.992418 0.058573 -0.108053
-19.500227 -41.106276 -289.387344 -695.822926 -0.084717 -0.540462 0.837093 0.083260 0.833335 0.546462 -0.992920 0.115991 -0.025599
-15.522339 -41.426498 -2848.060740 -454.228148 -0.172525 -0.562146 0.808843 0.085425 0.809523 0.580840 -0.981294 0.169304 -0.091641
1.037687 -276.388504 911.141843 4722.091966 0.738520 0.596648 0.314003 -0.227287 0.658772 -0.717189 -0.634766 0.458290 0.622127
-0.924012 -328.904941 2638.065970 -37287.785481 0.757467 0.583515 0.292837 0.091969 -0.539431 0.836992 -0.646363 0.607062 0.462266
3.643112 -256.812756 -87.776886 3436.978532 0.733748 0.581527 0.351339 -0.038953 -0.480258 0.876262 -0.678304 0.656641 0.329736
1.971137 -271.348440 600.739598 363.830863 0.747978 0.555793 0.362799 -0.019872 -0.527614 0.849252 -0.663426 0.642431 0.383599
-0.740368 -282.004351 615.681222 -2303.857173 0.741995 0.577295 0.340842 -0.267861 0.721357 -0.638666 -0.614568 0.382589 0.689878
-14.142392 -41.838304 181.570866 -1342.417401 0.104788 -0.413729 -0.904349 0.908398 -0.330291 0.256362 -0.404763 -0.848373 0.341220
-15.463039 -41.279548 84.990720 -255.305912 0.171059 -0.370133 -0.913094 0.942060 -0.209972 0.261600 -0.288551 -0.904938 0.312770
-14.432555 -42.821055 677.688734 -592.499507 0.139865 -0.399649 -0.905935 0.951933 -0.197531 0.234106 -0.272510 -0.895133 0.352811
17.471292 -209.286817 -254.315046 21633.999136 -0.501445 0.864759 -0.027291 0.020503 -0.019658 -0.999597 0.864946 0.501803 0.007873
19.857428 -194.274048 -2858.544873 -9466.313686 -0.398593 0.916560 -0.032272 -0.242799 -0.139390 -0.960010 0.884405 0.374817 -0.278100
13.811167 -193.523251 -2856.497022 13042.088848 -0.384882 0.921933 -0.043651 -0.025664 -0.057966 -0.997989 0.922609 0.382988 -0.045970
13.627436 -223.336492 -1971.784273 30292.850960 -0.431692 0.901664 0.025381 0.287962 0.164426 -0.943420 0.854821 0.399958 0.330626
9.636490 -177.631074 -2364.147936 2385.695944 -0.375345 0.926590 -0.023388 0.069772 0.003085 -0.997558 0.924255 0.376060 0.065808
-47.244957 -445.983469 4135.774419 -103440.761517 -0.600316 0.499517 -0.624583 0.355669 0.866228 0.350925 0.716324 -0.011479 -0.697673
-37.347145 -710.943236 1455.689883 -204501.603743 -0.508073 0.511932 -0.692667 0.202047 0.852597 0.481929 0.837280 0.104904 -0.536616
-46.560518 -534.988023 8127.509376 -135079.777065 -0.604449 0.259420 -0.753221 0.479444 0.873554 -0.083883 0.636218 -0.411831 -0.652397
-46.555297 -211.777034 -1505.466709 -51039.076875 -0.615031 0.389068 -0.685830 0.575050 0.816430 -0.052531 0.539494 -0.426695 -0.725864
-52.290118 -89.587774 -9326.123643 -3288.695529 -0.430770 0.891034 0.143161 0.863788 0.453030 -0.220531 0.261357 -0.028663 0.964816
-59.014555 -86.204565 8485.092474 -4071.800758 0.502759 -0.861602 -0.069819 0.863204 0.504702 -0.012442 0.045958 -0.054012 0.997482
-35.497864 -82.585754 6966.110968 -1166.897504 0.367502 -0.915060 -0.166157 0.923503 0.380172 -0.051106 0.109933 -0.134665 0.984774
-49.559094 -72.251925 1010.516407 3019.464999 -0.532137 0.564507 -0.631001 0.420755 -0.470416 -0.775676 0.734708 0.678263 -0.012807
-43.665887 -66.004454 -1056.373873 2621.768059 0.441077 -0.281368 0.852223 0.573478 -0.642068 -0.508794 0.690344 0.713148 -0.121843
-37.176668 -58.117991 140.184170 -3011.003806 -0.348252 0.040083 -0.936543 -0.573651 0.781054 0.246740 0.741381 0.623176 -0.249010
-51.160656 -69.140778 99.375069 -455.654280 0.476844 -0.181291 0.860089 0.836146 -0.208204 -0.507455 0.271071 0.961137 0.052305
-51.353829 -71.114500 -1373.130579 -130.570275 0.531603 -0.314041 0.786623 0.734158 -0.292300 -0.612840 0.422387 0.903293 0.075169
-49.174917 -70.110497 -30.969943 237.928869 0.433114 -0.099068 0.895879 0.828274 -0.348271 -0.438942 0.355493 0.932144 -0.068786
-50.136901 -70.957175 324.483570 431.197732 0.395287 -0.021908 0.918296 0.905214 -0.160493 -0.393485 0.156001 0.986794 -0.043609
-46.073902 -67.864043 566.110285 437.266690 0.378517 0.006227 0.925574 0.810638 -0.484889 -0.328251 0.446757 0.874553 -0.188587
-48.533420 -69.664061 737.680064 578.796539 0.348505 0.076633 0.934169 0.899281 -0.308337 -0.310195 0.264268 0.948185 -0.176371
54.108546 -23.641726 -6679.897510 1144.159823 0.891932 -0.449333 0.050565 0.170479 0.437748 0.882787 0.418800 0.778766 -0.467043
67.435133 -32.531853 -3824.891464 2925.938065 0.803502 -0.588706 0.088367 0.215171 0.425613 0.878951 0.555054 0.687225 -0.468654
-12.174825 -26.691693 -1587.361450 3671.342977 -0.164848 0.660246 -0.732735 -0.737971 0.410323 0.535756 -0.654389 -0.629055 -0.419601
-8.136943 -14.472392 -860.580511 4077.550862 -0.300461 0.732476 -0.610903 -0.639527 0.320472 0.698786 -0.707622 -0.600647 -0.372149
-4.269403 -11.783614 2757.023954 2715.951659 -0.661735 0.742852 0.101377 -0.215069 -0.317614 0.923508 -0.718229 -0.589314 -0.369941
-22.873569 -28.130166 -1835.047880 1175.374912 0.586046 -0.605588 0.538343 0.644418 -0.054417 -0.762735 0.491198 0.793916 0.358361
-19.787395 -27.023977 -2940.652668 -253.327080 0.307075 -0.518476 0.798052 0.777734 -0.346576 -0.524419 0.548484 0.781708 0.296812
3.019413 -51.981891 -539.704449 3079.203777 0.003612 0.504964 -0.863133 0.712951 0.603940 0.356310 0.701204 -0.616659 -0.357833
4.524676 -52.987807 -616.898747 1782.671312 0.003506 0.500733 -0.865595 0.817757 0.496767 0.290684 0.575554 -0.708865 -0.407736
4.309846 -71.696198 -496.895174 -437.801482 0.179275 -0.519711 0.835321 -0.508950 0.677634 0.530832 -0.841921 -0.520301 -0.143024
4.767794 -67.563891 -262.714443 -1715.430739 0.171394 -0.506104 0.845271 -0.615207 0.615149 0.493064 -0.769509 -0.604525 -0.205926
0.546175 -120.897979 369.997688 1690.423722 0.341758 -0.582217 0.737716 0.519924 0.771043 0.367656 -0.782867 0.257907 0.566219
-1.812391 -91.810252 64.057642 -6907.148627 0.212560 -0.666707 0.714367 0.906191 -0.139006 -0.399369 0.365563 0.732243 0.574616
-1.615571 -93.128998 75.825696 -5710.163308 0.235641 -0.682256 0.692098 0.870493 -0.168468 -0.462451 0.432106 0.711439 0.554201
0.403163 -80.039881 -323.553164 -6477.419207 0.240798 -0.672127 0.700187 0.947986 0.008135 -0.318208 0.208181 0.740391 0.639125
55.988729 -38.266361 -8316.094851 2561.314615 0.646454 -0.531175 0.547677 0.731596 0.227888 -0.642522 0.216483 0.816039 0.535925
70.824839 -45.098738 -6698.154773 339.218692 0.624043 -0.548978 0.556052 0.776072 0.352569 -0.522883 0.091005 0.757838 0.646065
58.032322 -44.314882 -22510.115422 1309.342914 -0.505101 0.860464 -0.066894 0.737612 0.390142 -0.551106 0.448109 0.327705 0.831750
-0.053077 -90.192193 -157.705240 9957.913924 0.289261 -0.615371 0.733244 0.896019 0.443617 0.018829 -0.336866 0.651553 0.679705
-2.364062 -107.239340 -408.315259 7781.841085 0.303445 -0.589737 0.748420 0.758710 0.624713 0.184643 -0.576438 0.511804 0.637005
-0.388409 -98.977530 -58.124015 7927.295527 0.302089 -0.612744 0.730265 0.848605 0.521852 0.086828 -0.434294 0.593477 0.677623
-2.217338 -109.204803 -1027.738739 4791.786177 0.297450 -0.593769 0.747638 0.687951 0.676276 0.263391 -0.662003 0.435992 0.609642
-3.063871 -110.467365 1921.430623 4045.223122 0.340317 -0.603705 0.720919 0.575848 0.739903 0.347768 -0.743360 0.296788 0.599444
-3.057297 -116.074843 438.144892 545.445675 0.331299 -0.583180 0.741716 0.476366 0.781948 0.402036 -0.814442 0.220134 0.536866
0.377411 -65.236016 -150.098657 -2536.824822 -0.174208 0.486281 -0.856261 0.983794 0.048466 -0.172630 -0.042448 -0.872457 -0.486843
2.196827 -61.992021 -303.118950 -4601.589111 -0.174663 0.478401 -0.860596 0.966854 -0.081992 -0.241808 -0.186243 -0.874305 -0.448223
0.054282 -61.814090 -774.182935 -3210.624088 -0.190008 0.470198 -0.861865 0.962349 -0.084599 -0.258315 -0.194372 -0.878497 -0.436420
52.109277 -42.545836 -25190.777248 1560.369241 0.622648 -0.344481 0.702597 0.782460 0.264764 -0.563610 0.008131 0.900685 0.434397
76.767683 -47.829586 -29208.926621 342.896937 0.612457 -0.342258 0.712570 0.784149 0.377112 -0.492846 -0.100038 0.860608 0.499345
18.775849 -45.247015 -19942.521584 763.756695 0.535062 -0.341212 0.772841 0.841544 0.295661 -0.452092 -0.074240 0.892277 0.445342
17.962619 -38.844704 -17062.139771 1916.967696 0.543440 -0.361004 0.757858 0.835485 0.144984 -0.530041 0.081470 0.921225 0.380404
41.158590 -35.117668 -16350.694660 2600.335708 0.633554 -0.375001 0.676745 0.755267 0.109976 -0.646124 0.167872 0.920478 0.352902
12.260242 -131.084081 3484.009289 -13939.486841 0.991340 -0.005294 0.131213 -0.121574 -0.414742 0.901781 -0.049645 0.909924 0.411794
-27.307476 -38.286912 1392.154762 -133.182884 -0.214894 0.848988 -0.482743 0.908182 0.355510 0.220947 0.359201 -0.390938 -0.847433
-26.725938 -38.017844 -131.391554 -135.567116 -0.040051 0.867546 -0.495742 0.959612 0.171664 0.222884 0.278463 -0.466793 -0.839383
24.460054 -469.664991 7693.478728 -44040.250578 0.857719 0.514118 -0.000562 0.513397 -0.856458 0.053889 -0.027224 0.046510 0.998547
18.397487 -441.825060 5235.291639 -42367.773295 0.826200 0.563256 -0.011644 0.503218 -0.747112 -0.434275 0.253308 -0.352938 0.900705
52.575378 -972.377553 8107.069068 -288718.079157 0.881341 0.472326 0.012095 0.455919 -0.843449 -0.284134 0.124002 -0.255933 0.958708
-1910.979665 -55062.757637 406878.326076 26168916.802703 -0.705569 -0.489335 -0.512565 -0.428710 0.870682 -0.241082 0.564251 0.049642 -0.824110
-563.017579 -11267.622003 -204721.596684 -924646.499213 0.246114 0.964198 -0.098740 0.531997 -0.219541 -0.817790 0.810189 -0.148740 0.566983
-10.632897 -32.790480 -347.326891 405.283464 0.057859 0.740545 -0.669511 0.953540 0.157617 0.256745 0.295657 -0.653261 -0.697020
-12.122629 -35.340326 37.984815 314.531266 0.132464 0.757851 -0.638839 0.976414 0.011096 0.215623 0.170499 -0.652333 -0.738506
-9.894889 -124.869824 -5380.599256 -27962.654993 0.243826 -0.784381 0.570347 0.969814 0.195322 -0.145980 0.003103 0.588724 0.808328
-21.746937 -73.653350 -2237.777640 -10787.272317 0.306948 -0.768527 0.561382 0.944128 0.320271 -0.077774 -0.120023 0.553889 0.823894
-41.823795 -110.467275 -12470.588606 -19690.784090 0.352503 -0.749855 0.559874 0.931970 0.335442 -0.137513 -0.084690 0.570260 0.817087
6.512668 -34.491996 2304.774512 999.779928 0.090704 -0.570631 0.816182 0.835414 0.489709 0.249537 -0.542086 0.659215 0.521132
10.718967 -33.733638 712.154501 220.049499 0.010487 -0.567392 0.823381 0.816660 0.480022 0.320382 -0.577023 0.669063 0.468400
7.280457 -31.403245 1279.949136 1845.879164 0.081826 -0.548477 0.832152 0.875081 0.439158 0.203405 -0.477010 0.711557 0.515896
8.336122 -28.713392 -415.004713 1506.866513 0.016130 -0.542447 0.839935 0.876932 0.411238 0.248746 -0.480345 0.732553 0.482322
3.725202 -31.233044 2386.274364 2437.286243 0.142639 -0.547817 0.824349 0.897131 0.423378 0.126121 -0.418102 0.721559 0.551854
6.824713 -27.105717 589.152612 2447.554448 0.105517 -0.517561 0.849116 0.909093 0.396260 0.128561 -0.403008 0.758360 0.512323
-1.505859 -56.517202 -1698.506647 -3949.864424 -0.640870 -0.275546 0.716491 -0.295548 0.949976 0.100983 -0.708475 -0.147041 -0.690248
7.087566 -67.534492 -3750.713549 -7469.469855 -0.635957 -0.378638 0.672452 -0.270834 0.925445 0.264955 -0.722639 -0.013623 -0.691091
-10.061381 -47.623827 8.866470 -3688.027142 0.488325 0.415829 0.767219 -0.647805 0.761806 -0.000576 -0.584712 -0.496727 0.641384
-0.376332 -90.553417 -99.305562 10529.184485 -0.456227 0.854170 0.249499 0.727966 0.519506 -0.447413 0.511784 0.022495 0.858820
-1.549778 -91.174816 -972.097883 9459.975581 -0.454493 0.848938 0.269706 0.755324 0.527795 -0.388482 0.472147 -0.027153 0.881102
3.335658 -123.274418 466.246596 -7400.238593 -0.353130 0.928520 0.114668 0.132650 0.171017 -0.976298 0.926123 0.329550 0.183559
3.470384 -40.044089 3850.836875 -3288.492276 0.692069 -0.399231 -0.601378 0.549483 -0.248887 0.797574 0.468091 0.882423 -0.047124
-2.651950 -55.205821 -58.757285 1034.233653 0.322700 0.150085 0.934526 0.765573 -0.621971 -0.164471 0.556564 0.768522 -0.315611
-3.666049 -59.099675 695.927124 1871.692858 0.333678 0.116553 0.935454 0.823214 -0.519538 -0.228910 0.459323 0.846461 -0.269306
3.127915 -45.623130 1111.218016 -227.734211 -0.442059 -0.411939 -0.796800 0.865806 -0.428132 -0.259003 -0.234442 -0.804369 0.545919
-2.438105 -49.335324 242.112044 -77.368330 -0.339882 -0.466159 -0.816808 0.932959 -0.276658 -0.230322 -0.118610 -0.840331 0.528938
2.223580 -41.152863 -3830.718183 -1465.726445 -0.148226 -0.564070 -0.812314 0.950067 0.146849 -0.275334 0.274595 -0.812564 0.514137
10.479369 -37.286244 -3175.228347 -2988.023187 -0.224328 -0.546076 -0.807142 0.932122 0.121394 -0.341192 0.284299 -0.828894 0.481777
25.083800 -158.125679 6461.575879 10037.441120 -0.010509 0.456622 0.889599 0.997444 0.067670 -0.022951 -0.070679 0.887083 -0.456166
51.979495 -156.196145 8248.610352 17204.351196 0.028360 0.488200 0.872271 0.954739 -0.271708 0.121030 0.296090 0.829359 -0.473809
38.009071 -176.679874 -3209.785182 21107.905528 0.207867 0.662674 0.719482 0.962548 -0.269455 -0.029913 0.174045 0.698754 -0.693867
-16.512633 -42.130443 -1467.469606 -257.458952 -0.127041 -0.538150 0.833220 0.191519 0.810910 0.552942 -0.973232 0.229824 0.000047
-20.817041 -41.076957 1067.631296 -828.439617 -0.020636 -0.513419 0.857890 0.095982 0.853092 0.512856 -0.995169 0.092925 0.031675
-18.881828 -42.234981 421.536236 -397.285337 -0.052520 -0.528376 0.847384 0.202337 0.825324 0.527162 -0.977907 0.199144 0.063564
1.667456 -348.459851 -1784.593177 -7868.160609 0.708602 0.575523 0.408235 -0.110490 0.661923 -0.741384 -0.696903 0.480240 0.532630
-2.899090 -348.659612 -496.267005 -15746.997229 0.711585 0.606771 0.354226 0.115929 -0.598651 0.792576 -0.692970 0.522920 0.496333
9.166055 -409.924986 -304.295659 21976.531448 0.716912 0.604396 0.347479 -0.382822 0.757836 -0.528328 -0.582652 0.245742 0.774679
6.504661 -441.674968 3084.406157 6198.920342 0.747772 0.534303 0.394154 -0.272753 0.788441 -0.551332 -0.605345 0.304764 0.735306
23.648071 -145.352301 -584.412368 6754.998784 -0.479032 0.877583 -0.019388 -0.212851 -0.137557 -0.967353 0.851600 0.459267 -0.252689
25.236158 -162.621984 -2887.965604 -17470.149322 -0.432449 0.901649 0.004205 -0.409659 -0.192322 -0.891735 0.803223 0.387352 -0.452538
19.193638 -221.644040 -4048.327346 -20639.366208 -0.372538 0.925434 -0.069194 -0.552392 -0.281045 -0.784778 0.745707 0.254138 -0.615902
-70.982264 -97.495677 -5665.444152 -6260.262601 -0.639066 0.769093 -0.009525 0.746521 0.617234 -0.248453 0.185204 0.165889 0.968597
-40.547948 -78.212691 -2311.959053 3783.786491 -0.533477 0.708784 -0.461549 0.379210 -0.287340 -0.879565 0.756044 0.644252 0.115488
-26.418094 -82.902957 -5312.101356 11036.442243 -0.436869 0.766840 -0.470215 0.244146 -0.402031 -0.882476 0.865759 0.500327 0.011586
-55.941575 -69.556424 -2701.646603 -1488.537420 0.576323 -0.421885 0.699903 0.735479 -0.105595 -0.669268 0.356261 0.900479 0.249431
-55.953758 -70.503878 -1790.950943 290.485115 0.628539 -0.520527 0.577919 -0.583788 0.175250 0.792767 0.513937 0.835667 0.193726
-52.757410 -71.445786 -1186.611494 -594.159684 0.506681 -0.307634 0.805379 0.829912 -0.078966 -0.552278 0.233497 0.948222 0.215299
53.223600 -25.598099 -3541.541387 1108.203736 0.882340 -0.469546 -0.031666 0.265668 0.441426 0.857067 0.388454 0.764637 -0.514231
58.870015 -33.867403 -336.331819 2017.753786 0.828873 -0.558081 -0.038935 0.344515 0.454369 0.821497 0.440771 0.694331 -0.568881
65.088030 -44.542548 -100.746280 -3794.738648 -0.718235 0.694809 -0.037141 -0.365441 -0.422110 -0.829624 0.592108 0.582292 -0.557086
70.962579 -47.183570 2683.280049 -3806.942155 -0.665272 0.734398 -0.134431 -0.280648 -0.412842 -0.866486 0.691845 0.538721 -0.480760
-10.401895 -34.153093 -855.213058 -3401.516105 -0.059122 0.583695 -0.809818 0.793014 -0.465276 -0.393253 -0.606328 -0.665446 -0.435370
-8.001638 -22.802690 -1161.942949 4504.867985 -0.117456 0.610645 -0.783146 -0.723307 0.487753 0.488799 -0.680464 -0.623867 -0.384394
-15.504576 -35.700886 -1827.739186 -1925.517837 -0.062417 0.617639 -0.783981 0.837565 -0.394764 -0.377686 -0.542761 -0.680209 -0.492672
-24.612525 -27.088804 -992.754038 731.574506 0.553690 -0.675824 0.486507 0.590334 -0.093490 -0.801726 0.587310 0.731109 0.347198
-21.039993 -26.075677 -2077.498176 286.183640 0.292633 -0.553331 0.779866 0.725664 -0.402612 -0.557956 0.622717 0.729197 0.283715
0.814468 -47.750580 -966.906472 -1165.518193 0.000701 0.486282 -0.873802 0.669658 0.648718 0.361557 0.742669 -0.585402 -0.325188
2.562569 -76.155939 -355.326633 -959.364807 0.175745 -0.525026 0.832743 -0.513921 0.672559 0.532494 -0.839642 -0.521547 -0.151623
1.656912 -77.104069 -682.667416 2200.753804 0.182654 -0.558514 0.809135 -0.292992 0.754666 0.587056 -0.938506 -0.344298 -0.025797
2.750399 -71.530396 -815.208110 1875.601136 0.187479 -0.574944 0.796424 -0.178270 0.777420 0.603190 -0.965956 -0.255064 0.043255
-0.852167 -117.818487 -71.829536 208.785311 0.318310 -0.578723 0.750839 0.489014 0.778761 0.392933 -0.812123 0.242096 0.530891
-0.017979 -110.489337 880.480579 6198.069128 0.328114 -0.612402 0.719239 0.733167 0.645203 0.214895 -0.595657 0.456812 0.660693
1.709795 -68.387566 337.020471 -1771.725442 0.198469 -0.685826 0.700181 0.979232 0.168933 -0.112099 -0.041403 0.707888 0.705111
2.032314 -66.691636 -115.953260 2048.819535 0.171506 -0.685205 0.707870 0.963241 0.267426 0.025485 -0.206765 0.677479 0.705883
0.918341 -66.890862 -170.807616 -2100.467134 0.188022 -0.678192 0.710425 0.980725 0.168799 -0.098419 -0.053172 0.715236 0.696858
47.111662 -31.743584 -8055.433924 1657.699972 0.655904 -0.518290 0.548785 0.700279 0.146409 -0.698695 0.281779 0.842580 0.458977
53.629233 -28.818084 -2677.564256 282.271500 0.640942 -0.641167 0.422016 0.665308 0.189834 -0.722031 0.382830 0.743551 0.548246
-0.286212 -68.768937 111.018576 5369.647977 0.243432 -0.646314 0.723200 0.951441 0.303970 -0.048605 -0.188417 0.699914 0.688926
24.870556 -107.278485 1945.322775 -8874.487936 0.992191 0.085153 0.091136 -0.078663 -0.139828 0.987046 -0.096794 0.986508 0.132037
32.288677 -108.929477 7006.645493 3377.810002 0.996850 0.002848 0.079260 -0.079311 0.038604 0.996102 0.000223 0.999251 -0.038708
17.957965 -112.988257 6546.690065 -9567.539526 0.989899 -0.060447 0.128243 -0.134991 -0.125419 0.982877 0.043328 0.990261 0.132312
35.645613 -102.492871 -1508.862001 5553.381566 0.980135 0.193952 0.041454 -0.044930 0.013554 0.998898 -0.193176 0.980917 -0.021999
21.704904 -97.773371 -733.653239 -11500.123632 0.981723 0.176595 0.070950 -0.026388 -0.242894 0.969694 -0.188477 0.953843 0.233795
27.056841 -87.811085 -1767.021234 -3472.250351 0.967397 0.250953 0.034153 -0.009739 -0.097891 0.995149 -0.253079 0.963037 0.092256
-28.774892 -38.624186 2083.548758 203.145409 -0.318487 0.813056 -0.487346 -0.831132 -0.486741 -0.268891 0.455834 -0.319411 -0.830778
-29.149363 -38.970813 1163.213632 398.589081 -0.414859 0.732499 -0.539757 -0.714404 -0.629602 -0.305333 0.563488 -0.258935 -0.784496
-12419.614972 -15955.647405 11378951.769455 -13985907.256893 -0.666422 0.698996 0.259395 0.154887 0.470117 -0.868907 0.729309 0.538882 0.421562
-11.322967 -83.195271 -315.868148 1050.498900 -0.127902 0.587920 -0.798744 0.688979 0.631976 0.354844 0.713406 -0.504932 -0.485896
-13.002867 -87.083796 -543.057143 1008.305267 -0.139635 0.580938 -0.801881 0.826755 0.514080 0.228469 0.544957 -0.631057 -0.552077
-12.861736 -86.889975 -337.499193 -1673.052020 -0.137077 0.608086 -0.781947 -0.761558 -0.569493 -0.309367 0.633435 -0.553090 -0.541157
-10.740250 -25.406525 -2170.308957 -428.739917 -0.552355 0.832581 0.041372 0.240035 0.206381 -0.948573 0.798302 0.514018 0.313844
-15.835923 -26.360858 -1924.054023 -315.063589 -0.604869 0.789500 0.104037 0.204185 0.280044 -0.938021 0.769702 0.546137 0.330594
-12.665176 -24.237818 -2338.233961 -896.436113 -0.551806 0.833945 -0.006785 0.327475 0.209187 -0.921412 0.766988 0.510662 0.388527
