16194
32373
-20.578305 -29.903218 208.145444 -2205.178128 -0.264911 0.888208 0.375378 -0.832042 -0.407308 0.376572 -0.487369 0.212572 -0.846927
-22.864752 -36.307831 291.987270 -1455.099644 -0.231079 0.908650 0.347790 -0.779513 -0.386814 0.492680 -0.582204 0.157259 -0.797689
-21.024644 -37.710506 707.448665 -2923.330027 0.119597 0.969514 0.213867 -0.838720 -0.016608 0.544309 -0.531267 0.244473 -0.811165
-20.437718 -30.593570 27.859481 -1797.441007 -0.506868 0.772417 0.382695 -0.707348 -0.626425 0.327491 -0.492690 0.104704 -0.863883
-18.117723 -26.614858 892.415570 -2143.094920 -0.191633 0.899343 0.393012 -0.888022 -0.329407 0.320793 -0.417964 0.287529 -0.861762
-17.803535 -25.618731 44.755950 1279.400721 -0.596611 0.680725 0.425051 0.682191 0.709137 -0.178155 -0.422694 0.183677 -0.887464
-24.335602 -44.081669 443.958296 1734.509627 -0.263904 0.852210 0.451766 -0.477111 0.291722 -0.829014 0.838284 0.434323 -0.329612
-22.982910 -38.788646 -448.530267 1683.257127 -0.326292 0.863114 0.385445 -0.551164 0.157556 -0.819387 0.767953 0.479803 -0.424308
-23.063465 -41.666331 -508.875297 762.545785 -0.317284 0.817031 0.481447 -0.457410 0.312873 -0.832398 0.830727 0.484326 -0.274448
-23.061902 -39.102258 742.676994 2221.155567 -0.263287 0.890734 0.370503 -0.586804 0.156969 -0.794369 0.765729 0.426559 -0.481359
-24.097101 -43.183718 380.670719 -480.390950 -0.255765 0.811508 0.525394 -0.332320 0.436549 -0.836055 0.907826 0.388433 -0.158026
-24.823499 -45.375571 1241.506722 154.732432 -0.185560 0.861336 0.472935 -0.354030 0.390369 -0.849868 0.916641 0.325135 -0.232502
-25.361306 -46.591837 1210.333952 2998.714301 -0.187814 0.888971 0.417680 -0.522493 0.269661 -0.808878 0.831701 0.370153 -0.413835
5.510249 -18.546115 5825.338821 317.902024 0.646881 0.736250 0.198698 -0.574961 0.299708 0.761311 -0.500964 0.606721 -0.617191
15.172209 -21.129766 7335.188783 -206.078952 0.580454 0.756472 0.301369 0.702032 -0.277376 -0.655907 -0.412582 0.592295 -0.692071
1.580787 -19.099083 3993.305108 -93.112547 0.516649 0.796645 0.313738 0.736254 -0.226328 -0.637735 -0.437040 0.560476 -0.703465
-9.404304 -16.777635 2172.718884 330.388966 0.505439 0.830541 0.233950 -0.674024 0.210754 0.708007 -0.538723 0.515542 -0.666328
-9.785504 -15.598326 1386.715016 -57.376436 0.729413 0.668731 -0.144069 -0.324168 0.523357 0.788043 -0.602389 0.528106 -0.598524
-5.992180 -16.362555 3105.797293 447.045113 0.757580 0.647624 -0.081586 -0.305719 0.462471 0.832260 -0.576722 0.605561 -0.548350
6.719387 -18.297449 6102.586503 333.501862 0.742011 0.668113 0.055180 -0.380980 0.352525 0.854740 -0.551610 0.655249 -0.516115
2.638135 -45.604997 -593.876087 -2032.610843 -0.777673 0.403169 -0.482368 0.070062 0.818086 0.570812 0.624752 0.410110 -0.664451
0.435700 -38.806147 -439.634668 -1499.169133 -0.769404 0.439552 -0.463478 0.201495 0.855554 0.476894 0.606150 0.273536 -0.746833
-0.267770 -45.202042 -489.841120 -2063.472864 -0.765557 0.439496 -0.469857 0.132177 0.822171 0.553683 0.629644 0.361771 -0.687510
3.206008 -59.626000 -781.789018 -3914.371957 -0.772908 0.404723 -0.488684 -0.007503 0.764282 0.644838 0.634473 0.502067 -0.587684
7.725918 -59.904786 -1255.711550 -4191.110254 -0.773521 0.368382 -0.515713 -0.066544 0.762016 0.644130 0.630267 0.532566 -0.564921
8.162350 -24.344661 -1285.268599 489.898361 -0.026480 0.842221 -0.538481 0.995768 -0.025199 -0.088380 -0.088004 -0.538543 -0.837990
7.831417 -22.266472 -1133.565300 423.815692 0.021663 0.847465 -0.530408 0.999673 -0.011156 0.023003 0.013577 -0.530733 -0.847430
11.996203 -25.086731 -1221.936472 529.257980 0.029045 0.859197 -0.510820 0.996392 -0.065657 -0.053780 -0.079747 -0.507414 -0.858004
-0.865857 -33.586545 17.271862 65.893581 -0.535625 0.557927 0.633896 0.811099 0.548800 0.202327 -0.234999 0.622524 -0.746485
-0.323985 -33.869089 26.524325 60.854637 -0.499636 0.582261 0.641355 0.782177 0.621416 0.045181 -0.372241 0.524227 -0.765913
-0.194921 -35.627014 185.212769 36.010702 -0.542156 0.545007 0.639558 0.805800 0.553004 0.211831 -0.238229 0.630201 -0.738982
-0.605743 -34.590053 153.837800 -1.672006 -0.577834 0.525827 0.624190 0.809428 0.467204 0.355735 -0.104569 0.710793 -0.695586
-1.347520 -32.785885 -10.047010 54.710351 -0.571092 0.540464 0.617861 0.814986 0.463377 0.347965 -0.098240 0.702268 -0.705102
0.012753 -40.798101 10.518728 2235.592568 0.093705 0.928573 0.359127 0.730558 -0.309193 0.608840 -0.676391 -0.205312 0.707349
0.272585 -45.338239 63.317196 2556.067514 0.098911 0.926929 0.361965 0.708996 -0.320882 0.627981 -0.698242 -0.194517 0.688928
0.069385 -51.360725 39.829481 3615.314909 0.121835 0.913823 0.387406 0.592021 -0.380187 0.710612 -0.796660 -0.142775 0.587322
-4.881331 -25.679075 -37.008673 469.877285 -0.564776 0.584757 0.582312 0.816354 0.499178 0.290496 -0.120808 0.639438 -0.759292
-6.500339 -26.917497 74.778787 206.267089 -0.546443 0.593048 0.591349 0.781966 0.614121 0.106700 -0.299882 0.520721 -0.799325
-5.031230 -27.244785 236.586301 419.558822 -0.474705 0.596487 0.647192 0.839158 0.528514 0.128402 -0.265460 0.604049 -0.751435
-13.636434 -23.867808 -1365.252913 -917.536413 -0.471504 0.827372 -0.305187 0.439775 0.520571 0.731850 -0.764384 -0.210856 0.609309
-7.966444 -20.232059 -952.161868 -801.008118 -0.487284 0.834262 -0.257994 0.456865 0.495341 0.738858 -0.744196 -0.242165 0.622517
-10.831285 -25.698571 -1131.625513 -1570.186581 -0.553910 0.732741 -0.395316 0.407550 0.652663 0.638697 -0.726008 -0.192669 0.660145
3.063270 -87.741956 822.666997 -8063.733687 0.778069 -0.433871 0.454273 -0.192597 0.523567 0.829930 0.597925 0.733235 -0.323809
1.884635 -75.063866 -1185.001267 -5722.224858 -0.764299 0.436700 -0.474489 -0.109573 0.637154 0.762908 0.635484 0.635081 -0.439126
-2.177402 -79.615355 -349.326756 -5199.170883 0.794952 -0.424131 0.433778 -0.128060 0.581589 0.803340 0.593002 0.694167 -0.408021
-1.054304 -92.028127 155.483092 -5559.461309 0.796378 -0.442423 0.412365 -0.187864 0.467135 0.863998 0.574882 0.765537 -0.288900
-2.608083 -72.790854 -252.541047 -3785.791090 0.794906 -0.435735 0.422208 -0.054063 0.642236 0.764598 0.604319 0.630609 -0.486960
13.545343 -18.594392 -14047.976276 746.763422 0.098456 -0.114273 0.988559 0.715903 0.698137 0.009401 -0.691223 0.706786 0.150544
135.625632 -18.074930 -41949.933317 800.595881 0.071479 -0.198579 0.977475 0.725305 0.683069 0.085730 -0.684707 0.702839 0.192856
12.112202 -21.778395 -9907.022441 1249.801643 0.196566 -0.073068 0.977764 0.659769 0.747537 -0.076774 -0.725305 0.660189 0.195148
-5.396568 -47.579562 278.044343 2425.810656 0.780638 -0.251177 0.572289 -0.068516 0.875773 0.477835 -0.621217 -0.412227 0.666452
-4.759192 -43.969885 638.107887 2785.501155 0.796486 -0.202415 0.569770 -0.113907 0.875203 0.470154 -0.593831 -0.439372 0.674031
-3.658519 -43.549270 439.181147 -54.533155 0.776077 -0.177561 0.605125 -0.063616 0.932607 0.355242 -0.627421 -0.314191 0.712479
-6.555167 -54.374113 259.929169 4676.351121 0.798353 -0.274529 0.535973 -0.129957 0.790521 0.598487 -0.588000 -0.547457 0.595438
-3.800445 -47.371771 67.603279 288.070630 0.760940 -0.216487 0.611641 -0.010832 0.938323 0.345591 -0.648732 -0.269599 0.711662
-5.145045 -51.952670 -123.317833 2140.604955 0.761563 -0.286566 0.581293 -0.033625 0.878252 0.477014 -0.647218 -0.382822 0.659209
-6.686628 -56.759856 -138.808608 3663.986119 0.778386 -0.319528 0.540385 -0.101875 0.785080 0.610959 -0.619464 -0.530614 0.578544
2.680156 -78.042650 -196.686249 -1379.906800 0.685349 -0.461811 0.563052 0.672650 0.105232 -0.732440 -0.278998 -0.880714 -0.382758
1.441049 -72.225093 -144.258930 -360.245099 0.700839 -0.476222 0.531072 0.656701 0.140065 -0.741030 -0.278511 -0.868098 -0.410898
0.436571 -72.683419 -195.831440 -1695.076677 0.663900 -0.469880 0.581764 0.612117 -0.105447 -0.783705 -0.429592 -0.876410 -0.217615
1.243288 -68.007644 -1804.113743 5033.808259 0.864058 -0.289765 0.411632 -0.255171 0.452755 0.854342 0.433927 0.843237 -0.317267
1.499065 -56.592560 -1377.543821 3847.701634 0.868749 -0.302608 0.392051 -0.314479 0.274481 0.908715 0.382595 0.912737 -0.143291
-0.591077 -62.428502 122.578403 5924.310307 0.850297 -0.332161 0.408245 -0.292848 0.345915 0.891394 0.437304 0.877503 -0.196858
-0.501643 -70.442980 756.354680 3192.137166 0.833980 -0.343886 0.431532 -0.230201 0.493914 0.838485 0.501483 0.798619 -0.332751
-1.945083 -71.664391 1456.370127 3550.805109 0.828700 -0.378164 0.412612 -0.245976 0.416124 0.875407 0.502745 0.826942 -0.251823
-4.469651 -37.539579 275.920749 2170.726655 -0.363861 0.565266 -0.740324 0.930398 0.258394 -0.259986 0.044334 -0.783395 -0.619941
-6.614307 -28.421650 -69.590271 1023.314984 -0.361242 0.574727 -0.734298 0.919786 0.349077 -0.179275 0.153293 -0.740158 -0.654727
-5.968336 -29.701384 215.487470 1077.751091 -0.322296 0.574050 -0.752723 0.935339 0.315602 -0.159799 0.145828 -0.755554 -0.638649
-6.316567 -24.911169 28.798704 664.951286 -0.316649 0.580327 -0.750303 0.916818 0.390111 -0.085189 0.243264 -0.714867 -0.655582
-3.707476 -35.487015 -476.183119 2427.631364 -0.320217 0.541970 -0.777000 0.944349 0.247787 -0.216350 0.075276 -0.803038 -0.591154
3.203648 -16.206336 -484.615989 -730.680711 0.469896 0.231718 0.851765 -0.362113 0.930604 -0.053398 -0.805029 -0.283343 0.521195
4.188289 -19.707433 -417.561961 -1343.601200 0.462263 0.309365 0.831027 -0.390687 0.912360 -0.122321 -0.796038 -0.268128 0.542615
6.592848 -17.089121 -673.888884 -551.244767 0.535364 0.096475 0.839094 -0.348799 0.930039 0.115611 -0.769237 -0.354569 0.531560
7.675184 -14.094213 255.172076 -99.365631 0.559398 -0.027044 0.828458 -0.282520 0.933401 0.221235 -0.779267 -0.357814 0.514502
4.506952 -12.766083 453.735102 -336.140075 0.520007 0.095350 0.848823 -0.300084 0.950797 0.077032 -0.799714 -0.294775 0.523034
-8.504616 -109.045855 1187.637832 1212.904536 0.800789 -0.358735 0.479632 0.594366 0.377100 -0.710299 -0.073940 -0.853876 -0.515197
-4.007310 -114.834914 901.774963 7085.602207 0.815492 -0.330285 0.475273 0.558842 0.235734 -0.795063 -0.150560 -0.913970 -0.376817
-8.348340 -119.147049 1304.874181 6357.601246 0.815634 -0.339831 0.468248 0.546703 0.187806 -0.815993 -0.189360 -0.921544 -0.338967
23.557766 -410.095449 -4761.089278 -72202.377195 -0.031294 -0.089113 0.995530 -0.684780 0.727445 0.043591 -0.728077 -0.680355 -0.083788
13.369774 -431.145360 120.105332 -84029.493307 0.185131 -0.235231 0.954145 -0.450921 0.842348 0.295160 -0.873153 -0.484888 0.049874
-19.119586 -125.904504 1679.211627 19367.939040 -0.185351 0.258784 -0.947985 0.731384 -0.607963 -0.308964 -0.656295 -0.750608 -0.076584
3.913402 -20.703212 -2849.293829 -1368.716809 0.871716 0.483648 0.078717 -0.489063 0.848735 0.201160 -0.030481 0.213852 -0.976390
11.328846 -19.797516 -3772.264754 -1800.403563 0.895283 0.440272 0.068042 -0.444966 0.876250 0.184908 -0.021788 0.195821 -0.980398
9.406131 -25.179035 -2534.489305 -2174.564675 0.884620 0.457444 0.090510 -0.464666 0.848441 0.253442 -0.039143 0.266257 -0.963107
13.433996 3.957045 1978.131884 -2230.909862 0.566703 0.765187 0.305512 -0.331191 0.551083 -0.765912 0.754428 -0.332861 -0.565723
9.610167 -9.629303 954.226422 -2223.319137 0.346762 0.934453 -0.080953 -0.600721 0.154975 -0.784294 0.720340 -0.320593 -0.615085
15.778165 1.998401 1211.285836 -2717.058812 0.547943 0.829545 0.107767 -0.441996 0.396485 -0.804636 0.710209 -0.393262 -0.583907
20.247621 10.415160 -2077.648449 -1030.146822 -0.718527 -0.507721 -0.475329 -0.097013 0.749920 -0.654376 0.688699 -0.424074 -0.588094
16.453529 -1.369742 574.847002 -2220.969887 0.579620 0.814876 -0.004271 -0.493561 0.346889 -0.797537 0.648412 -0.464377 -0.603254
17.994331 7.663872 481.707925 -2242.524104 0.699029 0.699313 0.149397 -0.344503 0.512409 -0.786609 0.626639 -0.498395 -0.599105
-15.053808 -17.386220 48.790808 130.301930 -0.166072 0.984101 -0.062973 -0.953471 -0.176542 -0.244388 0.251620 -0.019457 -0.967630
-14.677249 -18.758161 330.830366 309.298320 -0.572901 0.814471 -0.091771 -0.778865 -0.575857 -0.248511 0.255252 0.070895 -0.964272
-15.710444 -19.305888 194.162334 351.326008 -0.648285 0.733985 -0.202465 -0.671115 -0.676439 -0.303372 0.359626 0.060794 -0.931114
-15.983272 -17.434323 9.353627 195.831657 -0.438161 0.875369 -0.204314 -0.823590 -0.482015 -0.298932 0.360158 -0.037291 -0.932146
-13.938468 -17.356229 -308.974928 54.548956 0.297402 0.954313 -0.028948 -0.921908 0.279154 -0.268625 0.248271 -0.106577 -0.962810
-12.915816 -17.032470 -229.891066 183.863942 0.244016 0.968718 -0.045187 -0.958522 0.233847 -0.162943 0.147279 -0.083074 -0.985600
-13.576948 -16.933142 115.311797 167.236134 -0.194187 0.980319 -0.035588 -0.969139 -0.197336 -0.147743 0.151858 -0.005800 -0.988385
2.891833 -27.880718 -282.882272 3851.839994 -0.200765 0.866610 0.456815 0.834564 0.395501 -0.383513 0.513027 -0.304245 0.802644
-0.014439 -28.386370 -746.574706 4304.305365 -0.159752 0.868134 0.469917 0.821852 0.380666 -0.423855 0.546845 -0.318491 0.774290
3.307280 -35.715244 -580.394368 4982.102224 -0.250245 0.828690 0.500650 0.857867 0.429500 -0.282125 0.448823 -0.358890 0.818386
67.536144 -8.801011 -20716.645060 7137.942156 0.819663 0.495594 0.287296 -0.111656 -0.353686 0.928676 -0.561859 0.793280 0.234568
115.772199 -1879.697286 -3743.977826 578733.623169 0.232134 -0.315004 0.920264 0.254252 0.932865 0.255183 -0.938866 0.174742 0.296640
156.605978 -1194.945001 61491.865070 -8321.392680 0.991067 -0.029390 -0.130086 0.113593 0.697101 0.707918 -0.069877 0.716371 -0.694212
1811.425348 -12823.557808 -60516.005905 2958796.120511 0.941119 0.125806 -0.313797 0.266507 0.295025 0.917570 -0.208014 0.947171 -0.244126
1.293971 -208.669958 118.793547 49027.653954 0.970157 0.104390 0.218854 -0.151884 -0.441950 0.884088 -0.189012 0.890945 0.412906
5.721677 -937.421568 834.096709 159164.239302 0.912294 0.063894 0.404521 -0.384861 -0.203918 0.900166 -0.140005 0.976901 0.161443
24.581860 -883.255257 -2583.279195 142026.875931 0.976913 0.167102 0.133109 -0.071227 -0.332656 0.940355 -0.201414 0.928126 0.313073
4.087404 -71.074044 -316.727483 7731.436745 0.900850 0.140924 0.410620 -0.295658 -0.493442 0.817986 -0.317891 0.858286 0.402853
-0.685013 -63.248651 -1055.564207 -4822.940431 0.917419 0.216932 0.333590 -0.180169 -0.521025 0.834309 -0.354798 0.825514 0.438914
0.913884 -70.977470 -974.278022 6885.890558 0.898800 0.166005 0.405710 -0.286359 -0.478400 0.830140 -0.331899 0.862309 0.382449
-21.068922 -30.277217 -635.501401 -434.002517 0.988769 0.104024 0.107312 0.147064 -0.549254 -0.822613 0.026629 -0.829156 0.558383
-21.334356 -30.336185 -920.483546 63.451831 0.974615 0.155639 0.160944 0.211205 -0.400607 -0.891575 0.074289 -0.902935 0.423309
-24.082854 -31.551948 -968.201272 -726.213525 0.991162 0.126407 -0.040226 0.042085 -0.587226 -0.808328 0.125800 -0.799491 0.587357
-26.515306 -32.629566 -872.410540 -832.215125 0.966625 0.156041 -0.203194 -0.058494 -0.637749 -0.768020 0.249429 -0.754273 0.607336
-25.755393 -30.870763 -368.935180 -536.688817 0.970793 0.080684 -0.225944 -0.100700 -0.717754 -0.688976 0.217762 -0.691606 0.688666
-0.539314 -26.777783 -1443.146636 -286.806423 0.303226 0.949701 -0.078238 0.677762 -0.272655 -0.682860 0.669845 -0.154034 0.726347
0.217400 -25.245309 -1491.772831 -473.297791 0.320349 0.943209 -0.087939 0.757291 -0.310758 -0.574404 0.569111 -0.117414 0.813835
5.668428 -25.892444 -1687.365187 -456.505331 0.320444 0.941175 -0.107261 0.685594 -0.308568 -0.659353 0.653664 -0.137748 0.744143
2.222630 -8.932284 137.132053 -129.863838 0.437633 0.898898 -0.021418 0.898560 -0.438086 -0.025901 0.032665 0.007911 0.999435
0.087430 -8.578714 -545.064808 -122.597972 0.486526 0.873666 0.000052 0.873416 -0.486386 -0.023927 0.020879 -0.011686 0.999714
1.696019 -9.028164 -32.554349 69.893978 -0.382865 -0.923645 0.017131 0.923776 -0.382644 0.014874 -0.007184 0.021520 0.999743
3.082909 -9.411484 22.948659 79.717068 -0.367784 -0.929721 0.018802 0.929865 -0.367488 0.017452 -0.009316 0.023902 0.999671
1.366231 -31.581725 -33.130988 -40.121299 0.162229 0.896932 -0.411334 -0.269499 0.441282 0.855945 -0.949238 0.028005 -0.313311
0.528658 -31.155679 -25.098522 394.206358 0.169166 0.878183 -0.447413 -0.109327 0.467874 0.877007 -0.979505 0.099445 -0.175157
1.032923 -33.507506 -78.149820 255.738261 0.152772 0.890863 -0.427814 -0.276548 0.454138 0.846924 -0.948779 0.011075 -0.315746
4.389590 -43.456689 -16.023245 -447.378116 0.189342 0.871026 -0.453281 0.624512 -0.463055 -0.628939 0.757716 0.163995 0.631642
5.142939 -44.052495 -13.909961 -2202.101258 0.139065 0.871893 -0.469536 0.616308 -0.447329 -0.648121 0.775129 0.199247 0.599562
4.387483 -48.470486 -26.476434 -1403.878250 0.158394 0.871241 -0.464598 0.448420 -0.482687 -0.752285 0.879677 0.089178 0.467136
4.307454 -39.293116 -172.964196 -650.818214 0.179469 0.869166 -0.460805 0.745985 -0.425598 -0.512223 0.641325 0.251825 0.724766
3.536543 -46.802285 -70.319723 -86.276944 0.185719 0.882833 -0.431410 0.472981 -0.465157 -0.748277 0.861277 0.065079 0.503952
4.399454 -45.526419 -44.194788 826.757430 0.220613 0.876293 -0.428299 0.649247 -0.459634 -0.605983 0.727880 0.144385 0.670332
4.279465 -43.099616 83.321035 707.293031 0.237102 0.856812 -0.457883 0.756851 -0.458406 -0.465876 0.609064 0.236089 0.757168
-3.320011 -31.581125 189.282192 2820.484687 0.266969 0.857669 -0.439466 0.202166 0.396028 0.895707 -0.942261 0.327971 0.067665
-3.156045 -24.583474 37.562907 1392.814256 0.234123 0.808376 -0.540106 0.336758 0.453723 0.825063 -0.912020 0.375051 0.166000
-1.548166 -27.250472 406.187362 1873.277651 0.276154 0.828945 -0.486404 0.315681 0.399776 0.860537 -0.907791 0.391189 0.151283
-5.104976 -13.973694 215.055581 724.419210 0.227019 0.973194 -0.036813 -0.547186 0.096192 -0.831465 0.805636 -0.208902 -0.554356
-6.344381 -12.712357 260.715339 716.207907 0.251597 0.966599 -0.048831 -0.566467 0.106162 -0.817218 0.784738 -0.233271 -0.574257
-5.022514 -10.589368 156.805058 676.798208 0.239997 0.970588 -0.018972 -0.600288 0.133018 -0.788645 0.762926 -0.200661 -0.614556
-6.151671 -17.026917 243.538687 746.112732 0.247777 0.967840 -0.043507 -0.492918 0.087277 -0.865688 0.834050 -0.235943 -0.498691
-3.952513 -13.299054 148.899491 690.288556 0.215146 0.976450 -0.016031 -0.557915 0.109422 -0.822653 0.801526 -0.185934 -0.568318
-4.620140 -17.439794 280.014791 717.058208 0.203147 0.978283 -0.041151 -0.489518 0.065074 -0.869562 0.848000 -0.196793 -0.492106
0.042513 -25.701906 13.746889 -168.545978 0.355569 0.909053 -0.217241 0.723736 -0.414866 -0.551446 0.591419 -0.038852 0.805428
-0.114032 -25.901621 -564.195178 -154.279727 0.335308 0.922460 -0.191407 0.734619 -0.383207 -0.559899 0.589833 -0.047127 0.806149
0.619344 -26.523732 -278.206943 -161.404762 0.362171 0.906785 -0.215807 0.641042 -0.410388 -0.648573 0.676681 -0.096553 0.729918
1.904929 -46.996581 -371.658686 4699.373666 -0.057641 -0.395714 0.916563 0.665760 0.668902 0.330658 -0.743937 0.629270 0.224894
0.943991 -44.445478 -229.499792 4300.345525 -0.064084 -0.404502 0.912289 0.644979 0.680793 0.347165 -0.761509 0.610655 0.217268
1.277516 -34.186931 -693.948407 3464.520808 -0.030101 -0.349839 0.936326 0.750089 0.611241 0.252491 -0.660652 0.709928 0.244011
4.031375 -35.781765 -281.789291 4679.951970 -0.001507 -0.373876 0.927478 0.793152 0.564408 0.228807 -0.609021 0.735976 0.295690
3.412285 -23.630455 -1095.939305 1728.235341 0.008744 -0.306797 0.951735 0.820941 0.545634 0.168346 -0.570947 0.779846 0.256633
0.018517 -25.618761 -917.865185 1111.951105 -0.024362 -0.331752 0.943052 0.795381 0.565038 0.219320 -0.605620 0.755429 0.250103
1.391478 -47.227243 197.589557 1673.189843 0.198790 0.473246 -0.858208 0.561640 0.662614 0.495483 0.803146 -0.580501 -0.134073
2.550899 -52.374183 331.492511 1719.723866 0.182799 0.460668 -0.868544 0.680961 0.577885 0.449824 0.709138 -0.673672 -0.208060
3.188511 -46.961893 370.585202 948.234440 0.188851 0.444318 -0.875738 0.547518 0.692667 0.469506 0.815205 -0.568149 -0.112461
1.606636 -43.701031 266.079272 380.632539 0.201110 0.463753 -0.862837 0.448004 0.739770 0.502028 0.871118 -0.487517 -0.058988
2.739487 -43.307551 394.818344 57.681222 0.188620 0.444982 -0.875451 0.412475 0.773111 0.481833 0.891228 -0.451985 -0.037719
4.150960 -45.256066 317.010678 479.447011 0.182831 0.416225 -0.890690 0.527408 0.723046 0.446144 0.829707 -0.551326 -0.087325
-5.850041 -79.415662 -536.700635 1841.242607 -0.005846 -0.409012 0.912510 0.356046 0.851873 0.384114 -0.934450 0.327142 0.140647
-8.209690 -83.716799 -973.455815 1323.828954 -0.022440 -0.442719 0.896380 0.498654 0.772157 0.393849 -0.866510 0.455822 0.203436
-5.756058 -77.599235 -925.175687 1089.408577 -0.038660 -0.443296 0.895541 0.539051 0.745371 0.392232 -0.841386 0.497906 0.210143
-4.657604 -75.685879 -170.092108 -177.320842 0.005616 -0.358854 0.933377 0.143609 0.924006 0.354387 -0.989619 0.132051 0.056724
-3.788667 -78.628192 -218.160887 -700.475868 0.018548 -0.397777 0.917295 0.088225 0.914525 0.394792 -0.995928 0.073606 0.052056
-4.991820 -62.591732 -108.844328 -42.367844 -0.005782 0.528157 -0.849127 0.551164 0.710198 0.437991 0.834377 -0.465476 -0.295208
-5.332012 -59.747744 -44.497420 -486.483023 -0.019190 0.542569 -0.839792 0.505844 0.729782 0.459935 0.862412 -0.415978 -0.288460
-5.141743 -62.104990 -57.124505 -816.880090 0.012952 0.552223 -0.833596 0.381134 0.768003 0.514692 0.924429 -0.324379 -0.200523
-12.734214 -23.532874 831.886733 130.140830 0.396372 0.910051 -0.121227 0.302577 -0.254155 -0.918614 0.866797 -0.327433 0.376101
-13.853659 -24.058081 491.271054 168.788425 0.457425 0.879963 -0.128173 0.263456 -0.271770 -0.925598 0.849325 -0.389623 0.356146
-11.975347 -22.643068 829.165025 204.367589 0.403424 0.893523 -0.197145 0.153676 -0.278559 -0.948045 0.902016 -0.352167 0.249690
-13.767842 -24.587198 586.199546 9.133078 0.421673 0.905533 -0.046936 0.428250 -0.244512 -0.869952 0.799246 -0.346734 0.490898
-10.410457 -22.711417 695.433313 188.109479 0.350971 0.925571 -0.141906 0.288261 -0.250983 -0.924074 0.890912 -0.283417 0.354894
-11.820304 -23.851870 799.604466 64.881344 0.362781 0.929677 -0.063955 0.436115 -0.230031 -0.869994 0.823525 -0.287725 0.488897
-3.494612 -51.754643 937.957301 1315.702026 -0.008904 0.438074 -0.898895 0.970432 0.220627 0.097910 0.241212 -0.871444 -0.427085
-6.057986 -52.965792 669.185407 1291.287740 0.030722 0.435500 -0.899664 0.970435 0.202588 0.131205 0.239401 -0.877096 -0.416400
-2.234132 -55.520168 1074.662553 1099.616922 -0.024425 0.440597 -0.897372 0.998743 0.050065 -0.002603 0.043780 -0.896308 -0.441266
-7.041685 -49.805639 385.308323 1297.101240 0.054654 0.440512 -0.896081 0.915564 0.335997 0.221017 0.398441 -0.832499 -0.384954
1.808753 -55.044299 1054.007697 1079.180668 -0.059752 0.430711 -0.900510 0.997822 0.051038 -0.041797 0.027958 -0.901045 -0.432823
1.641937 -49.910312 1310.397600 1306.035540 -0.044781 0.430600 -0.901431 0.977542 0.204892 0.049311 0.205929 -0.878978 -0.430105
-0.538129 -45.189185 1519.302110 1524.913007 -0.001913 0.454937 -0.890522 0.926733 0.335390 0.169349 0.375716 -0.824952 -0.422247
-4.729026 -47.402158 726.482727 1059.623995 0.034392 0.449799 -0.892467 0.910486 0.354126 0.213564 0.412107 -0.819924 -0.397357
1.860338 -101.258624 1309.891649 -6096.078301 -0.098768 -0.750449 0.653507 0.944006 0.137089 0.300098 -0.314797 0.646555 0.694888
-0.854231 -103.507846 -436.041374 -10826.847937 -0.087961 -0.713355 0.695261 0.926426 0.197906 0.320263 -0.366058 0.672278 0.643462
3.429941 -97.961084 1339.147667 -9941.417295 -0.099373 -0.748582 0.655554 0.863561 0.262428 0.430573 -0.494355 0.608898 0.620368
-1.613747 -109.186947 -257.729745 -7577.328402 -0.093945 -0.712254 0.695607 0.977743 0.065652 0.199272 -0.187600 0.698845 0.690233
7.330662 -120.984404 2939.942943 -7104.491385 -0.096340 -0.758848 0.644103 0.933120 0.156362 0.323786 -0.346418 0.632219 0.693033
1.813058 -118.216484 1540.865895 -6187.654166 -0.101205 -0.754940 0.647937 0.985690 0.012162 0.168131 -0.134809 0.655681 0.742906
49.591730 13.541032 -7216.100371 1643.321431 0.933588 0.011717 0.358157 -0.225835 -0.756771 0.613430 -0.278230 0.653575 0.703866
50.089368 13.661078 1916.164096 -2401.275166 0.932061 -0.178026 0.315546 -0.347148 -0.688094 0.637193 -0.103689 0.703444 0.703147
44.308694 14.122857 -2517.851132 -2096.583995 0.931744 0.001746 0.363112 -0.258391 -0.699396 0.666393 -0.255123 0.714732 0.651207
33.687000 10.122616 -10371.987494 1466.003095 0.887064 0.118598 0.446152 -0.209448 -0.757853 0.617892 -0.411399 0.641555 0.647424
29.195339 7.487146 -8939.347283 -3141.981426 0.915373 0.273601 0.295357 -0.045063 -0.659373 0.750464 -0.400078 0.700264 0.591243
8.419094 -45.525384 9331.282449 9437.626951 0.927077 0.146853 -0.344910 0.332203 -0.748148 0.574383 0.173694 0.647077 0.742375
9.688159 -21.490064 9849.653210 9587.298032 0.952775 0.079555 -0.293070 0.228395 -0.823757 0.518903 0.200137 0.561333 0.803026
33.241563 -19.706875 7981.262455 6276.139236 0.993092 0.021434 -0.115368 0.086525 -0.797881 0.596573 0.079263 0.602434 0.794223
4.415190 -24.836020 -292.779457 -714.962258 0.286617 0.952812 -0.099999 -0.652979 0.117905 -0.748142 0.701048 -0.279727 -0.655960
6.210295 -22.620621 -731.222122 -500.672544 0.318060 0.946732 -0.050362 -0.630336 0.171488 -0.757145 0.708177 -0.272563 -0.651303
6.771778 -25.417438 -572.175874 -539.836627 0.327023 0.943444 -0.054484 -0.702991 0.204335 -0.681213 0.631554 -0.261074 -0.730055
4.207772 -21.798005 -442.518853 -262.329404 0.268145 0.958090 -0.100809 -0.588638 0.080105 -0.804418 0.762629 -0.275041 -0.585448
4.929188 -26.760244 -223.818196 -201.317815 0.287812 0.951152 -0.111684 -0.740420 0.147034 -0.655866 0.607407 -0.271459 -0.746570
3.592694 -26.492416 -8.472164 -643.783342 0.266610 0.953144 -0.142957 -0.673449 0.078122 -0.735094 0.689482 -0.292257 -0.662721
3.017441 -23.670854 87.646314 -643.135954 0.244024 0.959056 -0.143752 -0.595350 0.031142 -0.802862 0.765513 -0.281501 -0.578573
6.973060 -17.165207 2528.265138 612.798396 0.203999 0.673537 -0.710445 0.181652 0.687060 0.703527 0.961970 -0.272573 0.017810
7.106504 -16.966050 1226.235289 -636.102283 0.237782 0.670919 -0.702372 -0.213970 -0.669168 -0.711640 0.947458 -0.319502 0.015560
10.467973 -14.714976 2319.350970 -199.717731 0.242547 0.743749 -0.622904 -0.118668 -0.614510 -0.779933 0.962855 -0.263089 0.060788
6.904602 -16.155226 3307.625316 -65.430923 0.200039 0.730669 -0.652769 -0.119118 -0.643157 -0.756412 0.972520 -0.229069 0.041621
11.210665 -14.248987 3167.421705 -106.881048 0.223421 0.805732 -0.548525 -0.025573 -0.557711 -0.829641 0.974386 -0.199387 0.104000
2.261098 -82.320194 -725.182587 9383.229563 -0.105833 -0.537390 0.836667 0.963332 -0.264031 -0.047731 0.246556 0.800937 0.545628
1.514741 -82.764160 -142.259184 5450.059787 -0.177997 -0.540975 0.821988 0.978396 -0.186560 0.089085 0.105157 0.820086 0.562495
-1.957397 -92.286587 -828.317501 5277.838216 -0.103078 -0.533617 0.839421 0.994618 -0.046431 0.092620 -0.010449 0.844451 0.535531
-2.775478 -95.071519 -1414.478413 7785.950221 -0.042232 -0.532206 0.845561 0.998111 -0.060264 0.011920 0.044613 0.844468 0.533745
1.630790 -84.008079 -1043.735757 11532.950116 -0.059587 -0.545457 0.836018 0.948469 -0.292047 -0.122943 0.311216 0.785611 0.534751
-6.973426 -19.337299 -84.658251 94.917513 0.186383 0.818906 -0.542820 -0.611455 -0.335775 -0.716504 0.769015 -0.465454 -0.438142
-6.821845 -18.182168 -88.927816 339.430873 0.164453 0.821377 -0.546164 -0.687221 -0.301793 -0.660793 0.707589 -0.484005 -0.514837
-7.206033 -19.146494 3.969537 -10.862580 0.148500 0.839896 -0.522037 -0.578547 -0.354337 -0.734662 0.802017 -0.411121 -0.433300
-6.078514 -17.616527 -155.575766 371.313909 0.225302 0.815197 -0.533566 -0.698918 -0.246314 -0.671449 0.678788 -0.524198 -0.514261
-7.055244 -19.011671 96.300776 -164.530798 0.169121 0.844016 -0.508955 -0.491297 -0.375470 -0.785907 0.854415 -0.382961 -0.351163
-7.232934 -19.490794 -57.845162 -46.995149 0.210441 0.820489 -0.531518 -0.529474 -0.361390 -0.767499 0.821810 -0.442938 -0.358376
-6.661802 -19.215784 -183.326870 130.981461 0.244577 0.810741 -0.531865 -0.629535 -0.284421 -0.723043 0.737474 -0.511667 -0.440827
-6.354892 -16.053222 -400.961749 52.629226 0.194527 0.980690 0.020179 -0.043944 0.029265 -0.998605 0.979912 -0.193369 -0.048788
-4.449376 -15.236579 -401.044491 81.947449 0.221220 0.974170 -0.045339 -0.092765 -0.025260 -0.995368 0.970802 -0.224401 -0.084781
-6.590543 -15.648616 -476.396638 11.026451 0.210847 0.975876 0.056650 -0.108858 0.081033 -0.990749 0.971439 -0.202730 -0.123317
0.686660 -73.402381 765.505510 5773.307499 0.258240 -0.227156 0.938995 0.965593 0.029802 -0.258346 0.030701 0.973402 0.227036
3.621241 -75.766855 1072.945235 5251.584402 0.130421 -0.256534 0.957696 0.956336 0.287375 -0.053258 -0.261556 0.922825 0.282812
5.125619 -57.922467 696.210627 5573.400036 0.200979 -0.203718 0.958179 0.977693 0.102648 -0.183248 -0.061024 0.973634 0.219804
-26.868157 -41.606122 -90.479090 -716.229184 -0.071877 0.961050 0.266863 -0.705659 -0.238086 0.667354 -0.704897 0.140347 -0.695287
-23.837662 -40.581164 607.684594 -883.792366 -0.266056 0.904486 0.333345 -0.700229 -0.419004 0.578027 -0.662490 0.079630 -0.744826
-22.996237 -37.563036 206.034279 -1982.944220 -0.439018 0.834637 0.332632 -0.693951 -0.550143 0.464515 -0.570696 0.026900 -0.820720
9.505175 -14.244112 -2398.244725 3796.881695 0.898119 -0.228126 0.375954 -0.136119 0.668719 0.730949 0.418156 0.707654 -0.569537
-1.484142 -24.823546 5562.164977 4983.970538 -0.119553 0.586951 0.800747 0.867295 -0.330810 0.371974 0.483226 0.738954 -0.469511
14.139251 0.482024 -1561.578451 480.721607 0.470245 0.433527 0.768716 0.806443 -0.564903 -0.174740 0.358495 0.702097 -0.615257
-22.223866 -37.671744 -790.722259 1214.162433 -0.395023 0.819847 0.414498 -0.535411 0.161186 -0.829068 0.746520 0.549428 -0.375282
-21.290086 -31.574796 48.003760 1552.837783 -0.350344 0.885391 0.305518 -0.630371 0.018364 -0.776077 0.692742 0.464483 -0.551691
12.982891 -20.296856 4741.974255 -67.696037 0.492945 0.801574 0.338355 0.790751 -0.250529 -0.558523 -0.362930 0.542876 -0.757343
-0.708695 -38.622944 -333.433852 -1362.638425 -0.756494 0.475339 -0.449187 0.258881 0.848376 0.461778 0.600580 0.233046 -0.764848
-0.848059 -34.262242 -244.139721 -875.791814 -0.755869 0.480711 -0.444497 0.313252 0.861689 0.399206 0.574921 0.162508 -0.801908
1.236976 -33.872271 -533.452158 -904.554540 -0.771762 0.426781 -0.471425 0.233895 0.879879 0.413650 0.591335 0.208975 -0.778879
3.114408 -21.833845 -852.542598 476.377347 -0.032195 0.841981 -0.538545 0.999398 0.034109 -0.006418 0.012965 -0.538427 -0.842572
2.915171 -19.716077 -608.255068 398.244679 0.003860 0.847720 -0.530430 0.994270 0.053411 0.092595 0.106826 -0.527748 -0.842657
7.022999 -20.274023 -979.255513 353.106618 0.068073 0.852923 -0.517579 0.991722 -0.001235 0.128398 0.108874 -0.522035 -0.845947
0.206070 -35.864685 157.765722 117.027986 -0.505754 0.572492 0.645342 0.779175 0.624221 0.056883 -0.370270 0.531602 -0.761773
7.012924 -50.616563 -1063.226234 612.181438 0.240725 0.907293 0.344776 0.738019 0.059605 -0.672142 0.630380 -0.416253 0.655251
7.426141 -52.744248 -731.153837 410.245543 0.211048 0.910105 0.356607 0.848970 0.010150 -0.528344 0.484468 -0.414254 0.770509
11.564308 -52.057638 -661.941132 1143.729274 0.189057 0.932526 0.307657 0.699409 0.092041 -0.708771 0.689264 -0.349176 0.634816
3.315978 -51.046605 -741.614889 526.353455 0.215441 0.901970 0.374212 0.867154 -0.000496 -0.498040 0.449032 -0.431798 0.782254
12.028309 -49.387953 -1260.480337 708.300076 0.230915 0.923576 0.306082 0.574094 0.124655 -0.809245 0.785554 -0.362587 0.501434
5.369139 -48.060567 -1232.203702 286.866077 0.262028 0.903930 0.338012 0.620363 0.110528 -0.776488 0.739250 -0.413152 0.531803
1.243396 -49.404429 -748.314693 622.112938 0.214442 0.903806 0.370338 0.767807 0.078376 -0.635869 0.603728 -0.420705 0.677141
-9.075003 -25.847116 14.826872 -251.725753 -0.575358 0.618976 0.534633 0.668866 0.732282 -0.127989 -0.470724 0.283959 -0.835336
-8.202963 -27.578092 222.320766 -124.726063 -0.500667 0.620559 0.603522 0.713212 0.690830 -0.118668 -0.490571 0.371026 -0.788467
-7.579368 -26.131741 -36.088317 13.192203 -0.627626 0.567099 0.533371 0.709628 0.698497 0.092364 -0.320179 0.436465 -0.840823
-9.356450 -27.148042 167.324637 -81.660288 -0.488228 0.665081 0.565067 0.618546 0.720473 -0.313559 -0.615658 0.196431 -0.763138
-8.688948 -24.830741 -132.419262 -278.897816 -0.682109 0.559298 0.471075 0.627650 0.778345 -0.015287 -0.375209 0.285243 -0.881961
-9.668292 -25.054817 -106.475781 -148.735829 -0.590729 0.648831 0.479643 0.614594 0.746987 -0.253542 -0.522794 0.145011 -0.840035
-9.592062 -19.859728 -1009.335861 -171.923813 -0.366621 0.925902 -0.091071 0.505483 0.280413 0.815999 -0.781073 -0.253127 0.570834
-6.033311 -16.636406 -593.691731 -174.294894 -0.418517 0.900299 -0.119607 0.501995 0.339062 0.795637 -0.756865 -0.272945 0.593848
-4.398862 -16.810832 -747.309777 -901.446720 -0.530564 0.799978 -0.280245 0.431624 0.539516 0.722927 -0.729522 -0.262598 0.631537
8.593325 -89.725633 2060.076857 -8748.920650 0.763404 -0.426632 0.484973 -0.152975 0.610046 0.777459 0.627545 0.667704 -0.400448
2.662271 -68.440703 -1502.322816 -4815.762279 -0.757409 0.419672 -0.500207 -0.064415 0.714320 0.696848 0.649756 0.560020 -0.513999
-0.692849 -59.878115 -927.598394 -2923.405490 -0.759886 0.436806 -0.481429 -0.021248 0.723510 0.689987 0.649709 0.534541 -0.540503
-6.511730 -60.688551 1617.876830 -29824.172417 0.687366 0.087286 -0.721048 0.101606 0.971434 0.214457 0.719169 -0.220673 0.658862
387.332642 4.927759 -621667.742710 10528.975096 -0.209918 0.659107 0.722158 0.677687 0.630489 -0.378449 0.704751 -0.409954 0.579019
238.514384 -3.630354 -310866.960553 4107.796179 -0.165857 0.778780 0.604974 0.672521 0.538006 -0.508198 0.721254 -0.322569 0.612978
-1.942293 -39.828292 634.623511 -458.022600 0.776774 -0.127508 0.616736 -0.134468 0.923127 0.360215 -0.615256 -0.362737 0.699916
-1.747024 -40.442952 774.020886 1786.440064 0.788252 -0.134551 0.600462 -0.200607 0.866303 0.457467 -0.581735 -0.481056 0.655874
-5.508406 -53.181114 605.153881 -5061.408989 0.811943 -0.221734 0.539983 0.173009 -0.792074 -0.585395 -0.557509 -0.568730 0.604757
2.925999 -74.165532 -213.374586 537.377857 0.723111 -0.465863 0.509982 0.678674 0.341835 -0.650039 -0.128500 -0.816162 -0.563354
1.954103 -68.270903 -135.587854 752.679100 0.732593 -0.476658 0.485906 0.666002 0.354580 -0.656289 -0.140533 -0.804407 -0.577218
1.005918 -68.253434 -95.884954 352.324648 0.715583 -0.484305 0.503379 0.640253 0.166585 -0.749884 -0.279317 -0.858894 -0.429283
-5.054708 -37.007232 129.789269 2007.938528 -0.406260 0.565786 -0.717523 0.913278 0.276862 -0.298782 0.029608 -0.776681 -0.629198
-6.603203 -33.877822 -631.009992 1996.049992 -0.437176 0.556473 -0.706551 0.897079 0.325909 -0.298382 0.064230 -0.764278 -0.641680
7.930332 -20.696538 -263.216018 -1377.799223 0.530344 0.190809 0.826031 -0.398361 0.916166 0.044133 -0.748361 -0.352465 0.561894
7.598102 -22.788207 -555.181756 -1321.260104 0.481544 0.302537 0.822549 -0.379509 0.917956 -0.115452 -0.789992 -0.256569 0.556852
5.767143 -182.292783 2873.517542 20117.321371 0.888651 -0.456678 -0.041759 -0.256177 -0.418834 -0.871178 -0.380358 -0.784872 0.489187
0.102472 -137.307868 1694.976995 12893.019663 0.875565 -0.482842 -0.015793 -0.121164 -0.187832 -0.974699 -0.467659 -0.855326 0.222962
14.181227 -193.729711 1818.148459 13371.900800 0.873892 -0.481302 0.068271 -0.145832 -0.393534 -0.907670 -0.463730 -0.783249 0.414095
2.644710 -21.898603 600.021518 -876.235866 0.258036 0.937574 -0.233179 0.374285 0.125496 0.918783 -0.890690 0.324354 0.318537
7.646818 -18.331342 895.945385 -1172.323014 0.224214 0.931845 -0.285296 0.311188 0.208964 0.927090 -0.923520 0.296647 0.243126
4.563037 -17.521614 537.070299 -1224.401222 0.256053 0.938066 -0.233385 0.281070 0.158754 0.946466 -0.924898 0.307943 0.223012
11.782777 -6.465343 -1386.462513 291.094399 -0.552058 0.222906 -0.803458 0.545273 0.825511 -0.145634 0.630801 -0.518502 -0.577275
12.535281 -9.215167 -287.125370 1138.403269 -0.642136 0.199194 -0.740259 0.501874 0.839176 -0.209538 0.579468 -0.506069 -0.638836
9.722337 -9.999939 -1333.019893 1051.417759 -0.543711 0.233534 -0.806126 0.564617 0.812435 -0.145457 0.620956 -0.534239 -0.573587
-4.165102 -18.605756 -1088.950810 276.211983 0.689004 0.715465 0.115686 -0.711806 0.698056 -0.077777 0.136402 0.028757 -0.990236
0.425704 -16.579985 1843.958909 252.243055 -0.787995 -0.606328 -0.106909 -0.610499 0.791975 0.008170 0.079715 0.071706 -0.994235
-5.851336 -18.867248 -1169.304185 236.865283 0.670518 0.730303 0.130622 -0.735171 0.677711 -0.015230 0.099646 0.085817 -0.991315
2.187858 -16.033401 1402.764516 315.499444 -0.832799 -0.539046 -0.126000 -0.541235 0.840654 -0.019135 0.116237 0.052260 -0.991846
-8.015358 -20.422917 -672.436948 269.173119 0.562946 0.812780 0.149936 -0.809238 0.578923 -0.099906 0.168003 0.065093 -0.983635
-7.360340 -20.267614 -769.187835 280.930724 0.558733 0.819523 0.127275 -0.805265 0.572796 -0.153142 0.198406 0.016925 -0.979974
-2.502385 -17.946127 761.911698 307.230952 -0.743263 -0.656867 -0.126830 -0.644626 0.753903 -0.126839 0.178934 -0.012517 -0.983781
-5.987591 -19.899062 -654.175694 224.227903 0.611140 0.783165 0.114720 -0.759302 0.621003 -0.194463 0.223538 -0.031737 -0.974178
7.158699 -10.079938 698.427068 -2772.189434 0.286483 0.953273 -0.095909 -0.602111 0.101270 -0.791964 0.745245 -0.284632 -0.602988
-14.926022 -16.683517 -308.893309 -250.418686 0.298883 0.954158 -0.015857 -0.886572 0.271487 -0.374547 0.353072 -0.126004 -0.927072
-14.596482 -19.755688 -330.086662 -408.522253 -0.771354 0.505164 -0.387069 0.427767 0.861874 0.272375 0.471199 0.044522 -0.880902
-13.872345 -17.788065 -614.449919 -362.385023 -0.788546 0.411146 -0.457333 0.389760 0.909353 0.145480 0.475691 -0.063532 -0.877315
-14.449742 -21.637585 -95.007082 -381.600370 -0.776069 0.541076 -0.323965 0.418756 0.826234 0.376803 0.471550 0.156763 -0.867794
-8.764954 -21.841530 -1053.191131 -378.331615 -0.794868 0.332259 -0.507729 0.195553 0.932383 0.304007 0.574407 0.142358 -0.806096
-8.684169 -23.539057 -940.172273 -328.045635 -0.799687 0.375131 -0.468803 0.172352 0.891359 0.419255 0.575147 0.254473 -0.777463
-13.880799 -23.556242 28.010233 -356.530087 -0.784390 0.562961 -0.260396 0.403726 0.782093 0.474696 0.470890 0.267218 -0.840748
5.362217 -77.436842 213.467499 -19614.485286 -0.014221 0.921394 0.388370 0.820982 0.232476 -0.521481 0.570776 -0.311429 0.759754
4.273931 -89.099707 349.476267 -23534.231231 -0.053734 0.926860 0.371542 0.774792 0.273422 -0.570033 0.629929 -0.257238 0.732816
4.138147 -406.006357 438.669705 -135009.338025 -0.036873 0.907953 0.417448 0.722097 0.312977 -0.616945 0.690809 -0.278689 0.667170
3.791683 -50.054449 257.242458 -10096.694591 -0.045728 0.932970 0.357037 0.826694 0.235986 -0.510772 0.560791 -0.271804 0.782072
7.074626 -184.191030 60.242562 -39521.143670 0.020978 0.906619 0.421428 0.784444 0.246409 -0.569149 0.619845 -0.342526 0.706023
4.312388 -66.831998 -73.915810 -11370.568201 0.033333 0.913517 0.405433 0.842166 0.192769 -0.503584 0.538187 -0.358228 0.762907
3.326805 -36.521040 44.654672 -4685.157833 -0.015315 0.924963 0.379748 0.836112 0.220128 -0.502454 0.548344 -0.309817 0.776744
97.300551 -2036.526432 42143.159076 895220.447228 0.793955 -0.328428 0.511635 0.447408 0.885421 -0.125921 -0.411656 0.328886 0.849926
89.453967 -1791.053436 50188.783826 143459.784335 0.812103 -0.312224 0.492955 0.106203 -0.751607 -0.651006 -0.573768 -0.581037 0.577223
175.111492 -151.288778 54014.864670 -4504.546000 -0.280354 0.724671 -0.629487 -0.619836 0.364064 0.695169 -0.732943 -0.585072 -0.347110
118.366123 -851.896418 -97040.787038 -88602.749210 -0.998970 0.012558 -0.043605 0.013832 0.999483 -0.029040 0.043218 -0.029613 -0.998627
1139.937905 -1779.421154 507933.208006 227471.071874 0.918872 -0.249652 0.305531 0.182065 0.955279 0.233012 -0.350039 -0.158482 0.923232
1.425876 -238.216645 -667.260788 48500.284703 0.976736 0.090277 0.194520 -0.142460 -0.404846 0.903219 -0.160290 0.909918 0.382566
-7.907399 -430.940543 80.046183 80568.066022 0.951112 0.065397 0.301843 -0.304645 0.038011 0.951707 -0.050766 0.997135 -0.056076
