16540
33066
-24.130308 -36.707608 513.578436 -2544.304853 0.955104 -0.296087 0.010438 0.156138 0.473095 -0.867065 -0.251789 -0.829767 -0.498085
-24.577157 -38.791356 647.775198 -2207.866197 0.955714 -0.210413 -0.205759 -0.047032 0.580971 -0.812565 -0.290514 -0.786257 -0.545346
-30.262980 -44.112989 143.611160 -1581.644559 0.929566 -0.365349 0.049275 0.274118 0.595610 -0.755055 -0.246510 -0.715380 -0.653808
-22.999279 -33.128520 -42.348586 -2287.657385 0.882708 -0.134032 -0.450402 -0.305270 0.565129 -0.766446 -0.357264 -0.814042 -0.457928
-26.662248 -50.906680 167.578649 -4073.717013 0.833354 -0.474201 0.283998 0.502020 0.434335 -0.747883 -0.231297 -0.765824 -0.600013
-15.283595 -48.151290 1744.534333 -4928.953892 0.898170 -0.336689 0.282722 0.401231 0.364834 -0.840184 -0.179734 -0.868065 -0.462773
-21.198651 -30.803187 1042.741432 -2654.794086 0.950906 -0.286640 0.116683 0.214642 0.339229 -0.915889 -0.222948 -0.895970 -0.384100
-20.969897 -27.817661 1.363572 -1359.735227 0.849534 -0.060616 -0.524040 -0.428809 0.499262 -0.752902 -0.307271 -0.864328 -0.398147
28.383618 -48.581736 -3663.262566 -4184.428678 0.665958 -0.379395 0.642308 0.646875 0.722538 -0.243908 0.371555 -0.577926 -0.726601
21.354434 -38.342831 2193.362432 534.632131 -0.625414 0.534203 -0.568757 0.731055 0.655977 -0.187756 0.272792 -0.533218 -0.800789
27.355978 -38.677684 3248.211860 -93.269656 -0.645901 0.475399 -0.597334 0.713562 0.654077 -0.251021 0.271367 -0.588370 -0.761696
38.781187 -38.992797 4544.421389 -1191.389645 -0.653864 0.415674 -0.632200 0.705027 0.637976 -0.309714 0.274588 -0.648229 -0.710211
47.245724 -50.085210 3781.693613 -6553.912857 -0.619639 0.235886 -0.748602 0.668747 0.657961 -0.346216 0.410883 -0.715154 -0.565447
41.354557 -73.605873 -3521.755421 -9110.737804 0.637325 -0.196114 0.745222 0.540559 0.802998 -0.250976 0.549192 -0.562790 -0.617782
3.780998 -21.558596 8188.359556 -282.245205 0.296443 -0.366997 -0.881723 0.945132 0.245438 0.215604 0.137282 -0.897259 0.419619
9.935042 -20.837471 7039.937784 1187.295007 0.151717 -0.384901 -0.910403 0.966141 0.252222 0.054372 0.208696 -0.887826 0.410135
-17.329898 -21.395105 1622.059665 76.428552 0.610758 -0.306640 -0.730032 0.770264 0.443732 0.458033 0.183487 -0.842065 0.507207
-20.038568 -21.474973 1444.548367 -89.718820 0.346605 -0.469365 -0.812134 0.931362 0.275112 0.238491 0.111489 -0.839053 0.532504
0.794644 -59.706627 -170.332555 1528.125803 0.346407 0.843048 0.411428 0.794477 -0.030449 -0.606530 -0.498806 0.536976 -0.680330
3.383479 -54.985692 -247.338936 2338.767827 0.346593 0.842744 0.411893 0.890907 -0.158343 -0.425691 -0.293528 0.514499 -0.805687
0.584362 -62.398127 205.575105 1635.412682 0.324491 0.842001 0.430976 0.785488 0.013978 -0.618720 -0.526986 0.539295 -0.656845
7.996076 -25.196169 -57.187369 608.907761 0.927036 -0.163160 0.337613 0.350439 0.056663 -0.934870 -0.133403 -0.984971 -0.109706
2.414200 -25.722559 -1316.108917 655.401119 0.951993 -0.202180 0.229854 0.246302 0.060006 -0.967334 -0.181783 -0.977508 -0.106923
2.457656 -25.702930 -304.934414 856.143035 0.931300 -0.183581 0.314608 0.317168 -0.016029 -0.948234 -0.179120 -0.982874 -0.043298
632.442654 -27.205242 -338325.558521 -1085.989131 0.836253 -0.201436 -0.510004 0.428386 -0.340593 0.836948 0.342295 0.918379 0.198530
1530.367547 -34.689215 -867471.032660 -529.677264 0.647795 -0.549352 -0.527801 0.358902 -0.391046 0.847510 0.671975 0.738442 0.056154
725.425709 -17.056967 -527198.607330 -3439.975406 0.906675 -0.149776 -0.394345 0.288306 -0.462395 0.838493 0.307929 0.873933 0.376060
164.178809 -22.109364 -140057.154635 -754.059332 0.887384 0.027671 -0.460200 0.427546 -0.422864 0.798993 0.172493 0.905771 0.387073
131.893180 -20.121491 -156432.853473 1013.207604 0.911540 -0.045228 -0.408716 0.326595 -0.524306 0.786408 0.249860 0.850328 0.463155
930.363532 -35.381842 -1057645.241577 14415.561766 0.925076 -0.161796 -0.343593 0.206883 -0.544009 0.813175 0.318486 0.823332 0.469777
0.923837 -41.840255 -41.629826 -822.762643 -0.896842 0.306497 0.318957 0.274656 0.951055 -0.141627 -0.346754 -0.039413 -0.937128
0.886688 -37.774685 25.325364 -903.754299 -0.900721 0.284053 0.328658 0.167554 0.925215 -0.340446 -0.400784 -0.251579 -0.880954
0.775177 -40.538513 -63.189682 -910.240652 -0.900437 0.301658 0.313393 0.261955 0.951222 -0.162958 -0.347264 -0.064638 -0.935537
0.580914 -44.342586 -122.924465 -576.083706 -0.894947 0.322930 0.307872 0.357714 0.931735 0.062525 -0.266664 0.166087 -0.949371
0.482970 -39.233157 -68.952942 -953.812468 -0.905256 0.290829 0.309726 0.244733 0.952847 -0.179413 -0.347300 -0.086615 -0.933746
0.137066 -43.196807 -94.622355 -655.770439 -0.899306 0.312834 0.305588 0.341756 0.938722 0.044761 -0.272860 0.144691 -0.951111
-11.889383 -54.300153 314.517157 -3429.555636 -0.927509 0.319194 0.194528 0.285675 0.940919 -0.181826 -0.241073 -0.113074 -0.963897
-11.702127 -41.954443 -257.651213 -2352.640146 0.934140 -0.329674 -0.136734 0.253868 0.883044 -0.394696 -0.250864 -0.333989 -0.908581
-9.459143 -40.518193 -56.336655 -1604.426159 0.942526 -0.262910 -0.206212 0.179080 0.918504 -0.352534 -0.282092 -0.295344 -0.912796
-2.731807 -24.366639 1137.340733 -1384.539635 -0.260399 0.809231 0.526629 0.938146 0.083152 0.336106 0.228197 0.581577 -0.780829
1.875090 -24.414024 1501.695681 -1171.923386 -0.153189 0.805066 0.573064 0.945900 -0.048387 0.320831 0.286019 0.591209 -0.754099
-4.063832 -30.081593 1475.851649 -1623.179302 -0.161930 0.809660 0.564118 0.934708 -0.057437 0.350746 0.316386 0.584082 -0.747495
-8.491611 -29.084185 1296.356533 -1953.024158 -0.225898 0.823981 0.519640 0.941583 0.047910 0.333355 0.249782 0.564588 -0.786670
6.078777 -49.522348 771.367846 716.169901 0.337252 0.821334 0.460078 0.941413 -0.293559 -0.166023 -0.001300 0.489115 -0.872218
3.950445 -51.264369 572.664762 488.330320 0.305105 0.821777 0.481241 0.951852 -0.247334 -0.181118 -0.029811 0.513330 -0.857673
3.568497 -52.896785 109.484486 1511.054971 0.300857 0.837806 0.455594 0.937066 -0.170949 -0.304439 -0.177178 0.518515 -0.836511
5.465066 -53.188496 1348.391227 -909.059774 0.344207 0.801476 0.489037 0.929255 -0.365256 -0.055439 0.134191 0.473523 -0.870499
5.309104 -51.365263 77.599619 1966.185539 0.334778 0.838313 0.430297 0.931062 -0.223979 -0.288022 -0.145075 0.497057 -0.855504
8.067923 -47.909400 436.593165 763.307982 0.373750 0.821663 0.430325 0.927352 -0.340101 -0.156043 0.018139 0.457384 -0.889084
8.632505 -51.512668 1436.270690 -934.883766 0.375188 0.801122 0.466302 0.913835 -0.403988 -0.041210 0.155366 0.441585 -0.883665
9.032221 -22.011016 2106.026677 248.897832 -0.497169 0.801121 -0.333209 0.867651 0.458004 -0.193428 -0.002349 -0.385275 -0.922799
6.102241 -19.076580 1423.760142 575.787486 -0.458265 0.817534 -0.348757 0.883653 0.461297 -0.079773 0.095663 -0.344737 -0.933812
4.841217 -22.448116 1515.299033 285.043409 -0.439197 0.833937 -0.334149 0.898328 0.412075 -0.152321 0.010668 -0.367075 -0.930130
7.153653 -24.565249 2395.990343 114.595050 -0.460118 0.826863 -0.323401 0.882558 0.386212 -0.268201 -0.096864 -0.408825 -0.907458
2.278423 -25.014659 1400.286241 150.626586 -0.411594 0.846991 -0.336447 0.907935 0.349072 -0.231952 -0.079017 -0.400943 -0.912689
2.483743 -23.063931 -66.111090 510.979098 -0.400501 0.846683 -0.350323 0.915312 0.387391 -0.110145 0.042454 -0.364768 -0.930130
2.875492 -93.478915 -681.171863 2451.008276 0.547541 0.698827 0.460260 0.828936 -0.377854 -0.412422 -0.114300 0.607344 -0.786173
2.364673 -85.319791 -564.035387 3846.772126 0.574618 0.683674 0.449892 0.816572 -0.515861 -0.259032 0.054988 0.516214 -0.854693
4.888268 -96.409940 -703.744844 3765.690665 0.564227 0.688174 0.456141 0.825028 -0.449058 -0.343038 -0.031237 0.569881 -0.821134
4.746782 -105.303330 -624.425112 3205.529454 0.534214 0.700873 0.472643 0.820987 -0.296890 -0.487684 -0.201482 0.648562 -0.734011
2.879039 -100.735750 -643.641376 2304.394708 0.518919 0.708718 0.477956 0.806646 -0.220922 -0.548193 -0.282924 0.670009 -0.686325
1.431702 -65.822134 266.613041 180.404022 -0.450498 -0.595429 -0.665219 0.602680 0.346888 -0.718641 0.658656 -0.724661 0.202581
1.281192 -67.360490 308.297777 1423.912369 -0.459349 -0.602493 -0.652687 0.690895 0.219475 -0.688836 0.558267 -0.767355 0.315444
2.592140 -63.571618 333.122832 353.104653 -0.442246 -0.596684 -0.669617 0.622934 0.332790 -0.707958 0.645269 -0.730219 0.224519
-0.213211 -68.587223 231.668463 582.811593 -0.467739 -0.603658 -0.645614 0.678616 0.222733 -0.699907 0.566304 -0.765498 0.305471
3.105298 -64.870793 -267.707594 -916.574963 0.433075 0.593199 0.678646 0.525320 0.445716 -0.724828 0.732451 -0.670411 0.118591
2.083600 -67.341531 -344.157996 -444.965660 0.444838 0.588882 0.674787 0.495695 0.465629 -0.733127 0.745926 -0.660612 0.084777
0.265168 -68.391396 336.734444 -515.901105 -0.462336 -0.596204 -0.656344 0.582401 0.353971 -0.731787 0.668621 -0.720587 0.183576
2.627566 -120.182253 -91.143211 8568.900946 0.467248 0.673732 0.572508 -0.145978 -0.579865 0.801528 -0.871992 0.458085 0.172591
1.819300 -106.457254 -212.245356 -11348.661693 0.464333 0.666390 0.583369 -0.118511 0.699509 -0.704729 -0.877696 0.258093 0.403779
2.518267 -108.142556 -262.930184 9640.333787 0.447751 0.681845 0.578452 0.000776 -0.647220 0.762303 -0.894158 0.340874 0.290322
2.907811 -24.238438 189.967401 -514.735976 -0.504527 0.611342 -0.609684 0.458594 0.788049 0.410695 0.731536 -0.072390 -0.677949
6.541998 -20.819635 -151.624876 -1291.964970 -0.527898 0.554814 -0.643043 0.495284 0.816170 0.297590 0.689940 -0.161392 -0.705646
0.247281 -24.172347 -517.204096 -382.429026 -0.554711 0.479938 -0.679673 0.356025 0.875225 0.327456 0.752025 -0.060337 -0.656367
-2.726066 -24.992706 -406.110008 248.638582 -0.524226 0.546502 -0.653088 0.320741 0.837148 0.443068 0.788868 0.022796 -0.614140
-0.839320 -25.683625 146.317471 328.025392 -0.469710 0.674713 -0.569329 0.417518 0.737994 0.530135 0.777850 0.011305 -0.628348
21.593547 -30.358481 -1574.097308 648.552503 0.284423 0.547062 0.787291 -0.591242 0.746538 -0.305147 -0.754677 -0.378688 0.535778
23.852191 -28.391481 -2720.107035 27.913486 0.225059 0.566761 0.792547 -0.543059 0.748321 -0.380923 -0.808972 -0.344670 0.476201
26.131572 -29.878065 -1330.485422 73.926121 0.303530 0.570894 0.762856 -0.532695 0.765492 -0.360914 -0.790004 -0.296821 0.536462
21.658440 -31.934423 -755.869071 1065.843400 0.346848 0.524299 0.777694 -0.639284 0.738879 -0.213013 -0.686304 -0.423284 0.591454
18.943668 -29.487468 -2208.307102 820.612396 0.270293 0.510278 0.816430 -0.638256 0.729846 -0.244856 -0.720812 -0.454909 0.522960
5.101686 -69.361104 113.295721 -2818.134457 -0.648124 -0.583139 -0.489781 -0.564973 0.799442 -0.204199 0.510628 0.144367 -0.847595
4.324956 -68.281382 331.196774 443.770129 -0.665760 -0.570005 -0.481516 -0.483691 0.821053 -0.303173 0.568161 0.031065 -0.822331
4.457478 -76.709619 -21.225113 -2569.188886 -0.645847 -0.569560 -0.508412 -0.525698 0.814672 -0.244848 0.553645 0.109137 -0.825570
4.159002 -66.645917 187.346264 3380.348925 -0.665903 -0.583669 -0.464654 -0.528583 0.808646 -0.258248 0.526472 0.073641 -0.846997
4.574080 -84.108570 35.867146 -6761.123497 -0.628765 -0.595731 -0.499759 -0.622099 0.770975 -0.136345 0.466527 0.225171 -0.855366
4.861876 -78.481097 119.451382 -7360.815399 -0.626991 -0.609232 -0.485509 -0.649752 0.752786 -0.105525 0.429773 0.249297 -0.867840
4.473048 -66.734191 231.825267 -1769.968654 -0.648541 -0.599799 -0.468652 -0.599817 0.781765 -0.170479 0.468629 0.170543 -0.866777
43.744437 -119.334375 4462.173100 3033.060218 -0.530594 -0.595969 -0.602737 0.019118 0.702493 -0.711434 0.847410 -0.389006 -0.361344
39.722747 -119.879551 2339.277785 9971.990314 0.388397 0.711913 0.585088 0.133258 0.584869 -0.800107 0.911806 -0.388727 -0.132293
43.235618 -107.371133 -309.619919 -8066.069172 -0.358459 -0.635364 -0.683974 -0.063780 0.747618 -0.661059 0.931364 -0.193339 -0.308514
41.762841 -116.724860 5106.809512 -5570.601300 -0.520032 -0.600330 -0.607594 -0.223660 0.782233 -0.581453 0.824344 -0.166479 -0.541056
13.644908 -39.282093 -1387.521021 -1693.507850 0.997458 -0.071029 0.005652 0.064999 0.874532 -0.480592 -0.029193 -0.479738 -0.876926
8.545115 -34.744229 -2310.012650 -1767.659961 0.989072 -0.141800 -0.040355 0.096572 0.829957 -0.549404 -0.111398 -0.539504 -0.834581
15.347380 -32.798673 -2474.732126 -1999.223488 0.994084 -0.108606 0.000875 0.087906 0.799826 -0.593760 -0.063787 -0.590324 -0.804642
-0.141760 -18.603340 475.417958 454.457603 -0.223983 0.951697 -0.210009 0.156382 0.247787 0.956110 -0.961965 -0.181311 0.204328
-0.940048 -20.732398 730.223071 405.318888 -0.217081 0.960520 -0.174004 0.082912 0.195754 0.977142 -0.972626 -0.197692 0.122133
-3.028706 -18.171448 814.984959 457.642718 -0.224226 0.942758 -0.246840 0.146034 0.282934 0.947957 -0.963533 -0.176510 0.201116
3.321232 -21.339070 648.736865 449.901091 -0.229191 0.953894 -0.193797 0.081735 0.217253 0.972687 -0.969944 -0.207092 0.127759
-1.695101 -15.914789 530.279789 656.070143 -0.232135 0.937255 -0.260129 0.216501 0.310513 0.925586 -0.948283 -0.158542 0.274997
0.232301 -16.200998 196.154523 640.230996 -0.236356 0.939888 -0.246469 0.220108 0.298852 0.928569 -0.946408 -0.165223 0.277513
3.057969 -19.244568 464.865094 496.913971 -0.239011 0.940680 -0.240822 0.152151 0.281228 0.947502 -0.959022 -0.189822 0.210342
16.184604 -25.640841 1459.614058 1025.979210 -0.427930 -0.372920 -0.823290 0.768464 -0.629613 -0.114241 -0.475751 -0.681556 0.556006
18.388568 -21.579742 1888.805973 1519.372213 -0.485018 -0.321940 -0.813088 0.780514 -0.578694 -0.236455 -0.394405 -0.749311 0.531956
11.606304 -20.523304 967.014324 586.749221 -0.449592 -0.297343 -0.842291 0.771642 -0.604269 -0.198564 -0.449929 -0.739220 0.501117
10.794057 -23.138308 913.868944 485.604725 -0.367356 -0.370345 -0.853167 0.749757 -0.660732 -0.036017 -0.550376 -0.652899 0.520393
14.659658 -24.290252 322.751801 -1042.817746 0.196793 0.770673 0.606082 -0.721886 0.532193 -0.442325 0.663441 0.350476 -0.661070
15.053095 -20.463870 84.909864 -1080.362199 0.195399 0.823981 0.531860 -0.720096 0.488707 -0.492572 0.665793 0.286742 -0.688838
11.568485 -15.884064 -443.731067 -1886.872439 0.276350 0.710797 0.646837 -0.619946 0.646138 -0.445167 0.734369 0.277982 -0.619216
-381.940701 -2457.521874 -86450.430480 -1226124.861217 -0.045271 -0.224725 -0.973370 0.991378 -0.130041 -0.016086 -0.122963 -0.965706 0.228674
-452.733291 -6555.211424 -28528.483331 -969110.227884 -0.107671 -0.395271 -0.912232 0.861400 -0.495220 0.112909 -0.496385 -0.773639 0.393807
-568.493769 -1886.276327 188535.414430 234362.786007 -0.172017 0.335985 0.926026 -0.641324 0.675344 -0.364163 -0.747739 -0.656525 0.099305
16.733528 -3670.193280 -97931.899268 2278236.135899 -0.166929 -0.459389 -0.872408 0.981975 0.002097 -0.188998 0.088654 -0.888233 0.450759
-537.508253 -2393.202751 -158947.005471 629969.572973 0.225928 -0.025337 -0.973815 0.908623 -0.354947 0.220038 -0.351228 -0.934543 -0.057170
-1007.112989 -7461.436168 -483278.380631 4476245.728377 -0.212893 -0.349227 -0.912533 0.828952 0.429830 -0.357890 0.517219 -0.832638 0.197985
-4430.161847 -92278.451208 909418.021843 -36170804.676718 0.832426 0.396407 -0.387206 -0.330679 -0.205350 -0.921131 0.444656 -0.894814 0.039855
-56.146516 -67.590281 -6106.785887 -11546.882817 0.159960 -0.053231 0.985687 0.936641 -0.307057 -0.168583 0.311636 0.950201 0.000741
-23.182487 -51.680931 -5010.344320 -5115.618768 0.956794 -0.282915 0.067110 -0.080556 -0.036151 0.996094 0.279383 0.958464 0.057380
-78.341242 -132.871457 144.397810 -21576.248714 -0.643059 0.107242 0.758270 0.695528 -0.332589 0.636888 0.320493 0.936955 0.139284
-8.605311 -39.964391 -3969.948762 -958.082793 0.881073 -0.299087 0.366411 -0.344087 0.126212 0.930416 0.324521 0.945842 -0.008290
-99.903562 -246.053750 -8714.554650 -43964.977258 -0.094262 -0.079022 0.992406 0.889717 -0.453944 0.048363 0.446675 0.887519 0.113097
-78.389936 -613.650420 -8462.899409 -126406.082446 0.101120 0.007578 0.994845 0.934104 -0.344857 -0.092319 0.342380 0.938625 -0.041950
-31.511484 -69.803149 -4729.848154 -9901.630637 0.515287 -0.093773 0.851872 0.786159 -0.344043 -0.513409 0.341225 0.934260 -0.103561
2.235445 -12.193654 -1656.875799 -130.184644 -0.490365 0.787405 -0.373545 -0.396563 -0.583266 -0.708900 0.776067 0.199486 -0.598268
2.530294 -13.287282 -1504.638736 -326.583807 -0.498308 0.787811 -0.361999 -0.438860 -0.589286 -0.678339 0.747724 0.179155 -0.639384
-3.256391 -12.330125 -763.314731 386.086382 -0.507387 0.791243 -0.341310 -0.422695 -0.573687 -0.701579 0.750924 0.211702 -0.625536
9.993557 -12.745690 -2240.458959 -1021.279173 -0.506746 0.771276 -0.385152 -0.398838 -0.605819 -0.688413 0.764288 0.195237 -0.614610
-2.813823 -13.904084 -772.931187 840.956470 -0.515007 0.776754 -0.362521 -0.367607 -0.582192 -0.725202 0.774360 0.240219 -0.585373
9.808344 -11.620301 -2533.492173 -404.595166 -0.490426 0.779683 -0.389327 -0.373555 -0.591693 -0.714392 0.787362 0.204922 -0.581436
1.912756 -13.676679 -1603.714760 669.774293 -0.507275 0.754561 -0.416305 -0.333736 -0.617385 -0.712359 0.794539 0.222426 -0.565008
20.902221 -42.147020 -1769.248622 4935.194605 0.929301 -0.329048 0.167711 -0.305246 -0.428681 0.850328 0.207904 0.841404 0.498814
23.425951 -34.584388 -673.637903 2910.984192 0.889748 -0.420801 0.176850 -0.309074 -0.270302 0.911817 0.335890 0.865947 0.370559
27.210719 -34.300202 -1563.045516 1410.629797 0.944094 -0.324992 0.055374 -0.225632 -0.514502 0.827272 0.240367 0.793516 0.559067
24.597768 -37.580468 -1626.140106 3497.671081 0.943154 -0.297537 0.148094 -0.287378 -0.506244 0.813100 0.166956 0.809437 0.562971
33.903527 -36.019680 -342.625462 -1699.114855 0.941041 -0.317462 -0.116879 -0.101784 -0.595186 0.797116 0.322618 0.738222 0.592407
30.905177 -37.386884 -1578.635407 -415.591145 0.959133 -0.272509 0.076176 -0.221852 -0.557144 0.800233 0.175629 0.784429 0.594832
-23.986598 -30.103848 280.954356 471.985745 0.996792 0.019629 0.077591 -0.015583 -0.903310 0.428706 -0.078503 0.428540 0.900106
-22.668806 -33.451895 -190.004935 1210.226433 0.987334 -0.150118 0.051350 -0.157772 -0.894830 0.417598 0.016739 0.420410 0.907180
-23.360261 -32.970182 -355.353858 982.114134 0.971332 -0.157885 0.177727 -0.227262 -0.836086 0.499312 -0.069761 0.525388 0.847998
-23.731385 -32.749466 70.631381 464.665647 0.999609 -0.025516 0.011425 -0.027799 -0.950541 0.309352 -0.002966 0.309549 0.950879
-26.862901 -31.167835 1121.652277 -87.984875 0.994987 0.067869 0.073450 0.039834 -0.942648 0.331404 -0.091730 0.326816 0.940626
9.018291 -43.286391 325.881320 -1787.822339 0.804453 -0.573673 -0.154124 0.413369 0.354305 0.838805 0.426593 0.738490 -0.522160
10.269523 -43.393599 966.123572 -938.026060 0.833786 -0.538889 -0.119998 0.325020 0.303428 0.895708 0.446276 0.785831 -0.428143
9.050365 -37.058175 676.723142 -2238.713856 0.833262 -0.532853 -0.147454 0.414922 0.426428 0.803741 0.365397 0.730908 -0.576418
8.707128 -44.659219 -548.417780 -2598.275239 0.788157 -0.584577 -0.192555 0.470779 0.371076 0.800418 0.396454 0.721507 -0.567673
9.228502 -47.525651 -370.022548 -839.703081 0.801107 -0.575878 -0.163072 0.387338 0.291118 0.874769 0.456287 0.763947 -0.456276
8.188840 -39.844732 -319.657054 -2404.195061 0.777234 -0.595734 -0.202504 0.509507 0.407040 0.758103 0.369201 0.692401 -0.619896
7.466153 -36.412866 521.142388 -2635.816906 0.792023 -0.585210 -0.173864 0.499561 0.457569 0.735574 0.350911 0.669447 -0.654754
-4.419329 -25.219765 -729.178367 -25.791463 0.773974 -0.589865 0.230269 -0.611172 -0.600763 0.515318 0.165631 0.539577 0.825484
-1.865716 -25.632119 -855.540205 257.760759 0.758141 -0.600283 0.254722 -0.629989 -0.573413 0.523747 0.168336 0.557546 0.812899
-4.608549 -25.779851 -85.568476 -9.674829 0.731579 -0.631202 0.257634 -0.673911 -0.612371 0.413335 0.103130 0.476010 0.873372
-1.933914 -25.231092 -881.823422 -4.622003 0.788482 -0.575905 0.215937 -0.568336 -0.547988 0.613762 0.235137 0.606665 0.759387
-5.656340 -25.871163 -448.258984 -186.886619 0.755313 -0.612602 0.232856 -0.648058 -0.645249 0.404566 0.097588 0.456478 0.884367
-4.468492 -24.645743 -696.992050 -123.215389 0.799313 -0.571836 0.184670 -0.553487 -0.580932 0.596800 0.233991 0.579242 0.780850
-5.170779 -25.000361 -264.657798 -227.778599 0.776524 -0.598126 0.198132 -0.607131 -0.626167 0.489190 0.168534 0.500160 0.849374
-4.712761 -23.565212 -68.189099 -245.255513 -0.451629 0.890193 -0.059904 0.425208 0.155726 -0.891598 0.784366 0.428143 0.448847
-4.324580 -22.798945 -57.490867 -103.369221 -0.468141 0.883092 -0.031514 0.544720 0.260316 -0.797192 0.695790 0.390365 0.602902
-3.776312 -24.358940 -110.944441 -336.232065 -0.415505 0.907799 -0.057073 0.467776 0.159448 -0.869346 0.780091 0.387915 0.490898
-5.061659 -26.930126 -111.180844 -442.937277 -0.418052 0.901205 -0.114287 0.319298 0.027991 -0.947241 0.850459 0.432488 0.299454
-5.536483 -25.779524 -20.851369 -423.355648 -0.458972 0.881695 -0.109357 0.297304 0.036427 -0.954088 0.837231 0.470412 0.278851
3.783319 -38.373475 -36.056179 -253.403723 -0.412984 0.910214 -0.030908 0.881666 0.408077 0.236935 -0.228274 -0.070600 0.971034
3.195179 -38.988625 198.952062 -239.234490 -0.398551 0.914523 -0.069317 0.889506 0.403850 0.213740 -0.223464 -0.023528 0.974428
3.346672 -38.070638 -90.403404 86.398858 -0.402077 0.915175 -0.028088 0.914839 0.402806 0.028568 -0.037459 0.014210 0.999197
2.957044 -38.054661 -186.739765 108.815385 -0.423833 0.905739 -0.001214 0.904570 0.423354 0.050245 -0.046023 -0.020198 0.998736
2.806400 -35.877583 -144.232282 556.731268 -0.386958 0.921643 -0.028962 0.908209 0.375510 -0.184792 0.159436 0.097810 0.982351
2.066001 -35.732110 -209.556829 479.468148 -0.408785 0.912625 -0.003256 0.900054 0.402559 -0.166877 0.150985 0.071148 0.985972
-0.332381 -54.692185 681.628262 -1372.453198 -0.260676 0.865607 -0.427520 0.758013 0.457753 0.464628 -0.597883 0.202948 0.775466
3.848657 -52.087460 818.457291 -1020.162371 -0.286810 0.851562 -0.438841 0.731909 0.490343 0.473152 -0.618101 0.185487 0.763902
0.782005 -51.579419 804.350784 -1335.847547 -0.264689 0.860229 -0.435828 0.624271 0.497318 0.602462 -0.735000 0.112610 0.668651
2.748764 -55.074554 704.488806 -1201.857611 -0.268375 0.862129 -0.429778 0.846245 0.424161 0.322423 -0.460265 0.277167 0.843406
-3.349785 -52.477803 532.484649 -1501.187307 -0.263553 0.872663 -0.411095 0.654425 0.474842 0.588433 -0.708709 0.113947 0.696238
-0.743551 -57.295082 540.659539 -783.730941 -0.257316 0.869694 -0.421214 0.869738 0.398397 0.291267 -0.421123 0.291398 0.858919
-3.822619 -56.200568 475.849285 -899.853253 -0.262570 0.874005 -0.408867 0.789192 0.438327 0.430169 -0.555188 0.209725 0.804849
-8.577554 -27.819128 -192.473782 -658.738284 -0.484877 0.825376 -0.289222 -0.597411 -0.554098 -0.579721 0.638745 0.108309 -0.761758
-9.182130 -27.899674 -61.404418 -690.078423 -0.471129 0.854007 -0.220701 -0.613478 -0.497030 -0.613682 0.633784 0.153728 -0.758080
-7.353334 -25.334469 -43.285798 -255.246718 -0.505741 0.812953 -0.288674 -0.490679 -0.546297 -0.678818 0.709549 0.201660 -0.675184
-10.910339 -31.170987 22.067572 -852.092465 -0.466664 0.853981 -0.230089 -0.702748 -0.515988 -0.489798 0.537001 0.066876 -0.840927
-7.069643 -25.579581 -181.724286 -210.142700 -0.492264 0.804759 -0.331722 -0.501685 -0.573738 -0.647408 0.711329 0.152276 -0.686166
-8.176812 -28.230082 -389.449781 -614.116441 -0.480663 0.806934 -0.343251 -0.600878 -0.588175 -0.541291 0.638677 0.053926 -0.767583
-10.051342 -31.693289 -326.826765 -958.786645 -0.473901 0.829975 -0.294211 -0.690994 -0.557608 -0.460001 0.545844 0.014697 -0.837758
9.895065 -14.671863 276.774912 -3962.894776 -0.577696 0.744465 -0.334722 0.192788 0.522915 0.830297 -0.793158 -0.415129 0.445610
9.873357 -14.270895 -444.459447 -3446.943021 -0.540285 0.789361 -0.291552 0.245675 0.479347 0.842538 -0.804821 -0.383583 0.452910
8.144155 -26.032601 116.367888 -1354.724901 -0.585969 0.725183 -0.361593 0.267172 0.594173 0.758668 -0.765022 -0.347949 0.541916
-19.728466 -42.686118 4883.367262 1317.154966 -0.414318 0.367718 -0.832540 0.251799 0.925354 0.283404 0.874607 -0.092213 -0.475982
-23.251272 -45.755320 2264.702941 6438.275550 -0.371424 0.293532 -0.880842 0.067902 0.954757 0.289531 0.925977 0.047728 -0.374551
-25.626692 -49.203660 2399.057882 -663.125288 -0.289999 0.478782 -0.828655 0.308019 0.866486 0.392845 0.906104 -0.141317 -0.398754
-19.972900 -45.135895 2269.214278 -6170.847995 -0.260264 0.570063 -0.779289 0.476057 0.777945 0.410087 0.840019 -0.264255 -0.473853
-12.248366 -38.322466 3715.136321 -4626.904869 -0.396697 0.367916 -0.840993 0.435129 0.882063 0.180633 0.808266 -0.294284 -0.510002
-12.046557 -39.295372 3131.188878 -1871.417010 -0.451402 0.314022 -0.835240 0.313811 0.932105 0.180842 0.835320 -0.180475 -0.519298
-4.820177 -12.420842 -1327.268402 -659.567434 0.886385 -0.275095 -0.372349 0.205984 -0.485944 0.849370 0.414599 0.829567 0.374068
-0.416918 -11.224224 -1463.804576 -403.444163 0.875564 -0.234301 -0.422482 0.281309 -0.463695 0.840150 0.392750 0.854453 0.340083
0.764328 -13.508117 -1791.959209 -883.394182 0.913379 -0.379964 -0.146173 -0.012565 -0.385188 0.922752 0.406917 0.840986 0.356597
2.267989 -9.848879 -1021.410283 1023.866571 -0.531243 0.714019 -0.456024 0.254969 -0.378566 -0.889763 0.807943 0.588952 -0.019058
4.549651 -13.718869 -1231.223890 1167.151125 -0.550973 0.723327 -0.416206 0.276117 -0.312636 -0.908855 0.787520 0.615676 0.027469
6.014152 -9.858368 -1084.606419 924.297452 -0.563530 0.724242 -0.397376 0.223851 -0.329157 -0.917358 0.795188 0.605912 -0.023368
-1.343038 -66.997575 57.383068 1876.551104 -0.435750 0.897888 -0.062603 -0.883125 -0.439944 -0.162910 0.173816 0.015701 -0.984653
-1.384066 -71.888545 -30.466159 2976.278631 -0.437280 0.896880 -0.066274 -0.852489 -0.436851 -0.287096 0.286443 0.069044 -0.955606
-1.709875 -64.490268 284.890804 1505.000416 -0.436788 0.897852 -0.055491 -0.894128 -0.440093 -0.082783 0.098748 -0.013457 -0.995021
-0.054287 -66.569880 270.267091 2776.096904 -0.443371 0.894941 -0.050027 -0.868185 -0.442654 -0.224306 0.222885 0.056018 -0.973234
-1.147043 -73.290778 56.356513 3065.756212 -0.440268 0.895993 -0.057977 -0.835292 -0.432414 -0.339566 0.329318 0.101072 -0.938794
-0.115111 -62.371113 132.490488 822.474147 -0.434694 0.898668 -0.058625 -0.895999 -0.438123 -0.072355 0.090708 -0.021075 -0.995654
-1.380911 -64.578566 128.775545 43.025128 -0.412801 0.908552 -0.064250 0.910737 0.410778 -0.042646 -0.012353 -0.076120 -0.997022
3.163840 -62.798458 2790.709032 10413.659458 -0.049485 0.991859 -0.117336 -0.828680 0.024805 0.559173 -0.557531 -0.124904 -0.820706
6.340876 -61.433552 1041.720598 13222.720710 -0.182076 0.977016 -0.110853 -0.777853 -0.074155 0.624055 -0.601492 -0.199853 -0.773477
-1.363697 -79.004141 625.234685 9471.687971 -0.108122 0.983678 -0.143828 -0.915982 -0.042345 0.398979 -0.386377 -0.174882 -0.905610
-4.228015 -76.197077 1281.262575 4203.889383 -0.037791 0.984731 -0.169932 -0.961966 0.010190 0.272978 -0.270541 -0.173785 -0.946893
-3.671142 -85.311707 21.877309 4707.002009 -0.185387 0.975409 -0.119201 -0.963234 -0.156375 0.218463 -0.194451 -0.155318 -0.968538
-4.727129 -85.010443 -72.936979 -579.279636 -0.099814 0.979381 -0.175644 0.993699 0.089071 -0.068037 -0.050989 -0.181328 -0.982100
-0.153128 -12.333694 -645.141917 -465.951191 -0.345108 0.381063 -0.857725 -0.458419 0.729012 0.508325 0.818995 0.568624 -0.076901
2.286809 -12.370530 -200.893410 279.209576 -0.420043 0.444335 -0.791284 -0.417355 0.679672 0.603208 0.805840 0.583620 -0.100046
0.663699 -11.814988 -524.331517 155.793584 -0.309515 0.311879 -0.898294 -0.455182 0.780823 0.427931 0.834872 0.541338 -0.099715
-2.233022 -12.788812 -594.474597 -604.139095 -0.212273 0.182606 -0.959998 -0.515883 0.813398 0.268791 0.829943 0.552304 -0.078459
-2.726136 -13.253329 -701.659697 -546.296600 -0.207602 0.163861 -0.964392 -0.472998 0.846144 0.245590 0.856256 0.507140 -0.098155
0.313701 -12.525585 -494.908842 245.960983 -0.300547 0.279812 -0.911799 -0.416004 0.821810 0.389320 0.858261 0.496320 -0.130589
2.661634 -55.849371 653.770911 1092.886669 0.249119 0.960213 -0.126219 -0.345615 0.209890 0.914602 -0.904705 0.184221 -0.384151
-0.202541 -55.765163 -7981.895200 513.329569 0.222142 0.961702 -0.160568 -0.543596 0.258872 0.798429 -0.809417 0.090080 -0.580284
13.775212 -55.713302 -6119.661289 741.607416 0.233752 0.962536 -0.137422 -0.363890 0.217671 0.905651 -0.901634 0.161691 -0.401138
3.888475 -110.682316 286.631310 13286.988290 -0.408369 0.905815 -0.112842 0.908281 0.390915 -0.149035 -0.090886 -0.163354 -0.982372
5.179603 -106.134954 415.095452 -9019.769498 -0.382092 0.918137 -0.105027 -0.893165 -0.337729 0.296978 -0.237196 -0.207279 -0.949091
3.775440 -135.237582 -88.619898 -6837.970812 -0.371161 0.915222 -0.156870 -0.829821 -0.251111 0.498337 -0.416697 -0.315137 -0.852674
2.347035 -130.890959 -947.600503 9865.963693 -0.415940 0.888861 -0.192147 0.893769 0.360567 -0.266775 -0.167844 -0.282697 -0.944410
2.415691 -140.229282 -453.951369 -5055.702674 -0.378001 0.905735 -0.191727 -0.824851 -0.235442 0.513991 -0.420399 -0.352436 -0.836094
3.243537 -143.621391 -59.613737 1702.671939 -0.350022 0.917368 -0.189525 -0.604447 -0.066619 0.793855 -0.715632 -0.392424 -0.577819
2.787357 -139.248922 -580.534158 -2418.103201 -0.372067 0.905589 -0.203652 -0.720325 -0.143329 0.678667 -0.585405 -0.399205 -0.705646
4.669061 -121.835685 443.639021 -3507.104542 -0.333598 0.932765 -0.136606 -0.755136 -0.177653 0.631038 -0.564342 -0.313669 -0.763629
12.812715 -113.933955 -264.606056 -7865.023397 -0.037061 0.999271 0.009201 0.934045 0.031366 0.355774 -0.355226 -0.021779 0.934527
16.780835 -119.123340 3871.897251 -8727.546285 -0.044350 0.995556 -0.083079 0.916777 0.073599 0.392559 -0.396929 0.058755 0.915967
15.388144 -125.311427 1496.561281 -4706.748569 -0.026951 0.998374 -0.050226 0.986587 0.034657 0.159514 -0.160996 0.045254 0.985917
8.004645 -107.466253 1330.291800 -5262.537308 -0.084211 0.994638 -0.060036 0.807821 0.103419 0.580284 -0.583381 -0.000368 0.812199
12.280699 -107.588524 -3551.334131 -7540.821446 -0.036465 0.996069 0.080722 0.941417 0.007140 0.337170 -0.335269 -0.088288 0.937977
6.963441 -95.741770 -1152.056006 -4568.689570 -0.097467 0.995028 0.020481 0.845026 0.071867 0.529873 -0.525767 -0.068952 0.847830
5.823566 -61.452384 107.505166 1976.239531 -0.114976 0.929503 -0.350434 0.570525 0.350577 0.742696 -0.813192 0.114539 0.570613
6.235763 -58.579848 -405.874913 1708.097182 -0.161197 0.926796 -0.339211 0.710342 0.347564 0.612057 -0.685150 0.142294 0.714368
6.039656 -62.882824 -282.987809 1356.753113 -0.168625 0.928396 -0.331130 0.530365 0.368623 0.763433 -0.830830 0.046886 0.554547
5.435663 -56.152565 240.321693 1697.705566 -0.115393 0.923440 -0.365981 0.740435 0.325569 0.588015 -0.662149 0.203132 0.721316
6.492328 -66.746203 -96.106725 1071.408994 -0.131798 0.933821 -0.332577 0.337107 0.357731 0.870854 -0.932195 -0.002663 0.361946
4.014674 -65.225844 673.025717 731.400544 -0.071175 0.930497 -0.359317 0.318104 0.362596 0.875976 -0.945380 0.051953 0.321803
3.158687 -61.307846 825.350037 854.735824 -0.064933 0.923632 -0.377741 0.494100 0.358638 0.791987 -0.866977 0.135215 0.479654
4.327350 -58.000983 850.747196 1677.273250 -0.075229 0.919663 -0.385435 0.696893 0.324953 0.639332 -0.713219 0.220510 0.665353
-11.919620 -16.285699 -413.597033 1047.910822 -0.200898 -0.134486 -0.970337 -0.597195 0.801999 0.012488 0.776530 0.581989 -0.241434
-10.854558 -13.126596 1432.964655 765.749614 -0.602378 0.420590 -0.678414 -0.319337 0.651957 0.687733 0.731550 0.630918 -0.258414
-9.735498 -14.817142 -387.181107 1250.352805 -0.153045 -0.124112 -0.980394 -0.628516 0.777796 -0.000349 0.762590 0.616141 -0.197045
-9.274919 -16.851086 -540.425332 -89.035034 -0.125515 -0.119800 -0.984832 -0.566706 0.823446 -0.027943 0.814303 0.554603 -0.171246
-11.469263 -17.807147 -543.867759 -173.061368 -0.182672 -0.120882 -0.975714 -0.531719 0.846904 -0.005376 0.826986 0.517824 -0.218980
-4.465263 -21.662342 788.940549 -1522.365818 -0.492977 0.822719 -0.283032 0.449111 0.519248 0.727105 -0.745166 -0.231333 0.625469
-4.699665 -24.010505 871.969003 -822.899319 -0.519934 0.787370 -0.331234 0.482103 0.590591 0.647131 -0.705156 -0.176777 0.686663
-3.342911 -20.099008 633.937276 -1792.418847 -0.528054 0.771037 -0.355894 0.379214 0.589078 0.713571 -0.759839 -0.241845 0.603453
-1.411484 -15.387691 838.106330 -2151.417150 -0.531876 0.771240 -0.349709 0.327563 0.568195 0.754889 -0.780903 -0.286956 0.554839
-0.247180 -13.010531 -563.026411 -1703.866607 0.581979 -0.671480 0.458710 0.240125 0.680824 0.691967 -0.776943 -0.292562 0.557465
-15.199687 -28.520180 -8.980746 693.784824 0.918847 -0.042330 0.392338 -0.078836 0.954496 0.287615 -0.386659 -0.295204 0.873698
-15.649692 -27.025905 -500.692536 723.250595 0.901091 -0.074537 0.427176 -0.045439 0.963462 0.263962 -0.431243 -0.257264 0.864780
-14.463788 -30.388016 -250.052225 635.355612 0.889120 -0.005590 0.457640 -0.180219 0.914863 0.361311 -0.420697 -0.403725 0.812416
-11.386824 -31.524320 618.130526 -500.498432 0.920262 -0.033180 0.389892 0.146775 -0.894380 -0.422543 -0.362732 -0.446077 0.818194
-2.478971 -59.004176 16.751841 513.919245 -0.508583 0.857695 -0.075513 0.850491 0.514101 0.111197 -0.134194 0.007670 0.990925
-3.182004 -56.961782 -70.354961 284.543264 -0.511369 0.854576 -0.090566 0.847788 0.518910 0.109488 -0.140561 0.020792 0.989854
-2.535191 -61.230312 -42.366832 828.161868 -0.535358 0.840650 -0.081855 0.790648 0.532875 0.301529 -0.297099 -0.096707 0.949937
7.410610 -61.659039 -621.155529 -1488.115752 -0.552486 0.831394 -0.059518 0.830561 0.555132 0.044693 -0.070197 0.024741 0.997226
3.519191 -61.792696 -486.917304 1275.637660 -0.542478 0.839806 -0.021048 0.827036 0.538290 0.162036 -0.147409 -0.070494 0.986560
6.094755 -62.449623 -504.553593 315.464772 -0.573382 0.816906 -0.062441 0.794993 0.573183 0.198613 -0.198038 -0.064241 0.978087
-6.436798 -193.657090 372.523670 39428.089674 0.913000 0.406722 0.031761 -0.093560 0.132971 0.986694 -0.397087 0.903823 -0.159456
-5.886299 -406.431631 2400.757699 76282.652389 0.857781 0.483347 0.174896 -0.367184 0.338081 0.866532 -0.359706 0.807513 -0.467476
-6.394115 -199.006347 -9.694412 36795.507786 0.894156 0.447756 -0.000622 -0.119671 0.240317 0.963289 -0.431468 0.861256 -0.268465
6.321928 -714.629344 -1383.314813 162716.183637 0.886678 0.458471 0.060063 -0.216373 0.296605 0.930166 -0.408639 0.837753 -0.362194
-6.095173 -99.828532 211.965413 18785.214235 0.904083 0.426836 -0.021094 -0.011128 0.072856 0.997280 -0.427212 0.901389 -0.070618
-6.347330 -55.548795 268.247549 10588.237793 0.920279 0.391145 0.009659 -0.025944 0.036372 0.999001 -0.390403 0.919610 -0.043620
-4.466943 -204.783972 -497.154736 49912.580594 0.926385 0.375452 0.029080 -0.057010 0.063494 0.996353 -0.372237 0.924664 -0.080224
-92.597333 -168.589639 9698.159793 -3435.473044 0.781861 0.623117 -0.020446 -0.262156 0.298834 -0.917591 0.565657 -0.722788 -0.397000
-46.340661 -168.763117 4888.505946 -18819.538298 0.584267 0.796484 -0.155710 -0.326373 0.054935 -0.943643 0.743043 -0.602159 -0.292048
-66.864330 -262.702511 6870.961946 -37119.301982 0.648799 0.727209 -0.224114 -0.135929 -0.179024 -0.974409 0.748721 -0.662659 0.017302
-102.574930 -258.523055 13105.667860 -35585.649326 0.764962 0.613597 -0.195784 -0.113641 -0.170624 -0.978761 0.633970 -0.770964 0.060791
-25.956624 -43.022439 651.033793 -1420.720005 0.946162 -0.252668 -0.202325 0.016100 0.661015 -0.750200 -0.323292 -0.706553 -0.629496
-24.490165 -39.522857 202.557706 -2298.692884 0.893450 -0.197618 -0.403354 -0.190226 0.647023 -0.738360 -0.406893 -0.736415 -0.540491
119.214245 -54.783752 15801.309274 -4827.855250 -0.127214 0.921422 -0.367149 -0.626269 0.212423 0.750109 -0.769157 -0.325359 -0.550035
109.630631 -61.080001 -1533.778806 -3065.100605 -0.384529 0.764775 -0.516969 -0.538212 0.269251 0.798644 -0.749977 -0.585340 -0.308076
126.836019 -51.494918 -3600.378198 -2652.964007 -0.323132 0.808621 -0.491647 -0.674951 0.167234 0.718661 -0.663345 -0.564060 -0.491741
117.538146 -52.091952 -11821.557238 166.175433 -0.461493 0.678320 -0.571757 0.714697 -0.097551 -0.692598 -0.525578 -0.728262 -0.439775
117.991595 -50.471946 -3645.774932 -194.463568 -0.326408 0.823400 -0.464188 -0.743186 0.079885 0.664298 -0.584065 -0.561810 -0.585865
112.139593 -49.296414 19529.384353 -2687.479839 -0.101044 0.950898 -0.292547 -0.706111 0.138603 0.694404 -0.700855 -0.276736 -0.657434
54.327883 -28.216855 13561.716305 1964.730683 0.029253 -0.358622 -0.933024 0.977767 0.204167 -0.047819 0.207642 -0.910882 0.356622
22.182707 -19.132104 8483.014318 3698.237646 -0.107447 -0.423825 -0.899348 0.958294 0.196796 -0.207231 0.264818 -0.884106 0.385004
50.019806 -30.347598 13892.681681 -1915.411735 0.173997 -0.326603 -0.929008 0.977808 0.169092 0.123691 0.116690 -0.929913 0.348776
9.559510 -40.729589 -58.746097 1486.816148 -0.975583 -0.185677 -0.117315 -0.173415 0.978981 -0.107345 0.134780 -0.084380 -0.987276
12.013450 -42.838175 339.814675 638.824815 0.990165 0.099786 0.098065 -0.078115 0.975808 -0.204199 0.116068 -0.194530 -0.974005
12.648238 -45.577490 530.711903 355.921809 0.975216 0.166107 0.146159 -0.119883 0.951913 -0.281938 0.185963 -0.257429 -0.948234
8.839909 -38.176115 -460.908833 1876.591263 -0.990060 -0.105861 -0.092601 -0.102723 0.993982 -0.038039 0.096070 -0.028149 -0.994976
11.722532 -43.841104 238.803959 1980.783995 -0.962032 -0.229785 -0.147286 -0.208902 0.967206 -0.144475 0.175654 -0.108221 -0.978486
6.278142 -35.266766 -380.531737 2120.006520 -0.976890 -0.174626 -0.123255 -0.182003 0.981960 0.051283 0.112076 0.072531 -0.991049
8.114696 -35.488953 1069.690145 1662.644920 -0.960522 -0.256284 -0.108243 -0.258379 0.966028 0.005556 0.103142 0.033304 -0.994109
10.219264 -38.524740 1038.218658 2005.334772 -0.953796 -0.276651 -0.117212 -0.271710 0.960717 -0.056537 0.128248 -0.022077 -0.991496
5.604616 0.060381 1473.796943 1816.478334 0.354433 -0.854608 -0.379503 0.870481 0.153320 0.467714 -0.341526 -0.496124 0.798261
11.275992 -4.903399 1979.253320 -771.787261 0.680775 -0.726400 -0.094278 -0.610325 -0.491347 -0.621354 -0.405029 -0.480543 0.777837
14.832992 5.274411 997.199633 3072.410433 0.421638 -0.863217 -0.277628 0.848450 0.267550 0.456672 -0.319928 -0.428104 0.845206
2.072016 -3.093985 1838.416626 397.044308 0.665593 -0.733241 -0.139084 -0.622996 -0.443265 -0.644509 -0.410929 -0.515629 0.751840
12.440358 9.488618 -3624.369091 3012.778161 -0.668086 -0.514666 -0.537383 0.686441 -0.705018 -0.178183 -0.287159 -0.487923 0.824300
3.815991 -0.211984 -2251.845032 3077.665639 -0.659036 -0.480775 -0.578384 0.687264 -0.697337 -0.203445 -0.305518 -0.531579 0.789989
0.068746 -3.973263 171.827978 422.335058 -0.001058 -0.832660 -0.553784 0.920802 -0.216802 0.324222 -0.390028 -0.509582 0.766944
571.982996 -29.310110 82266.589659 521.591476 -0.482426 0.699645 0.527031 -0.508919 0.265830 -0.818741 0.712929 0.663198 -0.227819
1147.774954 -86.034790 -319485.426125 9044.198930 0.134642 0.971451 0.195333 -0.475791 0.236298 -0.847223 0.869192 -0.021134 -0.494023
0.617943 -39.485984 109.572835 -897.686611 -0.896121 0.288525 0.337224 0.177272 0.929293 -0.324020 -0.406868 -0.230581 -0.883907
0.698542 -36.051696 82.471724 -529.894523 -0.901134 0.255872 0.349982 0.062360 0.875369 -0.479417 -0.429033 -0.410194 -0.804780
2.030070 -59.515385 -518.241870 -893.789311 0.839014 -0.517927 0.166752 0.537733 0.742506 -0.399410 -0.083051 -0.424779 -0.901480
0.420954 -54.597139 -365.797331 -1359.012932 0.847487 -0.502181 0.171988 0.481637 0.591282 -0.646847 -0.223141 -0.631031 -0.742973
1.070765 -55.090247 228.844447 -757.851153 0.825271 -0.513036 0.236054 0.562096 0.705832 -0.431104 -0.054558 -0.488462 -0.870878
3.500865 -61.266970 179.212494 -115.601089 0.814340 -0.526693 0.243811 0.569851 0.805268 -0.163749 0.110088 -0.272283 -0.955899
-0.266597 -55.445847 886.602506 -1071.284629 0.787186 -0.539340 0.299084 0.612163 0.742159 -0.272866 0.074800 -0.397884 -0.914381
-1.550672 -47.688700 648.519660 -1058.418884 0.827759 -0.503601 0.247389 0.552551 0.655055 -0.515354 -0.097479 -0.563284 -0.820493
