15623
31238
-38.772292 -58.024799 -510.436814 6646.543664 0.237458 0.965156 -0.109939 0.723999 -0.251300 -0.642397 0.647641 -0.072947 0.758445
-42.231694 -68.508840 -553.622192 6691.769867 0.248872 0.954432 -0.164688 0.793024 -0.298424 -0.531089 0.556035 -0.001572 0.831157
-50.145534 -72.605564 799.587170 6631.926861 0.030725 0.997940 0.056315 0.857781 0.002597 -0.514009 0.513097 -0.064099 0.855934
-37.966560 -60.030661 457.576405 5849.335139 0.392977 0.845839 -0.360728 0.655086 -0.532814 -0.535697 0.645315 0.025791 0.763481
-41.493707 -69.284479 -292.296901 11711.719217 -0.036945 0.983118 0.179204 0.775146 0.141372 -0.615762 0.630701 -0.116160 0.767283
-28.454339 -46.895748 -2485.989029 6059.190279 0.246522 0.968495 -0.035291 0.647858 -0.191770 -0.737228 0.720769 -0.158879 0.674722
-31.513371 -46.561854 -149.284468 2733.959293 0.520588 0.718832 -0.460726 0.473722 -0.692115 -0.544577 0.710334 -0.065244 0.700834
-47.538067 -70.949275 5323.946029 639.883285 -0.307845 -0.942457 -0.130406 0.948759 -0.314356 0.032183 -0.071325 -0.113816 0.990938
-35.654194 -75.843694 -11699.541779 3453.135966 0.141998 0.973914 0.176997 0.967008 -0.174688 0.185419 -0.211501 -0.144829 0.966588
-6.441484 -74.889286 26086.866812 10013.325987 -0.244774 -0.898736 -0.363813 0.962604 -0.270188 0.019810 -0.116102 -0.345359 0.931261
7.669960 -81.572072 -24414.167410 1351.741486 0.150311 0.950780 0.270969 0.939508 -0.222700 0.260249 -0.307785 -0.215459 0.926739
-29.890336 -69.738074 21642.126745 1159.078521 -0.269943 -0.895905 -0.352825 0.961498 -0.270406 -0.049009 -0.051499 -0.352470 0.934405
47.431652 -133.649850 31477.771016 35195.323611 -0.201255 -0.927641 -0.314609 0.978832 -0.178256 -0.100561 0.037204 -0.328188 0.943880
26.913948 -18.395378 463.286507 -3011.896091 -0.548475 0.835899 -0.021162 0.758506 0.508026 0.408141 -0.351916 -0.207804 0.912673
28.442676 -15.567051 2491.612084 -1092.580229 -0.551015 0.833680 -0.036877 0.741742 0.509540 0.436104 -0.382362 -0.212947 0.899140
23.024170 -17.643185 4866.691564 -1543.777653 -0.553888 0.823171 -0.124890 0.728296 0.551714 0.406444 -0.403476 -0.134167 0.905100
23.668898 -22.600765 3436.052874 -1454.703023 -0.563882 0.816109 -0.126501 0.747078 0.569364 0.343073 -0.352010 -0.098946 0.930751
12.929443 -18.734545 5449.901481 155.343472 -0.625254 0.753442 -0.203427 0.648794 0.646696 0.401062 -0.433732 -0.118783 0.893178
13.186554 -20.953465 3889.448391 -398.727797 -0.640196 0.738677 -0.210964 0.651836 0.667650 0.359658 -0.406521 -0.092738 0.908923
71.422189 -97.481273 -26884.080473 -2196.779765 0.915918 -0.252843 0.311714 -0.400473 -0.523907 0.751760 0.026768 0.813383 0.581112
13.790100 -101.232320 -12950.141801 -2213.616433 0.808124 -0.322401 0.492944 -0.588098 -0.488275 0.644770 -0.032817 0.810953 0.584190
7.744610 -92.368513 -6637.620399 -10244.535166 0.838381 -0.347337 0.420087 -0.515510 -0.254840 0.818111 0.177106 0.902449 0.392709
58.333376 -101.667300 -31429.738468 8620.910347 0.842416 -0.259301 0.472333 -0.500926 -0.699838 0.509215 -0.198517 0.665575 0.719445
175.650872 -111.773189 -65051.329332 8809.507625 0.928468 -0.237447 0.285597 -0.364507 -0.730126 0.577971 -0.071284 0.640730 0.764450
216.577337 -110.527451 -69693.073516 446.711837 0.964695 -0.240282 0.107831 -0.237647 -0.617700 0.749647 0.113519 0.748806 0.652995
-27.811794 -49.235229 -210.595486 615.059763 -0.095542 0.613028 -0.784263 0.450727 0.729115 0.515012 0.887534 -0.304283 -0.345969
-25.301820 -47.240473 -1475.331269 26.939824 -0.037308 0.575067 -0.817255 0.435526 0.745423 0.504640 0.899403 -0.337109 -0.278267
-26.681735 -48.723249 -1472.628398 226.692652 -0.029716 0.612527 -0.789891 0.518287 0.685151 0.511807 0.854690 -0.394181 -0.337825
-27.501388 -52.978496 -1190.396292 -2506.450554 -0.029783 0.660098 -0.750589 -0.554717 -0.635589 -0.536951 0.831506 -0.400372 -0.385097
-26.429584 -52.128507 -2023.447761 -1301.023231 0.044261 0.650159 -0.758508 -0.592076 -0.594472 -0.544104 0.804666 -0.473177 -0.358632
-1.703610 -69.747112 -292.569149 -485.139868 0.408354 0.903768 -0.128260 0.682970 -0.209272 0.699826 -0.605640 0.373374 0.702704
-0.672352 -71.763548 -877.388704 -2998.680473 0.401209 0.905471 -0.138399 0.550486 -0.117586 0.826522 -0.732118 0.407795 0.545625
-1.513065 -72.277342 1001.065379 -2660.015155 0.418296 0.896812 -0.144070 0.549661 -0.123652 0.826186 -0.723119 0.424780 0.544666
-3.226765 -72.871842 1319.070280 -1538.109778 0.414022 0.897972 -0.149103 0.618163 -0.157128 0.770185 -0.668177 0.411044 0.620147
-1.811016 -70.909967 -54.532383 2634.902902 0.428906 0.895459 -0.119134 0.789972 -0.307832 0.530268 -0.438160 0.321548 0.839418
-1.237593 -69.291889 -530.243066 3791.770981 0.418685 0.900441 -0.117934 0.762481 -0.278017 0.584234 -0.493280 0.334532 0.802971
-2.484053 -71.739876 619.589917 2695.398735 0.417937 0.898532 -0.134051 0.756019 -0.262174 0.599750 -0.503749 0.352003 0.788880
0.057381 -95.607583 -103.677932 2636.012866 0.292343 0.954968 0.050705 0.661918 -0.163794 -0.731462 0.690217 -0.247401 0.679995
9.156311 -90.557893 181.929850 6293.934779 0.315331 0.948737 0.021564 0.470320 -0.136503 -0.871875 0.824236 -0.285071 0.489254
4.158101 -92.218856 1670.489582 3971.908429 0.342344 0.939086 -0.030293 0.590368 -0.240077 -0.770603 0.730935 -0.245927 0.636595
-5.661803 -94.309408 18.630015 -209.461808 0.308275 0.950809 0.030469 0.754530 -0.224880 -0.616534 0.579354 -0.213052 0.786739
-2.807111 -91.464551 2283.196504 714.162626 0.354064 0.933666 -0.053905 0.711075 -0.306196 -0.632942 0.607463 -0.185771 0.772320
6.624839 -88.759595 1985.935147 2821.144183 0.415440 0.904167 -0.099455 0.558545 -0.339865 -0.756650 0.717939 -0.258793 0.646212
-0.020877 -107.939923 2885.141180 3671.590125 0.042048 0.983946 0.173443 0.979993 -0.074418 0.184597 -0.194541 -0.162211 0.967389
-4.328274 -104.664425 475.685890 1566.072889 0.064300 0.977465 0.201066 0.942674 -0.125609 0.309173 -0.327461 -0.169660 0.929508
-5.286460 -106.046845 -764.681643 2893.017828 -0.066855 -0.977388 -0.200608 0.987575 -0.093480 0.126323 -0.142220 -0.189670 0.971493
369.536753 -57.132833 148029.580564 -6853.131143 0.086958 0.942213 -0.323531 -0.953320 0.172972 0.247510 -0.289169 -0.286905 -0.913273
113.201839 -41.055021 46974.602013 1398.788825 0.131441 0.927233 -0.350660 0.973574 -0.187381 -0.130548 -0.186755 -0.324234 -0.927359
55.365439 -36.299608 26072.077833 -1776.053426 0.274986 0.910211 -0.309675 -0.927325 0.336141 0.164551 -0.253870 -0.241921 -0.936496
91.428846 -40.091199 32563.118094 -816.580178 0.308447 0.886707 -0.344401 -0.883834 0.401010 0.240889 -0.351706 -0.230092 -0.907392
-23.016516 -59.728315 9658.208177 3339.920418 0.880296 -0.016542 -0.474136 -0.395493 -0.577577 -0.714136 0.262037 -0.816169 0.514981
11.299819 -46.692706 19007.948679 -1280.359446 0.662229 -0.166667 -0.730531 0.691761 0.510664 0.510578 0.287959 -0.843472 0.453470
-18.611382 -57.677761 8967.994789 3187.449600 0.869998 0.003811 -0.493040 -0.370588 -0.654527 -0.658983 0.325219 -0.756029 0.568026
-39.717919 -73.603940 4959.320408 2875.206287 0.970979 0.170831 -0.167378 -0.011527 -0.665611 -0.746210 0.238885 -0.726484 0.644325
139.299077 -142.159409 52487.794816 36826.911843 -0.061615 0.954289 -0.292466 -0.903923 0.070902 0.421778 -0.423235 -0.290354 -0.858235
234.062791 -84.291760 83619.697129 24739.615632 -0.083105 0.955598 -0.282711 -0.866045 0.071094 0.494886 -0.493011 -0.285968 -0.821683
939.515634 -569.118790 354649.706380 197850.715810 -0.130159 0.933517 -0.334071 -0.911763 0.019686 0.410245 -0.389548 -0.357991 -0.848584
5.284760 -79.419536 251.928942 3382.363291 0.047611 0.962007 0.268843 -0.201879 -0.254326 0.945813 -0.978252 0.099305 -0.182100
7.907871 -82.708434 1461.561776 2215.983304 0.057605 0.951847 0.301113 -0.126492 -0.292224 0.947948 -0.990294 0.092695 -0.103567
10.044360 -76.725951 810.238722 -2088.344553 0.019107 0.928565 0.370677 -0.033968 -0.369928 0.928439 -0.999240 0.030331 -0.024473
14.303060 -85.874117 573.952340 -2905.017625 0.004685 0.923872 0.382672 0.194794 -0.376189 0.905835 -0.980833 -0.070298 0.181727
5.130774 -85.927291 -5147.258268 -9498.032152 -0.113411 0.915661 0.385621 0.042508 -0.383298 0.922646 -0.992638 -0.121030 -0.004547
-7.375836 -221.005693 -4154.980908 33782.952174 -0.310450 0.729268 -0.609745 -0.317501 0.525052 0.789628 -0.895999 -0.438735 -0.068541
-10.365952 -211.881304 -2121.649545 25077.058173 -0.288514 0.758789 -0.583951 -0.284823 0.514261 0.808957 -0.914131 -0.399718 -0.067749
-12.255504 -238.099660 -1898.311786 19514.653698 -0.293229 0.757389 -0.583420 -0.573868 0.348641 0.741030 -0.764652 -0.552097 -0.332409
-2.582203 -170.927554 -3795.363302 25903.806936 -0.306764 0.724564 -0.617173 -0.036042 0.639129 0.768255 -0.951103 -0.257917 0.169947
-9.778309 -254.236932 -3571.173293 29587.656622 -0.307646 0.727189 -0.613636 -0.619772 0.336191 0.709125 -0.721967 -0.598475 -0.347264
-1.289610 -186.312700 -4222.815555 31773.893175 -0.305240 0.693059 -0.653068 -0.081413 0.664294 0.743024 -0.948789 -0.279969 0.146345
-3.524811 -233.823947 -3664.121091 36109.462599 -0.305213 0.705712 -0.639387 -0.389878 0.519971 0.760017 -0.868815 -0.481250 -0.116440
-10.405278 -164.243708 -2653.758032 -21402.557021 -0.164300 0.832792 -0.528642 0.683158 0.482658 0.548029 -0.711548 0.271105 0.648229
-8.297016 -135.296691 -1526.439709 -11297.336556 -0.202007 0.806915 -0.555051 0.525904 0.567467 0.633566 -0.826207 0.163919 0.538992
-6.113648 -168.103138 -1829.526202 -21809.531791 -0.192465 0.825936 -0.529893 0.691943 0.497121 0.523532 -0.695825 0.265894 0.667179
-22.598111 -46.714217 3212.063492 17.077988 0.542452 -0.834271 0.098681 0.839653 0.542194 -0.031768 -0.027001 0.100090 0.994612
-10.591368 -48.676498 5198.953656 306.709147 0.460236 -0.886481 0.048307 0.887273 0.461151 0.009252 -0.030479 0.038604 0.998790
-18.264878 -49.032887 3917.783011 -630.549663 0.438802 -0.896285 0.064234 0.896206 0.431326 -0.103790 0.065320 0.103110 0.992523
-17.100781 -682.456178 4036.088629 -184666.044341 -0.365499 0.895171 -0.255106 -0.263107 -0.362249 -0.894176 0.892852 0.259700 -0.367927
-2.804477 -1625.227381 -8349.640663 -635599.506585 -0.276993 0.870017 -0.407854 -0.091169 -0.446344 -0.890205 0.956537 0.209397 -0.202953
-20.275908 -1064.148706 467.277715 -348871.457392 -0.335197 0.895077 -0.294074 -0.603979 -0.443704 -0.662070 0.723086 0.044309 -0.689336
-29.345017 -1268.851452 -15965.762540 -170623.190509 -0.483890 0.830143 -0.276970 -0.635918 -0.550977 -0.540400 0.601214 0.085364 -0.794516
9.594216 -38.283281 2902.088600 3463.815114 0.512870 -0.833910 -0.203859 0.755673 0.325866 0.568128 -0.407337 -0.445427 0.797290
6.196364 -43.655611 -3432.976485 1136.290910 -0.496792 0.838984 0.222045 0.703134 0.239122 0.669644 -0.508725 -0.488801 0.708712
14.935761 -41.576895 -3313.720195 2976.774603 -0.521222 0.836408 0.169557 0.713510 0.318082 0.624281 -0.468221 -0.446370 0.762577
18.277979 -34.427193 3485.845481 3799.227100 0.545738 -0.824378 -0.150234 0.739676 0.389677 0.548663 -0.393762 -0.410551 0.822435
21.008630 -37.595759 -3535.994907 3810.077180 -0.537051 0.832589 0.135543 0.718629 0.367428 0.590398 -0.441756 -0.414479 0.795650
1.882690 -86.996868 -84.247396 -1269.403015 -0.088537 0.889919 -0.447444 0.088864 -0.440359 -0.893413 0.992101 0.118862 0.040093
-0.285883 -97.058146 -1070.248556 -6588.899847 -0.073620 0.884910 -0.459907 -0.093990 -0.465262 -0.880169 0.992847 0.021572 -0.117426
0.164212 -82.403711 -585.865401 -2363.902335 -0.086217 0.896838 -0.433875 0.071450 -0.428809 -0.900565 0.993711 0.108644 0.027109
-0.165252 -98.598995 176.712042 -5685.674638 -0.089448 0.878561 -0.469180 -0.110079 -0.476902 -0.872036 0.989890 0.026355 -0.139369
0.327306 -50.986490 317.930747 1060.594969 0.626521 0.773095 -0.098971 0.268103 -0.333002 -0.904008 0.731842 -0.539845 0.415902
0.901980 -52.201411 -475.690761 1579.754089 0.633814 0.767446 -0.096471 0.330499 -0.381469 -0.863280 0.699321 -0.515275 0.495420
1.079772 -50.443861 -808.050231 765.672842 0.631439 0.769833 -0.092960 0.275433 -0.334736 -0.901159 0.724860 -0.543423 0.423403
8.565406 -143.767373 -1267.655951 1175.518091 0.205238 0.978155 0.033031 -0.539196 0.084840 0.837896 -0.816790 0.189778 -0.544829
5.817016 -142.218820 -1644.024101 8345.006997 0.186977 0.981379 0.043988 -0.525190 0.062020 0.848722 -0.830190 0.181794 -0.527006
2.461284 -175.352003 -2230.669333 17838.114644 0.173067 0.982832 0.063938 -0.730794 0.084622 0.677332 -0.660294 0.163949 -0.732893
6.409431 -159.640423 -1798.644875 16764.951683 0.193771 0.979827 0.048917 -0.700863 0.103368 0.705766 -0.686472 0.171041 -0.706754
3.510659 -217.535154 -1701.189970 41565.792649 0.202107 0.977744 0.056292 -0.837391 0.142717 0.527644 -0.507867 0.153779 -0.847598
-0.023422 -216.130679 -1606.918632 28300.373111 0.201584 0.975466 0.088481 -0.896790 0.147487 0.417151 -0.393867 0.163440 -0.904520
-0.217472 -192.549939 -2695.875473 20788.165225 0.185065 0.980792 0.061630 -0.896495 0.142805 0.419407 -0.402550 0.132869 -0.905704
0.413045 -169.872768 -1948.274349 18075.404515 0.148092 0.986657 0.067652 -0.751805 0.067870 0.655884 -0.642541 0.147992 -0.751824
19.500097 -105.089156 50.919940 -1727.168947 0.245365 0.967237 -0.065189 0.228345 -0.123016 -0.965777 0.942154 -0.222082 0.251047
14.067273 -110.640565 -26.189022 7297.570738 0.221703 0.974660 0.029773 -0.076958 0.047927 -0.995882 0.972073 -0.218498 -0.085634
15.418282 -125.263468 2502.740363 8692.305394 0.219869 0.975017 0.031618 -0.034915 0.040256 -0.998579 0.974904 -0.218452 -0.042894
15.920640 -85.646630 -2409.728976 4071.629649 0.252171 0.964860 -0.073852 0.086128 -0.098394 -0.991413 0.963842 -0.243645 0.107913
-4.059206 -165.668898 -939.591828 -31603.236964 -0.316680 -0.577233 0.752672 0.321336 0.681304 0.657699 -0.892444 0.450141 -0.030269
-14.105136 -145.177015 3551.182824 -9036.191378 -0.235722 -0.373254 0.897283 0.283506 0.856727 0.430863 -0.929548 0.355949 -0.096129
1.106982 -207.549324 2850.138953 -17824.245803 -0.232507 -0.412041 0.881001 0.449125 0.757976 0.473032 -0.862686 0.505662 0.008823
25.897566 -238.021537 805.888492 -38657.841129 0.312660 0.599482 -0.736794 0.609947 0.467916 0.639546 -0.728154 0.649366 0.219354
5.503769 -48.841486 -2036.656537 712.509559 -0.524848 0.781841 0.336540 -0.652001 -0.623438 0.431533 -0.547202 -0.007065 -0.836971
14.119697 -47.426357 -5764.919088 942.300557 -0.531242 0.778216 0.334905 -0.647704 -0.627875 0.431569 -0.546132 -0.012348 -0.837608
7.143356 -47.372577 -3417.289403 673.971717 -0.525253 0.787219 0.323105 -0.601102 -0.612007 0.513929 -0.602317 -0.075724 -0.794657
3.029337 -49.512552 1331.143680 663.191536 -0.497108 0.801557 0.332250 -0.662160 -0.597901 0.451728 -0.560738 -0.004555 -0.827980
4.994260 -50.342343 1173.250513 293.464823 -0.510932 0.789429 0.340221 -0.720380 -0.609163 0.331623 -0.469042 0.075652 -0.879930
1.788992 -47.982565 -158.187809 395.665139 -0.499149 0.805448 0.319537 -0.600621 -0.587401 0.542416 -0.624584 -0.078826 -0.776969
-9.271841 -43.786451 1990.833983 155.970540 -0.412343 0.885372 0.214684 -0.889747 -0.442006 0.113933 -0.195765 0.144035 -0.970015
-8.766317 -44.384787 1038.980618 -208.010721 -0.413701 0.883370 0.220247 -0.872697 -0.453693 0.180449 -0.259328 0.117557 -0.958608
-9.721587 -45.234871 96.704985 184.813199 -0.452825 0.864116 0.219665 0.878941 0.474005 -0.052756 -0.149710 0.169183 -0.974148
-9.187421 -43.547967 868.217142 238.065981 -0.397448 0.898017 0.188679 -0.879386 -0.431486 0.201248 -0.262137 0.085936 -0.961197
-9.900993 -44.626366 963.747150 -482.557347 -0.442290 0.872127 0.209223 0.890623 0.454581 -0.012132 -0.105690 0.180973 -0.977793
-9.808427 -43.480908 330.265455 430.640818 -0.421433 0.888103 0.183487 -0.891145 -0.443068 0.097730 -0.168091 0.122327 -0.978152
-21.824752 -32.830369 4378.942390 -947.379944 -0.263929 0.870406 0.415614 0.264439 -0.349085 0.899006 -0.927585 -0.347178 0.138036
-16.509384 -31.280124 6196.439132 -716.936010 -0.282504 0.926488 0.248620 0.145520 -0.214787 0.965759 -0.948164 -0.309010 0.074145
-27.484740 -35.035669 1905.361959 2757.059136 -0.200959 0.619366 0.758947 -0.343952 0.680814 -0.646676 -0.917231 -0.390996 0.076217
-25.593443 -37.361558 1065.046650 -1809.605061 -0.203960 0.673701 0.710301 0.427940 -0.591206 0.683624 -0.880493 -0.443399 0.167721
-20.563009 -32.846227 3661.426562 -1554.164252 -0.199856 0.838240 0.507357 0.348545 -0.423115 0.836355 -0.915737 -0.343988 0.207602
87.064748 -40.026543 11231.180806 1648.841213 0.772224 -0.615368 -0.158088 -0.030425 0.212718 -0.976640 -0.634621 -0.758995 -0.145544
92.857081 -37.498819 19688.753446 -798.775208 -0.480242 0.855001 0.195808 0.034393 -0.204708 0.978219 -0.876461 -0.476516 -0.068904
85.277516 -38.282376 -395.604431 831.866477 -0.662704 0.729826 0.167862 0.107690 -0.128947 0.985787 -0.741098 -0.671362 -0.006859
-0.516175 -65.798922 865.669440 3510.680867 -0.488858 0.859108 -0.151495 -0.851083 -0.507810 -0.133369 0.191509 -0.063736 -0.979419
-2.001471 -67.291139 218.598044 3332.525143 -0.470622 0.869777 -0.148335 -0.860643 -0.489567 -0.140062 0.194443 -0.061747 -0.978968
-1.045338 -60.937863 588.343929 2001.063042 -0.496537 0.855519 -0.146760 -0.861321 -0.506572 -0.038864 0.107593 -0.107110 -0.988408
1.421558 -56.599664 1477.280711 -2342.526882 -0.512181 0.846455 -0.145546 0.855568 0.517691 -0.000023 0.075329 -0.124536 -0.989351
2.688268 -61.382617 1474.421154 3122.846405 -0.513836 0.844499 -0.150977 -0.846354 -0.527777 -0.071665 0.140203 -0.090956 -0.985936
1.549899 -65.956119 1843.124512 2978.798088 -0.500609 0.853643 -0.143823 -0.825753 -0.520757 -0.216666 0.259852 -0.010297 -0.965593
-0.466697 -146.408152 343.437651 620.392689 -0.533139 0.842454 -0.077675 -0.586914 -0.302167 0.751150 -0.609339 -0.446057 -0.655545
0.637345 -137.880106 591.686510 335.791247 -0.533584 0.843473 -0.061976 -0.583560 -0.314139 0.748849 -0.612165 -0.435740 -0.659837
-0.845425 -136.305048 1132.544382 -5513.918653 -0.512836 0.854959 -0.077750 -0.736273 -0.391448 0.551969 -0.441476 -0.340315 -0.830232
-2.547732 -139.789585 1430.099842 -8540.118193 -0.504711 0.858644 -0.089422 -0.757204 -0.390561 0.523549 -0.414618 -0.331952 -0.847290
-2.775566 -131.234210 2299.717142 -9317.425862 -0.479924 0.872911 -0.087747 -0.841992 -0.430201 0.325539 -0.246418 -0.230117 -0.941448
-1.425894 -127.810203 820.503273 8150.166784 -0.489092 0.866049 -0.103669 0.845933 0.442017 -0.298359 -0.212570 -0.233622 -0.948807
12.417812 -102.615558 1908.741360 4480.924538 -0.673875 0.735298 0.072319 0.714357 0.623420 0.317869 0.188644 0.265865 -0.945373
14.650745 -95.906939 2334.043348 7438.188430 -0.674596 0.735373 0.064390 0.710986 0.623801 0.324608 0.198542 0.264760 -0.943654
13.325187 -92.978411 1789.729484 5328.725389 -0.668629 0.739377 0.079099 0.684671 0.570652 0.453411 0.290103 0.357321 -0.887785
-2.849353 -149.558000 1901.448399 22477.488355 0.921448 0.382326 0.068995 -0.343088 0.884122 -0.317206 0.182276 -0.268618 -0.945843
-6.283567 -154.057440 1226.409096 18404.921280 0.935905 0.347305 0.058832 -0.280685 0.836192 -0.471167 0.212834 -0.424454 -0.880080
-4.639126 -128.653137 311.690109 11089.781207 0.945258 0.320166 0.063100 -0.289626 0.912210 -0.289809 0.150347 -0.255669 -0.955002
-2.106532 -115.012829 -1092.035679 10069.162722 -0.930970 -0.357744 -0.072900 -0.347720 0.929674 -0.121642 0.111290 -0.087896 -0.989893
-3.855743 -111.438957 -246.385299 7118.604436 -0.946528 -0.316237 -0.063874 -0.310744 0.946859 -0.083043 0.086740 -0.058754 -0.994497
-6.177576 -132.222450 -98.641063 11305.406975 0.953052 0.296105 0.063351 -0.267803 0.921875 -0.280051 0.141326 -0.249938 -0.957892
-38.152716 -45.437590 6151.807301 -645.712839 0.180606 0.858473 0.480007 0.434605 -0.507459 0.744046 -0.882326 -0.074234 0.464747
-34.802533 -46.813899 4044.121943 5918.488856 0.478498 0.405937 0.778623 -0.318825 0.906528 -0.276689 -0.818163 -0.115849 0.563195
-26.449419 -38.526899 4430.939022 811.994852 0.208159 0.893742 0.397361 0.506669 -0.446033 0.737794 -0.836634 -0.047752 0.545677
-23.514176 -42.870300 5428.800573 1407.765370 0.068863 0.983151 0.169329 0.443135 -0.182213 0.877741 -0.893806 -0.014592 0.448216
-15.873938 -38.727141 3986.074896 1715.407621 0.093778 0.982533 0.160731 0.495787 -0.186088 0.848273 -0.863366 -0.000139 0.504578
-20.587538 -32.350611 2970.906449 1212.665569 0.269559 0.873569 0.405235 0.542598 -0.485434 0.685523 -0.795566 -0.035091 0.604849
-15.867984 -34.609100 4017.612306 2360.818111 0.129834 0.972409 0.193815 0.547277 -0.233277 0.803785 -0.826820 -0.001712 0.562464
-36.479891 -64.879098 -5454.872661 360.189149 -0.559944 -0.274427 0.781763 -0.487710 0.871934 -0.043245 -0.669778 -0.405488 -0.622075
-39.710230 -64.015478 -4337.834859 2507.947695 -0.437125 -0.460884 0.772339 -0.473268 0.848094 0.238232 -0.764813 -0.261386 -0.588845
-31.050313 -60.773123 -5869.088197 1747.192375 -0.560039 -0.352800 0.749592 -0.452690 0.888092 0.079770 -0.693850 -0.294659 -0.657075
-4.819367 -111.110096 -264.439113 -5701.660456 -0.562353 0.826840 -0.009724 -0.569001 -0.378405 0.730101 -0.599997 -0.416107 -0.683270
-5.325465 -101.427472 -112.528522 -2371.653109 -0.557034 0.830489 -0.001215 -0.631978 -0.422936 0.649407 -0.538811 -0.362510 -0.760440
-5.819000 -98.873033 177.540383 -5431.871327 -0.553655 0.832656 -0.012293 -0.700209 -0.457495 0.548093 -0.450748 -0.312062 -0.836327
5.941441 -58.851734 22.773798 -398.910709 -0.515260 0.853161 0.081379 0.786509 0.508444 -0.350553 0.340455 0.116621 0.933000
5.921131 -60.431521 -161.591836 639.836716 -0.494583 0.866610 0.066138 0.749836 0.463938 -0.471707 0.439471 0.183706 0.879271
6.096742 -57.253452 225.553950 1068.256904 -0.500027 0.862080 0.082403 0.748342 0.478014 -0.459877 0.435841 0.168285 0.884151
5.522890 -58.670909 -218.435452 145.253908 -0.481685 0.873851 0.066063 0.716044 0.435917 -0.545213 0.505233 0.215316 0.835690
5.656031 -56.836426 -55.940604 -94.823285 -0.481799 0.871648 0.089996 0.704535 0.446389 -0.551695 0.521057 0.202401 0.829176
6.392247 -55.535122 219.019213 143.791033 -0.494784 0.862936 0.102617 0.759151 0.486677 -0.432244 0.422940 0.135966 0.895899
-6.168898 -279.459518 3341.804758 -2837.337173 0.976003 0.127974 0.176185 -0.175130 -0.019542 0.984351 -0.129414 0.991585 -0.003339
-3.822012 -279.273020 2103.948276 -51182.688068 0.971835 0.143465 0.186961 -0.228593 0.381029 0.895858 -0.057286 0.913365 -0.403092
-11.509068 -263.713108 1436.174754 -40927.645046 0.968042 0.179777 0.174859 -0.224287 0.308649 0.924354 -0.112207 0.934032 -0.339107
-15.003684 -263.155613 1610.699171 -1082.315221 0.968872 0.182940 0.166792 -0.153503 -0.084640 0.984517 -0.194225 0.979474 0.053923
11.159215 -97.526544 3776.425048 469.513541 0.891500 0.300446 0.339059 -0.196116 -0.418716 0.886688 -0.408371 0.856976 0.314363
22.113600 -95.577122 3123.988875 2942.419414 0.839806 0.309587 0.445961 -0.235182 -0.532913 0.812830 -0.489300 0.787502 0.374735
10.261578 -92.277481 1507.555429 -1563.644698 0.827484 0.319438 0.461768 -0.353427 -0.342718 0.870421 -0.436301 0.883461 0.170696
-4.473874 -356.636251 -446.045232 25301.799576 0.939768 0.297621 0.168102 -0.205689 0.099611 0.973535 -0.273000 0.949473 -0.154828
-12.171665 -616.571257 6375.247276 -164224.706933 0.940139 0.306609 0.148759 -0.110106 -0.139820 0.984036 -0.322514 0.941510 0.097691
-7.298907 -461.658198 1130.685745 -85334.955103 0.933075 0.309256 0.183661 -0.093486 -0.284555 0.954091 -0.347320 0.907408 0.236600
-6.384053 -337.698138 2947.967681 -2003.440014 0.930992 0.296393 0.213084 -0.280946 0.209073 0.936674 -0.233074 0.931901 -0.277916
7.007794 -483.127303 -376.361295 99322.685716 0.955387 0.252790 0.152752 -0.255847 0.449905 0.855645 -0.147574 0.856553 -0.494509
1.106548 -225.576890 -35096.794701 -65467.849422 0.392054 0.812809 0.430855 -0.697402 -0.042831 0.715399 -0.599936 0.580954 -0.550063
607.946683 -970.245777 -284189.227205 340112.373866 0.283264 0.735569 0.615386 0.871442 0.070508 -0.485405 -0.400438 0.673771 -0.621033
1.294447 -102.265180 -4999.723254 24354.989859 0.299660 0.656477 0.692273 0.750784 0.285457 -0.595683 -0.588666 0.698250 -0.407333
6.162128 -469.655917 2436.585276 145517.204336 -0.834490 -0.540978 0.104730 -0.475166 0.802730 0.360337 -0.279005 0.250933 -0.926924
-22.368883 -151.768946 -3564.295892 32565.536009 0.782774 0.616212 0.086880 -0.220446 0.144018 0.964709 -0.581953 0.774301 -0.248575
8.270507 -45.443566 603.299898 -2362.979008 -0.355269 0.897683 0.260671 -0.787646 -0.137307 -0.600634 0.503387 0.418703 -0.755837
7.074136 -43.813790 3716.769999 -2435.116390 -0.396640 0.873470 0.282362 -0.759022 -0.139060 -0.636041 0.516297 0.466598 -0.718139
3.934086 -48.534977 4005.847688 1489.069256 -0.390980 0.872545 0.292916 0.825699 0.191910 0.530464 0.406640 0.449261 -0.795492
8.091315 -50.328279 -8.799083 1085.070777 -0.360759 0.900993 0.240966 0.857351 0.218661 0.465980 0.367155 0.374699 -0.851351
8.639578 -47.586314 -2960.954752 -1813.470949 -0.348702 0.913218 0.210806 -0.818386 -0.187060 -0.543371 0.456783 0.361996 -0.812594
6.034358 -43.302460 -3383.776455 -2376.420144 -0.330348 0.918627 0.216781 -0.772375 -0.131092 -0.621491 0.542501 0.372744 -0.752831
11.340470 -20.149723 -4106.154473 1246.198853 0.738254 -0.652746 -0.170010 0.312507 0.107630 0.943798 0.597762 0.749892 -0.283446
19.941694 -24.194837 -2392.982942 1786.867410 0.701478 -0.697462 -0.146542 0.287157 0.088411 0.953795 0.652280 0.711147 -0.262300
14.341948 -17.422742 -4716.577158 2011.000391 0.774825 -0.630556 -0.045234 0.172162 0.141620 0.974835 0.608282 0.763114 -0.218289
19.919569 -27.675994 -3125.440447 1008.465241 0.673966 -0.699459 -0.237756 0.402665 0.077981 0.912020 0.619380 0.710406 -0.334204
7.404255 -22.327759 -3840.667014 1983.360906 0.693518 -0.656294 -0.297173 0.438807 0.057653 0.896730 0.571385 0.752300 -0.327970
15.776293 -25.249324 -4724.610947 1428.380373 0.696876 -0.666853 -0.263952 0.418200 0.078841 0.904927 0.582644 0.741006 -0.333820
-13.918744 -96.835135 198.748166 5193.476655 -0.441353 0.896018 0.048567 0.661799 0.361580 -0.656721 0.605995 0.257704 0.752568
-12.922937 -102.410772 714.058354 5619.701425 -0.439519 0.895503 0.069985 0.678930 0.382215 -0.626870 0.588113 0.228006 0.775974
-14.478945 -91.079812 765.569940 2758.954030 -0.424405 0.904204 0.047911 0.544188 0.297000 -0.784634 0.723698 0.306930 0.618106
-21.314824 -43.037992 -1966.168871 916.803796 0.047971 0.833232 0.550838 -0.483242 0.501998 -0.717269 0.874172 0.231780 -0.426734
-23.803103 -43.442932 -3213.061758 1106.025208 0.086620 0.781053 0.618428 -0.385409 0.598699 -0.702154 0.918671 0.177527 -0.352884
-19.511064 -46.249555 -1847.616834 1079.289314 0.122370 0.776512 0.618106 -0.392196 0.609932 -0.688597 0.911706 0.158155 -0.379183
11.860330 -148.074139 2077.922970 -30875.562216 0.626382 0.299661 0.719617 0.751652 -0.476805 -0.455716 0.206557 0.826354 -0.523903
19.124055 -82.717613 1424.927608 -2830.704135 0.460732 0.415488 0.784280 0.886392 -0.260322 -0.382808 0.045113 0.871551 -0.488224
32.520961 -104.478633 6314.211529 4576.060913 0.531331 0.415153 0.738468 0.841615 -0.358282 -0.404126 0.096806 0.836231 -0.539766
-16.587815 -43.167496 488.604344 2368.155022 -0.495078 0.858098 0.136256 -0.742787 -0.499366 0.445984 -0.450739 -0.119588 -0.884609
-15.656294 -41.455575 498.980391 -1412.719166 -0.479053 0.868515 0.127239 -0.731690 -0.475180 0.488707 -0.484910 -0.141017 -0.863120
-15.368054 -43.285226 623.731787 -495.945905 -0.484506 0.859403 0.163340 -0.728357 -0.499726 0.468796 -0.484510 -0.108164 -0.868073
-15.754971 -42.382067 1085.596133 1436.836611 -0.476208 0.862839 0.169513 -0.765655 -0.501669 0.402618 -0.432434 -0.061941 -0.899536
-51.323745 -77.964828 -291.615988 3480.735081 0.125106 0.988090 -0.089586 0.905759 -0.150598 -0.396132 0.404906 0.031585 0.913813
-45.627805 -70.950559 397.511426 6185.199442 0.295391 0.905892 -0.303485 0.796682 -0.408891 -0.445090 0.527296 0.110306 0.842491
-59.164710 -71.833333 480.443923 -617.607311 0.246788 0.968434 0.035091 0.947782 -0.248757 0.199572 -0.202001 0.015994 0.979255
-37.760287 -77.874582 -9885.328566 -3971.974700 0.218958 0.963114 0.156428 0.912452 -0.258904 0.316860 -0.345672 -0.073353 0.935484
42.264594 -120.539757 -13008.489758 -1097.437303 0.194621 0.976641 0.091079 0.929633 -0.213276 0.300494 -0.312899 -0.026187 0.949425
35.268609 -111.065620 -28089.832376 -36828.316147 0.059673 0.960689 0.271140 0.775707 -0.215585 0.593129 -0.628265 -0.174931 0.758078
58.113233 -323.209253 -3477.820213 -162645.106850 0.248909 0.966254 0.066316 0.612027 -0.209987 0.762449 -0.750645 0.149193 0.643641
28.127446 -15.776694 -2671.034422 -1763.752255 -0.580886 0.812452 0.049928 0.744361 0.505379 0.436485 -0.329390 -0.290713 0.898325
27.314966 -16.267183 -1226.505731 1353.966050 -0.578210 0.814813 0.041866 0.743770 0.505313 0.437567 -0.335380 -0.284145 0.898210
-3.321590 -77.012457 -2272.986106 -10811.879069 0.826313 -0.358160 0.434659 -0.493579 -0.088793 0.865156 0.271270 0.929428 0.250152
-9.882828 -76.615915 -2476.956835 -8478.407720 0.785608 -0.379428 0.488727 -0.540489 -0.036386 0.840564 0.301151 0.924506 0.233661
-8.702839 -60.942676 -1609.185846 -4395.549663 0.829102 -0.361383 0.426606 -0.449302 0.023446 0.893072 0.332743 0.932123 0.142931
10.329492 -68.798642 -6275.446890 -8539.429677 0.904776 -0.320279 0.280718 -0.326279 -0.097646 0.940216 0.273720 0.942278 0.192848
-26.538876 -47.442123 -1773.228549 -939.856585 -0.055882 0.568303 -0.820920 0.364002 0.777213 0.513267 0.929720 -0.270134 -0.250296
-23.989231 -47.396539 -2043.930545 30.310727 0.012278 0.571322 -0.820634 0.361925 0.762511 0.536272 0.932127 -0.303592 -0.197413
-1.513114 -69.417871 610.811369 489.799527 0.397549 0.902591 -0.165180 0.483036 -0.052806 0.874007 -0.780148 0.427249 0.456977
-0.590250 -68.406844 -701.668733 -143.032728 0.400669 0.904396 -0.146740 0.485221 -0.073596 0.871289 -0.777190 0.420300 0.468319
1.832917 -98.208888 296.037382 2388.108914 0.232881 0.967711 0.096449 0.669455 -0.087583 -0.737671 0.705405 -0.236358 0.668235
10.345944 -97.039812 1350.142475 6480.357372 0.210861 0.973802 0.085134 0.462033 -0.022538 -0.886577 0.861431 -0.226279 0.454680
8.237165 -105.324397 5632.893352 314.418082 0.031545 0.988940 0.144924 0.924053 -0.084121 0.372894 -0.380961 -0.122155 0.916486
12.901502 -104.558027 3771.418453 426.130733 -0.008472 0.987188 0.159336 0.926777 -0.052086 0.371982 -0.375516 -0.150821 0.914462
14.721923 -102.912844 5241.080542 -4039.688791 0.028699 0.986391 0.161893 0.817049 -0.116452 0.564686 -0.575854 -0.116069 0.809272
7.446973 -101.588224 3553.275572 -7205.323042 0.039584 0.985014 0.167871 0.808584 -0.130280 0.573777 -0.587048 -0.113025 0.801623
477.201411 -43.873016 158805.362056 -4067.310306 -0.020238 0.899211 -0.437048 0.985676 -0.055260 -0.159339 -0.167430 -0.434012 -0.885212
243.652625 -54.400186 90475.025230 -2288.363106 0.031164 0.916000 -0.399966 0.985017 -0.096054 -0.143233 -0.169620 -0.389510 -0.905269
497.905935 -46.152260 182236.298313 5115.332059 -0.084864 0.903199 -0.420750 0.966818 -0.027476 -0.253984 -0.240959 -0.428342 -0.870897
239.556242 -57.195668 84135.440789 -2407.391125 -0.064635 0.893470 -0.444448 0.995930 0.029719 -0.085093 -0.062819 -0.448139 -0.891754
9214.136213 -573.412702 1704323.656169 -258093.724486 0.096727 -0.162367 -0.981978 0.982767 -0.140563 0.120046 -0.157521 -0.976667 0.145973
704.064787 -85.496801 229059.212310 -27444.529150 -0.057288 0.908506 -0.413927 0.988911 -0.005263 -0.148416 -0.137016 -0.417839 -0.898130
1404.886120 -67.066841 569410.860181 339.784256 -0.222736 0.145274 -0.963994 0.974595 0.057020 -0.216593 0.023502 -0.987747 -0.154284
0.476787 -50.230844 21191.973624 -1898.201426 0.673766 -0.149201 -0.723726 0.703740 0.428262 0.566870 0.225367 -0.891252 0.393547
57.037797 -41.313811 29708.868574 -511.494853 0.497423 -0.261244 -0.827237 0.845282 0.360426 0.394450 0.195111 -0.895458 0.400109
55.639325 -37.799448 20233.433939 -207.718051 0.503111 -0.346239 -0.791832 0.836101 0.426831 0.344600 0.218665 -0.835424 0.504235
-3.373017 -152.952874 5854.972210 37768.960086 0.021865 0.939950 -0.340612 -0.917727 0.154025 0.366134 -0.396610 -0.304584 -0.865985
-11.834804 -95.358325 3151.683078 17984.701903 -0.006921 0.939242 -0.343187 -0.868661 0.164362 0.467347 -0.495359 -0.301347 -0.814745
3.432983 -76.758222 8134.883944 14608.150980 -0.033990 0.951849 -0.304677 -0.849728 0.132959 0.510180 -0.526124 -0.276234 -0.804294
-12.635481 -157.723281 3209.268194 -33612.019015 -0.001583 0.931500 -0.363737 0.944557 -0.118039 -0.306398 -0.328345 -0.344055 -0.879668
7.749086 -94.523842 -1705.601643 3206.505192 0.043531 0.964177 0.261664 -0.169155 -0.251018 0.953088 -0.984628 0.085750 -0.152168
9.109896 -89.351561 486.565573 1736.148693 0.050233 0.954667 0.293406 0.004902 -0.294009 0.955790 -0.998725 0.046574 0.019449
9.664207 -88.897857 955.544462 2110.555878 0.053956 0.953776 0.295636 -0.043937 -0.293512 0.954945 -0.997576 0.064514 -0.026070
-5.819750 -59.613319 153.725957 1415.829155 0.546925 0.711611 -0.441002 0.616536 0.013995 0.787203 0.566354 -0.702434 -0.431079
-6.107531 -63.949541 78.310149 1308.654493 0.542799 0.714752 -0.441020 0.680979 -0.067209 0.729212 0.491566 -0.696141 -0.523212
-6.230282 -58.836058 249.337729 1601.173878 0.555188 0.723108 -0.410951 0.566186 0.033356 0.823602 0.609261 -0.689929 -0.390895
-5.573291 -57.908897 733.386858 -71.488977 0.554495 0.721027 -0.415517 -0.544083 -0.063707 -0.836609 0.629690 -0.689972 -0.356973
-5.453164 -56.016541 828.439355 -1218.571328 0.564035 0.732165 -0.381837 -0.454166 -0.111126 -0.883959 0.689636 -0.672002 -0.269846
-14.570653 -232.735597 -652.887261 10759.083443 -0.265209 0.784464 -0.560608 -0.542971 0.358961 0.759163 -0.796773 -0.505731 -0.330742
-5.209080 -175.192929 -250.762436 25715.768203 -0.272500 0.768995 -0.578266 0.016159 0.604583 0.796378 -0.962020 -0.207669 0.177175
-10.191380 -226.763375 583.010361 29953.526339 -0.260433 0.801450 -0.538380 -0.230098 0.490034 0.840786 -0.937672 -0.342849 -0.056791
-1.654153 -176.225303 -150.321143 -13007.425597 -0.212950 0.811011 -0.544898 0.614082 0.544871 0.570981 -0.759971 0.213021 0.614057
-0.520014 -202.767580 574.088892 -22073.556038 -0.185758 0.821339 -0.539349 0.796986 0.446997 0.406211 -0.574724 0.354397 0.737628
-1.892958 -221.990655 -1657.008883 -28415.697071 -0.191237 0.826967 -0.528729 0.698170 0.493231 0.518924 -0.689918 0.269905 0.671688
-20.801551 -46.862887 -145.052096 630.401856 0.762280 -0.615838 0.199180 0.603337 0.787499 0.125814 -0.234335 0.024267 0.971853
-14.542468 -46.715288 -2894.193560 796.432389 -0.637648 0.760490 -0.122722 0.738013 0.648755 0.185616 -0.220776 -0.027787 0.974929
-23.561712 -45.990228 -1539.743211 636.847872 -0.664409 0.732757 -0.147062 0.734075 0.676781 0.055687 -0.140334 0.070956 0.987558
-2.096179 -92.102630 -674.045946 -9010.794306 -0.088981 0.889992 -0.447210 -0.076594 -0.453775 -0.887818 0.993084 0.044745 -0.108545
-1.948011 -117.297686 -492.587423 -11239.358822 -0.078494 0.882996 -0.462771 -0.291208 -0.464266 -0.836454 0.953434 -0.069106 -0.293578
-2.957715 -116.138375 -811.092545 -12993.020949 -0.082585 0.889225 -0.449954 -0.262143 -0.454980 -0.851043 0.961489 -0.047669 -0.270679
-7.226755 -17.643154 1482.952054 2858.564665 -0.615134 0.736200 0.282170 -0.276175 0.134014 -0.951718 0.738470 0.663362 -0.120883
-7.581424 -12.775235 1436.890920 2816.414848 -0.636425 0.749124 0.183782 -0.236994 0.036828 -0.970813 0.734028 0.661405 -0.154100
-5.799318 -15.739038 906.499840 2495.295360 -0.638401 0.743409 0.199467 -0.228718 0.064220 -0.971372 0.734936 0.665747 -0.129033
-9.355335 -16.972957 1447.093183 3289.214911 -0.586572 0.743463 0.321240 -0.311197 0.159294 -0.936900 0.747722 0.649529 -0.137926
-7.904961 -22.533505 520.429507 2557.774899 -0.607806 0.732733 0.306063 -0.259813 0.180715 -0.948599 0.750379 0.656083 -0.080534
-8.678349 -21.707932 1207.202545 2678.014050 -0.585738 0.729849 0.352466 -0.300831 0.208037 -0.930710 0.752604 0.651184 -0.097706
2.564354 -51.993486 -1337.106926 1015.423003 0.637058 0.765179 -0.093050 0.335640 -0.384040 -0.860150 0.693904 -0.516735 0.501481
1.548467 -51.246808 -1143.566445 39.052476 0.639112 0.763027 -0.096575 0.418603 -0.450433 -0.788595 0.645219 -0.463574 0.607282
10.668389 -131.631306 -2027.241875 -2854.782981 0.213020 0.976925 0.015466 -0.383026 0.068936 0.921162 -0.898840 0.202149 -0.388872
7.902828 -134.844818 -1693.643477 1935.532613 0.176072 0.983166 0.048814 -0.360987 0.018355 0.932390 -0.915799 0.181789 -0.358142
31.827203 -102.117235 -2258.567145 -12206.303486 0.280717 0.939069 -0.198364 0.468013 -0.314366 -0.825916 0.837951 -0.139012 0.527744
54.214890 -91.800797 -6538.143524 -4006.529372 0.332035 0.869415 -0.365882 0.542040 -0.493312 -0.680321 0.771975 -0.027568 0.635055
37.237854 -79.963291 -3666.757921 -4653.487965 0.272084 0.875672 -0.398961 0.414462 -0.480817 -0.772681 0.868442 -0.044880 0.493755
41.062297 -114.037279 -2771.236382 -7856.375789 0.323698 0.929960 -0.174338 0.572051 -0.339124 -0.746828 0.753642 -0.142017 0.641759
23.603133 -44.769701 -5150.835836 1673.786857 -0.503408 0.780641 0.370378 -0.607679 -0.624598 0.490514 -0.614253 -0.021858 -0.788806
23.541831 -47.620375 -4838.527920 1076.573164 -0.506793 0.773727 0.380140 -0.674848 -0.630462 0.383534 -0.536414 0.062165 -0.841662
25.351666 -50.085161 -5505.188433 1259.299350 -0.500599 0.775276 0.385159 -0.724853 -0.618632 0.303121 -0.473275 0.127441 -0.871648
31.183782 -49.518892 -1829.962829 1739.582868 -0.456790 0.769537 0.446268 -0.710265 -0.617547 0.337875 -0.535599 0.162631 -0.828665
28.639133 -46.364417 -421.135696 1346.152929 -0.448872 0.770876 0.451956 -0.640773 -0.630193 0.438482 -0.622835 0.092779 -0.776833
-9.537978 -46.303757 -1638.434103 -341.536757 -0.487828 0.843023 0.226572 -0.841262 -0.523300 0.135775 -0.233027 0.124372 -0.964484
-5.529562 -45.519079 931.659537 -505.276925 -0.417473 0.881032 0.222484 -0.849316 -0.465371 0.249183 -0.323076 0.084932 -0.942554
-25.812399 -31.318211 2037.859887 2425.638614 -0.250836 0.645500 0.721395 -0.252287 0.675875 -0.692491 -0.934576 -0.355700 -0.006683
65.511086 -37.546618 21939.009068 1924.091777 -0.264066 0.950621 0.163061 0.205265 -0.109799 0.972528 -0.942409 -0.290282 0.166135
75.363990 -36.154134 22300.706991 2153.453532 -0.306597 0.942609 0.132235 0.245478 -0.055922 0.967788 -0.919641 -0.329181 0.214244
92.188805 -37.240110 19158.429438 2213.608054 -0.445472 0.880312 0.163108 0.195097 -0.082356 0.977320 -0.873780 -0.467191 0.135059
-1.821120 -70.061270 -566.862934 502.789726 -0.440586 0.885444 -0.147894 -0.830607 -0.464580 -0.307013 0.340552 0.012424 -0.940144
-0.918844 -69.113532 -320.250871 4319.629692 -0.455443 0.877681 -0.149158 -0.869265 -0.474589 -0.138362 0.192226 -0.066642 -0.979085
-0.876555 -62.819510 -784.138181 2904.637001 -0.478591 0.862592 -0.163968 -0.869550 -0.491529 -0.047758 0.121791 -0.119722 -0.985309
1.168551 -141.092934 495.299200 2107.112218 -0.554587 0.830847 -0.046113 -0.429043 -0.238023 0.871359 -0.712990 -0.503029 -0.488474
2.263952 -136.120645 -1446.355519 3191.831027 -0.579927 0.813090 -0.050689 -0.390658 -0.222954 0.893128 -0.714892 -0.537752 -0.446937
-4.847017 -199.334620 3100.478943 29212.132130 0.910941 0.408876 0.054838 -0.309642 0.765504 -0.564026 0.272596 -0.496815 -0.823934
-7.722491 -172.058681 88.312148 13345.474004 0.939770 0.340001 0.035085 -0.220649 0.681847 -0.697423 0.261047 -0.647676 -0.715800
-44.811495 -57.274895 2693.239971 7565.851545 0.444885 0.176869 0.877949 -0.244978 0.966950 -0.070661 -0.861431 -0.183642 0.473510
-44.995049 -69.690303 -3136.817279 1504.649168 -0.419390 -0.368500 0.829650 -0.520150 0.846557 0.113073 -0.744014 -0.384121 -0.546713
-48.243667 -68.068398 -2343.196567 2465.745977 -0.270532 -0.551438 0.789131 -0.472724 0.790162 0.390098 -0.838656 -0.267507 -0.474442
-6.583664 -89.714544 -142.443154 -1701.930256 -0.511671 0.857155 -0.058968 -0.836677 -0.481489 0.261038 -0.195358 -0.182903 -0.963526
-6.931935 -93.861842 -784.344211 160.250017 -0.502615 0.860279 -0.085426 0.850325 0.474122 -0.228375 -0.155964 -0.187425 -0.969818
-6.283995 -97.967572 -1181.523749 -6051.994618 -0.529264 0.844801 -0.078681 -0.805565 -0.471231 0.359173 -0.266353 -0.253480 -0.929948
