13452
26894
-37.152861 -58.834661 -1648.793455 8567.418534 0.000718 0.998385 -0.056802 0.882985 -0.027296 -0.468607 0.469401 0.049818 0.881579
-46.812054 -65.907892 1638.148790 5810.316075 0.111793 0.972020 -0.206592 0.923875 -0.178233 -0.338655 0.366001 0.153006 0.917950
-41.737011 -79.594530 -3358.121197 11827.458752 -0.267747 0.962250 0.048856 0.893124 0.266896 -0.362072 0.361443 0.053310 0.930869
-33.065635 -49.846125 -737.541131 5120.825445 0.389722 0.866503 -0.311912 0.774304 -0.491663 -0.398397 0.498568 0.086251 0.862549
-27.252461 -72.272392 -6807.790267 12964.942750 -0.176521 0.977355 0.116697 0.864736 0.210619 -0.455929 0.470183 -0.020431 0.882333
-30.448171 -45.898733 -4173.449185 6434.652240 0.138186 0.986627 -0.086439 0.812963 -0.162844 -0.559083 0.565682 -0.006986 0.824594
-52.317192 -76.928515 -3134.627659 338.988535 -0.555479 -0.473091 0.683833 0.827717 -0.393261 0.400289 0.079552 0.788372 0.610033
-48.555259 -75.771362 -392.100136 87.881013 -0.602176 -0.383130 0.700425 0.792598 -0.392133 0.466926 0.095766 0.836327 0.539802
-51.454270 -75.843031 -1633.354773 -447.808213 -0.532415 -0.459995 0.710591 0.843189 -0.214204 0.493102 -0.074613 0.861697 0.501908
-51.595371 -76.808148 -4101.947625 -594.128986 -0.523688 -0.517316 0.676857 0.848389 -0.244523 0.469516 -0.077381 0.820117 0.566939
15.780294 -30.563810 4541.910462 -1740.336247 -0.151001 0.988464 -0.011690 0.627401 0.086692 -0.773855 0.763915 0.124187 0.633255
3.793412 -28.849068 3604.202082 -1736.991722 -0.216332 0.975597 0.037552 0.631106 0.169083 -0.757045 0.744920 0.140074 0.652283
11.209953 -33.021394 4666.168375 -1522.107357 -0.200793 0.979361 0.023126 0.573202 0.136598 -0.807948 0.794432 0.148975 0.588799
20.299391 -36.063623 3904.502126 -1483.410384 -0.150724 0.988571 0.003023 0.547429 0.086010 -0.832421 0.823167 0.123811 0.554136
-8.087663 -45.982089 -3025.739234 -869.928423 0.808000 -0.571694 0.142486 0.469310 0.478293 -0.742283 -0.356209 -0.666634 -0.654763
-4.802984 -48.968147 -6426.434775 1922.451515 0.849615 -0.527392 0.003539 0.386565 0.618153 -0.684438 -0.358780 -0.582876 -0.729063
-15.150511 -48.489617 60.732336 1175.203602 0.786830 -0.587816 0.188072 0.547827 0.524868 -0.651459 -0.284225 -0.615619 -0.735003
15.390811 -34.634977 1693.860233 -1745.680909 0.134740 0.988037 -0.075015 0.969983 -0.146986 -0.193720 0.202429 0.046662 0.978185
14.494693 -28.952710 2072.702364 -2154.088188 0.157976 0.982186 -0.101761 0.982303 -0.166818 -0.085160 0.100619 0.086507 0.991157
9.172942 -31.773586 3140.948759 -1177.676800 0.149286 0.979263 -0.136959 0.969282 -0.172310 -0.175502 0.195462 0.106552 0.974906
4.364113 -32.062740 3041.626151 -3.675275 0.123411 0.983935 -0.129003 0.951919 -0.154109 -0.264767 0.280394 0.090125 0.955645
11.051246 -34.083502 2600.635099 -286.082739 0.108463 0.988653 -0.103928 0.950944 -0.133655 -0.279003 0.289727 0.068568 0.954650
-1.877109 -67.485726 44.066870 41.184119 0.328359 0.942878 -0.056234 -0.650276 0.182477 -0.737457 0.685070 -0.278718 -0.673049
-2.240775 -69.121917 -341.787744 -689.598978 0.309531 0.947536 -0.079789 -0.758325 0.195352 -0.621917 0.573702 -0.253009 -0.779008
-2.301830 -68.425329 -650.149062 -178.282593 0.316182 0.945261 -0.080688 -0.740995 0.192954 -0.643192 0.592415 -0.263155 -0.761442
-2.605158 -68.999657 -336.967900 -717.445293 0.295270 0.951845 -0.082506 -0.834846 0.215052 -0.506740 0.464594 -0.218505 -0.858142
-2.197704 -65.541213 479.608162 769.347277 0.308620 0.949716 -0.052858 -0.788992 0.224561 -0.571895 0.531268 -0.218203 -0.818622
166.516405 -45.376431 55343.411194 1621.432213 0.174459 0.968671 -0.176750 -0.044586 0.187089 0.981331 -0.983654 0.163322 -0.075828
529.096293 -70.459052 150085.722621 4554.267168 0.211479 0.966218 -0.147309 -0.134907 0.178131 0.974715 -0.968027 0.186258 -0.168020
17.752724 -42.163090 8263.223218 2029.801796 0.182835 0.983130 0.005202 -0.107403 0.014714 0.994107 -0.977259 0.182316 -0.108282
7.603023 -38.669452 5132.322675 57.731039 0.160051 0.986342 0.038913 -0.031085 -0.034365 0.998926 -0.986619 0.161088 -0.025160
167.750493 -48.256235 60365.347970 430.691251 0.132089 0.967727 -0.214610 0.075364 0.206076 0.975629 -0.988369 0.145044 0.045712
15.420220 -28.182853 -1780.444911 901.071036 0.126151 0.956599 -0.262688 0.986245 -0.092431 0.137032 0.106804 -0.276361 -0.955101
17.756936 -35.895743 523.812390 1700.694000 0.145419 0.969934 -0.195143 0.979883 -0.113947 0.163843 0.136681 -0.215043 -0.966993
19.789624 -33.557145 -98.928138 570.195144 0.080843 0.975125 -0.206385 0.994989 -0.066731 0.074455 0.058830 -0.211370 -0.975634
18.338231 -32.745365 -130.498079 -257.240355 0.251273 0.943615 -0.215527 0.946745 -0.193288 0.257515 0.201337 -0.268756 -0.941931
14.600513 -27.408736 -2032.038871 -45.430141 0.262229 0.923731 -0.279207 0.953130 -0.202672 0.224651 0.150930 -0.325030 -0.933582
-4.817552 -127.426497 -1115.153067 4589.979481 0.683512 -0.317513 0.657265 0.035502 0.913833 0.404536 -0.729075 -0.253171 0.635888
-5.435218 -122.757894 -204.602119 2480.243913 0.693019 -0.377320 0.614292 0.286139 0.926068 0.246014 -0.661702 0.005281 0.749749
-5.810061 -114.611693 447.595125 -408.288904 0.704770 -0.342673 0.621187 0.161561 0.930125 0.329797 -0.690794 -0.132072 0.710887
-13.253904 -96.186461 220.924123 -5074.215856 0.244390 0.960541 0.132796 -0.559781 0.251578 -0.789528 0.791782 -0.118615 -0.599176
-11.503440 -97.253766 -2212.004094 -2610.273125 0.294940 0.951434 0.088228 -0.610351 0.258636 -0.748718 0.735175 -0.166977 -0.656990
-13.015553 -99.951253 119.938656 -135.086989 0.256226 0.953452 0.158989 -0.701473 0.296575 -0.648057 0.665044 -0.054523 -0.744811
-13.381853 -102.387116 1291.572343 -3947.915857 0.216867 0.959880 0.177764 -0.542843 0.269925 -0.795275 0.811351 -0.075971 -0.579602
-13.704587 -104.347725 718.527933 1410.449155 0.232062 0.951040 0.204134 -0.722147 0.309046 -0.618865 0.651652 0.003800 -0.758508
-13.394478 -99.307570 836.387416 3391.626763 0.246552 0.947181 0.205086 -0.851273 0.312806 -0.421291 0.463191 0.070714 -0.883433
-7.866662 -201.666339 928.185192 10671.772415 0.735885 -0.221947 0.639698 0.369623 -0.659894 -0.654155 -0.567320 -0.717830 0.403569
-6.370979 -191.732454 -1173.340446 16256.393624 0.701608 -0.288936 0.651354 0.401405 -0.594999 -0.696312 -0.588745 -0.749995 0.301475
-9.461993 -183.228971 -1176.212206 22976.291938 0.710481 -0.259374 0.654173 0.527105 -0.419745 -0.738901 -0.466237 -0.869793 0.161504
-7.088055 -169.799331 -1431.107766 21756.925569 0.696233 -0.260914 0.668718 0.604330 -0.289664 -0.742213 -0.387357 -0.920879 0.043996
21.673554 -22.117781 4026.885037 -921.424781 0.265001 0.902605 0.339233 0.952466 -0.299857 0.053792 0.150274 0.308853 -0.939163
14.996404 -20.295501 4351.633326 -1130.508218 0.231888 0.900223 0.368546 0.957027 -0.278962 0.079245 0.174149 0.334333 -0.926226
11.428359 -16.097034 4631.623086 -396.404553 0.348015 0.854386 0.385888 0.925955 -0.377632 0.001031 0.146605 0.356956 -0.922545
20.969912 -16.123526 4344.081955 -2167.714464 0.369601 0.857332 0.358297 0.924975 -0.376158 -0.054087 0.088406 0.351406 -0.932040
-23.429825 -380.503792 -1124.815994 -117793.567271 0.709922 -0.202051 0.674675 0.569314 -0.399298 -0.718639 -0.414598 -0.894280 0.168440
-60.384317 -1407.919077 77809.679485 441952.861300 0.944702 -0.257210 -0.203425 -0.327613 -0.712944 -0.619985 -0.014436 -0.652345 0.757784
-36.379476 -109.634316 -7488.203791 -29828.787727 -0.608133 -0.005263 -0.793818 0.624906 -0.619860 -0.474622 -0.489558 -0.784695 0.380246
0.011987 -14.254713 -1110.020506 -116.987999 0.065697 0.946297 -0.316554 0.997227 -0.051151 0.054055 0.034960 -0.319227 -0.947033
0.697813 -15.028922 255.072412 -1287.802255 0.385367 0.880056 -0.277477 0.920962 -0.348033 0.175222 0.057634 -0.323071 -0.944618
4.632706 -17.885167 -2200.375926 -981.540803 0.180264 0.932226 -0.313781 0.981575 -0.149941 0.118441 0.063365 -0.329351 -0.942079
0.659281 -110.081281 -2013.512405 -6977.719508 -0.570519 0.500303 -0.651310 0.078394 0.822592 0.563203 0.817534 0.270259 -0.508525
0.836907 -94.857975 -1706.536808 -5606.113447 -0.581746 0.482178 -0.655039 0.265801 0.873822 0.407166 0.768714 0.062757 -0.636506
-3.436839 -94.617032 -2302.343711 -5324.576496 -0.579122 0.479503 -0.659314 0.247953 0.874021 0.417861 0.776619 0.078514 -0.625058
-42.836394 -127.729202 14085.969992 -21814.822348 -0.133519 0.978346 0.158152 0.549702 -0.059673 0.833227 -0.824622 -0.198188 0.529831
-123.095403 -151.703731 35334.093839 -16726.134218 -0.188011 0.976016 0.109746 0.627483 0.033402 0.777913 -0.755590 -0.215121 0.618714
-45.316624 -127.273331 14113.346724 -6725.443848 -0.144588 0.969888 0.195988 0.795023 -0.004051 0.606566 -0.589095 -0.243518 0.770498
-7.360706 -143.428990 8033.667429 -27457.840244 -0.091212 0.968324 0.232442 0.679377 -0.110153 0.725474 -0.728098 -0.224088 0.647810
7.883710 -151.391516 -2027.669439 8142.303540 0.407734 0.902916 -0.135999 -0.507487 0.100265 -0.855806 0.759085 -0.417959 -0.499100
8.007994 -173.407232 -1745.273877 25994.023999 0.411999 0.903742 -0.116224 -0.286848 0.007574 -0.957946 0.864855 -0.428012 -0.262357
15.016899 -149.842176 -1455.587680 9505.359188 0.388401 0.915127 -0.108108 -0.453245 0.087574 -0.887074 0.802317 -0.393540 -0.448791
2.440665 -143.736489 -2461.024975 10060.993813 0.433923 0.890294 -0.138156 -0.355080 0.028061 -0.934415 0.828027 -0.454520 -0.328302
16.788713 -153.305044 -2683.593770 -7523.703822 0.405510 0.904954 -0.128918 -0.639384 0.180018 -0.747517 0.653261 -0.385553 -0.651613
2.253981 -135.152839 -2501.110480 -3565.915750 0.423187 0.890485 -0.167179 -0.540787 0.100205 -0.835170 0.726954 -0.443841 -0.523968
-47.581630 -982.877385 2955.237358 -316568.476428 0.236216 -0.448924 0.861783 -0.641711 0.593901 0.485271 -0.729663 -0.667645 -0.147791
-69.141561 -708.659834 -5028.717928 206057.141018 -0.301008 0.532402 -0.791165 0.731847 -0.402933 -0.549587 -0.611387 -0.744442 -0.268351
-32.782088 -2630.509039 -67902.388709 855248.657392 -0.485369 0.453853 -0.747285 0.779130 -0.163286 -0.605222 -0.396703 -0.875988 -0.274356
-56.612911 -664.837161 691.570694 196290.363819 -0.282102 0.421039 -0.862058 0.702805 -0.520956 -0.484428 -0.653057 -0.742517 -0.148945
-40.681341 -52.385247 -1208.961054 -5007.295217 0.155282 0.985968 -0.061269 0.008251 0.060725 0.998120 -0.987836 0.155495 -0.001294
-47.738988 -60.441189 814.045358 -4787.412785 0.225276 0.973005 0.050126 0.135655 -0.082272 0.987334 -0.964805 0.215623 0.150527
-37.604310 -52.087254 2361.557475 -862.749612 0.159882 0.704043 -0.691926 0.187345 0.666562 0.721524 -0.969195 0.244988 0.025328
-27.135159 -43.624991 -1778.790810 -3592.944744 0.111716 0.916279 -0.384646 -0.075500 0.393777 0.916100 -0.990868 0.073302 -0.113170
-33.403666 -55.453002 -5456.798292 -8759.819189 0.075876 0.990951 0.110722 -0.048239 -0.107264 0.993060 -0.995950 0.080690 -0.039663
-33.723884 -45.953544 -220.968336 -3362.278993 -0.161254 -0.676054 0.718991 0.053838 0.721415 0.690407 -0.985443 0.150040 -0.079934
-43.241266 -55.763631 -1454.789877 138.983120 -0.108222 0.965357 0.237432 0.993838 0.099302 0.049246 0.023963 0.241298 -0.970155
-42.363703 -56.266721 -1763.411800 -31.703789 0.021900 0.984821 0.172186 0.991295 -0.043755 0.124175 0.129824 0.167968 -0.977206
-38.771166 -56.715686 -618.035365 1333.072008 0.050339 0.990253 0.129865 0.997019 -0.057440 0.051522 0.058480 0.126884 -0.990192
-38.928535 -55.585169 -435.973970 824.767723 -0.085778 0.975991 0.200209 0.992489 0.101297 -0.068584 -0.087218 0.192823 -0.977350
-43.675345 -54.863496 -1642.930689 591.578200 -0.115139 0.951602 0.284950 0.988216 0.138854 -0.064403 -0.100853 0.274176 -0.956376
-60.573752 -87.610626 -2192.024722 6546.879836 0.855834 -0.157073 0.492825 0.232138 0.968073 -0.094584 -0.462234 0.195352 0.864972
-61.090519 -94.541745 -1831.107089 -197.445060 0.873944 -0.067531 0.481313 0.029699 0.995870 0.085801 -0.485119 -0.060691 0.872340
-62.111521 -95.185680 -394.129459 2333.166984 0.927272 -0.091541 0.363026 0.099898 0.994988 -0.004272 -0.360815 0.040227 0.931769
-60.412447 -84.806385 -1059.858034 8804.457509 0.909553 -0.149941 0.387597 0.240392 0.950604 -0.196377 -0.339006 0.271791 0.900669
-60.150836 -90.928167 1675.171172 6632.751777 0.966259 -0.086356 0.242664 0.123248 0.982279 -0.141200 -0.226170 0.166343 0.959780
-5.615745 -25.024945 39.552895 -4951.414732 0.953684 -0.299148 -0.031565 0.288002 0.938333 -0.191273 -0.086837 -0.173323 -0.981029
-7.685383 -25.765075 587.033329 -4513.271834 0.872572 -0.488486 0.000212 0.478469 0.854592 -0.201841 -0.098415 -0.176222 -0.979418
-2.607205 -32.787452 790.097882 -3755.399802 0.933180 -0.359276 -0.009765 0.356579 0.928893 -0.100049 -0.045016 -0.089881 -0.994935
-1.558967 -47.440253 -4423.624609 906.685046 0.601045 0.282176 -0.747745 0.775652 0.019561 0.630858 0.192640 -0.959163 -0.207114
10.610036 -47.003373 -2066.142151 1063.296636 0.476358 0.324279 -0.817267 0.827690 0.148240 0.541253 0.296669 -0.934274 -0.197787
4.360914 -44.759601 -3974.837336 -862.082800 0.507766 0.290640 -0.810988 0.847425 0.000935 0.530914 0.155063 -0.956832 -0.245820
-6.693032 -44.678001 -6130.840757 525.693434 0.612978 0.250272 -0.749414 0.788586 -0.135111 0.599898 0.048884 -0.958702 -0.280181
2.397221 -44.809093 -5350.021620 -2473.186609 0.442909 0.274534 -0.853500 0.895151 -0.081935 0.438168 0.050361 -0.958080 -0.282039
1.985839 -55.901346 660.768650 -3113.211409 -0.070725 -0.435350 0.897479 -0.410847 0.832584 0.371495 -0.908957 -0.342452 -0.237747
4.963436 -53.753151 543.428534 -1595.789941 -0.080919 -0.440445 0.894126 -0.415628 0.830263 0.371372 -0.905928 -0.341572 -0.250245
4.404453 -55.931449 409.124427 -5962.960215 -0.072613 -0.456570 0.886720 -0.373679 0.836760 0.400245 -0.924711 -0.302286 -0.231370
7.176259 -55.180247 605.972502 -3379.017541 -0.069815 -0.471727 0.878976 -0.415356 0.814861 0.404328 -0.906976 -0.336860 -0.252824
-0.359481 -54.762601 1084.763060 -5767.007306 -0.058397 -0.443907 0.894168 -0.353450 0.846871 0.397343 -0.933629 -0.292841 -0.206354
6.064885 -55.715679 565.033751 -5246.832930 -0.067125 -0.491185 0.868465 -0.351915 0.826143 0.440049 -0.933622 -0.276088 -0.228310
-3.906671 -71.647253 2132.044474 -3283.473519 0.239567 0.742008 -0.626125 0.374246 0.524490 0.764755 -0.895850 0.417535 0.152043
-2.031385 -69.132776 1856.030081 -3003.630663 0.238160 0.726263 -0.644843 0.355033 0.552895 0.753829 -0.904009 0.408472 0.126170
-5.067355 -73.830182 1529.507020 636.148040 0.213326 0.699047 -0.682514 0.272470 0.628308 0.728690 -0.938218 0.341413 0.056435
-7.256742 -73.889104 1420.716577 -2987.926844 0.228117 0.764912 -0.602389 0.393827 0.493338 0.775576 -0.890429 0.414159 0.188704
-14.926702 -110.470610 -2615.563712 9751.060651 -0.495717 0.685394 0.533385 -0.270103 0.462030 -0.844732 0.825414 0.562817 0.043909
-14.426509 -92.012289 -2837.965796 6548.905863 -0.520221 0.710605 0.473720 -0.429175 0.262040 -0.864375 0.738363 0.652975 -0.168655
-15.712782 -97.127618 88.860479 7174.129128 -0.564282 0.667119 0.486353 -0.348338 0.341709 -0.872866 0.748496 0.661958 -0.039563
-16.564766 -110.034129 -22.380262 5794.412503 -0.556626 0.636522 0.533861 -0.150662 0.554615 -0.818354 0.816987 0.535950 0.212813
-17.159369 -97.166326 2750.801249 6666.636539 -0.611034 0.621431 0.490369 -0.290519 0.400194 -0.869162 0.736367 0.673549 0.063995
-17.241850 -86.744611 -1709.416712 -2872.881088 0.609908 -0.640307 -0.466926 0.413994 -0.244969 0.876698 0.675738 0.728009 -0.115675
-6.031158 -97.723005 677.110325 4077.951916 -0.608806 0.535154 0.585632 -0.265451 0.558235 -0.786073 -0.747590 -0.634022 -0.197800
-7.706687 -90.389467 843.245864 2390.919774 -0.601572 0.532959 0.595034 -0.099254 0.689251 -0.717692 -0.792628 -0.490803 -0.361736
-7.526642 -88.090014 1362.588586 1827.732430 -0.598632 0.538296 0.593193 -0.084324 0.694079 -0.714943 -0.796573 -0.478008 -0.370107
2026.627498 -308.728230 634205.950850 -80019.177772 -0.630879 -0.643729 -0.433134 0.735101 -0.674515 -0.068236 -0.248230 -0.361446 0.898743
947.298408 -78.719542 -268668.057586 6269.584102 0.775213 0.606055 0.178162 -0.617151 0.786794 0.008884 -0.134793 -0.116840 0.983961
359.729519 -57.854303 25062.459920 1388.171844 0.765708 0.542711 -0.345190 -0.530411 0.836370 0.138379 0.363806 0.077135 0.928275
999.023546 -81.632877 -323357.748729 -96.949368 0.877030 0.453298 0.159184 0.478889 -0.851396 -0.213986 -0.038529 -0.263904 0.963779
-7.062065 -98.994812 1388.782676 -7289.243269 0.532144 -0.581878 -0.615013 0.730184 0.683097 -0.014497 0.428549 -0.441358 0.788384
-3.877595 -87.660895 754.870876 -8938.284826 0.540312 -0.583852 -0.605954 0.808940 0.558683 0.183004 0.231689 -0.589059 0.774164
-3.404895 -104.797021 1842.254547 -9122.139830 0.502594 -0.605214 -0.617345 0.752453 0.657852 -0.032337 0.425692 -0.448271 0.786028
-6.364324 -117.480238 1950.108965 -4702.111182 0.508651 -0.603950 -0.613611 0.619360 0.751732 -0.226479 0.598053 -0.264847 0.756432
-10.838835 -116.055449 1643.002954 -4389.281154 0.519027 -0.591593 -0.616951 0.603564 0.764747 -0.225550 0.605245 -0.255303 0.753989
-1.490888 -105.567669 2052.535024 -5841.816401 -0.491544 -0.502529 0.711231 0.414522 0.583235 0.698576 -0.765869 0.638202 -0.078376
-9.324566 -99.312400 1663.668840 -5756.768992 -0.503421 -0.488393 0.712769 0.306745 0.670170 0.675855 -0.807759 0.558878 -0.187565
-4.643481 -94.951915 1517.789606 -5235.340068 -0.492677 -0.494633 0.715966 0.238896 0.714260 0.657846 -0.836778 0.495147 -0.233733
0.830242 -98.024878 2117.515027 -5478.837606 -0.484814 -0.490953 0.723823 0.277708 0.698352 0.659684 -0.829358 0.520835 -0.202229
3.797772 -105.570694 3022.520804 -5704.530968 -0.467615 -0.506923 0.724131 0.390872 0.616185 0.683765 -0.792815 0.602781 -0.089995
-16.153589 -130.538391 2206.209762 1009.775930 0.020728 -0.163454 0.986333 -0.241806 0.956437 0.163581 -0.970103 -0.241892 -0.019699
-19.182708 -129.174050 1932.596723 6324.440816 -0.020628 -0.170953 0.985063 0.091598 0.980806 0.172132 -0.995582 0.093780 -0.004573
-23.599960 -128.111510 3378.070418 7337.481977 -0.026568 -0.167873 0.985451 -0.162085 0.973477 0.161463 -0.986419 -0.155437 -0.053073
-14.292658 -130.145470 180.879596 5258.510920 0.005988 -0.166365 0.986046 0.106422 0.980570 0.164795 -0.994303 0.103950 0.023576
15.750785 -47.247055 3195.929833 291.982342 0.256659 0.966341 0.017627 -0.816612 0.207064 0.538766 -0.516982 0.152674 -0.842271
15.483869 -46.467934 1155.964022 -372.286190 0.190310 0.981581 -0.016757 -0.873037 0.177022 0.454390 -0.448987 0.071845 -0.890645
13.635325 -47.655108 2048.684141 402.892206 0.263855 0.964418 0.016696 -0.881243 0.233989 0.410683 -0.392163 0.123074 -0.911625
14.503963 -46.989091 -1363.046289 -682.380233 0.290616 0.956839 -0.000717 -0.883512 0.268633 0.383722 -0.367353 0.110882 -0.923449
13.249133 -47.306357 2322.086129 -450.713615 0.298441 0.954079 0.025802 -0.843357 0.250956 0.475153 -0.446858 0.163565 -0.879525
13.527639 -46.968557 -1206.055232 -98.885925 0.269124 0.963063 -0.009095 -0.918528 0.259496 0.298277 -0.289619 0.071919 -0.954436
-6.200152 -38.376318 156.238979 -128.855492 -0.621698 -0.249224 0.742549 -0.488630 0.864337 -0.119004 -0.612154 -0.436816 -0.659135
-4.673207 -40.689981 -2919.887045 789.211962 -0.639108 -0.238126 0.731325 -0.481411 0.865416 -0.138920 -0.599820 -0.440853 -0.667731
-7.087620 -39.790076 346.328563 639.479488 -0.583850 -0.302658 0.753337 -0.463528 0.886076 -0.003256 -0.666529 -0.351094 -0.657626
-5.403638 -41.458379 -284.726201 -368.129840 -0.649972 -0.211188 0.730024 -0.505707 0.837244 -0.208047 -0.567272 -0.504403 -0.650984
-7.240677 -37.792297 1133.476643 -26.341617 -0.611005 -0.271336 0.743673 -0.468342 0.881281 -0.063249 -0.638223 -0.386938 -0.665545
-5.170007 -41.029763 2382.650079 1197.633329 -0.633628 -0.204480 0.746126 -0.490003 0.852399 -0.182518 -0.598676 -0.481252 -0.640300
-7.257254 -132.141310 3268.138531 2234.293299 0.464904 -0.666905 -0.582324 0.077576 0.685880 -0.723568 0.881956 0.291215 0.370604
-13.953399 -127.471408 3099.418379 3760.623009 0.481840 -0.663001 -0.572939 0.038043 0.669059 -0.742235 0.875433 0.335843 0.347602
-13.441520 -129.736505 2184.006293 -1221.413715 0.501601 -0.636557 -0.585826 0.233551 0.751676 -0.616796 0.832977 0.172565 0.525710
-14.961486 -122.910919 -1832.479451 4865.899988 -0.504800 0.654558 0.562789 -0.024247 0.640943 -0.767205 0.862896 0.400931 0.307678
-12.876058 -124.829854 993.080463 -5295.450870 0.517591 -0.604254 -0.605785 0.460333 0.793460 -0.398139 0.721244 -0.072790 0.688846
-9.438554 -128.824826 1539.946140 -5170.615368 0.504575 -0.618417 -0.602465 0.468234 0.782282 -0.410841 0.725369 -0.074794 0.684285
-5.222502 -134.099441 3532.295453 -4358.840193 0.464831 -0.644283 -0.607315 0.333628 0.762818 -0.553897 0.820137 0.054852 0.569532
21.231470 -182.019213 -751.488985 -9632.714353 -0.674083 0.592129 0.441583 0.538466 0.803144 -0.254977 -0.505634 0.065901 -0.860228
13.794741 -169.319593 1586.305615 -805.744023 -0.652978 0.619001 0.436415 0.383378 0.767086 -0.514393 -0.653177 -0.168576 -0.738202
13.531053 -177.891530 -315.114367 674.727183 -0.659222 0.648342 0.380892 0.423791 0.738770 -0.524042 -0.621151 -0.184041 -0.761775
14.677586 -136.121406 776.650997 5832.487851 -0.691182 0.546318 0.473079 0.475930 0.836720 -0.270908 -0.543837 0.037906 -0.838335
27.123353 -155.643164 -1557.058336 9434.260032 -0.724329 0.511881 0.461872 0.580964 0.813879 0.009094 -0.371253 0.274918 -0.886900
67.618090 -286.629520 -11099.552972 -52507.992124 -0.678579 0.630005 0.377657 0.693848 0.718513 0.048096 -0.241051 0.294673 -0.924696
-39.377623 -376.569790 1953.797037 120428.198385 -0.344384 0.926031 -0.154491 -0.360971 -0.282514 -0.888755 0.866660 0.250306 -0.431564
-41.520152 -103.247109 1474.302207 25169.698937 -0.310065 0.837879 -0.449242 -0.386027 -0.542780 -0.745904 0.868817 0.057859 -0.491741
-32.379611 -80.757940 3088.891903 12898.658877 -0.461039 0.724035 -0.513046 -0.265972 -0.664326 -0.698520 0.846583 0.185589 -0.498853
-27.803198 -123.196370 5513.276051 37611.119585 -0.485421 0.805889 -0.338983 -0.271739 -0.507598 -0.817620 0.830978 0.304775 -0.465390
-20.718947 -316.896272 8355.744256 107807.621690 -0.487734 0.854223 -0.180050 -0.164255 -0.292356 -0.942098 0.857401 0.429919 -0.282902
-50.429756 -80.516309 -2418.193572 6262.345967 -0.272653 0.961216 -0.041514 0.937013 0.255502 -0.238171 0.218327 0.103837 0.970336
-51.256214 -74.785363 1920.425702 4702.004039 0.078753 0.971754 -0.222467 0.972391 -0.124054 -0.197653 0.219668 0.200759 0.954694
-44.915222 -72.016180 -297.898554 4296.950628 -0.281016 -0.892845 0.351934 0.926950 -0.347502 -0.141441 0.248583 0.286478 0.925277
-41.124202 -62.720332 199.994251 4325.742221 0.431487 0.799396 -0.418073 0.821272 -0.539844 -0.184610 0.373271 0.263695 0.889457
-35.607173 -52.686807 976.278607 3585.128929 0.523970 0.731610 -0.436123 0.710068 -0.657990 -0.250705 0.470382 0.178315 0.864259
-47.146079 -74.429280 1445.289251 -275.816761 -0.525959 -0.409349 0.745520 0.848687 -0.195249 0.491536 -0.055648 0.891241 0.450103
-5.795121 -19.925997 -2037.726088 1012.266303 0.795539 -0.595118 -0.113808 0.604509 0.766857 0.215635 0.041054 0.240344 -0.969819
-8.598862 -22.655207 -3034.829565 1056.179517 0.799529 -0.591178 -0.106122 0.600197 0.779699 0.178418 0.022734 0.206344 -0.978215
-3.656711 -23.228924 -1570.203091 1374.382942 0.844101 -0.528025 -0.093182 0.536003 0.826460 0.172233 0.013932 0.195328 -0.980639
-8.064843 -25.872060 -3175.880855 1615.109762 0.827159 -0.554103 -0.093690 0.561965 0.816129 0.134643 -0.001857 0.164022 -0.986455
-0.364331 -21.381718 -522.157645 1432.343433 0.860782 -0.501937 -0.084342 0.508494 0.840888 0.185317 0.022095 0.202405 -0.979053
-0.509259 -25.566890 -1547.656511 1561.183418 0.882029 -0.463962 -0.082242 0.471022 0.872900 0.127217 -0.012765 0.150947 -0.988459
-3.804190 -29.963034 3176.275178 248.325229 0.113059 0.985342 -0.127744 0.940540 -0.147583 -0.305948 0.320316 0.085558 0.943439
-4.609402 -27.627630 3163.010277 625.472295 0.028754 0.995044 -0.095189 0.915354 -0.064473 -0.397455 0.401622 0.075703 0.912671
4.070985 -31.160653 2916.059024 563.184923 0.076799 0.990634 -0.112895 0.930487 -0.111888 -0.348818 0.358183 0.078258 0.930366
-13.793014 -27.002526 3572.436087 746.164850 0.041538 0.995478 -0.085434 0.927582 -0.070198 -0.366966 0.371304 0.064004 0.926303
-11.191408 -29.186972 4109.890341 503.991873 0.153647 0.977966 -0.141336 0.945916 -0.186930 -0.265142 0.285719 0.092954 0.953795
-1.022060 -64.918998 1118.046162 -163.241461 0.329495 0.943944 -0.020057 -0.514422 0.161670 -0.842160 0.791709 -0.287805 -0.538855
-1.536844 -66.246502 58.611275 1580.035240 0.335988 0.940682 -0.047212 -0.568565 0.162604 -0.806408 0.750897 -0.297787 -0.589472
2.670586 -90.642626 27.225622 -9469.323551 0.196964 0.950180 0.241584 0.041011 0.238210 -0.970347 0.979553 -0.201031 -0.007951
-0.394885 -103.986558 309.404952 -11201.779438 0.184133 0.947450 0.261598 -0.169286 0.292741 -0.941087 0.968214 -0.129000 -0.214293
2.963401 -101.930737 662.906191 -8486.880229 0.191611 0.941380 0.277650 -0.157413 0.308705 -0.938042 0.968765 -0.136034 -0.207337
-3.159631 -99.214985 419.112954 -12806.027577 0.185623 0.949410 0.253308 -0.115723 0.277116 -0.953842 0.975783 -0.147741 -0.161308
5.519069 -95.305386 110.736491 -7731.280570 0.206902 0.942107 0.263866 -0.002613 0.270233 -0.962791 0.978358 -0.198514 -0.058373
6.339156 -80.064660 -365.605956 -5442.264541 0.211978 0.951276 0.223916 0.183890 0.186204 -0.965149 0.959818 -0.245767 0.135459
7.358151 -76.334062 -878.822928 -2124.515014 0.210117 0.957435 0.197912 0.160919 0.165802 -0.972941 0.964342 -0.236279 0.119231
4.670983 -79.242821 457.005096 1267.341027 0.179803 0.964373 0.194050 0.162042 0.165534 -0.972801 0.970264 -0.206357 0.126505
-0.504751 -80.329853 1738.116772 -7062.518976 0.151860 0.968943 0.195162 0.032392 0.192467 -0.980769 0.987871 -0.155261 0.002158
551.927842 -48.817157 134472.296703 -3487.672384 0.130974 0.991341 0.009406 -0.398553 0.043964 0.916091 -0.907745 0.123732 -0.400860
515.011756 -61.002852 148486.813117 2316.735666 0.150817 0.983223 -0.102601 -0.224652 0.135161 0.965020 -0.962697 0.122492 -0.241267
2113.229417 -30.401505 621177.432163 -931.518873 -0.346454 0.935981 -0.062523 -0.222783 -0.017353 0.974714 -0.911229 -0.351622 -0.214532
3157.262536 -100.056442 989913.502992 -17637.533949 -0.501144 0.862638 0.068625 -0.291286 -0.242831 0.925303 -0.814866 -0.443721 -0.372968
2943.705430 -94.272551 1028709.497665 1170.802777 0.915574 -0.234907 0.326410 0.331583 -0.018294 -0.943249 -0.227547 -0.971846 -0.061142
1347.007913 -72.474904 508849.346787 -12464.331423 0.915587 -0.363912 0.171080 0.143836 -0.100914 -0.984443 -0.375515 -0.925950 0.040052
19.627516 -40.464644 485.195464 2475.707899 0.123523 0.976817 -0.174842 0.985630 -0.100311 0.135911 0.115222 -0.189118 -0.975171
19.523858 -38.111381 367.499329 -1302.492140 0.203489 0.966547 -0.156136 -0.958545 0.164184 -0.232882 0.199457 -0.197052 -0.959889
48.517460 -29.290821 -4344.527874 1983.245085 0.962578 -0.269283 0.030499 -0.170648 -0.514845 0.840127 0.210530 0.813892 0.541532
28.416544 -33.624342 -4977.974232 2116.269909 0.995151 -0.090746 -0.037933 -0.025325 -0.609089 0.792697 0.095039 0.787893 0.608434
39.117734 -40.066922 -7154.666290 3654.023034 0.985110 -0.160468 0.061704 -0.136469 -0.511580 0.848329 0.104563 0.844118 0.525862
-4.592296 -98.366917 805.304612 -412.203963 0.697087 -0.328177 0.637471 0.038278 0.904864 0.423976 -0.715964 -0.271147 0.643332
-5.237006 -88.432821 -623.455422 -1192.924378 0.671668 -0.314850 0.670620 -0.065552 0.876394 0.477112 -0.737946 -0.364422 0.568007
-4.555019 -98.847889 830.322482 2207.295249 0.688730 -0.267199 0.673984 -0.163760 0.848256 0.503632 -0.706281 -0.457239 0.540463
-12.058993 -93.453942 -1989.824836 -3985.918815 0.273165 0.958309 0.083810 -0.442850 0.202619 -0.873401 0.853970 -0.201467 -0.479736
-12.866609 -98.363329 -1109.629763 -2254.148909 0.289628 0.953816 0.079687 -0.606571 0.247312 -0.755585 0.740397 -0.170503 -0.650185
-12.436105 -93.535066 -509.925125 -5326.210297 0.242185 0.965785 0.092770 -0.443136 0.195168 -0.874951 0.863120 -0.170790 -0.475241
-13.667943 -105.537544 467.934651 -3024.377105 0.112789 0.993413 0.020232 -0.718846 0.067525 0.691882 -0.685959 0.092580 -0.721727
-3.054711 -104.223542 -4443.963641 -4756.183576 0.036917 0.999302 0.005693 -0.738851 0.023458 0.673460 -0.672857 0.029068 -0.739202
-9.359406 -115.370756 -2293.990570 -934.661349 0.066655 0.997365 0.028642 -0.544358 0.012293 0.838763 -0.836201 0.071499 -0.543743
24.996936 -108.749799 2030.764757 -11959.903717 0.762884 -0.284644 0.580505 -0.544011 -0.767793 0.338446 -0.349372 0.573996 0.740587
18.718988 -109.820189 5005.625125 -13685.269041 0.753391 -0.392323 0.527715 -0.592146 -0.753744 0.285015 -0.285944 0.527212 0.800177
13.209485 -139.507050 3928.947777 21272.562726 0.746541 -0.382994 0.544051 0.521875 0.844287 -0.121760 -0.412702 0.374826 0.830170
9.421985 -134.788338 2454.195314 16384.787130 0.713561 -0.424339 0.557465 0.567910 0.816292 -0.105575 -0.410255 0.391924 0.823460
13.030361 -139.710485 1054.169482 18053.358331 0.749371 -0.298462 0.591070 0.440665 0.891061 -0.108742 -0.494224 0.341952 0.799257
-1.761869 -9.345939 -674.331918 139.078852 -0.549603 0.810881 0.201019 0.824759 0.488316 0.285167 0.133075 0.322521 -0.937161
-3.027006 -9.148757 -1195.710250 338.589256 -0.646540 0.744733 0.165405 0.752672 0.587366 0.297465 0.124379 0.316819 -0.940296
-3.579302 -8.493855 -1456.683836 -31.896449 -0.575852 0.794887 0.191178 0.805546 0.511731 0.298710 0.139609 0.326015 -0.934999
-1.886551 -9.663493 -960.394241 467.869925 -0.650709 0.741320 0.164386 0.750764 0.595692 0.285489 0.113715 0.309185 -0.944179
-1.637521 -10.716760 -729.811157 -993.847009 -0.297361 0.914084 0.275729 0.942111 0.234056 0.240092 0.154928 0.331161 -0.930768
-1.803400 -10.556304 709.280022 -104.593899 -0.477114 0.846709 0.235469 0.868418 0.413076 0.274259 0.134951 0.335338 -0.932382
-0.773748 -10.048608 -229.497554 574.872829 -0.622373 0.761790 0.179798 0.773880 0.564461 0.287216 0.117309 0.317898 -0.940840
-49.031254 -2024.074007 -20315.168622 -694231.941858 0.712382 -0.418258 0.563535 0.496371 -0.267360 -0.825914 -0.496112 -0.868089 -0.017149
368.298129 -5652.588602 -186277.190896 -731182.055460 0.681482 -0.606105 0.410146 0.729673 0.519685 -0.444415 0.056215 0.602133 0.796414
-6.338547 -731.126111 -3306.501463 -229020.110017 0.711697 -0.301568 0.634464 0.695463 0.175073 -0.696908 -0.099087 -0.937233 -0.334329
6571.245039 -239.793228 1193578.964067 134076.340607 0.375963 -0.537049 -0.755136 -0.367565 0.661637 -0.653554 0.850616 0.523274 0.051351
4.543784 -20.136788 -1409.741141 -1870.837998 0.373824 0.879805 -0.293595 0.923212 -0.322562 0.208885 0.089075 -0.349137 -0.932829
-0.194032 -14.981074 -484.294525 -1656.371449 0.506966 0.821089 -0.262294 0.860858 -0.466878 0.202359 0.043695 -0.328387 -0.943532
-1.139391 -105.706373 -675.026988 7992.539049 -0.652562 0.365877 -0.663549 0.577981 0.806630 -0.123640 0.490001 -0.464201 -0.737846
-1.318585 -86.861541 308.572377 6901.302472 0.673306 -0.351815 0.650297 0.587653 0.788397 -0.181918 0.448691 -0.504635 -0.737577
-3.116908 -82.327522 -1545.986651 2896.989932 -0.625402 0.395292 -0.672768 0.531530 0.847032 0.003575 0.571269 -0.355360 -0.739845
-0.611461 -88.699888 -1717.220798 2255.630080 -0.610454 0.412098 -0.676403 0.478421 0.872445 0.099761 0.631236 -0.262706 -0.729744
8.559198 -0.796128 2539.375604 -422.178825 -0.041430 -0.883461 0.466669 0.993904 -0.084202 -0.071168 0.102169 0.460875 0.881564
4.552609 -5.970496 1564.513261 921.263990 -0.292985 -0.822153 0.488082 0.951879 -0.298831 0.068024 0.089928 0.484525 0.870143
9.335415 -4.618038 2107.175766 2278.553670 -0.450416 -0.754517 0.477315 0.887168 -0.438287 0.144348 0.100288 0.488476 0.866795
8.935601 2.273161 624.213384 3490.395793 -0.459944 -0.728103 0.508249 0.876278 -0.464682 0.127304 0.143484 0.503920 0.851749
13.743999 -170.994309 -885.496550 17352.613968 0.376749 0.920855 -0.100435 -0.189572 -0.029481 -0.981424 0.906710 -0.388790 -0.163461
9.176964 -209.810417 -2153.151517 29502.668446 0.410264 0.908286 -0.081852 0.079606 -0.125078 -0.988948 0.908486 -0.399214 0.123620
1.354770 -160.463425 -3256.031980 17574.542837 0.455415 0.884009 -0.105476 -0.108131 -0.062674 -0.992159 0.883688 -0.463249 -0.067046
27.862670 -2505.291228 -7885.539132 866850.447202 -0.041437 0.402379 -0.914535 0.926621 -0.326879 -0.185805 -0.373706 -0.855127 -0.359308
-45.227456 -58.046198 2173.018979 -1227.576307 0.197490 0.855943 -0.477869 0.285644 0.416072 0.863303 -0.937766 0.306994 0.162325
-39.498351 -61.442312 -9.933763 804.600802 0.165694 0.983214 0.076385 -0.966544 0.177286 -0.185372 0.195802 0.043114 -0.979695
-43.882716 -60.417770 -2043.397092 2932.007676 0.035255 0.985921 0.163455 -0.973372 0.070945 -0.217976 0.226503 0.151418 -0.962169
-58.385094 -88.770354 -1383.401873 3912.025097 0.803710 -0.136046 0.579259 0.163742 0.986493 0.004501 -0.572047 0.091231 0.815131
-58.061024 -90.668137 -1087.786502 -1912.792153 0.813314 0.013811 0.581661 -0.099748 0.988227 0.116009 -0.573211 -0.152371 0.805116
-8.567556 -32.969797 938.158140 -5380.513348 0.836327 -0.548229 -0.001510 0.540517 0.825016 -0.164893 -0.091645 -0.137088 -0.986310
-10.096321 -18.270084 -412.720144 -293.895453 -0.540562 0.834847 -0.104034 0.831517 0.511366 -0.216990 -0.127954 -0.203802 -0.970614
-10.502801 -23.701440 -1309.983594 -2230.814989 -0.666102 0.743605 -0.057966 0.735379 0.641771 -0.217594 -0.124603 -0.187567 -0.974317
4.574028 -42.960988 -5448.028178 2173.203367 0.603800 0.273415 -0.748778 0.749187 0.126223 0.650220 0.272293 -0.953579 -0.128626
15.006012 -40.367713 -2205.647939 3288.490482 0.528584 0.334593 -0.780158 0.755266 0.234180 0.612154 0.387520 -0.912802 -0.128923
17.643278 -47.579015 3382.382813 1252.789353 0.387543 0.437313 -0.811522 0.816389 0.246056 0.522461 0.428159 -0.864993 -0.261660
2.171705 -48.549009 1507.968981 2318.350451 -0.067224 -0.425959 0.902241 -0.468144 0.812032 0.348490 -0.881092 -0.398952 -0.253998
7.104076 -48.277456 1188.550403 1929.064207 -0.066954 -0.451889 0.889558 -0.468889 0.801226 0.371726 -0.880716 -0.392215 -0.265531
-11.597137 -104.567345 -2372.948276 13390.514708 -0.187105 -0.608426 0.771239 0.169170 0.753417 0.635409 -0.967664 0.249359 -0.038041
-8.668232 -124.650406 -3116.864702 18334.878052 -0.201987 -0.531886 0.822374 0.013742 0.838060 0.545406 -0.979292 0.121466 -0.161968
-17.674926 -165.415291 -4387.574383 27555.158249 -0.164933 -0.598442 0.784005 0.027154 0.791835 0.610131 -0.985931 0.121919 -0.114349
-19.627852 -115.203984 -2840.224213 15294.857492 -0.156130 -0.646503 0.746765 0.246879 0.706498 0.663259 -0.956386 0.287915 0.049303
-11.835048 -102.574988 -3058.096599 7987.986986 -0.483913 0.705164 0.518240 -0.409093 0.341221 -0.846292 0.773609 0.621540 -0.123357
-4.343335 -92.717338 -488.012200 5039.685945 -0.603924 0.544535 0.582028 -0.159795 0.632690 -0.757740 -0.780859 -0.550623 -0.295083
-6.765491 -90.854856 887.691993 932.681363 -0.593185 0.510097 0.622843 -0.025724 0.761249 -0.647949 -0.804655 -0.400375 -0.438440
-7.257139 -97.874077 974.167510 -2771.636870 -0.590821 0.547093 0.592976 0.292156 -0.540014 0.789322 -0.752048 -0.639589 -0.159215
299.039164 -46.502239 -88662.391993 6547.009109 0.710424 0.437249 0.551462 0.591446 -0.795616 -0.131097 -0.381430 -0.419295 0.823834
221.624673 -45.867884 -67243.322851 6124.672232 0.651724 0.561975 0.509352 -0.607220 0.789004 -0.093572 -0.454466 -0.248306 0.855456
-1.308284 -91.532276 1831.775447 -11680.418087 0.516473 -0.590293 -0.620331 0.807669 0.576474 0.123887 0.284475 -0.565006 0.774494
-4.050342 -72.247770 1113.287212 -4759.399442 0.588675 -0.542699 -0.599116 0.797288 0.512087 0.319528 0.133393 -0.665766 0.734140
-1.489760 -76.111435 1270.009104 -716.249315 0.586119 -0.550950 -0.594070 0.803689 0.488290 0.340084 0.102709 -0.676777 0.728989
-0.437771 -85.941542 1703.368544 -8877.954580 0.524148 -0.579731 -0.623844 0.830726 0.509345 0.224639 0.187521 -0.635987 0.748569
-4.420229 -79.646193 591.454125 368.025575 -0.273926 -0.769845 0.576457 0.940656 -0.339307 -0.006148 0.200329 0.540564 0.817104
-5.221727 -79.302279 1171.799479 -125.711972 -0.260464 -0.772484 0.579161 0.965442 -0.213945 0.148825 0.008944 0.597910 0.801514
-5.600637 -82.609306 -373.198050 -661.793961 -0.254905 -0.769079 0.586123 0.966448 -0.222463 0.128405 0.031637 0.599189 0.799982
-12.121644 -217.933520 -909.521931 -23403.634938 0.092994 0.194119 -0.976560 0.986185 -0.152993 0.063498 -0.137081 -0.968974 -0.205665
-11.817647 -187.336784 -944.884017 -20250.686451 0.018966 0.174057 -0.984553 0.925568 -0.375456 -0.048546 -0.378106 -0.910350 -0.168222
-18.297981 -185.549179 -1727.551859 -24651.703438 0.044783 0.170189 -0.984393 0.844152 -0.533396 -0.053814 -0.534230 -0.828568 -0.167553
-11.391967 -163.668666 -719.293498 -10229.291425 -0.009921 0.158189 -0.987359 0.757711 -0.643140 -0.110654 -0.652514 -0.749231 -0.113481
-22.625216 -184.740897 -2894.318831 -11718.984765 0.110085 0.161942 -0.980641 0.879521 -0.475431 0.020222 -0.462952 -0.864720 -0.194769
-23.806482 -159.972854 -4166.789542 -2732.532527 0.026886 0.154586 -0.987613 0.716356 -0.692059 -0.088823 -0.697217 -0.705094 -0.129345
-1.342156 -101.659359 -895.697762 1000.128631 -0.533306 -0.330824 0.778550 -0.193379 0.943664 0.268520 -0.823522 -0.007352 -0.567236
-0.475205 -103.473089 -1794.288397 403.430021 -0.534637 -0.345805 0.771092 -0.217220 0.938022 0.270057 -0.816688 -0.023115 -0.576617
-2.580292 -108.410075 -1061.788513 1906.335461 -0.542111 -0.304126 0.783341 -0.364291 0.925111 0.107060 -0.757237 -0.227326 -0.612303
-2.204073 -102.725520 349.558559 2776.371291 -0.515042 -0.305146 0.801010 -0.268622 0.944874 0.187229 -0.813986 -0.118738 -0.568619
-58.055732 -340.825208 -9094.238902 -159419.589365 -0.595618 0.058362 0.801145 0.652336 -0.546828 0.524820 0.468718 0.835208 0.287630
-17.654430 -124.636761 -3277.886185 717.346556 0.144404 -0.405801 0.902482 0.967245 -0.134534 -0.215260 0.208767 0.904006 0.373082
-1.533671 -410.931539 -14268.151032 -123817.435367 -0.428686 -0.092376 0.898719 0.783038 -0.534177 0.318600 0.450644 0.840310 0.301328
-116.834991 -133.798635 4762.392548 8547.388549 -0.039308 -0.297571 0.953890 0.753311 -0.636013 -0.167365 0.656489 0.711997 0.249163
-48.343065 -145.041124 1717.422530 -3054.832854 -0.220609 -0.141287 0.965075 0.696839 -0.715146 0.054595 0.682456 0.684546 0.256223
-25.054786 -43.334647 -519.284109 424.048190 0.774636 -0.494990 0.393603 0.447334 0.868820 0.212236 -0.447025 0.011666 0.894445
-22.416638 -41.833094 -1574.506415 -334.410779 0.820905 -0.306148 0.482066 0.256111 0.951869 0.168380 -0.510413 -0.014762 0.859802
-20.737031 -39.730577 -766.936915 -7168.272639 0.828502 -0.377742 0.413396 0.247915 0.909358 0.334074 -0.502119 -0.174294 0.847053
-9.468503 -45.051641 -1973.906219 2124.753404 -0.564106 -0.347772 0.748892 -0.483782 0.874201 0.041553 -0.669133 -0.338860 -0.661388
-8.911806 -46.513268 -3362.263618 1652.365037 -0.588117 -0.305074 0.749031 -0.540952 0.836859 -0.083894 -0.601239 -0.454530 -0.657202
-5.647767 -45.178345 -3172.541674 944.700086 -0.658606 -0.237217 0.714119 -0.532124 0.817828 -0.219091 -0.532054 -0.524295 -0.664856
-2.600973 -48.183362 1613.118969 -1469.439172 -0.082446 -0.570314 0.817279 0.361775 0.747002 0.557769 -0.928613 0.341657 0.144739
-4.704895 -46.827068 774.328899 -4843.743874 -0.085689 -0.551786 0.829572 0.400652 0.743262 0.535761 -0.912215 0.378278 0.157385
-5.384350 -47.732734 1201.137124 -1813.008916 -0.086587 -0.540593 0.836816 0.361760 0.765574 0.532002 -0.928242 0.348791 0.129277
-3.951371 -50.020191 1036.507209 -2316.251576 -0.120131 -0.604169 0.787749 0.478766 0.659868 0.579101 -0.869685 0.446715 0.209985
8.827835 -197.948879 -3239.268322 16756.770385 -0.709432 0.630566 0.314791 0.252558 0.644450 -0.721733 -0.657967 -0.432518 -0.616447
7.293738 -184.607931 -1462.251535 7907.357903 -0.695897 0.647220 0.311182 0.423562 0.719830 -0.549946 -0.579934 -0.250901 -0.775065
9.896199 -180.279306 -2332.709768 -2522.701484 -0.684360 0.649206 0.331938 0.429721 0.726891 -0.535695 -0.589060 -0.223968 -0.776432
