16975
33940
-28.465019 -41.453830 341.678385 3793.341231 0.986538 0.106352 0.124226 0.159205 -0.451019 -0.878200 0.037370 -0.886156 0.461879
-30.720017 -49.943957 750.726618 2401.111221 0.969093 0.153060 0.193474 0.246282 -0.554750 -0.794731 0.014312 -0.817817 0.575301
-28.389700 -52.152016 -949.599724 5582.488563 0.863503 0.230259 0.448712 0.503604 -0.441803 -0.742424 -0.027292 -0.867059 0.497458
-26.512192 -43.256276 -115.687760 2849.397012 0.995618 0.062151 -0.069873 -0.026054 -0.533241 -0.845562 0.089812 -0.843677 0.529285
-24.600354 -36.200090 -943.699926 4178.093939 0.970487 0.091733 0.223025 0.241146 -0.361654 -0.900586 0.001956 -0.927788 0.373102
-23.471652 -34.000347 480.770210 1900.243977 0.938190 -0.056404 -0.341494 -0.333064 -0.415561 -0.846391 0.094172 -0.907815 0.408661
42.154866 -56.048972 4111.548157 -2278.883772 0.375036 0.145264 0.915558 -0.609002 0.783226 0.125195 -0.698902 -0.604529 0.382204
30.270205 -73.079487 3454.985264 -8249.156966 0.398925 0.139188 0.906359 -0.514561 0.852105 0.095623 -0.759004 -0.504523 0.411546
30.803040 -57.675819 2485.911237 -2058.535298 0.422364 0.262191 0.867678 -0.569226 0.821677 0.028794 -0.705401 -0.506066 0.496292
-39.627118 -58.165263 1685.940266 4804.622443 -0.888883 -0.154226 -0.431395 -0.161348 0.986689 -0.020290 0.428782 0.051569 -0.901935
-36.541954 -61.249867 879.077795 3496.511804 -0.931671 -0.026586 -0.362328 0.001557 0.997017 -0.077161 0.363299 -0.072453 -0.928851
-33.214801 -54.980190 1515.934860 5523.821718 -0.947873 0.032365 -0.316999 -0.015823 0.988820 0.148269 0.318254 0.145556 -0.936765
-34.838345 -48.884324 1504.304894 5290.122231 -0.918133 -0.051861 -0.392863 -0.129989 0.975958 0.174955 0.374345 0.211700 -0.902801
-38.854544 -53.403861 1855.565111 6149.385659 -0.814166 -0.315973 -0.487129 -0.377661 0.925427 0.030935 0.441027 0.209156 -0.872782
-9.085475 -68.771972 1327.513809 -2791.387023 -0.033614 -0.940142 0.339121 0.952365 -0.133035 -0.274412 0.303101 0.313743 0.899830
-3.989240 -66.246403 1118.330062 -2471.878191 -0.037773 -0.948730 0.313821 0.968038 -0.112661 -0.224075 0.247942 0.295327 0.922663
-4.512823 -74.208559 -928.852049 -2873.682087 0.051561 0.946123 -0.319677 0.908417 -0.177413 -0.378554 0.414874 0.270881 0.868622
-6.953153 -77.834375 -880.230085 -2112.925473 0.043024 0.937183 -0.346175 0.850213 -0.216313 -0.479945 0.524678 0.273673 0.806112
-13.263454 -73.922623 -2340.745312 -2779.050856 0.054023 0.934050 -0.353034 0.898140 -0.199960 -0.391612 0.436378 0.295918 0.849710
-16.325869 -64.425193 2052.139876 -3169.913660 -0.029146 -0.927819 0.371891 0.966948 -0.120452 -0.224729 0.253303 0.353049 0.900663
-12.222807 -57.456673 1409.653158 -3509.452407 -0.013003 -0.933627 0.358010 0.994845 -0.048089 -0.089276 0.100567 0.355004 0.929440
-17.728688 -33.141177 -80.397705 1587.824130 0.447931 -0.309501 0.838789 0.280179 0.939507 0.197043 -0.849033 0.146750 0.507550
-16.952902 -32.963649 -297.466040 2150.676725 0.410131 -0.269751 0.871221 0.333828 0.933368 0.131842 -0.848735 0.236765 0.472854
-16.293154 -35.666434 -750.932935 183.636529 0.377550 -0.296539 0.877223 0.222472 0.948637 0.224930 -0.898867 0.110235 0.424130
-18.105178 -33.581863 -153.246341 581.065512 0.441212 -0.485291 0.754868 0.251072 0.874330 0.415342 -0.861565 0.006272 0.507608
-18.804230 -31.073433 268.244238 2225.690586 0.498447 -0.363444 0.787057 0.296434 0.924606 0.239229 -0.814664 0.114067 0.568604
-16.466732 -34.674102 -650.920138 -566.642984 0.399638 -0.376305 0.835873 0.165715 0.926489 0.337870 -0.901570 0.003491 0.432620
-3.558557 -29.822992 3106.286396 541.437803 0.699399 0.105049 0.706970 0.009482 0.987689 -0.156141 -0.714669 0.115908 0.689792
-12.476851 -31.300050 184.497515 88.817592 0.655686 0.155023 0.738948 -0.021023 0.982064 -0.187372 -0.754741 0.107322 0.647184
-10.276554 -30.749033 100.233734 -156.830790 0.659216 0.135318 0.739678 -0.085651 0.990785 -0.104923 -0.747060 0.005812 0.664731
-9.368618 -29.097170 -737.433936 -1127.268808 0.612290 0.229888 0.756474 -0.215675 0.969073 -0.119927 -0.760648 -0.089722 0.642935
-8.680826 -28.402584 -150.963053 -1114.786823 0.664399 0.106301 0.739780 -0.164093 0.986429 0.005630 -0.729142 -0.125134 0.672825
-2.023969 -30.867738 2652.794567 272.197674 0.703330 0.049852 0.709113 -0.015647 0.998382 -0.054668 -0.710691 0.027354 0.702972
-2.382165 -30.114150 2257.613002 -819.366373 0.700110 0.044982 0.712617 -0.085985 0.996062 0.021602 -0.708839 -0.076398 0.701220
2.557820 -39.870318 -38.524894 1303.675709 0.982219 0.187558 0.008225 0.165373 -0.843637 -0.510812 0.088868 -0.503089 0.859653
1.903200 -37.831325 -202.286105 612.995865 0.986747 0.162120 -0.006833 0.125775 -0.790783 -0.599035 0.102520 -0.590237 0.800693
2.077541 -35.334376 145.985486 273.626517 0.985930 0.166860 -0.009956 0.126733 -0.785012 -0.606378 0.108996 -0.596585 0.795114
1.603627 -36.220963 -136.569000 -145.491495 0.991682 0.123747 -0.035407 0.063235 -0.708006 -0.703369 0.112108 -0.695280 0.709942
5.293122 -46.725571 -122.318281 3425.795552 0.939704 0.340598 0.030802 -0.101802 0.192606 0.975981 -0.326485 0.920269 -0.215666
3.712873 -49.877034 1434.517416 3269.864302 0.952348 0.298641 0.062024 -0.122102 0.186931 0.974755 -0.279507 0.935880 -0.214488
3.116579 -38.064679 402.571494 2251.913265 0.934769 0.342180 0.095496 -0.114723 0.036347 0.992732 -0.336222 0.938931 -0.073232
4.617525 -38.123621 -906.195737 2682.341229 0.928028 0.370728 0.036399 -0.075920 0.092573 0.992807 -0.364692 0.924116 -0.114056
0.954510 -90.083966 -1128.415327 -2106.284686 0.793184 0.351343 0.497410 -0.470724 -0.164483 0.866812 -0.386364 0.921685 -0.034920
-0.590326 -88.928635 8.959936 -1982.446825 0.813561 0.314828 0.488878 -0.493693 -0.070226 0.866796 -0.307224 0.946547 -0.098295
0.619857 -87.611484 -858.172228 -1882.210497 0.809936 0.335265 0.481249 -0.526425 0.053752 0.848521 -0.258611 0.940589 -0.220028
2.272108 -94.487122 -1578.393366 -2886.304907 0.805366 0.347120 0.480513 -0.519229 0.022015 0.854352 -0.285984 0.937562 -0.197965
1.710883 -88.491392 -1317.959878 -1788.554879 0.818703 0.344465 0.459423 -0.550004 0.240531 0.799775 -0.164989 0.907463 -0.386380
270.550720 -13.536439 -40078.922954 3299.742064 -0.573261 -0.558029 0.599979 -0.087535 0.769761 0.632302 -0.814683 0.309955 -0.490121
162.071219 -22.254224 -3503.130489 -604.345179 0.485330 0.740066 -0.465573 -0.089139 0.571597 0.815678 -0.869775 0.354372 -0.343382
231.317594 0.796807 -41997.550047 -2257.601073 0.053500 0.751084 -0.658036 -0.236547 0.649756 0.722401 -0.970146 -0.117007 -0.212429
278.664287 -32.466210 64088.651438 -77.669006 0.842108 0.511622 -0.170581 -0.154858 0.532366 0.832229 -0.516598 0.674411 -0.527538
261.816745 -32.002912 58969.811130 55.431259 0.847969 0.511897 -0.137511 -0.239218 0.601107 0.762525 -0.472993 0.613703 -0.632176
300.629768 1.547415 23149.654963 2574.583153 -0.131865 -0.633368 0.762533 -0.248293 0.765832 0.593171 -0.959668 -0.111113 -0.258248
-4.555465 -92.587486 -71.198452 2027.422723 -0.042440 0.804811 -0.592012 0.957020 -0.137408 -0.255406 -0.286901 -0.577406 -0.764389
-4.960517 -97.414527 -744.452996 1571.125643 -0.054649 0.792953 -0.606827 0.909399 -0.211429 -0.358177 -0.412318 -0.571422 -0.709556
-4.854650 -98.744427 -91.078469 2512.520238 -0.034649 0.802547 -0.595582 0.877361 -0.260949 -0.402670 -0.478578 -0.536493 -0.695082
-4.869659 -100.907724 -40.417612 1993.574319 -0.021690 0.809896 -0.586172 0.860707 -0.283163 -0.423086 -0.508638 -0.513699 -0.690942
-5.071344 -95.274539 446.591129 3594.927279 -0.023076 0.820468 -0.571226 0.955503 -0.149974 -0.254011 -0.294077 -0.551670 -0.780499
-4.884870 -103.692695 -66.296401 -882.863715 -0.023688 0.803456 -0.594893 -0.718939 0.399795 0.568587 -0.694670 -0.441161 -0.568165
-7.622731 -37.847503 1927.810554 -1333.683355 0.956385 0.223019 -0.188654 0.087985 -0.835775 -0.541977 0.278543 -0.501739 0.818945
-6.956851 -38.127087 2120.017105 -1423.566215 0.942716 0.284978 -0.173417 0.118788 -0.772533 -0.623765 0.311729 -0.567433 0.762131
1.996256 -33.910335 3521.290504 -1586.337916 0.910735 0.394357 -0.122654 0.278819 -0.806207 -0.521814 0.304665 -0.441036 0.844195
-2.891337 -33.511165 3525.708225 -742.657474 0.936773 0.292007 -0.192843 0.172268 -0.864492 -0.472204 0.304598 -0.409127 0.860137
-0.087941 -51.813422 143.607577 504.520676 0.037500 0.864039 -0.502026 0.351441 0.458883 0.816037 -0.935459 0.207034 0.286450
-0.195062 -56.138204 796.515922 -1347.178642 0.056517 0.864605 -0.499263 0.455971 0.422513 0.783309 -0.888198 0.271920 0.370356
2.127861 -54.996067 145.558783 -2545.833198 0.054171 0.889223 -0.454255 0.487295 0.373531 0.789315 -0.871555 0.264115 0.413079
1.741178 -51.097873 30.561086 -1942.905040 0.052568 0.888536 -0.455785 0.399709 0.399539 0.824986 -0.915134 0.225549 0.334153
-0.109232 -61.275142 -19.225235 603.008433 0.943617 0.329835 -0.028203 0.270526 -0.719222 0.639949 -0.190793 0.611497 0.767899
-0.328664 -62.576103 154.590418 1963.132568 0.941870 0.334081 -0.035637 0.298370 -0.782965 0.545840 -0.154452 0.524744 0.837131
0.740504 -60.294153 -76.309683 907.861913 0.949615 0.313231 -0.010806 0.281135 -0.836055 0.471142 -0.138542 0.450442 0.881991
-13.133111 -41.319724 73.909763 -2821.925206 0.948940 0.204028 -0.240593 0.313232 -0.699818 0.641982 0.037389 0.684564 0.727993
-13.693088 -38.432404 135.965417 -1826.497731 0.938161 0.201146 -0.281769 0.343511 -0.642060 0.685390 0.043049 0.739797 0.671452
-12.572887 -38.988353 -938.058308 -1743.548991 0.944187 0.249728 -0.214818 0.327395 -0.639402 0.695685 -0.036377 0.727187 0.685475
3.507686 -132.474917 484.481962 -10450.635884 0.200449 -0.900872 0.385031 0.946893 0.279005 0.159841 -0.251422 0.332544 0.908956
2.524843 -163.595400 552.974270 -13116.243378 0.157002 -0.910720 0.382019 0.981835 0.102208 -0.159851 0.106534 0.400177 0.910225
1.839330 -128.584383 -80.857077 -7706.307721 0.184812 -0.902378 0.389304 0.982179 0.183375 -0.041215 -0.034197 0.389984 0.920187
1.402256 -155.834322 -25.279210 -11730.221395 0.143961 -0.906692 0.396466 0.957382 0.026239 -0.287629 0.250388 0.420977 0.871828
1.036380 -106.459649 -44.939103 -5773.532391 -0.230092 0.894236 -0.383927 0.911731 0.336036 0.236278 -0.340302 0.295672 0.892621
-0.232675 -121.375471 739.377325 -9346.351850 0.166857 -0.915350 0.366461 0.982525 0.185455 0.015867 -0.082486 0.357409 0.930298
0.835427 -152.531449 627.168352 -10648.034403 0.119315 -0.917095 0.380396 0.962891 0.013465 -0.269555 0.242086 0.398441 0.884669
-2.589968 -56.470446 973.617266 1867.051520 0.059782 0.909074 -0.412322 -0.203106 -0.393343 -0.896677 0.977330 -0.137350 -0.161124
-6.534265 -58.847439 896.196189 1369.404692 0.065170 0.904569 -0.421317 -0.225978 -0.397868 -0.889177 0.971950 -0.153156 -0.178484
-1.887239 -52.842985 1607.167095 39.406476 0.028875 0.881474 -0.471348 -0.351796 -0.432415 -0.830215 0.935631 -0.189791 -0.297613
-10.452976 -82.297134 1188.196341 8386.645598 0.185448 0.909450 -0.372169 0.155820 -0.401162 -0.902657 0.970221 -0.109405 0.216105
-6.294653 -83.555008 875.658848 4815.171441 0.145034 0.929154 -0.340055 0.219766 -0.365355 -0.904554 0.964711 -0.056458 0.257186
-4.661397 -165.133542 -666.852002 30531.739575 0.086343 0.978926 -0.185064 0.390049 -0.204145 -0.897879 0.916737 -0.005342 0.399455
-9.213516 -67.209429 1379.764029 6310.828462 0.173228 0.917902 -0.356999 -0.013902 -0.360164 -0.932786 0.984784 -0.166548 0.049630
-1.352678 -26.826934 1142.589724 1193.976355 0.957548 -0.090954 0.273550 0.148514 0.968948 -0.197697 -0.247075 0.229930 0.941321
0.690895 -22.641709 388.975829 -774.938612 0.958854 -0.065854 0.276156 -0.136894 -0.959420 0.246524 -0.248714 0.274185 0.928958
-2.610119 -23.132179 1008.987659 -793.540272 0.968144 0.015535 0.249911 -0.064358 -0.949104 0.308318 -0.241981 0.314579 0.917870
-7.754874 -27.945734 2203.652544 -1119.718809 0.966200 -0.026253 0.256452 -0.094209 -0.961951 0.256466 -0.239961 0.271958 0.931911
-7.536798 -23.683305 1734.171920 -705.552463 0.967610 0.151685 0.201798 0.061582 -0.917035 0.394023 -0.244823 0.368834 0.896673
-5.422659 -30.352969 535.245142 1331.062880 -0.186006 0.977172 0.102644 0.810057 0.093390 0.578866 -0.556066 -0.190820 0.808937
-3.306944 -25.833131 1563.537288 1238.974158 -0.038365 0.985565 0.164894 0.876159 -0.046170 0.479806 -0.480493 -0.162881 0.861740
-3.933850 -25.373512 810.533130 1773.657851 -0.145434 0.985118 0.091608 0.820379 0.068320 0.567725 -0.553017 -0.157720 0.818105
-4.594915 -30.622956 518.821066 1147.985265 -0.251980 0.967264 0.030113 0.736400 0.171463 0.654458 -0.627870 -0.187085 0.755499
38.491201 29.259626 8518.474066 -198.307770 0.060109 0.955926 -0.287389 -0.637483 -0.184786 -0.747977 0.768116 -0.228166 -0.598280
31.370529 23.386205 4516.014482 -2839.576740 -0.027043 0.849797 -0.526416 -0.529334 -0.458892 -0.713599 0.847982 -0.259352 -0.462236
33.794847 27.670578 551.833572 -2284.653216 0.206129 0.864272 -0.458851 -0.546256 -0.287418 -0.786763 0.811859 -0.412825 -0.412869
34.895346 22.241067 -7412.462761 -2166.660017 0.254289 0.700939 -0.666350 -0.503851 -0.492094 -0.709914 0.825513 -0.516264 -0.228034
33.035152 31.169486 3349.020538 -165.676062 -0.109031 0.675935 -0.728851 -0.671222 -0.590881 -0.447572 0.733194 -0.440422 -0.518127
38.268841 27.784817 -9207.652402 -1935.384275 0.291423 0.691663 -0.660814 -0.583965 -0.418511 -0.695581 0.757666 -0.588600 -0.281944
-12.987724 -23.717873 -438.540059 -247.221225 -0.332871 -0.372747 -0.866174 0.561358 0.659729 -0.499636 0.757677 -0.652547 -0.010360
-13.267391 -23.652170 -575.767703 -109.917098 -0.327797 -0.364914 -0.871428 0.517804 0.702114 -0.488790 0.790208 -0.611452 -0.041197
-11.621972 -23.938834 -414.485346 -85.599566 -0.302934 -0.387467 -0.870690 0.548061 0.676598 -0.491777 0.779654 -0.626167 0.007391
-0.075720 -33.785018 202.391954 -880.661333 0.936434 0.304542 -0.174199 0.169405 0.042315 0.984638 -0.307234 0.951559 0.011966
-1.600798 -35.781255 -477.349056 -310.766594 0.934064 0.325656 -0.146533 0.157866 -0.008494 0.987424 -0.320316 0.945450 0.059344
-1.231955 -35.572548 -357.906945 865.205496 0.937715 0.316794 -0.142589 0.180812 -0.094576 0.978960 -0.296642 0.943768 0.145966
50.130321 -63.867498 -12659.880169 2108.295672 0.964272 0.220064 -0.147482 -0.151317 0.914502 0.375218 -0.217445 0.339496 -0.915128
2.616163 -56.270107 8376.742103 -406.703774 -0.958776 -0.146077 0.243741 -0.086575 0.967136 0.239067 -0.270653 0.208110 -0.939913
48.633981 -66.109122 13585.938330 -1642.141533 -0.970908 -0.130306 0.200894 -0.100620 0.983320 0.151519 -0.217287 0.126897 -0.967824
94.303536 -76.306514 -17727.443910 -868.159954 0.988803 0.145976 -0.030967 -0.136241 0.967781 0.211749 -0.060879 0.205159 -0.976833
13.185343 -195.118424 2392.770862 -30640.213178 0.460431 0.581451 -0.670759 -0.445335 0.804952 0.392083 0.767906 0.118185 0.629565
21.096079 -174.589678 3569.263563 -30542.453320 0.469069 0.613745 -0.635051 -0.176869 0.769781 0.613314 0.865270 -0.175366 0.469633
26.960358 -179.137738 4417.246584 -15922.895755 0.476036 0.590819 -0.651401 -0.484146 0.794424 0.366732 0.734161 0.140795 0.664217
18.556839 -194.015029 1764.165736 -6285.940239 0.468985 0.586429 -0.660419 -0.682547 0.715204 0.150377 0.560520 0.380242 0.735686
9.117748 -236.484952 -704.718217 14011.197047 -0.420148 -0.573308 0.703416 0.772618 -0.632563 -0.054078 0.475958 0.520751 0.708718
-0.419017 -42.356108 254.106562 -872.354207 0.966932 0.254152 -0.021170 0.156373 -0.525253 0.836455 -0.201467 0.812106 0.547627
-0.682323 -46.016993 265.778847 -2332.201033 0.971166 0.237959 -0.014565 0.153377 -0.576860 0.802314 -0.182516 0.781414 0.596724
0.138053 -40.704775 579.885635 -942.431593 0.963400 0.261003 -0.061139 0.188864 -0.499005 0.845769 -0.190239 0.826360 0.530035
19.843898 -69.259646 -109.196397 5184.136033 0.577250 0.103562 0.809973 0.804834 -0.239705 -0.542940 0.137927 0.965306 -0.221720
33.980517 -60.876826 1053.930629 4124.328697 0.638004 0.075510 0.766321 0.712561 -0.435146 -0.550368 0.291904 0.897188 -0.331431
28.633436 -62.755301 415.214017 3720.926947 0.490040 0.054713 0.869981 0.822352 -0.360052 -0.440568 0.289133 0.931327 -0.221433
21.543771 -67.535709 110.689530 6438.865681 0.691113 0.141558 0.708748 0.712300 -0.299531 -0.634752 0.122438 0.943527 -0.307841
17.233350 -68.487959 137.610298 3464.146981 0.448884 0.056637 0.891793 0.885805 -0.159647 -0.435731 0.117694 0.985548 -0.121833
10.162668 -73.329505 -573.364667 1630.533565 0.539316 0.111388 0.834704 0.837186 0.036041 -0.545729 -0.090871 0.993123 -0.073815
13.056386 -73.589056 -203.263158 4378.309893 0.621526 0.129522 0.772613 0.783379 -0.096597 -0.613993 -0.004893 0.986860 -0.161502
-19.664429 -26.886334 -3994.453031 -1130.816953 0.814383 -0.045894 -0.578510 0.487416 0.595137 0.638935 -0.314970 0.802313 -0.507039
-24.002804 -32.172529 3392.680606 -1005.074382 -0.574675 0.311427 0.756811 0.791955 0.444734 0.418353 -0.206293 0.839777 -0.502213
-30.433612 -32.275186 -1359.862146 281.523811 0.978260 0.183221 -0.097149 -0.032722 0.598957 0.800112 -0.204785 0.779539 -0.591931
-32.729577 -34.807932 623.442081 32.549233 0.889143 0.318895 0.328223 -0.450797 0.486873 0.748156 -0.078780 0.813180 -0.576656
16.007012 -29.425677 -2329.486113 -226.934873 0.414375 0.462238 0.783983 0.878458 0.022050 -0.477311 -0.237918 0.886482 -0.396920
9.767527 -30.438045 -3005.475558 -124.337107 0.418218 0.508379 0.752758 0.869382 0.016090 -0.493879 -0.263190 0.860983 -0.435247
12.888724 -31.394324 -3130.191568 -239.627565 0.399707 0.498647 0.769146 0.899710 -0.052885 -0.433272 -0.175374 0.865190 -0.469776
18.320492 -30.255499 -991.206771 -455.721451 0.391780 0.429969 0.813410 0.908505 -0.041122 -0.415846 -0.145352 0.901907 -0.406740
18.535503 -28.394610 -227.738109 -261.707124 0.407251 0.403582 0.819310 0.888595 0.032216 -0.457560 -0.211058 0.914376 -0.345501
-0.099168 -142.232596 -111.541818 7562.783203 0.410389 0.734978 0.539804 0.750323 0.064267 -0.657940 -0.518263 0.675039 -0.525096
0.520314 -142.539065 -182.341850 4471.299794 0.416869 0.744266 0.521813 0.712724 0.088645 -0.695820 -0.564131 0.661975 -0.493503
1.045855 -133.736512 -713.426492 11778.582322 0.397932 0.752664 0.524544 -0.457043 -0.333116 0.824709 -0.795463 0.567918 -0.211442
0.045122 -142.983042 280.113985 14611.307390 0.416148 0.742573 0.524791 0.864052 -0.143150 -0.482619 -0.283256 0.654288 -0.701194
-1.166530 -138.149331 -781.322347 4880.823430 0.399873 0.741460 0.538830 0.718709 0.111187 -0.686364 -0.568823 0.661720 -0.488433
-2.001216 -135.938593 49.727867 12632.674864 0.398235 0.737059 0.546034 0.872999 -0.121816 -0.472264 -0.281571 0.664759 -0.691963
97.500190 -15.472239 -18850.093922 1134.843354 0.847874 -0.098515 0.520965 0.525321 0.289062 -0.800301 0.071750 -0.952228 -0.296840
97.477415 -19.609126 3787.708112 3381.373386 0.771964 0.281979 0.569701 0.485362 0.317269 -0.814717 0.410481 -0.905444 -0.108059
88.624014 -15.487870 -7547.720323 -223.527463 0.840020 0.112466 0.530771 0.482841 0.291213 -0.825869 0.247449 -0.950024 -0.190321
93.685009 -18.417185 13089.645645 2496.571162 0.667689 0.522134 0.530630 0.425141 0.317680 -0.847546 0.611103 -0.791490 0.009869
79.486010 -16.113261 1424.121172 -1602.738719 0.762910 0.340204 0.549754 0.466640 0.298769 -0.832457 0.447455 -0.891627 -0.069181
71.331840 -16.409803 -11917.636217 -2564.406084 0.868212 -0.002602 0.496187 0.471431 0.316287 -0.823235 0.154795 -0.948660 -0.275831
-5.854799 -32.214100 670.825673 485.998179 0.481817 0.488872 0.727225 0.845317 -0.040674 -0.532715 -0.230850 0.871407 -0.432849
-3.776962 -32.193958 430.544283 229.401048 0.508998 0.474026 0.718484 0.816957 -0.003138 -0.576690 -0.271112 0.880505 -0.388856
-3.901404 -32.321048 755.064749 1374.104320 0.497552 0.473633 0.726714 0.851079 -0.104633 -0.514506 -0.167648 0.874485 -0.455159
-5.582108 -32.578234 506.859229 -672.167740 0.497814 0.491219 0.714762 0.788929 0.085835 -0.608460 -0.360239 0.866797 -0.344807
-4.672846 -30.523878 463.186514 666.206439 0.490822 0.493061 0.718321 0.862697 -0.159725 -0.479836 -0.121855 0.855207 -0.503758
-7.112687 -31.878609 683.181268 1808.033463 0.446509 0.508026 0.736573 0.883665 -0.121022 -0.452205 -0.140591 0.852797 -0.502962
-7.911498 -32.119987 775.655749 1116.484576 0.455944 0.508850 0.730196 0.861875 -0.047786 -0.504865 -0.222008 0.859528 -0.460353
-7.775737 -31.703749 465.485865 -1234.446757 0.488674 0.513925 0.705039 0.804313 0.047744 -0.592284 -0.338051 0.856506 -0.390025
0.672197 -28.718378 -182.721995 -1467.544804 0.414834 0.796862 0.439231 0.905748 -0.315595 -0.282879 -0.086796 0.515180 -0.852676
0.596629 -27.884791 189.659373 -1077.305469 0.394072 0.803029 0.447048 0.913637 -0.289419 -0.285489 -0.099871 0.520943 -0.847729
0.846308 -32.930131 5.845594 -2336.518314 0.438527 0.788424 0.431372 0.897923 -0.364188 -0.247185 -0.037786 0.495736 -0.867651
1.774253 -31.708885 518.672072 -2124.853733 0.419913 0.790807 0.445306 0.907077 -0.349620 -0.234470 -0.029733 0.502384 -0.864133
0.936341 -33.613405 -173.955983 -2229.901707 0.439427 0.785230 0.436254 0.897469 -0.363165 -0.250322 -0.038128 0.501523 -0.864304
-7.293605 -77.364639 -356.536761 -50.270781 0.177463 0.757601 0.628130 -0.200505 -0.597040 0.776750 -0.963486 0.263787 -0.045950
-4.519138 -74.801617 -929.748919 -5351.858802 0.171847 0.788417 0.590649 -0.484786 -0.454265 0.747413 -0.857585 0.414779 -0.304149
-6.418291 -82.046817 -1086.200113 -3433.120869 0.128784 0.758301 0.639057 -0.342022 -0.570919 0.746373 -0.930825 0.314693 -0.185831
-6.380197 -73.042700 84.927642 -1828.863274 0.221889 0.774821 0.591961 -0.306176 -0.521024 0.796738 -0.925755 0.358031 -0.121622
-8.403917 -83.697476 -559.043001 1990.594222 0.148281 0.739188 0.656973 -0.015442 -0.662505 0.748898 -0.988825 0.121192 0.086823
-9.420893 -80.646687 514.356319 1845.978438 0.205784 0.741765 0.638308 0.017522 -0.654957 0.755463 -0.978440 0.144278 0.147777
-8.499197 -79.005961 1108.097257 1677.892515 0.243654 0.746339 0.619363 -0.053471 -0.627301 0.776939 -0.968387 0.222422 0.112937
-1.554817 -72.976319 273.805270 4688.369158 0.370665 0.723143 0.582813 -0.277448 -0.512647 0.812537 -0.886358 0.462879 -0.010614
-2.557235 -76.103895 177.772175 -568.774571 0.370091 0.730439 0.574013 -0.521148 -0.348264 0.779177 -0.769050 0.587512 -0.251777
-2.584979 -76.268218 97.163443 5768.986739 0.361216 0.728634 0.581906 -0.286404 -0.507185 0.812857 -0.887409 0.460278 -0.025480
-2.141198 -69.255330 90.082377 5283.884671 0.359462 0.730618 0.580504 -0.182614 -0.554980 0.811572 -0.915117 0.397738 0.066073
-9.455805 -29.270082 -79.669748 1082.121868 0.468138 0.614958 0.634566 -0.110295 0.753163 -0.648522 -0.876745 0.233608 0.420410
-8.642682 -27.973902 -201.615993 927.000272 0.455202 0.569859 0.684143 -0.069227 0.788690 -0.610881 -0.887693 0.230713 0.398463
-10.026613 -31.105855 -215.085432 1098.723625 0.456280 0.598731 0.658278 -0.179156 0.786437 -0.591117 -0.871614 0.151781 0.466102
-8.310655 -29.010344 -861.010619 921.450141 0.429272 0.556717 0.711190 -0.104661 0.812791 -0.573077 -0.897090 0.171572 0.407175
-10.677990 -32.150893 222.019615 688.609023 0.469758 0.659935 0.586356 -0.239352 0.734537 -0.634954 -0.849728 0.157930 0.503011
-11.353139 -35.595278 399.344036 1315.793646 0.457554 0.657624 0.598477 -0.308202 0.748634 -0.586991 -0.834060 0.084129 0.545221
-9.058646 -31.594120 -1014.001473 955.957179 0.432698 0.572764 0.696214 -0.203983 0.814423 -0.543237 -0.878159 0.093042 0.469233
-10.937148 -35.928967 -416.971743 1536.428228 0.439318 0.627939 0.642411 -0.302438 0.776756 -0.552432 -0.845890 0.048404 0.531156
-8.411263 -32.633910 -491.142143 -2331.471564 0.498288 0.714974 0.490429 0.865837 -0.380921 -0.324384 -0.045111 0.586269 -0.808860
-8.972923 -32.522951 -803.698677 -315.134283 0.504087 0.731297 0.459458 0.863183 -0.444155 -0.240087 0.028496 0.517621 -0.855135
-8.747942 -30.208563 -680.533657 -2805.838732 0.493056 0.735443 0.464778 0.863312 -0.347495 -0.365978 -0.107649 0.581696 -0.806251
-8.784771 -30.517733 -123.668867 -2425.147356 0.507166 0.711183 0.486828 0.850932 -0.323586 -0.413770 -0.136735 0.624108 -0.769281
-9.611159 -31.434497 18.662181 -2532.332514 0.497450 0.693252 0.521484 0.863999 -0.342037 -0.369481 -0.077777 0.634360 -0.769115
-9.913688 -32.909018 254.454620 718.293687 0.486847 0.684224 0.542971 0.868390 -0.446189 -0.216366 0.094225 0.576847 -0.811399
-1.269553 -52.040061 -125.920726 2429.590961 0.372051 0.660794 0.651867 -0.249586 0.747636 -0.615425 -0.894028 0.066272 0.443083
-0.862558 -54.878863 -2.891568 2665.489307 0.373065 0.643515 0.668365 -0.252474 0.763599 -0.594283 -0.892793 0.052961 0.447343
-1.995536 -60.527149 -241.465772 4515.763880 0.382783 0.623958 0.681289 -0.376726 0.778778 -0.501580 -0.843537 -0.064663 0.533164
-1.413869 -63.299789 -326.369257 4367.514318 0.375922 0.620699 0.688052 -0.343748 0.782945 -0.518493 -0.860535 -0.041604 0.507690
0.940692 -35.721173 271.805011 -963.494521 -0.384650 -0.599219 -0.702126 0.922699 -0.228245 -0.310695 0.025917 -0.767360 0.640693
1.641613 -37.445035 351.767187 -1025.112846 -0.394411 -0.598415 -0.697381 0.914043 -0.177277 -0.364826 0.094688 -0.781327 0.616897
-0.009076 -37.441320 393.736367 -1458.587282 -0.383079 -0.596769 -0.705066 0.917583 -0.158034 -0.364784 0.106267 -0.786697 0.608124
-0.772597 -35.629297 382.774637 -1020.049742 -0.374734 -0.599858 -0.706927 0.926805 -0.222088 -0.302837 0.024659 -0.768666 0.639175
-1.625541 -35.962289 767.319207 -40.593334 -0.457398 -0.614751 -0.642548 0.556300 0.365910 -0.746083 0.693770 -0.698707 0.174619
-3.840511 -34.052939 -103.234280 97.483804 0.438434 0.641064 0.629931 0.517097 0.393341 -0.760193 0.735110 -0.659030 0.159039
-3.200718 -36.729387 363.842722 487.465633 -0.417594 -0.615180 -0.668707 0.613812 0.351645 -0.706810 0.669962 -0.705620 0.230760
-5.062403 -34.602796 -273.715161 468.588213 0.401476 0.621890 0.672362 0.596348 0.379674 -0.707260 0.695116 -0.684909 0.218433
-1.317071 -38.355537 583.754905 851.992590 -0.431032 -0.609792 -0.665106 0.629024 0.325414 -0.705999 0.646947 -0.722675 0.243310
-4.443381 -37.226648 374.295486 1270.538388 -0.375339 -0.606053 -0.701299 0.680144 0.333939 -0.652602 0.629702 -0.721931 0.286863
2.208249 -129.258077 -495.171232 -5950.708355 -0.448061 -0.608648 -0.654820 0.893230 -0.335242 -0.299589 -0.037179 -0.719138 0.693872
0.805738 -130.130997 -573.119575 2477.854185 -0.458215 -0.618592 -0.638266 0.839625 -0.065605 -0.539189 0.291664 -0.782969 0.549446
2.578257 -127.350128 -11.738089 -226.448170 -0.441489 -0.599979 -0.667168 0.894900 -0.240462 -0.375941 0.065129 -0.763023 0.643082
0.141349 -102.308346 -105.862660 -627.626891 0.519549 0.643677 0.561915 0.719363 0.025356 -0.694172 -0.461070 0.764877 -0.449864
2.129404 -92.208741 853.078279 -1580.872761 0.536157 0.625712 0.566586 0.701256 0.043454 -0.711584 -0.469867 0.778843 -0.415486
3.153554 -98.711049 957.087890 -709.606839 0.540952 0.629370 0.557910 0.774822 -0.114905 -0.621649 -0.327141 0.768564 -0.549808
1.661997 -97.287781 710.082619 -1607.640773 0.530412 0.629888 0.567365 0.601530 0.191943 -0.775448 -0.597347 0.752594 -0.277088
1.473050 -102.078690 127.894908 1348.555890 0.533530 0.643836 0.548471 0.820379 -0.236206 -0.520754 -0.205728 0.727792 -0.654213
-0.581678 -98.529839 -160.705745 2564.454598 0.534698 0.642187 0.549266 0.811744 -0.209666 -0.545079 -0.234881 0.737316 -0.633400
-1.279126 -103.155399 448.688420 -221.565525 0.522431 0.619979 0.585399 0.622903 0.191337 -0.758540 -0.582287 0.760931 -0.286227
-0.640079 -102.431563 394.977480 -2090.397832 0.522613 0.627524 0.577139 0.544828 0.274867 -0.792219 -0.655772 0.728466 -0.198244
-1.212582 -99.960279 311.878910 2067.687111 0.531721 0.626677 0.569692 0.736474 -0.009995 -0.676392 -0.418185 0.779215 -0.466846
27.193956 -19.764082 1016.917828 97.662976 0.376922 0.516190 0.769076 0.738109 0.334231 -0.586075 -0.559576 0.788566 -0.255026
22.416881 -22.635266 -3178.321151 109.224251 0.196256 0.616192 0.762752 0.794702 0.355719 -0.491847 -0.574398 0.702688 -0.419877
24.728669 -19.432858 812.918428 -92.998153 0.354489 0.504428 0.787331 0.784045 0.298469 -0.544233 -0.509520 0.810228 -0.289690
21.208883 -21.298996 -1175.000443 -540.418244 0.280190 0.552753 0.784830 0.820821 0.285966 -0.494445 -0.497740 0.782744 -0.373586
21.968378 -18.547157 4092.845159 -333.275608 0.485019 0.400105 0.777607 0.750192 0.266598 -0.605093 -0.449409 0.876836 -0.170851
22.201787 -20.520083 2436.997523 -722.060580 0.439487 0.443242 0.781273 0.784395 0.234440 -0.574249 -0.437693 0.865202 -0.244643
8.690647 -150.762444 -1525.117238 24416.035772 0.463999 0.763533 0.449135 -0.377861 -0.287981 0.879936 -0.801202 0.578001 -0.154886
6.787306 -138.749030 -1738.806399 1043.803646 0.474047 0.755813 0.451693 0.693575 -0.004499 -0.720371 -0.542433 0.654772 -0.526345
11.526493 -151.478512 -2340.577044 22175.979938 0.488431 0.749544 0.446788 -0.470999 -0.204567 0.858086 -0.734572 0.629552 -0.253117
8.503468 -32.654886 -799.371500 38.956120 -0.473034 -0.461709 -0.750375 -0.346442 0.880557 -0.323415 0.810072 0.106975 -0.576489
11.622998 -32.127701 -1831.791651 359.953374 -0.462425 -0.503165 -0.730060 -0.387944 0.855206 -0.343690 0.797284 0.124291 -0.590669
8.437760 -33.060535 -462.227268 -57.636711 -0.479548 -0.471814 -0.739882 -0.276871 0.881439 -0.382632 0.832692 0.021362 -0.553324
10.864841 -32.309651 -1532.373360 526.043776 -0.451989 -0.480458 -0.751575 -0.454966 0.848890 -0.269057 0.767275 0.220331 -0.602282
8.748429 -32.913475 931.416174 -462.200793 -0.477830 -0.466748 -0.744194 -0.272554 0.884129 -0.379513 0.835101 0.021490 -0.549677
9.403546 -32.616411 267.149063 -136.575864 -0.466576 -0.466318 -0.751568 -0.366149 0.875331 -0.315802 0.805135 0.127840 -0.579151
-6.013594 -28.997890 -667.184269 -585.903434 -0.538667 -0.565298 -0.624721 -0.077580 0.771622 -0.631333 0.838939 -0.291613 -0.459503
-6.062708 -30.470499 -492.752412 99.833856 -0.536535 -0.539178 -0.649167 -0.139603 0.815378 -0.561846 0.832251 -0.210824 -0.512749
-5.475618 -29.335993 -251.796334 -1005.276690 -0.525174 -0.530993 -0.665010 -0.044263 0.797437 -0.601776 0.849843 -0.286602 -0.442297
-4.065093 -26.066871 -715.250476 -1862.373949 -0.528886 -0.553841 -0.643071 0.033788 0.743378 -0.668018 0.848020 -0.375033 -0.374449
-5.376780 -26.211964 -877.086594 -1419.022000 -0.543139 -0.612651 -0.574158 -0.028691 0.696956 -0.716540 0.839152 -0.372708 -0.396122
-14.022002 -27.200978 -199.640465 992.459499 -0.721010 0.052844 -0.690906 0.028366 0.998503 0.046769 0.692343 0.014123 -0.721430
-11.897912 -29.221508 1119.307646 914.672089 -0.756512 0.088021 -0.648029 0.090742 0.995444 0.029277 0.647653 -0.036655 -0.761053
-11.886493 -26.404202 645.163168 902.123633 -0.755370 0.029170 -0.654649 -0.017976 0.997710 0.065198 0.655052 0.061017 -0.753116
-12.708235 -24.355676 -379.169786 780.330645 -0.717570 -0.053399 -0.694436 -0.113984 0.992617 0.041454 0.687096 0.108900 -0.718359
-3.279801 -66.529841 255.294766 406.796062 0.468346 0.735897 0.488986 0.880880 -0.431856 -0.193779 0.068570 0.521494 -0.850495
-4.157571 -62.101193 -439.474375 58.260735 0.476530 0.741172 0.472846 0.873239 -0.461338 -0.156909 0.101846 0.487680 -0.867062
-3.759290 -63.467505 -333.294533 181.616586 0.504905 0.725695 0.467374 0.825480 -0.564213 -0.015710 0.252297 0.393740 -0.883920
-3.165558 -65.314925 333.183639 986.436093 0.502905 0.723940 0.472227 0.825178 -0.564722 -0.013047 0.257232 0.396233 -0.881380
-31.081902 -114.873480 3243.822854 -29012.914524 0.874533 -0.484912 -0.007187 -0.178374 -0.335405 0.925033 0.450971 0.807690 0.379818
-213.684563 -1443.344101 83583.100441 -426053.058614 0.788884 -0.596568 0.147545 -0.419187 -0.346802 0.839054 0.449383 0.723765 0.523660
-11.932598 -1054.303318 8571.781125 -240600.470946 0.777113 -0.578413 0.248060 -0.479127 -0.288149 0.829100 0.408085 0.763157 0.501058
-39.189386 -104.832998 7643.636611 -21186.587359 0.851709 -0.514932 0.097142 -0.273088 -0.277954 0.920958 0.447230 0.810917 0.377358
28.043955 -3889.486872 7382.883169 -976698.669292 0.736653 -0.600675 0.310696 -0.529346 -0.226232 0.817687 0.420874 0.766817 0.484620
-13.746045 -631.011517 -2899.048319 149511.485812 0.631240 -0.692968 0.348326 0.749974 0.430905 -0.501857 0.197675 0.578028 0.791712
5.009757 -62.748437 -4423.358784 4484.913413 -0.026923 0.762894 0.645963 0.311811 -0.607548 0.730520 -0.949763 -0.221086 0.221521
9.846153 -68.338728 -3931.094975 2514.799718 -0.008111 0.762778 0.646610 0.081577 -0.643971 0.760688 -0.996634 -0.058919 0.057002
13.179461 -59.454447 -2123.003250 2765.191092 0.046393 0.778901 0.625428 0.251313 -0.615065 0.747353 -0.966793 -0.122507 0.224283
7.986676 -52.026764 -1760.482297 3313.773543 0.036994 0.782259 0.621854 0.444729 -0.570148 0.690759 -0.894901 -0.251002 0.368985
2.415306 -51.613288 -2581.320628 5422.903058 -0.005232 0.781820 0.623482 0.514991 -0.532344 0.671859 -0.857180 -0.324603 0.399845
-5.677433 -24.022811 -1132.411486 -1212.950938 0.585216 0.487296 0.648124 0.693831 0.112747 -0.711257 -0.419667 0.865928 -0.272120
-4.603987 -18.230319 -888.266656 -1765.828738 0.579732 0.490796 0.650407 0.648259 0.205767 -0.733089 -0.493629 0.846628 -0.198874
-5.823228 -20.543060 -325.331097 -1669.423657 0.584723 0.464652 0.664979 0.671543 0.182629 -0.718106 -0.455114 0.866455 -0.205247
-36.477611 -56.732459 592.772933 2758.909128 0.849595 0.322698 0.417198 0.526093 -0.574881 -0.626688 -0.037608 -0.751916 0.658185
-33.018078 -51.892394 89.127686 1667.435353 0.979951 0.160349 0.118257 0.195449 -0.658434 -0.726818 0.038680 -0.735359 0.676573
39.795994 -85.655208 4057.292274 -11106.697322 0.347237 0.049712 0.936459 -0.501885 0.853398 0.140795 -0.792173 -0.518884 0.321281
27.086769 -101.146502 3311.523854 -14629.009112 0.397090 0.071921 0.914957 -0.348894 0.933910 0.078009 -0.848877 -0.350200 0.395939
-37.615649 -62.287900 519.537158 -2527.905724 -0.926296 -0.049490 -0.373531 0.074808 0.947448 -0.311041 0.369295 -0.316059 -0.873915
-33.369824 -60.847983 -1260.425974 -346.080830 0.968470 -0.003262 0.249107 0.063975 0.969640 -0.236021 0.240775 -0.244516 -0.939276
-31.864393 -59.409608 1343.043357 4585.633378 -0.972766 0.037600 -0.228721 0.035354 0.999278 0.013908 0.229079 0.005443 -0.973393
-1.721861 -73.317449 -483.094463 -3431.468513 0.049445 0.947098 -0.317112 0.953804 -0.138976 -0.266352 0.296333 0.289293 0.910218
-1.869739 -62.705408 1391.395831 -3306.646323 -0.020064 -0.953404 0.301028 0.996168 -0.044699 -0.075173 0.085126 0.298367 0.950648
-3.347776 -51.857366 1813.193775 -2802.895634 0.047836 -0.950175 0.308026 0.994168 0.075132 0.077367 -0.096655 0.302529 0.948227
0.954807 -55.822500 1334.901893 -2066.905579 0.018481 -0.950923 0.308875 0.994655 0.048873 0.090953 -0.101585 0.305543 0.946744
0.215420 -64.124512 499.765664 -3635.128272 -0.038930 -0.947979 0.315944 0.996761 -0.059110 -0.054537 0.070376 0.312797 0.947209
28.469623 6.076756 2197.921631 6816.845357 -0.750104 -0.572370 -0.331265 -0.281826 0.729818 -0.622848 0.598263 -0.373841 -0.708748
17.812150 -4.900159 3812.441353 4381.302560 -0.812997 -0.526228 -0.249239 -0.256496 0.707946 -0.658044 0.522729 -0.471059 -0.710533
25.613763 -12.820809 1886.711887 1834.187538 -0.754254 -0.514067 -0.408456 -0.142042 0.735116 -0.662894 0.641034 -0.441973 -0.627483
21.022496 10.591847 4570.734757 6939.793700 -0.850148 -0.440632 -0.288256 -0.195545 0.772506 -0.604149 0.488887 -0.457249 -0.742908
31.530769 -3.454121 -226.289346 5936.599582 -0.676391 -0.593726 -0.435874 -0.237276 0.735881 -0.634176 0.697278 -0.325528 -0.638620
33.368614 21.683036 1061.074218 9051.348913 0.624637 0.704946 0.335976 -0.372603 0.647145 -0.665110 0.686292 -0.290267 -0.666895
29.310783 25.172121 2067.140364 9253.343132 -0.760605 -0.554542 -0.337584 -0.264277 0.739425 -0.619200 0.592990 -0.381751 -0.708963
-15.594556 -33.404321 -520.930179 1360.354770 0.362392 -0.233610 0.902274 0.300334 0.945710 0.124229 -0.882310 0.225964 0.412879
-15.166046 -27.317299 85.095061 2488.942400 0.436022 -0.139910 0.888994 0.377230 0.925281 -0.039398 -0.817057 0.352533 0.456221
-14.719131 -31.054224 -290.604883 2245.725743 0.350224 -0.214421 0.911793 0.382448 0.921339 0.069766 -0.855030 0.324280 0.404680
-14.223950 -24.612448 405.760586 2743.323720 0.417182 -0.087260 0.904624 0.419509 0.901481 -0.106506 -0.806208 0.423930 0.412688
-9.173646 -19.798657 1570.795915 1527.179783 0.572043 0.249941 0.781215 0.239346 0.860122 -0.450448 -0.784526 0.444656 0.432204
-12.925427 -29.785853 511.076239 475.285586 0.675308 0.170328 0.717598 0.030272 0.965746 -0.257716 -0.736914 0.195761 0.647020
1.435204 -43.822929 -528.635030 1325.277155 0.981628 0.185096 0.046329 0.190147 -0.928804 -0.318068 0.015842 -0.321034 0.946935
1.439830 -45.053635 211.734410 950.601921 0.976938 0.212530 0.020580 0.209968 -0.938682 -0.273475 0.038803 -0.271489 0.961659
1.734710 -42.419838 -403.734330 2152.073820 0.983503 0.177810 0.033257 0.173689 -0.876865 -0.448263 0.050544 -0.446644 0.893283
0.972399 -48.611457 -492.309329 -253.448117 0.977251 0.207643 0.043180 0.211525 -0.969044 -0.127323 -0.015405 -0.133560 0.990921
1.770613 -41.763936 -369.050301 3463.673679 0.985211 0.168026 0.033567 0.164782 -0.875410 -0.454427 0.046970 -0.453237 0.890152
1.142015 -42.218943 -95.820744 1311.382760 0.983450 0.179288 0.026098 0.177107 -0.920959 -0.347084 0.038193 -0.345962 0.937471
1.255087 -45.467906 -197.255303 -764.038108 0.980587 0.193011 0.034571 0.196072 -0.966984 -0.162778 -0.002012 -0.166397 0.986057
-0.159444 -88.210971 -238.000446 137.575201 0.800279 0.318993 0.507737 -0.421487 -0.303016 0.854710 -0.426499 0.898011 0.108046
-2.190496 -86.743807 -128.493375 -7.151252 0.801215 0.315863 0.508218 -0.434159 -0.277606 0.856995 -0.411778 0.907285 0.085287
-2.744150 -86.301796 -293.785222 -2623.557467 0.810880 0.319533 0.490278 -0.520363 0.010367 0.853882 -0.267761 0.947518 -0.174680
275.232508 -36.509957 57608.326782 -506.902461 0.805690 0.558212 -0.198150 -0.091883 0.448252 0.889173 -0.585168 0.698191 -0.412442
191.115359 -40.100830 45023.374379 -1872.491525 0.939858 0.333330 -0.074560 -0.103318 0.485498 0.868111 -0.325566 0.808198 -0.490738
-3.639432 -98.205575 -575.093718 -200.994759 -0.047450 0.791081 -0.609869 0.934625 -0.180274 -0.306556 -0.352454 -0.584545 -0.730810
-3.186848 -100.491331 -542.782673 -1012.857720 -0.050110 0.789856 -0.611242 -0.817197 0.319418 0.479752 -0.574177 -0.523545 -0.629462
-4.125895 -89.825511 -510.412633 2418.610949 -0.041302 0.795181 -0.604964 0.988512 -0.055584 -0.140549 -0.145388 -0.603819 -0.783751
-4.223376 -85.786534 152.107566 6196.375612 -0.001754 0.791272 -0.611462 -0.108254 0.607720 0.786739 -0.994122 -0.067573 -0.084592
-3.244325 -71.279756 284.732024 4791.324549 0.009347 0.800288 -0.599544 0.104414 0.595511 0.796533 -0.994490 0.070046 0.077995
-3.090844 -80.789086 75.808027 7074.671070 0.007087 0.803802 -0.594855 -0.007749 0.594896 0.803765 -0.999945 0.001087 -0.010445
-4.021490 -95.224720 262.680657 5790.497837 0.009223 0.803483 -0.595257 -0.278695 0.573760 0.770149 -0.960335 -0.158792 -0.229218
-0.354946 -60.956761 428.038239 -267.070741 0.948274 0.315743 -0.032906 0.295169 -0.838808 0.457468 -0.116841 0.443518 0.888617
-1.431555 -64.298078 365.929547 1582.317033 0.938355 0.343652 -0.037333 0.306712 -0.777910 0.548438 -0.159430 0.526080 0.835358
-9.805964 -40.537362 1385.108652 -68.912109 0.966111 0.025146 -0.256900 0.161331 -0.835733 0.524902 0.201501 0.548560 0.811468
-8.376307 -39.819058 -41.841877 -506.932773 0.977870 -0.029055 -0.207185 0.099867 -0.805373 0.584295 0.183838 0.592055 0.784649
-12.914368 -38.491415 526.530886 -1595.254760 0.972164 0.033015 -0.231963 0.182742 -0.726444 0.662484 0.146636 0.686432 0.712256
-6.553004 -46.460698 164.479089 231.302726 0.971416 -0.018123 -0.236689 0.085524 -0.903403 0.420177 0.221441 0.428410 0.876030
-9.588765 -40.500634 2136.100303 801.113893 0.950142 0.103258 -0.294226 0.224019 -0.882399 0.413747 0.216902 0.459031 0.861536
-6.518013 -41.367210 2222.094545 1305.186049 0.957045 0.032255 -0.288140 0.154235 -0.898152 0.411746 0.245512 0.438501 0.864546
4.974485 -170.097426 2185.296235 -17053.155420 0.149196 -0.914855 0.375208 0.988469 0.147920 -0.032381 -0.025876 0.375712 0.926375
3.825168 -194.347851 1923.284913 -16827.972149 0.103574 -0.910704 0.399863 0.941136 -0.040323 -0.335614 0.321768 0.411086 0.852920
