16512
33014
-42.185188 -63.943537 437.209415 9176.046633 0.317166 0.947202 0.047055 0.807371 -0.243648 -0.537390 0.497552 -0.208433 0.842020
-39.128262 -63.828623 -289.938176 6437.182131 0.554191 0.807152 -0.203417 0.674725 -0.578712 -0.458082 0.487462 -0.116615 0.865322
-48.519555 -75.234824 1018.154933 6873.095297 0.284720 0.958366 0.021646 0.877380 -0.251430 -0.408641 0.386186 -0.135340 0.912438
-34.429138 -49.620197 1219.007517 4900.766364 0.656323 0.704171 -0.270893 0.498525 -0.674252 -0.544846 0.566315 -0.222548 0.793574
-47.678557 -87.793986 -24.979089 11465.896292 0.045960 0.984344 0.170160 0.933531 0.018304 -0.358028 0.355538 -0.175305 0.918075
-34.029714 -75.811249 -3428.916073 15627.131208 0.142927 0.964350 0.222712 0.856892 -0.007963 -0.515434 0.495286 -0.264510 0.827482
-31.399672 -52.473800 -3354.519572 9290.497949 0.338091 0.934626 0.110310 0.751133 -0.197363 -0.629959 0.567005 -0.295841 0.768755
66.897647 -63.849166 -21063.244696 -12581.258866 0.725784 -0.661685 -0.188178 0.066305 -0.204984 0.976517 0.684720 0.721217 0.104901
107.606740 -82.771387 21910.214058 11857.399371 -0.637729 0.734128 0.233147 -0.021854 0.285319 -0.958184 0.769950 0.616157 0.165912
96.476127 -87.517221 -26978.112619 -11482.332176 0.749874 -0.654750 -0.094822 -0.129728 -0.286067 0.949387 0.648736 0.699620 0.299454
31.852992 -59.222130 -18288.901089 -11715.937565 0.802917 -0.596065 0.005573 -0.084966 -0.105188 0.990816 0.590005 0.796016 0.135102
41.452572 -78.561896 -18404.788148 -11809.454017 0.789308 -0.595615 0.149119 -0.291106 -0.149185 0.944987 0.540602 0.789295 0.291140
106.169778 -96.430981 -35390.087229 -5381.042601 0.803893 -0.588299 0.087527 -0.370538 -0.380252 0.847414 0.465251 0.713662 0.523669
-42.961847 -71.483785 -417.464968 -6553.113860 0.521280 0.850435 -0.070905 -0.399420 0.169713 -0.900923 0.754143 -0.497954 -0.428148
-42.413199 -76.090569 214.475785 -3855.650414 0.568293 0.819070 -0.078535 -0.470482 0.245156 -0.847671 0.675048 -0.518674 -0.524678
-44.238183 -81.053842 -1631.089572 -4900.210668 0.547753 0.836329 0.022830 -0.462348 0.325331 -0.824860 0.697281 -0.441264 -0.564876
-43.829370 -81.808871 -215.210390 -1144.590341 0.603981 0.796964 0.007431 -0.535177 0.412459 -0.737199 0.590586 -0.441278 -0.675634
-44.431226 -84.383731 -3104.316420 2353.639768 0.561073 0.825778 0.057334 -0.608153 0.458214 -0.648221 0.561558 -0.328831 -0.759291
-51.943348 -57.484630 15351.427210 880.489665 0.438334 -0.509012 -0.740791 0.753879 -0.240576 0.611383 -0.489418 -0.826456 0.278280
-21.882247 -54.548801 22481.005615 41.507255 0.570898 -0.452701 -0.684936 0.733781 -0.092891 0.673005 -0.368294 -0.886811 0.279152
-55.253052 -62.844405 2581.364977 9635.557727 0.905114 -0.369430 0.210451 0.024813 -0.448241 -0.893568 -0.424444 -0.814003 0.396543
-5.165332 -53.080557 25581.536010 -180.371584 0.520562 -0.402052 -0.753239 0.740019 -0.227595 0.632908 -0.425895 -0.886879 0.179049
-60.097005 -84.533393 436.658851 6027.835501 0.740596 -0.156420 0.653491 0.382707 -0.701190 -0.601555 -0.552316 -0.695605 0.459436
-5.168628 -42.202214 1155.037296 -181.179015 0.758347 0.617418 -0.209058 0.636963 -0.633730 0.438936 -0.138521 0.466028 0.873859
-8.460005 -47.396056 2475.042399 1888.092398 0.707620 0.647581 -0.282689 0.682861 -0.523924 0.509122 -0.181590 0.553302 0.812947
-12.743444 -48.069123 -704.376753 1294.769710 -0.649932 -0.711684 0.266635 0.733289 -0.495051 0.466059 -0.199689 0.498427 0.843620
-1.921162 -43.137493 1643.664929 -2653.441530 0.798978 0.564537 -0.207202 0.581738 -0.638278 0.504165 -0.152367 0.523354 0.838382
35.612885 -41.796083 -706.484080 -1727.128695 -0.557650 0.824281 -0.097916 0.812473 0.566177 0.139039 -0.170045 0.002020 0.985434
29.224400 -42.084345 -6247.192449 -1155.094138 -0.557357 0.830143 0.014719 0.818022 0.546012 0.180862 -0.142104 -0.112845 0.983398
36.744670 -39.528044 -3230.003253 -812.250937 -0.544441 0.835766 -0.071269 0.809282 0.545724 0.217366 -0.220560 -0.060667 0.973485
27.401350 -44.059013 6611.373249 -1670.981369 0.575528 -0.817455 -0.023144 0.814960 0.570963 0.099202 -0.067878 -0.075955 0.994798
-5.195673 -63.372756 321.478460 409.890420 0.637306 0.635923 -0.435250 -0.601178 0.056930 -0.797085 0.482106 -0.769650 -0.418584
-6.551710 -63.738581 163.090240 2609.901772 0.639130 0.633591 -0.435977 -0.536796 -0.038470 -0.842835 0.550785 -0.772711 -0.315521
-5.653782 -65.362591 -523.663879 258.843038 0.659172 0.623353 -0.420622 -0.553131 0.022980 -0.832777 0.509448 -0.781603 -0.359943
-3.747864 -67.190610 -389.853106 -1911.197827 0.658196 0.624402 -0.420596 -0.617608 0.128362 -0.775940 0.430510 -0.770484 -0.470123
-3.479660 -66.564174 243.307799 3550.857039 0.632042 0.636928 -0.441413 0.657803 -0.139846 0.740093 0.409656 -0.758133 -0.507362
97.557839 -83.771362 1261.155494 -6419.737253 0.005057 0.999769 -0.020886 -0.900969 -0.004507 -0.433861 0.433855 -0.021012 -0.900738
92.792051 -87.829257 11653.036686 -9197.134285 -0.065646 0.986475 0.150189 -0.945320 -0.013293 -0.325875 0.319471 0.163369 -0.933407
87.133984 -98.323655 -12317.605832 -11823.966342 0.060448 0.991515 -0.115080 -0.949319 0.021479 -0.313580 0.308448 -0.128203 -0.942562
73.304481 -95.145168 3385.933867 5119.982313 -0.009388 0.991852 0.127050 0.993049 -0.005661 0.117570 0.117331 0.127270 -0.984904
95.835152 -94.074966 -23061.994342 -11712.876930 0.170310 0.943937 -0.282803 -0.901861 0.033678 -0.430712 0.397041 -0.328404 -0.857035
59.843826 -104.213464 -10890.350991 3914.821409 0.108496 0.981119 -0.160108 0.993280 -0.100466 0.057451 0.040280 -0.165265 -0.985426
64.440166 -106.506628 -16682.161485 10044.478351 0.201300 0.939116 -0.278460 0.962380 -0.136653 0.234843 0.182492 -0.315258 -0.931294
3.790526 -118.540609 -467.246360 5685.818072 0.234209 0.965377 0.114863 -0.902720 0.259810 -0.342921 0.360891 0.023374 -0.932315
2.579648 -125.860983 604.586248 5585.824199 0.235790 0.961071 0.144030 -0.884779 0.273606 -0.377234 0.401956 0.038487 -0.914850
3.306878 -121.510670 710.863336 -1202.159772 0.187702 0.974375 0.123941 -0.960810 0.208348 -0.182854 0.203992 0.084762 -0.975296
1.588903 -127.389189 -177.511272 6466.356078 0.281348 0.946560 0.157697 -0.747175 0.319205 -0.582957 0.602141 -0.046186 -0.797053
4.974053 -116.795869 404.045607 -2457.060084 0.180295 0.977007 0.113801 -0.966460 0.197474 -0.164192 0.182890 0.080381 -0.979842
2.855594 -112.199983 -357.414191 5467.208155 0.260628 0.957342 0.124777 -0.807727 0.287017 -0.514975 0.528820 -0.033431 -0.848075
3.446285 -106.523870 -159.438908 4630.051521 0.222921 0.969518 0.101696 -0.894818 0.244898 -0.373264 0.386791 0.007791 -0.922134
6.833430 -91.935785 2622.793085 -6263.241411 -0.018998 0.972985 0.230085 0.716434 -0.147271 0.681934 -0.697396 -0.177796 0.694281
0.900273 -96.888883 693.248648 -8555.090851 -0.019116 0.971035 0.238173 0.806002 -0.125988 0.578349 -0.591604 -0.203024 0.780247
5.735623 -100.297540 3425.342504 -7549.860902 -0.022595 0.976181 0.215776 0.833103 -0.100926 0.543832 -0.552656 -0.192052 0.810979
-3.137144 -66.989506 505.226449 -3205.204062 -0.364366 0.219387 -0.905045 0.071257 0.975573 0.207796 0.928526 0.011223 -0.371099
-6.015617 -73.768041 -29.960467 -5108.684969 -0.361445 0.238043 -0.901495 -0.056092 0.959558 0.275865 0.930705 0.150276 -0.333475
-4.392330 -70.130195 62.455823 -3171.256120 -0.357785 0.266345 -0.895014 0.056648 0.962886 0.263898 0.932084 0.043718 -0.359594
-0.740205 -66.990633 1604.612411 677.462448 -0.372794 0.204279 -0.905149 0.165606 0.974453 0.151713 0.913017 -0.093341 -0.397100
1.211137 -63.508025 2520.007915 -1813.100315 -0.382091 0.177907 -0.906838 0.127452 0.982062 0.138964 0.915294 -0.062482 -0.397912
-17.471482 -96.947345 2304.271841 337.306792 -0.019434 0.922584 0.385306 -0.263719 0.367001 -0.892055 0.964404 0.118949 -0.236171
-15.668612 -96.140249 1633.106315 -390.439507 -0.017392 0.935152 0.353820 -0.045755 0.352758 -0.934595 0.998801 0.032444 -0.036653
-18.775049 -95.772207 1935.447650 -244.889582 0.007590 0.936542 0.350474 -0.199066 0.344884 -0.917294 0.979957 0.062805 -0.189051
6.279932 -57.221783 718.561221 -1048.707158 0.537076 0.702844 -0.466432 0.800099 -0.599605 0.017763 -0.267191 -0.382732 -0.884378
5.638880 -52.687606 -355.715559 -704.058680 0.511569 0.707076 -0.488201 0.790845 -0.609610 -0.054219 -0.335949 -0.358355 -0.871045
6.143211 -56.728882 202.952505 -1127.005793 0.541770 0.689824 -0.480238 0.810230 -0.580623 0.080025 -0.223634 -0.432458 -0.873480
4.817952 -54.637499 -876.659921 -1506.152261 0.530812 0.685177 -0.498770 0.806560 -0.589110 0.049095 -0.260192 -0.428348 -0.865343
-7.116619 -121.709157 770.859733 -3821.881204 -0.514351 -0.030697 -0.857030 0.200539 0.967346 -0.155002 0.833803 -0.251593 -0.491400
-6.927778 -123.930895 730.983181 3339.678933 -0.519363 -0.055817 -0.852729 0.353664 0.894358 -0.273944 0.777936 -0.443856 -0.444756
-5.503446 -129.808096 1092.184671 -1816.545379 -0.531645 -0.047753 -0.845620 0.296831 0.924581 -0.238832 0.793249 -0.377980 -0.477374
-4.576613 -141.671507 1054.717760 8872.316250 -0.541783 -0.075212 -0.837147 0.470600 0.798098 -0.376265 0.696425 -0.597815 -0.397001
-7.159414 -124.816175 657.254760 -1524.398135 -0.533140 -0.022692 -0.845723 0.087159 0.992848 -0.081584 0.841525 -0.117208 -0.527349
-5.345371 -119.263271 -173.285487 -3746.083726 -0.530631 -0.049771 -0.846140 0.219613 0.956111 -0.193963 0.818658 -0.288746 -0.496412
-10.287013 -148.823157 70.811796 7040.650971 -0.496194 -0.077789 -0.864720 0.363382 0.885938 -0.288214 0.788508 -0.457234 -0.411331
-9.054968 -182.239836 -236.063096 20773.848270 -0.519823 -0.115441 -0.846438 0.528130 0.735367 -0.424634 0.671462 -0.667764 -0.321293
-8.602871 -149.927509 654.703682 12048.889083 -0.524510 -0.081481 -0.847496 0.462693 0.808311 -0.364071 0.714706 -0.583090 -0.386267
-6.622504 -185.799155 923.209730 22731.261767 -0.557959 -0.102141 -0.823559 0.610459 0.621738 -0.490695 0.562158 -0.776537 -0.284552
-2.937236 -64.733325 478.977800 -7002.985983 0.588531 -0.591478 0.551167 -0.508829 0.258796 0.821047 0.628271 0.763661 0.148652
6.399417 -85.087990 987.744984 12651.710712 0.547232 -0.596503 0.587130 0.626480 -0.173264 -0.759936 0.555032 0.783686 0.278881
-1.513072 -65.862038 158.562799 7094.182158 0.530254 -0.577886 0.620386 0.586919 -0.277859 -0.760474 0.611847 0.767360 0.191837
1.821723 -74.278805 14.088600 -11665.830998 0.619667 -0.610539 0.493208 -0.518132 0.153792 0.841360 0.589535 0.776910 0.221040
4.146768 -302.391158 -1331.007567 -77888.494558 -0.476234 -0.231269 -0.848361 0.774713 -0.566745 -0.280393 -0.415958 -0.790768 0.449070
11.694797 -343.688256 -166.371811 -91618.867664 -0.491840 -0.185729 -0.850646 0.705812 -0.657118 -0.264623 -0.509826 -0.730549 0.454287
4.957368 -230.384115 956.899257 -37489.746286 -0.482928 -0.188924 -0.855037 0.663809 -0.715802 -0.216762 -0.571086 -0.672261 0.471090
6.969030 -212.388810 -300.545452 13438.092345 0.473160 0.173750 0.863673 -0.511227 0.852562 0.108559 -0.717473 -0.492898 0.492224
3.793819 -412.869985 1716.160995 -117031.270444 -0.488427 -0.190770 -0.851496 0.796730 -0.495482 -0.346004 -0.355894 -0.847410 0.393999
3.842349 -278.011006 523.515576 -53539.924369 -0.504391 -0.192963 -0.841638 0.690688 -0.675127 -0.259140 -0.518208 -0.712018 0.473805
5.522967 -196.647602 -496.025761 12755.948758 0.504686 0.174885 0.845404 -0.497609 0.859154 0.119331 -0.705463 -0.480906 0.520627
-22.454171 -687.875401 4290.800734 177983.838234 -0.613533 0.289323 -0.734758 0.221395 0.956169 0.191640 0.757998 -0.045094 -0.650696
4.232255 -330.804250 4020.923190 74356.070467 -0.562399 0.434956 -0.703221 -0.039546 0.835344 0.548303 0.825920 0.336174 -0.452596
-7.334448 -353.215837 3625.475457 98113.261057 -0.566709 0.401032 -0.719732 -0.118338 0.824873 0.552794 0.815375 0.398445 -0.420006
36.339657 -57.932500 -6420.604333 -1991.893474 -0.083547 0.227961 -0.970079 -0.626652 0.744889 0.229013 0.774808 0.627035 0.080619
24.527342 -53.128701 -11033.222264 -1552.478473 0.015108 0.271996 -0.962180 -0.583491 0.783846 0.212421 0.811979 0.558214 0.170550
21.471971 -60.241520 -8206.872614 -3459.552945 -0.028351 0.303525 -0.952402 -0.698671 0.675385 0.236039 0.714881 0.672107 0.192916
28.352683 -68.918685 5472.971038 5623.337186 0.104602 -0.261471 0.959527 0.730580 -0.634417 -0.252522 0.674767 0.727426 0.124665
28.205859 -35.845650 -1679.372036 -1209.225515 0.056478 -0.214762 -0.975032 0.128870 0.969990 -0.206187 0.990052 -0.114007 0.082459
29.499081 -40.519942 -4387.762384 -1816.407377 0.055834 -0.131143 -0.989790 0.053928 0.990285 -0.128167 0.996983 -0.046221 0.062364
35.911192 -41.607278 -5950.111416 -1882.889213 0.021599 -0.163677 -0.986277 0.119346 0.979876 -0.160001 0.992618 -0.114253 0.040698
-6.604975 -31.569256 -1587.258208 239.108081 -0.267730 0.962215 0.049628 0.699154 0.229461 -0.677149 0.662951 0.146596 0.734170
-5.800492 -29.617416 -1350.320587 -85.620941 -0.191034 0.981399 -0.019014 0.694911 0.121536 -0.708751 0.693256 0.148609 0.705203
-9.649585 -31.039985 -809.054346 305.400117 -0.324485 0.940820 0.097815 0.619889 0.289620 -0.729286 0.714456 0.176007 0.677181
-1.854685 -75.098565 -449.643417 4678.511698 0.391564 0.900188 -0.190628 0.781509 -0.215993 0.585312 -0.485717 0.378165 0.788080
-0.516253 -74.133925 -655.607376 1947.573085 0.397966 0.897231 -0.191311 0.805589 -0.242009 0.540794 -0.438918 0.369335 0.819111
-0.403015 -71.656842 8.344495 168.255183 0.418657 0.887921 -0.190582 0.821318 -0.280650 0.496662 -0.387509 0.364460 0.846762
0.428328 -68.502744 -835.687809 -2122.374510 0.399819 0.896434 -0.191183 0.848310 -0.282897 0.447593 -0.347152 0.341139 0.873562
2.992142 -80.860488 425.052202 5848.983739 0.050784 0.936775 0.346227 0.193831 -0.349328 0.916733 -0.979720 -0.020554 0.199316
5.102451 -87.219175 1246.446871 4793.440533 0.052964 0.940746 0.334951 0.130943 -0.339068 0.931604 -0.989974 0.005482 0.141142
4.336367 -89.077238 687.852203 4597.961455 0.058688 0.929370 0.364453 0.015552 -0.365890 0.930528 -0.998155 0.048943 0.035927
-9.180834 -15.483739 4269.055877 8170.736280 0.807664 -0.108717 0.579534 0.358707 -0.689473 -0.629251 -0.467983 -0.716106 0.517865
-18.289205 -37.916671 -748.453097 5250.808174 -0.487530 -0.275386 -0.828539 0.681722 -0.712953 -0.164172 -0.545499 -0.644872 0.535323
-11.517380 -21.123115 3631.766674 7807.301287 -0.035933 -0.554642 -0.831313 0.871037 -0.425170 0.246019 -0.489902 -0.715264 0.498391
-106.370053 -412.965084 8372.864982 120118.959827 0.936650 -0.195530 -0.290612 -0.317188 -0.121518 -0.940545 -0.148590 -0.973140 0.175840
107.961820 -1195.920220 -3611.766110 352942.515044 0.894602 -0.227141 -0.384831 -0.391976 0.014652 -0.919859 -0.214576 -0.973752 0.075926
120.199842 -272.890186 -40325.260248 90734.084437 0.921449 -0.178758 -0.344931 -0.345085 0.031241 -0.938051 -0.178460 -0.983397 0.032900
-16.725497 -405.683076 13658.893431 -58854.440936 0.119393 0.949569 0.289938 -0.912010 0.220310 -0.345979 0.392407 0.223119 -0.892320
-47.623967 -586.542254 22336.038607 -181132.907219 0.073684 0.958911 0.273970 0.985393 -0.027713 -0.168025 -0.153529 0.282349 -0.946947
-3.965312 -515.942171 8631.330892 -136952.371716 0.112462 0.958447 0.262168 0.988005 -0.079761 -0.132229 -0.105824 0.273894 -0.955920
5.945601 -436.354363 2183.277683 -81525.360366 0.147520 0.961539 0.231689 -0.890598 0.231028 -0.391741 0.430201 0.148552 -0.890426
-16.380206 -22.527285 -1641.092352 -5543.692130 -0.208123 0.862885 0.460558 0.315546 -0.386459 0.866649 -0.925805 -0.325697 0.191849
-15.616538 -15.817969 -1121.905891 -650.215466 0.119294 0.204307 0.971611 -0.353030 0.923376 -0.150819 -0.927976 -0.325016 0.182279
-14.149588 -18.949329 -1079.278286 -4647.951661 -0.246318 0.865340 0.436478 0.307942 -0.357140 0.881829 -0.918966 -0.351620 0.178504
15.161752 -27.441342 -10827.821808 5882.542799 0.253441 0.910569 -0.326544 -0.773169 0.393546 0.497324 -0.581358 -0.126431 -0.803765
17.320824 -28.882115 -7565.293300 -2120.240042 0.036263 0.997571 -0.059475 -0.776108 0.065604 0.627178 -0.629556 -0.023416 -0.776602
0.968546 -7.919806 11810.165950 -9399.201112 -0.754362 0.014417 0.656301 -0.041876 0.996666 -0.070027 -0.655122 -0.080309 -0.751243
9.497956 -17.364439 -3278.179677 3467.957728 -0.392805 0.896255 0.205987 -0.422308 -0.374777 0.825347 -0.816921 -0.237211 -0.525710
11.453702 -23.162948 -2136.276398 3559.498075 -0.362232 0.911353 0.195511 -0.467674 -0.359148 0.807647 -0.806269 -0.201121 -0.556310
14.282186 -16.798812 -1491.610435 2683.509601 -0.352588 0.912544 0.207234 -0.428886 -0.354413 0.830932 -0.831708 -0.204097 -0.516339
11.967844 -12.760100 -2008.899780 1356.948264 -0.385956 0.894451 0.225820 -0.401602 -0.383282 0.831751 -0.830514 -0.230330 -0.507144
-7.646070 -177.671947 -481.681830 11557.666803 -0.582934 0.811210 -0.046112 -0.421184 -0.253156 0.870929 -0.694832 -0.527116 -0.489241
-8.225440 -157.156649 -515.865935 30461.615548 -0.598705 0.800104 -0.037221 -0.139708 -0.058558 0.988460 -0.788691 -0.596996 -0.146840
-11.019650 -156.024748 -89.813076 25802.243790 -0.585679 0.809412 -0.042799 -0.174359 -0.074245 0.981879 -0.791567 -0.582529 -0.184612
-3.258900 -176.184168 -3052.308304 23431.138387 -0.620435 0.780964 -0.071797 -0.329256 -0.176296 0.927637 -0.711794 -0.599178 -0.366518
-8.124365 -184.211110 -11.667260 -8324.960801 -0.564997 0.823343 -0.053701 -0.642890 -0.398501 0.654132 -0.517175 -0.404107 -0.754472
-7.289872 -188.037687 483.028496 -7830.707790 -0.583229 0.811080 -0.044641 -0.633216 -0.419533 0.650407 -0.508804 -0.407603 -0.758273
-5.737720 -189.443046 -1722.085819 -1092.448384 -0.600929 0.797470 -0.054088 -0.550329 -0.363723 0.751560 -0.579674 -0.481401 -0.657443
-7.322673 -34.806436 182.916701 -1054.398898 -0.358528 0.908259 -0.215693 0.901959 0.277462 -0.330886 -0.240684 -0.313178 -0.918690
-7.649359 -35.755212 512.602473 2282.685733 -0.337048 0.919271 -0.203320 0.896306 0.247206 -0.368136 -0.288155 -0.306317 -0.907269
-6.640282 -35.030490 182.952605 -1038.228608 -0.325956 0.921355 -0.211794 0.911531 0.246881 -0.328877 -0.250725 -0.300257 -0.920317
-6.101766 -32.188178 183.108767 -2428.928502 -0.334000 0.916551 -0.219952 0.920515 0.266991 -0.285251 -0.202722 -0.297743 -0.932873
-8.190487 -44.179871 -2271.607998 -405.804022 -0.303954 0.927316 0.218398 -0.831915 -0.370066 0.413483 -0.464251 0.056008 -0.883931
-7.557473 -45.837666 -1052.020272 -1785.856260 -0.318908 0.916710 0.240707 -0.786436 -0.397686 0.472614 -0.528976 0.038580 -0.847759
-9.677516 -44.924938 -2025.289905 -656.865669 -0.305085 0.923220 0.233642 -0.786404 -0.382603 0.484958 -0.537115 0.035784 -0.842750
-1.938907 -75.720578 -1669.736066 995.830335 -0.395492 0.908038 -0.138037 -0.398216 -0.304953 -0.865117 0.827654 0.287178 -0.482201
1.041836 -74.606828 -2155.176719 -844.964430 -0.386082 0.913112 -0.131024 -0.271528 -0.248236 -0.929866 0.881597 0.323428 -0.343775
2.194387 -76.441422 -1857.763207 2321.487970 -0.391694 0.908266 -0.147070 -0.439881 -0.325245 -0.837091 0.808134 0.263190 -0.526925
8.956748 -98.266346 -416.963064 -5880.107580 -0.662589 0.748761 0.018272 0.747250 0.659200 0.084099 0.050925 0.069377 -0.996290
7.675674 -96.628560 -391.618705 -3475.940486 -0.665909 0.745408 0.030546 0.730071 0.642690 0.232264 0.153500 0.176968 -0.972173
8.866799 -93.896839 116.343967 4913.499989 -0.644576 0.762978 0.048847 -0.763634 -0.645607 0.007448 -0.037219 0.032500 -0.998779
-1.924862 -125.891463 230.951469 -3728.126666 -0.496825 0.860523 -0.112539 -0.796783 -0.400895 0.452128 -0.343950 -0.314298 -0.884825
-1.843069 -131.282916 42.688360 -7038.435173 -0.494700 0.859733 -0.127005 -0.789332 -0.383343 0.479586 -0.363630 -0.337500 -0.868255
-0.553244 -132.238282 483.989921 1820.358741 -0.515792 0.850740 -0.100995 -0.681987 -0.336384 0.649415 -0.518510 -0.403841 -0.753698
-2.576634 -123.473613 865.794577 9701.532981 -0.469331 0.874654 -0.121279 0.862781 0.424987 -0.273854 -0.187985 -0.233165 -0.954094
-0.913114 -132.058310 205.610991 -180.176806 -0.521218 0.848144 -0.094776 -0.653988 -0.325596 0.682852 -0.548298 -0.417897 -0.724383
-2.904781 -115.788235 166.081246 4895.921977 -0.454314 0.880006 -0.138521 0.886058 0.430285 -0.172501 -0.092198 -0.201107 -0.975221
-2.215742 -115.806226 -238.552982 5958.648306 -0.490831 0.862452 -0.123542 0.841213 0.432203 -0.324901 -0.226816 -0.263396 -0.937644
-6.262230 -57.441900 253.194999 -6052.509349 0.660172 -0.743547 -0.106347 -0.558108 -0.390838 -0.731957 -0.502680 -0.542571 0.673001
-4.070445 -56.393411 1923.304051 4378.223507 -0.627392 0.773063 0.093551 0.571238 0.375260 0.729978 -0.529213 -0.511422 0.677038
-3.698002 -66.724035 1311.442395 7069.516528 -0.626016 0.773004 0.102804 0.508756 0.304943 0.805095 -0.590992 -0.556304 0.584169
-4.968833 -51.502087 -389.271425 -1753.568324 0.671458 -0.737404 -0.073342 -0.586430 -0.468249 -0.660941 -0.453038 -0.486804 0.746845
-6.489360 -73.607185 941.855211 8850.443736 -0.639403 0.761990 0.102641 0.482335 0.293565 0.825332 -0.598763 -0.577227 0.555241
-8.357731 -56.633236 506.823878 -7058.954204 0.668593 -0.734178 -0.118181 -0.567242 -0.400756 -0.719466 -0.480854 -0.548067 0.684399
-6.670534 -48.128580 485.658279 -1923.282280 0.691269 -0.717807 -0.083073 -0.574520 -0.476239 -0.665675 -0.438264 -0.507887 0.741604
-23.350238 -32.778390 944.625741 -952.459281 -0.452325 0.838062 0.305049 -0.304728 0.176226 -0.935994 0.838178 0.516330 -0.175670
-25.961868 -38.229566 1523.154057 225.704763 -0.419785 0.875171 0.240533 -0.312611 0.109382 -0.943562 0.852088 0.471287 -0.227671
-23.141202 -36.817977 879.225469 -273.157139 -0.499895 0.858649 0.113254 -0.290215 -0.042865 -0.956001 0.816015 0.510768 -0.270620
-21.919143 -33.175594 -231.954280 -729.725923 -0.520423 0.836723 0.170454 -0.267414 0.029878 -0.963119 0.810956 0.546811 -0.208202
-14.765539 -19.018136 -1750.385245 3148.551859 -0.371689 0.900816 -0.224450 0.093635 0.276915 0.956322 -0.923623 -0.334438 0.187274
-14.785507 -26.924023 -1126.484244 5127.781871 -0.334233 0.942435 -0.010170 0.121006 0.053611 0.991203 -0.934690 -0.330063 0.131959
-13.271912 -22.808683 -1013.641530 5365.486977 -0.369790 0.928522 -0.033212 0.141898 0.091766 0.985619 -0.918216 -0.359759 0.165690
10.276044 -118.620615 7657.806490 -1235.283831 0.551818 -0.801805 0.229361 0.788643 0.412276 -0.456148 0.271182 0.432594 0.859839
-0.556080 -116.701802 3849.668117 350.554941 0.588245 -0.778266 0.219705 0.697253 0.350491 -0.625296 0.409642 0.521017 0.748822
-0.077911 -117.166184 3193.187164 -398.321344 0.590002 -0.775507 0.224694 0.774088 0.464197 -0.430476 0.229535 0.427914 0.874187
6.297243 -73.083962 -412.262253 -4321.351965 -0.405845 0.907285 -0.110107 -0.129779 -0.176464 -0.975714 0.904681 0.381699 -0.189363
4.724784 -76.621182 -2137.890285 -381.459378 -0.387659 0.911502 -0.137418 -0.290451 -0.262265 -0.920248 0.874848 0.316829 -0.366416
3.237609 -73.247099 -2487.856842 -3668.572661 -0.375536 0.919433 -0.116691 -0.161759 -0.188996 -0.968563 0.912583 0.344854 -0.219702
-9.088345 -39.340995 693.115486 -632.247002 -0.389517 0.912372 -0.125916 -0.723209 -0.218333 0.655210 -0.570303 -0.346279 -0.744879
-9.604619 -40.344463 -334.337745 -1095.183779 -0.430374 0.891398 -0.142085 -0.704675 -0.233422 0.670035 -0.564102 -0.388489 -0.728605
-10.298859 -43.999204 1098.901943 -3016.144694 -0.450894 0.889290 -0.076539 -0.647627 -0.266941 0.713668 -0.614226 -0.371357 -0.696290
-10.633696 -43.569750 474.891618 -2822.410645 -0.423323 0.902000 -0.084817 -0.656051 -0.240632 0.715327 -0.624815 -0.358459 -0.693623
-14.758961 -260.232045 -395.679697 32762.110253 -0.388311 0.898646 -0.204084 0.093128 -0.182061 -0.978867 0.916811 0.399111 0.012992
-16.101375 -219.163940 410.124197 24258.624723 -0.410454 0.879563 -0.240617 -0.056423 -0.287860 -0.956009 0.910134 0.378821 -0.167781
-16.678672 -237.133968 -738.679456 4849.165525 -0.396718 0.893050 -0.212313 0.286327 -0.099363 -0.952966 0.872142 0.438850 0.216285
-14.229909 -240.511754 -276.966421 -12809.630779 -0.391708 0.902515 -0.178976 0.501777 0.046492 -0.863747 0.771223 0.428142 0.471072
-16.475147 -222.687192 223.289747 -18572.051172 -0.424400 0.883365 -0.198875 0.570381 0.090231 -0.816409 0.703242 0.459919 0.542148
18.735409 -54.839814 1055.335930 2600.972263 -0.057743 0.886356 -0.459389 0.542273 0.414202 0.731011 -0.838216 0.206904 0.504564
16.338296 -65.335914 1590.572646 3049.259170 0.012484 0.937337 -0.348201 0.388699 0.316292 0.865374 -0.921280 0.146149 0.360393
15.725551 -50.189214 2544.514694 1995.672158 -0.013748 0.885243 -0.464926 0.495528 0.409889 0.765796 -0.868483 0.219855 0.444298
21.103166 -12.649125 17380.899999 3619.350983 0.139290 -0.249478 0.958311 -0.170902 0.947167 0.271418 -0.975393 -0.201582 0.089294
-37.041059 -75.398360 -19601.718016 50273.962920 -0.255236 0.876771 -0.407587 0.097336 0.442707 0.891367 -0.961967 -0.187836 0.198336
3.149279 -128.444883 -6920.046036 76474.018277 -0.206060 0.711866 -0.671406 0.034393 0.690976 0.722059 -0.977935 -0.125696 0.166866
21.987826 -17.147637 4324.524908 -1233.395367 0.394529 0.917964 -0.041092 -0.685321 0.323742 0.652324 -0.612113 0.229199 -0.756825
20.054251 -17.099633 4391.889252 23.400636 0.399183 0.915311 -0.053468 -0.691594 0.338877 0.637856 -0.601955 0.217644 -0.768297
10.500199 -20.745944 4898.307555 -2116.765504 0.452549 0.891118 -0.033290 -0.670379 0.364590 0.646271 -0.588041 0.270152 -0.762382
-5.748627 -31.456716 3139.384011 1379.920216 -0.383213 0.721989 0.576090 -0.453889 -0.690400 0.563323 -0.804446 0.045609 -0.592273
1.528169 -31.601199 3974.838988 1586.512374 -0.358114 0.748793 0.557731 -0.491699 -0.659051 0.569108 -0.793717 0.070431 -0.604196
-5.428391 -35.061562 3828.004316 1073.479670 -0.365599 0.743112 0.560466 -0.547096 -0.658718 0.516505 -0.753010 0.117795 -0.647380
-11.327690 -34.198093 1738.705350 975.859975 -0.396588 0.734708 0.550384 -0.493079 -0.676207 0.547373 -0.774333 0.054301 -0.630444
-10.464338 -31.289866 1029.408244 -1370.664465 -0.429422 0.684583 0.589019 0.385704 0.728764 -0.565805 -0.816596 -0.015782 -0.576994
0.195556 -36.488868 -1014.539923 -1084.940083 -0.339360 0.526741 -0.779345 -0.129234 0.794547 0.593290 0.931737 0.302057 -0.201564
-4.784748 -39.609893 -776.024375 -5395.727350 -0.366689 0.631976 -0.682748 -0.016545 0.729321 0.683972 0.930196 0.262101 -0.256978
1.230134 -37.330980 -1145.981075 -2718.277493 -0.359621 0.659933 -0.659667 0.147431 -0.657898 -0.738536 0.921378 0.362848 -0.139300
-5.262747 -107.293860 -317.143376 -6352.659081 -0.534505 0.843803 -0.047968 -0.671223 -0.389326 0.630781 -0.513580 -0.369352 -0.774477
-4.411627 -109.192879 -659.325797 -5420.072337 -0.536473 0.841260 -0.066912 -0.662831 -0.370956 0.650421 -0.522352 -0.393285 -0.756621
-4.099124 -115.536316 -318.372805 -7798.060109 -0.544273 0.837585 -0.047098 -0.568995 -0.327320 0.754391 -0.616451 -0.437393 -0.654733
-8.213114 -26.965928 215.639752 4142.390717 0.971376 0.119519 0.205291 0.190486 0.124442 -0.973771 0.141931 -0.985002 -0.098114
-11.997647 -81.230300 -209.277204 30925.907614 0.917331 0.084994 0.388948 0.373216 0.156557 -0.914439 0.138615 -0.984005 -0.111894
-12.208389 -46.722669 543.214213 11346.387399 0.903860 0.078737 0.420520 0.405866 0.153066 -0.901024 0.135311 -0.985074 -0.106394
-9.995216 -42.890874 575.057833 -10177.946985 0.957339 0.090237 0.274515 0.261979 0.129833 -0.956300 0.121935 -0.987421 -0.100654
-6.478732 -35.265763 -484.690534 -13535.489811 0.966191 0.109423 0.233457 0.222961 0.100111 -0.969673 0.129476 -0.988941 -0.072329
-45.525694 -75.343027 -570.220406 4405.639629 0.442904 0.888177 -0.122384 0.831750 -0.457996 -0.313739 0.334707 -0.037163 0.941589
-42.230930 -71.545660 -458.861147 5461.985282 0.544556 0.795068 -0.267068 0.722734 -0.606392 -0.331579 0.425576 0.012456 0.904837
-33.705250 -53.279718 455.248545 -3921.975394 0.714442 0.564712 -0.413126 -0.401043 0.814323 0.419574 0.573357 -0.134080 0.808260
-39.797124 -63.015028 207.621780 -6077.666677 0.630947 0.677518 -0.377987 -0.570114 0.735339 0.366398 0.526190 -0.015682 0.850223
114.579119 -60.499534 -17998.425192 1196.696616 0.351259 0.843483 0.406392 0.161800 0.372834 -0.913682 0.922192 -0.386693 0.005514
107.766708 -76.540198 -19448.894906 4610.313995 0.160213 0.852509 0.497555 0.284625 0.442757 -0.850268 0.945156 -0.277840 0.171710
150.488749 -84.452106 -20035.875134 88.765104 0.020805 0.900474 0.434412 0.196143 0.422386 -0.884940 0.980355 -0.103618 0.167834
145.561531 -82.554949 -7171.198029 -3578.739188 0.006029 0.923403 0.383783 0.059351 0.382783 -0.921930 0.998219 -0.028336 0.052497
131.195553 -73.212250 -14373.765100 -3112.334877 0.255017 0.904728 0.341225 0.039560 0.342835 -0.938562 0.966127 -0.252848 -0.051638
-35.713016 -70.412264 -2071.833499 -2799.286453 0.606403 0.776086 -0.173106 -0.485569 0.189028 -0.853517 0.629681 -0.601630 -0.491471
-41.960849 -77.943463 1067.633385 -1056.435767 0.624209 0.778189 -0.069175 -0.516903 0.344980 -0.783454 0.585811 -0.524796 -0.617588
21.782255 -42.995830 6791.371562 -632.870587 0.545340 -0.835411 -0.068510 0.823464 0.518683 0.229946 -0.156564 -0.181814 0.970789
20.011238 -44.738227 5929.822197 -827.109191 0.564187 -0.823596 -0.058164 0.822769 0.554947 0.122819 -0.068875 -0.117149 0.990723
15.659211 -42.747470 4119.139594 -770.944175 0.529605 -0.844541 -0.079180 0.823151 0.489157 0.288352 -0.204793 -0.217890 0.954245
22.197761 -39.787456 -5739.112265 -571.617565 -0.529322 0.846656 0.054689 0.810249 0.485338 0.328547 -0.251624 -0.218219 0.942903
12.799728 -45.009294 1956.475590 -521.304868 0.539987 -0.839304 -0.063114 0.832422 0.521461 0.187486 -0.124446 -0.153777 0.980238
31.066244 -39.303324 -5823.267740 -347.030967 -0.538705 0.842491 -0.002471 0.811813 0.519869 0.265888 -0.225293 -0.141229 0.964001
-6.763364 -136.509476 -323.662597 -17917.065963 -0.337458 0.086332 -0.937374 0.870589 -0.350132 -0.345662 -0.358046 -0.932714 0.042995
-8.002449 -161.928388 -205.806203 -9343.555984 -0.342425 0.083691 -0.935810 0.938543 -0.015521 -0.344813 -0.043382 -0.996371 -0.073232
-7.952757 -149.313824 -310.821182 -11328.070715 -0.328026 0.073572 -0.941799 0.933697 -0.126255 -0.335067 -0.143559 -0.989266 -0.027279
-7.822507 -162.121777 -476.461395 -6362.568984 -0.338013 0.065198 -0.938880 0.935712 0.130283 -0.327825 0.100947 -0.989331 -0.105044
-6.589406 -131.363082 21.625036 -13328.187945 -0.315446 0.075202 -0.945959 0.890789 -0.320140 -0.322499 -0.327092 -0.944381 0.033997
-6.379389 -151.689342 -421.633020 -8821.729063 -0.327985 0.057015 -0.942961 0.942124 -0.053675 -0.330939 -0.069482 -0.996929 -0.036111
-6.276211 -63.940823 -211.368715 -2920.569634 0.637301 0.637712 -0.432631 -0.324645 -0.286981 -0.901248 0.698894 -0.714818 -0.024137
-6.705362 -64.403427 -309.469803 1271.776621 0.642088 0.629276 -0.437876 -0.451754 -0.150894 -0.879289 0.619388 -0.762393 -0.187391
-5.403451 -64.837771 911.582070 1169.559601 0.611022 0.654746 -0.444927 -0.464182 -0.158942 -0.871362 0.641238 -0.738949 -0.206804
-5.913983 -63.238889 627.199367 -2392.745706 0.608230 0.659978 -0.441004 -0.374981 -0.250777 -0.892468 0.699604 -0.708195 -0.094949
-4.814329 -64.791201 1199.353717 1731.401807 0.605016 0.660263 -0.444981 -0.557866 -0.047234 -0.828586 0.568103 -0.749547 -0.339761
-5.157725 -64.779587 1095.957207 758.951102 0.601601 0.668519 -0.437216 -0.481217 -0.133563 -0.866367 0.637579 -0.731603 -0.241351
98.709177 -79.635537 25095.806387 -2656.248466 -0.155452 0.953469 0.258324 -0.915283 -0.040650 -0.400756 0.371608 0.298738 -0.879013
2.042393 -128.318184 909.522774 -1869.261925 0.194557 0.972279 0.129694 -0.953440 0.218514 -0.207855 0.230433 0.083216 -0.969523
0.007741 -129.946473 748.432654 2411.524099 0.242108 0.960106 0.139927 -0.885505 0.277598 -0.372587 0.396566 0.033700 -0.917387
0.460740 -133.661316 -10.944554 6764.257138 0.293770 0.940850 0.168820 -0.750546 0.336408 -0.568779 0.591929 -0.040383 -0.804978
6.275649 -82.249110 1790.921686 -1557.938460 -0.002162 0.968991 0.247086 0.613159 -0.193903 0.765792 -0.789956 -0.153159 0.593727
2.079350 -87.623146 936.446393 -5544.783982 -0.007287 0.969842 0.243625 0.702551 -0.168406 0.691420 -0.711596 -0.176197 0.680137
-1.376497 -95.383650 396.155635 -7823.923355 0.002868 0.970371 0.241602 0.796431 -0.148320 0.586258 -0.604722 -0.190738 0.773259
-6.390805 -47.277380 -2328.734901 -4259.372784 0.662967 0.717039 -0.215245 0.216233 -0.458658 -0.861903 0.716742 -0.524870 0.459122
-7.441399 -52.186107 -2175.120389 -1455.986896 0.665044 0.710969 -0.228559 0.256304 -0.504752 -0.824338 0.701444 -0.489641 0.517907
-5.340977 -47.273965 -2904.739647 -3164.005732 0.666401 0.720629 -0.191320 0.259950 -0.465060 -0.846253 0.698810 -0.514211 0.497244
-7.028135 -77.405774 536.777173 -4612.224422 -0.370086 0.197342 -0.907795 -0.157250 0.949770 0.270573 0.915592 0.242886 -0.320465
-9.697403 -82.388521 -789.340520 -4296.977072 -0.355751 0.256632 -0.898655 -0.220761 0.911273 0.347628 0.908133 0.322057 -0.267532
-6.068658 -78.218499 -546.063355 -4546.304152 -0.354782 0.286154 -0.890082 -0.093230 0.936438 0.338218 0.930289 0.202976 -0.305554
-35.062218 -55.825568 2633.293145 824.115423 0.949997 0.266496 0.162741 0.312182 -0.822049 -0.476212 -0.006873 -0.503205 0.864140
-41.912756 -66.722773 2756.956999 1022.844687 0.903343 0.303949 0.302634 0.410851 -0.815809 -0.407010 -0.123181 -0.492007 0.861833
-37.502443 -61.195702 3963.910213 292.091435 0.994365 0.057779 0.088879 0.099454 -0.798704 -0.593449 -0.036699 -0.598944 0.799949
-14.578048 -87.297955 -77.349456 -533.905086 0.111977 0.956403 0.269730 0.188888 0.246002 -0.950686 0.975593 -0.157403 0.153107
-14.295238 -90.091511 -454.995030 -595.881923 0.133389 0.951744 0.276389 0.058223 0.270874 -0.960852 0.989352 -0.144259 0.019282
-15.806366 -91.253654 -738.684325 -1518.350270 0.103143 0.949997 0.294733 0.033970 0.292776 -0.955577 0.994086 -0.108573 0.002073
-14.844674 -88.080592 -600.459870 -1069.012052 0.090311 0.953253 0.288363 0.214431 0.264143 -0.940345 0.972555 -0.146757 0.180552
4.695574 -61.822411 778.582000 -1264.804230 0.556119 0.698713 -0.450036 0.800952 -0.595099 0.065819 -0.221828 -0.397060 -0.890582
5.474401 -62.267247 1263.114288 -1807.815300 0.573276 0.684931 -0.449694 0.801738 -0.582132 0.135418 -0.169029 -0.438168 -0.882858
5.153134 -67.895681 -279.934920 -3376.519245 0.594352 0.668039 -0.447737 0.794434 -0.574242 0.197790 -0.124978 -0.473255 -0.872015
5.052124 -67.941175 -795.594995 -2444.703619 0.576272 0.682795 -0.449112 0.800717 -0.581717 0.143031 -0.163595 -0.442036 -0.881953
4.941941 -73.393714 -1643.952805 -3411.752730 0.608500 0.657672 -0.444066 0.791402 -0.544116 0.278604 -0.058393 -0.520966 -0.851578
-8.960621 -133.933548 -176.808397 1615.191472 -0.486804 -0.050702 -0.872039 0.286338 0.933892 -0.214142 0.825247 -0.353943 -0.440104
-8.805255 -194.728912 750.051112 25253.296427 -0.500595 -0.098505 -0.860059 0.507292 0.771666 -0.383649 0.701469 -0.628354 -0.336321
7.612890 -489.624609 -3979.073596 -133961.708707 -0.473434 -0.230494 -0.850137 0.861827 -0.320609 -0.393019 -0.181972 -0.918740 0.350433
26.883053 -320.132575 -8158.193011 -62828.754654 -0.465850 -0.190144 -0.864193 0.818351 -0.464066 -0.339033 -0.336578 -0.865152 0.371790
24.615335 -245.604730 -8509.546430 -16748.896317 -0.480811 -0.169113 -0.860361 0.676582 -0.695687 -0.241362 -0.557725 -0.698154 0.448914
-524.270211 -4147.031056 105818.964573 2132114.317226 0.897969 -0.318063 -0.304117 0.305113 0.948000 -0.090564 0.317108 -0.011466 0.948320
5.214657 -159.162166 41494.192603 -62315.159893 -0.203764 -0.376797 0.903606 0.940266 -0.332431 0.073410 0.272726 0.864589 0.422027
36.493071 -96.544606 29638.163047 -33805.251070 0.800611 -0.414922 -0.432276 0.197725 -0.498080 0.844288 0.565621 0.761418 0.316728
37.622061 -47.231563 -6559.336930 -1932.254304 0.007960 -0.079153 -0.996831 -0.009574 0.996811 -0.079227 0.999922 0.010174 0.007176
25.753492 -42.515035 -4037.074159 -664.723449 0.055215 -0.066922 -0.996229 -0.046616 0.996491 -0.069523 0.997386 0.050279 0.051901
-8.985348 -29.658905 -1058.081614 584.376145 -0.248837 0.967896 0.035456 0.630294 0.189621 -0.752843 0.735397 0.164988 0.657244
-7.381382 -28.770456 -1176.938261 741.622598 -0.153583 0.987145 -0.044229 0.642879 0.065829 -0.763134 0.750412 0.145638 0.644726
-12.109480 -30.293711 -352.624204 182.905791 -0.349348 0.926511 0.139759 0.548076 0.323037 -0.771531 0.759979 0.192935 0.620651
-10.522665 -28.915659 -1007.234227 635.084893 -0.235853 0.971186 0.034234 0.591232 0.171361 -0.788087 0.771245 0.165632 0.614612
-0.871851 -74.049149 -1206.227017 -1292.534440 0.381195 0.904580 -0.190857 0.651026 -0.116076 0.750128 -0.656396 0.410198 0.633153
-0.934070 -73.692179 -1062.201674 4559.622745 0.389306 0.902315 -0.185116 0.752743 -0.195829 0.628513 -0.530866 0.384029 0.755449
-1.491951 -72.723768 -746.081216 -391.121258 0.390660 0.900062 -0.193065 0.669255 -0.133701 0.730905 -0.632046 0.414745 0.654602
0.387502 -74.744276 -615.338144 2086.812007 0.394173 0.897691 -0.196921 0.757149 -0.195749 0.623223 -0.520915 0.394756 0.756845
-0.359564 -76.701683 -456.320414 -3928.489418 0.401609 0.895256 -0.192943 0.538928 -0.060691 0.840163 -0.740451 0.441399 0.506853
-0.521538 -77.997791 -383.080684 -1925.099011 0.391312 0.896739 -0.206722 0.533345 -0.037931 0.845047 -0.749946 0.440931 0.493114
-0.257380 -75.731648 -363.081677 -755.621371 0.384870 0.898406 -0.211521 0.626427 -0.085954 0.774727 -0.677838 0.430671 0.595867
-19.412668 -45.526636 1166.612841 2786.583608 0.599022 0.171515 0.782148 0.555130 -0.792897 -0.251285 -0.577064 -0.584719 0.570176
-25.149944 -44.367241 364.699960 -89.377642 0.460340 0.319626 0.828207 -0.602652 0.797541 0.027179 -0.651842 -0.511632 0.559763
-65.029500 -210.034216 530.318397 -60940.857253 0.975129 0.015030 -0.221127 0.203180 -0.459224 0.864772 0.088549 0.888193 0.450857
-26.033230 -288.077341 4925.133492 -83703.843481 0.972722 -0.112763 -0.202724 0.118047 -0.511670 0.851034 0.199693 0.851750 0.484401
-18.742756 -103.677563 -8028.333474 -15937.705589 0.822296 0.087755 -0.562253 0.529592 -0.479561 0.699681 0.208234 0.873109 0.440816
-53.024532 -432.908989 78742.331201 -105326.251329 0.707905 -0.434334 0.556978 -0.686104 -0.235604 0.688296 0.167724 0.869394 0.464783
-58.075957 -532.709044 20616.805770 166347.641398 0.181901 0.948161 0.260580 -0.801407 -0.010606 0.598025 -0.569788 0.317612 -0.757934
-16.905320 -608.293084 10610.739499 181447.214091 0.112617 0.949459 0.292992 -0.827909 -0.073388 0.556041 -0.549440 0.305191 -0.777801
-12.843037 -210.401323 11101.735656 54411.782705 0.149343 0.943694 0.295191 -0.646411 -0.132730 0.751356 -0.748231 0.303024 -0.590192
-61.617952 -215.432902 29052.089717 51116.455323 0.215788 0.944372 0.248186 -0.636456 -0.056726 0.769224 -0.740512 0.323949 -0.588811
-13.628251 -59.060302 -1118.697546 -4343.834678 0.446825 0.821820 -0.353497 0.265099 0.255759 0.929683 -0.854442 0.509117 0.103584
-18.612112 -59.545445 -880.344060 -3901.051064 0.472526 0.796462 -0.377316 0.342986 0.228187 0.911203 -0.811837 0.559982 0.165351
-17.071627 -54.368465 -1416.727717 -1949.126781 0.453313 0.785290 -0.421695 0.281824 0.322554 0.903623 -0.845625 0.528468 0.075096
-12.779562 -48.314346 -1193.521424 1114.431926 0.437251 0.782147 -0.443912 0.226012 0.382191 0.896018 -0.870477 0.492114 0.009661
-12.999952 -51.121013 -2112.333765 1001.392311 0.425528 0.817867 -0.387324 0.245224 0.307780 0.919313 -0.871086 0.486174 0.069591
-16.073446 -18.085342 1088.710577 -83.962374 0.352624 -0.643718 0.679178 -0.072443 0.704843 0.705655 -0.932957 -0.298033 0.201912
-16.033274 -16.721617 1002.797946 1222.057505 0.269046 -0.232464 0.934652 -0.179942 0.941215 0.285893 -0.946169 -0.245102 0.211400
-17.320839 -20.264417 -1630.121529 2712.248565 -0.330264 0.821289 -0.465199 0.039468 0.504439 0.862545 -0.943063 -0.266507 0.199012
-16.539519 -23.578916 -1796.628689 3945.703931 -0.329932 0.937572 -0.110019 0.126005 0.159241 0.979166 -0.935557 -0.309196 0.170677
0.456627 -64.162576 -8917.983888 -13516.945613 0.086665 0.985307 -0.147173 -0.763145 0.160621 0.625948 -0.640389 -0.058067 -0.765852
-1.593758 -15.773635 3309.987625 -5925.615321 -0.352036 0.896005 0.270639 -0.642144 -0.441569 0.626632 -0.680971 -0.046808 -0.730813
-24.898293 -80.902537 -7113.665736 -33367.217494 0.217928 0.943321 -0.250305 -0.792687 0.320698 0.518459 -0.569346 -0.085427 -0.817648
