11253
22498
-49.805545 -75.792609 151.046501 5454.974638 -0.111199 -0.964779 0.238404 0.963420 -0.045792 0.264055 -0.243838 0.259045 0.934579
-37.996290 -79.051868 2639.635071 12138.222404 0.106131 -0.976924 0.185355 0.984039 0.129967 0.121554 -0.142839 0.169496 0.975125
-40.247932 -62.110426 258.004445 7383.802005 -0.265982 -0.948352 0.172865 0.959769 -0.243789 0.139319 -0.089981 0.202967 0.975042
-29.337831 -54.317249 3405.139835 8237.338252 -0.132797 -0.984962 0.110519 0.991023 -0.133692 -0.000700 0.015465 0.109433 0.993874
-42.071486 -65.414900 -226.924266 5821.363603 -0.507188 -0.833376 0.219646 0.853659 -0.450764 0.260917 -0.118433 0.319837 0.940041
-33.681224 -51.318852 -73.781013 5328.767250 -0.629654 -0.758974 0.165812 0.776790 -0.611917 0.148843 -0.011505 0.222521 0.974860
44.669950 -39.947024 739.720640 -685.256787 0.199247 -0.846576 -0.493569 0.913390 -0.022020 0.406491 -0.354993 -0.531813 0.768866
48.147226 -36.412367 9656.732522 436.985709 -0.061298 0.931106 0.359560 0.911436 -0.094622 0.400413 -0.406850 -0.352260 0.842844
36.212698 -34.966507 -6135.798103 -488.291543 0.125341 -0.930240 -0.344882 0.938083 -0.002030 0.346405 -0.322939 -0.366947 0.872388
35.378264 -36.048344 -4546.128654 -316.751897 0.181057 -0.920959 -0.345040 0.965876 0.100445 0.238735 -0.185207 -0.376490 0.907719
33.653661 -39.678188 3246.626304 192.313548 0.283402 -0.813724 -0.507481 0.937914 0.124821 0.323631 -0.200002 -0.567691 0.798578
-3.472445 -177.999071 448.818455 -14979.104750 -0.459190 -0.330871 -0.824420 0.888323 -0.176495 -0.423949 -0.005233 -0.927024 0.374965
-0.339642 -160.953056 599.135782 -27708.603911 -0.452653 -0.336789 -0.825638 0.836655 -0.480664 -0.262623 -0.308406 -0.809651 0.499350
1.599370 -179.924263 2780.950418 -23134.811030 -0.451463 -0.297158 -0.841355 0.886162 -0.259636 -0.383805 -0.104396 -0.918851 0.380546
1.393073 -191.622401 2532.659405 -93.628223 -0.468741 -0.302106 -0.830069 0.846540 0.114757 -0.519808 0.252294 -0.946342 0.201953
-3.115331 -186.186574 -71.604871 4165.878532 -0.458695 -0.340811 -0.820638 0.834644 0.151646 -0.529502 0.304907 -0.927821 0.214897
1.485174 -49.009160 2452.801570 6.391238 0.420064 0.903533 -0.084704 -0.553469 0.181103 -0.812941 0.719179 -0.388369 -0.576152
6.069938 -47.874205 2880.266833 887.559058 0.427289 0.896058 -0.120437 -0.534978 0.143193 -0.832643 0.728851 -0.420210 -0.540556
2.813145 -45.303901 155.183023 -982.746391 0.456348 0.884517 -0.096827 -0.442017 0.130906 -0.887403 0.772248 -0.447764 -0.450711
1.719230 -49.653210 16.781724 -870.975604 0.439742 0.892093 -0.103909 -0.528957 0.163749 -0.832701 0.725831 -0.421137 -0.543886
2.386491 -47.798422 -2156.792327 -1960.084924 0.475149 0.874423 -0.098073 -0.414497 0.124116 -0.901547 0.776161 -0.469020 -0.421419
2.303530 -42.441112 -687.850708 -2555.138168 0.468044 0.880460 -0.075661 -0.302931 0.079424 -0.949697 0.830161 -0.467420 -0.303893
1.871224 -43.326792 1269.056603 -2707.518641 0.462805 0.882119 -0.087622 -0.299031 0.062303 -0.952207 0.834501 -0.466888 -0.292615
2.822433 -55.863055 -60.500357 1928.523464 -0.202969 -0.978215 -0.043576 0.978725 -0.201309 -0.039636 0.030000 -0.050693 0.998264
1.751741 -60.456699 838.544248 3474.878075 0.176489 0.983731 0.033546 0.981274 -0.178515 0.072341 -0.077152 -0.020150 0.996816
2.508030 -62.381441 333.481401 4289.601792 0.163125 0.985881 0.037811 0.983524 -0.165523 0.072679 -0.077911 -0.025332 0.996638
2.998302 -53.887339 -16.761635 1675.708471 -0.216155 -0.974992 -0.051647 0.975988 -0.214312 -0.038968 0.026925 -0.058831 0.997905
2.196696 -58.940426 44.606442 2206.244054 -0.196296 -0.979739 -0.039733 0.980259 -0.195099 -0.032070 0.023669 -0.045243 0.998696
2.567739 -53.996161 -59.930957 717.438888 0.231461 0.972128 0.037315 0.960945 -0.222481 -0.164582 0.151693 -0.073952 0.985657
13.089370 -105.138554 1613.441347 2917.550491 -0.071145 0.975241 0.209389 0.284340 0.221040 -0.932894 0.956080 0.006833 0.293026
8.504031 -102.097971 955.391850 2456.116611 -0.079795 0.966997 0.241971 0.468209 0.250660 -0.847319 0.880008 -0.045681 0.472758
10.612470 -106.958125 1396.241450 2042.239634 -0.101781 0.963987 0.245702 0.288061 0.264962 -0.920226 0.952188 0.022884 0.304655
9.904410 -103.354967 1693.523976 5492.007685 -0.035522 0.981029 0.190580 0.428231 0.187248 -0.884057 0.902971 -0.050209 0.426758
18.081571 -105.186890 1463.776559 -1040.498290 -0.065574 0.978853 0.193771 0.086349 0.199027 -0.976183 0.994105 0.047281 0.097574
16.462111 -101.561482 1002.848152 90.028534 -0.008481 0.987036 0.160272 0.244197 0.157469 -0.956855 0.969689 -0.031023 0.242367
6.210136 -93.692019 589.515726 2235.895294 -0.029438 0.941976 0.334387 -0.191663 -0.333644 0.923010 -0.981019 0.036918 -0.190364
8.541871 -100.509739 1147.203861 -1091.416841 -0.031218 0.942629 0.332378 -0.376627 -0.319123 0.869662 -0.925839 0.098034 -0.364982
5.118611 -97.602946 1106.558764 -90.984422 -0.015911 0.938939 0.343714 -0.412284 -0.319335 0.853257 -0.910916 0.128132 -0.392191
-7.735661 -41.788938 -1763.860929 1861.404135 0.291403 0.925128 0.243355 -0.008104 0.256774 -0.966438 0.956566 -0.279651 -0.082322
-11.890897 -39.032852 -1624.459545 1858.639408 0.261565 0.939488 0.221238 -0.071620 0.247478 -0.966243 0.962525 -0.236891 -0.132018
-11.860551 -43.427708 -1723.590269 1005.664920 0.264271 0.938571 0.221914 0.020744 0.224509 -0.974251 0.964225 -0.262070 -0.039862
-10.520135 -44.899944 -1437.858351 408.132331 0.260623 0.928723 0.263721 0.140990 0.233620 -0.962052 0.955090 -0.287915 0.070053
-2.578855 -45.323779 -1877.300600 1478.955424 0.291666 0.922642 0.252314 0.079768 0.239403 -0.967638 0.953188 -0.302354 0.003772
-0.889730 -54.555903 512.031015 -1218.443962 0.121523 0.984227 -0.128564 -0.292147 0.159253 0.943021 -0.948621 0.077039 -0.306892
-0.189211 -51.281670 1194.674543 -582.103372 0.137642 0.978028 -0.156578 -0.407749 0.200016 0.890918 -0.902660 0.058783 -0.426320
-1.831511 -56.312836 -597.199206 -772.794563 0.089292 0.988552 -0.121619 -0.352749 0.145580 0.924324 -0.931448 0.039634 -0.361710
-2.449243 -59.345805 -25.337888 -2151.632564 0.093164 0.990778 -0.098384 -0.217595 0.116686 0.969039 -0.971583 0.068871 -0.226460
0.273250 -86.075873 -554.579134 -99.723497 0.073575 0.996973 -0.025149 0.485064 -0.013741 0.874371 -0.871378 0.076530 0.484606
1.183967 -88.523379 -458.074934 271.991450 0.064096 0.996441 -0.054745 0.444431 0.020615 0.895576 -0.893517 0.081733 0.441528
1.969950 -89.618839 -874.777204 289.993256 0.071443 0.997152 -0.024162 0.604701 -0.024035 0.796090 -0.793242 0.071486 0.604696
1.635379 -87.411750 -610.547198 1848.938830 0.088580 0.996050 -0.006159 0.687919 -0.056704 0.723569 -0.720362 0.068331 0.690225
0.770734 -81.678296 -35.629014 2300.345873 0.096696 0.995282 -0.008037 0.638022 -0.055785 0.767994 -0.763922 0.079390 0.640406
-0.446384 -82.196402 -219.168511 733.258203 0.088749 0.996045 -0.004231 0.521797 -0.042873 0.851992 -0.848441 0.077821 0.523538
-1.966724 -127.431374 -364.413194 -4384.224478 0.511237 0.234948 0.826702 0.043767 0.953543 -0.298062 -0.858325 0.188563 0.477203
-3.419909 -120.016943 -543.484381 935.131507 0.493543 0.258375 0.830456 -0.174544 0.964852 -0.196457 -0.852027 -0.047991 0.521294
-3.462046 -128.001224 -813.075552 -2745.556222 0.514169 0.236454 0.824451 0.042964 0.952940 -0.300099 -0.856612 0.189723 0.479813
-2.644275 -148.604522 -1094.014160 -13540.419047 0.512216 0.230868 0.827245 0.251847 0.880477 -0.401663 -0.821102 0.414077 0.392851
6.301591 -119.737449 857.916783 -8434.312758 -0.470805 -0.169802 -0.865742 -0.484572 0.869803 0.092920 0.737247 0.463261 -0.491789
4.020186 -99.003473 905.610891 -5056.102991 -0.476113 -0.170872 -0.862623 -0.296098 0.954811 -0.025706 0.828035 0.243183 -0.505193
4.778394 -117.296699 -719.623666 -9660.417626 -0.469579 -0.129369 -0.873361 -0.431196 0.896811 0.098998 0.770432 0.423077 -0.476907
-23.144401 -34.575693 -1371.100472 -2857.030400 0.193041 0.523144 0.830094 -0.732593 0.639638 -0.232747 -0.652720 -0.563191 0.506728
-25.515332 -39.215762 -670.440314 -1299.786403 0.160658 0.565266 0.809113 -0.658382 0.672110 -0.338824 -0.735338 -0.478270 0.480141
-21.546784 -37.712118 -1821.155549 2139.711870 0.031920 0.595288 0.802878 0.712272 -0.577082 0.399555 -0.701177 -0.559114 0.442427
-19.298313 -38.582026 -2049.185351 923.735406 -0.100790 0.639815 0.761891 0.666588 -0.525066 0.529118 -0.738581 -0.561197 0.373571
-16.226297 -33.978095 -3001.947322 2780.593315 -0.148765 0.663291 0.733426 0.738989 -0.418263 0.528158 -0.657087 -0.620566 0.427942
-16.998085 -29.128763 3250.253176 3615.980531 0.076705 -0.646849 -0.758750 0.787501 -0.427434 0.444007 -0.611522 -0.631574 0.476608
-8.577905 -34.189506 -1163.385157 413.642945 -0.371349 0.901229 0.223353 0.564300 0.410093 -0.716512 0.737336 0.140038 0.660851
-11.373339 -37.531920 -1306.010102 495.475755 -0.398037 0.893128 0.209497 0.615076 0.429255 -0.661379 0.680624 0.134397 0.720201
-6.185572 -34.755581 -1668.035892 459.924923 -0.321066 0.929212 0.182981 0.650099 0.356739 -0.670901 0.688686 0.096448 0.718616
-1.338197 -68.402681 -793.568256 -1879.446657 0.342542 0.897041 -0.279255 -0.699813 0.045302 -0.712889 0.626839 -0.439620 -0.643278
-1.994865 -63.636559 -514.201697 -611.708685 0.355300 0.897390 -0.261636 -0.581378 -0.007025 -0.813603 0.731957 -0.441182 -0.519227
-2.588995 -66.474437 -390.439265 -174.345821 0.365545 0.895736 -0.253048 -0.588734 0.011929 -0.808239 0.720950 -0.444426 -0.531711
-0.570196 -68.395546 -717.471237 -1556.768741 0.356971 0.894742 -0.268343 -0.690589 0.059342 -0.720809 0.629014 -0.442623 -0.639082
-0.308105 -15.336924 -164.389907 851.316899 -0.264862 0.188574 -0.945668 -0.526050 0.793651 0.305596 0.808158 0.578410 -0.111008
-1.041163 -13.976985 -117.008713 1147.717046 -0.184039 0.070861 -0.980361 -0.582542 0.795490 0.166856 0.791691 0.601810 -0.105121
-2.641340 -10.954014 -30.372130 1337.218060 -0.249852 0.167714 -0.953649 -0.576504 0.765529 0.285672 0.777957 0.621158 -0.094581
-1.681959 -15.065598 592.227940 1029.428711 -0.312718 0.256274 -0.914620 -0.506121 0.769873 0.388764 0.803772 0.584482 -0.111048
-5.152535 -10.896701 745.311323 1227.487118 -0.336526 0.290659 -0.895694 -0.527150 0.730019 0.434954 0.780297 0.618538 -0.092450
12.872550 -14.514168 706.695757 -2241.864214 0.505649 0.267681 0.820162 0.313911 0.828403 -0.463905 -0.803604 0.492031 0.334853
33.451454 -18.932609 4237.354233 -496.140696 0.555249 0.464867 0.689636 0.258939 0.691364 -0.674512 -0.790348 0.553095 0.263508
24.007612 -18.512166 1561.956308 -1489.125112 0.512482 0.243489 0.823453 0.379281 0.796157 -0.471466 -0.770394 0.553938 0.315666
22.061722 -17.003483 3701.715269 -485.336147 0.541019 0.586675 0.602587 0.119789 0.655442 -0.745685 -0.832436 0.475613 0.284329
11.326491 -17.123967 978.391492 -2200.311527 0.422221 -0.054066 0.904879 0.496670 0.848850 -0.181030 -0.758319 0.525861 0.385256
3.332631 -11.891052 1463.806026 -2555.249467 0.401869 -0.111196 0.908921 0.485403 0.867534 -0.108483 -0.776457 0.484789 0.402609
10.561628 -12.941394 -1280.719620 -1615.186955 0.516523 0.463978 0.719672 0.160425 0.773152 -0.613596 -0.841111 0.432390 0.324918
0.445108 -46.830904 684.968079 -57.154775 -0.037472 0.996691 -0.072136 -0.996223 -0.031601 0.080880 -0.078333 -0.074895 -0.994110
-0.448482 -48.008056 40.754409 191.563665 -0.081447 0.991851 -0.097971 0.992119 0.071291 -0.103040 -0.095216 -0.105591 -0.989841
-4.494923 -46.573208 -228.453351 -101.482330 -0.101964 0.990907 -0.087788 0.993070 0.106575 0.049532 0.058438 -0.082129 -0.994907
1.573313 -47.300231 -1172.815206 -588.149020 -0.044035 0.995247 -0.086855 0.996720 0.049675 0.063883 0.067894 -0.083757 -0.994171
7.093611 -45.099549 -2759.293543 -129.551392 -0.042621 0.993796 -0.102731 0.998615 0.039201 -0.035088 -0.030843 -0.104084 -0.994090
3.036231 -45.270531 -1358.979591 -64.705616 -0.032725 0.995603 -0.087769 -0.990390 -0.020495 0.136778 -0.134378 -0.091402 -0.986706
-20.214303 -50.912656 1218.309343 -226.213790 -0.247366 -0.393387 -0.885470 0.081253 0.902230 -0.423532 0.965509 -0.176715 -0.191217
-16.121090 -47.698593 -182.286934 -1553.199667 -0.193457 -0.342591 -0.919351 0.216552 0.899032 -0.380588 0.956912 -0.272714 -0.099735
-9.745780 -44.557384 4847.191526 -2932.679474 -0.339811 -0.573021 -0.745772 0.122633 0.759191 -0.639210 0.932464 -0.308667 -0.187710
-16.973774 -52.239335 2111.020450 -452.112361 -0.309081 -0.515119 -0.799450 -0.017765 0.843591 -0.536693 0.950870 -0.151679 -0.269889
0.323880 -63.978110 -208.264982 -594.504702 -0.493935 0.776901 0.390453 0.575447 0.628723 -0.523037 0.651835 0.033661 0.757613
1.261896 -64.151666 -483.788542 -1028.016351 -0.482407 0.784159 0.390357 0.600472 0.620496 -0.504398 0.637743 0.008927 0.770197
0.463608 -64.335645 -372.039519 -581.469031 -0.484931 0.784927 0.385657 0.505288 0.611390 -0.609004 0.713811 0.100457 0.693097
-0.990814 -62.745267 -447.480071 1073.164080 -0.486730 0.783391 0.386514 0.429942 0.599993 -0.674654 0.760423 0.162195 0.628847
2.894505 -49.247975 775.979982 -731.161236 0.542714 -0.737008 -0.402840 0.809720 0.331648 0.484111 -0.223192 -0.588922 0.776760
0.991519 -50.061311 305.692107 -979.191684 0.540010 -0.741023 -0.399092 0.805016 0.316356 0.501864 -0.245638 -0.592287 0.767371
1.653032 -48.716915 -9.570397 -647.810010 0.541258 -0.746694 -0.386635 0.775837 0.266188 0.572032 -0.324215 -0.609583 0.723390
-10.593694 -37.322074 -1469.150962 -4687.160376 -0.363201 0.662295 -0.655325 0.268348 0.747911 0.607139 0.892230 0.044658 -0.449367
-11.644828 -28.907445 -1400.343466 -3792.270777 -0.330940 0.689141 -0.644642 0.345117 0.724199 0.597017 0.878278 -0.024899 -0.477501
-15.250216 -32.401262 -1097.468976 2985.422112 -0.304279 0.808414 -0.503866 -0.394642 -0.588400 -0.705722 0.866990 0.015890 -0.498072
-17.184904 -31.433513 -1110.266131 -879.717287 -0.113133 0.978770 -0.170911 -0.551653 -0.204943 -0.808503 0.826366 -0.002815 -0.563127
-16.751117 -36.023123 -933.917808 2300.461495 -0.283683 0.873894 -0.394758 -0.425319 -0.483629 -0.764988 0.859435 0.049116 -0.508881
-12.770677 -36.993678 -1019.695382 1627.517749 -0.351304 0.778742 -0.519757 -0.274018 -0.616351 -0.738258 0.895265 0.116930 -0.429915
-1.769352 -49.179973 1951.520602 861.627901 0.576845 -0.717696 -0.390080 0.597119 0.044623 0.800910 -0.557404 -0.694925 0.454291
-4.629088 -49.319315 1570.251928 -1687.192789 0.566944 -0.730646 -0.380437 -0.560297 -0.003486 -0.828285 -0.603857 -0.682748 0.411354
-3.289423 -53.343130 799.325205 -1781.856873 0.580417 -0.736168 -0.348098 -0.500999 0.014170 -0.865332 -0.641963 -0.676650 0.360594
-1.320060 -51.190110 524.513095 316.217426 0.560988 -0.736943 -0.377105 0.617571 0.069207 0.783464 -0.551270 -0.672403 0.493939
-3.499962 -58.111999 -131.759913 1025.351266 -0.599508 0.748689 0.282940 0.315654 -0.103687 0.943192 -0.735495 -0.654763 0.174165
-1.943759 -56.444225 296.861642 816.991346 -0.590178 0.753174 0.290549 0.404031 -0.036011 0.914036 -0.698891 -0.656835 0.283053
-1.061708 -54.011483 -632.255121 -2350.480455 0.564233 -0.758868 -0.325209 -0.550939 -0.052708 -0.832879 -0.614904 -0.649108 0.447830
-5.940736 -55.883593 -791.163897 1614.746139 -0.588282 0.745036 0.314397 0.347609 -0.118052 0.930178 -0.730132 -0.656494 0.189533
0.241657 -48.719020 195.184539 752.192831 -0.465996 0.844677 0.263380 0.047806 0.321278 -0.945777 0.883494 0.428137 0.190095
-0.926719 -52.829684 135.884166 1635.939207 -0.464107 0.832450 0.302708 0.088014 0.383390 -0.919383 0.881396 0.400049 0.251201
0.537273 -48.419929 355.579934 131.612576 -0.463718 0.852978 0.239572 -0.004307 0.268229 -0.963345 0.885973 0.447752 0.120709
2.689323 -45.808543 399.509491 -131.229687 -0.461075 0.868361 0.182644 -0.039045 0.185775 -0.981816 0.886502 0.459822 0.051751
0.734135 -46.262239 -31.122033 735.718964 -0.459848 0.855669 0.237425 0.060051 0.296724 -0.953073 0.885965 0.424011 0.187832
-16.384389 -221.391801 676.021346 3767.511016 0.585168 -0.626382 0.514999 0.125282 0.697294 0.705752 -0.801176 -0.348463 0.486508
-13.197914 -192.198944 1345.935372 4972.076057 0.604238 -0.612376 0.509796 0.251797 0.753764 0.606992 -0.755973 -0.238403 0.609647
-15.126033 -210.307536 -1347.109335 20513.919175 0.537794 -0.624624 0.566235 0.426822 0.780917 0.456060 -0.727049 -0.003585 0.686576
-15.054114 -169.905043 1428.083275 7546.484713 0.620903 -0.574022 0.533833 0.443741 0.818770 0.364294 -0.646199 0.010692 0.763094
-13.392971 -168.317690 -1094.054323 20046.458329 0.582164 -0.570241 0.579578 0.589970 0.786764 0.181487 -0.559482 0.236279 0.794451
-11.880489 -181.745468 -2753.886838 35444.975881 0.530306 -0.580228 0.618151 0.675153 0.730018 0.106025 -0.512780 0.361121 0.778876
-7.890572 -34.057127 -427.680149 1164.967879 -0.318136 0.814107 0.485819 -0.477440 -0.580297 0.659778 -0.819049 0.022051 -0.573300
-6.525712 -35.442688 -144.521504 994.098128 -0.304689 0.838282 0.452159 -0.505066 -0.544691 0.669492 -0.807510 0.024383 -0.589349
-6.934026 -33.335829 196.083089 595.790935 -0.335534 0.787424 0.517089 -0.398675 -0.616026 0.679389 -0.853508 -0.021807 -0.520624
-6.925394 -30.567318 -340.904535 1171.024779 -0.329497 0.791931 0.514078 -0.379745 -0.609661 0.695778 -0.864422 -0.034038 -0.501613
-6.773146 -29.921628 -644.084543 1772.323706 -0.319285 0.792519 0.519587 -0.389795 -0.609586 0.690264 -0.863780 -0.017859 -0.503552
-8.005030 -32.311545 -265.606238 1780.577040 -0.312252 0.783486 0.537260 -0.433994 -0.620719 0.652960 -0.845073 0.029279 -0.533849
-9.133719 -35.557847 -395.844206 1259.283438 -0.317182 0.789060 0.526099 -0.503145 -0.610245 0.611921 -0.803891 0.070614 -0.590570
-9.637877 -37.810247 -697.256934 1112.621837 -0.309466 0.820873 0.479998 -0.573188 -0.563796 0.594634 -0.758740 0.091110 -0.644990
-8.655195 -1108.417221 -1902.003617 -411091.718693 -0.545750 0.743435 -0.386602 -0.025676 -0.475988 -0.879077 0.837554 0.469830 -0.278859
0.320848 -535.456660 7667.080832 -68378.967510 -0.570594 0.673758 -0.469545 0.280904 -0.377144 -0.882528 0.771696 0.635462 -0.025934
2.880061 -348.926752 -2979.279886 11983.284826 -0.559933 0.699631 -0.443838 0.267508 -0.354342 -0.896037 0.784165 0.620450 -0.011251
-18.013975 -54.883326 710.741874 905.829881 -0.318881 -0.602121 -0.731960 -0.280488 0.797636 -0.533951 0.905340 0.035039 -0.423239
-12.435828 -53.911863 2230.420303 -882.484624 -0.333086 -0.623705 -0.707139 -0.134509 0.773725 -0.619077 0.933253 -0.111089 -0.341611
-8.737877 -53.198513 -3897.227181 4.738587 0.341661 0.709869 0.615917 -0.303618 0.703583 -0.642485 0.889429 -0.032508 -0.455916
-17.882910 -53.329877 441.315116 1374.295580 -0.318505 -0.659303 -0.681084 -0.423751 0.741743 -0.519858 0.847933 0.123032 -0.515629
-20.682653 -50.983889 -644.114349 2184.367100 -0.285297 -0.621793 -0.729369 -0.439402 0.761166 -0.477025 0.851781 0.184392 -0.490375
-3.628154 -124.972678 -490.737023 -6951.496330 -0.625783 0.759865 0.176072 -0.479148 -0.552614 0.681934 -0.615478 -0.342378 -0.709905
-2.748334 -128.127052 -651.639414 -4713.397903 -0.639868 0.749159 0.171259 -0.377559 -0.500566 0.779027 -0.669341 -0.433814 -0.603148
-2.502581 -123.238633 -609.474427 -424.112607 -0.640877 0.742146 0.196203 -0.253175 -0.445636 0.858668 -0.724692 -0.500627 -0.473491
-1.467234 -116.738614 211.731044 10867.117021 -0.624925 0.751704 0.210736 0.043381 -0.236083 0.970764 -0.779479 -0.615797 -0.114924
-2.057047 -115.703837 -378.393068 10147.749940 -0.637790 0.737510 0.222041 0.006262 -0.283311 0.959008 -0.770184 -0.613036 -0.176075
0.924048 -187.462119 -742.452667 781.511747 -0.435953 0.811687 0.388727 0.673223 0.580774 -0.457681 0.597257 -0.062173 0.799637
2.088571 -231.682669 -1547.171884 4619.524851 -0.419686 0.839994 0.343909 0.519089 0.532936 -0.668225 0.744587 0.101926 0.659698
-2.268015 -204.299870 -767.495383 8529.264132 -0.415144 0.836403 0.357891 0.463203 0.532912 -0.708130 0.783006 0.128200 0.608660
-26.831363 -710.022883 5994.658843 -183649.468732 0.458693 0.744060 0.485773 0.835226 -0.547618 0.050124 0.303313 0.382739 -0.872647
-7.904435 -959.075377 -1939.343149 -251629.891601 0.368467 0.860167 0.352627 -0.583032 0.509263 -0.633029 0.724090 -0.027657 -0.689151
-12.893506 -1795.109949 8714.507722 -735079.493662 0.457292 0.768155 0.448133 -0.425809 0.631513 -0.647980 0.780750 -0.105497 -0.615873
-51.752052 -80.629723 846.250710 3927.057690 -0.088621 0.958633 -0.270499 0.920333 0.182672 0.345859 -0.380964 0.218299 0.898450
-31.157652 -82.383878 -4548.433726 5544.092767 -0.124789 0.975944 -0.178777 0.936421 0.175404 0.303891 -0.327939 0.129488 0.935782
-17.797667 -84.192903 -8171.468649 10801.602224 -0.134671 0.989999 -0.042027 0.972221 0.140209 0.187424 -0.191442 0.015619 0.981380
-18.853467 -77.149530 6831.715284 15995.019127 0.065495 -0.996259 0.056374 0.997743 0.066222 0.011117 -0.014809 0.055518 0.998348
-40.489103 -66.254155 940.559547 -336.908170 0.935738 -0.225158 -0.271476 0.092510 -0.586080 0.804955 0.340349 0.778340 0.527588
-40.095782 -63.949066 1314.874509 1030.378651 0.944532 -0.204001 -0.257377 0.036477 -0.713671 0.699531 0.326387 0.670117 0.666644
-38.580893 -63.067951 1112.587218 29.964463 0.920997 -0.291722 -0.258191 -0.003829 -0.669506 0.742797 0.389550 0.683125 0.617730
18.943170 -45.649224 178.295306 -220.541301 -0.056375 0.933665 0.353684 0.940020 0.169005 -0.296310 0.336428 -0.315765 0.887191
16.610136 -42.784134 -5225.825547 527.299863 0.027790 0.907139 0.419913 0.892188 0.166938 -0.419680 0.450808 -0.386304 0.804699
9.431005 -40.152536 5317.047749 -1428.060188 0.065506 -0.874080 -0.481345 0.954922 0.194882 -0.223933 0.289541 -0.444978 0.847444
1.209724 -37.455754 7949.077685 -390.322223 -0.037495 -0.877546 -0.478024 0.915506 0.161577 -0.368430 0.400552 -0.451449 0.797340
21.703188 -42.812743 -935.304315 -1057.702345 0.124954 -0.922316 -0.365677 0.975256 0.181927 -0.125609 0.182377 -0.340933 0.922227
-5.255304 -34.720206 6536.798295 -1984.839976 0.098358 -0.864268 -0.493321 0.952024 0.226074 -0.206253 0.289785 -0.449367 0.845041
15.355960 -38.207382 4370.628622 -1072.403452 0.162169 -0.865374 -0.474161 0.970608 0.226485 -0.081390 0.177823 -0.447026 0.876668
3.889534 -34.659874 6474.708529 -1324.930189 0.204618 -0.828903 -0.520626 0.956052 0.283345 -0.075372 0.209992 -0.482323 0.850452
5.779532 -158.107178 3613.934884 -27972.977445 -0.463789 -0.284652 -0.838971 0.825461 -0.482741 -0.292533 -0.321736 -0.828211 0.458859
16.593524 -46.331050 3831.053182 -302.731360 0.432907 0.888228 -0.153758 -0.562704 0.133017 -0.815887 0.704241 -0.439724 -0.557393
12.114433 -44.080029 4695.423138 -886.802115 0.420139 0.899455 -0.120269 -0.455525 0.094415 -0.885202 0.784844 -0.426693 -0.449392
0.993774 -65.846338 1056.633554 3521.633615 0.156226 0.987545 0.018658 0.961930 -0.156408 0.224116 -0.224242 0.017065 0.974384
0.511885 -67.110108 50.293925 2672.192350 0.162351 0.985636 0.046512 0.941865 -0.168849 0.290484 -0.294165 0.003352 0.955749
1.310181 -59.723409 -509.002428 2867.263950 0.192385 0.978701 0.071636 0.975521 -0.198662 0.094296 -0.106519 -0.051742 0.992963
6.385880 -88.215925 961.544270 3986.730374 -0.028384 0.945771 0.323591 0.014693 -0.323291 0.946185 -0.999489 -0.031611 0.004720
3.729449 -90.199134 307.852167 5090.215920 -0.029174 0.942256 0.333621 -0.034851 -0.334519 0.941744 -0.998967 -0.015847 -0.042597
0.612491 -89.215091 569.360262 4193.383351 -0.006633 0.942219 0.334932 -0.064501 -0.334645 0.940134 -0.997896 0.015368 -0.062994
1.664876 -79.696056 105.561117 4079.485732 -0.022222 0.946229 0.322733 0.156034 -0.315575 0.935984 -0.987502 -0.071157 0.140631
4.277965 -81.454059 180.093634 4022.560743 -0.043387 0.947715 0.316155 0.156436 -0.306105 0.939057 -0.986735 -0.090201 0.134976
-15.237874 -42.021689 -1500.922615 610.080361 0.224358 0.945910 0.234347 0.039408 0.231474 -0.972043 0.973710 -0.227320 -0.014657
-16.319596 -39.156867 -1498.095922 1550.497539 0.213682 0.957628 0.193103 -0.099957 0.218063 -0.970802 0.971776 -0.188141 -0.142318
-3.039668 -57.587508 -271.861835 -1496.246275 0.085424 0.990535 -0.107439 -0.381351 0.132127 0.914939 -0.920475 0.037186 -0.389029
-2.593553 -58.384563 10.978164 -1669.945299 0.076416 0.991029 -0.109649 -0.373166 0.130405 0.918554 -0.924612 0.029275 -0.379784
-2.895280 -62.064810 230.912873 -3102.523279 0.087749 0.991835 -0.092540 -0.248920 0.111783 0.962052 -0.964541 0.061384 -0.256696
-3.307055 -59.958070 52.718431 -2343.214338 0.097462 0.990821 -0.093679 -0.255988 0.115917 0.959705 -0.961754 0.069555 -0.264935
-7.683413 -118.568688 -131.037450 -4919.150595 0.562970 0.215445 0.797903 0.398355 0.775149 -0.490365 -0.724140 0.593909 0.350562
-7.921198 -119.345215 -596.883313 -1136.339666 0.540497 0.205534 0.815855 0.245040 0.889207 -0.386350 -0.804872 0.408738 0.430250
-6.410887 -116.734372 108.836105 1627.282071 0.569816 0.204068 0.796031 0.318388 0.838195 -0.442785 -0.757588 0.505753 0.412644
-4.282632 -121.148625 1967.927904 6003.938729 0.606128 0.206278 0.768152 -0.465323 -0.691286 0.552810 -0.645045 0.692512 0.323022
-5.628171 -125.834705 -110.692138 6059.948373 0.566537 0.234866 0.789857 -0.552645 -0.602707 0.575610 -0.611243 0.762615 0.211659
13.342147 -22.512502 2014.455145 332.495457 0.722460 0.159069 0.672866 0.281727 0.820998 -0.496581 -0.631412 0.548325 0.548324
14.342987 -35.020714 1571.045125 1228.373382 0.725865 0.381294 0.572482 0.084559 0.776513 -0.624401 -0.682620 0.501640 0.531402
20.462981 -31.174162 -1418.743215 86.059313 0.656632 0.194150 0.728794 0.356137 0.771970 -0.526526 -0.664831 0.605284 0.437756
10.380387 -33.016613 2947.185186 2039.210810 0.754222 0.423315 0.501950 -0.024249 0.781881 -0.622957 -0.656172 0.457676 0.599976
88.357977 -1215.176801 -32117.670021 330369.407740 -0.471284 -0.184395 -0.862491 -0.285888 0.957040 -0.048393 0.834362 0.223769 -0.503754
19.746235 -1201.857631 2456.592706 90958.028065 -0.557870 -0.005922 -0.829907 0.258214 0.949105 -0.180346 0.788737 -0.314903 -0.527949
5.625882 -1040.640261 -7783.964927 -191034.540789 -0.471443 -0.130346 -0.872210 0.171337 0.956634 -0.235573 0.865092 -0.260501 -0.428666
154.038264 -14300.786967 -29572.790483 8346946.437600 -0.475559 -0.119555 -0.871522 0.613855 0.664533 -0.426120 0.630100 -0.737633 -0.242635
-26.951884 -35.524039 -169.814258 -908.301743 0.350666 0.461439 0.814928 -0.640198 0.753220 -0.151019 -0.683506 -0.468758 0.559541
-4.686889 -48.379722 -3722.271077 -411.553861 0.490319 0.741516 -0.457975 -0.094375 -0.477213 -0.873705 0.866418 -0.471616 0.164006
-13.532450 -49.869429 -3760.101112 -818.037291 0.446825 0.695096 -0.563196 -0.082332 -0.594913 -0.799562 0.890825 -0.403633 0.208593
-8.974655 -48.177650 -3056.946321 -418.172731 0.472606 0.721849 -0.505546 -0.007126 -0.570505 -0.821263 0.881245 -0.391736 0.264480
-3.387476 -47.417316 -1608.185029 182.276380 0.479132 0.764131 -0.431899 0.000422 -0.492256 -0.870450 0.877743 -0.416878 0.236178
-2.501632 -61.085264 -152.389614 -122.501246 0.362245 0.901267 -0.237689 -0.454602 -0.051786 -0.889188 0.813705 -0.430157 -0.390959
-1.433060 -15.934446 223.367897 1388.327013 -0.105829 -0.052739 -0.992985 -0.612334 0.790256 0.023289 0.783484 0.610503 -0.115926
0.022665 -18.594292 -368.720921 691.419910 -0.145413 0.008956 -0.989331 -0.553269 0.828254 0.088818 0.820212 0.560281 -0.115484
-1.386157 -18.166572 21.648441 1276.414096 -0.071986 -0.110085 -0.991312 -0.605996 0.794239 -0.044194 0.792204 0.597550 -0.123885
-2.177600 -13.953745 272.531321 1479.296530 0.000543 -0.188847 -0.982006 -0.655129 0.741856 -0.143027 0.755517 0.643418 -0.123316
48.331627 -362.258150 -3406.364991 -58533.882695 -0.143296 -0.699163 0.700455 0.789951 0.345558 0.506525 -0.596191 0.625908 0.502787
38.799211 -483.581258 -2076.068120 -108815.037074 -0.142402 -0.559307 0.816638 0.566424 0.630552 0.530630 -0.811718 0.538126 0.227013
62.023113 -521.551946 -5925.568566 94291.703084 -0.088396 -0.442563 0.892370 0.958819 0.204954 0.196623 -0.269913 0.873002 0.406220
32.260044 -373.556654 2105.781560 -97571.037207 0.127528 0.690211 -0.712282 0.428596 0.609284 0.667141 -0.894451 0.390360 0.218121
-27.102820 -39.185927 -6313.378865 5697.273410 -0.046007 0.998875 -0.011480 -0.772213 -0.028272 0.634735 -0.633696 -0.038067 -0.772645
-32.548902 -34.623532 -7694.198104 -2281.142028 0.414253 0.831732 -0.369616 -0.606168 0.555050 0.569632 -0.678936 0.011922 -0.734101
-34.634584 -41.140270 -1774.740400 -5467.329747 -0.601255 0.607849 0.518664 0.507588 0.791852 -0.339596 -0.617128 0.059084 -0.784641
-32.783678 -44.108097 -4343.496128 3527.106868 -0.284740 0.928914 0.236733 -0.768006 -0.368847 0.523563 -0.573663 0.032733 -0.818437
50.850547 -20.081778 7836.574600 -176.861060 0.555966 0.379628 0.739449 0.360101 0.691787 -0.625906 -0.749153 0.614258 0.247905
61.852684 -25.714602 12847.679934 -252.431788 0.566078 0.567940 0.597494 0.220492 0.594082 -0.773595 -0.794317 0.569658 0.211071
49.281514 -27.443609 12322.256102 -541.943887 0.567436 0.663040 0.488257 -0.095358 -0.536061 0.838776 -0.817877 0.522511 0.240954
-1.658452 -48.954080 -546.189406 730.088118 -0.202345 0.974456 -0.097425 0.978626 0.197470 -0.057414 -0.036709 -0.106960 -0.993585
3.822842 -50.291738 390.139347 -594.714397 -0.101247 0.989904 -0.099194 -0.979034 -0.081425 0.186715 -0.176753 -0.116019 -0.977393
24.699900 -45.900574 -13017.169706 -865.198869 0.011869 -0.068019 -0.997613 0.376809 0.924439 -0.058547 0.926215 -0.375215 0.036602
-3.674601 -45.773351 -3779.979905 -1182.531106 -0.108180 -0.156280 -0.981771 0.305938 0.934406 -0.182451 0.945885 -0.320098 -0.053272
14.033514 -48.129992 -10308.214708 1247.900951 -0.004300 -0.041611 -0.999125 0.249587 0.967468 -0.041367 0.968343 -0.249546 0.006226
15.133218 -46.828472 -10299.141511 2411.044920 0.002055 -0.030401 -0.999536 0.156068 0.987299 -0.029708 0.987744 -0.155935 0.006773
33.671435 -49.090338 -11684.398215 1104.037835 0.016178 0.032837 -0.999330 0.277845 0.959950 0.036042 0.960490 -0.278241 0.006407
0.647473 -64.981224 -249.406636 -734.918480 -0.476291 0.794821 0.376040 0.515452 0.598862 -0.612922 0.712359 0.098099 0.694925
2.742713 -64.213259 -76.466019 -1315.627233 -0.483802 0.794607 0.366790 0.623452 0.607046 -0.492750 0.614201 0.009717 0.789090
2.724998 -60.418092 -454.534683 -1599.499897 -0.484280 0.784826 0.386679 0.697700 0.613098 -0.370574 0.527908 -0.090324 0.844485
2.043197 -66.003361 -151.299459 -564.529484 -0.477102 0.802303 0.358726 0.550358 0.590983 -0.589783 0.685186 0.083959 0.723513
3.535327 -65.744100 -390.794524 -904.112491 -0.472130 0.807402 0.353829 0.644791 0.590000 -0.485946 0.601113 0.001284 0.799163
3.647349 -61.654220 -302.574354 -1418.557618 -0.484197 0.794282 0.366973 0.703685 0.602765 -0.376168 0.519982 -0.076094 0.850781
-1.713620 -83.709224 124.543200 9395.312057 -0.770257 0.537145 0.343773 0.303392 0.782786 -0.543323 -0.560944 -0.314200 -0.765911
1.945258 -87.454087 -687.674000 9835.082472 -0.778059 0.513860 0.361347 0.294080 0.806242 -0.513313 -0.555105 -0.293123 -0.778420
1.700771 -102.230960 -1955.821522 10640.682900 -0.793874 0.492342 0.356880 0.127362 0.708505 -0.694118 -0.594595 -0.505589 -0.625169
-0.235764 -50.406912 64.140768 -293.628694 0.545196 -0.742684 -0.388821 0.824706 0.391957 0.407712 -0.150400 -0.542946 0.826190
-0.871471 -50.330206 408.103212 -758.470042 0.549022 -0.735518 -0.396974 0.804228 0.335564 0.490525 -0.227580 -0.588566 0.775756
-4.271418 -48.242592 1124.049661 -404.651083 0.537052 -0.740667 -0.403717 0.628579 0.032215 0.777078 -0.562551 -0.671099 0.482869
-6.224733 -47.608548 910.429441 748.799431 0.522127 -0.749930 -0.406188 0.574658 -0.042573 0.817285 -0.630199 -0.660146 0.408725
-1.931293 -52.753752 313.646987 682.693497 -0.461963 0.837025 0.293222 0.071729 0.364792 -0.928322 0.883994 0.407818 0.228560
-0.674960 -50.450693 878.940692 -229.963777 -0.472694 0.845746 0.247537 -0.003009 0.279350 -0.960185 0.881221 0.454619 0.129502
-1.271909 -56.993568 125.475080 2324.067448 -0.462380 0.823684 0.328251 0.181132 0.450139 -0.874395 0.867984 0.344846 0.357331
-0.721657 -57.510739 65.688131 2181.856727 -0.472219 0.812793 0.341141 0.225403 0.485483 -0.844689 0.852175 0.321984 0.412460
-10.785472 -191.926705 -1162.554673 3280.978629 -0.597063 0.655409 -0.462553 0.001700 0.577641 0.816289 -0.802193 -0.486589 0.346002
5.173319 -325.893721 -105.695173 3998.353012 -0.579837 0.663623 -0.472647 0.324958 -0.343608 -0.881099 0.747122 0.664484 0.016413
4.715896 -305.982977 483.043065 -5878.860254 -0.585151 0.670701 -0.455805 -0.019246 -0.573409 -0.819043 0.810696 0.470491 -0.348440
2.774273 -352.183593 -358.328496 9919.009290 -0.586245 0.678880 -0.442084 0.257229 -0.361472 -0.896198 0.768212 0.639109 -0.037283
0.144100 -461.592911 1415.817668 -101612.374194 0.560447 -0.662357 0.497173 -0.523787 0.181525 0.832284 0.641518 0.726864 0.245199
32.274641 -47.643142 -504.853971 381.877566 -0.220279 0.915171 0.337549 -0.839394 -0.001569 -0.543521 0.496885 0.403063 -0.768535
29.415419 -48.291310 682.927122 479.087445 -0.195319 0.933053 0.302096 -0.829419 0.007227 -0.558580 0.523368 0.359666 -0.772481
34.511609 -49.012122 -1939.497611 132.123426 -0.223852 0.923084 0.312740 -0.750788 0.041284 -0.659252 0.621456 0.382376 -0.683799
-3.650511 -121.251606 -901.187506 -6503.207562 -0.617528 0.772097 0.150085 -0.591041 -0.581407 0.559139 -0.518970 -0.256578 -0.815376
-2.407413 -125.576457 -856.267854 -7136.168583 -0.622063 0.771177 0.135363 -0.585293 -0.572844 0.573831 -0.520067 -0.277733 -0.807710
-1.103559 -137.267428 -305.813464 -4093.562958 -0.626881 0.763724 0.154098 -0.411348 -0.492407 0.767025 -0.661675 -0.417446 -0.622837
-0.611186 -256.758907 -989.758242 6816.301509 -0.427022 0.855523 0.292801 0.245145 0.421213 -0.873203 0.870377 0.301099 0.389594
7.555643 -287.924122 -4187.142191 1178.652121 -0.407072 0.856743 0.316677 0.380147 0.474160 -0.794141 0.830530 0.202889 0.518705
7.017379 -279.520850 -3259.785621 8940.943476 -0.401557 0.880802 0.250878 0.086842 0.309320 -0.946985 0.911707 0.358482 0.200700
-0.958603 -214.115912 -1452.992100 2477.907146 -0.388032 0.891972 0.231986 -0.046384 0.232489 -0.971492 0.920478 0.387731 0.048840
0.855803 -299.625636 3818.926327 -66994.615441 0.381758 0.776622 0.501118 0.924104 -0.310690 -0.222494 -0.017101 0.548024 -0.836288
6.101113 -154.822229 2195.807843 -15231.679281 0.250127 0.843199 0.475870 0.955526 -0.135671 -0.261848 -0.156228 0.520201 -0.839633
5.707624 -224.106102 2645.679483 -37577.547717 0.370196 0.788949 0.490422 0.928934 -0.317805 -0.189949 0.005998 0.525889 -0.850532
10.068429 -170.906129 1590.155830 -5469.662640 0.249646 0.851104 0.461843 0.965144 -0.179997 -0.189996 -0.078576 0.493177 -0.866373
35.503198 -1455.706505 -2244.683277 -390750.403361 0.577205 0.631775 0.517392 0.730016 -0.683144 0.019761 0.365938 0.366298 -0.855520
5.103799 -545.956367 -806.751271 -121826.607516 0.568217 0.704583 0.425079 0.817497 -0.542331 -0.193842 0.093955 0.457645 -0.884157
-55.561143 -78.810678 782.300355 542.026907 0.141998 0.953834 -0.264644 0.898118 -0.011737 0.439597 -0.416197 0.300103 0.858323
-48.463091 -74.642322 -402.204810 4165.886441 -0.423479 -0.869861 0.252997 0.867734 -0.309281 0.389078 -0.260197 0.384301 0.885782
18.736798 -47.431429 901.375693 941.330082 -0.024280 0.946366 0.322182 0.883632 0.171042 -0.435820 0.467552 -0.274109 0.840392
21.289108 -46.223001 -31.512596 280.137299 0.016658 0.944453 0.328223 0.845978 0.161664 -0.508119 0.532957 -0.286134 0.796294
16.665601 -43.044334 -5790.643316 634.997645 0.112644 0.913215 0.391598 0.820770 0.136614 -0.554682 0.560042 -0.383894 0.734151
5.518677 -40.552555 -7385.513990 920.991767 0.136551 0.893355 0.428102 0.846606 0.119163 -0.518708 0.514404 -0.433264 0.740048
-1.823306 -130.472481 -1414.812197 -16728.874916 -0.438471 -0.369766 -0.819156 0.804836 -0.567177 -0.174783 -0.399977 -0.735923 0.546292
-1.416467 -108.847995 105.281735 -15625.946988 -0.452382 -0.322144 -0.831609 0.674132 -0.734002 -0.082383 -0.583864 -0.597883 0.549217
-3.253400 -164.872896 111.089726 -29527.540936 -0.442453 -0.330909 -0.833507 0.809829 -0.546696 -0.212841 -0.385244 -0.769170 0.509867
3.492949 -50.656809 1088.397528 -1272.033067 0.409567 0.904319 -0.120259 -0.615686 0.176724 -0.767919 0.673191 -0.388556 -0.629157
2.392498 -52.874299 -789.218319 -1778.972445 0.436487 0.887252 -0.149209 -0.568140 0.143218 -0.810374 0.697636 -0.438490 -0.566596
1.533353 -58.558507 362.889615 1748.841000 0.214781 0.976445 0.020604 0.965438 -0.209076 -0.155615 0.147642 -0.053315 0.987603
2.031159 -56.897947 -15.072187 -191.750734 0.262597 0.964725 0.018667 0.921523 -0.245008 -0.301275 0.286073 -0.096316 0.953355
2.667137 -52.334524 129.280854 -203.032754 0.273151 0.961762 0.020049 0.920138 -0.255136 -0.297074 0.280599 -0.099594 0.954644
12.253067 -110.009581 1937.181285 1867.886401 -0.128801 0.959973 0.248719 0.101769 0.262280 -0.959611 0.986435 0.098287 0.131477
9.475271 -101.649407 1128.495609 2257.647024 -0.047148 0.944575 0.324891 -0.166765 -0.328132 0.929795 -0.984869 0.010343 -0.172993
11.110918 -109.619575 870.901922 70.782190 -0.062625 0.949050 0.308840 -0.462452 -0.301817 0.833693 -0.884430 0.090613 -0.457792
6.852809 -93.182118 1653.110624 4718.621492 -0.019238 0.946762 0.321359 0.004607 -0.321331 0.946956 -0.999804 -0.019698 -0.001820
13.000911 -94.616201 717.665836 2394.381268 -0.101208 0.936352 0.336159 0.021452 -0.335761 0.941703 -0.994634 -0.102519 -0.013895
11.090194 -100.218646 -185.107831 3244.980057 -0.107267 0.949549 0.294704 -0.227095 -0.311978 0.922550 -0.967947 -0.032033 -0.249103
9.197368 -94.478659 727.062675 5175.349675 -0.068501 0.948165 0.310307 0.148431 -0.297889 0.942990 -0.986547 -0.110654 0.120332
-0.308161 -55.346263 -4825.326373 2426.735965 0.242286 -0.243660 0.939110 0.140663 0.966545 0.214488 -0.959954 0.080130 0.268454
-17.788957 -62.179864 -5344.146519 3332.671338 0.258610 -0.269458 0.927638 0.183399 0.956536 0.226723 -0.948412 0.111495 0.296789
-4.793884 -49.385299 -4353.212063 3861.087326 0.227607 -0.329928 0.916156 0.323223 0.913105 0.248529 -0.918543 0.239556 0.314469
10.528343 -47.305313 -4083.924428 2607.637272 0.268105 -0.259602 0.927753 0.237194 0.951153 0.197605 -0.933734 0.167079 0.316585
14.734955 -50.325201 -4327.457939 1523.821469 0.274240 -0.206093 0.939318 0.090739 0.977954 0.188078 -0.957371 0.033654 0.286894
5.047329 -54.102882 -4699.434004 -10.151054 0.239817 -0.173304 0.955224 -0.023728 0.982597 0.184227 -0.970528 -0.066846 0.231531
-2.608264 -62.515748 -374.685953 -2683.557726 0.062379 0.992898 -0.101303 -0.282016 0.114899 0.952505 -0.957380 0.030847 -0.287181
0.960593 -92.348464 -326.194451 980.818112 0.077495 0.996576 -0.028819 0.613703 -0.024901 0.789144 -0.785725 0.078841 0.613531
-1.203430 -95.921443 410.398751 772.529531 0.073989 0.996264 -0.044532 0.505882 0.000987 0.862602 -0.859424 0.086351 0.503919
4.528386 -112.007768 434.489613 -150.542542 0.240616 0.962030 -0.128852 0.966912 -0.225982 0.118376 0.084763 -0.153072 -0.984573
4.342123 -116.475459 -676.900489 3250.995576 0.185512 0.972062 -0.143810 0.981090 -0.175002 0.082684 0.055207 -0.156430 -0.986145
2.301492 -107.549262 196.335939 4972.581357 0.196645 0.971194 -0.134583 -0.958899 0.219134 0.180258 -0.204557 -0.093605 -0.974369
6.810172 -110.329976 -416.983477 -6070.047632 0.223549 0.963986 -0.144075 -0.936105 0.171160 -0.307264 0.271538 -0.203557 -0.940655
-6.900232 -121.942369 -784.178470 2341.026012 0.523650 0.213899 0.824644 0.057026 0.956996 -0.284441 -0.850023 0.195974 0.488933
-7.746011 -126.296067 -973.509422 6150.686569 0.532654 0.198179 0.822803 0.108120 0.948298 -0.298398 -0.839399 0.247904 0.483687
19.147594 -79.176309 2676.726906 -7411.175443 0.583536 -0.504424 0.636429 -0.538665 0.346052 0.768172 0.607722 0.791078 0.069781
18.303908 -77.789457 1669.237232 6933.001290 0.513384 -0.365192 0.776577 0.650839 -0.424120 -0.629707 0.559326 0.828708 0.019944
9.672774 -65.776791 903.894371 -4972.271827 0.576295 -0.441200 0.687915 -0.495422 0.480842 0.723428 0.649955 0.757716 -0.058527
5.561940 -60.485343 -799.986698 4535.704551 0.534056 -0.341121 0.773577 0.538967 -0.567593 -0.622377 0.651382 0.749316 -0.119273
7.300215 -64.308322 1741.779535 -5563.792786 0.618908 -0.511916 0.595730 -0.372310 0.476634 0.796370 0.691620 0.714677 -0.104401
