10044
20068
-53.153413 -73.611588 223.994789 4212.933457 0.073651 -0.980814 0.180496 0.996657 0.065972 -0.048194 0.035361 0.183443 0.982394
-43.972553 -74.175126 -2252.349238 8945.983680 -0.305676 0.951346 -0.038764 0.933145 0.291240 -0.210761 0.189217 0.100597 0.976769
-43.275971 -61.778857 -1313.944618 5779.242521 0.069758 0.982676 -0.171703 0.970828 -0.106458 -0.214850 0.229407 0.151706 0.961435
-35.937332 -51.846947 -2792.947755 5369.689843 -0.007539 0.996022 -0.088783 0.936020 -0.024212 -0.351113 0.351866 0.085750 0.932114
-45.377147 -65.591898 337.692125 5078.449852 -0.220382 -0.935370 0.276614 0.962642 -0.254309 -0.092994 0.157329 0.245786 0.956471
-39.505575 -53.464068 -196.931108 4351.027663 0.426733 0.834610 -0.348317 0.849272 -0.502204 -0.162873 0.310862 0.226313 0.923118
-45.305443 -63.783309 556.658459 2027.545806 -0.623026 0.374170 0.686903 0.643282 -0.254500 0.722093 0.445003 0.891755 -0.082137
-48.469269 -64.497358 -1409.784460 232.211275 0.587922 -0.452788 -0.670321 0.576224 -0.347165 0.739894 0.567727 0.821255 -0.056801
-49.460334 -65.993725 -1332.307622 2182.410936 0.623960 -0.509324 -0.592674 0.609470 -0.157514 0.777004 0.489101 0.846037 -0.212135
-47.720374 -66.708115 843.910308 2294.253454 -0.649868 0.408140 0.641165 0.672042 -0.085461 0.735565 0.355009 0.908910 -0.218749
-44.416803 -66.358048 398.258716 1683.520817 -0.640410 0.264794 0.720943 0.714360 -0.139386 0.685756 0.282074 0.954178 -0.099894
23.071995 -38.201057 5497.518281 -2559.584363 0.316832 0.925566 -0.207232 0.435191 -0.335992 -0.835295 0.842749 -0.174463 0.509251
14.552095 -30.594775 6769.409635 -3121.400708 0.289240 0.920382 -0.263129 0.487964 -0.378245 -0.786653 0.823548 -0.099134 0.558517
6.136882 -35.526852 5645.078914 -2005.454891 0.265545 0.936358 -0.229607 0.420356 -0.326776 -0.846474 0.867633 -0.128260 0.480377
13.161416 -42.061232 5875.740020 -745.999784 0.263112 0.952483 -0.153452 0.338785 -0.240145 -0.909701 0.903326 -0.187366 0.385872
82.250255 -96.679398 -7048.412172 8240.830848 0.811753 -0.579132 0.075262 -0.396161 -0.451378 0.799572 0.429086 0.678870 0.595836
83.432894 -80.381530 -2429.716001 3591.673428 0.727820 -0.682239 0.069493 -0.537665 -0.504796 0.675350 0.425670 0.528897 0.734216
77.207393 -73.796109 -3803.507126 6782.302627 0.811578 -0.549252 0.199156 -0.511908 -0.504216 0.695497 0.281585 0.666400 0.690377
84.981842 -106.454032 1108.138890 -3748.082335 -0.665995 0.742210 0.074669 0.415711 0.452400 -0.788998 0.619383 0.494428 0.609841
83.504959 -118.582012 -9491.426993 8345.333317 0.778301 -0.627390 -0.025087 -0.260179 -0.358609 0.896497 0.571449 0.691217 0.442339
-1.860963 -34.726845 -1990.574671 3056.119621 0.158366 0.986208 0.048098 0.976046 -0.163722 0.143281 -0.149180 -0.024255 0.988513
-3.679557 -39.004502 -1415.177903 1866.997489 0.155386 0.987244 0.034697 0.955212 -0.159113 0.249505 -0.251843 0.005627 0.967752
3.526023 -33.102635 -1619.932486 3240.532353 0.057235 0.998206 0.017598 0.987889 -0.059172 0.143439 -0.144223 -0.009175 0.989503
4.961300 -25.600847 -2066.056424 3287.383252 0.024673 0.999361 0.025871 0.997979 -0.026138 0.057914 -0.058553 -0.024390 0.997986
-1.628198 -28.850227 -2194.384223 3274.923542 0.167826 0.984346 0.053835 0.983165 -0.171127 0.064042 -0.072252 -0.042181 0.996494
4.344649 -80.815798 670.683605 -4771.925418 0.041545 0.998955 -0.019062 0.717760 -0.043111 -0.694955 0.695050 -0.015190 0.718801
5.655843 -89.064830 -288.322588 -8113.493495 0.030156 0.999392 -0.017501 0.719347 -0.033856 -0.693826 0.693996 -0.008333 0.719930
5.603743 -92.570462 327.543090 -2979.652941 0.047755 0.997962 -0.042319 0.542367 -0.061484 -0.837889 0.838783 -0.017061 0.544198
6.745276 -89.284809 696.436371 2671.290072 0.070616 0.994271 -0.080244 0.323064 -0.098906 -0.941195 0.943739 -0.040539 0.328197
5.349715 -85.659800 562.105886 -3851.975852 0.072462 0.995826 -0.055499 0.561626 -0.086725 -0.822833 0.824212 -0.028455 0.565566
-4.462853 -114.741442 875.451243 539.963549 -0.100166 -0.982097 0.159538 0.994581 -0.094344 0.043679 -0.027845 0.163049 0.986225
-5.449798 -117.012486 -885.422940 6064.969598 0.113168 0.979970 -0.163863 0.967001 -0.146521 -0.208424 0.228258 0.134869 0.964214
-5.843768 -116.147794 -11.697986 3352.540456 -0.087233 -0.976442 0.197362 0.991654 -0.103994 -0.076202 0.094931 0.189068 0.977365
-4.154604 -112.410872 235.038098 -4782.378539 -0.084030 -0.978058 0.190636 0.976034 -0.042246 0.213479 -0.200741 0.204006 0.958167
-11.954792 -90.985568 796.179171 2900.593360 0.048599 0.994754 -0.090009 -0.854217 -0.005309 -0.519889 0.517640 -0.102154 -0.849479
-8.652935 -90.079683 742.866762 2027.870990 0.018205 0.997973 -0.060974 -0.849498 -0.016722 -0.527327 0.527277 -0.061397 -0.847472
-11.367337 -98.180346 743.470745 3018.776453 0.022808 0.996107 -0.085150 -0.713419 -0.043451 -0.699389 0.700367 -0.076700 -0.709650
-9.254515 -83.716486 664.941761 1010.688601 0.040458 0.996833 -0.068464 -0.926671 0.011808 -0.375688 0.373690 -0.078643 -0.924214
-13.502516 -97.922818 1339.336193 3151.765662 0.045150 0.994046 -0.099167 -0.698788 -0.039514 -0.714237 0.713902 -0.101544 -0.692843
-11.328256 -87.329163 623.775304 543.425448 0.056487 0.993302 -0.100797 -0.950753 0.022699 -0.309116 0.304758 -0.113294 -0.945668
9.245237 -141.381001 -1126.859792 1940.368263 0.845288 -0.219959 0.486935 -0.528322 -0.208018 0.823168 0.079772 0.953072 0.292044
11.336286 -145.714568 -523.981770 3119.759071 0.833472 -0.263943 0.485447 -0.535405 -0.168536 0.827609 0.136626 0.949700 0.281787
10.203445 -145.617930 -1545.871608 2232.405208 0.849562 -0.225480 0.476869 -0.524694 -0.454181 0.720011 -0.054237 0.861904 0.504163
11.262390 -141.935171 -1397.136996 352.173106 0.837565 -0.231178 0.495016 -0.482551 0.111829 0.868700 0.256182 0.966463 0.017891
7.233951 -298.005940 -3048.169690 -27421.518840 0.930338 -0.013185 0.366466 -0.342618 0.324953 0.881487 0.130706 0.945638 -0.297799
-2.703096 -365.734722 -1125.979658 -51807.170098 0.927185 -0.041031 0.372349 -0.337677 0.338778 0.878182 0.162177 0.939971 -0.300255
6.978972 -518.668613 1605.071137 -146975.543159 0.927471 -0.091435 0.362543 -0.208332 0.678793 0.704158 0.310476 0.728615 -0.610512
16.098097 -464.183082 -2594.507362 -111975.298108 0.933222 -0.035264 0.357566 -0.216921 0.738042 0.638936 0.286431 0.673833 -0.681107
13.727395 -294.516640 -2499.843783 -21532.909394 0.929409 -0.004174 0.369028 -0.342052 0.365687 0.865606 0.138562 0.930728 -0.338445
2.075548 -3.484345 2575.771453 163.467272 -0.227200 0.867154 0.443197 -0.740676 0.141609 -0.656770 0.632281 0.477484 -0.610106
14.877239 -1.571027 6371.801207 2150.780580 -0.154453 0.821895 0.548299 -0.777565 0.241258 -0.580679 0.609539 0.516026 -0.601814
3.024609 -5.547467 3103.122057 1850.721143 0.083162 0.741950 0.665278 -0.757932 0.480531 -0.441167 0.647011 0.467547 -0.602310
-6.247435 -658.657139 2585.941153 4141.832654 0.883763 -0.128143 0.450047 -0.426677 0.174193 0.887470 0.192118 0.976338 -0.099270
0.912364 -534.556118 -348.122984 -54010.640274 0.875394 -0.096737 0.473632 -0.394464 0.423410 0.815551 0.279434 0.900759 -0.332491
-6.180266 -557.934710 3000.535352 61496.431943 0.860689 -0.033045 0.508058 -0.367834 0.649581 0.665389 0.352013 0.759574 -0.546932
1.252635 -393.138089 1647.566265 -26333.795619 0.889451 -0.130466 0.438013 -0.375228 0.338693 0.862839 0.260923 0.931808 -0.252296
-12.372230 -603.655907 -8140.768307 -57235.372714 -0.881321 0.116307 -0.457980 -0.089876 0.910278 0.404124 0.463892 0.397325 -0.791794
-1.695273 -403.239348 1431.130218 -66846.576661 0.885473 -0.123781 0.447901 -0.232315 0.716854 0.657381 0.402451 0.686148 -0.605999
15.726711 -32.448697 -3609.158501 -400.155751 -0.434616 -0.691684 -0.576786 -0.251184 0.708117 -0.659906 0.864879 -0.141927 -0.481499
8.408127 -31.364240 6025.427534 -382.454299 0.328829 0.791021 0.515905 -0.264088 0.601510 -0.753952 0.906713 -0.111677 -0.406693
2.574503 -32.541379 5199.508327 -1154.969007 0.325833 0.807505 0.491700 -0.358731 0.586787 -0.725943 0.874726 -0.060149 -0.480871
6.274661 -33.413765 3738.368022 -1017.443629 0.402240 0.720411 0.564988 -0.357485 0.691712 -0.627487 0.842857 -0.050426 -0.535770
-23.485416 -37.728882 -816.125704 -625.616390 -0.130513 0.861457 -0.490773 -0.454828 -0.491869 -0.742426 0.880964 -0.126321 -0.456010
-20.527655 -36.737188 -879.170232 -890.426752 -0.081885 0.875470 -0.476284 -0.351179 -0.472584 -0.808293 0.932721 -0.101074 -0.346145
-22.224008 -40.586519 -356.829350 -1010.763054 -0.142668 0.781446 -0.607444 -0.459700 -0.595827 -0.658533 0.876540 -0.185290 -0.444236
-23.187228 -35.837713 -1156.856967 -465.117177 -0.082847 0.939161 -0.333336 -0.409891 -0.336995 -0.847598 0.908364 -0.066411 -0.412873
-24.745851 -39.088120 -741.130189 -711.769704 -0.203111 0.792346 -0.575268 -0.517429 -0.585636 -0.623937 0.831272 -0.170932 -0.528932
-26.071957 -36.560754 -781.216354 -297.174575 -0.195679 0.872373 -0.447968 -0.505121 -0.481202 -0.716448 0.840573 -0.086084 -0.534815
-326.706746 -4572.933559 -5048.727227 -1561499.072898 0.778061 -0.567833 0.268676 -0.570875 -0.460655 0.679631 0.262150 0.682175 0.682580
-19.929913 -8082.008185 -99882.610419 6525438.783907 0.981674 -0.104563 0.159321 0.092079 0.992216 0.083841 -0.166848 -0.067635 0.983660
-193.178252 -2689.047037 138193.275821 990464.157171 0.799704 0.032155 -0.599532 0.094566 0.979355 0.178666 0.592900 -0.199575 0.780154
-162.063836 -666.562397 7833.443083 161898.174028 0.956203 -0.155352 -0.248075 -0.253885 -0.018427 -0.967059 -0.145664 -0.987687 0.057062
462.919276 -5676.228786 -431151.433081 2055360.824047 0.461551 -0.241580 -0.853587 0.041881 0.967067 -0.251051 0.886125 0.080124 0.456468
-46.813978 -69.001523 -3271.410192 2771.462924 0.060785 0.982862 0.174034 0.435655 -0.182996 0.881315 -0.898059 -0.022248 0.439312
-21.646369 -69.556930 -16717.832187 2094.318600 -0.220692 0.960899 0.167239 0.535481 -0.023944 0.844208 -0.815202 -0.275863 0.509259
-43.905401 -70.711041 -5874.336139 -217.957425 -0.014824 0.997099 0.074665 0.592440 -0.051395 0.803973 -0.805478 -0.056152 0.589960
-60.204061 -71.324318 680.705788 699.531512 0.187025 0.979805 0.070731 0.488846 -0.155281 0.858439 -0.852087 0.125973 0.508015
11.559594 -51.539263 26607.065251 -180.702586 0.677746 -0.704542 -0.210431 -0.405110 -0.118952 -0.906497 -0.613634 -0.699623 0.366036
-29.450790 -55.037188 21876.964809 1775.482048 0.751190 -0.660086 0.000383 -0.327024 -0.372664 -0.868434 -0.573383 -0.652234 0.495805
-51.798240 -57.163233 -17110.385229 -1529.500354 -0.616570 0.785907 0.046809 0.329560 0.203641 0.921911 -0.715005 -0.583849 0.384562
48.185983 -48.101913 29732.524461 -715.415271 0.701727 -0.695301 -0.155358 -0.455042 -0.269620 -0.848671 -0.548194 -0.666229 0.505590
-27.389846 -54.981138 -18736.395789 1036.646698 -0.550474 0.741370 0.383861 0.429317 -0.142961 0.891767 -0.716007 -0.655692 0.239587
67.857775 -45.098350 -19422.919375 -0.659121 -0.581507 0.803690 0.126220 0.389430 0.138770 0.910542 -0.714278 -0.578641 0.393676
41.647232 -49.530565 27378.524173 692.280267 0.672630 -0.708018 -0.215126 -0.338780 -0.036183 -0.940170 -0.657873 -0.705267 0.264200
28.214872 -38.846169 12243.132225 538.567244 0.037118 0.959847 -0.278058 0.534498 0.216034 0.817093 -0.844355 0.178950 0.505017
38.655130 -38.330998 14963.372182 -369.179184 0.046620 0.962658 -0.266675 0.435085 0.220742 0.872911 -0.899182 0.156721 0.408547
7.689141 -38.285502 4598.943444 -1136.039951 0.000393 0.965332 -0.261024 0.421829 0.236504 0.875286 -0.906675 0.110451 0.407112
30.558315 -34.416053 9604.009405 -2339.411964 0.018564 0.973435 -0.228208 0.318263 0.210621 0.924309 -0.947821 0.089789 0.305899
4.868731 -32.343539 2214.607128 -2961.288985 -0.018820 0.970488 -0.240413 0.289970 0.235419 0.927629 -0.956851 0.052254 0.285843
0.862876 -75.264930 913.381475 -2651.700462 -0.247041 0.953100 0.174844 -0.470518 -0.275724 0.838206 -0.847103 -0.124804 -0.516566
2.659568 -69.213385 989.435313 -1502.571752 -0.230812 0.965113 0.123627 -0.467088 -0.221364 0.856053 -0.853554 -0.139843 -0.501886
4.185238 -77.226259 687.955155 7584.830910 -0.232674 0.965619 0.115943 -0.567401 -0.231600 0.790201 -0.789885 -0.118073 -0.601780
-2.972077 -87.180238 925.683349 -11631.037200 -0.257469 0.938038 0.231935 -0.353373 -0.314805 0.880923 -0.899354 -0.144851 -0.412530
2.838544 -79.935407 191.534650 2296.799729 -0.248728 0.949442 0.191557 -0.518562 -0.297576 0.801587 -0.818063 -0.100043 -0.566360
1.392833 -89.909085 -1873.773530 -6294.303849 -0.293495 0.926531 0.235374 -0.367861 -0.336720 0.866775 -0.882349 -0.167809 -0.439660
-0.745874 -95.106384 203.011765 10437.641208 -0.138462 0.989218 0.047703 0.495284 0.027453 0.868297 -0.857626 -0.143853 0.493745
-0.345683 -89.847756 143.931272 9465.025106 -0.144369 0.988134 0.052434 0.537523 0.033824 0.842570 -0.830799 -0.149825 0.536028
-1.193548 -111.669026 168.994616 10100.931136 -0.140679 0.989149 0.042359 0.304421 0.002504 0.952534 -0.942092 -0.146897 0.301470
-0.263292 -76.884810 143.865152 5814.455251 -0.140311 0.988569 0.055175 0.647806 0.049517 0.760195 -0.748773 -0.142406 0.647348
-1.188903 -109.806563 -463.016591 10824.768233 -0.160245 0.986442 0.035409 0.319509 0.017896 0.947414 -0.933935 -0.163132 0.318045
-0.556007 -94.557185 -265.912199 10787.299876 -0.160563 0.986455 0.033569 0.512167 0.054195 0.857174 -0.843744 -0.154823 0.513932
-4.073839 -69.048266 -168.372597 1161.684093 -0.188151 0.972183 0.139496 0.802377 0.070248 0.592669 -0.566383 -0.223440 0.793275
-3.101811 -66.727304 163.695974 1769.297608 -0.166281 0.974377 0.151458 0.885651 0.080041 0.457400 -0.433558 -0.210196 0.876268
-4.110844 -64.255468 -111.854832 1728.340280 -0.164592 0.974672 0.151404 0.891619 0.081378 0.445413 -0.421811 -0.208306 0.882431
-3.867962 -65.851122 -24.861877 1306.640721 -0.172140 0.975463 0.137254 0.834655 0.070430 0.546252 -0.523182 -0.208592 0.826299
-3.953109 -69.881003 -44.364464 896.357370 -0.198323 0.973054 0.117621 0.712832 0.060829 0.698692 -0.672710 -0.222411 0.705688
0.754459 -43.768309 1464.433079 2046.512224 0.147793 0.988675 0.026047 0.083051 -0.038650 0.995796 -0.985525 0.145008 0.087823
4.266816 -38.924089 1860.045316 1357.006976 0.153994 0.986558 0.054669 0.206873 -0.086295 0.974555 -0.966172 0.138766 0.217382
6.994213 -38.703791 2501.559851 1612.061395 0.163432 0.978310 0.127275 0.135680 -0.150072 0.979321 -0.977180 0.142784 0.157263
-6.787152 -146.345665 1432.603533 5207.816384 0.743302 0.563939 -0.359828 0.621603 -0.781033 0.059984 0.247210 0.268256 0.931089
-7.265278 -135.146265 297.206763 2343.627151 0.735683 0.591273 -0.330406 0.672163 -0.697438 0.248551 0.083476 0.404941 0.910524
-7.569129 -135.264423 450.327458 285.371404 0.728969 0.590557 -0.346189 -0.630877 0.775867 -0.004900 0.265703 0.221975 0.938152
-16.835005 -44.697842 -596.301827 514.309350 -0.117531 0.990231 -0.075027 -0.979067 -0.128185 -0.158103 0.166176 -0.054874 -0.984568
-15.598890 -43.405153 -436.191507 -129.983948 -0.073158 0.994043 -0.080789 0.994571 0.078727 0.068049 0.074004 -0.075372 -0.994406
-16.288277 -44.364052 57.552995 856.613781 -0.172692 0.984507 -0.030377 -0.980762 -0.174721 -0.087059 0.091018 -0.014758 -0.995740
-14.867556 -42.333952 -741.530210 -460.002431 -0.068835 0.990461 -0.119365 -0.978917 -0.090124 -0.183303 0.192312 -0.104231 -0.975783
-18.298326 -46.379127 -19.517758 963.108356 -0.226556 0.972735 -0.049595 -0.946835 -0.231894 -0.222998 0.228419 0.003563 -0.973556
-17.346230 -43.204843 -722.789667 139.418499 -0.153372 0.982526 -0.105447 -0.954936 -0.174809 -0.239872 0.254113 -0.063906 -0.965061
47.275031 -3559.314631 -6230.309955 -958552.161601 -0.128639 -0.856250 0.500288 0.953117 0.032585 0.300844 -0.273899 0.515533 0.811914
-28.482029 -713.304151 -10099.665154 -187926.174760 0.052236 0.914776 -0.400571 0.881607 0.146173 0.448778 -0.469084 0.376589 0.798837
302.820440 -1025.078893 148902.569221 -42406.017860 0.083159 -0.887632 0.452983 0.942287 -0.077894 -0.325620 0.324315 0.453919 0.829926
-34.296155 -237.984045 -7982.235686 -51071.369134 -0.138617 -0.807575 0.573244 0.909125 0.125806 0.397069 -0.392781 0.576191 0.716748
-89.266628 -126.438532 3957.953200 7300.890758 0.462424 0.857576 -0.225230 0.732834 -0.226668 0.641542 -0.499118 0.461720 0.733277
4.888568 -26.091895 -9479.056946 -1601.031606 -0.295178 -0.667989 0.683125 -0.212169 0.742959 0.634819 -0.931587 0.042447 -0.361032
128.178846 -31.161337 50084.544505 -3929.605385 0.254990 0.817491 -0.516419 -0.228832 0.569920 0.789194 -0.939476 0.083064 -0.332392
163.609821 -30.263001 56200.560322 -1245.129038 0.225741 0.843256 -0.487811 -0.279231 0.535734 0.796881 -0.933312 0.043677 -0.356401
0.519096 -22.090223 -7100.949517 -172.319418 -0.280589 -0.633531 0.721047 -0.254216 0.773449 0.580647 -0.925551 -0.020379 -0.378074
-14.356261 -117.787620 73.882024 5896.195457 -0.014563 0.998891 0.044775 0.664232 0.043136 -0.746281 0.747384 -0.018873 0.664124
-14.481377 -112.968562 47.877505 5723.310924 0.027965 0.998607 0.044735 0.571698 0.020733 -0.820202 0.819987 -0.048512 0.570322
-15.613105 -107.751713 180.071010 6838.096004 0.012687 0.999638 0.023719 0.395990 0.016759 -0.918102 0.918167 -0.021041 0.395634
17.984782 -179.588700 63.757769 -31010.474103 -0.064598 0.997726 -0.019242 0.910423 0.051028 -0.410520 0.408604 0.044037 0.911649
43.623430 -1267.115494 -6003.077204 -367330.226198 0.117388 0.992847 -0.021783 0.876990 -0.113931 -0.466806 0.465948 -0.035694 0.884092
14.300172 -182.890107 3514.199290 -9112.121187 0.013115 0.999057 -0.041397 0.961817 -0.023924 -0.272646 0.273379 0.036241 0.961223
-53.021333 -80.484247 212.093411 5909.699836 0.357926 -0.928419 0.099632 0.933652 0.357389 -0.023807 -0.013504 0.101543 0.994740
-33.936720 -80.811299 -4785.210667 7296.891460 -0.345571 0.937994 0.027350 0.935059 0.346651 -0.074150 0.079034 0.000050 0.996872
-28.916066 -73.389357 -4708.472684 11127.140414 -0.279360 0.957990 0.064905 0.911683 0.285854 -0.295165 0.301318 0.023284 0.953239
-53.670967 -66.617173 1945.619222 1262.291521 -0.550150 0.604085 0.576556 0.565519 -0.238494 0.789500 0.614430 0.760396 -0.210414
-0.801162 -37.773403 -5655.016417 134.695875 0.279861 0.955922 0.088825 0.471788 -0.056361 -0.879909 0.836118 -0.288159 0.466766
4.412327 -40.748085 -5668.765636 196.639237 0.313103 0.949387 0.025113 0.351808 -0.091382 -0.931601 0.882155 -0.300522 0.362614
-5.951274 -37.082309 -2002.574088 -295.699396 0.293854 0.954766 -0.045520 0.389642 -0.163136 -0.906403 0.872828 -0.248613 0.419955
81.449612 -57.055013 -2869.977474 5079.637939 0.742908 -0.633186 0.217173 -0.627984 -0.546913 0.553645 0.231785 0.547688 0.803936
85.386421 -68.578537 359.754765 -4137.284829 0.657690 -0.749576 0.074700 0.667165 0.533580 -0.519792 0.349765 0.391699 0.851021
-4.311137 -39.922090 -1323.540546 -453.452187 0.139662 0.989652 0.032906 0.922906 -0.142140 0.357828 -0.358803 0.019606 0.933207
-8.712225 -39.247950 -987.313150 -1007.011321 0.224603 0.973484 0.043387 0.898501 -0.224126 0.377443 -0.377159 0.045791 0.925016
-7.709551 -36.652185 -1050.242820 -2538.603682 0.148935 0.988444 0.028221 0.866036 -0.144159 0.478748 -0.477284 0.046862 0.877498
-10.070419 -38.842601 -376.752634 -1474.729122 0.303510 0.951883 0.042426 0.867898 -0.294558 0.399986 -0.393237 0.084578 0.915539
-11.222284 -35.029139 -425.443057 -2951.045305 0.261199 0.964446 0.040228 0.830020 -0.245678 0.500709 -0.492790 0.097394 0.864681
7.408578 -84.365976 -1145.501149 -11968.432947 0.040906 0.998991 -0.018538 0.790642 -0.043708 -0.610717 0.610911 -0.010325 0.791632
7.620856 -96.287014 -1162.124064 -6498.490800 0.035790 0.999046 -0.025044 0.609042 -0.041673 -0.792042 0.792330 -0.013094 0.609952
6.805382 -69.695315 -1304.299196 -10585.864958 0.028000 0.999518 0.013374 0.866445 -0.017595 -0.498962 0.498487 -0.025559 0.866521
4.898093 -70.382744 -657.575901 -7013.225912 0.040272 0.999033 0.017650 0.842624 -0.024463 -0.537946 0.536994 -0.036537 0.842795
-6.860982 -104.495644 -434.586295 5973.294500 0.119149 0.976198 -0.181222 0.864757 -0.191713 -0.464157 0.487852 0.101409 0.867016
-4.466553 -118.006098 -148.047029 7449.568656 0.129202 0.977339 -0.167678 0.937081 -0.175643 -0.301709 0.324323 0.118147 0.938539
-5.915116 -105.537957 -233.579994 7847.728035 0.146362 0.973427 -0.176122 0.801849 -0.221008 -0.555152 0.579324 0.059970 0.812888
-7.986353 -90.250752 -237.736578 2684.505576 0.137394 0.972006 -0.190595 0.709066 -0.230873 -0.666275 0.691627 0.043602 0.720938
-8.511475 -98.622353 -1219.655527 3715.309482 0.136043 0.975258 -0.174251 0.775352 -0.214298 -0.594058 0.616702 0.054289 0.785323
-14.780086 -91.797952 536.561265 2819.855839 0.100704 0.986206 -0.131361 -0.738980 -0.014260 -0.673576 0.666158 -0.164906 -0.727351
-14.474654 -94.725455 573.957653 1294.347109 0.086542 0.985763 -0.144157 -0.562113 -0.071151 -0.823994 0.822520 -0.152342 -0.547953
-15.668689 -94.227136 -507.952651 2039.972406 0.143593 0.970794 -0.192196 -0.596691 -0.070008 -0.799411 0.789519 -0.229472 -0.569212
-16.548909 -90.053316 86.928015 3032.108492 0.142790 0.974802 -0.171382 -0.744901 -0.008175 -0.667125 0.651716 -0.222921 -0.724964
-16.852808 -87.789104 716.809078 1537.307584 0.117109 0.982080 -0.147661 -0.850334 0.022347 -0.525769 0.513048 -0.187134 -0.837713
2.321086 -155.808842 -576.352832 -150.318461 0.851600 -0.172985 0.494828 -0.478783 0.127634 0.868606 0.213412 0.976620 -0.025871
4.112779 -160.435473 -1424.925644 -4722.186629 0.849403 -0.178798 0.496534 -0.490398 0.080234 0.867797 0.194999 0.980609 0.019532
1.730116 -157.785194 -952.179330 -1093.759522 0.857347 -0.178932 0.482639 -0.511215 -0.186456 0.838983 0.060130 0.966032 0.251330
0.818295 -161.429895 -878.141041 -3117.308155 0.866500 -0.171063 0.468952 -0.493379 -0.150720 0.856656 0.075862 0.973664 0.214998
-1.400406 -155.807427 -1779.670074 -2438.729871 0.866502 -0.169490 0.469518 -0.489368 -0.473948 0.732046 -0.098453 0.864087 0.493621
519.430180 -77.226617 145445.088652 -8563.108983 0.098215 0.920142 -0.379067 -0.492303 0.375959 0.785043 -0.864865 -0.109513 -0.489913
339.438378 -51.688429 94933.505466 -1345.480828 0.084892 0.943581 -0.320076 -0.595396 0.305615 0.743037 -0.798935 -0.127494 -0.587748
168.343774 -44.527835 53580.800529 -1970.375420 0.115064 0.934068 -0.338049 -0.557023 0.342443 0.756610 -0.822488 -0.101242 -0.559700
32.630015 -1382.388994 -3795.186706 -442048.589689 0.876179 0.109891 0.469291 -0.366514 0.784227 0.500655 0.313013 0.610665 -0.727400
-17.560224 -39.228756 -1307.064808 -312.934538 -0.201673 0.935353 0.290589 0.031799 0.302782 -0.952529 0.978937 0.182859 0.090806
-21.463549 -40.910989 -1104.913132 -144.113604 -0.263153 0.930912 0.253285 0.023267 0.268586 -0.962975 0.964474 0.247516 0.092339
-20.889923 -40.213048 -1727.938344 -340.415020 -0.224121 0.952583 0.205804 0.155420 0.243409 -0.957390 0.962088 0.182586 0.202604
-18.998224 -40.239364 -1122.265158 355.510386 -0.239024 0.915311 0.324150 -0.111291 0.305803 -0.945568 0.964615 0.262089 -0.028772
-15.829218 -38.004271 -1684.936933 -354.381166 -0.172780 0.968979 0.176711 0.184145 0.208025 -0.960633 0.967594 0.133437 0.214375
-15.753310 -39.076921 -1223.957265 171.962694 -0.182203 0.910321 0.371642 -0.116434 0.355335 -0.927459 0.976343 0.212257 -0.041249
-12.702694 -36.470757 -1512.379323 -501.700936 -0.145898 0.963682 0.223676 0.111106 0.240626 -0.964238 0.983041 0.115829 0.142177
-13.040879 -37.073962 -1318.263393 -121.836073 -0.147107 0.940152 0.307366 -0.010121 0.309300 -0.950911 0.989069 0.142997 0.035985
29.526576 -42.392440 -1215.077321 -1449.095112 -0.651675 -0.428093 -0.626144 -0.115475 0.871877 -0.475916 0.749657 -0.237838 -0.617615
37.070182 -47.042520 -2404.930596 -396.653409 -0.671939 -0.449682 -0.588459 -0.063299 0.826527 -0.559327 0.737896 -0.338584 -0.583840
34.473181 -39.527056 -514.534956 19.464536 -0.613517 -0.542654 -0.573693 -0.127750 0.785120 -0.606025 0.779280 -0.298517 -0.551008
-19.796329 -39.586426 175.683212 -1343.343011 -0.095362 0.789183 -0.606710 -0.353372 -0.596630 -0.720528 0.930610 -0.145683 -0.335771
-17.368340 -35.491614 34.553609 -1045.571043 -0.051477 0.870219 -0.489969 -0.249030 -0.486306 -0.837550 0.967127 -0.078902 -0.241744
-17.394715 -33.719231 -854.395768 -842.150394 -0.046100 0.932581 -0.358006 -0.243617 -0.358062 -0.901356 0.968775 -0.045663 -0.243699
-20.522257 -33.848753 -926.516251 -861.561001 -0.044635 0.975775 -0.214175 -0.295537 -0.217690 -0.930198 0.954288 -0.021778 -0.298094
786.996885 -963.690542 284759.862965 207338.519119 0.343957 -0.063247 0.936853 0.286535 0.957210 -0.040577 -0.894199 0.282398 0.347361
-1894.960118 -18805.987304 -836252.986083 -12138140.108965 0.636024 -0.448810 0.627729 0.089952 0.851044 0.517333 -0.766409 -0.272571 0.581655
-9.173710 -74.770464 -19897.523074 -6061.500800 -0.197180 0.970806 0.136588 0.614379 0.013793 0.788890 -0.763975 -0.239470 0.599162
25.617206 -80.454347 -29357.084539 -12552.198678 -0.349020 0.926328 0.141780 0.486498 0.049796 0.872261 -0.800940 -0.373412 0.468037
-18.817903 -56.204736 19177.532816 2650.957074 0.824075 -0.557985 0.097737 -0.299428 -0.575515 -0.761003 -0.480877 -0.597858 0.641344
63.340545 -31.486965 -16271.422425 415.220419 -0.549208 0.831380 0.084720 0.573260 0.301037 0.762069 -0.608065 -0.467101 0.641929
76.326561 -39.029501 -18334.882217 1590.893259 -0.550677 0.830833 0.080445 0.530579 0.274003 0.802127 -0.644392 -0.484396 0.591710
77.793914 -34.746778 -32.239678 482.968899 -0.334150 0.940417 -0.062921 0.566111 0.253630 0.784341 -0.753566 -0.226467 0.617131
35.497313 -43.184105 23727.436136 -649.820878 0.705218 -0.700792 -0.107508 -0.503433 -0.388193 -0.771920 -0.499221 -0.598496 0.626563
59.671128 -27.156458 862.948109 341.454670 -0.310828 0.942348 -0.123962 0.607207 0.297215 0.736861 -0.731222 -0.153766 0.664582
-0.878168 -82.510872 1753.677400 -10691.140123 -0.243443 0.952876 0.181006 -0.339832 -0.258588 0.904238 -0.908432 -0.158619 -0.386770
3.342114 -63.715272 1373.021367 -5179.988181 -0.226654 0.966983 0.116499 -0.421565 -0.205226 0.883270 -0.878015 -0.151084 -0.454162
0.090835 -74.058278 -9.151421 3750.168142 -0.152329 0.986562 0.059078 0.687020 0.062728 0.723926 -0.710493 -0.150863 0.687343
0.296869 -77.336957 -153.594064 6191.163906 -0.143059 0.986783 0.076111 0.584703 0.022219 0.810943 -0.798534 -0.160515 0.580154
-0.623485 -72.068956 -890.477594 2872.638749 -0.180039 0.965612 0.187560 0.867361 0.065902 0.493298 -0.463974 -0.251496 0.849399
-1.315128 -72.765158 -1004.992672 1877.218069 -0.197011 0.965927 0.167845 0.792807 0.056248 0.606871 -0.576752 -0.252629 0.776875
0.768296 -78.367266 -632.099936 993.939726 -0.196755 0.968452 0.152932 0.716323 0.035486 0.696866 -0.669454 -0.246661 0.700706
-0.077730 -78.145032 -105.552350 3530.531552 -0.168765 0.969718 0.176534 0.824919 0.040933 0.563767 -0.539469 -0.240771 0.806847
0.459754 -78.400851 -890.907310 -1109.139951 -0.221369 0.966614 0.129050 0.538590 0.010866 0.842498 -0.812968 -0.256007 0.523014
1.963296 -82.096377 -301.900708 -763.401723 -0.197946 0.970584 0.137054 0.569844 0.000179 0.821753 -0.797556 -0.240762 0.553116
1.964819 -83.741828 -596.618321 1105.535886 -0.193167 0.967464 0.163401 0.678034 0.011249 0.734945 -0.709195 -0.252758 0.658146
4.702755 -31.783822 -9080.126001 -828.903916 0.183518 0.489946 0.852217 -0.715709 0.660882 -0.225824 -0.673856 -0.568497 0.471943
-16.681981 -31.492354 -3158.185636 365.417796 0.176708 0.605211 0.776205 -0.693357 0.636270 -0.338255 -0.698591 -0.478415 0.532061
4.205738 -32.058618 -7665.665599 1400.336815 0.146941 0.552181 0.820674 -0.642985 0.683794 -0.344957 -0.751651 -0.476992 0.455521
41.411648 -35.244254 -13695.281902 946.854323 0.104390 0.571353 0.814038 -0.695111 0.627306 -0.351152 -0.711283 -0.529190 0.462638
15.690969 -30.271781 -9458.079028 1895.240444 0.113560 0.567272 0.815663 -0.588277 0.699981 -0.404916 -0.800646 -0.433853 0.413203
19.453558 -29.856010 1037.527752 981.315567 0.153992 0.940899 0.301656 0.300642 -0.335440 0.892801 -0.941223 0.046794 0.334529
17.269641 -27.392144 -900.100611 1123.130501 0.096918 0.915043 0.391540 0.264567 -0.402924 0.876160 -0.959485 -0.018672 0.281141
13.940143 -33.262203 1232.925261 1128.628811 0.141585 0.956802 0.253937 0.201712 -0.279024 0.938860 -0.969157 0.081706 0.232504
-4.235624 -155.151987 1073.534408 3915.812217 0.744815 0.565991 -0.353419 0.666565 -0.655448 0.355076 0.030678 0.500043 0.865457
-5.788208 -138.598349 223.865797 3733.934952 0.756569 0.573742 -0.313725 0.642133 -0.561192 0.522235 -0.123568 0.596560 0.792999
-7.413311 -142.274012 -491.091398 3761.807173 0.761470 0.585289 -0.278569 0.643904 -0.633612 0.428863 -0.074504 0.505938 0.859346
-14.068653 -41.830852 313.510087 -1077.013634 -0.147397 0.988445 -0.035368 0.988566 0.146078 -0.037386 -0.031788 -0.040475 -0.998675
37.837118 -1750.124203 -13475.011269 -425864.021358 0.372423 0.724333 -0.580209 0.677906 -0.639297 -0.362965 0.633833 0.258150 0.729118
-91.178471 -5297.723825 -5644.011817 -1458024.835485 -0.207643 -0.780155 0.590120 0.832954 0.175301 0.524840 -0.512905 0.600523 0.613433
-13.448301 -91.159671 283.657145 1288.232336 -0.095012 0.995041 0.029433 -0.977705 -0.087713 -0.190784 0.187256 0.046904 -0.981191
-12.142981 -86.883448 532.490033 1550.989166 -0.095423 0.994483 0.043560 -0.994432 -0.097201 0.040704 -0.044714 0.039433 -0.998221
-12.676052 -94.110242 595.589879 1446.183379 -0.118085 0.990603 0.069004 -0.989420 -0.111476 -0.092845 0.084280 0.079238 -0.993287
449.584676 -4937.918097 -48534.227428 -1622175.290528 0.077723 0.987156 -0.139580 0.774994 -0.147895 -0.614419 0.627171 0.060420 0.776535
55.391264 -903.776823 1444.122770 -269415.932917 -0.180968 0.983357 0.016105 0.562586 0.116937 -0.818427 0.806689 0.139049 0.574385
40.934902 -586.231072 222.723448 -148939.391951 -0.087419 0.995548 -0.035256 0.296569 -0.007778 -0.954980 0.951002 0.093939 0.294569
34.351182 -390.461832 -475.063872 -103124.460046 -0.245003 0.969469 0.010147 0.828650 0.214826 -0.516903 0.503302 0.118234 0.855984
31.396496 -575.614177 -5126.909325 -145724.327394 0.051842 0.996252 -0.069235 0.545954 -0.086324 -0.833356 0.836209 -0.005403 0.548384
9.997665 -317.956485 -2913.086005 -41412.386288 0.727296 0.686188 0.013685 -0.647331 0.692463 -0.318525 -0.228045 0.222803 0.947816
8.131324 -609.841293 -5591.036021 32069.482358 0.800529 0.599246 -0.007581 0.579036 -0.770147 0.267565 -0.154498 0.218583 0.963510
2.829056 -320.309770 -4458.365307 30311.652905 0.792016 0.609587 0.033379 0.610259 -0.788980 -0.071377 0.017175 -0.076901 0.996891
-5.565626 -207.500518 -5197.520206 6616.482413 0.819698 0.570553 0.050653 0.572293 -0.819475 -0.030675 -0.024007 -0.054133 0.998245
-3.674277 -240.642444 -2759.528532 39341.877649 0.672507 0.739983 0.012643 0.709002 -0.649063 0.275742 -0.212251 0.176474 0.961149
-55.843000 -76.842609 1154.280090 60.796931 -0.096030 0.983229 -0.155042 0.971926 0.126236 0.198558 -0.214800 0.131622 0.967748
-50.806943 -74.046251 164.776362 3698.329861 -0.242504 -0.908986 0.339022 0.970136 -0.229141 0.079571 0.005355 0.348194 0.937407
-56.876486 -77.567163 -913.709363 1385.832271 -0.028087 -0.965745 0.257967 0.987893 0.012573 0.154628 -0.152574 0.259187 0.953700
-53.497301 -67.926848 -1407.690014 2123.783991 0.630159 -0.622013 -0.464758 0.583469 -0.015593 0.811986 0.512313 0.782852 -0.353099
-52.373403 -68.340931 -1122.379006 1061.905377 0.670510 -0.533332 -0.515727 0.647698 0.081803 0.757493 0.361807 0.841942 -0.400287
-9.471538 -30.984523 -3677.081883 -684.378664 -0.007681 0.935209 0.354013 0.719026 0.251198 -0.647998 0.694940 -0.249567 0.674369
1.950214 -35.892375 -6260.287491 -1245.294385 0.103419 0.941496 0.320763 0.728214 0.147995 -0.669179 0.677501 -0.302790 0.670306
-3.801850 -35.276537 -5885.747474 -939.600575 0.192168 0.960623 0.200686 0.619420 0.039885 -0.784046 0.761177 -0.274978 0.587365
-14.619288 -28.841386 -1446.217811 -1038.740566 0.082853 0.979628 0.182930 0.635783 0.089392 -0.766674 0.767408 -0.179825 0.615425
1.811997 -38.565251 -1629.180003 1774.048718 0.056754 0.998327 0.011062 0.962224 -0.057650 0.266086 -0.266279 0.004457 0.963886
8.578093 -86.096527 -341.267426 -9603.004342 0.028044 0.998820 -0.039662 0.761164 -0.047057 -0.646850 0.647953 0.012049 0.761585
8.791529 -97.537354 -215.592303 -5238.196151 0.011246 0.998734 -0.049022 0.558175 -0.046947 -0.828394 0.829647 0.018047 0.557997
-3.155317 -122.168076 632.196442 -266.394570 -0.116265 -0.981340 0.153148 0.992465 -0.108784 0.056384 -0.038671 0.158550 0.986593
-4.598623 -85.975327 461.199337 2250.763551 -0.009918 0.997884 -0.064258 -0.890834 -0.038008 -0.452737 0.454222 -0.052753 -0.889326
-6.909232 -94.694401 742.295520 3272.291948 -0.010064 0.998170 -0.059629 -0.765247 -0.046073 -0.642086 0.643658 -0.039169 -0.764310
12.732766 -49.730890 2710.964680 -82.816033 0.125719 0.991018 -0.045592 0.336049 -0.085780 -0.937930 0.933416 -0.102595 0.343815
11.859788 -48.829316 2315.359493 -652.999990 0.145032 0.986392 -0.077439 0.191200 -0.104732 -0.975948 0.970777 -0.126737 0.203787
13.344749 -46.857072 3107.111845 -507.805835 0.151675 0.987453 -0.043940 0.292207 -0.087263 -0.952366 0.944251 -0.131610 0.301776
-12.551094 -46.483235 -1152.741838 -948.799358 0.053930 0.975038 -0.215388 0.589193 0.143078 0.795223 -0.806190 0.169791 0.566770
-11.212836 -45.874771 -1857.957120 -721.194146 0.026572 0.978264 -0.205652 0.502514 0.164770 0.848723 -0.864161 0.125896 0.487213
-9.475757 -48.509063 -464.753518 -1128.775747 0.043370 0.978312 -0.202544 0.614274 0.133773 0.777671 -0.787900 0.158145 0.595150
-11.807569 -49.336874 -1335.716156 -1030.595991 0.081678 0.980059 -0.181143 0.716799 0.068516 0.693905 -0.692480 0.186520 0.696909
25.260717 -514.816180 3421.284411 -140265.381598 0.926418 -0.107068 0.360951 -0.145353 0.782672 0.605225 0.347307 0.613156 -0.709519
21.926558 -275.038880 -2865.798258 -65520.305202 -0.876848 0.090136 -0.472242 -0.054815 0.957119 0.284463 0.477632 0.275317 -0.834307
22.437167 -397.054005 3681.208817 -93914.161056 0.886064 -0.149294 0.438863 -0.135493 0.821969 0.553180 0.443319 0.549616 -0.708089
16.992661 -296.916843 2800.510345 -61735.407979 -0.920916 0.039858 -0.387717 -0.100084 0.937219 0.334071 0.376692 0.346456 -0.859111
13.501257 -275.525043 1418.914407 -22278.747238 0.910921 -0.087338 0.403231 -0.330009 0.432341 0.839151 0.247624 0.897470 -0.365006
-23.833957 -41.639338 -1274.476182 -225.619377 -0.280241 0.940319 0.193043 0.148679 0.241193 -0.959021 0.948346 0.240056 0.207398
-20.158107 -41.432011 249.323772 473.134791 -0.335290 0.921724 0.194950 -0.060779 0.185335 -0.980794 0.940153 0.340699 0.006119
-24.269005 -42.483020 -452.772278 44.946118 -0.330973 0.929220 0.164340 0.091128 0.204816 -0.974549 0.939230 0.307573 0.152466
28.947137 -51.547402 -10.595164 -2619.773129 -0.748901 -0.285181 -0.598180 -0.043863 0.922018 -0.384654 0.661229 -0.261830 -0.703009
36.432719 -53.817766 229.126981 -1142.610946 -0.771112 -0.323061 -0.548651 0.005277 0.858438 -0.512890 0.636678 -0.398391 -0.660247
943.567572 -5046.313488 -297845.727548 -2768269.012594 0.235022 -0.007820 -0.971959 0.465727 0.878612 0.105545 0.853149 -0.477473 0.210135
-91.934635 -1839.108021 -146.825761 -647137.096299 0.390790 0.221139 -0.893522 0.439124 0.808342 0.392113 0.808983 -0.545601 0.218785
-59.926141 -7675.610853 -9661.552769 -3871229.036645 0.388379 0.368704 -0.844523 0.216529 0.854292 0.472546 0.895699 -0.366391 0.251954
-15.392416 -2209.926708 16400.417904 -689526.349199 -0.080017 0.298491 -0.951052 0.948160 0.317176 0.019774 0.307554 -0.900168 -0.308397
10.527622 -979.056416 -2825.198217 -306390.336391 0.124022 0.513013 -0.849374 0.628689 0.621629 0.467256 0.767704 -0.591942 -0.245430
-16.290165 -694.880297 -606.627731 -151044.158441 0.102059 0.397568 -0.911879 0.581719 0.719745 0.378907 0.806961 -0.569129 -0.157816
-59.960623 -74.998010 47.688785 -345.003403 0.149798 0.988531 0.019157 0.649220 -0.112956 0.752166 -0.745704 0.100236 0.658695
-58.609403 -74.145781 -1683.985644 -8685.698552 0.221079 0.239151 0.945479 -0.503763 0.858120 -0.099261 -0.835073 -0.454353 0.310188
79.675834 -38.987322 6544.992038 2544.360455 -0.276339 0.955020 -0.107580 0.533943 0.245636 0.809054 -0.799088 -0.166131 0.577805
77.837266 -41.854742 -14817.345304 1763.116875 -0.513427 0.856196 0.057630 0.474657 0.227401 0.850288 -0.714908 -0.463915 0.523154
6.767764 -89.610987 -163.633652 6053.315447 -0.239422 0.960567 0.141378 -0.704052 -0.272033 0.655979 -0.668571 -0.057518 -0.741420
-2.556858 -120.214944 -883.226656 3530.018270 -0.169558 0.985286 0.021479 0.030211 -0.016587 0.999406 -0.985057 -0.170106 0.026954
-1.871596 -68.265116 -616.439854 1966.168147 -0.177887 0.968752 0.172846 0.871032 0.073279 0.485730 -0.457886 -0.236960 0.856849
5.255203 -62.800636 -350.907637 -1486.654706 0.070552 0.989815 0.123650 0.581765 0.059864 -0.811151 0.810291 -0.129164 0.571616
4.345817 -64.780615 -901.772273 -927.774831 0.099359 0.987394 0.123207 0.417903 0.070963 -0.905716 0.903042 -0.141480 0.405584
4.431916 -60.309742 -782.375932 -1860.859065 0.093350 0.985289 0.143148 0.552538 0.068336 -0.830682 0.828244 -0.156639 0.538030
19.267604 -41.070948 10370.882901 -1036.241477 0.306859 0.945510 0.108850 0.820426 -0.320752 0.473306 -0.482430 0.055935 0.874147
57.185058 -42.515013 18286.518017 -668.093856 0.415677 0.897144 0.149484 0.832422 -0.441491 0.334901 -0.366450 0.014777 0.930320
49.039869 -37.973018 13101.083236 -866.464861 0.408771 0.881395 0.236747 0.755838 -0.472337 0.453439 -0.511483 0.006410 0.859270
39.614664 -35.871803 10217.267843 -610.094751 0.376773 0.891038 0.253166 0.708204 -0.453259 0.541298 -0.597067 0.024654 0.801812
16.366441 -38.269845 7472.950644 -327.782139 0.303132 0.939376 0.160258 0.739191 -0.337923 0.582584 -0.601421 0.058139 0.796814
-2.791226 -144.438551 1516.270078 6552.402305 0.732308 0.567088 -0.377009 0.631922 -0.772226 0.065892 0.253769 0.286493 0.923863
-4.144048 -129.843396 1235.290800 -3231.007710 0.734470 0.563434 -0.378279 -0.557589 0.818753 0.136885 0.386843 0.110386 0.915515
-11.639667 -38.555389 911.318887 1089.498005 -0.178021 0.983631 -0.027918 -0.974017 -0.172103 0.147214 -0.139999 -0.053400 -0.988711
-11.493285 -37.272729 984.694390 2485.340742 -0.290384 0.956571 0.025470 -0.948393 -0.291241 0.125417 -0.127388 -0.012263 -0.991777
-14.465194 -41.862610 595.816803 -2055.278677 -0.285959 0.958059 0.018709 0.958216 0.286039 -0.001708 -0.006988 0.017439 -0.999824
-36.598054 -280.750410 11803.767377 -87009.492742 0.197629 0.569555 -0.797841 0.730459 0.457215 0.507330 0.653737 -0.683054 -0.325678
-42.214933 -228.781382 8799.340118 41588.377102 0.521583 0.674667 -0.522279 -0.501687 -0.252617 -0.827342 0.690117 -0.693548 -0.206711
4.467971 -388.913487 22272.659902 95444.632425 0.223460 0.767858 -0.600383 -0.465890 -0.456900 -0.757753 0.856161 -0.449040 -0.255638
57.003798 -1218.915157 47199.963003 -399098.596166 0.172628 0.644549 -0.744820 0.398172 0.645971 0.651292 0.900921 -0.408998 -0.145129
40.589527 -479.949768 1320.383618 44441.858927 -0.217671 0.975970 -0.010128 -0.110311 -0.034910 -0.993284 0.969769 0.215092 -0.115259
74.135658 -1617.005307 18635.332724 -518311.834708 -0.317992 0.948089 -0.002964 0.530722 0.175413 -0.829195 0.785631 0.265251 0.558952
15.201969 -568.050941 -1239.141227 148368.439997 0.823562 0.567225 -0.000855 0.541702 -0.786951 -0.295409 0.168236 -0.242825 0.955370
-40.278915 -74.920574 -4109.451117 -3189.563525 -0.207262 0.978195 0.013332 0.960324 0.200839 0.193498 -0.186601 -0.052907 0.981010
-15.381356 -74.153658 12772.453568 -7278.448269 0.242975 -0.952088 -0.185718 0.960624 0.209567 0.182435 -0.134774 -0.222732 0.965519
-15.578230 -79.729056 -8868.799907 7364.619170 -0.260808 0.953176 0.153082 0.950829 0.281062 -0.130110 0.167043 -0.111621 0.979611
-3.288242 -40.208195 -3615.524865 -882.024436 0.330519 0.939542 -0.089545 0.274759 -0.186554 -0.943242 0.902920 -0.287157 0.319807
5.042269 -42.405525 -3886.034262 -774.919564 0.320406 0.946851 -0.028524 0.242067 -0.110950 -0.963895 0.915829 -0.301933 0.264750
11.367732 -44.101860 -2187.550437 -251.250768 0.244566 0.969626 0.003646 0.316080 -0.076168 -0.945670 0.916669 -0.232431 0.325107
7.925674 -33.231657 -1627.997751 3548.035659 -0.004417 0.999926 -0.011368 0.988036 0.006116 0.154099 -0.154157 0.010552 0.987990
