18914
37802
-34.901591 -78.587103 -8590.726027 8010.332027 0.144999 0.975623 0.164728 -0.739129 -0.003875 0.673552 -0.657771 0.219420 -0.720550
-48.546530 -90.533402 -5528.462405 2839.182589 0.285743 0.956893 0.052028 -0.776213 0.199266 0.598153 -0.562001 0.211303 -0.799691
-43.521288 -85.556798 -2444.686570 12294.282535 0.351693 0.933099 -0.075092 -0.666652 0.305965 0.679676 -0.657181 0.188977 -0.729658
-45.008840 -80.850726 -859.070878 5443.336835 0.120750 0.946280 0.299957 -0.796997 -0.087722 0.597578 -0.591789 0.311222 -0.743590
-33.257303 -64.764269 -5612.209810 13483.320333 0.106111 0.979195 0.172969 -0.663121 -0.059937 0.746109 -0.740953 0.193870 -0.642964
-35.986927 -69.565951 -970.734477 8468.696332 0.025092 0.927214 0.373691 -0.724111 -0.240863 0.646257 -0.689227 0.286810 -0.665362
-40.441212 -65.728888 -980.999433 -2409.218171 0.160321 0.817729 -0.552826 0.202656 0.520870 0.829231 -0.966037 0.244977 0.082211
-18.783673 -44.405907 -41499.206807 3285.118562 0.148184 0.849131 0.506970 -0.088235 -0.499233 0.861963 -0.985016 0.172462 -0.000945
-18.511944 -43.908596 -42420.857670 1722.503865 0.144783 0.803137 0.577935 -0.075259 -0.573459 0.815770 -0.986597 0.161604 0.022584
-38.995259 -51.704833 24.096520 -18926.458452 0.134487 0.919984 -0.368162 0.154323 0.347558 0.924872 -0.978825 0.181199 0.095233
-41.427321 -73.834705 265.416578 7020.840323 0.112959 0.859386 -0.498694 0.283715 0.453112 0.845101 -0.952232 0.236949 0.192638
20.256882 -118.847891 -50872.726491 83883.145168 -0.336406 0.929210 -0.152967 0.364660 0.278298 0.888579 -0.868248 -0.243142 0.432467
82.758221 -35.480656 -43024.418094 -50.604738 0.100126 -0.695573 0.711445 0.055035 0.717815 0.694056 -0.993452 -0.030338 0.110153
-43.141079 -587.871002 -47731.547345 547429.343799 -0.198104 0.965992 0.166172 0.690396 0.017174 0.723227 -0.695778 -0.257999 0.670320
-101.117119 -11946.259629 -23856.395568 12241345.670978 -0.122516 0.884576 0.450017 0.801553 -0.179189 0.570442 -0.585237 -0.430601 0.687081
-41.504925 -3205.981571 -11991.705279 2517936.094340 -0.081956 0.963886 0.253390 0.751453 -0.107247 0.651012 -0.654676 -0.243765 0.715526
-52.093091 -989.846043 -15053.170767 784220.354394 -0.088924 0.935984 0.340627 0.584486 -0.227875 0.778748 -0.806516 -0.268341 0.526806
87.162934 -117.402754 -23089.914613 7751.208495 0.282859 0.830867 -0.479219 0.857996 0.004158 0.513640 0.428759 -0.556455 -0.711704
137.237329 -97.894021 -46501.851153 -8247.226285 0.305597 0.888363 -0.342668 -0.797051 0.041798 -0.602464 0.520883 -0.457235 -0.720844
150.551252 -109.603374 -42513.427394 11266.362714 0.331485 0.893326 -0.303457 0.857734 -0.151387 0.491299 0.392951 -0.423143 -0.816419
158.194118 -84.013415 -21149.227360 -31125.897755 0.243768 0.966368 -0.081916 -0.783256 0.146359 -0.604226 0.571915 -0.211452 -0.792591
171.010668 -89.820508 -20851.308759 -4395.086496 0.303014 0.951420 -0.054618 -0.857445 0.247175 -0.451323 0.415897 -0.183589 -0.890688
7.990351 -10.538725 -1745.331211 2182.347630 -0.046376 0.948478 0.313432 -0.784232 0.159779 -0.599542 0.618732 0.273607 -0.736416
11.959172 -11.930791 -4024.168579 4674.567515 0.164979 0.854507 0.492545 -0.762480 0.427268 -0.485866 0.625624 0.295398 -0.722035
17.155012 -11.865605 -2255.350389 3821.927043 0.105374 0.880689 0.461826 -0.782848 0.359848 -0.507600 0.613225 0.308051 -0.727365
45.484654 -126.399088 19942.942033 -22797.547740 0.824248 0.442895 0.352787 -0.561043 0.554680 0.614460 -0.076457 0.704396 -0.705677
31.102621 -148.753911 13619.598950 -17847.512401 0.815234 0.463454 0.347281 -0.540694 0.394273 0.743101 -0.207470 0.793574 -0.572011
72.570629 -125.844687 38502.586955 -17514.450492 0.852450 0.426270 0.302694 -0.511132 0.557833 0.653886 -0.109879 0.712121 -0.693405
91.516245 -113.127296 41944.499088 -11937.934072 0.845203 0.443129 0.298778 -0.533095 0.659319 0.530197 -0.037956 0.607401 -0.793488
63.772864 -110.404017 32673.121101 -19790.002690 0.816608 0.458462 0.350662 -0.577033 0.662744 0.477288 0.013580 0.592101 -0.805750
36.502459 -122.528682 2318.419498 -26349.316712 0.790428 0.482154 0.377825 -0.610298 0.566962 0.553255 -0.052542 0.667894 -0.742399
-14.706632 -40.308453 5083.028728 892.558348 0.124005 0.971652 -0.201284 -0.767307 -0.034724 -0.640339 0.629176 -0.233852 -0.741249
-13.194816 -38.662916 5533.271641 1804.090837 0.212141 0.969710 -0.121070 -0.794438 0.098983 -0.599225 0.569091 -0.223302 -0.791373
-5.639186 -43.438552 6351.230105 1362.784808 0.126827 0.977028 -0.171261 -0.770014 -0.011864 -0.637917 0.625295 -0.212779 -0.750821
-20.606171 -36.206420 4032.735683 1089.498693 0.258455 0.957941 -0.124703 -0.779944 0.130757 -0.612038 0.569990 -0.255445 -0.780934
-6.297603 -42.916931 6188.029624 20.825463 0.064072 0.970351 -0.233055 -0.726600 -0.114721 -0.677415 0.684067 -0.212741 -0.697706
-17.026215 -40.680416 5063.868811 161.361516 0.068035 0.962949 -0.260959 -0.726700 -0.131385 -0.674274 0.683578 -0.235513 -0.690836
-23.215090 -38.350385 4311.940872 882.566789 0.159341 0.964087 -0.212478 -0.762607 -0.016477 -0.646653 0.626930 -0.265075 -0.732594
-18.010445 -143.096392 -54.457020 -2435.413587 -0.295664 -0.929141 0.221989 0.954294 -0.297887 0.024197 0.043645 0.218997 0.974749
-18.504453 -135.950788 162.172815 6405.056987 0.338877 0.914282 -0.221925 0.904412 -0.381561 -0.190919 0.259232 0.136013 0.956190
-16.338092 -132.356750 -1935.810558 -1988.074003 -0.299304 -0.915396 0.269198 0.946913 -0.319665 -0.034194 0.117354 0.244673 0.962478
-15.578709 -135.827951 -2353.885718 -4443.602354 -0.256724 -0.925467 0.278575 0.962372 -0.218220 0.161925 -0.089066 0.309663 0.946666
-16.419444 -144.836488 -646.837601 822.894041 -0.250324 -0.937668 0.241075 0.955833 -0.199740 0.215610 -0.154018 0.284400 0.946253
-13.204204 -108.214166 -1628.278307 -2032.319243 0.192064 0.924968 -0.327941 0.654316 0.128358 0.745248 -0.731425 0.357712 0.580569
-8.116743 -110.579777 -2270.633446 -2972.779200 0.161841 0.938872 -0.303853 0.647558 0.131302 0.750618 -0.744631 0.318243 0.586725
-12.789611 -111.613146 -1423.390879 -3567.266528 0.202584 0.924473 -0.322971 0.761748 0.058489 0.645228 -0.615386 0.376735 0.692366
-16.300705 -110.757094 -569.984010 -1805.521420 0.240321 0.902714 -0.356865 0.770296 0.046357 0.635999 -0.590669 0.427735 0.684217
-17.128477 -108.000584 -716.992581 -1152.587471 0.237476 0.902145 -0.360193 0.662720 0.120639 0.739086 -0.710216 0.414223 0.569221
-1.646867 -86.015908 399.883577 -5158.640314 0.314829 0.883803 -0.346085 0.302688 -0.439077 -0.845927 0.899590 -0.161566 0.405750
-1.657559 -89.723317 -222.966522 -3688.708101 0.328473 0.869649 -0.368533 0.129015 -0.427837 -0.894601 0.935661 -0.246306 0.252730
-0.143411 -82.216959 777.391495 -5187.008048 0.308644 0.892103 -0.329986 0.320867 -0.424239 -0.846797 0.895423 -0.155477 0.417186
219.552342 -69.915042 233430.029308 -1432.727877 -0.280691 0.948947 -0.143918 0.343109 -0.040831 -0.938408 0.896375 0.312782 0.314132
149.080439 -69.909987 209871.813471 -2538.059984 -0.278182 0.922202 -0.268624 0.497892 -0.100715 -0.861371 0.821412 0.373363 0.431140
-6.312506 -78.403782 69430.473669 -5517.842679 -0.109278 0.910135 -0.399641 0.374816 -0.334642 -0.864597 0.920637 0.244273 0.304564
27.933826 -70.330945 74279.979865 745.915582 -0.150328 0.967374 -0.203933 0.181571 -0.175753 -0.967545 0.971820 0.182478 0.149226
231.981225 -68.370430 191749.044359 576.338340 -0.214717 0.976637 0.008808 0.160463 0.044171 -0.986053 0.963405 0.210309 0.166198
-9.889018 -177.060975 -2065.428389 1081.634954 -0.370415 0.572765 0.731255 0.249610 0.819676 -0.515583 -0.894700 -0.008451 -0.446588
-6.907751 -179.608552 -2779.326214 -11888.254560 -0.394246 0.556919 0.731034 0.092962 0.815550 -0.571171 -0.914291 -0.157223 -0.373300
-10.806832 -174.194318 -1656.124434 -13527.629413 -0.373101 0.562700 0.737675 0.047359 0.805602 -0.590561 -0.926581 -0.185403 -0.327220
-13.414001 -172.520830 -508.920174 -1539.863125 -0.346895 0.577121 0.739321 0.203736 0.815814 -0.541238 -0.915509 -0.037127 -0.400582
-9.348896 -143.893392 2225.616490 -10794.047245 0.255591 -0.548299 -0.796267 0.720951 -0.440651 0.534842 -0.644129 -0.710771 0.282670
-11.826002 -154.814008 3003.102565 -23177.482165 0.246442 -0.543842 -0.802186 0.822506 -0.320417 0.469912 -0.512592 -0.775608 0.368349
-16.264501 -144.340231 2317.466488 -10533.698373 0.276219 -0.578466 -0.767516 0.747111 -0.373124 0.550094 -0.604589 -0.725366 0.329114
-22.048674 -121.358150 6567.850606 -12067.195031 0.224059 0.241583 0.944159 0.799671 0.508186 -0.319801 -0.557067 0.826671 -0.079323
-25.136690 -135.908313 10739.350844 -8412.989660 0.212442 0.247094 0.945417 0.898953 0.329871 -0.288216 -0.383082 0.911115 -0.152047
-31.558180 -120.840295 5032.284591 -13939.262763 0.186008 0.258942 0.947813 0.790814 0.533030 -0.300820 -0.583108 0.805499 -0.105626
-27.952581 -101.475401 -400.842013 -14252.065586 0.197042 0.255807 0.946434 0.679409 0.660341 -0.319929 -0.706809 0.706055 -0.043683
-30.616352 -99.409123 1150.141922 -14781.037671 0.192476 0.299592 0.934451 0.664519 0.660892 -0.348763 -0.722057 0.688089 -0.071878
-37.660270 -118.824763 4689.359756 -14800.222765 0.188827 0.317243 0.929355 0.773920 0.534469 -0.339691 -0.604477 0.783390 -0.144598
10.146859 -43.442367 9477.365971 8218.778625 -0.829979 0.312642 -0.461941 -0.010855 0.818947 0.573767 0.557689 0.481229 -0.676315
7.001018 -34.404335 3303.473570 3665.442510 -0.828179 0.207711 -0.520554 -0.112063 0.848665 0.516922 0.549147 0.486439 -0.679570
-1.703862 -49.169450 5119.346440 15342.935722 -0.803010 0.497616 -0.327952 0.215243 0.755303 0.619022 0.555738 0.426492 -0.713625
6.604847 -59.807813 9276.300117 16384.937898 -0.806500 0.489572 -0.331477 0.215216 0.765285 0.606647 0.550672 0.417922 -0.722566
5.867800 -262.344585 1854.834957 -79923.489455 -0.351945 0.576783 0.737195 0.796715 0.597987 -0.087506 -0.491304 0.556537 -0.669990
5.776765 -226.589456 -181.798171 -28060.763904 -0.367043 0.578636 0.728327 0.698063 0.688839 -0.195472 -0.614806 0.436672 -0.656758
4.965963 -255.218339 -1670.181851 -71470.037473 -0.363197 0.595883 0.716248 0.789409 0.605140 -0.103151 -0.494896 0.527948 -0.690180
5.536159 -227.363723 1211.511733 -24147.388649 -0.361427 0.576962 0.732452 0.719083 0.672543 -0.174941 -0.593540 0.463465 -0.657959
6.889623 -290.263661 -202.014884 -51005.128241 -0.351083 0.598256 0.720299 0.907031 0.408270 0.103003 -0.232454 0.689497 -0.685973
5.701826 -269.029819 3171.842802 -70468.410521 -0.351752 0.571414 0.741456 0.866758 0.497974 0.027425 -0.353555 0.652310 -0.670441
4.627708 -244.233436 656.950700 -54584.593813 -0.356955 0.582491 0.730265 0.809442 0.583081 -0.069434 -0.466248 0.566322 -0.679626
-4.883127 -80.192917 8437.260695 -14893.592856 -0.379068 0.753093 0.537735 -0.685370 -0.618928 0.383662 -0.621752 0.223114 -0.750762
-2.082912 -113.848408 11987.783715 -49350.930090 -0.315578 0.806801 0.499483 -0.686721 -0.557446 0.466549 -0.654847 0.195772 -0.729965
2.794773 -96.928926 4145.897691 -10494.160518 -0.400799 0.739339 0.541053 -0.694984 -0.630155 0.346268 -0.596957 0.237239 -0.766394
-1.608865 -79.770539 4200.369475 -13197.238953 -0.459032 0.676958 0.575341 0.665121 0.691192 -0.282609 -0.588986 0.252945 -0.767538
-9.743670 -31.050715 -454.655793 -600.918694 -0.710289 -0.689759 -0.140435 -0.607312 0.701366 -0.373172 0.355896 -0.179772 -0.917072
-11.724906 -29.059535 -530.626111 -73.679925 0.700143 0.698680 0.147129 -0.602639 0.688768 -0.403019 0.382919 -0.193506 -0.903288
-11.230794 -30.236299 467.953239 1327.656142 -0.741407 -0.649924 -0.167076 -0.546010 0.728995 -0.412844 0.390115 -0.214861 -0.895347
-2.444300 -6.321299 -448.853921 -4056.939977 0.027519 0.927611 0.372534 -0.740296 0.269339 -0.615970 0.671718 0.258834 -0.694118
-2.404907 -12.737034 2587.541929 -2954.070533 0.019409 0.924528 0.380620 -0.743647 0.267810 -0.612591 0.668291 0.271157 -0.692720
0.932688 -8.981266 -2297.862238 4524.232123 -0.456476 0.883029 -0.109037 -0.575484 -0.386488 -0.720726 0.678563 0.266245 -0.684591
-5161.895808 -23965.872043 -3899665.307986 -46355482.556288 0.372105 0.140753 -0.917457 0.927337 -0.098751 0.360962 -0.039793 -0.985108 -0.167271
-3839.544813 -6608.531625 -5158174.922426 -8450509.813231 0.962749 0.269157 -0.025855 0.090246 -0.409985 -0.907617 0.254892 -0.871474 0.419003
-2196.984409 -3902.263261 -2749718.882658 1812412.439937 0.884818 -0.241561 -0.398429 -0.433664 -0.114241 -0.893803 -0.170391 -0.963637 0.205839
-1972.863957 -3584.049742 1995826.796637 1065314.981281 -0.769217 0.604160 -0.208075 0.602427 0.794246 0.079081 0.213040 -0.064520 -0.974911
-1559.787454 -3693.349169 1480823.792878 -888156.807281 -0.546874 0.816510 -0.185044 -0.592807 -0.533722 -0.603092 0.591193 0.220120 -0.775911
-4244.602422 -9613.200762 7088951.090333 17425154.878303 0.392706 0.917810 0.058371 -0.764982 0.361226 -0.533215 0.510475 -0.164743 -0.843964
-7.369734 -69.226671 -5164.396543 27937.408723 0.951300 -0.307763 0.017613 -0.077011 -0.292590 -0.953132 -0.298492 -0.905358 0.302042
-12.956982 -64.930818 -4201.937551 23707.885431 0.961524 -0.274720 -0.000518 -0.071274 -0.247635 -0.966228 -0.265314 -0.929089 0.257687
-16.862982 -168.686252 -4978.579243 76480.075976 0.900979 -0.382823 -0.204166 -0.312391 -0.245848 -0.917590 -0.301081 -0.890508 0.341095
-7.201503 -149.571425 -4942.902798 66000.390989 0.901132 -0.398802 -0.170055 -0.314953 -0.332622 -0.888914 -0.297936 -0.854588 0.425340
-13.408104 -274.638767 -7884.828778 121857.234998 0.857601 -0.459218 -0.231602 -0.430688 -0.395086 -0.811428 -0.281120 -0.795630 0.536605
-111.147731 -449.256000 26136.703507 27876.013708 0.929887 -0.294275 -0.220709 -0.367702 -0.760361 -0.535394 0.010266 -0.579011 0.815255
-90.525179 -431.762532 22003.720313 16128.096995 0.906657 -0.277260 -0.317961 -0.410906 -0.751090 -0.516740 0.095546 -0.599158 0.794909
-112.730147 -443.584801 30754.737796 -154577.124718 0.929845 -0.285560 -0.232040 -0.332913 -0.921497 -0.200029 0.156704 -0.263246 0.951917
-42.929904 -70.343597 -1781.570156 388.708310 -0.360900 -0.581718 -0.728941 -0.139425 0.806489 -0.574575 0.922124 -0.105731 -0.372168
-45.971474 -71.269219 2308.125491 -2284.233036 -0.347339 -0.416889 -0.839976 -0.092493 0.906608 -0.411713 0.933167 -0.065312 -0.353459
-41.581164 -71.548316 2851.633178 -16.599464 -0.321433 -0.438683 -0.839189 -0.013394 0.888236 -0.459192 0.946838 -0.136359 -0.291384
-1.654727 -91.184610 29217.038209 23948.667295 -0.518073 -0.786032 -0.337274 0.806265 -0.317143 -0.499356 0.285546 -0.530635 0.798054
-35.204511 -89.578704 16463.346986 16308.828085 -0.590425 -0.781003 -0.203549 0.749066 -0.436364 -0.498484 0.300496 -0.446789 0.842663
-16.421270 -101.359830 22816.473141 9091.306762 -0.506902 -0.803389 -0.312436 0.847009 -0.396905 -0.353612 0.160081 -0.443883 0.881670
-42.741231 -110.518456 10605.247300 -3248.429147 -0.521421 -0.827823 -0.206953 0.850958 -0.486510 -0.197935 0.063170 -0.279316 0.958119
-13.735908 -112.316957 20670.986739 4260.576926 -0.427304 -0.845937 -0.319064 0.902950 -0.381443 -0.197945 0.045744 -0.372681 0.926831
-21.876994 -40.364361 16120.161624 6437.786329 -0.162851 0.928414 0.333956 0.640734 0.356905 -0.679764 0.750293 -0.103276 0.652989
-16.827435 -48.881517 17802.604748 4925.611837 -0.031376 0.981905 0.186757 0.715475 0.152537 -0.681783 0.697934 -0.112228 0.707314
-35.387410 -42.265714 3395.019090 196.031316 0.491385 -0.544822 -0.679492 0.473062 0.822023 -0.317001 0.731268 -0.165672 0.661665
-1.413419 -51.960286 21692.834056 6890.174692 -0.044238 0.986236 0.159314 0.701994 0.144152 -0.697442 0.710808 -0.080984 0.698709
-23.181935 -47.310861 7165.309572 3697.258356 0.590520 -0.199731 -0.781917 0.255130 0.965402 -0.053920 0.765634 -0.167650 0.621046
-19.293017 -37.620334 991.300937 10051.121888 0.490195 -0.520761 -0.698939 0.386921 0.848563 -0.360878 0.781026 -0.093533 0.617455
-6.746025 -40.883431 22571.741822 11694.010024 -0.155962 0.949607 0.271888 0.615317 0.308726 -0.725309 0.772698 -0.054177 0.632458
21.417774 -65.648511 -5758.345624 -53.775764 0.059098 0.915582 -0.397765 0.492755 -0.373289 -0.786033 0.868159 0.149548 0.473219
29.923543 -60.842214 -8717.053387 -1754.649211 0.103519 0.890246 -0.443561 0.398685 -0.445703 -0.801498 0.911227 0.093871 0.401067
12.731360 -61.259203 -6078.832502 -342.167718 0.126409 0.889944 -0.438201 0.479449 -0.441533 -0.758404 0.868418 0.114226 0.482497
10.277658 -64.124454 -5550.451063 2838.771694 0.068489 0.923390 -0.377704 0.569107 -0.347113 -0.745406 0.819406 0.163902 0.549281
18.540818 -66.942627 -2211.469488 2554.523532 -0.025494 0.935143 -0.353352 0.592642 -0.270517 -0.758680 0.805062 0.228753 0.547308
-43.469103 -135.861683 -5203.650915 -34750.812942 -0.492503 0.367861 0.788745 0.784701 -0.204274 0.585249 0.376411 0.907166 -0.188055
-20.692073 -119.275092 20268.577522 -25053.566126 0.699311 -0.495842 -0.514883 0.592298 -0.001310 0.805718 0.400183 0.868412 -0.292770
-63.287346 -95.750751 -3680.010342 -19293.311644 -0.453956 0.380755 0.805574 0.833248 -0.138855 0.535180 0.315631 0.914191 -0.254230
-64.462191 -112.105517 3943.165313 -16794.731707 0.004380 0.152710 0.988261 0.968588 -0.246366 0.033777 0.248632 0.957070 -0.148992
-44.186286 -82.178795 -1989.613872 -1443.168996 0.825438 -0.037338 0.563257 -0.516502 0.352651 0.780297 0.227768 0.935010 -0.271807
-42.848334 -80.686250 -1229.920803 337.136872 0.924574 -0.142644 0.353292 -0.252694 0.464399 0.848810 0.285146 0.874063 -0.393326
3.535067 -133.546869 -1089.105569 -13346.124368 0.867297 0.452488 0.207489 -0.215255 0.716737 -0.663289 0.448845 -0.530606 -0.719024
3.726580 -149.992126 869.286297 -11253.125146 -0.853981 -0.479552 -0.201858 -0.332981 0.801827 -0.496183 0.399801 -0.356516 -0.844426
2.040708 -148.640931 395.267588 -7711.979745 -0.862882 -0.459256 -0.210997 -0.315759 0.815843 -0.484455 0.394629 -0.351403 -0.848990
-23.233147 -58.804550 4947.921553 871.625450 0.986815 -0.079006 0.141258 -0.140677 -0.850272 0.507196 -0.080037 0.520380 0.850175
-19.415712 -61.095426 5241.239063 1849.038971 0.971285 -0.181816 0.153458 -0.234439 -0.841320 0.487051 -0.040554 0.509042 0.859786
-24.396287 -63.151015 4135.324786 2291.637416 0.965418 -0.172980 0.195054 -0.254818 -0.784206 0.565764 -0.055097 0.595902 0.801165
-14.337210 -57.299898 6725.004550 3100.365786 0.985941 -0.111493 0.124456 -0.154181 -0.894131 0.420427 -0.064405 0.433705 0.898750
-31.607508 -59.785343 1901.543945 94.970872 0.977429 -0.079802 0.195611 -0.181992 -0.788278 0.587790 -0.107289 0.610123 0.785009
-30.159587 -56.135919 3301.018265 -1516.809027 0.991473 0.081860 0.101392 0.013729 -0.839355 0.543410 -0.129587 0.537384 0.833322
-20.839122 -55.775251 5261.417709 2409.059807 0.995129 0.037759 0.091068 -0.006840 -0.895077 0.445858 -0.098348 0.444309 0.890459
-0.097177 -46.228053 -5022.208515 8226.795619 0.128985 0.924239 -0.359368 -0.427407 -0.275192 -0.861158 0.894811 -0.264672 -0.359531
0.397762 -56.846358 -4580.370195 3781.617095 0.124453 0.924284 -0.360847 -0.322068 -0.306353 -0.895779 0.938501 -0.227700 -0.259556
11.167165 -47.376867 -5835.789583 9162.666786 0.144490 0.932483 -0.331057 -0.421764 -0.244616 -0.873085 0.895119 -0.265780 -0.357944
-7.701624 -55.331846 -2944.069349 4405.321573 0.113438 0.932552 -0.342751 -0.333264 -0.289277 -0.897359 0.935984 -0.216021 -0.277972
13.923009 -33.801851 -8902.224365 9665.724289 0.167203 0.931672 -0.322538 -0.492217 -0.204575 -0.846092 0.854263 -0.300228 -0.424379
-0.739425 -34.814577 -5480.826554 7768.449311 0.153566 0.931175 -0.330652 -0.492996 -0.217801 -0.842329 0.856372 -0.292363 -0.425619
-8.755302 -45.125939 -2811.273020 7391.350400 0.114814 0.932344 -0.342858 -0.430830 -0.264257 -0.862875 0.895100 -0.246784 -0.371341
47.913360 -46.723608 20151.837399 6815.551478 -0.103152 0.942114 0.319030 0.585570 0.316787 -0.746159 0.804032 -0.109847 0.584351
52.317527 -60.998786 22115.805481 13544.181492 0.062516 0.982622 0.174771 0.630454 0.096871 -0.770159 0.773705 -0.158333 0.613442
27.614248 -44.039360 14767.182541 4631.225911 -0.104998 0.948465 0.298980 0.613885 0.298340 -0.730848 0.782381 -0.106802 0.613574
23.442635 -32.827062 13096.106632 -1601.484600 -0.228936 0.879752 0.416682 0.548205 0.470238 -0.691627 0.804400 -0.070089 0.589939
65.738468 -33.244348 35867.746533 4696.850110 -0.181089 0.914989 0.360558 0.521129 0.400194 -0.753837 0.834045 -0.051386 0.549298
5.443437 -220.145569 -281.083856 -18858.262712 -0.204640 0.391761 0.897020 0.971252 0.195135 0.136352 -0.121623 0.899136 -0.420431
3.695993 -219.311293 -1035.367700 -22456.770313 -0.202161 0.392610 0.897212 0.974962 0.167325 0.146461 -0.092624 0.904356 -0.416606
4.979316 -227.180587 -865.407564 -18279.265554 -0.193140 0.396286 0.897582 0.977404 -0.002379 0.211366 0.085897 0.918124 -0.386872
-90.324914 -192.736977 -18241.315428 46672.757386 0.698843 -0.447006 -0.558394 0.512967 0.857266 -0.044270 0.498481 -0.255500 0.828394
-71.096051 -155.763185 -7871.955635 46792.380369 0.663725 -0.554082 -0.502456 0.533881 0.821423 -0.200587 0.523870 -0.135117 0.841013
-73.639063 -188.890141 -13802.720951 33212.299475 0.704825 -0.499145 -0.504060 0.570421 0.821205 -0.015580 0.421713 -0.276545 0.863528
-10.569839 -125.366333 -33.017361 -5930.921420 0.871653 -0.476910 -0.113037 0.149998 0.479135 -0.864829 -0.466606 -0.736876 -0.489176
-10.252508 -116.516380 -579.832805 -3742.976779 0.871441 -0.458658 -0.173851 0.117317 0.539046 -0.834066 -0.476265 -0.706444 -0.523555
-16.266933 -127.792828 -1329.860969 -8900.100065 0.857082 -0.508388 -0.083379 0.254101 0.557951 -0.790015 -0.448156 -0.655921 -0.607392
-21.694542 -63.306119 2433.108507 346.752522 0.214655 0.749267 -0.626516 0.733610 -0.547165 -0.403022 0.644779 0.373108 0.667121
-15.773169 -61.279497 4996.415714 -237.066125 0.213203 0.715021 -0.665800 0.656211 -0.609676 -0.444615 0.723831 0.342112 0.599189
-16.136838 -62.586279 6927.207787 324.427109 0.191764 0.729892 -0.656113 0.749073 -0.540791 -0.382669 0.634127 0.418094 0.650446
-36.934109 -127.920367 2327.243166 12618.987551 0.795111 -0.595756 0.113461 -0.390363 -0.359577 0.847538 0.464128 0.718178 0.518465
-37.776541 -110.052570 1334.000492 14270.349057 0.805079 -0.584687 0.099948 -0.447340 -0.487820 0.749612 0.389532 0.648208 0.654287
-35.419957 -114.145389 2646.451600 13157.233834 0.784280 -0.617880 0.055947 -0.427913 -0.473442 0.769898 0.449217 0.627756 0.635709
4.863238 -227.157629 3715.177072 -42517.030480 0.239238 -0.081688 -0.967519 0.795301 -0.555150 0.243526 -0.557011 -0.827729 -0.067847
-2.724114 -229.327361 -4526.070483 -41188.497566 0.238701 -0.128273 -0.962584 0.754271 -0.599832 0.266977 -0.611635 -0.789777 -0.046427
9.020511 -201.504617 4000.972778 -38984.202249 0.238833 -0.075356 -0.968132 0.681957 -0.696738 0.222466 -0.691299 -0.713357 -0.115015
14.499476 -226.537883 13848.063805 -42585.724385 0.234424 -0.049433 -0.970877 0.737381 -0.641768 0.210721 -0.633494 -0.765304 -0.113995
1.434184 -1529.429813 148187.597186 840195.917076 0.151801 0.613729 0.774786 0.745859 -0.585487 0.317646 -0.648576 -0.529662 0.546633
-15.998037 -1321.211037 115846.153287 -630093.728380 0.125212 0.587201 0.799698 -0.693737 0.628048 -0.352541 -0.709261 -0.510638 0.486002
-173.843655 -6156.404649 148043.239806 -9274273.506276 -0.281345 -0.502132 -0.817746 0.830690 -0.554069 0.054425 -0.480416 -0.663981 0.573001
-3.989687 -1749.150949 -12311.586460 787755.743190 -0.161573 -0.540756 -0.825516 0.934616 -0.352415 0.047924 -0.316839 -0.763797 0.562340
5.297536 -845.662862 13663.457009 504097.697060 0.129050 -0.469323 -0.873546 0.056155 0.882957 -0.466083 0.990047 0.011094 0.140301
-2.230932 -1818.298135 -30825.002686 1319595.968458 0.192223 -0.432508 -0.880901 0.315615 0.877197 -0.361819 0.929214 -0.208475 0.305123
0.798095 -1474.568397 -20561.566125 1068232.077422 0.166017 -0.486767 -0.857611 0.365095 0.838219 -0.405085 0.916048 -0.245859 0.316875
-34.261684 -274.291023 10751.810167 -113561.522788 0.714330 0.388190 0.582273 -0.634846 0.009366 0.772582 -0.294455 0.921532 -0.253131
-16.496341 -247.233090 25652.972734 96746.655370 0.660786 0.355086 0.661268 0.696156 0.039406 -0.716808 -0.280587 0.934003 -0.221156
-51.704218 -197.471204 16829.309386 -98082.632257 0.719545 0.395490 0.570827 -0.669820 0.178298 0.720799 -0.183292 0.900998 -0.393200
-88.676130 -1396.358374 -29995.573108 954582.884499 0.358495 0.469457 0.806902 0.898703 0.060342 -0.434387 -0.252616 0.880891 -0.400270
-63.076777 -433.290981 13203.869023 225945.892975 0.580699 0.374811 0.722707 0.718595 0.181249 -0.671394 -0.382636 0.909212 -0.164086
111.082372 -2511.628336 -85574.076284 562880.844140 -0.056330 -0.590975 -0.804720 0.091446 0.799558 -0.593586 0.994216 -0.107025 0.009003
-30.286249 -2956.164360 1332.455003 -114447.688418 0.116694 0.681958 0.722022 -0.741532 0.543445 -0.393443 0.660691 0.489489 -0.569111
-3.096005 -2183.601930 -11421.503120 12999.762156 0.062032 0.694869 0.716456 0.943686 -0.274563 0.184585 0.324975 0.664659 -0.672770
-23.837449 -2263.600815 19110.882982 -1114015.827390 -0.054528 0.654007 0.754521 0.891461 0.372284 -0.258266 -0.449804 0.658544 -0.603322
-10.432785 -1691.652058 3063.888702 185559.273499 0.048436 0.659663 0.749999 0.929842 -0.303991 0.207324 0.364757 0.687339 -0.628106
112.740002 -1976.491371 -81381.983877 133853.677429 -0.168861 -0.522265 -0.835898 -0.096937 0.852765 -0.513221 0.980861 -0.005633 -0.194625
-6.558326 -56.527708 -6667.233559 -1411.498220 -0.238088 -0.710106 0.662619 0.970407 -0.202229 0.131959 0.040296 0.674428 0.737241
7.212656 -57.111696 -2830.139541 -421.776175 -0.226276 -0.733210 0.641251 0.973405 -0.194404 0.121199 0.035797 0.651621 0.757699
-4.246522 -54.179345 -5190.238649 246.735737 -0.258222 -0.713297 0.651559 0.964552 -0.152368 0.215459 -0.054409 0.684099 0.727357
5.080864 -60.193936 -3250.460653 -2205.310869 -0.214568 -0.732645 0.645904 0.967489 -0.250084 0.037729 0.133888 0.633000 0.762486
-14.099067 -53.753384 -9642.434689 -703.739095 -0.293892 -0.697557 0.653485 0.954221 -0.174350 0.243033 -0.055594 0.694994 0.716863
-7.779737 -60.060314 -7587.288889 -3261.747791 -0.218317 -0.710982 0.668463 0.965457 -0.257193 0.041762 0.142232 0.654490 0.742572
-15.812080 -56.363434 -11125.438345 -2410.037039 -0.260769 -0.696667 0.668322 0.964412 -0.219311 0.147687 0.043682 0.683050 0.729064
-2.744476 -88.137226 3187.312264 -1368.235784 0.777633 -0.595066 -0.202936 0.574226 0.803662 -0.156179 0.256029 0.004919 0.966657
-5.751063 -86.284239 1183.301456 -609.883756 0.784566 -0.590618 -0.188750 0.571391 0.806893 -0.149783 0.240766 0.009665 0.970535
-3.650020 -88.143083 1606.346958 3287.690504 0.796199 -0.572523 -0.195663 0.576435 0.816054 -0.042178 0.183820 -0.079205 0.979764
-8.403744 -87.074148 3743.442343 990.593314 0.806489 -0.556433 -0.199896 0.554812 0.829075 -0.069410 0.204351 -0.054926 0.977355
1.608952 -21.812095 11300.992480 12490.923199 -0.680206 -0.272252 -0.680587 -0.446291 0.890363 0.089874 0.581501 0.364872 -0.727134
11.782081 -1.541505 13130.462183 18564.650448 -0.643084 -0.365479 -0.672955 -0.548640 0.832961 0.071909 0.534263 0.415453 -0.736180
-1.594807 -11.539070 -7404.681226 7877.692295 0.308394 0.731824 0.607722 -0.776542 0.562674 -0.283515 0.549433 0.384487 -0.741818
-1431.925562 -16386.485032 -919295.449405 -21947122.143384 0.275627 0.944392 -0.179314 -0.527956 0.304611 0.792764 -0.803301 0.123837 -0.582557
-659.700520 -1880.212708 484015.882251 25976.541756 0.220846 0.955119 -0.197421 -0.815823 0.291834 0.499265 -0.534472 -0.050800 -0.843658
-1715.341959 -4715.757091 1248609.433873 -1103012.741177 0.109980 0.992922 -0.044832 -0.600984 0.102358 0.792680 -0.791658 0.060236 -0.607987
4.264611 -383.992513 4935.970519 154693.808087 0.431104 0.877142 0.211595 0.809311 -0.479579 0.339146 -0.398956 -0.025039 0.916628
3.632292 -223.215281 4548.782077 73999.052425 0.506874 0.825451 0.248412 0.832771 -0.543333 0.106214 -0.222645 -0.153033 0.962814
7.903340 -346.268078 3031.471351 148550.965771 0.399571 0.891763 0.212370 0.806482 -0.452102 0.381038 -0.435809 -0.019021 0.899838
11.819383 -441.987649 2323.402772 172393.486439 0.382358 0.901695 0.201865 0.659949 -0.419399 0.623356 -0.646738 0.105124 0.755433
5.545745 -485.618222 2401.789212 159069.131836 0.413819 0.886143 0.208576 0.647492 -0.447553 0.616807 -0.639928 0.120196 0.758976
14.893820 -65.684511 8390.218628 -15562.080453 0.382863 0.865532 0.322910 -0.625989 -0.013988 0.779707 -0.679378 0.500658 -0.536458
15.917225 -59.610475 8130.641275 9513.618523 0.268280 0.849298 0.454662 -0.710520 -0.144262 0.688731 -0.650528 0.507820 -0.564741
-5.188315 -46.794229 9889.005344 -14488.638439 0.339304 0.854127 0.394132 -0.663204 -0.079928 0.744159 -0.667108 0.513886 -0.539340
-68.811991 -111.047806 -1856.340818 14876.111366 0.615556 0.760736 -0.205843 -0.625687 0.630549 0.459265 -0.479174 0.153910 -0.864120
-56.250517 -97.482789 -4153.606876 760.656712 0.334030 0.940456 0.062979 -0.821098 0.257524 0.509392 -0.462842 0.221864 -0.858227
-50.981378 -91.766001 -1621.610030 4700.038390 0.186760 0.947906 0.258061 -0.848674 0.023356 0.528401 -0.494847 0.317693 -0.808825
89.655762 -56.705883 -128861.497914 14144.116441 0.071817 0.794003 0.603657 -0.089999 -0.597592 0.796733 -0.993349 0.111547 -0.028542
55.061535 -57.397082 -115622.877589 4076.087318 0.124468 0.862353 0.490771 -0.121259 -0.477689 0.870120 -0.984786 0.167812 -0.045112
131.757900 -68.373332 7986.983666 17659.970917 0.649527 0.725959 0.226049 0.755143 -0.650617 -0.080358 0.088735 0.222893 -0.970796
154.653153 -50.777677 7929.486140 10921.653440 0.549866 0.785695 0.283425 0.818441 -0.574569 0.004950 0.166737 0.229245 -0.958982
132.258820 -43.722194 12775.987975 9001.208664 0.528795 0.741484 0.413010 0.823309 -0.566365 -0.037314 0.206247 0.359766 -0.909962
154.379413 -66.569596 -12545.624050 -19675.467461 0.618719 0.779988 0.093835 -0.782333 0.622627 -0.017027 0.071705 0.062875 -0.995442
109.647538 -58.514495 10678.451708 8993.974632 0.625705 0.669797 0.399831 0.770158 -0.611850 -0.180268 0.123894 0.420727 -0.898687
107.175762 -85.624119 23746.017496 -3475.643557 0.741578 0.612477 0.273742 -0.670867 0.676892 0.302910 -0.000231 0.408275 -0.912859
131.007011 -102.475203 -2542.154519 -6944.214801 0.717149 0.696915 -0.002736 -0.677060 0.697637 0.234292 -0.165191 0.166170 -0.972162
136.431533 -91.882237 -11875.805273 -25448.242955 0.672127 0.738144 -0.058220 -0.736279 0.674604 0.052941 -0.078353 -0.007283 -0.996899
-1.809656 -40.611489 11237.190625 -2390.553154 -0.514602 -0.639001 -0.571720 -0.687248 0.706104 -0.170611 0.512714 0.305116 -0.802514
-8.827651 -37.312593 -12589.050482 -1271.424067 0.366488 0.774257 0.515958 -0.752246 0.572919 -0.325409 0.547552 0.268868 -0.792399
7.507918 -29.615798 -11559.737567 -3068.389018 0.420090 0.727010 0.543122 -0.723844 0.629414 -0.282645 0.547334 0.274399 -0.790652
-0.149858 -46.170550 2709.977218 2266.299369 0.288159 0.806415 0.516391 -0.802881 0.497357 -0.328662 0.521869 0.319893 -0.790773
11.625677 -31.650951 7593.723911 -3241.548569 -0.505344 -0.628061 -0.591749 -0.682334 0.710631 -0.171537 0.528250 0.317085 -0.787660
5.150988 -38.846920 7634.535241 -3927.517353 -0.611517 -0.518424 -0.597733 -0.622804 0.781329 -0.040494 0.488019 0.347507 -0.800672
7.483888 -42.589523 1420.203033 79.066536 0.439860 0.690945 0.573688 -0.756726 0.629158 -0.177553 0.483620 0.356026 -0.799598
-4.768955 -41.426595 6633.713511 2548.815272 0.199332 0.973983 -0.107812 -0.802659 0.099167 -0.588136 0.562143 -0.203771 -0.801544
-17.373434 -122.004206 363.255194 17205.238336 0.380556 0.893261 -0.239293 0.808163 -0.447025 -0.383460 0.449500 0.047459 0.892019
-15.608458 -134.937901 -2441.809729 13880.982249 0.376001 0.909065 -0.179511 0.848370 -0.415643 -0.327886 0.372683 0.029006 0.927505
-12.145719 -116.881893 -3123.531777 23825.544143 0.406177 0.895666 -0.181115 0.748083 -0.439746 -0.496987 0.524779 -0.066376 0.848647
-7.963529 -144.760680 -4955.031829 16762.721460 0.377807 0.914960 -0.141809 0.853783 -0.403532 -0.328962 0.358212 -0.003210 0.933635
-2.929053 -116.016276 -1892.394582 -2964.167030 0.152262 0.940778 -0.302908 0.648408 0.136219 0.749007 -0.745911 0.310453 0.589266
-4.415101 -112.540941 -1805.589157 924.598338 0.141325 0.935127 -0.324907 0.529654 0.205852 0.822856 -0.836358 0.288378 0.466202
-0.092733 -120.072884 -1218.825654 2272.814188 0.133711 0.931352 -0.338681 0.537678 0.218901 0.814239 -0.832481 0.290973 0.471498
-8.717273 -113.228875 -1932.897930 3356.533656 0.147515 0.929055 -0.339259 0.384501 0.262163 0.885116 -0.911262 0.261013 0.318549
-3.916609 -119.394359 -1336.104106 6969.330417 0.133582 0.925780 -0.353678 0.402088 0.275554 0.873152 -0.905804 0.258847 0.335436
-52.462764 -87.650981 -8779.274256 -1333.957193 0.954823 0.050522 -0.292848 -0.201125 0.835321 -0.511652 -0.218773 -0.547436 -0.807745
-54.310052 -86.137076 -11064.473476 -2469.785884 0.927946 0.157968 -0.337583 -0.329071 0.772532 -0.543053 -0.175009 -0.615013 -0.768851
-35.664954 -77.166619 -15308.340399 -1841.124695 0.831251 0.248421 -0.497301 -0.501279 0.721672 -0.477398 -0.240293 -0.646124 -0.724419
343.433619 -94.177528 185601.665916 28704.390272 -0.168135 0.849796 0.499577 0.796470 0.415723 -0.439101 0.580832 -0.324070 0.746735
391.467289 -150.698725 224622.018201 48963.793099 -0.089055 0.892966 0.441227 0.847195 0.300857 -0.437887 0.523765 -0.334810 0.783309
28.005153 -100.429611 19930.783519 47936.928280 -0.243987 0.829637 0.502168 0.788713 0.471053 -0.395021 0.564272 -0.299687 0.769276
565.422782 -167.291768 320971.807191 36222.265689 -0.075242 0.846268 0.527417 0.856171 0.325970 -0.400893 0.511185 -0.421395 0.749077
29.705021 -64.139637 22949.751891 26878.914695 -0.262970 0.821891 0.505314 0.755282 0.501260 -0.422242 0.600330 -0.270617 0.752575
537.478259 -125.669090 298333.517286 48131.727645 -0.120798 0.808822 0.575513 0.792215 0.427900 -0.435084 0.598167 -0.403373 0.692450
357.192564 -73.070420 194796.805457 31320.822685 -0.237365 0.802971 0.546713 0.737321 0.515346 -0.436780 0.632468 -0.299426 0.714372
-33.316030 -80.640850 67827.842916 -11646.039668 -0.056527 0.872465 -0.485396 0.535629 -0.383786 -0.752203 0.842559 0.302512 0.445623
98.005093 -69.554448 193776.967766 -831.030811 -0.274707 0.913360 -0.300517 0.595846 -0.083593 -0.798737 0.754655 0.398480 0.521258
-9.978971 -193.405563 913.641953 10981.965211 -0.020144 0.894376 0.446863 0.062225 0.447209 -0.892262 0.997859 -0.009832 0.064661
-10.902978 -175.374291 -1070.926427 -23941.946148 -0.004557 0.901296 0.433180 0.319639 0.411772 -0.853390 0.947528 -0.134572 0.289966
-10.346662 -183.795729 -2746.329858 5034.538199 0.006269 0.885623 0.464362 0.056758 0.463307 -0.884378 0.998368 -0.031900 0.047362
-5.235282 -171.849434 -4295.519542 -3433.656541 0.025657 0.870624 0.491279 0.055766 0.489429 -0.870258 0.998114 -0.049724 0.035994
-3.229034 -179.239479 -2801.225525 7734.269521 0.007388 0.860412 0.509545 -0.146701 0.504978 -0.850574 0.989153 0.068467 -0.129954
-5.966078 -180.623966 -4481.868047 15971.190870 -0.395338 0.587897 0.705752 0.479116 0.787523 -0.387628 -0.783681 0.184893 -0.593008
-3.586875 -190.073296 -3731.936766 4419.342162 -0.383192 0.601012 0.701391 0.600513 0.739070 -0.305219 -0.701817 0.304237 -0.644121
-2.361540 -192.893977 -1753.904282 8176.985536 -0.392029 0.571199 0.721141 0.413339 0.809676 -0.416624 -0.821866 0.134747 -0.553515
-7.047190 -177.817062 -2585.401122 1762.160987 -0.357457 0.605848 0.710755 0.590086 0.736397 -0.330935 -0.723894 0.301112 -0.620733
-6.438762 -182.997872 -3645.563486 5741.665277 -0.397962 0.570660 0.718313 0.304523 0.820762 -0.483338 -0.865386 0.026393 -0.500411
-8.853458 -177.036274 -2427.086551 12549.638612 -0.367156 0.586938 0.721596 0.438327 0.793415 -0.422329 -0.820406 0.161234 -0.548578
-3.658818 -189.100917 -2906.982540 -7108.997033 -0.408107 0.554956 0.724895 0.155814 0.824718 -0.543656 -0.899539 -0.108921 -0.423043
-4.924350 -184.802658 -1934.847969 -18866.793536 -0.402134 0.543917 0.736507 -0.056830 0.788036 -0.613001 -0.913815 -0.288364 -0.285985
-4.421332 -132.736892 17772.465286 -5842.586583 0.283749 0.239122 0.928605 0.892732 0.287619 -0.346851 -0.350024 0.927414 -0.131860
-7.344515 -137.158867 22817.470998 885.150075 0.277476 0.226003 0.933772 0.951577 0.069213 -0.299519 -0.132321 0.971665 -0.195854
-32.411812 -142.304312 10576.148019 -1942.767431 0.205718 0.272332 0.939955 0.963367 0.112517 -0.243441 -0.172057 0.955602 -0.239209
21.699952 -34.673748 -9937.751425 626.579128 0.794917 -0.069876 0.602681 -0.280393 0.838592 0.467058 0.538040 0.540260 -0.647018
18.727345 -30.318082 2361.305793 -225.763432 0.769560 0.012293 0.638456 -0.353635 0.840708 0.410065 0.531714 0.541350 -0.651322
9.246696 -28.240378 -4247.600704 1069.299603 -0.796952 0.062016 -0.600851 -0.251940 0.869936 0.423956 0.548994 0.489251 -0.677672
5.710456 -215.259974 553.608501 11151.548922 -0.366570 0.570595 0.734879 0.605214 0.746147 -0.277453 -0.706641 0.343053 -0.618848
-87.824809 -1141.947432 44243.649587 213926.630650 -0.483125 0.649231 0.587443 0.874954 0.333223 0.351308 0.032330 0.683711 -0.729036
-71.992100 -1251.001189 39212.512657 480841.884026 -0.496251 0.634323 0.592764 0.827476 0.552188 0.101844 -0.262715 0.541038 -0.798911
112.043753 -2483.140583 -167995.959672 3106724.370482 -0.316697 0.680790 0.660476 0.948383 0.215144 0.232986 0.016517 0.700170 -0.713785
-1.319752 -171.430716 7941.486759 -79480.292015 -0.278127 0.836706 0.471772 -0.638644 -0.527945 0.559828 -0.717482 0.145591 -0.681193
-10.864852 -146.122610 11014.939067 -80231.800119 -0.269709 0.852484 0.447803 -0.669333 -0.500292 0.549274 -0.692279 0.151585 -0.705529
-7.740343 -208.598909 10620.207353 -92165.174500 -0.257478 0.853951 0.452186 -0.579678 -0.510911 0.634778 -0.773096 0.098681 -0.626565
-15.429903 -137.370703 3316.894018 -102707.036309 -0.268828 0.864973 0.423736 -0.689128 -0.480082 0.542793 -0.672930 0.146090 -0.725137
-13.228418 -218.890876 6343.794813 -125710.952622 -0.263226 0.858480 0.440140 -0.611596 -0.501329 0.612062 -0.746098 0.108077 -0.657006
0.428057 -56.055768 -5226.130451 631.028935 0.131122 0.934202 -0.331772 -0.799155 -0.098434 -0.593010 0.586649 -0.342894 -0.733666
-2.213251 -53.752489 -4879.743479 -2893.123079 0.131361 0.935122 -0.329076 -0.729679 -0.133499 -0.670632 0.671054 -0.328214 -0.664802
7.446231 -55.554808 -4225.017295 324.551779 0.166991 0.943589 -0.285926 -0.777403 -0.052359 -0.626820 0.606432 -0.326953 -0.724805
10.519444 -52.946973 -4597.911180 3828.713740 0.174590 0.941930 -0.286857 -0.839627 -0.009761 -0.543075 0.514339 -0.335669 -0.789166
15.170713 -53.269290 -2148.704564 3735.460308 0.192942 0.952357 -0.236197 -0.819166 0.023832 -0.573061 0.540129 -0.304052 -0.784737
12.728514 -54.713144 -2380.102141 -388.517024 0.180803 0.953203 -0.242309 -0.754220 -0.023747 -0.656193 0.631239 -0.301396 -0.714631
-9.651625 -40.110212 2646.114903 -2658.861588 0.667765 0.736564 0.107534 -0.699456 0.670311 -0.247880 0.254660 -0.090310 -0.962804
-9.472173 -34.809790 1341.364326 -2404.353345 0.682794 0.720640 0.120296 -0.659658 0.678851 -0.322510 0.314076 -0.140854 -0.938891
-9.807673 -38.846379 -42.176726 -2876.190367 0.663751 0.743535 0.081184 -0.702305 0.656897 -0.274323 0.257298 -0.125066 -0.958205
-11.680799 -44.475104 340.008746 -3310.064538 0.667404 0.741167 0.072410 -0.720982 0.667432 -0.186329 0.186429 -0.072151 -0.979815
-13.108904 -42.673987 -1967.643297 -2948.546409 0.638501 0.768701 0.037609 -0.746875 0.630683 -0.210752 0.185725 -0.106476 -0.976816
-9.968183 -37.778258 -1807.008765 -2241.651429 0.642326 0.764736 0.050962 -0.721359 0.625680 -0.296928 0.258957 -0.153963 -0.953539
23.990591 -57.793277 -3458.691188 43640.599469 0.546420 -0.363063 0.754725 0.611623 0.788600 -0.063456 -0.572138 0.496281 0.652965
34.623460 -17.224440 777.352495 35479.462810 0.563343 -0.342841 0.751735 0.602369 0.793165 -0.089673 -0.565506 0.503338 0.653340
26.321624 -25.171597 2503.911564 27305.898094 0.491290 -0.500493 0.712840 0.674937 0.736066 0.051634 -0.550540 0.455755 0.699424
0.104769 -11.444619 340.706055 -348.915605 0.041532 0.919238 0.391506 -0.754351 0.285790 -0.590998 0.655157 0.270788 -0.705297
0.277638 -11.439445 1007.597231 606.635955 -0.049437 0.947045 0.317274 -0.742751 0.177515 -0.645607 0.667740 0.267572 -0.694643
