12180
24348
-48.765867 -69.434769 562.051443 6509.670500 0.181658 0.982966 -0.027887 0.823382 -0.167549 -0.542190 0.537627 -0.075531 0.839793
-43.992054 -74.011119 -2299.648053 9021.437297 -0.043522 0.980170 0.193322 0.832271 0.142615 -0.535711 0.552658 -0.137581 0.821974
-39.479933 -56.428125 -1808.377506 6636.203600 0.252743 0.965512 -0.062503 0.709072 -0.228793 -0.666986 0.658284 -0.124257 0.742444
-26.971335 -75.338311 -5238.261162 13752.353771 0.043659 0.965696 0.255980 0.772723 0.129765 -0.621337 0.633240 -0.224928 0.740550
-44.626346 -67.569277 -312.688911 6184.936209 0.391054 0.876664 -0.280242 0.715628 -0.481096 -0.506383 0.578751 0.002526 0.815500
-24.331628 -51.032681 -4175.166113 8473.712036 0.241310 0.964547 0.106862 0.665581 -0.084359 -0.741543 0.706238 -0.250067 0.662340
-28.988488 -40.694449 -1640.725456 3231.431474 0.537402 0.774607 -0.333441 0.450393 -0.597899 -0.663071 0.712984 -0.206156 0.670189
-40.550950 -57.183002 333.598380 -4701.162494 0.550261 0.663713 -0.506653 -0.496867 0.747926 0.440147 0.671070 0.009543 0.741332
-35.059881 -47.241664 438.342154 -1843.290285 0.639030 0.483135 -0.598516 -0.292956 0.872347 0.391391 0.711209 -0.074772 0.698993
-54.504869 -80.627592 251.139380 -1624.566938 -0.315083 -0.914268 0.254630 0.944136 -0.329262 -0.013951 0.096595 0.236009 0.966938
-58.949252 -76.623081 -1656.093517 -1701.276674 -0.303102 -0.939745 0.158141 0.951640 -0.289762 0.102076 -0.050102 0.181432 0.982126
-57.939275 -78.938513 1198.576689 -2194.288790 0.170771 0.979806 -0.104007 0.981042 -0.178896 -0.074518 0.091619 0.089310 0.991781
-56.680791 -79.161457 -306.135412 -149.533460 -0.353110 -0.898119 0.262099 0.930951 -0.309454 0.193826 -0.092971 0.312444 0.945376
-62.787529 -90.052659 -356.336935 6758.304623 0.767410 0.034361 0.640235 0.481015 -0.691080 -0.539474 -0.423917 -0.721961 0.546870
-58.119634 -67.483476 2112.855678 12903.179213 0.943091 -0.033378 0.330856 0.257431 -0.556528 -0.789940 -0.210497 -0.830158 0.516264
-60.642864 -87.742915 1088.502951 6489.203070 0.862055 0.055935 0.503719 0.397419 -0.691385 -0.603361 -0.314515 -0.720318 0.618242
-57.728184 -62.143565 5850.244978 9751.392993 -0.341869 -0.265093 -0.901583 0.882212 -0.421070 -0.210716 -0.323770 -0.867425 0.377819
-61.391460 -93.626819 433.786957 -29.399496 0.816065 0.107360 0.567901 0.401868 -0.811594 -0.424048 -0.415380 -0.574272 0.705458
15.122318 -61.280499 -1543.185295 410.398450 0.117421 -0.600812 -0.790720 0.576470 0.689582 -0.438359 0.808638 -0.404353 0.427321
18.567236 -65.477278 -2527.742654 4223.315321 0.157043 -0.515411 -0.842430 0.470439 0.789059 -0.395061 0.868346 -0.334270 0.366385
20.035705 -73.814830 -173.810484 3569.034729 0.060816 -0.579459 -0.812729 0.605128 0.668945 -0.431663 0.793802 -0.465553 0.391329
12.432943 -51.431860 1371.048653 -799.362164 -0.065757 0.720144 0.690701 0.631128 0.566168 -0.530217 0.772886 -0.401056 0.491733
5.229138 -51.896505 -2908.768609 869.589424 0.159705 -0.610176 -0.776003 0.473162 0.737224 -0.482305 0.866379 -0.290149 0.406451
0.746320 -46.540574 -2114.305277 424.840669 0.766617 0.630849 -0.119702 0.638278 -0.728366 0.249169 -0.070001 0.267420 0.961034
1.031682 -44.033338 -142.215145 1475.456075 0.761901 0.632148 -0.141051 0.643947 -0.715925 0.269784 -0.069561 0.296378 0.952534
1.688285 -46.090639 -1490.391256 1383.166074 0.742157 0.658165 -0.126579 0.670023 -0.723927 0.164312 -0.016510 0.206756 0.978253
0.203602 -46.128198 -2754.302325 1438.559984 0.729353 0.673592 -0.119659 0.683938 -0.722128 0.103730 0.016538 0.157495 0.987381
3.250365 -47.428070 279.666778 -344.298679 0.418605 0.811802 -0.407121 -0.624601 0.582780 0.519847 -0.659275 -0.036678 -0.751007
3.737612 -46.966017 1018.930845 -209.850921 0.429614 0.808055 -0.403086 -0.574439 0.588970 0.568449 -0.696744 0.012666 -0.717208
4.426108 -46.965435 358.170259 176.043640 0.435034 0.793402 -0.425744 -0.641157 0.604938 0.472194 -0.632189 -0.067548 -0.771864
2.513596 -66.342953 150.990231 1881.847826 0.398585 0.850100 -0.344180 -0.792936 0.507997 0.336439 -0.460849 -0.138813 -0.876555
0.966903 -61.873657 44.086794 1631.415264 0.413928 0.832457 -0.368345 -0.777342 0.533804 0.332855 -0.473712 -0.148552 -0.868060
3.396936 -67.264557 51.793440 1906.217269 0.463290 0.803130 -0.374625 -0.822331 0.547179 0.156098 -0.330354 -0.235747 -0.913942
4.443766 -71.582885 -546.882655 1972.563813 0.426144 0.828856 -0.362489 -0.833565 0.515456 0.198682 -0.351526 -0.217492 -0.910564
4.207751 -73.456119 -1296.251285 2734.099890 0.374271 0.858422 -0.350759 -0.803439 0.489053 0.339578 -0.463041 -0.154719 -0.872728
-13.215977 -94.305902 -366.919441 3905.757336 0.230780 0.970046 0.075833 0.972897 -0.231220 -0.003042 0.014583 0.074479 -0.997116
-10.607047 -94.826250 -1943.288239 -2604.412724 0.245756 0.968974 0.026332 -0.964767 0.247141 -0.090249 0.093957 0.003225 -0.995571
-10.199479 -101.202461 -1476.614884 -5149.102727 0.203994 0.978428 0.032641 -0.970186 0.197594 0.140340 -0.130863 0.060296 -0.989565
-14.553916 -91.529812 462.081655 3479.741973 0.215497 0.968524 0.124591 0.975390 -0.207399 -0.074834 -0.046639 0.137651 -0.989382
-14.533301 -89.059301 -124.227814 -3.602740 0.231967 0.966525 0.109639 -0.961078 0.245118 -0.127460 0.150067 0.075805 -0.985765
-12.985543 -99.835604 -103.188175 -4955.295628 0.196401 0.975668 0.097461 -0.955273 0.167983 0.243382 -0.221089 0.140903 -0.965021
-9.132018 -99.301670 1279.187928 3639.302522 0.009580 0.940097 0.340773 -0.477696 0.303690 -0.824366 0.878473 0.154889 -0.451989
-3.139751 -103.841194 2012.095491 3506.899092 -0.022191 0.944486 0.327802 -0.343191 0.300762 -0.889810 0.939003 0.132244 -0.317465
-8.772853 -105.399290 1388.594712 2846.521440 -0.003213 0.947722 0.319082 -0.230412 0.309796 -0.922462 0.973088 0.076484 -0.217371
-2.372178 -95.149706 2056.147437 2653.186447 -0.015545 0.939669 0.341732 -0.526028 0.282968 -0.802012 0.850325 0.192228 -0.489893
-13.415618 -95.408581 1310.700219 3292.538092 0.048864 0.940288 0.336853 -0.547736 0.307247 -0.778193 0.835223 0.146481 -0.530043
-10.849442 -90.217307 890.529157 4186.838638 0.037414 0.939633 0.340133 -0.662494 0.278144 -0.695513 0.748133 0.199314 -0.632907
-6.232135 -90.708365 770.456188 3709.193161 0.013465 0.941234 0.337487 -0.661704 0.261429 -0.702711 0.749645 0.213854 -0.626338
37.206901 -37.294036 4720.808893 -6995.830899 -0.374576 -0.679984 -0.630329 0.911484 -0.145427 -0.384770 0.169970 -0.718660 0.674268
40.295058 -43.357306 4685.605238 -6011.143437 -0.297526 -0.722622 -0.623936 0.914760 -0.028690 -0.402978 0.273300 -0.690648 0.669562
31.453636 -63.576057 5160.574217 -11053.592104 -0.251326 -0.654026 -0.713502 0.933669 0.030500 -0.356836 0.255142 -0.755857 0.602978
-2.034390 -156.798889 -1316.359183 -10173.132435 -0.278697 0.034408 -0.959763 0.960115 0.033412 -0.277601 0.022516 -0.998849 -0.042348
-2.019009 -141.317479 -895.211376 -12890.080094 -0.297953 0.048138 -0.953366 0.907094 -0.296802 -0.298478 -0.297329 -0.953725 0.044768
-4.179876 -147.714659 -981.520580 -12176.536135 -0.286501 0.044253 -0.957058 0.941890 -0.169857 -0.289814 -0.175388 -0.984475 0.006983
-5.435867 -93.285395 681.565197 6646.204843 -0.187452 -0.944362 -0.270262 0.946131 -0.099637 -0.308072 0.264004 -0.313452 0.912168
-7.545306 -83.408589 -389.538049 1551.702152 0.196131 0.946022 0.258023 0.881292 -0.054685 -0.469398 0.429951 -0.319457 0.844446
-7.818673 -83.863880 -385.033351 3872.892781 0.165144 0.950587 0.262893 0.920743 -0.053057 -0.386545 0.353496 -0.305892 0.884008
164.908391 -16.598234 -51616.944832 5696.097774 0.612677 0.007727 0.790296 0.544318 0.720868 -0.429031 0.573014 -0.693029 -0.437453
142.547864 -29.627060 57313.796465 196.210620 -0.602044 0.302875 -0.738789 0.680901 0.678006 -0.276914 0.417033 -0.669757 -0.614418
297.244261 -14.754629 79840.923940 2874.797063 -0.611223 -0.047950 -0.790004 0.622311 0.587614 -0.517145 0.489015 -0.807719 -0.329324
192.417286 7.298266 19524.889535 -1963.623704 -0.386962 -0.449409 -0.805165 0.623323 0.515978 -0.587566 0.679506 -0.729245 0.080463
1844.477545 -29.584633 -521793.805724 -4805.008118 0.612327 0.326960 0.719829 0.562390 0.459792 -0.687247 0.555674 -0.825644 -0.097664
385.986009 8.272724 66034.931152 -2679.175174 -0.423669 -0.469103 -0.774885 0.665664 0.418932 -0.617566 0.614326 -0.777457 0.134777
1.465990 -168.033798 543.247006 5527.316115 0.401289 -0.188182 0.896412 0.915390 0.048139 -0.399679 0.032060 0.980954 0.191578
1.173923 -158.451230 969.774775 4109.002021 0.390449 -0.208705 0.896656 0.920398 0.110095 -0.375162 -0.020420 0.971762 0.235078
-1.176715 -161.500354 631.025604 1849.781223 0.414759 -0.203530 0.886877 0.871094 0.370524 -0.322346 -0.263002 0.906249 0.330972
-13.213890 -39.633341 227.031005 -2279.006320 -0.553158 0.779587 0.293701 0.255373 -0.176898 0.950522 -0.792969 -0.600792 0.101233
-16.354574 -44.321460 1830.517722 -2884.685618 -0.551530 0.754500 0.355730 0.330133 -0.194200 0.923741 -0.766046 -0.626910 0.141978
-12.357076 -44.390277 1431.745919 -2053.111145 -0.524064 0.792724 0.311361 0.363607 -0.122342 0.923484 -0.770160 -0.597178 0.224125
-14.778967 -40.525765 -1929.367565 -1436.578336 -0.516624 0.782848 0.346770 0.325645 -0.194916 0.925183 -0.791868 -0.590895 0.154232
2.227885 -476.914743 -291.379920 -10600.784586 -0.324279 -0.185561 -0.927583 0.877478 0.307300 -0.368237 0.353377 -0.933345 0.063175
-3.609739 -1049.300015 -3037.401458 354400.693662 -0.339808 -0.227003 -0.912688 0.565549 0.726057 -0.391147 0.751455 -0.649085 -0.118338
2.100618 -623.906580 -4557.961285 91817.315406 -0.312793 -0.203325 -0.927804 0.716473 0.590775 -0.371012 0.623560 -0.780797 -0.039113
-36.552375 -27094.031423 2532.311013 2983905.432249 0.243161 0.069347 -0.967504 -0.341854 0.939569 -0.018573 0.907749 0.335261 0.252173
-353.505863 -9219.251060 -82049.754192 7678868.543357 -0.296445 -0.243447 0.923501 0.901388 -0.390884 0.186304 0.315626 0.887662 0.335316
781.412809 -9368.237750 -413030.312567 -1924478.718183 0.520966 -0.316717 -0.792644 0.434583 0.897664 -0.073050 0.734664 -0.306413 0.605293
-981.561618 -6455.958164 257287.634885 -2307308.580427 0.210461 -0.017954 -0.977437 0.905322 0.380882 0.187937 0.368914 -0.924449 0.096415
-613.811110 -8976.425958 130340.050919 174015.131219 0.281868 0.045425 -0.958377 0.893499 0.351524 0.279448 0.349586 -0.935076 0.058496
-10.543771 -37.182778 2895.643463 1243.391188 -0.648118 0.751472 -0.123421 0.268220 0.073572 -0.960544 0.712742 0.655650 0.249243
-8.460457 -33.195122 2133.058461 1558.725538 -0.655363 0.752264 -0.067806 0.158648 0.049328 -0.986102 0.738465 0.657013 0.151673
-3.629819 -37.183855 2406.837983 1195.304395 -0.647767 0.747426 -0.147489 0.262455 0.037190 -0.964227 0.715203 0.663304 0.220256
-5.875967 -40.375613 3724.162935 1435.785892 -0.640619 0.744067 -0.189660 0.357151 0.070083 -0.931414 0.679742 0.664419 0.310641
3.123123 -40.943952 2828.859974 1374.457987 -0.639044 0.749979 -0.170743 0.336155 0.072656 -0.939000 0.691825 0.657459 0.298540
4.020199 -37.315900 2298.012463 1644.935831 -0.649432 0.749796 -0.126665 0.235693 0.040112 -0.970999 0.722971 0.660452 0.202772
40.414912 -38.346085 7939.916008 231.343502 0.035729 0.968959 0.244627 0.553453 -0.223003 0.802471 -0.832114 -0.106718 0.544241
34.713228 -29.035984 10296.312099 -4047.845988 0.015192 0.998837 0.045756 0.545827 -0.046626 0.836600 -0.837760 -0.012265 0.545901
47.585023 -46.222502 5517.382991 -3251.173372 -0.103787 0.975634 0.193303 0.588192 -0.096517 0.802942 -0.802034 -0.197034 0.563843
50.813422 -56.918257 -85.888034 1471.771132 -0.155775 0.897246 0.413140 0.573200 -0.258518 0.777567 -0.804473 -0.357937 0.474031
91.818392 -52.166044 35725.572287 -2821.845327 0.577987 0.634226 -0.513505 0.547942 0.164682 0.820146 -0.604723 0.755405 0.252335
51.426472 -47.767186 23710.059734 -4486.433458 0.618829 0.625858 -0.474713 0.418277 0.248990 0.873526 -0.664902 0.739125 0.107699
7.779123 -56.724133 4696.854621 -1023.286653 0.634802 0.717643 -0.286385 0.425320 -0.015105 0.904917 -0.645081 0.696248 0.314816
74.940713 -57.670490 -30044.183670 -1876.869051 -0.575935 -0.668490 0.470553 0.600367 0.044802 0.798469 -0.554850 0.742371 0.375536
670.834024 -54.299937 -222777.087890 -896.119339 -0.470798 -0.605494 0.641659 0.618739 0.291844 0.729376 -0.628897 0.740408 0.237243
9.769210 -63.394062 2957.042532 -396.179491 0.618794 0.739716 -0.264415 0.500523 -0.111838 0.858469 -0.605451 0.663561 0.439449
-629.764609 -1952.596336 -1023042.137930 -1767338.113739 0.670724 0.557827 -0.488833 -0.180370 0.761952 0.622010 0.719441 -0.329026 0.611675
-1125.205073 -6116.335749 405663.610427 2474949.181714 0.456171 0.432323 -0.777820 -0.132042 0.897269 0.421275 0.880041 -0.089468 0.466393
-101.759917 -1078.486986 -32321.824603 256446.920057 -0.587820 -0.234232 0.774340 0.616443 -0.749538 0.241227 0.523895 0.619135 0.584984
29.975563 -386.306695 -4452.527584 95311.390654 -0.195191 -0.358467 0.912908 0.965065 -0.236085 0.113641 0.174787 0.903197 0.392026
18.967288 -250.004032 -6890.444071 64534.387008 -0.195864 -0.319638 0.927075 0.826228 -0.562997 -0.019553 0.528190 0.762146 0.374365
259.138222 -4431.751946 -6363.580466 1567835.950680 -0.342450 -0.271320 0.899507 0.814425 -0.563073 0.140217 0.468444 0.780599 0.413794
40.241384 -336.340086 -10062.381451 70050.909579 -0.200971 -0.360229 0.910959 0.970223 -0.201538 0.134350 0.135196 0.910833 0.390006
67.421192 -525.403197 -17511.843294 117913.863633 -0.255754 -0.390631 0.884306 0.961813 -0.195065 0.192002 0.097495 0.899643 0.425603
25.387809 -66.952352 1584.532805 -14519.651923 0.093806 0.995580 0.004596 0.752917 -0.073961 0.653946 -0.651395 0.057884 0.756527
20.244266 -58.515524 -20978.937715 8796.468813 0.019327 0.953285 0.301454 0.786137 -0.200782 0.584530 -0.617750 -0.225687 0.753293
18.991163 -46.598772 196.971640 17454.935814 0.132318 0.987820 0.081873 0.802104 -0.155236 0.576655 -0.582341 0.010631 0.812875
25.504598 -39.459569 15501.810045 3377.672611 0.128154 0.978763 -0.160000 0.804327 -0.008191 0.594131 -0.580202 0.204833 0.788295
0.085859 -41.531345 14946.816272 22499.207614 0.179670 0.980634 -0.077945 0.774359 -0.092119 0.626006 -0.606702 0.172832 0.775913
14.938408 -16.762827 807.080576 317.896949 -0.346488 0.892265 0.289499 -0.278056 -0.392439 0.876742 -0.895897 -0.223284 -0.384075
14.050473 -15.048499 -1096.331773 671.107778 -0.391204 0.883888 0.256323 -0.286336 -0.381595 0.878861 -0.874627 -0.270419 -0.402370
14.636432 -18.677242 -504.940386 1831.617591 -0.362756 0.894115 0.262614 -0.314349 -0.382700 0.868749 -0.877264 -0.232592 -0.419891
14.076130 -16.370210 -991.093809 -1349.153241 -0.398034 0.867507 0.298331 -0.243854 -0.413556 0.877215 -0.884367 -0.276412 -0.376155
12.971091 -18.559726 1928.480283 -778.116350 -0.310872 0.891194 0.330351 -0.251602 -0.412336 0.875600 -0.916545 -0.189083 -0.352410
14.727927 -19.023049 738.458322 -1301.739300 -0.354219 0.877375 0.323639 -0.224340 -0.415696 0.881401 -0.907855 -0.239604 -0.344078
-1.882216 -36.535209 -561.387678 691.069325 -0.346505 0.912869 0.215880 0.937104 0.326544 0.123308 0.042070 0.245029 -0.968603
-2.489550 -37.962643 76.009664 887.260755 -0.342972 0.913562 0.218574 0.938475 0.343265 0.037869 -0.040433 0.218114 -0.975085
-3.389056 -37.770489 -1173.608785 1082.494830 -0.342557 0.914961 0.213308 0.939356 0.337489 0.060915 -0.016255 0.221239 -0.975084
-2.133820 -36.341009 850.430058 465.017389 -0.353825 0.906622 0.229879 0.934387 0.331704 0.129977 0.041589 0.260785 -0.964501
-2.920651 -36.206779 -1584.476379 661.819183 -0.345755 0.913899 0.212703 0.935641 0.318659 0.151764 0.070917 0.251487 -0.965259
-2.443788 -34.234885 -386.806183 471.294312 -0.354681 0.908900 0.219323 0.925111 0.307138 0.223241 0.135541 0.282078 -0.949769
-4.233669 -41.504952 -188.476566 -2280.694194 -0.393350 0.882364 -0.258284 0.915744 0.351024 -0.195435 -0.081781 -0.313396 -0.946095
-3.764609 -43.846089 -134.391979 -2196.868943 -0.412867 0.873637 -0.257485 0.909282 0.379097 -0.171733 -0.052421 -0.305030 -0.950899
-5.535223 -37.075229 -15.198884 -983.748148 -0.405562 0.879658 -0.248437 0.895647 0.328140 -0.300234 -0.182581 -0.344275 -0.920944
-5.249816 -34.588044 -146.550752 -1398.774969 -0.411359 0.874559 -0.256769 0.878476 0.305297 -0.367524 -0.243031 -0.376749 -0.893866
-6.528065 -37.142485 -405.412179 376.745032 -0.425088 0.870175 -0.249190 0.860819 0.303543 -0.408476 -0.279805 -0.388146 -0.878095
0.113821 -64.736613 408.967653 5632.107109 0.666216 -0.737810 0.108594 0.641955 0.493263 -0.587014 -0.379539 -0.460791 -0.802260
-0.346522 -54.185381 -412.227627 5517.183324 -0.634573 0.761681 -0.130994 0.712306 0.510623 -0.481543 -0.299894 -0.398882 -0.866578
0.636950 -51.981840 -118.657618 4390.766561 -0.627851 0.767206 -0.131144 0.728823 0.520371 -0.445007 -0.273168 -0.374979 -0.885873
1.424158 -47.312836 -65.510331 2351.777461 -0.602506 0.786279 -0.136939 0.766976 0.522954 -0.371841 -0.220758 -0.329065 -0.918140
0.484658 -56.613246 205.400123 5152.838854 -0.642253 0.758238 -0.112190 0.703608 0.525150 -0.478700 -0.304051 -0.386384 -0.870781
16.980604 -125.315822 -636.092874 5562.148667 -0.612874 0.772047 0.168312 0.703584 0.630136 -0.328479 0.359661 0.082895 0.929394
18.045184 -126.186455 -941.182614 8050.810204 -0.590337 0.785356 0.186328 0.643193 0.597179 -0.479250 0.487653 0.163074 0.857672
11.075063 -125.526968 -1719.406864 -1936.142125 -0.579694 0.791131 0.195108 0.776093 0.609025 -0.163613 0.248265 -0.056576 0.967038
13.657613 -122.590173 -804.401874 -2931.719713 -0.615619 0.771342 0.161384 0.775148 0.629608 -0.052339 0.141980 -0.092876 0.985503
5.444510 -117.492314 2110.881829 -12583.423874 0.567113 -0.795078 -0.215018 0.823530 0.551633 0.132286 0.013434 -0.252095 0.967609
10.902417 -118.468827 714.947158 -12044.166198 0.590344 -0.786441 -0.181673 0.806963 0.570191 0.153926 -0.017465 -0.237473 0.971237
-0.485762 -116.911964 -3021.458401 -4775.291458 -0.544548 0.805654 0.233217 0.818919 0.570795 -0.059699 0.181216 -0.158477 0.970591
-3.031499 -183.595740 424.797736 -10336.421287 -0.476985 0.864274 -0.159736 -0.788689 -0.340685 0.511764 -0.387885 -0.370086 -0.844146
-2.905223 -171.506542 448.104154 13619.011431 -0.466662 0.870447 -0.156678 0.849282 0.391577 -0.354102 -0.246875 -0.298310 -0.921989
-3.168017 -164.622336 43.221091 13267.834920 -0.449003 0.874292 -0.184417 0.882990 0.402546 -0.241425 -0.136839 -0.271239 -0.952735
-1.490451 -194.620350 -642.324136 -7513.406046 -0.474893 0.860645 -0.183757 -0.786157 -0.321035 0.528104 -0.395518 -0.395255 -0.829059
-1.304577 -199.572916 -1082.779333 25646.651264 -0.456914 0.865805 -0.203986 0.882608 0.412773 -0.224991 -0.110598 -0.282841 -0.952769
14.559896 -16.371402 -4905.368813 -2585.477901 -0.300369 0.210271 -0.930357 -0.527714 0.775879 0.345732 0.794542 0.594810 -0.122087
13.938884 -9.767486 -5635.399427 -2437.150107 -0.291374 0.220893 -0.930756 -0.498705 0.795220 0.344847 0.816330 0.564652 -0.121546
1.063090 -16.355365 -4525.317759 -3109.538325 -0.186490 0.076438 -0.979479 -0.568237 0.804900 0.171004 0.801454 0.588467 -0.106671
24.251094 -10.272015 -3697.428552 -1724.704276 -0.395451 0.241022 -0.886300 -0.481308 0.767479 0.423461 0.782279 0.594041 -0.187494
11.808814 -30.687871 6350.340171 -2849.982611 -0.244511 0.966023 0.083751 -0.264496 -0.149544 0.952722 -0.932875 -0.210800 -0.292075
43.197080 -33.868299 13829.048462 -1542.734773 -0.253164 0.951016 0.177415 -0.168301 -0.223889 0.959973 -0.952672 -0.213171 -0.216737
38.206045 -30.745989 12407.751146 -2100.306883 -0.287052 0.935187 0.207429 -0.236247 -0.278968 0.930787 -0.928326 -0.218179 -0.301013
4.781607 -253.122039 -2470.671514 11217.915002 0.731781 -0.651721 0.199390 -0.679183 -0.673035 0.292804 0.056630 0.349691 0.935152
9.438436 -282.812370 438.391109 -27995.318347 0.703933 -0.689922 0.168781 0.710260 0.682759 -0.171376 0.002999 0.240516 0.970641
3.954079 -208.850680 -1415.616098 -12691.886543 0.690574 -0.694694 0.201265 0.684188 0.717690 0.129643 -0.234509 0.048175 0.970920
6.051388 -300.927576 -948.607450 19638.773684 0.740493 -0.650900 0.167330 -0.616477 -0.558707 0.554800 0.267631 0.513980 0.814983
20.953609 -74.892101 935.101188 -858.057967 0.873587 -0.447251 0.191867 -0.030729 0.342766 0.938918 0.485698 0.826122 -0.285692
21.013473 -84.884270 3361.143246 -4027.259987 0.841975 -0.479072 0.248129 -0.158896 0.219318 0.962627 0.515587 0.849935 -0.108538
19.401679 -71.754624 -2853.977557 -3166.478835 0.907994 -0.345238 0.237397 -0.144974 0.272722 0.951107 0.393102 0.898016 -0.197580
18.063957 -66.876368 -4501.830349 475.253392 0.918350 -0.352452 0.180032 -0.042950 0.363452 0.930622 0.393433 0.862369 -0.318639
12.179197 -553.337591 18663.189203 144832.792727 0.818632 -0.483951 -0.309246 -0.510967 -0.367892 -0.776897 -0.262211 -0.794007 0.548451
21.590971 -628.587595 7609.239230 189710.974800 0.871302 -0.486057 -0.067683 -0.184732 -0.197077 -0.962826 -0.454650 -0.851416 0.261504
46.254371 -2038.635982 14524.467521 780425.317029 0.872950 -0.478150 -0.096602 -0.415888 -0.626007 -0.659661 -0.254943 -0.616026 0.745329
-0.335238 -494.938415 10685.967244 143803.811735 0.784521 -0.525555 -0.329119 -0.304566 0.135751 -0.942768 -0.540154 -0.839859 0.053567
10.126319 -1122.267795 5212.551233 -192879.157503 0.743898 -0.620744 -0.247573 -0.667271 -0.710394 -0.223808 0.036947 -0.331688 0.942665
-78.612233 -3017.233668 3233.821393 727753.546108 0.616996 -0.664424 -0.421731 0.786492 0.539221 0.301117 0.027337 -0.517475 0.855261
-24.609465 -579.606418 10005.430055 168926.415389 0.773123 -0.547508 -0.320181 -0.451301 -0.120169 -0.884244 -0.445654 -0.828127 0.339997
-12.461338 -41.609907 -1444.117653 -91.473793 -0.050413 0.993365 0.103366 -0.862251 0.008935 -0.506402 0.503966 0.114657 -0.856080
-11.446567 -44.381769 -1516.075926 -518.608173 -0.129379 0.991313 0.023637 -0.862366 -0.100719 -0.496166 0.489475 0.084577 -0.867906
-13.533669 -40.176733 -1176.698049 -1283.927242 -0.172221 0.984476 0.033853 -0.887630 -0.140194 -0.438702 0.427145 0.105603 -0.897995
-15.546832 -38.216769 -524.588835 -39.481989 -0.084816 0.987831 0.130367 -0.901997 -0.020532 -0.431254 0.423329 0.154168 -0.892762
-15.335188 -38.477634 -102.170879 411.575740 -0.184679 0.980330 0.069619 -0.930805 -0.151734 -0.332534 0.315429 0.126213 -0.940518
6.599004 -185.297094 -127.203088 -20718.794567 -0.448283 0.886217 0.116889 0.857775 0.389682 0.335215 -0.251524 -0.250535 0.934862
4.721962 -231.704089 1812.764850 -37226.914201 0.418530 -0.901407 -0.110894 0.908074 0.413283 0.067816 -0.015300 -0.129083 0.991516
3.368695 -216.196081 110.957481 -28695.131331 0.420639 -0.900012 -0.114200 0.906666 0.421467 0.017979 0.031951 -0.111104 0.993295
0.581404 -230.720300 627.626688 -14036.714155 -0.410807 0.908491 0.076688 0.832424 0.408058 -0.374911 0.371897 0.090179 0.923883
-52.108304 -78.784681 -238.316242 3697.517925 -0.065024 0.988926 0.133410 0.922627 0.110514 -0.369521 0.380172 -0.099060 0.919596
-30.405098 -85.624204 -5539.296732 9433.180960 -0.023260 0.964303 0.263777 0.882607 0.143727 -0.447603 0.469537 -0.222400 0.854443
-57.399573 -74.988377 359.129222 -964.023162 0.265875 0.963669 -0.025532 0.957401 -0.260865 0.123823 -0.112664 0.057366 0.991976
-61.651807 -75.010423 1635.656642 746.975077 0.363195 0.926598 -0.097500 0.907756 -0.328335 0.261105 -0.209926 0.183338 0.960374
16.613117 -69.691534 -809.869975 6685.378576 0.469927 0.571711 0.672544 -0.511113 0.797426 -0.320741 -0.719675 -0.193021 0.666941
18.882274 -68.245937 2071.884469 6138.803436 0.504708 0.631670 0.588441 -0.573407 0.754836 -0.318477 -0.645349 -0.176678 0.743176
21.610322 -83.388976 438.797616 7651.920359 0.455333 0.624339 0.634723 -0.654262 0.718154 -0.237056 -0.603832 -0.307335 0.735481
13.508227 -50.340738 1726.671608 4196.279730 0.535294 0.569643 0.623672 -0.422108 0.819962 -0.386636 -0.731632 -0.056293 0.679371
18.671832 -86.205966 -3349.937191 8563.247808 0.415468 0.558095 0.718273 -0.600554 0.761377 -0.244210 -0.683169 -0.329900 0.651495
11.768585 -54.277258 -1052.930490 3810.321315 0.492795 0.509160 0.705627 -0.361906 0.857394 -0.365923 -0.791314 -0.075046 0.606787
11.598644 -71.540505 -4219.939044 7040.647649 0.432498 0.512650 0.741711 -0.451257 0.835260 -0.314177 -0.780585 -0.198822 0.592585
0.525670 -41.467770 564.843846 -2472.183018 0.778062 0.609125 -0.153576 0.611862 -0.679473 0.404897 -0.142282 0.409002 0.901373
1.594459 -49.689018 503.936563 -443.122674 0.402592 0.833049 -0.379406 -0.635419 0.552679 0.539249 -0.658910 -0.023985 -0.751839
-0.381759 -51.880303 520.136907 -215.374564 0.380837 0.855425 -0.351015 -0.626077 0.517922 0.582910 -0.680434 0.002231 -0.732806
-0.859244 -51.405041 426.017984 -535.982863 0.375773 0.857738 -0.350829 -0.532444 0.509682 0.675816 -0.758484 0.067157 -0.648222
3.004488 -61.318509 -102.046716 1526.581028 0.465283 0.789280 -0.400686 -0.804048 0.566163 0.181565 -0.370159 -0.237692 -0.898045
-7.461310 -98.253692 -1656.446394 -2900.330593 0.230756 0.972973 0.008651 -0.970299 0.230767 -0.072571 0.072606 -0.008352 -0.997326
-2.410192 -110.288251 2230.457715 4097.594525 -0.027078 0.953109 0.301414 -0.103774 0.297215 -0.949155 0.994232 0.056980 -0.090860
7.217959 -112.899769 4238.045341 5197.372415 -0.044017 0.953691 0.297549 -0.269079 0.275513 -0.922870 0.962112 0.120686 -0.244491
34.664001 -49.582869 -3478.035484 -10247.991002 -0.390460 -0.599815 -0.698400 0.919768 -0.221526 -0.323966 0.039605 -0.768862 0.638187
33.140082 -38.007136 3213.286760 -6477.890041 -0.425578 -0.613473 -0.665233 0.901001 -0.218902 -0.374539 0.084149 -0.758771 0.645899
30.469873 -66.794386 -2775.409053 -15168.002986 -0.311076 -0.602556 -0.734954 0.942228 -0.094433 -0.321385 0.124248 -0.792470 0.597121
0.219478 -144.693407 -2137.341981 -4726.673928 -0.294829 0.017280 -0.955394 0.945514 -0.139251 -0.294299 -0.138125 -0.990106 0.024716
-1.069284 -134.681903 -2109.859660 -5546.687280 -0.313546 0.040883 -0.948692 0.845394 -0.442955 -0.298495 -0.432431 -0.895611 0.104325
-2.074440 -122.005461 -935.380548 -6801.649308 -0.309411 0.069112 -0.948414 0.799886 -0.520436 -0.298880 -0.514245 -0.851099 0.105746
-5.566429 -87.121914 -832.049748 1974.411119 0.222044 0.936997 0.269691 0.890233 -0.081999 -0.448063 0.397719 -0.339578 0.852353
59.722143 -43.577563 35199.511569 -1505.460286 -0.468545 0.423569 -0.775277 0.717125 0.694868 -0.053762 0.515944 -0.581160 -0.629329
-721.803100 -7131.622470 -206421.371322 -1821132.722927 0.014919 -0.126958 0.991796 0.400386 0.909669 0.110422 -0.916225 0.395453 0.064404
-965.255134 -3643.099085 -415434.800142 1051544.935622 -0.414914 -0.800844 0.431851 0.909595 -0.353618 0.218156 -0.021999 0.483325 0.875165
-13.858039 -35.349191 1618.896896 1054.565765 -0.647608 0.761973 0.000784 0.168063 0.143841 -0.975225 0.743208 0.631432 0.221212
-12.268334 -32.350958 1070.265385 1461.619765 -0.643502 0.760274 0.088815 0.055014 0.161668 -0.985311 0.763465 0.629163 0.145860
-8.233767 -28.385237 1415.463632 2096.275700 -0.649428 0.760220 0.017569 0.039171 0.056518 -0.997633 0.759414 0.647202 0.066483
-4.706966 -28.477641 1395.275853 2052.716890 -0.652642 0.754639 -0.067658 0.093101 -0.008747 -0.995618 0.751924 0.656082 0.064549
17.019529 -50.670042 -4610.948736 2269.423807 0.339480 -0.375204 0.862540 -0.042265 0.909987 0.412478 -0.939663 -0.176483 0.293064
19.406343 -43.112828 -2507.497990 2739.290846 0.396785 -0.377748 0.836581 0.056368 0.919703 0.388546 -0.916179 -0.107013 0.386217
24.265688 -48.470763 -1540.266158 1441.976335 0.434822 -0.329861 0.837927 -0.084393 0.911474 0.402608 -0.896553 -0.245778 0.368491
-5.810862 -63.371843 -1158.931329 2000.386224 0.437359 0.887683 -0.144002 0.817359 -0.325608 0.475293 -0.375021 0.325575 0.867963
-3.050096 -63.134146 -727.737760 1597.630155 0.433930 0.891251 -0.131824 0.831980 -0.340256 0.438219 -0.345709 0.299831 0.889150
-4.685058 -57.543504 1101.193326 1684.509720 -0.462482 -0.877714 0.125413 0.855146 -0.404215 0.324555 -0.234173 0.257347 0.937516
867.945946 -40.499141 273855.824367 -1222.323221 0.590662 0.537124 -0.602176 0.455385 0.394182 0.798277 -0.666141 0.745733 0.011770
49.069271 -44.196276 21642.997430 -3576.174674 0.637373 0.609559 -0.471374 0.360326 0.304955 0.881571 -0.681117 0.731738 0.025270
-4.447002 -54.119495 2502.412120 -4161.878868 0.667118 0.709011 -0.228599 0.277757 0.048001 0.959451 -0.691234 0.703562 0.164911
-91.039669 -695.657177 26683.491578 177695.936540 0.321047 -0.098026 -0.941977 0.682983 -0.665085 0.301987 -0.656097 -0.740306 -0.146574
-419.184912 -970.909011 106657.756634 150035.967743 0.452097 -0.367841 -0.812590 0.671393 -0.459428 0.581513 -0.587231 -0.808467 0.039260
-1953.222862 -6763.415918 183869.523075 -2233177.086925 -0.082379 0.960094 0.267272 0.048907 -0.263965 0.963291 -0.995400 -0.092426 0.025210
-314.455007 -1065.322487 115490.409009 -499297.210470 0.720737 0.076397 -0.688986 -0.632947 -0.332797 -0.699017 0.282695 -0.939899 0.191504
-519.050825 -29017.751016 -23173.857536 9953654.892679 -0.108858 -0.054817 0.992545 0.141261 0.987492 0.070031 -0.983969 0.147831 -0.099752
-160.257247 -1864.490355 -40381.182255 -624677.333898 -0.158535 -0.239968 0.957748 -0.464808 0.873945 0.142031 -0.871103 -0.422652 -0.250090
31.830107 -14497.822638 65839.779527 4889165.835148 0.051836 -0.184750 -0.981418 0.984850 -0.153385 0.080891 -0.165479 -0.970742 0.174000
-100.771267 -666.268186 26576.762504 191020.732984 0.267717 0.029248 -0.963054 0.846080 -0.485331 0.220460 -0.460952 -0.873841 -0.154678
32.134029 -88.214829 -22091.708226 -19865.764535 0.032659 0.964114 0.263471 0.718658 -0.205854 0.664195 -0.694597 -0.167654 0.699591
-1.172035 -70.866992 -29075.936359 4610.495683 0.064874 0.902381 0.426028 0.773305 -0.315296 0.550080 -0.630707 -0.293764 0.718270
15.254309 -20.331366 999.650338 1476.658664 -0.325867 0.893627 0.308613 -0.334206 -0.414239 0.846589 -0.884374 -0.172735 -0.433642
15.276334 -24.937565 -846.793720 2210.135043 -0.373483 0.885885 0.275170 -0.375740 -0.415682 0.828268 -0.848133 -0.205952 -0.488112
16.034366 -24.355762 758.197606 1666.761600 -0.336434 0.877220 0.342488 -0.384173 -0.459899 0.800565 -0.859781 -0.137763 -0.491730
13.091177 -20.366598 1600.883575 966.184687 -0.309700 0.875477 0.370979 -0.339564 -0.466269 0.816878 -0.888134 -0.127016 -0.441684
11.629354 -18.361307 1997.927239 316.916720 -0.300334 0.884702 0.356513 -0.293321 -0.441321 0.848056 -0.907614 -0.150127 -0.392045
-3.475510 -37.650746 1282.617899 394.144489 -0.351724 0.908442 0.225882 0.935316 0.350939 0.045001 -0.038390 0.227099 -0.973115
-3.296263 -39.603079 519.419641 785.991455 -0.342181 0.913754 0.219010 0.930352 0.362150 -0.057381 -0.131746 0.184121 -0.974034
-1.196624 -51.733509 -494.296354 -3590.359448 -0.421873 0.865995 -0.268470 0.905237 0.418875 -0.071338 0.050677 -0.273125 -0.960643
-1.567758 -45.372505 -586.124905 -2641.631491 -0.434633 0.859623 -0.268592 0.900215 0.405866 -0.157754 -0.026597 -0.310356 -0.950248
-3.459490 -49.486302 -454.704691 -3764.534752 -0.391621 0.880542 -0.266982 0.919961 0.380217 -0.095434 0.017478 -0.282986 -0.958965
-2.852928 -52.365453 -434.453949 -3341.015907 -0.403443 0.875722 -0.265224 0.912911 0.404836 -0.051970 0.061861 -0.263093 -0.962785
-1.333210 -64.017078 -40.807101 5685.121229 0.656663 -0.748032 0.096136 0.633304 0.477696 -0.608878 -0.409537 -0.460711 -0.787417
-1.340098 -58.677828 -566.881460 5515.207848 -0.640504 0.758017 -0.123149 0.679831 0.485081 -0.550023 -0.357189 -0.436012 -0.826020
-0.302656 -47.510975 -206.510419 3982.429427 -0.602689 0.784054 -0.148407 0.752779 0.496932 -0.431720 -0.264744 -0.371910 -0.889715
21.970120 -118.622066 410.088607 9416.748955 -0.642763 0.751260 0.149879 0.576474 0.603189 -0.551217 0.504513 0.267901 0.820790
23.258368 -111.003800 -1191.712420 11766.296977 -0.596872 0.776989 0.200078 0.456327 0.533854 -0.711875 0.659932 0.333597 0.673204
14.653195 -118.553071 -4078.068235 9154.362333 -0.527219 0.817089 0.233250 0.573900 0.544834 -0.611388 0.626641 0.188473 0.756174
-2.409710 -184.391351 552.713474 -1328.281191 -0.486407 0.861775 -0.144057 -0.699664 -0.285418 0.654986 -0.523334 -0.419381 -0.741783
1.511557 -74.401284 637.993617 -5017.835586 -0.646535 0.759801 -0.068517 0.737187 0.599118 -0.312433 -0.196337 -0.252508 -0.947466
2.543644 -77.130417 226.982846 -6348.310634 -0.645613 0.760759 -0.066552 0.725723 0.584074 -0.363571 -0.237719 -0.283025 -0.929186
1.384257 -67.317908 272.685943 -2477.087217 -0.670329 0.738488 -0.072763 0.693925 0.589082 -0.414065 -0.262919 -0.328052 -0.907334
2.453658 -65.952304 492.874428 -1008.077012 -0.650174 0.755860 -0.077140 0.724065 0.585640 -0.364356 -0.230226 -0.292749 -0.928059
3.971886 -75.616392 1145.849152 -3606.355051 -0.590829 0.802496 -0.083194 0.798534 0.566940 -0.202295 -0.115175 -0.185955 -0.975785
10.904290 -36.524543 9574.169699 -1738.210922 -0.219595 0.973130 0.069258 -0.162917 -0.106572 0.980867 -0.961892 -0.204111 -0.181942
39.554004 -37.763549 17052.743612 -398.697589 -0.216067 0.964325 0.152945 -0.088103 -0.175262 0.980572 -0.972395 -0.198394 -0.122829
-8.919426 -33.875469 2.151568 762.607023 -0.317893 0.945470 -0.070930 -0.708793 -0.187295 0.680098 -0.629727 -0.266473 -0.729682
-7.618734 -35.169488 -419.030321 -887.303777 -0.321478 0.940611 -0.109099 -0.670802 -0.144901 0.727344 -0.668339 -0.307009 -0.677546
-8.518205 -34.222517 -115.153154 -815.931167 -0.294433 0.950191 -0.102211 -0.657955 -0.123979 0.742781 -0.693112 -0.285950 -0.661686
-8.225631 -38.630326 -804.110648 -2314.636167 -0.327580 0.939813 -0.097179 -0.607439 -0.130709 0.783539 -0.723677 -0.315702 -0.613697
-8.553992 -31.769967 556.505605 -367.846495 -0.256702 0.961667 -0.096438 -0.696290 -0.114812 0.708519 -0.670287 -0.249027 -0.699072
-8.297796 -39.624308 -104.531417 -2866.955363 -0.297487 0.950840 -0.086050 -0.588659 -0.111717 0.800625 -0.751653 -0.288830 -0.592954
-8.777115 -33.964893 240.976576 -1665.220584 -0.266353 0.959097 -0.095859 -0.632906 -0.099020 0.767870 -0.726970 -0.265194 -0.633393
5.779303 -265.905388 -1416.238678 -32338.771790 0.690785 -0.699149 0.184410 0.666857 0.714607 0.211280 -0.279497 -0.022974 0.959872
6.530839 -296.112259 -1899.307019 25488.133808 0.718277 -0.673858 0.173186 -0.695547 -0.701574 0.154945 -0.017091 0.231752 0.972625
7.497048 -309.387917 -1232.262540 22958.246908 0.728234 -0.665236 0.164730 -0.654500 -0.603805 0.455027 0.203235 0.439182 0.875108
23.183108 -80.551004 -2280.796645 -4642.061599 0.891182 -0.346147 0.293218 -0.267969 0.119862 0.955942 0.366042 0.930492 -0.014062
33.245258 -572.622775 2472.232999 165455.099281 0.820342 -0.571682 -0.014777 -0.299716 -0.407789 -0.862484 -0.487040 -0.711961 0.505869
-25.728484 -183.872270 8799.135662 47029.261926 0.786970 -0.594867 -0.163743 -0.115583 0.118552 -0.986198 -0.606068 -0.795034 -0.024541
21.030557 -328.666767 10958.454647 1635.304026 0.821414 -0.568820 0.041501 -0.073693 -0.178011 -0.981265 -0.565551 -0.802967 0.188139
-10.071679 -44.403280 -943.476061 1785.587516 0.039186 0.985182 0.166977 -0.818930 0.127415 -0.559570 0.572554 0.114815 -0.811788
9.007122 -187.577734 -2412.387527 -16919.506840 -0.418980 0.900304 0.117935 0.870283 0.361133 0.334950 -0.258966 -0.242974 0.934826
-1.807656 -98.648157 2019.277694 -16040.126965 0.496817 -0.865778 -0.060008 0.867847 0.495316 0.038790 -0.003860 -0.071349 0.997444
-0.322872 -343.848779 -196.621508 -107506.159650 -0.430497 0.902367 0.020125 0.901504 0.430966 -0.039490 0.044307 -0.001142 0.999017
-7.931263 -183.602571 -700.367118 -44222.585503 -0.466547 0.883334 0.045337 0.883475 0.467858 -0.024095 0.042495 -0.028812 0.998681
-53.409281 -75.807477 636.225001 3962.478657 0.224315 0.968573 -0.107467 0.877323 -0.248719 -0.410419 0.424250 0.002220 0.905543
18.379377 -68.131303 2820.484910 6351.387063 0.500654 0.679687 0.536070 -0.629482 0.710952 -0.313528 -0.594221 -0.180478 0.783791
22.166245 -80.787153 2425.426619 6506.571418 0.482794 0.676882 0.555645 -0.700775 0.679126 -0.218409 -0.525190 -0.283935 0.802220
13.498701 -51.540932 1641.106296 5039.891647 0.515791 0.654015 0.553375 -0.521267 0.752183 -0.403115 -0.679882 -0.080533 0.728886
-9.862681 -57.602198 -1725.481762 1331.015780 -0.589623 -0.759610 0.274476 0.683022 -0.287570 0.671404 -0.431074 0.583349 0.688389
-12.562778 -60.682573 -2228.002460 -445.378679 -0.570038 -0.762503 0.306016 0.620508 -0.155403 0.768648 -0.538540 0.628044 0.561725
-14.792467 -61.989673 -663.371269 109.343015 -0.524381 -0.797612 0.298059 0.657514 -0.156895 0.736925 -0.541017 0.582408 0.606714
-10.324417 -61.561437 2439.235487 -451.654613 0.637434 0.724002 -0.263627 0.561847 -0.202625 0.802042 -0.527263 0.659367 0.535938
-13.142719 -58.126611 -1062.783535 2401.788270 -0.560276 -0.783816 0.267811 0.742644 -0.332160 0.581506 -0.366838 0.524693 0.768198
-8.885591 -53.083971 -1645.209122 2950.793008 -0.622603 -0.741181 0.251029 0.731903 -0.438024 0.521970 -0.276918 0.508709 0.815188
-5.792683 -51.639456 -2437.008739 4487.547821 -0.620910 -0.726884 0.293447 0.722052 -0.384623 0.575071 -0.305143 0.568951 0.763664
-5.170453 -55.105885 -2119.735666 1109.251764 -0.625455 -0.725336 0.287565 0.650444 -0.281131 0.705612 -0.430962 0.628373 0.647625
-0.963839 -53.911221 333.634492 145.494584 0.356292 0.872258 -0.334997 -0.648172 0.488961 0.583772 -0.673000 -0.009142 -0.739586
0.586245 -54.941054 174.052214 476.579214 0.387582 0.846979 -0.363878 -0.703414 0.526859 0.477104 -0.595809 -0.071040 -0.799978
-1.565888 -51.888160 472.365559 21.987834 0.360285 0.872397 -0.330331 -0.555931 0.485159 0.674953 -0.749090 0.059533 -0.659788
-0.487475 -58.031503 20.931822 820.898718 0.376515 0.856059 -0.354117 -0.721435 0.510742 0.467626 -0.581178 -0.079404 -0.809893
-2.201034 -53.372608 257.047432 635.331815 0.333718 0.887273 -0.318400 -0.568886 0.458881 0.682493 -0.751665 0.046627 -0.657895
-0.854626 -56.485615 -252.494768 434.284128 0.328021 0.887403 -0.323909 -0.660244 0.460591 0.593240 -0.675633 -0.019264 -0.736987
-6.928708 -88.879419 2097.004897 3298.121149 0.424305 0.888087 -0.176826 0.791747 -0.269088 0.548387 -0.439434 0.372684 0.817315
-7.625879 -78.200727 -1760.751554 4146.075964 -0.445042 -0.882573 0.151665 0.860880 -0.375010 0.343881 -0.246624 0.283607 0.926684
-2.461151 -78.890631 1547.519192 2219.608374 0.423289 0.889853 -0.170258 0.835312 -0.310544 0.453670 -0.350827 0.334252 0.874755
-4.631654 -72.225137 -1750.342105 3377.787729 -0.435081 -0.886060 0.160009 0.886160 -0.389917 0.250370 -0.159452 0.250725 0.954836
-0.968096 -86.518929 1167.079202 2106.159173 0.394809 0.899231 -0.188440 0.755859 -0.201303 0.623020 -0.522305 0.388408 0.759168
2.044573 -79.124030 1135.203006 816.247028 0.398378 0.898569 -0.184038 0.807450 -0.248386 0.535097 -0.435109 0.361772 0.824501
1.046717 -74.267015 -1289.944192 1687.417782 -0.413198 -0.894622 0.170056 0.876386 -0.339923 0.341175 -0.247417 0.290007 0.924489
-3.863764 -99.678981 -1511.099607 -2177.218825 0.251731 0.967796 0.001731 -0.941433 0.245288 -0.231383 0.224356 -0.056617 -0.972861
-3.527994 -108.435588 -1056.551618 -5050.010572 0.206641 0.978406 0.004660 -0.978405 0.206659 -0.003940 0.004818 0.003745 -0.999981
-7.161853 -104.019249 -1690.177184 -4602.582520 0.191521 0.981474 0.005233 -0.972771 0.189109 0.133992 -0.130520 0.030753 -0.990969
-8.595176 -105.684214 1090.936965 -851.847141 0.008608 0.957565 0.288089 0.058074 0.287135 -0.956128 0.998275 -0.024961 0.053138
-12.979774 -101.773517 1530.565285 674.222536 0.019123 0.953424 0.301028 -0.132866 0.300836 -0.944375 0.990949 0.021938 -0.132431
0.197894 -153.474267 -833.360171 -1408.323708 -0.280212 0.035815 -0.959270 0.941942 0.202848 -0.267577 0.185002 -0.978555 -0.090576
-4.633831 -90.664652 749.449660 7333.597465 -0.210348 -0.936639 -0.280108 0.938110 -0.112745 -0.327473 0.275143 -0.331656 0.902386
-3.789814 -101.868882 46.949046 9083.060219 -0.179163 -0.945772 -0.270955 0.978580 -0.142931 -0.148163 0.101400 -0.291697 0.951121
-4.379549 -109.085032 809.406965 7356.842633 -0.166441 -0.947408 -0.273342 0.986019 -0.162155 -0.038367 -0.007975 -0.275907 0.961151
99.573484 -42.695944 34070.229446 -1498.214075 -0.487378 0.285802 -0.825094 0.641767 0.757995 -0.116528 0.592113 -0.586312 -0.552848
35.831384 -49.124182 22548.073980 -517.544495 -0.418876 0.419025 -0.805581 0.641631 0.764343 0.063948 0.642536 -0.490100 -0.589025
