16214
32410
-43.012434 -61.492414 -804.857228 7543.175379 0.046170 0.991783 -0.119311 0.985351 -0.064845 -0.157726 0.164167 0.110281 0.980249
-46.317146 -71.102146 520.108860 5866.677129 -0.008063 -0.991756 0.127887 0.998141 -0.015708 -0.058882 0.060405 0.127175 0.990039
-48.737249 -79.006430 -704.337686 10528.983697 -0.377521 0.925578 -0.028004 0.921679 0.372669 -0.107820 0.089359 0.066515 0.993776
-43.003905 -66.590425 -172.234849 5479.161549 -0.257137 -0.931944 0.255657 0.962439 -0.270818 -0.019201 0.087131 0.241117 0.966577
-38.831986 -57.718258 -3984.194294 8769.188907 -0.239690 0.970666 0.018848 0.936496 0.236284 -0.259123 0.255975 0.044458 0.965660
-38.364695 -51.375350 59.900859 4840.651396 0.452767 0.860697 -0.232812 0.863563 -0.488300 -0.125789 0.221949 0.144095 0.964352
32.188545 -14.137708 -14339.193859 2784.391632 0.121311 -0.631161 -0.766106 0.503785 0.704163 -0.500356 0.855269 -0.325254 0.403392
37.249807 -18.793984 -23624.667300 -9375.529638 0.385672 -0.103869 -0.916771 0.350438 0.935670 0.041415 0.853493 -0.337244 0.397261
-30.317050 -71.295151 -14444.368879 39507.242966 0.371764 0.918505 0.134683 0.176203 0.072628 -0.981671 0.911452 -0.388681 0.134843
-3.707473 -87.581853 -19641.793102 36139.938982 0.393904 0.900624 0.183622 0.239019 0.092533 -0.966596 0.887530 -0.424635 0.178817
32.098775 -37.768352 -1829.736146 5660.895978 0.127535 0.915173 0.382352 0.495325 0.275218 -0.823959 0.859295 -0.294472 0.418208
-13.108455 -35.633490 3805.796525 -828.879275 0.252004 0.930607 -0.265450 0.503907 -0.360369 -0.784992 0.826179 -0.064059 0.559754
-18.013963 -31.933251 3182.848948 -2065.051548 0.242659 0.941919 -0.232176 0.582758 -0.332867 -0.741345 0.775571 -0.044592 0.629684
-21.270486 -36.352442 2661.410178 -444.611963 0.281000 0.927749 -0.245604 0.490880 -0.358847 -0.793893 0.824667 -0.102522 0.556249
-17.163271 -38.451275 3314.575858 -282.554761 0.272158 0.924559 -0.266685 0.422061 -0.363761 -0.830387 0.864751 -0.113439 0.489221
-19.193601 -38.377186 521.811227 -128.259098 0.274041 0.945790 -0.174304 0.429692 -0.282559 -0.857628 0.860387 -0.160128 0.483831
-21.607427 -37.002810 773.421645 421.032010 0.225593 0.971244 -0.076109 0.523722 -0.186778 -0.831162 0.821476 -0.147644 0.550797
10.722552 -9.367807 962.614938 -1587.308034 -0.635712 0.334483 -0.695695 0.425425 0.903833 0.045808 0.644114 -0.266845 -0.716875
6.664683 -9.551170 -2534.679597 -1329.104548 -0.425022 0.664940 -0.614175 0.623969 0.706766 0.333384 0.655758 -0.241531 -0.715293
16.900950 -0.194061 -888.139715 -5097.870015 -0.626123 0.404448 -0.666628 0.511673 0.858243 0.040120 0.588355 -0.315975 -0.744311
-0.830186 -11.780103 353.700241 1573.404573 -0.541633 0.509004 -0.668991 0.494677 0.836446 0.235908 0.679653 -0.203159 -0.704839
11.030821 -8.565043 1532.172585 -3166.649981 -0.731207 0.057049 -0.679765 0.239877 0.954357 -0.177936 0.638588 -0.293168 -0.711518
5.043556 -12.515906 3157.505832 245.951917 -0.713947 0.115104 -0.690674 0.229210 0.970468 -0.075201 0.661621 -0.211999 -0.719246
-7.824978 -65.106729 -226.576330 -548.579291 0.117707 0.938078 0.325815 0.920891 -0.225894 0.317698 -0.371625 -0.262645 0.890456
-7.332486 -63.204291 129.583132 1599.508655 -0.160915 -0.929883 -0.330792 0.977746 -0.195902 0.075067 -0.134607 -0.311351 0.940713
-8.430089 -62.009542 -85.759067 -159.227029 0.138249 0.944152 0.299105 0.927641 -0.229237 0.294843 -0.346943 -0.236701 0.907526
3.109365 -47.839046 385.994033 -327.861640 0.243673 0.904532 0.349923 0.677106 0.099653 -0.729107 0.694371 -0.414598 0.588181
3.888541 -52.012123 533.399078 -1612.398923 0.256739 0.908340 0.330157 0.555874 0.140669 -0.819278 0.790626 -0.393866 0.468807
3.631390 -47.298738 -47.135879 -476.634951 0.274278 0.897227 0.346056 0.666066 0.082317 -0.741336 0.693633 -0.433828 0.575035
5.780890 -103.916232 1525.931354 7101.007293 -0.035320 0.925397 0.377350 0.030999 0.378418 -0.925116 0.998895 0.020977 0.042052
5.665817 -106.655729 1262.395220 3039.659611 -0.021461 0.921543 0.387682 0.258473 0.379702 -0.888267 0.965780 -0.081142 0.246343
2.107417 -108.403364 1896.650237 4052.080010 -0.051626 0.922939 0.381469 0.081622 0.384600 -0.919468 0.995325 0.016332 0.095188
7.132690 -104.673186 712.578705 9425.995923 0.005212 0.920121 0.391600 0.186630 0.383830 -0.904347 0.982416 -0.077798 0.169722
2.270126 -104.688103 1900.811659 4892.840451 -0.049378 0.927996 0.369304 -0.132003 0.360448 -0.923392 0.990019 0.094344 -0.104700
8.545455 -94.399262 809.819291 6750.920922 -0.002321 0.935016 0.354598 -0.000663 0.354597 -0.935019 0.999997 0.002406 0.000203
6.880215 -96.564997 1195.490539 780.923268 -0.029369 0.940151 0.339489 -0.137970 0.332572 -0.932931 0.990001 0.074239 -0.119945
352.706178 -31.686319 534331.966231 -5341.152243 0.357595 0.900215 0.248473 -0.474903 -0.053802 0.878392 -0.804110 0.432109 -0.408276
453.951528 -34.616210 517446.455225 -5990.848524 0.381651 0.910615 0.158502 -0.406243 0.011223 0.913696 -0.830246 0.413104 -0.374214
699.658491 -32.780661 889806.581193 -9928.142373 0.318003 0.929820 0.185226 -0.462626 -0.018349 0.886364 -0.827558 0.367557 -0.424324
48.602635 -36.628095 134190.337684 -4005.868544 0.354158 0.916437 0.186321 -0.423255 -0.020586 0.905777 -0.833923 0.399649 -0.380596
301.875290 -56.736147 653063.756170 19530.267720 0.194971 0.866127 0.460228 -0.563476 -0.285155 0.775359 -0.802795 0.410500 -0.432445
205.810460 -34.068120 425229.198742 1269.895225 0.286124 0.899674 0.329727 -0.532376 -0.136849 0.835373 -0.796687 0.414558 -0.439809
28.903041 -33.446999 128015.919458 39.848282 0.370848 0.913054 0.169715 -0.459028 0.021351 0.888165 -0.807320 0.407278 -0.427035
-2.974318 -28.468065 -1453.926914 2719.932549 0.260228 0.965417 -0.015881 -0.578484 0.142719 -0.803111 0.773070 -0.218179 -0.595618
-4.246317 -22.428690 -649.635509 2048.511052 0.286776 0.957253 0.037764 -0.606740 0.211992 -0.766111 0.741367 -0.196789 -0.641598
-6.852230 -30.205948 -1011.868795 3194.546840 0.224897 0.973478 -0.041970 -0.600025 0.104425 -0.793137 0.767719 -0.203557 -0.607596
-10.239624 -20.422855 3201.115339 -5220.078703 0.110519 0.991126 -0.073860 0.738722 -0.032203 0.673241 -0.664888 0.128968 0.735725
-2.295171 -15.529759 15142.721890 -3054.333377 -0.060553 0.955511 -0.288672 0.722012 0.241621 0.648319 -0.689226 0.169167 0.704521
-14.530159 -20.020135 12276.271478 -6314.144506 -0.287589 0.842332 -0.455817 0.644852 0.522182 0.558115 -0.708138 0.133427 0.693353
-12.615406 -25.723495 3897.555360 -3343.742517 0.205577 0.952091 -0.226410 0.653250 -0.305766 -0.692656 0.728699 0.005508 0.684812
-16.587855 -20.275932 2457.742013 -2514.669325 0.044288 0.997818 -0.048966 0.719113 -0.065865 -0.691765 0.693480 0.004575 0.720461
-21.490667 -26.854468 2593.111377 -2935.790297 0.085667 0.995501 -0.040477 0.691112 -0.088638 -0.717292 0.717653 -0.033474 0.695596
18.682935 -12.027414 -1696.708701 -236.019559 -0.098581 0.995080 0.009924 0.994551 0.098179 0.035052 -0.033906 -0.013326 0.999336
17.827792 -14.335257 -1979.447984 -3576.727129 -0.090931 0.995801 0.010581 0.995251 0.090500 0.035863 -0.034755 -0.013792 0.999301
14.827272 -12.041714 2455.724100 -923.731248 0.110074 -0.992679 -0.049710 0.993500 0.108430 0.034645 -0.029001 -0.053201 0.998163
15.365549 -13.322445 2277.721271 2545.123270 0.111282 -0.992319 -0.054021 0.993354 0.109462 0.035571 -0.029385 -0.057620 0.997906
17.978735 -14.642602 -1269.925820 3220.364029 -0.125548 0.992022 0.011380 0.991361 0.125009 0.039705 -0.037965 -0.016267 0.999147
4.168749 -183.987976 2039.800245 8379.864880 0.819655 -0.141796 0.555031 -0.492378 -0.669591 0.556068 -0.292796 0.729069 0.618651
5.920132 -214.399709 2075.710026 24826.576214 0.825301 -0.133618 0.548658 -0.444699 -0.752593 0.485640 -0.348026 0.644786 0.680535
6.203071 -200.114168 3838.735629 9856.034671 0.814774 -0.172623 0.553483 -0.546320 -0.548201 0.633254 -0.194106 0.818338 0.540967
0.124933 -84.863859 5155.950084 23712.662007 0.880954 -0.062300 0.469083 0.170244 0.966646 -0.191342 -0.441517 0.248422 0.862177
-6.133602 -112.099123 5249.708083 25047.660785 0.878508 -0.091726 0.468839 0.118806 0.992510 -0.028439 -0.462719 0.080685 0.882826
3.376940 -84.584422 4151.218310 22760.756102 0.883709 0.026055 0.467312 0.079934 0.975379 -0.205541 -0.461161 0.218992 0.859868
10.283712 -62.014406 3124.470886 12966.969929 0.878286 0.080960 0.471231 0.067549 0.954666 -0.289914 -0.473340 0.286459 0.833001
13.289035 -65.680000 536.041589 10952.023493 0.862210 0.153119 0.482855 -0.013904 0.960015 -0.279603 -0.506361 0.234363 0.829863
7.270971 -86.578994 2514.158406 19508.622876 0.877259 0.093748 0.470773 -0.003185 0.981858 -0.189590 -0.480006 0.164821 0.861643
15.466686 -218.130942 -1029.223953 -19327.469283 0.764765 0.000048 0.644309 -0.544695 0.534193 0.646487 0.344155 0.845362 -0.408559
13.639519 -210.645883 2311.085613 -18769.334955 0.753351 -0.016184 0.657420 -0.535589 0.564978 0.627650 0.381586 0.824947 -0.416959
15.015515 -228.481684 960.996008 6412.517208 0.761938 -0.009549 0.647580 -0.617582 0.290415 0.730925 0.195046 0.956853 -0.215381
0.376807 -26.221094 1877.612913 -1019.018660 0.653044 -0.756745 -0.029501 0.732718 0.621501 0.277240 -0.191465 -0.202666 0.960348
2.408206 -23.878532 2098.487027 -292.224626 0.670353 -0.741542 -0.027241 0.704676 0.624666 0.336489 -0.232504 -0.244762 0.941293
8.530295 -24.141369 3733.728611 -594.122425 0.518718 -0.851424 -0.077512 0.827339 0.477048 0.296540 -0.215504 -0.217949 0.951870
4.223535 -28.058185 3491.693872 -1649.797085 0.479972 -0.874041 -0.075359 0.861028 0.452877 0.231372 -0.168100 -0.175938 0.969942
11.931029 -28.302845 -4037.614922 -1688.960464 -0.357201 0.930003 0.086613 0.913059 0.328139 0.242175 -0.196802 -0.165588 0.966359
17.446424 -23.956549 -4700.277572 -575.581537 -0.403513 0.910294 0.092422 0.879899 0.358360 0.312019 -0.250908 -0.207226 0.945570
-18.437198 -79.726779 -1220.253765 -136.800164 -0.758453 0.244404 -0.604165 -0.237901 0.759227 0.605786 0.606755 0.603192 -0.517694
-16.592292 -78.746567 -797.193618 -271.625725 -0.743160 0.181569 -0.644008 -0.200517 0.857812 0.473236 0.638362 0.480824 -0.601084
-19.390006 -75.676457 -1359.738521 -422.691104 -0.769407 0.205734 -0.604720 -0.231356 0.792674 0.564042 0.595388 0.573883 -0.562291
-18.720249 -78.334756 59.460660 -1716.914648 0.793594 -0.254639 0.552601 -0.250940 0.690399 0.678512 0.554291 0.677132 -0.483997
-18.202221 -70.715549 130.193738 419.163106 0.790330 -0.194987 0.580826 -0.243841 0.769588 0.590150 0.562068 0.608042 -0.560682
-16.305495 -69.931866 -110.367804 371.458013 -0.761707 0.115041 -0.637627 -0.250926 0.854936 0.454004 0.597359 0.505815 -0.622344
9.911227 -141.764295 1012.736646 28478.677714 0.816447 0.079268 0.571953 0.345767 -0.860422 -0.374326 -0.462449 -0.503380 0.729897
8.771275 -182.393553 1047.305696 -28765.309482 0.821546 0.042445 0.568560 -0.226740 0.939297 0.257508 -0.523117 -0.340470 0.781300
9.150762 -151.977078 1536.446501 -27638.702085 0.829101 0.059468 0.555928 -0.257892 0.922907 0.285892 -0.496068 -0.380402 0.780519
7.943933 -148.637651 299.135642 -24902.948258 0.831466 0.047525 0.553539 -0.214531 0.946523 0.240979 -0.512485 -0.319117 0.797197
7.885881 -128.062932 290.419280 -20497.024848 0.823295 0.080321 0.561902 -0.320301 0.883007 0.343082 -0.468607 -0.462435 0.752703
-6.926053 -25.236197 -266.471945 5583.988288 0.658658 -0.168800 0.733264 0.425148 0.887533 -0.177578 -0.620821 0.428709 0.656346
-1.737377 -18.808534 -2551.361694 12210.761002 0.729054 0.057830 0.682009 0.313748 0.857337 -0.408088 -0.608311 0.511497 0.606901
-0.321190 -32.347625 -1568.373410 1340.000453 0.688625 -0.084241 0.720208 0.335723 0.917401 -0.213695 -0.642718 0.388946 0.660027
-5.952555 -82.332004 807.173094 4947.579612 -0.724457 0.202242 -0.658984 0.332078 0.940141 -0.076543 0.604058 -0.274286 -0.748252
-6.002111 -80.100077 -1112.518117 3018.079980 -0.699420 0.212583 -0.682363 0.275870 0.961051 0.016640 0.659323 -0.176605 -0.730824
-6.333827 -91.167612 -1123.549039 5721.484596 -0.711210 0.175992 -0.680593 0.341813 0.932576 -0.116038 0.614284 -0.315163 -0.723414
-4.473617 -83.807146 -1746.734338 1909.633140 -0.696997 0.206853 -0.686591 0.258353 0.965626 0.028651 0.668917 -0.157413 -0.726479
-7.045729 -91.857282 116.387277 7373.733233 -0.732726 0.172565 -0.658280 0.385917 0.902103 -0.193079 0.560518 -0.395515 -0.727590
-3.403828 -94.279043 -388.467095 6046.796743 -0.717513 0.171448 -0.675115 0.317822 0.943042 -0.098292 0.619810 -0.285093 -0.731135
0.427317 -53.432490 -581.646687 -3817.860580 0.901196 -0.301073 0.311770 -0.097416 0.560226 0.822592 0.422322 0.771688 -0.475544
1.882421 -65.994482 -723.013476 -8797.241132 0.906360 -0.300227 0.297280 -0.127528 0.476397 0.869933 0.402801 0.826383 -0.393500
-2.642824 -62.552962 -923.560688 -6677.664887 0.901686 -0.274398 0.334167 -0.142673 0.540741 0.829002 0.408174 0.795176 -0.448429
3.451057 -52.684255 -281.742634 -653.319036 0.003981 0.979867 0.199612 -0.556554 -0.163669 0.814530 -0.830802 0.114338 -0.544697
2.694823 -50.996950 -559.993691 -366.739058 0.012300 0.985880 0.167001 -0.645610 -0.119706 0.754227 -0.763568 0.117094 -0.635021
3.986027 -53.614690 -290.446738 -48.782541 0.026372 0.983985 0.176290 -0.663573 -0.114663 0.739272 -0.747647 0.136477 -0.649922
-2234.996250 -4550.737394 1634823.019445 4078778.251445 0.891521 -0.038423 -0.451348 0.013865 0.998244 -0.057595 0.452768 0.045089 0.890488
-2342.276422 -4083.552220 1954556.763846 -2354453.960333 0.778185 0.409107 -0.476508 0.545344 -0.816486 0.189605 0.311494 0.407408 0.858481
-1544.515937 -2985.939171 530312.733650 -2852911.790364 0.984203 0.173340 0.036023 0.148728 -0.919881 0.362904 -0.096043 0.351814 0.931130
-2126.456765 -3061.092872 -1460516.332471 960613.201049 -0.003427 -0.664063 0.747669 0.999763 0.013814 0.016851 -0.021518 0.747549 0.663858
-3359.604529 -9786.078785 -2330553.072393 -13597133.460223 0.651561 -0.317908 0.688769 -0.618418 -0.748446 0.239558 -0.439349 0.582034 0.684258
-8.994201 -58.546665 3913.411268 8722.861244 0.855798 0.087331 -0.509885 -0.513945 0.255777 -0.818803 -0.058910 -0.962783 -0.263776
-17.538061 -63.369325 3707.438644 3709.338869 0.803084 0.093596 -0.588469 -0.584202 0.318125 -0.746662 -0.117322 -0.943417 -0.310160
-6.874042 -38.761414 -5291.408143 2470.043784 0.917670 0.009961 -0.397219 -0.379741 0.316242 -0.869360 -0.116958 -0.948626 -0.293989
16.938612 -60.336680 1582.415686 6478.370484 0.058916 0.938955 -0.338959 0.173405 -0.344013 -0.922814 0.983087 0.004408 0.183087
30.506552 -72.763683 105.099750 5523.009101 0.090274 0.968786 -0.230875 0.285849 -0.247272 -0.925822 0.954013 -0.017582 0.299249
24.809552 -78.015176 1514.437953 5002.051832 0.028302 0.906225 -0.421847 0.253776 -0.414703 -0.873853 0.966849 0.082323 0.241715
24.168742 -119.671115 -5200.028753 -7610.975728 0.259799 0.964554 0.046265 0.561199 -0.111821 -0.820093 0.785850 -0.239023 0.570358
38.745982 -127.721195 -6901.310399 10462.252483 0.285740 0.957496 -0.039417 0.658604 -0.226090 -0.717721 0.696127 -0.179122 0.695214
30.034254 -104.894728 -3769.528814 -5844.069956 0.207306 0.976013 -0.066512 0.522191 -0.167894 -0.836139 0.827249 -0.138605 0.544470
-19.023020 -32.477443 -7467.461027 -6938.979292 0.782541 0.454411 -0.425606 -0.565284 0.805060 -0.179813 -0.260929 -0.381299 -0.886863
-31.814318 -42.274493 -6167.237403 -9447.650883 -0.018408 0.931902 -0.362242 0.985324 -0.044586 -0.164772 -0.169702 -0.359959 -0.917404
-18.285265 -41.868016 -9981.530454 -10238.618762 0.039842 0.900451 -0.433129 0.984487 -0.109504 -0.137093 -0.170875 -0.420948 -0.890845
-12.069843 -21.392108 -2755.823175 -3358.081088 0.463837 0.753311 -0.466238 0.856378 -0.516029 0.018210 -0.226875 -0.407722 -0.884472
-21.095475 -112.102898 -3552.996868 3275.629119 0.736053 0.367074 0.568756 -0.494609 -0.281996 0.822095 -0.462156 0.886417 0.026006
-12.866460 -108.709696 -1161.182840 3265.301070 0.755182 0.398472 0.520500 -0.439127 -0.282011 0.853016 -0.486690 0.872748 0.037990
-13.588147 -100.422066 -2074.808944 5462.020354 0.746363 0.374678 0.550053 -0.349788 -0.482292 0.803146 -0.566207 0.791841 0.228907
-18.607124 -114.013192 -2291.445055 1493.385452 0.738156 0.391214 0.549615 -0.570081 -0.073916 0.818257 -0.360739 0.917327 -0.168462
-19.896237 -100.259870 -4835.871410 6364.193195 0.737640 0.353702 0.575136 -0.362960 -0.510542 0.779492 -0.569339 0.783736 0.248217
-27.624980 -103.577230 -5205.769896 6470.920072 0.738638 0.317230 0.594793 -0.409980 -0.488997 0.769934 -0.535098 0.812556 0.231134
-26.555775 -111.923537 -3503.732638 1522.811324 0.755234 0.315457 0.574551 -0.517699 -0.250533 0.818059 -0.402007 0.915270 0.025899
-22.463176 -113.170030 -2872.716420 -534.556992 0.752712 0.339271 0.564198 -0.587420 -0.040840 0.808251 -0.297257 0.939802 -0.168554
-21.000306 -114.665339 -2858.912388 382.485176 0.736608 0.367845 0.567537 -0.597271 -0.039879 0.801048 -0.317294 0.929032 -0.190328
47.043984 -74.814927 5559.367761 7277.294047 -0.603523 0.776425 -0.181447 0.719977 0.432877 -0.542449 -0.342627 -0.458018 -0.820260
47.886447 -71.258467 12420.130721 -4494.268244 -0.479335 0.866227 -0.141027 -0.724268 -0.299680 0.620990 -0.495656 -0.399803 -0.771027
54.835770 -87.082983 3318.461640 6360.656063 -0.542705 0.801343 -0.251636 0.703644 0.270171 -0.657185 -0.458646 -0.533720 -0.710484
-8.095891 -60.039043 59.783421 -384.316939 0.159940 0.987026 -0.014113 0.422324 -0.055498 0.904744 -0.892223 0.150665 0.425721
-7.287386 -57.133653 253.580043 -803.007089 0.173806 0.983389 -0.052324 0.410115 -0.023974 0.911719 -0.895320 0.179921 0.407469
-6.902500 -57.160330 458.851429 -1703.997746 0.154105 0.985706 -0.068079 0.207915 0.035009 0.977520 -0.965931 0.164796 0.199548
-7.268440 -60.321196 37.114280 -1370.210159 0.127317 0.991184 -0.036675 0.224898 0.007164 0.974356 -0.966029 0.132300 0.222003
-5.937770 -54.595107 505.786236 -2113.118738 0.134226 0.985669 -0.102172 0.001143 0.102951 0.994686 -0.990950 0.133629 -0.012692
-5.462903 -51.910770 684.460517 -1744.721335 0.158749 0.978613 -0.130827 -0.001771 0.132789 0.991143 -0.987317 0.157111 -0.022813
1.974444 -52.581078 76.798888 1575.338596 0.083819 0.986462 -0.140954 -0.627819 0.162125 0.761287 -0.773833 -0.024683 -0.632909
2.615320 -51.986509 -27.150149 1531.357784 0.088104 0.982715 -0.162817 -0.635723 0.181309 0.750322 -0.766873 -0.037401 -0.640708
2.645558 -57.063858 400.911258 2048.351558 0.102895 0.982803 -0.153332 -0.756416 0.177416 0.629570 -0.645947 -0.051203 -0.761663
1.131846 -58.365696 385.761991 2458.416470 0.106773 0.983663 -0.144935 -0.744229 0.175729 0.644393 -0.659335 -0.039061 -0.750834
3.217514 -61.052923 831.418103 1086.359311 0.123597 0.979928 -0.156413 -0.868457 0.183076 0.460722 -0.480110 -0.078894 -0.873653
1.053958 -62.562362 782.401684 1617.711718 0.128977 0.980627 -0.147433 -0.856179 0.185132 0.482373 -0.500322 -0.064014 -0.863470
8.466452 -95.688947 1984.053352 4708.693731 0.086164 0.981229 0.172527 0.994544 -0.074494 -0.073025 -0.058802 0.177878 -0.982294
3.402078 -101.165767 2085.162262 2094.166293 0.069285 0.978986 0.191796 0.991803 -0.046908 -0.118854 -0.107360 0.198459 -0.974211
7.399517 -99.926368 1511.386896 -2496.671192 0.064151 0.984727 0.161854 -0.957484 0.015024 0.288096 -0.281264 0.173454 -0.943824
4.524000 -97.455319 2531.908421 3391.422402 0.090156 0.976251 0.196993 0.989933 -0.109512 0.089662 0.109106 0.186926 -0.976296
9.986425 -95.435726 959.025966 -6846.280593 0.073146 0.988949 0.128959 -0.971957 0.041710 0.231432 -0.223495 0.142271 -0.964266
11.809028 -87.447076 1029.997825 4293.773349 0.115803 0.984827 0.129248 0.992685 -0.110278 -0.049139 -0.034140 0.133993 -0.990394
10.256717 -90.881098 1983.329580 1463.529163 0.124916 0.977658 0.169058 0.984256 -0.143582 0.103070 0.125041 0.153522 -0.980202
1688.550342 -48.524914 -1260335.460700 9584.890478 -0.633384 -0.579975 -0.512303 0.733360 -0.238566 -0.636608 0.246999 -0.778919 0.576434
1358.337535 -53.522219 -682352.116163 -6730.909846 -0.695070 -0.568687 -0.439855 0.695830 -0.378251 -0.610530 0.180825 -0.730425 0.658620
673.275104 -53.346366 -203169.171861 4404.007426 -0.516236 -0.761149 -0.392623 0.772188 -0.215370 -0.597781 0.370441 -0.611775 0.698931
125261.660238 578.411148 132743637.325749 -425857.542980 0.738983 0.326748 0.589185 0.671389 -0.284420 -0.684355 0.056036 -0.901300 0.429557
2392.849748 -87.080541 -2699334.283057 18190.023648 -0.583956 -0.609927 -0.535709 0.743642 -0.137262 -0.654336 0.325565 -0.780479 0.533722
1305.268868 -89.521387 -802093.150513 2037.706983 -0.655127 -0.367064 -0.660358 0.739809 -0.134360 -0.659264 0.153267 -0.920441 0.359580
1.618415 -63.228259 6510.248631 409.346253 0.869488 0.119633 0.479248 -0.074258 0.990859 -0.112621 -0.488341 0.062335 0.870424
1.278709 -57.456813 5086.184521 4131.602747 0.854746 0.224356 0.468053 -0.092267 0.953070 -0.288348 -0.510780 0.203278 0.835333
-11.282821 -70.318918 6567.560927 3531.735226 0.856922 0.215041 0.468447 -0.124148 0.968169 -0.217338 -0.500272 0.128085 0.856342
12.437289 -51.892913 4738.204917 965.910150 0.853825 0.141107 0.501070 -0.050944 0.980590 -0.189336 -0.518061 0.136133 0.844441
-11.513853 -74.947554 8279.633383 -64.898426 0.875341 0.095176 0.474046 -0.100491 0.994837 -0.014178 -0.472948 -0.035227 0.880386
3.436455 -65.155412 7489.872082 -2520.898974 0.882825 0.011319 0.469566 -0.055926 0.995131 0.081159 -0.466361 -0.097910 0.879159
14.791318 -57.219702 5955.503099 -641.319288 0.864031 0.046626 0.501274 -0.033557 0.998822 -0.035064 -0.502318 0.013475 0.864578
63.743180 -37.853754 7471.556672 -13297.015495 -0.034077 0.818851 -0.572994 -0.412601 0.510661 0.754311 -0.910274 -0.262123 -0.320457
71.602985 -16.811501 8270.398940 -11020.303906 -0.030596 0.805744 -0.591473 -0.460803 0.513743 0.723692 -0.886975 -0.294694 -0.355571
51.484711 -33.252117 9087.251679 -11252.007927 0.059184 0.858998 -0.508547 -0.422715 0.483076 0.766779 -0.904328 -0.169590 -0.391702
49.195762 -52.726888 6071.928077 -10214.063645 0.026537 0.848752 -0.528125 -0.335942 0.505156 0.794959 -0.941509 -0.156323 -0.298537
55.194697 -59.768416 3968.676176 -10878.778734 -0.058537 0.794437 -0.604519 -0.325517 0.557270 0.763865 -0.943723 -0.241495 -0.225982
5.781168 -103.400590 -768.110239 -1128.139793 0.791550 0.451688 0.411614 -0.110673 0.768377 -0.630356 -0.600999 0.453404 0.658199
6.120768 -111.741397 -2754.795241 1499.506522 0.789166 0.444804 0.423517 -0.103158 0.775763 -0.622535 -0.605455 0.447595 0.658091
4.403547 -110.479591 -1326.065835 5807.199327 0.799015 0.414189 0.435916 -0.174212 0.853304 -0.491449 -0.575522 0.316733 0.753959
7.048245 -112.005316 -2285.759446 -5169.190366 0.786741 0.473851 0.395607 -0.024238 0.664103 -0.747248 -0.616808 0.578301 0.533962
6.480988 -106.775479 147.910371 -4949.031475 0.789588 0.475333 0.388086 -0.032388 0.663835 -0.747178 -0.612783 0.577393 0.539551
7.081153 -43.682448 1638.221760 -2420.618690 -0.040668 0.994501 -0.096506 -0.942619 -0.070220 -0.326402 0.331384 -0.077694 -0.940292
7.819678 -44.516916 -4288.237908 -1966.908781 -0.057591 0.988912 -0.136882 -0.947116 -0.097475 -0.305729 0.315681 -0.112035 -0.942228
10.395782 -47.399401 4368.973792 -1899.966034 -0.050491 0.996069 -0.072783 -0.976662 -0.064477 -0.204875 0.208762 -0.060740 -0.976078
11.111848 -44.285272 7486.358101 -2012.194830 -0.042413 0.997160 -0.062238 -0.952793 -0.059114 -0.297810 0.300643 -0.046669 -0.952594
-8.568775 -188.825432 -1981.915157 2059.581686 0.738533 0.378094 0.558224 -0.645441 0.157177 0.747464 -0.194872 0.912327 -0.360117
-12.937002 -195.350827 -2606.707501 -2426.034469 0.748696 0.359817 0.556764 -0.647687 0.218074 0.730031 -0.141261 0.907180 -0.396320
-8.413454 -183.951204 -1451.285926 -11205.677233 0.728105 0.376296 0.572943 -0.685448 0.405705 0.604620 0.004930 0.832949 -0.553328
-3.942204 -173.243262 -652.708653 -9002.427272 0.729248 0.381455 0.568057 -0.681211 0.326592 0.655202 -0.064407 0.864772 -0.498018
-2.517908 -110.348161 174.445971 -5764.898743 0.835670 0.402502 0.373695 -0.274116 0.895248 -0.351272 -0.475938 0.191112 0.858464
-4.363930 -118.824298 530.950406 -5779.690832 0.842451 0.382546 0.379387 -0.165244 0.853692 -0.493868 -0.512806 0.353368 0.782407
-5.353271 -115.240118 -308.850370 -5156.859227 0.824093 0.418727 0.381494 -0.188057 0.837520 -0.513024 -0.534326 0.351037 0.768940
11.829110 -49.149668 -161.639988 -5628.934816 0.688628 0.084847 0.720133 0.371453 0.811648 -0.450832 -0.622747 0.577952 0.527407
11.939942 -50.590301 2179.216032 -3762.936918 0.701610 0.028195 0.712003 0.375802 0.834313 -0.403355 -0.605406 0.550570 0.574767
7.409117 -55.787837 -2700.782212 8300.694307 0.673623 0.117360 0.729698 0.339952 0.827467 -0.446913 -0.656250 0.549113 0.517504
3.063564 -164.280544 2283.167449 -11580.770043 -0.834584 -0.260761 -0.485257 -0.294119 0.955737 -0.007731 0.465794 0.136271 -0.874338
3.975440 -177.850321 1035.829033 -9216.421935 -0.826130 -0.244831 -0.507510 -0.269689 0.962613 -0.025378 0.494750 0.115904 -0.861272
4.641608 -178.143042 1603.689478 -7987.263830 -0.824168 -0.278609 -0.493076 -0.391518 0.909368 0.140585 0.409219 0.308914 -0.858552
2.619721 -154.983773 1860.212712 -13121.378268 -0.835692 -0.234502 -0.496616 -0.178295 0.971122 -0.158533 0.519451 -0.043941 -0.853369
2.258088 -167.528357 1039.019255 -9730.210282 -0.821903 -0.277477 -0.497476 -0.377411 0.919403 0.110723 0.426658 0.278756 -0.860382
1.315558 -156.185843 1188.325525 -13221.547742 -0.828596 -0.259880 -0.495873 -0.267316 0.961896 -0.057434 0.491904 0.084965 -0.866494
-33.872730 -348.579597 -2759.557445 116814.216720 0.548856 0.586136 0.595988 0.740321 -0.009753 -0.672183 -0.388178 0.810154 -0.439282
-28.453972 -749.681918 -6340.326423 -272288.680919 0.662835 0.586580 0.465376 -0.568105 -0.010895 0.822884 -0.487758 0.809818 -0.326017
-45.822787 -394.846440 8333.336707 129998.963029 0.620910 0.409795 0.668236 0.642939 0.221446 -0.733206 -0.448442 0.884890 -0.125975
432.801557 -108332.216122 251597.505538 -128126367.039469 0.337362 0.588175 0.735008 0.362332 0.639499 -0.678053 -0.868851 0.495067 0.002628
-1832.300794 -11883.458855 501456.899589 -14258213.103938 0.508168 0.572605 0.643342 0.855037 -0.425037 -0.297079 0.103335 0.701047 -0.705588
-95.588415 -2889.166238 42012.865635 8522203.651792 0.306804 0.605802 0.734081 0.099288 0.746698 -0.657711 -0.946580 0.274674 0.168941
-4200.668301 -9310.329155 -1486295.426298 -19060986.015011 -0.384396 -0.519279 -0.763275 0.853217 -0.515545 -0.078951 -0.352505 -0.681588 0.641231
33.022586 -24.445420 3362.178880 -2075.073174 -0.348399 0.929484 0.121148 -0.641329 -0.142115 -0.753989 0.683604 0.340385 -0.645618
21.468561 -14.725489 7208.156391 -4118.942363 -0.503822 0.855049 0.122697 -0.569210 -0.221788 -0.791713 0.649741 0.468723 -0.598444
21.792025 -21.196512 6803.722144 -622.730144 -0.419790 0.887812 0.188592 -0.659268 -0.155454 -0.735662 0.623812 0.433156 -0.650564
-16.983610 -31.069039 -325.690182 1925.486152 -0.760882 -0.648850 0.007260 -0.646628 0.759116 0.074931 -0.054130 0.052319 -0.997162
-15.106187 -31.674322 127.660934 1284.794370 -0.715078 -0.697956 0.038992 -0.691664 0.714511 0.105241 -0.101314 0.048286 -0.993682
-15.379208 -28.099907 984.580660 -832.728936 0.623642 0.780874 0.036143 0.777556 -0.614905 -0.131521 -0.080477 0.110126 -0.990654
-16.160276 -29.072168 727.221906 -1376.336538 0.644081 0.763183 0.052064 0.764539 -0.639986 -0.076801 -0.025293 0.089271 -0.995686
-12.157678 -26.713238 1338.502844 -905.411439 0.456495 0.883884 0.101789 0.888111 -0.445785 -0.111962 -0.053586 0.141510 -0.988485
-12.100489 -26.903716 1626.400842 156.327798 0.446139 0.889841 0.095615 0.888537 -0.427621 -0.166259 -0.107057 0.159133 -0.981435
7.300995 -115.647331 -1045.924131 -11458.457326 0.278435 0.926842 -0.251867 -0.879134 0.351545 0.321776 -0.386779 -0.131831 -0.912701
11.649853 -128.256222 -1423.219090 -7240.670036 0.273419 0.935458 -0.223964 -0.882047 0.336713 0.329572 -0.383712 -0.107435 -0.917182
7.366807 -142.700914 -1183.805632 -19279.332534 0.236411 0.942740 -0.235267 -0.800291 0.326239 0.503093 -0.551039 -0.069346 -0.831593
4.100885 -131.460376 -876.243936 -20238.480998 0.227836 0.941893 -0.246838 -0.797270 0.325990 0.508027 -0.558974 -0.081050 -0.825215
3.616512 -106.382433 -857.506471 -11108.972937 0.265146 0.925626 -0.270025 -0.874487 0.348820 0.337043 -0.406165 -0.146767 -0.901936
25.255941 -8028.462965 27481.187933 -4147235.442396 0.824558 0.178141 -0.537001 -0.564050 0.332940 -0.755644 -0.044178 -0.925968 -0.375009
-72.328384 -534.970991 -5734.558332 -186118.333006 0.791941 0.092607 -0.603534 -0.609423 0.181151 -0.771873 -0.037850 -0.979085 -0.199898
-97.410829 -2125.416322 48124.831169 -1031072.017109 0.857626 0.187008 -0.479067 -0.512559 0.386827 -0.766582 -0.041959 -0.902991 -0.427606
-74.284699 -1278.226959 941.645354 -686460.314219 0.833295 0.190397 -0.519007 -0.497009 0.669113 -0.552513 -0.242077 -0.718357 -0.652198
11.526216 -37.196614 -606.805073 -455.306488 0.746986 0.656402 -0.105585 0.064240 0.086808 0.994152 -0.661729 0.749400 -0.022677
14.186027 -51.956082 -143.893488 -4568.754978 0.722866 0.674081 -0.151919 0.071823 0.145369 0.986767 -0.687245 0.724212 -0.056667
8.538987 -48.163113 1634.122996 7520.715947 0.768087 0.638249 -0.051772 -0.004923 0.086734 0.996219 -0.640327 0.764928 -0.069761
-8.288890 -55.623754 5704.456218 10519.237831 0.790962 0.603965 -0.098007 0.061163 0.081330 0.994809 -0.608801 0.792850 -0.027388
2.974279 -31.632552 -1028.866158 2361.496467 0.751645 0.583473 0.307555 -0.247534 -0.182668 0.951504 -0.611357 0.791323 -0.007128
71.818033 -412.251452 6090.361000 -156340.272980 -0.209817 0.977316 0.028805 0.640968 0.159735 -0.750762 0.738333 0.139060 0.659944
39.189234 -236.501866 -2151.917278 -102767.479857 -0.202078 0.978494 0.041404 0.703418 0.174426 -0.689042 0.681445 0.110116 0.723538
82.195115 -607.205959 3602.058789 -172079.930460 -0.296239 0.954575 -0.032088 0.524279 0.134437 -0.840867 0.798357 0.265921 0.540289
96.914297 -1154.393943 -9299.361102 -422634.578137 -0.150123 0.987660 0.044612 0.343898 0.094471 -0.934243 0.926929 0.124909 0.353837
73.043383 -466.035677 3344.580153 -8114.851118 -0.196371 0.980508 0.006545 -0.251456 -0.043907 -0.966872 0.947739 0.191511 -0.255177
5.725701 -42.186632 5772.037705 825.012052 0.441265 0.848540 -0.292001 0.550578 -0.512952 -0.658592 0.708625 -0.129845 0.693535
-11.022977 -44.882076 1720.648397 1765.367411 0.485073 0.822613 -0.296668 0.596008 -0.559252 -0.576204 0.639905 -0.102685 0.761562
-5.816055 -41.144658 1017.228469 1317.467269 0.403389 0.892928 -0.199889 0.627294 -0.428902 -0.650035 0.666168 -0.136828 0.733143
-54.938325 -81.442367 344.547717 3701.042887 -0.222045 0.968985 -0.108462 0.969865 0.230938 0.077653 -0.100292 0.087951 0.991063
-48.660882 -75.238816 565.085318 5445.598666 -0.005486 -0.983511 0.180763 0.999430 0.000628 0.033748 -0.033305 0.180845 0.982947
1.186066 -46.671709 10660.623738 -6887.704991 0.306355 0.118942 -0.944457 0.168050 0.969822 0.176647 0.936966 -0.212832 0.277122
38.106609 -27.156624 -27349.147155 -5120.699818 0.482797 0.149735 -0.862836 0.196464 0.941640 0.273341 0.853410 -0.301485 0.425204
-37.984903 -75.660089 -2268.518776 843.116629 0.164808 0.986168 0.017651 -0.384729 0.080753 -0.919491 0.908197 -0.144749 -0.392716
-32.789412 -73.489679 -189.925336 -678.821285 0.227014 0.973866 -0.007052 -0.366903 0.078815 -0.926915 0.902135 -0.213010 -0.375206
-37.215170 -74.962163 -839.430197 1612.656918 0.177065 0.982741 0.053553 -0.503798 0.137246 -0.852849 0.845479 -0.124030 -0.519405
-40.702644 -79.472594 -3054.152514 4337.853880 0.078839 0.995737 0.047885 -0.525728 0.082341 -0.846658 0.846991 -0.041576 -0.529978
-41.966285 -78.112873 -3486.963600 1228.794119 0.064552 0.997725 0.019436 -0.377271 0.042431 -0.925130 0.923851 -0.052386 -0.379152
-7.176730 -31.299395 5157.541999 -2503.238203 0.226126 0.936838 -0.266837 0.586719 -0.349659 -0.730411 0.777578 -0.008606 0.628728
14.309075 -13.155595 -2866.696481 4347.566059 -0.296010 0.822538 -0.485602 -0.732274 -0.521845 -0.437553 0.613313 -0.226073 -0.756794
5.665758 -17.652882 -3055.496021 641.268906 -0.153604 0.898706 -0.410772 -0.711062 -0.389190 -0.585595 0.686146 -0.202135 -0.698817
-2.806344 -11.989487 -2400.181621 332.543456 -0.187219 0.879342 -0.437842 -0.690144 -0.434930 -0.578392 0.699035 -0.193888 -0.688300
-9.250823 -58.318754 -156.712662 -1566.195319 0.121330 0.957783 0.260635 0.842145 -0.238317 0.483732 -0.525424 -0.160801 0.835507
-10.376972 -52.627466 -317.876005 -1965.115792 0.112396 0.969740 0.216729 0.741131 -0.227098 0.631785 -0.661886 -0.089614 0.744229
-9.065957 -54.131729 -74.669889 -1841.063265 0.089223 0.967463 0.236758 0.727716 -0.225620 0.647708 -0.680051 -0.114503 0.724169
2.413597 -53.097070 661.088551 -1779.111697 0.240501 0.915018 0.323883 0.568099 0.137864 -0.811330 0.787034 -0.379124 0.486665
2.265731 -58.993691 868.610237 -2454.986958 0.247039 0.921458 0.299812 0.425287 0.174907 -0.887997 0.870691 -0.346877 0.348675
4.079777 -57.992959 627.757354 -2293.210654 0.261414 0.912651 0.314214 0.412965 0.188483 -0.891030 0.872423 -0.362687 0.327621
69.396956 -41.549995 118523.506062 -2992.074986 0.353252 0.923014 0.152504 -0.353899 -0.019056 0.935090 -0.866007 0.384293 -0.319922
-10.949993 -43.479582 1334.463843 2411.926747 0.093518 0.987271 -0.128645 -0.485505 -0.067586 -0.871618 0.869218 -0.143969 -0.473005
-9.818761 -37.604636 -523.060569 3612.485929 0.148904 0.982083 -0.115501 -0.563203 -0.011779 -0.826235 0.812792 -0.188080 -0.551358
-12.612465 -38.936954 -666.775773 3022.605209 0.092256 0.986998 -0.131623 -0.564224 -0.057100 -0.823645 0.820451 -0.150251 -0.551620
-12.183075 -44.199929 -154.955061 1252.518512 0.084300 0.987328 -0.134454 -0.437334 -0.084583 -0.895312 0.895339 -0.134276 -0.424662
-14.458187 -30.670804 -2205.311350 3149.624181 0.153274 0.986321 -0.060643 -0.650910 0.054596 -0.757189 0.743521 -0.155531 -0.650374
-16.585615 -37.330586 -2274.571181 3293.463342 0.071739 0.987769 -0.138442 -0.607410 -0.066829 -0.791573 0.791143 -0.140878 -0.595186
-14.486305 -42.840847 -1824.359316 1787.914318 0.074142 0.985982 -0.149477 -0.493867 -0.093916 -0.864451 0.866371 -0.137914 -0.479981
-25.579179 -33.804704 1942.026986 -5386.568839 0.703744 -0.710093 -0.022624 -0.534528 -0.508235 -0.675261 -0.468000 -0.487304 0.737232
-30.546168 -42.960144 4388.340155 5838.518690 -0.344643 0.877837 0.332600 0.771377 0.062912 0.633262 -0.534976 -0.474810 0.698825
-27.933082 -41.734417 6450.693487 -8264.627457 0.791483 -0.609418 0.046521 -0.405549 -0.580601 -0.705998 -0.457257 -0.539919 0.706684
-4.348450 -37.357643 13843.939610 -3939.767577 0.871437 -0.465910 0.153382 -0.243870 -0.682847 -0.688656 -0.425588 -0.562714 0.708680
-8.740761 -30.200875 8783.652967 -3531.948321 0.869304 -0.455799 0.191200 -0.248003 -0.736828 -0.628950 -0.427557 -0.499331 0.753567
-6.769028 -19.648577 5901.600016 -2448.312400 0.216510 0.939231 -0.266399 0.676144 -0.341094 -0.653058 0.704239 0.038730 0.708906
-11.012338 -16.506927 4729.835061 -1256.916071 0.224365 0.939945 -0.257224 0.697260 -0.339241 -0.631462 0.680800 0.037674 0.731500
-15.553679 -18.846009 -1053.018893 3113.457645 0.629113 -0.537644 -0.561387 0.398086 0.843163 -0.361392 0.667641 0.003876 0.744473
13.240551 -16.050411 2453.508741 -3813.636279 0.123896 -0.991256 -0.045404 0.992037 0.122689 0.028477 -0.022657 -0.048571 0.998563
15.977984 -21.962559 -2219.324652 -4177.719513 -0.098665 0.994955 0.018176 0.994957 0.098963 -0.016309 0.018025 -0.016476 0.999702
2.960405 -177.241425 724.731541 10492.750464 0.834563 -0.129515 0.535472 -0.416083 -0.785235 0.458564 -0.361080 0.605502 0.709217
-0.157788 -150.440006 -184.697778 5461.541674 0.837914 -0.105872 0.535435 -0.343216 -0.864982 0.366072 -0.424385 0.490507 0.761118
1.817643 -160.890514 1301.730889 -6748.296690 0.853127 -0.089295 0.514004 0.261469 0.925755 -0.273152 -0.451451 0.367429 0.813134
-9.478637 -107.357873 2527.402977 20028.095030 0.851688 -0.167782 0.496464 0.201453 0.979389 -0.014606 -0.483781 0.112454 0.867935
-14.465590 -128.634363 2755.772431 14451.135082 0.855402 -0.164123 0.491274 0.100814 0.983088 0.152889 -0.508058 -0.081254 0.857481
-14.896249 -144.086895 4427.047618 18259.784902 0.875637 -0.106297 0.471126 -0.002566 0.974442 0.224625 -0.482962 -0.197899 0.852985
14.712414 -198.788559 -1795.365197 -49674.949725 0.764604 -0.014242 0.644343 -0.409255 0.761598 0.502473 0.497886 0.647893 -0.576492
13.617996 -153.427225 2723.781596 -46143.032324 -0.795396 0.036192 -0.605008 -0.258099 0.882956 0.392139 0.548388 0.468058 -0.692959
18.014995 -148.378864 -1841.299885 -47984.031593 -0.751443 0.050084 -0.657894 -0.246937 0.903299 0.350817 0.611846 0.426078 -0.666410
-3.418691 -26.997208 1020.992997 579.362636 0.772856 -0.633970 0.027844 -0.599354 -0.743666 -0.296202 -0.208490 -0.212233 0.954720
-4.196076 -26.111094 1489.911284 640.110420 0.772465 -0.634441 0.027978 -0.585027 -0.728058 -0.357317 -0.247066 -0.259647 0.933564
2.519982 -22.611279 2547.301804 -749.906248 0.673679 -0.738157 -0.035783 0.684725 0.605233 0.406011 -0.278043 -0.298023 0.913167
-12.482493 -75.208410 -266.360140 -3280.581447 -0.736022 0.152269 -0.659610 -0.120012 0.929591 0.348508 0.666235 0.335671 -0.665925
-13.997775 -74.630385 955.247691 -875.647952 -0.744792 0.085272 -0.661826 -0.178358 0.930278 0.320578 0.643019 0.356806 -0.677655
-13.353405 -79.789650 -770.409576 -2632.054887 -0.726430 0.216475 -0.652256 -0.121603 0.893630 0.432016 0.676397 0.393146 -0.622835
8.070581 -181.603133 -864.295411 31159.881242 0.790818 0.049907 0.610013 0.355122 -0.849164 -0.390907 -0.498492 -0.525766 0.689258
6.888206 -227.049296 -1542.281106 -29991.671298 0.793291 -0.003780 0.608832 -0.132508 0.974939 0.178707 -0.594249 -0.222441 0.772909
9.987341 -151.181849 265.553094 22343.757682 0.803006 0.080060 0.590569 0.372375 -0.841092 -0.392303 -0.465315 -0.534935 0.705214
-35.128140 -308.089192 1129.707979 169983.792687 -0.409199 0.158624 -0.898552 0.828375 0.477467 -0.292952 0.382559 -0.864213 -0.326778
-46.897278 -387.355079 6351.442865 153008.205680 -0.296837 0.201457 -0.933436 0.937736 0.246143 -0.245081 0.180385 -0.948066 -0.261978
-17.353630 -248.245342 -2115.946965 126528.024401 -0.338186 0.264072 -0.903270 0.870894 0.451536 -0.194058 0.356613 -0.852280 -0.382682
12.674331 -46.624767 47366.953471 30816.654296 0.366872 0.527533 -0.766234 0.810131 0.223692 0.541895 0.457268 -0.819555 -0.345304
-0.632446 -160.436086 23135.620525 57932.071830 -0.029816 0.435722 -0.899587 0.969416 0.231945 0.080213 0.243606 -0.869683 -0.429311
36.574180 -54.845177 24890.963825 24723.301679 0.432657 0.422475 -0.796444 0.835621 0.143716 0.530173 0.338447 -0.894908 -0.290849
-2.897800 -25.579461 330.351602 -698.761366 0.026969 0.820443 -0.571093 0.846055 0.285544 0.450172 -0.532412 0.495316 0.686439
-0.046763 -29.387396 -757.859724 -648.838276 -0.121630 -0.840506 0.527973 0.875603 0.159659 0.455883 -0.467468 0.517743 0.716530
-1.083715 -25.587099 -828.007279 -640.780964 0.140061 0.857686 -0.494730 0.840932 0.160729 0.516719 -0.522700 0.488407 0.698744
0.109334 -24.985174 -1309.596506 68.763141 0.147963 0.858935 -0.490242 0.841046 0.151518 0.519311 -0.520335 0.489155 0.699985
1.161068 -22.964429 -250.532401 -2074.656312 0.134915 0.853075 -0.504045 0.808894 0.198972 0.553263 -0.572266 0.482362 0.663203
-3.062484 -49.358780 676.118424 749.540018 0.891956 -0.272287 0.360936 -0.091849 0.672540 0.734339 0.442695 0.688150 -0.574866
1.006842 -46.856098 -1683.902090 445.152081 0.903269 -0.287797 0.318243 -0.039687 0.682478 0.729828 0.427236 0.671861 -0.605039
-0.674253 -48.489388 -268.746647 -506.473020 0.898709 -0.298247 0.321515 -0.073920 0.619627 0.781408 0.432272 0.726024 -0.534817
-65.817828 -86.486469 2938.666598 4635.250310 0.951739 0.203642 0.229615 -0.179255 0.976120 -0.122704 -0.249120 0.075623 0.965516
-61.089092 -77.469070 3309.752649 6012.375420 0.905189 0.399508 0.145000 -0.347795 0.892385 -0.287555 -0.244276 0.209861 0.946724
-61.645673 -75.403832 784.722329 8499.752199 0.911640 0.304810 0.275688 -0.211652 0.923188 -0.320824 -0.352302 0.234126 0.906128
-64.173361 -86.469525 -564.496122 6453.555404 0.922010 0.150245 0.356824 -0.108266 0.984919 -0.134958 -0.371719 0.085801 0.924372
