18261
36502
-22.875771 -36.920820 -647.107054 3132.982272 -0.141464 0.713737 0.685979 0.639118 -0.463332 0.613882 -0.755986 -0.525264 0.390618
-25.925552 -44.059416 -934.158300 2402.485190 -0.202096 0.763746 0.613066 0.527222 -0.442695 0.725299 -0.825345 -0.469801 0.313197
-27.753249 -45.653858 -356.049278 5225.566597 -0.458453 0.831339 0.314160 0.466159 -0.076019 0.881429 -0.756649 -0.550542 0.352685
-23.599249 -37.819335 -159.224404 2549.506074 0.040830 0.655619 0.753987 0.601643 -0.618608 0.505322 -0.797721 -0.432999 0.419707
-20.765022 -30.411592 -904.527679 3229.601238 -0.157082 0.685859 0.710579 0.708399 -0.423077 0.564958 -0.688111 -0.592118 0.419404
-19.394036 -31.521551 273.345694 -1586.954354 0.167283 0.521898 0.836444 -0.662994 0.687470 -0.296352 -0.729696 -0.504983 0.461017
-40.786125 -60.885301 -751.174916 368.861787 0.696360 0.460652 -0.550348 -0.607715 0.786400 -0.110715 -0.381792 -0.411552 -0.827562
-40.621188 -56.451549 985.290048 1830.469271 -0.708325 -0.395546 0.584652 -0.501586 0.864812 -0.022600 -0.496675 -0.309261 -0.810969
-39.310525 -56.592318 -87.559200 2406.052444 -0.733123 -0.473836 0.487864 -0.526600 0.849445 0.033687 -0.430376 -0.232212 -0.872270
42.721933 -106.748441 3955.623541 -20954.825556 0.927898 0.178025 -0.327587 -0.146067 -0.634820 -0.758728 0.343031 -0.751872 0.563044
47.437780 -129.888416 4394.496007 -15321.424617 0.928952 0.176141 -0.325611 -0.226162 -0.426315 -0.875846 0.293085 -0.887260 0.356190
49.285236 -118.000865 967.666140 -21262.255551 0.957554 0.046290 -0.284514 -0.205444 -0.582751 -0.786253 0.202196 -0.811331 0.548506
45.659044 -81.474502 1792.393469 -16490.898750 0.954813 0.088552 -0.283708 -0.131929 -0.729098 -0.671573 0.266320 -0.678656 0.684470
37.747990 -71.940622 4264.706317 -9354.765013 0.918835 0.193895 -0.343726 -0.096163 -0.734724 -0.671515 0.382747 -0.650065 0.656445
-11.914828 -15.432266 -413.871320 -1098.701366 0.708668 -0.596053 0.377505 -0.672936 -0.731803 0.107800 -0.212005 0.330432 0.919711
-9.753662 -12.502111 1349.408356 -533.464421 0.857623 0.508978 -0.073641 0.494127 -0.775836 0.392323 -0.142550 0.372853 0.916875
-10.164380 -12.988707 -352.722151 1338.095575 0.657923 -0.624128 0.421428 0.724102 0.678030 -0.126299 -0.206914 0.388252 0.898024
-14.351686 -15.513650 -529.711287 -1028.628057 0.863481 -0.407519 0.297202 -0.470345 -0.863366 0.182687 -0.182146 0.297534 0.937175
-9.794646 -17.940144 -308.328855 953.686246 0.644355 -0.627109 0.437653 0.712300 0.700425 -0.045084 -0.278271 0.340790 0.898013
-11.355584 -19.840100 -372.922746 697.200630 0.666331 -0.630851 0.397531 0.689222 0.724530 -0.005483 -0.284564 0.277641 0.917572
-13.672072 -19.725117 -579.395849 657.583449 0.677011 -0.645687 0.353191 0.688704 0.725024 0.005317 -0.259505 0.239644 0.935536
19.434653 -22.759867 5150.882162 -325.216601 0.820323 -0.478313 0.313508 0.320246 -0.069997 -0.944745 -0.473828 -0.875396 -0.095758
31.276663 -25.348088 3114.904638 -313.170694 0.775963 -0.589471 0.224514 0.225956 -0.072551 -0.971432 -0.588919 -0.804525 -0.076897
23.427247 -23.846550 6627.800077 -40.157832 0.843875 -0.500208 0.194081 0.162611 -0.106276 -0.980950 -0.511305 -0.859359 0.008344
28.963570 -24.433695 1458.623319 458.061458 0.748277 -0.607805 0.265809 0.347619 0.017981 -0.937463 -0.565015 -0.793883 -0.224739
4.778583 -21.632743 5329.004633 -379.506721 0.824529 -0.433664 0.363439 0.332660 -0.148046 -0.931354 -0.457700 -0.888830 -0.022195
-0.111723 -21.795107 2942.334479 -559.773170 0.709006 -0.406187 0.576475 0.545533 -0.202106 -0.813355 -0.446883 -0.891160 -0.078294
9.268800 -22.872158 4740.192595 -204.785042 0.763775 -0.400229 0.506423 0.518147 -0.087718 -0.850782 -0.384930 -0.912207 -0.140381
25.661878 -23.041744 4067.553159 379.542238 0.791600 -0.500063 0.351149 0.417683 0.023380 -0.908292 -0.445994 -0.865673 -0.227376
23.784136 -51.208758 1217.360560 559.013601 -0.017891 -0.729991 -0.683222 0.992844 0.067721 -0.098355 0.118067 -0.680093 0.723556
15.958083 -51.329299 1359.736316 -41.104489 -0.039415 -0.680214 -0.731953 0.997135 -0.074110 0.015177 -0.064569 -0.729258 0.681186
20.322842 -52.410164 1080.288319 -385.265516 0.026163 -0.735378 -0.677152 0.998093 -0.018672 0.058840 -0.055913 -0.677400 0.733487
-0.961060 -71.948309 172.210068 2577.522426 0.568556 -0.699799 -0.432465 0.785797 0.306417 0.537244 -0.243448 -0.645283 0.724115
-1.988922 -70.202664 22.298676 999.399280 0.564094 -0.709595 -0.422224 0.773671 0.275554 0.570529 -0.288499 -0.648494 0.704431
-1.371287 -81.237044 39.779025 4095.685769 0.585853 -0.702986 -0.403221 0.692672 0.176076 0.699430 -0.420691 -0.689063 0.590094
0.667041 -86.107886 312.477662 5848.575042 0.590695 -0.694364 -0.411021 0.707227 0.200290 0.678023 -0.388471 -0.691190 0.609383
-1.672519 -90.048685 -29.318547 -5610.110725 0.610413 -0.710049 -0.351037 -0.529011 -0.035607 -0.847868 -0.589528 -0.703252 0.397359
-0.845570 -98.311114 75.492122 -6482.723194 0.609852 -0.703308 -0.365293 -0.553148 -0.047656 -0.831719 -0.567546 -0.709287 0.418096
4.509788 -8.648796 -1969.760274 -676.665812 -0.550184 -0.706575 0.445028 0.823732 -0.546658 0.150438 0.136982 0.449352 0.882790
5.413002 -8.843668 -1837.452310 143.857826 -0.521240 -0.729293 0.443216 0.844360 -0.516142 0.143713 0.123953 0.449143 0.884820
-1.267851 -11.020920 -903.485908 49.086453 -0.306370 -0.828558 0.468645 0.944406 -0.326271 0.040549 0.119308 0.455014 0.882455
-0.785823 -9.632764 -1130.938917 -382.133807 -0.405020 -0.788237 0.463295 0.904431 -0.419679 0.076639 0.134026 0.450058 0.882884
6.410250 -6.720646 -2522.163444 55.637856 -0.611163 -0.657999 0.439906 0.775633 -0.608632 0.167216 0.157713 0.443402 0.882339
13.025104 -22.562606 2878.551097 1518.710517 0.731420 0.608343 -0.308128 0.681618 -0.638605 0.357185 -0.020519 0.471278 0.881746
8.932348 -25.846915 2696.025112 1267.506727 0.736344 0.602830 -0.307235 0.674222 -0.615644 0.407929 -0.056765 0.507521 0.859768
6.917001 -22.651724 -2928.626636 938.653043 -0.653943 -0.657755 0.373786 0.756439 -0.560258 0.337507 -0.012581 0.503457 0.863929
-2.887754 -65.467332 -20.039305 4749.927310 0.895174 0.390244 -0.215345 -0.420661 0.579995 -0.697603 0.147336 -0.715064 -0.683356
-2.389841 -55.601378 7.173438 3097.831353 0.883620 0.407481 -0.230597 -0.459824 0.662487 -0.591331 0.088189 -0.628546 -0.772756
-2.887382 -61.531338 -99.080731 4637.953928 0.884469 0.409235 -0.224146 -0.444153 0.591212 -0.673199 0.142979 -0.694978 -0.704672
-2.292611 -60.383701 -19.143641 2944.747771 0.893061 0.389398 -0.225412 -0.440007 0.651189 -0.618342 0.093995 -0.651400 -0.752890
-3.394050 -73.014140 -73.482737 5435.531252 0.889886 0.402260 -0.215153 -0.407199 0.487818 -0.772154 0.205651 -0.774739 -0.597902
-3.284433 -76.201934 23.671408 5636.666891 0.896675 0.388786 -0.211707 -0.389048 0.463888 -0.795896 0.211224 -0.796024 -0.567213
-2.429052 -69.220913 -54.721573 4915.261430 0.901471 0.376241 -0.213993 -0.404914 0.558337 -0.724089 0.152952 -0.739394 -0.655670
27.805374 -66.300454 -4111.375669 -532.284040 -0.145231 0.948470 0.281625 -0.178859 0.254785 -0.950313 0.973097 0.188386 -0.132640
24.161066 -71.337727 -3774.824820 751.657569 -0.072653 0.925485 0.371751 -0.185575 0.353682 -0.916772 0.979940 0.135594 -0.146051
39.918756 -67.456809 -6279.789463 -27.246329 -0.099860 0.957151 0.271828 0.014279 0.274544 -0.961469 0.994899 0.092131 0.041083
35.598702 -62.076608 -672.168011 -1129.958818 -0.331653 0.921855 0.200472 -0.010969 0.208717 -0.977915 0.943338 0.326528 0.059110
43.506519 -61.639771 -99.844157 -1418.778196 -0.331623 0.925715 0.181874 0.147863 0.241402 -0.959094 0.931752 0.291166 0.216934
51.738020 -65.769390 -7808.419154 -3215.270056 -0.075295 0.955570 0.284986 0.229505 0.294731 -0.927610 0.970391 0.004438 0.241499
17.494960 -63.370921 4045.388844 -9528.155367 0.846050 0.182058 -0.501054 0.185454 0.780664 0.596800 -0.499807 0.597845 -0.626717
5.917172 -63.636276 3062.579829 -9964.122232 0.859765 0.184054 -0.476370 0.144875 0.806573 0.573107 -0.489709 0.561752 -0.666798
12.941359 -86.630289 4716.172986 -10747.293195 0.862062 0.192388 -0.468867 0.239869 0.660078 0.711870 -0.446444 0.726143 -0.522880
8.904066 -77.367793 -808.144306 6412.838211 0.895663 0.374454 -0.239939 0.438714 -0.832379 0.338637 0.072916 0.408570 0.909810
7.797621 -88.926886 -501.016434 4916.575348 0.866980 0.420999 -0.266656 0.498176 -0.718320 0.485631 -0.012906 0.553874 0.832501
10.684838 -92.704604 -715.124390 6258.871106 0.873529 0.397863 -0.280449 0.485720 -0.750298 0.448474 0.031989 0.527975 0.848657
-33.379662 -290.721652 -637.782565 4746.502178 -0.914005 -0.350522 -0.204275 -0.304588 0.925476 -0.225211 0.267993 -0.143625 -0.952655
-37.365443 -276.545448 -2365.470312 -34709.230309 0.928081 0.326848 0.178426 -0.180672 0.814211 -0.551741 0.325612 -0.479824 -0.814706
-39.401682 -406.830395 1416.009209 -67305.349753 0.903964 0.414863 0.103621 -0.373042 0.883557 -0.283137 0.209018 -0.217291 -0.953465
-36.654287 -280.812152 1016.733983 -4864.477904 -0.884244 -0.400454 -0.240310 -0.322009 0.895462 -0.307340 0.338264 -0.194382 -0.920757
-27.355507 -316.247329 120.761919 20724.278128 0.919008 0.358153 0.164776 -0.376162 0.921716 0.094557 0.118011 0.148881 -0.981788
-29.084381 -302.035206 -1776.053293 30402.894831 -0.887795 -0.398324 -0.230558 -0.424186 0.902537 0.074117 0.178564 0.163600 -0.970232
-6.349432 -149.995391 -759.979980 6845.725854 0.696705 0.614719 -0.369760 -0.653758 0.756275 0.025476 0.295301 0.223984 0.928778
-0.254568 -168.671485 1076.864264 -6214.088890 0.695483 0.603778 -0.389558 -0.549508 0.796243 0.253058 0.462974 0.038067 0.885554
-7.938230 -165.565254 1868.794198 -12225.706297 0.749236 0.515807 -0.415439 0.596318 -0.798313 0.084265 0.288186 0.310868 0.905710
-10.300011 -137.678186 -2074.552173 -17261.686190 0.715998 0.612569 -0.334824 0.696087 -0.662874 0.275790 0.053005 0.430532 0.901018
-14.322158 -77.324855 802.877813 164.188350 0.693451 0.617546 -0.371164 0.459523 0.017705 0.887990 -0.554946 0.786336 0.271499
-26.039870 -65.529964 3223.853872 -2047.984880 0.744696 0.599189 -0.293942 0.319663 0.066394 0.945202 -0.585870 0.797850 0.142096
-18.130924 -90.092576 3466.463059 11016.337239 -0.543798 -0.569138 0.616738 0.551353 0.311750 0.773836 -0.632687 0.760851 0.144267
58.852984 -3166.689134 -257.045403 -212486.171132 0.644555 0.514843 -0.565231 0.754089 -0.306170 0.581042 0.126089 -0.800748 -0.585581
28.299872 -1476.807970 3537.997667 213590.070385 0.782340 0.457153 -0.423031 -0.116800 -0.559456 -0.820589 0.611802 -0.691390 0.384289
-8.031351 -1956.819102 2742.463226 242257.267092 0.771265 0.500338 -0.393462 -0.078742 -0.538404 -0.839000 0.631625 -0.678073 0.375854
46.590936 -1030.544228 2244.767965 298218.187954 0.744470 0.373221 -0.553598 -0.612236 0.050858 -0.789038 0.266330 -0.926347 -0.266362
106.019101 -1422.332079 -30451.688091 424691.940199 -0.654423 -0.602346 0.457066 -0.516097 0.797610 0.312189 -0.552607 -0.031587 -0.832844
10627.649181 437.006362 8412194.626742 -131000.987127 -0.294407 0.952394 -0.079178 -0.790825 -0.196268 0.579719 -0.536581 -0.233289 -0.810960
28.988932 13.991250 2408.307950 10302.938970 -0.186053 0.952047 -0.242880 0.927003 0.088158 -0.364547 0.325654 0.292975 0.898952
29.869401 -13.736068 945.473821 4708.701032 -0.289495 0.945498 -0.149084 0.924876 0.236189 -0.298026 0.246570 0.224161 0.942844
23.107519 -14.779592 -2737.431870 5933.720373 0.337378 -0.915141 0.220666 0.907644 0.254046 -0.334129 0.249716 0.313014 0.916332
-6.580866 -27.929771 -11.633421 -489.265004 0.855899 -0.503954 0.116051 0.506412 0.862240 0.009416 -0.104809 0.050711 0.993199
-5.451568 -26.382175 -429.729603 -706.834055 0.862747 -0.494324 0.106357 0.481005 0.867208 0.128780 -0.155893 -0.059946 0.985953
-7.047573 -27.373718 -347.402942 -674.484723 0.852327 -0.514808 0.092260 0.511641 0.857304 0.057037 -0.108458 -0.001410 0.994100
-6.480123 -27.971409 235.782046 -235.362117 0.848755 -0.517998 0.106268 -0.526585 -0.846296 0.080566 -0.048202 0.124340 0.991068
17.051384 6.318064 2566.422260 -4323.976196 0.833226 -0.546005 0.087254 -0.517739 -0.715018 0.469781 0.194115 0.436609 0.878460
24.690181 15.662180 2686.372320 -2220.876475 0.977530 -0.210412 0.012731 -0.187164 -0.838567 0.511639 0.096980 0.502526 0.859106
29.346057 14.166615 6609.688086 128.584363 0.966363 0.104607 -0.234947 0.198375 -0.884583 0.422090 0.163677 0.454500 0.875580
-10.619831 -24.864659 440.502832 -31.921387 0.539734 -0.660001 0.522576 0.641531 0.724412 0.252320 -0.545092 0.199063 0.814401
-10.820310 -24.953507 447.196303 -247.201860 0.518831 -0.677279 0.521640 0.588736 0.725508 0.356410 -0.619843 0.122192 0.775154
-9.273448 -24.365344 159.739913 -124.360360 0.558216 -0.667078 0.493357 0.619072 0.730767 0.287626 -0.552398 0.144866 0.820896
-9.354658 -23.948642 -162.912258 -1081.145561 0.236160 0.776816 0.583769 0.673870 -0.563756 0.477575 -0.700091 -0.280600 0.656609
-9.463415 -27.835188 -266.012563 -1004.153043 0.244811 0.704486 0.666158 0.681157 -0.613915 0.398914 -0.689995 -0.356100 0.630159
-9.925309 -27.721017 -364.306743 -974.805861 0.308955 0.696602 0.647528 0.716271 -0.618337 0.323444 -0.625702 -0.363876 0.689993
-57.017347 -709.037217 20908.642179 219332.345876 0.928123 0.289991 0.233435 0.295216 -0.191326 -0.936078 0.226792 -0.937710 0.263184
-150.842238 -892.940632 43997.401318 302333.306178 0.871317 0.319524 0.372438 0.410063 -0.057206 -0.910262 0.269545 -0.945850 0.180869
-59.412656 -432.946721 -2680.912287 117872.384436 0.904926 0.144377 0.400331 0.357541 0.252271 -0.899180 0.230813 -0.956825 -0.176666
-129.747286 -1089.264802 48181.425344 487787.032426 0.885545 0.327537 0.329437 0.454097 -0.460698 -0.762597 0.098007 -0.824910 0.556702
13.466361 -612.021966 -7559.328233 183173.871786 0.969073 0.197652 0.147753 0.188605 -0.207107 -0.959966 0.159138 -0.958144 0.237980
-79.581232 -1044.208605 23513.377699 417127.682180 0.918425 0.295453 0.263064 0.382476 -0.493356 -0.781224 0.101031 -0.818112 0.566114
33.385739 -154.371813 4722.695593 23259.026251 0.729343 0.647030 0.222287 0.194523 -0.507622 0.839333 -0.655912 0.568922 0.496093
28.336498 -174.611162 4060.460360 20692.274230 0.744215 0.607173 0.278363 -0.081843 -0.330715 0.940175 -0.662908 0.722474 0.196430
16.719401 -137.217130 2719.357610 22179.346478 0.754926 0.609701 0.241558 0.188289 -0.554336 0.810715 -0.628199 0.566548 0.533283
15.355392 7.487898 -3132.422450 -2159.966172 -0.227153 0.927724 0.296191 -0.889169 -0.321626 0.325477 -0.397215 0.189430 -0.897962
7.557590 3.881351 -3222.097449 -2281.934819 -0.139876 0.968641 0.205351 -0.902649 -0.209989 0.375671 -0.407012 0.132812 -0.903716
12.369944 3.983047 -2387.495584 -2705.498796 -0.783417 0.408440 0.468439 0.421430 0.903089 -0.082620 -0.456787 0.132689 -0.879624
12.197673 11.081503 -1172.435499 1244.106164 -0.448764 0.791140 0.415582 -0.742038 -0.589028 0.320040 -0.497986 0.164755 -0.851391
8.702993 -33.802923 -4134.874505 -1206.783378 0.904744 -0.425500 0.019709 0.419205 0.897657 0.135939 0.075534 0.114728 -0.990521
4.579320 -45.005598 -2480.544901 -6779.411435 0.848158 -0.529705 -0.006310 0.522264 0.834131 0.177383 0.088698 0.153744 -0.984122
3.907107 -44.881079 -1827.779779 -1500.088589 0.869094 -0.494475 0.013044 0.489660 0.863766 0.118915 0.070068 0.096961 -0.992819
11.193638 -34.270125 -4180.104030 -5287.893703 0.892061 -0.450525 0.035421 0.436999 0.879934 0.186407 0.115149 0.150807 -0.981834
13.997048 -44.624933 2798.911986 5785.882199 -0.914092 0.400095 -0.066028 0.391098 0.912866 0.117122 0.107135 0.081237 -0.990920
18.302252 -30.088616 4514.106094 255.336140 -0.940092 0.327242 -0.095605 0.311768 0.938672 0.147296 0.137943 0.108665 -0.984461
-30.068998 -34.207659 -149.357090 151.704498 0.929287 -0.198463 0.311508 -0.147427 0.573982 0.805487 0.338659 0.794454 -0.504135
-31.014586 -35.330553 35.737144 -336.512169 0.782700 -0.015479 0.622207 -0.524768 0.521120 0.673092 0.334663 0.853343 -0.399757
-30.228097 -32.837414 1481.010642 693.213155 0.778267 -0.575105 -0.252102 0.464624 0.257340 0.847290 0.422404 0.776551 -0.467487
-28.172140 -33.716086 1463.640824 0.209028 0.867550 -0.492129 -0.071882 0.336908 0.475194 0.812825 0.365857 0.729384 -0.578056
-26.628159 -33.270134 1683.516599 -93.910468 0.705560 -0.644988 -0.293556 0.570901 0.271933 0.774677 0.419830 0.714173 -0.560089
-26.385690 -33.404211 1610.486998 822.970548 0.690460 -0.654842 -0.307321 0.532360 0.172363 0.828784 0.489752 0.735848 -0.467622
-28.522993 -33.031584 1680.584480 253.276589 0.644814 -0.641634 -0.415357 0.561551 0.029026 0.826933 0.518532 0.766462 -0.379026
29.899320 -40.403246 847.724053 6361.069898 -0.917166 0.321600 -0.235331 0.294219 0.944763 0.144426 0.268779 0.063224 -0.961125
22.349764 -32.718924 2746.018751 5657.541726 -0.931191 0.337207 -0.138474 0.316019 0.936099 0.154438 0.181703 0.100050 -0.978250
22.707503 -55.590661 2543.517638 9950.583783 -0.916676 0.373309 -0.142635 0.367875 0.927688 0.063743 0.156117 0.005960 -0.987721
6.839667 -87.328226 772.367907 13230.784977 -0.271564 0.949034 -0.159963 -0.633976 -0.301451 -0.712181 0.724105 0.091990 -0.683527
7.986285 -61.969396 842.040447 8993.938789 -0.215801 0.972572 -0.086799 -0.735764 -0.220407 -0.640369 0.641936 0.074329 -0.763147
8.667880 -100.834485 613.047932 21813.654204 -0.252513 0.949890 -0.184245 -0.709456 -0.311241 -0.632299 0.657959 0.028950 -0.752497
6.280935 -58.516776 379.771993 7913.474386 -0.236846 0.968383 -0.078353 -0.687729 -0.224075 -0.690521 0.686246 0.109662 -0.719056
8.054909 -128.732314 361.486118 27758.317101 -0.277079 0.931237 -0.236697 -0.597660 -0.359923 -0.716421 0.752350 0.057041 -0.656290
4.793478 -78.912843 606.337531 9008.599331 -0.294544 0.944608 -0.144774 -0.573501 -0.295904 -0.763896 0.764421 0.141973 -0.628891
6.080935 -108.778575 681.672577 14290.744716 -0.299647 0.930725 -0.209672 -0.505665 -0.341298 -0.792350 0.809020 0.131402 -0.572904
20.871166 -28.174114 -249.241108 76.691868 0.639880 -0.655767 0.400653 -0.575920 -0.064030 0.814995 0.508793 0.752243 0.418641
19.149558 -29.118165 2172.752422 158.112491 0.581026 -0.732845 0.354044 -0.515213 0.005567 0.857044 0.630051 0.680373 0.374337
18.372328 -28.833299 2410.339215 247.790213 0.568912 -0.744138 0.350140 0.576968 0.057754 -0.814722 0.586044 0.665525 0.462201
0.299646 -37.696008 -223.417552 1088.030675 -0.054664 0.962105 -0.267144 0.316146 -0.237103 -0.918604 0.947134 0.134671 0.291205
-1.252479 -37.146265 -208.039335 1004.661145 -0.074022 0.968554 -0.237535 0.305946 -0.204647 -0.929794 0.949167 0.141498 0.281177
1.322778 -42.185109 -156.074885 668.049292 -0.066362 0.964398 -0.255995 0.517761 -0.186033 -0.835054 0.852947 0.187960 0.486982
2.604647 -41.667511 -270.432889 634.293973 -0.049042 0.958592 -0.280529 0.508017 -0.217882 -0.833334 0.859950 0.183382 0.476295
1.676891 -37.673854 -350.758705 1101.099464 -0.039225 0.954139 -0.296783 0.310638 -0.270651 -0.911182 0.949719 0.127933 0.285775
6.733888 -28.716733 -166.336323 -3805.595086 -0.455196 0.781578 -0.426536 0.826921 0.548710 0.122964 -0.330150 0.296739 0.896073
4.677850 -26.246969 -1081.871449 1628.774766 -0.500486 0.769359 -0.396990 0.802016 0.584702 0.122038 -0.326012 0.257314 0.909673
10.508997 -27.436309 -1176.430685 -879.806843 -0.543611 0.725820 -0.421512 0.743930 0.649198 0.158459 -0.388658 0.227435 0.892871
-5.672691 -60.722424 -218.440504 -856.900012 -0.223854 0.909601 -0.350022 0.181748 -0.313877 -0.931906 0.957526 0.272227 0.095056
-6.437550 -59.757944 -123.989474 -960.287825 -0.257938 0.890242 -0.375417 0.198225 -0.331537 -0.922383 0.945608 0.312335 0.090952
-6.356413 -58.538203 -187.902710 -437.430922 -0.233699 0.913614 -0.332708 0.384989 -0.227269 -0.894501 0.892843 0.337133 0.298619
-5.203410 -60.276175 -236.948853 -383.607995 -0.204668 0.930408 -0.304059 0.374939 -0.212423 -0.902384 0.904175 0.298693 0.305370
-2.883129 -55.068515 -742.373768 -420.063640 0.264567 -0.776985 0.571226 0.946227 0.323500 0.001776 -0.186171 0.540039 0.820791
-6.221922 -54.895621 -355.115011 -1613.550136 0.269341 -0.799095 0.537497 0.953809 0.298456 -0.034242 -0.133056 0.521892 0.842570
-3.128121 -56.770491 -800.992958 -1790.668564 0.287264 -0.764899 0.576549 0.956903 0.255943 -0.137218 -0.042606 0.591120 0.805458
-8.059579 -36.582396 -444.418203 848.745019 -0.410830 0.815080 -0.408488 0.842421 0.168042 -0.511947 -0.348635 -0.554442 -0.755677
-10.318173 -36.700766 -836.031809 1119.154245 -0.390556 0.827859 -0.402635 0.865859 0.181798 -0.466087 -0.312656 -0.530659 -0.787812
-7.490549 -33.027081 -311.460335 766.827803 -0.426324 0.814803 -0.392866 0.879974 0.272983 -0.388749 -0.209508 -0.511445 -0.833385
-5.470207 -33.906094 -9.534365 723.094555 -0.435595 0.805972 -0.400832 0.865404 0.252457 -0.432830 -0.247656 -0.535420 -0.807460
-5.652167 -31.526145 -90.732837 373.180922 -0.422710 0.808100 -0.410231 0.900238 0.322301 -0.292735 -0.104341 -0.493048 -0.863723
-7.038039 -30.024203 -234.946653 280.990424 -0.410847 0.822070 -0.394216 0.908473 0.332769 -0.252867 -0.076692 -0.462024 -0.883545
393.496018 -30.866885 57727.680661 1125.366648 -0.138900 0.963881 -0.227244 0.512945 0.266314 0.816067 -0.847109 0.003212 0.531409
815.772701 -5.813709 131581.443479 4300.631378 -0.236214 0.939192 -0.249240 0.413929 0.329319 0.848653 -0.879128 -0.097295 0.466549
156.508226 -31.344015 25447.397425 350.994232 -0.157180 0.970651 -0.182018 0.373225 0.229024 0.899028 -0.914329 -0.073375 0.398270
-10.877014 -71.960116 -1203.024136 555.593340 0.085306 -0.869057 0.487302 0.970184 0.183812 0.157973 -0.226860 0.459297 0.858825
-11.094744 -70.460807 23.666076 969.096773 0.085939 -0.897006 0.433584 0.962073 0.187807 0.197848 -0.258901 0.400136 0.879125
-11.809216 -67.695480 -851.787438 1712.642909 0.097535 -0.877013 0.470464 0.992259 0.122207 0.022100 -0.076876 0.464666 0.882143
-9.375954 -67.573797 -920.039532 2058.411574 0.099518 -0.865561 0.490816 0.994352 0.068224 -0.081301 0.036886 0.496135 0.867462
-6.998638 -71.561634 -1329.374624 1055.023900 0.092846 -0.855315 0.509722 0.975798 0.179959 0.124231 -0.197986 0.485851 0.851323
-2.531818 -67.940587 228.561836 1896.888027 -0.049970 0.998347 -0.028390 -0.586115 -0.006297 0.810203 -0.808685 -0.057126 -0.585461
-3.285184 -66.448200 328.394917 -318.697401 -0.041246 0.998087 -0.046058 -0.470998 0.021231 0.881879 -0.881170 -0.058067 -0.469221
-2.109727 -69.006628 420.889376 -813.074455 -0.028937 0.998385 -0.048879 -0.509562 0.027335 0.859999 -0.859947 -0.049793 -0.507949
-1.656440 -69.311703 381.596921 1854.486753 -0.037323 0.998843 -0.030329 -0.619756 0.000672 0.784794 -0.783907 -0.048087 -0.619014
-0.564885 -75.757870 492.144959 -3558.490483 -0.012262 0.996709 -0.080131 -0.425274 0.067329 0.902557 -0.904981 -0.045145 -0.423049
-0.311200 -71.281926 468.559201 -1480.598602 -0.024230 0.998538 -0.048319 -0.547729 0.027173 0.836214 -0.836305 -0.046728 -0.546270
2.782310 -101.908783 1230.085553 -11121.251066 -0.230716 0.932526 -0.277787 -0.838609 -0.335354 -0.429270 0.493462 -0.133915 -0.859396
1.585117 -102.874789 -335.660207 -11942.517901 -0.156401 0.949257 -0.272855 -0.824367 -0.277619 -0.493302 0.544020 -0.147780 -0.825956
9.052096 -80.369085 1195.457995 -15069.656947 -0.251455 0.922145 -0.293972 -0.689195 -0.383846 -0.614550 0.679544 -0.048072 -0.732058
6.360890 -56.911500 -8627.376762 1455.901512 -0.294918 -0.689492 0.661532 0.800298 0.200020 0.565256 -0.522059 0.696127 0.492810
3.190355 -56.190583 -3041.871735 1557.591216 -0.309304 -0.716363 0.625424 0.778480 0.186984 0.599171 -0.546168 0.672206 0.499840
4.956626 -49.687637 -7842.350220 2618.278780 -0.304711 -0.689653 0.656910 0.877088 0.065699 0.475815 -0.371305 0.721154 0.584867
17.928294 -49.722152 -8850.213985 2665.473231 -0.280618 -0.698847 0.657926 0.893474 0.060227 0.445058 -0.350652 0.712731 0.607501
20.280069 -57.550144 -8172.951993 1568.024487 -0.313031 -0.724826 0.613709 0.785808 0.165252 0.595985 -0.533402 0.668819 0.517845
17.749156 -32.948465 -23410.182700 2002.083895 0.060936 0.996494 -0.057332 -0.509989 0.080458 0.856410 -0.858020 0.022947 -0.513104
-2.386961 -37.278227 -10032.540931 2078.194053 0.010795 0.997256 0.073242 -0.552811 -0.055083 0.831484 -0.833237 0.049465 -0.550700
15.828313 -34.233686 -12352.927703 3331.471429 0.091069 0.992129 0.085945 -0.616565 -0.011599 0.787218 -0.782019 0.124682 -0.610656
32.401496 -29.810404 -19150.473330 2705.139784 0.162077 0.986703 -0.012152 -0.555777 0.101454 0.825118 -0.815379 0.126979 -0.564830
0.855497 -98.623595 584.598246 -5555.039049 0.068049 -0.976675 0.203654 0.996908 0.058527 -0.052430 0.039288 0.206592 0.977638
3.460142 -93.695646 125.526597 -1789.238460 0.091483 -0.972857 0.212557 0.992777 0.072465 -0.095618 0.077619 0.219769 0.972459
2.534806 -101.512648 385.885918 -9020.146859 0.071066 -0.975811 0.206744 0.982199 0.032327 -0.185041 0.173882 0.216214 0.960738
-2.550132 -121.007591 -2065.218298 -15920.226715 -0.053370 0.984000 -0.169987 0.978556 0.017621 -0.205226 0.198947 0.177295 0.963840
4.024281 -121.159402 -393.114099 -13884.303956 -0.091664 0.977249 -0.191263 0.935995 0.019000 -0.351500 0.339869 0.211241 0.916442
41.727551 -155.805776 4400.886855 1202.063349 0.154016 0.918327 -0.364629 0.111262 -0.382804 -0.917105 0.981784 -0.100680 0.161133
36.547349 -154.141183 3055.842482 1840.266229 0.177018 0.912724 -0.368239 0.318535 -0.407140 -0.856021 0.931236 -0.034235 0.362805
29.346648 -153.723918 4102.564182 2710.663494 0.119478 0.930267 -0.346884 0.314453 -0.366856 -0.875520 0.941724 0.004473 0.336356
35.974572 -159.532487 3399.798825 -1920.588428 0.103036 0.939135 -0.327733 0.085469 -0.336627 -0.937751 0.990999 -0.068611 0.114951
-2.965174 -229.209961 21197.754720 100932.709291 -0.124759 0.987189 0.099468 0.992102 0.122811 0.025497 0.012954 0.101863 -0.994714
16.801518 -258.063124 19970.032077 115553.514918 -0.004966 0.993158 0.116670 0.997248 0.013549 -0.072887 -0.073969 0.115987 -0.990493
23.216469 -433.709183 14521.853405 -166596.280832 -0.032442 0.998875 0.034573 -0.974437 -0.039305 0.221195 -0.222306 0.026513 -0.974616
23.759990 -335.925102 22726.457390 -140343.439191 0.089058 0.990861 0.101309 -0.955167 0.056128 0.290698 -0.282355 0.122656 -0.951436
26.637667 -476.794627 31327.672830 -190874.552990 0.123249 0.988775 0.084461 -0.837629 0.058013 0.543150 -0.532154 0.137690 -0.835376
31.162567 -153.048186 3347.786787 -11176.066978 -0.051650 0.981786 -0.182834 0.032660 -0.181320 -0.982882 0.998131 0.056737 0.022700
33.625949 -160.969945 3137.137971 -5376.994894 0.029496 0.962782 -0.268663 0.057352 -0.269968 -0.961160 0.997918 -0.012942 0.063180
19.409775 -146.077109 936.921638 5844.699841 -0.036187 0.976702 -0.211525 0.214568 -0.199134 -0.956194 0.976039 0.079989 0.202363
9.094300 -149.836029 579.638364 13171.577960 -0.022479 0.970491 -0.240085 0.411228 -0.209914 -0.887033 0.911255 0.118669 0.394374
9.791447 -147.199578 -521.026152 17281.757142 -0.061315 0.984760 -0.162752 0.384150 -0.127216 -0.914464 0.921233 0.118592 0.370495
8.087450 -631.151841 -2515.917303 337688.857162 0.240665 0.966890 0.084880 -0.898015 0.188628 0.397478 -0.368307 0.171882 -0.913677
417.368766 -517.614656 379439.949649 -41215.527761 -0.688660 -0.554838 0.466799 -0.032890 0.667027 0.744307 -0.724338 0.497222 -0.477604
90.336555 -1429.855265 -17413.072759 743817.636376 0.245053 0.969404 -0.014320 -0.867792 0.225905 0.442611 -0.432304 0.096036 -0.896599
-4.476690 -10.523895 -22.607771 210.447272 -0.506822 0.830070 -0.232627 -0.615002 -0.537259 -0.577170 0.604072 0.149456 -0.782790
-4.017079 -11.332737 -15.692656 -213.317520 -0.618488 0.699613 -0.357791 0.502546 0.702200 0.504344 0.604087 0.132124 -0.785890
-5.888215 -10.345363 -113.383086 -490.974360 -0.524909 0.811062 -0.258166 -0.612077 -0.570455 -0.547670 0.591466 0.129459 -0.795869
-6.291017 -11.237258 204.836928 -721.455147 -0.244934 0.969540 0.000507 -0.776048 -0.195739 -0.599529 0.581168 0.147239 -0.800353
-7.163493 -12.499517 -144.962538 -951.868409 -0.471577 0.853161 -0.223006 -0.669602 -0.511002 -0.538990 0.573802 0.104850 -0.812255
-7.723807 -13.793356 285.949537 -1197.432875 -0.237853 0.971285 -0.005654 -0.794985 -0.198017 -0.573400 0.558055 0.131890 -0.819256
2.879600 -153.654436 -1192.953930 -5221.845650 -0.139645 0.979267 -0.146751 -0.096511 0.134038 0.986265 -0.985487 -0.151890 -0.075792
1.561775 -161.504688 -762.283850 -3281.803756 -0.121760 0.977322 -0.173249 0.086900 0.184374 0.979007 -0.988748 -0.104148 0.107379
1.903886 -153.525405 -849.605798 -4898.247570 -0.130705 0.979959 -0.150322 -0.158987 0.128943 0.978824 -0.978590 -0.151837 -0.138947
-5.578301 -29.099929 438.176435 502.749859 0.491023 -0.848423 0.197674 0.809860 0.360966 -0.462419 0.320973 0.387147 0.864346
-6.258019 -29.505469 519.478692 139.706483 0.541548 -0.821363 0.179136 0.753587 0.379856 -0.536485 0.372603 0.425527 0.824678
-6.545727 -30.786297 213.715664 14.515292 0.472416 -0.848300 0.239187 0.838682 0.349224 -0.417918 0.270989 0.398033 0.876433
-5.530929 -30.465406 45.565023 353.364145 0.406300 -0.877887 0.253444 0.888399 0.314662 -0.334269 0.213702 0.360973 0.907761
-6.350232 -29.078623 49.954093 986.033368 0.411608 -0.881891 0.229887 0.872989 0.309103 -0.377288 0.261668 0.355984 0.897110
0.258707 -7.462718 -97.796586 -399.654713 0.686273 -0.532387 0.495574 0.714171 0.622312 -0.320448 -0.137799 0.573840 0.807291
-0.521765 -7.786764 -398.008232 294.075719 0.712108 -0.507492 0.485133 -0.688123 -0.641573 0.338927 -0.139245 0.575184 0.806086
0.248576 -9.193672 -82.608613 -438.904173 0.649506 -0.566787 0.506847 0.753308 0.570224 -0.327677 -0.103293 0.594640 0.797329
0.170806 -9.142801 165.718521 -536.652864 0.636129 -0.576677 0.512624 0.764814 0.559076 -0.320146 -0.101975 0.595717 0.796695
-0.761457 -7.140347 577.293919 -392.974887 0.652574 -0.571124 0.497961 0.747927 0.590849 -0.302494 -0.121458 0.569838 0.812731
49.477481 -24.151618 17358.456157 761.545302 -0.385748 0.881264 -0.273079 -0.280151 0.170127 0.944760 -0.879041 -0.440943 -0.181261
30.181107 -23.522482 8933.586308 -25.625502 -0.363739 0.881918 -0.299858 -0.264086 0.211068 0.941121 -0.893282 -0.421510 -0.156129
99.364421 -17.891002 30776.230170 -853.356518 -0.422932 0.889405 -0.173458 -0.179640 0.105329 0.978077 -0.888177 -0.444820 -0.115226
16.847480 -26.723751 5157.860736 1139.021477 -0.369044 0.878195 -0.304270 -0.331659 0.181390 0.925797 -0.868222 -0.442574 -0.224321
29.750349 -28.977814 10480.328803 2203.850300 -0.407550 0.882985 -0.232897 -0.318873 0.101379 0.942360 -0.855700 -0.458323 -0.240243
11.945621 -138.763975 -1568.857177 10542.447516 -0.127799 0.946048 -0.297760 -0.614875 -0.311140 -0.724652 0.778200 -0.090476 -0.621465
17.818099 -124.545896 -2204.165567 10282.776392 -0.132048 0.945822 -0.296622 -0.802341 -0.277706 -0.528325 0.582075 -0.168227 -0.795543
7.421305 -128.668307 -945.439059 10478.340139 -0.137381 0.930802 -0.338725 -0.814189 -0.300871 -0.496561 0.564112 -0.207569 -0.799182
26.301551 -131.399595 -3432.274618 10703.810493 -0.143856 0.960723 -0.237312 -0.600365 -0.275361 -0.750825 0.786681 -0.034463 -0.616397
-493.219604 -3004.640995 -283937.711881 -2845420.408415 0.436986 0.129375 -0.890115 0.847299 0.272915 0.455634 0.301874 -0.953299 0.009641
-700.214325 -2109.593482 -243400.970142 -1172705.133765 0.064332 -0.285862 -0.956109 0.689639 0.705233 -0.164452 0.721290 -0.648790 0.242511
-332.317121 -3938.196994 -190223.535486 -2185463.952104 0.323158 -0.001570 -0.946344 0.908856 0.279191 0.309894 0.263724 -0.960234 0.091650
-727.193275 -1763.365776 -378334.312427 -170989.465114 0.127343 -0.043908 -0.990886 0.636777 0.769569 0.047734 0.760460 -0.637052 0.125958
-698.543681 -5050.148602 -411027.188550 4890037.206589 0.280370 0.251120 -0.926462 0.869130 0.343267 0.356064 0.407438 -0.905045 -0.122014
12.791268 -75.263544 -1590.819524 6953.320756 0.786235 -0.068179 -0.614154 0.610254 -0.070475 0.789065 0.097081 0.995181 0.013803
12.812348 -109.182999 2397.878662 14671.018067 -0.695215 0.065633 0.715799 0.718382 0.097477 0.688786 -0.024567 0.993071 -0.114917
33.047622 -126.677403 -5112.050123 17065.839575 0.728608 -0.090682 -0.678901 0.684879 0.084271 0.723767 0.008421 0.992308 -0.123506
-33.316302 -50.392309 147.330972 1737.910902 -0.343391 0.845698 0.408506 0.338649 -0.294203 0.893735 -0.876013 -0.445240 0.185368
-28.683765 -50.363221 -1007.381226 1460.652922 -0.191090 0.795481 0.575061 0.414116 -0.465830 0.781991 -0.889940 -0.387572 0.240406
-26.892490 -45.980393 -429.174960 2611.503358 -0.015912 0.727573 0.685846 0.502094 -0.587364 0.634749 -0.864667 -0.354459 0.355963
117.148464 -62.324729 16254.292189 -1791.653390 0.720802 -0.644310 0.255556 0.375084 0.672620 0.637882 -0.582886 -0.363932 0.726496
89.255454 -58.708650 12850.988330 -1036.823881 0.777301 -0.628850 0.018746 -0.527174 -0.667306 -0.526108 -0.343352 -0.399061 0.850211
76.371841 -65.893409 14462.193396 -2972.172421 0.822524 -0.567122 0.042750 -0.395360 -0.624205 -0.673839 -0.408834 -0.537347 0.737640
43.416665 -58.345682 6703.476685 -3704.266843 0.796647 -0.580840 -0.167269 -0.550040 -0.581890 -0.599049 -0.250619 -0.569235 0.783046
110.335060 -61.654760 20432.947579 1703.815040 0.779857 -0.582863 0.228242 0.271117 0.643172 0.716118 -0.564197 -0.496590 0.659606
67.598906 -69.299579 10751.416527 -5671.933693 0.822641 -0.561812 0.087341 -0.310328 -0.572396 -0.758985 -0.476401 -0.597268 0.645223
43.521491 -72.637368 7079.752080 -5287.682412 0.830709 -0.556369 -0.019388 -0.364868 -0.517818 -0.773780 -0.420468 -0.649860 0.633157
38.979945 -66.030106 4510.007837 -4724.867290 0.825756 -0.558533 -0.078538 -0.426023 -0.526383 -0.735816 -0.369636 -0.641063 0.672612
12.182620 -29.447621 -701.114572 832.994757 -0.811856 0.080840 0.578234 0.068142 0.996719 -0.043673 -0.579867 0.003945 -0.814701
11.755108 -33.580195 906.677706 2094.811782 -0.774769 0.135650 0.617522 0.065978 0.988726 -0.134413 -0.628793 -0.063396 -0.774984
10.645672 -36.338857 -1175.395487 3222.435174 -0.821027 0.129554 0.555995 0.080176 0.990425 -0.112386 -0.565231 -0.047694 -0.823553
10.220883 -28.876808 1805.739050 490.606993 -0.767687 0.117142 0.630027 0.095894 0.993080 -0.067798 -0.633610 0.008368 -0.773608
7.886669 -29.817943 -2738.749544 2095.610112 -0.857449 0.067412 0.510134 0.082420 0.996574 0.006840 -0.507925 0.047910 -0.860068
10.349913 -27.121573 -2461.262241 -280.985346 -0.844181 0.029218 0.535261 0.069447 0.996060 0.055156 -0.531540 0.083734 -0.842884
13.156308 -27.105448 12.500332 -279.108921 -0.808162 0.038031 0.587732 0.076206 0.996277 0.040320 -0.584010 0.077374 -0.808051
48.564404 -131.899486 4972.135662 9487.300148 0.926748 0.204868 -0.314909 -0.308883 -0.061623 -0.949102 0.213846 -0.976848 -0.006172
39.325356 -130.081271 5468.993553 -6454.381086 0.898402 0.291482 -0.328501 -0.257445 -0.256465 -0.931637 0.355804 -0.921555 0.155368
26.730745 -121.534815 3314.242343 -10867.602120 0.879652 0.339830 -0.332759 -0.214800 -0.340369 -0.915429 0.424351 -0.876735 0.226411
27.130442 -129.133813 2702.559925 -485.179448 0.886994 0.333531 -0.319372 -0.273809 -0.177047 -0.945348 0.371847 -0.925965 0.065716
26.468172 -129.844894 2273.219370 5809.009370 0.894561 0.328865 -0.302668 -0.316729 -0.011348 -0.948448 0.315346 -0.944309 -0.094010
39.107218 -131.266788 5532.449071 10703.440106 0.903639 0.303095 -0.302606 -0.320959 0.011401 -0.947024 0.283589 -0.952892 -0.107583
-7.289741 -10.757533 1231.407443 -423.337420 0.844172 0.527481 -0.095589 0.512998 -0.743139 0.429624 -0.155583 0.411713 0.897934
-3.132692 -13.305141 996.630042 -597.673593 0.862076 0.497504 -0.096511 0.494149 -0.782956 0.377883 -0.112434 0.373455 0.920809
-9.291186 -15.268376 1442.075131 -744.796604 0.829422 0.549345 -0.101386 0.548366 -0.766053 0.335348 -0.106555 0.333742 0.936623
33.030656 -27.000273 3423.449738 126.098273 0.774005 -0.612727 0.159631 0.111588 -0.116164 -0.986942 -0.623269 -0.781711 0.021538
32.571812 -27.414898 -1530.946794 -96.630368 0.687529 -0.702439 0.184076 0.196998 -0.063560 -0.978341 -0.698925 -0.708900 -0.094680
30.890883 -25.772699 -1544.800117 12.857870 0.688849 -0.693064 0.212483 0.301098 0.006918 -0.953568 -0.659414 -0.720843 -0.213446
28.704057 -34.366268 3629.047483 -193.438925 -0.170428 -0.679440 -0.713664 0.822823 0.300350 -0.482443 0.542140 -0.669441 0.507871
18.219095 -34.977777 2542.183284 -714.639134 -0.178130 -0.627540 -0.757933 0.847573 0.293450 -0.442162 0.499890 -0.721166 0.479614
29.262433 -35.192683 3167.712054 2530.617772 -0.144203 -0.688818 -0.710447 0.857586 0.271213 -0.437024 0.493713 -0.672290 0.551611
16.174979 -38.936543 2461.804854 -3381.697464 -0.174827 -0.617923 -0.766555 0.812010 0.349822 -0.467187 0.556843 -0.704127 0.440602
26.309259 -38.058834 3307.554166 -3669.374536 -0.189695 -0.686075 -0.702365 0.792095 0.315768 -0.522374 0.580173 -0.655432 0.483537
4.598540 -9.590888 -1335.123535 710.614279 -0.433536 -0.781649 0.448410 0.894961 -0.431628 0.112880 0.105314 0.450246 0.886672
13.156690 -9.469842 -3907.441802 901.214546 -0.614751 -0.666719 0.421388 0.779460 -0.595190 0.195424 0.120513 0.448592 0.885574
5.360765 -12.355845 -1494.180103 1524.191679 -0.461308 -0.770422 0.440050 0.882007 -0.451996 0.133279 0.096219 0.449610 0.888027
11.293242 -14.089567 -3741.998785 1647.095965 -0.614364 -0.674695 0.409075 0.784361 -0.578513 0.223831 0.085637 0.458377 0.884623
20.174197 -11.608630 -4689.112143 1926.933546 -0.681142 -0.632547 0.368686 0.726082 -0.648301 0.229151 0.094071 0.423781 0.900866
21.725535 -7.947530 -4591.881150 778.270226 -0.690004 -0.618990 0.375161 0.715559 -0.661378 0.224843 0.108948 0.423592 0.899278
-2.035575 -54.524516 58.633465 942.418455 0.871377 0.423721 -0.247313 -0.488989 0.709065 -0.508052 0.039911 -0.563638 -0.825057
3.477364 -45.210433 507.303943 -1704.870678 -0.135581 -0.577988 -0.804703 0.743647 0.477323 -0.468137 0.654681 -0.661885 0.365103
1.063042 -46.722314 -452.483371 -1084.420158 0.153395 0.573716 0.804562 0.708413 0.503795 -0.494309 0.688928 -0.645787 0.329148
0.064491 -43.482985 508.912741 -1316.746602 -0.162287 -0.573379 -0.803056 0.811248 0.385772 -0.439382 0.561730 -0.722784 0.402547
17.657046 -112.095284 4796.373699 -11190.540741 0.851844 0.221086 -0.474851 0.343976 0.447568 0.825448 -0.395023 0.866490 -0.305209
18.390371 -138.185678 3688.180229 -12570.617373 0.848177 0.251963 -0.465952 0.425310 0.200426 0.882576 -0.315766 0.946754 -0.062834
22.311669 -109.390536 1479.475054 -10300.933925 0.815296 0.294433 -0.498600 0.362225 0.412461 0.835864 -0.451759 0.862082 -0.229626
18.904674 -63.619827 4093.760681 -9787.427559 -0.720159 -0.349293 0.599471 0.189741 0.731940 0.654418 -0.667360 0.585029 -0.460838
17.916251 -44.356016 2852.774528 -6357.463319 -0.738205 -0.320460 0.593598 0.136468 0.790817 0.596644 -0.660628 0.521453 -0.540053
21.713639 -62.869741 2515.952129 -10516.941746 -0.749158 -0.298866 0.591135 0.204352 0.744616 0.635443 -0.630081 0.596847 -0.496761
9.586338 -22.400419 1376.914798 3220.934625 0.792660 -0.136233 -0.594248 -0.478902 0.464056 -0.745188 -0.377284 -0.875267 -0.302596
9.525141 -34.956363 -1898.359254 5299.208046 0.849527 -0.194717 -0.490294 -0.379178 0.420791 -0.824111 -0.366780 -0.886014 -0.283641
10.580797 -21.590654 -1269.770022 3532.973345 0.792878 -0.140645 -0.592927 -0.462218 0.495269 -0.735570 -0.397113 -0.857279 -0.327679
28.137157 -41.088310 999.052166 314.071297 0.945123 0.301183 -0.126615 -0.302812 0.953027 0.006643 0.122669 0.032062 0.991930
32.587147 -40.682570 3297.473076 -744.775592 0.936637 0.322147 -0.137598 0.337590 -0.934953 0.109065 0.093513 0.148606 0.984465
26.663019 -43.155617 3113.685923 378.163578 0.933000 0.298286 -0.201338 -0.308750 0.950889 -0.021987 0.184892 0.082676 0.979275
30.862016 -36.726895 -846.360273 -1213.400608 0.931246 0.364097 -0.014650 0.363097 -0.923801 0.121455 -0.030687 0.118424 0.992489
24.305956 -42.231402 2397.373972 -501.794179 0.925105 0.316578 -0.209666 -0.309876 0.948554 0.064978 0.219450 0.004859 0.975612
25.025822 -35.290485 -2626.625903 561.567831 0.945514 0.321808 0.049428 -0.321576 0.946797 -0.012796 -0.050916 -0.003796 0.998696
28.822459 -39.019513 -51.749744 -1197.013214 0.958364 0.272191 -0.086315 -0.259272 0.956126 0.136385 0.119650 -0.108327 0.986889
