16005
32002
-56.452017 -91.087944 -3349.978976 -18896.464772 0.147941 -0.280954 -0.948250 0.153991 0.953651 -0.258529 0.976934 -0.107775 0.184349
-68.955061 -107.192579 -1735.220634 -14923.296509 0.096864 -0.364701 -0.926073 0.023628 0.931028 -0.364181 0.995017 0.013395 0.098801
-78.088303 -121.501301 2411.489129 -23167.898534 0.141041 0.054109 -0.988524 -0.055357 0.997374 0.046696 0.988455 0.048136 0.143666
-57.656224 -87.384511 -2371.252048 -13418.768098 -0.004015 -0.613759 -0.789483 0.152635 0.779862 -0.607056 0.988274 -0.122940 0.090550
-53.403391 -109.630945 -7357.429634 -32680.245928 0.218167 0.005067 -0.975898 0.082270 0.996331 0.023565 0.972438 -0.085428 0.216949
-40.181339 -85.781443 -11501.319298 -26322.896654 0.264732 -0.116919 -0.957208 0.209095 0.975967 -0.061382 0.941380 -0.183897 0.282816
-43.756861 -68.283662 -4480.908288 -10303.730641 0.077141 -0.631460 -0.771561 0.322154 0.748143 -0.580085 0.943539 -0.203813 0.261140
-48.706372 -76.313588 3192.773295 -6749.844955 -0.006792 0.705281 0.708895 0.246755 0.688172 -0.682299 0.969054 -0.170289 0.178705
-97.958606 -112.370475 11215.432889 8057.900717 0.056809 -0.015471 -0.998265 -0.528908 0.847577 -0.043234 0.846776 0.530446 0.039967
-95.124526 -120.470786 6598.029147 6062.839708 0.004139 -0.115170 -0.993337 -0.478208 0.872172 -0.103114 0.878237 0.475449 -0.051465
-96.817590 -110.255105 5765.242814 3821.143192 0.295053 -0.493402 -0.818229 -0.534370 0.624694 -0.569391 0.792081 0.605237 -0.079341
-69.598337 -109.763947 429.293319 1563.089248 0.531394 0.799404 0.280312 -0.684478 0.600138 -0.413913 0.499109 -0.028084 -0.866084
-73.073211 -108.885388 -7187.024954 670.177192 0.567603 0.798288 0.201403 -0.633373 0.579681 -0.512648 0.525990 -0.163417 -0.834643
-70.521225 -108.914496 -1004.205861 215.417365 0.580637 0.800669 0.147611 -0.695028 0.581885 -0.422310 0.424024 -0.142615 -0.894352
-73.744197 -108.656453 -3923.767540 1552.094661 0.577275 0.795355 0.184833 -0.742819 0.605516 -0.285606 0.339077 -0.027576 -0.940354
-68.688108 -106.497765 267.411073 3631.609141 0.570124 0.812565 0.121231 -0.770503 0.580048 -0.264327 0.285103 -0.057290 -0.956783
6.512671 -26.152835 427.756027 -7978.887179 -0.610701 0.236047 0.755861 0.782526 0.033760 0.621702 0.121233 0.971155 -0.205330
5.713276 -25.041194 -545.115483 -6830.005154 -0.466661 0.250787 0.848136 0.878308 0.018709 0.477730 0.103941 0.967862 -0.228998
8.481164 -36.267003 -581.822408 -5366.712974 -0.574271 0.248567 0.780018 0.803822 -0.009409 0.594795 0.155186 0.968569 -0.194400
11.235359 -43.788985 165.355809 -8513.572068 -0.656530 0.228565 0.718836 0.736775 -0.009909 0.676065 0.161648 0.973478 -0.161896
6.875192 -30.699978 -249.563261 -9493.734230 0.708999 -0.219875 -0.670056 0.694106 0.049630 0.718160 0.124651 0.974265 -0.187804
46.418733 -78.608381 -5554.928002 1425.525028 -0.396795 0.276153 -0.875382 0.089989 0.960780 0.262303 0.913485 0.025306 -0.406084
37.780176 -77.827897 4037.915622 841.685924 -0.467398 0.265787 -0.843147 0.204166 0.960406 0.189572 0.860149 -0.083536 -0.503156
34.374765 -80.884758 -12007.326789 769.274323 -0.337916 0.278325 -0.899082 0.228161 0.951005 0.208645 0.913102 -0.134631 -0.384863
36.770672 -74.686594 -17783.413256 3179.164891 -0.305217 0.306786 -0.901513 0.134869 0.951069 0.277989 0.942684 -0.036739 -0.331658
20.867995 -75.577582 -12878.696990 3248.914822 -0.279628 0.325028 -0.903418 0.205726 0.939384 0.274290 0.937808 -0.109158 -0.329545
-46.287593 -73.235055 1215.976909 -2552.764244 -0.641998 -0.475900 -0.601130 0.706476 -0.062579 -0.704964 0.297875 -0.877270 0.376388
-44.563627 -71.853240 2752.774376 1680.277712 0.650310 0.507972 0.564856 0.645232 0.023120 -0.763637 0.400966 -0.861063 0.312724
-40.019236 -72.414353 -4086.701232 -1242.698908 -0.635887 -0.553076 -0.538289 0.687613 -0.089263 -0.720570 0.350481 -0.828335 0.437064
-40.792759 -73.379624 -7843.066455 3076.905040 -0.577222 -0.579365 -0.575457 0.675144 0.057811 -0.735418 0.459343 -0.813015 0.357785
-36.639537 -75.480642 -6979.325944 2608.479116 -0.578796 -0.622886 -0.526316 0.700960 -0.050210 -0.711431 0.416715 -0.780699 0.465679
-45.100277 -74.387282 -1977.894260 -2131.212619 -0.618475 -0.515454 -0.593124 0.737029 -0.118728 -0.665351 0.272537 -0.848653 0.453335
-1.017696 -64.443788 1729.375629 -211.191346 0.058758 0.736329 0.674068 0.044909 -0.676500 0.735072 -0.997262 0.012920 0.072818
-0.025700 -69.518592 3009.872751 919.896567 0.064934 0.715316 0.695778 0.007424 -0.697577 0.716472 -0.997862 0.041357 0.050607
-1.424193 -67.808110 1964.009016 -758.396287 0.058496 0.712372 0.699360 -0.068195 -0.696071 0.714727 -0.995956 0.089502 -0.007863
0.088019 -66.023897 2800.461572 465.840064 0.062438 0.740752 0.668871 0.144038 -0.669850 0.728391 -0.987600 -0.050863 0.148521
-3.614533 -63.463830 1946.310171 -3376.474419 0.049619 0.735556 0.675644 -0.075415 -0.671787 0.736895 -0.995917 0.087518 -0.022139
0.288130 -64.902652 1446.750328 1014.873311 0.056590 0.745512 0.664085 0.154634 -0.663669 0.731869 -0.986350 -0.061274 0.152839
-1.166430 -65.069454 -775.691404 2373.899330 0.037553 0.742917 0.668329 0.129698 -0.666767 0.733894 -0.990842 -0.059121 0.121394
-5.269240 -63.298617 2095.057535 -224.527166 0.042809 0.745468 0.665165 0.040724 -0.666524 0.744370 -0.998253 0.004777 0.058892
-22.487695 -77.560459 -1961.586002 1035.055738 0.312103 -0.408634 -0.857677 -0.514345 0.686350 -0.514173 0.798775 0.601617 0.004033
-20.848663 -84.884140 -3627.813744 8516.211416 0.314253 -0.359587 -0.878603 -0.479186 0.738856 -0.473785 0.819528 0.569902 0.059878
-21.901899 -93.697580 -1385.217950 10844.265048 0.271986 -0.394579 -0.877685 -0.477830 0.736306 -0.479095 0.835285 0.549691 0.011723
-25.066012 -79.743038 -1230.634023 -8589.537186 0.317049 -0.360669 -0.877153 -0.530385 0.699296 -0.479246 0.786239 0.617174 0.030418
-22.262738 -87.714151 -941.506754 -2585.615834 0.312140 -0.461557 -0.830382 -0.554698 0.621054 -0.553716 0.771283 0.633449 -0.062169
-25.348757 -80.203510 131.780755 -11767.507460 0.330773 -0.443089 -0.833224 -0.558176 0.620068 -0.551322 0.760940 0.647448 -0.042220
6.033388 -131.638984 6304.350834 -5018.019678 0.319108 0.071447 -0.945022 0.906277 -0.314651 0.282236 -0.277187 -0.946515 -0.165158
-8.892926 -134.901229 2281.417179 -8333.211905 0.348429 0.044656 -0.936271 0.919452 -0.210466 0.332131 -0.182222 -0.976581 -0.114392
-2.911093 -134.310598 3630.289656 -1181.004320 0.366528 0.058125 -0.928590 0.863993 -0.391574 0.316520 -0.345214 -0.918309 -0.193742
236.613701 -8.508947 103331.936651 -266.012664 0.591561 -0.483581 0.645140 0.788418 0.179549 -0.588354 0.168683 0.856687 0.487478
826.566343 -27.074147 427870.727481 457.180283 0.588999 -0.391590 0.706921 0.800817 0.165380 -0.575622 0.108497 0.905156 0.411000
1862.394380 -98.104299 979260.156419 -19870.556502 0.595424 -0.277485 0.753971 0.802750 0.167403 -0.572336 0.032597 0.946033 0.322427
291.144513 -18.812140 125455.164767 -2882.901282 0.509768 -0.500670 0.699619 0.847006 0.149606 -0.510096 0.150722 0.852612 0.500335
10389.769581 -764.269408 5778170.677530 57000.448975 0.294510 -0.230521 0.927429 0.955541 0.085561 -0.282170 -0.014306 0.969298 0.245471
53.417842 -35.556498 -25934.825443 3436.702506 0.606124 0.072661 0.792044 0.755393 -0.364326 -0.544654 0.248987 0.928433 -0.275714
90.309953 -45.273060 -50395.315310 8262.632839 0.406015 0.077303 0.910591 0.859564 -0.370661 -0.351796 0.310325 0.925546 -0.216941
45.212843 -41.560926 -25560.775924 5362.904746 0.454020 0.085208 0.886908 0.858117 -0.309717 -0.409526 0.239796 0.947003 -0.213736
26.185727 -35.990599 -802.481023 1359.384652 0.655522 0.009645 0.755115 0.723124 -0.296239 -0.623966 0.217676 0.955065 -0.201165
-3.472764 -135.889857 3269.706000 29840.728776 -0.233674 0.126011 0.964115 0.854979 0.498838 0.142024 -0.463041 0.857486 -0.224302
-6.252033 -136.317699 1035.310943 28356.581029 -0.256775 0.121042 0.958862 0.839206 0.520024 0.159087 -0.479374 0.845532 -0.235108
-6.777002 -164.016817 5334.259832 25031.220789 -0.212396 0.144308 0.966469 0.728405 0.682676 0.058144 -0.651394 0.716330 -0.250112
-2.087187 -169.269585 2756.529637 25865.265585 -0.212987 0.147041 0.965927 0.730913 0.680031 0.057647 -0.648384 0.718287 -0.252312
-4.581674 -190.598701 507.200440 10843.468228 -0.211873 0.180375 0.960507 0.535327 0.843680 -0.040352 -0.817640 0.505636 -0.275313
-9.892004 -185.745246 7588.329214 8733.384391 -0.199210 0.166393 0.965727 0.525150 0.850154 -0.038152 -0.827365 0.499552 -0.256740
3.065476 -77.927279 -1502.958681 -9321.368863 0.336513 -0.695287 -0.635086 0.159220 0.706720 -0.689345 0.928121 0.130855 0.348524
1.626162 -69.789231 1185.564176 7161.442093 -0.329248 0.690555 0.643995 -0.015179 0.678063 -0.734847 0.944121 0.251722 0.212769
3.567028 -78.569761 -1326.102522 -11499.545113 0.329156 -0.676122 -0.659178 0.147818 0.726366 -0.671225 0.932634 0.123499 0.339030
5.273048 -83.139917 -2471.294748 -898.279032 0.340109 -0.681883 -0.647581 0.180215 0.723131 -0.666787 0.922956 0.110076 0.368829
-34.916519 -84.187543 -3795.149581 -12471.963388 -0.253650 0.741912 0.620667 0.943264 0.331855 -0.011196 -0.214278 0.582613 -0.783994
-28.389174 -84.483279 -4612.505967 867.576566 -0.278717 0.739672 0.612538 0.956129 0.273614 0.104655 -0.090188 0.614834 -0.783482
-31.425844 -86.622802 -7124.201740 -12478.111104 -0.366930 0.722361 0.586137 0.905485 0.421761 0.047064 -0.213213 0.548007 -0.808844
-38.037357 -89.343064 -2989.871114 -5925.142472 -0.317668 0.718945 0.618227 0.908335 0.417805 -0.019135 -0.272055 0.555478 -0.785767
-24.151049 -348.942651 -9667.596540 -42389.710413 -0.769604 -0.332097 -0.545363 -0.180386 0.932392 -0.313220 0.612511 -0.142679 -0.777478
-26.732571 -351.964647 -8957.278166 8377.815580 -0.772837 -0.337761 -0.537252 -0.353877 0.932121 -0.076957 0.526777 0.130646 -0.839903
-20.370858 -360.955236 -7857.189513 -41.833313 -0.761396 -0.325269 -0.560781 -0.331001 0.938823 -0.095130 0.557417 0.113188 -0.822481
-26.966088 -374.220937 -2315.663157 -32506.263333 -0.803656 -0.347334 -0.483215 -0.240094 0.932223 -0.270769 0.544511 -0.101588 -0.832579
-24.382844 -354.183911 -1825.091903 -82711.617934 -0.801272 -0.332437 -0.497442 -0.001510 0.832547 -0.553952 0.598298 -0.443115 -0.667599
27.086277 -187.619277 13186.591430 40925.265135 0.794570 0.447276 0.410613 0.450953 0.018115 -0.892364 0.406571 -0.894213 0.187306
21.100605 -217.840271 9509.563392 47011.898860 0.791548 0.435105 0.429110 0.538701 -0.165265 -0.826129 0.288536 -0.885082 0.365207
17.370869 -206.538589 11223.757628 51530.394988 0.773798 0.464265 0.430923 0.501755 -0.034017 -0.864340 0.386624 -0.885043 0.259270
-39.853490 -73.920339 -4926.875207 534.937080 -0.403380 0.255702 -0.878579 -0.493817 0.747503 0.444279 0.770344 0.613070 -0.175258
-36.077531 -70.518860 1197.306739 -254.296281 0.508654 -0.312941 0.802085 0.515138 -0.635835 -0.574759 0.689859 0.705537 -0.162212
-29.369000 -73.799051 6884.359061 754.795457 0.413447 -0.278727 0.866817 0.587991 -0.645148 -0.487904 0.695218 0.711404 -0.102846
-27.149921 -74.241717 -9815.839469 -303.372374 -0.325939 0.227202 -0.917683 -0.553374 0.741175 0.380047 0.766512 0.631695 -0.115850
-32.993137 -76.303774 -6969.149366 1452.104649 -0.288283 0.173228 -0.941746 -0.476817 0.826923 0.298068 0.830385 0.534968 -0.155790
-14.276697 -374.699173 -2557.301408 124153.039676 0.834095 0.380616 0.399271 -0.548959 0.643765 0.533114 0.054124 0.663851 -0.745904
-27.693612 -368.102397 -6682.136828 119840.110025 0.838853 0.370251 0.399049 -0.540059 0.658001 0.524758 0.068282 0.655705 -0.751923
-28.189719 -443.416751 -11513.989659 122038.815639 0.848771 0.371393 0.376371 -0.477391 0.844288 0.243464 0.227344 0.386321 -0.893907
-70.372986 -219.084031 16609.835370 153087.132350 0.937142 0.124638 0.325929 -0.037462 0.964572 -0.261147 -0.346931 0.232522 0.908610
-74.066776 -799.868294 -51217.895658 606148.637003 0.756426 0.037818 0.652986 0.204233 0.934757 -0.290722 -0.621377 0.353270 0.699350
56.860775 -1596.995161 4789.545646 917456.575345 0.796469 -0.220523 0.563034 0.343874 0.931087 -0.121766 -0.497381 0.290595 0.817414
261.849971 -4398.817347 918337.496504 -2130403.477136 0.839727 -0.542977 0.005820 -0.476797 -0.732163 0.486417 0.259852 0.411233 0.873707
-16.849897 -4266.284003 -14959.229226 -3051484.322799 -0.575875 -0.731400 -0.365269 0.786900 -0.374726 -0.490275 0.221711 -0.569767 0.791334
4.669135 -134.176393 684.154854 -244.445655 0.694638 0.406277 0.593648 0.456198 0.389278 -0.800216 0.556203 -0.826681 -0.085064
5.889763 -131.976940 -3817.373007 -4297.404795 0.689089 0.369843 0.623196 0.452294 0.452411 -0.768606 0.566204 -0.811505 -0.144473
6.598631 -129.348630 -2615.319848 -8595.461964 0.685030 0.378165 0.622676 0.396003 0.524126 -0.753972 0.611486 -0.763075 -0.209287
1.473447 -137.013102 -1468.099343 5091.604819 0.697326 0.390073 0.601315 0.518495 0.304708 -0.798947 0.494873 -0.868905 -0.010230
-32.684836 -98.894226 -3421.652883 -16552.220089 -0.803735 -0.225287 -0.550686 0.040642 0.902594 -0.428571 0.593597 -0.366838 -0.716290
-36.565630 -86.269519 -5699.787193 -8744.943388 -0.786740 -0.378911 -0.487305 -0.016567 0.802110 -0.596946 0.617062 -0.461568 -0.637330
-37.507667 -84.654393 2224.983971 -13817.336276 -0.828488 -0.178869 -0.530673 0.126063 0.863727 -0.487938 0.545634 -0.471149 -0.693039
-27.374655 -102.890310 -7861.693380 -14296.108521 -0.772613 -0.360475 -0.522615 -0.060603 0.861292 -0.504484 0.631978 -0.358099 -0.687291
-30.946354 -91.165139 7229.503457 -16632.456533 -0.839859 -0.068042 -0.538523 0.163801 0.914092 -0.370952 0.517500 -0.399758 -0.756563
-21.506467 -118.865003 -7815.761534 -17220.958297 -0.785446 -0.250208 -0.566101 -0.064047 0.942592 -0.327748 0.615608 -0.221171 -0.756380
-5.151484 -63.413478 2103.329953 5247.501996 -0.317308 0.650072 0.690450 -0.371856 0.584475 -0.721188 0.872375 0.485587 -0.056274
-8.067258 -67.077231 2162.804978 8922.042596 -0.312515 0.646070 0.696367 -0.470276 0.531713 -0.704359 0.825333 0.547608 -0.137662
-5.390715 -69.451600 1490.677792 10409.686918 -0.311053 0.639019 0.703492 -0.463740 0.544061 -0.699244 0.829573 0.543739 -0.127106
-2.585490 -66.183196 2666.434904 7640.280325 -0.316359 0.627309 0.711618 -0.391008 0.597233 -0.700304 0.864309 0.499796 -0.056342
37.838191 -534.482065 53742.351402 -240111.604200 -0.651017 0.596535 -0.469385 0.429131 0.799313 0.420649 0.626117 0.072422 -0.776358
103.883700 -521.614572 -37936.063745 -264092.148839 -0.522689 0.634701 -0.569166 0.506576 0.768209 0.391452 0.685694 -0.083718 -0.723059
-356.161127 -4091.752108 -236450.048738 3014842.471590 -0.448143 0.816832 -0.363254 0.277465 -0.259182 -0.925115 0.849812 0.515374 0.110492
-333.526660 -614.245331 134056.372531 162200.981270 0.165391 -0.421003 -0.891853 0.885841 -0.334085 0.321982 -0.433511 -0.843293 0.317687
-181.459553 -582.487741 94870.410040 -95741.146443 0.314277 -0.229551 -0.921160 0.654440 -0.650526 0.385389 -0.687705 -0.723963 -0.054218
-178.350094 -825.762413 107352.048125 319743.700181 0.353778 -0.196138 -0.914533 0.909474 -0.156173 0.385315 -0.218400 -0.968060 0.123132
41.310360 -167.099860 -1063.052477 -29179.925773 -0.426246 -0.389699 0.816363 0.000310 0.902387 0.430926 -0.904607 0.183933 -0.384518
67.209413 -141.910383 1281.469407 -25289.815259 -0.467453 -0.404837 0.785872 -0.169883 0.913546 0.369558 -0.867541 0.039245 -0.495815
45.487523 -166.805788 3262.943558 -21791.915044 -0.494580 -0.490692 0.717365 -0.079542 0.847472 0.524848 -0.865485 0.202518 -0.458173
62.950369 -133.824062 -3430.197620 -32349.357875 -0.401139 -0.291295 0.868467 -0.096887 0.956264 0.275992 -0.910879 0.026568 -0.411817
21.620466 -172.783161 405.453886 -7805.308547 -0.459294 -0.447020 0.767608 0.177603 0.800485 0.572434 -0.870348 0.399245 -0.288266
39.592279 -157.333191 -4982.497657 -32185.274418 -0.385457 -0.287498 0.876794 0.059941 0.940413 0.334710 -0.920777 0.181572 -0.345256
26.003493 -160.603344 -3491.206252 -9108.098122 -0.409380 -0.371687 0.833220 0.218112 0.846904 0.484955 -0.885909 0.380266 -0.265636
-31.878685 -119.670835 33804.753797 -3732.795796 0.076242 0.569496 0.818450 -0.687252 0.624726 -0.370679 -0.722407 -0.534220 0.439018
-44.418347 -114.703177 26893.482988 3470.452231 0.156679 0.439477 0.884484 -0.474665 0.818845 -0.322779 -0.866109 -0.369261 0.336900
-68.092326 -112.082493 17353.866816 -3083.927199 0.044345 0.441308 0.896259 -0.584286 0.739158 -0.335045 -0.810335 -0.508814 0.290628
13.536207 -37.572427 -3069.344297 11268.841364 0.244163 0.207659 0.947239 0.966952 0.021806 -0.254024 -0.073406 0.977958 -0.195472
12.110845 -22.540930 -2551.146483 15245.652625 0.391575 0.179050 0.902558 0.920025 -0.060260 -0.387198 -0.014939 0.981993 -0.188327
20.429746 -42.129392 -3825.607576 10548.243952 0.397166 0.168257 0.902191 0.915503 -0.003942 -0.402291 -0.064132 0.985735 -0.155605
24.894908 -56.914852 -2749.464289 8531.653909 0.285366 0.180356 0.941296 0.947213 0.096674 -0.305683 -0.146131 0.978839 -0.143248
44.788303 -72.384557 -15065.663448 -1289.818068 0.044509 0.459216 -0.887209 0.892680 -0.416975 -0.171041 -0.448489 -0.784381 -0.428491
43.401379 -72.249351 -5968.931669 1561.361106 0.082651 0.497574 -0.863475 0.872720 -0.454477 -0.178355 -0.481174 -0.738831 -0.471805
35.953683 -74.019814 -14837.554756 -748.681937 0.053403 0.442543 -0.895156 0.842406 -0.501312 -0.197581 -0.536190 -0.743533 -0.399572
43.334669 -72.107785 -7460.006733 2228.133488 0.089026 0.484366 -0.870324 0.829894 -0.519252 -0.204091 -0.550772 -0.704107 -0.448200
34.530685 -73.582623 -11218.958991 437.140568 0.063943 0.455796 -0.887784 0.773911 -0.584301 -0.244244 -0.630058 -0.671448 -0.390108
8309.114544 46.528788 4641145.114904 85859.758244 0.955894 0.227013 -0.186364 0.292009 -0.802755 0.519919 0.031576 0.551408 0.833638
581.792531 63.428012 211108.398326 -342.688441 0.910555 0.168749 -0.377377 0.363871 -0.760405 0.537943 0.196182 0.627143 0.753793
514.301097 -12.145626 170446.343382 -9592.163917 0.701793 0.180328 -0.689179 0.630154 -0.608351 0.482509 0.332253 0.772911 0.540571
1014.055637 -36.602532 -551724.792886 -13378.928980 -0.484060 0.112431 0.867782 0.737409 -0.481476 0.473717 0.471077 0.869218 0.150156
1191.943463 -104.471434 566388.391354 24625.634976 0.730396 0.195665 -0.654398 0.553607 -0.730749 0.399406 0.400051 0.654003 0.642058
-10.095619 -115.801133 -403.673382 9911.666478 0.384380 -0.364127 0.848330 0.742087 0.668488 -0.049307 -0.549144 0.648487 0.527168
-8.662492 -121.493244 587.653569 27890.786395 0.396444 -0.376737 0.837198 0.726203 0.686593 -0.034919 -0.561659 0.621819 0.545784
-10.290022 -113.662818 306.219956 6583.319220 0.390931 -0.372092 0.841855 0.747807 0.661649 -0.054816 -0.536616 0.650975 0.536913
-9.116994 -116.547483 1073.960018 5729.542206 0.396282 -0.383259 0.834310 0.757724 0.649674 -0.061463 -0.518473 0.656534 0.547858
10.806121 -134.301885 3540.038098 33761.873492 0.396368 -0.386018 0.832996 -0.094618 0.885306 0.455281 -0.913203 -0.259275 0.314383
14.938950 -130.921616 1424.785191 40989.963216 0.371167 -0.384064 0.845417 -0.056485 0.899430 0.433400 -0.926846 -0.208617 0.312145
13.981096 -102.200682 3486.401980 28560.024641 0.397052 -0.378296 0.836207 0.031273 0.916150 0.399613 -0.917263 -0.132517 0.375590
8.075819 -106.681380 5108.016492 25021.117111 0.423458 -0.395733 0.814910 0.016355 0.902736 0.429884 -0.905768 -0.168710 0.388743
8.804202 -134.253428 4961.005670 29189.092575 0.412460 -0.386354 0.824989 -0.114922 0.876308 0.467844 -0.903698 -0.287777 0.317041
-1.636275 -170.631177 -1211.527960 26299.530307 0.313507 -0.302398 0.900150 0.797485 0.598443 -0.076708 -0.515492 0.741904 0.428773
-2.551240 -173.216671 -1567.677829 25411.914830 0.305681 -0.295115 0.905244 0.787952 0.612134 -0.066514 -0.534501 0.733621 0.419654
-1.340910 -192.990532 -1073.789090 23609.811611 0.317990 -0.296101 0.900670 0.670053 0.742276 0.007459 -0.670754 0.601125 0.434440
4.618482 -79.845173 3432.636557 953.777077 0.179031 -0.403440 0.897321 0.833108 -0.422983 -0.356395 0.523335 0.811370 0.260382
2.811418 -82.011313 498.978484 845.222860 0.194914 -0.397486 0.896668 0.884475 -0.323901 -0.335846 0.423925 0.858541 0.288433
1.606041 -83.167512 -1080.803692 2658.614653 0.213242 -0.400624 0.891083 0.888440 -0.299921 -0.347451 0.406452 0.865764 0.291974
0.740064 -85.481551 -2832.776994 2025.977953 0.239787 -0.393394 0.887549 0.936628 -0.146768 -0.318099 0.255402 0.907579 0.333271
3.967297 -81.588336 3148.856809 614.784044 0.195671 -0.412008 0.889923 0.828521 -0.416040 -0.374785 0.524657 0.810654 0.259951
0.687635 -84.958783 -764.740189 2705.804742 0.226975 -0.400138 0.887903 0.892214 -0.280060 -0.354288 0.390430 0.872615 0.293442
-0.692846 -86.124109 -5029.110079 4035.549116 0.248996 -0.394358 0.884580 0.930487 -0.155981 -0.331457 0.268690 0.905622 0.328107
107.556866 -44.504335 2625.405944 -2038.099859 0.362613 0.102251 0.926314 0.358767 0.902042 -0.240014 -0.860115 0.419362 0.290408
111.589324 -45.904549 10040.722972 -4668.577431 0.477740 0.088767 0.874005 0.369108 0.882525 -0.291391 -0.797198 0.461811 0.388853
104.004524 -55.598180 19401.726287 13755.681616 0.524393 -0.036041 0.850713 0.415182 0.883106 -0.218511 -0.743395 0.467787 0.478058
105.133818 -39.350695 -5030.696640 -534.090997 0.235931 0.121162 0.964187 0.317196 0.928250 -0.194262 -0.918544 0.351669 0.180570
103.477181 -45.890392 -19914.493672 -11829.401239 0.139999 0.199521 0.969841 0.328684 0.914582 -0.235599 -0.934006 0.351754 0.062461
102.691900 -54.873150 20001.458880 11387.094463 0.439029 -0.046531 0.897267 0.385552 0.911793 -0.141364 -0.811544 0.408006 0.418243
65.468491 -131.363216 18911.265401 -55293.657759 0.735784 -0.623220 0.264986 -0.675446 -0.647077 0.353644 0.048931 0.439189 0.897061
30.261448 -265.321328 11850.068082 131635.161857 0.657985 -0.712116 0.244841 0.752860 0.615161 -0.234048 0.016053 0.338331 0.940890
51.115006 -301.963927 16686.475193 135766.266626 0.668257 -0.689781 0.278629 0.741654 0.646997 -0.177043 -0.058151 0.324956 0.943940
72.612252 -256.326421 18040.117443 119174.333073 0.673452 -0.657989 0.336918 0.734227 0.648321 -0.201470 -0.085866 0.383054 0.919726
50.390147 -367.804039 14544.995467 134846.967493 0.662778 -0.671406 0.331570 0.690922 0.719037 0.074910 -0.288706 0.179440 0.940452
-15.632538 -64.143392 417.113703 -1603.741512 0.036471 -0.307865 0.950731 -0.352118 0.886391 0.300538 -0.935245 -0.345730 -0.076077
-13.493651 -63.969604 -1160.229431 -1149.082853 0.026332 -0.300417 0.953445 -0.414527 0.864627 0.283880 -0.909656 -0.402704 -0.101763
-16.115095 -65.029543 350.625370 -2234.840989 0.056851 -0.317396 0.946588 -0.352440 0.880700 0.316470 -0.934106 -0.351607 -0.061794
-16.924595 -64.846116 1232.097527 796.437073 0.075903 -0.348246 0.934325 -0.230642 0.905484 0.356233 -0.970074 -0.242534 -0.011591
-17.452873 -64.839596 -2349.029941 -1183.920365 0.028251 -0.318203 0.947602 -0.252505 0.914964 0.314772 -0.967183 -0.248167 -0.054499
-17.489349 -67.064127 -504.579105 -600.845912 0.091318 -0.338628 0.936479 -0.275311 0.895169 0.350536 -0.957008 -0.289833 -0.011483
-18.290189 -66.199031 -723.042651 -1335.743786 0.073997 -0.301695 0.950528 -0.420718 0.854726 0.304040 -0.904169 -0.422402 -0.063681
81.643658 -59.645601 -6973.094237 -7923.665924 -0.421928 -0.550777 0.720154 0.815358 0.116818 0.567050 -0.396445 0.826437 0.399792
67.196746 -61.413347 -18488.676279 -4299.032545 -0.416614 -0.417649 0.807467 0.853090 0.127299 0.505996 -0.314118 0.899647 0.303258
82.579074 -58.057969 5510.504777 -13700.111396 -0.388916 -0.563140 0.729121 0.841211 0.105630 0.530289 -0.375644 0.819583 0.432639
79.936034 -57.876675 27469.439388 -15254.457788 -0.377705 -0.682447 0.625784 0.787882 0.118146 0.604387 -0.486396 0.721324 0.493063
-2.305702 -263.983418 5164.928896 35185.345894 -0.746779 0.600105 -0.286698 0.551188 0.799676 0.238138 0.372173 0.019812 -0.927952
2.771278 -237.048199 8144.986171 15168.335437 -0.720580 0.641228 -0.263801 0.654932 0.754365 0.044688 0.227657 -0.140571 -0.963541
7.499413 -271.143458 -5448.436707 -1394.925142 0.717666 -0.631424 0.293699 0.686183 0.713118 -0.143582 0.118781 -0.304575 -0.945053
0.843173 -88.773317 -10108.309625 1457.364874 0.737506 -0.663336 0.126770 0.580839 0.527263 -0.620177 -0.344544 -0.531017 -0.774151
16.065632 -91.573588 -9561.157859 2725.063046 0.713029 -0.677627 0.180029 0.618130 0.486355 -0.617555 -0.330914 -0.551616 -0.765647
13.114140 -89.377273 -11398.764564 3150.210343 0.746674 -0.653364 0.124874 0.601203 0.582515 -0.547021 -0.284663 -0.483520 -0.827753
6.588955 -92.062888 -12757.983110 -571.011207 0.761228 -0.642136 0.090519 0.590580 0.628814 -0.505774 -0.267856 -0.438469 -0.857904
-342.239168 -3058.811925 30561.941515 1650743.638059 -0.555293 0.811954 -0.179945 0.207757 -0.074077 -0.975372 0.805287 0.579002 0.127555
200.433732 -1467.523722 274868.668090 523809.359294 -0.426031 0.890663 0.158797 -0.477097 -0.072046 -0.875892 0.768685 0.448919 -0.455627
-85.531162 -1218.221799 10398.241734 703927.306601 -0.614578 0.756206 -0.224602 -0.031426 -0.307962 -0.950879 0.788230 0.577331 -0.213031
-184.095129 -4431.034426 -35049.280777 1867668.377849 0.626126 -0.753009 0.202343 -0.564227 -0.258450 0.784124 0.538157 0.605128 0.586691
-338.858154 -14628.891498 169484.264047 22187039.305495 0.835468 -0.547661 -0.045404 0.548112 0.824497 0.140632 0.039583 0.142380 -0.989020
-1927.225589 -5966.236295 1017802.042390 -9999714.011916 0.791948 -0.610469 0.012117 0.439222 0.555782 -0.705826 -0.424150 -0.564300 -0.708282
-2714.615404 -4110.705109 991934.524372 1539351.595726 0.873193 -0.217404 0.436199 -0.363708 0.305088 0.880135 0.324424 0.927177 -0.187329
-31.218082 -64.606464 -14518.425622 -5891.338602 -0.006450 0.505309 0.862915 0.316043 0.819731 -0.477659 -0.948723 0.269637 -0.164986
-10.686727 -45.829834 -13423.910589 -2786.704182 -0.019734 0.555247 0.831451 0.267886 0.804142 -0.530652 -0.963248 0.212262 -0.164612
-26.507873 -56.873942 -10805.031436 -5653.844567 0.092793 0.822978 0.560444 -0.190012 -0.537891 0.821321 -0.977387 0.182704 -0.106463
-42.208463 -59.068131 -2948.936364 -5714.070743 -0.544527 -0.486491 0.683240 0.714942 0.156730 0.681390 -0.438575 0.859513 0.262469
-44.979816 -57.405607 -1858.145861 -4032.821030 -0.549798 -0.553377 0.625697 0.665416 0.162638 0.728540 -0.504920 0.816898 0.278808
-41.997914 -59.627908 2032.632011 -298.867846 -0.392660 -0.548505 0.738214 0.803485 0.185947 0.565540 -0.447470 0.815209 0.367702
-39.513282 -63.041664 760.882078 -1706.294448 -0.419246 -0.512280 0.749534 0.828920 0.120750 0.546178 -0.370303 0.850287 0.374016
-38.021256 -61.731330 -2439.611150 -7837.765543 -0.562665 -0.443893 0.697400 0.737971 0.110494 0.665726 -0.372569 0.889241 0.265409
61.648640 29.242642 40850.701807 -1458.622085 0.880566 0.458726 0.119051 -0.083289 0.397086 -0.913995 0.466546 -0.794917 -0.387867
36.758563 27.796766 18672.389564 16122.253250 0.745043 0.112271 0.657500 0.465372 0.618685 -0.632976 0.477850 -0.777576 -0.408699
25.064538 10.648152 -4643.494263 40079.286089 -0.232643 0.270701 -0.934130 0.838623 0.542251 -0.051719 0.492532 -0.795415 -0.353167
19.263964 -33.089518 -2648.577510 33340.726826 -0.101752 0.329628 -0.938612 0.881785 0.466680 0.068300 0.460545 -0.820704 -0.338147
22.963721 -6.639858 2559.520918 43092.866971 -0.051692 0.368973 -0.928001 0.867908 0.476285 0.141026 0.494028 -0.798130 -0.344855
67.328522 28.881480 42693.121359 858.158127 0.868403 0.495832 0.005176 -0.171753 0.310570 -0.934905 0.465163 -0.810985 -0.354860
-6.827267 -53.211783 7907.532716 3968.285998 0.816325 0.509639 -0.271812 -0.345108 0.053008 -0.937065 0.463156 -0.858754 -0.219153
5.264485 -47.847612 5579.837611 3527.952911 0.845321 0.500025 -0.188169 -0.292924 0.139228 -0.945944 0.446797 -0.854746 -0.264162
8.781980 -54.625908 10316.628300 3787.935368 0.835831 0.510684 -0.201466 -0.265350 0.054545 -0.962608 0.480599 -0.858037 -0.181101
-25.136369 -138.668382 6039.238819 -6643.954058 -0.187022 0.205699 -0.960578 0.342130 0.930251 0.132593 0.920853 -0.303845 -0.244353
-22.120156 -144.749238 2846.136768 -7069.620480 -0.192929 0.214875 -0.957396 0.285951 0.945687 0.154624 0.938621 -0.243937 -0.243895
-23.965959 -152.289345 5895.459043 -12132.815879 -0.182097 0.227342 -0.956638 0.159344 0.966867 0.199441 0.970284 -0.116117 -0.212289
-17.018311 -51.479514 1810.675828 -3024.081239 0.175522 0.169854 -0.969712 0.932433 -0.344700 0.108397 -0.315848 -0.923218 -0.218880
-16.559152 -51.282081 -306.660661 -1718.046068 0.100977 0.219457 -0.970383 0.954804 -0.295448 0.032539 -0.279557 -0.929811 -0.239372
-17.753498 -52.108940 1196.987291 -1040.875359 0.198534 0.171469 -0.964978 0.950184 -0.275053 0.146615 -0.240280 -0.946015 -0.217534
-21.125278 -54.178588 3890.606242 -2317.746296 0.274750 0.121644 -0.953790 0.927276 -0.295883 0.229377 -0.254307 -0.947447 -0.194091
-21.108524 -51.780103 3978.017591 -3432.639063 0.234707 0.119073 -0.964746 0.908336 -0.380308 0.174044 -0.346177 -0.917163 -0.197419
15.428048 -992.818443 4059.785425 -454502.805618 -0.130086 0.177904 -0.975412 0.741734 0.670289 0.023331 0.657958 -0.720461 -0.219153
4.209097 -549.761412 1358.336871 -4471.674951 -0.172423 0.169775 -0.970282 0.372011 0.923308 0.095447 0.912073 -0.344499 -0.222358
7.251154 -709.072595 7253.596556 295752.810685 -0.198228 0.165457 -0.966090 0.143637 0.979912 0.138352 0.969574 -0.111341 -0.218012
15.661304 -600.589649 -4490.537231 95266.261890 -0.131640 0.177872 -0.975209 0.319365 0.938927 0.128145 0.938444 -0.294579 -0.180407
-49.839283 -318.078705 3157.628275 173902.597099 -0.521484 0.853259 -0.001522 0.849812 0.519536 0.088893 -0.076639 -0.045063 0.996040
-16.140751 -119.904528 339.507405 70800.659631 0.778606 -0.627319 0.015600 0.626582 0.778564 0.035100 -0.034165 -0.017555 0.999262
-12.849084 -70.134838 -1937.596796 34535.570685 -0.672512 0.740079 -0.003136 0.739239 0.671939 0.044985 -0.035400 -0.027935 0.998983
-58.468451 -328.721651 22670.363520 154327.770086 0.387658 -0.921293 -0.030656 0.920761 0.385425 0.060384 -0.043816 -0.051635 0.997704
-86.987268 -125.777649 965.919735 -9596.988058 0.079558 -0.038297 -0.996094 -0.194581 0.979443 -0.053198 0.977655 0.198053 0.070471
-74.613588 -118.642141 -1938.771145 -8724.542762 0.052292 -0.391047 -0.918884 -0.123485 0.910549 -0.394527 0.990968 0.134099 -0.000674
-63.922703 -103.644119 -1691.245149 -15813.898714 -0.010366 -0.556157 -0.831013 0.028665 0.830550 -0.556205 0.999535 -0.029587 0.007332
-45.537271 -86.303203 570.842718 56511.402702 0.463475 -0.594196 -0.657360 -0.159880 0.673599 -0.721598 0.871567 0.439541 0.217196
-48.492887 -119.443235 -7665.474301 15503.062729 0.478196 -0.469188 -0.742423 0.006132 0.847103 -0.531393 0.878232 0.249557 0.407958
-38.540070 -127.929042 11235.718662 18743.498777 0.344281 -0.444632 -0.826906 -0.044455 0.872041 -0.487410 0.937814 0.204566 0.280461
-49.206487 -148.526114 -3545.896876 -18144.623660 0.411433 -0.440315 -0.798026 0.191073 0.897779 -0.396844 0.891187 0.010793 0.453508
-20.704509 -101.024508 28799.880974 55726.395407 0.299713 -0.552485 -0.777774 -0.246433 0.742751 -0.622569 0.921652 0.378261 0.086461
-15.045129 -146.949446 35184.561670 14042.418535 0.211767 -0.355870 -0.910226 -0.096570 0.919171 -0.381835 0.972537 0.168761 0.160283
-36.190965 -150.513323 9645.080952 -16234.185164 0.324658 -0.380164 -0.866067 0.143592 0.924865 -0.352146 0.934868 -0.010033 0.354853
4.704045 -26.362716 -1483.368034 -4251.225110 -0.300730 0.260213 0.917524 0.949934 -0.003794 0.312429 0.084779 0.965544 -0.246044
8.109224 -16.150751 -4174.048623 -1365.525622 -0.105523 0.251988 0.961960 0.992056 -0.039941 0.119287 0.068481 0.966906 -0.245772
12.226561 -18.883573 -5493.404004 -192.185640 0.037846 0.252445 0.966871 0.998395 -0.050358 -0.025932 0.042143 0.966300 -0.253945
17.907293 -14.425522 -5992.161756 2638.611714 0.167434 0.209751 0.963312 0.983820 -0.098736 -0.149499 0.063756 0.972757 -0.222889
58.406786 -137.590443 46751.688291 -28260.471152 -0.720596 0.525874 -0.451883 0.503068 0.845040 0.181190 0.477142 -0.096763 -0.873483
128.271408 -158.994889 87341.875362 -4562.684631 -0.746272 0.537859 -0.392155 0.378825 0.827607 0.414195 0.547329 0.160544 -0.821375
37.692937 -153.204901 27913.341508 -21533.528744 -0.787334 0.393249 -0.474827 0.335272 0.919428 0.205534 0.517396 0.002628 -0.855742
191.739388 -146.583886 125154.555763 -17270.258790 -0.571073 0.693262 -0.439617 0.572867 0.720130 0.391454 0.587961 -0.028294 -0.808394
8.537103 -138.499029 11990.231268 -33610.752995 -0.791701 0.342072 -0.506159 0.392572 0.919691 0.007510 0.468079 -0.192758 -0.862408
15.234693 -112.761121 17763.946697 -24567.365938 -0.722041 0.478414 -0.499776 0.555974 0.831165 -0.007593 0.411764 -0.283345 -0.866121
81.798397 -123.039732 56365.957044 -26301.959542 -0.585124 0.662225 -0.468069 0.677921 0.716191 0.165812 0.445031 -0.220294 -0.867996
-13.671354 -83.406545 -25965.591511 3532.238800 0.808989 0.321717 0.491970 0.586522 -0.386122 -0.711970 0.039093 -0.864528 0.501063
-33.068607 -78.565280 -13701.673690 7658.004787 0.759782 0.411023 0.503777 0.622481 -0.236113 -0.746169 0.187744 -0.880517 0.435249
-34.619233 -86.228002 929.957208 11186.126101 -0.653061 -0.502227 -0.566815 0.743029 -0.280288 -0.607739 0.146351 -0.818050 0.556215
14.848050 -79.426990 -36417.807740 4018.983777 0.925194 0.212916 0.314139 0.372250 -0.348195 -0.860343 0.073799 -0.912922 0.401406
-13.362451 -84.354205 -22706.153780 2205.169810 0.752061 0.368884 0.546195 0.658470 -0.456550 -0.598313 -0.028657 -0.809621 0.586253
24.064642 -82.255896 -55813.580718 -621.681211 0.882639 0.200722 0.425039 0.468731 -0.443562 -0.763900 -0.035200 -0.873478 0.485590
72.789725 -79.410906 -76605.475223 -5099.867906 0.904761 0.120989 0.408373 0.398498 -0.578932 -0.711363 -0.150354 -0.806349 0.572009
-2.105862 -69.197211 674.555268 -2907.246208 0.044905 0.702046 0.710715 0.118329 0.702686 -0.701591 -0.991959 0.115603 -0.051519
2.784493 -71.120846 551.298680 1362.772295 0.038143 0.719868 0.693062 0.009417 -0.693795 0.720111 -0.999228 0.020941 0.033243
0.306294 -71.023446 1142.964018 -3263.382925 0.045674 0.692926 0.719560 0.082206 0.715262 -0.694005 -0.995568 0.090851 -0.024294
1.571885 -69.285618 222.131471 32.985857 0.034622 0.750576 0.659877 0.161369 -0.655807 0.737480 -0.986287 -0.080951 0.143826
-21.144630 -96.450286 -2378.380400 22182.938713 0.279560 -0.350704 -0.893786 -0.451138 0.773758 -0.444716 0.847538 0.527546 0.058096
-18.225546 -105.949128 -4677.973193 27291.762605 0.289534 -0.277267 -0.916129 -0.449781 0.805457 -0.385922 0.844907 0.523795 0.108498
-18.969699 -86.462886 -2750.288070 7948.298918 0.302356 -0.291083 -0.907663 -0.493453 0.766904 -0.410319 0.815527 0.571952 0.088242
-18.808742 -139.844824 1396.650236 4365.790090 0.302075 -0.082637 -0.949696 0.438124 0.896821 0.061321 0.846639 -0.434608 0.307112
-15.810460 -136.925323 1907.670153 6310.622421 0.284128 -0.073903 -0.955934 0.344243 0.938408 0.029770 0.894856 -0.337532 0.292069
-19.323522 -131.006635 3174.468491 5328.412638 0.288488 -0.102236 -0.952010 0.273606 0.961626 -0.020357 0.917559 -0.254603 0.305390
-16.994497 -151.607731 1815.595674 6453.733214 0.304239 -0.033843 -0.951994 0.504609 0.853363 0.130927 0.807965 -0.520218 0.276704
-21.504602 -138.448385 1879.342576 3781.711740 0.313975 -0.107156 -0.943365 0.445719 0.893949 0.046803 0.838305 -0.435170 0.328439
-22.565008 -148.330780 4453.951934 6758.831915 0.303157 -0.038779 -0.952151 0.588565 0.793436 0.155079 0.749458 -0.607416 0.263360
-8.105110 -86.533665 2383.587372 -3030.541195 -0.013031 0.563287 0.826158 0.389003 0.763996 -0.514768 -0.921144 0.314670 -0.229076
-2.161509 -87.046769 4244.264227 -1673.056139 -0.002435 0.547955 0.836504 0.345723 0.785386 -0.513463 -0.938333 0.287949 -0.191353
-5.044001 -93.111111 4250.480462 -5484.695825 -0.001022 0.564516 0.825422 0.499553 0.715338 -0.488609 -0.866283 0.411842 -0.282736
-7.912009 -90.208145 -741.404051 -4055.734803 -0.024994 0.576374 0.816804 0.491800 0.718438 -0.491914 -0.870349 0.389409 -0.301418
156.142683 -0.880862 82257.482845 -2602.960239 0.616727 -0.512897 0.597147 0.765765 0.215179 -0.606054 0.182350 0.831045 0.525465
86.109595 -50.500128 -45413.669602 4941.317224 0.277817 0.071259 0.957988 0.927673 -0.278889 -0.248281 0.249480 0.957676 -0.143585
-4.928547 -114.213826 1351.714700 11542.978947 -0.277535 0.105758 0.954877 0.896994 0.384475 0.218128 -0.344058 0.917057 -0.201569
-4.207894 -109.622241 -1621.810247 24933.700431 -0.293250 0.108429 0.949867 0.874188 0.432637 0.220499 -0.387039 0.895024 -0.221658
6.541700 -81.590661 1080.454724 10269.223218 0.293003 -0.666143 -0.685859 0.180065 0.742952 -0.644670 0.939003 0.065391 0.337636
5.844336 -84.647690 776.405440 -1046.004821 0.300108 -0.673323 -0.675700 0.154862 0.733345 -0.661984 0.941251 0.094026 0.324355
6.679016 -83.522027 965.000957 -787.434982 0.295512 -0.664240 -0.686628 0.138275 0.740898 -0.657230 0.945279 0.099276 0.310792
6.175023 -85.585198 522.130157 1113.047410 0.288878 -0.663661 -0.690003 0.124410 0.740642 -0.660281 0.949248 0.104897 0.296521
-34.004717 -83.688527 522.727066 -14950.036604 -0.188596 0.728717 0.658333 0.953804 0.295554 -0.053911 -0.233858 0.617753 -0.750794
-13.197960 -329.063087 -3262.506875 -51321.639959 -0.768320 -0.332102 -0.547168 -0.135197 0.919778 -0.368417 0.625624 -0.209086 -0.751583
-9.473101 -358.143242 -3383.072398 -19184.929524 -0.768823 -0.333485 -0.545618 -0.280431 0.942654 -0.181004 0.574691 0.013848 -0.818254
-8.774995 -344.899121 -2864.343625 -67239.951408 -0.761426 -0.345914 -0.548246 -0.032664 0.865129 -0.500485 0.647429 -0.363174 -0.670030
-12.722475 -300.828542 -2192.443029 -62853.358328 -0.773231 -0.327996 -0.542708 0.053202 0.819267 -0.570939 0.631888 -0.470341 -0.616033
-31.396876 -72.211639 -583.523835 -2546.055162 0.567633 -0.349522 0.745404 -0.535672 0.530742 0.656787 0.625178 0.772106 -0.114038
-26.231560 -67.665332 -7352.227700 -1876.297481 0.626199 -0.311261 0.714837 -0.484739 0.562680 0.669641 0.610658 0.765838 -0.201469
-53.378970 -438.260770 12490.735128 -170384.370623 -0.525687 -0.342001 -0.778902 -0.375980 0.914749 -0.147897 0.763081 0.215104 -0.609457
-56.918742 -574.139716 15471.817743 -339142.307175 -0.478089 -0.280152 -0.832434 -0.166103 0.959502 -0.227519 0.862462 0.029496 -0.505261
-105.650277 -377.270838 42342.176674 -149186.004582 -0.518306 -0.433710 -0.737058 -0.370203 0.890709 -0.263793 0.770914 0.136135 -0.622220
-44.484271 -593.223529 15572.129267 -292230.327492 -0.742149 0.029779 -0.669573 -0.268057 0.902446 0.337248 0.614297 0.429772 -0.661767
-45.691115 -293.160618 -518.733286 -74757.495022 -0.688417 -0.118665 -0.715542 -0.228501 0.971773 0.058681 0.688381 0.203899 -0.696101
-42.159017 -75.033236 195.645382 -2487.539337 -0.833825 -0.354755 -0.422948 -0.005704 0.771666 -0.636003 0.551999 -0.527902 -0.645458
-39.566990 -77.902017 -5412.406834 -870.721520 -0.790474 -0.477431 -0.383679 -0.077198 0.699084 -0.710860 0.607611 -0.532297 -0.589465
-25.543496 -91.220642 -6855.846131 -8853.265805 -0.754007 -0.458901 -0.469982 -0.051964 0.754921 -0.653754 0.654808 -0.468513 -0.593062
-37.049157 -76.347233 1897.270373 2169.878840 -0.509928 -0.710073 -0.485561 0.704387 -0.020666 -0.709515 0.493773 -0.703825 0.510704
-35.105611 -76.799883 8207.959975 -2962.157695 -0.546875 -0.665131 -0.508457 0.733875 -0.088551 -0.673488 0.402934 -0.741457 0.536550
-33.931914 -75.819886 5896.453405 -906.069753 -0.565349 -0.646503 -0.512264 0.685540 -0.022904 -0.727675 0.458711 -0.762568 0.456152
-35.929968 -79.209423 3637.972310 -221.143631 -0.516244 -0.711868 -0.476168 0.768217 -0.139120 -0.624890 0.378595 -0.688396 0.618689
-36.186724 -75.504376 1793.645944 1871.160789 -0.503011 -0.694473 -0.514479 0.663708 0.070903 -0.744623 0.553599 -0.716017 0.425262
-40.911185 -78.635088 -419.099838 3203.627483 -0.431392 -0.736589 -0.520900 0.685861 0.107327 -0.719775 0.586085 -0.667770 0.458897
-38.953330 -78.849136 99.293690 2337.737967 -0.455712 -0.755770 -0.470254 0.731198 -0.016564 -0.681964 0.507619 -0.654628 0.560166
-7.152236 -72.102228 2236.577446 -7714.090853 -0.306311 0.624413 0.718528 -0.502037 0.535342 -0.679241 0.808785 0.568786 -0.149497
-9.934968 -70.644344 1212.760222 -5350.464844 -0.302969 0.653126 0.694000 -0.492535 0.516116 -0.700737 0.815854 0.554122 -0.165320
