14675
29341
-42.670845 -64.048442 1637.971247 7022.346584 0.419361 0.906832 -0.042334 0.769707 -0.379900 -0.513057 0.481339 -0.182571 0.857310
-47.957134 -71.321563 771.188666 4993.439461 0.375762 0.923468 -0.077523 0.835022 -0.373676 -0.403862 0.401922 -0.087023 0.911529
-51.996093 -82.248179 1518.697795 7255.992702 0.083783 0.990679 0.107404 0.937005 -0.041643 -0.346824 0.339119 -0.129696 0.931760
-37.013938 -57.963561 -436.163914 5952.593133 0.570893 0.786085 -0.236962 0.621710 -0.602413 -0.500575 0.536244 -0.138453 0.832630
-42.096683 -68.255809 -395.315402 10959.558343 0.210556 0.967050 0.143111 0.839766 -0.103981 -0.532899 0.500459 -0.232384 0.833989
-33.341925 -49.320616 -396.652316 6099.067182 0.600336 0.774718 -0.198516 0.557523 -0.583374 -0.590630 0.573380 -0.243899 0.782143
-27.020489 -53.645195 -2329.260270 -20509.289434 0.850047 0.513549 0.116998 0.526470 -0.835111 -0.159436 -0.015828 -0.197124 0.980251
-19.816287 -72.703230 11250.712723 -14904.948047 0.638786 0.769140 0.019377 0.747146 -0.614115 -0.254235 0.183643 -0.176879 0.966948
-9.239657 -40.991912 1953.736860 -19942.782020 0.865424 0.499848 0.034550 0.500728 -0.865262 -0.024369 -0.017714 -0.038389 0.999106
-54.987719 -91.322245 -3429.703797 4431.313929 0.406635 -0.291020 0.865999 -0.126147 0.920942 0.368717 -0.904840 -0.259176 0.337776
-44.806566 -87.670186 -6347.950272 1407.001665 0.263961 -0.305863 0.914753 -0.213490 0.906338 0.364655 -0.940610 -0.291545 0.173939
-53.784530 -91.485004 -3802.555923 -1608.763428 0.367896 -0.242990 0.897557 -0.332975 0.866819 0.371150 -0.868205 -0.435408 0.237990
40.908387 -49.131457 -1726.539480 2840.025305 -0.038265 -0.978887 0.200787 0.999119 -0.034016 0.024571 -0.017222 0.201550 0.979327
38.594545 -52.002082 6304.557037 1305.805304 0.041826 -0.996887 0.066839 0.999085 0.041133 -0.011709 0.008923 0.067267 0.997695
45.373300 -51.131725 -4677.840621 1905.646887 -0.033035 0.995050 -0.093727 0.994657 0.041909 0.094350 -0.097811 0.090109 0.991117
50.630439 -46.771030 -3373.846500 1868.218511 -0.058024 -0.974911 0.214899 0.989889 -0.028276 0.138999 -0.129436 0.220791 0.966694
37.341068 -43.397085 -7017.984884 1280.176273 -0.171546 -0.931210 0.321591 0.979823 -0.127286 0.154093 -0.102559 0.341536 0.934256
26.857563 -46.974269 -6036.057073 107.365800 -0.098260 -0.938439 0.331176 0.995037 -0.097890 0.017843 0.015674 0.331286 0.943400
-4.018490 -93.825634 2725.987711 1345.719057 0.389785 0.879578 -0.272784 0.665372 -0.064201 0.743747 -0.636670 0.471404 0.610270
-10.904992 -103.047289 2676.995422 382.050854 0.367730 0.891533 -0.264468 0.601862 -0.011373 0.798519 -0.708899 0.452813 0.540762
-9.286782 -95.040051 3087.707666 3240.260550 0.400801 0.882112 -0.247461 0.731308 -0.145339 0.666382 -0.551858 0.448057 0.703348
-5.226253 -96.652481 2345.004158 -599.682267 0.349827 0.887622 -0.299580 0.515802 0.084452 0.852535 -0.782029 0.452763 0.428294
-4.786214 -87.687525 2570.714455 2095.058337 0.414489 0.877043 -0.242888 0.773391 -0.198799 0.601952 -0.479651 0.437350 0.760697
0.596650 -87.287224 1137.183084 1605.285275 0.382500 0.890943 -0.244775 0.723221 -0.123831 0.679424 -0.575018 0.436906 0.691714
-0.097766 -91.266273 1280.762683 1305.567585 0.358037 0.890131 -0.281916 0.578351 0.025613 0.815386 -0.733021 0.454985 0.505637
-5.783399 -90.054285 -88.533968 4976.107249 -0.106162 -0.946781 -0.303869 0.974919 -0.038992 -0.219116 0.195607 -0.319509 0.927174
-6.827504 -93.542267 -309.251114 2829.256582 -0.088333 -0.953601 -0.287824 0.974901 -0.023482 -0.221399 0.204367 -0.300156 0.931740
-6.081070 -106.852964 -549.276868 5659.318673 -0.088325 -0.952013 -0.293036 0.995852 -0.077948 -0.046927 0.021834 -0.295965 0.954949
-7.626178 -82.104828 517.269315 4884.465118 0.095034 0.951340 0.293123 0.919243 0.029141 -0.392610 0.382047 -0.306762 0.871744
-5.184128 -104.936281 464.626663 5818.711874 -0.104124 -0.943599 -0.314292 0.993856 -0.086795 -0.068674 0.037522 -0.319512 0.946839
-5.603664 -96.472465 911.546107 5313.509988 -0.125393 -0.934152 -0.334119 0.969779 -0.044363 -0.239920 0.209299 -0.354106 0.911484
-6.655630 -83.518559 -1229.874977 7069.005689 0.132908 0.934995 0.328814 0.918874 0.008107 -0.394467 0.371491 -0.354567 0.858066
18.693878 -43.502962 975.080926 2871.611028 -0.398866 0.910615 0.108104 -0.210239 0.023939 -0.977357 0.892584 0.412562 -0.181898
18.847970 -48.930979 2414.350830 -44.958296 -0.429327 0.899044 0.086014 -0.087090 0.053582 -0.994758 0.898940 0.434567 -0.055293
15.224503 -43.744100 -380.408362 3107.195285 -0.420336 0.902621 0.092701 -0.188429 0.013105 -0.981999 0.887588 0.430237 -0.164571
16.478919 -28.778880 -1333.798188 7076.430251 -0.397039 0.905421 0.150242 -0.319044 0.017333 -0.947581 0.860564 0.424161 -0.281987
15.318152 -39.588113 -1817.093816 3397.965736 -0.444416 0.887979 0.118269 -0.215020 0.022426 -0.976352 0.869633 0.459336 -0.180966
-37.413561 -54.529033 7363.277000 -4366.554440 0.506475 0.779271 0.369081 0.464417 -0.607186 0.644703 -0.726499 0.155118 0.669431
-21.937618 -45.617077 6428.547270 -3034.513001 0.424108 0.889467 0.170238 0.521128 -0.393438 0.757385 -0.740647 0.232497 0.630387
-39.677480 -47.721393 8083.370136 -2825.455034 0.291204 0.952751 0.086400 0.516980 -0.232715 0.823757 -0.804942 0.195214 0.560321
-53.398027 -61.957488 2801.832748 8350.256457 0.611141 0.302269 0.731533 -0.133112 0.950296 -0.281457 -0.780249 0.074634 0.621001
55.349049 -45.719804 7904.146411 -4129.744868 0.040963 0.992858 0.112051 0.507787 -0.117269 0.853464 -0.860508 -0.021938 0.508964
43.984455 -30.812761 15625.087774 -2481.035809 0.125510 0.986981 -0.100572 0.569279 0.011374 0.822066 -0.812507 0.160431 0.560440
61.134591 -43.602834 11194.874875 244.641318 -0.016924 0.998991 -0.041605 0.664743 0.042325 0.745873 -0.746881 0.015034 0.664788
32.134611 -96.897312 -2674.150690 -14322.568745 0.561486 -0.054640 0.825680 -0.424803 0.837263 0.344285 -0.710124 -0.544063 0.446901
29.400364 -88.011151 -6049.656559 -15426.235131 0.508179 -0.146522 0.848696 -0.472538 0.776420 0.416989 -0.720043 -0.612946 0.325324
22.920724 -100.657715 -4307.192815 -7572.682600 0.509939 -0.140234 0.848703 -0.257455 0.916516 0.306129 -0.820780 -0.374610 0.431263
19.569387 -92.439584 -4066.353904 -15607.458722 0.492791 -0.180897 0.851137 -0.406572 0.816943 0.409026 -0.769322 -0.547613 0.329035
4.346023 -151.593895 143.059953 -5158.121997 -0.304152 0.030411 -0.952138 0.801722 0.548007 -0.238600 0.514522 -0.835921 -0.191059
1.204430 -154.352303 472.179636 -1962.412442 -0.307202 0.033339 -0.951060 0.757499 0.613505 -0.223174 0.576040 -0.788987 -0.213724
1.834246 -148.247639 -187.336648 2025.856434 -0.302579 0.032297 -0.952577 0.606698 0.777331 -0.166358 0.735094 -0.628263 -0.254799
5.398419 -149.345354 -81.580713 -1971.025168 -0.315737 0.043908 -0.947830 0.664542 0.723250 -0.187865 0.677270 -0.689189 -0.257536
8.063127 -149.235977 -943.327973 -9263.841673 -0.310438 0.027182 -0.950205 0.838543 0.478653 -0.260265 0.447744 -0.877583 -0.171385
-3.676080 -10.541985 -115.814190 -158.121004 -0.548153 0.646908 0.530130 -0.360331 0.389342 -0.847688 0.754778 0.655685 -0.019683
-3.147814 -11.622649 -81.101315 -2041.671884 0.283031 -0.362658 -0.887903 -0.605743 0.650169 -0.458646 0.743619 0.667652 -0.035659
-0.006410 -13.257142 1841.600517 -868.536519 -0.504902 0.576135 0.642762 -0.456784 0.453498 -0.765303 0.732409 0.680006 -0.034197
-0.078926 -14.658895 1873.631410 878.293442 -0.619227 0.696263 0.363009 -0.248529 0.264748 -0.931741 0.744843 0.667178 -0.009102
12.759290 -47.609638 -1332.931187 1926.691929 0.561600 0.407868 0.719895 -0.154769 0.906486 -0.392847 -0.812805 0.109206 0.572208
9.022613 -48.428519 -4853.719274 1835.545412 0.524432 0.385786 0.759039 -0.113418 0.915171 -0.386778 -0.843864 0.116750 0.523701
9.504677 -43.345008 -1753.898986 -524.440979 0.557344 0.346603 0.754476 -0.045596 0.920104 -0.389010 -0.829029 0.182412 0.528619
-25.248082 -1332.940060 -7595.234218 256218.439281 -0.722798 0.206598 -0.659454 0.445619 0.868707 -0.216269 0.528192 -0.450184 -0.719964
169.184784 -12733.395250 -1006.454950 -6645595.784564 -0.632071 0.320935 -0.705327 0.770858 0.353378 -0.530002 0.079151 -0.878706 -0.470756
5.540116 -740.954716 12274.088607 -134521.973736 -0.637191 0.389251 -0.665185 0.666837 0.711178 -0.222608 0.386415 -0.585414 -0.712723
-0.137907 -87.832544 99.550575 456.823138 -0.340708 0.189811 -0.920809 0.033507 0.981237 0.189869 0.939572 0.033836 -0.340676
2.776522 -87.188065 775.320473 -1172.657019 -0.345876 0.202648 -0.916135 -0.120709 0.958674 0.257629 0.930483 0.199693 -0.307121
1.168924 -88.340237 -368.764686 -1133.076473 -0.322619 0.175442 -0.930128 -0.047883 0.978389 0.201153 0.945317 0.109433 -0.307246
27.414482 19.603723 -3869.352998 5909.332070 -0.194753 0.736760 0.647500 -0.544159 0.468077 -0.696272 0.816065 0.487944 -0.309755
23.149926 -0.949755 -3284.508009 10375.570216 -0.352897 0.871664 0.340097 -0.470821 0.148682 -0.869610 0.808574 0.467007 -0.357928
31.528445 13.339508 -3626.492011 9975.216798 -0.329737 0.777604 0.535355 -0.542822 0.307797 -0.781412 0.772411 0.548263 -0.320608
36.124793 2.741466 -3299.758450 8366.696645 -0.422426 0.761392 0.491771 -0.508879 0.249756 -0.823811 0.750065 0.598251 -0.281953
32.420856 18.758512 -483.773817 4837.990798 -0.502856 0.734307 0.455991 -0.420657 0.252957 -0.871241 0.755105 0.629925 -0.181691
33.248184 25.008803 1462.557380 2544.480983 0.185281 -0.574743 -0.797083 -0.551102 0.610795 -0.568521 0.813608 0.544610 -0.203574
-13.532867 -33.915248 54.036818 -370.252131 -0.498281 0.801476 0.330684 0.296248 0.515836 -0.803835 0.814833 0.302571 0.494467
-13.108676 -35.138575 736.947634 -314.950330 -0.535436 0.781671 0.319841 0.285257 0.523822 -0.802645 0.794944 0.338528 0.503450
-12.740400 -34.238822 225.306680 -394.821069 -0.497790 0.825733 0.265274 0.400796 0.490258 -0.773957 0.769135 0.278947 0.574996
-13.420193 -35.068931 298.723987 57.592853 -0.527166 0.766691 0.366444 0.202999 0.532369 -0.821812 0.825159 0.358843 0.436284
-13.591657 -32.223251 -44.474961 -637.274042 -0.446068 0.854040 0.267656 0.402310 0.458475 -0.792431 0.799481 0.245797 0.548100
-14.883617 -32.968508 127.567564 -469.168896 -0.464942 0.818029 0.338612 0.289390 0.501876 -0.815091 0.836709 0.280979 0.470073
-14.593968 -34.680717 501.880634 -137.306020 -0.504173 0.772967 0.385137 0.177923 0.529369 -0.829525 0.845076 0.349700 0.404422
387.462541 -58.134348 131166.648990 408.526681 0.780708 -0.229892 0.581072 0.382069 -0.560211 -0.734974 -0.494487 -0.795810 0.349527
65.101635 -35.413312 46268.547449 3687.226555 0.749671 -0.128592 0.649198 0.498735 -0.535044 -0.681902 -0.435037 -0.834980 0.336974
288.561314 -38.621434 124073.859533 -39.785745 0.728362 -0.109817 0.676335 0.527052 -0.540952 -0.655430 -0.437842 -0.833854 0.336129
-1774.316402 -4024.035234 -739376.210212 -2914338.915312 0.630120 0.100341 0.769987 -0.379823 0.904717 0.192929 -0.677262 -0.414027 0.608192
-2024.973023 -19096.882352 809333.232646 18084964.311892 0.922241 0.376326 0.088601 0.386489 -0.903247 -0.186467 -0.009856 -0.206211 0.978458
-472.342836 -1086.411630 -118690.687224 301780.989343 0.315650 -0.608556 0.728028 0.800571 0.582667 0.139947 -0.509363 0.538664 0.671111
192.782943 -65490.167951 -219714.248715 31793416.727878 0.010795 -0.439997 -0.897934 0.996409 0.080146 -0.027294 0.083975 -0.894415 0.439283
-5689.778633 -65349.466823 -1825172.247224 23791671.639788 0.204847 0.272576 0.940075 -0.048875 0.962092 -0.268309 -0.977573 0.009016 0.210404
-458.181981 -1014.499214 134549.769052 277897.510875 0.306874 -0.209811 -0.928336 0.777446 -0.507385 0.371668 -0.549004 -0.835787 0.007413
-42.316526 -184.083361 -7608.725925 62551.174253 0.010562 -0.054699 -0.998447 0.043242 0.997594 -0.054194 0.999009 -0.042603 0.012902
-58.841769 -113.263253 -10307.564379 42991.273003 -0.056191 -0.005606 -0.998404 0.015522 0.999858 -0.006488 0.998299 -0.015862 -0.056097
-27.930988 -65.871054 14308.824067 -9209.724478 0.066296 0.985391 0.156873 -0.054380 0.160553 -0.985528 0.996317 -0.056806 -0.064230
-31.905623 -49.669512 2937.284340 2578.841466 0.063929 0.756142 -0.651277 0.005075 -0.652850 -0.757470 0.997942 -0.045119 0.045574
-21.286544 -235.461662 -6168.167068 78450.538198 0.045039 -0.032079 -0.998470 0.049795 0.998314 -0.029828 0.997743 -0.048376 0.046560
-3.441063 -112.694702 -7115.214743 2951.968160 -0.227490 0.925488 0.302855 0.840988 0.029937 0.540225 -0.490904 -0.377593 0.785134
-14.588093 -114.622948 -5249.497315 9911.721157 -0.224598 0.940452 0.255158 0.895944 0.096328 0.433597 -0.383198 -0.325992 0.864227
-11.973497 -117.467622 -5961.024743 282.790855 -0.221829 0.936622 0.271166 0.786615 0.007556 0.617397 -0.576219 -0.350260 0.738437
-7.922019 -102.412336 5992.483803 9649.403389 0.213875 -0.933502 -0.287806 0.942332 0.119519 0.312610 -0.257424 -0.338068 0.905231
-23.751426 -34.412244 -17648.104922 2105.480941 -0.480011 0.321843 0.816092 0.064041 0.940645 -0.333295 -0.874922 -0.107722 -0.472131
-18.531752 -19.595539 -5860.868253 -9409.982306 -0.507448 -0.256158 0.822727 -0.162216 0.966119 0.200750 -0.846276 -0.031589 -0.531808
2.885873 -30.247905 -19335.177080 3670.623950 -0.477044 0.517586 0.710306 0.203999 0.851331 -0.483342 -0.854876 -0.085673 -0.511710
-23.967855 -41.591452 -5948.155095 -7924.805951 -0.328162 -0.695193 0.639544 -0.283355 0.718305 0.635412 -0.901121 0.027300 -0.432706
8.434482 -39.610945 -18796.311743 1655.844940 -0.469790 0.518974 0.714118 0.131500 0.841058 -0.524718 -0.872929 -0.152601 -0.463365
27.519755 -40.202293 -7106.500164 1985.461420 -0.359945 0.553657 0.750935 0.134038 0.827222 -0.545654 -0.923295 -0.095752 -0.371966
30.541315 -47.831866 -1093.235254 2058.415140 -0.292794 0.560109 0.774951 0.048818 0.818169 -0.572901 -0.954929 -0.129911 -0.266898
13.343650 -44.254406 -13307.506099 2831.378387 -0.438738 0.490350 0.753038 0.035136 0.846718 -0.530880 -0.897928 -0.206459 -0.388717
14.875562 -51.813238 -5218.958556 1385.618371 -0.483291 0.829083 0.281159 -0.823497 -0.539521 0.175413 -0.297124 0.146758 -0.943493
8.090459 -52.260732 -2339.871020 510.390859 -0.461319 0.843047 0.276507 -0.846114 -0.511806 0.148816 -0.266977 0.165305 -0.949420
16.280372 -52.841529 -4523.395148 -372.455661 -0.471306 0.833641 0.287947 0.861921 0.504570 -0.050014 -0.186983 0.224615 -0.956339
25.358776 -52.937005 -4382.314275 414.880973 -0.465765 0.817502 0.338753 0.872277 0.488593 0.020221 -0.148982 0.304905 -0.940658
24.691075 -52.256877 -4865.295103 1487.831239 -0.469981 0.817585 0.332676 -0.838879 -0.530970 0.119805 -0.274591 0.222769 -0.935400
18.492185 -52.130194 -3361.243002 1079.556740 -0.458744 0.836659 0.299260 0.886984 0.451279 0.098013 -0.053046 0.310402 -0.949124
-7.390033 -45.608194 2141.451422 -465.394879 -0.113823 0.975152 0.190061 0.991413 0.099090 0.085327 0.064374 0.198141 -0.978057
-5.292946 -46.857631 1814.046881 -376.388324 -0.116600 0.973955 0.194461 0.993139 0.112577 0.031651 0.008935 0.196817 -0.980399
-8.227873 -47.329931 792.192937 -318.751218 -0.146212 0.971888 0.184542 0.976704 0.112204 0.182921 0.157072 0.206988 -0.965652
-7.995728 -45.129184 1651.714040 -806.636662 -0.076569 0.982631 0.169037 0.996913 0.078398 -0.004162 -0.017342 0.168197 -0.985601
-8.037602 -45.616793 -148.309013 -931.089771 -0.105417 0.982562 0.153162 0.989734 0.088720 0.112055 0.096512 0.163402 -0.981827
-3.542498 -46.604970 1032.717624 838.068820 -0.340116 0.911996 0.229312 -0.583256 -0.395863 0.709299 -0.737654 -0.107497 -0.666567
-3.163259 -46.293257 -1619.972627 805.578076 -0.351269 0.908529 0.226242 -0.567882 -0.398861 0.720014 -0.744392 -0.124440 -0.656045
-4.687876 -48.492154 -652.903547 67.008028 -0.348979 0.907828 0.232513 -0.639906 -0.412107 0.648605 -0.684642 -0.077563 -0.724741
-4.832214 -48.226693 1009.392172 699.144958 -0.341374 0.911283 0.230278 -0.658317 -0.406677 0.633430 -0.670882 -0.064640 -0.738741
-6.170341 -46.933575 1511.360916 392.746488 -0.333508 0.919733 0.207034 -0.617145 -0.379006 0.689555 -0.712674 -0.102202 -0.694010
-4.179005 -44.041478 1733.403304 923.629230 -0.312713 0.928534 0.200089 -0.535219 -0.346281 0.770474 -0.784698 -0.133846 -0.605255
-8.833709 -60.927346 353.434971 -2108.553059 -0.607261 0.784014 0.128673 0.709713 0.608091 -0.355715 0.357130 0.124691 0.925695
-3.270632 -59.610919 2480.136678 -2961.478284 -0.591381 0.798624 0.111666 0.749409 0.595426 -0.289576 0.297751 0.087567 0.950619
-9.090523 -56.055879 -634.020400 -3639.721354 -0.599011 0.789563 0.133325 0.760182 0.613051 -0.215156 0.251614 0.027529 0.967436
-7.473206 -56.903174 -750.576244 -4111.861860 -0.586273 0.796732 0.146635 0.763524 0.603927 -0.228699 0.270769 0.022121 0.962390
3.767819 -66.563082 -505.054432 -2568.079319 -0.457345 0.888666 0.033293 0.744039 0.402882 -0.533002 0.487074 0.218995 0.845458
2.762265 -71.468371 -976.572894 -2278.791321 -0.429457 0.902964 0.014901 0.702410 0.344351 -0.622931 0.567616 0.257055 0.782135
2.050075 -68.589080 -360.011431 -2358.037383 -0.442043 0.896780 0.019614 0.670689 0.344960 -0.656643 0.595630 0.277109 0.753947
4.311498 -67.883732 -437.260564 -1737.654861 -0.459400 0.887873 0.025141 0.768705 0.411603 -0.489567 0.445022 0.205582 0.871603
4.169465 -62.557382 268.285752 -844.453278 -0.483910 0.873895 0.046242 0.770229 0.450399 -0.451539 0.415425 0.182887 0.891052
4.856067 -63.023672 -179.542228 -465.459785 -0.484669 0.873501 0.045734 0.786160 0.457937 -0.415026 0.383469 0.165196 0.908659
2.742023 -90.188100 759.422632 -4649.133506 -0.640105 0.764689 0.074270 0.763924 0.623202 0.167448 0.081761 0.163921 -0.983079
5.604230 -96.411478 908.517718 -4657.780637 -0.654714 0.753352 0.061724 0.753453 0.643901 0.133042 0.060483 0.133610 -0.989187
2.137686 -98.426726 903.745908 -5166.387335 -0.665972 0.743017 0.066384 0.719716 0.616575 0.319131 0.196189 0.260310 -0.945383
5.698331 -87.773922 905.200013 1442.269514 -0.618676 0.781427 0.081316 -0.782636 -0.622048 0.023206 -0.068717 0.049284 -0.996418
-1.403780 -92.620174 562.581337 -6135.570642 -0.646369 0.759595 0.072270 0.740680 0.601865 0.298583 0.183305 0.246523 -0.951644
1.396032 -85.585520 1160.893153 -3237.894089 -0.612243 0.785571 0.089653 0.789516 0.601282 0.122983 0.042705 0.146077 -0.988351
-3.172120 -143.482505 2106.192613 11861.420542 -0.415077 0.898517 -0.142751 0.909147 0.415529 -0.028066 0.034099 -0.141432 -0.989361
-2.740380 -121.353148 1162.116264 -9884.149734 -0.382407 0.908790 -0.166932 -0.897991 -0.408088 -0.164550 0.217664 -0.086979 -0.972140
-2.676750 -137.920185 315.215767 16229.302255 -0.405249 0.895951 -0.181782 0.912554 0.408390 -0.021528 0.054950 -0.174610 -0.983103
-3.562485 -169.910819 -38.525352 16775.042460 -0.449072 0.876153 -0.175189 0.883547 0.406274 -0.232993 -0.132963 -0.259418 -0.956569
9.277811 -39.069528 -8484.369610 21.174847 -0.791998 0.516912 0.324870 0.269343 0.773366 -0.573899 -0.547898 -0.367025 -0.751731
25.200081 -37.700394 -11703.840672 317.716772 -0.761462 0.601671 0.241179 0.307458 0.662799 -0.682765 -0.570653 -0.445747 -0.689685
1.234839 -45.284141 -11428.063635 -291.363708 -0.813267 0.496898 0.302801 0.215507 0.740576 -0.636477 -0.540512 -0.452370 -0.709372
30.748220 -32.592631 -6693.196946 176.308469 -0.689623 0.677849 0.254834 -0.369766 -0.632172 0.680906 -0.622650 -0.375339 -0.686606
-13.712022 -49.562475 -7787.309729 -259.152914 -0.830966 0.331151 0.447029 0.106679 0.883479 -0.456163 -0.546000 -0.331367 -0.769467
20.746812 -32.964202 -5396.536716 -711.068272 -0.707402 0.638874 0.302361 0.373047 0.700820 -0.608019 -0.600348 -0.317319 -0.734092
2.941245 -76.530898 540.974424 -2109.497392 -0.580081 0.813566 -0.040206 0.537643 0.419491 0.731415 -0.611921 -0.402663 0.680746
3.396943 -72.023876 422.490078 -4471.776925 -0.576588 0.816777 -0.020512 0.448149 0.337155 0.827943 -0.683161 -0.468189 0.560437
1.028945 -73.524484 291.358809 -4358.830141 -0.569752 0.821328 -0.028334 0.482857 0.362457 0.797167 -0.665005 -0.440506 0.603094
0.271250 -82.114342 536.365264 -1778.188679 -0.570551 0.820541 -0.034424 0.615360 0.454888 0.643746 -0.543879 -0.346107 0.764464
14.065264 -45.504383 -2214.522695 -629.257738 -0.346911 0.930668 0.116230 -0.557461 -0.104945 -0.823543 0.754248 0.350490 -0.555218
11.826303 -45.055167 -791.252315 -1438.457302 -0.293481 0.945359 0.142005 -0.567653 -0.052814 -0.821572 0.769181 0.321725 -0.552136
12.817339 -46.151081 -672.211425 321.924465 -0.322951 0.929942 0.175815 -0.504770 -0.012106 -0.863169 0.800569 0.367507 -0.473316
14.164192 -46.503489 36.144389 538.596693 -0.372593 0.915241 0.153321 -0.542020 -0.080525 -0.836499 0.753252 0.394777 -0.526082
16.018884 -46.170525 1593.601088 1535.391827 -0.305256 0.919771 0.246657 -0.414187 0.104997 -0.904115 0.857478 0.378148 -0.348906
12.857133 -48.271630 951.472667 1771.052208 -0.352394 0.911699 0.211240 -0.478205 0.018605 -0.878051 0.804449 0.410436 -0.429423
-7.931606 -199.617054 2421.475522 3703.547926 -0.504027 0.819495 -0.272735 0.394539 -0.062444 -0.916755 0.768307 0.569674 0.291849
-12.348086 -203.275394 1688.596494 -7289.860680 -0.481110 0.835657 -0.264973 0.501530 0.014461 -0.865019 0.719028 0.549062 0.426064
-11.247342 -200.405466 1420.243454 10603.033777 -0.482977 0.834458 -0.265354 0.204511 -0.187162 -0.960805 0.851415 0.518315 0.080261
21.350090 -108.500981 -5902.476579 -2702.125992 -0.340629 0.899053 -0.275093 -0.763447 -0.435259 -0.477177 0.548744 -0.047479 -0.834641
12.657264 -109.143290 -7601.552343 -282.543772 -0.314713 0.893891 -0.319240 -0.730547 -0.442843 -0.519799 0.606017 -0.069632 -0.792398
15.296516 -169.049336 -5025.186034 38206.621510 -0.328579 0.917781 -0.222964 -0.724303 -0.396368 -0.564161 0.606152 0.023878 -0.794990
23.738562 -114.200281 -1161.232990 12798.604473 -0.379671 0.910212 -0.165419 -0.770693 -0.410106 -0.487694 0.511745 0.057676 -0.857199
21.281560 -552.796127 7672.131509 -115182.913031 -0.432267 0.872355 -0.228346 0.550462 0.455844 0.699427 -0.714239 -0.176643 0.677245
36.553994 -378.545297 11118.084840 -63011.279553 -0.390459 0.892978 -0.223902 0.276400 0.345695 0.896715 -0.878149 -0.288244 0.381799
17.109691 -331.695255 8874.579821 11383.053035 -0.314922 0.930714 -0.185999 0.329468 0.290984 0.898209 -0.890099 -0.221585 0.398277
35.587645 -748.871000 4029.905356 -237382.651826 -0.464934 0.865496 -0.186419 0.534068 0.442111 0.720631 -0.706121 -0.235486 0.667787
-3.561955 -25.641979 29.541530 3066.137661 -0.425930 0.848317 0.314550 -0.436352 -0.497163 0.749951 -0.792579 -0.182172 -0.581921
-1.133481 -30.696182 -1557.884808 3355.033090 -0.419444 0.871693 0.253411 -0.481062 -0.450175 0.752277 -0.769835 -0.193632 -0.608162
-2.449884 -23.104951 -1011.560142 2994.247092 -0.443354 0.841204 0.309538 -0.402855 -0.495492 0.769542 -0.800715 -0.216480 -0.558562
25.254545 8.508615 -881.661421 -12037.487798 -0.438495 0.896578 0.062213 0.048898 0.092921 -0.994472 0.897403 0.433029 0.084586
27.550219 -6.922117 -2117.516542 -10029.659658 -0.485039 0.874354 -0.015548 0.054819 0.012656 -0.998416 0.872772 0.485123 0.054070
20.711990 -25.365285 -1797.490315 -7951.040939 -0.425361 0.897736 0.114619 -0.071934 0.092710 -0.993091 0.902160 0.430667 -0.025142
20.555251 -16.132520 -199.074315 -11641.943064 -0.372565 0.905072 0.205038 -0.040848 0.204737 -0.977964 0.927107 0.372731 0.039307
3.833338 -83.824928 1372.120301 -1380.375560 -0.576423 0.810684 0.102606 -0.810600 -0.583144 0.053571 -0.103263 0.052293 -0.993278
0.022215 -83.652270 1636.705787 -3115.854310 -0.553676 0.826139 0.104582 -0.823800 -0.561746 0.076126 -0.121639 0.044006 -0.991598
4.246898 -89.135118 2061.341171 -6582.529205 -0.558444 0.822572 0.107309 -0.798068 -0.568036 0.201053 -0.226336 -0.026637 -0.973685
5.146692 -185.708985 -2936.882234 35147.333108 -0.284501 0.949421 -0.132888 -0.531762 -0.271622 -0.802154 0.797677 0.157549 -0.582143
9.866673 -154.461938 -4289.469430 14271.441715 -0.297381 0.945234 -0.134525 -0.678894 -0.308418 -0.666320 0.671318 0.106823 -0.733431
7.009597 -127.735203 -1713.320598 12201.730678 -0.306506 0.941419 -0.140660 -0.684567 -0.320689 -0.654619 0.661379 0.104353 -0.742758
-41.202653 -55.561778 7189.550679 7895.228779 0.010635 0.936888 0.349469 0.930529 -0.137215 0.339540 -0.366063 -0.321580 0.873261
-19.961488 -82.438755 10387.214176 -18702.557605 0.932700 -0.304937 0.192571 -0.207010 -0.889887 -0.406506 -0.295325 -0.339285 0.893123
-29.211404 -52.845543 5525.759135 -703.293847 0.508013 -0.849720 -0.141065 0.817678 0.424258 0.389112 -0.270788 -0.313020 0.910326
-22.636376 -77.345446 -285.259559 12728.409564 0.098235 0.932141 0.348515 0.905080 -0.229284 0.358133 -0.413740 -0.280253 0.866186
-20.119236 -58.041859 2396.315776 7637.890164 0.250432 -0.945104 -0.209910 0.944870 0.191354 0.265713 -0.210959 -0.264881 0.940922
-56.722519 -80.200838 2140.830367 466.803323 0.241042 0.970398 -0.015029 0.952850 -0.239567 -0.186240 0.184327 -0.030571 0.982389
-49.672948 -74.435791 -794.502230 3823.645756 0.438068 0.885021 -0.157589 0.839870 -0.465443 -0.279250 0.320490 0.010024 0.947199
-42.523198 -63.684509 -471.302788 5955.577306 0.559801 0.774381 -0.294885 0.653176 -0.631364 -0.418019 0.509886 -0.041396 0.859246
-20.712949 -88.649796 5636.620172 1270.124961 0.539092 0.836975 0.094092 0.747153 -0.423665 -0.512124 0.388771 -0.346383 0.853742
-5.327619 -86.638090 13735.076762 -6945.251556 0.463264 0.885908 0.023515 0.837346 -0.428872 -0.338999 0.290237 -0.176736 0.940493
-31.160791 -89.313808 -2766.700502 2579.329049 -0.605331 -0.786066 -0.125200 0.722218 -0.476277 -0.501558 0.334628 -0.394030 0.856016
4.248562 -58.696276 16408.915845 -21074.128189 0.531577 0.846945 0.010509 0.843296 -0.528045 -0.100099 0.079229 -0.062072 0.994922
-55.200624 -78.489799 -210.326472 -1486.064202 -0.583974 -0.668202 0.460956 0.791476 -0.594857 0.140396 0.180390 0.446823 0.876247
-53.845936 -78.706556 209.325955 -33.335707 -0.554955 -0.632029 0.540892 0.816648 -0.537768 0.209503 0.158462 0.557983 0.814583
-55.754816 -77.365559 419.854984 114.903226 -0.544097 -0.702030 0.459470 0.838468 -0.474857 0.267361 0.030487 0.530721 0.846998
-45.434821 -82.765212 -5681.511855 6996.002198 0.303111 -0.390415 0.869310 0.031984 0.915879 0.400178 -0.952418 -0.093494 0.290100
-29.474612 -78.328365 -6424.082660 3060.113578 0.196354 -0.384644 0.901939 -0.074954 0.911266 0.404939 -0.977664 -0.147116 0.150100
-5.357988 -42.775341 -460.795610 -3512.774910 0.646774 0.733460 -0.209093 -0.214970 -0.087724 -0.972673 0.731759 -0.674048 -0.100934
-3.224565 -41.064643 -1191.117395 -2056.708131 0.653089 0.721473 -0.230113 -0.228145 -0.102298 -0.968238 0.722098 -0.684844 -0.097791
-4.435629 -43.189360 -1286.229612 -2901.021548 0.650380 0.719092 -0.244769 -0.305588 -0.047315 -0.950987 0.695429 -0.693302 -0.188974
-4.903566 -43.687847 -87.912665 -4478.256292 0.638460 0.733105 -0.234364 -0.276773 -0.065445 -0.958704 0.718169 -0.676960 -0.161119
2.286771 -42.838126 131.843173 2111.491441 0.639383 0.743237 -0.196948 0.027696 -0.278243 -0.960111 0.768390 -0.608424 0.198488
1.943553 -39.893317 -545.326654 632.110917 0.646647 0.734928 -0.204275 -0.025787 -0.246585 -0.968778 0.762354 -0.631725 0.140502
1.670018 -42.663578 -1402.124000 2338.289166 0.654014 0.727747 -0.206518 0.017238 -0.287264 -0.957696 0.756286 -0.622787 0.200420
-14.413176 -102.270433 2125.005142 5014.035082 0.382602 0.899319 -0.211758 0.748974 -0.167701 0.641026 -0.540975 0.403859 0.737729
-18.864327 -113.188878 1632.706201 2223.018830 0.327702 0.921209 -0.209724 0.645763 -0.056363 0.761455 -0.689639 0.384963 0.613353
-17.496018 -111.226467 2363.353272 -4160.099223 0.322627 0.911865 -0.253799 0.475402 0.075754 0.876501 -0.818477 0.403439 0.409062
-11.447650 -104.199018 2300.436334 -1899.871733 0.328399 0.895527 -0.300309 0.421795 0.145439 0.894951 -0.845129 0.420570 0.329966
-8.769281 -83.579650 300.657164 2136.886664 0.076808 0.954333 0.288704 0.898912 0.058988 -0.434140 0.431344 -0.292865 0.853330
-26.525023 -75.885928 2084.480584 14008.295680 0.271491 0.962290 0.017050 0.958170 -0.271911 0.089296 -0.090564 0.007906 0.995859
-19.345950 -57.792641 912.796264 6409.243572 0.408300 0.912727 0.014868 0.912690 -0.408478 0.011932 -0.016964 -0.008698 0.999818
-24.705762 -77.720124 2480.698440 11481.709003 0.356088 0.934200 -0.021724 0.925003 -0.349094 0.150010 -0.132556 0.073512 0.988446
26.907356 -47.602661 4158.515156 -849.247826 -0.388437 0.911390 0.135961 -0.114332 0.098739 -0.988524 0.914355 0.399524 -0.065847
28.731395 -47.438446 5217.304557 -2081.161768 -0.416126 0.898711 0.138411 0.015421 0.159169 -0.987131 0.909176 0.408636 0.080093
18.171452 -49.291363 3000.330536 -518.520034 -0.456295 0.887829 0.059620 0.024514 0.079518 -0.996532 0.889491 0.453251 0.058048
-16.755417 -35.748901 3175.354161 131.400458 0.155550 0.951742 -0.264558 0.519387 0.149012 0.841447 -0.840263 0.268295 0.471144
-8.941576 -28.128417 1471.636359 -562.679881 0.219706 0.955570 -0.196507 0.500322 0.062554 0.863577 -0.837500 0.288050 0.464349
-13.168219 -33.011709 1587.195824 2185.234896 0.033928 0.871011 -0.490090 0.484017 0.414709 0.770548 -0.874401 0.263355 0.407514
-10.586601 -33.037343 3236.036298 -1214.241658 0.317582 0.947683 -0.032228 0.510908 -0.142383 0.847762 -0.798821 0.285699 0.529397
13.366761 -52.607189 9667.953002 -4114.088015 0.531632 0.714877 -0.454223 -0.574487 0.698422 0.426816 -0.622361 -0.034036 -0.781990
140.728278 -56.158321 61352.952499 -5672.012475 0.454328 0.818907 -0.350682 -0.681116 0.573045 0.455742 -0.574167 -0.031798 -0.818121
14.960062 -47.814687 8359.050960 -4381.125836 0.474596 0.767091 -0.431659 -0.675820 0.631767 0.379654 -0.563938 -0.111542 -0.818250
288.854395 -60.916497 107455.409689 584.730208 0.563637 0.757376 -0.329689 -0.537649 0.639384 0.549656 -0.627094 0.132550 -0.767583
-9.261255 -47.194676 -267.565675 -2269.662655 0.489390 0.742191 -0.457876 -0.631692 0.663680 0.400618 -0.601218 -0.093178 -0.793634
273.798130 -28.577911 92456.877027 -106.970635 -0.597290 0.344101 -0.724458 0.711366 0.644470 -0.280388 0.370409 -0.682827 -0.629717
952.569085 -38.224136 282983.383122 1669.609146 -0.608145 -0.115514 -0.785377 0.611096 0.563355 -0.556052 0.506678 -0.818100 -0.272011
204.809617 -27.888611 62102.419274 1090.821142 -0.580806 0.258288 -0.771979 0.668805 0.692034 -0.271641 0.464074 -0.674074 -0.574682
369.190377 -23.809805 103991.726305 -7468.171645 -0.485132 0.243363 -0.839894 0.818526 0.464332 -0.338248 0.307673 -0.851569 -0.424461
146.675472 -24.821366 70467.333388 -2725.152480 -0.473534 0.522781 -0.708848 0.848257 0.487353 -0.207237 0.237120 -0.699419 -0.674231
0.060171 -149.867549 -410.381418 4700.805147 -0.303204 0.027172 -0.952538 0.588994 0.791131 -0.164916 0.749101 -0.611043 -0.255879
-4.521135 -7.655255 -985.975254 127.832150 -0.574327 0.693863 0.434398 -0.297614 0.317357 -0.900395 0.762610 0.646404 -0.024236
-4.194082 -7.858313 477.085915 -1714.749169 0.348124 -0.455900 -0.819125 -0.546802 0.610992 -0.572448 0.761457 0.647182 -0.036586
-3.840092 -12.162485 -432.638424 -2772.981613 0.177312 -0.256352 -0.950181 -0.644245 0.699629 -0.308977 0.743981 0.666935 -0.041100
-0.379689 -13.854016 -921.510182 -902.135582 0.177462 -0.244123 -0.953368 -0.680325 0.669554 -0.298086 0.711102 0.701499 -0.047263
75.152906 -1508.952286 11689.788131 -482853.685076 -0.385798 0.267129 -0.883064 0.851584 0.471328 -0.229468 0.354915 -0.840531 -0.409320
43.331638 -400.483542 16653.847225 -112786.791652 -0.504405 0.277022 -0.817823 0.843489 -0.044481 -0.535302 -0.184667 -0.959834 -0.211228
78.809353 -617.573582 -10075.117907 -134510.524222 -0.463485 0.010325 -0.886044 0.882993 -0.078347 -0.462802 -0.074197 -0.996873 0.027196
-2.605540 -88.268890 2312.901323 7483.634194 -0.390296 0.148825 -0.908581 0.321849 0.946642 0.016804 0.862602 -0.285867 -0.417370
-4.465360 -84.630654 175.638011 6084.668413 -0.357733 0.175886 -0.917110 0.247942 0.964742 0.088308 0.900307 -0.195800 -0.388729
-2.962378 -105.670444 358.957405 11895.601989 -0.365648 0.126629 -0.922099 0.412831 0.909984 -0.038739 0.834190 -0.394835 -0.385010
25.409465 19.183211 -5673.101539 9541.606236 -0.075595 0.735423 0.673379 -0.594207 0.509084 -0.622697 0.800752 0.447199 -0.398509
19.619759 -7.990897 -1243.969717 12500.923444 -0.365151 0.905789 0.214967 -0.434882 0.038202 -0.899677 0.823129 0.422004 -0.379962
-13.121601 -36.191901 298.261010 -223.579858 -0.554875 0.754934 0.349553 0.209166 0.533268 -0.819680 0.805210 0.381705 0.453804
-3.627878 -53.849480 -72.064400 -214.178714 0.636045 0.698903 -0.327079 -0.028568 -0.402251 -0.915084 0.771123 -0.591378 0.235884
-5.171560 -56.799614 -146.164960 -2060.399756 0.631463 0.684571 -0.364167 -0.152681 -0.350680 -0.923965 0.760226 -0.639051 0.116921
-2.994649 -51.443550 138.515593 -905.346688 0.631345 0.712524 -0.306126 -0.024014 -0.376595 -0.926067 0.775130 -0.592019 0.220651
-1.611429 -50.586039 336.253891 1141.788805 0.630632 0.725674 -0.275136 0.063309 -0.401441 -0.913694 0.773495 -0.558786 0.299103
-1.064977 -49.120641 977.424490 328.057533 0.619941 0.737875 -0.266859 0.019483 -0.354470 -0.934864 0.784406 -0.574362 0.234127
-28.366508 -32.498547 744.951688 -12341.313761 0.741442 -0.576724 -0.343006 -0.437142 -0.027328 -0.898977 -0.509088 -0.816482 0.272372
4.116999 -23.999505 28949.936569 1380.679493 0.706551 -0.108025 0.699368 0.556997 -0.524710 -0.643765 -0.436509 -0.844399 0.310565
-1693.782408 -3234.716022 -621971.773173 -42715.675972 -0.390978 -0.715269 0.579247 0.865140 -0.500381 -0.033935 0.314117 0.487862 0.814445
577.141252 -5112.309079 -95242.342952 6224157.223490 0.605101 0.146685 -0.782519 0.080916 0.966460 0.243736 0.792026 -0.210804 0.572937
-78.390834 -114.653984 33412.756504 -24647.650187 0.034247 0.975710 0.216374 -0.162940 0.219056 -0.962011 0.986041 0.002310 -0.166484
0.688543 -24.371855 -13962.598064 -1791.132766 -0.321406 0.790697 0.521052 -0.403870 -0.612154 0.679821 -0.856497 -0.008061 -0.516089
-12.275628 -38.888955 7190.686971 -7826.389169 0.395595 0.715377 -0.575969 -0.300689 0.693447 0.654766 -0.867808 0.085834 -0.489430
-8.897233 -24.395252 996.288488 -3088.930486 0.074647 0.993249 -0.088795 -0.531519 0.114969 0.839208 -0.843751 0.015448 -0.536513
24.003940 -57.805231 -7837.186147 5737.561298 -0.390656 0.492001 0.778025 -0.070963 0.826576 -0.558334 -0.917797 -0.273328 -0.287993
34.112242 -49.959137 5368.186450 707.578692 -0.192453 0.575893 0.794550 -0.011480 0.808309 -0.588646 -0.981239 -0.122408 -0.148950
37.481123 -67.000443 1964.208748 9610.048055 -0.260839 0.546091 0.796083 -0.060306 0.813802 -0.578005 -0.963497 -0.198774 -0.179339
6.473388 -50.908009 -3343.230813 1088.264665 -0.475688 0.837040 0.270343 -0.797989 -0.539955 0.267696 -0.370045 0.088391 -0.924799
3.850269 -51.093626 292.155366 699.912582 -0.431305 0.862357 0.265171 -0.824251 -0.496147 0.272852 -0.366860 0.100885 -0.924790
6.595549 -52.412915 1289.010617 -191.419843 -0.428951 0.859815 0.276981 -0.869074 -0.476443 0.133088 -0.246397 0.183628 -0.951614
-6.576773 -47.533521 -87.702020 97.018243 -0.190943 0.965549 0.176791 0.976948 0.169416 0.129884 0.095458 0.197516 -0.975641
-2.850493 -48.680078 -122.208692 246.311145 -0.182206 0.966406 0.181277 0.983242 0.180213 0.027546 -0.006047 0.183258 -0.983046
-1.506829 -47.429476 1203.835291 -220.411040 -0.111465 0.976136 0.186369 0.989354 0.126658 -0.071670 -0.093565 0.176396 -0.979862
1131.470444 -74.640623 402211.906931 -5203.003060 -0.343685 0.935523 -0.081716 0.865205 0.281614 -0.414867 0.365105 0.213284 0.906205
90.100655 -62.074122 40199.805797 -2184.927850 -0.501676 0.864480 0.031543 0.800412 0.477709 -0.362125 0.328118 0.156422 0.931596
980.142959 -68.370662 350117.775185 -4717.197445 -0.405061 0.912138 -0.062686 0.814543 0.328880 -0.477868 0.415265 0.244626 0.876192
1709.742822 -74.209799 554776.285220 6802.083160 -0.461153 0.886980 -0.024578 0.727784 0.362249 -0.582328 0.507610 0.286430 0.812583
2.066824 -65.696802 697.311705 -2436.874902 -0.461071 0.886739 0.033289 0.656606 0.366164 -0.659388 0.596894 0.282167 0.751066
0.060082 -67.629073 679.503546 -199.435277 -0.444013 0.896012 0.003789 0.575198 0.288273 -0.765536 0.687022 0.337729 0.643382
0.459099 -64.826128 831.647717 359.301342 -0.451956 0.891496 0.031144 0.542108 0.302220 -0.784080 0.708417 0.337487 0.619877
2.509949 -63.680985 754.113770 -1922.330201 -0.474463 0.878235 0.059905 0.631251 0.386882 -0.672194 0.613521 0.281116 0.737947
6.013641 -99.894414 1248.252525 -3174.768111 -0.676628 0.733939 0.059228 0.707397 0.625614 0.328931 0.204361 0.264462 -0.942495
9.182152 -95.017698 438.587448 3010.195065 -0.652496 0.756186 0.049318 -0.753509 -0.654342 0.063725 -0.080459 -0.004419 -0.996748
-3.284107 -128.343394 -885.203257 -10425.696845 -0.365364 0.910672 -0.192834 -0.868314 -0.408076 -0.281967 0.335471 -0.064420 -0.939846
-0.800607 -126.029662 -906.042805 -10575.268110 -0.364780 0.910099 -0.196611 -0.852640 -0.411350 -0.322175 0.374087 -0.050115 -0.926038
-1.211422 -156.891010 -1061.104215 -25294.617189 -0.401646 0.895307 -0.192630 -0.898817 -0.425696 -0.104458 0.175523 -0.131184 -0.975696
39.518066 -33.858685 -7751.609905 -693.029078 -0.666279 0.719867 0.194585 -0.368695 -0.544829 0.753144 -0.648179 -0.430062 -0.628420
10.139816 -82.731925 -2093.623849 -3874.816862 -0.178950 0.633099 0.753102 0.380575 0.750415 -0.540408 -0.907271 0.189905 -0.375228
26.180444 -73.092633 -10047.020681 -4048.960314 -0.193807 0.659584 0.726215 0.247637 0.749170 -0.614346 -0.949271 0.060773 -0.308532
9.531709 -77.272167 -5833.847853 -2123.465936 -0.187675 0.703520 0.685447 0.210327 0.710444 -0.671589 -0.959448 0.018127 -0.281302
4.851510 -77.019887 897.664480 -1997.566961 -0.581057 0.813233 -0.032024 0.532929 0.409928 0.740234 -0.615110 -0.413051 0.671587
5.110597 -74.697827 895.338852 -3128.374821 -0.570328 0.821416 -0.001599 0.455289 0.317737 0.831718 -0.683694 -0.473624 0.555196
-0.779525 -53.404796 -140.505461 -1036.847928 -0.436879 0.899477 -0.008833 0.157383 0.066765 -0.985278 0.885645 0.431838 0.170731
-0.034257 -52.168169 -147.936250 -66.308080 -0.431820 0.900006 -0.059334 0.037703 -0.047715 -0.998149 0.901171 0.433258 0.013329
-0.782450 -51.898534 -689.062222 -1078.503865 -0.429207 0.902958 -0.021162 0.140756 0.043725 -0.989078 0.892171 0.427498 0.145864
5.855657 -48.254703 -1119.621140 -1474.104371 -0.267928 0.952045 0.147733 -0.684578 -0.080231 -0.724510 0.677914 0.295252 -0.673245
10.393820 -46.500223 2136.075662 -2477.778764 -0.249930 0.949969 0.187333 -0.631272 -0.013165 -0.775450 0.734187 0.312067 -0.602979
10.611279 -45.750999 -3119.881117 -1184.380290 -0.336173 0.936570 0.099115 -0.627959 -0.144472 -0.764719 0.701894 0.319318 -0.636695
-9.328375 -196.713105 2334.801575 -13351.958594 -0.495112 0.825824 -0.269959 0.664409 0.159666 -0.730115 0.559843 0.540852 0.627738
-13.405183 -191.616234 1490.040213 -20083.692891 -0.481577 0.844705 -0.233573 0.704503 0.214589 -0.676482 0.521305 0.490331 0.698438
-14.061903 -232.625177 36.152979 -27333.155482 -0.455833 0.860321 -0.228177 0.621260 0.123956 -0.773738 0.637379 0.494452 0.590986
11.696799 -110.309621 -6772.593240 -13501.330574 -0.326716 0.884765 -0.332335 -0.806094 -0.444439 -0.390751 0.493426 -0.140229 -0.858409
-10.525783 -25.232175 -2655.387842 477.735912 -0.548864 0.484020 0.681523 -0.182059 0.726515 -0.662594 -0.815845 -0.487752 -0.310638
-4.375195 -22.867575 -2059.270216 574.399286 -0.550929 0.486656 0.677970 -0.194645 0.715042 -0.671438 -0.811536 -0.501878 -0.299212
-10.099290 -25.043515 -1272.503760 -445.090165 -0.573300 0.616923 0.539197 0.133724 -0.578807 0.804425 -0.808359 -0.533281 -0.249333
-16.649019 -27.500323 -2535.065860 -8.011891 -0.512727 0.475507 0.714846 -0.190808 0.748684 -0.634874 -0.837080 -0.461915 -0.293140
-11.026677 -25.469052 -3715.966283 -428.984953 -0.530392 0.351952 0.771242 -0.217197 0.822969 -0.524926 -0.819457 -0.445928 -0.360053
-15.535448 -28.312425 -2254.838991 -466.016826 -0.552096 0.622247 0.554977 0.132986 -0.591377 0.795354 -0.823107 -0.512915 -0.243747
7.064112 -223.214786 4829.358386 -3864.649456 -0.288838 0.942611 -0.167506 0.498984 0.297539 0.813932 -0.817060 -0.151511 0.556289
8.273652 -253.965542 5568.151227 37953.086819 -0.247389 0.959696 -0.133347 0.261018 0.198547 0.944695 -0.933096 -0.198902 0.299617
