11211
22408
-37.890898 -52.903483 459.820393 3728.238825 -0.486312 0.797274 0.357568 0.269836 -0.252187 0.929296 -0.831077 -0.548412 0.092491
-29.395354 -51.417916 -1360.055600 5721.661660 -0.595651 0.777961 0.199941 0.240350 -0.064889 0.968515 -0.766441 -0.624953 0.148332
-27.897378 -41.606747 253.098828 3248.985444 -0.362555 0.692578 0.623609 0.533146 -0.394697 0.748311 -0.764401 -0.603779 0.226146
-22.186379 -43.788070 -2708.126725 5496.940868 -0.641256 0.732728 0.227817 0.336102 0.001316 0.941825 -0.689801 -0.680521 0.247115
-32.144297 -48.118194 113.694845 3198.303672 -0.241807 0.680438 0.691761 0.465406 -0.544230 0.698005 -0.851426 -0.490732 0.185082
-22.890554 -32.384691 -157.139251 2032.685189 -0.223863 0.596121 0.771054 0.682883 -0.468527 0.560494 -0.695382 -0.652014 0.302195
-24.801111 -38.313650 -81.947019 -2030.832289 -0.085805 0.540584 0.836903 -0.624550 0.625285 -0.467926 -0.776257 -0.562838 0.283970
-24.941313 -44.739973 -1856.169515 1958.409823 0.216637 -0.326939 -0.919880 0.837552 -0.421865 0.347185 -0.501573 -0.845660 0.182436
-17.084457 -43.208095 -1981.002413 2246.267078 0.309326 -0.447969 -0.838833 0.778187 -0.387753 0.494037 -0.546573 -0.805588 0.228661
-21.123024 -49.229462 -2231.636355 881.711960 0.306318 -0.390811 -0.868007 0.707144 -0.517016 0.482330 -0.637273 -0.761552 0.117988
-27.973736 -50.416389 -1933.445862 808.218909 0.242442 -0.256725 -0.935582 0.781628 -0.519569 0.345117 -0.574700 -0.814948 0.074698
-27.225656 -53.179879 -2493.631254 -192.231931 0.313962 -0.293313 -0.902993 0.644340 -0.632704 0.429548 -0.697319 -0.716696 -0.009652
-16.352167 -50.737481 2332.943345 382.525964 -0.335885 0.431494 0.837254 -0.566516 0.617594 -0.545561 -0.752490 -0.657564 0.037008
27.997179 -54.317005 1087.051777 6638.870930 0.387079 0.306290 -0.869687 0.865552 -0.445787 0.228239 -0.317788 -0.841107 -0.437665
28.912604 -45.875551 -1144.935317 6606.297148 0.387490 0.145792 -0.910272 0.874019 -0.372100 0.312461 -0.293158 -0.916671 -0.271610
31.217318 -38.760904 1232.033312 3796.026553 0.400314 0.282996 -0.871586 0.887039 -0.358410 0.291039 -0.230022 -0.889638 -0.394506
25.050566 -46.303488 2665.874019 2031.034848 0.429446 0.398703 -0.810316 0.880729 -0.383342 0.278145 -0.199731 -0.833117 -0.515774
-19.471586 -35.910827 -245.902169 -528.312967 -0.162526 0.986545 -0.017705 0.758596 0.113458 -0.641606 0.630965 0.117708 0.766830
-16.516215 -36.432994 181.172258 -864.078413 -0.101516 0.987426 -0.121181 0.725423 -0.009883 -0.688233 0.680776 0.157774 0.715298
-17.249125 -33.624322 438.003275 -808.152143 -0.131025 0.980070 -0.149317 0.807363 0.018081 -0.589778 0.575324 0.197829 0.793641
-19.104414 -32.382535 -189.816548 -504.041288 -0.209756 0.977379 -0.027067 0.838157 0.165485 -0.519720 0.503484 0.131701 0.853908
-16.404684 -84.921200 -936.565993 -7907.509585 0.771385 -0.552342 -0.316045 -0.124916 0.355551 -0.926272 -0.623989 -0.753991 -0.205270
-11.714650 -73.515971 -334.095780 -7807.946926 0.756074 -0.536673 -0.374613 -0.281601 0.249936 -0.926409 -0.590808 -0.805925 -0.037842
-14.467829 -89.248404 -959.785275 -6891.902303 0.739579 -0.579665 -0.342069 -0.058604 0.450833 -0.890682 -0.670513 -0.678777 -0.299456
-0.895594 -114.331005 269.123946 -8909.666576 0.699361 -0.425981 -0.573964 0.454175 0.884898 -0.103348 0.551924 -0.188402 0.812333
-1.314127 -115.225387 -554.983543 -5313.978048 0.715038 -0.440722 -0.542665 0.464173 0.879750 -0.102870 0.522747 -0.178334 0.833626
-1.286019 -101.399987 -218.711420 -5246.111365 0.710731 -0.421492 -0.563211 0.552973 0.829640 0.076931 0.434836 -0.366118 0.822724
-1.818757 -103.958809 725.589751 -4485.377192 0.703457 -0.400665 -0.587040 0.554681 0.825913 0.100982 0.444384 -0.396656 0.803235
-1.078902 -23.745900 38.813059 1286.198811 0.367764 -0.702706 0.609059 0.926530 0.332763 -0.175532 -0.079325 0.628866 0.773457
-0.842160 -25.748308 178.973614 303.551354 0.150314 -0.764803 0.626485 0.988632 0.113919 -0.098134 0.003685 0.634113 0.773231
-1.977808 -19.650786 257.973931 -881.191768 -0.061244 -0.768815 0.636532 0.997876 -0.061330 0.021936 0.022174 0.636524 0.770938
1.843323 -23.355148 -372.621356 591.443538 -0.059667 -0.764066 0.642373 0.990830 -0.123481 -0.054840 0.121222 0.633211 0.764428
-4.864692 -12.213527 111.239265 1122.927365 0.479159 -0.652403 0.587177 0.875418 0.403716 -0.265813 -0.063635 0.641392 0.764570
-3.105786 -15.847528 -732.689950 -1361.817911 -0.516557 -0.668581 0.534946 0.856216 -0.397516 0.329963 -0.007958 0.628475 0.777789
2.672748 -21.195710 -90.475519 150.922293 -0.328393 -0.734883 0.593385 0.937851 -0.328330 0.112406 0.112221 0.593420 0.797032
1.189126 -22.229470 1646.121377 1356.205822 0.897980 -0.432820 -0.079367 0.318329 0.763484 -0.561924 -0.303807 -0.479331 -0.823373
-0.425770 -25.609099 1548.774161 1754.333740 0.897466 -0.431109 -0.093268 0.283499 0.725781 -0.626794 -0.337908 -0.536085 -0.773583
-3.766144 -23.206031 1188.570173 1424.864197 0.902837 -0.408937 -0.132878 0.264620 0.772004 -0.577916 -0.338913 -0.486602 -0.805206
-3.242242 -21.306293 1564.755756 148.476150 0.903072 -0.416308 -0.105586 0.305638 0.795648 -0.523001 -0.301739 -0.440036 -0.845767
1.889816 -20.600409 2046.005148 -104.050744 0.897672 -0.435402 -0.067901 0.343433 0.787796 -0.511303 -0.276115 -0.435662 -0.856714
4.804890 -20.775694 1266.989317 495.063653 0.884540 -0.458796 -0.084230 0.353767 0.777504 -0.519939 -0.304035 -0.430109 -0.850040
-8.044396 -74.764651 23.561058 3098.583943 -0.422363 -0.557644 0.714593 0.902305 -0.333755 0.272860 0.086341 0.760027 0.644131
-6.595186 -84.826039 -468.255711 3984.731209 -0.371290 -0.563577 0.737919 0.917522 -0.100754 0.384710 -0.142466 0.819896 0.554504
-8.240544 -83.809398 280.298995 3910.532579 -0.395657 -0.581383 0.710949 0.918207 -0.266196 0.293317 0.018722 0.768852 0.639153
-2.685432 -75.098716 -1368.564666 4016.883335 -0.402532 -0.534955 0.742826 0.915081 -0.213527 0.342102 -0.024396 0.817453 0.575478
-2.366809 -68.103081 -1568.851860 3121.018455 -0.449803 -0.514462 0.730072 0.878983 -0.399895 0.259753 0.158319 0.758559 0.632078
-3.232457 -64.693023 -1371.917799 1272.074732 -0.476374 -0.510139 0.716119 0.831919 -0.525121 0.179328 0.284567 0.681180 0.674548
221.852840 -29.497054 -51061.811067 -476.951014 -0.365389 0.603536 -0.708686 0.922208 0.338234 -0.187429 0.126581 -0.722041 -0.680172
172.099321 -29.788995 -32231.405070 -1100.588707 -0.425163 0.681853 -0.595242 0.904945 0.333044 -0.264871 0.017639 -0.651274 -0.758637
66.341933 -24.084617 -18763.715244 -479.597659 -0.349846 0.583913 -0.732566 0.934092 0.276920 -0.225360 0.071272 -0.763126 -0.642308
-0.544107 -189.817231 -206.750394 -2231.422049 0.486227 0.286157 -0.825650 0.827921 0.151377 0.540030 0.279517 -0.946150 -0.163312
0.243291 -198.797524 401.320274 19091.039482 0.477338 0.312144 -0.821410 0.611653 0.553117 0.565634 0.630895 -0.772417 0.073100
-1.354170 -195.675071 792.857146 -1023.117712 0.472170 0.325551 -0.819190 0.767133 0.306030 0.563784 0.434238 -0.894629 -0.105243
-0.543150 -207.393516 521.642493 -21461.339285 0.493117 0.308380 -0.813473 0.869910 -0.164436 0.464993 0.009630 -0.936943 -0.349348
0.706073 -190.688760 -502.244139 -21321.477578 0.478221 0.271226 -0.835309 0.866877 -0.298282 0.399441 -0.140818 -0.915131 -0.377764
-3.509343 -149.755948 -742.643550 15803.750110 -0.486806 -0.375777 0.788550 0.764222 -0.620440 0.176121 0.423066 0.688364 0.589211
-6.104648 -143.948577 -520.735990 9953.925869 -0.472510 -0.396946 0.786872 0.815427 -0.535653 0.219441 0.334384 0.745325 0.576782
-3.855008 -105.556806 213.187702 -1288.421447 0.465292 0.392721 -0.793268 -0.665965 0.745674 -0.021463 0.583090 0.538275 0.608495
-0.491764 -7.093456 -100.194398 -568.365701 0.639183 0.379717 -0.668775 -0.426876 0.898520 0.102175 0.639705 0.220176 0.736410
-1.284791 -3.707322 -284.822120 -395.965852 0.746485 0.007217 -0.665363 -0.138817 0.979628 -0.145116 0.650761 0.200690 0.732279
1.474378 -3.660801 1109.145622 -1151.476736 0.660946 0.284149 -0.694558 -0.341957 0.937906 0.058295 0.667994 0.198979 0.717071
-0.057282 -8.931082 -68.881475 -541.620236 0.622140 0.405327 -0.669814 -0.455629 0.883191 0.111248 0.636666 0.235975 0.734147
-53.055951 -551.910279 2032.793620 146353.002875 0.329382 -0.224236 0.917184 0.309333 0.943408 0.119559 -0.892088 0.244335 0.380105
-43.733086 -116.587109 1764.986972 1621.570822 0.455346 0.630831 0.628261 -0.096095 0.736363 -0.669728 -0.885113 0.244585 0.395920
-36.455377 -27683.188122 62728.364878 7295079.775687 0.215714 0.969033 0.120174 0.296048 -0.182183 0.937638 -0.930496 0.166684 0.326180
2.288391 -111.337128 -2236.184601 -9882.047834 0.762812 0.636429 -0.114351 -0.442111 0.384283 -0.810472 0.471865 -0.668794 -0.574507
9.171694 -102.448423 -1858.866690 -11090.465788 0.745526 0.659738 -0.094536 -0.495058 0.453210 -0.741295 0.446216 -0.599455 -0.664488
0.780609 -117.976466 -2968.029982 -7865.114636 0.777964 0.618593 -0.110066 -0.540693 0.569898 -0.618763 0.320036 -0.540887 -0.777829
-11.708857 -153.545390 -3424.171044 -15900.650846 0.815960 0.575439 -0.055490 -0.390947 0.478538 -0.786232 0.425874 -0.663228 -0.615434
-5.499680 -29.506444 676.815269 416.963333 -0.558393 0.755027 0.343703 0.704767 0.213202 0.676645 0.437607 0.620064 -0.651169
-5.394413 -32.191081 -78.986724 990.116677 -0.549233 0.766772 0.332270 0.748087 0.273930 0.604423 0.372436 0.580536 -0.724064
-4.900676 -29.884051 457.306119 1062.888942 -0.561785 0.750367 0.348348 0.719322 0.235074 0.653694 0.408623 0.617810 -0.671817
30.938305 -51.361759 1.898329 -2490.382763 0.798970 -0.601332 -0.006827 0.385524 0.503454 0.773243 0.461539 0.620430 -0.634073
36.814204 -49.958791 563.707396 1716.222682 0.690449 -0.716056 -0.102683 0.326656 0.181977 0.927459 0.645427 0.673905 -0.359550
40.041669 -62.919264 2027.239883 2939.251884 0.797457 -0.601586 -0.046430 0.290414 0.315239 0.903484 0.528887 0.733974 -0.426099
39.977308 -68.792381 1907.485628 -32.260014 0.862014 -0.506883 0.000652 0.312762 0.532899 0.786256 0.398888 0.677560 -0.617901
-23.013399 -54.376302 -2799.223274 -4526.387758 -0.223259 0.849938 0.477243 -0.686684 0.210350 -0.695858 0.691824 0.483072 -0.536676
-15.288506 -54.896997 -6133.118690 -6466.506949 -0.213282 0.911901 0.350639 -0.618125 0.151984 -0.771248 0.756593 0.381232 -0.531253
-31.169891 -114.459748 -814.366794 -25712.643480 -0.306762 0.862944 0.401528 0.894024 0.116521 0.432602 0.326525 0.491682 -0.807236
-44.027596 -116.809730 -5731.264505 -26296.000724 -0.327688 0.895449 0.301317 0.881797 0.175368 0.437814 0.339198 0.409167 -0.847070
6.974328 -37.515805 -812.150146 -314.914022 0.657821 -0.733532 -0.170884 0.509611 0.266423 0.818117 0.554588 0.625259 -0.549075
2.676404 -36.109361 -840.087326 153.980192 0.673523 -0.715226 -0.186598 0.444017 0.189659 0.875716 0.590944 0.672667 -0.445313
4.186656 -34.215004 -1323.367427 -535.481886 0.649529 -0.715906 -0.256105 0.568955 0.234194 0.788317 0.504383 0.657747 -0.559435
8.592811 -35.043719 1667.249685 -1498.543413 -0.618506 0.745285 0.248999 0.636610 0.289510 0.714781 0.460628 0.600612 -0.653519
-5.150511 -41.567884 -198.899185 -800.383793 -0.891199 0.384026 -0.241429 0.361390 0.922769 0.133772 0.274155 0.031967 -0.961154
-5.429751 -39.194556 242.091706 -275.615441 -0.885529 0.413832 -0.211144 0.391775 0.909443 0.139378 0.249702 0.040702 -0.967467
-4.231651 -36.426527 184.186244 1249.002372 -0.877484 0.429733 -0.212958 0.361607 0.884484 0.294836 0.315058 0.181706 -0.931515
-4.940789 -38.682540 -365.431483 601.758367 -0.870544 0.413056 -0.267465 0.353318 0.902980 0.244528 0.342519 0.118372 -0.932024
-4.457417 -36.689201 -6.986444 2397.526596 -0.864588 0.448351 -0.226865 0.326559 0.844506 0.424463 0.381898 0.292901 -0.876563
-3.648445 -35.941729 345.265454 2317.472291 -0.866896 0.463088 -0.184504 0.356683 0.834800 0.419387 0.348237 0.297755 -0.888860
-3.725607 -34.155734 275.946432 1271.165341 -0.850334 0.485821 -0.202261 0.340714 0.801173 0.491971 0.401056 0.349426 -0.846791
-3.135783 -32.571345 80.286928 1252.820738 -0.844154 0.504526 -0.181270 0.364364 0.787967 0.496334 0.393248 0.352934 -0.848996
4.171687 -58.895303 -663.551673 3226.941506 0.900975 -0.402429 0.162157 0.377005 0.911130 0.166459 -0.214734 -0.088842 0.972624
1.360811 -57.621937 -991.586200 4816.023652 0.912352 -0.362113 0.191018 0.355593 0.932119 0.068615 -0.202897 0.005324 0.979186
5.159332 -48.376419 -272.632552 -3691.326374 0.897741 -0.415388 0.146677 -0.428711 -0.900407 0.073995 -0.101333 0.129310 0.986413
5.553988 -49.933557 -17.735912 3083.164322 0.891631 -0.434435 0.127519 0.437368 0.899266 0.005506 -0.117065 0.050864 0.991821
5.153235 -57.179431 -291.917398 2865.796147 0.896074 -0.420865 0.141151 0.401237 0.903933 0.148035 -0.189893 -0.076015 0.978858
4.329744 -64.589349 -291.243953 1969.833575 0.906784 -0.391331 0.156852 0.322616 0.883592 0.339387 -0.271406 -0.257148 0.927477
2.633374 -147.669650 615.533646 9041.846136 0.980117 -0.156754 0.121650 0.068870 -0.306227 -0.949464 -0.186085 -0.938964 0.289343
2.540049 -124.971035 462.415207 8012.836013 0.978297 -0.145064 0.147959 0.140842 -0.058216 -0.988319 -0.151983 -0.987708 0.036522
4.839289 -165.093718 510.267882 11251.855228 0.976148 -0.167370 0.138283 0.140669 0.002426 -0.990054 -0.165370 -0.985891 -0.025912
-1.191596 -92.423684 -1881.044045 -799.014959 -0.258869 0.743521 -0.616574 0.696392 0.586010 0.414283 -0.669346 0.322133 0.669482
-0.179943 -94.727013 -2010.899709 -432.888559 -0.231963 0.754494 -0.613947 0.809952 0.499340 0.307632 -0.538674 0.425909 0.726933
-7.017934 -92.398456 742.682377 -830.027399 0.273861 -0.714161 0.644185 0.851459 0.491492 0.182901 -0.447232 0.498408 0.742680
-6.957700 -92.072839 -758.709087 783.689405 0.279383 -0.675132 0.682746 0.879166 0.465736 0.100783 -0.386021 0.572090 0.723672
-4.005077 -93.633200 -126.307054 358.688397 -0.269575 0.705930 -0.654975 0.744990 0.583854 0.322652 -0.610180 0.400971 0.683303
-6.576155 -33.497842 -29.088007 -480.118625 0.946376 -0.284013 0.153976 0.323036 0.838478 -0.438865 0.004462 -0.465071 -0.885262
-7.135651 -32.556924 272.261786 351.488484 0.957632 -0.250926 0.141343 0.286399 0.778112 -0.559032 -0.030295 -0.575828 -0.817010
-7.711137 -32.028706 315.482075 -377.801096 0.947760 -0.285652 0.141965 0.318671 0.828145 -0.461112 -0.014150 -0.482264 -0.875912
-7.261381 -34.886662 86.304983 -1061.956037 0.929855 -0.331542 0.159530 0.366973 0.866925 -0.337299 0.026472 -0.372182 -0.927782
-8.208806 -32.236744 369.972632 -677.706285 0.934713 -0.325646 0.142357 0.355402 0.856274 -0.374812 -0.000159 -0.400936 -0.916106
-7.220211 -114.078123 -396.195075 2089.867204 -0.302159 0.830737 -0.467520 0.311627 -0.377416 -0.872036 0.900882 0.409186 0.144840
-8.153391 -122.692972 207.874718 -5438.185150 -0.351530 0.829032 -0.434894 0.167875 -0.401191 -0.900480 0.921002 0.389553 -0.001857
-8.123829 -116.621113 208.875882 1487.561373 -0.336375 0.806047 -0.486970 0.436344 -0.324844 -0.839095 0.834540 0.494737 0.242444
-6.654281 -126.059020 -673.197879 -7781.951458 -0.305093 0.852939 -0.423573 0.046825 -0.430805 -0.901229 0.951171 0.294792 -0.091497
-7.213310 -122.165227 -497.753312 6373.463208 -0.265294 0.817846 -0.510634 0.583153 -0.285655 -0.760483 0.767823 0.499530 0.401146
15.074252 -17.769837 3787.260183 -956.961037 -0.328363 0.796942 0.507012 0.919420 0.146680 0.364899 0.216435 0.585977 -0.780889
20.545234 -17.397358 3842.832007 130.849104 -0.286519 0.799933 0.527270 0.941870 0.134390 0.307928 0.175462 0.584847 -0.791939
26.801528 -20.406770 2510.150267 -1804.210106 -0.353174 0.847693 0.395836 0.908680 0.210122 0.360763 0.222643 0.487100 -0.844490
30.324394 -18.759818 2818.744827 -245.049279 -0.302439 0.850136 0.431044 0.934487 0.175367 0.309806 0.187786 0.496503 -0.847479
2.796177 -468.056896 1559.900935 -51428.351728 -0.313326 0.824347 -0.471465 -0.604754 0.209574 0.768343 -0.732188 -0.525862 -0.432862
10.906258 -356.737653 3114.143725 7796.008707 -0.291993 0.828978 -0.477008 0.805585 -0.055662 -0.589860 -0.515532 -0.556505 -0.651558
33.360102 -998.638526 -1314.085351 -317952.880480 -0.349495 0.850698 -0.392640 0.846867 0.107537 -0.520818 -0.400835 -0.514538 -0.758012
1.800216 -270.433152 377.427949 -20924.446361 -0.350708 0.846200 -0.401185 -0.673291 0.069924 0.736064 -0.650910 -0.528258 -0.545215
-0.549416 -434.290246 821.229512 -72548.937473 -0.318184 0.810180 -0.492308 -0.314668 0.399602 0.860989 -0.894283 -0.428867 -0.127791
1528.662183 -865.335673 4940473.935154 -212707.727610 0.959327 -0.004034 -0.282267 -0.104049 0.924448 -0.366838 -0.262421 -0.381288 -0.886428
-244.887901 -15706.106800 18632.617901 -5343087.178906 0.702701 -0.475167 0.529554 -0.259572 0.521777 0.812633 0.662445 0.708495 -0.243313
-122.128367 -13522.196922 -13946.755122 -7028508.440661 -0.388430 0.703838 -0.594756 0.335169 -0.493313 -0.802686 0.858361 0.511131 0.044287
9.012099 -61.122307 -883.841067 3488.214231 -0.186474 -0.595119 0.781704 0.919098 0.175443 0.352815 -0.347111 0.784253 0.514257
1.607736 -57.624742 -163.135459 4154.440453 -0.334675 -0.597048 0.729059 0.900379 0.025679 0.434349 -0.278049 0.801794 0.528975
-5.073990 -46.573303 -736.592052 2501.011430 -0.211983 -0.604528 0.767860 0.966763 -0.014798 0.255245 -0.142940 0.796446 0.587573
-7.550285 -27.382213 241.185486 -296.455152 0.864660 -0.205406 -0.458445 0.320729 -0.476666 0.818488 0.386648 0.854750 0.346274
-7.965718 -26.621020 545.391580 -1122.490417 0.836956 -0.136095 -0.530078 0.382722 -0.546791 0.744677 0.391189 0.826134 0.405553
-5.682105 -30.237921 1256.232467 -1276.044432 0.815282 -0.156795 -0.557432 0.372671 -0.594718 0.712339 0.443206 0.788496 0.426430
-9.159362 -30.162760 849.188007 -1511.715308 0.801212 -0.075294 -0.593625 0.419250 -0.637207 0.646681 0.426953 0.767006 0.478971
15.994194 -321.420660 -1274.009726 -66994.974304 0.920562 -0.387526 0.048885 0.086090 0.079225 -0.993132 -0.380992 -0.918448 -0.106294
16.331069 -129.770447 -247.526423 -2401.130628 0.930490 -0.344679 0.124032 0.046577 -0.224521 -0.973355 -0.363343 -0.911475 0.192860
13.639524 -142.708363 574.363163 5194.481217 0.955310 -0.273423 0.112348 0.084413 -0.111907 -0.990127 -0.283296 -0.955362 0.083826
11.770974 -135.034803 -1893.030681 -13061.377910 0.888172 -0.445453 0.112793 0.059920 -0.131093 -0.989558 -0.455588 -0.885656 0.089742
12.290897 -197.708685 1298.502769 -29479.731475 0.943908 -0.301971 0.133606 0.181494 0.136427 -0.973883 -0.275857 -0.943505 -0.183580
16.172858 -380.227250 719.043558 -74473.102446 0.930413 -0.347477 0.116579 0.263975 0.414652 -0.870851 -0.254261 -0.841025 -0.477523
10.496166 -471.232086 -1465.932071 -99031.255445 0.906096 -0.419714 0.053201 0.215882 0.350540 -0.911327 -0.363847 -0.837235 -0.408231
11.692573 -166.404809 -1624.125016 -22760.019912 0.890592 -0.452925 0.041300 0.141964 0.190573 -0.971354 -0.432079 -0.870943 -0.234021
-6.653873 -736.928835 2271.299722 -66389.170179 -0.645452 0.429190 0.631813 -0.313502 0.605441 -0.731544 -0.696497 -0.670251 -0.256232
9.698529 -452.509435 211.192973 42802.437173 -0.708252 0.427181 0.562046 -0.152919 0.684410 -0.712880 -0.689199 -0.590846 -0.419411
0.620106 -353.085487 2009.844825 54305.029986 -0.726900 0.420420 0.543014 0.168245 0.875633 -0.452725 -0.665816 -0.237726 -0.707231
-35.317507 -64.216433 -969.861284 4617.883212 -0.573863 0.818779 0.016815 -0.011410 -0.028524 0.999528 -0.818872 -0.573400 -0.025711
-17.671353 -62.809129 -4483.706438 8130.011210 -0.678437 0.724237 0.123303 0.174183 -0.004481 0.984703 -0.713711 -0.689537 0.123109
-10.889980 -32.620578 -2086.716373 1645.933378 0.300053 -0.588436 -0.750807 0.885101 -0.121798 0.449179 -0.355760 -0.799318 0.484279
-18.230346 -49.779182 -409.600832 5544.856383 0.613106 -0.562951 -0.554245 0.666502 -0.008049 0.745460 -0.424119 -0.826451 0.370273
-17.201266 -38.240363 -2161.790994 1598.864802 0.434408 -0.577391 -0.691310 0.824433 -0.054233 0.563356 -0.362768 -0.814665 0.452461
-19.684362 -33.251536 -3068.580040 1477.663248 0.448507 -0.549767 -0.704697 0.843770 0.000405 0.536705 -0.294777 -0.835318 0.464059
-9.783375 -32.362442 -3216.024945 -1144.153068 0.285443 -0.581708 -0.761668 0.915981 -0.068225 0.395379 -0.281960 -0.810531 0.513359
-21.388934 -36.561780 -1645.129237 2696.297909 0.183999 -0.383030 -0.905225 0.888234 -0.329597 0.320009 -0.420932 -0.862933 0.279575
-12.801966 -35.743771 -2162.266607 3042.297378 0.318873 -0.499327 -0.805600 0.823981 -0.273987 0.495971 -0.468376 -0.821951 0.324069
-7.467942 -43.261370 -2408.548020 2483.961864 0.356337 -0.529221 -0.770032 0.732002 -0.354064 0.582076 -0.580687 -0.771080 0.261225
23.109970 -61.218967 -1855.410832 5352.910948 0.361493 0.174675 -0.915866 0.799056 -0.564213 0.207780 -0.480450 -0.806940 -0.343534
23.104963 -45.897217 -2966.636099 7686.409731 0.400985 -0.031028 -0.915559 0.854558 -0.347422 0.386042 -0.330063 -0.937195 -0.112795
29.951665 -30.254861 -2209.695183 3621.441818 0.391578 0.038482 -0.919340 0.877009 -0.317937 0.360239 -0.278429 -0.947331 -0.158246
20.217123 -58.777885 -2747.115566 6233.590267 0.387775 0.040475 -0.920865 0.798049 -0.514661 0.313436 -0.461247 -0.856438 -0.231874
-12.852984 -38.784681 1127.100551 -1089.938240 -0.046524 0.982339 -0.181234 0.623801 -0.113134 -0.773352 0.780197 0.149034 0.607521
-6.428227 -35.815263 4019.397049 -1039.640903 -0.022100 0.949320 -0.313532 0.664654 -0.220317 -0.713930 0.746824 0.224168 0.626101
5.173883 -37.633108 7477.207572 -533.022216 -0.037866 0.913887 -0.404198 0.545481 -0.320004 -0.774627 0.837267 0.249814 0.486391
-11.546776 -34.675168 2147.842021 -1091.704806 -0.052814 0.964227 -0.259763 0.759714 -0.130029 -0.637124 0.648109 0.230994 0.725669
1.948628 -34.745399 6713.998595 -822.142976 0.025128 0.894288 -0.446787 0.717778 -0.327219 -0.614592 0.695819 0.305250 0.650122
16.147605 -36.679667 8621.126090 -235.030945 0.020227 0.872043 -0.489012 0.599838 -0.401889 -0.691867 0.799866 0.279333 0.531213
1.643470 -39.838188 26.456169 -885.626471 0.686658 -0.570206 -0.450961 -0.498673 0.081936 -0.862909 -0.528986 -0.817405 0.228085
1.732265 -36.317917 104.069410 -93.736284 0.671827 -0.561690 -0.482859 -0.592017 -0.015410 -0.805778 -0.445157 -0.827204 0.342882
1.411860 -37.572220 256.910841 -427.724929 0.683442 -0.555867 -0.473201 -0.516286 0.090221 -0.851651 -0.516098 -0.826360 0.225325
-12.882554 -69.380689 568.006289 -8025.608014 0.882783 -0.463878 -0.074237 -0.076045 0.014838 -0.996994 -0.463585 -0.885775 0.022177
-15.476321 -76.753784 -141.592456 -8237.855499 0.841716 -0.505203 -0.190485 -0.122351 0.165148 -0.978650 -0.525876 -0.847051 -0.077196
-16.210216 -86.789037 444.264807 -7775.289985 0.877697 -0.472119 -0.082167 0.035441 0.234941 -0.971363 -0.477904 -0.849651 -0.222939
-18.932972 -99.990772 848.720241 -5285.182456 0.885351 -0.458096 -0.079381 0.153811 0.449727 -0.879823 -0.438743 -0.766742 -0.468626
-14.146578 -98.431879 1285.338063 -3895.867152 0.904178 -0.424996 -0.042897 0.173982 0.458130 -0.871692 -0.390119 -0.780701 -0.488173
-11.472021 -87.513743 1239.705873 -7227.231996 0.902636 -0.429419 -0.029115 0.073936 0.221344 -0.972389 -0.424007 -0.875561 -0.231543
0.899182 -27.104471 -406.219131 1047.231460 0.117781 -0.765673 0.632354 0.988801 0.031656 -0.145843 0.091650 0.642450 0.760827
-0.397307 -33.860602 59.354145 1357.554049 0.250513 -0.753659 0.607652 0.967000 0.224893 -0.119729 -0.046421 0.617593 0.785126
-3.802544 -27.616476 796.072483 1548.329681 0.899163 -0.413092 -0.144433 0.226169 0.721220 -0.654744 -0.374637 -0.556055 -0.741923
1.233168 -29.163403 1488.046246 784.545481 0.893951 -0.440289 -0.083646 0.257350 0.657116 -0.708499 -0.366909 -0.611837 -0.700738
4.784662 -29.231967 977.366969 341.872102 0.875867 -0.477088 -0.072408 0.266579 0.603459 -0.751514 -0.402234 -0.638924 -0.655732
2.601423 -30.128376 1138.291487 -768.554675 0.890574 -0.448502 -0.075654 0.211583 0.555747 -0.803976 -0.402630 -0.699993 -0.589830
-1.577547 -30.458168 770.483926 164.904776 0.897531 -0.419718 -0.135187 0.183484 0.634262 -0.751029 -0.400964 -0.649267 -0.646281
-7.532980 -96.740981 120.207069 3964.573105 -0.372990 -0.583145 0.721678 0.888527 -0.000494 0.458824 -0.267205 0.812368 0.518325
-5.380087 -92.021698 -576.147816 1933.629582 -0.354235 -0.558043 0.750404 0.844183 0.154411 0.513334 -0.402333 0.815319 0.416392
0.594275 -85.102224 -1831.738023 3298.616394 -0.370058 -0.524902 0.766508 0.883400 0.056521 0.465198 -0.287508 0.849284 0.442783
-1.313655 -174.337596 663.007334 19890.807146 0.478714 0.330708 -0.813305 0.290431 0.814545 0.502161 0.828543 -0.476601 0.293886
-2.366555 -163.179915 -948.256252 12290.510202 0.479519 0.302249 -0.823837 0.413901 0.749923 0.516045 0.773788 -0.588440 0.234501
-2.899284 -131.766630 -306.648580 7565.222779 0.488258 0.332462 -0.806891 0.084536 0.902227 0.422896 0.868595 -0.274693 0.412414
-4.406178 -156.636758 -1109.115182 14271.355530 0.467376 0.307526 -0.828847 0.528938 0.653954 0.540897 0.708367 -0.691211 0.142980
-3.670505 -124.654265 -681.689585 7830.351163 0.490881 0.329067 -0.806691 0.247255 0.835236 0.491169 0.835404 -0.440564 0.328638
19.293443 -32.580099 4898.402862 380.573856 0.999656 -0.019997 0.016948 0.020648 0.202411 -0.979083 -0.016148 -0.979097 -0.202754
28.232804 -29.679189 -749.108262 504.073049 0.963861 -0.247460 -0.098668 -0.049676 0.196925 -0.979159 -0.261733 -0.948675 -0.177516
19.149205 -30.039350 3037.983697 -537.043195 0.994890 -0.100914 0.003034 0.007120 0.040154 -0.999168 -0.100709 -0.994084 -0.040667
22.848335 -29.237476 -1169.981494 53.959546 0.944925 -0.307207 -0.112879 -0.111786 0.021211 -0.993506 -0.307606 -0.951406 0.014298
19.109741 -28.771411 2084.182450 -384.288296 0.985423 -0.165346 -0.040033 -0.049655 -0.054475 -0.997280 -0.162715 -0.984730 0.061891
12.172011 -28.098020 4102.622720 -583.008320 0.996001 -0.063299 0.063053 0.058141 -0.076661 -0.995361 -0.067839 -0.995046 0.072674
-15.763656 -24.384966 199.976515 489.121873 0.805344 -0.586226 -0.088096 -0.591642 -0.804151 -0.057454 0.037161 -0.098392 0.994454
-18.079727 -26.090293 296.634353 -379.586806 0.736365 -0.669910 -0.094806 0.668116 0.742075 -0.054279 0.106715 -0.023372 0.994015
-17.348134 -25.611489 -399.207370 -350.533518 0.906280 -0.420990 -0.037735 0.420822 0.907055 -0.012671 0.039562 -0.004396 0.999207
-15.865694 -26.113754 -801.765606 -548.166357 -0.592035 0.790884 0.154909 0.796731 0.603308 -0.035211 0.121306 -0.102575 0.987301
-14.133202 -24.277157 441.933079 -573.660127 0.680548 -0.716504 -0.153221 0.731578 0.676063 0.087930 0.040585 -0.171934 0.984272
-12.973132 -23.213768 -234.962375 520.743638 0.868065 -0.494216 -0.047043 -0.495117 -0.854899 -0.154941 -0.036357 -0.157791 0.986803
-29252.526581 -578302.438806 -1266803.664960 244462975.761365 0.541848 0.829470 -0.135573 -0.752988 0.550746 0.360122 -0.373377 0.093046 -0.923002
-197.168192 -462.602573 -37616.940424 -72756.488420 -0.773263 -0.623827 -0.113594 -0.499577 0.709700 -0.496738 0.390496 -0.327360 -0.860435
-1375.466904 -45452.097220 570141.870930 -15633424.812554 0.262931 0.964815 -0.000306 -0.911477 0.248500 0.327808 -0.316350 0.085912 -0.944744
-30.314896 -45.660783 75.894620 -17.166770 0.802859 0.252563 0.540028 -0.527584 -0.120824 0.840866 -0.277620 0.960007 -0.036244
-31.911709 -44.949020 -752.724665 448.306821 0.842410 0.134105 0.521882 -0.500566 -0.163729 0.850075 -0.199447 0.977348 0.070798
-31.405176 -45.122844 -934.068685 680.161447 0.803092 0.173785 0.569949 -0.570923 -0.049370 0.819518 -0.170558 0.983545 -0.059569
-30.597386 -45.774996 -97.295520 -506.126051 0.838908 0.171770 0.516457 -0.468215 -0.256044 0.845705 -0.277502 0.951282 0.134372
-29.711200 -47.113055 142.324178 -661.868020 0.762064 0.252903 0.596069 -0.525287 -0.296785 0.797491 -0.378592 0.920847 0.093323
-31.432662 -47.770442 508.093825 -694.740240 0.724732 0.339130 0.599795 -0.553696 -0.231465 0.799903 -0.410103 0.911819 -0.020025
-31.663874 -46.195040 683.665669 -150.156956 0.769279 0.354630 0.531458 -0.556465 -0.036833 0.830054 -0.313937 0.934281 -0.169004
-6.699855 -49.257559 -6795.779309 257.083045 -0.136769 0.955313 0.262052 -0.724624 0.083891 -0.684019 0.675436 0.283442 -0.680769
1.799637 -34.585453 -246.260980 -59.816837 0.669144 -0.714260 -0.205132 0.424110 0.140378 0.894665 0.610227 0.685658 -0.396858
1.375991 -35.393031 7.028225 -101.124637 0.678096 -0.710335 -0.188708 0.362329 0.099696 0.926703 0.639456 0.696767 -0.324979
5.326779 -34.708747 1809.510643 -305.458711 0.653661 -0.733700 -0.185505 0.350654 0.076410 0.933383 0.670648 0.675164 -0.307221
5.418922 -34.652846 1784.554118 120.661104 0.655821 -0.732075 -0.184295 0.418263 0.149134 0.896000 0.628455 0.664699 -0.404005
-5.489115 -41.710144 -62.367091 46.708677 -0.902043 0.361564 -0.235774 0.366894 0.929991 0.022470 0.227392 -0.066235 -0.971548
-5.531704 -39.818474 79.325059 373.055660 -0.899754 0.381461 -0.211968 0.380336 0.923617 0.047718 0.213980 -0.037685 -0.976111
-3.207978 -35.174959 -381.383573 307.563786 -0.823433 0.504486 -0.259717 0.267464 0.748776 0.606463 0.500422 0.429916 -0.751499
-3.787442 -36.779271 -75.285865 411.798953 -0.836486 0.486057 -0.253060 0.302873 0.794929 0.525695 0.456683 0.363091 -0.812161
-2.861678 -33.247952 166.550234 938.968348 -0.820567 0.531711 -0.209650 0.270905 0.684812 0.676493 0.503269 0.498312 -0.705978
-2.104954 -30.312557 -569.251543 1470.733833 0.810551 -0.565800 0.151251 0.290234 0.612363 0.735374 0.508696 0.552160 -0.660566
-0.812657 -30.950456 -277.977476 933.796765 0.809051 -0.559442 0.180168 0.227904 0.581177 0.781213 0.541753 0.590980 -0.597701
-1.575020 -32.522309 183.517936 1227.484872 0.813075 -0.533338 0.233365 0.206202 0.638715 0.741299 0.544416 0.554612 -0.629299
3.824234 -47.344605 -649.830099 -4617.360722 0.912888 -0.369798 0.172873 -0.390986 -0.913810 0.109915 -0.117327 0.167931 0.978792
4.307832 -119.345320 879.734999 7850.240050 0.976599 -0.136658 0.166068 0.196256 0.250448 -0.948029 -0.087964 -0.958436 -0.271408
2.326297 -114.012236 570.219394 7048.090721 0.975115 -0.137349 0.174030 0.195312 0.160770 -0.967474 -0.104903 -0.977388 -0.183595
-7.923643 -17.338666 757.865215 824.241811 -0.948171 0.282778 0.144942 0.294320 0.953484 0.065141 -0.119780 0.104424 -0.987293
-11.275061 -18.783421 1070.646989 885.617004 -0.970339 0.208431 0.122472 0.214248 0.976106 0.036272 -0.111985 0.061436 -0.991809
-8.879109 -20.801002 1191.518694 820.026349 -0.924664 0.350036 0.149906 0.349593 0.936416 -0.030169 -0.150935 0.024510 -0.988240
7.581264 -93.274178 -2478.733052 -1712.140549 -0.215952 0.775362 -0.593447 0.596423 0.585971 0.548559 -0.773074 0.235483 0.588985
9.618949 -92.576527 -2535.089604 -1170.698123 -0.189195 0.776688 -0.600801 0.766010 0.499549 0.404574 -0.614357 0.383676 0.689462
4.502617 -88.540068 2633.062430 673.542034 0.210338 -0.774429 0.596672 0.906607 0.382891 0.177364 -0.365816 0.503640 0.782640
-6.328258 -32.697546 174.653599 -239.639933 0.954309 -0.252573 0.159691 0.298804 0.800736 -0.519171 -0.003259 -0.543166 -0.839619
-6.640548 -33.714779 159.698963 611.468694 0.964899 -0.222077 0.140186 0.260339 0.738603 -0.621843 -0.034555 -0.636511 -0.770493
-6.080880 -35.282226 248.286516 -780.129440 0.940594 -0.275955 0.197816 0.335658 0.843505 -0.419325 0.051144 -0.460813 -0.886022
-6.101338 -34.025965 143.190645 -154.323697 0.959966 -0.224314 0.167775 0.280034 0.782998 -0.555423 0.006778 -0.580170 -0.814467
0.647333 -218.129355 -938.214574 -25861.043200 -0.235824 0.901358 -0.363236 0.924899 0.093463 -0.368546 -0.298243 -0.422869 -0.855706
-4.675959 -204.765548 1462.205402 -8711.531117 -0.239443 0.917831 -0.316629 0.954253 0.162321 -0.251103 -0.179074 -0.362269 -0.914710
0.332021 -191.119317 276.963178 20840.694523 -0.220725 0.914071 -0.340228 -0.788476 0.038097 0.613884 -0.574095 -0.403761 -0.712314
-2.391897 -198.019302 646.352784 1234.870486 -0.248739 0.905837 -0.342911 0.956849 0.284726 0.058060 0.150229 -0.313672 -0.937572
2.769768 -177.914082 -2047.532486 26382.609602 -0.275792 0.890805 -0.361117 -0.713441 0.062061 0.697961 -0.644159 -0.450128 -0.618421
1.016952 -184.533757 -92.995943 -14531.866283 -0.263935 0.905644 -0.331885 0.948270 0.180705 -0.261017 -0.176415 -0.383608 -0.906489
-0.562281 -186.966582 -624.905023 -5182.113358 -0.260071 0.897596 -0.355929 0.964237 0.260924 -0.046542 0.051095 -0.355303 -0.933354
22.281090 -43.961166 -97.480046 5944.100466 -0.260221 0.959277 -0.109876 -0.957837 -0.270820 -0.095942 0.121792 -0.080277 -0.989304
26.332992 -35.743396 -2281.051581 4006.894613 -0.222431 0.973871 -0.045815 -0.961813 -0.226880 -0.153105 0.159499 -0.010010 -0.987147
28.599827 -32.317787 -692.213874 -888.420086 -0.126976 0.991903 0.002315 -0.985703 -0.125921 -0.111952 0.110754 0.016497 -0.993711
20.396970 -358.072316 5345.398264 -43181.996338 -0.368786 0.845041 -0.387172 0.924374 0.289674 -0.248237 -0.097617 -0.449439 -0.887962
32.428376 -317.703834 5715.325979 16131.810307 -0.289265 0.818857 -0.495782 0.954117 0.204773 -0.218468 -0.077371 -0.536229 -0.840519
18.161646 -376.400273 5163.561082 4799.073300 -0.240445 0.764488 -0.598117 0.811949 -0.179255 -0.555524 -0.531907 -0.619214 -0.577624
69.223308 -16908.125788 -524482.788425 -7756084.102598 0.965949 -0.052493 0.253352 -0.176810 0.580964 0.794493 0.188893 0.812235 -0.551900
-7.574196 -24.008224 -6.788914 -409.058442 0.879878 -0.171697 -0.443097 0.323360 -0.466940 0.823046 0.348215 0.867460 0.355330
-8.151607 -23.350971 -461.013414 -943.620066 0.893106 -0.139015 -0.427827 0.306936 -0.506962 0.805469 0.328864 0.850685 0.410102
-10.142323 -26.413454 -189.515919 -1350.546580 0.847085 -0.082763 -0.524973 0.386776 -0.581455 0.715761 0.364487 0.809358 0.460531
18.548231 -141.132051 988.116011 17050.800347 0.950972 -0.261806 0.164651 0.072330 -0.329345 -0.941435 -0.300701 -0.907188 0.294261
33.874629 -253.853558 3903.155389 45155.067835 0.937841 -0.297610 0.178555 0.038280 -0.422634 -0.905492 -0.344947 -0.856043 0.384971
35.045523 -281.361324 2574.038763 55653.549963 0.893438 -0.345488 0.287064 0.145037 -0.382962 -0.912307 -0.425126 -0.856725 0.292044
2.958342 -295.349109 -724.601938 61261.199158 0.761489 -0.452546 -0.464044 0.608352 0.746073 0.270708 -0.223703 0.488444 -0.843433
4.005749 -343.909283 511.379262 68729.608530 -0.728124 0.499911 0.468960 0.562449 0.826793 -0.008083 -0.391773 0.257880 -0.883182
6.066600 -204.570347 -594.216943 33262.627382 0.786904 -0.423436 -0.448870 0.534633 0.831068 0.153274 -0.308140 0.360593 -0.880354
4.256412 -131.928866 -1011.362777 15107.555467 0.832983 -0.339782 -0.436678 0.527791 0.724825 0.442794 -0.166062 0.599314 -0.783100
8.583929 -266.068943 -1599.500067 48105.497977 0.810472 -0.362661 -0.460012 0.493922 0.845280 0.203821 -0.314921 0.392402 -0.864202
9.525667 -186.084672 1474.416667 23034.760151 -0.770151 0.409262 0.489256 0.438281 0.896815 -0.060275 -0.463440 0.168011 -0.870055
-3.002163 -27.827847 2083.508714 462.794232 -0.937704 0.342180 0.060206 0.339416 0.939217 -0.051648 -0.074220 -0.027995 -0.996849
1.636661 -25.437831 1777.491406 306.879808 -0.954908 0.289326 0.066641 0.287416 0.957096 -0.036874 -0.074450 -0.016058 -0.997095
-4.785739 -28.610851 -1138.338512 -337.672509 0.918838 -0.391980 -0.045694 0.393802 0.918250 0.041689 -0.025617 0.056300 -0.998085
-8.360783 -30.232410 1586.501655 269.327348 -0.894704 0.444560 0.043260 0.445217 0.895400 0.006435 -0.035874 0.025018 -0.999043
-35.342399 -55.043632 -115.561086 2597.329047 -0.359446 0.753448 0.550558 0.266289 -0.482639 0.834356 -0.894365 -0.446514 0.027152
-41.485553 -59.607112 548.294756 1728.808902 -0.474801 0.820553 0.318208 0.078659 -0.320550 0.943960 -0.876571 -0.473223 -0.087654
-13.178042 -42.417144 -546.681120 5953.282715 0.491997 -0.594825 -0.635706 0.765390 -0.052436 0.641428 -0.414871 -0.802143 0.429475
-14.317246 -60.420020 -1227.834737 -5763.582113 0.623547 -0.612379 -0.485984 -0.551004 0.096744 -0.828876 -0.554602 -0.784623 0.277099
-31.519510 -46.767731 -1478.379136 1578.597491 0.072248 -0.140070 -0.987502 0.899670 -0.418249 0.125147 -0.430551 -0.897468 0.095799
-34.760627 -52.929309 -1796.222848 651.292010 0.182875 -0.095171 -0.978519 0.826907 -0.523464 0.205453 -0.531772 -0.846716 -0.017031
21.062934 -61.703559 2500.566853 6496.515841 0.399397 0.428150 -0.810660 0.858317 -0.485339 0.166545 -0.322139 -0.762321 -0.561331
23.262796 -58.281553 3100.055934 -5792.364291 0.514099 0.393597 -0.762092 0.850092 -0.352127 0.391600 -0.114220 -0.849169 -0.515621
15.591332 -44.085051 2491.698975 -1368.922789 0.460021 0.453215 -0.763529 0.875842 -0.372900 0.306344 -0.145880 -0.809655 -0.568487
16.485703 -46.051757 2618.701320 4860.596137 0.412265 0.470393 -0.780236 0.887247 -0.401830 0.226550 -0.206955 -0.785661 -0.583016
-18.103029 -41.013153 -338.205475 -944.989602 -0.084675 0.995534 -0.041729 0.554781 0.012316 -0.831905 0.827676 0.093592 0.553347
-7.326587 -39.109419 3141.470740 -584.850339 -0.050490 0.967163 -0.249090 0.512997 -0.188877 -0.837352 0.856904 0.170061 0.486616
-0.113359 -44.733320 -346.741797 -1149.584415 0.685000 -0.573672 -0.449083 -0.319653 0.317253 -0.892845 -0.654673 -0.755150 -0.033942
-1.361855 -49.170653 -46.999735 -1079.642402 0.688752 -0.574410 -0.442349 -0.231750 0.403693 -0.885056 -0.686958 -0.712099 -0.144925
-0.989143 -50.338329 127.488463 -1256.686044 0.706215 -0.571049 -0.418525 -0.210245 0.395324 -0.894157 -0.676061 -0.719459 -0.159123
-10.681839 -54.462179 -65.604309 -4830.812374 0.846952 -0.491412 -0.202942 -0.235381 -0.004311 -0.971894 -0.476725 -0.870916 0.119321
-11.676491 -59.322542 -511.576551 -5531.188843 0.797697 -0.516219 -0.311765 -0.305056 0.100545 -0.947012 -0.520212 -0.850534 0.077271
-2.194107 -102.986243 212.286653 -414.506348 0.705221 -0.463769 -0.536266 0.392711 0.885269 -0.249153 0.590289 -0.034890 0.806438
-2.190266 -100.175785 -20.385576 2036.967950 0.704692 -0.492401 -0.510833 0.278293 0.854105 -0.439382 0.652657 0.167468 0.738913
-2.642482 -97.068586 -94.768182 -696.494892 0.720769 -0.454201 -0.523635 0.463163 0.877598 -0.123699 0.515725 -0.153370 0.842915
4.926166 -23.627769 -3102.591775 3228.911218 0.653855 -0.536303 0.533715 0.746949 0.569960 -0.342365 -0.120585 0.622515 0.773262
-5.779300 -95.420447 571.589699 4279.454635 -0.395782 -0.596090 0.698594 0.908749 -0.144533 0.391518 -0.132410 0.789802 0.598899
-4.669086 -82.104302 936.406659 3655.345941 -0.417080 -0.605481 0.677818 0.899050 -0.384184 0.210026 0.133240 0.696990 0.704594
-13.430481 -31.688022 -320.644533 -824.208929 -0.463256 0.763357 0.450200 -0.720863 -0.620073 0.309623 -0.515509 0.181098 -0.837528
-13.558747 -34.730215 -820.988395 -1108.573795 -0.503578 0.747693 0.432857 -0.648679 -0.658144 0.382180 -0.570636 0.088328 -0.816439
-13.182497 -34.452868 302.930664 -899.887172 -0.483991 0.724406 0.490906 -0.634643 -0.676812 0.373035 -0.602480 0.131004 -0.787309
-12.566552 -38.748577 -537.352928 -1304.644886 -0.521681 0.726056 0.447987 -0.568282 -0.687383 0.452282 -0.636321 0.018636 -0.771200
-11.754840 -38.457378 480.328691 1470.324981 -0.498341 0.696673 0.516045 0.543649 0.714765 -0.439951 -0.675353 0.061302 -0.734942
-1.126632 -212.051539 788.177216 21862.907714 0.480868 0.317282 -0.817373 0.482425 0.682690 0.548817 0.732142 -0.658230 0.175219
34.640295 -32.085962 1863.865144 248.649753 0.990685 -0.107112 -0.084085 -0.047753 0.305008 -0.951152 -0.127526 -0.946307 -0.297052
37.961291 -28.014519 -4340.113739 245.292073 0.938575 -0.294478 -0.179889 -0.090720 0.292394 -0.951985 -0.332937 -0.909829 -0.247719
21.732555 -26.341065 -3084.459682 741.515325 0.906556 -0.393563 -0.152527 -0.104100 0.141726 -0.984417 -0.409047 -0.908307 -0.087513
-8.659334 -214.020291 -205.320250 27091.435166 -0.477577 -0.432644 0.764683 0.875598 -0.306145 0.373636 0.072452 0.847994 0.525030
-6.244586 -246.984505 -480.023766 37982.389200 -0.508579 -0.421498 0.750791 0.846663 -0.403369 0.347068 0.156557 0.812178 0.562012
-5.836499 -356.589819 -355.707678 65046.039546 -0.527214 -0.376288 0.761874 0.838086 -0.378204 0.393158 0.140203 0.845795 0.514757
-20.443812 -4261.025604 -10480.335528 -654646.659778 0.706245 0.612704 -0.354698 -0.498966 0.786202 0.364583 0.502246 -0.080503 0.860970
1.740432 -93.572228 -9879.372341 -5251.150537 0.086364 0.907165 -0.411816 0.766209 0.203719 0.609444 -0.636761 0.368171 0.677484
