17255
34492
-44.380181 -63.771835 -279.080479 7567.686120 0.292608 0.954842 0.051552 0.802781 -0.216003 -0.555775 0.519542 -0.204009 0.829733
-44.471175 -68.791131 -1888.492076 6939.458197 0.379477 0.924276 -0.041365 0.792985 -0.347955 -0.500103 0.476626 -0.156975 0.864978
-54.506852 -77.724628 -279.363229 3908.500350 0.140514 0.984010 0.109455 0.930607 -0.093527 -0.353868 0.337973 -0.151583 0.928869
-40.363064 -59.334165 -414.493662 7653.942124 0.517982 0.816751 -0.254191 0.629987 -0.565271 -0.532527 0.578629 -0.115703 0.807342
-53.957795 -88.259198 1928.719740 10432.668335 -0.122107 0.960915 0.248461 0.906447 0.209936 -0.366443 0.404281 -0.180472 0.896653
-39.688977 -85.592181 -2153.979473 15552.290141 -0.068136 0.932894 0.353646 0.840693 0.244554 -0.483144 0.537208 -0.264388 0.800941
-40.969873 -54.591137 -21.087818 7507.451109 0.350519 0.936021 0.031657 0.717699 -0.246739 -0.651174 0.601702 -0.250969 0.758267
-36.210305 -49.085973 1365.840966 -2804.163204 0.662154 0.615462 -0.427503 -0.394557 0.771343 0.499354 0.637085 -0.161975 0.753583
117.568836 -83.838912 587.616496 -4282.108380 0.028544 0.938195 0.344928 -0.237100 0.341576 -0.909456 0.971066 0.055823 -0.232196
115.447118 -77.898785 -5418.664126 -3112.665510 0.156014 0.929471 0.334281 -0.065123 0.347368 -0.935465 0.985606 -0.124176 -0.114725
126.205971 -83.649970 -2311.664728 -2462.835221 -0.066547 0.925962 0.371708 -0.123780 0.361994 -0.923926 0.990076 0.107495 -0.090526
-50.468928 -89.054717 -2352.108954 -11887.332737 0.332797 0.937186 0.104539 -0.475373 0.262473 -0.839719 0.814412 -0.229761 -0.532864
-46.316400 -74.840574 -3286.681223 -9512.807253 0.369665 0.927844 0.049528 -0.400579 0.207237 -0.892519 0.838382 -0.310093 -0.448283
-46.652079 -88.590878 -3699.822063 -9742.450493 0.425297 0.904436 0.033438 -0.518538 0.273782 -0.810038 0.741782 -0.327168 -0.585423
-50.452617 -89.057498 -2348.474994 -5827.044223 0.350693 0.926741 0.134779 -0.585848 0.329382 -0.740466 0.730614 -0.180716 -0.658441
2.408052 -122.090637 -1230.800443 -911.840345 0.441472 -0.105102 0.891098 0.263783 0.964433 -0.016933 -0.857625 0.242532 0.453495
1.829823 -118.076529 -1094.113787 -5190.703482 0.441006 -0.109005 0.890860 0.084515 0.993230 0.079693 -0.893516 0.040146 0.447233
-1.136961 -123.173881 -1346.103481 -2636.578617 0.439453 -0.100135 0.892667 0.260786 0.965187 -0.020113 -0.859576 0.241634 0.450268
0.459939 -124.557770 -1476.862891 914.872608 0.437775 -0.099739 0.893535 0.435819 0.892803 -0.113866 -0.786394 0.439267 0.434315
-7.451604 -42.592367 -152.320119 -3225.811251 0.704743 -0.496565 0.506715 -0.241812 0.503335 0.829567 0.666981 0.707161 -0.234647
-7.989411 -43.633401 -301.419748 -1772.839093 0.695321 -0.491383 0.524472 -0.299145 0.465658 0.832871 0.653484 0.736006 -0.176788
-8.427536 -39.724313 -759.879183 -2720.110131 0.698388 -0.519646 0.492160 -0.223715 0.494694 0.839780 0.679857 0.696596 -0.229235
-7.417901 -36.426755 430.290669 3106.716552 -0.712513 0.527821 -0.462310 0.159122 -0.520164 -0.839112 0.683378 0.671443 -0.286636
-6.366280 -39.914605 355.090189 -3838.948083 0.703909 -0.484593 0.519310 -0.221685 0.544717 0.808789 0.674810 0.684437 -0.276004
153.780417 -47.274762 -43035.125109 267.739308 -0.214355 0.975687 0.045692 0.847305 0.162470 0.505646 -0.485928 -0.147103 0.861530
103.978241 -45.621628 -40890.562235 -1805.326429 -0.431384 0.897283 0.093757 0.786401 0.323061 0.526502 -0.442132 -0.300855 0.844988
258.486209 -42.404543 -85066.668644 -1492.891151 -0.294448 0.953151 0.069310 0.758493 0.188962 0.623684 -0.581368 -0.236214 0.778598
190.739374 -43.801146 -23396.532926 280.598085 -0.050237 0.993556 -0.101600 0.781834 0.102423 0.615017 -0.621460 0.048538 0.781941
107.729378 -51.016985 -2369.895064 -3383.417403 0.015122 0.989249 -0.145454 0.843267 0.065550 0.533483 -0.537282 0.130724 0.833210
-1.160868 -42.570270 1260.602187 -825.354282 0.348473 0.873587 -0.339725 -0.710393 0.482597 0.512290 -0.611480 -0.062819 -0.788762
-3.948374 -42.471810 1.330562 -253.299500 0.349104 0.863325 -0.364413 -0.698485 0.498976 0.512974 -0.624696 -0.075456 -0.777214
-4.099311 -45.232597 -130.031085 -230.341140 0.360277 0.853328 -0.376870 -0.605349 0.521249 0.601541 -0.709755 -0.011417 -0.704356
-1.056454 -40.711031 1878.156964 -869.919836 0.338430 0.886132 -0.316599 -0.793524 0.449586 0.410112 -0.505752 -0.112435 -0.855321
-4.190152 -44.888407 -307.399844 -1091.516695 0.399662 0.840100 -0.366745 -0.662360 0.541242 0.518011 -0.633679 -0.035888 -0.772763
-0.599559 -42.309876 1720.359600 -1195.253869 0.360459 0.876464 -0.319186 -0.777426 0.471380 0.416426 -0.515440 -0.098039 -0.851299
38.834206 -86.120569 7733.106230 392.520064 -0.041070 0.967377 0.249988 0.971702 -0.019578 0.235397 0.232612 0.252582 -0.939199
54.336786 -87.777447 8467.301385 -4586.428133 -0.011289 0.988105 0.153366 -0.948607 0.037927 -0.314175 0.316255 0.149031 -0.936895
38.009692 -80.001951 8320.297223 -537.452300 -0.074064 0.965582 0.249331 -0.924886 0.026996 -0.379286 0.372963 0.258694 -0.891054
47.676387 -93.602602 5755.003280 -2229.975164 0.034441 0.991336 0.126758 -0.985186 0.054997 -0.162430 0.167994 0.119286 -0.978544
13.373513 -80.361135 4571.208116 -1219.745667 -0.036385 0.954135 0.297158 -0.934958 0.072501 -0.347271 0.352888 0.290466 -0.889438
17.017562 -84.015662 5240.316042 1907.686812 -0.020465 0.948279 0.316778 0.979099 -0.045118 0.198315 0.202351 0.314216 -0.927536
36.797444 -90.166922 6470.207199 258.515111 -0.001119 0.970168 0.242430 0.996922 -0.017921 0.076320 0.078388 0.241770 -0.967162
0.868800 -111.476111 -344.651026 12290.927129 0.102376 0.991935 0.074727 -0.041230 -0.070826 0.996636 -0.993891 0.105113 -0.033646
-0.848123 -107.736471 -408.138811 11132.617663 0.103873 0.991632 0.076664 -0.038435 -0.073021 0.996590 -0.993848 0.106465 -0.030528
0.669601 -122.026886 -249.002613 5604.342463 0.105929 0.992425 0.062222 -0.284571 -0.029702 0.958195 -0.952785 0.119207 -0.279269
2.174323 -124.094197 -261.171931 7082.955970 0.109343 0.991849 0.065420 -0.276180 -0.032909 0.960542 -0.954866 0.123096 -0.270330
-15.349941 -43.832862 -2985.126024 -1910.523108 -0.056384 0.116472 -0.991592 -0.490697 0.861710 0.129118 0.869504 0.493852 0.008566
-15.183369 -47.348249 -4184.577689 -1131.874344 -0.099974 0.202546 -0.974156 -0.568691 0.791751 0.222983 0.816453 0.576286 0.036032
-9.970533 -45.743654 -2405.581563 -1573.511496 -0.081925 0.181480 -0.979976 -0.497817 0.844381 0.197987 0.863404 0.504069 0.021168
-19.163383 -44.650385 -4642.047239 -1049.905283 -0.092099 0.154479 -0.983694 -0.559829 0.808944 0.179450 0.823474 0.567227 0.011979
-8.733421 -42.285676 -1933.909387 -2220.011920 -0.055182 0.119408 -0.991311 -0.424264 0.895934 0.131537 0.903855 0.427836 0.001221
-13.144551 -39.938522 -1583.401794 -2375.507889 -0.017087 0.010163 -0.999802 -0.419374 0.907666 0.016394 0.907653 0.419571 -0.011247
-18.323393 -41.798432 -2935.783352 -2225.092718 -0.018865 0.002537 -0.999819 -0.487095 0.873275 0.011406 0.873145 0.487222 -0.015239
-10.439449 -20.743153 -429.056340 974.785775 -0.443691 0.885917 0.135241 0.306740 0.008332 0.951757 -0.842050 -0.463770 0.275443
-9.347944 -22.445754 -486.270776 -2602.386607 -0.403525 0.880798 0.247715 0.378590 -0.085741 0.921585 -0.832969 -0.465665 0.298863
-11.817284 -19.136931 584.999665 673.100057 -0.396841 0.902153 0.169229 0.323329 -0.035158 0.945633 -0.859055 -0.429982 0.277740
-5.201253 -23.591293 -2762.049709 -1435.772430 -0.470760 0.867921 0.158425 0.336203 0.010459 0.941731 -0.815691 -0.496593 0.296721
-9.926897 -22.392383 -147.638279 3135.435005 -0.455544 0.887663 0.067338 0.247552 0.053657 0.967388 -0.855101 -0.457358 0.244186
-5.561173 -22.156641 -2638.994009 1176.085656 -0.489850 0.866982 0.091599 0.272673 0.052564 0.960670 -0.828068 -0.495560 0.262151
4.358359 -83.486615 -151.439647 -11671.936488 0.480285 -0.155617 0.863197 -0.344397 0.871639 0.348763 -0.806670 -0.464788 0.365041
5.257173 -99.290303 -281.376092 -10345.933382 0.477349 -0.136200 0.868094 -0.233790 0.932621 0.274881 -0.847042 -0.334166 0.413343
5.841888 -86.470241 -341.207536 -13714.188666 0.500177 -0.162286 0.850580 -0.358722 0.855196 0.374111 -0.788125 -0.492243 0.369533
4.497717 -69.036097 -331.827252 -10880.703235 0.504097 -0.185084 0.843582 -0.433592 0.790511 0.432541 -0.746917 -0.583812 0.318243
1.154473 -130.805416 180.410751 5137.498819 0.364953 0.926888 0.087683 -0.767774 0.352893 -0.534780 0.526624 -0.127849 -0.840430
0.302275 -150.978970 -49.799584 5545.538540 0.402808 0.906642 0.125486 -0.634160 0.375312 -0.676005 0.659991 -0.192721 -0.726134
0.758097 -147.360828 27.439854 5225.899274 0.372871 0.922795 0.097040 -0.775141 0.367269 -0.514072 0.510023 -0.116463 -0.852240
-13.417268 -142.991407 1210.096485 10222.754217 0.518738 -0.150849 0.841520 -0.003108 0.983971 0.178300 -0.854928 -0.095107 0.509954
-16.535047 -157.398704 -2170.741254 11462.951212 0.492183 -0.125137 0.861450 -0.220495 0.939418 0.262442 -0.842103 -0.319115 0.434773
-13.809064 -147.042218 443.129763 11875.424720 0.546642 -0.111704 0.829882 -0.019088 0.989143 0.145714 -0.837149 -0.095494 0.538575
-9.308807 -131.907955 1029.109819 16943.226625 0.550504 -0.124041 0.825566 0.153823 0.987040 0.045730 -0.820539 0.101816 0.562449
-11.608434 -150.037006 763.269676 21179.766722 0.571583 -0.056170 0.818619 0.039501 0.998381 0.040924 -0.819593 0.008944 0.572877
-8.827901 -111.551827 -22.527793 4453.227039 -0.541820 -0.028619 -0.840007 -0.263081 0.954975 0.137156 0.798260 0.295303 -0.524954
-8.753546 -113.872468 38.488612 1231.942660 -0.534318 -0.055161 -0.843482 -0.110902 0.993817 0.005260 0.837977 0.096354 -0.537132
-9.252442 -107.138256 324.718564 4900.816874 -0.556794 -0.035993 -0.829871 -0.226942 0.967642 0.110296 0.799048 0.249745 -0.546945
-8.995470 -106.260635 223.952808 2361.764143 -0.568930 -0.005191 -0.822369 -0.351446 0.905603 0.237421 0.743508 0.424094 -0.517050
-7.598423 -102.967479 616.416453 6174.838865 -0.569057 -0.057256 -0.820303 -0.200300 0.977177 0.070746 0.797530 0.204565 -0.567537
-7.741439 -100.274120 728.623611 3042.097036 -0.581819 -0.018015 -0.813118 -0.317330 0.925546 0.206556 0.748858 0.378205 -0.544218
-17.912734 -38.362492 -1776.784556 728.148561 -0.515408 0.851034 0.100481 0.534703 0.411007 -0.738353 0.669662 0.326825 0.666887
-23.402418 -40.571024 -2847.361293 966.750089 -0.537183 0.841058 0.063683 0.531534 0.396178 -0.748675 0.654909 0.368326 0.659871
-19.134002 -41.613363 -2410.738773 1383.908469 -0.438042 0.898882 0.011458 0.669415 0.334673 -0.663233 0.600002 0.282853 0.748326
-11.965142 -38.365241 -1336.737386 994.355463 -0.403318 0.914652 0.027318 0.678319 0.318877 -0.661968 0.614181 0.248453 0.749034
-12.531346 -35.406325 -564.803529 528.153115 -0.473454 0.874875 0.102153 0.558767 0.387972 -0.732978 0.680897 0.289952 0.672538
10.640531 -165.160408 1950.523454 -14998.879919 0.494440 0.169362 0.852552 -0.344095 0.938844 0.013055 -0.798203 -0.299813 0.522479
14.843224 -164.744432 2956.178588 -6783.303705 0.481413 0.198857 0.853638 -0.464914 0.883560 0.056363 -0.743033 -0.424002 0.517808
19.046209 -194.070622 8051.310348 -8460.809184 0.499961 0.154505 0.852154 -0.351690 0.935395 0.036740 -0.791425 -0.318062 0.521999
9.449315 -147.540779 -216.064216 -15229.702572 0.477888 0.209104 0.853170 -0.461984 0.885910 0.041644 -0.747124 -0.414052 0.519969
11.856533 -198.683315 3758.662281 -21827.985002 0.513279 0.134415 0.847630 -0.190363 0.980887 -0.040273 -0.836843 -0.140686 0.529057
7.827932 -159.822672 -860.798784 -17046.760442 0.489174 0.157402 0.857866 -0.284724 0.958514 -0.013513 -0.824404 -0.237645 0.513696
340.276188 -29629.011975 -1041459.341259 -35139045.272391 0.438566 -0.206039 0.874762 -0.370030 0.845629 0.384693 -0.818986 -0.492401 0.294623
-215.847154 -9787.949303 7952.119940 -11404820.348472 -0.325268 0.038910 -0.944821 0.911919 -0.251465 -0.324297 -0.250208 -0.967084 0.046311
-59.344360 -3546.599031 -32361.550232 3821338.665646 0.368518 -0.018443 0.929438 -0.537530 0.811489 0.229232 -0.758456 -0.584077 0.289134
34347.155055 -1000056.200502 -18032643.307835 -2334357430.070125 0.388496 -0.153271 0.908614 0.251714 0.966217 0.055363 -0.886403 0.207202 0.413952
-51.913771 -2350.597822 -1845.154346 402401.701908 0.399633 -0.096414 0.911591 0.355396 0.932969 -0.057127 -0.844978 0.346805 0.407110
-16.212260 -175.170935 4669.512206 11610.432277 0.463264 -0.292455 0.836574 0.604452 -0.586061 -0.539602 0.648093 0.755647 -0.094725
-4.242712 -182.179564 -4215.123269 12273.997467 -0.506981 0.355627 -0.785175 -0.414819 0.697832 0.583913 0.755576 0.621739 -0.206267
-10.235215 -218.344192 -7930.866008 21625.482835 -0.467328 0.330760 -0.819879 -0.427288 0.727368 0.536991 0.773970 0.601276 -0.198590
-23.550100 -194.223123 6458.909522 -3486.507627 0.443696 -0.283746 0.850072 0.598138 -0.612596 -0.516678 0.667356 0.737708 -0.102087
-24.455898 -201.536941 3213.749478 23697.131000 0.417641 -0.199421 0.886458 0.782283 -0.417343 -0.462448 0.462179 0.886598 -0.018297
47.286211 -41.329823 26913.191063 -10866.655868 0.071240 0.980202 -0.184740 0.605790 0.104623 0.788716 -0.792429 0.168102 0.586343
44.406332 -34.839255 30742.123458 -19462.002243 0.149121 0.985569 -0.080100 0.501298 -0.005526 0.865257 -0.852328 0.169182 0.494888
16.354144 -30.330335 19534.342114 -11539.121750 0.052524 0.981661 -0.183254 0.581929 0.119042 0.804479 -0.811541 0.148895 0.565005
-183.590286 -781.557576 -77797.440595 63786.628258 -0.124004 -0.213522 0.969036 0.989522 -0.099393 0.104725 0.073955 0.971869 0.223610
-68.351221 -718.759428 -27772.080903 194032.330328 -0.291120 -0.208749 0.933634 0.938363 -0.252394 0.236162 0.186345 0.944839 0.269359
-162.064098 -1647.428165 -17140.202401 59902.083609 -0.175154 -0.275404 0.945237 0.914790 0.309410 0.259662 -0.363978 0.910175 0.197742
-902.679318 -4430.310916 411934.231726 -4548644.161409 0.085049 -0.176943 0.980540 0.868494 0.495499 0.014084 -0.488348 0.850395 0.195816
-625.718432 -2353.203178 489428.046328 -3508298.400486 0.197008 -0.036068 0.979738 0.563672 0.821809 -0.083091 -0.802160 0.568621 0.182233
-145.611733 -1408.885546 -34463.300995 236078.856507 -0.126067 -0.157127 0.979499 0.618028 0.759909 0.201445 -0.775982 0.630753 0.001310
37.108995 -1360.133682 25489.425973 -308963.011029 0.418997 0.014807 -0.907867 0.478147 0.846402 0.234478 0.771892 -0.532339 0.347560
70.438629 -4759.943208 28222.364345 -2434972.461832 0.436116 -0.081575 -0.896186 0.810910 0.467409 0.352071 0.390165 -0.880269 0.269994
4.165033 -2726.968545 24786.747462 -1369149.232950 0.494231 -0.014103 -0.869216 0.585176 0.744820 0.320643 0.642888 -0.667116 0.376366
18.049326 -2427.346229 25748.174879 -265762.340754 0.457369 0.065181 -0.886885 0.160009 0.975001 0.154174 0.874763 -0.212424 0.435505
0.774215 -119.107894 -4009.175718 -20836.497997 -0.113204 -0.161512 -0.980356 0.954528 -0.291563 -0.062187 -0.275791 -0.942818 0.187174
2.490213 -151.834133 -3782.426409 -57212.865922 -0.109529 -0.149161 -0.982728 0.963654 -0.258303 -0.068197 -0.243670 -0.954479 0.172032
7.702031 -135.230604 -2446.479243 -33991.354601 -0.131282 -0.135264 -0.982074 0.947809 -0.307478 -0.084351 -0.290557 -0.941892 0.168571
2.059104 -78.674270 3310.755118 18810.671417 -0.036921 0.801157 0.597314 0.037180 -0.596207 0.801970 -0.998626 -0.051818 0.007774
-1.560375 -100.442650 648.354665 9591.621947 -0.064865 0.841138 0.536917 -0.201559 -0.538004 0.818490 -0.977326 0.055129 -0.204436
-6.503132 -86.002649 2269.514110 10504.360385 -0.064125 0.813432 0.578115 -0.076549 -0.581610 0.809858 -0.995002 -0.007678 -0.099563
-2.330698 -68.240383 3854.790072 13889.065627 -0.030732 0.773423 0.633145 0.101444 -0.627760 0.771768 -0.994366 -0.087947 0.059167
-9.169611 -73.848123 3971.140382 12506.752115 -0.051104 0.800471 0.597189 0.081249 -0.592655 0.801348 -0.995383 -0.089473 0.034750
-3.324552 -96.598767 2854.971986 4004.427664 -0.073205 0.772461 0.630829 -0.273019 -0.623886 0.732275 -0.959219 0.118622 -0.256568
-11.439382 -82.812356 789.149730 4207.209931 -0.117169 0.754056 0.646274 -0.144256 -0.656778 0.740158 -0.982579 0.006505 -0.185731
-14.267609 -76.406452 2381.842572 7488.955939 -0.084113 0.795296 0.600357 0.004037 -0.602215 0.798324 -0.996448 -0.069573 -0.047443
-31.632706 -81.168269 -29769.670990 -13043.058302 -0.705672 -0.630438 0.323380 -0.420691 0.740053 0.524730 -0.570128 0.234244 -0.787454
98.657600 -5679.140895 -18641.915100 3156643.663862 -0.004783 0.983382 0.181485 0.998299 0.015241 -0.056275 -0.058106 0.180907 -0.981782
-89.008859 -1314.120583 -18632.992232 917000.601480 0.122361 0.923322 0.364012 0.982160 -0.059882 -0.178257 -0.142791 0.379329 -0.914177
39.139764 -94.868321 -458.524626 -20051.543105 -0.694231 -0.656790 0.294400 -0.384269 0.684076 0.619983 -0.608590 0.317282 -0.727290
13.348701 -12.347735 -655.216584 669.298563 0.486049 0.645534 0.589103 -0.237437 0.746270 -0.621855 -0.841059 0.162377 0.515998
14.568720 -11.550049 -1301.867312 153.826565 0.465115 0.653554 0.597106 -0.227015 0.740007 -0.633130 -0.855647 0.158926 0.492555
12.009905 -10.143198 1707.490557 498.656227 0.501240 0.644649 0.577223 -0.228799 0.742067 -0.630069 -0.834512 0.183748 0.519449
-10.478056 -41.936224 -1093.310490 -1459.934325 -0.420574 0.903439 0.083160 -0.087890 -0.131801 0.987372 -0.902991 -0.407955 -0.134835
-13.694427 -42.175184 -915.312663 -1074.771719 -0.381358 0.923624 0.038528 -0.091421 -0.079156 0.992661 -0.919896 -0.375037 -0.114626
-9.798900 -37.089718 -1249.040523 -3128.063164 -0.415638 0.906912 0.068958 -0.195330 -0.163054 0.967088 -0.888308 -0.388489 -0.244918
-5.486803 -36.411499 -1530.540135 -3412.838253 -0.448858 0.884611 0.126453 -0.177316 -0.226865 0.957649 -0.875834 -0.407426 -0.258686
-4.607134 -28.617861 -1622.277853 -4195.582382 -0.446623 0.886434 0.121502 -0.260682 -0.258828 0.930082 -0.855905 -0.383723 -0.346676
-9.278848 -29.875406 -1294.213584 -3917.860869 -0.410253 0.909827 0.062504 -0.282641 -0.192010 0.939812 -0.867068 -0.367894 -0.335928
-6.597600 -52.555048 509.969171 -5183.592541 0.732182 -0.677899 -0.066051 -0.555818 -0.538629 -0.633203 -0.393671 -0.500331 0.771162
-8.040255 -53.328414 581.236197 -5403.961352 0.702998 -0.706207 -0.084057 -0.586925 -0.509349 -0.629352 -0.401638 -0.491768 0.772561
-9.949822 -78.086285 152.985374 -15248.263084 0.722391 -0.688244 -0.066876 -0.534353 -0.494235 -0.685711 -0.438884 -0.531087 0.724795
-7.781811 -80.164238 709.899928 -15445.384942 0.753466 -0.654068 -0.066961 -0.511964 -0.519749 -0.683925 -0.412531 -0.549596 0.726473
-4.084078 -110.998288 -312.355026 6257.640916 -0.409156 0.895293 -0.176187 0.911974 0.407570 -0.046801 0.029908 -0.179827 -0.983244
-4.849826 -105.736918 -237.656484 4525.124264 -0.426028 0.890947 -0.157207 0.904651 0.421493 -0.062846 0.010269 -0.168992 -0.985564
-4.602608 -103.096752 -66.911984 -3882.526956 -0.386595 0.906050 -0.172100 -0.892619 -0.414523 -0.177204 0.231895 -0.085114 -0.969010
-3.738892 -105.090745 -464.138648 -4589.552523 -0.366519 0.908447 -0.200967 -0.894120 -0.403646 -0.193957 0.257320 -0.108599 -0.960205
-22.278838 -41.848244 -4792.569223 3643.343193 -0.691019 -0.387525 0.610178 -0.242873 0.919544 0.308953 -0.680812 0.065297 -0.729542
-14.745097 -41.968592 -3484.088683 2917.931477 -0.734187 -0.283649 0.616857 -0.201285 0.958638 0.201240 -0.648424 0.023584 -0.760914
-24.407032 -48.863452 -4913.893497 3287.761638 -0.713860 -0.257675 0.651158 -0.204453 0.966019 0.158131 -0.669778 -0.020248 -0.742285
-12.098684 -34.681824 -3312.303650 3729.513866 -0.699523 -0.436694 0.565655 -0.266979 0.893946 0.359976 -0.662865 0.100793 -0.741924
-33.254455 -47.826870 -5741.527244 3011.917548 -0.651804 -0.399107 0.644877 -0.262576 0.916495 0.301812 -0.711481 0.027393 -0.702171
-18.238894 -34.785751 -4763.532495 2542.452219 -0.627502 -0.601956 0.493853 -0.360375 0.786781 0.501104 -0.690197 0.136471 -0.710636
-29.266720 -41.826636 -5406.112742 1332.132691 -0.579329 -0.637592 0.507793 -0.384806 0.763133 0.519185 -0.718542 0.105378 -0.687454
8.207285 -123.493248 -3077.047623 10517.535482 -0.519669 0.851481 0.070169 -0.665352 -0.454854 0.591958 -0.535958 -0.260936 -0.802908
6.865387 -121.905119 -2401.710137 -5011.417500 -0.550926 0.827555 0.107857 -0.742403 -0.545017 0.389607 -0.381205 -0.134571 -0.914644
10.870323 -107.716844 -3123.818284 7017.975334 -0.492612 0.865751 0.088366 -0.708102 -0.457783 0.537611 -0.505890 -0.202261 -0.838550
13.091491 -93.479117 -2203.935161 1228.008739 -0.471060 0.876717 0.097316 -0.749571 -0.456002 0.479798 -0.465023 -0.153069 -0.871965
17.148070 -86.675776 -2070.309561 10147.891604 -0.396021 0.916516 0.056260 -0.702324 -0.341800 0.624431 -0.591531 -0.207775 -0.779051
-0.425970 -71.879858 204.796397 -1386.417523 -0.533571 0.845734 -0.005986 0.404590 0.261457 0.876326 -0.742704 -0.465160 0.481682
-0.900880 -75.672164 331.972797 -4521.927052 -0.526817 0.849960 -0.005612 0.514895 0.324378 0.793513 -0.676275 -0.415146 0.608528
1.024171 -73.313219 164.308995 -1790.490452 -0.543146 0.839637 -0.001686 0.411176 0.267732 0.871352 -0.732070 -0.472578 0.490656
-2.125399 -76.875767 184.430551 -5188.238325 -0.508368 0.860973 0.016966 0.514581 0.287923 0.807655 -0.690484 -0.419317 0.589411
0.598170 -76.503218 140.721985 4456.780712 -0.534352 0.845205 0.009872 0.308844 0.184357 0.933074 -0.786819 -0.501639 0.359548
-0.275408 -75.647243 196.533669 5328.442843 -0.531461 0.847063 -0.005860 0.300479 0.194985 0.933645 -0.791998 -0.494435 0.358151
-0.969180 -71.064260 251.512466 -931.544515 -0.520563 0.853800 0.006319 0.405437 0.240669 0.881872 -0.751422 -0.461632 0.471446
-0.411973 -54.496646 -288.412972 241.624835 -0.425026 0.903742 -0.051024 0.136085 0.008068 -0.990664 0.894893 0.428002 0.126415
-0.959802 -51.570205 -485.859960 283.793096 -0.427984 0.900874 -0.072499 0.153760 -0.006470 -0.988087 0.890611 0.434033 0.135749
-1.009855 -56.459720 -728.377416 671.101257 -0.430030 0.902800 0.005060 0.259414 0.128931 -0.957121 0.864742 0.410278 0.289643
-0.740608 -59.144519 16.959403 837.302298 -0.434469 0.900651 -0.008049 0.251429 0.112697 -0.961292 0.864882 0.419675 0.275413
-0.089518 -60.791860 -84.418839 764.017358 -0.449884 0.892627 0.028656 0.379748 0.220237 -0.898492 0.808329 0.393335 0.438054
-1.092388 -57.902048 -865.279457 782.794772 -0.447374 0.892594 0.055967 0.382734 0.247636 -0.890051 0.808314 0.376765 0.452412
4.635557 -33.184961 1355.494866 1823.038531 -0.336494 0.908469 0.247902 -0.199655 -0.326096 0.924013 -0.920277 -0.261430 -0.291110
4.898932 -30.741560 868.558666 1604.568671 -0.378325 0.862697 0.335594 -0.173282 -0.422135 0.889818 -0.909309 -0.278488 -0.309194
0.160024 -37.949830 968.926998 1576.822980 -0.346494 0.915868 0.202799 -0.342485 -0.324781 0.881601 -0.873296 -0.236014 -0.426206
-1.826986 -39.498985 161.191750 571.571032 -0.328845 0.939063 0.100106 -0.406123 -0.236319 0.882733 -0.852599 -0.249627 -0.459087
-8.297951 -141.175563 0.651264 -6883.975800 -0.676307 0.718814 -0.160981 -0.356002 -0.510275 -0.782868 0.644881 0.472149 -0.601002
-8.800738 -136.541767 -717.875316 -3667.488270 -0.665917 0.721455 -0.189887 -0.385709 -0.550824 -0.740150 0.638579 0.419637 -0.645075
-9.809742 -140.019815 -630.747664 -496.965022 -0.667895 0.728500 -0.152327 -0.499975 -0.590790 -0.633239 0.551308 0.346777 -0.758818
-7.469573 -145.244314 1091.842036 -5074.518564 -0.677119 0.726034 -0.119939 -0.475737 -0.556247 -0.681369 0.561413 0.404308 -0.722046
-9.884601 -137.400639 -1149.078357 8197.748819 -0.655395 0.741206 -0.145158 -0.626648 -0.640920 -0.443321 0.421627 0.199587 -0.884531
-8.120596 -140.857245 476.931792 5850.975189 -0.664581 0.738594 -0.113190 -0.604443 -0.620450 -0.499690 0.439297 0.263668 -0.858777
41.915359 -113.721272 843.542269 5976.004331 -0.419838 0.876227 -0.236563 0.385901 0.408253 0.827291 -0.821472 -0.256038 0.509537
37.546439 -104.827742 1841.341015 12692.621083 -0.401511 0.872311 -0.279040 0.493772 0.462782 0.736222 -0.771349 -0.157819 0.616534
41.908888 -108.539391 2164.449475 14931.763752 -0.452156 0.849652 -0.271378 0.564001 0.508064 0.650979 -0.690983 -0.141286 0.708929
-0.992134 -84.861370 61.985176 3505.763128 0.723652 -0.689553 -0.029068 0.643657 0.659089 0.388982 0.249065 0.300198 -0.920787
1.844758 -83.248508 1695.819365 2385.778448 0.732924 -0.680294 0.004758 0.634460 0.686034 0.356115 0.245527 0.257987 -0.934430
-1.612089 -89.236017 490.515071 4404.839957 0.707879 -0.705742 -0.028900 0.689183 0.681150 0.247107 0.154708 0.194839 -0.968557
-3.335664 -92.897062 222.090192 5658.351293 -0.690409 0.722000 0.045296 0.704071 0.656241 0.271352 0.166191 0.219235 -0.961414
1.387282 -158.553532 -9.444506 11342.515874 -0.644661 0.762058 -0.060656 -0.642603 -0.583164 -0.496972 0.414094 0.281401 -0.865644
-2.339907 -155.792214 80.547049 8250.071406 -0.650211 0.756833 -0.066557 -0.646361 -0.597083 -0.475089 0.399303 0.265888 -0.877417
1.147019 -148.372311 821.538201 14318.499176 -0.635579 0.771229 -0.035291 -0.725590 -0.612334 -0.313952 0.263738 0.173934 -0.948783
3.021351 -156.022643 1582.472071 15060.534717 -0.633627 0.773011 -0.031158 -0.716547 -0.601575 -0.353084 0.291682 0.201397 -0.935073
76.405820 -160.747711 690.583230 46140.634659 -0.663423 0.700618 -0.262688 -0.216494 0.156322 0.963688 -0.716240 -0.696203 -0.047972
81.300753 -165.171174 14777.358798 39400.993266 -0.604020 0.770504 -0.203675 -0.167323 0.127264 0.977654 -0.779207 -0.624602 -0.052053
70.806338 -119.868150 509.555679 10434.912659 -0.666966 0.723005 -0.180056 -0.072154 0.177847 0.981409 -0.741586 -0.667559 0.066451
-9.208203 -271.515021 -3390.551501 -53321.704827 0.717359 -0.682494 0.139990 -0.216219 -0.027078 0.975969 0.662303 0.730389 0.166992
6.462045 -226.921554 -6186.402157 -23118.999595 0.752918 -0.649264 0.107565 -0.341101 -0.245214 0.907480 0.562818 0.719949 0.406091
-1.688641 -377.211814 -11083.627369 -66332.929574 0.742400 -0.647684 0.171315 -0.492587 -0.354384 0.794840 0.454094 0.674476 0.582135
-13.767907 -262.814822 -4004.555620 -39076.480072 0.708944 -0.682990 0.175850 -0.408319 -0.194184 0.891946 0.575043 0.704143 0.416543
-13.055329 -297.384222 -4161.058446 -39053.521126 0.701004 -0.691536 0.174272 -0.555407 -0.376106 0.741665 0.447344 0.616702 0.647736
-4.192590 -391.773798 -7827.711227 -31624.373941 0.705498 -0.684513 0.183616 -0.655295 -0.531371 0.536874 0.269929 0.499086 0.823439
-41.990936 -1705.626639 32830.456085 -151533.259379 0.590790 -0.776432 -0.219364 0.637934 0.283065 0.716181 -0.493971 -0.563052 0.662544
-201.403208 -5479.399260 102799.295683 -4800783.302659 0.655075 -0.636715 -0.406780 -0.280827 0.294632 -0.913416 -0.701436 -0.712591 -0.014199
-11.963595 -2221.684966 3480.957470 -800723.081384 -0.619370 0.751139 0.228410 0.399043 0.050640 0.915533 -0.676126 -0.658199 0.331102
-4.324803 -38.397454 2957.729151 2220.579843 0.274029 0.960106 0.055711 0.314964 -0.144328 0.938066 -0.908684 0.239510 0.341949
-9.115716 -43.558838 4455.783205 2296.787401 0.265801 0.963485 0.032343 0.256221 -0.102948 0.961120 -0.929355 0.247180 0.274229
-11.972882 -41.021834 4654.602256 2044.015100 0.279121 0.956299 0.087085 0.299466 -0.172855 0.938318 -0.912366 0.235825 0.334627
-0.381872 -81.467863 -2026.034420 2157.400505 0.751824 -0.657969 -0.042872 0.651247 0.730826 0.204381 0.103144 0.181579 -0.977952
2.654027 -89.128402 1364.326241 3703.615575 0.738981 -0.673725 -0.001232 0.662188 0.725987 0.185606 0.124153 0.137975 -0.982623
2.363371 -81.746958 -1266.112174 -1308.281100 0.770152 -0.637445 -0.023022 0.601435 0.713676 0.359085 0.212467 0.290396 -0.933021
-0.387555 -73.790298 -3009.885504 -1000.521814 0.781578 -0.623126 -0.029132 0.594084 0.729282 0.339430 0.190262 0.282598 -0.940180
2.322202 -75.583810 -2390.768074 -813.277352 0.798323 -0.602229 -0.000763 0.523251 0.693001 0.495942 0.298142 0.396321 -0.868356
-10.190940 -44.798781 1344.573200 1867.144319 -0.472672 0.872993 0.120266 -0.475164 -0.137545 -0.869080 0.742159 0.467936 -0.479829
-8.884484 -45.133111 -484.439312 2277.044040 -0.448274 0.875864 0.178640 -0.570895 -0.126741 -0.811181 0.687844 0.465616 -0.556841
-7.620792 -45.273818 1024.621988 -852.436241 -0.481632 0.863269 0.150988 -0.448991 -0.095105 -0.888461 0.752620 0.495704 -0.433406
-10.598674 -42.029190 395.681102 2610.399532 -0.410019 0.889687 0.200852 -0.614049 -0.106435 -0.782059 0.674410 0.443992 -0.589952
-7.954057 -43.079301 2851.141839 -2702.011658 -0.497901 0.860295 0.109484 -0.349885 -0.083756 -0.933041 0.793521 0.502868 -0.342707
-10.802358 -43.239904 1672.799232 712.048015 -0.494130 0.868487 0.039582 -0.363992 -0.165320 -0.916613 0.789522 0.467333 -0.397812
-13.293861 -41.740168 1197.944858 3033.866789 -0.450056 0.886554 0.107108 -0.510418 -0.156966 -0.845479 0.732750 0.435183 -0.523157
-19.093954 -46.955631 5767.695890 1992.266026 0.245934 0.968749 0.032267 0.243295 -0.093920 0.965394 -0.938256 0.229573 0.258790
-29.860215 -50.005424 6097.636174 2224.035242 0.192928 0.981210 0.002207 0.241298 -0.049625 0.969181 -0.951080 0.186450 0.246338
-21.486612 -44.177852 5695.353219 1911.133128 0.258896 0.959317 0.112622 0.287359 -0.187815 0.939229 -0.922170 0.210799 0.324293
-2.699725 -77.451219 482.965396 1958.011503 0.671497 -0.734515 0.097872 0.461780 0.311500 -0.830498 -0.579526 -0.602872 -0.548356
-4.359726 -79.936191 -437.073678 212.170827 -0.670385 0.737191 -0.084456 -0.309596 -0.174452 0.934728 -0.674340 -0.652775 -0.345181
-3.729641 -74.839531 170.087150 2776.578892 0.656788 -0.747263 0.101128 0.494047 0.325104 -0.806366 -0.569690 -0.579574 -0.582707
-22.569344 -32.308755 -2047.187691 -1128.272853 -0.362073 0.311818 0.878449 -0.376284 0.813304 -0.443787 -0.852827 -0.491230 -0.177143
-24.337632 -33.795460 -1325.559881 -746.968008 -0.256572 0.144826 0.955613 -0.376086 0.895831 -0.236741 -0.890354 -0.420134 -0.175378
-18.701071 -30.735300 -2513.135352 -1723.129497 -0.373698 0.204895 0.904637 -0.370175 0.861317 -0.348000 -0.850482 -0.464921 -0.246026
-15.280326 -28.151334 -3213.937155 -416.329689 -0.473251 0.369266 0.799798 -0.324954 0.770701 -0.548111 -0.818803 -0.519291 -0.244740
-14.775176 -29.379937 -2554.853139 -2354.466871 -0.400337 0.154374 0.903271 -0.351147 0.884623 -0.306818 -0.846420 -0.440011 -0.299940
-11.091300 -26.947587 -3455.242479 -689.532158 -0.484777 0.305394 0.819589 -0.313124 0.814354 -0.488652 -0.816667 -0.493520 -0.299154
-126.521100 -981.277706 37358.248797 169520.453451 0.785732 0.206228 0.583177 0.617529 -0.206921 -0.758842 0.035823 -0.956375 0.289937
-214.915822 -1383.487215 89242.015444 540782.760953 0.748409 0.307400 0.587698 0.645180 -0.542793 -0.537697 -0.153710 -0.781588 0.604560
-327.666807 -1471.719923 -123119.265810 596520.975243 -0.688765 -0.224013 -0.689508 0.721522 -0.118967 -0.682094 0.070769 -0.967298 0.243570
-292.309352 -4849.362621 68783.812336 -3198964.168226 0.972401 0.182750 0.145046 0.136468 0.058739 -0.988902 0.189241 -0.981403 -0.032178
5.243957 -1718.478492 17081.125987 -538600.912348 0.933314 0.166123 0.318320 0.309006 0.079891 -0.947699 0.182865 -0.982864 -0.023231
-4.800095 -186.319566 -6541.545726 29331.691335 0.878888 -0.155308 0.451037 0.419058 -0.200381 -0.885572 -0.227915 -0.967330 0.111029
4.551913 -146.513604 -4446.602994 22757.605731 0.843783 -0.125488 0.521807 0.526221 0.002397 -0.850344 -0.105457 -0.992092 -0.068058
-5.010142 -162.590346 -3628.969327 39539.078606 0.824564 -0.083316 0.559600 0.565411 0.086215 -0.820291 -0.020097 -0.992787 -0.118198
-20.852353 -251.776907 -6443.096504 54221.710102 0.886986 -0.117362 0.446635 0.441578 -0.067502 -0.894680 -0.135151 -0.990792 0.008049
-47.374650 -76.082226 -1819.053932 3414.377229 0.319501 0.946182 -0.051560 0.862491 -0.312915 -0.397735 0.392464 -0.082606 0.916051
-43.661837 -70.381125 -1033.893473 7679.074580 0.429734 0.875787 -0.219830 0.752267 -0.481902 -0.449294 0.499423 -0.027706 0.865915
28.080605 -80.252062 -5674.575218 7346.594540 0.329622 -0.795369 -0.508663 0.924688 0.163250 0.343949 -0.190527 -0.583728 0.789279
32.084384 -121.420063 -5562.705845 25548.654503 0.224268 -0.748500 -0.624061 0.945165 0.011052 0.326407 -0.237419 -0.663043 0.709935
24.045804 -88.904509 -1482.665593 14001.796090 0.317533 -0.797794 -0.512541 0.908037 0.100093 0.406754 -0.273204 -0.594564 0.756210
19.327344 -124.117280 -3132.466394 22566.419973 0.205406 -0.768076 -0.606521 0.892934 -0.106592 0.437387 -0.400597 -0.631425 0.663946
27.172594 -70.491253 -3655.552441 3079.901339 0.401696 -0.813449 -0.420643 0.889052 0.236252 0.392138 -0.219607 -0.531494 0.818100
25.317525 -75.449624 -1083.193856 7383.939892 0.380966 -0.816912 -0.433034 0.875607 0.168348 0.452738 -0.296947 -0.551646 0.779429
26.463017 -96.026557 4482.403441 12175.469980 0.289998 -0.806000 -0.516009 0.867210 -0.006738 0.497897 -0.404782 -0.591877 0.697017
-43.053883 -75.663808 -1860.489402 -7883.430387 0.425659 0.904283 -0.032956 -0.458574 0.184174 -0.869361 0.780079 -0.385164 -0.493077
4.815550 -118.202396 -811.093185 -2818.984795 0.453281 -0.113366 0.884129 0.081099 0.993011 0.085749 -0.887671 0.032833 0.459307
4.210782 -110.049647 -713.625500 -7251.734636 0.456177 -0.119648 0.881809 -0.083817 0.980738 0.176432 -0.885933 -0.154394 0.437362
1.823819 -107.581760 -899.665808 -8556.956391 0.442189 -0.120174 0.888835 -0.076385 0.982337 0.170817 -0.893663 -0.143428 0.425199
-9.749414 -41.693713 -628.890315 -2839.211956 0.674744 -0.502283 0.540770 -0.311263 0.470692 0.825569 0.669206 0.725369 -0.161255
33.911153 -45.190634 -16909.219095 -3189.983300 -0.581005 0.813598 -0.022175 0.676886 0.498146 0.541919 -0.451950 -0.299848 0.840138
25.793072 -51.220237 -15493.946363 -487.657621 -0.541374 0.840753 -0.006983 0.765443 0.496283 0.409635 -0.347868 -0.216420 0.912223
-2.851016 -50.891485 -4305.290234 133.586081 -0.678627 0.722411 -0.132615 0.635970 0.668274 0.385944 -0.367433 -0.177573 0.912941
-7.697158 -52.178949 -5044.285907 1131.960639 -0.617831 0.780407 -0.096178 0.741344 0.618896 0.259571 -0.262095 -0.089070 0.960923
12.075825 -53.696464 -11706.488925 641.766470 -0.496776 0.867837 -0.008535 0.833011 0.479555 0.275898 -0.243528 -0.129950 0.961149
-4.872843 -41.067422 850.298814 -220.172376 0.359878 0.869885 -0.337325 -0.784661 0.477793 0.394996 -0.504772 -0.122535 -0.854512
59.428562 -79.551201 11080.204553 -7105.150418 -0.065885 0.982116 0.176375 -0.887505 0.023110 -0.460218 0.456063 0.186855 -0.870110
51.349363 -89.602963 -190.867288 -11374.839027 0.089290 0.993509 -0.070479 -0.909939 0.052595 -0.411395 0.405017 -0.100865 -0.908728
45.920443 -98.070348 -2067.854442 -6150.295602 0.108280 0.990340 -0.086615 -0.963814 0.083230 -0.253249 0.243594 -0.110902 -0.963516
-0.445626 -92.090109 -309.531185 9899.148948 0.104959 0.989384 0.100510 0.171791 -0.117587 0.978091 -0.979526 0.085393 0.182309
-1.201924 -87.206262 -408.719782 9908.861085 0.106192 0.988464 0.107993 0.180622 -0.125976 0.975452 -0.977803 0.084079 0.191916
-2.575578 -102.674616 -581.274521 9899.000125 0.107661 0.990159 0.089414 -0.033602 -0.086261 0.995706 -0.993620 0.110204 -0.023985
-10.454581 -49.468552 -1819.622458 -1559.953427 -0.099245 0.210279 -0.972591 -0.577793 0.783582 0.228374 0.810127 0.584621 0.043731
-13.647280 -50.935361 -4130.468437 -1778.990878 -0.148885 0.264375 -0.952858 -0.641733 0.707290 0.296512 0.752338 0.655627 0.064354
-17.645617 -48.187009 -4920.436792 -1353.321799 -0.177606 0.273543 -0.945320 -0.626342 0.709493 0.322980 0.759047 0.649456 0.045321
-2.779916 -29.083966 -2864.784679 -3961.132313 -0.459128 0.864547 0.204352 0.396285 -0.006559 0.918104 -0.795085 -0.502509 0.339595
3.635024 -96.471092 -526.096884 -9981.856342 0.458116 -0.134716 0.878625 -0.221227 0.940067 0.259484 -0.860923 -0.313249 0.400857
5.539697 -113.745499 -651.530105 -4796.737353 0.465481 -0.123673 0.876375 -0.072964 0.981456 0.177257 -0.882045 -0.146453 0.447825
-27.601102 -67.176808 -1279.094869 -9604.095799 -0.784881 -0.325816 0.527072 -0.261380 0.945308 0.195124 -0.561820 0.015383 -0.827116
-21.588024 -67.319977 993.313687 -16407.206313 -0.788377 -0.340992 0.512041 -0.349232 0.933281 0.083811 -0.506457 -0.112747 -0.854862
-19.261027 -53.923134 3066.652314 -7847.222668 -0.652180 -0.574899 0.494117 -0.521926 0.813251 0.257323 -0.549776 -0.090072 -0.830441
-28.728069 -83.764054 -1502.738751 -15340.774513 -0.820939 -0.119165 0.558444 -0.073606 0.991907 0.103456 -0.566252 0.043826 -0.823066
-33.698353 -80.930705 -5133.813128 110.679869 -0.796710 -0.108548 0.594533 0.044311 0.970599 0.236588 -0.602735 0.214836 -0.768477
-13.251103 -60.289317 -1080.143090 -2452.270942 0.401079 0.869515 -0.288234 0.233093 0.207421 0.950076 -0.885891 0.448241 0.119486
-18.851769 -59.877315 -1703.683389 -2763.331125 0.429974 0.844353 -0.319671 0.265253 0.220305 0.938673 -0.862997 0.488398 0.129242
-17.706105 -52.424625 -1519.912250 -1866.144868 0.430229 0.825641 -0.364994 0.121562 0.347656 0.929709 -0.894498 0.444357 -0.049205
-15.300770 -151.024755 -2054.962866 6399.901038 0.479416 -0.111445 0.870483 -0.387422 0.863139 0.323876 -0.787442 -0.492515 0.370626
-18.240857 -172.406595 -1396.928508 8002.808685 0.488253 -0.093881 0.867638 -0.472720 0.807260 0.353365 -0.733583 -0.582682 0.349767
-14.749188 -142.797438 -1080.528359 3234.873588 0.492543 -0.147688 0.857665 -0.211376 0.935685 0.282512 -0.844228 -0.320439 0.429648
-9.068258 -118.187042 -590.692735 745.349116 -0.504825 -0.039532 -0.862316 -0.153368 0.987165 0.044531 0.849488 0.154732 -0.504409
-27.497736 -42.790928 -1559.997443 1326.766757 -0.521769 0.849043 -0.082958 0.604608 0.299436 -0.738097 0.601836 0.435273 0.669575
-25.274767 -40.778810 -1912.828698 534.872207 -0.602637 0.796120 0.054973 0.436378 0.386432 -0.812554 0.668134 0.465686 0.580287
-27.861568 -43.655634 529.275422 991.080063 -0.543230 0.821272 -0.174395 0.614053 0.246984 -0.749625 0.572574 0.514306 0.638474
-22.808698 -39.685982 -2002.014502 296.505972 -0.631877 0.758471 0.159540 0.288272 0.421055 -0.860007 0.719466 0.497428 0.484701
-26.001278 -41.551119 -3.246006 660.771454 -0.616634 0.785165 -0.057263 0.458702 0.299223 -0.836695 0.639809 0.542201 0.544667
26.217093 -189.709564 7462.968037 2874.976699 0.462277 0.195148 0.864996 -0.566340 0.815584 0.118666 -0.682319 -0.544738 0.487546
14.099140 -150.975757 2576.082694 -6598.724467 0.458840 0.238556 0.855895 -0.572459 0.816077 0.079433 -0.679527 -0.526412 0.511012
-14.780902 -5379.120124 7810.808259 -1934551.145521 -0.336272 0.016471 -0.941621 0.792832 0.544567 -0.273611 0.508269 -0.838555 -0.196181
30.095448 -17172.175970 92202.678181 -30591809.904833 -0.394312 -0.050731 -0.917575 0.890311 -0.268526 -0.367750 -0.227737 -0.961936 0.151049
12.858128 -1985.325735 36239.090115 581113.432433 -0.366098 -0.020106 -0.930359 0.858711 0.377953 -0.346073 0.358590 -0.925607 -0.121102
59.074609 -3164.194345 79358.487612 2922470.853271 0.141985 0.049508 -0.988630 0.937479 0.313889 0.150358 0.317764 -0.948168 -0.001845
12.855358 -2257.640661 66004.289270 -29100.323002 0.123251 -0.069834 -0.989915 0.893239 -0.426792 0.141322 -0.432357 -0.901649 0.009776
114.234710 -1565.104832 105895.879031 -23669.803651 0.171189 0.059733 -0.983426 0.738825 0.652557 0.168247 0.651791 -0.755382 0.067578
-166.401461 -1527.614442 154039.411838 -280326.043816 0.154505 0.164940 -0.974127 0.139935 0.972373 0.186838 0.978032 -0.165181 0.127156
-14.722518 -45.720567 -156.917565 -377.915950 -0.132524 -0.476897 -0.868911 -0.485882 0.795345 -0.362415 0.863919 0.374159 -0.337118
-9.212996 -41.761122 571.127735 5976.132484 -0.121045 -0.507154 -0.853313 -0.621879 0.708770 -0.333033 0.773702 0.490346 -0.401182
-11.212045 -45.458591 -2167.423439 3211.372604 -0.033730 -0.566043 -0.823685 -0.566838 0.689614 -0.450696 0.823139 0.451694 -0.344116
55.605280 -32.510386 17279.141663 -5215.954070 0.097106 0.991004 0.092091 0.518905 -0.129368 0.844986 -0.849298 0.034267 0.526800
41.292323 -18.284417 29454.458282 -11948.624891 0.168461 0.984516 -0.048469 0.493434 -0.041661 0.868785 -0.853314 0.170272 0.492812
-61.893313 -698.157564 -42873.259167 67820.143212 -0.323918 -0.081504 0.942568 0.712887 -0.676016 0.186532 0.621988 0.732366 0.277077
67.112798 -2664.346709 -18406.440218 1369646.024636 -0.108809 -0.550880 0.827461 0.818537 -0.521977 -0.239870 0.564055 0.651207 0.507712
