19192
38360
-27.188376 -42.680091 -149.183030 2197.655653 -0.555421 -0.526200 -0.643911 0.118985 0.716076 -0.687806 0.823013 -0.458638 -0.335114
-28.731558 -43.538810 -224.106808 4071.650672 -0.571394 -0.274103 -0.773548 0.221500 0.856085 -0.466965 0.790220 -0.438161 -0.428448
-22.446997 -35.290709 -68.653882 2093.693567 0.567125 0.674235 0.473051 -0.100172 0.626548 -0.772919 0.817518 -0.390954 -0.422870
-22.212594 -30.471816 369.446400 2705.159119 -0.602232 -0.634138 -0.484960 -0.162897 0.692307 -0.702977 0.781525 -0.344356 -0.520228
-23.041123 -36.311207 125.515167 1565.233822 0.485936 0.785225 0.383782 -0.122987 0.496178 -0.859466 0.865298 -0.370445 -0.337683
-19.037661 -30.722153 111.142974 1094.566078 0.437699 0.881219 0.178529 -0.332987 0.343314 -0.878211 0.835188 -0.324944 -0.443703
12.585641 -47.558637 383.098091 2922.077359 0.828201 0.248638 0.502257 -0.406519 0.883434 0.232997 0.385779 0.397145 -0.832737
18.739777 -39.124340 1176.723354 4577.341211 0.770169 0.379558 0.512617 -0.575660 0.759734 0.302355 0.274691 0.527957 -0.803620
17.411368 -36.570875 1332.534168 1670.636487 0.818193 0.315576 0.480596 -0.452637 0.868978 0.199993 0.354515 0.381168 -0.853833
104.308612 -423.241769 -31132.531356 122978.511504 0.718040 0.174438 0.673788 0.458037 0.610469 -0.646165 0.524043 -0.772592 -0.358443
33.371713 -113.894315 -5140.864763 18340.250462 -0.553736 -0.530877 -0.641519 0.627316 0.240674 -0.740642 0.547587 -0.812555 0.199758
63.600645 -743.530143 -7236.904097 223974.611363 -0.512279 -0.541192 -0.666844 0.257715 0.643811 -0.720479 0.819240 -0.540942 -0.190338
49.192375 -21.044093 -1287.652780 -1301.353951 -0.184844 0.115269 -0.975985 0.182736 0.979810 0.081112 0.965630 -0.163354 -0.202175
53.531878 -29.138988 1427.884902 -2305.179737 -0.368635 0.138573 -0.919188 0.229311 0.971824 0.054545 0.900847 -0.190672 -0.390024
50.313658 -20.521292 -3629.712011 -1298.466706 -0.222874 0.011864 -0.974775 0.237583 0.970437 -0.042510 0.945453 -0.241064 -0.219104
43.763618 -15.138081 -5888.812164 -639.725892 -0.032724 0.014064 -0.999365 0.194375 0.980899 0.007440 0.980381 -0.194008 -0.034833
44.313688 -14.959964 -7522.729149 -188.653955 -0.050629 -0.086185 -0.994992 0.231094 0.968221 -0.095625 0.971613 -0.234778 -0.029103
6.441839 -7.729279 348.996791 -149.665129 -0.130575 -0.259065 -0.956993 0.498462 0.817235 -0.289244 0.857021 -0.514793 0.022424
3.682401 -8.556687 1449.206118 -218.161262 -0.191283 -0.277973 -0.941351 0.502713 0.795976 -0.337197 0.843024 -0.537730 -0.012516
6.888366 -7.398046 611.217658 289.990173 -0.159607 -0.298787 -0.940878 0.500819 0.796829 -0.338000 0.850709 -0.525157 0.022459
-9.867988 -27.769769 -825.462563 522.819702 0.692921 0.366773 0.620756 -0.586484 0.787514 0.189363 0.419401 0.495277 -0.760792
-7.058737 -26.540603 -690.106507 483.445830 0.711602 0.370271 0.597095 -0.583443 0.784910 0.208593 0.391429 0.496806 -0.774575
-9.593950 -26.709344 -956.601714 130.339606 0.727135 0.328076 0.603027 -0.574911 0.771069 0.273733 0.375170 0.545727 -0.749286
-12.991808 -28.360946 -1070.062386 -162.881559 0.693348 0.328393 0.641426 -0.579692 0.782932 0.225776 0.428049 0.528371 -0.733211
55.059712 -33.713374 -23927.974954 -727.970306 -0.556032 -0.616733 -0.557197 0.809302 -0.248998 -0.532006 0.189365 -0.746753 0.637574
47.852608 -36.614530 -20868.024185 -414.380087 -0.550911 -0.597679 -0.582475 0.782746 -0.127941 -0.609049 0.289494 -0.791461 0.538315
84.070629 -32.613352 -19103.615138 -971.930554 -0.555471 -0.454811 -0.696132 0.823225 -0.182709 -0.537511 0.117276 -0.871645 0.475901
-1.311201 -24.767577 -2094.398142 166.280541 -0.584431 0.030216 -0.810881 -0.045902 0.996475 0.070216 0.810144 0.078258 -0.580984
2.959358 -23.970448 -2088.977151 40.853560 -0.588355 -0.007040 -0.808572 -0.022995 0.999703 0.008028 0.808275 0.023316 -0.588343
-3.674482 -23.338677 -1586.918285 -100.987959 -0.590508 0.042468 -0.805913 0.028628 0.999088 0.031671 0.806524 -0.004369 -0.591186
-6.110867 -24.632535 -1518.189050 165.117318 -0.598411 0.055377 -0.799273 -0.012344 0.996853 0.078308 0.801094 0.056726 -0.595844
-5.561152 -24.789762 -1351.254669 -225.167338 -0.600859 0.071399 -0.796160 -0.056580 0.989706 0.131457 0.797350 0.124033 -0.590634
-6.776797 -61.180966 1194.177896 1625.677347 0.869397 0.228143 0.438293 0.357809 -0.902422 -0.240014 -0.340768 -0.365493 0.866194
-4.783467 -58.153264 1064.138471 -1051.034696 0.872764 0.227556 0.431858 -0.343408 0.914972 0.211890 -0.346921 -0.333234 0.876699
-5.700466 -61.094201 1204.638104 -13.959664 0.858376 0.271829 0.435085 -0.318074 0.947397 0.035617 -0.402516 -0.168962 0.899685
-7.294368 -63.797501 1029.473718 538.818734 0.850502 0.273070 0.449532 -0.298728 0.954229 -0.014465 -0.432906 -0.121985 0.893147
-4.213025 -66.001075 301.772998 1385.722810 -0.890798 -0.274361 -0.362223 -0.170795 0.940855 -0.292610 0.421080 -0.198790 -0.884971
-3.746694 -56.744387 35.299966 1590.611665 -0.889899 -0.288173 -0.353604 -0.260920 0.957414 -0.123609 0.374166 -0.017737 -0.927192
-4.844759 -55.924337 423.178560 2526.500728 -0.891111 -0.277132 -0.359333 -0.269596 0.960276 -0.072030 0.365020 0.032688 -0.930426
-4.274072 -51.685769 -18.690912 2558.461628 -0.887432 -0.297833 -0.351795 -0.348053 0.933354 0.087805 0.302198 0.200364 -0.931950
-5.277579 -50.584941 323.439964 3980.835621 -0.888635 -0.286219 -0.358338 -0.331774 0.940651 0.071424 0.316628 0.182358 -0.930856
-5.112126 -52.039348 315.073618 3180.284793 -0.887443 -0.269930 -0.373607 -0.308164 0.950247 0.045444 0.342753 0.155461 -0.926473
4.392911 -50.534392 161.974574 364.892366 0.913828 0.219342 0.341772 0.401594 -0.363042 -0.840787 0.060342 -0.905588 0.419844
5.446891 -54.257895 458.305329 571.650463 0.918026 0.221871 0.328635 0.396509 -0.519645 -0.756802 -0.002861 -0.825071 0.565022
4.089205 -51.898609 188.470981 -18.387685 0.916806 0.227190 0.328408 0.399168 -0.497699 -0.770040 0.011498 -0.837067 0.546980
34.632966 -13.600208 3207.850631 1878.660489 0.390766 0.867600 0.307525 -0.796034 0.486270 -0.360378 0.462204 0.103977 -0.880657
88.075956 -14.004397 20045.024503 938.685180 0.365953 0.900306 0.235643 -0.811148 0.432696 -0.393463 0.456199 0.047152 -0.888628
33.477795 -17.813939 3417.762871 3014.615705 0.412592 0.859161 0.302670 -0.772341 0.506120 -0.383839 0.482967 0.075396 -0.872387
21.140923 -18.537571 -74.282582 2534.939969 0.453605 0.799879 0.392983 -0.727943 0.586934 -0.354412 0.514142 0.125306 -0.848503
14.905115 -27.299892 -2642.454710 40.774855 0.765674 0.506847 0.396043 -0.639658 0.664768 0.385902 0.067684 0.548807 -0.833205
18.878796 -28.331914 540.106053 -106.233722 0.738311 0.472868 0.480930 -0.670677 0.590159 0.449339 0.071347 0.654300 -0.752862
16.305418 -27.474926 -2827.399492 -202.849781 0.733172 0.548474 0.402039 -0.679791 0.574985 0.455277 -0.018541 0.607099 -0.794410
7.366755 -26.144934 -4516.250063 -148.924560 0.728728 0.584331 0.357090 -0.684675 0.611583 0.396468 -0.013279 0.533408 -0.845754
23.923039 -29.931897 -12961.740120 -85.516865 0.996331 -0.049851 -0.069571 -0.019016 0.663618 -0.747830 -0.083449 -0.746409 -0.660235
59.067072 -28.035444 -12087.495125 -457.243596 0.997256 0.057432 0.046722 -0.003126 0.663167 -0.748465 0.073970 -0.746265 -0.661526
33.575258 -30.109904 -13051.395679 -121.604914 0.997916 -0.052259 -0.037848 0.012174 0.728515 -0.684921 -0.063367 -0.683033 -0.727633
-1.865558 -68.347704 992.588981 -3013.144186 0.421321 -0.325420 -0.846517 0.904214 0.222670 0.364439 0.069898 -0.918978 0.388065
-2.894762 -57.010190 820.753363 -3503.270907 0.395204 -0.332025 -0.856489 0.908395 0.002707 0.418105 -0.136503 -0.943267 0.302680
-0.967414 -63.120980 1092.723873 -3883.787970 0.422051 -0.321850 -0.847517 0.906560 0.144928 0.396416 -0.004757 -0.935633 0.352943
0.796085 -71.765467 1184.612766 -3776.266092 0.448214 -0.308103 -0.839152 0.875236 0.342206 0.341843 0.181840 -0.887675 0.423044
-0.171093 -74.163436 1197.636745 -1444.781891 0.434514 -0.320975 -0.841530 0.855282 0.439898 0.273830 0.282295 -0.838728 0.465666
-1.130575 -72.963011 258.600264 -407.782426 0.425195 -0.343285 -0.837475 0.863480 0.431215 0.261641 0.271314 -0.834391 0.479771
-0.703115 -69.154300 -372.290222 -1801.639268 0.418202 -0.349149 -0.838571 0.904112 0.249110 0.347168 0.087683 -0.903349 0.419848
16.127541 -26.712757 -754.351053 250.292736 0.811305 0.341239 0.474700 -0.534172 0.102715 0.839112 -0.237579 0.934348 -0.265614
15.354691 -27.643151 -1570.521936 319.026132 0.801758 0.386426 0.455915 -0.553524 0.192450 0.810293 -0.225377 0.902019 -0.368194
17.176892 -27.659195 -579.666114 -181.824751 0.817591 0.303405 0.489377 -0.552881 0.176267 0.814403 -0.160833 0.936416 -0.311861
17.079363 -27.415628 341.895926 -247.377890 0.807874 0.272615 0.522514 -0.561934 0.089014 0.822379 -0.177682 0.957997 -0.225104
14.967199 -26.977338 577.657493 -279.873178 0.797435 0.286410 0.531100 -0.555709 0.005612 0.831358 -0.235129 0.958091 -0.163636
10.615723 -147.238410 -1662.462671 -16807.843061 0.678545 -0.211465 -0.703463 -0.143922 0.900832 -0.409619 0.720322 0.379188 0.580821
10.300990 -145.427052 -704.806075 -12148.118882 0.628512 -0.197987 -0.752179 -0.267322 0.853164 -0.447939 0.730419 0.482609 0.483298
15.538200 -120.132267 -592.511269 -12411.805109 0.618943 -0.173575 -0.766016 -0.037728 0.967579 -0.249733 0.784529 0.183471 0.592328
5.365219 -157.418094 -1759.728989 10480.872943 0.689846 -0.209986 -0.692834 0.384582 -0.704517 0.596450 0.613360 0.677910 0.405251
14.988762 -112.396412 -1502.533707 -12094.844034 0.668008 -0.192209 -0.718903 0.023870 0.971104 -0.237458 0.743771 0.141464 0.653293
-2.705388 -23.197694 -562.469291 -371.394526 0.866845 0.104459 -0.487511 0.434041 0.323034 0.840986 -0.245331 0.940605 -0.234681
-4.699645 -24.894082 -209.005039 -541.054620 0.812541 0.072669 -0.578357 0.548080 0.242562 0.800482 -0.198458 0.967410 -0.157263
-4.448304 -25.334281 -84.850858 -347.259945 0.818435 0.058459 -0.571618 0.533301 0.293054 0.793542 -0.213905 0.954307 -0.208670
-3.494983 -25.228642 -421.237177 30.857019 0.868838 0.102193 -0.484435 0.420010 0.365913 0.830481 -0.262131 0.925021 -0.274997
-0.659280 -23.081077 -1263.633032 20.314004 0.901571 0.151019 -0.405418 0.322443 0.390227 0.862411 -0.288445 0.908249 -0.303122
0.764205 -21.283982 -1292.741434 -391.667297 0.911088 0.157768 -0.380826 0.306791 0.357515 0.882078 -0.275315 0.920485 -0.277326
37.644287 -191.374139 1821.196779 -13150.479184 0.681170 -0.393506 -0.617382 -0.402610 0.502981 -0.764797 -0.611484 -0.769521 -0.184186
32.648789 -226.016004 5277.298029 -24527.884184 0.764862 -0.286792 -0.576833 -0.335141 0.587564 -0.736512 -0.550152 -0.756650 -0.353290
36.801292 -340.923568 -2859.072428 -68813.456551 -0.695761 0.365701 0.618206 -0.193212 0.733672 -0.651456 -0.691798 -0.572703 -0.439803
11.186757 -850.684806 492.049112 91945.645665 -0.423450 0.874236 0.237490 0.263478 0.369670 -0.891024 0.866758 0.314730 0.386879
-202.212833 -2592.452634 35996.602091 364664.391871 -0.491280 0.805610 0.331114 0.818808 0.556785 -0.139795 0.296980 -0.202441 0.933178
-105.882437 -2306.013926 12844.804954 -493252.013369 -0.562653 0.802926 0.196803 0.310320 0.425786 -0.849946 0.766240 0.417152 0.488734
-6.548317 -25.660900 -15.995389 -1236.922497 0.624088 0.540552 0.564197 0.779347 -0.378923 -0.499034 -0.055967 0.751146 -0.657759
-4.351795 -26.124105 -537.652478 -978.742502 0.509638 0.604086 0.612658 0.845129 -0.217962 -0.488107 -0.161323 0.766533 -0.621612
-5.242196 -24.119721 91.125433 -987.924644 0.497152 0.583935 0.641763 0.863998 -0.265252 -0.427960 -0.079672 0.767243 -0.636389
-7.679292 -24.686227 798.496953 -378.060224 0.571681 0.534213 0.622733 0.820410 -0.381831 -0.425597 0.010419 0.754203 -0.656559
-8.477867 -24.654296 561.078196 462.323530 0.647640 0.505174 0.570405 0.759484 -0.488137 -0.430007 0.061207 0.711703 -0.699808
-9.492338 -18.419763 421.971047 805.213290 0.971008 0.073578 0.227440 -0.204636 -0.235943 0.949976 -0.123560 0.968977 0.214046
-10.673029 -20.161432 277.643984 745.328044 0.970804 0.112689 0.211757 -0.184775 -0.211625 0.959725 -0.152964 0.970833 0.184624
-10.150281 -17.250621 407.108432 423.581036 0.948872 0.068706 0.308093 -0.279976 -0.267609 0.921954 -0.145792 0.961075 0.234691
-8.744000 -15.761645 593.280766 597.090658 0.948014 0.022279 0.317449 -0.299269 -0.276774 0.913145 -0.108206 0.960677 0.255718
-5.711452 -15.171746 -54.289657 460.239285 -0.369934 0.515348 -0.773023 0.645799 0.740801 0.184816 0.667901 -0.430848 -0.606859
-5.387323 -16.764850 -77.196175 187.994784 -0.350816 0.539608 -0.765344 0.701107 0.693144 0.167332 0.620788 -0.477885 -0.621489
-5.524174 -16.298427 -174.995529 322.368748 -0.376049 0.524088 -0.764146 0.669238 0.723991 0.167204 0.640864 -0.448519 -0.622996
16.164597 -60.473293 2446.610424 3191.160831 -0.514538 -0.364670 -0.776058 -0.609002 0.792548 0.031359 0.603628 0.488756 -0.629881
19.242188 -51.044188 -1701.820806 -3415.423363 0.533551 0.366651 0.762161 0.694302 -0.704481 -0.147144 0.482978 0.607679 -0.630443
18.634471 -54.883279 249.159911 3084.627253 -0.519994 -0.349577 -0.779360 -0.615689 0.785828 0.058313 0.592059 0.510166 -0.623857
20.914749 -52.625662 1544.742077 -3476.109038 0.523972 0.351421 0.775858 0.692339 -0.706305 -0.147650 0.496105 0.614521 -0.613387
16.446330 -69.428401 203.736097 4927.369190 -0.495126 -0.386432 -0.778152 -0.543795 0.836350 -0.069325 0.677597 0.388831 -0.624238
18.588882 -70.731351 -2830.332336 5315.114218 -0.488034 -0.384549 -0.783546 -0.585423 0.810059 -0.032930 0.647382 0.442635 -0.620460
4.643287 -61.825655 1093.461400 -1763.026598 0.901808 0.081188 0.424441 -0.432030 0.191143 0.881371 0.009572 0.978199 -0.207450
1.828240 -64.665459 1408.926605 748.217625 0.916980 0.050619 0.395708 -0.388235 0.341395 0.855992 0.091763 0.938556 -0.332705
0.310024 -64.119044 1044.361193 -29.663892 0.914120 0.065653 0.400093 -0.403152 0.251952 0.879766 0.043045 0.965510 -0.256782
8.811615 -14.481736 -1044.939894 1963.520501 0.459949 0.468509 -0.754285 0.348182 0.686280 0.638584 0.816833 -0.556344 0.152527
12.257637 -21.176314 -625.079692 -443.290701 0.430330 0.470802 -0.770170 0.483218 0.600515 0.637089 0.762441 -0.646318 0.030919
8.219593 -18.761274 -1557.939297 -377.349007 0.457099 0.436947 -0.774686 0.445427 0.641443 0.624616 0.769841 -0.630578 0.098576
-25.469283 -36.331848 -820.066656 167.754831 -0.502490 0.825800 -0.256044 0.719020 0.563600 0.406651 -0.480119 -0.020237 0.876970
-25.828403 -36.893039 -961.061421 564.142030 -0.413941 0.880796 -0.229892 0.819713 0.470494 0.326660 -0.395884 0.053228 0.916757
-27.463481 -35.138152 -1008.612371 -61.545843 -0.417270 0.854485 -0.309421 0.759487 0.514861 0.397614 -0.499064 0.069089 0.863806
-26.537332 -32.158389 191.078728 -597.657069 0.666977 -0.579354 0.468498 0.464089 0.814954 0.347089 -0.582892 -0.014076 0.812428
-28.714716 -31.218370 -653.500085 -247.822438 0.701545 -0.410614 0.582436 0.379515 0.907041 0.182331 -0.603161 0.093130 0.792164
-29.199583 -33.602458 -454.759986 -219.059748 -0.320361 0.872209 -0.369623 0.788977 0.461625 0.405485 -0.524294 0.161722 0.836039
49.713128 -42.828002 -3612.673067 2531.912524 0.968529 0.245922 0.038387 0.161722 -0.504532 -0.848112 0.189202 -0.827629 0.528425
53.013206 -38.525701 -1045.978099 2448.732035 0.933332 0.351687 -0.072167 0.137822 -0.536595 -0.832509 0.331507 -0.767060 0.549291
55.502197 -31.878503 -3169.270207 2997.889034 0.927152 0.374510 0.011511 0.177604 -0.412219 -0.893606 0.329919 -0.830553 0.448704
52.209253 -33.108557 -4906.926623 2092.338059 0.956075 0.270019 0.114066 0.210925 -0.363522 -0.907393 0.203548 -0.891595 0.404508
0.428498 -7.730061 -626.761304 394.597751 0.563667 0.753470 0.338471 0.283236 0.208617 -0.936086 0.775923 -0.623508 0.095819
0.681369 -10.138690 20.799342 906.128508 0.560639 0.752639 0.345280 0.288479 0.213328 -0.933419 0.776186 -0.622917 0.097521
-0.169782 -8.608146 -1999.019013 351.534243 0.640504 0.756563 0.131781 0.188009 0.011897 -0.982095 0.744585 -0.653812 0.134621
-6.729151 -29.629600 -610.473694 -713.247038 0.813290 0.456873 0.360316 0.534096 -0.831878 -0.150735 -0.230872 -0.315034 0.920571
-5.741085 -28.827842 -561.825537 952.357289 0.770898 0.508670 0.383368 -0.563138 0.825532 0.037037 -0.297643 -0.244441 0.922853
-3.888200 -29.635440 -814.693979 -160.452808 0.762295 0.512245 0.395615 0.607292 -0.777475 -0.163486 -0.223836 -0.364879 0.903748
-4.598782 -30.809754 -902.714597 167.682154 0.806765 0.462824 0.367320 0.567254 -0.780676 -0.262237 -0.165388 -0.419927 0.892361
-8.093420 -30.230812 -775.018177 -71.347778 0.845744 0.421789 0.326819 0.505738 -0.828939 -0.238933 -0.170134 -0.367361 0.914385
-9.587455 -29.313119 -588.598449 -924.884559 0.851917 0.414393 0.320180 0.471949 -0.872503 -0.126498 -0.226938 -0.258874 0.938873
-5.146233 -36.154325 -582.659564 -2764.910642 0.177819 0.890492 0.418814 0.661807 0.206757 -0.720600 0.728280 -0.405310 0.552568
-6.953835 -37.240644 -440.957077 -2956.100595 0.149413 0.899276 0.411069 0.626073 0.235739 -0.743277 0.765316 -0.368415 0.527790
-6.781410 -36.773701 -230.861324 -3477.136604 0.152076 0.902208 0.403600 0.706635 0.186259 -0.682623 0.691042 -0.389008 0.609207
-5.639819 -37.798440 -638.253922 -620.049839 0.179444 0.893348 0.411981 0.710039 0.172247 -0.682770 0.680914 -0.415042 0.603404
-5.103863 -38.921066 -1142.158330 -391.384694 0.196584 0.880605 0.431149 0.700200 0.181728 -0.690431 0.686349 -0.437618 0.580875
-4.931700 -35.480963 -650.529056 -1894.983046 0.205027 0.877413 0.433716 0.638201 0.216123 -0.738912 0.742067 -0.428295 0.515655
-4.804677 -36.032328 -1130.920630 -1570.558729 0.204331 0.879290 0.430230 0.576336 0.247195 -0.778930 0.791256 -0.407117 0.456257
18.080975 -28.806110 1365.937039 1077.576529 0.938392 0.277729 0.205640 0.343893 -0.809109 -0.476529 -0.034039 -0.517888 0.854771
14.800969 -27.406523 1496.227766 1086.365053 0.941321 0.289369 0.173728 0.337281 -0.787368 -0.516036 0.012537 -0.544350 0.838765
16.199470 -26.941020 507.231849 730.695970 0.929129 0.280138 0.241334 0.368480 -0.755684 -0.541447 -0.030692 -0.592001 0.805353
16.464764 -28.352038 -718.449892 809.657016 0.924421 0.251080 0.287063 0.366320 -0.793968 -0.485205 -0.106094 -0.553691 0.825936
0.976038 -37.239909 -114.806909 1527.269991 0.041619 0.860222 0.508219 0.866008 -0.284741 0.411040 -0.498296 -0.423015 0.756809
1.610739 -31.855267 -52.781168 1156.850184 0.086451 0.841732 0.532930 0.885970 -0.309595 0.345267 -0.455614 -0.442311 0.772513
1.059169 -35.207601 -227.158970 1576.345135 0.025141 0.861060 0.507882 0.833413 -0.298621 0.465025 -0.552079 -0.411585 0.725126
0.220907 -43.693856 -290.681061 2272.211078 -0.032820 0.887007 0.460588 0.772302 -0.270008 0.575017 -0.634407 -0.374585 0.676176
-0.187565 -41.049794 -191.131189 1806.326547 -0.025929 0.885885 0.463180 0.747903 -0.290244 0.596992 -0.663302 -0.361893 0.655030
284.617041 -97.212291 67280.595317 -7419.588888 0.734552 -0.342626 0.585697 -0.604156 -0.723195 0.334641 -0.308916 0.599663 0.738224
8794.878992 -1302.437518 2019477.248434 202650.867449 0.664130 -0.605283 0.438821 0.746289 0.501769 -0.437356 0.044537 0.617949 0.784956
355.524964 -118.991363 79636.237748 12349.786751 0.691355 -0.627776 0.357666 0.718487 0.649554 -0.248709 -0.076190 0.428924 0.900122
86.388089 -83.911623 25735.315256 2707.767226 0.694990 -0.544168 0.469968 0.628882 0.776905 -0.030427 -0.348563 0.316701 0.882159
294.332704 -59.406195 92759.218776 -2863.949004 0.849284 -0.048550 0.525700 0.204834 0.948061 -0.243360 -0.486580 0.314363 0.815117
-9.569038 -57.748547 -1348.642438 3281.857994 0.565109 -0.407467 0.717372 -0.501154 0.521177 0.690811 0.655360 0.749897 -0.090318
-9.696713 -58.854897 -275.420268 2935.111563 -0.520366 0.457253 -0.721207 -0.446487 0.574237 0.686222 0.727921 0.679096 -0.094656
-8.768729 -66.265372 711.645388 3183.260606 -0.574721 0.451225 -0.682709 -0.317380 0.646055 0.694178 0.754298 0.615637 -0.228092
-6.960017 -61.104459 -1499.484854 3800.628301 0.596796 -0.398391 0.696505 -0.479884 0.518470 0.707743 0.643075 0.756620 -0.118239
-21.099688 -26.198954 36.875761 -300.543891 -0.062578 0.955634 0.287833 0.070038 0.291892 -0.953883 0.995580 0.039533 0.085196
-24.364002 -26.273726 -1470.738818 143.543473 -0.064562 0.857771 -0.509961 -0.002066 -0.511141 -0.859495 0.997912 0.054438 -0.034773
17.182201 -24.520052 14012.681204 -1424.218586 -0.128143 0.984894 0.116465 0.044717 0.123051 -0.991392 0.990747 0.121832 0.059810
-21.536479 -26.647596 -2388.209756 189.660348 0.040315 0.998693 -0.031425 -0.017688 -0.030733 -0.999371 0.999030 -0.040846 -0.016426
-21.082551 -27.163720 -1201.894331 161.985997 0.023750 0.998127 0.056372 0.080746 0.054288 -0.995255 0.996452 -0.028189 0.079306
-9.482292 -31.817083 612.253142 -502.050995 0.142466 -0.873456 -0.465594 0.932305 -0.039567 0.359502 -0.332431 -0.485293 0.808691
-8.471444 -31.376044 242.955263 -3486.008865 0.200829 -0.874245 -0.441999 0.929536 0.027632 0.367696 -0.309243 -0.484698 0.818191
-9.390770 -32.381996 -118.472041 -1227.749595 0.089352 -0.895942 -0.435090 0.960219 -0.038549 0.276576 -0.264569 -0.442494 0.856856
-7.710280 -28.326813 -412.415858 268.491871 0.066061 -0.897720 -0.435586 0.989417 0.002413 0.145082 -0.129192 -0.440561 0.888378
-6.739835 -25.961421 -1315.258091 -314.079625 -0.035835 -0.909506 -0.414142 0.988378 -0.093515 0.119848 -0.147732 -0.405035 0.902287
-7.601296 -29.299372 -1233.973517 64.311185 -0.038774 -0.908675 -0.415699 0.975156 -0.125210 0.182739 -0.218101 -0.398286 0.890955
-9.123582 -29.009115 -538.750409 1102.353950 0.049517 -0.904231 -0.424163 0.963819 -0.068107 0.257708 -0.261916 -0.421578 0.868143
1.167728 -62.237862 232.577268 -2565.763903 -0.522852 0.585477 -0.619550 0.775904 0.627848 -0.061484 0.352986 -0.512858 -0.782546
-4.103219 -53.418178 1232.188572 185.207277 -0.490139 0.618638 -0.614044 0.839870 0.523662 -0.142818 0.233199 -0.585718 -0.776243
0.860225 -54.187361 -349.732417 -1218.444632 -0.488632 0.600502 -0.632958 0.847435 0.499255 -0.180550 0.207587 -0.624613 -0.752839
-1.319721 -52.565299 535.861690 -325.084945 -0.492177 0.616368 -0.614697 0.868409 0.396519 -0.297722 0.060233 -0.680341 -0.730417
2.447585 -60.004846 -202.648891 -1748.796320 -0.485709 0.608874 -0.627183 0.800101 0.598631 -0.038466 0.352030 -0.520493 -0.777921
0.619045 -50.251200 -148.958735 -2025.603334 -0.475187 0.620645 -0.623697 0.870692 0.433880 -0.231612 0.126860 -0.653107 -0.746564
1.210579 -53.839597 -51.623976 -1141.005845 -0.463822 0.628687 -0.624196 0.848530 0.517800 -0.108992 0.254687 -0.580202 -0.773628
0.384228 -50.114522 -535.202098 -1272.277734 -0.498135 0.602587 -0.623499 0.866253 0.377617 -0.327127 0.038321 -0.703061 -0.710096
246.143303 -23.007074 -60898.849848 6983.916729 0.952858 0.081960 0.292139 0.275330 0.171028 -0.946014 0.127499 -0.981851 -0.140400
229.778908 -21.254230 -47528.850416 3544.046870 0.839659 0.396768 0.370874 0.314399 0.201726 -0.927610 0.442860 -0.895479 -0.044637
303.472227 -9.504053 -70676.132248 2990.967908 0.902790 0.275279 0.330443 0.304309 0.134084 -0.943089 0.303920 -0.951968 -0.037280
-2.775037 -73.010179 -350.559483 2790.705460 0.432854 -0.347668 0.831724 0.879711 0.364375 -0.305516 -0.196841 0.863920 0.463569
-2.898537 -65.630896 -554.763365 2845.850404 0.455562 -0.331749 0.826079 0.888259 0.230718 -0.397198 -0.058821 0.914720 0.399785
-2.815429 -65.830380 -326.166030 2548.339109 0.462940 -0.333226 0.821369 0.886387 0.176336 -0.428047 -0.002201 0.926211 0.377000
-1.994727 -71.574869 -125.336468 3981.537799 0.441643 -0.342803 0.829118 0.894215 0.243388 -0.375688 -0.073010 0.907331 0.414030
-2.251914 -75.781512 59.751433 2755.236036 0.435263 -0.356647 0.826649 0.879134 0.366313 -0.304858 -0.194085 0.859429 0.472983
-0.114533 -37.684645 -259.954158 1333.143048 -0.014145 0.975003 0.221740 0.996477 -0.004587 0.083738 0.082662 0.222143 -0.971504
0.504888 -36.791580 -145.701570 832.608248 0.007769 0.973176 0.229929 0.986924 -0.044482 0.154925 0.160997 0.225719 -0.960797
0.062868 -39.544724 -593.659072 1035.122828 -0.037428 0.976298 0.213170 0.997121 0.022411 0.072432 0.065938 0.215268 -0.974326
0.741201 -35.194826 228.489137 722.162501 0.030143 0.969991 0.241267 0.978868 -0.077489 0.189243 0.202259 0.230464 -0.951829
0.511927 -36.196535 326.842015 1282.186484 0.016265 0.972683 0.231567 0.991741 -0.045162 0.120040 0.127219 0.227702 -0.965384
-0.251770 -38.706777 204.991762 789.933346 -0.011310 0.973176 0.229784 0.999606 0.016911 -0.022420 -0.025704 0.229440 -0.972983
-4.990217 -87.471745 -13.520468 -213.623231 0.040450 0.994848 -0.092962 0.985270 -0.024242 0.169279 -0.166153 0.098440 0.981174
-3.806890 -97.807960 503.617616 -1221.022284 -0.035648 -0.997411 0.062461 0.998248 -0.032586 0.049380 -0.047217 0.064112 0.996825
-4.500639 -94.328797 396.463797 -2598.178130 -0.065794 -0.994793 0.077834 0.997289 -0.068132 -0.027784 0.032942 0.075795 0.996579
-5.451709 -91.655752 57.897645 -3748.661741 -0.076229 -0.992370 0.096907 0.996611 -0.072818 0.038266 -0.030918 0.099496 0.994558
-5.981132 -83.168744 -85.186094 -950.966789 0.050696 0.993587 -0.101063 0.971285 -0.025498 0.236550 -0.232456 0.110153 0.966349
0.786649 -71.686770 -144.017351 2097.871637 -0.037820 0.970145 -0.239557 0.755814 0.184592 0.628228 -0.653693 0.157301 0.740231
0.244601 -68.261843 52.147621 3075.747799 -0.029693 0.970842 -0.237873 0.672201 0.195522 0.714085 -0.739773 0.138695 0.658407
0.760558 -66.092740 79.195372 1886.484642 -0.058670 0.962835 -0.263641 0.789743 0.206308 0.577705 -0.610625 0.174315 0.772497
0.399634 -77.362838 -137.608232 2746.826904 -0.024275 0.969721 -0.243006 0.563135 0.214107 0.798146 -0.826008 0.117470 0.551281
-1.963170 -43.330708 -67.559298 764.416608 0.047846 0.968554 -0.244159 0.496671 0.189009 0.847109 -0.866619 0.161797 0.472009
0.527233 -43.723942 231.718922 869.084555 0.021544 0.950167 -0.310997 0.389180 0.278562 0.878033 -0.920910 0.139950 0.363785
-0.521395 -46.281502 122.445646 1317.750704 0.049258 0.964873 -0.258059 0.403232 0.217169 0.888955 -0.913771 0.147845 0.378371
-2.201675 -45.479404 -409.985595 1020.454053 0.062353 0.979161 -0.193278 0.527047 0.132148 0.839499 -0.847545 0.154212 0.507824
144.077916 -899.624529 -11579.983059 31254.597731 0.082552 -0.468280 -0.879715 0.870943 -0.395158 0.292075 -0.484400 -0.790293 0.375225
-116.032130 -1518.153732 33447.626977 -353618.373487 -0.550607 -0.457864 -0.697992 0.616534 0.340660 -0.709814 0.562776 -0.821165 0.094719
123.485992 -5577.508957 -24555.284985 -1701624.796450 -0.407854 0.397590 -0.821935 0.867294 -0.112691 -0.484873 -0.285405 -0.910617 -0.298866
991.281813 -63262.856445 235937.754067 -15279483.289080 0.309165 0.881270 0.357463 -0.247520 0.437489 -0.864486 0.918233 -0.178789 -0.353388
-141.696860 -1498.268096 4028.801613 -369568.157513 0.050395 0.969221 0.240978 -0.877221 0.158300 -0.453238 0.477435 0.188550 -0.858199
-24.758345 -341.069758 -844.132506 -73561.026097 0.215143 0.908876 0.357293 -0.577198 0.413461 -0.704197 0.787754 0.054725 -0.613554
17.159164 -31.565835 1192.048697 -110.677091 0.668923 0.307175 0.676894 0.052991 0.888599 -0.455614 -0.741441 0.340640 0.578126
15.468135 -30.677978 -888.223027 -270.324309 0.603418 0.318295 0.731146 0.089927 0.883873 -0.459000 -0.792338 0.342719 0.504722
13.122967 -30.538792 544.466361 366.674459 0.657799 0.326129 0.678926 0.135351 0.835539 -0.532498 -0.740932 0.442170 0.505475
1.793116 -29.091166 -107.830035 23.179973 0.575760 0.207117 0.790951 -0.436679 0.895751 0.083313 -0.691239 -0.393360 0.606181
5.912407 -31.462447 1323.797440 428.441097 0.648775 0.038754 0.759993 -0.321639 0.919075 0.227704 -0.689666 -0.392172 0.608738
-0.155621 -29.134869 -18.316875 -96.779689 0.632364 0.069954 0.771506 -0.284007 0.947506 0.146874 -0.720733 -0.311991 0.619036
-35.896983 -50.836077 -658.256617 2462.949621 0.532664 -0.133619 -0.835712 0.793676 0.421717 0.438444 0.293850 -0.896828 0.330683
-32.360071 -43.640183 -1847.146431 1985.376873 0.245382 -0.343673 -0.906464 0.891325 0.447683 0.071551 0.381218 -0.825511 0.416178
-33.174467 -46.437270 -1347.447595 1470.238797 0.385504 -0.332041 -0.860892 0.891608 0.374234 0.254919 0.237531 -0.865851 0.440319
-35.207442 -52.298264 -688.137865 1710.450947 0.594885 -0.211940 -0.775367 0.793889 0.306012 0.525450 0.125908 -0.928137 0.350298
-37.029663 -56.479659 -490.614708 1261.470747 0.625008 -0.061170 -0.778218 0.757597 0.287854 0.585821 0.188178 -0.955719 0.226253
-10.552515 -22.579423 -3.429845 -370.525404 0.872881 -0.039729 0.486312 -0.349236 -0.746911 0.565825 -0.340752 0.663736 0.665840
-9.544860 -21.585908 61.357301 -444.304029 0.845941 -0.064911 0.529311 -0.416589 -0.700092 0.579935 -0.332922 0.711096 0.619278
-10.897537 -23.051971 374.234409 -389.721262 0.830055 -0.089071 0.550522 -0.415634 -0.756987 0.504201 -0.371829 0.647330 0.665362
-9.523366 -21.861345 328.583407 -738.144252 0.801054 -0.106755 0.588996 -0.486556 -0.689281 0.536801 -0.348677 0.716586 0.604093
1.567229 -30.543126 26.292270 -74.690704 0.191646 0.929963 0.313753 -0.542669 0.366772 -0.755638 0.817791 0.025449 -0.574953
0.648297 -31.499875 90.390542 696.592150 0.210909 0.910708 0.355145 -0.466604 0.413050 -0.782094 0.858952 0.000762 -0.512056
1.192721 -31.899256 77.360869 -214.171427 0.188423 0.926363 0.326110 -0.546660 0.374792 -0.748795 0.815880 0.037181 -0.577025
-224.973267 -2087.930377 253765.605662 397411.285072 0.165993 0.505005 0.847004 0.115221 0.843105 -0.525261 -0.979373 0.184782 0.081762
221.756119 -2865.066104 218222.527819 1106527.061767 0.184184 0.488834 0.852712 0.131595 0.847479 -0.514258 -0.974042 0.206931 0.091764
-459.243155 -3171.262206 85495.550331 -1109464.026760 0.533432 0.690146 0.489028 0.650086 0.035374 -0.759037 -0.541146 0.722805 -0.429784
-428.646333 -2526.445182 62513.801243 625154.064614 -0.405066 0.371038 0.835615 0.348540 0.907602 -0.234047 -0.845247 0.196440 -0.496960
-947.138664 -1447.342767 211135.311812 90377.518600 0.077596 0.888602 0.452067 0.968219 0.040970 -0.246725 -0.237762 0.456845 -0.857183
-33.314965 -51.552754 -358.313397 3880.408266 -0.478451 -0.184113 -0.858596 0.406773 0.820067 -0.402524 0.778216 -0.541842 -0.317469
-24.869779 -59.393633 957.210818 7304.787872 -0.502230 -0.041125 -0.863756 0.423160 0.859411 -0.286964 0.754122 -0.509629 -0.414219
-22.371791 -45.787623 1787.585112 6185.620864 -0.588712 -0.087941 -0.803545 0.261951 0.919666 -0.292567 0.764722 -0.382727 -0.518382
15.832453 -48.286208 258.722066 5887.976792 0.802471 0.277554 0.528209 -0.506684 0.784494 0.357547 0.315138 0.554556 -0.770166
21.378143 -37.704505 1439.589011 2877.258964 0.735620 0.388178 0.555140 -0.633549 0.684310 0.361021 0.239748 0.617282 -0.749322
-7.503484 -356.348483 26250.846041 81723.754982 0.401220 0.688417 0.604239 0.448616 0.427445 -0.784879 0.798603 -0.585980 0.137335
-46.067096 -368.156765 27002.535666 -86493.189692 0.704696 0.649947 0.284556 0.637981 -0.404967 -0.654967 0.310458 -0.643094 0.700033
53.077529 -316.927213 -709.729355 -99865.532957 0.713304 0.425079 0.557231 0.698050 -0.501962 -0.510647 -0.062643 -0.753221 0.654777
33.248728 -91.683333 7714.744368 -13703.083764 -0.695068 -0.314701 -0.646409 0.708847 -0.149821 -0.689267 0.120067 -0.937292 0.327210
51.060212 -29.460493 1338.657176 -1503.338667 -0.305473 0.235460 -0.922629 0.141320 0.969424 0.200613 0.941655 -0.069104 -0.329408
50.088072 -39.089371 1573.456778 -1488.827718 -0.459278 0.238756 -0.855605 0.155482 0.969939 0.187201 0.874580 -0.047054 -0.482593
55.277767 -35.164755 4024.299663 -3067.295349 -0.517342 0.148203 -0.842848 0.269231 0.963067 0.004087 0.812325 -0.224807 -0.538136
3.945808 -10.028450 1422.073159 -597.404659 -0.123272 -0.160369 -0.979329 0.497870 0.843680 -0.200824 0.858446 -0.512335 -0.024159
-0.107538 -11.710051 2157.389233 -787.022821 -0.187483 -0.210104 -0.959534 0.510443 0.813762 -0.277920 0.839224 -0.541893 -0.045320
-0.504152 -9.171503 1211.250288 -619.789848 -0.232024 -0.341035 -0.910966 0.516337 0.750506 -0.412476 0.824355 -0.566070 0.001954
-8.260397 -26.977444 879.349769 366.134866 -0.678774 -0.405583 -0.612183 -0.576199 0.810971 0.101591 0.455259 0.421697 -0.784163
-5.564608 -26.628717 669.760368 101.044348 -0.693145 -0.403307 -0.597405 -0.561824 0.821520 0.097256 0.451556 0.403050 -0.796020
-11.090927 -30.264344 -591.644082 863.192446 -0.059253 0.005462 0.998228 0.503407 0.863683 0.025155 -0.862015 0.504006 -0.053926
-13.029392 -31.614927 -411.759659 1027.923962 -0.041945 -0.060103 0.997310 0.456391 0.886809 0.072639 -0.888790 0.458210 -0.009766
-13.895220 -28.783079 143.517526 492.025209 -0.033424 -0.064111 0.997383 0.544198 0.835865 0.071966 -0.838291 0.545179 0.006951
-8.924015 -31.895917 -701.699942 435.248292 -0.049349 0.036314 0.998121 0.397857 0.917345 -0.013705 -0.916119 0.396433 -0.059718
-12.244143 -28.789298 -697.740031 460.338508 -0.033711 0.049824 0.998189 0.587840 0.808717 -0.020514 -0.808274 0.586084 -0.056551
-10.950505 -30.800521 -989.394989 445.804882 -0.043124 0.131059 0.990436 0.571772 0.816192 -0.083107 -0.819278 0.562720 -0.110133
-8.397649 -31.347203 -1449.093398 665.375664 -0.068181 0.099540 0.992695 0.472345 0.879648 -0.055763 -0.878773 0.465093 -0.106992
6.860405 -23.044363 -2018.434389 -584.731181 -0.598548 -0.043703 -0.799894 0.016825 0.997605 -0.067095 0.800910 -0.053617 -0.596379
-1.331701 -22.656845 -1912.050123 -798.666117 -0.585635 0.012965 -0.810472 0.069009 0.997039 -0.033914 0.807632 -0.075791 -0.584795
-2.862879 -57.471667 735.261433 237.844700 0.858362 0.280505 0.429571 -0.315662 0.948806 0.011190 -0.404440 -0.145204 0.902964
-2.706373 -69.733686 -748.159468 686.304607 0.896081 0.254266 0.363852 0.018256 0.797884 -0.602535 0.443516 -0.546562 -0.710326
-3.872439 -72.253509 349.989151 5039.619743 -0.886447 -0.263655 -0.380393 -0.077408 0.894762 -0.439782 0.456312 -0.360398 -0.813568
-3.516355 -68.579455 169.499454 248.792760 0.877304 0.256943 0.405361 0.044430 0.797510 -0.601668 0.477874 -0.545856 -0.688243
-3.147404 -68.361632 -389.028686 -4556.072101 0.888086 0.244277 0.389400 0.158990 0.631603 -0.758815 0.431307 -0.735803 -0.522080
-3.306950 -67.756955 326.653400 -4630.148135 0.871868 0.258581 0.415910 0.165508 0.643707 -0.747160 0.460926 -0.720262 -0.518430
-3.467982 -67.785404 586.151853 -236.038489 0.864275 0.254093 0.434126 0.076616 0.786475 -0.612852 0.497151 -0.562934 -0.660263
5.891199 -51.322770 210.492229 -99.672823 0.910096 0.213944 0.354898 0.414007 -0.432281 -0.801082 0.017971 -0.875992 0.481991
5.744920 -54.376841 257.203863 805.781157 0.915559 0.203634 0.346821 0.400052 -0.549786 -0.733276 -0.041358 -0.810104 0.584826
65.200124 -12.435010 11477.435867 -79.893944 0.421271 0.867349 0.265021 -0.795696 0.493690 -0.350909 0.435199 0.063048 -0.898124
288.334540 -19.934243 66888.411652 -3102.434200 0.482296 0.865320 0.136429 -0.768030 0.492593 -0.409246 0.421333 -0.092596 -0.902167
291.413403 -13.356084 78828.114205 237.079118 0.407130 0.900108 0.155084 -0.797051 0.433041 -0.420933 0.446043 -0.047765 -0.893736
14.571727 -29.383075 1794.802917 246.012896 0.758064 0.407892 0.508884 -0.626772 0.671319 0.395586 0.180267 0.618834 -0.764558
13.961905 -29.989884 4154.763407 -49.579037 0.729367 0.407404 0.549587 -0.672185 0.576190 0.464944 0.127246 0.708539 -0.694105
-1.326799 -53.389036 439.475214 -2704.059508 0.412734 -0.331901 -0.848229 0.902603 0.023991 0.429804 -0.122302 -0.943009 0.309477
-1.792354 -48.479075 -316.083979 -4018.307471 0.354647 -0.351154 -0.866554 0.890609 -0.155310 0.427428 -0.284678 -0.923347 0.257661
-3.756623 -46.183741 110.118190 -2680.054471 0.384371 -0.344390 -0.856536 0.877768 -0.151075 0.454642 -0.285975 -0.926592 0.244226
0.979989 -48.818342 378.476799 -954.228447 0.938324 0.199664 0.282280 -0.034912 0.866953 -0.497166 0.343989 -0.456648 -0.820453
1.494066 -49.292124 -40.246670 -224.008749 0.940488 0.208394 0.268428 -0.041297 0.854132 -0.518414 0.337307 -0.476477 -0.811907
0.647800 -45.644914 -76.258338 962.644625 -0.941726 -0.195600 -0.273664 -0.088900 0.929353 -0.358328 0.324419 -0.313118 -0.892586
13.337767 -125.441264 1305.365515 -11309.349906 0.542806 -0.181137 -0.820092 -0.152279 0.939054 -0.308203 0.825937 0.292178 0.482141
11.161361 -140.328652 556.164491 -4158.442254 0.578211 -0.217235 -0.786435 -0.424051 0.743468 -0.517142 0.697031 0.632507 0.337762
6.970357 -149.253196 -1486.746311 2420.673282 0.656048 -0.212101 -0.724302 0.503849 -0.591430 0.629561 0.561904 0.777962 0.281140
6.869657 -86.392865 -1770.257231 -8942.488500 -0.675682 0.315954 0.666053 0.156566 0.944391 -0.289158 -0.720375 -0.091097 -0.687576
5.508486 -90.351203 -1389.160983 -6010.977562 -0.671147 0.311017 0.672927 0.306271 0.942975 -0.130369 -0.675100 0.118601 -0.728130
6.555135 -89.379256 -1166.029152 -5575.094921 -0.667021 0.295929 0.683746 0.294586 0.947703 -0.122790 -0.684326 0.119519 -0.719315
-5.819179 -27.111925 -62.308783 -591.602106 0.783521 0.059311 -0.618528 0.605425 0.151153 0.781418 -0.139839 0.986729 -0.082523
-5.422631 -25.210452 -169.692040 -636.182779 0.844104 0.101381 -0.526508 0.506047 0.173919 0.844789 -0.177215 0.979528 -0.095502
4.324669 -833.548446 1001.566045 217452.884696 -0.451243 0.450158 0.770543 0.811478 -0.152298 0.564189 0.371326 0.879865 -0.296570
4.552670 -287.422753 -2013.453173 39549.580563 -0.557795 0.449872 0.697482 0.813302 0.128651 0.567440 0.165543 0.883778 -0.437643
-4.707397 -222.301018 -688.662571 24502.772952 -0.541232 0.447705 0.711778 0.670656 -0.280782 0.686573 0.507236 0.848953 -0.148288
-4.892808 -225.995990 -875.505739 4334.607755 -0.519079 0.467958 0.715243 0.571935 -0.431695 0.697517 0.635176 0.771139 -0.043558
2.391350 -165.972328 -1639.726733 14079.393641 -0.461134 0.465391 0.755491 0.681115 -0.360050 0.637532 0.568716 0.808564 -0.150954
451.262928 -2530.765267 353187.169671 1759428.696670 -0.405343 0.858827 0.313231 -0.881540 -0.457936 0.114809 -0.242040 0.229589 -0.942712
26.275584 -1561.191086 23156.976447 -363596.937104 -0.560552 0.781860 0.272903 -0.241521 -0.469571 0.849217 -0.792117 -0.410119 -0.452055
62.727917 -694.990980 7479.412042 -285251.059839 -0.545450 0.837983 0.016415 -0.814278 -0.534457 0.226509 -0.198584 -0.110183 -0.973871
5.300216 -40.546927 1297.536084 697.220188 0.359962 0.753256 0.550485 -0.440171 0.657356 -0.611664 0.822604 0.022132 -0.568184
-0.428262 -37.101226 1517.182662 1418.500558 0.341015 0.767583 0.542702 -0.530813 0.633693 -0.562735 0.775852 0.096172 -0.623542
7.374060 -37.370098 1565.036262 2142.775600 0.374793 0.736291 0.563388 -0.536043 0.667910 -0.516289 0.756431 0.108498 -0.645011
2.264073 -32.312942 1495.948700 2402.191437 0.358238 0.746900 0.560184 -0.608870 0.641756 -0.466290 0.707774 0.174036 -0.684666
-3.711318 -23.715467 -617.253781 -259.757991 0.369056 0.624614 0.688226 0.915299 -0.115728 -0.385790 -0.161323 0.772311 -0.614419
-1.117620 -25.827815 -432.087561 1053.401839 0.478757 0.613383 0.628135 0.857108 -0.171586 -0.485721 -0.190154 0.770922 -0.607883
-0.817450 -25.859784 -760.772012 1039.995593 0.393305 0.624834 0.674458 0.896602 -0.098288 -0.431791 -0.203507 0.774547 -0.598884
-11.667666 -18.862467 329.769047 508.758418 0.940043 0.113817 0.321505 -0.284038 -0.260554 0.922732 -0.188792 0.958727 0.212603
-8.586039 -21.647942 258.465363 357.778084 0.723671 0.408560 0.556219 -0.651514 0.670287 0.355309 0.227661 0.619511 -0.751250
-7.665120 -21.362967 1073.459138 497.505075 0.697456 0.387537 0.602802 -0.669318 0.652832 0.354717 0.256062 0.650866 -0.714707
-8.448681 -23.032704 776.538265 117.513413 0.712067 0.393699 0.581345 -0.636795 0.710882 0.298562 0.295724 0.582794 -0.756901
-7.888025 -20.834998 371.338199 -572.692751 0.688568 0.426081 0.586796 0.702016 -0.594506 -0.392092 0.181791 0.681922 -0.708473
-9.411250 -24.595341 51.540778 413.117835 0.739352 0.405287 0.537682 -0.613387 0.734768 0.289609 0.277697 0.543930 -0.791849
-9.307544 -22.101799 -303.989700 -249.223412 0.688332 0.475028 0.548221 0.708543 -0.602244 -0.367790 0.155452 0.641600 -0.751122
-9.679220 -22.388726 -539.907241 336.050961 0.738493 0.438999 0.511769 -0.641045 0.692423 0.331076 0.209019 0.572564 -0.792768
13.568773 -57.769505 -649.678795 470.857856 0.417666 0.374151 0.827989 0.733703 -0.676407 -0.064451 0.535944 0.634417 -0.557028
