18392
36774
-22.059147 -32.180009 319.642517 -2247.795309 -0.429374 0.383173 -0.817812 0.657711 0.753232 0.007599 0.618913 -0.534622 -0.575435
-24.455422 -39.016322 99.365305 -1852.449322 -0.340447 0.499311 -0.796734 0.633096 0.748221 0.198384 0.695188 -0.436869 -0.570841
-23.258704 -41.351482 -359.228260 3887.908767 -0.057078 0.666447 -0.743364 -0.744380 -0.524594 -0.413157 0.665312 -0.529764 -0.526033
-21.249759 -32.774768 -93.918475 -1844.806811 -0.580234 0.276849 -0.765953 0.536460 0.837535 -0.103664 0.612813 -0.471052 -0.634484
-19.684407 -27.790150 -140.159601 -2302.260524 -0.399270 0.368529 -0.839506 0.716036 0.697211 -0.034484 0.572605 -0.614885 -0.542256
-17.768354 -26.764496 -373.822279 -1023.843242 0.709130 -0.058798 0.702622 0.430908 0.824898 -0.365869 0.558079 -0.562215 -0.610297
99.149595 -54.750394 -2273.676674 937.999217 0.293130 0.841994 -0.452903 0.949317 -0.312545 0.033367 -0.113458 -0.439729 -0.890935
88.420519 -51.938907 1169.926334 81.532881 0.291210 0.834218 -0.468270 0.898751 -0.406282 -0.164868 -0.327785 -0.372847 -0.868068
90.173458 -49.452307 -3443.353658 1797.812029 0.194287 0.702379 -0.684775 0.932401 -0.349111 -0.093542 -0.304764 -0.620311 -0.722726
80.120665 -45.866110 -6189.334335 -0.409582 0.249875 0.640915 -0.725803 0.950910 -0.303765 0.059136 -0.182572 -0.704950 -0.685356
31.251058 -26.763021 2725.196175 -4.828500 0.176840 0.852429 -0.492029 -0.610777 -0.296966 -0.734005 0.771803 -0.430322 -0.468128
31.338738 -25.068496 438.695910 52.309021 0.264032 0.765415 -0.586879 -0.666185 -0.295293 -0.684836 0.697485 -0.571789 -0.431941
31.161021 -25.641275 708.038843 104.722325 0.270471 0.775298 -0.570753 -0.605646 -0.323814 -0.726868 0.748357 -0.542271 -0.381974
29.118683 -25.134972 432.515542 -59.958644 0.293029 0.786619 -0.543475 -0.521095 -0.345186 -0.780581 0.801619 -0.511935 -0.308753
-1.488572 -23.976873 1787.321683 681.420158 0.081360 0.528989 -0.844720 0.912446 0.301481 0.276679 0.401027 -0.793272 -0.458145
-0.374349 -22.470232 1801.467778 331.915570 0.038243 0.515131 -0.856258 0.881405 0.386337 0.271789 0.470811 -0.765104 -0.439264
-3.402876 -23.200588 1148.142773 714.069284 0.032236 0.501114 -0.864781 0.913654 0.336010 0.228765 0.405212 -0.797485 -0.447013
-3.242434 -25.041272 679.225587 598.897114 0.067400 0.507774 -0.858850 0.948752 0.233763 0.212662 0.308751 -0.829169 -0.465995
-0.225554 -23.549429 -1884.281941 538.357111 0.119334 0.474967 -0.871875 0.932211 0.248601 0.263022 0.341675 -0.844159 -0.413102
9.116261 -26.508631 2480.723621 -161.406378 -0.252976 0.967451 0.006468 -0.924121 -0.239656 -0.297601 0.286364 0.081263 -0.954669
7.990327 -26.215107 1989.447019 165.857913 -0.218311 0.975877 0.001949 -0.961943 -0.214856 -0.168829 0.164338 0.038732 -0.985643
14.935721 -26.995656 1836.641290 -87.004674 -0.208199 0.977499 -0.033896 -0.938267 -0.209391 -0.275336 0.276238 0.025521 -0.960750
14.734813 -26.673529 1996.604496 -322.224042 -0.230305 0.972715 -0.028005 -0.893916 -0.222845 -0.388914 0.384544 0.064535 -0.920848
-2.307878 -22.423451 124.801726 -819.453111 -0.532277 0.004052 -0.846561 0.147863 0.985062 -0.088254 0.833557 -0.172150 -0.524925
-3.096830 -22.089586 -104.995088 -590.385104 -0.509547 0.056195 -0.858606 0.171505 0.984475 -0.037348 0.843177 -0.166286 -0.511274
-2.109174 -24.427909 99.594007 -1396.122103 -0.521506 0.052564 -0.851627 0.255995 0.961759 -0.097400 0.813940 -0.268807 -0.515019
-3.457144 -21.634042 -50.227917 1245.316059 -0.513681 0.044143 -0.856845 0.051024 0.998480 0.020851 0.856462 -0.033009 -0.515153
-0.289727 -33.765649 -387.694737 353.241674 -0.430230 0.332134 -0.839398 -0.157907 0.887830 0.432232 0.888801 0.318506 -0.329525
-0.828374 -34.348692 0.508298 990.743494 -0.445741 0.322796 -0.834936 -0.233666 0.858426 0.456624 0.864127 0.398632 -0.307209
-0.264506 -35.868242 -273.054556 194.965535 -0.442207 0.347319 -0.826936 -0.264730 0.830362 0.490323 0.856955 0.435739 -0.275246
-17.496959 -61.659088 38.154546 -3448.764657 0.373939 -0.616133 0.693217 0.858613 -0.052611 -0.509918 0.350648 0.785883 0.509347
-14.017046 -48.572228 -6.401652 -4883.537815 0.382001 -0.624609 0.681130 0.910856 0.129847 -0.391767 0.156258 0.770067 0.618531
-16.503547 -62.052926 198.595806 -4621.093584 0.280194 -0.657125 0.699770 0.901351 -0.070680 -0.427282 0.330238 0.750460 0.572496
-20.024051 -73.951722 160.129984 -2917.234859 0.316907 -0.638720 0.701147 0.786867 -0.235679 -0.570346 0.529537 0.732456 0.427900
-18.278853 -69.673225 -608.451116 -3307.021355 0.412355 -0.566449 0.713512 0.790918 -0.166094 -0.588950 0.452120 0.807185 0.379525
-3.524866 -43.489341 294.780906 762.083593 -0.106224 0.628425 -0.770584 -0.682902 -0.609399 -0.402838 0.722746 -0.483442 -0.493885
-5.278165 -44.509917 373.226056 1485.017667 -0.088917 0.624142 -0.776235 -0.661126 -0.619876 -0.422689 0.744988 -0.475605 -0.467754
-4.903768 -41.433245 110.416609 -283.760800 -0.083576 0.621708 -0.778777 -0.746587 -0.556688 -0.364289 0.660017 -0.550979 -0.510685
-1.869569 -63.281343 -300.180768 2427.575183 0.784362 -0.289413 -0.548650 -0.452303 0.338446 -0.825152 -0.424498 -0.895374 -0.134562
-1.872910 -65.606814 -241.625996 2921.888713 0.794046 -0.303662 -0.526575 -0.439724 0.311152 -0.842512 -0.419684 -0.900541 -0.113541
-1.495813 -55.544890 26.297687 1423.305988 0.802480 -0.295700 -0.518254 -0.344926 0.478838 -0.807304 -0.486879 -0.826605 -0.282263
-1.500065 -60.156759 -308.405106 2636.607710 0.787189 -0.284015 -0.547420 -0.379876 0.475955 -0.793197 -0.485827 -0.832348 -0.266776
-2.557049 -73.143917 -202.072239 3733.673428 0.786701 -0.265515 -0.557319 -0.504791 0.243015 -0.828330 -0.355371 -0.932977 -0.057150
2.955907 -57.577322 163.930522 456.222926 0.735964 -0.520440 -0.433012 0.502634 -0.008455 0.864458 0.453560 0.853856 -0.255368
3.362235 -56.227721 92.788867 1338.392706 0.719674 -0.524056 -0.455450 0.460061 -0.131367 0.878115 0.520013 0.841492 -0.146556
4.596721 -55.515604 -4.136004 961.206516 0.737066 -0.505222 -0.448870 0.397517 -0.213036 0.892522 0.546548 0.836281 -0.043813
0.618013 -61.286798 36.766664 924.757939 0.716926 -0.527685 -0.455594 0.578072 0.084679 0.811580 0.389679 0.845209 -0.365748
3.880069 -58.033455 317.366755 406.672099 0.746433 -0.510896 -0.426407 0.468330 -0.051919 0.882027 0.472762 0.858073 -0.200514
2.824448 -62.188895 499.651925 675.881507 0.754287 -0.512961 -0.409784 0.544609 0.140265 0.826877 0.366677 0.846875 -0.385163
0.862871 -61.812567 394.490472 635.489176 0.734339 -0.529279 -0.424981 0.580000 0.164014 0.797935 0.352628 0.832444 -0.427423
-1.000853 -52.643447 -108.007560 -461.264890 0.761185 -0.411059 -0.501625 0.089937 0.832907 -0.546056 0.642268 0.370535 0.670966
-1.380920 -54.505117 185.113230 -1595.124877 0.752913 -0.418716 -0.507740 0.035392 0.796144 -0.604071 0.657168 0.436843 0.614246
-0.972562 -48.921320 -166.130539 -653.983861 0.766169 -0.394528 -0.507279 0.145992 0.875586 -0.460473 0.625836 0.278742 0.728445
-1.534134 -50.063149 -129.776408 -7.285319 0.773491 -0.362687 -0.519778 0.170932 0.909072 -0.379960 0.610322 0.205049 0.765154
-1.475159 -46.994147 -251.868197 208.035880 0.783906 -0.342739 -0.517707 0.215428 0.932175 -0.290932 0.582307 0.116535 0.804573
-12.438471 -53.784084 -635.292970 -264.606740 0.560153 -0.504975 0.656680 0.757395 -0.008886 -0.652897 0.335531 0.863088 0.377488
-15.413891 -64.830663 -1046.908947 -1862.186549 0.495814 -0.507056 0.705027 0.753674 -0.152092 -0.639409 0.431445 0.848388 0.306745
-12.179886 -61.484135 -668.749067 -583.371753 0.544643 -0.482644 0.685870 0.702538 -0.184092 -0.687423 0.458044 0.856250 0.238811
-9.152482 -53.624960 -143.272033 235.777288 0.598078 -0.480462 0.641451 0.708829 -0.056372 -0.703124 0.373984 0.875202 0.306850
-11.150350 -26.136343 776.253745 86.023410 0.716724 -0.241870 0.654068 -0.682820 -0.052902 0.728668 0.141642 0.968865 0.203070
-14.533189 -26.450582 983.551645 280.235636 0.703623 -0.199109 0.682107 -0.699954 -0.028876 0.713604 0.122388 0.979552 0.159685
-12.957576 -25.150269 594.977597 1199.763407 0.717460 -0.198625 0.667682 -0.696247 -0.173950 0.696406 0.022180 0.964515 0.263094
-12.094493 -29.905034 703.479845 2.358057 0.709904 -0.238028 0.662856 -0.673591 0.045411 0.737708 0.205697 0.970196 0.128096
-9.350455 -24.856964 837.607651 918.202419 0.706030 -0.261783 0.658021 -0.703784 -0.155974 0.693080 0.078802 0.952440 0.294361
-10.025429 -28.229523 1172.790436 690.119424 0.674580 -0.280064 0.683013 0.704871 -0.030510 -0.708679 0.219314 0.959496 0.176827
-8.411798 -26.982666 984.841622 73.048864 0.660333 -0.302509 0.687349 0.726628 0.026216 -0.686530 0.189662 0.952786 0.237123
36.927073 -13.197030 317.715900 163.666520 0.456053 -0.271024 -0.847680 0.466350 0.884030 -0.031749 0.757980 -0.380837 0.529556
31.984002 -16.265019 1171.727487 -3051.351237 0.414401 -0.231591 -0.880135 0.494283 0.869292 0.003990 0.764170 -0.436689 0.474707
28.879818 -15.833976 2309.137412 -975.174679 0.363897 -0.147919 -0.919619 0.453043 0.890762 0.035993 0.813838 -0.429724 0.391159
25.316280 -14.098607 2733.202441 854.536472 0.313677 -0.080998 -0.946069 0.445531 0.892421 0.071315 0.838516 -0.443873 0.316019
34.307578 -15.767381 1541.288991 1929.030266 0.436678 -0.164046 -0.884534 0.438324 0.897428 0.049955 0.785611 -0.409527 0.463793
-0.331452 -76.927249 1192.286925 -706.715196 0.796104 -0.157534 -0.584295 -0.557369 -0.566941 -0.606562 0.235707 -0.808555 0.539148
0.749991 -83.396242 661.671840 -484.792138 0.793550 -0.183828 -0.580074 -0.602862 -0.367034 -0.708409 0.082681 -0.911863 0.402083
1.773525 -78.145796 550.317675 -994.674190 0.797643 -0.189183 -0.572691 -0.546294 -0.629011 -0.553089 0.255594 -0.754026 0.605076
-0.550457 -73.580348 919.524994 -1345.129550 0.791872 -0.168190 -0.587069 -0.494268 -0.741109 -0.454376 0.358661 -0.649977 0.669994
30.164378 -20.283198 -2795.732199 -132.194657 0.569481 0.736327 -0.365395 -0.045331 -0.415709 -0.908367 0.820753 -0.533862 0.203360
24.554459 -21.328393 -5102.259549 258.547365 0.686202 0.677664 -0.264383 0.023955 -0.384313 -0.922892 0.727016 -0.626957 0.279950
32.597790 -20.689281 -1072.449292 179.582830 0.526963 0.749674 -0.400373 0.003831 -0.473179 -0.880958 0.849880 -0.462698 0.252220
18.032486 -20.259739 -4341.432615 -16.191164 0.679207 0.689767 -0.250799 -0.018783 -0.325264 -0.945437 0.733706 -0.646858 0.207966
33.894629 -19.832816 1930.199268 -416.067192 0.373069 0.813128 -0.446814 -0.040482 -0.466858 -0.883405 0.926920 -0.347659 0.141253
30.982101 -20.739705 280.263041 -292.900278 0.415697 0.798283 -0.435821 -0.132008 -0.421155 -0.897331 0.899872 -0.430549 0.069693
22.770495 -19.432126 -3536.312305 -29.808648 0.595720 0.715990 -0.363972 -0.124365 -0.365466 -0.922479 0.793506 -0.594804 0.128672
16.078510 -34.465813 2217.993856 -97.341403 -0.803554 0.268481 0.531243 0.183269 0.960735 -0.208328 -0.566316 -0.070042 -0.821207
12.296586 -36.754856 2151.154679 -619.849648 -0.782585 0.329273 0.528337 0.325260 0.939890 -0.103981 -0.530817 0.090473 -0.842644
8.740244 -36.958726 2942.740009 -106.559851 -0.755702 0.323933 0.569193 0.275233 0.945720 -0.172799 -0.594273 0.026076 -0.803840
3.301292 -173.249768 -106.944274 4283.307700 0.714511 -0.277288 -0.642328 0.675498 0.034397 0.736560 0.182145 0.960171 -0.211884
3.221941 -167.156929 -290.547210 -6665.847077 0.705501 -0.282718 -0.649876 0.702943 0.395883 0.590888 -0.090220 0.873698 -0.478030
3.461170 -172.824956 -141.228833 -873.443236 0.712732 -0.296737 -0.635578 0.700051 0.244009 0.671109 0.044056 0.923259 -0.381645
3.579836 -174.431574 -842.620661 -11465.205577 0.716816 -0.269818 -0.642941 0.637673 0.626667 0.447953 -0.282044 0.731086 -0.621260
4.237942 -171.592777 -251.012913 12999.243597 0.693045 -0.299490 -0.655740 0.620918 -0.214160 0.754054 0.366264 0.929753 -0.037536
6.830271 -188.559850 -1810.800081 -19301.525115 0.945425 -0.256138 -0.201407 0.272215 0.281160 0.920243 0.179082 0.924847 -0.335540
1.619626 -147.768617 -2797.675526 -16597.090589 0.954967 -0.224044 -0.194532 0.285813 0.518522 0.805882 0.079684 0.825190 -0.559206
-2.378547 -288.363423 -437.816730 -58149.610130 0.933377 -0.283330 -0.220300 0.353229 0.616533 0.703645 0.063541 0.734582 -0.675538
-3.883200 -139.571950 1133.343682 -8738.850783 0.864229 -0.354513 -0.356972 0.499433 0.690051 0.523829 -0.060624 0.630992 -0.773417
-2.510131 -164.815295 1328.472469 -14644.706553 0.904670 -0.328957 -0.270852 0.403548 0.457304 0.792479 0.136830 0.826233 -0.546459
10.510488 -12.168007 1473.329625 -1151.015025 -0.596721 0.621064 0.508138 0.447567 0.783180 -0.431639 -0.666039 -0.030142 -0.745308
13.128420 -8.167319 1705.392049 -750.991241 -0.595396 0.611525 0.521096 0.417524 0.789636 -0.449610 -0.686424 -0.050126 -0.725472
14.511680 -10.983995 59.678213 -1259.756068 -0.715936 0.518180 0.467895 0.354672 0.847197 -0.395557 -0.601369 -0.117244 -0.790322
2.606133 -17.107064 1994.599953 296.644544 0.677340 0.528305 -0.511961 0.732461 -0.549227 0.402307 -0.068642 -0.647490 -0.758976
1.017817 -18.069129 2345.205825 -54.598544 0.690142 0.527866 -0.495037 0.723399 -0.522071 0.451814 -0.019947 -0.669925 -0.742161
-4.627445 -19.434270 1512.773932 273.407264 0.565418 0.593989 -0.572259 0.819651 -0.482085 0.309461 -0.092061 -0.644027 -0.759443
-3.118430 -19.104856 1213.763932 211.312032 0.565508 0.593123 -0.573067 0.809889 -0.530648 0.249986 -0.155824 -0.605489 -0.780450
-7.908087 -20.858719 994.415678 107.509487 0.456352 0.635839 -0.622456 0.872866 -0.455722 0.174420 -0.172763 -0.622918 -0.762972
-9.359498 -21.585051 695.833935 46.591639 0.487154 0.596057 -0.638277 0.865050 -0.429668 0.258987 -0.119877 -0.678308 -0.724933
8.481182 -71.897099 -4421.881561 3379.253895 0.886111 0.386968 -0.255076 -0.305958 0.901795 0.305213 0.348134 -0.192410 0.917486
23.141084 -79.598463 -2064.506025 -169.898853 0.822795 0.425859 -0.376367 -0.222624 0.850805 0.475993 0.522921 -0.307857 0.794845
2.065283 -73.416418 -5474.824834 2407.605849 0.903345 0.336368 -0.266130 0.131066 -0.807271 -0.575443 0.408400 -0.484943 0.773330
-20.952840 -75.009086 -7473.601798 1591.274710 0.917025 0.316272 -0.242975 -0.217280 0.907049 0.360627 0.334446 -0.277910 0.900506
-8.023478 -17.403987 78.899701 249.680433 0.242372 0.893457 -0.378141 0.962877 -0.173778 0.206566 0.118845 -0.414169 -0.902408
-7.522280 -17.268625 -189.029717 59.206511 0.162934 0.905848 -0.391015 0.967226 -0.068423 0.244526 0.194749 -0.418041 -0.887307
-7.519582 -16.067457 60.987881 135.900047 0.089034 0.901000 -0.424584 0.975837 0.006490 0.218404 0.199538 -0.433770 -0.878652
-7.053000 -15.143188 -57.275902 173.162607 -0.038418 0.876455 -0.479949 0.977594 0.132445 0.163612 0.206965 -0.462909 -0.861905
-8.102872 -15.973103 283.116394 354.773317 0.173191 0.894158 -0.412900 0.974249 -0.094082 0.204909 0.144375 -0.437756 -0.887427
-2.153753 -6.073955 154.870268 262.992356 -0.843781 0.365987 0.392539 0.276755 0.923384 -0.266025 -0.459826 -0.115830 -0.880422
-4.142696 -5.428322 538.156706 284.269757 -0.818580 0.438994 0.370420 0.348212 0.892143 -0.287800 -0.456810 -0.106603 -0.883154
-3.249385 -6.844474 599.453278 239.740030 -0.822930 0.422840 0.379463 0.322320 0.897479 -0.301065 -0.467862 -0.125447 -0.874853
14.141708 -38.598231 485.119340 -3260.160414 -0.105916 0.440582 -0.891442 -0.653091 0.645197 0.396475 0.749836 0.624186 0.219403
15.121710 -22.476000 4369.282014 -7341.085758 -0.298019 0.482990 -0.823350 -0.481340 0.668817 0.566564 0.824316 0.565159 0.033162
18.322320 -22.255685 -2717.014283 -9512.316248 -0.060516 0.511559 -0.857115 -0.441490 0.756411 0.482626 0.895223 0.407614 0.180074
-28.060878 -32.064012 -454.057949 644.772695 0.508275 0.861021 -0.017292 -0.065491 0.058666 0.996127 -0.858701 0.505174 -0.086207
-26.311656 -30.143672 -540.161701 34.217590 0.382245 0.805487 -0.452857 0.201513 0.405616 0.891554 -0.901821 0.432048 0.007271
-27.236622 -31.048527 -755.882216 -466.020718 0.444961 0.778620 -0.442448 0.245016 0.369359 0.896405 -0.861381 0.507272 0.026424
-29.076257 -32.872134 -542.472598 129.167627 0.595590 0.791120 -0.139290 0.057543 0.130936 0.989719 -0.801225 0.597482 -0.032461
-28.909456 -34.447606 -449.374208 884.783415 0.540321 0.806352 0.240520 -0.271079 -0.103794 0.956944 -0.796598 0.582257 -0.162503
-28.501941 -34.449207 -372.785233 645.303745 0.448544 0.864835 0.225543 -0.303148 -0.090179 0.948667 -0.840779 0.493891 -0.221723
20.968724 -40.691060 5111.425594 -4839.501933 0.923004 0.272633 -0.271541 -0.117376 0.871541 0.476067 -0.366451 0.407539 -0.836436
39.841943 -58.118116 6603.861430 -5401.884493 0.884000 0.306321 -0.353145 -0.048761 0.811709 0.582023 -0.464936 0.497288 -0.732488
41.585607 -36.277495 -5979.413025 -4262.941808 -0.861314 -0.368618 0.349656 -0.182150 0.866486 0.464783 -0.474299 0.336635 -0.813460
64.777664 -35.550356 -7431.433471 -3754.110240 -0.753655 -0.481068 0.447860 -0.279241 0.851193 0.444403 -0.595003 0.209866 -0.775840
36.447877 -19.467058 -5380.080699 -2709.716315 -0.848822 -0.441897 0.290221 -0.299278 0.854161 0.425254 -0.435814 0.274108 -0.857281
17.948904 -21.489931 -3888.694395 -2867.505954 -0.914113 -0.300359 0.272364 -0.173525 0.896920 0.406724 -0.366452 0.324530 -0.872006
7.990330 -40.075958 -1099.078183 -4359.298399 -0.079458 0.979890 0.183038 0.721067 0.183284 -0.668183 0.688294 -0.078890 0.721130
4.046629 -28.246625 -1210.575954 -555.012016 -0.046381 0.973072 0.225787 0.742844 0.184716 -0.643476 0.667855 -0.137880 0.731408
9.721283 -26.781594 -1275.355314 -1339.951714 -0.085137 0.974217 0.208932 0.766959 0.197933 -0.610406 0.636023 -0.108273 0.764036
12.547983 -37.713404 -1185.991297 -4275.488924 -0.098964 0.984251 0.146481 0.750677 0.170473 -0.638297 0.653216 -0.046792 0.755725
15.078468 -25.221495 -1290.001450 -1267.643199 -0.138231 0.974516 0.176668 0.785683 0.216504 -0.579506 0.602987 -0.058700 0.795588
-6.049405 -19.232041 241.256384 -857.469620 0.165562 0.963883 -0.208611 0.907604 -0.231670 -0.350119 0.385802 0.131370 0.913180
-8.795001 -21.246059 543.735514 -1246.696472 0.275721 0.932820 -0.232002 0.877172 -0.342879 -0.336160 0.393126 0.110819 0.912782
-6.911087 -22.491570 639.905808 -904.366416 0.192283 0.954188 -0.229242 0.868682 -0.274173 -0.412579 0.456530 0.119806 0.881605
-5.591442 -19.869318 162.220803 -734.822935 0.158657 0.960455 -0.228810 0.899621 -0.236117 -0.367329 0.406829 0.147563 0.901507
-6.149025 -17.215894 -133.710044 -468.923039 0.168899 0.960493 -0.221193 0.921960 -0.233311 -0.309121 0.348515 0.151721 0.924942
-6.251221 -22.816000 347.303312 -365.267669 0.038448 -0.925198 0.377531 0.980798 -0.037350 -0.191417 0.191199 0.377641 0.905997
-4.539055 -21.640545 437.425384 -739.626504 -0.006526 -0.929088 0.369801 0.988924 -0.060831 -0.135381 0.148277 0.364822 0.919195
-5.046621 -23.554416 273.257182 -127.742665 0.004086 -0.928502 0.371305 0.964808 -0.093966 -0.245593 0.262924 0.359242 0.895442
-6.591936 -23.750812 132.166713 221.968968 0.050846 -0.924336 0.378176 0.948194 -0.074222 -0.308900 0.313596 0.374290 0.872676
4.369765 -36.873354 118.942582 -484.033606 -0.277518 0.944602 -0.175244 -0.238959 0.108807 0.964914 -0.930528 -0.309657 -0.195525
2.520753 -36.686927 436.123280 -397.754763 -0.251934 0.951891 -0.174450 -0.277175 0.101737 0.955418 -0.927202 -0.289056 -0.238209
2.741148 -37.598837 620.488879 -1005.129506 -0.241714 0.956457 -0.163599 -0.183448 0.120515 0.975614 -0.952849 -0.265831 -0.146330
1.002992 -37.884058 581.811960 -407.308766 -0.237715 0.952898 -0.188354 -0.272720 0.120636 0.954500 -0.932264 -0.278267 -0.231197
1.264497 -37.754990 335.214045 -672.230691 -0.248924 0.951518 -0.180694 -0.151099 0.146129 0.977658 -0.956664 -0.270665 -0.107398
1.793741 -37.621644 197.217729 137.063055 -0.026805 0.974693 -0.221933 -0.623077 -0.189901 -0.758758 0.781701 -0.117943 -0.612399
2.422565 -35.454153 442.966340 -352.013170 -0.027258 0.977050 -0.211259 -0.549575 -0.191180 -0.813276 0.835000 -0.093934 -0.542173
1.186629 -37.600512 453.561161 -303.676653 -0.013858 0.983961 -0.177843 -0.496811 -0.161128 -0.852770 0.867748 -0.076536 -0.491076
0.529268 -39.731291 60.300092 64.028365 -0.009082 0.981939 -0.188978 -0.545104 -0.163298 -0.822311 0.838320 -0.095545 -0.536742
-4.937029 -43.154735 27.342297 366.275038 -0.016315 0.966697 -0.255402 0.208120 0.253125 0.944782 -0.977967 0.037741 0.205318
-4.240105 -40.911603 231.118932 107.258142 0.012028 0.968160 -0.250043 0.256817 0.238682 0.936523 -0.966385 0.075479 0.245769
-4.406855 -43.966519 163.932761 874.360467 0.006907 0.968851 -0.247546 0.124100 0.244808 0.961597 -0.992246 0.037362 0.118544
-5.338961 -45.644481 -31.078003 735.410979 -0.023508 0.966721 -0.254751 0.033539 0.255441 0.966243 -0.999161 -0.014170 0.038428
-5.979359 -43.755423 139.182502 142.112306 -0.037135 0.964700 -0.260721 0.141902 0.263347 0.954208 -0.989184 0.001563 0.146672
-5.748429 -42.887477 390.626806 -285.126324 -0.018468 0.970346 -0.241014 0.313557 0.234515 0.920154 -0.949390 0.058579 0.308590
1.258408 -27.350327 92.588774 -296.841131 0.082031 0.964706 -0.250225 0.181584 -0.261335 -0.948014 0.979948 -0.032329 0.196613
1.367131 -27.528850 168.301669 -242.554376 0.086827 0.964930 -0.247731 0.212886 -0.260898 -0.941601 0.973212 -0.029018 0.228073
0.352648 -26.590787 157.620278 -332.773785 0.085629 0.960515 -0.264723 0.324270 -0.278100 -0.904162 0.942081 0.008419 0.335279
0.026202 -26.090591 173.896516 -681.646654 0.066756 0.968988 -0.237921 0.340874 -0.246254 -0.907284 0.937736 0.020534 0.346742
0.858301 -26.215567 222.077232 -46.244665 0.071486 0.963562 -0.257757 0.219327 -0.267278 -0.938327 0.973029 -0.010544 0.230441
-1.128480 -27.244853 290.202666 -378.418086 0.061996 0.969423 -0.237434 0.416107 -0.241336 -0.876705 0.907200 0.044446 0.418346
1.493267 -25.744194 86.425803 -509.443553 0.102737 0.958939 -0.264350 0.402256 -0.283109 -0.870654 0.909744 0.016888 0.414825
-0.239611 -28.373736 157.954711 556.917680 0.073715 0.971312 -0.226097 0.442900 -0.235015 -0.865221 0.893535 0.036359 0.447518
-7.527345 -50.043343 -191.634423 -643.342139 -0.025892 0.986048 -0.164437 -0.652012 0.108031 0.750473 -0.757767 -0.126646 -0.640117
-7.471727 -47.437880 -170.199602 -1261.677702 -0.031715 0.988846 -0.145528 -0.785098 0.065461 0.615902 -0.618559 -0.133787 -0.774265
-7.286832 -49.189016 -21.551193 -620.092166 -0.045252 0.983939 -0.172672 -0.749174 0.080915 0.657413 -0.660826 -0.159111 -0.733480
-7.846535 -48.917674 279.224333 -901.341358 -0.049601 0.979928 -0.193081 -0.786437 0.080849 0.612356 -0.615675 -0.182219 -0.766642
-7.304434 -50.350472 285.145547 -101.784356 -0.042764 0.977692 -0.205645 -0.620202 0.135394 0.772669 -0.783276 -0.160584 -0.600577
-7.015439 -50.457648 -300.738856 -200.695765 -0.049039 0.979152 -0.197120 -0.560476 0.136378 0.816865 -0.826718 -0.150539 -0.542103
8.514998 -18.109085 49.985082 -630.433165 -0.177168 -0.875417 0.449730 0.975847 -0.215595 -0.035237 0.127807 0.432625 0.892469
8.131762 -16.085442 -374.361808 -635.437205 -0.186299 -0.856294 0.481719 0.977913 -0.208898 0.006865 0.094752 0.472358 0.876299
8.445023 -18.342038 -263.862722 -526.896365 -0.146463 -0.865278 0.479418 0.974358 -0.209871 -0.081117 0.170804 0.455244 0.873830
8.676030 -20.276503 121.446529 -511.567711 -0.143097 -0.886705 0.439633 0.968653 -0.216615 -0.121607 0.203061 0.408451 0.889907
7.255060 -19.070068 571.634716 -710.433570 -0.171611 -0.898945 0.403048 0.977122 -0.207485 -0.046725 0.125630 0.385808 0.913985
20.689887 -48.256083 877.517077 -1481.983972 -0.354423 0.896993 -0.264173 0.724271 0.084643 -0.684300 0.591452 0.433865 0.679666
23.436887 -42.839517 -1066.462605 -4682.337597 0.370320 -0.894002 0.252236 0.839604 0.205972 -0.502634 0.397403 0.397914 0.826883
19.140270 -46.205259 -869.738874 -1494.025845 0.378910 -0.861993 0.336743 0.789727 0.111482 -0.603244 0.482451 0.494510 0.722981
16.523577 -49.025430 541.246943 1051.405524 -0.366823 0.873717 -0.319468 0.678471 0.016307 -0.734446 0.636488 0.486162 0.598773
17.885225 -48.533586 998.502811 1321.983253 -0.371814 0.890539 -0.262098 0.567145 -0.005605 -0.823599 0.734915 0.454873 0.502981
21.549913 -51.167829 844.796345 601.849158 -0.324133 0.923985 -0.202952 0.589413 0.029445 -0.807295 0.739953 0.381294 0.554153
7.289738 -28.572680 21.553215 -170.803507 0.106068 0.907884 -0.405581 0.513172 0.299388 0.804377 -0.851707 0.293451 0.434145
8.525117 -27.950627 258.110869 -123.031021 0.113431 0.906905 -0.405778 0.395480 0.333451 0.855807 -0.911443 0.257552 0.320839
5.820841 -28.135702 1469.891469 -146.359182 0.192452 0.898320 -0.394948 0.438545 0.281311 0.853547 -0.877861 0.337469 0.339815
4.628718 -27.477657 1129.261828 -208.275743 0.213299 0.899365 -0.381635 0.367844 0.287952 0.884180 -0.905094 0.328977 0.269406
4.451821 -28.108887 1184.764378 -190.368173 0.214049 0.898706 -0.382767 0.467663 0.249739 0.847892 -0.857598 0.360497 0.366835
4.452513 -28.212148 1054.845200 -198.119362 0.174299 0.899243 -0.401226 0.557981 0.245535 0.792698 -0.811343 0.362043 0.458964
4.528153 -54.836375 -364.238504 2144.481686 0.052919 0.991147 0.121764 -0.605554 -0.065107 0.793137 -0.794043 0.115707 -0.596747
2.701878 -53.090540 -535.798722 2084.609305 0.049852 0.994893 0.087769 -0.535201 -0.047585 0.843384 -0.843253 0.089019 -0.530095
3.770376 -60.175419 -343.437239 1685.419470 0.044819 0.993744 0.102295 -0.717354 -0.039251 0.695602 -0.695265 0.104558 -0.711107
5.364146 -60.342516 -429.583514 1474.473105 0.035803 0.990323 0.134080 -0.765761 -0.059021 0.640411 -0.642128 0.125602 -0.756238
5.724454 -54.353481 -248.974951 1818.633131 0.050725 0.986364 0.156565 -0.648420 -0.086706 0.756329 -0.759591 0.139885 -0.635180
0.048001 -74.430727 -307.907616 490.110004 -0.128383 -0.988372 0.081480 0.989362 -0.133312 -0.058227 0.068412 0.073138 0.994973
-0.572952 -75.756223 -151.577799 1069.272952 0.130688 0.989229 -0.065930 0.977437 -0.139690 -0.158441 0.165945 0.043735 0.985165
0.367167 -73.297552 198.445893 554.016248 0.118913 0.991210 -0.057987 0.947564 -0.130736 -0.291601 0.296619 0.020271 0.954781
-2.114350 -67.805076 -162.193946 1083.200024 0.106003 0.993498 -0.041524 0.848634 -0.112153 -0.516954 0.518250 -0.019559 0.855005
-1.861383 -71.753490 321.122963 615.864531 0.083457 0.995837 -0.036667 0.856752 -0.090496 -0.507726 0.508930 -0.010959 0.860738
0.854419 -76.647293 800.050796 583.524199 0.078326 0.995500 -0.053341 0.898187 -0.093684 -0.429516 0.432581 0.014268 0.901482
-7.337475 -17.058000 -694.700153 277.508010 0.403888 0.906908 -0.119969 0.715309 -0.231331 0.659408 -0.570270 0.352141 0.742151
-6.038048 -17.447404 387.610534 -133.363193 0.666078 0.733026 0.137890 0.514514 -0.585389 0.626574 -0.540014 0.346401 0.767067
-9.497106 -17.063366 798.917601 -459.685628 0.720372 0.662901 0.204027 0.400995 -0.638069 0.657321 -0.565922 0.391702 0.725467
5.245229 -33.068235 -704.176009 339.269684 0.026477 0.999643 0.003579 0.125378 -0.006873 0.992085 -0.991756 0.025819 0.125515
6.164659 -31.037949 148.626289 18.115126 0.066306 0.997314 -0.031123 0.162924 0.019951 0.986437 -0.984408 0.070477 0.161164
6.587610 -37.117204 -250.710354 -1390.050631 0.030369 0.998249 -0.050763 0.242420 0.041915 0.969266 -0.969696 0.041742 0.240723
5.894300 -53.529355 -653.985101 -5230.875132 0.002853 0.998819 -0.048508 0.349326 0.044457 0.935946 -0.936997 0.019615 0.348786
4.679953 -37.809749 -1017.254008 -1351.683115 -0.001821 0.999871 -0.015978 0.211764 0.016001 0.977190 -0.977319 0.001604 0.211766
2.563352 -156.249220 -101.168056 -15881.195864 -0.137510 0.986560 -0.088263 -0.012433 -0.090822 -0.995790 0.990422 0.135833 -0.024755
3.617866 -171.978294 -363.791701 -19203.291514 -0.127973 0.987210 -0.095080 -0.112601 -0.109711 -0.987565 0.985365 0.115676 -0.125201
2.344579 -177.657895 -386.230613 -14159.318729 -0.102592 0.992644 -0.064293 -0.395879 -0.100039 -0.912837 0.912554 0.068198 -0.403230
1.423794 -197.048835 383.210512 -14581.837881 -0.116703 0.991998 -0.048173 -0.347012 -0.086176 -0.933893 0.930571 0.092272 -0.354292
1.451138 -186.774055 149.764563 -4470.328929 -0.094825 0.994213 -0.050483 -0.654065 -0.100452 -0.749739 0.750472 0.038075 -0.659805
1.614604 -178.833645 -698.669887 -3943.161679 -0.088212 0.993669 -0.069579 -0.731887 -0.112038 -0.672153 0.675693 0.008368 -0.737136
168.347179 -261.502052 45126.112431 -56217.943210 -0.523124 0.394509 0.755449 0.266128 0.917702 -0.294956 -0.809640 0.046748 -0.585062
-15.623848 -69.713602 2974.020255 -11369.936549 -0.603072 0.355626 0.714027 0.348324 0.922676 -0.165348 -0.717617 0.148996 -0.680313
-20.327892 -46.693156 637.992770 486.469124 0.141766 0.988955 -0.043239 -0.677525 0.128783 0.724137 -0.721708 0.073363 -0.688299
182.064280 -191.623269 43666.751589 -34658.665271 -0.496723 0.404125 0.768082 0.289372 0.911456 -0.292423 -0.818248 0.077009 -0.569683
5.337282 -66.800093 240.481633 -1892.062312 0.026026 0.974342 0.223564 0.984372 0.013985 -0.175544 -0.174167 0.224639 -0.958751
7.095147 -64.010684 -237.270518 898.844655 0.017628 0.983270 0.181301 -0.964672 -0.030946 0.261629 -0.262862 0.179508 -0.947987
6.089606 -68.043728 -21.228327 -1707.226728 0.012605 0.980691 0.195155 0.999558 -0.007104 -0.028862 -0.026919 0.195433 -0.980348
3.407602 -69.018346 307.729330 -1319.857298 0.018966 0.974743 0.222522 0.994680 -0.040934 0.094530 0.101252 0.219545 -0.970334
1.673495 -21.291588 870.250930 -54.063413 0.469677 0.817667 -0.332902 -0.369693 0.524588 0.766899 -0.801705 0.237123 -0.548673
5.399328 -20.784361 1322.314800 -227.272488 0.447338 0.846131 -0.289743 -0.451477 0.493297 0.743523 -0.772047 0.201794 -0.602679
0.034076 -19.894795 564.719434 -288.553292 0.460735 0.826590 -0.323222 -0.453855 0.532387 0.714549 -0.762718 0.182521 -0.620441
-2.070372 -53.490569 -50.619568 -353.934105 -0.205965 0.949395 -0.237123 0.543750 0.312502 0.778896 -0.813581 -0.031490 0.580598
-2.456541 -50.269614 -300.092365 -87.179235 -0.226654 0.938204 -0.261536 0.361243 0.330350 0.871993 -0.904506 -0.103163 0.413795
-2.385688 -52.876290 -89.740440 148.382104 -0.234221 0.936180 -0.262120 0.374922 0.335746 0.864123 -0.896980 -0.104121 0.429634
7.284017 -16.062531 975.541928 1005.206085 -0.096863 -0.906164 0.411686 0.974981 -0.003240 0.222266 -0.200076 0.422915 0.883806
2.917020 -16.465100 1104.076627 1076.936606 -0.122782 -0.915711 0.382620 0.972596 -0.034326 0.229952 -0.197436 0.400369 0.894832
4.793726 -19.567307 1194.574054 903.074472 -0.121917 -0.912830 0.389715 0.957863 -0.005328 0.287175 -0.260065 0.408306 0.875016
9.628298 -18.805113 1077.967135 704.508272 -0.128030 -0.900264 0.416094 0.953121 0.004293 0.302560 -0.274170 0.435324 0.857510
-110.503535 -503.154514 -13145.706211 148290.628070 0.127631 -0.165897 0.977849 0.962841 -0.215863 -0.162295 0.238006 0.962227 0.132182
3.001038 -1103.831179 67046.716156 10273.505476 0.485492 -0.193598 -0.852536 -0.059061 0.965681 -0.252925 0.872244 0.173145 0.457396
-101.344962 -1676.815467 46890.210289 481211.121779 0.995501 -0.088287 -0.034393 -0.084171 -0.990707 0.106840 0.043506 0.103464 0.993681
392.193432 -717.084745 -58591.537339 -115522.907195 0.913985 0.207958 -0.348404 0.311173 0.191800 0.930797 -0.260391 0.959149 -0.110591
239.286438 -434.109878 27553.669722 -88215.130144 0.798683 0.296740 0.523498 -0.548066 -0.000475 0.836435 -0.248452 0.954958 -0.162254
3.956353 -45.285375 2102.243373 10137.214825 -0.287079 0.269702 0.919155 0.170077 0.958651 -0.228171 -0.942687 0.090825 -0.321078
2.085877 -253.919783 1789.272761 60866.758128 -0.297836 0.566828 0.768115 0.154153 0.822628 -0.547284 -0.942089 -0.044594 -0.332386
9.541117 -152.803225 1970.333264 30625.793965 -0.316542 0.448475 0.835866 0.250535 0.889414 -0.382328 -0.914895 0.088390 -0.393896
-6.386224 -38.691709 2042.973528 8912.809575 -0.305761 0.321314 0.896252 0.088275 0.946846 -0.309338 -0.948007 -0.015467 -0.317873
13.711008 -41.922826 -218.372186 3892.070327 -0.343480 0.098358 0.933995 0.180245 0.982917 -0.037224 -0.921701 0.155562 -0.355341
5.737455 -23.118657 -1410.782773 -666.256678 -0.245381 -0.388918 0.887993 -0.072634 0.920799 0.383215 -0.966702 0.029535 -0.254195
14.526087 -26.785323 -370.295621 454.957937 -0.278349 -0.226439 0.933406 0.062467 0.965487 0.252849 -0.958446 0.128688 -0.254598
-10.369658 -278.541973 -2485.492909 52127.643053 0.308577 -0.598744 -0.739112 0.898052 -0.072714 0.433838 -0.313502 -0.797633 0.515265
-2.251974 -195.754434 -1675.697876 31681.641938 0.333969 -0.617635 -0.712034 0.929801 0.091879 0.356411 -0.154711 -0.781080 0.604962
-1.897193 -258.040995 -1648.508950 46300.345190 0.326099 -0.606733 -0.724938 0.857877 -0.132213 0.496554 -0.397122 -0.783834 0.477388
-7.582329 -158.111592 -1611.988240 26670.228723 0.320321 -0.612786 -0.722418 0.943100 0.134481 0.304100 -0.089197 -0.778722 0.620996
-22.203348 -268.625052 -3387.522266 46332.596792 0.363745 -0.594784 -0.716883 0.915040 0.084126 0.394492 -0.174329 -0.799471 0.574852
-28.129639 -46.228628 340.107563 2464.753375 -0.107574 0.712189 -0.693697 -0.627694 -0.589749 -0.508131 0.770992 -0.380768 -0.510478
-26.919510 -42.880848 95.351156 -810.347133 -0.342010 0.530957 -0.775315 0.535183 0.788244 0.303729 0.772405 -0.311057 -0.553746
-23.350010 -38.928022 -292.614219 -1746.365947 -0.525428 0.361027 -0.770445 0.501626 0.862844 0.062226 0.687239 -0.353780 -0.634463
85.358940 -46.924472 3742.795899 1565.332364 0.295069 0.814190 -0.500029 -0.795960 0.498964 0.342756 -0.528565 -0.296866 -0.795292
72.820376 -42.562494 6942.517598 1909.848168 0.365490 0.905894 -0.213949 -0.862606 0.416005 0.287837 -0.349753 -0.079352 -0.933475
59.169646 -31.625991 6608.918680 3268.696945 0.436878 0.871013 -0.224666 -0.755333 0.490854 0.434205 -0.488477 0.019997 -0.872348
44.832533 -31.637039 6700.216624 3329.276532 0.384731 0.922974 -0.010036 -0.855592 0.360681 0.371311 -0.346330 0.134268 -0.928454
58.408656 -42.980177 7995.445043 2961.660651 0.332430 0.943103 -0.006777 -0.915253 0.324331 0.238999 -0.227599 0.073248 -0.970996
33.832997 -25.862949 2590.961575 130.066750 0.181610 0.836135 -0.517586 -0.712564 -0.250835 -0.655236 0.677695 -0.487811 -0.550246
30.200334 -24.152028 -1654.080423 -183.748495 0.291026 0.706374 -0.645244 0.760516 0.238378 0.603979 0.580447 -0.666492 -0.467835
4.407014 -23.336207 1771.445217 380.244813 0.131575 0.535486 -0.834232 0.879536 0.325136 0.347423 0.457279 -0.779449 -0.428200
5.930074 -22.350671 2404.362344 -172.355986 0.068920 0.524851 -0.848399 0.850203 0.414012 0.325190 0.521924 -0.743724 -0.417696
1.398610 -26.140183 1870.825530 -14.039589 -0.272731 0.962078 0.004934 -0.937800 -0.264697 -0.224649 0.214824 0.065896 -0.974427
0.331016 -25.039144 1527.736735 564.144744 -0.254021 0.967194 -0.002890 -0.962096 -0.252986 -0.101827 0.099218 0.023086 -0.994798
3.586301 -24.824182 1440.997661 539.997830 -0.228139 0.973628 -0.001173 -0.972250 -0.227880 -0.052914 0.051786 0.010931 -0.998598
9.015917 -25.113684 1544.929595 376.254634 -0.170897 0.984963 -0.025344 -0.983971 -0.171942 -0.047299 0.050945 -0.016854 -0.998559
-2.118219 -22.046140 -20.769265 -746.224830 -0.496697 0.102269 -0.861878 0.265852 0.963228 -0.038915 0.826205 -0.248461 -0.505621
-3.591710 -21.220987 -208.891965 620.434856 -0.489888 0.110692 -0.864730 0.120131 0.991015 0.058801 0.863469 -0.075076 -0.498784
1.354650 -29.175936 -168.609276 -513.932658 -0.444932 0.313937 -0.838736 0.089100 0.947416 0.307350 0.891121 0.062019 -0.449508
1.130411 -26.121364 -124.141780 926.259652 -0.443996 0.306656 -0.841921 0.103095 0.950856 0.291965 0.890078 0.042833 -0.453791
0.655966 -28.212640 -121.052281 -1096.236160 -0.444826 0.299423 -0.844083 0.073923 0.951518 0.298577 0.892561 0.070418 -0.445395
-12.432423 -45.089938 642.095003 -6047.710372 0.206390 -0.689730 0.694028 0.973315 0.072006 -0.217884 0.100306 0.720477 0.686186
-10.721608 -35.216446 288.360934 -4570.729730 0.363392 -0.636158 0.680624 0.931462 0.233947 -0.278654 0.018038 0.735236 0.677572
-1.772588 -63.796056 -74.698556 -1024.174641 -0.095940 0.373283 -0.922743 0.796061 0.585295 0.154005 0.597564 -0.719785 -0.353309
-1.869285 -60.871191 -0.151194 -1308.584561 -0.119946 0.349760 -0.929129 0.863453 0.498636 0.076238 0.489962 -0.793114 -0.361810
-1.817058 -61.124788 73.698297 -651.406765 -0.121272 0.352803 -0.927805 0.914992 0.402095 0.033302 0.384815 -0.844896 -0.371575
-1.532306 -68.490923 91.568206 -1850.378712 -0.095976 0.376783 -0.921316 0.752820 0.633008 0.180453 0.651192 -0.676266 -0.344403
-1.788291 -61.227953 34.528781 73.089675 -0.123937 0.361792 -0.923984 0.909620 0.413520 0.039906 0.396523 -0.835529 -0.380344
-1.208988 -66.003019 -190.664087 -2557.984955 -0.061390 0.411449 -0.909363 0.667586 0.694223 0.269040 0.741997 -0.590562 -0.317296
-1.023776 -72.080158 -317.963271 -2443.976126 -0.055312 0.409033 -0.910842 0.628559 0.723057 0.286534 0.775793 -0.556668 -0.297095
-0.837000 -75.130390 311.432211 -2289.571409 -0.076643 0.408039 -0.909742 0.626169 0.729748 0.274556 0.775911 -0.548609 -0.311431
-5.586422 -46.186763 160.387417 -1669.116184 -0.071379 0.608660 -0.790214 0.627204 0.643400 0.438921 0.775577 -0.464296 -0.427679
-5.424946 -47.647360 421.116958 -1954.763696 -0.085534 0.622419 -0.777996 0.531596 0.688934 0.492722 0.842668 -0.371435 -0.389803
-4.934315 -46.992645 -360.535480 -2356.086646 -0.063026 0.580953 -0.811493 0.577311 0.684485 0.445189 0.814088 -0.440425 -0.378531
-5.180523 -41.849434 -88.990740 -398.280730 -0.061557 0.589229 -0.805617 0.676423 0.618149 0.400429 0.733936 -0.520289 -0.436620
-3.043712 -78.271554 -356.487726 5216.732193 0.793686 -0.309777 -0.523546 -0.504008 0.147070 -0.851086 -0.340645 -0.939366 0.039403
-2.034321 -61.529420 471.883744 2542.277964 0.809048 -0.287448 -0.512654 -0.409030 0.350993 -0.842317 -0.422061 -0.891166 -0.166395
5.006097 -52.350366 25.323835 1332.054452 0.711552 -0.515766 -0.477157 0.360675 -0.314688 0.878001 0.602998 0.796842 0.037893
2.009326 -56.329858 104.771023 1448.380759 0.699903 -0.531431 -0.477197 0.503417 -0.106898 0.857406 0.506663 0.840330 -0.192713
3.889268 -52.359701 77.519138 1364.952985 0.699482 -0.526631 -0.483099 0.405124 -0.264679 0.875111 0.588727 0.807839 -0.028212
-1.100932 -57.142843 230.663911 -1828.862885 0.749544 -0.433869 -0.499942 -0.018142 0.741503 -0.670705 0.661706 0.511792 0.547917
-13.365007 -30.735616 509.991121 571.443038 0.692972 -0.194303 0.694288 -0.691646 0.092667 0.716268 0.203511 0.976555 0.070173
-14.925223 -29.225479 217.932049 15.204812 0.627745 -0.137251 0.766223 0.762433 -0.090053 -0.640771 0.156947 0.986434 0.048114
33.673282 -20.535985 1080.036933 -3443.340703 0.461964 -0.274190 -0.843451 0.484658 0.874501 -0.018834 0.742762 -0.400085 0.536876
28.309859 -22.459876 -5172.951926 148.731233 0.687081 0.669610 -0.282031 0.086153 -0.460505 -0.883466 0.721455 -0.582715 0.374094
17.123340 -32.172374 265.226415 -185.704231 -0.860559 0.277640 0.427031 0.240790 0.960535 -0.139260 -0.448842 -0.017017 -0.893449
16.268190 -34.422490 531.929193 -660.775816 -0.846353 0.306343 0.435707 0.316424 0.947227 -0.051343 -0.428442 0.094414 -0.898623
11.610720 -40.074555 1616.952018 -1279.499486 -0.784218 0.371550 0.496944 0.426257 0.904595 -0.003670 -0.450897 0.208948 -0.867775
6.053939 -43.228323 2240.783763 -1344.251142 -0.725856 0.408874 0.553132 0.475972 0.879099 -0.025226 -0.496572 0.244965 -0.832712
2.734034 -183.619760 517.196419 -7416.962992 0.715506 -0.292394 -0.634473 0.691780 0.423196 0.585104 -0.097426 0.857561 -0.505071
2.862195 -147.785419 -30.566285 -7173.469088 0.732482 -0.285612 -0.617977 0.623641 0.645546 0.440842 -0.273022 0.708305 -0.650970
-0.483458 -196.992400 -2844.226468 -32349.803092 0.973617 -0.157635 -0.164990 0.205601 0.292354 0.933947 0.098987 0.943229 -0.317051
-4.760093 -99.317687 -2497.641108 -8062.924472 0.952375 -0.208487 -0.222520 0.301851 0.541150 0.784884 0.043221 0.814672 -0.578309
20.803843 -73.215614 -719.604088 5776.384357 0.793996 0.458584 -0.399089 -0.426312 0.888025 0.172251 0.433392 0.033370 0.900587
25.632436 -83.802810 1108.712884 2770.446001 0.735464 0.474854 -0.483328 -0.345146 0.876404 0.335841 0.583067 -0.080180 0.808458
-1.105279 -22.619064 378.371473 -78.004287 0.735789 -0.256420 0.626788 0.332956 0.942929 -0.005105 -0.589708 0.212449 0.779173
-0.084075 -22.960392 164.122118 -246.087894 0.736326 -0.263095 0.623382 0.338209 0.941068 -0.002313 -0.586036 0.212536 0.781914
