17696
35381
-35.820253 -55.412700 853.339040 -5613.418010 0.721728 -0.692166 0.003785 -0.214046 -0.228382 -0.949750 -0.658249 -0.684652 0.312985
-38.372863 -62.436189 -693.251263 4007.592207 -0.647333 0.755617 0.100015 0.212499 0.052897 0.975729 -0.731986 -0.652874 0.194810
-44.447820 -69.452915 -496.267590 -6348.095926 0.727910 -0.636473 0.255048 0.065562 -0.305656 -0.949882 -0.682531 -0.708150 0.180762
-33.872706 -52.981660 -1107.799651 4167.848435 -0.562302 0.783820 0.263521 0.404570 -0.017170 0.914346 -0.721207 -0.620751 0.307455
-32.627207 -70.884962 2888.949637 -13610.080117 0.775135 -0.499060 0.387435 0.109855 -0.497424 -0.860524 -0.622172 -0.709583 0.330746
-26.983076 -49.703635 3642.666624 -6961.586118 0.804593 -0.566376 0.178462 -0.116495 -0.445235 -0.887803 -0.582288 -0.693530 0.424213
-29.465006 -43.672524 1384.772704 -4395.605956 0.592280 -0.751106 -0.291625 -0.493084 -0.051634 -0.868448 -0.637239 -0.658160 0.400940
63.927092 -75.397057 -12630.579797 -13132.426913 0.864554 -0.195587 0.462918 0.410466 -0.256625 -0.875021 -0.289939 -0.946514 0.141584
63.082992 -100.369025 -11409.323040 -17231.933103 0.894956 -0.201015 0.398304 0.390597 -0.078419 -0.917215 -0.215609 -0.976444 -0.008334
41.887590 -78.049060 -5988.897876 -10281.615070 0.870685 -0.294662 0.393804 0.364924 -0.149786 -0.918910 -0.329754 -0.943789 0.022888
45.302061 -96.732346 -6529.258100 -9841.350952 0.903690 -0.276635 0.326830 0.357403 0.066961 -0.931547 -0.235814 -0.958639 -0.159382
39.971964 -76.616682 755.771562 -5769.133229 0.861065 -0.365165 0.353868 0.357593 -0.059911 -0.931954 -0.361518 -0.929013 -0.078993
-30.200067 -39.508962 660.439258 1342.320764 0.725473 -0.683255 -0.082768 -0.688142 -0.717968 -0.104797 -0.012178 -0.132984 0.991043
-32.098459 -44.762340 1279.698003 -598.614161 0.760493 -0.645243 -0.072879 0.647053 0.762443 0.001616 0.054523 -0.048385 0.997340
-33.562651 -43.244264 -706.374051 -468.734184 0.784971 -0.619371 0.014160 0.617845 0.784313 0.055867 -0.045708 -0.035105 0.998338
4.882623 -27.845479 -173.099849 -1469.000103 -0.425277 0.845548 0.322783 -0.006436 -0.359457 0.933140 -0.905040 -0.394765 -0.158310
6.715336 -31.118048 90.729651 -2510.789039 -0.427457 0.825044 0.369571 0.064372 -0.379986 0.922750 -0.901741 -0.418225 -0.109318
4.607303 -25.690780 54.585435 -1468.774635 -0.428821 0.823077 0.372365 0.023028 -0.402094 0.915309 -0.903096 -0.401078 -0.153473
3.585278 -23.845322 -128.095640 -750.907577 -0.427703 0.850287 0.306728 -0.048638 -0.360489 0.931495 -0.902610 -0.383485 -0.195539
2.862694 -23.189048 362.971696 -834.238124 -0.429694 0.827285 0.361887 -0.025414 -0.411693 0.910968 -0.902617 -0.382241 -0.197927
49.464871 -74.002326 755.423914 -8022.120521 0.093437 -0.346038 0.933556 0.152677 0.931548 0.330013 -0.983849 0.111697 0.139873
57.457742 -81.259758 -4782.326362 -9390.113586 0.190723 -0.285278 0.939277 0.172645 0.951674 0.253987 -0.966343 0.113721 0.230758
65.657417 -62.161616 -2723.997604 -6651.675713 0.183331 -0.335831 0.923909 0.026412 0.941181 0.336868 -0.982696 -0.037356 0.181417
-4.482458 -40.191098 2121.743329 5436.691748 0.796873 -0.479949 -0.366936 -0.604113 -0.639374 -0.475655 0.006319 -0.600708 0.799443
-3.101903 -41.034625 -29.468925 4881.038778 0.796940 -0.487803 -0.356278 -0.603994 -0.652064 -0.458261 0.008774 -0.580397 0.814287
-5.499241 -41.605783 798.145079 2606.775861 0.794367 -0.490973 -0.357668 -0.601164 -0.719843 -0.347028 0.087084 -0.490685 0.866975
-7.046857 -45.597948 984.041843 -2161.120815 0.807575 -0.473936 -0.351009 -0.558539 -0.805702 -0.197175 0.189360 -0.355286 0.915377
-9.287458 -44.335782 751.652898 -1763.106450 0.800297 -0.499542 -0.331636 -0.580196 -0.784744 -0.218059 0.151319 -0.366926 0.917860
-5.745803 -44.635863 532.267886 158.973184 0.889685 -0.455505 0.031228 0.448021 0.857795 -0.251923 -0.087964 -0.238123 -0.967243
-3.959468 -44.084118 395.338735 1038.859874 0.891201 -0.452139 0.036487 0.444554 0.854588 -0.268422 -0.090183 -0.255438 -0.962610
-6.150302 -43.176751 149.758768 2463.566377 0.874816 -0.483526 0.029993 0.468545 0.828725 -0.306073 -0.123138 -0.281810 -0.951536
-3.908609 -44.302503 863.290654 -757.190260 0.901115 -0.431320 0.044221 0.431695 0.883016 -0.184178 -0.040392 -0.185056 -0.981898
-0.672687 -48.325860 -86.490391 -2092.781115 0.830169 -0.556257 -0.037395 0.398775 0.545588 0.737097 0.389613 0.626827 -0.674751
-0.454514 -53.135264 132.961577 -1114.296854 0.837877 -0.545507 -0.019593 0.320564 0.462687 0.826534 0.441815 0.698815 -0.562545
1.381263 -48.583011 1276.136602 -1752.711535 0.826933 -0.562179 -0.011718 0.379737 0.542960 0.748996 0.414707 0.623819 -0.662471
0.492583 -44.517160 1047.820627 -1925.619560 0.836545 -0.547867 -0.005819 0.425691 0.643234 0.636426 0.344934 0.534876 -0.771316
-1.556682 -43.350017 87.415584 -3126.367359 0.832857 -0.552410 -0.034517 0.436943 0.617928 0.653641 0.339749 0.559471 -0.756017
0.639103 -61.640507 -72.131125 -896.962107 0.926735 -0.375272 -0.018244 0.341542 0.821216 0.457115 0.156560 0.429855 -0.889221
1.558117 -59.913033 -764.012408 -786.442800 0.915190 -0.401147 -0.038842 0.361813 0.775330 0.517643 0.177536 0.487795 -0.854714
1.883414 -62.357155 234.931511 406.200681 0.903688 -0.426107 -0.042202 0.358348 0.698651 0.619252 0.234383 0.574734 -0.784057
-11.129293 -91.246204 -308.150382 1777.699363 0.853541 -0.502793 -0.136626 0.497228 0.707707 0.501912 0.155667 0.496337 -0.854060
-14.001815 -90.579682 1579.022928 2360.830156 0.827003 -0.551337 -0.109968 0.492660 0.616481 0.614196 0.270836 0.562119 -0.781454
-12.150143 -95.000723 1148.616384 1057.147243 0.839315 -0.533760 -0.103198 0.522258 0.738917 0.425732 0.150985 0.411219 -0.898945
-12.599242 -86.452098 -555.987117 3346.429691 0.849729 -0.505749 -0.148924 0.460472 0.574361 0.676812 0.256761 0.643682 -0.720935
-8.900499 -93.378055 -462.186357 -353.913037 0.859869 -0.492913 -0.132900 0.508778 0.805934 0.302681 0.042087 0.327883 -0.943780
-10.058868 -91.637077 -2576.464585 616.383062 0.873821 -0.453799 -0.174651 0.482977 0.768436 0.419808 0.056300 0.451190 -0.890650
-12.670408 -87.779452 -2513.439740 3086.450691 0.866497 -0.467151 -0.175935 0.471901 0.651654 0.593849 0.162768 0.597592 -0.785105
-3.496138 -38.800271 -193.236651 -2387.497201 0.977227 -0.208146 0.041271 0.211471 0.971371 -0.108251 0.017558 -0.114514 -0.993267
-2.999411 -43.182347 -1325.347484 -4827.276542 0.980336 -0.196557 0.017496 0.197277 0.978324 -0.062964 0.004741 -0.065177 -0.997862
-3.823029 -34.456128 -24.624991 -1541.273739 0.979218 -0.196724 0.049319 0.202179 0.966056 -0.160810 0.016010 -0.167439 -0.985752
-5.264321 -38.047082 636.088689 2379.187261 0.951185 -0.299227 0.075564 0.307799 0.937636 -0.161551 0.022511 -0.176923 -0.983967
-17.393131 -33.052561 -2547.245083 3463.072018 0.157132 -0.855344 -0.493655 0.884245 -0.100751 0.456026 -0.439796 -0.508168 0.740503
-24.312213 -37.928350 -2563.218709 800.571736 -0.211232 -0.711243 -0.670458 0.902755 -0.404928 0.145142 -0.374718 -0.574601 0.727613
-18.153285 -30.821129 -1883.218906 -1354.357369 -0.406909 -0.636881 -0.654835 0.840733 -0.541434 0.004164 -0.357202 -0.548847 0.755761
-13.572041 -28.267869 -1577.136024 -2315.042493 -0.606275 -0.508861 -0.611139 0.724402 -0.670462 -0.160382 -0.328133 -0.539946 0.775104
-15.466518 -23.898483 -1211.261597 -516.765985 -0.240716 -0.756019 -0.608680 0.890964 -0.420883 0.170412 -0.385018 -0.501291 0.774899
76.333370 -32.364257 -10788.800554 -2386.112663 -0.569105 0.444013 -0.692078 0.811498 0.167526 -0.559827 -0.132630 -0.880220 -0.455656
92.814551 -39.002502 -9385.718274 -1853.811342 -0.575943 0.517288 -0.633011 0.811898 0.271539 -0.516806 -0.095450 -0.811591 -0.576376
83.007732 -32.672353 3295.374625 -650.381118 -0.565530 0.636183 -0.524830 0.791552 0.240017 -0.561995 -0.231563 -0.733255 -0.639308
80.740457 -40.151837 -23771.237582 -3480.357239 -0.553967 0.276113 -0.785418 0.831295 0.235001 -0.503710 0.045493 -0.931953 -0.359714
71.923608 -27.889726 3417.793514 -1938.122189 -0.577713 0.634512 -0.513461 0.746412 0.156096 -0.646918 -0.330328 -0.756986 -0.563787
72.133479 -27.295612 -6284.596375 -1638.839219 -0.581436 0.477199 -0.658948 0.781327 0.101683 -0.615783 -0.226848 -0.872893 -0.431970
62.153071 -28.153597 -15085.765503 -2279.956827 -0.548589 0.333718 -0.766605 0.825914 0.073662 -0.558964 -0.130066 -0.939791 -0.316032
51.411070 -32.831169 -17718.465878 -2970.337400 -0.527530 0.272733 -0.804567 0.848711 0.127467 -0.513265 -0.037428 -0.953608 -0.298715
1692.037340 -3.390258 662322.367928 3973.608271 -0.552913 0.447007 -0.703187 0.061799 0.863595 0.500384 0.830944 0.233213 -0.505118
227.058272 -28.145906 68941.907032 2019.532405 -0.640999 0.740224 -0.202950 -0.267139 -0.463041 -0.845121 0.719553 0.487506 -0.494552
457.166018 -21.211641 129514.759445 -1254.437037 -0.698930 0.660664 -0.273899 -0.203983 -0.551214 -0.809045 0.685484 0.509595 -0.520024
657.795166 -28.873339 174933.761566 3926.946464 -0.693449 0.665839 -0.275296 -0.283699 -0.603549 -0.745146 0.662302 0.438620 -0.607428
2478.280519 10.169429 829315.322666 -2926.887809 -0.378307 0.487692 -0.786791 0.138521 0.870215 0.472798 0.915257 0.069876 -0.396764
-11.513183 -82.479391 466.012768 -1834.519866 0.884713 -0.448229 -0.127959 0.430697 0.891037 -0.143367 0.178277 0.071727 0.981363
-12.195002 -83.319060 -176.744338 -701.871717 0.880345 -0.453717 -0.138321 0.406576 0.871991 -0.272630 0.244311 0.183771 0.952124
-12.858091 -85.856200 288.781749 547.322469 0.891246 -0.435945 -0.125034 -0.368800 -0.857120 0.359629 0.263947 0.274405 0.924680
-10.427872 -87.203510 73.409733 -2418.441602 0.897944 -0.426164 -0.109914 0.403422 0.896835 -0.181489 0.175919 0.118625 0.977231
12.915582 -98.220295 2265.743386 1542.925774 0.072057 0.390704 -0.917692 0.942886 -0.326700 -0.065057 -0.325228 -0.860591 -0.391930
19.438852 -97.872215 3963.325273 1451.631792 0.086622 0.357756 -0.929789 0.945855 -0.322587 -0.036003 -0.312818 -0.876327 -0.366328
22.370988 -88.784965 4724.602093 9195.724438 0.095288 0.377319 -0.921168 0.994884 -0.067302 0.075346 -0.033567 -0.923634 -0.381802
-0.321666 -165.170248 -113.133610 8234.647024 -0.217522 -0.408847 0.886301 0.963162 0.057194 0.262769 -0.158124 0.910809 0.381345
1.333635 -191.985842 -463.608740 7881.737406 -0.196098 -0.398236 0.896077 0.849310 0.387773 0.358198 -0.490121 0.831289 0.262184
1.407333 -187.137660 84.542728 8588.956966 -0.205315 -0.410402 0.888491 0.923643 0.218934 0.314566 -0.323619 0.885233 0.334115
0.500305 -179.988415 -357.973178 1330.297452 -0.231888 -0.405380 0.884248 0.972640 -0.109817 0.204723 0.014115 0.907528 0.419754
-1.267349 -167.163936 476.170584 3714.930030 -0.259853 -0.410246 0.874171 0.947856 -0.281339 0.149725 0.184515 0.867494 0.461961
-2.058375 -190.402324 2590.044111 9499.643006 -0.233935 -0.432528 0.870743 0.971292 -0.143763 0.189537 0.043200 0.890085 0.453742
0.391654 -83.529319 1441.871285 -1093.212437 -0.318574 -0.502280 0.803881 0.932585 -0.317901 0.170948 0.169691 0.804148 0.569694
-1.827405 -88.136217 -77.640105 -2576.381648 -0.277961 -0.491125 0.825550 0.932196 -0.345332 0.108429 0.231837 0.799714 0.553814
0.204539 -91.041906 412.714445 3286.241555 -0.282000 -0.492727 0.823223 0.954437 -0.231363 0.188470 0.097599 0.838863 0.535521
-13.503752 -36.667385 -293.110878 -591.397465 0.773860 -0.513359 0.370949 0.127232 0.699752 0.702965 -0.620446 -0.496800 0.606825
-13.305727 -36.162565 447.786184 -834.066097 0.779465 -0.547090 0.305168 0.152082 0.637828 0.755015 -0.607705 -0.542097 0.580367
-15.298968 -38.842753 251.792936 -541.174479 0.776418 -0.564060 0.281090 0.250080 0.685153 0.684124 -0.578476 -0.460871 0.673025
-18.647278 -39.926044 1055.114342 -1710.348272 0.764943 -0.603049 0.226262 0.345905 0.680951 0.645488 -0.543334 -0.415497 0.729486
-17.136972 -38.751192 -375.506566 -577.758893 0.770547 -0.543751 0.332553 0.246141 0.735127 0.631667 -0.587938 -0.404874 0.700289
-14.615483 -38.004695 -828.165014 20.789590 0.764314 -0.512122 0.391862 0.168675 0.745303 0.645036 -0.622393 -0.426913 0.656028
5.302668 -56.467019 -3483.677462 6493.702521 -0.517460 0.345735 0.782753 -0.425081 0.690037 -0.585794 -0.742658 -0.635859 -0.210102
16.461386 -72.651760 3356.810407 7071.742396 0.550568 -0.429225 -0.715989 -0.493146 0.524803 -0.693822 -0.673560 -0.735083 -0.077269
11.977280 -71.521974 2313.670631 -5130.864854 0.498082 -0.311798 -0.809133 0.600950 -0.548569 0.581319 -0.625119 -0.775793 -0.085858
58.618892 -1435.267894 20307.716483 195100.750516 0.278669 0.371327 -0.885697 0.957248 -0.181897 0.224921 -0.077586 -0.910511 -0.406141
97.096697 -1295.772490 56180.979375 478632.765532 0.169459 0.202027 -0.964608 0.911444 0.340201 0.231371 0.374904 -0.918394 -0.126486
-17.094738 -577.923901 16258.290971 168430.737867 0.361034 0.310134 -0.879472 0.617786 0.626912 0.474681 0.698567 -0.714701 0.034741
-23.713422 -192.461782 16557.568301 77678.902880 0.304801 0.245223 -0.920305 0.450953 0.813949 0.366237 0.838891 -0.526643 0.137508
-11.279354 -526.184165 -23110.764512 164687.778771 0.667806 0.334219 -0.665081 0.079249 0.856519 0.509995 0.740105 -0.393284 0.545502
26.109003 -869.577128 11015.460828 225708.390872 0.296569 0.451143 -0.841734 0.658185 0.542081 0.522437 0.691982 -0.708956 -0.136171
-2105.123317 -7391.679947 663288.654668 -6591445.031458 0.044409 0.459152 -0.887247 -0.007478 0.888251 0.459298 0.998985 -0.013762 0.042880
-269.434046 -2255.737528 93892.713177 14573221.678321 -0.036097 0.269805 -0.962238 0.991152 -0.113398 -0.068977 -0.127727 -0.956214 -0.263324
-591.870199 -3884.629727 190808.736534 1995557.199430 0.081821 0.316902 -0.944922 0.013570 0.947659 0.318995 0.996555 -0.038923 0.073238
-1.835694 -28.420510 1231.232900 -820.039816 -0.362438 0.930636 0.050550 -0.240407 -0.145753 0.959667 -0.900468 -0.335667 -0.276558
-6.848907 -34.341593 3226.833275 -1579.529491 -0.363667 0.925410 0.106595 -0.176957 -0.180977 0.967437 -0.914567 -0.332962 -0.229573
-0.538970 -33.045306 1997.853667 -1782.969330 -0.374428 0.910542 0.175264 -0.108662 -0.230798 0.966915 -0.920867 -0.342996 -0.185358
-7.522680 -31.640334 2631.640848 -991.840576 -0.332747 0.941986 -0.044065 -0.301892 -0.062139 0.951315 -0.893387 -0.329850 -0.305055
-10.111720 -40.967720 -1407.365943 -621.789655 0.741809 -0.493653 0.453901 0.396172 0.868705 0.297321 -0.541079 -0.040733 0.839985
-7.813927 -40.724295 -2687.950815 -45.424909 0.736050 -0.495143 0.461589 0.447570 0.867543 0.216911 -0.507850 0.046936 0.860166
-3.648175 -40.993235 -3358.840041 -584.155240 0.718396 -0.512096 0.470813 0.395601 0.857465 0.329020 -0.572195 -0.050112 0.818585
-9.037889 -40.972809 -1454.778883 -386.021728 0.733152 -0.503536 0.457099 0.362501 0.858048 0.363793 -0.575396 -0.101017 0.811612
-11.708376 -33.374296 1157.652583 -503.353169 0.986190 -0.163211 0.028129 -0.164073 -0.939665 0.300182 0.022561 0.300651 0.953467
-13.588395 -34.500765 1369.913934 -568.263397 0.985995 -0.156405 0.057896 -0.166776 -0.925733 0.339418 -0.000509 0.344320 0.938852
-13.541850 -33.332143 1057.926794 737.854616 0.974287 -0.214070 0.070276 -0.224562 -0.948004 0.225522 -0.018345 0.235504 0.971700
-3.806310 -52.107006 577.127966 -2150.935919 0.832529 -0.552243 -0.043861 0.370042 0.495438 0.785882 0.412267 0.670500 -0.616819
-4.615952 -55.286641 -107.792358 -2466.120182 0.834552 -0.546781 -0.067483 0.352682 0.436121 0.827897 0.423247 0.714724 -0.556805
-2.102149 -56.912622 -173.428501 -2797.243944 0.835341 -0.547869 -0.045233 0.313959 0.407912 0.857343 0.451260 0.730375 -0.512754
-1.956865 -54.827015 909.160559 -2133.671726 0.828730 -0.559245 -0.021251 0.331100 0.459327 0.824252 0.451197 0.690119 -0.565824
-1.555530 -57.865084 1167.098290 -2400.027420 0.824624 -0.565343 -0.019556 0.275021 0.370463 0.887198 0.494327 0.736983 -0.460974
-1.458349 -55.082013 -611.318476 769.639730 0.838412 -0.541536 -0.061671 0.236346 0.259271 0.936440 0.491126 0.799698 -0.345366
-25.388234 -26.209216 -133.580075 1943.829402 0.511549 0.055303 -0.857473 0.781982 -0.443557 0.437906 -0.356121 -0.894538 -0.270147
-24.073789 -26.341987 2378.405675 -1216.520942 0.945691 -0.278969 -0.166869 -0.065603 0.338984 -0.938502 -0.318379 -0.898480 -0.302273
-20.097031 -23.102225 2290.948526 -658.508092 0.919571 -0.341720 0.193952 0.260432 0.160455 -0.952066 -0.294220 -0.926003 -0.236544
-23.320136 -25.180941 -1291.599228 1204.081451 -0.331696 0.354431 -0.874275 0.867160 -0.250396 -0.430507 -0.371499 -0.900933 -0.224293
6.484722 -140.309720 -1397.967910 816.987708 0.801402 -0.536867 -0.263683 -0.581907 -0.597851 -0.551323 -0.138344 -0.595271 0.791526
6.136394 -122.077615 -316.103835 8458.080215 0.836327 -0.498650 -0.227827 -0.542448 -0.692468 -0.475645 -0.079417 -0.521379 0.849621
9.908328 -136.078732 -663.132507 6363.101057 0.831637 -0.505592 -0.229690 -0.555260 -0.750979 -0.357376 -0.008194 -0.424745 0.905276
-19.632371 -62.833307 1513.887872 -15336.997981 0.180817 0.765180 0.617903 -0.086718 0.638216 -0.764958 0.979686 -0.084734 -0.181756
-25.377782 -52.026951 -2725.352337 -7569.157489 -0.247470 -0.657228 -0.711906 -0.001622 0.735041 -0.678021 0.968894 -0.166635 -0.182967
-25.727760 -95.778446 -449.126067 -28961.731689 0.181030 0.875228 0.448558 -0.150354 0.475362 -0.866847 0.971916 -0.089483 -0.217649
-17.228740 -112.229409 3026.969673 27653.972588 -0.023409 0.990390 0.136308 -0.245429 0.126480 -0.961128 0.969132 0.055953 -0.240110
-14.376876 -52.731396 2577.705072 6257.794916 0.044897 0.906277 0.420292 -0.238602 0.418268 -0.876425 0.970079 0.060934 -0.235018
-6.277490 -59.217283 2408.552297 -1446.668528 -0.022914 0.959834 0.279632 -0.277581 0.262600 -0.924116 0.960429 0.098796 -0.260415
-8.428363 -143.385299 2706.851054 33503.374920 -0.069249 0.994332 0.080675 -0.240083 0.061882 -0.968778 0.968279 0.086455 -0.234437
-0.771451 -59.586038 2678.272499 7246.280974 -0.046598 0.984996 0.166169 -0.292026 0.145650 -0.945255 0.955275 0.092573 -0.280857
7.018759 -58.835930 2418.304999 -11339.169206 -0.022782 0.948710 0.315326 -0.333058 0.290188 -0.897142 0.942631 0.125460 -0.309365
5.415942 -28.470124 2689.226453 -1771.292660 -0.705225 0.623520 -0.337463 -0.007211 0.469649 0.882824 -0.708947 -0.625023 0.326711
5.147427 -31.719063 2671.500764 -1284.604429 -0.703735 0.606200 -0.370511 0.010213 0.530085 0.847883 -0.710389 -0.592901 0.379231
12.241136 -31.636974 2985.899318 -1678.595506 -0.714374 0.641511 -0.279525 0.061206 0.455207 0.888280 -0.697083 -0.617455 0.364452
0.523825 -28.688494 1204.487895 -1470.928967 -0.709992 0.581801 -0.396762 -0.059842 0.511530 0.857179 -0.701663 -0.632333 0.328366
12.081427 -38.243187 546.835341 -3593.264205 -0.592786 0.784020 0.184165 0.507847 0.541375 -0.670078 0.625057 0.303685 0.719082
10.682207 -38.519359 857.493581 -3130.335374 -0.539348 0.831923 0.130415 0.587314 0.482617 -0.649726 0.603462 0.273834 0.748898
7.102803 -39.519318 1141.069937 1529.974011 -0.614535 0.767327 0.183184 0.522682 0.569958 -0.633996 0.590890 0.293865 0.751327
22.263795 -37.298405 971.751055 2018.750975 -0.315135 -0.314946 0.895265 -0.699328 0.714781 0.005288 -0.641584 -0.624418 -0.445503
20.185033 -36.013153 -971.137173 2426.277522 -0.332856 -0.416137 0.846189 -0.696921 0.713054 0.076524 -0.635223 -0.564256 -0.527359
17.772018 -33.725877 1339.598691 1133.040452 -0.326629 -0.305341 0.894472 -0.633598 0.772980 0.032500 -0.701332 -0.556120 -0.445941
24.623501 -40.002831 932.899820 -1576.875541 0.349695 0.393509 -0.850214 0.750885 -0.660425 0.003173 -0.560254 -0.639523 -0.526428
18.362606 -36.614847 2761.701005 1551.305478 -0.320482 -0.236562 0.917240 -0.625263 0.780223 -0.017242 -0.711574 -0.579043 -0.397961
26.212007 -40.778422 -1037.637928 -1263.486187 0.319561 0.340694 -0.884199 0.755995 -0.654236 0.021140 -0.571273 -0.675206 -0.466631
22.912333 -42.117014 -1855.992570 -767.004988 0.277354 0.301935 -0.912091 0.762182 -0.647125 0.017547 -0.584939 -0.700046 -0.409612
16.978867 -40.210890 2581.195013 2055.050465 -0.304818 -0.219824 0.926695 -0.675601 0.735723 -0.047703 -0.671304 -0.640617 -0.372775
-5.316773 -47.213110 -10050.672045 5786.561398 -0.432816 0.894555 -0.111546 -0.188271 -0.210705 -0.959248 0.881603 0.394177 -0.259615
12.899661 -39.789997 -9700.685369 4340.174831 -0.451313 0.886203 -0.104693 -0.217724 -0.223128 -0.950163 0.865398 0.406027 -0.293648
-0.809942 -24.477776 -8204.979459 6602.837694 -0.446982 0.890485 -0.085107 -0.273388 -0.226573 -0.934839 0.851743 0.394589 -0.344722
-16.468362 -30.622369 -8279.680376 7783.555419 -0.431960 0.901702 -0.018571 -0.302675 -0.164332 -0.938820 0.849587 0.399912 -0.343908
-1.289224 -7.650740 -4633.009733 -3589.504644 -0.045913 0.962173 0.268541 -0.890796 0.082222 -0.446902 0.452077 0.259734 -0.853325
12.965573 -11.980286 6812.085944 -1042.764455 0.157708 0.894125 0.419129 -0.863162 0.330989 -0.381309 0.479665 0.301641 -0.823974
3.537539 -16.625871 4402.775084 -6013.958302 -0.284541 0.935487 0.209523 -0.854116 -0.148131 -0.498541 0.435342 0.320812 -0.841164
-6.463068 -13.630454 -1421.983722 -1827.864023 0.494792 0.714616 0.494474 -0.715096 0.658133 -0.235581 0.493779 0.237033 -0.836659
-7.268246 -36.048398 -4600.497368 -15510.024454 -0.793273 0.504342 -0.341111 0.394362 0.852443 0.343249 0.463893 0.137769 -0.875113
5.747318 -110.887186 375.149212 -1452.223110 -0.406788 0.095227 0.908546 -0.496450 0.811827 -0.307368 -0.766851 -0.576081 -0.282965
5.840810 -112.825911 557.431012 529.369373 -0.397938 0.093456 0.912640 -0.314524 0.920609 -0.231415 -0.861812 -0.379136 -0.336951
4.521903 -114.255673 -454.395225 -2685.708123 -0.416018 0.081420 0.905704 -0.489241 0.819514 -0.298396 -0.766533 -0.567245 -0.301099
3.867267 -105.812071 -274.476570 4066.832858 0.410150 -0.094500 -0.907109 0.636009 -0.683222 0.358748 -0.653659 -0.724070 -0.220120
-1.527926 -40.271824 450.296705 478.851038 -0.693760 0.596354 -0.403806 0.128273 0.654030 0.745513 0.708691 0.465410 -0.530236
-7.182786 -38.599114 139.024274 -246.801848 -0.672892 0.664324 -0.325409 -0.167171 -0.565076 -0.807925 0.720604 0.489247 -0.491290
-2.707344 -39.962566 250.573280 -146.214396 -0.670141 0.670431 -0.318485 -0.254826 -0.610827 -0.749636 0.697119 0.421204 -0.580184
4.688631 -42.423088 1470.993091 826.312922 -0.690533 0.620806 -0.371167 0.237842 0.679510 0.694044 0.683078 0.390981 -0.616878
3.233592 -41.459844 1915.482694 -1055.868469 -0.665043 0.690250 -0.285084 -0.354176 -0.627592 -0.693317 0.657479 0.360115 -0.661845
-9.536458 -15.423242 397.490923 1564.256215 0.927415 0.116056 -0.355572 -0.213860 0.944457 -0.249531 -0.306863 -0.307462 -0.900723
-6.826468 -14.851496 1261.723908 625.309481 -0.922066 0.312667 0.228108 0.211875 0.901003 -0.378554 -0.323887 -0.300722 -0.897031
-6.444906 -14.275002 -108.163194 535.390559 -0.945598 -0.032581 0.323701 -0.118898 0.960755 -0.250626 -0.302831 -0.275479 -0.912362
-11.097728 -16.244083 2463.290464 1225.372568 -0.923143 0.307211 0.231147 0.196969 0.894255 -0.401884 -0.330168 -0.325467 -0.886036
-4.555557 -16.115606 1237.714798 1364.438249 0.920202 0.182421 -0.346339 -0.269638 0.936786 -0.222995 -0.283767 -0.298587 -0.911220
-8.611131 -18.888134 1831.731439 2177.060971 0.875657 0.296775 -0.380984 -0.395457 0.893459 -0.212944 -0.277197 -0.337128 -0.899726
-14.016811 -18.301808 1055.497825 2492.132878 0.877349 0.253132 -0.407654 -0.366294 0.902086 -0.228186 -0.309978 -0.349520 -0.884166
-1.160500 -39.225569 1848.740902 902.222631 0.847063 -0.529674 0.043932 0.442384 0.656819 -0.610644 -0.294587 -0.536688 -0.790686
-5.490826 -39.511890 1237.852585 904.429660 0.798580 -0.596409 0.081038 0.520213 0.616209 -0.591324 -0.302735 -0.514376 -0.802352
-1.826830 -35.963258 1554.597714 2250.586162 0.821060 -0.566959 0.066469 0.511259 0.678564 -0.527414 -0.253919 -0.467021 -0.847004
3.220606 -34.172275 1848.271163 2406.580031 0.860917 -0.508148 0.024657 0.445714 0.730000 -0.518111 -0.245277 -0.457040 -0.854958
1.080847 -29.274737 1606.834381 3955.737507 0.829884 -0.554985 0.057312 0.520698 0.733500 -0.436864 -0.200414 -0.392389 -0.897700
7.427408 -53.657788 -230.545832 -953.542536 -0.596031 0.799728 -0.071991 -0.189082 -0.226925 -0.955381 0.780381 0.555824 -0.286469
6.736972 -52.401798 -334.570661 -3709.910481 -0.590850 0.802417 -0.083808 -0.211430 -0.254253 -0.943744 0.778585 0.539891 -0.319880
5.626446 -52.886539 -840.890955 -874.941622 -0.574837 0.813244 -0.090537 -0.193029 -0.242293 -0.950807 0.795174 0.529082 -0.296259
-5.831003 -72.238448 -2090.124367 1323.799940 -0.816862 0.574491 -0.051928 0.571635 0.818273 0.060523 0.077261 0.019755 -0.996815
-5.325486 -72.217951 -3201.342833 1394.302238 -0.794670 0.600944 -0.085827 0.591415 0.798310 0.113713 0.136852 0.039605 -0.989799
-4.581903 -85.573586 2241.856213 -1283.537410 0.811106 -0.583765 0.036410 0.582824 0.801423 -0.134306 -0.049223 -0.130157 -0.990271
-5.985257 -73.661366 488.232675 8341.713831 0.812196 -0.582969 0.022021 0.559030 0.788527 0.256340 0.166803 0.195888 -0.966336
-8.016785 -82.901308 -1352.785649 3891.303408 0.827332 -0.561318 -0.021080 0.561638 0.827253 0.014668 -0.009205 0.023974 -0.999670
-3.455544 -73.077212 -618.354730 3142.206938 0.804471 -0.593991 0.000749 -0.140501 -0.191512 -0.971382 -0.577136 -0.781343 0.237522
-4.983444 -80.713634 -1384.608427 436.467348 0.795968 -0.605339 0.000148 -0.240599 -0.316591 -0.917542 -0.555471 -0.730298 0.397640
-2.435226 -71.344716 -1529.384715 4144.950868 0.788943 -0.613874 0.026987 -0.082155 -0.148906 -0.985433 -0.608950 -0.775233 0.167911
-2.417239 -69.760812 -93.244458 7665.307818 0.811870 -0.583807 -0.006127 -0.041868 -0.047751 -0.997981 -0.582336 -0.810487 0.063210
17.173262 -7.604764 5528.371408 821.794793 -0.555754 -0.370763 0.744092 0.807514 -0.453522 0.377145 0.197631 0.810464 0.551443
7.938181 -10.390796 -2914.185363 1886.784120 0.719628 0.270913 -0.639329 0.668500 -0.519255 0.532430 0.187732 0.810543 0.554776
12.319994 -13.026552 4467.940574 2933.471420 -0.578314 -0.346537 0.738556 0.790285 -0.462669 0.401731 0.202493 0.815996 0.541431
24.057289 -8.203122 4076.259366 1361.538293 -0.431647 -0.377424 0.819288 0.872311 -0.405920 0.272586 0.229685 0.832334 0.504445
0.777154 -24.282696 1981.460588 4858.698644 -0.687001 -0.262689 0.677513 0.703667 -0.473164 0.530064 0.181333 0.840898 0.509910
12.330570 -20.908539 5109.928356 4898.460129 -0.516622 -0.370259 0.772017 0.833955 -0.421857 0.355747 0.193962 0.827614 0.526720
20.852437 -14.725405 4147.250210 2909.057768 -0.424774 -0.377832 0.822685 0.877892 -0.393829 0.272406 0.221073 0.837939 0.498984
31.555668 -27.458592 11740.239359 1646.579592 -0.620746 0.667449 0.411323 0.258589 0.669580 -0.696272 -0.740139 -0.325844 -0.588234
27.309447 -20.941159 9073.065959 3130.366681 -0.584770 0.748172 0.313502 -0.257141 -0.537500 0.803102 -0.769365 -0.389015 -0.506700
50.888167 -30.795387 13874.875066 3858.883266 -0.635623 0.715808 0.289141 -0.246401 -0.543053 0.802733 -0.731621 -0.438991 -0.521553
55.259652 -37.691223 11440.886205 2566.226120 -0.706918 0.622007 0.336710 0.272015 0.678526 -0.682356 -0.652897 -0.390780 -0.648858
8.984780 -69.917331 -863.199572 1915.362179 0.853603 -0.520054 0.030100 0.034612 -0.001033 -0.999400 -0.519773 -0.854133 -0.017119
12.161084 -70.434374 -828.865711 976.826639 0.858302 -0.511701 0.038459 0.023955 -0.034911 -0.999103 -0.512585 -0.858454 0.017706
11.799849 -69.630072 -1391.927390 1113.615504 0.856592 -0.515498 0.022653 0.119331 0.155198 -0.980650 -0.502007 -0.842719 -0.194456
-7.746927 -98.197469 -1038.711427 -653.412999 -0.521633 0.136693 0.842148 0.525810 0.828844 0.191157 -0.671880 0.542524 -0.504227
-7.180797 -96.122621 -1015.840887 -688.280097 -0.527464 0.105081 0.843054 0.404019 0.903958 0.140106 -0.747362 0.414510 -0.519260
-10.267695 -97.628536 -915.770234 -905.378144 -0.527554 0.093762 0.844331 0.547798 0.797201 0.253746 -0.649310 0.596388 -0.471929
33.476826 -94.340321 -1731.190040 -11394.467304 0.917276 -0.390917 -0.076079 -0.359415 -0.894864 0.264650 0.171536 0.215413 0.961339
31.303778 -100.473015 -1749.046587 9174.800932 0.918508 -0.392934 -0.044121 0.388449 0.917553 -0.084877 0.073834 0.060822 0.995414
29.655223 -85.710153 -4974.222144 -8049.538792 0.931447 -0.363875 0.001061 -0.352826 -0.902442 0.247211 0.088997 0.230638 0.968961
-6.303260 -117.521035 -1009.760979 1166.677969 0.412968 -0.108369 -0.904275 0.795226 -0.441066 0.416025 -0.443930 -0.890908 -0.095968
-9.941292 -123.119366 -393.458201 -2788.669375 0.463449 -0.098006 -0.880687 0.671491 -0.609660 0.421207 -0.578200 -0.786581 -0.216737
-10.044870 -132.909627 -97.701593 -952.096706 0.431448 -0.065981 -0.899721 0.812039 -0.406055 0.419180 -0.392994 -0.911464 -0.121612
-12.183259 -147.644021 -688.497590 -4460.773269 0.457588 -0.062911 -0.886936 0.745752 -0.516058 0.421353 -0.484218 -0.854240 -0.189226
-12.998340 -37.147671 234.082156 -754.812391 0.774900 -0.607455 0.174723 -0.122163 0.127283 0.984315 0.620166 0.784090 -0.024423
-12.847156 -35.848657 427.786482 -1612.285466 0.758720 -0.632461 0.156002 -0.073221 0.155164 0.985172 0.647288 0.758892 -0.071416
-10.654348 -34.697297 -458.355929 -2397.978524 0.776410 -0.580265 0.245926 -0.130081 0.234266 0.963431 0.616657 0.780008 -0.106405
-12.036060 -35.719637 -1209.191825 -1176.587313 0.781671 -0.546698 0.300186 -0.218121 0.211289 0.952775 0.584306 0.810234 -0.045912
-14.705086 -39.314071 -133.291744 -331.634786 0.777304 -0.589092 0.220837 -0.208755 0.089623 0.973853 0.593480 0.803081 0.053312
0.997959 -263.992618 2995.326424 -19407.440269 -0.385624 -0.166684 0.907475 0.901509 -0.277439 0.332129 0.196408 0.946174 0.257254
2.089728 -230.976812 2463.778712 -15543.274011 -0.404090 -0.128224 0.905688 0.905764 0.082122 0.415750 -0.127687 0.988339 0.082956
2.214424 -242.146858 -1005.339905 -12443.675571 -0.353756 -0.119960 0.927613 0.903112 -0.301890 0.305371 0.243405 0.945765 0.215133
9.779263 -103.090329 1277.222943 -361.119081 -0.378631 0.148622 0.913537 0.876474 0.374703 0.302310 -0.297375 0.915155 -0.272138
10.599170 -101.814862 1111.825109 -904.996985 -0.389386 0.158807 0.907281 0.874728 0.372282 0.310253 -0.288494 0.914433 -0.283874
7.880266 -99.948291 1072.488966 729.836637 -0.363180 0.159147 0.918026 0.921149 0.209326 0.328127 -0.139946 0.964808 -0.222621
8.008584 -105.834609 707.942966 -1994.977922 -0.367589 0.151700 0.917532 0.866147 0.415087 0.278374 -0.338627 0.897045 -0.283976
-2.432900 -24.760303 -2557.995769 1301.656665 0.994645 -0.074368 -0.071772 0.052133 -0.238605 0.969716 0.089241 0.968265 0.233450
-2.666215 -19.811002 -1594.765288 1292.020910 0.994715 -0.090719 -0.048079 0.017820 -0.308622 0.951018 0.101114 0.946849 0.305374
-5.762545 -22.224072 -1731.707101 1480.553377 0.993390 -0.113307 0.018386 -0.049278 -0.276288 0.959811 0.103674 0.954372 0.280045
-4.530060 -17.566775 -792.274936 1401.367565 0.992842 -0.119422 -0.001913 -0.038735 -0.337096 0.940673 0.112981 0.933865 0.339309
-7.754106 -23.028641 -578.837058 1669.276685 0.978114 -0.164046 0.127989 -0.166821 -0.250666 0.953592 0.124350 0.954073 0.272546
-9.664031 -26.055704 -129.986386 1390.185485 0.975463 -0.166452 0.144102 -0.175265 -0.190969 0.965822 0.133244 0.967380 0.215457
-6.619955 -19.672384 -621.963011 1975.382783 0.982769 -0.160836 0.091089 -0.138795 -0.316674 0.938325 0.122071 0.934799 0.333541
-7.340142 -72.417794 -1510.193484 -644.552294 0.778819 -0.627062 0.015312 0.581861 0.731366 0.355727 0.234262 0.268137 -0.934464
-9.100155 -72.686056 1099.871796 -571.961620 0.794334 -0.604621 0.058880 0.526651 0.733707 0.429315 0.302774 0.310010 -0.901233
-9.952369 -71.913230 -1928.028496 -212.014352 0.796977 -0.603745 0.017895 0.492559 0.666782 0.559274 0.349592 0.436914 -0.828789
-11.361895 -45.618660 -1603.835982 2889.156885 -0.644955 0.762591 0.049892 -0.320806 -0.329417 0.888013 -0.693626 -0.556723 -0.457103
-4.965228 -40.208900 3333.028690 733.139192 -0.634211 0.745011 0.206725 -0.197326 -0.414492 0.888402 -0.747555 -0.522643 -0.409886
-12.392496 -47.775791 -1445.734659 4441.956004 -0.644467 0.757375 0.105093 -0.301624 -0.378107 0.875247 -0.702627 -0.532370 -0.472121
-15.214501 -46.812304 -2790.823187 -143.377852 -0.639927 0.768383 0.009004 -0.475611 -0.405249 0.780748 -0.603562 -0.495339 -0.624781
-11.784560 -46.277738 -2361.178587 5121.742290 -0.641117 0.767439 0.002388 -0.386005 -0.325154 0.863293 -0.663302 -0.552550 -0.504697
7.097218 -179.826689 -3096.375172 7136.872195 -0.661180 0.745478 -0.084291 0.749002 0.662339 -0.017392 0.042864 -0.074633 -0.996289
8.511083 -199.335480 -1474.476346 -18875.113901 -0.660675 0.748037 -0.062840 -0.747445 -0.663280 -0.037235 0.069534 -0.022370 -0.997329
8.570926 -206.890367 -2851.336336 1345.594575 -0.679057 0.729646 -0.080617 0.707601 0.621366 -0.336459 -0.195404 -0.285520 -0.938241
4.440062 -169.870178 -2173.005933 -23004.717607 -0.644577 0.760279 -0.080597 -0.684245 -0.620696 -0.382813 0.341071 0.191604 -0.920304
23.490965 -222.303973 -550.401355 -41362.418111 -0.608303 0.767697 0.201519 -0.754496 -0.638118 0.153433 -0.246383 0.058711 -0.967393
18.252179 -193.818182 -3044.286397 -29061.087030 -0.642645 0.760463 0.093292 -0.750809 -0.649335 0.121034 -0.152620 -0.007737 -0.988255
22.428569 -142.326350 -3184.267043 19443.868161 -0.624066 0.773294 0.112063 0.781155 0.614066 0.112780 0.018398 0.157921 -0.987280
21.475238 -142.128112 2444.136620 19296.514349 -0.594849 0.759531 0.263187 0.802672 0.578873 0.143614 -0.043272 0.296681 -0.953996
18.198366 -156.451781 2720.089848 20835.868943 -0.581953 0.765516 0.274438 0.789660 0.612587 -0.034254 -0.194339 0.196779 -0.960994
0.220207 -39.333097 -791.434258 -237.667643 -0.403622 0.738835 0.539640 -0.313214 0.442599 -0.840240 0.859643 0.508162 -0.052771
0.369082 -38.857743 590.356900 -421.336601 -0.446409 0.748690 0.490084 -0.287451 0.398674 -0.870879 0.847402 0.529644 -0.037240
-1.838973 -36.346102 288.337936 -3222.299518 -0.445928 0.744925 0.496222 -0.319860 0.385162 -0.865644 0.835965 0.544736 -0.066517
-1.053748 -37.435159 951.247777 -3463.674040 -0.471499 0.759980 0.447347 -0.274001 0.355917 -0.893447 0.838220 0.543832 -0.040421
-3.436866 -38.998111 -576.147945 -1050.138025 -0.385680 0.703085 0.597430 -0.387952 0.463919 -0.796412 0.837105 0.538934 -0.093839
-47.927689 -71.678656 653.146759 2048.302832 -0.673512 0.727487 -0.130938 -0.064842 0.118310 0.990857 -0.736327 -0.675845 0.032511
-40.917840 -67.351080 443.954866 3188.393483 -0.573092 0.811492 0.114221 0.136527 -0.042888 0.989708 -0.808039 -0.582787 0.086212
-36.513919 -59.805869 -190.562903 3716.774513 -0.538227 0.810357 0.231587 0.303074 -0.070304 0.950370 -0.786421 -0.581703 0.207759
77.936469 -101.102838 -7897.840436 -22079.804021 0.886528 -0.054415 0.459464 0.444826 -0.172928 -0.878764 -0.127272 -0.983430 0.129100
67.034008 -115.764484 -12435.198808 -8418.497552 0.918687 -0.191958 0.345204 0.382178 0.211244 -0.899620 -0.099767 -0.958399 -0.267430
78.779668 -122.946163 -9294.052075 -18761.594239 0.907623 -0.096332 0.408583 0.415168 0.062025 -0.907628 -0.062092 -0.993415 -0.096289
-29.523045 -42.870417 1031.999858 -1514.918006 0.699373 -0.697053 -0.158098 0.705841 0.708370 -0.000789 0.112542 -0.111041 0.987423
-30.127070 -49.677986 1783.149809 -2209.546523 0.759561 -0.640879 -0.111087 0.634999 0.767628 -0.086742 0.140865 -0.004654 0.990018
6.113139 -34.331791 529.493659 -2577.768068 -0.412017 0.849524 0.329470 0.057257 -0.336735 0.939857 -0.909375 -0.406102 -0.090099
8.797427 -39.515073 -120.568357 -3855.856715 -0.429231 0.816771 0.385546 0.145305 -0.358862 0.922011 -0.891430 -0.451777 -0.035353
-4.678799 -40.647497 -2565.453469 374.155147 0.831600 -0.462780 -0.307044 -0.554765 -0.666299 -0.498278 -0.026010 -0.584705 0.810829
-3.985331 -41.859114 -137.494622 4514.538386 0.813966 -0.459155 -0.355860 -0.579506 -0.684410 -0.442443 0.040404 -0.566357 0.823169
-4.584548 -41.977888 460.680782 -521.938027 0.875993 -0.479501 0.052115 0.459198 0.796050 -0.394261 -0.147562 -0.369301 -0.917519
-2.323811 -41.494197 785.051463 635.537830 0.894252 -0.444093 0.055627 0.436417 0.837656 -0.328440 -0.099262 -0.317985 -0.942885
-4.889441 -45.218754 398.243221 -1648.910506 0.890579 -0.452534 0.045634 0.414674 0.766639 -0.490214 -0.186854 -0.455497 -0.870407
-6.153483 -44.482291 895.981506 -1101.416026 0.889070 -0.455015 0.050161 0.417698 0.761522 -0.495593 -0.187303 -0.461569 -0.867105
-3.245389 -42.522179 654.877485 -1400.156691 0.899538 -0.433683 0.052445 0.410431 0.797927 -0.441428 -0.149593 -0.418606 -0.895763
-0.524521 -55.579470 119.068315 -1234.535168 0.837683 -0.546055 -0.010562 0.267702 0.393662 0.879412 0.476049 0.739496 -0.475944
-1.729237 -56.464118 1111.398731 -1251.013389 0.828815 -0.559301 -0.015757 0.270610 0.376044 0.886206 0.489730 0.738765 -0.463023
0.013809 -57.413261 882.654226 1070.033522 0.830265 -0.556809 -0.024959 0.148535 0.177877 0.972778 0.537212 0.811371 -0.230391
-0.698053 -56.950066 -196.245456 -617.178267 0.837834 -0.545595 -0.018983 0.207064 0.285416 0.935768 0.505133 0.787949 -0.352104
-0.437811 -55.904719 1830.457845 1129.540593 0.815986 -0.577134 -0.032917 0.206972 0.238513 0.948828 0.539750 0.781043 -0.314074
2.232417 -57.358121 -308.976035 -650.153987 0.906980 -0.420248 -0.027907 0.374942 0.775467 0.508006 0.191847 0.471215 -0.860902
3.068960 -59.000574 -490.330864 -1075.324619 0.893055 -0.445903 -0.060190 0.381472 0.679402 0.626811 0.238604 0.582737 -0.776843
-12.743258 -93.871810 430.443643 2203.227613 0.819177 -0.564306 -0.102513 0.506637 0.628189 0.590507 0.268829 0.535666 -0.800495
-14.536554 -89.077614 1557.361749 2451.257565 0.810138 -0.575115 -0.113665 0.438863 0.466415 0.768021 0.388686 0.672086 -0.630257
-14.715206 -83.120230 1800.613713 3114.591168 0.824798 -0.550393 -0.129518 0.450863 0.501963 0.738076 0.341219 0.667159 -0.662170
-2.225547 -52.015649 -1519.817600 -6103.719538 0.971892 -0.235028 0.013710 0.234442 0.971504 0.034882 0.021517 0.030688 -0.999297
-4.612744 -59.719173 -1635.684080 -7178.287073 0.961364 -0.274521 0.020452 0.273165 0.960531 0.052551 0.034071 0.044934 -0.998409
-4.152684 -49.352310 -1933.974348 -5090.416900 0.979564 -0.200349 0.017733 0.200623 0.979548 -0.015354 0.014294 -0.018598 -0.999725
-3.703116 -40.474270 -939.748948 -5745.030819 0.982922 -0.179390 0.041039 0.182715 0.977907 -0.101552 0.021915 -0.107316 -0.993983
-2.298290 -31.011836 -556.052576 -5290.413623 0.989419 -0.140493 0.036230 0.144789 0.972146 -0.184302 0.009327 -0.187598 -0.982202
87.749821 -36.460484 10457.465686 -998.945430 -0.561901 0.693566 -0.450814 0.788350 0.283931 -0.545790 -0.250541 -0.662079 -0.706314
103.659175 -43.524561 -15655.124051 -2731.923866 -0.587090 0.452345 -0.671349 0.809464 0.337960 -0.480157 0.009692 -0.825328 -0.564570
98.800599 -40.922943 8574.942126 -3357.181635 -0.583767 0.661778 -0.470389 0.785771 0.314639 -0.532509 -0.204400 -0.680479 -0.703682
120.184266 -24.866062 15202.991388 7994.553971 -0.469606 0.860525 -0.197398 -0.292644 -0.362664 -0.884779 0.832964 0.357730 -0.422137
-11.469539 -79.471251 -272.212849 -949.360702 0.875550 -0.461734 -0.142176 0.454720 0.887000 -0.080379 0.163224 0.005726 0.986572
-12.431092 -80.072867 -679.922633 -1130.411529 0.866899 -0.473586 -0.155572 0.440276 0.873779 -0.206560 0.233760 0.110572 0.965987
31.424303 -94.150928 6933.553976 4674.797303 0.133422 0.321837 -0.937347 0.972251 -0.225895 0.060829 -0.192165 -0.919452 -0.343046
3.146254 -217.358365 -517.001099 14867.312310 -0.161040 -0.379625 0.911016 0.669758 0.635949 0.383396 -0.724907 0.671903 0.151844
1.564767 -233.819485 1786.788644 14655.823600 -0.131929 -0.382880 0.914329 0.730790 0.585634 0.350683 -0.669732 0.714447 0.202543
4.563141 -259.905933 -85.152490 6671.926084 -0.144569 -0.351001 0.925148 0.390635 0.838781 0.379276 -0.909123 0.416227 0.015851
1.865603 -97.018835 1708.666313 -5705.217251 -0.306361 -0.500909 0.809465 0.872502 -0.487786 0.028370 0.380635 0.714951 0.586483
3.584640 -89.743304 1695.110415 3263.483606 -0.322433 -0.496441 0.805967 0.926178 -0.341327 0.160281 0.195529 0.798149 0.569848
6.279044 -93.303742 2422.201885 -7375.467280 -0.309484 -0.497366 0.810461 0.890884 -0.449666 0.064242 0.332485 0.741908 0.582260
6.889278 -108.985746 2541.926639 -12545.038832 -0.302810 -0.496465 0.813528 0.817601 -0.573950 -0.045934 0.489729 0.651232 0.579708
