12075
24133
-39.802250 -58.154871 -1120.034179 7932.521898 -0.395052 0.880873 0.260762 0.198235 0.358905 -0.912080 0.897016 0.308627 0.316406
-49.249169 -73.550003 786.451817 6641.846106 -0.461959 0.841140 0.281206 0.332832 0.458309 -0.824121 0.822081 0.287116 0.491678
-40.699797 -83.633585 3822.958089 13576.240482 0.444650 -0.673527 -0.590464 0.137232 0.702662 -0.698165 0.885129 0.229408 0.404867
-41.192123 -63.349758 45.824692 5178.677723 -0.382764 0.918569 -0.098601 0.439255 0.087057 -0.894134 0.812741 0.385553 0.436808
-27.006168 -72.553240 -5489.309279 16727.649353 -0.334283 0.759045 0.558664 0.046410 0.605302 -0.794642 0.941329 0.239708 0.237570
-29.825948 -46.371349 -3297.349952 7585.635319 -0.319536 0.905406 0.279531 0.093788 0.323767 -0.941477 0.942921 0.274619 0.188372
-29.213955 -42.426519 -753.280855 4464.053027 -0.254612 0.920838 -0.295348 0.284680 -0.220508 -0.932917 0.924192 0.321611 0.206000
-35.276419 -50.547571 494.633634 3900.531892 -0.280940 0.899635 -0.334259 0.402914 -0.205546 -0.891858 0.871053 0.385237 0.304729
-55.878148 -71.591962 -377.989461 505.403342 -0.343384 0.606838 0.716823 0.915692 0.385995 0.111879 -0.208798 0.694807 -0.688220
-56.935564 -68.885432 -177.724813 1957.481187 -0.157252 0.604947 0.780584 0.987445 0.108324 0.114974 -0.015003 0.788863 -0.614386
-55.221160 -72.071086 -912.506973 3414.645713 -0.293524 0.693633 0.657812 0.955160 0.240807 0.172285 -0.038903 0.678885 -0.733213
-52.487030 -74.127419 -1220.015505 -1175.838758 -0.306352 0.745334 0.592137 0.933160 0.358023 0.032136 -0.188047 0.562403 -0.805196
-53.563461 -72.352298 -1584.635867 -3102.687696 -0.364070 0.681427 0.634910 0.856240 0.513114 -0.059723 -0.366478 0.521892 -0.770274
-57.149901 -72.133650 -847.646198 -256.360554 -0.371838 0.524891 0.765654 0.863240 0.498849 0.077246 -0.341400 0.689666 -0.638598
70.371859 -51.208898 6392.716608 -3813.389996 0.206382 -0.628028 -0.750325 -0.065947 0.756162 -0.651053 0.976247 0.183847 0.114642
75.718049 -54.453230 7190.216736 -5846.722222 0.216983 -0.516738 -0.828191 -0.236842 0.795187 -0.558197 0.947008 0.317270 0.050156
60.578962 -68.311939 7529.985939 -5401.432735 0.069326 -0.607244 -0.791485 -0.221724 0.764170 -0.605708 0.972642 0.217482 -0.081663
59.355538 -63.690288 11335.863223 -1416.871730 0.028605 -0.700438 -0.713140 -0.046119 0.711747 -0.700920 0.998526 0.052939 -0.011944
61.435332 -52.293894 -7935.017509 1526.610572 -0.141021 0.747755 0.648827 0.076338 0.661638 -0.745927 0.987059 0.055661 0.150387
-11.095759 -20.205429 -1553.553741 4393.533652 0.162636 0.854703 0.492983 -0.500212 -0.359249 0.787863 -0.850492 0.374731 -0.369106
-14.220169 -31.071251 -1892.798688 3571.592050 0.241980 0.892915 0.379669 -0.544063 -0.199129 0.815072 -0.803394 0.403795 -0.437616
-8.326496 -27.016029 -1990.269193 4659.451269 0.277840 0.927833 0.248859 -0.465419 -0.096607 0.879803 -0.840351 0.360268 -0.404990
-7.179567 -10.757119 329.085116 -3924.059881 -0.045549 0.630326 0.774993 0.488728 0.690675 -0.533023 -0.871247 0.354482 -0.339517
-9.048027 -16.374542 2546.266389 -2991.829764 -0.219891 0.319376 0.921763 0.467682 0.863737 -0.187703 -0.856108 0.389817 -0.339295
-4.522129 -14.036039 -2246.894574 4892.006121 0.259879 0.926519 0.272077 -0.419389 -0.145501 0.896071 -0.869814 0.346976 -0.350759
-8.283257 -30.743998 6450.272223 -702.130382 0.046498 0.986675 -0.155915 0.613776 -0.151365 -0.774834 0.788110 0.059669 0.612636
1.153880 -28.163898 6786.200072 -1560.667105 -0.018856 0.995355 -0.094408 0.674855 -0.057000 -0.735746 0.737709 0.077585 0.670646
-17.494157 -30.131255 6086.483706 -1303.437718 0.144765 0.960755 -0.236627 0.641022 -0.273239 -0.717239 0.753747 0.047852 0.655421
8.316708 -29.879104 6528.221245 -895.898913 -0.040932 0.997973 -0.048721 0.607988 -0.013818 -0.793826 0.792890 0.062114 0.606190
-21.470515 -31.635473 3903.042550 -267.616057 0.235594 0.911246 -0.337826 0.535955 -0.411796 -0.737005 0.810708 0.007425 0.585403
-9.068325 -44.783074 -535.062099 1237.204665 -0.028456 0.948398 -0.315803 -0.778660 -0.219137 -0.587935 0.626800 -0.229173 -0.744716
-8.393833 -46.300156 -791.966166 -1914.392098 -0.071976 0.927868 -0.365898 -0.820654 -0.263590 -0.506998 0.566874 -0.263784 -0.780431
-9.213534 -43.570571 618.422849 -750.845532 -0.069539 0.948158 -0.310098 -0.792947 -0.241154 -0.559535 0.605309 -0.206982 -0.768609
-9.423016 -40.284537 1473.309323 2725.293717 -0.055211 0.962108 -0.267020 -0.764482 -0.212758 -0.608525 0.642277 -0.170534 -0.747261
-9.996523 -42.649073 1951.775258 -1489.040436 -0.096862 0.952714 -0.288016 -0.786718 -0.250544 -0.564183 0.609666 -0.171940 -0.773786
-13.214643 -72.792812 2223.396373 8351.641307 -0.002101 0.995837 0.091126 0.735628 -0.060189 0.674706 -0.677382 -0.068452 0.732439
-13.746964 -89.733873 2038.099580 6432.524245 -0.031260 0.995844 0.085541 0.591360 -0.050569 0.804821 -0.805802 -0.075744 0.587321
-16.703563 -82.608689 1242.039070 9701.769026 -0.027818 0.988240 0.150359 0.723428 -0.083901 0.685283 -0.689840 -0.127837 0.712586
-16.185673 -59.470653 1779.805912 8141.707287 0.014074 0.988297 0.151890 0.829651 -0.096329 0.549909 -0.558105 -0.118277 0.821297
-18.943106 -64.189508 1030.293941 9083.117800 0.013595 0.978579 0.205424 0.830928 -0.125337 0.542078 -0.556214 -0.163323 0.814833
-16.642185 -73.438599 -1060.725497 12140.220944 -0.033034 0.970257 0.239814 0.806094 -0.115987 0.580310 -0.590865 -0.212482 0.778287
-5.848878 -89.524579 -1001.199550 1760.173338 0.309304 0.931993 0.188999 -0.312026 0.287205 -0.905623 0.898316 -0.221140 -0.379639
-6.401425 -87.424343 -760.019751 -2832.143820 0.291248 0.942377 0.164622 -0.484726 0.293728 -0.823872 0.824752 -0.160154 -0.542342
-6.315560 -80.825608 -283.232710 -1009.885515 0.282900 0.937576 0.202286 -0.325020 0.292131 -0.899456 0.902402 -0.188709 -0.387374
-5.558283 -88.577657 -636.759948 -2703.521608 0.295902 0.944105 0.145284 -0.484100 0.279333 -0.829229 0.823462 -0.175038 -0.539696
-5.448604 -87.166351 -152.213808 2723.749629 0.290191 0.930742 0.222504 -0.180858 0.281659 -0.942316 0.939723 -0.233210 -0.250067
-4.469042 -97.708707 -418.819560 6089.548772 0.306469 0.928815 0.208277 -0.135723 0.259209 -0.956237 0.942155 -0.264789 -0.205501
-4.840756 -90.813191 -552.776145 2591.717501 0.306412 0.936262 0.171827 -0.325550 0.272697 -0.905347 0.894499 -0.221471 -0.388357
-1.206685 -73.140483 769.560555 538.569611 -0.070946 0.995203 -0.067364 0.463157 0.092679 0.881417 -0.883432 -0.031333 0.467511
1.518188 -71.548059 1043.570637 300.601664 -0.090414 0.988154 -0.124005 0.374713 0.149119 0.915070 -0.922722 -0.036269 0.383756
0.094627 -74.799391 867.753421 340.641305 -0.081781 0.990342 -0.111958 0.339958 0.133316 0.930943 -0.936878 -0.038072 0.347578
-2.102360 -80.957168 513.901185 862.056636 -0.087230 0.992594 -0.084540 0.335768 0.109193 0.935594 -0.937897 -0.053226 0.342806
-4.271689 -45.159743 -6.434370 -511.648267 -0.244015 0.897179 -0.368141 0.949365 0.298465 0.098107 0.197897 -0.325560 -0.924580
0.407058 -43.156229 194.627636 729.624039 -0.348423 0.859916 -0.373023 0.933423 0.354641 -0.054325 0.085575 -0.367116 -0.926230
-3.087034 -41.955263 284.276017 1274.377486 -0.354310 0.860640 -0.365736 0.910796 0.406241 0.073614 0.211932 -0.307029 -0.927803
9.219170 -97.599452 2.080880 5540.761283 0.208524 0.892912 0.399030 0.875033 -0.352571 0.331678 -0.436846 -0.280002 0.854847
8.785001 -86.650774 -778.797596 3630.590704 -0.211731 -0.896550 -0.389061 0.948096 -0.285055 0.140916 -0.237242 -0.339031 0.910371
9.520428 -84.556649 141.297160 3272.724187 -0.210060 -0.884329 -0.416938 0.936705 -0.304215 0.173313 -0.280105 -0.354142 0.892258
59.864406 -43.475674 -29688.787404 1499.800109 0.429115 -0.864269 0.262488 0.903073 0.416262 -0.105757 -0.017861 0.282428 0.959122
76.218141 -42.345917 -26615.323907 -685.043251 0.472473 -0.858655 0.198698 0.877406 0.436959 -0.198054 0.083237 0.267914 0.959841
127.264730 -44.926793 -41747.559702 115.803434 0.481277 -0.863923 0.148355 0.875927 0.467512 -0.119100 0.033535 0.187268 0.981736
-3.290581 -129.881037 -3125.111194 -230.320178 0.939290 0.334239 -0.077577 -0.339752 0.874363 -0.346493 0.047981 -0.351815 -0.934839
2.009649 -132.798132 -3763.064064 8943.088117 0.936177 0.335048 -0.106377 -0.350258 0.914774 -0.201267 -0.029877 -0.225681 -0.973743
-3.665870 -125.966066 2463.576627 9379.710433 -0.934100 -0.344559 0.093467 -0.349161 0.936296 -0.037902 -0.074453 -0.068039 -0.994901
0.120221 -13.123656 -1460.487918 -321.696329 -0.763971 -0.610148 0.209922 -0.319981 0.640758 0.697884 -0.560322 0.465992 -0.684756
-4.112392 -11.638308 -816.347529 -1068.263563 -0.805109 -0.493683 0.328751 -0.206427 0.752840 0.624996 -0.556047 0.435326 -0.708027
-3.059550 -10.672012 -1311.060348 1379.776048 -0.829269 -0.320029 0.458142 0.005350 0.815211 0.579139 -0.558824 0.482713 -0.674317
3.076973 -8.452019 -3468.037784 2913.145391 -0.791074 -0.562075 0.241401 -0.234492 0.643114 0.728984 -0.564992 0.520073 -0.640553
9.490915 -952.563163 11895.698148 -255140.536359 0.945552 0.317898 -0.069796 0.212738 -0.441373 0.871741 -0.246319 0.839125 0.484970
4.081180 -682.672323 3354.003015 -153524.778188 0.965381 0.259248 0.028823 -0.023043 -0.025305 0.999414 -0.259825 0.965479 0.018455
3.913237 -540.958559 3330.246837 -114333.382740 0.968586 0.248643 0.004162 0.012358 -0.064843 0.997819 -0.248370 0.966422 0.065879
9.902759 -423.935064 -3154.274301 -81904.408860 0.961131 0.259279 0.094875 -0.176641 0.313373 0.933057 -0.212191 0.913549 -0.346992
6.896304 -439.521147 -64.155629 11629.726391 0.961982 0.271569 0.028985 0.123426 -0.526961 0.840879 -0.243631 0.805334 0.540446
6.975980 -472.214004 1466.744815 -71045.709072 0.972134 0.233435 0.021508 -0.008103 -0.058232 0.998270 -0.234284 0.970627 0.054718
4.835945 -411.632115 921.918715 -69997.823118 0.970554 0.231387 0.066974 -0.137676 0.304697 0.942446 -0.197663 0.923915 -0.327581
0.714388 -3227.448428 16941.796571 1014987.731424 0.858975 0.306705 0.409993 0.473786 -0.779723 -0.409339 -0.194135 -0.545861 0.815075
19.457768 -2658.310294 1175.481691 -848206.983698 0.881894 -0.057258 0.467958 -0.337788 -0.769173 0.542468 -0.328881 0.636470 0.697670
57.678169 -2605.124738 85498.393480 824867.501002 0.758092 0.522034 0.390867 -0.523188 0.844644 -0.113359 -0.389321 -0.118561 0.913440
16.807828 -50.757544 -5600.619418 2983.535020 0.764240 0.105569 -0.636233 -0.041530 0.992520 0.114802 0.643594 -0.061314 0.762908
24.166990 -50.943677 -2493.507671 1034.693980 0.712512 0.144102 -0.686703 0.021079 0.973846 0.226230 0.701343 -0.175666 0.690840
14.911534 -54.384446 -5789.937779 872.441373 0.779711 0.144490 -0.609240 0.038547 0.960087 0.277031 0.624952 -0.239489 0.743021
-12.756719 -44.754967 199.290861 -590.936206 0.328229 0.940603 0.086785 -0.670962 0.167490 0.722328 -0.664888 0.295318 -0.686084
-15.836519 -43.743875 741.649685 -1599.276937 0.302590 0.948953 0.089039 -0.747819 0.178454 0.639470 -0.590937 0.260083 -0.763643
-13.693656 -42.648236 694.533700 -583.439757 0.379732 0.925037 -0.010488 -0.600470 0.255089 0.757869 -0.703732 0.281489 -0.652323
-10.267135 -41.779080 227.971345 2594.067129 0.352211 0.930831 0.097473 -0.546571 0.120028 0.828766 -0.759742 0.345177 -0.551040
-15.720099 -89.325448 241.199762 -2099.078166 0.146750 0.970226 0.192682 -0.421242 -0.114948 0.899634 -0.894997 0.213187 -0.391831
-16.146587 -88.841749 19.723580 -1058.495524 0.179679 0.961172 0.209438 -0.461445 -0.105675 0.880852 -0.868783 0.254914 -0.424541
-15.990789 -85.109091 -265.912717 -595.514459 0.158824 0.970984 0.178787 -0.586688 -0.052828 0.808088 -0.794085 0.233236 -0.561274
-5.100769 -100.543568 178.066071 -22184.221321 0.065948 0.997617 -0.020292 0.620518 -0.025077 0.783792 -0.781415 0.064281 0.620692
-0.839009 -206.794460 -83.839583 -56289.602124 -0.036726 0.994642 -0.096637 0.765777 0.090141 0.636758 -0.642057 0.050617 0.764984
6.873962 -218.265429 2475.574520 -49850.133610 0.005248 0.996785 -0.079955 0.808346 0.042841 0.587146 -0.588684 0.067713 0.805522
2.922063 -122.137379 1486.534984 -21431.791201 0.123037 0.992390 0.004929 0.604108 -0.078836 0.792993 -0.787347 0.094590 0.609210
-32.249737 -108.573986 -4385.360390 34738.212271 -0.585882 0.804632 0.096480 0.355681 0.148341 0.922760 -0.728171 -0.574945 0.373103
-31.726682 -101.543419 -3632.624088 30813.901991 -0.515885 0.794884 0.319410 0.491782 -0.030498 0.870184 -0.701437 -0.605995 0.375176
-61.922629 -165.588153 -8929.894482 57702.848335 -0.583556 0.780810 0.223155 0.464050 0.095118 0.880687 -0.666424 -0.617485 0.417842
-41.945134 -149.431622 -3237.956374 51342.337378 -0.569484 0.815175 0.105726 0.390871 0.155399 0.907233 -0.723124 -0.557980 0.407125
-14.678261 -90.391785 -1186.637569 28249.681310 -0.577150 0.816508 -0.014559 0.285502 0.218446 0.933151 -0.765105 -0.534412 0.359190
-4.179442 -48.001082 -725.624056 8322.344986 -0.589652 0.741364 -0.320452 0.042583 0.424752 0.904308 -0.806534 -0.519581 0.282025
-9.724428 -49.944691 2482.089495 1692.212365 0.026852 0.872759 0.487413 0.775628 -0.325784 0.540617 -0.630619 -0.363534 0.685684
-5.195504 -45.351662 4414.701016 3428.493160 -0.014490 0.894532 0.446769 0.855784 -0.219992 0.468228 -0.517131 -0.389122 0.762338
12.223389 -52.463061 10172.110328 1216.766524 0.194242 0.841606 0.503953 0.792262 -0.437529 0.425310 -0.578438 -0.316650 0.751759
41.883428 -61.217756 11741.186546 -1442.220460 0.241466 0.770339 0.590145 0.807918 -0.496462 0.317481 -0.537553 -0.400128 0.742250
21.744871 -56.577840 10246.795697 -3959.077084 0.279948 0.782922 0.555574 0.688660 -0.566975 0.451980 -0.668862 -0.256070 0.697891
-1.702508 -52.327471 7594.875669 -1219.468313 0.187771 0.841939 0.505846 0.694792 -0.477882 0.537487 -0.694266 -0.250534 0.674705
-8.635594 -34.411162 -1378.011617 1486.432044 0.428244 0.902567 -0.044491 0.896502 -0.418150 0.146405 -0.113536 0.102583 0.988224
-8.026363 -39.240638 -2608.469364 1969.257260 0.332450 0.941861 -0.048738 0.918691 -0.311720 0.242565 -0.213270 0.125416 0.968910
1.163041 -38.024857 -5399.639318 1483.685959 0.323561 0.946022 -0.018739 0.935039 -0.316645 0.159493 -0.144951 0.069128 0.987021
-1.295240 -34.559580 -2950.041856 -233.081635 0.412944 0.910352 -0.027132 0.907641 -0.408886 0.094867 -0.075269 0.063801 0.995120
6.580082 -73.334241 -1018.001458 -2810.121589 -0.380374 0.803491 -0.457949 0.908345 0.231492 -0.348312 -0.173854 -0.548464 -0.817901
5.723696 -74.100419 -1365.337828 -1595.013466 -0.355884 0.800540 -0.482165 0.927777 0.240743 -0.285083 -0.112143 -0.548798 -0.828399
7.331107 -77.109006 -1197.922578 -1017.903244 -0.354814 0.807205 -0.471728 0.934018 0.328409 -0.140565 0.041455 -0.490477 -0.870468
6.517961 -75.482771 799.803789 -2205.166010 -0.391094 0.824123 -0.409716 0.910911 0.283015 -0.300239 -0.131478 -0.490636 -0.861388
7.000915 -80.521433 814.431396 -559.129449 -0.367985 0.834120 -0.410889 0.927751 0.358913 -0.102270 0.062168 -0.418837 -0.905931
0.608719 -92.211661 433.304262 9535.605217 -0.277394 0.860591 -0.427125 0.780462 -0.057421 -0.622560 0.560295 0.506050 0.655731
0.197932 -102.080874 -192.016652 10150.285916 0.270467 -0.862986 0.426736 0.855557 0.012209 -0.517564 0.441440 0.505081 0.741636
-1.076337 -115.276106 -918.128365 10360.446264 0.297209 -0.850553 0.433850 0.894134 0.088532 -0.438960 0.334950 0.518383 0.786821
-1.624540 -104.585526 -775.699682 11201.734608 0.300320 -0.857018 0.418722 0.840528 0.030257 -0.540923 0.450911 0.514397 0.729435
-2.526593 -118.998033 613.682592 8766.352441 0.304319 -0.871521 0.384502 0.921058 0.166251 -0.352154 0.242985 0.461316 0.853315
14.427754 -57.096842 -6465.489644 -3753.756116 -0.061526 0.811041 -0.581745 0.970752 -0.086892 -0.223808 -0.232066 -0.578500 -0.781974
20.109890 -62.168024 -4752.301994 4064.905630 -0.089291 0.857372 -0.506894 0.964619 -0.052313 -0.258404 -0.248066 -0.512033 -0.822366
12.416701 -53.711461 -5660.835633 4644.734465 -0.073931 0.829009 -0.554327 0.958267 -0.094864 -0.269675 -0.276149 -0.551131 -0.787399
-0.354150 -99.856989 25.870397 -724.314410 0.797230 -0.297854 0.525078 0.000088 0.869860 0.493299 -0.603675 -0.393227 0.693505
-1.315792 -103.105143 -1088.717634 1947.938408 0.785542 -0.308605 0.536365 -0.062328 0.822904 0.564752 -0.615661 -0.477066 0.627191
-2.065452 -101.598025 117.732189 4292.418816 0.796460 -0.271557 0.540286 -0.128408 0.797159 0.589957 -0.590900 -0.539254 0.600035
-0.859094 -100.196321 400.752618 -310.340214 0.799034 -0.278386 0.532959 -0.020130 0.873484 0.486437 -0.600948 -0.399409 0.692340
-2.369851 -105.524500 176.074250 4440.213138 0.791894 -0.250304 0.557003 -0.168978 0.786699 0.593760 -0.586814 -0.564317 0.580686
-3.025042 -117.012265 -919.209515 3361.675156 -0.476627 0.674647 -0.563629 0.606822 -0.211412 -0.766206 -0.636077 -0.707217 -0.308626
-4.854670 -113.434091 -226.221765 5151.318688 -0.449454 0.689801 -0.567596 0.695013 -0.129148 -0.707304 -0.561203 -0.712387 -0.421374
-2.374122 -113.675204 -1211.791033 5055.763509 -0.450628 0.664156 -0.596516 0.762368 -0.061355 -0.644229 -0.464468 -0.745072 -0.478683
-2.697917 -128.088817 -582.464988 3953.752740 -0.477609 0.662643 -0.576883 0.675762 -0.142544 -0.723206 -0.561459 -0.735245 -0.379709
113.867158 -69.166619 33358.394819 -9934.991084 -0.780105 0.456066 -0.428299 0.451919 0.884171 0.118366 0.432672 -0.101218 -0.895851
194.223989 -95.056934 64221.821903 -10223.750443 -0.796069 0.352585 -0.491892 0.283861 0.935349 0.211057 0.534506 0.028387 -0.844688
33.969510 -97.072215 12229.593352 -16236.468369 -0.766109 0.484306 -0.422522 0.389659 0.872803 0.293906 0.511118 0.060525 -0.857377
14.643970 -72.020225 6282.629453 -14879.157268 -0.768235 0.497742 -0.402576 0.462471 0.866342 0.188606 0.442646 -0.041286 -0.895746
27.300795 -132.777643 4108.721480 -2876.347282 0.721174 -0.246689 0.647343 -0.284455 0.746588 0.601408 -0.631659 -0.617860 0.468248
22.843920 -135.074351 5965.007238 -13406.902035 0.760971 -0.196296 0.618378 0.395168 -0.615696 -0.681734 -0.514555 -0.763142 0.390957
27.823890 -131.862962 3606.937064 -13287.834904 0.713886 -0.254220 0.652487 0.408294 -0.605893 -0.682781 -0.568914 -0.753834 0.328742
82.461954 -78.077768 20705.873068 -427.273166 -0.138303 -0.275453 -0.951314 0.908910 -0.416836 -0.011443 -0.393390 -0.866241 0.308011
110.706006 -109.341319 30742.005135 -11505.724685 -0.227573 -0.057237 -0.972077 0.925137 -0.324218 -0.197494 -0.303861 -0.944249 0.126735
37.613734 -101.834717 7256.578773 -12111.384327 -0.403180 -0.057001 -0.913344 0.753851 -0.586507 -0.296171 -0.518800 -0.807936 0.279439
28.918663 -74.235605 9245.583110 -4751.903672 -0.296870 -0.212493 -0.930975 0.747483 -0.658416 -0.088075 -0.594254 -0.722035 0.354299
5.994850 -756.100437 -15911.519887 185521.773549 0.898357 -0.255567 0.357269 -0.229241 0.421026 0.877602 0.374706 0.870300 -0.319645
-77.989662 -2497.212154 -32944.995603 961467.601971 0.854272 -0.161440 0.494122 -0.223238 0.744500 0.629193 0.469450 0.647809 -0.599967
-62.002396 -875.059780 11691.627597 -52813.241497 -0.924705 0.183845 -0.333348 0.037698 0.915575 0.400377 0.378812 0.357665 -0.853567
-4.051985 -40.400564 3358.560193 1277.809023 0.444603 0.885891 -0.132385 0.849299 -0.369961 0.376590 -0.284640 0.279867 0.916872
-1.269720 -42.991643 3683.166256 972.324895 0.455162 0.879703 -0.137656 0.817205 -0.351333 0.456881 -0.353557 0.320448 0.878812
-10.558554 -44.156322 2071.769472 977.851863 0.406912 0.905897 -0.117362 0.829146 -0.312374 0.463616 -0.383327 0.285961 0.878229
-10.506862 -40.385995 1730.473467 1264.154292 0.428124 0.897584 -0.105133 0.862172 -0.370800 0.345206 -0.270868 0.238433 0.932620
-1.974991 -36.767614 -3574.040407 1839.058223 -0.472442 -0.871458 0.131751 0.861116 -0.424547 0.279714 -0.187824 0.245602 0.951001
-16.983917 -41.756684 -1499.784948 -835.979119 0.157765 0.981503 -0.108457 0.367592 0.043566 0.928966 -0.916508 0.186426 0.353919
-18.843727 -40.353993 -1060.573798 -292.193090 0.201016 0.978043 -0.054986 0.270462 -0.001463 0.962730 -0.941511 0.208396 0.264817
-16.208573 -38.583153 -2205.849320 -760.661423 0.140444 0.988775 -0.050986 0.243032 0.015493 0.969895 -0.959797 0.148607 0.238128
-9.968899 -94.588380 -5477.419258 -6841.266458 0.522904 -0.306657 0.795320 0.817225 0.445598 -0.365494 -0.242311 0.841073 0.483613
9.386148 -104.354426 -1344.837714 -10728.625042 0.402440 -0.428841 0.808788 0.877598 0.432143 -0.207545 -0.260508 0.793315 0.550261
-23.844805 -228.232151 -435.031622 53092.555944 0.629633 -0.201317 0.750356 0.711306 0.537786 -0.452580 -0.312419 0.818692 0.481806
-127.881133 -702.497511 -10375.085590 -167613.783301 0.812190 -0.026637 0.582785 -0.509690 -0.518420 0.686627 -0.283838 0.854711 0.434632
-57.341295 -352.098040 1269.464350 -97232.011851 0.951264 0.117102 0.285279 -0.198249 -0.476370 0.856603 -0.236208 0.871412 0.429939
-53.769782 -85.458178 -90.143679 7122.395352 0.538931 -0.652044 -0.533284 0.267865 0.732888 -0.625398 0.798625 0.194199 0.569636
-50.389352 -76.427607 943.553571 5197.611393 -0.455038 0.883165 0.113846 0.476581 0.349535 -0.806657 0.752204 0.312803 0.579951
-59.010279 -82.161405 2467.333418 2405.383563 -0.512031 0.793181 0.329679 0.484988 0.583738 -0.651181 0.708951 0.173534 0.683575
-53.327324 -65.975133 -169.294079 604.149196 0.155501 0.610553 0.776559 0.976417 -0.214183 -0.027124 0.149765 0.762463 -0.629460
-54.444574 -68.788158 -1142.771776 3211.592279 -0.065470 0.735073 0.674820 0.990748 -0.032680 0.131718 0.118875 0.677200 -0.726132
-53.635522 -64.527413 1247.917660 -1210.029588 0.248569 0.463829 0.850339 0.962273 -0.218537 -0.162085 0.110651 0.858548 -0.500652
-55.116307 -64.835580 1933.693681 492.454091 0.086048 0.478289 0.873977 0.995472 -0.005712 -0.094884 -0.040390 0.878184 -0.476615
93.521441 -48.577031 10984.241715 -5265.120809 0.322308 -0.377696 -0.868023 -0.377380 0.789676 -0.483731 0.868160 0.483485 0.111984
75.387712 -71.578444 7234.359244 -5415.454723 0.153249 -0.469999 -0.869261 -0.437305 0.756575 -0.486167 0.886160 0.454637 -0.089589
-12.004074 -38.405069 -1384.009223 3583.586061 0.301548 0.922349 0.241539 -0.546558 -0.040355 0.836448 -0.781245 0.384244 -0.491948
-17.004295 -40.228936 -1669.117675 2659.177831 0.304219 0.901379 0.308166 -0.605574 -0.066725 0.792987 -0.735344 0.427859 -0.525553
-9.485583 -27.774032 7805.303232 -1157.429592 -0.021169 0.995622 -0.091047 0.721819 -0.047790 -0.690429 0.691758 0.080335 0.717647
10.878473 -24.652751 6330.237404 -1972.910520 -0.065768 0.996833 -0.044705 0.731846 0.017733 -0.681239 0.678289 0.077521 0.730695
17.430566 -25.822812 4362.310680 -1832.960786 -0.040511 0.999141 -0.008775 0.683920 0.021325 -0.729245 0.728431 0.035544 0.684196
-8.380350 -46.244363 -1146.497042 262.033922 -0.022874 0.936901 -0.348846 -0.791275 -0.230234 -0.566459 0.611032 -0.263076 -0.746613
-6.559319 -47.307905 -976.293145 -1861.264344 -0.046125 0.928632 -0.368124 -0.844466 -0.233105 -0.482224 0.533620 -0.288625 -0.794950
-9.282136 -82.834578 1441.365207 5681.631830 -0.035397 0.998948 0.029140 0.589365 -0.002682 0.807863 -0.807091 -0.045770 0.588650
-6.103768 -93.506283 -845.557874 -4118.807187 0.281302 0.950992 0.128388 -0.644093 0.286288 -0.709354 0.711346 -0.116849 -0.693061
-3.905170 -85.728560 2492.124861 -4147.060376 -0.046786 0.997590 -0.051234 0.985173 0.037607 -0.167392 0.165061 0.058306 0.984558
-5.553191 -90.392977 2969.738084 -1838.932411 -0.032264 0.997581 -0.061576 0.941917 0.009742 -0.335705 0.334293 0.068830 0.939953
-1.400943 -89.513044 787.029225 -738.437747 -0.011903 0.999037 -0.042235 0.930287 -0.004423 -0.366807 0.366641 0.043656 0.929338
-6.590900 -94.171963 3125.706561 1212.870064 -0.004727 0.996910 -0.078411 0.859527 -0.036023 -0.509819 0.511068 0.069806 0.856701
-1.177845 -88.248400 884.122713 1756.898552 0.037349 0.997278 -0.063581 0.796848 -0.068117 -0.600328 0.603025 0.028243 0.797222
1.008991 -86.322913 -1372.935747 1737.897145 0.020208 0.999549 -0.022197 0.868676 -0.028545 -0.494557 0.494968 0.009288 0.868862
-0.708561 -83.545811 76.584117 -4124.795689 -0.032288 0.999083 -0.028114 0.990575 0.028241 -0.134029 0.133112 0.032177 0.990579
1.446523 -83.315930 -602.593275 -803.677055 -0.000239 0.999496 -0.031747 0.949026 -0.009779 -0.315048 0.315199 0.030204 0.948545
11.479364 -80.600312 -437.150002 1076.737516 -0.224666 -0.881221 -0.415903 0.971247 -0.237009 -0.022478 -0.078765 -0.408995 0.909131
9.238990 -79.808926 -1489.819039 1947.981038 -0.204471 -0.900964 -0.382696 0.978868 -0.189413 -0.077074 -0.003047 -0.390368 0.920654
3.253862 -83.962923 803.161608 1448.876636 0.037383 0.996641 -0.072863 0.762052 -0.075599 -0.643087 0.646435 0.031485 0.762319
47.301737 -38.309320 -17445.860471 2041.845320 0.466767 -0.872749 0.142961 0.836957 0.383704 -0.390222 0.285711 0.301795 0.909554
72.979409 -36.193663 15561.603308 1586.980965 -0.514994 0.855066 0.060350 0.771199 0.492915 -0.402848 0.374210 0.160923 0.913275
85.853911 -39.657421 22469.175653 1079.620161 -0.513319 0.854710 -0.077298 0.825998 0.467610 -0.314750 0.232875 0.225416 0.946022
-4.442795 -217.832195 1243.919526 -22093.190103 0.941750 0.290546 -0.169380 0.130016 -0.779009 -0.613384 0.310164 -0.555633 0.771408
-0.671415 -193.812528 821.696420 -26671.094481 0.946196 0.263972 -0.187166 0.197774 -0.929546 -0.311174 0.256121 -0.257415 0.931740
-5.013267 -202.417827 -501.090069 -21575.305314 0.956217 0.238367 -0.169794 0.134296 -0.872878 -0.469093 0.260026 -0.425753 0.866673
-6.577964 -203.847087 -1074.300353 -5690.250289 0.954417 0.266804 -0.133803 0.079067 -0.658272 -0.748617 0.287812 -0.703913 0.649361
-6.250223 -218.157619 346.446669 788.310379 0.948586 0.291880 -0.122438 0.038394 -0.490073 -0.870835 0.314183 -0.821361 0.476083
-5.978969 -9.411469 -619.837909 -1611.466994 -0.813796 -0.411885 0.409984 -0.129260 0.816083 0.563294 -0.566594 0.405411 -0.717366
-5.495719 -12.099535 -884.844400 -1295.993994 -0.823212 -0.320047 0.468926 -0.021283 0.842777 0.537842 -0.567335 0.432778 -0.700596
3.688766 -626.781746 866.875369 -99591.057587 0.956576 0.289286 0.035724 0.093730 -0.421329 0.902051 -0.276002 0.859532 0.430148
17.419145 -964.200069 -4436.158752 -287385.332256 0.952691 0.280596 0.116819 -0.116331 -0.018456 0.993039 -0.280799 0.959649 -0.015059
5.439881 -460.196131 -3813.372259 -69870.511535 0.951718 0.292683 0.092576 -0.204393 0.379172 0.902470 -0.229036 0.877818 -0.420687
-2020.919921 -56934.685694 -290310.590190 -19428236.267600 0.867720 0.336417 0.365903 0.053565 -0.795147 0.604046 -0.494158 0.504544 0.707986
-26.549136 -4152.305616 -5825.063675 -1889442.728248 0.663505 -0.103361 0.740997 -0.618568 0.481357 0.621023 0.420874 0.870409 -0.255448
23.446752 -47.604852 -1739.051171 2876.581110 0.686185 0.142202 -0.713393 -0.088973 0.989750 0.111709 0.721966 -0.013181 0.691803
26.232505 -51.759042 1065.293192 1551.909757 0.623067 0.158905 -0.765857 -0.010795 0.980799 0.194721 0.782094 -0.113057 0.612819
24.761754 -44.881879 171.287049 -2562.979826 0.660392 0.152039 -0.735368 0.110414 0.948984 0.295361 0.742759 -0.276249 0.609914
-21.784816 -50.009763 112.902499 1483.581944 -0.793221 0.474983 0.381039 0.050472 0.674880 -0.736199 -0.606838 -0.564737 -0.559303
-23.066457 -49.990767 168.741773 705.687203 0.824290 -0.489446 -0.284585 0.140643 0.663911 -0.734467 -0.548421 -0.565389 -0.616093
-20.452930 -51.741217 -120.896720 643.397918 0.808949 -0.474175 -0.347505 0.019044 0.611943 -0.790672 -0.587570 -0.632996 -0.504062
-10.916648 -49.782825 3799.785641 1311.450769 -0.749973 0.400581 0.526379 -0.140200 0.681430 -0.718329 -0.646440 -0.612526 -0.454893
-15.656060 -95.506600 419.534075 -2396.119688 0.167332 0.960497 0.222365 -0.262310 -0.174043 0.949159 -0.950365 0.217153 -0.222825
37.576912 -431.184134 1614.244475 78950.678829 -0.103132 0.975845 -0.192590 0.752406 -0.050105 -0.656792 0.650576 0.212642 0.729064
25.981128 -336.644256 -2671.267524 -37989.513373 0.192597 -0.947611 0.254832 0.959736 0.127790 -0.250154 0.204484 0.292750 0.934068
31.287550 -380.373960 2174.566633 64219.949503 -0.189445 0.944622 -0.267953 0.732212 -0.045910 -0.679527 0.654198 0.324932 0.682967
40.626714 -376.288943 2505.626371 81613.156407 -0.175383 0.953418 -0.245429 0.470491 -0.137814 -0.871577 0.864800 0.268332 0.424404
58.814539 -532.113416 -867.331668 143824.806072 -0.148773 0.980246 -0.130321 0.333415 -0.074347 -0.939844 0.930968 0.183274 0.315768
45.392047 -430.591327 367.523342 103047.308309 -0.048048 0.989766 -0.134368 0.480905 -0.094982 -0.871613 0.875455 0.106497 0.471420
-37.979175 -58.085096 239.751078 47.463860 0.471771 -0.002650 0.881717 0.370347 0.908103 -0.195429 -0.800172 0.418739 0.429398
-39.161857 -59.576912 -391.617223 171.548280 0.524598 -0.011186 0.851276 0.281093 0.946114 -0.160792 -0.803606 0.323639 0.499474
-39.821105 -59.657196 -329.816451 -283.844403 0.543414 -0.044015 0.838310 0.424993 0.875616 -0.229518 -0.723936 0.480999 0.494527
121.576274 -123.666779 9762.892105 3051.664527 0.574517 0.817822 0.033125 0.682716 -0.501143 0.531746 -0.451474 0.282882 0.846256
107.718623 -121.754123 -21110.225555 7907.607493 -0.676254 -0.677505 0.289252 0.719691 -0.523800 0.455717 -0.157241 0.516353 0.841817
116.952377 -103.608323 -191.645182 6827.182523 0.566502 0.823643 0.026212 0.792011 -0.552979 0.258716 -0.227584 0.125803 0.965598
99.267109 -100.334002 -12795.911129 12585.671603 -0.617810 -0.718028 0.320540 0.783918 -0.594305 0.179650 0.061504 0.362266 0.930043
106.189332 -77.179834 3412.580769 8132.037373 -0.582116 -0.804788 0.116002 0.811497 -0.583992 0.020647 0.051128 0.106154 0.993034
1.043076 -36.799982 6444.650816 5141.209170 -0.097590 0.920394 0.378617 0.909127 -0.072342 0.410188 -0.404925 -0.384241 0.829695
-12.432766 -38.390124 1955.199342 3137.328512 -0.283500 0.914946 0.287232 0.822777 0.078210 0.562958 -0.492612 -0.395926 0.774969
10.595341 -25.980210 8958.030847 3856.637325 -0.327919 0.920280 0.213434 0.878464 0.213932 0.427240 -0.347520 -0.327594 0.878585
39.314848 -35.525185 -16772.869175 6780.583771 -0.011586 -0.911754 -0.410573 0.944206 -0.145135 0.295653 -0.329151 -0.384240 0.862565
-10.773786 -29.198223 4093.658424 3037.293421 -0.499954 0.857836 0.119006 0.762744 0.371055 0.529661 -0.410205 -0.355577 0.839820
33.596795 -33.023363 13130.926225 2696.621908 0.584655 0.469120 -0.661895 0.805984 -0.242775 0.539861 0.092568 -0.849109 -0.520043
52.426524 -21.191348 10634.776073 4498.846313 0.444582 0.519022 -0.730043 0.874411 -0.074685 0.479402 0.194297 -0.851492 -0.487043
17.897260 -36.668625 -6513.899783 777.176470 0.092937 0.498744 -0.861752 0.995179 -0.019293 0.096161 0.031334 -0.866535 -0.498133
131.100193 -28.499957 39431.468817 -6863.355598 0.747459 0.430071 -0.506303 -0.634426 0.236125 -0.736035 0.196997 -0.871369 -0.449342
77.083065 -44.055959 27740.118841 -1704.260994 0.759183 0.397030 -0.515760 -0.650253 0.427956 -0.627713 0.028499 -0.811924 -0.583067
-5.146849 -71.454703 538.367960 220.087077 -0.221786 0.948045 -0.228082 0.873631 0.089301 -0.478325 0.433106 0.305345 0.848047
-5.179477 -69.628848 117.521675 1427.043011 -0.227925 0.950381 -0.211723 0.918588 0.137779 -0.370422 0.322871 0.278915 0.904412
-5.552769 -72.045214 -400.964582 287.949961 -0.209773 0.957244 -0.199196 0.910493 0.116992 -0.396630 0.356367 0.264569 0.896106
-6.078499 -72.985809 -589.163264 -815.052684 -0.197613 0.959188 -0.202258 0.839633 0.059132 -0.539925 0.505930 0.276519 0.817051
5.002268 -71.082980 -1797.486219 -1394.768421 -0.374442 0.794474 -0.478126 0.884958 0.152240 -0.440083 -0.276845 -0.587907 -0.760081
2.401055 -86.490389 315.075364 7754.521700 -0.251213 0.862408 -0.439482 0.775613 -0.092277 -0.624427 0.579065 0.497732 0.645714
2.210378 -75.014560 -74.152568 5300.609872 -0.260420 0.867281 -0.424271 0.655521 -0.163801 -0.737199 0.708854 0.470099 0.525864
3.207738 -71.365629 298.341145 3945.383198 -0.256976 0.867710 -0.425490 0.664628 -0.160951 -0.729633 0.701594 0.470291 0.535344
2.671031 -85.805915 149.108642 7379.236522 -0.244093 0.865579 -0.437254 0.764022 -0.106036 -0.636417 0.597234 0.489417 0.635439
1.040962 -104.917748 -388.788579 -5142.271574 0.789832 -0.323084 0.521328 0.079635 0.896831 0.435146 -0.608131 -0.302176 0.734075
0.343382 -110.891202 -2.220781 -1398.252645 0.796575 -0.310394 0.518771 -0.008276 0.852447 0.522749 -0.604482 -0.420702 0.676469
-2.312445 -117.680136 -464.780064 -4759.329708 0.787627 -0.297509 0.539566 0.185739 -0.720324 -0.668307 -0.587490 -0.626595 0.512088
-4.277381 -119.070580 -733.596157 -895.435097 -0.482918 0.685057 -0.545425 -0.469241 0.323439 0.821706 -0.739326 -0.652752 -0.165262
-6.248150 -111.015024 -897.046453 -2314.475427 -0.470291 0.690697 -0.549331 -0.519834 0.286205 0.804897 -0.713161 -0.664096 -0.224448
24.471690 -236.483316 1600.871905 -50019.669894 0.678369 -0.338963 0.651859 0.086290 0.917835 0.387470 -0.729636 -0.206599 0.651880
16.119384 -161.315584 2417.999614 -20733.818461 0.735869 -0.298877 0.607593 0.018176 0.905710 0.423508 -0.676880 -0.300603 0.671916
23.450693 -148.539414 3563.875205 -19415.849946 0.734992 -0.262071 0.625384 -0.137715 0.845377 0.516112 -0.663943 -0.465463 0.585255
14.524851 -122.123116 2731.455135 -2185.092101 0.767014 -0.205408 0.607863 -0.184240 0.836969 0.515305 -0.614610 -0.507239 0.604122
53.434251 -142.895429 11125.289056 -20624.492036 -0.459410 0.093720 -0.883266 0.770938 -0.451798 -0.448924 -0.441131 -0.887184 0.135308
868.277126 -10545.456383 -205669.954670 4435268.481106 0.936809 -0.332814 0.107813 -0.078964 0.099065 0.991943 0.340813 0.937775 -0.066525
-108.751257 -1785.953774 -2283.657128 400299.128714 0.839729 -0.233228 0.490367 -0.147365 0.771286 0.619194 0.522627 0.592218 -0.613302
-28.810631 -1464.296321 -21471.892084 503733.628343 0.917386 -0.266417 0.295677 -0.251535 0.187628 0.949487 0.308437 0.945419 -0.105115
10.669971 -142.574016 1550.058044 6698.737648 0.769540 -0.481278 0.419738 -0.609792 -0.748984 0.259185 -0.189637 0.455406 0.869852
8.143716 -143.002434 1942.204690 5827.046499 0.767583 -0.504583 0.395237 -0.640790 -0.617884 0.455640 -0.014303 0.603005 0.797609
7.529288 -130.456111 2498.588174 4221.175666 0.771998 -0.499016 0.393703 -0.602510 -0.771821 0.203162 -0.202487 0.394050 0.896506
8.069546 -123.506800 1573.670593 -4805.985790 0.777924 -0.474060 0.412434 0.527709 0.849207 -0.019258 -0.341112 0.232626 0.910784
0.702268 -63.047476 518.506025 -1055.880292 -0.287883 0.816949 -0.499718 0.908470 0.067871 -0.412403 -0.302996 -0.572703 -0.761712
0.349451 -66.908156 35.427312 -727.551130 -0.296592 0.811597 -0.503332 0.932611 0.132679 -0.335610 -0.205598 -0.568952 -0.796256
-0.721364 -65.569523 -91.992676 129.980436 -0.316861 0.808483 -0.495938 0.874772 0.047023 -0.482247 -0.366568 -0.586638 -0.722138
1.293794 -64.807871 371.357676 -1061.743574 -0.267384 0.818532 -0.508440 0.952924 0.146327 -0.265565 -0.142975 -0.555512 -0.819124
-0.356797 -60.921214 1065.079143 47.769898 -0.308513 0.823001 -0.476958 0.851816 0.015869 -0.523601 -0.423356 -0.567818 -0.705941
5.261850 -155.669951 -2266.381986 27001.095195 0.277921 -0.454465 0.846299 0.888015 0.457514 -0.045934 -0.366318 0.764292 0.530725
15.376125 -96.003413 665.339349 -1824.345776 0.291098 -0.532706 0.794661 0.905654 0.421124 -0.049454 -0.308306 0.734084 0.605036
-8.206279 -46.798139 -1424.310331 -2867.421967 -0.222206 0.807690 -0.546133 -0.707672 -0.518916 -0.479506 0.670690 -0.279934 -0.686886
-8.393693 -43.273711 -1455.682790 -1636.565960 -0.193158 0.826813 -0.528272 -0.647307 -0.512002 -0.564666 0.737349 -0.232884 -0.634099
-5.470953 -47.160772 -1438.176656 -2299.947199 -0.186445 0.820348 -0.540618 -0.700584 -0.496792 -0.512230 0.688782 -0.283245 -0.667347
-36.309316 -84.024969 5824.340259 3325.227444 0.422077 -0.691767 -0.585925 0.345190 0.720266 -0.601714 0.838269 0.051714 0.542800
-18.963156 -88.770055 -9177.787790 13843.763248 -0.295579 0.749794 0.591981 0.203554 0.654870 -0.727812 0.933380 0.094626 0.346189
-52.662759 -64.952233 -388.519138 1506.017292 0.156271 0.681031 0.715386 0.956087 -0.286115 0.063524 0.247944 0.674044 -0.695836
9.420467 -11.432071 634.779156 -2608.847907 0.635639 -0.184613 -0.749587 -0.134740 0.929550 -0.343194 0.760137 0.319147 0.565984
14.878479 -12.378707 1832.683927 -2623.069824 0.598635 0.054663 -0.799155 -0.314671 0.933512 -0.171863 0.736626 0.354354 0.576034
14.702855 -14.931975 1085.181102 -1613.914306 0.615509 -0.268427 -0.741010 -0.112157 0.900811 -0.419476 0.780109 0.341301 0.524351
7.618224 -5.321367 -916.245912 -2132.346381 0.639094 -0.002603 -0.769124 -0.256640 0.941961 -0.216440 0.725048 0.335714 0.601333
7.578840 -13.576026 2871.519859 -1541.429274 0.611193 -0.404411 -0.680364 0.028576 0.870322 -0.491653 0.790966 0.281052 0.543491
6.603906 -8.216750 -293.603369 -300.150548 0.657378 -0.426531 -0.621229 0.060778 0.851716 -0.520466 0.751106 0.304386 0.585823
-17.859644 -46.696203 -773.260127 -106.311043 0.408093 0.883279 0.230821 -0.734868 0.167802 0.657124 -0.541691 0.437791 -0.717572
-21.999371 -44.324176 -1640.583024 780.850772 0.440425 0.862377 0.249664 -0.691823 0.148762 0.706577 -0.572195 0.483918 -0.662131
-19.983416 -45.509815 -569.626435 -680.693599 0.502190 0.840726 0.202449 -0.732955 0.289586 0.615562 -0.458893 0.457515 -0.761641
-25.614314 -43.295828 -1489.463203 -105.619726 0.607347 0.782255 0.138591 0.617126 -0.354700 -0.702384 -0.500285 0.512119 -0.698175
-15.316675 -46.529592 -505.430719 -1021.620728 0.393109 0.893195 0.218330 -0.793928 0.209940 0.570617 -0.463836 0.397653 -0.791662
-26.741986 -34.199186 1829.531758 2281.898405 0.510551 0.612626 -0.603346 -0.370885 0.789961 0.488269 0.775746 -0.025515 0.630529
-25.820578 -31.047056 4708.746508 -2916.315194 0.372610 0.828618 -0.417797 0.597753 -0.558687 -0.574944 0.709826 0.035509 0.703481
-9.331490 -40.946877 1107.148655 445.976316 -0.046917 0.962042 -0.268837 -0.680660 -0.227770 -0.696293 0.731096 -0.150318 -0.665510
-26.699035 -88.500331 -109.675407 -15652.946484 -0.031364 -0.972089 -0.232507 0.978705 -0.077082 0.190247 -0.202859 -0.221589 0.953806
-29.379148 -112.670160 61.689857 -17844.277589 -0.090544 -0.957581 -0.273569 0.995388 -0.095758 0.005739 -0.031692 -0.271787 0.961835
-27.558109 -99.582970 -929.255342 -13153.730195 -0.011633 -0.984645 -0.174181 0.999049 -0.018765 0.039353 -0.042017 -0.173558 0.983927
-29.307273 -116.561224 -579.164277 -9066.345921 -0.059317 -0.980523 -0.187233 0.979565 -0.021065 -0.200021 0.192181 -0.195271 0.961736
-24.344322 -75.249242 927.562088 -11953.437742 -0.057979 0.986222 0.154935 0.972898 0.021019 0.230279 -0.223850 -0.164088 0.960711
-25.427826 -108.801096 1571.219487 -9028.247548 0.015922 0.995954 0.088442 0.990523 -0.003643 -0.137299 0.136422 -0.089790 0.986573
-23.017068 -88.600329 1183.646556 -12024.111364 -0.042708 0.993679 0.103821 0.990032 0.028132 0.138008 -0.134215 -0.108680 0.984975
-7.398937 -86.310968 103.749025 324.361855 0.264284 0.935583 0.234178 -0.270904 0.305049 -0.912993 0.925616 -0.177850 -0.334073
-9.190494 -90.261432 3010.025773 -4375.087132 -0.044660 0.998406 -0.034519 0.981514 0.037415 -0.187700 0.186109 0.042264 0.981620
-8.946479 -93.616559 3137.669190 -607.293185 -0.018168 0.998841 -0.044580 0.919669 -0.000799 -0.392694 0.392275 0.048134 0.918588
7.335543 -54.251752 224.182714 572.800081 -0.202689 0.963028 -0.177464 0.376633 0.243952 0.893664 -0.903916 -0.114297 0.412155
8.015080 -57.191939 338.267617 917.183213 -0.213294 0.955342 -0.204516 0.242225 0.254508 0.936244 -0.946484 -0.150156 0.285693
7.446910 -59.334533 558.470638 1142.698503 -0.183532 0.961047 -0.206651 0.267117 0.251069 0.930383 -0.946026 -0.115555 0.302792
6.878934 -55.708405 -260.386884 1120.890256 -0.233721 0.953386 -0.190865 0.276920 0.253442 0.926867 -0.932035 -0.163774 0.323246
6.683515 -55.863924 688.994845 554.569759 -0.166636 0.971468 -0.168766 0.421514 0.224915 0.878487 -0.891380 -0.075250 0.446967
6.360840 -52.739692 481.373756 671.959843 -0.180223 0.972075 -0.150299 0.529566 0.224655 0.817979 -0.828903 -0.067826 0.555266
6.182548 -51.397072 -412.002119 723.156199 -0.231581 0.959300 -0.161598 0.436981 0.250991 0.863743 -0.869148 -0.129412 0.477320
0.642162 -165.777975 -70.045607 19678.113758 0.958556 0.218539 -0.182789 -0.190671 0.968793 0.158379 0.211697 -0.116963 0.970311
7.253976 -146.347220 1624.835124 22807.346621 0.942210 0.270972 -0.197014 -0.272626 0.961928 0.019212 0.194719 0.035610 0.980212
