17339
34671
-38.805054 -61.109607 -465.284910 8062.173100 0.395569 0.918310 -0.015222 0.750409 -0.332711 -0.571130 0.529539 -0.214498 0.820719
-42.914927 -72.988391 -436.521549 5610.939586 0.349459 0.936892 -0.010575 0.838284 -0.317680 -0.443125 0.418519 -0.145990 0.896398
-48.349816 -82.029006 514.450507 9776.815042 -0.014390 0.973073 0.230048 0.909847 0.108162 -0.400598 0.414694 -0.203544 0.886904
-37.135851 -62.306160 -1208.975402 6802.810645 0.499942 0.848373 -0.174127 0.689452 -0.511545 -0.512814 0.524132 -0.136325 0.840655
-39.526628 -64.844916 -313.044248 11274.499462 0.187925 0.963184 0.192250 0.821511 -0.046858 -0.568264 0.538334 -0.264727 0.800073
-32.789925 -48.546179 -149.880835 6665.798740 0.484993 0.872000 -0.066312 0.633162 -0.402434 -0.661175 0.603231 -0.278680 0.747295
-32.937083 -50.126673 356.317752 4226.661990 0.628760 0.709136 -0.319041 0.491444 -0.680352 -0.543696 0.602614 -0.185064 0.776278
33.135286 -114.851805 -3018.818366 16733.288837 0.247122 -0.743783 -0.621062 0.920093 -0.020904 0.391142 -0.303907 -0.668094 0.679184
44.106937 -85.193850 -1610.484705 4032.760665 0.337728 -0.775207 -0.533849 0.919154 0.149469 0.364438 -0.202721 -0.613770 0.763014
48.518840 -102.735592 -7234.066703 15768.169192 0.262819 -0.719555 -0.642781 0.951276 0.081910 0.297263 -0.161246 -0.689588 0.706023
42.371421 -142.356493 -6177.402463 24259.486623 0.202080 -0.672983 -0.711518 0.914130 -0.131112 0.383636 -0.351469 -0.727945 0.588698
25.688445 -132.005001 -3406.183984 15680.350347 0.183524 -0.711467 -0.678331 0.834401 -0.252074 0.490137 -0.519706 -0.655952 0.547387
25.100297 -110.802553 473.623690 14655.163666 0.236288 -0.757213 -0.608931 0.853498 -0.137801 0.502546 -0.464446 -0.638467 0.613719
-41.328195 -66.385988 -1805.911439 -7856.927005 0.377132 0.924329 0.058208 -0.331044 0.193231 -0.923619 0.864975 -0.329056 -0.378867
-38.858661 -53.469005 99.172368 -5784.429001 0.402688 0.914461 0.040055 -0.238744 0.147176 -0.959865 0.883654 -0.376963 -0.277588
-41.354299 -67.481356 81.843997 -7219.225186 0.428688 0.903398 0.009947 -0.353707 0.177955 -0.918272 0.831335 -0.390134 -0.395825
-43.134607 -82.171571 -2026.640337 -6443.043750 0.425667 0.901197 0.081560 -0.475872 0.299608 -0.826911 0.769645 -0.313177 -0.556387
-45.131315 -76.843581 -2670.544564 -9874.020494 0.346935 0.930786 0.115208 -0.395806 0.256667 -0.881737 0.850279 -0.260305 -0.457457
6.517333 -131.106499 -1313.425618 2988.786553 0.370387 -0.186209 0.910022 0.576171 0.814509 -0.067842 -0.728588 0.549456 0.408971
3.745231 -126.112951 -1779.730274 807.529726 0.371721 -0.172533 0.912171 0.418451 0.908239 0.001265 -0.828687 0.381228 0.409808
2.457619 -129.496931 -2709.592419 942.030118 0.364448 -0.164073 0.916655 0.576705 0.812640 -0.083834 -0.731156 0.559193 0.390787
5.966273 -126.768234 -653.898636 -1172.556139 0.382586 -0.190695 0.904026 0.363127 0.930763 0.042658 -0.849569 0.311956 0.425343
5.707300 -134.131516 -2953.593987 755.703856 0.355076 -0.178001 0.917735 0.736744 0.657570 -0.157510 -0.575438 0.732064 0.364628
9.252558 -130.766274 -297.792040 1763.646184 0.366616 -0.214022 0.905421 0.746158 0.648943 -0.148732 -0.555735 0.730115 0.397607
8.514278 -128.464607 891.323912 2515.813586 0.387589 -0.219406 0.895341 0.591797 0.803912 -0.059185 -0.706790 0.552799 0.441431
13.763297 -120.305474 1385.391971 13908.442890 -0.125195 -0.524562 -0.842117 0.711383 0.544189 -0.444739 0.691564 -0.654747 0.305035
17.511276 -105.012212 8411.765005 6875.632029 -0.122608 -0.492284 -0.861756 0.709872 0.563316 -0.422797 0.693577 -0.663575 0.280391
18.749591 -101.353145 2598.967753 16297.054021 -0.075339 -0.490904 -0.867950 0.577157 0.688335 -0.439413 0.813150 -0.534049 0.231470
22.027550 -113.328724 -4618.740999 21589.381990 -0.072900 -0.499888 -0.863016 0.554056 0.699209 -0.451807 0.829281 -0.511096 0.225994
-3.376074 -38.010193 -781.896473 69.145001 0.639276 0.730919 -0.238924 -0.008442 -0.304014 -0.952630 0.768931 -0.611010 0.188178
-2.931282 -35.831391 -916.153697 -3500.129537 0.641378 0.729819 -0.236641 -0.036918 -0.278722 -0.959662 0.766336 -0.624242 0.151823
-3.086260 -39.777000 934.383849 -1216.855128 0.620103 0.737886 -0.266451 -0.015299 -0.328197 -0.944485 0.784371 -0.589755 0.192227
-5.828557 -41.424228 347.512176 3836.789708 0.621145 0.725254 -0.296960 -0.011507 -0.370441 -0.928785 0.783611 -0.580327 0.221752
-4.647217 -42.728149 1545.328804 1872.041187 0.600264 0.720567 -0.347084 -0.047075 -0.401379 -0.914701 0.798416 -0.565401 0.207013
-0.696150 -38.161956 1114.934834 -1516.158194 0.611482 0.705579 -0.358118 -0.093402 -0.385064 -0.918151 0.785726 -0.594882 0.169557
384.880641 -24.446852 96813.513402 -70.905137 0.173199 0.819051 -0.546953 0.287314 0.489172 0.823506 -0.942047 0.299778 0.150601
669.146358 -26.813131 244548.927378 -1670.208029 0.367510 0.738418 -0.565399 0.362569 0.446085 0.818262 -0.856435 0.505715 0.103787
379.986638 -21.197551 -79174.508181 -435.221619 -0.265744 0.883832 -0.384995 0.339132 0.459535 0.820864 -0.902424 -0.087575 0.421855
849.132140 -31.535368 317761.106998 -978.186280 0.628193 0.552910 -0.547416 0.291757 0.484834 0.824508 -0.721285 0.677662 -0.143254
386.179461 -25.275188 -87325.986927 4431.144834 -0.263651 0.845724 -0.463939 0.300902 0.529063 0.793442 -0.916486 -0.069592 0.393968
419.860950 -31.403213 122889.938257 4325.764939 0.313769 0.728668 -0.608762 0.262636 0.549521 0.793126 -0.912454 0.408741 0.018952
3.894820 -51.905672 904.399483 -389.231748 0.588078 0.781476 -0.208469 0.480182 -0.544750 -0.687512 0.650838 -0.304207 0.695607
3.850088 -52.458588 1128.915914 -236.464798 0.594908 0.773179 -0.219722 0.410307 -0.527171 -0.744136 0.691182 -0.352540 0.630859
4.734476 -50.508866 1001.577871 -1406.788156 0.583247 0.790755 -0.185821 0.520417 -0.539408 -0.661971 0.623690 -0.289388 0.726130
2.456596 -54.922916 671.801091 153.058372 0.600661 0.764987 -0.232381 0.385371 -0.531690 -0.754186 0.700497 -0.363457 0.614169
4.424128 -52.189335 899.855446 -1147.343426 0.569590 0.800731 -0.185467 0.581199 -0.551933 -0.597978 0.581184 -0.232809 0.779759
2.555460 -53.574510 307.219789 -1162.324276 0.586546 0.783341 -0.205769 0.511997 -0.555482 -0.655209 0.627552 -0.278957 0.726884
-18.903180 -105.785525 705.040039 7361.635975 0.387573 0.909562 -0.149944 0.764564 -0.226297 0.603516 -0.515003 0.348548 0.783126
-17.198178 -93.078836 683.138430 7128.365776 0.446169 0.888194 -0.109747 0.814046 -0.351822 0.462116 -0.371837 0.295521 0.880003
-15.027330 -90.544710 1567.951087 6697.531547 0.454751 0.880282 -0.135295 0.812165 -0.347538 0.468621 -0.365499 0.322988 0.872977
-22.349561 -104.799377 1029.652018 9364.350734 0.383557 0.917625 -0.104151 0.807437 -0.278469 0.520096 -0.448251 0.283582 0.847734
-25.201812 -115.063825 2549.488435 6090.016328 0.331943 0.929190 -0.162541 0.716606 -0.136345 0.684022 -0.613425 0.343534 0.711122
-12.033945 -85.501756 -229.451952 1807.570283 0.174389 0.956350 0.234484 0.300164 0.175168 -0.937666 0.937811 -0.233903 0.256515
-11.181863 -84.455566 557.109407 -1917.788210 0.136354 0.958816 0.249159 0.489515 0.153447 -0.858387 0.861268 -0.239011 0.448432
-10.396794 -86.442191 -1311.275917 -827.726467 0.196526 0.946381 0.256398 0.471560 0.138041 -0.870963 0.859656 -0.292074 0.419147
-13.851242 -83.514720 478.985194 135.883093 0.120468 0.959822 0.253435 0.308314 0.206495 -0.928602 0.943626 -0.190004 0.271051
-10.072006 -87.658954 -2098.345777 2697.141316 0.225817 0.945213 0.235751 0.293758 0.164667 -0.941590 0.928823 -0.281881 0.240479
-10.689099 -86.381528 -1597.478692 823.310703 0.218119 0.948245 0.230772 0.164251 0.197423 -0.966460 0.962001 -0.248708 0.112688
-13.503598 -86.947125 -193.208278 244.180903 0.184604 0.956130 0.227457 0.146740 0.202027 -0.968325 0.971797 -0.212134 0.103008
-14.008327 -87.350577 802.123488 144.684183 0.148045 0.960319 0.236368 0.165445 0.211586 -0.963255 0.975044 -0.181711 0.127556
413.628400 4.235578 -114346.615062 8602.703144 -0.308164 -0.028492 -0.950906 0.887924 -0.367428 -0.276744 -0.341505 -0.929615 0.138527
440.370218 -37.476074 -151982.438061 6613.162384 -0.402305 0.165120 -0.900492 0.781360 -0.450662 -0.431718 -0.477103 -0.877291 0.052285
261.227435 5.913120 -98059.377280 11660.398747 -0.439539 -0.072442 -0.895297 0.836489 -0.396155 -0.378613 -0.327249 -0.915321 0.234723
466.882260 32.783443 -127485.532220 -1163.711126 -0.244482 -0.257165 -0.934930 0.902016 -0.414114 -0.121968 -0.355802 -0.873141 0.333211
513.936163 15.484619 -66013.454447 -2692.845802 -0.056270 0.058982 -0.996672 0.927558 -0.366270 -0.074043 -0.369418 -0.928637 -0.034100
174.435237 30.483292 -6437.068881 589.283024 -0.033845 -0.337094 -0.940863 0.935311 -0.342439 0.089044 -0.352204 -0.876985 0.326877
4.358025 -28.190803 1368.872928 3022.253558 0.647115 0.380114 0.660875 -0.069745 0.892725 -0.445172 -0.759196 0.241984 0.604206
2.636030 -31.065550 -229.094583 4312.038494 0.620188 0.537718 0.571162 -0.225429 0.819557 -0.526790 -0.751364 0.197953 0.629497
6.712773 -37.500541 2098.573594 3460.137759 0.634364 0.510546 0.580452 -0.239464 0.843723 -0.480405 -0.735010 0.165755 0.657485
608.474509 -55.951515 256072.749495 2796.481558 0.608599 0.728466 -0.314554 -0.497445 0.659130 0.564000 -0.618187 0.186777 -0.763518
210.626212 -56.811176 97320.685733 2475.190055 0.674738 0.675548 -0.297260 -0.350743 0.647869 0.676199 -0.649391 0.351996 -0.674085
1901.089856 -239.331845 698043.565098 -42078.161453 0.407728 0.895109 -0.180384 -0.578412 0.406048 0.707506 -0.706539 0.184133 -0.683299
455.412753 -75.857391 177182.222516 1824.490617 0.484674 0.835857 -0.257750 -0.628569 0.537748 0.561897 -0.608270 0.110323 -0.786026
-3.514985 -141.065812 1396.771674 11228.622545 -0.521460 -0.017521 -0.853096 0.702388 0.558867 -0.440817 0.484491 -0.829072 -0.279120
-3.937027 -122.411806 912.593707 5911.070503 -0.529824 -0.041430 -0.847095 0.644848 0.629074 -0.434093 0.550870 -0.776241 -0.306583
-7.514206 -146.529462 -166.538972 19950.569377 -0.548407 -0.051551 -0.834621 0.727066 0.463639 -0.506373 0.413067 -0.884523 -0.216782
-5.116346 -122.676020 -1013.192401 9733.257213 -0.522883 -0.069911 -0.849533 0.626793 0.643900 -0.438776 0.577689 -0.761909 -0.292864
-5.015953 -148.106389 -1556.165900 16611.226994 -0.555386 -0.096091 -0.826023 0.697123 0.487761 -0.525460 0.453394 -0.867672 -0.203909
-8.651550 -162.426037 -1294.886841 21220.791183 -0.576005 -0.083204 -0.813201 0.764403 0.297690 -0.571899 0.289666 -0.951030 -0.107870
-3.807010 -92.548262 -416.737779 4593.473859 0.318923 -0.091241 0.943379 -0.573807 0.773620 0.268806 -0.754343 -0.627046 0.194371
-3.591940 -103.159559 638.355480 3917.861630 0.319106 -0.050400 0.946378 -0.630928 0.733836 0.251821 -0.707178 -0.677454 0.202373
-3.708344 -94.518207 -1.338509 1088.732033 0.346853 -0.107263 0.931766 -0.479184 0.833733 0.274356 -0.806273 -0.541649 0.237784
1.698917 -35.954799 -1481.351208 -933.705892 0.064784 -0.127306 -0.989746 -0.169524 0.976008 -0.136635 0.983395 0.176637 0.041648
4.684694 -39.787313 -3352.774284 -1131.995547 0.032115 0.026112 -0.999143 -0.218451 0.975673 0.018477 0.975319 0.217670 0.037038
8.285278 -37.242737 -1902.258367 -1134.247824 0.047501 -0.076703 -0.995922 -0.118585 0.989563 -0.081869 0.991807 0.121990 0.037909
-4.059151 -38.838811 -2253.913117 -859.109208 0.043394 -0.027252 -0.998686 -0.272795 0.961318 -0.038086 0.961093 0.274089 0.034282
6.363576 -34.199257 -942.383596 -1080.514112 0.083172 -0.227331 -0.970259 -0.085433 0.968422 -0.234223 0.992866 0.102372 0.061124
8.623857 -495.676902 5109.309621 -120925.501576 0.400141 -0.050209 0.915077 0.253490 0.965606 -0.057863 -0.880698 0.255117 0.399106
13.443201 -336.320955 4337.716099 -52102.697735 0.453640 0.013483 0.891083 0.114708 0.990685 -0.073386 -0.883772 0.135505 0.447868
26.030268 -351.567484 8061.843850 -60584.427448 0.427986 -0.016838 0.903628 -0.107105 0.991836 0.069210 -0.897416 -0.126404 0.422689
26.528128 -459.434679 11868.263035 -97571.360259 0.392863 -0.097365 0.914428 0.043556 0.995233 0.087256 -0.918565 0.005550 0.395231
-6.652480 -47.583934 1555.000479 -1058.910205 0.559356 0.588027 -0.584248 0.005477 0.702187 0.711972 0.828909 -0.401446 0.389552
-5.784275 -47.892363 1076.925234 -4488.270332 0.572601 0.608279 -0.549658 0.081339 0.624992 0.776382 0.815789 -0.489266 0.308394
-5.629081 -48.105105 202.835110 -2483.820704 0.562983 0.581913 -0.586879 0.115524 0.647725 0.753065 0.818355 -0.491761 0.297433
12.354302 -142.343198 1832.083958 -3320.833366 0.235441 0.965443 0.111747 -0.304704 0.182508 -0.934798 0.922889 -0.186040 -0.337144
17.520585 -360.037850 -177.456131 -93728.269021 0.292680 0.947615 0.127924 -0.281591 0.213265 -0.935534 0.913808 -0.237790 -0.329258
14.595754 -142.307637 4403.835718 8058.470136 0.200287 0.974884 0.097403 -0.158303 0.130313 -0.978754 0.966864 -0.180612 -0.180427
12.746656 -133.219811 2124.196137 1234.287781 0.171766 0.983088 0.063520 -0.249034 0.105715 -0.962708 0.953141 -0.149542 -0.262981
11.001237 -261.628355 -1.737641 -60710.640363 0.205046 0.967387 0.148724 -0.345208 0.213667 -0.913881 0.915854 -0.136046 -0.377761
-12.463462 -122.987792 -779.716146 43112.921948 0.257126 -0.036353 -0.965694 0.940949 -0.218314 0.258756 -0.220231 -0.975201 -0.021928
-9.512132 -138.879235 -2261.172868 45669.088120 0.267447 -0.029414 -0.963124 0.934316 -0.236517 0.266671 -0.235638 -0.971182 -0.035774
-5.992631 -44.965655 1528.117707 10172.446951 0.448968 -0.074199 -0.890462 0.872258 -0.179847 0.454776 -0.193891 -0.980892 -0.016025
-25.573996 -72.153900 6825.154999 14458.062508 0.446147 -0.076708 -0.891666 0.874772 -0.173047 0.452581 -0.189017 -0.981922 -0.010103
-25.181741 -314.496001 -2700.581681 104161.293183 0.053725 0.021087 -0.998333 0.966853 -0.251022 0.046729 -0.249619 -0.967752 -0.033874
-27.826991 -50.200633 -1112.197383 -1576.674985 0.261954 0.817194 -0.513395 0.389690 0.397109 0.830931 -0.882905 0.417730 0.214428
-31.351164 -53.020471 543.849790 -558.500501 0.265095 0.815786 -0.514021 0.486589 0.347050 0.801740 -0.832439 0.462654 0.304952
-33.077236 -52.855114 -2870.481023 -421.985514 0.214277 0.715087 -0.665384 0.535801 0.483523 0.692187 -0.816702 0.504834 0.279536
-44.004998 -59.096980 2308.241018 -1507.363106 -0.102078 -0.551707 0.827768 0.777087 0.475283 0.412604 -0.621060 0.685365 0.380209
-43.084557 -58.927758 -1903.347389 -1252.063767 0.212524 0.696475 -0.685388 0.730358 0.352755 0.584929 -0.649162 0.624889 0.433707
-45.934722 -65.157844 2359.941602 -3655.283904 -0.200546 -0.660820 0.723255 0.815039 0.297091 0.497441 -0.543592 0.689241 0.479013
19.686631 -44.143437 -15853.869981 239.056875 -0.763071 0.616705 0.193384 -0.224543 -0.533534 0.815427 -0.606055 -0.578806 -0.545601
-2.122355 -48.500214 16333.016127 -1597.168020 0.783375 -0.581114 -0.220521 0.153348 0.524525 -0.837471 -0.602335 -0.622238 -0.500012
-14.962406 -51.200059 -12145.462467 -1552.930821 -0.788962 0.492002 0.368067 0.093377 0.688075 -0.719607 -0.607305 -0.533374 -0.588806
33.259869 -39.334595 -14711.494699 -1027.934050 -0.735479 0.645687 0.205327 -0.282669 -0.567820 0.773097 -0.615767 -0.510557 -0.600136
48.490168 -37.318118 -8812.485931 -635.243429 -0.646644 0.744134 0.167681 -0.293451 -0.445590 0.845776 -0.704087 -0.497710 -0.506504
2.747261 -45.889013 -12731.687453 64.238601 -0.793635 0.518772 0.317833 0.174366 0.694449 -0.698095 -0.582872 -0.498613 -0.641596
-4.847026 -41.400814 -1712.290029 -492.905070 -0.333287 0.915484 0.225409 -0.925599 -0.363202 0.106543 -0.179407 0.173129 -0.968421
-7.535080 -40.837945 -964.393472 1135.170542 -0.346580 0.906242 0.242092 0.930842 0.364145 -0.030533 -0.115827 0.214767 -0.969773
-4.221656 -41.149426 -1585.487154 1157.265815 -0.342170 0.913039 0.221990 0.933928 0.356469 -0.026611 -0.103430 0.198217 -0.974686
-1.668702 -41.195216 -1837.660731 631.127559 -0.322733 0.922910 0.209955 -0.924568 -0.354869 0.138715 -0.202528 0.149350 -0.967821
-4.432630 -42.034641 -2153.213811 1169.346426 -0.329176 0.919642 0.214248 -0.900993 -0.373799 0.220194 -0.282586 0.120554 -0.951637
26.080821 -33.401212 -824.853444 1957.349547 -0.475549 0.830681 0.289521 -0.545476 -0.536655 0.643784 -0.690152 -0.148224 -0.708322
17.373838 -36.154703 -4257.790530 1317.089703 -0.465700 0.851156 0.242194 -0.638962 -0.512763 0.573413 -0.612251 -0.112285 -0.782649
20.159702 -38.633098 1702.685450 1501.745938 -0.386044 0.879020 0.279811 -0.647443 -0.474245 0.596581 -0.657105 -0.049145 -0.752195
24.232370 -36.145609 4458.021812 2115.566429 -0.371980 0.876437 0.305761 -0.572685 -0.475923 0.667479 -0.730522 -0.073184 -0.678956
29.458128 -31.003892 5375.473011 1584.432185 -0.415640 0.843442 0.340365 -0.487327 -0.522490 0.699654 -0.767955 -0.124936 -0.628201
27.105632 -31.066687 -2875.097631 1950.467969 -0.591052 0.741953 0.316487 -0.415400 -0.616301 0.669041 -0.691448 -0.263970 -0.672473
-2.230055 -75.671182 -1255.115147 680.998833 -0.384638 0.912666 -0.138182 -0.460685 -0.319524 -0.828055 0.799890 0.254843 -0.543352
1.887370 -75.653776 -579.265846 -2004.194457 -0.392917 0.911134 -0.124305 -0.303336 -0.256031 -0.917843 0.868104 0.322929 -0.376978
2.812148 -76.061846 -1188.073935 2361.427938 -0.389560 0.909736 -0.143605 -0.429434 -0.317354 -0.845501 0.814757 0.267705 -0.514300
1.907359 -73.486263 -1446.366223 3327.807336 -0.383429 0.911306 -0.150012 -0.530741 -0.350344 -0.771734 0.755842 0.216288 -0.617999
8.195062 -99.862567 1952.146172 -24.980531 -0.683122 0.728987 0.043849 0.712082 0.651546 0.261585 0.162122 0.209919 -0.964184
7.934979 -95.835993 1213.428806 -5517.559240 -0.671159 0.739796 0.047399 0.741288 0.669233 0.051186 0.006146 0.069490 -0.997564
12.118648 -100.678193 1459.377840 -2329.420267 -0.667805 0.744103 0.018638 0.742649 0.664398 0.083955 0.050088 0.069907 -0.996295
4.524009 -96.266688 1119.471318 -3666.049661 -0.684773 0.726102 0.062148 0.716864 0.655800 0.236712 0.131120 0.206645 -0.969590
12.628642 -99.891721 2398.481210 4805.001566 -0.677215 0.734765 0.038721 0.697647 0.624500 0.351124 0.233812 0.264800 -0.935528
6.043282 -101.403496 -1957.625776 884.797339 0.687206 -0.723184 -0.068938 0.671959 0.596716 0.438635 0.276078 0.347756 -0.896017
9.213621 -97.787316 -2290.705798 4913.858570 0.686481 -0.725303 -0.051755 0.670790 0.604194 0.430105 0.280687 0.329976 -0.901294
-3.227393 -113.974544 -691.084726 -1951.425540 -0.383888 0.904708 -0.184754 -0.848800 -0.424523 -0.315148 0.363550 -0.035838 -0.930885
-5.405450 -106.765840 -93.872470 -523.562560 -0.386984 0.905818 -0.172443 -0.826063 -0.423665 -0.371657 0.409712 0.001376 -0.912214
-4.782469 -111.814228 532.749345 2951.036061 -0.377161 0.911763 -0.162599 -0.760264 -0.405062 -0.507862 0.528912 0.067927 -0.845954
-5.760247 -108.376259 12.755262 3269.390833 -0.366923 0.917885 -0.151176 -0.732174 -0.385203 -0.561729 0.573836 0.095424 -0.813392
-2.887330 -110.370234 -1665.704031 3127.308943 -0.348387 0.917834 -0.190283 -0.786552 -0.396673 -0.473273 0.509866 0.015215 -0.860119
-1.935967 -119.028011 -1798.636167 7034.055771 -0.346853 0.919712 -0.183910 -0.686539 -0.382558 -0.618315 0.639028 0.088203 -0.764110
-4.231859 -118.096828 -598.877335 3910.678421 -0.349356 0.924351 -0.153378 -0.615219 -0.349754 -0.706525 0.706721 0.152468 -0.690868
10.325966 -76.837912 -1758.361386 -1163.254993 -0.416634 0.897292 -0.145885 -0.676807 -0.413302 -0.609191 0.606917 0.155074 -0.779490
8.118004 -73.024265 -2051.529832 1907.689600 -0.415416 0.894569 -0.164849 -0.623015 -0.411857 -0.665001 0.662784 0.173549 -0.728422
12.809015 -78.622419 -1415.915333 4689.134707 -0.430215 0.893091 -0.131545 -0.594753 -0.390040 -0.702950 0.679105 0.224183 -0.698969
-2.226800 -155.301635 997.654355 -8956.454754 -0.577344 0.813726 0.067256 -0.622086 -0.491731 0.609270 -0.528851 -0.309920 -0.790105
-1.089853 -152.612669 358.212398 -4859.567229 -0.578491 0.812938 0.066933 -0.557228 -0.453782 0.695398 -0.595689 -0.364985 -0.715501
-2.091588 -145.655217 812.225837 -7166.448786 -0.571270 0.818596 0.059600 -0.713926 -0.531422 0.455961 -0.404920 -0.217927 -0.888002
-4.815118 -146.893193 1289.119048 -8521.000018 -0.575520 0.816092 0.052627 -0.730267 -0.541828 0.416092 -0.368084 -0.201037 -0.907798
-12.510316 -36.337724 -44.481161 -1347.285469 -0.396167 0.916315 -0.058478 -0.872070 -0.355579 0.336240 -0.287308 -0.184204 -0.939959
-13.916649 -38.868262 -580.928951 32.371682 -0.453550 0.891115 -0.014358 -0.841485 -0.422871 0.336277 -0.293590 -0.164600 -0.941654
-14.277767 -42.336434 -421.167296 2841.607685 -0.463275 0.885569 -0.033812 -0.851014 -0.433903 0.295809 -0.247288 -0.165815 -0.954649
-11.768139 -35.490721 -317.227717 -421.177137 -0.364548 0.929064 -0.062806 -0.855637 -0.307597 0.416257 -0.367411 -0.205485 -0.907075
-12.730644 -39.359035 201.424305 511.299149 -0.413110 0.907851 -0.071734 -0.879227 -0.377079 0.291157 -0.237278 -0.183350 -0.953982
5.470865 -127.504835 2477.495654 9859.210894 -0.665991 0.745884 -0.010647 -0.369809 -0.342526 -0.863665 0.647840 0.571256 -0.503954
5.011567 -140.781220 2440.440718 8525.027815 -0.673574 0.737550 -0.048147 -0.169618 -0.217651 -0.961175 0.719394 0.639256 -0.271706
4.144100 -123.453267 950.885645 9025.811439 -0.666884 0.744480 -0.031869 -0.287956 -0.296917 -0.910452 0.687275 0.597989 -0.412386
-1.178376 -53.883610 629.690133 -1313.054113 -0.435448 0.900049 -0.017242 0.135470 0.046582 -0.989686 0.889962 0.433293 0.142213
-0.932693 -53.490657 -59.527591 -1225.989182 -0.433746 0.901003 -0.007606 0.132242 0.055307 -0.989673 0.891278 0.430273 0.143140
-0.870327 -54.011278 508.710126 1014.665636 -0.436063 0.899875 -0.008630 0.195656 0.085442 -0.976943 0.878390 0.427697 0.213324
-2.307446 -53.672167 1189.811653 -1579.344645 -0.432980 0.900970 -0.027950 0.148296 0.040613 -0.988109 0.889121 0.431977 0.151195
-1.794608 -30.244813 -238.509398 5620.999538 -0.330582 0.922751 0.198106 -0.492707 -0.347771 0.797681 -0.804957 -0.166090 -0.569613
-1.651945 -36.637429 -252.507055 3592.700910 -0.330940 0.923070 0.196012 -0.554153 -0.358231 0.751388 -0.763801 -0.140044 -0.630075
-1.558915 -31.194835 160.844584 5283.619857 -0.348816 0.912579 0.213370 -0.492426 -0.372175 0.786767 -0.797398 -0.169368 -0.579198
38.343987 -33.499014 -2256.020110 -3186.436307 0.030437 0.886717 -0.461310 -0.458777 0.422431 0.781713 -0.888030 -0.187846 -0.419663
31.889818 -36.964498 -6099.623827 4659.206655 -0.101930 0.908435 -0.405408 -0.458329 0.318815 0.829634 -0.882919 -0.270374 -0.383865
39.780896 -28.383714 -4594.005014 -50.341415 0.044356 0.888316 -0.457086 -0.487922 0.418517 0.766013 -0.871760 -0.189045 -0.451993
20.790249 -260.541434 2455.606418 2227.224056 -0.525565 0.829921 -0.187116 0.068937 -0.177675 -0.981672 0.847956 0.528831 -0.036167
23.242397 -249.821463 -1288.789688 46268.912390 -0.496730 0.849618 -0.177226 -0.290241 -0.355058 -0.888647 0.817936 0.389980 -0.422962
18.324606 -271.888252 -814.998055 33012.339214 -0.469672 0.864103 -0.180926 -0.152786 -0.281401 -0.947349 0.869520 0.417300 -0.264189
11.911885 -75.582567 -5751.345316 681.455174 -0.659724 0.743128 -0.111912 -0.397579 -0.471500 -0.787159 0.637726 0.474814 -0.606512
6.716700 -73.543505 -4149.206160 2026.526487 -0.652271 0.753117 -0.085777 -0.510793 -0.520340 -0.684351 0.560030 0.402568 -0.724090
1.779821 -78.742225 -5208.658135 1589.756671 -0.642106 0.760298 -0.098219 -0.427241 -0.461281 -0.777615 0.636525 0.457348 -0.621022
-5.503148 -241.213120 428.983582 -34490.689467 -0.604051 0.763546 -0.228295 -0.122344 -0.371912 -0.920170 0.787499 0.527900 -0.318069
5.436363 -295.995541 2810.292718 -50952.689871 -0.611973 0.761630 -0.213094 -0.408898 -0.535333 -0.739068 0.676972 0.365156 -0.639039
7.338562 -362.318616 6580.532944 -88009.971706 -0.675896 0.682551 -0.278010 -0.192778 -0.527820 -0.827190 0.711338 0.505500 -0.488332
1.081795 -219.911205 3678.243604 -7200.504359 -0.660201 0.698364 -0.276446 0.012339 -0.357926 -0.933669 0.750987 0.619820 -0.227686
-6.516982 -231.069780 4757.974569 -12908.170146 -0.649025 0.720975 -0.242818 0.027275 -0.296919 -0.954513 0.760278 0.626126 -0.173044
-7.538845 -36.711598 -1587.068927 2314.756299 -0.415929 0.900246 0.128686 0.104288 -0.093355 0.990156 -0.903397 -0.425255 0.055055
-9.370390 -40.818162 -597.489004 1853.758920 -0.385636 0.916819 0.103575 0.056958 -0.088388 0.994456 -0.920891 -0.389397 0.018135
-5.075924 -41.140047 -2081.278772 1004.672425 -0.421199 0.892053 0.163809 0.033273 -0.165292 0.985683 -0.906358 -0.420619 -0.039940
-9.658774 -50.071628 2160.539663 2456.278219 -0.508175 0.833104 0.218393 0.859204 0.472908 0.195262 0.059393 0.286871 -0.956126
-11.211989 -51.225471 511.154584 2087.678154 -0.439221 0.875175 0.202865 0.897326 0.416443 0.146227 0.043492 0.246262 -0.968227
-5.873336 -55.142674 1124.707098 2131.545563 -0.438186 0.873968 0.210172 0.897401 0.438765 0.046448 -0.051621 0.208961 -0.976561
-8.080873 -51.427156 -1121.948375 1200.877848 -0.350211 0.917910 0.186528 0.936635 0.344924 0.061174 -0.008185 0.196132 -0.980543
-10.444951 -40.954411 -1741.578725 -834.981300 -0.107166 0.990975 0.080517 -0.840065 -0.046935 -0.540451 0.531795 0.125558 -0.837514
-7.195437 -45.511220 -1008.590712 2351.474104 0.003120 0.983511 0.180823 -0.804547 0.109858 -0.583640 0.593880 0.143660 -0.791624
-6.857557 -47.557148 -1022.597670 2895.056053 -0.044804 0.992141 0.116830 -0.818015 0.030696 -0.574377 0.573449 0.121303 -0.810211
-11.213803 -83.370272 -332.502576 -1275.076074 -0.565566 0.824409 0.022021 -0.806271 -0.558343 0.195399 -0.173384 -0.092756 -0.980477
-10.781010 -84.413648 -820.356618 -1887.462633 -0.555209 0.831706 -0.002752 -0.815230 -0.543549 0.199888 -0.164752 -0.113223 -0.979815
-9.913520 -88.377689 -598.145247 -5421.817718 -0.567508 0.823186 0.017285 -0.783656 -0.546458 0.295410 -0.252623 -0.154102 -0.955214
97.833192 -245.165822 -20656.022135 -46843.380403 -0.143193 0.989583 0.014870 -0.884000 -0.134642 0.447677 -0.445016 -0.050959 -0.894072
61.794787 -193.528813 -7737.566813 -17909.249449 -0.213923 0.976168 -0.036504 -0.954170 -0.200804 0.221895 -0.209277 -0.082299 -0.974387
72.513593 -153.975431 -8118.877232 -17248.778380 -0.024467 0.993791 0.108544 -0.979124 -0.045737 0.198049 -0.201784 0.101432 -0.974164
116.076349 -226.992691 -14508.701465 -38619.748308 0.058859 0.983517 0.170966 -0.871248 -0.032990 0.489733 -0.487301 0.177779 -0.854946
59.087939 -109.660538 -8763.568512 10172.763525 0.099852 0.967882 0.230724 0.993187 -0.082952 -0.081847 -0.060079 0.237324 -0.969571
97.489987 -142.807279 -10992.693904 23034.501914 0.192887 0.941410 0.276661 0.951796 -0.110979 -0.285952 -0.238495 0.318481 -0.917437
-17.750401 -168.119584 3667.318483 -79504.440305 0.864747 0.094818 0.493176 0.479040 0.139089 -0.866703 0.150775 -0.985730 -0.074855
-7.210539 -29.075735 76.526063 -14320.005336 0.956199 0.134874 0.259793 0.249676 0.087469 -0.964371 0.152793 -0.986994 -0.049963
-12.210514 -55.326791 86.358657 -20638.835880 0.959957 0.109514 0.257855 0.246017 0.110740 -0.962919 0.134008 -0.987797 -0.079363
-77.796959 -333.937763 -6660.147246 -96889.721501 0.987629 0.121357 0.099309 0.076133 0.182567 -0.980241 0.137090 -0.975675 -0.171070
-91.165998 -307.779640 -481.876955 -116094.514025 0.946131 0.158984 -0.282063 -0.298664 0.092105 -0.949903 0.125040 -0.982975 -0.134626
59.633796 -3284.075743 -10890.965138 -1217124.274430 -0.634172 -0.040639 -0.772124 0.746150 0.229629 -0.624925 0.202698 -0.972430 -0.115301
26.619002 -878.118841 -1802.258334 -317386.375792 0.748528 0.068348 0.659572 0.624889 0.260083 -0.736118 0.221856 -0.963164 -0.151969
11.648906 -120.596554 2366.460185 -31009.124157 0.711311 0.040764 0.701694 0.687632 0.166440 -0.706725 0.145599 -0.985209 -0.090360
-46.485234 -78.680374 -1309.860438 2234.902417 0.321998 0.946064 -0.035775 0.900134 -0.317638 -0.298103 0.293388 -0.063786 0.953863
-54.746309 -84.933879 1617.642902 3111.803425 0.054122 0.990037 0.129989 0.961269 -0.016427 -0.275123 0.270247 -0.139845 0.952581
-41.853560 -70.108172 -979.405921 5988.393463 0.461656 0.866063 -0.191856 0.763471 -0.498053 -0.411164 0.451648 -0.043339 0.891143
57.353237 -78.891667 -6472.250142 1241.754369 0.328511 -0.758068 -0.563394 0.940184 0.205501 0.271706 -0.090194 -0.618952 0.780233
56.387822 -74.141073 6708.433608 79.220437 0.402131 -0.806919 -0.432635 0.880231 0.210686 0.425211 -0.251961 -0.551809 0.794998
65.989880 -76.946651 6485.381658 -4649.139947 0.419978 -0.786769 -0.452342 0.901405 0.303803 0.308501 -0.105296 -0.537307 0.836788
-38.418141 -44.340521 610.160986 -1248.272643 0.397048 0.845523 0.356994 -0.030227 0.400803 -0.915665 0.917300 -0.352772 -0.184695
-37.941917 -45.898713 543.574609 -2150.830832 0.450465 0.881812 0.139605 -0.119561 0.214543 -0.969369 0.884752 -0.419975 -0.202075
-34.256007 -37.417883 -2306.802947 -565.617451 0.256699 0.725120 -0.638989 -0.356276 -0.543588 -0.759986 0.898428 -0.422744 -0.118804
-38.825680 -54.614760 219.124170 -5328.725509 0.468165 0.883099 -0.030938 -0.248819 0.098152 -0.963564 0.847886 -0.458805 -0.265684
-35.344330 -40.437415 -797.049468 -1794.521490 0.399098 0.827685 -0.394535 -0.338673 -0.266792 -0.902287 0.852069 -0.493720 -0.173838
16.131098 -112.809737 6205.964499 972.071775 -0.172999 -0.515477 -0.839259 0.823115 0.392278 -0.410610 0.540882 -0.761841 0.356433
20.843430 -93.072338 6358.566484 -3033.670521 -0.165630 -0.553648 -0.816113 0.851267 0.337547 -0.401755 0.497907 -0.761273 0.415394
23.806970 -87.306590 2438.924234 3478.980952 -0.047178 -0.547314 -0.835597 0.725854 0.555906 -0.405099 0.686229 -0.625633 0.371043
-4.164113 -34.837030 -1025.321616 -1300.037523 0.642930 0.735623 -0.213304 -0.047628 -0.239556 -0.969714 0.764442 -0.633618 0.118981
4185.174803 -12.938473 1530407.317263 -7596.710081 0.637343 0.484788 -0.598978 0.401086 0.455012 0.795044 -0.657970 0.746957 -0.095557
4802.939124 -85.393778 1959145.327038 2200.668831 0.538485 0.673927 -0.505822 0.343992 0.372172 0.862066 -0.769222 0.638209 0.031417
4.370686 -52.505428 -102.485324 -496.454277 0.614165 0.765801 -0.190659 0.393099 -0.506348 -0.767519 0.684306 -0.396435 0.612017
2.031109 -54.432550 411.263449 -276.475717 0.610893 0.756930 -0.232091 0.312091 -0.499645 -0.808056 0.727605 -0.421202 0.541460
-16.786859 -85.850784 -81.254355 7427.853595 0.440712 0.894603 -0.073876 0.846164 -0.386555 0.366855 -0.299632 0.224188 0.927340
-14.640892 -77.451446 -992.901501 6961.740344 -0.474393 -0.873625 0.108309 0.854703 -0.427632 0.294302 -0.210793 0.232187 0.949556
-16.365883 -68.706340 62.849193 7343.787987 -0.465894 -0.882157 0.068856 0.875909 -0.448764 0.177186 -0.125405 0.142861 0.981766
-22.678925 -96.980180 1800.885879 9049.390606 0.371394 0.924703 -0.083606 0.851076 -0.303058 0.428749 -0.371128 0.230390 0.899547
-19.868726 -75.471226 1147.517493 8438.181476 0.433107 0.899688 -0.054590 0.880000 -0.408974 0.241536 -0.194981 0.152651 0.968855
-9.850745 -84.122760 -319.960103 -3064.512872 0.163269 0.950641 0.263864 0.611035 0.112546 -0.783562 0.774583 -0.289161 0.562500
-11.356798 -82.142798 493.859019 -1974.648432 0.128236 0.957840 0.257095 0.618563 0.125384 -0.775666 0.775200 -0.258498 0.576406
-12.708928 -83.020912 739.835022 -2195.538897 0.100587 0.960782 0.258419 0.492817 0.177520 -0.851832 0.864300 -0.213036 0.455633
385.241557 -53.255289 -125856.905694 -279.218768 -0.375846 0.349651 -0.858186 0.671762 -0.535125 -0.512227 -0.638338 -0.769016 -0.033758
417.069942 -39.669286 -182820.666858 6676.755777 -0.611109 0.013167 -0.791437 0.681571 -0.499677 -0.534588 -0.402502 -0.866112 0.296383
0.509762 -20.875922 -439.395925 3964.983795 0.626990 0.542740 0.558854 -0.214409 0.809891 -0.545990 -0.748941 0.222507 0.624162
1.173328 -17.052599 -239.947095 2846.360024 0.606415 0.638229 0.474262 -0.295485 0.734611 -0.610766 -0.738207 0.230241 0.634066
3.837611 -28.610235 -751.218591 4079.930662 0.597037 0.639585 0.484229 -0.327669 0.745394 -0.580535 -0.732243 0.187934 0.654600
4.110171 -25.900572 270.535655 -2914.253380 0.586161 0.692572 0.420428 0.367789 -0.689832 0.623589 -0.721905 0.210895 0.659073
3.903760 -35.845414 -1442.330566 5356.437092 0.591699 0.622511 0.512223 -0.324096 0.765466 -0.555898 -0.738142 0.162915 0.654679
6.145901 -40.493052 -1525.356737 6596.356244 0.572197 0.672884 0.468847 -0.395729 0.727260 -0.560795 -0.718324 0.135348 0.682416
-5.667860 -49.046711 2565.880518 -3702.886156 0.241254 0.953515 -0.180569 -0.403440 0.267768 0.874949 -0.882628 0.138237 -0.449287
-8.171199 -45.449222 617.932382 64.820271 0.158153 0.984495 -0.075883 -0.385198 0.132275 0.913305 -0.909181 0.115212 -0.400145
-10.399376 -57.038436 973.065446 -4843.254494 0.226897 0.939570 -0.256372 -0.261261 0.312309 0.913349 -0.938222 0.140256 -0.316335
127.087184 -52.883393 -75934.130834 1233.594224 -0.711960 -0.619924 0.329860 -0.237576 0.654680 0.717601 -0.660811 0.432537 -0.613385
1858.773682 -96.697236 693754.198484 -6309.562076 0.538218 0.769819 -0.343074 -0.295756 0.553689 0.778432 -0.789208 0.317500 -0.525684
1732.162601 -117.053947 608110.389460 -13419.208649 -0.429757 0.555789 -0.711623 0.886947 0.407538 -0.217343 0.169216 -0.724577 -0.668098
445.807671 -14.958235 204481.723362 -5617.732759 -0.430640 0.627691 -0.648501 0.897589 0.372904 -0.235110 0.094252 -0.683335 -0.723996
561.432438 -5.966104 204585.070060 -4866.806488 -0.447918 0.483166 -0.752277 0.879901 0.387449 -0.275060 0.158570 -0.785133 -0.598683
702.300121 -17.675410 202744.851097 -14321.540451 -0.497334 -0.017626 -0.867380 0.823140 0.306226 -0.478191 0.274043 -0.951796 -0.137788
-12.962832 -86.310007 -524.078548 -1650.583764 0.150110 0.953213 0.262395 -0.939395 0.054771 0.338435 -0.308229 0.297295 -0.903665
-10.983976 -89.597143 -604.304185 -2146.371711 0.152813 0.957557 0.244402 -0.883741 0.021718 0.467472 -0.442323 0.287424 -0.849552
-11.034971 -89.215973 193.382541 -1821.868152 0.137356 0.947130 0.289964 -0.893778 -0.007672 0.448443 -0.426958 0.320760 -0.845470
-3.062105 -147.701136 1846.431568 10476.438231 -0.292785 0.070998 -0.953539 0.948294 -0.106240 -0.299085 -0.122539 -0.991803 -0.036221
4.460632 -141.132521 1534.781763 2285.181792 -0.262875 0.048642 -0.963603 0.964829 0.014448 -0.262480 0.001155 -0.998712 -0.050730
3.068229 -135.262856 -326.880374 2203.591625 -0.276481 0.043032 -0.960055 0.954274 0.130447 -0.268969 0.113662 -0.990521 -0.077131
4.775100 -140.400693 171.892958 -6587.372870 -0.261732 0.033771 -0.964550 0.937715 0.245450 -0.245856 0.228446 -0.968821 -0.095909
-3.605352 -150.468712 -1171.022225 15858.481110 -0.329106 0.045755 -0.943184 0.943500 -0.024987 -0.330428 -0.038686 -0.998640 -0.034946
6.223518 -133.646426 -1506.510955 -7428.273724 -0.280339 0.026542 -0.959534 0.904614 0.341656 -0.254843 0.321067 -0.939450 -0.119790
-1.086154 -148.412101 -443.082497 15619.355037 -0.337905 0.037609 -0.940428 0.935886 0.119260 -0.331504 0.099688 -0.992150 -0.075496
5.033761 -128.229532 -1005.175629 -608.921545 -0.313829 0.028344 -0.949056 0.910723 0.291653 -0.292443 0.268506 -0.956104 -0.117342
-2.838181 -116.647511 -1591.119450 -5944.426961 -0.300131 0.014124 -0.953793 0.755110 -0.607448 -0.246607 -0.582863 -0.794234 0.171649
-1.125868 -112.246933 1283.561236 2559.622657 0.326484 -0.054461 0.943632 -0.614264 0.746553 0.255614 -0.718392 -0.663094 0.210284
-4.529519 -111.624371 -1010.425975 -7560.195200 -0.290416 0.014241 -0.956795 0.754340 -0.611796 -0.238071 -0.588753 -0.790888 0.166933
-4.508767 -106.604936 856.099498 -8507.347888 -0.277142 0.055371 -0.959232 0.716604 -0.653130 -0.244743 -0.640055 -0.755218 0.141331
12.460814 -42.460533 -3603.770860 -686.161739 0.011468 0.032096 -0.999419 -0.186227 0.982067 0.029402 0.982440 0.185782 0.017239
2.447821 -42.474528 -4539.675262 -1208.718200 0.008508 0.118839 -0.992877 -0.314336 0.942898 0.110164 0.949274 0.311160 0.045377
13.037022 -44.403886 -6057.938482 -647.343376 0.001388 0.126236 -0.991999 -0.280408 0.952251 0.120785 0.959880 0.277997 0.036720
17.974123 -294.170778 4801.586086 -33776.842596 0.463685 0.063152 0.883747 -0.223905 0.973432 0.047918 -0.857242 -0.220094 0.465506
8.354435 -300.273804 1856.652611 -50733.924246 0.474232 0.068681 0.877717 -0.023171 0.997581 -0.065542 -0.880095 0.010744 0.474676
1.894589 -411.931559 2733.098710 -99190.770574 0.456505 0.008113 0.889684 0.324268 0.929663 -0.174863 -0.828525 0.368322 0.421765
-16.057581 -168.705062 -1821.164895 20810.409269 0.464556 -0.327708 0.822675 0.862992 -0.040785 -0.503569 0.198576 0.943898 0.263863
-28.405478 -166.039103 12660.404821 12731.266356 0.689405 -0.268289 0.672861 0.724088 0.229014 -0.650576 0.020447 0.935721 0.352148
-26.214470 -227.016365 8160.984828 23846.923819 0.626246 -0.272198 0.730564 0.773084 0.337942 -0.536783 -0.100777 0.900946 0.422067
-19.087548 -135.531378 -723.150353 2283.559706 0.487281 -0.323534 0.811100 0.835670 -0.096767 -0.540641 0.253403 0.941255 0.223215
-13.311383 -46.943868 -1214.367165 736.715951 0.539119 0.586792 -0.604174 -0.258670 0.798040 0.544263 0.801524 -0.137141 0.582024
-12.424493 -48.825663 -1212.732002 -143.799369 0.544260 0.551680 -0.632005 -0.126479 0.798708 0.588276 0.829328 -0.240240 0.504481
-16.323902 -46.797025 -1645.752683 614.286735 0.525272 0.557299 -0.643045 -0.200751 0.815521 0.542793 0.826915 -0.156022 0.540249
-16.094679 -42.526997 -1101.646847 1470.081281 0.505883 0.615991 -0.603852 -0.343988 0.786027 0.513648 0.791046 -0.052128 0.609531
-12.992045 -42.088215 -1475.236701 2147.600020 0.529353 0.621418 -0.577602 -0.385829 0.782665 0.488438 0.755593 -0.035700 0.654067
17.954332 -154.312161 1185.944693 -1776.695944 0.242962 0.965082 0.097910 -0.028114 0.107898 -0.993764 0.969628 -0.238695 -0.053348
14.497915 -204.313275 -3118.342903 -31111.587014 0.330654 0.935008 0.128170 -0.137118 0.181964 -0.973698 0.933738 -0.304383 -0.188374
-2.441458 -412.883112 749.707202 158729.139521 0.294007 0.015564 -0.955677 0.914932 -0.293842 0.276687 -0.276512 -0.955727 -0.100632
-3.260414 -59.616286 1250.245206 22521.786503 0.420930 -0.054112 -0.905477 0.883440 -0.202014 0.422758 -0.205795 -0.977887 -0.037229
6.233534 -50.059008 2209.339666 -2465.912263 0.198118 -0.036462 -0.979500 0.934795 -0.293527 0.200002 -0.294802 -0.955255 -0.024069
5.233157 -41.749376 1145.072021 7320.881305 0.367898 -0.062161 -0.927786 0.889848 -0.266023 0.370677 -0.269854 -0.961960 -0.042556
12.085263 -73.847113 1818.876820 21421.780600 0.291885 -0.033971 -0.955850 0.903800 -0.317215 0.287264 -0.312969 -0.947745 -0.061887
-1.301343 -69.988528 2099.995001 -20484.199175 0.115538 -0.006945 -0.993279 0.950788 -0.288654 0.112614 -0.287496 -0.957408 -0.026747
13.013970 -58.640757 1717.363490 9567.347129 0.203834 -0.049361 -0.977760 0.921811 -0.326686 0.208663 -0.329721 -0.943843 -0.021088
1.176003 -108.546913 2691.429059 -36290.315493 0.000614 0.011643 -0.999932 0.958585 -0.284792 -0.002727 -0.284805 -0.958519 -0.011335
8.404457 -79.312333 2203.222748 -20063.178786 0.023379 -0.012218 -0.999652 0.951973 -0.305078 0.025993 -0.305289 -0.952249 0.004499
-8.458226 -66.135462 -1789.047943 2712.181224 -0.455741 -0.873277 0.172303 0.889142 -0.437597 0.133923 -0.041552 0.214236 0.975898
-12.934747 -69.210958 -1838.218409 4981.492487 -0.472749 -0.869685 0.141971 0.875498 -0.445260 0.187744 -0.100064 0.213051 0.971904
-12.598200 -60.702502 -2373.380211 938.197522 -0.430441 -0.888898 0.156784 0.902554 -0.425943 0.062995 0.010784 0.168622 0.985622
-46.335856 -65.697361 1122.284889 -3973.510740 -0.270161 -0.730062 0.627712 0.778830 0.217600 0.588281 -0.566071 0.647812 0.509807
12.407221 -46.320382 21277.617530 -692.220815 0.781845 -0.610353 -0.127228 0.173584 0.409092 -0.895830 -0.598821 -0.678316 -0.425795
-19.144077 -50.412065 -13586.293873 1872.734541 -0.764442 0.583481 0.274185 -0.078079 -0.505958 0.859017 -0.639947 -0.635261 -0.432333
-31.426873 -55.355627 -8392.579997 -2073.023155 -0.741452 0.477199 0.471731 -0.020853 0.686294 -0.727025 -0.670682 -0.548891 -0.498903
-9.502686 -39.573236 -807.312971 -431.531003 -0.341932 0.905827 0.250119 0.935970 0.352049 0.004568 -0.083917 0.235666 -0.968204
-6.512787 -38.832814 -2032.112542 818.159313 -0.343477 0.912350 0.222803 0.938749 0.340549 0.052690 -0.027803 0.227254 -0.973439
-10.360852 -40.895434 -772.130558 1402.498718 -0.337877 0.904355 0.260731 0.931871 0.360327 -0.042211 -0.132122 0.228706 -0.964488
