11968
23927
-45.846149 -75.832471 3323.415113 -11587.994186 -0.012719 0.801582 -0.597749 -0.066464 -0.597153 -0.799369 0.997708 -0.029562 -0.060871
-65.653984 -92.915311 -321.726480 -9820.727310 0.089391 0.879572 -0.467293 -0.265478 -0.431156 -0.862337 0.959964 -0.201141 -0.194965
-52.221300 -101.713153 3111.355678 -14917.667360 0.057240 0.949479 -0.308566 -0.216799 -0.289876 -0.932186 0.974537 -0.120255 -0.189254
-57.168250 -83.357895 1510.407768 8888.412353 0.029424 0.527005 -0.849353 0.213237 0.826851 0.520430 0.976557 -0.196427 -0.088048
-31.414299 -101.911431 8709.482006 -20485.975839 -0.077808 0.922448 -0.378201 -0.125276 -0.385390 -0.914210 0.989066 0.023754 -0.145547
-23.532969 -81.467347 9342.315018 -19524.606437 -0.133143 0.856208 -0.499180 0.004684 -0.503115 -0.864207 0.991086 0.117401 -0.062976
-35.608763 -55.382139 6173.525784 8048.506332 -0.091219 0.672653 -0.734314 -0.057529 0.732597 0.678227 0.994168 0.104112 -0.028130
-41.533847 -55.982042 1815.897546 2877.726005 0.015018 0.214867 -0.976528 -0.024410 0.976426 0.214469 0.999589 0.020616 0.019909
-47.491500 -63.523491 1035.369379 6584.239399 0.040804 0.263873 -0.963694 0.059939 0.962114 0.265978 0.997368 -0.068616 0.023441
-14.505817 -112.683845 -7911.367301 -5885.391301 -0.124183 0.744035 -0.656498 -0.169152 -0.667809 -0.724858 0.977735 -0.021033 -0.208786
-21.583552 -99.077195 -10774.452154 -5042.973195 -0.200112 0.658574 -0.725421 0.217771 0.751773 0.622425 0.955265 -0.033421 -0.293857
-22.224945 -104.712173 -4612.003151 11205.227925 -0.211512 0.694940 -0.687256 -0.005237 0.702349 0.711814 0.977361 0.154157 -0.144916
26.248948 -100.728049 102.166768 -7697.349475 -0.654729 0.639864 -0.402373 0.703854 0.710165 -0.015966 0.275535 -0.293665 -0.915337
25.863893 -103.164433 -2126.044165 -12398.857431 -0.618202 0.644340 -0.450169 0.714180 0.699656 0.020679 0.328288 -0.308718 -0.892704
28.541022 -104.540600 -435.033717 -2177.387285 -0.590398 0.664789 -0.457696 0.684944 0.712654 0.151575 0.426944 -0.224006 -0.876093
26.226294 -99.604552 -1827.994192 11236.553488 -0.625890 0.650096 -0.430855 0.581290 0.757158 0.298015 0.519964 -0.063927 -0.851793
21.677490 -109.988322 3874.661169 -1663.531078 -0.670671 0.663570 -0.331474 0.677328 0.730032 0.090998 0.302370 -0.163487 -0.939066
23.336467 -108.511709 3131.643124 -17368.996474 -0.680767 0.649415 -0.338846 0.711303 0.696563 -0.094063 0.174942 -0.305057 -0.936128
-5.434223 -59.805869 -626.823808 1618.753504 -0.290581 0.926838 -0.237768 0.258988 -0.163031 -0.952022 0.921134 0.338218 0.192666
-6.168479 -61.049753 664.417346 1666.650697 -0.267999 0.916731 -0.296277 0.353490 -0.192512 -0.915415 0.896226 0.350061 0.272462
-12.735626 -61.582993 -235.025442 60.759287 -0.276330 0.934189 -0.225681 0.405870 -0.099422 -0.908507 0.871155 0.342645 0.351686
-5.467525 -60.478537 -1968.138980 -1701.249135 -0.349240 0.936550 -0.030096 0.275726 0.072017 -0.958535 0.895548 0.343057 0.283383
-14.503555 -56.998980 -983.993102 -1848.361055 -0.344931 0.938479 -0.016719 0.404846 0.132681 -0.904707 0.846831 0.318831 0.425705
-11.896863 -62.956577 1493.098785 -431.569277 -0.260237 0.915953 -0.305463 0.521596 -0.132867 -0.842784 0.812536 0.378652 0.443180
-20.231110 -58.775392 552.761848 -893.525240 -0.281336 0.937472 -0.204930 0.536393 -0.023447 -0.843642 0.795696 0.347270 0.496257
17.919671 -55.109395 6288.833410 -2400.319563 0.439693 0.897289 -0.039272 0.732125 -0.383401 -0.563024 0.520252 -0.218805 0.825507
18.377123 -57.856618 6904.252942 52.042879 0.474254 0.877871 -0.066520 0.646431 -0.398523 -0.650620 0.597671 -0.265558 0.756484
21.441514 -51.047673 631.239428 -1682.266578 0.476322 0.879042 0.020042 0.716518 -0.374843 -0.588298 0.509626 -0.294580 0.808396
21.912620 -46.385278 -214.994994 -3769.848615 0.433948 0.899160 0.056581 0.795040 -0.352644 -0.493511 0.423792 -0.259142 0.867897
19.424512 -42.146631 -6025.363055 -2663.576380 0.486521 0.866976 0.107933 0.767326 -0.364959 -0.527272 0.417741 -0.339349 0.842814
22.033181 -48.336956 -6266.929929 -1912.219448 0.561247 0.825415 0.060756 0.658821 -0.401124 -0.636439 0.500956 -0.397227 0.768930
-2.303466 -80.799552 -1307.691521 63.531613 0.029989 -0.220799 0.974858 0.950896 -0.294279 -0.095904 0.308056 0.929865 0.201131
-1.150390 -85.755605 -741.938878 1343.454433 0.028838 -0.230232 0.972708 0.987313 -0.145452 -0.063698 0.156148 0.962204 0.223116
-4.005060 -81.805227 -243.509428 -1431.363003 0.004401 -0.234673 0.972064 0.960912 -0.268098 -0.069074 0.276818 0.934373 0.224320
-4.631801 -79.951657 -951.439505 1316.201829 0.011587 -0.230191 0.973077 0.889538 -0.442105 -0.115177 0.456714 0.866923 0.199641
-9.345161 -111.542701 -1591.989073 4512.672819 -0.013054 0.890007 -0.455760 0.145471 -0.449259 -0.881479 0.989276 0.077807 0.123605
-12.129480 -108.192670 -697.811263 2866.627120 -0.050453 0.870859 -0.488938 0.201442 -0.470626 -0.859030 0.978200 0.141833 0.151683
-10.661799 -116.506680 -1680.258136 3685.048879 -0.024710 0.898658 -0.437954 0.363480 -0.400028 -0.841344 0.931274 0.179977 0.316759
-6.164230 -124.540603 -1720.721646 5170.290262 -0.014555 0.909953 -0.414455 0.346281 -0.384261 -0.855823 0.938018 0.155974 0.309506
-7.545579 -127.362103 -2274.708080 2099.395015 -0.024950 0.918284 -0.395135 0.557032 -0.315442 -0.768252 0.830116 0.239271 0.503643
-12.339592 -119.752274 -1546.595832 2840.144764 -0.044352 0.904811 -0.423497 0.549068 -0.332070 -0.766977 0.834600 0.266546 0.482075
76.024785 -79.050098 -8933.496840 3330.809520 -0.189444 -0.659379 0.727551 0.973357 -0.028631 0.227501 -0.129179 0.751266 0.647235
72.797403 -79.262856 -4099.073621 -15353.851056 -0.177987 -0.695908 0.695725 0.977748 -0.045287 0.204837 -0.111041 0.716701 0.688483
75.641273 -82.073323 9725.865152 -17901.433764 -0.149527 -0.839710 0.522042 0.967477 -0.015302 0.252497 -0.204036 0.542819 0.814688
-29.788893 -57.819854 -4451.646687 -1183.751320 -0.247129 -0.147716 0.957657 -0.454929 0.890305 0.019930 -0.855551 -0.430740 -0.287220
-31.155631 -61.752749 -5859.445491 -1132.154731 -0.251725 -0.095112 0.963114 -0.307144 0.951565 0.013695 -0.917767 -0.292367 -0.268746
-17.927541 -58.350618 -2020.013445 -871.040890 -0.213797 -0.262416 0.940972 -0.444856 0.883725 0.145376 -0.869709 -0.387516 -0.305675
-19.547723 -59.451887 -1933.362028 516.243789 -0.186750 -0.320950 0.928502 -0.587166 0.794207 0.156433 -0.787630 -0.515970 -0.336769
-31.477884 -58.457224 -4413.992162 1305.352199 -0.200074 -0.252251 0.946752 -0.600655 0.794990 0.084881 -0.774070 -0.551689 -0.310572
11.363272 -95.473892 -752.138780 -898.416867 -0.062567 0.911951 -0.405501 -0.647116 0.272250 0.712124 -0.759820 -0.306962 -0.573104
12.706657 -111.896103 -524.484134 -1141.594079 -0.065073 0.909756 -0.410012 -0.711167 0.245951 0.658597 -0.700005 -0.334444 -0.630983
14.390318 -100.280241 -1020.692948 3713.848442 -0.094169 0.932159 -0.349588 -0.761247 0.158877 0.628698 -0.641588 -0.325327 -0.694642
15.318014 -111.453091 301.606133 3993.816615 -0.056728 0.936194 -0.346877 -0.882354 0.115556 0.456178 -0.467155 -0.331946 -0.819499
6.638948 -111.901001 4959.648186 19451.596821 -0.000233 0.961147 -0.276037 -0.760114 0.179196 0.624593 -0.649790 -0.209965 -0.730539
5.604617 -110.526519 -5576.824473 -343.445276 -0.135178 0.922853 -0.360652 0.471259 0.380069 0.795903 -0.871574 0.062372 0.486280
12.893531 -114.336721 -6691.591997 2640.682438 -0.141161 0.921151 -0.362704 0.338245 0.389201 0.856804 -0.930410 0.001735 0.366515
22.772960 -111.358352 -8379.196226 -533.049691 -0.116048 0.935322 -0.334223 0.504674 0.345348 0.791226 -0.855475 0.076853 0.512109
5.136857 -107.289042 -5519.716593 72.269871 -0.119714 0.931251 -0.344153 0.621461 0.340623 0.705523 -0.774245 0.129417 0.619513
-8.189615 -108.411624 -2473.432074 -127.148169 -0.130063 0.902562 -0.410446 0.594266 0.402331 0.696403 -0.793682 0.153338 0.588690
4.402991 -207.607450 4751.291783 7381.244718 0.973652 -0.161041 -0.161456 -0.216368 -0.428783 -0.877114 -0.072022 -0.888938 0.452330
0.568640 -197.213240 4105.804460 1856.122252 0.966295 -0.162198 -0.199915 -0.251556 -0.429846 -0.867152 -0.054718 -0.888214 0.456160
0.546515 -195.591765 3368.049051 8741.782184 0.976377 -0.148364 -0.157086 -0.182304 -0.175386 -0.967473 -0.115987 -0.973256 0.198290
-3.495223 -181.952350 -823.967575 5840.144786 0.974255 -0.156337 -0.162436 -0.148981 0.094318 -0.984332 -0.169208 -0.983190 -0.068598
0.581229 -173.954354 1534.556897 7409.685507 0.983407 -0.140822 -0.114363 -0.098403 0.115526 -0.988418 -0.152403 -0.983272 -0.099752
5.101434 -40.285315 -1514.176244 8178.361585 -0.905929 -0.331443 -0.263511 -0.320929 0.943431 -0.083315 0.276219 0.009091 -0.961052
34.237716 -24.853808 -24659.958199 4939.860219 -0.705468 -0.661440 -0.254581 -0.649418 0.747136 -0.141575 0.283850 0.065453 -0.956632
4.323667 -43.978439 -5410.944684 7933.901394 -0.888643 -0.372303 -0.267775 -0.342163 0.927034 -0.153401 0.305349 -0.044696 -0.951191
-5.079333 -56.729463 577.119172 5598.089079 -0.946567 -0.157551 -0.281406 -0.118281 0.981345 -0.151564 0.300035 -0.110181 -0.947544
1.217478 -48.471179 -6314.189850 6401.042327 -0.872618 -0.420744 -0.248016 -0.362147 0.898125 -0.249440 0.327700 -0.127847 -0.936092
-7.536056 -57.641970 -888.290636 3435.814829 -0.930525 -0.237810 -0.278512 -0.165880 0.951691 -0.258397 0.326507 -0.194245 -0.925020
47.967899 -939.447517 28089.738689 50526.395238 0.872245 -0.468858 -0.139140 -0.015489 -0.310840 0.950336 0.488823 0.826771 0.278391
43.823039 -536.895704 18377.416721 -54366.469581 0.877600 -0.472592 -0.080472 0.102149 0.020337 0.994561 0.468385 0.881047 -0.066122
23.916437 -1159.787477 9975.007350 416993.715198 0.888045 -0.459488 -0.015703 -0.105717 -0.237319 0.965662 0.447436 0.855892 0.259326
20.218495 -1287.565147 -4279.168476 387714.697748 0.885147 -0.464174 -0.032530 -0.300899 -0.624313 0.720897 0.354930 0.628312 0.692278
-4.505330 -851.912863 10186.350080 -192663.920228 0.903044 -0.410054 -0.127931 -0.149859 -0.579868 0.800809 0.402558 0.703994 0.585097
-18.894460 -1126.373793 16787.940474 -531680.618826 0.870921 -0.465100 -0.158679 0.094588 -0.158205 0.982865 0.482235 0.871007 0.093791
355.142770 -1444.577508 -506062.054614 705414.132965 0.833003 -0.061191 -0.549874 0.534080 -0.170533 0.828056 0.144441 0.983450 0.109374
-9.562537 -432.357461 -4432.390131 13002.334254 0.964725 -0.090309 -0.247286 -0.184064 -0.902956 -0.388317 0.188220 -0.420136 0.887727
40.329214 -4891.139940 -8712.240468 2643393.023038 0.918750 -0.107895 -0.379812 -0.056449 0.916165 -0.396806 0.390784 0.386005 0.835636
-18.092118 -38.111855 -3011.480558 -1472.309707 0.409853 0.520387 -0.749145 -0.175795 0.850961 0.494937 0.895051 -0.071155 0.440250
-18.855984 -39.429957 -671.341543 -2172.165876 0.418707 0.516866 -0.746682 -0.223046 0.855573 0.467168 0.880304 -0.029062 0.473519
-15.636081 -35.299265 -390.997596 -379.511435 0.380483 0.679100 -0.627739 -0.224765 0.726346 0.649540 0.897058 -0.106045 0.429000
16.215252 -131.878457 -971.549780 -43058.044961 0.033514 -0.709454 0.703954 0.897923 -0.287922 -0.332920 0.438875 0.643254 0.627386
14.654735 -135.051537 -1881.788341 -30253.684023 0.104052 -0.694244 0.712179 0.860453 -0.296280 -0.414535 0.498793 0.655929 0.566535
18.895057 -144.228686 -674.124104 -52232.363250 0.003924 -0.694372 0.719606 0.857086 -0.368382 -0.360138 0.515159 0.618177 0.593690
13.652518 -145.352787 -2967.214123 8143.016102 0.165199 -0.689082 0.705603 0.878766 -0.221956 -0.422499 0.447749 0.689857 0.568875
22.015175 -156.746574 -540.479155 -14772.357059 0.045998 0.704190 -0.708520 0.807404 -0.443846 -0.388716 0.588204 0.554182 0.588981
19.546267 -173.829845 1288.425112 -5502.467751 0.016524 -0.756306 0.654009 0.902046 -0.270891 -0.336053 0.431324 0.595499 0.677747
18.281799 -170.522028 -2852.514317 31333.558307 0.100499 -0.724028 0.682410 0.908224 -0.213289 -0.360052 0.406238 0.655966 0.636144
-2.542036 -88.110046 -6381.907756 8215.836358 0.051959 0.749142 -0.660368 0.745001 -0.469435 -0.473925 0.665037 0.467350 0.582503
19.836318 -152.039631 1074.110024 22336.942051 -0.009381 0.747230 -0.664499 0.812706 -0.381473 -0.440441 0.582599 0.544174 0.603700
20.739356 -92.779734 3570.327035 3159.604455 0.133578 0.616299 -0.776101 -0.636613 0.653539 0.409403 0.759527 0.439389 0.479642
0.126240 -63.778516 -15035.385079 8577.269476 -0.291161 -0.677320 0.675621 0.059719 0.691973 0.719449 -0.954808 0.249823 -0.161027
-35.255373 -151.100272 -9422.917423 48005.832156 -0.263909 -0.638577 0.722891 0.194726 0.698756 0.688347 -0.944687 0.322426 -0.060061
-21.422235 -64.139639 -8446.327939 8384.752446 -0.249406 -0.516652 0.819065 0.110098 0.825181 0.554035 -0.962120 0.228357 -0.148923
21.289372 -20.703909 -4897.606110 5761.764923 0.945378 -0.308528 -0.105216 0.162232 0.725276 -0.669070 -0.282737 -0.615455 -0.735714
25.625400 -21.556246 -802.283559 6752.239761 0.975276 -0.158550 -0.153942 0.017649 0.750262 -0.660905 -0.220283 -0.641848 -0.734511
12.591387 -10.949227 1545.411628 5516.397375 0.965168 -0.256514 -0.051496 0.161039 0.737579 -0.655777 -0.206198 -0.624642 -0.753197
10.952471 -16.617038 -4676.934096 3434.328229 0.845859 -0.528137 0.074787 0.447084 0.625499 -0.639427 -0.290926 -0.574301 -0.765206
13.439006 -26.716853 -10250.966665 6371.413528 0.901227 -0.424178 -0.088677 0.263091 0.698172 -0.665838 -0.344346 -0.576740 -0.740808
8.152895 -1.833201 6752.422131 -5925.116969 0.785991 0.555932 -0.270477 -0.479263 0.824270 0.301472 0.390544 -0.107325 0.914307
28.339462 8.023588 13976.261249 2499.704676 0.923824 0.030391 -0.381608 0.006072 0.995555 0.093985 0.382768 -0.089143 0.919534
23.065762 3.205210 12879.583087 -4138.307289 0.888001 0.302811 -0.346063 -0.239576 0.947021 0.213905 0.392502 -0.107039 0.913502
6.219703 -19.140569 6467.152055 -10334.591597 0.806419 0.530489 -0.261286 -0.443911 0.834979 0.325196 0.390681 -0.146257 0.908833
0.010553 -23.617572 1005.779659 9203.307666 0.558996 0.822832 -0.102329 0.743549 -0.552058 -0.377314 0.366958 -0.134830 0.920414
-4.097370 -48.762074 1253.013044 -4701.544286 0.137827 0.990413 0.009283 -0.429748 0.051354 0.901487 -0.892368 0.128238 -0.432706
-3.293750 -50.985703 786.128379 -4848.029923 0.173160 0.984228 -0.036214 -0.424240 0.107722 0.899120 -0.888840 0.140328 -0.436201
-0.423156 -42.245341 1331.148838 -6897.298964 0.111746 0.991553 0.065847 -0.561205 0.008285 0.827635 -0.820099 0.129438 -0.557391
-3.112715 -40.173858 1571.727446 -6298.387520 0.064304 0.989113 0.132365 -0.545227 -0.076271 0.834812 -0.835819 0.125851 -0.534386
-7.461683 -47.184178 -403.510918 -2687.595512 0.076038 0.994601 0.070620 -0.414848 -0.032848 0.909298 -0.906708 0.098438 -0.410111
-1.596363 -71.986243 1359.435242 -1240.744424 0.394222 0.911636 -0.116229 0.458955 -0.304864 -0.834517 0.796209 -0.275641 0.538584
-4.508776 -68.307481 1403.237698 -1686.561399 0.398160 0.912331 -0.095506 0.452754 -0.285999 -0.844523 0.797799 -0.293015 0.526934
-0.822646 -73.568214 1489.705019 -757.515254 0.372900 0.924645 -0.077316 0.320282 -0.206474 -0.924547 0.870842 -0.320001 0.373141
3.793515 -113.208795 3787.069170 -4020.714254 -0.533823 -0.838016 -0.112973 0.809480 -0.467813 -0.354813 0.244489 -0.280857 0.928087
12.501613 -120.851328 3843.960940 -2617.497945 -0.529283 -0.842000 -0.104383 0.802903 -0.457302 -0.382389 0.274237 -0.286201 0.918086
4.592323 -110.095368 -3923.112770 106.995088 0.558448 0.823290 0.101635 0.734479 -0.433778 -0.521897 0.385585 -0.366101 0.846932
-5.689022 -106.012774 -2458.727782 -731.573752 0.554941 0.827808 0.082310 0.741785 -0.447619 -0.499392 0.376557 -0.338189 0.862458
-5.794399 -107.730695 2748.052118 1269.356377 -0.532505 -0.839991 -0.104179 0.809490 -0.469432 -0.352645 0.247314 -0.272117 0.929940
-15.238589 -59.579663 -588.662089 2679.212632 0.473505 0.856565 -0.205158 -0.832246 0.511362 0.214187 -0.288374 -0.069323 -0.955005
-17.285394 -57.734898 -155.656779 1727.984241 0.443575 0.880207 -0.168751 -0.857695 0.471530 0.204987 -0.260002 -0.053810 -0.964108
-19.114454 -64.403156 93.538036 4097.705659 0.519294 0.834092 -0.186078 -0.841057 0.537409 0.061765 -0.151517 -0.124428 -0.980592
-6.712593 -62.689331 -3024.827037 3380.013704 0.434370 0.875868 -0.210187 -0.885339 0.458118 0.079391 -0.165826 -0.151602 -0.974432
-4.819161 -58.419336 -2306.465896 2744.957406 0.401950 0.890783 -0.211993 -0.864149 0.445590 0.233872 -0.302791 -0.089188 -0.948875
-10.711101 -54.736256 8442.484899 -8827.852469 0.983283 -0.180348 0.025093 0.170776 0.865604 -0.470706 -0.063170 -0.467123 -0.881933
-9.891998 -65.552473 9420.268994 -7360.364411 0.993154 -0.116418 -0.009627 0.103490 0.915099 -0.389723 -0.054181 -0.386058 -0.920882
6.204352 -54.441070 8911.548992 -7734.292566 0.998517 -0.037630 -0.039331 0.016674 0.899267 -0.437083 -0.051816 -0.435779 -0.898561
-4.554317 -43.998197 8097.117062 -7600.451703 0.991535 -0.129655 0.006982 0.114359 0.846565 -0.519856 -0.061491 -0.516254 -0.854225
24.832284 -55.753095 5621.116860 -5194.795670 0.990010 0.029446 -0.137888 -0.081654 0.917002 -0.390436 -0.114947 -0.397794 -0.910246
17.267552 -46.929821 8363.095037 -6323.331342 0.995155 0.005967 -0.098139 -0.052897 0.873882 -0.483252 -0.082878 -0.486102 -0.869963
-9.466715 -81.577998 814.826717 -1629.093378 0.644234 0.732999 0.218347 0.532649 -0.634863 0.559674 -0.548861 0.244258 0.799431
-10.622538 -88.090902 428.196803 -7177.745168 0.644842 0.731368 0.221990 0.592699 -0.661879 0.458938 -0.482583 0.164369 0.860289
-7.449243 -82.893281 1112.548324 -2461.673523 0.629619 0.751373 0.197529 0.560783 -0.615499 0.553790 -0.537681 0.237906 0.808888
-5.192101 -80.948523 1615.987058 5471.005755 0.636434 0.746681 0.193442 0.477016 -0.578093 0.662015 -0.606141 0.329054 0.724097
-2.858411 -81.582494 948.444651 1995.898672 0.617467 0.766610 0.176191 0.516707 -0.564188 0.643977 -0.593084 0.306595 0.744480
-2.079952 -86.940984 3021.020958 -4497.256464 0.619189 0.768030 0.163507 0.599922 -0.597040 0.532575 -0.506654 0.231673 0.830439
-3.617353 -43.955956 -7309.913039 -2131.872130 -0.070371 0.993204 0.092698 -0.229436 -0.106553 0.967474 -0.970776 -0.046814 -0.235375
-4.134972 -38.531024 -6399.578891 -2530.812092 -0.067993 0.993476 0.091555 -0.321663 -0.108697 0.940594 -0.944410 -0.034504 -0.326956
5.294091 -39.172854 -5483.677120 -3078.408064 -0.047932 0.996016 0.075197 -0.315219 -0.086520 0.945067 -0.947808 -0.021596 -0.318110
6.734575 -44.819542 -6725.909590 -2075.920317 -0.056431 0.995243 0.079416 -0.216032 -0.089830 0.972245 -0.974754 -0.037708 -0.220073
6.672333 -162.841596 -1209.189778 7871.985641 0.720073 0.660051 0.214072 -0.082609 0.387857 -0.918010 0.688963 -0.643350 -0.333812
5.869610 -152.996306 -519.024196 2223.791961 0.709500 0.681853 0.178005 -0.286200 0.509629 -0.811399 0.643971 -0.524743 -0.556728
5.820918 -145.119865 265.290586 5512.015153 0.709762 0.672047 0.211168 -0.144559 0.432339 -0.890048 0.689450 -0.601196 -0.404008
-13.304980 -374.821672 3870.588824 -42116.166550 0.617720 0.786198 -0.017768 0.733224 -0.583971 -0.348369 0.284263 -0.202166 0.937189
4.017705 -370.764714 8838.230506 37263.815980 0.588587 0.800049 -0.116130 0.535074 -0.493208 -0.685887 0.606020 -0.341566 0.718382
1.062851 -399.881017 4088.837652 -54915.119591 0.607278 0.791942 -0.063572 0.739511 -0.592690 -0.319127 0.290408 -0.146786 0.945577
-9.431813 -343.275584 -1015.434397 -59140.084496 -0.612972 -0.789114 0.039543 0.788775 -0.608272 0.088543 -0.045818 0.085465 0.995287
21.932482 -944.074563 -6904.176507 -365111.561872 0.607309 0.790090 -0.083268 0.790695 -0.611297 -0.033425 0.077310 0.045540 0.995966
-0.449842 -77.282323 4055.202094 -54.470618 0.740020 0.634465 0.223215 -0.664439 0.741119 0.096247 0.104363 0.219538 -0.970006
-5.177691 -73.369864 2102.912864 5193.269929 0.723692 0.660487 0.200065 -0.680357 0.731410 0.046396 0.115686 0.169692 -0.978683
-5.679897 -71.921141 4786.313796 12897.587219 0.694490 0.677993 0.240849 0.714451 -0.689425 -0.119387 0.085104 0.254988 -0.963192
1.269012 -68.693796 -2653.998724 1969.852456 0.655248 0.699383 0.285506 -0.590978 0.710007 -0.382931 -0.470527 0.082187 0.878550
5.604912 -76.224614 -3038.008905 -2461.228486 0.626401 0.736790 0.254486 0.603944 -0.665137 0.439142 -0.492823 0.121383 0.861621
4.637319 -76.926314 -6304.290234 412.124770 0.683776 0.657413 0.316636 -0.613083 0.752912 -0.239276 -0.395702 -0.030513 0.917872
-28.895939 -1598.225628 22974.405423 -523363.518936 0.742672 0.652974 -0.148537 0.116839 -0.344760 -0.931391 0.659384 -0.674363 0.332336
-11.036414 -9476.169831 -5300.371345 1109259.630011 0.750773 0.659708 0.033548 -0.208670 0.285048 -0.935524 0.626735 -0.695365 -0.351668
324.718424 -3720.628434 154119.915904 -2669048.821779 0.703258 0.696744 -0.141337 -0.420503 0.247360 -0.872921 0.573241 -0.673321 -0.466940
20.077210 -57.068852 -5066.654445 -2327.158902 0.244376 0.969591 -0.013197 0.935717 -0.232225 0.265528 -0.254389 0.077237 0.964013
21.372978 -59.449650 -1299.773110 -857.082433 0.283316 0.957197 -0.059207 0.918986 -0.253316 0.302153 -0.274222 0.140015 0.951419
17.939937 -60.234122 -3572.177558 -1252.554073 0.253629 0.967105 -0.019481 0.956874 -0.247895 0.151457 -0.141646 0.057055 0.988272
18.659721 -59.303913 -4492.342245 -1826.305877 0.234399 0.972018 -0.015432 0.908454 -0.213364 0.359427 -0.346076 0.098269 0.933046
-16.251917 -60.165325 -8395.997298 -1021.191466 -0.048040 0.984894 0.166362 0.354613 -0.138887 0.924640 -0.933778 -0.103414 0.342584
-16.743386 -60.885132 -8539.575755 590.987642 -0.040177 0.981392 0.187767 0.487114 -0.144838 0.861244 -0.872414 -0.126066 0.472231
-26.347142 -59.906217 -6735.390373 317.594986 -0.011677 0.987367 0.158019 0.475463 -0.133540 0.869541 -0.879658 -0.085286 0.467897
-15.881995 -57.843680 -7538.684466 -1523.171323 -0.051268 0.988292 0.143703 0.222708 -0.128955 0.966319 -0.973536 -0.081545 0.213489
-2.685045 -58.834759 -8919.060132 -1878.928428 -0.067113 0.984579 0.161556 0.234339 -0.141837 0.961752 -0.969836 -0.102405 0.221206
-25.089752 -59.265690 -6249.907516 -785.870628 -0.020529 0.991683 0.127058 0.344031 -0.112318 0.932217 -0.938734 -0.062849 0.338864
-56.418821 -70.692866 -11605.351906 -6832.592719 0.288304 0.694584 -0.659115 -0.818555 0.535937 0.206733 -0.496838 -0.479920 -0.723069
-65.306872 -80.980810 6562.513487 -7841.451152 -0.560840 -0.426805 0.709434 -0.559748 0.826840 0.054932 -0.610033 -0.366296 -0.702628
-68.064243 -78.410377 1374.244430 -12218.022813 -0.774889 -0.235798 0.586469 -0.416629 0.888280 -0.193338 -0.475360 -0.394155 -0.786558
-53.579921 -101.864668 4041.098753 -3153.331400 0.069938 0.909541 -0.409687 -0.432642 -0.342401 -0.834016 0.898849 -0.235577 -0.369559
-65.137487 -94.227899 -456.958410 4305.395372 0.043804 0.665007 -0.745551 0.413044 0.667445 0.619607 0.909657 -0.335087 -0.245440
-69.789808 -95.118861 -3725.389032 -536.140051 0.060530 0.798146 -0.599415 -0.490021 -0.499412 -0.714470 0.869607 -0.336972 -0.360879
1.289042 -96.439721 -16794.553419 14299.873960 -0.133711 0.695032 -0.706436 -0.408506 -0.688113 -0.599685 0.902909 -0.208399 -0.375933
24.494561 -99.734720 703.331995 -10557.954391 -0.582985 0.665688 -0.465819 0.731708 0.679385 0.055137 0.353175 -0.308699 -0.883161
1.862989 -60.579418 1235.035525 1655.163569 -0.265914 0.912174 -0.311814 0.279082 -0.236763 -0.930622 0.922715 0.334487 0.191613
14.860580 -62.188742 4299.764354 -735.341604 0.456704 0.885239 -0.088164 0.657064 -0.402468 -0.637406 0.599740 -0.233177 0.765468
15.567314 -65.726083 4422.217357 -2391.996301 0.489896 0.864623 -0.111484 0.570977 -0.414861 -0.708432 0.658778 -0.283403 0.696918
1.332150 -83.408464 -1591.103881 3367.259350 0.055794 -0.226474 0.972418 0.978070 -0.183341 -0.098818 0.200664 0.956606 0.211278
2.712191 -92.345851 -1171.111305 5589.631645 0.048507 -0.236920 0.970317 0.997525 -0.038008 -0.059148 0.050893 0.970785 0.234490
0.983207 -92.813431 -454.651581 4414.849159 0.014606 -0.239230 0.970853 0.999892 0.002220 -0.014496 0.001313 0.970960 0.239237
-10.991491 -107.266731 -727.222483 1412.041028 -0.044874 0.870119 -0.490794 -0.012228 -0.491730 -0.870662 0.998918 0.033069 -0.032705
-13.592557 -109.668907 194.413908 2185.391151 -0.092303 0.849718 -0.519095 0.156796 -0.502413 -0.850292 0.983308 0.159877 0.086858
-14.769560 -111.018293 158.321726 1983.580037 -0.086015 0.854486 -0.512304 0.364209 -0.451650 -0.814471 0.927337 0.256643 0.272363
-16.511608 -59.575156 -2575.135313 -225.368975 -0.214375 -0.256582 0.942449 -0.300175 0.935493 0.186408 -0.929483 -0.242939 -0.277566
11.633304 -123.507614 375.622235 -3033.821505 -0.051773 0.896153 -0.440714 -0.574541 0.334230 0.747123 -0.816837 -0.291889 -0.497573
11.285244 -117.590269 -915.070884 -2995.658606 -0.069010 0.896603 -0.437426 -0.743445 0.246159 0.621848 -0.665227 -0.368116 -0.649588
5.995954 -90.126806 -1324.071644 6788.290889 0.069815 -0.249652 0.965816 0.992845 -0.076634 -0.091578 0.096877 0.965298 0.242516
27.925663 -117.968042 -6754.866871 4583.267152 -0.092241 0.923708 -0.371826 0.390728 0.377045 0.839743 -0.915873 0.067824 0.395698
4.442635 -202.494310 4205.536924 3681.245600 0.958207 -0.182252 -0.220506 -0.285562 -0.655479 -0.699144 0.017117 -0.732893 0.680129
1.171809 -181.190489 3709.467563 635.019698 0.955578 -0.177676 -0.235165 -0.294463 -0.609989 -0.735666 0.012738 -0.772234 0.635211
-1.858828 -182.478430 2017.228818 -377.942260 0.960065 -0.181379 -0.213017 -0.270622 -0.408877 -0.871541 -0.070982 -0.894383 0.441634
20.391027 -24.363873 -12380.262286 5321.029154 -0.789263 -0.547943 -0.277169 -0.548580 0.832000 -0.082673 0.275905 0.086799 -0.957258
1238.460012 -18805.640636 -177030.327194 -12016167.380055 0.775261 -0.414582 -0.476541 0.479552 -0.104699 0.871245 0.411096 0.903969 -0.117644
54.303265 -493.829253 18410.834586 -67588.566523 0.877323 -0.479631 -0.016049 0.260874 0.448578 0.854823 0.402801 0.754143 -0.518671
-16.056796 -37.342589 29.594377 540.671326 0.281105 0.953791 -0.106129 0.387813 -0.214056 -0.896538 0.877827 -0.210864 0.430065
-16.371868 -35.110594 701.261707 680.243460 0.297655 0.920096 -0.254608 0.349730 -0.353249 -0.867701 0.888308 -0.169231 0.426931
-18.537688 -38.050378 -753.747688 1355.273818 0.238075 0.970556 -0.036624 0.475944 -0.149453 -0.866684 0.846639 -0.188905 0.497511
-27.341012 -39.207540 1374.707149 1247.145637 0.389970 0.751559 -0.532055 0.444064 -0.659666 -0.606340 0.806679 -0.000188 0.590990
-32.294510 -41.318948 527.519094 839.448754 0.369894 0.809201 -0.456479 0.550955 -0.586663 -0.593528 0.748083 0.031956 0.662836
-27.490346 -39.365771 -976.209467 813.859848 0.239061 0.948882 -0.206090 0.569974 -0.308961 -0.761362 0.786117 -0.064546 0.614698
-30.374345 -44.117239 2047.528310 -1644.382454 0.494395 0.536714 -0.683749 -0.415546 0.836834 0.356412 0.763476 0.107921 0.636756
-23.273223 -36.297251 424.176675 1261.145055 0.298268 0.896956 -0.326352 0.456088 -0.434289 -0.776773 0.838463 -0.082841 0.538626
-25.288329 -42.389968 2243.669256 -2027.369548 0.459703 0.522712 -0.717945 -0.344186 0.850112 0.398554 0.818663 0.063889 0.570709
-22.102783 -37.188718 2446.015258 -1815.250493 0.392830 0.692882 -0.604648 -0.340321 0.720356 0.604375 0.854322 -0.031642 0.518779
18.640164 -144.992196 -1109.322801 -41422.198559 0.049629 -0.694686 0.717599 0.804979 -0.397488 -0.440469 0.591224 0.599512 0.539480
11.691637 -152.236989 -1303.719455 -8385.444539 0.135954 -0.687200 0.713633 0.808753 -0.339062 -0.480578 0.572220 0.642490 0.509678
9.221366 -154.994083 -1892.819088 29173.251464 0.180495 -0.681932 0.708795 0.842853 -0.264205 -0.468824 0.506973 0.682030 0.527080
-383.949230 -2360.766229 69739.250337 905564.470401 -0.413964 -0.433504 0.800442 0.847400 -0.504693 0.164917 0.332485 0.746565 0.576277
-401.447535 -991.176057 81572.962301 344024.334140 -0.009587 -0.334977 0.942178 0.999900 -0.012996 0.005553 0.010384 0.942137 0.335068
-389.436872 -1015.967533 113826.887777 348069.158340 -0.033906 -0.723639 0.689346 0.999234 -0.038030 0.009225 0.019540 0.689130 0.724374
-320.670105 -413.806676 -13988.841751 83587.408574 -0.295967 0.016929 0.955048 0.906358 -0.310644 0.286384 0.301528 0.950375 0.076597
-185.617869 -2373.394821 110918.863146 788870.865288 0.335873 -0.833602 0.438517 0.892917 0.133602 -0.429941 0.299813 0.535965 0.789211
58.912789 -158.631607 4660.562661 -6396.911955 0.518217 -0.736698 -0.434428 0.583256 -0.067087 0.809514 -0.625511 -0.672886 0.394918
69.295671 -149.032292 -14340.904964 -10168.881302 -0.515223 0.769957 0.376447 0.539278 -0.050140 0.840634 -0.666126 -0.636123 0.389388
77.619713 -152.693807 11458.063000 1670.451213 0.505725 -0.774939 -0.379095 0.648766 0.051983 0.759211 -0.568635 -0.629895 0.529043
96.396957 -160.406356 17675.434055 13488.461508 0.500879 -0.772247 -0.390838 0.755240 0.169391 0.633182 -0.422768 -0.612324 0.668076
17.393036 -17.022752 1654.993812 4286.932892 0.972735 0.012600 -0.231577 -0.161508 0.753397 -0.637422 -0.166438 -0.657445 -0.734891
37.172939 5.073252 13437.332560 -1139.093453 0.935779 -0.006420 -0.352528 0.043468 0.994307 0.097279 0.349897 -0.106355 0.930731
41.766515 7.187099 12971.180451 3589.687241 0.932810 -0.087642 -0.349548 0.113555 0.992047 0.054302 0.342009 -0.090346 0.935343
-3.556648 -52.818332 -967.417798 -3479.999954 0.190871 0.978176 -0.082097 -0.398620 0.153667 0.904151 -0.897034 0.139851 -0.419251
-5.522570 -57.894125 -109.127306 -958.223865 0.208328 0.972823 -0.101071 -0.244367 0.151832 0.957722 -0.947040 0.174822 -0.269356
0.407998 -44.033865 -1293.268471 -4830.085815 0.121947 0.992526 -0.004579 -0.542860 0.070560 0.836854 -0.830922 0.099566 -0.547408
-7.507721 -58.501151 -1567.477899 -826.528425 0.222983 0.967105 -0.122422 -0.222680 0.172797 0.959455 -0.949048 0.186682 -0.253886
-5.427940 -53.894457 -1460.837983 -2150.084008 0.225379 0.964664 -0.136484 -0.362926 0.213134 0.907116 -0.904151 0.154911 -0.398137
0.375607 -45.565425 -2191.548287 -3373.341617 0.154775 0.985344 -0.071707 -0.517799 0.142720 0.843514 -0.841385 0.093425 -0.532299
4.946785 -86.615196 1338.097705 -1487.833541 -0.606945 -0.769017 0.200577 0.688122 -0.382236 0.616753 -0.397626 0.512357 0.761173
6.879017 -85.818573 506.265466 -850.123196 -0.617988 -0.755121 0.218823 0.695202 -0.394898 0.600624 -0.367131 0.523305 0.769004
4.428194 -88.742348 1708.141364 554.630043 -0.599003 -0.774677 0.202660 0.761416 -0.472694 0.443628 -0.247873 0.420043 0.872996
6.513350 -80.330107 -74.165829 -3392.891030 0.625928 0.749474 -0.215646 0.595938 -0.281283 0.752156 -0.503063 0.599307 0.622703
0.572420 -90.406052 1882.385874 90.361249 -0.584122 -0.786849 0.199173 0.766074 -0.453371 0.455615 -0.268202 0.418716 0.867609
5.201088 -80.550789 -949.653081 -3993.853567 0.612024 0.765157 -0.199903 0.586473 -0.269551 0.763801 -0.530543 0.584702 0.613716
1.684648 -87.280722 1672.355313 -1797.395520 -0.590031 -0.782962 0.197062 0.690265 -0.362581 0.626154 -0.418804 0.505476 0.754385
14.213853 -110.246879 -4425.572359 9293.736729 0.541808 0.833524 0.108082 0.728099 -0.401210 -0.555790 0.419901 -0.379826 0.824266
-16.488897 -56.884874 221.471895 1306.282809 0.409462 0.903674 -0.125355 -0.884714 0.426852 0.187294 -0.222761 -0.034213 -0.974273
-14.829962 -55.844162 -248.056228 -1208.647197 0.399975 0.905880 -0.139288 -0.850902 0.423494 0.310834 -0.340566 0.005806 -0.940203
-14.732294 -56.597113 293.191411 -1171.258454 0.405643 0.908228 -0.102835 -0.861440 0.417488 0.289179 -0.305573 0.028717 -0.951736
-14.757355 -59.760339 425.833581 -2633.312341 0.436522 0.891977 -0.117581 -0.791873 0.442950 0.420395 -0.427065 0.090402 -0.899690
-13.853225 -58.144108 -407.950583 -2707.899837 0.420591 0.893408 -0.157876 -0.783227 0.445381 0.433810 -0.457885 0.058804 -0.887065
-22.737403 -64.536442 7721.442111 -9585.225881 0.978547 -0.205946 -0.005719 0.182230 0.878145 -0.442328 -0.096118 -0.431796 -0.896835
-27.093516 -79.912606 9188.336128 -7071.955516 0.987731 -0.151790 -0.036714 0.131181 0.934002 -0.332312 -0.084733 -0.323419 -0.942455
-11.001440 -92.065299 -1151.641968 -7798.943434 0.651553 0.710377 0.266163 0.596169 -0.696455 0.399416 -0.469107 0.101562 0.877282
-12.570981 -94.475636 -369.913270 -9531.827450 0.648270 0.721488 0.243314 0.632698 -0.688220 0.355031 -0.423604 0.076212 0.902636
-10.282460 -85.028039 305.039196 -3556.283149 0.657242 0.714715 0.239199 0.535939 -0.666344 0.518416 -0.529908 0.212529 0.820992
17.377642 -27.602098 4393.989314 -1854.727173 -0.062842 0.923798 0.377689 -0.764873 -0.287679 0.576376 -0.641108 0.252663 -0.724667
17.830150 -29.237456 5018.979833 -3206.730670 0.008852 0.960572 0.277891 -0.764102 -0.172766 0.621530 -0.645035 0.217839 -0.732446
24.905985 -28.469483 6983.767313 -2498.966193 -0.014362 0.937755 0.347000 -0.805913 -0.216274 0.551117 -0.591860 0.271737 -0.758855
14.325212 -139.035306 -3527.740222 22384.906103 -0.700045 -0.701168 -0.135282 -0.686773 0.712970 -0.141482 0.195655 -0.006136 -0.980654
9.307205 -151.113578 232.262261 -8256.419529 0.703361 0.700017 0.123529 -0.608903 0.683002 -0.403417 0.366769 -0.208531 -0.906640
5.669551 -139.189991 456.316552 13912.225400 -0.723520 -0.676297 -0.138352 -0.645395 0.733834 -0.212022 0.244918 -0.064111 -0.967422
17.387244 -147.385017 7088.294065 -5802.694336 0.675465 0.724916 0.135070 -0.645851 0.669995 -0.366038 0.355843 -0.160011 -0.920746
10.398488 -125.239346 1528.704182 38505.558230 0.729826 0.667463 0.147812 -0.679665 0.731689 0.051833 0.073555 0.138292 -0.987656
24.245658 -136.962560 9235.965567 22508.553925 0.684314 0.717308 0.131087 -0.709061 0.696530 -0.109900 0.170138 0.017743 -0.985260
21.258723 -123.732077 5544.588100 35950.920392 0.712678 0.687962 0.137105 -0.701077 0.705237 0.105510 0.024105 0.171315 -0.984921
-13.945833 -346.089016 5370.168523 39388.059890 0.609589 0.791363 -0.046319 0.521827 -0.444578 -0.728043 0.596739 -0.419637 0.683964
-2.740004 -84.855234 235.529872 12721.797746 -0.714612 -0.679198 -0.167391 -0.679420 0.730865 -0.064996 0.166486 0.067282 -0.983746
-6.715871 -77.569991 -700.297289 1202.056829 0.672801 0.718656 0.175705 0.731369 -0.681885 -0.011524 0.111529 0.136259 -0.984375
3.824025 -87.115956 1861.411217 8871.120082 0.609078 0.779437 0.146638 0.469102 -0.503123 0.725817 -0.639506 0.373291 0.672076
0.320485 -95.307927 2610.615664 11805.948793 0.627648 0.763206 0.153541 0.421434 -0.498929 0.757274 -0.654561 0.410594 0.634793
17.162922 -60.150914 -845.255576 -2068.230108 -0.285509 -0.953621 0.095350 0.953282 -0.272338 0.130707 -0.098678 0.128213 0.986825
16.018015 -57.896917 -5785.171181 -649.163547 -0.330048 -0.933469 0.140374 0.925332 -0.290537 0.243615 -0.186623 0.210297 0.959660
21.090338 -59.229985 7022.838029 386.563717 0.329525 0.934011 -0.137975 0.879264 -0.250346 0.405242 -0.343959 0.254853 0.903738
18.257215 -58.306685 7105.110192 -322.169791 0.333785 0.931271 -0.146018 0.898851 -0.267767 0.346941 -0.283997 0.247052 0.926451
-4.914941 -61.527623 -8745.636165 600.020186 -0.044169 0.976244 0.212122 0.507196 -0.161018 0.846656 -0.860698 -0.144983 0.488035
-18.159516 -59.311092 -7733.945550 1211.355695 -0.023441 0.976729 0.213191 0.597850 -0.157221 0.786038 -0.801265 -0.145882 0.580253
-27.317419 -58.991207 -6945.183814 1274.491155 -0.002528 0.983312 0.181909 0.593973 -0.144867 0.791334 -0.804481 -0.110049 0.583695
-6.737035 -78.420446 -9105.743355 -1450.173127 0.012940 0.750683 -0.660536 -0.622730 0.522893 0.582056 -0.782329 -0.403804 -0.474240
-26.881155 -78.389952 -10339.339264 -2873.157902 0.065564 0.729507 -0.680823 -0.678589 0.532827 0.505581 -0.731586 -0.428852 -0.529970
-16.288645 -74.559507 -8694.590874 -4456.181181 0.037806 0.738336 -0.673372 -0.754745 0.462740 0.465008 -0.654928 -0.490644 -0.574750
-28.461151 -78.021603 -9747.422653 648.850809 0.074394 0.724999 -0.684720 -0.543889 0.605008 0.581506 -0.835853 -0.329151 -0.439328
1.731976 -74.991470 -6888.262420 -4618.702510 0.024183 0.756853 -0.653138 -0.737766 0.454391 0.499229 -0.674623 -0.469790 -0.569369
6.819574 -63.129765 -1257.198986 283.006200 0.586231 0.767674 -0.258862 0.711499 -0.640666 -0.288647 0.387431 0.014966 0.921777
12.152049 -61.089606 -2232.941034 25.036651 0.586988 0.753979 -0.294891 0.688030 -0.656548 -0.309126 0.426685 0.021441 0.904146
2.770001 -60.508297 -869.433320 60.439255 0.556782 0.794109 -0.243690 0.662235 -0.601454 -0.446876 0.501437 -0.087432 0.860765
-13.802575 -45.698761 2292.444279 -753.575478 0.073408 0.996092 0.049113 -0.261617 -0.028288 0.964757 -0.962376 0.083669 -0.258519
-15.114404 -44.096561 2662.566885 -1419.511057 0.040703 0.996898 0.067362 -0.259205 -0.054574 0.964279 -0.964964 0.056710 -0.256179
-15.429908 -48.474241 3081.763994 -1250.180228 0.090414 0.995783 -0.015509 -0.156102 0.029551 0.987299 -0.983594 0.086845 -0.158116
-36.741014 -105.092165 9499.850195 -9875.614574 -0.036151 0.940831 -0.336942 -0.341190 -0.328523 -0.880717 0.939299 -0.083122 -0.332879
118.903202 -101.449707 2223.145903 15861.337274 0.941443 0.313068 -0.125191 -0.200491 0.221265 -0.954382 0.271086 -0.923596 -0.271076
148.878556 -76.535042 7783.953782 14259.940088 0.909467 0.408634 -0.076737 -0.237497 0.359084 -0.902582 0.341270 -0.839093 -0.423625
123.403307 -68.501834 -6173.565357 11744.187029 0.964941 0.178022 -0.192864 -0.246809 0.365458 -0.897511 0.089293 -0.913646 -0.396583
194.292647 -88.463034 -26768.797143 14062.181587 0.883485 0.468167 0.016553 -0.163125 0.340575 -0.925958 0.439140 -0.815370 -0.377263
113.194231 -80.778612 -24563.323292 12994.347094 0.962740 -0.028813 -0.268891 -0.247474 0.307036 -0.918959 -0.109037 -0.951262 -0.288465
97.702664 -108.836622 -8915.369174 13767.575222 0.954805 0.048228 -0.293293 -0.296857 0.105217 -0.949108 0.014914 -0.993279 -0.114779
71.919603 -126.282878 9398.552742 15142.597401 0.939093 0.266622 -0.216836 -0.217742 -0.026535 -0.975646 0.265882 -0.963436 -0.033136
80.511162 -127.996040 1449.456258 17268.836413 0.920239 0.388323 -0.048646 -0.066162 0.031856 -0.997300 0.385725 -0.920973 -0.055007
158.270035 -100.462005 -35821.612925 9794.107504 0.905276 0.416510 0.083635 -0.004768 0.206820 -0.978367 0.424798 -0.885294 -0.189215
0.763365 -61.384177 -1973.286862 -1169.188123 -0.328154 0.939420 -0.099015 0.199022 -0.033708 -0.979415 0.923420 0.341106 0.175904
13.277057 -65.908486 -2396.966259 46.160007 -0.362864 0.931842 0.000298 0.107769 0.042284 -0.993276 0.925589 0.360392 0.115767
-3.083014 -57.399774 -4571.006351 -3523.931976 -0.391590 0.900919 0.187088 0.311017 0.320956 -0.894570 0.865982 0.292117 0.405884
4.818967 -65.173757 -3982.439797 -3212.173986 -0.400260 0.903294 0.154440 0.199464 0.250363 -0.947382 0.894430 0.348394 0.280385
13.728261 -64.477591 -3365.123499 -639.969631 0.489695 0.868820 -0.073151 0.590773 -0.392338 -0.705024 0.641239 -0.302031 0.705401
12.213625 -66.706781 -1490.958057 -1576.135000 0.509241 0.854703 -0.100781 0.503662 -0.390926 -0.770390 0.697853 -0.341555 0.629557
19.385738 -65.450185 5094.101045 -4294.521205 0.502556 0.857595 -0.109400 0.502131 -0.392550 -0.770564 0.703777 -0.332319 0.627903
0.658814 -77.809508 -1874.280830 410.173888 0.042391 -0.217461 0.975148 0.942627 -0.314793 -0.111177 0.331147 0.923913 0.191640
-2.744596 -78.754735 -1382.996762 41.148354 0.022808 -0.222222 0.974729 0.887518 -0.444311 -0.122063 0.460208 0.867874 0.187093
-4.660063 -79.390519 -584.937887 1606.327018 0.011475 -0.242908 0.969982 0.797964 -0.582359 -0.155277 0.602595 0.775792 0.187149
-2.411756 -78.936320 -916.090682 -956.916779 0.012148 -0.229346 0.973269 0.806023 -0.573780 -0.145269 0.591760 0.786242 0.177887
0.969013 -76.131426 -2048.108160 -1994.850633 0.023425 -0.212235 0.976938 0.886684 -0.446970 -0.118363 0.461782 0.869008 0.177715
-5.567228 -116.881059 -1777.931025 5506.476368 0.004676 0.895899 -0.444233 0.096762 -0.442558 -0.891504 0.995297 0.038816 0.088759
-2.209396 -123.721705 -1172.840743 9475.248570 -0.003907 0.904611 -0.426220 0.142798 -0.421351 -0.895585 0.989744 0.064362 0.127531
1.139122 -129.429420 -1431.932530 4251.870420 -0.018750 0.909314 -0.415688 0.392406 -0.375709 -0.839560 0.919601 0.178860 0.349776
1.064373 -132.151223 -2541.299161 -1114.239023 -0.016406 0.918369 -0.395386 0.587834 -0.311021 -0.746805 0.808815 0.244673 0.534745
61.911398 -127.594750 -18137.001624 12249.187955 -0.241503 -0.601673 0.761358 0.854775 0.239524 0.460422 -0.459387 0.761983 0.456449
