13967
27919
-27.002862 -45.174730 1003.901506 -4738.238598 -0.306365 0.934204 -0.182769 0.435186 0.308217 0.845940 -0.846613 -0.179628 0.500979
-33.815140 -52.356538 -368.676700 -3995.687227 -0.376858 0.916139 -0.136628 0.570264 0.345712 0.745173 -0.729916 -0.202910 0.652725
-25.170322 -64.018239 1572.010567 -5595.187093 -0.406119 0.860794 -0.306760 0.540182 0.496897 0.679188 -0.737069 -0.110125 0.666785
-29.011909 -45.375524 259.212186 -2612.658617 -0.048149 0.936583 0.347123 0.656649 -0.232191 0.717565 -0.752658 -0.262488 0.603827
-16.100264 -61.139815 3670.294484 -7036.953469 -0.302555 0.876228 -0.375080 0.450565 0.478262 0.753828 -0.839912 -0.059077 0.539498
-13.603729 -49.611463 2749.374736 -8451.354025 -0.217956 0.940201 -0.261756 0.379122 0.328706 0.864996 -0.899312 -0.089294 0.428095
-16.218143 -33.090547 1891.047896 -4055.462172 -0.144983 0.987403 -0.063358 0.374894 0.114081 0.920022 -0.915661 -0.109635 0.386711
-21.183310 -28.032823 627.279654 -1720.313190 0.039405 0.893297 0.447735 0.447600 -0.416393 0.791373 -0.893365 -0.169222 0.416248
-23.844749 -34.398915 -782.983912 -1972.274964 0.070187 0.826154 0.559055 0.530234 -0.505605 0.680599 -0.844941 -0.248661 0.473542
-30.010220 -50.340407 -485.535875 -372.266313 0.085230 0.987182 0.134935 0.991274 -0.070346 -0.111479 -0.100558 0.143259 -0.984563
-27.249742 -52.384433 349.878476 -326.797576 -0.012325 0.961119 0.275858 0.998493 0.026582 -0.048005 -0.053472 0.274851 -0.959999
-30.861519 -48.995123 -315.739123 -548.552186 0.056027 0.982183 0.179383 0.997758 -0.061664 0.025995 0.036593 0.177524 -0.983436
-31.542609 -48.279384 -157.280185 75.368102 0.080208 0.995571 0.049047 -0.995324 0.082650 -0.049987 0.053820 0.044808 -0.997545
-31.588384 -51.161549 465.348140 -958.029001 0.069669 0.997188 0.027622 -0.996292 0.068151 0.052521 -0.050491 0.031179 -0.998238
4.546706 -26.705139 -2166.982340 1693.730638 -0.232651 0.610503 -0.757073 0.964526 0.244684 -0.099089 0.124749 -0.753270 -0.645773
1.118493 -22.205307 -998.457693 2831.919450 -0.173516 0.639598 -0.748870 0.967596 0.252353 -0.008665 0.183438 -0.726107 -0.662660
13.330103 -27.362113 -3046.302696 2110.732940 -0.056441 0.670860 -0.739433 0.993977 0.107439 0.021605 0.093938 -0.733760 -0.672883
-4.639926 -31.630941 -520.895496 -1520.587247 0.360200 0.931916 0.042299 -0.285420 0.153261 -0.946069 0.888139 -0.328701 -0.321192
1.726776 -36.237983 -1362.492474 -1206.972358 0.405994 0.904756 0.128787 -0.390307 0.299091 -0.870750 0.826335 -0.303252 -0.474561
-6.815110 -35.114770 89.194060 -1242.320026 0.321057 0.944712 0.066641 -0.338368 0.180145 -0.923610 0.884551 -0.273982 -0.377497
-7.576783 -30.704121 244.444263 -1055.243453 0.296437 0.955016 0.008280 -0.226045 0.078583 -0.970942 0.927916 -0.285952 -0.239171
-5.882324 -37.132873 278.897177 -1219.771813 0.279434 0.958319 0.059505 -0.390935 0.170158 -0.904553 0.876976 -0.229500 -0.422188
-6.260150 -33.352347 431.276820 -1032.371581 0.262023 0.964313 0.038000 -0.260743 0.108651 -0.959275 0.929170 -0.241444 -0.279907
-2.630487 -70.851771 -912.959777 62.578919 0.365833 0.916537 -0.161632 0.897764 -0.393312 -0.198307 0.245327 0.072560 0.966721
-3.856976 -71.983529 739.815439 -2866.300033 -0.363660 -0.912855 0.185601 0.931303 -0.360695 0.050730 0.020636 0.191299 0.981315
-1.451517 -66.037776 822.546278 -1938.158191 -0.398601 -0.901874 0.166557 0.917025 -0.389260 0.086839 -0.013484 0.187351 0.982200
0.489268 -65.179373 -493.636237 -379.333723 0.378629 0.908495 -0.176853 0.904238 -0.403863 -0.138741 0.197470 0.107386 0.974410
-0.042196 -77.557343 172.436116 -2525.692493 0.441356 0.896894 0.028031 -0.839575 0.401720 0.365699 -0.316732 0.184938 -0.930311
-0.965776 -83.512406 121.033693 -2718.273451 0.466089 0.884691 0.009126 -0.759998 0.395073 0.516062 -0.452950 0.247467 -0.856503
0.522526 -84.127087 82.598945 -3193.314175 0.462411 0.886616 0.009354 -0.834956 0.431869 0.341084 -0.298371 0.165531 -0.939986
-1.766733 -77.954519 212.724185 -2386.443235 0.439038 0.898155 0.023751 -0.776912 0.366229 0.512136 -0.451279 0.243300 -0.858576
0.857804 -74.368726 139.592300 -2573.508840 0.419678 0.907057 0.033425 -0.893134 0.406110 0.193357 -0.161811 0.111001 -0.980559
-0.727337 -72.474280 267.147788 -2324.218254 0.412435 0.910111 0.039935 -0.861519 0.375415 0.341830 -0.296111 0.175388 -0.938913
37.286181 -40.265936 6355.501326 4177.289308 0.000463 0.870437 -0.492280 0.464971 0.435641 0.770726 -0.885326 0.229252 0.404526
50.813399 -32.670225 5333.244346 4421.528289 -0.119877 0.894229 -0.431258 0.478373 0.432665 0.764173 -0.869936 0.114696 0.479642
40.880857 -46.488001 4483.965927 5468.498018 -0.082831 0.849312 -0.521352 0.385846 0.509679 0.768993 -0.918837 0.137465 0.369921
49.416746 -30.138779 6576.559759 1803.373409 -0.049291 0.915468 -0.399360 0.547703 0.359140 0.755671 -0.835219 0.181483 0.519107
26.311069 -53.429198 3450.470707 4871.375463 0.000388 0.839783 -0.542922 0.345454 0.509385 0.788155 -0.938436 0.187860 0.289909
36.008521 -37.399540 7321.308494 -180.814273 0.089341 0.889823 -0.447474 0.526291 0.339252 0.779696 -0.845598 0.305160 0.437997
19.393063 -47.401261 3821.761493 3497.249915 0.069230 0.864495 -0.497851 0.432845 0.423596 0.795746 -0.898806 0.270582 0.344867
-2.301985 -90.864700 -497.138313 -2634.519182 0.991438 -0.100229 -0.083690 0.124145 0.922202 0.366241 -0.040471 0.373495 -0.926749
-2.812378 -96.651081 -302.348315 -1735.085045 0.993300 -0.090280 -0.072139 0.114998 0.833793 0.539967 -0.011400 0.544646 -0.838589
-3.977494 -89.779866 38.804789 -1764.529432 0.991900 -0.113158 -0.057711 0.126969 0.896776 0.423876 -0.003789 0.427770 -0.903880
-9.716077 -70.271562 166.144962 894.672576 0.306383 0.936295 -0.171700 -0.339495 0.275992 0.899206 -0.889310 0.217210 -0.402427
-9.240297 -70.596685 201.279454 714.825082 0.338640 0.932487 -0.125662 -0.360020 0.251802 0.898322 -0.869315 0.258967 -0.420984
-10.175501 -69.194175 60.855638 -497.406234 0.312057 0.933796 -0.175060 -0.521381 0.322356 0.790094 -0.794218 0.155282 -0.587457
-9.862312 -70.811617 -35.030765 -815.095515 0.278534 0.934313 -0.222436 -0.499231 0.338700 0.797528 -0.820480 0.111092 -0.560778
-14.341631 -98.219137 -1951.891932 8412.146868 0.992651 0.081972 -0.089016 -0.010640 0.791887 0.610575 -0.120540 0.605141 -0.786940
-13.248579 -91.710868 -2015.899722 2491.080275 0.993548 0.022509 -0.111155 0.065134 0.689099 0.721734 -0.092842 0.724317 -0.683187
-14.007077 -102.127104 377.602477 8372.302415 0.998462 0.024750 -0.049599 0.012142 0.775399 0.631355 -0.054085 0.630987 -0.773906
-12.059439 -95.288827 1130.088613 820.527042 0.998407 0.040206 -0.039574 -0.018639 0.897180 0.441272 -0.053247 0.439832 -0.896500
-9.602464 -98.090758 2882.493042 -1442.278604 0.999841 0.002934 -0.017564 0.004595 0.910427 0.413644 -0.017205 0.413659 -0.910269
-12.693178 -106.834064 576.269913 6301.821055 0.998235 0.013417 -0.057843 0.024722 0.791777 0.610310 -0.053988 0.610663 -0.790048
-3.750696 -78.608217 3077.692992 7233.728895 0.990683 -0.105859 -0.085685 0.123165 0.427868 0.895410 0.058126 0.897621 -0.436919
-1.835408 -70.277312 3862.318988 2727.773944 0.985837 -0.131580 -0.103980 0.143218 0.337942 0.930206 0.087257 0.931924 -0.352001
0.496562 -78.329829 1925.340378 12383.638196 0.989044 -0.120976 -0.084601 0.125457 0.386781 0.913598 0.077801 0.914202 -0.397721
-5.837549 -98.000504 2683.271574 13498.227207 0.994599 -0.082537 -0.062926 0.098272 0.553866 0.826786 0.033388 0.828504 -0.558986
-10.952825 -85.990232 2568.401962 6422.013507 0.993536 -0.083083 -0.077349 0.109245 0.514718 0.850371 0.030839 0.853324 -0.520468
-0.887599 -94.738125 2351.308398 15575.714615 0.993839 -0.099226 -0.049387 0.092520 0.497324 0.862617 0.061032 0.861872 -0.503440
-0.481973 -8.633031 -3380.547637 1109.718983 0.212235 -0.649637 0.730019 0.939366 0.341528 0.030824 -0.269346 0.679214 0.682731
5.412070 -11.851905 -3674.646220 1486.931193 0.313782 -0.606991 0.730139 0.901980 0.430769 -0.029518 -0.296604 0.667832 0.682661
-6.941285 -12.776662 -2683.656380 2096.995631 0.376066 -0.589369 0.714996 0.880706 0.467174 -0.078134 -0.287978 0.659085 0.694749
-8.925466 -13.276769 -2655.542976 -1451.089554 -0.459743 -0.726190 0.511160 0.852416 -0.199440 0.483334 -0.249047 0.657930 0.710707
-14.912171 -15.852017 1438.759070 -1929.907514 0.920190 0.391471 0.000244 0.289344 -0.680552 0.673149 -0.263684 0.619354 0.739507
-11.185578 -18.755536 -1951.207156 2099.360912 0.611350 -0.448280 0.652147 0.725019 0.647567 -0.234531 -0.317173 0.616200 0.720901
9.002507 -35.033948 -124.718929 216.522598 0.330557 0.939820 -0.086430 0.079091 0.063670 0.994832 -0.940466 0.335684 0.053285
11.075963 -37.462850 477.051495 260.220434 0.350289 0.932297 -0.090111 -0.041339 0.111501 0.992904 -0.935729 0.344078 -0.077598
8.466356 -36.025721 1074.279402 549.967598 0.370813 0.927367 -0.049884 0.051536 0.033083 0.998123 -0.927276 0.372688 0.035525
13.166602 -35.975825 556.289896 518.191730 0.307334 0.940452 -0.145246 0.007369 0.150276 0.988617 -0.951573 0.304906 -0.039255
7.129732 -32.990581 -58.620891 1070.396172 0.341905 0.937999 -0.057086 0.172727 -0.003015 0.984965 -0.923724 0.346625 0.163048
6.423607 -33.294253 -773.167448 487.304014 0.309152 0.947264 -0.084358 0.191130 0.025006 0.981246 -0.931608 0.319478 0.173320
8.055139 -34.774461 -403.571383 -70.809986 0.301499 0.945511 -0.122914 0.109370 0.093766 0.989569 -0.947173 0.311797 0.075141
-9.084890 -25.579288 859.211957 109.043620 0.349228 0.818020 -0.457038 -0.611440 0.568535 0.550371 -0.710057 -0.087246 -0.698718
-8.058908 -25.218249 646.648724 112.135467 0.401352 0.777295 -0.484489 -0.653801 0.613579 0.442792 -0.641452 -0.139045 -0.754457
-11.640111 -26.534842 1012.959359 18.905851 0.410534 0.741222 -0.531086 -0.661565 0.642945 0.385944 -0.627530 -0.192905 -0.754317
-6.721961 -1247.714619 -1584.701546 716086.470109 -0.037124 0.239107 -0.970283 0.741994 0.656978 0.133509 0.669378 -0.714988 -0.201806
-8.141962 -1929.422589 -700.063527 1241337.365691 -0.014456 0.262736 -0.964759 0.781113 0.605317 0.153144 0.624222 -0.751372 -0.213977
-8.648202 -3757.823183 19111.009587 3068226.202360 -0.004689 0.302276 -0.953209 0.978361 -0.195791 -0.066900 -0.206852 -0.932896 -0.294817
23.992054 -1088.605412 -4914.806444 578107.519344 -0.123966 0.108732 -0.986311 0.723850 0.689796 -0.014935 0.678730 -0.715792 -0.164217
202.539534 -4587.478604 35844.336303 -1301723.576415 0.114318 0.863094 -0.491935 -0.762745 -0.241016 -0.600110 0.636515 -0.443825 -0.630768
-22.998071 -444.669995 -9090.677198 -89305.031146 0.256191 0.899803 -0.353159 -0.858194 0.043600 -0.511470 0.444824 -0.434113 -0.783376
-127.392635 -323.702559 -30539.010812 51473.198380 0.237832 0.907344 -0.346645 0.929672 -0.109279 0.351807 0.281329 -0.405937 -0.869522
-64.239754 -705.690717 -10573.533400 -203736.968438 0.370435 0.897519 -0.239242 -0.490085 -0.029942 -0.871160 0.789047 -0.439957 -0.428769
-182.991602 -284.896982 -21985.331182 -62718.315104 -0.528601 -0.389270 -0.754354 0.032949 0.878577 -0.476462 0.848231 -0.276714 -0.451590
-2.377845 -37.778197 -925.241446 955.030058 0.350509 0.915533 0.197340 0.901933 -0.386737 0.192229 -0.252311 -0.110610 0.961304
-4.724882 -39.340746 -504.214942 60.141968 0.399555 0.894714 0.199604 0.813734 -0.446428 0.372207 -0.422128 -0.013708 0.906433
7.529159 -32.686657 -3083.522911 1012.699265 0.160540 0.968140 0.192178 0.955956 -0.200980 0.213905 -0.245714 -0.149373 0.957764
-3.880403 -28.782900 -1715.157844 1627.851535 -0.198653 0.951356 0.235497 0.200975 0.274722 -0.940285 0.959242 0.139461 0.245773
-6.026484 -41.537688 -280.519885 2901.043755 -0.131834 0.991251 0.006423 0.385186 0.057197 -0.921065 0.913374 0.118953 0.389356
-3.731769 -28.221377 972.314600 1515.530420 -0.221759 0.962140 0.158457 0.254341 0.213952 -0.943152 0.941347 0.168850 0.292157
-2.981046 -18.722459 -97.107381 1732.114975 -0.244588 0.897886 0.366029 0.115567 0.401799 -0.908406 0.962715 0.179885 0.202041
-2.411963 -17.996022 -1613.972895 2679.316463 -0.234330 0.862245 0.449024 0.033514 0.468775 -0.882682 0.971579 0.191790 0.138746
-4.950866 -26.899126 -1473.774882 3198.823370 -0.254199 0.913322 0.318161 0.100019 0.352028 -0.930630 0.961966 0.204743 0.180834
-19.310175 -40.737355 -3384.541511 -1407.944184 -0.033307 0.998303 -0.047769 -0.025963 -0.048644 -0.998479 0.999108 0.032016 -0.027539
-17.649669 -50.273235 -4465.412169 -7883.156848 -0.052567 0.995488 0.079000 0.085512 0.083306 -0.992848 0.994949 0.045436 0.089506
-12.420881 -42.477337 -3247.604533 -8553.911684 -0.083841 0.984682 -0.152879 0.206444 -0.132927 -0.969387 0.974860 0.112835 0.192137
-12.525507 -34.440286 1892.168681 -3463.592876 -0.124678 0.982358 -0.139382 0.104248 -0.126731 -0.986444 0.986705 0.137519 0.086608
-16.411988 -36.535107 3818.504268 -867.972134 -0.128599 0.986814 -0.098291 -0.027671 -0.102646 -0.994333 0.991310 0.125151 -0.040507
-4.098493 -30.818604 1835.649160 -602.954720 0.453470 0.870689 -0.190435 0.533153 -0.436220 -0.724886 0.714222 -0.227183 0.662023
0.432640 -29.417255 2266.200384 -528.001174 0.438081 0.875845 -0.202439 0.528476 -0.433100 -0.730163 0.727186 -0.212887 0.652595
-2.743367 -27.461624 1875.673856 -1155.177708 0.433081 0.886454 -0.163216 0.631801 -0.427696 -0.646455 0.642859 -0.176847 0.745290
-5.180568 -28.248235 535.685696 -1170.994219 0.479477 0.860932 -0.169994 0.614957 -0.467829 -0.634794 0.626043 -0.199830 0.753750
-2.566590 -23.341500 840.516247 -1762.956781 0.433386 0.890779 -0.136706 0.708643 -0.430556 -0.558968 0.556777 -0.145374 0.817842
-0.119916 -22.607414 1695.721861 -1706.309036 0.376049 0.920022 -0.110213 0.732223 -0.367944 -0.573120 0.567835 -0.134821 0.812026
-8.437219 -101.016675 -290.481587 -13692.851009 -0.342527 0.369867 0.863640 0.880188 0.447795 0.157315 -0.328548 0.814050 -0.478935
-9.262377 -91.120770 972.638827 -7331.208021 -0.330757 0.294232 0.896676 0.874704 0.452248 0.174253 -0.354250 0.841961 -0.406950
-8.184894 -110.856507 433.165070 -6385.340680 -0.313683 0.337514 0.887517 0.936662 0.263333 0.230910 -0.155777 0.903737 -0.398740
1.618905 -39.114230 -159.911140 -46.022182 0.498110 -0.574114 -0.649830 0.046762 0.766112 -0.641004 0.865852 0.288903 0.408455
0.569198 -40.490251 -304.317815 -27.156172 0.505543 -0.570393 -0.647363 0.053861 0.769703 -0.636126 0.861119 0.286721 0.419840
1.552257 -39.626843 -331.659968 336.545424 0.502489 -0.584889 -0.636718 -0.128111 0.677945 -0.723863 0.855039 0.445304 0.265729
3.063384 -38.238884 -313.343356 197.827335 0.495452 -0.596926 -0.631036 -0.110951 0.677029 -0.727545 0.861520 0.430478 0.269206
0.819242 -39.220763 432.461658 449.840112 -0.505200 0.596437 0.623727 -0.285765 0.566353 -0.773034 0.814316 0.568777 0.115681
3.073127 -38.229794 419.948389 330.393855 -0.500847 0.598459 0.625300 -0.274082 0.575604 -0.770428 0.820994 0.557250 0.124263
41.083257 -52.374402 -999.006480 -9189.653917 -0.405004 0.813782 0.416810 0.913973 0.372808 0.160212 -0.025013 0.445840 -0.894763
46.386069 -37.447183 -1962.056789 -4244.077063 -0.267240 0.817503 0.510169 0.953440 0.301106 0.016940 -0.139767 0.490943 -0.859907
50.315917 -40.705705 -1946.989303 -4750.702257 -0.343409 0.846341 0.407157 0.933547 0.355037 0.049382 -0.102762 0.397059 -0.912022
37.939056 -56.792899 -37.096208 -6862.550842 -0.493113 0.809542 0.318562 0.869888 0.453928 0.192991 0.011630 0.372280 -0.928048
29.458019 -70.160803 289.058039 -7552.915966 -0.527546 0.789073 0.314738 0.837010 0.419423 0.351423 0.145291 0.448831 -0.881727
-5.136059 -64.041782 -340.257990 853.943842 0.788369 -0.590977 -0.170937 0.133913 -0.106342 0.985271 0.600451 0.799648 0.004697
-6.317329 -62.547030 -278.498442 738.814495 0.769482 -0.621389 -0.147557 0.115833 -0.091424 0.989052 0.628077 0.778150 -0.001628
-5.873211 -67.990833 -299.440391 1641.554705 0.780012 -0.594992 -0.193816 0.274022 0.046319 0.960607 0.562577 0.802396 -0.199171
-4.539398 -70.572982 -296.495726 2013.903171 0.791461 -0.570892 -0.218339 0.290579 0.037174 0.956129 0.537729 0.820184 -0.195311
-5.149597 -74.925185 -294.688517 1813.427602 0.779985 -0.577884 -0.240153 0.416049 0.192191 0.888800 0.467468 0.793166 -0.390334
-6.582267 -70.832846 -260.152071 1085.551784 0.772267 -0.602454 -0.201623 0.399144 0.213207 0.891755 0.494254 0.769150 -0.405118
15.523575 -4330.515603 9805.940187 -6735073.229404 0.102285 0.321746 -0.941285 0.960428 -0.278375 0.009213 -0.259066 -0.904979 -0.337487
391.526102 -3941.201628 -76207.168415 -4062725.071742 0.288281 0.382747 -0.877724 0.907278 0.183910 0.378185 0.306171 -0.905363 -0.294240
-1.613023 -3054.657327 -3171.960280 -4239372.667821 -0.001512 0.309990 -0.950739 0.973942 -0.215163 -0.071703 -0.226791 -0.926073 -0.301587
0.781034 -55.844261 -118.550815 955.860356 0.663651 -0.743373 -0.083447 0.663919 0.533947 0.523557 -0.344642 -0.402862 0.847894
0.452854 -65.400559 -201.761728 3543.935319 0.629765 -0.768184 -0.115282 0.640123 0.429148 0.637240 -0.440044 -0.475106 0.761994
-0.043597 -60.841363 -190.108134 -3483.012563 0.636943 -0.763423 -0.107189 -0.634696 -0.440386 -0.634997 -0.437567 -0.472489 0.765042
-15.695355 -89.522895 -2806.442455 10785.024515 0.863683 -0.058418 -0.500638 0.440519 -0.395193 0.806080 0.244938 0.916739 0.315588
-19.497545 -87.870030 -2230.800197 7105.647215 0.843491 -0.121413 -0.523241 0.467698 -0.313051 0.826594 0.264161 0.941944 0.207271
-14.819828 -109.087622 -3767.805509 13217.391220 0.843943 -0.017517 -0.536146 0.520544 -0.214709 0.826399 0.129591 0.976521 0.172083
-22.621979 -79.564898 -2493.998328 2620.127621 0.839821 -0.111836 -0.531220 0.427914 -0.465776 0.774560 0.334053 0.877807 0.343312
-9.463959 -108.803680 -2358.715185 14244.275870 0.855904 -0.001198 -0.517134 0.481711 -0.361893 0.798115 0.188103 0.932219 0.309169
-15.197054 -88.837160 -2768.330660 10289.208834 0.857025 -0.050220 -0.512822 0.412142 -0.530536 0.740723 0.309270 0.846173 0.433985
-3.297116 -90.751275 177.263276 -2206.005592 0.265317 -0.268423 -0.926043 -0.570545 0.730540 -0.375219 0.777229 0.627901 0.040677
-2.787318 -94.736573 -91.148702 2408.280157 -0.258472 0.260734 0.930167 0.703440 -0.609144 0.366218 0.662091 0.748973 -0.025964
-3.197044 -96.378864 -413.204032 1387.777380 -0.266628 0.270628 0.925024 0.694802 -0.611186 0.379080 0.667952 0.743782 -0.025074
-17.466633 -31.439600 779.439301 549.796562 0.490027 0.814669 -0.310142 -0.328121 -0.157236 -0.931458 0.807595 -0.558204 -0.190260
-15.828614 -31.675091 -676.800212 374.950260 0.547667 0.766113 -0.336351 -0.336276 -0.166558 -0.926918 0.766146 -0.620748 -0.166407
-17.658127 -29.614294 819.378184 435.529550 0.479034 0.807215 -0.344863 -0.444955 -0.115361 -0.888092 0.756665 -0.578874 -0.303912
-14.540000 -28.610357 -868.265480 493.521942 0.531958 0.757532 -0.378373 -0.523129 -0.057365 -0.850320 0.665850 -0.650273 -0.365772
-16.607295 -28.288442 800.486171 374.700875 0.441518 0.809717 -0.386550 -0.552446 -0.094146 -0.828215 0.707011 -0.579220 -0.405758
52.980844 -482.693637 6566.548603 -56937.183071 0.984521 -0.162452 0.065790 0.169949 0.793061 -0.584955 -0.042852 -0.587081 -0.808393
53.911647 -760.275160 7677.303724 133064.560492 -0.971881 0.203081 0.119188 0.186976 0.973234 -0.133629 -0.143135 -0.107586 -0.983838
23.781267 -1105.840650 -13288.621659 -299358.003313 0.965875 -0.169003 -0.196275 0.002411 0.763626 -0.645655 -0.258999 -0.623148 -0.737974
36.207098 -621.613816 -3219.613076 -150647.418922 0.971266 -0.237977 0.003084 0.090044 0.355443 -0.930351 -0.220306 -0.903896 -0.366658
34.356661 -440.196123 7284.607881 -93997.928142 0.949865 -0.178427 0.256750 0.312408 0.508601 -0.802326 -0.012573 -0.842312 -0.538844
-15.456788 -41.693269 -760.028267 2955.604658 0.746736 0.362121 0.557901 0.396813 0.430613 -0.810625 0.533783 -0.826705 -0.177860
-13.508377 -53.432474 -719.840080 3725.893334 0.653331 0.334472 0.679181 0.568707 0.375347 -0.731906 0.499731 -0.864432 -0.055009
-11.268905 -57.146284 -499.823460 4863.758633 0.709988 0.341484 0.615878 0.530832 0.315163 -0.786695 0.462746 -0.885472 -0.042492
-6.969966 -66.472016 149.388008 5089.382911 -0.604817 -0.347609 -0.716495 0.690540 0.219232 -0.689269 0.396675 -0.911650 0.107443
-4.191234 -73.063716 -875.730868 5595.992496 0.701501 0.333113 0.630026 0.629637 0.124434 -0.766859 0.333847 -0.934640 0.122450
-11.278550 -29.684135 -1236.254588 -2361.892092 0.134478 0.875022 -0.465028 0.909913 0.076793 0.407628 0.392394 -0.477953 -0.785868
-10.772163 -33.826833 -883.393339 1229.462225 0.125364 0.871946 -0.473280 -0.849144 -0.152399 -0.505697 0.513068 -0.465279 -0.721302
-8.247927 -28.838475 -666.150658 -2304.196163 0.219627 0.867752 -0.445837 0.887484 0.012069 0.460680 0.405137 -0.496851 -0.767466
-855.615654 -1198.495641 -315770.100593 63769.978339 0.113697 0.448285 0.886630 0.511288 0.738771 -0.439092 -0.851855 0.503247 -0.145207
-409.107817 -3647.947857 -361244.709869 2020678.210331 -0.006027 0.250409 0.968121 0.857315 0.499660 -0.123902 -0.514758 0.829238 -0.217690
-776.914805 -832.134143 -88343.191431 -313718.003703 -0.688365 -0.494690 0.530505 0.041860 0.703052 0.709905 -0.724155 0.510881 -0.463249
-23.658182 -80.891850 -3121.224260 -26114.202954 0.310710 -0.486268 -0.816702 -0.638698 0.529526 -0.558271 0.703934 0.695087 -0.146050
-52.053541 -322.726129 3529.153791 -90726.512879 -0.296530 0.543768 0.785103 -0.630729 0.505779 -0.588530 0.717112 0.669705 -0.192992
-16.378333 -275.366560 3300.604277 66644.201716 -0.317120 0.489848 0.812086 0.758246 -0.383370 0.527343 0.569647 0.782992 -0.249851
-12.312278 -122.257141 2440.672623 35684.168314 -0.384208 0.493117 0.780525 0.618636 -0.490048 0.614119 0.685327 0.718811 -0.116780
-5.325509 -288.655065 3486.093874 65816.564484 -0.367790 0.435859 0.821436 0.730646 -0.410980 0.545209 0.575228 0.800701 -0.167305
-4.875042 -261.105244 3736.301565 52923.162454 -0.337541 0.417050 0.843881 0.888388 -0.155223 0.432055 0.311179 0.895531 -0.318108
-15.551951 -183.880443 2677.943963 17018.951367 -0.299509 0.531292 0.792479 0.943010 0.038607 0.330517 0.145006 0.846309 -0.512577
-34.918422 -54.651535 -98.743595 -2347.702211 -0.228932 0.970339 0.077669 0.723753 0.116311 0.680186 -0.650977 -0.211930 0.728913
-41.525233 -65.320781 -1024.360098 -4660.905024 -0.538430 0.802238 -0.257891 0.582528 0.575490 0.573997 -0.608896 -0.158828 0.777187
-28.867509 -52.299824 973.974135 -219.135079 -0.086252 0.958483 0.271791 0.984430 0.040054 0.171156 0.153164 0.282322 -0.947014
-18.614598 -51.280249 3082.854869 -460.790334 -0.019799 0.921536 0.387787 0.993120 0.062902 -0.098775 -0.115417 0.383163 -0.916441
-18.167864 -52.866339 3362.664296 -816.831000 -0.084434 0.916328 0.391425 0.996090 0.067366 0.057162 0.026011 0.394721 -0.918433
-20.814736 -53.705113 2513.611116 101.611860 -0.126279 0.929132 0.347515 0.978687 0.059500 0.196549 0.161943 0.364928 -0.916843
-21.840806 -42.920960 9364.883256 196.527504 0.664434 0.451097 -0.595852 0.658878 0.022710 0.751907 -0.352715 0.892186 0.282129
8.952063 -38.997250 13240.643629 -47.847183 0.749599 0.396529 -0.529967 0.583926 -0.019165 0.811581 -0.311659 0.917822 0.245910
-16.739408 -40.021580 -8727.707014 182.528718 -0.625911 -0.425266 0.653747 0.654206 0.170031 0.736956 -0.424559 0.888954 0.171787
-35.483918 -45.116295 -4333.375726 374.635232 -0.321128 -0.460007 0.827811 0.791311 0.349892 0.501401 -0.520292 0.816069 0.251648
-22.453851 -39.652865 -6307.099979 -306.915677 -0.487870 -0.423784 0.763145 0.685002 0.356030 0.635622 -0.541069 0.832856 0.116596
35.477580 -33.150312 -6870.268298 -115.900198 -0.198188 0.875438 -0.440828 -0.357669 0.354143 0.864092 -0.912576 -0.328923 -0.242930
33.975338 -32.679300 -6618.720380 579.934844 -0.212605 0.885452 -0.413249 -0.230239 0.365615 0.901840 -0.949626 -0.286881 -0.126134
15.248411 -31.778219 -7443.566988 332.605938 -0.281705 0.859765 -0.425965 -0.316758 0.335724 0.887104 -0.905708 -0.384829 -0.177762
24.319140 -32.213931 -7698.398663 66.177460 -0.244070 0.850673 -0.465602 -0.434979 0.333081 0.836570 -0.866731 -0.406709 -0.288730
38.723765 -32.934810 -7489.180352 31.984630 -0.183016 0.861686 -0.473289 -0.467145 0.347375 0.813084 -0.865032 -0.369902 -0.338957
11.097366 -31.053767 -2883.582807 -2004.046382 0.439621 0.891647 0.108166 -0.311748 0.264418 -0.912632 0.842346 -0.367491 -0.394213
49.410483 -37.282629 -8042.229359 -898.431578 0.455793 0.881034 0.126614 -0.452744 0.351955 -0.819238 0.766339 -0.316079 -0.559302
-6.723863 -77.764834 -1163.004711 543.381271 0.339561 0.925297 -0.168889 0.890639 -0.374038 -0.258570 0.302425 0.062618 0.951114
-7.660268 -80.938389 887.224386 -4515.328160 -0.314922 -0.927499 0.201418 0.947980 -0.317767 0.018919 0.046457 0.196898 0.979323
-3.938726 -70.596102 54.357827 -6097.802128 -0.357274 -0.900895 0.246461 0.910562 -0.277221 0.306635 -0.207921 0.333971 0.919365
-0.384229 -90.611739 32.252959 -2381.496709 0.488714 0.872320 -0.014695 -0.737420 0.422021 0.527361 -0.466229 0.246893 -0.849514
-1.880809 -89.218119 75.104655 -1902.009348 0.487470 0.873049 -0.012629 -0.638429 0.366261 0.676950 -0.595636 0.321930 -0.735920
-2.493705 -83.532625 153.264461 -1907.759589 0.466042 0.884760 0.001911 -0.657416 0.344843 0.669991 -0.592123 0.313500 -0.742367
26.705855 -347.447451 -2662.713273 262088.483471 0.207063 0.508052 -0.836067 0.138219 0.830824 0.539098 0.968515 -0.227188 0.101810
13.051884 -1876.476500 -343.756473 1468053.774994 0.088712 0.311573 -0.946072 0.355073 0.877525 0.322293 0.930620 -0.364516 -0.032784
19.992524 -388.293470 -5777.667749 278235.544606 0.220134 0.418283 -0.881238 0.316585 0.823862 0.470133 0.922667 -0.382479 0.048938
49.607662 -38.556230 3976.423024 4618.330797 -0.180035 0.875107 -0.449194 0.413111 0.481697 0.772857 -0.892708 0.046426 0.448238
-3.592993 -66.147600 -178.008340 -1633.289897 -0.979032 0.199720 0.040093 0.198009 0.979260 -0.042912 -0.047832 -0.034074 -0.998274
-2.933105 -63.477385 22.293900 -5.407901 0.976521 -0.210587 -0.045384 0.199589 0.963718 -0.177233 -0.081060 -0.164013 -0.983122
-3.108462 -66.385005 278.831365 -2764.679757 -0.979136 0.189236 0.074045 0.182104 0.978822 -0.093518 -0.090174 -0.078083 -0.992860
-2.885098 -65.658017 -32.860629 -441.595245 0.977105 -0.208766 -0.041025 0.205290 0.975753 -0.075910 -0.055878 -0.065750 -0.996270
-3.662730 -70.823729 -104.810936 -3650.386793 0.984094 -0.164555 -0.066933 0.168233 0.984289 0.053599 -0.057061 0.064007 -0.996317
-3.599171 -70.631291 243.340950 -1741.662082 0.983563 -0.177275 -0.034315 0.179735 0.979401 0.092022 -0.017295 0.096677 -0.995165
-8.901044 -67.750997 49.280240 1327.414705 0.300862 0.941838 -0.149742 -0.148237 0.201294 0.968249 -0.942076 0.269113 -0.200177
-8.608340 -67.848740 82.286336 779.864546 0.339839 0.931472 -0.129881 -0.154118 0.191390 0.969339 -0.927770 0.309402 -0.208598
-7.896329 -70.330806 188.307142 323.606481 0.375936 0.922223 -0.090426 -0.344019 0.229511 0.910481 -0.860421 0.311174 -0.403543
-8.390805 -69.979587 325.554777 11.020829 0.379350 0.922379 -0.072876 -0.521585 0.278239 0.806556 -0.764227 0.267956 -0.586648
-10.565772 -90.942824 -2685.787175 -5364.025746 0.986992 0.034050 -0.157122 0.104924 0.604058 0.790003 -0.121811 0.796213 -0.592627
-13.423627 -88.092535 -2215.971132 -5188.035240 0.992407 0.000718 -0.122996 0.101083 0.564967 0.818898 -0.070076 0.825113 -0.560605
132.941257 -1913.981098 -28339.568101 1131503.814687 -0.723438 -0.041152 0.689161 0.254981 0.911719 0.322106 -0.641577 0.408747 -0.649080
-19.728883 -1311.296476 2558.416436 468407.798577 0.861427 -0.252431 -0.440707 -0.199591 0.629663 -0.750792 -0.467020 -0.734713 -0.492025
98.739551 -2870.180377 -14455.295395 2490025.243384 -0.882540 -0.022361 0.469705 -0.107716 0.981922 -0.155646 -0.457733 -0.187958 -0.868995
-112.805368 -437.516063 10522.249436 -44393.072908 0.094224 0.202843 0.974667 -0.413973 0.898351 -0.146940 -0.905399 -0.389641 0.168618
9.334986 -38.529396 1641.185799 173.627273 0.384827 0.921698 -0.048801 -0.076428 0.084513 0.993487 -0.919819 0.378591 -0.102967
15.743959 -36.828882 912.765745 618.373268 0.326733 0.932943 -0.151207 -0.108182 0.195853 0.974648 -0.938905 0.302092 -0.164919
1.985810 -61.709633 1818.548969 2332.034729 0.965526 -0.211533 0.151704 0.249982 0.590970 -0.766983 -0.072590 -0.778465 -0.623476
4.796953 -53.352007 1237.553452 1955.926089 0.978133 -0.185123 0.094788 0.203103 0.752126 -0.626941 -0.044769 -0.632484 -0.773279
4.945012 -58.701556 853.494042 2384.297218 0.975105 -0.203315 0.088509 0.198579 0.623037 -0.756566 -0.098676 -0.755307 -0.647900
-0.277840 -57.399598 2203.346774 2156.729053 0.967732 -0.195553 0.158915 0.250726 0.684374 -0.684667 -0.025131 -0.702418 -0.711321
0.578629 -66.729935 639.409992 3042.705027 0.966401 -0.226257 0.121968 0.218524 0.473367 -0.853330 -0.135336 -0.851312 -0.506905
3.500069 -5075.805053 3433.896741 5120385.443676 0.127000 0.308033 -0.942861 0.991901 -0.037510 0.121351 0.002014 -0.950636 -0.310302
-7.858968 -385.457741 -3918.451605 -87092.982536 0.331785 0.914248 -0.232528 -0.519951 -0.028442 -0.853723 0.787128 -0.404156 -0.465927
620.032464 -8629.664760 -8015.116835 -2127765.256177 0.352801 0.917564 -0.183325 -0.624007 0.084725 -0.776812 0.697243 -0.388456 -0.602457
13.010369 -325.989950 -1654.311143 45832.342005 0.225421 0.939580 -0.257632 0.956814 -0.163683 0.240240 0.183555 -0.300661 -0.935901
15.638507 -18.486422 445.127305 -2111.986992 0.222140 0.952576 -0.207973 0.674866 0.003732 0.737931 -0.703712 0.304278 0.642032
17.349236 -13.386992 764.646689 -1370.705877 0.198274 0.950114 -0.240770 0.654793 0.054389 0.753849 -0.729338 0.307123 0.611344
14.085918 -17.153539 2239.025389 -1980.102404 0.279824 0.932407 -0.228726 0.655518 -0.011498 0.755092 -0.701423 0.361227 0.614428
11.432000 -23.869282 2135.503061 -2099.421912 0.315875 0.928925 -0.193188 0.688552 -0.084344 0.720265 -0.652778 0.360534 0.666255
12.334038 -24.678169 777.512429 -2058.694391 0.253288 0.950799 -0.178401 0.718114 -0.061230 0.693226 -0.648195 0.303699 0.698291
-8.588165 -33.556781 1834.620463 2347.250141 -0.170420 0.985337 0.008266 0.371647 0.072043 -0.925574 0.912598 0.154664 0.378475
-7.559650 -50.032209 3231.324707 5825.161205 -0.081865 0.972258 -0.219117 0.504914 -0.149094 -0.850196 0.859279 0.180236 0.478702
-12.435427 -48.150356 593.377162 -13883.261804 -0.216995 0.946029 -0.240710 0.301234 -0.169657 -0.938336 0.928532 0.276125 0.248161
-26.381058 -92.357133 4174.875185 -27135.223644 -0.367006 0.927822 -0.066726 0.288006 0.045129 -0.956565 0.884511 0.370282 0.283781
-32.156886 -60.440154 -11271.390006 -6300.131454 0.087348 0.956676 0.277744 -0.092664 0.285404 -0.953917 0.991859 -0.057586 -0.113579
-0.078628 -32.029776 2758.559019 -366.307283 0.449329 0.861375 -0.236933 0.424064 -0.439080 -0.792073 0.786304 -0.255426 0.562569
4.520898 -30.582537 1422.092287 -484.166589 0.479091 0.846169 -0.233388 0.420228 -0.454545 -0.785365 0.770636 -0.278185 0.573352
-8.632725 -79.410872 -213.040426 -11514.176980 -0.369824 0.344593 0.862836 0.802826 0.585962 0.110086 -0.467654 0.733420 -0.493351
-9.652782 -68.776259 708.060825 -8162.963992 -0.358530 0.305660 0.882059 0.764871 0.637886 0.089850 -0.535190 0.706876 -0.462492
-8.278680 -73.070183 974.335599 -6183.812973 -0.326058 0.285258 0.901285 0.804141 0.584953 0.105775 -0.497036 0.759249 -0.420116
-7.222320 -91.477277 551.964153 -6159.321182 -0.304897 0.300525 0.903727 0.905787 0.384686 0.177669 -0.294257 0.872755 -0.389501
1.103152 -39.144720 -21.365269 -412.180883 0.500969 -0.556439 -0.662877 0.226400 0.823506 -0.520173 0.835328 0.110515 0.538529
55.099152 -35.283252 -967.386657 -472.333576 -0.308204 0.841812 0.443129 0.936530 0.350303 -0.014096 -0.167096 0.410659 -0.896347
46.567673 -34.090498 2789.857711 1698.170966 -0.217910 0.755972 0.617269 0.962961 0.269459 0.009939 -0.158815 0.596572 -0.786689
-5.401208 -61.866894 -310.563827 -622.107922 0.773094 -0.622205 -0.123231 -0.031068 -0.231194 0.972412 0.633530 0.747937 0.198065
-6.131316 -61.555087 -129.675935 -306.479771 0.746840 -0.657068 -0.102426 -0.052677 -0.211993 0.975850 0.662914 0.723409 0.192937
0.482538 -79.026224 -1123.690978 1032.441637 -0.643542 0.761337 -0.078868 -0.462539 -0.468921 -0.752443 0.609845 0.447749 -0.653919
-5.152774 -76.176403 -542.954330 -1581.865883 -0.659912 0.749063 -0.058494 -0.289483 -0.325326 -0.900201 0.693337 0.577120 -0.431527
-0.986629 -78.911009 -598.312238 -934.378295 -0.645452 0.762059 -0.051554 -0.323255 -0.333699 -0.885523 0.692024 0.554898 -0.461726
31.575058 -1929.650946 3987.794293 -2768811.481048 0.128126 0.363921 -0.922575 0.975707 0.120430 0.183010 0.177707 -0.923611 -0.339650
14.988615 -7426.313862 11188.002113 6882052.164502 0.043568 0.341299 -0.938945 0.489474 0.812017 0.317874 0.870929 -0.473438 -0.131679
12.951474 -1479.880765 15476.735395 99308.753000 0.123940 0.369375 -0.920978 0.960884 0.186984 0.204303 0.247673 -0.910274 -0.331751
15.259337 -2197.611316 13530.533313 2062605.532146 0.044035 0.358314 -0.932562 0.686644 0.667182 0.288771 0.725659 -0.653054 -0.216655
1.570340 -60.776756 -185.237635 68.252144 0.661371 -0.743859 -0.096238 0.670289 0.528569 0.520891 -0.336601 -0.409010 0.848181
1.366469 -67.252856 -257.533653 3063.425500 0.618609 -0.773090 -0.140196 0.647583 0.400639 0.648170 -0.444926 -0.491752 0.748479
3.798755 -52.834033 1037.192101 -1967.508414 -0.204056 0.530731 0.822609 0.951482 -0.090166 0.294198 0.230311 0.842730 -0.486582
0.601448 -54.690294 593.568428 -30.856572 -0.234268 0.534571 0.812006 0.886652 -0.225066 0.403972 0.398706 0.814604 -0.421253
-0.249191 -50.905245 560.279298 -1072.483431 -0.207243 0.527497 0.823892 0.947736 -0.100575 0.302788 0.242583 0.843583 -0.479084
-18.768680 -97.779125 -2148.735780 8611.969813 0.820861 -0.108165 -0.560792 0.546317 -0.137560 0.826205 0.166509 0.984570 0.053825
-24.679192 -85.484618 703.529578 3353.740764 0.815542 -0.194460 -0.545048 0.503315 -0.226474 0.833897 0.285598 0.954408 0.086824
-27.045597 -80.914122 -430.063327 -674.242593 0.806839 -0.188115 -0.560021 0.474271 -0.358962 0.803874 0.352247 0.914199 0.200407
-15.304746 -33.633388 -648.602942 407.631164 0.551115 0.769543 -0.322609 -0.227580 -0.233343 -0.945388 0.802795 -0.594437 -0.046534
-12.643259 -33.760756 -2186.749713 516.338101 0.600243 0.723067 -0.341880 -0.248007 -0.238117 -0.939038 0.760395 -0.648440 -0.036398
-12.759625 -31.855340 -2559.927432 588.099877 0.608141 0.713040 -0.348910 -0.346518 -0.156996 -0.924812 0.714206 -0.683320 -0.151606
-83.708088 -209.875284 11283.042939 -43847.313337 0.710100 0.310804 0.631790 -0.697919 0.192062 0.689943 -0.093094 0.930867 -0.353299
-54.418535 -750.467670 7939.193960 121388.401883 0.977933 0.127970 -0.165139 0.083700 0.484250 0.870917 -0.191420 0.865520 -0.462853
2.800003 -241.678024 -14914.777585 900.122282 0.950191 0.261097 0.170189 -0.218869 0.170251 0.960787 -0.221884 0.950180 -0.218917
-11.263192 -84.717155 5495.396905 -5457.091890 0.910523 0.289948 0.294751 -0.356437 0.189201 0.914962 -0.209524 0.938154 -0.275620
-75.978437 -169.592912 -10544.509618 42773.919308 0.287218 0.394369 0.872914 0.950605 -0.005369 -0.310356 -0.117708 0.918936 -0.376432
-11.602025 -31.954336 -563.123826 423.596971 0.872763 0.465551 0.146792 -0.115688 0.489413 -0.864344 0.474238 -0.737385 -0.481000
-9.119037 -30.183108 -777.954478 730.135401 0.877766 0.468663 0.099408 -0.206166 0.556806 -0.804651 0.432461 -0.685801 -0.585367
-13.788699 -29.486286 -1166.258302 191.383490 0.838238 0.542298 0.057185 -0.245918 0.469537 -0.847974 0.486705 -0.696741 -0.526944
-14.415914 -32.363471 -747.275700 662.622968 0.859453 0.464531 0.213428 -0.025489 0.455912 -0.889660 0.510579 -0.759181 -0.403675
-12.066922 -34.179440 55.729132 826.916789 0.869244 0.453335 0.197237 -0.026931 0.441784 -0.896717 0.493649 -0.774154 -0.396227
-10.169149 -36.193327 -280.006456 1277.717357 0.886304 0.411249 0.212930 0.002042 0.456315 -0.889816 0.463098 -0.789083 -0.403594
-1.257849 -105.726791 -19.917154 -2115.539444 0.784913 -0.537563 -0.308120 0.590469 0.498255 0.634893 0.187773 0.680271 -0.708501
0.369950 -113.129610 -179.737495 -7725.994868 0.780815 -0.535777 -0.321358 0.622025 0.618568 0.480061 0.058424 0.574732 -0.816254
0.160692 -111.178182 -380.341356 1932.333284 0.793780 -0.517580 -0.319413 0.578018 0.478575 0.660955 0.189234 0.709279 -0.679054
-1337.471931 -3645.935491 -494279.021373 -3044152.246951 -0.349136 -0.425771 0.834759 0.635228 0.547363 0.544866 -0.688905 0.720494 0.079357
-35.540025 -52.082957 -12451.179159 6756.973834 -0.573042 0.445533 -0.687840 -0.305779 0.662464 0.683842 0.760344 0.602197 -0.243385
-74.202125 -105.844259 4827.266183 -31901.960156 -0.425542 0.799502 0.423922 -0.447818 0.221026 -0.866376 0.786367 0.558520 -0.263976
-24.478391 -37.588702 -10212.478706 3938.499480 -0.639328 0.474944 -0.604721 -0.300731 0.569357 0.765110 0.707687 0.671015 -0.221175
-42.925847 -59.423156 -623.877081 -1452.693268 -0.459365 0.882827 -0.097977 0.740063 0.441394 0.507423 -0.491213 -0.160583 0.856109
-32.034393 -54.112343 580.151911 -2472.067819 -0.098399 0.939964 0.326780 0.770139 -0.136036 0.623201 -0.630241 -0.312989 0.710517
-35.600649 -55.362673 647.858168 -1614.783476 -0.224288 0.966369 0.125799 0.798661 0.108305 0.591955 -0.558423 -0.233239 0.796093
-4.183427 -24.788266 -2915.599691 -2424.896987 0.058400 0.839776 0.539783 0.034960 -0.542095 0.839590 -0.997681 0.030161 0.061017
0.069795 -18.387038 -2347.807888 -3339.081899 0.048465 0.818669 0.572216 0.108791 -0.573808 0.811732 -0.992883 -0.022911 0.116874
-7.633159 -33.298750 -1157.814357 -5347.691535 0.012085 0.984344 0.175846 0.170714 -0.175308 0.969600 -0.985247 -0.018301 0.170160
-13.101146 -38.663665 -425.064184 -5303.540613 0.087081 0.979375 0.182323 0.140185 -0.193244 0.971084 -0.986288 0.059004 0.154122
-31.299869 -48.329039 -352.851779 -362.958745 0.020803 0.988197 0.151767 -0.982711 0.048144 -0.178778 0.183975 0.145424 -0.972114
21.104881 -31.349629 -7867.060160 293.224021 -0.279409 0.872615 -0.400593 -0.190999 0.358360 0.913837 -0.940984 -0.331847 -0.066540
89.817816 -28.649556 -14223.729659 -2473.953661 0.468178 0.871606 0.145303 -0.329913 0.324966 -0.886315 0.819736 -0.367015 -0.439696
119.712786 -33.466270 -16433.205376 -1398.524625 0.396585 0.903055 0.164961 -0.472386 0.354833 -0.806811 0.787129 -0.242044 -0.567312
70.734679 -42.071456 -9789.894203 77.038453 0.413014 0.903360 0.115587 -0.615975 0.370570 -0.695163 0.670816 -0.215914 -0.709498
11.945398 -54.788135 714.925884 -1891.783013 0.424828 0.905082 -0.018656 -0.195549 0.111870 0.974293 -0.883902 0.410259 -0.224513
9.093194 -60.173342 -102.083326 774.133329 0.390842 0.918077 -0.066167 0.048447 0.051267 0.997509 -0.919182 0.393074 0.024441
12.018668 -59.092425 -45.743145 -3653.812021 0.376474 0.922125 -0.089179 -0.160018 0.159539 0.974136 -0.912503 0.352466 -0.207619
8.071416 -55.614979 691.680075 1333.816982 0.444204 0.895818 -0.013850 0.008665 0.011162 0.999900 -0.895884 0.444280 0.002804
15.071270 -54.741997 694.364196 -4640.009799 0.409394 0.911801 -0.031859 -0.365911 0.196079 0.909759 -0.835767 0.360792 -0.413911
13.802071 -52.691535 1550.284057 -2791.829446 0.451792 0.891737 0.026239 -0.384716 0.168209 0.907579 -0.804908 0.420132 -0.419061
8.869941 -52.406814 1140.048554 -721.942604 0.462105 0.886366 0.028530 -0.214965 0.080744 0.973278 -0.860377 0.455890 -0.227850
0.934401 -95.428360 105.373646 -2721.721905 0.488548 0.872436 -0.013261 -0.808349 0.458277 0.369531 -0.328470 0.169814 -0.929124
1.138257 -83.334371 50.409031 -2297.395777 0.437274 0.899223 0.013778 -0.888114 0.429359 0.164023 -0.141578 0.083959 -0.986360
6.382685 -11.979226 1829.459839 -1343.165518 0.232763 0.965996 0.112578 -0.945224 0.251945 -0.207545 0.228851 0.058102 -0.971726
9.268692 -16.595364 1490.209663 -512.403404 0.319636 0.939877 0.120262 -0.931593 0.334903 -0.141333 0.173112 0.066860 -0.982630
10.050269 -16.022541 1131.769607 -1342.176510 0.207047 0.976368 0.061940 -0.953033 0.215593 -0.212716 0.221043 0.014988 -0.975149
5.523829 -14.768800 867.268811 -851.885155 0.382929 0.911461 0.150350 -0.903545 0.403424 -0.144410 0.192279 0.080549 -0.978029
2.786434 -11.528270 563.541939 -803.869451 0.334134 0.933076 0.133129 -0.913911 0.355281 -0.196322 0.230482 0.056071 -0.971460
-2.186321 -66.429961 -372.741867 -1674.867326 0.978782 -0.188893 -0.079410 0.169076 0.963451 -0.207788 -0.115758 -0.189953 -0.974945
