11023
22031
-79.667185 -114.119123 -1514.251405 15645.056140 0.780286 -0.447785 -0.436627 0.619575 0.458187 0.637332 0.085331 0.767824 -0.634953
-63.661381 -116.499152 5744.936686 24517.948306 -0.672654 0.436649 0.597389 0.735854 0.309832 0.602099 0.077816 0.844595 -0.529720
-60.311716 -86.215926 -1701.532804 12576.903473 0.945363 -0.283508 -0.160973 0.277247 0.439326 0.854475 0.171531 0.852418 -0.493924
-47.938173 -83.802679 -9070.222210 19586.892792 0.816259 -0.303765 -0.491373 0.565427 0.245805 0.787320 0.118378 0.920493 -0.372397
-68.433570 -100.616985 2030.349610 11561.331994 0.963180 -0.267638 0.025564 0.145099 0.597509 0.788625 0.226340 0.755879 -0.614343
-48.958943 -65.838644 -1439.414267 7827.802905 0.981252 -0.135550 0.137009 -0.077280 0.374511 0.923996 0.176559 0.917261 -0.357014
-57.853329 -88.335339 3373.376466 8799.788597 0.948891 -0.155108 0.274857 -0.133828 0.590973 0.795513 0.285823 0.791639 -0.540012
-53.404057 -74.281764 1549.705326 5134.049646 0.929265 -0.101635 0.355158 -0.259068 0.506065 0.822668 0.263345 0.856486 -0.443938
12.386220 -39.850569 7073.604483 -2984.278427 0.938012 -0.021198 -0.345955 0.327784 0.378678 0.865541 -0.112658 0.925286 -0.362153
15.828217 -47.116123 8043.577518 -3120.879858 0.936554 -0.031797 -0.349078 0.340053 0.324006 0.882828 -0.085032 0.945521 -0.314261
43.088550 -45.894770 22271.352419 907.512157 0.949731 -0.029352 -0.311689 0.298024 0.389675 0.871398 -0.095880 0.920484 -0.378834
2.665514 -41.587880 -132.589774 -6164.259557 0.917229 -0.038446 -0.396502 0.382187 0.365664 0.848659 -0.112359 0.929952 -0.350091
-2.555559 -36.046523 -1617.614639 -2716.345797 0.930260 -0.008334 -0.366806 0.337485 0.411663 0.846545 -0.143945 0.911298 -0.385766
31.769456 -144.896358 1045.661812 16044.108379 -0.019103 0.896757 0.442110 -0.405309 0.397281 -0.823342 0.913980 0.194919 -0.355875
16.699588 -144.063535 -3005.637550 546.207023 0.008777 0.844167 0.536009 -0.187981 0.527866 -0.828264 0.982133 0.093490 -0.163320
33.900066 -148.813239 -1662.177529 19693.542050 -0.010410 0.832890 0.553340 -0.445096 0.491667 -0.748434 0.895422 0.254081 -0.365598
33.081586 -55.150765 1145.230288 -1607.369178 0.868113 -0.008345 -0.496297 -0.031195 0.996965 -0.071329 0.495386 0.077403 0.865218
37.645453 -64.966681 -7152.928442 -4974.807788 0.895720 -0.047168 -0.442110 -0.027229 0.986671 -0.160433 0.443784 0.155741 0.882497
34.863661 -62.261536 3042.903903 -5411.274909 0.851477 -0.086743 -0.517168 -0.013528 0.982262 -0.187024 0.524218 0.166243 0.835200
28.704230 -53.258446 8132.361667 -3523.806733 0.812771 -0.071127 -0.578226 -0.011968 0.990271 -0.138634 0.582461 0.119597 0.804012
7.268898 -80.059772 630.282330 911.814482 0.974579 0.060903 0.215608 -0.114258 -0.692690 0.712128 -0.192720 0.718660 0.668122
7.634451 -81.136995 3420.659058 234.805207 0.978126 0.044657 0.203162 -0.102909 -0.744900 0.659191 -0.180773 0.665680 0.724011
8.027032 -78.180623 541.693890 -1320.580359 0.973555 0.066491 0.218562 -0.119682 -0.666470 0.735863 -0.194593 0.742561 0.640887
27.727992 -188.094444 -1111.588700 15121.837564 0.905151 -0.083511 -0.416806 -0.383334 0.263434 -0.885244 -0.183729 -0.961056 -0.206434
33.565863 -185.241812 4064.722854 -5728.503392 0.894614 -0.022596 -0.446268 -0.446461 -0.086299 -0.890632 0.018388 -0.996013 0.087292
24.347480 -179.234046 4083.220053 9300.438646 0.893164 0.017073 -0.449407 -0.443513 0.199033 -0.873889 -0.074527 -0.979844 -0.185341
22.743221 -164.032016 1695.625149 13186.100002 0.903676 -0.009071 -0.428122 -0.383285 0.428693 -0.818117 -0.190954 -0.903405 -0.383923
18.172143 -157.690145 -810.358264 22786.324435 0.908472 -0.046480 -0.415353 -0.322055 0.555553 -0.766577 -0.266381 -0.830181 -0.489735
15.333890 -161.315798 -6144.511894 25873.879352 0.915576 -0.151196 -0.372640 -0.268849 0.458983 -0.846791 -0.299067 -0.875485 -0.379585
-31.815798 -36.154965 1742.706830 -4879.609219 0.890884 -0.126342 -0.436307 0.159176 0.986465 0.039367 0.425428 -0.104521 0.898936
-35.340210 -40.741037 2367.745608 -5027.487254 0.920816 -0.058915 -0.385522 0.090057 0.993929 0.063209 0.379457 -0.092923 0.920531
-22.254740 -35.820070 -8216.083218 2157.867482 -0.293679 0.902569 0.314837 0.866592 0.390395 -0.310821 0.403448 -0.181554 0.896810
-31.571945 -46.935486 2398.982184 -3463.597371 0.888559 0.239396 -0.391347 -0.225293 0.970806 0.082331 0.399632 0.015012 0.916553
-3.496743 -71.591030 -7142.419250 -2211.425005 0.972643 -0.232243 0.005325 0.201961 0.834048 -0.513396 -0.114792 -0.500426 -0.858135
-5.685051 -78.645123 -2553.952010 -6419.677149 0.983354 -0.180534 0.020564 0.173364 0.898319 -0.403693 -0.054407 -0.400538 -0.914663
-6.646182 -72.824174 -5329.066027 -3552.563436 0.977616 -0.209706 0.017060 0.197837 0.888620 -0.413782 -0.071612 -0.407895 -0.910216
5.449154 -123.227188 3568.544931 8338.341630 0.999714 0.013658 0.019629 -0.021344 0.879785 0.474893 0.010783 0.475176 -0.879824
6.190681 -123.939094 4530.340343 6870.837604 0.999574 0.007472 0.028217 -0.022284 0.819721 0.572329 0.018854 0.572714 -0.819539
6.511881 -130.388823 1622.319784 3771.475559 0.999992 0.003077 0.002376 -0.003718 0.935214 0.354063 0.001132 0.354069 -0.935218
3.110868 -130.353017 1273.394190 1156.471346 0.999828 -0.003096 -0.018280 0.008243 0.957382 0.288707 -0.016607 0.288808 -0.957243
4.916490 -129.530753 2070.450463 2988.270112 0.999637 -0.026868 0.002098 0.026024 0.982586 0.183977 0.007004 0.183856 -0.982928
0.346595 -121.959372 -5225.770517 -3846.502551 0.996758 0.041813 -0.068747 -0.013402 0.928717 0.370547 -0.079340 0.368424 -0.926266
2.650666 -122.560014 -2079.490004 3600.738389 0.998984 0.011150 -0.043661 -0.000837 0.973330 0.229409 -0.045054 0.229140 -0.972350
5.594244 -166.165039 398.565991 -15267.931662 0.991944 -0.122684 0.031561 -0.060540 -0.677958 -0.732603 -0.111276 -0.724790 0.679924
0.720880 -173.358368 -1034.345617 -821.087462 0.991037 -0.133421 -0.006624 -0.074222 -0.508731 -0.857720 -0.111068 -0.850524 0.514074
-5.834811 -173.039059 1600.606652 3298.893621 0.992470 -0.116720 0.037140 -0.012359 -0.397097 -0.917693 -0.121861 -0.910324 0.395550
-4.719175 -172.048980 -1103.353045 4474.115400 0.988377 -0.146915 -0.039077 -0.080825 -0.290117 -0.953572 -0.128757 -0.945647 0.298619
3.023190 -161.348275 1232.167287 -1750.077607 0.989480 -0.096700 0.107605 0.026573 -0.609656 -0.792220 -0.142210 -0.786746 0.600673
0.859486 -156.157538 4088.693451 7602.974812 0.993306 -0.080823 0.082527 0.038412 -0.442672 -0.895860 -0.108939 -0.893034 0.436604
-9.556660 -60.211265 2814.611906 -4003.523139 0.297088 0.945723 -0.131707 0.793752 -0.321275 -0.516469 0.530750 -0.048894 0.846117
-1.378996 -58.825086 1262.819952 -3267.603134 0.295516 0.945515 -0.136642 0.829763 -0.324918 -0.453786 0.473459 -0.020721 0.880572
-3.394354 -53.442815 607.830646 -3021.359833 0.409620 0.893019 -0.186357 0.795256 -0.449644 -0.406679 0.446967 -0.018382 0.894362
5.059624 -54.549377 -740.160771 -817.180464 0.394044 0.902307 -0.174843 0.829261 -0.431066 -0.355680 0.396301 0.004837 0.918108
-13.083647 -55.359092 3076.684059 -3712.969355 0.457753 0.860539 -0.223461 0.734257 -0.507629 -0.450754 0.501327 -0.042257 0.864226
4.420482 -49.041486 -1280.264244 -772.789950 0.528963 0.813042 -0.243231 0.757366 -0.581572 -0.296937 0.382878 0.027147 0.923400
-6.207465 -50.470867 3146.721678 -3523.940900 0.557746 0.781443 -0.279761 0.704093 -0.623927 -0.339071 0.439515 0.007863 0.898201
-173.655760 -2423.346433 -39932.154843 129781.353478 -0.210334 0.492807 -0.844335 0.975668 0.160496 -0.149374 0.061900 -0.855209 -0.514574
33.981668 -4163.416597 -63058.979411 -2183892.265597 -0.456982 0.522014 -0.720186 0.887760 0.217412 -0.405726 -0.055217 -0.824762 -0.562777
59.560905 -2106.042745 -43303.749372 -1008318.136723 -0.568511 0.456667 -0.684288 0.730492 -0.102357 -0.675207 -0.378387 -0.883730 -0.275400
-28.212642 -763.893811 -48664.803580 -308241.692387 -0.366944 0.500277 -0.784267 0.728916 -0.369171 -0.576537 -0.577957 -0.783222 -0.229194
11.137225 -703.372631 39497.198477 320445.680876 0.426961 -0.503751 0.750959 -0.507490 0.553860 0.660071 -0.748438 -0.662928 -0.019172
0.391259 -36.117751 -2129.617641 -4635.549888 0.886820 -0.072042 -0.456465 0.440882 0.427872 0.789017 -0.138466 0.900964 -0.411207
0.008470 -29.919222 -3871.094144 -929.822062 0.844648 -0.096063 -0.526632 0.508145 0.453344 0.732303 -0.168398 0.886144 -0.431730
8.537415 -33.435965 -1943.789942 -5984.849500 0.866082 -0.099325 -0.489935 0.476291 0.461590 0.748386 -0.151816 0.881515 -0.447083
18.728622 -55.966773 -1205.083635 1481.331002 0.522433 0.826589 -0.209320 0.814972 -0.556245 -0.162519 0.250769 0.085684 0.964247
22.356633 -50.459019 -1605.405383 2620.285872 0.652678 0.710734 -0.262428 0.722943 -0.687853 -0.064900 0.226638 0.147362 0.962767
19.040734 -48.818526 -3616.305623 2936.572723 0.612023 0.750119 -0.250497 0.739544 -0.655076 -0.154760 0.280183 0.090537 0.955668
11.416033 -50.869299 -2053.303904 1713.027670 0.516878 0.827901 -0.217752 0.791599 -0.559072 -0.246594 0.325895 0.044913 0.944338
-7.584069 -155.252300 3834.676120 -960.025608 0.915059 0.114121 -0.386838 -0.403273 0.273594 -0.873222 -0.006183 -0.955051 -0.296377
-9.822528 -153.548114 3622.042163 -56.751743 0.913694 0.120703 -0.388065 -0.399576 0.092523 -0.912019 0.074178 -0.988367 -0.132768
-12.293775 -156.480818 2040.135095 -2085.883054 0.922793 0.075293 -0.377867 -0.385223 0.199234 -0.901060 -0.007440 -0.977055 -0.212856
-69.669438 -1113.198713 -8255.428213 -393722.307441 -0.409669 0.301655 -0.860916 0.816619 -0.299352 -0.493479 -0.406577 -0.905203 -0.123702
4.400940 -1734.172154 -45737.173160 -829330.108782 -0.283940 0.345486 -0.894437 0.876198 -0.285374 -0.388379 -0.389429 -0.893980 -0.221685
-72.898140 -1447.365599 -5306.396054 -737201.373795 -0.395665 0.211711 -0.893660 0.898673 0.289826 -0.329223 0.189306 -0.933370 -0.304933
-60.782008 -1205.612427 -9071.909998 76984.975502 -0.320894 0.171804 -0.931403 0.943174 -0.031654 -0.330788 -0.086314 -0.984622 -0.151883
-6.694579 -88.884859 -2243.067692 -77.001256 0.995685 -0.092722 -0.003770 0.092271 0.993533 -0.066172 -0.009881 -0.065538 -0.997801
-8.783494 -86.888964 1413.497120 1645.656394 -0.997704 0.065426 -0.017517 0.065529 0.997836 -0.005395 0.017126 -0.006530 -0.999832
-9.148500 -79.956021 -1614.328400 4152.965374 0.994860 -0.099012 0.021238 0.100368 0.991961 -0.077070 0.013436 -0.078805 -0.996799
103.286112 -140.121626 -7108.228447 17280.126200 0.878267 -0.047533 -0.475802 -0.446199 -0.439205 -0.779747 0.171911 -0.897128 0.406949
95.153392 -135.720788 -9047.593718 8983.870245 0.871047 -0.145752 -0.469077 -0.489423 -0.338661 -0.803600 0.041731 -0.929551 0.366325
92.467852 -148.574869 -5806.775914 23794.264252 0.892256 -0.171578 -0.417660 -0.441170 -0.528276 -0.725461 0.096167 -0.831556 0.547052
101.101499 -156.873172 -6973.453817 10850.076602 0.873656 -0.057055 -0.483188 -0.402028 -0.644009 -0.650866 0.274042 -0.762888 0.585580
21.478100 -38.525576 12339.395401 -6822.165623 0.941709 -0.219751 -0.254740 0.107107 0.913627 -0.392192 -0.318922 -0.342047 -0.883908
68.672660 -40.638185 34861.463829 -4964.751295 0.944968 -0.168648 -0.280346 0.053012 0.924504 -0.377467 -0.322840 -0.341832 -0.882567
34.627532 -32.091706 15678.556036 -2808.485323 0.942360 -0.150946 -0.298620 0.014290 0.909804 -0.414793 -0.334297 -0.386617 -0.859519
11.104182 -27.093360 2248.499806 -3260.178966 0.942042 -0.139765 -0.304998 -0.001235 0.907644 -0.419740 -0.335494 -0.395789 -0.854865
34.053444 -73.541465 8407.395189 -3270.549415 0.795385 0.448155 -0.408068 -0.411973 -0.094087 -0.906325 0.444568 -0.888991 -0.109793
20.898836 -71.581576 15250.219103 -2629.940347 0.754465 0.508461 -0.415029 -0.404384 -0.137954 -0.904125 0.516968 -0.849962 -0.101532
19.822378 -73.682278 13206.074317 -2107.858019 0.769755 0.495014 -0.403036 -0.453611 -0.020051 -0.890974 0.449126 -0.868654 -0.209109
33.725714 -71.812201 13878.865427 -1157.443359 0.765593 0.483723 -0.424123 -0.375385 -0.199496 -0.905145 0.522450 -0.852182 -0.028849
-2.566386 -64.096667 -2230.056299 4672.339486 0.983998 0.075371 0.161451 0.143581 0.201137 -0.968983 0.105507 -0.976659 -0.187097
-3.898457 -74.385569 -4627.186620 6007.744983 0.989641 0.064706 0.128152 0.121962 0.091956 -0.988266 0.075731 -0.993658 -0.083112
-0.845698 -78.333779 -1747.864841 7558.846574 0.987946 0.085763 0.128868 0.124507 0.054422 -0.990725 0.091980 -0.994828 -0.043088
-0.464074 -63.722516 180.123634 4917.483387 0.984333 0.096788 0.147376 0.130118 0.165297 -0.977623 0.118983 -0.981483 -0.150113
2.916134 -74.172013 -16.745324 7245.221452 0.986528 0.097072 0.131683 0.126251 0.060151 -0.990173 0.104039 -0.993458 -0.047085
2.296132 -83.391619 -565.866939 11620.857128 0.988123 0.095300 0.120547 0.120842 0.002696 -0.992668 0.094927 -0.995445 0.008852
-4.786273 -95.850325 -78.076082 -24.300983 0.969516 0.205223 0.133877 0.244469 -0.847074 -0.471912 -0.016556 -0.490255 0.871422
-4.282268 -99.466983 -1953.516539 768.256097 0.962856 0.222011 0.153684 0.260971 -0.911236 -0.318658 -0.069297 -0.346929 0.935328
-3.788279 -97.340511 -2108.237831 1661.028271 0.969803 0.195440 0.145895 0.241679 -0.850464 -0.467228 -0.032764 -0.488379 0.872016
20.714621 -168.131612 861.847735 -15613.091024 0.921050 0.380937 -0.080956 -0.034762 0.287464 0.957161 -0.387890 0.878778 -0.278010
17.042543 -144.430133 25.514694 -12603.361299 0.920893 0.383231 -0.071339 -0.133659 0.482334 0.865730 -0.366184 0.787710 -0.495401
14.237930 -162.416914 2859.935760 -13274.708077 0.942248 0.328492 -0.065284 -0.066231 0.373836 0.925127 -0.328302 0.867375 -0.374002
6.009683 -163.773642 4304.965924 -9348.300343 0.951092 0.304580 -0.051531 -0.007416 0.189281 0.981895 -0.308820 0.933490 -0.182282
16.590973 -172.605160 5008.705931 -3472.266066 0.941629 0.322961 -0.095031 0.062800 0.108817 0.992076 -0.330743 0.940136 -0.082183
7.700295 -150.522351 3962.271086 -11008.951799 0.955971 0.292436 -0.024519 -0.095574 0.389246 0.916162 -0.277462 0.873481 -0.400057
10.280397 -141.925554 2926.011581 -6082.841408 0.952885 0.301215 -0.035774 -0.136041 0.529785 0.837151 -0.271115 0.792842 -0.545801
658.999520 -98.928971 248539.977770 3187.310385 0.850233 0.468252 0.240508 -0.304810 0.065431 0.950163 -0.429179 0.881169 -0.198360
2783.071909 -203.804852 1252580.584897 -38524.947485 0.505533 0.731660 0.457285 -0.415422 -0.258114 0.872239 -0.756215 0.630912 -0.173463
927.557239 -100.430604 401442.982575 -28513.439505 0.594453 0.664040 0.453515 -0.549866 -0.075846 0.831802 -0.586747 0.743840 -0.320047
307.505209 -58.766035 109856.757371 -5713.106748 0.704064 0.631697 0.324428 -0.505179 0.124457 0.853993 -0.499087 0.765160 -0.406746
691.568423 -79.197160 317416.510225 -9188.088280 0.803478 0.435411 0.406005 -0.482718 0.077338 0.872354 -0.348433 0.896904 -0.272320
497.241816 -22.677071 173238.711904 -24273.925808 0.356533 0.854801 0.377094 -0.550800 -0.133708 0.823858 -0.754655 0.501436 -0.423153
2.947078 -185.035695 -2094.617408 7702.768407 0.822114 -0.384460 0.419904 0.334381 -0.270866 -0.902674 -0.460780 -0.882509 0.094126
-0.382478 -203.844811 -842.535174 25200.578432 0.822532 -0.369544 0.432294 0.232907 -0.474575 -0.848842 -0.518841 -0.798884 0.304283
0.634419 -202.031163 -2013.022388 23707.822343 0.807210 -0.367245 0.462108 0.254966 -0.489144 -0.834105 -0.532358 -0.791119 0.301207
7.778212 -200.102132 -1442.594975 -17823.847129 0.839475 -0.372239 0.395880 0.408559 -0.047974 -0.911470 -0.358276 -0.926896 -0.111809
4.282162 -182.766057 -2681.502207 -15219.479751 0.832353 -0.393211 0.390607 0.391039 -0.082815 -0.916641 -0.392781 -0.915711 -0.084830
5.875496 -187.555204 -1286.980938 4393.716914 0.814832 -0.364345 0.450890 0.366861 -0.278133 -0.887725 -0.448846 -0.888760 0.092967
-14.129283 -151.086858 -4544.214868 7157.898950 0.920847 0.298297 0.251117 0.388600 -0.649039 -0.654017 0.032107 -0.699833 0.713584
-17.025047 -152.448368 1506.131557 4210.540833 0.921346 0.336909 0.193942 0.384389 -0.715088 -0.583861 0.058022 -0.612488 0.788348
-15.225903 -150.343587 -1863.291028 1624.254956 0.916870 0.325266 0.231410 0.398491 -0.779963 -0.482558 -0.023531 -0.534658 0.844741
5.338223 -273.589615 1422.646119 -84562.224282 0.909739 -0.182283 0.373026 -0.155815 0.682896 0.713705 0.384834 0.707408 -0.592855
0.169792 -319.958533 -5397.622632 -93429.610671 0.908577 -0.141836 0.392900 -0.286841 0.471916 0.833677 0.303661 0.870159 -0.388088
-7.743583 -479.849795 4008.704809 -184545.018706 0.921239 -0.197057 0.335390 -0.224392 0.435080 0.871983 0.317752 0.878563 -0.356595
-2.196555 -418.133892 -4123.400529 -126512.569696 0.917720 -0.196391 0.345284 -0.249649 0.390959 0.885905 0.308976 0.899212 -0.309761
4.010955 -293.282271 477.087624 -86575.683228 0.921855 -0.197727 0.333298 -0.119610 0.672888 0.730010 0.368615 0.712829 -0.596655
-4.698951 -102.750640 2771.038220 4162.640182 0.764897 -0.189176 0.615747 0.449554 -0.527839 -0.720615 -0.461339 -0.828008 0.318698
-21.179580 -101.505025 -948.061349 474.062465 0.816834 -0.264499 0.512662 0.409974 -0.359038 -0.838459 -0.405836 -0.895060 0.184837
-19.640687 -97.126006 731.446503 2843.357854 0.750283 -0.163952 0.640465 0.543310 -0.399059 -0.738624 -0.376682 -0.902149 0.210330
-15.796375 -94.433322 -862.746879 1008.916438 -0.635692 0.055030 -0.769979 0.681299 -0.428976 -0.593137 -0.362943 -0.901638 0.235205
-4.330101 -100.496022 496.996193 3099.548425 0.684047 -0.098522 0.722754 0.566552 -0.552342 -0.611504 -0.459454 -0.827775 0.322010
-12.735624 -342.732336 6207.456104 -30822.598026 0.820868 -0.518898 0.238580 0.523989 0.518097 -0.676026 -0.227181 -0.679942 -0.697186
23.471793 -881.752060 -4131.606801 -361229.448568 -0.648347 0.679968 -0.342477 0.760901 0.563338 -0.321994 -0.026014 -0.469355 -0.882626
-12.373245 -505.603062 6073.104620 -51790.257424 0.768741 -0.584623 0.259333 0.624509 0.598721 -0.501519 -0.137931 -0.547494 -0.825364
-24.887709 -245.397411 10349.113106 -14831.055535 0.780055 -0.559491 0.280150 0.608126 0.572498 -0.549935 -0.147298 -0.599346 -0.786821
-1.648503 -607.909167 -557.740666 -163785.007272 0.836404 -0.504502 0.214256 0.444449 0.395489 -0.803774 -0.320770 -0.767506 -0.555015
-12.044038 -533.807386 6975.739305 166184.892770 0.919137 -0.393733 0.012737 0.163236 0.351237 -0.921947 -0.358527 -0.849475 -0.387106
-11.190445 -217.848792 6339.931393 8482.687055 0.892549 -0.428364 0.140930 0.357869 0.482683 -0.799342 -0.274385 -0.763886 -0.584116
10.873672 -21.224717 9691.412575 16324.322204 -0.003356 0.891188 0.453622 0.796093 0.276900 -0.538110 0.605165 -0.359320 0.710398
12.370802 -39.162244 8016.318937 17742.583192 0.129318 0.903093 0.409512 0.798310 0.150154 -0.583228 0.588199 -0.402340 0.701530
-0.966765 -41.332614 6699.054299 9771.998373 -0.043905 0.863554 0.502342 0.856058 0.291731 -0.426682 0.515011 -0.411300 0.752061
27.161115 -20.738308 9957.665353 20279.844934 0.209696 0.910707 0.355865 0.755564 0.080082 -0.650162 0.620605 -0.405215 0.671304
35.322001 0.155958 10548.189471 5434.741469 0.246026 0.910467 0.332448 0.780729 0.017111 -0.624635 0.574398 -0.413229 0.706618
-8.833218 -73.302493 -57.529164 -12085.110176 0.990172 0.139219 -0.013335 -0.067049 0.388864 -0.918852 0.122737 -0.910716 -0.394376
-6.381919 -69.456266 3303.177182 -12953.183610 0.985640 0.156913 0.062378 -0.001062 0.375167 -0.926957 0.168854 -0.913580 -0.369946
-5.722069 -67.928140 947.787876 -5791.538953 0.990396 0.131177 0.043694 -0.002410 0.332351 -0.943153 0.138241 -0.933989 -0.329475
87.006733 -720.633041 9829.568923 -276392.767345 0.983938 0.116022 -0.135661 -0.094371 0.983178 0.156382 0.151523 -0.141068 0.978336
67.778458 -810.897194 28729.671547 -343046.143051 0.954197 0.022657 -0.298321 -0.010381 0.999035 0.042671 0.299000 -0.037620 0.953511
85.497378 -1293.795460 -20856.463664 721036.959594 0.973995 0.064068 -0.217323 -0.006818 -0.950465 -0.310758 0.226468 -0.304158 0.925311
27.737197 -230.395326 -7099.172950 -47812.163261 0.855212 0.435304 0.281287 0.344838 -0.072755 -0.935838 0.386909 -0.897339 0.212331
15.962364 -179.004065 -5647.851869 -7703.548088 0.905464 0.379381 0.190275 0.304830 -0.269366 -0.913521 0.295319 -0.885162 0.359548
13.298747 -152.217089 -5198.405004 -17979.716192 0.886323 0.394028 0.243257 0.381658 -0.324100 -0.865619 0.262239 -0.860059 0.437641
-76.042676 -123.222915 2669.223918 9700.305449 -0.686438 0.479883 0.546365 0.725230 0.506874 0.465962 -0.053330 0.716094 -0.695963
-58.171826 -128.131761 6672.088847 19817.033728 -0.606806 0.444648 0.658843 0.793231 0.391639 0.466265 -0.050705 0.805548 -0.590358
-35.753245 -124.545715 14944.967814 32314.224286 -0.704132 0.313823 0.636957 0.709450 0.273468 0.649535 0.029652 0.909247 -0.415199
-63.977573 -101.857570 -3008.772281 485.933087 -0.538135 0.039336 -0.841940 -0.309436 0.919937 0.240759 0.784003 0.390088 -0.482878
-61.914970 -95.701674 -4014.503907 2837.024028 -0.491066 -0.025993 -0.870734 -0.469266 0.850021 0.239276 0.733923 0.526107 -0.429615
-60.712207 -97.891405 -2589.705434 2989.523522 -0.401112 -0.021433 -0.915778 -0.411877 0.897189 0.159404 0.818209 0.441127 -0.368701
-63.185559 -103.049999 -1556.088062 2511.383124 -0.482241 0.072044 -0.873071 -0.228135 0.951898 0.204560 0.845812 0.297826 -0.442608
33.236297 -43.813981 24365.069244 4619.267530 0.979117 0.010068 -0.203049 0.177778 0.442086 0.879179 -0.098616 0.896916 -0.431064
90.924751 -51.782711 39613.235951 2499.766957 0.956618 -0.003188 -0.291326 0.257595 0.476404 0.840645 -0.136109 0.879220 -0.456558
45.385327 -48.857132 28040.093299 3206.860224 0.987373 0.010607 -0.158059 0.128160 0.532985 0.836362 -0.093114 0.846058 -0.524895
7.143043 -38.726438 11816.840700 6854.601199 0.984921 0.061856 -0.161571 0.117204 0.448378 0.886126 -0.127257 0.891701 -0.434367
40.112199 -126.272074 -13883.239990 13163.522491 0.076519 0.963299 0.257294 -0.576372 0.253301 -0.776939 0.813597 0.088846 -0.574601
20.235021 -137.468843 -19069.821986 14032.230260 0.118846 0.978156 0.170547 -0.551519 0.207862 -0.807849 0.825653 -0.001949 -0.564176
16.768418 -147.482493 -9289.594448 9100.090493 0.053555 0.972402 0.227083 -0.356033 0.231058 -0.905457 0.932937 0.032357 -0.358581
31.288280 -109.948832 -16769.950363 14398.913205 0.121215 0.962804 0.241486 -0.698217 0.255623 -0.668693 0.705550 0.087553 -0.703231
34.328434 -61.218026 -6616.891269 -2567.129370 0.909697 -0.015821 -0.414970 -0.022742 0.995876 -0.087823 0.414649 0.089330 0.905586
31.073138 -69.723603 -8945.387281 -5891.658413 0.923996 -0.060145 -0.377642 -0.012407 0.982318 -0.186807 0.382200 0.177295 0.906912
6.213518 -82.454495 3405.306061 1167.614512 0.971942 0.007255 0.235109 -0.106445 -0.877760 0.467127 -0.209758 0.479046 0.852359
6.869101 -83.590270 2990.369937 128.957665 0.975216 0.027117 0.219586 -0.109680 -0.802684 0.586233 -0.192155 0.595788 0.779816
3.911548 -86.443179 3175.243016 -779.456494 0.975072 0.002002 0.221879 -0.123595 -0.825566 0.550604 -0.184278 0.564301 0.804739
0.963834 -88.188947 2068.617733 -712.004422 0.966854 -0.026229 0.253979 -0.125466 -0.915138 0.383120 -0.222377 0.402287 0.888096
0.046147 -89.815386 1017.707368 -3994.125805 0.972636 0.020620 0.231417 -0.139089 -0.746163 0.651072 -0.186100 0.665444 0.722877
-0.920693 -90.724501 2239.410699 -2005.799519 0.972105 -0.005105 0.234490 -0.136079 -0.826570 0.546136 -0.191035 0.562811 0.804208
-2.423295 -94.203816 4028.676306 553.057893 0.969683 -0.046453 0.239909 -0.143879 -0.902084 0.406871 -0.197518 0.429054 0.881419
26.726739 -169.704443 7355.301649 -47.300117 0.874598 0.073849 -0.479191 -0.476229 -0.054679 -0.877620 0.091013 -0.995769 0.012653
32.870446 -168.800635 12320.514038 -16157.563190 0.851238 0.084739 -0.517893 -0.440710 -0.420335 -0.793154 0.284900 -0.903403 0.320460
43.761961 -185.935483 3475.778211 -19166.180969 0.900109 -0.078868 -0.428467 -0.427068 -0.354141 -0.831984 0.086121 -0.931860 0.352448
-12.002080 -130.339267 -6670.594716 29766.962615 0.942122 -0.230941 -0.243049 -0.110318 0.471035 -0.875189 -0.316602 -0.851347 -0.418296
-12.345489 -91.746080 -4225.428568 24144.738297 0.930268 -0.180716 -0.319284 -0.139025 0.631727 -0.762622 -0.339519 -0.753832 -0.562552
-18.191832 -94.955278 -2442.155095 22040.021970 0.949341 -0.175789 -0.260479 -0.116732 0.572316 -0.811682 -0.291761 -0.800970 -0.522803
-18.892322 -64.563878 -2850.853130 12066.645959 0.930740 -0.142143 -0.336925 -0.151832 0.687974 -0.709675 -0.332671 -0.711679 -0.618743
-31.734030 -39.461596 -7181.680305 1587.300250 -0.475016 0.817976 0.324460 0.809467 0.550784 -0.203472 0.345142 -0.165987 0.923756
-38.079593 -45.831133 1377.110239 -3379.503680 0.941669 -0.118691 -0.314916 0.135595 0.990240 0.032241 0.308016 -0.073061 0.948572
-35.986746 -49.275055 2075.279034 -2811.458524 0.932025 0.128777 -0.338742 -0.123701 0.991643 0.036631 0.340628 0.007762 0.940166
-2.117923 -72.312470 451.033479 -1877.848523 0.981896 -0.182932 0.049146 0.181289 0.832368 -0.523734 -0.054900 -0.523162 -0.850463
-1.300922 -79.059949 -135.240530 -6115.797985 0.987957 -0.151769 0.030125 0.149966 0.891278 -0.427941 -0.038098 -0.427305 -0.903305
-4.002343 -83.974599 -2191.837201 -4496.740135 0.991346 -0.131277 0.000481 0.126796 0.956546 -0.262568 -0.034009 -0.260357 -0.964913
3.367720 -123.252661 3706.614092 7517.277403 0.999762 0.018540 0.011469 -0.021701 0.796170 0.604684 -0.002080 0.604789 -0.796383
3.272692 -115.388303 5589.074892 1966.341871 0.999240 0.022040 0.032153 -0.038375 0.701142 0.711989 0.006852 0.712681 -0.701455
5.397597 -117.829687 1363.818489 -218.906099 0.999708 0.024180 0.000111 -0.017866 0.735570 0.677213 -0.016293 0.677017 -0.735787
14.179061 -169.869732 -8708.077128 -18430.611683 0.976853 -0.211591 -0.031422 -0.165745 -0.655822 -0.736496 -0.135228 -0.724656 0.675712
8.559703 -184.796449 -9694.339833 -3013.379113 0.963948 -0.248688 -0.094654 -0.186785 -0.379043 -0.906332 -0.189516 -0.891336 0.411829
-0.109469 -227.613027 1581.594123 -11175.054075 -0.124211 0.992220 0.008477 -0.069214 -0.017186 0.997454 -0.989839 -0.123308 -0.070811
-2.302948 -207.117805 3811.247383 327.898057 -0.126021 0.990634 0.052566 -0.299938 -0.088557 0.949839 -0.945598 -0.103933 -0.308289
-3.815942 -200.699839 918.446191 -7716.535250 -0.149751 0.987998 0.037887 -0.347464 -0.088463 0.933511 -0.925658 -0.126630 -0.356541
-5.517693 -67.121466 3282.113329 -3662.289757 0.200363 0.975670 -0.089005 0.805916 -0.215794 -0.551301 0.557094 -0.038730 0.829546
1.848915 -64.958989 2414.009994 -2230.391553 0.259535 0.958238 -0.120091 0.847247 -0.285605 -0.447886 0.463480 -0.014495 0.885989
30.533858 -761.292415 -22415.903129 111686.010352 -0.404222 0.575598 -0.710839 0.765864 0.637880 0.081007 0.500058 -0.511661 -0.698674
27.562087 -2513.443590 -24637.035298 171835.953488 -0.347813 0.758607 -0.550946 0.875665 0.472824 0.098230 0.335018 -0.448278 -0.828740
117.235617 -2111.630822 -15026.251927 -905256.742182 -0.291706 0.779329 -0.554576 0.904649 0.036470 -0.424594 -0.310673 -0.625553 -0.715658
-8.407983 -31.987557 -5072.732826 1025.319034 0.915688 -0.010955 -0.401739 0.363197 0.450510 0.815554 -0.172053 0.892704 -0.416506
-6.509709 -31.837724 -5781.991494 5017.025289 0.908365 -0.009245 -0.418076 0.369527 0.485761 0.792140 -0.195761 0.874043 -0.444664
-20.432171 -53.756103 -1689.903480 -828.714298 0.870983 0.135294 -0.472317 0.397439 -0.759189 0.515436 0.288842 0.636654 0.715012
-21.479860 -54.331043 -2754.009120 -469.510333 0.901777 0.059270 -0.428119 0.344728 -0.696114 0.629753 0.260694 0.715481 0.648171
-14.627384 -51.363238 -2507.000596 -186.533973 0.922998 0.052555 -0.381200 0.307253 -0.697057 0.647848 0.231671 0.715087 0.659529
-15.913402 -50.868084 -2032.229100 -662.907275 0.902891 0.111357 -0.415196 0.348307 -0.755576 0.554786 0.251933 0.645527 0.720989
-9.352322 -47.402786 -3820.334031 -514.101737 0.952471 0.025457 -0.303564 0.232396 -0.705000 0.670050 0.196956 0.708750 0.677408
-14.614949 -151.986106 2148.219893 -3103.414867 0.925471 0.076331 -0.371050 -0.372659 0.007516 -0.927938 0.068041 -0.997054 -0.035401
-11.902750 -148.079125 2528.497568 -4696.650694 0.912860 0.111354 -0.392794 -0.378099 -0.132411 -0.916247 0.154038 -0.984920 0.078770
-61.409088 -900.991301 -3353.645157 367169.427896 0.240309 -0.382170 0.892299 -0.424688 0.785197 0.450672 -0.872864 -0.487250 0.026387
-112.993712 -799.090717 24424.916490 316905.536624 0.137825 -0.384225 0.912894 -0.517865 0.757714 0.397097 -0.844287 -0.527486 -0.094545
378.326051 -8372.585533 -241975.768532 -7078662.812785 -0.230942 0.457259 -0.858825 0.909776 -0.211434 -0.357216 -0.344925 -0.863834 -0.367174
-7.943170 -93.104806 -1515.209295 -2305.747746 0.998550 -0.053174 0.008406 0.052390 0.995766 0.075532 0.012387 0.074982 -0.997108
114.483113 -128.265272 -22805.210973 -6648.442080 -0.821635 -0.214648 0.528054 -0.247835 0.968768 0.008171 -0.513316 -0.124157 -0.849171
106.629224 -155.056885 -17357.145385 -16154.649751 -0.814123 -0.076591 0.575619 -0.006698 0.992436 0.122578 -0.580653 0.095938 -0.808479
184.991024 -181.360468 -64973.461590 -36288.776165 -0.768775 -0.115184 0.629060 -0.162339 0.986575 -0.017749 -0.618571 -0.115766 -0.777154
95.217425 -113.718305 13803.579471 -5612.798621 -0.848057 -0.202068 0.489864 -0.172792 0.979362 0.104846 -0.500941 0.004271 -0.865471
154.092163 -128.173695 -50511.693070 -5324.861134 -0.789365 -0.233301 0.567868 -0.331390 0.940569 -0.074228 -0.516802 -0.246779 -0.819766
108.588743 -105.776145 17410.976000 3230.942948 -0.821418 -0.324620 0.468928 -0.374292 0.927209 -0.013775 -0.430323 -0.186831 -0.883129
109.916887 -122.151150 -560.411691 4876.222292 -0.790748 -0.310144 0.527758 -0.431459 0.893966 -0.121111 -0.434236 -0.323474 -0.840716
106.025161 -44.561464 -23955.694536 -713.376856 -0.847679 0.096225 0.521709 -0.128407 0.916956 -0.377762 -0.514735 -0.387212 -0.764928
108.291938 -44.837979 -33414.654547 -1158.885903 -0.894538 0.133854 0.426480 -0.019914 0.941229 -0.337181 -0.446548 -0.310114 -0.839300
102.768709 -52.175908 10957.099997 43.777227 -0.677553 0.174721 0.714419 -0.079536 0.948269 -0.307344 -0.731161 -0.265064 -0.628606
87.294456 -49.946509 12325.622010 -975.160913 -0.675369 0.130915 0.725767 -0.207174 0.910809 -0.357081 -0.707783 -0.391521 -0.588009
85.752424 -44.989500 -18770.922492 3525.125191 -0.846094 0.032242 0.532058 -0.216452 0.891384 -0.398225 -0.487108 -0.452101 -0.747215
-0.870556 -91.985527 4727.793826 -884.423595 0.976931 0.200185 0.074376 0.201075 -0.744938 -0.636110 0.071934 -0.636391 0.768006
-0.205724 -94.800901 3900.392825 -1011.888062 0.977509 0.197116 0.074979 0.205446 -0.809739 -0.549649 0.047631 -0.552691 0.832024
-3.581716 -91.288917 1677.457586 -1631.879535 0.975044 0.193536 0.108783 0.221556 -0.816775 -0.532720 0.014249 -0.543527 0.839271
15.284214 -129.823015 -889.782407 -10919.781443 0.917058 0.390836 -0.079065 -0.194366 0.611261 0.767191 -0.348176 0.688191 -0.636527
15.940962 -129.745568 699.632731 -4681.831387 0.928389 0.365075 -0.069389 -0.188839 0.624295 0.758021 -0.320054 0.690635 -0.648529
343.402278 -74.309920 132347.215029 4767.628052 0.878988 0.436215 0.192603 -0.208097 -0.012507 0.978028 -0.429040 0.899756 -0.079782
1650.552790 -109.328944 690122.274532 319.160231 0.736192 0.651648 0.182691 -0.141110 -0.116210 0.983150 -0.661898 0.749567 -0.006401
132.589867 -69.177979 59388.473376 2781.559509 -0.026412 0.449566 0.892857 -0.730773 0.600768 -0.324113 -0.682109 -0.661036 0.312663
113.060419 -65.589010 -8176.851345 -10084.455963 0.257538 -0.282394 -0.924082 0.722720 -0.578482 0.378200 -0.641366 -0.765253 0.055111
137.524081 -58.077370 37175.006189 -9690.069225 0.418006 -0.144853 -0.896822 0.668790 -0.619046 0.411708 -0.614810 -0.771881 -0.161889
3.980012 -386.239039 -464.677885 -148196.950634 0.908191 -0.150680 0.390492 -0.226317 0.608023 0.760979 0.352092 0.779489 -0.518100
-5.035528 -402.167799 -4983.986592 -110612.963039 0.919743 -0.133796 0.369015 -0.321645 0.281953 0.903906 0.224984 0.950053 -0.216289
-9.217845 -287.586342 201.911676 730.047761 0.870841 -0.319006 0.373994 -0.471596 -0.327532 0.818730 0.138685 0.889358 0.435670
-4.188291 -243.598724 140.408865 6489.974167 0.839560 -0.338536 0.424891 -0.543224 -0.532958 0.648740 -0.006827 0.775467 0.631351
-6.690558 -240.236153 889.795254 -8897.863428 0.847416 -0.348965 0.400136 -0.515659 -0.361516 0.776790 0.126416 0.864598 0.486301
-10.346613 -116.391224 321.313561 12400.544321 0.831990 -0.310100 0.460034 0.295317 -0.454421 -0.840410 -0.469660 -0.835068 0.286496
15.039090 -528.338440 -10707.427317 -82557.626981 -0.701019 0.651872 -0.289197 0.681262 0.732038 -0.001322 0.210842 -0.197945 -0.957269
-15.739433 -492.326728 -16046.235368 -145164.848136 -0.648838 0.685880 -0.329510 0.728278 0.685238 -0.007719 0.220499 -0.244984 -0.944120
-19.673978 -894.280280 -16455.857498 -342920.250271 -0.507760 0.780628 -0.364417 0.861434 0.454913 -0.225799 -0.010487 -0.428573 -0.903446
9.406541 -49.011984 5104.071905 7824.401872 0.231235 0.901026 0.366991 0.841661 0.003940 -0.539991 0.487992 -0.433747 0.757448
0.531717 -48.433061 -3206.540690 -184.564156 -0.070618 -0.878401 -0.472679 0.900658 0.147529 -0.408718 0.428752 -0.454585 0.780720
-6.313961 -68.948094 2453.844508 -12517.902847 0.984035 0.139064 0.111068 0.045215 0.408251 -0.911749 0.172135 -0.902215 -0.395446
-4.062381 -63.538457 2040.492148 -4049.949682 0.983970 0.127397 0.124791 0.071826 0.357383 -0.931192 0.163230 -0.925228 -0.342504
7.716824 -52.286635 16526.287333 2368.663799 0.178303 0.983955 -0.006444 0.983251 -0.178419 -0.037205 0.037758 -0.000298 0.999287
-4.499846 -49.794477 12229.326476 2287.450521 0.214111 0.976615 0.019503 0.966448 -0.208897 -0.149467 0.141897 -0.050851 0.988574
22.650479 -50.687946 15155.557808 1257.729772 0.102052 0.994760 0.006128 0.992674 -0.101434 -0.065643 0.064677 -0.012782 0.997824
38.550662 -53.793236 18522.462444 1028.916864 0.073204 0.997317 -0.000627 0.994744 -0.072970 0.071831 -0.071592 0.005882 0.997417
55.850774 -911.944079 5588.563083 374696.617411 -0.787162 -0.506197 -0.352336 -0.464230 0.862406 -0.201860 0.406038 0.004668 -0.913844
18.455445 -642.120620 -6945.041075 261164.580988 0.828204 0.451608 0.331856 -0.547242 0.779379 0.305115 0.120850 0.434303 -0.892623
16.633726 -966.604511 7294.637004 435340.136393 -0.834020 -0.452105 -0.316247 -0.491202 0.869466 0.052436 0.251260 0.199074 -0.947227
18.510632 -448.710324 727.129320 122589.839184 0.713887 0.525841 0.462446 -0.643514 0.753053 0.137118 0.276144 0.395477 -0.875981
28.998288 -548.592300 4679.444478 -19054.790829 -0.821936 -0.470850 -0.320501 -0.281962 0.825272 -0.489309 0.494892 -0.311812 -0.811083
34.755990 -667.994756 -2212.859643 -165946.998105 -0.737818 -0.541992 -0.402330 -0.147836 0.711326 -0.687139 0.658612 -0.447504 -0.604955
25.835988 -590.960896 -11710.143888 117184.352156 -0.663534 -0.593325 -0.455728 -0.481341 0.804888 -0.347082 0.572743 -0.010940 -0.819662
-86.629083 -120.496976 1998.937773 5123.808799 0.809348 -0.445294 -0.382974 0.587107 0.631337 0.506674 -0.016167 0.634922 -0.772407
-76.863339 -115.154645 1284.790349 10923.343354 0.917046 -0.365188 -0.160202 0.371623 0.636882 0.675483 0.144649 0.678984 -0.719762
54.493494 -49.686353 21808.813272 -1764.790468 0.913913 -0.052588 -0.402489 0.397804 0.313223 0.862348 -0.080720 0.948222 -0.307179
20.388009 -52.651964 12708.654251 -4499.394434 0.927025 -0.045183 -0.372268 0.370376 0.265732 0.890061 -0.058708 0.962988 -0.263075
2.880209 -57.022496 2188.234861 -5964.563703 0.945495 -0.021255 -0.324942 0.321024 0.228207 0.919166 -0.054617 0.973381 -0.222592
3.162432 -49.981909 532.857921 -6073.121958 0.933246 -0.032517 -0.357763 0.351047 0.293989 0.889009 -0.076271 0.955256 -0.285779
22.628659 -302.593782 -23178.783310 -71229.307142 -0.293204 0.955389 0.035543 0.136283 0.004970 0.990658 -0.946287 -0.295309 0.131660
170.724249 -314.556813 -96728.286181 -96666.744477 -0.321747 0.941678 0.098596 -0.008564 -0.107023 0.994220 -0.946787 -0.319042 -0.042499
124.621494 -315.971401 -68066.336190 -40550.011687 -0.232166 0.959649 0.158657 0.364806 -0.065299 0.928791 -0.901674 -0.273513 0.334925
26.113887 -215.556762 -26684.105026 -60240.089052 -0.325943 0.945265 0.015371 -0.190903 -0.081734 0.978200 -0.925914 -0.315903 -0.207095
18.524602 -298.092323 -17316.444156 -7589.711845 -0.260478 0.964685 0.039175 0.503224 0.101026 0.858230 -0.823964 -0.243264 0.511768
-7.995148 -301.816474 -4857.725778 -29711.909570 -0.264763 0.964166 0.016886 0.410422 0.096823 0.906741 -0.872613 -0.247002 0.421350
-7.845268 -310.091154 -7972.061709 -87832.610266 -0.296656 0.954940 0.009181 0.013743 -0.005344 0.999891 -0.954885 -0.296750 0.011539
20.481726 -72.465907 -6429.437779 -5088.375800 0.934058 -0.079781 -0.348095 0.032021 0.989511 -0.140864 0.355682 0.120429 0.926816
21.989004 -75.004301 -3659.306687 -1997.740265 0.931061 -0.078650 -0.356285 -0.026280 0.959498 -0.280488 0.363915 0.270515 0.891284
26.508011 -74.755895 -6613.536638 -2088.344243 0.922267 -0.085153 -0.377058 -0.059389 0.932640 -0.355886 0.381964 0.350615 0.855086
28.780625 -65.702037 -8724.435454 -4266.936449 0.927024 -0.035178 -0.373348 0.009098 0.997407 -0.071390 0.374891 0.062784 0.924940
7.903559 -80.795758 704.762308 355.507433 0.969221 0.049538 0.241158 -0.106508 -0.798766 0.592140 -0.221962 0.599599 0.768904
7.627450 -82.756179 4025.602290 1945.924186 0.973099 0.009189 0.230205 -0.102375 -0.877889 0.467792 -0.206393 0.478775 0.853332
36.867104 -195.288020 -3688.451496 -21322.834476 0.926227 -0.152282 -0.344838 -0.376786 -0.345740 -0.859358 -0.011641 -0.925891 0.377611
35.794727 -202.245033 -12500.439963 -21529.192853 0.940544 -0.252186 -0.227550 -0.320814 -0.439427 -0.839037 -0.111602 -0.862152 0.494205
52.871095 -178.835465 -5476.184442 -23702.376103 0.923690 -0.177162 -0.339721 -0.378159 -0.564082 -0.734035 0.061587 -0.806489 0.588033
60.073669 -171.923496 3113.289941 -21219.727913 0.901635 -0.117209 -0.416314 -0.412187 -0.524391 -0.745061 0.130984 -0.843372 0.521121
-1.718871 -139.501857 -4634.719444 30978.629862 0.939580 -0.205964 -0.273437 -0.145875 0.481715 -0.864101 -0.309692 -0.851780 -0.422565
-15.140158 -64.784118 -3682.017105 4558.625848 0.885523 -0.051010 -0.461786 -0.282300 0.730344 -0.622016 -0.368991 -0.681172 -0.632337
-5.058526 -74.101826 -3889.855986 14110.011079 0.889169 -0.058289 -0.453850 -0.273582 0.727325 -0.629406 -0.366784 -0.683814 -0.630768
-1.396544 -104.391770 -4676.507706 28229.154509 0.918825 -0.152255 -0.364113 -0.191965 0.633687 -0.749393 -0.344833 -0.758459 -0.553020
-16.169909 -40.406007 -9067.271140 2520.682592 -0.233896 0.924480 0.301048 0.913499 0.314974 -0.257511 0.332886 -0.214776 0.918182
-3.532950 -36.382954 -7577.946629 2967.871464 -0.147898 0.945651 0.289605 0.911689 0.243860 -0.330688 0.383339 -0.215121 0.898206
1.528328 -71.877745 1296.745690 -2518.280410 0.985133 -0.168425 0.033864 0.162719 0.851554 -0.498376 -0.055102 -0.496476 -0.866300
0.595714 -77.708306 476.373689 -7848.572982 0.988842 -0.147381 0.021670 0.140698 0.876242 -0.460873 -0.048935 -0.458780 -0.887202
-19.472805 -60.388299 3326.086305 -3687.766418 0.359112 0.918597 -0.164980 0.733336 -0.387070 -0.558924 0.577285 -0.079730 0.812641
-34.589978 -485.936752 23410.282636 227274.895542 0.268024 -0.560894 0.783302 -0.308647 0.720205 0.621323 -0.912633 -0.408294 0.019914
13.701248 -67.511689 1272.986612 -395.266606 0.373223 0.915020 -0.153111 0.889047 -0.399919 -0.222848 0.265142 0.052951 0.962754
24.672725 -72.863487 196.743727 -1253.335871 0.386456 0.913473 -0.127354 0.915192 -0.396921 -0.069840 0.114346 0.089563 0.989395
24.101062 -64.045293 1635.376734 148.015704 0.492084 0.847800 -0.197708 0.852133 -0.515553 -0.089858 0.178111 0.124256 0.976134
-25.488929 -923.130758 -8624.340405 -376252.703301 -0.320996 0.221688 -0.920769 0.652167 -0.653249 -0.384636 -0.686760 -0.723962 0.065112
21.327123 -1471.023588 -19328.453650 -782950.049697 -0.380140 0.183362 -0.906571 0.825124 -0.375652 -0.421967 -0.417928 -0.908440 -0.008496
-212.738919 -4209.503009 104393.808280 -565591.361734 -0.494181 0.190000 -0.848343 0.858535 0.260170 -0.441848 0.136762 -0.946685 -0.291692
-5.670612 -96.036746 -296.638950 -2226.033346 0.998733 -0.050166 0.004023 0.049956 0.997886 0.041560 0.006100 0.041306 -0.999128
