16011
32008
-37.711155 -63.248666 72.582540 -6736.931504 0.930888 0.310609 -0.192274 0.029482 -0.588501 -0.807959 0.364113 -0.746451 0.556986
-44.207996 -72.955477 -1525.911362 -3962.858945 0.943566 0.280811 -0.175582 -0.022077 -0.475652 -0.879356 0.330449 -0.833607 0.442610
-45.679965 -80.326166 1408.463570 -12119.122795 0.825037 0.539632 0.167666 0.390829 -0.330627 -0.859034 0.408127 -0.774263 0.483683
-38.393960 -66.307171 -531.845290 -4581.034855 0.941436 0.117510 -0.316052 -0.199196 -0.562452 -0.802476 0.272063 -0.818437 0.506106
-34.620263 -72.618935 5003.436910 -16794.173236 0.775392 0.618490 0.127426 0.467440 -0.426487 -0.774344 0.424578 -0.659984 0.619802
-31.834365 -52.750689 322.128463 -7826.606936 0.921092 0.278907 -0.271661 -0.000136 -0.697509 -0.716576 0.389344 -0.660070 0.642432
-31.566461 -55.517815 -1049.806891 -4456.159801 0.903885 0.020420 -0.427289 -0.295936 -0.691417 -0.659063 0.308893 -0.722167 0.618918
-2.242126 -48.371007 10668.861904 23543.713584 0.617036 0.632627 -0.468027 -0.700504 0.712548 0.039615 0.358553 0.303411 0.882826
-29.697877 -54.780702 12079.942938 -38862.355096 0.683172 0.567579 -0.459489 0.670994 -0.736190 0.088268 0.288172 0.368617 0.883787
-28.737639 -341.103007 16645.394633 -206619.690832 0.807793 0.296651 -0.509381 0.537015 -0.726694 0.428406 0.243077 0.619608 0.746324
-7.347426 -162.224964 22593.950728 -96003.162198 0.771390 0.188900 -0.607679 0.467305 -0.816339 0.339436 0.431952 0.545809 0.717990
16.599170 -47.509557 4832.587322 337.250446 0.803780 0.584192 -0.112508 -0.150042 0.016058 -0.988549 0.575696 -0.811457 -0.100560
20.871972 -48.472620 6010.143710 -534.730089 0.800768 0.591494 -0.094369 -0.069146 -0.065212 -0.995473 0.594970 -0.803668 0.011320
11.696683 -49.522949 1090.673338 65.090891 0.801688 0.575469 -0.161651 -0.138641 -0.084045 -0.986770 0.581442 -0.813493 -0.012406
8.341527 -47.751228 2219.706269 688.219772 0.797034 0.584649 -0.151402 -0.204074 0.024776 -0.978642 0.568411 -0.810908 -0.139059
11.189182 -44.313471 3881.466051 2168.115602 0.801438 0.587652 -0.111181 -0.228398 0.128915 -0.964995 0.552748 -0.798778 -0.237536
26.612060 -52.065436 -4056.530798 90.117196 0.656622 0.607309 -0.447240 -0.529696 0.793454 0.299753 0.536907 0.040076 0.842689
26.388143 -51.662636 -1493.602573 1251.775039 0.628250 0.602353 -0.492416 -0.578631 0.784845 0.221821 0.520084 0.145568 0.841619
23.841733 -54.045543 948.142641 -344.219290 0.628410 0.579242 -0.519211 -0.504356 0.811557 0.294958 0.592221 0.076513 0.802135
-9.441396 -54.700750 1649.939451 1481.429108 0.709894 0.693962 -0.120279 -0.703280 0.689220 -0.174280 0.038045 -0.208310 -0.977323
-8.081695 -56.195384 -1423.043993 -884.840435 0.706026 0.692018 -0.150460 0.708076 -0.686050 0.167224 0.012499 -0.224602 -0.974370
-8.976784 -58.800564 -868.773464 2658.769188 0.687618 0.711345 -0.145496 0.710958 -0.618975 0.333779 0.147374 -0.332954 -0.931355
-9.086891 -66.747951 -828.144462 -2439.437611 0.659093 0.740622 -0.130671 0.717672 -0.567448 0.403670 0.224818 -0.359835 -0.905525
-8.599048 -67.289084 200.170090 -2941.838263 0.655778 0.740282 -0.148114 0.723948 -0.560976 0.401504 0.214138 -0.370524 -0.903801
-9.748883 -59.676460 -804.041079 -7831.990869 0.693016 0.713249 -0.104902 -0.692738 0.618547 -0.370828 0.199606 -0.329659 -0.922758
-6.266388 -56.338607 111.757566 -650.252842 0.574105 0.746509 -0.336344 0.147173 -0.498180 -0.854492 0.805446 -0.441068 0.395874
-4.829107 -53.947029 -1248.395097 -7084.359708 0.575146 0.756773 -0.310647 0.128119 -0.458384 -0.879471 0.807956 -0.466025 0.360595
-3.916513 -57.803875 -280.702422 -1071.991761 0.560312 0.761350 -0.326185 0.167421 -0.489785 -0.855617 0.811185 -0.424802 0.401898
-2.851708 -56.692232 158.016705 6860.815867 0.566574 0.738372 -0.365787 0.162960 -0.535546 -0.828634 0.807736 -0.409874 0.423752
-0.730959 -56.713173 145.026455 6670.132456 0.550507 0.755608 -0.354964 0.191160 -0.527989 -0.827457 0.812650 -0.387666 0.435104
-2.729688 -59.666002 566.427702 449.995145 0.534265 0.787848 -0.306360 0.190827 -0.465473 -0.864245 0.823496 -0.403274 0.399029
27.032745 -102.097555 -6376.240067 -12857.679953 0.749091 0.660868 -0.045992 -0.556399 0.665317 0.497769 0.359559 -0.347284 0.866090
24.682001 -94.556409 -3998.765253 14973.907392 0.740200 0.671920 -0.025034 0.486669 -0.561071 -0.669592 0.463958 -0.483448 0.742308
20.593352 -108.759866 -3070.546278 12808.338524 0.757548 0.652637 -0.013646 0.555421 -0.655405 -0.511812 0.342971 -0.380143 0.858989
25.290216 -103.366962 -2977.057508 3196.618906 0.768940 0.638409 -0.034120 -0.606451 0.745259 0.277139 0.202357 -0.192411 0.960224
29.208925 -100.177188 -6823.980265 1028.603999 0.752679 0.656078 -0.055099 -0.608158 0.724877 0.323571 0.252228 -0.210036 0.944598
3.053725 -114.264986 -3841.265035 1213.212297 0.760431 0.647746 0.046572 -0.540326 0.670844 -0.507953 0.360267 -0.361099 -0.860125
11.641295 -113.984228 -7313.160427 -184.847297 0.784638 0.619071 0.033079 -0.517963 0.683941 -0.513750 0.340672 -0.385974 -0.857302
9.076600 -108.262383 -7242.738310 6544.747596 0.779370 0.626304 0.018068 -0.591493 0.744951 -0.308518 0.206686 -0.229763 -0.951047
3622.838724 -128.911002 1455174.500517 22183.180155 0.756545 -0.631403 -0.170207 0.136406 -0.102186 0.985369 0.639557 0.768693 -0.008819
1317.929117 20.770552 -415960.625386 -1810.878899 0.784120 0.619190 0.041944 0.034149 -0.110531 0.993286 -0.619668 0.777423 0.107814
328.162353 -81.512330 -116925.599212 -16150.357386 0.612101 0.518895 -0.596725 0.394280 0.453855 0.799099 -0.685475 0.724406 -0.073216
712.607016 38.766985 -228067.126044 -3341.492191 0.845845 0.524085 -0.099400 0.177163 -0.100238 0.979064 -0.503149 0.845746 0.177635
1389.629157 -120.085587 -641952.835663 4160.189703 -0.525602 0.767449 -0.367104 -0.083703 -0.476073 -0.875413 0.846603 0.429391 -0.314463
2269.621327 49.449905 -880166.275312 26721.456153 0.965731 -0.216513 0.143131 -0.147783 -0.005366 0.989005 0.213364 0.976265 0.037179
248.674450 -26.965581 -85464.848114 2611.282491 0.111547 0.883519 -0.454920 0.044659 -0.461771 -0.885874 0.992755 -0.078501 0.090966
335.494520 -12.431964 -123283.342638 4800.028870 0.059132 0.934602 -0.350745 0.042250 -0.353388 -0.934522 0.997356 -0.040442 0.060384
349.745167 -43.845806 -127626.688336 7698.915896 0.290207 0.757731 -0.584486 -0.156638 -0.564921 -0.810141 0.944057 -0.326661 0.045255
-87.561617 -1493.409720 19604.252966 519812.797066 -0.042010 -0.104401 -0.993648 0.570242 0.814126 -0.109648 0.820402 -0.571226 0.025332
527.166358 -33.205182 -185243.357762 1851.244131 -0.500176 0.843059 -0.197677 0.088185 -0.177505 -0.980161 0.861422 0.507685 -0.014438
23.703235 -43.296401 13405.081202 -629.393497 0.383529 0.875511 0.293915 -0.048906 0.337060 -0.940212 0.922233 -0.346224 -0.172090
1.207440 -50.610434 14409.368161 345.815449 0.348850 0.818810 0.455910 0.025305 0.478064 -0.877960 0.936837 -0.317813 -0.146053
24.553299 -47.860548 22892.343948 -1132.886753 0.317446 0.906120 0.279596 -0.161784 0.342275 -0.925567 0.934373 -0.248583 -0.255250
50.219333 -40.269831 9665.051961 447.125359 0.484928 0.869340 0.095358 -0.156491 0.193531 -0.968533 0.860439 -0.454746 -0.229892
26.550618 -39.597306 7529.159906 429.647465 0.448690 0.863599 0.229943 -0.012542 0.263357 -0.964617 0.893599 -0.429930 -0.128997
56.882550 -41.586765 14237.875349 -468.464491 0.424491 0.898660 0.110529 -0.237171 0.228171 -0.944292 0.873818 -0.374630 -0.309993
4.683220 -92.880562 872.122744 77.198093 -0.647598 -0.715759 0.261355 0.689308 -0.404107 0.601292 -0.324765 0.569549 0.755077
3.216910 -93.883235 -1005.254469 -4053.047856 0.673688 0.703426 -0.226574 0.565006 -0.292635 0.771449 -0.476354 0.647731 0.594585
5.802394 -91.008230 -1416.362683 -2207.512146 0.657150 0.711684 -0.248315 0.620014 -0.323029 0.715007 -0.428646 0.623826 0.653532
4.096721 -89.662844 -958.887415 -2177.283888 0.682065 0.696784 -0.221990 0.509762 -0.235360 0.827495 -0.524338 0.677567 0.515725
-3.134002 -71.002132 789.627270 5192.362198 0.738492 0.674260 -0.001869 -0.546227 0.599883 0.584616 -0.395305 0.430713 -0.811308
-4.179943 -63.420020 955.885963 2758.891475 0.738641 0.674099 -0.000523 -0.502908 0.551576 0.665468 -0.448879 0.491279 -0.746426
-2.961725 -64.402189 815.840137 3492.262876 0.744089 0.668081 -0.000444 -0.492338 0.548800 0.675590 -0.451592 0.502480 -0.737278
1.026493 -72.644184 1478.803246 5012.992786 0.748212 0.663438 -0.005452 -0.542229 0.616208 0.571205 -0.382319 0.424426 -0.820789
-0.122098 -64.597797 1124.857281 3620.991567 0.755203 0.655399 -0.010947 -0.478679 0.562828 0.673863 -0.447811 0.503663 -0.738775
2.428739 -45.358399 2401.545126 -3594.870763 -0.811400 -0.553982 0.186369 -0.456599 0.799833 0.389595 -0.364892 0.231022 -0.901933
3.045328 -48.235201 2943.496863 -3442.250635 -0.785424 -0.595624 0.168346 -0.471636 0.752055 0.460405 -0.400834 0.282215 -0.871600
1.238067 -44.410618 2289.962017 -2228.107901 -0.810544 -0.560371 0.170303 -0.461900 0.790402 0.402385 -0.360092 0.247488 -0.899491
1.139708 -42.926807 2381.743299 -2081.375867 -0.811232 -0.558389 0.173505 -0.482534 0.806895 0.340707 -0.330247 0.192671 -0.924021
1.077292 -43.777510 1585.354536 -405.405870 -0.829209 -0.527454 0.184946 -0.460878 0.832426 0.307667 -0.316234 0.169883 -0.933347
181.388750 -63.006397 -52827.035449 -6907.457051 0.380336 0.559029 -0.736771 0.273040 0.693260 0.666963 0.883625 -0.454838 0.111035
713.649037 -1052.378428 -257257.724139 549251.325699 -0.242890 0.516514 -0.821108 -0.591388 0.592119 0.547407 0.768937 0.618553 0.161640
0.400832 -149.652532 423.557197 -7810.107033 0.789024 -0.363736 -0.495114 0.502925 -0.080455 0.860577 0.352857 0.928021 -0.119451
2.434953 -136.448834 1338.511331 -1003.809793 0.797249 -0.359958 -0.484587 0.558561 0.135466 0.818327 0.228918 0.923082 -0.309058
1.637983 -144.561568 1328.809065 -7629.467994 0.794324 -0.366261 -0.484667 0.506692 -0.040684 0.861167 0.335130 0.929622 -0.153265
48.199936 -504.486312 16699.244247 172658.946127 -0.276829 0.135235 0.951355 0.883495 0.425168 0.196645 -0.377893 0.894954 -0.237179
54.147150 -978.876295 42945.738421 335831.591175 0.016579 0.101995 0.994647 0.854418 0.515238 -0.067076 -0.519321 0.850956 -0.078604
67.969064 -462.647256 17923.872048 72208.947284 -0.163297 0.173994 0.971113 0.556621 0.828949 -0.054925 -0.814560 0.531573 -0.232214
6.179423 -342.854241 17197.216483 108496.072795 -0.106924 0.183338 0.977218 0.987640 0.132878 0.083135 -0.114609 0.974028 -0.195280
85.654712 -1128.931385 -16427.397941 419806.652428 -0.435321 0.295226 0.850492 0.755259 0.633919 0.166528 -0.489980 0.714835 -0.498930
47.274871 -341.215175 14824.808675 28610.950276 -0.468890 0.305671 0.828678 0.864004 0.353552 0.358466 -0.183408 0.884062 -0.429878
-1157.206190 -7072.628902 1021241.787035 -7408559.590559 0.475245 -0.500043 -0.723947 0.710194 0.703726 -0.019860 0.519391 -0.504705 0.689569
62.440570 -8735.960689 -8859.096716 31235657.560313 0.782729 0.006170 -0.622332 -0.595501 -0.283179 -0.751790 0.180870 -0.959047 0.217978
-741.995274 -2029.791480 217512.624428 4351040.670725 -0.866294 0.310065 0.391656 0.045503 0.829763 -0.556258 -0.497458 -0.464062 -0.732927
99.870944 -3828.469893 32407.020308 1112228.016884 0.765835 -0.091691 -0.636466 -0.636810 0.029264 -0.770465 -0.089270 -0.995357 0.035978
-454.139403 -4893.323878 -69483.426254 -24486051.558545 0.830561 -0.162468 -0.532702 0.475174 -0.292161 0.829971 0.290478 0.942468 0.165457
-738.570998 -2363.268117 332891.174356 -594416.367613 -0.783660 0.278414 0.555304 0.353840 0.934803 0.030664 -0.510562 0.220518 -0.831082
-11.939585 -33.178080 -3949.549524 5856.243367 0.112111 -0.784759 0.609577 0.986358 0.013474 -0.164060 0.120534 0.619654 0.775564
-5.556330 -44.521364 -2573.890276 10117.227434 0.170820 -0.777883 0.604746 0.981825 0.082866 -0.170742 0.082705 0.622921 0.777900
-12.922957 -42.635947 -2920.983586 5851.568789 0.078880 -0.803555 0.589981 0.995444 0.031691 -0.089927 0.053564 0.594386 0.802394
-22.580937 -34.735690 -4122.168268 3691.737144 -0.056104 -0.801798 0.594955 0.992760 -0.108190 -0.052186 0.106210 0.587720 0.802063
34.170196 10.968758 1606.654737 4756.805698 0.529556 -0.672705 0.516757 0.808335 0.584906 -0.066936 -0.257226 0.453159 0.853511
32.309257 7.774944 -4769.722874 3367.255229 0.489408 -0.629257 0.603751 0.811619 0.581921 -0.051404 -0.318990 0.515173 0.795514
32.607088 5.465654 -4179.468642 -948.041274 0.460706 -0.662906 0.590174 0.819155 0.573552 0.004780 -0.341664 0.481242 0.807262
32.457550 7.450982 1710.669575 3693.928930 0.530991 -0.675554 0.511543 0.806606 0.587953 -0.060809 -0.259683 0.444903 0.857103
36.012995 9.747093 1989.699781 -1671.871920 0.515590 -0.682811 0.517626 0.803697 0.594827 -0.015888 -0.297049 0.424206 0.855459
31.835392 6.265723 6514.936274 -2646.056999 0.602385 -0.677190 0.422547 0.758355 0.650719 -0.038247 -0.249059 0.343480 0.905534
31.007158 9.886428 6647.318769 3909.510282 0.569025 -0.705045 0.423227 0.794950 0.603316 -0.063753 -0.210391 0.372721 0.903778
-15.985391 -88.559631 2829.981734 439.556876 0.689899 0.714096 -0.118770 0.685787 -0.592177 0.423110 -0.231808 0.373354 0.898261
-16.184422 -90.732886 -2288.240399 624.583167 -0.681289 -0.718151 0.141792 0.721004 -0.624862 0.299501 -0.126486 0.306279 0.943501
-17.199480 -89.684299 2129.705604 798.938784 0.691980 0.707939 -0.141371 0.675718 -0.566229 0.472006 -0.254103 0.422145 0.870187
-16.517781 -90.741653 -1487.232629 1034.811172 -0.675447 -0.729211 0.109647 0.729955 -0.640099 0.239664 -0.104581 0.241917 0.964644
-16.813022 -89.402879 2465.762904 201.197386 0.701060 0.701708 -0.126970 0.628313 -0.523625 0.575360 -0.337250 0.483139 0.807985
-5.068796 -30.937179 -2132.707136 959.383927 0.802935 0.586704 -0.105231 0.390148 -0.650768 -0.651372 0.450644 -0.481954 0.751426
-1.790283 -31.936146 -734.228773 -74.199093 0.779740 0.622041 -0.071212 0.437497 -0.622680 -0.648742 0.447886 -0.474695 0.757669
-1.647818 -30.462599 -906.691962 -515.747592 0.789373 0.607783 -0.086550 0.400997 -0.617204 -0.676950 0.464857 -0.499660 0.730923
16.897102 -187.762254 1176.592511 28134.136785 0.696940 0.694828 -0.177450 -0.400141 0.582127 0.707825 -0.595115 0.422306 -0.683737
18.097359 -200.602768 1876.626104 36061.237194 0.682068 0.695928 -0.224649 -0.350738 0.580871 0.734555 -0.641690 0.422224 -0.640282
17.555262 -228.631888 2099.370663 29264.691904 0.646049 0.742710 -0.176074 -0.603228 0.638141 0.478427 -0.467692 0.202875 -0.860294
18.585285 -190.615217 -1098.097877 17528.746600 0.666638 0.727066 -0.164221 -0.608721 0.658188 0.442998 -0.430177 0.195355 -0.881354
16.860161 -160.655182 -973.641346 10522.666677 0.699974 0.698062 -0.150819 -0.488516 0.622053 0.611883 -0.520950 0.354625 -0.776436
15.177185 -147.313587 768.958268 8397.094920 0.729245 0.661792 -0.173876 -0.308006 0.544394 0.780236 -0.611011 0.515428 -0.600832
-32.802663 -155.603377 -8092.371842 -44621.106173 0.475703 -0.180374 -0.860913 0.738737 -0.449357 0.502341 -0.477467 -0.874953 -0.080511
2.282897 -78.089812 -498.947464 -3237.931896 0.651040 -0.197055 -0.733019 -0.635707 0.386134 -0.668414 -0.414757 -0.901149 -0.126119
4.275574 -54.920207 -1113.993877 4543.777373 0.744177 -0.279940 -0.606493 -0.488099 0.391961 -0.779824 -0.456026 -0.876356 -0.155050
-31.484166 -60.608999 -553.411300 -15305.129623 0.277788 -0.005967 -0.960624 0.819175 -0.520860 0.240120 -0.501783 -0.853621 -0.139800
-11.399111 -43.705620 -7001.974845 -954.561106 0.547640 0.779611 -0.303805 0.679947 -0.626260 -0.381405 0.487609 -0.002302 0.873059
-18.165930 -46.696735 402.753713 -2642.070252 0.690610 0.575378 -0.438176 -0.538309 0.813560 0.219874 0.482993 0.084027 0.871583
-18.132396 -43.250266 -2516.860563 -2237.950553 0.648328 0.666478 -0.368074 -0.626489 0.741712 0.239529 0.432646 0.075301 0.898414
73.730384 -108.072572 1623.045981 6614.815006 0.478035 0.873991 -0.087299 0.323864 -0.083002 0.942456 -0.816452 0.478800 0.322733
62.233690 -86.530008 -4613.377697 7239.262611 0.347145 0.936600 -0.047650 0.425071 -0.111852 0.898222 -0.835946 0.332068 0.436951
69.648265 -95.461180 -4297.976865 11910.837633 0.258090 0.960368 -0.105273 0.342676 0.010883 0.939391 -0.903307 0.278522 0.326287
-0.868410 -49.089636 1013.968569 2808.060460 0.392938 0.015782 -0.919430 -0.336729 0.932875 -0.127895 0.855695 0.359853 0.371876
-4.023488 -53.767048 -216.733814 291.346683 0.387911 0.072961 -0.918805 -0.224234 0.974382 -0.017295 0.894005 0.212736 0.394334
-1.207916 -50.288264 -1054.947892 1879.655226 0.410620 0.062670 -0.909650 -0.361775 0.926946 -0.099446 0.836965 0.369923 0.403295
-13.948857 -84.993411 -879.343132 -321.437994 -0.728219 -0.200493 0.655362 -0.135537 0.979497 0.149049 -0.671808 0.019715 -0.740462
-9.073727 -81.764076 1102.018634 4931.420468 -0.686617 -0.208521 0.696475 -0.194691 0.975734 0.100195 -0.700466 -0.066802 -0.710552
-11.449148 -83.616324 -119.881440 -1519.732845 -0.698340 -0.217548 0.681904 -0.147040 0.975976 0.160781 -0.700500 0.012012 -0.713552
-10.743521 -85.484168 2143.410723 560.316377 -0.673523 -0.245255 0.697293 -0.206721 0.968206 0.140868 -0.709671 -0.049267 -0.702808
4.331330 -69.826800 -845.187863 -4387.287875 -0.786267 0.154536 -0.598250 0.113926 0.987877 0.105452 0.607293 0.014758 -0.794341
3.069486 -71.601959 -996.631662 -5168.758364 -0.784630 0.157773 -0.599553 0.059107 0.981708 0.180985 0.617140 0.106568 -0.779603
3.664987 -93.452093 -29.312023 -11261.056439 -0.795080 0.164159 -0.583866 0.009756 0.966011 0.258317 0.606426 0.199687 -0.769658
3.371048 -72.426281 1396.314363 -4826.711271 -0.801784 0.154099 -0.577404 0.103825 0.987409 0.119350 0.588526 0.035744 -0.807688
-12.686376 -46.282763 -491.064312 5191.250728 0.151905 -0.141932 -0.978151 -0.426851 0.883171 -0.194440 0.891472 0.447062 0.073575
-5.697471 -38.419852 2160.523924 2547.803468 0.080480 -0.051588 -0.995420 -0.453075 0.887634 -0.082633 0.887832 0.457650 0.048064
-9.391539 -41.237948 2282.544032 -3052.807330 0.068067 0.007568 -0.997652 -0.492850 0.869695 -0.027028 0.867448 0.493532 0.062927
-10.903824 -54.179553 -76.702993 8551.517612 0.174117 -0.211414 -0.961763 -0.347699 0.900573 -0.260910 0.921297 0.379833 0.083297
-10.409333 -52.483355 -1167.212807 7571.656299 0.189402 -0.152616 -0.969967 -0.365517 0.905892 -0.213907 0.911331 0.395054 0.115794
-27.114517 -45.537270 -6570.986390 1366.861488 0.626949 0.328339 -0.706490 0.678098 -0.676463 0.287370 -0.383559 -0.659236 -0.646754
-18.781478 -35.833247 -3872.568043 1558.656401 0.527850 0.371502 -0.763780 0.778592 -0.570967 0.260368 -0.339366 -0.732109 -0.590633
-14.895855 -39.028164 -4509.316264 -2461.723546 0.676542 0.237318 -0.697116 -0.624655 0.686281 -0.372590 -0.389995 -0.687530 -0.612541
-24.943610 -40.738660 -5350.979172 -554.200131 0.360849 0.500590 -0.786891 0.877218 -0.468665 0.104124 -0.316665 -0.727848 -0.608244
-12.400890 -44.406769 -5139.152109 -3034.571943 0.736755 0.157570 -0.657543 -0.514807 0.761189 -0.394417 -0.438367 -0.629097 -0.641929
-22.830241 -49.721713 -6847.317264 -2594.259172 0.743879 0.188142 -0.641285 -0.503299 0.789019 -0.352334 -0.439697 -0.584852 -0.681627
-43.722142 -55.221848 -9290.808481 -1488.706255 0.739104 0.266247 -0.618739 -0.535623 0.789305 -0.300177 -0.408452 -0.553272 -0.725986
41.934865 -30.060690 -15043.659717 3981.656020 0.668293 0.331829 -0.665788 0.710534 -0.549763 0.439206 -0.220284 -0.766584 -0.603179
67.317812 -39.989374 -14621.003028 -4622.820909 0.752659 0.400600 -0.522517 -0.653489 0.551373 -0.518594 -0.080353 -0.731784 -0.676784
64.838140 -35.624331 -19834.278596 -357.501131 0.612657 0.439567 -0.656835 0.747706 -0.591649 0.301474 -0.256098 -0.675819 -0.691145
-1.672089 -84.924390 8.232319 -4406.137356 0.242282 0.103835 -0.964634 0.505277 0.835275 0.216818 0.828248 -0.539939 0.149907
-3.698857 -86.954721 1300.324769 -4182.102471 0.262143 0.164365 -0.950928 0.605581 0.739201 0.294710 0.751367 -0.653120 0.094240
-4.073279 -101.972860 1175.149732 -5113.983970 0.210894 0.071139 -0.974917 0.478794 0.861999 0.166473 0.852220 -0.501893 0.147730
-3.722176 -94.981516 -203.055500 -2760.046752 0.209520 0.036515 -0.977122 0.389641 0.913417 0.117683 0.896818 -0.405383 0.177151
-2.828527 -86.116266 -1587.107410 -1920.301961 0.241616 0.042984 -0.969420 0.399383 0.906075 0.139717 0.884373 -0.420928 0.201755
0.490917 -170.176617 1772.145113 -1605.641426 -0.168292 0.098807 0.980773 0.737548 -0.647488 0.191788 0.653988 0.755643 0.036092
4.826134 -179.435636 769.845644 4742.456716 0.130477 -0.058842 -0.989704 -0.548286 0.827421 -0.121477 0.826050 0.558491 0.075696
5.421097 -184.219482 -1438.421013 11233.926538 0.196703 -0.117376 -0.973412 -0.553767 0.805992 -0.209091 0.809105 0.580172 0.093542
0.333295 -191.982906 -2539.352285 22188.129083 0.271643 -0.201750 -0.941014 -0.569307 0.754667 -0.326140 0.775951 0.624319 0.090142
-2.843177 -164.232814 1541.153066 -8386.193686 -0.210778 0.156551 0.964917 0.710082 -0.653880 0.261199 0.671830 0.740225 0.026660
0.010194 -6815.790972 1013.977102 -3108046.893321 0.636186 -0.701367 0.321483 -0.444799 0.007051 0.895603 0.630413 0.712766 0.307482
-61.116104 -977.581594 4842.646424 -390197.555809 0.579774 -0.726376 0.369107 -0.468583 0.073348 0.880369 0.666552 0.683373 0.297842
70.969936 -2880.405064 9891.016600 1135754.226599 -0.431787 0.678377 -0.594445 0.323639 -0.498639 -0.804125 0.841913 0.539597 0.004243
-35.104953 -1012.813705 11796.785393 394489.257847 -0.536429 0.667419 -0.516523 0.311174 -0.412494 -0.856166 0.784484 0.620000 -0.013590
117.989639 -3238.507692 -86212.057939 -1456375.636838 0.651711 -0.615348 0.443419 -0.524609 0.056514 0.849466 0.547776 0.786227 0.285986
242.981819 -8057.462403 3012.321716 -6993795.553098 -0.818221 0.565288 0.104713 0.564739 0.824408 -0.037692 -0.107633 0.028296 -0.993788
52.800694 -5930.638345 -30865.173017 7620267.217759 0.884846 -0.429987 -0.179327 0.443353 0.658921 0.607669 0.143127 0.617199 -0.773680
286.389279 -21407.175751 -77308.098040 -42879541.832081 0.905412 -0.353336 -0.235334 -0.001508 0.551656 -0.834070 -0.424531 -0.755532 -0.498943
-794.213052 -12642.341362 -250326.607223 -3041136.150813 0.795887 -0.537650 -0.278381 0.573058 0.817328 0.059821 -0.195366 0.207139 -0.958606
-153.959448 -12461.206153 -95203.661317 22322221.018365 0.854204 -0.406337 -0.324385 -0.367506 -0.030522 -0.929520 -0.367797 -0.913214 0.175403
1.530721 -23.461404 -4662.525832 -4185.043901 -0.595622 0.553517 -0.582111 0.771389 0.192025 -0.606700 -0.224039 -0.810398 -0.541352
-6.957307 -15.097051 -4536.075055 -3714.317617 -0.485597 0.560508 -0.670841 0.836204 0.074093 -0.543390 -0.254869 -0.824828 -0.504678
-12.037175 -21.849234 -2189.658081 -3255.994673 -0.347605 0.604048 -0.717145 0.902835 0.009166 -0.429890 -0.253101 -0.796895 -0.548542
2.825299 -10.764546 -6067.457030 -5960.736404 -0.615087 0.524539 -0.588665 0.741617 0.131385 -0.657832 -0.267717 -0.841188 -0.469820
11.483740 -19.105957 -2981.935200 -6931.651102 -0.669054 0.557974 -0.490950 0.682837 0.200688 -0.702466 -0.293430 -0.805226 -0.515276
14.379056 -30.994185 -3859.344835 -2028.001640 -0.646130 0.563312 -0.514972 0.737603 0.287506 -0.610969 -0.196108 -0.774610 -0.601266
6.183772 -36.302980 -5216.389731 -3492.314588 -0.591485 0.550634 -0.589023 0.792121 0.260346 -0.552055 -0.150631 -0.793110 -0.590159
-31.283018 -55.537715 -488.340501 -4251.919123 0.857726 -0.506465 -0.088307 0.511665 0.857686 0.050735 -0.050045 0.088700 -0.994800
-27.766129 -53.262131 1669.898310 3414.237291 0.883979 -0.466709 -0.027630 0.463966 0.868433 0.174811 0.057591 0.167349 -0.984214
-29.308748 -53.173623 -1084.718688 -4478.620816 -0.919665 0.392574 0.010068 0.392607 0.919705 0.001472 -0.008682 0.005306 -0.999948
-28.318662 -53.892225 -1273.966563 3795.448915 0.770823 -0.621191 -0.141260 0.637023 0.749565 0.179873 0.005852 0.228636 -0.973494
-29.274648 -55.094975 -2761.312556 -1804.465783 0.730053 -0.656867 -0.188542 0.678754 0.729041 0.088272 -0.079472 0.192417 -0.978090
-30.958481 -50.830088 1512.328688 -6253.322719 -0.809591 0.562479 0.167869 0.569424 0.822004 -0.008093 -0.142541 0.089037 -0.985776
-10.946446 -50.955664 2213.718132 22.671055 0.017396 0.481433 -0.876310 -0.725981 0.608723 0.320012 0.687495 0.630617 0.360101
-14.309043 -49.376587 248.788028 1149.946084 -0.014566 -0.495067 0.868732 0.798130 -0.529113 -0.288145 0.602309 0.689164 0.402835
-15.537347 -51.014627 930.002698 848.558715 -0.018928 0.528849 -0.848505 -0.754555 0.549232 0.359153 0.655964 0.647042 0.388650
-8.785476 -65.446888 105.182980 1401.530441 0.274998 0.141942 -0.950909 -0.377528 0.925545 0.028976 0.884222 0.351027 0.308110
-9.835082 -65.710232 -847.032164 1210.964259 0.275133 0.133713 -0.952062 -0.363161 0.931367 0.025858 0.890177 0.338638 0.304809
-10.099623 -63.672450 -789.068544 -1129.784986 0.281914 0.140603 -0.949081 -0.477794 0.878393 -0.011793 0.832008 0.456790 0.314811
-8.923067 -69.017985 -289.254348 3561.391086 0.271722 0.125914 -0.954103 -0.243140 0.968223 0.058533 0.931155 0.216076 0.293702
-8.575090 -62.950277 -322.373229 -905.569989 0.290512 0.145398 -0.945760 -0.492036 0.870402 -0.017327 0.820672 0.470382 0.324403
-7.721719 -69.598049 -399.725013 3249.132411 0.282742 0.154829 -0.946617 -0.227394 0.969573 0.090664 0.931852 0.189620 0.309347
-19.660390 -59.625824 3876.040297 2526.373812 0.642753 0.549885 -0.533380 0.388199 0.366446 0.845588 -0.660431 0.750562 -0.022069
-20.346025 -59.289473 300.010011 7248.995385 -0.545363 -0.517587 0.659305 0.588458 0.323717 0.740894 -0.596905 0.792030 0.128035
-20.263978 -62.237625 1699.113692 853.293836 0.623075 0.502715 -0.599212 0.428730 0.421247 0.799213 -0.654193 0.754870 -0.046939
-17.170743 -60.085402 2382.342218 -7054.963749 0.665112 0.549444 -0.505705 0.228903 0.494600 0.838436 -0.710795 0.673411 -0.203195
9.451399 -193.788314 1133.074067 20719.506219 0.902689 -0.237610 0.358740 -0.407389 -0.203552 0.890281 0.138518 0.949794 0.280544
8.778195 -158.388235 1750.383669 10298.614142 0.912211 -0.241045 0.331312 -0.399730 -0.346110 0.848778 0.089923 0.906700 0.412078
12.028363 -160.237750 3339.928237 6419.356813 0.913821 -0.237322 0.329559 -0.403384 -0.436431 0.804245 0.047035 0.867875 0.494551
14.420475 -169.221873 1749.407952 4496.736340 0.903572 -0.215853 0.370088 -0.428018 -0.416612 0.802019 0.018935 0.883087 0.468828
-14.060013 -470.167665 -5907.589965 24522.987165 0.973348 -0.189426 -0.129271 0.084988 0.821493 -0.563849 -0.213003 -0.537835 -0.815698
-4.298804 -445.540195 8914.139931 60803.166927 -0.972263 0.201312 0.119071 0.178757 0.967884 -0.176767 -0.150833 -0.150579 -0.977024
-58.762275 -879.708333 -2389.709328 205066.495451 0.978656 -0.054799 -0.198064 -0.040011 0.894539 -0.445195 -0.201572 -0.443618 -0.873254
-77.916936 -1285.014258 15854.401717 -350889.511207 0.995045 -0.071461 -0.069127 -0.012486 0.599949 -0.799941 -0.098638 -0.796841 -0.596084
-62.403306 -573.933505 -7794.284126 27508.504766 0.961637 -0.081372 -0.261980 -0.181397 0.527789 -0.829779 -0.205791 -0.845468 -0.492781
-42.573625 -488.853892 -5040.785385 18340.771774 0.963312 -0.137358 -0.230572 -0.122370 0.539820 -0.832839 -0.238864 -0.830498 -0.503206
37.653030 -49.431882 -1933.684288 11334.011154 -0.427134 0.374962 -0.822776 0.848514 -0.148149 -0.508012 -0.312379 -0.915126 -0.254881
106.259352 -640.164770 -12916.687403 342770.018607 -0.395021 0.414842 -0.819674 0.853401 -0.164606 -0.494583 -0.340097 -0.894881 -0.289003
54.433675 -84.160075 -6457.495449 31017.445892 -0.563904 0.307326 -0.766526 0.779422 -0.108742 -0.616990 -0.272970 -0.945371 -0.178217
27.816213 -73.197538 16229.013002 19789.873157 -0.250259 0.494899 -0.832133 0.905229 -0.185250 -0.382417 -0.343411 -0.848974 -0.401637
-22.629106 -40.873549 -2188.495744 -1428.410978 -0.063270 -0.539388 0.839677 0.995609 0.024051 0.090469 -0.068993 0.841714 0.535498
-20.110609 -40.699323 -1842.798855 -675.694986 -0.057444 -0.505817 0.860726 0.994007 0.051345 0.096512 -0.093011 0.861112 0.499836
-22.041051 -38.886013 -1116.083874 -1015.374453 -0.116807 -0.562099 0.818780 0.980762 0.064547 0.184227 -0.156404 0.824547 0.543746
-55.474522 -83.146152 -807.061611 -3715.482685 0.874284 0.457938 0.160996 0.297533 -0.243499 -0.923137 0.383538 -0.854986 0.349139
-47.656363 -77.938719 -1118.845160 -3719.573543 0.956758 0.221788 -0.188211 -0.097603 -0.364746 -0.925977 0.274020 -0.904307 0.327327
33.363217 -80.022667 -8028.246024 10749.278700 0.741078 0.448344 0.499792 -0.488208 0.870844 -0.057298 -0.460930 -0.201540 0.864248
40.020664 -81.519730 -7315.333058 7681.807031 0.702126 0.585975 0.404539 -0.566891 0.803799 -0.180395 -0.430875 -0.102670 0.896552
55.520611 -96.599220 -7773.790091 8676.251170 0.725292 0.523990 0.446525 -0.604626 0.794989 0.049188 -0.329209 -0.305657 0.893418
45.468471 -94.437614 -9637.188319 11742.223656 0.757521 0.373958 0.535086 -0.509588 0.851046 0.126650 -0.408021 -0.368614 0.835250
39.018407 -170.796844 -21801.945868 15548.659748 0.904486 0.348670 -0.245631 -0.359869 0.314799 -0.878292 0.228910 -0.882797 -0.410206
43.963157 -140.684387 33291.795606 44187.025802 0.697788 0.716252 0.008626 -0.480117 0.476609 -0.736431 0.531582 -0.509732 -0.676457
72.272076 -305.187970 1663.933366 202212.882071 0.881719 0.437549 -0.176413 -0.466279 0.751319 -0.467016 0.071800 -0.494035 -0.866472
33.249701 -678.074403 -55101.367238 283216.511159 0.855700 0.360864 -0.370884 -0.512445 0.690589 -0.510378 -0.071951 -0.626788 -0.775860
84.073555 -36.818222 -13294.057840 -939.902097 0.612118 0.771820 -0.172060 -0.451083 0.162097 -0.877638 0.649488 -0.614832 -0.447378
80.527488 -43.685812 10269.597742 -831.515968 0.419643 0.907261 -0.027888 -0.477620 0.194582 -0.856748 0.771867 -0.372848 -0.514981
89.985737 -40.838323 -13549.511509 -1078.555072 0.578658 0.784169 -0.224128 -0.545534 0.167879 -0.821102 0.606257 -0.597407 -0.524936
72.191397 -39.698815 4663.350754 826.413538 0.488793 0.871928 -0.028688 -0.410972 0.201130 -0.889184 0.769535 -0.446417 -0.456649
69.243942 -34.850629 -12178.301695 -261.611023 0.666005 0.732637 -0.140291 -0.355394 0.146290 -0.923198 0.655846 -0.664713 -0.357804
33.368579 -52.400857 -2809.546566 -880.683634 0.802775 0.590960 -0.079486 -0.516773 0.756029 0.401704 0.297484 -0.281401 0.912314
35.155221 -51.185289 -3225.655943 1178.327384 0.790969 0.608276 -0.066089 0.492626 -0.697172 -0.520837 0.362888 -0.379409 0.851094
37.353658 -52.727715 3548.898802 677.915700 0.810790 0.581879 -0.063528 0.510176 -0.755711 -0.410634 0.286948 -0.300528 0.909585
35.151593 -50.526854 -4332.213121 -849.091316 0.767484 0.628109 -0.128248 -0.520258 0.727148 0.447870 0.374566 -0.277011 0.884853
33.879852 -52.507182 2797.949468 338.608853 0.807849 0.583517 -0.082998 -0.541723 0.790593 0.285479 0.232199 -0.185663 0.954784
32.923011 -52.017716 -2273.284989 -579.976477 0.792809 0.599069 -0.112119 -0.546469 0.780178 0.304456 0.269863 -0.180106 0.945905
-8.720587 -57.632303 -157.624865 1220.335760 0.718800 0.681453 -0.137654 -0.692300 0.719731 -0.052030 -0.063618 -0.132697 -0.989113
-9.324581 -59.526107 -455.047366 -6212.040874 0.700550 0.703823 -0.117738 0.712888 -0.697643 0.071311 -0.031949 -0.133891 -0.990481
-8.988943 -53.561735 539.363184 -6789.905672 0.576755 0.746455 -0.331901 0.102921 -0.469443 -0.876944 0.810408 -0.471622 0.347579
22.117848 -78.684169 -3020.275349 -1476.729546 0.715282 0.698210 -0.029565 0.470293 -0.512222 -0.718646 0.516910 -0.500131 0.694747
25.832266 -78.386712 -2880.434298 4290.300718 0.700914 0.708400 -0.083004 0.467302 -0.544020 -0.696901 0.538840 -0.449680 0.712348
21.417409 -84.068630 304.213267 -10430.823048 0.670090 0.733323 -0.114963 0.426941 -0.507464 -0.748466 0.607207 -0.452457 0.653133
26.937588 -79.560246 2383.724612 2325.791421 0.652105 0.734082 -0.189425 0.453904 -0.578169 -0.678006 0.607232 -0.356151 0.710230
18.869264 -110.707055 -9122.685923 6398.065352 0.782447 0.622119 0.027276 -0.596407 0.761266 -0.254504 0.179096 -0.182868 -0.966687
251.470773 -58.245857 -91611.505034 -5315.581040 0.651685 0.640120 -0.406882 0.316257 0.258264 0.912843 -0.689412 0.723565 0.034136
171.444177 -51.035131 -69359.507160 -1020.445463 0.694180 0.691867 -0.198582 0.188059 0.091976 0.977842 -0.694801 0.716143 0.066264
353.089270 -37.283997 -132733.543087 923.233930 0.718333 0.680880 -0.142831 0.231923 -0.040805 0.971878 -0.655904 0.731257 0.187224
273.021415 -47.286504 -104404.215667 1655.343945 0.699631 0.707915 -0.096816 0.187006 -0.050647 0.981052 -0.689598 0.704480 0.167818
-10.918579 -55.415914 16812.018259 327.886947 0.349667 0.790885 0.502230 -0.006383 0.538068 -0.842877 0.936852 -0.291521 -0.193193
-20.985118 -58.988378 -9809.622551 930.575977 -0.345491 -0.628167 -0.697167 0.229855 0.663638 -0.711865 0.909837 -0.406190 -0.084894
-32.965120 -64.728904 -9581.084231 1081.146193 -0.372290 -0.552037 -0.746094 0.221101 0.727984 -0.648964 0.901396 -0.406565 -0.148966
-38.597765 -68.667455 -5139.321280 260.817992 -0.281822 -0.321041 -0.904162 0.465308 0.778393 -0.421417 0.839086 -0.539478 -0.069986
-23.914964 -56.653492 -5866.239360 1065.599890 -0.312502 -0.545461 -0.777698 0.385888 0.675207 -0.628638 0.868005 -0.496555 -0.000517
1.536641 -91.036163 -1402.127257 -1518.752180 0.687985 0.700204 -0.190763 0.448871 -0.204017 0.869996 -0.570256 0.684172 0.454662
0.151059 -95.699080 -1069.207427 -3608.231882 0.690618 0.696228 -0.195737 0.489760 -0.251085 0.834920 -0.532148 0.672475 0.514389
-4.386628 -66.722142 -111.684702 4452.756700 0.724311 0.689453 -0.005400 -0.548119 0.580547 0.602105 -0.418258 0.433152 -0.798398
-3.885310 -61.171603 -662.793719 1141.803013 0.733490 0.679412 -0.019783 -0.502350 0.561481 0.657558 -0.457861 0.472375 -0.753144
26.602519 -35.350567 -11158.349788 736.139166 0.930918 0.288096 -0.224481 -0.359607 0.830428 -0.425526 -0.063822 -0.476855 -0.876662
40.393057 -32.343377 -10665.855620 423.586559 0.951295 0.249232 -0.181440 -0.298308 0.892695 -0.337800 -0.077780 -0.375472 -0.923564
13.152278 -38.358217 -8431.581127 2372.455362 0.868633 0.388517 -0.307458 -0.480520 0.811837 -0.331695 -0.120737 -0.435861 -0.891879
4.536022 -44.548000 -6135.614482 3899.884180 0.843625 0.440364 -0.307208 -0.534347 0.744649 -0.399962 -0.052634 -0.501574 -0.863512
6.517774 -45.457698 -8443.122913 4465.148961 0.839736 0.431115 -0.330127 -0.540610 0.720704 -0.433965 -0.050835 -0.542886 -0.838266
22.882461 -38.093468 -11614.214975 1906.786360 0.903054 0.344507 -0.256533 -0.428815 0.757494 -0.492261 -0.024735 -0.554544 -0.831787
1.317279 -135.648461 638.140815 -6038.035383 0.800962 -0.350599 -0.485325 0.541935 0.079988 0.836605 0.254493 0.933104 -0.254069
1.391494 -142.736194 -41.435020 2959.223065 0.823602 -0.321333 -0.467360 0.564106 0.378576 0.733802 0.058863 0.868001 -0.493062
1.289484 -128.372245 1158.366736 -2988.378614 0.806765 -0.347964 -0.477547 0.580778 0.318230 0.749284 0.108754 0.881845 -0.458826
82.577366 -1083.573654 35378.535781 437502.278437 0.041645 0.249057 0.967593 0.472767 0.848245 -0.238685 -0.880203 0.467386 -0.082421
57.246721 -4478.037925 108139.789124 2873399.071988 0.051150 0.230943 0.971622 0.755765 0.627028 -0.188824 -0.652842 0.743976 -0.142466
370.664339 -5016.812358 -35488.010649 2164637.646041 -0.265846 0.122766 0.956166 0.939160 0.256758 0.228152 -0.217494 0.958647 -0.183555
-0.184331 -68.010896 -4514.142707 2754.137228 0.630255 0.211159 -0.747122 0.683926 0.304448 0.662991 0.367456 -0.928829 0.047463
-10.390013 -69.038115 -3738.314703 1401.435612 0.581798 0.220362 -0.782912 0.729901 0.283217 0.622120 0.358826 -0.933396 0.003933
-7.076789 -63.106790 -4494.029895 4966.730085 0.619383 0.218561 -0.754053 0.657298 0.380872 0.650304 0.429329 -0.898425 0.092246
-4.212771 -51.703485 -2369.668593 5936.160365 0.135643 -0.793108 0.593785 0.990409 0.124438 -0.060037 -0.026274 0.596233 0.802381
0.628475 -51.759827 -2366.403680 10051.023719 0.205319 -0.769819 0.604336 0.978494 0.148960 -0.142688 0.019822 0.620636 0.783848
32.115628 1.748102 -2620.215069 2370.130534 0.540485 -0.620028 0.568719 0.786850 0.611839 -0.080749 -0.297898 0.491140 0.818559
-13.969842 -90.643970 227.628253 -632.776869 -0.687826 -0.709955 0.151191 0.711198 -0.617465 0.336056 -0.145229 0.338675 0.929628
-14.027198 -90.971983 -475.300216 -2175.650754 -0.678388 -0.718909 0.151524 0.734652 -0.661302 0.151548 -0.008746 0.214126 0.976767
-16.194303 -86.775980 -1804.508613 330.649927 -0.679499 -0.720836 0.136663 0.731990 -0.653447 0.192869 -0.049724 0.231090 0.971661
-4.077800 -32.595244 -1405.405252 782.624708 0.796440 0.598169 -0.088746 0.440276 -0.674188 -0.592982 0.414535 -0.433202 0.800310
-2.226495 -31.600046 505.740482 678.070585 0.757861 0.649741 -0.059013 0.490694 -0.627276 -0.604768 0.429960 -0.429373 0.794212
17.383806 -265.105078 1506.653059 49167.787833 0.649317 0.696417 -0.305599 -0.440404 0.671917 0.595460 -0.620025 0.252055 -0.742992
16.535561 -276.839544 933.811469 51884.782949 0.623485 0.742848 -0.243808 -0.453285 0.597535 0.661427 -0.637024 0.301875 -0.709276
11.086409 -195.564698 -2698.665933 28464.545472 0.634421 0.704410 -0.318301 -0.273076 0.589470 0.760234 -0.723145 0.395388 -0.566330
7.544822 -151.193741 -4848.715327 14631.891212 0.620007 0.695994 -0.362194 -0.095278 0.525003 0.845751 -0.778790 0.489862 -0.391818
3.277691 -181.719096 -3159.191909 21814.518576 0.642831 0.665700 -0.378962 -0.187247 0.616275 0.764947 -0.742770 0.420772 -0.520811
10.195595 -69.539389 -430.804914 508.862813 0.698824 -0.222493 -0.679810 -0.615869 0.296215 -0.730042 -0.363799 -0.928845 -0.069976
2.906775 -111.987891 -1777.408785 27325.053491 0.536011 -0.078660 -0.840539 0.755444 -0.399730 0.519154 -0.376825 -0.913252 -0.154836
2.567170 -131.941250 -3264.399901 -31737.510299 0.565034 -0.252983 -0.785325 0.716701 -0.321053 0.619083 -0.408749 -0.912647 -0.000092
-84.590020 -116.477691 29273.873356 -4591.630605 -0.900733 -0.261060 -0.347172 -0.096378 0.899437 -0.426291 0.423547 -0.350514 -0.835313
-37.212258 -125.588163 -12852.930783 27367.361594 0.738166 0.670542 0.074056 -0.488789 0.607259 -0.626357 0.464970 -0.426157 -0.776011
-33.353061 -88.803989 8378.708037 -5383.387052 -0.872760 -0.361659 -0.327861 -0.186632 0.867829 -0.460480 0.451064 -0.340699 -0.824904
-60.088909 -80.573804 -1525.641125 3631.602811 0.962563 0.056822 -0.265036 -0.236372 0.654527 -0.718138 -0.132667 -0.753900 -0.643454
-61.931203 -81.127236 -1529.293648 476.128764 0.935352 0.238156 -0.261531 -0.353343 0.595044 -0.721853 0.016291 -0.767596 -0.640726
-61.495288 -84.203079 -996.462900 -1820.514961 0.967163 0.070525 -0.244178 -0.246562 0.493484 -0.834075 -0.061675 -0.866891 -0.494668
-59.048062 -83.241481 -447.745058 1118.561578 0.959299 -0.082980 -0.269924 -0.182432 0.547508 -0.816672 -0.215553 -0.832676 -0.510086
-55.886402 -77.732053 -1020.738107 3976.309711 0.963648 -0.156970 -0.216199 -0.058657 0.665166 -0.744388 -0.260655 -0.730010 -0.631779
-36.756728 -163.932782 12905.764259 -62217.819006 0.985407 0.160378 0.057023 -0.167549 0.972978 0.158874 0.030003 0.166110 -0.985651
-39.758743 -87.945642 28640.885035 167.161126 -0.876596 -0.364712 0.313951 -0.154890 0.831510 0.533479 -0.455619 0.419017 -0.785389
-36.848652 -99.721826 -6881.755684 13492.774673 0.945551 0.288593 -0.150490 -0.117284 0.733426 0.669575 -0.303608 0.615467 -0.727339
-103.571968 -343.855534 22089.302240 -121755.756240 0.972782 0.189361 0.133558 -0.208573 0.966647 0.148631 0.100958 0.172442 -0.979832
60.745750 -42.405905 20866.600747 5541.268590 -0.784930 -0.091133 0.612845 0.101580 0.956811 0.272387 -0.611200 0.276058 -0.741772
34.866676 -52.496903 13998.947446 4061.561821 -0.781103 -0.118104 0.613130 0.028206 0.974272 0.223603 -0.623764 0.191951 -0.757676
194.567727 -55.222974 71540.949753 4905.232581 -0.811641 0.038150 0.582909 0.143268 0.980389 0.135321 -0.566315 0.193344 -0.801190
17.172057 -50.208594 -5475.903520 1609.242519 0.428221 0.903612 -0.010560 0.129839 -0.049958 0.990276 -0.894298 0.425428 0.138717
22.337151 -52.098217 -5399.980200 1991.422209 0.436672 0.898713 -0.040413 0.105559 -0.006575 0.994391 -0.893406 0.438489 0.097738
21.656906 -50.643425 -8354.749517 530.657713 0.426831 0.904329 0.002138 0.172143 -0.083570 0.981521 -0.887796 0.418575 0.191344
15.011029 -48.687261 -4066.726941 871.867983 0.443942 0.895971 0.012346 0.202951 -0.113961 0.972535 -0.872769 0.429243 0.232430
