17438
34857
-29.996175 -48.574473 -1514.012441 5703.551094 -0.344031 0.938938 -0.006227 0.115243 0.035642 -0.992698 0.931859 0.342237 0.120468
-40.402285 -65.391522 -1537.668818 6333.833161 -0.398742 0.883858 0.244541 0.156475 0.328319 -0.931516 0.903615 0.333170 0.269216
-43.422972 -69.521346 1048.634626 12411.347248 -0.375735 0.757597 0.533732 -0.040909 0.561812 -0.826253 0.925824 0.332287 0.180100
-33.703738 -55.561341 -1985.964257 4403.879202 -0.382199 0.915558 -0.125209 0.251110 -0.027496 -0.967568 0.889307 0.401245 0.219397
-25.336909 -48.650836 -2569.495407 10097.633751 -0.290994 0.870517 0.396891 -0.111693 0.381096 -0.917764 0.950183 0.311394 0.013666
-19.675023 -36.042561 -487.468523 4660.940972 -0.289517 0.889179 -0.354317 0.118252 -0.334108 -0.935087 0.949840 0.312622 0.008417
-21.253686 -40.921748 419.854971 1593.294932 -0.290556 0.778873 -0.555819 0.243157 -0.501709 -0.830158 0.925447 0.376359 0.043614
-27.448491 -45.196856 174.261271 2742.075971 -0.325580 0.821143 -0.468744 0.294938 -0.382819 -0.875478 0.898337 0.423289 0.117548
7.436622 -105.720113 -2687.836223 10858.247504 0.147308 0.915650 0.374013 -0.798928 0.333079 -0.500772 0.583108 0.225042 -0.780603
14.799449 -103.372614 -4018.825585 6464.641464 0.190639 0.882372 0.430205 -0.805511 0.391091 -0.445197 0.561079 0.261662 -0.785318
15.707589 -92.437828 -4047.309631 10867.327251 0.159865 0.909731 0.383187 -0.891316 0.299863 -0.340056 0.424264 0.287178 -0.858795
10.247893 -91.572978 -1226.224201 14041.607578 0.098177 0.931902 0.349172 -0.899220 0.233386 -0.370046 0.426338 0.277652 -0.860898
17.021429 -73.780657 -1615.449660 10334.674992 0.095066 0.927887 0.360539 -0.943290 0.199688 -0.265196 0.318067 0.314882 -0.894250
-45.316931 -60.485555 -773.479355 6399.828579 0.005782 0.907539 0.419927 0.953521 -0.131520 0.271109 0.301271 0.398842 -0.866118
-40.899536 -50.758028 -1381.390517 -3843.841957 -0.119464 0.927588 0.353989 -0.910661 0.039658 -0.411247 0.395507 0.371493 -0.839980
-42.106048 -60.744397 -3450.694128 6041.729343 -0.220209 0.944953 0.242017 0.927917 0.126420 0.350696 0.300795 0.301798 -0.904677
-47.070900 -73.238587 -2985.522624 8289.111031 -0.127972 0.945483 0.299476 0.972539 0.060444 0.224755 0.194401 0.320014 -0.927254
-48.747955 -70.396592 1074.144722 4622.853889 -0.023518 0.888861 0.457574 0.986852 -0.052568 0.152836 0.159904 0.455152 -0.875938
133.180658 -78.138467 -27711.807026 13662.758475 -0.234867 0.244885 0.940675 0.791712 -0.513262 0.331291 0.563941 0.822553 -0.073330
136.525875 -55.589752 -38536.300458 7875.949769 -0.192871 0.327781 0.924857 0.722414 -0.590413 0.359903 0.664017 0.737545 -0.122920
113.861935 -80.153284 -6748.632838 11285.262139 -0.329824 0.102832 0.938425 0.792368 -0.510225 0.334400 0.513195 0.853871 0.086804
88.918280 -103.619691 -14072.583141 15393.775662 -0.197342 0.229192 0.953167 0.880632 -0.385767 0.275083 0.430747 0.893675 -0.125706
81.442767 -99.119312 -1875.599630 12216.332305 -0.363999 0.084384 0.927569 0.869725 -0.325574 0.370918 0.333291 0.941744 0.045118
129.203693 -56.508246 21358.559553 6224.260162 -0.500995 -0.096062 0.860102 0.737461 -0.567510 0.366175 0.452941 0.817743 0.355162
101.878409 -82.490368 19155.664439 9383.830374 -0.498649 -0.073073 0.863718 0.791717 -0.444065 0.419512 0.352891 0.893010 0.279286
18.086718 6.193206 4480.561483 -3335.643349 -0.247914 -0.367333 0.896440 0.207255 0.883794 0.419468 -0.946353 0.289784 -0.142974
15.622488 2.122510 3759.358604 -342.942084 -0.235974 -0.333790 0.912634 0.226144 0.894509 0.385633 -0.945079 0.297386 -0.135596
8.237929 2.834560 3335.669493 -711.933074 -0.271786 -0.569984 0.775403 0.152505 0.770042 0.619498 -0.950197 0.286624 -0.122361
10.595462 4.831709 -4866.134980 2234.966238 0.311306 0.878714 -0.361871 0.000561 0.380623 0.924730 -0.950309 0.288077 -0.117997
15.917256 -47.089251 6951.413001 -297.411909 0.100723 0.800141 0.591295 0.994707 -0.093137 -0.043409 0.020338 0.592537 -0.805286
29.042580 -48.230178 8747.978218 -144.994793 0.099119 0.814013 0.572327 0.986013 -0.157795 0.053666 0.133995 0.559002 -0.818268
14.968413 -47.202934 7204.207163 -68.461160 0.071096 0.799953 0.595836 0.986884 -0.143206 0.074508 0.144930 0.582724 -0.799642
2.348112 -46.238899 5635.060796 -362.061460 0.075068 0.796836 0.599515 0.996833 -0.075793 -0.024080 0.026251 0.599424 -0.800001
3.418264 -45.388284 5111.349445 -442.579485 0.106589 0.798080 0.593049 0.989856 -0.028822 -0.139121 -0.093936 0.601862 -0.793056
-1.177478 -54.963095 -490.124890 263.790790 -0.080719 0.980337 -0.180068 -0.973828 -0.039056 0.223907 -0.212471 -0.193428 -0.957832
-2.940216 -52.493242 -115.198797 157.857474 -0.149297 0.977400 -0.149668 -0.970656 -0.116012 0.210636 -0.188512 -0.176724 -0.966039
-4.553632 -53.730865 -498.405918 293.898296 -0.040901 0.981973 -0.184542 0.999133 0.041624 0.000046 0.007727 -0.184380 -0.982825
-11.308107 -64.624168 -891.090391 10303.739237 -0.246817 -0.932602 -0.263314 0.950585 -0.285809 0.121246 -0.188332 -0.220377 0.957061
-8.763876 -56.560748 -1040.864652 7783.854036 -0.290618 -0.928939 -0.229378 0.940640 -0.321292 0.109400 -0.175323 -0.183968 0.967170
-9.448946 -76.178902 1523.303098 9068.278919 0.238184 0.949062 0.206275 0.916730 -0.289831 0.274962 -0.320741 -0.123607 0.939067
119.854494 -48.340889 28202.492200 -2720.730556 -0.308357 0.944472 -0.113526 0.624044 0.290913 0.725216 -0.717973 -0.152780 0.679097
20.428492 -41.209852 3747.154514 -3476.613828 -0.255907 0.957531 -0.132835 0.700953 0.278425 0.656616 -0.665715 -0.074922 0.742436
93.147647 -59.640438 26419.052068 -6800.981142 -0.384607 0.900085 -0.204757 0.641165 0.420067 0.642223 -0.664067 -0.115721 0.738663
712.483066 -71.317383 245140.417415 4925.894401 -0.332233 0.942557 -0.034761 0.653725 0.256679 0.711870 -0.679901 -0.213782 0.701450
541.631018 -93.560023 217668.951194 2569.907297 -0.333565 0.928462 -0.163376 0.701308 0.360202 0.615160 -0.630001 -0.090619 0.771289
46.159274 -66.131231 19521.806327 -8765.241686 -0.491060 0.804803 -0.333395 0.615083 0.591344 0.521522 -0.616874 -0.051033 0.785406
15.495067 -43.005768 30759.329939 -2098.564018 0.043996 0.997436 -0.056434 0.941022 -0.022407 0.337603 -0.335473 0.067959 0.939595
-1.359973 -42.605751 20299.914031 466.289789 0.162061 0.986753 0.007432 0.904483 -0.151552 0.398675 -0.394520 0.057888 0.917062
-7.725282 -41.657198 16730.871461 -2022.928833 -0.015241 0.997120 -0.074289 0.931553 0.041155 0.361269 -0.363286 0.063698 0.929497
-5.958439 -44.797791 16663.540744 -2699.429404 -0.064561 0.993848 -0.089985 0.953591 0.088017 0.287953 -0.294102 0.067218 0.953408
26.407147 -45.886384 38834.389081 -2647.365424 0.000687 0.996751 -0.080546 0.964721 0.020545 0.262472 -0.263274 0.077885 0.961572
49.400103 -56.775743 -19279.460820 5476.890414 0.210854 0.827475 0.520410 -0.196443 0.557387 -0.806678 0.957576 -0.067860 -0.280078
70.106060 -61.781662 -21980.327922 14573.998928 0.133108 0.857346 0.497232 -0.167051 0.513926 -0.841412 0.976922 -0.028935 -0.211628
73.707226 -48.276346 -17001.295670 3205.144824 0.120573 0.824245 0.553248 -0.185012 0.566207 -0.803231 0.975312 0.005509 -0.220765
-11.247837 -233.370502 -1389.355193 -11549.884197 0.681418 0.657454 -0.321596 0.228407 0.226431 0.946868 -0.695341 0.718668 -0.004127
-10.414406 -232.663581 -2684.733808 14251.043824 0.670293 0.673491 -0.311636 0.434526 -0.015776 0.900521 -0.601576 0.739027 0.303223
-16.958709 -236.279501 -71.604991 -22387.913459 0.703288 0.631655 -0.326186 0.253915 0.205376 0.945171 -0.664013 0.747551 0.015948
-15.872027 -218.627441 450.035881 -32899.751962 0.711341 0.624212 -0.323038 0.044840 0.418372 0.907168 -0.701415 0.659791 -0.269615
-10.949575 -218.674918 -103.698951 -29728.119921 0.691803 0.646471 -0.321689 0.008022 0.438591 0.898651 -0.722042 0.624270 -0.298233
10.060133 -85.160086 -2143.751472 -5703.587437 -0.724030 -0.610846 0.320387 -0.420085 0.758905 0.497587 -0.547092 0.225678 -0.806077
6.278232 -84.795882 -1373.725499 3419.599699 -0.736890 -0.592701 0.325114 -0.457903 0.791421 0.404942 -0.497312 0.149527 -0.854589
7.658381 -84.277797 -2624.128721 -2158.689108 -0.752978 -0.577749 0.315009 -0.390424 0.777579 0.492890 -0.529711 0.248149 -0.811066
-6.409016 -196.217389 -1085.062957 -12732.619588 0.647996 0.644203 -0.406329 -0.363751 -0.206961 -0.908214 0.669169 -0.736321 -0.100220
-4.940022 -187.629557 -1193.764156 -16146.598739 0.646986 0.638622 -0.416618 -0.193061 -0.391380 -0.899749 0.737656 -0.662558 0.129924
-2.159594 -191.711124 -1648.805255 -13017.004700 0.655662 0.627932 -0.419296 -0.332589 -0.258359 -0.906992 0.677858 -0.734133 -0.039447
-1.585873 -80.705991 6487.006103 -722.674034 -0.709156 -0.464404 0.530496 0.064975 0.706173 0.705052 -0.702051 0.534461 -0.470612
1.400898 -76.261351 8151.907605 -158.656726 -0.704599 -0.504730 0.498786 -0.061541 0.743722 0.665650 -0.706932 0.438320 -0.555088
8.502153 -76.086947 9824.295501 -992.830987 -0.697528 -0.482893 0.529405 0.050799 0.703633 0.708745 -0.714755 0.521263 -0.466273
25.877178 -78.889831 -1409.686691 24430.510181 -0.720353 -0.556937 0.413416 -0.479679 0.830536 0.283051 -0.500999 0.005589 -0.865430
28.142914 -100.783187 -9696.534896 30756.648935 -0.731994 -0.566213 0.378928 -0.531270 0.822563 0.202834 -0.426540 -0.052840 -0.902924
21.337860 -76.197105 -10635.806551 21082.189389 -0.734604 -0.577906 0.355502 -0.498085 0.815111 0.295814 -0.460726 0.040236 -0.886630
11.008008 -2118.619584 29096.017371 1034569.354951 0.849758 0.524698 -0.051019 0.126349 -0.296666 -0.946586 0.511807 -0.797923 0.318390
-57.822296 -1068.582986 -8116.046985 355147.958390 0.877121 0.471628 0.090702 0.328384 -0.451126 -0.829849 0.350462 -0.757663 0.550567
-61.516855 -605.174901 5856.696296 218101.117295 0.819746 0.539302 0.192797 0.225867 0.004930 -0.974146 0.526309 -0.842098 0.117769
-58.305009 -776.202822 9971.778162 373022.401440 0.773575 0.609916 0.172000 0.147396 0.090802 -0.984901 0.616325 -0.787247 0.019657
-56.043409 -342.645955 6112.020909 141379.522692 0.758582 0.553026 0.344553 0.153428 0.362321 -0.919339 0.633256 -0.750258 -0.190000
-60.641029 -325.944610 3166.670815 122609.511799 0.795062 0.527355 0.299621 0.102054 0.370637 -0.923154 0.597880 -0.764542 -0.240861
48.316184 -1499.232500 -9349.781092 924183.770706 -0.735598 -0.515822 -0.439117 -0.141325 0.750812 -0.645220 0.662513 -0.412564 -0.625194
92.451047 -1112.675277 -70062.566116 -359313.744041 -0.526945 -0.186813 -0.829114 -0.014619 0.977392 -0.210931 0.849774 -0.099028 -0.517762
187.625052 -2441.291862 -98608.262963 1431462.600717 -0.735918 -0.497681 -0.459063 -0.444250 0.866585 -0.227315 0.510948 0.036654 -0.858830
58.767437 -1589.351261 23772.915998 540795.963304 -0.810394 -0.482863 -0.331821 -0.108361 0.680116 -0.725052 0.575778 -0.551621 -0.603485
-53.450732 -2328.714891 19250.699428 935371.863805 0.766632 0.618301 0.173145 0.037815 0.225713 -0.973460 0.640973 -0.752832 -0.149658
-28.716339 -34.107847 946.924672 2086.146718 0.171701 0.027773 -0.984758 0.176353 0.982589 0.058460 0.969236 -0.183703 0.163814
-26.096660 -32.379133 1859.212484 2898.034696 0.054949 -0.216013 -0.974843 0.172941 0.963621 -0.203779 0.983398 -0.157393 0.090307
-28.713731 -29.676517 4938.082010 930.396923 0.136732 0.979372 -0.148776 0.150572 -0.168989 -0.974049 0.979098 -0.110783 0.170572
-6.947824 -38.722228 839.096723 -1335.011290 0.298937 0.953697 0.033138 -0.784524 0.225843 0.577509 -0.543285 0.198636 -0.815712
-1.965784 -34.506145 2261.250754 -2320.741318 0.348543 0.937276 0.005549 -0.819501 0.301862 0.487132 -0.454902 0.174334 -0.873311
-8.477616 -38.409727 1512.745833 -1330.580074 0.229384 0.970690 0.071717 -0.821793 0.153661 0.548676 -0.521574 0.184794 -0.832954
17.550767 -3.314403 2714.032263 -7995.758609 0.539999 0.479584 -0.691665 0.172908 0.741042 0.648814 0.823714 -0.469953 0.317238
11.903215 2.569216 -2038.687965 -12188.566588 0.263744 -0.111513 -0.958125 0.472697 0.880793 0.027608 0.840831 -0.460184 0.285015
34.928035 0.658351 -13974.852791 -2367.689255 0.432158 0.899197 0.068441 0.307438 -0.075558 -0.948564 0.847774 -0.430970 0.309100
-11.714849 -89.535157 163.402922 -2149.890809 0.157206 0.973970 0.163305 -0.917224 0.205289 -0.341404 0.366042 0.096116 -0.925621
-12.263949 -95.789561 -238.638897 -1465.230726 0.158236 0.981056 0.111760 -0.975911 0.172607 -0.133433 0.150196 0.087954 -0.984736
-12.721195 -95.436036 -65.077489 -2376.734046 0.164017 0.973580 0.158870 -0.973457 0.185803 -0.133635 0.159623 0.132735 -0.978214
-2665.584113 -9340.872907 1473915.826694 6194598.855437 -0.462788 -0.230589 -0.855953 -0.583115 0.806455 0.098019 0.667686 0.544481 -0.507678
-383.672047 -3365.786017 349154.499036 2252498.294589 -0.809245 0.169821 -0.562391 0.142001 0.985465 0.093243 0.570051 -0.004404 -0.821598
-339.112711 -4022.231221 -179952.323538 -1288559.618451 0.929405 -0.235201 0.284406 -0.018972 0.739153 0.673271 0.368573 0.631137 -0.682510
15.699485 -95.355786 -3107.034706 121.862225 0.731208 -0.682037 -0.012650 0.438684 0.455948 0.774382 0.522390 0.571784 -0.632591
1.461678 -241.155931 -4997.610123 55010.884279 0.856104 -0.511126 0.076392 0.330682 0.655366 0.679076 0.397158 0.556098 -0.730082
23.473694 -82.439103 3568.407007 7399.419140 -0.667380 0.743311 0.045749 -0.574072 -0.474352 -0.667407 0.474389 0.471677 -0.743287
37.911111 -93.722095 4550.954389 12383.274977 -0.617565 0.784066 0.062086 -0.486888 -0.319111 -0.813086 0.617700 0.532362 -0.578824
38.353368 -74.516041 3369.121342 6895.170824 -0.533571 0.843214 0.065521 -0.632028 -0.346057 -0.693387 0.561999 0.411382 -0.717580
22.586155 -72.537991 1638.628679 3422.472703 -0.615889 0.787784 0.008730 -0.631841 -0.487293 -0.602763 0.470593 0.376751 -0.797872
-26.786094 -233.651750 9800.656068 -53722.333467 0.969183 -0.201031 0.142374 0.188428 0.232698 -0.954121 -0.158678 -0.951545 -0.263407
-79.736592 -278.469873 21958.344105 -68500.808040 0.973895 -0.218410 0.061860 0.129445 0.310473 -0.941728 -0.186476 -0.925151 -0.330640
-48.586597 -405.147100 15732.632674 -110151.496539 0.965330 -0.202840 0.164297 0.243712 0.474908 -0.845616 -0.093499 -0.856340 -0.507877
-48.996966 -62.143061 521.704470 -3255.999731 -0.515371 0.833936 -0.197342 0.818463 0.547237 0.175069 -0.253989 0.071292 0.964576
-50.952645 -67.578174 -476.099314 -7042.694488 -0.138795 0.990079 -0.021894 0.972376 0.140436 0.186446 -0.187671 -0.004589 0.982221
-53.316992 -68.241663 472.740818 -4616.283630 -0.390453 0.901568 -0.186338 0.908479 0.410094 0.080553 -0.149040 0.137832 0.979178
-50.152115 -65.607415 -344.348613 -3662.280424 0.635512 -0.703105 0.319011 0.738635 0.673961 0.013961 -0.224817 0.226760 0.947648
-45.251426 -60.644707 82.141816 -1638.041742 0.755616 -0.556564 0.345369 0.574724 0.816287 0.058041 -0.314224 0.154635 0.936670
-4.927398 -36.270546 9762.377564 517.422683 -0.671735 0.661130 -0.334185 0.003908 0.454275 0.890853 -0.740782 -0.597111 0.307736
-17.101897 -29.837768 8197.325675 -3782.428731 -0.638549 0.767276 0.059524 0.281795 0.161141 0.945846 -0.716133 -0.620742 0.319111
-17.231134 -40.343462 4355.225430 2799.604440 -0.686569 0.690071 -0.228967 0.153016 0.445008 0.882357 -0.710781 -0.570763 0.411121
2.334616 -18.383135 -1831.336851 -4273.017422 -0.552025 0.722352 0.416503 0.387425 -0.220116 0.895238 -0.738356 -0.655558 0.158348
-4.477276 -35.375433 -5754.329579 4842.639208 0.667957 -0.557818 0.492617 -0.062587 0.617492 0.784084 -0.741563 -0.554566 0.377546
2.058038 -33.853495 2938.736221 -8626.886955 -0.719550 0.672129 -0.174612 0.009696 0.261142 0.965252 -0.694372 -0.692854 0.194422
4.459961 -47.580146 4878.541324 8772.979514 -0.674376 0.625780 -0.391939 -0.020719 0.514557 0.857206 -0.738097 -0.586200 0.334039
4.865648 -12.619785 4233.981871 -1054.457223 -0.329980 0.873272 -0.358483 0.488004 -0.167266 -0.856665 0.808063 0.457623 0.370966
7.173425 -11.307925 3182.582998 65.063940 -0.250462 0.860325 -0.443971 0.523673 -0.265315 -0.809552 0.814270 0.435257 0.384078
1.475406 -13.656600 2056.214184 3748.739096 -0.407578 0.889284 -0.207496 0.425280 -0.016229 -0.904916 0.808095 0.457068 0.371580
0.420243 -16.733328 830.488795 4015.862031 -0.447276 0.889013 -0.097977 0.380146 0.089804 -0.920556 0.809588 0.448988 0.378122
-10.676464 -47.734144 -941.283018 -957.635008 0.058784 0.993153 -0.100957 0.813871 0.010883 0.580944 -0.578065 0.116316 0.807658
-14.355949 -48.030699 -1249.754308 -812.030043 0.117776 0.988156 -0.098373 0.820802 -0.041112 0.569732 -0.558939 0.147846 0.815922
-13.393686 -44.582660 -851.792196 -916.318075 0.084886 0.991455 -0.099052 0.733794 0.005045 0.679353 -0.674048 0.130351 0.727096
-16.881062 -42.586660 -605.686543 -1053.385824 0.167317 0.982450 -0.082448 0.637059 -0.043913 0.769563 -0.752436 0.181285 0.633226
-14.145792 -40.821346 -674.593439 -1280.741587 0.103441 0.991802 -0.075028 0.628827 -0.006767 0.777516 -0.770634 0.127607 0.624372
-6.365202 -24.371333 2608.761778 -1759.441865 0.191030 0.979304 -0.066871 0.840190 -0.198357 -0.504713 0.507531 -0.040231 0.860694
-13.981446 -23.771255 4331.467589 -1722.829932 0.050531 0.998385 0.025963 0.861131 -0.030387 -0.507474 0.505865 -0.048001 0.861276
-4.392704 -27.867396 2571.202726 -1403.154024 0.141295 0.989496 -0.030551 0.814143 -0.133702 -0.565063 0.563212 -0.054968 0.824482
1.992659 -28.610266 2765.313488 -1680.765154 0.205610 0.975458 -0.078776 0.807158 -0.214549 -0.549967 0.553371 -0.049494 0.831463
4.265724 -32.136544 2475.692637 -1018.224810 0.161522 0.985847 -0.044902 0.777507 -0.155145 -0.609437 0.607778 -0.063525 0.791562
-3.028763 -30.945742 2690.654883 -871.301541 0.093464 0.995604 0.006161 0.779562 -0.069331 -0.622476 0.619312 -0.062982 0.782615
-9.106800 -84.338844 1349.930604 -8187.076155 -0.554251 0.806229 -0.206883 -0.546530 -0.539972 -0.640105 0.627782 0.241711 -0.739909
-11.013523 -99.510055 1327.251167 -10297.898153 -0.584929 0.776399 -0.234654 -0.618518 -0.614133 -0.490180 0.524684 0.141583 -0.839441
-5.750644 -86.941124 2342.490011 -8920.361378 -0.574588 0.801308 -0.166598 -0.623172 -0.560296 -0.545642 0.530571 0.209700 -0.821292
-3.617177 -70.616534 2196.131938 -6373.586220 -0.524304 0.841907 -0.127663 -0.566323 -0.456715 -0.686069 0.635911 0.287410 -0.716249
-5.799251 -64.710375 1542.603121 -6698.731968 -0.516371 0.842175 -0.155249 -0.472881 -0.431555 -0.768208 0.713964 0.323266 -0.621091
-4.518772 -86.200883 955.915452 -1270.802945 0.797656 -0.495042 0.344497 0.592345 0.535590 -0.601889 -0.113451 -0.684162 -0.720452
-4.276317 -88.486540 1069.644107 -1263.534614 0.782465 -0.506061 0.362837 0.622653 0.629167 -0.465244 -0.007157 -0.589958 -0.807402
-1.754513 -91.799049 332.686530 -1403.050540 0.803164 -0.493817 0.333276 0.584550 0.545204 -0.600878 -0.115020 -0.677420 -0.726549
-2.124002 -91.373913 423.768326 430.197206 0.821569 -0.476360 0.313217 0.531855 0.442554 -0.721994 -0.205314 -0.759754 -0.616943
-4.641411 -85.148334 873.956965 1124.807935 0.814210 -0.482964 0.322191 0.542463 0.435125 -0.718609 -0.206869 -0.759876 -0.616274
-13.609884 -71.895140 -4782.458605 -3186.703728 0.992318 0.016155 0.122658 0.075103 -0.866517 -0.493466 -0.098313 -0.498886 0.861073
-6.204133 -64.607944 -1230.107679 1898.920283 0.987069 0.070219 0.144096 0.136933 -0.836698 -0.530270 -0.083329 -0.543145 0.835494
-13.947130 -71.642878 -4974.918746 4830.316691 0.985536 0.066599 0.155834 0.145503 -0.803957 -0.576613 -0.086881 -0.590947 0.802019
-24.503966 -77.810063 -5881.971300 -751.808359 0.997289 0.023171 0.069839 0.056392 -0.850385 -0.523131 -0.047268 -0.525651 0.849386
0.764103 -57.482163 -400.926312 -316.312648 0.751573 -0.620257 0.224544 0.291972 0.007554 -0.956397 -0.591516 -0.784362 -0.186775
-0.255374 -61.391027 -378.453105 -253.234053 0.738211 -0.620458 0.264719 0.414345 0.107390 -0.903762 -0.532318 -0.776852 -0.336360
-0.125125 -60.624386 -299.942234 -632.266422 0.751684 -0.617171 0.232531 0.285721 -0.013036 -0.958224 -0.594420 -0.786721 -0.166539
6.346414 -64.857955 -383.372145 1365.895463 -0.661441 0.680771 -0.314717 0.721059 0.692662 -0.017140 0.206324 -0.238267 -0.949031
5.471698 -61.175445 -239.571740 1470.191036 -0.655254 0.676448 -0.336246 0.712792 0.701051 0.021309 0.250140 -0.225711 -0.941533
5.646643 -59.860469 -346.212791 -1741.011477 -0.636085 0.707006 -0.309092 -0.701825 -0.696583 -0.149043 0.320683 -0.122124 -0.939281
6.818886 -64.941044 -346.757889 -2236.489398 -0.636257 0.716821 -0.285211 -0.717943 -0.685472 -0.121186 0.282373 -0.127660 -0.950773
5.608455 -60.301676 -490.232908 -1957.728901 -0.599543 0.750934 -0.276851 -0.695505 -0.660002 -0.284024 0.396006 -0.022267 -0.917978
4.477291 -56.122140 -210.967773 -1362.621062 -0.609762 0.734258 -0.298423 -0.670808 -0.678637 -0.299113 0.422147 -0.017796 -0.906353
0.856485 -172.629960 -896.185324 10550.095443 -0.862877 0.016331 -0.505149 0.100791 0.984962 -0.140325 0.495261 -0.171998 -0.851547
-1.418604 -179.662216 -1939.394753 8550.066894 -0.856228 0.032378 -0.515583 0.078819 0.994537 -0.068438 0.510550 -0.099236 -0.854102
2.813263 -160.729405 -841.459312 13962.231272 -0.861933 -0.004829 -0.506999 -0.044680 0.996788 0.066464 0.505050 0.079940 -0.859380
-3.103712 -186.646793 -1420.831781 5304.754915 -0.858007 0.046004 -0.511574 0.222160 0.931238 -0.288861 0.463108 -0.361496 -0.809229
2.732363 -154.291361 449.686068 11893.964411 -0.871908 -0.017358 -0.489362 -0.011683 0.999824 -0.014648 0.489531 -0.007054 -0.871958
0.759852 -168.560357 63.564529 10216.450182 -0.868995 0.002522 -0.494814 0.124295 0.969037 -0.213348 0.478955 -0.246902 -0.842403
-1.168623 -181.938939 -816.723065 8229.470417 -0.862121 0.028032 -0.505926 0.234186 0.907474 -0.348782 0.449338 -0.419173 -0.788917
4.165250 -139.381870 658.735987 -10508.348619 0.928959 0.005804 0.370138 0.299814 -0.598282 -0.743082 -0.217134 -0.801265 0.557519
7.692038 -141.040303 2810.085203 -11966.603159 0.932509 -0.001908 0.361142 0.286200 -0.605990 -0.742203 -0.220265 -0.795470 0.564545
2.701405 -122.422157 -369.835229 -14130.991157 0.932334 0.000885 0.361597 0.248034 -0.729222 -0.637742 -0.263120 -0.684277 0.680098
1.436622 -123.635871 -763.748324 -10964.197203 0.929829 0.005237 0.367954 0.256965 -0.724983 -0.639038 -0.263414 -0.688747 0.675456
2.106355 -137.741664 -166.974906 -9332.840037 0.926885 0.009921 0.375213 0.307124 -0.594714 -0.742960 -0.215774 -0.803876 0.554279
-7.881160 -55.160040 -264.004443 -5198.659920 -0.905348 0.279190 -0.319998 0.318364 0.944890 -0.076332 0.281051 -0.170983 -0.944338
-4.156925 -69.149737 -1651.961319 -8382.958789 -0.900515 0.247289 -0.357660 0.252520 0.967035 0.032822 0.353987 -0.060759 -0.933275
-7.187297 -61.732749 -1693.885999 -1812.667370 -0.919874 0.183597 -0.346589 0.224755 0.970943 -0.082185 0.321429 -0.153497 -0.934410
-22.597564 -85.230594 -3963.901065 -7313.880039 0.760527 -0.204893 0.616131 0.413777 0.884209 -0.216709 -0.500386 0.419754 0.757245
-9.410056 -79.053649 -5206.507316 -7179.319642 0.740600 -0.165324 0.651291 0.413975 0.875727 -0.248447 -0.529279 0.453618 0.717004
-16.927751 -71.801808 -6756.772184 -6607.838320 0.774802 -0.099800 0.624277 0.270913 0.944616 -0.185224 -0.571217 0.312636 0.758927
386.191654 -1257.498241 23352.241846 -490868.365683 0.108550 0.310162 -0.944466 -0.045979 0.950630 0.306901 0.993027 0.010111 0.117452
731.380207 -3217.429563 399082.645341 2024686.679653 -0.433255 0.337465 -0.835708 -0.460066 0.714536 0.527047 0.775003 0.612826 -0.154320
10025.714382 -3819.724291 7750582.451498 -672193.103959 -0.346741 0.300771 -0.888430 -0.142284 0.919365 0.366775 0.927106 0.253585 -0.275987
38.049966 -647.929300 19458.788441 -108755.781231 -0.797549 -0.014872 -0.603070 -0.174513 0.962640 0.207051 0.577460 0.270377 -0.770348
30.318644 -624.947932 -11063.348123 45876.007383 0.804121 0.019250 0.594154 -0.353498 0.819048 0.451884 0.477941 0.573402 -0.665419
14.852200 -801.213465 -18001.471415 -37860.633519 -0.792084 0.003855 -0.610400 -0.303438 0.865187 0.399219 0.529649 0.501434 -0.684131
16.932498 -1094.712748 -6998.416080 -725844.468857 -0.789038 -0.014268 -0.614179 -0.005888 0.999860 -0.015664 0.614317 -0.008743 -0.789011
28.453006 -544.941979 19956.202861 -193780.773111 -0.795209 -0.032429 -0.605468 0.039469 0.993682 -0.105060 0.605050 -0.107442 -0.788905
-13.160103 -446.783702 2000.588738 -134826.080363 0.815770 -0.232184 0.529726 0.174162 -0.774762 -0.607792 -0.551531 -0.588077 0.591590
-14.254687 -514.001480 12281.655972 -153067.366800 0.838524 -0.191233 0.510204 0.155046 -0.813929 -0.559893 -0.522340 -0.548589 0.652849
-3.757658 -310.879036 4731.860173 62256.073718 0.841171 -0.279595 0.462880 0.025007 0.875162 0.483183 -0.540190 -0.394865 0.743153
2.005304 -133.806996 1271.095267 1336.797193 0.912598 -0.211732 0.349765 -0.103196 0.708484 0.698141 0.395621 0.673216 -0.624711
2.118503 -138.070160 542.698164 -2691.446008 0.914797 -0.187462 0.357777 -0.119443 0.720610 0.682975 0.385850 0.667517 -0.636821
-1.739712 -131.570837 1168.148429 -3106.347627 0.905298 -0.230375 0.356880 0.013656 0.855507 0.517612 0.424558 0.463719 -0.777634
-2.210081 -128.522216 1181.880194 3379.435977 0.912362 -0.229864 0.338761 -0.015513 0.807480 0.589691 0.409091 0.543267 -0.733148
0.991464 -120.063299 437.036345 930.045413 0.918793 -0.219039 0.328392 -0.091161 0.691693 0.716416 0.384069 0.688174 -0.615555
-3.044850 -144.788241 -1094.683750 -26589.021193 0.887110 -0.018955 0.461169 0.459460 -0.058882 -0.886244 -0.043953 -0.998085 0.043526
-1.897175 -114.251175 793.019973 -20720.547891 0.896382 -0.002794 0.443274 0.439762 -0.120172 -0.890038 -0.055756 -0.992749 0.106492
-2.256277 -146.348593 1613.254259 -27141.769340 0.881029 0.014806 0.472831 0.471201 0.061126 -0.879905 0.041930 -0.998020 -0.046877
-1.805373 -111.248896 257.357852 -16301.130444 0.904192 -0.004251 0.427105 0.413296 -0.243695 -0.877382 -0.107813 -0.969843 0.218590
-2.948400 -111.912810 -1310.324984 -15278.469907 0.905883 -0.022083 0.422953 0.401710 -0.271601 -0.874564 -0.134187 -0.962157 0.237168
-4.466754 -122.954051 -2051.266621 -23160.444276 0.897039 -0.026446 0.441159 0.427835 -0.198302 -0.881835 -0.110803 -0.979784 0.166570
-4.061306 -164.588624 -2706.241355 -18673.112255 0.882107 -0.043871 0.469002 0.468789 0.179189 -0.864944 0.046094 -0.982836 -0.178630
-4.701510 -139.315563 -2209.742378 -23461.765202 0.885717 -0.029801 0.463269 0.462351 -0.032982 -0.886083 -0.041685 -0.999012 0.015434
-24.309055 -54.296044 360.150463 12395.747485 0.466208 -0.379889 -0.798958 0.329438 0.912706 -0.241740 0.821048 -0.150506 0.550661
-24.814092 -40.025500 -816.831954 17628.641158 0.468083 -0.449996 -0.760527 0.304527 0.890056 -0.339209 0.829555 -0.072823 0.553656
-26.321995 -60.958116 -274.228670 13075.426907 0.539805 -0.352602 -0.764384 0.349425 0.919976 -0.177612 0.765841 -0.171219 0.619816
-11.305101 -30.166084 -914.863865 -789.212183 0.057633 0.998118 0.020958 0.423509 -0.043454 0.904849 -0.904057 0.043273 0.425216
-9.780567 -27.924328 -218.382278 -824.953186 0.019509 0.999798 -0.004745 0.414853 -0.003776 0.909881 -0.909679 0.019719 0.414843
-9.521699 -32.215041 -808.353893 -1252.300759 0.009428 0.998500 -0.053932 0.501478 0.041941 0.864153 -0.865119 0.035193 0.500330
8.012399 -125.126087 -1996.730291 22006.906023 -0.709478 0.577246 -0.404262 0.286556 0.760381 0.582843 0.643837 0.297671 -0.704887
12.520805 -100.923014 -2750.115382 6668.154812 -0.727971 0.527433 -0.438033 0.156483 0.749853 0.642832 0.667511 0.399419 -0.628406
17.427616 -96.015922 -3567.664430 9689.573118 -0.744049 0.516449 -0.423877 0.232839 0.795088 0.560019 0.626241 0.317986 -0.711833
4.585321 -120.512170 -1299.691298 14895.059983 -0.704251 0.586356 -0.400272 0.213754 0.712765 0.668039 0.677008 0.384907 -0.627301
14.181561 -118.885905 -2852.974920 27360.556842 -0.713826 0.583002 -0.388023 0.360279 0.780827 0.510401 0.600543 0.224541 -0.767418
1.963557 -149.812291 -801.420706 25027.551397 -0.696433 0.608454 -0.380480 0.347696 0.749905 0.562805 0.627765 0.259664 -0.733816
5.874051 -154.340110 -1546.452124 30349.368978 -0.694760 0.608897 -0.382823 0.416839 0.774632 0.475594 0.586135 0.170848 -0.791995
-876.408292 -9825.692894 -637682.641473 -4782622.091018 0.875234 -0.100376 0.473171 -0.424312 0.310312 0.850686 0.232219 0.945321 -0.229005
341.754647 -1004.278005 -1099049.199004 -1833775.919463 0.529837 0.088814 0.843437 0.779453 -0.442949 -0.443000 0.334255 0.892137 -0.303917
-254.008540 -4457.536097 -35733.044773 -1923011.034670 0.850568 -0.156978 0.501889 -0.525188 -0.205160 0.825886 0.026679 0.966058 0.256945
-234.265500 -371.364129 29199.103450 115814.288723 0.993974 0.109498 0.005174 -0.103847 0.925458 0.364340 -0.035106 0.362681 -0.931252
-143.990601 -230.615389 -36836.718602 68236.739837 0.823228 -0.508235 -0.252969 0.542971 0.574755 0.612241 0.165767 0.641369 -0.749111
-196.667299 -482.725289 39387.964656 190215.985561 0.928625 0.151385 0.338731 -0.299586 0.844525 0.443875 0.218871 0.513673 -0.829600
-55.563733 -83.729161 826.081355 9619.080076 -0.455776 0.697173 0.553370 0.118326 0.663637 -0.738637 0.882195 0.271175 0.384963
-45.471642 -75.632285 -766.298783 6182.644250 -0.435640 0.875086 0.210815 0.259706 0.346443 -0.901405 0.861841 0.337938 0.378189
-38.159566 -67.281926 -1801.232318 4822.394229 -0.424043 0.904871 -0.037349 0.318339 0.110318 -0.941536 0.847849 0.411142 0.334836
88.449978 -105.707904 -7125.712270 -3801.886591 0.091001 0.790823 0.605241 0.961323 0.088889 -0.260684 -0.259955 0.605555 -0.752148
74.996175 -108.690451 -12648.594888 1452.944156 0.024872 0.891059 0.453205 0.960257 0.104776 -0.258704 -0.278005 0.441628 -0.853040
63.511992 -100.014550 -8286.595019 2362.396478 0.072152 0.868575 0.490278 0.995855 -0.035444 -0.083763 -0.055377 0.494289 -0.867532
90.770167 -98.755850 -9797.311398 -3669.475275 0.078403 0.815614 0.573259 0.893573 0.197464 -0.403156 -0.442018 0.543858 -0.713329
78.910068 -105.912462 -5000.423644 -2139.183900 0.125643 0.767573 0.628526 0.990182 -0.057906 -0.127223 -0.061257 0.638340 -0.767313
86.717626 -116.756276 3982.525782 -6011.126423 0.172070 0.655275 0.735531 0.972975 0.003665 -0.230883 -0.153988 0.755381 -0.636936
90.414019 -103.046996 866.563584 -7797.345851 0.163232 0.683661 0.711311 0.908246 0.177430 -0.378957 -0.385286 0.707903 -0.591970
-37.345300 -51.691802 -1809.058050 -3350.952592 -0.320481 0.931873 0.170014 -0.865128 -0.214842 -0.453207 0.385805 0.292328 -0.875042
-37.114408 -45.824221 150.291109 -285.403164 -0.205345 0.933212 0.294872 -0.865223 -0.032287 -0.500346 0.457409 0.357873 -0.814066
113.423613 -83.243906 -34388.898257 14716.063894 -0.119889 0.346007 0.930540 0.802792 -0.517651 0.295910 0.584083 0.782506 -0.215711
124.091179 -56.246590 44141.660394 -9390.216472 0.067448 -0.435898 -0.897465 -0.717180 0.604159 -0.347339 0.693617 0.667071 -0.271868
128.315554 -44.100119 37131.665693 -4512.333390 0.101227 -0.460594 -0.881820 -0.650470 0.640026 -0.408969 0.752756 0.614997 -0.234815
20.471740 0.194878 2546.306736 -1256.331661 -0.301193 -0.379581 0.874757 0.194941 0.873472 0.446145 -0.933424 0.304902 -0.189088
16.431629 -0.743767 3340.962229 -532.429576 -0.251093 -0.344374 0.904632 0.216143 0.891028 0.399189 -0.943522 0.295763 -0.149297
7.944383 -0.672857 3375.481035 319.004763 -0.204316 -0.265528 0.942205 0.249461 0.916607 0.312410 -0.946586 0.298874 -0.121039
26.054619 -40.508733 9722.237879 -460.891363 -0.021025 0.837127 0.546605 -0.719672 0.366837 -0.589494 0.693996 0.405770 -0.594744
13.180134 -41.529616 8812.684569 -594.320873 -0.021394 0.813342 0.581393 -0.788425 0.343855 -0.510049 0.614759 0.469297 -0.633902
28.614421 -41.908846 10070.847872 -727.163998 -0.004749 0.827247 0.561818 -0.796242 0.336757 -0.502587 0.604960 0.449730 -0.657089
-9.660795 -93.222404 1753.335687 -1062.452062 0.164738 0.973779 0.156895 0.720152 -0.227441 0.655478 -0.673975 -0.005006 0.738737
-9.933688 -88.451343 1815.489338 5965.480070 0.195337 0.964164 0.179532 0.845580 -0.258306 0.467196 -0.496828 -0.060548 0.865734
-5.649871 -84.741804 1241.022972 626.833671 0.175337 0.973797 0.144833 0.752573 -0.227419 0.617992 -0.634737 -0.000641 0.772728
-4.726650 -86.520830 1125.745374 -3109.976054 0.136483 0.984325 0.111702 0.611167 -0.172406 0.772497 -0.779646 0.037164 0.625117
-2.747326 -77.118323 665.530196 1355.105135 0.172773 0.974940 0.140147 0.780404 -0.222309 0.584422 -0.600932 -0.008399 0.799256
-1.596865 -78.689654 636.278055 -1498.171087 0.133827 0.985199 0.107117 0.653448 -0.168988 0.737867 -0.745047 0.028751 0.666392
39.309940 -36.124349 9033.868226 1113.971623 -0.101829 0.992556 -0.066813 0.714994 0.119719 0.688804 -0.691675 -0.022370 0.721862
10.832256 -35.780167 2316.369175 -562.108676 -0.007530 0.999543 0.029286 0.791877 -0.011924 0.610564 -0.610634 -0.027788 0.791425
-23.125616 -61.377262 8516.014187 -21242.786706 0.666301 0.685819 0.292737 -0.584554 0.724129 -0.365970 -0.462968 0.072725 0.883386
-5.434075 -62.853113 9109.621061 25493.315896 0.492384 0.845282 0.207499 0.759209 -0.533693 0.372523 -0.425628 0.025889 0.904528
-28.680032 -231.026727 -8959.695644 -166185.364712 0.815828 0.375474 0.439823 -0.293216 0.924115 -0.245024 -0.498446 0.070935 0.864014
-8.826224 -196.023837 6561.001376 -183431.026467 0.746126 0.553232 0.370446 -0.494684 0.833025 -0.247703 -0.445628 0.001563 0.895217
68.801265 -67.092640 84527.955947 23807.113048 0.313434 0.944043 0.102676 0.873116 -0.329013 0.359749 -0.373400 0.023109 0.927383
45.327174 -72.660579 -21546.051373 17352.258432 0.208447 0.864898 0.456619 -0.178234 0.492649 -0.851780 0.961656 -0.096166 -0.256845
72.465199 -71.918633 -26142.596746 12809.258755 0.145182 0.873159 0.465312 -0.069234 0.478108 -0.875568 0.986980 -0.094901 -0.129865
22.064265 -67.132433 -10690.357239 7288.234206 0.234853 0.845299 0.479910 -0.219410 0.527077 -0.821005 0.946944 -0.087519 -0.309253
40.872944 -77.506607 -22622.590954 9514.897969 0.193305 0.875723 0.442427 -0.041077 0.457761 -0.888126 0.980278 -0.153506 -0.124459
14.097299 -76.506822 -14801.129034 13882.004633 0.225396 0.868642 0.441201 -0.158767 0.479549 -0.863033 0.961244 -0.124476 -0.246000
-7.949839 -143.762999 591.952916 -7122.901591 0.759920 0.560324 -0.329481 -0.411116 0.021685 -0.911325 0.503493 -0.827989 -0.246837
-7.625827 -148.866887 443.650630 218.307836 0.748777 0.561435 -0.352312 -0.524072 0.176046 -0.833280 0.405809 -0.808578 -0.426052
-6.554749 -137.478028 461.881615 -5216.973559 0.747421 0.575200 -0.332426 -0.442930 0.058504 -0.894645 0.495151 -0.815918 -0.298501
24.451570 -79.850054 4548.215628 -4777.361622 0.291543 0.861612 0.415484 0.045798 -0.446428 0.893647 -0.955461 0.241508 0.169613
25.740223 -95.195130 2887.795423 -6233.111043 0.260644 0.882866 0.390655 0.186515 -0.443066 0.876872 -0.947247 0.155689 0.280150
29.709343 -83.865823 1130.858892 -8188.436603 0.177071 0.887885 0.424624 -0.015672 -0.428843 0.903243 -0.984073 0.166593 0.062021
14.861728 -90.067281 3860.646243 -4963.671013 0.329635 0.875396 0.353586 0.233252 -0.438421 0.867975 -0.914841 0.203640 0.348707
10.198261 -79.082643 4200.401348 -2177.884575 0.341348 0.867441 0.361978 0.101205 -0.416789 0.903352 -0.934473 0.271723 0.230060
-16.431902 -235.156551 -424.504309 5612.969437 0.699842 0.641379 -0.314409 0.449059 -0.052753 0.891944 -0.555488 0.765408 0.324936
6.194913 -81.797062 1091.557222 2180.536712 -0.704957 -0.626820 0.331861 -0.490758 0.768903 0.409811 -0.512047 0.126036 -0.849660
3.484552 -93.470378 1030.218943 11212.761746 -0.729117 -0.592788 0.342038 -0.510533 0.803940 0.305018 -0.455789 0.047772 -0.888805
4.183042 -96.300318 -1253.750670 12200.771445 -0.748527 -0.576283 0.328033 -0.494875 0.814756 0.302113 -0.441369 0.063804 -0.895054
-8.694355 -80.048414 4677.702451 -591.710579 -0.719515 -0.488546 0.493580 -0.069168 0.757600 0.649044 -0.691024 0.432857 -0.578896
-6.559756 -78.085297 5846.994279 -2384.427198 -0.707426 -0.531286 0.466137 -0.197051 0.781621 0.591810 -0.678763 0.326809 -0.657629
3.690993 -74.903062 7499.007842 -675.050237 -0.706038 -0.528972 0.470850 -0.173139 0.773638 0.609514 -0.686683 0.348818 -0.637803
-102.353315 -1400.149622 22711.561765 -29113.845948 0.777033 0.610199 0.154523 0.516068 -0.477007 -0.711433 0.360407 -0.632552 0.685555
-95.485822 -1077.518260 1401.397957 100986.605434 0.889038 0.443305 0.114419 0.434782 -0.739184 -0.514366 0.143444 -0.507038 0.849904
-36.217007 -3238.668942 -17495.575788 1256746.188719 0.835063 0.542660 0.090498 0.284853 -0.285750 -0.914989 0.470668 -0.789852 0.393198
-31.931439 -2536.297312 29277.639541 328099.096072 0.819412 0.565569 0.093256 0.417536 -0.477461 -0.773107 0.392719 -0.672431 0.627382
-24.215938 -35.489111 2217.906494 -109.631107 0.039672 -0.189772 -0.981026 0.246215 0.953383 -0.174468 0.968403 -0.234622 0.084547
-19.891746 -34.174408 2708.751786 831.522786 -0.039702 -0.284792 -0.957767 0.195782 0.937726 -0.286948 0.979844 -0.198905 0.018528
-21.868645 -30.732112 2097.347161 2588.370689 -0.023162 -0.348954 -0.936854 0.127898 0.928371 -0.348956 0.991517 -0.127904 0.023128
22.163657 -27.805274 -389.512481 -8060.293760 0.275517 -0.028931 -0.960861 0.378242 0.922184 0.080690 0.883756 -0.385669 0.265020
17.642726 -7.269729 -1740.523224 -4610.274430 0.078129 -0.372978 -0.924545 0.527375 0.802461 -0.279161 0.846033 -0.465771 0.259395
-12.528045 -35.080359 -145.290878 -847.440687 0.008202 0.904991 0.425351 -0.470083 0.378923 -0.797145 0.882584 0.193412 -0.428529
-10.173756 -31.136234 100.305181 -738.788885 0.049298 0.835601 0.547121 -0.385277 0.521300 -0.761451 0.921483 0.173255 -0.347636
-9.915052 -31.730980 -632.865384 -1011.093610 0.043913 0.877363 0.477813 -0.372586 0.458151 -0.807018 0.926958 0.142588 -0.347012
-865.345197 -1929.903712 406380.233207 -241520.780340 -0.655985 -0.051054 -0.753045 0.158801 0.966042 -0.203827 0.737879 -0.253292 -0.625602
-565.221464 -1574.002838 -336128.746976 -777015.585944 0.834780 -0.219509 0.504934 0.471779 0.757967 -0.450457 0.283844 -0.614249 -0.736295
-376.992517 -1736.807692 67729.503839 18463.360026 -0.579416 0.696058 -0.424005 -0.136255 -0.595635 -0.791614 0.803562 0.400901 -0.439962
-445.316445 -14584.569960 1057393.311175 21524935.478047 -0.535738 0.730178 -0.424057 -0.142416 -0.573152 -0.806979 0.832288 0.371937 -0.411048
-547.549717 -3036.406539 290360.268250 -2640641.646666 -0.624975 0.505936 -0.594504 0.291756 0.857750 0.423254 0.724075 0.091073 -0.683682
-651.804845 -4634.926438 441404.929977 5618714.651185 -0.638255 0.729349 -0.246336 0.097463 -0.240857 -0.965655 0.763631 0.640342 -0.082644
-57.475812 -175.055858 16268.743596 9933.671962 0.946016 -0.242636 0.214899 0.251833 0.132849 -0.958609 -0.204044 -0.960978 -0.186781
-167.210647 -233.610487 41204.079180 25955.899403 0.784285 -0.351802 0.511011 0.556813 0.035906 -0.829861 -0.273599 -0.935386 -0.224048
-170.366570 -313.607187 43086.776975 -86675.006242 0.959743 -0.269725 -0.078374 0.039341 0.405365 -0.913308 -0.278112 -0.873458 -0.399657
-1.062540 -55.222895 3866.613944 -2812.228810 -0.441652 0.875296 -0.196979 -0.004155 -0.221545 -0.975141 0.897177 0.429855 -0.101482
4.284998 -49.634139 3682.468547 -3664.275463 -0.438528 0.877249 -0.195263 0.071481 -0.182534 -0.980598 0.895870 0.443977 -0.017339
-3.231871 -52.169865 3167.147134 -2888.099575 -0.439661 0.877376 -0.192117 0.055612 -0.186897 -0.980804 0.896440 0.441905 -0.033378
-54.725812 -72.212699 1330.082245 -3301.717540 -0.188654 -0.975781 -0.110731 0.979761 -0.194699 0.046490 -0.066924 -0.099720 0.992762
-51.521847 -72.486054 -1708.366196 -9497.315764 0.092425 0.982257 0.163183 0.973219 -0.123758 0.193723 -0.210481 -0.140909 0.967390
-53.899221 -71.097744 -126.383837 -1952.749976 0.161462 -0.985299 0.055814 0.986158 0.163248 0.029039 -0.037724 0.050353 0.998019
-54.389108 -82.738562 2848.269943 -6951.492120 -0.410309 -0.881873 -0.232263 0.907752 -0.419352 -0.011384 -0.087361 -0.215508 0.972586
-57.162161 -78.912775 2505.196925 1222.200311 -0.538530 -0.831782 -0.134627 0.840341 -0.518477 -0.158141 0.061738 -0.198296 0.978196
-58.401880 -74.033684 428.442070 3949.851430 0.112284 0.992406 0.050228 0.989829 -0.107262 -0.093457 0.087360 -0.060211 0.994356
11.401070 -12.711291 2213.870269 -2901.570030 -0.203583 0.849978 -0.485892 0.539062 -0.316973 -0.780346 0.817292 0.420791 0.393661
13.846356 -12.158853 -470.107480 -1316.222459 -0.135849 0.844515 -0.518015 0.559891 -0.365920 -0.743387 0.817354 0.391020 0.423126
