17278
34546
-25.076921 -40.811321 -37.913079 3478.086541 0.711497 -0.291706 -0.639281 0.675612 0.033866 0.736479 0.193186 0.955908 -0.221176
-27.815720 -45.984389 -326.285981 2978.256242 0.718895 -0.326419 -0.613711 0.679043 0.140994 0.720432 0.148633 0.934651 -0.323012
-35.078395 -54.422776 -433.333953 3101.357578 -0.412253 0.337529 0.846240 0.910606 0.123025 0.394540 0.029060 0.933241 -0.358073
-23.765802 -38.950105 255.308898 2659.678586 0.873175 -0.355757 -0.333170 0.412236 0.174328 0.894243 0.260052 0.918176 -0.298875
-30.287118 -59.447299 -166.535786 7515.216823 -0.250719 0.288475 0.924079 0.960368 -0.045973 0.274916 0.121789 0.956383 -0.265516
-21.788417 -40.817865 1246.367011 6138.208473 -0.457039 0.212628 0.863658 0.859861 -0.142734 0.490170 0.227497 0.966652 -0.117595
-18.106911 -30.762531 -383.824685 2664.971777 0.856558 -0.274758 -0.436825 0.447606 -0.025699 0.893862 0.256822 0.961170 -0.100971
-19.884221 -33.137935 139.416904 1997.087934 0.911602 -0.314261 -0.264994 0.310095 0.102530 0.945161 0.269858 0.943783 -0.190918
-30.050644 -49.784269 318.395505 1762.499857 -0.244223 -0.024235 -0.969416 0.373241 0.920322 -0.117038 0.895012 -0.390409 -0.215718
-31.732845 -53.883499 523.181451 407.462720 -0.239804 -0.195261 -0.950982 0.466264 0.836028 -0.289232 0.851524 -0.512767 -0.109440
-30.979729 -50.648965 -976.154464 -100.216245 -0.308900 -0.159541 -0.937618 0.497764 0.812919 -0.302312 0.810439 -0.560097 -0.171697
-32.264378 -50.780580 -252.181050 -1295.251635 -0.393998 -0.292855 -0.871207 0.569879 0.665845 -0.481548 0.721112 -0.686212 -0.095449
-31.884997 -48.744264 -740.777512 564.374798 -0.325417 -0.034097 -0.944956 0.468885 0.862010 -0.192576 0.821128 -0.505743 -0.264525
-33.868909 -47.227339 -947.314175 -846.929923 -0.424773 -0.142262 -0.894052 0.546412 0.747115 -0.378487 0.721804 -0.649292 -0.239621
-1.435449 -94.398694 -887.919287 2033.135175 0.488307 0.775275 -0.400630 -0.789765 0.587898 0.175061 -0.371250 -0.230920 -0.899361
-1.650158 -88.386395 -535.921911 1668.111753 0.502566 0.771604 -0.389942 -0.660577 0.633698 0.402573 -0.557732 -0.055267 -0.828179
-3.221467 -87.436328 -947.687591 1534.750569 0.497327 0.770556 -0.398634 -0.712719 0.624871 0.318696 -0.494668 -0.125618 -0.859956
-3.886409 -87.932908 282.143794 1683.986162 0.517043 0.773515 -0.366526 -0.766376 0.609055 0.204254 -0.381228 -0.175288 -0.907711
-4.060850 -94.236770 -1208.864396 2461.968783 0.497781 0.766099 -0.406580 -0.801722 0.585272 0.121241 -0.330842 -0.265613 -0.905535
-3.157587 -82.712830 88.446996 1820.983845 0.508499 0.779379 -0.366056 -0.658748 0.625889 0.417509 -0.554509 -0.028836 -0.831678
-0.749879 -21.895803 -941.288454 -3976.727655 0.544889 0.808725 -0.221494 0.298270 -0.433816 -0.850199 0.783665 -0.397199 0.477600
0.759460 -30.869316 -454.678237 -4464.547440 0.528512 0.824889 -0.200581 0.269319 -0.386993 -0.881875 0.805073 -0.412061 0.426689
-1.539560 -32.070840 -961.946902 -3686.404599 0.533379 0.814232 -0.229201 0.221093 -0.395740 -0.891352 0.816471 -0.424754 0.391100
-4.520911 -24.125385 -1223.116994 -3467.984700 0.537248 0.809253 -0.237644 0.279921 -0.436872 -0.854861 0.795619 -0.392751 0.461235
-2.741121 -14.521574 -1181.484742 -2050.341408 0.569814 0.768920 -0.289954 0.276944 -0.511880 -0.813192 0.773701 -0.383067 0.504625
-2.818933 -24.962016 -543.355298 665.960608 0.759428 -0.495929 -0.421098 0.344778 0.855673 -0.385942 0.551723 0.147909 0.820808
-1.670231 -25.448902 -1.067283 806.003176 0.742413 -0.515610 -0.427750 0.370841 0.848031 -0.378576 0.557943 0.122433 0.820799
-2.770412 -27.326872 -276.938770 143.418723 0.747899 -0.508441 -0.426772 0.321346 0.839869 -0.437444 0.580847 0.190022 0.791523
-4.247928 -27.923365 -21.502333 -1188.657168 0.724199 -0.549457 -0.416693 0.321272 0.803508 -0.501157 0.610181 0.229066 0.758425
-3.205947 -27.922240 -336.362828 -1377.619297 0.748481 -0.495028 -0.441274 0.279582 0.838942 -0.466915 0.601339 0.226105 0.766334
-2.322089 -27.660122 -273.667841 -755.749851 0.751055 -0.496951 -0.434691 0.313955 0.847997 -0.427006 0.580817 0.184232 0.792912
666.288604 -29.347541 -156857.457312 5725.688441 -0.595685 0.729260 0.336658 -0.572408 -0.679459 0.459004 -0.563478 -0.080716 -0.822178
192.649162 -20.313768 -53521.617956 -1939.924059 -0.622260 0.773132 0.122715 -0.663590 -0.604127 0.441223 -0.415259 -0.193123 -0.888967
1091.538317 -33.259532 -265512.303019 1119.879550 -0.585607 0.761944 0.276597 -0.666403 -0.646809 0.370871 -0.461489 -0.032859 -0.886537
219.298619 -25.306959 -57495.341897 900.707917 -0.671310 0.727307 0.142711 -0.574431 -0.632223 0.519926 -0.468371 -0.267054 -0.842206
650.501102 -22.526108 -160708.338291 90.220173 -0.572766 0.776653 0.262200 -0.563639 -0.605395 0.561968 -0.595189 -0.174090 -0.784502
-1.809824 -34.383228 224.349326 -1527.038850 0.532404 -0.742456 -0.406577 0.619532 0.014470 0.784838 -0.576825 -0.669738 0.467679
-1.642109 -34.159880 -20.361372 -1051.995418 0.518298 -0.743411 -0.422738 0.637789 0.006698 0.770182 -0.569730 -0.668802 0.477610
-2.566607 -36.461984 595.775873 -273.500395 0.535081 -0.734916 -0.416638 0.699272 0.108563 0.706564 -0.474033 -0.669412 0.571996
-2.184647 -40.843636 142.139961 -529.560396 0.550409 -0.740021 -0.386547 0.729381 0.200912 0.653940 -0.406268 -0.641875 0.650341
-1.570694 -36.734163 -117.254142 -942.291069 0.540991 -0.748016 -0.384449 0.671821 0.109361 0.732596 -0.505949 -0.654609 0.561696
-5.906157 -60.635410 0.338398 1182.523721 0.442286 0.187565 -0.877042 -0.437209 0.898917 -0.028238 0.783091 0.395940 0.479584
-6.391112 -61.635486 -77.032776 120.645089 0.450198 0.175194 -0.875574 -0.261691 0.963395 0.058211 0.853721 0.202924 0.479565
-6.556279 -60.021879 -455.392141 1355.635826 0.434449 0.191500 -0.880103 -0.426041 0.904603 -0.013477 0.793564 0.380815 0.474591
-5.733635 -56.067228 -123.708896 1659.367730 0.422846 0.201405 -0.883537 -0.561265 0.823677 -0.080852 0.711465 0.530086 0.461330
3.863909 -63.777047 -359.001624 2393.450234 -0.308339 -0.279212 0.909378 0.166867 0.925258 0.340666 -0.936527 0.256786 -0.238702
5.038595 -69.773868 37.572266 1032.553168 -0.291609 -0.292469 0.910728 -0.059917 0.955825 0.287766 -0.954659 0.029347 -0.296251
3.340824 -65.660513 -502.196807 2166.788664 -0.318241 -0.300449 0.899140 0.046730 0.942326 0.331419 -0.946857 0.147488 -0.285847
2.519585 -57.908649 -319.300696 3028.087922 -0.313862 -0.286772 0.905126 0.244126 0.896873 0.368810 -0.917547 0.336720 -0.211486
3.080996 -58.997498 -416.988033 2782.423140 -0.314395 -0.278787 0.907432 0.247638 0.898720 0.361909 -0.916423 0.338497 -0.213515
8.156890 -9.208120 -2061.472135 -1172.120803 0.505894 0.739093 0.444763 0.275087 0.350455 -0.895270 0.817557 -0.575260 0.026022
14.566966 -8.726213 -2566.675434 -1077.959155 0.521369 0.796462 0.306306 0.200203 0.234766 -0.951212 0.829514 -0.557256 0.037054
6.954479 -13.863177 -1573.616542 -1323.431988 0.481412 0.730772 0.483958 0.261868 0.407015 -0.875079 0.836462 -0.548006 -0.004576
1.286350 -14.039791 -1154.231614 -1269.159838 0.446167 0.650989 0.614124 0.342309 0.509896 -0.789196 0.826898 -0.562333 -0.004659
2.333462 -9.210127 -1335.162737 -1334.448867 0.481392 0.697466 0.530852 0.334051 0.413945 -0.846794 0.810353 -0.584971 0.033720
11.120967 -5.315946 -2531.398533 -967.811894 0.540510 0.773061 0.332004 0.236037 0.239432 -0.941785 0.807549 -0.587409 0.053056
-9.177861 -39.232372 -338.420287 -1792.937872 -0.394641 0.471334 0.788735 0.047968 0.867805 -0.494584 -0.917582 -0.157350 -0.365081
-12.210515 -44.064525 -527.460700 -2707.715057 -0.381822 0.481757 0.788747 0.137346 0.873505 -0.467038 -0.913974 -0.069994 -0.399691
-10.955040 -50.382418 400.131759 -2845.910352 -0.384391 0.521207 0.761963 0.215368 0.853230 -0.474989 -0.897697 -0.018480 -0.440225
-3.465081 -84.754278 -1274.507745 64.135148 0.530383 0.805363 -0.264735 0.793981 -0.362447 0.488085 0.297133 -0.469066 -0.831678
-4.238880 -82.126434 -1281.240431 1881.965764 0.542345 0.798887 -0.260079 0.695593 -0.253361 0.672278 0.471181 -0.545516 -0.693110
1.719362 -83.215151 -1464.059000 -34.639998 0.567618 0.788205 -0.237787 0.772419 -0.409893 0.485135 0.284919 -0.459042 -0.841488
-2.495377 -100.918236 -573.218637 -2724.312408 0.496911 0.755468 -0.427022 0.163518 0.401747 0.901033 -0.852257 0.517559 -0.076100
-4.907330 -99.082668 -1137.875222 -3843.517073 0.490986 0.787035 -0.373510 -0.120590 0.486019 0.865589 -0.862781 0.379950 -0.333537
-1.884241 -90.813795 -337.644265 -3480.804138 0.501505 0.767896 -0.398532 -0.053992 0.487530 0.871435 -0.863468 0.415512 -0.285959
-0.094596 -89.673453 70.538294 -1905.350744 0.494541 0.743685 -0.449847 0.203281 0.404246 0.891775 -0.845048 0.532464 -0.048739
-1.366454 -82.257637 -30.128986 -2090.691008 0.504001 0.783023 -0.364497 -0.257635 0.539100 0.801870 -0.824383 0.310237 -0.473441
-0.114891 -80.963085 516.026528 -2698.636472 0.513191 0.758823 -0.401027 -0.052986 0.494368 0.867636 -0.856637 0.424014 -0.293912
7.510932 -34.362822 3295.499316 -557.220571 0.163679 0.934487 -0.316139 -0.023314 -0.316707 -0.948237 0.986238 -0.162577 0.030051
17.002065 -37.647139 4678.926230 -260.030532 0.166818 0.939809 -0.298213 -0.124027 -0.280048 -0.951940 0.978156 -0.195787 -0.069845
15.332968 -36.160414 3975.451293 -402.441597 0.178255 0.923630 -0.339311 0.003166 -0.345371 -0.938461 0.983979 -0.166211 0.064489
0.770384 -257.504462 -193.431444 -30787.791207 -0.596392 -0.518057 0.613134 0.768935 -0.149532 0.621594 -0.230338 0.842174 0.487532
4.936148 -235.570352 -2220.945623 -36473.439708 -0.603740 -0.490955 0.628062 0.696625 0.058116 0.715078 -0.387571 0.869245 0.306924
1.819903 -263.970632 260.192096 -46260.031526 0.614524 0.512344 -0.599886 0.595180 0.198009 0.778816 -0.517805 0.835641 0.183255
2.143784 -178.436656 79.979195 -19507.916523 0.637873 0.511177 -0.576035 0.462915 0.343274 0.817234 -0.615490 0.787947 0.017666
-0.656365 -233.636988 -23.292485 -32453.145571 -0.613151 -0.520838 0.593947 0.673115 0.049070 0.737908 -0.413476 0.852244 0.320497
-1305.789766 -11677.921033 -278058.901364 8281275.725644 0.469546 0.753157 -0.460740 -0.176410 0.591352 0.786882 -0.865105 0.288198 -0.410531
-100.403750 -5974.463000 20990.386537 3422888.448310 -0.421677 -0.729286 0.538823 0.901179 -0.402816 0.160049 0.100325 0.553065 0.827075
-455.453888 -9113.495072 -75171.145946 -1047655.077413 0.557938 0.690400 -0.460492 0.133917 0.472715 0.870980 -0.819006 0.547621 -0.171289
6.550846 -2610.892537 8411.290155 -422683.382588 0.324406 0.898692 -0.295150 0.945917 -0.308618 0.099980 -0.001237 -0.311622 -0.950205
3.772109 -71.717638 -453.430544 5054.486524 0.497299 0.790879 -0.356659 -0.220517 0.512821 0.829691 -0.839087 0.333955 -0.429427
3.437690 -59.139965 -686.384662 4802.396000 0.488549 0.797313 -0.354417 -0.083086 0.446857 0.890739 -0.868572 0.405722 -0.284557
3.084364 -65.060134 -480.379828 4619.928629 0.497919 0.786226 -0.365958 -0.150014 0.493713 0.856588 -0.854150 0.371613 -0.363774
38.744607 -32.006977 -1536.321666 -474.071447 0.414361 0.193295 -0.889349 -0.237238 0.966343 0.099497 0.878649 0.169760 0.446271
36.570747 -30.650358 -4554.975184 -928.953704 0.523483 0.202561 -0.827608 -0.156701 0.977649 0.140167 0.837502 0.056312 0.543525
27.988198 -31.742137 -5936.788429 -976.011714 0.596177 0.219688 -0.772211 -0.209487 0.971081 0.114533 0.775041 0.093486 0.624958
40.644493 -30.038528 -4.381147 -347.848075 0.371440 0.197458 -0.907217 -0.157221 0.976389 0.148142 0.915048 0.087607 0.393715
-5.714901 -33.233251 -366.702283 -800.022821 -0.541635 0.802588 0.249968 0.376165 0.497340 -0.781763 0.751753 0.329401 0.571282
-6.389242 -35.730683 -164.907809 1554.151925 -0.575986 0.776326 0.256042 0.277188 0.480141 -0.832245 0.769030 0.408390 0.491743
-4.937528 -32.673774 27.619785 -185.053226 -0.587086 0.770795 0.247396 0.358473 0.521546 -0.774265 0.725829 0.365875 0.582502
-3.683481 -32.246526 -498.174068 -1985.580133 -0.568189 0.778311 0.267195 0.451738 0.566412 -0.689282 0.687818 0.270940 0.673422
-6.087092 -16.320204 193.120894 -1192.788417 -0.259105 0.249218 -0.933142 0.314344 0.935296 0.162510 0.913265 -0.251220 -0.320680
-5.579926 -12.467127 559.874243 -1195.160948 -0.266068 0.231451 -0.935755 0.348206 0.928277 0.130594 0.898866 -0.291089 -0.327578
-4.480217 -13.345778 461.747210 -1209.729335 -0.312651 0.135493 -0.940155 0.308079 0.950733 0.034565 0.898519 -0.278835 -0.338990
-6.260378 -17.541720 163.510720 -1106.658592 -0.309300 0.137280 -0.941003 0.256160 0.964977 0.056580 0.915814 -0.223548 -0.333634
-9.858594 -54.684632 1028.341746 -849.503452 0.402026 0.113318 -0.908589 0.915104 -0.016142 0.402896 0.030989 -0.993428 -0.110187
-10.084680 -55.573505 -966.909369 -912.649636 0.389838 0.094952 -0.915975 0.920461 -0.010067 0.390704 0.027877 -0.995431 -0.091325
-10.605966 -57.113213 403.927343 -859.302394 0.387794 0.111350 -0.914996 0.897186 0.182025 0.402398 0.211359 -0.976969 -0.029313
-10.710761 -59.037987 82.708057 -341.628684 0.388962 0.131993 -0.911749 0.839191 0.357555 0.409771 0.380087 -0.924517 0.028308
-10.825136 -59.893192 862.104720 -540.102991 0.388747 0.117126 -0.913869 0.841923 0.357713 0.403988 0.374221 -0.926457 0.040449
-11.547047 -59.039704 878.263280 -1085.121296 0.399371 0.083571 -0.912972 0.863555 0.300109 0.405225 0.307856 -0.950237 0.047686
-20.883764 -26.735387 -220.388741 1097.946387 0.123112 0.826211 0.549744 0.355163 0.480585 -0.801809 0.926662 -0.293961 0.234274
-21.076420 -26.461510 653.251109 1289.286733 -0.017497 0.713337 0.700602 0.314013 0.669176 -0.673498 0.949258 -0.208214 0.235705
-20.171430 -28.480661 565.417212 625.073421 0.068147 0.848900 0.524142 0.429694 0.449165 -0.783335 0.900399 -0.278603 0.334158
-20.412967 -28.534518 -933.385302 174.278562 0.165183 0.828081 0.535720 0.439843 0.424323 -0.791510 0.882753 -0.366376 0.294135
-19.597118 -30.021617 -718.539117 -199.296276 0.161075 0.855555 0.492016 0.520158 0.350076 -0.779027 0.838743 -0.381408 0.388636
-19.356214 -30.016831 1240.103668 729.730595 -0.036744 0.838167 0.544174 0.445022 0.501291 -0.742067 0.894765 -0.214903 0.391423
-19.113325 -30.746018 185.661573 86.699706 0.074848 0.867435 0.491889 0.533215 0.382017 -0.754815 0.842662 -0.318779 0.433936
-1.004538 -153.163799 548.883558 -6248.661017 0.415520 0.058761 -0.907684 0.908383 -0.078071 0.410786 -0.046726 -0.995215 -0.085817
-2.440049 -170.085622 -418.451802 -10433.607170 0.429336 0.010260 -0.903087 0.896872 -0.122489 0.424990 -0.106258 -0.992417 -0.061790
-0.424824 -141.689337 -163.943280 -11131.772098 0.378800 0.012420 -0.925395 0.860038 -0.374041 0.347027 -0.341826 -0.927329 -0.152369
-3.635772 -101.584346 -779.339484 -18995.140004 -0.098160 0.989075 0.109978 -0.789553 -0.010130 -0.613599 0.605781 0.147064 -0.781922
-7.633482 -98.474068 -325.749832 -16671.178533 -0.150844 0.982464 0.109594 -0.827342 -0.064787 -0.557950 0.541065 0.174835 -0.822606
-6.327142 -49.941404 -5.656235 -5970.266176 0.044451 0.970430 0.237253 -0.748998 0.189527 -0.634887 0.661079 0.149481 -0.735275
-1.542649 -58.326671 -1020.842491 -8239.849749 0.064836 0.975139 0.211898 -0.684393 0.197988 -0.701717 0.726225 0.099525 -0.680215
1.472494 -100.492790 3129.188394 10681.439903 0.142351 0.894690 -0.423399 0.710772 0.205303 0.672796 -0.688868 0.396713 0.606695
6.620856 -98.501046 2939.194279 7374.962766 0.127838 0.895239 -0.426855 0.600686 0.272582 0.751582 -0.789198 0.352486 0.502911
-1.192438 -112.727995 2443.509556 3308.388059 0.108714 0.885039 -0.452645 0.458371 0.359418 0.812844 -0.882087 0.295847 0.366603
-18.586486 -23.676022 1531.109337 -7147.156483 -0.210775 0.743972 0.634098 -0.436011 -0.652121 0.620188 -0.874911 0.145754 -0.461830
-11.882558 -35.679943 2836.870769 5123.072743 -0.272357 0.500486 0.821788 0.253476 0.861227 -0.440498 -0.928209 0.088331 -0.361422
-7.342936 -38.883582 -1391.500668 -7010.391567 -0.461751 -0.107374 0.880487 0.038939 0.989236 0.141056 -0.886154 0.099419 -0.452600
20.049187 -36.814841 -1231.117033 -14.388825 -0.022307 0.246676 -0.968841 0.948500 -0.301076 -0.098495 -0.315991 -0.921143 -0.227256
19.787630 -36.465031 1785.173866 -55.813576 -0.006270 0.362228 -0.932068 0.948108 -0.294150 -0.120692 -0.317886 -0.884458 -0.341588
19.604343 -35.820392 -794.362841 -1001.963667 -0.017505 0.278321 -0.960329 0.895327 -0.423176 -0.138965 -0.445065 -0.862241 -0.241781
14.655892 -34.313425 2929.510892 782.509782 -0.030953 0.439867 -0.897529 0.990532 -0.106659 -0.086433 -0.133749 -0.891707 -0.432401
14.480779 -35.956143 3008.628221 889.477872 -0.013573 0.434914 -0.900370 0.971382 -0.207812 -0.115026 -0.237134 -0.876164 -0.419647
20.456363 -35.422271 2442.844282 781.553393 -0.018817 0.390194 -0.920540 0.980883 -0.171156 -0.092599 -0.193688 -0.904684 -0.379514
-6.978185 -32.882619 -196.375589 -262.312241 0.321695 0.061013 0.944875 0.089155 0.991536 -0.094380 -0.942637 0.114602 0.313533
-6.799320 -35.314474 119.686745 -3271.787140 0.334813 0.057665 0.940518 -0.031595 0.998251 -0.049958 -0.941755 -0.012989 0.336050
-6.477552 -34.260791 452.066008 -1884.719828 0.367664 0.059025 0.928084 -0.027268 0.998239 -0.052685 -0.929559 -0.005936 0.368626
-7.974616 -33.316435 -435.116780 -694.231362 0.297770 0.049766 0.953340 0.010957 0.998396 -0.055540 -0.954575 0.026984 0.296747
-6.910935 -33.206950 748.516228 553.504097 0.367909 0.046300 0.928708 0.138452 0.984899 -0.103950 -0.919496 0.166826 0.355943
-7.036533 -33.873839 -49.423749 3341.257735 0.330777 0.049770 0.942396 0.220316 0.966941 -0.128397 -0.917631 0.250095 0.308877
-7.873588 -32.392449 -285.826647 1135.906844 0.290457 0.048787 0.955644 0.189441 0.976000 -0.107404 -0.937948 0.212234 0.274244
9.793969 -67.560053 2390.498959 442.154425 -0.484294 0.067912 -0.872266 0.370724 0.918984 -0.134282 0.792479 -0.388402 -0.470235
10.717008 -71.243734 750.575656 -61.620457 -0.428420 0.072651 -0.900654 0.501750 0.848091 -0.170260 0.751467 -0.524846 -0.399792
12.610620 -66.755636 508.831473 2082.688076 -0.425995 0.052359 -0.903209 0.295205 0.951729 -0.084060 0.855209 -0.302441 -0.420889
11.374304 -61.010871 2325.151069 2234.032472 -0.484983 0.043745 -0.873429 0.174537 0.983497 -0.047656 0.856930 -0.175558 -0.484614
-5.337147 -62.787686 -508.843186 -1804.130660 -0.076755 0.021998 -0.996807 -0.384229 0.921887 0.049931 0.920042 0.386835 -0.062307
-4.443521 -58.529279 -537.512030 -947.378098 -0.057517 -0.002537 -0.998341 -0.194169 0.980930 0.008694 0.979280 0.194347 -0.056913
-7.518789 -57.828296 -1194.022739 -1420.405693 -0.058989 0.004636 -0.998248 -0.269925 0.962665 0.020421 0.961073 0.270657 -0.055535
-10.570083 -27.612577 -333.467628 -211.265471 -0.256132 -0.048710 -0.965414 0.796277 -0.576856 -0.182154 -0.548032 -0.815392 0.186538
-11.382399 -28.632636 268.681456 -1686.253253 -0.266192 0.030008 -0.963453 0.797464 -0.554613 -0.237605 -0.541473 -0.831567 0.123703
-11.203150 -28.725113 -481.502569 -1755.704634 -0.266551 -0.047294 -0.962660 0.823485 -0.530170 -0.201969 -0.500822 -0.846571 0.180263
-7.153934 -98.089056 -869.400956 9664.328573 0.001654 0.213017 0.977047 0.123286 0.969551 -0.211591 -0.992370 0.120807 -0.024658
-5.237868 -98.760292 -365.340433 8090.968137 -0.008953 0.214675 0.976644 0.068586 0.974515 -0.213579 -0.997605 0.065072 -0.023449
-6.564600 -116.206820 -795.524493 7949.902921 -0.018995 0.232686 0.972366 -0.145029 0.961615 -0.232946 -0.989245 -0.145446 0.015480
1.456919 -36.612640 97.220714 645.168147 -0.310891 -0.175579 -0.934087 0.386277 0.874621 -0.292965 0.868411 -0.451897 -0.204090
2.551559 -34.319034 387.622941 462.239017 -0.320736 -0.193728 -0.927145 0.340408 0.889880 -0.303702 0.883884 -0.413016 -0.219470
-0.203876 -34.724040 -13.586512 -122.069778 -0.295070 -0.133914 -0.946045 0.301313 0.926566 -0.225136 0.906722 -0.351487 -0.233052
-0.327858 -36.385228 383.634436 250.731398 -0.299413 -0.110538 -0.947699 0.319191 0.924432 -0.208668 0.899149 -0.364975 -0.241504
0.981437 -10.273380 854.022051 1655.572211 0.004132 -0.214955 0.976615 -0.251982 0.944885 0.209038 -0.967723 -0.246953 -0.050261
1.009798 -8.194494 749.637194 585.995477 0.024951 -0.270870 0.962293 -0.241610 0.932422 0.268726 -0.970052 -0.239205 -0.042180
-0.647146 -10.262795 258.353323 1088.818650 0.038216 -0.357614 0.933087 -0.257570 0.898691 0.354981 -0.965504 -0.253901 -0.057766
-1.265993 -13.189656 375.580395 1564.341066 0.008601 -0.261816 0.965079 -0.285492 0.924302 0.253298 -0.958343 -0.277701 -0.066796
-0.569024 -84.181636 -379.040904 1613.893975 -0.034695 0.215252 0.975942 0.265598 0.943399 -0.198633 -0.963459 0.252317 -0.089902
-0.504037 -99.604654 -1022.478468 753.928722 -0.051096 0.250790 0.966692 0.278202 0.933216 -0.227401 -0.959162 0.257317 -0.117454
1.300709 -91.583249 -975.055200 208.376659 -0.063517 0.204581 0.976787 0.096735 0.975416 -0.198004 -0.993281 0.081913 -0.081746
18.590649 -23.997978 5646.896674 611.724721 0.386916 -0.159271 0.908256 -0.408907 0.853195 0.323809 -0.826493 -0.496679 0.264988
28.352591 -21.446202 4985.787881 1127.366471 0.271164 -0.090563 0.958263 -0.435066 0.876528 0.205951 -0.858596 -0.472755 0.198282
31.819405 -22.365883 5339.143703 -224.584993 0.298300 -0.066965 0.952120 -0.406082 0.893847 0.190093 -0.863779 -0.443343 0.239441
15.163702 -56.858431 -3467.928223 -2748.719166 0.298288 0.732139 0.612370 0.941382 -0.331570 -0.062132 0.157554 0.595008 -0.788126
35.639130 -46.495062 8452.445940 -4735.815837 0.344949 0.673659 0.653600 0.935944 -0.299425 -0.185347 0.070843 0.675669 -0.733794
38.867570 -58.037589 10081.371034 -2399.811582 0.384730 0.663889 0.641275 0.882512 -0.468150 -0.044801 0.270471 0.583170 -0.766002
19.175918 -26.132264 1203.231260 -301.948476 0.281216 0.107261 -0.953631 0.415163 0.882328 0.221669 0.865192 -0.458249 0.203594
16.409708 -30.141572 1287.388581 -31.134997 0.215557 0.096159 -0.971745 0.421116 0.888691 0.181354 0.881020 -0.448310 0.151070
17.063266 -27.814223 1356.240979 -548.766072 0.225224 0.042064 -0.973399 0.523215 0.837566 0.157255 0.821900 -0.544715 0.166632
-6.845471 -29.229904 514.580805 902.919608 0.054954 -0.169339 -0.984025 0.498287 0.858676 -0.119940 0.865269 -0.483736 0.131567
-7.287121 -30.816838 226.116203 517.762831 0.067682 -0.114325 -0.991135 0.563992 0.823844 -0.056515 0.823002 -0.555167 0.120237
-5.824408 -28.301895 169.663885 1470.572529 0.062784 -0.102246 -0.992776 0.454869 0.888347 -0.062725 0.888343 -0.447645 0.102282
-4.901301 -26.442629 75.483334 2035.871996 0.058759 -0.141516 -0.988190 0.399129 0.910668 -0.106682 0.915010 -0.388147 0.109993
-4.849224 -23.170251 -884.882986 1697.465411 0.112741 -0.025337 -0.993301 0.358916 0.933216 0.016933 0.926536 -0.358421 0.114305
18.188788 -36.612173 553.936115 1554.900247 0.271881 0.020052 -0.962122 0.529760 0.831537 0.167032 0.803390 -0.555107 0.215456
11.569029 -38.076660 877.700316 1984.774616 0.294943 0.047621 -0.954328 0.602274 0.766111 0.224366 0.741805 -0.640941 0.197278
12.008170 -36.270622 -2143.820144 303.014176 0.459154 0.094926 -0.883271 0.517204 0.779824 0.352668 0.722273 -0.618760 0.308963
-2.162476 -51.298246 191.648798 -221.487758 0.540798 0.048807 0.839735 -0.167977 0.984473 0.050959 -0.824209 -0.168615 0.540600
-3.252939 -51.059260 88.056488 181.381679 0.529998 0.046792 0.846707 -0.149940 0.987915 0.039260 -0.834638 -0.147763 0.530609
-2.468187 -53.086778 33.039496 -1565.263201 0.533580 0.047799 0.844398 -0.303999 0.942515 0.138746 -0.789226 -0.330728 0.517438
-2.731868 -51.613694 216.943990 1546.942738 0.534018 0.046269 0.844206 0.009504 0.998110 -0.060716 -0.845420 0.040446 0.532569
-0.522503 -52.817787 440.591312 -348.901097 0.546696 0.054474 0.835557 -0.266830 0.957193 0.112180 -0.793678 -0.284280 0.537829
-0.879258 -51.540714 773.588969 1374.930763 0.557569 0.049691 0.828642 -0.076927 0.997004 -0.008025 -0.826558 -0.059271 0.559722
-2.351257 -19.030491 1674.022818 1377.451188 -0.004118 -0.070589 0.997497 0.385360 0.920351 0.066720 -0.922757 0.384671 0.023412
-6.151112 -19.716182 761.726117 1431.312548 -0.024638 -0.041476 0.998836 0.375352 0.925654 0.047696 -0.926555 0.376090 -0.007238
-3.485385 -23.588652 1203.561992 1039.888892 -0.011520 -0.054080 0.998470 0.299087 0.952637 0.055048 -0.954156 0.299264 0.005200
-142.548452 -321.990712 4110.308326 -70747.196381 -0.560704 0.740149 0.371201 -0.574524 -0.670591 0.469286 -0.596266 -0.049866 -0.801237
-90.994657 -365.489460 70418.065863 12125.311110 0.500248 0.829640 -0.247892 -0.361520 0.460260 0.810841 -0.786801 0.316004 -0.530175
-30.570448 -8114.870126 167496.373434 3274664.006459 -0.125021 0.992124 -0.007742 0.437756 0.062162 0.896942 -0.890359 -0.108747 0.442080
16.706472 -355.922841 5805.348763 -72317.974229 -0.569632 0.819074 -0.068091 -0.675616 -0.419461 0.606297 -0.468041 -0.391369 -0.792318
-30.721507 -51.936263 518.071474 1685.817987 -0.675119 0.344502 0.652328 0.735887 0.252386 0.628309 0.051815 0.904223 -0.423906
-27.498271 -47.069652 -76.788040 2770.111324 0.803761 -0.382752 -0.455488 0.565981 0.255910 0.783693 0.183396 0.887700 -0.422321
59.614772 -76.921539 1955.943701 1967.464823 -0.208012 -0.077600 -0.975043 -0.413035 0.910581 0.015646 0.886642 0.405981 -0.221463
53.757062 -80.610628 5511.699863 4931.883342 -0.365463 -0.176445 -0.913950 -0.598478 0.796560 0.085533 0.712924 0.578238 -0.396712
48.249824 -78.944684 7129.548608 -803.199339 -0.387144 -0.166344 -0.906890 -0.349536 0.936650 -0.022589 0.853196 0.308246 -0.420762
-34.990239 -54.525936 1542.303249 -1199.157956 -0.283982 -0.322909 -0.902820 0.581078 0.691018 -0.429933 0.762694 -0.646702 -0.008601
0.841596 -88.184609 -665.908222 1303.147331 0.498880 0.772337 -0.393211 -0.727869 0.619659 0.293649 -0.470452 -0.139710 -0.871295
0.920913 -84.056567 -530.517253 524.389370 0.505762 0.770862 -0.387268 -0.615389 0.636992 0.464260 -0.604567 -0.003516 -0.796547
0.964542 -29.017345 328.998530 -4556.231888 0.488033 0.868902 -0.082665 0.336516 -0.274702 -0.900719 0.805345 -0.411762 0.426463
-1.871480 -19.835028 647.722368 -3232.377374 0.459267 0.887477 -0.038192 0.378930 -0.234619 -0.895191 0.803421 -0.396660 0.444044
1.479334 -29.764234 554.737385 -3266.653583 0.449687 0.892868 0.023844 0.324287 -0.138334 -0.935789 0.832238 -0.428545 0.351752
4.151182 -33.824729 -13.932741 -2109.908076 0.491576 0.867623 -0.074723 0.211796 -0.202345 -0.956137 0.844687 -0.454188 0.283227
2.712588 -32.504545 -13.124545 -2929.582417 0.503188 0.849696 -0.157539 0.225652 -0.305165 -0.925179 0.834196 -0.429989 0.345291
-1.836972 -24.590269 -40.368147 88.440957 0.758713 -0.488036 -0.431481 0.393598 0.871230 -0.293325 0.519072 0.052719 0.853103
478.711918 -20.859923 107019.374354 -617.850404 0.320814 0.266524 0.908869 0.631103 0.655378 -0.414956 -0.706248 0.706714 0.042051
315.759345 -10.740971 74457.835868 2333.204940 0.287779 0.401485 0.869479 0.663750 0.570855 -0.483281 -0.690376 0.716195 -0.102205
298.845776 -17.471814 55134.397796 171.079678 0.147033 0.498975 0.854052 0.633646 0.615490 -0.468684 -0.759522 0.610079 -0.225676
-0.756088 -31.031099 -456.938427 -650.897527 0.501894 -0.748354 -0.433670 0.576807 -0.084026 0.812548 -0.644513 -0.657956 0.389483
-2.211598 -32.459533 -542.641362 -992.955383 0.506671 -0.744378 -0.434955 0.599090 -0.058812 0.798519 -0.619980 -0.665164 0.416151
-1.198854 -32.304125 182.121138 -1054.867395 0.520991 -0.742218 -0.421522 0.586230 -0.047800 0.808733 -0.620405 -0.668452 0.410207
-11.946698 -53.846123 -441.168838 2076.092215 -0.668670 0.364850 0.647893 0.743220 0.301604 0.597210 0.022485 0.880863 -0.472837
-10.789301 -56.935576 -1235.703799 646.030254 -0.648196 0.411471 0.640729 0.758248 0.426147 0.493416 -0.070018 0.805661 -0.588224
-12.062094 -63.541609 -801.034295 2590.839577 -0.615729 0.396657 0.680838 0.778553 0.439358 0.448129 -0.121378 0.805995 -0.579344
-15.359483 -61.780451 -342.714195 2846.126717 -0.640935 0.328103 0.693939 0.763342 0.367488 0.531284 -0.080698 0.870231 -0.485990
-14.510820 -52.121709 -447.754114 3530.660658 -0.694001 0.310399 0.649627 0.715803 0.200475 0.668907 0.077394 0.929227 -0.361314
-12.839943 -47.552002 -192.690518 2809.363413 -0.692817 0.342061 0.634822 0.705610 0.140011 0.694630 0.148724 0.929189 -0.338363
-11.585553 -47.828284 -836.733256 2013.720384 -0.667594 0.396436 0.630204 0.727274 0.166077 0.665951 0.159344 0.902916 -0.399189
-5.834813 -63.345246 -441.789708 396.370174 0.473166 0.188220 -0.860632 -0.312147 0.949351 0.036008 0.823819 0.251606 0.507953
-5.815571 -62.269904 -293.153122 -697.429217 0.473690 0.166434 -0.864822 -0.108895 0.985514 0.130016 0.873934 0.032588 0.484952
-4.659673 -60.285788 -269.801838 1192.497806 0.468043 0.188780 -0.863306 -0.458862 0.886813 -0.054853 0.755236 0.421812 0.501691
-4.717933 -64.448538 -234.004120 176.165757 0.477952 0.173752 -0.861030 -0.289086 0.956748 0.032598 0.829453 0.233331 0.507509
6.158602 -70.191469 142.996096 1480.013497 -0.281169 -0.269111 0.921153 -0.104929 0.962742 0.249233 -0.953904 -0.026579 -0.298931
4.666676 -66.670498 -49.769194 2601.269014 -0.294759 -0.272618 0.915858 0.077946 0.948387 0.307387 -0.952387 0.161993 -0.258296
4.789306 -67.026461 207.268565 2731.515264 -0.278051 -0.247372 0.928167 0.083593 0.956374 0.279932 -0.956922 0.155424 -0.245242
6.102559 -70.767775 441.265279 1407.096670 -0.265152 -0.231711 0.935951 -0.105868 0.971823 0.210600 -0.958377 -0.043247 -0.282211
9.023554 -74.496208 -51.055592 250.280574 -0.268360 -0.268613 0.925111 -0.307049 0.934099 0.182152 -0.913074 -0.235172 -0.333152
13.850080 -12.349289 -2226.228769 -1593.634282 0.495280 0.813066 0.305976 0.181930 0.247324 -0.951700 0.849470 -0.527024 0.025426
18.030112 -8.788255 -805.494303 -1467.625779 0.439115 0.879338 0.184236 0.150224 0.130314 -0.980026 0.885783 -0.458020 0.074875
20.230999 -5.442526 -2326.890291 -694.317601 0.501295 0.835639 0.224523 0.171572 0.158334 -0.972365 0.848096 -0.525963 0.064000
8.076461 -5.276294 1020.504672 -410.707539 -0.408739 0.566560 0.715501 0.710782 0.689374 -0.139828 -0.572469 0.451412 -0.684475
7.725773 -3.288084 1336.828047 -1322.080915 -0.400425 0.569017 0.718247 0.686291 0.705612 -0.176398 -0.607177 0.422293 -0.673056
9.763600 -6.001096 435.837023 -427.607253 -0.381081 0.616781 0.688737 0.732462 0.655982 -0.182174 -0.564160 0.435050 -0.701751
6.490997 -21.186836 -1328.043580 -2797.899427 -0.626041 0.595375 0.503589 0.772044 0.382438 0.507631 0.109639 0.706591 -0.699077
8.562639 -15.675795 1236.544241 -1543.724772 0.761792 -0.536513 -0.363080 0.635736 0.511375 0.578217 0.124551 0.671305 -0.730642
6.494511 -18.671406 983.283056 -3638.854107 0.740829 -0.543695 -0.394422 0.658478 0.471945 0.586238 0.132589 0.694020 -0.707642
4.207779 -82.582080 -514.569949 2145.561275 0.304482 0.001085 -0.952517 0.865271 -0.418410 0.276116 -0.398243 -0.908258 -0.128337
3.872992 -89.335057 160.585714 2513.286471 0.320717 0.037533 -0.946431 0.868556 -0.410236 0.278058 -0.377823 -0.911207 -0.164169
4.177149 -91.625604 -314.510783 659.831547 0.286712 0.029799 -0.957553 0.754184 -0.623377 0.206419 -0.590765 -0.781354 -0.201203
3.153136 -87.916098 -1035.288802 1785.526741 0.273496 0.007015 -0.961848 0.766069 -0.606298 0.213406 -0.581669 -0.795207 -0.171193
2.279169 -80.268909 -627.042976 2528.334351 0.295467 0.003507 -0.955347 0.869521 -0.415248 0.267399 -0.395768 -0.909702 -0.125741
2.658775 -73.745031 -381.480109 3265.315043 0.321051 -0.002191 -0.947059 0.926641 -0.205815 0.314606 -0.195609 -0.978588 -0.064047
-7.602715 -94.060384 -547.081261 -2118.900037 0.521313 0.793229 -0.314676 -0.226092 0.483954 0.845382 -0.822870 0.369563 -0.431634
-6.482940 -89.314456 -1212.443624 -2946.105819 0.486768 0.816858 -0.309516 -0.370916 0.514078 0.773398 -0.790872 0.261661 -0.553222
-5.882210 -99.561260 -1107.073835 -3220.623941 0.500331 0.782749 -0.370098 -0.000808 0.427869 0.903840 -0.865834 0.451920 -0.214709
22.030243 -39.186164 2739.787155 -72.094182 0.253185 0.898062 -0.359698 -0.041247 -0.361454 -0.931477 0.966538 -0.250673 0.054472
13.111473 -38.995887 5318.598524 -686.101963 0.152276 0.958718 -0.240149 -0.223430 -0.203299 -0.953283 0.962752 -0.198819 -0.183249
22.627080 -41.306502 5755.345451 -705.669090 0.187875 0.948323 -0.255706 -0.250438 -0.205485 -0.946074 0.949728 -0.241783 -0.198890
25.741697 -40.731522 2684.250942 187.065209 0.268025 0.912533 -0.308945 -0.192457 -0.263499 -0.945266 0.943993 -0.312814 -0.104999
13.517680 -235.313906 -3971.702983 -40738.796988 -0.606822 -0.506115 0.612874 0.663563 0.101888 0.741149 -0.437551 0.856426 0.274012
21.507146 -192.014713 4974.805303 -17146.324394 0.586994 0.544094 -0.599499 0.527156 0.305134 0.793095 -0.614446 0.781572 0.107710
7.675154 -175.332501 2945.698390 -12606.632019 0.606594 0.511145 -0.608913 0.536321 0.302283 0.788026 -0.586859 0.804585 0.090775
-6.626319 -35.057789 -104.162700 296.427871 -0.539468 0.810754 0.227270 0.292540 0.433573 -0.852312 0.789554 0.393309 0.471077
-6.508662 -35.283538 96.494849 436.257961 -0.577494 0.780865 0.238223 0.226968 0.433858 -0.871925 0.784211 0.449462 0.427781
-9.732197 -54.574016 51.376238 -150.720807 0.394342 0.110568 -0.912288 0.908453 -0.196618 0.368855 -0.138589 -0.974226 -0.177980
-21.532053 -24.723696 -72.841944 879.930952 0.126515 0.802496 0.583091 0.293456 0.531225 -0.794785 0.947564 -0.271663 0.168289
-21.027199 -24.701085 -424.939723 456.845808 0.040395 -0.569141 -0.821247 0.257762 0.800034 -0.541761 0.965364 -0.189802 0.179020
-2.067078 -182.534443 -1258.289098 -26496.721273 0.428562 -0.038592 -0.902688 0.757212 -0.529715 0.382142 -0.492915 -0.847297 -0.197794
-4.563341 -222.178210 -24.496046 -25577.468706 0.470333 0.030055 -0.881977 0.870586 -0.179395 0.458146 -0.144452 -0.983318 -0.110541
0.847907 -219.261482 -108.684460 8603.405182 0.431518 0.041247 -0.901161 0.856164 0.295995 0.423520 0.284208 -0.954299 0.092413
0.878350 -234.120317 -400.001215 -36310.518857 0.460637 0.031761 -0.887020 0.875309 -0.181914 0.448042 -0.147131 -0.982801 -0.111597
1.492574 -204.401351 -171.544399 -35397.603712 0.427369 0.013683 -0.903974 0.771658 -0.526503 0.356845 -0.471062 -0.850063 -0.235569
-16.517559 -165.248974 -2157.238667 31151.574980 0.109103 0.993682 -0.026320 -0.599262 0.044625 -0.799308 0.793083 -0.102980 -0.600345
-7.236441 -76.501465 -276.070508 14781.056031 0.152444 0.968852 0.195159 -0.680667 0.246093 -0.690022 0.716557 0.027649 -0.696981
-23.315732 -175.214070 -1279.973178 43922.973843 -0.012982 0.999913 -0.002246 -0.732491 -0.011039 -0.680687 0.680653 0.007192 -0.732571
-33.892054 -258.225291 -3089.959147 59610.526215 0.001678 0.992641 -0.121084 -0.616546 -0.094305 -0.781651 0.787317 -0.075965 -0.611850
-121.521442 -664.971141 27399.965865 156812.228800 -0.489539 0.741614 -0.458651 -0.522995 -0.670594 -0.526099 0.697730 0.017673 -0.716142
255.263275 -2779.808221 22533.721515 694984.835018 -0.469707 0.835522 -0.285093 -0.622152 -0.542394 -0.564567 0.626341 0.087810 -0.774588
8.395948 -79.076601 1827.576549 6266.867800 0.155091 0.924823 -0.347346 0.765903 0.109513 0.633561 -0.623970 0.364293 0.691341
-13.388549 -47.691708 1030.390048 3952.870818 -0.255197 0.586975 0.768333 0.194723 0.809563 -0.553797 -0.947078 0.008285 -0.320895
-10.995029 -44.412319 593.353085 -2187.278190 -0.350053 0.265254 0.898389 0.154428 0.962289 -0.223948 -0.923913 0.060343 -0.377815
-12.192604 -47.306706 2382.298673 3618.480125 -0.281379 0.525324 0.803032 0.145246 0.850517 -0.505494 -0.948541 -0.025598 -0.315618
-33.399589 -43.301377 -127.335766 -919.320907 -0.495908 0.835641 -0.236175 0.860932 0.437592 -0.259441 -0.113451 -0.331989 -0.936436
-33.787015 -46.220169 23.210440 -1705.380771 -0.612750 0.768260 -0.185238 0.789510 0.584782 -0.186289 -0.034795 -0.260396 -0.964875
-31.155042 -43.770827 -414.030594 -1124.861545 -0.557839 0.766755 -0.317650 0.829712 0.524369 -0.191354 0.019844 -0.370303 -0.928699
-32.770719 -46.274103 856.879181 -1114.121343 -0.667715 0.711513 -0.218876 0.741159 0.662887 -0.106132 0.069575 -0.233088 -0.969964
-31.826488 -45.615891 -1040.504946 -694.582786 -0.671339 0.660263 -0.336684 0.716386 0.694535 -0.066420 0.189984 -0.285786 -0.939272
-30.932942 -43.347206 -1587.561736 -1076.019175 -0.599925 0.677520 -0.425508 0.780314 0.612925 -0.124230 0.176636 -0.406559 -0.896387
-29.361332 -41.845019 -1337.315303 -428.437890 -0.491515 0.732193 -0.471493 0.863413 0.480405 -0.154045 0.113716 -0.482809 -0.868311
22.216733 -35.778502 -370.574060 548.738920 -0.020095 0.293204 -0.955839 0.979481 -0.185979 -0.077642 -0.200531 -0.937786 -0.283451
13.867569 -35.424750 2996.842901 -701.666276 0.007358 0.429872 -0.902860 0.928036 -0.339195 -0.153936 -0.372419 -0.836753 -0.401432
21.530655 -30.756087 -3459.860313 -304.646050 -0.011596 0.176491 -0.984234 0.946171 0.320338 0.046295 0.323458 -0.930717 -0.170705
24.531476 -29.977154 -939.789438 108.469566 -0.064117 0.264251 -0.962320 0.930568 0.364143 0.037991 0.360461 -0.893069 -0.269251
23.117602 -29.672521 -2452.808116 -76.808651 -0.033005 0.217226 -0.975563 0.969948 0.242393 0.021158 0.241065 -0.945547 -0.218698
22.873247 -31.377848 -3524.102905 98.103470 -0.029624 0.166807 -0.985544 0.901911 0.429509 0.045586 0.430905 -0.887523 -0.163169
-4.858358 -48.368534 79.911199 -358.000278 -0.274380 -0.177729 -0.945054 0.627089 0.711988 -0.315962 0.729023 -0.679327 -0.083904
-3.921213 -46.561519 801.587674 -30.465608 -0.307384 -0.156748 -0.938587 0.607736 0.726643 -0.320384 0.732237 -0.668894 -0.128097
-4.700675 -46.035013 213.622051 843.946633 -0.271404 -0.151458 -0.950474 0.514113 0.812035 -0.276201 0.813651 -0.563613 -0.142524
-3.786513 -44.672382 814.882699 809.950913 -0.304882 -0.137407 -0.942426 0.498810 0.819924 -0.280915 0.811317 -0.555738 -0.181440
-4.812005 -48.154911 -421.230146 519.934902 -0.248509 -0.170668 -0.953476 0.534667 0.796641 -0.281948 0.807697 -0.579858 -0.106722
-4.569159 -45.186393 -289.397165 1912.570668 -0.243386 -0.146591 -0.958788 0.404829 0.882940 -0.237760 0.881406 -0.446013 -0.155551
-4.587482 -43.045987 286.538442 1779.045745 -0.271536 -0.127526 -0.953942 0.396067 0.888554 -0.231524 0.877154 -0.440692 -0.190765
10.358548 -71.148321 471.140068 -1486.819812 -0.421666 0.079623 -0.903248 0.683098 0.682977 -0.258687 0.596301 -0.726087 -0.342379
9.922392 -71.243290 -1397.125025 -3160.151059 -0.355597 0.031260 -0.934117 0.715764 0.651805 -0.250663 0.601027 -0.757742 -0.254155
10.798036 -71.946491 -1363.986172 -700.630846 -0.350944 0.037701 -0.935637 0.551573 0.815773 -0.174016 0.756707 -0.577142 -0.307086
9.606695 -67.438843 -115.771957 -969.545482 -0.410037 0.067861 -0.909541 0.793114 0.518959 -0.318830 0.450378 -0.852101 -0.266614
8.600232 -70.014140 1855.062836 215.343829 -0.453846 0.107590 -0.884561 0.631710 0.738971 -0.234233 0.628464 -0.665091 -0.403345
6.571252 -70.265418 1723.096413 21.833534 -0.458446 0.107653 -0.882178 0.740028 0.595907 -0.311855 0.492124 -0.795805 -0.352857
7.952711 -70.449694 1301.935312 -346.179569 -0.442630 0.102323 -0.890847 0.787481 0.519536 -0.331597 0.428897 -0.848300 -0.310539
-3.080922 -59.329712 -304.929195 -2068.910883 -0.056948 0.014444 -0.998273 -0.264776 0.963872 0.029051 0.962627 0.265973 -0.051066
-1.356809 -57.689926 -350.370237 -1250.905081 -0.050850 -0.003982 -0.998698 -0.102190 0.994764 0.001237 0.993464 0.102120 -0.050990
0.040377 -64.356611 -654.559197 -2480.820941 -0.052715 0.025691 -0.998279 -0.281311 0.958802 0.039530 0.958168 0.282911 -0.043316
-4.146335 -57.418550 -430.080700 -8.193020 -0.054032 -0.027515 -0.998160 0.000371 0.999620 -0.027575 0.998539 -0.001860 -0.054001
-1.441571 -56.163191 -193.996395 426.135483 -0.048957 -0.041149 -0.997953 0.040768 0.998236 -0.043161 0.997969 -0.042797 -0.047194
-2.736259 -54.720701 234.769489 125.533642 -0.059167 -0.036093 -0.997595 0.024297 0.998998 -0.037585 0.997952 -0.026462 -0.058231
0.807106 -56.962895 -929.893160 105.449094 -0.028999 -0.029871 -0.999133 -0.005551 0.999543 -0.029722 0.999564 0.004684 -0.029152
1.538455 -61.649136 -939.124985 -913.838525 -0.031933 -0.005464 -0.999475 -0.148271 0.988947 -0.000669 0.988431 0.148171 -0.032390
-4.273880 -110.411498 -150.169389 805.884046 -0.031535 0.215080 0.976087 -0.431549 0.877926 -0.207392 -0.901538 -0.427769 0.065132
-2.879507 -109.285562 -413.315127 263.436781 -0.047730 0.203954 0.977816 -0.429160 0.879784 -0.204454 -0.901967 -0.429398 0.045537
