10982
21956
-53.425600 -83.059087 -2377.252357 13670.794885 0.341256 0.916887 0.207033 0.417623 -0.345217 0.840485 -0.842101 0.200359 0.500721
-69.736215 -99.001554 -830.337001 9972.703955 0.379399 0.916583 0.126220 0.264455 -0.238156 0.934529 -0.886634 0.321180 0.332751
-45.123412 -105.142419 -6757.388295 18351.860096 0.202159 0.979352 0.001235 0.394747 -0.082639 0.915066 -0.896274 0.184501 0.403303
-61.742971 -83.220726 734.851582 -9823.176477 0.569423 0.650121 0.503090 -0.144717 0.681719 -0.717158 -0.809206 0.335561 0.482270
-26.373735 -95.101715 -9712.305042 21108.557489 0.134103 0.987881 0.078153 0.524550 -0.137674 0.840174 -0.840752 0.071675 0.536655
-40.623508 -66.268918 -4686.399317 9328.099102 0.318587 0.904727 0.282791 0.500553 -0.413922 0.760339 -0.804953 0.100682 0.584734
-48.419935 -67.430290 294.997898 -7467.203767 0.553174 0.632559 0.542095 -0.233804 0.742454 -0.627772 -0.799584 0.220523 0.558601
-2.605309 -180.157424 2012.433106 20751.137736 0.425782 0.898882 -0.103546 0.888788 -0.394037 0.234073 0.169603 -0.191694 -0.966689
-1.584785 -207.545394 3696.223302 -22551.787709 0.424014 0.900730 -0.094332 -0.899188 0.431122 0.074802 -0.108045 -0.053105 -0.992727
1.423144 -211.707289 3260.019887 29728.242442 0.416597 0.903166 -0.103631 0.908983 -0.412072 0.062819 0.014032 -0.120369 -0.992630
-0.806843 -168.346784 845.727965 -19911.819322 0.410062 0.906220 -0.103028 -0.865664 0.351143 -0.356826 0.287185 -0.235508 -0.928472
0.827066 -179.722418 -256.756435 23971.831457 0.384789 0.915191 -0.119849 0.910796 -0.355435 0.210039 0.149627 -0.189979 -0.970319
5.124107 -212.302192 1224.495742 -23457.797348 0.396710 0.910675 -0.115292 -0.903205 0.409666 0.128042 -0.163836 -0.053336 -0.985045
33.374224 -69.037847 -86.938218 -384.374099 -0.264640 -0.737007 0.621921 0.843256 0.136023 0.520016 -0.467851 0.662056 0.585489
32.005318 -69.392837 1647.502015 -373.069394 -0.242046 -0.751953 0.613172 0.884503 0.088768 0.458011 -0.398833 0.653212 0.643620
34.917108 -68.600249 7497.004098 472.311338 -0.192082 -0.786652 0.586756 0.837892 0.179814 0.515367 -0.510922 0.590632 0.624590
30.287526 -69.658496 -7701.493210 -449.641083 -0.313726 -0.687903 0.654496 0.878245 0.051778 0.475399 -0.360917 0.723954 0.587903
37.887127 -68.451844 -256.844657 1629.485170 -0.261168 -0.738152 0.622031 0.797604 0.197941 0.569778 -0.543708 0.644942 0.537057
34.397839 -69.807503 -9432.181612 798.667496 -0.333710 -0.680048 0.652819 0.812636 0.143451 0.564840 -0.477766 0.718997 0.504760
-0.041614 -75.036425 -143.352903 2485.616266 0.358337 0.670885 0.649237 -0.471462 0.730268 -0.494401 -0.805803 -0.128928 0.577978
1.076502 -69.982842 -411.174377 3861.438494 0.348726 0.676620 0.648518 -0.526066 0.713983 -0.462041 -0.775657 -0.180038 0.604932
-0.405559 -71.104070 257.882811 626.754406 0.358751 0.676994 0.642632 -0.598990 0.694982 -0.397756 -0.715897 -0.242235 0.654839
-0.847899 -92.853177 -1258.717880 -263.732343 0.515247 0.528118 0.674990 -0.679481 0.731716 -0.053826 -0.522327 -0.430909 0.735861
0.070996 -94.471459 -1200.024687 -119.303396 0.484849 0.560885 0.671066 -0.614825 0.764283 -0.194582 -0.622023 -0.318245 0.715408
4.253192 -100.344731 -2899.110633 -217.595922 0.498041 0.541376 0.677397 -0.680532 0.728161 -0.081601 -0.537430 -0.420349 0.731078
4.114670 -95.089731 3248.266892 1003.860980 -0.533578 -0.503182 -0.679781 0.740538 -0.666211 -0.088130 -0.408531 -0.550428 0.728101
-1.999943 -90.122477 760.060360 930.799497 -0.548026 -0.504646 -0.667083 0.736269 -0.669498 -0.098390 -0.396958 -0.545073 0.738458
9.391340 -117.275585 8008.942208 275.073971 -0.105356 0.993773 -0.036275 0.500829 0.021511 -0.865279 0.859110 0.109330 0.499976
-7.319899 -117.140840 4717.342527 1066.896171 -0.138377 0.990294 0.013011 0.421002 0.070709 -0.904299 0.896442 0.119656 0.426701
16.744476 -118.174269 10276.582359 -93.778058 -0.133999 0.990344 -0.035553 0.302949 0.006779 -0.952983 0.943539 0.138469 0.300932
37.407591 -59.556795 -12018.159739 284.993230 -0.261923 0.948431 -0.178538 0.825696 0.315996 0.467303 -0.499622 0.025020 0.865882
54.690025 -62.719109 3482.511562 -780.825840 -0.169002 0.926621 -0.335876 0.864642 0.302963 0.400759 -0.473110 0.222683 0.852396
43.957489 -60.077603 -11647.968445 -1633.229727 -0.246058 0.955577 -0.162257 0.877696 0.290694 0.380982 -0.411225 0.048669 0.910234
31.985035 -59.379712 -21157.567590 -1141.301110 -0.265624 0.962946 -0.046671 0.874802 0.261090 0.408110 -0.405173 -0.067575 0.911739
-9.144261 -143.658038 -1059.668046 248.171887 0.162679 0.943948 0.287226 0.837498 0.021806 -0.546005 0.521663 -0.329374 0.787007
-10.639700 -140.148636 -2163.452929 2938.354249 0.179501 0.943970 0.276947 0.725546 0.063084 -0.685276 0.664351 -0.323946 0.673570
-11.163249 -143.915642 -2160.397847 -1530.150872 0.143471 0.944296 0.296179 0.901446 -0.001185 -0.432889 0.408424 -0.329096 0.851402
-17.629875 -563.049646 -2923.144428 172387.184653 0.581279 0.809188 -0.085610 0.562877 -0.323890 0.760438 -0.587609 0.490214 0.643743
-17.638703 -424.530381 -560.060961 40891.967684 0.593432 0.801497 -0.073767 0.241422 -0.089819 0.966255 -0.767825 0.591215 0.246800
-20.537777 -414.155741 -2854.082334 35801.766662 0.549937 0.833172 -0.058259 0.225939 -0.081252 0.970747 -0.804065 0.547013 0.232930
-16.048859 -501.714233 3377.445849 92654.985888 0.646600 0.760308 -0.061969 0.397872 -0.266825 0.877783 -0.650851 0.592230 0.475034
-18.036364 -505.448984 -1157.207057 148094.053856 0.560710 0.825135 -0.068965 0.549546 -0.308545 0.776401 -0.619357 0.473235 0.626454
-15.562685 -363.042467 -807.350964 87194.462759 0.557520 0.823473 -0.105183 0.747419 -0.442763 0.495303 -0.361297 0.354757 0.862329
-20.288740 -821.327984 1621.871652 286513.088671 -0.634882 -0.766476 0.097156 0.698793 -0.516027 0.495383 -0.329564 0.382402 0.863224
2.291775 -68.554117 -13659.840536 45.177102 -0.868950 0.127207 0.478272 0.152602 0.988182 0.014426 -0.470784 0.085521 -0.878094
-4.576999 -72.218627 -12165.370850 -3166.343627 -0.890577 -0.072792 0.448969 0.050677 0.965084 0.256994 -0.452000 0.251625 -0.855792
14.896999 -56.423121 -5402.295005 387.176624 -0.829553 0.137093 0.541339 0.209428 0.975019 0.074009 -0.517670 0.174766 -0.837541
23.345092 -55.600702 -4073.683955 1690.946833 -0.754839 0.352866 0.552905 0.301441 0.935292 -0.185372 -0.582539 0.026742 -0.812363
23.202764 -39.744445 3130.604240 1516.267528 -0.734114 0.287070 0.615359 0.304377 0.949212 -0.079698 -0.606985 0.128794 -0.784208
25.522906 -41.786407 98.677232 -560.243688 -0.800950 0.070999 0.594506 0.194640 0.969888 0.146399 -0.566210 0.232973 -0.790651
-35.441255 -65.793344 -1775.541427 4514.368820 -0.703008 -0.387006 0.596662 0.710052 -0.334683 0.619526 -0.040068 0.859193 0.510080
-28.263706 -69.678408 -77.642077 5620.384669 -0.655564 -0.378972 0.653158 0.752750 -0.259210 0.605126 -0.060021 0.888364 0.455200
-27.564252 -91.218023 330.067928 10776.748989 0.725520 0.379822 -0.573896 0.670175 -0.200317 0.714660 -0.156483 0.903110 0.399881
-37.133991 -74.153384 1957.031449 4777.785486 0.827824 0.359589 -0.430586 0.550074 -0.369634 0.748858 -0.110122 0.856777 0.503793
13.440091 -52.006968 -4005.309679 3669.293223 0.008972 0.876353 -0.481585 0.876752 -0.238487 -0.417648 0.480859 0.418484 0.770484
15.238593 -53.866480 5348.560743 2668.521080 -0.012142 -0.870750 0.491575 0.911150 -0.212142 -0.353273 0.411897 0.443609 0.795960
21.449417 -42.030148 -5286.048378 3982.996192 -0.087100 0.883069 -0.461088 0.863511 -0.163872 -0.476963 0.496751 0.439698 0.748267
20.564266 -46.947815 3680.677980 2627.755525 0.077153 -0.859037 0.506066 0.904538 -0.153183 -0.397927 0.419355 0.488457 0.765213
24.763614 -67.231728 8414.268983 2004.112249 0.569309 0.813463 0.119019 -0.048947 -0.110975 0.992617 -0.820665 0.570932 0.023363
23.964510 -60.407576 9443.735554 -3458.940428 0.573434 0.777970 0.256782 -0.262573 -0.122374 0.957121 -0.776034 0.616269 -0.134100
0.703254 -67.476589 8930.306125 -2792.985542 0.597615 0.729854 0.331919 -0.193599 -0.270372 0.943090 -0.778059 0.627863 0.020280
344.783473 -7349.924118 366.599353 -3112213.063782 0.808545 -0.159014 0.566542 0.071804 0.982262 0.173220 -0.584037 -0.099376 0.805621
-3398.421997 -4530.220848 -1224810.471611 -47330.260803 0.035899 0.796457 -0.603629 -0.122246 0.602982 0.788333 -0.991850 -0.045491 -0.119010
-230.882520 -706.696291 83217.505040 17247.220051 0.657416 -0.155011 0.737412 0.713313 0.443446 -0.542715 -0.242876 0.882795 0.402099
-528.738040 -690.669117 211498.867482 213603.486875 0.257108 -0.120266 0.958870 0.908586 0.368078 -0.197459 -0.329192 0.921984 0.203908
-668.629964 -1862.970824 220144.534447 703190.423977 0.875040 0.041946 0.482229 -0.473709 -0.130614 0.870942 -0.099518 0.990546 0.094422
-15.250608 -226.985137 -3716.177543 42234.338280 0.834392 -0.509664 0.209839 0.549112 0.801554 -0.236618 0.047602 -0.312657 -0.948673
-33.660844 -275.335580 3992.152323 79535.122960 -0.797662 0.539485 -0.269614 0.516269 0.841882 0.157167 0.311773 -0.013827 -0.950056
-47.200168 -306.427996 -20115.381432 64995.069467 0.844506 -0.517728 0.136992 0.535542 0.815432 -0.219695 -0.002035 -0.258899 -0.965902
-15.620393 -261.123099 -10256.415344 -26689.773268 0.815906 -0.551810 0.172633 0.524852 0.581612 -0.621496 -0.242543 -0.597690 -0.764160
1.720644 -216.255263 -4776.583605 -13093.380759 0.840687 -0.508758 0.185503 0.521029 0.666589 -0.533093 -0.147561 -0.544817 -0.825470
-59.301164 -82.588399 3337.860557 -736.542915 0.971381 -0.198358 0.130667 0.024132 0.629679 0.776480 0.236299 0.751105 -0.616445
-55.838864 -83.087241 4575.889260 485.526633 0.937336 -0.315713 0.147399 0.102270 0.653703 0.749808 0.333080 0.687748 -0.645028
-58.144176 -83.292508 2309.419361 486.140318 0.976882 -0.180739 0.114171 0.055872 0.731352 0.679708 0.206349 0.657616 -0.724542
-57.513083 -82.279822 5094.988652 -678.165798 0.940748 -0.273388 0.200628 -0.020150 0.545525 0.837852 0.338506 0.792251 -0.507693
77.838889 -127.141963 -32712.794472 21587.215280 0.893312 -0.447247 0.044323 -0.009376 0.080051 0.996747 0.449340 0.890821 -0.067317
115.662864 -139.747806 -32341.329618 20447.683495 0.820632 -0.568659 0.056477 0.001545 0.101037 0.994881 0.571455 0.816344 -0.083793
144.956573 -104.291742 -53254.731041 11541.606582 0.814138 -0.562161 0.145442 -0.183564 -0.011536 0.982940 0.550893 0.826947 0.112585
163.430458 -89.420167 -61416.737126 4878.767264 0.728975 -0.601171 0.327397 -0.441443 -0.047308 0.896041 0.523185 0.797719 0.299869
64.617930 -68.426271 -35132.458348 8877.480412 0.848747 -0.472410 0.237608 -0.303804 -0.067843 0.950316 0.432819 0.878764 0.201102
51.376732 -85.010193 -28158.833398 14032.630310 0.890785 -0.443929 0.097108 -0.129066 -0.042261 0.990735 0.435712 0.895065 0.094941
-23.585282 -60.755255 -2127.490592 -998.446611 -0.215008 0.636687 -0.740541 0.552140 -0.546211 -0.629917 0.805552 0.544319 0.234100
-23.655503 -60.206597 -2608.600158 846.774411 -0.186620 0.576715 -0.795344 -0.460023 0.664033 0.589440 0.868074 0.475878 0.141380
-27.482806 -58.237239 -2788.091751 -1735.410075 -0.245034 0.590612 -0.768853 0.559711 -0.561353 -0.609596 0.791633 0.579707 0.193021
-21.513200 -62.899556 -1177.415304 -699.346924 -0.190425 0.660004 -0.726727 0.487785 -0.578812 -0.653485 0.851941 0.478926 0.211720
-24.098783 -58.113112 -1868.223506 -996.046950 -0.289551 0.669502 -0.684052 0.624045 -0.409845 -0.665278 0.725761 0.619511 0.299128
-21.079963 -62.027265 -1217.727109 333.190333 -0.231162 0.682032 -0.693827 0.589281 -0.469300 -0.657652 0.774153 0.560883 0.293424
-11.681368 -54.260618 503.551485 -7531.660290 0.426466 0.791909 -0.437043 -0.606105 -0.108456 -0.787956 0.671390 -0.600930 -0.433727
-11.168689 -52.852468 -891.790172 1127.038321 0.431923 0.763958 -0.479386 0.687634 0.065003 0.723142 0.583611 -0.641984 -0.497247
-12.506070 -51.904011 -45.253478 -2843.594546 0.427764 0.787333 -0.443987 0.717372 0.003115 0.696684 0.549905 -0.616520 -0.563478
-11.601908 -58.590578 -1572.833029 -5853.162775 0.402063 0.761457 -0.508457 0.790896 -0.009027 0.611884 0.461334 -0.648153 -0.605862
-13.979400 -56.189531 -1910.200859 -6771.229438 0.406769 0.776568 -0.481125 0.791064 -0.036018 0.610672 0.456899 -0.629003 -0.628966
-13.636681 -53.657474 -1379.767034 -5557.273934 0.411686 0.785306 -0.462395 0.788080 -0.051981 0.613374 0.457651 -0.616922 -0.640284
-6.835246 -75.901236 -1194.736448 6162.308604 0.343291 0.734165 -0.585792 0.879957 -0.033352 0.473881 0.328370 -0.678151 -0.657483
-9.341979 -67.309349 -716.155971 10097.933316 0.344151 0.756088 -0.556679 0.858073 -0.012594 0.513374 0.381145 -0.654349 -0.653113
-7.393959 -68.602622 -1478.771097 4473.971362 0.384170 0.740882 -0.550914 0.821123 -0.001373 0.570750 0.422102 -0.671633 -0.608883
-4.638390 -73.621397 -901.553291 4295.477760 0.367204 0.732562 -0.573161 0.823241 0.030853 0.566854 0.432939 -0.680000 -0.591746
4.126404 -164.362686 -4101.152692 6830.473177 0.033635 0.650589 -0.758685 0.997302 -0.071413 -0.017024 -0.065256 -0.756065 -0.651236
-1.627688 -165.014727 -4552.093908 -2164.658701 0.041501 0.639321 -0.767819 0.945369 -0.273829 -0.176904 -0.323350 -0.718531 -0.615758
-5.146183 -170.153843 -441.410008 12409.804226 0.045995 0.664501 -0.745870 0.998765 -0.044623 0.021835 -0.018774 -0.745954 -0.665733
1.564791 -148.088862 873.658521 17319.268907 0.025528 0.686034 -0.727122 0.969477 0.160436 0.185406 0.243851 -0.709660 -0.660998
-6.673869 -178.883606 -1365.401598 -11351.694916 0.408147 0.812904 -0.415456 0.031034 -0.467178 -0.883619 0.912389 -0.347753 0.215904
-6.124465 -207.477495 -1499.833654 -28170.051078 0.399487 0.801199 -0.445522 -0.102214 -0.444027 -0.890164 0.911023 -0.401148 0.095489
-6.453408 -207.985561 -859.275401 -31422.255605 0.382804 0.801890 -0.458730 -0.221973 -0.402169 -0.888250 0.896766 -0.441851 -0.024046
-15.585313 -59.551114 -1263.947742 4394.105356 0.343246 0.825535 -0.447966 -0.402702 -0.301531 -0.864240 0.848536 -0.477044 -0.228946
-15.078841 -60.915467 -449.173816 3567.328258 0.346089 0.839653 -0.418574 -0.463933 -0.234620 -0.854236 0.815468 -0.489833 -0.308344
-17.389256 -61.837448 -1455.895189 2410.016381 0.302075 0.844226 -0.442757 -0.430749 -0.293456 -0.853428 0.850415 -0.448516 -0.275004
-19.311796 -62.894204 709.601209 -874.525028 0.259617 0.859525 -0.440244 -0.272401 -0.372185 -0.887286 0.926497 -0.350278 -0.137510
436.411006 -40.620776 141403.849006 1881.607631 0.075555 0.895276 -0.439059 0.864091 0.160959 0.476905 -0.497632 0.415420 0.761438
31236.030819 -2572.685559 10549847.574248 393889.735961 -0.569753 0.744053 -0.348950 0.575923 0.664399 0.476326 -0.586254 -0.070420 0.807061
595.016105 -49.074645 -214308.198209 9200.986116 -0.139985 -0.854844 0.499646 0.865127 0.139855 0.481660 -0.481622 0.499682 0.719971
746.375119 -26.760286 219907.760766 19230.649329 -0.360257 0.880118 -0.309203 0.778901 0.466200 0.419488 -0.513349 0.089715 0.853477
6.119211 -79.174136 -422.084586 2548.828346 0.434333 0.729890 -0.527841 -0.107113 -0.539990 -0.834828 0.894361 -0.419132 0.156355
2.360091 -72.354120 -2329.775072 5930.709573 0.459769 0.726844 -0.510206 -0.254337 -0.442686 -0.859850 0.850838 -0.525097 0.018670
3.593190 -81.485443 -2148.327560 4007.597647 0.466889 0.728328 -0.501550 -0.072047 -0.533947 -0.842443 0.881376 -0.429463 0.196820
-6.941618 -213.456168 1825.462382 16590.753921 0.140010 0.794452 0.590968 -0.097513 -0.582882 0.806685 -0.985337 0.170571 0.004140
-9.781702 -220.416473 3408.434812 855.135071 0.139075 0.786484 0.601748 -0.449942 -0.491124 0.745888 -0.882162 0.374486 -0.285569
-12.428727 -213.841371 2753.766477 10882.778854 0.119371 0.802425 0.584692 -0.343283 -0.519225 0.782664 -0.931615 0.294142 -0.213479
-12.529075 -225.066618 693.500734 -3703.579734 0.086691 0.800179 0.593463 -0.629954 -0.417460 0.654893 -0.771779 0.430627 -0.467886
-5.029221 -122.736902 1481.445034 15420.078686 -0.501541 0.563083 0.656805 0.812784 0.046597 0.580699 0.296377 0.825085 -0.481036
6.868579 -133.533310 2035.112890 4356.790809 -0.607126 0.544637 0.578592 0.781624 0.278254 0.558246 0.143046 0.791167 -0.594637
-8.744185 -124.151143 1532.514269 14531.200298 -0.647706 0.543109 0.534331 0.651123 0.030417 0.758362 0.395621 0.839111 -0.373332
-22.531379 -89.981048 -2574.049564 10642.282978 0.691256 -0.538161 -0.482232 0.496728 -0.130789 0.857995 0.524810 0.832632 -0.176911
-17.777527 -103.333238 2529.199731 12587.116674 -0.565029 0.551354 0.613801 0.693029 -0.086539 0.715697 0.447720 0.829771 -0.333207
267.498566 -4772.336528 -115474.885299 2445657.375337 -0.647687 0.463555 0.604664 0.365449 0.885381 -0.287311 -0.668542 0.034886 -0.742856
-97.225117 -4454.907640 39907.947530 -453778.722715 0.951251 -0.261247 0.163924 0.296106 0.624929 -0.722347 -0.086269 -0.735672 -0.671821
-159.713666 -435.030350 -10912.073856 177624.631971 0.305863 0.930858 0.199880 0.915686 -0.230129 -0.329483 -0.260704 0.283804 -0.922761
-57.235297 -190.225039 -4368.184011 -22017.201547 -0.061114 0.838158 0.541993 0.978677 0.157004 -0.132443 -0.196103 0.522342 -0.829881
-11.844905 -652.803704 13286.765144 166055.748196 -0.180504 0.810068 0.557860 0.909651 0.353216 -0.218573 -0.374104 0.468005 -0.800636
-915.735460 -6159.967818 256600.216219 -783124.749688 -0.193498 0.718908 0.667630 -0.369625 -0.683768 0.629157 -0.908810 0.125032 -0.398034
-8.771435 -25.227460 3227.207972 51.450173 -0.500384 0.801029 -0.328585 0.838075 0.543399 0.048449 0.217362 -0.251136 -0.943231
-10.048577 -28.056680 590.460970 1353.394136 -0.669477 0.654371 -0.351568 0.713421 0.698258 -0.058877 0.206957 -0.290233 -0.934309
-13.060307 -27.244518 -137.466503 2815.623463 0.700844 -0.633584 0.327703 0.690943 0.717137 -0.091170 0.177244 -0.290321 -0.940371
-10.540214 -29.557768 3449.781732 -650.115328 -0.604199 0.718092 -0.345379 -0.757793 -0.651824 -0.029567 0.246358 -0.243862 -0.937998
-4.830331 -27.346924 5196.083928 1096.715074 -0.393685 0.864194 -0.313340 -0.880891 -0.452100 -0.140130 0.262760 -0.220851 -0.939245
-10.568671 -38.123827 -2388.024578 -483.013264 0.045903 0.890158 -0.453334 0.243208 -0.450116 -0.859212 0.968887 0.070814 0.237155
-14.730510 -41.572583 -2987.252248 -905.091261 0.030822 0.872247 -0.488094 0.212112 -0.482912 -0.849591 0.976759 0.077344 0.199898
-16.661130 -41.800260 -2288.271835 1441.544485 0.064579 0.806964 -0.587060 0.292728 -0.577726 -0.761933 0.954012 0.122644 0.273530
-12.006019 -37.685611 -2010.871278 1413.999368 0.059751 0.873389 -0.483344 0.303683 -0.477162 -0.824677 0.950898 0.097508 0.293744
-16.045934 -42.962532 -1833.908843 2899.477491 0.094762 0.792897 -0.601942 0.360788 -0.590909 -0.721566 0.927821 0.148796 0.342064
-19.969121 -47.378572 -1783.318780 3459.404100 0.109118 0.706120 -0.699634 0.371048 -0.681897 -0.630349 0.922181 0.190815 0.336411
-21.786234 -46.675863 -1383.241577 2492.391693 0.061281 0.694731 -0.716654 0.340675 -0.689445 -0.639223 0.938182 0.204974 0.278927
-1.511488 -93.859446 -9.493494 6360.876004 0.188668 0.798503 -0.571662 -0.835335 0.436564 0.334108 -0.516353 -0.414494 -0.749383
-0.903641 -96.321571 237.652971 12402.716683 0.193402 0.798576 -0.569976 -0.867728 0.410340 0.280481 -0.457869 -0.440338 -0.772307
-1.476241 -111.857076 -355.788982 -16981.473376 0.208605 0.786995 -0.580623 0.908010 -0.376401 -0.183958 -0.363321 -0.488837 -0.793118
-13.913625 -194.105442 -7721.989711 -37675.707492 0.595560 -0.472613 -0.649573 0.499526 -0.415387 0.760215 0.629112 0.777232 0.011305
3.755552 -168.266409 7015.998245 -8835.128702 -0.549487 0.533378 0.643095 0.554235 -0.343280 0.758276 0.625210 0.773089 -0.106989
160.543694 -3637.834068 -21598.145619 -1480288.113058 -0.380979 0.254658 0.888822 0.629309 -0.632859 0.451065 0.677366 0.731190 0.080848
28.663048 -161.224045 -15501.535643 -674.207125 0.560860 -0.565967 -0.604249 0.440123 -0.414352 0.796620 0.701233 0.712736 -0.016702
-42.989371 -748.835938 -5741.439139 243690.055115 0.550025 -0.250071 -0.796829 -0.441891 0.722472 -0.531758 0.708664 0.644592 0.286873
-2.445884 -1832.482602 -14678.066462 598842.261375 0.543570 -0.284346 -0.789734 -0.387333 0.749731 -0.536542 0.744651 0.597538 0.297394
22.139639 -358.992274 -3295.016708 53065.174572 0.489120 -0.401755 -0.774180 -0.450218 0.643922 -0.618602 0.747038 0.651121 0.134078
-62.881682 -99.946097 -1194.780978 972.268860 0.267782 0.963017 0.029850 0.175808 -0.079301 0.981225 -0.947304 0.257506 0.190542
-77.516908 -106.845117 3034.623582 1854.945483 0.375791 0.922453 0.088666 0.047603 -0.114768 0.992251 -0.925481 0.368659 0.087040
-70.264729 -99.674819 -1337.675145 11275.290508 0.550206 0.733337 0.399361 0.079240 -0.521956 0.849284 -0.831261 0.435636 0.345293
-72.435498 -106.578203 -2795.729631 1953.702070 0.471388 0.827525 0.304952 -0.044742 -0.322895 0.945377 -0.880790 0.459283 0.115184
-63.155306 -86.211756 -669.904577 3550.756069 0.807360 -0.534819 0.249276 -0.579436 -0.798403 0.163723 -0.111461 0.276624 0.954492
-62.540698 -78.656962 148.139871 -5727.886687 0.829069 -0.514037 0.220026 0.526447 0.850204 0.002617 -0.188412 0.113663 0.975490
-63.962795 -84.268477 -35.129683 6959.817945 0.813207 -0.572773 0.103085 -0.579707 -0.812851 0.056679 -0.051329 0.105851 0.993056
-64.792069 -87.796010 291.525173 1481.203172 0.799150 -0.590012 0.115085 -0.598111 -0.761261 0.250487 0.060181 0.269010 0.961255
-8.562380 -191.624406 2843.548226 -11551.060147 0.419679 0.901380 -0.106696 -0.897974 0.429454 0.095980 -0.132335 -0.055529 -0.989648
-8.695411 -200.855672 4306.927775 -8063.312377 0.427505 0.898862 -0.096370 -0.826925 0.431897 0.360083 -0.365287 0.074246 -0.927930
-6.173672 -182.451638 1622.094005 14369.414380 0.431563 0.895979 -0.104759 0.893372 -0.408405 0.187328 0.125058 -0.174433 -0.976695
1.518897 -68.799833 -93.517615 2020.391173 0.348736 0.683690 0.641055 0.734437 -0.624269 0.266252 -0.582225 -0.377963 0.719832
1.192319 -65.441995 698.590269 1988.631732 0.348504 0.691787 0.632437 0.800081 -0.571054 0.183759 -0.488277 -0.441960 0.752500
-0.446297 -68.798995 1644.833359 2502.331358 0.357952 0.691107 0.627886 0.763876 -0.603463 0.228747 -0.536995 -0.397747 0.743931
1.751435 -98.680021 -2500.819118 145.090770 0.460636 0.585934 0.666706 -0.575430 0.769044 -0.278302 -0.675792 -0.255446 0.691413
-8.032535 -120.531543 1370.319192 4133.398182 -0.105512 0.994222 0.019748 0.631491 0.082332 -0.771000 0.768171 0.068879 0.636529
-16.499573 -119.236707 4657.088188 4163.361089 -0.149597 0.988385 0.026766 0.613944 0.114075 -0.781063 0.775044 0.100412 0.623878
-15.854798 -113.650629 5084.256738 837.797254 -0.155223 0.986953 0.042778 0.432397 0.106812 -0.895334 0.888222 0.120479 0.443336
-13.254538 -117.510421 4860.491558 -2377.103258 -0.147607 0.988230 0.040173 0.251190 0.076743 -0.964891 0.956617 0.132334 0.259561
54.554477 -64.465245 3138.953772 399.060624 -0.155877 0.913018 -0.376961 0.796989 0.341698 0.498046 -0.583532 0.222800 0.780929
59.098906 -65.744479 6651.970878 1033.298641 -0.117521 0.889948 -0.440660 0.838173 0.326869 0.436604 -0.532592 0.318039 0.784345
56.349574 -63.759742 6007.269506 -349.793034 -0.138516 0.900760 -0.411637 0.903766 0.284940 0.319401 -0.404995 0.327781 0.853545
-5.053357 -248.902572 -166.320927 -33044.726244 0.522775 0.852457 0.004902 0.707391 -0.430589 -0.560527 0.475714 -0.296497 0.828122
-9.025228 -258.576969 763.779408 -31959.362813 0.495268 0.868605 0.015302 0.638200 -0.351830 -0.684775 0.589416 -0.348913 0.728594
-4.890315 -209.596389 1006.168990 -28494.315589 0.495263 0.868654 -0.012468 0.800523 -0.461899 -0.381854 0.337458 -0.179138 0.924139
-3.829206 -151.752046 647.239853 2908.907030 -0.031215 0.966538 0.254617 0.537213 -0.198594 0.819733 -0.842869 -0.162372 0.513037
-4.953258 -142.155149 -88.018319 -704.083496 -0.027936 0.963299 0.266973 0.594842 -0.198622 0.778917 -0.803357 -0.180566 0.567462
-5.069557 -159.410051 1335.446248 13276.667273 -0.044458 0.978271 0.202509 0.419988 -0.165623 0.892289 -0.906440 -0.124721 0.403499
-19.342510 -453.725659 -3026.390112 -92490.934448 0.577003 0.812434 -0.083778 -0.181713 0.227702 0.956625 -0.796271 0.536752 -0.279015
-20.951880 -480.521567 2778.451049 -101217.109075 0.641920 0.761767 -0.087458 0.028799 0.090026 0.995523 -0.766230 0.641565 -0.035851
8.972928 -794.890335 -25665.592739 -166127.907463 0.461200 0.887174 0.014721 -0.112216 0.041862 0.992802 -0.880172 0.459532 -0.118862
6.715588 -733.953134 -13729.950198 15749.657195 0.489784 0.871450 0.026190 0.293284 -0.192975 0.936347 -0.821034 0.450927 0.350099
4.040091 -416.884315 -2613.948313 -515.329827 0.512095 0.858888 -0.008329 0.168049 -0.090677 0.981599 -0.842329 0.504072 0.190770
3.657132 -470.545639 -2678.797264 -25218.112470 0.523877 0.850098 -0.053733 -0.178642 0.171330 0.968882 -0.832850 0.497976 -0.241619
-30.844137 -66.331899 -1538.805790 3362.568604 -0.575648 -0.377502 0.725343 0.816339 -0.316438 0.483175 0.047127 0.870264 0.490326
32.707278 -2.061131 -1013.014184 11301.666362 -0.379954 0.848136 -0.369189 0.700307 0.003000 -0.713835 0.604322 0.529770 0.595095
22.810658 -8.245685 -6375.433797 7583.822875 0.529928 -0.751044 0.393839 0.676088 0.093804 -0.730825 0.511938 0.653555 0.557481
27.119992 6.679321 -5437.856840 10657.459397 0.538480 -0.757940 0.368194 0.654189 0.100624 -0.749608 0.531109 0.644517 0.550020
31.367956 13.264886 -1119.730423 5859.286363 0.448478 -0.811191 0.375283 0.727156 0.086995 -0.680938 0.519723 0.578274 0.628878
33.744038 12.493961 -4222.134819 10802.775945 -0.471230 0.863330 -0.180565 0.627802 0.184517 -0.756186 0.619521 0.469697 0.628951
-506.493917 -1447.568637 -157062.362774 565338.497156 -0.085615 0.572042 -0.815744 0.992544 -0.022322 -0.119824 -0.086753 -0.819921 -0.565866
-434.467202 -6064.108192 321611.875946 -4142460.439201 0.893839 -0.415722 0.168008 0.392138 0.543058 -0.742506 -0.217438 -0.729564 -0.648427
-1657.379012 -5484.681095 -160133.494582 -1994738.486328 -0.632564 0.771034 -0.073273 -0.766178 -0.636792 -0.086414 0.113288 -0.001478 -0.993561
-491.288873 -597.362719 178673.629056 -209648.787707 0.885870 -0.339003 0.316720 0.264549 -0.191693 -0.945128 -0.381115 -0.921049 0.080132
-149.828597 -1127.674275 62933.176438 -408309.143525 0.948792 -0.243931 0.200726 0.314513 0.669922 -0.672522 -0.029578 -0.701215 -0.712336
-206.910513 -3148.925926 94434.713811 -1247941.968325 0.916213 -0.351632 0.192117 0.254260 0.139636 -0.957002 -0.309686 -0.925666 -0.217342
-41.953300 -104.592466 -9122.164884 -24437.301337 -0.529926 0.819345 -0.218753 -0.706349 -0.569196 -0.420818 0.469308 0.068487 -0.880374
-35.061454 -129.906576 -8139.940605 43908.560892 -0.767164 0.574622 -0.285075 0.522946 0.817641 0.240811 0.371465 0.035662 -0.927762
-55.275254 -92.128376 -3747.717401 -26944.818559 -0.858140 -0.340389 -0.384357 -0.347355 0.936202 -0.053580 0.378074 0.087529 -0.921628
-43.170476 -146.629522 3910.302961 21089.621880 -0.939002 0.230369 -0.255352 0.205759 0.971266 0.119605 0.275568 0.059768 -0.959422
-2.940233 -49.113823 219.186457 1864.427511 -0.462031 -0.622281 -0.631897 0.881447 -0.400838 -0.249759 -0.097868 -0.672380 0.733708
-3.321668 -53.773446 -289.575665 -2434.164939 -0.449918 -0.632629 -0.630360 0.891422 -0.360980 -0.273970 -0.054226 -0.685181 0.726351
-3.181794 -51.188861 -2288.204170 3686.884091 -0.472426 -0.636535 -0.609621 0.877867 -0.401449 -0.261130 -0.078513 -0.658530 0.748447
-1.995044 -51.979843 2101.309708 -1842.080070 -0.437169 -0.619931 -0.651589 0.893200 -0.384042 -0.233890 -0.105242 -0.684249 0.721614
-54.072267 -83.833930 3851.062368 960.871377 0.944410 -0.293880 0.147390 0.136802 0.758923 0.636648 0.298956 0.581094 -0.756938
-52.119534 -85.998855 2461.542620 1037.762500 0.907747 -0.376408 0.185236 0.147175 0.699212 0.699601 0.392855 0.607799 -0.690106
-52.992675 -83.801609 1588.787380 348.614290 0.910143 -0.350273 0.221243 0.021183 0.572671 0.819512 0.413752 0.741186 -0.528632
84.552282 -162.985289 -21150.096440 23892.804814 0.858763 -0.512208 -0.013003 0.173872 0.267453 0.947754 0.481969 0.816157 -0.318738
-18.511858 -60.612395 -811.359221 -182.024164 -0.179469 0.631468 -0.754347 -0.381157 0.662270 0.645072 0.906924 0.403295 0.121832
-17.877992 -57.519944 -2306.970294 -2365.693688 -0.163271 0.551322 -0.818160 -0.308549 0.759154 0.573134 0.937091 0.346019 0.046162
-10.217916 -52.662577 570.210995 -3431.742249 0.455010 0.810639 -0.368551 -0.562051 -0.059581 -0.824953 0.690698 -0.582507 -0.428511
-9.833925 -47.754923 -818.959035 -69.489531 0.486984 0.814580 -0.315128 -0.511251 -0.026676 -0.859018 0.708145 -0.579438 -0.403464
-8.354534 -45.337717 136.826006 734.260884 0.461383 0.808949 -0.364318 -0.530556 -0.077545 -0.844096 0.711081 -0.582742 -0.393414
-9.580790 -51.737414 324.302693 -3133.046866 0.443645 0.794535 -0.414600 -0.565228 -0.110946 -0.817440 0.695483 -0.596996 -0.399873
-7.997895 -44.279069 -90.555352 1393.032402 0.453769 0.792007 -0.408434 -0.528909 -0.129503 -0.838740 0.717181 -0.596619 -0.360135
-12.257600 -148.539320 -541.336924 21848.775715 0.087668 0.694155 -0.714467 -0.776502 0.496891 0.387484 -0.623987 -0.520815 -0.582574
-11.766415 -169.867258 -1349.081329 -6342.703986 0.066145 0.676879 -0.733116 0.923888 -0.319074 -0.211240 -0.376902 -0.663345 -0.646466
-11.215545 -153.843051 -400.657895 20684.530655 0.068374 0.675605 -0.734087 -0.798007 0.478640 0.366181 -0.598757 -0.560769 -0.571864
-1.529309 -253.821316 -1583.068756 -38027.626034 0.393173 0.789162 -0.471846 -0.336982 -0.353791 -0.872511 0.855487 -0.502051 -0.126832
-2.256695 -228.363992 -1097.747862 -43870.716849 0.401025 0.805409 -0.436457 0.006889 -0.479085 -0.877742 0.916041 -0.348990 0.197674
3.599988 -236.741903 -3127.305401 -59534.959059 0.417426 0.796461 -0.437500 -0.046722 -0.462003 -0.885647 0.907509 -0.390132 0.155640
-1.078339 -185.032616 -1245.416342 -13501.054871 0.410212 0.820029 -0.399098 0.227208 -0.515706 -0.826089 0.883234 -0.248193 0.397866
0.985467 -187.509413 -2300.976020 -28895.782790 0.419400 0.812000 -0.405905 0.138582 -0.499157 -0.855358 0.897161 -0.302486 0.321875
508.667097 26.989019 110211.273607 960.283374 0.471442 -0.803804 -0.362825 0.779503 0.187391 0.597711 -0.412452 -0.564610 0.714912
5.471291 -81.685867 1315.404098 4911.257767 0.390832 0.755535 -0.525753 -0.108224 -0.529504 -0.841376 0.914078 -0.385736 0.125180
7.765437 -80.839972 1068.892515 4766.241475 0.406356 0.743136 -0.531624 -0.113033 -0.536473 -0.836313 0.906697 -0.399932 0.134000
4.647001 -88.469005 1182.113131 6095.408703 0.392147 0.758213 -0.520897 -0.007146 -0.563724 -0.825932 0.919875 -0.327609 0.215644
1.916039 -87.907242 1256.044403 5368.329940 0.385592 0.769652 -0.508876 -0.028071 -0.541485 -0.840242 0.922242 -0.338276 0.187187
4.763937 -76.011097 1638.880664 5403.423052 0.388673 0.763447 -0.515831 -0.177648 -0.487250 -0.855002 0.904088 -0.423952 0.053756
-5.847230 -206.974255 982.114904 4407.811206 0.069755 0.779729 0.622219 0.964366 0.106864 -0.242028 -0.255209 0.616930 -0.744490
0.515767 -193.193565 1283.002648 -3494.285089 0.082536 0.766521 0.636893 0.996411 -0.051423 -0.067237 -0.018788 0.640157 -0.768015
-0.215572 -228.161717 -2784.587425 -14059.226512 0.076852 0.786640 0.612611 0.997027 -0.064050 -0.042832 0.005545 0.614081 -0.789223
-2.172567 -213.549491 1914.224100 10906.472029 0.101075 0.773917 0.625170 0.979795 0.031576 -0.197498 -0.172587 0.632500 -0.755088
-5.038999 -230.781435 -2483.466814 -15428.063725 0.048862 0.795193 0.604384 0.959565 0.130571 -0.249370 -0.277212 0.592131 -0.756660
-11.309774 -211.206743 598.918351 5161.797299 0.061178 0.794067 0.604743 0.848260 0.277948 -0.450776 -0.526034 0.540557 -0.656572
-9.753681 -219.130130 1547.174212 15102.072864 0.087991 0.781220 0.618023 0.872917 0.238411 -0.425648 -0.479869 0.576936 -0.660962
-109.674157 -804.794151 23586.571061 -423104.250874 0.700998 0.665525 0.256276 -0.700728 0.709580 0.074003 0.132597 0.231456 -0.963767
15.210512 -4788.334634 206455.698994 1453000.600732 0.691064 0.433542 0.578335 0.272323 0.585003 -0.763944 0.669530 -0.685429 -0.286211
-7.096771 -1279.144125 -16479.228822 573249.456251 -0.630469 -0.323652 -0.705520 0.775196 -0.309095 -0.550938 -0.039760 -0.894265 0.445768
-9.551619 -29.706824 2055.256935 1074.125109 0.736276 -0.565793 0.371183 0.652892 0.738146 -0.169919 0.177848 -0.367450 -0.912880
-11.206883 -31.600155 158.590471 -136.597049 -0.675705 0.635545 -0.373504 0.698538 0.713895 -0.048974 0.235517 -0.293999 -0.926335
-7.557627 -30.787630 -2086.218540 -1390.740832 -0.679567 0.615909 -0.398553 0.705954 0.696795 -0.126910 0.199545 -0.367604 -0.908322
-9.127428 -38.663291 -2328.006237 -1812.653876 0.035840 0.908201 -0.416998 0.202097 -0.415231 -0.886983 0.978709 0.052485 0.198427
17.971675 -216.372395 3980.740766 26990.676220 0.189001 0.932460 -0.307891 -0.208234 0.344469 0.915412 -0.959644 0.108900 -0.259275
10.828857 -229.554478 2925.752579 -3167.075657 0.178439 0.932996 -0.312535 -0.004928 0.318476 0.947918 -0.983939 0.167605 -0.061426
10.010842 -289.957776 -1208.813892 -54451.026742 0.115456 0.919508 -0.375734 0.005693 0.377644 0.925933 -0.993296 0.109043 -0.038366
28.330278 -413.343888 4591.288339 119731.918314 0.240766 0.936329 -0.255578 -0.181661 0.302143 0.935793 -0.953431 0.178879 -0.242840
15.285466 -212.194396 -1946.351289 12022.120993 0.130399 0.917155 -0.376593 -0.207787 0.396681 0.894130 -0.969444 0.038343 -0.242299
23.085585 -335.731801 -3151.029505 96642.651005 0.215442 0.891372 -0.398799 -0.448756 0.453086 0.770280 -0.867296 -0.013013 -0.497623
39.726258 -336.088646 3560.978733 71349.789965 0.214129 0.937786 -0.273323 -0.525291 0.346461 0.777196 -0.823540 0.022846 -0.566798
-10.383743 -171.040752 5419.804212 -29636.496923 -0.559816 0.535125 0.632651 0.600397 -0.264243 0.754784 0.571078 0.802382 -0.173360
40.421847 -172.904035 15248.388072 28567.566813 -0.515424 0.581620 0.629330 0.558377 -0.329139 0.761500 0.650041 0.743899 -0.155117
-10.985360 -59.432710 -852.093426 -2602.399972 0.219494 0.910599 -0.350188 0.975612 -0.204222 0.080462 0.001753 -0.359309 -0.933217
-13.064176 -62.743531 -1194.663524 1393.966173 0.306023 0.886612 -0.346798 0.930669 -0.201882 0.305122 0.200513 -0.416128 -0.886923
-12.898335 -64.252208 -2068.806398 -1049.459678 0.279405 0.884395 -0.373868 0.956494 -0.222313 0.188935 0.083978 -0.410392 -0.908034
-40.896836 -102.158259 -8705.360263 -567.293961 0.140420 0.989193 -0.042177 0.210589 0.011785 0.977504 -0.967437 0.146143 0.206658
-14.021821 -106.335432 -15950.205025 12548.855066 0.041411 0.996937 0.066341 0.327025 -0.076265 0.941933 -0.944108 0.017312 0.329181
-60.435984 -72.825015 -792.733187 -4852.522806 0.790954 -0.529358 0.306875 0.526446 0.844352 0.099617 -0.311844 0.082760 0.946522
-54.650315 -62.175891 -9880.404270 1128.448866 0.174470 0.980425 0.091252 0.944962 -0.192764 0.264366 -0.276781 -0.040105 0.960096
-11.695912 -198.126044 616.581135 -13934.413490 0.402581 0.903987 -0.144000 -0.843783 0.427462 0.324510 -0.354907 0.009136 -0.934857
-10.208281 -210.937878 972.437274 -11983.264261 0.399868 0.905634 -0.141185 -0.711543 0.403813 0.575015 -0.577765 0.129471 -0.805869
-6.473967 -210.840460 4335.458875 -3053.967139 0.436312 0.894881 -0.093910 -0.669909 0.392743 0.630059 -0.600710 0.211992 -0.770848
0.870323 -64.228888 300.035812 2323.637720 0.372472 0.647111 0.665216 -0.262461 0.760983 -0.593312 -0.890157 0.046399 0.453286
1.519402 -61.248336 -77.117425 8583.865081 0.373577 0.626985 0.683616 -0.118537 0.763199 -0.635198 -0.919994 0.156262 0.359434
1.129943 -62.260363 -497.471478 3289.450328 0.368377 0.645172 0.669366 -0.269087 0.763174 -0.587501 -0.889882 0.036305 0.454743
1.945956 -69.226699 -163.996461 -6205.012732 0.368238 0.654218 0.660605 -0.409084 0.752068 -0.516763 -0.834896 -0.079951 0.544570
1.638126 -72.493421 409.654246 -3846.364267 0.364483 0.663400 0.653493 -0.403994 0.744936 -0.530904 -0.839012 -0.070502 0.539526
-6.581043 -78.945831 -48.855983 -2068.613798 -0.568780 -0.509771 -0.645464 0.763712 -0.618669 -0.184370 -0.305342 -0.597815 0.741204
-5.233194 -75.806086 -553.604442 613.915503 -0.523622 -0.554988 -0.646381 0.761314 -0.645352 -0.062623 -0.382388 -0.524890 0.760441
-5.328035 -78.997692 263.820387 1233.565125 -0.545134 -0.519919 -0.657657 0.745959 -0.658817 -0.097491 -0.382588 -0.543731 0.746982
-7.926069 -79.863856 -491.332386 -3537.399330 -0.553343 -0.531352 -0.641465 0.787858 -0.583831 -0.196013 -0.270355 -0.613845 0.741688
-6.220711 -82.915495 1250.607404 -1523.501719 -0.571012 -0.486642 -0.661154 0.763232 -0.611315 -0.209215 -0.302360 -0.624079 0.720489
-7.571752 -83.803664 421.804246 -4146.732979 -0.583071 -0.489361 -0.648501 0.785861 -0.542167 -0.297451 -0.206035 -0.683067 0.700692
-13.676865 -131.340635 1726.365941 -5331.268791 -0.007407 0.999928 0.009441 0.938820 0.003703 0.344388 -0.344329 -0.011414 0.938780
-12.084169 -121.318347 2146.645731 -6658.982507 0.022138 0.999626 0.016041 0.856844 -0.027237 0.514855 -0.515099 -0.002347 0.857127
-16.871012 -123.198388 215.329803 -5385.716018 0.012128 0.997529 0.069201 0.879496 -0.043569 0.473907 -0.475751 -0.055115 0.877852
-14.148212 -112.491048 1402.856755 -4947.196719 0.035040 0.998152 0.049653 0.792160 -0.058031 0.607548 -0.609306 -0.018045 0.792730
-16.319936 -112.179276 -745.703844 -4406.049918 0.012782 0.996653 0.080744 0.776153 -0.060800 0.627607 -0.630415 -0.054648 0.774332
-17.861092 -117.331410 -645.897873 -4536.838151 0.019492 0.993092 0.115709 0.825324 -0.081304 0.558775 -0.564323 -0.084606 0.821207
-18.981891 -130.996421 639.269858 -4309.633859 -0.009576 0.998063 0.061470 0.972563 -0.004993 0.232587 -0.232444 -0.062011 0.970631
-17.928977 -124.494573 -241.968224 -2710.905662 0.019435 0.993832 0.109180 0.927186 -0.058775 0.369962 -0.374097 -0.094040 0.922609
10.074980 -91.426007 5369.038769 2813.843898 -0.543358 -0.481782 -0.687494 0.785233 -0.581331 -0.213221 -0.296936 -0.655698 0.694182
12.803666 -98.363572 5543.149827 2230.404332 -0.514357 -0.520244 -0.681750 0.763609 -0.639655 -0.087995 -0.390306 -0.565851 0.726274
20.758307 -94.025581 7801.350629 5601.155881 -0.530991 -0.508690 -0.677705 0.819369 -0.512146 -0.257566 -0.216063 -0.692056 0.688749
9.808315 -88.221951 4313.131688 4546.318312 -0.548641 -0.483612 -0.681991 0.820469 -0.468226 -0.328016 -0.160694 -0.739516 0.653677
1.868031 -91.126519 1378.409200 1683.809931 -0.554424 -0.494838 -0.669141 0.786525 -0.574347 -0.226947 -0.272017 -0.652120 0.707634
17.249735 -55.290423 -17234.059143 -1428.544549 -0.255023 0.965166 -0.058464 0.828132 0.249228 0.502078 -0.499159 -0.079625 0.862844
25.775572 -55.275692 -26200.045915 90.752445 -0.327538 0.937996 -0.113496 0.767835 0.334250 0.546541 -0.550589 -0.091867 0.829706
41.561237 -59.661433 -9243.893579 657.607528 -0.265898 0.928585 -0.258898 0.745053 0.368376 0.556053 -0.611714 0.045039 0.789796
-4.730345 -218.484352 1021.477741 -17309.565720 0.540862 0.841111 -0.000462 0.757351 -0.487240 -0.434760 0.365907 -0.234795 0.900546
-2.982429 -192.212234 748.507746 -22899.664636 -0.543986 -0.838800 -0.022220 0.836822 -0.540375 -0.087885 0.061711 -0.066402 0.995883
-3.880955 -196.163304 -1273.609960 -16131.086706 0.554817 0.831822 0.015803 0.794261 -0.523919 -0.307665 0.247644 -0.183249 0.951363
-4.752239 -211.999497 -1673.511361 -8091.563010 0.558158 0.829236 0.028781 0.689960 -0.444585 -0.571227 0.460886 -0.338693 0.820288
-13.498687 -339.159267 2306.002901 71067.467426 0.558742 0.825414 -0.080619 0.728385 -0.441920 0.523605 -0.396564 0.351282 0.848138
-3.786423 -1303.891999 -20591.265710 230129.978385 0.560862 0.815753 -0.141353 -0.206134 0.302952 0.930446 -0.801837 0.492714 -0.338069
14.225092 -1131.137887 -960.266902 156300.156902 0.568765 0.822194 -0.022419 -0.049248 0.061251 0.996907 -0.821024 0.565902 -0.075329
12.620866 -758.933285 2147.917272 183894.750595 0.579523 0.814858 0.012635 0.404588 -0.301130 0.863499 -0.707433 0.495306 0.504193
5.543185 -918.771072 -16026.570596 288296.381155 0.515030 0.856633 0.030410 0.689280 -0.434981 0.579382 -0.509545 0.277438 0.814488
33.999630 -66.861108 -13800.822565 3377.248762 -0.809305 0.362131 0.462478 0.266044 0.927943 -0.261042 -0.523685 -0.088223 -0.847332
4843.913077 -42803.510028 -1144626.126614 130856573.281507 0.113573 0.992563 0.043807 -0.878892 0.120932 -0.461438 0.463304 -0.013905 -0.886090
