18879
37736
-65.371504 -101.193227 -742.505227 17422.300020 0.927251 -0.242756 -0.285089 -0.352103 -0.824330 -0.443288 0.127396 -0.511420 0.849835
-72.905854 -123.114214 -167.386050 19609.116819 0.982910 -0.064227 -0.172521 -0.129148 -0.908421 -0.397608 0.131185 -0.413093 0.901191
-71.221695 -116.327184 -7020.198931 36314.813278 0.979983 0.192494 0.050787 0.189956 -0.827773 -0.527928 0.059583 -0.527008 0.847769
-72.441572 -120.482068 -1329.210751 16205.952363 0.942720 -0.148667 -0.298627 -0.250963 -0.905834 -0.341296 0.219767 -0.396691 0.891257
-54.224144 -83.613657 -6639.926086 20125.722651 0.929414 -0.266758 -0.255008 -0.365815 -0.757088 -0.541293 0.048669 -0.596371 0.801232
-50.508765 -83.330319 -1850.844304 12509.406268 0.734379 -0.488334 -0.471400 -0.668990 -0.638068 -0.381210 0.114627 -0.595315 0.795274
-64.042548 -97.910961 -932.083201 11239.351387 0.819766 -0.370476 -0.436729 -0.531143 -0.777010 -0.337851 0.214177 -0.508924 0.833742
62.934068 -136.165466 -86.997166 10571.552346 0.981463 -0.034524 0.188518 0.191174 0.245835 -0.950272 0.013538 -0.968697 -0.247878
55.135763 -158.200211 -5648.341730 36370.951576 0.951337 -0.021047 0.307433 0.307797 0.112804 -0.944741 0.014796 -0.993394 -0.113792
76.615294 -150.741291 -8822.817834 12169.056151 0.957650 0.032476 0.286098 0.268352 0.259508 -0.927708 0.104373 -0.965195 -0.239803
95.887725 -154.283096 -10653.851068 -12326.765640 0.965992 0.085724 0.243950 0.197193 0.366034 -0.909469 0.167257 -0.926645 -0.336682
88.323624 -150.553032 -7885.583091 -23852.467073 0.987494 0.003974 0.157607 0.145991 0.354351 -0.923646 0.059519 -0.935104 -0.349339
8.274912 -34.233032 6033.877442 -9086.822203 0.662911 -0.482603 -0.572401 0.742735 0.327601 0.583972 -0.094307 -0.812264 0.575616
39.763860 -21.084044 31474.031242 -11007.562935 0.382538 -0.545969 -0.745374 0.913199 0.100770 0.394857 -0.140468 -0.831723 0.537127
8.764610 -18.158704 17283.091341 -3194.594916 0.027105 -0.614209 -0.788678 0.988910 -0.098774 0.110910 -0.146023 -0.782937 0.604720
6.285652 -49.345462 21677.286822 14631.771185 0.773463 -0.391642 -0.498368 -0.629617 -0.384103 -0.675313 -0.073056 -0.836111 0.543674
-15.949205 -34.225830 -21626.905214 -17976.590062 0.695112 -0.508857 -0.507823 0.709047 0.368711 0.601087 -0.118627 -0.777893 0.617098
-0.610978 -56.769354 13576.932303 888.326910 0.901183 -0.286167 -0.325543 -0.433256 -0.572901 -0.695754 -0.012598 -0.768045 0.640272
18.570197 -23.774482 -4647.081953 4567.154112 0.747071 0.613927 -0.254911 -0.524422 0.779962 0.341527 0.408493 -0.121464 0.904643
12.731768 -22.911382 9214.640448 5467.539094 0.709720 0.644866 -0.283629 -0.546207 0.757968 0.356571 0.444922 -0.098146 0.890175
13.173621 -30.845756 -587.562466 -7161.896015 0.640376 0.742259 -0.197408 0.634147 -0.655970 -0.409341 0.433331 -0.136946 0.890769
8.963868 -34.808244 -16088.861922 6112.814699 0.748392 0.636655 -0.185954 -0.551994 0.753304 0.357542 0.367711 -0.164936 0.915197
12.492345 -42.887096 -11937.308015 -7478.795105 0.630354 0.767355 -0.117556 0.658520 -0.608737 -0.442482 0.411102 -0.201507 0.889039
40.126183 -107.241631 7262.944288 18154.445810 0.887225 -0.200431 -0.415522 -0.458574 -0.481577 -0.746856 0.050412 -0.853177 0.519180
34.761761 -124.306302 4353.542800 15554.694350 0.880148 -0.201854 -0.429644 -0.459667 -0.588367 -0.665229 0.118509 -0.782994 0.610636
29.792169 -108.295383 9178.744571 16032.472095 0.884899 -0.159321 -0.437688 -0.453914 -0.505749 -0.733608 0.104481 -0.847841 0.519855
34.891780 -88.580129 11610.692923 17901.446638 0.893255 -0.163263 -0.418857 -0.448151 -0.396865 -0.801036 0.035450 -0.903241 0.427668
126.560386 -117.094921 1596.392402 -27852.513901 -0.568961 -0.762384 -0.308306 0.602498 -0.131277 -0.787250 0.559714 -0.633669 0.534027
129.937863 -82.314096 -18831.387217 -11213.179681 0.626177 0.760661 0.171167 0.576371 -0.303758 -0.758635 0.525071 -0.573696 0.628629
135.276053 -85.323272 -35257.045521 -22177.996160 0.586083 0.794576 0.158604 0.560307 -0.256051 -0.787714 0.585288 -0.550533 0.595274
109.541759 -117.103205 -27763.772783 -31479.859586 0.522008 0.817647 0.242818 0.539206 -0.095764 -0.836711 0.660881 -0.567699 0.490870
-14.345267 -99.768979 -7618.101403 5657.658579 0.912478 -0.408989 -0.010592 0.140224 0.336959 -0.931019 -0.384346 -0.848049 -0.364817
-13.264263 -90.372853 -4585.368737 15817.710823 0.901649 -0.429937 0.046718 0.177064 0.268443 -0.946883 -0.394559 -0.862028 -0.318168
-9.352660 -97.845398 -5058.048090 7862.707060 0.903141 -0.428430 0.028006 0.184194 0.327711 -0.926649 -0.387826 -0.842053 -0.374884
-9.686749 -89.481070 -3800.028391 17287.043951 0.891506 -0.446314 0.077598 0.212638 0.261027 -0.941621 -0.400003 -0.855961 -0.327610
-3.375280 -99.391806 -1472.772235 2011.617328 0.894691 -0.440861 0.071903 0.226058 0.308045 -0.924124 -0.385261 -0.843060 -0.375265
-8.527942 -117.229685 7404.442383 3515.770510 -0.968856 0.245711 -0.030718 0.244203 0.968640 0.045843 0.041018 0.036914 -0.998476
-3.698322 -116.737074 -6509.045441 1792.014531 0.968528 -0.248001 0.021175 0.240458 0.954247 0.177742 0.064286 0.167056 -0.983849
-8.342593 -114.860261 -4640.258785 7059.512642 0.968433 -0.246539 0.036817 0.236928 0.956283 0.171430 0.077472 0.157295 -0.984508
-6.675916 -118.618881 6536.313066 1772.924557 -0.964349 0.264363 -0.012006 0.264152 0.964337 0.016672 0.015985 0.012906 -0.999789
-10.748533 -117.566377 -4859.949649 -1568.065983 0.963728 -0.265017 0.031533 0.266865 0.955404 -0.126440 -0.003382 -0.130269 -0.991473
21.227276 -185.927321 -6173.283532 -36248.627342 0.933640 -0.164520 0.318199 0.331993 0.731012 -0.596156 0.134528 -0.662235 -0.737121
22.094528 -202.755161 -15355.094901 -13784.083208 0.947371 -0.167088 0.273073 0.258345 0.902773 -0.343887 0.189063 -0.396335 -0.898428
18.569772 -190.671560 -13311.340435 -40393.654822 0.944714 -0.192522 0.265425 0.306034 0.808323 -0.502948 0.117720 -0.556372 -0.822552
21.873243 -165.179291 -7091.630420 -50495.753266 0.936093 -0.186527 0.298223 0.342816 0.673662 -0.654719 0.078779 -0.715114 -0.694555
20.633557 -153.743638 -5257.642835 -16738.528472 0.919962 -0.194125 0.340567 0.386488 0.594438 -0.705174 0.065554 -0.780359 -0.621887
21.990694 -163.278677 4328.122110 -9604.710994 0.911995 -0.174983 0.371007 0.400145 0.578542 -0.710755 0.090273 -0.796662 -0.597646
22.158649 -171.353872 212.713181 -19628.184923 0.918800 -0.156770 0.362257 0.371690 0.652537 -0.660335 0.132865 -0.741363 -0.657820
1.987098 -238.792728 -9382.623996 26708.698136 0.977919 -0.069470 0.197100 -0.204210 -0.518094 0.830588 -0.044415 0.852498 0.520840
0.482418 -237.571896 -7136.692041 13039.776873 0.980138 -0.079251 0.181791 -0.198312 -0.386817 0.900580 0.001053 0.918745 0.394851
2.984928 -258.436964 -10556.442908 4215.770316 0.982873 -0.063090 0.173149 -0.183526 -0.249943 0.950709 0.016703 0.966203 0.257241
-21.471458 -69.265110 -9794.966867 665.810380 0.992909 0.019711 0.117229 -0.007934 -0.972969 0.230799 -0.118609 0.230093 0.965914
-18.209249 -73.411341 -10465.754605 6387.965608 0.990909 0.018106 0.133313 -0.021996 -0.955765 0.293308 -0.132726 0.293573 0.946678
-8.038315 -71.225729 -621.678774 -832.889435 0.992514 0.009741 0.121740 -0.023690 -0.962525 0.270155 -0.119809 0.271017 0.955089
-13.344053 -68.930327 -3766.001814 -161.149316 0.992471 0.016934 0.121306 -0.006212 -0.982163 0.187928 -0.122325 0.187267 0.974663
10.411575 -27.813605 4468.132365 7508.014554 0.285674 0.924849 0.251088 -0.906057 0.346005 -0.243601 0.312172 0.157910 -0.936810
1.767846 -31.224556 7036.125017 9424.139787 0.374844 0.882104 0.285281 -0.871335 0.440309 -0.216572 0.316651 0.167394 -0.933655
7.638305 -18.825255 7504.739149 10177.088930 0.275172 0.926486 0.256717 -0.919137 0.331821 -0.212324 0.281899 0.177533 -0.942876
-0.737630 -98.842556 6802.511329 -8678.281803 0.942206 -0.168379 0.289648 -0.317900 -0.722244 0.614250 -0.105769 0.670830 0.734030
3.656925 -91.991657 1103.550210 -2023.874043 0.952721 -0.128475 0.275350 -0.284814 -0.693294 0.661985 -0.105850 0.709111 0.697107
0.878363 -95.738563 -7138.679519 -4524.698169 0.949178 -0.109962 0.294906 -0.293661 -0.646540 0.704095 -0.113245 0.754914 0.645973
-5.102096 -107.365815 -4561.745406 -13474.406459 0.934343 -0.155857 0.320486 -0.330907 -0.713278 0.617847 -0.132300 0.683333 0.718020
-27.192288 -152.383388 -4120.027486 -8071.979042 0.383188 0.589925 -0.710743 0.887481 -0.021865 0.460326 0.256017 -0.807162 -0.531925
-27.725807 -161.706145 -2331.630801 -1526.571366 0.404923 0.584887 -0.702812 0.830152 0.087015 0.550705 0.383255 -0.806434 -0.450311
-22.469161 -152.115680 -4657.746214 -9594.827427 0.407591 0.560924 -0.720579 0.884813 -0.047493 0.463519 0.225776 -0.826504 -0.515671
-21.771244 -138.791091 -4800.353567 -20291.920083 0.385365 0.568360 -0.726953 0.920487 -0.181463 0.346084 0.064785 -0.802520 -0.593097
-27.189651 -138.444420 -6393.551258 -18263.141242 0.356147 0.597075 -0.718791 0.929468 -0.147193 0.338266 0.096169 -0.788566 -0.607384
-9.385503 -171.737650 -4716.939898 39959.595815 0.911068 -0.345876 0.224332 0.132294 -0.270088 -0.953704 -0.390453 -0.898567 0.200311
-3.900064 -203.829931 -5885.048777 23341.182372 0.911077 -0.336599 0.237991 0.018086 -0.544123 -0.838811 -0.411839 -0.768526 0.489650
-0.887360 -183.240792 -2284.400002 47720.614119 0.915178 -0.348324 0.202781 0.099493 -0.292309 -0.951134 -0.390578 -0.890632 0.232859
-4.940422 -148.655328 -3377.487691 34057.861763 0.913496 -0.355552 0.197754 0.128790 -0.208354 -0.969537 -0.385924 -0.911137 0.144539
-3.382176 -159.090867 -6564.832947 27654.987265 0.906764 -0.381313 0.179941 0.119224 -0.177471 -0.976878 -0.404431 -0.907251 0.115462
-1.450016 -202.281867 -8448.869028 36519.523599 0.893926 -0.383918 0.231306 0.063457 -0.402459 -0.913236 -0.443699 -0.831044 0.335406
2.706534 -343.622288 6519.607275 111537.632979 -0.004001 -0.716260 0.697822 0.971272 0.163257 0.173139 -0.237937 0.678468 0.695030
9.630460 -274.200578 2576.368706 22994.328821 -0.049904 -0.715285 0.697049 0.998446 -0.018401 0.052599 -0.024797 0.698590 0.715092
4.248285 -263.923879 6686.515298 24439.113770 -0.059048 -0.712339 0.699347 0.997940 -0.024525 0.059278 -0.025075 0.701407 0.712320
16.989862 -196.206968 -7205.833247 -59499.254856 0.074114 0.634375 -0.769464 0.994820 -0.100860 0.012668 -0.069572 -0.766417 -0.638564
15.416548 -173.906200 -1827.802648 -14676.911694 0.080900 0.629806 -0.772528 0.987780 -0.154249 -0.022310 -0.133213 -0.761283 -0.634589
14.454897 -201.454523 -1153.417684 -52785.592848 0.098213 0.633038 -0.767865 0.994360 -0.031382 0.101310 0.040036 -0.773484 -0.632550
-5.657586 -15.512188 3229.224876 -1072.385021 -0.709952 -0.662811 -0.238014 -0.524541 0.723186 -0.449288 0.469921 -0.194125 -0.861098
-8.025122 -16.493377 -4978.920220 -1542.636139 0.668555 0.716324 0.199783 -0.580964 0.670793 -0.460996 0.464236 -0.192134 -0.864621
-9.940313 -15.657743 -2457.287888 1596.626584 0.393564 0.919283 0.005135 -0.786121 0.339440 -0.516521 0.476572 -0.199247 -0.856259
-6.579521 -17.842354 3601.210457 -1971.834012 -0.715740 -0.655257 -0.241567 -0.528638 0.734377 -0.425714 0.456354 -0.176999 -0.872016
-8.021399 -11.838154 4514.044563 -1350.943734 -0.715173 -0.654992 -0.243953 -0.509351 0.727411 -0.459820 0.478633 -0.204593 -0.853846
-2.445912 -14.543824 4299.901278 476.701070 -0.803027 -0.498469 -0.326614 -0.357744 0.841537 -0.404765 0.476621 -0.208193 -0.854101
-1.900108 -17.085719 1621.018455 -2190.182012 -0.700906 -0.672559 -0.237476 -0.538846 0.717445 -0.441495 0.467307 -0.181483 -0.865267
10.981382 -60.301086 23867.248122 4562.271731 0.846207 -0.386178 0.367152 0.521616 0.459569 -0.718827 -0.108864 -0.799789 -0.590327
6.696534 -69.233492 23011.388544 12232.252027 0.859728 -0.377106 0.344468 0.492906 0.435868 -0.753036 -0.133832 -0.817197 -0.560606
-14.451093 -64.168289 7331.494512 3563.071001 0.925003 -0.323039 0.200038 0.354944 0.546782 -0.758317 -0.135589 -0.772448 -0.620435
-21.127922 -64.246364 5429.554979 -4161.432671 0.960269 -0.253870 0.115902 0.255489 0.632611 -0.731115 -0.112288 -0.731678 -0.672338
-2.545473 -55.796558 19569.622372 -2036.448443 0.878610 -0.361105 0.312486 0.467991 0.520893 -0.713901 -0.095021 -0.773481 -0.626656
55.403364 23.814983 -6723.238764 -2464.135730 0.016404 0.998618 -0.049935 -0.942385 -0.001248 -0.334529 0.334129 -0.052546 -0.941062
49.713917 8.270500 -5423.485765 -38781.859652 0.130852 0.991262 -0.016675 -0.904372 0.112457 -0.411660 0.406188 -0.068947 -0.911185
52.182492 7.335011 -23068.512982 -18745.803376 0.283178 0.958015 -0.044913 -0.890423 0.245223 -0.383422 0.356310 -0.148568 -0.922481
60.821567 28.746720 -5995.107999 14101.361591 -0.045773 0.997729 -0.049415 -0.956324 -0.058062 -0.286484 0.288703 -0.034143 -0.956810
59.264094 21.251923 11654.960279 -5957.536731 -0.090856 0.995320 0.032907 -0.941006 -0.074988 -0.329976 0.325964 0.060945 -0.943416
50.073981 20.166514 -22367.023744 6290.853248 0.199545 0.976118 -0.085875 -0.935437 0.163664 -0.313324 0.291787 -0.142853 -0.945755
-23.844143 -70.348932 -4565.915093 1978.880773 0.827347 -0.273216 0.490764 0.545009 0.601839 -0.583742 0.135874 -0.750428 -0.646836
-26.123727 -72.132936 -2619.137516 1005.361549 0.799015 -0.278446 0.532957 0.570546 0.630939 -0.525731 0.189876 -0.724143 -0.662996
-27.121219 -72.669887 -6261.132432 4822.037766 0.835515 -0.249539 0.489534 0.531246 0.594398 -0.603712 0.140328 -0.764474 -0.629196
-32.170852 -73.912387 -6741.199370 4487.695771 0.815094 -0.237802 0.528273 0.544517 0.625805 -0.558452 0.197795 -0.742844 -0.639577
-23.108052 -66.256995 -3728.398210 -132.666335 0.846469 -0.263370 0.462738 0.523131 0.573173 -0.630720 0.099116 -0.775957 -0.622950
-7.970888 -97.315601 348.179988 -20583.895455 0.949549 -0.138821 0.281221 -0.268321 -0.823821 0.499322 -0.162359 0.549589 0.819507
-9.252581 -97.091969 -587.358722 1917.809742 0.949211 -0.128894 0.287027 -0.236678 -0.893588 0.381424 -0.207321 0.429985 0.878710
-10.149900 -96.128406 1426.995503 -16581.489403 0.957381 -0.123801 0.260948 -0.241766 -0.837800 0.489531 -0.158018 0.531756 0.832025
-9.671232 -94.279631 817.450292 -8578.347325 0.959246 -0.112033 0.259414 -0.240740 -0.804711 0.542664 -0.147957 0.583000 0.798887
29.397209 -234.208894 -5361.757682 -32354.825399 0.961417 -0.249982 0.114835 0.129303 0.042189 -0.990707 -0.242814 -0.967331 -0.072885
25.640810 -237.526588 5571.943676 -46160.234982 0.948040 -0.252212 0.193931 0.246789 0.198283 -0.948567 -0.200787 -0.947139 -0.250224
25.097242 -258.638749 4931.491140 -28934.251290 0.959572 -0.242084 0.143586 0.160827 0.052925 -0.985563 -0.230990 -0.968811 -0.089719
-59.009540 -1953.504346 9184.778922 -1270120.537684 0.559815 0.336854 -0.757058 0.679761 -0.709164 0.187114 -0.473848 -0.619368 -0.625981
-79.371701 -1770.041328 6035.585377 -1084943.680415 0.644959 0.361097 -0.673526 0.655574 -0.714356 0.244783 -0.392747 -0.599421 -0.697456
-494.137978 -10606.014328 -222706.445877 8069652.819547 0.411446 0.379138 -0.828835 0.902619 -0.043324 0.428256 0.126460 -0.924325 -0.360042
-75.439183 -2163.832804 19240.307499 1397710.298695 0.556474 0.358214 -0.749679 0.817885 -0.077303 0.570165 0.146288 -0.930434 -0.335995
-20.726362 -88.362929 1099.606200 6336.682722 0.954953 -0.285838 0.079755 -0.247387 -0.915233 -0.318037 -0.163901 -0.283980 0.944718
-24.793857 -83.471283 8371.553490 14642.601439 0.934108 -0.356965 0.004188 -0.337891 -0.887860 -0.312305 -0.115200 -0.290312 0.949973
-27.074800 -78.154647 372.503624 4806.788261 0.956695 -0.286112 0.053611 -0.268289 -0.938125 -0.218956 -0.112940 -0.195091 0.974261
-62.567678 -92.281435 7950.183590 -16440.631365 0.931299 0.363404 -0.024895 -0.068092 0.240826 0.968177 -0.357834 0.899967 -0.249026
-70.750145 -138.358265 15824.448683 -16070.653597 0.935889 0.278981 -0.215133 0.182205 0.139339 0.973338 -0.301519 0.950134 -0.079574
-65.901819 -115.804684 16131.544942 -8795.883133 0.942687 0.237444 -0.234438 0.185707 0.210385 0.959818 -0.277226 0.948345 -0.154232
-59.744982 -105.584333 17411.069542 -3323.941898 0.945253 0.172305 -0.277142 0.222835 0.279641 0.933887 -0.238413 0.944517 -0.225936
-9.204497 -52.014204 -14529.666220 -4496.578369 0.859376 -0.035817 -0.510088 0.506654 0.194447 0.839936 -0.069101 0.980259 -0.185250
-16.252486 -59.328029 -15296.898177 -5718.725902 0.900097 -0.014778 -0.435439 0.433679 0.126286 0.892174 -0.041805 0.991884 -0.120079
-32.989239 -61.478158 -21474.562895 -7842.140332 0.740643 -0.058826 -0.669318 0.670572 0.127268 0.730846 -0.042190 0.990122 -0.133708
-64.227934 -108.911290 6855.122826 7792.526119 0.983401 -0.177634 0.036984 0.181434 0.964721 -0.190774 0.001791 -0.194317 -0.980937
-63.013452 -113.536395 8127.960204 18566.207707 0.955208 -0.291952 0.048398 0.294331 0.920224 -0.257987 -0.030783 -0.260677 -0.964935
-75.362520 -120.496886 16312.390889 13724.574849 0.950789 -0.309691 0.009558 0.299816 0.911814 -0.280544 -0.078167 -0.269604 -0.959794
4.268633 -42.953464 7327.744358 6054.216411 0.892009 -0.391414 0.226088 -0.419207 -0.529262 0.737663 0.169072 0.752780 0.636190
15.668340 -44.877392 13877.783444 7146.954383 0.928756 -0.336387 0.155744 -0.330339 -0.560430 0.759470 0.168192 0.756811 0.631624
11.845563 -51.284067 6077.100374 6472.485837 0.872852 -0.410305 0.264156 -0.446763 -0.454163 0.770804 0.196295 0.790814 0.579726
1.570208 -46.600570 -513.997076 5720.469830 0.837933 -0.438536 0.324891 -0.520253 -0.461902 0.718320 0.164942 0.770929 0.615193
-5.957379 -41.099105 -2694.940295 5675.638047 0.827787 -0.446917 0.339167 -0.543678 -0.489748 0.681587 0.138507 0.748606 0.648386
10.379880 -171.553804 -11994.348811 35182.345631 -0.411863 0.862382 -0.294393 -0.187356 -0.396304 -0.898800 0.891777 0.315026 -0.324795
43.718333 -182.723096 -30591.116293 22514.800575 -0.410813 0.822737 -0.392856 -0.047603 -0.449664 -0.891928 0.910476 0.347715 -0.223892
11.494298 -156.074889 -12446.902086 36329.757175 -0.437434 0.826839 -0.353536 -0.260628 -0.492843 -0.830168 0.860653 0.271002 -0.431084
-9.372401 -149.125154 -6029.237307 37012.714127 -0.402313 0.881848 -0.245945 -0.337637 -0.392627 -0.855480 0.850968 0.261130 -0.455703
12.621874 -134.243772 -12712.020411 39647.998650 -0.460155 0.790698 -0.403800 -0.339596 -0.576978 -0.742813 0.820324 0.204680 -0.534017
-10.207081 -124.803763 -7729.259391 32573.729786 -0.426548 0.845704 -0.320688 -0.416832 -0.498471 -0.760117 0.802688 0.190554 -0.565138
11.377339 -80.500338 5028.772305 16819.012668 -0.544558 -0.030224 0.838178 0.815034 -0.254907 0.520329 0.197931 0.966493 0.163445
3.781638 -85.958926 10739.825518 -289.078104 -0.482685 -0.062176 0.873584 0.845733 -0.292188 0.446500 0.227489 0.954338 0.193620
-1.058417 -88.385828 17839.576800 3733.379948 -0.476095 -0.091402 0.874631 0.860968 -0.250978 0.442430 0.179074 0.963668 0.198184
11.526985 -80.629937 -2681.046386 18008.425101 -0.539655 -0.005922 0.841865 0.811798 -0.268606 0.518492 0.223060 0.963232 0.149763
9.338389 -74.841588 -930.406823 2331.737697 -0.547671 -0.004002 0.836684 0.830800 -0.121088 0.543240 0.099138 0.992634 0.069641
-22.472268 -118.216057 20362.128412 11976.009132 0.592995 -0.175166 -0.785922 0.660088 -0.453217 0.599064 -0.461129 -0.874020 -0.153130
-20.971856 -97.354674 17419.538028 -6759.643436 0.572992 -0.149013 -0.805900 0.700863 -0.420618 0.576084 -0.424820 -0.894917 -0.136573
-25.528707 -117.925770 5912.601120 9478.294409 0.580612 -0.238423 -0.778489 0.627791 -0.477734 0.614531 -0.518429 -0.845532 -0.127698
-26.895194 -115.420928 -9785.697896 5762.992878 0.534976 -0.316985 -0.783148 0.609918 -0.496537 0.617618 -0.584637 -0.808067 -0.072301
-24.583432 -124.834374 -6551.776209 -22157.899475 0.566274 -0.328019 -0.756133 -0.553303 0.528666 -0.643714 -0.610892 -0.782889 -0.117876
-1.792346 -123.017778 387.066884 -23399.575538 0.795479 -0.106718 -0.596510 0.538574 -0.326696 0.776665 0.277762 0.939085 0.202404
-3.088726 -113.328450 -5813.803350 -3274.057601 0.793021 -0.085117 -0.603219 0.559801 -0.288757 0.776687 0.240293 0.953611 0.181342
-3.711036 -125.597571 5526.112718 -11546.579688 0.795645 -0.123186 -0.593106 0.535751 -0.313836 0.783886 0.282701 0.941452 0.183705
-0.281487 -197.984396 -431.126407 26447.209702 0.603563 0.688615 0.401898 0.622336 -0.091783 -0.777350 -0.498408 0.719295 -0.483947
-3.444284 -180.074643 -1646.659251 12241.497442 0.600679 0.694018 0.396893 0.658890 -0.148559 -0.737424 -0.452823 0.704464 -0.546518
-5.471229 -178.024585 311.564916 16130.519982 0.623248 0.685098 0.377098 0.699289 -0.272371 -0.660915 -0.350081 0.675614 -0.648836
54.916580 -57.720679 76607.410617 -10244.264434 -0.249963 0.302589 0.919760 0.046949 0.952585 -0.300629 -0.967116 -0.031964 -0.252317
-14.999129 -71.416717 2240.527964 -5476.484923 -0.280397 0.279610 0.918257 0.040613 0.959232 -0.279685 -0.959024 -0.041130 -0.280322
-15.206811 -62.195558 1777.238426 5574.831227 -0.266098 0.210701 0.940637 -0.007538 0.975334 -0.220606 -0.963917 -0.065793 -0.257946
-10.665669 -59.269391 7222.804059 13353.352004 -0.246953 0.245591 0.937390 -0.005824 0.966957 -0.254872 -0.969010 -0.068401 -0.237363
-17.198198 -75.839813 -205.115483 27992.544612 -0.259990 0.076538 0.962573 -0.080568 0.991658 -0.100612 -0.962244 -0.103710 -0.251654
-21.800430 -83.402541 8374.136873 -5740.589270 -0.089868 0.799836 0.593453 0.872241 -0.224418 0.434549 0.480750 0.556686 -0.677481
-32.848318 -80.075830 10904.025148 -5059.788845 -0.048278 0.806873 0.588749 0.866810 -0.259031 0.426078 0.496295 0.530904 -0.686900
-22.838654 -74.165302 9856.978486 -2613.570886 -0.008088 0.779948 0.625792 0.922518 -0.235669 0.305647 0.385869 0.579777 -0.717610
-15.466555 -76.974462 6255.147905 -2276.571051 -0.091360 0.789264 0.607220 0.906086 -0.187076 0.379487 0.413112 0.584863 -0.698050
-10.241167 -75.446580 4346.574387 -1998.044380 -0.059528 0.786762 0.614379 0.939880 -0.163162 0.300008 0.336278 0.595301 -0.729749
-24.150992 -70.334120 13031.012978 -2525.020485 0.132730 0.742670 0.656372 0.937276 -0.309412 0.160558 0.322331 0.593891 -0.737155
-12.879025 -70.626023 7588.221604 -4483.508669 0.049210 0.764353 0.642917 0.964323 -0.203997 0.168718 0.260113 0.611677 -0.747123
-2.638163 -79.848609 791.169184 4986.632829 -0.557253 0.141808 0.818144 0.169600 0.983975 -0.055034 -0.812838 0.108089 -0.572374
-3.439672 -84.882869 2767.200862 8713.337040 -0.541720 0.177969 0.821503 0.158816 0.981397 -0.107881 -0.825419 0.072026 -0.559906
1.048447 -82.224041 -1361.172363 -1690.322724 -0.566651 0.134048 0.812981 0.180562 0.982897 -0.036212 -0.803930 0.126274 -0.581163
2.867295 -80.626819 1982.439020 -4974.837496 -0.574521 0.035721 0.817710 0.193845 0.976563 0.093535 -0.795204 0.212246 -0.567980
1.149677 -72.328897 1565.380305 -7633.758707 -0.566541 0.045573 0.822773 0.145434 0.988326 0.045399 -0.811098 0.145380 -0.566554
-1.642465 -71.887814 -883.818126 1779.057947 -0.561470 0.113187 0.819720 0.166760 0.985755 -0.021891 -0.810520 0.124405 -0.572346
-2.729265 -73.875311 -988.615455 10464.632902 -0.553275 0.166653 0.816158 0.156776 0.983106 -0.094464 -0.818113 0.075690 -0.570055
298.308919 -76.840231 -313589.331379 -10983.012059 -0.409670 0.868141 -0.280182 -0.488900 0.050359 0.870885 -0.770161 -0.493756 -0.403804
1629.799550 -61.749649 -1171545.012694 193.052733 -0.288099 0.844623 -0.451233 -0.485222 0.277483 0.829194 -0.825565 -0.457838 -0.329887
122.927953 -75.493404 -160022.757544 -5772.846769 -0.433832 0.882968 -0.179323 -0.434228 -0.030510 0.900286 -0.789453 -0.468440 -0.396646
630.643972 -70.012276 -506581.580713 1131.818862 -0.427655 0.838545 -0.337570 -0.385145 0.168819 0.907283 -0.817787 -0.518017 -0.250765
103.879366 -73.056572 -149244.550891 -1316.347680 -0.418406 0.892224 -0.169918 -0.491480 -0.065087 0.868453 -0.763795 -0.446878 -0.465743
9.359266 -181.357019 26419.220891 -22779.877953 -0.272336 0.865397 0.420620 0.777731 0.455365 -0.433332 0.566540 -0.209117 0.797059
27.041234 -208.452479 32938.325640 -58728.036170 -0.216102 0.881501 0.419828 0.705532 0.438217 -0.556947 0.674926 -0.175845 0.716627
46.522929 -177.318344 37816.708256 -38739.262486 -0.206425 0.891253 0.403802 0.793002 0.394140 -0.464544 0.573181 -0.224323 0.788126
52.160352 -236.016321 30381.888558 -81242.735891 -0.196769 0.870753 0.450635 0.692225 0.448877 -0.565097 0.694339 -0.200747 0.691081
-5.427513 -81.267211 -996.309022 1293.629210 -0.076978 0.794878 0.601866 0.940350 -0.142758 0.308807 0.331385 0.589736 -0.736475
-4.775563 -85.811557 -774.362297 5004.508946 -0.073934 0.788464 0.610622 0.945734 -0.138841 0.293787 0.316420 0.599206 -0.735412
-2.249141 -82.679587 1538.897028 4259.007809 -0.111027 0.787718 0.605948 0.907967 -0.167498 0.384109 0.404065 0.592827 -0.696626
-4.194521 -84.457268 -5209.123173 1833.226216 -0.008015 0.790851 0.611957 0.972819 -0.135467 0.187810 0.231430 0.596828 -0.768269
2.387994 -779.704835 -8334.796122 -224230.118731 0.220276 -0.636204 -0.739407 0.969083 0.056351 0.240212 -0.111158 -0.769460 0.628948
15.711863 -785.290340 -9038.247515 -191985.435728 0.226658 -0.602765 -0.765049 0.867140 -0.232790 0.440314 -0.443502 -0.763206 0.469918
16.413671 -620.516231 -22117.262976 -172025.887635 0.165127 -0.651092 -0.740818 0.834607 -0.307976 0.456707 -0.525512 -0.693707 0.492551
8.231263 -594.666965 -8877.919853 -150665.571867 0.174749 -0.661379 -0.729411 0.944940 -0.095517 0.312992 -0.276678 -0.743945 0.608272
10.195854 -612.281194 4347.625666 -69461.550616 0.209560 -0.617770 -0.757921 0.962374 0.267437 0.048106 0.172978 -0.739484 0.650570
133.023911 -4356.795285 35535.367155 2500967.224896 0.542780 -0.573227 -0.613841 0.754273 0.654162 0.056074 0.369408 -0.493439 0.787436
127.185655 -3668.438468 71434.890753 -1736611.344112 0.322373 -0.682558 -0.655889 0.831576 -0.126851 0.540732 -0.452281 -0.719739 0.526705
38.345782 -3189.041501 -28679.410117 2003025.118807 0.543701 -0.544497 -0.638680 0.697846 0.716060 -0.016399 0.466262 -0.436784 0.769298
-5.098236 -2994.899834 37497.886920 2716809.067263 0.529539 -0.535514 -0.657885 0.087567 0.805912 -0.585523 0.843754 0.252448 0.473655
-319.814604 -4211.134243 -102599.239978 3318558.709994 -0.435337 0.677348 0.593027 0.770649 0.620902 -0.143459 0.465383 -0.394563 0.792300
-119.533986 -1521.854116 26317.422272 1018588.301936 0.603353 -0.546865 -0.580434 0.204823 0.809691 -0.549953 0.770722 0.212930 0.600540
309.928193 -2669.559766 241401.007052 -2717178.846598 0.690413 -0.088493 -0.717982 0.413139 -0.766487 0.491746 0.593840 0.636135 0.492632
306.610290 -4555.998534 -75786.841197 15280070.240808 -0.634158 0.075783 0.769481 0.770847 0.139604 0.621535 -0.060321 0.987303 -0.146948
80.591723 -2665.583468 -1356769.200317 900278.342346 -0.690266 0.284258 0.665380 0.701493 0.037551 0.711687 0.177317 0.958012 -0.225325
107.146522 -4005.973803 292780.260880 3492946.648675 0.619582 -0.200528 -0.758885 -0.142681 0.921937 -0.360102 0.771855 0.331391 0.542604
54.954419 -6323.424742 -44365.829199 4393512.930737 0.697640 -0.267178 -0.664766 0.519255 0.827853 0.212208 0.493632 -0.493229 0.716278
107.366484 -37.005938 72602.991153 -2375.931147 0.862898 0.109988 -0.493264 0.504559 -0.243015 0.828471 0.028749 0.963767 0.265193
139.027105 -38.090836 73809.353502 -9927.690690 0.859914 0.143885 -0.489739 0.510321 -0.262885 0.818818 0.010929 0.954038 0.299486
197.273965 -36.966872 97697.336786 -746.821071 0.869995 0.246579 -0.426975 0.482449 -0.247028 0.840369 -0.101743 0.937111 0.333874
-6.497808 -83.015237 13909.460495 -1991.823347 0.779667 -0.486161 0.394674 -0.137649 0.481799 0.865403 0.610879 0.729052 -0.308723
7.551697 -85.608162 13069.122353 -2637.002305 0.790347 -0.478801 0.382233 -0.199529 0.388717 0.899493 0.579258 0.787178 -0.211687
15.406979 -83.699446 9984.926654 -1564.590919 0.798069 -0.462679 0.386023 -0.131665 0.491251 0.861009 0.588005 0.737971 -0.331133
-5.503516 -81.120417 13553.416874 257.664870 0.779312 -0.487596 0.393602 -0.069402 0.557095 0.827544 0.622781 0.672232 -0.400310
11.871002 -81.127842 7435.303931 -443.000372 0.797122 -0.463675 0.386785 -0.061029 0.575417 0.815580 0.600726 0.673721 -0.430380
5.262945 -91.987966 493.724686 8875.782059 0.610791 -0.356729 -0.706880 0.789085 0.200478 0.580650 -0.065421 -0.912443 0.403940
4.251886 -92.476336 8221.462565 46.710641 0.599990 -0.334682 -0.726636 0.787675 0.088270 0.609735 -0.139927 -0.938188 0.316582
4.576000 -91.931459 8412.010274 373.102205 0.604642 -0.339207 -0.720657 0.791014 0.149742 0.593190 -0.093302 -0.928717 0.358858
4.940186 -93.620250 6941.804033 -3646.855152 0.581894 -0.338665 -0.739396 0.781635 -0.018197 0.623470 -0.224602 -0.940731 0.254123
4.726810 -90.823246 3502.648140 1072.738932 0.624580 -0.351400 -0.697437 0.780544 0.251707 0.572184 -0.025516 -0.901755 0.431494
5.626063 -89.899748 2034.912491 -674.184702 0.585944 -0.367880 -0.722034 0.780172 0.015198 0.625380 -0.219091 -0.929749 0.295915
-4.398776 -197.084446 -7764.845002 -13081.825462 -0.472933 -0.664547 -0.578542 0.880664 -0.335912 -0.334057 0.027657 -0.667488 0.744107
-11.760717 -198.389617 -1932.826937 -5447.343383 -0.498754 -0.638016 -0.586669 0.862773 -0.300737 -0.406424 0.082872 -0.708867 0.700456
-10.373521 -193.034148 -4771.708322 -2790.466681 -0.462646 -0.662138 -0.589518 0.860397 -0.175047 -0.478618 0.213718 -0.728651 0.650687
-5.036398 -192.294177 -6913.795169 -11214.357930 -0.501980 -0.646879 -0.574076 0.858116 -0.455361 -0.237240 -0.107946 -0.611713 0.783680
0.951146 -193.093458 -1466.969760 -9374.044291 -0.463495 -0.656933 -0.594652 0.877993 -0.431048 -0.208148 -0.119584 -0.618576 0.776572
3.208279 -318.092864 -5652.147006 -87998.207426 0.770163 0.361735 0.525354 0.637588 -0.413106 -0.650250 0.018191 -0.835758 0.548797
0.472915 -335.556180 -1762.496587 -43474.371950 0.770833 0.376708 0.513719 0.585627 -0.101668 -0.804179 0.250712 -0.920736 0.298979
-2.031500 -341.941271 -1153.721683 -87243.403392 0.762988 0.392827 0.513357 0.621968 -0.229810 -0.748561 0.176081 -0.890435 0.419668
-4.416239 -334.815968 239.114479 21455.977229 0.762302 0.405805 0.504201 0.493263 0.140100 -0.858524 0.419032 -0.903158 0.093370
2.787169 -296.184546 -1698.708194 -97154.807312 0.752494 0.388601 0.531735 0.658540 -0.454796 -0.599571 -0.008837 -0.801342 0.598141
-44.617740 -171.535527 -31047.459310 4641.651349 0.543754 0.485455 0.684591 -0.194528 0.866412 -0.459880 -0.816389 0.116890 0.565550
-45.257520 -167.840407 -27177.119713 -2894.546207 0.549913 0.516809 0.656128 -0.381348 0.854271 -0.353264 -0.743081 -0.055948 0.666858
-88.424668 -180.154435 -39512.402052 -574.673261 0.600826 0.499937 0.623755 -0.331970 0.865879 -0.374232 -0.727189 0.017780 0.686207
-70.816901 -178.559728 -41412.473798 6411.719586 0.576312 0.453516 0.679844 -0.116085 0.868882 -0.481215 -0.808943 0.198411 0.553394
-103.642179 -180.650156 -35833.611166 11140.741805 0.665924 0.426925 0.611785 -0.100202 0.863821 -0.493734 -0.739260 0.267487 0.618017
-19.213608 -96.440968 -10333.216319 17370.111132 0.552228 -0.372536 -0.745829 0.729033 -0.218183 0.648773 -0.404419 -0.902005 0.151105
-25.905145 -85.544889 -11302.215021 11525.240008 0.540722 -0.357553 -0.761430 0.765223 -0.166853 0.621766 -0.349361 -0.918867 0.183387
-17.274439 -87.420811 -10047.561955 10817.244803 0.547181 -0.375179 -0.748220 0.754806 -0.165164 0.634815 -0.361748 -0.912119 0.192813
-9.179124 -93.500310 -6248.656924 10806.428661 0.571689 -0.387637 -0.723124 0.719260 -0.187274 0.669024 -0.394761 -0.902588 0.171749
-97.687767 -147.785076 9520.236598 39216.224018 0.934917 0.353843 0.026938 0.337602 -0.863475 -0.374747 0.109341 -0.359451 0.926736
-94.530935 -142.777678 3433.041796 13676.811962 0.984584 0.114790 -0.131976 0.074941 -0.958607 -0.274695 0.158045 -0.260570 0.952431
89.885333 -181.814563 -26530.814320 5015.553201 0.894662 0.092949 0.436968 0.443298 -0.063447 -0.894126 0.055384 -0.993647 0.097967
57.345311 -175.005850 -15400.404821 26277.671233 0.924489 -0.005231 0.381173 0.380308 -0.056054 -0.923160 -0.026195 -0.998414 0.049832
59.445414 -188.027194 -26532.438582 9790.984008 0.904983 0.038614 0.423692 0.417832 -0.268255 -0.868018 -0.080139 -0.962574 0.258900
95.749800 -175.426627 -34648.753216 1874.030014 0.867171 0.146918 0.475846 0.497100 -0.197585 -0.844898 0.030110 -0.969214 0.244373
135.707289 -177.370708 -41725.750816 -7720.344630 0.846054 0.210490 0.489782 0.510500 -0.055242 -0.858102 0.153565 -0.976034 0.154193
33.086817 -21.855810 4448.814568 -23289.331900 -0.002964 -0.652734 -0.757581 0.975758 -0.167672 0.140649 -0.218832 -0.738799 0.637408
35.175669 -20.390187 45490.021699 -21316.773132 0.469242 -0.488849 -0.735417 0.872723 0.129610 0.470697 -0.134782 -0.862686 0.487448
68.037676 -21.528288 43626.573858 -8695.454708 0.231642 -0.568178 -0.789630 0.956972 -0.012743 0.289901 -0.174777 -0.822807 0.540779
15.935503 -18.418857 8855.269209 3329.571155 0.776983 0.537276 -0.328073 -0.450636 0.838592 0.306088 0.439573 -0.089983 0.893688
7.623424 -17.155977 12635.710008 3112.870490 0.788628 0.495231 -0.364434 -0.410714 0.865361 0.287166 0.457580 -0.076789 0.885846
45.005484 -108.785390 1937.176076 19403.284681 0.874122 -0.268319 -0.404866 -0.485630 -0.467900 -0.738399 -0.008690 -0.842065 0.539306
49.929377 -104.966408 -1911.532994 21561.825793 0.853730 -0.344784 -0.390217 -0.512177 -0.420852 -0.748705 -0.093917 -0.839052 0.535884
44.969709 -123.104132 -331.793235 14944.034083 0.854528 -0.333032 -0.398587 -0.519085 -0.520627 -0.677863 -0.018235 -0.786154 0.617762
52.393968 -82.201168 -718.693311 22043.658033 0.866330 -0.296036 -0.402286 -0.490096 -0.348516 -0.798963 -0.096319 -0.889325 0.447016
142.191097 -120.578468 -25077.115923 -19740.119315 0.827073 0.438269 0.351953 0.554946 -0.537124 -0.635242 0.089364 -0.720706 0.687456
154.453059 -136.449092 -8502.786209 -6774.773261 0.774379 0.505307 0.380790 0.583707 -0.338273 -0.738145 0.244179 -0.793874 0.556903
132.161960 -145.485341 -20870.281256 -5683.428517 0.806623 0.405767 0.429783 0.582067 -0.418908 -0.696932 0.102752 -0.812323 0.574084
106.319760 -135.227460 -32574.106401 -20769.136367 0.864468 0.288020 0.411995 0.497948 -0.602921 -0.623325 -0.068870 -0.743997 0.664624
149.488254 -107.057461 -46730.495522 -26891.104344 0.880223 0.344283 0.326614 0.472807 -0.695327 -0.541270 -0.040754 -0.630864 0.774823
36.153808 -75.026486 -6193.062599 9413.912330 0.959275 -0.008621 0.282343 0.118859 0.919060 -0.375768 0.256251 -0.394024 -0.882656
33.660660 -83.893523 -9877.577762 8611.476688 0.964817 0.022212 0.261981 0.109018 0.872936 -0.475498 0.239254 -0.487329 -0.839802
41.515269 -73.622393 -9516.216058 9174.386045 0.950216 -0.015575 0.311203 0.141595 0.911256 -0.386734 0.277562 -0.411545 -0.868096
28.013754 -83.062639 -7678.343075 10813.348341 0.977976 0.026078 0.207084 0.062704 0.909625 -0.410671 0.199078 -0.414612 -0.887956
44.752684 -66.596360 -4906.373570 5130.712029 0.944569 -0.038471 0.326052 0.149351 0.934756 -0.322375 0.292377 -0.353202 -0.888687
39.451788 -70.131673 -4530.700792 6483.027211 0.957875 -0.027304 0.285886 0.115784 0.947697 -0.297429 0.262813 -0.318000 -0.910936
-14.186629 -97.374070 -5055.833169 22775.632205 0.945361 -0.312916 -0.091522 0.135680 0.632862 -0.762284 -0.296452 -0.708216 -0.640739
-14.556532 -90.446432 -2588.616646 17398.991649 0.951918 -0.288763 -0.102313 0.106238 0.624401 -0.773846 -0.287343 -0.725768 -0.625056
-14.774558 -90.217742 -3329.905352 5692.317679 0.940033 -0.330398 -0.084707 0.105621 0.518115 -0.848765 -0.324318 -0.788920 -0.521942
-1.184207 -114.897406 -2755.338431 5137.540717 0.959851 -0.279950 0.017710 0.276967 0.955840 0.098277 0.044441 0.089426 -0.995002
1.570240 -115.411417 -3426.089695 -278.092087 0.961282 -0.274341 0.025960 0.262213 0.939603 0.219978 0.084741 0.204653 -0.975159
-3.341849 -220.516767 -1218.310379 12481.111910 0.978260 -0.100339 0.181493 -0.207020 -0.524220 0.826036 -0.012259 0.845651 0.533596
-5.132124 -229.190541 68.480544 12780.102555 0.979233 -0.106735 0.172368 -0.201715 -0.427588 0.881181 0.020350 0.897650 0.440238
0.406021 -218.002001 -10735.592713 21192.626664 0.976246 -0.069876 0.205086 -0.207341 -0.575964 0.790744 -0.062868 0.814483 0.576771
5.030996 -46.720680 6279.482440 11418.542383 0.314887 0.911324 0.265207 -0.875811 0.386676 -0.288854 0.365789 0.141315 -0.919907
11.115450 -53.625555 7536.553825 13805.529354 0.249957 0.940961 0.228286 -0.890832 0.315869 -0.326565 0.379393 0.121738 -0.917192
-1.299081 -59.327083 5204.830517 20526.463708 0.356747 0.892279 0.276712 -0.848186 0.433512 -0.304380 0.391550 0.126117 -0.911473
-2.083354 -50.384214 5466.357905 12087.080626 0.389918 0.873442 0.291656 -0.841275 0.466679 -0.272886 0.374460 0.138960 -0.916771
18.943375 -71.139114 -5866.784939 18534.444577 -0.452685 0.830698 0.324064 0.761251 0.549289 -0.344643 0.464299 -0.090679 0.881024
30.512172 -105.362170 -14828.063568 18162.075309 -0.551517 0.748022 0.369177 0.754072 0.636305 -0.162759 0.356656 -0.188621 0.914996
33.457664 -89.346186 -13678.752989 16747.104785 -0.454176 0.835093 0.310392 0.777317 0.541674 -0.319948 0.435318 -0.095960 0.895148
15.597672 -46.931351 -1.499014 9474.407588 -0.269312 0.929403 0.252352 0.813989 0.359710 -0.456103 0.514677 -0.082578 0.853398
8.373545 -57.943877 -2045.491171 17997.567427 -0.482148 0.803215 0.349827 0.748629 0.585142 -0.311711 0.455069 -0.111600 0.883435
24.769992 -55.034736 -157.745510 10130.236116 -0.279206 0.932017 0.231059 0.797646 0.359086 -0.484581 0.534607 -0.049005 0.843678
31.666405 -71.384035 -5645.152434 13952.739327 -0.357962 0.901921 0.241663 0.775428 0.431324 -0.461163 0.520167 -0.022313 0.853773
-27.309644 -171.835525 -634.159971 -7941.050711 0.420617 0.595173 -0.684727 0.737229 0.215641 0.640306 0.528748 -0.774124 -0.348076
-21.722157 -163.584907 -4792.369989 -3930.136718 0.421490 0.558676 -0.714302 0.825686 0.089257 0.557024 0.374952 -0.824569 -0.423670
-15.395061 -183.391011 -11928.324916 23239.754459 0.899185 -0.344499 0.269790 0.082701 -0.471653 -0.877897 -0.429682 -0.811704 0.395613
-12.595939 -202.430859 -7005.093056 2943.268614 0.910353 -0.318287 0.264482 0.001324 -0.636862 -0.770977 -0.413830 -0.702211 0.579348
-5.759346 -209.776241 -7563.444912 11434.707502 0.906580 -0.331852 0.260743 -0.044993 -0.690301 -0.722122 -0.419629 -0.642929 0.640745
-1.731421 -226.362675 -7490.778214 9231.847608 0.904996 -0.332853 0.264936 -0.088746 -0.756773 -0.647626 -0.416061 -0.562587 0.714416
-0.688676 -221.169004 -8370.968482 14113.739037 0.900957 -0.354169 0.250682 -0.039996 -0.643054 -0.764775 -0.432062 -0.679003 0.593530
10.758552 -357.495847 3694.083743 91725.064239 0.002921 -0.696418 0.717631 0.985480 0.123835 0.116163 -0.169766 0.706871 0.686668
13.780208 -336.417609 3878.727811 -38933.986429 -0.092434 -0.691563 0.716378 0.992149 -0.124835 0.007507 0.084237 0.711447 0.697672
12.292000 -177.438117 -296.960282 -10594.281265 0.085531 0.621084 -0.779063 0.991457 -0.130342 0.004938 -0.098478 -0.772829 -0.626926
6.985187 -186.036810 1852.061716 29918.992729 0.090174 0.625199 -0.775239 0.966824 -0.241752 -0.082505 -0.238998 -0.742080 -0.626257
16.872863 -178.314714 -6809.891047 34978.483627 0.086665 0.621947 -0.778248 0.962973 -0.252478 -0.094536 -0.255287 -0.741240 -0.620800
-9.950369 -19.312160 -4251.468998 -1725.667420 0.658193 0.726431 0.197689 -0.593464 0.662211 -0.457468 0.463231 -0.183781 -0.866973
-2.566890 -324.268172 -4294.607905 -17850.353188 0.119527 0.521509 -0.844832 0.990970 -0.114738 0.069376 -0.060754 -0.845496 -0.530514
-11.016057 -302.308814 -9013.989661 -17260.123786 0.099826 0.512603 -0.852803 0.956622 -0.285202 -0.059451 -0.273696 -0.809875 -0.518838
-8.027725 -322.858719 -8983.411776 -12485.620320 0.149401 0.496744 -0.854941 0.986290 -0.013583 0.164463 0.070083 -0.867791 -0.491963
28.735972 -68.813792 24145.982734 10686.346405 0.817553 -0.424218 0.389417 0.559039 0.422468 -0.713440 -0.138138 -0.800975 -0.582544
23.714079 -83.130049 22288.701443 13518.163420 0.846337 -0.398745 0.353152 0.498307 0.358515 -0.789403 -0.188161 -0.844079 -0.502122
36.072778 -26.529124 -14389.897712 -43125.564716 0.246445 0.968276 -0.041303 -0.877358 0.204794 -0.433937 0.411713 -0.143179 -0.899996
-21.919874 -67.193680 1702.232737 -2967.508626 0.798291 -0.302614 0.520727 0.583894 0.600821 -0.545969 0.147646 -0.739891 -0.656325
-22.449414 -68.481023 1828.010351 -1096.132359 0.762944 -0.327550 0.557340 0.606772 0.660276 -0.442565 0.223036 -0.675830 -0.702501
