14058
28103
-19.348498 -30.724498 -538.390069 2329.341470 0.749433 0.660923 -0.039129 -0.079301 0.148281 0.985761 -0.657314 0.735659 -0.163538
-22.078756 -31.340203 -98.198315 1422.324811 0.745468 0.625119 0.231309 -0.330096 0.044756 0.942886 -0.579063 0.779245 -0.239714
-22.905352 -39.836081 -353.536341 2837.204484 0.798195 0.566896 -0.203746 -0.019458 0.362311 0.931854 -0.602084 0.739837 -0.300225
-17.912713 -24.465409 -385.902216 1167.268054 0.629113 0.606214 0.486540 -0.445171 -0.232120 0.864837 -0.637212 0.760674 -0.123839
-13.373969 -41.944089 -1446.239106 4163.367726 0.714625 0.658325 -0.236473 0.022709 0.316044 0.948473 -0.699139 0.683172 -0.210903
-11.163511 -32.135634 -1602.514358 3353.921802 0.695531 0.707955 -0.122621 0.013467 0.157788 0.987381 -0.718370 0.688406 -0.100212
-13.682572 -22.610498 -1187.418736 1390.711279 0.684512 0.710254 0.164266 -0.156197 -0.077205 0.984704 -0.712072 0.699699 -0.058092
-20.424108 -33.645234 219.044603 -191.198162 0.143616 -0.359722 0.921940 0.854130 -0.425468 -0.299062 0.499836 0.830408 0.246146
-20.148644 -32.458671 466.110321 -597.173311 0.046691 -0.374672 0.925981 0.930313 -0.321282 -0.176907 0.363783 0.869712 0.333562
-20.330371 -33.084470 131.226726 -611.006278 0.063827 -0.444081 0.893710 0.871189 -0.412026 -0.266952 0.486780 0.795630 0.360581
-20.179283 -34.003465 165.307641 -236.904124 0.115555 -0.415822 0.902075 0.789363 -0.512828 -0.337511 0.602954 0.751065 0.268975
-20.729380 -34.900488 30.107632 136.329768 0.187938 -0.331308 0.924616 0.761705 -0.545152 -0.350164 0.620068 0.770094 0.149904
-21.706818 -35.069840 -4.235355 34.308729 0.252949 -0.239803 0.937289 0.835030 -0.435163 -0.336688 0.488612 0.867829 0.090169
-25.013776 -33.749502 344.544026 183.665049 0.226167 0.616942 -0.753811 -0.716793 0.629416 0.300073 0.659588 0.472459 0.584573
-26.605751 -33.881015 383.758164 -458.180613 0.303326 0.652556 -0.694381 0.746858 -0.615365 -0.252050 0.591774 0.442150 0.674023
-27.153652 -34.649967 379.710759 -142.853798 0.353327 0.585517 -0.729610 -0.599095 0.740626 0.304235 0.718502 0.329611 0.612463
-25.263752 -33.805219 289.567871 -399.240686 0.239682 0.551668 -0.798884 -0.565045 0.748409 0.347287 0.789479 0.368167 0.491097
-3.636350 -29.331266 -6406.865065 56.813242 0.089904 0.962545 -0.255783 -0.476045 0.267116 0.837873 -0.874814 -0.046436 -0.482229
-22.858644 -30.424820 -4232.118422 -99.887389 0.259244 0.898932 -0.353148 -0.360029 0.429240 0.828331 -0.896199 0.087596 -0.434920
-25.867079 -31.598482 -4078.504299 232.234511 0.141179 0.986376 -0.084447 -0.537172 0.147978 0.830391 -0.831574 0.071871 -0.550745
3.355910 -21.909460 -2093.778146 11.493720 0.673779 0.117729 0.729495 0.483463 -0.816834 -0.314714 -0.558825 -0.564732 0.607283
10.378929 -21.447157 -2725.157680 599.621188 0.634725 0.174727 0.752725 -0.506153 0.830056 0.234130 -0.583895 -0.529602 0.615295
11.013052 -21.644533 -1254.526111 -423.803169 0.650247 0.243826 0.719533 0.572603 -0.779742 -0.253236 -0.499305 -0.576673 0.646640
-4.191621 -22.414072 -1574.251863 -257.818545 0.739979 0.036196 0.671656 -0.386620 0.840005 0.380680 -0.550415 -0.541371 0.635580
-1.985622 -22.867178 -1775.329865 -282.555991 0.716451 0.039393 0.696524 -0.356073 0.879214 0.316536 -0.599924 -0.474796 0.643940
-4.500450 -23.059413 -1103.744646 535.494704 0.769463 0.039560 0.637465 0.415264 -0.789309 -0.452268 -0.485265 -0.612720 0.623772
3.876947 -22.505526 -1773.929483 -16.372201 0.686235 0.134332 0.714868 0.554150 -0.733169 -0.394184 -0.471167 -0.666647 0.577566
-4.296455 -26.654717 -63.383292 531.369619 0.711580 0.659506 0.242291 -0.700169 0.636929 0.322620 -0.058448 0.399215 -0.914992
-4.688105 -29.207162 4.946139 -1306.764328 0.692292 0.672483 0.261722 0.706747 -0.558611 -0.434122 -0.145738 0.485511 -0.861998
-4.499542 -26.174226 111.760314 -18.885058 0.714593 0.643918 0.273364 -0.699371 0.649000 0.299465 -0.015417 0.405178 -0.914108
-4.291426 -27.582285 -94.560049 1379.697429 0.701922 0.665166 0.254675 0.708094 -0.690276 -0.148735 0.076863 0.284734 -0.955520
2.156202 -52.729481 466.686645 -88.523644 0.757332 0.616212 0.216172 -0.632718 0.774326 0.009386 -0.161604 -0.143884 0.976310
4.343490 -53.206378 130.816247 613.586219 0.760756 0.600218 0.246958 0.635394 -0.766352 -0.094759 -0.132380 -0.229004 0.964382
3.695850 -52.698201 109.132529 1183.229322 0.765311 0.593907 0.248139 -0.577936 0.803759 -0.141282 -0.283353 -0.035284 0.958366
2.027619 -53.635017 374.683840 -343.747899 0.769266 0.602361 0.213051 -0.571247 0.797777 -0.192951 -0.286193 0.026726 0.957799
3.153054 -51.649710 518.834717 900.393001 0.773572 0.600072 0.203716 -0.522676 0.785938 -0.330321 -0.358324 0.149049 0.921623
-0.568021 -62.312970 391.681474 284.028017 -0.683065 -0.393484 -0.615299 0.727106 -0.445769 -0.522117 -0.068836 -0.804028 0.590594
0.305399 -61.157974 379.525970 402.805927 -0.695847 -0.383265 -0.607376 0.718121 -0.359547 -0.595842 0.009985 -0.850784 0.525420
-0.041226 -62.052179 -135.970120 20.569516 0.716731 0.390536 0.577736 0.685866 -0.245045 -0.685230 0.126036 -0.887375 0.443487
-0.101773 -66.273341 384.281640 325.176794 -0.670860 -0.400740 -0.623983 0.720991 -0.549365 -0.422338 -0.173547 -0.733216 0.657477
-0.525958 -59.179628 -425.148975 73.066616 0.719714 0.363740 0.591359 0.687375 -0.253576 -0.680599 0.097606 -0.896322 0.432528
-0.294297 -64.953675 153.429064 712.418738 -0.653120 -0.425744 -0.626239 0.703246 -0.647726 -0.293080 -0.280854 -0.631817 0.722446
-1.071493 -59.490520 268.397102 808.686050 -0.664597 -0.406415 -0.627007 0.716753 -0.583860 -0.381277 -0.211128 -0.702805 0.679331
-0.624932 -58.151776 405.404923 71.548756 -0.695321 -0.379871 -0.610104 0.717033 -0.424441 -0.552914 -0.048917 -0.821917 0.567503
-3.926492 -56.019238 347.109090 -942.933509 0.752739 0.622051 0.215490 -0.531939 0.767572 -0.357595 -0.387847 0.154548 0.908675
-3.359442 -53.501618 349.822533 -1148.599218 0.745479 0.633751 0.206450 -0.621591 0.772833 -0.127882 -0.240597 -0.032994 0.970064
-2.630127 -56.049826 481.690808 -1348.140564 0.755592 0.623383 0.201182 -0.547781 0.769739 -0.327776 -0.359188 0.137461 0.923086
-1.477476 -55.787735 346.343820 -434.874232 0.758319 0.618939 0.204613 -0.438256 0.716408 -0.542855 -0.482581 0.321984 0.814519
-2.918680 -54.078702 82.531686 322.766675 0.748717 0.615320 0.246585 -0.403900 0.718419 -0.566339 -0.525630 0.324432 0.786420
-4.124461 -22.528962 134.272935 279.487904 -0.774525 -0.537523 -0.333437 -0.443658 0.837369 -0.319345 0.450865 -0.099409 -0.887039
-5.480037 -22.757891 522.932284 285.518793 -0.764643 -0.553971 -0.329298 -0.478271 0.830273 -0.286187 0.431946 -0.061337 -0.899811
-5.975282 -23.881883 375.104400 598.235768 -0.768869 -0.547500 -0.330278 -0.433517 0.826053 -0.360138 0.470003 -0.133718 -0.872477
-5.463111 -24.836088 401.911266 538.140103 -0.768474 -0.560171 -0.309283 -0.404966 0.799996 -0.442729 0.495429 -0.214977 -0.841627
-4.211745 -23.626015 106.908931 286.328792 -0.784334 -0.531378 -0.320089 -0.404461 0.829284 -0.385614 0.470352 -0.172987 -0.865358
0.986555 -32.197250 -344.931406 -460.178341 0.781301 0.477107 0.402415 0.617683 -0.498434 -0.608301 0.089647 -0.723831 0.684128
1.393860 -28.671555 -162.103713 -538.148770 0.761054 0.505971 0.405945 0.648211 -0.617195 -0.445975 -0.024897 -0.602548 0.797694
0.620430 -32.792938 9.973375 -583.143898 0.784097 0.487035 0.384692 0.613813 -0.516870 -0.596724 0.091790 -0.704018 0.704225
0.446580 -34.506414 -200.382655 -381.921017 0.794063 0.476198 0.377756 0.573677 -0.381730 -0.724691 0.200896 -0.792161 0.576301
-0.145665 -34.315725 -425.139076 -462.442691 0.789097 0.476128 0.388109 0.582724 -0.380361 -0.718163 0.194316 -0.792860 0.577593
-0.117552 -32.657393 -282.332187 -235.580686 0.777606 0.484699 0.400495 0.607609 -0.415498 -0.676885 0.161680 -0.769694 0.617601
6.206525 -23.014928 -217.583921 164.480935 0.659500 0.705893 0.258406 0.690464 -0.704759 0.163013 -0.297184 -0.070913 0.952183
5.808770 -22.094675 -416.616100 84.232150 0.656186 0.702575 0.275333 0.714333 -0.695943 0.073428 -0.243205 -0.148497 0.958541
5.509758 -22.649988 -634.915061 345.363244 0.612351 0.721214 0.323846 0.713739 -0.680486 0.165874 -0.340003 -0.129568 0.931456
4.554903 -23.631561 -884.158246 312.432996 0.600118 0.725327 0.337281 0.674183 -0.685560 0.274744 -0.430506 -0.062511 0.900421
6.124401 -23.259769 -988.397522 205.350900 0.620752 0.720465 0.309189 0.669927 -0.692299 0.268180 -0.407265 -0.040661 0.912404
4.687886 -23.524654 -4.882480 344.437816 0.622409 0.710064 0.329267 0.680132 -0.698850 0.221426 -0.387334 -0.086128 0.917907
-5.815346 -113.362934 -199.731341 -12152.243201 0.614812 -0.367898 -0.697608 0.091076 0.911735 -0.400556 0.783397 0.182731 0.594052
-6.415385 -132.728219 281.429838 -13372.484408 0.609656 -0.432189 -0.664479 -0.088304 0.796035 -0.598774 0.787732 0.423722 0.447144
-6.166037 -135.780195 -665.902459 -11772.961971 0.654207 -0.356478 -0.667036 -0.132903 0.814046 -0.565390 0.744547 0.458532 0.485178
-4.152755 -204.304539 559.779960 -30425.704374 0.573361 -0.473536 -0.668596 0.106203 0.852126 -0.512447 0.812390 0.222810 0.538867
-4.954009 -110.945190 -432.642570 -11227.467189 0.628771 -0.337577 -0.700492 0.148795 0.936436 -0.317721 0.763221 0.095544 0.639034
-5.388614 -97.105841 466.452655 -9316.289694 0.582311 -0.408948 -0.702620 0.292251 0.911793 -0.288484 0.758619 -0.037354 0.650463
-4.575467 -76.551108 -122.763617 -4627.830297 0.607494 -0.335731 -0.719886 0.228640 0.941839 -0.246299 0.760706 -0.014970 0.648923
-4.332450 -88.649129 310.261364 5987.914992 0.542020 -0.438367 -0.716972 0.839983 0.256879 0.477955 -0.025345 -0.861306 0.507454
-2.232607 -108.519168 265.736173 8732.686153 0.511421 -0.431299 -0.743256 0.813225 -0.036591 0.580798 -0.277694 -0.901467 0.332030
-2.249592 -79.566703 181.384271 5330.245319 0.531454 -0.442258 -0.722471 0.846958 0.262542 0.462314 -0.014783 -0.857601 0.514103
6.353302 -25.600917 -1639.517861 -454.134184 0.709340 -0.615754 -0.343051 0.524019 0.786180 -0.327606 0.471424 0.052618 0.880335
10.531324 -25.249438 -1400.170264 117.733481 0.656548 -0.659060 -0.366857 0.619216 0.748665 -0.236796 0.430716 -0.071696 0.899635
4.897843 -23.250893 -1554.861589 -167.813553 0.673551 -0.658921 -0.334892 0.611387 0.751285 -0.248549 0.415374 -0.037338 0.908884
29.630291 -6011.966137 -6640.524147 1984010.378348 0.880547 0.106387 -0.461864 0.408062 -0.665853 0.624600 0.241084 0.738459 0.629727
21.034041 -4147.728883 -1613.564446 7144594.833201 0.832186 0.031785 -0.553584 0.443925 -0.636416 0.630798 0.332260 0.770691 0.543726
-199.881134 -2504.988749 25828.979326 -393695.156038 0.807857 -0.218018 -0.547571 -0.589317 -0.312213 -0.745137 0.008506 -0.924657 0.380705
-327.211218 -8253.887521 -43599.792394 -1563350.663041 -0.714877 0.120226 0.688837 -0.228533 0.890840 -0.392655 -0.660850 -0.438122 -0.609366
-5.847331 -17.194911 -208.693077 904.351430 0.461267 0.883994 0.076073 0.730111 -0.329452 -0.598664 0.504154 -0.331685 0.797379
-7.118030 -16.701542 -248.144718 729.917727 0.462514 0.885684 0.040542 0.729778 -0.354334 -0.584698 0.503492 -0.300018 0.810238
-6.443635 -20.497772 9.943588 379.023810 0.384810 0.916209 0.111728 0.820208 -0.283927 -0.496633 0.423297 -0.282749 0.860740
-5.407601 -19.805931 -26.485661 861.715107 0.414525 0.901140 0.126950 0.785409 -0.283794 -0.550086 0.459677 -0.327732 0.825402
-6.244760 -22.465956 292.382070 122.381708 0.357940 0.921684 0.149591 0.871234 -0.272032 -0.408594 0.335901 -0.276581 0.900374
-3.272582 -16.935668 -826.877754 43.809493 0.676964 0.729263 0.099478 0.367348 -0.451893 0.812926 -0.637790 0.513778 0.573808
-1.100835 -15.988287 -697.542326 68.479632 0.680371 0.721056 0.131049 0.367693 -0.490534 0.790049 -0.633954 0.489341 0.598872
-3.935753 -16.647969 -641.355631 -76.536887 0.640876 0.767322 0.022248 0.494493 -0.434828 0.752597 -0.587158 0.471320 0.658106
-6.308064 -17.371992 -382.875179 -116.685751 0.653097 0.757207 -0.010130 0.486978 -0.409703 0.771359 -0.579928 0.508705 0.636319
-5.697318 -17.553037 -401.739981 29.206990 0.689444 0.721642 0.062450 0.374827 -0.429218 0.821752 -0.619815 0.543144 0.566413
-1.332765 -30.628445 257.161082 -40.446064 0.640022 0.639304 0.426218 -0.594271 0.763493 -0.252824 -0.487046 -0.091476 0.868572
0.011464 -29.733037 322.084330 -266.724667 0.618895 0.663807 0.419916 -0.585707 0.746222 -0.316387 -0.523370 -0.050137 0.850629
-0.609190 -30.406556 357.955261 -333.999746 0.623188 0.664292 0.412738 -0.537855 0.747169 -0.390450 -0.567758 0.021331 0.822919
-1.032846 -30.554307 174.101238 -457.645505 0.623848 0.651274 0.432036 -0.569724 0.757379 -0.319048 -0.535003 -0.047104 0.843536
-5.113802 -18.885102 122.983588 -248.406305 0.752046 0.514732 0.411677 -0.045834 0.663924 -0.746394 -0.657515 0.542454 0.522893
-3.800491 -19.467107 361.384686 -324.157732 0.772306 0.537426 0.338698 -0.041188 0.574414 -0.817528 -0.633914 0.617432 0.465758
-5.121688 -20.196056 106.968303 -264.154136 0.744686 0.526547 0.410112 -0.007362 0.620920 -0.783839 -0.667374 0.580695 0.466267
-6.112315 -20.384494 60.494531 -48.470398 0.723661 0.501337 0.474317 0.013622 0.676751 -0.736086 -0.690021 0.539138 0.482909
-1.225161 -15.585696 -258.720579 -655.905495 -0.248436 0.956092 0.155459 0.667314 0.285263 -0.687980 0.702119 0.067179 0.708883
3.530942 -16.762061 1147.131885 -1022.259031 0.026217 0.989711 -0.140661 0.674751 -0.121340 -0.728002 0.737579 0.075825 0.670990
-5.990774 -8.740872 -319.895232 -985.828476 -0.127489 0.991388 0.029925 0.736607 0.114843 -0.666499 0.664196 0.062928 0.744905
-2.761714 -13.824890 -356.001918 -42.467578 -0.484676 0.787191 0.381339 0.600654 0.616455 -0.509115 0.635849 0.017703 0.771610
6.331079 -20.335270 -944.956370 -785.411023 -0.643869 -0.529695 -0.552137 0.689133 -0.715017 -0.117672 -0.332458 -0.456261 0.825408
6.411546 -17.921326 -605.069431 783.514545 -0.631154 -0.543314 -0.553582 0.692723 -0.715918 -0.087154 -0.348968 -0.438487 0.828221
4.115926 -20.776465 -294.787356 -810.085258 -0.629584 -0.545889 -0.552837 0.702798 -0.703491 -0.105713 -0.331208 -0.455088 0.826557
5.574987 -21.873688 -603.574719 -1945.534336 -0.649171 -0.528231 -0.547311 0.698069 -0.699527 -0.152845 -0.302121 -0.481283 0.822854
2.791021 -21.474962 131.506015 -1959.210352 -0.631824 -0.540709 -0.555366 0.708029 -0.694181 -0.129644 -0.315425 -0.475128 0.821438
3.106568 -20.388271 344.562841 -350.292899 -0.627847 -0.551055 -0.549678 0.706896 -0.699268 -0.106403 -0.325738 -0.455370 0.828573
-81.602495 -179.006858 1298.366282 -38340.448924 0.557649 0.820081 0.128430 -0.665549 0.534196 -0.521229 0.496057 -0.205186 -0.843698
-29.522871 -44.065398 -3055.192931 -14321.852938 0.502306 0.862865 -0.056149 -0.822257 0.456556 -0.339780 0.267549 -0.216842 -0.938827
-39.007455 -3655.101690 -14453.564101 -797383.757933 0.749169 0.639828 -0.171364 -0.638755 0.629378 -0.442578 0.175322 -0.441025 -0.880204
-158.350596 -1054.608642 -1060.819374 -192397.337682 0.626185 0.779504 0.016303 -0.734036 0.596452 -0.324709 0.262836 -0.191361 -0.945673
-109.214147 -492.148015 16639.639388 -90238.716849 0.401529 0.797435 0.450414 -0.832229 0.522997 -0.184036 0.382322 0.300951 -0.873646
-29.642625 -45.684088 -198.871038 1372.339809 -0.649033 0.760711 0.008708 -0.736377 -0.631064 0.243941 -0.191063 -0.151913 -0.969751
-27.680922 -40.509758 127.300864 -2571.170237 -0.718155 0.673081 0.176679 0.587789 0.722631 -0.363742 -0.372501 -0.157373 -0.914591
-29.663589 -47.660189 -148.390650 338.452319 -0.663623 0.736137 0.133069 -0.724260 -0.676776 0.131992 -0.187222 0.008784 -0.982278
-30.150699 -46.333300 -58.741877 837.318637 -0.682352 0.730432 0.029425 0.731011 0.682029 0.021456 -0.004397 0.036150 -0.999337
-29.774782 -46.418862 -247.815480 -117.015803 -0.667182 0.740233 -0.083203 0.744785 0.660989 -0.091596 -0.012806 -0.123079 -0.992314
-28.877992 -41.718526 -186.293939 -1838.631362 -0.562725 0.812155 -0.154093 0.813297 0.510572 -0.279042 -0.147950 -0.282347 -0.947835
-5.942531 -26.030129 144.268954 -496.622644 -0.258150 0.915338 0.309056 0.590422 0.402683 -0.699463 0.764696 -0.001907 0.644388
-5.046281 -23.963798 113.922372 -285.123521 -0.279414 0.914562 0.292412 0.648287 0.404339 -0.645162 0.708274 -0.009300 0.705876
-5.229556 -21.826391 -76.687937 -619.780102 -0.211847 0.933428 0.289540 0.727046 0.348505 -0.591565 0.653089 -0.085188 0.752474
-7.404131 -23.159197 163.243333 -359.418385 -0.194792 0.933563 0.300858 0.639699 0.353439 -0.682544 0.743533 -0.059505 0.666046
-6.857752 -27.196721 194.994100 -600.469302 -0.257158 0.900064 0.351788 0.506192 0.435554 -0.744354 0.823189 0.013344 0.567611
-4.754312 -12.817385 141.336130 535.875287 0.455958 0.869645 -0.189262 0.889828 -0.449638 0.077663 -0.017560 -0.203822 -0.978851
-5.214966 -12.686774 100.696434 521.726120 0.216636 0.952754 -0.212906 0.975796 -0.217993 0.017374 -0.029859 -0.211517 -0.976918
-5.736203 -14.833529 232.333449 462.500183 0.496020 0.849089 -0.181694 0.865640 -0.499946 0.026836 -0.068052 -0.170593 -0.982989
-2.993767 -10.562760 -146.595979 521.994917 0.278050 0.936121 -0.215325 0.960134 -0.264123 0.091554 0.028833 -0.232197 -0.972241
-4.905015 -14.240962 -151.720923 463.588240 0.582381 0.796259 -0.163719 0.811854 -0.579995 0.067081 -0.041542 -0.171983 -0.984224
-4.567696 -12.077923 -224.458204 539.889160 0.529945 0.829812 -0.174841 0.848000 -0.516750 0.117751 0.007362 -0.210667 -0.977530
7.388691 -26.374315 -239.539844 -1892.619150 0.583179 0.805116 0.108116 0.799960 -0.592331 0.095964 -0.141303 -0.030525 0.989496
9.251794 -31.820324 407.273108 -2396.447163 -0.642379 -0.753156 -0.141794 0.761302 -0.648378 -0.005037 -0.088143 -0.111184 0.989883
6.593146 -25.919275 -280.501210 -979.205070 0.638607 0.751422 0.165969 0.752155 -0.655071 0.071724 -0.162617 -0.079031 0.983519
4.485251 -24.471574 -335.253001 345.194836 0.592256 0.795478 0.128249 0.781768 -0.605846 0.147613 -0.195122 -0.012836 0.980695
6.872685 -23.124182 -507.562842 -550.143164 0.511772 0.856338 0.069097 0.839923 -0.515622 0.169301 -0.180606 0.028607 0.983139
0.420622 -48.738751 163.364433 2340.536724 -0.722803 -0.686652 0.077875 -0.688081 0.725551 0.010956 -0.064026 -0.045665 -0.996903
0.642790 -45.690840 -273.940732 881.790289 0.689610 0.719520 -0.082036 -0.701404 0.691808 0.171561 -0.180195 0.060769 -0.981752
-0.004668 -39.067332 -48.195223 1323.025697 0.699365 0.711536 -0.067860 -0.692240 0.697913 0.183634 -0.178023 0.081452 -0.980650
-1.629422 -48.592744 -590.743941 -3790.024966 0.520399 0.850873 -0.072114 -0.360710 0.295585 0.884600 -0.773998 0.434332 -0.460740
-2.110515 -32.836057 -344.311221 -2826.814931 0.555221 0.821744 -0.128324 -0.453174 0.428279 0.781800 -0.697398 0.375918 -0.610182
0.131730 -38.589891 -522.405017 -4042.213266 0.525249 0.845476 -0.096352 -0.451773 0.373018 0.810406 -0.721120 0.382136 -0.577891
0.010921 -25.354584 -232.819417 -2738.115135 0.575568 0.801895 -0.160269 -0.499345 0.499849 0.707676 -0.647592 0.327286 -0.688119
1.007381 -56.135826 -713.104928 -4287.502651 0.503978 0.861561 -0.060983 -0.302475 0.242187 0.921875 -0.809021 0.446159 -0.382658
1.568305 -37.996468 -469.127310 -4018.857804 0.521922 0.846084 -0.108348 -0.462400 0.387376 0.797575 -0.716787 0.366172 -0.593409
-8.429606 -23.670906 423.817860 683.826280 0.644627 0.730249 0.226257 0.007013 0.290295 -0.956911 0.764465 -0.618437 -0.182011
-8.474874 -23.781859 397.959574 -19.299952 0.631899 0.739560 0.231850 0.142085 0.183535 -0.972690 0.761916 -0.647585 -0.010895
-8.714516 -23.381081 219.218500 1042.149622 0.677840 0.692572 0.246732 0.041264 0.299227 -0.953289 0.734051 -0.656359 -0.174250
3.926445 -15.653949 -647.476902 -800.414854 0.664087 0.735170 0.136063 0.745884 -0.638933 -0.188206 -0.051429 0.226472 -0.972659
3.737847 -19.132101 -447.289992 -588.404671 0.613766 0.773712 0.157037 0.786912 -0.615594 -0.042585 0.063722 0.149711 -0.986674
5.313309 -17.758902 -416.401981 -679.363349 0.627060 0.760354 0.169283 0.777345 -0.624828 -0.072965 0.050293 0.177345 -0.982863
4.501384 -15.614159 -73.312042 -642.574663 0.666243 0.718592 0.199365 0.745705 -0.644350 -0.169519 0.006645 0.261608 -0.965151
-3.796014 -61.915455 -638.282794 2336.561000 0.570110 0.816747 0.088877 0.184037 -0.232390 0.955052 -0.800690 0.528129 0.282800
-3.130695 -57.637334 -546.321096 1849.365568 0.562775 0.819010 0.111834 0.291750 -0.323389 0.900168 -0.773412 0.473964 0.420941
-4.708976 -53.222922 -655.695104 1572.272523 0.576254 0.808909 0.116611 0.362801 -0.381046 0.850400 -0.732330 0.447739 0.513052
-6.140792 -66.424656 394.573667 445.868512 0.323118 0.114961 0.939350 0.902781 0.260294 -0.342394 -0.283869 0.958661 -0.019679
-5.219637 -67.544646 364.931684 -779.872576 0.312987 0.092822 0.945211 0.857156 0.401021 -0.323211 -0.409050 0.911354 0.045951
-4.928299 -71.961345 3.039870 -1380.627345 0.295275 0.124047 0.947325 0.942152 0.126815 -0.310269 -0.158623 0.984139 -0.079426
-6.588125 -67.156017 606.962645 -138.509659 0.278540 0.112163 0.953853 0.960413 -0.027514 -0.277220 -0.004849 0.993309 -0.115386
-6.320580 -59.098290 251.365302 1076.490823 0.311062 0.150877 0.938337 0.941971 0.082176 -0.325480 -0.126217 0.985131 -0.116560
-5.058100 -63.405830 -151.831269 1538.968509 0.338000 0.179299 0.923909 0.889588 0.259597 -0.375823 -0.307228 0.948927 -0.071758
-12.061340 -22.896311 -251.876135 30.096946 0.368426 0.928962 -0.035941 0.013983 -0.044193 -0.998925 0.929552 -0.367527 0.029271
-11.316497 -22.608998 -269.076399 -48.956007 0.417230 0.907592 0.046870 0.043208 0.031705 -0.998563 0.907773 -0.418655 0.025987
-10.439549 -23.097724 -199.686490 -1.827152 0.389755 0.920650 0.022228 -0.092888 0.063314 -0.993662 0.916222 -0.385220 -0.110194
-9.631030 -22.834875 -105.212708 -79.403361 0.430667 0.896290 0.105785 -0.034380 0.133420 -0.990463 0.901856 -0.422923 -0.088274
-9.826387 -22.888610 -43.606682 144.314200 0.328784 0.943868 -0.031840 -0.188198 0.032444 -0.981595 0.925463 -0.328725 -0.188301
-9.502530 -23.329912 258.554586 -0.602407 0.299931 0.951335 -0.070739 -0.098266 -0.042949 -0.994233 0.948886 -0.305152 -0.080602
-9.673224 -22.781225 -333.846946 150.304505 0.381975 0.923939 0.020779 -0.215568 0.110939 -0.970166 0.898680 -0.366100 -0.241548
-9.001521 -22.721904 -176.729906 50.779433 0.419016 0.904475 0.079694 -0.179826 0.168698 -0.969125 0.889994 -0.391748 -0.233335
-1.593424 -86.621380 214.700798 5449.575621 -0.114882 -0.115219 -0.986675 0.863470 -0.502662 -0.041839 -0.491144 -0.856770 0.157235
-2.954677 -84.795884 355.963300 5904.763342 -0.116039 -0.122353 -0.985680 0.871847 -0.487969 -0.042066 -0.475834 -0.864243 0.163297
-2.273861 -99.021669 -590.791471 -5938.375934 0.096969 0.117245 0.988358 -0.678789 0.734048 -0.020481 -0.727903 -0.668900 0.150764
11.726965 -23.960051 196.413356 211.013685 0.589012 0.799143 0.120142 0.606672 -0.339054 -0.719021 0.533866 -0.496399 0.684525
13.457193 -24.263873 538.362890 -120.010309 -0.588916 -0.798936 -0.121982 0.677541 -0.405775 -0.613421 0.440587 -0.443901 0.780279
12.589023 -24.569323 -901.817495 -58.920691 0.562048 0.816403 0.132621 0.642149 -0.329660 -0.692076 0.521293 -0.474143 0.709537
13.249875 -23.492440 722.199152 346.434042 0.608620 0.786914 0.101723 0.524396 -0.302704 -0.795851 0.595474 -0.537714 0.596887
11.230149 -23.659093 1010.546444 217.292009 0.611398 0.783138 0.113523 0.584936 -0.350643 -0.731368 0.532956 -0.513561 0.672468
13.826511 -23.791349 -230.756624 219.715144 0.568899 0.815666 0.105081 0.561906 -0.292213 -0.773869 0.600513 -0.499299 0.624568
-5.951606 -23.763891 793.871643 78.129888 0.239682 0.966694 -0.089748 -0.141854 -0.056580 -0.988269 0.960432 -0.249602 -0.123568
-0.668821 -24.316050 1557.405630 -116.440240 0.211009 0.972899 -0.094570 -0.068019 -0.081900 -0.994317 0.975115 -0.216242 -0.048894
-6.858493 -23.693645 926.041451 -214.450398 0.236515 0.964864 -0.114449 -0.027484 -0.111101 -0.993429 0.971239 -0.238107 -0.000241
-0.067597 -24.304956 1444.872799 251.668141 0.220806 0.973660 -0.056835 -0.204355 -0.010793 -0.978837 0.953669 -0.227747 -0.196589
-5.657247 -23.575373 956.882912 272.450491 0.233820 0.969028 -0.079457 -0.247574 -0.019690 -0.968669 0.940231 -0.246166 -0.235303
-8.198600 -23.125897 448.039270 182.100652 0.273801 0.959444 -0.067088 -0.235915 -0.000626 -0.971774 0.932404 -0.281900 -0.226176
-22.031555 -31.329330 -1872.160015 809.839252 -0.904527 -0.120550 -0.409021 -0.210595 0.960354 0.182674 0.370784 0.251371 -0.894053
-12.834990 -30.029189 -1908.268503 761.205126 -0.814326 -0.296072 -0.499213 -0.405478 0.905611 0.124326 0.415283 0.303661 -0.857514
-17.091362 -31.612939 -1896.915316 387.129521 -0.850271 -0.229098 -0.473870 -0.280655 0.958977 0.039954 0.445277 0.166966 -0.879688
-25.156851 -33.729267 -1266.271126 509.697521 -0.912118 0.084673 -0.401087 0.058052 0.995255 0.078089 0.405796 0.047943 -0.912705
-28.258364 -35.665242 -586.681630 1710.593736 -0.883049 0.414576 -0.219889 0.354854 0.896513 0.265223 0.307089 0.156177 -0.938779
1.249262 -96.227167 -469.890395 248.911530 0.597253 0.796569 0.093631 0.270623 -0.310036 0.911395 -0.755018 0.518995 0.400740
1.518108 -120.511992 -772.724842 -2157.502114 0.625844 0.767751 0.137397 0.308701 -0.405609 0.860340 -0.716256 0.496024 0.490854
0.180374 -99.134067 -212.850384 590.249847 0.634368 0.765577 0.107091 0.441187 -0.472315 0.763068 -0.634768 0.436819 0.637384
4.523176 -65.703022 -615.951387 -8538.885626 -0.196151 -0.615236 -0.763551 -0.432930 0.753011 -0.495526 0.879827 0.233366 -0.414058
2.345581 -45.861564 -167.581031 -6106.666584 -0.170390 -0.634530 -0.753883 -0.424743 0.737641 -0.524860 0.889135 0.230776 -0.395199
-27.623678 -806.383747 -2203.027625 -153183.213811 -0.252219 -0.510731 -0.821912 -0.498324 0.796640 -0.342107 0.829493 0.323293 -0.455437
4.571407 -35.003402 303.655829 -1235.427459 0.096052 0.751666 0.652512 -0.371104 0.635322 -0.677235 0.923610 0.177101 -0.339970
6.641341 -207.710255 -401.138217 -31662.529177 -0.218145 -0.619185 -0.754336 -0.603897 0.692837 -0.394064 0.766630 0.369578 -0.525063
6.612144 -67.849033 -113.250083 -8401.697318 -0.190496 -0.685081 -0.703118 -0.384210 0.711129 -0.588793 0.903379 0.157982 -0.398683
2.773594 -204.112957 1910.480990 -30638.639786 -0.275866 0.734904 0.619527 0.468538 -0.459965 0.754258 -0.839268 -0.498346 0.217442
22.470797 -527.047171 -2089.737943 79712.590601 -0.160641 0.538088 0.827440 -0.564468 0.637618 -0.524233 -0.809673 -0.551276 0.201306
55.468100 -911.463620 8553.324205 -176690.342556 -0.295750 0.795687 0.528596 0.354672 -0.422334 0.834171 -0.886984 -0.434184 0.157303
8.811886 -12.939373 1147.016829 689.851166 0.673359 0.731772 0.105348 -0.611654 0.631443 -0.476612 0.415293 -0.256494 -0.872779
11.987365 -14.870313 1659.776228 722.794585 0.643615 0.761253 0.079083 -0.619174 0.578639 -0.530849 0.449871 -0.292696 -0.843768
5.368756 -15.608638 208.879087 648.170142 0.670026 0.735875 0.097737 -0.583930 0.603756 -0.542683 0.458357 -0.306540 -0.834231
9.108106 -18.391332 1144.822226 426.877888 0.663812 0.743671 0.079415 -0.553998 0.560265 -0.615784 0.502434 -0.364769 -0.783903
3.695653 -12.957274 -197.426709 786.098683 0.671819 0.734905 0.092589 -0.611044 0.620515 -0.491514 0.418669 -0.273633 -0.865934
5.163904 -18.270829 -9.352834 406.572410 0.672145 0.734544 0.093088 -0.540222 0.572494 -0.616774 0.506340 -0.364274 -0.781616
-25.798684 -37.257360 103.726133 1124.872651 0.800359 0.585278 0.129903 -0.322482 0.237624 0.916264 -0.505401 0.775232 -0.378926
-21.776495 -31.875919 -139.194971 1132.414302 0.706807 0.550445 0.444336 -0.513215 -0.033292 0.857614 -0.486862 0.834207 -0.258966
-18.750918 -26.522252 -102.030280 -956.304217 0.587881 0.508161 0.629419 0.594149 0.256795 -0.762262 -0.548984 0.822088 -0.150958
-20.188292 -31.124819 297.455574 -157.986849 -0.034916 -0.381025 0.923905 0.965544 -0.251414 -0.067195 0.257886 0.889725 0.376675
-19.474831 -32.365229 121.161893 -284.092176 0.063553 -0.289937 0.954933 0.969000 -0.210983 -0.128548 0.238745 0.933500 0.267540
-20.359084 -33.200829 -179.028494 -323.000057 0.114769 -0.196975 0.973668 0.971250 -0.183537 -0.151615 0.208569 0.963076 0.170248
-19.271120 -31.647163 57.630497 -133.639407 -0.005627 -0.230054 0.973162 0.996718 -0.079887 -0.013122 0.080762 0.969893 0.229748
-3.458685 -33.406597 -200.875593 741.290273 0.657057 0.719355 0.225399 0.728491 -0.529026 -0.435238 -0.193849 0.450178 -0.871644
-3.678638 -34.181577 -190.332666 2382.559764 0.656102 0.717305 0.234527 0.716334 -0.494145 -0.492632 -0.237477 0.491217 -0.838040
-4.365817 -32.513507 -84.070330 820.551255 0.668652 0.700149 0.250391 0.719199 -0.523447 -0.456898 -0.188830 0.485587 -0.853550
0.408853 -25.661388 34.851763 238.891314 0.596155 0.756039 0.270191 -0.232807 -0.159290 0.959389 -0.768375 0.634848 -0.081050
0.032874 -27.395913 67.636875 -291.860554 0.605436 0.754821 0.252373 -0.303031 -0.074591 0.950057 -0.735948 0.651676 -0.183574
0.580897 -26.891653 -108.453860 368.995999 0.595803 0.765170 0.243993 -0.224869 -0.132717 0.965308 -0.771007 0.630000 -0.092990
-0.492747 -28.010878 -86.509277 290.010970 0.591575 0.762515 0.261934 -0.320797 -0.075443 0.944139 -0.739681 0.642557 -0.199982
0.696367 -25.736239 -35.631447 727.999863 0.589966 0.758497 0.276808 -0.139395 -0.241999 0.960211 -0.795305 0.605077 0.037041
0.248878 -25.074041 -94.592488 35.786887 0.581146 0.764077 0.280100 -0.247349 -0.162061 0.955277 -0.775298 0.624438 -0.094813
0.594341 -24.579857 -47.179389 586.308697 0.581097 0.759963 0.291174 -0.131247 -0.265586 0.955112 -0.803182 0.593228 0.054588
0.898850 -63.027260 -459.328088 48.038095 0.730018 0.366806 0.576652 0.660772 -0.163366 -0.732593 0.174514 -0.915841 0.361634
0.198607 -70.407284 366.606561 -244.531574 -0.700905 -0.382793 -0.601832 0.713029 -0.354810 -0.604731 0.017951 -0.852983 0.521630
-3.227338 -48.488971 296.661147 796.956348 0.728337 0.648803 0.220409 0.679202 -0.726107 -0.107016 -0.090608 -0.227646 0.969519
-4.268241 -49.332954 162.408936 -898.450630 0.723060 0.647025 0.241958 -0.661333 0.749565 -0.028122 -0.199559 -0.139681 0.969879
-4.249395 -46.164288 268.605198 910.472139 0.709427 0.662320 0.240927 0.703924 -0.682710 -0.195952 -0.034700 -0.308607 0.950556
-5.620378 -47.286982 41.608154 1458.617802 0.699177 0.653032 0.291033 0.697529 -0.712376 -0.077282 -0.156857 -0.257039 0.953586
-5.849962 -51.791591 -5.788609 -490.262863 0.712577 0.634240 0.299956 -0.608026 0.771574 -0.187023 -0.350057 -0.049113 0.935440
-3.823554 -21.795663 127.601702 255.376728 -0.774955 -0.536257 -0.334476 -0.477261 0.843470 -0.246537 0.414328 -0.031423 -0.909585
-4.859508 -22.457278 416.721871 -79.245454 -0.766221 -0.556415 -0.321416 -0.523898 0.830568 -0.188910 0.372070 0.023642 -0.927903
-2.846698 -22.109273 -104.821003 361.239042 -0.793458 -0.515414 -0.323686 -0.442242 0.853635 -0.275190 0.418146 -0.075204 -0.905261
-3.388237 -22.586885 31.801382 153.251107 -0.783338 -0.534378 -0.317525 -0.500288 0.845168 -0.188159 0.368910 0.011462 -0.929395
0.976905 -29.395128 389.392854 -479.429353 0.764013 0.512574 0.391857 0.645076 -0.618787 -0.448307 -0.012685 -0.595290 0.803411
2.478139 -26.098331 -3.917573 -389.131770 0.712272 0.555148 0.429510 0.689594 -0.667568 -0.280736 -0.130877 -0.496148 0.858317
1.814091 -27.300844 234.338248 -278.401330 0.721494 0.555188 0.413777 0.681779 -0.673973 -0.284496 -0.120926 -0.487367 0.864783
4.840101 -22.346243 95.737130 345.504537 0.696739 0.671350 0.252671 -0.694648 0.719337 0.004200 -0.178936 -0.178444 0.967543
4.514976 -21.496621 284.338160 -193.643507 -0.671133 -0.688102 -0.275854 0.718395 -0.695517 -0.012876 -0.183001 -0.206814 0.961113
5.876058 -23.131930 116.203716 5.758077 0.684817 0.687722 0.240964 -0.696293 0.715075 -0.062002 -0.214947 -0.125322 0.968552
-6.975728 -124.424552 -52.069567 1592.553679 0.631507 -0.401435 -0.663362 0.368307 -0.597556 0.712233 0.682311 0.694101 0.229510
-4.670751 -153.119904 1041.425066 -9498.970244 0.552911 -0.471429 -0.687055 -0.273574 0.676140 -0.684100 0.787049 0.566206 0.244874
-8.823559 -15.132431 639.179638 425.039818 -0.476489 -0.781736 -0.402302 0.878202 -0.401628 -0.259722 0.041459 -0.477057 0.877894
-8.449853 -17.490717 399.173455 613.991820 -0.686857 -0.648518 -0.328104 0.725383 -0.639798 -0.253925 -0.045245 -0.412412 0.909873
-6.532037 -14.656594 539.568943 885.440131 -0.591420 -0.703416 -0.394245 0.806275 -0.523131 -0.276143 -0.011999 -0.481186 0.876536
-13.353815 -198.214022 1635.437252 -3478.491596 0.691596 -0.335627 -0.639570 0.433272 -0.515700 0.739141 0.577902 0.788294 0.211239
6.996600 -538.157410 1941.885998 98186.574659 0.738611 -0.383273 -0.554577 0.553635 -0.124502 0.823400 0.384633 0.915206 -0.120235
-10.655453 -277.626854 946.721200 39583.852733 0.736876 -0.349725 -0.578538 0.548590 -0.190752 0.814041 0.395048 0.917227 -0.051295
-14.553853 -163.660546 27.982227 3920.296718 0.775673 -0.233911 -0.586189 0.456272 -0.433879 0.776895 0.436059 0.870078 0.229821
-7.853769 -183.474465 -491.779742 11439.124334 0.816523 -0.226730 -0.530927 0.539728 -0.026606 0.841419 0.204901 0.973594 -0.100648
-72.859020 -12506.559899 1479.207251 -241819.013191 0.858188 -0.296589 -0.418985 -0.512886 -0.461266 -0.724004 -0.021468 -0.836223 0.547970
-146.960844 -6158.687389 -13779.529814 -1632778.748633 -0.402768 0.238543 0.883671 -0.250389 0.899901 -0.357049 -0.880388 -0.365070 -0.302723
1704.936507 -985.254730 5798683.077871 -522521.647119 0.367642 0.016411 0.929822 -0.266415 0.959796 0.088398 -0.890989 -0.280218 0.357234
7.022175 -8.834937 -748.149706 1704.733181 -0.417238 0.878522 0.232618 -0.847737 -0.468479 0.248736 -0.327497 0.093417 -0.940223
8.921989 -14.267621 -113.251456 -2322.443356 -0.702751 0.604533 0.375075 0.637600 0.769057 -0.044914 -0.315606 0.207585 -0.925906
6.900338 0.314234 -728.648222 -264.566534 -0.014491 0.984535 0.174586 -0.929537 -0.077602 0.360469 -0.368443 0.157061 -0.916287
-5.984982 -11.925243 -207.819125 1224.634213 0.576840 0.815344 -0.049692 0.593304 -0.460012 -0.660590 0.561467 -0.351572 0.749100
-2.926689 -16.107396 -632.981615 -44.279634 0.641875 0.764816 0.055248 0.490783 -0.465112 0.736751 -0.589176 0.445788 0.673903
-1.127946 -15.310374 -369.673964 -20.270451 0.678023 0.726076 0.114449 0.424516 -0.513921 0.745434 -0.600059 0.456836 0.656681
-3.154513 -18.162030 313.959391 -225.961945 0.771440 0.549517 0.320800 -0.095023 0.598000 -0.795844 -0.629167 0.583462 0.513537
10.573343 -174.959291 -1727.729712 20045.010346 0.731962 0.375747 0.568371 0.559401 0.144819 -0.816148 0.388976 -0.915337 0.104191
22.858296 -260.318416 -2317.972850 40359.152840 0.719298 0.448979 0.530121 0.467762 0.251172 -0.847414 0.513623 -0.857514 0.029348
10.861906 -132.980391 -1548.634489 11486.314337 0.768085 0.382830 0.513310 0.352338 0.416693 -0.837989 0.534699 -0.824505 -0.185170
5.085459 -107.588329 -1330.745363 9601.063510 0.762285 0.365353 0.534264 0.414552 0.358318 -0.836514 0.497059 -0.859142 -0.121683
4.971537 -208.910024 -247.784862 25472.137668 -0.617923 -0.102386 -0.779544 -0.500587 0.815790 0.289655 0.606287 0.569214 -0.555348
315.149316 -5997.576009 -28456.278413 1573719.536939 -0.611600 0.131134 -0.780224 0.010661 0.987445 0.157606 0.791095 0.088074 -0.605319
-17.098078 -808.055452 265.408356 157316.697589 -0.532021 0.186402 -0.825959 -0.003599 0.974961 0.222347 0.846724 0.121266 -0.518028
-15.263705 -82.460812 -2402.546078 15725.046420 0.474841 0.857493 -0.198072 0.879600 -0.455040 0.138717 0.028818 -0.240092 -0.970322
-12.105415 -27.016042 3123.002319 928.006668 -0.263542 0.961626 -0.076301 0.962930 0.266967 0.038667 0.057553 -0.063282 -0.996335
-8.594952 -33.157784 791.404377 3942.875577 0.367676 0.921962 -0.121662 0.929872 -0.362745 0.061272 0.012358 -0.135658 -0.990679
-16.126227 -21.540424 -1407.406312 4765.720569 0.789469 0.608966 -0.076812 -0.613758 0.784517 -0.088508 -0.006362 -0.117018 -0.993109
-27.551151 -44.446184 502.132552 -1951.277593 -0.712070 0.647361 0.271807 0.599467 0.762100 -0.244629 -0.365507 -0.011254 -0.930740
-21.147308 -33.493180 2459.998546 -2438.858438 -0.830337 0.262761 0.491424 0.161158 0.957399 -0.239613 -0.533450 -0.119763 -0.837310
-19.205355 -27.763104 4397.634621 -957.868640 -0.819341 -0.134252 0.557366 -0.260158 0.953401 -0.152792 -0.510881 -0.270192 -0.816087
-3.789643 -21.800437 101.250561 -727.820377 -0.279529 0.916804 0.285191 0.731263 0.395770 -0.555536 0.622188 -0.053261 0.781054
-3.394148 -23.097797 391.964980 -382.112147 -0.338160 0.897678 0.282526 0.656384 0.440114 -0.612748 0.674394 0.021761 0.738051
-6.990633 -15.646020 435.776156 421.127926 0.426222 0.883434 -0.194628 0.898224 -0.438834 -0.024858 -0.107370 -0.164225 -0.980562
-8.017390 -15.034419 64.765525 303.731827 0.057065 0.976201 -0.209227 0.990948 -0.080891 -0.107142 -0.121516 -0.201219 -0.971980
-1.208100 -14.380459 -1152.005276 655.718387 -0.178277 0.953326 -0.243695 0.982436 0.158581 -0.098345 -0.055110 -0.256947 -0.964853
-2.483891 -11.573771 -407.642207 653.834709 -0.022835 0.971558 -0.235697 0.999622 0.025801 0.009506 0.015317 -0.235391 -0.971780
-2.582664 -21.849863 -636.551376 128.946075 0.515941 0.846542 0.131042 -0.372248 0.359341 -0.855749 0.771515 -0.392736 -0.500522
-3.689956 -20.789486 -208.056305 139.912626 0.473304 0.873767 0.111869 -0.432900 0.341314 -0.834328 0.767191 -0.346462 -0.539799
-4.394134 -21.524245 -323.009199 270.764126 0.482651 0.866705 0.125981 -0.361498 0.328165 -0.872712 0.797726 -0.375673 -0.471702
9.769036 -43.365292 771.026084 1985.057746 0.670510 0.741804 0.012000 0.649395 -0.579007 -0.492988 0.358753 -0.338346 0.869953
9.253103 -44.314192 443.936430 2859.810789 0.677229 0.735709 -0.009609 0.619012 -0.576770 -0.533067 0.397724 -0.355060 0.846019
9.392703 -40.294472 377.066465 2220.944605 0.697998 0.716099 0.001509 0.556320 -0.540929 -0.630796 0.450896 -0.441134 0.775947
9.337225 -45.263090 399.618723 -220.504145 0.649191 0.760625 0.000952 0.723966 -0.617517 -0.307484 0.233292 -0.200305 0.951553
10.249710 -39.279704 63.125967 1766.852867 0.707471 0.702662 0.075835 0.605586 -0.547393 -0.577604 0.364349 -0.454563 0.812787
9.789532 -40.377730 -300.084082 -410.241059 -0.669410 -0.739928 -0.066308 0.718127 -0.621656 -0.312790 0.190221 -0.257003 0.947505
-2.253812 -24.011477 63.852238 -2129.000883 0.614074 0.755632 -0.227889 -0.420181 0.557418 0.716054 -0.668103 0.343955 -0.659798
-1.586852 -22.472469 -102.017638 -1065.413733 0.602512 0.766468 -0.222500 -0.464574 0.563498 0.683111 -0.648961 0.308215 -0.695595
5.235949 -23.417260 -245.337089 -301.110760 -0.491269 -0.726341 -0.480712 0.869498 -0.376480 -0.319744 0.051264 -0.575059 0.816505
5.757236 -24.083723 -197.099004 151.532889 -0.371637 -0.750278 -0.546780 0.926436 -0.261638 -0.270670 0.060019 -0.607148 0.792319
8.865453 -22.441289 -307.248077 156.676550 -0.432598 -0.740019 -0.515006 0.901062 -0.374357 -0.218961 -0.030761 -0.558774 0.828749
3.632630 -20.661429 -320.947589 62.780170 0.586041 0.795305 0.155071 -0.791478 0.602850 -0.100672 0.173549 0.063738 -0.982760
1.476613 -21.012097 -567.948608 -415.564415 0.607742 0.781478 0.141215 0.787735 -0.615766 0.017473 0.100610 0.100621 -0.989825
2.244661 -21.239908 -519.782953 -89.412563 0.604359 0.784472 0.139119 -0.773212 0.619619 -0.134962 0.192075 0.026003 -0.981036
-1.581674 -53.812110 -251.142038 -1579.410087 0.804951 0.592403 0.033353 -0.037040 0.106272 -0.993647 0.592184 -0.798602 -0.107486
-1.463470 -58.054668 94.153521 -2213.091800 0.783813 0.620977 -0.005044 -0.167539 0.203637 -0.964605 0.597970 -0.756914 -0.263652
-2.487120 -50.853903 298.315482 -1041.751691 0.784965 0.618612 0.033906 0.000562 0.054016 -0.998540 0.619540 -0.783838 -0.042052
-2.847461 -63.255632 -558.774923 1720.403295 0.555196 0.827021 0.088279 0.102418 -0.173314 0.979527 -0.825390 0.534788 0.180925
-2.742679 -68.593033 -266.015462 229.516226 0.565757 0.822331 0.060756 -0.103259 -0.002446 0.994651 -0.818081 0.569005 -0.083529
-1.583277 -68.816228 -43.312848 1628.512718 0.574366 0.814260 0.084167 0.135760 -0.196146 0.971131 -0.807262 0.546359 0.223203
-0.787164 -61.341428 -181.401580 2042.505266 0.582903 0.802602 0.126701 0.372295 -0.402412 0.836338 -0.722233 0.440333 0.533373
0.357621 -68.013698 -163.892330 2273.448933 0.573616 0.814884 0.083243 0.240648 -0.264789 0.933796 -0.782977 0.515608 0.347987
