19357
38694
-33.544883 -58.451303 -2282.341724 8634.399341 0.570592 0.816122 -0.091486 0.634596 -0.508881 -0.581660 0.521261 -0.273833 0.808271
-39.057789 -70.480393 -2132.717501 7568.145123 0.468486 0.882929 -0.030953 0.758055 -0.419727 -0.499180 0.453732 -0.210395 0.865945
-42.217928 -69.986487 371.887474 14457.110714 0.281290 0.942391 0.181037 0.821299 -0.138846 -0.553344 0.496331 -0.304335 0.813041
-36.581348 -60.095223 -1048.766498 6985.876679 0.608797 0.757638 -0.235265 0.586298 -0.629464 -0.509931 0.534434 -0.172509 0.827418
-27.816931 -47.393425 -2361.184334 8079.898162 0.653302 0.745487 -0.132085 0.517754 -0.567208 -0.640473 0.552384 -0.350035 0.756537
-29.127621 -48.788823 184.499584 -4578.751769 0.733100 0.576613 -0.360669 -0.354744 0.776634 0.520574 0.580277 -0.253687 0.773900
77.351505 -58.558387 -5376.979985 84.071885 0.506883 0.823253 0.255585 0.029470 0.279774 -0.959613 0.861511 -0.493944 -0.117552
62.706314 -61.551790 -3028.667851 5288.012126 0.451588 0.830472 0.326166 0.128702 0.301108 -0.944865 0.882895 -0.468668 -0.029093
89.658794 -63.238459 -8499.385238 -206.758197 0.342325 0.867421 0.361102 0.084879 0.354201 -0.931309 0.935740 -0.349460 -0.047626
96.946026 -68.818348 280.001386 -4934.734330 0.390951 0.882336 0.261992 -0.060956 0.308843 -0.949158 0.918391 -0.355104 -0.174526
91.193389 -63.861648 -9002.351863 -3324.910415 0.552119 0.818170 0.160509 -0.114536 0.265113 -0.957391 0.825861 -0.510210 -0.240084
47.079394 -525.652933 22393.085219 -298851.369502 0.311785 0.943251 0.114317 0.633546 -0.116718 -0.764850 0.708103 -0.310894 0.633984
52.115686 -596.017204 66132.721154 -435580.183485 0.241457 0.951057 -0.192847 0.502015 -0.292488 -0.813899 0.830470 -0.099710 0.548068
41.880523 -135.714868 -6584.135622 -49815.092973 0.447194 0.888011 0.107018 0.452022 -0.121130 -0.883744 0.771812 -0.443580 0.455569
6.775560 -59.504779 16050.055202 -21852.760608 0.226221 0.843201 0.487684 0.664003 0.232823 -0.710558 0.712688 -0.484567 0.507219
19.210827 -61.113750 -17096.271885 -19189.094798 0.369137 0.815692 0.445403 0.621430 0.139726 -0.770909 0.691059 -0.561358 0.455318
8.617082 -53.082974 -32669.866080 -8434.543797 0.470904 0.833909 0.287829 0.504688 0.012945 -0.863205 0.723560 -0.551751 0.414768
59.052880 -69.948957 -61076.849885 -15277.232743 0.600680 0.795316 -0.081581 0.194433 -0.244299 -0.950007 0.775486 -0.554788 0.301382
120.571547 -66.725422 -359.928968 -8861.805568 -0.511048 0.859344 -0.018903 0.830416 0.499284 0.247234 -0.221897 -0.110651 0.968771
115.967916 -51.108360 -9377.130879 -9995.051657 -0.443212 0.896384 -0.007642 0.825416 0.411417 0.386554 -0.349645 -0.165018 0.922235
115.009252 -46.230084 8738.914576 -9072.330805 -0.447323 0.867000 -0.219577 0.805065 0.497273 0.323404 -0.389580 0.032108 0.920433
105.857218 -51.048370 12814.032354 -6009.720031 -0.541753 0.803212 -0.247696 0.792879 0.586162 0.166605 -0.279010 0.106134 0.954405
-7.399790 -35.546567 -6585.515099 163.758523 -0.217732 0.903411 -0.369381 0.660449 0.415027 0.625748 -0.718610 0.107712 0.687021
1.707648 -42.401341 5256.361266 6471.284665 -0.100632 0.936814 -0.335040 0.733417 0.297398 0.611272 -0.672289 0.184210 0.717004
-1.592685 -36.060736 4268.017882 -2208.859264 -0.038002 0.964624 -0.260876 0.653921 0.221411 0.723440 -0.755608 0.143100 0.639202
194.678585 -68.648850 -62569.532133 2057.418276 0.766152 -0.611287 0.198343 -0.635641 -0.675304 0.374064 0.094719 0.412665 0.905945
184.202509 -71.881063 -62289.302053 -5795.660656 0.714017 -0.663401 0.223782 -0.699818 -0.666749 0.256321 0.020837 0.339624 0.940330
144.521116 -64.545749 -60996.983028 1626.762795 0.779395 -0.549826 0.300390 -0.626360 -0.695058 0.352941 -0.014733 0.463233 0.886114
-10.486345 -41.428626 -2330.563610 2556.307324 -0.286833 0.900953 0.325593 0.769815 0.014481 0.638102 -0.570185 -0.433676 0.697721
-12.104890 -45.601603 -1886.703625 1445.915299 -0.298500 0.902431 0.310670 0.694946 -0.017600 0.718847 -0.654177 -0.430474 0.621887
-5.503639 -41.306108 -2074.531908 3164.253604 -0.353491 0.889431 0.289752 0.749830 0.084222 0.656248 -0.559284 -0.449243 0.696694
-16.912795 -44.948112 -2027.225520 839.943963 -0.222757 0.913898 0.339366 0.705499 -0.089122 0.703085 -0.672793 -0.396040 0.624901
-3.534794 -33.772317 -2612.986151 3647.373464 -0.363084 0.885957 0.288530 0.797635 0.135483 0.587726 -0.481609 -0.443536 0.755863
-15.368571 -41.718283 -2030.775682 1812.958521 -0.195467 0.911275 0.362450 0.784809 -0.076279 0.615026 -0.588105 -0.404671 0.700267
-8.844957 -34.907035 -2523.583355 3177.956639 -0.297378 0.898990 0.321533 0.820133 0.068104 0.568106 -0.488824 -0.432642 0.757544
-2.249434 -69.922694 -1104.741149 1778.594315 -0.424244 -0.892677 0.152138 0.901632 -0.432012 -0.020607 0.084121 0.128430 0.988144
-0.045092 -68.745961 940.300359 -209.400648 0.452726 0.876672 -0.162742 0.853592 -0.478877 -0.205080 0.257721 0.046070 0.965120
0.294578 -67.430755 -743.735941 1939.930543 -0.435641 -0.885472 0.161726 0.894738 -0.445609 -0.029614 0.098289 0.131801 0.986391
-3.724512 -70.898774 1667.017466 -1148.244764 0.418343 0.896334 -0.146883 0.874477 -0.441181 -0.201618 0.245519 0.044100 0.968388
-0.277859 -72.884231 -749.213091 2707.182193 -0.416137 -0.894811 0.161689 0.904740 -0.389662 0.172075 -0.090971 0.217893 0.971724
-3.810779 -76.583642 -903.407112 3340.248869 -0.404320 -0.902330 0.149415 0.908284 -0.376934 0.181495 -0.107449 0.209094 0.971975
-6.930435 -70.342819 -1415.839597 1015.669216 -0.405616 -0.904775 0.129835 0.911698 -0.410642 -0.013393 0.065434 0.112938 0.991445
-1.997787 -124.778702 189.348769 9478.999019 -0.221647 -0.932988 -0.283561 0.966491 -0.171576 -0.190935 0.129488 -0.316380 0.939754
-1.287277 -136.563530 158.841780 4930.309353 -0.194629 -0.937520 -0.288401 0.968599 -0.230073 0.094246 -0.154711 -0.261002 0.952860
-1.807847 -133.979798 66.269447 10137.759542 -0.237505 -0.929644 -0.281697 0.961849 -0.184530 -0.201979 0.135787 -0.318921 0.938004
-1.969156 -129.831987 280.489968 5604.164015 -0.181728 -0.940766 -0.286241 0.971760 -0.216368 0.094171 -0.150527 -0.261044 0.953519
-2.360287 -116.950226 46.295363 9896.590875 0.272436 0.924658 0.266055 0.880829 -0.128406 -0.455689 0.387193 -0.358496 0.849448
-2.883252 -118.909753 319.321209 9057.920447 -0.210175 -0.936271 -0.281467 0.968801 -0.160775 -0.188617 0.131344 -0.312328 0.940851
-2.900681 -108.820955 -171.546015 7890.385344 0.260949 0.926673 0.270522 0.889650 -0.122067 -0.440026 0.374738 -0.355494 0.856268
23.363260 -19.343314 -458.713871 5006.348856 0.720262 0.509575 0.470697 0.693547 -0.543281 -0.473115 -0.014633 -0.667217 0.744719
29.107009 -16.940272 4429.946915 4729.141784 -0.670971 -0.558763 -0.487424 0.741292 -0.490570 -0.458069 0.016836 -0.668674 0.743365
25.594864 -15.544620 -2111.426347 -1654.988663 0.741562 0.464873 0.483714 0.669316 -0.561906 -0.486083 -0.045835 -0.684218 0.727835
26.363006 -15.793175 2448.103138 -3006.890870 0.756929 0.438274 0.484741 0.648504 -0.595280 -0.474431 -0.080625 -0.673467 0.734807
25.313468 -19.088857 4181.817618 5240.616922 0.710372 0.506413 0.488791 0.702655 -0.550318 -0.451028 -0.040584 -0.663849 0.746765
7.821350 -124.179478 1659.538354 -23150.654583 -0.294402 -0.571081 -0.766286 0.914565 0.064305 -0.399294 0.277305 -0.818371 0.503359
13.112623 -113.777487 12707.146580 -12764.561915 -0.292480 -0.532118 -0.794548 0.896292 0.137090 -0.421743 0.333341 -0.835498 0.436837
5.248895 -137.659890 1120.263609 -17876.584635 -0.249596 -0.563435 -0.787555 0.876242 0.214778 -0.431360 0.412193 -0.797754 0.440097
11.656074 -152.289144 -12598.438642 -23365.060544 -0.245784 -0.598131 -0.762777 0.890740 0.171012 -0.421115 0.382326 -0.782939 0.490748
4.747298 -143.279682 615.583302 2139.291096 -0.200038 -0.544167 -0.814780 0.802931 0.385528 -0.454611 0.561505 -0.745151 0.359809
8.266125 -158.926767 -13430.631788 -7966.687405 -0.199760 -0.588925 -0.783112 0.834005 0.317322 -0.451378 0.514327 -0.743286 0.427778
-9.250832 -51.416268 -1252.100455 619.575134 0.088193 0.992911 -0.079681 -0.353489 0.105984 0.929415 -0.931272 0.053801 -0.360330
-11.478294 -61.447650 596.727130 -4905.408988 0.190513 0.954640 -0.228839 -0.245973 0.272092 0.930303 -0.950369 0.120946 -0.286653
-7.014199 -53.407744 761.854329 -1082.445979 0.197373 0.962621 -0.185486 -0.384082 0.250014 0.888805 -0.901956 0.104184 -0.419071
-6.957939 -119.251746 1390.138537 -2699.761513 0.456562 -0.279634 0.844604 0.889617 0.131181 -0.437463 0.011533 0.951103 0.308659
0.742392 -119.796674 2166.012805 -4541.008389 0.431358 -0.293740 0.853022 0.885709 0.317733 -0.338475 -0.171609 0.901533 0.397225
-2.267036 -120.235100 3265.347172 -1549.159554 0.416646 -0.306213 0.855944 0.907824 0.090896 -0.409382 0.047556 0.947613 0.315859
10.993822 -89.417466 650.526181 -5978.400659 0.579566 -0.166143 0.797809 0.419821 0.899961 -0.117562 -0.698465 0.403071 0.591337
8.184711 -86.555916 3338.769323 -5708.896772 0.608024 -0.140373 0.781411 0.387653 0.911431 -0.137907 -0.692844 0.386767 0.608588
16.162198 -83.917617 1375.454838 -1959.752776 0.598630 -0.118366 0.792232 0.265558 0.962416 -0.056869 -0.755726 0.244427 0.607564
14.937501 -86.411359 -1470.231633 -2480.007717 0.561473 -0.155926 0.812672 0.308711 0.950654 -0.030887 -0.767754 0.268223 0.581902
20.634838 -91.389960 -1490.875959 3746.113758 0.575712 -0.103889 0.811026 0.156210 0.987600 0.015620 -0.802592 0.117698 0.584802
24.148476 -89.272657 1367.609815 4534.487696 0.616582 -0.042392 0.786148 0.098910 0.994809 -0.023933 -0.781053 0.092514 0.617574
0.150412 -135.404000 -371.013125 12635.476874 0.574825 0.167415 0.800967 -0.518684 0.831623 0.198418 -0.632885 -0.529505 0.564873
-0.295957 -118.309342 -371.903977 10425.382903 0.569263 0.179327 0.802360 -0.406071 0.909904 0.084738 -0.714875 -0.374053 0.590794
0.580199 -132.428100 -994.356700 13966.348549 0.565824 0.172244 0.806334 -0.487813 0.858355 0.158953 -0.664742 -0.483280 0.569701
-1.162292 -123.546203 371.763341 9416.494297 0.583460 0.180427 0.791846 -0.422466 0.900137 0.106185 -0.693612 -0.396483 0.601419
0.971654 -153.354605 616.953389 -16964.500938 -0.579059 -0.162167 -0.798995 0.601088 -0.747014 -0.284012 -0.550803 -0.644726 0.530042
-1.455154 -139.921033 -465.404548 13385.708862 0.576166 0.168619 0.799750 -0.544722 0.808719 0.221926 -0.609352 -0.563508 0.557807
-0.256564 -156.300993 462.473664 -14163.551712 -0.580559 -0.161144 -0.798112 0.634686 -0.703572 -0.319625 -0.510024 -0.692112 0.510741
-10.567696 -122.750387 1202.295305 5553.791401 0.475553 -0.229130 0.849322 0.148581 0.972532 0.179176 -0.867048 0.040986 0.496536
-11.858555 -127.178532 2989.076638 6839.033358 0.503220 -0.230711 0.832792 0.150600 0.972369 0.178378 -0.850935 0.035655 0.524060
-6.382176 -110.698937 3928.923784 10295.306285 0.506923 -0.243777 0.826802 0.315718 0.945032 0.085066 -0.802092 0.217914 0.556023
-5.640039 -98.253511 1714.255195 12020.109714 0.491842 -0.243616 0.835909 0.460466 0.887593 -0.012256 -0.738961 0.390935 0.548732
-9.667448 -111.208498 -620.745424 8365.224926 0.460354 -0.259095 0.849084 0.305979 0.944161 0.122213 -0.833337 0.203541 0.513926
7.146303 -45.247318 -6455.534733 -931.069590 -0.039865 0.149309 -0.987987 -0.341846 0.927069 0.153896 0.938910 0.343875 0.014084
7.543498 -42.450280 -4265.029555 -1147.739292 -0.025287 0.069192 -0.997283 -0.247303 0.966161 0.073304 0.968608 0.248484 -0.007320
-0.290113 -41.393228 -3771.053570 -1501.274098 -0.033025 0.116184 -0.992679 -0.325284 0.937895 0.120594 0.945039 0.326885 0.006819
-1.807893 -44.673270 -3772.887936 -1863.694295 -0.059243 0.176949 -0.982435 -0.392388 0.900816 0.185910 0.917890 0.396509 0.016066
-7.624074 -42.385119 -2196.527789 -1967.567919 -0.051196 0.123182 -0.991063 -0.388177 0.911880 0.133392 0.920162 0.391537 0.001131
-4.880929 -38.747028 -1630.575991 -1117.302792 -0.016415 0.024659 -0.999561 -0.324310 0.945517 0.028651 0.945808 0.324638 -0.007523
2.943987 -159.513562 9.879604 33.596632 -0.418825 -0.033451 -0.907451 -0.561868 0.794599 0.230034 0.713365 0.606212 -0.351593
3.539545 -173.317821 444.199352 18251.196030 0.430225 0.019191 0.902518 0.676147 -0.669260 -0.308084 0.598106 0.742781 -0.300908
3.958754 -165.455960 -621.634026 2222.607325 -0.420325 -0.036174 -0.906652 -0.590898 0.769200 0.243251 0.688598 0.637983 -0.344689
3.510870 -161.190996 -846.844687 2337.436732 -0.412380 -0.048855 -0.909701 -0.455126 0.876068 0.159266 0.789179 0.479706 -0.383508
2.421019 -154.964000 -12.232347 1292.749030 -0.408516 -0.048736 -0.911449 -0.419783 0.896731 0.140199 0.810492 0.439885 -0.386787
19.436594 -194.513472 -12456.313485 36186.231499 -0.468700 0.408736 -0.783106 -0.245845 0.791130 0.560065 0.848458 0.455026 -0.270317
34.271770 -228.391211 -18293.723998 42004.945989 -0.462857 0.425158 -0.777821 -0.086067 0.851772 0.516795 0.882245 0.306147 -0.357656
19.257679 -216.100739 -20442.780567 39864.082648 -0.437738 0.391518 -0.809382 -0.205306 0.832902 0.513930 0.875348 0.391138 -0.284212
-2.229808 -180.481636 -17388.509737 44110.842939 -0.422793 0.343496 -0.838604 -0.433838 0.735730 0.520083 0.795632 0.583706 -0.162040
7.956951 -152.526665 -7652.403106 28308.968216 -0.471860 0.356519 -0.806376 -0.438255 0.698761 0.565390 0.765036 0.620183 -0.173471
50.343393 -613.749802 -7895.483426 203234.412000 0.417375 0.073559 0.905752 -0.190453 0.981663 0.008037 -0.888553 -0.175858 0.423732
52.309097 -703.375591 -7479.351410 219409.266009 0.411787 0.058089 0.909427 -0.042204 0.998111 -0.044643 -0.910302 -0.019998 0.413461
58.074771 -534.643677 -8843.043722 90260.281596 0.441510 0.020078 0.897032 0.051840 0.997509 -0.047842 -0.895758 0.067625 0.439369
40.950566 -597.317607 14849.962053 94081.848219 0.495697 0.042702 0.867445 -0.102841 0.994649 0.009804 -0.862385 -0.094069 0.497436
-36.617218 -575.889832 203195.370267 -619075.450946 0.117650 -0.243322 -0.962784 0.978592 0.193270 0.070737 0.168866 -0.950495 0.260851
214.084360 -2922.992787 79311.924344 -1706443.216145 -0.311546 -0.171683 -0.934593 0.722639 0.595859 -0.350349 0.617035 -0.784523 -0.061573
-39.027170 -1055.836837 17.296892 -658526.870902 -0.409962 -0.167714 -0.896551 0.901126 -0.226513 -0.369681 -0.141079 -0.959460 0.243993
-100.481388 -1219.640690 -487151.474151 898623.875196 0.943880 -0.097641 0.315526 0.257915 -0.378868 -0.888785 -0.206325 -0.920285 0.332423
526.095872 -486.349661 492291.712370 262909.160024 0.757889 -0.261902 -0.597504 -0.644713 -0.160648 -0.747354 -0.099746 -0.951630 0.290605
10.862518 -123.084162 -1841.319190 1918.465477 0.401143 -0.165843 0.900878 0.881773 -0.196476 -0.428805 0.248115 0.966382 0.067421
14.168629 -124.554954 -1081.156095 2629.492558 0.392579 -0.208601 0.895750 0.875531 -0.213494 -0.433435 0.281652 0.954414 0.098823
11.901239 -127.154947 -1421.436643 349.248105 0.397048 -0.182087 0.899554 0.915619 0.011085 -0.401895 0.063208 0.983220 0.171124
-5.731380 -121.339999 2316.921529 14588.600435 -0.533009 -0.098508 -0.840356 0.455469 0.803611 -0.383089 0.713057 -0.586945 -0.383465
-5.413788 -152.150796 2251.259887 24295.277715 -0.560658 -0.124654 -0.818611 0.586096 0.638618 -0.498657 0.584939 -0.759361 -0.284987
-3.238558 -119.536844 819.226346 14704.804789 -0.530794 -0.114237 -0.839766 0.473376 0.781935 -0.405578 0.702974 -0.612804 -0.360969
-21.703120 -52.170121 2198.616439 2020.549541 0.701381 0.186300 0.688010 -0.423684 0.885178 0.192228 -0.573199 -0.426323 0.699779
-27.228033 -44.235202 602.993718 8189.519469 0.570859 0.322203 0.755185 -0.484931 0.874528 -0.006552 -0.662542 -0.362472 0.655479
-25.504753 -55.166268 1097.422929 1137.230275 0.599476 0.270608 0.753260 -0.521662 0.845863 0.111285 -0.607040 -0.459659 0.648241
40.602737 -48.224534 3347.979775 -5190.533404 -0.297639 -0.099611 -0.949468 0.115093 0.983544 -0.139265 0.947716 -0.150728 -0.281276
28.845047 -54.444838 8150.346711 -4849.409211 -0.366357 -0.054525 -0.928875 0.068535 0.993989 -0.085378 0.927947 -0.094939 -0.360418
30.495673 -48.528722 7665.708447 -3789.845385 -0.370706 -0.064610 -0.926500 0.145420 0.981235 -0.126611 0.917295 -0.181667 -0.354354
20.925151 -43.850039 -5237.575286 3315.825722 0.297890 -0.408007 0.863013 0.145911 0.912895 0.381225 -0.943383 0.012360 0.331475
11.553098 -43.940446 -4769.637418 2953.584626 0.257550 -0.484051 0.836279 0.211695 0.872716 0.439945 -0.942790 0.063728 0.327239
20.974080 -39.130794 -3541.113007 1604.653363 0.343415 -0.399272 0.850087 0.214146 0.914580 0.343054 -0.914444 0.064232 0.399583
29.263048 -41.835227 -3454.378096 4050.713901 0.366339 -0.358829 0.858509 0.125109 0.933267 0.336689 -0.922032 -0.015935 0.386785
-1518.512056 -4069.056320 116395.447715 1077245.154914 0.378104 0.914195 0.145894 0.806871 -0.402690 0.432204 -0.453869 0.045701 0.889896
-2323.340318 -6278.858251 -1726057.324278 2530502.430597 0.119879 0.862222 0.492141 0.829452 -0.359392 0.427605 -0.545562 -0.356947 0.758255
-2608.471289 -4216.266777 455256.574230 4077038.700570 -0.254977 -0.945136 -0.204218 0.955620 -0.214073 -0.202395 0.147574 -0.246760 0.957774
-5240.621685 -7638.712283 -814242.013602 -10420273.096130 0.448350 0.807696 0.382896 0.228923 -0.517834 0.824283 -0.864047 0.281914 0.417071
-2603.189893 -5390.185714 -2963482.795671 2940312.930642 -0.408927 -0.880178 0.240967 0.874898 -0.303049 0.377777 -0.259486 0.365305 0.893991
-27.298597 -555.101557 -3259.731570 -79309.734960 -0.271716 -0.150908 0.950472 -0.073621 0.987994 0.135819 -0.959557 -0.033070 -0.279564
-28.714611 -718.153114 10736.694808 -187719.749619 -0.163256 -0.212605 0.963404 0.007350 0.976216 0.216678 -0.986556 0.042455 -0.157810
-29.835499 -559.301420 -4269.797129 16256.406624 -0.277909 -0.171276 0.945215 0.356845 0.895157 0.267124 -0.891868 0.411531 -0.187653
-18.537864 -447.094736 -7181.545654 27831.412616 -0.302420 -0.141641 0.942592 0.282476 0.931157 0.230552 -0.910357 0.335983 -0.241591
-71.032201 -280.313988 -16972.836680 -117011.016422 -0.243310 -0.034545 -0.969333 0.965854 0.083104 -0.245398 0.089033 -0.995942 0.013146
-101.097687 -275.045700 -19640.903612 -113347.668847 -0.400375 0.022485 -0.916076 0.913209 0.092510 -0.396851 0.075823 -0.995458 -0.057572
-92.716055 -319.784358 -17335.898115 -60486.083502 -0.249749 0.002338 -0.968308 0.886717 0.402332 -0.227733 0.389049 -0.915491 -0.102555
23.678587 8.571074 -5353.401443 -9612.220063 -0.010851 0.956406 -0.291839 0.483375 0.260507 0.835754 -0.875346 0.131999 0.465130
24.287421 17.059651 -7053.349922 -4901.895784 0.026042 0.981099 -0.191746 0.528838 0.149252 0.835496 -0.848323 0.123161 0.514956
25.410169 13.483236 4443.713359 -5740.349458 -0.041563 0.867428 -0.495824 0.510643 0.444987 0.735684 -0.858788 0.222612 0.461441
28.139898 -50.666598 -5902.517891 1630.366052 -0.479649 0.815902 0.322862 -0.740358 -0.573805 0.350168 -0.470963 0.071076 -0.879285
17.813569 -51.639853 -7491.462821 1468.966531 -0.504089 0.822340 0.263916 -0.745609 -0.568587 0.347528 -0.435845 0.021594 -0.899763
27.573432 -53.032951 -6376.301784 1518.875371 -0.486568 0.812541 0.320982 -0.790600 -0.565863 0.233989 -0.371757 0.139917 -0.917725
18.791309 -48.728997 -7283.710555 865.960430 -0.495352 0.827582 0.264074 -0.692786 -0.559751 0.454671 -0.524093 -0.042275 -0.850611
33.218177 -52.172179 -1217.153400 1694.259555 -0.454965 0.792907 0.405347 -0.786670 -0.571177 0.234324 -0.417322 0.212265 -0.883621
32.513493 -49.511056 -554.979697 1673.142790 -0.442134 0.799318 0.406949 -0.734100 -0.583167 0.347870 -0.515378 0.144936 -0.844618
27.970033 -47.352880 -5072.798123 891.928402 -0.467102 0.822481 0.324561 -0.686369 -0.568685 0.453316 -0.557417 0.011024 -0.830160
-4.066715 -59.325294 1996.922571 -624.188926 -0.452831 0.864310 0.218889 -0.859135 -0.488632 0.152073 -0.238395 0.119191 -0.963826
0.069492 -56.182378 -920.774321 1817.866734 -0.371146 0.910632 0.181660 -0.877029 -0.408043 0.253616 -0.305076 0.065192 -0.950094
5.170084 -62.493663 1707.447088 20.812068 -0.414714 0.889243 0.193029 -0.846452 -0.454848 0.276824 -0.333963 0.048587 -0.941333
11.304339 -60.167778 372.202664 438.330510 -0.308108 0.940198 0.145251 -0.841045 -0.340550 0.420319 -0.444648 -0.007341 -0.895675
10.315087 -71.864894 3375.811034 240.656675 -0.402730 0.895088 0.191378 -0.818900 -0.445751 0.361538 -0.408915 0.011117 -0.912505
5.805194 -55.014382 -2612.683901 1296.474756 -0.288256 0.946350 0.146045 -0.877332 -0.322127 0.355700 -0.383662 0.025598 -0.923119
8.429379 -71.426112 4412.767936 500.986100 -0.491336 0.841524 0.224560 -0.804257 -0.537324 0.253877 -0.334305 0.055865 -0.940808
-1.647387 -61.357443 4278.042231 -2134.951616 -0.532979 0.811478 0.239659 -0.823418 -0.562616 0.073798 -0.194722 0.158007 -0.968048
5.202636 -69.706273 3887.498852 -3031.880278 -0.526287 0.819629 0.226340 -0.813922 -0.562625 0.144859 -0.246075 0.107986 -0.963216
11.143302 -60.857796 549.471088 -1721.431127 -0.346627 0.909097 -0.231067 -0.292480 -0.338809 -0.894239 0.891238 0.242385 -0.383333
7.200908 -65.601336 -232.179322 -1749.382728 -0.345914 0.907494 -0.238325 -0.459884 -0.385389 -0.799989 0.817832 0.167126 -0.550653
13.081176 -60.571821 366.467759 -1737.862751 -0.294555 0.938173 -0.181849 -0.313377 -0.274595 -0.909061 0.902792 0.210781 -0.374885
2.089178 -51.257200 -561.696829 -449.480043 -0.534840 0.833721 0.137315 0.832738 0.547634 -0.081508 0.143153 -0.070754 0.987168
-0.186781 -49.496871 -709.564173 -124.752649 -0.545288 0.825378 0.146328 0.829473 0.556488 -0.047913 0.120976 -0.095248 0.988075
2.337378 -50.196696 540.676909 315.440212 0.552994 -0.821581 -0.138575 0.832666 0.550822 0.057115 0.029405 -0.146971 0.988704
12.750478 -98.430276 144.044992 -3500.194948 -0.607908 0.792694 0.045654 -0.100620 -0.019874 -0.994726 0.787606 0.609296 -0.091843
14.024254 -94.438504 -1749.294944 -12545.260109 -0.541149 0.838550 0.063181 -0.076490 0.025737 -0.996738 0.837441 0.544217 -0.050213
14.762497 -82.782194 993.498484 -14443.915087 -0.624214 0.777861 0.072728 0.049370 0.132180 -0.989996 0.779692 0.614379 0.120911
11.676386 -88.441222 2865.078780 -5823.837218 -0.684350 0.728508 0.030674 0.032764 0.072749 -0.996812 0.728417 0.681163 0.073655
14.883750 -75.425893 4020.434534 -11958.595867 -0.702679 0.709197 0.057284 0.149422 0.225805 -0.962645 0.695640 0.667871 0.264638
18.949011 -64.028910 2577.843797 -14609.893574 -0.642287 0.751701 0.149711 0.121431 0.292657 -0.948476 0.756784 0.591014 0.279249
-1.067974 -56.659660 -311.383334 -2470.865965 0.664208 -0.746553 -0.038561 0.702012 0.605189 0.375399 -0.256918 -0.276413 0.926061
-3.197672 -51.817163 -582.228861 1092.727420 0.671749 -0.739766 -0.038736 -0.660391 -0.574342 -0.483751 -0.335614 -0.350540 0.874348
-2.119232 -57.377551 -419.588848 -3547.099748 0.682620 -0.730230 -0.028193 0.686719 0.627797 0.366453 -0.249895 -0.269509 0.930009
5.550567 -124.213778 -1347.644192 -687.778162 -0.694691 0.716429 -0.064302 0.171045 0.077700 -0.982195 0.698676 0.693320 0.176519
6.023041 -122.925108 1643.734464 -3409.553524 0.693952 -0.717012 0.065757 -0.302973 -0.207935 0.930038 0.653175 0.665324 0.361532
8.434847 -122.695367 925.788063 340.814943 0.709700 -0.700722 0.072894 -0.193436 -0.094325 0.976568 0.677427 0.707171 0.202488
8.397039 -120.417498 821.368393 1669.659540 0.715277 -0.696101 0.061833 -0.055824 0.031283 0.997950 0.696608 0.717262 0.016483
10.524900 -123.893765 172.481597 -582.269752 0.732746 -0.676065 0.077584 -0.172571 -0.074324 0.982189 0.658257 0.733084 0.171130
-12.312863 -90.755926 -181.026660 1264.612737 -0.523045 0.852293 -0.004563 -0.612727 -0.379736 -0.693085 0.592444 0.359719 -0.720842
-13.427358 -91.995716 -72.919580 77.930798 -0.521016 0.853491 -0.009753 -0.482123 -0.303703 -0.821780 0.704344 0.423458 -0.569722
-12.480061 -90.552227 -56.021027 1418.558753 -0.486834 0.873328 -0.017026 -0.627884 -0.363430 -0.688244 0.607251 0.324371 -0.725279
-11.486383 -88.499405 26.410230 1746.175123 -0.510628 0.859794 0.003562 -0.729370 -0.430969 -0.531305 0.455278 0.273897 -0.847173
-11.673120 -91.430268 -183.112253 1178.378068 -0.449626 0.892222 -0.042151 -0.634633 -0.352312 -0.687835 0.628551 0.282518 -0.724642
-11.771324 -88.904106 20.815398 656.817078 -0.480169 0.876925 -0.020977 -0.735037 -0.415297 -0.535957 0.478706 0.241931 -0.843985
3.930397 -151.264017 292.438132 10826.400934 -0.428353 0.898225 0.098519 0.761386 0.417495 -0.495973 0.486626 0.137441 0.862731
3.233955 -157.548797 255.730552 6430.988915 -0.450896 0.885627 0.111166 0.830029 0.461836 -0.312666 0.328246 0.048709 0.943336
2.575249 -170.565429 502.920857 11024.430620 -0.454455 0.885922 0.092810 0.783149 0.447019 -0.432264 0.424440 0.123760 0.896958
2.946216 -156.762215 560.351111 10650.374581 -0.430608 0.899322 0.076137 0.700761 0.386310 -0.599749 0.568780 0.204903 0.796558
4.239043 -136.986842 294.277536 8523.265233 -0.408304 0.909188 0.081643 0.673538 0.360426 -0.645322 0.616145 0.208498 0.759535
-6.480989 -116.253598 -3959.471407 11403.221771 -0.592753 0.779438 -0.202782 0.624245 0.285547 -0.727173 -0.508883 -0.557620 -0.655819
-8.460302 -119.142519 157.630230 14818.887652 -0.553145 0.809386 -0.197291 0.676679 0.298378 -0.673109 -0.485938 -0.505830 -0.712741
0.123627 -104.420498 -4642.543344 2130.319947 -0.623694 0.765826 -0.156576 0.662267 0.411309 -0.626280 -0.415221 -0.494303 -0.763712
5.883988 -93.372492 8727.109012 955.914445 0.662515 -0.736228 0.137995 0.588667 0.397828 -0.703707 -0.463191 -0.547450 -0.696960
-0.417212 -107.644921 9491.476987 16176.742256 0.619514 -0.755175 0.214272 0.579467 0.255812 -0.773808 -0.529547 -0.603549 -0.596078
19.344323 -21.968224 5878.076432 5669.404297 -0.323565 0.944566 -0.055681 0.164223 0.114014 0.979812 -0.931846 -0.307889 0.192010
26.276855 -17.790721 2172.027709 8809.224299 -0.351807 0.935855 -0.020180 0.215954 0.102120 0.971049 -0.910821 -0.337264 0.238028
21.697489 -30.026564 1201.298057 4769.338623 -0.338963 0.939061 0.057175 0.173425 0.002637 0.984843 -0.924677 -0.343741 0.163751
27.885285 -62.628090 -4079.775774 16147.218342 -0.655817 0.729723 -0.193412 -0.043912 0.218893 0.974760 -0.753641 -0.647758 0.111510
22.168908 -102.154278 -3258.726438 31306.292521 -0.669871 0.736694 -0.092488 -0.035949 0.092240 0.995088 -0.741607 -0.669905 0.035305
32.833047 -55.916429 -3649.922284 12203.390898 -0.574060 0.771435 -0.274487 -0.132366 0.243385 0.960855 -0.808044 -0.587921 0.037606
41.175379 -35.802577 -4984.138890 5969.493623 -0.544286 0.739534 -0.396034 -0.160243 0.371742 0.914401 -0.823453 -0.561157 0.083829
44.552871 -33.562836 -3872.985522 8374.681320 -0.435718 0.773403 -0.460432 -0.211364 0.409322 0.887570 -0.874914 -0.484049 0.014880
34.998321 -51.283149 -1885.923244 11042.445254 -0.475771 0.815657 -0.329160 -0.202847 0.262390 0.943400 -0.855859 -0.515612 -0.040616
257.744836 -759.824942 -86752.470923 -472353.308214 -0.201262 0.707680 -0.677261 0.269858 0.704711 0.656170 -0.941632 0.050703 0.332805
412.264006 -857.319829 -256534.241404 -386618.420944 -0.205515 0.722920 -0.659659 0.591686 0.628687 0.504639 -0.779532 0.286601 0.556947
246.002108 -710.662582 -131177.021649 -290780.353711 -0.296869 0.784156 -0.544948 0.437216 0.618962 0.652479 -0.848947 0.044559 0.526596
105.147172 -582.171345 -38274.538270 -374150.513076 -0.280298 0.800816 -0.529270 -0.003408 0.550539 0.834802 -0.959907 -0.235797 0.151586
89.049507 -505.851227 -67457.467000 -176642.572096 -0.381233 0.826326 -0.414545 0.370260 0.547350 0.750544 -0.847094 -0.132643 0.514623
167.972778 -627.721174 -130455.767963 -200202.397726 -0.347560 0.831040 -0.434252 0.565074 0.555216 0.610267 -0.748260 0.033280 0.662570
15.195300 -116.511896 51449.556320 -64771.311947 0.707324 -0.540641 0.455412 0.338115 -0.307016 -0.889617 -0.620782 -0.783230 0.034361
52.999932 -128.172835 36346.355163 -55298.095733 0.698915 -0.630173 0.338232 0.266707 -0.209158 -0.940808 -0.663615 -0.747754 -0.021888
13.385036 -66.703299 54805.035038 -56946.192916 0.724798 -0.592245 0.352016 0.201381 -0.306507 -0.930322 -0.658873 -0.745184 0.102888
-3390.803032 -154665.506342 -3901192.384072 157108321.949450 -0.332143 0.824136 -0.458782 0.938836 0.335741 -0.076576 0.090923 -0.456156 -0.885243
-112.997961 -2015.174004 37100.820905 -11829.628634 -0.693704 0.466421 -0.548840 0.459999 0.873255 0.160705 0.554233 -0.140984 -0.820335
-23.105793 -1413.938559 14443.979738 -726416.758813 -0.448786 0.810697 -0.375982 -0.809498 -0.547024 -0.213254 0.378555 -0.208651 -0.901754
-890.892636 -21798.482039 -209326.233149 -20237219.158493 -0.531806 0.711209 -0.459744 -0.718867 -0.666092 -0.198879 0.447676 -0.224730 -0.865496
-12.750041 -1483.156003 3079.227240 918338.934687 -0.487891 0.766898 -0.416929 0.860257 0.503443 -0.080643 0.148055 -0.398011 -0.905355
-63.651319 -1379.939160 -14974.988098 -102646.508380 -0.535855 0.760475 -0.366794 0.809181 0.338558 -0.480212 -0.241008 -0.554126 -0.796780
-12.392009 -3062.179777 -43764.898765 -1986824.362583 -0.514209 0.756000 -0.405036 0.693931 0.089193 -0.714495 -0.504032 -0.648467 -0.570476
-80.081110 -3552.252934 -38499.556593 -1841388.605133 -0.554882 0.686006 -0.470639 0.804189 0.297428 -0.514604 -0.213040 -0.664027 -0.716716
124.259673 -59.797366 -72244.661424 24055.062738 -0.415951 0.216197 0.883314 -0.299159 0.884735 -0.357418 -0.858772 -0.412920 -0.303329
76.380300 -108.177492 -67633.033450 32239.674538 -0.516755 0.318576 0.794653 -0.305641 0.798377 -0.518824 -0.799718 -0.510983 -0.315195
56.861238 -80.654046 -64315.390088 31139.196196 -0.515904 0.265980 0.814308 -0.253580 0.860559 -0.441743 -0.818254 -0.434389 -0.376518
114.970982 -22.829600 -65498.647848 26660.145342 -0.400982 0.112053 0.909207 -0.264166 0.936188 -0.231881 -0.877171 -0.333162 -0.345794
-27.380278 -163.798944 -16795.271091 61954.492598 -0.571039 0.545575 0.613402 -0.138952 0.672193 -0.727220 -0.809077 -0.500505 -0.308040
7.586591 -82.820300 -42018.530405 38854.812170 -0.536347 0.363606 0.761658 -0.162529 0.841054 -0.515958 -0.828201 -0.400524 -0.392000
-73.311084 -3268.257350 -128370.715786 4001056.136097 0.507125 -0.823851 0.253168 0.837251 0.401194 -0.371556 0.204537 0.400391 0.893225
-56.334523 -2022.937113 27868.005003 778560.932010 0.598401 -0.779192 0.186485 0.794833 0.606621 -0.015849 -0.100776 0.157709 0.982330
-9.693481 -2049.119446 77298.860689 877745.302433 0.648300 -0.751990 0.119242 0.741389 0.587827 -0.323732 0.173349 0.298280 0.938605
250.540601 -5645.091161 -137234.198072 -8203356.807287 -0.591346 0.789901 -0.162373 0.729378 0.609784 0.310115 -0.343973 -0.064954 0.936730
-257.138005 -1655.116482 -73550.825956 940991.939975 -0.390896 0.775022 -0.496529 -0.319828 0.391469 0.862822 -0.863082 -0.496078 -0.094851
-33.494177 -1007.643415 -1411.774688 697746.502664 -0.417092 0.777016 -0.471466 -0.239505 0.406438 0.881729 -0.876739 -0.480681 -0.016577
-58.458143 -281.481412 -20604.545425 193762.891199 -0.414060 0.778857 -0.471101 -0.094866 0.477809 0.873326 -0.905293 -0.406301 0.123955
-10114.782618 -60288.504459 -1124314.335896 46503522.704377 -0.335714 0.811441 -0.478394 -0.098852 0.474715 0.874571 -0.936763 -0.340896 0.079156
-11.031112 -26.816610 2872.468009 2923.966352 0.606075 0.058231 0.793273 0.069654 0.989600 -0.125860 -0.792352 0.131536 0.595716
-0.490604 -29.708470 6739.734966 3008.882287 0.598662 -0.139395 0.788779 0.163628 0.985258 0.049928 -0.784110 0.099177 0.612646
-2.406625 -21.495368 6878.924383 2631.969898 0.563019 -0.256101 0.785762 0.270544 0.955501 0.117572 -0.780907 0.146388 0.607252
-9.412540 -35.461125 3866.351969 4318.589934 0.607387 0.047985 0.792955 0.041547 0.994889 -0.092029 -0.793319 0.088842 0.602289
-15.855211 -33.509306 1883.430058 3021.494335 0.584570 0.291310 0.757242 -0.072965 0.948413 -0.308526 -0.808055 0.125103 0.575670
-4.497533 -54.966946 -2430.834456 1000.815603 -0.370883 0.912544 0.172364 -0.903484 -0.397491 0.160369 -0.214857 0.096250 -0.971891
-18.325560 -33.005982 2104.615626 2372.018139 -0.051859 0.930751 0.361958 -0.834957 0.158429 -0.527017 0.547866 0.329550 -0.768921
-18.293049 -34.957356 1847.079244 1948.175454 -0.036948 0.920409 0.389207 -0.790531 0.211329 -0.574804 0.611306 0.328919 -0.719804
-22.261596 -35.008402 1404.124629 2097.081745 0.122725 0.895196 0.428443 -0.801161 0.344153 -0.489591 0.585729 0.283166 -0.759433
-1.728646 -58.408192 7305.290531 2277.734705 -0.290028 0.955895 0.046351 0.916358 0.263413 0.301499 -0.275992 -0.129917 0.952339
35.302293 -61.016102 32411.703201 -183.147364 -0.172442 0.984212 0.039877 0.934795 0.150753 0.321608 -0.310518 -0.092736 0.946033
-10.131295 -61.166170 5721.003374 -130.416848 -0.294835 0.954729 0.039560 0.860709 0.247363 0.444963 -0.415034 -0.165240 0.894675
6.111478 -120.475399 610.300415 -90561.827619 0.429735 -0.899870 -0.074571 0.902873 0.429341 0.022065 0.012161 -0.076810 0.996972
5.865973 -228.889394 -843.371327 -139159.463396 -0.436487 0.896920 0.070808 0.890412 0.441922 -0.108955 0.129015 -0.015491 0.991522
4.172417 -179.961178 -797.916884 -93829.473236 -0.448462 0.888648 0.095843 0.888983 0.454593 -0.055276 0.092691 -0.060413 0.993860
72.837721 -206.815020 -12191.238304 26249.992737 -0.260421 0.959260 -0.109545 -0.641754 -0.087213 0.761936 -0.721341 -0.268725 -0.638321
107.423805 -202.875053 -20220.003404 2108.930526 -0.136124 0.989555 -0.047448 -0.770183 -0.075580 0.633329 -0.623128 -0.122755 -0.772427
115.840367 -204.241117 -17510.006013 7963.108220 -0.119951 0.992586 0.019594 -0.600475 -0.088255 0.794758 -0.790596 -0.083567 -0.606610
-0.139713 -154.961233 -5459.224337 -5650.607174 0.766533 0.278760 0.578550 -0.435704 0.887567 0.149622 -0.471793 -0.366767 0.801806
3.261181 -162.900783 -3567.685656 6923.383869 0.827627 0.155049 0.539437 0.429370 -0.793882 -0.430573 -0.361489 -0.587972 0.723612
-9.407914 -120.307189 -3967.673489 -5137.085948 0.832861 0.177094 0.524385 0.381287 -0.870340 -0.311655 -0.401201 -0.459506 0.792396
-13.536415 -108.846559 -2855.454447 -770.958734 0.759822 0.377634 0.529210 -0.457680 0.888823 0.022875 -0.461736 -0.259590 0.848182
3.886954 -158.924091 -1905.243740 -11164.515028 0.700276 0.446527 0.556980 -0.418385 0.888896 -0.186596 -0.578417 -0.102364 0.809293
-50.780591 -80.214138 1132.568726 7194.662143 0.211587 0.966180 0.147401 0.908830 -0.139023 -0.393319 0.359525 -0.217184 0.907509
-43.771321 -78.602372 -2154.001531 2140.057040 0.436295 0.899092 -0.035780 0.829132 -0.417157 -0.372183 0.349552 -0.132715 0.927470
-42.052827 -72.714242 -1547.043840 6238.673137 0.535227 0.822245 -0.193508 0.708441 -0.561711 -0.427307 0.460047 -0.091617 0.883155
66.921657 -69.784419 -7412.742710 6534.943372 0.343709 0.835584 0.428561 0.203176 0.379386 -0.902655 0.916834 -0.397324 0.039372
63.264102 -52.930096 1641.341640 3868.023717 0.393690 0.792783 0.465300 0.307679 0.363338 -0.879386 0.866223 -0.489368 0.100880
116.997260 -36.999355 38716.498548 727.058695 0.345825 0.720411 0.601176 0.467611 0.423151 -0.776069 0.813477 -0.549501 0.190536
67.019375 -54.737069 9694.965651 -134.151684 0.283254 0.776857 0.562370 0.470576 0.398362 -0.787316 0.835659 -0.487648 0.252732
58.573558 -72.663550 -7411.885575 7543.021488 0.306528 0.801869 0.512880 0.356858 0.402708 -0.842899 0.882436 -0.441398 0.162712
-69.789470 -813.705302 73674.665262 871772.879617 -0.055719 0.817406 0.573361 -0.135005 0.562812 -0.815485 0.989277 0.122845 -0.078994
-69.271763 -654.547140 180506.770117 -329324.928626 0.076229 0.992621 -0.094299 0.512482 -0.120130 -0.850254 0.855308 -0.016487 0.517858
-108.311361 -524.074865 43342.662053 429083.881483 0.064682 0.824110 0.562724 0.139645 0.550881 -0.822818 0.988087 -0.131803 0.079451
91.990215 -1741.224370 739251.270272 1365655.919709 -0.167865 0.974712 0.147503 -0.661857 -0.000544 -0.749630 0.730594 0.223463 -0.645211
-52.534338 -472.181297 68781.234598 526967.068995 0.259305 0.926617 0.272290 -0.311490 0.347107 -0.884585 0.914186 -0.144562 -0.378638
62.383268 -101.339723 12082.356007 61393.907698 0.371092 0.895183 -0.246856 -0.158636 -0.200816 -0.966699 0.914946 -0.397895 -0.067487
99.834349 -52.270150 24661.914803 -5566.809159 0.440405 -0.871601 -0.215302 0.842224 0.318025 0.435338 -0.310970 -0.373058 0.874143
111.781101 -38.340422 -10897.015652 -4399.229325 -0.357492 0.933803 -0.014540 0.828239 0.324196 0.457076 -0.431532 -0.151358 0.889309
104.165156 -65.142879 21686.983228 -8758.422294 0.486052 -0.852750 -0.191235 0.850128 0.410633 0.329639 -0.202573 -0.322796 0.924536
3.845180 -27.446483 -7864.107109 -2141.399236 -0.323759 0.830153 -0.453901 0.622346 0.548201 0.558713 -0.712647 0.101596 0.694127
12.981867 -18.928116 -2930.197346 -1605.465714 -0.295115 0.813454 -0.501199 0.626385 0.560826 0.541402 -0.721491 0.154167 0.675043
9.367242 -26.885887 -5404.395130 -2562.960088 -0.427148 0.709049 -0.561065 0.588988 0.689007 0.422330 -0.686030 0.150063 0.711929
130.347714 -71.961956 -53108.049484 7070.358337 0.668651 -0.686990 0.284517 0.738948 0.656546 -0.151336 -0.082832 0.311434 0.946651
118.213703 -69.198911 -18176.600384 1580.043238 0.585746 -0.795111 0.157160 0.802833 0.595796 0.022061 -0.111177 0.113251 0.987327
89.995487 -52.524309 -27398.693824 -1664.131392 0.630984 -0.699613 0.335264 0.749881 0.660778 -0.032433 -0.198844 0.271873 0.941566
85.413300 -47.689733 11189.037968 -4065.364573 0.621849 -0.658945 0.423198 0.747789 0.660137 -0.070931 -0.232629 0.360571 0.903257
66.104599 -57.707511 -9575.426298 1403.281432 0.692161 -0.583686 0.424528 -0.691582 -0.704633 0.158768 -0.206466 0.403489 0.891386
104.414546 -40.627937 -5717.478964 -4173.624866 -0.553901 0.736958 -0.387411 0.780619 0.621495 0.066156 -0.289528 0.265776 0.919530
-17.799158 -45.007488 -1776.225818 -762.254730 -0.254169 0.917062 0.307238 0.612380 -0.093282 0.785040 -0.748591 -0.387680 0.537881
1.500646 -65.602677 86.937302 -283.012404 0.477970 0.864058 -0.157948 0.841468 -0.502000 -0.199817 0.251944 0.037402 0.967019
2.864070 -72.417684 -54.534249 -2338.521985 0.502217 0.847804 -0.170313 0.765671 -0.527506 -0.368083 0.401904 -0.054453 0.914061
1.057383 -76.134533 1272.266928 -2484.178088 0.456422 0.873446 -0.169620 0.786837 -0.485225 -0.381371 0.415411 -0.040603 0.908727
-0.920964 -145.650376 87.815816 4163.892817 -0.209604 -0.934534 -0.287598 0.965418 -0.244433 0.090663 -0.155026 -0.258649 0.953450
37.988789 -16.272187 5576.830993 3002.941264 -0.619079 -0.626549 -0.473473 0.782802 -0.443999 -0.435988 0.062946 -0.640547 0.765335
35.479312 -25.990777 5700.619607 10457.612167 -0.562608 -0.669156 -0.485492 0.823757 -0.404037 -0.397717 0.069978 -0.623686 0.778536
31.592859 -15.302574 5903.848090 -1605.936642 -0.692677 -0.518864 -0.500978 0.721198 -0.506460 -0.472623 -0.008498 -0.688679 0.725016
44.871950 -24.504993 4695.645722 7753.462466 -0.526242 -0.727086 -0.440925 0.842314 -0.374670 -0.387467 0.116520 -0.575299 0.809601
40.455757 -15.535071 6002.722702 -2677.585571 -0.637817 -0.599186 -0.483907 0.768907 -0.459158 -0.444922 0.044401 -0.655858 0.753577
47.553671 -16.281772 2946.255910 766.864250 -0.562079 -0.709660 -0.424795 0.819008 -0.405972 -0.405478 0.115296 -0.575821 0.809406
-8.708607 -46.929224 34.689740 1892.837258 0.448659 0.803273 -0.391737 -0.845131 0.523882 0.106309 -0.290619 -0.283373 -0.913915
-5.985236 -41.766907 1269.860486 603.968154 0.397704 0.848983 -0.347934 -0.822693 0.497858 0.274433 -0.406211 -0.177100 -0.896453
-4.647054 -44.040344 1767.599426 2021.878732 0.426786 0.837079 -0.342276 -0.853357 0.498059 0.154009 -0.299392 -0.226355 -0.926892
5.458394 -97.791027 1979.172704 -6294.569515 0.585972 -0.177131 0.790735 0.550296 0.803279 -0.227853 -0.594821 0.568654 0.568173
0.044797 -117.402038 -882.511733 8711.955821 0.559268 0.188600 0.807248 -0.381259 0.923198 0.048450 -0.736112 -0.334867 0.588221
-0.663054 -106.234677 -302.291574 4886.906800 0.563549 0.191681 0.803537 -0.307071 0.951615 -0.011645 -0.766890 -0.240181 0.595141
-1.298348 -107.684240 809.437228 4735.307450 0.582813 0.188172 0.790519 -0.337625 0.940950 0.024935 -0.739147 -0.281432 0.611929
-2.421710 -143.170368 309.890155 -13663.237680 0.527693 -0.007059 0.849406 0.497453 0.813120 -0.302285 -0.688535 0.582053 0.432589
-1.873035 -155.486273 -10.776367 -9079.014570 0.509191 -0.025310 0.860282 0.656595 0.657658 -0.369282 -0.556425 0.752891 0.351491
-5.204105 -135.450575 1311.166646 -10720.547155 0.520059 -0.020402 0.853886 0.524709 0.796464 -0.300543 -0.673958 0.604342 0.424914
