11943
23867
-25.694892 -36.532047 21.987194 -2618.721237 0.831844 -0.197797 -0.518568 -0.084389 0.878399 -0.470418 0.548557 0.435076 0.713999
-32.854190 -47.394270 440.737058 2550.712163 0.739852 0.045424 -0.671234 0.415198 -0.815881 0.402429 0.529367 0.576433 0.622491
-24.938783 -47.439332 -1529.655610 -5241.145126 0.685644 0.297318 -0.664451 -0.520036 0.838775 -0.161301 0.509367 0.456134 0.729717
-26.502958 -38.554918 152.517378 -1973.008687 0.793475 -0.391655 -0.465837 0.025018 0.785764 -0.618021 0.608089 0.478729 0.633282
-20.285734 -30.515431 -1476.365683 -2730.368158 0.842388 -0.056909 -0.535858 -0.131303 0.942759 -0.306537 0.522629 0.328583 0.786697
-21.306459 -31.407814 258.000589 -1808.023833 0.739749 -0.592712 -0.318534 0.303815 0.716597 -0.627841 0.600390 0.367670 0.710177
-11.425707 -23.188278 -1250.518265 -1046.553068 0.844724 -0.348925 -0.405824 0.184625 0.901695 -0.390973 0.502349 0.255339 0.826103
-9.682475 -18.513422 -1765.394782 -1008.970472 0.834568 -0.412788 -0.364832 0.281270 0.888693 -0.362093 0.473691 0.199575 0.857780
-13.471195 -22.835904 1451.328786 -1211.816109 -0.669248 0.715582 0.200122 0.528329 0.647657 -0.549008 0.522471 0.261692 0.811506
3.928207 -11.426068 -917.730268 692.444241 0.220589 0.466508 -0.856569 -0.580808 0.768350 0.268888 0.783583 0.438188 0.440441
4.032191 -9.706067 210.517231 55.962268 0.284689 0.299410 -0.910662 -0.542708 0.833414 0.104353 0.790203 0.464516 0.399756
3.896042 -9.555249 844.610994 387.964144 0.187034 0.434980 -0.880801 -0.569034 0.778851 0.263801 0.800761 0.451866 0.393190
-3.291223 -9.348161 -161.661471 -234.461418 0.808804 -0.579565 -0.099697 0.249540 0.491745 -0.834216 -0.532508 -0.649839 -0.542350
-2.504448 -10.471288 -4.266642 -766.918321 0.724106 -0.682254 0.100993 0.449789 0.356136 -0.819059 -0.522839 -0.638511 -0.564750
-3.128230 -15.188235 -437.108776 -1485.855939 0.719070 -0.687339 0.102487 0.455048 0.354238 -0.816974 -0.525233 -0.634098 -0.567494
-3.294579 -6.653925 550.857575 176.330872 0.847831 -0.462272 -0.259784 0.080062 0.595890 -0.799065 -0.524188 -0.656673 -0.542224
-5.123765 -14.377310 -676.812954 -1194.320933 0.779351 -0.626549 -0.006966 0.338206 0.429994 -0.837091 -0.527474 -0.650032 -0.547019
-3.990919 -10.857793 -476.371027 264.397913 0.844921 -0.445050 -0.296713 0.033454 0.597600 -0.801096 -0.533843 -0.666937 -0.519814
-1.957649 -9.011343 9.757157 569.990831 0.842629 -0.348778 -0.410280 -0.095257 0.653345 -0.751044 -0.530002 -0.671934 -0.517304
-4.484192 -26.362805 -569.116563 201.319747 0.920914 -0.213195 -0.326292 -0.299223 -0.923160 -0.241334 0.249768 -0.319882 0.913943
-5.679570 -26.466056 3.119614 721.242655 0.912724 -0.167444 -0.372689 -0.304699 -0.886654 -0.347854 0.272200 -0.431053 0.860291
-4.920802 -26.711290 -434.783766 290.656086 0.919423 -0.183670 -0.347745 -0.274708 -0.932697 -0.233692 0.281418 -0.310390 0.907999
-4.398216 -29.807347 -572.346904 -376.939967 0.928505 -0.171766 -0.329203 0.225204 0.965401 0.131470 0.295231 -0.196208 0.935062
-2.758126 -68.767013 -551.953869 -5416.102757 0.986093 0.060798 -0.154673 -0.058288 0.998085 0.020714 0.155637 -0.011410 0.987748
-1.421234 -54.847748 -827.205444 3683.087347 0.990486 0.018328 -0.136391 -0.004935 -0.985723 -0.168301 0.137529 -0.167373 0.976254
-1.994158 -61.483794 -323.768701 -3564.739745 0.985671 0.010371 -0.168357 -0.009631 0.999940 0.005212 0.168401 -0.003516 0.985712
-4.108468 -73.179387 -184.839687 3973.729378 0.980524 0.074290 -0.181807 0.110962 -0.973346 0.200712 0.162050 0.216977 0.962632
-1.558854 -72.853127 -3.015128 1464.380267 0.915763 -0.184306 -0.356944 -0.398758 -0.524730 -0.752097 0.048683 -0.831077 0.554022
-1.901025 -78.356170 -32.771236 3551.630952 0.934522 -0.145276 -0.324905 -0.331685 -0.686510 -0.647062 0.129048 -0.712460 0.689745
-0.795881 -82.153794 287.896657 4732.120300 0.929336 -0.137888 -0.342523 -0.337388 -0.694009 -0.636019 0.150015 -0.706639 0.691489
1.783229 -51.983077 -0.245500 163.083172 0.960601 0.130032 -0.245637 0.268548 -0.661960 0.699779 0.071609 0.738174 0.670799
2.370552 -54.101395 -34.739322 726.126001 0.970040 0.105417 -0.218881 0.218776 -0.770793 0.598344 0.105636 0.628304 0.770763
0.700290 -51.715259 193.839683 -219.393940 0.966137 0.109223 -0.233774 0.247063 -0.652911 0.716008 0.074429 0.749519 0.657786
1.290648 -51.482370 -240.212212 -919.554051 0.959479 0.142421 -0.243138 0.280463 -0.566031 0.775210 0.027217 0.811988 0.583039
-0.854291 -20.065192 -1007.784985 -473.862139 -0.483305 0.747913 -0.455019 0.874769 0.433095 -0.217273 0.034566 -0.503046 -0.863568
-1.710189 -17.986397 -1023.359514 577.218970 -0.332782 0.815960 -0.472721 0.938659 0.334689 -0.083084 0.090422 -0.471372 -0.877287
3.728130 -19.186227 -838.067788 -323.174221 -0.290968 0.836215 -0.464847 0.956678 0.259503 -0.132006 0.010244 -0.483118 -0.875495
-2.963914 -84.746131 -301.827491 633.481094 -0.144613 0.300893 -0.942629 -0.097996 0.943605 0.316239 0.984624 0.138107 -0.106971
0.488008 -80.752311 -271.645083 3057.197428 -0.149770 0.334679 -0.930354 -0.366856 0.854987 0.366624 0.918142 0.396215 -0.005273
0.055121 -90.746659 -998.631805 311.474140 -0.102085 0.264788 -0.958888 -0.148561 0.949056 0.277889 0.983620 0.170822 -0.057548
-2.349917 -78.032376 -22.687336 2739.368372 -0.176659 0.374216 -0.910359 -0.237672 0.881318 0.408399 0.955146 0.288514 -0.066752
-3.305881 -84.630576 -1137.678068 -796.137505 -0.101750 0.261932 -0.959708 0.019354 0.965053 0.261339 0.994622 0.008017 -0.103263
-5.949392 -84.300727 -509.701383 -878.387772 -0.140019 0.269797 -0.952683 0.205179 0.949183 0.238649 0.968657 -0.162055 -0.188261
-5.623693 -81.986931 -331.410474 268.287942 -0.153450 0.337383 -0.928776 0.041904 0.941284 0.335004 0.987268 0.012487 -0.158578
-5.601259 -65.523667 144.047384 1719.643655 0.862701 -0.118590 -0.491614 -0.229318 0.774692 -0.589292 -0.450733 -0.621118 -0.641133
-4.782482 -69.543748 -401.103747 1961.568567 0.850964 -0.154803 -0.501892 -0.249352 0.721949 -0.645456 -0.462259 -0.674408 -0.575752
-4.991968 -65.674165 -202.193356 1492.183436 0.843972 -0.124104 -0.521834 -0.183136 0.847736 -0.497800 -0.504156 -0.515695 -0.692737
-5.497358 -63.160947 121.389106 1149.780522 -0.851950 0.098407 0.514292 -0.159340 0.886879 -0.433654 -0.498790 -0.451399 -0.739897
2.394081 -187.107642 -22.532214 -5599.977523 -0.481803 -0.007184 -0.876250 -0.091835 0.994874 0.042338 0.871454 0.100869 -0.479993
0.215562 -196.523159 109.567980 -13044.624056 -0.494510 -0.048173 -0.867836 0.282803 0.935216 -0.213059 0.821877 -0.350786 -0.448850
-0.071535 -185.519285 340.188857 -6462.430942 -0.497098 -0.040610 -0.866743 0.217405 0.961212 -0.169723 0.840017 -0.272804 -0.468988
-0.074884 -179.520467 225.883019 -5205.361202 -0.503307 -0.058048 -0.862156 0.488828 0.803620 -0.339473 0.712551 -0.592306 -0.376092
0.038770 -23.521650 2258.298017 -301.467403 0.988057 -0.056416 -0.143388 -0.135062 0.130825 -0.982162 -0.074168 -0.989799 -0.121643
7.467087 -22.209949 1867.080413 181.191339 0.993908 -0.110198 -0.001811 0.010246 0.108748 -0.994017 -0.109736 -0.987942 -0.109215
7.348126 -24.689132 2818.700920 658.416889 0.996138 -0.072091 -0.050121 -0.047105 0.042940 -0.997967 -0.074097 -0.996473 -0.039378
5.457793 -28.653761 2426.232924 1467.737049 0.987477 -0.060135 -0.145853 -0.148403 -0.040368 -0.988103 -0.053532 -0.997374 0.048786
1.130478 -25.288324 3316.437916 426.672017 0.989652 -0.039669 -0.137894 -0.136145 0.043867 -0.989717 -0.045310 -0.998249 -0.038013
141.311012 -3955.213036 -17519.726929 1076968.253349 0.336701 0.604886 0.721627 0.935583 -0.128327 -0.328962 -0.106381 0.785904 -0.609129
-3.302372 -575.136385 -8218.125039 116623.148972 0.365955 0.647266 0.668673 -0.622087 -0.364257 0.693055 -0.692160 0.669599 -0.269354
-16.154876 -1190.056309 -5821.715312 210859.292188 0.410911 0.594382 0.691276 0.858658 0.002483 -0.512542 -0.306362 0.804179 -0.509350
19.668437 -942.609040 -9920.317541 214121.181200 0.135889 0.674546 0.725618 0.957349 -0.277908 0.079062 0.254986 0.683926 -0.683541
2.634758 -371.870468 -4309.662802 44541.571197 0.380764 0.487653 0.785629 0.798957 -0.601224 -0.014034 0.465496 0.633027 -0.618539
24.869524 -1941.497508 -7443.505594 406050.259930 0.391484 0.425135 0.816089 0.909704 -0.312284 -0.273710 0.138488 0.849552 -0.509001
10.854245 -0.861112 2524.000465 2094.333952 0.993375 0.099043 0.058282 -0.054113 0.850553 -0.523099 0.101381 -0.516479 -0.850277
3.752845 -0.237186 2318.730100 1675.271654 0.983212 -0.035050 0.179071 0.124829 0.844999 -0.519995 0.133089 -0.533618 -0.835188
13.898315 5.947498 2116.816160 1170.250486 0.947714 0.302516 -0.101595 -0.309210 0.791782 -0.526755 0.078911 -0.530628 -0.843924
5.361538 0.022495 -55.146014 1459.438116 0.374842 0.104480 -0.921183 -0.582898 0.799222 -0.146542 0.720919 0.591885 0.360483
4.809647 1.237185 -562.701234 187.562456 0.581152 -0.120929 -0.804760 -0.400288 0.818520 -0.412062 0.708542 0.561607 0.427277
3.705932 1.261582 230.493133 1052.478775 -0.389294 0.817063 -0.425274 0.506309 -0.195881 -0.839810 0.769481 0.542254 0.337432
-2.903380 -41.501969 238.323052 -103.777437 -0.885923 -0.138194 0.442767 0.014559 0.945829 0.324339 -0.463603 0.293786 -0.835920
-3.589773 -40.951045 119.712418 -167.303272 -0.892900 -0.133473 0.430016 0.013128 0.946928 0.321177 -0.450063 0.292424 -0.843760
-3.359474 -40.260739 181.122099 -680.231336 -0.889392 -0.108632 0.444051 -0.047957 0.988167 0.145691 -0.454624 0.108281 -0.884077
-394.858181 -1260.846452 -80017.227633 313399.258787 0.012628 -0.071096 0.997390 0.777729 -0.626234 -0.054486 0.628473 0.776387 0.047385
-321.658059 -715.330938 51216.365981 -163587.725822 0.031022 0.364908 -0.930527 -0.682656 0.687750 0.246944 0.730081 0.627569 0.270442
-69.699761 -257.903001 -9702.805160 -3006.961680 -0.043481 0.746696 0.663743 0.215156 0.655780 -0.723644 0.975611 -0.111344 0.189170
-103.725539 -2360.496125 -1238.616283 -349241.744048 0.126274 -0.238047 0.963010 0.982375 0.164879 -0.088057 -0.137818 0.957157 0.254671
-174.685006 -4129.246611 37666.602724 -944119.729101 0.195925 0.069484 -0.978154 -0.152907 0.987450 0.039517 0.968624 0.141824 0.204091
-273.029541 -1506.530993 -50144.413085 97257.695925 0.112713 -0.002042 0.993625 0.929432 0.353826 -0.104704 -0.351357 0.935309 0.041778
-327.484366 -6491.579000 -2845.193405 -1087981.191616 -0.018719 -0.034360 0.999234 0.989267 0.144221 0.023492 -0.144918 0.988949 0.031292
-40.473278 -585.783830 6515.249705 -122649.249619 0.151073 0.056851 -0.986886 -0.695644 0.715414 -0.065277 0.702322 0.696384 0.147628
13.331839 -184.478107 648.485048 -27089.344116 0.586576 -0.052081 -0.808218 0.191732 0.978493 0.076099 0.786872 -0.199599 0.583946
16.222671 -213.563775 1033.028092 -27710.289567 0.567236 -0.068536 -0.820699 -0.127000 0.977331 -0.169394 0.813704 0.200315 0.545673
15.472507 -161.396011 -324.937624 -24296.258044 0.540486 -0.066974 -0.838683 0.056378 0.997469 -0.043321 0.839462 -0.023868 0.542894
18.450593 -184.716042 905.831453 -22450.007457 0.627705 -0.044276 -0.777191 0.068458 0.997653 -0.001544 0.775435 -0.052236 0.629262
-1.154925 -3.092513 1075.323035 1436.464725 0.280511 0.815650 -0.505992 0.953590 -0.176702 0.243810 0.109454 -0.550900 -0.827363
-2.237251 -7.294432 593.825091 197.114592 0.291401 0.806554 -0.514350 0.955295 -0.217272 0.200509 0.049968 -0.549785 -0.833811
2.906254 -4.995940 1810.799061 1498.267931 0.616012 0.687579 -0.384400 0.780274 -0.465585 0.417616 0.108174 -0.557194 -0.823306
-1.118880 -98.005796 -1027.098112 -458.549432 -0.287321 0.827224 0.482854 0.247496 0.551108 -0.796885 0.925306 0.109458 0.363080
-1.774701 -92.959366 -1009.037230 -2235.750784 -0.289675 0.823795 0.487288 0.503942 0.564105 -0.654085 0.813714 -0.056093 0.578552
-0.164343 -94.188644 -220.979787 -1563.254958 -0.309996 0.821321 0.478889 0.458796 0.570403 -0.681283 0.832711 -0.008517 0.553642
-0.355384 -89.568641 218.147872 -1799.736245 -0.343340 0.808573 0.477836 0.564595 0.584262 -0.582985 0.750567 -0.069621 0.657116
1.568040 -92.030522 131.099052 1088.512966 -0.338656 0.805425 0.486419 0.295832 0.581894 -0.757550 0.893194 0.112650 0.435332
0.514508 -96.895167 -368.454921 1695.899084 -0.304777 0.821117 0.482574 0.121659 0.536093 -0.835346 0.944622 0.195885 0.263285
16.082026 -30.769197 626.257123 -34.456583 -0.971317 0.019262 0.237009 0.042939 0.994537 0.095145 -0.233881 0.102593 -0.966837
14.148243 -31.635717 1551.133314 -24.999908 -0.946681 0.029882 0.320784 0.070876 0.990613 0.116888 -0.314280 0.133392 -0.939912
15.230797 -30.721446 1513.987594 -148.844416 -0.952629 0.025135 0.303094 0.031521 0.999372 0.016195 -0.302496 0.024981 -0.952823
17.037065 -29.971499 33.891982 -573.074999 -0.975973 0.010277 0.217650 0.003941 0.999556 -0.029522 -0.217857 -0.027955 -0.975580
15.945119 -30.412505 1447.931400 -314.070779 -0.951169 0.011275 0.308466 -0.014433 0.996615 -0.080935 -0.308334 -0.081435 -0.947786
0.129476 -34.611712 -1270.269792 -1676.246776 -0.186545 0.595539 0.781367 0.643602 -0.526824 0.555187 -0.742278 -0.606457 0.285014
4.679164 -35.822406 -1205.092420 -3041.402342 -0.198256 0.636251 0.745573 0.610719 -0.514774 0.601690 -0.766627 -0.574624 0.286514
3.875625 -32.393591 751.157459 -402.980897 0.183894 -0.632225 -0.752645 0.750782 -0.403875 0.522696 -0.634436 -0.661193 0.400393
-0.046299 -33.054078 144.174634 -189.137013 0.153851 -0.615274 -0.773154 0.749639 -0.437077 0.496996 -0.643717 -0.656050 0.393989
3.747897 -35.170465 270.650990 1426.856501 0.181119 -0.637288 -0.749040 0.840169 -0.295620 0.454669 -0.511186 -0.711669 0.481887
9.770700 -34.953562 714.632827 1882.538064 0.200853 -0.665088 -0.719247 0.846213 -0.252107 0.469432 -0.493541 -0.702923 0.512169
-0.435364 -39.350574 64.105419 803.166171 0.266281 -0.729200 -0.630366 0.948457 0.081639 0.306210 -0.171825 -0.679413 0.713354
-0.609675 -37.207506 50.678509 992.275486 0.286042 -0.724396 -0.627240 0.956428 0.175855 0.233068 -0.058530 -0.666577 0.743135
0.067740 -36.534449 -136.368964 1142.300956 0.271650 -0.734422 -0.621957 0.961995 0.188563 0.197507 -0.027776 -0.651973 0.757733
-5.530189 -62.946789 -968.621558 -217.838146 0.429598 0.901864 -0.045691 0.131245 -0.012297 0.991274 -0.893432 0.431846 0.123648
-2.270573 -66.064530 35.123454 -593.734978 0.425000 0.904642 -0.031586 0.034443 0.018707 0.999232 -0.904538 0.425762 0.023208
-2.401818 -64.831455 325.391847 -1176.642404 0.443293 0.895747 -0.033607 0.186449 -0.055469 0.980898 -0.876772 0.441091 0.191600
-1.682745 -88.119972 151.378672 -4752.889652 -0.198128 0.852440 0.483829 -0.345531 -0.522669 0.779375 -0.917253 0.012761 -0.398100
-3.356885 -112.312521 92.782741 -7153.178701 -0.199292 0.850575 0.486627 -0.022770 -0.500473 0.865452 -0.979676 -0.161397 -0.119108
-2.758415 -101.072769 -20.192096 -5305.681960 -0.189713 0.867482 0.459873 -0.144306 -0.487928 0.860873 -0.971177 -0.096956 -0.217749
-4.646161 -115.382074 282.238030 -5727.393689 -0.180805 0.863739 0.470387 0.158654 -0.446391 0.880661 -0.970638 -0.233857 0.056326
-1.451794 -82.559308 -79.730548 -3088.922733 -0.196574 0.858647 0.473376 -0.424540 -0.509729 0.748292 -0.883812 0.053872 -0.464730
-3.650993 -120.457629 -399.719201 -4349.969760 -0.200288 0.857301 0.474257 0.132493 -0.455918 0.880105 -0.970737 -0.239110 0.022272
-2.801218 -110.292803 -479.497566 -5850.165552 -0.199972 0.867633 0.455218 -0.231836 -0.493309 0.838390 -0.951979 -0.062118 -0.299797
-3.495102 -65.939610 -527.640907 -2538.667281 0.392518 0.919642 -0.013745 0.890551 -0.376281 0.255601 -0.229890 0.112568 0.966685
-1.599445 -86.294847 1405.257492 -6049.920876 -0.407384 -0.913182 0.011710 0.913251 -0.407396 0.001429 0.003465 0.011276 0.999930
-12.620448 -69.834225 -2037.239026 -1485.664241 0.400145 0.916183 -0.022189 0.905690 -0.391630 0.162331 -0.140035 0.085053 0.986487
-9.413450 -59.916343 -1737.147274 -761.261521 0.399687 0.916646 -0.003153 0.853906 -0.371075 0.364894 -0.333308 0.148536 0.931044
-23.876306 -64.893367 -4206.772513 215.154150 0.385155 0.922506 -0.025249 0.870153 -0.353912 0.342901 -0.307392 0.154040 0.939032
-4.888476 -95.034996 174.007101 1226.485299 -0.029044 -0.722156 -0.691120 0.975945 -0.169945 0.136563 -0.216073 -0.670529 0.709721
-5.357880 -83.192824 -447.437308 -3689.423371 -0.135203 -0.707129 -0.694038 0.851539 -0.441045 0.283479 -0.506558 -0.552673 0.661779
-7.396170 -81.667592 332.203008 1512.230478 -0.098132 -0.708532 -0.698822 0.962534 -0.245942 0.114196 -0.252781 -0.661434 0.706121
2.853267 -94.684265 3309.006229 -623.838590 -0.408971 0.836300 0.365165 0.627863 0.548262 -0.552446 0.662217 -0.003339 0.749305
17.045322 -87.639904 7403.474472 1956.611279 -0.449661 0.839957 0.303773 0.495304 0.517502 -0.697758 0.743289 0.163295 0.648734
18.964337 -94.578546 5480.419004 3234.855845 -0.393070 0.852836 0.343752 0.691599 0.520572 -0.500696 0.605959 -0.040930 0.794442
-15.733211 -25.715250 760.600617 -630.845500 -0.692309 -0.672598 0.261381 -0.682003 0.728226 0.067516 -0.235756 -0.131521 -0.962871
-16.954881 -24.463291 41.222695 -502.840455 0.331400 0.935953 -0.119017 -0.914985 0.349594 0.201462 -0.230167 -0.042134 -0.972239
-20.374884 -21.558362 1060.537087 -573.332399 -0.758322 -0.620866 0.198679 -0.635996 0.771516 -0.016514 -0.143031 -0.138882 -0.979925
-16.085688 -23.298953 -913.775944 -101.926009 0.928204 0.296357 -0.224967 -0.337897 0.924540 -0.176214 -0.155769 -0.239578 -0.958300
-16.739943 -24.112297 846.094361 -246.694533 0.931710 -0.362809 0.016915 0.356545 0.904759 -0.232996 -0.069229 -0.223115 -0.972331
-1522.273349 -3620.896893 603474.473122 12860116.889192 0.838853 -0.487286 -0.242648 0.485400 0.871342 -0.071764 0.246400 -0.057582 0.967456
-469.124135 -1335.619456 -39558.790454 -849332.230556 0.016274 0.600069 -0.799783 -0.629966 0.627311 0.457847 0.776452 0.496385 0.388232
-233.605764 -3789.149679 470357.017367 -3586564.673127 0.785473 -0.454970 0.419565 0.480139 0.875724 0.050747 -0.390511 0.161589 0.906306
-6.621936 -40.081610 -879.092531 470.918723 0.260574 -0.723090 -0.639720 0.937634 0.031619 0.346182 -0.230094 -0.690030 0.686233
-3.929830 -41.057734 -619.722888 219.756278 0.268522 -0.719012 -0.641029 0.882468 -0.083181 0.462959 -0.386195 -0.690002 0.612169
-6.967346 -40.636367 -971.757211 825.605766 0.262895 -0.720678 -0.641490 0.912084 -0.031177 0.408816 -0.314624 -0.692568 0.649123
-3.659567 -39.905068 -387.332853 508.194756 0.282291 -0.713937 -0.640786 0.932787 0.048236 0.357187 -0.224100 -0.698547 0.679567
-5.716362 -37.059314 -761.511741 800.146175 0.269885 -0.720086 -0.639248 0.960484 0.154396 0.231587 -0.068065 -0.676489 0.733300
-10.995786 -33.256120 1474.687933 -2382.466721 0.689135 -0.461557 -0.558622 0.637324 0.752913 0.164136 -0.344835 0.469135 -0.813020
-12.957492 -35.198106 -359.232545 -1488.975805 -0.564133 0.519445 0.641819 0.702805 0.710079 0.043047 -0.433381 0.475358 -0.765647
-12.451039 -35.298226 -174.850266 -1085.982641 -0.672122 0.442608 0.593591 0.678753 0.688648 0.255064 -0.295882 0.574336 -0.763277
-364.491958 -4446.694363 36267.698034 978133.531255 0.870928 -0.036660 -0.490040 -0.485099 0.095163 -0.869266 -0.078501 -0.994786 -0.065096
-371.223761 -567.048774 143341.261119 23414.843200 -0.173242 0.438605 -0.881823 0.830659 -0.415979 -0.370092 -0.529144 -0.796610 -0.292266
-293.651054 -1031.634639 13760.994179 -284517.991543 0.330281 -0.578227 -0.746035 0.764402 -0.299815 0.570790 -0.553719 -0.758791 0.342974
-95.232125 -273.718421 12559.010044 -49902.025069 0.645996 -0.032051 -0.762667 0.761940 0.087564 0.641700 0.046215 -0.995643 0.080987
-31.043764 -58.299639 852.144542 5059.114575 -0.531241 -0.389467 0.752395 0.719804 -0.675869 0.158375 0.446839 0.625713 0.639389
-37.471949 -51.599683 440.386307 1295.396798 0.722022 -0.055689 -0.689626 0.460304 -0.705486 0.538897 0.516532 0.706533 0.483742
-37.554762 -56.397237 104.875599 2670.475914 -0.554911 -0.258395 0.790762 0.706398 -0.648417 0.283828 0.439404 0.716092 0.542344
-30.164659 -45.494583 15.869627 -1877.980407 0.783480 -0.273975 -0.557761 -0.177675 0.761329 -0.623546 0.595475 0.587636 0.547807
-7.517202 -16.727844 -431.421613 -1206.273377 0.865193 -0.192426 -0.463048 0.106416 0.972864 -0.205452 0.490017 0.128480 0.862192
-12.882760 -17.401498 -2884.177149 -1326.880763 0.842916 -0.393554 -0.366890 0.291800 0.907279 -0.302817 0.452047 0.148190 0.879598
-7.700127 -22.757174 -503.474138 -1446.940950 0.858540 -0.091622 -0.504494 -0.030316 0.973114 -0.228321 0.511849 0.211317 0.832680
2.311569 -15.022177 -364.537265 462.899302 0.547120 -0.368059 -0.751793 -0.158143 0.836516 -0.524625 0.821980 0.405924 0.399468
2.315111 -16.632382 132.275434 283.118982 0.507569 -0.297213 -0.808726 -0.220966 0.862327 -0.455594 0.832795 0.409946 0.372017
3.568279 -20.905282 53.288958 855.696439 0.532537 -0.401365 -0.745192 -0.087809 0.849470 -0.520280 0.841840 0.342503 0.417131
2.847275 -11.818839 41.992888 422.618257 0.473550 -0.184166 -0.861297 -0.348191 0.859091 -0.375133 0.809020 0.477541 0.342698
3.212355 -19.209200 -335.833869 886.268468 0.563038 -0.461511 -0.685562 -0.037911 0.814249 -0.579277 0.825561 0.352145 0.440957
1.096790 -13.209884 -463.818662 652.472237 0.560263 -0.427275 -0.709607 -0.108467 0.811466 -0.574246 0.821182 0.398697 0.408290
1.331091 -11.249338 -439.203416 442.648730 0.521690 -0.269400 -0.809483 -0.260914 0.852990 -0.452031 0.812258 0.447026 0.374706
-2.010230 -18.347896 -124.270130 -2038.716796 0.646151 -0.733729 0.210076 0.561939 0.271116 -0.781486 -0.516444 -0.623008 -0.587492
-1.730282 -13.158805 57.430193 -1063.978847 0.634914 -0.736828 0.232311 0.575100 0.249961 -0.778960 -0.515891 -0.628175 -0.582454
-2.126787 -8.029384 116.268171 -356.580082 0.715276 -0.688386 0.120437 0.465314 0.340549 -0.817012 -0.521405 -0.640430 -0.563903
-4.413433 -26.352720 -316.197804 310.064088 0.913724 -0.212174 -0.346540 -0.332992 -0.879742 -0.339367 0.232861 -0.425482 0.874494
-5.322607 -28.721783 -300.956131 -261.554206 0.919232 -0.185738 -0.347152 -0.326865 -0.851550 -0.409904 0.219483 -0.490269 0.843483
-6.425030 -28.421923 -227.201880 -342.025167 0.917394 -0.158722 -0.364960 -0.307994 -0.863917 -0.398482 0.252047 -0.477970 0.841437
-6.539628 -28.050192 -93.742803 -192.605040 0.919510 -0.128010 -0.371638 -0.279457 -0.877793 -0.389081 0.276415 -0.461621 0.842912
-6.139932 -25.505385 72.640126 811.320256 0.916888 -0.112254 -0.383036 -0.252132 -0.906826 -0.337781 0.309429 -0.406283 0.859760
1.374746 -35.965734 33.876233 93.690327 0.929361 0.154979 -0.335065 0.309846 0.165984 0.936186 -0.200705 0.973874 -0.106239
1.837700 -36.867737 154.105999 149.700232 0.929501 0.142512 -0.340175 0.286827 0.300512 0.909628 -0.231859 0.943071 -0.238450
0.417635 -36.320711 496.641468 217.803110 0.939337 0.137731 -0.314127 0.294922 0.143258 0.944721 -0.175119 0.980055 -0.093948
2.401511 -35.745190 -160.346964 -155.786993 0.919606 0.158132 -0.359610 0.304009 0.293302 0.906395 -0.248804 0.942851 -0.221648
-0.591203 -36.195514 408.884211 -217.491444 0.943438 0.134292 -0.303133 0.304322 0.012084 0.952493 -0.131575 0.990868 0.029468
0.452071 -35.138523 15.785291 269.264442 0.926841 0.156447 -0.341308 0.340175 0.034803 0.939718 -0.158895 0.987073 0.020963
1.969599 -35.344774 -91.109727 260.623927 0.920672 0.156926 -0.357404 0.330199 0.175189 0.927511 -0.208164 0.971948 -0.109475
7.902714 -55.396580 -237.176033 1585.580577 0.940049 -0.064974 -0.334794 -0.339095 -0.073390 -0.937885 -0.036367 -0.995185 0.091023
5.536958 -53.533233 -176.763018 -751.866376 0.935397 -0.070493 -0.346502 -0.351949 -0.280194 -0.893098 0.034131 -0.957352 0.286903
5.029915 -57.492682 398.055621 -377.215418 0.948718 -0.018877 -0.315559 -0.305206 -0.314753 -0.898766 0.082358 -0.948986 0.304373
7.090277 -52.734450 -268.204275 1258.075537 0.917525 -0.084916 -0.388505 -0.393602 -0.054416 -0.917669 -0.056784 -0.994901 0.083351
8.603964 -58.939192 586.612306 3467.045867 0.955644 0.013077 -0.294235 -0.292605 -0.071724 -0.953540 0.033573 -0.997339 0.064716
9.208490 -53.927876 -754.648642 1598.897786 0.919396 -0.098450 -0.380814 -0.368442 0.123389 -0.921426 -0.137703 -0.987463 -0.077171
-0.297827 -94.310458 -238.138885 358.727903 0.946813 -0.104095 -0.304484 -0.179476 -0.956211 -0.231191 0.267085 -0.273542 0.924035
-1.044630 -90.267846 -422.762939 3098.625442 0.941439 -0.144409 -0.304694 -0.281493 -0.834061 -0.474450 0.185619 -0.532435 0.825868
-1.062517 -88.535777 -28.903880 2940.125858 0.943028 -0.112966 -0.312950 -0.241777 -0.878840 -0.411321 0.228567 -0.463551 0.856083
-1.542170 -96.386440 -116.957331 -522.665958 0.949040 -0.094698 -0.300591 0.137227 0.982793 0.123641 0.283710 -0.158590 0.945705
-1.297904 -92.749791 -284.899811 2654.060996 0.952923 -0.097233 -0.287198 -0.173467 -0.951691 -0.253363 0.248689 -0.291255 0.923756
-1.803244 -82.647277 -95.817146 3500.412745 0.942993 -0.123841 -0.308912 -0.272373 -0.820552 -0.502501 0.191249 -0.557994 0.807506
16.060775 -31.857581 897.915956 -113.863954 0.899497 0.137985 -0.414565 -0.433559 0.164320 -0.886016 0.054136 -0.976708 -0.207630
15.905807 -31.696496 -334.521518 160.017722 0.906047 0.070071 -0.417336 -0.421832 0.070973 -0.903892 0.033717 -0.995014 -0.093863
16.593925 -31.959644 1084.398028 -132.302039 0.893664 0.180198 -0.410967 -0.419258 0.008828 -0.907824 0.159960 -0.983591 -0.083438
15.001420 -31.388028 -747.342446 222.658948 0.903816 0.017884 -0.427548 -0.423966 0.172966 -0.889008 -0.058052 -0.984765 -0.163912
16.166784 -31.150454 168.865056 -98.962564 0.903339 0.064291 -0.424082 -0.425106 0.265889 -0.865210 -0.057133 -0.961857 -0.267519
15.200796 -32.039609 1324.348438 -364.840000 0.892177 0.153543 -0.424788 -0.451682 0.299462 -0.840420 0.001833 -0.941673 -0.336526
13.744861 -32.588923 1182.297664 -191.948214 0.880266 0.206870 -0.427010 -0.470115 0.258454 -0.843915 0.064219 -0.943613 -0.324761
26.425803 -16.882564 1444.431842 -524.307897 -0.284101 0.798643 -0.530525 0.289768 -0.455931 -0.841523 0.913959 0.392807 0.101890
38.839710 -19.747015 2083.065275 -1017.856980 -0.210395 0.764737 -0.609025 0.252524 -0.559316 -0.789555 0.944439 0.319912 0.075438
33.692124 -14.641298 1327.060347 -317.038553 -0.094223 0.760150 -0.642880 0.287899 -0.597357 -0.748518 0.953014 0.255612 0.162562
22.473139 -12.038679 -241.241206 -139.813610 -0.197479 0.822243 -0.533778 0.340995 -0.452881 -0.823785 0.919089 0.344696 0.190946
1.282072 -69.978319 -82.811553 3607.119511 -0.201068 0.421294 -0.884355 -0.455411 0.759094 0.465164 0.867279 0.496275 0.039233
-6.552022 -67.077780 -87.519320 -187.389483 0.893107 -0.138675 -0.427936 -0.396715 0.205686 -0.894601 -0.212080 -0.968743 -0.128685
-5.771490 -71.468292 -150.771862 -518.931484 0.879344 -0.162375 -0.447648 -0.365995 0.370935 -0.853496 -0.304635 -0.914353 -0.266752
-6.320941 -68.821937 63.097426 -497.528082 0.884829 -0.141404 -0.443940 -0.363891 0.385308 -0.848010 -0.290965 -0.911890 -0.289476
-7.150851 -67.334946 -129.497112 -506.186683 0.889327 -0.127400 -0.439165 -0.360162 0.396589 -0.844393 -0.281744 -0.909113 -0.306812
-0.676778 -166.652337 430.483785 -15255.696194 0.500194 -0.052118 0.864343 0.648934 -0.638330 -0.414028 0.573315 0.767996 -0.285468
1.337822 -182.909722 188.420771 10646.037767 -0.500233 0.007315 -0.865860 -0.359432 0.907989 0.215325 0.787767 0.418930 -0.451577
0.166015 -181.983761 -1478.615897 13699.056585 -0.431386 0.005511 -0.902150 -0.423587 0.881667 0.207935 0.796543 0.471839 -0.378005
-1.123185 -164.844702 -1317.081563 -75.707689 -0.427808 0.037865 -0.903076 -0.048187 0.996746 0.064620 0.902584 0.071161 -0.424592
-2.789270 -171.605380 -1120.904451 7226.731773 -0.448666 0.049980 -0.892301 -0.260122 0.947904 0.183889 0.855006 0.314611 -0.412292
-3.421494 -157.514155 1412.016695 -12876.056222 0.456166 -0.080149 0.886278 0.602690 -0.704928 -0.373953 0.654734 0.704736 -0.273259
-0.761379 -160.735048 799.868547 -15442.516369 0.468959 -0.040916 0.882272 0.679845 -0.620956 -0.390159 0.563816 0.782777 -0.263386
7.188481 -114.545117 814.505926 -6649.321731 -0.399268 0.255711 -0.880453 0.764284 0.623262 -0.165573 0.506414 -0.739024 -0.444284
6.312527 -125.420052 310.634703 -10454.241287 -0.414948 0.236841 -0.878479 0.840639 0.469157 -0.270588 0.348058 -0.850763 -0.393773
5.640848 -95.978723 -14.804246 -7006.521552 -0.419026 0.197330 -0.886272 0.863548 0.388199 -0.321849 0.280540 -0.900201 -0.333069
8.564165 -21.882149 -152.205849 290.003868 0.968253 -0.225258 0.108372 0.145137 0.153624 -0.977412 -0.203522 -0.962111 -0.181441
12.591527 -24.943212 -529.178211 968.331048 0.969951 -0.233464 0.068485 0.084775 0.060458 -0.994564 -0.228054 -0.970484 -0.078433
5.783703 -21.340744 1939.647880 -328.112539 0.994042 -0.108692 0.008159 0.029512 0.196334 -0.980093 -0.104926 -0.974494 -0.198372
1.603049 -22.174211 2604.701591 -514.477421 0.992742 -0.059622 -0.104446 -0.092012 0.182701 -0.978854 -0.077444 -0.981359 -0.175889
2.921489 -68.961259 -859.247021 -1222.786211 -0.174048 0.140702 -0.974633 0.878267 0.469812 -0.089015 0.445370 -0.871481 -0.205344
-0.188129 -67.858945 -1074.175030 -743.481749 -0.149006 0.149649 -0.977447 0.838620 0.542877 -0.044727 0.523940 -0.826371 -0.206391
4.200872 -74.760713 -1158.677634 -1880.229096 -0.157606 0.147409 -0.976438 0.767658 0.640280 -0.027246 0.621178 -0.753864 -0.214072
-7.536415 -30.489632 2188.888488 22.876425 0.725255 0.510549 -0.461892 -0.328525 -0.332947 -0.883865 0.605042 -0.792771 0.073743
-7.214824 -30.508082 1992.724899 26.283837 0.723631 0.505626 -0.469787 -0.257305 -0.433963 -0.863406 0.640431 -0.745666 0.183929
-11.981660 -30.244470 1874.501918 2.161227 0.738231 0.497015 -0.456061 -0.276885 -0.393242 -0.876752 0.615102 -0.773522 0.152688
18.473270 -15.173869 4206.146403 -564.084666 0.584249 -0.222617 -0.780445 -0.351126 0.797646 -0.490379 0.731686 0.560538 0.387857
6.589944 -10.368987 1507.911626 297.184031 0.548775 -0.126966 -0.826272 -0.414685 0.816876 -0.400938 0.725867 0.562667 0.395630
16.749618 -14.991678 3621.047961 1306.716967 0.505869 -0.044986 -0.861436 -0.469300 0.823560 -0.318600 0.723777 0.565442 0.395502
32.934226 -23.565997 5325.487642 719.109802 0.611664 -0.069507 -0.788058 -0.432017 0.805144 -0.406331 0.662743 0.588993 0.462450
-2.547179 -39.337395 -153.281504 -741.634034 -0.899484 -0.100976 0.425127 -0.006282 0.975820 0.218485 -0.436909 0.193853 -0.878369
-119.296462 -686.942382 22837.683435 -214336.652271 0.182799 -0.361404 -0.914315 0.496683 0.836529 -0.231356 0.848463 -0.411833 0.332420
-1067.145014 -1957.046016 -213586.988128 -411377.037969 0.824383 -0.010182 0.565941 -0.447104 -0.624861 0.640036 -0.347118 0.780670 0.519677
15.350922 -208.499331 -114.230656 -24993.180645 0.505839 -0.069257 -0.859843 -0.285954 0.926950 -0.242887 0.813853 0.368737 0.449083
13.153738 -201.008100 476.537056 1621.119576 0.535516 -0.096357 -0.839010 -0.515888 0.749243 -0.415324 0.668642 0.655248 0.351523
16.453455 -196.346408 355.359052 -9603.466632 0.636662 -0.055309 -0.769157 -0.253322 0.927070 -0.276349 0.728348 0.370785 0.576219
2.131582 -55.228828 -354.862991 -170.884273 0.988288 0.029665 -0.149692 -0.034767 0.998896 -0.031587 0.148589 0.036422 0.988228
1.403710 -54.297262 -220.855174 -725.724424 0.986647 0.042350 -0.157271 -0.032785 0.997480 0.062922 0.159540 -0.056925 0.985549
1.400215 -54.583422 -203.184115 -410.593819 0.985552 0.048470 -0.162288 -0.063175 0.994229 -0.086709 0.157149 0.095709 0.982926
-14.086535 -30.169586 24.002024 -275.730928 -0.461343 -0.589013 0.663496 0.880812 -0.393797 0.262857 0.106456 0.705682 0.700485
-11.567522 -28.133144 335.530041 -774.035528 -0.456598 -0.558404 0.692606 0.888407 -0.327689 0.321485 0.047441 0.762106 0.645712
-11.828014 -28.707351 366.561375 -1262.772074 -0.587607 -0.546331 0.596858 0.809132 -0.392411 0.437400 -0.004751 0.739957 0.672638
14.619298 -32.014556 1305.698651 -452.885149 -0.942454 0.013841 0.334049 0.095498 0.968661 0.229294 -0.320406 0.248000 -0.914240
13.078638 -31.557563 109.178849 38.940763 -0.942024 0.025819 0.334551 0.081386 0.984844 0.153159 -0.325526 0.171508 -0.929848
16.153596 -31.923672 1390.896610 -282.033555 -0.963574 0.023239 0.266429 0.078386 0.977006 0.198278 -0.255695 0.211940 -0.943240
1.516340 -32.622045 -2377.436837 -825.768612 -0.231102 0.593977 0.770573 0.586749 -0.546690 0.597374 -0.776091 -0.590187 0.222174
6.633957 -30.521649 -1294.537367 -745.611147 -0.194659 0.627691 0.753732 0.557843 -0.561213 0.611434 -0.806796 -0.539485 0.240908
10.105776 -31.788841 -129.055813 -3429.487974 -0.144730 0.670394 0.727754 0.555639 -0.553517 0.620391 -0.818730 -0.494157 0.292386
10.049402 -33.131367 -919.573430 -1824.082412 -0.210587 0.678879 0.703404 0.660403 -0.431731 0.614391 -0.720778 -0.593913 0.357416
-1.129144 -37.323855 -236.836018 918.797216 0.287828 -0.732421 -0.617020 0.954850 0.169961 0.243670 -0.073600 -0.659297 0.748272
-1.058041 -34.126629 -299.944190 779.470622 0.302377 -0.724854 -0.618995 0.950375 0.279120 0.137400 0.073179 -0.629824 0.773283
0.029056 -34.583361 -123.648655 670.298150 0.296920 -0.725513 -0.620862 0.952214 0.273710 0.135540 0.071600 -0.631438 0.772114
-2.208722 -65.798581 149.609528 -1137.770588 0.408114 0.912534 -0.026908 -0.015351 0.036330 0.999222 -0.912802 0.407383 -0.028835
-1.516792 -66.245383 390.164793 151.916475 0.414456 0.910014 -0.010001 -0.196111 0.100037 0.975466 -0.888688 0.402326 -0.219925
-2.652024 -65.965510 -16.328377 -1227.762023 0.384729 0.922759 -0.022336 -0.166720 0.093271 0.981583 -0.907848 0.373919 -0.189726
-2.463205 -70.686682 -272.138932 -1862.952120 0.402169 0.915450 -0.014535 0.064720 -0.012589 0.997824 -0.913275 0.402235 0.064311
-1.634508 -60.739697 196.618034 -2973.529037 0.324095 0.944819 -0.047752 0.945193 -0.325514 -0.025529 0.039664 0.036861 0.998533
-3.486294 -67.234735 57.154308 -3413.636946 0.339613 0.939872 -0.036104 0.930809 -0.341357 -0.130652 0.135120 -0.010765 0.990771
-3.782458 -69.216288 57.338835 -1863.896302 0.327182 0.943769 -0.047448 0.910022 -0.328214 -0.253251 0.254583 -0.039680 0.966236
-2.054535 -58.941169 130.939029 -4001.207553 0.349875 0.935852 -0.042052 0.933622 -0.344645 0.097825 -0.077057 0.073487 0.994315
-2.210279 -68.285380 424.174491 -1389.202207 0.302919 0.951262 -0.057792 0.916289 -0.307382 -0.256769 0.262019 -0.024826 0.964743
0.170075 -57.356387 -101.069130 -3804.103219 -0.300773 -0.952676 0.044098 0.951809 -0.296950 0.076682 -0.059958 0.065036 0.996080
-0.169896 -50.843298 24.699240 -3276.767716 0.325708 0.944745 -0.037018 0.927165 -0.311490 0.208183 -0.185149 0.102129 0.977389
-0.565613 -65.422896 340.926377 -1992.780628 0.289587 0.955362 -0.058501 0.943040 -0.295241 -0.153324 0.163752 0.010768 0.986443
-2.347472 -95.051762 294.131619 -5677.077247 -0.194967 0.842565 0.502067 -0.151479 -0.531616 0.833330 -0.969042 -0.086419 -0.231278
-5.139207 -118.059092 94.654869 -7741.667777 -0.189241 0.828468 0.527094 0.152886 -0.505388 0.849240 -0.969956 -0.241296 0.031021
-6.019903 -119.543768 290.650606 -3975.911157 -0.170568 0.848470 0.501005 0.330025 -0.429896 0.840401 -0.928434 -0.308689 0.206689
0.135392 -75.047835 -353.777302 -4757.757797 0.349626 0.936689 -0.019384 0.935526 -0.347926 0.061150 -0.050535 0.039513 0.997940
4.306979 -106.595703 -6.787460 -10763.991524 0.315702 0.948855 0.002539 0.933298 -0.310041 -0.181189 0.171135 -0.059571 0.983445
28.044384 -119.566327 -7713.634031 -10164.567004 0.061210 -0.783010 -0.618990 0.850485 -0.283677 0.442947 -0.522425 -0.553555 0.648574
-0.429949 -96.744189 418.238421 178.516478 -0.340348 0.852863 0.395964 -0.416615 0.240741 -0.876628 0.842968 0.463323 -0.273380
1.750586 -100.795797 426.131210 -670.294490 -0.316720 0.842869 0.435041 -0.653442 0.138566 -0.744186 0.687533 0.519973 -0.506879
2.042048 -114.187683 1408.944775 -446.827599 -0.336726 0.846694 0.411977 -0.535159 0.187903 -0.823588 0.774739 0.497797 -0.389844
0.562938 -98.026389 -394.592402 -144.132888 -0.307670 0.847769 0.432004 -0.571638 0.198264 -0.796192 0.760637 0.491914 -0.423617
3.694885 -111.077343 1643.751429 -1541.887043 -0.352446 0.848885 0.393925 -0.246739 0.321750 -0.914110 0.902719 0.419371 -0.096054
-2.541549 -96.730140 823.821009 -56.184503 -0.372922 0.843243 0.387131 -0.138991 0.361753 -0.921855 0.917393 0.397588 0.017702
-2.785230 -100.132468 -579.775054 1704.919319 -0.314303 0.851005 0.420718 -0.315334 0.324425 -0.891803 0.895421 0.412963 -0.166383
12.373353 -789.303023 2794.894127 -21960.866913 0.149828 0.545178 0.824823 -0.721343 -0.510259 0.468294 -0.676177 0.665144 -0.316809
23.144862 -461.852318 190.846507 -69963.983109 0.022869 0.598449 0.800835 0.463644 0.703343 -0.538835 -0.885727 0.383624 -0.261382
81.468535 -1155.428402 11720.463472 287961.209061 0.194171 0.598545 0.777201 0.910069 0.185817 -0.370468 -0.366159 0.779241 -0.508637
27.778105 -620.580856 3391.040143 -70502.783227 0.186190 0.504642 0.843013 0.282515 0.794282 -0.537867 -0.941020 0.338309 0.005318
-518.724187 -1467.211309 -119163.411414 102758.175618 0.256945 -0.350975 0.900442 0.910897 0.399229 -0.104317 -0.322870 0.847014 0.422282
-3.604112 -31.667090 1600.201878 -313.869591 -0.672558 -0.174939 0.719071 -0.063605 0.981727 0.179349 -0.737306 0.074887 -0.671395
-2.068393 -31.358056 1463.539921 -185.632278 -0.680375 -0.149782 0.717395 -0.130915 0.987987 0.082118 -0.721077 -0.038047 -0.691810
2.618076 -32.305949 2314.861180 -126.986142 -0.665122 -0.165628 0.728135 -0.074763 0.984962 0.155756 -0.742983 0.049159 -0.667503
-3.033976 -40.765238 -99.060136 -595.581407 0.281510 -0.702746 -0.653376 0.794502 -0.211116 0.569382 -0.538069 -0.679396 0.498902
-4.047083 -39.266952 -401.428388 -552.691061 0.230401 -0.694210 -0.681900 0.782367 -0.284539 0.554021 -0.578634 -0.661143 0.477569
-19.117350 -1335.616086 -55895.679089 192890.038934 -0.333664 -0.063865 0.940526 0.155051 0.980397 0.121579 -0.929853 0.186396 -0.317221
-152.755745 -1053.812036 -75661.688848 241583.936540 -0.183774 -0.342464 0.921382 -0.264664 0.919970 0.289151 -0.946668 -0.190718 -0.259704
-410.911244 -659.645843 168278.106281 57922.104342 -0.268102 -0.028775 -0.962961 0.839120 -0.498026 -0.218741 -0.473286 -0.866684 0.157667
8.755961 -194.375493 2140.527884 23587.070999 0.427032 0.650560 -0.628024 -0.182772 -0.618099 -0.764557 0.885572 -0.441276 0.145044
6.393752 -160.212036 -1353.118995 -16192.818712 0.521420 0.634968 -0.570033 -0.101279 0.709363 0.697529 0.847269 -0.305973 0.434185
14.893715 -327.388633 281.068880 -40450.764388 0.449217 0.675131 -0.585152 -0.370578 0.736759 0.565560 0.812943 -0.037215 0.581153
-3.105857 -385.140076 1432.924003 -69520.441609 0.387618 0.663038 -0.640416 -0.073315 0.714704 0.695574 0.918900 -0.222665 0.325643
-12.752895 -58.038760 -4151.314896 6722.740933 0.719443 0.354873 -0.597049 0.565566 -0.798299 0.207014 0.403159 0.486605 0.775034
-12.568963 -44.211728 -2918.902649 -5807.046191 0.769632 0.274331 -0.576549 -0.422336 0.895955 -0.137465 0.478851 0.349295 0.805416
1.864238 -14.452383 288.383446 307.096513 0.486117 -0.246802 -0.838319 -0.307123 0.849850 -0.428288 0.818148 0.465665 0.337328
1.300075 -16.069482 143.851291 203.388488 0.499459 -0.260462 -0.826257 -0.283809 0.851914 -0.440108 0.818531 0.454315 0.351575
-0.046600 -17.766502 373.024627 492.194349 0.492149 -0.250102 -0.833810 -0.266588 0.868517 -0.417863 0.828686 0.427934 0.360765
1.603939 -19.972899 472.748795 575.415001 0.504500 -0.331191 -0.797366 -0.167335 0.868491 -0.466607 0.847041 0.368830 0.382734
-2.759561 -22.324700 -497.990699 -3100.277161 0.668838 -0.720703 0.182327 0.541438 0.304189 -0.783782 -0.509412 -0.622942 -0.593669
-4.697640 -21.883868 -695.871719 -2462.543793 0.737326 -0.668653 0.096194 0.456280 0.387933 -0.800823 -0.498156 -0.634359 -0.591126
-3.547427 -27.725981 -183.222196 -317.876792 0.917719 -0.216993 -0.332726 -0.297010 -0.931040 -0.212014 0.263775 -0.293392 0.918882
-3.659892 -27.962838 -864.262763 1265.533405 0.923595 -0.221800 -0.312694 0.275698 0.951034 0.139733 0.266390 -0.215266 0.939520
0.225117 -36.271692 236.649756 373.029098 0.945634 0.144900 -0.291171 0.262144 0.190323 0.946075 -0.192503 0.970969 -0.141991
1.748434 -37.529259 257.190144 83.092190 0.941201 0.134300 -0.310007 0.247088 0.352159 0.902736 -0.230410 0.926254 -0.298269
3.008734 -37.524283 194.207268 56.028480 0.924605 0.123473 -0.360361 0.268027 0.461341 0.845769 -0.270679 0.878589 -0.393464
