19200
38389
-27.554613 -48.673278 -221.471988 2791.017318 0.788553 -0.199668 0.581650 -0.403846 0.545166 0.734645 0.463781 0.814203 -0.349257
-29.891280 -49.681027 432.253303 5536.257392 0.910094 -0.278371 0.306984 -0.180629 0.400240 0.898433 0.372965 0.873108 -0.313974
-24.667377 -40.783220 251.506817 3587.459989 0.713585 -0.126175 0.689113 -0.573645 0.459417 0.678135 0.402154 0.879213 -0.255453
-22.518615 -35.689967 -250.605302 4096.473791 0.735700 -0.099295 0.669989 -0.597364 0.371090 0.710949 0.319220 0.923273 -0.213696
-25.195409 -42.032886 90.833499 3082.400144 0.624210 -0.135465 0.769422 -0.616186 0.520085 0.591461 0.480287 0.843303 -0.241171
-20.386256 -34.596662 292.123350 -2036.189241 0.476089 -0.021057 0.879145 0.786826 -0.436273 -0.436544 0.392740 0.899568 -0.191137
27.505381 -34.076326 115.995242 1792.630812 0.906023 0.239200 0.349150 -0.241683 -0.384817 0.890789 -0.347436 0.891459 0.290843
36.386225 -29.095119 5212.768584 1617.423201 0.959527 0.164639 0.228476 -0.145948 -0.403131 0.903429 -0.240846 0.900211 0.362787
23.091548 -27.730012 -232.375744 3818.523077 0.910515 0.262655 0.319335 -0.186703 -0.427930 0.884318 -0.368924 0.864805 0.340598
-1.256080 -115.570779 -13328.171317 -44820.162154 0.509945 0.214914 0.832928 0.432379 0.773038 -0.464177 -0.743643 0.596846 0.301282
15.288334 -7.433104 6194.975469 2262.772089 0.891058 0.440446 -0.109649 0.231341 -0.232866 0.944592 -0.390508 0.867053 0.309391
-0.537440 -51.078414 -7177.630566 25514.879857 0.752731 0.225623 0.618458 -0.331222 -0.682079 0.651967 -0.568936 0.695603 0.438690
10.849613 -100.222219 3035.301789 34735.793745 0.598049 0.044313 0.800233 0.799981 -0.093619 -0.592677 0.048654 0.994621 -0.091438
6.387970 -55.835869 1052.309288 12253.562710 0.547304 0.040273 0.835964 0.832674 0.074447 -0.548736 -0.084335 0.996411 0.007211
2.121868 -53.259148 -8615.333621 1149.436498 0.576136 0.327095 0.749050 0.704184 0.266624 -0.658055 -0.414962 0.906598 -0.076723
-7.004765 -212.267141 2918.781123 -63018.815227 0.757689 0.099491 0.644988 -0.651094 0.047777 0.757492 -0.044548 0.993891 -0.100978
-0.603430 -87.127688 -17490.918842 -14365.253209 0.473214 0.365394 0.801596 0.668881 0.443125 -0.596858 -0.573295 0.818613 -0.034712
1.131783 -17.595996 -139.917601 -356.688062 -0.741750 -0.122572 -0.659380 -0.232122 0.969314 0.080934 0.629226 0.213089 -0.747441
0.399461 -15.996044 -108.906294 -612.614478 -0.762512 -0.002384 -0.646970 -0.107962 0.986441 0.123607 0.637903 0.164100 -0.752430
0.957851 -18.680815 -94.143843 -380.716324 -0.755564 -0.048145 -0.653303 -0.174234 0.976142 0.129571 0.631479 0.211727 -0.745926
0.793211 -14.419694 -143.554492 -760.684414 -0.747714 -0.097191 -0.656870 -0.188489 0.979605 0.069614 0.636707 0.175864 -0.750784
2.708992 -20.068677 -233.877013 -634.482508 -0.734596 -0.140992 -0.663695 -0.281003 0.953560 0.108452 0.617581 0.266168 -0.740100
2.060986 -17.317966 -184.761336 -611.078950 -0.722328 -0.197972 -0.662608 -0.302129 0.952211 0.044861 0.622062 0.232597 -0.747621
30.095507 -36.596607 1560.647942 4427.249120 0.886233 -0.419897 0.195646 -0.062382 0.310319 0.948584 0.459020 0.852871 -0.248821
27.242516 -35.419280 607.728005 4577.740989 0.885347 -0.417122 0.205353 -0.105618 0.249695 0.962547 0.452775 0.873877 -0.177011
28.325260 -36.119248 -1677.512288 3090.741662 0.931325 -0.344409 0.118391 -0.030324 0.250618 0.967611 0.362925 0.904750 -0.222963
30.212652 -36.997619 2052.939409 -1090.398817 0.908335 -0.388128 0.155831 0.024779 0.421870 0.906318 0.417508 0.819379 -0.392817
-20.807078 -32.993470 -638.123322 195.783008 -0.438866 0.892327 -0.105587 0.870278 0.451357 0.197212 -0.223635 0.005341 0.974658
-20.025397 -32.835571 -130.475538 -404.657441 -0.433087 0.886653 -0.162120 0.866223 0.459145 0.197090 -0.249187 0.055075 0.966888
-20.334908 -34.741653 -2.726582 487.356868 -0.463134 0.872469 -0.155900 0.827463 0.488669 0.276601 -0.317509 0.000898 0.948255
-40.121569 -48.710216 -2113.720406 -3873.623608 0.009592 0.978376 0.206610 -0.933459 0.082849 -0.348986 0.358557 0.189514 -0.914069
-38.174615 -54.402543 -1969.250380 -3301.906125 -0.063947 0.990772 0.119509 -0.963117 -0.029906 -0.267417 0.261375 0.132201 -0.956141
-43.461691 -57.573415 -728.767406 2448.880421 0.077622 0.948864 0.305994 0.977386 -0.132977 0.164418 0.196701 0.286312 -0.937728
-32.595284 -43.067985 -3140.031883 -3338.516583 -0.276673 0.960597 -0.026580 -0.858736 -0.259560 -0.441815 0.431305 0.099413 -0.896712
-41.587182 -49.669233 -169.428740 -3525.685772 0.285352 0.861473 0.420046 -0.892262 0.398792 -0.211740 0.349920 0.314370 -0.882455
-38.640358 -40.186974 -171.279046 -4632.087423 0.300227 0.868853 0.393647 -0.831823 0.440452 -0.337746 0.466834 0.226044 -0.854968
-3.247876 -42.507483 405.068223 323.844803 0.605161 -0.337188 0.721169 0.703989 0.649639 -0.287000 -0.371727 0.681376 0.630513
-2.563736 -44.070347 -300.597700 691.097221 0.606440 -0.318544 0.728533 0.721581 0.605347 -0.335971 -0.333994 0.729442 0.596961
-3.327123 -44.333862 -65.700641 237.104032 0.574338 -0.350904 0.739596 0.692791 0.689644 -0.210787 -0.436092 0.633449 0.639192
-3.490896 -42.812965 319.831570 63.283679 0.584620 -0.362529 0.725805 0.675105 0.713526 -0.187386 -0.449948 0.599544 0.661886
-19.286227 -89.597544 -1517.475894 -619.574604 0.978653 -0.041095 -0.201367 0.106189 0.939992 0.324252 -0.175958 0.338714 -0.924290
-14.489865 -80.791887 2392.001916 -1939.130235 -0.976130 -0.029970 0.215109 0.003191 0.988347 0.152182 -0.217163 0.149236 -0.964660
-9.140281 -81.931177 4410.307295 -2020.587793 -0.957604 -0.062454 0.281237 0.013706 0.965237 0.261016 -0.287762 0.253805 -0.923459
-13.562612 -87.527869 -3130.637568 -1274.793668 0.962178 -0.011421 -0.272182 0.138491 0.880888 0.452610 -0.234593 0.473186 -0.849153
-21.328870 -91.654661 -954.630196 1772.744685 0.976006 -0.091515 -0.197579 0.183683 0.833320 0.521382 -0.116932 0.545164 -0.830135
0.502414 -94.062129 -1350.341024 -1944.138846 0.993813 -0.110205 -0.013786 0.051811 0.569823 -0.820132 -0.098238 -0.814344 -0.572008
2.461254 -98.334413 -287.002951 -1196.832767 0.997358 -0.072556 0.003689 0.045965 0.590892 -0.805440 -0.056260 -0.803482 -0.592665
0.544001 -93.885988 -1153.338692 838.985824 0.995648 -0.088314 -0.029745 0.050538 0.779886 -0.623877 -0.078295 -0.619659 -0.780956
-0.807901 -91.137942 -974.589352 -1506.602011 0.995093 -0.097149 -0.018782 0.055563 0.705687 -0.706342 -0.081875 -0.701832 -0.707621
1.742253 -84.057305 1242.015092 6953.649094 0.998814 -0.048345 0.005750 0.048051 0.959864 -0.276318 -0.007839 -0.276266 -0.961049
1.469454 -87.643572 26.934885 5343.443002 0.998107 -0.059060 -0.017156 0.048219 0.924643 -0.377769 -0.038174 -0.376227 -0.925741
2.632051 -95.603984 584.367414 4894.363965 0.998491 -0.054272 -0.008399 0.043036 0.868252 -0.494254 -0.034117 -0.493147 -0.869277
1.757259 -86.366186 173.723537 6282.353575 0.998635 -0.044041 -0.028073 0.032348 0.943571 -0.329587 -0.041004 -0.328229 -0.943708
2.176953 -96.500954 112.460032 4065.377944 0.998549 -0.046855 -0.026535 0.026590 0.857582 -0.513660 -0.046823 -0.512209 -0.857583
226.387701 -29.904219 57714.716180 -913.766463 0.052955 0.863386 0.501757 -0.701076 -0.325668 0.634377 -0.711118 0.385363 -0.588053
769.106650 -51.715711 203228.264011 -2757.519828 -0.122443 0.877065 0.464504 -0.729279 -0.396960 0.557293 -0.673172 0.270516 -0.688230
184.673748 -25.547070 55403.659105 -1185.036846 0.004470 0.807751 0.589507 -0.728464 -0.401231 0.555296 -0.685069 0.431917 -0.586624
73.128666 -20.555335 31342.437864 -3119.865007 0.053186 0.835735 0.546551 -0.720766 -0.346684 0.600256 -0.691135 0.425861 -0.583930
58.539682 -15.210425 28918.752320 1221.423782 0.129312 0.885416 0.446448 -0.659521 -0.259412 0.705505 -0.740480 0.385673 -0.550406
327.268502 -16.740865 91584.276127 856.341246 0.159131 0.885098 0.437355 -0.600212 -0.264994 0.754668 -0.783851 0.382597 -0.489078
5030.859006 -141.187684 -1938174.130465 14119.880285 0.013551 0.962998 -0.269167 -0.134595 0.268499 0.953830 -0.990808 -0.023303 -0.133253
691.592765 -60.863917 184744.008989 7604.637727 0.822818 0.564264 -0.067655 -0.123362 0.293547 0.947951 -0.554755 0.771645 -0.311144
1374.361014 -97.245770 395721.911474 22752.316842 0.904895 0.406871 -0.124981 0.025790 0.240682 0.970261 -0.424852 0.881208 -0.207299
1995.382878 -55.269695 -808212.633051 1986.832150 0.180377 0.945744 -0.270246 -0.113274 0.292898 0.949410 -0.977053 0.140640 -0.159960
2230.961433 -155.675863 -588049.955223 18792.955828 -0.645923 0.760419 -0.067428 -0.074139 0.025423 0.996924 -0.759794 -0.648935 -0.039956
1030.788490 -40.239904 -222249.789389 2805.788755 0.506828 0.848485 -0.152312 0.213608 0.047563 0.975761 -0.835163 0.527078 0.157137
238.790169 -11.401196 -56848.141854 2499.616956 -0.324023 0.944696 0.050577 0.264842 0.039255 0.963492 -0.908222 -0.325588 0.262915
304.096338 -23.446031 -75198.350972 250.868430 -0.477920 0.877575 -0.038131 0.139327 0.118593 0.983119 -0.867283 -0.464540 0.178947
391.757823 -34.018178 -98356.156732 -5541.508123 -0.530163 0.835584 -0.143965 0.019279 0.181627 0.983179 -0.847676 -0.518469 0.112401
1853.847661 -70.956414 -745918.830389 -7392.597313 0.379857 0.912488 -0.151901 0.063131 0.138255 0.988383 -0.922888 0.385034 0.005089
192.605250 -32.984306 -53578.887548 971.502461 -0.613524 0.774992 -0.151580 0.070087 0.244635 0.967079 -0.786560 -0.582702 0.204406
11.750426 -20.444817 3931.252611 -1989.465750 0.822473 0.048316 0.566749 -0.567469 0.001478 0.823393 -0.038945 0.998831 -0.028633
8.899791 -15.811243 4033.371130 -1121.211725 0.778031 0.035696 0.627211 -0.628218 0.039228 0.777048 -0.003133 0.998592 -0.052946
-0.177764 -18.891872 3679.288300 -2075.000984 0.800331 0.033257 0.598636 -0.599020 0.002029 0.800731 -0.025415 0.999445 -0.021545
-9.287521 -63.499727 -22.413254 639.359393 0.987282 0.052579 0.150031 0.097726 -0.945082 -0.311880 -0.125393 -0.322575 0.938201
-9.494991 -60.613565 -245.989023 1951.768643 0.985656 0.095810 0.138933 0.133955 -0.944888 -0.298735 -0.102654 -0.313061 0.944169
-8.803677 -61.883100 -319.009609 -318.273157 0.986229 0.084357 0.142255 0.103472 -0.985725 -0.132817 -0.129021 -0.145707 0.980879
-7.221582 -63.797191 -319.868264 775.141820 0.982284 0.061895 0.176880 -0.077679 0.993455 0.083747 -0.170539 -0.096003 0.980663
-7.409651 -62.232472 41.926512 1550.435342 0.984839 0.088785 0.149025 -0.084511 0.995815 -0.034788 -0.151490 0.021666 0.988221
-8.729002 -62.413590 -321.730718 1392.094461 0.986274 0.094629 0.135314 -0.088277 0.994727 -0.052210 -0.139541 0.039549 0.989426
4.035528 -177.787935 48.111507 12615.464780 0.631889 0.739774 0.231194 -0.495031 0.614737 -0.614038 0.596374 -0.273555 -0.754656
4.696262 -190.835117 788.805039 3379.516368 0.608270 0.762749 0.219594 -0.244821 0.443465 -0.862207 0.755030 -0.470694 -0.456483
4.972878 -165.805565 321.749016 12316.447674 0.614722 0.748858 0.247645 -0.428349 0.580598 -0.692404 0.662295 -0.319558 -0.677679
5.069714 -146.335454 664.993385 11348.516420 0.631581 0.721132 0.284735 -0.579144 0.682979 -0.445120 0.515458 -0.116227 -0.848996
5.829815 -192.840953 348.283838 12038.516508 0.592114 0.778524 0.208090 -0.189264 0.385349 -0.903153 0.783314 -0.495385 -0.375517
2.671026 -99.044498 439.678964 1281.199589 0.559147 0.815908 0.147138 0.488894 -0.181156 -0.853326 0.669580 -0.549069 0.500185
3.710994 -107.121288 844.781886 2565.797979 0.564709 0.809928 0.158496 0.505545 -0.187683 -0.842140 0.652326 -0.555691 0.515441
2.631146 -97.525472 613.235971 -603.065712 0.579635 0.806843 0.114138 0.607437 -0.334454 -0.720529 0.543180 -0.486975 0.683967
1.798052 -95.528372 147.577993 -594.609022 0.569466 0.811998 0.127939 0.502066 -0.220339 -0.836290 0.650876 -0.540472 0.533151
23.829528 -28.068134 -7077.154480 -332.297256 0.845749 0.259942 -0.465982 0.253594 0.572555 0.779661 -0.469466 0.777567 -0.418318
32.975857 -26.756245 -3206.593399 -801.855272 0.911351 0.216141 -0.350318 0.164345 0.589219 0.791082 -0.377399 0.778527 -0.501464
28.468558 -26.373192 -2828.338680 -658.208014 0.919854 0.194806 -0.340469 0.197952 0.518809 0.831656 -0.338650 0.832399 -0.438666
34.555023 -25.161307 3746.468332 -865.662381 0.974540 0.087492 -0.206440 0.121791 0.566489 0.815020 -0.188253 0.819411 -0.541411
17.361562 -27.157842 -5806.773657 -171.535441 0.857726 0.235451 -0.457021 0.296079 0.500508 0.813528 -0.420289 0.833099 -0.359587
25.047718 -26.323183 -3293.630230 -248.042241 0.939488 0.187027 -0.287026 0.189064 0.415632 0.889666 -0.285688 0.890096 -0.355121
30.494624 -26.722972 1375.421355 -701.490186 0.966597 0.112025 -0.230524 0.150476 0.480053 0.864237 -0.207480 0.870057 -0.447161
20.933459 -49.700309 5191.354799 104.625166 -0.575203 -0.807275 -0.132097 0.811252 -0.542246 -0.218724 0.104941 -0.232974 0.966804
17.528544 -53.393231 5504.082630 -837.084623 -0.540170 -0.825479 -0.163711 0.813771 -0.462782 -0.351583 0.214462 -0.323137 0.921731
7.076369 -54.114048 4245.265054 96.594482 -0.572402 -0.804388 -0.159110 0.809970 -0.524455 -0.262479 0.127689 -0.279118 0.951729
11.842513 -51.891210 4452.655459 45.865900 -0.607603 -0.779916 -0.150163 0.794235 -0.595918 -0.118628 0.003035 -0.191343 0.981519
-0.398905 -55.172461 2337.945729 241.915959 -0.595578 -0.790825 -0.141003 0.801899 -0.574957 -0.162425 0.047379 -0.209808 0.976594
-3.017535 -58.183160 2071.259358 -543.009183 -0.555317 -0.817778 -0.151202 0.812974 -0.495503 -0.305858 0.175203 -0.292772 0.939994
3.575753 -216.475303 -905.884352 4485.709828 0.637777 0.745069 0.195222 -0.239068 0.432439 -0.869393 0.732179 -0.507807 -0.453922
-14.024612 -28.553092 582.513125 223.095389 0.992820 0.074237 0.093791 0.034635 -0.928929 0.368635 -0.114492 0.362740 0.924830
-11.644961 -28.805609 1003.953553 -563.296331 0.992919 0.114538 0.031503 0.095058 -0.925138 0.367537 -0.071242 0.361940 0.929475
-10.729844 -26.828674 1746.926331 -533.048827 0.987262 0.159021 0.005124 0.140229 -0.884908 0.444156 -0.075164 0.437779 0.895935
-13.991243 -28.371873 858.203671 -50.292267 0.992579 0.070952 0.098757 0.020575 -0.898413 0.438669 -0.119849 0.433382 0.893206
-18.107652 -28.788713 -455.545169 -411.275134 0.789414 -0.229054 -0.569526 -0.117765 0.854034 -0.506712 0.602459 0.467075 0.647212
-16.032237 -27.945185 -429.290130 -147.536904 0.792365 -0.168162 -0.586412 -0.123364 0.897229 -0.423983 0.597444 0.408292 0.690188
-16.698954 -28.686597 848.682216 -401.575508 0.763219 -0.385844 -0.518287 0.021381 0.816770 -0.576567 0.645786 0.428965 0.631624
-18.773093 -29.209615 856.224050 -351.226896 0.768775 -0.422639 -0.479960 0.004268 0.753875 -0.657004 0.639506 0.503040 0.581364
-13.822018 -30.121985 1904.901755 -652.444141 0.716838 -0.538241 -0.443216 0.112422 0.716579 -0.688386 0.688117 0.443634 0.574181
-12.105883 -28.752927 2145.093623 -596.124470 0.717653 -0.500591 -0.484130 0.131596 0.780146 -0.611600 0.683854 0.375207 0.625750
-5.237835 -43.648616 -710.392044 -1601.337486 0.602456 -0.512536 0.611845 -0.277055 0.584621 0.762534 -0.748524 -0.628908 0.210208
-8.172835 -41.703195 -802.447130 -517.935226 0.604560 -0.500984 0.619292 -0.361162 0.520557 0.773681 -0.709978 -0.691401 0.133772
-9.188193 -43.105509 -1754.299180 -1460.058762 0.588842 -0.495714 0.638382 -0.338961 0.565564 0.751826 -0.733737 -0.659094 0.165000
-4.449428 -41.866428 258.120760 -688.085147 -0.608828 0.526192 -0.593676 -0.330212 0.512352 0.792752 -0.721311 -0.678688 0.138179
-5.029485 -70.342343 -264.475352 1862.455404 0.997441 0.064582 -0.030680 0.018290 0.184349 0.982691 -0.069120 0.980737 -0.182696
-4.514709 -73.251375 -490.003867 729.023853 0.997175 0.049155 -0.056802 0.041690 0.266885 0.962826 -0.062487 0.962474 -0.264082
-4.073161 -79.144969 -76.502532 2024.033184 0.998036 0.051211 -0.036072 0.013803 0.381916 0.924094 -0.061100 0.922777 -0.380459
22.745794 -30.444486 6599.447361 -2644.684851 0.666514 -0.317690 0.674412 -0.098305 0.859299 0.501937 -0.738982 -0.400847 0.541505
23.557534 -27.726575 4685.490689 -883.467759 0.644925 -0.329512 0.689561 -0.130336 0.841636 0.524082 -0.753050 -0.427868 0.499844
24.881100 -29.646589 -518.118833 -1777.362401 0.518970 -0.405428 0.752528 -0.089103 0.849909 0.519341 -0.850136 -0.336575 0.404953
27.428079 -31.010103 4822.834069 -2470.773488 0.627687 -0.362949 0.688678 -0.048166 0.864858 0.499701 -0.776975 -0.346826 0.525378
0.874579 -270.095695 -840.075447 53456.570534 0.975352 -0.041096 0.216794 0.212892 -0.083047 -0.973540 -0.058013 -0.995698 0.072251
-1.949781 -199.172088 -543.802945 13152.964432 0.980842 -0.019126 0.193862 0.173444 -0.367325 -0.913777 -0.088688 -0.929896 0.356971
0.220895 -213.775170 -557.320160 -6801.474985 0.983916 -0.015615 0.177945 0.132946 -0.601323 -0.787868 -0.119305 -0.798854 0.589575
2.181745 -228.474867 350.845680 28123.052087 0.983711 0.013888 0.179220 0.173863 -0.326730 -0.928988 -0.045655 -0.945016 0.323823
2.962174 -241.429212 356.844646 -29080.662313 0.989381 -0.000846 0.145344 0.098695 -0.730184 -0.676084 -0.106700 -0.683250 0.722347
8.228457 -315.687954 -131.376517 -75410.243756 0.974736 -0.011948 0.223040 0.073839 -0.925188 -0.372258 -0.210802 -0.379322 0.900931
29.530684 -214.636350 -2028.913822 37602.906767 -0.349119 0.836393 -0.422567 -0.647175 -0.541330 -0.536774 0.677702 -0.086078 -0.730281
39.066289 -208.264042 -4487.569391 3253.903699 -0.259329 0.866608 -0.426308 -0.306128 -0.492406 -0.814752 0.915988 0.080784 -0.392988
47.332953 -191.771387 -2199.863406 11209.310696 -0.466273 0.770600 -0.434471 -0.326593 -0.606381 -0.725010 0.822147 0.196158 -0.534411
-3.093418 -121.084932 2626.509977 549.325341 0.547334 0.744583 -0.382129 -0.638688 0.666676 0.384214 -0.540835 -0.033768 -0.840450
0.108752 -106.242313 1557.633803 -422.373659 0.500619 0.768929 -0.397653 -0.706717 0.628311 0.325233 -0.499931 -0.118211 -0.857960
-4.534830 -109.067814 762.729225 -12468.206393 0.552841 0.711005 -0.434556 -0.759266 0.644684 0.088872 -0.343339 -0.280812 -0.896249
-7.518000 -111.116265 -893.237918 20803.881630 0.596453 0.651846 -0.468338 0.776912 -0.615430 0.132866 -0.201621 -0.443106 -0.873502
-10.419566 -142.433884 2159.408999 -15579.297539 0.542471 0.733308 -0.409859 -0.741291 0.647385 0.177143 -0.395237 -0.207729 -0.894783
184.388906 -25.592158 -32640.959205 -957.250276 -0.705434 0.627514 -0.329529 0.498312 0.769724 0.399011 0.504031 0.117268 -0.855687
172.236186 -22.276699 -31108.567274 -172.554651 0.904079 -0.395699 -0.161444 0.424388 0.786740 0.448257 0.050361 0.473775 -0.879205
187.557462 -22.708389 -29628.880136 479.164403 0.862006 -0.492753 -0.118912 0.497179 0.776170 0.387779 0.098784 0.393389 -0.914050
270.720425 -32.518454 -85844.921735 -2126.992079 -0.464160 0.595930 -0.655304 0.499874 0.786992 0.361620 0.731219 -0.159720 -0.663180
212.339052 -35.312522 -63172.845109 -2347.824119 -0.459327 0.610161 -0.645541 0.438967 0.787721 0.432208 0.772222 -0.084846 -0.629662
-36.559753 -53.452253 -39.834657 -1022.541790 -0.562850 0.233904 -0.792773 0.343574 0.938546 0.032985 0.751770 -0.253811 -0.608624
-36.035432 -52.831471 -521.967250 -555.000319 -0.671004 0.182016 -0.718765 0.285537 0.958068 -0.023948 0.684267 -0.221304 -0.694840
-36.438998 -54.146353 -616.631033 637.916396 -0.618193 0.233238 -0.750625 0.212218 0.969023 0.126322 0.756836 -0.081205 -0.648541
-38.016486 -55.042947 628.019212 710.604955 -0.511902 0.265505 -0.816984 0.238528 0.957572 0.161738 0.825264 -0.112080 -0.553514
-38.656725 -53.675212 1096.495383 -1015.327584 -0.441941 0.306650 -0.843003 0.374286 0.917081 0.137379 0.815229 -0.254811 -0.520070
-36.620940 -50.683336 592.257283 -2638.278351 -0.468898 0.298799 -0.831176 0.478744 0.876794 0.045121 0.742253 -0.376764 -0.554175
28.332527 -54.681945 -4746.499442 3685.761330 0.951167 0.215266 -0.221230 -0.307766 0.716432 -0.626103 -0.023718 -0.663616 -0.747698
16.085759 -56.136662 163.626645 4387.004407 0.968455 0.170570 -0.181663 -0.246862 0.756121 -0.606086 -0.033979 -0.631812 -0.774376
19.991033 -63.194480 -2328.348470 3512.707251 0.957734 0.183525 -0.221502 -0.287642 0.618065 -0.731614 -0.002633 -0.764405 -0.644731
25.613968 -70.208153 -2668.512032 558.861164 0.956380 0.176081 -0.233095 -0.288438 0.442790 -0.848965 0.046274 -0.879166 -0.474263
33.318194 -61.928470 -4764.838712 2558.547701 0.939048 0.254832 -0.230757 -0.338125 0.563308 -0.753894 0.062129 -0.785967 -0.615138
4.924302 -6.264708 -1487.208307 -534.759307 -0.712757 -0.397773 -0.577715 -0.324825 0.917191 -0.230757 0.621664 0.023182 -0.782941
8.263948 -4.388259 -1278.483373 -873.798582 -0.650614 -0.582426 -0.487321 -0.455018 0.812745 -0.363873 0.607997 -0.015001 -0.793798
3.084111 -3.530298 -1688.496915 -471.689412 -0.720652 -0.351116 -0.597812 -0.280018 0.936222 -0.212319 0.634233 0.014390 -0.773008
85.019105 -67.816182 22914.187245 2067.545587 -0.280052 0.921673 0.268494 0.004703 0.280999 -0.959696 0.959973 0.267502 0.083030
136.977536 -59.437081 39436.414901 3107.732950 -0.313291 0.907365 0.280245 -0.182984 0.231894 -0.955376 0.931861 0.350591 -0.093383
134.076459 -63.020220 30844.756548 5090.286349 -0.126936 0.970189 0.206448 -0.119579 0.191646 -0.974152 0.984677 0.148342 -0.091687
-7.629175 -27.124156 -926.741497 -1071.732099 -0.839268 0.120523 0.530192 0.110491 0.992582 -0.050730 -0.532373 0.016005 -0.846359
-12.228671 -29.854124 -1060.034971 -612.550992 -0.836516 -0.049660 0.545687 -0.004048 0.996418 0.084473 -0.547927 0.068454 -0.833721
-9.938851 -30.462422 -1131.410353 -865.936706 -0.840431 0.093274 0.533832 0.136144 0.989824 0.041388 -0.524539 0.107462 -0.844577
-6.176796 -28.881142 -410.520891 -1204.798516 -0.838499 0.174585 0.516178 0.178623 0.983007 -0.042317 -0.514795 0.056719 -0.855435
-5.502398 -25.489342 -121.491776 -1065.287151 -0.838796 0.155076 0.521894 0.115044 0.987417 -0.108503 -0.532153 -0.030971 -0.846082
1.811546 -16.511247 1141.471999 -1115.971608 0.973269 0.087115 -0.212507 -0.180544 0.862111 -0.473465 -0.141959 -0.499175 -0.854794
-0.973939 -14.604426 1189.571463 -806.032973 0.973508 0.089010 -0.210616 -0.184581 0.849571 -0.494125 -0.134951 -0.519911 -0.843493
-0.540450 -17.339009 827.089911 -810.707491 0.977243 0.057905 -0.204066 -0.146176 0.880967 -0.450033 -0.153716 -0.469621 -0.869383
1.684958 -19.309559 1075.293513 -882.901318 0.977644 0.060997 -0.201225 -0.144134 0.891187 -0.430129 -0.153093 -0.449517 -0.880055
2.584862 -50.441371 -1250.492241 47.128833 0.841057 -0.427268 -0.331762 -0.540362 -0.692099 -0.478548 0.025144 -0.581758 0.812973
2.783733 -53.324547 -761.292257 -1276.415049 0.841652 -0.424863 -0.333337 -0.539749 -0.642256 -0.544223 -0.017132 -0.637964 0.769875
0.394086 -53.471926 -581.109538 -1262.282639 0.846494 -0.410181 -0.339410 -0.532388 -0.648188 -0.544441 -0.003318 -0.641563 0.767063
0.246814 -54.797456 -513.879106 -1408.392014 0.843106 -0.412387 -0.345122 -0.531367 -0.540316 -0.652463 -0.082592 -0.733481 0.674673
3.789819 -48.553951 102.234962 -1932.711926 0.790636 -0.248445 -0.559616 0.445384 0.860537 0.247205 -0.420153 0.444693 -0.791024
3.681324 -47.195427 -439.507377 -925.119477 -0.810723 0.216710 0.543843 0.357556 0.918862 0.166871 -0.463554 0.329741 -0.822428
2.978460 -45.808382 71.575807 -474.219008 -0.799517 0.239144 0.550983 0.401646 0.894926 0.194391 -0.446602 0.376719 -0.811560
3.176094 -50.447391 -66.961897 -2079.420821 0.779039 -0.272601 -0.564612 0.499363 0.814316 0.295849 -0.379124 0.512424 -0.770511
4.450747 -53.165547 277.604169 -1958.310832 0.779846 -0.274089 -0.562775 0.521720 0.781393 0.342392 -0.345903 0.560624 -0.752364
14.968167 -34.474897 1210.555917 632.249673 0.998516 -0.021015 -0.050235 -0.024601 -0.997110 -0.071871 0.048579 -0.073000 0.996148
13.328181 -33.124717 378.064191 2146.998609 0.995564 -0.055156 -0.076229 0.051414 0.997415 -0.050202 0.078801 0.046060 0.995826
11.485646 -37.059447 671.751728 618.746435 0.993948 -0.062555 -0.090299 -0.071003 -0.993074 -0.093603 0.083818 -0.099448 0.991506
11.722644 -35.014251 567.133224 1350.699070 0.993225 -0.089291 -0.074377 -0.103065 -0.972510 -0.208809 0.053688 -0.215060 0.975124
4.027251 -77.104739 875.777791 2743.549848 0.764780 -0.568082 -0.303964 -0.611272 -0.788855 -0.063671 0.203613 -0.234499 0.950554
4.028304 -84.459134 -287.295186 -2459.594437 0.783581 -0.561939 -0.265000 0.577208 0.816241 -0.024107 0.229851 -0.134070 0.963947
5.142165 -83.362343 664.818914 -1064.436021 0.757495 -0.582958 -0.293874 0.554521 0.812106 -0.181631 0.344540 -0.025376 0.938429
5.239115 -90.333332 -1018.608525 -314.462365 0.780656 -0.571484 -0.252947 0.497424 0.813205 -0.302103 0.378345 0.110017 0.919104
5.956896 -80.647872 758.938789 -2139.673255 0.746292 -0.590703 -0.306787 0.585160 0.801905 -0.120565 0.317232 -0.089542 0.944111
7.060536 -85.046100 775.520240 -762.769538 0.735773 -0.605324 -0.303680 0.509230 0.790124 -0.341160 0.446457 0.096374 0.889600
6.871544 -86.996042 208.663891 -290.800861 0.752669 -0.595476 -0.280888 0.475067 0.786562 -0.394500 0.455851 0.163488 0.874912
2.305937 -37.074160 -672.108261 -399.601072 0.855608 -0.128726 -0.501363 0.492366 -0.096480 0.865025 0.159723 0.986976 0.019168
1.415894 -38.189396 -471.220648 -1175.800217 0.853584 -0.127237 -0.505178 0.484926 -0.160299 0.859739 0.190370 0.978833 0.075128
1.908587 -35.450040 -261.957038 -230.164700 0.846514 -0.131255 -0.515932 0.515723 -0.038248 0.855901 0.132075 0.990611 -0.035313
2.282730 -40.699535 -618.452854 -1234.781565 0.858932 -0.130128 -0.495279 0.464118 -0.210895 0.860301 0.216402 0.968808 0.120750
2.224280 -35.887458 -456.329007 59.224821 0.844271 -0.130269 -0.519843 0.525403 0.009995 0.850795 0.105636 0.991428 -0.076882
2.541502 -38.118233 -441.317986 -237.523855 0.852114 -0.139233 -0.504497 0.494165 -0.103395 0.863198 0.172348 0.984847 0.019300
-7.542295 -24.557729 -64.800401 1100.837012 0.872509 -0.258091 -0.414871 -0.254894 0.483969 -0.837140 -0.416843 -0.836159 -0.356482
-8.235206 -23.879454 153.249954 231.104307 0.878248 -0.297209 -0.374630 -0.204523 0.474695 -0.856058 -0.432263 -0.828451 -0.356114
-7.645535 -24.804443 19.757320 -1570.039898 0.880186 -0.284060 -0.380239 -0.205202 0.494636 -0.844528 -0.427976 -0.821368 -0.377082
-6.968594 -25.688189 58.791237 -1117.601257 0.888513 -0.266748 -0.373349 -0.204297 0.498586 -0.842422 -0.410861 -0.824777 -0.388505
-7.396806 -25.027209 -70.696786 -1626.759493 0.895058 -0.307384 -0.323088 -0.121575 0.528860 -0.839957 -0.429057 -0.791089 -0.435990
-7.900638 -25.427608 361.383903 -2061.272278 0.886979 -0.316118 -0.336656 -0.131589 0.525768 -0.840388 -0.442665 -0.789707 -0.424747
0.337971 -58.821303 -217.868863 106.226390 0.813500 -0.250615 -0.524796 0.478389 -0.224761 0.848897 0.330700 0.941634 0.062952
1.186501 -55.728985 331.647372 150.346785 0.826679 -0.267096 -0.495238 0.406098 -0.325999 0.853703 0.389468 0.906854 0.161029
1.502186 -53.885566 626.081447 -286.871950 0.804075 -0.264497 -0.532452 0.497988 -0.189585 0.846206 0.324764 0.945568 0.020724
-5.166082 -93.023790 95.909589 4444.486890 0.795527 -0.599912 -0.085109 -0.410788 -0.430733 -0.803569 -0.445411 -0.674222 0.589096
-5.191654 -89.986645 -210.735421 2395.912804 0.804761 -0.589408 -0.070414 -0.307300 -0.312185 -0.898948 -0.507865 -0.745076 0.432359
-5.381670 -96.659586 -45.962998 4144.047508 0.793812 -0.599819 -0.100399 -0.450038 -0.468319 -0.760358 -0.409058 -0.648764 0.641698
1.493760 -94.797945 -216.869980 -2344.155285 0.866809 -0.470720 -0.164511 -0.203887 -0.033503 -0.978421 -0.455051 -0.881646 0.125015
2.958442 -92.369025 1176.414974 -2829.160933 0.878856 -0.445836 -0.169830 -0.231220 -0.086665 -0.969034 -0.417312 -0.890909 0.179252
1.861307 -88.138734 50.948974 -3298.364726 0.866354 -0.466697 -0.177830 -0.312596 -0.229020 -0.921864 -0.389505 -0.854250 0.344300
3.019370 -95.803560 1204.314161 437.258318 0.882983 -0.441461 -0.159543 -0.120851 0.114631 -0.986030 -0.453582 -0.889928 -0.047866
0.022870 -90.672512 109.392424 -4351.185188 0.875025 -0.449960 -0.178515 -0.302922 -0.221326 -0.926959 -0.377584 -0.865188 0.329968
-0.159759 -102.220292 -484.770575 -3583.621641 0.869478 -0.462265 -0.174123 -0.175554 0.040312 -0.983644 -0.461724 -0.885825 0.046102
-10.430351 -29.722148 -391.986726 -170.552472 0.920710 0.138661 -0.364783 -0.389412 0.265314 -0.882024 0.025520 -0.954139 -0.298274
-9.828254 -31.059863 -1058.334556 45.038712 0.945183 0.073575 -0.318146 -0.326304 0.250066 -0.911588 -0.012487 -0.965429 -0.260366
-9.915479 -29.329214 -908.810367 217.588043 0.934368 0.097621 -0.342675 -0.355264 0.328839 -0.875016 -0.027265 -0.939327 -0.341938
-9.946001 -29.172497 -140.919896 448.352199 0.913881 0.160033 -0.373110 -0.405980 0.356977 -0.841278 0.001440 -0.920303 -0.391204
-9.071046 -29.364130 -986.230757 795.333619 0.932463 0.099731 -0.347227 -0.357060 0.400660 -0.843789 -0.054969 -0.910783 -0.409211
-13.275561 -68.326433 2036.581208 -3786.857852 -0.653681 0.725337 0.215840 0.631051 0.679871 -0.373564 0.417703 0.107986 0.902144
-18.983190 -75.951080 2656.569758 -6983.526152 -0.648097 0.717180 0.256169 0.581357 0.683196 -0.441892 0.491929 0.137464 0.859715
-11.816798 -80.299678 1893.427713 -4307.403875 -0.656667 0.724899 0.208110 0.521742 0.635899 -0.568698 0.544585 0.264865 0.795785
-6.952631 -73.536124 1685.194771 -2187.874546 -0.662604 0.724413 0.190216 0.571286 0.653075 -0.497118 0.484344 0.220724 0.846576
-9.577266 -81.939919 473.493601 -1573.777424 -0.631076 0.763383 0.137804 0.494349 0.532674 -0.686934 0.597798 0.365384 0.713535
-10.302403 -138.214220 -1048.973414 -21062.992607 -0.553026 0.833069 0.012562 0.531345 0.364262 -0.764843 0.641743 0.416303 0.644094
5.093465 -17.708461 1913.784909 5356.888665 -0.548494 0.836146 0.003697 0.817132 0.536949 -0.209718 0.177340 0.112009 0.977755
5.362087 -6.002514 1666.407492 4183.840722 -0.688415 0.725200 0.013034 0.708293 0.676019 -0.203272 0.156224 0.130704 0.979036
14.531160 -2.376591 3943.916323 3072.286027 -0.360442 0.931105 -0.055900 0.917250 0.342913 -0.202639 0.169509 0.124314 0.977657
14.267426 -13.884826 3621.754908 6374.894537 -0.342460 0.938986 -0.032045 0.914524 0.325333 -0.240426 0.215332 0.111643 0.970138
23.229839 2.849218 4220.452605 2067.491180 -0.176983 0.982912 -0.050603 0.967438 0.164284 -0.192549 0.180946 0.083033 0.979982
22.531816 7.069536 4467.936560 -1267.858678 -0.035389 0.995787 -0.084590 0.991530 0.024401 -0.127568 0.124966 0.088388 0.988216
-17.046201 -26.742021 1156.997508 297.880479 0.946669 -0.068538 -0.314833 -0.158398 -0.949884 -0.269501 0.280584 -0.304998 0.910082
-19.285610 -28.508107 1362.498705 19.334848 0.950716 -0.016848 -0.309604 0.079646 0.978287 0.191338 0.299658 -0.206567 0.931416
-19.369168 -28.638557 952.287917 -167.900982 0.965436 0.129111 -0.226417 -0.067233 0.962651 0.262263 0.251821 -0.237976 0.938058
-15.561253 -26.510774 -228.831818 1437.726069 0.975842 0.121089 -0.181853 0.041908 -0.920645 -0.388144 0.214422 -0.371146 0.903479
7.149397 -39.165438 557.887004 -731.966318 0.796507 -0.473128 -0.376465 -0.542388 -0.834265 -0.099084 0.267192 -0.283111 0.921117
8.026435 -34.912335 986.520387 275.230954 0.795012 -0.479222 -0.371891 0.523766 0.851569 0.022343 0.305984 -0.212547 0.928007
6.887901 -34.671408 989.152780 807.130339 0.795530 -0.468120 -0.384701 0.503902 0.863714 -0.008975 0.336473 -0.186712 0.922998
134.532653 -231.305287 -41508.631568 -50609.892048 0.639085 0.736191 -0.222695 -0.553210 0.238825 -0.798074 0.534350 -0.633234 -0.559898
-6.190660 -19.090112 -1912.029856 110.341130 0.613897 -0.165297 0.771885 0.582593 0.754679 -0.301736 0.532650 -0.634930 -0.559596
-5.986446 -19.054575 -2742.149486 1810.001006 0.602468 -0.140246 0.785725 0.589129 0.742307 -0.319229 0.538478 -0.655219 -0.529839
61.102637 -99.894816 -35173.319683 29855.465330 0.528518 0.769125 -0.359327 0.667390 -0.114851 0.735799 0.524652 -0.628694 -0.574007
4.299609 -44.666925 3855.867152 2477.071853 0.710673 -0.365976 -0.600838 -0.667091 -0.621819 -0.410281 0.223459 -0.692389 0.686049
2.918099 -77.085302 4419.150735 11659.474245 0.727790 -0.319743 -0.606701 -0.614238 -0.697373 -0.369302 0.305015 -0.641432 0.703939
-7.880674 -61.492205 7421.093610 8978.454831 0.753274 -0.281904 -0.594229 -0.597891 -0.669966 -0.440082 0.274053 -0.686786 0.673216
11.388230 -77.898797 516.090158 10393.253024 0.723766 -0.389777 -0.569417 -0.638106 -0.692138 -0.337292 0.262647 -0.607469 0.749666
-48.581980 -171.460136 -7409.655896 -23898.394425 0.460738 0.376695 0.803630 0.135069 0.865156 -0.482972 -0.877198 0.331069 0.347731
-28.833411 -140.608853 -3320.622364 -18771.335030 0.450336 0.458253 0.766291 0.071920 0.836837 -0.542707 -0.889958 0.299513 0.343901
-50.797824 -175.098698 -9850.757309 28963.162669 0.469997 0.596344 0.650751 -0.092375 0.766438 -0.635641 -0.877821 0.238636 0.415310
-130.878368 -230.726484 -24791.730242 40834.126509 0.566321 0.606731 0.557815 -0.173320 0.749345 -0.639095 -0.805755 0.265253 0.529528
-75.833891 -178.768270 -15102.802149 -19493.638761 0.504424 0.392740 0.768968 0.079292 0.865738 -0.494177 -0.859808 0.310248 0.405558
2.191173 -34.739007 -24.451804 335.679285 0.838878 -0.136907 -0.526821 0.536833 0.048116 0.842316 0.089970 0.989415 -0.113859
-34.715576 -55.862314 1114.851836 2722.373749 0.888990 -0.327451 0.320112 -0.106654 0.531767 0.840148 0.445332 0.781025 -0.437812
-36.798107 -68.818789 1431.534126 7779.912455 0.894489 -0.445497 0.037694 0.171923 0.420568 0.890822 0.412712 0.790351 -0.452785
-26.486238 -67.449666 -2237.407874 12150.403915 0.941813 -0.335998 -0.009661 0.118882 0.306072 0.944557 0.314412 0.890744 -0.328207
-21.526186 -42.304498 -2086.054414 7186.072046 0.947052 -0.225563 0.228504 -0.165029 0.268517 0.949033 0.275424 0.936493 -0.217075
30.873683 -36.827471 2748.003182 1301.385038 0.976222 0.098044 0.193334 -0.131767 -0.439800 0.888377 -0.172129 0.892728 0.416423
30.799398 -29.743378 -928.355343 61.195911 0.916627 0.111560 0.383860 -0.264942 -0.549514 0.792364 -0.299333 0.828003 0.474142
-12.021262 -49.353959 -1482.146488 263.600388 0.905163 -0.161357 0.393247 -0.418884 -0.181427 0.889730 0.072218 0.970076 0.231811
-34.834376 -77.714953 16906.710376 -12615.025842 0.854188 -0.401851 0.329967 -0.363549 -0.007868 0.931542 0.371745 0.915671 0.152813
-42.165567 -132.585179 13489.480125 48712.260031 0.977816 -0.206170 -0.037005 -0.097624 -0.604861 0.790325 0.185325 0.769180 0.611570
-10.284405 -42.098545 111.327861 -4967.657497 0.990220 -0.107510 0.088919 -0.093835 -0.041555 0.994720 0.103248 0.993335 0.051237
-10.448810 -44.944579 -2361.113034 3578.603971 0.788419 -0.185576 0.586478 -0.612982 -0.316769 0.723816 -0.051455 0.930172 0.363501
-8.469510 -41.298435 -7314.219359 -2557.672264 0.969841 -0.055675 0.237295 -0.241697 -0.093929 0.965795 0.031482 0.994021 0.104553
-12.394055 -39.960849 -7123.797950 -97.274908 0.925091 -0.124993 0.358586 -0.375520 -0.160628 0.912789 0.056493 0.979069 0.195533
-11.272988 -39.757346 -6520.185859 819.027323 0.850950 -0.144168 0.505073 -0.525228 -0.241631 0.815935 -0.004410 0.959599 0.281338
-0.308502 -17.608534 -51.775434 -478.291556 -0.769486 0.070704 -0.634737 -0.043621 0.985714 0.162682 0.637172 0.152869 -0.755409
0.684675 -13.676555 -327.386566 -527.008674 -0.761703 0.161452 -0.627488 0.053173 0.980766 0.187804 0.645741 0.109685 -0.755637
1.198561 -11.805231 -425.351949 -874.236661 -0.762805 0.117879 -0.635794 0.011323 0.985528 0.169135 0.646530 0.121818 -0.753100
12.284002 -37.245251 -4075.426478 -282.735155 0.965098 -0.261158 -0.019554 0.080062 0.223124 0.971497 0.249351 0.939155 -0.236246
1.654020 -36.987560 -2960.207411 -344.871601 0.960349 -0.267842 -0.077400 0.117080 0.135488 0.983837 0.253026 0.953889 -0.161475
-0.806459 -36.638749 -3107.693907 -601.222008 0.951330 -0.278082 -0.132820 0.194257 0.206533 0.958962 0.239238 0.938091 -0.250501
15.464133 -36.536020 -4376.624939 -1629.198930 0.965464 -0.256063 -0.048068 0.136021 0.338044 0.931249 0.222209 0.905626 -0.361200
-4.718538 -35.252010 -4419.835714 1733.529826 -0.246322 0.967745 0.052862 0.875298 0.198709 0.440872 -0.416148 -0.154867 0.896012
16.526652 -35.176091 -13642.037292 308.107112 -0.205895 0.956682 0.205830 0.825271 0.056725 0.561880 -0.525865 -0.285555 0.801202
21.153832 -34.731729 -10965.118161 462.553047 -0.118794 0.972900 0.198380 0.888045 0.014734 0.459520 -0.444144 -0.230758 0.865729
-42.813998 -61.285260 -1197.032282 1596.704474 0.036746 0.976478 0.212461 0.997513 -0.048636 0.051008 0.060142 0.210059 -0.975837
-27.798128 -48.335351 -2975.126298 -3530.845767 -0.187700 0.980768 -0.053506 -0.919178 -0.194593 -0.342411 0.346237 0.015089 -0.938026
-2.219268 -43.835004 578.064135 -1547.338436 0.677378 -0.282113 0.679390 0.706612 0.506379 -0.494247 -0.204595 0.814857 0.542354
-1.469967 -44.693419 -353.035632 -2073.678246 0.659446 -0.277568 0.698632 0.727896 0.468023 -0.501121 -0.187881 0.838993 0.510677
-1.832432 -45.101178 -147.435626 -566.691798 0.639316 -0.297184 0.709195 0.729287 0.526709 -0.436714 -0.243755 0.796404 0.553465
-0.764912 -41.747473 756.058110 -708.048027 0.676142 -0.291010 0.676864 0.706436 0.516966 -0.483419 -0.209236 0.805021 0.555122
-0.799251 -40.775447 1008.281908 595.210306 0.703589 -0.278649 0.653695 -0.700145 -0.429107 0.570670 -0.121488 0.859198 0.497010
-4.097878 -73.088504 5207.184692 -2034.830810 -0.950958 -0.131203 0.280115 -0.109968 0.989825 0.090297 -0.289112 0.055065 -0.955710
-10.843802 -74.500902 2096.590567 -5652.403451 -0.978580 -0.070141 0.193548 -0.081844 0.995228 -0.053134 -0.188897 -0.067837 -0.979651
-16.448013 -74.961580 -1107.671979 -8288.031261 0.989039 0.027166 -0.145135 -0.052023 0.984013 -0.170328 -0.138187 -0.176012 -0.974641
-5.975372 -61.470796 -2571.493666 -7584.388425 0.968688 0.142216 -0.203514 -0.195370 0.942444 -0.271346 -0.153211 -0.302611 -0.940720
-0.811130 -62.913218 3929.542432 -5382.703171 -0.950618 -0.171241 0.258846 -0.208503 0.970138 -0.123932 -0.229894 -0.171782 -0.957935
3.752176 -103.390508 -758.205870 -1461.192166 0.995473 -0.094916 0.004935 0.045492 0.430233 -0.901571 -0.083450 -0.897714 -0.432604
4.072070 -100.438959 -779.003623 -3095.470747 0.995886 -0.090498 -0.004569 0.049819 0.588955 -0.806629 -0.075689 -0.803083 -0.591041
2.997616 -103.547985 -246.797262 -549.841964 0.997805 -0.064005 -0.017000 0.030860 0.676519 -0.735778 -0.058594 -0.733639 -0.677009
4.476495 -93.165513 -1563.371797 -1803.586251 0.991652 -0.127244 0.020873 0.050350 0.233088 -0.971151 -0.118708 -0.964095 -0.237549
4.029130 -97.970997 553.414791 -2115.241255 0.996408 -0.067021 0.051761 0.060319 0.132714 -0.989317 -0.059436 -0.988886 -0.136280
1.950080 -99.770246 505.619958 -2425.316487 0.998911 -0.046658 0.000865 0.025528 0.530834 -0.847091 -0.039064 -0.846190 -0.531447
2.374395 -99.776568 1119.016800 -388.335151 0.998778 -0.038124 0.031453 0.042272 0.329180 -0.943321 -0.025609 -0.943497 -0.330389
0.094867 -74.211734 -968.791950 7227.037843 0.997132 -0.051637 -0.055326 0.042597 0.987206 -0.153656 -0.062553 -0.150858 -0.986574
0.403215 -84.192803 -1222.456549 4941.405798 0.995908 -0.077041 -0.047249 0.053818 0.925551 -0.374779 -0.072605 -0.370702 -0.925909
1.143173 -73.709848 222.110397 6590.865476 0.999387 -0.028277 -0.020629 0.026192 0.995116 -0.095175 -0.023219 -0.094576 -0.995247
469.275248 -36.253326 130967.169475 -197.300596 -0.126002 0.840946 0.526245 -0.742983 -0.431501 0.511647 -0.657343 0.326523 -0.679179
35.346610 -55.690226 -5396.605861 -3514.357099 0.919553 -0.262729 -0.292224 0.383515 0.437910 0.813112 0.085660 0.859772 -0.503442
55.337942 -50.377408 -6069.838099 -4399.279023 0.887548 -0.395180 -0.236837 0.403959 0.420327 0.812491 0.221531 0.816797 -0.532697
43.736849 -59.570447 -3149.821501 -2159.612246 0.882776 -0.353428 -0.309506 0.410990 0.261845 0.873226 0.227580 0.898068 -0.376406
826.535265 -13.085940 19956.847783 8007.240992 0.619801 0.773043 -0.135100 0.364373 -0.131012 0.921991 -0.695039 0.620677 0.362877
271.746702 -10.861005 -70988.419388 481.328832 -0.310504 0.944220 0.109705 0.298937 -0.012559 0.954190 -0.902344 -0.329074 0.278363
127.559688 -4.823488 -34972.541129 2198.069260 -0.477401 0.878184 0.029678 0.256195 0.106806 0.960706 -0.840508 -0.466245 0.275975
-26.328197 -38.929008 2075.879111 1.813079 -0.034711 0.317130 0.947747 0.991383 0.130784 -0.007453 -0.126313 0.939321 -0.318937
-31.237736 -44.235332 1399.737466 -612.316545 0.048674 0.425011 0.903879 0.989896 0.100137 -0.100391 -0.133179 0.899632 -0.415843
