10131
20252
-34.571570 -62.290296 2873.997359 -7417.972418 0.900236 -0.270533 0.341154 0.032538 -0.739547 -0.672318 -0.434184 -0.616346 0.656964
-44.258065 -68.570118 1594.843899 -5708.442537 0.860119 -0.302494 0.410724 0.114610 -0.670001 -0.733460 -0.497052 -0.677936 0.541611
-31.433393 -75.602690 4069.625660 -7467.249263 0.910303 -0.190804 0.367345 0.161197 -0.653979 -0.739140 -0.381267 -0.732056 0.564562
-42.658273 -54.015587 -363.672648 3858.384211 -0.753293 0.649212 -0.105228 0.344030 0.525327 0.778251 -0.560529 -0.550050 0.619074
-20.819985 -69.583164 4572.108207 -9685.788375 0.947945 -0.166652 0.271344 0.058109 -0.747279 -0.661965 -0.313088 -0.643274 0.698695
-29.269542 -51.994437 3731.784318 -7256.377398 0.932286 -0.262452 0.248920 -0.056554 -0.785450 -0.616337 -0.357273 -0.560525 0.747106
-35.266160 -43.844645 208.191543 -2996.518089 0.664912 -0.740532 -0.097490 -0.567924 -0.416467 -0.709942 -0.485133 -0.527415 0.697480
65.889054 -136.728094 23237.709695 -7143.507576 0.734077 0.653866 0.183276 0.226023 0.019239 -0.973932 0.640347 -0.756366 0.133666
56.923855 -124.068525 27113.917519 -16604.970605 0.696109 0.705675 0.132120 0.411229 -0.241070 -0.879077 0.588492 -0.666265 0.458005
-5.808342 -127.937625 32073.938080 -17036.198928 0.629688 0.762256 0.149861 0.380743 -0.134670 -0.914822 0.677147 -0.633111 0.375024
-78.151839 -134.869902 26681.862960 -14793.062758 0.696678 0.690641 0.194046 0.294812 -0.029035 -0.955114 0.654007 -0.722615 0.223837
-13.733174 -146.347794 35532.681761 -1182.687564 0.572359 0.790335 0.218576 0.181816 0.137604 -0.973657 0.799592 -0.597022 0.064937
-46.023225 -68.487640 9712.157735 -7017.896817 0.713290 0.094016 -0.694535 -0.679740 -0.148692 -0.718223 0.170796 -0.984404 0.042154
-40.315935 -67.999402 8836.867600 5466.108300 0.619609 0.169587 -0.766371 0.778939 -0.012641 0.626973 0.096639 -0.985434 -0.139931
-17.112000 -58.515691 17611.298851 -1798.806046 0.844388 0.275090 -0.459712 -0.459975 -0.067647 -0.885351 0.274649 -0.959036 -0.069414
-26.111788 -59.761099 8960.401082 3341.356430 0.630818 0.272631 -0.726458 0.773584 -0.148212 0.616118 0.060303 -0.950634 -0.304397
-19.311487 -58.736340 18689.735745 -2257.885517 0.915374 0.258120 -0.308973 -0.251940 -0.231354 -0.939682 0.314032 -0.938003 0.146745
26.831199 -53.882061 22875.144127 -1120.438159 0.924544 0.308654 -0.223499 -0.171740 -0.186077 -0.967409 0.340182 -0.932796 0.119028
9.157831 -47.742537 15526.512629 1764.727871 0.893836 0.255983 -0.368144 -0.402450 0.095970 -0.910398 0.197715 -0.961906 -0.188802
33.638974 -49.251502 12974.034386 -960.851871 0.951170 0.180730 -0.250223 -0.241892 -0.067118 -0.967979 0.191737 -0.981240 0.020124
3.462826 -46.523250 3508.910019 416.030422 0.882367 -0.459702 0.100514 -0.083367 -0.362941 -0.928075 -0.463119 -0.810523 0.358571
-2.403707 -46.896814 2677.312857 -182.701212 0.872846 -0.483355 0.067134 -0.188165 -0.460292 -0.867597 -0.450259 -0.744647 0.492715
-5.361164 -42.519401 1878.481758 -7.730489 0.873700 -0.440352 0.206734 0.008410 -0.411235 -0.911490 -0.486393 -0.798107 0.355593
-10.884332 -42.625243 1256.248166 142.928235 0.866843 -0.462794 0.185487 -0.078053 -0.493406 -0.866290 -0.492434 -0.736459 0.463828
-11.643059 -39.513756 1189.525902 360.276585 0.855588 -0.428254 0.290805 0.081851 -0.442784 -0.892885 -0.511145 -0.787744 0.343787
-9.099479 -37.693776 435.382812 348.178560 0.837865 -0.410804 0.359475 0.205141 -0.373299 -0.904746 -0.505864 -0.831798 0.228502
-4.751428 -39.207678 686.862449 547.155389 0.849092 -0.414850 0.327020 0.192852 -0.332895 -0.923033 -0.491783 -0.846806 0.202653
-3.973782 -122.104981 289.072530 6599.163838 0.781365 -0.583103 -0.222396 -0.609282 -0.789892 -0.069621 0.135073 -0.189901 0.972467
-3.626297 -120.512386 403.317566 9372.192172 0.783790 -0.577596 -0.228159 -0.619947 -0.749361 -0.232646 0.036599 -0.323792 0.945420
-1.315973 -131.813249 704.687969 -6420.594710 0.768051 -0.595589 -0.235309 0.605931 0.794793 -0.033931 0.207232 -0.116520 0.971328
-3.679527 -123.791377 -12.560305 1239.091981 0.770971 -0.601508 -0.209267 0.582240 0.798849 -0.151120 0.258072 -0.005335 0.966111
1369.459353 -65.054795 518765.579506 5619.814710 -0.497741 0.843882 -0.200294 -0.576223 -0.494345 -0.650838 0.648245 0.208535 -0.732320
762.491632 -31.438461 312800.040694 1660.478282 -0.650394 0.707435 -0.276627 -0.413322 -0.635142 -0.652502 0.637301 0.310047 -0.705492
370.283421 -40.962935 166335.623539 -942.732335 -0.741624 0.655930 -0.140531 -0.420687 -0.617950 -0.664199 0.522509 0.433466 -0.734228
4020.872594 -70.215137 2149780.291610 -15868.242199 -0.053452 0.804210 -0.591937 -0.420898 -0.555698 -0.716969 0.905532 -0.210822 -0.368193
1851.497730 -63.334997 910948.009603 -7642.649779 -0.208629 0.837603 -0.504872 -0.551542 -0.527075 -0.646524 0.807636 -0.143574 -0.571936
4402.770130 -115.112140 2532318.307950 -46319.263196 0.202942 0.751723 -0.627476 -0.423140 -0.510565 -0.748516 0.883044 -0.417416 -0.214469
368.642085 -37.855773 205692.933626 -2979.284450 -0.713090 0.699389 -0.048557 -0.544552 -0.596178 -0.589945 0.441550 0.394242 -0.805982
2.312679 -35.912891 -2086.402953 695.973024 0.782485 -0.620970 0.045969 0.485959 0.655178 0.578434 0.389308 0.430277 -0.814433
8.746692 -34.507551 -3559.641356 -242.739068 0.772911 -0.634123 0.022308 0.459805 0.583975 0.668994 0.437252 0.506815 -0.742933
-0.910054 -37.129723 -1217.192012 206.557827 0.777598 -0.626115 0.057638 0.474018 0.643981 0.600496 0.413097 0.439623 -0.797548
-3.279029 -39.309274 505.592263 1109.996691 -0.788366 0.609174 -0.085938 0.497199 0.713164 0.494156 0.362315 0.346848 -0.865115
-4.560434 -38.863824 -81.422858 715.093345 -0.781657 0.614877 -0.104591 0.484623 0.704310 0.518738 0.392624 0.354788 -0.848512
-3.711973 -37.614908 -317.159208 -212.468717 0.766615 -0.638006 0.072454 0.464835 0.629269 0.622855 0.442978 0.443811 -0.778975
-12.246179 -86.602100 -86.965343 2936.123859 0.797819 -0.601577 0.039869 0.152957 0.265932 0.951780 0.583171 0.753250 -0.304181
-11.603355 -81.687475 -184.941589 1827.941923 0.827515 -0.558867 0.053727 0.098091 0.238136 0.966266 0.552809 0.794329 -0.251881
-13.215062 -81.604144 159.777369 -607.950496 0.797876 -0.601617 0.038095 0.047357 0.125553 0.990956 0.600959 0.788856 -0.128666
-9.985518 -87.640758 -407.476982 3258.043551 0.834939 -0.546987 0.060679 0.179845 0.375388 0.909252 0.520127 0.748258 -0.411799
-12.417745 -83.382738 72.967321 498.971219 0.774402 -0.632465 0.017025 0.055989 0.095307 0.993872 0.630212 0.768703 -0.109217
-11.664274 -83.104003 -74.186041 2406.333957 0.771345 -0.635939 0.024659 0.128537 0.193619 0.972620 0.623302 0.747056 -0.231089
-11.064550 -88.260887 105.239726 4206.660636 0.770427 -0.636295 0.039631 0.221919 0.325937 0.918976 0.597657 0.699209 -0.392317
1.954041 -377.065821 -1608.712789 83009.893790 -0.078337 0.307919 0.948182 0.996830 0.010947 0.078801 0.013885 0.951350 -0.307801
0.274471 -232.806275 -1012.420394 54266.515558 0.038898 0.323027 0.945590 0.964753 -0.258618 0.048661 0.260266 0.910368 -0.321701
3.415268 -221.851341 2471.112483 54960.255839 0.048267 0.337739 0.940001 0.963538 -0.263714 0.045276 0.263183 0.903542 -0.338153
1.747015 -269.752762 1569.388863 44492.823926 0.023898 0.279866 0.959742 0.990027 -0.139946 0.016157 0.138834 0.949784 -0.280419
8.592049 -386.337261 -2474.452026 90343.226248 -0.031544 0.284205 0.958245 0.986469 -0.145466 0.075617 0.160883 0.947664 -0.275771
5.129630 -300.531201 -2039.805876 56981.578611 -0.053177 0.256156 0.965172 0.980875 0.194626 0.002389 -0.187236 0.946839 -0.261606
-3.122147 -350.819434 -1397.864489 59232.621472 -0.054149 0.228315 0.972080 0.886492 0.459040 -0.058434 -0.459565 0.858577 -0.227256
-4.589649 -250.958637 -1678.282466 34773.683233 -0.074466 0.291289 0.953733 0.990285 0.134222 0.036326 -0.117430 0.947172 -0.298454
27.125987 -59.186891 -1134.248088 -1345.256511 -0.269696 0.038494 0.962176 0.940605 -0.203453 0.271790 0.206220 0.978328 0.018663
30.451440 -57.575126 -2518.322222 -41.064714 -0.288788 0.078137 0.954199 0.883977 -0.360996 0.297096 0.367676 0.929288 0.035180
30.242402 -52.712943 2134.352042 -1271.434559 -0.372130 -0.032357 0.927617 0.894692 -0.278535 0.349206 0.247075 0.959881 0.132600
21.632504 -53.021509 2007.610077 -1918.909562 -0.302540 -0.074294 0.950237 0.950088 -0.103175 0.294426 0.076167 0.991885 0.101801
3.728383 -62.642408 2778.849316 1383.270525 -0.526583 0.824102 0.208726 0.663771 0.245166 0.706613 -0.531149 -0.510636 0.676115
9.787573 -63.677448 -1441.448973 1615.584303 0.555633 -0.799247 -0.229079 0.661806 0.258379 0.703742 -0.503275 -0.542628 0.672510
5.833409 -63.895427 1432.195931 -1119.006648 -0.534507 0.813660 0.228603 0.573476 0.150477 0.805283 -0.620828 -0.561528 0.547046
-3.121053 -63.314054 2559.081980 -1573.447892 -0.501820 0.831531 0.238187 0.570023 0.110802 0.814123 -0.650577 -0.544315 0.529595
-5.948346 -22.351034 -1633.847284 -1286.123690 -0.415490 -0.126033 0.900824 0.885561 0.170121 0.432251 -0.207727 0.977330 0.040927
-1.033748 -27.899628 127.506955 395.595332 -0.301183 -0.114411 0.946678 0.945307 0.094565 0.312175 -0.125238 0.988922 0.079672
-1.654440 -31.096383 -875.065742 574.634055 -0.543416 -0.140218 0.827670 0.817276 0.136813 0.559769 -0.191726 0.980623 0.040251
0.086937 -33.627123 -633.637285 2426.011157 0.746337 0.209933 -0.631593 0.600855 0.195647 0.775045 -0.286277 0.957941 -0.019879
-4.528564 -24.261401 -2266.031681 4032.205435 0.887168 0.251383 -0.386963 0.370326 0.112442 0.922071 -0.275304 0.961334 -0.006662
-8.741242 -17.141954 -6005.800999 -1089.854647 0.942074 0.257849 0.214503 -0.199479 -0.083400 0.976346 -0.269639 0.962579 0.027133
-5.059552 -64.653045 523.667062 -897.033839 0.891953 -0.452105 -0.004547 0.090084 0.187564 -0.978113 -0.443063 -0.872021 -0.208025
-3.454174 -63.333775 326.318031 -2188.877610 0.897104 -0.440973 -0.027313 -0.035921 -0.011182 -0.999292 -0.440356 -0.897450 0.025871
-4.478042 -60.681126 337.424885 -2208.697284 0.890880 -0.452069 -0.044355 -0.058060 -0.016481 -0.998177 -0.450514 -0.891831 0.040929
-12.603087 -35.061860 -825.852615 1077.783186 0.775618 -0.410232 0.479715 0.270021 -0.471305 -0.839619 -0.570530 -0.780757 0.254782
-10.537696 -31.767498 -2137.904637 1110.147040 0.739336 -0.435549 0.513496 0.334302 -0.424543 -0.841430 -0.584486 -0.793763 0.168275
-11.789328 -32.174103 -740.771906 1128.235759 0.746645 -0.385868 0.541874 0.384262 -0.414753 -0.824817 -0.543014 -0.824067 0.161399
29.784547 -460.056915 4287.096817 -84428.066663 0.785662 -0.604985 -0.129339 -0.043644 0.154342 -0.987053 -0.617115 -0.781135 -0.094857
36.569962 -641.378984 1559.752579 -169533.016021 0.710255 -0.696888 -0.099423 -0.297840 -0.169526 -0.939443 -0.637831 -0.696856 0.327967
21.846308 -212.207239 3261.430736 -26119.250771 0.794903 -0.599223 -0.095188 -0.279480 -0.222370 -0.934047 -0.538535 -0.769080 0.344233
35.932791 11.328476 107.436411 6245.041723 0.985312 -0.112923 0.128098 -0.170555 -0.687934 0.705448 -0.008461 0.716934 0.697089
34.510616 14.005148 -4459.716182 5171.265070 0.993985 0.041525 -0.101340 0.099491 -0.729166 0.677066 0.045779 0.683076 0.728911
40.782435 10.538061 -5.430645 -2097.320318 0.979110 0.019421 -0.202400 0.181278 -0.534234 0.825671 0.092094 0.845114 0.526594
12.865238 -25.161386 2996.533511 4145.273999 -0.455403 0.765241 -0.454988 -0.522016 0.184469 0.832749 -0.721185 -0.616747 -0.315460
3.587554 -15.279864 1054.994816 3470.145366 -0.537759 0.797691 -0.272954 -0.363606 0.072665 0.928715 -0.760662 -0.598672 -0.250969
7.993802 -13.957362 1802.770753 4316.737990 -0.432815 0.745255 -0.507214 -0.495471 0.273384 0.824482 -0.753113 -0.608158 -0.250927
18.790940 -23.383331 3477.495781 4486.957010 -0.408605 0.706275 -0.578116 -0.569580 0.297614 0.766162 -0.713176 -0.642341 -0.280674
0.111653 -33.709597 899.866069 -2561.243185 0.642563 0.143971 -0.752585 -0.129802 0.988446 0.078266 0.755158 0.047396 0.653827
26.973270 -36.865484 -7730.272949 -2707.455492 0.634744 0.471890 -0.611898 -0.304545 0.880551 0.363157 0.710178 -0.044162 0.702636
13.271907 -28.678673 4734.066052 -1127.766509 0.635857 -0.062159 -0.769300 0.070378 0.997269 -0.022408 0.768592 -0.039894 0.638495
12.966631 -33.699680 7697.451721 -1593.830317 0.619177 -0.346785 -0.704528 0.174613 0.935542 -0.307036 0.765591 0.067090 0.639820
27.756914 -34.700130 7654.665871 -859.825672 0.636576 -0.395327 -0.662184 0.261278 0.918399 -0.297114 0.725606 0.016121 0.687921
30.720790 -29.844907 7038.347409 456.388698 0.636307 -0.175712 -0.751158 0.200037 0.977991 -0.059321 0.745049 -0.112513 0.657452
-3.879798 -98.554142 -1909.609101 276.769666 0.959909 -0.275236 0.053097 -0.230533 -0.882915 -0.409043 -0.159464 -0.380404 0.910969
-1.290414 -88.190281 -1435.839308 42.511194 0.961642 -0.267826 0.059282 -0.198002 -0.827298 -0.525712 -0.189843 -0.493809 0.848594
-7.059951 -94.460095 -1751.238056 2628.925672 0.971915 -0.215115 0.095430 -0.102952 -0.753309 -0.649559 -0.211618 -0.621491 0.754299
550.730969 -30.561568 -130678.765933 2083.165072 0.977624 -0.168833 -0.125486 -0.210190 -0.807975 -0.550451 0.008455 -0.564510 0.825383
434.313544 -38.961910 -122111.432525 -2634.838398 0.959074 -0.143492 -0.244104 -0.258556 -0.795254 -0.548379 0.115437 -0.589050 0.799809
1169.948081 -38.069439 -303724.803800 -5922.193767 0.978703 -0.205163 -0.006958 -0.171295 -0.797525 -0.578457 -0.113129 -0.567329 0.815683
799.846475 -54.874136 -223030.902104 3900.157192 0.905630 0.040159 -0.422164 -0.221526 -0.804078 -0.551710 0.361609 -0.593166 0.719301
136.047365 -38.616424 -32651.037960 1896.108249 0.936368 -0.350652 -0.016061 -0.300599 -0.777401 -0.552528 -0.181259 -0.522198 0.833339
287.447649 -47.886699 -61236.223768 4295.746596 0.935799 -0.342108 -0.085106 -0.341572 -0.820145 -0.459010 -0.087232 -0.458611 0.884345
307.590737 -26.521023 -63351.151740 640.994294 0.959511 -0.078283 -0.270575 -0.207004 -0.847425 -0.488898 0.191020 -0.525113 0.829318
-1.849023 -162.468401 -2744.586685 -966.373401 0.429143 0.841615 0.327903 0.019193 0.354453 -0.934877 0.903033 -0.407489 -0.135957
-5.642013 -144.363605 -2467.812465 7831.934657 0.422542 0.843829 0.330772 -0.077891 0.397411 -0.914329 0.902990 -0.360579 -0.233649
-4.805332 -147.198401 -1943.286708 -573.121966 0.412616 0.846628 0.336110 0.151205 0.300206 -0.941814 0.898268 -0.439429 0.004145
-1.768101 -156.749204 -2265.402463 -6675.920312 0.416528 0.844331 0.337059 0.354361 0.190643 -0.915469 0.837217 -0.500759 0.219790
-0.248147 -64.943651 -133.426984 2044.050629 0.927334 -0.153635 0.341245 0.374126 0.358542 -0.855265 -0.009048 -0.920784 -0.389967
-0.838856 -69.621438 -235.438770 4811.119370 0.922939 -0.161422 0.349467 0.378629 0.216859 -0.899785 -0.069460 -0.962764 -0.261267
1.043389 -66.528110 -101.887352 2328.715457 0.920421 -0.151710 0.360289 0.390905 0.347306 -0.852392 -0.004186 -0.925399 -0.378972
-2.264095 -71.543984 -11.757624 5680.732045 0.939602 -0.149586 0.307852 0.336778 0.243578 -0.909533 -0.061067 -0.958276 -0.279244
1.086645 -68.834965 -126.012020 -3648.128479 0.930403 -0.146002 0.336206 0.364180 0.472113 -0.802796 0.041517 -0.869363 -0.492426
0.220191 -67.874021 -183.787219 -4567.855290 0.929435 -0.154810 0.334939 0.367510 0.469501 -0.802811 0.032971 -0.869254 -0.493265
-0.909856 -64.212502 -107.817950 1829.285522 0.934303 -0.150976 0.322930 0.356317 0.368186 -0.858765 -0.010755 -0.917412 -0.397793
-3.641264 -82.022547 804.143557 2720.261763 0.931871 -0.340049 0.126422 -0.344095 -0.718035 0.605000 0.114954 0.607283 0.786125
-3.192836 -79.113901 863.113176 963.239128 0.939151 -0.324566 0.112484 -0.337576 -0.811476 0.477021 0.063547 0.485967 0.871664
-1.027543 -87.025476 681.982471 3585.543356 0.925582 -0.356354 0.127708 -0.361530 -0.732141 0.577292 0.112220 0.580501 0.806489
-6.726689 -78.803475 922.893081 1869.896999 0.934661 -0.327907 0.137425 -0.342421 -0.726179 0.596165 0.095691 0.604270 0.791013
-3.769942 -89.801993 604.982481 6017.939505 0.919732 -0.360578 0.155168 -0.359449 -0.614728 0.702073 0.157765 0.701494 0.694994
-7.027900 -85.352263 710.864748 4189.479928 0.924913 -0.342898 0.164188 -0.351564 -0.607044 0.712671 0.144704 0.716881 0.682013
-3.438697 -149.443081 1497.568533 -18665.454367 0.254724 0.854663 0.452400 0.698904 -0.486037 0.524691 -0.668317 -0.182533 0.721133
-0.185866 -112.281287 2166.467629 -8519.823929 0.297615 0.832559 0.467196 0.539606 -0.550400 0.637091 -0.787560 -0.062494 0.613061
-8.598295 -119.518187 628.759253 -4402.831282 0.231186 0.885273 0.403540 0.510416 -0.463474 0.724340 -0.828269 -0.038516 0.559006
-4.965792 -146.574923 -977.712370 4639.866910 0.181359 0.898039 0.400793 0.611236 -0.422204 0.669429 -0.770389 -0.123573 0.625484
-6.926660 -159.637840 -1571.143582 13953.097890 0.152414 0.916243 0.370497 0.381174 -0.400370 0.833313 -0.911853 -0.014215 0.410270
-11.601862 -158.901429 -55.994922 18763.487314 0.195596 0.921623 0.335191 0.326923 -0.383519 0.863733 -0.924588 0.059361 0.376315
15.510586 -417.324156 8593.765777 21497.299434 -0.216222 -0.862220 -0.458066 0.974585 -0.218754 -0.048275 -0.058580 -0.456863 0.887606
48.827335 -590.960384 12718.226744 78500.651761 -0.201914 -0.882152 -0.425487 0.979230 -0.190000 -0.070769 -0.018414 -0.430939 0.902193
57.331112 -447.690995 10913.303176 -28799.920576 -0.252877 -0.847798 -0.466145 0.919360 -0.060481 -0.388741 0.301381 -0.526859 0.794726
5.165823 -692.435199 6589.827659 -196291.222451 -0.358080 -0.837058 -0.413657 0.904048 -0.200081 -0.377709 0.233400 -0.509216 0.828386
6.953808 -294.387322 148.678755 -30192.226324 -0.315007 -0.839949 -0.441878 0.947498 -0.251369 -0.197637 0.054931 -0.480935 0.875033
-6.062977 -457.134851 3944.495333 -17849.873542 -0.250388 -0.865151 -0.434534 0.926777 -0.343990 0.150849 -0.279982 -0.364945 0.887933
25.020317 -430.433403 8604.236972 -55107.849452 -0.333310 -0.810275 -0.482036 0.896647 -0.114391 -0.427714 0.291425 -0.574777 0.764658
16.327620 -764.963046 -3647.761173 213462.298267 0.087265 0.923124 0.374468 0.874483 -0.251031 0.415045 -0.477142 -0.291247 0.829163
-81.429439 -2085.806842 44521.902965 9093018.477539 0.029425 0.952401 0.303425 0.801089 -0.204021 0.562701 -0.597822 -0.226513 0.768961
-282.994059 -3455.531795 152456.785218 -2038725.194367 -0.189569 0.960400 0.204193 -0.898793 -0.253455 0.357676 -0.395266 0.115723 -0.911248
-230.414332 -5586.892244 74225.014386 7446186.501131 -0.075011 0.959901 0.270119 -0.897026 -0.183275 0.402188 -0.435567 0.212135 -0.874803
-5400.152744 -34844.428774 122429572.802153 8885475.609161 0.039570 -0.378820 0.924624 -0.281919 0.883522 0.374045 -0.958622 -0.275471 -0.071835
-483.735008 -8032.327348 -105834.094033 -3753048.290709 -0.101033 -0.841430 -0.530838 0.881532 0.171626 -0.439824 0.461187 -0.512387 0.724408
-806.395912 -11704.593179 185728.533463 35488865.482535 -0.091348 0.955304 0.281160 -0.286657 0.245164 -0.926133 0.953668 0.165196 -0.251449
-11.317144 -1765.636481 1527.143850 449539.068222 0.541884 -0.581310 -0.606993 0.719676 -0.052078 0.692355 -0.434084 -0.812014 0.390135
-3.215215 -455.183825 2640.075254 60339.296491 0.562495 -0.487262 -0.667964 0.761286 -0.009951 0.648340 -0.322558 -0.873199 0.365348
1.017815 -1632.261705 10511.705436 -259597.465396 0.570144 -0.548078 -0.612002 -0.495557 0.364722 -0.788290 -0.655255 -0.752720 0.063660
-48.579611 -73.163793 903.277586 -3750.997544 0.841176 -0.420391 0.340138 0.079982 -0.525359 -0.847113 -0.534814 -0.739776 0.408296
-34.559741 -70.921889 3358.784298 -602.752503 0.910117 -0.314959 0.269235 0.109269 -0.444339 -0.889170 -0.399684 -0.838668 0.369985
-46.460816 -62.289677 -311.890750 -4984.184659 0.743482 -0.662354 0.092314 -0.286826 -0.440522 -0.850689 -0.604123 -0.605994 0.517500
81.424720 -103.034035 -6869.522853 -11257.120413 0.924527 0.274978 0.263889 0.372692 -0.507524 -0.776865 0.079691 -0.816582 0.571702
48.072918 -74.408014 3842.835247 -193.249817 0.928882 0.329583 0.168979 0.349242 -0.627496 -0.695902 0.123324 -0.705425 0.697973
61.527147 -97.424037 10198.655466 -11950.797449 0.854657 0.499090 0.143078 0.423232 -0.510095 -0.748784 0.300727 -0.700509 0.647187
73.991397 -127.498032 8796.154853 -16711.312260 0.861251 0.475739 0.178658 0.355319 -0.312403 -0.880995 0.363311 -0.822239 0.438096
-41.841726 -74.317381 6489.983474 877.662951 0.435671 0.191596 -0.879478 0.890157 -0.236585 0.389420 -0.133459 -0.952533 -0.273624
12.163555 -58.138371 -1307.854400 8039.958363 -0.743565 0.666285 0.056338 0.483798 0.594240 -0.642509 0.461573 0.450491 0.764204
13.722704 -70.608004 1289.031680 4352.202037 0.763839 -0.641737 -0.068729 0.526773 0.681419 -0.508112 0.372907 0.351911 0.858545
13.584632 -64.701244 535.885600 -10399.397406 0.755498 -0.655135 0.004549 -0.505991 -0.579067 0.639261 0.416168 0.485262 0.768976
9.448645 -65.491620 1036.054659 4018.735833 0.758786 -0.643456 -0.101031 0.504295 0.678543 -0.534103 0.412226 0.354321 0.839361
11.677129 -48.353566 696.818898 -8408.377965 0.729620 -0.683514 0.021514 -0.481119 -0.490707 0.726451 0.485983 0.540384 0.686882
9.777519 -47.484911 -1021.868583 4705.095313 -0.739520 0.670566 0.058756 0.431949 0.539682 -0.722609 0.516266 0.509004 0.688756
8.410938 -55.337085 -648.780828 6263.319260 -0.753589 0.651291 0.089021 0.445841 0.605923 -0.658849 0.483042 0.456812 0.746989
-0.254059 -129.823653 846.074530 9909.661351 0.771046 -0.588992 -0.242026 -0.633784 -0.746653 -0.202059 0.061698 -0.309189 0.948997
-2.748661 -110.680342 397.314571 5255.708528 0.783099 -0.581351 -0.220878 -0.616238 -0.677575 -0.401427 -0.083708 -0.450470 0.888858
9330.021438 -312.637387 5562297.759410 -56052.748240 0.002554 0.679641 -0.733541 -0.452363 -0.653413 -0.606976 0.891830 -0.333377 -0.305776
13242.334822 -215.498750 5514536.024580 12113.293211 -0.653562 0.654086 -0.380825 0.321723 0.695518 0.642455 0.685092 0.297365 -0.664999
11.652344 -34.492202 -3117.446555 462.687145 0.738473 -0.674203 0.010368 0.506520 0.564823 0.651470 0.445079 0.475841 -0.758604
-12.115662 -103.424887 -880.970941 9134.029942 0.843228 -0.508103 0.175493 0.533906 0.753637 -0.383373 -0.062535 -0.416967 -0.906768
-13.190516 -118.535531 453.359895 7503.730940 0.861438 -0.460177 0.214852 0.492889 0.655570 -0.572091 -0.122413 -0.598719 -0.791549
-12.808195 -112.212541 -1548.829647 3822.426265 0.859271 -0.493976 0.132818 0.457112 0.625005 -0.632785 -0.229568 -0.604447 -0.762851
-12.288689 -79.083246 -244.039815 270.054456 0.834900 -0.547694 0.054523 0.014441 0.120824 0.992569 0.550212 0.827909 -0.108785
5.862502 -129.153501 -1921.886252 -6627.407566 0.005152 0.308555 0.951193 0.878260 -0.456226 0.143237 0.478155 0.834657 -0.273342
-1.297074 -144.130682 -155.975244 1512.037662 0.002442 0.276521 0.961005 0.888623 -0.441351 0.124737 0.458632 0.853666 -0.246801
33.510672 -52.361570 -177.779265 2074.768565 -0.389779 0.035952 0.920206 0.796415 -0.488548 0.356431 0.462379 0.871796 0.161794
28.855683 -58.677525 -4485.612868 2837.138921 -0.231241 0.149665 0.961316 0.786149 -0.553356 0.275256 0.573146 0.819388 0.010300
67.823729 -715.471764 -6898.317252 -87740.256760 0.017609 -0.171280 -0.985065 0.552891 0.822548 -0.133138 0.833068 -0.542289 0.109183
46.732703 -429.052457 5712.401560 -67505.534874 -0.206368 -0.104646 -0.972863 0.377041 0.908979 -0.177754 0.902913 -0.403492 -0.148128
50.029680 -289.085414 4806.466515 28092.343926 -0.130938 0.016063 -0.991260 0.715675 0.693449 -0.083299 0.686050 -0.720327 -0.102295
9.830593 -55.982894 -2831.454190 4462.018725 0.564401 -0.803189 -0.190628 0.736658 0.385831 0.555401 -0.372542 -0.453896 0.809439
0.585403 -29.986362 1054.978744 1989.776924 -0.453619 -0.141876 0.879830 0.884653 0.047724 0.463801 -0.107791 0.988733 0.103863
-22.795221 -29.392641 -727.131115 438.523977 0.352581 0.224774 -0.908385 0.915711 -0.282842 0.285437 -0.192771 -0.932458 -0.305552
-21.430884 -24.756916 -143.043232 2475.197648 0.459204 0.228066 -0.858556 0.881299 -0.238330 0.408058 -0.111556 -0.944026 -0.310436
-18.338066 -25.033100 -2264.188259 1025.302849 -0.079799 0.258249 -0.962777 0.986449 -0.118445 -0.113532 -0.143355 -0.958790 -0.245298
-21.237744 -27.790875 -1768.656182 -1343.742651 0.040835 0.248308 -0.967820 0.962358 -0.270261 -0.028734 -0.268699 -0.930216 -0.249997
-23.723460 -29.971577 -190.910623 1465.071792 0.932976 0.084173 -0.349957 -0.315426 0.659545 -0.682281 -0.173382 -0.746938 -0.641890
-21.477965 -27.263282 -1741.347829 1316.968556 0.955262 -0.178942 -0.235485 -0.053825 0.677727 -0.733341 -0.290820 -0.713208 -0.637776
-22.193433 -26.309773 -2032.280406 209.168327 0.961718 -0.232430 -0.145172 0.059207 0.693464 -0.718054 -0.267569 -0.681971 -0.680678
-24.431482 -28.588608 -284.660008 986.141190 0.964932 0.052720 -0.257150 -0.218218 0.705584 -0.674190 -0.145897 -0.706663 -0.692345
-22.557388 -26.658134 -1339.559573 -404.031734 0.947970 -0.318156 0.011418 0.238307 0.685358 -0.688110 -0.211101 -0.655028 -0.725517
-14.731129 -25.776358 -2932.236874 -784.002955 0.879655 -0.474322 0.035002 0.361269 0.618498 -0.697815 -0.309340 -0.626481 -0.715423
-5.641123 -35.645469 1436.552660 3562.395291 -0.595662 0.767234 -0.237778 -0.711727 -0.641366 -0.286522 0.372332 0.001437 -0.928098
-12.254014 -33.020033 3035.645127 624.746891 -0.677566 0.688222 -0.259335 0.587382 0.718583 0.372318 0.442592 0.099941 -0.891137
-15.253716 -41.503748 3594.215925 -135.691596 -0.571891 0.802159 -0.171703 -0.746015 -0.595615 -0.297831 0.341177 0.042234 -0.939050
-7.967322 -36.727840 3468.213039 -709.066259 -0.545379 0.827685 -0.132288 -0.781493 -0.559175 -0.276753 0.303036 0.047553 -0.951792
-49.383261 -69.074021 490.815493 2296.179718 0.592057 0.728777 -0.344024 0.764973 -0.373912 0.524411 0.253544 -0.573650 -0.778872
-52.366835 -73.472523 1013.737498 4207.307614 0.549671 0.689695 -0.471362 0.800496 -0.273506 0.533292 0.238888 -0.670458 -0.702437
-53.303262 -74.007302 1432.749891 -2615.928274 0.415522 0.769434 -0.485091 0.908657 -0.327079 0.259541 0.041036 -0.548627 -0.835060
-37.644054 -55.320234 8275.729214 -3050.758604 0.892925 0.403328 0.200028 -0.109854 0.626069 -0.771991 0.436597 -0.667356 -0.603340
-37.780886 -59.099448 3644.573223 -5035.273445 0.780713 0.624875 -0.004382 -0.447108 0.553687 -0.702514 0.436557 -0.550421 -0.711657
-43.829601 -71.045563 1441.626249 -142.617803 0.576271 0.776165 -0.255888 0.773144 -0.416274 0.478503 0.264878 -0.473585 -0.839974
14.939689 -42.352677 -6363.796196 -1432.489176 0.594074 0.531562 -0.603753 -0.437782 0.843315 0.311715 0.674850 0.079130 0.733700
45.739670 -44.912770 -10673.454152 -1796.991116 0.546125 0.640861 -0.539485 -0.466708 0.767565 0.439349 0.695652 0.011842 0.718282
59.123227 -41.023233 -13463.085935 -2387.051712 0.579649 0.598752 -0.552723 -0.356093 0.796230 0.489097 0.732942 -0.086684 0.674745
3.110166 -57.247938 895.847608 -310.237382 0.830667 -0.550536 0.083083 0.082214 0.268872 0.959661 0.550666 0.790328 -0.268605
5.814789 -58.125565 800.942417 163.810833 0.836362 -0.541417 0.085827 -0.006966 0.146059 0.989251 0.548133 0.827970 -0.118387
5.083941 -56.604038 668.031721 -459.444996 0.840966 -0.531849 0.099563 0.091807 0.321588 0.942418 0.533242 0.783401 -0.319273
-17.966239 -113.397156 563.817219 1537.439414 0.966873 -0.069487 0.245617 0.204286 0.787584 -0.581360 0.153047 -0.612277 -0.775689
-15.295655 -112.774512 1102.941955 11288.953411 0.953398 -0.078299 0.291379 0.166868 0.941435 -0.293012 0.251372 -0.327978 -0.910627
-17.648601 -118.152270 1880.151841 2750.818159 0.951484 -0.000419 0.307698 0.187537 0.793589 -0.578832 0.243943 -0.608454 -0.755166
-16.453203 -107.713696 -1855.299628 5150.584523 0.974605 -0.147252 0.168705 0.212655 0.844657 -0.491256 0.070160 -0.514656 -0.854521
-18.941492 -114.121195 402.237923 -8664.726891 0.972719 -0.057871 0.224653 0.219233 0.545973 -0.808610 0.075860 -0.835801 -0.543766
-18.768773 -110.112133 -1614.625751 -5132.806446 0.975587 -0.144586 0.165300 0.219394 0.608176 -0.762881 -0.009770 -0.780523 -0.625050
-3.417238 -146.083858 -2531.347668 10266.207382 0.422434 0.844654 0.328799 -0.266318 0.462409 -0.845726 0.866386 -0.269698 -0.420284
-7.487374 -142.495394 47.301265 9850.914098 0.353001 0.867441 0.350624 -0.239967 0.446153 -0.862185 0.904326 -0.220214 -0.365649
1.310759 -70.385388 -402.910251 3931.566582 0.912756 -0.164864 0.373760 0.400620 0.182365 -0.897912 -0.079873 -0.969311 -0.232502
-0.315532 -84.039685 624.479236 574.037139 0.937136 -0.330068 0.113275 -0.344798 -0.825803 0.446278 0.053759 0.457280 0.887697
-7.061386 -74.935444 1070.050566 83.853609 0.943868 -0.309177 0.116286 -0.327059 -0.825360 0.460232 0.046316 0.472430 0.880150
0.520288 -149.835519 607.231237 -17692.601836 0.271438 0.819964 0.503964 0.748590 -0.508974 0.424921 -0.604925 -0.261923 0.751972
7.222473 -156.630409 2089.815827 -30940.879788 0.254060 0.844146 0.472093 0.587646 -0.522409 0.617869 -0.768196 -0.120448 0.628782
8.087442 -94.977655 3022.422661 -9124.935360 0.312946 0.818548 0.481710 0.401707 -0.573661 0.713824 -0.860637 0.029882 0.508341
1.462768 -147.859274 543.490910 -19715.673220 0.255052 0.835843 0.486122 0.703296 -0.505382 0.499963 -0.663568 -0.214372 0.716744
99.885963 -589.875986 18157.178989 95139.992309 -0.133231 -0.934365 -0.330472 0.932266 -0.004990 -0.361738 0.336347 -0.356283 0.871742
16.516188 -299.629501 2694.860109 52504.410363 0.962205 -0.247383 0.113857 -0.156563 -0.844602 -0.511992 -0.222822 -0.474815 0.851411
23.107023 -364.005037 -273.053317 84767.170642 0.941432 -0.262204 0.212025 -0.091772 -0.804274 -0.587130 -0.324474 -0.533285 0.781232
23.254365 -422.906946 2665.349523 -84434.819234 0.926792 -0.321360 0.194379 0.294568 0.943041 0.154610 -0.232993 -0.086034 0.968665
14.200389 -352.408000 3326.388822 -66111.078918 0.948416 -0.289135 0.130036 0.261977 0.945752 0.192151 -0.178539 -0.148173 0.972712
10.057179 -316.428047 -4102.363953 43558.151700 0.460754 -0.625627 -0.629521 0.883843 0.388013 0.261282 0.080797 -0.676784 0.731734
6.698515 -247.934698 4900.849525 42324.026454 0.455601 -0.403482 -0.793492 0.855268 0.445604 0.264486 0.246868 -0.799149 0.548103
-1.532444 -194.563941 4647.667355 8890.627623 0.493896 -0.438634 -0.750778 0.857185 0.100690 0.505069 -0.145945 -0.893007 0.425721
-15.292805 -524.974793 2706.883640 -137739.242543 0.698144 -0.506455 -0.506062 -0.536030 0.098830 -0.838394 -0.474623 -0.856584 0.202477
-51.088042 -77.321279 345.670344 -96.790571 0.844768 -0.411468 0.342143 0.202825 -0.345466 -0.916251 -0.495206 -0.843414 0.208383
-49.473013 -71.014324 -929.965931 -3703.980344 0.748768 -0.643204 0.160109 -0.113434 -0.362336 -0.925119 -0.653054 -0.674538 0.344267
-51.489490 -75.357874 -928.980723 -1758.177638 0.806951 -0.533217 0.253988 0.066635 -0.345098 -0.936198 -0.586848 -0.772391 0.242946
15.575896 -54.830708 6981.278902 443.251851 0.916436 0.400180 0.000736 0.348990 -0.798305 -0.490831 0.195833 -0.450073 0.871254
30.184693 -62.533057 15544.821454 -2755.090156 0.820947 0.570908 0.010434 0.436588 -0.615813 -0.655869 0.368016 -0.542990 0.754802
36.519488 -68.479567 3269.354079 4539.638215 0.946656 0.298778 0.120720 0.307646 -0.726473 -0.614485 0.095895 -0.618845 0.779638
-56.335114 -66.812312 3660.494762 7722.779017 0.699493 -0.100505 -0.707537 0.704562 0.262667 0.659241 0.119590 -0.959638 0.254545
-26.540733 -56.435295 16352.812644 -1108.019519 0.957463 0.264711 -0.114862 -0.018061 -0.342300 -0.939417 0.287992 -0.901531 0.322958
20.651444 -51.150163 20362.760360 -445.175013 0.938345 0.304558 -0.163562 -0.058315 -0.326906 -0.943256 0.340746 -0.894638 0.288990
6.298566 -32.374954 -7095.914684 1366.070443 0.959533 0.278903 0.038857 -0.037374 -0.010632 0.999245 -0.279105 0.960260 -0.000222
3.058212 -29.948325 -6920.310395 -3913.851922 0.845784 0.250483 0.471071 -0.427100 -0.211272 0.879176 -0.319743 0.944787 0.071709
25.404043 -51.014118 -5386.327408 4270.787164 0.964306 0.217252 -0.151377 0.121344 0.145549 0.981881 -0.235349 0.965203 -0.113992
31.619251 -56.410994 -5032.514280 -384.850611 0.985074 0.142314 0.096829 -0.096729 -0.007641 0.995281 -0.142383 0.989792 -0.006239
9.294873 -38.848566 -4323.601615 5477.222718 0.895078 0.270279 -0.354661 0.313266 0.184874 0.931497 -0.317332 0.944865 -0.080808
14.884416 -77.800074 350.113200 -4424.734706 0.780564 -0.624927 -0.013598 -0.538872 -0.683783 0.491993 0.316758 0.376705 0.870493
14.287246 -76.428998 1339.134437 -2352.950264 0.782710 -0.617393 -0.078680 0.564883 0.757767 -0.326644 0.261289 0.211223 0.941867
10.435604 -71.028491 1497.525976 -637.817322 0.767281 -0.630938 -0.114876 0.561454 0.747438 -0.355114 0.309917 0.207974 0.927738
2.260650 -169.097983 1869.255815 -15925.355894 0.757453 -0.592592 -0.274043 0.614628 0.788787 -0.006848 0.220219 -0.163247 0.961693
1.153710 -151.452334 1433.628985 -5138.204494 0.751200 -0.610410 -0.251193 0.556740 0.790363 -0.255667 0.354595 0.052208 0.933561
-15.061637 -46.200628 3036.020053 -822.519340 0.742551 -0.668127 0.047161 0.669789 0.740630 -0.053375 -0.000733 -0.071221 -0.997460
-10.839202 -46.986285 -1120.806479 224.588911 -0.727207 0.684937 -0.045068 0.679120 0.727471 0.097882 0.099828 0.040574 -0.994177
-10.939117 -46.700070 1921.112662 -811.576275 0.759750 -0.646113 0.072924 0.649003 0.760394 -0.024401 0.039685 -0.065867 -0.997039
-9.958616 -46.978822 206.494666 40.441193 -0.696817 0.717246 -0.001959 -0.714114 -0.694024 -0.091497 0.066986 0.062358 -0.995803
-12.749064 -45.200670 2856.490099 -1106.518867 0.752797 -0.653610 0.078043 0.654999 0.732019 -0.187413 -0.065367 -0.192202 -0.979176
-16.806877 -44.223553 3276.391344 -893.658860 0.737144 -0.673974 0.048767 0.666746 0.713707 -0.214645 -0.109859 -0.190739 -0.975474
-11.420481 -45.812570 1233.077874 927.227297 -0.697110 0.716950 0.004443 -0.714506 -0.695219 0.078436 -0.059324 -0.051504 -0.996909
3.644384 -36.790346 -2097.117183 776.298686 0.763318 -0.645454 0.027110 0.525833 0.645137 0.554345 0.375294 0.408886 -0.831845
16.786320 -34.871441 -4090.445840 258.204310 0.719823 -0.694118 0.007367 0.541072 0.567694 0.620455 0.434852 0.442632 -0.784207
-1.696156 -39.380924 -1005.621198 1396.558517 0.788642 -0.611177 0.067127 0.513587 0.714840 0.474586 0.338042 0.339803 -0.877646
-0.569904 -40.663607 -1365.810457 1592.461456 0.776498 -0.628631 0.043293 0.546612 0.706180 0.450028 0.313474 0.325781 -0.891965
4.056384 -37.261376 -2095.576612 546.261982 0.742302 -0.670015 0.008207 0.567155 0.634772 0.524786 0.356824 0.384895 -0.851195
-13.131479 -81.148454 295.217357 -189.723413 0.768352 -0.640004 0.005458 -0.050015 -0.051539 0.997418 0.638070 0.766641 0.071610
15.842516 -146.011092 -5362.982679 515.288448 -0.011281 0.339682 0.940473 0.937102 -0.324556 0.128465 0.348873 0.882768 -0.314656
36.199511 -58.628798 6630.463070 -2450.937167 0.193906 -0.205604 -0.959233 -0.655439 0.700377 -0.282615 0.729931 0.683520 0.001047
46.095489 -68.430345 9118.799339 3829.970399 0.164963 -0.274671 -0.947282 -0.554554 0.768418 -0.319380 0.815633 0.578005 -0.025560
51.590117 -57.704216 3544.983116 1255.422862 0.366125 -0.206986 -0.907254 -0.552149 0.736460 -0.390842 0.749055 0.644036 0.155349
51.501576 -48.004663 3702.544176 203.132292 -0.556354 0.062154 0.828618 0.567344 -0.700174 0.433448 0.607117 0.711262 0.354281
42.518180 -53.641708 -2103.970595 3261.266988 -0.379315 0.114022 0.918215 0.661548 -0.660396 0.355292 0.646896 0.742211 0.175067
-1.606415 -55.716967 -3540.456508 4162.452271 0.523942 -0.830398 -0.189536 0.744663 0.338561 0.575199 -0.413474 -0.442511 0.795753
1.580072 -44.085545 -4157.366149 5364.072922 0.564343 -0.811158 -0.153428 0.769479 0.449534 0.453675 -0.299031 -0.374088 0.877860
-4.793757 -64.319267 724.593440 1099.088747 0.877829 -0.475480 0.057745 0.343172 0.540249 -0.768352 -0.334139 -0.694298 -0.637418
-5.936375 -57.344322 496.898214 1137.617240 0.849819 -0.522254 0.071129 0.443717 0.636039 -0.631323 -0.284470 -0.568071 -0.772251
-3.971609 -58.958561 588.692399 1021.226870 0.861063 -0.502432 0.078304 0.438978 0.656754 -0.613165 -0.256647 -0.562348 -0.786064
-21.508462 -28.250183 988.602990 -2773.392904 0.858117 0.106719 -0.502241 -0.503954 0.362341 -0.784053 -0.098310 -0.925916 -0.364712
-18.369705 -19.886646 3730.740463 -1620.703982 0.992362 -0.078278 0.095340 0.114393 0.294695 -0.948720 -0.046168 -0.952380 -0.301398
-14.243805 -20.083124 -3466.783496 1646.979819 -0.472816 0.252305 -0.844267 0.878315 0.057989 -0.474553 -0.070774 -0.965909 -0.249021
-6.450968 -37.090543 -6066.721805 -4155.161446 -0.695736 0.495523 -0.520008 0.368951 0.867676 0.333188 0.616301 0.039953 -0.786497
-54.867531 -77.497729 444.525682 -2165.286060 0.402404 0.692479 -0.598785 0.915456 -0.306682 0.260549 -0.003212 -0.653008 -0.757344
-3.668529 -36.835720 5638.947296 -2104.653013 0.634891 -0.185294 -0.750053 0.014669 0.973531 -0.228085 0.772463 0.133807 0.620804
14.628924 -36.856628 6227.088357 -1288.744177 0.650925 -0.412842 -0.637070 0.118939 0.884295 -0.451527 0.749767 0.218138 0.624712
26.007222 -35.499717 4577.653952 -1283.030851 0.692594 -0.456989 -0.558099 0.217497 0.870006 -0.442476 0.687756 0.185072 0.701954
-2.688055 -67.952724 483.301215 1433.036870 0.935437 -0.312931 0.164415 0.341908 0.919059 -0.196033 0.089762 -0.239591 -0.966716
-1.865150 -70.745513 110.263078 1257.561878 0.937365 -0.305395 0.167573 0.336726 0.917588 -0.211302 0.089233 -0.254493 -0.962949
-2.675165 -69.547206 504.809655 -302.980025 0.947408 -0.280804 0.153519 0.320019 0.835010 -0.447600 0.002502 -0.473189 -0.880957
-1.191418 -64.813247 -180.897956 2559.312718 -0.925819 0.336276 -0.172563 0.333516 0.941639 0.045640 0.177840 -0.015298 -0.983941
-4.083029 -65.720010 588.595302 -131.236893 0.947707 -0.286519 0.140567 0.319134 0.847545 -0.424053 -0.002362 -0.446738 -0.894662
-4.383676 -64.162218 523.004549 1282.585763 0.934363 -0.321893 0.152808 0.346506 0.920795 -0.179081 0.083060 -0.220275 -0.971895
-2.323778 -61.732083 -509.308528 2344.816424 -0.921137 0.350225 -0.169850 0.345493 0.936649 0.057647 0.179279 -0.005582 -0.983782
-16.418107 -113.638047 678.795102 9614.643107 0.950413 -0.028010 0.309726 0.131417 0.938816 -0.318362 0.281858 -0.343278 -0.895944
-12.586652 -89.845694 -306.717666 10409.572165 -0.951049 0.114175 -0.287175 0.130531 0.990700 -0.038399 0.280120 -0.074005 -0.957108
-12.512496 -97.682601 -656.487164 9746.707331 0.959011 -0.166479 0.229311 0.213904 0.956061 -0.200479 0.185859 -0.241312 -0.952483
30.026171 -35.196166 -9437.544568 1391.538624 0.925054 -0.377119 -0.045341 -0.316364 -0.698903 -0.641442 -0.210211 -0.607713 0.765830
-8.684250 -21.651002 1330.824146 1281.959634 0.881305 -0.415701 0.224709 -0.271349 -0.055875 0.960858 0.386874 0.907783 0.162043
-7.801850 -27.293504 1400.696429 1722.844616 0.861994 -0.418360 0.286255 -0.295761 0.043551 0.954269 0.411695 0.907236 0.086194
-12.567590 -23.287821 1019.821211 856.267632 0.764391 -0.400365 0.505385 -0.523857 0.071305 0.848817 0.375873 0.913577 0.155230
-4.079359 -26.535571 1012.769807 1160.414529 0.880232 -0.433978 0.191975 -0.219905 -0.014546 0.975413 0.420515 0.900806 0.108238
-4.490881 -21.217573 819.858544 868.456579 0.908271 -0.413663 0.062660 -0.135322 -0.148743 0.979573 0.395893 0.898197 0.191077
-1.611599 -98.107771 547.491452 6175.309893 0.909236 -0.385365 0.157429 -0.377438 -0.603654 0.702241 0.175587 0.697923 0.694315
-4.500017 -153.352175 748.303972 -10565.261777 0.228472 0.865087 0.446570 0.804828 -0.425924 0.413329 -0.547770 -0.264977 0.793558
-1.916393 -211.409666 -1123.056366 -27376.856877 -0.227938 -0.851062 -0.473010 0.902144 -0.367360 0.226237 -0.366306 -0.375155 0.851515
53.519705 -31.479545 -13538.093708 952.302876 -0.840244 -0.048053 -0.540075 0.221710 0.878538 -0.423102 0.494808 -0.475249 -0.727533
27.641477 -29.600551 -12179.951842 517.933058 -0.844311 -0.156027 -0.512634 0.065620 0.919364 -0.387897 0.531820 -0.361145 -0.765991
47.505823 -27.356658 1091.930789 -1014.878380 0.927221 -0.051646 0.370937 0.200639 0.904823 -0.375553 0.316237 -0.422645 -0.849333
28.522540 -26.243291 -3540.540375 -625.442986 -0.931233 0.003552 -0.364407 0.125827 0.941590 -0.312372 0.342013 -0.336743 -0.877286
64.590296 -27.879733 -5866.166442 697.184876 0.934953 -0.160972 0.316151 0.289271 0.861810 -0.416660 0.205391 -0.481011 -0.852316
51.561411 -25.257149 -10238.540264 -1003.947682 0.959203 -0.219402 0.178301 0.270939 0.893516 -0.358080 0.080752 -0.391780 -0.916508
