15917
31820
-45.465657 -67.572232 3093.588860 11442.432745 0.003765 -0.568465 -0.822699 0.150933 0.813603 -0.561489 0.988537 -0.122059 0.088863
-53.402822 -85.100980 2657.304405 10908.266656 0.027866 -0.542235 -0.839765 0.297423 0.806540 -0.510913 0.954339 -0.235529 0.183748
-53.008066 -93.870443 2943.488598 18879.474313 0.078056 -0.139563 -0.987132 0.212243 0.969781 -0.120327 0.974095 -0.200119 0.105319
-46.706904 -72.392139 419.513827 8706.398169 -0.042973 0.771435 0.634855 0.245865 0.624066 -0.741682 0.968351 -0.124216 0.216487
-37.830346 -62.839507 7893.093996 14094.101120 -0.036277 -0.210252 -0.976974 0.074112 0.974359 -0.212442 0.996590 -0.080113 -0.019764
-38.268036 -51.674254 875.036111 6024.282338 0.014928 0.934612 0.355355 0.064023 0.353772 -0.933138 0.997837 -0.036681 0.054556
-39.607053 -59.776469 2385.396109 4819.198505 -0.018026 0.924658 0.380373 0.162575 0.378082 -0.911385 0.986531 -0.045410 0.157142
13.234165 -20.373829 -22524.748277 10060.139347 -0.574381 0.815190 -0.074507 -0.504533 -0.424223 -0.751985 0.644618 0.394335 -0.654956
16.449002 -35.150317 -8176.755627 -17042.216597 0.082553 0.820329 0.565903 -0.820958 0.377900 -0.428042 0.564990 0.429246 -0.704652
-7.995078 -43.072699 -12934.287851 -16316.944901 0.041576 0.848847 0.527001 -0.821090 0.329560 -0.466049 0.569283 0.413339 -0.710681
-25.227012 -44.422976 -9458.450145 -9531.380765 -0.027795 0.849979 0.526083 -0.800441 0.296319 -0.521046 0.598766 0.435581 -0.672122
-17.807203 -93.271366 -11381.314347 -7703.849445 0.119264 0.772179 0.624111 0.987402 -0.026407 -0.156015 -0.103991 0.634856 -0.765601
-23.676082 -85.104738 -11616.301810 542.663315 0.058687 0.766785 0.639216 0.977978 0.084307 -0.190921 -0.200286 0.636344 -0.744951
-34.000492 -86.686577 -3664.879376 -4115.515280 0.107563 0.709625 0.696321 0.987832 0.002853 -0.155500 -0.112333 0.704574 -0.700683
23.056766 -83.175424 228.044176 -5765.020568 0.006929 0.896661 0.442663 0.323326 0.416887 -0.849509 0.946262 -0.149010 0.287026
18.674400 -76.203393 -2158.123285 -9696.115767 0.043828 0.910160 0.411932 0.433989 0.354046 -0.828435 0.899851 -0.215083 0.379482
18.020601 -73.727766 -657.256787 -8793.871471 -0.008564 0.896907 0.442137 0.447217 0.398905 -0.800545 0.894384 -0.190875 0.404529
15.086029 -63.015642 -1220.658023 -10495.157150 0.023032 0.909497 0.415071 0.528920 0.341231 -0.777049 0.848359 -0.237436 0.473192
19.781675 -79.915317 3071.078104 -6105.844625 -0.047755 0.886705 0.459862 0.350249 0.446021 -0.823645 0.935438 -0.121733 0.331867
13.954915 -69.339805 2808.306425 -7560.568602 -0.073216 0.889129 0.451762 0.468155 0.430609 -0.771626 0.880608 -0.154999 0.447778
-5.368171 -71.803729 -4752.790787 -3221.109051 0.520400 -0.096355 -0.848469 0.809612 -0.260240 0.526121 -0.271500 -0.960724 -0.057419
-13.677660 -91.296519 -4928.028469 -12813.041800 0.664291 -0.166228 -0.728757 -0.651033 0.350352 -0.673357 -0.367252 -0.921749 -0.124516
-12.391519 -76.066644 -1607.874927 3287.519364 0.613034 -0.097994 -0.783956 0.744919 -0.258900 0.614871 -0.263220 -0.960920 -0.085716
-7.225178 -75.455294 -2280.828874 -5684.834572 0.546902 -0.075728 -0.833764 0.814865 -0.180336 0.550885 -0.192075 -0.980686 -0.036918
-9.699479 -79.838486 491.582770 -4053.964367 0.619718 -0.053232 -0.783017 0.770370 -0.149338 0.619861 -0.149930 -0.987352 -0.051539
-14.362369 -82.506572 1652.619460 5578.308058 0.686128 -0.067516 -0.724341 0.696104 -0.228335 0.680663 -0.211348 -0.971239 -0.109669
24.905278 -51.096088 9634.309799 -3419.616889 0.078351 0.156547 0.984558 0.971029 -0.235622 -0.039810 0.225751 0.959153 -0.170473
24.454567 -55.683918 10986.018547 -2430.569373 0.043417 0.153841 0.987141 0.944471 -0.328453 0.009648 0.325713 0.931908 -0.159559
10.274265 -50.237251 8517.683351 -3826.346856 0.047381 0.136074 0.989565 0.971632 -0.236078 -0.014059 0.231702 0.962160 -0.143399
11.278629 -45.271037 6801.827368 -3802.294202 0.078718 0.143768 0.986476 0.986839 -0.151446 -0.056675 0.141249 0.977954 -0.153797
24.529321 -46.027031 7563.402918 -2863.693684 0.117251 0.165704 0.979180 0.983210 -0.158189 -0.090964 0.139823 0.973406 -0.181469
-5.802591 -80.667067 1009.860027 665.376823 0.035848 0.916115 0.399310 0.957134 -0.146391 0.249929 0.287419 0.373233 -0.882092
-3.994809 -78.853525 966.859015 -1050.368736 0.061582 0.911768 0.406063 -0.889106 0.234979 -0.392780 0.453540 0.336845 -0.825128
-5.374899 -83.452491 -429.884832 481.388971 0.016619 0.927959 0.372310 0.956498 -0.123225 0.264436 0.291264 0.351720 -0.889640
-1.470666 -75.980545 1581.241286 -1243.438246 0.087383 0.900133 0.426761 -0.889813 0.263137 -0.372816 0.447880 0.347160 -0.823944
-6.918235 -83.547461 -303.562687 211.435639 -0.008473 0.928231 0.371909 0.992532 -0.037453 0.116089 0.121687 0.370115 -0.920982
-6.860216 -80.842612 1148.929405 185.268781 0.004418 0.917532 0.397638 0.993633 -0.048794 0.101549 0.112577 0.394658 -0.911906
-2.570373 -77.430068 1648.537199 566.599835 0.057447 0.906628 0.418003 0.958855 -0.166704 0.229796 0.278022 0.387603 -0.878901
0.326582 -120.008352 182.512542 -20299.507728 -0.501111 -0.290160 -0.815288 0.852584 -0.004104 -0.522574 0.148284 -0.956969 0.249442
0.762636 -129.502503 165.642199 -20247.090548 -0.503305 -0.293704 -0.812664 0.846173 0.023102 -0.532407 0.175144 -0.955617 0.236897
0.371113 -155.561510 177.774614 -23083.720876 -0.528576 -0.297858 -0.794914 0.783517 0.189163 -0.591877 0.326664 -0.935680 0.133390
0.430876 -105.668946 164.280821 -12299.785793 -0.463384 -0.295314 -0.835503 0.885664 -0.122872 -0.447774 0.029575 -0.947466 0.318486
0.070122 -95.003685 20.958824 -10573.042403 -0.458906 -0.293914 -0.838463 0.888475 -0.147346 -0.434628 0.004199 -0.944406 0.328753
19.512848 -74.937027 -4461.439718 -4689.682350 -0.005364 0.932647 0.360750 0.955025 0.111735 -0.274669 -0.296477 0.343052 -0.891300
9.172217 -82.129834 -3987.533995 -2348.502770 -0.022954 0.941483 0.336277 0.984989 0.078860 -0.153553 -0.171087 0.327705 -0.929160
20.842693 -82.864447 -4576.693405 -4401.591980 -0.002533 0.927421 0.374012 0.986824 0.062826 -0.149103 -0.161779 0.368706 -0.915360
-36.929584 -74.555117 -7533.207295 -7672.181019 0.793967 0.022809 -0.607533 -0.355099 -0.793725 -0.493868 0.493479 -0.607849 0.622092
-41.877724 -68.962556 -7684.047630 7758.944780 0.736778 -0.044488 -0.674670 0.395018 0.838152 0.376114 0.548743 -0.543619 0.635105
-26.818004 -60.332438 -7295.933060 -6119.422359 0.736965 -0.143217 -0.660584 -0.449917 -0.833278 -0.321282 0.504437 -0.533982 0.678532
-58.542217 -84.410563 -9011.118652 -12022.026913 0.777682 0.184902 -0.600850 -0.251552 -0.784390 -0.566968 0.576135 -0.592067 0.563494
-44.180056 -90.204159 -7944.585822 -11545.268822 0.833258 0.154107 -0.530973 -0.279015 -0.711898 -0.644478 0.477317 -0.685166 0.550196
5.692310 -161.728223 566.611528 -16846.204099 0.656734 -0.037980 -0.753166 -0.578894 -0.665459 -0.471218 0.483304 -0.745467 0.459016
5.910462 -144.888003 1153.983324 -11187.242781 0.657612 -0.045973 -0.751953 -0.489324 -0.784989 -0.379940 0.572808 -0.617802 0.538714
8.408323 -164.575633 -400.171249 -23375.564331 0.653871 -0.025449 -0.756178 -0.572805 -0.669613 -0.472772 0.494315 -0.742274 0.452418
8.235094 -151.937420 -125.718682 -9300.354319 0.678786 -0.050291 -0.732612 -0.484148 -0.780763 -0.394981 0.552132 -0.622800 0.554320
11.954752 -174.229974 -2932.030694 16678.641965 0.649320 -0.029154 -0.759956 0.664548 0.507656 0.548326 0.369811 -0.861066 0.349006
5.726618 -159.983483 790.041118 -4948.223771 0.669330 -0.034778 -0.742150 -0.584622 -0.641086 -0.497217 0.458490 -0.766681 0.449430
3.945529 -164.779469 851.189679 6506.382509 0.641566 -0.028134 -0.766552 0.674506 0.496584 0.546302 0.365287 -0.867533 0.337568
15.361940 -50.340520 2325.119604 -1697.767469 0.244363 0.582633 0.775130 0.944492 0.038014 -0.326328 -0.219595 0.811846 -0.541003
15.870472 -51.179630 392.750011 -1965.506301 0.266073 0.593791 0.759353 0.952892 -0.043025 -0.300243 -0.145611 0.803468 -0.577267
14.567275 -52.001292 -1273.112270 1273.570597 0.246986 0.567034 0.785793 0.950961 0.013988 -0.308995 -0.186203 0.823575 -0.535772
12.307338 -54.332249 216.375993 3015.544065 0.201676 0.561561 0.802481 0.943343 0.109049 -0.313387 -0.263496 0.820218 -0.507752
14.951944 -49.627515 3122.546749 1874.472435 0.196639 0.571663 0.796576 0.939104 0.123701 -0.320596 -0.281810 0.811110 -0.512527
8.160224 -209.037295 1422.581029 -45444.322549 0.932379 -0.028462 -0.360359 -0.357879 -0.213065 -0.909135 0.050904 -0.976623 0.208843
14.111271 -179.359911 -1450.838788 -27541.867413 0.938759 -0.031942 -0.343090 -0.326596 -0.399894 -0.856399 0.109844 -0.916005 0.385836
11.075806 -201.239300 -1020.820996 -33964.925812 0.913264 -0.031658 -0.406135 -0.397098 -0.291630 -0.870210 0.090892 -0.956007 0.278907
-12.362621 -137.390246 879.752865 -7221.899669 0.606030 -0.050674 -0.793826 0.618497 0.657561 0.430203 0.500190 -0.751695 0.429843
-17.129175 -145.307652 -179.715571 11457.824309 0.621001 -0.031718 -0.783168 -0.514214 -0.770591 -0.376529 0.591559 -0.636540 0.494847
-12.083161 -137.557023 441.416560 10636.291295 0.641066 -0.036385 -0.766623 -0.603647 -0.640767 -0.474370 0.473967 -0.766872 0.432738
-9.247603 -129.877396 273.618791 -2520.445160 0.636786 -0.043855 -0.769792 0.671559 0.522074 0.525783 0.378830 -0.851772 0.361900
-11.432013 -141.129042 -227.188278 14851.406937 0.673016 -0.030886 -0.738983 -0.588348 -0.627826 -0.509588 0.448214 -0.777740 0.440709
-9.481865 -128.661848 -134.401933 8074.772079 0.662781 -0.042523 -0.747605 -0.661078 -0.502156 -0.557508 0.351707 -0.863731 0.360930
10.938106 -59.095438 -24220.719865 -5708.514348 0.586427 0.809809 -0.017696 0.552833 -0.416113 -0.721959 0.592012 -0.413593 0.691710
-15.258270 -63.611233 -26669.714447 -4521.274090 0.656780 0.749121 -0.086362 0.539855 -0.547063 -0.639749 0.526495 -0.373551 0.763717
23.758652 -55.364906 -39400.375339 -8920.888728 0.660031 0.748274 -0.066671 0.534956 -0.530462 -0.657596 0.527428 -0.398368 0.750415
0.320109 -374.220574 -1376.370382 -64899.594215 0.974990 -0.110008 -0.193114 -0.097207 0.570311 -0.815657 -0.199864 -0.814029 -0.545354
4.420911 -327.097601 1308.835071 -111572.072883 0.977140 -0.082668 -0.195865 -0.177531 0.189562 -0.965686 -0.116959 -0.978382 -0.170553
2.946830 -319.168584 2314.198001 -71576.308618 0.976175 -0.066067 -0.206683 -0.160411 0.421704 -0.892431 -0.146119 -0.904323 -0.401059
22.808705 -41.427121 6397.791348 -1925.515857 0.166263 0.169081 0.971477 0.983993 -0.092540 -0.152299 0.064150 0.981248 -0.181761
20.052772 -37.439186 5883.021771 -1906.330543 0.234054 0.171239 0.957025 0.972193 -0.033377 -0.231791 -0.007749 0.984664 -0.174289
29.921315 -44.909245 5846.988563 -1712.282414 0.234097 0.208456 0.949602 0.971243 -0.093779 -0.218845 0.043433 0.973525 -0.224415
11.723081 -34.958445 3920.399849 -1882.292151 0.154299 0.155459 0.975717 0.988010 -0.029644 -0.151520 0.005369 0.987397 -0.158169
32.741740 -48.438449 5991.819340 -2449.937097 0.172242 0.208457 0.962745 0.977226 -0.159133 -0.140376 0.123942 0.964999 -0.231119
12.101136 -40.022812 4854.480786 -2052.424402 0.108376 0.152980 0.982269 0.991373 -0.089907 -0.095379 0.073721 0.984131 -0.161404
11.828079 -113.462981 -5373.525911 -9640.886541 0.886409 0.134184 -0.443027 0.447682 -0.491899 0.746737 0.117724 0.860250 0.496095
-0.756296 -94.664575 -2528.513950 -9464.699345 0.882350 0.125562 -0.453533 0.468941 -0.315284 0.825040 0.039398 0.940654 0.337072
8.213073 -113.995185 2945.299368 -11244.217213 0.861475 0.117218 -0.494087 0.484759 -0.479606 0.731428 0.151230 0.869619 0.469991
-28.674755 -40.470549 4846.065252 1408.248907 -0.110670 0.721544 0.683466 0.921396 -0.183283 0.342691 0.372534 0.667668 -0.644544
-35.733483 -44.285132 4385.870753 1774.604841 -0.351660 0.768961 0.533887 0.871291 0.060302 0.487047 0.342326 0.636446 -0.691195
-34.493257 -45.511909 6124.253823 1231.050990 -0.312222 0.746942 0.587022 0.905451 0.046951 0.421845 0.287533 0.663229 -0.690979
-19.642895 -38.732792 3672.155365 1167.842968 -0.024102 0.659695 0.751147 0.937540 -0.245915 0.246057 0.347041 0.710161 -0.612563
-20.675339 -37.590353 4682.802240 1613.571373 0.045348 0.639796 0.767206 0.905805 -0.350195 0.238498 0.421261 0.684124 -0.595411
-25.749371 -42.588466 3970.111741 803.589774 -0.174413 0.717229 0.674657 0.938512 -0.086235 0.334302 0.297950 0.691481 -0.658088
1664.326349 3.827155 1659226.784272 -32314.192834 0.917063 0.349505 -0.191943 -0.373283 0.583251 -0.721441 0.140196 -0.733256 -0.665342
1263.858128 8.420293 -337607.800000 -23957.079938 0.861740 -0.003203 -0.507341 -0.411276 0.581130 -0.702239 -0.297080 -0.813804 -0.499466
1550.570618 15.301619 1642148.049890 -18006.982321 0.903798 0.391964 -0.171793 -0.392189 0.597937 -0.699041 0.171277 -0.699167 -0.694139
1365.145840 -12.085810 -1053533.261022 -19757.864048 0.832002 -0.107030 -0.544351 -0.383331 0.598394 -0.703550 -0.401037 -0.794021 -0.456837
1284.432066 13.274011 1156946.492516 -27413.771344 0.819970 0.570632 0.045029 -0.373183 0.592577 -0.713854 0.434031 -0.568535 -0.698846
1565.532736 -23.805120 1399865.296011 -15236.858947 0.933550 0.280741 -0.222867 -0.353093 0.613175 -0.706641 0.061727 -0.738377 -0.671557
1469.177173 -14.590427 1249928.217787 -25569.230961 0.825624 0.563222 0.033544 -0.374804 0.591921 -0.713549 0.421742 -0.576551 -0.699802
-160.408460 -15703.401603 -630784.834535 17342696.004288 -0.519267 0.854338 0.021625 -0.267267 -0.138306 -0.953645 0.811745 0.500976 -0.300155
-282.439036 -4583.104331 147313.544923 2429702.594178 -0.480575 0.869652 -0.112926 -0.070638 -0.166740 -0.983467 0.874104 0.464653 -0.141561
-314.796113 -8812.875740 184937.432127 8753523.763845 -0.536552 0.799245 -0.270775 -0.424747 -0.533049 -0.731744 0.729179 0.277608 -0.625486
83.789010 -1942.686781 256946.220484 728765.810144 -0.580908 0.752288 -0.310819 -0.561474 -0.646809 -0.516126 0.589316 0.125305 -0.798126
327.216589 -2414.985721 314897.973641 -1722842.147948 -0.467600 0.778989 -0.417764 -0.053247 -0.496581 -0.866356 0.882335 0.382863 -0.273680
32.672884 -890.545247 56.880442 314532.429225 0.450800 0.415628 0.789957 0.891083 -0.157545 -0.425618 -0.052445 0.895786 -0.441380
41.224358 -1557.067110 -16048.061071 919405.430138 0.363834 0.504423 0.783060 0.923719 -0.087209 -0.373011 -0.119866 0.859041 -0.497675
27.410411 -542.323211 -6890.350179 216607.499328 0.416239 0.464268 0.781793 0.897948 -0.345066 -0.273164 0.142949 0.815711 -0.560519
43.426585 -558.797441 7560.490599 228974.983345 0.503862 0.328372 0.798934 0.833557 -0.427382 -0.350038 0.226507 0.842328 -0.489058
2423.406616 -24385.992847 -203234.848449 11480817.335968 0.601283 0.263573 0.754312 0.798928 -0.182824 -0.572965 -0.013112 0.947156 -0.320505
-133.300443 -146.871195 -4907.056231 -40660.495123 0.034324 0.244631 -0.969008 0.888872 -0.450703 -0.082297 -0.456867 -0.858500 -0.232916
-184.928754 -213.129183 861.238618 -76124.941724 0.429589 0.369077 -0.824158 0.859459 -0.447163 0.247740 -0.277098 -0.814756 -0.509302
-198.739610 -218.111465 -37638.233387 -57401.152391 0.131825 0.203663 -0.970126 0.965430 -0.248388 0.079042 -0.224870 -0.947008 -0.229366
-104.017147 -147.295611 80731.112526 -41304.741132 -0.345654 0.705227 -0.619014 0.820654 -0.092699 -0.563857 -0.455029 -0.702895 -0.546706
-70.802524 -90.879486 44796.192235 -17521.653487 -0.592229 0.689332 -0.417236 0.605355 0.038884 -0.795005 -0.531799 -0.723402 -0.440318
-23.970055 -44.754747 -9840.293449 -6481.696408 -0.363222 0.721454 0.589554 0.535972 -0.355791 0.765602 -0.762105 -0.594068 0.257448
-15.298471 -38.125601 -15273.877412 -7066.839238 -0.289071 0.632626 0.718486 0.540293 -0.511753 0.667976 -0.790266 -0.581286 0.193871
-9.093301 -40.216596 -7814.927696 -5947.310031 -0.201977 0.596116 0.777079 0.593229 -0.556857 0.581369 -0.779285 -0.578409 0.241161
-42.855836 -142.692811 -25445.984370 59251.128659 -0.407047 0.631547 0.659895 0.095863 0.748002 -0.656736 -0.908363 -0.204063 -0.365014
-28.294266 -167.028551 -21290.469484 -93956.460590 -0.482143 0.720607 0.498261 -0.243293 -0.656491 0.714022 -0.841633 -0.223037 -0.491841
-20.106390 -215.751594 2255.411648 -91257.652273 -0.334542 0.574392 0.747098 -0.444028 0.603184 -0.662577 -0.831216 -0.553392 0.053255
-90.469233 -350.705931 30438.439214 -177929.877365 -0.206775 0.490330 0.846653 -0.553601 0.654869 -0.514464 -0.806703 -0.575086 0.136037
46.947907 -59.912332 -870.114232 -2407.577759 0.397069 0.598170 0.696081 -0.725252 0.669289 -0.161437 -0.562446 -0.440733 0.699578
36.280027 -62.498696 -1291.238402 -1612.109412 0.378120 0.609976 0.696387 -0.649923 0.710599 -0.269533 -0.659261 -0.350682 0.665130
43.667665 -63.482909 7638.247824 2288.287812 0.410042 0.690720 0.595627 0.727369 -0.641649 0.243354 -0.550273 -0.333456 0.765511
53.025401 -60.476593 11641.859876 3454.030119 0.444901 0.686374 0.575287 0.790330 -0.603038 0.108278 -0.421239 -0.406493 0.810754
31.496035 -62.548979 7129.614192 -1714.588195 0.415918 0.738748 0.530343 0.700389 -0.632192 0.331344 -0.580058 -0.233634 0.780351
36.991440 -64.544062 12157.622521 2397.614260 0.430667 0.760293 0.486291 0.792097 -0.576666 0.200097 -0.432560 -0.299015 0.850577
4.758659 -118.450450 -1863.801048 -7584.771242 -0.486285 -0.595435 -0.639518 0.791433 -0.610336 -0.033534 -0.370353 -0.522443 0.768044
5.956530 -110.057910 557.825159 -2421.586961 -0.452740 -0.582638 -0.674952 0.805664 -0.591627 -0.029709 -0.382010 -0.557235 0.737264
5.688100 -104.119973 -72.442958 6262.664688 0.443765 0.594474 0.670577 -0.691356 0.703212 -0.165890 -0.570175 -0.389991 0.723054
4.439339 -118.948545 551.594047 14939.059842 0.488903 0.574292 0.656630 -0.664810 0.732649 -0.145785 -0.564802 -0.365260 0.739989
7.550402 -97.831858 -2304.264407 6614.405109 0.430301 0.590146 0.683058 -0.547170 0.772356 -0.322601 -0.717946 -0.234933 0.655256
7.392879 -93.790793 -899.165600 4145.409413 0.424234 0.606373 0.672561 -0.549064 0.762853 -0.341444 -0.720107 -0.224427 0.656566
1.202817 -141.635504 -130.050351 1849.542758 -0.692753 -0.681979 -0.234514 -0.581010 0.720419 -0.378714 0.427224 -0.126101 -0.895309
0.922240 -137.798947 129.458582 -2801.183756 0.667197 0.710314 0.224284 -0.668926 0.703821 -0.239111 0.327700 -0.009505 -0.944734
0.873655 -129.629972 63.666439 -10.196361 -0.693839 -0.683874 -0.225619 -0.593892 0.720596 -0.357819 0.407283 -0.114276 -0.906125
0.920477 -139.238223 47.880523 10561.997106 -0.712943 -0.658430 -0.241209 -0.501860 0.719355 -0.480276 0.489744 -0.221356 -0.843299
-1.077883 -121.171485 846.138279 110.559137 -0.698219 -0.683030 -0.214383 -0.598409 0.721228 -0.348909 0.392934 -0.115326 -0.912306
-0.886420 -129.244036 758.389891 6742.861206 -0.714821 -0.661090 -0.228017 -0.510294 0.716052 -0.476308 0.478155 -0.224119 -0.849199
10.766150 -20.431916 5893.176573 5117.889437 -0.091402 0.735980 0.670805 0.840633 0.418143 -0.344227 0.533837 -0.532438 0.656908
-3.384175 -23.731762 2808.276443 3605.030744 0.218681 -0.651121 -0.726787 0.815498 0.530962 -0.230310 0.535856 -0.542329 0.647100
3.221814 -17.190354 2691.131973 7585.731439 -0.245465 0.665888 0.704514 0.785601 0.562431 -0.257878 0.567959 -0.490167 0.661180
28.831882 -9.758880 20954.288454 9058.455598 -0.166349 0.740344 0.651321 0.789367 0.495837 -0.362002 0.590955 -0.453912 0.666885
27.559108 -26.473254 24508.903955 15606.667266 -0.004886 0.795936 0.605362 0.808328 0.359536 -0.466198 0.588713 -0.487053 0.645133
-16.988769 -110.080191 -858.566875 4571.569668 0.605674 0.718217 0.342526 0.782102 -0.458056 -0.422494 -0.146547 0.523784 -0.839151
-16.920402 -114.411825 -1195.550025 2845.331348 0.595975 0.722414 0.350616 0.743429 -0.331344 -0.580969 -0.303525 0.606901 -0.734536
-19.023408 -108.554932 -668.801569 5950.245520 0.603648 0.691964 0.395973 0.790837 -0.456841 -0.407275 -0.100922 0.559001 -0.823002
-4.783302 -123.255821 1650.808430 4672.226639 -0.714781 -0.663281 -0.221691 -0.513883 0.713148 -0.476805 0.474355 -0.226888 -0.850594
-3.378567 -175.126528 4413.888990 25587.644337 -0.099390 0.960964 0.258203 -0.936119 -0.002329 -0.351674 0.337345 0.276662 -0.899809
1.033483 -171.019496 1302.375132 15990.050142 -0.108104 0.966806 0.231515 -0.915658 -0.006142 -0.401911 0.387148 0.255437 -0.885928
-4.701473 -190.690175 5613.454646 13150.645906 -0.087015 0.958383 0.271901 -0.846833 0.072593 -0.526881 0.524692 0.276101 -0.805274
-3.556456 -198.559881 1904.770105 24360.221404 -0.046871 0.955564 0.291034 -0.869434 0.104425 -0.482886 0.491820 0.275668 -0.825906
-10.885411 -213.008496 5622.315965 4716.919178 -0.036733 0.948210 0.315513 -0.738878 0.186806 -0.647428 0.672837 0.256908 -0.693749
-7.819506 -197.953425 5827.556479 2847.238225 -0.052337 0.952113 0.301232 -0.725695 0.170959 -0.666438 0.686023 0.253482 -0.681996
-12.448556 -144.617609 640.739164 13287.947130 0.017327 0.959569 0.280940 -0.815854 -0.148862 0.558768 -0.577998 0.238888 -0.780289
-9.097391 -140.576568 2370.175917 13728.143253 0.039344 0.954295 0.296265 -0.842872 -0.127549 0.522779 -0.536673 0.270281 -0.799331
-12.201354 -166.022421 460.281199 27439.382536 0.052581 0.963918 0.260956 -0.898984 -0.068091 0.432656 -0.434813 0.257345 -0.862966
-13.523112 -170.579232 165.754060 27528.834790 0.029736 0.969374 0.243782 -0.880403 -0.090082 0.465592 -0.473294 0.228472 -0.850761
-13.269481 -196.278902 91.537777 28391.307186 0.064799 0.971676 0.227261 -0.959986 -0.001479 0.280044 -0.272448 0.236314 -0.932699
-11.504355 -193.648955 -580.259318 -33054.390070 0.079079 0.968659 0.235470 0.967140 -0.017295 -0.253655 -0.241632 0.247792 -0.938197
-3.908491 -13.452871 -1370.834634 547.749882 0.670405 0.193536 0.716311 0.687354 0.201620 -0.697778 -0.279468 0.960153 0.002139
-0.558989 -14.451669 2754.412260 15.012907 0.392112 0.101734 0.914275 0.876742 0.259577 -0.404899 -0.278517 0.960349 0.012589
-8.655821 -11.177340 -3263.145650 90.916853 0.694743 0.201269 0.690524 -0.669516 -0.169860 0.723116 -0.262833 0.964696 -0.016744
-5.282798 -12.383518 -1254.619850 93.474610 0.834826 0.237213 0.496785 -0.486865 -0.103077 0.867374 -0.256959 0.965974 -0.029440
-1.995651 -14.059589 -668.307901 -305.391411 0.791808 0.229671 0.565943 -0.545892 -0.149476 0.824414 -0.273939 0.961722 -0.007020
-16.953853 -75.876182 5339.551179 6267.960713 0.742725 0.627825 -0.232798 0.297385 -0.620785 -0.725388 0.599934 -0.469533 0.647779
-13.013464 -74.879084 12336.517189 -7436.070378 0.755844 0.571281 -0.319902 -0.246711 0.701069 0.669057 0.606493 -0.426779 0.670840
-36.411229 -95.526840 -2117.297798 15616.693821 0.636884 0.769875 -0.040879 0.559840 -0.498284 -0.662036 0.530054 -0.398755 0.748356
19.438045 -66.206967 19063.543067 -374.231844 0.779087 0.440698 -0.445880 -0.039308 0.744167 0.666836 0.625683 -0.501997 0.597093
-33.973204 -98.176744 -4575.339169 14019.350950 0.603011 0.795688 0.057086 0.603891 -0.408556 -0.684396 0.521242 -0.447172 0.726872
-16.280153 -78.841163 -238.432557 766.238893 0.712196 0.689301 -0.132818 0.365755 -0.525869 -0.767910 0.599166 -0.498324 0.626637
16.227710 -70.388791 13277.037208 6529.218201 0.775661 0.493446 -0.393523 -0.071533 0.688216 0.721971 0.627083 -0.531855 0.569120
14.670831 -248.728525 -10356.309812 -50455.278239 0.072781 0.993514 0.087370 -0.526977 0.112684 -0.842376 0.846758 -0.015267 -0.531760
26.886003 -264.759357 -16721.746042 -18491.098292 0.056185 0.993472 0.099278 -0.419037 0.113718 -0.900820 0.906229 -0.009011 -0.422691
28.935616 -302.611864 -21446.665268 -52354.960354 0.071234 0.995452 0.063260 -0.682494 0.094893 -0.724705 0.727411 -0.008449 -0.686150
-11.043694 -1191.325597 -15254.289781 -664356.108113 0.232813 0.855322 0.462841 -0.596870 0.501410 -0.626366 0.767817 0.130430 -0.627251
8.122742 -1210.027673 -55033.170597 -796518.151888 0.224803 0.902948 0.366262 -0.616523 0.422883 -0.664130 0.754562 0.076511 -0.651754
42.631406 -35.214084 -33847.996748 -51457.030242 -0.591068 -0.378813 -0.712137 -0.309092 0.921841 -0.233819 0.745050 0.081913 -0.661959
8.627328 -183.648677 14379.587246 -223146.118141 -0.503051 -0.643413 -0.577026 -0.454342 0.764833 -0.456732 0.735196 0.032408 -0.677080
-1534.434159 -9358.086083 672900.564069 24603931.887325 0.195593 0.778702 0.596126 0.064082 0.596419 -0.800111 0.978589 -0.194697 -0.066755
-1161.162364 -7722.492910 495447.312994 -20106325.501100 0.357099 0.898843 -0.254088 -0.843856 0.193815 -0.500342 0.400483 -0.393086 -0.827706
-805.481279 -6652.873738 314220.400992 -8605713.537544 0.017058 0.973883 0.226410 -0.922688 0.102564 -0.371655 0.385170 0.202566 -0.900340
-6.299206 -41.733317 6624.668147 -2879.124964 0.671535 0.155275 0.724521 -0.621633 -0.414080 0.664914 -0.403254 0.896899 0.181545
-7.830973 -45.646138 6521.005848 -858.684823 0.668758 0.152794 0.727610 -0.582060 -0.501287 0.640248 -0.462567 0.851684 0.246305
1.773452 -42.913674 4637.244683 -2180.156766 0.679254 0.176911 0.712262 -0.596320 -0.432684 0.676156 -0.427804 0.884017 0.188407
-1.434226 -37.011503 4321.279599 -3823.286889 0.680376 0.173111 0.712124 -0.635761 -0.343936 0.691026 -0.364549 0.922898 0.123949
13.182957 -47.738398 5003.113691 -747.400776 0.666194 0.190545 0.721026 -0.557259 -0.515337 0.651069 -0.495629 0.835536 0.237132
12.476796 -44.024516 3960.808253 -2120.446753 0.648762 0.184261 0.738346 -0.615094 -0.444308 0.651345 -0.448071 0.876720 0.174912
3.703746 -37.404912 1478.785984 -3453.835420 0.672496 0.190475 0.715170 -0.630411 -0.358811 0.688358 -0.387725 0.913769 0.121222
11.793065 -78.746469 9274.189176 -1970.750899 0.191849 0.972366 -0.133034 -0.330231 0.191606 0.924248 -0.924198 0.133384 -0.357865
26.271522 -82.626299 13034.432692 -441.003036 0.206028 0.964623 -0.164483 -0.413344 0.238146 0.878882 -0.886960 0.113086 -0.447786
9.693440 -83.601056 6212.797892 1656.944402 0.133237 0.991018 0.011498 -0.413386 0.045026 0.909442 -0.900755 0.125924 -0.415672
12.775994 -133.124782 -4150.747596 10352.001320 -0.615394 -0.526499 -0.586591 -0.314709 0.846428 -0.429556 0.722668 -0.079740 -0.686581
0.597136 -117.995144 -2903.109001 8281.405969 -0.602425 -0.545712 -0.582479 -0.415674 0.837490 -0.354719 0.681395 0.028430 -0.731363
9.982224 -118.354009 -4527.060172 10567.260421 -0.617716 -0.502481 -0.604929 -0.420091 0.861129 -0.286322 0.664794 0.077260 -0.743021
41.319623 -333.896425 -7649.280546 -57732.286041 0.553520 0.758313 0.344351 0.832540 -0.492781 -0.253070 -0.022216 0.426765 -0.904090
54.358073 -363.527956 -12691.239855 -164416.907201 0.531743 0.786078 0.315167 0.781594 -0.312185 -0.540048 -0.326130 0.533499 -0.780396
23.376517 -263.802830 -4007.017889 -43639.350286 0.495136 0.811848 0.309425 0.821014 -0.320710 -0.472314 -0.284211 0.487902 -0.825334
-21.133574 -1087.923191 6680.727697 -504339.912797 0.529630 0.694966 -0.486328 0.681952 -0.007920 0.731354 0.504414 -0.718999 -0.478128
-23.769350 -469.880521 12872.078635 -164780.704447 0.484599 0.769282 -0.416376 0.822895 -0.239488 0.515257 0.296661 -0.592327 -0.749094
-13.679173 -593.291007 10873.430873 162066.547531 0.495674 0.775353 -0.391325 -0.596041 -0.024032 -0.802595 0.631699 -0.631070 -0.450230
14.406314 -146.912911 -14.982524 -41871.064268 0.713590 0.412392 -0.566323 -0.649976 0.691338 -0.315569 -0.261383 -0.593283 -0.761376
15.288514 -126.146204 2050.297119 -35520.882788 0.694272 0.461413 -0.552345 -0.681731 0.667631 -0.299185 -0.230715 -0.584266 -0.778077
10.620713 -344.020451 1979.039784 -169960.488164 0.741328 0.415968 -0.526692 -0.610023 0.744829 -0.270371 -0.279830 -0.521728 -0.805913
12.462845 -453.508074 1458.201785 -247584.072517 0.747245 0.376270 -0.547765 -0.577827 0.775009 -0.255886 -0.328241 -0.507722 -0.796540
-68.581755 -101.643815 765.494226 6370.371197 0.091071 -0.313983 -0.945051 0.443388 0.862526 -0.243837 0.891691 -0.396818 0.217767
-57.333462 -95.985396 3098.176334 7945.590372 0.070161 -0.542820 -0.836913 0.410652 0.780309 -0.471681 0.909089 -0.310586 0.277658
-53.196836 -87.534396 558.917094 9083.651223 -0.089688 0.711419 0.697022 0.358731 0.675945 -0.643748 0.929122 -0.192306 0.315832
14.267149 -5.627851 6652.607819 -2813.583870 -0.512819 -0.386463 -0.766591 -0.578548 0.815296 -0.023991 0.634270 0.431206 -0.641687
17.738663 -56.821340 10947.807740 -17633.428785 -0.065080 0.952718 0.296806 -0.311353 0.263201 -0.913118 0.948063 0.151837 -0.279503
11.317605 -63.013653 11840.209614 -24455.464338 -0.085400 0.963520 0.253643 -0.348692 0.209572 -0.913506 0.933338 0.166457 -0.318074
0.658723 -225.211403 7647.539730 -102090.916833 0.114133 0.789119 0.603543 -0.177099 0.613943 -0.769227 0.977553 0.019093 -0.209823
-28.890718 -261.063362 -7160.391462 -117863.747010 -0.141745 -0.679902 -0.719473 -0.163193 0.732917 -0.660455 0.976359 0.023797 -0.214843
-120.517798 -1141.111169 -51950.695976 -535930.503322 -0.088019 -0.656708 -0.748991 0.001528 0.751819 -0.659367 0.996118 -0.059181 -0.065171
-30.743546 -253.976224 -5106.340463 -101764.826415 -0.310671 -0.619378 -0.721009 -0.314112 0.782827 -0.537137 0.897116 0.059605 -0.437756
15.054130 -77.547113 -3396.283637 -8671.115946 0.133581 0.927794 0.348358 0.409165 0.268520 -0.872056 0.902630 -0.259026 0.343752
10.302561 -61.931662 -3472.263177 -11626.653941 0.095958 0.919398 0.381443 0.539669 0.273947 -0.796060 0.836391 -0.282241 0.469883
2.711537 -67.297853 -7145.855328 6736.663209 0.603961 -0.141279 -0.784392 0.712558 -0.345189 0.610824 -0.357060 -0.927839 -0.107812
-5.379126 -110.880315 -5659.260262 -26504.168423 0.707818 -0.196635 -0.678475 -0.563748 0.421514 -0.710292 -0.425655 -0.885246 -0.187503
-15.316843 -136.984413 -5433.119407 -29676.440227 0.717260 -0.207512 -0.665190 -0.527410 0.462205 -0.712885 -0.455387 -0.862151 -0.222077
-18.757414 -116.174154 -1213.936427 -24822.762801 0.743493 -0.151719 -0.651306 -0.560486 0.389895 -0.730642 -0.364793 -0.908275 -0.204847
8.709170 -54.492624 8330.841460 -1531.803537 0.017582 0.147122 0.988962 0.939319 -0.341348 0.034080 0.342595 0.928351 -0.144196
-3.387160 -82.154251 -442.148888 -681.910903 0.044160 0.923949 0.379957 -0.889511 0.209497 -0.406056 0.454775 0.320044 -0.831115
-0.175028 -73.161926 1454.202487 -1761.793603 0.110898 0.891632 0.438970 -0.790142 0.347012 -0.505231 0.602808 0.290819 -0.742998
1.273274 -165.157937 361.576500 -23930.122977 -0.531017 -0.299797 -0.792554 0.779256 0.194611 -0.595723 0.332836 -0.933942 0.130277
1.467089 -136.627593 321.201131 -20192.633728 -0.500271 -0.295039 -0.814052 0.851200 0.004748 -0.524820 0.158708 -0.955474 0.248761
7.859683 -99.716337 1359.376426 1136.887034 0.049596 0.798451 0.600013 0.217036 -0.595013 0.773857 -0.974903 -0.091844 0.202803
2.466457 -113.174716 1652.494742 3759.657619 0.059574 0.777213 0.626411 0.192556 -0.624687 0.756762 -0.979476 -0.075536 0.186872
3.210612 -97.944427 611.104019 2093.153883 0.061209 0.757340 0.650146 0.380992 -0.619776 0.686093 -0.922550 -0.205706 0.326476
-12.593605 -53.242662 178.714111 -805.360102 -0.097034 0.912345 0.397757 -0.781409 0.177685 -0.598187 0.616429 0.368856 -0.695673
-11.914343 -57.239548 -369.642546 -764.149249 -0.026638 0.923899 0.381709 -0.799149 0.209713 -0.563366 0.600542 0.320050 -0.732746
-8.696390 -54.518436 432.709787 -943.499864 -0.160044 0.920562 0.356302 -0.874496 0.035201 -0.483754 0.457868 0.389007 -0.799394
-13.908869 -55.554541 -588.688944 1.465063 0.005975 0.904583 0.426255 -0.669610 0.320206 -0.670142 0.742689 0.281421 -0.607631
-13.153610 -49.960124 185.325831 -1054.345462 -0.209957 0.902805 0.375316 -0.810243 0.054179 -0.583584 0.547197 0.426625 -0.720116
-14.629582 -50.145361 334.325594 161.153873 -0.103029 0.891206 0.441742 -0.713833 0.243029 -0.656795 0.692696 0.382999 -0.611134
-33.318132 -58.847758 -8166.244451 4543.094737 0.643524 -0.269778 -0.716308 0.524560 0.836951 0.156044 0.557417 -0.476165 0.680113
-51.411632 -67.974248 -9302.219825 5099.380994 0.625395 -0.177249 -0.759911 0.479785 0.855364 0.195343 0.615376 -0.486760 0.619982
9.303475 -142.775041 -280.301085 803.315918 0.669600 -0.069100 -0.739501 0.390364 0.879793 0.271256 0.631864 -0.470308 0.616083
13.366278 -54.151657 -3462.554310 -2721.118085 0.277481 0.599708 0.750570 0.958034 -0.114225 -0.262913 -0.071937 0.792025 -0.606236
13.950994 -53.003767 2822.677639 -3537.659068 0.249850 0.599469 0.760402 0.963743 -0.077988 -0.255181 -0.093671 0.796589 -0.597220
14.668287 -58.119044 3004.896584 -3131.811085 0.238429 0.591515 0.770234 0.971147 -0.149353 -0.185924 0.005060 0.792340 -0.610058
18.615379 -54.924438 6051.802345 -3274.022074 0.237526 0.601858 0.762462 0.968708 -0.088572 -0.231862 -0.072015 0.793677 -0.604062
-1.649676 -242.544750 -3166.982201 -19604.581772 0.860596 -0.033085 -0.508212 -0.502530 0.106860 -0.857931 -0.082693 -0.993723 -0.075337
-3.418290 -240.162428 430.985125 -20054.723283 0.885038 -0.034437 -0.464244 -0.455108 0.145719 -0.878432 -0.097900 -0.988726 -0.113295
5.526456 -223.609745 -2202.950297 -29093.126855 0.886360 -0.036751 -0.461536 -0.462561 -0.113503 -0.879292 0.020071 -0.992858 0.117604
-16.682524 -141.446284 894.935311 8504.883379 0.576189 -0.062504 -0.814923 -0.536267 -0.781349 -0.319237 0.616786 -0.620957 0.483723
-23.766950 -147.823660 -3289.454415 -7412.715031 0.613251 -0.016719 -0.789711 0.384817 0.879430 0.280212 0.689811 -0.475734 0.545745
-2.180836 -62.084024 -15200.656928 4171.699733 0.528359 0.848396 0.032572 0.556657 -0.317194 -0.767803 0.641069 -0.423807 0.639858
18.993039 -59.742735 -13237.167827 3921.499065 0.515858 0.856445 0.019797 0.489682 -0.275829 -0.827121 0.702924 -0.436371 0.561675
-7.217473 -60.532758 -12699.997978 3417.512872 0.536794 0.843484 0.019663 0.514591 -0.308839 -0.799884 0.668617 -0.439491 0.599832
27.894331 -56.960092 -16768.072451 -3093.273484 0.532775 0.846047 -0.018845 0.506875 -0.336864 -0.793473 0.677664 -0.413190 0.608313
27.485659 -41.218132 5917.578304 -1251.570171 0.302706 0.210177 0.929621 0.952595 -0.035490 -0.302163 -0.030516 0.977019 -0.210957
17.041011 -33.218466 5614.174587 -2194.007616 0.314320 0.177068 0.932657 0.946281 0.020069 -0.322721 -0.075861 0.983994 -0.161248
9.874916 -30.321644 3283.961975 -2692.358122 0.225125 0.159854 0.961127 0.972440 0.024552 -0.231859 -0.060662 0.986835 -0.149921
-39.659155 -47.404788 2812.123480 1513.821297 -0.474858 0.766868 0.431767 0.820473 0.208304 0.532386 0.318331 0.607061 -0.728109
-37.220787 -46.847729 -1647.313497 2253.549273 -0.471392 0.794837 0.382129 0.806372 0.212982 0.551728 0.357147 0.568219 -0.741332
-38.736426 -48.548939 4758.514325 1613.129128 -0.457102 0.754042 0.471676 0.847591 0.208597 0.487930 0.269530 0.622822 -0.734470
-40.319301 -50.211163 -2074.421601 1956.536667 -0.575941 0.749455 0.326510 0.766932 0.357071 0.533213 0.283032 0.557510 -0.780433
-584.411763 -3377.891789 428947.056494 2144670.643697 -0.367748 0.868806 -0.331568 -0.092832 -0.389070 -0.916519 0.925280 0.306268 -0.223733
-843.499450 -8252.241353 795044.529417 9159312.838090 -0.508994 0.835218 0.208172 0.155867 0.327278 -0.931984 0.846540 0.441928 0.296766
-2514.566954 -5092.413566 2190795.060057 5462279.505796 -0.210334 0.914847 -0.344696 -0.002827 -0.353151 -0.935562 0.977626 0.195806 -0.076866
-261.829791 -5544.741156 162072.450533 -6151311.027873 -0.500138 0.851957 -0.155019 0.702334 0.294371 -0.648130 0.506546 0.433030 0.745585
-1071.344091 -5955.253965 632060.343425 -4032880.561206 -0.360334 0.920368 -0.151926 0.724313 0.173424 -0.667304 0.587818 0.350495 0.729125
-1140.361415 -3156.842357 890066.055917 1946515.258501 -0.393769 0.914118 0.096612 0.305031 0.229092 -0.924377 0.867123 0.334521 0.369044
16.091934 -750.749857 3837.650988 -322564.390362 0.738677 -0.648830 0.182692 0.674047 0.712707 -0.194189 0.004211 -0.266586 -0.963802
8.633432 -430.163122 -8409.631744 75440.350650 -0.759766 0.614957 -0.211149 0.536557 0.776413 0.330589 0.367237 0.137877 -0.919852
4.950343 -589.946160 -7682.740211 147922.852335 0.825194 -0.563052 0.045031 0.503187 0.768990 0.394281 0.256629 0.302699 -0.917886
49.263032 -1726.707605 -17160.480004 -823732.913291 0.734342 -0.669507 0.111815 0.672373 0.694894 -0.255022 -0.093040 -0.262455 -0.960448
-135.324173 -186.460248 89783.224899 -22896.711536 -0.497753 0.699912 -0.512215 0.824104 0.197571 -0.530866 -0.270361 -0.686359 -0.675142
-4.333526 -30.035664 -9991.880530 -7274.252613 -0.253584 0.626064 0.737387 0.524723 -0.551371 0.648580 -0.812626 -0.551393 0.188691
-20.483866 -33.655539 -13022.980690 1932.697805 -0.179436 0.513531 0.839100 -0.548357 0.655939 -0.518699 -0.816766 -0.553200 0.163899
-43.086627 -125.553116 19453.988222 63431.295845 0.003163 0.601420 0.798927 0.125075 0.792419 -0.597016 -0.992142 0.101815 -0.072716
-90.764508 -2788.437811 -18460.278281 2131663.788306 -0.033437 0.182608 0.982617 0.580391 0.803950 -0.129655 -0.813651 0.565967 -0.132866
-49.666707 -720.219251 13310.157646 806290.709065 0.130728 0.008252 0.991384 0.457549 0.886602 -0.067714 -0.879522 0.462459 0.112128
-17.308055 -87.056774 26967.444934 42787.667742 0.060205 0.513390 0.856041 -0.087857 0.856994 -0.507782 -0.994312 -0.044639 0.096700
-14.814022 -107.412268 21161.830830 48797.266246 -0.005863 0.676459 0.736457 -0.024561 0.736150 -0.676373 -0.999681 -0.022054 0.012298
12.030804 -58.694133 11392.261850 859.294661 0.729622 0.265081 0.630383 0.010198 0.917495 -0.397616 -0.683774 0.296538 0.666722
22.411564 -60.363255 14234.752026 994.371972 0.727061 0.274490 0.629315 -0.067390 0.940709 -0.332455 -0.683257 0.199306 0.702450
38.079424 -58.072595 16986.494051 967.052895 0.722127 0.266160 0.638507 0.020200 0.914511 -0.404057 -0.691466 0.304678 0.655016
3.721806 -60.441525 9620.932567 708.911094 0.729597 0.267158 0.629535 -0.075531 0.946386 -0.314084 -0.679693 0.181605 0.710659
25.526915 -56.556956 14267.490976 630.404654 0.726544 0.256954 0.637267 0.091334 0.883102 -0.460206 -0.681023 0.392564 0.618143
-8.055565 -57.094490 8325.868905 1893.158604 0.724331 0.250529 0.642324 0.050612 0.909809 -0.411931 -0.687593 0.330883 0.646322
-10.862260 -59.611312 9713.904582 727.744455 0.730830 0.247619 0.636060 -0.032913 0.943575 -0.329518 -0.681765 0.219887 0.697743
7.526137 -56.085393 6853.676309 1442.846924 0.718418 0.260359 0.645049 0.110529 0.872805 -0.475388 -0.686774 0.412824 0.598262
27.518809 -59.739466 -11770.395895 -741.458459 0.365567 0.513713 0.776182 -0.634844 0.747446 -0.195695 -0.680686 -0.421216 0.599370
5.100445 -118.782116 -837.612109 -1877.666959 -0.491647 -0.573445 -0.655320 0.854568 -0.462333 -0.236561 -0.167321 -0.676320 0.717353
5.282292 -111.258187 1107.839545 11.030521 -0.472161 -0.557428 -0.682889 0.859939 -0.461603 -0.217779 -0.193828 -0.690070 0.697305
5.200317 -105.771046 1408.731557 -946.997652 -0.444019 -0.574005 -0.688015 0.801224 -0.598090 -0.018098 -0.401107 -0.559290 0.725471
1.578654 -153.579946 -267.916336 -4095.646446 0.668563 0.709195 0.223752 -0.657561 0.704297 -0.267542 0.347327 -0.031738 -0.937207
1.048512 -152.434868 -196.082176 -2532.772722 0.636915 0.739362 0.218366 -0.739972 0.665765 -0.095904 0.216288 0.100502 -0.971143
-9.761677 -63.030918 2677.857462 2560.263028 0.895803 0.404389 0.184409 -0.014137 -0.388779 0.921223 -0.444227 0.827841 0.342553
-6.632290 -56.660227 3748.170805 -892.642942 0.908015 0.403289 0.113434 -0.000157 -0.270438 0.962737 -0.418938 0.874198 0.245498
-10.284507 -59.985261 264.022960 -4319.783504 0.889611 0.420877 0.177358 -0.057937 -0.281198 0.957899 -0.453030 0.862433 0.225773
-7.309538 -60.048479 3022.771454 915.697982 0.898462 0.381474 0.217356 -0.041727 -0.418626 0.907200 -0.437064 0.824154 0.360202
-11.192015 -62.917576 873.013837 327.438460 0.881444 0.418440 0.219006 -0.042079 -0.392289 0.918879 -0.470410 0.819156 0.328174
-7.309457 -63.702042 1594.163202 1989.734933 0.888557 0.383467 0.251832 -0.020409 -0.515350 0.856737 -0.458311 0.766399 0.450092
-9.073327 -64.939710 4489.159612 3615.169453 0.891086 0.392803 0.227313 -0.002493 -0.496628 0.867960 -0.453827 0.773994 0.441560
-8.943858 -181.762739 176.398048 -25851.438919 -0.045210 0.955453 0.291661 -0.923399 0.071431 -0.377135 0.381169 0.286370 -0.879035
-11.872709 -200.380017 -322.299955 10692.936592 -0.033689 0.950637 0.308470 0.988567 -0.013692 0.150159 0.146970 0.310002 -0.939308
-13.926844 -186.587424 -1724.687536 -16719.163368 -0.059920 0.952772 0.297717 -0.922826 0.060824 -0.380386 0.380529 0.297533 -0.875598
-13.590915 -119.264166 -1055.240076 3424.182213 0.598314 0.740643 0.305726 0.736328 -0.357764 -0.574304 -0.315977 0.568729 -0.759412
