16436
32860
-71.894665 -104.058416 2401.726902 22790.831980 0.700049 0.690171 0.183290 0.000578 -0.257222 0.966352 -0.714094 0.676388 0.180467
-86.653632 -121.970183 4354.033441 18135.243794 0.741412 0.661802 0.111023 -0.056723 -0.103048 0.993058 -0.668648 0.742563 0.038862
-87.834640 -130.940387 9110.234543 28937.866754 0.709454 0.694102 -0.122056 0.116232 0.055579 0.991666 -0.695101 0.717728 0.041246
-68.876009 -100.743114 1975.103222 13550.709529 0.714633 0.514760 0.473626 -0.268535 -0.423322 0.865267 -0.645902 0.745533 0.164289
-73.593166 -150.247677 -10258.784344 56586.428294 0.597358 0.750205 -0.283470 0.285078 0.131743 0.949407 -0.749595 0.647948 0.135169
-57.321997 -102.397122 -10103.228061 33272.929606 0.616914 0.785877 -0.042605 0.218333 -0.118881 0.968606 -0.756140 0.606849 0.244923
-47.141070 -73.924852 -8582.603016 16338.651116 0.646190 0.572306 0.504880 -0.137210 -0.563650 0.814538 -0.750741 0.595621 0.285699
-52.227279 -82.361996 -2033.219886 -12061.601332 0.631977 0.429950 0.644785 0.322221 0.610897 -0.723173 -0.704826 0.664792 0.247534
76.222227 -120.227343 -1945.798418 27580.546507 0.500682 0.863808 0.056152 0.817772 -0.493275 0.296528 -0.283841 0.102547 0.953372
66.342582 -151.412459 -12415.611359 27721.534836 0.431399 0.902151 -0.004319 0.814281 -0.387311 0.432362 -0.388383 0.190037 0.901690
97.030847 -146.290931 -17308.450238 10172.719809 0.462754 0.882791 -0.080859 0.852148 -0.417834 0.315053 -0.244340 0.214695 0.945623
-0.200869 -55.738911 20452.281863 8699.595710 0.728698 0.536595 0.425517 -0.245779 0.784861 -0.568847 -0.639212 0.309934 0.703810
3.437866 -64.772959 19133.221938 3957.769113 0.710518 0.575653 0.404706 -0.344394 0.786015 -0.513394 -0.613642 0.225397 0.756730
26.341683 -60.375377 21925.117973 10651.816711 0.714276 0.550454 0.432215 -0.253655 0.779193 -0.573164 -0.652280 0.299764 0.696184
14.085058 -48.286582 22911.093635 11149.420227 0.736895 0.509324 0.444494 -0.182110 0.782785 -0.595049 -0.651016 0.357542 0.669583
-12.431852 -41.238848 18005.493788 9675.268419 0.728951 0.521255 0.443760 -0.171673 0.766716 -0.618607 -0.662690 0.374753 0.648384
11.147615 -121.574497 -8246.235195 -14430.696681 -0.670387 0.114176 0.733175 0.011710 0.989595 -0.143402 -0.741919 -0.087549 -0.664748
21.739029 -114.476262 -14932.573202 15621.423181 -0.680260 0.177995 0.711030 -0.037544 0.960331 -0.276324 -0.732008 -0.214667 -0.646592
2.764961 -121.664191 -5512.174801 7787.468905 -0.676386 0.181341 0.713875 0.011565 0.971713 -0.235880 -0.736456 -0.151289 -0.659351
4.981252 -128.725673 -1688.544921 -16615.268930 -0.663228 0.132259 0.736638 0.078896 0.991133 -0.106919 -0.744247 -0.012793 -0.667782
1.732597 -124.256945 -1223.850358 -5263.333997 -0.665775 0.181704 0.723690 0.086383 0.982144 -0.167127 -0.741136 -0.048754 -0.669583
-3.071420 -129.993741 351.593875 17304.249551 -0.660514 0.234810 0.713152 0.039045 0.959296 -0.279692 -0.749798 -0.156896 -0.642796
-12.314022 -67.729789 -1380.752524 13660.646885 0.552757 0.793661 0.254089 0.142022 -0.390161 0.909728 -0.821151 0.466772 0.328381
-11.198844 -69.140236 228.336635 -71.145023 0.571645 0.787311 0.231005 0.152206 -0.378408 0.913039 -0.806260 0.486774 0.336148
-13.414388 -67.697688 2926.772601 5038.792161 0.584571 0.771277 0.251811 0.086732 -0.367989 0.925776 -0.806694 0.519342 0.282010
-13.394943 -69.344274 732.328181 11585.332109 0.553843 0.788790 0.266585 0.149618 -0.409248 0.900073 -0.819068 0.458613 0.344676
-11.757721 -70.608657 -539.556803 2383.911180 0.554901 0.792152 0.254127 0.178366 -0.411654 0.893715 -0.812570 0.450596 0.369720
9.944177 -104.734251 -1502.168554 6699.199437 0.641992 0.765826 -0.036832 -0.331560 0.233991 -0.913956 0.691313 -0.598964 -0.404138
8.719254 -113.949918 -641.153434 8757.189524 0.638698 0.769342 -0.013312 -0.237807 0.180912 -0.954316 0.731787 -0.612685 -0.298503
12.094499 -107.604184 1073.140664 3932.983627 0.620714 0.783537 -0.028000 -0.360347 0.253384 -0.897745 0.696321 -0.567333 -0.439624
8.596905 -109.139986 -1388.866902 8120.675139 0.648330 0.760161 -0.042691 -0.279711 0.185661 -0.941962 0.708117 -0.622643 -0.332995
12.084977 -98.707138 -538.450387 -1303.315576 0.631314 0.773928 -0.049779 -0.405741 0.274909 -0.871665 0.660921 -0.570492 -0.487568
10.289035 -102.092460 -4746.439399 3380.755989 0.647611 0.759014 -0.067067 -0.389089 0.253731 -0.885568 0.655141 -0.599599 -0.459643
65.348276 -104.406939 9317.544298 -13414.260005 0.394758 0.855685 -0.334619 0.060496 -0.387614 -0.919835 0.916791 -0.342869 0.204779
68.144639 -127.750551 10871.298767 -25371.894872 0.364102 0.862221 -0.352142 -0.051049 -0.359051 -0.931921 0.929959 -0.357291 0.086715
65.937706 -137.217928 -12250.244435 -34277.844808 0.504838 0.806032 -0.308953 0.002082 -0.359046 -0.933318 0.863212 -0.470531 0.182938
60.241770 -97.003743 -20083.026726 -18460.099604 0.576769 0.760878 -0.297324 0.114534 -0.435688 -0.892781 0.808838 -0.480875 0.338438
2.269986 -257.753115 -1479.474404 5439.852776 0.529646 0.839464 0.121552 0.543580 -0.225911 -0.808384 0.651150 -0.494231 0.575969
-2.037315 -270.692299 1827.922385 5010.249490 0.513580 0.848043 0.130608 0.554394 -0.211787 -0.804856 0.654891 -0.485767 0.578920
1.731982 -258.379467 -3718.636774 -5154.724882 0.562374 0.823049 0.079538 0.334797 -0.138691 -0.932028 0.756073 -0.550777 0.353551
7.212144 -245.134756 -278.016707 6564.968284 0.548027 0.831963 0.086624 0.409094 -0.176257 -0.895308 0.729595 -0.526090 0.436944
-59.389309 -85.614524 19681.356622 -5429.778476 0.880889 0.333380 0.335996 -0.426415 0.250845 0.869050 -0.205440 0.908809 -0.363125
-50.639975 -78.465676 18262.907367 607.048215 0.977014 0.203157 0.064577 -0.147473 0.425394 0.892912 -0.153931 0.881911 -0.445576
-83.609443 -92.008767 22721.597361 5601.573789 0.969336 0.218796 -0.111877 0.002090 0.447911 0.894076 -0.245731 0.866893 -0.433719
-79.574127 -110.019246 18322.652612 20761.008758 0.811268 -0.145497 -0.566281 0.527182 0.600857 0.600874 -0.252829 0.786004 -0.564159
-98.601638 -117.311564 -9106.420038 28867.748944 -0.536777 0.234565 0.810463 0.771628 0.525006 0.359109 -0.341263 0.818137 -0.462808
-101.282062 -118.199288 6947.688695 23883.744570 -0.016130 0.361651 0.932174 0.914394 0.382501 -0.132575 -0.404503 0.850236 -0.336862
-74.473084 -97.980342 22646.951033 -11771.022337 0.680035 0.410355 0.607586 -0.675619 0.028863 0.736686 -0.284766 0.911469 -0.296871
-71.663519 -111.344363 9775.482253 -3210.271541 0.296837 -0.102376 0.949425 0.498751 0.864473 -0.062718 -0.814331 0.492143 0.307667
-80.807184 -121.847960 8977.943016 -1852.052308 0.151160 -0.205174 0.966982 0.480452 0.870156 0.109524 -0.863896 0.448032 0.230109
-69.594967 -110.443873 13920.550467 -34.454562 0.101837 -0.465857 0.878980 0.419280 0.821361 0.386742 -0.902127 0.329155 0.278969
-4.290211 -356.146053 5632.138091 46213.096734 -0.419483 0.219470 0.880833 -0.223382 0.915538 -0.334500 -0.879849 -0.337079 -0.335027
-1.930512 -325.482152 4900.790224 57899.707634 -0.419288 0.229219 0.878440 0.027645 0.970376 -0.240013 -0.907432 -0.076350 -0.413204
-12.851765 -379.712753 3048.129725 73951.175146 -0.432223 0.206153 0.877886 -0.124109 0.950655 -0.284346 -0.893185 -0.231855 -0.385310
2.132679 -348.677927 6500.540120 62756.840353 -0.408880 0.253802 0.876585 0.006462 0.961330 -0.275324 -0.912565 -0.106910 -0.394709
-13.545061 -384.863174 5418.392468 -8977.981018 -0.432121 0.215344 0.875727 -0.475108 0.771017 -0.424034 -0.766514 -0.599299 -0.230861
0.711800 -385.919536 8972.179323 35331.349630 -0.397646 0.259293 0.880139 -0.336261 0.851317 -0.402725 -0.853702 -0.456098 -0.251333
-6.901838 -366.285652 3886.713157 18690.849075 -0.436708 0.219830 0.872331 -0.463175 0.776337 -0.427515 -0.771204 -0.590741 -0.237213
-13.869144 -234.411808 -400.062132 -7803.629607 0.565565 -0.142428 -0.812311 0.144627 0.986839 -0.072334 0.811923 -0.076573 0.578721
-12.348822 -229.698505 -2073.945766 -11678.288844 0.590917 -0.150757 -0.792521 0.253520 0.967317 0.005021 0.765862 -0.203886 0.609824
-10.890645 -215.890800 -716.614490 2217.481613 0.560546 -0.172859 -0.809882 0.358977 0.932031 0.049530 0.746273 -0.318493 0.584498
-10.820055 -208.293439 7.699134 10798.116315 0.546678 -0.184860 -0.816682 0.421467 0.903517 0.077610 0.723539 -0.386632 0.571845
-14.873925 -222.135205 1068.411512 -1043.913970 0.549678 -0.160045 -0.819902 0.221208 0.974327 -0.041887 0.805556 -0.158344 0.570970
-8.295863 -102.047813 48.699357 -17445.655843 0.700875 -0.147213 -0.697928 -0.046431 0.966979 -0.250591 0.711772 0.208039 0.670896
-18.154754 -82.104011 2348.026753 -12266.763796 0.690665 -0.086098 -0.718031 -0.002393 0.992610 -0.121324 0.723171 0.085513 0.685355
-7.574392 -103.131821 544.845154 -15018.754078 0.680624 -0.019565 -0.732372 -0.120945 0.982928 -0.138657 0.722581 0.182950 0.666638
4.712970 -132.303992 71.159870 -23744.359658 0.700482 -0.127183 -0.702246 -0.161960 0.929990 -0.329982 0.695050 0.344883 0.630842
-15.900922 -81.281541 4424.199130 -10861.267448 0.671564 0.030659 -0.740312 -0.052860 0.998580 -0.006597 0.739059 0.043563 0.672231
-9.810763 -85.388448 597.759771 -8633.627231 0.662861 0.090926 -0.743201 -0.089224 0.995119 0.042168 0.743407 0.038359 0.667738
57.061298 -484.860556 26826.009823 -74731.898554 -0.506430 0.349348 0.788343 -0.098335 0.884890 -0.455303 -0.856656 -0.308101 -0.413781
87.217445 -2198.276446 36910.662242 -1492596.665386 -0.556498 0.263286 0.788029 0.037303 0.955424 -0.292871 -0.830011 -0.133586 -0.541513
35.881957 -479.723507 13754.415576 -64437.074539 -0.530474 0.332639 0.779711 0.049155 0.930317 -0.363448 -0.846275 -0.154473 -0.509859
22.065460 -476.208689 5503.136536 121342.141400 -0.510105 0.369087 0.776896 -0.132697 0.858665 -0.495061 -0.849814 -0.355625 -0.389033
15.780338 -460.234562 6002.734948 -33685.280606 -0.512722 0.341062 0.787904 0.112477 0.936484 -0.332184 -0.851155 -0.081697 -0.518517
-2764.557155 -10837.972239 1792334.543185 -10085827.311854 0.675825 -0.371467 0.636610 0.239745 0.927534 0.286710 -0.696981 -0.041141 0.715909
-20.056896 -370.567023 49817.680448 219212.536467 -0.411064 0.538795 0.735341 0.547589 -0.498959 0.671704 -0.728816 -0.678778 0.089934
32519.331595 -91726.144399 22154954.502832 -74020859.517910 0.097229 -0.326213 0.940283 -0.516052 0.791313 0.327893 -0.851021 -0.517116 -0.091404
10.870385 -20347.894265 -8623.793147 -15509921.233967 -0.434006 -0.204155 0.877474 0.340455 0.864594 0.369550 -0.834104 0.459127 -0.305733
17.646955 -55.166153 -4767.970053 12955.361072 0.629416 0.775650 0.046938 -0.212222 0.113475 0.970611 -0.747528 0.620879 -0.236033
14.597481 -46.384052 -4195.334854 12282.866651 0.613144 0.786599 0.072915 -0.195974 0.062042 0.978644 -0.765277 0.614339 -0.192194
9.250144 -64.030380 -4225.346782 11539.886971 0.600526 0.791834 0.111211 -0.293267 0.088721 0.951905 -0.743883 0.604258 -0.285498
-8.496287 -18.003265 -2905.817558 -133.563197 0.065071 -0.710330 -0.700855 0.954322 0.249542 -0.164311 0.291607 -0.658150 0.694121
-6.295450 -19.336301 4186.152194 -2204.249776 0.700009 -0.349836 -0.622578 -0.658792 -0.652843 -0.373885 0.275647 -0.671872 0.687464
-2.946853 -20.187062 2378.780831 1779.171892 0.506848 -0.506607 -0.697463 0.810521 0.555572 0.185463 0.293534 -0.659310 0.692206
-1.636135 -21.274863 -800.997641 -2832.310881 0.267166 -0.640985 -0.719555 0.912219 0.408905 -0.025555 0.310610 -0.649565 0.693965
-2.101343 -144.950726 4139.840346 -14896.663574 0.689146 -0.221851 -0.689826 -0.664844 -0.572210 -0.480164 0.288201 -0.789530 0.541833
-4.595704 -136.009597 2330.538299 -4821.592867 0.723746 -0.188068 -0.663944 -0.572220 -0.701321 -0.425104 0.385689 -0.687590 0.615194
-6.695461 -160.964253 1709.861301 -17920.519258 0.691626 -0.224452 -0.686495 -0.673422 -0.543964 -0.500605 0.261067 -0.808532 0.527371
8.196404 -50.220526 7872.469505 281.807309 0.703259 0.710896 -0.007318 0.675260 -0.664716 0.319651 -0.222374 0.229739 0.947507
11.254339 -50.326658 -116.907807 -168.854953 0.657628 0.753221 0.013547 0.700528 -0.618039 0.356776 -0.277104 0.225136 0.934092
10.959881 -51.545882 10440.882898 894.438688 0.702419 0.711425 -0.021978 0.659656 -0.639087 0.395503 -0.267325 0.292307 0.918202
-935.026423 -1417.492446 588666.113895 586644.897106 0.858733 -0.258749 0.442296 -0.512298 -0.414483 0.752167 0.011299 0.872498 0.488487
-184.144481 -692.975552 120455.148939 14402.905221 0.540823 -0.206680 0.815349 0.834181 0.007385 -0.551442 0.107950 0.978381 0.176402
-484.641263 -3962.024706 440087.755706 3158653.937240 0.949029 0.010117 0.315028 -0.280120 0.485258 0.828286 0.144490 0.874313 -0.463357
-559.857386 -4250.375757 301266.814152 2486211.073249 0.963884 -0.264226 0.033365 0.232116 0.894884 0.381188 0.130577 0.359676 -0.923895
-1473.514254 -6201.456347 -772522.818913 2589615.458623 -0.723926 0.673186 0.150834 0.620334 0.730867 -0.284639 -0.301855 -0.112490 -0.946694
44.945170 -1303.866689 23557.646765 -830202.764945 0.979188 -0.197886 0.045088 -0.200190 -0.905142 0.375023 0.033400 0.376244 0.925919
18.225224 -239.152529 3607.956570 -64067.006090 0.998479 0.054266 -0.009695 0.051949 -0.867448 0.494808 -0.018442 0.494560 0.868948
-0.814748 -568.004949 8594.266334 -262550.543684 0.985656 -0.166790 0.025751 -0.158012 -0.858451 0.487949 0.059279 0.485019 0.872492
18.356196 -693.426728 -17818.405397 -318135.913059 0.959522 -0.239436 0.148284 -0.276703 -0.899567 0.337958 -0.052472 0.365309 0.929406
366.250814 -8135.442024 76236.395935 -5756042.661842 0.994136 -0.102285 -0.035094 -0.098294 -0.990014 0.101048 0.045079 0.097006 0.994262
55.377582 -1807.059862 26194.141946 -871591.719832 0.969091 -0.242194 0.046965 -0.245053 -0.966992 0.069819 -0.028505 0.079170 0.996454
-372.790822 -626.089817 -153542.170731 -266738.818482 0.848493 -0.149782 0.507568 0.482379 -0.175555 -0.858190 -0.217647 -0.973009 0.076706
-458.976433 -598.453759 -155083.430820 -228783.574793 0.707754 0.150553 0.690231 0.702052 -0.040926 -0.710949 0.078787 -0.987754 0.134661
-379.593075 -696.091566 -184429.551449 283522.797608 0.934291 -0.272903 -0.229398 -0.292864 -0.220578 -0.930363 -0.203299 -0.936413 0.286008
-188.797325 -512.566452 -75684.306515 -32707.869597 0.939906 -0.305353 0.152765 0.113984 -0.141134 -0.983407 -0.321847 -0.941722 0.097848
-10.671651 -63.339792 6352.362484 -2414.967150 0.606300 0.763817 0.221323 0.066200 -0.325822 0.943111 -0.792476 0.557157 0.248111
-49.771498 -83.569215 10977.951150 -6784.211009 -0.888767 0.171488 -0.425071 0.177562 0.983776 0.025630 0.422570 -0.052698 -0.904797
-39.790372 -72.346018 12760.793994 -11753.713547 -0.916632 -0.019420 -0.399260 0.045187 0.987383 -0.151766 0.397170 -0.157155 -0.904189
-43.082072 -75.083123 3263.639020 -8702.469374 -0.909674 -0.218319 -0.353311 -0.162012 0.969832 -0.182148 0.382419 -0.108455 -0.917602
-27.348361 -63.154478 11600.647625 -6560.101140 -0.884514 -0.368133 -0.286554 -0.262930 0.900782 -0.345630 0.385361 -0.230371 -0.893547
-30.625935 -74.253266 13003.604115 -12618.776980 -0.718141 -0.677790 -0.157715 -0.586333 0.711398 -0.387462 0.374816 -0.185779 -0.908294
68.694480 -41.414975 9380.778669 -811.292727 -0.123694 0.703151 0.700199 0.937149 -0.149228 0.315410 0.326270 0.695205 -0.640498
63.192436 -38.345813 13728.929464 -1866.691202 -0.057471 0.686146 0.725191 0.964566 -0.149198 0.217606 0.257507 0.712000 -0.653258
84.901732 -54.277057 19587.371585 -1464.679373 -0.064166 0.748860 0.659614 0.953749 -0.148495 0.261365 0.293675 0.645877 -0.704697
76.477044 -52.816022 3590.537436 -420.648388 -0.163207 0.738841 0.653818 0.919216 -0.126824 0.372771 0.358338 0.661838 -0.658456
94.461849 -65.490347 12257.148860 -5343.511197 -0.111910 0.803011 0.585363 0.931211 -0.120879 0.343853 0.346876 0.583577 -0.734245
30.738668 -171.406951 -3931.506115 19886.433929 -0.219664 0.570907 0.791083 -0.670931 0.500273 -0.547338 0.708237 0.650993 -0.273147
42.595198 -142.669823 4651.046377 -31761.266349 -0.262010 0.541222 0.799018 0.820003 -0.311712 0.480032 0.508867 0.780970 -0.362132
42.576156 -154.477446 -561.730878 -35487.954881 -0.242893 0.582919 0.775377 0.776535 -0.362206 0.515558 0.581375 0.727333 -0.364679
29.777357 -173.590855 70.101229 28041.234870 -0.263034 0.606981 0.749924 -0.670152 0.444227 -0.594607 0.694053 0.658966 -0.289923
-20.818326 -31.293223 10373.384152 1899.034848 -0.190446 0.909120 0.370448 0.724908 0.384697 -0.571416 0.661996 -0.159717 0.732292
-9.956881 -29.455720 6347.288687 4026.788005 -0.403013 0.750538 0.523711 0.648371 0.638011 -0.415399 0.645906 -0.172148 0.743754
-22.876049 -35.863126 8932.133056 335.661754 -0.257826 0.856229 0.447657 0.731303 0.475736 -0.488744 0.631444 -0.201362 0.748820
4.539847 -114.011051 1511.835442 177.317515 0.393981 0.798945 0.454384 0.777875 -0.553173 0.298177 -0.489580 -0.235978 0.839420
2.911571 -114.080986 -2144.907851 -4769.294475 0.375598 0.802937 0.462838 0.710676 -0.570076 0.412254 -0.594867 -0.174086 0.784747
4.903068 -112.647643 -1512.101655 -4086.109424 0.379088 0.801768 0.462018 0.673667 -0.581413 0.456214 -0.634401 -0.138301 0.760532
4.602424 -114.270110 286.125784 -6660.669845 0.397182 0.798486 0.452401 0.707917 -0.580271 0.402665 -0.584037 -0.160331 0.795735
26.461715 -119.604775 -1468.142611 -694.867217 0.581293 0.760995 0.288073 0.416263 0.026084 -0.908870 0.699159 -0.648234 0.301612
24.255996 -119.571505 -3577.711876 -10654.855348 0.611035 0.725237 0.317280 0.391334 0.071661 -0.917454 0.688109 -0.684759 0.240022
25.122589 -117.887701 -4360.786394 12520.359455 0.605463 0.729383 0.318457 0.465199 0.000328 -0.885206 0.645759 -0.684105 0.339110
19.373507 -118.854424 -4147.593596 -10481.840021 0.622812 0.705501 0.338192 0.412406 0.071292 -0.908206 0.664851 -0.705114 0.246552
29.666561 -137.054036 -5826.003856 24947.956011 0.582401 0.750640 0.312009 0.507357 -0.035767 -0.860993 0.635136 -0.659743 0.401673
18.272300 -113.782119 -5316.175168 12249.627404 0.630248 0.701215 0.333296 0.466968 0.000598 -0.884274 0.620265 -0.712950 0.327068
20.707189 -130.211330 -5628.172004 23093.004509 0.611999 0.709311 0.349765 0.560521 -0.077033 -0.824550 0.557919 -0.700674 0.444727
28.934865 -140.243094 -3073.881553 25588.356128 0.571947 0.754258 0.322446 0.570806 -0.083649 -0.816813 0.589116 -0.651228 0.478378
-11.553545 -143.832866 -57.924387 -13633.755736 0.525488 0.811788 0.254680 -0.286400 0.450653 -0.845510 0.801147 -0.371365 -0.469309
-12.476181 -148.874075 -4846.927657 -16378.945418 0.544789 0.799437 0.253190 -0.303185 0.469281 -0.829370 0.781846 -0.375068 -0.498037
-9.426825 -160.222301 -3975.474803 -18926.399969 0.525117 0.817579 0.236255 -0.460207 0.506322 -0.729279 0.715865 -0.274230 -0.642134
7.911960 -191.226721 -6637.625012 -14156.991219 0.319316 0.866675 0.383292 -0.614226 -0.118721 0.780149 -0.721640 0.484541 -0.494424
6.820734 -189.943949 -663.335755 -9049.135264 0.351468 0.859352 0.371462 -0.683589 -0.035535 0.729002 -0.639669 0.510148 -0.574954
12.279478 -193.411959 -6746.775931 -4453.052052 0.344356 0.860278 0.375953 -0.717751 -0.016898 0.696094 -0.605188 0.509545 -0.611647
34.355023 -74.751922 -8126.740011 -7666.785336 -0.488163 -0.584254 -0.648339 0.848249 -0.142829 -0.509974 0.205353 -0.798903 0.565317
25.867121 -74.829311 -5596.072478 10816.693705 -0.484195 -0.584251 -0.651311 0.817462 -0.036677 -0.574813 0.311947 -0.810744 0.495362
31.524874 -76.169439 -5991.904055 868.752115 -0.427369 -0.560233 -0.709574 0.863155 -0.019382 -0.504566 0.268922 -0.828108 0.491851
20.128514 -73.759204 -3727.506617 6198.036997 -0.477050 -0.576013 -0.663802 0.801091 0.025673 -0.597992 0.361492 -0.817038 0.449191
20.562099 -76.383591 -2850.505164 5427.971973 -0.439968 -0.555332 -0.705716 0.814148 0.084942 -0.574411 0.378934 -0.827279 0.414750
6.315637 -131.834505 -2938.498988 -15538.365684 0.510145 0.848148 0.142817 0.842528 -0.459409 -0.281229 -0.172912 0.263795 -0.948954
9.244400 -137.869064 -1700.141777 -5509.712324 0.505859 0.847899 0.158663 0.842367 -0.445937 -0.302586 -0.185808 0.286718 -0.939823
8.124106 -135.203693 -2368.555155 1543.870269 0.488265 0.859021 0.153884 0.838049 -0.412342 -0.357278 -0.243456 0.303408 -0.921234
2.556394 -133.040130 -3441.586993 -133.536638 0.500207 0.855564 0.133431 0.835892 -0.436882 -0.332294 -0.226005 0.277749 -0.933690
0.466610 -127.268364 -4330.196190 -17850.848109 0.506374 0.851955 0.133261 0.845780 -0.460582 -0.269297 -0.168051 0.249075 -0.953793
10.061187 -311.023272 -3285.331989 6286.817744 -0.426260 0.705447 0.566257 -0.544226 -0.700006 0.462396 -0.722579 0.111071 -0.682307
6.548952 -295.116950 -689.646422 13117.610636 -0.402381 0.729627 0.552932 -0.655636 -0.651209 0.382189 -0.638930 0.208736 -0.740404
10.208111 -331.003275 -1149.644824 32228.685858 -0.380678 0.741671 0.552275 -0.773105 -0.582946 0.249966 -0.507339 0.331810 -0.795304
10.002746 -351.858698 -1494.507416 32088.101453 -0.395047 0.719846 0.570753 -0.627907 -0.665088 0.404217 -0.670575 0.198695 -0.714738
8.061931 -404.533518 -658.866994 66697.629187 -0.344878 0.745944 0.569761 -0.836226 -0.519888 0.174479 -0.426364 0.416274 -0.803075
9.530598 -387.733543 91.543992 -40168.957316 -0.319868 0.765122 0.558813 0.921488 0.388382 -0.004303 -0.220326 0.513563 -0.829282
-11.865348 -315.959049 -2143.825625 -62841.640521 -0.221066 0.736756 0.639000 0.669651 0.591008 -0.449752 0.709012 -0.328482 0.624021
-15.170569 -260.116349 -4025.258482 -45730.627410 -0.225081 0.726027 0.649787 0.799616 0.518706 -0.302586 0.556734 -0.451473 0.697294
-14.347782 -295.975773 5967.716588 -33130.947769 0.259464 -0.694232 -0.671357 0.838079 0.507296 -0.200684 0.479898 -0.510580 0.713447
-9.547862 -314.520690 -2771.890779 -31071.236572 -0.243968 0.704235 0.666733 0.763001 0.563745 -0.316260 0.598589 -0.431561 0.674868
-17.723538 -298.516107 7296.910544 24563.498681 0.338405 -0.664229 -0.666545 0.910191 0.410821 0.052712 0.238818 -0.624521 0.743599
-11.023989 -333.352160 4846.717978 42627.961995 0.307420 -0.664436 -0.681189 0.871287 0.484339 -0.079216 0.382561 -0.569158 0.727809
-39.201297 -78.718600 -1639.204096 -247.949348 0.304241 0.942719 0.136814 -0.366368 0.248373 -0.896708 0.879325 -0.222691 -0.420948
-41.341895 -75.107845 -5728.178609 -2028.508777 0.312436 0.947268 0.071188 -0.253678 0.155418 -0.954721 0.915441 -0.280230 -0.288859
-36.910087 -75.124525 -6815.345999 -1229.536901 0.359027 0.926811 0.110092 -0.299222 0.226030 -0.927026 0.884062 -0.299886 -0.358473
-36.710602 -79.638367 -6375.185231 -1871.298273 0.365533 0.915848 0.166156 -0.423369 0.322566 -0.846587 0.828942 -0.239110 -0.505650
-38.234416 -80.547515 -1171.223957 -2485.638809 0.301645 0.939961 0.159636 -0.452527 0.288524 -0.843785 0.839184 -0.182284 -0.512390
-33.834624 -80.600710 8527.072856 -1216.911714 0.220203 0.966287 0.133421 -0.454824 0.222709 -0.862285 0.862929 -0.129194 -0.488532
-34.740283 -77.035716 -8386.323629 445.009450 0.384685 0.912507 0.139097 -0.365408 0.288929 -0.884871 0.847640 -0.289570 -0.444584
2.781055 -170.820891 -6586.424288 4727.701443 0.081301 -0.611895 -0.786750 0.883240 0.409986 -0.227594 0.461820 -0.676385 0.573782
6.053305 -182.481269 -5001.049270 10856.290236 0.067830 -0.609335 -0.790006 0.920065 0.344435 -0.186668 0.385849 -0.714195 0.583991
0.462504 -184.666346 -5302.310789 15983.338285 0.093611 -0.600188 -0.794362 0.955435 0.278516 -0.097843 0.279966 -0.749802 0.599512
-3.015667 -189.605573 -5382.979323 16972.225643 0.118454 -0.594375 -0.795416 0.950224 0.300332 -0.082915 0.288172 -0.746002 0.600365
-41.031769 -1001.430432 28294.037521 -615928.247903 -0.521943 0.837959 0.159373 0.499835 0.149063 0.853197 -0.691187 -0.524981 0.496644
-59.250906 -721.790616 52599.667684 -485718.243516 -0.511285 0.842732 0.168493 0.523574 0.149970 0.838677 -0.681512 -0.517022 0.517910
-104.011442 -8404.276049 -66725.094934 -7862209.601260 0.318915 -0.891978 -0.320419 0.933825 0.237910 0.267151 -0.162062 -0.384414 0.908824
-16.097331 -1311.243024 8561.348197 -713058.201471 0.401048 -0.882186 -0.246797 0.871020 0.283795 0.400980 -0.283699 -0.375778 0.882217
-18.665955 -4899.932025 -33526.677301 -4349626.472463 0.385208 -0.887716 -0.252139 0.910678 0.321478 0.259456 -0.149266 -0.329562 0.932260
-4629.741722 -11731.084937 -1594812.086107 6868756.333492 -0.635292 0.725262 -0.265327 0.074567 0.399568 0.913666 -0.768663 -0.560660 0.307923
-1415.300814 -3957.109506 -785453.609988 -4812399.545012 -0.065437 0.037805 -0.997140 0.990140 -0.121573 -0.069587 -0.123856 -0.991862 -0.029477
-1761.784274 -3081.846087 1914326.432406 -78186.234582 0.914685 0.402452 0.037183 0.168843 -0.296909 -0.939860 0.367209 -0.865955 0.339530
-363.425052 -3103.335779 -300465.418996 -700291.809419 -0.214480 -0.628536 -0.747623 0.949879 0.044010 -0.309503 0.227437 -0.776534 0.587594
1684.254423 -326947.047523 -157212.253520 359929497.872710 -0.024675 0.761447 0.647758 0.746192 -0.417170 0.518813 -0.665274 -0.496153 0.557892
20.141479 -75.189326 23230.427305 3703.471636 0.841445 0.502216 0.199372 -0.238232 0.675985 -0.697344 0.484990 -0.539280 -0.688449
35.362848 -86.811119 25049.770486 -2175.092103 0.822820 0.562897 0.078194 -0.302745 0.550606 -0.777932 0.480949 -0.616425 -0.623464
6.761728 -79.928145 14913.896632 -304.826288 0.825486 0.546345 0.141706 -0.238704 0.565435 -0.789495 0.511462 -0.617892 -0.597174
11.959497 -81.793546 -3859.245050 -6370.379697 -0.376452 -0.538102 -0.754142 0.804643 0.213542 -0.554030 0.459166 -0.815381 0.352591
5.825983 -83.124249 -6324.540963 -12729.721837 -0.431918 -0.588165 -0.683747 0.750365 0.186275 -0.634235 0.500400 -0.786997 0.360883
0.249283 -78.202385 -3709.426245 -2598.765442 -0.369833 -0.544122 -0.753097 0.739614 0.318156 -0.593083 0.562312 -0.776343 0.284775
4.063807 -81.768023 3546.940088 -13299.100343 -0.342131 -0.494104 -0.799255 0.812920 0.270971 -0.515496 0.471284 -0.826097 0.308959
-3.400471 -83.119846 -916.501778 -3546.593934 0.343490 0.870512 0.352453 -0.300195 -0.253829 0.919486 -0.889886 0.421639 -0.174136
-3.397403 -82.220187 -762.156953 -683.963722 0.337479 0.873037 0.352015 -0.209013 -0.295122 0.932318 -0.917835 0.388214 -0.082878
-5.809918 -84.236449 693.926250 520.864721 0.355205 0.864312 0.356081 -0.191571 -0.305531 0.932712 -0.914948 0.399519 -0.057051
-18.239522 -159.771605 -1153.722065 9005.403533 0.519337 0.836492 0.174846 0.714352 -0.537236 0.448418 -0.469032 0.107978 0.876556
-22.009909 -149.135369 -855.497994 5730.572277 0.498189 0.852040 0.160734 0.820638 -0.523187 0.229843 -0.279929 -0.017399 0.959863
-13.737223 -149.125915 2050.883321 5015.573920 0.498135 0.855991 0.138352 0.774068 -0.510894 0.373907 -0.390744 0.079162 0.917089
-9.176684 -159.068264 1958.909127 8336.745860 0.512398 0.847224 0.140217 0.685130 -0.501757 0.528049 -0.517731 0.174504 0.837558
-8.495836 -175.411730 2298.577201 10071.723428 0.525979 0.835624 0.158363 0.580178 -0.488678 0.651603 -0.621884 0.250851 0.741845
-32.946766 -52.802655 6840.657281 254.909214 -0.708142 -0.658552 0.254646 -0.506133 0.724920 0.467249 -0.492306 0.201993 -0.846660
-40.772352 -54.584857 4296.893736 1277.734647 -0.826778 -0.475003 0.301347 -0.328795 0.842725 0.426273 -0.456434 0.253352 -0.852925
-34.892655 -53.833067 7957.142452 -49.594508 -0.758861 -0.592641 0.270013 -0.472997 0.786544 0.397016 -0.447665 0.173564 -0.877195
-28.323147 -51.119036 10252.800881 -2068.926592 -0.675791 -0.700610 0.229024 -0.603767 0.704386 0.373236 -0.422814 0.113953 -0.899023
-20.003475 -50.850220 -7901.756957 -1201.685501 0.589430 0.784317 -0.193440 -0.664205 0.606835 0.436559 -0.459786 0.128837 -0.878634
-76.830250 -1210.837465 -55874.364084 568096.006637 -0.529307 0.414506 -0.740283 -0.103658 0.834401 0.541322 0.842075 0.363262 -0.398687
-186.264586 -1798.146817 -188837.687954 932672.914144 -0.405350 0.544758 -0.734119 0.128410 0.829019 0.544277 0.905098 0.126355 -0.405995
-664.034985 -1944.430385 -320528.961027 997011.298862 0.953357 -0.300634 -0.027019 0.217090 0.620716 0.753381 0.209721 0.724107 -0.657029
-953.821439 -9245.726953 -1133473.413573 6087097.331511 -0.905793 0.183841 -0.381760 0.204537 0.978759 -0.013967 0.371084 -0.090735 -0.924156
-84.447361 -1401.198915 -84218.552108 800877.610323 -0.684512 0.490387 -0.539410 -0.005786 0.736253 0.676682 0.728978 0.466319 -0.501136
-296.588500 -1378.381620 54664.439672 678708.093074 -0.593985 0.557234 -0.580235 0.047932 0.744491 0.665910 0.803047 0.367728 -0.468926
-108.771800 -1605.936632 -36662.251615 829560.550126 -0.544224 0.198996 -0.814997 -0.312667 0.853361 0.417150 0.778498 0.481846 -0.402200
24.421450 -134.955746 1497.256023 8488.473972 0.173816 0.667916 0.723654 0.404900 0.621383 -0.670776 0.897688 -0.409599 0.162433
41.422778 -124.615460 6529.232729 -23598.267939 0.226652 0.746950 0.625055 0.324727 0.547085 -0.771524 0.918249 -0.377840 0.118557
34.025917 -121.519360 -153.417703 -29006.541597 0.315864 0.745577 0.586809 0.332184 0.492428 -0.804467 0.888754 -0.449031 0.092128
7.825544 -112.922742 -3784.747056 2765.087882 0.202989 0.668063 0.715882 0.447633 0.586923 -0.674645 0.870873 -0.457398 0.179908
17.520312 -106.339004 -9948.044904 -29055.245754 0.435936 0.760135 0.481824 0.381807 0.328602 -0.863854 0.814974 -0.560549 0.146975
31.386206 -138.959061 -20587.114802 -17790.304681 0.502759 0.736021 0.453328 0.251978 0.376868 -0.891335 0.826886 -0.562356 -0.004012
43.006701 -157.711152 -6337.439064 -20508.293155 0.391219 0.734061 0.555070 0.145924 0.546032 -0.824958 0.908655 -0.403738 -0.106501
30.905941 -215.948305 -15284.969619 -8820.442470 0.511969 0.718546 0.470723 -0.061462 0.577224 -0.814270 0.856802 -0.387949 -0.339684
42.401168 -187.292994 -15675.916064 -12884.310946 0.454474 0.713927 0.532693 0.006009 0.595550 -0.803296 0.890740 -0.368278 -0.266372
52.042982 -231.202489 -12203.987527 -43761.962107 0.440355 0.703862 0.557374 -0.169023 0.674697 -0.718482 0.881770 -0.222178 -0.416075
41.899810 -251.605097 -20361.203466 -44857.160813 0.522025 0.686174 0.506612 -0.229837 0.685162 -0.691179 0.821380 -0.244375 -0.515379
51.189023 -347.710767 -19808.152317 -116017.826874 0.471794 0.710715 0.521819 -0.386272 0.698616 -0.602270 0.792593 -0.082584 -0.604132
-102.140584 -146.594947 6259.302439 15534.718415 0.728554 0.604567 -0.322039 0.122808 0.347236 0.929702 -0.673890 0.716886 -0.178735
-92.921378 -135.429240 2131.930256 9863.818255 0.759267 0.642464 0.103701 -0.164817 0.035681 0.985679 -0.629563 0.765485 -0.132980
-76.313860 -121.805303 746.636512 15796.429469 0.753870 0.551211 0.357558 -0.275480 -0.228881 0.933662 -0.596482 0.802359 0.020699
19.621621 -70.394778 -52269.281431 -20767.577515 0.713226 -0.417703 0.562879 0.287831 0.906745 0.308168 -0.639110 -0.057780 0.766942
-5.857121 -81.681351 -48097.149929 -9189.315052 0.777127 -0.305543 0.550197 0.238909 0.952023 0.191244 -0.582234 -0.017174 0.812840
-23.031488 -109.052318 -7643.768056 -30008.987735 0.836033 0.125339 0.534171 -0.115956 0.991931 -0.051265 -0.536286 -0.019081 0.843821
-36.422216 -133.150153 42411.135220 -75572.440716 0.897615 0.034112 0.439459 -0.121485 0.977532 0.172259 -0.423709 -0.208010 0.881591
16.119046 -72.112906 18819.158407 565.352321 0.684806 0.611674 0.396101 -0.426068 0.777044 -0.463324 -0.591191 0.148520 0.792739
-11.463107 -67.980128 16669.902833 605.572868 0.714885 0.565950 0.410659 -0.397797 0.812163 -0.426788 -0.575063 0.141745 0.805736
35.532498 -72.045411 18991.434470 5768.304020 0.672466 0.612554 0.415412 -0.362291 0.761863 -0.536945 -0.645395 0.210577 0.734250
-6.566420 -72.538598 17967.167048 536.508360 0.689393 0.617394 0.378896 -0.496854 0.783639 -0.372890 -0.527138 0.068812 0.846989
40.033006 -77.806617 18413.258425 760.750850 0.638758 0.658807 0.397443 -0.461380 0.741354 -0.487363 -0.615725 0.127935 0.777506
22.078623 -75.883150 14986.710466 -835.636303 0.632448 0.677080 0.376262 -0.529992 0.732495 -0.427270 -0.564906 0.070810 0.822112
56.273976 -144.830498 -24970.077662 47884.394634 -0.664911 0.248279 0.704451 -0.070768 0.917954 -0.390323 -0.743563 -0.309383 -0.592787
19.347690 -168.539948 -15794.796289 49610.448325 -0.685113 0.229922 0.691199 -0.106351 0.907140 -0.407168 -0.720631 -0.352466 -0.597041
25.537723 -112.977338 -15402.473966 -15706.894469 -0.664359 0.119717 0.737764 -0.013519 0.985002 -0.172010 -0.747291 -0.124250 -0.652777
60.389918 -98.709980 -26431.334475 10116.978463 -0.652232 0.193030 0.733030 -0.015923 0.963331 -0.267843 -0.757852 -0.186368 -0.625242
-13.255059 -67.217992 2964.614951 7260.923038 0.541399 0.814319 0.209216 0.190711 -0.361297 0.912740 -0.818851 0.454256 0.350906
-15.084245 -67.598899 -171.602501 -44.157267 0.528392 0.808544 0.258958 0.074290 -0.347877 0.934592 -0.845744 0.474593 0.243882
-10.424621 -66.554712 -19.270298 -2729.173185 0.514688 0.836698 0.187168 0.122421 -0.287784 0.949839 -0.848592 0.465958 0.250548
-11.237756 -72.402248 -2258.241199 -11343.412008 0.499169 0.848779 0.174368 0.032119 -0.219218 0.975147 -0.865909 0.481162 0.136689
-16.502088 -71.254696 -3297.997525 -4352.670705 0.504054 0.836931 0.213251 0.009072 -0.252030 0.967677 -0.863625 0.485826 0.134629
5.998709 -117.262012 -672.668630 5886.969184 0.643398 0.765453 0.010934 -0.106190 0.103385 -0.988957 0.758131 -0.635132 -0.147801
9.928049 -118.187235 -778.987814 8170.939454 0.635774 0.771512 0.023666 -0.160063 0.161772 -0.973761 0.755097 -0.615304 -0.226341
6.100493 -113.960257 242.337673 4889.380877 0.646184 0.763044 -0.014504 -0.129631 0.091010 -0.987377 0.752092 -0.639907 -0.157723
11.051015 -113.382569 1422.759829 5568.689350 0.624312 0.781174 0.001568 -0.267558 0.215716 -0.939084 0.733926 -0.585862 -0.343684
68.466396 -160.887075 -7655.191889 -43288.965423 0.440176 0.835581 -0.328709 -0.126483 -0.304730 -0.944003 0.888958 -0.457103 0.028448
59.856883 -160.857951 5879.300286 -33829.272149 0.378603 0.867191 -0.323481 -0.172724 -0.277161 -0.945171 0.909300 -0.413718 -0.044850
7.233887 -240.747761 -3367.552196 -11959.346063 0.576337 0.813433 -0.078500 -0.293429 0.116330 -0.948877 0.762716 -0.569907 -0.305730
8.480168 -225.580131 -1767.339869 -13842.700353 0.580129 0.814449 -0.011111 -0.000240 -0.013470 -0.999909 0.814525 -0.580079 0.007619
7.032569 -249.599283 -3533.341507 -11841.105389 0.574548 0.817426 -0.041343 -0.125700 0.038213 -0.991332 0.808761 -0.574765 -0.124706
7.391347 -264.808635 -2279.557365 -9941.582419 0.551130 0.828714 -0.097407 -0.413142 0.169590 -0.894736 0.724962 -0.533359 -0.435843
5.345484 -280.745390 1315.449298 -193.894157 0.537649 0.840646 -0.065170 -0.307608 0.123596 -0.943452 0.785054 -0.527293 -0.325041
-32.681496 -72.970346 14848.390907 -4010.941819 0.914799 0.263621 0.306018 -0.378279 0.293587 0.877902 -0.141590 0.918864 -0.368295
-26.918629 -65.190730 12437.819205 -241.200141 0.982415 0.160744 0.094988 -0.157011 0.435929 0.886179 -0.101040 0.885509 -0.453502
-4.767278 -148.214526 -924.285473 23065.529806 0.377411 0.925606 0.028558 0.546163 -0.247388 0.800315 -0.747841 0.286450 0.598899
-5.906000 -144.314802 -7263.517816 5300.076587 0.373571 0.924900 0.070742 0.586292 -0.294527 0.754662 -0.718823 0.240444 0.652289
-8.719184 -139.757027 1446.848852 1653.480741 0.393842 0.918709 0.029365 0.617363 -0.288056 0.732042 -0.680992 0.270180 0.680626
21.334627 -73.492471 5146.417768 -9438.792689 0.702796 0.708979 -0.058543 -0.056493 0.137655 0.988868 -0.709145 0.691665 -0.136796
32.766091 -70.313444 539.012306 -18371.709049 0.698601 0.710859 -0.081461 -0.119657 0.228316 0.966206 -0.705435 0.665245 -0.244561
25.832159 -72.649451 8154.953087 -18800.920135 0.714421 0.699676 -0.007428 -0.150307 0.163825 0.974971 -0.683381 0.695424 -0.222206
10.635010 -77.936841 9903.063473 -2217.135485 0.719325 0.693718 0.036417 -0.078611 0.029202 0.996478 -0.690211 0.719654 -0.075539
16.662600 -76.774696 5403.871937 8827.890996 0.705159 0.708265 -0.033323 0.024276 0.022854 0.999444 -0.708633 0.705576 0.001078
-12.419035 -242.077821 -2783.137170 -18918.326395 0.597749 -0.121347 -0.792446 0.046354 0.992056 -0.116948 0.800342 0.033172 0.598626
-12.251160 -72.206036 3520.406023 -6411.929526 0.660430 0.175897 -0.729995 -0.045000 0.979700 0.195353 0.749538 -0.096167 0.654938
-8.027272 -70.472747 -93.282426 -7465.015993 0.655270 0.193858 -0.730096 -0.010872 0.968829 0.247491 0.755316 -0.154236 0.636953
-8.668397 -80.047419 -1322.351810 -6511.384292 0.658367 0.137820 -0.739972 -0.056731 0.989383 0.133798 0.750556 -0.046109 0.659196
106.342749 -699.410714 54083.075709 -95240.186547 -0.526362 0.334153 0.781847 -0.232868 0.827724 -0.510534 -0.817750 -0.450793 -0.357869
112.453818 -803.157746 31690.581681 -179599.227340 -0.652446 0.212849 0.727331 -0.191848 0.882095 -0.430236 -0.733150 -0.420242 -0.534684
84.720294 -1221.038743 38566.474888 -605195.474783 -0.696173 0.136212 0.704833 0.069378 0.990004 -0.122797 -0.714514 -0.036588 -0.698664
16.053403 -80.858269 603.578757 2821.702381 -0.610364 -0.737932 -0.287945 0.786434 -0.608009 -0.108846 -0.094752 -0.292885 0.951441
16.039877 -81.525361 10670.971894 3138.262630 -0.622554 -0.725661 -0.292989 0.759361 -0.650667 -0.001979 -0.189202 -0.223716 0.956114
24.137814 -79.450897 22267.966505 2700.594731 -0.595552 -0.740824 -0.310641 0.792126 -0.605891 -0.073698 -0.133617 -0.289958 0.947666
14.882702 -84.742085 -13939.198410 1108.740008 -0.645095 -0.718842 -0.259071 0.742822 -0.669443 0.007848 -0.179075 -0.187381 0.965826
28.932834 -78.754047 15891.510396 1308.703309 -0.597821 -0.749315 -0.284846 0.799951 -0.580619 -0.151527 -0.051845 -0.318449 0.946521
21.965564 -76.762618 3153.772330 4581.121477 -0.594282 -0.747268 -0.297353 0.804251 -0.550841 -0.223055 0.002888 -0.371704 0.928347
25.833219 -78.913438 -11715.950082 4826.374975 -0.611063 -0.740167 -0.280633 0.791165 -0.582578 -0.186174 -0.025691 -0.335791 0.941586
24.724914 -83.831688 -16356.903141 1275.743246 -0.626898 -0.731997 -0.266795 0.770619 -0.632976 -0.074074 -0.114653 -0.252034 0.960902
-6.626786 -40.367353 3192.217964 7429.787432 -0.471753 -0.713308 -0.518306 0.858947 -0.239014 -0.452860 0.199147 -0.658835 0.725450
-4.148082 -32.110366 1388.474530 5441.680020 -0.438635 -0.722769 -0.534045 0.873010 -0.201728 -0.444026 0.213197 -0.660992 0.719470
-4.577376 -28.209186 -107.491514 4797.373628 -0.392926 -0.735066 -0.552528 0.887758 -0.146549 -0.436358 0.239780 -0.661968 0.710143
0.497851 -121.721859 3971.003552 -4974.202992 0.710833 -0.202352 -0.673625 -0.599512 -0.675165 -0.429811 0.367835 -0.709370 0.601242
-4.159441 -135.823608 -1531.052989 5552.618638 0.750945 -0.161924 -0.640205 -0.454441 -0.830119 -0.323089 0.479130 -0.533557 0.696958
-5.983098 -132.256656 2424.545596 -900.824460 0.728100 -0.177644 -0.662052 -0.528179 -0.761016 -0.376672 0.436919 -0.623937 0.647923
-3.342204 -125.056638 -50.860627 3215.902322 0.737245 -0.183226 -0.650306 -0.513955 -0.776861 -0.363782 0.438543 -0.602424 0.666907
6.587903 -49.776471 -16.689069 -753.577337 0.647196 0.762255 0.010200 0.731389 -0.624652 0.273642 -0.214957 0.169640 0.961777
4.421808 -51.011400 -7375.037169 -41.014771 0.592233 0.805195 0.030351 0.762476 -0.572197 0.302028 -0.260558 0.155729 0.952816
9.155062 -50.756064 -9042.286656 891.945361 0.611814 0.789610 0.046895 0.726478 -0.584371 0.361581 -0.312912 0.187152 0.931160
-2.383048 -67.867500 -4373.490738 -12881.678180 0.449616 0.867767 0.211724 0.362588 -0.393938 0.844596 -0.816319 0.302975 0.491762
-6.328317 -74.882066 -3196.166964 5216.684437 0.441905 0.878394 0.182056 0.347808 -0.354842 0.867823 -0.826892 0.320175 0.462319
-5.194193 -76.197786 -5339.798759 4889.124001 0.430896 0.885755 0.172532 0.355866 -0.342488 0.869518 -0.829270 0.313273 0.462787
-0.474916 -71.464390 -3434.146982 -12605.357845 0.434355 0.883286 0.176468 0.379977 -0.357310 0.853198 -0.816672 0.303537 0.490828
-1.274358 -77.155511 -2420.655349 5947.196416 0.425980 0.891549 0.153890 0.365037 -0.325002 0.872423 -0.827822 0.315459 0.463893
-5.313489 -74.009916 -3148.645621 18115.285709 0.420143 0.895668 0.145801 0.345627 -0.306502 0.886904 -0.839060 0.322234 0.438342
47.917894 -147.056104 8596.155434 -5180.327315 0.264551 0.942990 -0.201948 -0.705920 0.332030 0.625646 -0.657031 0.022956 -0.753514
51.530893 -164.948638 4355.391138 -19725.235023 0.261676 0.938019 -0.227257 -0.622644 0.343978 0.702847 -0.737455 0.042418 -0.674063
48.087069 -157.299282 -451.692660 -14403.025374 0.200404 0.950573 -0.237168 -0.742133 0.305328 0.596669 -0.639592 -0.056435 -0.766640
