12947
25882
-22.115712 -33.900002 849.116432 2802.702222 -0.737023 -0.397172 -0.546856 0.012364 0.801058 -0.598458 0.675755 -0.447839 -0.585487
-29.911997 -41.517219 -172.809975 2656.535298 -0.672962 -0.370229 -0.640353 0.170581 0.764705 -0.621393 0.719739 -0.527406 -0.451463
-23.982792 -47.243036 1234.060368 4742.012477 -0.687501 -0.161688 -0.707954 0.298358 0.825921 -0.478368 0.662061 -0.540103 -0.519581
-23.610911 -33.316332 539.597888 1522.542166 0.584884 0.781644 0.216664 -0.298712 0.455914 -0.838400 0.754110 -0.425647 -0.500143
-13.264817 -45.397811 2542.961510 4624.121504 -0.781658 -0.174585 -0.598774 0.178857 0.856961 -0.483351 0.597512 -0.484910 -0.638625
-18.447575 -27.030227 1806.706881 2298.368920 -0.783418 -0.386046 -0.487057 -0.079613 0.839566 -0.537393 0.616374 -0.382227 -0.688466
-19.501558 -26.654828 308.110598 1626.229407 0.543714 0.834332 0.090919 -0.480858 0.398473 -0.781022 0.687860 -0.380933 -0.617850
-23.772088 -40.395461 95.401340 493.404619 -0.354291 0.892488 -0.279183 0.285391 -0.181111 -0.941143 0.890522 0.413115 0.190542
-23.026002 -38.350498 7.234308 630.822913 -0.329832 0.886283 -0.325136 0.124651 -0.300507 -0.945599 0.935774 0.352418 0.011359
-24.296393 -38.867984 -186.773350 852.241213 -0.417308 0.849544 -0.322690 0.227038 -0.246364 -0.942209 0.879947 0.466455 0.090069
-24.226027 -40.270750 -1.732459 599.302619 -0.247338 0.935059 -0.253946 0.207790 -0.204804 -0.956493 0.946386 0.289344 0.143640
-24.262977 -40.535776 -89.294804 114.826316 -0.435416 0.857820 -0.273052 0.382138 -0.098508 -0.918840 0.815097 0.504421 0.284914
-24.147085 -41.107630 7.123070 222.179673 -0.276740 0.930596 -0.239597 0.356682 -0.132047 -0.924847 0.892296 0.341402 0.295384
-24.149492 -40.827425 371.418733 -155.952392 -0.350952 0.896250 -0.271235 0.449510 -0.092852 -0.888436 0.821446 0.433721 0.370287
-5.880418 -21.968924 301.377256 -866.900046 0.952897 0.125366 -0.276171 0.208039 0.392419 0.895951 -0.220696 0.911203 -0.347854
-4.621679 -20.240437 353.837506 -503.865116 0.880313 0.017939 -0.474053 0.422930 0.422981 0.801384 -0.214892 0.905961 -0.364769
-2.785752 -19.534862 608.884072 -674.017096 0.933043 0.095790 -0.346778 0.261853 0.480168 0.837181 -0.246705 0.871931 -0.422934
-5.867435 -23.069180 263.252529 -898.852132 0.967105 0.211707 -0.141026 0.053541 0.372565 0.926460 -0.248680 0.903535 -0.348974
-6.606315 -8.752415 506.247125 644.959578 0.916454 0.231606 0.326298 -0.368908 0.173212 0.913184 -0.154981 0.957265 -0.244182
-7.097296 -8.955950 791.337508 222.494762 0.520171 0.295772 0.801212 0.834104 0.025690 -0.551009 -0.183556 0.954913 -0.233341
-4.423832 -7.553721 621.175460 421.843021 0.317162 0.266647 0.910114 0.933541 0.081273 -0.349137 -0.167064 0.960361 -0.223149
-4.600850 -6.713660 489.720401 263.472850 0.830588 0.243329 0.500914 -0.539064 0.125560 0.832853 -0.139763 0.961783 -0.235458
-5.571005 -10.633758 485.007665 904.916402 0.976514 0.172394 0.129234 -0.169285 0.242861 0.955176 -0.133280 0.954620 -0.266341
-0.881297 -18.494211 1555.067290 469.041243 0.790415 0.560464 0.247234 0.047245 0.346622 -0.936814 0.610747 -0.752153 -0.247496
-0.190511 -20.184895 1431.829228 172.626365 0.794928 0.588025 0.149386 0.033272 0.203603 -0.978488 0.605791 -0.782798 -0.142285
-6.215083 -18.060921 1666.158368 464.401888 0.797359 0.582449 0.158024 -0.002316 0.264795 -0.964302 0.603501 -0.768529 -0.212486
-6.874996 -19.385984 1552.400714 141.267449 0.801770 0.596607 0.034997 -0.040634 0.112844 -0.992782 0.596250 -0.794560 -0.114717
-11.698584 -17.237162 1129.862266 548.716582 0.825979 0.563555 0.012790 -0.099721 0.168413 -0.980659 0.554810 -0.808729 -0.195304
-10.453088 -15.794923 1040.852803 464.670731 0.823529 0.499349 0.269166 0.078196 0.370035 -0.925721 0.561859 -0.783406 -0.265687
0.278128 -89.486521 37.360198 1547.263579 0.899292 0.437269 -0.008334 -0.215445 0.426341 -0.878531 0.380601 -0.791852 -0.477612
1.311620 -93.001597 34.205989 358.820916 0.903077 0.429020 0.019846 -0.070520 0.193709 -0.978521 0.423649 -0.882280 -0.205189
1.236087 -100.399498 -228.980933 1862.061628 0.907060 0.420883 -0.009994 -0.165888 0.335491 -0.927322 0.386941 -0.842795 -0.374130
38.703378 -9.567562 -3904.664569 468.028446 0.702367 0.246435 0.667796 0.588663 0.326358 -0.739572 0.400196 -0.912557 -0.084156
37.981970 -9.225288 -3489.553744 49.909422 0.736975 0.254749 0.626076 0.546620 0.320212 -0.773738 0.397586 -0.912451 -0.096737
24.513413 -9.496242 -3633.954650 -360.182933 0.771761 0.130524 0.622373 0.564800 0.309033 -0.765179 0.292208 -0.942052 -0.164780
36.479290 -11.909937 -3565.879517 -662.506839 0.760145 0.270241 0.590888 0.511256 0.312472 -0.800611 0.400994 -0.910676 -0.099362
22.074776 -7.054211 -3096.817817 146.561342 0.764240 0.137128 0.630184 0.573883 0.301253 -0.761515 0.294270 -0.943633 -0.151534
10.330530 -7.688948 -3204.316161 -440.274031 0.812891 0.060533 0.579261 0.543938 0.276600 -0.792227 0.208180 -0.959077 -0.191920
20.447127 -11.490406 -3627.369667 -797.513880 0.783101 0.105403 0.612897 0.552807 0.333480 -0.763673 0.284882 -0.936847 -0.202880
7.623398 -10.009612 -3317.978432 -770.679041 0.771719 0.020736 0.635626 0.600061 0.307324 -0.738565 0.210658 -0.951379 -0.224725
-1.179686 -59.692363 3.691395 1533.449769 -0.210939 0.418042 0.883598 0.895149 0.445759 0.002802 -0.392700 0.791543 -0.468238
-0.998673 -62.818757 -102.390512 97.694170 -0.215737 0.423302 0.879928 0.938932 0.337331 0.067925 -0.268074 0.840847 -0.470226
-1.998884 -68.286498 -203.705623 1912.477575 -0.257378 0.400715 0.879309 0.831583 0.555317 -0.009658 -0.492166 0.728732 -0.476154
-1.174668 -61.725405 -46.688393 1537.817770 -0.232612 0.409692 0.882068 0.915106 0.399326 0.055851 -0.329351 0.820178 -0.467799
-8.397226 -50.593069 -371.825268 670.690676 0.828376 0.557325 0.056414 -0.246369 0.272028 0.930217 -0.503087 0.784468 -0.362649
-9.009269 -49.114319 -186.299594 543.295027 0.853235 0.517480 0.064841 -0.268541 0.329354 0.905214 -0.447074 0.789773 -0.419981
-8.323422 -52.116593 -404.009909 702.977569 0.838405 0.542810 0.049337 -0.332539 0.437701 0.835366 -0.431850 0.716781 -0.547476
14.981535 -73.049914 -2078.149600 2228.662897 0.685329 0.625943 0.372182 -0.185643 0.644355 -0.741851 -0.704174 0.439319 0.557797
15.874786 -66.365947 -2853.288883 -3144.255198 0.638600 0.681268 0.357860 0.051493 -0.501819 0.863439 -0.767814 0.532965 0.355542
22.214828 -64.166666 -1135.390095 -3502.548619 0.731222 0.578079 0.362131 -0.013374 -0.518625 0.854897 -0.682008 0.629963 0.371499
19.686851 -72.434431 -17.535621 2779.941992 0.789457 0.513143 0.336811 -0.123795 0.670558 -0.731455 -0.601192 0.535757 0.592902
14.627125 -151.998102 -288.201198 -15791.206237 0.310870 -0.362870 -0.878456 -0.209683 0.875294 -0.435767 0.927034 0.319664 0.196015
7.551212 -152.888577 -1426.491420 -5154.231420 0.407554 -0.353224 -0.842100 -0.513065 0.674281 -0.531141 0.755423 0.648520 0.093579
9.088763 -142.968476 -325.921094 -4991.710652 0.295147 -0.366680 -0.882289 -0.548715 0.690907 -0.470700 0.782176 0.623051 0.002716
-11.131997 -22.330223 -776.832212 -33.031773 0.941057 0.287127 0.178804 -0.337179 0.838310 0.428424 0.026881 0.463460 -0.885710
-13.121181 -23.160563 -700.127279 36.983141 0.924598 0.297925 0.237401 -0.374514 0.824911 0.423393 0.069695 0.480378 -0.874288
-12.362197 -22.528180 -738.123483 108.055374 0.895046 0.383795 0.227144 -0.440530 0.840197 0.316233 0.069477 0.383107 -0.921087
-9.382840 -21.563202 -518.078657 9.796356 0.933389 0.320730 0.160992 -0.358821 0.841334 0.404233 0.005799 0.435073 -0.900376
36.068010 -304.417740 3306.356820 -30027.974792 0.438553 -0.609722 -0.660235 0.889658 0.190557 0.414966 -0.127202 -0.769368 0.626014
24.443256 -459.739994 1551.323841 -68439.906095 0.406265 -0.681078 -0.609164 0.882587 0.465118 0.068590 0.236619 -0.565506 0.790072
25.733017 -699.099748 -535.531397 -141073.643544 0.470906 -0.565134 -0.677401 0.841799 0.517524 0.153436 0.263859 -0.642489 0.719434
24.563563 -272.366814 4293.064470 -13899.075052 0.477746 -0.529162 -0.701246 0.878205 0.267072 0.396772 -0.022674 -0.805394 0.592306
-0.735754 -14.827121 1602.434526 1130.918990 0.463738 0.860532 0.210787 -0.791844 0.509286 -0.337064 0.397405 0.010601 -0.917582
-5.083726 -18.018454 1373.937366 1616.130884 0.377301 0.911576 0.163321 -0.826924 0.411017 -0.383747 0.416943 -0.009734 -0.908881
-8.136121 -12.397127 621.242573 706.245798 0.146352 0.987816 0.052919 -0.921360 0.155589 -0.356214 0.360108 -0.003376 -0.932905
-9.601899 -29.059396 -73.027320 -472.986879 0.931382 0.355712 0.077438 -0.120007 0.099177 0.987807 -0.343695 0.929318 -0.135060
-9.364126 -28.683658 49.062517 -599.502879 0.951055 0.303802 0.056568 -0.105521 0.147214 0.983460 -0.290449 0.941293 -0.172066
-8.691037 -27.236089 46.159588 -897.842009 0.939357 0.338018 0.057892 -0.143684 0.234642 0.961404 -0.311388 0.911420 -0.268981
-9.819635 -29.251570 6.485550 24.566407 0.945977 0.304419 0.111604 -0.116762 -0.001269 0.993159 -0.302478 0.952537 -0.034345
-10.030472 -28.339872 -77.774837 -163.491064 0.916755 0.396020 0.052241 -0.076060 0.044673 0.996102 -0.392143 0.917155 -0.071075
-9.521751 -28.899349 -68.063854 307.635730 0.933819 0.344028 0.098118 -0.085228 -0.052430 0.994981 -0.347446 0.937494 0.019640
-13.957188 -23.597074 -109.380120 -134.536385 0.207799 0.724831 0.656840 -0.657529 -0.393649 0.642414 -0.724206 0.565385 -0.394797
-13.448998 -24.264691 80.143638 -128.881144 0.181918 0.765660 0.616985 -0.705347 -0.335569 0.624403 -0.685121 0.548779 -0.479010
-13.605453 -24.567384 -60.745851 -133.334047 0.127210 0.731011 0.670403 -0.645149 -0.452404 0.615722 -0.753393 0.510836 -0.414061
3.697178 -18.824396 2737.650612 101.938853 -0.043726 0.129984 0.990551 0.750467 0.658753 -0.053316 -0.659459 0.741045 -0.126354
-5.230617 -18.584949 1848.747922 284.853766 0.014869 0.230031 0.973070 0.794538 0.588097 -0.151166 -0.607032 0.775389 -0.174024
-6.478409 -19.895423 2014.626386 202.422395 0.049815 0.264492 0.963100 0.724525 0.654156 -0.217123 -0.687445 0.708607 -0.159045
5.116630 -20.213286 3273.233281 2.709015 -0.016238 0.124690 0.992063 0.688580 0.720809 -0.079326 -0.724979 0.681826 -0.097563
1.948417 -20.577707 3049.840186 235.402545 0.029939 0.178383 0.983505 0.650957 0.743202 -0.154614 -0.758524 0.644849 -0.093869
-25.761368 -220.209002 -1953.384831 -40114.057998 -0.314732 0.159923 -0.935611 0.749695 -0.562669 -0.348368 -0.582152 -0.811066 0.057196
2827.547450 -4960.360344 550607.266249 -5565906.579039 0.259180 -0.693676 -0.672041 0.961783 0.248989 0.113917 0.088309 -0.675883 0.731699
-124.345582 -2860.592421 21232.889671 -864126.257869 -0.141733 0.203933 -0.968671 0.952176 0.295671 -0.077072 0.270690 -0.933268 -0.236086
77.232337 -1026.304479 -1731.438921 -283490.749232 -0.475647 0.634924 -0.608795 0.875938 0.278484 -0.393928 -0.080575 -0.720637 -0.688614
-11.076889 -517.015010 2072.840593 -117173.979463 0.461081 -0.347195 -0.816615 0.606619 -0.548320 0.575637 -0.647625 -0.760789 -0.042205
-244.894296 -1447.408952 28222.179679 -306932.850583 0.014118 0.626067 -0.779642 0.965790 -0.210459 -0.151513 -0.258940 -0.750831 -0.607620
45.025711 -429.393042 -33560.986344 -72316.105271 -0.250746 0.397486 -0.882684 0.688934 -0.567291 -0.451166 -0.680071 -0.721239 -0.131596
-0.571764 -38.029531 -66.671887 845.432574 0.695805 0.717639 -0.029146 -0.351108 0.304464 -0.885452 0.626561 -0.626335 -0.463817
-0.820916 -40.433872 -208.703572 1482.814701 0.705423 0.708498 -0.020225 -0.286693 0.259120 -0.922314 0.648217 -0.656420 -0.385911
-0.399049 -42.092561 27.170923 1272.094463 0.703029 0.711032 -0.013545 -0.270458 0.249702 -0.929785 0.657725 -0.657330 -0.367853
-0.116538 -37.577893 126.806669 847.209615 0.689008 0.723796 -0.037238 -0.390657 0.327621 -0.860262 0.610455 -0.607275 -0.508490
-11.758175 -17.027626 1185.227919 -376.592604 0.840786 0.522084 -0.143202 -0.005745 -0.255899 -0.966686 0.541337 -0.813599 0.212157
-13.632108 -17.255588 1368.911295 -95.947210 0.854774 0.511223 -0.089509 0.060083 -0.268776 -0.961327 0.515511 -0.816339 0.260459
-15.359563 -19.447997 526.616786 -1020.289502 0.771433 0.301681 -0.560249 -0.418908 -0.421962 -0.804030 0.478964 -0.854948 0.199139
30.848607 -64.795402 333.027368 2031.975676 0.790848 0.463294 0.399897 -0.228325 -0.382890 0.895133 -0.567826 0.799221 0.197026
31.171637 -56.454532 455.810147 3681.564221 0.781587 0.466567 0.414051 -0.090147 -0.572311 0.815067 -0.617249 0.674370 0.405251
25.556363 -56.652043 -893.406652 2891.829852 0.686641 0.574763 0.445165 -0.135630 -0.500307 0.855159 -0.714233 0.647565 0.265576
26.470676 -65.348208 -423.501076 866.145160 0.725624 0.556306 0.404961 -0.318309 -0.250388 0.914322 -0.610040 0.792357 0.004610
20.040515 -58.692834 -2648.495166 1164.286861 0.597036 0.687671 0.413107 -0.276740 -0.306795 0.910655 -0.752970 0.658016 -0.007138
2.695703 0.016407 883.448121 -326.251053 0.552870 0.825485 -0.113616 0.045176 -0.165844 -0.985117 0.832042 -0.539509 0.128982
3.363352 -6.371448 159.534952 2160.989586 0.286863 0.637261 0.715268 0.462218 0.561914 -0.686008 0.839085 -0.527400 0.133361
3.280061 -2.029518 480.157186 187.013332 0.504892 0.850938 0.144871 0.184829 0.057365 -0.981095 0.843162 -0.522124 0.128316
6.303119 -2.380194 330.893546 -568.035579 0.579800 0.780412 -0.234070 -0.013026 -0.278371 -0.960385 0.814655 -0.559880 0.151234
5.308366 -2.214279 -127.328882 -288.695208 0.603704 0.687322 -0.403894 -0.119042 -0.423233 -0.898166 0.788271 -0.590307 0.173687
-1.444446 -23.420533 711.637083 850.347315 -0.603805 -0.793845 0.072320 0.796587 -0.597551 0.091546 -0.029458 0.112885 0.993171
-0.598197 -23.813270 780.728180 295.893288 -0.606746 -0.791678 0.071447 0.794588 -0.606555 0.026833 0.022094 0.073052 0.997083
-1.700119 -23.203450 580.147771 555.860231 -0.619720 -0.780225 0.084831 0.783758 -0.620882 0.015128 0.040867 0.075862 0.996280
-0.328438 -24.271200 538.768522 337.330450 -0.600531 -0.796577 0.069484 0.799036 -0.594569 0.089601 -0.030062 0.109328 0.993551
-2.611798 -23.207286 223.664054 935.431874 -0.622496 -0.776775 0.095495 0.782617 -0.617385 0.079663 -0.002923 0.124326 0.992237
-0.129334 -25.260059 1007.798049 248.514646 -0.602120 -0.796346 0.057316 0.783857 -0.575981 0.231981 -0.151724 0.184608 0.971030
2.049578 -27.204840 -137.928214 -261.733338 0.795838 0.498058 -0.344354 -0.559701 0.388102 -0.732197 0.231032 -0.775445 -0.587630
0.435360 -27.270616 -300.174404 -126.182478 0.803973 0.487011 -0.341245 -0.560545 0.429061 -0.708305 0.198538 -0.760741 -0.617945
1.414676 -26.966568 -530.927207 -177.394282 0.805891 0.475442 -0.352838 -0.530981 0.316752 -0.785957 0.261914 -0.820746 -0.507718
-0.012085 -26.874047 -467.913791 -19.827601 0.812403 0.476133 -0.336599 -0.532089 0.369230 -0.761939 0.238502 -0.798102 -0.553309
1.950851 -27.388929 -187.898216 -110.533093 0.803073 0.489433 -0.339896 -0.512062 0.275117 -0.813697 0.304739 -0.827506 -0.471559
0.687094 -26.818436 -522.419649 -42.095237 0.811227 0.474737 -0.341372 -0.500724 0.262510 -0.824841 0.301969 -0.840067 -0.450668
1.597916 -27.026183 -573.253479 107.174601 0.815063 0.469789 -0.339073 -0.482250 0.225754 -0.846446 0.321104 -0.853424 -0.410559
2.019532 -18.131049 -568.462184 -1140.675576 0.917695 0.384961 -0.098185 -0.146091 0.097167 -0.984488 0.369449 -0.917804 -0.145409
0.810586 -18.801112 -786.130399 -603.213206 0.918198 0.374599 -0.128795 -0.178376 0.100694 -0.978797 0.353687 -0.921703 -0.159277
1.693398 -21.973015 -696.289210 2760.467378 0.912823 0.382585 -0.142769 -0.194916 0.100992 -0.975607 0.358834 -0.918384 -0.166760
-9.199017 -47.782868 -494.307417 733.290570 -0.722639 -0.631100 0.281969 -0.600593 0.775202 0.195831 -0.342172 -0.027834 -0.939225
-9.401119 -50.514783 -219.607090 1024.331671 -0.713576 -0.630270 0.305890 -0.645038 0.761450 0.064190 -0.273377 -0.151506 -0.949900
-10.263785 -50.808546 277.205573 985.462765 -0.683743 -0.638344 0.353570 -0.628586 0.761326 0.158941 -0.370642 -0.113575 -0.921806
-9.414155 -56.435700 -83.302194 1810.991375 0.695351 0.625317 -0.354210 -0.678691 0.733466 -0.037491 -0.236358 -0.266469 -0.934414
-10.006984 -52.694120 246.991889 1277.653552 -0.673932 -0.625785 0.392694 -0.631538 0.763795 0.133330 -0.383373 -0.158146 -0.909953
-10.965510 -47.826142 538.096173 530.689359 -0.671260 -0.637940 0.377415 -0.553517 0.770075 0.317180 -0.492980 0.004005 -0.870031
2.812423 -43.223145 -675.016001 3040.477836 0.822740 0.567516 -0.032021 -0.562684 0.821127 0.095585 0.080539 -0.060624 0.994906
3.051889 -45.027005 -126.101029 3414.002322 0.846945 0.523429 -0.093307 -0.515797 0.851467 0.094644 0.128987 -0.032030 0.991129
0.609075 -57.434695 -499.803412 -4254.926542 0.847521 0.526547 -0.066747 0.489177 -0.823714 -0.286708 0.205945 -0.210340 0.955690
-11.225350 -35.955673 1744.545615 2597.840222 0.287938 0.390048 -0.874617 0.611663 0.627825 0.481357 0.736859 -0.673571 -0.057804
-7.678081 -40.671212 2304.484902 1328.554820 0.169399 0.335589 -0.926652 0.780378 0.528581 0.334086 0.601926 -0.779732 -0.172345
-0.516918 -33.486807 2126.812172 1673.763668 0.185711 0.364207 -0.912614 0.679882 0.622922 0.386948 0.709416 -0.692331 -0.131934
4.138911 -25.148244 1958.524959 1474.375381 0.209401 0.367013 -0.906340 0.596673 0.686366 0.415792 0.774682 -0.627856 -0.075261
-4.863940 -26.554827 1709.270782 2027.961136 0.288089 0.433175 -0.854029 0.535952 0.666139 0.518666 0.793574 -0.607140 -0.040254
8.759273 -30.309536 1958.333161 1119.644862 0.157041 0.314163 -0.936291 0.717154 0.615531 0.326821 0.678990 -0.722789 -0.128640
3.031409 -27.195298 -9.443844 -341.491022 0.655649 0.738141 -0.158975 -0.032784 0.238175 0.970669 -0.754354 0.631206 -0.180358
2.516988 -27.189321 157.349223 71.328206 0.667325 0.714654 -0.209635 -0.089763 0.356603 0.929934 -0.739338 0.601751 -0.302119
2.430844 -28.336431 35.783373 -311.681731 0.667194 0.723658 -0.176553 -0.048547 0.278762 0.959132 -0.743300 0.631356 -0.221120
-7.689710 -28.066599 -359.517885 -342.210923 -0.659425 -0.712657 0.239329 0.716353 -0.499102 0.487581 -0.228028 0.492968 0.839634
-7.339855 -30.148689 -335.444494 730.529182 -0.640315 -0.721657 0.263075 0.715339 -0.435497 0.546472 -0.279797 0.538102 0.795085
-7.750716 -30.147934 18.294399 255.533331 -0.646738 -0.733787 0.208055 0.698206 -0.459795 0.548723 -0.306983 0.500145 0.809701
-6.076548 -27.755293 -531.029154 -85.435915 -0.689077 -0.676486 0.259883 0.697405 -0.521554 0.491536 -0.196974 0.519950 0.831176
-6.212773 -26.607703 -818.465789 -388.787324 -0.687490 -0.676853 0.263111 0.715583 -0.569704 0.404202 -0.123690 0.466163 0.876010
-2.980625 -119.223004 229.208615 10165.077400 0.333652 0.940808 0.059633 -0.513388 0.128288 0.848513 -0.790638 0.313723 -0.525803
-1.693854 -132.587974 173.612843 12747.716114 0.345641 0.936206 0.063639 -0.597891 0.167452 0.783892 -0.723228 0.308994 -0.617628
-2.607573 -135.637841 277.902711 9608.839441 0.337089 0.940105 0.050734 -0.771204 0.244815 0.587630 -0.540014 0.237210 -0.807537
-2.388761 -129.886935 82.456172 -820.507172 0.336304 0.941147 0.033788 -0.904184 0.312647 0.291039 -0.263347 0.128429 -0.956114
-3.542045 -123.572061 518.232238 6039.697742 0.345015 0.936761 0.058676 -0.735891 0.231170 0.636416 -0.582606 0.262752 -0.769111
-20.507826 -266.487229 -808.153973 -22003.297519 -0.348295 -0.813183 -0.466287 0.811102 -0.012086 -0.584779 0.469897 -0.581882 0.663784
-8.787485 -152.377054 -2536.582311 -20310.107048 -0.488034 -0.760555 -0.428228 0.867039 -0.366043 -0.338017 0.100331 -0.536254 0.838072
4.769925 -233.507367 817.204636 -41241.031251 -0.367998 -0.706001 -0.605095 0.928694 -0.311185 -0.201721 -0.045881 -0.636181 0.770174
12.105583 -11.357111 776.455168 -4598.146912 0.892660 0.446790 -0.059467 -0.116349 0.355875 0.927263 -0.435455 0.820812 -0.369659
14.093301 -6.027543 890.682574 -4149.686227 0.862460 0.435219 -0.258353 0.038426 0.452673 0.890848 -0.504664 0.778249 -0.373689
22.910568 8.633729 4073.436166 -2688.647259 0.764332 0.147397 -0.627750 0.422202 0.621431 0.659976 -0.487382 0.769478 -0.412749
20.184909 8.425503 4550.585462 -2765.267882 0.831159 0.136725 -0.538963 0.374946 0.577951 0.724837 -0.410597 0.804537 -0.429105
-5.550246 -19.935483 -650.841665 -398.450103 0.086785 -0.036268 0.995567 0.903178 0.424579 -0.063264 -0.420402 0.904664 0.069603
-9.121018 -21.496104 -418.354549 -1061.131497 0.300757 0.024616 0.953383 0.829455 0.486624 -0.274227 -0.470690 0.873264 0.125938
-5.640792 -20.832669 -499.860241 469.412645 0.203037 -0.019769 0.978972 0.920569 0.344543 -0.183967 -0.333661 0.938562 0.088153
-0.518172 -17.678006 -770.808337 1449.282942 0.010749 -0.057693 0.998277 0.963603 0.267290 0.005072 -0.267122 0.961888 0.058466
-9.433339 -20.791339 -450.226303 444.148019 0.931311 0.219184 0.290890 -0.093103 -0.628863 0.771921 -0.352123 0.745982 0.565261
-10.672964 -22.745890 -242.783542 440.287712 0.924092 0.132829 0.358343 -0.223779 -0.572027 0.789118 -0.309800 0.809408 0.498882
-9.454727 -21.910763 -384.473395 536.633291 0.916706 0.195457 0.348493 -0.179156 -0.578528 0.795744 -0.357147 0.791897 0.495323
-7.914912 -19.819267 -581.845248 479.212428 0.921459 0.278276 0.271062 -0.051486 -0.604124 0.795225 -0.385048 0.746724 0.542349
-55.676744 -186.890772 -5600.524036 -18207.728467 -0.229230 0.566204 -0.791749 0.905480 -0.174418 -0.386890 -0.357154 -0.805600 -0.472704
-28.674538 -140.008081 -4338.282860 -1515.897460 -0.236428 0.398478 -0.886181 0.959933 -0.045412 -0.276525 -0.150432 -0.916053 -0.371776
-37.542858 -259.972560 -2981.847726 -38902.139298 -0.248333 0.504406 -0.826986 0.745497 -0.445605 -0.495652 -0.618519 -0.739602 -0.265374
-83.607242 -400.550116 -9687.137155 70742.548200 -0.224101 0.623324 -0.749164 -0.657850 0.470406 0.588176 -0.719036 -0.624648 -0.304635
-29.371797 -51.097850 541.290225 2946.122225 -0.601566 -0.152996 -0.784035 0.452837 0.743235 -0.492483 0.658071 -0.651301 -0.377823
-34.195159 -46.110675 -483.893168 1719.942154 -0.630697 -0.389639 -0.671121 0.296389 0.678307 -0.672348 0.717199 -0.622961 -0.312322
-27.516588 -40.593377 501.050014 1663.835350 0.618021 0.687287 0.381690 -0.055930 0.522719 -0.850668 0.784170 -0.504383 -0.361491
-23.726645 -36.916884 -69.215909 673.697671 -0.424906 0.823166 -0.376633 0.123324 -0.359542 -0.924943 0.896797 0.439462 -0.051255
-24.357190 -39.289705 258.048037 171.914800 -0.221793 0.927023 -0.302385 0.066330 -0.295047 -0.953178 0.972835 0.231465 -0.003950
-22.243795 -37.584687 -73.320565 222.944560 -0.287629 0.873936 -0.391797 0.006347 -0.407336 -0.913256 0.957721 0.265166 -0.111615
33.342446 -67.103434 -801.368678 956.376195 0.863394 0.338158 0.374434 -0.335093 -0.170472 0.926635 -0.377179 0.925521 0.033871
32.152679 -54.952411 -118.387114 1146.176250 0.911581 0.179991 0.369625 -0.334499 -0.197986 0.921364 -0.239018 0.963538 0.120273
35.070485 -59.049653 -1400.934182 1507.466528 0.889473 0.322302 0.323973 -0.188783 -0.386464 0.902777 -0.416170 0.864157 0.282904
33.272705 -65.097766 -358.993979 1455.454548 0.838884 0.399693 0.369485 -0.251768 -0.316905 0.914431 -0.482583 0.860126 0.165217
-12.093601 -23.358386 -267.207474 -249.674724 0.925690 0.081305 -0.369443 0.343266 0.229843 0.910681 -0.158957 0.969826 -0.184854
-9.808590 -23.443588 671.221667 -669.428044 0.753592 -0.084340 -0.651909 0.647062 0.269883 0.713073 -0.115799 0.959192 -0.257955
-8.152413 -22.017266 197.024506 -611.724203 0.868250 0.006348 -0.496086 0.464786 0.339353 0.817810 -0.173540 0.940638 -0.291692
-13.146404 -23.474029 381.644723 -216.607313 0.806607 -0.032766 -0.590179 0.585351 0.183058 0.789845 -0.082157 0.982556 -0.166835
-10.910811 -25.252422 -344.930150 -142.203238 0.976301 0.185993 -0.110646 0.081287 0.158678 0.983979 -0.200570 0.969654 -0.139799
-13.733085 -23.856639 -702.657888 321.910506 0.982577 0.153261 -0.105136 0.097115 0.058939 0.993527 -0.158465 0.986427 -0.043028
-15.208373 -22.896337 -443.045869 532.237281 0.927795 0.065846 -0.367235 0.360126 0.099181 0.927617 -0.097502 0.992888 -0.068307
-9.191135 -18.636713 436.263066 483.836331 0.978569 0.188581 -0.082701 -0.002444 0.412233 0.911075 -0.205903 0.891348 -0.403859
-10.772351 -17.649281 445.752278 520.699531 0.969186 0.243781 -0.035350 -0.056827 0.360908 0.930868 -0.239686 0.900176 -0.363640
-9.321094 -15.333194 469.553423 656.259980 0.977945 0.208702 -0.008133 -0.060977 0.322537 0.944591 -0.199761 0.923262 -0.328149
-8.320419 -16.715988 418.576971 662.397477 0.984042 0.166137 -0.063717 -0.002745 0.372218 0.928141 -0.177915 0.913155 -0.366734
4.042975 -20.676601 1180.259107 405.173171 0.802477 0.553073 0.223921 0.057131 0.302332 -0.951489 0.593941 -0.776341 -0.211016
6.297598 -21.491440 598.860804 -394.513986 0.816047 0.542679 0.198915 0.093951 0.215031 -0.972078 0.570299 -0.811949 -0.124490
0.355360 -39.254985 -550.363709 207.242212 0.478520 0.873106 -0.093294 -0.811390 0.480290 0.333118 -0.335655 0.083706 -0.938258
-1.672159 -38.242603 -440.174310 78.505731 0.476774 0.874396 -0.090094 -0.813611 0.477769 0.331322 -0.332751 0.084664 -0.939206
-0.593364 -38.100880 -135.559086 -196.175342 0.507981 0.857852 -0.077754 -0.844735 0.513792 0.149800 -0.168456 0.010414 -0.985654
1.176076 -39.654101 -536.464919 242.930327 0.500917 0.859205 -0.104157 -0.838141 0.511576 0.189233 -0.215874 0.007492 -0.976393
3.201302 -59.789797 990.647903 1004.048191 0.900965 0.321129 0.291784 -0.430574 0.744714 0.509909 0.053549 0.585045 -0.809231
4.666833 -59.139160 1226.533481 1072.971112 0.904200 0.312593 0.291047 -0.426411 0.621715 0.656997 -0.024424 0.718162 -0.695447
9.658957 -58.746859 1521.349269 -217.469743 0.882265 0.352780 0.311697 -0.470567 0.679501 0.562889 0.013222 0.643292 -0.765507
-1.475545 -61.807139 1012.618806 815.489137 0.912023 0.290365 0.289658 -0.400916 0.780090 0.480339 0.086486 0.554209 -0.827872
6.370412 -59.891932 1295.968283 892.462483 0.891668 0.331084 0.308725 -0.438913 0.799259 0.410537 0.110829 0.501566 -0.857991
0.912053 -61.194556 680.647352 1068.387716 0.904840 0.317301 0.283874 -0.404819 0.847695 0.342835 0.131857 0.425128 -0.895477
2.850466 -81.710793 -885.934586 56.941811 0.133550 -0.402054 -0.905824 0.084625 0.915300 -0.393783 0.987422 -0.024065 0.156262
-0.250122 -84.274067 -568.737242 427.538418 0.121014 -0.392154 -0.911905 0.071791 0.919708 -0.385983 0.990051 -0.018757 0.139451
2.501547 -80.828597 -518.192339 -130.149817 0.112717 -0.397318 -0.910732 -0.162974 0.896768 -0.411396 0.980171 0.194797 0.036328
4.938724 -87.595950 -534.161801 652.079449 0.103379 -0.407745 -0.907225 -0.083073 0.905385 -0.416385 0.991167 0.118411 0.059725
-3.653876 -88.785977 194.003331 3370.631279 -0.250048 0.372625 0.893659 0.243904 0.917456 -0.314303 -0.937009 0.139376 -0.320293
-3.060944 -79.177183 192.863524 3699.404216 -0.247377 0.363416 0.898184 0.477894 0.852159 -0.213173 -0.842865 0.376503 -0.384479
-3.445518 -85.619160 -319.917937 2964.645211 -0.287743 0.361143 0.887006 0.368020 0.896760 -0.245730 -0.884175 0.255729 -0.390944
-9.327234 -47.104724 -246.442440 423.789403 0.851421 0.519538 0.071842 -0.201585 0.197705 0.959310 -0.484195 0.831260 -0.273061
-13.293374 -23.562117 0.221210 114.907425 0.939429 0.206281 0.273717 -0.333791 0.731961 0.593984 0.077823 0.649370 -0.756480
-13.819820 -23.817879 -227.707305 -182.710419 0.919674 0.262683 0.291887 -0.378974 0.788424 0.484527 0.102854 0.556224 -0.824643
-12.663473 -23.029742 -785.164524 -62.542801 0.964559 0.199214 0.173033 -0.263485 0.762494 0.590914 0.014218 0.615562 -0.787960
-12.933199 -24.542818 587.491008 54.492546 0.864345 0.284127 0.414945 -0.477379 0.723058 0.499296 0.158166 0.629650 -0.760608
-11.368385 -23.163839 -374.276389 328.095217 0.963806 0.180863 0.195876 -0.266224 0.692239 0.670769 0.014276 0.698637 -0.715333
-11.251691 -23.728038 372.248177 364.905895 0.907004 0.223553 0.356887 -0.411011 0.654514 0.634571 0.091728 0.722243 -0.685530
38.204897 -330.642437 -2077.952396 -30367.551158 0.329003 -0.813069 -0.480288 0.921411 0.165026 0.351808 -0.206784 -0.558288 0.803464
30.664511 -313.936700 1395.654534 3385.885709 0.341497 -0.806370 -0.482853 0.870615 0.464961 -0.160750 0.354132 -0.365483 0.860821
11.314303 -417.109350 -746.619296 -42439.334522 -0.368176 0.708860 0.601634 0.703318 0.635565 -0.318435 0.608104 -0.305900 0.732554
30.021922 -304.973930 1881.605766 38001.528348 0.509984 -0.466618 -0.722623 0.665342 -0.318467 0.675202 -0.545194 -0.825134 0.148048
52.203967 -623.702435 -1782.977149 -119814.859220 -0.516175 0.460040 0.722445 -0.374284 0.637537 -0.673393 -0.770373 -0.617988 -0.156895
58.463662 -1033.257855 -1564.319001 189677.047094 0.372886 -0.499722 -0.781815 0.628335 -0.484000 0.609048 -0.682753 -0.718347 0.133515
-7.805150 -26.081120 227.358802 -932.169794 0.960488 0.278317 0.001334 -0.081058 0.275144 0.957980 -0.266255 0.920237 -0.286833
-12.630514 -23.361699 125.540743 -200.477083 0.263587 0.795314 0.545892 -0.763257 -0.174104 0.622195 -0.589882 0.580658 -0.561137
-13.935668 -25.069093 264.785033 -233.716871 0.127283 0.789321 0.600642 -0.740724 -0.327090 0.586805 -0.659642 0.519600 -0.543036
-13.434925 -23.243399 -53.914460 -127.932211 0.286596 0.760981 0.582039 -0.708920 -0.240204 0.663125 -0.644434 0.602669 -0.470634
-0.119575 -25.728159 299.845478 -89.123431 -0.579728 -0.784456 -0.220328 0.779246 -0.454756 -0.431245 0.238097 -0.421695 0.874919
-0.031211 -27.435382 102.552536 -320.279713 -0.600370 -0.776765 -0.190242 0.730073 -0.435254 -0.526827 0.326417 -0.455182 0.828409
-0.571682 -27.469381 513.163940 -378.167524 -0.600249 -0.771557 -0.210717 0.725045 -0.413690 -0.550609 0.337654 -0.483282 0.807730
-15.895668 -18.631934 655.860749 -230.284153 0.896564 0.415392 -0.153693 -0.017250 -0.313994 -0.949268 0.442577 -0.853731 0.274350
-12.476565 -17.676194 1665.201697 376.096284 0.797722 0.573394 0.186708 0.335506 -0.164747 -0.927520 0.501075 -0.802545 0.323800
24.635141 -77.494505 -8922.086158 -19334.981435 -0.653223 -0.650208 -0.387983 0.737680 -0.431010 -0.519671 0.170670 -0.625668 0.761191
21.868238 -17.486829 -487.638403 3193.127466 -0.613390 -0.465273 -0.638180 0.764529 -0.147111 -0.627578 0.198112 -0.872857 0.445952
7.926254 -15.678882 -5970.530522 1422.324975 -0.510348 -0.637645 -0.577022 0.827328 -0.180944 -0.531777 0.234676 -0.748778 0.619886
0.187386 -15.512036 402.987010 1249.999766 0.413676 0.802850 0.429307 0.361649 0.287839 -0.886769 0.835513 -0.522093 0.171278
-2.586095 -18.938429 834.372500 1151.076064 0.427659 0.815611 0.389725 0.372703 0.233690 -0.898043 0.823529 -0.529308 0.204041
-2.970788 -13.024083 760.458904 863.850452 0.461241 0.846571 0.265657 0.248426 0.164215 -0.954630 0.851787 -0.506311 0.134568
-6.462283 -17.008398 1031.470555 904.472669 0.482591 0.843466 0.235950 0.259888 0.119359 -0.958234 0.836400 -0.523755 0.161605
0.333808 -9.472610 612.155405 730.049581 0.467878 0.855930 0.220168 0.206731 0.136213 -0.968869 0.859274 -0.498829 0.113216
-6.979091 -12.810581 851.985129 33.759453 0.522787 0.838030 -0.156204 0.003406 -0.185290 -0.982678 0.852456 -0.513200 0.099722
-1.830636 -7.774916 1003.535218 376.925780 0.499933 0.860438 -0.098560 0.021926 -0.126340 -0.991745 0.865787 -0.493645 0.082027
-9.888946 -28.163063 -1021.646269 225.303107 0.706286 0.482698 0.517844 -0.350317 0.873962 -0.336851 -0.615173 0.056504 0.786365
-11.726294 -27.815907 -835.844542 377.385349 0.729794 0.458204 0.507394 -0.251461 0.870044 -0.424017 -0.635742 0.181855 0.750174
-7.522062 -27.346832 -961.987461 146.134916 0.702616 0.472608 0.531951 -0.278518 0.870587 -0.405594 -0.654797 0.136819 0.743318
-9.172200 -26.859429 -716.843876 115.464154 0.725338 0.443035 0.526881 -0.177675 0.859931 -0.478487 -0.665068 0.253452 0.702457
-2.986282 -27.278660 -1473.146016 -44.580933 0.685409 0.489458 0.539115 -0.371625 0.871834 -0.319061 -0.626186 0.018339 0.779458
-4.886102 -26.420358 -764.136261 -6.764521 0.707705 0.444934 0.548805 -0.200544 0.871344 -0.447818 -0.677448 0.206864 0.705884
-0.681128 -24.212714 -106.404131 -262.093367 -0.629201 -0.770559 0.101709 0.774919 -0.632037 0.005484 0.060058 0.082267 0.994799
1.163558 -27.443460 -214.668620 -197.798201 0.798673 0.493869 -0.343824 -0.579365 0.476630 -0.661181 0.162659 -0.727267 -0.666802
-0.706958 -27.083108 -418.786501 75.648908 0.802485 0.486091 -0.346025 -0.586059 0.533240 -0.610073 0.112036 -0.692366 -0.712796
-1.210852 -27.130589 -557.532757 -48.972328 0.814192 0.471688 -0.338529 -0.556532 0.467923 -0.686528 0.165422 -0.747368 -0.643488
-8.104492 -53.454563 -711.661975 1093.022347 -0.734793 -0.627434 0.257693 -0.634724 0.770005 0.064948 -0.239176 -0.115840 -0.964041
-8.225411 -54.326774 343.264602 1390.581851 0.722766 0.626734 -0.291228 -0.668032 0.741537 -0.062099 -0.177037 -0.239432 -0.954636
-17.932963 -44.635160 2004.868221 2593.298053 0.266453 0.328234 -0.906237 0.718798 0.558725 0.413709 0.642131 -0.761636 -0.087060
-6.351014 -29.540828 -267.821345 885.538816 -0.648961 -0.706686 0.281858 0.713449 -0.436570 0.548085 -0.264273 0.556777 0.787502
-6.824490 -29.190253 -282.892841 696.278052 -0.619804 -0.724021 0.302715 0.701768 -0.338715 0.626733 -0.351234 0.600887 0.718031
-1.539860 -95.781016 280.674944 7007.478553 0.338057 0.938490 0.070388 -0.354351 0.057641 0.933334 -0.871867 0.340462 -0.352041
-0.997260 -96.248996 385.048459 6410.014975 0.364360 0.928166 0.075826 -0.440172 0.099894 0.892340 -0.820665 0.358509 -0.444950
19.635276 5.791634 2134.263157 -3237.382494 0.731209 0.240065 -0.638515 0.374382 0.641234 0.669819 -0.570237 0.728827 -0.379000
-9.110529 -22.057839 -393.169354 36.391709 0.466960 0.078896 0.880752 0.791098 0.407762 -0.455954 -0.395110 0.909673 0.127994
-11.599093 -22.304149 -173.226862 366.023638 0.615925 0.182581 0.766355 -0.600577 -0.520731 0.606750 -0.509846 0.833968 0.211077
-1.140897 -17.496388 -785.764819 -227.829768 0.869905 0.492507 0.026514 0.313413 -0.593483 0.741317 -0.380839 0.636565 0.670631
-3.272539 -17.326547 -683.168181 -18.319245 0.886600 0.455738 0.079015 0.220714 -0.566976 0.793614 -0.406480 0.686178 0.603269
0.349924 -16.771568 -454.986901 -294.250751 0.845348 0.532723 -0.039921 0.364105 -0.519869 0.772764 -0.390915 0.667789 0.633437
-3.756310 -25.826108 -378.289312 -199.491258 0.760101 0.540908 -0.360092 -0.648794 0.662648 -0.374119 -0.036250 -0.517993 -0.854616
-2.655083 -26.246932 -353.584422 -283.294660 0.749613 0.543278 -0.378059 -0.658170 0.672212 -0.339034 -0.069946 -0.502971 -0.861468
-3.340817 -28.940346 -380.024139 -961.089362 0.730779 0.565456 -0.382388 -0.673311 0.689275 -0.267493 -0.112315 -0.452945 -0.884436
-15.191024 -126.554907 -3297.519624 8927.278114 -0.208170 0.333895 -0.919336 0.977074 0.113866 -0.179889 0.044617 -0.935707 -0.349944
-14.206774 -144.656261 -2820.780915 -12683.046619 -0.244224 0.365655 -0.898137 0.882051 -0.301061 -0.362420 -0.402915 -0.880715 -0.249000
-15.769942 -49.793719 -2989.101595 2862.089379 0.738782 0.128807 0.661521 0.378526 0.732813 -0.565423 0.557602 -0.668127 -0.492632
-24.613512 -37.345751 -372.278409 916.429296 -0.491656 0.784014 -0.378941 0.157487 -0.347936 -0.924196 0.856430 0.514065 -0.047592
-24.651121 -39.188684 -484.950496 762.076282 -0.471457 0.825033 -0.311527 0.279101 -0.195505 -0.940149 0.836559 0.530187 0.138095
-1.490697 -48.914351 -3219.849699 -161.291452 0.546003 0.750867 0.371590 -0.343674 -0.203759 0.916717 -0.764048 0.628236 -0.146800
-7.399757 -46.722401 -2541.645848 -662.275123 0.596626 0.747893 0.291022 -0.418037 -0.019920 0.908212 -0.685042 0.663520 -0.300762
5.199372 -51.278877 -3042.863767 -826.499400 0.590289 0.749229 0.300358 -0.450721 -0.002753 0.892661 -0.669634 0.662306 -0.336068
11.724722 -54.750209 -3729.201178 -153.732033 0.556223 0.744985 0.368258 -0.359228 -0.184052 0.914921 -0.749380 0.641189 -0.165245
-5.844029 -21.734223 360.717815 -478.609389 0.760284 -0.077898 -0.644903 0.623835 0.364343 0.691437 -0.181105 0.928001 -0.325599
-1.474627 -19.923782 172.775839 -301.448961 0.773002 -0.065986 -0.630962 0.586149 0.454753 0.670543 -0.242686 0.888170 -0.390203
-0.640073 -18.635237 325.039105 -288.336777 0.865904 0.011036 -0.500089 0.427837 0.501646 0.751869 -0.259165 0.865003 -0.429656
3.909475 -19.091020 1191.363804 672.548863 0.798383 0.532426 0.281260 0.059536 0.395007 -0.916747 0.599199 -0.748661 -0.283668
-2.923020 -36.235205 142.407131 -288.978096 0.501905 0.862612 -0.063178 -0.763375 0.476136 0.436525 -0.406633 0.170865 -0.897471
-2.101463 -36.094256 202.742161 257.574171 0.515295 0.854249 -0.068776 -0.800102 0.508281 0.318571 -0.307096 0.109130 -0.945401
-2.852763 -37.029602 -111.911676 -73.272956 0.488982 0.869136 -0.074159 -0.805264 0.482455 0.344654 -0.335329 0.108813 -0.935796
-1.407116 -35.184157 466.732316 -56.681960 0.540357 0.838933 -0.064851 -0.778534 0.527714 0.339711 -0.319217 0.133077 -0.938292
-2.614309 -37.720019 -376.662281 -36.459518 0.468079 0.880305 -0.077235 -0.766141 0.447818 0.460964 -0.440376 0.156594 -0.884052
-3.460200 -36.685891 -1.006632 -163.806056 0.472406 0.879701 -0.054398 -0.714262 0.418264 0.561146 -0.516393 0.226235 -0.825927
-3.209820 -35.710782 216.972506 -140.430798 0.487641 0.871546 -0.051125 -0.694285 0.422633 0.582537 -0.529315 0.248573 -0.811195
-1.982847 -34.949687 410.920191 -429.068768 0.522988 0.850298 -0.058958 -0.743830 0.489089 0.455531 -0.416173 0.194383 -0.888266
13.249527 -58.046306 1707.236741 220.500644 0.883056 0.355499 0.306323 -0.459268 0.520666 0.719708 -0.096363 0.776227 -0.623046
-1.525362 -58.452093 890.859514 1758.826561 0.918999 0.280721 0.276833 -0.394179 0.639963 0.659599 -0.008001 0.715292 -0.698779
0.541026 -55.399435 1006.625308 953.064013 0.919557 0.288567 0.266728 -0.383124 0.507493 0.771795 -0.087352 0.811899 -0.577226
28.764283 -7.875023 -3405.232681 517.330049 0.706051 0.167382 0.688095 0.629649 0.296301 -0.718156 0.324089 -0.940313 -0.103811
10.506144 -7.811577 -2106.356702 311.689601 0.808474 0.113335 0.577517 0.534570 0.269053 -0.801152 0.246181 -0.956434 -0.156937
-0.485667 -85.396913 -423.868635 477.805124 0.117258 -0.380362 -0.917374 -0.200827 0.895580 -0.396995 0.972584 0.230784 0.028627
-3.460631 -85.644949 -360.743366 398.057891 0.108096 -0.361389 -0.926128 0.096472 0.931003 -0.352032 0.989449 -0.051292 0.135501
-7.852634 -49.703032 -212.497402 215.830866 0.819198 0.568661 0.074431 -0.178635 0.129677 0.975332 -0.544981 0.812286 -0.207814
-6.488770 -51.930648 -165.752709 791.952436 0.816208 0.574895 0.057452 -0.273057 0.296206 0.915260 -0.509160 0.762731 -0.398745
-5.507007 -54.618756 -329.352448 836.861893 0.809869 0.585872 0.029431 -0.353005 0.446671 0.822115 -0.468509 0.676194 -0.568560
-5.077377 -53.224955 -542.127788 1038.538030 0.785470 0.617045 0.047888 -0.289746 0.298252 0.909447 -0.546886 0.728218 -0.413054
-5.920013 -50.108102 -347.376993 323.167105 0.791875 0.605881 0.076432 -0.212137 0.155551 0.964781 -0.572653 0.780200 -0.251706
23.564752 -60.499217 1335.172502 -3282.753090 0.859851 0.406021 0.309522 -0.044281 -0.544664 0.837484 -0.508622 0.733818 0.450351
-5.640781 -77.698373 1127.552703 5133.670875 -0.365593 0.365377 0.856061 0.831244 0.541977 0.123673 -0.418778 0.756810 -0.501860
-6.076989 -79.952100 1433.979419 3088.147849 -0.332400 0.390766 0.858378 0.663874 0.743407 -0.081347 -0.669912 0.542815 -0.506528
-4.893769 -82.436703 566.470064 5408.099888 -0.352077 0.380520 0.855130 0.796803 0.601199 0.060538 -0.491067 0.702684 -0.514867
-4.599287 -76.290542 429.222393 1542.072519 -0.372796 0.385964 0.843834 0.877380 0.442628 0.185161 -0.302039 0.809391 -0.503646
-6.652913 -73.410950 709.803541 375.255066 -0.382784 0.384871 0.839852 0.891635 0.391842 0.226819 -0.241793 0.835664 -0.493155
-7.869891 -71.995945 282.566849 3103.473832 -0.398825 0.409168 0.820683 0.832275 0.537272 0.136591 -0.385042 0.737509 -0.554818
-15.103194 -24.413979 -49.524301 183.503162 0.860145 0.355293 0.365947 -0.484166 0.794415 0.366727 0.160418 0.492618 -0.855332
-13.883855 -25.242893 536.786788 21.928993 0.832002 0.338783 0.439316 -0.513365 0.770351 0.378175 0.210309 0.540172 -0.814852
17.103679 -223.353112 2993.252862 15078.977948 0.537885 -0.466040 -0.702486 0.811869 0.061942 0.580545 -0.227044 -0.882593 0.411681
10.787998 -212.270224 2134.714999 -9592.882956 0.477701 -0.487840 -0.730626 0.871812 0.365832 0.325746 0.108375 -0.792578 0.600063
6.095468 -139.619762 1338.192769 380.005366 0.526542 -0.461229 -0.714157 0.849291 0.247639 0.466241 -0.038191 -0.852023 0.522110
