19786
39562
-41.165354 -64.638668 -751.406799 8228.742455 0.418079 0.906275 0.062257 0.769687 -0.317001 -0.554159 0.482485 -0.279601 0.830079
-36.344354 -71.826551 -2875.892079 5144.548305 0.493897 0.868670 -0.038433 0.770412 -0.457668 -0.443853 0.403152 -0.189609 0.895275
-46.278884 -77.232423 530.189059 4731.802069 0.337212 0.936283 0.098298 0.875382 -0.273422 -0.398681 0.346401 -0.220488 0.911806
-37.439889 -62.228182 -1062.544936 6666.106096 0.572092 0.799903 -0.181290 0.639936 -0.573578 -0.511362 0.513024 -0.176532 0.840026
-47.257019 -88.609144 296.750682 14019.643368 0.048978 0.964758 0.258540 0.918120 0.058432 -0.391972 0.393265 -0.256569 0.882902
-33.181372 -59.059921 -1412.449764 11255.935022 0.341188 0.920311 0.191361 0.769761 -0.156707 -0.618798 0.539499 -0.358428 0.761886
-29.480316 -49.122328 -2504.891073 6361.279341 0.649136 0.747914 -0.138737 0.517219 -0.567713 -0.640457 0.557770 -0.343986 0.755358
-32.849305 -50.848797 -965.460642 -4046.369985 0.686073 0.676466 -0.267765 -0.453721 0.685536 0.569366 0.568719 -0.269136 0.777255
151.612365 -85.515097 -10194.329664 -2260.990617 -0.105958 0.916081 0.386742 -0.028516 0.385972 -0.922070 0.993962 0.108729 0.014774
181.599163 -95.210150 -19654.014368 4619.070848 -0.205628 0.904031 0.374760 0.064095 0.394562 -0.916631 0.976529 0.164465 0.139077
156.138677 -98.648993 -4184.242827 8442.235656 -0.314016 0.883017 0.348820 -0.049569 0.351655 -0.934816 0.948123 0.310838 0.066655
141.120154 -81.926971 -6609.829399 2422.079222 -0.144660 0.911917 0.384031 -0.200379 0.353074 -0.913886 0.968980 0.209155 -0.131653
130.366646 -77.634253 10725.018410 10243.665585 -0.448202 0.826324 0.341033 -0.216053 0.270055 -0.938292 0.867431 0.494226 -0.057491
147.085471 -91.021999 26142.220043 10340.294915 -0.640461 0.731949 0.232509 -0.008051 0.296335 -0.955050 0.767949 0.613544 0.183898
-11.612940 -17.906323 -8366.657196 -6548.560011 0.763240 0.519979 -0.383518 -0.050754 0.639992 0.766704 0.644119 -0.565714 0.514858
0.387501 -24.741133 -3256.878689 2867.933560 0.712865 0.659181 -0.239384 0.235416 -0.546461 -0.803716 0.660608 -0.516587 0.544734
6.819360 -22.578988 -1107.458560 -5251.996508 0.724766 0.561735 -0.398959 -0.049821 0.620257 0.782815 0.687192 -0.547481 0.477527
-11.182309 -22.877635 -8080.723615 -4997.080802 0.769381 0.516242 -0.376226 -0.080335 0.662488 0.744753 0.633718 -0.542775 0.551178
3.999520 -13.472519 -1003.575962 -826.071996 0.676339 0.099371 -0.729857 0.384527 0.797494 0.464910 0.628255 -0.595087 0.501166
-23.353316 -26.402923 3548.121670 -8871.138002 0.330613 -0.427425 -0.841429 0.684621 0.722294 -0.097907 0.649607 -0.543690 0.531424
0.206792 -34.162614 -2284.582578 -252.865659 0.100399 -0.400503 -0.910778 -0.151550 0.898566 -0.411839 0.983337 0.179377 0.029519
-7.459847 -36.372020 -1491.197540 -1073.625490 0.118021 -0.459160 -0.880479 -0.224241 0.851449 -0.474079 0.967361 0.253391 -0.002474
-3.389686 -34.794133 -489.945209 -286.872571 0.068740 -0.315966 -0.946277 -0.222203 0.919845 -0.323282 0.972574 0.232488 -0.006978
2.335470 -35.044162 -772.224590 -380.983971 0.039462 -0.215814 -0.975637 -0.176209 0.959592 -0.219392 0.983561 0.180574 -0.000161
7.049973 -47.971650 -7191.587136 -352.940705 0.613075 -0.725297 0.313181 0.773386 0.470062 -0.425342 0.161284 0.502976 0.849118
16.677818 -47.384758 -8566.516817 275.245926 0.617489 -0.723956 0.307563 0.759224 0.446339 -0.473667 0.205636 0.525993 0.825254
24.454312 -47.946750 -9874.957670 -46.833464 0.614830 -0.725144 0.310081 0.777487 0.491360 -0.392529 0.132279 0.482423 0.865893
7.249780 -47.092551 -7234.716256 -465.721560 0.597933 -0.732908 0.324534 0.797461 0.503118 -0.333059 0.080823 0.457950 0.885296
2.030962 -51.119795 -7030.961862 1726.420310 -0.505565 0.861294 -0.050767 0.141222 0.024561 -0.989673 0.851152 0.507513 0.134051
4.001928 -51.025217 -969.392809 3149.761229 -0.532274 0.843671 -0.070027 0.093401 -0.023689 -0.995347 0.841404 0.536337 0.066191
1.310093 -53.783975 -1346.094558 2085.969910 -0.512319 0.851671 -0.110385 0.207787 -0.001787 -0.978172 0.833279 0.524073 0.176051
-4.989558 -64.422875 -801.426096 1254.139301 0.638834 0.686431 -0.347424 -0.474669 -0.003718 -0.880156 0.605458 -0.727186 -0.323452
-2.890851 -65.167846 -429.706240 -108.812916 0.629218 0.691766 -0.354323 -0.561961 0.089991 -0.822254 0.536921 -0.716493 -0.445370
-4.783228 -65.406274 154.483122 1990.368491 0.614665 0.695108 -0.372843 -0.525780 0.008700 -0.850576 0.587999 -0.718852 -0.370821
-4.876272 -64.847185 -1771.886228 443.467907 0.636023 0.677140 -0.370076 -0.406688 -0.113433 -0.906498 0.655805 -0.727059 -0.203238
1.066716 -103.944650 -1741.403234 -2315.723930 0.153388 0.975177 0.159692 0.727259 -0.001996 -0.686360 0.669004 -0.221417 0.709512
7.553033 -107.855649 -2371.443884 4976.878337 0.130630 0.971443 0.198077 0.555044 0.093888 -0.826505 0.821500 -0.217908 0.526929
3.223150 -102.257362 100.787616 10079.964367 0.149227 0.979180 0.137614 0.551315 0.033140 -0.833639 0.820843 -0.200270 0.534892
0.145325 -98.175789 2.845736 -4967.223335 0.197855 0.980226 -0.003218 -0.979622 0.197615 -0.035907 0.034561 -0.010257 -0.999350
-4.734007 -87.170856 -2612.219799 -4292.264414 0.219300 0.975471 -0.019095 -0.968083 0.215122 -0.128599 0.121337 -0.046687 -0.991513
-0.426192 -91.443998 -730.616773 -2989.817023 0.230357 0.973040 -0.011341 -0.944170 0.220671 -0.244638 0.235540 -0.067061 -0.969548
-5.022431 -95.130270 -3404.327260 -4731.345602 0.187335 0.981770 -0.032140 -0.979436 0.189184 0.070099 -0.074902 -0.018347 -0.997022
1.762878 -92.459744 122.585947 -5051.259640 0.225888 0.974149 -0.003024 -0.954178 0.220629 -0.202157 0.196264 -0.048550 -0.979348
-0.977102 -107.194953 -1158.543876 -3597.734228 0.162332 0.986544 -0.019483 -0.956906 0.162212 0.240870 -0.240789 0.020457 -0.970362
1.053606 -104.104281 -35.600847 -3712.421863 0.175058 0.984522 -0.008372 -0.977265 0.174788 0.120007 -0.119613 0.012827 -0.992738
2.129867 -95.095285 -171.069941 -5270.332000 0.200315 0.979688 -0.009227 -0.978232 0.199479 -0.057192 0.054190 -0.020483 -0.998321
13.916570 -38.332849 -30619.940723 781.174423 -0.672062 -0.490581 0.554674 0.244044 0.560472 0.791400 -0.699125 0.667235 -0.256948
433.435193 -42.898998 194511.351156 3885.778510 0.715796 0.439350 -0.542777 0.242517 0.572490 0.783225 -0.654844 0.692262 -0.303237
17.977978 -37.397998 -31333.699161 4821.472687 -0.669571 -0.508688 0.541212 0.211404 0.568003 0.795412 -0.712027 0.647000 -0.272780
-28.090087 -39.834615 -3314.488396 -2062.187673 -0.598709 -0.564903 0.567831 0.214272 0.570134 0.793117 -0.771774 0.596517 -0.220301
-27.652163 -37.952809 -2244.627314 2608.353190 -0.565745 -0.530779 0.631035 0.226766 0.635624 0.737943 -0.792786 0.560585 -0.239239
-4.965543 -36.681726 -23238.044508 904.585350 -0.669979 -0.567675 0.478407 0.076960 0.587842 0.805307 -0.738380 0.576357 -0.350154
-19.399034 -48.498102 -6067.529930 409.772145 0.441962 0.769715 -0.460661 -0.481576 0.636852 0.602082 -0.756805 0.044254 -0.652141
-17.022892 -44.471881 4119.895333 -779.579117 -0.483446 -0.697941 0.528354 -0.360674 0.708778 0.606258 -0.797618 0.102529 -0.594385
-32.135442 -51.960851 5891.204887 -2151.303626 -0.566310 -0.569065 0.596203 -0.281105 0.813365 0.509331 -0.774773 0.120843 -0.620583
60.145196 -17.256924 -6789.106750 1510.811089 0.410277 -0.606665 0.680903 0.737020 0.660304 0.144222 -0.537098 0.442668 0.718032
73.184179 -20.096549 -8084.327397 931.713148 0.443367 -0.572816 0.689426 0.738422 0.669418 0.081316 -0.508094 0.473034 0.719777
88.425100 -27.963482 11525.667612 -1514.084624 -0.418389 0.703046 -0.575046 0.775355 0.606209 0.177018 -0.473050 0.371802 0.798741
96.671621 -28.762268 -8097.673787 -3402.690676 0.493791 -0.614947 0.614825 0.742182 0.666476 0.070532 -0.453140 0.421484 0.785503
69.472642 -21.582039 14228.013741 -480.245186 -0.322044 0.760948 -0.563245 0.780382 0.550199 0.297128 -0.535996 0.343858 0.771019
-11.333066 -80.637652 274.373170 47.596597 -0.424326 0.147707 -0.893381 -0.513343 0.773507 0.371708 0.745940 0.616336 -0.252395
-4.001585 -76.233917 2710.592412 658.816058 -0.408484 0.074316 -0.909735 -0.415986 0.871999 0.258017 0.812463 0.483833 -0.325284
-3.623495 -74.611200 2745.562220 364.740357 -0.423205 0.090475 -0.901505 -0.512457 0.796652 0.320521 0.747185 0.597629 -0.290782
-7.792057 -77.783914 -1644.243038 1851.510062 0.459888 -0.155158 0.874316 0.566355 -0.707098 -0.423385 0.683919 0.689883 -0.237311
-10.703837 -86.045663 -644.425763 3339.397384 0.461057 -0.194490 0.865794 0.599786 -0.650758 -0.465586 0.653974 0.733953 -0.183385
-5.096085 -84.894836 304.714172 13967.244129 -0.213771 -0.938816 -0.270049 0.925110 -0.105752 -0.364676 0.313806 -0.327782 0.891114
-6.908955 -90.973547 2784.463219 12584.440965 0.164756 0.957024 0.238663 0.931886 -0.071753 -0.355584 0.323178 -0.280991 0.903659
-7.336733 -90.426647 -3699.286295 10904.235221 -0.165559 -0.960924 -0.221845 0.969387 -0.117206 -0.215758 0.181325 -0.250775 0.950912
-5.894695 -95.335616 3468.602171 5439.507284 -0.197568 -0.933173 -0.300260 0.973904 -0.151944 -0.168594 0.111705 -0.325733 0.938840
-4.264488 -104.205931 -480.113117 1625.090294 -0.184211 -0.952636 -0.241973 0.982013 -0.188762 -0.004447 -0.041439 -0.238440 0.970273
8.154470 -100.966213 -1307.823036 -10205.762604 0.500774 -0.167074 0.849301 -0.275163 0.899569 0.339207 -0.820677 -0.403562 0.404508
7.609003 -110.905183 -2017.402005 956.443905 0.484423 -0.150474 0.861796 -0.057336 0.977518 0.202909 -0.872953 -0.147705 0.464905
12.418750 -109.774070 -2176.364629 -1319.929023 0.519051 -0.136982 0.843696 -0.165928 0.952149 0.256671 -0.838483 -0.273218 0.471484
14.615398 -96.325347 -2456.038064 -14519.840901 0.524515 -0.147598 0.838510 -0.374816 0.844258 0.383069 -0.764459 -0.515212 0.387504
-8.952565 -90.791074 -2350.338760 -9379.372637 0.503220 0.147619 0.851456 0.298222 0.895104 -0.331439 -0.811069 0.420710 0.406412
-13.648694 -102.180803 180.132667 -13589.845612 0.512638 0.060338 0.856482 0.363222 0.888632 -0.280005 -0.777992 0.454635 0.433630
-13.645772 -107.152005 -818.572264 -16045.351969 0.483269 0.060759 0.873361 0.443428 0.843172 -0.304027 -0.754866 0.534200 0.380537
-12.227196 -118.750962 -2343.612677 -20875.644676 0.478384 0.116944 0.870329 0.458749 0.811823 -0.361238 -0.748798 0.572074 0.334714
-10.091965 -133.480478 -441.728928 -6336.732090 -0.448053 -0.045415 -0.892853 -0.038396 0.998765 -0.031534 0.893182 0.020153 -0.449243
-10.756645 -128.871830 -588.071331 -3125.539179 -0.443713 -0.084699 -0.892158 0.164677 0.970866 -0.174073 0.880909 -0.224156 -0.416837
-10.555060 -123.842159 -180.430277 -4311.708601 -0.462782 -0.060376 -0.884414 0.111488 0.985792 -0.125635 0.879433 -0.156744 -0.449476
-9.222726 -127.593990 -176.983273 -4923.045214 -0.466773 -0.032396 -0.883783 -0.097525 0.995120 0.015030 0.878983 0.093206 -0.467655
-8.944610 -123.856629 -512.669979 -3057.113267 -0.469357 -0.053830 -0.881366 0.073188 0.992334 -0.099583 0.879970 -0.111245 -0.461820
-10.672352 -122.250213 228.764609 -100.271940 -0.477345 -0.078169 -0.875232 0.246927 0.943968 -0.218980 0.843308 -0.320647 -0.431296
22.830302 -37.552535 14945.836651 -828.558126 0.476877 -0.560314 -0.677227 0.868988 0.416325 0.267456 0.132087 -0.716046 0.685442
19.210247 -34.887166 13753.028544 280.737146 0.439249 -0.596573 -0.671685 0.880298 0.435018 0.189300 0.179263 -0.674433 0.716243
2.291830 -35.661641 7900.257645 73.877134 0.596057 -0.494619 -0.632509 0.775928 0.557436 0.295298 0.206523 -0.666796 0.716053
4.808006 -39.529760 8477.726138 -967.437847 0.662289 -0.433493 -0.611111 0.731022 0.552668 0.400206 0.164255 -0.711788 0.682919
63.043878 -47.560084 5923.887121 -12143.893507 -0.512686 -0.129192 -0.848801 0.757844 -0.532727 -0.376663 -0.403517 -0.836368 0.371029
64.741415 -98.880281 4425.745551 -25138.346252 -0.442419 -0.200462 -0.874117 0.851745 -0.399008 -0.339592 -0.280704 -0.894767 0.347272
51.820331 -87.625329 9778.520182 -24383.660281 -0.418334 -0.032931 -0.907696 0.801962 -0.482582 -0.352096 -0.426443 -0.875231 0.228290
56.825514 -160.519475 9527.185034 -41498.949454 -0.397018 -0.061746 -0.915731 0.882901 -0.298251 -0.362674 -0.250725 -0.952488 0.172926
48.838215 -46.097234 8533.899399 -12701.433952 -0.481195 0.011687 -0.876535 0.713523 -0.575655 -0.399381 -0.509250 -0.817609 0.268664
8.872945 -193.503247 -76.798464 -9301.301906 0.548548 0.167929 0.819082 -0.268441 0.963134 -0.017685 -0.791855 -0.210175 0.573404
11.014748 -246.079434 -3740.678552 -38182.619005 0.506484 0.116053 0.854404 -0.088128 0.992679 -0.082593 -0.857734 -0.033465 0.513003
9.038711 -235.544436 -168.677728 -28185.788081 0.553208 0.106710 0.826180 0.052697 0.985293 -0.162547 -0.831374 0.133459 0.539449
8.596304 -176.190199 3454.063220 -4692.986472 0.578259 0.135396 0.804540 -0.130439 0.988791 -0.072651 -0.805358 -0.062932 0.589438
9.171094 -216.449739 1602.555703 -24158.339204 0.563580 0.087800 0.821382 0.141181 0.969468 -0.200499 -0.813907 0.228961 0.533977
-4.084189 -211.878273 3511.681469 8886.687465 0.230105 -0.274472 0.933658 0.967823 0.164937 -0.190038 -0.101835 0.947344 0.303593
-6.488975 -160.481912 -4.789275 1794.990757 0.250050 -0.268642 0.930219 0.963710 -0.023704 -0.265898 0.093481 0.962949 0.252965
-11.216767 -183.486460 3116.301189 18167.039912 0.280260 -0.257125 0.924846 0.933665 -0.150793 -0.324856 0.222989 0.954541 0.197808
-14.943789 -234.179845 2577.086141 44528.865726 0.297618 -0.229173 0.926771 0.948832 -0.036324 -0.313685 0.105552 0.972708 0.206636
-10.241960 -174.291923 3849.433244 19504.024125 0.366795 -0.268120 0.890827 0.816087 -0.366969 -0.446471 0.446614 0.890756 0.084206
-15.994872 -209.851308 2605.113435 23735.515712 0.350608 -0.221264 0.910009 0.866580 -0.291810 -0.404828 0.355124 0.930531 0.089432
6.638324 -115.039680 -735.407922 -5735.465579 0.447799 -0.132176 0.884311 0.059895 0.991226 0.117826 -0.892126 0.000203 0.451787
4.512584 -114.488578 887.635242 -6656.150780 0.469661 -0.136907 0.872167 0.018397 0.989206 0.145373 -0.882655 -0.052231 0.467111
6.451774 -124.824489 -226.298765 -4097.916573 0.450634 -0.137157 0.882109 0.215147 0.975687 0.041797 -0.866395 0.170948 0.469187
5.178561 -117.010005 -2371.064164 -3800.976922 0.426470 -0.140515 0.893521 0.049015 0.989998 0.132293 -0.903173 -0.012623 0.429092
-6.248551 -16.979904 -988.166557 109.834646 -0.336920 -0.318848 -0.885901 -0.257080 0.936313 -0.239222 0.905757 0.147149 -0.397432
-7.348922 -23.758267 -1782.502171 -5418.249732 -0.426581 0.089318 -0.900028 -0.119364 0.980848 0.153913 0.896538 0.173087 -0.407750
-5.203978 -24.483222 -2275.484704 -5353.288281 -0.386579 -0.071618 -0.919471 -0.173474 0.984831 -0.003774 0.905794 0.158045 -0.393139
-12.838562 -29.884952 -1489.031336 -184.359863 -0.419412 0.882997 0.210736 0.436032 0.399557 -0.806369 0.796222 0.246313 0.552594
-12.356158 -31.124122 -1875.106823 271.817827 -0.458632 0.857386 0.233551 0.418811 0.440358 -0.794155 0.783743 0.266411 0.561045
-9.873952 -29.435128 -2948.920533 215.863973 -0.366946 0.920779 0.132348 0.538470 0.326259 -0.776920 0.758552 0.213823 0.615532
-2.346122 -42.239891 -552.342098 -10.565947 0.394310 0.806795 -0.440001 -0.590458 0.589310 0.551428 -0.704187 -0.042368 -0.708750
-1.590625 -42.147652 -1885.180051 2009.274009 0.399526 0.795168 -0.456165 -0.616439 0.601337 0.508327 -0.678514 -0.078108 -0.730423
-1.426074 -42.805688 347.222032 -483.207031 0.402615 0.805405 -0.434999 -0.604437 0.590798 0.534428 -0.687427 -0.047761 -0.724681
-2.207182 -40.129914 109.904824 -685.269744 0.402093 0.803510 -0.438967 -0.527985 0.595173 0.605805 -0.748032 0.011822 -0.663557
-1.691636 -42.622714 1481.194234 -3819.789287 0.405790 0.812018 -0.419478 -0.591666 0.583205 0.556600 -0.696610 -0.022328 -0.717102
58.379186 -51.285118 2608.380365 -1802.577706 -0.019852 0.976897 0.212787 0.563646 -0.164849 0.809399 -0.825778 -0.136005 0.547352
56.238616 -67.349837 -8867.904795 7134.502015 -0.127485 0.909347 0.396024 0.594486 -0.249556 0.764401 -0.793936 -0.332880 0.508780
50.131939 -45.211517 6133.230276 7666.613381 0.131493 0.926202 0.353354 0.513092 -0.368578 0.775169 -0.848202 -0.079374 0.523692
-124.879699 -148.948839 24787.479611 -34948.417943 -0.063615 0.858744 -0.508440 -0.255543 -0.506504 -0.823500 0.964702 -0.077542 -0.251668
-113.817380 -278.793363 32071.518772 -73728.201321 0.031428 0.993472 -0.109659 -0.409555 -0.087279 -0.908101 0.911744 -0.073451 -0.404138
-41.760232 -133.185617 18029.721514 -28703.088060 0.024589 0.998451 -0.049910 -0.212636 -0.043559 -0.976160 0.976822 -0.034615 -0.211235
-42.052894 -60.240202 3015.944086 544.873828 -0.442652 0.063806 0.894421 0.743295 0.584046 0.326195 -0.501570 0.809209 -0.305955
-42.073450 -57.173699 4054.545797 251.489141 -0.371414 0.092456 0.923852 0.707577 0.672437 0.217171 -0.601154 0.734357 -0.315172
-39.605644 -58.925443 2118.704224 775.774204 -0.383710 0.043358 0.922435 0.750276 0.597001 0.284035 -0.538380 0.801068 -0.261606
-39.527445 -59.344355 1875.818789 -671.627488 -0.355052 0.077506 0.931628 0.815216 0.513433 0.267972 -0.457559 0.854622 -0.245479
-43.774376 -61.051471 3019.264070 -1926.476102 -0.449136 0.120940 0.885241 0.782154 0.532139 0.324134 -0.431870 0.837975 -0.333596
-42.214253 -401.348996 -8045.564791 -226743.378905 0.319938 0.913895 -0.249872 -0.884891 0.382474 0.265859 -0.338536 -0.136051 -0.931066
-42.624649 -123.574761 -7854.332712 -39460.501046 0.312866 0.901507 -0.298999 -0.624181 0.432433 0.650691 -0.715900 0.016950 -0.697998
-64.264183 -248.341467 -17649.477239 -115286.260514 0.262333 0.950202 -0.168220 -0.711404 0.308219 0.631589 -0.651986 0.046014 -0.756833
-259.882552 -2057.894958 76928.961193 924133.828222 0.159947 0.945829 0.282531 -0.096323 -0.269896 0.958060 -0.982415 0.180453 -0.047937
-93.273341 -1581.421799 68.683880 950368.631786 0.271766 0.960571 0.058714 0.959255 -0.265483 -0.096691 -0.077290 0.082599 -0.993581
-49.929897 -76.198547 5912.760400 1186.226697 0.437083 -0.200075 0.876886 -0.188221 0.933011 0.306699 -0.879506 -0.299101 0.370145
-53.443021 -76.924778 4358.546858 -2255.954053 0.400067 -0.305404 0.864103 -0.310148 0.842100 0.441221 -0.862412 -0.444518 0.242176
-42.782455 -72.533705 6587.873887 -2591.051425 0.513558 -0.322915 0.794974 -0.292279 0.805245 0.515901 -0.806741 -0.497300 0.319159
-38.063624 -72.245554 5326.499680 -726.440100 0.509909 -0.223796 0.830607 -0.210776 0.903628 0.372866 -0.834006 -0.365200 0.413598
32.284958 -50.135160 -5541.044806 1775.711350 -0.467826 0.812064 0.348842 0.880661 0.461652 0.106366 -0.074667 0.356972 -0.931126
35.701908 -50.337722 556.982408 1626.534706 -0.463846 0.766390 0.444402 0.877495 0.466452 0.111471 -0.121862 0.441665 -0.888865
35.906141 -53.089621 -3284.238226 1318.976180 -0.466038 0.793458 0.391450 0.860709 0.509048 -0.007115 -0.204912 0.333609 -0.920172
36.070897 -47.287448 -3997.716026 1859.628421 -0.466876 0.795800 0.385654 0.884320 0.421205 0.201405 -0.002161 0.435072 -0.900393
25.127489 -47.074694 -7442.920333 1639.980627 -0.463875 0.830688 0.307859 0.884938 0.418290 0.204741 0.041301 0.367410 -0.929142
-8.253305 -38.522501 1338.910927 -2829.966132 -0.402598 0.894925 -0.192417 -0.824050 -0.262807 0.501871 -0.398568 -0.360614 -0.843268
-6.550188 -37.917338 772.087301 -700.688659 -0.355360 0.910242 -0.212552 -0.858248 -0.227649 0.459986 -0.370311 -0.345882 -0.862111
-6.704337 -37.326079 972.700622 1504.590773 -0.395742 0.894279 -0.208935 0.851655 0.272248 -0.447844 -0.343615 -0.355172 -0.869357
-8.539387 -37.432142 871.911170 4073.701707 -0.442570 0.874765 -0.197277 0.818143 0.303825 -0.488194 -0.367117 -0.377461 -0.850146
-8.096682 -37.522309 376.322297 2228.616587 -0.398619 0.887299 -0.231954 0.861983 0.276105 -0.425149 -0.313190 -0.369413 -0.874898
-5.744293 -33.604688 425.176256 -869.186839 -0.352211 0.904054 -0.242146 0.888598 0.241787 -0.389786 -0.293840 -0.352457 -0.888500
2.454927 -8.910780 4241.205426 3470.645683 0.543348 0.727341 0.419224 0.357420 -0.652271 0.668426 -0.759621 0.213349 0.614376
9.883123 -6.850321 3351.402009 2510.394358 0.546115 0.695808 0.466486 0.324581 -0.689116 0.647894 -0.772273 0.202412 0.602183
5.521118 -12.092499 3622.026563 1266.872267 0.515253 0.774700 0.366543 0.376812 -0.588906 0.714984 -0.769758 0.230280 0.595352
-1.036031 -16.153689 1636.648925 2410.385209 0.422806 0.876632 0.229675 0.457875 -0.425365 0.780651 -0.782039 0.224901 0.581235
3.208392 -36.417087 748.609067 783.292898 -0.504724 0.839182 -0.202553 0.858138 0.462138 -0.223669 -0.094091 -0.286709 -0.953386
5.206268 -38.029933 279.835455 578.844685 -0.495542 0.839277 -0.223721 0.865935 0.457261 -0.202655 -0.067784 -0.294152 -0.953352
4.540818 -43.048740 938.319163 -2346.737213 -0.508435 0.836664 -0.203685 0.859094 0.476717 -0.186274 -0.058749 -0.269693 -0.961153
3.088085 -43.043424 1243.552496 -3254.885796 -0.516787 0.835186 -0.188136 0.853289 0.484655 -0.192372 -0.069486 -0.259949 -0.963119
2.008797 -36.829357 466.583317 262.139587 -0.527369 0.828333 -0.189069 0.843518 0.483785 -0.233302 -0.101783 -0.282519 -0.953846
2.311168 -31.161550 660.178772 -1385.421707 -0.526196 0.828410 -0.191978 0.832350 0.455531 -0.315729 -0.174101 -0.325928 -0.929225
-10.872606 -113.146433 1511.018914 -7599.185157 0.460300 -0.882619 -0.095434 0.876666 0.434968 0.205572 -0.139931 -0.178288 0.973978
-9.766818 -113.773451 1201.042042 -6632.174853 -0.455065 0.889633 0.038339 0.871686 0.436264 0.223244 -0.181879 -0.135010 0.974008
-8.953003 -102.159386 -112.468029 -5485.411978 -0.482180 0.874059 0.059358 0.817206 0.424330 0.390024 -0.315717 -0.236569 0.918890
-8.284658 -117.169219 1111.954416 -7711.740233 0.453753 -0.884159 -0.111224 0.857745 0.399498 0.323534 -0.241622 -0.242206 0.939657
-11.460068 -123.651470 1976.874409 -4868.321369 0.427110 -0.895915 -0.122123 0.904172 0.424244 0.049903 0.007101 -0.131734 0.991260
-2.073308 -57.456124 2135.525248 -2739.090896 0.676563 -0.735238 -0.041077 -0.578205 -0.495864 -0.647918 -0.456005 -0.462109 0.760602
0.249929 -58.857546 2154.239314 -1885.365204 0.671982 -0.738908 -0.049546 -0.595045 -0.498900 -0.630095 -0.440864 -0.452895 0.774936
-2.007796 -54.188390 2567.156203 -1395.300794 0.673099 -0.737963 -0.048469 -0.636407 -0.544591 -0.546267 -0.376729 -0.398537 0.836208
-1.277150 -69.843195 1153.042320 11.990281 -0.662273 0.748974 -0.020818 0.193752 0.198031 0.960856 -0.723778 -0.632315 0.276266
0.871284 -67.996474 -905.324672 -1072.030165 -0.685637 0.727713 -0.018331 0.135721 0.152533 0.978935 -0.715180 -0.668706 0.203348
-0.015063 -72.136742 -630.179282 3509.977832 -0.685423 0.727817 -0.021878 0.233515 0.248174 0.940149 -0.689686 -0.639291 0.340060
0.261347 -67.532059 -660.381698 -4664.290416 -0.684663 0.727403 -0.046068 0.006409 0.069211 0.997581 -0.728832 -0.682712 0.052048
-4.662450 -69.454348 811.020225 779.741812 -0.683765 0.729535 -0.015626 0.297284 0.298061 0.907073 -0.666399 -0.615579 0.420683
-3.947988 -69.132748 770.928888 344.810631 -0.672376 0.740144 -0.009915 0.284841 0.271077 0.919447 -0.683211 -0.615390 0.393089
-3.425785 -62.779977 -2217.030099 6757.310754 -0.093838 0.995503 -0.012966 -0.755525 -0.079687 -0.650255 0.648364 0.051223 -0.759605
0.376682 -62.140880 -254.461805 -11.950450 -0.082871 0.995682 0.041833 -0.633707 -0.020254 -0.773308 0.769122 0.090595 -0.632649
-3.758694 -66.520077 -1490.887637 7988.753889 -0.123417 0.991089 -0.050099 -0.744009 -0.125821 -0.656217 0.656673 0.043714 -0.752907
-6.797736 -59.754835 -1996.316365 -177.292398 -0.174586 0.981058 -0.083933 -0.769097 -0.189098 -0.610517 0.614825 0.042035 -0.787543
44.317402 -14.882333 3783.484613 -84.019438 0.204633 0.942883 -0.262864 -0.577176 0.333124 0.745584 -0.790565 0.000852 -0.612378
38.056188 -17.413212 4970.170554 -4424.470178 0.237756 0.953473 -0.185366 -0.582703 0.292694 0.758147 -0.777129 0.072241 -0.625182
42.254002 -18.780054 4402.823670 -2902.047307 0.185637 0.943772 -0.273555 -0.556890 0.330417 0.762036 -0.809576 -0.010877 -0.586915
34.537748 -15.670638 5342.056622 -2389.221872 0.284809 0.942948 -0.172434 -0.593032 0.314652 0.741153 -0.753125 0.108829 -0.648814
43.167468 -20.678863 -849.670400 2139.588865 0.066776 0.944453 -0.321790 -0.545178 0.304647 0.781006 -0.835656 -0.123281 -0.535239
42.039432 -22.570453 -1891.110666 4086.312826 0.048789 0.961189 -0.271544 -0.579945 0.248606 0.775796 -0.813194 -0.119630 -0.569565
42.822139 -18.210004 1732.773552 4047.058352 0.167196 0.956828 -0.237751 -0.582591 0.290423 0.759106 -0.795382 -0.011592 -0.605997
39.556844 -14.385122 4807.082483 1230.644934 0.259611 0.940014 -0.221304 -0.587377 0.335601 0.736451 -0.766544 0.061202 -0.639269
-4.058481 -119.800695 550.312425 -701.540219 0.764806 -0.634477 0.111847 -0.460236 -0.416569 0.783998 0.450837 0.651083 0.610604
-0.537878 -116.959571 1738.606328 1182.570871 0.745116 -0.656061 0.119944 -0.583053 -0.553465 0.594748 0.323806 0.513090 0.794914
4.361530 -113.700706 4860.044481 -1253.376265 0.723880 -0.677461 0.130557 -0.543219 -0.442993 0.713211 0.425336 0.587200 0.688684
-3.823550 -115.400083 2523.777578 -190.267951 0.741495 -0.660695 0.116905 -0.422452 -0.324360 0.846360 0.521267 0.676959 0.519623
-9.071917 -115.448430 -923.653036 -162.439108 0.774234 -0.624985 0.099780 -0.332715 -0.267812 0.904200 0.538389 0.733260 0.415291
-6.898772 -122.417181 -2379.651251 41.649728 0.792396 -0.604224 0.083801 -0.303551 -0.271411 0.913342 0.529118 0.749166 0.398478
4.928812 -102.535990 -3727.701215 -7405.419102 0.643879 -0.763801 0.045038 0.765102 0.643220 -0.029783 -0.006221 0.053636 0.998541
1.753413 -102.657233 -1667.705663 -6029.552229 0.610665 -0.791026 0.036964 0.791397 0.607977 -0.063674 0.027895 0.068137 0.997286
-0.160128 -106.060551 -3103.624349 -2348.877969 0.634782 -0.771362 0.045295 0.759744 0.612387 -0.218566 0.140856 0.173155 0.974770
-7.339137 -138.278527 395.982804 -960.749087 -0.693845 0.710374 -0.118107 0.444798 0.551745 0.705502 -0.566334 -0.436975 0.698798
-6.768512 -127.903711 426.870193 -1715.682195 -0.695237 0.712497 -0.094836 0.471729 0.551838 0.687711 -0.542326 -0.433385 0.719764
-9.272948 -134.859894 -43.548958 -1921.282699 0.725068 -0.673325 0.144605 0.522894 0.674897 0.520668 -0.448172 -0.301906 0.841424
-8.405664 -127.064698 531.171947 -1353.848724 -0.710563 0.692341 -0.125552 0.540524 0.651325 0.532549 -0.450481 -0.310546 0.837035
-10.348982 -156.748609 4.231091 -13.940875 -0.712323 0.681999 -0.165754 0.498310 0.657748 0.564850 -0.494251 -0.319759 0.808375
-11.742032 -146.318453 -329.328430 4027.671844 0.744985 -0.642961 0.177761 0.576859 0.754756 0.312374 -0.335010 -0.130171 0.933179
-11.922253 -131.800756 -197.175730 2030.272633 0.745921 -0.647074 0.157785 0.586853 0.750565 0.303738 -0.314968 -0.133968 0.939600
-1.585021 -114.753466 -258.258571 10066.722300 -0.629258 0.769934 0.106003 0.227968 0.052458 0.972254 -0.743011 -0.635964 0.208530
-1.191042 -96.877793 43.261291 4732.066245 -0.633149 0.770624 0.072533 0.336864 0.189970 0.922190 -0.696883 -0.608317 0.379875
-2.572961 -102.611923 -1335.706587 4250.504448 -0.652016 0.755004 0.069601 0.335375 0.204859 0.919542 -0.679999 -0.622898 0.386780
-2.694350 -110.114336 -1310.418537 5760.489593 -0.638689 0.762956 0.099867 0.246682 0.080087 0.965782 -0.728851 -0.641470 0.239358
-16.647066 -32.689317 -2801.120796 -1210.640049 -0.584662 0.744051 0.323357 0.156341 -0.287773 0.944852 -0.796070 -0.602972 -0.051924
-11.158881 -28.964351 -784.202958 -1127.184791 -0.605671 0.734755 0.305446 0.122603 -0.293108 0.948186 -0.786213 -0.611737 -0.087444
-10.618563 -33.229121 -857.097544 -1565.045479 -0.614158 0.762972 0.201704 0.118329 -0.163670 0.979393 -0.780262 -0.625369 -0.010238
-15.023728 -29.789434 -2553.522665 -850.000382 -0.572713 0.690750 0.441435 0.176798 -0.421743 0.889312 -0.800464 -0.587365 -0.119414
-13.562912 -36.366220 -2869.591576 -1560.237943 -0.606455 0.762432 0.225633 0.162476 -0.158956 0.973825 -0.778341 -0.627241 0.027477
-19.789720 -36.192972 -3954.484913 -1047.378953 -0.562653 0.748798 0.350319 0.218362 -0.274094 0.936584 -0.797333 -0.603469 0.009289
-21.547181 -32.232552 -2936.819000 -722.208355 -0.518664 0.664980 0.537390 0.221833 -0.502350 0.835724 -0.825698 -0.552671 -0.113037
-23.692954 -35.433910 -3125.855302 -1196.166239 -0.510921 0.707634 0.488072 0.249628 -0.421172 0.871952 -0.822585 -0.567335 -0.038540
-4.277496 -172.822371 -2103.482657 -24496.238738 -0.722659 0.690690 0.026671 -0.569924 -0.617248 0.542394 -0.391089 -0.376765 -0.839700
-2.960162 -168.273949 -1379.550688 -22759.521579 -0.723123 0.690535 0.015928 -0.617206 -0.656342 0.433904 -0.310081 -0.303935 -0.900818
-3.620968 -196.041972 2210.613030 16061.206741 0.732355 -0.680104 -0.033388 0.460998 0.531309 -0.710768 -0.501136 -0.505143 -0.702633
47.439893 -427.383675 -5063.040282 57112.813125 0.741850 -0.669923 -0.029370 -0.625362 -0.675367 -0.390899 -0.242037 -0.308355 0.919965
34.688887 -472.188898 12483.227647 -10878.353103 0.754165 -0.627325 -0.194162 -0.656164 -0.708099 -0.260852 -0.026153 -0.324128 0.945652
56.355308 -912.356424 13759.600948 398838.484436 0.807729 -0.575243 -0.129108 -0.467136 -0.490875 -0.735408 -0.359663 -0.654322 0.665211
46.675701 -415.715228 -3078.788145 122714.787992 0.734024 -0.679076 -0.007987 -0.477623 -0.507838 -0.716921 -0.482788 -0.530052 0.697108
48.704990 -317.836171 446.470502 96809.917279 0.719736 -0.694120 -0.013287 -0.325656 -0.320647 -0.889457 -0.613130 -0.644502 0.456826
20.750027 -435.574437 1054.560298 159629.281862 -0.667357 0.617068 -0.416967 0.150135 0.659862 0.736235 0.729448 0.428730 -0.533007
21.612373 -2167.510455 -2931.379357 1371776.056293 0.707227 -0.597643 0.377693 -0.497151 -0.040570 0.866715 0.502663 0.800735 0.325811
238.989221 -66.887528 -6818.628160 -33361.825954 0.056998 0.649698 0.758052 -0.722985 0.550487 -0.417441 0.688509 0.524267 -0.501099
751.293017 -28361.153928 -167428.757995 15498160.917622 -0.590853 0.771110 -0.237238 0.789304 0.613369 0.027872 0.167006 -0.170785 -0.971052
24.121804 -35.494338 -4166.086131 1574.871790 0.625724 -0.718911 -0.302715 0.483786 0.053240 0.873566 0.611900 0.693060 -0.381112
26.531256 -37.933659 -609.265412 -558.242120 -0.585754 0.780845 0.217195 -0.424968 -0.067709 -0.902673 0.690141 0.621045 -0.371495
20.756823 -31.782421 -5516.219317 1870.949507 0.674249 -0.696624 -0.245159 0.384718 0.047962 0.921787 0.630381 0.715831 -0.300342
0.805668 -14.791873 360.290299 1264.290946 0.565629 -0.670311 -0.480360 0.509571 -0.173888 0.842675 0.648383 0.721419 -0.243215
1.455240 -12.557209 -1074.644953 2019.548099 0.548505 -0.655786 -0.518737 0.502877 -0.236923 0.831253 0.668025 0.716807 -0.199826
-0.050514 -14.627199 -424.803925 1031.871700 0.566422 -0.671431 -0.477857 0.498284 -0.182824 0.847519 0.656414 0.718161 -0.231008
-2.001663 -16.730881 -660.390889 1281.982174 0.610304 -0.685930 -0.396269 0.452152 -0.109113 0.885242 0.650451 0.719441 -0.243553
-0.178834 -17.167966 -324.433008 806.997626 0.590454 -0.679654 -0.435240 0.494317 -0.121746 0.860714 0.637976 0.723359 -0.264080
-10.699347 -56.359270 -1159.689597 745.885499 -0.554157 0.817532 0.156686 0.522602 0.488202 -0.698961 0.647918 0.305450 0.697785
-6.136089 -59.800769 -1297.497501 -2509.234691 -0.548938 0.818579 0.169102 0.564960 0.512455 -0.646692 0.616025 0.259458 0.743771
-7.000183 -55.503222 -1134.053001 1874.532332 -0.539318 0.829075 0.147548 0.484172 0.448645 -0.751196 0.688995 0.333695 0.643377
-10.737466 -51.889050 -887.977039 5057.817078 -0.554873 0.818231 0.150380 0.388277 0.414568 -0.823028 0.735769 0.398287 0.547733
-27.621724 -40.907129 -1958.958139 1494.788867 -0.115494 0.852294 0.510154 -0.407903 0.427594 -0.806709 0.905691 0.301263 -0.298268
-25.692942 -46.239820 -4940.931999 3388.734192 -0.024715 0.848643 0.528388 -0.381394 0.480568 -0.789679 0.924082 0.221041 -0.311791
-23.480245 -42.478700 -4044.567599 414.877513 -0.067026 0.873867 0.481522 -0.436838 0.408192 -0.801593 0.897040 0.264075 -0.354379
10.133734 -127.611816 -2592.852945 -1621.985072 -0.332611 0.929294 -0.160572 -0.765239 -0.365462 -0.529950 0.551162 0.053391 -0.832688
7.010497 -144.500209 150.245949 8079.032935 -0.351827 0.914238 -0.200962 -0.694578 -0.398897 -0.598700 0.627518 0.071055 -0.775353
8.694493 -142.297126 -1643.584823 13935.908540 -0.303257 0.940238 -0.154880 -0.638257 -0.321108 -0.699655 0.707575 0.113322 -0.697492
14.154525 -148.109008 -4318.205479 3340.468600 -0.292289 0.948149 -0.124821 -0.719435 -0.303996 -0.624500 0.630064 0.092734 -0.770986
132.476794 -291.740483 -17072.970785 -37009.524429 0.069931 0.974286 0.214190 -0.674343 -0.112054 0.729867 -0.735100 0.195478 -0.649166
91.977418 -281.841367 -13444.616594 20559.681538 0.090752 0.963904 0.250306 -0.185217 -0.230621 0.955253 -0.978498 0.133052 -0.157602
109.548938 -256.528328 -15313.866755 -11447.190240 -0.099903 0.992364 0.072336 -0.427844 -0.108480 0.897319 -0.898315 -0.058696 -0.435414
117.017752 -233.755948 -19951.022541 -7145.715627 -0.130589 0.991341 0.013742 -0.619189 -0.092375 0.779790 -0.774307 -0.093323 -0.625891
19.694538 -322.967358 3797.970097 -16578.690279 0.811292 0.374350 0.449074 -0.214839 0.905270 -0.366511 -0.543737 0.200869 0.814863
26.674625 -293.223099 -1230.152113 -7621.184767 0.746831 0.405681 0.526940 -0.177439 0.885210 -0.430022 -0.640904 0.227654 0.733086
22.531985 -285.567551 4192.052540 -7594.397456 0.777236 0.413909 0.473903 -0.001310 0.754235 -0.656604 -0.629208 0.509715 0.586760
30.528325 -101.448695 -3929.294364 1577.884792 -0.715869 0.681544 0.151755 -0.085503 -0.301272 0.949697 -0.692980 -0.666883 -0.273945
32.675474 -97.790929 -2413.191099 3286.182333 -0.706333 0.694330 0.137836 0.013651 -0.181320 0.983329 -0.707748 -0.696440 -0.118594
29.783570 -99.801656 5592.512517 -3663.762673 0.741909 -0.656929 -0.134223 -0.042948 0.153212 -0.987260 -0.669124 -0.738221 -0.085456
21.180544 -105.315677 7375.786929 -2646.361513 0.777447 -0.613276 -0.139532 0.026982 0.254167 -0.966784 -0.628369 -0.747858 -0.214149
20.433978 -103.711124 6190.178685 4552.895855 0.768153 -0.619958 -0.159980 0.157742 0.425410 -0.891148 -0.620531 -0.659302 -0.424573
-42.121330 -72.938870 -2032.461144 4831.755381 0.498990 0.859146 -0.113482 0.773154 -0.500498 -0.389531 0.391461 -0.106632 0.913995
-49.087754 -80.010292 -747.001178 1372.263783 0.353698 0.935239 0.015009 0.901686 -0.336654 -0.271342 0.248717 -0.109506 0.962366
181.582124 -91.516670 -28024.107864 -1914.560026 0.027656 0.900579 0.433812 0.109332 0.428649 -0.896831 0.993620 -0.072233 0.086608
4.069125 -34.713419 3352.400198 1619.827036 0.647259 0.737451 -0.192929 0.312372 -0.487476 -0.815347 0.695327 -0.467475 0.545882
1.810299 -30.877036 -1026.118103 -1870.144877 0.640902 0.759720 -0.109863 0.404848 -0.456132 -0.792491 0.652183 -0.463431 0.599907
-5.361805 -27.691778 -5599.439848 172.032509 0.740293 0.621983 -0.255153 0.234871 -0.594897 -0.768722 0.629922 -0.509152 0.586484
5.430101 -13.033923 -748.242181 -1283.192426 0.610756 -0.176556 0.771884 0.324326 0.945080 -0.040453 -0.722350 0.275049 0.634475
13.750155 -18.664857 -3149.981659 -1687.314417 0.574378 -0.239815 0.782674 0.397030 0.917749 -0.010164 -0.715861 0.316583 0.622349
11.331757 -14.660580 -3020.908390 -1885.272851 0.512441 -0.419896 0.749061 0.481871 0.862621 0.153900 -0.710778 0.282086 0.644378
-10.373250 -39.596561 -1043.227498 -1809.611557 0.149321 -0.613670 -0.775315 -0.247314 0.736004 -0.630186 0.957360 0.285846 -0.041868
-12.833156 -38.486497 -49.802120 -1394.470430 0.134955 -0.537770 -0.832220 -0.301907 0.777650 -0.551465 0.943737 0.325676 -0.057409
-5.848833 -36.678697 -1959.179911 -1321.652783 0.133270 -0.552195 -0.822994 -0.167999 0.805797 -0.567862 0.976737 0.213941 0.014621
0.333748 -47.009368 -5772.287228 321.411605 0.602193 -0.729803 0.323652 0.757437 0.394163 -0.520504 0.252294 0.558590 0.790142
15.149482 -46.792458 -8599.126910 1207.150078 0.619392 -0.721298 0.309973 0.731421 0.386709 -0.561675 0.285266 0.574618 0.767097
18.268058 -42.078131 -3688.959512 2307.576554 -0.560113 0.825801 0.065767 0.002438 0.081031 -0.996709 0.828413 0.558109 0.047400
22.614143 -35.407087 -475.489455 3277.690717 -0.601851 0.788273 0.128071 -0.101002 0.083947 -0.991338 0.792196 0.609573 -0.029094
22.400853 -38.082694 -6812.467056 2760.391316 -0.533299 0.837418 0.119682 -0.105155 0.074757 -0.991642 0.839365 0.541427 -0.048191
0.227502 -58.337742 -1177.442508 -7972.576774 0.608334 0.787159 -0.101536 0.575613 -0.525645 -0.626392 0.546442 -0.322610 0.772867
0.210623 -58.168996 -1314.478801 -1681.964513 0.617504 0.778944 -0.109243 0.589287 -0.550135 -0.591687 0.520989 -0.300994 0.798732
-0.688769 -58.776006 -1670.446689 -8261.708690 0.611778 0.784246 -0.103372 0.569815 -0.527554 -0.630077 0.548670 -0.326564 0.769622
-2.196857 -65.807444 -1708.167240 -1615.016092 0.655477 0.674438 -0.339827 -0.510037 0.063477 -0.857807 0.556967 -0.735597 -0.385596
-0.950092 -68.320239 -912.223718 -3220.494905 0.647054 0.682553 -0.339768 -0.589691 0.165527 -0.790484 0.483307 -0.711844 -0.509601
-3.765257 -64.039944 -1829.107943 490.845683 0.652176 0.671207 -0.352345 -0.449174 -0.032263 -0.892862 0.610663 -0.740567 -0.280448
-0.657864 -63.364943 -1118.102674 -85.409230 0.648030 0.675000 -0.352749 -0.462281 -0.019477 -0.886519 0.605271 -0.737560 -0.299418
0.405220 -67.375998 -1204.776324 -2314.750088 0.655670 0.678984 -0.330269 -0.533771 0.107449 -0.838775 0.534028 -0.726247 -0.432873
-11.392048 -89.898401 -4266.724503 5347.995648 0.208852 0.977759 -0.019177 0.977903 -0.208989 -0.005412 -0.009300 -0.017623 -0.999801
-10.449725 -83.502293 -3659.957593 -3310.188358 0.238462 0.971107 -0.009365 -0.959673 0.234155 -0.155559 0.148871 -0.046082 -0.987782
1887.408985 -227.530691 -700742.836801 80234.258959 -0.400101 -0.506628 0.763706 0.325673 0.700327 0.635201 -0.856654 0.502863 -0.115207
1610.771375 -97.407062 -655928.853042 13865.318085 -0.664787 -0.525283 0.531165 0.138553 0.611997 0.778629 -0.734072 0.591217 -0.334068
2959.474397 -428.180359 -1352539.833488 209422.373927 -0.610177 -0.377453 0.696573 0.366146 0.645342 0.670426 -0.702581 0.664126 -0.255570
-25.581382 -49.774291 4250.973814 -3688.594571 -0.567557 -0.646689 0.509580 -0.499825 0.762451 0.410906 -0.654258 -0.021488 -0.755966
-15.289625 -54.731012 -4362.006006 -7286.402881 -0.650989 -0.613484 0.447047 -0.506770 0.789706 0.345758 -0.565153 -0.001466 -0.824985
-21.059872 -50.832183 -2360.311038 -5254.174945 0.523803 0.739037 -0.423622 -0.642645 0.669263 0.372953 -0.559141 -0.076885 -0.825500
-13.324328 -45.429518 -3257.926498 -1432.984697 0.386316 0.843636 -0.372877 -0.663731 0.534980 0.522740 -0.640484 -0.045547 -0.766619
-18.350209 -48.921425 -6193.708630 3061.569844 0.410114 0.803855 -0.430840 -0.551325 0.594821 0.585003 -0.726531 0.002385 -0.687130
53.014330 -21.731650 -3106.130289 686.288925 0.496985 -0.388378 0.775995 0.637658 0.769976 -0.023021 -0.588557 0.506260 0.630318
77.759937 -26.125856 -8123.100691 -844.553665 0.480735 -0.433562 0.762180 0.685525 0.727817 -0.018371 -0.546762 0.531325 0.647105
-2.491250 -60.549581 236.428471 -3537.508365 0.346214 0.894791 -0.281930 -0.233294 0.373190 0.897944 -0.908686 0.245108 -0.337953
-2.282413 -57.151879 321.294525 -1967.564631 0.349550 0.886148 -0.304231 -0.318255 0.417709 0.851019 -0.881209 0.200651 -0.428031
-1.599662 -62.882259 -875.189007 -3687.598052 0.324778 0.900626 -0.288775 -0.219667 0.368808 0.903176 -0.919927 0.229898 -0.317618
-1.642567 -66.834893 -517.981325 -2517.759690 0.330991 0.906995 -0.260394 -0.081319 0.302338 0.949726 -0.940123 0.293176 -0.173827
-4.770507 -117.999536 1802.190000 1227.267818 0.433208 -0.290176 0.853305 0.878952 -0.073481 -0.471216 0.199437 0.954148 0.223218
-8.583040 -112.151356 1534.486775 5325.360106 0.438269 -0.283930 0.852821 0.815298 -0.273888 -0.510171 0.378430 0.918896 0.111451
-7.617072 -117.837296 537.796432 1173.974388 0.472655 -0.267787 0.839576 0.858226 -0.076465 -0.507544 0.200112 0.960439 0.193680
-4.497487 -113.281416 3140.987333 5348.764692 0.396863 -0.299789 0.867541 0.804428 -0.341576 -0.486027 0.442036 0.890760 0.105600
-2.624821 -121.171421 811.095003 -3559.874228 0.445507 -0.276579 0.851485 0.894889 0.165607 -0.414424 -0.026391 0.946614 0.321287
0.887510 -121.152103 2262.777201 -553.773271 0.417645 -0.294469 0.859570 0.908275 0.109605 -0.403762 0.024682 0.949355 0.313235
