12010
24005
-39.465815 -64.935731 -2543.285301 10389.221074 -0.292254 0.956205 -0.016113 0.917120 0.275453 -0.288126 0.271069 0.098984 0.957457
-48.528710 -68.855020 809.249737 6597.781179 0.181321 -0.973074 0.142301 0.970824 0.154025 -0.183786 0.156920 0.171473 0.972611
-38.009377 -83.804873 -3504.452445 9307.057872 -0.394696 0.918495 -0.024112 0.912400 0.388712 -0.128179 0.108359 0.072591 0.991458
-36.392425 -50.219057 -1420.730152 5312.138123 0.148450 0.970567 -0.189639 0.936960 -0.199381 -0.286971 0.316335 0.135083 0.938981
-28.366433 -79.352483 -5343.936745 14189.436592 -0.347656 0.935424 0.064175 0.895995 0.351609 -0.271228 0.276277 0.036794 0.960373
-26.536750 -55.143723 -5251.701994 9095.842079 -0.195296 0.980066 0.036477 0.902064 0.194100 -0.385493 0.384889 0.042381 0.921989
-56.166324 -79.898193 151.787943 -842.412195 0.188151 0.926774 -0.325097 0.813045 0.038713 0.580913 -0.550961 0.373618 0.746225
-57.824259 -78.953030 734.521985 -1286.383793 0.124618 0.966466 -0.224529 0.809962 0.031615 0.585629 -0.573089 0.254840 0.778861
-56.504754 -80.363619 1119.029396 -1195.626678 0.092709 0.946799 -0.308183 0.906925 0.047452 0.418610 -0.410964 0.318308 0.854277
3.747586 -21.925130 -570.112743 -992.381799 -0.137533 -0.814621 0.563451 0.886929 0.151961 0.436193 -0.440954 0.559732 0.701612
2.526400 -25.675229 190.150372 -628.961791 -0.236054 -0.829993 0.505362 0.895175 0.016604 0.445405 -0.378074 0.557527 0.739069
4.455088 -20.962577 -805.981625 -589.776137 -0.174227 -0.818752 0.547074 0.895195 0.099743 0.434370 -0.410208 0.565417 0.715565
6.226046 -18.583616 -906.987442 -308.089699 -0.129760 -0.817785 0.560705 0.906832 0.130828 0.400675 -0.401022 0.560456 0.724617
7.719892 -16.582960 -1324.692419 -840.491488 -0.055738 -0.803294 0.592968 0.888306 0.231254 0.396779 -0.455856 0.548853 0.700682
6.539031 -16.755753 -1592.693970 -1776.854250 -0.056444 -0.792269 0.607556 0.870310 0.259158 0.418805 -0.489259 0.552401 0.674892
6.172820 -27.004924 -703.452799 -3568.021447 -0.712981 -0.456980 -0.531816 -0.270378 0.878976 -0.392806 0.646958 -0.136272 -0.750250
4.187522 -26.923122 735.104624 -3284.895063 -0.703150 -0.533872 -0.469638 -0.315668 0.826219 -0.466600 0.637129 -0.179840 -0.749483
6.338126 -20.094642 343.080547 -1413.484567 -0.687797 -0.520385 -0.506097 -0.290285 0.836199 -0.465302 0.665334 -0.173121 -0.726195
5.138236 -20.175470 -668.646415 -875.278600 -0.684850 -0.501214 -0.528928 -0.286974 0.852723 -0.436473 0.669796 -0.147130 -0.727823
6.604938 -16.630535 565.216662 47.439883 -0.665531 -0.551381 -0.503038 -0.297910 0.814208 -0.498313 0.684337 -0.181783 -0.706143
4.475193 -15.674292 382.486059 -428.264860 -0.675266 -0.543545 -0.498573 -0.277887 0.813638 -0.510659 0.683224 -0.206284 -0.700466
-3.787873 -43.669174 -366.514800 -4539.062723 0.321628 0.945412 -0.052462 0.942089 -0.325072 -0.082441 0.094995 0.022909 0.995214
-4.086314 -43.868317 -216.741227 -3578.094372 0.324820 0.944744 -0.044173 0.942920 -0.327113 -0.062442 0.073441 0.021369 0.997071
-4.171631 -45.499430 -401.452748 -7739.732846 0.342429 0.938665 -0.040626 0.932395 -0.344830 -0.108310 0.115676 0.000791 0.993287
0.233396 -62.517415 569.793885 1128.177329 0.025456 0.988359 -0.149998 -0.747326 0.118474 0.653810 -0.663970 -0.095454 -0.741642
0.850513 -58.594397 -142.067255 594.604111 0.012165 0.987985 -0.154068 -0.708712 0.117213 0.695692 -0.705393 -0.100727 -0.701623
1.817906 -61.047733 716.119400 542.865994 0.050331 0.984184 -0.169847 -0.781424 0.144714 0.606989 -0.621968 -0.102173 -0.776348
2.331628 -67.226830 894.896718 711.857488 0.077593 0.982283 -0.170588 -0.858774 0.152767 0.489050 -0.506445 -0.108550 -0.855412
4.872371 -87.993183 -1727.460491 -7407.138361 0.081288 0.995699 -0.044442 0.918793 -0.092142 -0.383834 0.386278 0.009631 0.922332
5.387795 -77.714135 1587.592098 -4412.694742 0.071288 0.994286 -0.079452 0.939381 -0.093707 -0.329820 0.335381 0.051124 0.940694
5.099794 -73.577816 -792.252567 -6462.447651 0.041218 0.998641 -0.031885 0.975048 -0.047170 -0.216924 0.218133 0.022148 0.975668
0.853500 -142.681794 -1691.752085 2452.619442 0.245519 0.962734 -0.113422 0.925052 -0.197698 0.324338 -0.289828 0.184553 0.939117
-0.668169 -135.405171 -127.811775 6874.564365 -0.249415 -0.955549 0.157221 0.948858 -0.208692 0.236887 -0.193546 0.208264 0.958732
1.318210 -136.004700 -1512.450271 -231.361680 0.223368 0.965853 -0.131277 0.878831 -0.141301 0.455730 -0.421619 0.217166 0.880384
-1.257524 -70.228458 -668.987618 2120.508441 0.032789 0.999080 -0.027624 0.418681 0.011367 0.908062 -0.907541 0.041340 0.417924
-2.287568 -71.703543 -290.281700 1089.214140 0.025732 0.997696 -0.062773 0.226414 0.055345 0.972457 -0.973691 0.039236 0.224469
-0.935648 -74.386858 -495.279422 43.694551 0.018010 0.998170 -0.057732 0.287207 0.050143 0.956555 -0.957699 0.033808 0.285779
1.862240 -74.064631 -581.852621 1195.579464 0.035814 0.999006 -0.026549 0.483970 0.005905 0.875064 -0.874351 0.044189 0.483278
-0.102752 -71.987128 -1611.697986 334.359390 0.033050 0.999437 0.005732 0.567284 -0.023480 0.823187 -0.822859 0.023954 0.567741
-2.313631 -69.430724 -857.051371 342.521210 0.037486 0.999088 -0.020431 0.523565 -0.002222 0.851983 -0.851161 0.042634 0.523171
3.909197 -31.889633 621.084338 -2981.201618 -0.906669 0.219126 -0.360465 0.028533 0.884400 0.465857 0.420876 0.412093 -0.808110
-0.172083 -37.382384 468.181189 -2221.721771 0.896314 -0.333828 0.291857 0.093011 0.785095 0.612352 0.433556 0.521714 -0.734741
1.500227 -37.027078 -715.599262 -3308.634529 0.897542 -0.332595 0.289481 0.128172 0.824974 0.550445 0.421890 0.456944 -0.783078
5.717860 -29.254793 1823.271968 -3437.771293 -0.911170 0.245490 -0.330915 0.083269 0.896271 0.435620 0.403530 0.369369 -0.837097
3.067270 -31.092913 2079.680295 -3451.387698 -0.903707 0.321915 -0.282284 0.161339 0.866750 0.471926 0.396589 0.380939 -0.835226
-3.697207 -107.627976 -393.150543 1452.112117 -0.885880 0.077140 -0.457457 0.056123 0.996657 0.059380 0.460508 0.026930 -0.887247
-4.267071 -125.630642 -1082.645224 6322.965487 -0.880689 0.043326 -0.471710 0.082635 0.994591 -0.062929 0.466432 -0.094401 -0.879505
-4.804163 -115.640514 -640.642770 6606.008398 -0.890529 0.044086 -0.452786 0.120791 0.982482 -0.141908 0.438598 -0.181066 -0.880254
53.122390 -51.989756 -7270.421763 -623.952671 -0.325830 -0.108168 -0.939220 0.650115 0.695649 -0.305652 0.686429 -0.710192 -0.156341
61.045417 -51.071999 17780.577424 -665.645592 -0.554674 0.251656 -0.793099 0.691163 0.670058 -0.270768 0.463282 -0.698349 -0.545600
73.003106 -46.791916 -6284.855193 -2965.347374 -0.379628 -0.067020 -0.922708 0.756817 0.551128 -0.351407 0.532081 -0.831725 -0.158502
59.493562 -50.743441 -21158.859569 -695.512583 -0.204292 -0.280810 -0.937769 0.697544 0.630354 -0.340715 0.686802 -0.723740 0.067101
70.638395 -41.724787 -30018.527691 -3358.939624 -0.254091 -0.353799 -0.900147 0.742426 0.525138 -0.415973 0.619872 -0.773987 0.129237
106.731155 -35.640178 -29014.782043 -3472.540031 -0.327824 -0.314769 -0.890759 0.786054 0.432151 -0.442000 0.524070 -0.845083 0.105756
3.704013 -291.272099 2232.620169 7745.616644 0.959740 -0.075392 0.270581 -0.259245 -0.608552 0.749971 -0.108121 0.789924 0.603597
3.907843 -364.894760 3175.184070 40185.538383 0.954540 -0.066031 0.290676 -0.249402 -0.710990 0.657489 -0.163253 0.700095 0.695137
4.034567 -427.299381 7662.075198 16225.080918 0.944712 -0.085858 0.316462 -0.327007 -0.317950 0.889930 -0.024212 0.944212 0.328447
1.541312 -283.650692 2902.661218 -10145.517798 0.952344 -0.107328 0.285518 -0.302856 -0.221281 0.926991 0.036312 0.969286 0.243241
-4.017957 -31.523164 2041.069114 -2669.694313 -0.887256 0.388728 -0.248331 0.221146 0.830917 0.510559 0.404811 0.398079 -0.823202
1.863028 -23.838334 2737.030669 -2889.559483 -0.907635 0.326984 -0.263210 0.198734 0.887060 0.416690 0.369734 0.325894 -0.870109
-54.250535 -105.218178 20451.305394 55753.597464 -0.259167 0.203624 -0.944124 0.965325 0.086280 -0.246379 0.031291 -0.975240 -0.218924
19.078715 -59.810535 7562.395093 20344.046763 0.823670 0.033051 -0.566105 -0.565059 0.131830 -0.814450 -0.047711 -0.990721 -0.127260
-26.857744 -250.931743 80614.513939 86046.554689 0.868736 0.112477 -0.482335 -0.481077 -0.039881 -0.875771 0.117740 -0.992854 -0.019464
-2.797544 -49.439956 7932.978445 8325.814844 0.873159 -0.037094 -0.486023 -0.476377 0.146255 -0.866992 -0.103244 -0.988551 -0.110033
-43.864448 -256.287932 927.022811 97666.845372 -0.453843 0.110559 -0.884197 0.890848 0.033582 -0.453058 -0.020396 -0.993302 -0.113732
-37.257703 -109.902810 6200.150467 52852.488809 -0.398819 0.206803 -0.893407 0.916078 0.045479 -0.398412 -0.041762 -0.977325 -0.207585
-40.961334 -239.277087 16601.440472 83999.184236 -0.384967 0.259096 -0.885816 0.914135 -0.025143 -0.404628 -0.127110 -0.965524 -0.227170
6.679832 -31.947477 3808.997284 1714.839631 -0.367316 0.929223 -0.040278 -0.106949 -0.085215 -0.990606 0.923927 0.359558 -0.130680
8.021144 -36.619508 3903.004991 1348.374598 -0.364056 0.927972 -0.079568 -0.004055 -0.087009 -0.996199 0.931368 0.362350 -0.035439
-3.468873 -35.432053 3608.247185 1396.365660 -0.379482 0.925047 -0.016809 -0.036920 -0.033294 -0.998763 0.924462 0.378392 -0.046787
19.138856 -36.361759 4284.706789 1587.120656 -0.342933 0.937530 -0.058604 -0.056420 -0.082831 -0.994965 0.937664 0.337900 -0.081301
-1.823199 -30.078216 3088.769876 1706.964968 -0.377069 0.926070 0.014619 -0.150087 -0.045520 -0.987624 0.913943 0.374597 -0.156155
3.608371 -24.795494 2271.555743 1920.621579 -0.366725 0.930293 0.008231 -0.214739 -0.076035 -0.973707 0.905207 0.358851 -0.227654
13.415991 -30.483758 3324.256374 1507.069567 -0.348632 0.937115 -0.016459 -0.155951 -0.075316 -0.984889 0.924194 0.340797 -0.172401
65.866473 -147.394541 33742.149862 -20534.134758 0.622939 -0.361396 -0.693786 0.640600 -0.273350 0.717573 -0.448975 -0.891444 0.061230
87.499435 -154.854550 7083.969865 -14786.439826 0.467378 -0.652146 -0.596878 0.721521 -0.108751 0.683799 -0.510848 -0.750252 0.419709
56.548245 -142.446259 30328.424798 2409.248196 0.569382 -0.368180 -0.735016 0.807302 0.081693 0.584457 -0.155140 -0.926159 0.343746
-38.496644 -151.971610 49849.771285 -13761.594286 0.685244 -0.213269 -0.696388 0.685549 -0.133946 0.715599 -0.245893 -0.967768 0.054421
-6.233054 -54.134189 -830.345063 2610.704480 0.188802 0.921229 -0.340133 -0.939410 0.270346 0.210766 -0.286118 -0.279732 -0.916453
-4.487600 -60.016120 305.925304 -2404.266157 0.234257 0.918566 -0.318371 0.964258 -0.261244 -0.044244 -0.123813 -0.296628 -0.946933
-4.827024 -61.221069 -500.400010 -1877.052452 0.201405 0.921111 -0.333152 0.974268 -0.223519 -0.029005 -0.101183 -0.318738 -0.942427
-4.976817 -55.772909 -578.681784 -3314.546835 0.173196 0.924510 -0.339535 0.950826 -0.246836 -0.187090 -0.256776 -0.290435 -0.921799
-5.457903 -49.847740 -835.047820 3274.663056 0.164907 0.926071 -0.339408 -0.905941 0.278278 0.319113 -0.389971 -0.254859 -0.884856
-6.658208 -46.436043 -634.525705 2118.712047 0.151841 0.934517 -0.321905 -0.880847 0.275685 0.384845 -0.448388 -0.225114 -0.865027
-12.312922 -31.013676 -176.280848 -534.211495 0.299492 0.839048 -0.454206 0.360931 -0.540314 -0.760125 0.883195 -0.063715 0.464658
-9.797609 -29.006461 1530.454870 -462.110175 0.198097 0.904995 -0.376487 0.387972 -0.425124 -0.817770 0.900131 -0.015931 0.435328
-8.712826 -29.897523 1060.090615 206.096528 0.208078 0.911807 -0.353995 0.452713 -0.410596 -0.791493 0.867038 -0.004434 0.498223
-11.490395 -32.943177 228.913332 444.448527 0.296314 0.862385 -0.410475 0.425051 -0.503941 -0.751914 0.855295 -0.048330 0.515883
-89.960210 -1064.129561 -76686.361589 -219627.432126 0.224430 -0.321221 0.920026 -0.432694 0.813090 0.389435 -0.873159 -0.485491 0.043492
578.899717 -1530.190586 -196011.659313 -614043.771882 0.766930 0.637879 0.070201 0.313199 -0.467536 0.826630 -0.560112 0.611980 0.558351
-1365.781236 -6338.878263 -633203.129207 2051387.421892 0.537439 0.589665 0.602872 0.202577 0.603688 -0.771053 -0.818609 0.536523 0.204993
-42.859896 -304.420351 509.455890 35865.412217 0.941146 -0.016422 0.337601 0.261161 -0.598733 -0.757175 -0.214567 -0.800780 0.559207
-27.523444 -366.197962 -2139.440419 -104706.245591 0.909923 0.139750 0.390526 -0.209118 -0.658545 0.722903 -0.358205 0.739452 0.570000
-14.692860 -178.508863 5877.209173 29364.187424 -0.688807 -0.114442 0.715855 -0.302802 0.942615 -0.140667 -0.658677 -0.313655 -0.683933
-5.186352 -143.068763 3417.655542 22952.387817 -0.688140 -0.169085 0.705602 -0.331475 0.938316 -0.098421 -0.645436 -0.301617 -0.701740
-18.988411 -129.811243 168.553565 31958.122529 -0.749156 -0.082455 0.657241 -0.072830 0.996460 0.041997 -0.658377 -0.016405 -0.752509
-31.795710 -260.401244 5193.108709 70919.559921 -0.747385 -0.134694 0.650594 -0.114498 0.990695 0.073574 -0.654451 -0.019503 -0.755853
-30.806783 -101.435492 -2359.594484 34371.392757 -0.795362 0.102393 0.597423 0.186806 0.979060 0.080897 -0.576630 0.175945 -0.797835
-39.330887 -69.403973 2500.035565 2151.011124 -0.700266 -0.484846 0.523977 -0.313060 0.868207 0.384980 -0.641577 0.105552 -0.759762
-26.847542 -68.248558 808.018164 -8769.404039 -0.166017 0.961004 -0.221156 -0.457103 0.123725 0.880766 -0.873782 -0.247313 -0.418737
-31.725349 -75.398323 1591.683097 -6812.255879 -0.225336 0.946589 -0.230635 -0.371441 0.135378 0.918534 -0.900697 -0.292646 -0.321096
-27.475419 -83.283282 786.397583 -10582.900924 -0.180201 0.963002 -0.200387 -0.324477 0.134120 0.936337 -0.928570 -0.233750 -0.288303
-27.065579 -53.827997 2620.331229 -4732.819928 -0.157075 0.958187 -0.239176 -0.522873 0.124767 0.843230 -0.837813 -0.257509 -0.481412
-20.755866 -70.012029 1630.759137 -11861.606814 -0.099046 0.972325 -0.211599 -0.442795 0.147366 0.884430 -0.891135 -0.181294 -0.415945
-22.210548 -52.841130 1901.561365 -8531.760390 -0.072400 0.955328 -0.286541 -0.533351 0.205683 0.820507 -0.842790 -0.212231 -0.494634
-40.864909 -56.588229 -341.883806 50.117523 -0.473192 0.020682 0.880717 0.734404 0.561415 0.381397 -0.486559 0.827276 -0.280846
-40.801222 -57.945370 -897.383549 -246.085684 -0.433460 0.050156 0.899776 0.684576 0.667650 0.292572 -0.586062 0.742783 -0.323735
-43.926967 -60.658092 -2014.741111 -392.854261 -0.436293 -0.058138 0.897925 0.705517 0.597262 0.381475 -0.558475 0.799936 -0.219564
-42.847499 -59.806769 -725.167159 -839.526692 -0.526049 -0.061293 0.848243 0.735478 0.468013 0.489935 -0.427018 0.881594 -0.201118
-45.528594 -63.973771 -1697.282695 -759.346500 -0.505637 -0.180200 0.843717 0.734210 0.423682 0.530499 -0.453064 0.887706 -0.081924
225.504410 -65.918023 -72665.740828 3492.497583 0.171423 -0.648352 0.741791 0.315889 0.749355 0.581963 -0.933182 0.134562 0.333264
47.437830 -65.479169 10201.120911 2826.458082 0.003483 0.812004 -0.583641 0.438539 0.523287 0.730653 -0.898705 0.258494 0.354273
277.133016 -60.368852 -86191.260897 6207.939209 0.277854 -0.538487 0.795505 0.438929 0.807780 0.393488 -0.854481 0.239838 0.460803
35.793770 -45.204399 1537.192815 822.079218 -0.030891 0.912832 0.407166 0.997507 0.002295 0.070535 0.063452 0.408330 -0.910627
29.548810 -47.817304 3893.483111 1527.068027 -0.022075 0.880664 0.473227 0.997162 0.053473 -0.052996 -0.071976 0.470715 -0.879345
32.537637 -48.670606 -2009.936710 1552.456240 -0.010756 0.954314 0.298612 0.997587 0.030727 -0.062264 -0.068595 0.297222 -0.952341
28.536956 -44.797416 7545.141340 323.865443 -0.051733 0.839442 0.540982 0.997837 0.021450 0.062137 0.040557 0.543026 -0.838736
34.723947 -43.555671 6385.764071 -185.732018 -0.067819 0.867924 0.492046 0.981786 -0.029672 0.187660 0.177474 0.495810 -0.850103
6.648873 -58.285384 -1013.875699 -50.579896 0.039871 0.977059 -0.209201 -0.890041 -0.060429 -0.451857 0.454133 -0.204214 -0.867214
5.732572 -58.232131 -1408.233718 375.495503 0.034785 0.973533 -0.225882 -0.949659 -0.038214 -0.310947 0.311349 -0.225327 -0.923195
3.369241 -57.389361 -615.318407 -1192.113023 0.060450 0.978796 -0.195713 -0.898483 -0.032057 -0.437836 0.434826 -0.202312 -0.877494
5.505101 -57.491299 -394.352432 -430.929864 0.044004 0.979066 -0.198730 -0.855074 -0.065960 -0.514294 0.516636 -0.192559 -0.834271
4.214187 -55.232950 61.016430 -1573.517271 0.069705 0.980855 -0.181838 -0.817282 -0.048369 -0.574204 0.572006 -0.188638 -0.798264
1.254266 -67.778231 -797.307184 -4985.104620 -0.206977 0.978158 -0.019174 -0.634020 -0.119180 0.764078 -0.745103 -0.170303 -0.644839
-0.213694 -71.904741 -318.939672 -2506.383178 -0.192839 0.981166 0.011224 -0.503129 -0.108692 0.857349 -0.842422 -0.159683 -0.514613
-0.134976 -65.921140 -538.138411 -5845.433159 -0.195046 0.980773 -0.006495 -0.684870 -0.131453 0.716710 -0.702076 -0.144240 -0.697341
1.204597 -61.027325 -567.869190 -3903.309362 -0.193799 0.981012 -0.007630 -0.737252 -0.140504 0.660846 -0.647226 -0.133697 -0.750482
10.711848 -108.025521 2847.636724 1140.299445 -0.338475 0.924732 0.174084 0.903301 0.267490 0.335404 0.263593 0.270777 -0.925850
5.089555 -101.359623 2607.012943 -3519.881034 -0.351467 0.920476 0.170866 0.933988 0.332207 0.131551 0.064326 0.205822 -0.976473
6.439293 -105.313167 1371.013730 -3931.812607 -0.339039 0.932261 0.126261 0.939715 0.341956 -0.001520 -0.044593 0.118134 -0.991996
11.200582 -102.609050 195.048072 -2136.714589 -0.313683 0.944757 0.095060 -0.936032 -0.290852 -0.198113 0.159520 0.151124 -0.975559
-2.129504 -55.064316 260.697668 -560.310190 -0.144999 0.976101 0.161870 0.959412 0.098712 0.264166 -0.241874 -0.193604 0.950797
-3.518755 -54.069769 419.335276 -527.557504 -0.175771 0.971833 0.156986 0.959732 0.133671 0.247074 -0.219131 -0.194093 0.956195
-0.465844 -56.749976 303.869362 -1906.535681 0.163021 -0.972691 -0.165213 0.981675 0.143164 0.125772 -0.098684 -0.182689 0.978206
-4.704324 -55.269816 1626.004580 1549.442665 -0.132037 0.978468 0.158640 0.924756 0.063967 0.375145 -0.356920 -0.196236 0.913290
-2.701142 -57.543668 277.622169 1385.396022 -0.129165 0.976358 0.173324 0.914686 0.049805 0.401085 -0.382970 -0.210343 0.899494
-5.849013 -160.235175 -1087.531816 14841.750968 0.715904 0.048183 -0.696534 -0.551131 0.651465 -0.521392 -0.428645 -0.757147 -0.492942
-6.169282 -171.528338 292.231458 22059.782934 0.719880 0.076001 -0.689925 -0.619304 0.519171 -0.589002 -0.313424 -0.851285 -0.420809
-6.939226 -175.735493 -719.396533 13029.413242 0.723802 0.042524 -0.688696 -0.652726 0.365839 -0.663409 -0.223741 -0.929706 -0.292552
-5.548228 -173.442718 -1389.758869 14376.406555 0.720933 0.026398 -0.692502 -0.636966 0.418895 -0.647149 -0.273002 -0.907651 -0.318809
-6.147957 -41.745739 1387.585736 1393.915452 -0.049956 0.988551 0.142376 0.961712 0.086074 -0.260194 0.269470 -0.123926 0.955002
48.636974 -40.530479 18023.988696 980.964600 0.140515 0.988474 0.056343 0.949572 -0.118437 -0.290321 0.280302 -0.094296 0.955269
-5.989421 -44.867145 1366.176510 2130.716284 -0.039834 0.990903 0.128545 0.985932 0.059879 -0.156056 0.162334 -0.120521 0.979348
-8.849961 -43.729457 -186.005922 1271.307648 -0.045825 0.982081 0.182803 0.973404 0.085019 -0.212737 0.224467 -0.168193 0.959857
-9.756961 -42.186981 40.792579 76.363606 -0.022507 0.986684 0.161086 0.943386 0.074296 -0.323270 0.330933 -0.144690 0.932495
-9.302814 -46.088007 -163.032426 2293.500032 0.083937 -0.982970 -0.163479 0.986431 0.105196 -0.126050 0.141101 -0.150680 0.978461
132.748880 -45.161961 48964.351285 -2468.741818 0.493751 0.856403 0.150943 0.820940 -0.516296 0.243919 -0.286824 -0.003480 0.957977
42.494624 -48.706923 19693.340697 -149.110167 0.349851 0.928921 0.121288 0.842751 -0.368618 0.392289 -0.409114 0.035027 0.911811
25.669851 -50.559666 15092.607193 -40.956929 0.288816 0.952965 0.091881 0.899935 -0.302977 0.313563 -0.326653 0.007875 0.945112
109.714388 -47.218582 36904.278423 -2335.967055 0.486853 0.867374 0.103133 0.853577 -0.497493 0.154620 -0.185422 -0.012754 0.982576
-6.832916 -43.385840 -867.316618 -2019.801082 0.036412 0.992043 -0.120521 -0.355042 0.125575 0.926378 -0.934141 -0.009059 -0.356790
-5.765020 -45.425684 339.750629 -5274.607151 0.035314 0.994736 -0.096195 -0.368720 0.102432 0.923879 -0.928869 -0.002843 -0.370397
-6.746463 -45.176088 -18.302367 -1302.655617 0.044061 0.994290 -0.097195 -0.221878 0.104599 0.969448 -0.974078 0.021150 -0.225220
-8.748741 -45.070721 -907.457217 -573.126106 0.053793 0.990414 -0.127226 -0.240975 0.136521 0.960881 -0.969039 0.021031 -0.246009
-8.700947 -47.977682 -473.936238 334.040208 0.047827 0.995018 -0.087471 -0.084080 0.091271 0.992270 -0.995311 0.040103 -0.088027
-6.220103 -51.126011 -471.604487 1663.991969 0.014990 0.998349 -0.055451 -0.067622 0.056343 0.996119 -0.997598 0.011182 -0.068355
13.770458 -344.602702 -3207.838663 107534.332357 0.811133 0.178097 -0.557085 0.570963 -0.034713 0.820242 -0.126744 0.983400 0.129844
13.424575 -325.737755 -911.157568 51787.421723 0.811569 0.127199 -0.570242 0.490476 0.382020 0.783259 -0.317473 0.915359 -0.247647
18.189686 -651.342880 6415.888671 220833.855189 0.843940 0.079542 -0.530507 0.536419 -0.117015 0.835800 -0.004404 0.989940 0.141421
18.113821 -220.805170 -1310.433515 49190.645644 0.842283 0.169719 -0.511619 0.535866 -0.366406 0.760654 0.058363 0.914845 0.399565
14.170204 -264.893540 5102.122217 67110.901541 0.842976 0.082784 -0.531544 0.505688 -0.458985 0.730488 0.183498 0.884579 0.428776
94.499633 -1741.727807 -24353.693841 -535949.779619 0.612164 0.448930 -0.650936 -0.100311 0.860646 0.499225 0.784342 -0.240311 0.571889
38.204456 -673.420590 -7121.722263 -181857.499376 0.730112 0.169872 -0.661876 -0.016006 0.972593 0.231963 0.683139 -0.158765 0.712821
120.308769 -3018.307681 11185.931909 -1265358.836610 0.692008 0.127342 -0.710569 -0.269100 0.958876 -0.090229 0.669858 0.253654 0.697818
21.157646 -671.446959 -11318.100620 -7193.105949 0.569828 0.343156 -0.746686 -0.497208 0.867419 0.019201 0.654278 0.360317 0.664900
-15.013687 -82.377852 2552.977085 -5662.461313 -0.670397 -0.314736 0.671944 -0.132117 0.941743 0.309297 -0.730146 0.118577 -0.672924
-12.141285 -73.761089 2408.518908 -3330.999376 -0.661980 -0.296150 0.688533 -0.225042 0.954779 0.194302 -0.714939 -0.026325 -0.698691
-10.135532 -87.813419 1560.814885 -6571.706806 -0.657704 -0.337890 0.673242 -0.125019 0.930321 0.344780 -0.742829 0.142596 -0.654119
-6.689019 -23.348472 1638.825450 -2090.732595 -0.252498 0.887213 0.386132 -0.637177 0.147862 -0.756401 0.728183 0.437024 -0.527977
-3.267710 -23.111540 1997.539299 -1974.439363 -0.205632 0.867646 0.452664 -0.659829 0.218678 -0.718892 0.722732 0.446508 -0.527531
-5.152510 -19.185842 1056.940535 -1742.230641 -0.204983 0.879275 0.429950 -0.614316 0.226399 -0.755883 0.761970 0.419068 -0.493745
-6.485102 -27.143782 1870.802721 -1855.573773 -0.244171 0.880722 0.405845 -0.685130 0.139505 -0.714938 0.686278 0.452623 -0.569345
-10.010522 -26.871709 1095.114402 -1814.211611 -0.320318 0.903328 0.285299 -0.632842 0.020055 -0.774021 0.704916 0.428482 -0.565240
-7.084892 -92.610614 -1949.934837 -2093.812364 0.029126 0.999381 -0.019748 -0.219967 -0.012863 -0.975423 0.975072 -0.032754 -0.219456
-5.998256 -103.754140 -838.128280 -4790.176354 0.005700 0.998740 -0.049850 -0.368245 -0.044251 -0.928675 0.929711 -0.023650 -0.367529
-8.128941 -96.848270 -1420.894822 -3026.321757 -0.005251 0.998485 -0.054774 -0.444476 -0.051397 -0.894315 0.895775 -0.019650 -0.444072
25.886993 -268.799853 551.062894 59224.182739 -0.148064 0.979568 -0.136100 -0.722671 -0.201111 -0.661288 0.675148 -0.000443 -0.737682
19.615712 -183.279047 1400.257534 18440.424906 -0.155481 0.983959 -0.087464 -0.822109 -0.177978 -0.540797 0.547689 0.012179 -0.836593
18.447100 -175.919537 -24.921395 20363.448529 -0.096359 0.990623 -0.096861 -0.878960 -0.130351 -0.458735 0.467059 -0.040934 -0.883278
-39.490446 -1310.407726 14817.603375 -369984.497870 -0.271909 0.922881 -0.272683 0.884885 0.128415 -0.447760 0.378213 0.363043 0.851560
-307.339872 -849.546227 63881.967580 -218023.583956 -0.137430 0.947161 -0.289825 0.895951 -0.005896 -0.444115 0.422357 0.320703 0.847799
-137.144707 -569.497581 41198.209435 -136872.066765 -0.390973 0.903974 -0.173119 0.571440 0.090958 -0.815588 0.721524 0.417800 0.552129
-65.366381 -507.097247 32702.996808 89028.830451 -0.499570 0.858800 -0.113541 0.026525 -0.115843 -0.992913 0.865867 0.499042 -0.035092
60.313971 -2830.819048 13629.705504 -1042508.527468 -0.520915 0.853095 -0.029604 0.436873 0.236647 -0.867837 0.733341 0.465003 0.495967
-11.773566 -46.340068 -123.710804 -1261.329505 0.094445 0.993242 -0.067456 0.038885 0.064026 0.997190 -0.994770 0.096802 0.032576
-11.180010 -46.750924 -1122.412435 -798.570200 0.049977 0.998222 -0.032489 0.129742 0.025765 0.991213 -0.990288 0.053753 0.128223
-12.244510 -46.315149 -482.050644 -206.247123 0.086176 0.995891 -0.027821 0.172250 0.012611 0.984973 -0.981277 0.089673 0.170456
-52.180668 -76.009727 -73.187881 3745.677396 0.036001 -0.976454 0.212701 0.998694 0.042874 0.027788 -0.036253 0.211423 0.976722
-52.820268 -80.138270 -450.633455 5254.350593 0.312590 -0.939292 0.141483 0.949622 0.312542 -0.023141 -0.022483 0.141589 0.989670
-46.972589 -67.479222 19.115406 4877.674833 -0.192437 -0.936814 0.292142 0.975409 -0.215205 -0.047588 0.107452 0.275800 0.955190
-41.697342 -55.846263 250.127403 4303.202491 0.336884 0.885051 -0.321237 0.907482 -0.396155 -0.139775 0.250968 0.244429 0.936627
0.135604 -27.216304 -353.483116 -699.050573 -0.186189 -0.821543 0.538889 0.897909 0.080385 0.432780 -0.398866 0.564452 0.722704
1.430204 -30.636858 -233.859499 -1481.763170 -0.316618 -0.822410 0.472647 0.892428 -0.089415 0.442240 -0.321441 0.561825 0.762252
7.513897 -33.612366 928.993454 -3869.031721 -0.730155 -0.474214 -0.491929 -0.320940 0.873611 -0.365789 0.603217 -0.109203 -0.790066
0.208595 -33.377125 2131.360540 -4491.095719 -0.711075 -0.542490 -0.447299 -0.341973 0.822690 -0.454132 0.614350 -0.169958 -0.770511
-2.141926 -23.449082 1945.374157 -1936.805630 -0.660806 -0.645783 -0.382490 -0.390731 0.731095 -0.559311 0.640831 -0.220145 -0.735440
10.894344 -83.580647 176.081896 7448.520352 0.176283 0.975243 -0.133511 0.426425 -0.197908 -0.882606 0.887179 -0.098656 0.450756
12.762868 -80.741251 115.205609 1477.751843 0.195151 0.969092 -0.150918 0.292724 -0.204415 -0.934092 0.936071 -0.138111 0.323568
12.725956 -78.092296 -249.280635 4621.175685 0.225670 0.965273 -0.131610 0.403032 -0.215497 -0.889453 0.886927 -0.147680 0.437667
2.850560 -147.567858 -380.920874 -881.206868 0.258088 0.955326 -0.144024 0.886034 -0.174621 0.429479 -0.385142 0.238453 0.891519
1.815291 -142.871715 1033.836620 6851.599719 -0.281144 -0.950724 0.130700 0.955571 -0.264769 0.129540 -0.088552 0.161313 0.982923
1.655031 -148.101822 586.313686 1765.173069 0.265635 0.951340 -0.156172 0.917621 -0.199819 0.343576 -0.295652 0.234572 0.926048
2.861913 -145.940983 1539.940527 -8769.947095 0.253551 0.949856 -0.182992 0.771667 -0.084541 0.630383 -0.583303 0.301043 0.754408
-2.997027 -70.708537 -568.405176 -825.960766 0.001652 0.996247 -0.086544 0.057480 0.086307 0.994609 -0.998345 0.006618 0.057122
-2.449789 -72.965882 -613.208171 -877.702217 0.003698 0.996756 -0.080403 0.134029 0.079185 0.987809 -0.990971 0.014429 0.133301
-2.326731 -68.061605 -71.653164 -1938.910160 0.031446 0.995540 -0.088946 0.048447 0.087367 0.994997 -0.998331 0.035598 0.045483
-3.510368 -70.413964 -159.959282 2065.320107 0.029901 0.996622 -0.076491 0.256453 0.066315 0.964279 -0.966094 0.048449 0.253604
-1.701724 -30.153706 722.030284 -906.015812 0.888973 -0.133246 0.438146 -0.103883 0.873124 0.476301 0.446021 0.468935 -0.762342
-2.004938 -128.866176 -209.747515 5972.917192 -0.884367 0.043636 -0.464749 0.028093 0.998792 0.040320 0.465946 0.022601 -0.884524
-3.982878 -138.584690 157.205471 8688.560955 -0.893549 0.026941 -0.448156 0.147875 0.960160 -0.237118 0.423913 -0.278148 -0.861935
2.615721 -116.659813 193.046577 -7116.413225 0.203077 0.953493 -0.222736 0.319569 0.150479 0.935538 -0.925546 0.261166 0.274148
4.012993 -127.941042 489.568001 -10969.862171 0.220871 0.958132 -0.182206 0.533523 0.037693 0.844945 -0.816437 0.283835 0.502860
2.390144 -110.905280 -33.693379 -6385.358843 0.194345 0.956894 -0.215833 0.356447 0.136098 0.924350 -0.913879 0.256575 0.314632
39.831768 -48.803918 9193.586890 2134.393656 -0.539370 0.157209 -0.827264 0.543155 0.815678 -0.199126 0.643476 -0.556735 -0.525342
5.915859 -533.207485 1979.663820 80983.682236 0.940125 -0.058444 0.335781 -0.333026 -0.367121 0.868513 -0.072513 0.928335 0.364603
8.941554 -462.993309 -909.426188 85289.214664 0.946580 -0.032357 0.320841 -0.232844 -0.756916 0.610624 -0.223092 0.652711 0.724016
7.597711 -365.480654 561.722621 72308.281686 0.962534 -0.028016 0.269709 -0.104353 -0.956315 0.273078 -0.250276 0.290992 0.923410
-0.207848 -100.343563 -3816.870098 -5408.651466 0.830876 0.036048 0.555289 -0.530158 0.354441 0.770263 0.169051 0.934383 -0.313607
7.296575 -88.417401 -2296.949189 -6997.690441 0.823774 0.024580 0.566385 -0.485676 0.545937 0.682695 0.292430 0.837466 -0.461666
11.629615 -99.001339 -4527.781661 -5298.850685 0.815007 0.030653 0.578640 -0.550709 0.351577 0.757042 0.180231 0.935657 -0.303418
-5.458167 -99.667455 -1865.517568 -7531.913442 0.864455 -0.011081 0.502587 -0.437024 0.477532 0.762216 0.248448 0.878545 -0.407962
2.400107 -104.972850 -5769.983951 -3173.382746 0.826720 0.056127 0.559807 -0.560597 0.166354 0.811207 0.047595 0.984467 -0.168993
-14.992582 -107.864041 -2215.137789 -4070.527029 0.879997 -0.020341 0.474544 -0.459827 0.213856 0.861873 0.119016 0.976653 -0.178839
22.994294 -147.747552 -6093.094536 35176.805773 0.906042 -0.111740 -0.408170 -0.418080 -0.086937 -0.904241 -0.065555 -0.989927 0.125484
-8.770287 -102.057005 -24573.754347 30148.814396 0.937975 -0.232553 -0.257141 -0.253106 0.047561 -0.966269 -0.236939 -0.971420 0.014250
5.071821 -40.485580 4352.357509 1158.442689 -0.367898 0.923994 -0.104340 0.111503 -0.067563 -0.991465 0.923157 0.376392 0.078172
16.399652 -39.288547 5026.606487 1636.650828 -0.358713 0.928044 -0.100296 0.051137 -0.087748 -0.994829 0.932046 0.361987 0.015981
88.183843 -134.129391 10474.289127 -21296.034997 0.494479 -0.612701 -0.616513 0.532678 -0.346873 0.771967 -0.686837 -0.710124 0.154851
107.086183 -140.019554 13959.898008 -20308.129023 -0.339778 0.790386 0.509746 0.624688 -0.215506 0.750548 -0.703076 -0.573452 0.420521
-1.844465 -64.070374 -673.651115 -465.894882 0.245083 0.908719 -0.337883 0.966399 -0.201119 0.160076 0.077509 -0.365762 -0.927475
-1.344665 -166.802523 -5954.447942 -2824.088453 0.663934 0.110063 -0.739647 -0.525799 0.772022 -0.357095 -0.531721 -0.625993 -0.570443
-30.781563 -83.145255 -810.118763 -5050.912899 -0.246070 0.940981 -0.232390 -0.194554 0.186930 0.962915 -0.949525 -0.282157 -0.137074
-31.550791 -78.262622 181.325482 -1492.825421 -0.298148 0.907837 -0.294855 -0.207389 0.239914 0.948383 -0.931717 -0.343909 -0.116746
-34.488037 -61.948325 3934.844605 -5541.939815 -0.287581 0.945629 -0.151931 -0.433676 0.012869 0.900977 -0.853945 -0.324993 -0.406396
-36.879112 -71.455969 2868.904871 -5058.814673 -0.306214 0.912481 -0.271315 -0.355325 0.154853 0.921827 -0.883163 -0.378681 -0.276809
21.412865 -58.422648 3210.990045 3389.904920 0.086911 0.836143 -0.541582 0.516311 0.427123 0.742286 -0.851980 0.344137 0.394589
32.162988 -55.363663 4873.537439 3844.495989 -0.043341 0.785185 -0.617742 0.581415 0.522653 0.623530 -0.812452 0.332140 0.479171
14.340579 -108.286192 4046.529210 7819.212211 0.593760 0.484532 0.642400 0.764215 -0.089703 -0.638693 -0.251842 0.870162 -0.423549
41.325232 -111.718374 9492.697858 -1524.901379 0.498703 0.488064 0.716302 0.758372 0.154481 -0.633252 -0.419722 0.859028 -0.293094
24.638511 -103.906665 7271.533023 9546.706295 0.492382 0.502547 0.710638 0.849697 -0.100610 -0.517583 -0.188613 0.858676 -0.476552
37.037251 -111.719761 9215.429762 7953.909034 0.634420 0.425016 0.645657 -0.597529 -0.260245 0.758441 -0.490378 0.866968 -0.088855
8.600265 -102.366672 3405.197287 13572.498684 0.557800 0.499883 0.662553 0.829313 -0.303787 -0.468993 -0.033167 0.811068 -0.584011
-0.816558 -100.255064 2819.735436 12728.752113 0.623775 0.463511 0.629335 0.781238 -0.345096 -0.520169 -0.023923 0.816129 -0.577374
-1.869856 -100.529955 1696.020087 11314.747099 0.672103 0.460866 0.579552 0.735316 -0.323340 -0.595618 -0.087108 0.826471 -0.556200
7.180000 -59.114747 -1131.031394 -120.955459 0.024058 0.978227 -0.206139 -0.885294 -0.074941 -0.458953 0.464408 -0.193536 -0.864216
6.600800 -59.145636 122.211513 346.499621 -0.008857 0.984681 -0.174143 -0.952941 -0.061085 -0.296938 0.303026 -0.163318 -0.938884
4.979565 -61.785699 -890.600500 -29.925321 -0.005999 0.978211 -0.207525 0.992586 0.031019 0.117521 0.121398 -0.205281 -0.971145
3.412756 -59.664219 -1677.411448 -1054.257545 0.027093 0.970906 -0.237923 0.991550 0.004104 0.129657 0.126862 -0.239426 -0.962591
0.925717 -75.711830 -837.332289 1924.842192 -0.190945 0.981594 -0.003531 -0.336444 -0.062066 0.939656 -0.922142 -0.180611 -0.342102
-1.582983 -75.239428 -726.857522 1500.455584 -0.198983 0.979786 0.020601 -0.330312 -0.086844 0.939868 -0.922659 -0.180214 -0.340916
1.829310 -72.890876 -1599.788617 -210.588092 -0.223342 0.974216 -0.031954 -0.454433 -0.075066 0.887613 -0.862328 -0.212763 -0.459481
4.346016 -101.459193 2632.996158 -1788.530078 -0.366125 0.914335 0.173046 -0.883924 -0.283574 -0.371838 0.290913 0.289098 -0.912026
-1.554542 -102.083874 1638.341189 -4409.288016 -0.359437 0.921035 0.150000 0.921328 0.324735 0.213780 0.148188 0.215040 -0.965297
-1.532304 -56.530430 -97.921099 -2686.695840 0.208506 -0.966196 -0.151627 0.973575 0.190282 0.126270 -0.093150 -0.173948 0.980339
-4.198365 -50.456997 168.326410 -813.001627 0.237508 -0.957576 -0.163213 0.950487 0.194429 0.242431 -0.200413 -0.212711 0.956341
-6.090020 -49.216054 936.750988 1504.355820 -0.179481 0.969631 0.166139 0.940946 0.119924 0.316605 -0.287066 -0.213153 0.933895
-10.335806 -21.419904 -1287.935796 -1777.919264 -0.107218 0.982223 -0.154087 -0.818345 -0.175199 -0.547373 0.564638 -0.067408 -0.822581
-9.389634 -27.371486 -1264.248954 -1972.986822 -0.146915 0.973685 -0.174221 -0.849277 -0.214463 -0.482425 0.507094 -0.077087 -0.858436
-14.516026 -23.318879 -681.808032 -612.572553 -0.428990 0.834371 -0.346110 -0.705530 -0.548762 -0.448428 0.564087 -0.051820 -0.824088
-5.140366 -26.943093 -875.049540 -1575.392015 -0.058567 0.987729 -0.144781 -0.857580 -0.124019 -0.499175 0.511005 -0.094926 -0.854320
-5.259242 -22.844138 -921.635611 -968.419175 0.031515 0.995712 -0.086970 -0.819824 -0.024023 -0.572112 0.571748 -0.089330 -0.815551
732.782457 -64.386951 221374.238478 -1416.690486 0.368699 0.929432 -0.014774 0.889534 -0.357396 -0.284600 0.269797 -0.091790 0.958532
43.694171 -41.840960 20209.972883 917.458673 0.224166 0.973296 0.049436 0.956940 -0.210231 -0.200172 0.184434 -0.092179 0.978513
-3.879572 -40.344847 -514.759401 -1745.848010 0.040356 0.986328 -0.159775 -0.395892 0.162602 0.903786 -0.917410 -0.026780 -0.397042
-2.935637 -41.149930 -94.511686 -1591.668968 0.032757 0.986119 -0.162778 -0.422261 0.161271 0.892013 -0.905882 -0.039515 -0.421682
-12.022559 -294.789937 183.362308 -47229.431529 -0.769104 -0.120567 0.627649 0.284191 0.815105 0.504817 -0.572464 0.566628 -0.592636
-4.236716 -291.097575 4972.616983 2396.971420 0.816120 0.086787 -0.571329 0.448158 0.529116 0.720549 -0.364833 0.844100 -0.392928
3.283424 -344.308946 7658.568070 -66843.509083 0.838088 0.064367 -0.541725 0.286205 0.793505 0.537063 -0.464430 0.605150 -0.646605
9.037462 -314.602173 3820.543106 -49832.913413 0.851830 0.092411 -0.515602 0.261129 0.778372 0.570919 -0.454090 0.620965 -0.638909
11.912022 -420.937594 -5364.200762 -107790.176759 -0.823169 -0.081778 0.561876 0.049444 0.975490 0.214415 -0.565639 0.204281 -0.798950
-7.635117 -345.361929 -2665.226394 -84370.718819 -0.789832 -0.057536 0.610618 0.111435 0.965557 0.235121 -0.603115 0.253750 -0.756216
12.209680 -380.329497 -6501.822420 -47585.251065 0.768155 0.157048 -0.620704 -0.106912 0.987302 0.117494 0.631274 -0.023892 0.775191
27.499373 -340.716721 -10669.523138 19326.458780 0.784737 0.053956 -0.617476 0.229242 0.900301 0.370008 0.575879 -0.431910 0.694130
16.190745 -314.805598 -1885.149581 -38892.506624 0.787406 0.054917 -0.613983 0.088877 0.975503 0.201234 0.609994 -0.213022 0.763236
11.344215 -397.510235 899.789454 -70257.283264 0.759964 0.117594 -0.639239 -0.210006 0.975171 -0.070275 0.615104 0.187651 0.765790
-2.148322 -17.117558 718.365061 -1376.119961 -0.167193 0.857578 0.486423 -0.633287 0.284719 -0.719641 0.755641 0.428364 -0.495490
0.471121 -21.627445 1236.994977 -1972.704066 -0.181455 0.860542 0.475964 -0.662120 0.250945 -0.706133 0.727098 0.443277 -0.524247
1.510036 -27.909273 2506.848751 -2319.315492 -0.198235 0.866381 0.458353 -0.700712 0.201714 -0.684335 0.685351 0.456833 -0.567096
-256.789846 -448.023063 -36488.975211 113833.982162 0.689941 0.666513 -0.282386 -0.617768 0.745491 0.250210 0.377285 0.001819 0.926096
-283.835803 -475.451002 20409.598026 -106437.614578 0.273811 0.921917 -0.274039 0.677243 -0.387125 -0.625681 0.682913 0.014272 0.730360
-148.441028 -555.566374 -28923.188379 -153208.743290 0.180423 -0.950382 0.253420 0.976241 0.141594 -0.164028 0.120007 0.276994 0.953348
-338.021734 -5553.305889 -124713.384083 -1626081.449986 0.924921 0.324800 -0.197550 0.354955 -0.923904 0.142858 0.136117 0.202254 0.969828
-12.045239 -46.196652 -622.702877 1895.860271 0.078824 0.996857 -0.007936 0.293332 -0.015584 0.955884 -0.952756 0.077675 0.293638
-57.470760 -77.667232 2067.989288 -312.644061 -0.165691 0.969632 -0.179888 0.955963 0.202727 0.212219 -0.242242 0.136803 0.960522
-49.388342 -75.100699 533.165133 3628.023611 -0.147788 -0.935123 0.322030 0.987075 -0.119054 0.107279 -0.061980 0.333723 0.940631
-55.938519 -78.763018 -613.358608 730.406411 0.012071 -0.962995 0.269250 0.973339 0.072998 0.217448 -0.229056 0.259446 0.938201
-3.624471 -34.097592 -1709.434748 -1683.362523 -0.265750 -0.810354 0.522210 0.904274 -0.021771 0.426397 -0.334163 0.585536 0.738568
-1.017779 -40.312256 -1550.454542 -2992.409585 -0.409714 -0.792673 0.451446 0.880190 -0.213549 0.423866 -0.239582 0.571022 0.785197
3.237223 -34.177773 -382.940166 -2186.562584 -0.397985 -0.803310 0.443058 0.881226 -0.200488 0.428072 -0.255047 0.560800 0.787689
4.655920 -39.018295 2484.806589 -3516.304005 -0.724866 -0.515922 -0.456502 -0.386667 0.853138 -0.350207 0.570138 -0.077339 -0.817901
-4.410161 -38.255166 3208.183189 -3292.462937 -0.673683 -0.612320 -0.413782 -0.441045 0.782387 -0.439716 0.592984 -0.113733 -0.797142
-9.850118 -30.401189 3340.279803 -2766.118953 -0.637046 -0.685378 -0.352745 -0.437231 0.698171 -0.566910 0.634824 -0.206917 -0.744435
-6.453381 -53.380114 920.943528 608.068406 0.271715 0.952790 -0.135511 0.849770 -0.171436 0.498498 -0.451732 0.250603 0.856234
-5.828324 -52.996882 213.196583 -534.444846 0.250357 0.957925 -0.140358 0.799079 -0.122600 0.588594 -0.546621 0.259516 0.796151
-6.927752 -60.574707 311.247246 -3152.278886 0.250171 0.960841 -0.119159 0.769280 -0.122530 0.627053 -0.587897 0.248537 0.769809
-5.820681 -51.048119 303.472102 2124.864536 0.270755 0.952083 -0.142234 0.888586 -0.190349 0.417351 -0.370278 0.239387 0.897545
-7.532313 -54.966848 518.235469 698.429577 0.261574 0.959097 -0.108220 0.849299 -0.175448 0.497905 -0.458552 0.222150 0.860453
-6.700450 -53.498516 779.876045 4921.167872 0.286872 0.950126 -0.122332 0.898699 -0.222700 0.377816 -0.331730 0.218325 0.917763
7.101577 -55.428203 -457.522132 442.425546 0.142596 0.945441 -0.292931 -0.896449 0.248822 0.366697 -0.419578 -0.210308 -0.883020
6.631307 -60.664548 384.401641 686.725389 0.149297 0.956273 -0.251501 -0.918926 0.228097 0.321788 -0.365084 -0.183069 -0.912798
5.091940 -57.313695 33.735657 565.898549 0.109474 0.962126 -0.249659 -0.845077 0.222325 0.486226 -0.523316 -0.157752 -0.837409
14.874423 -80.389611 -892.105531 -370.468729 0.232501 0.958474 -0.165140 0.253941 -0.223727 -0.940989 0.938860 -0.176845 0.295412
13.545708 -86.112510 21.518794 -7349.829388 0.197695 0.962201 -0.187310 0.174839 -0.222629 -0.959097 0.964545 -0.156860 0.212243
2.502005 -157.575683 -1425.891447 5101.112049 0.279165 0.952856 -0.118880 0.933153 -0.240003 0.267626 -0.226478 0.185645 0.956161
