16373
32736
-41.962269 -63.791247 -256.779217 8453.371208 0.129896 0.991495 -0.008083 0.929779 -0.124635 -0.346378 0.344439 -0.037478 0.938060
-43.097805 -67.353815 -1848.556024 8166.379089 0.246687 0.965278 -0.085928 0.919737 -0.261138 -0.293071 0.305334 0.006734 0.952222
-51.603870 -77.406296 -299.233428 4046.541780 0.021289 0.999767 0.003655 0.987871 -0.020473 -0.153919 0.153808 -0.006887 0.988077
-40.104623 -56.296381 440.820193 6889.635354 0.476835 0.839463 -0.260634 0.784124 -0.540235 -0.305445 0.397213 0.058722 0.915846
-50.232631 -86.088917 2118.114103 9761.766037 -0.236137 0.968774 0.075609 0.948032 0.246758 -0.200865 0.213250 -0.024248 0.976697
-29.960881 -84.030453 -4106.748893 13689.396836 -0.132755 0.978448 0.158165 0.932001 0.177535 -0.316000 0.337270 -0.105459 0.935483
-33.318139 -56.257714 -3320.259110 8473.511248 0.058491 0.995433 0.075444 0.895200 -0.018854 -0.445265 0.441809 -0.093581 0.892215
-36.510004 -48.471335 29.942696 3512.862917 0.552834 0.787705 -0.271835 0.703056 -0.616029 -0.355275 0.447310 -0.005293 0.894363
-47.849722 -70.539037 4217.320965 1823.039449 0.564025 0.819184 0.103987 -0.522751 0.451699 -0.722980 0.639225 -0.353420 -0.682998
-46.061162 -74.530082 766.440270 4646.468578 0.493449 0.858431 0.140016 -0.585349 0.446823 -0.676546 0.643331 -0.251883 -0.722967
-46.432662 -74.898200 2820.028250 1581.500472 0.493901 0.869247 0.021708 -0.501507 0.305170 -0.809544 0.710318 -0.388948 -0.586658
-36.549188 -70.991789 -3920.297028 2162.318161 0.543670 0.825830 -0.149757 -0.556685 0.221281 -0.800710 0.628112 -0.518690 -0.580031
57.968546 -52.411112 17008.316374 -5411.659756 0.448241 0.703562 0.551434 0.710368 -0.654823 0.258041 -0.542639 -0.276057 0.793306
36.864705 -48.193587 5531.645489 -3474.797401 0.374218 0.761564 0.529132 0.713275 -0.601018 0.360577 -0.592621 -0.242482 0.768116
50.575286 -57.911952 11239.813562 -5599.410840 0.375615 0.785255 0.492228 0.777000 -0.556321 0.294581 -0.505158 -0.271812 0.819105
-16.923187 -53.107287 445.926237 11199.438745 0.067205 0.995439 0.067715 -0.905425 0.032335 0.423273 -0.419152 0.089757 -0.903468
-14.270458 -40.552299 1284.519391 -1671.292254 -0.176801 0.966055 0.188360 -0.865059 -0.243805 0.438443 -0.469483 0.085426 -0.878799
-14.657650 -39.317519 1275.783505 7280.506779 0.035363 0.991159 0.127878 -0.909128 -0.021232 0.415976 -0.415014 0.130967 -0.900339
-14.836716 -65.522332 1159.569156 22460.906818 0.191125 0.980159 0.052539 -0.910853 0.157154 0.381642 -0.365813 0.120796 -0.922816
-16.360138 -81.267255 1397.461792 22752.901111 0.154889 0.987324 0.034657 -0.924174 0.132406 0.358289 -0.349159 0.087524 -0.932967
12.481234 -46.645745 -5514.168314 2177.000547 -0.519657 0.842793 0.140203 -0.012239 0.156739 -0.987564 0.854288 0.514910 0.071135
14.119380 -49.509015 -6790.941586 1878.096525 -0.509572 0.855204 0.094669 0.109896 0.173813 -0.978628 0.853381 0.488278 0.182554
19.025666 -43.056685 -1230.492397 1369.334183 -0.585200 0.798585 0.140725 0.017092 0.185653 -0.982467 0.810709 0.572534 0.122294
17.688752 -40.058191 -220.984526 1230.391529 -0.586557 0.785132 0.198794 -0.094928 0.177115 -0.979601 0.804326 0.593463 0.029357
17.569077 -36.710049 3612.777627 1003.257219 -0.653241 0.741487 0.153209 -0.045013 0.163959 -0.985440 0.755811 0.650626 0.073728
20.719977 -39.772693 3664.957922 1651.212835 -0.658107 0.748206 0.084155 0.063760 0.166751 -0.983935 0.750220 0.642169 0.157446
-4.399470 -59.584507 5.787212 -904.067687 0.669230 0.645940 -0.367276 -0.145547 -0.370750 -0.917257 0.728661 -0.667312 0.154102
-3.134420 -58.297348 192.689668 406.462775 0.670781 0.658955 -0.340339 -0.016511 -0.445510 -0.895125 0.741472 -0.606052 0.287960
-4.079339 -60.808268 125.850537 -77.681793 0.671327 0.630349 -0.389847 -0.168266 -0.382636 -0.908447 0.721808 -0.675463 0.150808
-2.446337 -55.743505 184.719810 301.012693 0.666387 0.679719 -0.306447 0.005609 -0.415563 -0.909547 0.745585 -0.604392 0.280738
-4.794953 -61.665090 -287.710566 -1382.209090 0.675855 0.620128 -0.398323 -0.276050 -0.288118 -0.916943 0.683386 -0.729678 0.023540
-5.264185 -61.498582 -261.106672 -2315.120192 0.667654 0.635691 -0.387474 -0.264085 -0.284393 -0.921618 0.696059 -0.717647 0.022000
-4.106951 -57.671292 69.368315 -1173.216795 0.662485 0.666870 -0.341170 -0.127499 -0.348423 -0.928626 0.738144 -0.658700 0.145799
16.011404 -107.609956 165.667243 -2977.597481 0.030755 0.953036 0.301292 -0.642552 -0.212044 0.736318 -0.765625 0.216241 -0.605853
20.328503 -103.607928 1673.777272 -4815.558236 0.020225 0.935105 0.353794 -0.760020 -0.215533 0.613119 -0.649585 0.281291 -0.706339
11.354462 -104.424156 585.930110 -1718.665786 0.038226 0.930517 0.364248 -0.562797 -0.281156 0.777310 -0.825711 0.234711 -0.512945
10.302972 -105.009479 -197.679839 631.385305 0.024357 0.949425 0.313047 -0.433484 -0.272140 0.859088 -0.900832 0.156626 -0.404932
6.072820 -102.323853 1756.676356 -384.530429 0.074701 0.912200 0.402878 -0.522677 -0.308248 0.794853 -0.849252 0.269951 -0.453760
6.586152 -102.120575 889.864035 1593.003962 0.067842 0.922115 0.380922 -0.333031 -0.338973 0.879879 -0.940472 0.186552 -0.284096
8.214788 -103.930051 -473.932890 1558.187534 0.024153 0.936042 0.351057 -0.338790 -0.322717 0.883785 -0.940552 0.140281 -0.309327
-1.951173 -84.904204 864.230025 -5280.991080 0.376819 0.873725 -0.307592 0.061917 0.307568 0.949509 -0.924215 0.376838 -0.061799
-5.284416 -85.190989 2051.033604 -6292.374001 0.373438 0.876447 -0.303947 0.040638 0.311880 0.949252 -0.926764 0.366839 -0.080851
-3.071137 -94.036895 1112.308768 -4753.103389 0.381413 0.875633 -0.296295 0.238940 0.216247 0.946649 -0.892991 0.431861 0.126744
-0.751978 -92.130476 5.881097 -2704.945171 0.374169 0.883968 -0.280353 0.286042 0.177561 0.941622 -0.882144 0.432519 0.186414
-0.412018 -84.189490 -836.570707 -3750.960559 0.344869 0.889963 -0.298381 0.094431 0.283375 0.954349 -0.933889 0.357302 -0.013687
-9.366352 -48.037247 13.608994 1731.963598 0.614007 0.713770 -0.336939 0.053695 -0.463667 -0.884381 0.787472 -0.524924 0.323020
-10.601255 -48.248103 -3.842389 1122.117174 0.595889 0.669725 -0.443153 0.033183 -0.571889 -0.819660 0.802381 -0.473721 0.363006
-12.425443 -50.756657 -358.108484 929.998164 0.615313 0.721947 -0.316515 0.230996 -0.549035 -0.803244 0.753678 -0.421133 0.504596
-31.295164 -45.184690 4279.433733 731.721717 -0.351179 0.903200 -0.246786 0.511237 0.405784 0.757613 -0.784417 -0.139891 0.604251
-31.263510 -46.276106 4896.212571 -760.066102 -0.179107 0.983820 -0.004464 0.654317 0.122506 0.746231 -0.734704 -0.130734 0.665672
-23.019284 -39.979458 4013.767465 -1874.674978 -0.170553 0.983083 -0.066778 0.606130 0.158105 0.779493 -0.776864 -0.092469 0.622841
-16.059891 -37.583889 4268.636907 -2282.812468 -0.054680 0.998370 0.016365 0.639632 0.022438 0.768354 -0.766734 -0.052481 0.639816
-15.846135 -33.515842 3656.214189 -1648.814966 -0.153128 0.981308 -0.116558 0.573752 0.184318 0.798020 -0.804587 -0.055324 0.591252
10.905228 -283.039888 7435.047422 -60719.967262 0.098010 0.994709 0.030789 -0.715816 0.091956 -0.692207 0.691376 -0.045803 -0.721042
10.421192 -246.484934 5931.472669 -58929.733855 0.044071 0.998772 -0.022628 -0.537499 0.004612 -0.843252 0.842112 -0.049325 -0.537043
-0.305770 -219.376910 7818.221668 -52559.386759 0.005661 0.999937 0.009676 -0.486176 0.011207 -0.873789 0.873842 -0.000242 -0.486209
67.347652 -276.633029 23179.704179 12389.084280 0.051313 0.998535 -0.017190 -0.930525 0.041554 -0.363863 0.362616 -0.034667 -0.931294
40.900618 -319.278289 13974.645664 -79599.442399 0.060961 0.997036 -0.046927 -0.735879 0.013130 -0.676985 0.674363 -0.075803 -0.734499
-28.857898 -50.832897 -3255.071503 -2224.701784 0.534521 0.736549 -0.414468 0.213498 0.356823 0.909448 -0.817744 0.574607 -0.033477
-29.517775 -46.300479 -3523.887946 -1010.932757 0.516182 0.650927 -0.556642 0.159851 0.565282 0.809262 -0.841430 0.506706 -0.187737
-19.322462 -51.222237 -1779.509564 -1634.044319 0.500407 0.769482 -0.396850 0.181366 0.355032 0.917092 -0.846581 0.530895 -0.038102
-20.089292 -57.610302 -1955.925887 -2212.928693 0.507979 0.796113 -0.328880 0.305659 0.190361 0.932917 -0.805313 0.574428 0.146640
-25.728318 -57.570656 -1699.990908 -2420.461067 0.566769 0.761643 -0.314123 0.310170 0.155966 0.937800 -0.763261 0.628948 0.147842
1.014768 -82.568075 2128.302599 10441.858280 -0.055763 0.880373 -0.470992 0.191160 0.472413 0.860398 -0.979974 0.042057 0.194635
1.651413 -71.405627 3337.343502 1579.541508 -0.041608 0.875821 -0.480839 0.317703 0.467875 0.824717 -0.947277 0.118449 0.297718
6.774749 -78.589994 1730.891785 12278.309168 -0.073969 0.863277 -0.499281 0.261114 0.499952 0.825753 -0.962470 0.069289 0.262395
5.434742 -92.934911 1093.957337 12077.007108 -0.071792 0.881237 -0.467192 0.113423 0.472575 0.873961 -0.990950 -0.009753 0.133880
1.624508 -93.598385 1886.446939 9500.435601 -0.053876 0.892690 -0.447439 0.035829 0.449530 0.892547 -0.997905 -0.032055 0.056203
9.089776 -116.251102 -3963.163971 5134.402112 -0.173216 0.976978 0.124541 0.102229 -0.107934 0.988888 -0.979564 -0.184023 0.081179
5.810565 -109.303398 -7547.412366 4674.649561 -0.202052 0.969561 0.138298 0.263400 -0.082211 0.961177 -0.943290 -0.230636 0.238771
-0.978674 -114.628233 -1292.735907 1751.624168 -0.163246 0.977450 0.133950 0.056092 -0.126356 0.990398 -0.984990 -0.169192 0.034200
16.554931 -108.170744 -7262.355300 12160.134176 -0.199151 0.974112 0.106978 0.310780 -0.040750 0.949608 -0.929384 -0.222362 0.294619
1.503822 -119.572452 -666.736542 2745.595816 -0.160641 0.981750 0.101792 -0.116321 -0.121243 0.985784 -0.980135 -0.146517 -0.133675
13.437808 -120.335816 -8175.794474 7118.763697 -0.196299 0.974761 0.106338 0.114475 -0.084925 0.989789 -0.973839 -0.206468 0.094915
5.472895 -124.914304 -2654.499356 2856.233291 -0.173953 0.980319 0.093352 -0.082138 -0.108911 0.990652 -0.981322 -0.164659 -0.099467
-16.109233 -62.571891 2537.562982 4562.576413 0.623893 -0.549613 0.555592 0.703061 0.084281 -0.706117 0.341265 0.831157 0.438994
-19.846369 -53.911948 1564.643338 -1775.594624 0.706468 -0.518401 0.481833 -0.584139 -0.042701 0.810529 0.399605 0.854071 0.332985
-19.045387 -63.693373 1383.141265 4471.734635 0.658495 -0.512789 0.550847 0.684118 0.102827 -0.722087 0.313636 0.852335 0.418519
-16.806066 -50.522562 1453.856609 -2166.617210 0.699222 -0.546999 0.460305 -0.569345 -0.036672 0.821280 0.432359 0.836330 0.337073
-13.695239 -59.447167 867.237162 4771.721957 0.598680 -0.567564 0.565202 0.712710 0.055427 -0.699266 0.365551 0.821461 0.437691
162.580251 -24.976670 -162006.205245 45147.691284 -0.873954 0.440385 -0.205587 0.454653 0.890299 -0.025639 0.171743 -0.115878 -0.978303
221.766038 -1448.752515 30241.222999 -440712.884266 -0.020543 0.976076 0.216455 0.996670 0.037081 -0.072618 -0.078907 0.214243 -0.973588
2.234351 -144.158179 -3044.302068 -22160.033689 -0.435973 0.850386 0.294571 -0.614682 -0.520445 0.592708 -0.657338 -0.077337 -0.749617
2085.233222 -463.222033 505680.734229 -600400.608403 -0.099613 0.909434 -0.403742 -0.393131 -0.408719 -0.823649 0.914071 -0.076677 -0.398240
-20.123092 -46.039680 171.967078 868.885653 -0.365706 0.804172 0.468578 -0.196824 0.425246 -0.883418 0.909681 0.415299 -0.002766
-18.782385 -47.549246 714.479155 -359.352843 -0.384744 0.707402 0.592920 -0.235041 0.546106 -0.804067 0.892596 0.448721 0.043843
-17.161902 -46.165455 992.857947 98.108994 -0.376818 0.778294 0.502261 -0.113506 0.499346 -0.858935 0.919306 0.380672 0.099822
-19.133921 -46.318493 77.754372 1790.135285 -0.343116 0.848560 0.402764 -0.144401 0.376044 -0.915281 0.928127 0.372207 0.006493
-20.671098 -42.921097 -836.522217 902.925054 -0.336532 0.866170 0.369455 -0.209529 0.313626 -0.926140 0.918065 0.389087 -0.075942
-20.720448 -35.634112 1426.081205 -1775.902914 0.270176 0.721334 -0.637717 0.346012 -0.690842 -0.634833 0.898488 0.049141 0.436239
-23.619184 -39.796141 593.351790 1687.622085 0.341763 0.596444 -0.726259 -0.231730 0.802414 0.549939 0.910769 -0.019653 0.412449
-22.866896 -39.374898 2470.937981 1581.107349 0.281401 0.640840 -0.714239 -0.227991 0.767653 0.598940 0.932113 -0.005702 0.362124
-19.839921 -34.991958 2295.650870 -1536.889922 0.198984 0.766068 -0.611184 0.335015 -0.639256 -0.692182 0.920962 0.067023 0.383846
-17.667233 -31.442382 2006.098494 -1271.271187 0.155025 0.846350 -0.509568 0.450029 -0.519677 -0.726230 0.879455 0.116737 0.461445
-165.784836 -2000.237518 37901.676303 196359.606590 0.401212 0.295957 -0.866855 -0.335255 0.928145 0.161714 0.852428 0.225736 0.471604
-57.348390 -3642.487550 111043.843265 2743737.535065 0.301512 0.171446 -0.937922 -0.396504 0.917153 0.040186 0.867107 0.359774 0.344511
-208.689062 -2048.667018 -16694.767810 -86028.821864 -0.277462 -0.405025 0.871189 0.758581 -0.648807 -0.060039 0.589550 0.644209 0.487263
-534.854370 -2387.229969 233531.543512 1336676.958535 0.535283 0.234980 -0.811330 -0.584860 0.796130 -0.155289 0.609435 0.557639 0.563585
-424.784276 -3673.724729 -146718.004529 -3007428.087388 -0.406666 -0.374400 0.833335 0.886304 -0.382900 0.260486 0.221558 0.844519 0.487545
-178.142384 -2169.421828 -74197.153450 -1040156.767676 -0.336946 -0.292950 0.894789 0.917184 -0.316823 0.241653 0.212697 0.902111 0.375442
57.261588 -358.192133 -14134.475503 -89454.346871 0.339870 0.911483 -0.231705 0.569648 -0.003480 0.821882 -0.748325 0.411323 0.520407
40.306999 -225.183041 -2202.831981 -41771.119916 0.348698 0.925046 -0.150662 0.520254 -0.057332 0.852085 -0.779580 0.375503 0.501251
30.333232 -241.597002 -4092.410596 -60245.355883 0.322901 0.921788 -0.214575 0.374381 0.083823 0.923478 -0.869238 0.378524 0.318034
61.181817 -277.771132 -4900.025710 -29987.910182 0.342067 0.931052 -0.127011 0.716293 -0.170872 0.676555 -0.608206 0.322405 0.725356
16.523479 -376.114876 -4965.067039 -104417.888198 0.368705 0.864909 -0.340571 0.249576 0.260821 0.932569 -0.895415 0.428841 0.119695
86.551724 -338.276466 8831.270928 24042.881491 -0.323336 -0.896600 0.302593 0.887525 -0.176410 0.425652 -0.328259 0.406187 0.852794
60.565049 -380.940969 808.561111 -77597.071838 0.388405 0.780164 -0.490393 0.623720 0.169162 0.763123 -0.678317 0.602269 0.420901
-24.093678 -198.464955 9796.484087 54166.980549 -0.251080 0.349921 0.902505 0.180843 0.932913 -0.311399 -0.950923 0.085026 -0.297517
-23.731732 -252.517294 10616.327811 57924.866641 -0.169324 0.254943 0.952016 -0.145177 0.948974 -0.279949 -0.974809 -0.185613 -0.123672
-6.054962 -183.214073 3839.725638 37625.830310 -0.227543 0.341709 0.911844 -0.042104 0.932079 -0.359799 -0.972857 -0.120263 -0.197701
-12.828490 -204.894963 12828.766160 4164.200489 -0.121662 0.328064 0.936788 -0.443914 0.826165 -0.346975 -0.887772 -0.458067 0.045119
-1.113958 -176.816786 7109.214916 -2046.223895 -0.181866 0.322280 0.929010 -0.462561 0.805670 -0.370045 -0.867734 -0.497022 0.002550
-42.451319 -105.685042 9331.828306 19563.075460 -0.214509 0.808957 -0.547333 0.077861 0.572757 0.816019 -0.973614 -0.132428 0.185848
-28.039607 -87.494156 4653.609681 14997.339904 -0.202328 0.914777 -0.349637 0.186361 0.386461 0.903281 -0.961422 -0.117600 0.248671
-33.930774 -100.248725 -1432.823418 13294.056220 -0.220278 0.837906 -0.499391 -0.015115 0.508973 0.860650 -0.975320 -0.197130 0.099451
-45.857509 -103.696160 3157.930683 3074.861477 -0.217105 0.707124 -0.672935 -0.238216 0.630155 0.739025 -0.946635 -0.320750 -0.031638
-39.610537 -97.221067 -634.877923 -612.712407 -0.205395 0.831168 -0.516694 -0.229427 0.472346 0.851030 -0.951408 -0.293341 -0.093675
-34.909305 -87.579909 1768.597144 2539.573405 -0.123540 0.902005 -0.413672 -0.164853 0.392418 0.904893 -0.978551 -0.179986 -0.100219
29.271381 -49.173601 2681.207024 1579.786881 -0.406694 0.740470 0.535074 -0.701564 -0.628295 0.336236 -0.585156 0.238643 -0.775010
27.909513 -50.093711 -1931.188226 1221.245914 -0.456442 0.756963 0.467619 -0.715067 -0.624830 0.313475 -0.529472 0.191296 -0.826478
29.591708 -49.655411 1982.327335 -1.776222 -0.423670 0.732186 0.533299 -0.770198 -0.601063 0.213351 -0.476759 0.320356 -0.818580
23.341672 -48.335887 4811.258203 1142.267057 -0.376035 0.716785 0.587211 -0.718332 -0.625813 0.303903 -0.585317 0.307534 -0.750218
29.023582 -49.472192 1481.808129 1429.955367 -0.433919 0.729665 0.528492 0.827711 0.554524 -0.086013 -0.355823 0.400116 -0.844570
23.740010 -48.840179 4112.673536 -594.621886 -0.393990 0.710147 0.583492 -0.788719 -0.587176 0.182065 -0.471905 0.388479 -0.791448
7.868028 -47.427175 -5934.932270 -688.543029 -0.459833 0.801767 0.381737 0.879598 0.352230 0.319753 0.121908 0.482808 -0.867199
2.724923 -46.661815 -1606.117709 -922.592388 -0.459872 0.793039 0.399508 0.881281 0.352419 0.314874 0.108913 0.496880 -0.860958
7.093748 -48.767667 -5403.128531 -853.570183 -0.449169 0.807179 0.383027 0.865165 0.285943 0.411978 0.223016 0.516430 -0.826779
17.014112 -48.345767 -5827.734615 -578.782593 -0.466915 0.790982 0.395396 0.857403 0.295496 0.421357 0.216448 0.535751 -0.816162
15.495566 -48.934321 -5103.109722 -277.071832 -0.468645 0.791824 0.391647 0.825264 0.234272 0.513864 0.315137 0.564032 -0.763254
6.668570 -50.096526 -4971.655911 -542.508378 -0.445600 0.809274 0.382775 0.835490 0.222356 0.502508 0.321554 0.543722 -0.775222
0.522984 -66.270047 -740.028685 847.971139 -0.407000 0.885314 -0.224876 -0.792234 -0.464676 -0.395527 0.454661 -0.017175 -0.890499
3.972787 -66.923212 -269.056837 -427.790047 -0.411174 0.886970 -0.210286 -0.669342 -0.450376 -0.590883 0.618803 0.102202 -0.778869
3.313005 -67.650050 -162.687594 546.225990 -0.451365 0.864190 -0.222364 -0.759145 -0.502852 -0.413327 0.469009 0.017755 -0.883015
-0.797185 -62.179771 -560.474211 1693.571268 -0.433018 0.872478 -0.226444 -0.858595 -0.475718 -0.191068 0.274426 -0.111688 -0.955100
-2.661803 -61.044470 -971.903013 1424.027358 -0.392605 0.892922 -0.220342 -0.871075 -0.437890 -0.222443 0.295110 -0.104602 -0.949720
8.820230 -64.928017 -6843.830164 16438.612821 -0.427991 0.864175 0.264622 0.023674 0.303413 -0.952565 0.903473 0.401424 0.150317
16.322733 -82.303352 -8219.857783 17656.794805 -0.439135 0.845281 0.304403 0.139190 0.398738 -0.906440 0.887573 0.355680 0.292755
25.138035 -57.853366 -8849.862202 14479.439780 -0.454740 0.806137 0.378622 -0.002921 0.423768 -0.905766 0.890619 0.412994 0.190349
-13.039356 -81.894061 85.817382 1145.219190 -0.495195 0.868210 0.031503 0.283207 0.195599 -0.938901 0.821326 0.456017 0.342743
-12.602749 -83.745312 77.234575 536.847888 -0.492515 0.869735 0.031474 0.425538 0.272206 -0.863030 0.759175 0.411662 0.504170
-12.431117 -81.475452 -7.937902 1107.724386 -0.453314 0.890395 0.041281 0.283210 0.187790 -0.940493 0.845162 0.414647 0.337297
-12.487494 -80.581806 -92.812349 950.647836 -0.451264 0.891576 0.038117 0.129777 0.107826 -0.985663 0.882903 0.439848 0.164364
-13.051081 -80.636208 95.666682 830.438911 -0.496557 0.867639 0.025174 0.134306 0.105453 -0.985313 0.857550 0.485883 0.168893
-8.557631 -101.870438 235.479659 -5739.153752 -0.558167 0.825536 0.083304 -0.788047 -0.558870 0.258157 -0.259674 -0.078447 -0.962505
-4.088991 -114.421370 712.583001 -6059.447234 -0.567126 0.816084 0.111241 -0.671935 -0.536540 0.510518 -0.476311 -0.214781 -0.852641
-4.952201 -101.745969 947.947279 -6356.764728 -0.559719 0.820552 0.115796 -0.783097 -0.569447 0.249979 -0.271061 -0.049239 -0.961302
273.138166 -145.027589 163671.585586 83470.950100 0.999823 -0.005307 0.018066 0.014297 0.838353 -0.544940 0.012254 -0.545101 -0.838281
334.098476 -96.250929 91823.579958 3070.525292 0.938914 -0.323177 -0.118308 0.186502 0.766717 -0.614298 -0.289236 -0.554708 -0.780155
786.942025 -139.189258 721353.202582 -863.858785 0.946060 -0.017066 0.323542 0.266350 0.609533 -0.746677 0.184467 -0.792577 -0.581200
3845.431872 -1333.907653 -3416673.987146 412747.400138 0.961950 -0.176162 -0.208852 -0.016392 0.725807 -0.687703 -0.272734 -0.664960 -0.695302
11.204101 -21.321995 866.528959 1041.580612 -0.333451 0.794051 0.508225 -0.247015 -0.593831 0.765733 -0.909832 -0.129795 -0.394156
5.268179 -18.553556 3632.202550 778.928041 -0.309349 0.770436 0.557433 -0.192295 -0.624757 0.756770 -0.931303 -0.126915 -0.341419
7.047443 -19.014326 -127.559668 224.888193 -0.324057 0.826297 0.460674 -0.219805 -0.539387 0.812864 -0.920148 -0.162156 -0.356416
-11.566196 -116.762526 2721.228193 -34962.572955 0.381763 0.904971 -0.187843 0.293908 -0.311551 -0.903634 0.876285 -0.289766 0.384916
-6.439606 -156.440390 3453.658706 -37416.406376 0.348271 0.920716 -0.176041 0.139047 -0.236461 -0.961640 0.927024 -0.310433 0.210375
-6.162290 -105.199755 2788.902607 -32646.399995 0.363558 0.909316 -0.202411 0.303762 -0.321118 -0.897002 0.880656 -0.264628 0.392960
-0.001654 -154.207177 -651.411776 -280.848737 0.434823 0.900464 -0.009643 -0.521706 0.260625 0.812341 -0.733997 0.348194 -0.583103
-1.766395 -146.618093 -443.421271 -456.836201 0.443356 0.896286 0.010312 -0.553174 0.264544 0.789946 -0.705290 0.355932 -0.613090
-1.009249 -150.494184 -472.645328 4982.606491 0.444120 0.895599 -0.025693 -0.645630 0.339783 0.683893 -0.621224 0.287143 -0.729130
-7.180871 -140.808306 -1672.196773 -1461.318024 0.555691 0.830454 -0.039418 -0.796336 0.518042 -0.312222 0.238865 -0.204889 -0.949191
-8.548136 -133.092596 -135.711733 3427.577604 0.550372 0.834823 -0.012674 -0.778000 0.507284 -0.370647 0.302996 -0.213854 -0.928687
-7.250663 -150.954608 -535.659632 7878.743266 0.585683 0.810427 -0.013499 -0.713374 0.507495 -0.483267 0.384802 -0.292671 -0.875369
5.749276 -135.497558 1642.604763 -24919.995510 0.296490 0.941250 0.161687 0.917505 -0.327721 0.225350 -0.265099 -0.081535 0.960768
1.124868 -133.736950 -1919.370147 -12640.455493 0.239740 0.955178 0.173666 0.953294 -0.265464 0.144085 -0.183729 -0.131012 0.974207
7.449307 -117.605891 -4930.674042 -22387.095725 0.240224 0.949133 0.203567 0.883280 -0.300707 0.359710 -0.402627 -0.093396 0.910587
1.199836 -151.774064 -2307.760186 -9632.467197 -0.285050 -0.947119 -0.147349 0.958387 -0.279131 -0.059840 0.015546 -0.158275 0.987273
15.389259 -106.612561 -4402.681161 -25735.107240 0.289044 0.936597 0.198092 0.841605 -0.347224 0.413687 -0.456240 -0.047142 0.888607
-16.761170 -36.577060 -345.259922 1244.318053 -0.430222 0.803146 0.412146 0.758450 0.073996 0.647517 0.489554 0.591169 -0.640981
-17.954405 -31.927225 -2143.320354 -1921.466057 -0.466541 0.818436 0.335412 -0.670916 -0.080343 -0.737168 0.576377 0.568953 -0.586586
-15.541539 -36.711482 -920.669956 1751.245301 -0.385619 0.824250 0.414620 0.782786 0.054389 0.619909 0.488409 0.563608 -0.666185
-20.018887 -35.123054 831.750542 -386.431010 0.633697 -0.753283 -0.176048 0.527437 0.254247 0.810660 0.565896 0.606567 -0.558425
-15.949196 -40.338026 306.526167 972.358958 -0.375536 0.811050 0.448520 0.839202 0.092185 0.535950 0.393335 0.577667 -0.715254
-19.358309 -37.579712 526.195216 254.338045 -0.518853 0.769025 0.373353 0.705148 0.138108 0.695480 0.483278 0.624121 -0.613934
-15.734981 -40.108312 799.520915 826.029235 -0.387329 0.793217 0.469875 0.830024 0.078184 0.552221 0.401295 0.603899 -0.688672
-2.180470 -95.659497 675.929077 5593.852896 0.465258 0.885047 -0.015064 -0.884169 0.465473 0.039743 -0.042187 0.005172 -0.999096
0.376595 -95.722019 1612.692582 -3604.126437 0.445930 0.894984 0.012266 0.895038 -0.445761 -0.014253 -0.007288 0.017335 -0.999823
-2.452719 -104.575932 1101.011055 4779.389445 0.482928 0.875658 -0.002185 -0.866908 0.477747 -0.142226 0.123497 -0.070579 -0.989832
-22.790066 -131.871574 6325.551432 24565.897052 0.154045 0.959814 0.234579 -0.869480 0.018909 0.493607 -0.469335 0.279999 -0.837451
-13.481818 -162.296313 5191.416898 32993.636204 0.148896 0.953217 0.263073 -0.912295 0.029778 0.408450 -0.381508 0.300817 -0.874049
-22.057118 -301.222445 6365.889304 -106888.732155 0.189293 0.954591 0.230054 0.947975 -0.116591 -0.296226 -0.255952 0.274159 -0.926998
-34.157467 -131.601083 7165.547354 28865.924922 0.125349 0.969179 0.212085 -0.869576 0.004413 0.493780 -0.477625 0.246319 -0.843327
18.160034 -7276.757535 -34785.918402 -3942081.487155 0.001650 -0.948684 -0.316220 0.978154 0.067265 -0.196698 0.207875 -0.308988 0.928070
76.707413 -1954.807415 7552.878789 -1138493.301135 0.066346 0.929802 0.362031 0.776134 0.179931 -0.604352 0.627068 -0.321081 0.709713
526.046105 -2010.799356 265556.191985 187107.229218 -0.324206 0.885843 0.331922 0.819568 0.087791 0.566217 -0.472440 -0.455603 0.754471
-338.316688 -20806.418903 -48062.191950 -4835662.098455 0.128956 0.980931 0.145413 -0.179866 0.167342 -0.969353 0.975202 -0.098849 -0.198016
-22.282533 -3899.912227 6838.195307 2445449.745483 -0.199240 0.959999 0.196739 -0.072285 -0.214614 0.974020 -0.977281 -0.179843 -0.112153
-147.256536 -4207.068159 52315.417856 -497066.640553 -0.140157 0.980556 0.137356 0.434655 -0.063711 0.898341 -0.889624 -0.185611 0.417274
110.164904 -15717.957573 -25051.566942 -17186491.995572 0.045928 0.980318 0.192008 -0.062302 0.194648 -0.978893 0.997000 -0.032996 -0.070015
150.468412 -10830.422052 -70715.075452 -13406149.496149 0.094475 -0.964602 -0.246207 0.975380 0.139190 -0.171054 0.199269 -0.223985 0.954003
-1.515545 -42.846499 3176.248157 2300.542455 0.002986 0.996093 0.088261 0.414915 -0.081540 0.906199 -0.909855 -0.033914 0.413537
-5.981323 -42.464738 1614.210425 2360.367113 -0.006041 0.993720 0.111732 0.413182 -0.099269 0.905222 -0.910629 -0.051633 0.409987
-1.782895 -40.038696 2409.354058 2336.398971 -0.009248 0.996727 0.080309 0.471650 -0.066470 0.879277 -0.881737 -0.046010 0.469491
-1.441324 -88.595427 -1500.257204 -3987.959409 0.418297 0.907672 -0.034032 0.908160 -0.418616 -0.002524 -0.016537 -0.029851 -0.999418
0.439011 -95.541656 59.442659 -4133.453103 0.433360 0.901051 -0.017522 0.900788 -0.432466 0.039421 0.027943 -0.032867 -0.999069
1.775499 -87.826814 -920.744333 1426.687813 0.411506 0.910806 -0.033101 -0.903252 0.412402 0.118573 -0.121648 0.018895 -0.992393
0.099739 -82.782225 -2585.151414 670.968027 0.380879 0.923908 -0.036401 -0.905825 0.380744 0.185780 -0.185503 0.037787 -0.981917
-19.340238 -56.460620 6072.295161 -2001.773962 0.014655 0.998275 0.056860 -0.195825 -0.052899 0.979211 -0.980529 0.025485 -0.194712
-6.189387 -56.902972 6483.287706 -1006.606166 0.038769 0.990155 0.134499 -0.088849 -0.130651 0.987439 -0.995290 0.050232 -0.082909
-6.957177 -55.003720 5625.284593 -1600.970142 0.025088 0.990322 0.136502 -0.196738 -0.128983 0.971935 -0.980135 0.051239 -0.191599
-0.564270 -42.657795 2493.295784 1736.832608 -0.447672 0.819215 0.358437 -0.431932 -0.549091 0.715496 -0.782959 -0.165487 -0.599658
3.811382 -42.181216 1740.170071 1932.583801 -0.440826 0.832496 0.335594 -0.436713 -0.525570 0.730108 -0.784190 -0.175293 -0.595247
2.063859 -47.425985 2674.850608 742.196806 -0.447090 0.820888 0.355323 -0.525763 -0.562539 0.638062 -0.723660 -0.098455 -0.683098
-254.509822 -2105.101869 260821.544612 1017933.403019 0.880244 0.292489 0.373658 -0.466502 0.677558 0.568587 0.086870 0.674807 -0.732863
-313.578263 -7260.216649 296255.760753 8517982.934868 0.833863 0.410649 0.368836 -0.483881 0.222329 0.846421 -0.265579 0.884272 -0.384097
1623.761881 -24895.875063 1471598.968472 48392651.557920 0.825286 0.267650 0.497259 -0.528652 0.675796 0.513640 0.198570 0.686777 -0.699219
-1585.176617 -18228.686111 -3006894.826189 35758370.736788 -0.870251 -0.003570 -0.492596 -0.140465 0.960258 0.241195 0.472158 0.279093 -0.836166
22693.114304 -136358.478513 -15735896.394910 -204865857.143989 -0.831439 -0.290827 -0.473422 -0.352041 0.934954 0.043915 0.429856 0.203176 -0.879741
189.836531 -1414.100878 172434.507576 500195.596897 0.900350 0.262777 0.346870 -0.400421 0.812376 0.423920 0.170392 0.520570 -0.836644
10.385280 -106.477372 -578.134961 9967.864683 -0.434022 0.897358 0.079833 -0.487644 -0.159494 -0.858350 0.757515 0.411473 -0.506815
6.172082 -306.139999 2637.175076 87094.574022 -0.481289 0.872456 0.084743 -0.383633 -0.122726 -0.915294 0.788154 0.473031 -0.393770
-4.054341 -306.113106 4758.750733 94191.357576 -0.486195 0.861621 0.145685 -0.511655 -0.145542 -0.846774 0.708395 0.486238 -0.511615
22.294762 -104.151700 2441.124539 -1165.444668 0.745396 -0.647027 -0.160439 -0.056374 0.178629 -0.982300 -0.664234 -0.741247 -0.096673
26.012508 -102.591610 364.592927 2332.679240 -0.710337 0.688000 0.148582 0.028514 -0.182795 0.982737 -0.703284 -0.702312 -0.110229
26.835034 -98.318475 -1606.325940 -3728.394272 0.696718 -0.705169 -0.131610 -0.184306 0.001343 -0.982868 -0.693264 -0.709038 0.129031
-45.798480 -75.597473 -2619.060879 6028.902573 0.182624 0.977817 -0.102578 0.960695 -0.199660 -0.192876 0.209079 0.063323 0.975847
-43.749864 -68.951779 -838.821028 9531.301012 0.343577 0.907191 -0.242816 0.884083 -0.399658 -0.242221 0.316785 0.131448 0.939345
-47.715530 -68.000890 3496.807680 2832.310922 0.602433 0.757613 0.251192 -0.550055 0.622115 -0.557147 0.578372 -0.197475 -0.791511
-44.530579 -70.817626 -872.953719 5905.663309 0.419772 0.887267 0.191177 -0.717202 0.453347 -0.529242 0.556249 -0.085049 -0.826652
-45.503321 -83.646812 -3677.401951 9458.120758 0.367170 0.924181 0.105238 -0.669755 0.341193 -0.659558 0.645457 -0.171686 -0.744250
-27.636525 -56.772884 29430.618868 861.583026 0.483708 -0.089190 -0.870673 0.875046 0.028903 0.483177 -0.017929 -0.995595 0.092026
-60.697920 -73.517465 -167.068336 14244.076336 0.769925 0.046242 0.636457 0.627022 -0.240145 -0.741063 -0.118574 -0.969635 0.213888
-28.445928 -58.364275 25715.235322 2701.386856 0.304363 -0.087366 -0.948541 0.944380 -0.102516 0.312470 -0.124540 -0.990887 0.051305
-59.396100 -68.967692 2449.309013 14258.520872 0.983843 0.022830 0.177570 0.177368 -0.259180 -0.949403 -0.024348 -0.965559 0.259042
61.479780 -53.355645 56973.497426 -868.909194 0.506538 -0.013785 -0.862107 0.859216 -0.075290 0.506043 -0.071884 -0.997066 -0.026292
64.573973 -58.062691 57680.863489 2110.566644 0.502863 -0.016918 -0.864201 0.864046 0.037053 0.502047 0.023527 -0.999170 0.033251
-20.537349 -57.154634 30909.500485 435.460748 0.609618 -0.064147 -0.790095 0.787041 0.167819 0.593636 0.094513 -0.983729 0.152792
-9.436952 -44.473962 2435.792194 -6247.739644 -0.293581 0.920397 0.258225 -0.804522 -0.383788 0.453267 -0.516289 0.074677 -0.853152
-11.875242 -48.831301 634.848473 -5134.164895 -0.226647 0.958730 0.171660 -0.809613 -0.283426 0.514001 -0.541441 0.022481 -0.840438
-8.229643 -58.953666 1194.561283 -8124.043709 -0.242026 0.951114 0.191847 -0.761677 -0.308729 0.569679 -0.601059 0.008248 -0.799162
-8.794531 -61.092354 -365.161840 -7832.347118 -0.187054 0.976682 0.105366 -0.758897 -0.211779 0.615812 -0.623767 -0.035228 -0.780816
-12.126555 -53.370164 -924.259949 -4209.789926 -0.151353 0.985955 0.070598 -0.815137 -0.164893 0.555303 -0.559146 -0.026500 -0.828646
6.371056 -51.820863 -4568.667877 2196.318860 -0.507301 0.857748 0.083149 0.094341 0.151184 -0.983993 0.856590 0.491336 0.157617
3.714536 -53.975018 -8046.235456 1303.122124 -0.493077 0.868631 0.048536 0.217116 0.176886 -0.959985 0.842458 0.462809 0.275812
15.790411 -52.236161 -8831.860449 2096.728231 -0.511396 0.855906 0.076806 0.212006 0.212274 -0.953936 0.832783 0.471556 0.290013
-3.187953 -61.261299 192.391067 420.159771 0.675717 0.641258 -0.363585 -0.034485 -0.465185 -0.884541 0.736354 -0.610238 0.292220
-0.828354 -55.902796 237.988477 404.999538 0.664703 0.693852 -0.277020 0.149924 -0.487126 -0.860367 0.731911 -0.530356 0.427819
-12.806138 -85.913992 2062.668970 -8218.726851 0.331873 0.901481 -0.277834 0.002367 0.293730 0.955886 -0.943321 0.317890 -0.095347
-9.397756 -69.378704 2122.607821 -5720.438877 0.332923 0.902238 -0.274098 -0.171943 0.343892 0.923133 -0.927145 0.260203 -0.269623
-15.948501 -66.440011 1110.282836 -4507.326711 0.254221 0.942383 -0.217454 -0.189075 0.268930 0.944419 -0.948484 0.198976 -0.246549
-6.261131 -60.778416 2415.152683 -4185.468173 0.336321 0.912919 -0.231230 -0.338452 0.346298 0.874945 -0.878828 0.216002 -0.425446
-11.471883 -57.323084 1588.197595 -1271.454482 0.270070 0.947402 -0.171729 -0.337157 0.260118 0.904800 -0.901880 0.186460 -0.389674
-6.192125 -44.467811 81.835651 1132.837465 0.613051 0.690233 -0.384379 -0.094856 -0.418703 -0.903156 0.784328 -0.590141 0.191213
-7.069466 -45.529117 -345.192656 1018.594382 0.596147 0.652032 -0.468469 -0.124103 -0.501640 -0.856128 0.793226 -0.568516 0.218132
-11.338035 -47.698338 -50.189272 -726.346513 0.562058 0.614509 -0.553597 0.034247 0.651460 0.757910 0.826388 -0.444949 0.345113
-13.910675 -47.638475 68.738596 -94.285020 0.567374 0.630197 -0.530037 -0.120639 0.700338 0.703543 0.814575 -0.335229 0.473380
-39.463015 -50.631929 4109.852769 1469.846269 -0.398768 0.898893 -0.181593 0.543912 0.391258 0.742346 -0.738339 -0.197253 0.644939
-41.390404 -52.325910 5507.451348 -156.440205 -0.199413 0.976268 0.084474 0.711568 0.084996 0.697457 -0.673725 -0.199191 0.711630
-29.790423 -48.665064 4717.497467 -1453.456153 -0.055030 0.989586 0.133011 0.733382 -0.050341 0.677950 -0.677586 -0.134856 0.722974
-16.536871 -45.434781 -1516.961510 1722.130304 -0.238931 0.899088 0.366814 -0.140094 0.341886 -0.929240 0.960878 0.273413 -0.044270
-19.004733 -48.475447 -1855.977212 -286.631070 -0.248661 0.893532 0.373855 -0.038481 0.376560 -0.925593 0.967826 0.244545 0.059252
-15.734312 -47.205502 -1850.601184 -1.901841 -0.204773 0.886322 0.415333 -0.084704 0.406686 -0.909633 0.975138 0.221449 0.008203
-19.201524 -47.019787 -467.997591 1863.943346 -0.290283 0.901222 0.321769 -0.082108 0.311551 -0.946676 0.953412 0.301223 0.016440
-13.298001 -44.027910 -942.424329 1650.489070 -0.193511 0.890082 0.412683 -0.177986 0.381805 -0.906943 0.964818 0.248955 -0.084539
-17.692262 -45.246605 -589.164058 2930.057489 -0.282313 0.891860 0.353390 -0.186246 0.310410 -0.932179 0.941069 0.328984 -0.078473
-14.178477 -42.016432 -1060.266239 2823.594424 -0.222135 0.888289 0.401994 -0.247219 0.347508 -0.904500 0.943154 0.300302 -0.142408
-17.359265 -47.021278 -1311.591491 -488.321289 0.506155 0.721935 -0.471823 0.078661 0.506153 0.858849 -0.858848 0.471824 -0.199404
11.060223 -65.331934 4138.189343 2011.842773 -0.058137 0.863832 -0.500415 0.375883 0.483315 0.790644 -0.924841 0.142132 0.352798
5.493949 -74.463935 5355.791104 -12381.576374 -0.012615 0.889266 -0.457217 0.424254 0.418815 0.802871 -0.905455 0.183848 0.382558
-0.089588 -128.229330 -1113.404509 -691.644400 0.068651 0.974545 -0.213420 -0.907326 -0.027952 -0.419498 0.414785 -0.222441 -0.882311
2.555835 -122.575504 -1138.663721 -767.728382 0.090015 0.975468 -0.200894 -0.953217 0.025937 -0.301171 0.288572 -0.218606 -0.932168
0.334506 -128.556679 -1088.753224 2731.770320 0.087041 0.974729 -0.205734 -0.965676 0.031820 -0.257795 0.244734 -0.221111 -0.944042
-3.952410 -112.387931 -3883.585111 -1605.315031 -0.180776 0.973030 0.143290 0.205803 -0.105041 0.972939 -0.961751 -0.205374 0.181264
0.525063 -103.935244 -9009.450796 1710.863318 -0.234209 0.963485 0.129784 0.386836 -0.030115 0.921657 -0.891911 -0.266065 0.365657
11.342440 -97.562863 -14963.303939 7870.012892 -0.262684 0.957364 0.120212 0.426643 0.003500 0.904413 -0.865432 -0.288862 0.409372
-22.312012 -55.925471 40.021652 -1076.116091 0.720728 -0.480816 0.499367 -0.590884 -0.049408 0.805242 0.362501 0.875428 0.319716
-21.029736 -51.110767 1256.652709 -470.844063 0.772046 -0.495232 0.398360 -0.459752 -0.002400 0.888044 0.438832 0.868757 0.229537
-17.625386 -47.641569 2368.645016 -1064.769763 0.781847 -0.527707 0.332026 -0.400315 -0.016628 0.916227 0.477979 0.849264 0.224249
-13.858109 -44.780814 1042.504071 -1822.282854 -0.394629 0.683051 0.614580 -0.128677 0.621190 -0.773023 0.909786 0.384140 0.157247
-16.255959 -48.568922 -740.645434 -1487.836493 0.392402 -0.602308 -0.695159 -0.283136 0.639981 -0.714324 0.875131 0.477127 0.080595
-19.395300 -50.628182 842.966518 -1218.934828 -0.375092 0.613231 0.695165 -0.388322 0.577002 -0.718523 0.841732 0.539460 -0.021703
-6.688302 -133.594629 -6424.329334 24979.841808 0.086587 0.971192 -0.222011 0.976345 -0.038406 0.212781 0.198124 -0.235183 -0.951544
-9.933657 -164.731855 -5319.218716 25084.584398 0.038730 0.974544 -0.220828 0.999246 -0.038396 0.005806 -0.002821 -0.220886 -0.975296
-7.168864 -137.725145 -1172.672208 18100.929944 0.083671 0.978578 -0.188109 0.984195 -0.051586 0.169411 0.156078 -0.199310 -0.967427
-5.474731 -165.554891 -2585.823800 29885.969880 0.003799 0.977924 -0.208926 0.992676 0.021539 0.118872 0.120748 -0.207847 -0.970680
-25.997394 -42.761432 -189.631127 1132.985764 0.374837 0.507171 -0.776064 -0.138304 0.858319 0.494126 0.916716 -0.077884 0.391874
-25.552768 -43.401129 -1580.086897 1230.631780 0.419803 0.511938 -0.749457 -0.139312 0.852303 0.504155 0.896860 -0.107237 0.429118
-24.721006 -42.871315 1319.799272 1194.976397 0.335722 0.546464 -0.767247 -0.127247 0.833364 0.537877 0.933327 -0.082947 0.349315
-25.404964 -45.149842 -1114.253604 771.841544 0.398213 0.478409 -0.782657 -0.046752 0.862700 0.503550 0.916101 -0.163929 0.365905
235.983922 -4743.935586 432171.398128 6010682.703500 0.246020 0.161527 -0.955711 0.066771 0.980850 0.182964 0.966962 -0.108827 0.230523
-29.059405 -1445.028781 121761.745978 48576.403794 0.214074 0.093025 -0.972378 -0.123149 0.990083 0.067607 0.969024 0.105275 0.223407
21.653637 -210.252848 2467.894836 -38513.554968 0.371060 0.923302 -0.099136 0.314265 -0.024401 0.949022 -0.873815 0.383299 0.299215
-44.418188 -300.686078 15901.103496 78914.006035 -0.203631 0.218947 0.954252 -0.101171 0.964750 -0.242945 -0.973806 -0.146014 -0.174302
-29.444641 -225.616874 11013.160538 -12244.288164 -0.217338 0.290826 0.931764 -0.517370 0.775137 -0.362617 -0.827703 -0.560878 -0.018002
-54.476085 -98.332609 18492.309286 443.632816 -0.103575 0.985468 -0.134627 0.330441 0.161760 0.929862 -0.938126 -0.051824 0.342393
-43.022113 -59.378825 2474.836698 -566.023528 -0.396547 0.313092 0.862974 0.917283 0.172654 0.358863 -0.036639 0.933897 -0.355660
-48.614856 -64.101805 3673.811596 -2752.064725 -0.387898 0.397308 0.831674 0.913649 0.046728 0.403809 0.121574 0.916495 -0.381126
-51.492423 -61.043755 3653.252606 -599.173526 -0.548761 0.390613 0.739109 0.835865 0.241774 0.492823 0.013806 0.888238 -0.459177
29.064289 -47.730918 -1448.625076 1587.427811 -0.449180 0.760672 0.468632 -0.646664 -0.638731 0.416952 -0.616493 0.115761 -0.778804
2.779021 -45.919885 -2237.073476 -290.588206 -0.477909 0.785799 0.392585 0.878276 0.419664 0.229159 0.015319 0.454315 -0.890709
5.149605 -44.911486 3992.928672 -90.168578 -0.487798 0.764133 0.422082 0.872957 0.427038 0.235766 -0.000088 0.483466 -0.875363
5.786029 -67.364419 -30.519264 -1107.923381 -0.445790 0.867635 -0.220184 -0.625524 -0.477899 -0.616710 0.640305 0.137193 -0.755769
7.437958 -65.227380 46.469799 -1657.364468 -0.407244 0.888945 -0.209591 -0.517649 -0.413722 -0.748915 0.752457 0.196497 -0.628647
7.084366 -39.431536 -1712.491516 -3216.148272 -0.464488 0.867254 0.179226 -0.118273 0.139819 -0.983088 0.877646 0.477830 -0.037628
14.522907 -42.564321 -705.444370 -9609.968227 -0.511643 0.818646 0.260844 -0.114760 0.235757 -0.965012 0.851500 0.523676 0.026676
10.220599 -55.565018 -273.900325 -15123.458295 -0.491995 0.861653 0.124477 -0.120480 0.074217 -0.989938 0.862221 0.502041 -0.067298
10.933229 -36.285707 -3914.574242 2462.014430 -0.465260 0.831183 0.304415 -0.126375 0.278008 -0.952229 0.876106 0.481505 0.024305
8.125234 -51.579688 -1324.302609 -10517.795687 -0.444699 0.894228 0.050990 -0.102907 0.005542 -0.994676 0.889749 0.447578 -0.089558
2.128591 -41.889397 -1808.833767 9252.474606 -0.449312 0.884477 0.125772 -0.082856 0.098920 -0.991640 0.889524 0.455977 -0.028838
4.800978 -42.619997 -1130.713256 1197.510433 -0.439742 0.896980 0.045319 -0.072140 0.015020 -0.997281 0.895222 0.441816 -0.058103
-11.811036 -85.279135 88.923047 290.668044 -0.489153 0.871712 0.029110 0.551237 0.334842 -0.764211 0.675919 0.357770 0.644309
-11.210781 -86.567397 106.887264 498.959724 -0.535621 0.844071 0.025565 0.538975 0.365009 -0.759128 0.650089 0.392826 0.650439
-12.010071 -82.532304 -25.364072 638.994167 -0.448261 0.893070 0.038570 0.427226 0.251941 -0.868334 0.785200 0.372762 0.494479
-9.933534 -89.297329 42.910797 641.775985 -0.530955 0.847044 0.024559 0.644671 0.422571 -0.637050 0.549988 0.322413 0.770431
-11.409263 -85.698290 -54.690502 876.159545 -0.444441 0.894846 0.041492 0.552248 0.310165 -0.773834 0.705332 0.321010 0.632028
