16436
32863
-45.476464 -70.896416 1351.242086 -10494.055775 0.894377 0.304285 0.327872 0.129290 0.525847 -0.840696 0.428221 -0.794290 -0.430964
-53.835870 -87.305796 1207.893390 -7929.891027 0.895969 0.267943 0.354184 0.089586 0.672069 -0.735050 0.434987 -0.690311 -0.578149
-51.225757 -94.144343 1386.747265 -14391.629066 0.752106 0.036955 0.658005 0.456575 0.690792 -0.560666 0.475264 -0.722109 -0.502676
-48.805308 -78.477415 1703.181323 -8721.507633 0.930769 0.354936 0.087691 -0.125267 0.534928 -0.835560 0.343479 -0.766729 -0.542355
-38.373409 -72.736310 2950.036037 -16917.638531 0.782405 0.200516 0.589607 0.404940 0.555486 -0.726264 0.473146 -0.806988 -0.353418
-35.300055 -55.293854 3301.479512 -10029.087509 0.857199 0.336120 0.390172 0.227359 0.432803 -0.872347 0.462081 -0.836484 -0.294578
-36.507523 -54.504069 1635.634436 -4693.320811 0.884358 0.460415 -0.076999 -0.225068 0.276036 -0.934424 0.408969 -0.843696 -0.347739
-43.619839 -64.116530 907.060259 -6317.306297 0.907838 0.413525 -0.069481 -0.239205 0.374631 -0.895786 0.344400 -0.829849 -0.439021
-68.041644 -77.436247 -391.320343 2072.875285 -0.795430 -0.175657 -0.580031 -0.061638 0.975560 -0.210911 0.602903 -0.132014 -0.786816
-69.759416 -87.110434 -1816.620260 3079.900936 -0.784178 0.140393 -0.604446 0.290700 0.943687 -0.157951 0.548233 -0.299574 -0.780831
-78.943407 -86.547056 7715.369984 3064.884082 -0.877172 -0.001101 -0.480175 0.088504 0.982494 -0.163929 0.471949 -0.186292 -0.861719
-73.735902 -85.164200 2401.136055 -87.587978 -0.806237 -0.417176 -0.419458 -0.361613 0.908675 -0.208678 0.468207 -0.016563 -0.883464
-49.397131 -90.431270 -1372.364669 5189.167827 0.753074 0.592361 0.286334 -0.622714 0.782205 0.019563 -0.212383 -0.193037 0.957930
-39.893138 -87.747179 4899.911746 -2883.298911 0.812328 0.560332 0.161714 0.577284 -0.811956 -0.086440 -0.082870 -0.163572 0.983045
-45.865460 -83.605126 -1356.616153 4445.651466 0.732900 0.640165 0.230318 -0.636363 0.764785 -0.100724 -0.240623 -0.072746 0.967889
-48.560143 -86.143184 -3264.157243 8270.083761 0.694534 0.631615 0.344506 -0.606916 0.771499 -0.190901 -0.386362 -0.076499 0.919169
-54.972635 -72.171730 -26206.662797 -4480.517771 0.213946 -0.088836 -0.972798 -0.314360 0.936619 -0.154669 0.924881 0.338900 0.172459
-52.451836 -79.013303 -14703.619799 -13911.622694 0.389074 -0.390947 -0.834136 -0.322349 0.790458 -0.520832 0.862967 0.471525 0.181525
-6.229813 -64.570951 -41324.471596 -415.722157 0.225183 0.172699 -0.958889 -0.403155 0.912476 0.069664 0.886994 0.370893 0.275099
12.074650 -64.437822 -47410.166221 1354.381232 0.181477 0.259094 -0.948650 -0.324014 0.926556 0.191076 0.928483 0.272700 0.252098
76.681555 -60.085628 -59798.529209 2869.082731 0.194316 0.275058 -0.941586 -0.397564 0.899596 0.180746 0.896763 0.339219 0.284159
59.548787 -58.060942 -54509.125695 1879.265240 0.199303 0.246637 -0.948393 -0.465409 0.875515 0.129880 0.862365 0.415505 0.289279
-10.590682 -194.226236 228.262105 14621.459321 0.614177 -0.473761 -0.631140 0.328542 0.880651 -0.341343 0.717528 0.002289 0.696526
-10.189044 -180.431485 76.128411 29900.275396 0.618970 -0.486890 -0.616291 0.112878 0.831669 -0.543678 0.777261 0.266955 0.569737
-7.213786 -201.817885 -778.206108 21530.967381 0.620047 -0.481970 -0.619070 0.317066 0.875690 -0.364193 0.717643 0.029531 0.695785
-9.918465 -201.168045 -706.395711 -2032.309352 0.616076 -0.479507 -0.624919 0.514080 0.845867 -0.142237 0.596802 -0.233629 0.767623
-16.654916 -67.418016 -2105.438002 -1974.008955 0.858867 0.510860 0.036995 -0.503930 0.829871 0.239517 -0.091659 0.224356 -0.970187
-18.568990 -75.761462 -1335.580835 8851.937497 0.869342 0.492845 0.036711 -0.464596 0.789664 0.400725 -0.168506 0.365423 -0.915463
-20.026697 -69.581952 -145.727032 -3471.277098 0.883654 0.464225 0.060414 -0.464417 0.853052 0.237946 -0.058924 0.238320 -0.969398
-17.568596 -70.106775 -779.678732 -13363.252550 0.862790 0.500868 0.068739 -0.504384 0.862064 0.049421 0.034504 0.077310 -0.996410
-14.070430 -68.585854 -1781.023146 -12624.490952 0.844622 0.533016 0.050064 -0.535178 0.843084 0.052851 0.014038 0.071433 -0.997347
-9.198556 -67.045812 4868.161465 9388.625070 0.756280 0.643691 0.117058 -0.169842 0.365947 -0.915006 0.631818 -0.672120 -0.386084
-4.232353 -67.298175 3389.455403 8953.798158 0.763160 0.632782 0.131045 -0.148339 0.368921 -0.917547 0.628953 -0.680797 -0.375412
-4.734266 -61.161167 2279.106833 1787.821802 0.765419 0.632336 0.119520 -0.052797 0.246803 -0.967626 0.641362 -0.734330 -0.222293
43.369258 -108.200299 4768.121204 20149.319490 0.924657 0.375738 0.061893 0.376818 -0.879368 -0.291069 0.054939 -0.292461 0.954698
34.048544 -109.300890 3510.873070 18872.746980 0.900521 0.434158 0.023850 0.418842 -0.851410 -0.315708 0.116761 -0.294291 0.948557
52.564991 -90.707568 8221.538386 11415.723234 0.926323 0.374842 0.037682 0.354916 -0.834764 -0.420955 0.126336 -0.403314 0.906299
72.254844 -96.161778 15127.351047 13307.005739 0.952547 0.287452 0.100126 0.303588 -0.873297 -0.381034 0.022089 -0.393350 0.919123
68.497665 -79.054984 9919.122316 86.504882 0.945785 0.294831 0.136253 0.323575 -0.819036 -0.473792 0.028093 -0.492194 0.870032
58.441368 -73.473303 6357.497237 5674.169711 0.938680 0.341218 0.049496 0.317166 -0.798233 -0.512084 0.135223 -0.496381 0.857508
-0.555862 -91.966589 -2972.056658 -3018.760408 -0.750538 -0.111420 -0.651367 0.213582 0.891882 -0.398660 0.625361 -0.438330 -0.645594
-0.675366 -95.017224 -1188.849710 4400.774944 -0.751644 -0.164354 -0.638764 0.270254 0.806683 -0.525571 0.601660 -0.567670 -0.561921
-7.378362 -86.100151 57.899828 -2589.640424 -0.765028 -0.099661 -0.636239 0.206695 0.897686 -0.389148 0.609926 -0.429217 -0.666155
-4.837662 -85.721469 -4542.416287 -3742.831807 -0.743679 -0.064107 -0.665457 0.158252 0.950221 -0.268394 0.649537 -0.304909 -0.696514
5.114087 -100.426390 -9087.918232 -1641.744906 -0.717286 -0.058477 -0.694321 0.110553 0.974298 -0.196267 0.687953 -0.217539 -0.692386
-5.703992 -142.736455 1993.624119 -3883.291536 0.677825 0.473461 0.562483 0.397440 0.407678 -0.822095 0.618542 -0.780790 -0.088162
-7.427554 -133.172450 1033.393550 -286.668056 0.688307 0.462299 0.559028 0.366481 0.443449 -0.817951 0.626039 -0.767875 -0.135806
-5.132997 -147.737407 -1462.151180 -8891.432910 -0.673595 -0.449168 -0.586957 0.268419 0.591261 -0.760501 0.688637 -0.669820 -0.277705
-3.579986 -167.095113 -1373.973073 -14316.654573 -0.663648 -0.440416 -0.604653 0.293942 0.589756 -0.752187 0.687873 -0.676921 -0.261934
-3.317778 -174.861451 257.732360 -15236.380897 -0.677705 -0.401355 -0.616141 0.139895 0.752231 -0.643877 0.721904 -0.522554 -0.453643
-4.026259 -159.275382 -2608.229400 -16098.790751 -0.652476 -0.409381 -0.637716 0.149392 0.755525 -0.637859 0.742938 -0.511457 -0.431804
1919.756792 -121.586035 926630.961156 -7126.317103 0.755702 -0.644069 -0.118696 0.167140 0.014432 0.985827 0.633228 0.764831 -0.118556
3246.022883 -121.046061 -1168621.842136 -10200.847348 0.941638 0.303193 -0.146262 0.151230 0.007163 0.988473 -0.300745 0.952902 0.039107
821.467678 -79.966209 -335006.866613 -13632.026178 0.970325 0.017317 -0.241182 0.234136 0.181880 0.955039 -0.060405 0.983168 -0.172429
9191.428389 -683.375412 -4472826.215422 170234.654033 -0.683408 0.713893 -0.152679 -0.059086 -0.262542 -0.963110 0.727642 0.649176 -0.221604
757.261496 -63.580904 -338540.565615 4913.407105 -0.376605 0.925140 -0.047802 -0.197543 -0.130616 -0.971554 0.905066 0.356449 -0.231945
352.509632 -78.545685 -203052.329660 -15406.994806 -0.275557 0.946616 0.167289 -0.196274 0.114955 -0.973787 0.941034 0.301169 -0.154120
1189.690606 -101.116974 -481220.820669 3683.947874 -0.469985 0.880231 0.065630 -0.038661 0.053753 -0.997806 0.881828 0.471491 -0.008767
-5.440235 -40.723728 700.979272 5763.012586 -0.416366 0.906442 0.070720 -0.690416 -0.264608 -0.673282 0.591578 0.329158 -0.735996
2.111813 -30.187967 1494.156052 1242.498363 -0.612695 0.775536 -0.152147 -0.558473 -0.561073 -0.610987 0.559208 0.289379 -0.776882
1.331106 -25.700960 3073.414449 534.911277 -0.648072 0.736775 -0.192782 -0.491383 -0.597923 -0.633270 0.581847 0.315675 -0.749536
-6.028126 -32.217290 -408.712229 4315.219773 -0.458614 0.888128 0.030024 -0.649644 -0.312028 -0.693254 0.606331 0.337441 -0.720067
5.417057 -34.960187 -1457.225544 -5237.118460 0.676107 0.736748 0.009018 0.736744 -0.675846 -0.020996 -0.009374 0.020839 -0.999739
2.300049 -49.153379 -480.309653 8312.188866 0.645418 0.763827 0.001795 -0.761091 0.643301 -0.083095 0.064625 -0.052264 -0.996540
2.669400 -38.033010 497.049395 5750.936199 -0.756046 -0.653785 -0.030967 -0.653780 0.756594 -0.011698 0.031078 0.011401 -0.999452
4.631304 -46.318062 -1111.881179 -7907.052648 0.621070 0.783704 -0.008965 0.783753 -0.621002 0.009395 0.001796 -0.012861 -0.999916
8.271107 -35.565926 -2661.972541 -3011.948012 0.759345 0.650253 0.023778 -0.650671 0.758555 0.034943 -0.004685 0.042005 -0.999106
8.813584 -36.806744 -2414.941289 -3791.603238 0.739846 0.672686 0.011039 -0.672188 0.738413 0.053949 -0.028140 0.047335 -0.998483
2.476821 -44.073789 -1057.442957 -1781.473249 0.732730 0.680493 0.005960 -0.679678 0.731360 0.056133 -0.033840 0.045181 -0.998405
174.726685 -40.085876 129893.704695 -3061.951302 -0.600059 0.759378 0.251545 0.778821 0.626374 -0.033062 0.182668 -0.176069 0.967281
211.312075 -35.340103 139455.877176 -2357.094737 -0.586134 0.761718 0.276101 0.782555 0.620520 -0.050632 0.209893 -0.186387 0.959794
31.475091 -56.259945 -44560.632486 -3577.248694 0.803581 -0.526910 -0.276807 -0.578513 -0.800786 -0.155126 0.139926 -0.284793 0.948322
-19.457694 -239.123227 416.521008 -14314.412126 0.463803 -0.642719 -0.609754 0.167983 0.739571 -0.651779 0.869867 0.199868 0.450981
-20.231965 -243.102551 -693.535030 7019.177589 0.476901 -0.640438 -0.602001 -0.070612 0.654775 -0.752518 0.876116 0.401385 0.267040
-19.870044 -244.873023 -1079.152521 -26253.709412 0.512092 -0.608848 -0.605860 0.149675 0.757827 -0.635055 0.845789 0.234525 0.479206
-21.719021 -262.045374 44.897270 17117.172521 -0.495268 0.625920 0.602440 -0.221018 0.579863 -0.784162 0.840155 0.521521 0.148847
-20.362750 -247.487707 136.650984 5682.625020 0.518414 -0.608727 -0.600581 -0.150637 0.626336 -0.764860 0.841757 0.486984 0.233005
-16.524634 -221.360182 -2732.626185 -14921.085235 0.555540 -0.569189 -0.606135 0.088376 0.765265 -0.637620 0.826780 0.300656 0.475438
-15.190110 -213.533556 137.167923 -39902.239626 0.528392 -0.566943 -0.631963 0.315971 0.822209 -0.473429 0.788013 0.050474 0.613586
85.940970 -49.270284 -21849.017938 268.701287 -0.043036 0.236319 -0.970722 -0.013218 0.971402 0.237071 0.998986 0.023034 -0.038682
87.868396 -42.806573 5516.883059 1151.994849 -0.273184 0.233998 -0.933068 0.055083 0.972177 0.227679 0.960383 0.010803 -0.278473
69.452911 -46.601857 -24700.510288 781.700398 0.007634 0.282275 -0.959303 0.095897 0.954703 0.281685 0.995362 -0.094145 -0.019781
-16.467762 -144.863396 3761.206653 -15596.264278 -0.676595 0.529980 0.511215 0.123343 0.766011 -0.630883 -0.725952 -0.363797 -0.583648
-17.783031 -125.628941 4738.276605 -20914.457215 -0.682186 0.524813 0.509110 -0.034523 0.672391 -0.739391 -0.730363 -0.521978 -0.440578
-11.461631 -146.147091 3852.789115 -12662.252107 -0.678513 0.511005 0.527726 0.080114 0.765587 -0.638325 -0.730207 -0.390833 -0.560399
-19.863075 -153.228120 3028.702206 3210.177806 -0.657486 0.560863 0.503135 0.309548 0.809872 -0.498284 -0.686945 -0.171870 -0.706093
-368.375995 -2124.098752 -597186.588482 13260229.895394 0.818882 -0.050601 -0.571726 -0.472520 -0.624887 -0.621483 0.325817 -0.779074 0.535619
8125.800252 -11703.279658 -21665726.396996 13454192.762794 0.563142 0.820864 0.095149 -0.467485 0.411407 -0.782433 0.681416 -0.396140 -0.615422
-563.638113 -9548.221025 144229.339077 3600266.206191 -0.075864 0.949665 0.303942 -0.571169 0.208467 -0.793919 0.817319 0.233832 -0.526604
-545.501802 -11391.541683 176393.689326 -14925163.189252 -0.433826 0.726765 0.532548 0.642257 -0.165093 0.748499 0.631902 0.666751 -0.395148
34.245627 -47.858472 13990.003222 -8757.965033 -0.701819 -0.347344 -0.621934 0.071277 0.834445 -0.546462 0.708781 -0.427847 -0.560872
16.582191 -44.224864 13699.240278 -7816.060323 -0.729547 -0.347630 -0.588995 0.061869 0.824115 -0.563033 0.681127 -0.447199 -0.579723
35.166261 -30.120444 13628.295461 -4481.320488 -0.699016 -0.372261 -0.610572 0.097929 0.795945 -0.597396 0.708368 -0.477382 -0.519923
-3.860093 -12.994290 2270.847722 2121.929381 0.901154 -0.433495 -0.001834 -0.184334 -0.379361 -0.906701 -0.392355 -0.817415 0.421770
-1.516972 -14.969005 -2398.447760 1375.085831 0.504379 -0.591675 -0.628906 0.765526 -0.030540 0.642680 -0.399465 -0.805598 0.437539
-5.868462 -16.601316 -315.032505 -794.448715 0.462963 -0.564888 -0.683057 0.777085 -0.112032 0.619344 -0.426385 -0.817527 0.387100
-4.615602 -20.346202 -894.287713 -1773.659331 0.410141 -0.572014 -0.710340 0.799041 -0.150112 0.582237 -0.439678 -0.806391 0.395496
-4.668809 -19.247939 1766.469092 -225.438697 0.307490 -0.530112 -0.790210 0.826805 -0.262211 0.497634 -0.471003 -0.806366 0.357672
-2.871251 -16.654116 2288.117361 205.680629 0.185896 -0.483171 -0.855563 0.873529 -0.317407 0.369053 -0.449877 -0.815965 0.363059
-15.460529 -42.641851 -1839.640800 -346.504190 -0.529662 0.407046 -0.744158 0.843185 0.157327 -0.514089 -0.092182 -0.899756 -0.426546
-15.306442 -41.351432 -73.256278 11.644352 -0.535608 0.399972 -0.743738 0.840205 0.164035 -0.516863 -0.084732 -0.901729 -0.423917
-15.914571 -42.970661 -941.732218 637.528376 -0.478773 0.422888 -0.769378 0.862742 0.064276 -0.501543 -0.162644 -0.903900 -0.395617
5.991151 -57.410077 1142.107342 -91.237792 0.909419 0.396666 -0.124953 0.381912 -0.677619 0.628471 -0.164623 0.619264 0.767731
4.564062 -55.700518 -376.421889 -1.616909 0.911959 0.393590 -0.115839 0.370692 -0.669431 0.643777 -0.175838 0.630039 0.756394
5.742002 -60.688188 1928.128912 -1021.861456 0.895445 0.417071 -0.155659 0.433720 -0.738543 0.516178 -0.100322 0.529722 0.842217
6.750412 -209.261608 -1203.498861 -25083.755924 0.844648 0.237349 0.479829 -0.316952 -0.500611 0.805562 -0.431407 0.832499 0.347612
7.025851 -177.979032 132.035763 -21503.590980 0.850282 0.252688 0.461702 -0.319484 -0.449329 0.834286 -0.418270 0.856885 0.301327
12.659850 -167.886179 -1061.332503 -9603.670798 0.850309 0.267901 0.452994 -0.387208 -0.264488 0.883242 -0.356433 0.926431 0.121163
2.958883 -227.210780 -333.387874 -39934.699335 0.839718 0.260338 0.476548 -0.211457 -0.651544 0.728544 -0.500159 0.712541 0.492063
10.194417 -182.782008 905.819398 -15753.417340 0.848902 0.218601 0.481226 -0.433324 -0.233492 0.870466 -0.302647 0.947468 0.103487
0.817700 -241.859602 433.348406 -21729.436369 0.836167 0.260160 0.482848 -0.125506 -0.766230 0.630191 -0.533922 0.587545 0.608044
4.879243 -223.569375 -1.857129 -22159.241547 0.838763 0.228361 0.494295 -0.216566 -0.692994 0.687647 -0.499575 0.683820 0.531803
5.952414 -195.214939 187.194557 -17934.762387 0.839243 0.209693 0.501698 -0.367457 -0.461384 0.807527 -0.400808 0.862064 0.310160
-92.408079 -668.756992 -31086.635062 -253005.080079 -0.278344 -0.075083 0.957542 0.932179 0.219114 0.288153 -0.231446 0.972806 0.009002
-56.114590 -593.574517 -19381.152717 -246255.198297 -0.274407 -0.008912 0.961572 0.936765 0.223374 0.269398 -0.217191 0.974692 -0.052947
-76.571166 -200.709429 -34805.935921 -66319.523767 -0.059873 -0.037724 0.997493 0.915062 0.397202 0.069947 -0.398845 0.916956 0.010738
-76.898416 -338.639155 -25299.952066 -80358.662705 -0.260388 0.040854 0.964639 0.943384 -0.201873 0.263200 0.205488 0.978559 0.014024
-15.690815 -77.255809 -3035.353967 -8739.716144 0.720823 0.688449 0.080321 -0.620003 0.588636 0.518753 -0.309855 0.423728 -0.851143
-12.784031 -77.559426 -3682.038648 3336.969994 0.808592 0.588369 -0.000733 -0.513372 0.706131 0.487676 -0.287451 0.393955 -0.873025
-9.492296 -77.893410 -2480.093253 3720.117557 0.777226 0.628538 0.029313 -0.556851 0.665395 0.497159 -0.292979 0.402728 -0.867164
-17.970858 -72.635045 -5460.857605 -7671.267735 0.792766 0.609499 0.005786 -0.523821 0.676411 0.517765 -0.311663 0.413497 -0.855504
-13.625330 -84.730623 1735.224734 -8902.943084 0.691242 0.710951 0.129357 -0.648898 0.531920 0.544052 -0.317987 0.460011 -0.829020
-10.562816 -67.526911 1743.253593 252.906649 0.728821 0.675066 0.114477 -0.547227 0.473799 0.689968 -0.411535 0.565509 -0.714730
-2.818952 -38.939368 9267.377133 -17668.747517 0.901027 -0.406399 0.151624 0.293202 0.828232 0.477561 0.319660 0.385839 -0.865417
17.265957 -61.597814 -31784.749934 13347.644794 0.979688 -0.020403 0.199488 -0.067828 0.902458 0.425404 0.188709 0.430293 -0.882744
14.381069 -47.877063 -21558.338652 -26716.742837 0.918950 0.131258 0.371890 -0.261517 0.908655 0.325506 0.295195 0.396379 -0.869335
-20.154411 -73.102098 -14246.001263 -29300.233077 0.938551 0.027643 0.344032 -0.192385 0.869470 0.454984 0.286548 0.493213 -0.821360
-53.015384 -79.545128 -3134.122564 2103.363333 -0.835169 0.006396 0.549956 0.059935 0.995036 0.079445 -0.546718 0.099312 -0.831407
-59.849148 -84.524893 875.106363 477.663665 -0.869414 -0.000927 0.494083 0.022846 0.998853 0.042074 -0.493556 0.047868 -0.868396
-55.550942 -83.195551 -2056.930907 -54.759264 -0.840345 -0.119966 0.528610 -0.133686 0.990947 0.012366 -0.525308 -0.060276 -0.848775
-53.637804 -81.029370 1515.247080 128.072378 -0.743438 -0.101606 0.661041 -0.114631 0.993125 0.023729 -0.658908 -0.058135 -0.749974
-48.871616 -92.614244 -7052.616501 -2313.097841 -0.532828 0.677351 0.507238 0.554450 -0.173385 0.813955 0.639280 0.714936 -0.283173
-49.723582 -89.838093 -8825.729596 -4795.635496 -0.601583 0.700287 0.384313 -0.328848 0.221339 -0.918079 0.727982 0.678681 -0.097134
-33.593455 -86.629969 -10174.312447 -2694.076671 -0.532091 0.751970 0.389128 -0.407857 0.175111 -0.896096 0.741978 0.635514 -0.213521
-31.239413 -85.752156 -10259.521132 2180.427243 -0.474255 0.756343 0.450586 -0.565868 0.130204 -0.814150 0.674445 0.641087 -0.366240
-19.382957 -79.274899 -13173.681567 -5950.351310 -0.513695 0.802505 0.303484 -0.311016 0.155486 -0.937600 0.799616 0.576029 -0.169719
-11.311994 -77.534556 -12013.052399 -2693.464406 -0.483689 0.798587 0.358195 -0.455433 0.119837 -0.882168 0.747413 0.589829 -0.305739
-0.892182 -48.458098 409.194639 -24.904832 0.668347 -0.232890 0.706452 0.457376 0.877638 -0.143383 -0.586617 0.418944 0.693085
-2.168871 -50.243027 -1752.605474 756.374348 0.668819 -0.209588 0.713270 0.516869 0.820703 -0.243502 -0.534347 0.531526 0.657231
-2.677562 -49.367211 2665.556002 1489.584967 0.676499 -0.228489 0.700101 0.508104 0.832955 -0.219127 -0.533085 0.503963 0.679589
26.471173 -47.668975 -5694.720635 -1643.498397 0.406614 -0.455674 0.791850 -0.294688 0.754993 0.585786 -0.864768 -0.471537 0.172709
27.824470 -53.579800 641.735224 -831.813899 0.486534 -0.384780 0.784366 -0.209635 0.820146 0.532367 -0.848138 -0.423445 0.318365
27.906590 -50.596771 2006.627185 -675.189455 0.513556 -0.416748 0.750055 -0.297242 0.733603 0.611126 -0.804927 -0.536795 0.252871
25.560905 -48.959395 -5676.330405 -1009.423279 0.366063 -0.420891 0.829969 -0.235653 0.820879 0.520217 -0.900259 -0.386017 0.201309
25.621589 -42.585080 -4766.386752 -1731.336352 0.451796 -0.494047 0.742831 -0.354023 0.665001 0.657603 -0.818870 -0.560082 0.125541
17.426156 -41.093400 -6993.454013 -1527.530578 0.378191 -0.485802 0.788015 -0.350660 0.712627 0.607618 -0.856743 -0.506121 0.099158
18.527890 -44.069765 -7219.688104 -2027.645809 0.345654 -0.444240 0.826544 -0.315294 0.774642 0.548197 -0.883806 -0.450090 0.127692
-7.019276 -75.537063 -733.944212 7161.684239 0.634874 -0.592118 0.496318 -0.522435 0.144260 0.840387 0.569207 0.792834 0.217757
-6.404299 -71.863100 -990.259644 2619.250904 0.638132 -0.574837 0.512201 -0.432844 0.282328 0.856118 0.636737 0.768019 0.068652
-5.632359 -74.250754 -520.473978 2849.162093 0.641801 -0.579991 0.501699 -0.509553 0.166386 0.844199 0.573103 0.797450 0.188749
-4.081560 -66.538945 726.003356 2195.760848 0.637200 -0.578240 0.509524 -0.461943 0.242650 0.853071 0.616915 0.778948 0.112497
-4.566242 -72.402117 447.807046 7998.741156 0.656122 -0.576949 0.486451 -0.529343 0.107573 0.841560 0.537866 0.809665 0.234823
13.017691 -121.584606 4228.859019 -919.055750 0.644732 -0.610845 0.459552 0.641784 0.759146 0.108677 -0.415252 0.224866 0.881477
9.755997 -117.438139 1759.410835 6351.922391 0.632209 -0.610286 0.477350 0.687937 0.725582 0.016534 -0.356447 0.317933 0.878558
11.620773 -123.227091 2080.134472 -5235.499550 0.643085 -0.600236 0.475561 0.569149 0.790106 0.227603 -0.512359 0.124297 0.849729
13.392345 -122.377300 1438.123818 -1470.237518 0.628537 -0.606123 0.487398 0.604501 0.775006 0.184241 -0.489409 0.178830 0.853522
-1.080694 -139.776825 -584.004920 -1808.734054 0.693774 -0.529354 0.488326 -0.623990 -0.103260 0.774580 0.359602 0.842094 0.401950
-1.034343 -141.490525 1290.981453 -5691.340663 0.690079 -0.544545 0.476720 -0.597112 -0.056173 0.800189 0.408960 0.836849 0.363918
-1.598407 -127.870455 -280.706899 -11679.624172 0.695729 -0.518735 0.496866 -0.507779 0.134079 0.850990 0.508057 0.844356 0.170121
-3.552264 -144.474106 186.877895 2584.824522 0.708857 -0.521823 0.474577 -0.671914 -0.294849 0.679408 0.214602 0.800478 0.559626
-2.995347 -140.292411 104.854218 -4102.062387 0.696892 -0.514422 0.499710 -0.622589 -0.088089 0.777575 0.355983 0.853001 0.381662
-2.941651 -142.286803 -1137.942596 3278.283067 0.701348 -0.519258 0.488347 -0.678941 -0.277925 0.679556 0.217142 0.808164 0.547468
26.474301 -53.151101 1084.480913 22.028938 0.626975 -0.350047 0.695967 0.111201 0.924430 0.364779 -0.771062 -0.151315 0.618520
25.296296 -52.920085 3755.008073 -803.339441 0.652270 -0.342525 0.676181 0.177877 0.936334 0.302719 -0.736820 -0.077177 0.671670
23.210424 -54.104431 7114.060390 413.974201 0.673829 -0.347777 0.651924 0.116054 0.921169 0.371456 -0.729716 -0.174640 0.661071
1.645279 -63.500586 -174.982414 -3996.573206 -0.603486 0.491449 -0.627919 -0.039083 0.768307 0.638887 0.796415 0.410101 -0.444455
2.398588 -68.365809 2424.084491 -10586.917526 -0.628815 0.491857 -0.602219 -0.080390 0.729228 0.679532 0.773388 0.475713 -0.419009
-2.794309 -68.164579 -2095.077718 -6849.016094 -0.591462 0.524043 -0.612823 -0.079962 0.718147 0.691283 0.802358 0.457870 -0.382853
-2.311955 -64.247195 167.620577 -2569.346988 -0.609787 0.504243 -0.611473 -0.024594 0.759101 0.650508 0.792184 0.411710 -0.450488
-5.142928 -69.949447 2569.701895 -3614.178260 -0.629709 0.519168 -0.577867 -0.113852 0.674167 0.729751 0.768443 0.525322 -0.365421
-3.255221 -73.081178 -2711.690027 -683.797906 -0.586122 0.584908 -0.560663 0.194389 -0.570259 -0.798134 0.786558 0.576791 -0.220542
-13.765862 -109.135510 -1274.398576 5706.436092 -0.392993 0.853733 -0.341608 -0.007168 0.368642 0.929544 -0.919514 -0.367752 0.138754
-16.788796 -110.744830 -372.325303 6911.369050 -0.365595 0.869852 -0.331208 -0.032721 0.343611 0.938542 -0.930199 -0.353963 0.097160
-15.329791 -120.012913 -1803.461751 5011.977918 -0.394930 0.862975 -0.315126 -0.211599 0.248345 0.945278 -0.894011 -0.439999 -0.084526
-8.404704 -106.292297 -3918.769883 5006.713792 -0.423699 0.842616 -0.332380 -0.127579 0.307774 0.942867 -0.896774 -0.441897 0.022904
-16.104553 -126.723231 -336.493292 3432.029852 -0.368425 0.880857 -0.297245 -0.349250 0.165172 0.922357 -0.861561 -0.443632 -0.246786
-11.020319 -126.186757 -2857.994030 2642.276208 -0.418681 0.868410 -0.265653 -0.430563 0.067737 0.900015 -0.799576 -0.491199 -0.345545
-9.357697 -114.181157 -3712.981012 4249.645367 -0.427760 0.857985 -0.284400 -0.294232 0.165333 0.941325 -0.854663 -0.486340 -0.181724
-2.838109 -135.657431 1805.373445 1373.381532 0.847622 -0.302653 0.435819 0.133526 -0.673268 -0.727242 -0.513525 -0.674619 0.530265
-6.350421 -127.411444 2917.065065 4263.875314 0.846102 -0.276806 0.455511 0.240543 -0.564323 -0.789733 -0.475658 -0.777765 0.410891
-1.742119 -130.125245 1515.714662 7985.696824 0.835310 -0.283143 0.471261 0.311091 -0.463330 -0.829788 -0.453298 -0.839735 0.298941
2.074656 -139.126811 3827.849324 8413.252091 0.850587 -0.261664 0.456108 0.313404 -0.444226 -0.839310 -0.422232 -0.856852 0.295846
-0.037858 -143.480432 1582.842684 4045.671409 0.850464 -0.295956 0.434880 0.172219 -0.624503 -0.761799 -0.497043 -0.722777 0.480148
7.538871 -70.700617 -292.334477 -1824.635778 0.687423 -0.436314 0.580586 0.678793 0.670252 -0.300003 0.258244 -0.600326 -0.756914
7.187607 -71.630651 105.460835 -2386.187141 0.690219 -0.432793 0.579904 0.675946 0.671665 -0.303255 0.258254 -0.601296 -0.756140
6.398270 -73.782009 -465.439046 1101.204550 0.704913 -0.420672 0.571081 0.683095 0.619436 -0.386886 0.190997 -0.662823 -0.724007
6.319439 -72.223780 63.603041 371.234219 0.673778 -0.448417 0.587320 0.646940 0.742040 -0.175629 0.357060 -0.498295 -0.790070
4.980215 -72.558395 -14.577985 672.674316 -0.693058 0.423509 -0.583361 0.693944 0.611097 -0.380791 0.195221 -0.668731 -0.717417
-3.848347 -164.775598 5168.487195 1566.321126 -0.460743 0.751364 -0.472407 0.380943 -0.313330 -0.869889 0.801622 0.580755 0.141862
-4.353252 -179.681264 -667.326276 -1871.760619 -0.441371 0.800570 -0.405313 0.217669 -0.342678 -0.913888 0.870524 0.491588 0.023011
0.783399 -174.924805 1332.709677 -4921.549352 -0.432123 0.772601 -0.465142 0.488992 -0.232639 -0.840694 0.757731 0.590734 0.277267
11.291706 -40.877303 -6840.328477 2090.059244 -0.464861 0.711503 -0.526943 0.400619 0.699778 0.591452 -0.789562 -0.063840 0.610341
12.228921 -39.212661 2379.268132 2422.642487 0.443149 -0.688537 0.574052 0.366608 0.723563 0.584856 -0.818057 -0.048726 0.573069
16.078255 -35.406279 4255.780593 1739.875857 0.485389 -0.622861 0.613549 0.379915 0.782305 0.493622 -0.787441 -0.006502 0.616356
9.536844 -40.076410 7677.674026 1415.005637 0.501721 -0.663525 0.554987 0.415898 0.747592 0.517817 -0.758489 -0.028982 0.651041
19.866472 -37.043278 7799.604895 -96.082386 0.528073 -0.582141 0.618264 0.404943 0.812571 0.419225 -0.746431 0.028981 0.664831
0.918630 -393.267782 3435.259229 33165.071704 0.587225 -0.664656 0.461951 0.740654 0.211023 -0.637888 0.326494 0.716730 0.616198
0.188083 -371.416091 2277.166826 -72256.848041 0.600609 -0.648710 0.467381 -0.528848 0.116097 0.840738 0.599657 0.752129 0.273340
-0.379800 -409.512328 -4083.987544 87155.978224 0.612261 -0.613518 0.498732 0.646453 0.025260 -0.762536 0.455231 0.789277 0.412076
-0.437069 -408.737997 -4521.326254 8682.036701 0.609373 -0.604352 0.513248 0.782761 0.355444 -0.510827 0.126289 0.713035 0.689661
-7.863490 -158.518108 -12066.960516 -4475.348571 -0.409551 0.776982 -0.478086 0.792549 0.043489 -0.608256 -0.451813 -0.628019 -0.633607
-52.434299 -123.070903 -10306.842851 11013.626802 -0.579946 0.747076 -0.324871 0.696711 0.248164 -0.673059 -0.422205 -0.616679 -0.664417
-20.305018 -180.874720 -20232.560457 -45018.800050 -0.233980 0.780969 -0.579086 0.915699 -0.023141 -0.401198 -0.326725 -0.624140 -0.709718
-12.429785 -128.313270 -7447.548242 7714.087650 -0.538590 0.764527 -0.354146 0.623832 0.079307 -0.777524 -0.566352 -0.639694 -0.519650
0.653008 -250.085891 -15414.201269 -64203.547826 -0.224453 0.782084 -0.581348 0.922721 -0.021280 -0.384881 -0.313380 -0.622810 -0.716869
-2.569900 -44.766073 -210.223819 4236.671704 0.581636 -0.330236 0.743400 0.812550 0.278824 -0.511879 -0.038237 0.901777 0.430508
-0.188644 -45.147356 1425.834147 3832.528347 0.585509 -0.333240 0.739007 0.809818 0.282129 -0.514392 -0.037079 0.899641 0.435052
-0.921045 -35.649467 2404.663747 5007.625278 0.565100 -0.345535 0.749178 0.823781 0.186521 -0.535345 0.045244 0.919682 0.390048
-3.253486 -51.507167 1141.286716 2133.811497 0.568346 -0.348710 0.745241 0.814340 0.367870 -0.448912 -0.117611 0.862017 0.493046
-3.152432 -36.799024 148.791165 5428.656404 0.550208 -0.333794 0.765410 0.834716 0.194815 -0.515069 0.022813 0.922295 0.385812
-2.610517 -50.512891 -1885.260998 2371.019076 0.588832 -0.317107 0.743451 0.798641 0.369724 -0.474844 -0.124295 0.873354 0.470960
-1.672475 -72.957077 -1082.693359 4117.021538 -0.366915 0.911209 0.187274 -0.301043 -0.306789 0.902914 -0.880197 -0.274916 -0.386878
-3.534242 -69.272942 -2080.849156 4685.420334 -0.412466 0.841727 0.348379 -0.236225 -0.468171 0.851477 -0.879812 -0.268909 -0.391942
-13.400435 -63.352519 657.744475 2144.024488 -0.360790 0.914067 0.185237 -0.203548 -0.270999 0.940812 -0.910164 -0.301731 -0.283830
-25.800475 -62.088659 -3385.519772 -3492.501216 -0.264823 -0.343499 -0.901042 0.933514 -0.325533 -0.150266 -0.241703 -0.880929 0.406870
-20.014206 -59.636600 3175.260549 -2788.195411 -0.320794 -0.298955 -0.898731 0.882238 -0.439544 -0.168696 -0.344599 -0.847011 0.404752
-23.497918 -56.655366 -3043.531362 -2130.062102 -0.391229 -0.268037 -0.880395 0.845365 -0.482765 -0.228684 -0.363728 -0.833723 0.415461
-29.584966 -58.814689 -7413.904147 -5194.472873 -0.392316 -0.272226 -0.878625 0.860914 -0.445032 -0.246523 -0.323906 -0.853135 0.408956
-8.527857 -70.507066 -3167.206260 -976.825899 -0.605723 0.430579 -0.669105 0.788036 0.440888 -0.429670 0.109994 -0.787540 -0.606368
-12.842617 -68.775336 -6551.249166 -2533.184212 -0.578737 0.427014 -0.694783 0.815068 0.331047 -0.475470 0.026974 -0.841467 -0.539635
-10.810543 -72.187872 -3439.633656 1359.845741 -0.577260 0.458494 -0.675688 0.802519 0.471351 -0.365775 0.150780 -0.753400 -0.640043
-9.808744 -67.221646 251.729498 -2915.970466 -0.609958 0.451507 -0.651224 0.788242 0.261285 -0.557139 -0.081397 -0.853154 -0.515270
-5.717483 -69.747028 1239.671560 -544.951288 -0.624483 0.436093 -0.647954 0.776628 0.434754 -0.455893 0.082888 -0.787916 -0.610179
1.404416 -9.663059 -1437.806761 157.074747 0.135053 -0.198260 0.970800 -0.668287 0.705149 0.236977 -0.731542 -0.680778 -0.037262
-0.572985 -10.188138 -623.939795 701.876482 0.055380 -0.105809 0.992843 -0.690394 0.714293 0.114633 -0.721310 -0.691802 -0.033493
-0.261397 -10.770041 -1078.227271 709.042243 0.045775 -0.099118 0.994022 -0.689283 0.717098 0.103246 -0.723045 -0.689889 -0.035495
-82.435167 -433.656460 -9091.684312 -150884.357025 -0.553629 -0.531833 0.640819 0.217120 0.650712 0.727622 -0.803961 0.541967 -0.244781
0.218670 -172.563552 20762.703001 -52948.159926 0.550885 0.808408 -0.207368 -0.188100 0.362343 0.912867 -0.813108 0.463879 -0.351670
-25.867110 -826.512195 6908.408985 -359967.418777 0.533569 0.793222 -0.293433 -0.125567 0.417399 0.900006 -0.836383 0.443370 -0.322314
9.921457 -477.208326 -3484.213465 -26221.650924 0.090747 0.944065 0.317027 -0.570229 0.310246 -0.760648 0.816458 0.111752 -0.566487
-11.039751 -479.446289 -10768.324371 -81239.218774 0.150118 0.949413 0.275825 -0.379793 0.312958 -0.870525 0.912810 -0.025925 -0.407561
8.534316 -439.336338 -8859.641047 -139838.273398 0.120005 0.954232 0.273936 -0.122285 0.288036 -0.949780 0.985213 -0.080480 -0.151253
17.755919 -352.727665 3856.080648 -32.066444 0.035173 0.923215 0.382672 -0.673348 0.304841 -0.673554 0.738489 0.233980 -0.632366
16.724354 -528.385115 4022.403946 82555.391059 0.088436 0.922220 0.376417 -0.873326 0.253528 -0.415963 0.479041 0.291949 -0.827819
17.457945 -309.031105 3855.742453 -46166.857756 0.010669 0.939455 0.342505 -0.321951 0.327512 -0.888304 0.946696 0.100792 -0.305953
18.008946 -463.619944 619.072706 -144642.367123 0.060004 0.940149 0.335438 -0.054346 0.338622 -0.939352 0.996718 -0.038135 -0.071412
-14.028785 -47.517455 -2650.338915 -9209.013732 0.785906 -0.300654 0.540332 -0.606225 -0.546805 0.577491 -0.121831 0.781416 0.612002
-13.381890 -44.709639 -1701.030848 -3885.276030 0.770165 -0.295576 0.565227 -0.624173 -0.531731 0.572425 -0.131354 0.793661 0.594011
-16.305792 -48.795561 -3390.685919 -4699.287472 0.745684 -0.306388 0.591677 -0.636320 -0.590835 0.495995 -0.197616 0.746351 0.635537
-64.567209 -98.158045 -1113.309479 -4098.894713 0.802271 0.043194 0.595396 0.319279 0.811690 -0.489101 0.504403 -0.582489 -0.637404
-56.790675 -93.443492 2416.232886 -1826.538722 0.881299 0.222768 0.416757 0.080259 0.798543 -0.596563 0.465694 -0.559199 -0.685876
-50.459481 -92.375255 3112.063158 -2814.188926 0.917528 0.292629 0.269278 -0.040686 0.742661 -0.668430 0.395584 -0.602348 -0.693318
-53.408996 -89.115011 1690.186885 -5368.727692 0.940611 0.300285 0.158363 -0.096657 0.684057 -0.722996 0.325434 -0.664752 -0.672456
-70.305659 -97.802440 -342.530098 963.466731 -0.835123 0.011049 -0.549952 0.255704 0.893003 -0.370354 0.487017 -0.449916 -0.748592
-72.131913 -90.867965 4375.856701 3132.973080 -0.908067 -0.099444 -0.406847 0.048456 0.939935 -0.337897 0.416011 -0.326547 -0.848706
-5.263382 -89.863142 24324.187154 -2212.435509 0.881525 0.471634 0.021816 0.470129 -0.872578 -0.132609 0.043507 -0.127155 0.990928
-29.173077 -86.216635 12830.530645 2002.321955 0.877779 0.471445 0.085108 -0.470944 0.881745 -0.027143 -0.087840 -0.016256 0.996002
-5.707604 -117.365627 169.365515 14753.294444 0.610711 -0.486992 -0.624396 -0.182436 0.680780 -0.709405 0.770551 0.547154 0.326915
-9.050440 -147.166839 1531.784543 25441.204872 0.606626 -0.473652 -0.638481 -0.038308 0.784785 -0.618583 0.794064 0.399707 0.457927
-7.847164 -155.208062 -1060.933894 23297.776325 0.612872 -0.456408 -0.645042 -0.017485 0.808289 -0.588527 0.789989 0.371970 0.487397
-7.051171 -137.085862 -1136.934803 18813.695040 0.609886 -0.453060 -0.650212 -0.098058 0.771020 -0.629216 0.786399 0.447509 0.425808
-7.590464 -164.934909 24.626459 21106.706161 0.590634 -0.448872 -0.670571 0.083586 0.860567 -0.502431 0.802598 0.240703 0.545800
-17.721061 -78.328042 -1930.658599 2145.756485 0.860136 0.509614 0.021419 -0.457177 0.751650 0.475406 -0.226174 0.418707 -0.879506
-19.796028 -75.695389 869.677407 8973.189660 0.875259 0.478741 0.068766 -0.460469 0.781340 0.421279 -0.147954 0.400393 -0.904320
-19.283806 -71.147361 -2425.497731 -8371.038991 0.854959 0.518654 0.006581 -0.443764 0.724823 0.526978 -0.268549 0.453465 -0.849854
-20.779854 -73.003746 1204.736150 -7219.209210 0.895747 0.441736 0.050063 -0.399881 0.751387 0.524893 -0.194247 0.490191 -0.849695
-19.845335 -78.436818 453.191645 4149.736607 0.891804 0.448762 0.057424 -0.417604 0.767687 0.486070 -0.174046 0.457460 -0.872031
-0.444486 -69.219104 1018.816394 -1837.708400 0.772081 0.623921 0.120888 -0.171794 0.388033 -0.905493 0.611864 -0.678346 -0.406779
-0.341570 -64.620581 2577.930141 5568.557469 0.752751 0.642685 0.142552 -0.118745 0.345552 -0.930856 0.647507 -0.683776 -0.336431
25.230026 -123.006274 2087.360219 7351.787316 0.896310 0.441804 0.037909 0.442966 -0.895998 -0.031129 -0.020214 -0.044694 0.998796
26.966587 -113.411001 7447.635780 15730.786620 0.863968 0.500190 -0.058045 0.467876 -0.840027 -0.274675 0.186149 -0.210153 0.959784
3.822491 -98.897837 -972.581494 673.929709 0.773033 0.144255 0.617747 0.330122 0.740074 -0.585927 0.541701 -0.656873 -0.524479
1.647385 -106.897366 -534.865344 10512.379249 0.750242 0.130182 0.648221 0.446403 0.623476 -0.641874 0.487710 -0.770928 -0.409644
3.011769 -101.188244 1438.662134 7823.059768 0.748608 0.150585 0.645686 0.360843 0.724465 -0.587319 0.556218 -0.672663 -0.488003
-21.307066 -115.909567 5958.529946 -326.075903 -0.664636 -0.144316 -0.733098 0.705072 -0.445830 -0.551461 -0.247252 -0.883407 0.398068
-18.353853 -119.201913 5184.388510 -382.277188 -0.658342 -0.140091 -0.739567 0.723479 -0.388954 -0.570344 -0.207758 -0.910543 0.357418
-19.412511 -118.017724 2952.005784 1852.243437 -0.679263 -0.164655 -0.715186 0.729893 -0.253193 -0.634940 -0.076534 -0.953301 0.292165
-21.483857 -117.892337 145.374200 2940.758284 -0.691879 -0.203286 -0.692805 0.719559 -0.273195 -0.638435 -0.059486 -0.940234 0.335294
1174.838964 -100.299704 -478014.870941 -6316.876040 0.726822 0.676025 -0.121327 0.099724 0.070905 0.992486 -0.679548 0.733459 0.015881
5159.906348 -486.037196 -2488205.570320 84266.423962 0.785099 0.600594 0.151347 -0.005801 -0.237215 0.971440 -0.619343 0.763555 0.182753
728.905622 -99.917768 -312652.479795 22699.324097 0.729683 0.680389 0.068074 0.000307 -0.099880 0.994999 -0.683786 0.726013 0.073090
-0.419741 -70.571029 -648.802823 1898.936984 0.922721 0.356112 0.147546 -0.242759 0.239526 0.940051 -0.299423 0.903223 -0.307465
-0.202668 -67.922914 -1486.949905 4689.764764 0.928699 0.356662 0.101538 -0.136914 0.075313 0.987716 -0.344634 0.931193 -0.118775
-1.417951 -74.148844 -1519.817916 1547.002945 0.922274 0.360015 0.140711 -0.233447 0.228643 0.945106 -0.308080 0.904495 -0.294916
-2.319549 -73.270959 -1005.796893 5562.925055 0.931709 0.343094 0.119187 -0.163326 0.102666 0.981216 -0.324413 0.933673 -0.151691
-1.069725 -79.326039 -723.484939 258.317141 0.916109 0.360750 0.174939 -0.305740 0.346333 0.886891 -0.259359 0.865975 -0.427575
-3.098408 -82.028203 -938.193593 -456.444214 0.922285 0.348013 0.168158 -0.277455 0.293222 0.914899 -0.269090 0.890454 -0.366992
-2.043997 -82.523372 -1157.326718 -1348.617806 0.917328 0.360239 0.169521 -0.302802 0.354824 0.884540 -0.258495 0.862744 -0.434572
-0.560632 -35.982434 4678.907597 2192.458287 -0.590617 0.802201 -0.087435 -0.617038 -0.518785 -0.591715 0.520035 0.295526 -0.801392
-4.013784 -53.177938 -2558.732795 9324.773495 -0.708985 -0.703165 -0.053856 -0.697277 0.710380 -0.095732 0.105573 -0.030320 -0.993949
4.335100 -50.822783 614.862258 2363.230159 0.629243 0.777044 0.015986 -0.761440 0.620468 -0.187693 0.155764 -0.105932 -0.982098
-3.748097 -65.470583 77.383436 10520.621948 0.626287 0.779551 -0.008040 -0.772445 0.619118 -0.141496 0.105326 -0.094828 -0.989906
236.609022 -6.004223 -64811.852582 -5095.434266 0.362819 -0.750625 -0.552200 0.843414 0.516497 -0.147933 0.396252 -0.412060 0.820482
517.882219 -20.076787 261331.355452 -5735.477617 -0.367963 0.818712 0.440810 0.842602 0.494072 -0.214279 0.393224 -0.292580 0.871649
881.536047 53.814898 293970.884028 -12923.379029 0.049664 0.773930 0.631321 0.778941 0.365618 -0.509484 0.625127 -0.517065 0.584688
566.694009 -48.533926 216451.852022 416.963105 -0.173805 0.742749 0.646619 0.777778 0.506277 -0.372484 0.604031 -0.438187 0.665687
176.803177 -14.226823 38807.867067 6658.744201 0.178214 -0.358378 -0.916409 0.764351 0.636930 -0.100439 0.619683 -0.682558 0.387437
442.114668 25.654911 -11442.088939 -1756.106586 -0.235057 -0.389032 -0.890732 0.722902 0.542618 -0.427759 0.649739 -0.744459 0.153686
304.356648 17.179892 -41995.408178 121.285748 -0.174146 -0.533169 -0.827891 0.719260 0.505350 -0.476745 0.672561 -0.678493 0.295482
12.212384 -110.310863 -795.225332 -17285.437894 -0.455739 0.650990 0.607053 0.888989 0.298619 0.347167 0.044725 0.697881 -0.714816
1.132164 -145.544163 -819.746354 -28347.215683 -0.538309 0.638040 0.550571 0.813048 0.221281 0.538504 0.221757 0.737522 -0.637875
3.979276 -141.350714 479.133680 -29982.389330 -0.477394 0.644931 0.596791 0.855415 0.185828 0.483459 0.200898 0.741304 -0.640397
8.682056 -117.349292 1299.242982 -25794.156052 -0.396311 0.646357 0.652043 0.909288 0.178072 0.376145 0.127013 0.741966 -0.658297
-1.350042 -156.678499 -2178.035784 -28439.504662 -0.416295 0.661085 0.624231 0.840559 0.018077 0.541418 0.346639 0.750093 -0.563207
101.688953 -45.312694 13042.977695 517.290336 -0.320061 0.171366 -0.931770 -0.066283 0.977045 0.202460 0.945075 0.126560 -0.301355
-27.550979 -115.091767 3039.574977 -19572.114440 -0.706613 0.462748 0.535315 -0.162771 0.629935 -0.759399 -0.688624 -0.623735 -0.369799
-18.464492 -112.404618 4643.913484 9679.229619 -0.694123 0.577887 0.429231 0.069080 -0.540047 0.838795 -0.716534 -0.611878 -0.334939
-10.204315 -144.706511 4127.139959 -10319.135325 -0.679573 0.564574 0.468441 -0.040992 0.608323 -0.792630 -0.732462 -0.557852 -0.390257
10.895397 -31.189725 13290.128353 -5716.972223 -0.730277 -0.373262 -0.572163 0.084023 0.782101 -0.617461 0.677964 -0.498992 -0.539788
-10.205322 -39.235555 9360.087322 -6639.386245 -0.715258 -0.446203 -0.537874 0.009814 0.763156 -0.646140 0.698791 -0.467435 -0.541475
-2.692914 -52.966603 9851.293352 -8261.415398 -0.717759 -0.411313 -0.561821 -0.020952 0.819270 -0.573025 0.695976 -0.399523 -0.596656
-1.270557 -20.819436 -2101.329204 -85.096969 0.265243 -0.555715 -0.787926 0.867487 -0.219148 0.446588 -0.420848 -0.801970 0.423948
-15.224783 -41.645779 701.361574 841.839698 -0.483580 0.404436 -0.776261 0.862988 0.072072 -0.500057 -0.146294 -0.911722 -0.383876
