19623
39235
-47.806513 -77.313929 -1176.909136 8964.696294 -0.377513 0.892066 -0.248400 0.574930 0.015514 -0.818056 0.725906 0.451639 0.518732
-53.057625 -87.948336 -1030.776677 8312.732258 -0.431273 0.875803 -0.216732 0.626691 0.117983 -0.770285 0.649047 0.468027 0.599740
-63.913889 -100.575372 1154.074161 10684.007075 -0.582477 0.808411 0.084805 0.491007 0.433075 -0.755882 0.647791 0.398644 0.649192
-45.597922 -75.579349 251.850416 7112.547967 -0.334483 0.836361 -0.434306 0.665110 -0.116987 -0.737525 0.667645 0.535551 0.517142
-51.767008 -85.472631 -1515.513205 16414.176640 -0.531575 0.836573 0.132569 0.371703 0.371040 -0.850980 0.761095 0.403083 0.508192
-40.215718 -63.269605 -1664.308533 11436.285123 -0.318132 0.893559 -0.316772 0.514022 -0.118181 -0.849597 0.796601 0.433111 0.421712
-39.279707 -65.550215 1502.395032 5716.616368 -0.222299 0.800239 -0.556957 0.636764 -0.313425 -0.704483 0.738319 0.511256 0.439889
50.481913 -69.620562 2774.898135 14124.198798 -0.317520 0.948172 -0.012330 -0.563700 -0.199194 -0.801601 0.762511 0.247573 -0.597733
44.922734 -69.334242 2598.307272 7027.571563 -0.249227 0.960798 0.121463 -0.481963 -0.014267 -0.876075 0.839998 0.276883 -0.466625
43.206507 -88.552157 837.713869 18159.388920 -0.306496 0.943120 0.128783 -0.557080 -0.068022 -0.827668 0.771830 0.325419 -0.546242
55.011359 -80.010793 3592.992417 9247.938671 -0.358177 0.932060 0.054533 -0.614187 -0.191227 -0.765641 0.703195 0.307728 -0.640952
60.273557 -69.484633 4419.957414 2899.082533 -0.352009 0.933785 -0.064314 -0.590735 -0.274936 -0.758579 0.726032 0.229034 -0.648399
-153.927563 -2180.756987 17337.877791 1873685.869096 -0.330131 0.918723 0.216708 -0.874349 -0.211113 -0.436973 0.355707 0.333737 -0.872979
1.364570 -6703.809113 -36784.942359 5087139.352585 -0.214474 0.976691 0.008632 -0.879666 -0.189312 -0.436289 0.424485 0.101166 -0.899765
-19.884890 -101.490478 30882.396163 -36116.282157 -0.604163 0.541071 -0.585004 0.170365 0.804866 0.568477 0.778436 0.243789 -0.578450
-46.366630 -102.089492 -14973.591147 9434.828104 0.854900 0.518792 0.000591 0.452259 -0.744703 -0.490794 0.254179 -0.419847 0.871276
-62.935198 -115.818810 -8640.691023 -3138.428651 0.883928 0.439478 -0.159782 -0.352702 0.850923 0.389271 0.307038 -0.287732 0.907159
-46.756789 -109.870024 -12202.474426 568.298971 0.903974 0.424398 -0.052135 0.386791 -0.863598 -0.323405 0.182276 -0.272184 0.944824
-56.431009 -100.400362 -12046.216733 13099.107985 0.815600 0.575972 -0.055257 0.438378 -0.677430 -0.590688 0.377653 -0.457542 0.805005
-27.555199 -94.084368 -16166.894456 9307.557925 0.852313 0.517138 0.078302 0.490689 -0.738768 -0.462002 0.181072 -0.432192 0.883416
-25.409681 -81.270971 -22833.226149 11825.141158 0.713598 0.670100 0.204313 0.635832 -0.497078 -0.590450 0.294101 -0.551253 0.780785
22.846587 -60.979298 12305.073238 525.270594 -0.580797 0.740308 0.338555 -0.339895 0.157366 -0.927204 0.739693 0.653590 -0.160230
35.881004 -61.747375 9818.097801 878.463735 -0.544918 0.773717 0.323152 -0.356918 0.134703 -0.924373 0.758732 0.619046 -0.202751
35.139316 -61.086205 9269.745454 1339.128286 -0.542447 0.777933 0.317132 -0.281575 0.187301 -0.941081 0.791497 0.599783 -0.117446
22.926725 -60.397865 10690.468779 35.218912 -0.574835 0.750293 0.326535 -0.244921 0.222997 -0.943550 0.780755 0.622360 -0.055576
28.684790 -61.200536 -13022.721736 18743.469019 -0.553461 0.528050 -0.644084 0.820550 0.213159 -0.530340 -0.142754 -0.822026 -0.551266
1.694314 -52.539734 -16520.129494 3904.083149 -0.631155 0.452208 -0.630199 0.765274 0.230550 -0.601001 -0.126486 -0.861600 -0.491575
19.976274 -47.065116 -17521.530428 3616.018827 -0.554239 0.488411 -0.673999 0.823601 0.204648 -0.528962 -0.120418 -0.848277 -0.515680
-25.655500 -57.796950 -2599.225068 -1655.919804 -0.083471 0.994987 -0.055071 0.910674 0.053726 -0.409618 0.404606 0.084343 0.910593
-23.836681 -59.499004 -1855.363378 1221.244575 -0.044149 0.995638 -0.082189 0.862506 -0.003527 -0.506034 0.504116 0.093229 0.858589
-25.660550 -57.707987 238.140102 -138.420491 -0.052454 0.990041 -0.130646 0.889509 -0.013143 -0.456729 0.453898 0.140168 0.879960
-25.629082 -53.933863 1577.493641 -3082.826163 -0.128002 0.985695 -0.109642 0.922813 0.077868 -0.377297 0.363362 0.149473 0.919579
-15.844827 -53.247508 6938.998832 -1486.151029 -0.121763 0.978860 -0.164335 0.898536 0.038369 -0.437219 0.421671 0.200898 0.884213
6.897096 -68.604518 -133.310586 900.684258 -0.125540 0.932073 -0.339823 -0.516818 -0.353827 -0.779555 0.846840 -0.077761 -0.526132
5.596765 -73.102633 251.560638 1017.665148 -0.133789 0.925343 -0.354741 -0.597593 -0.360886 -0.715992 0.790559 -0.116199 -0.601261
7.790535 -67.989173 1089.685514 305.004148 -0.121402 0.931964 -0.341622 -0.533754 -0.351466 -0.769141 0.836880 -0.088967 -0.540108
7.484432 -64.063614 1406.526496 -5454.106387 -0.124208 0.937021 -0.326443 -0.395465 -0.348480 -0.849805 0.910044 -0.023544 -0.413843
17.482716 -105.851061 -718.977017 -2529.206435 -0.234496 0.870735 -0.432241 -0.814282 0.066936 0.576597 -0.530996 -0.487176 -0.693328
14.791621 -98.900146 -4314.449955 6624.198425 -0.235374 0.843754 -0.482367 0.884327 -0.019969 -0.466442 -0.403194 -0.536359 -0.741454
17.703968 -98.209490 761.100454 9311.951395 -0.203222 0.877549 -0.434291 0.915694 0.013279 -0.401658 -0.346707 -0.479304 -0.806264
18.443543 -109.344960 4831.104828 -3272.986247 -0.207262 0.896215 -0.392227 -0.831619 0.049746 0.553114 -0.515221 -0.440823 -0.734998
15.931451 -111.808453 2500.652257 3798.220248 -0.232575 0.890731 -0.390521 -0.708675 0.119795 0.695290 -0.666099 -0.438460 -0.603378
-3.135395 -103.520616 3046.156571 -4392.209676 -0.015404 0.914069 0.405266 -0.590711 -0.335340 0.733899 -0.806737 0.228090 -0.545116
4.643509 -103.314662 6584.587925 -4139.671959 -0.018023 0.895152 0.445396 -0.570335 -0.375089 0.730771 -0.821214 0.240854 -0.517297
-4.582771 -100.509505 3019.133008 -914.928452 -0.006320 0.912953 0.408017 -0.693360 -0.298015 0.656079 -0.720564 0.278756 -0.634888
0.578185 -108.564308 3319.306337 -5791.470886 -0.023100 0.910594 0.412657 -0.457528 -0.376633 0.805491 -0.888895 0.170195 -0.425322
-10.023240 -105.535112 2499.634439 -2254.931953 -0.009167 0.925317 0.379085 -0.680335 -0.283605 0.675805 -0.732844 0.251709 -0.632125
-9.128793 -111.473132 1589.657591 -4651.866309 -0.024550 0.926350 0.375862 -0.537279 -0.329287 0.776468 -0.843047 0.182880 -0.505792
1.079759 -227.077078 557.338953 17129.808126 0.077606 0.986780 0.142276 0.379703 0.102698 -0.919390 0.921847 -0.125373 0.366714
-0.340810 -201.460216 -1491.402138 25088.669530 0.103382 0.986861 0.124164 0.101901 0.113667 -0.988279 0.989408 -0.114823 0.088811
0.938987 -219.033403 -23.326434 15661.478605 0.079994 0.983143 0.164408 0.350187 0.126705 -0.928071 0.933258 -0.131813 0.334148
0.232851 -210.563356 2540.668735 32865.478826 0.083970 0.991312 0.101238 0.040979 0.098076 -0.994335 0.995625 -0.087643 0.032388
2.802282 -228.316427 -723.292145 -1964.307614 0.061314 0.979722 0.190749 0.652668 0.105235 -0.750300 0.755159 -0.170500 0.632981
4.713120 -230.642051 452.101950 -8309.898509 0.063987 0.984897 0.160885 0.651846 0.080824 -0.754032 0.755647 -0.153120 0.636829
4.709694 -225.155213 -324.591160 -2455.461076 0.080483 0.988287 0.129661 0.486728 0.074552 -0.870366 0.869838 -0.133160 0.475027
2.267647 -216.011536 919.143414 28263.505901 0.080936 0.990427 0.111820 0.189314 0.094870 -0.977323 0.978575 -0.100270 0.179824
-11.941809 -105.733713 46.381854 12515.774817 -0.063788 0.957487 0.281336 0.088260 0.286218 -0.954091 0.994053 0.036029 0.102765
-13.167652 -95.495581 -1148.178978 2805.646976 -0.057909 0.954287 0.293229 -0.025210 0.292230 -0.956016 0.998003 0.062754 -0.007135
-11.410737 -101.713217 1805.790945 8955.046910 -0.096833 0.950557 0.295067 0.022149 0.298445 -0.954170 0.995054 0.085860 0.049953
-13.694466 -44.546222 -2088.270189 -10250.671796 -0.388434 0.911558 -0.134838 0.921449 0.383115 -0.064452 -0.007094 -0.149282 -0.988769
-11.016074 -31.243423 -2598.984315 -6122.962267 -0.252585 0.957033 -0.142437 0.965975 0.240960 -0.093967 -0.055608 -0.161325 -0.985333
-17.110602 -40.866933 -4416.216261 -9348.988344 -0.395236 0.909972 -0.125461 0.917903 0.386003 -0.091952 -0.035246 -0.151504 -0.987828
-17.868036 -55.229277 -2196.703730 -9141.922753 -0.469395 0.875982 -0.111015 0.881855 0.471440 -0.008694 0.044721 -0.101981 -0.993781
-7.282398 -59.836746 -1643.755603 -4456.188977 -0.195749 0.901332 -0.386371 0.464260 -0.261868 -0.846101 0.863796 0.345000 0.367192
-10.455033 -62.779293 -442.440092 5230.244430 -0.256048 0.907675 -0.332514 0.346598 -0.234906 -0.908124 0.902391 0.347772 0.254451
-5.629122 -57.542253 -1727.340531 -5890.584347 -0.239660 0.913906 -0.327626 0.491054 -0.177003 -0.852957 0.837513 0.365302 0.406357
-5.393066 -60.331235 -1376.055568 -10366.954335 -0.164285 0.894763 -0.415223 0.544167 -0.268885 -0.794722 0.822735 0.356511 0.442727
-8.201722 -62.101802 544.018808 -3981.871818 -0.192631 0.896605 -0.398739 0.428836 -0.288571 -0.856053 0.882606 0.335896 0.328909
-2.492871 -58.430378 -3534.131709 -9463.838365 -0.210679 0.918559 -0.334460 0.551312 -0.170891 -0.816610 0.807261 0.356434 0.470409
4.931459 -104.070836 994.117874 7392.851043 -0.007283 0.950439 0.310827 0.884054 -0.139146 0.446191 -0.467328 -0.278037 0.839226
2.633142 -99.716532 1681.327042 9420.768021 0.007807 0.955738 0.294117 0.909696 -0.128913 0.394759 -0.415202 -0.264475 0.870437
2.853658 -93.242114 1811.391204 8946.728556 -0.015809 0.954055 0.299215 0.944481 -0.083974 0.317654 -0.328186 -0.287625 0.899759
5.690117 -99.553687 974.105151 10131.713441 -0.024699 0.950685 0.309175 0.932326 -0.089705 0.350317 -0.360775 -0.296904 0.884132
8.530941 -106.793380 2246.089704 7679.968441 -0.026060 0.953389 0.300617 0.885210 -0.117712 0.450052 -0.464461 -0.277838 0.840882
6.731532 -153.777492 4005.405839 -2637.416391 0.923702 -0.354902 -0.144287 0.127365 -0.070725 0.989331 0.361320 0.932225 0.020127
0.187733 -147.416873 6410.500294 -987.722025 0.917980 -0.368194 -0.147462 0.181557 0.059534 0.981577 0.352632 0.927841 -0.121499
-2.104388 -150.366101 3824.435087 -32.927885 0.921148 -0.348310 -0.173686 0.132476 -0.139025 0.981388 0.365974 0.927013 0.081920
6.404764 -152.284817 1496.767969 1835.884059 0.927997 -0.333117 -0.166896 0.058319 -0.312550 0.948109 0.367995 0.889576 0.270618
-11.481827 -113.666403 302.597583 810.187712 -0.019912 0.994721 0.100665 -0.840213 0.037922 -0.540928 0.541890 0.095351 -0.835023
-11.387872 -116.910846 -716.965118 -254.469521 -0.014220 0.997658 0.066901 -0.894291 0.017238 -0.447154 0.447260 0.066188 -0.891951
-11.225241 -112.292062 481.091125 1432.892753 -0.025538 0.995875 0.087066 -0.915962 0.011578 -0.401097 0.400451 0.089992 -0.911888
-10.814246 -117.656512 -520.817807 -1239.352727 0.004673 0.996729 0.080676 -0.782666 0.053862 -0.620107 0.622425 0.060245 -0.780358
-11.389497 -111.229507 1980.246968 1545.418293 -0.036939 0.992410 0.117295 -0.913531 0.014046 -0.406527 0.405089 0.122169 -0.906078
-13.846847 -113.904435 -753.533695 1751.782124 -0.026574 0.992258 0.121321 -0.871302 0.036502 -0.489388 0.490027 0.118712 -0.863586
-13.386449 -115.312832 -422.959575 23.150930 -0.013942 0.991387 0.130218 -0.750630 0.075658 -0.656377 0.660576 0.106897 -0.743110
-11.424667 -114.561351 454.726457 1393.516024 -0.005622 0.993814 0.110911 -0.748100 0.069418 -0.659945 0.663562 0.086683 -0.743083
50.586238 -50.807967 -12934.704270 -10836.111550 -0.414324 0.894681 0.166978 0.704536 0.431431 -0.563468 0.576163 0.115816 0.809087
28.743720 -44.868754 -12097.347511 -7415.028320 -0.437048 0.852286 0.287399 0.644304 0.519616 -0.561135 0.627584 0.060070 0.776228
49.563420 -38.825311 -16292.128375 -7672.869970 -0.449221 0.847900 0.281542 0.682428 0.529035 -0.504395 0.576622 0.034453 0.816285
-3.735520 -167.538315 -324.773986 -16678.548510 0.992898 0.117911 0.015823 0.113407 -0.897895 -0.425351 0.035946 -0.424124 0.904890
-3.616522 -193.669330 -2120.432563 -23673.597120 0.994977 0.098721 0.016582 0.089110 -0.798002 -0.596030 0.045608 -0.594514 0.802791
-2.539943 -197.139832 1557.809244 -25329.403298 0.992101 0.125376 -0.004153 0.097705 -0.793059 -0.601257 0.078677 -0.596102 0.799045
-2.643035 -225.472466 -406.172075 -34850.655398 0.994678 0.102917 -0.004957 0.062060 -0.636819 -0.768512 0.082249 -0.764114 0.639816
-2.771606 -196.582551 2803.355397 -25073.064435 0.992343 0.123155 -0.009437 0.103066 -0.867731 -0.486231 0.068070 -0.481535 0.873779
-3.127280 -255.121976 1762.776431 -40173.681230 0.991949 0.126058 0.012069 0.092545 -0.656562 -0.748573 0.086439 -0.743663 0.662943
-1.882304 -188.879777 5464.831424 6870.022845 0.999600 -0.011796 -0.025693 -0.001905 0.878621 -0.477516 -0.028208 -0.477374 -0.878247
-0.297866 -182.717995 3524.523933 25319.175915 0.999215 -0.009533 -0.038464 -0.001416 0.961425 -0.275064 -0.039602 -0.274903 -0.960656
-2.425590 -182.930729 3082.377394 -13518.144411 0.999440 -0.009357 -0.032112 -0.011808 0.799545 -0.600491 -0.031294 -0.600534 -0.798987
-2.504173 -183.466589 4467.242007 -24981.886890 0.999644 -0.018105 -0.019585 -0.001589 0.692587 -0.721333 -0.026624 -0.721107 -0.692312
-3.539340 -188.940862 -786.376961 -9114.309844 0.997476 -0.046901 -0.053304 0.002861 0.776705 -0.629858 -0.070942 -0.628116 -0.774879
-6.204734 -11.322703 -603.412498 1234.845242 0.598542 0.739018 0.309190 0.784496 -0.462573 -0.413028 -0.162212 0.489773 -0.856627
-5.087747 -12.770075 190.651075 3176.511231 0.661992 0.693856 0.283427 0.735351 -0.528100 -0.424698 -0.145001 0.489565 -0.859826
-4.431088 -9.658478 972.707681 925.929100 0.364622 0.830624 0.420850 0.921140 -0.255646 -0.293506 -0.136204 0.494680 -0.858335
-5.302351 -15.102260 1125.031443 -3018.217812 0.829292 0.536892 0.154990 -0.533582 0.678374 0.505073 -0.166028 0.501552 -0.849046
-5.105438 -10.529966 534.100649 -672.870131 0.489220 0.792231 0.364737 0.856755 -0.358281 -0.370952 -0.163201 0.493968 -0.854026
-6.740326 -11.481237 -1599.027126 1212.439670 0.606612 0.738024 0.295536 0.774166 -0.463840 -0.430720 -0.180800 0.490074 -0.852724
-4.585009 -10.923611 -930.633111 118.798564 0.455030 0.809034 0.372037 0.872300 -0.320993 -0.368857 -0.178996 0.492369 -0.851782
-37.195589 -80.595539 6069.957087 13460.872051 0.916106 0.065984 -0.395469 0.272276 -0.826424 0.492839 0.294305 0.559169 0.775058
-42.156617 -98.960844 8591.121132 13262.711375 0.940249 -0.007881 -0.340397 0.227928 -0.728119 0.646445 0.252944 0.685406 0.682817
-44.728193 -86.163975 3823.335548 16673.510245 0.930370 0.108323 -0.350255 0.294408 -0.790081 0.537677 0.218487 0.603356 0.766958
-14.878592 -496.312591 -8587.688639 -118035.472330 0.976209 -0.080308 0.201410 -0.216820 -0.370595 0.903133 -0.002113 0.925316 0.379191
-30.618969 -451.918407 -10670.425028 -135532.132900 0.972842 -0.095135 0.211017 -0.212026 -0.000508 0.977264 0.092865 0.995464 0.020665
-16.728062 -490.673356 -10711.830462 -147140.429317 0.981565 -0.055872 0.182778 -0.183601 -0.009926 0.982951 0.053105 0.998389 0.020001
-15.847397 -491.974743 151.231583 -141661.173739 0.954409 -0.163563 0.249699 -0.292342 -0.343132 0.892635 0.060322 0.924937 0.375304
-2.447878 -543.292165 -5583.485786 -125921.598424 0.984021 -0.050451 0.170756 -0.176211 -0.413531 0.893276 -0.025547 0.909091 0.415813
-4.335722 -33.562838 -2702.696488 -2008.504917 0.671671 -0.563324 -0.481168 0.282026 0.795003 -0.537059 0.685069 0.225025 0.692853
-4.401631 -30.665867 -948.435871 -714.830553 0.694295 -0.491451 -0.525766 0.251120 0.850060 -0.462966 0.674458 0.189404 0.713606
-6.205140 -34.390399 -2521.552151 -1181.707282 0.694422 -0.476688 -0.539024 0.239955 0.859622 -0.451077 0.678380 0.183896 0.711324
-6.693898 -38.300761 -3069.758312 -1954.882652 0.653782 -0.596140 -0.466032 0.285447 0.764688 -0.577731 0.700777 0.244683 0.670106
-7.993472 -37.211983 -2190.712621 -1949.486618 0.673625 -0.518175 -0.526995 0.272427 0.836928 -0.474695 0.687032 0.176199 0.704941
-6.345174 -35.478805 -1590.957171 -490.803859 0.703570 -0.420305 -0.573003 0.227747 0.897169 -0.378443 0.673142 0.135762 0.726945
-4.224314 -87.757420 -3419.910061 5709.946866 -0.284410 0.953110 -0.103401 0.921136 0.301568 0.246101 -0.265744 0.025253 0.963713
-3.571264 -89.485983 465.372974 469.906418 -0.254658 0.958328 -0.129448 0.947663 0.273968 0.163937 -0.192570 0.080925 0.977941
-4.874054 -88.430223 -297.711012 10105.416555 -0.285665 0.949572 -0.129258 0.922572 0.308994 0.231048 -0.259337 0.053248 0.964318
-4.668932 -84.027616 -3267.304740 2831.324185 -0.303322 0.946035 -0.114072 0.877354 0.323981 0.353958 -0.371814 -0.007282 0.928279
-4.243604 -154.698450 1201.070265 13326.488477 0.006918 0.968201 0.250079 0.596281 0.196765 -0.778288 0.802746 -0.154502 0.575958
-3.033168 -151.729721 2369.228308 1370.878139 -0.005775 0.969374 0.245520 0.780064 0.157987 -0.605425 0.625673 -0.188026 0.757087
-2.952428 -157.388721 497.191199 13534.954787 0.015668 0.967241 0.253375 0.694372 0.171808 -0.698805 0.719445 -0.186885 0.668934
-4.027724 -150.682898 -968.161840 10242.954104 0.026941 0.967966 0.249630 0.543814 0.195343 -0.816154 0.838773 -0.157740 0.521131
-3.760433 -160.361356 -1026.260952 13106.119490 0.028747 0.966617 0.254610 0.597908 0.187496 -0.779328 0.801049 -0.174637 0.572558
36.987207 -51.886810 -26046.748249 -8771.660306 0.534060 -0.743206 0.403019 0.828060 0.556000 -0.071984 -0.170580 0.372168 0.912356
26.703170 -48.666247 -19509.530914 -6965.752879 0.451842 -0.784831 0.424122 0.868351 0.495894 -0.007461 -0.204464 0.371658 0.905574
5.423283 -60.415931 -7029.600301 -11692.929519 0.304649 -0.858837 0.411809 0.944397 0.328529 -0.013494 -0.123702 0.393023 0.911170
-60.329645 -86.382490 -5816.843983 8131.720726 -0.287280 0.937385 0.196925 -0.923442 -0.325651 0.202994 -0.254412 0.123532 -0.959174
-69.361897 -87.848027 -3991.463031 9352.123426 -0.510151 0.788909 0.342592 -0.805767 -0.577692 0.130428 -0.300808 0.209512 -0.930387
-70.783036 -104.520108 -6803.499455 -16149.626358 -0.426784 0.866440 0.259108 0.886142 0.457867 -0.071488 -0.180577 0.199096 -0.963199
-17.930727 -144.686420 16692.733529 48178.373409 0.743517 0.170201 -0.646695 -0.562091 -0.364827 -0.742263 0.362266 -0.915387 0.175587
-145.258187 -1549.212950 91868.858083 1045864.403336 -0.282833 -0.509042 -0.812946 0.806903 0.331950 -0.488587 0.518569 -0.794157 0.316862
-161.245257 -485.619447 41413.619127 245773.936616 -0.429977 -0.294712 -0.853384 0.836317 0.226091 -0.499457 0.340138 -0.928455 0.149259
-40.014541 -272.637379 20408.077018 126432.016882 0.810751 0.215615 -0.544236 -0.491657 -0.253809 -0.832979 0.317735 -0.942916 0.099768
-351.482841 -504.463348 101584.559653 -160766.619021 0.288082 -0.037498 -0.956871 0.918454 0.293621 0.265009 0.271020 -0.955186 0.119027
-22.721785 -106.318977 -12479.105037 56870.661621 -0.742859 0.061519 -0.666615 -0.203218 0.928058 0.312108 0.637858 0.367320 -0.676914
-26.985258 -375.897756 -10625.800909 187692.565128 -0.693320 -0.164836 -0.701524 -0.303023 0.949926 0.076276 0.653823 0.265461 -0.708552
-42.454558 -111.169262 -9435.554062 75708.884793 -0.723334 -0.149070 -0.674215 -0.344501 0.924123 0.165274 0.598421 0.351816 -0.719804
-65.550715 -120.252254 -14138.415249 71006.787825 -0.714295 -0.272600 -0.644571 -0.432848 0.895812 0.100817 0.549932 0.351015 -0.757868
-14.365936 -59.009555 35324.513897 -8999.582618 -0.256899 0.939356 0.227184 -0.783149 -0.064601 -0.618470 0.566287 0.336803 -0.752252
-11.738756 -51.967741 22470.792442 3666.549370 -0.482675 0.875385 -0.026955 -0.617956 -0.362219 -0.697802 0.620609 0.320154 -0.715784
-12.710896 -259.801674 7339.446904 -70946.718007 0.707703 0.287900 0.645190 0.615870 0.196109 -0.763050 0.346210 -0.937366 0.038522
2.267937 -164.501323 5037.417057 -31288.397561 0.720720 0.305359 0.622349 0.619833 0.118169 -0.775786 0.310435 -0.944877 0.104105
-10.072458 -203.478732 -3682.172980 30491.467644 -0.646963 -0.305733 -0.698545 0.709862 0.093046 -0.698168 0.278450 -0.947560 0.156830
-31.582244 -239.936300 -7254.598481 42817.945476 -0.629017 -0.282337 -0.724309 0.725956 0.119943 -0.677201 0.278074 -0.951788 0.129519
-27.693873 -286.567758 -8717.420962 89636.644810 -0.530788 -0.328863 -0.781098 0.836097 -0.052485 -0.546065 0.138584 -0.942918 0.302820
-1.740067 -54.758088 2341.918370 -2419.255856 -0.385752 0.890366 -0.241751 0.265073 0.357942 0.895329 -0.883703 -0.281294 0.374089
-0.146184 -50.958965 3885.430075 -1220.980059 -0.388273 0.885196 -0.256265 0.175590 0.344050 0.922387 -0.904661 -0.313140 0.289017
-4.989636 -52.782273 4355.455305 -2193.380066 -0.376827 0.899716 -0.220256 0.210019 0.314580 0.925706 -0.902160 -0.302573 0.307500
-5.113528 -53.799362 2412.334829 -3510.776659 -0.390169 0.892253 -0.227270 0.242911 0.337838 0.909318 -0.888123 -0.299581 0.348553
75.886698 35.699778 1325.376299 -5553.761272 0.902086 0.428554 -0.050813 -0.411485 0.889638 0.198049 -0.130080 0.157749 -0.978874
75.546504 35.639858 32544.154195 -545.637148 -0.782360 -0.572445 0.245397 -0.510929 0.815207 0.272743 -0.356180 0.088003 -0.930264
65.745856 41.078578 -2933.069893 -4831.164473 0.858364 0.510360 -0.052374 -0.480036 0.834973 0.269046 -0.181041 0.205799 -0.961702
68.278591 37.801130 33920.706953 -7256.542580 0.962493 0.227058 0.148496 -0.256539 0.939787 0.225807 0.088283 0.255432 -0.962788
70.138622 51.970573 -11626.346402 1475.871120 0.873121 0.482182 -0.071827 -0.421227 0.820358 0.386755 -0.245411 0.307429 -0.919381
74.297588 50.355298 25572.028541 -4378.916383 0.982801 0.179080 0.045078 -0.183900 0.926892 0.327187 -0.016810 0.329850 -0.943884
49.108506 -100.633921 962.813182 13052.131912 -0.424460 0.791422 0.439869 0.353963 -0.302108 0.885122 -0.833393 -0.531396 0.151902
60.671953 -116.249660 5108.871552 16476.906133 -0.360862 0.819354 0.445464 0.454636 -0.262501 0.851116 -0.814300 -0.509660 0.277781
60.280955 -92.275392 4827.529040 12042.672016 -0.360883 0.750577 0.553532 0.547169 -0.310235 0.777406 -0.755228 -0.583428 0.298734
52.251358 -120.776262 -4371.160752 -3238.483090 -0.415559 0.836943 0.356141 0.142851 -0.326637 0.934292 -0.898278 -0.439129 -0.016179
44.860340 -97.202710 -1363.250247 67.917077 -0.507478 0.810785 0.291709 0.049291 -0.310671 0.949239 -0.860254 -0.496096 -0.117695
-36.124044 -186.243913 86086.784516 -19341.057773 0.038483 -0.144782 -0.988715 0.948934 0.315341 -0.009242 0.313120 -0.937869 0.149523
-148.292789 -194.098789 81102.378482 -1328.315003 -0.300906 -0.235396 -0.924145 0.940452 0.087439 -0.328487 0.158131 -0.967958 0.195068
-59.484939 -155.610127 74305.862247 -23639.911389 -0.106965 -0.144029 -0.983775 0.992548 0.042613 -0.114158 0.058364 -0.988656 0.138397
47.232272 -163.804647 76233.706299 -33956.917238 0.077853 -0.163291 -0.983501 0.989101 0.136310 0.055665 0.124971 -0.977116 0.172123
4.455833 -16.484634 6652.952452 -1801.554798 0.152799 -0.941210 0.301290 0.986597 0.162947 0.008684 -0.057268 0.295925 0.953493
11.780840 -14.124674 4082.365256 -2266.346658 0.084421 -0.937983 0.336247 0.994854 0.098319 0.024492 -0.056032 0.332449 0.941455
2.138389 -18.254060 1849.418288 -39.671989 0.311478 -0.895628 0.317541 0.950107 0.299396 -0.087516 -0.016689 0.328957 0.944197
-4.183063 -21.480425 5523.384474 -237.520466 0.331638 -0.899201 0.285400 0.943276 0.321092 -0.084442 -0.015709 0.297215 0.954681
-1.502452 -17.460261 9721.217277 -412.153709 -0.002023 -0.962440 0.271488 0.997332 0.017871 0.070784 -0.072977 0.270907 0.959835
-19.584227 -54.918146 -5028.078398 -506.084198 -0.094077 0.975173 0.200466 -0.111074 -0.210383 0.971289 -0.989349 -0.069110 -0.128108
-26.406977 -53.566642 -4354.137636 -987.401446 -0.077931 0.953561 0.290944 -0.202847 -0.300893 0.931835 -0.976104 -0.013601 -0.216876
-20.046091 -51.269300 -4166.981091 -1619.323433 -0.106664 0.960456 0.257192 -0.231370 -0.275543 0.933029 -0.967001 -0.040014 -0.251612
-28.056345 -52.450876 -3040.646242 -1062.225506 -0.095028 0.920957 0.377900 -0.287485 -0.388832 0.875307 -0.953059 0.025462 -0.301711
-21.257420 -50.033952 -3968.694577 -904.526655 -0.129518 0.935493 0.328753 -0.291869 -0.352825 0.889003 -0.947648 -0.019189 -0.318739
-12.011226 -48.658866 -5361.255258 -2544.626333 -0.129983 0.963125 0.235575 -0.283430 -0.263769 0.922005 -0.950143 -0.053076 -0.307264
-29.949954 -57.225288 1483.042738 -2689.680826 0.693686 0.708046 -0.132176 0.717035 -0.661443 0.219895 0.068269 -0.247313 -0.966528
-31.136404 -59.507046 4543.412293 1692.765642 0.775427 0.628766 -0.058021 -0.605273 0.713976 -0.351969 0.179881 -0.308045 -0.934211
-31.348955 -62.465612 189.565346 2365.652658 0.781870 0.609224 -0.132386 -0.613342 0.713596 -0.338514 0.111761 -0.345872 -0.931602
-30.170659 -61.855943 2515.945919 -936.103184 0.821353 0.566386 -0.067712 -0.530141 0.714144 -0.457110 0.210544 -0.411346 -0.886829
-32.528605 -63.910289 -483.568984 3713.412467 0.730774 0.649962 -0.208613 -0.682265 0.685593 -0.253922 0.022016 -0.327889 -0.944460
-31.328493 -64.544713 -2535.762137 1460.919390 0.800960 0.571871 -0.177276 -0.589615 0.701981 -0.399471 0.104002 -0.424485 -0.899442
68.518741 -48.193697 101.685835 -70.185755 -0.427484 0.840798 0.332140 0.546698 -0.052171 0.835703 -0.719985 -0.538830 0.437360
72.435328 -44.188669 -1337.238638 -3319.182931 -0.411931 0.834290 0.366433 0.605823 -0.049634 0.794050 -0.680655 -0.549087 0.484986
59.443717 -43.066352 23068.464295 -896.889491 0.486237 -0.745670 -0.455576 0.603037 -0.090964 0.792510 -0.632392 -0.660077 0.405437
52.318812 -46.751700 -19253.601777 5058.359541 -0.516997 0.778899 0.355009 0.519260 -0.044334 0.853465 -0.680502 -0.625581 0.381530
31.378403 -40.137612 30416.072667 4214.513623 0.518099 -0.674057 -0.526518 0.625115 -0.121745 0.770979 -0.583785 -0.728578 0.358288
36.989126 -38.428981 27954.047876 -1966.347440 0.436455 -0.638573 -0.633822 0.707760 -0.191265 0.680069 -0.555502 -0.745414 0.368478
-4.466848 -80.292653 -1331.776365 -1573.302423 -0.019539 0.999492 -0.025167 -0.865504 -0.004307 0.500884 -0.500521 -0.031569 -0.865148
-6.647176 -84.868659 94.966096 -3771.062483 -0.009745 0.999884 -0.011718 -0.800046 -0.000766 0.599938 -0.599859 -0.015222 -0.799961
-6.588996 -78.668883 460.209059 -1635.435755 0.000888 0.999757 -0.022022 -0.872406 0.011538 0.488645 -0.488781 -0.018778 -0.872204
-2.748404 -86.592242 -2011.475816 -4426.402483 -0.026511 0.999230 -0.028912 -0.807940 -0.004386 0.589249 -0.588669 -0.038981 -0.807434
-4.851681 -78.356774 -42.743113 1220.732836 0.006847 0.999577 -0.028260 -0.926388 0.016981 0.376187 -0.376508 -0.023604 -0.926113
-1.272361 -82.843222 -4925.001501 -593.757637 -0.029772 0.998329 -0.049520 -0.889584 -0.003872 0.456756 -0.455801 -0.057651 -0.888213
-4.160865 -77.873246 -2797.781019 -422.569664 -0.013983 0.999253 -0.036029 -0.910165 0.002200 0.414241 -0.414011 -0.038584 -0.909454
-9.824777 -102.380207 2990.337705 -12424.941087 0.058780 0.953640 0.295152 0.467587 0.234922 -0.852158 0.881991 -0.188099 0.432101
-10.326341 -114.505456 2818.898169 -12211.652279 0.076916 0.968498 0.236846 0.318310 0.201266 -0.926375 0.944861 -0.146644 0.292802
-2.887578 -99.469100 3371.922431 -9023.042974 0.045972 0.959450 0.278106 0.383337 0.240142 -0.891843 0.922464 -0.147609 0.356753
-1.930313 -87.148443 2064.378477 -9205.809424 0.031894 0.941408 0.335758 0.514447 0.272551 -0.813056 0.856929 -0.198661 0.475611
1.889786 -88.850453 3886.778564 -3958.705625 0.021408 0.950351 0.310444 0.416761 0.273767 -0.866812 0.908764 -0.147937 0.390208
1.660855 -100.386966 4645.615007 -8033.046327 0.037184 0.968545 0.246043 0.311056 0.222764 -0.923916 0.949664 -0.110888 0.292989
-8.662159 -109.567055 -626.886600 5087.611012 0.098206 0.994214 0.043524 -0.568980 0.020213 0.822103 -0.816466 0.105500 -0.567673
-12.044415 -112.106811 1337.508207 4406.224002 0.115372 0.990752 0.071406 -0.668178 0.024214 0.743608 -0.735002 0.133503 -0.664792
-11.418248 -112.550446 -520.308284 2876.227364 0.102351 0.993652 0.046681 -0.703572 0.039137 0.709545 -0.703214 0.105466 -0.703112
-13.179215 -116.331027 2012.882052 1219.168238 0.126015 0.990228 0.059743 -0.802720 0.066397 0.592648 -0.582890 0.122639 -0.803243
-9.174579 -114.499963 -5303.596813 4075.489241 0.083372 0.996516 -0.002206 -0.676088 0.058190 0.734520 -0.732089 0.059747 -0.678584
-11.893075 -116.026127 -3373.949710 580.432624 0.105408 0.994395 0.008263 -0.794421 0.079207 0.602180 -0.598151 0.070039 -0.798317
-9.779092 -68.605551 4471.754704 -7415.983757 -0.031226 0.905769 0.422621 0.719996 0.313662 -0.619049 0.693275 -0.284955 0.661944
-6.300628 -69.884280 3038.001260 -6744.672017 -0.039791 0.910221 0.412206 0.682164 0.326182 -0.654414 0.730116 -0.255152 0.633899
-6.011715 -56.398567 2835.529294 -8359.268388 -0.097921 0.880029 0.464716 0.767388 0.364092 -0.527781 0.633662 -0.304937 0.710975
-6.874396 -54.087754 4995.869006 -9205.743991 -0.096877 0.883583 0.458144 0.804219 0.340686 -0.486996 0.586385 -0.321269 0.743599
-7.542576 -48.118530 -579.034989 -6500.405212 -0.098107 0.871384 0.480693 0.809089 0.351079 -0.471295 0.579440 -0.342686 0.739470
-7.971967 -51.542713 -2965.262714 -4742.226864 -0.071787 0.876725 0.475605 0.795571 0.337933 -0.502860 0.601593 -0.342278 0.721756
50.288151 -58.051742 2659.480930 3196.578702 0.110423 0.930595 0.348997 -0.335998 -0.295517 0.894301 -0.935367 0.216014 -0.280047
42.542998 -57.793266 15033.552293 2367.322640 0.224596 0.895438 0.384380 -0.315413 -0.306420 0.898121 -0.921993 0.322953 -0.213612
53.980387 -59.161697 7636.417549 1465.635799 0.136415 0.928075 0.346508 -0.267743 -0.302221 0.914864 -0.953784 0.217576 -0.207258
52.204446 -59.541710 -8720.000892 668.907079 0.027561 0.950403 0.309797 -0.285894 -0.289475 0.913493 -0.957865 0.113746 -0.263737
-22.757457 -46.600982 -7690.980120 2654.594112 0.351264 -0.839211 0.415136 0.929528 0.365720 -0.047198 -0.112215 0.402459 0.908534
-42.447718 -55.362325 -11133.222605 1038.418953 0.212990 -0.904473 0.369545 0.969234 0.243347 0.036974 -0.123370 0.350301 0.928477
-34.841556 -50.303411 -7181.618214 -1584.309985 0.013735 -0.921592 0.387918 0.998017 0.036471 0.051307 -0.061432 0.386443 0.920265
-21.821611 -41.014456 -5477.718108 786.962835 0.178625 -0.884163 0.431681 0.982495 0.183868 -0.029949 -0.052892 0.429474 0.901529
252.061505 -128.493267 66299.232795 -29008.329724 0.766277 0.500976 -0.402296 -0.099740 0.711292 0.695785 0.634721 -0.493039 0.595014
370.003312 -95.498512 100066.811118 30683.861543 0.811327 0.451462 -0.371389 0.014824 -0.650981 -0.758950 0.584404 -0.610251 0.534851
297.183185 -119.367160 5853.926279 31695.800875 0.943701 0.256387 -0.209033 0.030055 -0.695740 -0.717665 0.329432 -0.670978 0.664276
212.820097 -124.210733 14331.295627 11116.366663 0.945224 0.250057 -0.209814 0.091803 -0.820473 -0.564266 0.313246 -0.514097 0.798487
-12.628090 -120.788022 7142.716114 3983.114871 -0.198303 -0.924018 -0.326906 0.979829 -0.178475 -0.089899 0.024724 -0.338139 0.940771
-14.639098 -128.022156 -3277.222507 11672.215341 -0.192153 -0.941367 -0.277317 0.976343 -0.154826 -0.150943 0.099157 -0.299760 0.948848
-12.711412 -99.806513 2404.827883 12330.503800 -0.238936 -0.921221 -0.307021 0.932175 -0.129055 -0.338224 0.271956 -0.367011 0.889575
12.769499 -43.456413 -240.266986 4771.279152 -0.231654 0.959843 0.158235 0.724831 0.061820 0.686147 -0.648812 -0.273642 0.710045
13.059993 -44.557596 3467.092282 4789.247851 -0.199236 0.966442 0.162160 0.730175 0.036043 0.682309 -0.653567 -0.254345 0.712852
10.306307 -36.691951 2108.548329 3735.042989 -0.201674 0.964481 0.170602 0.762541 0.045295 0.645352 -0.614702 -0.260242 0.744591
10.616084 -37.098055 -1511.454039 4601.578205 -0.253708 0.952244 0.169893 0.750093 0.082786 0.656130 -0.610731 -0.293901 0.735275
8.452385 -166.586863 3029.005881 18467.497998 0.371140 0.761094 -0.531969 0.907752 -0.176729 0.380464 0.195555 -0.624101 -0.756476
0.337817 -158.394441 2642.411687 10625.132080 0.388981 0.765509 -0.512533 0.909122 -0.229007 0.347926 0.148967 -0.601292 -0.785020
8.768983 -168.167864 2783.509437 17362.233938 0.395777 0.749012 -0.531358 0.918306 -0.328231 0.221310 -0.008645 -0.575539 -0.817729
3.301918 -155.774035 3370.712544 -6883.634192 0.352405 0.784758 -0.509868 0.878381 -0.089390 0.469527 0.322888 -0.613322 -0.720818
15.733740 -171.806308 2080.250005 16579.938141 0.356547 0.759778 -0.543703 0.931583 -0.244950 0.268612 0.070905 -0.602277 -0.795132
11.676189 -162.414637 3742.708942 18464.889295 0.334589 0.775661 -0.535164 0.888180 -0.069774 0.454168 0.314940 -0.627281 -0.712272
11.904709 -27.898586 -95.215409 2371.783611 0.827228 0.540724 -0.152680 0.540534 -0.691709 0.478917 -0.153351 0.478702 0.864481
1.860299 -19.498429 3843.709811 3927.391631 0.785161 0.588718 -0.192181 0.608058 -0.674021 0.419477 -0.117419 0.446214 0.887190
12.054510 -25.961020 -6295.540819 2962.193314 -0.662727 -0.705512 0.251089 0.733153 -0.542956 0.409493 -0.152572 0.455469 0.877080
8.250014 -27.699183 -8010.148786 -341.262791 0.957468 0.288265 0.012593 0.253770 -0.862059 0.438697 -0.137317 0.416843 0.898547
18.557102 -33.438960 -8401.069055 745.453735 0.912746 0.405458 -0.049977 0.377996 -0.791786 0.479785 -0.154962 0.456813 0.875962
-13.454275 -166.134802 -694.910810 -23631.340418 0.292426 0.838974 -0.458923 -0.433089 0.544053 0.718638 -0.852597 0.011394 -0.522445
-12.108761 -155.255888 2497.582481 -19135.722631 0.327114 0.832644 -0.446878 -0.506154 0.553720 0.661213 -0.798000 -0.009897 -0.602576
-12.949146 -145.966353 -1451.290361 -1478.704262 0.307968 0.828719 -0.467312 -0.551440 0.555749 0.622140 -0.775287 -0.066095 -0.628141
-14.555888 -215.238715 550.942192 -55005.828989 0.317209 0.816550 -0.482312 -0.340044 0.572691 0.745919 -0.885296 0.072605 -0.459325
-9.453202 -25.772503 -3836.954099 -28106.585862 0.296194 0.633018 -0.715232 -0.414217 -0.589617 -0.693380 0.860635 -0.501636 -0.087566
59.058444 -390.872467 -26094.300743 251550.350779 0.536339 0.843481 0.029649 -0.105501 0.101856 -0.989189 0.837383 -0.527413 -0.143618
-40.987161 -261.564581 16918.536958 83671.557656 0.406134 0.402646 -0.820323 0.575649 0.584458 0.571873 0.709707 -0.704475 0.005586
-7.571897 -33.252547 -15693.358568 20785.844739 -0.233511 -0.150215 -0.960681 0.395422 0.887940 -0.234955 0.888321 -0.434739 -0.147946
126.521122 -601.126068 -32209.901451 331206.105670 0.165776 0.470736 -0.866560 0.609694 0.641735 0.465242 0.775108 -0.605462 -0.180621
305.656519 -768.328969 -210098.396967 378385.775543 0.117587 0.381869 -0.916706 0.610012 0.700644 0.370112 0.783619 -0.602722 -0.150558
-36.005872 -88.322266 17924.013808 -72757.229836 0.356054 0.830522 -0.428321 -0.242574 -0.360501 -0.900664 0.902432 -0.424585 -0.073105
-7.098705 -125.546663 -3050.471876 -8700.159218 0.097354 0.880051 -0.464792 -0.211055 0.474645 0.854499 -0.972614 -0.014908 -0.231947
-13.707379 -115.629276 -2572.390366 -7650.600340 0.116427 0.879092 -0.462214 -0.294172 0.475019 0.829349 -0.948634 -0.039411 -0.313910
-7.611239 -111.885735 -3644.888454 -8950.295749 0.095388 0.874445 -0.475655 -0.393505 0.472038 0.788882 -0.914361 -0.111923 -0.389125
14.438152 -38.160657 -2397.371983 -1945.538489 -0.018464 0.996781 0.078011 -0.472176 -0.077469 0.878094 -0.881311 0.020622 -0.472087
16.693131 -38.583347 -701.939294 -1986.029067 0.022609 0.999267 0.030887 -0.476730 -0.016380 0.878897 -0.878759 0.034595 -0.476010
17.922437 -40.082266 -1435.858412 -287.839489 0.017587 0.998937 0.042605 -0.418241 -0.031355 0.907795 -0.908166 0.033785 -0.417245
13.224652 -35.957090 -171.931680 -2557.876869 0.011854 0.998820 0.047091 -0.519343 -0.034094 0.853885 -0.854484 0.034578 -0.518326
13.163401 -39.558346 -4649.259027 -944.020081 -0.060938 0.993209 0.099111 -0.415257 -0.115521 0.902339 -0.907661 -0.013831 -0.419477
8.076449 -37.688946 -5620.270738 -1760.544509 -0.091643 0.987057 0.131604 -0.478419 -0.159551 0.863515 -0.873336 -0.016173 -0.486849
7.725807 -35.703837 -3282.944668 -1780.403969 -0.058703 0.992599 0.106306 -0.522630 -0.121287 0.843888 -0.850536 0.006020 -0.525882
-7.392918 -82.865429 -1081.629323 14509.454139 0.023426 0.979769 0.198754 0.880132 -0.114502 0.460712 -0.474150 -0.164137 0.865009
-9.806388 -77.423454 -2615.692828 4365.257147 0.023789 0.979649 0.199305 0.821998 -0.132635 0.553830 -0.568993 -0.150654 0.808424
-7.498641 -82.853767 -381.956644 -1648.512098 0.019082 0.980826 0.193947 0.782182 -0.135471 0.608144 -0.622758 -0.140097 0.769770
-9.707458 -78.972915 -2405.057482 -10257.428154 -0.025784 0.984966 0.170815 0.668858 -0.109992 0.735208 -0.742943 -0.133207 0.655966
-6.985427 -89.117177 -931.548151 -14313.608957 -0.015925 0.982778 0.184102 0.663973 -0.127273 0.736846 -0.747587 -0.133973 0.650511
-13.659990 -100.392951 -1802.966179 -2514.890780 0.158778 0.962230 0.221141 -0.207334 -0.186492 0.960330 -0.965299 0.198330 -0.169892
-14.252356 -95.919092 -3597.768512 1739.763658 0.150607 0.968656 0.197543 -0.362876 -0.131706 0.922483 -0.919586 0.210616 -0.331666
-14.603046 -95.580797 -451.860625 4699.738249 0.149702 0.968625 0.198380 -0.286504 -0.149536 0.946337 -0.946311 0.198505 -0.255129
-13.411026 -102.086564 472.637346 -4284.449447 0.152364 0.967110 0.203674 -0.176214 -0.176195 0.968454 -0.972488 0.183448 -0.143573
-13.268468 -93.936738 1876.331273 4217.171958 0.143853 0.971762 0.187041 -0.223934 -0.152138 0.962656 -0.963929 0.180366 -0.195725
-10.199998 -48.991020 -5779.279409 1402.950231 -0.244290 -0.969317 0.027326 0.969551 -0.243656 0.024568 -0.017156 0.032496 0.999325
2.158228 -47.037890 -16121.587861 -395.782282 -0.314850 -0.947344 0.058380 0.949132 -0.314518 0.015034 0.004119 0.060144 0.998181
2.596317 -52.670664 -14843.651108 3386.605813 -0.289616 -0.955155 0.061659 0.955658 -0.284979 0.074192 -0.053294 0.080412 0.995336
-14.437578 -57.288182 3759.444894 7218.127179 0.176150 0.984086 -0.023359 0.981903 -0.173984 0.074814 -0.069559 0.036114 0.996924
1.339023 -184.589887 -1335.029519 26330.063907 0.122108 0.984519 -0.125745 -0.884184 0.165459 0.436853 -0.450896 -0.057838 -0.890700
3.283082 -190.899288 -1155.042582 25900.870203 0.144201 0.981822 -0.123417 -0.940515 0.174759 0.291362 -0.307634 -0.074061 -0.948618
4.628662 -169.858884 -260.454320 20617.945034 0.129802 0.985193 -0.112006 -0.856895 0.168293 0.487246 -0.498882 -0.032732 -0.866052
12.075607 -175.044224 -4443.154463 26938.998904 0.128892 0.984631 -0.117851 -0.910433 0.164602 0.379497 -0.393062 -0.058381 -0.917657
2.765765 -160.485004 -1262.101638 15426.641824 0.119813 0.985900 -0.116820 -0.770474 0.166544 0.615332 -0.626111 -0.016282 -0.779564
11.106358 -155.388680 -3388.813224 7474.973623 0.135683 0.985270 -0.104078 -0.842111 0.170032 0.511800 -0.521958 -0.018203 -0.852777
7.191031 -152.565861 -387.690579 2024.039801 0.137873 0.986217 -0.091473 -0.763490 0.164657 0.624476 -0.630931 0.016260 -0.775669
22.942027 -479.555673 3333.371740 -41393.453441 0.406472 0.762458 -0.503427 0.767958 -0.583624 -0.263862 0.494996 0.279358 0.822763
-0.923619 -555.505778 17811.309999 -77824.787227 0.385417 0.737347 -0.554773 0.780321 -0.581335 -0.230539 0.492497 0.344047 0.799424
6.100506 -541.192996 11479.943533 -87310.518513 0.414130 0.719961 -0.556914 0.519346 -0.689378 -0.505013 0.747514 0.080090 0.659400
-16.667597 -44.321665 -737.241861 911.056842 -0.198007 0.945469 0.258614 -0.765047 -0.314008 0.562230 -0.612778 0.086526 -0.785504
-13.951894 -44.091859 -895.145808 174.788698 -0.201938 0.939384 0.277091 -0.726474 -0.333414 0.600892 -0.656854 0.079956 -0.749767
-17.659255 -46.524352 34.114945 916.748049 -0.287364 0.886062 0.363754 -0.731730 -0.448142 0.513557 -0.618056 0.118592 -0.777137
-12.047311 -42.344858 -1518.039710 105.077084 -0.108104 0.980526 0.163959 -0.756130 -0.188172 0.626785 -0.645431 0.056216 -0.761747
-57.550280 -99.052879 -1411.597698 5566.272923 -0.471041 0.863612 -0.179704 0.685845 0.230441 -0.690300 0.554740 0.448409 0.700851
-51.116738 -87.211799 322.038696 7984.504979 -0.417426 0.840565 -0.345262 0.699199 0.054419 -0.712853 0.580411 0.538970 0.610438
-13.760965 -82.418336 -75955.850969 20460.382089 -0.122545 0.913922 0.386948 0.864260 0.289937 -0.411086 0.487891 -0.284046 0.825397
44.641422 -128.997484 -79490.027049 57240.168809 -0.235065 0.901039 0.364516 0.851783 0.371610 -0.369286 0.468199 -0.223682 0.854842
184.463485 -239.205765 -136803.602801 151558.731687 -0.118095 0.911404 0.394203 0.765505 0.336418 -0.548475 0.632500 -0.236992 0.737414
