11575
23143
-38.750340 -69.076171 4051.948406 -12965.241772 0.964999 -0.253097 -0.068689 0.257811 0.963539 0.071601 -0.048063 0.086804 -0.995065
-48.731372 -80.575986 2721.756741 -9301.760783 0.961182 -0.241720 -0.133042 0.266068 0.939677 0.214977 -0.073053 0.242030 -0.967515
-31.013225 -92.242094 5944.608665 -13528.284568 0.923465 -0.376858 -0.072053 0.383318 0.897971 0.216140 0.016753 0.227216 -0.973700
-45.230566 -64.920106 -435.459096 -8051.600171 -0.974249 -0.192808 0.116889 -0.175059 0.973554 0.146792 -0.142100 0.122549 -0.982237
-18.672107 -85.079257 -7311.976288 -17799.493729 -0.945718 0.323699 -0.028930 0.321767 0.945128 0.056569 0.045654 0.044190 -0.997979
-26.696617 -57.329215 4945.394764 -11161.945147 0.972850 -0.231378 0.005288 0.231438 0.972549 -0.024205 -0.000458 -0.024772 -0.999693
-34.893974 -49.896635 -304.573758 -6228.783592 -0.953472 -0.293055 0.070776 -0.291686 0.956069 0.029190 -0.076221 0.007187 -0.997065
-7.113808 -21.155615 1197.292669 -2922.365427 0.751646 0.650751 -0.107479 -0.651408 0.706872 -0.275680 0.103425 -0.277226 -0.955222
-18.696766 -25.562744 3174.364826 8381.052849 0.927200 -0.314506 0.203437 0.349138 0.922377 -0.165300 0.135658 -0.224293 -0.965033
-15.811929 -28.977429 3785.265873 -2797.279525 0.734598 0.675569 -0.063030 -0.673134 0.713970 -0.192712 0.085189 -0.183993 -0.979229
-7.431666 -28.932678 -321.124826 -3433.845506 0.936909 0.347422 -0.038736 -0.347840 0.915498 -0.202167 0.034775 -0.202885 -0.978585
-34.789334 -52.217213 -2453.330005 -117.723636 0.144728 0.898810 0.413756 0.941310 -0.253939 0.222375 0.304942 0.357289 -0.882811
-34.121871 -54.248603 -2044.410654 3593.180030 0.630135 0.656780 0.414210 0.758986 -0.633592 -0.150003 0.163921 0.408902 -0.897735
-41.501824 -63.606507 -3005.680283 2918.528193 0.514025 0.699053 0.497095 0.830658 -0.550229 -0.085176 0.213973 0.456699 -0.863505
-36.506621 -56.032390 -5156.996630 1233.139015 -0.022585 0.922346 0.385704 -0.922441 0.129531 -0.363765 0.385478 0.364004 -0.847884
-48.048458 -71.648074 -3544.088494 988.549960 0.236080 0.778297 0.581825 0.903556 -0.396139 0.163283 0.357566 0.487163 -0.796755
-47.987956 -74.455529 -3024.860550 1165.956351 0.452734 0.657227 0.602565 0.859958 -0.500407 -0.100324 0.235592 0.563601 -0.791739
-8.812850 -49.442769 -1314.539838 1618.857001 0.992756 -0.041351 0.112805 0.104946 0.755550 -0.646630 0.058491 -0.653785 -0.754417
-10.849368 -46.778837 -505.079673 1239.639139 0.988393 -0.084948 0.125948 0.148295 0.719482 -0.678494 0.032980 -0.689296 -0.723728
-6.040885 -47.917905 -1825.424344 817.233233 0.977211 -0.126857 0.170195 0.201927 0.802778 -0.561046 0.065456 -0.582627 -0.810099
-3.126296 -43.703830 -380.330217 -1217.920547 0.923429 -0.246588 0.294063 0.375312 0.740249 -0.557829 0.080126 -0.625481 -0.776115
6.875409 -31.942226 6285.039719 -2978.733485 0.947712 0.004247 0.319099 0.294500 0.373540 -0.879623 0.122932 -0.927604 -0.352758
9.054905 -38.634524 7290.717910 -3326.028535 0.962151 0.028536 0.271018 0.229832 0.449409 -0.863255 0.146432 -0.892870 -0.425841
13.623373 -31.317351 4786.375064 -2549.243750 0.957013 -0.026141 0.288864 0.276044 0.387773 -0.879450 0.089024 -0.921384 -0.378320
10.650143 -24.689728 3523.602616 -2195.449631 0.936791 -0.054026 0.345694 0.344206 0.319668 -0.882799 0.062813 -0.945988 -0.318058
2.198372 -26.442289 3258.491214 -2584.080151 0.919989 -0.045501 0.389295 0.384927 0.292007 -0.875536 0.073839 -0.955333 -0.286158
-5.448063 -64.138603 62.959674 16.723947 0.846431 0.520562 0.112118 -0.056599 0.297307 -0.953103 0.529483 -0.800390 -0.281113
-5.864410 -63.919667 -775.776525 170.209217 0.862052 0.496361 0.102434 -0.134402 0.418761 -0.898095 0.488675 -0.760437 -0.427706
-6.207279 -64.842655 12.175479 -571.677942 0.848937 0.515309 0.117315 -0.134117 0.424775 -0.895309 0.511193 -0.744327 -0.429719
-9.147855 -90.467806 -442.981406 524.179138 0.758199 -0.649279 -0.059767 0.638198 0.720222 0.271998 0.133557 0.244371 -0.960440
-7.729098 -96.598135 -1462.540561 1177.968032 0.756980 -0.643955 -0.110922 0.643372 0.704822 0.298827 0.114251 0.297570 -0.947839
-8.418957 -95.237444 -444.355407 -2959.218372 0.773240 -0.631795 -0.054175 0.579392 0.669211 0.465254 0.257691 0.391142 -0.883518
-10.603725 -91.188800 174.972618 -341.616372 0.767864 -0.640542 -0.009534 0.611287 0.728181 0.309968 0.191605 0.243842 -0.950699
-4.363363 -48.030959 2.207566 -673.213606 0.915299 0.392064 -0.092275 0.379501 -0.762720 0.523676 -0.134934 0.514338 0.846905
-5.593071 -47.482576 -263.392654 -875.500889 0.916221 0.393213 -0.076960 0.345435 -0.677879 0.648964 -0.203012 0.621179 0.756917
-11.522680 -48.270990 2252.597850 -1518.883481 0.896970 0.425277 -0.120763 0.415018 -0.715896 0.561474 -0.152328 0.553744 0.818635
2.829960 -85.966155 -440.712199 -5626.680594 0.757081 -0.653318 -0.001982 -0.489817 -0.569615 0.660014 0.432328 0.498713 0.751251
1.686520 -96.257616 -861.302227 -5589.062895 0.759820 -0.649838 0.019631 -0.569731 -0.651003 0.501599 0.313178 0.392309 0.864877
0.847825 -84.713722 -434.221189 -7000.084436 0.760878 -0.648848 0.007736 -0.478425 -0.552897 0.682213 0.438376 0.522782 0.731113
-16.433836 -89.942046 19.475622 1534.341332 0.821207 -0.569332 0.038471 0.055631 0.012781 -0.998370 -0.567912 -0.822008 -0.042168
-14.455712 -93.734764 185.350975 226.893977 0.849356 -0.525147 0.053060 0.164069 0.167131 -0.972188 -0.501673 -0.834439 -0.228114
-14.836520 -91.382256 271.091000 378.019019 0.855751 -0.516132 0.036022 0.051158 0.015126 -0.998576 -0.514852 -0.856375 -0.039349
33433.483648 -118.456793 -36140218.420690 27659.495367 0.667355 0.259273 -0.698151 -0.259137 0.959704 0.108700 0.698202 0.108375 0.707650
1594.560228 -36.290935 -1555900.142327 3353.411515 0.964593 0.157142 -0.211819 -0.120494 0.976974 0.176075 0.234611 -0.144318 0.961317
1469.820085 -28.895333 -1262961.737418 409.742647 0.918984 0.244897 -0.309022 -0.178880 0.957384 0.226756 0.351385 -0.153107 0.923627
-0.780128 -564.035667 3964.917399 -29118.660125 -0.156748 -0.158475 0.974841 0.078621 0.981908 0.172266 -0.984504 0.103646 -0.141452
-3.880611 -510.044248 8475.504093 34355.967714 -0.199511 -0.052902 0.978467 -0.364252 0.930993 -0.023936 -0.909679 -0.361184 -0.205013
14.437518 -1113.081153 22867.940972 -243477.930845 -0.130472 -0.272330 0.953317 -0.401725 0.893589 0.200287 -0.906418 -0.356839 -0.225991
-6.172102 -459.137248 4172.768336 12819.925619 -0.239879 -0.122968 0.962984 -0.091203 0.990413 0.103752 -0.966509 -0.062939 -0.248794
57.883471 -1245.839481 3866.379717 -395834.615828 -0.302971 -0.319995 0.897670 0.168051 0.909242 0.380839 -0.938066 0.266238 -0.221698
8.677306 -75.922966 -966.145795 -6378.729963 -0.114551 -0.253897 0.960424 -0.717845 0.689462 0.096647 -0.686714 -0.678365 -0.261238
2.701969 -89.321585 746.703476 -8511.724688 -0.134172 -0.210863 0.968264 -0.595679 0.798023 0.091246 -0.791937 -0.564531 -0.232679
5.957831 -80.186197 2639.292581 -7259.127271 -0.126931 -0.176702 0.976046 -0.698440 0.714630 0.038546 -0.704322 -0.676817 -0.214124
9.270477 -72.101292 -2156.569077 5412.481860 0.110085 0.202008 -0.973177 0.783382 -0.620244 -0.040132 -0.611714 -0.757951 -0.226529
1.417364 -87.357274 -4284.509550 7010.614726 0.158002 0.104544 -0.981889 0.706500 -0.706668 0.038447 -0.689850 -0.699779 -0.185515
27.537924 11.831915 6711.753813 -7074.572290 0.733068 -0.274827 0.622159 0.610310 -0.137976 -0.780054 -0.300223 -0.951542 -0.066584
19.253618 -12.383416 1285.036131 -12898.037924 0.948326 -0.288728 0.131579 0.150182 0.043149 -0.987716 -0.279504 -0.956438 -0.084281
27.958120 6.317268 6094.911594 -9144.059774 0.816822 -0.315344 0.483073 0.479584 -0.094213 -0.872424 -0.320625 -0.944289 -0.074279
20.760523 4.415758 1735.638167 -12503.258674 0.926163 -0.253760 0.278978 0.278637 -0.038049 -0.959642 -0.254134 -0.966518 -0.035468
34.004685 17.873309 -2007.594337 1563.299130 -0.395486 0.346279 -0.850695 0.859077 -0.188201 -0.475991 -0.324927 -0.919060 -0.223050
41.224760 18.216035 -8681.347319 -3615.825242 -0.319903 0.281342 -0.904715 0.877268 -0.272712 -0.395005 -0.357858 -0.920040 -0.159571
19.863709 -36.750364 750.179445 -1008.614062 0.911068 -0.409653 -0.046258 0.140537 0.414104 -0.899315 -0.387563 -0.812836 -0.434848
22.522631 -33.590307 1024.420832 -380.423535 0.902136 -0.431123 0.016865 0.172748 0.325110 -0.929764 -0.395360 -0.841687 -0.367769
16.486086 -41.808839 2054.619427 -1023.740122 0.936633 -0.344052 -0.065936 0.091248 0.421332 -0.902304 -0.338221 -0.839111 -0.426028
14.842113 -42.345646 1702.040627 -2167.783355 0.935471 -0.336933 -0.106632 0.077204 0.489277 -0.868704 -0.344868 -0.804415 -0.483717
8.464319 -48.949858 3252.141854 -2188.067763 0.959239 -0.248407 -0.134736 0.023070 0.544024 -0.838752 -0.281652 -0.801456 -0.527580
11.305388 -46.233443 3385.158655 -1449.395146 0.957990 -0.273499 -0.086332 0.036347 0.414365 -0.909385 -0.284489 -0.868044 -0.406899
8.195191 -32.405207 -971.785667 -1675.154501 0.859288 -0.414170 -0.300145 0.066480 0.672259 -0.737325 -0.507153 -0.613621 -0.605199
15.358441 -38.261352 -2216.322188 -1969.277848 0.865359 -0.398682 -0.303656 0.088342 0.717778 -0.690645 -0.493305 -0.570830 -0.656356
7.242236 -37.459387 -1602.209332 -2201.569773 0.856456 -0.396494 -0.330570 0.071046 0.724806 -0.685280 -0.511308 -0.563427 -0.648934
2.563866 -2172.627567 9258.875578 -740892.389087 0.082063 0.544738 0.834582 0.876877 0.358522 -0.320232 -0.473658 0.758104 -0.448247
-129.729158 -857.888230 -15583.662784 -309880.762782 0.038687 0.429832 0.902080 0.422313 0.811137 -0.404610 -0.905624 0.396613 -0.150144
3483.410943 -39065.986997 1735314.107513 11972692.534219 0.277109 0.960741 -0.013709 -0.953502 0.276725 0.119405 -0.118511 0.020016 -0.992751
325.627277 -2572.410687 33075.821765 -840884.513843 0.208798 0.975169 0.073821 -0.765731 0.209974 -0.607920 0.608325 -0.070405 -0.790559
-26.422518 -82.606487 -2689.582887 -16473.590591 -0.336993 0.938199 0.078860 0.934142 0.343639 -0.096395 0.117537 -0.041182 0.992214
-15.776866 -65.239390 1506.702311 4032.945506 0.701152 -0.698934 -0.140989 0.707438 0.706611 0.015230 0.088980 -0.110419 0.989894
-44.580056 -103.815365 -13395.395768 5909.812972 0.641877 -0.764017 -0.065369 0.766690 0.640938 0.037216 0.013464 -0.074006 0.997167
-42.894728 -56.450926 -12958.656293 -12332.359298 -0.235353 0.970924 0.043760 0.959232 0.239296 -0.150373 0.156472 -0.006585 0.987660
-24.021338 -82.188333 -6544.024159 -24079.682966 -0.128271 0.991070 0.036415 0.976028 0.132664 -0.172541 0.175831 -0.013410 0.984329
-23.902870 -77.923540 -3558.425576 -9484.798614 0.970536 -0.131088 -0.202178 0.161060 -0.271158 0.948964 0.179220 0.953567 0.242055
-27.599166 -61.046995 1776.890835 -18237.444876 0.928932 -0.202798 -0.309770 0.285350 -0.140983 0.947998 0.235925 0.969018 0.073096
-16.941010 -47.320309 -6020.551935 -24480.164995 0.941279 -0.078754 -0.328317 0.327352 -0.025238 0.944565 0.082674 0.996575 -0.002024
1.149419 -50.917639 -11057.170042 -22475.566932 0.979950 -0.019076 -0.198330 0.199105 0.056325 0.978358 0.007492 0.998230 -0.058994
-14.577462 -74.736969 -10525.492060 -13874.672621 0.989550 -0.010641 -0.143795 0.139234 -0.188662 0.972122 0.037473 0.981984 0.185209
-35.439508 -54.818179 6850.229227 775.460503 0.955595 -0.262554 0.133804 -0.290824 -0.913502 0.284491 -0.047536 0.310771 0.949295
-28.312921 -59.244058 5426.069265 101.646245 0.987385 -0.151569 0.045798 -0.158272 -0.936559 0.312741 0.004509 0.316045 0.948734
-28.777480 -54.420092 6305.628878 -707.464335 0.900460 -0.402844 0.163980 -0.434183 -0.810327 0.393516 0.025648 0.425542 0.904575
-59.146370 -83.935256 -735.683071 4018.570907 -0.015703 -0.697649 0.716268 0.825683 -0.413063 -0.384223 0.563916 0.585376 0.582523
-56.479865 -78.779424 -800.540648 6443.683635 -0.078020 0.827349 -0.556244 0.751653 -0.317715 -0.577993 0.654928 0.463197 0.597091
-46.977432 -56.439483 -15013.060860 1160.747336 -0.617474 0.711174 0.336091 0.145458 0.523143 -0.839740 0.773025 0.469630 0.426473
-44.855933 -63.658928 -7876.379054 5414.439950 -0.383772 0.919340 -0.086795 0.547138 0.150665 -0.823372 0.743881 0.363476 0.560826
-9.350985 -52.144592 -23536.311650 1490.423627 -0.516768 0.714568 0.471533 0.118286 0.605087 -0.787324 0.847915 0.351088 0.397213
-2.610070 -39.664113 603.600705 946.696295 0.952357 -0.176174 0.248957 0.010546 -0.796776 -0.604183 -0.304804 -0.578023 0.756957
-1.399224 -41.802707 634.026878 1084.657564 0.952799 -0.154623 0.261276 -0.003030 -0.865389 -0.501091 -0.303586 -0.476648 0.825011
-5.069187 -41.274025 2061.010088 1378.762090 0.956161 -0.185685 0.226445 -0.016038 -0.805311 -0.592636 -0.292402 -0.563024 0.772984
-2.051989 -40.451563 -950.948813 972.801417 0.946776 -0.147896 0.285906 0.023158 -0.854603 -0.518765 -0.321059 -0.497776 0.805692
-6.475719 -38.854203 1915.189591 845.711513 0.954115 -0.208717 0.214715 -0.006726 -0.731809 -0.681476 -0.299366 -0.648762 0.699634
-3.460232 -38.641391 -1076.753919 539.823438 0.946616 -0.160215 0.279732 0.048402 -0.787275 -0.614699 -0.318710 -0.595424 0.737492
-3.788122 -37.325184 405.234779 388.438927 0.951319 -0.195613 0.238177 0.022909 -0.725761 -0.687565 -0.307357 -0.659550 0.685949
12.316949 -18.378735 -4214.869067 817.407953 0.932987 -0.291742 0.210767 -0.359295 -0.720715 0.592855 0.021057 0.628854 0.777239
17.866178 -16.535371 -2369.753080 -128.399402 0.940685 -0.292106 0.172583 -0.337474 -0.753162 0.564675 0.034962 0.589424 0.807067
13.021925 -17.657123 -3818.846871 -37.644732 0.947334 -0.258825 0.188597 -0.320232 -0.759725 0.565923 0.003193 0.596513 0.802597
5.156708 -68.921458 766.853100 1579.196114 0.982223 0.111896 0.150721 -0.125877 0.988256 0.086627 -0.139258 -0.104059 0.984774
6.229017 -74.696818 59.876481 1854.610652 0.982988 0.054417 0.175425 -0.065128 0.996310 0.055890 -0.171737 -0.066365 0.982905
3.615837 -69.664091 389.749410 -2362.049447 0.988827 0.025260 0.146913 -0.016201 0.997911 -0.062532 -0.148186 0.059453 0.987171
-0.627200 -160.409752 381.024160 1801.278750 0.768638 -0.639043 0.028631 -0.449606 -0.507864 0.734798 0.455027 0.577667 0.677681
-1.863282 -148.545948 552.922875 2845.586459 0.759566 -0.649416 0.036307 -0.462851 -0.500453 0.731653 0.456977 0.572544 0.680710
-1.834241 -150.289545 450.874736 9952.360577 0.787926 -0.615657 0.011820 -0.539925 -0.681520 0.493975 0.296064 0.395597 0.869396
-1.015835 -163.345322 227.956307 11987.886587 0.798855 -0.601449 0.009493 -0.530549 -0.697073 0.482294 0.283457 0.390320 0.875958
-1.706074 -142.471724 273.595461 15193.623650 0.817121 -0.576416 -0.007573 -0.562614 -0.800280 0.207405 0.125612 0.165214 0.978226
-2.725731 -131.772323 378.260362 11048.803350 0.807925 -0.589285 -0.000678 -0.572937 -0.785780 0.233008 0.137841 0.187865 0.972475
61.329818 -18.638534 1780.836091 1397.755284 0.889710 -0.323237 -0.322389 0.195865 -0.367614 0.909119 0.412376 0.871996 0.263759
66.546806 -23.590493 6737.247089 -1389.779881 0.820366 -0.423742 -0.383982 0.218294 -0.388574 0.895186 0.528533 0.818201 0.226273
71.415604 -23.636909 -11984.469162 -2330.627196 0.944441 -0.175259 -0.278058 0.201061 -0.361175 0.910564 0.260012 0.915880 0.305871
58.227103 -72.636147 17390.636446 -1447.146207 0.930352 -0.336780 0.144997 -0.180836 -0.077432 0.980460 0.318972 0.938394 0.132941
43.819115 -76.729126 16362.601629 13288.028342 0.911239 -0.369669 0.181629 -0.286862 -0.253174 0.923912 0.295558 0.894007 0.336746
53.738997 -60.929230 6883.091125 5307.382526 0.951426 -0.241773 0.190615 -0.241800 -0.203546 0.948737 0.190580 0.948744 0.252120
56.511486 -57.731046 6033.857626 -6910.812701 0.968278 -0.235129 0.084575 -0.086462 0.002288 0.996252 0.234441 0.971962 0.018115
51.035751 -38.298934 -10489.925745 -1656.639492 0.979295 0.027991 0.200495 -0.196416 -0.108416 0.974508 -0.049014 0.993711 0.100674
-1.897969 -184.584835 2324.283348 -20812.371292 -0.302261 -0.464608 -0.832333 0.609119 0.577505 -0.543564 0.733220 -0.671288 0.108444
-1.653229 -196.636195 3405.899010 -21940.463858 -0.322915 -0.461945 -0.826034 0.587129 0.586766 -0.557660 0.742298 -0.665065 0.081746
-4.971208 -181.996660 3573.123221 -3519.957301 -0.320570 -0.474902 -0.819575 0.364517 0.736755 -0.569490 0.874278 -0.481311 -0.063072
-2.507660 -192.813349 3455.418833 13021.789006 -0.324170 -0.478951 -0.815794 0.213475 0.803082 -0.556316 0.921598 -0.354493 -0.158090
10.608296 -39.237825 -1033.186716 -2663.990609 0.934949 -0.354175 -0.020737 -0.328574 -0.886453 0.325945 0.133824 0.297928 0.945161
9.085968 -31.686492 -1390.205571 -3500.276094 0.933639 -0.358078 -0.009982 -0.321257 -0.849311 0.418884 0.158471 0.387880 0.907985
9.226718 -36.499301 784.310945 -3484.410385 0.940395 -0.336460 -0.049516 -0.296440 -0.882333 0.365529 0.166675 0.329063 0.929482
9.398879 -38.460866 -1678.014148 -2366.153363 0.932679 -0.360524 0.011514 -0.343366 -0.877609 0.334518 0.110497 0.315951 0.942319
10.841634 -43.985511 1730.371836 -2780.419800 0.944020 -0.323471 -0.064759 -0.296188 -0.917524 0.265372 0.145258 0.231335 0.961969
13.413417 -46.561199 373.898656 -2444.486170 0.937438 -0.345710 -0.041163 -0.328535 -0.917539 0.224024 0.115216 0.196485 0.973714
9.625875 -45.871787 -2546.306576 -2036.140296 0.929695 -0.368286 0.005759 -0.359681 -0.904381 0.229619 0.079357 0.215548 0.973263
-8.706257 -369.808656 -363.836890 -15426.279078 -0.063760 -0.259457 -0.963648 0.435585 0.861543 -0.260787 0.897887 -0.436378 0.058084
-11.933674 -364.125097 -7964.903666 24169.503927 -0.037139 -0.336726 -0.940870 0.540660 0.785048 -0.302301 0.840421 -0.519918 0.152898
-9.838678 -362.809962 2095.687276 -50379.851988 -0.094765 -0.250250 -0.963532 0.795410 0.562980 -0.224448 0.598617 -0.787673 0.145701
-7.070695 -368.222364 -3485.745092 38461.558409 -0.010638 -0.293340 -0.955949 0.083787 0.952380 -0.293177 0.996427 -0.083215 0.014447
-1.464176 -376.190370 -917.554492 15515.385962 -0.039219 -0.225497 -0.973454 -0.040431 0.973764 -0.223939 0.998412 0.030575 -0.047307
-5.515508 -328.108324 -580.539315 11791.164670 -0.049238 -0.217958 -0.974715 0.274766 0.935289 -0.223022 0.960250 -0.278799 0.013836
-7.532640 -120.268682 162.062996 2177.867555 0.407072 0.270776 0.872338 0.285416 0.869516 -0.403088 -0.867658 0.413065 0.276671
-8.235761 -121.041906 631.821225 1999.758069 0.386973 0.235714 0.891454 0.323446 0.870646 -0.370618 -0.863501 0.431756 0.260676
-10.685620 -121.515126 265.866502 689.951049 0.393780 0.258640 0.882067 0.107865 0.939967 -0.323772 -0.912854 0.222639 0.342242
25.012363 -871.450766 -3890.858965 -257617.557422 -0.352873 -0.220939 -0.909212 -0.542124 0.840275 0.006216 0.762616 0.495099 -0.416286
14.253067 -860.014694 4378.130239 -186026.385629 -0.496321 -0.268647 -0.825526 -0.475824 0.879541 -0.000151 0.726124 0.392730 -0.564364
38.512269 -2089.208008 -8447.116886 -815540.484334 -0.373796 -0.184739 -0.908927 -0.146709 0.979403 -0.138730 0.915835 0.081491 -0.393200
9.506714 -49.817843 478.922619 -2149.138733 0.943970 -0.322363 -0.070735 -0.087984 -0.039237 -0.995349 -0.318088 -0.945803 0.065401
13.202891 -49.875094 825.856607 -1436.441928 0.935508 -0.353238 -0.006905 -0.024484 -0.045321 -0.998672 -0.352456 -0.934435 0.051046
11.468420 -47.123460 1160.157786 490.363491 0.942995 -0.327063 -0.061565 -0.104619 -0.115706 -0.987759 -0.315936 -0.937892 0.143327
9.170295 -53.074024 -317.631264 -3302.082303 0.938490 -0.343998 -0.030022 -0.016388 0.042472 -0.998963 -0.344916 -0.938009 -0.034222
8.015631 -46.345294 1859.207497 169.565687 0.947488 -0.294891 -0.123719 -0.156055 -0.088678 -0.983760 -0.279131 -0.951407 0.130040
6.948383 -48.766596 1268.800917 -2272.647089 0.950001 -0.293491 -0.106593 -0.120158 -0.028529 -0.992345 -0.288203 -0.955536 0.062368
6.791449 -53.463140 131.565903 -4426.202844 0.945277 -0.319397 -0.066612 -0.053818 0.048729 -0.997361 -0.321800 -0.946367 -0.028873
19.180208 -26.922505 -5999.555236 2918.607391 0.786880 -0.612838 -0.072459 0.078437 0.215789 -0.973285 -0.612101 -0.760175 -0.217869
21.042633 -31.134690 -5501.503122 2626.426166 0.780549 -0.625034 0.008654 0.096156 0.106378 -0.989666 -0.617654 -0.773315 -0.143134
27.300790 -34.927322 -2317.610081 1808.026511 0.839607 -0.543064 -0.011881 0.070046 0.129933 -0.989046 -0.538658 -0.829578 -0.147132
25.805048 -32.234499 -2392.727568 2165.681946 0.845765 -0.525852 -0.090340 0.050415 0.247319 -0.967622 -0.531169 -0.813826 -0.235685
27.492969 -39.925985 2658.905610 917.082667 0.895694 -0.444552 -0.010294 0.059110 0.141976 -0.988104 -0.440725 -0.884430 -0.153444
28.841498 -43.699264 3131.397617 727.745890 0.890562 -0.453433 0.036019 0.055812 0.030342 -0.997980 -0.451424 -0.890774 -0.052328
0.753011 -194.567430 804.809128 42407.934964 0.534048 0.812666 0.233165 -0.027524 -0.258929 0.965504 -0.845006 0.522043 0.115913
63.440948 -913.979694 12595.972586 317264.499962 0.473953 0.818483 0.324737 -0.304429 -0.193739 0.932624 -0.826251 0.540880 -0.157347
3.957280 -292.809462 -4602.289361 69609.044850 0.496705 0.838745 0.223139 -0.060446 -0.223042 0.972933 -0.865812 0.496748 0.060087
-0.338089 -111.594418 -590.345236 16837.705392 0.504390 0.782621 0.364822 0.035073 -0.440724 0.896957 -0.862763 0.439621 0.249745
3.809953 -161.069313 -2848.476004 17316.714811 0.498485 0.786291 0.365048 0.099265 -0.470099 0.877014 -0.861196 0.400941 0.312389
25.847001 -332.527981 -5821.106478 72997.401578 0.534131 0.786416 0.310249 -0.091966 -0.310756 0.946030 -0.840385 0.533836 0.093660
-0.909273 -87.687864 534.012830 -602.220621 0.984229 -0.034210 0.173558 -0.173023 -0.390388 0.904246 -0.036821 0.920015 0.390150
-2.218225 -86.625889 539.391005 -990.514742 0.984139 -0.029612 0.174912 -0.170950 -0.421769 0.890442 -0.047405 0.906219 0.420142
-1.062573 -88.439357 627.304369 -971.243491 0.987773 -0.025245 0.153844 -0.138104 -0.599555 0.788328 -0.072336 0.799935 0.595711
-1.012652 -84.884447 477.136207 1065.725565 0.988838 -0.011421 0.148554 -0.100801 -0.785512 0.610582 -0.109718 0.618742 0.777895
-0.094233 -86.210110 301.602897 326.390451 0.988582 -0.016563 0.149773 -0.110849 -0.753213 0.648369 -0.102072 0.657568 0.746449
-56.229184 -86.000859 21.923726 -4170.698376 0.970035 -0.154059 -0.187876 0.213404 0.909903 0.355718 -0.116147 0.385152 -0.915515
-49.375127 -92.385298 1950.508464 -4352.128103 0.903393 -0.384821 -0.189194 0.428814 0.810082 0.399857 0.000611 0.442357 -0.896839
-49.861040 -74.821651 -541.711936 -5486.474654 0.967997 0.208286 -0.139996 -0.156885 0.937628 0.310228 -0.195880 0.278337 -0.940298
-26.549369 -93.586542 1193.590849 -6831.292013 -0.976262 -0.029637 -0.214555 -0.044225 0.997001 0.063513 0.212029 0.071494 -0.974645
-22.267689 -89.711126 1489.954027 -12312.577159 -0.987312 -0.007931 -0.158592 0.007957 0.995026 -0.099300 0.158590 -0.099302 -0.982338
-14.595717 -91.618885 -6167.831157 -1515.747978 0.996173 -0.017132 0.085705 0.001439 0.983681 0.179914 0.087389 0.179103 -0.979942
-30.730119 -47.737605 -2105.309344 -640.159507 0.213382 0.901961 0.375413 0.945489 -0.287411 0.153120 0.246006 0.322276 -0.914122
-29.707820 -44.312664 -2437.654425 2516.099323 0.547980 0.758982 0.351659 0.821731 -0.567058 -0.056604 0.156449 0.319987 -0.934415
5.205527 -4.361328 -4028.115775 4746.209169 -0.495197 0.154365 -0.854957 0.868178 0.124578 -0.480362 0.032357 -0.980128 -0.195707
5.657615 -6.161622 3026.007273 -2521.235698 0.973246 -0.040626 0.226145 0.229416 0.226032 -0.946719 0.012655 -0.973272 -0.229305
11.191945 -0.495715 5639.293491 2910.613070 0.809395 -0.055254 0.584659 0.584272 0.176137 -0.792213 0.059207 -0.982814 -0.174848
-0.560384 -8.931740 -1312.441641 720.702687 0.762985 -0.159369 0.626463 0.646227 0.164602 -0.745182 -0.015642 -0.973400 -0.228577
10.026152 -5.711287 -5991.569616 4557.133421 -0.524435 0.136395 -0.840455 0.850131 0.138806 -0.507947 0.047379 -0.980882 -0.188748
2.822613 -11.199395 -2023.900646 1478.353708 -0.389364 0.186458 -0.902014 0.920876 0.057990 -0.385519 -0.019576 -0.980750 -0.194284
11.414368 -44.722859 6725.229458 -3637.598792 0.968331 0.019505 0.248905 0.202127 0.523971 -0.827405 0.146557 -0.851513 -0.503435
1.790933 -45.689959 5139.948644 -3469.551241 0.976496 0.057497 0.207723 0.147827 0.522688 -0.839610 0.156849 -0.850583 -0.501903
0.507586 -50.570490 4712.685883 -2769.887829 0.980577 0.046361 0.190578 0.121037 0.621548 -0.773969 0.154335 -0.782003 -0.603864
-7.871492 -50.725256 1816.096360 -1642.627104 0.991718 0.064083 0.111307 0.051325 0.596694 -0.800826 0.117736 -0.799906 -0.588463
-8.137633 -46.652431 1875.540178 -2830.521716 0.990205 0.063027 0.124585 0.076496 0.501568 -0.861729 0.116800 -0.862819 -0.491834
3.555643 -68.010877 -105.615624 -3672.452958 0.880543 0.473487 0.021319 0.374473 -0.667424 -0.643673 0.290542 -0.574765 0.765004
1.590067 -75.697784 -156.244205 -3603.572352 0.870275 0.490961 0.039732 0.335147 -0.531102 -0.778208 0.360968 -0.690571 0.626749
4.623477 -73.316949 63.042066 -4147.862517 0.874391 0.482178 0.054262 0.380273 -0.611511 -0.693864 0.301384 -0.627343 0.718059
1.400022 -71.647876 340.462089 -3143.448296 0.872913 0.487872 -0.002070 0.316986 -0.570376 -0.757754 0.370867 -0.660797 0.652537
6.376270 -65.386692 329.179771 -3013.118325 0.882307 0.469446 0.033987 0.402527 -0.715166 -0.571410 0.243939 -0.517840 0.819961
2.976023 -63.966371 496.177695 -3428.944983 0.879164 0.475654 -0.028713 0.357525 -0.698261 -0.620168 0.315035 -0.534963 0.783943
4.041540 -58.417313 114.757830 -1982.501951 0.890672 0.453944 -0.025249 0.377996 -0.770230 -0.513678 0.252629 -0.447974 0.857612
4.957293 -59.838136 -386.913417 -2017.549184 0.893751 0.448358 0.013593 0.389986 -0.761707 -0.517411 0.221631 -0.467737 0.855629
-4.248277 -105.978489 -1430.331602 1023.562067 0.749280 -0.650601 -0.123685 0.653412 0.695856 0.298055 0.107848 0.304145 -0.946501
-5.199089 -106.451516 -1705.954909 3940.435187 0.722448 -0.680251 -0.123806 0.690406 0.719443 0.075769 -0.037529 0.140215 -0.989410
-6.271528 -101.058188 -993.518799 -3808.055441 0.774973 -0.625748 -0.088640 0.578797 0.646403 0.497149 0.253793 0.436581 -0.863126
0.445142 -115.792020 -1269.597167 5243.856083 0.725639 -0.678429 -0.114815 0.686617 0.724809 0.056654 -0.044783 0.119945 -0.991770
-3.160829 -107.314932 -1166.490302 -4481.260981 0.775488 -0.622197 -0.107186 0.575199 0.626251 0.526265 0.260315 0.469766 -0.843538
-1.018563 -101.209557 -1011.115901 -2934.445279 0.781542 -0.611794 -0.122071 0.590281 0.661865 0.462063 0.201893 0.433178 -0.878406
-1.072895 -108.957862 -613.138099 4816.524827 0.751270 -0.650022 -0.114302 0.653681 0.708942 0.264768 0.091071 0.273630 -0.957514
10.355443 -130.016793 6325.122108 -123.167894 0.961858 -0.148099 -0.229992 -0.244437 -0.842757 -0.479594 0.122801 -0.517520 0.846814
9.978291 -130.129268 5164.260383 -2664.020618 0.988492 0.013218 -0.150694 -0.087484 -0.762741 -0.640760 0.123410 -0.646569 0.752807
24.545571 -130.645218 10825.002161 4364.294702 0.965607 -0.097378 -0.241081 -0.239113 -0.696745 -0.676292 0.102116 -0.710678 0.696066
247.075123 -49.172448 84089.588152 1675.949534 0.692219 -0.108757 -0.713445 0.446041 -0.712685 0.541412 0.567344 0.693002 0.444825
237.119298 -47.718574 11171.332682 1874.662792 0.841200 0.129519 -0.524984 0.459847 -0.682130 0.568541 0.284471 0.719669 0.633367
190.177074 -45.596572 52602.011291 -549.825353 0.706757 -0.161521 -0.688771 0.506305 -0.564511 0.651907 0.494115 0.809468 0.317193
196.464012 -55.267746 102482.162888 -500.390558 0.510382 -0.344312 -0.788010 -0.464167 0.661097 -0.589492 0.723920 0.666634 0.177593
229.070038 -47.671340 121217.873582 -2140.350218 0.475152 -0.316543 -0.820994 -0.414732 0.742338 -0.526244 0.776033 0.590538 0.221443
-16.256813 -95.686964 878.407207 -2404.014017 0.811715 -0.579377 0.073759 0.378578 0.425768 -0.821828 -0.444744 -0.695013 -0.564942
-13.472016 -96.863431 675.774439 -1733.076221 0.838827 -0.536625 0.091669 0.374421 0.446446 -0.812708 -0.395194 -0.716044 -0.575414
-16.183970 -92.718739 710.885637 -2792.371107 0.815278 -0.574859 0.069705 0.274437 0.277576 -0.920671 -0.509908 -0.769733 -0.384064
-13.385991 -100.207551 875.941333 -588.485863 0.833319 -0.543548 0.100673 0.460197 0.581234 -0.671107 -0.306264 -0.605576 -0.734493
-17.683543 -92.244340 732.419526 -3741.831755 0.783882 -0.619355 0.043923 0.261855 0.265615 -0.927837 -0.562994 -0.738815 -0.370392
-18.013498 -95.454553 666.260284 -2674.047032 0.782232 -0.621940 0.036107 0.369380 0.416348 -0.830790 -0.501669 -0.663208 -0.555413
-16.196121 -97.956905 985.182534 -522.217362 0.813435 -0.577453 0.069795 0.460216 0.565573 -0.684346 -0.355703 -0.588792 -0.725810
6294.076280 -317.652966 -9425557.338876 -151553.444144 0.316411 0.172972 -0.932719 -0.107222 0.983456 0.146008 0.942543 0.053810 0.329723
786.107060 -56.794107 -493026.047985 12164.890522 0.885125 0.333229 -0.324827 -0.238242 0.924096 0.298810 0.399744 -0.187097 0.897329
2365.942298 -62.021824 -978650.559084 10868.301197 0.137542 0.293152 -0.946121 -0.343739 0.909962 0.231977 0.928938 0.293312 0.225925
25328.635339 -32.121885 20518803.799857 -150970.325674 -0.757491 0.092243 -0.646296 -0.197439 0.911241 0.361467 0.622274 0.401412 -0.672045
1369.301755 -42.113629 987907.793487 -3063.672016 -0.705007 0.132835 -0.696649 -0.128215 0.942243 0.309418 0.697514 0.307462 -0.647256
1154.688504 -30.208347 836606.547577 -7836.658892 -0.575283 0.190020 -0.795576 -0.024416 0.968219 0.248910 0.817590 0.162619 -0.552360
2190.072623 -41.413647 -2256495.321339 -26736.806386 0.260107 0.253154 -0.931803 0.047225 0.960529 0.274141 0.964424 -0.115310 0.237885
1208.815569 -36.810856 -839770.077445 10754.211602 0.863666 0.293763 -0.409615 -0.140177 0.920544 0.364623 0.484181 -0.257494 0.836221
-18.675272 -49.623728 2088.277369 1029.082583 -0.010313 0.333097 -0.942836 0.792720 -0.571996 -0.210752 -0.609499 -0.749578 -0.258153
-21.348454 -43.603781 1525.367910 -354.648510 -0.195275 0.402479 -0.894359 0.821704 -0.430696 -0.373233 -0.535416 -0.807782 -0.246614
-24.703188 -43.363169 1381.164262 1354.453819 0.023761 0.217232 -0.975831 0.777504 -0.617602 -0.118554 -0.628428 -0.755896 -0.183574
-18.676078 -47.361824 2543.975727 1052.941911 -0.115413 0.414452 -0.902723 0.841696 -0.441785 -0.310440 -0.527472 -0.795648 -0.297855
-18.530884 -54.656590 -911.000210 -3018.348361 -0.113915 -0.184198 0.976266 -0.707928 0.704490 0.050316 -0.697037 -0.685395 -0.210650
-11.685731 -59.342867 -2650.314749 -3736.085517 -0.110104 -0.265222 0.957880 -0.701704 0.703278 0.114069 -0.703909 -0.659589 -0.263541
-0.222355 -521.831890 -415.351387 -50275.718181 -0.309168 -0.100959 0.945633 -0.332396 0.943106 -0.007986 -0.891026 -0.316793 -0.325137
3.353417 -480.255545 2415.567045 43614.168309 -0.273551 -0.082200 0.958339 -0.620686 0.776220 -0.110592 -0.734791 -0.625080 -0.263356
0.172299 -95.511917 1171.214991 -6369.440360 -0.136060 -0.229709 0.963702 -0.445980 0.882812 0.147462 -0.884641 -0.409728 -0.222561
-9.393554 -108.327941 1509.787550 -6615.269918 -0.162048 -0.138742 0.976981 -0.360586 0.929923 0.072251 -0.918541 -0.340577 -0.200721
-103.164253 -538.820707 -7697.868351 -186718.540370 0.457802 0.250223 0.853115 0.476992 0.740647 -0.473201 -0.750264 0.623562 0.219716
-241.340987 -8912.463459 133119.757251 -4581880.622282 0.026271 -0.594672 0.803539 0.998591 -0.021465 -0.048534 0.046110 0.803682 0.593270
-114.713820 -1256.455297 4111.593227 -484230.624913 -0.222390 0.142833 0.964438 0.306278 0.949367 -0.069976 -0.925601 0.279824 -0.254876
-23.393794 -68.525047 1677.700657 -1505.013372 0.917096 -0.350430 -0.190088 0.363979 0.930521 0.040615 0.162649 -0.106436 0.980927
-4.933552 -116.139423 2077.315054 -18754.419974 0.817125 -0.556232 -0.151372 -0.575581 -0.801746 -0.160962 0.031830 -0.218653 0.975283
-169.115072 -714.518589 -61011.006750 227923.539666 0.937902 0.255998 0.234106 -0.208742 -0.122524 0.970265 -0.277070 0.958881 0.061478
-0.405870 -515.874142 -37222.629840 192018.830943 0.983819 0.167322 0.064064 -0.020232 -0.251528 0.967639 -0.178021 0.953277 0.244072
-99.661279 -2073.506178 -82636.243742 734528.372407 0.940093 0.203331 -0.273646 0.331090 -0.353175 0.875013 -0.081273 0.913194 0.399338
-75.947078 -1288.525382 23466.873675 512219.744487 0.927433 -0.333879 0.168501 -0.271680 -0.291833 0.917073 0.257017 0.896303 0.361364
-305.687831 -2533.498840 -35932.017702 957179.866775 0.995914 -0.088265 -0.019073 -0.002712 -0.240356 0.970681 0.090262 0.966663 0.239614
-52.696413 -67.516473 4527.500051 3054.939137 -0.297183 0.840364 -0.453289 0.284894 0.531155 0.797941 -0.911327 -0.107995 0.397265
-59.441400 -71.369601 1929.856836 90.432103 -0.306301 0.951613 -0.024731 0.439575 0.164437 0.883026 -0.844366 -0.259601 0.468672
-56.388341 -64.823853 4154.808124 51.648891 -0.201434 0.952687 -0.227624 0.474689 0.298222 0.828091 -0.856793 -0.058755 0.512302
-55.771008 -72.472389 3230.912975 864.196248 -0.386462 0.874500 -0.293083 0.182277 0.383923 0.905195 -0.904114 -0.296401 0.307772
-47.905554 -71.209168 2442.052993 3014.280506 -0.284069 0.804903 -0.520994 0.137732 0.572000 0.808607 -0.948860 -0.157942 0.273349
-20.984850 -52.427490 17576.973817 -2081.081816 0.487217 -0.460955 -0.741714 -0.410316 0.628916 -0.660382 0.770883 0.626087 0.117282
-45.855873 -57.787157 13074.580570 -3289.619247 0.508588 -0.282823 -0.813234 -0.393718 0.763586 -0.511784 0.765718 0.580472 0.276998
-5.032524 -50.720432 -24738.189311 -1132.753538 -0.509258 0.614189 0.602850 -0.194036 0.600510 -0.775717 0.838455 0.512015 0.186640
41.888353 -49.839318 -36368.608628 367.797870 -0.483011 0.662741 0.572254 -0.135964 0.588852 -0.796723 0.864994 0.462632 0.194313
52.841770 -43.637757 -27037.122032 1081.443796 -0.560463 0.625419 0.542893 -0.221377 0.518536 -0.825901 0.798044 0.583071 0.152166
-3.453010 -43.373339 1672.639264 1039.916678 0.955420 -0.168449 0.242481 -0.033435 -0.877722 -0.478003 -0.293350 -0.448587 0.844225
-0.166586 -43.514133 457.601548 534.813372 0.953521 -0.129525 0.272067 -0.019455 -0.927480 -0.373366 -0.300697 -0.350719 0.886892
-1.114146 -42.046252 -1031.849738 52.222013 0.946025 -0.127505 0.297960 -0.001402 -0.920961 -0.389652 -0.324092 -0.368202 0.871431
-11.886923 -44.230437 109.918844 -2124.329097 0.968378 -0.201160 -0.147573 0.025443 -0.508800 0.860509 0.248185 0.837053 0.487593
-10.792918 -46.690326 122.555701 -33.948301 0.970969 -0.186598 -0.149669 0.006003 -0.606486 0.795071 0.239131 0.772888 0.587759
-9.333653 -46.014994 151.404292 -1395.919275 0.961021 -0.249178 -0.119787 -0.033981 -0.536432 0.843259 0.274379 0.806319 0.523990
-13.105132 -43.819767 854.592375 -1451.270722 0.970429 -0.158099 -0.182406 0.073703 -0.525505 0.847592 0.229859 0.835972 0.498313
-10.789812 -41.107374 94.910824 -3400.280159 0.959515 -0.256403 -0.116565 -0.008714 -0.440682 0.897621 0.281521 0.860265 0.425076
-13.886239 -38.847521 1191.201656 -3286.911784 0.966203 -0.175822 -0.188515 0.098318 -0.424675 0.899991 0.238296 0.888109 0.393036
-13.122993 -38.583830 -79.352115 -3801.629930 0.967690 -0.207593 -0.143111 0.046267 -0.411748 0.910123 0.247860 0.887338 0.388840
9.344829 -79.460799 800.842080 -4133.969716 0.972654 0.146169 0.180498 0.186893 -0.953960 -0.234587 -0.137899 -0.261906 0.955191
10.793877 -84.710710 210.451222 -3912.129917 0.977984 0.062463 0.199114 0.104895 -0.971996 -0.210288 -0.180403 -0.226544 0.957148
5.049087 -79.803402 -711.174196 2677.982429 0.980296 -0.023868 0.196086 0.021758 0.999680 0.012911 -0.196332 -0.008390 0.980502
53.279827 -20.515723 -15322.787122 -4678.727082 0.989533 -0.054304 -0.133697 0.114312 -0.270469 0.955918 0.088071 0.961196 0.261431
13.959675 -19.646698 -8284.899156 -3137.536081 0.994828 -0.078092 -0.064946 0.046396 -0.219432 0.974524 0.090354 0.972497 0.214674
37.796115 -20.060872 -12041.220566 -1956.934642 0.992731 -0.080699 -0.089291 0.069105 -0.225221 0.971854 0.098538 0.970960 0.218007
11.522981 -115.022618 -2497.654230 -9127.588840 0.274571 0.296233 0.914799 0.961519 -0.075132 -0.264264 -0.009554 0.952156 -0.305463
9.076074 -118.279861 -913.781411 -8771.827427 0.348491 0.306882 0.885651 0.935176 -0.050083 -0.350625 -0.063245 0.950429 -0.304443
17.495649 -124.670367 -4985.334530 -11359.295472 0.289669 0.332151 0.897646 0.948058 -0.228372 -0.221434 0.131447 0.915162 -0.381050
24.914297 -119.556056 -5410.044298 -9078.974993 0.189491 0.315892 0.929680 0.959800 -0.259269 -0.107534 0.207068 0.912684 -0.352322
16.449773 -102.000628 -790.003079 -4792.643780 0.195235 0.242567 0.950286 0.979324 -0.100570 -0.175530 0.052993 0.964908 -0.257187
8.315875 -31.026782 -720.645634 -3448.196856 0.932592 -0.360803 0.009681 -0.329710 -0.840697 0.429557 0.146847 0.403793 0.902988
-9.137113 -312.341909 -3748.886111 -23800.888384 -0.046296 -0.307137 -0.950539 0.809048 0.546603 -0.216022 0.585916 -0.779033 0.223183
-13.500503 -726.714800 -18444.374195 -26752.369966 -0.008377 -0.310455 -0.950551 0.789339 0.581531 -0.196888 0.613900 -0.751957 0.240183
1.567410 -621.582943 486.013078 88533.943202 -0.060726 -0.296870 -0.952985 0.231284 0.924578 -0.302759 0.970989 -0.238796 0.012516
34.569328 -489.634408 9674.453601 19062.985585 -0.212616 -0.223538 -0.951223 0.407547 0.864479 -0.294247 0.888088 -0.450230 -0.092700
64.723115 -1233.180754 -8192.662502 426021.590130 -0.140034 -0.222239 -0.964884 0.798564 0.550785 -0.242757 0.585393 -0.804516 0.100343
35.841406 -367.574127 -3846.040908 51447.980781 -0.116746 -0.286677 -0.950887 0.607184 0.737062 -0.296760 0.785937 -0.612010 0.088017
47.160390 -1636.136011 3230.643206 722445.004665 -0.053245 -0.147436 -0.987637 0.259035 0.953146 -0.156252 0.964399 -0.264152 -0.012560
18.772533 -47.750313 1117.020945 419.085053 0.927981 -0.372610 0.003639 -0.050907 -0.136444 -0.989339 -0.369134 -0.917902 0.145585
20.556013 -48.364605 2579.760887 484.889234 0.925499 -0.376723 0.039148 0.022007 -0.049699 -0.998522 -0.378111 -0.924992 0.037706
11.896250 -51.951897 1495.903878 -2611.711424 0.937957 -0.346685 -0.006772 0.012049 0.052104 -0.998569 -0.346542 -0.936533 -0.053049
18.120613 -49.344328 3265.848250 -1221.214909 0.934492 -0.355984 0.000118 0.017164 0.044726 -0.998852 -0.355570 -0.933421 -0.047906
9.922899 -23.447202 -4805.840777 2672.058738 0.767675 -0.640824 -0.004366 0.128192 0.160234 -0.978720 -0.627887 -0.750779 -0.205156
20.097551 -115.595955 -2521.210833 -20087.271419 -0.857301 0.425689 -0.289523 0.259542 0.843065 0.471041 0.444604 0.328681 -0.833245
23.323748 -143.009791 -2948.048515 -27618.063894 -0.848563 0.466724 -0.249219 0.225098 0.744731 0.628257 0.478824 0.477017 -0.737009
23.544124 -129.476685 -1508.589981 -27126.631121 -0.901112 0.365331 -0.233517 0.238607 0.867514 0.436447 0.362027 0.337568 -0.868898
16.331949 -116.734670 -1584.096143 -12027.677897 -0.819313 0.494559 -0.290066 0.226806 0.744218 0.628251 0.526579 0.448945 -0.721916
13.635521 -105.021245 -1999.151512 -3721.781932 -0.817825 0.477313 -0.321456 0.278925 0.817383 0.504070 0.503351 0.322579 -0.801611
-61.268389 -87.294504 -479.831320 198.775510 0.957824 -0.179262 -0.224586 0.271537 0.820364 0.503259 -0.094027 0.543017 -0.834441
-58.213194 -82.995391 -973.255757 -2011.852839 0.968482 0.109695 -0.223627 0.013574 0.873226 0.487127 -0.248712 0.474809 -0.844215
13.763587 -23.950459 -4748.494035 110.877038 0.962462 -0.261823 0.071525 0.086178 0.544679 0.834205 0.257372 0.796727 -0.546796
29.421688 -29.288599 -7967.692858 892.477200 0.956094 -0.292296 0.021146 0.153234 0.560120 0.814116 0.249808 0.775131 -0.580317
30.586609 -30.150471 -11653.868214 -1295.651671 0.966751 -0.230221 0.111311 0.034188 0.547742 0.835949 0.253423 0.804349 -0.537401
12.168262 -23.627436 -2404.548179 3535.511523 0.938542 -0.336582 -0.076492 0.249653 0.508923 0.823815 0.238353 0.792281 -0.561674
23.512956 -29.979094 -10003.815242 -3952.280947 0.969830 -0.190535 0.152072 -0.025253 0.541927 0.840046 0.242470 0.818542 -0.520765
6.577645 -21.228369 -2082.612699 686.165044 0.949509 -0.313200 -0.018377 0.184232 0.509198 0.840699 0.253949 0.801638 -0.541190
12.475672 -8.646171 2616.833365 -4659.824360 0.999484 -0.017722 -0.026807 -0.022526 0.208553 -0.977752 -0.022918 -0.977851 -0.208046
14.186996 -17.874687 2447.572484 -2503.713588 0.985811 -0.050886 0.159958 0.167855 0.293563 -0.941088 -0.000931 -0.954585 -0.297939
5.671793 -13.986597 854.809284 -1652.962840 0.942131 -0.083501 0.324679 0.335169 0.255147 -0.906952 0.007110 -0.963290 -0.268369
