13024
26039
-23.903374 -34.876675 -278.107127 2236.602294 0.749603 -0.358902 0.556133 0.645418 0.210083 -0.734371 -0.146733 -0.909426 -0.389120
-22.708732 -35.736877 -430.829395 2225.844650 0.866914 -0.285765 0.408409 0.474964 0.224996 -0.850756 -0.151226 -0.931512 -0.330780
-27.631187 -39.732075 -153.711011 1074.964147 0.743494 -0.331715 0.580674 0.615441 -0.000303 -0.788183 -0.261629 -0.943379 -0.203926
-23.251323 -35.165375 139.583417 2225.800415 0.959166 -0.110387 0.260414 0.281868 0.296609 -0.912455 -0.023482 -0.948598 -0.315612
-24.825441 -45.290882 -32.828860 2288.651210 -0.558887 0.366631 -0.743793 0.785868 -0.052120 -0.616194 -0.264682 -0.928905 -0.258994
-19.131532 -44.787075 636.239967 3332.999030 -0.506223 0.453387 -0.733606 0.835157 0.045596 -0.548118 -0.215060 -0.890147 -0.401731
-18.404577 -30.615801 805.560609 2343.046274 -0.681565 0.434977 -0.588442 0.723483 0.279975 -0.631020 -0.109730 -0.855809 -0.505520
-20.506743 -26.047440 26.974719 791.080053 0.997958 0.002871 -0.063805 -0.058824 0.430477 -0.900683 -0.024881 -0.902597 -0.429767
-28.521569 -39.425331 106.619039 -825.388582 -0.606945 0.527898 -0.594089 0.129444 0.803205 0.581469 0.784132 0.276019 -0.555834
-27.794405 -41.748922 -578.796021 -1083.178323 -0.680316 0.549285 -0.485239 0.242139 0.793334 0.558560 0.691765 0.262502 -0.672721
-26.495645 -39.956023 109.279007 1187.444718 -0.685300 0.543030 -0.485265 0.020332 0.680341 0.732614 0.727977 0.492194 -0.477278
-9.690284 -17.905075 -342.322714 318.652428 0.116148 0.311441 -0.943141 0.212418 0.919809 0.329895 0.970252 -0.238657 0.040679
-9.118285 -17.545950 52.118736 387.069045 0.118851 0.511351 -0.851114 0.147122 0.838658 0.524412 0.981952 -0.187545 0.024444
-6.299370 -15.416702 -456.041972 503.751302 0.117628 0.227431 -0.966664 0.114735 0.963790 0.240716 0.986407 -0.139225 0.087275
-6.035545 -17.718153 -511.407596 640.951717 0.103733 0.025733 -0.994272 0.196054 0.979523 0.045805 0.975091 -0.199682 0.096564
-8.965609 -18.901365 -706.520915 399.419170 0.099347 0.101649 -0.989847 0.284674 0.950287 0.126157 0.953463 -0.294317 0.065471
-13.943861 -17.415441 -3057.773828 1678.335679 -0.396173 0.912259 -0.104069 -0.070283 0.082880 0.994078 -0.915482 -0.401141 -0.031281
-1.321504 -16.199716 -3998.024958 -3447.644814 -0.390496 0.595545 0.702025 -0.188243 0.694803 -0.694128 -0.901154 -0.403205 -0.159211
-3.925999 -8.979765 -2329.858311 4317.376683 -0.360004 0.658923 0.660468 0.227358 -0.624627 0.747094 -0.904824 -0.419119 -0.075057
-3.615796 -33.270564 -114.049270 580.631548 0.985404 0.163504 0.047383 -0.074571 0.164382 0.983574 -0.153029 0.972751 -0.174175
-2.602427 -34.158001 -62.942260 625.706156 0.983568 0.177141 0.034845 -0.066987 0.178855 0.981592 -0.167648 0.967798 -0.187782
-3.533156 -29.973862 -163.450101 705.342635 0.983168 0.172779 0.059397 -0.056442 -0.021973 0.998164 -0.173767 0.984716 0.011851
-4.577295 -29.285392 -165.719042 673.509794 0.987256 0.147488 0.059773 -0.054838 -0.037306 0.997798 -0.149393 0.988360 0.028743
-4.218615 -32.541224 -120.716589 575.462221 0.989196 0.138898 0.046898 -0.067502 0.147560 0.986747 -0.130137 0.979251 -0.155342
24.818462 -38.898370 -3190.140106 -136.214728 -0.448658 0.656036 -0.606896 0.361317 -0.487956 -0.794575 0.817408 0.575774 0.018111
52.755194 -37.236584 -6127.557120 879.927269 -0.469748 0.605243 -0.642664 0.344549 -0.544553 -0.764688 0.812787 0.580640 -0.047267
21.062367 -38.874748 -2829.163234 -992.856787 -0.456015 0.653719 -0.603906 0.242842 -0.561418 -0.791099 0.856200 0.507407 -0.097264
4.060233 -40.656329 -1044.462837 -868.993796 -0.493776 0.678040 -0.544469 0.205590 -0.517348 -0.830713 0.844937 0.522123 -0.116056
5.904199 -39.293780 -1219.507646 -333.207023 -0.482032 0.682938 -0.548854 0.340687 -0.431037 -0.835548 0.807204 0.589748 0.024895
3.464578 -61.846997 -297.650533 -2995.053117 0.727960 -0.449543 0.517674 0.485124 0.871273 0.074417 -0.484489 0.196963 0.852335
3.105097 -56.846103 -332.881108 -3469.476563 0.698825 -0.470676 0.538617 0.402144 0.881255 0.248335 -0.591544 0.043059 0.805122
2.044082 -64.974170 -193.180731 -2928.383811 0.697840 -0.478686 0.532803 0.527176 0.846839 0.070354 -0.484875 0.231785 0.843310
2.095100 -24.117516 -291.959440 -180.863912 -0.262071 0.413599 -0.871926 0.143001 0.910173 0.388761 0.954395 -0.022803 -0.297675
2.199252 -23.531246 -8.415403 59.437442 -0.275477 0.436210 -0.856641 0.046640 0.896136 0.441323 0.960176 0.081620 -0.267210
2.822429 -24.461651 -80.099307 -663.643651 -0.279618 0.420673 -0.863046 0.156273 0.906856 0.391396 0.947308 -0.025429 -0.319313
2.902046 -24.634778 -297.693392 -206.141408 -0.261893 0.419975 -0.868926 0.241802 0.900188 0.362206 0.934315 -0.115249 -0.337304
2.158017 -24.536151 -675.385437 254.174371 -0.249057 0.375755 -0.892625 0.222659 0.919195 0.324814 0.942546 -0.117853 -0.312597
-5.298230 -21.802299 541.330609 952.650851 0.895767 0.000177 0.444523 0.374090 0.539873 -0.754051 0.240119 -0.841746 -0.483535
-1.931610 -22.396958 655.758912 564.222160 0.820393 -0.049864 0.569621 0.526065 0.456205 -0.717727 0.224075 -0.888476 -0.400500
-3.734076 -24.507134 738.312634 385.510342 0.896747 -0.004022 0.442526 0.407977 0.394949 -0.823146 0.171465 -0.918694 -0.355810
-7.639238 -25.684563 289.265374 692.152416 0.963965 0.030908 0.264227 0.212461 0.508289 -0.834567 0.160098 -0.860632 -0.483406
-8.112053 -21.413873 256.563158 615.165374 0.956677 0.063902 0.284051 0.189724 0.603211 -0.774688 0.220848 -0.795017 -0.564955
-5.772862 -62.258344 -123.335798 -854.990831 -0.788660 0.156576 -0.594558 0.368369 0.894580 -0.253043 0.492259 -0.418581 -0.763198
-5.626633 -65.154405 -29.676483 311.625549 0.778780 -0.188291 0.598371 0.484603 0.786290 -0.383286 0.398324 -0.588468 -0.703594
-5.588099 -64.562009 11.804512 -487.248993 0.805670 -0.181761 0.563790 0.399709 0.869238 -0.290960 0.437183 -0.459770 -0.772970
-5.874847 -64.206560 164.855195 -286.938116 0.772576 -0.164559 0.613227 0.445993 0.828078 -0.339672 0.451904 -0.535917 -0.713145
-5.413212 -63.729084 40.839310 -235.708165 -0.818647 0.160207 -0.551499 0.279578 0.950003 -0.139035 0.501651 -0.268008 -0.822507
-5.502333 -62.357457 -233.436782 -338.733702 -0.795690 0.142833 -0.588622 0.247664 0.963570 -0.100971 0.552757 -0.226122 -0.802078
-5.111237 -61.796024 -128.987570 -960.075923 -0.792307 0.133383 -0.595364 0.283099 0.944777 -0.165082 0.540467 -0.299342 -0.786314
-0.658841 -83.308745 16.298651 5222.909600 0.760380 -0.005592 0.649454 -0.473543 -0.689141 0.548490 -0.444498 0.724606 0.526658
-1.109150 -103.755266 -36.597199 6651.964363 0.752040 -0.012844 0.658993 -0.575466 -0.500269 0.646969 -0.321364 0.865775 0.383613
-1.053853 -89.498668 -121.450228 4880.231410 0.754146 0.007807 0.656660 -0.490318 -0.658497 0.570938 -0.436865 0.752543 0.492775
-1.793234 -95.284435 148.369753 4999.274050 0.768585 0.003972 0.639736 -0.501214 -0.617697 0.605999 -0.397570 0.786406 0.472761
-1.436402 -75.393482 31.256890 3745.715614 0.764429 0.004850 0.644689 -0.360676 -0.825629 0.433877 -0.534379 0.564192 0.629386
-9.889303 -23.668839 -64.585575 -72.976936 -0.165346 0.735031 -0.657564 -0.525362 -0.629913 -0.572019 0.834659 -0.250878 -0.490310
-9.624862 -23.971336 52.321874 513.608630 -0.279375 0.661556 -0.695912 0.519703 0.713614 0.469748 0.807378 -0.230432 -0.543178
-9.913538 -22.077798 232.897970 281.483484 -0.298622 0.675631 -0.674053 0.448294 0.722814 0.525902 0.842530 -0.145128 -0.518730
-7.835302 -20.825093 315.300357 608.223394 -0.372538 0.671777 -0.640258 0.409953 0.738083 0.535884 0.832559 -0.062839 -0.550361
-10.143592 -19.672145 464.364659 467.405603 -0.323737 0.702998 -0.633237 0.382429 0.709397 0.592034 0.865415 -0.050505 -0.498504
-11.641427 -20.428502 176.376426 -348.571296 -0.260886 0.724247 -0.638283 -0.386881 -0.684200 -0.618218 0.884455 -0.085655 -0.458696
-11.598569 -22.382352 23.350977 -247.669056 -0.184828 0.753533 -0.630893 -0.429302 -0.639371 -0.637890 0.884046 -0.152944 -0.441667
2.440112 -221.765009 48.994249 -1431.985246 0.826016 0.034905 0.562565 -0.539953 0.335344 0.772007 0.161706 0.941449 -0.295847
32.718796 -1281.229547 6828.750658 -279663.672730 0.827577 0.013699 0.561184 -0.355511 0.786456 0.505073 0.434428 0.617494 -0.655723
3.492204 -323.004762 191.995343 -39435.686100 0.837002 0.047415 0.545142 -0.480071 0.541726 0.689975 0.262602 0.839217 -0.476188
-25.470961 -700.148601 4277.687061 -180434.626225 0.428623 -0.656845 0.620352 0.878475 0.463420 -0.116289 -0.211100 0.594808 0.775654
10.711083 -1775.957702 2702.481092 518956.356334 -0.245040 0.878682 -0.409723 -0.412346 0.288025 0.864299 -0.877454 -0.380736 -0.291744
-10.504839 -1953.598560 -3894.569470 -423858.915857 0.011724 0.805550 -0.592412 0.484464 0.513697 0.708103 -0.874732 0.295305 0.384237
43.430368 -2083.033899 6804.566567 -781475.678325 -0.356119 0.857946 -0.370281 0.870686 0.160800 -0.464811 -0.339242 -0.487927 -0.804265
-20.968819 -1856.626907 691.025467 -394565.538505 0.524741 -0.638529 0.562963 0.741196 0.017467 -0.671062 0.418659 0.769399 0.482441
25.139559 -2869.146465 -7252.451965 -293878.495853 -0.566668 0.686640 -0.455425 0.053648 -0.520816 -0.851982 0.822198 0.507224 -0.258293
-98.585068 -3841.631641 -4170.062793 396776.366967 -0.590937 0.729924 -0.343518 -0.516753 -0.669489 -0.533620 0.619484 0.137822 -0.772816
-37.269522 -4777.999807 1281.500303 -111718.918858 0.468554 -0.708790 0.527327 0.706453 -0.057793 -0.705397 0.530454 0.703048 0.473647
-6.829952 -23.431363 -270.921863 -671.341332 0.093500 0.783891 -0.613818 -0.172938 -0.594360 -0.785385 0.980485 -0.179586 -0.079992
-7.694747 -22.918610 159.156087 -594.230339 0.110363 0.780645 -0.615154 -0.201215 -0.588569 -0.783007 0.973310 -0.210193 -0.092121
-8.443968 -25.289806 -81.559622 -63.011687 0.096999 0.819385 -0.564978 -0.322141 -0.511252 -0.796773 0.941709 -0.259289 -0.214366
-8.402066 -24.713222 -315.420635 -487.642725 0.076026 0.818567 -0.569357 -0.206981 -0.545616 -0.812073 0.975387 -0.179585 -0.127947
-9.539647 -26.308915 -398.775329 110.802368 0.064243 0.830880 -0.552730 -0.337423 -0.503166 -0.795594 0.939158 -0.237616 -0.248033
0.953827 -3.234286 -71.227473 -23.113638 0.609096 -0.521559 0.597477 0.012427 0.759531 0.650353 -0.792999 -0.388703 0.469108
2.550610 -3.824229 370.807100 -188.599411 0.619732 -0.460331 0.635632 -0.045852 0.787294 0.614871 -0.783473 -0.410200 0.466805
1.978462 -4.960349 123.653384 -317.730061 0.592911 -0.551077 0.587172 0.035745 0.746455 0.664475 -0.804474 -0.372986 0.462280
4.282800 -1.874464 604.998539 -76.762715 -0.512919 0.835426 -0.197427 0.333994 0.406077 0.850617 -0.790798 -0.370359 0.487312
3.106552 -0.435784 445.544503 -231.548448 -0.582034 0.667323 -0.464669 0.133429 0.642062 0.754952 -0.802143 -0.377408 0.462742
1.552114 -3.035206 326.459736 6.588438 -0.569727 0.712154 -0.410179 0.194822 0.601909 0.774435 -0.798408 -0.361305 0.481667
-82.233234 -443.839742 -9648.484598 61125.709104 0.598562 0.698843 -0.391589 -0.378598 0.677576 0.630519 -0.705965 0.229150 -0.670152
-252.196999 -413.976933 41047.645646 3538.447846 -0.261242 0.588955 0.764778 0.374849 0.792010 -0.481880 -0.889517 0.160789 -0.427675
-269.979795 -753.479485 36239.366441 307996.306171 -0.030216 0.998662 -0.041969 -0.025823 0.041194 0.998817 -0.999210 -0.031264 -0.024543
-105.632644 -219.162304 -5454.868808 27108.249242 -0.621149 -0.595428 0.509549 -0.309268 0.783658 0.538732 -0.720088 0.177046 -0.670915
-25.117398 -389.278056 -8987.867028 60911.865481 0.524421 0.703829 -0.479173 -0.325986 0.685855 0.650643 -0.786585 0.185007 -0.589115
-133.876671 -1078.400510 -8847.159259 180310.567822 0.599159 0.774246 -0.203842 -0.727596 0.632799 0.264894 -0.334084 0.010399 -0.942486
17.132617 -112.566208 970.747242 11480.610602 0.673578 0.710089 0.205101 0.088363 0.198139 -0.976183 0.733815 -0.675659 -0.070716
23.496943 -161.887997 2706.997389 17802.753037 0.702746 0.698112 0.137067 0.288234 -0.103237 -0.951979 0.650437 -0.708507 0.273769
13.425329 -110.087713 1984.687714 13668.163844 0.660327 0.737114 0.143639 0.132562 0.073858 -0.988419 0.739186 -0.671720 0.048943
-7.255775 -14.092753 -2394.607215 1091.453362 0.928207 0.178000 0.326723 -0.038173 0.919061 -0.392261 -0.370101 0.351628 0.859874
-13.182018 -18.395281 -1061.676362 1745.510072 0.852957 0.497677 0.157424 -0.393486 0.811212 -0.432554 -0.342977 0.307006 0.887758
-12.314050 -15.254880 -553.233343 -3021.619429 -0.181563 -0.929572 0.320828 0.916462 -0.041656 0.397947 -0.356556 0.366279 0.859481
-7.421726 -17.907324 -1610.169627 1240.015967 0.924604 -0.002873 0.380920 0.116647 0.954070 -0.275942 -0.362632 0.299570 0.882471
-4.187334 -11.416516 -2238.093305 -924.262991 0.933095 0.128429 0.335917 -0.019785 -0.914314 0.404522 -0.359086 0.384103 0.850601
-2.238444 -14.868215 -1033.922650 -989.278560 0.925605 -0.058250 0.373982 -0.179089 -0.937881 0.297163 -0.333440 0.342032 0.878540
61.055716 -33.091886 -9834.252246 727.441220 0.213177 0.927479 -0.307146 0.382965 -0.368538 -0.847064 0.898829 -0.062948 0.433755
37.140667 -33.641013 -7715.897103 1378.109455 0.287378 0.939556 -0.186140 0.457247 -0.305338 -0.835281 0.841629 -0.154929 0.517357
61.144262 -43.895426 -8657.831149 1392.669267 0.118028 0.968460 -0.219443 0.539412 -0.248069 -0.804672 0.833729 0.023396 0.551678
29.313712 -26.928154 -7336.773696 449.024445 0.325534 0.923334 -0.203671 0.390157 -0.327383 -0.860580 0.861281 -0.200684 0.466819
53.582651 -21.147703 -10546.554010 1871.264944 0.296893 0.866971 -0.400269 0.205125 -0.467287 -0.859981 0.932619 -0.173217 0.316572
25.804168 -19.956600 -6985.585306 1248.496850 0.358565 0.893690 -0.269722 0.303386 -0.384812 -0.871709 0.882829 -0.230735 0.409113
-4.730295 -36.898681 -2225.697845 917.947640 -0.159364 0.668295 0.726626 -0.003747 0.735618 -0.677386 -0.987213 -0.110673 -0.114727
4.109297 -33.281898 -1520.897443 577.439375 -0.131437 0.683866 0.717671 -0.116279 0.708318 -0.696250 -0.984481 -0.174963 -0.013579
-5.068877 -36.692085 -2036.871933 267.175395 -0.156423 0.719776 0.676353 0.192324 -0.649479 0.735656 -0.968785 -0.245152 0.036837
5.532981 -24.847709 1346.320586 -57.585912 0.094832 -0.778439 0.620516 0.963727 -0.084419 -0.253189 0.249475 0.622018 0.742197
10.163702 -25.270703 986.097296 64.323620 0.100724 -0.760604 0.641355 0.958254 -0.099213 -0.268152 0.267589 0.641591 0.718859
6.725524 -24.840663 1376.852850 157.516046 0.089783 -0.776621 0.623537 0.925411 -0.166387 -0.340486 0.368177 0.607598 0.703755
6.216392 -24.366385 1330.556711 -147.769699 0.114661 -0.775972 0.620258 0.983476 0.000616 -0.181036 0.140097 0.630767 0.763221
0.207064 -24.666532 1505.385282 -85.367104 0.086550 -0.787109 0.610711 0.959923 -0.098135 -0.262521 0.266564 0.608957 0.747071
-0.028489 -23.876491 1509.973434 -182.252404 0.104433 -0.788785 0.605733 0.984766 -0.003131 -0.173858 0.139033 0.614661 0.776441
-2.318035 -27.912592 -385.481974 -679.592745 -0.158996 0.294662 -0.942282 0.986056 0.094882 -0.136712 0.049122 -0.950880 -0.305639
-4.242154 -28.714545 28.668008 -598.933568 -0.163705 0.339020 -0.926426 0.982845 0.136915 -0.123572 0.084948 -0.930763 -0.355618
7.485927 -25.485074 -1483.313262 -175.186055 -0.336801 0.235365 -0.911685 0.913817 0.315082 -0.256245 0.226944 -0.919417 -0.321200
-4.291270 -26.706261 91.237319 -600.850464 -0.145012 0.339248 -0.929453 0.986414 -0.023722 -0.162558 -0.077195 -0.940398 -0.331199
15.936967 -23.555310 -2762.875346 -382.775776 -0.395973 0.195565 -0.897196 0.903172 0.259349 -0.342079 0.165788 -0.945776 -0.279324
-0.512933 -26.605515 -693.728553 -617.654173 -0.193249 0.263065 -0.945226 0.981106 0.060912 -0.183632 0.009268 -0.962853 -0.269866
-3.736708 -25.687471 -101.517367 -461.944300 -0.142038 0.305899 -0.941409 0.984403 -0.056086 -0.166750 -0.103808 -0.950411 -0.293161
2.536358 -47.461082 103.753308 -852.779675 0.193776 -0.164441 0.967166 0.969821 -0.116598 -0.214132 0.147982 0.979471 0.136884
2.290523 -43.753520 265.987133 -383.054184 0.239495 -0.162814 0.957149 0.952566 -0.151260 -0.264079 0.187774 0.974993 0.118865
3.938137 -45.813867 187.491565 877.948023 0.237215 -0.172430 0.956032 0.886405 -0.364274 -0.285639 0.397510 0.915190 0.066431
-1.001638 -62.304364 -46.029111 -1234.332517 -0.489544 0.190126 -0.850999 -0.030761 0.971567 0.234758 0.871436 0.141102 -0.469776
-0.711195 -66.999017 -39.509879 -618.968248 -0.489352 0.159164 -0.857439 -0.064159 0.973969 0.217412 0.869723 0.161404 -0.466401
-1.243114 -65.055187 -24.227172 1589.524049 -0.491797 0.155441 -0.856723 -0.248408 0.917996 0.309156 0.834523 0.364859 -0.412855
-1.576651 -61.120957 -7.823524 516.083462 -0.489461 0.177319 -0.853807 -0.219911 0.922363 0.317625 0.843841 0.343227 -0.412466
-1.232963 -57.127072 50.718900 -1218.050345 -0.492574 0.220763 -0.841804 -0.011417 0.965568 0.259900 0.870196 0.137631 -0.473093
-0.959038 -9.480004 -170.366293 700.046965 0.127991 0.946655 -0.295740 -0.005808 -0.297472 -0.954713 0.991758 -0.123912 0.032576
2.068415 -6.893363 -245.561342 498.591397 0.115443 0.993314 -0.000073 0.014744 -0.001787 -0.999890 0.993205 -0.115429 0.014852
1.931754 -5.842595 -252.860600 497.919698 0.119767 0.990388 -0.069192 -0.008311 -0.068691 -0.997603 0.992767 -0.120055 -0.000005
21.989769 -24.013151 2725.782794 -804.346213 0.539976 -0.649397 -0.535452 0.715293 0.018770 0.698573 -0.443601 -0.760218 0.474645
25.579215 -21.233676 -801.541053 -674.310643 0.494863 -0.710153 -0.500793 0.726899 0.022506 0.686376 -0.476161 -0.703688 0.527346
17.957669 -29.656722 2361.532877 -1562.901201 0.647397 -0.615566 -0.449396 0.685859 0.213395 0.695744 -0.332377 -0.758644 0.560343
-2.974797 -38.289178 247.713572 3279.989760 0.786704 -0.452092 0.420369 0.616011 0.619397 -0.486701 0.040341 -0.641841 -0.765776
-2.569840 -39.178357 145.035043 3965.607140 0.774426 -0.464194 0.429870 0.628036 0.646089 -0.433751 0.076389 -0.605881 -0.791879
-2.682885 -48.494451 63.006020 4586.847852 0.804643 -0.445087 0.392998 0.591636 0.545083 -0.594013 -0.050171 -0.710480 -0.701926
-1.842602 -49.367570 -359.267203 4760.408790 0.812593 -0.467355 0.348240 0.572313 0.526834 -0.628414 -0.110227 -0.709947 -0.695575
0.017810 -93.829886 7.354336 2737.150503 0.883301 -0.423514 0.201035 -0.008081 -0.442515 -0.896724 -0.468737 -0.790453 0.394297
0.598734 -113.822490 -534.099490 4127.186438 0.876675 -0.433036 0.209575 -0.041817 -0.502573 -0.863523 -0.479263 -0.748265 0.458701
-0.008733 -94.277375 50.995411 4812.472320 0.882189 -0.434969 0.180403 0.057897 -0.280009 -0.958250 -0.467323 -0.855802 0.221837
-1.193653 -79.229037 -116.122440 2824.395829 0.883170 -0.439104 0.164918 0.074797 -0.215257 -0.973689 -0.463050 -0.872269 0.157265
-0.796267 -90.185460 -213.316873 1963.416214 0.884902 -0.413795 0.213826 -0.029542 -0.508011 -0.860844 -0.464839 -0.755445 0.461765
5.794211 -95.537158 -323.473828 -4395.894569 0.882930 -0.428982 0.190813 -0.468557 -0.779288 0.416130 0.029814 0.456820 0.889059
3.657921 -94.118741 -506.337128 -104.805659 0.857074 -0.476452 0.196003 -0.500541 -0.860170 0.097811 -0.121993 0.181938 0.975713
4.781334 -85.930128 -153.929668 -2618.915387 0.888475 -0.417092 0.191431 -0.458247 -0.828946 0.320713 -0.024919 0.372669 0.927630
8.144985 -103.758639 -280.250025 -459.330676 0.866850 -0.474640 0.152602 -0.494430 -0.857754 0.140703 -0.064111 0.197419 0.978220
6.071225 -78.261053 -347.277695 -3840.951214 0.915400 -0.356633 0.186695 -0.395019 -0.706573 0.587124 0.077474 0.611202 0.787674
6.140740 -83.532972 253.194822 -4754.376073 0.914863 -0.382207 0.130166 -0.355309 -0.608964 0.709167 0.191782 0.695040 0.692921
8.038630 -105.780000 975.398529 -5668.186980 0.889613 -0.445684 0.099775 -0.433956 -0.756758 0.488875 0.142378 0.478207 0.866629
-9.368335 -26.540769 -192.802686 369.447860 0.913806 -0.365872 -0.176344 -0.166009 -0.732721 0.659971 0.370676 0.573810 0.730302
-9.475590 -25.084577 -119.756122 112.015098 0.896191 -0.375106 -0.236934 -0.119472 -0.718340 0.685357 0.427281 0.585903 0.688585
-9.320494 -26.273776 -165.558470 219.017365 0.912667 -0.331066 -0.239655 -0.051160 -0.674306 0.736677 0.405489 0.660080 0.632354
-21.642130 -688.606776 569.722504 127520.937412 0.752614 -0.564632 0.338767 -0.208226 0.283996 0.935943 0.624672 0.774943 -0.096168
14.155578 -1088.411442 4487.060389 228830.738083 0.770457 -0.492307 0.405006 -0.156660 0.469614 0.868861 0.617944 0.732868 -0.284693
41.142641 -1733.516203 4818.854386 333685.646208 0.694450 -0.490057 0.526862 -0.606627 -0.004963 0.794971 0.386967 0.871676 0.300728
-14.420420 -340.679993 1297.711851 46316.783164 0.737674 -0.569359 0.362861 -0.419078 0.035247 0.907266 0.529349 0.821333 0.212605
-15.384974 -245.632653 2059.403483 37331.773689 0.704563 -0.512064 0.491306 -0.680147 -0.289747 0.673385 0.202461 0.808602 0.552424
-12.209249 -281.887804 141.181937 50159.052409 0.708062 -0.417400 0.569584 -0.699874 -0.307505 0.644684 0.093941 0.855113 0.509859
-3.463138 -13.281943 -296.314136 566.754265 0.142706 0.927223 -0.346255 0.084023 -0.359922 -0.929191 0.986192 -0.103507 0.129272
-0.761007 -9.974730 -171.395967 516.170568 0.127086 0.973238 -0.191459 0.040293 -0.197930 -0.979388 0.991073 -0.116752 0.064369
-2.942696 -12.344247 -352.802048 670.489299 0.146073 0.904145 -0.401478 0.042471 -0.411188 -0.910561 0.988362 -0.115957 0.098464
-10.832770 -21.787488 781.574693 -604.596239 -0.683883 0.712402 -0.157440 -0.063534 -0.273122 -0.959879 0.726820 0.646442 -0.232045
-12.562323 -20.937688 286.124966 -659.057435 -0.655063 0.728720 -0.199651 -0.028936 -0.288238 -0.957121 0.755020 0.621197 -0.209900
-12.550940 -23.446283 920.608186 -549.714607 -0.663356 0.736334 -0.133309 -0.148697 -0.304303 -0.940898 0.733382 0.604327 -0.311352
0.346065 -64.810487 288.794044 2502.912566 -0.366998 0.435249 -0.822114 0.922651 0.282849 -0.262130 0.118443 -0.854725 -0.505388
-1.761139 -64.450202 296.218428 2008.202232 -0.347415 0.430203 -0.833203 0.936438 0.112877 -0.332179 -0.048855 -0.895647 -0.442074
0.332347 -68.154476 256.011810 1886.088342 -0.340918 0.439742 -0.830904 0.938021 0.100473 -0.331694 -0.062377 -0.892487 -0.446740
74.656221 -228.765937 -3048.392519 24248.045221 0.674544 -0.574434 0.463699 0.726975 0.626154 -0.281847 -0.128444 0.527216 0.839968
58.099649 -179.637686 -4361.586491 -1891.895797 0.632691 -0.556510 0.538514 0.576717 0.802690 0.151939 -0.516816 0.214440 0.828804
57.600141 -213.478552 -4469.070840 18115.395624 0.584220 -0.408764 0.701141 0.723345 0.654018 -0.221431 -0.368046 0.636531 0.677768
-24.190005 -37.592037 -187.406350 1739.104317 0.869374 -0.230567 0.437067 0.471678 0.123479 -0.873082 -0.147335 -0.965190 -0.216103
-28.693542 -36.557714 284.034742 304.633741 -0.455314 0.742728 -0.490963 -0.380267 -0.660839 -0.647062 0.805038 0.107920 -0.583324
-26.339919 -34.511177 -431.262183 -848.575887 -0.105335 0.966358 -0.234644 -0.559366 -0.252666 -0.789474 0.822201 -0.048093 -0.567162
-26.479649 -35.597722 111.903321 135.751190 -0.320519 0.901602 -0.290486 -0.603494 -0.430735 -0.671015 0.730111 0.039766 -0.682170
19.880764 -36.524497 -3457.200879 1094.282108 0.053983 -0.613048 0.788199 -0.163947 0.773196 0.612608 -0.984991 -0.162294 -0.058768
27.270319 -36.157797 -3311.189604 1625.038703 0.103714 -0.511866 0.852782 -0.242733 0.818454 0.520782 -0.964533 -0.261010 -0.039362
19.147009 -36.534166 -2894.932499 -809.874026 0.053758 -0.553180 0.831325 -0.366956 0.763332 0.531665 -0.928684 -0.333641 -0.161958
32.023823 -31.183095 -3648.768324 2846.215685 0.131928 -0.534447 0.834842 -0.120428 0.827323 0.548665 -0.983917 -0.172922 0.044785
8.143015 -44.610519 -1687.263007 -659.850271 0.038015 -0.682348 0.730039 -0.224994 0.705963 0.671561 -0.973618 -0.189784 -0.126687
11.183538 -39.406733 2393.020617 317.010923 -0.044868 0.715162 -0.697517 -0.014019 0.697701 0.716252 -0.998895 -0.041915 0.021279
27.931201 -28.748790 -3408.347708 565.514127 0.111545 -0.642946 0.757746 -0.045139 0.758439 0.650179 -0.992734 -0.106728 0.055579
-6.089880 -14.745819 44.078805 632.946530 0.100198 0.455049 -0.884811 0.050448 0.885819 0.461280 0.993688 -0.090856 0.065801
-9.102488 -18.961115 301.580351 624.319139 0.126048 0.651109 -0.748445 0.133545 0.736458 0.663171 0.982994 -0.183543 0.005876
58.400547 -27.144895 -6696.945062 -1119.756913 0.704474 -0.282375 0.651138 0.500387 -0.453013 -0.737829 -0.503319 -0.845602 0.177839
52.392481 -26.272230 11161.715717 215.226342 -0.453396 0.397415 -0.797805 0.642685 -0.474421 -0.601566 -0.617567 -0.785485 -0.040312
131.393052 -24.575233 -20891.776867 898.600264 0.623187 -0.398111 0.673161 0.466949 -0.501071 -0.728620 -0.627373 -0.768398 0.126363
25.439542 -27.057467 5733.963906 -372.103109 -0.511045 0.342700 -0.788283 0.687830 -0.386939 -0.614140 -0.515484 -0.856058 -0.037976
75.861867 -25.212587 113.671592 -942.834019 0.841573 -0.152456 0.518181 0.372934 -0.529977 -0.761607 -0.390736 -0.834195 0.389159
41.261248 -30.664387 3502.403066 -2463.484906 0.852528 -0.070257 0.517938 0.431713 -0.463968 -0.773536 -0.294653 -0.883062 0.365215
29.619798 -29.054216 -2159.875678 -1666.133430 0.714890 -0.220910 0.663423 0.574812 -0.354576 -0.737473 -0.398150 -0.908556 0.126501
-1.459868 -34.964437 -112.454857 643.411671 0.981750 0.190159 0.002428 -0.041873 0.203691 0.978139 -0.185508 0.960390 -0.207937
-2.309708 -36.610087 -38.769417 263.042350 0.983610 0.180295 0.002169 -0.074120 0.393337 0.916402 -0.164370 0.901543 -0.400254
-1.363475 -36.926421 -137.389969 205.487030 0.981113 0.190627 -0.032851 -0.050562 0.416647 0.907661 -0.186712 0.888857 -0.418416
-2.885488 -35.952517 3.423357 -208.937443 0.987537 0.157296 0.005424 -0.096182 0.575855 0.811874 -0.124581 0.802277 -0.583807
-2.458387 -36.598585 -50.462035 -274.981865 0.984267 0.175687 -0.018756 -0.089940 0.589570 0.802694 -0.152081 0.788379 -0.596096
53.602707 -34.443656 3956.010475 -496.562279 0.686726 -0.410766 0.599733 -0.321416 0.568421 0.757357 0.651997 0.712860 -0.258322
48.055239 -40.843980 2679.817563 -2858.471399 0.722009 -0.388506 0.572508 -0.352252 0.505785 0.787465 0.595501 0.770224 -0.228329
47.054156 -36.011043 -5486.672971 1496.994921 -0.474671 0.593498 -0.649960 -0.281696 0.597172 0.751021 0.833867 0.539579 -0.116275
51.286797 -39.922709 -3547.505135 -3946.179527 0.882779 -0.138323 0.448962 -0.294398 0.581863 0.758133 0.366101 0.801438 -0.472934
51.003865 -33.430819 -1404.655734 -702.630991 0.862367 -0.192800 0.468137 -0.265226 0.615579 0.742103 0.431252 0.764127 -0.479719
54.817401 -33.884805 -4447.285259 2927.814338 -0.663819 0.421054 -0.618109 -0.304923 0.602287 0.737748 0.682910 0.678207 -0.271421
4.916691 -55.222539 -313.754199 -3108.809394 0.737482 -0.439587 0.512722 0.371789 0.898035 0.235170 -0.563821 0.017191 0.825718
3.959158 -50.144271 -406.758384 -1972.083358 0.691549 -0.486849 0.533608 0.302396 0.866011 0.398223 -0.655985 -0.114030 0.746110
1.907959 -48.725593 -221.474442 -2237.860570 0.682165 -0.504444 0.529327 0.317743 0.856501 0.406750 -0.658552 -0.109281 0.744558
3.097290 -19.634291 206.729857 1351.172114 -0.291759 0.485088 -0.824358 -0.058396 0.851215 0.521559 0.954708 0.200308 -0.220023
3.627857 -18.635680 293.114101 1173.371970 -0.275932 0.518093 -0.809593 -0.032951 0.836700 0.546670 0.960612 0.177520 -0.213801
5.017101 -9.190700 486.051754 2789.947846 -0.295366 0.630995 -0.717359 -0.092636 0.728406 0.678854 0.950883 0.266964 -0.156693
5.685559 -17.326309 709.728130 890.650557 -0.263762 0.549918 -0.792477 0.002112 0.821898 0.569631 0.964585 0.148573 -0.217947
7.269861 -9.357069 803.652216 2513.119867 -0.270147 0.652494 -0.708006 -0.062226 0.721977 0.689113 0.960806 0.230219 -0.154438
14332.745485 -15.855805 -18617571.591036 2395.339711 0.110488 0.934619 0.338052 -0.675542 -0.178863 0.715298 -0.728996 0.307400 -0.611612
29909.932733 -3888.855102 34964713.684359 -1244591.080842 0.359321 0.050797 0.931830 0.912825 0.188451 -0.362266 -0.194006 0.980768 0.021345
92715.562746 -1666.099288 -116519118.856433 -695390.527856 0.079273 0.972835 0.217502 -0.758494 -0.082714 0.646409 -0.646840 0.216217 -0.731333
2195.960666 6.955758 1863131.136395 5833.010788 0.641592 -0.049962 0.765417 0.760861 0.167914 -0.626813 -0.097208 0.984535 0.145746
728.843349 18.244409 -356417.425271 8379.301670 -0.472669 0.772039 -0.424899 0.733909 0.077964 -0.674758 -0.487813 -0.630775 -0.603458
23288.798974 19.202991 39980557.240808 11530.049051 0.306897 0.835526 0.455752 -0.646732 -0.168239 0.743931 -0.698249 0.523060 -0.488730
1329.410490 19.747469 -954533.598292 -3432.534983 -0.547290 0.665464 -0.507574 0.717523 0.060863 -0.693871 -0.430853 -0.743944 -0.510796
0.707204 -24.324919 878.461716 -282.291836 0.824967 -0.034567 0.564122 0.547362 0.297518 -0.782226 0.140797 -0.954090 -0.264363
-1.066071 -72.278461 1720.962162 -1577.311099 0.641169 -0.458619 0.615280 0.612540 0.788836 -0.050330 -0.462273 0.409154 0.786700
-4.203259 -66.453470 718.382253 2257.326526 0.613918 -0.460725 0.640966 0.715140 0.668389 -0.204525 -0.334185 0.583942 0.739819
-4.790360 -68.185669 -416.581737 133.625483 0.621837 -0.421913 0.659778 0.603643 0.794950 -0.060578 -0.498932 0.435940 0.749015
6.508283 -66.993330 3132.252786 2505.724856 0.617799 -0.489620 0.615302 0.736467 0.634508 -0.234554 -0.275572 0.598057 0.752587
9.890498 -73.700353 4173.387831 -1578.354641 0.653606 -0.456503 0.603659 0.614784 0.785430 -0.071688 -0.441406 0.417976 0.794013
-5.334859 -69.761394 35.389179 1076.459841 0.788791 -0.205041 0.579454 0.503653 0.755996 -0.418095 0.352338 -0.621633 -0.699593
-5.497718 -75.849529 -50.078599 3902.792665 0.767973 -0.212346 0.604257 0.566006 0.666554 -0.485121 0.299756 -0.714573 -0.632085
-5.628861 -76.008791 -67.443259 2997.919128 0.760514 -0.196849 0.618763 0.545892 0.709834 -0.445127 0.351597 -0.676303 -0.647297
-0.763472 -99.609895 33.976895 6924.147871 0.750820 -0.013896 0.660360 -0.555644 -0.553832 0.620105 -0.357112 0.832513 0.423549
-1.426994 -111.519524 -216.419949 6647.555477 0.750317 -0.011714 0.660975 -0.631017 -0.310773 0.710801 -0.197086 0.950412 0.240570
-1.745436 -113.038715 71.563190 6846.944147 0.754699 -0.015164 0.655896 -0.637662 -0.252120 0.727889 -0.154327 0.967577 0.199945
-9.582370 -24.657141 -100.846908 230.502926 -0.314172 0.637057 -0.703885 0.595965 0.709480 0.376117 0.739001 -0.301325 -0.602562
-9.465374 -24.547136 300.738969 501.678165 -0.360472 0.625292 -0.692149 0.526288 0.748985 0.402546 0.770118 -0.219163 -0.599071
-8.957521 -23.823809 -273.102870 -6.286632 -0.200480 0.695899 -0.689588 -0.614320 -0.637602 -0.464838 0.763163 -0.330437 -0.555332
2.159222 -245.584888 -610.828370 -22560.963179 0.838283 0.041179 0.543679 -0.288260 0.879863 0.377819 0.462805 0.473440 -0.749444
10.291408 -474.347085 -1810.410843 -92586.994288 -0.846010 0.010621 -0.533062 -0.110356 0.974662 0.194564 0.521621 0.223430 -0.823402
-0.326636 -183.347024 336.620039 -15344.463457 -0.853860 -0.021075 -0.520076 -0.196913 0.937998 0.285281 0.481817 0.346000 -0.805069
-30.835395 -753.889727 -2397.749488 -134013.154204 -0.500235 0.806691 -0.314667 0.846294 0.532362 0.019403 0.183169 -0.256594 -0.949004
6.430865 -635.741532 -2409.990309 -116447.088169 -0.214966 0.903084 -0.371791 0.929785 0.072768 -0.360839 -0.298814 -0.423254 -0.855317
-6.678866 -20.064171 -14.043542 -990.290667 0.085096 0.741139 -0.665937 -0.074017 -0.661813 -0.746006 0.993620 -0.112773 0.001461
-7.424690 -19.362687 315.650277 812.031087 0.099909 0.696401 -0.710664 0.097622 0.703931 0.703527 0.990196 -0.139665 0.002345
-9.080592 -21.900374 398.228019 -646.225054 0.138374 0.755351 -0.640545 -0.195362 -0.613241 -0.765356 0.970920 -0.231044 -0.062710
7.917253 -5.036175 1665.029844 -271.937464 0.637613 -0.540540 0.548877 0.022488 0.725254 0.688114 -0.770029 -0.426407 0.474587
5.749762 -6.226120 1208.039881 -1011.738091 0.610291 -0.579699 0.539901 0.031365 0.698689 0.714737 -0.791556 -0.419264 0.444586
11.152252 -139.882583 2060.326447 13631.079534 0.667949 0.740178 0.077330 0.300396 -0.173088 -0.937978 0.680886 -0.649751 0.337960
13.797529 -147.019648 2395.575883 5380.204905 0.669665 0.738359 0.079839 0.557007 -0.428241 -0.711585 0.491215 -0.520994 0.698050
20.072490 -147.850580 1545.794486 -934.252653 0.742699 0.654441 0.141794 0.561962 -0.494004 -0.663445 0.364138 -0.572423 0.734667
28.415284 -154.665533 2996.802293 8340.927162 0.776811 0.614806 0.136303 0.395137 -0.307334 -0.865686 0.490338 -0.726333 0.481673
70.394969 -1304.875687 12471.902996 207961.440202 0.798221 0.593647 0.102111 0.086496 0.054800 -0.994744 0.596123 -0.802857 0.007605
38.821830 -38.375022 -7051.781874 2393.399163 0.236531 0.965317 -0.110525 0.569493 -0.229902 -0.789191 0.787229 -0.123725 0.604121
13.262762 -32.461855 -4634.338978 2228.267799 0.283188 0.955778 -0.079323 0.542677 -0.227885 -0.808437 0.790763 -0.185893 0.583213
10.997909 -25.718961 -5436.822324 1345.005672 0.322293 0.939445 -0.116492 0.447868 -0.259737 -0.855541 0.833991 -0.223562 0.504459
11.264857 -24.935091 991.278526 -273.904498 0.120060 -0.756019 0.643445 0.984349 0.006429 -0.176115 0.129010 0.654518 0.744958
-4.060334 -27.413795 235.101859 -617.321573 -0.174810 0.370317 -0.912308 0.983414 0.020157 -0.180253 -0.048361 -0.928687 -0.367699
1.244951 -41.962882 61.066248 -959.949280 0.179307 -0.141637 0.973544 0.981720 0.089975 -0.167723 -0.063839 0.985821 0.155181
1.308852 -38.827403 132.841433 -262.012220 0.211933 -0.137463 0.967568 0.977204 0.042504 -0.208005 -0.012532 0.989595 0.143337
2.980297 -39.606883 189.884675 -357.344670 0.298526 -0.153442 0.941986 0.931402 -0.168534 -0.322625 0.208260 0.973680 0.092604
-0.326792 -70.125209 112.527860 655.547336 -0.507220 0.136271 -0.850975 -0.119355 0.966797 0.225959 0.853512 0.216179 -0.474114
-0.195186 -71.032975 54.070345 -2268.986085 -0.504885 0.157354 -0.848723 0.094771 0.987405 0.126689 0.857968 -0.016471 -0.513439
-0.542965 -67.894443 69.545651 2843.201065 -0.503076 0.135099 -0.853617 -0.281028 0.908457 0.309401 0.817275 0.395542 -0.419057
0.572127 -72.347339 268.333793 1765.391994 -0.528541 0.143092 -0.836761 -0.089671 0.970766 0.222648 0.844159 0.192712 -0.500258
0.719730 -70.742102 321.314155 3681.625974 -0.527215 0.123507 -0.840708 -0.281355 0.908198 0.309863 0.801800 0.399902 -0.444067
1.978625 -7.966463 -208.204497 494.543981 0.105895 0.994141 0.021672 0.041873 0.017317 -0.998973 0.993495 -0.106693 0.039793
4.290121 -5.233061 -315.672614 396.703832 0.093683 0.973717 0.207602 0.027986 0.205861 -0.978181 0.995209 -0.097449 0.007965
23.883974 -20.179359 -807.072532 0.252071 0.384087 -0.724233 -0.572681 0.742209 -0.126747 0.658074 -0.549184 -0.677807 0.488850
24.695813 -18.221965 -424.685790 -24.721808 0.334260 -0.761497 -0.555331 0.745776 -0.146569 0.649874 -0.576272 -0.631379 0.518914
25.026746 -19.529431 -57.390391 -506.423699 0.453810 -0.757547 -0.469231 0.737221 0.023380 0.675247 -0.500561 -0.652361 0.569090
-3.600968 -28.744157 387.587133 871.988644 0.778939 -0.436970 0.449790 0.610858 0.690900 -0.386666 0.141798 -0.575947 -0.805096
0.044296 -35.012834 624.095040 4124.064860 0.789387 -0.428892 0.439227 0.598079 0.698650 -0.392669 0.138453 -0.572660 -0.808017
-2.235650 -52.454731 206.587594 6508.991188 0.796359 -0.434684 0.420550 0.602877 0.626248 -0.494321 0.048495 -0.647197 -0.760779
-1.319346 -24.997853 485.054272 1097.606257 0.780168 -0.431401 0.453024 0.602897 0.711714 -0.360525 0.166892 -0.554397 -0.815347
0.549163 -98.854925 -337.254762 6754.263796 0.871788 -0.456863 0.176810 0.076315 -0.229860 -0.970227 -0.483902 -0.859326 0.165524
2.528826 -118.675803 -670.980720 6647.473893 0.881775 -0.436624 0.178413 0.075704 -0.242341 -0.967233 -0.465554 -0.866389 0.180636
2.105323 -139.987579 81.483731 5880.375678 0.899963 -0.394992 0.184521 -0.060455 -0.532225 -0.844442 -0.431755 -0.748811 0.502862
1.056811 -117.565009 -727.253725 -622.110858 0.883835 -0.396141 0.248812 -0.192836 -0.793112 -0.577744 -0.426204 -0.462650 0.777371
3.008373 -128.751477 58.114682 -176.544411 0.902780 -0.382348 0.196972 -0.188667 -0.763593 -0.617520 -0.386514 -0.520322 0.761493
12.052457 -15.153848 -2481.042682 -192.922390 -0.464693 -0.410509 0.784566 0.771221 0.247704 0.586396 -0.435061 0.877568 0.201487
22.942602 -13.910374 -1301.318706 -612.446958 -0.261336 -0.468832 0.843742 0.804524 0.377183 0.458774 -0.533333 0.798704 0.278616
19.143736 -16.425489 -3954.370350 -245.910731 -0.460000 -0.348577 0.816636 0.750049 0.339686 0.567485 -0.475212 0.873560 0.105194
-9.340755 -25.389127 -180.712926 253.562899 0.892255 -0.402926 -0.203794 -0.197335 -0.753924 0.626624 0.406128 0.518892 0.752204
-20.645472 -773.914416 21.394397 -115462.276949 -0.780860 0.505489 -0.367067 0.198403 0.757832 0.621552 0.592363 0.412518 -0.692052
-97.558424 -434.822544 -12877.689665 -75408.263758 -0.747393 0.587928 -0.309426 0.493956 0.803191 0.333003 0.444310 0.096041 -0.890710
-18.648361 -837.385810 -1745.995202 113245.697715 -0.717130 0.504002 -0.481359 -0.139156 0.573219 0.807499 0.682905 0.646066 -0.340938
-11.198494 -19.138691 -443.202170 -503.788349 -0.619377 0.678170 -0.395548 0.142921 -0.398006 -0.906181 0.771976 0.617799 -0.149591
-12.553708 -21.003077 -624.578666 -495.838843 -0.608658 0.704402 -0.365176 0.050972 -0.424584 -0.903953 0.791794 0.568812 -0.222521
-0.957757 -117.979526 3.759144 2931.547764 -0.421423 0.301382 -0.855319 0.705365 0.701715 -0.100282 0.569967 -0.645574 -0.508304
-0.943047 -131.506748 -25.316346 7071.899006 -0.430973 0.285429 -0.856033 0.558342 0.829599 -0.004484 0.708884 -0.479891 -0.516902
-0.036457 -103.413182 122.396962 619.978252 -0.467998 0.251607 -0.847155 0.516587 0.855664 -0.031246 0.717018 -0.452252 -0.530427
74.608627 -511.287264 -1530.266519 77601.884726 0.694958 -0.678312 0.238592 0.713096 0.692768 -0.107542 -0.092341 0.244876 0.965147
43.459358 -205.038327 -1129.334855 -18534.478820 0.706560 -0.672336 0.220765 0.506696 0.698442 0.505409 -0.493997 -0.245241 0.834161
-27.024921 -40.706803 -161.769410 3.820597 0.877654 -0.221237 0.425180 0.423673 -0.056687 -0.904040 -0.224109 -0.973571 -0.043981
-24.891042 -39.029055 -186.883663 1338.403755 0.961273 -0.106041 0.254381 0.263661 0.085136 -0.960851 -0.080233 -0.990710 -0.109798
-19.549991 -37.334998 -439.277395 -386.791195 0.972444 -0.220397 0.076010 0.148672 0.837385 0.526007 0.179580 0.500212 -0.847077
-4.357708 -36.845872 -4083.255434 -169.738288 0.994842 -0.096760 -0.030450 0.098494 0.849615 0.518124 0.024263 0.518451 -0.854763
-3.945463 -36.949233 -4287.784590 287.022899 0.994885 -0.092546 -0.040480 0.097478 0.774549 0.624958 0.026484 0.625707 -0.779608
-24.123581 -38.707473 472.832223 -711.511013 0.932339 -0.326420 0.155545 0.204311 0.830497 0.518201 0.298331 0.451359 -0.840996
-22.321931 -35.963228 347.774544 -1309.462317 0.966852 -0.158723 0.200009 0.088925 0.943591 0.318950 0.239351 0.290591 -0.926427
-26.241365 -38.617908 1098.350860 431.989580 0.921052 -0.378973 0.089677 0.210109 0.677452 0.704921 0.327898 0.630427 -0.703594
-19.249782 -37.105462 -923.515760 286.234359 0.981013 -0.189166 0.042782 0.116817 0.752420 0.648242 0.154815 0.630936 -0.760231
32.058325 -32.855545 -3472.606831 -2611.587958 0.094779 -0.467096 0.879112 -0.439784 0.772595 0.457915 -0.893088 -0.430021 -0.132195
34.597687 -25.093379 -179.743594 387.003200 0.291514 -0.386804 0.874873 -0.326962 0.819218 0.471144 -0.898952 -0.423395 0.112343
-3.829922 -11.965048 -571.584402 574.871662 0.124602 0.115465 -0.985465 0.039042 0.991866 0.121151 0.991438 -0.053570 0.119081
-2.771201 -13.240453 -735.828689 635.115769 0.133615 0.037639 -0.990318 0.080884 0.995531 0.048750 0.987727 -0.086614 0.129974
76.674310 -23.559314 -16637.748235 151.019230 0.392004 -0.407811 0.824635 -0.573124 0.592919 0.565664 -0.719626 -0.694361 -0.001300
17.021755 -26.520986 5770.253258 90.395638 -0.306796 0.286896 -0.907506 0.721843 -0.551317 -0.418321 -0.620338 -0.783416 -0.037953
8.897021 -26.970341 4257.776531 121.104291 -0.359570 0.292150 -0.886204 0.778136 -0.430274 -0.457568 -0.514989 -0.854115 -0.072619
-2.101677 -30.993383 -140.343198 727.877538 0.981743 0.185622 0.041534 -0.041776 -0.002610 0.999124 -0.185568 0.982618 -0.005192
5.314018 -58.742086 -243.951278 -1095.786364 0.775025 -0.412981 0.478312 0.448392 0.892741 0.044259 -0.445287 0.180170 0.877074
3.177349 -62.532579 -258.794246 -1367.479313 0.756977 -0.429511 0.492449 0.540952 0.834654 -0.103554 -0.366547 0.344779 0.864159
