16851
33690
-40.298953 -60.036878 402.362290 7539.227618 0.484425 0.873603 -0.046366 0.694838 -0.416418 -0.586341 0.531537 -0.251822 0.808736
-45.085025 -72.346758 195.805593 6148.430675 0.394663 0.918771 -0.010103 0.810720 -0.353382 -0.466748 0.432405 -0.176017 0.884332
-48.047389 -79.858453 1523.397333 10335.762254 0.154774 0.969231 0.191407 0.884853 -0.049826 -0.463198 0.439409 -0.241058 0.865338
-38.515035 -62.348418 -1126.446263 6579.550540 0.563813 0.803339 -0.191731 0.636841 -0.570686 -0.518412 0.525879 -0.170186 0.833359
-36.983779 -69.234983 -3628.513189 13779.983720 0.194917 0.945329 0.261460 0.822294 -0.012193 -0.568933 0.534640 -0.325892 0.779714
-34.756952 -47.420526 445.780808 6106.777614 0.597888 0.789351 -0.139482 0.539461 -0.524943 -0.658343 0.592884 -0.318371 0.739682
-33.675098 -50.425567 -28.672742 -3757.859185 0.690215 0.623434 -0.367333 -0.397696 0.750930 0.527203 0.604517 -0.217796 0.766240
141.827141 -84.742072 -12887.760068 -6368.725614 0.184561 0.916554 0.354776 -0.067937 0.372011 -0.925739 0.980470 -0.146753 -0.130926
122.392578 -75.856068 -18588.852163 -2251.848870 0.231893 0.877671 0.419428 0.110873 0.404524 -0.907782 0.966402 -0.257011 0.003504
169.497887 -92.804562 -22701.831661 -5447.744502 -0.044437 0.899634 0.434377 0.106237 0.436596 -0.893363 0.993347 -0.006449 0.114976
-0.766838 -37.803163 6787.659693 11974.734528 0.646496 0.712650 -0.272349 0.154234 -0.471698 -0.868166 0.747165 -0.519261 0.414865
12.559811 -18.236901 10143.928941 -10349.494838 0.653263 0.564612 -0.504441 0.069171 0.618960 0.782371 0.753965 -0.545987 0.365289
11.526054 -27.701556 8334.067172 4002.643852 0.655216 0.646853 -0.390222 0.091884 -0.580952 -0.808735 0.749833 -0.494041 0.440084
22.151658 -78.182830 -889.558310 -2152.346795 0.509998 0.771584 0.380210 0.781059 -0.600565 0.171083 -0.360346 -0.209714 0.908939
22.722031 -74.435425 -333.753443 -1823.991267 0.482972 0.814948 0.320309 0.805353 -0.557012 0.202843 -0.343722 -0.159994 0.925342
26.298447 -76.267404 -522.067924 2634.465023 -0.469811 -0.822583 -0.320366 0.858800 -0.509886 0.049787 -0.204304 -0.251740 0.945985
18.291010 -68.847977 -493.326032 -5427.090847 0.506678 0.787655 0.350538 0.720426 -0.610156 0.329690 -0.473565 -0.085490 0.876600
29.111703 -77.466280 1436.912186 4437.051743 -0.491926 -0.777186 -0.392417 0.850218 -0.525867 -0.024330 -0.187450 -0.345608 0.919466
24.147136 -82.565331 -1414.133724 -86.530265 0.527067 0.718615 0.453644 0.784796 -0.616379 0.064586 -0.326029 -0.321977 0.888840
37.292328 -14.470006 -2269.529490 7665.148159 -0.248610 0.962494 -0.108620 -0.408505 -0.205869 -0.889237 0.878246 0.176701 -0.444365
40.896167 -28.014259 522.273087 2456.719875 -0.253101 0.967124 0.024731 -0.350073 -0.067725 -0.934271 0.901881 0.245123 -0.355705
39.646267 -8.802726 2514.554361 12467.721654 -0.340319 0.939492 -0.039209 -0.451567 -0.199864 -0.869564 0.824785 0.278223 -0.492261
42.926196 6.485958 843.722130 17169.350347 -0.309274 0.942817 -0.124279 -0.470840 -0.265356 -0.841365 0.826232 0.201697 -0.525984
-23.420578 -52.974663 -1280.286022 -1295.589970 0.171231 0.523484 0.834652 -0.706790 0.655468 -0.266102 -0.686388 -0.544359 0.482229
-25.669178 -47.954941 66.926479 2550.021671 0.208069 0.579108 0.788252 -0.649473 0.684385 -0.331363 -0.731363 -0.443002 0.518515
-24.918865 -49.773615 -640.493901 3728.793159 0.129642 0.586583 0.799446 -0.602565 0.686907 -0.406293 -0.787469 -0.429046 0.442506
-22.554426 -51.559654 -990.426996 1842.688762 0.070827 0.563612 0.822997 -0.628013 0.666212 -0.402194 -0.774973 -0.488367 0.401142
-12.036138 -43.851792 5194.200279 -738.373330 -0.029343 0.920160 0.390442 0.702980 -0.258692 0.662493 -0.710604 -0.293912 0.639263
-18.788866 -42.090531 1926.951777 -1709.944523 -0.118688 0.935221 0.333579 0.610259 -0.196306 0.767495 -0.783261 -0.294662 0.547428
-20.176560 -45.405745 -76.297325 -196.262469 -0.113295 0.922296 0.369506 0.700496 -0.189594 0.688011 -0.704606 -0.336786 0.624584
1.632715 -64.289309 129.669924 6097.708866 -0.376671 -0.917946 0.124474 0.917375 -0.350985 0.187702 -0.128612 0.184891 0.974307
2.243721 -61.956839 -69.738584 2748.199375 -0.399187 -0.908081 0.126644 0.913602 -0.382302 0.138480 -0.077335 0.170982 0.982234
2.267652 -59.169423 -626.915214 2246.397769 -0.401054 -0.906742 0.130284 0.915101 -0.390076 0.102138 -0.041792 0.160186 0.986202
2.410229 -66.203316 507.172067 5721.987426 -0.373893 -0.918996 0.125103 0.911348 -0.338992 0.233515 -0.172190 0.201322 0.964272
2.661524 -66.948714 -240.425374 1511.448320 0.358338 0.924075 -0.132959 0.884289 -0.290285 0.365743 -0.299378 0.248634 0.921170
-0.540832 -72.957791 -493.327980 -6593.278303 0.106593 0.973665 0.201531 0.511690 -0.227503 0.828502 -0.852532 -0.014809 0.522465
-1.730531 -93.394238 -269.895985 -8673.853033 0.111494 0.972925 0.202450 0.646211 -0.225748 0.729006 -0.754971 -0.049546 0.653884
-0.531709 -79.677289 497.921627 -6404.037768 0.110282 0.976647 0.184386 0.533032 -0.214699 0.818402 -0.838877 -0.008028 0.544262
0.205202 -63.705892 -16.145672 -5049.159210 0.106817 0.975111 0.194292 0.414831 -0.221297 0.882578 -0.903607 0.013676 0.428144
0.402832 -69.927578 353.318732 -2232.190916 0.109574 0.973554 0.200467 0.386609 -0.227544 0.893732 -0.915711 0.020427 0.401318
8.027304 -134.186169 -1472.305435 5499.578448 0.140946 0.989436 0.033931 -0.269980 0.005440 0.962850 -0.952494 0.144871 -0.267895
5.607483 -144.025393 -1414.051146 6507.115854 0.147847 0.988721 0.023919 -0.496443 0.053275 0.866433 -0.855386 0.139974 -0.498720
10.548243 -141.892310 -908.283907 5313.692608 0.185351 0.982645 0.007314 -0.318039 0.052944 0.946598 -0.929783 0.177779 -0.322333
12.518513 -136.510117 -1002.128518 -134.599460 0.175042 0.983879 0.036646 -0.077448 -0.023346 0.996723 -0.981510 0.177307 -0.072113
3.638302 -35.479849 2269.382315 1869.124308 0.583175 0.779160 -0.229819 -0.205370 -0.132308 -0.969700 0.785958 -0.612703 -0.082857
7.486915 -38.872383 2582.609026 -236.015682 0.587221 0.780190 -0.215580 -0.241448 -0.085374 -0.966651 0.772576 -0.619689 -0.138242
7.021453 -40.948437 1120.582127 2453.849710 0.588678 0.747187 -0.308497 -0.257918 -0.188075 -0.947685 0.766118 -0.637448 -0.081997
2.625460 -38.527531 3704.910214 -814.104133 0.575827 0.797317 -0.180858 -0.214724 -0.065961 -0.974445 0.788871 -0.599946 -0.133221
2.994867 -38.314668 1730.638234 2674.378966 0.571009 0.745848 -0.343014 -0.221509 -0.262354 -0.939204 0.790495 -0.612275 -0.015405
-0.456447 -36.470202 2111.879558 964.499651 0.585484 0.789211 -0.185347 -0.177747 -0.098097 -0.979175 0.790958 -0.606236 -0.082845
8.834580 -127.570378 -1516.758706 -800.097029 0.404438 -0.159984 0.900464 0.914529 0.079509 -0.396629 -0.008141 0.983912 0.178467
6.789349 -124.355259 -1228.199638 3197.826553 0.401743 -0.152634 0.902943 0.895114 -0.142703 -0.422383 0.193323 0.977926 0.079295
11.991727 -123.451849 -1843.599796 3122.602088 0.403928 -0.170477 0.898766 0.897846 -0.114346 -0.425204 0.175257 0.978705 0.106875
13.265829 -127.878231 -1143.827304 -880.826051 0.407426 -0.186670 0.893956 0.913225 0.088532 -0.397721 -0.004901 0.978425 0.206542
10.909100 -128.683911 -804.069734 -2188.241265 0.412922 -0.175960 0.893607 0.888896 0.291589 -0.353328 -0.198395 0.940220 0.276813
3.870387 -110.874465 -486.826415 3980.925479 0.385894 -0.144172 0.911208 0.745711 -0.532762 -0.400100 0.543140 0.833894 -0.098079
2.791157 -113.553505 375.541794 3938.454021 0.379179 -0.132574 0.915777 0.729991 -0.565319 -0.384093 0.568627 0.814149 -0.117579
2.015297 -103.415562 135.854844 2521.287874 0.371798 -0.141024 0.917539 0.630704 -0.686870 -0.361140 0.681160 0.712967 -0.166432
3.468510 -120.345091 19.089740 5655.404530 0.387429 -0.135520 0.911884 0.816429 -0.408977 -0.407654 0.428185 0.902426 -0.047807
5.676732 -103.007304 -1348.245023 2032.597332 0.387278 -0.145638 0.910388 0.655959 -0.650357 -0.383084 0.647869 0.745537 -0.156336
4.505715 -118.804214 -815.486105 6491.498706 0.394523 -0.147062 0.907042 0.831617 -0.362727 -0.420527 0.390852 0.920219 -0.020805
7.691861 -110.247066 -1424.776812 4350.904560 0.394640 -0.162688 0.904319 0.763164 -0.490069 -0.421205 0.511704 0.856367 -0.069243
-2.827236 -51.846063 -174.199926 -1101.321754 0.583157 0.767183 -0.267131 -0.118410 -0.245047 -0.962253 0.803683 -0.592776 0.052059
-2.625663 -53.021758 651.693827 -1511.462440 0.579486 0.771028 -0.264029 -0.046678 -0.292037 -0.955267 0.813644 -0.565888 0.133242
-3.929832 -55.424980 538.180172 -1976.982710 0.571742 0.757685 -0.314681 -0.188230 -0.252183 -0.949196 0.798549 -0.601927 0.001564
-3.600961 -57.060814 60.493723 -2000.657952 0.587797 0.746406 -0.312046 -0.145625 -0.281795 -0.948359 0.795794 -0.602884 0.056943
-4.356273 -59.996410 1075.216092 -3648.011283 0.565020 0.748448 -0.347244 -0.240946 -0.252839 -0.937026 0.789112 -0.613105 -0.037476
63.090081 -38.611324 6414.642888 1911.293577 -0.268502 0.897223 0.350567 -0.084284 0.340653 -0.936404 0.959585 0.280974 0.015845
71.900622 -41.634395 6726.242783 627.421459 -0.270130 0.886892 0.374770 0.021752 0.394762 -0.918526 0.962578 0.239969 0.125929
48.808511 -43.570423 8126.032307 -226.556594 -0.417274 0.876698 0.239337 -0.011888 0.258073 -0.966052 0.908703 0.405954 0.097265
66.832129 -38.016757 -1883.031888 2106.767790 -0.071213 0.900848 0.428254 -0.038740 0.426522 -0.903647 0.996709 0.080942 -0.004525
49.469587 -41.022500 8157.225452 -986.943238 -0.365592 0.895981 0.252111 -0.107855 0.228257 -0.967608 0.924505 0.380941 -0.013187
61.222084 -33.133797 -950.784230 3335.016149 -0.092612 0.911864 0.399908 -0.140616 0.385631 -0.911875 0.985723 0.140684 -0.092509
60.919070 -30.754970 -3090.168398 -1112.738230 -0.632100 -0.272858 -0.725257 0.713572 -0.569862 -0.407521 -0.302101 -0.775117 0.554913
55.271858 -40.784612 -3936.772018 8833.986781 -0.650733 -0.282565 -0.704772 0.705035 -0.569459 -0.422661 -0.281910 -0.771928 0.569784
50.675417 -30.657983 -7819.717872 4577.035193 -0.656501 -0.411170 -0.632412 0.732385 -0.548170 -0.403882 -0.180605 -0.728319 0.661009
53.692594 -27.724795 -7085.271542 -4821.356387 -0.632880 -0.407830 -0.658132 0.746270 -0.547766 -0.378197 -0.206263 -0.730498 0.651021
-17.316383 -103.635468 -3929.325904 15836.875293 0.438331 -0.315016 0.841802 0.712940 -0.448478 -0.539059 0.547342 0.836441 0.028006
-12.463374 -191.869861 489.102634 47479.995060 0.543885 -0.331558 0.770882 0.750531 -0.218708 -0.623594 0.375356 0.917734 0.129892
-52.457025 -220.216030 -13829.047638 76155.719393 0.440718 -0.366650 0.819351 0.777541 -0.300182 -0.552558 0.448550 0.880601 0.152790
-55.357053 -177.543528 -18122.073122 40747.007132 0.411549 -0.321579 0.852769 0.883491 -0.088963 -0.459923 0.223767 0.942694 0.247499
-61.953791 -130.979815 -9035.369078 16733.502737 0.560250 -0.449824 0.695542 0.567580 -0.403113 -0.717881 0.603302 0.796968 0.029467
-61.309029 -144.097681 -14854.714225 42134.287205 0.310140 -0.407636 0.858863 0.858525 -0.267950 -0.437193 0.408348 0.872947 0.266864
-38.500407 -92.423386 -1281.138553 -12953.170758 0.357069 -0.392736 0.847502 0.785272 -0.365109 -0.500043 0.505816 0.844070 0.178036
-199.963852 -16069.514183 53599.630652 -20456030.623567 -0.332954 0.206703 -0.920009 0.079288 0.978359 0.191118 0.939604 -0.009312 -0.342137
-4.051587 -3553.560458 21849.270663 -2864392.392470 -0.464568 0.119336 -0.877460 0.779508 0.525263 -0.341271 0.420171 -0.842531 -0.337043
860.352399 -7003.043144 302548.101128 22926900.187711 -0.412870 0.142854 -0.899517 -0.121282 0.970205 0.209747 0.902679 0.195693 -0.383243
3.832259 -37.040640 987.423177 -2467.488335 0.424641 0.897712 0.117441 0.635427 -0.387917 0.667647 -0.644912 0.208885 0.735156
-1.495229 -39.094022 2545.967920 -2391.857445 0.391664 0.917488 0.069388 0.644580 -0.327413 0.690881 -0.656594 0.225868 0.719631
2.219028 -43.523843 2314.221976 -3364.248946 0.458790 0.877849 0.137447 0.656351 -0.439089 0.613518 -0.598928 0.191263 0.777627
7.058081 -41.085051 1009.950234 -3395.114873 0.472942 0.862770 0.178755 0.636674 -0.474883 0.607563 -0.609075 0.173534 0.773895
7.619708 -30.463121 2458.665812 2150.686116 -0.686896 0.726751 0.002583 0.031844 0.033648 -0.998926 0.726058 0.686076 0.046255
7.093492 -25.446401 3493.783711 2515.640907 -0.686947 0.719490 0.102168 -0.089479 0.055777 -0.994426 0.721178 0.692259 -0.026064
14.977681 -31.951366 5073.269857 2203.737370 -0.686873 0.721654 0.086144 -0.048127 0.073104 -0.996162 0.725182 0.688383 0.015482
14.913212 -34.944874 4532.555638 1778.495590 -0.688668 0.724876 0.017096 0.049567 0.070588 -0.996273 0.723381 0.685254 0.084542
-1.721085 -4.440374 2441.121103 -69.210589 0.174434 0.778820 0.602505 -0.300597 0.624795 -0.720606 0.937664 0.055413 -0.343096
-1.187105 -3.773658 2193.723037 -2857.665027 -0.375951 0.008087 -0.926604 -0.024217 0.999535 0.018549 0.926323 0.029413 -0.375580
-1.417596 -11.203972 -808.729871 -831.010227 -0.318423 -0.291070 -0.902156 -0.171940 0.953641 -0.246993 0.932225 0.076468 -0.353708
0.409413 -10.055999 2510.786918 -2196.497339 -0.345104 -0.350751 -0.870561 -0.168778 0.935617 -0.310056 0.923264 0.039930 -0.382085
0.475678 -10.871072 -2861.796467 -1069.521677 -0.290485 -0.379022 -0.878613 -0.201713 0.921829 -0.330974 0.935377 0.081084 -0.344231
-0.610727 -14.909055 -2040.859828 -692.274723 -0.309688 -0.313758 -0.897580 -0.213020 0.942887 -0.256098 0.926669 0.111892 -0.358837
-1.782570 -13.814635 -570.838364 -170.091084 -0.318655 -0.345055 -0.882834 -0.212668 0.933668 -0.288161 0.923705 0.095926 -0.370900
-4.051182 -40.816530 -1809.516047 200.205891 0.414595 0.794467 -0.443771 -0.784786 0.559018 0.267601 -0.460676 -0.237319 -0.855253
-8.072933 -40.309405 -2485.131417 -58.148317 0.391061 0.813821 -0.429845 -0.786418 0.538097 0.303312 -0.478140 -0.219424 -0.850432
-6.680915 -41.619811 -1886.238223 827.622210 0.421267 0.795298 -0.435929 -0.818351 0.540522 0.195288 -0.390942 -0.274475 -0.878537
-8.788240 -44.443002 -1885.843588 1899.915187 0.445503 0.781582 -0.436642 -0.836845 0.536855 0.107134 -0.318147 -0.317673 -0.893234
-4.531415 -45.111102 -1018.766806 -1726.952623 0.435477 0.787152 -0.436750 0.846159 -0.523500 -0.099808 -0.307203 -0.326096 -0.894029
-16.171051 -52.879433 167.235975 3813.494380 0.332955 0.885654 -0.323665 0.830151 -0.438109 -0.344833 0.447203 0.153877 0.881097
-18.255730 -47.093103 -4.848604 3387.170311 0.387766 0.862789 -0.324396 0.766744 -0.497254 -0.406007 0.511606 0.091293 0.854357
-16.095249 -47.350354 481.194193 4241.332120 0.323381 0.876303 -0.357096 0.781208 -0.460186 -0.421833 0.533984 0.142553 0.833390
-1.185522 -262.385533 -1615.883054 -10806.189536 0.325243 0.943814 0.058577 -0.834517 0.315609 -0.451634 0.444746 -0.098007 -0.890278
-1.321752 -224.893131 -1657.167578 -16618.896128 0.372951 0.924895 0.074007 -0.650315 0.317454 -0.690154 0.661814 -0.209265 -0.719868
1.781429 -257.739567 -2053.944925 -40095.818249 0.368111 0.927618 0.063403 -0.542512 0.269666 -0.795589 0.755100 -0.258468 -0.602510
0.788229 -292.870635 -3574.141073 -64629.800566 0.326172 0.944607 0.036465 -0.646752 0.251124 -0.720173 0.689437 -0.211317 -0.692836
14.818606 -141.699785 -420.336867 -25394.965991 0.212045 0.969157 0.125581 -0.233514 0.175029 -0.956471 0.948951 -0.173490 -0.263426
12.963218 -469.344998 5529.111316 -162629.804763 0.185307 0.955569 0.229237 -0.356427 0.282750 -0.890512 0.915763 -0.083311 -0.392986
17.215945 -540.004546 -4128.762015 -211039.858785 0.212667 0.966124 0.146210 -0.339261 0.213332 -0.916183 0.916338 -0.145239 -0.373137
-16.795509 -133.081566 4502.625251 5396.017259 -0.157946 -0.185018 0.969959 0.197003 0.956638 0.214556 -0.967596 0.224973 -0.114648
-21.152283 -99.130877 -257.536679 -12346.130553 -0.235018 -0.446066 0.863592 0.182168 0.852520 0.489923 -0.954768 0.272459 -0.119099
-29.649274 -94.166770 3281.700792 14814.340052 -0.182487 0.041070 0.982350 0.119381 0.992660 -0.019324 -0.975934 0.113748 -0.186051
-3.476526 -58.629375 -449.387120 -853.306975 0.349214 0.901498 -0.255640 0.140201 0.219478 0.965491 -0.926495 0.373004 0.049746
-1.664675 -59.409490 -1346.676759 -1322.301372 0.331195 0.911493 -0.243908 0.114183 0.217881 0.969273 -0.936628 0.348868 0.031916
-3.547919 -63.448897 -1958.880583 -2419.320232 0.329895 0.917926 -0.220410 0.218970 0.152707 0.963708 -0.918271 0.366185 0.150622
-124.783155 -146.266765 -28681.921981 -3753.603862 0.086080 -0.084024 0.992739 -0.631065 0.766456 0.119591 -0.770939 -0.636777 0.012952
-120.182474 -131.845625 -22126.527039 17695.239357 0.281771 -0.232434 0.930903 -0.243720 0.921053 0.303745 -0.928012 -0.312466 0.202877
-93.740648 -127.943869 -20405.988662 -12990.560280 0.220600 -0.497164 0.839145 -0.354500 0.760634 0.543843 -0.908661 -0.417449 -0.008448
-72.202637 -112.303611 -22329.420258 7811.787869 -0.161710 -0.034024 0.986252 -0.535449 0.842523 -0.058729 -0.828942 -0.537584 -0.154462
-49.283807 -57.433594 -360.791604 -3040.873220 -0.482283 0.753679 0.446510 0.871784 0.362886 0.329101 0.086004 0.547979 -0.832059
-51.233651 -61.977916 -653.315665 -2727.453388 -0.630216 0.654997 0.416901 0.763219 0.424025 0.487544 0.142564 0.625445 -0.767134
-50.680327 -59.038419 1064.819498 -4431.052151 -0.552249 0.756834 0.349603 0.808004 0.382635 0.448018 0.205305 0.529898 -0.822835
-50.648197 -53.763045 173.918118 -2321.142917 -0.137255 0.915294 0.378680 0.976097 0.059943 0.208907 0.168512 0.398302 -0.901642
-49.110031 -53.772342 826.977252 -2106.240918 -0.166350 0.872953 0.458563 0.981089 0.099858 0.165806 0.098950 0.477474 -0.873057
-52.139553 -60.810781 1493.457661 -5769.797992 -0.497384 0.829051 0.255508 0.820222 0.353469 0.449773 0.282571 0.433283 -0.855815
-51.703848 -69.742437 1402.119801 -3036.381904 -0.507355 0.792802 0.337722 0.779151 0.254618 0.572794 0.368122 0.553746 -0.746894
-5.806297 -30.058648 -3863.533544 -3011.871996 0.393892 0.878290 -0.271027 0.021010 0.286184 0.957944 -0.918916 0.383021 -0.094273
-0.252491 -32.883093 1688.483529 -3173.305338 0.436579 0.891030 -0.124354 -0.019194 0.147416 0.988888 -0.899461 0.429341 -0.081461
-2.536560 -36.059213 -2086.438351 -1386.579591 0.407573 0.901349 -0.146469 0.019370 0.151826 0.988217 -0.912967 0.405608 -0.044421
19.714393 -185.080708 17.454418 2883.147833 -0.576583 0.816782 -0.020462 -0.569307 -0.383669 0.727109 -0.586039 -0.430888 -0.686217
18.746863 -181.526403 -744.303447 -27425.743882 -0.557743 0.829969 -0.008670 -0.727256 -0.483632 0.487030 -0.400027 -0.277943 -0.873342
17.813636 -175.438191 -899.317190 24789.260760 -0.562593 0.826482 -0.020391 -0.495953 -0.317660 0.808160 -0.661452 -0.464778 -0.588610
15.935803 -155.784342 -340.336759 -4209.299431 -0.530174 0.847860 0.007071 -0.663735 -0.420200 0.618779 -0.527609 -0.323367 -0.785533
21.358651 -196.053931 -490.885118 46998.399855 -0.574154 0.817596 -0.043402 -0.344676 -0.193283 0.918608 -0.742662 -0.542382 -0.392780
-2.705440 -40.956096 -582.562208 293.047277 -0.361548 0.909236 0.206333 -0.907230 -0.394111 0.147006 -0.214981 0.134042 -0.967376
-3.207009 -40.738100 -1223.023041 1612.215296 -0.373129 0.906408 0.197990 0.920773 0.387957 -0.040812 -0.113804 0.167076 -0.979354
-2.482364 -40.571333 -118.428586 -1057.743116 -0.369926 0.907707 0.198046 -0.911798 -0.395610 0.110077 -0.178267 0.139858 -0.973992
-1.938917 -41.563233 287.026712 1630.277261 -0.361159 0.908691 0.209392 -0.892726 -0.401808 0.203937 -0.269451 0.113276 -0.956329
-3.283865 -42.104638 -455.043119 1528.391225 -0.354971 0.912404 0.203752 -0.879425 -0.399833 0.258352 -0.317188 0.087477 -0.944320
-44.985769 -69.502821 4592.683475 5211.730879 0.444191 -0.105939 0.889647 -0.095169 0.981787 0.164428 -0.890863 -0.157704 0.426019
-35.025331 -58.683257 4841.527732 5850.408884 0.498795 0.018134 0.866530 -0.048006 0.998824 0.006731 -0.865389 -0.044956 0.499079
-46.665275 -59.122410 4277.791968 6790.012821 0.398575 -0.018022 0.916959 0.010000 0.999833 0.015304 -0.917081 0.003070 0.398689
-34.247165 -68.373561 5811.829033 4782.131627 0.518916 -0.094809 0.849551 -0.124781 0.974784 0.185002 -0.845669 -0.202008 0.494001
0.493632 -65.771409 783.043147 -1277.506283 -0.446201 0.894793 0.015793 0.515691 0.271499 -0.812620 0.731415 0.354448 0.582580
0.504049 -68.046064 -73.837748 -1698.045424 -0.434394 0.900714 -0.004149 0.545004 0.259170 -0.797372 0.717128 0.348635 0.603474
-1.418451 -64.935948 377.801654 3133.118511 -0.427982 0.903575 -0.019583 0.396311 0.168152 -0.902587 0.812262 0.394052 0.430063
0.620862 -63.339338 1505.307065 2017.751910 -0.454919 0.890469 0.010672 0.396055 0.213039 -0.893171 0.797615 0.402094 0.449590
2.079268 -63.211779 1123.918088 -191.599050 -0.465698 0.884246 0.035142 0.495924 0.293661 -0.817204 0.732929 0.363142 0.575276
2.326921 -64.406850 914.480694 -2384.223835 -0.464755 0.884169 0.047403 0.597040 0.352463 -0.720634 0.653870 0.306617 0.691693
18.713485 -118.974500 -1062.783973 5070.754917 -0.620408 0.766846 0.164441 0.683757 0.631566 -0.365515 0.384149 0.114331 0.916165
16.375102 -121.087669 -1754.225681 -3997.126754 -0.613338 0.771779 0.167851 0.771794 0.630794 -0.080203 0.167778 -0.080355 0.982544
17.355404 -114.366144 -906.330760 -41.977318 -0.645238 0.754260 0.121489 0.730689 0.655699 -0.190137 0.223073 0.033913 0.974212
18.491917 -110.711280 1362.945338 5783.398094 -0.668954 0.736051 0.103584 0.638142 0.640166 -0.427742 0.381151 0.220038 0.897946
20.691383 -109.507430 807.564153 9183.500376 -0.643533 0.750945 0.148143 0.552391 0.589623 -0.589244 0.529838 0.297365 0.794258
19.713191 -117.884962 -416.010151 10988.909577 -0.599286 0.782006 0.171240 0.636500 0.595192 -0.490524 0.485513 0.184970 0.854437
0.819140 -149.294309 31.480951 1673.430235 -0.503890 0.855124 -0.121897 -0.553937 -0.211631 0.805212 -0.662759 -0.473261 -0.580323
0.665121 -157.494660 -681.658397 1535.147689 -0.513494 0.848201 -0.129917 -0.527974 -0.192954 0.827050 -0.676437 -0.493278 -0.546909
1.771630 -140.457471 71.604210 2897.200836 -0.530326 0.843033 -0.089724 -0.369418 -0.134529 0.919474 -0.763076 -0.520767 -0.382776
2.524362 -124.321363 -218.540099 11575.867676 -0.544900 0.835963 -0.065194 -0.130275 -0.007597 0.991449 -0.828319 -0.548734 -0.113045
1.153864 -131.968941 -342.128808 4839.049449 -0.540779 0.836877 -0.084818 -0.338988 -0.124539 0.932511 -0.769834 -0.533035 -0.351039
2.379845 -131.758339 -890.284343 13112.536624 -0.548565 0.833353 -0.067826 -0.100580 0.014760 0.994819 -0.830036 -0.552545 -0.075722
11.212859 -53.424074 -397.283016 -914.003017 -0.399880 0.894934 0.197964 -0.343495 0.053920 -0.937605 0.849769 0.442929 -0.285843
13.820128 -48.878599 -1133.886659 -1394.218408 -0.434045 0.884507 0.171034 -0.298386 0.037987 -0.953689 0.850042 0.464978 -0.247436
11.172824 -52.349570 188.360394 369.971755 -0.418718 0.884769 0.204595 -0.433844 0.003028 -0.900983 0.797781 0.466020 -0.382584
11.816696 -53.868908 978.719185 1340.025531 -0.392572 0.893511 0.218003 -0.431626 0.030324 -0.901543 0.812149 0.448016 -0.373758
11.741087 -51.774000 669.472442 2076.229531 -0.410181 0.890663 0.196138 -0.522864 -0.053451 -0.850739 0.747238 0.451510 -0.487621
11.131942 -51.905870 -489.932785 -229.482793 -0.431150 0.873646 0.225504 -0.486655 -0.014709 -0.873470 0.759787 0.486340 -0.431506
10.835178 -51.863983 1475.405926 1056.824329 -0.432683 0.872112 0.228486 -0.541172 -0.048550 -0.839509 0.721053 0.486892 -0.492970
0.796221 -80.488807 720.222433 -2072.370889 -0.688679 0.724894 -0.015832 0.424411 0.420719 0.801792 -0.587875 -0.545458 0.597393
-0.135259 -89.620628 1731.671733 4169.421415 -0.648107 0.759530 0.055426 0.381906 0.261187 0.886526 -0.658867 -0.595731 0.459347
-0.951080 -76.860677 922.482900 2332.842064 -0.676258 0.736236 0.025113 0.383708 0.322938 0.865147 -0.628842 -0.594699 0.500890
2.865654 -74.290734 423.104270 859.303629 0.661658 -0.738937 0.127203 0.506446 0.315328 -0.802547 -0.552921 -0.595433 -0.582870
2.122396 -74.751030 -340.808888 1027.567491 0.665073 -0.739412 0.104633 0.504921 0.342010 -0.792517 -0.550211 -0.579913 -0.600806
1.895478 -69.166987 441.268650 4286.937074 0.669558 -0.733090 0.119464 0.600874 0.440056 -0.667309 -0.436627 -0.518584 -0.735138
3.442402 -79.391996 70.954896 205.455045 -0.656521 0.745575 -0.114448 -0.412494 -0.227833 0.882010 -0.631529 -0.626267 -0.457122
-11.563112 -46.535773 590.144580 4250.555670 -0.430586 0.902092 0.028725 0.081297 0.007068 0.996665 -0.898881 -0.431485 0.076381
-14.119116 -49.874268 203.047853 4625.753490 -0.453336 0.891257 -0.012107 0.046253 0.037087 0.998241 -0.890139 -0.451979 0.058036
-12.796333 -43.784367 -19.384455 2624.762546 -0.447562 0.892347 0.058350 0.145884 0.008481 0.989265 -0.882273 -0.451270 0.133975
-10.797109 -40.374814 231.068771 1512.525932 -0.419350 0.902950 0.093949 0.177532 -0.019924 0.983913 -0.890297 -0.429283 0.151947
-8.937039 -42.516983 1432.671264 2793.279567 -0.393969 0.916680 0.066975 0.130386 -0.016391 0.991328 -0.909828 -0.399285 0.113065
-8.830372 -44.525655 2160.230054 3267.687041 -0.379666 0.925039 0.012520 0.045484 0.005147 0.998952 -0.924005 -0.379837 0.044029
-6.260102 -200.576460 -441.672715 -25544.454698 -0.483602 0.855395 -0.185549 -0.643065 -0.203410 0.738303 -0.593798 -0.476365 -0.648445
-6.604333 -203.821989 9.999862 -13339.772297 -0.482587 0.861731 -0.156618 -0.561346 -0.167050 0.810546 -0.672310 -0.479076 -0.564345
-9.044162 -183.129831 453.069827 -19706.411855 -0.491104 0.859388 -0.142373 -0.748183 -0.332427 0.574207 -0.446138 -0.388516 -0.806236
-7.501911 -173.783672 105.989973 28354.882956 -0.494688 0.851433 -0.174203 0.788617 0.355551 -0.501665 -0.365196 -0.385546 -0.847341
-5.607412 -170.741521 -1486.301357 22427.879971 -0.499299 0.839264 -0.215260 0.749328 0.293549 -0.593579 -0.434980 -0.457674 -0.775453
-10.133417 -143.156809 -199.835871 4488.740995 -0.601612 0.793222 -0.094136 -0.794052 -0.606692 -0.037491 0.086851 -0.052194 -0.994853
-10.249488 -146.771694 308.955612 5710.371616 -0.609132 0.785957 -0.105974 -0.776770 -0.618214 -0.120164 0.159958 -0.009121 -0.987082
-11.234710 -145.129291 304.574307 5355.371599 -0.560937 0.820844 -0.107543 0.826963 0.549542 -0.118893 -0.038493 -0.155626 -0.987066
-10.299560 -127.531623 455.895444 -3352.369453 -0.592483 0.796782 -0.118757 0.801374 0.597998 0.014096 0.082248 -0.086817 -0.992823
-9.859822 -159.599336 -114.604198 6204.648748 -0.571614 0.816110 -0.084985 0.819099 0.561456 -0.117656 -0.048305 -0.136865 -0.989411
-9.560881 -127.386413 57.842650 1380.853713 -0.555683 0.820671 -0.133100 0.828902 0.534485 -0.165068 -0.064326 -0.202052 -0.977260
-9.896127 -150.910213 498.653323 13592.266352 -0.519945 0.844704 -0.127012 0.823034 0.455608 -0.339171 -0.228631 -0.280886 -0.932111
-10.770792 -174.823686 24.498273 15830.235785 -0.520933 0.844768 -0.122456 0.813694 0.448095 -0.370287 -0.257934 -0.292536 -0.920811
-20.414210 -41.955129 -2035.287890 329.833423 -0.519544 0.786622 0.333615 0.854391 0.473953 0.213035 0.009460 0.395719 -0.918323
-24.350697 -43.754690 -2782.404365 927.874587 -0.497890 0.778210 0.382747 0.866239 0.467464 0.176373 -0.041665 0.419365 -0.906861
-23.333127 -42.571707 -2731.838362 214.490906 -0.563210 0.743663 0.360220 0.825856 0.492090 0.275335 0.027495 0.452562 -0.891309
25.380960 -53.784117 -1632.223289 4098.284141 -0.338750 0.812505 -0.474430 0.683612 0.559006 0.469241 -0.646470 0.165371 0.744801
28.412871 -42.296361 -1573.594596 2781.477131 -0.365243 0.730426 -0.577127 0.655529 0.641990 0.397657 -0.660969 0.233082 0.713297
32.261119 -43.252855 -4650.294191 3931.236180 -0.424069 0.715793 -0.554802 0.706269 0.644857 0.292135 -0.566877 0.267954 0.779006
22.402887 -56.552791 343.232447 1967.238014 -0.272465 0.842179 -0.465292 0.601365 0.526554 0.600917 -0.751081 0.116082 0.649924
25.280329 -51.127809 -4699.927735 2853.225014 -0.410151 0.781881 -0.469509 0.717948 0.594275 0.362474 -0.562429 0.188414 0.805092
23.302666 -61.800579 1392.540826 4473.288618 -0.366787 0.811991 -0.454025 0.686210 0.565673 0.457307 -0.628159 0.143822 0.764677
24.496704 -67.691913 933.790619 5716.732899 -0.306845 0.857595 -0.412768 0.634745 0.507549 0.582660 -0.709186 0.083216 0.700093
-49.285368 -867.702254 -1367.674529 259675.210549 0.566038 -0.786124 -0.248215 0.822651 0.558124 0.108362 0.053349 -0.265531 0.962625
-32.618651 -567.270279 4983.920874 52497.430252 0.660339 -0.693979 -0.286960 0.729657 0.502524 0.463757 -0.177633 -0.515619 0.838203
-6.132501 -527.540110 11192.874280 -110975.447171 0.711989 -0.643592 -0.280823 -0.693870 -0.706223 -0.140687 0.107779 -0.295023 0.949392
-3.119603 -510.249182 9444.938376 134588.079264 0.715199 -0.663110 -0.220854 0.614717 0.747170 -0.252707 0.332588 0.044974 0.941999
20.377773 -566.796429 10550.738672 -124434.451468 0.710960 -0.664224 -0.230961 -0.688027 -0.724930 -0.033095 0.145448 -0.182436 0.972400
-3.542162 -26.379831 -1402.458167 2373.457969 0.654298 -0.671369 -0.348077 0.485997 0.020654 0.873716 0.579397 0.740835 -0.339797
-5.901329 -28.972460 -505.276200 2784.724404 0.690582 -0.671816 -0.267881 0.445991 0.103976 0.888978 0.569376 0.733384 -0.371428
-5.208674 -29.467825 -937.454749 2488.099625 0.654869 -0.672395 -0.345010 0.514064 0.061687 0.855531 0.553972 0.737618 -0.386050
-2.208296 -26.276213 -1009.067165 2195.571443 0.605016 -0.669408 -0.431101 0.550903 -0.038969 0.833659 0.574858 0.741872 -0.345202
-14.018026 -33.300500 927.304809 -469.923329 0.712573 -0.701569 -0.006330 0.537446 0.540031 0.647702 0.450990 0.464937 -0.761867
-11.192596 -31.018316 -1413.058674 -417.000504 -0.617083 0.783686 0.071020 -0.651244 -0.457960 -0.605106 0.441689 0.419652 -0.792971
-13.181761 -32.899407 1526.289544 555.198153 0.661002 -0.747827 -0.061893 0.623267 0.501224 0.600261 0.417869 0.435350 -0.797406
-0.420028 -44.092148 470.809296 -1093.319411 -0.429003 0.883516 -0.188032 0.131966 -0.144626 -0.980647 0.893611 0.445514 0.054549
-2.876705 -43.629274 803.332298 -1443.282787 -0.437432 0.876635 -0.200410 0.216571 -0.113604 -0.969635 0.872783 0.467552 0.140159
-4.733145 -46.431541 612.681882 21.298238 -0.450850 0.886735 -0.102150 0.175526 -0.024131 -0.984179 0.875171 0.461647 0.144765
-1.807303 -46.183343 -81.663348 -632.303026 -0.431674 0.895402 -0.109143 0.113921 -0.065911 -0.991301 0.894807 0.440353 0.073553
39.678359 -53.472400 28628.172040 806.293163 -0.151393 0.984807 0.085056 0.927801 0.111891 0.355901 -0.340977 -0.132796 0.930645
-2.941963 -58.948866 7821.654466 310.360079 -0.340766 0.938240 0.059872 0.835501 0.273022 0.476861 -0.431064 -0.212521 0.876937
6.678494 -55.859815 10931.455950 2782.910001 -0.301986 0.950606 0.071778 0.905415 0.262433 0.333696 -0.298377 -0.165760 0.939944
436.923991 -37.443927 199823.470417 -1451.060982 0.198303 0.969619 0.143230 0.957119 -0.223053 0.184854 -0.211186 -0.100431 0.972273
342.804672 -41.613689 147288.741212 -4132.431208 0.195547 0.958954 0.205348 0.933629 -0.246124 0.260308 -0.300164 -0.140816 0.943436
-1.247791 -162.520805 -788.666824 7735.641651 -0.312011 0.934109 -0.173464 -0.274024 -0.263298 -0.924978 0.909703 0.241070 -0.338120
-2.568087 -161.097675 99.379910 -1306.983594 -0.333965 0.930867 -0.148166 -0.088841 -0.187577 -0.978224 0.938389 0.313530 -0.145343
-1.388713 -181.202730 -539.578011 3344.426306 -0.315580 0.941150 -0.121017 -0.014211 -0.132207 -0.991120 0.948793 0.311058 -0.055096
20.550990 -218.541261 -2579.810879 38733.756586 0.139398 0.952110 0.272130 0.652739 -0.295007 0.697785 -0.744648 -0.080360 0.662602
-6.925312 -128.719028 -298.031540 22427.745403 0.154582 0.939176 0.306679 0.831878 -0.291189 0.472428 -0.532995 -0.182091 0.826293
-11.043931 -143.603414 -134.874168 23524.849483 0.055916 0.976262 0.209249 0.867843 -0.151149 0.473288 -0.493681 -0.155131 0.855695
-2.853683 -1162.414075 -1858.980074 -421730.325785 -0.708668 -0.104417 -0.697772 0.289012 0.859243 -0.422105 0.643631 -0.500797 -0.578741
2.064549 -711.378080 -143.808206 -180469.198709 -0.714742 -0.107954 -0.691006 0.209704 0.909477 -0.358992 0.667209 -0.401493 -0.627404
-5.271572 -612.899036 1333.538940 -206994.618231 0.689889 0.028732 0.723344 0.620644 0.490863 -0.611437 0.372631 -0.870763 -0.320808
-24.882859 -745.652685 7625.092726 -234917.849449 0.695479 0.090669 0.712803 0.639489 0.374259 -0.671553 0.327662 -0.922881 -0.202308
-4.501368 -19.993662 -2088.701140 -2822.738852 -0.484359 0.840569 0.242570 -0.229686 -0.389715 0.891833 -0.844181 -0.376252 -0.381829
-8.449175 -20.580402 -1626.421163 -2690.655769 -0.452932 0.873652 0.177722 -0.267718 -0.323421 0.907593 -0.850400 -0.363498 -0.380380
-4.391651 -14.602833 -1675.808064 -918.413267 -0.508511 0.782174 0.360029 -0.190976 -0.510163 0.838607 -0.839610 -0.357684 -0.408800
-7.189564 -26.830962 -1713.669714 -4061.140774 -0.449263 0.881061 0.147968 -0.250599 -0.283253 0.925726 -0.857533 -0.378814 -0.348048
0.715729 -16.561720 -2370.855588 -2376.521279 -0.498481 0.822240 0.274660 -0.220451 -0.426646 0.877140 -0.838402 -0.376689 -0.393939
-1.517535 -25.053122 -2309.681823 -3904.163371 -0.478750 0.854271 0.202534 -0.223492 -0.341673 0.912858 -0.849029 -0.391766 -0.354499
-55.776596 -85.169351 2375.460112 4723.167705 0.103086 0.984970 0.138591 0.945724 -0.053886 -0.320472 0.308187 -0.164105 0.937065
-49.602645 -77.980151 165.612360 2651.843395 0.357282 0.933483 -0.030973 0.876928 -0.346681 -0.332881 0.321477 -0.091771 0.942460
-42.315537 -70.266678 -671.365567 5769.410330 0.521346 0.827572 -0.208143 0.716706 -0.557032 -0.419581 0.463176 -0.069570 0.883532
19.917282 -117.140407 -1137.911527 15541.345521 0.169806 -0.793924 -0.583824 0.898983 -0.117910 0.421813 -0.403726 -0.596474 0.693703
34.106375 -85.370499 4292.708794 6089.911783 0.289761 -0.835146 -0.467514 0.912818 0.094283 0.397333 -0.287753 -0.541887 0.789656
31.154029 -97.261344 -1908.078943 9367.846738 0.220274 -0.806821 -0.548196 0.941740 0.029460 0.335048 -0.254174 -0.590061 0.766305
23.070417 -97.143437 5489.917386 8662.662271 0.242373 -0.823588 -0.512794 0.851070 -0.073257 0.519916 -0.465763 -0.562437 0.683176
29.806125 -132.036039 -6516.097675 21154.370264 0.132877 -0.765179 -0.629956 0.920560 -0.140265 0.364548 -0.367306 -0.628353 0.685755
17.321939 -127.264452 5064.764162 8341.105444 -0.097286 0.756800 0.646367 0.777263 -0.347853 0.524271 -0.621609 -0.553401 0.554391
10.843649 -114.349601 342.636987 8504.145461 -0.140380 0.785382 0.602883 0.779073 -0.288154 0.556788 -0.611015 -0.547852 0.571419
0.910434 -23.275587 9260.907200 -7613.731433 0.652401 0.534415 -0.537377 0.111349 0.633773 0.765462 0.749650 -0.559225 0.353968
26.870807 -9.947349 12821.196839 -4653.226637 0.622255 0.366048 -0.691959 0.261357 0.736072 0.624412 0.737896 -0.569392 0.362356
22.315464 -72.369637 2066.113751 154.329731 0.453975 0.852378 0.259535 0.857436 -0.497133 0.132897 -0.242302 -0.162203 0.956546
18.519648 -67.281403 268.433841 -4379.914303 0.476013 0.833089 0.281733 0.771658 -0.549330 0.320595 -0.421848 -0.064794 0.904348
62.598585 -30.405414 3103.057970 3471.078807 -0.625254 -0.134592 -0.768728 0.675116 -0.587423 -0.446265 -0.391505 -0.798009 0.458154
56.258034 -33.932180 5463.315224 4935.044460 -0.597725 -0.031462 -0.801084 0.647460 -0.608211 -0.459212 -0.472780 -0.793152 0.383913
54.613210 -48.927795 164.647233 12550.042099 -0.635502 -0.133013 -0.760556 0.648062 -0.627357 -0.431786 -0.419707 -0.767288 0.484887
57.769479 -34.832154 7263.437435 -4238.277888 -0.554037 -0.043948 -0.831331 0.689039 -0.584623 -0.428301 -0.467192 -0.810114 0.354185
64.615968 -33.315223 4283.713021 -6091.462456 -0.579174 -0.156611 -0.800019 0.712867 -0.573353 -0.403841 -0.395447 -0.804201 0.443714
-21.340208 -43.002541 162.307066 5705.583190 0.019752 0.621312 0.783314 -0.487076 0.690187 -0.535163 -0.873136 -0.370963 0.316258
-16.497280 -31.317909 3228.891808 -4629.858846 -0.122392 0.838642 0.530754 0.369976 -0.457675 0.808487 -0.920944 -0.295318 0.254262
-21.043353 -37.662309 1501.600412 6911.762794 -0.026419 0.648562 0.760703 -0.403574 0.689279 -0.601684 -0.914566 -0.322896 0.243532
-22.148369 -45.082242 476.223142 4061.109451 -0.027621 0.581342 0.813191 -0.501368 0.695722 -0.514394 -0.864793 -0.421916 0.272250
-20.941391 -50.826994 -514.164972 1308.780387 -0.005535 0.569353 0.822074 -0.610551 0.649144 -0.453695 -0.791957 -0.504430 0.344027
56.020481 -32.079153 20687.411909 -2803.715856 0.350278 -0.512870 -0.783753 0.642105 -0.477712 0.599576 -0.681913 -0.713271 0.161985
68.468258 -24.572872 -10085.476181 -1916.701223 -0.285471 0.683906 0.671400 0.612818 -0.408361 0.676531 -0.736858 -0.604577 0.302535
81.446984 -35.769010 -9578.655169 -2757.577106 -0.293403 0.664343 0.687433 0.661953 -0.377626 0.647470 -0.689734 -0.645017 0.328967
39.579685 -22.430855 -11352.353939 2375.880944 -0.246106 0.498294 0.831345 -0.612115 0.585127 -0.531922 -0.751496 -0.639788 0.161010
60.179210 -39.336088 26460.039176 -1619.633527 0.380376 -0.468924 -0.797135 0.690968 -0.428809 0.581967 -0.614717 -0.772162 0.160903
20.183881 -43.046520 20215.795038 686.929263 0.278745 -0.353704 -0.892858 0.706784 -0.553887 0.440075 -0.650199 -0.753726 0.095599
2.386103 -54.293776 -354.021893 -297.194475 -0.414658 -0.900455 0.131300 0.909939 -0.411629 0.050725 0.008372 0.140509 0.990044
1.314921 -56.480590 -688.089697 -723.401767 -0.419702 -0.897050 0.138393 0.907483 -0.411684 0.083613 -0.018031 0.160681 0.986842
1.554998 -65.580336 -338.949018 2997.084197 -0.397126 -0.907810 0.134802 0.912612 -0.375071 0.162667 -0.097111 0.187621 0.977429
10.538342 -93.947558 -1310.792538 -1242.436433 0.560812 0.770278 -0.303581 0.786104 -0.380300 0.487250 0.259867 -0.511902 -0.818795
14.708523 -94.188704 -1455.949075 4507.148730 0.530624 0.795917 -0.291468 0.762989 -0.298751 0.573233 0.369169 -0.526558 -0.765801
11.301141 -99.206519 -795.178204 -3434.639266 0.523310 0.802668 -0.286130 0.836178 -0.419002 0.353898 0.164173 -0.424454 -0.890441
9.023719 -91.643217 -1374.236802 -4693.190429 0.525630 0.786007 -0.325433 0.848627 -0.457681 0.265257 0.059549 -0.415598 -0.907597
9.192152 -89.416688 -170.356002 -4302.365217 0.555456 0.771564 -0.310093 0.819999 -0.446304 0.358349 0.138094 -0.453324 -0.880584
9.285722 -90.497503 789.484088 -68.691573 0.575605 0.765267 -0.288174 0.764679 -0.378869 0.521272 0.289732 -0.520408 -0.803263
10.842797 -88.221978 10.685683 4053.280313 0.591681 0.755217 -0.282064 0.685216 -0.286788 0.669501 0.424726 -0.589406 -0.687174
-3.107598 -107.163176 -170.998841 -9376.788735 0.128717 0.968816 0.211724 0.767063 -0.232583 0.597930 -0.628528 -0.085442 0.773080
-3.113050 -105.594819 -545.097501 -11253.397152 0.111550 0.972801 0.203015 0.745886 -0.216953 0.629751 -0.656667 -0.081177 0.749799
-0.906519 -90.561270 -378.324005 -9557.983715 0.121136 0.971111 0.205597 0.624557 -0.235551 0.744610 -0.771528 -0.038208 0.635047
461.985529 -35.687262 209095.145375 9633.773038 0.632469 0.458806 -0.624084 0.380686 0.517561 0.766295 -0.674582 0.722238 -0.152680
48.825984 -38.504918 31740.012636 913.283713 0.677698 0.536986 -0.502367 0.241182 0.483065 0.841712 -0.694663 0.691588 -0.197861
7.037709 -40.839693 15848.255012 -703.422354 0.685229 0.639230 -0.349064 0.210433 0.285066 0.935123 -0.697265 0.714228 -0.060820
885.747835 -51.618140 -285510.889107 2038.559409 -0.661753 -0.507471 0.551866 0.251804 0.542893 0.801163 -0.706171 0.669134 -0.231478
73.509043 -38.310176 41633.676157 -1886.016034 0.673651 0.587967 -0.447759 0.292947 0.343792 0.892182 -0.678510 0.732190 -0.059353
714.009101 -36.592312 255219.615170 6376.965353 0.528867 0.589058 -0.610991 0.351539 0.503207 0.789432 -0.772477 0.632292 -0.059053
1058.122035 -31.945772 398139.103096 -2084.941571 0.623517 0.524837 -0.579459 0.368835 0.456041 0.809931 -0.689338 0.718730 -0.090771
-0.151580 -38.282391 42.204543 -1216.537348 0.590838 0.730688 -0.342061 -0.116606 -0.342187 -0.932369 0.798319 -0.590765 0.116974
1.278701 -40.327522 486.920001 -385.661356 0.574554 0.709073 -0.408781 -0.160845 -0.391889 -0.905843 0.802506 -0.586207 0.111111
-2.548752 -42.989079 -1038.751256 -1385.740123 0.589751 0.709590 -0.385585 -0.060468 -0.437315 -0.897273 0.805318 -0.552483 0.215000
-3.621681 -39.577708 -182.777201 -811.796639 0.591109 0.744921 -0.309325 -0.032264 -0.361353 -0.931871 0.805946 -0.560817 0.189565
2.607483 -131.371126 -771.652509 1356.991301 0.408808 -0.129306 0.903413 0.912368 0.034628 -0.407904 0.021461 0.991000 0.132131
3.134656 -132.581046 983.469501 3344.375030 0.405986 -0.150521 0.901398 0.890567 -0.156199 -0.427190 0.205099 0.976189 0.070634
