11375
22739
-51.378432 -72.049503 -808.074450 4706.409391 -0.340035 -0.934821 0.102401 0.940320 -0.339508 0.023071 0.013199 0.104135 0.994476
-44.268442 -71.916979 -1418.120726 9236.504263 0.123060 0.992384 -0.005548 0.987210 -0.122985 -0.101443 0.101353 -0.007006 0.994826
-41.276349 -60.998601 76.931749 6200.999990 0.552875 0.825032 -0.116839 0.815953 -0.564474 -0.124861 0.168967 0.026303 0.985271
-34.515133 -51.579661 -1509.838827 6383.294332 0.456684 0.888674 -0.041223 0.854319 -0.451012 -0.258317 0.248151 -0.082752 0.965180
-43.992514 -65.646166 -844.600635 5217.575294 -0.678073 -0.706697 0.201981 0.721381 -0.692537 -0.001314 0.140807 0.144814 0.979389
-35.383598 -53.323769 -112.436964 -4086.337227 0.810242 0.536443 -0.236085 -0.528493 0.842860 0.101403 0.253384 0.042609 0.966427
16.698058 -39.537874 10603.089556 -419.929776 -0.009522 -0.817751 -0.575493 0.931662 0.201783 -0.302141 0.363201 -0.539042 0.759946
32.582893 -44.581377 2833.708258 -315.317207 0.102663 -0.890990 -0.442265 0.929325 0.244456 -0.276760 0.354705 -0.382595 0.853116
27.272121 -42.040465 -8906.302532 136.961076 0.043837 0.848416 0.527511 0.873310 0.223892 -0.432668 0.485188 -0.479648 0.731116
7.849334 -38.276157 8441.340266 33.604719 -0.145467 -0.839957 -0.522792 0.893783 0.115023 -0.433500 0.424254 -0.530323 0.734007
-2.348305 -35.191297 8994.747052 -207.503047 -0.080178 -0.837234 -0.540936 0.938626 0.119237 -0.323674 0.335490 -0.533687 0.776289
6.774016 -37.092658 12699.411030 -696.798612 0.084417 -0.785475 -0.613108 0.962863 0.222666 -0.152692 0.256454 -0.577450 0.775102
-1.838995 -144.617548 -1250.425561 -3648.853857 0.171088 -0.177286 0.969174 0.767960 0.640232 -0.018453 -0.617225 0.747444 0.245685
-0.985318 -148.238528 -1487.572615 -1857.796747 0.164590 -0.172958 0.971080 0.918143 0.386637 -0.086754 -0.360450 0.905868 0.222437
3.348555 -153.469169 -2747.618109 233.828767 0.134716 -0.162295 0.977503 0.893809 0.445743 -0.049175 -0.427735 0.880326 0.205110
-3.315858 -150.980340 -291.513767 -4773.003607 0.190982 -0.172730 0.966277 0.884975 0.456182 -0.093367 -0.424670 0.872962 0.239984
-3.571997 -136.375105 -194.476459 -3815.145535 0.185966 -0.190314 0.963949 0.557302 0.828416 0.056040 -0.809216 0.526789 0.260120
-4.165834 -141.935882 -16.289719 -8192.149250 0.190759 -0.189094 0.963252 0.715600 0.698496 -0.004595 -0.671959 0.690179 0.268560
-4.293495 -62.686279 186.783651 -1936.657856 0.444378 0.710591 -0.545518 0.893274 -0.397526 0.209843 -0.067745 -0.580546 -0.811404
-6.093242 -62.238999 -1406.077997 -2622.737581 0.440451 0.703546 -0.557697 0.894879 -0.393916 0.209814 -0.072072 -0.591484 -0.803089
-4.351252 -65.808088 -638.495314 -1203.230061 0.453504 0.698086 -0.554084 0.886821 -0.291517 0.358561 0.088781 -0.653982 -0.751282
-5.490175 -67.857156 1308.081623 -778.931710 0.454698 0.717052 -0.528285 0.882452 -0.282437 0.376174 0.120529 -0.637233 -0.761188
-5.591370 -67.471493 331.485382 508.131596 0.470675 0.701970 -0.534512 0.836090 -0.161360 0.524324 0.281812 -0.693686 -0.662859
-5.568638 -64.947234 -527.411487 457.095345 0.466946 0.705020 -0.533767 0.851685 -0.196173 0.485951 0.237894 -0.681515 -0.692058
40.209309 -114.265869 6961.941653 3738.095967 -0.050757 0.956463 0.287405 -0.241810 0.267444 -0.932739 0.968995 0.116841 -0.217708
58.046654 -105.607434 10471.319992 6098.911987 -0.084239 0.959887 0.267432 -0.494069 0.192836 -0.847768 0.865332 0.203545 -0.458006
59.295659 -102.763620 4162.820033 5182.432770 0.059525 0.987887 0.143301 -0.326564 0.154928 -0.932391 0.943299 -0.008704 -0.331831
-18.822497 -48.680603 -909.370505 2265.212611 0.538983 0.776493 -0.326428 0.692985 -0.629074 -0.352191 0.478821 0.036384 0.877158
-17.461104 -45.211896 -1256.785484 3091.872800 0.552184 0.776582 -0.303336 0.625978 -0.626491 -0.464392 0.550676 -0.066548 0.832062
-20.124573 -50.415896 19.115208 1910.705999 0.487085 0.792997 -0.365928 0.655688 -0.608812 -0.446565 0.576907 0.022420 0.816502
-16.036706 -49.732623 -2269.984702 959.677934 0.585878 0.763600 -0.271407 0.698998 -0.645619 -0.307534 0.410058 0.009535 0.912010
-18.666894 -52.291142 -1432.827994 -151.385576 0.560414 0.768648 -0.308410 0.751265 -0.628534 -0.201362 0.348623 0.118852 0.929697
-19.084108 -52.656428 616.110563 1989.314784 0.504113 0.772620 -0.385914 0.731470 -0.619534 -0.284832 0.459153 0.138697 0.877463
41.327410 -38.476727 2264.283829 6389.416533 -0.536690 -0.685413 -0.492110 0.832356 -0.525704 -0.175556 -0.138376 -0.503830 0.852647
41.444982 -32.414272 -2078.431777 4314.645471 -0.529885 -0.762470 -0.371297 0.846814 -0.499508 -0.182750 -0.046124 -0.411256 0.910352
44.477787 -27.895334 2247.662843 1416.427987 -0.539038 -0.684541 -0.490756 0.836252 -0.504545 -0.214749 -0.100604 -0.526154 0.844417
41.288969 -23.544817 -4158.271255 1077.916537 -0.533957 -0.776370 -0.334872 0.845205 -0.479452 -0.236125 0.022765 -0.409116 0.912198
45.554425 -30.652963 5603.809556 -3199.038338 -0.489912 -0.648049 -0.583111 0.863712 -0.451563 -0.223813 -0.118269 -0.613289 0.780954
39.052739 -29.339036 4341.402881 -3374.591909 -0.523927 -0.582208 -0.621718 0.827442 -0.521077 -0.209330 -0.202089 -0.624110 0.754750
49.530874 -25.251096 630.285725 -1783.216424 -0.511006 -0.722602 -0.465532 0.858598 -0.454935 -0.236314 -0.041025 -0.520462 0.852898
429.599866 -36.627518 -131307.631057 -1550.751306 -0.651185 0.755351 0.073500 0.540892 0.393992 0.743105 -0.532347 -0.523655 0.665126
365.016127 -34.835170 -92448.060919 1509.205898 -0.438421 0.898647 -0.014877 0.645881 0.326529 0.690084 -0.625000 -0.292939 0.723576
250.212876 -26.832025 87481.168090 1888.855603 0.649025 -0.750745 -0.123081 -0.597378 -0.402742 -0.693497 -0.471070 -0.523623 0.709868
92.947385 -19.893159 37153.230209 -740.245472 0.715487 -0.691974 -0.096176 -0.521602 -0.437522 -0.732466 -0.464768 -0.574236 0.673976
389.490510 -33.559759 116490.325993 -10780.524168 0.659556 -0.727805 -0.187847 -0.575015 -0.327598 -0.749691 -0.484091 -0.602478 0.634568
-13.297601 -48.109164 -761.529160 1058.196500 0.568447 0.771370 -0.286107 0.612912 -0.629034 -0.478179 0.548824 -0.096461 0.830354
-16.862434 -48.119426 -1071.763912 -171.370811 0.548591 0.782654 -0.294112 0.588648 -0.611359 -0.528899 0.593752 -0.117021 0.796093
-3.830876 -154.292265 274.514538 7943.533944 -0.362959 -0.063528 -0.929637 0.648060 0.699654 -0.300835 0.669536 -0.711651 -0.212776
-4.803674 -149.635890 -618.810580 6458.449555 -0.364068 -0.050708 -0.929991 0.652696 0.698419 -0.293596 0.664411 -0.713890 -0.221175
-4.214036 -131.620828 17.789836 -1297.516932 -0.344843 -0.034908 -0.938011 0.485203 0.848818 -0.209965 0.803530 -0.527531 -0.275772
-1.636721 -123.402186 847.812051 2931.518462 -0.351391 -0.011533 -0.936158 0.228691 0.968577 -0.097772 0.907869 -0.248447 -0.337711
-5.213979 -130.838861 -379.942867 1537.903071 -0.328922 -0.023619 -0.944062 0.263780 0.957599 -0.115862 0.906769 -0.287134 -0.308745
-1.163005 -740.282884 -495.399973 117794.578153 0.228944 -0.068097 0.971055 0.943735 0.260076 -0.204265 -0.238638 0.963184 0.123808
-14.999925 -553.296538 -6976.517339 -10935.378178 0.191905 -0.064649 0.979282 0.981247 -0.005723 -0.192668 0.018060 0.997892 0.062338
-16.101427 -511.650660 -2470.346696 35515.048396 0.270249 -0.092227 0.958363 0.926020 -0.247568 -0.284953 0.263540 0.964471 0.018499
-18.574780 -3812.686079 12407.450669 -137045.619867 -0.214409 0.179906 -0.960032 0.969230 0.160874 -0.186316 0.120924 -0.970440 -0.208863
-210.057940 -19705.637221 5895.722433 -12885574.034656 0.248434 -0.229404 0.941092 -0.042565 0.968027 0.247207 -0.967713 -0.101472 0.230726
801.126609 -4891.723758 -269953.913982 -1447043.983559 0.091707 -0.254928 -0.962602 0.720043 -0.650758 0.240940 -0.687843 -0.715210 0.123880
-594.054036 -73113.321340 50842.031859 -26450663.452290 -0.110149 0.175981 -0.978212 0.707974 0.704669 0.047051 0.697596 -0.687366 -0.202209
70.876576 -3516.607071 28082.294917 542297.805081 -0.173248 0.200390 -0.964276 0.001781 0.979144 0.203159 0.984877 0.033480 -0.169992
-34.811458 -6748.554887 5703.075453 899155.925108 -0.088099 0.138321 -0.986461 0.584492 0.809084 0.061250 0.806603 -0.571183 -0.152127
-19.386995 -36.630828 2413.919234 -1738.574269 -0.400051 0.586743 -0.704053 -0.373117 0.597392 0.709864 0.837104 0.546676 -0.020063
-24.866159 -30.104798 2432.472773 310.424775 -0.448889 0.805255 -0.387380 0.117213 -0.376705 -0.918888 0.885867 0.457885 -0.074712
-16.943282 -32.320737 2622.281446 1118.760671 -0.486456 0.698396 -0.524980 0.171320 -0.512955 -0.841146 0.856744 0.499120 -0.129881
-16.623241 -39.602721 5297.386239 -2341.769596 0.466307 0.883855 0.036849 0.453687 -0.274702 0.847766 -0.759425 0.378601 0.529089
-31.137131 -46.330666 7155.981131 -2742.200385 0.451019 0.886529 0.103192 0.460185 -0.330054 0.824193 -0.764730 0.324239 0.556828
-17.338473 -45.809993 5912.279284 -2953.392996 0.530396 0.833609 0.154195 0.456675 -0.434194 0.776482 -0.714233 0.341426 0.610983
-110.287088 -629.916611 14659.966880 -145826.166625 0.582308 0.003336 -0.812961 0.584390 0.693457 0.421433 0.565159 -0.720491 0.401856
-153.731710 -4067.665926 26835.459558 1827561.081118 0.495332 -0.159265 -0.853979 0.026316 0.985350 -0.168501 0.868305 0.060990 0.492267
-117.520322 -3700.471595 29265.074496 1937057.084193 0.651138 -0.077980 -0.754942 0.111489 0.993744 -0.006487 0.750726 -0.079944 0.655759
212.073200 -3504.335942 -36283.623889 -991767.331896 0.193274 -0.029257 -0.980709 0.980142 0.050948 0.191642 0.044358 -0.998273 0.038523
2.882553 -328.056646 -2953.348358 -22326.205813 0.003321 -0.013754 -0.999900 0.832020 0.554725 -0.004867 0.554736 -0.831920 0.013285
7.776280 -408.616026 -2001.353844 -26943.723201 0.004090 0.062343 -0.998046 0.776825 0.628286 0.042429 0.629703 -0.775481 -0.045859
63.204807 -1614.791307 5488.568160 -515941.532315 -0.128234 -0.006876 -0.991720 0.986856 0.098269 -0.128287 0.098338 -0.995136 -0.005816
34.898094 -102.544840 9364.242135 18698.380324 -0.368892 0.362609 0.855823 0.791286 -0.360545 0.493836 0.487632 0.859373 -0.153926
55.034009 -115.940896 8969.860631 6926.202203 -0.316002 0.373007 0.872358 0.929306 -0.063546 0.363802 0.191135 0.925650 -0.326557
74.092403 -112.547608 17167.482134 16255.256918 -0.364549 0.470131 0.803791 0.807865 -0.269606 0.524087 0.463097 0.840410 -0.281518
17.367790 -48.497817 1499.583307 1038.992848 -0.338884 0.895354 0.288961 0.937181 0.294238 0.187391 0.082758 0.334313 -0.938821
20.074130 -49.620821 -3057.494034 1037.077164 -0.360217 0.888900 0.283021 0.931776 0.328159 0.155259 0.045134 0.319639 -0.946464
16.605077 -50.602003 252.710351 1164.372318 -0.347628 0.892821 0.286401 0.936987 0.342117 0.070790 -0.034780 0.292962 -0.955491
14.496390 -52.500281 768.021575 482.680467 -0.339763 0.894886 0.289380 0.926773 0.370955 -0.059019 -0.160162 0.248138 -0.955393
14.285122 -51.052598 1889.712245 1032.895104 -0.312801 0.914001 0.258374 0.948640 0.314181 0.037056 -0.047307 0.256695 -0.965334
-8.979912 -29.198151 3334.404965 -664.889060 -0.228044 0.953071 0.199125 -0.003464 -0.205307 0.978692 -0.973645 -0.222495 -0.050120
-16.177950 -29.711141 3419.637484 -444.135638 -0.244536 0.932650 0.265267 0.069708 -0.255955 0.964172 -0.967131 -0.254266 0.002423
-8.035885 -29.821091 3427.410269 512.019254 -0.220021 0.960730 0.169082 0.096960 -0.150932 0.983777 -0.970664 -0.232846 0.059944
-17.071820 -27.076625 2955.622940 -1290.926972 -0.268644 0.893907 0.358832 -0.014279 -0.376181 0.926436 -0.963134 -0.243758 -0.113822
-2.901650 -28.489114 2466.613878 -1087.085719 -0.225814 0.950993 0.211235 -0.057839 -0.229541 0.971579 -0.972452 -0.207179 -0.106838
-9.921907 -26.772836 3242.433069 -1288.285069 -0.238370 0.935485 0.260859 -0.067076 -0.283819 0.956529 -0.968855 -0.210510 -0.130403
-3.796334 -68.269221 -78.691531 -728.746736 -0.648125 0.760062 -0.047328 -0.333975 -0.227836 0.914632 -0.684394 -0.608602 -0.401508
-3.644463 -65.653641 232.054033 3.720742 -0.629772 0.775182 -0.049803 -0.324086 -0.203943 0.923783 -0.705943 -0.597914 -0.379663
-2.788948 -64.286037 -78.767994 -3569.101716 -0.627734 0.774204 -0.080979 -0.488813 -0.311085 0.815039 -0.605815 -0.551211 -0.573720
-4.482033 -70.432939 -353.969341 -205.445466 -0.666922 0.744191 -0.037338 -0.297096 -0.219627 0.929246 -0.683336 -0.630828 -0.367570
-5.019581 -71.956770 27.749262 582.819307 -0.659306 0.751735 -0.014478 -0.166835 -0.127492 0.977707 -0.733132 -0.647024 -0.209472
-3.381146 -67.475464 35.673828 -2921.146705 -0.645952 0.760633 -0.064681 -0.465928 -0.325721 0.822689 -0.604696 -0.561554 -0.564800
-4.389858 -69.325445 159.452802 1643.929576 -0.646421 0.762280 -0.032696 -0.201448 -0.129184 0.970943 -0.735907 -0.634224 -0.237067
8.196508 -78.568847 -2188.448251 -993.164873 -0.448755 0.884719 -0.126061 -0.718903 -0.441186 -0.537154 0.530846 0.150425 -0.834011
12.217322 -82.570130 -1807.538065 2904.184841 -0.464540 0.880538 -0.094104 -0.628591 -0.402728 -0.665344 0.623760 0.249926 -0.740582
13.229316 -78.314782 -1819.062733 -913.117302 -0.474777 0.874454 -0.099582 -0.719906 -0.450951 -0.527616 0.506282 0.178811 -0.843626
-12.265829 -85.560179 -1008.473437 833.881939 -0.453425 0.889066 0.062988 0.146474 0.144038 -0.978672 0.879176 0.434528 0.195536
-13.438640 -88.292051 -740.224423 1926.348115 -0.474259 0.877805 0.067354 0.304932 0.235553 -0.922785 0.825890 0.417101 0.379384
-11.795908 -91.533915 -1459.573761 2657.474318 -0.437757 0.893931 0.096210 0.313095 0.251876 -0.915713 0.842817 0.370737 0.390145
-13.859669 -87.636306 115.860109 1033.686149 -0.503537 0.862895 0.043173 0.198547 0.164204 -0.966238 0.840851 0.477964 0.254008
-8.887206 -92.619581 -2049.223258 1919.201930 -0.409559 0.908853 0.079040 0.179793 0.165353 -0.969708 0.894391 0.382942 0.231127
-10.191276 -85.856657 -1818.989764 175.075816 -0.421917 0.904759 0.058279 0.041702 0.083579 -0.995628 0.905675 0.417642 0.072993
-13.393258 -86.229572 351.213735 -980.902585 -0.496575 0.867446 0.030829 0.043829 0.060531 -0.997204 0.866887 0.493835 0.068078
-12.187843 -86.054975 -344.421138 -1189.743451 -0.465340 0.884392 0.036175 -0.040643 0.019477 -0.998984 0.884198 0.466338 -0.026881
-8.717841 -89.702823 211.834017 -4468.570621 -0.630410 0.770914 0.090968 -0.694569 -0.612508 0.377369 -0.346638 -0.174713 -0.921584
-10.197057 -85.683916 -198.340296 -1610.314576 -0.632582 0.771185 0.071515 -0.739715 -0.628954 0.239246 -0.229482 -0.098441 -0.968322
-9.489735 -90.882024 -153.860905 -3128.409622 -0.633586 0.772095 0.049376 -0.695143 -0.596131 0.401751 -0.339624 -0.220220 -0.914417
5.771340 -31.091912 -404.187810 -1118.603840 -0.125644 0.051476 -0.990739 -0.540986 0.833552 0.111917 0.831593 0.550038 -0.076883
8.346348 -28.371686 -623.653139 -1455.449292 -0.235746 0.193184 -0.952420 -0.438452 0.853485 0.281644 0.867285 0.483987 -0.116503
8.624909 -28.175230 -1860.100951 -1982.097404 -0.130518 0.106871 -0.985669 -0.435150 0.887123 0.153806 0.890848 0.448989 -0.069280
22.997863 -76.186854 2995.924797 -6659.132382 0.227108 0.903923 -0.362416 -0.081024 0.388388 0.917927 -0.970493 0.179104 -0.161445
26.515642 -84.072842 2785.984715 -3734.973793 0.155642 0.913947 -0.374802 0.138830 0.355421 0.924339 -0.978009 0.195900 0.071565
30.701660 -73.072263 3507.560048 -9902.380054 0.167525 0.911547 -0.375522 -0.111215 0.395947 0.911514 -0.979575 0.110938 -0.167709
31.503818 -59.061416 2556.672427 -4046.944886 0.116781 0.909094 -0.399888 -0.217884 0.416285 0.882742 -0.968963 0.015958 -0.246691
28.504596 -63.043447 2968.257400 -8283.351886 0.200355 0.898357 -0.390912 -0.235248 0.431442 0.870928 -0.951061 0.082534 -0.297778
-7.849342 -32.520628 722.974190 130.756213 -0.353653 0.932517 -0.073083 -0.713782 -0.218550 0.665396 -0.604521 -0.287484 -0.742905
-8.497865 -33.206060 -683.142552 138.640516 -0.360295 0.929658 -0.076968 -0.707698 -0.218651 0.671830 -0.607743 -0.296527 -0.736695
-9.287359 -34.743360 -153.551043 1282.769573 -0.367723 0.927015 -0.073638 -0.751538 -0.249609 0.610644 -0.547696 -0.279890 -0.788474
-8.377729 -34.100966 494.641957 618.923105 -0.346689 0.932162 -0.104311 -0.757283 -0.212545 0.617534 -0.553471 -0.293086 -0.779597
-8.766934 -34.658855 226.661656 1895.571768 -0.318710 0.939655 -0.124386 -0.792572 -0.192219 0.578690 -0.519860 -0.283019 -0.806006
-14.776102 -231.347137 860.885864 26446.094764 -0.197945 0.967050 -0.160097 -0.176010 -0.195741 -0.964731 0.964281 0.162785 -0.208956
-12.044358 -214.901891 4.745071 23592.255244 -0.199380 0.966840 -0.159588 -0.180327 -0.196278 -0.963824 0.963187 0.163389 -0.213481
-14.258715 -226.532224 1664.851064 7875.171274 -0.220711 0.964198 -0.147001 0.207982 -0.100724 -0.972933 0.952906 0.245310 0.178305
-13.437786 -195.617823 -882.134544 20867.296785 -0.161642 0.968266 -0.190613 -0.476576 -0.245728 -0.844093 0.864145 0.045600 -0.501172
-17.025757 -234.074713 -927.481038 9100.667296 -0.152238 0.978205 -0.141201 0.019147 -0.139921 -0.989978 0.988158 0.153416 -0.002572
-16.420571 -295.120926 -1900.749293 42323.481761 -0.120266 0.983568 -0.134647 -0.331439 -0.167630 -0.928465 0.935780 0.067036 -0.346153
34.635160 -78.008860 4152.945275 -2246.456502 -0.147632 0.804212 -0.575715 0.832582 0.415254 0.366566 -0.533865 0.425213 0.730878
39.056542 -52.679234 -4557.838226 -1226.480076 -0.222270 0.766180 -0.602962 0.800299 0.496603 0.336016 -0.556882 0.407864 0.723553
48.211889 -65.408368 4527.591645 -6972.175467 0.316842 -0.717104 0.620785 0.833602 0.522760 0.178408 -0.452458 0.460960 0.763412
39.408501 -90.372659 -7859.850845 -6998.645197 0.258964 -0.749078 0.609770 0.895472 0.422819 0.139117 -0.362032 0.510006 0.780274
88.171512 -1428.205677 46649.470930 -398479.037643 0.032044 0.860295 0.508788 0.292889 -0.494785 0.818171 -0.955609 -0.122801 0.267826
-83.843234 -2699.771696 4760.593381 810573.904871 -0.082093 0.973962 0.211326 0.954523 0.015858 0.297714 -0.286611 -0.226156 0.930971
-10.125247 -2987.902518 5294.099981 -707015.165191 -0.134410 0.964102 0.229000 0.809783 -0.026328 0.586138 -0.571126 -0.264224 0.777175
-40.597727 -3795.799400 -26713.262623 -1341938.915897 -0.064603 0.868541 0.491390 -0.570407 -0.436185 0.695973 -0.818818 0.235330 -0.523601
-17.307341 -32.393582 99.926308 3172.921278 -0.152866 0.987097 0.047665 0.129684 -0.027778 0.991166 -0.979701 -0.157697 0.123764
-16.721016 -32.507700 -1103.293939 3174.117980 -0.213272 0.976460 0.032258 0.124683 -0.005545 0.992181 -0.969004 -0.215627 0.120565
-17.001006 -25.285649 -352.566951 3571.661345 -0.171378 0.980317 0.098024 0.230768 -0.056785 0.971350 -0.957797 -0.189089 0.216494
-12.234722 -25.223969 2556.359694 3582.604170 -0.086678 0.980138 0.178371 0.232317 -0.154222 0.960336 -0.968770 -0.124678 0.214335
-8.738145 -30.863636 3676.053683 2827.258539 -0.074847 0.992183 0.099859 0.137892 -0.088880 0.986451 -0.987615 -0.087603 0.130161
-12.479293 -37.484286 2407.905898 1547.915265 -0.108744 0.993613 0.030122 0.030434 -0.026960 0.999173 -0.993604 -0.109571 0.027308
-4.625651 -68.289526 641.039496 1400.106139 -0.632008 0.774332 -0.031244 -0.182449 -0.109489 0.977100 -0.753179 -0.623235 -0.210474
-4.205806 -66.087118 5.935488 656.994599 -0.627048 0.777891 -0.041179 -0.240220 -0.142811 0.960156 -0.741016 -0.611956 -0.276414
-10.712133 -45.478294 836.177138 634.794009 -0.337314 0.918117 0.208038 -0.590053 -0.378390 0.713203 -0.733523 -0.117820 -0.669374
-12.139723 -43.547608 524.550826 1197.755480 -0.365673 0.912540 0.183175 -0.621937 -0.385986 0.681329 -0.692444 -0.135221 -0.708687
-11.604302 -43.950064 66.071982 649.692776 -0.339082 0.930861 0.136091 -0.566896 -0.317627 0.760093 -0.750768 -0.180584 -0.635403
-39.575226 -922.409016 -778.716171 230793.135913 0.788441 0.261795 0.556618 0.527960 -0.752347 -0.393995 -0.315624 -0.604514 0.731399
-19.317428 -932.606277 -851.585195 166811.819222 0.707926 0.443095 0.550007 -0.275083 0.890215 -0.363107 -0.650515 0.105755 0.752094
-275.762100 -6062.020527 40028.989997 -1458630.193716 0.717650 0.465447 0.518012 -0.475829 0.870856 -0.123276 -0.508492 -0.158016 0.846443
-323.074886 -733.916722 70638.420162 163261.602826 0.961788 0.123309 0.244456 0.272342 -0.522735 -0.807823 -0.028174 -0.843530 0.536342
-265.645304 -388.911572 -37631.179550 11523.603010 0.565983 0.654241 0.501630 0.536716 0.169450 -0.826573 0.625779 -0.737059 0.255236
-217.006916 -318.525965 -45238.706331 15607.550441 0.855789 0.417200 0.305890 0.429768 -0.244211 -0.869287 0.287965 -0.875388 0.388292
-302.150358 -587.459686 -58217.424774 60427.224613 0.847368 0.333566 0.413160 0.357726 0.216420 -0.908402 0.392429 -0.917549 -0.064062
-46.905113 -78.381060 -1558.144471 3993.208250 0.071860 0.996545 -0.041638 0.991790 -0.066965 0.108940 -0.105775 0.049124 0.993176
-32.426583 -79.757626 4601.176046 7689.989758 -0.004287 -0.997358 -0.072519 0.999947 -0.004950 0.008974 -0.009309 -0.072477 0.997327
-30.082113 -71.754704 -5327.492055 13055.621851 0.050028 0.993879 0.098498 0.980870 -0.030317 -0.192287 0.188123 -0.106233 0.976383
-17.305632 -32.331827 -4486.701268 -1669.270021 0.771538 0.622748 -0.130055 -0.531367 0.743224 0.406531 0.349826 -0.244547 0.904333
-8.819241 -31.843613 -2658.655765 767.472470 0.569492 0.821860 -0.015015 0.734922 -0.517262 -0.438554 0.368197 -0.238718 0.898579
-9.552718 -25.111455 -4033.760507 -1980.463288 0.770474 0.620938 -0.144246 -0.499906 0.728942 0.467695 0.395556 -0.288237 0.872041
36.593891 -47.823601 3232.600247 -248.056073 -0.206785 0.927868 0.310324 0.943059 0.273490 -0.189325 0.260539 -0.253504 0.931587
31.395006 -44.563172 1495.404527 104.930845 0.161611 -0.889049 -0.428339 0.958432 0.244822 -0.146531 0.235140 -0.386852 0.891658
34.438966 -46.614211 -3142.336609 -502.690416 0.228258 -0.919840 -0.319049 0.963228 0.261064 -0.063539 0.141738 -0.292814 0.945606
18.935640 -39.823177 7389.244888 -261.175406 0.169458 -0.812300 -0.558080 0.967477 0.245023 -0.062868 0.187810 -0.529276 0.827402
28.712435 -43.268100 1209.491595 -152.557531 0.210025 -0.880200 -0.425602 0.971277 0.237642 -0.012171 0.111854 -0.410821 0.904829
2.947097 -150.051292 -2075.208255 149.623405 0.144168 -0.167909 0.975204 0.980405 0.157932 -0.117745 -0.134245 0.973069 0.187387
-0.498995 -155.406142 -1151.803555 -263.266556 0.168574 -0.165001 0.971781 0.981484 0.119066 -0.150040 -0.090950 0.979080 0.182017
34.742858 -30.333344 -8710.234427 3126.115791 0.212558 0.871845 0.441255 -0.006363 0.452799 -0.891590 0.977128 -0.186707 -0.101793
22.969446 -34.666104 -9355.803521 2826.830778 0.267616 0.841414 0.469472 0.055165 0.473064 -0.879299 0.961945 -0.261213 -0.080183
44.505500 -37.429100 -8990.797743 2612.480812 0.171842 0.878773 0.445229 0.089062 0.436242 -0.895411 0.981090 -0.193522 0.003301
14.803840 -27.017947 -7290.572479 2980.072567 0.262503 0.838574 0.477374 -0.031344 0.501873 -0.864373 0.964422 -0.211938 -0.158027
49.128742 -34.470434 -3477.340425 2853.028461 0.041185 0.913090 0.405673 0.025171 0.404940 -0.913997 0.998834 -0.047855 0.006306
40.582884 -26.256461 -5954.761893 2310.871175 0.114499 0.916837 0.382492 -0.061344 0.390814 -0.918423 0.991528 -0.081695 -0.100990
25.465859 -21.550785 -6993.519595 2409.434981 0.223512 0.878030 0.423208 -0.079507 0.449170 -0.889902 0.971453 -0.165256 -0.170204
-5.943335 -56.817990 -881.237703 -1659.858185 0.441527 0.709963 -0.548641 0.876899 -0.470929 0.096297 -0.190004 -0.523621 -0.830494
-8.477216 -58.547442 -1216.010608 -1860.575513 0.446760 0.718591 -0.532947 0.882968 -0.450122 0.133260 -0.144132 -0.530110 -0.835589
-7.523120 -61.751030 -883.368702 -2332.888695 0.442559 0.727025 -0.524954 0.896446 -0.373665 0.238241 -0.022950 -0.576028 -0.817107
-9.098482 -76.001017 -1209.250992 -5024.427316 0.056189 0.960756 0.271646 0.927542 0.050453 -0.370299 0.369472 -0.272769 0.888306
-4.520682 -90.651382 -1829.558496 -8988.626577 0.109084 0.958025 0.265121 0.855654 0.045249 -0.515566 0.505921 -0.283092 0.814802
-11.771925 -82.920548 -1943.067887 -9138.880223 0.136221 0.963856 0.228967 0.918815 -0.036498 -0.392996 0.370435 -0.263913 0.890577
0.134806 -92.416404 -2348.078513 -6164.132024 0.041179 0.947454 0.317232 0.847831 0.134860 -0.512831 0.528665 -0.290077 0.797727
-18.102112 -67.181001 775.625922 -2174.248111 -0.045656 -0.973390 -0.224562 0.975526 0.004959 -0.219830 0.215094 -0.229103 0.949340
-5.097252 -82.955692 -1916.767155 -860.623621 -0.023634 0.949496 0.312889 0.929991 0.135720 -0.341610 0.366823 -0.282910 0.886230
-12.664063 -71.015606 1321.937148 2820.189453 0.045569 -0.960080 -0.275991 0.971638 0.106772 -0.210996 0.232040 -0.258548 0.937715
-1.784694 -166.811807 1119.065639 -8618.812447 0.293816 0.903400 0.312316 -0.032880 0.336096 -0.941254 0.955296 -0.266286 -0.128454
-1.332656 -143.342796 2.829546 -9742.425136 0.319777 0.892248 0.318804 0.173851 0.275505 -0.945448 0.931407 -0.357757 0.067018
-1.310785 -162.755466 -711.530900 -18602.628413 0.333559 0.897531 0.288405 -0.071015 0.328978 -0.941663 0.940051 -0.293619 -0.173472
-14.625362 -54.288400 -2370.934135 1170.285364 0.615011 0.740484 -0.271008 0.736729 -0.662117 -0.137230 0.281055 0.115261 0.952745
-8.903069 -48.824431 -2668.587262 67.134357 0.621604 0.743812 -0.245668 0.722379 -0.665605 -0.187454 0.302949 0.060944 0.951056
38.464312 -48.322635 -977.533022 7441.924761 -0.525272 -0.750143 -0.401715 0.840512 -0.531045 -0.107385 -0.132775 -0.394052 0.909447
32.431840 -41.257670 -5322.912326 6262.134796 -0.520833 -0.805206 -0.283508 0.852479 -0.508041 -0.123179 -0.044849 -0.305840 0.951026
32.044414 -28.961531 -7748.519552 3719.767245 -0.520031 -0.818856 -0.242985 0.853227 -0.484804 -0.192273 0.039644 -0.307309 0.950784
481.254392 -30.475725 133219.676041 -2672.109965 0.736985 -0.674316 -0.046385 -0.429969 -0.414766 -0.801933 -0.521517 -0.610956 0.595611
64.054152 -12.277453 27001.231503 2306.610932 0.821222 -0.568670 -0.047006 -0.376699 -0.478427 -0.793225 -0.428594 -0.669120 0.607112
76.521222 -10.972702 26654.077482 1586.073811 0.813089 -0.578154 -0.068006 -0.388082 -0.451258 -0.803591 -0.433911 -0.679783 0.591284
676.330863 -31.429038 185582.496229 -388.095663 0.714945 -0.684612 -0.141987 -0.501916 -0.361160 -0.785904 -0.486759 -0.633143 0.601827
-19.599133 -47.904130 264.369898 708.558919 0.455406 0.790189 -0.410131 0.646836 -0.610210 -0.457435 0.611726 0.056969 0.789016
-20.087565 -50.514958 792.559887 3535.201253 0.451090 0.795552 -0.404492 0.697579 -0.596990 -0.396214 0.556687 0.103437 0.824257
-3.091452 -188.859810 -1234.640921 23901.904892 -0.388926 -0.072771 -0.918390 0.778098 0.507789 -0.369750 0.493255 -0.858403 -0.140869
-6.625124 -173.694700 -526.243739 18673.745332 -0.378258 -0.038891 -0.924883 0.794465 0.499172 -0.345909 0.475129 -0.865630 -0.157918
12.216263 -27.264063 254.006150 2009.389692 -0.284327 0.948742 0.138012 0.269821 -0.058948 0.961104 -0.919975 -0.310506 0.239230
8.332699 -26.359802 3230.987572 576.067180 -0.217657 0.968361 0.122075 0.276430 -0.058792 0.959234 -0.936062 -0.242529 0.254888
12.388623 -25.611002 881.531803 -516.422829 -0.264337 0.955045 0.134222 0.315297 -0.045948 0.947880 -0.911435 -0.292880 0.288978
11.316350 -26.721484 -2664.078858 688.510630 -0.349161 0.921988 0.167407 0.306603 -0.056411 0.950165 -0.885484 -0.383088 0.262987
7.455969 -557.182489 -1259.743739 -139680.346127 0.234475 -0.009122 0.972079 0.193522 0.980380 -0.037480 -0.952665 0.196907 0.231640
4.312151 -539.212724 341.306863 -112644.092312 0.266479 -0.007129 0.963814 0.210570 0.976248 -0.050998 -0.940558 0.216541 0.261651
17.567380 -441.742218 5521.347838 -77792.840624 0.259376 -0.008350 0.965740 -0.130769 0.990450 0.043685 -0.956882 -0.137620 0.255807
20.619666 -490.992503 9702.462700 -79030.656936 0.248972 -0.079690 0.965227 -0.037523 0.995067 0.091833 -0.967783 -0.059082 0.244754
-96.025151 -14763.482837 16399.256135 2352776.895447 0.230285 -0.264769 0.936411 0.971789 0.112940 -0.207051 -0.050938 0.957675 0.283308
16.916658 -7982.980514 -27565.478450 -1898897.875166 0.217234 -0.270696 0.937834 0.737595 0.674819 0.023928 -0.639346 0.686544 0.346257
44.967613 -6765.333292 43142.104515 -697089.917727 0.238591 -0.383511 0.892185 0.570578 0.798778 0.190773 -0.785821 0.463545 0.409404
-58.407607 -73.630639 1899.548795 7550.856298 0.637765 0.059048 0.767964 -0.002038 0.997183 -0.074980 -0.770228 0.046255 0.636089
-48.362628 -65.473805 5680.260923 4483.503699 0.666908 0.505893 0.547088 -0.290659 0.852665 -0.434143 -0.686113 0.130517 0.715691
-48.571506 -56.348689 6235.701234 5694.665077 0.605679 0.583526 0.540972 -0.230730 0.779447 -0.582431 -0.761523 0.227947 0.606731
-55.306267 -64.455889 -1723.400089 9245.436242 0.503167 -0.193810 0.842176 0.238420 0.967838 0.080282 -0.830650 0.160396 0.533193
-2.663457 -67.616530 895.094579 -2315.401341 0.360701 0.870188 -0.335659 0.055749 0.339127 0.939087 -0.931014 0.357443 -0.073811
-2.917888 -60.355369 943.791002 -1949.760352 0.356450 0.858102 -0.369600 -0.103627 0.429454 0.897124 -0.928550 0.281479 -0.242001
-3.214320 -62.340904 1931.790401 -2657.955231 0.365783 0.854689 -0.368388 -0.100539 0.429789 0.897315 -0.925254 0.291185 -0.243139
-10.959980 -28.552945 -589.486804 226.214688 -0.101606 0.986085 -0.131575 0.490248 -0.065453 -0.869122 0.865641 0.152812 0.476776
-13.087210 -29.555861 -306.313880 -164.312305 -0.008135 0.963530 -0.267476 0.452555 -0.234976 -0.860221 0.891700 0.128045 0.434139
-14.979617 -28.737462 -691.856825 -161.718800 -0.128979 0.986957 -0.096332 0.415869 -0.034354 -0.908776 0.900232 0.157274 0.406014
-313.957345 -945.350241 -14719.205459 224877.075712 0.711042 0.005956 -0.703124 -0.685421 -0.217258 -0.694980 0.156899 -0.976096 0.150397
23.785602 -1285.434414 -3421.178563 -367695.889952 0.000620 -0.105428 -0.994427 0.999880 -0.015297 0.002245 -0.015448 -0.994309 0.105406
-11.122796 -288.069148 -7201.764811 -24796.001159 0.009713 -0.098404 -0.995099 0.862222 0.504827 -0.041505 0.506437 -0.857594 0.089749
346.416697 2.174087 -70106.475983 3880.034593 -0.341662 -0.092437 -0.935266 0.871114 -0.404657 -0.278232 -0.352743 -0.909785 0.218779
141.174310 25.779186 -20645.865694 -71.901511 -0.282007 -0.342503 -0.896194 0.876440 -0.471962 -0.095419 -0.390288 -0.812369 0.433280
555.329578 -0.028292 -155186.366987 11.864638 -0.428650 -0.350174 -0.832849 0.827800 -0.521530 -0.206772 -0.361949 -0.778065 0.513428
20.942798 -50.552743 -2107.818443 6689.109840 -0.297513 0.913181 0.278543 -0.636672 -0.407178 0.654870 -0.711432 -0.017492 -0.702537
27.247807 -52.807031 1322.878268 7453.299471 -0.115519 0.986256 0.118129 -0.794735 -0.163111 0.584630 -0.595863 0.026345 -0.802654
31.814832 -74.457130 2251.815196 8060.831100 -0.209119 0.929681 0.303254 -0.705874 -0.358125 0.611137 -0.676766 0.086259 -0.731128
26.137064 -58.324107 94.635548 5320.800495 -0.363624 0.843559 0.395204 -0.513328 -0.535470 0.670646 -0.777349 -0.040994 -0.627732
-51.188303 -73.977597 -593.621035 -2995.976605 0.594898 0.585200 -0.551033 0.572333 0.172957 0.801574 -0.564386 0.792229 0.232037
-53.203689 -76.497001 -60.010262 -1626.980428 0.604377 0.668551 -0.433321 0.569526 0.017780 0.821781 -0.557107 0.743454 0.370011
-53.104217 -76.888469 -563.887395 68.242345 -0.659551 -0.525666 0.537278 0.664243 -0.073050 0.743939 -0.351815 0.847549 0.397351
19.502450 -47.843289 -2766.031590 813.974397 -0.346069 0.894536 0.282918 0.923382 0.271345 0.271547 0.166140 0.355215 -0.919902
25.888973 -49.037909 -4397.827655 741.710244 -0.367905 0.872936 0.320357 0.918396 0.287181 0.272169 0.145586 0.394347 -0.907356
-17.444550 -30.255528 3224.930723 -37.020550 -0.209246 0.913279 0.349482 0.193637 -0.311618 0.930268 -0.958499 -0.262327 0.111640
-22.167156 -32.530132 1379.996849 -1109.248012 -0.254021 0.819478 0.513740 0.202249 -0.474415 0.856753 -0.945816 -0.321537 0.045228
-21.828990 -30.246261 2066.676774 -1205.524666 -0.277483 0.827489 0.488125 0.100771 -0.480205 0.871349 -0.955431 -0.290974 -0.049862
-5.215575 -73.621810 -8.765680 436.765875 -0.673582 0.739042 -0.010233 -0.149930 -0.123067 0.981007 -0.723746 -0.662323 -0.193700
-4.788274 -72.389729 167.764190 -1413.144054 -0.670732 0.740970 -0.032889 -0.340008 -0.267764 0.901497 -0.659176 -0.615845 -0.431534
4.900063 -75.895079 312.090911 -1932.450165 -0.475459 0.879568 0.017306 0.612207 0.344934 -0.711494 0.631776 0.327692 0.702479
4.850179 -79.883101 -195.510328 -1808.349330 -0.469942 0.882546 0.016362 0.601036 0.333508 -0.726311 0.646460 0.331489 0.687172
4.659532 -76.016697 155.868217 481.837840 -0.460155 0.887766 -0.011391 0.478190 0.237009 -0.845672 0.748059 0.394587 0.533581
4.214938 -77.700207 309.268743 -376.400900 -0.504190 0.862463 0.044157 0.681961 0.428997 -0.592361 0.529833 0.268549 0.804462
5.104329 -73.092842 310.330389 -558.298294 -0.499070 0.865127 0.049847 0.688634 0.430860 -0.583218 0.526034 0.256741 0.810785
-13.102152 -99.496710 -580.768701 5049.989585 -0.485342 0.868953 0.096766 0.451561 0.343895 -0.823303 0.748690 0.355888 0.559292
-15.120984 -92.916455 442.957659 2897.147753 -0.508837 0.859195 0.053571 0.384650 0.282589 -0.878742 0.770149 0.426530 0.474281
-10.751862 -83.132082 -62.091477 -532.225811 -0.626654 0.776823 0.062052 -0.776354 -0.629219 0.036848 -0.067668 0.025083 -0.997393
-10.439813 -86.800828 -219.835444 -851.878584 -0.628932 0.776031 0.047123 -0.750062 -0.621601 0.225875 -0.204577 -0.106715 -0.973016
17.115907 -79.924615 1926.153624 2206.126312 0.198323 0.913769 -0.354534 0.242884 0.304619 0.920986 -0.949566 0.268763 0.161527
21.743232 -84.915896 2027.336316 3629.911995 0.140513 0.920009 -0.365841 0.373506 0.292948 0.880156 -0.916924 0.260317 0.302466
29.975728 -88.651810 2500.938785 1493.606777 0.076015 0.918104 -0.388981 0.393275 0.330878 0.857820 -0.916273 0.218184 0.335915
-8.573699 -34.274065 -221.246749 -630.231630 -0.317261 0.945255 -0.076409 -0.624715 -0.147697 0.766757 -0.713496 -0.290996 -0.637374
-8.704288 -33.353761 -754.615760 -189.219088 -0.348967 0.935223 -0.059836 -0.686934 -0.211844 0.695157 -0.637451 -0.283690 -0.716363
-8.049701 -34.060152 -1033.839202 -941.185227 -0.347026 0.932984 -0.095467 -0.651284 -0.166492 0.740344 -0.674835 -0.319095 -0.665414
-10.661949 -34.853078 -151.320082 -37.413918 -0.334601 0.942174 -0.018730 -0.661310 -0.220603 0.716941 -0.671351 -0.252275 -0.696883
-8.630753 -38.713582 -798.796197 -1953.778530 -0.358654 0.931160 -0.065637 -0.565345 -0.160724 0.809045 -0.742801 -0.327275 -0.584071
-9.728121 -38.463395 103.010536 -1110.935471 -0.311817 0.948012 -0.063592 -0.561984 -0.130052 0.816860 -0.766123 -0.290448 -0.573320
-11.040844 -37.689893 323.652229 -595.684918 -0.310557 0.950144 -0.027952 -0.602665 -0.174072 0.778777 -0.735084 -0.258700 -0.626678
-9.566175 -245.330889 3055.559693 26635.531100 -0.262172 0.951578 -0.160515 -0.166048 -0.208335 -0.963859 0.950628 0.226044 -0.212627
-12.345278 -218.746222 2939.672125 9440.794250 -0.250335 0.954437 -0.162428 0.111993 -0.138096 -0.984067 0.961660 0.264538 0.072320
-9.112444 -189.786848 825.695805 21694.146324 -0.215909 0.959129 -0.182909 -0.416969 -0.259957 -0.870953 0.882905 0.111780 -0.456054
29.007000 -71.213011 2397.933896 3603.360152 -0.054697 0.850331 -0.523398 0.769250 0.370082 0.520859 -0.636603 0.374135 0.674359
27.887551 -55.405308 -218.934288 4890.044921 -0.040022 0.825775 -0.562577 0.747813 0.398174 0.531256 -0.662702 0.399441 0.633462
-34.184002 -2929.858845 4082.745340 1362252.223735 -0.174095 0.891151 -0.418977 -0.827822 0.097974 0.552369 -0.533293 -0.443003 -0.720657
73.551033 -1025.276458 -30395.571326 451050.506656 -0.107189 0.854374 -0.508484 -0.690050 0.304264 0.656700 -0.715781 -0.421270 -0.556947
-9.173299 -1063.592218 -1013.544108 356326.623035 -0.028739 0.906490 -0.421249 -0.240019 0.402836 0.883241 -0.970343 -0.126491 -0.205998
-15.775674 -25.528318 -1000.660150 3593.071505 -0.230515 0.970268 0.073778 0.226357 -0.020271 0.973833 -0.946375 -0.241183 0.214954
-4.393973 -66.175530 352.832582 65.504799 -0.632719 0.774380 0.001526 -0.088983 -0.074662 0.993231 -0.769252 -0.628301 -0.116147
-12.994608 -41.127292 -334.465739 1376.608713 -0.401018 0.906964 0.128848 -0.638501 -0.377589 0.670629 -0.656887 -0.186665 -0.730517
-13.467225 -40.061505 -808.484601 1243.959025 -0.446571 0.888166 0.108333 -0.676298 -0.414333 0.609056 -0.585829 -0.198721 -0.785693
-12.209946 -37.664178 -683.960724 730.097397 -0.369827 0.928489 0.033713 -0.638116 -0.280208 0.717141 -0.675304 -0.243706 -0.696112
-55.093762 -3066.043107 22596.089171 1381052.472265 0.775963 0.178826 0.604899 -0.110505 0.982680 -0.148755 -0.621024 0.048584 0.782285
153.983265 -5167.340991 17352.802806 1880299.615045 0.713823 0.566468 0.411789 -0.007206 0.593906 -0.804502 -0.700289 0.571305 0.428026
-133.114331 -413.782410 -26471.808587 86043.724426 0.964688 0.169121 0.201931 0.209062 -0.025290 -0.977575 0.160222 -0.985271 0.059753
-134.397302 -256.369863 -28861.335203 -12349.711412 0.961203 0.159548 0.225020 0.275463 -0.512339 -0.813406 0.014490 -0.843833 0.536411
-57.409921 -236.745824 -11643.899433 8392.251876 0.966811 0.043942 0.251685 0.248909 -0.384175 -0.889075 -0.057623 -0.922214 0.382362
-56.857499 -79.705976 602.326234 740.313819 0.248192 0.961658 -0.116681 0.948331 -0.216625 0.231822 -0.197658 0.168188 0.965735
-50.139681 -74.049515 -63.166836 3439.635244 -0.560685 -0.807476 0.183344 0.827061 -0.535424 0.171147 -0.040030 0.247597 0.968036
-16.449752 -81.963175 -5123.644341 658.562491 -0.408247 -0.903203 -0.132509 0.911763 -0.396280 -0.107939 0.044980 -0.164883 0.985287
-9.947002 -78.814585 6732.259077 1864.338502 0.358142 0.931457 0.064203 0.925435 -0.345032 -0.156598 0.123712 -0.115500 0.985573
-2.992008 -74.325157 10408.592091 -10987.675635 0.377790 0.924517 0.050430 0.918278 -0.381098 0.107376 -0.118489 -0.005743 0.992939
-18.398730 -80.373929 -2747.532391 9218.892022 -0.412529 -0.897835 -0.153991 0.870482 -0.338709 -0.357124 0.268480 -0.281370 0.921276
39.763862 -44.598039 -801.127027 970.263109 -0.115647 0.916381 0.383238 0.866946 0.281433 -0.411339 0.484799 -0.284676 0.827000
40.912545 -47.354780 3337.883679 264.560452 -0.203364 0.930103 0.305863 0.903046 0.298897 -0.308495 0.378354 -0.213472 0.900710
6.776627 -150.436916 -1709.698379 -537.819248 0.136754 -0.192911 0.971640 0.871681 0.489408 -0.025518 -0.470606 0.850450 0.235085
7.425237 -148.022982 -1545.952470 -1197.431602 0.137470 -0.189042 0.972299 0.972540 0.211874 -0.096310 -0.187798 0.958839 0.212977
9.830442 -144.813381 -109.196039 -2519.321795 0.136472 -0.235954 0.962134 0.959826 0.271859 -0.069474 -0.245172 0.932962 0.263576
8.601988 -143.199023 163.186164 -1495.562019 0.155053 -0.231501 0.960399 0.843913 0.536435 -0.006941 -0.513584 0.811570 0.278542
31.924259 -41.265410 -10299.512847 2058.522319 0.246699 0.850745 0.464083 0.162278 0.435856 -0.885265 0.955409 -0.293704 0.030532
2.869507 -33.616184 -5384.743667 2791.627295 0.264529 0.840806 0.472303 0.030764 0.482142 -0.875553 0.963887 -0.246139 -0.101674
9.620342 -39.753093 -7384.691387 2080.106185 0.275472 0.840313 0.466892 0.131449 0.448195 -0.884219 0.952279 -0.304950 -0.013007
-4.732197 -65.472714 759.543491 -2806.178996 0.463502 0.702195 -0.540452 0.885958 -0.378024 0.268657 -0.015654 -0.603341 -0.797330
-4.268148 -66.758984 101.364790 -1219.662930 0.475740 0.682616 -0.554713 0.873810 -0.294624 0.386851 0.100639 -0.668754 -0.736641
-5.182518 -67.233402 387.134736 1480.143389 0.479635 0.691464 -0.540211 0.841071 -0.186812 0.507642 0.250098 -0.697839 -0.671172
-5.883078 -95.389109 -1811.963626 -7700.514535 0.149037 0.966132 0.210657 0.806223 0.004623 -0.591594 0.572532 -0.258006 0.778229
1.954955 -99.321533 -1724.622059 -5680.625772 0.094959 0.956946 0.274294 0.720092 0.124221 -0.682669 0.687350 -0.262343 0.677293
-0.879008 -137.121924 -61.411918 3432.140738 0.300683 0.885301 0.354728 0.380259 0.229813 -0.895873 0.874638 -0.404263 0.267543
-0.933812 -142.710527 -883.234679 -7892.690314 0.335241 0.883058 0.328363 0.208831 0.270213 -0.939880 0.918697 -0.383659 0.093823
-6.458993 -51.133924 -2412.709397 -2634.184247 0.672485 0.695822 -0.252184 -0.705166 0.705855 0.067158 0.224735 0.132668 0.965346
-15.182001 -54.031923 -928.877460 -2647.437431 0.581192 0.756391 -0.300147 0.537490 -0.633744 -0.556303 0.610999 -0.161993 0.774880
-4.172593 -118.189370 873.951723 4583.329435 -0.358211 0.001918 -0.933639 0.030292 0.999495 -0.009569 0.933149 -0.031710 -0.358088
