10081
20153
-41.413876 -59.909165 -894.652525 6871.392581 -0.353773 0.935324 -0.003843 0.680675 0.254633 -0.686908 0.641503 0.245625 0.726734
-46.644457 -75.088830 -1556.627800 7981.382210 -0.544176 0.827361 0.139092 0.663903 0.526025 -0.531535 0.512937 0.196905 0.835538
-35.521695 -73.758799 -4041.653770 11319.028447 -0.486133 0.844583 0.224400 0.593286 0.507509 -0.624857 0.641628 0.170630 0.747796
-47.911885 -69.047673 803.629525 5782.729288 -0.252126 0.947507 -0.196628 0.836103 0.110996 -0.537226 0.487201 0.299850 0.820198
-28.819458 -59.834137 -4406.461787 9225.228060 -0.399616 0.888389 0.225990 0.541620 0.427721 -0.723672 0.739564 0.166790 0.652094
-32.943085 -42.402760 -1323.443097 2821.989578 -0.021428 0.943520 -0.330621 0.686004 -0.226689 -0.691383 0.727282 0.241622 0.642401
-38.719778 -54.732565 -723.622345 4216.035005 -0.036175 0.913507 -0.405211 0.790215 -0.222069 -0.571179 0.611761 0.340866 0.713834
30.584108 -60.353121 -3632.483338 -2304.612862 -0.166330 0.703889 0.690561 0.411630 0.685943 -0.600036 0.896044 -0.184451 0.403835
38.733405 -72.468146 -1080.959848 -2892.001398 -0.248492 0.734720 0.631219 0.498505 0.655737 -0.567011 0.830509 -0.173768 0.529207
32.246970 -80.180440 404.085795 -7250.334985 -0.237714 0.811072 0.534467 0.343943 0.584874 -0.734592 0.908403 -0.009204 0.417995
13.366528 -54.289698 22630.210251 -180.907712 -0.322240 -0.725817 -0.607743 0.875440 0.015816 -0.483068 0.360231 -0.687706 0.630312
-40.848584 -64.121644 15259.905114 4427.950422 -0.639701 -0.669874 -0.376899 0.736929 -0.395162 -0.548437 0.218448 -0.628583 0.746434
20.504680 -54.209851 24496.321218 745.671954 -0.357233 -0.717525 -0.597948 0.897075 -0.085316 -0.433563 0.260078 -0.691288 0.674152
56.949263 -47.055099 16552.857002 446.071830 -0.289251 -0.805874 -0.516625 0.882664 -0.015673 -0.469743 0.370457 -0.591880 0.715849
55.794197 -49.261820 16996.682844 711.716318 -0.295925 -0.790092 -0.536826 0.916070 -0.075514 -0.393843 0.270635 -0.608319 0.746127
22.053942 -42.116834 2258.636077 -320.331609 -0.349773 0.933179 0.082677 0.501505 0.261050 -0.824831 0.791298 0.247041 0.559302
15.856167 -39.196292 2723.291886 -348.530217 -0.370654 0.926130 0.069988 0.577194 0.288729 -0.763861 0.727642 0.242731 0.641575
17.116035 -41.327566 4997.580788 -1008.494808 -0.406141 0.911236 0.068548 0.502249 0.285262 -0.816316 0.763410 0.297112 0.573523
35.585500 -76.470501 -5870.572456 -955.312538 0.154249 0.918710 -0.363565 -0.719010 -0.148007 -0.679057 0.677667 -0.366151 -0.637731
35.582942 -72.858394 -6482.755435 5942.892775 0.123981 0.901938 -0.413687 -0.838832 -0.127447 -0.529261 0.530084 -0.412633 -0.740773
26.361376 -72.443280 -4335.082829 248.486405 0.167358 0.891646 -0.420664 -0.736835 -0.170366 -0.654255 0.655031 -0.419455 -0.628484
25.912731 -74.672287 -4378.837726 -3326.029606 0.188452 0.902712 -0.386776 -0.600006 -0.205954 -0.773030 0.777482 -0.377748 -0.502821
15.546319 -70.355847 -1652.069741 222.290741 0.163426 0.877474 -0.450922 -0.750551 -0.186058 -0.634079 0.640286 -0.442065 -0.628182
15.359195 -71.994389 -1694.944972 -1597.007872 0.176396 0.884511 -0.431885 -0.624431 -0.238621 -0.743738 0.760901 -0.400875 -0.510224
-2.140860 -127.978814 -198.905235 -4337.891087 0.242947 0.966071 0.087658 -0.564769 0.214338 -0.796929 0.788678 -0.144105 -0.597680
-3.574993 -122.125360 -114.807378 -241.862810 0.230735 0.969760 0.079540 -0.592457 0.204867 -0.779117 0.771852 -0.132646 -0.621812
-2.530031 -121.143192 -334.571298 -4072.024440 0.258033 0.961498 0.094558 -0.409703 0.197534 -0.890575 0.874964 -0.191057 -0.444898
720.549482 -50.594954 364945.436311 -2941.992697 -0.322465 0.872706 -0.366608 -0.239618 0.299424 0.923541 -0.915751 -0.385655 -0.112563
1328.974577 -54.043980 700797.911841 -1836.716298 -0.566012 0.663913 -0.488723 -0.209663 0.457405 0.864189 -0.797290 -0.591608 0.119699
2058.539225 -67.310380 -1243585.034175 5186.027114 0.704902 -0.565803 0.427761 0.293138 -0.316779 -0.902065 -0.645897 -0.761261 0.057440
836.871523 -51.505917 257965.278869 6251.202956 0.958576 0.048368 0.280699 0.278424 -0.367022 -0.887567 -0.060093 -0.928954 0.365285
610.936517 -51.477678 -31110.170169 3905.751639 0.924308 -0.114382 0.364103 0.320561 -0.285049 -0.903320 -0.207111 -0.951664 0.226806
1183.091724 -54.671483 577035.582523 -211.373254 -0.609366 0.702221 -0.368183 -0.275883 0.247560 0.928764 -0.743345 -0.667533 -0.042876
1.685834 -39.998190 1511.933252 -1005.183888 -0.050732 0.937288 -0.344845 -0.038178 0.343217 0.938480 -0.997982 -0.060776 -0.018371
5.498563 -40.894555 2453.982895 -1114.266602 -0.041599 0.928149 -0.369877 -0.012695 0.369676 0.929074 -0.999054 -0.043344 0.003596
11.965439 -38.101335 4340.151772 -734.180758 -0.032146 0.929315 -0.367885 -0.133371 0.360795 0.923059 -0.990545 -0.078738 -0.112346
-6.860700 -69.575375 1138.697087 1589.778754 0.140640 0.978137 -0.153192 0.755430 -0.206033 -0.621994 0.639958 0.028248 0.767891
-4.838846 -68.122878 955.631938 513.979631 0.124186 0.982286 -0.140325 0.617235 -0.187202 -0.764183 0.776916 -0.008287 0.629550
-2.823433 -71.185582 1239.582121 1854.563050 0.132381 0.974801 -0.179553 0.736556 -0.217965 -0.640294 0.663295 0.047488 0.746850
3.134367 -150.030408 3686.720025 5242.887654 0.929219 -0.323558 0.178502 -0.342425 -0.572345 0.745095 0.138916 0.753479 0.642628
-5.576676 -145.182920 529.331337 1205.023577 0.924601 -0.305083 0.228115 -0.368888 -0.567663 0.735989 0.095045 0.764646 0.637403
-1.406802 -138.883565 2258.888167 -602.093627 0.930389 -0.311376 0.193443 -0.365788 -0.754087 0.545483 0.023977 0.578271 0.815492
51.792182 -204.582558 -25753.974776 27769.570900 -0.234825 0.757948 -0.608582 0.055698 -0.614568 -0.786895 0.970441 0.218680 -0.102100
-170.436653 -464.608017 1859.813879 -1860.266209 -0.259644 0.691603 -0.673996 0.280394 -0.613874 -0.737928 0.924102 0.380583 0.034533
-36.685501 -69.412461 -8146.421906 -19385.084984 -0.048970 0.680709 -0.730915 0.773188 -0.437421 -0.459177 0.632283 0.587621 0.504895
89.145252 -7895.863831 22013.728471 -2351456.000440 0.613244 -0.654846 0.441711 0.775777 0.604560 -0.180767 -0.148666 0.453524 0.878757
18.130071 -55.429815 -3055.579192 3019.049792 0.986818 0.096203 0.130134 -0.100985 0.994416 0.030647 -0.126459 -0.043385 0.991023
11.107906 -56.534088 -4689.102118 4509.021433 0.980551 0.065839 0.184889 -0.060558 0.997583 -0.034075 -0.186686 0.022216 0.982168
18.370368 -49.831550 -2314.515717 4799.062507 0.990866 0.070935 0.114685 -0.059749 0.993372 -0.098196 -0.120890 0.090447 0.988537
21.161820 -51.828327 61.988756 -3593.794688 0.993892 0.107329 0.025660 0.106325 -0.993615 0.037735 -0.029546 0.034776 0.998958
21.249806 -53.625049 102.374020 140.411676 0.994551 0.101601 0.023374 0.103464 -0.989446 -0.101452 -0.012820 -0.103317 0.994566
-9.857973 -23.746804 778.694326 2684.756286 0.085473 0.892560 0.442754 -0.916720 0.244521 -0.315966 0.390281 0.378875 -0.839127
-10.284805 -28.894021 162.269324 1717.711117 0.109828 0.883728 0.454932 -0.881112 0.298377 -0.366897 0.459978 0.360550 -0.811433
-11.429435 -27.676665 225.975551 1788.912330 0.185565 0.876836 0.443536 -0.882209 0.347449 -0.317785 0.432751 0.332321 -0.838027
162.137147 -1592.732493 -35064.698796 734741.209013 -0.004294 0.994905 -0.100723 0.989013 0.019109 0.146589 -0.147767 0.098987 0.984056
66.394838 -424.204305 -7351.477913 -78068.807626 0.141843 0.984020 -0.107638 0.816440 -0.054809 0.574823 -0.559737 0.169415 0.811168
433.959854 -1356.871651 -102630.612707 -481542.241431 0.174230 0.959662 -0.220663 0.775682 0.004288 0.631109 -0.606598 0.281122 0.743646
88.830689 -853.002485 1180.852633 186285.355026 -0.142346 -0.911988 0.384728 0.976496 -0.192941 -0.096067 0.161842 0.362011 0.918017
120.960314 -1328.195269 -2835.079484 -419242.313323 -0.120249 -0.822580 0.555790 0.852026 0.201816 0.483035 -0.509502 0.531632 0.676591
275.226030 -1426.878727 22636.034677 -427116.939668 0.130068 0.890071 -0.436871 0.475961 0.330477 0.815013 -0.869795 0.313940 0.380654
10.574125 -53.455231 31307.860413 -151.047339 0.589325 -0.514912 -0.622544 0.801385 0.274943 0.531215 -0.102365 -0.811955 0.574674
-51.012336 -55.564699 15104.766927 6626.326054 0.886017 -0.405088 -0.225559 -0.420391 -0.496682 -0.759328 -0.195564 -0.767601 0.610364
-15.882213 -53.675684 26587.731642 -1102.353305 0.526964 -0.560195 -0.639132 0.811111 0.106934 0.575034 -0.253786 -0.821430 0.510731
77.174253 -47.186450 27315.343014 1660.106690 0.560021 -0.596659 -0.574782 0.818753 0.292590 0.493999 -0.126574 -0.747254 0.652373
33.193817 -45.711261 30443.125564 864.737120 0.595684 -0.515914 -0.615624 0.803123 0.370764 0.466398 -0.012370 -0.772248 0.635201
67.884948 -50.364223 26075.470522 -666.203776 0.590652 -0.583347 -0.557527 0.779374 0.233412 0.581459 -0.209059 -0.777962 0.592511
11.205539 -46.350084 -916.107818 1018.297313 0.640884 0.676321 -0.363122 0.766345 -0.536259 0.353752 0.044522 -0.504991 -0.861976
15.190244 -43.497856 -1191.037212 1400.940137 0.587145 0.719372 -0.371166 0.799025 -0.441582 0.408124 0.129693 -0.536199 -0.834069
13.832961 -46.358764 268.776095 937.980801 0.583248 0.736511 -0.342597 0.812249 -0.524343 0.255570 0.008592 -0.427335 -0.904053
1.970839 -48.986490 -4365.561180 -1530.991567 0.709602 0.579873 -0.400264 -0.704580 0.588514 -0.396507 -0.005637 -0.563381 -0.826178
6.993252 -43.429505 -3423.963429 1444.335623 0.671008 0.622758 -0.402394 0.731254 -0.466147 0.497971 0.122541 -0.628395 -0.768182
51.171141 -35.421487 10634.489062 717.307603 -0.125448 0.964118 0.233963 0.368434 -0.173687 0.913285 -0.921151 -0.200769 0.333426
39.584763 -40.269480 9247.466508 3598.305127 -0.114038 0.973910 0.196199 0.298748 -0.154730 0.941705 -0.947494 -0.166004 0.273308
40.998148 -39.331272 8689.069799 2202.639766 -0.058732 0.983879 0.168913 0.355042 -0.137555 0.924675 -0.933004 -0.114279 0.341240
43.296696 -34.979937 10647.842268 855.018185 -0.061317 0.979143 0.193698 0.446389 -0.146673 0.882737 -0.892736 -0.140592 0.428085
46.577066 -33.704037 5472.840721 -2802.382956 -0.141289 0.942753 0.302084 0.435125 -0.214950 0.874335 -0.889215 -0.254979 0.379846
1.772479 -51.899091 -727.514724 11230.946994 0.471833 0.875079 -0.107754 -0.698104 0.296139 -0.651883 0.538539 -0.382804 -0.750624
2.176068 -62.265036 315.102327 10172.503947 0.381660 0.904891 -0.188437 -0.731313 0.170952 -0.660270 0.565259 -0.389805 -0.727004
-1.499430 -68.317476 837.229760 7480.366322 0.394565 0.902156 -0.174454 -0.628212 0.126295 -0.767723 0.670573 -0.412510 -0.616577
6.349927 -39.783881 -5070.962491 -1845.801410 0.691721 0.594672 -0.409742 -0.684960 0.360493 -0.633146 0.228805 -0.718617 -0.656687
18.320992 -38.582943 -4677.169897 1068.682329 0.638817 0.645790 -0.418173 0.707293 -0.279080 0.649500 0.302737 -0.710682 -0.635044
18.131069 -40.085408 -2874.984417 1536.339992 0.599411 0.693453 -0.399787 0.767194 -0.355270 0.534037 0.228297 -0.626822 -0.744966
-8.690111 -318.707641 -536.547951 -48992.998352 0.142269 0.761450 -0.632419 0.821201 0.265907 0.504898 0.552619 -0.591175 -0.587473
-7.149058 -307.522898 -217.623985 10578.798820 0.151420 0.754720 -0.638334 -0.569201 -0.461390 -0.680536 0.808135 -0.466387 -0.359724
-6.745423 -273.380729 -1019.820876 -20695.649401 0.136337 0.741717 -0.656710 0.876169 0.219081 0.429338 0.462320 -0.633923 -0.620001
-7.815868 -300.068195 -147.892785 10709.370843 0.163732 0.770315 -0.616284 -0.478662 -0.484215 -0.732406 0.862598 -0.414910 -0.289439
-10.591433 -245.421079 -295.294616 -25113.995618 0.103752 0.767043 -0.633151 0.982598 0.019562 0.184713 0.154069 -0.641297 -0.751666
-12.336218 -259.111232 1169.513274 -56309.307002 0.123503 0.792001 -0.597898 0.959532 0.058345 0.275488 0.253071 -0.607726 -0.752745
-967.169761 -2991.967902 260776.071474 -5298723.160211 -0.219188 0.749046 -0.625210 0.931517 -0.029955 -0.362463 -0.290230 -0.661841 -0.691183
-349.817877 -5568.017255 96353.876009 19218489.368311 -0.191338 0.822030 -0.536336 0.150083 -0.515503 -0.843642 0.969982 0.241916 0.024737
6289.484638 -3065.945896 4803016.810702 889413.578254 0.979415 0.123125 -0.159955 -0.191094 0.820846 -0.538234 -0.065028 -0.557721 -0.827477
193.178271 -14269.572530 -36336.959204 25352775.132992 -0.208026 0.797604 -0.566175 0.075721 0.590233 0.803674 -0.975188 -0.124313 0.183179
-16.602411 -67.719338 -209.037090 -5968.753068 -0.520942 -0.567583 0.637549 0.012149 0.741896 0.670405 -0.853506 0.356988 -0.379589
-15.479607 -59.275349 116.317903 -3625.333002 -0.552947 -0.523241 0.648435 -0.047903 0.796908 0.602199 -0.831838 0.301923 -0.465713
-15.978814 -55.229460 -890.625532 -2328.592589 -0.524914 -0.518522 0.674981 -0.069513 0.816485 0.573167 -0.848312 0.253944 -0.464628
-17.565764 -64.802757 26.777148 -5075.197267 -0.475254 -0.560091 0.678552 -0.043150 0.785123 0.617835 -0.878790 0.264349 -0.397301
-18.197540 -81.113006 -509.109852 -7081.093511 -0.475651 -0.607657 0.636010 0.112018 0.675309 0.728979 -0.872472 0.417984 -0.253143
-4.019902 -40.451903 1952.236713 1970.215805 -0.710358 -0.604271 0.360898 -0.587019 0.791546 0.169895 -0.388330 -0.091168 -0.917000
-9.393011 -44.804141 2440.682580 1998.053133 -0.746901 -0.566889 0.347527 -0.582394 0.809931 0.069493 -0.320867 -0.150493 -0.935091
-1.745865 -45.601699 3032.781143 1772.219154 -0.727039 -0.577481 0.371389 -0.609697 0.791745 0.037546 -0.315727 -0.199137 -0.927718
-10.316981 -37.875198 2012.749220 1977.180370 -0.703034 -0.634846 0.320489 -0.596695 0.771767 0.219841 -0.386909 -0.036678 -0.921388
16.211412 -458.040755 -247.272590 93463.355186 0.712222 0.629919 -0.309745 0.681201 -0.726740 0.088392 0.169424 0.273953 0.946702
29.728511 -728.666103 6024.228934 184152.649803 0.853675 0.467040 -0.230461 0.501308 -0.616939 0.606693 -0.141170 0.633451 0.760797
31.203814 -771.861216 4036.821093 251801.771360 0.847163 0.439658 -0.298356 0.511199 -0.827545 0.232044 0.144883 0.349098 0.925818
-31.040390 -79.822904 -5864.541335 8988.670777 -0.469602 0.852435 0.229842 0.692766 0.517161 -0.502613 0.547310 0.076801 0.833398
-52.233830 -79.835574 -222.422120 4985.870261 -0.490535 0.871383 0.008148 0.791080 0.449212 -0.415212 0.365469 0.197230 0.909688
-38.195941 -78.962327 -4582.166108 742.632060 -0.448822 0.879619 0.157572 0.820738 0.475507 -0.316674 0.353479 0.012805 0.935355
-43.572462 -72.577075 -6501.389636 8349.439378 0.917674 0.378913 0.119580 0.389953 -0.801131 -0.454011 0.076231 -0.463264 0.882935
-10.911026 -54.671869 18499.333512 1403.782736 -0.550985 -0.666049 -0.502786 0.831618 -0.388073 -0.397254 0.069474 -0.637007 0.767721
8.610293 -40.582163 5203.850236 -371.070820 -0.433371 0.898758 0.066508 0.524257 0.311441 -0.792565 0.733037 0.308607 0.606150
4.111519 -37.880912 4576.539920 -957.769706 -0.449109 0.890039 0.078306 0.598431 0.364725 -0.713342 0.663462 0.273508 0.696428
11.821521 -35.299380 2995.936096 -1709.088234 -0.371180 0.926360 0.063895 0.675832 0.316703 -0.665545 0.636770 0.203855 0.743617
18.147252 -37.322231 743.983667 -927.454200 -0.289028 0.954981 0.066889 0.659131 0.249186 -0.709544 0.694269 0.160989 0.701480
41.305498 -81.567561 -1071.152071 5905.088635 0.045467 0.965047 -0.258103 -0.823841 -0.109905 -0.556063 0.564994 -0.237918 -0.790048
1.551875 -134.897503 -1455.706007 -1402.909673 0.299677 0.949407 0.093912 -0.068462 0.119583 -0.990461 0.951581 -0.290389 -0.100835
1.269661 -160.455027 -1398.459132 -13531.565762 0.289441 0.954823 0.067357 -0.314803 0.161410 -0.935332 0.903949 -0.249519 -0.347299
-0.276940 -124.574525 -853.823431 -6392.551985 0.282747 0.954947 0.090163 -0.221835 0.156553 -0.962435 0.933190 -0.252124 -0.256106
400.965589 -39.532109 171396.155854 -1115.292546 -0.241366 0.878430 -0.412437 -0.167345 0.380960 0.909321 -0.955897 -0.288498 -0.055050
455.984208 -43.475133 177240.034343 1253.378651 -0.230688 0.860424 -0.454371 -0.117783 0.438839 0.890813 -0.965873 -0.259017 -0.000109
0.669141 -334.195405 -515.713726 36736.596266 0.368011 -0.343041 0.864228 0.910707 -0.054511 -0.409441 0.187565 0.937737 0.292349
-16.440164 -262.551775 -2625.871414 29453.205456 0.317747 -0.326082 0.890341 0.912587 -0.149672 -0.380503 0.257335 0.933418 0.250021
-24.553949 -317.069126 -2080.236563 22441.097776 0.446312 -0.352083 0.822705 0.713292 -0.415201 -0.564644 0.540389 0.838836 0.065829
-21.836736 -191.053070 -2796.863039 18284.746583 0.429612 -0.338562 0.837144 0.716889 -0.435839 -0.544163 0.549093 0.833918 0.055470
14.618536 -452.858465 9387.963550 108108.257280 0.495925 -0.326274 0.804738 0.801785 -0.183828 -0.568637 0.333465 0.927228 0.170436
-16.012512 -185.097260 -752.490252 -5103.426531 0.537216 -0.397039 0.744149 -0.469247 0.592434 0.654850 0.700861 0.700986 -0.131956
-16.371211 -242.892843 -1087.623953 -5359.211596 -0.555242 0.418959 -0.718456 -0.374520 0.645356 0.665771 0.742591 0.638740 -0.201420
-436.517584 -6953.717146 72788.498360 2914653.725632 0.470368 -0.276110 0.838163 0.634299 -0.554551 -0.538644 0.613529 0.785007 -0.085707
9.364127 -46.165723 -4410.233345 3931.352778 0.982958 0.025932 0.181991 0.002863 0.987721 -0.156201 -0.183806 0.154060 0.970815
-9.288060 -26.165858 620.204149 2216.551714 0.023771 0.896488 0.442429 -0.902943 0.209208 -0.375402 0.429103 0.390564 -0.814451
-10.482979 -29.999677 527.736959 1477.394736 -0.013927 0.896952 0.441908 -0.870199 0.206811 -0.447195 0.492504 0.390776 -0.777646
-11.249252 -32.781706 -3.659482 1302.354703 0.111210 0.877976 0.465608 -0.839588 0.333676 -0.428664 0.531719 0.343247 -0.774246
6.095928 -26.559662 2317.014567 1509.523554 -0.304273 0.898470 0.316496 -0.839053 -0.095478 -0.535606 0.451007 0.428527 -0.782916
6.687008 -31.378190 3197.025245 1548.433564 -0.327325 0.891427 0.313395 -0.799277 -0.084300 -0.595021 0.503999 0.445254 -0.740091
2.169414 -26.957822 1596.586760 1355.385787 -0.331288 0.893971 0.301770 -0.824835 -0.119102 -0.552686 0.458144 0.432008 -0.776835
-43.676203 -59.025606 1993.280097 483.925655 -0.271133 0.085794 0.958711 0.761573 0.628231 0.159161 -0.588637 0.773282 -0.235672
-47.773867 -62.840061 3130.015508 -1250.683550 -0.326560 0.159983 0.931538 0.827274 0.525056 0.199835 -0.457140 0.835895 -0.303812
-49.163100 -60.976647 2847.045066 644.713911 -0.433666 0.100052 0.895502 0.706502 0.654594 0.269002 -0.559276 0.749330 -0.354562
-55.650662 -70.024322 -1669.747998 15770.397530 0.780254 0.153017 0.606456 0.509197 -0.718463 -0.473845 -0.363210 -0.678525 0.638500
-6.642892 -50.367398 -5994.997929 -1054.461089 0.745231 0.542623 -0.387546 -0.664811 0.649560 -0.368916 -0.051552 -0.532572 -0.844813
-1.413146 -50.499148 -4629.360010 -126.815065 0.722436 0.569408 -0.392251 -0.676796 0.698466 -0.232579 -0.141542 -0.433498 -0.889970
-10.200804 -50.427917 -4156.379174 796.012774 0.750903 0.556770 -0.355179 -0.641139 0.743565 -0.189874 -0.158382 -0.370296 -0.915312
-5.052505 -48.586628 -3577.847763 1454.943649 0.737711 0.569410 -0.362705 -0.629153 0.774686 -0.063464 -0.244846 -0.275015 -0.929740
0.945748 -48.519568 -3364.648806 906.718256 0.714001 0.580537 -0.391381 -0.656850 0.748940 -0.087393 -0.242386 -0.319477 -0.916070
30.369095 -44.405581 6265.640942 3110.599377 -0.076189 0.986559 0.144554 0.247078 -0.121773 0.961313 -0.965996 -0.108958 0.234479
-7.480872 -93.875627 1769.012224 5332.601164 0.386451 0.910347 -0.148067 -0.405712 0.023617 -0.913696 0.828284 -0.413171 -0.378465
-3.754441 -81.695835 1330.116838 5207.211399 0.391485 0.907325 -0.153303 -0.507989 0.074187 -0.858163 0.767259 -0.413834 -0.489954
-1.023672 -91.770773 1362.971345 2276.573095 0.375434 0.914292 -0.152055 -0.345000 -0.014413 -0.938492 0.860247 -0.404800 -0.310019
-7.980308 -97.995883 2106.987759 2559.282051 0.385359 0.915623 -0.114596 -0.201070 -0.037883 -0.978844 0.900594 -0.400248 -0.169506
3.233291 -82.158386 1195.373593 145.520719 0.365542 0.914395 -0.173956 -0.435422 0.002807 -0.900222 0.822671 -0.404813 -0.399173
3.176882 -86.111298 1207.861026 -8.751263 0.375912 0.915308 -0.144575 -0.266908 -0.042457 -0.962786 0.887384 -0.400511 -0.228343
-1.603504 -96.596058 2099.416166 482.089955 0.360802 0.925706 -0.113531 -0.117796 -0.075524 -0.990162 0.925173 -0.370626 -0.081795
5.259698 -211.691401 -431.297755 10255.828765 0.450721 0.866460 -0.214705 0.093562 0.193343 0.976660 -0.887748 0.460289 -0.006076
6.181375 -210.934595 -711.700237 -1735.272628 0.445376 0.863973 -0.234929 -0.230680 0.364259 0.902276 -0.865117 0.347659 -0.361533
6.908562 -229.289576 -635.227811 7881.324092 0.467744 0.859614 -0.205620 0.073623 0.193937 0.978247 -0.880792 0.472708 -0.027425
-5.397729 -99.239380 -439.347399 -6211.007663 0.429707 0.892764 -0.135363 -0.411786 0.327161 0.850528 -0.803607 0.309737 -0.508212
-4.878452 -92.754235 -380.387303 -3176.898709 0.443808 0.875468 -0.191285 -0.557787 0.436945 0.705657 -0.701362 0.206480 -0.682245
-4.096104 -104.574924 -388.379852 -7430.125549 0.423455 0.892554 -0.155025 -0.409773 0.341333 0.845918 -0.807943 0.294683 -0.510284
-1.162168 -312.833332 -724.421208 -45815.533921 0.137095 0.805150 -0.577008 0.267249 -0.590971 -0.761138 0.953825 0.049856 0.296195
2.343680 -363.766736 -68.451697 -76063.853621 0.139158 0.824559 -0.548395 0.537540 -0.527991 -0.657477 0.831676 0.203291 0.516708
25.610744 -907.358142 3340.891678 -322137.133052 0.208600 0.782087 -0.587219 0.402863 -0.615835 -0.677088 0.891172 0.095328 0.443537
-2.619572 -300.803179 -123.684644 15848.654115 0.107927 0.817822 -0.565260 -0.010609 -0.567601 -0.823235 0.994102 -0.094846 0.052583
-1.720684 -307.643291 -1535.632979 -19929.107547 0.158775 0.810312 -0.564079 -0.048533 -0.564230 -0.824190 0.986121 -0.158237 0.050258
-12.378200 -146.303978 -2107.946794 21974.126106 -0.040728 -0.767792 0.639403 0.999168 -0.029796 0.027865 -0.002343 0.640006 0.768367
-15.268327 -232.434005 -1814.431605 46376.157661 -0.020255 -0.776681 0.629569 0.978432 0.114078 0.172214 -0.205576 0.619478 0.757618
-14.196886 -251.715961 53.377412 53363.205279 -0.001130 -0.814424 0.580268 0.996484 0.047697 0.068885 -0.083779 0.578306 0.811507
-14.586682 -262.147513 1102.936148 40447.505146 0.029234 -0.832832 0.552753 0.939461 0.211767 0.269383 -0.341406 0.511415 0.788605
-13.652561 -185.710463 967.870306 24379.041149 0.008891 -0.815612 0.578530 0.999122 -0.016444 -0.038538 0.040945 0.578365 0.814750
-402.881819 -2103.447749 101319.559617 5234791.632131 0.188017 0.890424 -0.414481 0.250825 -0.451545 -0.856267 0.949598 -0.057030 0.308239
-15.670413 -47.229328 2557.226378 2068.862517 -0.754366 -0.568904 0.327535 -0.607220 0.794310 -0.018868 -0.249431 -0.213119 -0.944650
-15.504090 -41.926098 1920.169101 1972.496809 -0.720375 -0.619886 0.311128 -0.615400 0.778158 0.125512 -0.319910 -0.101052 -0.942044
-8.452392 -100.406697 407.580956 -3098.025844 0.410235 0.907699 0.088258 0.903997 -0.391958 -0.170760 -0.120405 0.149837 -0.981352
-10.871743 -99.255321 512.622415 -423.705171 0.413015 0.908304 0.066347 -0.907692 0.416486 -0.051334 0.074259 0.039022 -0.996475
-9.913919 -96.132202 472.752353 2952.997756 0.441853 0.895209 0.058020 -0.886530 0.425846 0.180884 -0.137221 0.131361 -0.981792
16.685137 -104.164982 -625.149321 -5646.404044 0.306025 0.948502 -0.081804 0.643176 -0.269334 -0.716787 0.701907 -0.166740 0.692477
39.245551 -512.845757 -7220.057512 -143521.215223 0.213290 0.976596 -0.027716 0.619670 -0.157160 -0.768967 0.755325 -0.146838 0.638688
35.084885 -216.927189 -4639.332493 -51202.754996 0.395496 0.917603 -0.039852 0.610946 -0.295226 -0.734566 0.685805 -0.266170 0.677366
-21.404837 -76.588176 -5354.672734 11187.504994 -0.410691 0.862006 0.297116 0.603257 0.501237 -0.620356 0.683677 0.075537 0.725865
54.693085 -97.868241 -6130.632057 -2154.782621 -0.356780 0.794108 0.492038 0.147000 0.567862 -0.809891 0.922550 0.216624 0.319336
50.510641 -86.407090 -4692.519692 -3546.965427 -0.417571 0.784159 0.459052 0.381012 0.609753 -0.695005 0.824902 0.115310 0.553389
58.455342 -90.763841 -8249.150178 -2920.501584 -0.458385 0.756930 0.465768 0.259583 0.615242 -0.744375 0.850000 0.220305 0.478504
73.100797 -108.942432 -9877.464828 -6014.584592 -0.468877 0.741414 0.480062 0.023341 0.553720 -0.832375 0.882955 0.379077 0.276932
58.906769 -43.760047 16586.010052 -1088.919079 -0.255247 -0.820933 -0.510801 0.854143 0.056117 -0.517002 0.453089 -0.568260 0.686871
25.937611 -49.422707 18635.733238 -346.640445 -0.245381 -0.739962 -0.626294 0.811537 0.196595 -0.550234 0.530279 -0.643278 0.552266
-21.339612 -57.139191 21507.345028 -1613.978756 -0.216948 -0.716200 -0.663319 0.869315 0.167387 -0.465053 0.444101 -0.677525 0.586289
27.734858 -49.042148 6865.465065 2997.928032 0.067833 0.806540 0.587275 0.957038 0.113726 -0.266729 -0.281916 0.580138 -0.764175
31.793229 -49.994953 6879.152665 -672.106207 -0.166512 0.783993 0.598021 0.974803 0.222182 -0.019853 -0.148434 0.579647 -0.801235
10.462975 -27.770780 6777.025447 -1503.930818 -0.247265 0.714007 0.655022 0.955860 0.290482 0.044188 -0.158721 0.637035 -0.754317
19.549671 -36.931733 5093.510062 -4108.888943 -0.566026 0.560269 0.604743 0.822852 0.428717 0.372983 -0.050292 0.708732 -0.703683
0.987603 -25.522975 230.479174 -3639.902492 0.744301 -0.413678 -0.524297 0.650688 0.625996 0.429808 -0.150406 0.661060 -0.735104
-6.758456 -16.722448 -476.790111 -3846.469054 -0.673862 0.490637 0.552436 0.718639 0.608947 0.335769 -0.171664 0.623264 -0.762937
-4.019225 -17.601559 3795.820300 3824.344182 0.161758 0.777684 0.607489 0.966810 -0.001519 -0.255491 -0.197768 0.628654 -0.752118
10.835742 -32.490067 6260.962741 4401.241669 0.230692 0.767322 0.598329 0.936538 -0.008284 -0.350469 -0.263966 0.641208 -0.720538
-2.009410 -106.034677 -286.957979 3591.165657 0.262747 0.954864 0.138557 0.136649 0.105329 -0.985004 0.955139 -0.277741 0.102806
-1.811067 -119.758277 -247.878641 10398.801566 0.243288 0.955204 0.168511 0.330900 0.081573 -0.940134 0.911765 -0.284484 0.296231
0.308755 -116.765087 -886.192901 4330.838750 0.282695 0.950280 0.130581 0.113548 0.102023 -0.988280 0.952465 -0.294209 0.079061
-10.420846 -46.202289 935.111558 1038.932511 -0.080459 0.845657 -0.527628 0.502281 0.491621 0.711353 -0.860953 0.207783 0.464313
-8.747844 -49.435594 -229.473445 34.456046 -0.112638 0.808958 -0.576974 0.346546 0.576192 0.740209 -0.931246 0.116573 0.345242
-15.684706 -47.132572 -3661.555935 734.521560 -0.108569 0.868194 -0.484202 0.462724 0.475233 0.748358 -0.879829 0.142804 0.453330
4.058628 -49.402477 7291.559977 1171.440317 -0.064366 0.801666 -0.594297 0.392098 0.567952 0.723663 -0.917669 0.186444 0.350889
-18.867829 -45.161789 -3849.016904 1131.960706 -0.108990 0.874857 -0.471960 0.599935 0.436460 0.670508 -0.792590 0.210067 0.572427
-12.068764 -43.611395 769.823810 819.573493 -0.074280 0.856249 -0.511195 0.628608 0.438148 0.642556 -0.774167 0.273612 0.570790
23.631139 -45.956381 18932.878971 1128.716622 -0.033814 0.798386 -0.601196 0.539269 0.521034 0.661599 -0.841455 0.301835 0.448162
2.327859 -65.663148 -2609.884784 -1068.883830 0.176414 0.828302 -0.531784 0.869888 0.121625 0.478018 0.460622 -0.546922 -0.699074
2.781497 -62.686282 -2472.404182 -2136.460661 0.174463 0.827520 -0.533642 0.935931 0.029022 0.350987 0.305936 -0.560686 -0.769438
-2.473534 -65.127429 -1538.256946 -1110.069890 0.155170 0.837281 -0.524293 0.883714 0.119571 0.452497 0.441557 -0.533538 -0.721363
-13.335552 -58.571352 -5979.205761 5686.681304 0.985127 0.163669 0.052310 0.099206 -0.790349 0.604571 -0.140293 0.590391 0.794831
-7.207482 -48.579269 -5334.188904 1658.481338 0.926684 0.355934 -0.120695 0.369640 -0.805029 0.463999 -0.067990 0.474594 0.877575
-18.364804 -61.167088 -643.861172 5635.145874 0.994810 0.098696 -0.024759 0.095986 -0.829454 0.550266 -0.033772 0.549787 0.834622
-1.380643 -43.221702 -5396.592333 1407.959692 0.934181 0.345863 -0.087662 0.336083 -0.770465 0.541694 -0.119811 0.535502 0.835992
-2.961936 -51.204652 -7707.215596 4305.394730 0.972941 0.226906 0.043582 0.148607 -0.758969 0.633942 -0.176922 0.610311 0.772152
4.915281 -301.315232 -1796.855855 17566.689508 0.301955 -0.307481 0.902374 0.939854 0.254564 -0.227755 -0.159682 0.916871 0.365854
-48.637414 -194.716437 -7512.890824 11531.011832 0.512166 -0.399528 0.760304 0.713867 -0.294203 -0.635483 0.477577 0.868229 0.134529
-45.307146 -312.954151 -10607.175775 59047.498639 0.219264 -0.325845 0.919646 0.961434 -0.088248 -0.260495 0.166038 0.941296 0.293928
-14.877717 -332.737480 -5976.709770 56333.716867 0.192385 -0.297512 0.935133 0.979347 0.118597 -0.163750 -0.062187 0.947323 0.314184
7.300968 -15.060337 -1052.803850 -625.322157 0.418375 -0.854542 0.307766 0.908154 0.399086 -0.126438 -0.014778 0.332397 0.943024
24.000386 -20.350073 -5861.249926 -2092.810448 0.415166 -0.848271 0.328745 0.909065 0.400796 -0.113855 -0.035180 0.346120 0.937531
20.806097 -20.210191 -5549.117016 584.451862 0.201215 -0.918166 0.341297 0.979085 0.199223 -0.041274 -0.030098 0.342463 0.939049
6.401124 -13.523569 -1770.120064 370.222575 0.146104 -0.933031 0.328796 0.987961 0.154706 0.000004 -0.050870 0.324837 0.944401
3.134461 -9.704970 479.670057 -76.466634 0.259352 -0.911688 0.318687 0.965138 0.256716 -0.051040 -0.035280 0.320815 0.946485
-7.887753 -21.630097 1053.204287 -2867.589376 -0.043418 0.908884 0.414783 0.927593 -0.117527 0.354625 0.371061 0.400147 -0.837971
-9.713357 -17.737098 1540.393837 -2716.751401 -0.057616 0.915739 0.397620 0.941779 -0.082299 0.326004 0.331259 0.393254 -0.857682
209.326025 -1412.224795 -59435.669253 601082.034475 0.054914 0.998398 0.013632 0.922184 -0.045478 -0.384068 0.382833 -0.033662 0.923204
86.151640 -402.277945 -9252.289307 26785.142996 -0.101458 -0.769353 0.630716 0.993261 -0.042636 0.107770 -0.056022 0.637399 0.768494
130.478694 -3222.187503 28914.653929 1140353.913629 -0.026053 -0.751799 0.658877 0.860220 -0.352627 -0.368343 0.509257 0.557183 0.655899
109.121331 -429.049437 -10926.254312 123308.166393 0.069685 0.870451 -0.487298 0.698066 -0.391509 -0.599520 0.712634 0.298388 0.634915
-57.457872 -67.451737 -163.681509 -2148.600834 0.782544 -0.295339 -0.548088 0.545187 0.750181 0.374165 -0.300659 0.591611 -0.748065
-56.113027 -63.431470 401.057882 -2467.191203 0.701996 -0.521229 -0.485307 0.672591 0.709249 0.211155 -0.234143 0.474643 -0.848464
-56.372912 -62.549953 -567.231957 -2433.292241 0.797129 -0.250197 -0.549534 0.462401 0.838213 0.289108 -0.388293 0.484562 -0.783855
-58.071343 -70.125714 -363.813981 -2518.624065 -0.700331 0.525289 0.483330 0.703380 0.623199 0.341875 -0.121628 0.579391 -0.805924
-55.071592 -65.202823 -133.609400 -1558.573607 0.776349 -0.083697 -0.624721 0.400318 0.831048 0.386141 -0.486854 0.549868 -0.678689
-55.881495 -67.934208 -208.572505 -1644.248010 0.694825 -0.255774 -0.672159 0.624462 0.678178 0.387456 -0.356742 0.688952 -0.630936
-57.728774 -70.743892 -257.519334 -2049.378757 -0.693146 0.409120 0.593438 0.698043 0.586239 0.411169 -0.179679 0.699246 -0.691933
84.249442 -39.609456 26904.383126 2927.179113 0.546188 -0.609638 -0.574473 0.836914 0.368174 0.404997 -0.035396 -0.701990 0.711307
5.760696 -46.554987 22162.693573 1985.132054 0.713116 -0.476886 -0.513853 -0.699218 -0.536720 -0.472255 0.050583 -0.696068 0.716191
-4.557911 -46.880498 -5520.982871 -2168.868990 0.753257 0.529555 -0.390096 -0.655144 0.551589 -0.516271 0.058221 -0.644454 -0.762423
-52.255918 -85.596876 482.120746 9188.594384 0.943497 0.201472 0.263102 -0.197710 0.979403 -0.040985 -0.265940 -0.013349 0.963897
-49.872855 -88.186284 2556.670266 1375.310518 0.975002 0.117532 0.188565 0.163972 -0.953296 -0.253654 -0.149945 -0.278233 0.948738
-48.073224 -86.343659 4250.563443 5952.729889 0.972546 0.211618 0.096807 -0.216411 0.975403 0.041905 -0.085558 -0.061705 0.994421
-40.767124 -77.394841 4844.068625 -8401.275650 0.975685 0.219168 0.001854 0.217735 -0.970205 0.106271 -0.025090 0.103284 0.994335
-48.216011 -74.910222 3684.152258 -10658.280239 0.960024 0.259658 0.104557 0.234965 -0.950536 0.203159 -0.152137 0.170470 0.973547
39.644502 -37.049385 12568.621218 -540.329648 0.500684 0.850030 -0.163598 0.326598 -0.360527 -0.873702 0.801654 -0.384018 0.458128
36.559748 -35.116647 9085.898532 1185.086218 0.502336 0.853969 -0.135630 0.282237 -0.310204 -0.907808 0.817313 -0.417745 0.396848
168.518291 -36.195476 47943.680951 428.519087 0.546352 0.832681 -0.090228 0.276569 -0.281046 -0.918979 0.790575 -0.477132 0.383844
10.332933 -38.756481 3568.717061 521.639489 0.491328 0.861580 -0.127578 0.386286 -0.346842 -0.854683 0.780627 -0.370649 0.503230
88.034511 -36.262844 39782.298261 2108.211268 0.511747 0.848235 -0.136427 0.361996 -0.356899 -0.861152 0.779150 -0.391306 0.489699
19.417967 -39.152274 7793.659777 791.232406 0.492473 0.858237 -0.144564 0.411846 -0.376133 -0.830004 0.766716 -0.349217 0.538697
3.563114 -98.653223 -396.256631 11122.608250 0.498863 0.866623 -0.009991 0.760798 -0.432366 0.483990 -0.415117 0.249046 0.875017
2.729148 -86.495936 -453.317647 2195.581184 0.551565 0.833847 0.021801 0.778761 -0.524140 0.344686 -0.298842 0.173139 0.938465
1.717795 -88.789226 -375.571739 9469.874245 0.479940 0.877293 -0.003757 0.769848 -0.419099 0.481342 -0.420703 0.233908 0.876525
-3.145298 -249.320756 -307.150594 -19552.639295 0.107483 0.822454 -0.558584 0.321491 -0.560406 -0.763275 0.940793 0.097541 0.324646
-2.285318 -295.273227 225.587486 -52910.605696 0.075482 0.822756 -0.563360 0.562335 -0.501684 -0.657337 0.823457 0.267180 0.500533
0.095721 -444.746883 -1058.628219 -113574.796896 0.133461 0.824437 -0.549992 0.840181 -0.388455 -0.378415 0.525627 0.411590 0.744520
1.763936 -425.936823 1199.318877 -140239.474197 0.095463 0.830996 -0.548025 0.840514 -0.362249 -0.402881 0.533314 0.422163 0.733045
-3.953112 -355.565135 -1264.091113 -86419.352999 0.168474 0.807646 -0.565089 0.741071 -0.481788 -0.467648 0.649947 0.339984 0.679691
3.466409 -163.441126 51.582430 -26786.727926 -0.151541 -0.811834 0.563880 0.901061 -0.347980 -0.258841 0.406355 0.468865 0.784246
6.094587 -112.541302 -771.299814 -9951.257557 -0.185378 -0.776221 0.602591 0.958065 -0.279125 -0.064819 0.218512 0.565305 0.795414
0.740186 -161.928482 -650.431057 -19352.401081 -0.156236 -0.788807 0.594453 0.906490 -0.353525 -0.230862 0.392259 0.502797 0.770278
2525.923956 -1245.728535 -11025202.831809 896076.074751 0.727101 0.635416 0.259945 0.132170 0.241995 -0.961233 0.673688 -0.733270 -0.091972
5668.096447 -25679.474873 -10381427.869381 53453245.196832 0.834848 0.544544 -0.080629 0.161126 -0.381779 -0.910101 0.526372 -0.746804 0.406467
-19.766524 -68.996331 -1056.542349 -5951.580049 -0.451425 -0.578626 0.679269 -0.019545 0.767478 0.640777 -0.892095 0.275987 -0.357768
-23.205870 -85.349381 -2354.790173 -8140.870475 -0.462061 -0.619508 0.634594 0.121321 0.664679 0.737213 -0.878510 0.417627 -0.231963
-509.620490 -893.279354 14895.096739 322572.121331 0.167843 -0.748112 -0.641995 0.947356 -0.057720 0.314937 -0.272664 -0.661058 0.699040
-74.509954 -1593.454492 42801.651732 -561282.865809 0.898476 0.298956 0.321507 -0.027494 -0.692571 0.720825 -0.438162 0.656483 0.614039
-159.165754 -5444.954905 326608.321799 3852996.823875 0.631136 -0.062905 0.773117 0.096063 0.995372 0.002568 -0.769701 0.072647 0.634258
-226.611676 -2325.372423 -57670.766644 -37244.250275 -0.357986 -0.042183 0.932774 -0.082909 0.996469 0.013244 -0.930039 -0.072594 -0.360219
0.744093 -738.400364 3562.249221 -189941.508402 0.983958 0.056004 -0.169380 -0.178059 0.249754 -0.951797 0.011001 -0.966688 -0.255719
-19.487750 -403.441283 5888.095841 -83637.583570 0.985026 0.062506 -0.160674 -0.172403 0.359573 -0.917052 -0.000453 -0.931021 -0.364966
1.855940 -814.302758 2449.442936 -224939.179152 0.956269 0.150365 -0.250877 -0.272094 0.772001 -0.574438 -0.107302 -0.617580 -0.779154
18.176559 -1016.259478 2307.383955 -282935.860891 0.983253 0.050253 -0.175179 -0.179356 0.437294 -0.881252 -0.032319 -0.897914 -0.438983
-54.298388 -83.028931 152.775326 -216.852501 -0.467929 0.883541 0.019928 0.866434 0.463079 -0.186680 0.174168 0.070087 0.982219
-53.359069 -79.903617 -1685.869039 4121.292338 0.298623 -0.924966 0.235080 0.915350 0.207874 -0.344853 0.270110 0.318162 0.908743
-56.404801 -82.310242 -2261.606985 1908.643640 0.406231 -0.905584 0.122044 0.896520 0.369161 -0.244893 0.176717 0.208898 0.961838
31.138293 -84.966356 -1773.639972 -2016.970417 -0.203886 0.872450 0.444142 0.044001 0.461379 -0.886111 0.978005 0.161123 0.132458
37.159088 -93.708363 -2114.846110 -4967.539969 -0.271106 0.837111 0.475128 0.219794 0.534411 -0.816147 0.937119 0.116832 0.328874
18.458558 -44.460463 -3564.762393 377.728014 -0.150068 0.977603 0.147555 0.518345 0.204886 -0.830265 0.841901 0.048111 0.537482
16.176683 -43.678436 -3563.307492 -1104.382911 -0.133493 0.983915 0.118703 0.619376 0.176330 -0.765036 0.773662 0.028605 0.632953
19.095995 -41.341181 -2664.214398 -1204.669107 -0.175199 0.977479 0.117640 0.640668 0.203919 -0.740244 0.747562 0.054322 0.661967
10.628254 -45.331917 -2553.931123 -1030.354414 -0.113728 0.985649 0.124751 0.581134 0.167841 -0.796312 0.805822 0.018065 0.591882
25.895150 -44.218976 -2136.470318 303.443441 -0.238869 0.962062 0.131827 0.443231 0.228811 -0.866713 0.863995 0.148602 0.481071
23.377728 -46.133952 -4883.751464 100.988526 -0.158485 0.975516 0.152484 0.411340 0.205629 -0.887984 0.897598 0.078010 0.433858
21.317686 -41.272860 -448.342784 -430.431927 -0.264894 0.958960 0.101126 0.567943 0.239910 -0.787327 0.779277 0.151125 0.608185
17.648594 -47.332741 -4899.989662 582.277151 -0.117417 0.980616 0.156864 0.406638 0.191583 -0.893276 0.906013 0.041099 0.421251
11.425721 -46.935179 -3685.894350 631.797311 -0.108404 0.984416 0.138469 0.467992 0.173425 -0.866549 0.877059 0.029135 0.479499
44.695018 -72.803746 3031.863236 696.200485 -0.085461 0.885030 0.457623 0.964360 0.188914 -0.185261 -0.250412 0.425480 -0.869632
44.014273 -66.911383 4237.028519 -620.667058 -0.271424 0.812320 0.516203 0.962296 0.238941 0.129976 -0.017760 0.532019 -0.846546
1.011315 -40.731992 5350.660135 -471.726415 -0.462387 0.883319 0.077105 0.511200 0.336624 -0.790796 0.724481 0.326238 0.607204
5.009571 -34.176446 4580.603535 -1487.202182 -0.444430 0.891947 0.083145 0.660350 0.388915 -0.642404 0.605326 0.230598 0.761843
-2.024120 -34.411255 4213.417990 -1311.975447 -0.487702 0.866066 0.109893 0.648201 0.443554 -0.618947 0.584792 0.230629 0.777707
-5.335363 -37.654041 3613.994844 -1014.123264 -0.466287 0.876776 0.117642 0.606824 0.413778 -0.678641 0.643694 0.245053 0.724988
-4.722928 -40.390777 3708.006341 -201.844733 -0.446372 0.889525 0.097453 0.541675 0.355279 -0.761817 0.712279 0.287266 0.640420
33.883556 -76.839714 -5672.950436 -5408.968937 0.178844 0.929161 -0.323535 -0.568484 -0.170800 -0.804769 0.803020 -0.327853 -0.497666
0.536237 -126.783283 -1332.121640 10243.100094 0.282455 0.943490 0.173337 0.334548 0.072466 -0.939588 0.899053 -0.323381 0.295174
-0.655583 -138.291251 -520.986814 14683.710964 0.229622 0.952233 0.201310 0.547925 0.044472 -0.835344 0.804395 -0.302116 0.511541
-2.725432 -128.797686 25.215385 12744.386636 0.207900 0.955670 0.208499 0.563903 0.057069 -0.823867 0.799244 -0.288855 0.527041
-8.581503 -48.034744 -1574.386159 -233.689250 -0.095705 0.874861 -0.474825 0.307035 0.479701 0.821959 -0.946874 0.067122 0.314522
0.849647 -50.355519 1707.566475 -1066.024466 -0.085680 0.817457 -0.569582 0.221070 0.573032 0.789153 -0.971487 0.058303 0.229813
31.945079 -51.382618 14564.003508 -695.758144 -0.063503 0.815163 -0.575741 0.234656 0.572927 0.785297 -0.970002 0.085232 0.227665
-0.557790 -43.944331 537.198710 -1061.715206 -0.057586 0.927654 -0.368973 0.119811 0.373337 0.919927 -0.991125 -0.008768 0.132642
5.882623 -42.859987 1715.582289 -1534.656498 -0.054017 0.905773 -0.420306 0.009674 0.421376 0.906835 -0.998493 -0.044918 0.031524
566.111043 -45.421612 -101433.652866 -1440.907357 0.910663 -0.218365 0.350728 0.288922 -0.270222 -0.918425 -0.295326 -0.937708 0.182990
2121.535311 -119.996876 835952.511822 -12206.095073 0.876283 0.469843 0.106655 0.266775 -0.288831 -0.919460 0.401197 -0.834161 0.378440
2253.513170 -160.637833 847635.310100 -28852.847143 0.830213 0.552356 -0.075158 0.183342 -0.397885 -0.898929 0.526433 -0.732523 0.431600
0.313257 -128.768457 -277.622129 4991.760332 -0.881106 0.203500 -0.426896 0.155791 0.977197 0.144276 0.446522 0.060615 -0.892717
-0.832122 -151.502538 24.052981 13146.729224 -0.886216 0.163746 -0.433368 0.231543 0.966789 -0.108199 0.401258 -0.196231 -0.894698
