10096
20170
-40.143476 -56.793239 -29.558824 2864.242151 0.891652 -0.136985 0.431499 0.425406 0.579578 -0.695067 0.154874 -0.803321 -0.575057
-30.778743 -58.149833 -1441.432075 5789.113525 0.815981 -0.331072 0.473884 0.569184 0.603380 -0.558536 0.101017 -0.725482 -0.680787
-31.839558 -46.954670 -800.085393 3342.024151 0.950432 -0.073618 0.302092 0.259509 0.722988 -0.640269 0.171273 -0.686927 -0.706255
-21.278723 -45.021319 -2485.643648 4954.541027 0.901529 -0.276852 0.332564 0.416416 0.764034 -0.492798 0.117659 -0.582756 -0.804084
-34.859404 -50.561091 38.181686 2571.773745 0.962819 0.194058 0.187938 0.023183 0.633768 -0.773175 0.269151 -0.748785 -0.605705
-26.371956 -36.245269 -819.892145 2594.099638 0.981618 0.143575 0.125745 -0.038768 0.795115 -0.605218 0.186876 -0.589218 -0.786066
-29.549834 -43.124164 148.262220 2691.137073 0.945086 0.321368 0.059460 -0.187169 0.681356 -0.707616 0.267919 -0.657629 -0.704091
1.316253 -27.429826 3746.131146 -436.730304 -0.954151 0.294379 0.054185 0.289738 0.953781 -0.079708 -0.075145 -0.060354 -0.995344
-2.120135 -28.686877 -3340.652807 -284.579106 0.988934 -0.134794 -0.061963 0.138952 0.987923 0.068565 -0.051972 0.076416 -0.995721
-8.249391 -23.648726 -2037.742090 -502.866442 0.956454 -0.291755 0.008693 0.291868 0.955656 -0.039165 -0.003119 -0.039996 -0.999195
-3.167039 -23.258867 -2085.574261 -178.280066 0.861931 -0.506903 0.011194 0.501748 0.849573 -0.162714 -0.072970 -0.145864 -0.986610
8.399763 -27.229493 -3469.343047 -573.440184 0.908247 -0.417308 -0.030692 0.399872 0.887221 -0.230090 -0.123249 -0.196706 -0.972685
63.472062 -82.580551 -3086.157247 -4318.518400 -0.425198 0.583329 -0.692051 0.492042 0.790732 0.364195 0.759672 -0.185663 -0.623240
57.983882 -72.234080 -4120.807778 -5065.797944 -0.255134 0.471659 -0.844064 0.547511 0.789990 0.275948 0.796956 -0.391730 -0.459792
51.576745 -82.380560 -5274.283689 -4126.378999 -0.271272 0.551966 -0.788508 0.350167 0.819684 0.453322 0.896546 -0.153136 -0.415638
44.500779 -16.154175 -1749.528448 -423.174730 0.746177 -0.210317 0.631654 0.636244 -0.054040 -0.769593 -0.195993 -0.976139 -0.093490
43.654426 -19.482032 4375.568452 -505.412758 0.804597 0.041486 0.592370 0.593446 -0.020738 -0.804607 0.021095 -0.998924 0.041306
39.715778 -18.043907 -259.320129 -374.067791 0.805299 -0.140150 0.576065 0.586452 0.045741 -0.808692 -0.086989 -0.989073 -0.119027
39.041412 -14.748497 -5096.043742 -325.384273 0.725038 -0.351999 0.591960 0.633378 0.003246 -0.773836 -0.270468 -0.935995 -0.225302
39.130128 -13.845224 6188.816755 -440.897436 -0.660770 0.402158 -0.633760 0.662324 -0.084854 -0.744397 -0.353143 -0.911630 -0.210290
6.284752 -47.200970 65.578954 3312.920545 0.942255 0.102372 0.318865 -0.329192 0.108156 0.938048 -0.061543 0.988849 -0.135611
4.876119 -51.807083 360.428401 1297.421434 0.928132 0.064335 0.366650 -0.367389 -0.000374 0.930067 -0.059973 0.997928 -0.023289
2.565971 -47.305174 -112.428365 -1840.330985 0.938520 0.128124 0.320567 -0.324959 0.014408 0.945618 -0.116538 0.991653 -0.055157
5.215507 -44.906087 -315.677417 248.493739 0.954004 0.136605 0.266861 -0.279457 0.082955 0.956568 -0.108535 0.987146 -0.117315
6.895791 -50.608037 -471.863912 3268.333569 0.963133 0.141107 0.229051 -0.253935 0.195670 0.947222 -0.088841 0.970465 -0.224289
-11.464348 -74.306643 20.449859 -1561.625113 0.955314 0.177623 0.236274 -0.031553 -0.733478 0.678981 -0.293904 0.656095 0.695097
-9.387694 -80.213301 492.959010 -2612.253711 0.970434 0.117924 0.210601 -0.005093 -0.862329 0.506322 -0.241315 0.492424 0.836233
-10.949971 -72.659553 323.301245 -1683.608394 0.970957 0.118783 0.207683 -0.063907 -0.707749 0.703568 -0.230559 0.696406 0.679603
-9.299063 -73.899287 279.734120 -1082.879693 0.972933 0.088336 0.213537 -0.060105 -0.795517 0.602943 -0.223134 0.599458 0.768675
-1.708032 -79.630764 -258.279994 -4884.956291 0.959382 0.069110 0.273513 0.269995 0.056132 -0.961224 0.081783 -0.996029 -0.035192
-0.394152 -82.480274 370.325261 -3940.532544 0.952280 0.068637 0.297407 0.278081 0.206593 -0.938078 0.125830 -0.976016 -0.177648
1.295916 -74.315126 673.957025 -3525.316394 0.954862 0.076632 0.286994 0.291045 -0.048085 -0.955500 0.059422 -0.995899 0.068218
5.834744 -78.691020 1790.813134 -4651.307452 0.944534 0.088488 0.316268 0.310271 0.075217 -0.947668 0.107646 -0.993233 -0.043590
6.974770 -99.410910 900.934055 -699.365255 -0.079383 0.162483 -0.983513 0.390074 0.913016 0.119352 0.917355 -0.374168 -0.135858
2.821822 -102.488921 1239.997028 -2624.946132 -0.105312 0.176508 -0.978649 0.295041 0.945356 0.138754 0.949663 -0.274129 -0.151635
4.596002 -96.604061 810.329074 -2914.139144 -0.080220 0.186936 -0.979091 0.582810 0.805656 0.106071 0.808639 -0.562115 -0.173578
5.817111 -102.482905 1551.872946 234.960750 -0.106041 0.150601 -0.982891 0.070265 0.987128 0.143670 0.991876 -0.053828 -0.115258
7.637941 -97.116026 516.427661 -2059.431473 -0.046567 0.181561 -0.982276 0.664796 0.739582 0.105186 0.745572 -0.648116 -0.155142
11.145532 -13.905869 -447.835123 -1256.210754 0.917589 -0.186288 0.351179 0.396271 0.498892 -0.770763 0.031616 -0.846406 -0.531599
10.878803 -19.571310 -367.992328 -2187.587421 0.930722 -0.147552 0.334642 0.358480 0.549313 -0.754816 0.072448 -0.822486 -0.564152
9.649783 -16.656986 -300.773429 -1788.680896 0.922160 -0.190158 0.336839 0.385243 0.529774 -0.755597 0.034765 -0.826547 -0.561794
7.581046 -13.887950 -776.567683 -585.895858 0.917226 -0.233393 0.322837 0.398230 0.515911 -0.758452 -0.010462 -0.824235 -0.566151
9.506355 -13.588661 -785.982277 277.729318 0.921074 -0.208209 0.329048 0.389384 0.488562 -0.780824 -0.001815 -0.847323 -0.531075
-5.988511 -161.145826 808.251707 -19950.515281 0.141052 0.271524 -0.952039 0.822862 0.502540 0.265239 0.550457 -0.820810 -0.152542
-5.961506 -182.048931 1272.212758 -12993.073021 0.110370 0.273369 -0.955556 0.526647 0.799274 0.289489 0.842889 -0.535192 -0.055753
-8.094013 -199.568757 1161.052511 -22017.601239 0.134877 0.255713 -0.957298 0.664478 0.693343 0.278826 0.735035 -0.673711 -0.076400
-9.083098 -149.401061 504.219763 -16506.854557 0.171478 0.224828 -0.959191 0.890431 0.381257 0.248549 0.421579 -0.896714 -0.134817
-11.110726 -168.487983 403.594170 -18340.008446 0.184870 0.228309 -0.955876 0.728087 0.621468 0.289251 0.660085 -0.749435 -0.051338
-11.007722 -186.348615 589.096368 -13753.450628 0.161225 0.254193 -0.953621 0.408453 0.862438 0.298944 0.898428 -0.437706 0.035221
17.297823 -19.205155 -3686.907017 -1724.390726 -0.965961 -0.232118 -0.114195 -0.223703 0.971214 -0.081853 0.129908 -0.053521 -0.990081
4.315427 -17.186727 -3401.122830 -1243.367559 -0.962927 -0.225865 -0.147504 -0.215109 0.972848 -0.085405 0.162789 -0.050510 -0.985367
12.541275 -22.108983 -3660.289349 -1785.310981 -0.971270 -0.199652 -0.129510 -0.197000 0.979844 -0.033106 0.133509 -0.006642 -0.991025
12.791999 -16.085464 -3612.619325 -391.667381 -0.952808 -0.278371 -0.121108 -0.263275 0.956340 -0.126888 0.151142 -0.089015 -0.984496
17.034896 -489.604219 6542.356951 -71763.982802 0.136652 0.254982 -0.957241 0.862874 -0.505290 -0.011415 -0.486595 -0.824418 -0.289067
24.958830 -340.487727 -6443.153666 -38556.902428 -0.322297 -0.177150 0.929915 -0.538749 0.842055 -0.026311 -0.778379 -0.509471 -0.366831
59.497972 -1242.572635 2408.999248 272534.411152 -0.228056 -0.131713 0.964698 -0.621289 0.782559 -0.040028 -0.749661 -0.608485 -0.260299
10.893624 -295.099657 1913.133117 -6864.973859 0.301260 0.203806 -0.931507 0.744683 -0.660428 0.096342 -0.595558 -0.722702 -0.350731
6.525465 -541.123507 3196.636418 -99043.143562 0.154227 0.233728 -0.959992 0.960309 -0.264022 0.089997 -0.232424 -0.935769 -0.265170
10244.395552 -113526.271294 235449.855142 89906188.857569 -0.318161 0.747335 -0.583321 -0.146178 -0.646608 -0.748686 0.936699 0.152934 -0.314970
-199.349959 -12167.996579 -25799.515771 -2565373.035502 -0.370610 0.619099 -0.692361 -0.075543 0.722883 0.686828 0.925711 0.306849 -0.221139
110.738367 -1358.648822 -8220.540402 494144.493120 0.352221 -0.614708 0.705743 0.803879 -0.187462 -0.564479 0.479290 0.766154 0.428123
-24.430547 -173.537557 15357.565224 -47502.808665 -0.390121 0.343407 -0.854328 -0.256147 0.850745 0.458934 0.884417 0.397874 -0.243931
142.411419 -3686.448296 -9192.888568 550685.573927 -0.152312 0.883748 -0.442483 0.924496 -0.030895 -0.379936 -0.349438 -0.466943 -0.812316
-20.407152 -24.940760 -75.162672 -13.747500 0.816490 -0.202243 -0.540779 -0.509761 0.187259 -0.839689 -0.271087 -0.961266 -0.049799
-19.008314 -24.913770 -491.847274 -87.841408 0.882321 -0.322100 -0.343164 -0.337203 0.076028 -0.938357 -0.328335 -0.943648 0.041532
-18.099733 -23.895373 -1122.423831 757.228780 0.871282 -0.338187 -0.355664 -0.303770 0.197587 -0.932032 -0.385476 -0.920103 -0.069424
-20.066414 -22.179751 357.723888 -90.771070 0.517744 0.016188 -0.855383 0.815222 -0.312630 0.487519 -0.259527 -0.949737 -0.175059
-20.034976 -23.540975 686.641028 268.207757 0.915480 -0.123572 -0.382918 -0.361609 0.164667 -0.917673 -0.176453 -0.978578 -0.106065
-19.568317 -22.934662 -508.404677 1179.564419 0.753850 -0.185417 -0.630341 -0.559980 0.320535 -0.763989 -0.343703 -0.928912 -0.137805
-6.342150 -23.533794 -335.505377 -391.761328 0.923427 -0.343403 0.171339 0.199923 0.811540 0.549030 0.327587 0.472734 -0.818052
-8.126045 -25.526973 -340.365327 -420.547277 0.891575 -0.434710 0.126968 0.282755 0.753339 0.593742 0.353755 0.493465 -0.794575
-5.608892 -23.829034 -788.485760 -260.418649 0.930670 -0.310085 0.194167 0.187738 0.860275 0.474005 0.314019 0.404690 -0.858847
-10.643037 -80.163792 -67.654970 -1970.343369 0.931614 0.219393 0.289761 0.078251 -0.899635 0.429573 -0.354924 0.377522 0.855281
-10.963528 -78.977202 -194.132840 -2036.922653 0.941927 0.202251 0.268084 0.034396 -0.852205 0.522077 -0.334053 0.482537 0.809671
-11.287864 -73.657151 113.596918 -1000.280040 0.937280 0.223334 0.267634 0.007672 -0.780820 0.624709 -0.348493 0.583474 0.733561
22.440397 -294.800359 -3831.050472 50159.119954 0.917817 0.290360 0.270746 0.095938 -0.823976 0.558444 -0.385238 0.486575 0.784115
17.808904 -249.340698 -2247.814317 26187.554965 0.921726 0.299770 0.246088 0.042461 -0.708687 0.704244 -0.385510 0.638671 0.665944
26.187999 -266.013830 -5493.166680 36632.358177 0.933524 0.301938 0.193305 -0.005725 -0.526557 0.850120 -0.358470 0.794714 0.489825
36.001534 -421.517929 -2791.812550 76537.577872 0.941114 0.295098 0.164989 0.129170 -0.764824 0.631158 -0.312441 0.572680 0.757904
41.060627 -305.677725 -6012.086485 5063.897546 0.964370 0.212408 0.157711 -0.085874 -0.312527 0.946019 -0.250232 0.925856 0.283152
0.260326 -48.092036 -3766.660723 -6525.872980 0.828611 0.106516 0.549598 -0.214041 -0.846866 0.486831 -0.517291 0.521030 0.678924
3.708952 -37.836984 -4450.871142 -2245.600256 0.833507 -0.003751 0.552496 -0.303989 -0.838128 0.452915 -0.461364 0.545460 0.699726
12.339957 -35.873573 -2778.608165 -1305.511951 0.848990 -0.096486 0.519524 -0.332198 -0.862053 0.382766 -0.410926 0.497550 0.763927
-0.436059 -30.230556 1442.133454 1803.743924 0.842024 0.395404 0.366950 0.448816 -0.136127 -0.883195 0.299267 -0.908364 0.292086
6.090580 -30.851483 859.671016 2260.456804 0.797233 0.374894 0.473152 0.542497 -0.101128 -0.833948 0.264794 -0.921535 0.284002
5.241649 -38.189574 1910.931596 2060.972435 0.825785 0.398716 0.398879 0.515310 -0.245985 -0.820943 0.229205 -0.883469 0.408593
-4.651370 -36.076964 2366.260330 1687.875336 0.854556 0.394522 0.337766 0.450092 -0.238076 -0.860661 0.259136 -0.887509 0.381021
-9.636026 -29.957847 2171.436205 1566.848380 0.881553 0.371767 0.290954 0.364095 -0.143109 -0.920302 0.300499 -0.917229 0.261516
6.094231 -75.784555 2259.542114 5566.362764 0.600491 -0.295818 -0.742901 -0.059520 0.909942 -0.410442 0.797413 0.290684 0.528805
16.270163 -69.510312 3466.265488 5290.262580 0.621415 -0.427317 -0.656692 -0.000631 0.837898 -0.545827 0.783481 0.339599 0.520413
2.321691 -58.266727 1912.822275 3528.528534 0.611625 -0.339220 -0.714734 -0.185799 0.816560 -0.546542 0.769021 0.467076 0.436402
-4.527602 -57.138810 1547.418237 3494.365382 0.601391 -0.261225 -0.755043 -0.268342 0.824100 -0.498851 0.752543 0.502614 0.425508
-2.547923 -74.782564 1487.176362 5854.136498 0.599074 -0.187618 -0.778402 -0.151868 0.927888 -0.340530 0.786159 0.322217 0.527381
-6.541163 -39.006773 -230.485697 436.039947 0.918899 -0.357874 0.165985 0.372368 0.647921 -0.664485 -0.130256 -0.672402 -0.728635
-6.815095 -39.980991 -447.581001 -87.364495 0.925323 -0.349133 0.147931 0.328475 0.543168 -0.772705 -0.189426 -0.763593 -0.617287
-5.329690 -39.106242 -344.324180 -167.813538 0.924688 -0.356980 0.132353 0.323471 0.553289 -0.767618 -0.200795 -0.752620 -0.627092
-5.638523 -38.639621 -551.653500 404.472630 0.917022 -0.375173 0.135337 0.366219 0.657667 -0.658299 -0.157969 -0.653238 -0.740491
-3.956954 -38.413800 -484.740782 330.241199 0.920976 -0.371582 0.117174 0.344815 0.637319 -0.689150 -0.181399 -0.675094 -0.715082
13.341739 -59.552646 -658.243407 -6004.597954 0.926335 -0.340057 0.162065 0.027774 0.490705 0.870883 0.375676 0.802228 -0.464002
11.141730 -57.540687 259.380963 -5378.882189 0.935669 -0.299850 0.186045 -0.048557 0.412806 0.909524 0.349521 0.860047 -0.371691
8.771985 -47.424602 -267.710442 -2965.304033 0.944508 -0.299987 0.133839 0.047591 0.528105 0.847845 0.325023 0.794426 -0.513076
13.632989 -46.470744 -1783.843314 -2390.831837 0.937258 -0.340714 0.073905 0.147152 0.578781 0.802097 0.316060 0.740896 -0.592603
17.931300 -55.621176 -1260.209310 -5000.880736 0.916524 -0.375395 0.138066 0.125594 0.597825 0.791727 0.379750 0.708296 -0.595069
14.946480 -68.166082 -1148.475100 -4999.259288 0.915960 -0.351496 0.193565 -0.030375 0.420260 0.906895 0.400118 0.836559 -0.374265
-4.034257 -71.902853 325.949633 -3522.335596 0.915909 -0.295248 0.271920 0.348914 0.250752 -0.902985 -0.198420 -0.921928 -0.332682
-5.526894 -76.736494 -3.401136 -2565.273555 0.931099 -0.293617 0.216434 0.322179 0.383753 -0.865410 -0.171042 -0.875513 -0.451909
-7.106544 -85.349858 139.923014 -3306.066876 0.931969 -0.281316 0.228681 0.346809 0.508022 -0.788440 -0.105626 -0.814110 -0.571024
-5.036932 -74.221321 399.335614 -2290.111513 0.910776 -0.294707 0.289197 0.392263 0.398914 -0.828853 -0.128904 -0.868340 -0.478924
4.259515 -58.989200 306.288742 -1784.828363 0.882028 -0.344578 0.321392 0.301592 -0.111216 -0.946928 -0.362035 -0.932146 -0.005827
5.290145 -58.529429 364.406043 63.421876 0.888115 -0.360066 0.285665 0.187226 -0.284208 -0.940304 -0.419760 -0.888582 0.184996
2.725679 -56.126014 319.354102 285.008565 0.892374 -0.345242 0.290650 0.204603 -0.264546 -0.942419 -0.402253 -0.900458 0.165436
2.296565 -56.181942 218.327956 -1976.445977 0.885845 -0.328837 0.327329 0.300058 -0.132081 -0.944733 -0.353897 -0.935105 0.018333
2.400377 -60.777875 330.927154 -2260.177994 0.878404 -0.325464 0.349972 0.380767 0.034036 -0.924044 -0.288831 -0.944942 -0.153823
4.161611 -63.211508 558.252897 -1684.969768 0.876134 -0.326127 0.355007 0.397215 0.071121 -0.914966 -0.273147 -0.942647 -0.191854
6.295439 -64.202071 428.962013 -1373.430901 0.872283 -0.358480 0.332587 0.365512 0.026159 -0.930439 -0.324844 -0.933171 -0.153847
-10.988077 -34.058164 -878.250576 96.313166 0.960503 -0.278269 0.001034 -0.276021 -0.952260 0.130435 0.035311 0.125568 0.991456
-6.823441 -34.184314 -1104.363900 -2.574361 0.970930 -0.236834 0.034708 -0.238327 -0.969989 0.048179 -0.022255 0.055051 0.998236
-9.538378 -33.388671 -539.947278 348.727116 0.953763 -0.300069 -0.017144 -0.300476 -0.953288 -0.030938 0.007059 -0.034659 0.999374
-12.537563 -33.964806 -166.205861 -264.317166 0.928688 -0.367097 -0.052716 0.362827 0.928769 -0.075793 0.076785 0.051261 0.995729
-14.263810 -34.236295 -219.340546 5.040109 0.937115 -0.345407 -0.050086 -0.329539 -0.922924 0.199036 0.114974 0.170014 0.978711
-13.818143 -34.094542 -709.754582 -228.571687 0.954643 -0.297327 -0.015898 -0.283412 -0.923742 0.257640 0.091289 0.241449 0.966110
-11.413291 -38.113518 -265.733030 -92.639197 0.971915 -0.058608 0.227919 -0.174681 -0.828655 0.531806 -0.157698 0.556683 0.815619
-11.353470 -37.691513 79.506864 376.084763 0.988616 -0.031409 0.147143 -0.117597 -0.771351 0.625451 -0.093854 0.635634 0.766264
-10.548495 -38.650569 -425.272334 446.498524 0.976633 -0.017494 0.214203 -0.153346 -0.755038 0.637497 -0.150579 0.655447 0.740078
-10.420981 -39.007656 -453.249658 128.542451 0.959943 -0.057246 0.274286 -0.204970 -0.810904 0.548108 -0.191042 0.582373 0.790155
-7.041880 -110.144682 591.508271 266.680805 0.718665 0.667790 -0.193847 -0.639197 0.524679 -0.562262 0.273766 -0.527985 -0.803918
-6.952326 -107.732018 495.720482 -413.648582 0.708074 0.673226 -0.213068 -0.541998 0.324742 -0.775101 0.452625 -0.664311 -0.594828
-7.523798 -102.463228 87.297232 -4240.486572 0.736095 0.640657 -0.218455 -0.553873 0.384577 -0.738461 0.389088 -0.664574 -0.637928
-6.069008 -106.580103 59.791643 666.485389 0.701652 0.684348 -0.198376 -0.657070 0.513781 -0.551623 0.275580 -0.517394 -0.810160
-126.450849 -464.169707 14606.361654 -125970.799855 0.863801 0.017424 0.503531 0.496729 0.137777 -0.856900 0.084305 -0.990310 -0.110357
-15.023682 -806.384488 -134.422067 -175018.779999 0.802015 0.441472 0.402336 0.228935 0.394947 -0.889722 0.551689 -0.805679 -0.215686
-39.283783 -439.135676 1879.398150 -94078.199902 0.873437 0.431266 0.226093 0.199819 0.105978 -0.974085 0.444050 -0.895979 -0.006390
-26.022888 -656.592223 195.824559 -135923.742362 0.801463 0.486981 0.347139 0.015734 0.563088 -0.826247 0.597837 -0.667669 -0.443632
95.461791 -7717.117305 -18466.552600 -1823299.498223 -0.670213 -0.358638 -0.649765 0.694173 0.006806 -0.719776 0.262561 -0.933452 0.244395
21.486604 -35.886352 -18.599030 308.987831 0.961651 -0.241976 0.129131 -0.228485 -0.446312 0.865217 0.151729 0.861541 0.484485
17.356918 -36.639482 -109.585757 78.999131 0.965682 -0.201056 0.164423 -0.227452 -0.349005 0.909099 0.125396 0.915299 0.382759
21.404806 -36.141908 -867.510867 -278.250037 0.962931 -0.234243 0.133770 -0.201471 -0.294779 0.934085 0.179370 0.926410 0.331045
3.485060 -43.415564 -215.750628 680.898235 0.915006 -0.074057 0.396585 -0.297712 -0.787351 0.539858 -0.272271 0.612041 0.742478
4.141572 -46.829809 -133.339486 233.919328 0.914657 -0.072100 0.397748 -0.338377 -0.674856 0.655798 -0.221139 0.734419 0.641659
4.817568 -45.090026 -244.155005 302.730661 0.911049 -0.078814 0.404696 -0.328353 -0.732321 0.596566 -0.249349 0.676383 0.693059
18.746780 -119.102443 1714.786094 13227.075876 0.911199 0.054902 -0.408292 -0.166884 0.955313 -0.243983 0.376652 0.290454 0.879642
19.300255 -112.781963 2766.447078 -9081.390540 0.906536 0.057706 -0.418167 0.255482 -0.863587 0.434681 0.336039 0.500888 0.797615
13.577831 -98.044163 1176.226478 -1301.970800 0.885144 0.044211 -0.463212 0.272092 -0.856724 0.438167 0.377473 0.513877 0.770354
9.374595 -111.033455 37.285410 -3873.153799 0.885418 0.068211 -0.459763 -0.223158 0.930091 -0.291773 0.407719 0.360941 0.838741
-35.518562 -59.762787 -973.158169 1523.776854 0.821270 -0.283587 0.495070 0.570370 0.429256 -0.700298 0.013916 -0.857507 -0.514284
-18.898289 -58.966733 -3962.417093 1681.929898 0.840552 -0.387769 0.378296 0.535734 0.491385 -0.686681 -0.080385 -0.779857 -0.620775
-16.968397 -60.794161 -3551.288523 7348.547092 0.823661 -0.412148 0.389508 0.565878 0.642086 -0.517211 0.036930 -0.646420 -0.762087
-2.587405 -29.676816 -2132.270785 -39.487141 0.999829 0.009069 -0.016133 -0.005550 0.978522 0.206070 -0.017655 0.205945 -0.978404
-7.915965 -26.370115 -1787.644565 -535.422189 0.999330 -0.036273 0.004866 0.035653 0.994901 0.094345 0.008263 0.094109 -0.995528
64.180331 -68.973243 -1656.897546 -2513.654047 -0.441745 0.518842 -0.731891 0.621942 0.765055 0.166968 0.646567 -0.381437 -0.660649
60.095117 -50.719488 -2436.566189 -3015.219198 -0.296297 0.387331 -0.873031 0.666423 0.738629 0.101525 0.684170 -0.551726 -0.476980
53.965523 -55.378351 -1021.756562 -4912.215655 -0.203344 0.357641 -0.911451 0.619260 0.768036 0.163210 0.758399 -0.531237 -0.377649
41.008871 -22.462165 6556.599237 -141.916971 0.797940 0.179640 0.575344 0.594935 -0.081659 -0.799615 0.096661 -0.980337 0.172034
26.781179 -25.014237 6011.707892 -957.942497 0.850808 0.212969 0.480385 0.491669 -0.000024 -0.870782 0.185438 -0.977059 0.104731
36.408487 -22.228006 4610.195648 -783.787537 0.843781 0.078739 0.530881 0.526767 0.067810 -0.847300 0.102715 -0.994586 -0.015740
-11.564803 -73.046072 49.180328 -1130.866222 0.945834 0.209476 0.248030 -0.039910 -0.683170 0.729168 -0.322190 0.699570 0.637805
-12.725205 -69.357430 -229.708001 -808.599211 0.952617 0.201343 0.227994 -0.087175 -0.537394 0.838814 -0.291412 0.818944 0.494379
-12.820607 -66.649780 -194.601286 -932.530946 0.953232 0.210261 0.217116 -0.143406 -0.317702 0.937283 -0.266053 0.924584 0.272691
-12.245879 -69.382634 -125.041961 -1001.672548 0.943900 0.234030 0.232985 -0.095529 -0.481850 0.871031 -0.316111 0.844423 0.432462
0.974270 -58.700734 121.617142 -1255.011719 0.970163 0.061272 0.234582 0.240886 -0.353379 -0.903934 -0.027511 -0.933471 0.357595
0.667017 -53.447081 27.966323 70.415403 0.973813 0.055192 0.220550 0.221038 -0.456851 -0.861643 -0.053203 -0.887829 0.457087
0.238467 -58.172133 32.315694 -2983.627481 0.970855 0.062850 0.231280 0.239328 -0.305592 -0.921594 -0.012755 -0.950086 0.311727
1.420709 -57.199000 328.729440 1008.727523 0.973909 0.060838 0.218634 0.218836 -0.506929 -0.833747 -0.060108 -0.859838 0.507016
1.374635 -13.111282 979.187978 547.014592 0.565501 0.435659 -0.700292 0.663276 0.264417 0.700106 0.490177 -0.860398 -0.139434
0.151336 -10.315430 -186.966084 -470.061094 0.322641 0.317252 -0.891770 0.804909 0.403761 0.434855 0.498020 -0.858096 -0.125089
-3.591336 -11.100848 574.858432 -1637.361534 0.712526 0.471848 -0.519293 -0.524003 -0.134340 -0.841055 0.466612 -0.871385 -0.151529
0.801514 -102.009598 1328.121922 25.358455 -0.104290 0.156714 -0.982122 -0.043384 0.985851 0.161915 0.993600 0.059494 -0.096015
-1.710911 -98.604179 1221.438217 -1183.507796 -0.109965 0.184334 -0.976693 0.163110 0.972677 0.165211 0.980461 -0.141141 -0.137027
8.849704 -22.797609 -181.200550 -2243.854968 0.935971 -0.164251 0.311416 0.345783 0.595344 -0.725259 0.066275 -0.786503 -0.614020
9.897308 -27.373460 -640.299896 -1861.247832 0.943396 -0.141751 0.299850 0.316856 0.652342 -0.688514 0.098007 -0.744551 -0.660332
-3.570658 -240.989363 548.317102 -35994.159644 0.116326 0.285891 -0.951175 0.734004 0.620425 0.276245 0.669109 -0.730301 -0.137674
52.524852 -1555.811620 540.744531 -560560.062099 -0.259627 -0.300682 0.917706 -0.283707 0.932107 0.225137 -0.923095 -0.201908 -0.327306
12.457203 -366.067841 -2467.382547 -49375.923598 -0.366782 -0.163978 0.915741 -0.446811 0.894431 -0.018799 -0.815985 -0.416058 -0.401328
31.462653 -534.007748 -8072.787883 -91892.107585 -0.395643 -0.149388 0.906173 -0.167426 0.981880 0.088769 -0.903015 -0.116596 -0.413485
177.192811 -21903.335799 -21560.338078 8230474.001221 0.234826 -0.577886 0.781604 0.971251 0.171826 -0.164763 -0.039085 0.797824 0.601622
145.338899 -3262.512674 -31995.605357 -12032112.667480 0.188927 -0.652642 0.733734 0.314396 0.748060 0.584432 -0.930302 0.120268 0.346517
172.340356 -233.125413 -2114873.990907 -13783105.990266 -0.038742 -0.347499 0.936880 -0.304830 0.897002 0.320103 -0.951619 -0.273187 -0.140680
-19.754952 -24.238150 -299.374574 -458.748654 0.861823 -0.368441 -0.348585 -0.381853 -0.018965 -0.924028 -0.333839 -0.929458 0.157035
-19.206810 -23.451488 459.871401 -812.799499 0.897084 -0.272850 -0.347554 -0.373697 -0.048780 -0.926267 -0.235778 -0.960819 0.145723
-17.672395 -21.478401 1611.435770 -368.480820 0.984934 -0.163328 0.056823 0.016926 -0.235961 -0.971615 -0.172100 -0.957939 0.229642
-19.913383 -22.788735 491.482667 -909.421255 0.865304 -0.325262 -0.381384 -0.432644 -0.100431 -0.895954 -0.253117 -0.940276 0.227626
-1.833954 -21.505205 188.055184 49.905429 0.949345 -0.114333 0.292698 0.006044 0.937932 0.346768 0.314178 0.327433 -0.891112
-3.668227 -21.187512 749.768045 47.595426 0.944106 -0.011439 0.329445 -0.105614 0.936219 0.335172 0.312266 0.351232 -0.882681
-3.283090 -21.071492 325.268283 -106.755725 0.950100 -0.100613 0.295276 -0.029383 0.913486 0.405807 0.310560 0.394234 -0.864946
12.956282 -194.106129 -1002.291188 -3292.698686 0.912428 0.291153 0.287586 -0.158520 0.899323 -0.407541 -0.377289 0.326264 0.866721
-7.297886 -146.608082 2999.809454 -5249.448187 -0.657661 -0.660050 -0.363065 0.730411 -0.676659 -0.092915 -0.184343 -0.326293 0.927120
0.024868 -395.404512 -2792.953892 -62997.408257 0.742886 0.584670 0.326007 0.655239 -0.734796 -0.175320 -0.137044 -0.343855 0.928968
3.078676 -224.718585 -2321.739341 -23924.994730 0.778291 0.538261 0.323323 0.625053 -0.615147 -0.480523 0.059755 -0.576081 0.815206
-5.710658 -174.357045 -1241.168353 -21058.615115 0.792866 0.534009 0.293594 0.609332 -0.687718 -0.394663 0.008844 -0.491811 0.870657
9.913185 -263.265341 548.755894 -38025.304162 0.799363 0.523419 0.295045 0.554522 -0.453587 -0.697685 0.231353 -0.721312 0.652828
27.584282 -44.170213 -1657.484198 491.577614 0.823735 -0.383818 0.417306 -0.490570 -0.851497 0.185187 -0.284256 0.357263 0.889697
22.637157 -38.577222 -1685.359319 -992.056341 0.855263 -0.226867 0.465893 -0.416292 -0.836206 0.357016 -0.308587 0.499290 0.809619
33.810202 -45.255996 -1298.030823 -861.198067 0.875259 -0.263551 0.405540 -0.434349 -0.797157 0.419383 -0.212750 0.543214 0.812192
39.533098 -57.175351 -1344.085819 -1641.311398 0.876376 -0.361896 0.317799 -0.469072 -0.791025 0.392747 -0.109254 0.493264 0.862991
38.529514 -55.956735 -1882.587553 2164.941408 0.919489 -0.197692 0.339792 -0.364410 -0.752866 0.548086 -0.147465 0.627782 0.764293
16.437598 -42.174897 2034.800228 2431.517522 0.779869 0.368199 0.506195 0.607055 -0.247739 -0.755056 0.152607 -0.896133 0.416721
6.680011 -24.135609 476.315816 2286.989488 0.750410 0.361235 0.553529 0.595655 -0.006597 -0.803213 0.286497 -0.932452 0.220122
13.111549 -32.813545 1015.735380 2438.062285 0.713286 0.352670 0.605679 0.669734 -0.088244 -0.737339 0.206590 -0.931578 0.299138
13.385590 -49.359269 2229.932358 3764.471512 0.660758 -0.495760 -0.563579 -0.057567 0.715157 -0.696590 0.748389 0.492720 0.444006
4.320784 -48.835377 1238.746514 3597.167930 0.628093 -0.387330 -0.674889 -0.218015 0.744980 -0.630455 0.746973 0.543120 0.383473
28.077644 -67.550979 4544.007720 5512.532824 0.650513 -0.530258 -0.543745 0.113616 0.775816 -0.620646 0.750949 0.341960 0.564924
38.247893 -81.129831 5856.643596 4102.057248 0.630720 -0.489960 -0.601773 0.269528 0.865508 -0.422198 0.727699 0.104094 0.677951
-1.242244 -36.286770 -677.498901 -357.124896 0.927011 -0.364994 0.086198 0.234465 0.384651 -0.892788 -0.292706 -0.847834 -0.442154
-1.082413 -37.287165 -591.790578 -497.701394 0.924945 -0.369381 0.089634 0.271521 0.477066 -0.835873 -0.265995 -0.797474 -0.541555
-3.119904 -36.969829 -416.766773 -570.228015 0.929091 -0.357014 0.096593 0.250722 0.415973 -0.874131 -0.271897 -0.836365 -0.475988
7.713892 -47.402662 80.712748 -2153.108965 0.956223 -0.242608 0.163639 -0.027982 0.480822 0.876371 0.291297 0.842586 -0.452985
10.836731 -55.961501 -37.260087 -4510.508724 0.954836 -0.221717 0.197811 -0.107581 0.362597 0.925716 0.276973 0.905188 -0.322368
11.548363 -62.112342 992.308464 -2596.757766 0.934109 -0.281948 0.218965 -0.162245 0.211063 0.963913 0.317989 0.935926 -0.151412
9.240544 -46.796365 -267.684392 -3253.705230 0.965770 -0.176286 0.190293 -0.095817 0.439272 0.893229 0.241054 0.880888 -0.407345
12.674672 -58.843033 -242.175645 -1736.093347 0.953169 -0.193584 0.232366 -0.201059 0.168357 0.965003 0.225929 0.966531 -0.121551
11.557421 -53.942263 -603.798214 -4213.024708 0.961219 -0.168480 0.218340 -0.154583 0.326495 0.932473 0.228390 0.930062 -0.287789
-10.955032 -64.197342 286.925563 454.591023 0.879520 -0.317371 0.354571 0.036494 0.787903 0.614717 0.474461 0.527716 -0.704558
-10.546257 -65.455942 -414.190014 1163.937749 -0.889404 0.298062 -0.346583 0.121354 0.884934 0.449627 0.440720 0.357841 -0.823235
-11.343225 -62.916808 185.094303 727.134920 0.905715 -0.275078 0.322509 0.041735 0.815010 0.577941 0.421827 0.509991 -0.749648
-8.951266 -66.886448 -155.899206 1041.437928 -0.869195 0.339548 -0.359455 0.154468 0.877024 0.454938 0.469724 0.339905 -0.814754
-11.714965 -62.764455 88.982683 -246.092761 0.899703 -0.281174 0.333881 -0.046082 0.699441 0.713204 0.434064 0.657057 -0.616331
-11.299279 -64.241091 342.173823 -130.119502 0.869282 -0.334532 0.363919 -0.064118 0.653678 0.754051 0.490140 0.678817 -0.546781
-9.531774 -65.072812 111.362874 1137.885195 0.862092 -0.354246 0.362363 0.040464 0.760908 0.647597 0.505134 0.543626 -0.670306
5.462705 -66.332944 684.291855 2770.067929 0.895789 -0.367801 0.249569 0.080890 -0.417211 -0.905203 -0.437057 -0.831058 0.343981
2.394381 -65.935498 153.843469 3369.621215 0.894747 -0.363035 0.260065 0.098633 -0.407323 -0.907943 -0.435546 -0.838030 0.328643
10.473419 -68.651236 1472.707583 1864.085337 0.884981 -0.371745 0.280383 0.145682 -0.350871 -0.925022 -0.442251 -0.859474 0.256358
14.702434 -27.962111 -623.838891 354.678539 0.148569 0.053907 -0.987432 0.887984 0.432171 0.157200 0.435214 -0.900179 0.016338
13.824527 -19.805776 -554.322328 -256.768189 0.264724 0.031585 -0.963807 0.850470 0.463473 0.248783 0.454556 -0.885548 0.095831
15.227318 -27.735900 532.260847 -182.415969 0.264716 0.120180 -0.956808 0.815039 0.502417 0.288599 0.515400 -0.856233 0.035046
18.112435 -23.852958 698.341070 -683.457666 0.395963 0.147476 -0.906347 0.742508 0.529304 0.410511 0.540273 -0.835517 0.100082
-2.045727 -164.413289 -1034.892040 16485.892804 0.651601 0.701929 -0.287597 0.057705 -0.423904 -0.903867 0.756364 -0.572365 0.316722
4.784089 -161.948291 -112.508126 514.417084 0.618293 0.729098 -0.293478 0.433741 -0.627931 -0.646197 0.655425 -0.272246 0.704486
6.691388 -161.187671 -838.401299 13886.215880 0.645101 0.693987 -0.319729 0.158904 -0.531140 -0.832250 0.747391 -0.486079 0.452916
2.403060 -137.897983 -617.517762 4260.073879 0.664632 0.705444 -0.246199 0.282427 -0.542258 -0.791322 0.691737 -0.456405 0.559638
6.103553 -131.221727 -1877.202244 12531.087772 0.682521 0.640672 -0.351716 -0.112635 -0.383279 -0.916739 0.722134 -0.665309 0.189434
0.818409 -130.254324 -1236.132615 14615.058549 0.681693 0.652166 -0.331623 -0.203704 -0.266158 -0.942160 0.702709 -0.709816 0.048589
-1.860258 -129.912480 -534.809062 6637.357833 0.689961 0.675905 -0.259049 -0.014946 -0.344499 -0.938668 0.723693 -0.651515 0.227589
-2.783426 -141.482220 -469.648811 11445.125646 0.693105 0.665218 -0.277651 -0.201706 -0.190810 -0.960680 0.692040 -0.721857 -0.001927
-8.552563 -16.416640 -1567.708213 390.381048 0.722167 -0.663505 -0.195539 -0.467359 -0.259627 -0.845086 -0.509951 -0.701680 0.497589
-2.393606 -14.552992 -1464.285329 215.478094 0.697458 -0.682478 -0.218578 -0.489694 -0.231197 -0.840683 -0.523213 -0.693377 0.495455
-6.967527 -16.151985 -1023.693573 -399.656892 0.800109 -0.599536 -0.019524 -0.283068 -0.348672 -0.893477 -0.528864 -0.720406 0.448685
-12.132443 -18.219263 -1656.388309 -216.812449 0.822207 -0.569189 -0.000053 -0.249614 -0.360488 -0.898744 -0.511536 -0.738967 0.438473
-14.082872 -19.229848 -1397.689133 481.320398 0.691336 -0.652058 -0.311247 -0.555768 -0.204633 -0.805759 -0.461710 -0.730031 0.503864
-10.202212 -18.781922 -1323.990619 -642.935501 0.575677 -0.701838 -0.419547 0.685442 0.134452 0.715606 -0.445830 -0.699533 0.558470
-13.995781 -689.888024 17980.982609 99528.002838 0.785121 0.588738 0.192283 -0.492690 0.405580 0.769910 -0.375289 0.699209 -0.608495
-20.335636 -225.213030 6232.020333 -49653.326111 0.875416 0.438460 -0.203467 -0.134847 0.625751 0.768278 -0.464179 0.645127 -0.606918
6.451996 -239.684799 7480.902571 -44094.193795 0.923560 0.335241 -0.186147 -0.005125 0.496195 0.868196 -0.383420 0.800877 -0.459984
-7.573161 -227.869151 6761.600768 47314.371722 0.725405 0.626755 0.284544 -0.553344 0.285129 0.782631 -0.409386 0.725175 -0.553645
32.266343 -480.101594 7417.743497 -68955.431800 0.910392 0.409907 -0.056228 -0.047216 0.237940 0.970132 -0.411043 0.880546 -0.235973
32.896182 -441.162901 15595.471787 71777.757899 0.734428 0.543847 0.406013 -0.676901 0.543586 0.496307 -0.049213 0.639331 -0.767355
47.475834 -407.926263 11686.284493 22743.086187 0.756470 0.652355 0.046749 -0.538965 0.581299 0.609596 -0.370498 0.486337 -0.791332
44.007264 -325.649380 3079.817029 -35929.242489 0.779944 0.609942 -0.140206 -0.196836 0.451723 0.870174 -0.594090 0.651089 -0.472377
33.548476 -230.342775 5751.238704 37988.021198 0.912276 0.163352 -0.375591 -0.236506 0.958787 -0.157454 0.334391 0.232471 0.913313
24.898978 -110.588155 1099.951089 -12183.878903 0.957705 0.036512 -0.285425 0.172223 -0.867370 0.466914 0.230521 0.496322 0.836973
8.986117 -101.847084 -711.074113 5220.409269 0.894096 0.136733 -0.426493 0.381218 -0.732168 0.564449 0.235086 0.667259 0.706754
-43.558150 -58.943424 792.633640 625.345710 0.898777 -0.098480 0.427202 0.428490 0.403407 -0.808492 0.092716 -0.909706 -0.404771
-39.888017 -57.516165 287.806347 1547.901057 0.957604 0.147616 0.247394 0.149935 0.477904 -0.865521 0.245995 -0.865920 -0.435510
3.830921 -32.259424 -3305.048335 131.327004 0.998863 0.008549 -0.046899 0.005726 0.955148 0.296075 -0.047326 0.296007 -0.954013
-1.589487 -31.920311 -2373.203591 -468.450194 0.997009 0.077165 -0.004295 -0.071483 0.941859 0.328317 -0.029380 0.327028 -0.944558
63.268134 -52.820771 -1256.511560 -2023.350009 -0.476132 0.433325 -0.765198 0.705453 0.707728 -0.038176 0.525009 -0.557988 -0.642663
61.008170 -69.092975 2160.222451 -990.324760 -0.601471 0.554725 -0.574902 0.665522 0.746007 0.023545 0.441942 -0.368448 -0.817884
13.380599 -27.188640 4242.635942 -679.844193 0.880023 0.252653 0.402152 0.431083 -0.069567 -0.899626 0.199317 -0.965053 0.170135
29.641939 -24.615253 6994.356706 339.162333 0.808850 0.261684 0.526577 0.571852 -0.141545 -0.808053 0.136921 -0.954718 0.264133
10.459034 -60.034486 -281.224250 175.571924 0.972661 0.084555 0.216291 -0.226731 0.547260 0.805667 0.050244 0.832680 -0.551470
9.396375 -64.477278 614.488909 -2644.702885 0.972538 0.023662 0.231537 -0.183281 0.691005 0.699228 0.143449 0.722462 -0.676366
8.611837 -61.873361 1284.982966 1506.046863 0.960214 0.029667 0.277684 -0.261157 0.447605 0.855246 0.098921 0.893739 -0.437545
10.326381 -62.232718 -391.027483 -1656.373582 0.980968 0.069061 0.181471 -0.172718 0.737367 0.653038 0.088712 0.671952 -0.735262
9.740789 -56.362553 -990.940739 2394.127084 0.971209 0.130009 0.199628 -0.235871 0.407127 0.882390 -0.033444 0.904071 -0.426071
10.014716 -59.461842 -927.756749 -464.135824 0.977098 0.118086 0.177020 -0.211714 0.623110 0.752935 0.021392 0.773168 -0.633840
-8.271451 -69.237367 146.352549 -1897.903129 0.972371 0.155846 0.173799 -0.199962 0.940233 0.275639 0.120455 0.302777 -0.945419
-7.932861 -65.772085 73.772552 -1833.467600 -0.973595 -0.143914 -0.177203 -0.157954 0.985117 0.067785 0.164810 0.093985 -0.981837
-6.920767 -66.190134 42.826132 -2185.763393 -0.976522 -0.159592 -0.144689 -0.167883 0.984688 0.046949 0.134981 0.070138 -0.988363
-8.996263 -68.921664 -201.778046 -1471.699903 0.971416 0.144269 0.188516 -0.197464 0.931858 0.304382 0.131757 0.332907 -0.933709
-7.381157 -67.976805 -56.915669 -1299.786967 0.974263 0.179443 0.136426 -0.207982 0.948964 0.237087 0.086920 0.259359 -0.961862
-8.294717 -70.440043 48.293236 -204.019068 0.971843 0.177294 0.155203 -0.229177 0.864301 0.447729 0.054762 0.470691 -0.880597
-9.648612 -74.362516 -100.114841 -344.523219 0.972137 0.153619 0.177059 -0.227100 0.804386 0.548989 0.058088 0.573903 -0.816861
12.034473 -76.882673 2646.835259 -2687.464383 0.942843 0.071239 0.325534 0.329277 -0.049002 -0.942961 0.051224 -0.996255 0.069658
12.322864 -82.454400 3015.934495 -2928.092923 0.932539 0.085440 0.350815 0.328145 0.204810 -0.922157 0.150639 -0.975066 -0.162957
16.812961 -84.470220 1431.988167 -3000.735166 0.941687 -0.021838 0.335781 0.336143 0.106414 -0.935780 0.015296 -0.994082 -0.107549
16.797975 -75.270606 1476.961788 -2467.452132 0.953170 -0.013465 0.302135 0.295874 -0.165450 -0.940790 -0.062656 -0.986126 0.153718
17.870590 -84.027510 -390.643526 -2621.140602 0.937813 -0.127673 0.322809 0.321897 -0.028287 -0.946352 -0.129955 -0.991413 -0.014569
16.007946 -85.376621 -621.990794 -422.333616 0.931926 -0.131569 0.337940 0.361937 0.279094 -0.889443 -0.022707 -0.951208 -0.307714
31.990787 -16.781936 -4213.126275 -239.589689 -0.279452 0.055542 -0.958552 0.748871 0.637409 -0.181389 0.600915 -0.768521 -0.219720
42.035321 -21.648243 -6515.627438 -224.598059 -0.455646 0.000582 -0.890161 0.718856 0.590029 -0.367575 0.525007 -0.807382 -0.269263
21.040368 -13.950186 -3859.933981 219.874213 -0.358724 -0.026577 -0.933065 0.751804 0.584253 -0.305679 0.553270 -0.811136 -0.189605
25.036943 -15.766572 -2807.720652 -580.678851 -0.078531 0.118282 -0.989870 0.769854 0.638040 0.015165 0.633371 -0.760864 -0.141166
39.551019 -23.519515 -3139.778268 -1693.619148 -0.182465 0.169095 -0.968562 0.750001 0.660929 -0.025903 0.635771 -0.731149 -0.247418
7.642054 -104.535066 269.283290 -2204.562725 -0.011733 0.181301 -0.983358 0.739912 0.663073 0.113422 0.672601 -0.726268 -0.141927
7.331607 -96.052888 299.680491 -919.516793 -0.011358 0.194288 -0.980879 0.852590 0.514415 0.092020 0.522457 -0.835242 -0.171490
6.768716 -102.476392 261.067532 -1543.236652 0.017781 0.192931 -0.981051 0.913537 0.395657 0.094366 0.406366 -0.897905 -0.169215
6.300173 -121.756312 -454.599170 -1746.077423 0.036467 0.151906 -0.987722 0.841208 0.528900 0.112400 0.539480 -0.834979 -0.108497
7.546140 -122.784865 -521.087849 -416.315814 0.025679 0.153550 -0.987807 0.585006 0.798959 0.139402 0.810622 -0.581453 -0.069311
7.009578 -19.004547 -249.690130 -1740.695352 0.923769 -0.209549 0.320532 0.382026 0.562375 -0.733342 0.026588 -0.799890 -0.599557
6.731907 -25.691972 21.037395 -2045.595625 0.942731 -0.173093 0.285126 0.326792 0.650544 -0.685565 0.066821 -0.739480 -0.669854
5.373391 -20.795894 -504.155253 -1627.407934 0.935163 -0.220674 0.277079 0.353985 0.610487 -0.708519 0.012801 -0.760663 -0.649021
4.823544 -15.872436 -1019.859580 -628.946929 0.927589 -0.245073 0.281989 0.372807 0.557979 -0.741400 -0.024353 -0.792842 -0.608941
-5.330557 -158.980861 1109.925957 -20137.116774 0.137056 0.289777 -0.947230 0.934540 0.279205 0.220634 0.328406 -0.915464 -0.232542
-3.711040 -195.957530 839.505058 -24239.205037 0.146529 0.286373 -0.946847 0.893360 0.372716 0.250980 0.424779 -0.882651 -0.201221
52.344468 -333.670224 -2379.091223 3526.334872 -0.036042 -0.160411 0.986392 -0.312724 0.939272 0.141322 -0.949160 -0.303375 -0.084018
21.852607 -550.379478 2868.997419 -88004.848282 -0.082386 0.150234 -0.985212 0.774336 -0.612685 -0.158180 -0.627388 -0.775917 -0.065855
-6.431275 -2407.686189 -93.257351 -802667.519585 0.097033 -0.518910 0.849304 0.926103 0.359654 0.113936 -0.364578 0.775488 0.515463
-15.344021 -24.529218 -1441.760652 441.801111 0.890381 -0.426520 -0.159069 -0.138141 0.079794 -0.987193 -0.433751 -0.900951 -0.012127
-17.954199 -25.050736 -1215.978789 -127.120606 0.883441 -0.414901 -0.217691 -0.233513 0.012918 -0.972268 -0.406207 -0.909775 0.085472
-9.315367 -23.224693 340.498784 -136.969744 0.890467 0.277115 0.360936 -0.378757 0.890990 0.250360 0.252212 0.359645 -0.898357
-11.166630 -24.053469 74.577747 -435.795745 0.829050 0.396189 0.394602 -0.519137 0.807567 0.279879 0.207782 0.436886 -0.875190
-9.551510 -22.277900 799.378324 -252.263364 0.899350 0.214543 0.380973 -0.346317 0.881429 0.321167 0.266896 0.420779 -0.867013
-10.044743 -25.171661 -449.220438 -292.189899 0.829520 0.432075 0.353847 -0.526402 0.816544 0.236975 0.186541 0.382841 -0.904785
-6.653960 -22.044024 803.348337 37.070134 0.927386 0.119828 0.354396 -0.229552 0.930283 0.286146 0.295400 0.346720 -0.890238
-7.171479 -23.837628 -575.325409 303.474232 -0.927407 -0.160232 -0.337997 -0.239284 0.948665 0.206829 0.287505 0.272692 -0.918139
-9.736914 -24.325110 141.121750 141.208096 0.895641 0.292793 0.334814 -0.373546 0.903784 0.208898 0.241435 0.312166 -0.918837
21.122986 -169.765083 -1861.467990 -13301.280323 0.931058 0.238313 0.276292 -0.161236 0.948013 -0.274361 -0.327312 0.210898 0.921080
