16024
32036
-24.056077 -36.676180 -101.880909 2552.710054 -0.035153 0.920919 -0.388165 -0.606856 0.288928 0.740437 -0.794034 -0.261589 -0.548709
-25.425451 -40.970396 -523.043446 2602.744105 -0.006439 0.926062 -0.377316 -0.678684 0.273066 0.681779 -0.734402 -0.260468 -0.626746
-30.708397 -47.103533 316.720724 2163.372657 0.172673 0.786113 -0.593473 -0.713976 0.514967 0.474391 -0.678544 -0.341812 -0.650187
-23.252226 -35.039705 80.724896 2108.983067 -0.147315 0.987349 -0.058649 -0.587582 -0.039661 0.808192 -0.795642 -0.153521 -0.585991
-24.889446 -44.344055 -289.587671 4561.815365 0.198416 0.683611 -0.702358 -0.575555 0.661302 0.481057 -0.793327 -0.308797 -0.524669
-20.586160 -30.877378 -541.860470 2930.466057 -0.035499 0.890648 -0.453305 -0.520473 0.370744 0.769192 -0.853140 -0.263239 -0.450397
-20.072174 -29.837881 -88.295689 1114.491345 -0.221971 0.975011 -0.009069 -0.489228 -0.103322 0.866014 -0.843436 -0.196667 -0.499937
2.054714 -32.057873 -10228.150102 -46.207294 0.339764 -0.255722 -0.905079 0.935442 -0.007896 0.353393 -0.097517 -0.966718 0.236530
-30.731432 -34.794481 -5811.733398 547.206606 0.560222 -0.144465 -0.815648 0.825200 0.011638 0.564721 -0.072090 -0.989442 0.125732
-21.620752 -34.792151 -7210.328697 -563.250695 0.199447 -0.196525 -0.959999 0.979836 0.051937 0.192936 0.011943 -0.979122 0.202921
20.539232 -31.600789 -11490.815278 -138.355363 0.301660 -0.262578 -0.916545 0.953413 0.085121 0.289409 0.002025 -0.961149 0.276023
-4.768470 -89.785004 142.951598 6798.131088 -0.580091 -0.352861 -0.734155 0.809422 -0.350704 -0.471002 -0.091273 -0.867465 0.489053
-4.477396 -100.215365 162.144642 1374.391933 -0.585820 -0.343134 -0.734216 0.725643 -0.625521 -0.286644 -0.360911 -0.700701 0.615436
-3.714250 -96.194940 706.752680 4074.756651 -0.572017 -0.330065 -0.750902 0.785303 -0.484715 -0.385162 -0.236845 -0.810005 0.536467
-4.236434 -102.852886 894.557385 -233.204605 -0.572117 -0.307261 -0.760443 0.655990 -0.727955 -0.199397 -0.492301 -0.612921 0.618035
-3.504887 -82.214016 610.146246 7025.452278 -0.571210 -0.335998 -0.748882 0.820591 -0.212982 -0.530348 0.018697 -0.917466 0.397375
-3.074664 -90.563153 468.164519 5638.273458 -0.565184 -0.320568 -0.760134 0.815848 -0.353800 -0.457402 -0.122306 -0.878670 0.461497
2.475056 -27.438736 -1441.407631 -292.980098 -0.360587 0.912849 -0.191529 0.893447 0.279079 -0.351947 -0.267823 -0.298028 -0.916215
1.457808 -30.658103 -1325.797079 -785.165941 -0.400888 0.898509 -0.178804 0.894845 0.342222 -0.286594 -0.196316 -0.274894 -0.941219
2.694161 -27.215194 -197.921022 239.064594 -0.350759 0.925129 -0.145272 -0.904326 -0.294327 0.309138 -0.243236 -0.239806 -0.939856
0.343242 -30.353924 -1380.787505 -506.140609 -0.394498 0.902815 -0.171161 0.894195 0.334276 -0.297783 -0.211628 -0.270526 -0.939164
-0.006354 -27.864143 -1326.137795 1113.172396 -0.355466 0.917602 -0.177903 -0.882569 -0.266839 0.387129 -0.307759 -0.294623 -0.904700
1.637865 -43.655002 46.480497 1320.802805 0.139627 -0.987599 -0.071782 0.987367 0.133377 0.085534 -0.074899 -0.082818 0.993746
1.367000 -44.765414 -283.158224 514.397226 -0.165957 0.983652 0.069908 0.965891 0.147852 0.212589 -0.198778 -0.102804 0.974638
2.640344 -43.095002 -36.324989 815.467085 0.151371 -0.986925 -0.055370 0.987365 0.148307 0.055818 -0.046876 -0.063119 0.996904
2.556537 -40.819518 158.242324 907.732963 -0.117196 0.990903 0.066162 0.991159 0.120879 -0.054703 0.062203 -0.059166 0.996308
4.761465 -66.559785 -1575.163202 -1453.357699 -0.329841 -0.582413 0.742967 0.029542 0.780257 0.624761 -0.943574 0.228021 -0.240155
6.972268 -67.089883 -1521.189890 -2473.869537 -0.327912 -0.599034 0.730502 -0.054132 0.783900 0.618523 -0.943156 0.163278 -0.289477
3.385946 -62.843856 -1567.274615 -3319.177974 -0.332280 -0.600664 0.727181 -0.215406 0.798941 0.561511 -0.918254 0.029940 -0.394859
10.810227 -67.853889 -2029.728454 524.063981 -0.338439 -0.596071 0.728119 0.237583 0.694584 0.679049 -0.910502 0.402806 -0.093458
0.171823 -62.738866 -668.525961 -3560.244193 -0.309248 -0.591362 0.744753 -0.136059 0.802598 0.580796 -0.941198 0.078280 -0.328662
4.663453 -68.331706 -1156.497702 513.038453 -0.314272 -0.571420 0.758098 0.272244 0.710770 0.648605 -0.909459 0.410226 -0.067810
-0.588828 -66.882674 -437.203861 -1466.958814 -0.304699 -0.567984 0.764560 0.129459 0.770584 0.624052 -0.943609 0.289128 -0.161265
0.009836 -86.937186 -822.861169 2293.675336 -0.013508 -0.776883 0.629500 0.891811 0.275355 0.358960 -0.452206 0.566244 0.689114
-0.323737 -87.195792 860.012768 258.146946 -0.007224 0.765498 -0.643398 0.726999 0.445801 0.522240 -0.686601 0.463977 0.559736
-1.153066 -90.921819 144.979275 1531.053999 -0.017669 0.784813 -0.619481 0.845169 0.342758 0.410130 -0.534207 0.516320 0.669356
-11.504063 -55.817689 356.795784 1559.657133 -0.163494 -0.625231 0.763122 0.865166 0.280855 0.415462 -0.474087 0.728153 0.495010
-10.048975 -55.266879 -466.382347 1722.684586 -0.195009 -0.571108 0.797375 0.866122 0.281202 0.413229 -0.460222 0.771207 0.439812
-10.885884 -57.830516 -165.646696 873.420205 -0.186502 -0.606418 0.772965 0.749083 0.421294 0.511259 -0.635682 0.674366 0.375685
-11.491621 -56.910755 -205.633220 640.658480 0.157113 0.637653 -0.754131 0.742906 0.426820 0.515670 -0.650697 0.641267 0.406657
-11.650234 -55.492793 159.823446 1196.447155 -0.143137 -0.645917 0.749869 0.853263 0.303350 0.424171 -0.501451 0.700550 0.507717
-11.367708 -52.612376 79.962209 590.305934 -0.159669 -0.628143 0.761539 0.936035 0.148731 0.318933 -0.313600 0.763751 0.564216
33.499423 -27.801639 -1409.836410 647.934666 -0.644570 -0.376455 0.665440 -0.195831 0.922632 0.332266 -0.739040 0.083855 -0.668422
37.103931 -26.636362 -1636.102142 463.014707 -0.640862 -0.366716 0.674400 -0.116914 0.914896 0.386390 -0.758701 0.168776 -0.629196
46.242284 -27.876431 -1790.613836 306.747287 -0.532703 -0.414266 0.737977 -0.196777 0.908734 0.368079 -0.823107 0.050859 -0.565604
25.048782 -27.277210 -3700.195149 291.543953 -0.760220 -0.335129 0.556555 -0.159307 0.926687 0.340400 -0.629831 0.170116 -0.757875
37.718863 -28.485574 -1726.748411 315.871725 -0.589348 -0.401810 0.700869 -0.275206 0.915506 0.293446 -0.759559 -0.019942 -0.650132
25.841849 -28.095471 -2395.771313 497.072967 -0.720576 -0.358251 0.593655 -0.250500 0.932858 0.258893 -0.646545 0.037842 -0.761937
594.709219 -19.553831 25454.209766 -160.083132 0.193463 -0.075689 0.978184 -0.453498 0.877218 0.157568 -0.870007 -0.474088 0.135385
614.096421 -38.603286 122185.545457 6680.505101 0.751605 0.499512 0.430787 0.595011 -0.795312 -0.115939 -0.284697 -0.343463 0.894975
668.085835 -13.617745 21528.400048 806.410775 0.168801 0.024049 0.985357 -0.496577 0.865634 0.063942 -0.851421 -0.500099 0.158062
1071.898386 -79.574093 -234519.713456 -27221.703937 -0.310804 -0.625650 0.715516 -0.576831 0.722476 0.381175 -0.755425 -0.294261 -0.585443
-7.830249 -61.219870 261.689191 2128.873835 0.731881 0.397281 0.553641 -0.652340 0.173613 0.737774 -0.196984 0.901125 -0.386227
-6.316107 -65.956270 -15.810541 2389.286800 0.734148 0.414540 0.537758 -0.673199 0.341175 0.656052 -0.088491 0.843656 -0.529541
-7.097687 -63.956283 43.624138 2428.261384 0.710971 0.428761 0.557391 -0.666274 0.157169 0.728956 -0.224944 0.889642 -0.397414
1.350107 -101.185394 176.457663 -606.898595 0.240752 0.750574 -0.615367 0.678007 -0.583731 -0.446727 0.694510 0.309673 0.649429
2.162776 -98.872589 226.161698 -659.573489 0.254273 0.740613 -0.621962 0.595368 -0.626668 -0.502816 0.762156 0.242444 0.600283
1.954635 -97.237607 36.008560 -2416.715479 0.233586 0.769774 -0.594042 0.820158 -0.484145 -0.304867 0.522281 0.415996 0.744426
-0.045459 -103.286200 450.160356 -2244.109959 0.209626 0.757048 -0.618818 0.808600 -0.490050 -0.325602 0.549748 0.432122 0.714876
0.625189 -103.678921 444.387838 1345.833878 0.227240 0.752698 -0.617905 0.585299 -0.612679 -0.531083 0.778323 0.240976 0.579779
-12.664214 -102.995395 1277.495355 3272.493996 0.714980 0.322212 0.620470 0.447941 0.470277 -0.760387 0.536799 -0.821596 -0.191906
-10.063199 -92.369531 766.655496 4256.018708 0.726621 0.316817 0.609631 0.298578 0.653540 -0.695512 0.618768 -0.687396 -0.380281
-8.000687 -98.578876 1066.171107 2743.032108 0.699592 0.356574 0.619213 0.397240 0.526243 -0.751843 0.593945 -0.771960 -0.226510
-10.235137 -112.734192 1452.101367 2278.215622 0.681041 0.330775 0.653277 0.581904 0.297078 -0.757055 0.444489 -0.895730 -0.009843
20.727584 -2.853903 1476.207754 418.218759 0.781095 0.328989 0.530714 -0.444311 -0.304346 0.842592 -0.438724 0.893946 0.091550
13.692626 -3.001284 2753.530436 656.075797 0.842700 0.257557 0.472779 -0.394244 -0.302817 0.867683 -0.366643 0.917587 0.153643
20.206994 -0.813247 1806.091030 793.432042 0.783394 0.295294 0.546896 -0.452190 -0.332883 0.827474 -0.426400 0.895539 0.127249
23.997827 0.828808 270.189410 772.911026 0.729210 0.374622 0.572636 -0.469095 -0.335589 0.816903 -0.498200 0.864314 0.068981
21.193328 -1.631363 -849.842182 685.355277 0.702420 0.422144 0.573063 -0.467979 -0.332722 0.818714 -0.536286 0.843262 0.036156
22.588155 2.891778 2295.927031 751.747734 0.771578 0.291651 0.565338 -0.476887 -0.322973 0.817476 -0.421007 0.900349 0.110114
42.601306 -120.339394 -2843.620827 11348.642640 -0.544110 -0.122408 -0.830037 0.705026 -0.603022 -0.373233 -0.454844 -0.788277 0.414411
38.698952 -109.199689 -3837.052920 15606.331262 -0.592499 -0.201091 -0.780069 0.790608 -0.330925 -0.515197 -0.154543 -0.921982 0.355056
42.011170 -97.697894 -558.685820 14570.929955 -0.520717 -0.042015 -0.852695 0.815319 -0.320692 -0.482091 -0.253197 -0.946251 0.201246
122.221578 9.633163 -4133.937649 5221.272438 0.852550 -0.261769 -0.452367 0.522386 0.454088 0.721746 -0.016484 0.851634 -0.523877
145.723961 -1058.587705 21122.950177 -355570.217328 0.699487 0.359973 0.617364 0.230319 0.704228 -0.671578 -0.676514 0.611950 0.409689
-2.557199 -427.985725 -2121.975849 -57790.416723 0.441077 0.549585 0.709512 -0.479312 -0.524125 0.703955 -0.758756 0.650576 -0.032243
-22.592699 -84.064223 11434.326931 5265.411216 -0.521461 0.380779 0.763600 0.827203 0.445122 0.342930 -0.209315 0.810478 -0.547095
-0.960522 -33.385476 2396.663555 -1847.187914 -0.173717 0.790068 -0.587891 0.894593 -0.122984 -0.429625 -0.411734 -0.600556 -0.685425
8.516695 -30.067104 2892.167258 -2187.875414 -0.129153 0.780332 -0.611883 0.872189 -0.204199 -0.444511 -0.471812 -0.591087 -0.654224
7.187633 -37.601922 2419.510127 -1780.861561 -0.151792 0.780840 -0.606009 0.928080 -0.098331 -0.359163 -0.340038 -0.616944 -0.709757
-1.187974 -39.281340 2045.930355 -951.497318 -0.200253 0.785947 -0.584967 0.946325 0.000552 -0.323216 -0.253708 -0.618294 -0.743871
6.661252 -41.595453 1940.437449 -515.983895 -0.177534 0.778853 -0.601557 0.969076 0.031902 -0.244693 -0.171389 -0.626395 -0.760431
-14.176155 -22.596619 -750.029225 231.785546 -0.178060 -0.388541 0.904063 0.570264 0.707991 0.416591 -0.801931 0.589733 0.095506
-11.710850 -23.517134 -715.348528 -212.323351 -0.154350 -0.290538 0.944333 0.590767 0.738968 0.323914 -0.791941 0.607877 0.057581
-11.856295 -23.388436 -783.794178 274.748164 -0.207588 -0.378805 0.901895 0.509977 0.744865 0.430232 -0.834764 0.549257 0.038557
-14.177159 -22.744168 -764.703736 -563.016788 -0.023594 -0.206392 0.978185 0.657385 0.733962 0.170718 -0.753185 0.647072 0.118362
-15.632811 -21.151004 -493.497619 286.174059 -0.145318 -0.423276 0.894271 0.594642 0.685033 0.420868 -0.790749 0.592931 0.152150
8.930798 -83.042393 697.633263 4443.468631 0.150825 0.815898 -0.558177 0.449117 0.446448 0.773937 -0.880651 0.367416 0.299098
8.838472 -91.383841 -75.893705 200.019556 0.077289 0.813594 -0.576273 0.433539 0.493070 0.754272 -0.897814 0.308134 0.314616
13.260450 -81.593765 310.215813 684.867576 0.120827 0.826537 -0.549762 0.164772 0.529437 0.832194 -0.978903 0.191137 0.072220
12.162798 -77.215908 1245.495555 -1257.452028 0.199299 0.841244 -0.502582 0.083179 0.496498 0.864044 -0.976402 0.214007 -0.028978
9.038818 -68.889281 695.328654 3085.392325 0.215771 0.833355 -0.508883 0.329059 0.428616 0.841433 -0.919327 0.349009 0.181740
8.431401 -82.242924 656.572729 3336.969576 0.179951 0.789245 -0.587121 0.585037 0.393956 0.708893 -0.790790 0.471054 0.390845
-5.916249 -103.946367 900.104397 -15558.270071 0.200964 0.764780 0.612147 0.977703 -0.117737 -0.173881 -0.060908 0.633442 -0.771389
1.006817 -158.203279 867.678590 -24230.354201 0.214004 0.751643 0.623887 0.975955 -0.137455 -0.169167 -0.041397 0.645088 -0.762986
26.218956 -971.834544 874.721859 -242804.400544 0.229107 0.733895 0.639459 0.937438 -0.343270 0.058097 0.262144 0.586143 -0.766627
-12.201655 -244.715609 2564.719405 49482.235927 -0.253689 -0.362851 -0.896650 0.901906 -0.423746 -0.083697 -0.349582 -0.829927 0.434757
2.593709 -762.607776 3967.281333 188856.984774 -0.136036 -0.403741 -0.904703 0.918074 -0.394579 0.038042 -0.372336 -0.825409 0.424342
-9.967971 -112.297674 3597.805619 12157.093195 -0.262146 -0.333948 -0.905405 0.936346 -0.315061 -0.154898 -0.233530 -0.888378 0.395282
-35.457507 -158.419939 4932.561028 17254.872023 -0.287161 -0.372226 -0.882602 0.921827 -0.357808 -0.149023 -0.260332 -0.856400 0.445876
-22.567510 -113.636443 2933.373437 -9614.791918 -0.194216 -0.361891 -0.911765 0.966101 -0.231719 -0.113819 -0.170083 -0.902963 0.394627
12.636678 -14.757830 915.772708 -156.275223 0.571585 0.533638 -0.623315 -0.525296 -0.345598 -0.777577 0.630361 -0.771876 -0.082779
13.034181 -14.813548 -783.874933 -737.395915 0.618773 0.466136 -0.632327 -0.545157 -0.324757 -0.772875 0.565618 -0.822952 -0.053167
11.995054 -14.251384 -1210.765724 739.986452 0.638851 0.442298 -0.629478 -0.524651 -0.347963 -0.776957 0.562682 -0.826616 -0.009756
12.507827 -15.207807 359.604170 1034.134855 0.591350 0.518420 -0.617694 -0.501263 -0.363713 -0.785142 0.631697 -0.773921 -0.044783
-26.710735 -36.795369 -162.293832 472.868007 -0.182261 -0.772599 0.608170 0.866412 -0.418635 -0.272167 0.464878 0.477321 0.745690
-26.311263 -35.615159 391.958074 1187.787378 0.260501 0.705909 -0.658659 0.758716 -0.571572 -0.312500 0.597067 0.418329 0.684479
-24.501932 -35.621203 -78.317710 1192.163695 0.156810 0.713407 -0.682979 0.807170 -0.491063 -0.327617 0.569110 0.499907 0.652845
33.469521 -22.938718 -2737.544333 108.880442 0.766349 0.260211 -0.587367 0.176264 0.794042 0.581746 0.617771 -0.549352 0.562647
37.562698 -23.390152 -2993.543540 -396.685051 0.770391 0.317981 -0.552618 -0.181252 -0.721763 -0.667987 0.611266 -0.614774 0.498404
29.250308 -25.611302 -7153.239679 -73.507381 0.856517 0.146439 -0.494909 -0.214957 -0.770565 -0.600019 0.469226 -0.620310 0.628524
21.867503 -26.139056 -5925.027148 498.551222 0.843989 0.098798 -0.527182 -0.224429 -0.827657 -0.514408 0.487149 -0.552470 0.676360
27.878597 -21.889892 -2563.021134 -21.634609 0.764904 0.203143 -0.611273 0.161958 0.857832 0.487743 0.623452 -0.472077 0.623259
4.664925 -81.995268 117.052720 -331.991889 -0.904324 -0.269634 0.330900 -0.239499 0.962217 0.129530 -0.353324 0.037887 -0.934734
4.129882 -83.591165 -128.807412 666.906346 -0.904935 -0.278522 0.321743 -0.320141 0.943681 -0.083517 -0.280362 -0.178581 -0.943136
4.023066 -83.106696 -113.916248 603.297150 -0.916412 -0.252217 0.310768 -0.246312 0.967405 0.058799 -0.315468 -0.022662 -0.948666
5.309582 -80.146695 -233.451853 333.724504 -0.922101 -0.242791 0.301302 -0.145495 0.939064 0.311432 -0.358554 0.243334 -0.901237
4.946499 -81.694607 230.460447 41.603242 -0.904222 -0.269160 0.331565 -0.149134 0.926520 0.345426 -0.400176 0.262894 -0.877921
-3.598785 -21.393513 114.001572 49.894844 0.735097 0.600645 -0.314418 -0.565269 0.799056 0.204892 0.374304 0.027115 0.926909
-3.856587 -20.216195 37.305917 -463.881105 0.744301 0.593411 -0.306398 -0.574739 0.802807 0.158671 0.340135 0.058000 0.938586
-3.911979 -22.097368 -117.083931 173.171416 0.759000 0.579797 -0.296235 -0.539047 0.814758 0.213538 0.365168 -0.002390 0.930939
-3.818163 -20.259461 -189.901819 -705.777942 0.758987 0.584668 -0.286535 -0.559010 0.810776 0.173641 0.333838 0.028385 0.942203
-3.246612 -22.144885 -172.708521 401.565196 0.765202 0.577480 -0.284574 -0.537382 0.816355 0.211625 0.354522 -0.009011 0.935004
-3.954728 -22.632295 -41.106981 1067.212845 0.775490 0.551708 -0.306973 -0.493453 0.832942 0.250422 0.393851 -0.042723 0.918181
1.037069 -41.476257 -82.834197 -1436.557986 -0.718553 -0.446753 0.533004 -0.256621 0.882628 0.393845 -0.646396 0.146218 -0.748861
1.297446 -40.786612 -333.866996 -1500.719856 -0.725197 -0.428414 0.539028 -0.239114 0.890830 0.386323 -0.645689 0.151271 -0.748467
2.154310 -38.170332 -326.359049 -511.193329 -0.732682 -0.408957 0.543995 -0.296600 0.911295 0.285604 -0.612540 0.047909 -0.788987
2.370819 -38.997743 -233.821503 -619.408874 -0.722849 -0.407317 0.558195 -0.230373 0.903639 0.361061 -0.651473 0.132400 -0.747030
1.676172 -40.570132 -35.958959 -1014.341435 -0.717722 -0.450587 0.530892 -0.295877 0.887506 0.353256 -0.630342 0.096461 -0.770301
2.476318 -37.627155 -213.397907 -193.166548 -0.734566 -0.414881 0.536924 -0.351355 0.909518 0.222096 -0.580485 -0.025507 -0.813871
3.118032 -37.075349 175.693021 -375.172901 -0.717743 -0.378935 0.584169 -0.324808 0.924287 0.200484 -0.615910 -0.045847 -0.786482
2.718015 -36.203096 -342.120235 120.493853 -0.743973 -0.378308 0.550805 -0.367062 0.920170 0.136207 -0.558363 -0.100845 -0.823445
8.489987 -45.516252 2494.766128 421.557707 0.872713 0.112510 -0.475093 0.168000 0.844461 0.508588 -0.458419 0.523667 -0.718070
16.040787 -45.150360 2966.434898 1380.662016 0.851268 0.112232 -0.512588 0.201631 0.831899 0.517000 -0.484446 0.543459 -0.685540
13.765051 -48.196439 -2073.036562 2011.961627 -0.851024 -0.110414 0.513387 0.124061 0.907696 0.400870 -0.510261 0.404841 -0.758773
5.994666 -47.928216 -1538.442332 1149.942208 -0.868272 -0.128682 0.479108 0.098978 0.901418 0.421484 -0.486114 0.413385 -0.769939
1.164884 -46.635493 927.756889 -100.507068 0.871552 0.161975 -0.462776 0.139673 0.822728 0.551008 -0.469988 0.544870 -0.694426
3.635165 -65.736090 -588.443764 493.346353 -0.660397 -0.526244 0.535670 0.065533 0.670244 0.739242 -0.748052 0.523297 -0.408141
3.933200 -72.515065 -651.301811 3835.978826 -0.666400 -0.475854 0.573998 -0.046536 0.794897 0.604957 -0.744141 0.376432 -0.551864
2.695776 -75.222448 -452.699301 1677.602091 -0.670768 -0.498989 0.548707 0.040580 0.714030 0.698938 -0.740556 0.491092 -0.458700
2.052417 -69.713495 -627.744530 -1507.368560 -0.670962 -0.550090 0.497202 0.140155 0.564370 0.813538 -0.728125 0.615538 -0.301573
2.906933 -64.931196 516.900753 -1948.869692 0.663770 0.561114 -0.494530 0.148557 0.549111 0.822441 -0.733035 0.619377 -0.281126
14.746563 -59.761293 1845.396518 1962.355016 0.774873 0.253202 -0.579189 -0.345820 -0.597183 -0.723727 0.529131 -0.761092 0.375178
10.224837 -58.209099 2461.537436 2681.581248 0.739884 0.306555 -0.598829 -0.355233 -0.577893 -0.734745 0.571299 -0.756349 0.318675
12.035532 -54.327990 1848.542479 1287.974413 0.763132 0.283260 -0.580856 -0.418870 -0.467646 -0.778367 0.492116 -0.837299 0.238226
16.674049 -57.055023 1290.524377 1454.365095 0.801436 0.227572 -0.553093 -0.414408 -0.455503 -0.787898 0.431239 -0.860655 0.270749
18.874889 -60.919952 331.683834 1116.062484 0.820575 0.171782 -0.545112 -0.349173 -0.604398 -0.716087 0.452476 -0.777942 0.435973
-4.856315 -33.217293 -42.318123 518.192312 -0.563131 -0.662235 0.494295 0.802851 -0.296758 0.517074 -0.195739 0.688026 0.698790
-5.729116 -30.175275 -1.064102 123.950584 -0.583288 -0.653291 0.482686 0.805551 -0.389002 0.446950 -0.104222 0.649529 0.753160
-5.277755 -30.183886 -267.000199 -85.710726 -0.539422 -0.650358 0.534844 0.825207 -0.281948 0.489427 -0.167504 0.705365 0.688769
-0.999043 -27.313845 948.642639 -160.963354 0.773455 0.336070 -0.537423 -0.495564 0.849259 -0.182141 -0.395200 -0.407206 -0.823408
-5.631006 -28.423325 3.004688 -409.590208 -0.805780 -0.249523 0.537082 -0.414837 0.885046 -0.211194 -0.422645 -0.392977 -0.816664
-2.009212 -29.564002 -800.847979 -1357.266680 -0.782289 -0.310081 0.540253 -0.447761 0.882864 -0.141637 -0.433051 -0.352705 -0.829497
-4.286812 -31.438795 -275.298959 -1339.273542 -0.788588 -0.265623 0.554592 -0.397559 0.908281 -0.130276 -0.469122 -0.323217 -0.821861
2.321176 -60.218361 971.209723 -632.205089 -0.600942 -0.569874 0.560457 0.113041 0.633549 0.765400 -0.791259 0.523316 -0.316307
1.549263 -57.490380 -671.247154 -1248.718251 0.610126 0.583331 -0.536164 0.213043 0.531006 0.820150 -0.763125 0.614620 -0.199706
0.689975 -55.178903 569.919972 153.709422 -0.608881 -0.553376 0.568365 0.159283 0.616611 0.770986 -0.777105 0.559970 -0.287299
1.403770 -59.582598 856.418753 1229.280198 -0.600400 -0.533809 0.595456 0.028511 0.729837 0.683026 -0.799191 0.427067 -0.422975
2.570633 -38.824408 471.880403 -36.234158 -0.743652 -0.390463 0.542697 -0.432711 0.899883 0.054513 -0.509649 -0.194292 -0.838158
2.818284 -37.831972 215.338483 449.262027 -0.733833 -0.409064 0.542362 -0.383760 0.908407 0.165906 -0.560551 -0.086389 -0.823601
3.411677 -37.128528 228.987926 189.276465 -0.743119 -0.382078 0.549354 -0.423837 0.904040 0.055433 -0.517818 -0.191643 -0.833749
2.824380 -40.426841 171.657719 -67.767824 -0.738490 -0.426540 0.522203 -0.386400 0.902411 0.190657 -0.552564 -0.060981 -0.831237
3.172585 -37.797065 333.197595 -477.826090 -0.753842 -0.356469 0.551953 -0.462561 0.884521 -0.060502 -0.466647 -0.300921 -0.831678
2.859089 -40.625974 -145.850825 -177.202638 -0.763053 -0.390910 0.514722 -0.434373 0.899868 0.039474 -0.478613 -0.193460 -0.856448
2.550992 -39.137090 -120.153998 -302.211294 -0.773631 -0.359509 0.521774 -0.467538 0.879670 -0.087111 -0.427672 -0.311341 -0.848625
14.605100 -81.397376 -262.734404 7831.770809 0.791226 0.474202 -0.386127 0.606086 -0.524078 0.598332 -0.081370 0.707442 0.702071
15.837199 -162.670535 -1041.383519 26004.621252 0.807199 0.489978 -0.329166 0.529918 -0.355867 0.769770 -0.260031 0.795789 0.546904
16.380608 -142.708147 835.752267 26122.959716 0.826287 0.424672 -0.370005 0.540437 -0.412698 0.733218 -0.158676 0.805813 0.570515
11.499597 -95.516057 -850.415956 15048.289022 0.797920 0.500813 -0.335426 0.579546 -0.484464 0.655302 -0.165682 0.717273 0.676807
15.775782 -71.259640 1109.108238 5212.120185 0.792961 0.423159 -0.438348 0.608715 -0.519463 0.599688 -0.026057 0.742358 0.669497
16.576635 -64.490495 1205.841821 -2385.702849 0.795380 0.426240 -0.430917 0.605533 -0.589846 0.534239 0.026461 0.685857 0.727255
14.792218 -65.647160 -1612.974493 -3722.017329 0.795665 0.516563 -0.316354 0.599166 -0.594451 0.536310 -0.088981 0.616271 0.782491
11.326223 -61.474534 -1834.483503 1123.996416 0.802051 0.528191 -0.278798 0.573370 -0.550248 0.607021 -0.167215 0.646717 0.744175
4.267001 -184.900244 561.009472 1478.888177 0.874116 0.382973 -0.298752 -0.112149 0.757590 0.643025 -0.472592 0.528574 -0.705171
4.582150 -178.280506 -86.008742 8701.674052 0.859583 0.403719 -0.313254 -0.040502 0.664926 0.745811 -0.509388 0.628399 -0.587910
4.594822 -178.385534 42.153973 1288.545929 -0.845788 -0.432971 0.311735 -0.278662 0.856773 0.433922 -0.454962 0.280137 -0.845301
2.179302 -100.375629 -733.019483 -5657.635342 0.917143 0.394353 -0.057742 0.049287 0.031545 0.998286 -0.395499 0.918417 -0.009495
6.096726 -129.026192 -1184.584095 -12512.831149 0.922218 0.386481 -0.012078 0.064241 -0.122338 0.990407 -0.381296 0.914148 0.137650
1.237797 -176.227954 -1446.074208 -24075.454058 0.922660 0.384437 0.030102 0.074614 -0.254571 0.964171 -0.378326 0.887357 0.263567
-4.330659 -24.316927 -592.315464 661.362730 0.650496 0.427097 -0.628047 -0.401180 -0.508926 -0.761609 0.644911 -0.747384 0.159711
-6.634999 -21.242508 -216.043979 1307.296547 0.648039 0.475884 -0.594626 -0.431341 -0.414134 -0.801522 0.627687 -0.775904 0.063107
-6.555080 -25.365370 -393.133771 867.468421 0.647810 0.470370 -0.599244 -0.383095 -0.478770 -0.789948 0.658468 -0.741304 0.129956
-9.341083 -24.347132 131.482355 -1341.288347 0.651549 0.326296 0.684847 0.719284 0.021161 -0.694394 -0.241071 0.945031 -0.220912
-8.342940 -26.996281 195.400670 1386.316853 0.780910 0.295519 0.550316 -0.595924 0.088396 0.798161 -0.187226 0.951239 -0.245136
-6.163565 -27.867061 -42.978190 -1262.939923 0.619885 0.338880 0.707745 0.761033 -0.039821 -0.647490 -0.191239 0.939986 -0.282583
-7.935653 -26.032029 -455.875962 -704.164243 0.475408 0.350548 0.806909 0.833219 0.114975 -0.540858 -0.282371 0.929461 -0.237423
-11.268525 -22.080130 -385.570727 -208.923725 0.547095 0.326930 0.770587 0.784017 0.122388 -0.608554 -0.293265 0.937090 -0.189361
-8.752430 -23.040256 -550.842394 184.921888 -0.504135 -0.455780 0.733561 0.786274 0.109126 0.608164 -0.357240 0.883378 0.303354
-7.324966 -25.441782 -432.035853 299.243476 -0.555216 -0.439158 0.706312 0.761360 0.073448 0.644155 -0.334763 0.895403 0.293577
-8.489687 -24.363629 -579.049214 755.592004 -0.613974 -0.469086 0.634819 0.674746 0.105414 0.730483 -0.409578 0.876839 0.251793
-1.848581 -8.032340 -365.572162 221.771043 -0.243267 0.114609 0.963164 0.906199 0.380937 0.183551 -0.345868 0.917470 -0.196528
-0.799385 -7.292203 -378.784363 -55.573708 -0.431705 0.034839 0.901342 0.843078 0.370859 0.389464 -0.320703 0.928035 -0.189474
-0.624329 -6.548928 -263.602596 162.832830 -0.273495 0.107643 0.955831 0.898224 0.384058 0.213760 -0.344085 0.917013 -0.201726
-0.740853 -6.597415 30.544493 374.271212 -0.078183 0.184737 0.979673 0.925623 0.378439 0.002507 -0.370284 0.907004 -0.200584
-1.039879 -8.309688 -122.154558 312.069094 -0.050497 0.195302 0.979442 0.924362 0.380473 -0.028209 -0.378161 0.903934 -0.199743
-7.176552 -22.695333 -619.571632 -411.494469 -0.592790 -0.437694 0.676035 0.756169 -0.591358 0.280186 0.277143 0.677288 0.681522
-5.541718 -21.462162 -468.465578 -321.818270 -0.570140 -0.448076 0.688598 0.792982 -0.519247 0.318688 0.214756 0.727743 0.651360
-7.753293 -21.552938 -676.070216 -248.755934 -0.555627 -0.465154 0.689138 0.806054 -0.504583 0.309310 0.203851 0.727343 0.655299
-6.762871 -20.488466 -627.956858 -69.061550 -0.528928 -0.472965 0.704656 0.835043 -0.438222 0.332664 0.151457 0.764373 0.626733
3.463679 -110.497642 -437.366322 -12061.999097 0.756122 0.557930 -0.342044 0.642817 -0.731215 0.228280 0.122743 0.392479 0.911534
3.708451 -87.586181 -310.164601 -7272.071693 0.732857 0.580799 -0.354391 0.679935 -0.606280 0.412448 -0.024689 0.543229 0.839222
8.202718 -108.784362 -1238.224120 -9712.125136 0.741998 0.574653 -0.345273 0.665359 -0.694291 0.274330 0.082076 0.433283 0.897513
0.722724 -106.805332 -354.847561 -12212.971766 0.758734 0.556799 -0.338079 0.641701 -0.728117 0.240966 0.111992 0.399775 0.909746
5.573888 -125.105339 -1399.685757 8698.464800 0.770007 0.545792 -0.330454 -0.574706 0.818267 0.012332 0.277131 0.180418 0.943741
1.862774 -129.840172 -684.312366 12994.242078 0.778007 0.531396 -0.335146 -0.554362 0.831669 0.031774 0.295615 0.161072 0.941630
-8.297648 -269.342211 -3349.854740 64948.523680 -0.569485 0.389357 -0.723939 -0.194304 0.791982 0.578801 0.798707 0.470282 -0.375368
-12.914969 -629.342352 -2477.956762 144130.882043 -0.620096 0.359472 -0.697324 0.052444 0.905853 0.420333 0.782771 0.224076 -0.580568
-13.847774 -234.772322 120.876802 47595.185652 -0.638467 0.495261 -0.589132 0.005342 0.768288 0.640081 0.769630 0.405524 -0.493173
-7.716230 -271.027846 -2054.675529 57037.844474 -0.567334 0.473767 -0.673556 -0.104781 0.769751 0.629686 0.816795 0.427818 -0.387064
-8.958440 -94.258634 -166.462660 18348.835001 -0.614151 0.543694 -0.572028 -0.127092 0.647232 0.751624 0.778888 0.534311 -0.328399
-6.844941 -64.229307 -414.447126 15166.159177 -0.585872 0.576817 -0.569242 -0.135005 0.623134 0.770375 0.799079 0.528192 -0.287204
-24.303819 -157.685459 2846.174160 -16342.231236 0.949495 -0.231689 0.211610 0.123754 -0.343215 -0.931068 -0.288347 -0.910233 0.297208
-22.054726 -147.938163 3108.761302 14589.074201 0.951340 -0.181578 0.248962 0.270409 0.104538 -0.957053 -0.147754 -0.977804 -0.148551
-14.640518 -127.203810 3425.399416 1290.242922 0.968407 -0.101778 0.227658 0.215463 -0.118122 -0.969341 -0.125549 -0.987769 0.092461
-4.674309 -109.078863 2163.830465 1234.498035 0.967025 -0.128011 0.220170 0.204444 -0.125326 -0.970822 -0.151869 -0.983822 0.095022
-11.920280 -140.866300 1940.888252 -15521.099636 0.954823 -0.172442 0.242027 0.116605 -0.531712 -0.838860 -0.273343 -0.829184 0.487584
0.212929 -22.017949 -560.860057 -2557.881656 0.551071 0.259328 -0.793139 0.210059 0.876765 0.432619 0.807587 -0.405009 0.428686
1.175298 -18.717212 -185.035477 -2402.400973 0.521680 0.179956 -0.833946 0.277762 0.888416 0.365465 0.806659 -0.422294 0.413484
-0.692234 -21.538937 5.793232 -2198.114907 0.520891 0.235739 -0.820426 0.197594 0.901709 0.384548 0.830439 -0.362419 0.423112
-27.802966 -46.652594 -481.394347 1377.407062 0.014281 0.926374 -0.376333 -0.789633 0.241343 0.564121 -0.613413 -0.289109 -0.734943
-24.951970 -40.804350 -320.069255 2649.538932 -0.037463 0.971687 -0.233281 -0.696448 0.142023 0.703413 -0.716628 -0.188820 -0.671409
65.639441 -47.079016 3659.257908 -1645.790329 -0.054932 -0.599658 0.798369 0.375086 0.728623 0.573079 -0.925361 0.330938 0.184898
58.235922 -46.069639 3347.734017 1535.215472 -0.025180 -0.491146 0.870713 0.273093 0.834480 0.478606 -0.961658 0.249837 0.113116
79.642166 -55.187060 6165.858562 262.421960 -0.225778 -0.451168 0.863407 0.318326 0.803473 0.503090 -0.920702 0.388432 -0.037788
84.217154 -53.642374 1344.821128 -2167.704232 -0.260077 -0.503604 0.823859 0.427087 0.705226 0.565909 -0.866000 0.499039 0.031670
-34.213953 -86.737698 -11329.596332 -4103.498190 0.038639 -0.451905 -0.891229 0.991814 -0.091286 0.089287 -0.121706 -0.887383 0.444678
15.337032 -84.616170 -7131.253205 -2922.686063 0.070360 -0.415313 -0.906954 0.995334 -0.030954 0.091391 -0.066030 -0.909152 0.411197
-1.813524 -76.757728 -9651.599930 -6687.436169 0.048438 -0.460904 -0.886127 0.952370 -0.246103 0.180066 -0.301072 -0.852643 0.427031
15.629063 -25.847767 -3356.619278 -249.456643 0.766423 0.343252 -0.542930 -0.585995 0.719809 -0.372136 -0.263070 -0.603368 -0.752822
13.135233 -25.161668 -3046.535769 -476.249614 0.753570 0.354396 -0.553656 -0.625066 0.647063 -0.436579 -0.203529 -0.675065 -0.709129
19.922120 -24.482575 -1795.585100 -309.087782 0.777571 0.401471 -0.483947 -0.605784 0.684599 -0.405402 -0.168553 -0.608396 -0.775528
9.924787 -26.729582 -2011.690306 -310.584934 0.756075 0.345813 -0.555665 -0.602505 0.699349 -0.384575 -0.255612 -0.625559 -0.737115
19.565515 -25.946439 -2653.116879 -275.842067 0.786652 0.364440 -0.498360 -0.559044 0.763016 -0.324463 -0.262009 -0.533844 -0.803966
13.286445 -26.945462 -2388.041259 -299.680437 0.762471 0.345105 -0.547304 -0.563855 0.769281 -0.300456 -0.317342 -0.537689 -0.781144
-4.121753 -101.629205 -502.360140 2738.859675 -0.593833 -0.360335 -0.719389 0.744469 -0.585200 -0.321414 -0.305170 -0.726429 0.615770
-5.398373 -103.336775 526.130679 2638.085519 0.600805 0.359514 0.713990 -0.608332 0.785072 0.116590 -0.518618 -0.504392 0.690380
-4.188205 -101.029813 -265.778894 2751.007135 0.588711 0.333480 0.736349 -0.587422 0.802268 0.106311 -0.555296 -0.495134 0.668197
0.787891 -30.161248 -387.561085 -899.070331 -0.438365 0.887058 -0.144792 0.887690 0.402046 -0.224422 -0.140862 -0.226910 -0.963675
0.549935 -30.212582 -519.062192 -85.248379 -0.402336 0.905220 -0.136756 0.906724 0.373387 -0.196043 -0.126400 -0.202875 -0.971012
30.401650 -27.742161 -1944.649991 -101.494470 -0.486598 -0.394624 0.779419 -0.670810 0.740325 -0.043962 -0.559675 -0.544234 -0.624959
33.669118 -28.614528 -2827.136593 -231.548530 -0.480775 -0.413330 0.773313 -0.627110 0.778490 0.026217 -0.612853 -0.472348 -0.633482
30.329138 -26.806449 -61.605605 51.886244 -0.387599 -0.358576 0.849229 -0.648220 0.761027 0.025478 -0.655422 -0.540612 -0.527409
2.599270 -45.461019 -250.447167 485.247194 -0.167348 0.984448 0.053446 0.981743 0.161426 0.100610 -0.090418 -0.069308 0.993489
1.594392 -45.510772 -630.674925 -145.269315 -0.204806 0.977097 0.057764 0.935495 0.178043 0.305203 -0.287929 -0.116546 0.950534
0.155730 -43.452690 -267.821298 -773.960419 -0.185640 0.980740 0.060719 0.905617 0.146787 0.397883 -0.381307 -0.128851 0.915425
2.637410 -47.023054 -668.304706 122.464957 -0.195657 0.979273 0.052369 0.963163 0.181844 0.198115 -0.184486 -0.089203 0.978779
0.002919 -43.423373 -539.109656 -942.834029 -0.226476 0.973100 0.042259 0.843070 0.174116 0.508839 -0.487793 -0.150867 0.859824
2.608348 -45.752040 -623.249312 -184.537807 -0.225114 0.973639 0.036757 0.913633 0.197833 0.355157 -0.338523 -0.113533 0.934084
5.080107 -61.494953 -654.073076 -2926.254286 -0.299588 -0.612772 0.731271 -0.258135 0.789950 0.556189 -0.918484 -0.022139 -0.394837
10.720168 -69.364857 -981.597400 -209.128999 -0.287402 -0.649631 0.703832 0.052300 0.723095 0.688766 -0.956381 0.234763 -0.173844
7.379527 -64.228002 24.592199 -1989.184730 -0.264849 -0.630767 0.729375 -0.185174 0.775577 0.603483 -0.946343 0.024771 -0.322212
-1.360350 -93.816766 -51.220863 -1716.575412 -0.040513 0.779286 -0.625357 0.694915 0.471688 0.542773 -0.717949 0.412581 0.560648
-1.093315 -87.139677 192.969409 -4151.854773 -0.041966 0.773234 -0.632731 0.470773 0.573884 0.670096 -0.881256 0.269751 0.388102
-1.444792 -101.151194 286.793751 1873.159873 0.015484 -0.790490 0.612279 0.885977 0.294689 0.358055 -0.463471 0.536921 0.704919
-1.058708 -90.997412 -393.826787 -5283.746600 -0.066411 0.774611 -0.628941 0.490498 0.574257 0.655469 -0.868908 0.264964 0.418083
-1.132747 -98.129915 -651.899422 -3587.904285 -0.054971 0.788573 -0.612479 0.687256 0.474865 0.549712 -0.724332 0.390712 0.568055
-9.325206 -56.333993 -961.914993 1550.407717 -0.225578 -0.534990 0.814187 0.848522 0.302729 0.434010 -0.478669 0.788759 0.385662
-8.939440 -53.356778 -776.632982 875.260320 -0.207868 -0.537596 0.817179 0.922453 0.170161 0.346591 -0.325378 0.825854 0.460537
-6.870594 -52.440144 -434.005836 834.254818 -0.213393 -0.534429 0.817832 0.949591 0.083317 0.302217 -0.229653 0.841097 0.489710
-7.604922 -56.571788 -491.862752 1334.126437 -0.223225 -0.532936 0.816180 0.877309 0.255099 0.406514 -0.424853 0.806786 0.410605
-8.935199 -51.013194 -597.166519 50.670804 -0.187194 -0.551745 0.812734 0.969771 0.028039 0.242399 -0.156531 0.833542 0.529817
48.974401 -27.964630 -1858.746791 76.636657 -0.525724 -0.406034 0.747496 -0.092564 0.900818 0.424216 -0.845604 0.153830 -0.511166
36.897433 -26.893911 -2538.720546 0.257872 -0.651890 -0.363102 0.665730 -0.043216 0.894271 0.445434 -0.757081 0.261603 -0.598658
28.303307 -26.984576 -3944.929602 -141.270002 -0.749194 -0.332624 0.572774 -0.100207 0.911726 0.398389 -0.654727 0.241075 -0.716391
49.090751 0.890836 12874.379373 1587.864020 0.653349 0.695824 0.298269 0.726999 -0.686577 0.009230 -0.211207 -0.210810 0.954437
57.752639 -0.628872 13704.627369 -1097.523913 0.605583 0.761913 0.229691 0.763312 -0.637759 0.103044 -0.224998 -0.112924 0.967793
141.527677 -7.808706 32634.767298 481.355830 0.706567 0.677794 0.203367 -0.689448 0.724112 -0.017984 -0.159450 -0.127504 0.978937
183.484265 -10.947039 40492.108470 3012.866789 0.791291 0.576060 0.204972 0.599760 -0.796473 -0.076929 -0.118939 -0.183807 0.975740
-6.903534 -65.596016 149.974254 2619.753332 0.757021 0.377592 0.533239 -0.649783 0.349421 0.675046 -0.068567 0.857513 -0.509872
-5.911139 -70.712581 -53.475514 1674.778435 0.756831 0.396200 0.519840 -0.651460 0.521730 0.550815 0.052983 0.755528 -0.652970
15.644105 -20.433599 58.965879 261.108620 -0.113898 0.991470 0.063355 0.940848 0.087160 0.327425 -0.319111 -0.096901 0.942751
-6.942813 -79.101038 -268.645973 5597.565287 -0.746292 -0.305977 -0.591123 0.114188 0.816062 -0.566573 0.655751 -0.490328 -0.574081
-6.585380 -86.899898 -568.417672 4783.607946 -0.729119 -0.358599 -0.582917 0.166225 0.733442 -0.659115 0.663894 -0.577468 -0.475159
16.805338 -4.880033 2587.807821 489.323315 0.828616 0.286307 0.481066 -0.407434 -0.280896 0.868962 -0.383919 0.916038 0.116104
32.049355 -118.096449 -3733.233389 7538.546139 -0.614928 -0.234352 -0.752956 0.675477 -0.649250 -0.349579 -0.406932 -0.723571 0.557541
4.111661 -290.346671 -2911.700524 -43173.081979 0.687055 0.283948 0.668827 -0.350263 -0.677044 0.647246 -0.636609 0.678959 0.365710
17.549479 -317.041320 -3798.702307 28236.308159 0.719305 0.302767 0.625246 0.023589 0.888866 -0.457559 -0.694294 0.343873 0.632224
8.065699 -287.845195 -640.321683 22811.123920 0.670034 0.210472 0.711868 0.169801 0.890085 -0.422986 -0.722650 0.404291 0.560648
1.249935 -856.162959 5693.593266 12002.531484 0.691345 0.347978 0.633209 0.721394 -0.381457 -0.577997 0.040412 0.856388 -0.514748
-18.126033 -1398.633370 1191.850288 -97947.671685 0.683823 0.452686 0.572243 -0.469397 -0.327504 0.820004 -0.558616 0.829347 0.011465
9.890808 -21.299686 3133.217505 -1765.327401 -0.137737 0.784252 -0.604960 0.816287 -0.256055 -0.517794 -0.560984 -0.565141 -0.604907
-0.588172 -25.700925 2658.130120 -2077.581189 -0.168376 0.795174 -0.582535 0.837078 -0.196728 -0.510488 -0.520528 -0.573582 -0.632499
0.051032 -17.767237 2913.139986 1546.353069 -0.178219 0.801827 -0.570361 -0.785707 0.232986 0.573046 -0.592370 -0.550264 -0.588479
10.833507 -14.529149 3522.976924 817.270522 -0.151243 0.789596 -0.594697 -0.770850 0.282404 0.570998 -0.618802 -0.544781 -0.565948
19.381562 -16.467432 2690.959771 -1583.871535 -0.176325 0.747139 -0.640854 0.795878 -0.274889 -0.539458 -0.579214 -0.605161 -0.546161
-8.653785 -23.514269 -647.000557 -246.587541 -0.168603 -0.262567 0.950069 0.525840 0.791294 0.312005 -0.833706 0.552189 0.004653
-11.000610 -25.156652 -677.063358 -557.716473 -0.105468 -0.209980 0.972000 0.668585 0.708583 0.225620 -0.736118 0.673661 0.065657
-8.843534 -25.285268 -380.622760 -417.715877 -0.165936 -0.245858 0.954997 0.597696 0.745198 0.295700 -0.784362 0.619865 0.023293
-10.705491 -23.251698 1630.122869 -598.810251 0.662240 0.533200 0.526437 -0.299216 -0.455943 0.838204 -0.686956 0.712610 0.142402
-0.042231 -22.984276 2172.143521 -663.887694 0.639732 0.452155 0.621530 -0.389583 -0.506316 0.769331 -0.662547 0.734303 0.147755
-4.482080 -20.909733 1613.579861 -656.766191 0.649086 0.478678 0.591231 -0.416823 -0.426351 0.802797 -0.636354 0.767523 0.077215
3.376926 -21.323138 2110.124044 -872.330927 0.638290 0.438070 0.632994 -0.441056 -0.465822 0.767124 -0.630917 0.768833 0.104116
3.142552 -19.316147 1770.795322 -504.432730 0.619088 0.427071 0.659045 -0.493234 -0.441584 0.749483 -0.611106 0.789059 0.062733
-1.267330 -62.926479 723.570905 -394.490628 0.137088 0.614641 -0.776804 -0.000393 0.784241 0.620456 0.990559 -0.084752 0.107752
-3.105259 -61.990543 550.686966 1117.449331 0.143897 0.628437 -0.764435 -0.247585 0.770770 0.587040 0.958121 0.104789 0.266503
-3.557690 -62.707334 308.505760 124.401204 0.164154 0.642092 -0.748847 -0.132270 0.766617 0.628334 0.977526 -0.004093 0.210773
-2.352145 -62.165513 617.800512 -1000.338611 0.154183 0.632398 -0.759144 0.083224 0.757289 0.647755 0.984531 -0.163052 0.064131
11.176132 -87.486073 38.972805 -96.420069 0.073966 0.802060 -0.592646 0.216651 0.567157 0.794604 -0.973443 0.187170 0.131817
6.752177 -102.256396 -365.794434 -5275.953800 0.033801 0.805617 -0.591472 0.447193 0.517070 0.729833 -0.893799 0.289171 0.342789
-2.602343 -63.112960 966.544230 -7001.576003 0.376040 0.717249 0.586641 0.895135 -0.117600 -0.430005 -0.239432 0.686822 -0.686257
1.339087 -75.248802 1020.577809 -13225.037284 0.348511 0.718576 0.601821 0.899474 -0.075824 -0.430346 -0.263604 0.691302 -0.672766
8.400081 -95.661526 1727.617145 -15257.121116 0.317186 0.740078 0.593024 0.915715 -0.076341 -0.394509 -0.246695 0.668174 -0.701915
12.007059 -154.312998 1429.332147 -22981.427072 0.265135 0.750655 0.605162 0.963130 -0.235896 -0.129359 0.045652 0.617147 -0.785522
-11.492822 -234.861180 4175.185554 38836.361996 -0.246677 -0.355551 -0.901518 0.734365 -0.675586 0.065505 -0.632343 -0.645885 0.427756
21.578568 12.265159 1297.791722 3776.164047 -0.232134 -0.153058 0.960566 0.910207 0.314041 0.270004 -0.342983 0.936991 0.066415
23.793701 17.564963 -240.543975 204.203402 0.189970 0.148609 0.970478 0.891770 0.387358 -0.233879 -0.410679 0.909873 -0.058938
23.158177 13.875305 2575.613221 723.646805 0.231427 -0.006559 0.972830 0.887213 0.411668 -0.208284 -0.399117 0.911310 0.101090
