14847
29679
-30.382277 -46.700152 -461.908547 -4581.997362 0.793683 0.608057 0.018245 -0.598126 0.774547 0.205724 -0.110960 0.174193 -0.978440
-36.900097 -57.116913 -189.583264 -3944.015332 0.906518 0.418306 -0.056961 -0.376823 0.862586 0.337563 -0.190339 0.284543 -0.939578
-31.902280 -58.150762 1111.698684 -7630.000790 0.979724 0.197180 -0.035514 -0.183820 0.955154 0.232145 -0.079696 0.220909 -0.972033
-31.266887 -49.343759 203.731082 -3697.227080 0.662491 0.748874 -0.017132 -0.715059 0.639059 0.283362 -0.223151 0.175474 -0.958860
-25.676908 -38.745903 490.076389 -4320.852268 0.808250 0.585810 0.059646 -0.588823 0.803316 0.089282 -0.004388 0.107284 -0.994219
-24.226413 -39.928755 234.094598 2466.658494 0.536963 0.842923 0.033916 0.837067 -0.527375 -0.145585 -0.104831 0.106564 -0.988764
-19.625315 -55.438213 10737.134655 -1381.214382 0.954860 0.245626 0.167065 -0.249499 0.357907 0.899807 -0.161222 0.900872 -0.403035
-14.417474 -60.095258 15131.759694 -2891.780715 0.947994 0.153423 0.278872 -0.317401 0.521098 0.792284 0.023764 0.839594 -0.542694
-40.323546 -56.829244 3386.323571 -714.277673 0.972948 0.228445 -0.034416 -0.091281 0.516988 0.851112 -0.212225 0.824946 -0.523855
-44.833780 -56.931810 783.906590 458.110840 0.905118 0.421172 0.058105 -0.218972 0.344648 0.912836 -0.364435 0.838947 -0.404172
-27.003308 -56.394836 6196.248067 -410.377045 0.937257 0.333990 0.099998 -0.186324 0.237429 0.953368 -0.294673 0.912183 -0.284763
13.391079 -57.628479 16750.491077 5043.312366 0.968352 0.191538 0.160026 -0.193269 0.169733 0.966353 -0.157932 0.966697 -0.201379
-31.682199 -52.022401 148.866506 1490.483874 0.561398 -0.671313 0.483912 0.449269 -0.243839 -0.859476 -0.694974 -0.699915 -0.164709
-31.169196 -53.808414 -472.583151 202.557387 -0.574240 0.649397 -0.498531 -0.328983 0.374574 0.866871 -0.749679 -0.661799 0.001455
-31.293614 -54.010505 44.342697 -1481.134152 -0.512527 0.723990 -0.461686 -0.410146 0.265962 0.872378 -0.754384 -0.636477 -0.160629
-32.057659 -54.397082 486.147701 -936.724420 -0.448628 0.792176 -0.413751 -0.332752 0.281613 0.899983 -0.829463 -0.541434 -0.137259
-32.364859 -52.572901 490.436175 -1663.546429 -0.466832 0.789143 -0.399151 -0.449205 0.177188 0.875682 -0.761763 -0.588097 -0.271770
26.605728 -39.151188 15700.494271 87.638296 0.806021 -0.315860 0.500562 -0.193693 0.658381 0.727336 0.559297 0.683203 -0.469489
29.739779 -39.739091 16534.244078 55.238709 0.792951 -0.294253 0.533520 -0.280902 0.600480 0.748678 0.540668 0.743532 -0.393495
53.249987 -35.059093 11324.663240 -75.578339 0.856857 -0.178018 0.483845 -0.271898 0.641329 0.717474 0.438027 0.746329 -0.501124
41.950456 -36.078926 11680.548485 323.928531 0.847673 -0.247201 0.469407 -0.176190 0.703408 0.688603 0.500408 0.666415 -0.552706
51.662391 -31.575707 309.264193 122.025167 0.940821 -0.019780 0.338326 -0.231212 0.692425 0.683439 0.247784 0.721219 -0.646875
10.391066 -37.955016 2599.592076 -29.750347 -0.925539 -0.223333 0.305777 -0.234542 0.972106 0.000081 -0.297266 -0.071642 -0.952103
13.340565 -38.397346 2604.207795 -105.986628 -0.933707 -0.200809 0.296422 -0.234018 0.968870 -0.080784 -0.270973 -0.144796 -0.951634
17.542440 -38.889570 2967.969788 -6.867369 -0.937447 -0.211197 0.276748 -0.211774 0.976913 0.028162 -0.276306 -0.032207 -0.960530
13.357162 -37.880932 3011.117258 25.442624 -0.923656 -0.234530 0.303075 -0.211594 0.971492 0.106918 -0.319511 0.034626 -0.946950
-19.356599 -32.305188 738.190160 125.149314 0.361032 0.696966 -0.619592 -0.482347 -0.429064 -0.763705 0.798121 -0.574580 -0.181274
-20.406331 -33.299130 832.005481 388.383555 0.368558 0.669399 -0.645035 -0.418039 -0.500415 -0.758174 0.830306 -0.549081 -0.095403
-21.080448 -31.401993 572.862513 308.293363 0.412242 0.645466 -0.642985 -0.479135 -0.446673 -0.755588 0.774910 -0.619562 -0.125128
-20.595547 -30.233549 642.954990 -189.186695 0.417451 0.670100 -0.613760 -0.519332 -0.378318 -0.766270 0.745674 -0.638625 -0.190075
-18.970080 -31.552884 1101.440293 183.538648 0.374498 0.742239 -0.555728 -0.535401 -0.316231 -0.783163 0.757032 -0.590830 -0.278968
-17.775245 -33.830971 341.945759 622.995780 0.286912 0.729788 -0.620557 -0.516649 -0.427623 -0.741763 0.806694 -0.533431 -0.254354
1.812398 -34.876860 -85.580608 -47.584440 -0.571521 -0.817328 0.073061 0.819197 -0.563106 0.108759 -0.047751 0.122009 0.991380
2.384318 -35.583533 -119.563899 81.595467 -0.563049 -0.823888 0.064685 0.825753 -0.557714 0.084184 -0.033283 0.100813 0.994349
2.416320 -34.232879 231.223515 496.846850 -0.576302 -0.815363 0.055316 0.809580 -0.560349 0.174896 -0.111608 0.145576 0.983032
0.672191 -33.493581 63.778578 177.237698 -0.587397 -0.806388 0.068576 0.797323 -0.562101 0.219818 -0.138712 0.183797 0.973128
1.621765 -33.354623 -307.431094 -153.226150 -0.566375 -0.819707 0.085443 0.822756 -0.556350 0.116393 -0.047871 0.136221 0.989521
-7.474133 -80.490652 500.150517 4358.224727 0.837521 0.528601 -0.138347 -0.484967 0.835773 0.257469 0.251725 -0.148542 0.956331
-13.185502 -65.504871 -16.476220 7207.888339 0.843693 0.517769 -0.141765 -0.523774 0.851836 -0.005998 0.117655 0.079313 0.989882
-10.205478 -70.745986 -676.720383 4093.357890 0.803894 0.586912 -0.096384 -0.562004 0.802610 0.199923 0.194696 -0.106549 0.975059
-5.120998 -76.192753 -1039.350953 1269.277639 0.759135 0.649416 -0.044413 -0.579664 0.705485 0.407775 0.296149 -0.283812 0.912001
-4.696828 -81.520069 236.107145 883.160866 0.797524 0.595238 -0.098219 -0.501298 0.744435 0.441041 0.335642 -0.302504 0.892097
-6.530837 -66.334239 -1478.249503 3336.761808 0.769074 0.638726 -0.023545 -0.623061 0.757410 0.195254 0.142547 -0.135495 0.980470
-9.752132 -70.449375 727.088886 2147.383947 -0.990345 0.114239 0.078523 0.111331 0.992958 -0.040490 -0.082596 -0.031357 -0.996090
-9.233305 -66.547893 -150.492963 1954.022064 0.995349 -0.081562 -0.051257 0.087735 0.987261 0.132731 -0.039778 0.136611 -0.989826
-10.032532 -68.856001 271.757348 1745.541501 -0.994711 0.090571 0.048437 0.088685 0.995266 -0.039764 -0.051809 -0.035258 -0.998034
-9.783494 -68.000012 437.236105 1513.019350 0.997661 -0.068322 0.002072 0.068128 0.996375 0.050955 0.005546 0.050695 -0.998699
-11.239718 -73.780630 -463.230308 1329.422148 0.991223 -0.122780 -0.049013 0.106427 0.961036 -0.255115 -0.078426 -0.247660 -0.965668
-10.860513 -71.164138 -133.327495 835.634724 0.996092 -0.085274 -0.022995 0.080124 0.982024 -0.170909 -0.037156 -0.168399 -0.985018
9.821824 -83.963151 -54.337272 -6026.042846 0.986324 0.087115 -0.139913 0.103882 -0.987639 0.117378 0.127958 0.130307 0.983182
8.014767 -75.688487 272.269269 -3521.705745 0.993374 0.010660 -0.114428 0.035896 -0.974653 0.220825 0.109173 0.223469 0.968578
5.636079 -71.188046 85.109194 -4187.273707 0.993938 0.004512 -0.109854 0.044218 -0.931194 0.361833 0.100662 0.364496 0.925748
7.056844 -72.637430 1147.949510 -3366.378166 0.993233 -0.036118 -0.110379 0.008466 -0.925367 0.378978 0.115829 0.377348 0.918799
4.054759 -64.428536 511.687819 -5592.085907 0.984727 0.077387 -0.155964 0.120062 -0.950559 0.286395 0.126090 0.300747 0.945332
2.484651 -56.219166 570.948140 -1813.776059 0.993169 -0.036424 -0.110855 0.016166 -0.897918 0.439865 0.115560 0.438653 0.891196
5.558974 -62.717192 3.948612 -2743.834809 0.995285 -0.050208 -0.082984 -0.003157 -0.871906 0.489662 0.096939 0.487092 0.867954
4.557740 -62.022828 359.482058 -443.483504 0.993486 -0.082463 -0.078651 -0.026223 -0.837093 0.546431 0.110899 0.540809 0.833803
-2.837990 -34.277904 -558.048686 -167.117306 -0.595463 -0.799905 0.074669 0.772843 -0.544965 0.325156 -0.219402 0.251326 0.942708
-4.575828 -36.056016 -867.096600 120.621040 -0.551009 -0.829680 0.089555 0.795682 -0.489995 0.356082 -0.251553 0.267461 0.930154
-2.991550 -35.183665 -367.183719 359.841592 -0.577945 -0.813585 0.063717 0.798685 -0.547869 0.248879 -0.167575 0.194728 0.966436
-2.648469 -33.793382 -324.694032 69.476500 -0.613234 -0.787388 0.062960 0.776874 -0.586785 0.228365 -0.142868 0.188953 0.971538
-1.193319 -33.968631 134.035792 636.686556 -0.605419 -0.794484 0.047563 0.790657 -0.593498 0.150407 -0.091267 0.128665 0.987479
5.821302 -35.722678 2790.263190 1014.223031 -0.551801 -0.832161 0.054989 0.828416 -0.539328 0.151167 -0.096138 0.128968 0.986978
1.784978 -107.203705 -317.760730 -937.460140 -0.378591 0.320705 0.868226 -0.339989 0.824285 -0.452726 -0.860858 -0.466586 -0.203031
-0.186153 -115.195115 -427.124484 2003.482342 -0.382890 0.352726 0.853803 -0.139960 0.891417 -0.431030 -0.913130 -0.284535 -0.291947
2.314697 -114.873301 150.331805 -1744.132967 -0.348793 0.350838 0.869055 -0.467081 0.738848 -0.485735 -0.812514 -0.575340 -0.093835
-0.871506 -75.158398 161.469888 -3260.280714 -0.273109 0.336218 0.901315 0.924092 -0.168677 0.342932 0.267331 0.926556 -0.264629
-2.477108 -74.826780 -448.446370 -6495.022060 -0.265894 0.347440 0.899214 0.889230 -0.271800 0.367960 0.372250 0.897446 -0.236685
-3.006282 -92.686434 -464.658426 -7895.841907 -0.218132 0.337439 0.915726 0.844729 -0.404612 0.350317 0.488724 0.849955 -0.196786
-1.963083 -78.556751 692.399154 -4315.523851 -0.246887 0.318424 0.915234 0.909051 -0.251051 0.332564 0.335667 0.914100 -0.227483
-1.106775 -71.080270 528.889291 -356.793784 -0.293930 0.335702 0.894936 0.938888 -0.074088 0.336156 0.179152 0.939050 -0.293410
0.823976 -70.314633 504.430305 896.665132 -0.323543 0.344123 0.881419 0.939309 0.004481 0.343043 0.114099 0.938914 -0.324688
1.428247 -68.209720 196.858074 1646.948666 -0.336946 0.347937 0.874875 0.933969 0.006043 0.357302 0.119031 0.937498 -0.326999
-24.426409 -82.650646 -1411.331064 3650.847678 0.808086 0.586056 -0.059464 0.370832 -0.427679 0.824363 -0.457691 0.688207 0.562930
-22.164828 -70.953947 -1144.793673 5340.352114 0.780065 0.616196 -0.108631 0.513312 -0.530957 0.674237 -0.357784 0.581710 0.730482
-28.388091 -82.524943 -821.748865 6476.317418 0.862331 0.502955 -0.058499 0.383350 -0.573014 0.724361 -0.330799 0.647064 0.686935
-29.807147 -90.765939 -1033.349864 4280.097079 0.857077 0.513157 -0.045714 0.291702 -0.410227 0.864074 -0.424652 0.753912 0.501285
-27.062499 -89.700227 -2018.133019 2056.865458 0.821972 0.569528 -0.000476 0.208172 -0.299667 0.931055 -0.530119 0.765400 0.364878
-5.851952 -35.511985 -81.062224 3638.139983 0.453104 0.870242 0.193327 -0.858270 0.484476 -0.169280 0.240977 0.089226 -0.966421
-6.337014 -32.690574 322.833059 1165.197614 0.493189 0.844413 0.209122 -0.846743 0.521094 -0.107183 0.199479 0.124211 -0.971998
-7.676693 -35.544449 -317.672274 4131.269754 0.448098 0.870688 0.202759 -0.868752 0.477608 -0.130999 0.210898 0.117447 -0.970427
-4.060143 -165.993694 854.986423 -14580.651576 0.156787 -0.444934 -0.881732 0.580593 0.763741 -0.282154 0.798955 -0.467690 0.378070
-3.976694 -231.115052 484.289443 -29745.810727 0.135505 -0.500003 -0.855357 0.283873 0.846718 -0.449983 0.949239 -0.181838 0.256671
-5.785101 -228.098548 918.164432 -28670.519466 0.133708 -0.523688 -0.841352 0.320100 0.826291 -0.463443 0.937901 -0.207350 0.278114
-7.866308 -156.150756 728.843683 -12665.501775 0.159160 -0.458905 -0.874113 0.601023 0.747459 -0.282977 0.783224 -0.480324 0.394778
0.585814 -115.224496 639.616336 -5749.535678 0.190682 -0.306924 -0.932437 0.538491 0.826899 -0.162065 0.820772 -0.471206 0.322951
1.556125 -106.246628 982.226426 -7975.759892 0.188700 -0.293305 -0.937211 0.752824 0.656025 -0.053731 0.630594 -0.695416 0.344599
5.367948 -111.023071 931.387455 -9874.318921 0.203518 -0.322586 -0.924402 0.654713 0.746848 -0.116483 0.727964 -0.581512 0.363198
4.128945 -114.374464 434.058284 1964.054604 0.212034 -0.319823 -0.923447 0.329228 0.913074 -0.240636 0.920136 -0.253001 0.298897
-6.152798 -26.340563 -1368.727782 1279.405453 0.630129 -0.347263 -0.694511 0.755221 0.066177 0.652121 -0.180497 -0.935430 0.303960
-1.878378 -27.073228 -1032.320545 1749.194003 0.598028 -0.359759 -0.716195 0.779060 0.051071 0.624866 -0.188224 -0.931646 0.310816
-4.184761 -31.593376 -1011.636833 1281.607348 0.618261 -0.347892 -0.704787 0.745456 -0.024639 0.666099 -0.249096 -0.937211 0.244105
-8.699893 -29.629395 -1140.104722 1128.655643 0.574024 -0.319400 -0.753976 0.784860 -0.047881 0.617821 -0.233433 -0.946410 0.223199
7.808698 -7.697923 -1798.485865 936.813568 -0.419905 -0.267699 -0.867189 0.761157 0.416521 -0.497142 0.494287 -0.868820 0.028861
5.385544 -10.155480 388.344625 111.655531 -0.470129 -0.273030 -0.839305 0.751937 0.374020 -0.542862 0.462135 -0.886320 0.029464
3.530967 -8.275866 -1388.844985 -103.881926 0.647172 0.372037 0.665399 0.579863 0.326397 -0.746474 0.494900 -0.868938 0.004496
7.577704 -35.858875 -891.922373 -1730.822059 -0.328137 -0.290317 -0.898912 0.939381 -0.000113 -0.342874 0.099440 -0.956931 0.272756
1.233136 -32.717277 -1826.280390 -1600.341061 -0.387928 -0.322405 -0.863462 0.911653 0.003660 -0.410945 0.135651 -0.946595 0.292501
4.980325 -35.571878 -453.081234 2308.937039 -0.334887 -0.294200 -0.895152 0.904966 0.164198 -0.392524 0.262463 -0.941533 0.211253
9.835208 -35.613878 -92.546923 181.278707 -0.295562 -0.277255 -0.914206 0.939100 0.091291 -0.331297 0.175313 -0.956449 0.233388
7.682206 -34.835058 -85.803851 4423.374202 -0.271861 -0.272392 -0.922981 0.903878 0.256910 -0.342054 0.330296 -0.927254 0.176365
3.228973 -7.897905 -2700.346042 1658.752310 0.593438 0.580449 -0.557593 0.275330 0.504576 0.818289 -0.756323 0.639126 -0.139619
10.144542 -0.479938 2204.765741 1599.641944 -0.531735 -0.407663 0.742340 0.444695 0.611577 0.654386 -0.720766 0.678075 -0.143911
7.560321 -5.348958 3596.639240 -2385.598884 -0.326664 -0.209340 0.921666 0.561493 0.741440 0.367413 -0.760274 0.637530 -0.124658
2.459513 -17.652111 -920.232567 -1131.119732 0.987801 0.025325 -0.153647 -0.146833 0.480049 -0.864866 -0.051856 -0.876876 -0.477911
1.748485 -13.884052 -738.808750 -1124.871384 0.996087 -0.004589 -0.088257 -0.077410 0.436520 -0.896358 -0.042639 -0.899683 -0.434457
6.429229 -19.618397 -1071.926202 -1182.902815 0.995237 0.014573 -0.096394 -0.091516 0.480423 -0.872249 -0.033599 -0.876916 -0.479468
5.942416 -22.469062 -1066.420583 -1109.392065 0.984194 0.048560 -0.170308 -0.169616 0.534997 -0.827652 -0.050923 -0.843457 -0.534778
1.759908 -20.894530 -1289.036842 -1077.621866 0.977379 0.047128 -0.206180 -0.199639 0.527416 -0.825819 -0.069824 -0.848299 -0.524894
-30.092879 -211.641953 -1831.661586 59358.927110 -0.203837 0.966395 0.156622 -0.326119 -0.217870 0.919880 -0.923091 -0.136428 -0.359570
-53.761453 -247.051711 -9111.571681 62538.459700 -0.158058 0.978652 0.131369 -0.296958 -0.173994 0.938905 -0.941718 -0.109391 -0.318120
-73.218179 -281.703779 -7433.044034 61421.498340 -0.236633 0.957582 0.164440 -0.392268 -0.248999 0.885508 -0.888893 -0.145036 -0.434551
4.249425 -1094.509654 8917.939722 273235.509587 -0.368819 0.870498 0.325893 -0.347977 -0.454424 0.820007 -0.861908 -0.189031 -0.470513
9.766929 -111.583549 214.036465 14734.380047 -0.306653 0.949361 -0.068393 0.420353 0.070609 -0.904609 0.853972 0.306150 0.420719
10.878667 -118.277127 -1561.639831 20546.105501 -0.226764 0.973894 -0.010400 0.432899 0.091221 -0.896815 0.872454 0.207867 0.442283
8.151874 -150.100923 678.098471 17807.536581 -0.225614 0.970913 -0.080167 0.643966 0.086879 -0.760105 0.731031 0.223115 0.644836
-4.510589 -48.451831 455.269647 1506.788267 0.696273 0.711885 0.091775 0.222098 -0.335261 0.915572 -0.682551 0.617106 0.391541
-2.802038 -50.160591 305.131206 1119.361812 0.707603 0.698061 0.109585 0.202864 -0.349248 0.914807 -0.676864 0.625089 0.388740
-4.517321 -48.870674 594.258421 2220.388011 0.708487 0.696268 0.115138 0.134456 -0.293335 0.946507 -0.692797 0.655107 0.301442
-34.704962 -47.327609 452.269595 -624.179637 0.222440 -0.586878 0.778520 0.507660 0.751453 0.421425 -0.832347 0.301482 0.465088
-33.323316 -46.660046 1263.980305 -538.628973 0.277476 -0.649907 0.707551 0.458861 0.736690 0.496724 -0.844070 0.186839 0.502630
-33.868423 -47.418688 1293.926993 -271.855522 0.289405 -0.619314 0.729860 0.568420 0.724683 0.389531 -0.770159 0.302135 0.561757
-12.574705 -23.115470 -2288.585129 -2279.321616 0.893862 0.387952 -0.224729 0.443329 -0.839559 0.314007 0.066854 0.380308 0.922441
-15.400391 -16.716688 1419.746697 -1224.684374 0.972236 -0.233706 -0.011755 -0.203723 -0.870081 0.448838 0.115124 0.433981 0.893536
-11.022975 -19.022999 824.450176 -95.189654 -0.449885 -0.802078 0.392777 0.892738 -0.416159 0.172713 0.024929 0.428348 0.903270
5.734926 -172.151572 -2096.270941 32056.569393 -0.348164 0.907700 0.234228 -0.387698 0.088067 -0.917570 0.853506 0.410275 -0.321252
7.706010 -168.759074 -1461.456067 13433.997888 -0.385337 0.881885 0.271650 -0.060543 0.269588 -0.961071 0.920788 0.386783 0.050490
13.918271 -190.490796 -2555.671930 41568.361687 -0.363129 0.898255 0.247536 -0.463110 0.056527 -0.884496 0.808496 0.435823 -0.395465
10.031636 -111.878834 -2798.312326 24052.759009 -0.337529 0.913083 0.228809 -0.607018 -0.025351 -0.794284 0.719446 0.406985 -0.562814
0.539792 -156.525898 -1933.867325 27354.830075 -0.353672 0.908157 0.223981 -0.433672 0.052960 -0.899513 0.828761 0.415267 -0.375111
-2.549098 -38.620818 -1102.857222 526.667402 0.657191 0.690228 0.302795 0.364403 -0.642625 0.673976 -0.659781 0.332592 0.673849
-2.618165 -38.666045 -179.308173 -1194.469725 0.684770 0.661939 0.304840 -0.378082 0.680288 -0.627904 -0.623013 0.314715 0.716107
-4.454096 -43.618931 -14.937248 1763.325362 0.696401 0.632733 0.338636 -0.229713 0.643574 -0.730099 -0.679895 0.430653 0.593533
0.216909 -36.623276 -1185.742852 2595.981457 0.638011 0.717086 0.280588 0.501807 -0.663577 0.554848 -0.584065 0.213198 0.783208
-4.020596 -42.608764 -78.633145 -157.702909 0.685031 0.651251 0.326503 0.227402 -0.616935 0.753445 -0.692113 0.441886 0.570716
-0.597077 -36.559720 -660.774965 1029.061427 0.643608 0.716947 0.267872 0.408032 -0.617532 0.672431 -0.647517 0.323482 0.689986
49.645898 -59.149987 6912.481040 3481.392824 0.702774 0.631778 0.327055 0.312731 0.138573 -0.939679 0.638990 -0.762662 0.100191
41.235650 -51.188870 8511.865868 5086.294410 0.612332 0.700128 0.367246 0.228301 0.288139 -0.929976 0.756920 -0.653296 -0.016597
62.673417 -51.219937 9733.772755 5401.924976 0.722865 0.584392 0.368717 0.211778 0.320558 -0.923251 0.657736 -0.745472 -0.107959
43.088211 -43.697140 8064.064413 2713.812423 0.610140 0.689898 0.389578 0.169998 0.366262 -0.914851 0.773841 -0.624414 -0.106190
-1.146270 -85.168070 465.857944 -6998.250490 0.958933 -0.277938 -0.056550 -0.020333 -0.266225 0.963696 0.282903 0.922970 0.260944
-1.348981 -81.966042 732.844372 -7507.667804 0.960599 -0.273253 -0.050823 -0.023132 -0.260822 0.965110 0.276975 0.925908 0.256866
-1.164360 -92.148613 1171.177856 -4443.678616 0.957292 -0.278961 -0.075984 -0.062312 -0.455695 0.887952 0.282330 0.845294 0.453616
-1.042990 -41.574053 -780.570300 20.938794 0.771222 0.499842 0.394175 -0.611356 0.409056 0.677434 -0.177371 0.763433 -0.621055
-1.185104 -43.543541 -561.878622 741.498265 0.764088 0.501021 0.406383 -0.637556 0.490344 0.594210 -0.098444 0.713120 -0.694095
0.223381 -41.454150 -964.488265 365.324051 0.750476 0.518467 0.409851 -0.648686 0.459200 0.606912 -0.126460 0.721337 -0.680941
-2.624011 -26.410637 -55.831546 2425.118064 -0.441240 -0.086114 -0.893248 0.884263 -0.211348 -0.416426 -0.152926 -0.973610 0.169403
2.520386 -17.593787 692.156196 2435.230227 -0.341465 -0.090765 -0.935502 0.936458 -0.117887 -0.330376 -0.080297 -0.988870 0.125252
-2.479710 -21.342350 1004.343389 2163.110866 -0.520074 -0.042592 -0.853058 0.845235 -0.169354 -0.506849 -0.122881 -0.984634 0.124077
1.262661 -22.508802 219.957396 3095.891026 -0.303659 -0.111595 -0.946223 0.946600 -0.148273 -0.286293 -0.108351 -0.982630 0.150660
-6.077452 -29.834088 818.499531 1719.513244 -0.534370 -0.050043 -0.843768 0.815976 -0.290985 -0.499511 -0.220527 -0.955418 0.196328
-5.768364 -33.825567 -407.275740 1510.446523 -0.450819 -0.099389 -0.887065 0.849945 -0.351383 -0.392584 -0.272681 -0.930941 0.242886
-2.195430 -29.766690 95.135734 2126.244035 -0.344567 -0.102363 -0.933164 0.914831 -0.259627 -0.309318 -0.210612 -0.960268 0.183104
3.844685 -106.660146 -54.301925 -1129.349057 -0.388345 0.864286 0.319684 0.404286 -0.151950 0.901923 -0.828095 -0.479501 0.290409
4.867238 -104.462869 -662.307202 840.561352 -0.386059 0.860432 0.332590 0.211416 -0.268417 0.939817 -0.897921 -0.433139 0.078285
6.377357 -98.274379 -891.932168 555.192921 -0.392005 0.858595 0.330374 0.370845 -0.181167 0.910853 -0.841906 -0.479576 0.247387
5.292017 -96.962170 -356.924593 -1970.415467 -0.392127 0.864427 0.314647 0.507436 -0.082040 0.857775 -0.767298 -0.496020 0.406471
0.194579 -73.065618 42.905635 -1713.669767 0.452023 -0.850799 -0.267986 0.891708 0.423230 0.160416 -0.023062 -0.311477 0.949974
0.872873 -78.277657 -705.792348 -222.861817 0.461280 -0.851926 -0.247876 0.881588 0.408561 0.236389 -0.100113 -0.327566 0.939509
1.624393 -76.012721 -234.355284 1785.255490 0.439809 -0.858229 -0.264595 0.879147 0.351228 0.322086 -0.183490 -0.374274 0.908983
1.331324 -77.039120 220.794708 636.308248 0.416829 -0.866234 -0.275486 0.901661 0.355632 0.246034 -0.115152 -0.350950 0.929287
-0.105607 -76.183368 410.417961 -1105.063828 0.434769 -0.855861 -0.280140 0.895340 0.444198 0.032464 0.096653 -0.264935 0.959410
-0.247960 -51.826352 -222.716733 -4778.321586 0.967622 -0.249109 0.040651 -0.027500 0.056050 0.998049 0.250902 0.966852 -0.047385
-0.264350 -47.138291 -8.452512 -1722.595904 0.965024 -0.261898 0.011794 0.024086 0.133367 0.990774 0.261054 0.955836 -0.135010
-0.008800 -45.335787 -51.622017 -2007.575855 0.965243 -0.260428 0.021985 0.010373 0.122226 0.992448 0.261148 0.957726 -0.120679
-9.114925 -177.917957 1012.140431 -9987.669036 -0.433461 0.668323 0.604530 0.825168 0.024708 0.564348 0.362230 0.743461 -0.562188
-5.886213 -172.581327 1927.030139 -4309.484789 -0.441457 0.655046 0.613214 0.663025 -0.222335 0.714818 0.604577 0.722137 -0.336161
-10.072128 -177.446587 395.079318 5799.793755 -0.414229 0.693264 0.589745 0.639790 -0.239075 0.730419 0.647367 0.679873 -0.344512
16.463255 -106.488670 -1673.329717 5814.151174 -0.421046 0.800268 0.426956 0.227454 0.548829 -0.804395 0.878058 0.241574 0.413106
15.911642 -113.291253 1343.231919 5155.115871 -0.480418 0.804663 0.348879 0.169038 0.475287 -0.863440 0.860596 0.355838 0.364355
8.553063 -116.618358 -1530.724937 -6202.314189 -0.419293 0.803790 0.422038 0.052725 0.485651 -0.872561 0.906319 0.343607 0.246009
10.579751 -49.625620 -1361.936523 -365.241744 -0.608966 0.713385 0.346760 0.726024 0.677375 -0.118542 0.319453 -0.179568 0.930433
15.287168 -51.095652 1029.799158 -2709.486519 0.695303 -0.641766 -0.323557 0.639609 0.757850 -0.128696 0.327801 -0.117468 0.937416
17.364125 -64.321773 2259.691481 -8194.885111 0.653890 -0.668151 -0.354968 0.645485 0.737406 -0.198953 0.394686 -0.099033 0.913463
12.694119 -71.885416 -2768.060962 -9491.966071 -0.574818 0.726255 0.377012 0.698465 0.675500 -0.236319 0.426299 -0.127490 0.895553
24.256474 -544.170391 4869.207271 67599.064516 -0.383573 0.781688 0.491769 0.669670 0.602111 -0.434747 0.635935 -0.162565 0.754426
22.893758 -625.612223 -4911.589409 -80739.024139 0.361675 -0.768837 -0.527334 0.884603 0.461609 -0.066301 0.294396 -0.442502 0.847067
17.461763 -460.248315 1541.059745 -47303.348813 -0.446527 0.752732 0.483744 0.823240 0.557425 -0.107480 0.350555 -0.350245 0.868585
28.944334 -17.716605 7615.523026 334.857876 -0.630165 -0.732658 0.257107 0.747583 -0.483034 0.455848 -0.209790 0.479469 0.852114
23.414305 -17.143459 6498.627237 -105.262780 -0.611017 -0.736586 0.290000 0.774485 -0.480432 0.411532 -0.163803 0.476053 0.864027
11.382213 -20.414172 4610.456311 -145.722458 -0.478697 -0.822308 0.307667 0.854170 -0.355128 0.379839 -0.203084 0.444628 0.872389
6.422497 -20.257303 3111.849689 -536.109064 -0.381211 -0.849488 0.364759 0.914124 -0.287444 0.285925 -0.138042 0.442432 0.886114
-2.763625 -27.338250 2603.024424 -1329.874331 -0.182813 -0.896052 0.404561 0.972499 -0.104412 0.208193 -0.144311 0.431496 0.890498
1.790061 -25.188260 4155.216222 204.064594 -0.443674 -0.841280 0.308872 0.866690 -0.315083 0.386744 -0.228040 0.439284 0.868923
-2.249090 -24.331083 -608.337498 -964.139294 0.830423 -0.511098 -0.221758 -0.557071 -0.755710 -0.344347 -0.008410 -0.409488 0.912277
-2.022598 -26.941484 11.395047 -475.836247 0.739450 -0.612939 -0.278422 -0.673057 -0.664241 -0.325235 -0.014410 -0.427889 0.903716
-6.323826 -28.299848 -1005.565093 -953.440377 0.790986 -0.564652 -0.235605 -0.608705 -0.687360 -0.396249 -0.061797 -0.456841 0.887399
-5.337982 -25.222629 21.508645 -1678.244180 0.906333 -0.386026 -0.171885 -0.422142 -0.808958 -0.409125 -0.018885 -0.443363 0.896143
-13.035634 -27.756346 -700.390131 -857.250652 -0.303230 -0.595076 -0.744269 0.870677 0.144396 -0.470182 0.387263 -0.790591 0.474334
-12.254486 -30.584902 -1133.965364 -847.586773 -0.239750 -0.588050 -0.772474 0.846207 0.263438 -0.463178 0.475871 -0.764720 0.434453
-11.183943 -30.134082 -992.702082 -1009.832688 -0.312303 -0.634040 -0.707432 0.841812 0.160401 -0.515387 0.440249 -0.756482 0.483648
-14.042308 -28.563031 -138.981520 -872.821070 -0.260516 -0.546087 -0.796191 0.867878 0.228842 -0.440930 0.422988 -0.805866 0.414320
-14.321099 -25.590737 -52.715499 -772.484943 -0.351459 -0.552141 -0.756054 0.872350 0.099994 -0.478546 0.339826 -0.827733 0.446516
-13.580093 -26.607033 -264.245179 -390.911002 -0.415258 -0.593489 -0.689442 0.856693 -0.000195 -0.515827 0.306004 -0.804842 0.508519
-3.248162 -34.933111 18.206682 -1048.762841 0.678468 0.703719 0.210856 -0.692468 0.708458 -0.136292 -0.245294 -0.053541 0.967969
-3.127723 -34.277575 -401.790942 108.482869 0.637634 0.738304 0.219841 0.733327 -0.669151 0.120282 -0.235912 -0.084519 0.968092
-2.502247 -33.903916 136.711918 -238.097907 0.654970 0.727935 0.202792 0.732483 -0.677545 0.066346 -0.185696 -0.105087 0.976972
-2.399991 -32.630438 -148.093961 -1234.705514 0.623329 0.751691 0.215456 0.758085 -0.648472 0.069220 -0.191749 -0.120187 0.974057
-2.242080 -33.857021 444.575989 104.969226 0.673488 0.712629 0.196402 0.714640 -0.695627 0.073432 -0.188953 -0.090901 0.977770
-6.224213 -95.292907 921.451389 -1445.175303 0.976777 -0.117257 0.179324 0.150969 0.970555 -0.187700 0.152035 -0.210414 -0.965718
-9.464699 -95.181066 -516.124465 -1737.885068 -0.978548 0.143569 -0.147759 0.159105 0.982257 -0.099281 0.130884 -0.120661 -0.984028
-6.917743 -97.534194 -875.402236 -223.384974 -0.972843 0.148462 -0.177585 0.145210 0.988907 0.031241 0.180253 0.004606 -0.983609
1.063596 -165.204429 530.687583 -2741.864871 0.982837 -0.122300 0.138108 0.160850 0.934698 -0.316964 0.090324 -0.333739 -0.938328
1.165312 -162.901772 -62.022731 -12546.789670 0.983462 -0.137060 0.118397 0.179399 0.826980 -0.532841 0.024881 -0.545269 -0.837892
2.966848 -156.675347 -188.771273 531.652242 0.980213 -0.149875 0.129303 0.171968 0.968271 -0.181326 0.098024 -0.199974 -0.974885
3.955675 -156.318391 -763.276725 16462.867224 -0.977943 0.138317 -0.156511 0.125917 0.988254 0.086596 0.166650 0.064979 -0.983873
3.612670 -179.027223 -822.333538 20729.227568 -0.986263 0.092890 -0.136592 0.102593 0.992545 -0.065791 0.129462 -0.078900 -0.988440
-9.091013 -281.207913 -797.526777 73885.149324 0.101051 0.858334 0.503043 0.081465 -0.511072 0.855669 -0.991540 0.045486 0.121569
-2.271019 -487.339415 11671.577105 117365.184298 0.051533 0.814600 0.577729 -0.154886 -0.564979 0.810438 -0.986587 0.131247 -0.097055
-7.406894 -314.993670 433.035659 87535.604143 0.057292 0.905865 0.419675 -0.022223 -0.419104 0.907666 -0.998110 0.061328 0.003880
-2.128904 -116.232894 -701.608475 26749.677921 0.057650 0.945159 0.321482 0.108358 -0.326039 0.939126 -0.992439 0.019305 0.121212
-37.765753 -68.351266 697.158994 -5857.158714 0.986270 0.084073 -0.142141 -0.023496 0.923394 0.383133 -0.163463 0.374533 -0.912691
-35.619636 -57.482236 53.743744 -2446.063798 0.783091 0.620630 -0.039840 -0.543746 0.714358 0.440492 -0.301842 0.323282 -0.896872
-42.802679 -64.471166 -518.396443 -1155.184495 0.944404 0.300403 -0.133641 -0.201592 0.850155 0.486412 -0.259735 0.432428 -0.863449
-40.299256 -57.216331 983.568314 1511.025011 0.947250 0.320306 0.011036 -0.220596 0.626621 0.747451 -0.232498 0.710458 -0.664225
-32.501883 -51.752204 67.379664 1863.116983 0.604639 -0.604537 0.518601 0.447582 -0.280696 -0.849047 -0.658849 -0.745483 -0.100860
-32.170885 -53.878046 991.768181 356.457859 -0.596270 0.587905 -0.546653 -0.353620 0.418975 0.836309 -0.720704 -0.691974 0.041927
-32.287773 -52.317883 1234.746022 2035.320114 -0.598213 0.618791 -0.509156 -0.199637 0.500266 0.842543 -0.776071 -0.605666 0.175732
-30.312101 -52.611482 -281.984417 2561.430569 -0.542046 0.700252 -0.464579 -0.173856 0.447434 0.877255 -0.822168 -0.556283 0.120787
-10.874974 -44.231189 14715.827227 -395.570756 0.787484 -0.285867 0.546030 -0.320406 0.566932 0.758899 0.526506 0.772572 -0.354857
38.253100 -40.438002 17747.084883 -510.931549 0.780131 -0.271110 0.563821 -0.370973 0.525222 0.765846 0.503760 0.806624 -0.309167
-17.296691 -43.790763 12976.816106 25.977099 0.828086 -0.361045 0.428860 -0.126551 0.624862 0.770411 0.546131 0.692239 -0.471749
13.007978 -39.303018 2556.157806 -122.463125 0.966347 0.236495 -0.101210 -0.252074 0.792084 -0.555933 0.051309 -0.562737 -0.825042
14.827831 -39.357799 2382.090279 31.439477 0.966423 0.229229 -0.116105 -0.256937 0.856617 -0.447427 0.003105 -0.462235 -0.886752
16.100574 -38.028101 628.606217 -303.025448 0.967862 0.194228 -0.159743 -0.250361 0.804053 -0.539276 -0.023700 -0.561938 -0.826839
15.504162 -36.924936 725.593726 -769.315357 0.973360 0.183742 -0.137146 -0.228653 0.733626 -0.639931 0.016969 -0.654242 -0.756095
11.110325 -38.592927 2088.944149 -788.262417 0.968062 0.234944 -0.087508 -0.233083 0.714823 -0.659318 0.092350 -0.658657 -0.746754
-17.610775 -32.179802 -511.933977 -1036.604423 0.344710 0.544208 -0.764861 0.493489 0.588062 0.640820 0.798526 -0.598348 -0.065850
-17.926579 -33.921177 150.663568 -854.813035 0.329010 0.574265 -0.749648 0.391865 0.639242 0.661673 0.859182 -0.511458 -0.014717
-19.944167 -34.811873 782.470107 338.616364 0.314808 0.652311 -0.689483 -0.357783 -0.591278 -0.722760 0.879140 -0.474215 -0.047247
2.718801 -36.060657 -424.142223 -264.339111 -0.546859 -0.834593 0.066339 0.837158 -0.546096 0.030739 0.010573 0.072346 0.997324
3.311863 -35.370871 -344.233387 180.114262 -0.559973 -0.825526 0.070264 0.825656 -0.548998 0.129974 -0.068722 0.130795 0.989025
-7.423577 -72.853116 2102.418530 6078.066027 0.871611 0.446260 -0.202845 -0.438945 0.894736 0.082307 0.218223 0.017298 0.975746
-8.323085 -62.340459 2585.710832 -8475.897816 0.886647 0.404738 -0.223704 0.434437 -0.894797 0.102967 0.158495 0.188481 0.969203
-14.313201 -46.134091 808.539931 -6739.246435 0.883626 0.434134 -0.175308 0.463781 -0.862912 0.200726 0.064133 0.258672 0.963834
-16.035502 -46.112496 184.773410 -5909.083690 0.863357 0.483840 -0.143226 0.503177 -0.846776 0.172577 0.037781 0.221064 0.974527
-8.296193 -66.750271 -513.512600 2362.723545 0.992738 -0.088265 -0.081734 0.099771 0.983717 0.149490 -0.067209 0.156559 -0.985379
-8.066888 -61.509499 -414.762507 734.352568 0.995811 -0.062104 -0.067102 0.078029 0.959781 0.269687 -0.047655 0.273793 -0.960607
-9.066796 -65.084880 907.052424 323.073002 0.997853 -0.065369 0.004089 0.062412 0.967934 0.243327 0.019864 0.242549 -0.969936
11.865027 -84.131045 674.805586 5147.074641 0.991835 0.012546 -0.126906 -0.020222 0.998030 -0.059382 0.125911 0.061464 0.990136
9.838031 -83.073379 527.730905 -4607.031105 0.994454 -0.043736 -0.095645 -0.026104 -0.983616 0.178378 0.101879 0.174892 0.979303
-2.557614 -34.768981 -849.646560 295.770297 -0.570564 -0.816660 0.086737 0.769545 -0.494766 0.403741 -0.286804 0.297108 0.910753
25.638292 -28.682731 5015.904993 3037.384269 -0.133399 0.343443 0.929651 0.418354 0.869877 -0.261329 -0.898434 0.354063 -0.259722
4.868815 -36.595103 5251.648906 3280.895249 -0.011985 0.421817 0.906602 0.468636 0.803295 -0.367556 -0.883310 0.420461 -0.207307
20.209390 -41.922297 7477.320338 4497.929904 -0.073418 0.276163 0.958303 0.338754 0.910671 -0.236483 -0.938006 0.307267 -0.160411
-4.041904 -81.492728 -668.741515 -8000.407766 -0.231427 0.338851 0.911933 0.842564 -0.398795 0.362005 0.486340 0.852140 -0.193212
-3.670601 -88.605176 522.364536 -10470.577002 -0.274676 0.323868 0.905352 0.827870 -0.399252 0.393991 0.489065 0.857734 -0.158455
-1.041253 -68.259957 304.883861 -5888.684198 -0.314022 0.341160 0.886003 0.882341 -0.239668 0.405009 0.350520 0.908939 -0.225758
-18.338715 -58.253281 -549.840582 5275.016928 0.743187 0.656180 -0.130773 0.603820 -0.573563 0.553558 -0.288227 0.490360 0.822479
-23.333689 -59.993050 -299.385857 5845.507199 0.805311 0.578459 -0.129844 0.543684 -0.633262 0.550805 -0.236393 0.514164 0.824472
-7.459443 -31.332022 328.895392 2698.463040 0.518201 0.833905 0.189922 0.851049 -0.524782 -0.017883 0.084755 0.170900 -0.981636
-7.265749 -30.548763 166.996801 -2003.476743 0.526638 0.824780 0.205887 -0.834759 0.547533 -0.058180 0.160716 0.141226 -0.976845
-7.629419 -30.979789 281.773083 -1832.406654 0.507192 0.844170 0.173590 -0.852439 0.521040 -0.043183 0.126901 0.126073 -0.983871
-8.319283 -31.787679 0.700386 1554.449362 0.509037 0.847234 0.151909 0.860466 -0.505373 -0.064781 0.021886 0.163688 -0.986269
-3.121485 -254.556861 1536.082457 -10887.819613 0.120204 -0.506312 -0.853931 -0.060443 0.854840 -0.515359 0.990908 0.113562 0.072152
-2.501215 -282.885883 839.486576 -25934.587236 0.110719 -0.483037 -0.868571 0.297613 0.849954 -0.434746 0.948245 -0.210363 0.237864
-0.879950 -282.708947 298.577488 17596.588146 0.119295 -0.512084 -0.850611 -0.212506 0.823706 -0.525690 0.969850 0.243472 -0.010557
-1.718909 -247.364158 851.907284 26286.533138 0.121109 -0.524837 -0.842543 -0.519540 0.689733 -0.504328 0.845820 0.498813 -0.189141
5.577626 -98.924930 1275.019918 -9318.744184 0.188661 -0.314068 -0.930467 0.810162 0.585261 -0.033280 0.555018 -0.747550 0.364862
-2.618457 -21.298842 -1587.673513 2095.004596 0.572331 -0.370398 -0.731602 0.809794 0.114819 0.575370 -0.129114 -0.921749 0.365660
2.641229 -21.694093 -1697.109071 2242.503424 0.486871 -0.376272 -0.788274 0.861960 0.060921 0.503303 -0.141356 -0.924504 0.353993
5.111878 -224.612001 -326.132264 -29830.193568 -0.163666 0.553299 0.816746 0.965647 -0.079537 0.247386 0.201840 0.829177 -0.521274
2.044870 -193.876893 -2536.054522 -31705.677033 -0.132635 0.570216 0.810717 0.935294 -0.198735 0.292796 0.328074 0.797094 -0.506960
2.138976 -462.344799 -3679.151936 -110556.977489 -0.076050 0.526374 0.846845 0.836539 -0.428493 0.341462 0.542604 0.734387 -0.407745
3.042294 -207.224318 725.017203 -17339.259434 -0.131709 0.516948 0.845824 0.924722 -0.243329 0.292712 0.357130 0.820705 -0.445984
4.179673 -192.945214 373.135403 9794.003694 -0.184525 0.519640 0.834221 0.982490 0.075290 0.170423 0.025750 0.851062 -0.524434
4.901745 -175.263233 -472.648390 6549.100728 -0.203645 0.549365 0.810387 0.973846 0.198850 0.109920 -0.100759 0.811577 -0.575492
-11.796557 -301.988149 -931.115286 -39071.209763 -0.388332 0.289452 0.874880 -0.406374 0.798302 -0.444493 -0.827079 -0.528139 -0.192380
-5.647721 -250.681827 -1583.488991 -32767.515937 -0.424494 0.195230 0.884132 -0.392118 0.840517 -0.373865 -0.816118 -0.505388 -0.280241
-10.466078 -205.939044 1573.345499 17974.804778 0.435499 -0.274387 -0.857352 0.596020 -0.625859 0.503052 -0.674612 -0.730077 -0.109021
4.603204 -19.976369 2183.603036 -1226.125319 0.710812 0.516939 0.476991 0.375686 0.294286 -0.878781 0.594648 -0.803847 -0.014975
9.436578 -16.392262 911.905648 -875.115608 0.749935 0.489841 0.444582 0.344966 0.283865 -0.894662 0.564443 -0.824304 -0.043902
6.872256 -15.536261 165.595811 -970.356431 0.703580 0.467404 0.535265 0.445571 0.296607 -0.844684 0.553572 -0.832801 -0.000425
4.326870 -14.812868 714.468653 -846.055403 0.629405 0.440603 0.640093 0.564213 0.307290 -0.766313 0.534334 -0.843470 0.055184
3.122928 -18.008813 1640.004890 -1172.769721 0.670792 0.484475 0.561535 0.476593 0.298530 -0.826885 0.568240 -0.822292 0.030646
-12.662121 -29.641237 -2711.540160 2749.935714 -0.429071 -0.323364 -0.843406 0.828557 0.230941 -0.510059 0.359712 -0.917661 0.168836
-17.806183 -29.245491 414.958956 1640.745435 0.698897 0.319775 0.639756 0.631591 0.143793 -0.761850 0.335613 -0.936519 0.101470
-16.015908 -24.217651 -2147.159874 1533.286349 -0.564397 -0.361571 -0.742107 0.714886 0.235446 -0.658409 0.412788 -0.902126 0.125596
-13.859576 -33.452444 -1353.607020 2115.746402 -0.551160 -0.305549 -0.776442 0.787873 0.115812 -0.604850 0.274733 -0.945107 0.176903
-7.277790 -33.419725 -2531.238699 940.151431 -0.448675 -0.340345 -0.826351 0.856396 0.100605 -0.506424 0.255494 -0.934903 0.246331
12.708515 -0.966261 1747.106105 -2307.290247 -0.335750 -0.106757 0.935882 0.582542 0.757234 0.295367 -0.740214 0.644360 -0.192051
11.472734 -0.823278 532.871181 2717.804172 0.700406 0.466397 -0.540282 0.305162 0.488611 0.817395 -0.645219 0.737382 -0.199899
9.705159 2.897017 819.480299 1555.344156 0.626465 0.327865 -0.707140 0.438378 0.601939 0.667454 -0.644490 0.728131 -0.233364
-2.728583 -80.917311 235.773130 2060.763583 0.997757 -0.034008 -0.057660 0.058111 0.012445 0.998233 0.033230 0.999344 -0.014393
-1.728528 -77.603550 -207.553504 4702.687658 0.996860 -0.013027 -0.078106 0.074485 -0.180497 0.980751 0.026874 0.983489 0.178960
-1.443598 -74.625972 -221.730775 5009.964825 0.998134 -0.021007 -0.057331 0.050291 -0.249626 0.967035 0.034626 0.968114 0.248104
12.338726 -103.363446 939.863955 10725.911913 -0.389510 0.920295 -0.036604 0.440236 0.151125 -0.885073 0.808996 0.360859 0.464012
5.993284 -116.975822 1746.370487 11019.350385 -0.431914 0.901691 -0.020109 0.464125 0.203090 -0.862173 0.773329 0.381717 0.506215
10.537804 -90.414220 757.038802 10179.775017 -0.371067 0.925600 -0.074654 0.297501 0.042339 -0.953782 0.879660 0.376127 0.291078
-3.334960 -44.813057 281.992287 -1214.309977 0.686839 0.723712 0.067030 0.285674 -0.353615 0.890700 -0.668314 0.592618 0.449622
-1.651405 -47.472204 392.893794 -1206.020557 0.702764 0.706510 0.083467 0.286896 -0.388807 0.875511 -0.651010 0.591331 0.475935
-31.554953 -45.230016 -1612.918236 -361.871114 -0.321140 0.710273 -0.626404 0.424148 0.699263 0.575438 -0.846739 0.080891 0.525822
-33.217504 -45.946668 -1267.028795 -165.898779 -0.244604 0.712162 -0.658023 0.361893 0.696651 0.619444 -0.899557 0.086616 0.428130
-30.151553 -44.685334 -912.475025 14.305378 -0.321497 0.742137 -0.588109 0.343039 0.670175 0.658171 -0.882589 -0.009856 0.470042
-32.347988 -46.471549 -1314.343844 69.138804 -0.221406 0.811312 -0.541065 0.271645 0.584186 0.764811 -0.936583 -0.022356 0.349731
-3.826792 -29.540921 3154.038371 -1569.799846 0.972740 0.063614 -0.223002 0.127449 -0.950040 0.284924 0.193735 0.305578 0.932249
9.735180 -33.258727 6280.870246 884.102567 0.964489 0.050790 -0.259192 -0.109863 0.969560 -0.218824 0.240188 0.239529 0.940710
9.650916 -29.529390 6787.162355 -1943.572722 0.965861 0.015096 -0.258621 0.102445 -0.939185 0.327774 0.237945 0.343078 0.908669
0.689562 -25.897497 5740.196506 -2085.747837 0.975028 -0.044215 -0.217636 0.049157 -0.912706 0.405649 0.216574 0.406218 0.887740
17.912868 -27.646495 5694.117908 -1755.793422 0.979721 -0.011465 -0.200038 0.071045 -0.913618 0.400318 0.187348 0.406412 0.894276
19.139653 -186.451624 -3429.394363 32905.474056 -0.383291 0.863061 0.328959 -0.287810 0.226822 -0.930439 0.877641 0.451307 -0.161459
9.559638 -168.657835 -973.234304 -4559.443218 -0.421819 0.858932 0.290354 0.155636 0.384079 -0.910088 0.893222 0.338703 0.295693
3.489684 -190.507788 213.027628 -22741.190431 -0.410263 0.877914 0.246883 0.414297 0.420586 -0.807134 0.812430 0.228854 0.536268
1.458218 -177.420442 -1028.098670 -14369.691703 -0.375948 0.892575 0.248943 0.324022 0.378318 -0.867113 0.868144 0.245326 0.431441
-4.734122 -43.423955 -93.837106 305.438071 0.706748 0.623858 0.333630 -0.275676 0.677159 -0.682245 -0.651544 0.390201 0.650564
-2.930423 -38.440279 -361.420092 -2925.980455 0.684361 0.669205 0.289507 -0.460908 0.704701 -0.539407 -0.564990 0.235714 0.790712
-3.899661 -38.421491 -187.174710 2413.197660 -0.633362 -0.738953 -0.229785 0.737027 -0.485500 -0.470193 0.235890 -0.467160 0.852125
