15846
31680
-35.282059 -57.358961 874.974066 7226.894153 -0.394803 -0.904268 0.162572 0.916651 -0.375681 0.136432 -0.062296 0.202885 0.977219
-39.589247 -67.069447 1771.606914 6003.580614 -0.268938 -0.946633 0.177647 0.948328 -0.228013 0.220646 -0.168365 0.227808 0.959039
-36.118573 -66.016914 2806.265605 8993.762520 -0.026872 -0.989090 0.144843 0.995923 -0.014009 0.089109 -0.086108 0.146648 0.985434
-39.154404 -64.599418 365.398548 5798.567140 -0.510104 -0.829061 0.229023 0.851889 -0.450255 0.267497 -0.118652 0.331553 0.935946
-30.217689 -49.852670 3560.605361 7218.159461 -0.362585 -0.923394 0.125999 0.931942 -0.359819 0.044874 0.003901 0.133694 0.991015
-31.215605 -50.393724 840.207981 4695.557338 -0.646910 -0.742271 0.174760 0.762562 -0.628920 0.151522 -0.002560 0.231286 0.972882
67.452079 -87.154425 -5265.022812 4486.388208 0.675988 -0.729673 0.103039 -0.645728 -0.519150 0.559927 0.355071 0.445039 0.822110
75.320533 -103.812035 1838.594628 -13898.904535 -0.633348 0.772578 -0.044654 0.607081 0.460234 -0.647794 0.479920 0.437388 0.760506
74.089434 -88.470727 -239.417616 -7030.728773 -0.597445 0.801796 0.013503 0.653930 0.496873 -0.570520 0.464150 0.332025 0.821173
66.806221 -89.058151 -1228.504115 3145.393879 -0.591271 0.806447 0.006519 0.715683 0.528416 -0.456699 0.371748 0.265368 0.889597
5.141865 -168.498973 5817.072587 -58819.127298 0.617403 0.785060 -0.049946 0.761161 -0.612225 -0.214044 0.198616 -0.094135 0.975546
-5.041580 -94.301029 21921.775855 -15621.783020 -0.622184 -0.710533 -0.328678 0.756103 -0.436541 -0.487586 0.202965 -0.551883 0.808845
-32.806962 -272.963965 15140.764832 -90072.493787 0.426852 0.900738 -0.080428 0.860070 -0.431837 -0.271655 0.279422 -0.046783 0.959028
-27.470970 -188.369842 4329.253349 -63451.927154 0.580465 0.807319 -0.106289 0.773182 -0.587396 -0.239074 0.255443 -0.056593 0.965166
17.391795 -69.744922 8485.640971 17787.659935 0.769993 0.601963 -0.211548 -0.541284 0.791808 0.282935 0.337822 -0.103351 0.935519
-49.671208 -77.757114 -7883.987040 -6464.308851 0.353320 0.059848 0.933586 -0.476629 0.870230 0.124596 -0.804978 -0.488996 0.335995
-32.270283 -62.443473 -15871.476915 -4953.308242 0.033246 0.321713 0.946253 -0.669087 0.710478 -0.218045 -0.742440 -0.625876 0.238874
-50.843483 -69.195197 -8511.810159 -8842.639648 0.285307 0.219981 0.932849 -0.651583 0.758301 0.020464 -0.702879 -0.613667 0.359685
1.317503 -63.662613 1142.197788 5557.574179 -0.514491 -0.227067 -0.826886 0.233408 0.890808 -0.389847 0.825118 -0.393575 -0.405313
0.233676 -76.401466 1920.121813 8282.049453 -0.538206 -0.274332 -0.796917 0.289781 0.827665 -0.480623 0.791430 -0.489605 -0.365958
3.574917 -66.942929 1162.344220 7748.304869 -0.521220 -0.271290 -0.809154 0.259095 0.853076 -0.452913 0.813142 -0.445715 -0.374351
4.743464 -53.799545 1275.740365 2823.074475 -0.504016 -0.234237 -0.831325 0.203812 0.903083 -0.378022 0.839303 -0.359963 -0.407428
29.386596 -44.985114 7710.326403 1510.363888 -0.584952 0.809103 -0.056421 0.355110 0.192948 -0.914696 0.729196 0.555089 0.400186
30.572760 -41.953590 7531.725457 914.914665 -0.592574 0.805475 -0.008155 0.255752 0.178533 -0.950114 0.763837 0.565098 0.311796
41.577406 -46.809672 7217.483884 1802.591553 -0.545066 0.838392 0.001482 0.323334 0.211841 -0.922268 0.773536 0.502218 0.386547
-2.345374 -66.347034 -204.261775 -16.642837 0.383948 0.920156 -0.076794 0.292191 -0.199972 -0.935220 0.875904 -0.336637 0.345640
-1.281104 -65.309819 -251.039689 -61.359563 0.373539 0.926526 -0.044932 0.452468 -0.224274 -0.863119 0.809779 -0.302078 0.502998
-0.783748 -69.244394 -909.506990 -196.825735 0.399457 0.913212 -0.080490 0.287934 -0.208333 -0.934715 0.870361 -0.350203 0.346165
-1.489848 -68.700382 -805.859311 -393.369704 0.401961 0.908385 -0.115171 0.125261 -0.179148 -0.975815 0.907049 -0.377813 0.185796
-3.112911 -65.734657 -49.387068 25.158379 0.385438 0.915748 -0.113331 0.124984 -0.173501 -0.976871 0.914230 -0.362359 0.181328
0.241197 -78.499919 -43.420158 -8271.362090 -0.003704 0.963842 0.266448 0.433139 -0.238612 0.869169 -0.901319 -0.118628 0.416594
0.864002 -87.525220 -260.321227 -9653.398431 -0.001420 0.962169 0.272451 0.460034 -0.241282 0.854489 -0.887900 -0.126550 0.442288
0.384696 -99.121908 -123.930674 -13557.193527 0.019593 0.953414 0.301027 0.588832 -0.254333 0.767198 -0.808018 -0.162223 0.566384
-9.355120 -48.538797 -189.898755 -506.327603 0.433872 0.867327 -0.243925 0.398726 -0.427618 -0.811271 0.807944 -0.254728 0.531357
-7.506029 -51.057137 41.141261 -25.723127 0.429279 0.886029 -0.175137 0.370895 -0.349748 -0.860298 0.823503 -0.304350 0.478763
-4.261296 -49.389112 42.161604 429.338051 0.450606 0.845649 -0.286064 0.176928 -0.398679 -0.899862 0.875015 -0.354870 0.329267
-8.961557 -46.413309 -307.087475 -680.377613 0.453500 0.816510 -0.357279 0.290153 -0.514291 -0.807041 0.842703 -0.262328 0.470144
-12.142880 -43.483340 -111.649706 -804.133730 0.419388 0.852032 -0.313298 0.454293 -0.495772 -0.740154 0.785959 -0.168082 0.594993
24.242482 -48.051479 18442.269519 772.647793 -0.034402 0.980775 0.192084 0.726541 0.156519 -0.669059 0.686261 -0.116540 0.717959
30.192755 -46.652112 20046.460048 -312.839174 -0.010528 0.983220 0.182121 0.645474 0.145785 -0.749740 0.763710 -0.109661 0.636177
39.054123 -44.823421 9960.778332 837.785531 0.022563 0.967440 0.252091 0.727985 0.156928 -0.667391 0.685221 -0.198577 0.700742
31.317939 -46.168554 6245.516303 1440.415089 -0.270973 0.937613 0.217841 0.642504 0.344691 -0.684380 0.716772 0.045485 0.695822
27.403259 -48.597568 2807.236237 1590.247124 -0.270425 0.938937 0.212764 0.726873 0.344036 -0.594386 0.631289 0.006084 0.775524
24.676831 -46.707901 5464.724908 1232.185627 -0.321801 0.928708 0.184244 0.665443 0.360274 -0.653749 0.673520 0.087773 0.733939
31.611560 -48.675864 464.495785 1706.335210 -0.198887 0.947826 0.249137 0.714172 0.314261 -0.625458 0.671120 -0.053532 0.739414
26.168257 -45.711670 9624.085742 120.200522 -0.326318 0.927934 0.180151 0.584761 0.347907 -0.732813 0.742678 0.133785 0.656148
35.939648 -44.825166 8618.965375 809.329850 -0.271702 0.937778 0.216220 0.558675 0.336634 -0.757997 0.783620 0.085153 0.615377
38.147931 -46.398734 -126.018816 1766.355705 -0.190699 0.945916 0.262443 0.623175 0.323223 -0.712166 0.758476 -0.027739 0.651110
-8.341464 -132.985758 911.458302 7838.479685 0.662466 0.230091 0.712879 -0.150501 0.973135 -0.174234 -0.733817 0.008135 0.679298
-13.356373 -151.010601 2268.697318 12385.772964 0.673433 0.238091 0.699858 -0.295021 0.954616 -0.040878 -0.677828 -0.178944 0.713111
-6.769335 -133.178307 3171.964885 8360.107366 0.677370 0.286003 0.677770 -0.227558 0.957605 -0.176663 -0.699562 -0.034566 0.713736
-14.287995 -152.848921 76.569456 9649.170080 0.656389 0.194315 0.728969 -0.236478 0.970558 -0.045780 -0.716402 -0.142336 0.683015
-3.287289 -117.617841 3300.742084 9718.498813 0.677055 0.302315 0.670972 -0.109003 0.942868 -0.314829 -0.727815 0.140019 0.671327
-3.423127 -116.572838 426.768978 10825.193981 0.655874 0.248243 0.712884 -0.028941 0.951955 -0.304867 -0.754315 0.179323 0.631547
-9.305015 -128.435021 -83.303455 10565.956746 0.646315 0.192473 0.738398 -0.051109 0.976412 -0.209779 -0.761358 0.097844 0.640907
-1.590586 -116.571017 459.327029 3870.882986 0.539509 0.229354 0.810140 -0.299931 0.951418 -0.069613 -0.786747 -0.205429 0.582089
-1.828899 -110.392042 72.600102 5751.134790 0.546152 0.189460 0.815980 -0.134311 0.981291 -0.137946 -0.826849 -0.034256 0.561380
-1.935238 -108.157430 499.075907 4568.712041 0.534938 0.232240 0.812346 -0.294922 0.952328 -0.078051 -0.791747 -0.197826 0.577929
-1.110345 -111.816937 1259.294242 224.961090 0.522958 0.272565 0.807603 -0.455700 0.890117 -0.005328 -0.720314 -0.365239 0.589702
-2.984855 -101.761987 272.382335 2076.945439 0.513633 0.269994 0.814423 -0.439146 0.898175 -0.020802 -0.737111 -0.346966 0.579898
-2.497432 -98.367187 -137.431006 3283.274393 0.532632 0.219951 0.817267 -0.287153 0.955326 -0.069962 -0.796145 -0.197417 0.571997
-7.589625 -104.127624 998.356159 -8774.557091 0.582261 0.237978 0.777392 0.252536 0.855959 -0.451177 -0.772785 0.459022 0.438294
-7.556580 -120.846106 1493.756406 -12705.571012 0.572198 0.191299 0.797492 0.411099 0.774517 -0.480750 -0.709639 0.602933 0.364535
-9.534842 -97.723864 -163.798914 -10582.742519 0.559990 0.255096 0.788249 0.264572 0.846542 -0.461919 -0.785119 0.467219 0.406564
12.617125 -20.748279 -2046.148815 -1122.457879 0.663103 -0.018473 0.748300 0.417213 0.839128 -0.348995 -0.621473 0.543620 0.564135
12.355281 -18.737686 -806.405548 -1448.821345 0.603360 -0.167949 0.779583 0.514300 0.829062 -0.219435 -0.609469 0.533338 0.586599
5.229937 -17.307703 -13.113780 -1169.731606 0.695190 0.027557 0.718297 0.339175 0.868458 -0.361582 -0.633775 0.494996 0.594397
1.940651 -21.244441 -2136.118024 -161.730122 0.742048 0.202730 0.638956 0.198086 0.844293 -0.497926 -0.640411 0.496054 0.586348
8.626310 -24.029856 -2090.979211 -356.421750 0.721371 0.138267 0.678606 0.295310 0.824907 -0.481997 -0.626431 0.548097 0.554232
25.452624 -47.290006 -22270.527664 3427.813051 0.627992 0.478325 0.613865 0.172273 0.683792 -0.709049 -0.758912 0.551030 0.347014
6.705464 -56.810487 -35967.243415 2513.558669 0.553294 0.491354 0.672635 0.277795 0.652428 -0.705101 -0.785300 0.576983 0.224489
28.726269 -52.568964 -37230.872928 -24.827625 0.533708 0.434413 0.725562 0.331905 0.681531 -0.652193 -0.777814 0.588898 0.219555
-6.554295 -58.214086 -22792.259217 2400.844954 0.602668 0.537439 0.589874 0.173082 0.633564 -0.754081 -0.778996 0.556557 0.288808
11.672181 -49.608499 -19081.429362 1913.584759 0.636828 0.548686 0.541659 0.043476 0.675862 -0.735745 -0.769779 0.492092 0.406553
-6.611752 -218.627587 -1289.184958 -45187.139331 0.528140 0.222641 0.819451 0.715425 -0.636498 -0.288161 0.457422 0.738445 -0.495443
-2.351053 -192.631585 -2407.938262 -26466.216865 0.527784 0.255491 0.810042 0.682698 -0.695000 -0.225606 0.505340 0.672085 -0.541233
-3.099456 -182.832934 -1202.373991 -26438.120648 0.526919 0.238794 0.815680 0.762027 -0.557754 -0.328976 0.376391 0.794914 -0.475858
3.980675 -636.188210 -8030.369308 218151.663169 0.740304 -0.243353 0.626681 -0.293549 0.721607 0.626986 0.604796 0.648122 -0.462773
47.663515 -675.357687 -16651.842654 315836.623469 0.867781 -0.243177 0.433384 -0.393401 0.196683 0.898082 0.303632 0.949832 -0.075012
91.038772 -9813.387495 48939.982253 5998651.431855 -0.749031 -0.053478 -0.660374 0.149475 0.957398 -0.247075 0.645453 -0.283776 -0.709127
0.081500 -39.483080 -1399.334232 3153.877612 -0.176836 0.948405 0.263166 0.782330 -0.026804 0.622288 -0.597235 -0.315925 0.737226
-2.065018 -43.465012 -1485.336939 912.697234 -0.176355 0.947718 0.265950 0.709086 -0.065078 0.702112 -0.682712 -0.312402 0.660537
3.533740 -40.228222 -1832.177525 2592.794240 -0.222139 0.949056 0.223487 0.755593 0.022697 0.654648 -0.616225 -0.314288 0.722142
5.874544 -32.850623 -1658.315286 4286.822445 -0.229217 0.949304 0.215133 0.813285 0.065344 0.578185 -0.534816 -0.307494 0.787032
6.626887 -40.865704 -1745.909089 2034.265538 -0.244722 0.951090 0.188519 0.727210 0.051442 0.684485 -0.641309 -0.304601 0.704231
8.399259 -34.529071 -1509.869459 3675.089988 -0.258104 0.950267 0.174281 0.786030 0.101662 0.609772 -0.561728 -0.294375 0.773178
20.951435 -25.132543 9390.421499 -4445.773043 0.478048 0.878333 0.001333 0.792210 -0.430518 -0.432502 0.379307 -0.207813 0.901632
25.870667 -32.477105 7174.719053 -4908.834251 0.445368 0.893753 0.053411 0.800915 -0.371019 -0.469979 0.400228 -0.252091 0.881060
33.901636 -26.295205 6301.268618 -5154.555628 0.499471 0.863995 0.063565 0.799477 -0.431422 -0.417986 0.333714 -0.259590 0.906227
12.340479 -32.326622 7720.970603 -3956.719379 0.415608 0.909272 0.022207 0.795145 -0.351373 -0.494248 0.441603 -0.223071 0.869037
5.501211 -25.091607 7902.344730 -4238.850831 0.451373 0.892280 -0.009956 0.799023 -0.409114 -0.440668 0.397272 -0.190951 0.897615
36.352620 -19.245908 -5453.169367 8749.619464 -0.083518 0.941343 0.326953 -0.547953 0.230662 -0.804079 0.832330 0.246310 -0.496547
33.764141 -35.600199 -4858.171077 2708.287662 -0.130736 0.958078 0.254941 -0.456193 0.170173 -0.873458 0.880225 0.230495 -0.414821
47.212582 -19.460775 -5269.638411 6773.718787 -0.163851 0.911159 0.378076 -0.529033 0.242322 -0.813267 0.832632 0.333270 -0.442329
50.540572 6.584981 -5469.076551 13652.556651 -0.109573 0.874170 0.473097 -0.596585 0.322861 -0.734743 0.795035 0.362750 -0.486139
54.272453 -0.326095 -2957.192632 9929.946373 -0.232132 0.827874 0.510626 -0.574206 0.307099 -0.758932 0.785113 0.469377 -0.404083
50.364439 -19.732588 -2658.506414 4760.484440 -0.256688 0.860119 0.440802 -0.511354 0.266158 -0.817115 0.820139 0.435150 -0.371505
-22.073120 -34.037367 778.120742 -444.297558 -0.287479 0.911575 0.293916 0.106398 0.335365 -0.936061 0.951859 0.237826 0.193400
-19.048448 -31.966320 518.930827 -742.989155 -0.270931 0.938688 0.213214 0.226165 0.277373 -0.933763 0.935652 0.204764 0.287448
-22.810146 -33.733639 -328.470000 -498.485746 -0.178820 0.983498 0.027478 0.169730 0.058346 -0.983762 0.969131 0.171252 0.177362
-21.472995 -35.110474 -1322.799826 -826.935608 -0.059535 0.968261 -0.242749 0.180013 -0.228780 -0.956690 0.981861 0.100655 0.160679
-25.457599 -36.480773 -869.227334 -609.310567 -0.108027 0.969813 -0.218616 0.082761 -0.210366 -0.974113 0.990697 0.123323 0.057538
1.500097 -159.638902 -217.837647 12084.636388 0.007883 0.992141 0.124877 -0.935051 -0.036949 0.352582 -0.354425 0.119546 -0.927411
2.391422 -150.505335 -665.399442 34353.069811 -0.001901 0.992568 0.121680 -0.875564 -0.060435 0.479307 -0.483099 0.105628 -0.869171
1.225442 -141.301440 -192.133721 17672.189609 -0.001137 0.992332 0.123594 -0.851777 -0.065712 0.519768 -0.523904 0.104684 -0.845320
1.092701 -147.868386 301.222336 7942.864232 0.010430 0.991548 0.129324 -0.898779 -0.047390 0.435832 -0.438277 0.120780 -0.890688
0.793857 -138.592070 314.200669 8157.805084 0.005896 0.991505 0.129931 -0.804507 -0.072468 0.589506 -0.593914 0.108006 -0.797246
1.253057 -123.621273 -188.845056 10735.593678 0.010491 0.993809 0.110604 -0.757961 -0.064242 0.649129 -0.652216 0.090644 -0.752594
-18.106216 -1015.143219 -13325.785272 307148.452964 0.095251 -0.060503 -0.993613 -0.489071 0.866533 -0.099649 0.867028 0.495439 0.052948
-10.092673 -1086.611590 1253.668878 423531.606716 0.031728 0.063617 -0.997470 -0.126423 0.990212 0.059133 0.991469 0.124227 0.039460
-13.032828 -595.597593 -190.307686 190240.773841 0.000266 0.044975 -0.998988 -0.522691 0.851666 0.038204 0.852522 0.522152 0.023734
-0.899329 -609.936166 3684.540400 193461.740681 -0.063372 0.035595 -0.997355 -0.403898 0.912948 0.058247 0.912606 0.406521 -0.043478
7.638108 -249.136357 5204.292153 59871.399944 -0.078556 0.213210 -0.973843 -0.519301 0.825109 0.222536 0.850974 0.523199 0.045903
-8.005296 -40.324570 3410.677472 1625.791122 0.034783 0.992674 -0.115709 -0.912930 0.078668 0.400462 -0.406631 -0.091705 -0.908978
-4.622557 -42.202671 6772.728852 817.070297 0.141237 0.981957 -0.125752 -0.904217 0.179672 0.387441 -0.403044 -0.058986 -0.913278
-4.007325 -43.132229 3552.189223 -1077.585955 0.038569 0.994021 -0.102151 -0.952289 0.067536 0.297630 -0.302750 -0.085798 -0.949200
-1.812402 -41.454532 -5649.819207 703.419336 -0.109697 0.987679 -0.111611 -0.926465 -0.060927 0.371416 -0.360039 -0.144147 -0.921734
-13.731185 -38.861625 -2980.637476 2631.623099 -0.165233 0.983676 -0.071265 -0.872028 -0.111959 0.476479 -0.460722 -0.140875 -0.876293
22.908357 -34.346176 317.516140 969.527573 0.140544 0.907360 0.396163 -0.354480 0.419725 -0.835569 0.924441 0.022998 -0.380631
24.201981 -24.403432 423.866800 -3383.718435 0.183311 0.844567 0.503095 -0.229602 0.534395 -0.813452 0.955866 -0.033604 -0.291875
24.197487 -36.358288 1584.982950 383.482242 0.094484 0.919324 0.381989 -0.336256 0.390626 -0.856938 0.937019 0.047479 -0.346036
21.253851 -37.393296 1483.968447 2157.329598 0.084307 0.948778 0.304487 -0.432832 0.310110 -0.846456 0.897524 0.060430 -0.436806
19.037070 -29.367517 -1518.993288 321.969742 0.138993 0.946932 0.289830 -0.434688 0.321307 -0.841314 0.889791 0.009049 -0.456279
156.763211 -51.923202 -62516.869508 -1961.437956 0.015315 -0.857172 -0.514802 0.933345 -0.172423 0.314860 -0.358653 -0.485311 0.797397
179.022556 -42.559535 -30222.145265 -2800.911827 0.019835 -0.704485 -0.709441 0.934877 -0.238467 0.262940 -0.354416 -0.668456 0.653877
132.004871 -45.296144 -48916.130900 79.552727 0.043986 -0.837779 -0.544235 0.880929 -0.224414 0.416656 -0.471199 -0.497760 0.728153
232.814945 -57.701638 -56895.914992 -5856.870639 0.007990 -0.726961 -0.686632 0.966895 -0.169521 0.190729 -0.255051 -0.665425 0.701540
69.572337 -50.702215 38059.287163 -93.615478 -0.085789 0.907137 0.411999 0.877901 -0.126702 0.461774 -0.471094 -0.401310 0.785507
85.779235 -55.749666 -50025.977767 -1179.981686 0.060663 -0.922846 -0.380361 0.935676 -0.080130 0.343643 -0.347608 -0.376741 0.858624
185.278214 -59.681724 -79902.571140 -2424.629273 0.033779 -0.867166 -0.496872 0.970550 -0.090188 0.223382 -0.238521 -0.489784 0.838582
-1.252196 -70.706832 -221.232109 -3891.425476 -0.650919 0.738946 0.173962 -0.512869 -0.597002 0.616891 -0.559705 -0.312327 -0.767582
0.113995 -65.956289 -183.551804 -4141.754148 -0.641699 0.750032 0.160233 -0.623488 -0.631814 0.460515 -0.446638 -0.195608 -0.873070
-0.176256 -73.065743 -353.874613 -3094.375369 -0.657533 0.733461 0.172297 -0.485173 -0.587160 0.647958 -0.576418 -0.342460 -0.741932
-1.382660 -77.006184 -673.280204 -1204.116912 -0.665261 0.724005 0.182330 -0.340123 -0.511285 0.789242 -0.664638 -0.463038 -0.586389
-2.578453 -74.849719 -208.593903 -2259.940758 -0.652642 0.734290 0.186754 -0.374997 -0.527229 0.762501 -0.658358 -0.427608 -0.619448
4.532579 -115.955775 2193.967317 -4383.790288 -0.610648 0.690796 0.387183 -0.355278 -0.675943 0.645661 -0.707733 -0.256714 -0.658188
11.050060 -111.463367 2586.708386 3788.304798 -0.629967 0.658829 0.411201 0.338392 0.709427 -0.618227 -0.699023 -0.250316 -0.669858
1.750815 -107.724207 1634.058932 6603.377615 -0.618891 0.687971 0.379037 0.544197 0.723530 -0.424681 -0.566413 -0.056560 -0.822178
-3.125529 -111.130410 868.134037 -6923.670165 -0.613639 0.708459 0.348617 -0.559316 -0.701662 0.441403 -0.557327 -0.075875 -0.826819
-0.149228 -93.891590 1302.531281 5126.558087 -0.615866 0.696659 0.367933 0.680956 0.705571 -0.196135 -0.396242 0.129754 -0.908931
-4.534560 -96.577103 1004.933792 -5368.743075 -0.605382 0.714891 0.349920 -0.692432 -0.689826 0.211375 -0.392494 0.114333 -0.912621
10.188059 -80.803054 -530.706270 -1922.221658 -0.492442 0.855194 0.161690 0.866901 0.465442 0.178457 0.077358 0.228049 -0.970572
7.635079 -77.520768 -1033.285171 -2822.600260 -0.460809 0.876941 0.136489 0.882312 0.436061 0.177135 0.095819 0.202051 -0.974676
12.057505 -76.857171 -1383.279245 3458.942485 -0.461983 0.874988 0.144804 0.834497 0.373572 0.405042 0.300312 0.307960 -0.902759
-14.097667 -44.138894 3729.394507 4837.650128 0.617015 0.257393 0.743667 0.083684 0.918179 -0.387226 -0.782489 0.301157 0.544991
-17.379948 -55.653845 4776.712617 5863.118465 0.601796 0.162889 0.781862 0.074915 0.963150 -0.258320 -0.795128 0.214029 0.567417
-6.891029 -46.030061 4294.740351 5121.859878 0.621815 0.150243 0.768617 0.111388 0.954482 -0.276688 -0.775202 0.257663 0.576777
-24.665482 -53.172907 4757.665680 5907.609948 0.586026 0.253291 0.769687 0.072587 0.929658 -0.361202 -0.807035 0.267543 0.526418
-6.506581 -37.019544 3726.542875 4137.439839 0.629141 0.195143 0.752397 0.136731 0.925095 -0.354266 -0.765171 0.325760 0.555333
-20.385587 -42.014627 3619.531622 4363.930465 0.606490 0.390698 0.692477 0.040816 0.854493 -0.517856 -0.794043 0.342339 0.502295
-12.806563 -34.703775 2526.440177 3518.732951 0.631345 0.345742 0.694166 0.069483 0.866299 -0.494670 -0.772383 0.360540 0.522910
44.380098 -33.686251 1896.900828 -10598.863287 0.239242 0.863185 -0.444606 -0.534065 0.499399 0.682184 -0.810887 -0.074241 -0.580474
39.054103 -49.595243 -367.116340 -7934.608405 0.234207 0.898459 -0.371375 -0.483576 0.439053 0.757223 -0.843387 -0.002241 -0.537302
37.384189 -54.897807 -342.636051 -10261.138748 0.192203 0.877547 -0.439283 -0.461395 0.475876 0.748770 -0.866125 -0.058768 -0.496361
3.894992 -102.629409 -1424.052595 43.198660 0.690430 -0.487672 0.534306 -0.653534 -0.737173 0.171664 -0.310160 0.467709 0.827677
6.048347 -108.060170 708.096799 -2429.163728 0.699502 -0.507025 0.503610 -0.658607 -0.730904 0.178930 -0.277368 0.456843 0.845199
4.153441 -109.455025 -810.035737 5818.128884 0.671375 -0.516796 0.531203 0.613449 0.789703 -0.007038 -0.415856 0.330591 0.847215
5.651086 -109.390305 -1334.306285 3790.927078 0.710789 -0.471931 0.521595 -0.680112 -0.650339 0.338387 -0.179518 0.595265 0.783220
3.822429 -104.472874 -2487.841365 5588.174482 0.707196 -0.463923 0.533525 -0.677185 -0.661351 0.322545 -0.203211 0.589398 0.781867
13.480281 -41.873965 4361.442183 -2714.674965 -0.094829 0.989193 0.111821 -0.664393 0.020761 -0.747095 0.741343 0.145139 -0.655244
9.702159 -43.147735 -1605.790903 -1743.563214 -0.092918 0.992748 0.076269 -0.667066 -0.005201 -0.744981 0.739182 0.120099 -0.662712
11.492102 -44.860769 2888.898981 -2467.950958 -0.101341 0.990580 0.092090 -0.723161 -0.009780 -0.690610 0.683204 0.136584 -0.717340
16.023402 -45.567164 7418.401728 -2564.900775 -0.088441 0.988902 0.119373 -0.741135 0.014739 -0.671195 0.665506 0.147833 -0.731606
17.549210 -41.049127 4342.645487 -2433.995653 -0.067809 0.991983 0.106638 -0.680566 0.032166 -0.731980 0.729542 0.122210 -0.672929
-5.514988 -150.843867 -4200.713489 11960.709959 0.407229 -0.642872 0.648753 0.520077 0.747132 0.413901 -0.750789 0.168849 0.638596
-11.278088 -154.920557 -3915.959829 10811.347295 0.461283 -0.584160 0.667813 0.509636 0.790570 0.339516 -0.726284 0.183729 0.662386
-2.498616 -138.204838 -4247.031637 12495.195985 0.401445 -0.647748 0.647506 0.648653 0.700192 0.298298 -0.646600 0.300257 0.701252
6.431989 -127.104190 1133.018598 13745.351824 -0.374471 0.713358 -0.592361 0.687951 0.642074 0.338326 -0.621688 0.280822 0.731193
1.572479 -150.682054 -2058.835242 11262.334165 0.392479 -0.687837 0.610607 0.491111 0.718038 0.493185 -0.777670 0.106311 0.619619
-3.419396 -103.024459 -31.318631 -1747.621591 0.647619 -0.628780 0.430378 0.230646 0.700098 0.675770 -0.726218 -0.338377 0.598422
-3.206278 -110.564293 -520.369740 -1239.096211 0.642601 -0.621637 0.447919 0.210887 0.705515 0.676591 -0.736607 -0.340318 0.584460
-2.070068 -103.475724 187.905601 44.318029 -0.639213 0.657791 -0.398394 0.140269 0.609083 0.780604 -0.756129 -0.443090 0.481602
-2.615312 -95.452276 -197.781956 -786.288948 -0.643073 0.661947 -0.385077 0.166037 0.611396 0.773710 -0.747589 -0.433615 0.503079
-3.106797 -94.564430 520.143876 -1391.025251 0.654652 -0.630054 0.417687 0.247283 0.700639 0.669295 -0.714340 -0.334868 0.614477
-10.591629 -109.900568 -419.215389 -13965.069784 0.567181 -0.612452 0.550644 0.784098 0.606107 -0.133506 -0.251983 0.507481 0.823995
-10.563871 -101.737903 627.210107 -14809.358392 0.586516 -0.625626 0.514384 0.781314 0.604383 -0.155787 -0.213421 0.493267 0.843291
-9.653265 -124.898980 -572.714980 -11121.506613 0.606674 -0.579549 0.544123 0.788555 0.525379 -0.319621 -0.100634 0.622977 0.775740
21.203143 -93.836975 -3508.735630 10221.987780 0.541590 0.116848 0.832482 0.806521 -0.351501 -0.475364 0.237073 0.928867 -0.284609
30.305879 -97.373922 -1588.286116 5717.066082 0.446141 0.154013 0.881611 0.886022 -0.214900 -0.410831 0.126185 0.964416 -0.232335
8.776042 -88.366564 -1433.966476 12681.422155 0.386570 0.202192 0.899823 0.865352 -0.416942 -0.278073 0.318950 0.886159 -0.336145
-0.684317 -79.314241 -2912.389591 10053.414185 0.297364 0.270102 0.915762 0.863924 -0.484447 -0.137645 0.406460 0.832079 -0.377405
-1.542766 -74.581154 -5393.739554 9845.610959 0.354393 0.237453 0.904445 0.817323 -0.548566 -0.176235 0.454301 0.801680 -0.388484
0.883564 -74.097864 137.315955 9422.508444 0.378905 0.189695 0.905785 0.807708 -0.545525 -0.223631 0.451707 0.816345 -0.359920
7.601532 -79.047547 -820.882511 13267.271857 0.457105 0.146960 0.877188 0.801228 -0.496201 -0.334391 0.386120 0.855679 -0.344564
25.044413 -50.028835 3436.661388 -1841.171801 -0.117403 0.631337 -0.766570 0.675451 0.616626 0.404398 -0.727999 0.470304 0.498831
27.011608 -46.814867 4691.522913 2524.354518 0.148748 -0.605350 0.781937 0.712629 0.613838 0.339650 -0.685590 0.506708 0.522698
18.464603 -50.689875 -9853.422202 1051.975766 -0.214107 0.635038 -0.742217 0.766576 0.580168 0.275255 -0.605408 0.510032 0.611023
24.271899 -45.674668 -7435.660672 -765.155431 0.076862 -0.623310 0.778188 0.606812 0.648543 0.459533 -0.791120 0.436894 0.428080
23.771284 -49.662753 -426.671972 -2418.724846 -0.151252 0.641456 -0.752102 0.667875 0.627237 0.400647 -0.728743 0.441711 0.523283
27.628189 -49.136497 4872.787847 -2140.252458 -0.081280 0.653494 -0.752555 0.580852 0.644637 0.497046 -0.809941 0.396723 0.431979
-0.660743 -214.950828 2677.980126 30880.751041 -0.409024 0.777921 -0.477010 -0.331240 0.360510 0.871959 -0.850282 -0.514657 -0.110221
-2.266354 -207.919830 1934.988691 13990.352016 -0.427834 0.756818 -0.494150 -0.510767 0.248615 0.822987 -0.745705 -0.604498 -0.280192
-0.952467 -188.753317 1501.232609 21203.419655 -0.417564 0.753906 -0.507213 -0.317013 0.402260 0.858889 -0.851553 -0.519434 -0.071029
14.625694 -26.622241 5806.503349 1540.301609 -0.574722 0.812108 -0.100877 -0.747994 -0.571310 -0.337803 0.331964 0.118687 -0.935795
19.778653 -26.556957 2322.817263 1538.400296 -0.590048 0.788665 -0.172773 -0.732906 -0.612985 -0.295124 0.338661 0.047511 -0.939708
13.228987 -29.420446 1484.486135 1437.660942 -0.610733 0.769821 -0.185421 -0.684736 -0.631045 -0.364580 0.397670 0.095696 -0.912524
5.507365 -29.987888 3518.578982 1989.799165 -0.495957 0.866604 -0.054994 -0.783380 -0.473853 -0.402217 0.374622 0.156401 -0.913891
7.416454 -27.577716 5630.743400 1376.853982 -0.458237 0.888769 -0.010461 -0.828705 -0.431465 -0.356491 0.321351 0.154688 -0.934240
-22.188146 -36.259438 727.120141 1186.704814 -0.262357 0.867489 0.422649 -0.593526 0.200278 -0.779497 0.760852 0.455360 -0.462333
-16.673865 -36.795726 -2003.279867 1829.871755 -0.056445 0.856224 0.513512 -0.671176 0.348232 -0.654414 0.739146 0.381596 -0.555021
-17.951611 -34.206269 -125.883774 1597.792558 -0.238275 0.878924 0.413180 -0.676486 0.155052 -0.719948 0.696844 0.451056 -0.557635
18.203502 -39.519450 -6271.640640 638.486970 -0.066319 0.081156 -0.994493 0.052151 0.995606 0.077769 0.996435 -0.046707 -0.070260
1.232820 -39.502265 -5539.953913 1733.768424 -0.070071 -0.044617 -0.996544 -0.041424 0.998268 -0.041781 0.996682 0.038353 -0.071798
14.305763 -36.802048 -5051.642774 396.447380 -0.088249 0.079179 -0.992946 -0.038844 0.995804 0.082860 0.995341 0.045882 -0.084803
-3415.547269 -4703.761740 2574783.654973 1792444.004731 0.238916 0.852771 -0.464436 -0.555107 0.512373 0.655233 -0.796728 -0.101266 -0.595793
-4143.374649 -5202.630945 3264495.630308 -426759.128095 0.218291 0.806655 -0.549232 0.907132 -0.375231 -0.190563 -0.359808 -0.456628 -0.813652
-1875.869251 -4039.043401 -1142968.384459 3521289.300336 -0.085680 -0.649631 0.755406 -0.520613 0.675642 0.521986 -0.849483 -0.348551 -0.396095
-1097.391846 -4681.443834 640419.063241 -4523895.899223 0.040750 0.897260 0.439617 -0.081291 -0.435547 0.896488 -0.995857 0.072269 -0.055190
11.035630 -44.622024 -3389.485610 -17335.692577 -0.129835 0.505275 0.853135 0.466510 0.790365 -0.397103 -0.874935 0.346438 -0.338334
-10.333902 -40.556683 2240.944894 8239.211308 0.200389 0.916222 0.346960 -0.409710 -0.243319 0.879166 -0.889934 0.318328 -0.326627
49.485631 -84.010470 -16860.304218 -16137.290685 -0.114410 0.536294 0.836241 0.486119 0.764327 -0.423666 -0.866371 0.358042 -0.348149
-238.511574 -434.741282 39171.255143 -22695.505972 -0.432827 0.867066 0.246692 0.219953 0.366958 -0.903860 0.874232 0.336954 0.349543
-266.399320 -410.380647 72425.109387 -492.392130 -0.690039 0.722446 -0.043788 0.294071 0.224571 -0.929026 0.661338 0.653941 0.367414
-259.336012 -428.438474 63840.828183 -100675.105128 -0.566628 0.820684 0.073559 0.540768 0.437746 -0.718295 0.621694 0.367227 0.691839
-229.753440 -673.152188 11313.751355 -231759.436279 -0.284138 0.858511 0.426878 0.550693 0.510595 -0.660326 0.784859 -0.047455 0.617855
-247.184650 -579.307869 -1811.038146 67613.327285 -0.101368 0.966666 0.235122 0.152073 0.248618 -0.956589 0.983157 0.061212 0.172205
24.110995 -87.979447 -250.208780 -1693.355094 0.765086 -0.563869 -0.310958 -0.365998 0.016523 -0.930469 -0.529801 -0.825699 0.193733
17.344037 -91.409123 4749.254303 -4427.431129 0.814481 -0.487357 -0.314807 -0.344809 0.029776 -0.938200 -0.466612 -0.872695 0.143794
18.648609 -98.663778 4205.065868 -5577.627786 0.796977 -0.497268 -0.342860 -0.311648 0.147703 -0.938648 -0.517400 -0.854932 0.037257
25.227206 -96.395179 -662.947649 -5341.465822 0.743739 -0.569600 -0.349869 -0.302790 0.179559 -0.935990 -0.595962 -0.802069 0.038924
18.457342 -105.331359 4466.664560 -4142.434324 0.797209 -0.487204 -0.356498 -0.222441 0.311916 -0.923704 -0.561229 -0.815684 -0.140288
-50.421970 -77.539989 658.890751 4196.841912 0.037136 0.973012 -0.227745 0.947280 0.038304 0.318110 -0.318249 0.227552 0.920292
-44.435647 -73.249250 987.745844 4550.541344 -0.291117 -0.930052 0.224175 0.922419 -0.210721 0.323636 -0.253760 0.300999 0.919242
70.370375 -115.177061 -5906.452582 11889.013956 0.658113 -0.748125 0.084829 -0.517976 -0.368103 0.772141 0.546432 0.552095 0.629764
80.075081 -107.992507 2629.262345 -7830.037149 -0.568282 0.822772 -0.010131 0.517907 0.348093 -0.781411 0.639397 0.449309 0.623934
79.085783 -115.322040 5255.114624 -750.832695 -0.578843 0.814504 -0.039043 0.399944 0.241851 -0.884055 0.710623 0.527345 0.465749
62.111846 -106.822610 -7783.043821 13238.758662 0.705312 -0.691849 0.154532 -0.599392 -0.465628 0.651091 0.378502 0.551848 0.743102
66.553706 -122.836494 -10778.448724 -3640.111948 0.676029 -0.725654 0.128105 -0.376998 -0.191227 0.906258 0.633133 0.660952 0.402846
56.124994 -120.656375 -11541.519480 14535.568830 0.719786 -0.668783 0.186111 -0.535197 -0.363866 0.762342 0.442122 0.648330 0.619836
-6.444584 -144.804187 -36150.058835 28548.578711 0.793333 0.573234 0.205004 0.485966 -0.393467 -0.780398 0.366688 -0.718740 0.590722
-32.865713 -434.955763 -25894.400097 368515.460124 0.877260 0.462963 -0.126805 -0.023611 -0.222230 -0.974708 0.479434 -0.858067 0.184023
-54.954372 -59.717289 15020.560628 386.810495 0.240234 -0.673312 -0.699241 0.810488 -0.257302 0.526217 -0.534225 -0.693142 0.483899
-54.475180 -64.078729 8746.847375 5451.894473 -0.135832 -0.455610 -0.879755 0.776275 -0.600689 0.191232 -0.615587 -0.656957 0.435271
-20.551025 -56.683214 22448.232996 468.546905 0.333273 -0.604165 -0.723819 0.787304 -0.244048 0.566209 -0.518730 -0.758568 0.394327
-23.198019 -56.532919 20735.119001 218.330054 0.444109 -0.627884 -0.639163 0.801382 -0.040665 0.596770 -0.400693 -0.777244 0.485115
27.118617 -50.781117 28211.083174 -650.338395 0.349455 -0.566922 -0.745977 0.740505 -0.320686 0.590604 -0.574050 -0.758789 0.307743
30.964927 -52.961310 26282.497826 -435.168001 0.347676 -0.596393 -0.723489 0.793206 -0.224351 0.566119 -0.499945 -0.770702 0.395061
-0.921078 -66.958625 1806.276294 5769.580751 -0.523108 -0.214961 -0.824712 0.222268 0.899772 -0.375508 0.822773 -0.379738 -0.422899
0.174547 -91.195652 2828.401738 7309.457554 -0.552262 -0.297442 -0.778804 0.392285 0.731583 -0.557583 0.735608 -0.613445 -0.287344
4.612203 -87.147479 3304.358025 8301.706042 -0.559375 -0.309248 -0.769068 0.376268 0.731976 -0.568009 0.738595 -0.607106 -0.293089
-1.933945 -84.212809 2407.420600 8481.690126 -0.544073 -0.280990 -0.790588 0.311713 0.807124 -0.501385 0.778986 -0.519226 -0.351546
-2.109471 -75.344261 2350.013080 8997.903385 -0.529872 -0.247235 -0.811240 0.226857 0.880385 -0.416483 0.817173 -0.404718 -0.410405
16.224224 -40.967306 5933.391306 865.793255 -0.608880 0.791577 -0.051683 0.284955 0.157453 -0.945521 0.740315 0.590436 0.321434
16.653945 -37.295048 5031.593705 734.552435 -0.612123 0.790606 -0.015708 0.193941 0.130841 -0.972249 0.766611 0.598182 0.233422
29.634848 -38.650788 7117.333048 866.699967 -0.594375 0.803302 0.037721 0.156303 0.161408 -0.974431 0.788852 0.573282 0.221496
-0.008603 -67.916482 -743.359828 230.314987 0.386030 0.921124 -0.050115 0.442735 -0.232657 -0.865943 0.809300 -0.312093 0.497626
8.175517 -96.708352 2264.140775 -814.587224 -0.044769 0.935219 0.351227 -0.827328 -0.231767 0.511676 -0.559932 0.267673 -0.784109
10.481071 -100.884269 1949.031707 12.305888 -0.034317 0.940821 0.337161 -0.716040 -0.258497 0.648434 -0.697216 0.219169 -0.682536
13.950222 -100.645368 2215.212237 -69.886923 -0.067057 0.942714 0.326794 -0.844913 -0.227861 0.483945 -0.530685 0.243660 -0.811790
5.296457 -97.521406 2032.908175 -557.942900 -0.009747 0.938686 0.344635 -0.696245 -0.253752 0.671456 -0.717738 0.233406 -0.656029
7.720601 -94.099261 2362.816574 -2033.637806 -0.070162 0.932337 0.354719 -0.920442 -0.197583 0.337264 -0.384530 0.302835 -0.872025
0.270894 -91.957203 1632.645844 -2403.360442 -0.026497 0.938452 0.344392 -0.912120 -0.163675 0.375829 -0.409066 0.304169 -0.860318
1.188397 -94.971499 1855.235225 -1616.858593 -0.002699 0.940371 0.340141 -0.817760 -0.197846 0.540486 -0.575553 0.276695 -0.769531
-3.432687 -50.406545 418.707336 1213.234149 0.428846 0.882839 -0.191537 0.167595 -0.286094 -0.943431 0.887695 -0.372486 0.270649
42.051159 -13.360409 -4821.984190 -1102.075912 -0.044611 0.883902 0.465540 0.506666 -0.381606 0.773089 -0.860988 -0.270361 0.430819
25.416334 -3.545915 -9652.423088 -1950.806559 -0.115613 0.860753 0.495719 0.466588 -0.393517 0.792111 -0.876886 -0.322875 0.356121
38.410483 -10.930869 -3700.369194 -788.285778 -0.082071 0.934735 0.345738 0.451171 -0.274480 0.849179 -0.888656 -0.225680 0.399199
24.924430 -50.890394 684.475800 701.088932 -0.206024 0.949561 0.236408 0.801505 0.302348 -0.515922 0.561377 -0.083190 0.823368
-11.287922 -151.968428 3098.692832 14895.339104 0.677330 0.284483 0.678449 -0.352644 0.934904 -0.039955 -0.645651 -0.212188 0.733560
-16.520323 -172.477654 2192.224532 19333.480096 0.675854 0.245107 0.695085 -0.434017 0.894581 0.106554 -0.595693 -0.373694 0.710987
-18.143920 -174.557746 1427.741030 13375.570015 0.663689 0.212123 0.717301 -0.397282 0.912476 0.097748 -0.633786 -0.349845 0.689872
-4.314057 -108.104089 -1090.293178 5318.577463 0.547375 0.141754 0.824795 0.037082 0.980474 -0.193119 -0.836066 0.136293 0.531431
-1.856426 -103.262832 -119.791602 3276.737254 0.550101 0.151413 0.821257 0.020787 0.980638 -0.194722 -0.834839 0.124189 0.536303
4.561344 -14.005309 908.881154 -1675.739496 0.630810 -0.141494 0.762928 0.460942 0.859277 -0.221756 -0.624189 0.491552 0.607261
0.586770 -66.440789 -35792.314364 -4559.742315 0.478332 0.384149 0.789701 0.454924 0.660790 -0.596994 -0.751161 0.644815 0.141318
-25.615818 -71.229083 -23361.905749 -3251.546101 0.547959 0.416855 0.725239 0.382168 0.646465 -0.660327 -0.744102 0.638995 0.194928
0.583887 -314.416851 3258.732845 -70005.508166 0.550410 -0.215696 0.806551 0.577464 -0.599351 -0.554359 0.602980 0.770879 -0.205332
-13.434616 -225.256640 5763.483678 -17447.428240 0.517858 -0.190198 0.834055 0.720925 -0.427837 -0.545181 0.460532 0.883617 -0.084440
-3.366691 -206.289234 2907.036581 -20651.087729 0.522585 -0.190495 0.831033 0.739644 -0.383517 -0.553029 0.424064 0.903674 -0.059522
36.160491 -35.027634 3104.799924 -5456.540967 0.463615 0.876674 0.128466 0.812409 -0.362731 -0.456527 0.353627 -0.316020 0.880386
21.429021 -40.213424 5245.743540 -1482.134259 0.386545 0.916839 0.099945 0.782891 -0.268912 -0.561041 0.487508 -0.295114 0.821732
-24.082703 -54.408351 -646.578386 332.731504 0.208361 0.692353 -0.690821 -0.557979 -0.495954 -0.665349 0.803271 -0.524096 -0.282981
-26.819490 -55.280798 993.338431 -841.456315 0.105334 0.680919 -0.724744 -0.463267 -0.611285 -0.641650 0.879937 -0.403337 -0.251058
-26.784356 -54.404650 531.853778 -754.972700 0.194651 0.665462 -0.720605 -0.379100 -0.626529 -0.680988 0.904651 -0.405737 -0.130322
-15.034271 -31.452823 496.119591 -771.058125 -0.339324 0.887200 0.312628 0.264681 0.408969 -0.873320 0.902665 0.213592 0.373598
-15.677459 -30.270025 -222.988638 -831.770573 -0.231647 0.962981 0.137870 0.334937 0.212011 -0.918079 0.913322 0.166492 0.371650
1.880892 -183.647899 -432.461714 23153.295010 0.021224 0.992025 0.124239 -0.958850 -0.014993 0.283516 -0.283118 0.125144 -0.950886
3.484951 -185.230366 -689.391808 62156.517357 0.030749 0.991724 0.124653 -0.896032 -0.027914 0.443110 -0.442923 0.125318 -0.887758
-1781.901657 -3760.751859 610146.549118 -3486031.856275 0.842687 0.058254 -0.535243 0.391087 -0.749484 0.534158 0.370039 0.659454 0.654363
-2004.495394 -3857.784072 1575754.295737 7314695.053240 0.805724 0.448040 -0.387386 -0.481698 0.876261 0.011575 0.344638 0.177277 0.921845
-4097.124884 -6920.304510 2575207.290070 6551988.083771 0.708844 -0.135203 -0.692286 -0.135380 0.937134 -0.321640 0.692251 0.321714 0.645978
-11.424825 -839.686110 -521.597082 -206256.380505 0.050489 0.064696 -0.996627 0.584162 0.807483 0.082011 0.810065 -0.586333 0.002976
-8.848499 -730.643865 3736.434451 203323.136787 -0.039988 0.075379 -0.996353 0.352437 0.934127 0.056527 0.934981 -0.348891 -0.063920
-4.289051 -19.910825 5782.120229 -3306.111783 -0.236375 0.926094 -0.294071 0.192787 0.341330 0.919960 -0.952344 -0.160763 0.259221
-8.565617 -23.047588 9039.274827 -1455.595000 -0.161830 0.981076 -0.106305 0.270273 0.147670 0.951391 -0.949085 -0.125233 0.289056
2.450090 -21.017326 8359.652511 3324.083514 -0.167038 0.982495 -0.082475 0.294577 0.129562 0.946804 -0.940916 -0.133857 0.311062
-8.599711 -22.350750 2538.798197 -7099.107154 -0.247908 0.928012 -0.278092 0.182373 0.326625 0.927392 -0.951463 -0.179192 0.250217
-2.993229 -23.778905 3611.161374 2853.614362 -0.216071 0.966469 -0.138745 0.239726 0.190265 0.952014 -0.946491 -0.172442 0.272798
-8.259738 -23.334714 949.046638 -4332.727577 -0.260790 0.926478 -0.271342 0.174368 0.321650 0.930665 -0.949518 -0.195395 0.245431
-34.490520 -54.484588 -1589.218837 3275.218102 -0.146590 0.987598 -0.056225 -0.976345 -0.153584 -0.152192 0.158939 -0.032585 -0.986750
-36.153163 -56.073083 -897.942967 4749.291878 -0.142329 0.982565 -0.119619 -0.952933 -0.168705 -0.251907 0.267695 -0.078135 -0.960330
-35.794861 -53.390228 1705.099686 800.913667 -0.125309 0.986421 -0.106170 -0.973809 -0.142754 -0.176969 0.189722 -0.081213 -0.978473
-38.241348 -54.197625 3100.670890 -2567.390672 -0.163798 0.970291 -0.178063 -0.962134 -0.196994 -0.188393 0.217873 -0.140462 -0.965817
-39.773179 -55.017496 1906.889883 -58.425501 -0.117958 0.960347 -0.252624 -0.946571 -0.185636 -0.263709 0.300148 -0.208020 -0.930934
-40.710730 -53.536424 1148.147124 1553.902242 -0.142252 0.950695 -0.275579 0.969022 0.190542 0.157133 0.201895 -0.244690 -0.948349
9.740472 -44.973781 4943.672408 1145.046375 0.119507 0.984030 -0.131918 -0.884517 0.165874 0.436023 -0.450941 -0.064575 -0.890215
2.333199 -39.838428 6474.708664 3782.292760 0.179931 0.971333 -0.155365 -0.844838 0.233496 0.481383 -0.503860 -0.044642 -0.862631
0.368379 -44.953335 6063.734103 -1407.749406 0.083755 0.991578 -0.098787 -0.946906 0.110076 0.302080 -0.310410 -0.068242 -0.948150
13.194107 -40.028168 6208.294612 3491.839014 0.168338 0.972702 -0.159728 -0.823588 0.227827 0.519421 -0.541632 -0.044112 -0.839458
25.462760 -46.307196 2868.739997 4939.203923 0.085725 0.976449 -0.197984 -0.810133 0.183985 0.556627 -0.579944 -0.112676 -0.806826
21.970591 -51.461362 1050.849703 1987.287744 0.008791 0.984012 -0.177887 -0.870986 0.094925 0.482050 -0.491229 -0.150700 -0.857895
11.063290 -48.326895 3461.717842 -1462.763881 0.034085 0.991350 -0.126743 -0.934874 0.076462 0.346647 -0.353339 -0.106673 -0.929394
28.786240 0.187501 -722.508990 -11765.073863 0.261066 0.703541 0.660965 -0.039783 0.691970 -0.720829 0.964501 -0.161888 -0.208639
20.174594 -11.493262 4786.952419 -4405.464646 -0.371309 -0.691769 -0.619342 -0.110463 0.695203 -0.710275 0.921915 -0.195317 -0.334550
28.087019 -26.003041 2129.065873 -5713.978431 0.117814 0.866373 0.485301 -0.185762 0.499306 -0.846278 0.975506 -0.009553 -0.219764
