15161
30313
-34.867508 -50.813470 -947.291334 -4842.519858 0.960234 0.191402 0.203265 -0.245719 0.233671 0.940755 -0.132565 0.953291 -0.271409
-42.470219 -63.182433 -1878.563523 -5847.803734 0.989050 0.146804 -0.015103 -0.005296 0.137580 0.990476 -0.147483 0.979551 -0.136851
-39.738966 -64.760175 -139.270921 -8111.497795 0.966667 0.042696 -0.252452 0.239205 0.201005 0.949936 -0.091303 0.978659 -0.184092
-36.237414 -56.083631 -378.890080 -5243.477099 0.933583 0.253042 0.253758 -0.292460 0.128763 0.947569 -0.207100 0.958848 -0.194215
-35.176088 -52.968063 1803.337451 -8135.567027 0.985959 0.012188 -0.166543 0.154160 0.316921 0.935840 -0.064187 0.948374 -0.310592
-27.870437 -39.272004 -971.306783 -2340.618665 0.847858 0.258696 0.462831 -0.524603 0.282531 0.803099 -0.076994 0.923717 -0.375259
-30.190100 -43.733525 66.794632 -2191.375048 0.779701 0.327167 0.533881 -0.600157 0.147355 0.786192 -0.178546 0.933407 -0.311244
-59.317755 -72.681136 -2245.168442 67.911015 0.837864 0.217268 -0.500779 0.543455 -0.245627 0.802698 -0.051396 0.944702 0.323877
-56.158387 -64.647649 -3365.989147 840.961555 0.995878 0.068818 -0.059083 0.084993 -0.480613 0.872804 -0.031668 0.874228 0.484481
-50.562745 -69.122762 1691.296162 3132.296327 0.923768 0.056998 -0.378688 0.368141 -0.404543 0.837148 0.105480 0.912741 0.394687
-42.296634 -63.674910 -291.458644 687.725539 0.372188 0.731442 0.571374 0.058521 -0.632869 0.772044 -0.926311 0.253908 0.278351
-41.251654 -62.143153 -662.895226 736.670446 0.271387 0.745533 0.608711 0.084451 -0.648453 0.756556 -0.958758 0.153914 0.238943
-42.853993 -61.772016 -115.925176 310.732748 0.362559 0.760862 0.538182 0.235941 -0.633597 0.736809 -0.901600 0.140157 0.409234
-44.950471 -64.273415 -390.811813 381.578110 0.474059 0.713519 0.515905 0.029793 -0.598590 0.800501 -0.879989 0.364115 0.305025
-41.262669 -63.861063 -428.250070 96.447703 0.380973 0.726338 0.572095 -0.108496 -0.579363 0.807816 -0.918198 0.369826 0.141917
-45.671527 -63.634681 -394.194804 622.242873 0.463660 0.734543 0.495445 0.186980 -0.627712 0.755656 -0.866059 0.257730 0.428390
1286.356474 -154.250867 -447529.777211 -20401.720674 0.910707 -0.404034 -0.085847 0.086724 -0.016168 0.996101 0.403846 0.914601 -0.020316
1281.854092 -91.178342 423835.599331 12891.072971 -0.626227 0.755077 -0.194161 0.131921 -0.142825 -0.980917 0.768398 0.639891 0.010169
269.550889 -76.327788 -75261.890265 -5865.446615 0.849693 -0.521250 0.079502 -0.149849 -0.094155 0.984215 0.505537 0.848194 0.158112
177.731821 -54.776063 -55797.373002 -2947.026482 0.967835 -0.251562 -0.003549 -0.024467 -0.108153 0.993833 0.250394 0.961779 0.110829
140.324071 -66.652475 -43945.925830 1455.587762 0.945173 -0.320796 0.061144 -0.144528 -0.243003 0.959198 0.292849 0.915445 0.276044
-11.324586 -49.382454 19.933364 1047.574318 0.127947 0.782362 -0.609540 -0.068644 0.620103 0.781512 -0.989403 0.058151 -0.133045
-11.525076 -48.949783 606.853683 714.647961 0.143394 0.784402 -0.603450 -0.176944 0.620247 0.764189 -0.973719 0.002803 -0.227735
-8.778947 -45.582468 -536.881502 1775.176013 0.100038 0.768904 -0.631489 -0.139633 0.639241 0.756223 -0.985137 -0.012525 -0.171313
-9.629325 -46.352797 -45.269913 -572.840576 0.095613 0.817870 -0.567404 -0.297484 0.567443 0.767797 -0.949927 -0.095382 -0.297558
-7.401590 -42.629815 -1403.373042 -109.472669 0.040433 0.824651 -0.564194 -0.295832 0.549220 0.781563 -0.954384 -0.135306 -0.266165
0.772297 -29.636772 -3089.750746 -1736.034169 -0.859304 0.369248 0.353911 0.372956 0.925877 -0.060456 -0.350001 0.080043 -0.933323
4.641057 -33.942344 -5671.796341 -1495.117626 -0.879848 0.337859 0.334243 0.371331 0.927648 0.039793 -0.296615 0.159126 -0.941646
9.683439 -29.033509 -5282.420507 -1504.662082 -0.873436 0.351990 0.336472 0.364062 0.930929 -0.028807 -0.323371 0.097336 -0.941253
-5.632160 -35.009140 -2246.641352 -1530.509328 -0.884996 0.292008 0.362647 0.331422 0.942148 0.050167 -0.327018 0.164587 -0.930575
8.007897 -25.757946 -3692.056134 -2299.601196 -0.864019 0.362703 0.349167 0.349790 0.931279 -0.101820 -0.362102 0.034161 -0.931512
0.046733 -25.141041 -2188.756386 -2079.815018 -0.844259 0.398248 0.358642 0.368612 0.917265 -0.150834 -0.389039 0.004857 -0.921208
-7.191329 -30.864845 -1528.950228 -1903.246765 -0.873804 0.311834 0.373130 0.316435 0.947263 -0.050616 -0.369236 0.073843 -0.926397
-6.592316 -47.592266 1138.515301 -3200.997477 0.930009 0.012729 0.367316 -0.288922 -0.592401 0.752054 -0.227171 0.805543 0.547260
-8.911666 -45.367742 86.786280 -2201.045053 0.923534 0.048116 0.380486 -0.281456 -0.588879 0.757630 -0.260514 0.806788 0.530308
-7.373944 -49.557101 719.180248 3683.063895 0.929290 0.036297 0.367562 -0.232853 -0.714906 0.659309 -0.286703 0.698278 0.655903
-6.762003 -46.524383 579.019928 -6639.614718 0.919287 0.017217 0.393211 -0.339203 -0.472066 0.813692 -0.199631 0.881395 0.428124
-4.357357 -48.772555 2100.500258 851.125389 0.949258 0.011300 0.314297 -0.222499 -0.682158 0.696531 -0.222271 0.731118 0.645029
-4.380972 -46.467176 1928.790254 -4273.905775 0.934305 -0.014629 0.356173 -0.311104 -0.521261 0.794670 -0.174034 0.853272 0.491569
-3.075147 -61.237007 -292.120769 -2021.505191 0.947313 0.057691 0.315072 -0.261983 -0.426393 0.865768 -0.184291 0.902697 0.388813
-1.890039 -56.978456 -556.243500 -1767.035720 0.941671 0.060136 0.331118 -0.306903 -0.250238 0.918255 -0.138078 0.966315 0.217186
-0.399195 -57.567256 -507.867448 -2525.803371 0.941730 0.066472 0.329735 -0.291020 -0.330559 0.897796 -0.168675 0.941441 0.291953
-5.588671 -59.012290 -1690.250587 -2331.230492 0.945102 0.067235 0.319783 -0.268517 -0.397908 0.877250 -0.186226 0.914958 0.358010
-0.059468 -61.976109 -1214.067488 -1891.246892 0.941356 0.083850 0.326831 -0.250644 -0.474698 0.843706 -0.225891 0.876146 0.425843
-1.346384 -66.209048 -586.564752 -2502.253907 0.946627 0.064722 0.315767 -0.224266 -0.571396 0.789438 -0.231522 0.818118 0.526384
-4.968249 -64.693584 -809.808031 -2360.522653 0.946078 0.050080 0.320044 -0.239427 -0.557378 0.794987 -0.218198 0.828747 0.515332
-11.345156 -104.347014 2139.371812 -1295.039992 0.989614 0.004365 -0.143681 -0.115065 -0.575042 -0.809992 0.086158 -0.818113 0.568567
-10.608611 -99.813089 794.074871 -783.325388 0.987283 -0.053826 -0.149584 -0.145804 -0.681569 -0.717081 0.063355 -0.729772 0.680749
-11.729729 -99.594294 437.053025 2311.337171 0.990436 -0.048024 -0.129345 -0.136261 -0.487676 -0.862325 0.021667 -0.871703 0.489556
-9.565221 -101.566074 1565.436705 -1365.959746 0.986660 -0.026039 -0.160697 -0.127854 -0.734994 -0.665910 0.100772 -0.677573 0.728519
-12.577523 -99.528675 1258.085332 1077.577355 0.993015 -0.009334 -0.117615 -0.113095 -0.359315 -0.926338 0.033614 -0.933170 0.357861
-9.385327 -111.033484 1924.822473 709.154290 0.991081 0.032743 -0.129178 -0.101338 -0.444330 -0.890113 0.086543 -0.895265 0.437049
-8.630810 -110.107755 1923.475268 -2610.415026 0.988262 0.015358 -0.151996 -0.100611 -0.683273 -0.723198 0.114962 -0.730001 0.673708
7.131378 -91.799756 -743.829707 666.768272 0.946062 -0.216962 -0.240611 -0.320494 -0.517985 -0.793080 -0.047435 -0.827417 0.559581
7.803890 -90.197571 257.484520 -1253.988939 0.953397 -0.189688 -0.234634 -0.297949 -0.714455 -0.633072 0.047549 -0.673478 0.737676
10.479264 -92.475364 486.251245 -45.838935 0.959222 -0.143660 -0.243425 -0.277279 -0.645421 -0.711721 0.054866 -0.750195 0.658936
-9.788132 -45.925666 2314.075040 -3215.474407 0.855402 -0.040573 0.516372 -0.503956 -0.295473 0.811618 -0.119644 0.954489 0.273196
-10.312386 -46.864013 1961.765158 1642.711084 0.905526 -0.017018 0.423950 -0.415262 -0.240587 0.877311 -0.087067 0.970478 0.224925
-12.361246 -48.312970 2898.368579 874.593803 0.912816 -0.012131 0.408191 -0.398213 -0.247994 0.883134 -0.090516 0.968686 0.231204
-4.706026 -41.366697 1507.891259 -1917.258605 0.857723 -0.040593 0.512508 -0.503796 -0.265072 0.822148 -0.102478 0.963374 0.247809
-1.731814 -42.625253 2081.754891 -2718.188330 0.811771 -0.085034 0.577752 -0.560864 -0.389104 0.730774 -0.162665 0.917261 0.363555
-13.453313 -48.383182 -1447.856036 -128.450066 0.879534 0.169910 0.444466 -0.319912 -0.480313 0.816674 -0.352244 0.860482 0.368096
-15.208876 -51.575161 -1647.171688 968.821804 0.894704 0.213626 0.392260 -0.291368 -0.386487 0.875062 -0.338539 0.897213 0.283548
-7.449694 -46.219236 -4167.037836 298.177996 0.903910 0.310831 0.293822 -0.122821 -0.469388 0.874408 -0.409710 0.826474 0.386108
-16.538300 -74.804688 73.973917 -1586.422053 0.965286 -0.206637 -0.159762 0.122478 0.898334 -0.421894 -0.230699 -0.387681 -0.892458
-16.124110 -74.034454 480.845647 -484.329831 0.975592 -0.186253 -0.116316 0.124811 0.906144 -0.404134 -0.180670 -0.379753 -0.907274
-16.168931 -72.797514 133.448363 -35.158732 0.973442 -0.179728 -0.141804 0.075893 0.837730 -0.540786 -0.215988 -0.515662 -0.829121
-17.004561 -77.650374 708.279569 -2092.136227 0.969124 -0.207342 -0.133450 0.162956 0.944740 -0.284450 -0.185054 -0.253920 -0.949357
-15.635407 -73.232736 -461.097847 230.442470 0.959982 -0.202009 -0.193974 0.060494 0.825836 -0.560657 -0.273449 -0.526486 -0.805008
5.010919 -56.681624 -191.744688 -2013.665662 0.804649 0.260141 0.533729 0.404917 0.417030 -0.813713 0.434261 -0.870869 -0.230227
4.626125 -61.139449 81.737356 -2241.221088 0.801048 0.250615 0.543613 0.382280 0.484655 -0.786748 0.460635 -0.838035 -0.292426
4.081251 -56.929267 -59.469193 -2177.099836 0.817210 0.265587 0.511500 0.410907 0.353829 -0.840215 0.404133 -0.896810 -0.180021
3.956513 -61.516373 -71.234333 -2268.857393 0.822815 0.256278 0.507245 0.399373 0.374254 -0.836920 0.404322 -0.891210 -0.205592
4.161801 -52.209225 -36.830423 -1931.798422 0.820715 0.277540 0.499397 0.430026 0.275426 -0.859778 0.376170 -0.920387 -0.106697
3.398925 -53.859301 -74.595605 -1535.529698 0.833634 0.280116 0.476013 0.424154 0.227334 -0.876591 0.353761 -0.932660 -0.070701
13.245538 -199.176596 -1502.538969 -41544.670103 0.690961 0.718555 -0.079063 -0.383614 0.457170 0.802394 -0.612709 0.524094 -0.591534
15.075285 -167.551339 -665.672136 -31342.235138 0.712485 0.700315 -0.043860 -0.501432 0.551878 0.666331 -0.490847 0.452758 -0.744365
13.790251 -222.410145 -1072.520592 -41988.727714 0.713378 0.691456 -0.113932 -0.262348 0.414267 0.871525 -0.649820 0.591837 -0.476932
13.766536 -225.223345 -697.588418 -29610.299786 0.686777 0.719519 -0.103101 -0.130918 0.261969 0.956155 -0.714981 0.643168 -0.274113
-9.167978 -53.856997 -2997.858756 165.535033 0.649151 0.760585 -0.010632 -0.490192 0.428980 0.758741 -0.581648 0.487326 -0.651306
-12.214742 -54.802111 -2672.808957 -839.776254 0.683833 0.725003 -0.082116 -0.345909 0.421226 0.838401 -0.642432 0.544921 -0.538833
-15.093547 -58.891804 -1264.681438 -849.540523 0.723260 0.686036 -0.079056 -0.346946 0.459960 0.817352 -0.597095 0.563730 -0.570688
-12.985828 -58.328267 -1322.726592 -132.777516 0.719555 0.693365 -0.038560 -0.442292 0.500391 0.744303 -0.535368 0.518512 -0.666728
-18.112007 -63.490758 409.991155 -916.630444 0.777197 0.617828 -0.119389 -0.263133 0.491437 0.830211 -0.571600 0.613822 -0.544514
-43.309307 -868.298630 -3780.570388 316493.165474 0.808898 0.406269 0.425005 0.410109 0.128097 -0.902996 0.421301 -0.904730 0.062997
-60.289790 -627.063667 -175.197303 102263.764503 0.814971 0.429614 0.388915 0.554327 -0.382268 -0.739319 0.168953 -0.818109 0.549684
-42.972254 -737.171264 -7204.192273 237191.708778 0.861254 0.312445 0.400774 0.488433 -0.291276 -0.822552 0.140266 -0.904177 0.403471
-51.278562 -701.266497 -4104.506441 -128983.360463 0.797046 0.392106 0.459316 0.587484 -0.679635 -0.439270 -0.139927 -0.619959 0.772057
-20.643812 -569.252892 -8837.541236 190857.250081 0.886686 0.281848 0.366537 0.358651 0.081064 -0.929945 0.291816 -0.956028 0.029207
-17.197656 -543.622606 -11842.271981 99744.941207 0.854401 0.247989 0.456619 0.518783 -0.456814 -0.722624 -0.029387 -0.854296 0.518955
-1046.918826 -30633.371286 -202510.411014 -2309834.025953 0.948871 0.273392 -0.157799 0.270282 -0.445416 0.853553 -0.163068 0.852562 0.496535
-327.555236 -15026.385285 -64047.849410 3740208.211689 0.921128 0.341079 -0.187583 0.221978 -0.856129 -0.466657 0.319763 -0.388212 0.864317
-352.547536 -42017.626409 25885.561277 -14757650.071534 0.832227 0.440065 -0.337255 -0.237178 0.832392 0.500870 0.501143 -0.336848 0.797113
-9.510659 -41.649311 -519.786641 2707.392406 0.652175 0.441721 0.616076 0.722811 -0.607307 -0.329731 0.228498 0.660349 -0.715352
-10.506539 -42.204323 -53.407749 -660.349876 0.650887 0.429629 0.625911 0.744957 -0.520258 -0.417576 0.146233 0.738072 -0.658685
-8.389871 -40.505276 -218.721219 1714.551787 0.679639 0.392269 0.619851 0.693419 -0.619211 -0.368439 0.239292 0.680222 -0.692847
-6.799147 -40.896655 -311.078502 2365.742961 0.669534 0.416909 0.614745 0.679354 -0.678349 -0.279857 0.300337 0.605004 -0.737407
-6.611426 -39.301808 -340.344609 -3142.376570 0.692718 0.370175 0.618961 -0.649399 0.693476 0.312044 0.313723 0.618112 -0.720774
-15.501892 -76.651203 -2190.865773 2934.208989 0.941589 -0.236440 -0.239803 -0.043745 0.620174 -0.783243 -0.333910 -0.747984 -0.573606
-9.634482 -76.837309 -1710.169400 2455.490993 0.936984 -0.234502 -0.258979 -0.068141 0.604371 -0.793783 -0.342663 -0.761409 -0.550307
-13.701883 -73.655384 -1585.034065 1456.673079 0.939725 -0.235361 -0.248036 0.005408 0.735538 -0.677462 -0.341888 -0.635287 -0.692477
11.484594 -147.512417 108.469645 13435.636944 0.982359 -0.180181 -0.050062 -0.162666 -0.955376 0.246568 0.092255 0.234075 0.967831
14.030202 -192.342319 2224.781477 18893.610944 0.975003 -0.216781 -0.048743 -0.181346 -0.903135 0.389179 0.128388 0.370611 0.919872
10.117106 -173.132877 1261.455156 11204.673782 0.972287 -0.231228 -0.034528 -0.175297 -0.818745 0.546743 0.154692 0.525538 0.836588
17.011966 -124.820038 -1813.011600 27193.377726 -0.042685 0.790452 0.611035 0.349511 0.584762 -0.732049 0.935960 -0.182316 0.301232
16.807559 -187.978446 110.484850 45105.954656 0.013221 0.812203 0.583225 0.414277 0.526410 -0.742474 0.910055 -0.251433 0.329517
15.361827 -193.919986 1005.081111 35749.749624 -0.014960 0.825700 0.563911 0.577666 0.467468 -0.669160 0.816136 -0.315741 0.483972
12.929257 -139.789317 541.116551 14259.684722 -0.141469 0.795336 0.589430 0.585678 0.547276 -0.597888 0.798102 -0.260634 0.543233
16.652455 -119.983778 150.172338 22922.744643 -0.111169 0.799347 0.590496 0.364578 0.585555 -0.724022 0.924513 -0.134793 0.356519
7.684233 -57.304302 -4304.798986 3564.632102 0.809586 -0.015674 0.586792 0.207113 0.942980 -0.260562 -0.549249 0.332479 0.766670
27.289417 -52.410131 -14936.235455 -4621.479316 0.773528 0.174263 0.609333 -0.077906 0.980308 -0.181459 -0.628956 0.092893 0.771872
7.060990 -54.751055 -1491.748520 -4007.959474 0.839918 0.129396 0.527061 -0.045292 0.984486 -0.169520 -0.540819 0.118511 0.832748
70.779774 -45.549901 -29031.176479 1526.181927 0.749075 0.287517 0.596843 -0.061825 0.927321 -0.369125 -0.659595 0.239603 0.712408
-6.103508 -57.367657 4160.467375 2240.219835 0.842233 -0.059880 0.535778 0.226715 0.941003 -0.251224 -0.489125 0.333058 0.806120
-2.665713 -53.551938 154.203989 -8625.686877 0.800732 -0.090594 0.592133 -0.367322 -0.855099 0.365897 -0.473185 0.510489 0.717982
10.847540 -54.768666 -6926.982266 9704.650601 0.786421 0.023362 0.617249 0.290892 0.867529 -0.403453 -0.544907 0.496837 0.675447
-42.433574 -55.962569 346.952689 2181.337158 0.445028 0.853941 0.269694 0.710586 -0.520012 0.473978 -0.544993 0.019293 0.838218
-42.897676 -57.390431 238.301721 1000.891919 0.273020 0.914970 0.297136 0.700449 -0.400787 0.590544 -0.659418 -0.046899 0.750312
-41.064173 -54.800413 397.324193 899.281620 0.281117 0.922040 0.266111 0.811426 -0.376428 0.447090 -0.512407 -0.090245 0.853988
-43.530911 -58.159613 -525.599327 1121.765602 0.397126 0.868836 0.295661 0.632954 -0.492564 0.597286 -0.664575 0.050059 0.745543
-40.192520 -53.364142 723.475601 889.574192 0.542680 0.803325 0.245289 0.723004 -0.595403 0.350372 -0.427508 0.012795 0.903921
-43.548449 -59.315392 -143.733630 2156.807241 0.568554 0.767056 0.297275 0.561500 -0.625942 0.541216 -0.601219 0.140791 0.786583
-42.505253 -56.844282 843.685059 -2300.584830 0.672255 0.691485 0.264427 -0.569437 0.711224 -0.412191 -0.473091 0.126523 0.871881
-2.406151 -131.043717 -604.316582 1775.685960 0.645571 -0.417873 0.639234 0.743627 0.534598 -0.401526 -0.173947 0.734566 0.655863
3.170502 -132.959985 -2410.976612 3567.037897 0.642855 -0.388135 0.660370 0.750564 0.491320 -0.441881 -0.152943 0.779715 0.607167
0.448743 -128.148933 -1266.492167 -3448.449854 0.644488 -0.405528 0.648214 0.690843 0.672148 -0.266370 -0.327676 0.619486 0.713348
-6.351032 -129.011382 -985.107994 819.624167 0.645901 -0.417228 0.639322 0.734113 0.569261 -0.370162 -0.209499 0.708423 0.673979
-5.788047 -128.203474 -581.421664 5397.432218 0.652443 -0.416793 0.632931 0.757696 0.342601 -0.555447 0.014664 0.841967 0.539330
-3.189363 -130.505546 -1025.910168 -3435.884950 0.641535 -0.415125 0.645061 0.651600 0.738646 -0.172687 -0.404785 0.531106 0.744363
-13.278926 -41.509130 2055.774410 -252.626729 0.689727 0.103770 -0.716595 0.718508 -0.220515 0.659636 -0.089569 -0.969848 -0.226655
-11.319192 -41.686867 1202.349448 179.475752 0.729117 0.115785 -0.674524 -0.682041 0.204500 -0.702139 -0.056643 -0.971995 -0.228075
-10.999353 -41.915351 987.400073 429.371125 0.718875 0.105277 -0.687121 -0.695111 0.117765 -0.709191 -0.006258 -0.987445 -0.157838
-12.055824 -42.271047 1218.902467 -447.820282 0.625190 0.090894 -0.775162 0.779643 -0.118500 0.614910 -0.035965 -0.988785 -0.144950
-8.459613 -41.073369 -285.235058 6.590710 0.765516 0.106549 -0.634534 -0.640159 0.027010 -0.767767 0.064667 -0.993941 -0.088885
-8.262507 -42.324186 592.228211 64.526652 0.705098 0.098241 -0.702271 0.705506 0.002529 0.708700 0.071399 -0.995159 -0.067526
-21.324239 -50.982799 -1088.133152 -4628.145151 0.554259 -0.294628 -0.778455 0.121153 0.953852 -0.274750 0.823480 0.057970 0.564376
-15.499536 -41.065876 -739.064662 -3668.288066 0.572125 -0.112673 -0.812390 0.111261 0.992025 -0.059231 0.812585 -0.056499 0.580098
-16.807049 -44.245373 -149.203395 -5813.217163 0.511009 -0.310504 -0.801535 0.239348 0.946998 -0.214261 0.825580 -0.082356 0.558242
-20.260325 -55.367734 -1062.222422 -6309.816823 0.499409 -0.407925 -0.764322 0.193186 0.912437 -0.360747 0.844553 0.032503 0.534484
-9.731203 -49.501409 3959.146420 -7924.335749 0.420116 -0.449534 -0.788303 0.321914 0.886013 -0.333694 0.848454 -0.113575 0.516940
-8.263711 -33.369166 2670.303745 -3766.536264 0.464073 -0.342531 -0.816890 0.324718 0.923794 -0.202886 0.824133 -0.171105 0.539933
408.544407 -48.100320 -157458.665440 -2576.947156 0.729481 0.379844 -0.568837 0.408151 0.425621 0.807626 -0.548881 0.821319 -0.155449
16.741920 -48.363878 -10412.742839 -796.585336 0.711810 0.327982 -0.621092 0.502952 0.379230 0.776675 -0.490272 0.865224 -0.104981
50.869553 -46.170843 -22598.060308 -2724.305126 0.726203 0.393888 -0.563455 0.337984 0.509155 0.791535 -0.598662 0.765254 -0.236622
384.390429 -55.588636 -139356.316803 -3513.355224 0.727266 0.356645 -0.586420 0.508624 0.293641 0.809368 -0.460854 0.886893 -0.032157
840.402064 -64.991206 -322540.709170 -19911.431661 0.666031 0.310159 -0.678384 0.422602 0.592517 0.685807 -0.614663 0.743455 -0.263560
720.287134 -49.473884 -224957.648466 -11549.443952 0.702161 0.304635 -0.643559 0.528343 0.382986 0.757744 -0.477309 0.872078 -0.107966
438.376557 -36.951260 -136273.559992 -5609.822647 0.769422 0.271903 -0.577978 0.414668 0.475631 0.775774 -0.485840 0.836566 -0.253212
-5.058616 -49.971790 -434.269366 703.603628 -0.797202 -0.354444 0.488711 -0.105608 0.878902 0.465164 -0.594404 0.319218 -0.738094
-4.363150 -50.196513 276.008732 277.074954 -0.787515 -0.342494 0.512365 -0.074591 0.878220 0.472404 -0.611765 0.333807 -0.717159
-3.668771 -52.342147 -264.487357 -1464.658667 -0.793743 -0.352394 0.495773 -0.035780 0.840716 0.540294 -0.607200 0.411115 -0.679921
-1.234899 -56.720843 -695.290110 -2778.477047 -0.797479 -0.362667 0.482182 -0.025671 0.818851 0.573431 -0.602800 0.444921 -0.662327
-3.291337 -51.385256 -798.050473 -352.211037 -0.801386 -0.359407 0.478129 -0.103525 0.870626 0.480929 -0.589121 0.335912 -0.734915
-2.829190 -57.291905 -482.482152 -3426.730572 -0.793881 -0.343281 0.501907 0.036613 0.796923 0.602970 -0.606970 0.497063 -0.620094
-3.147187 -56.907321 62.208675 -2973.376651 -0.787221 -0.325320 0.523879 0.072329 0.794955 0.602342 -0.612414 0.512068 -0.602275
21.986053 -65.462259 6536.025953 2072.096580 -0.496485 -0.241502 0.833774 0.323908 0.839601 0.436066 -0.805349 0.486566 -0.338625
27.292695 -59.064553 3220.994981 1750.125413 -0.566146 -0.167045 0.807202 0.300009 0.870335 0.390527 -0.767772 0.463263 -0.442622
25.607589 -65.178731 2599.010330 -5440.109763 -0.555852 -0.159356 0.815864 0.379788 0.824353 0.419765 -0.739452 0.543182 -0.397697
21.103854 -68.733425 6685.762759 6607.962495 -0.505077 -0.257959 0.823623 0.197494 0.894426 0.401246 -0.840175 0.365321 -0.400808
20.662260 -68.478224 5012.827140 -3032.634173 -0.508743 -0.212235 0.834348 0.435872 0.772254 0.462212 -0.742426 0.598816 -0.300371
12.777859 -70.186588 5105.109861 3727.053716 -0.512128 -0.285861 0.809944 0.203975 0.875536 0.437985 -0.834338 0.389512 -0.390078
4.204820 -138.652545 -952.814926 -6534.252008 0.782102 0.168045 -0.600064 0.547056 0.275970 0.790297 -0.298405 0.946362 -0.123906
5.192082 -125.134583 -1212.369535 -10405.693543 0.795699 0.176995 -0.579254 0.425336 0.517591 0.742421 -0.431221 0.837121 -0.336565
5.155214 -119.790328 707.268437 -8580.063632 0.821810 0.138681 -0.552627 0.397267 0.555799 0.730251 -0.408421 0.819668 -0.401667
3.623919 -100.529832 1361.413214 -4505.378794 0.843258 0.139685 -0.519041 0.301205 0.676985 0.671541 -0.445187 0.722620 -0.528799
4.658338 -110.573193 1831.030373 -7201.350370 0.833738 0.112102 -0.540661 0.411698 0.526293 0.743989 -0.367949 0.842881 -0.392639
3.043956 -128.177061 1582.506480 -6043.018431 0.815731 0.095481 -0.570496 0.522970 0.299680 0.797931 -0.247153 0.949250 -0.194525
1.797993 -42.742794 4662.814649 1524.569376 0.771022 0.143852 -0.620348 -0.622528 0.375412 -0.686677 -0.134106 -0.915627 -0.379003
0.372003 -45.049146 4877.553251 1212.799145 0.775344 0.143769 -0.614957 -0.628199 0.275591 -0.727610 -0.064869 -0.950463 -0.303993
-7.159328 -45.516635 2505.461609 970.692997 0.793489 0.103085 -0.599791 -0.601316 0.284660 -0.746584 -0.093775 -0.953070 -0.287861
-3.777825 -47.158912 3333.330922 872.102652 0.779169 0.127081 -0.613796 -0.626772 0.169266 -0.760596 -0.007238 -0.977343 -0.211538
-9.237236 -47.468522 509.318591 801.238227 0.795053 0.079661 -0.601286 -0.606121 0.141181 -0.782742 -0.022536 -0.986774 -0.160531
-9.941065 -45.615892 -972.831820 736.068170 0.807412 0.043214 -0.588403 -0.578401 0.254665 -0.774983 -0.116356 -0.966063 -0.230614
2.090479 -48.744495 -722.054827 2151.992548 0.660461 0.233781 -0.713539 -0.473508 0.867193 -0.154162 0.582736 0.439684 0.683444
2.394087 -48.055700 -147.564921 136.968511 0.664383 0.208849 -0.717619 -0.513820 0.824905 -0.235630 0.542756 0.525276 0.655363
2.806660 -46.541197 -160.762190 13.282554 0.667593 0.205451 -0.715618 -0.493681 0.841637 -0.218920 0.557313 0.499437 0.663298
2.143224 -47.417213 -591.743142 2301.104375 0.668722 0.215805 -0.711505 -0.439746 0.886431 -0.144443 0.599529 0.409474 0.687675
2.115324 -44.211803 753.076286 -1531.478928 0.663122 0.182125 -0.726017 -0.508838 0.821041 -0.258795 0.548956 0.541038 0.637122
1.074711 -46.267484 536.462210 503.413829 0.663036 0.191453 -0.723692 -0.458458 0.868085 -0.190381 0.591777 0.458012 0.663344
6.343523 -17.930993 -2085.783667 -911.109129 0.741792 -0.215839 -0.634947 -0.563694 -0.713591 -0.415977 0.363309 -0.666484 0.651003
1.590658 -16.709803 -2601.853274 -817.244930 0.710459 -0.267040 -0.651105 -0.597572 -0.717588 -0.357738 0.371695 -0.643240 0.669392
6.376965 -16.681062 -1041.561594 -435.326136 0.773295 -0.141567 -0.618040 -0.491083 -0.750306 -0.442582 0.401065 -0.645755 0.649729
1.060126 -19.033180 -3365.123427 -794.023802 0.690747 -0.299471 -0.658168 -0.639448 -0.677942 -0.362631 0.337603 -0.671350 0.659783
-7.400225 -35.027010 996.393587 811.468724 0.833777 0.226987 -0.503282 -0.063704 0.945040 0.320688 0.548414 -0.235321 0.802413
-7.993275 -37.780648 1192.958682 958.423384 0.819152 0.296044 -0.491273 -0.065975 0.899453 0.432008 0.569770 -0.321469 0.756320
-7.273922 -36.167037 1399.869843 1121.854503 0.817067 0.278765 -0.504670 -0.108934 0.934216 0.339668 0.566159 -0.222556 0.793683
1.271356 -147.503986 1748.918606 7808.756309 0.617562 -0.479886 0.623159 0.209368 0.864011 0.457876 -0.758144 -0.152297 0.634053
-4.059326 -133.767950 477.595403 5767.751930 0.608723 -0.507007 0.610246 0.438390 0.856029 0.273914 -0.661265 0.100788 0.743351
-0.778605 -125.457293 201.226338 5629.479522 0.608293 -0.475455 0.635549 0.297301 0.878922 0.372972 -0.735929 -0.037927 0.675995
2.514043 -125.631231 -52.774433 2053.257038 0.607475 -0.451937 0.653243 0.093341 0.857289 0.506303 -0.788836 -0.246592 0.562966
-0.061785 -124.003529 -848.679335 2697.951119 0.609455 -0.436753 0.661673 0.216900 0.894593 0.390715 -0.762574 -0.094607 0.639946
-19.752776 -35.271649 1506.599722 -508.919673 0.498969 0.122819 -0.857872 0.723755 -0.603532 0.334556 -0.476664 -0.787822 -0.390035
-17.461880 -34.621389 159.690018 61.303808 0.467049 0.186884 -0.864256 0.740300 -0.617150 0.266612 -0.483550 -0.764330 -0.426590
-19.007217 -35.078832 637.782183 -632.378756 0.534012 0.121493 -0.836702 0.734456 -0.556877 0.387895 -0.418814 -0.821662 -0.386610
-21.638604 -36.494558 1797.068114 -526.208166 0.562746 0.056267 -0.824713 0.717160 -0.529393 0.453239 -0.411095 -0.846509 -0.338266
-19.738825 -36.642397 1135.646742 -117.308550 0.626859 0.045213 -0.777820 0.707762 -0.450448 0.544214 -0.325762 -0.891657 -0.314368
-109.728474 -1513.773484 11435.422139 -188542.347184 -0.592009 0.613562 -0.522558 0.773106 0.615509 -0.153155 0.227669 -0.494661 -0.838735
-14.448217 -951.675355 3877.583225 -334918.570245 -0.484783 0.751687 -0.447161 -0.553068 -0.659520 -0.509067 0.677571 -0.000523 -0.735458
-0.308506 -1468.934586 -6199.441091 522655.039142 -0.526569 0.652271 -0.545223 0.544917 0.751229 0.372451 0.652526 -0.100980 -0.751008
-0.456541 -114.914013 -1192.862113 -5056.074343 0.701151 -0.419075 0.576857 -0.645641 -0.029870 0.763056 0.302547 0.907460 0.291516
2.659350 -122.048743 -928.026551 1192.122909 0.691786 -0.403892 0.598584 0.717621 0.292327 -0.632112 0.080323 0.866843 0.492069
0.804531 -116.224601 1040.483862 4295.915508 0.678070 -0.441072 0.587942 0.690298 0.107459 -0.715501 0.252408 0.891015 0.377336
-3.163029 -35.164765 865.376481 2870.510928 0.527307 0.040809 -0.848694 0.737994 -0.517008 0.433668 -0.421084 -0.855007 -0.302739
-1.077967 -30.213528 1003.234697 3119.513915 0.339273 0.154745 -0.927873 0.864636 -0.439835 0.242797 -0.370539 -0.884646 -0.283022
-5.250858 -36.628280 645.071696 2252.724656 0.429122 0.100122 -0.897680 0.772692 -0.555368 0.307431 -0.467762 -0.825556 -0.315684
-12.049887 -39.294552 656.088535 1248.840005 0.357741 0.131979 -0.924448 0.759213 -0.617500 0.205641 -0.543706 -0.775419 -0.321105
-10.389641 -41.338090 473.280456 466.791458 0.483705 0.066357 -0.872712 0.667012 -0.673546 0.318482 -0.566678 -0.736161 -0.370058
-6.140134 -39.694991 310.844320 1540.552495 0.542681 0.029999 -0.839403 0.677635 -0.606129 0.416435 -0.496293 -0.794801 -0.349263
-17.124905 -49.860840 -1224.193136 680.810707 0.807810 -0.565207 -0.167282 0.578378 0.814786 0.040035 -0.113671 0.129092 -0.985096
-7.113508 -46.614842 4019.763356 2447.968882 0.905533 -0.416459 -0.081066 0.424270 0.887869 0.177998 0.002153 0.195576 -0.980686
-12.091536 -49.945961 3651.454259 667.714011 0.918140 -0.389695 -0.071813 0.392715 0.919042 0.033710 -0.052862 0.059153 -0.996848
-14.394946 -47.877261 -533.047515 910.538166 0.761741 -0.622931 -0.178066 0.646085 0.750830 0.137219 -0.048220 0.219571 -0.974404
2.674536 -56.832235 493.103533 -518.108915 0.710906 0.528750 -0.463721 -0.696473 0.437732 -0.568609 0.097667 -0.727196 -0.679446
4.152617 -59.078407 573.450647 -311.396775 0.716318 0.528302 -0.455834 -0.697091 0.570702 -0.434008 -0.030858 -0.628646 -0.777079
4.982824 -58.343028 1135.663482 1028.764952 0.702754 0.533490 -0.470664 0.711028 -0.504373 0.489946 0.023991 -0.678967 -0.733777
4.473241 -56.875853 1283.931707 1559.417259 0.691439 0.544495 -0.474802 0.712884 -0.407725 0.570576 0.117088 -0.732997 -0.670079
-1.799144 -174.606628 -982.937932 -10040.430644 -0.842977 -0.333367 0.422204 -0.224656 0.931283 0.286778 -0.488794 0.146897 -0.859943
1.252912 -189.519819 -601.742457 -20631.850979 -0.840280 -0.325850 0.433303 -0.255131 0.942863 0.214286 -0.478370 0.069511 -0.875403
0.514107 -155.649849 -1339.307412 -14050.019919 -0.832961 -0.388906 0.393609 -0.412273 0.910651 0.027311 -0.369062 -0.139525 -0.918872
3.821442 -157.923312 -452.304212 -22365.294665 -0.830381 -0.369853 0.416745 -0.445711 0.889745 -0.098466 -0.334379 -0.267511 -0.903675
-1.279841 -151.696737 -630.698401 -7245.622944 -0.829160 -0.382887 0.407297 -0.341368 0.923783 0.173473 -0.442675 0.004799 -0.896669
2.938484 -127.896976 1462.855583 -11770.810935 0.826158 0.405662 -0.391026 -0.521902 0.812489 -0.259771 -0.212325 -0.418689 -0.882960
-0.288929 -136.175673 -1407.263112 -14390.899709 -0.824976 -0.415340 0.383284 -0.483293 0.870018 -0.097453 -0.292988 -0.265635 -0.918475
-32.201809 -793.400459 -4404.814322 -101463.833759 0.529685 -0.660908 0.531633 0.846508 0.451409 -0.282230 -0.053456 0.599525 0.798569
-69.382364 -1942.036818 1578.427718 -678041.782319 0.400297 -0.818237 0.412615 0.912669 0.315462 -0.259844 0.082449 0.480596 0.873058
-15.457670 -1066.401263 842.548489 322597.164918 0.473175 -0.744809 0.470495 0.772694 0.094356 -0.627726 0.423142 0.660573 0.620157
-30.977153 -532.933662 -2022.002850 51715.831185 0.488056 -0.696101 0.526540 0.704263 -0.042276 -0.708679 0.515573 0.716698 0.469605
-34.315637 -750.138473 -2400.662109 26866.286569 0.540168 -0.640806 0.545514 0.803433 0.199786 -0.560875 0.250426 0.741251 0.622763
-49.262046 -76.947041 -691.062661 -5044.206051 0.916621 0.093336 -0.388709 0.387556 0.030922 0.921327 -0.098012 0.995154 0.007829
-45.337115 -67.981105 -1059.743742 -4138.119714 0.981163 0.192771 0.012571 -0.012806 -0.000030 0.999918 -0.192755 0.981244 -0.002439
-54.106939 -71.265260 -1812.173644 2248.848562 0.973562 0.183856 -0.135550 0.191479 -0.333311 0.923168 -0.124549 0.924717 0.359703
-56.238459 -67.270541 -3495.813928 1901.884057 0.987008 0.160655 0.002090 0.085075 -0.533621 0.841434 -0.136296 0.830324 0.540356
-56.715789 -63.513330 -1085.048322 1417.545853 0.978680 -0.106674 0.175514 -0.203920 -0.606705 0.768327 -0.024525 0.787737 0.615523
-39.881313 -61.478306 -628.667856 1251.848833 0.166255 0.751439 0.638513 0.109910 -0.657611 0.745297 -0.979938 0.053730 0.191922
-41.297608 -60.114475 -1033.571426 729.846573 0.227735 0.774202 0.590549 0.235467 -0.632273 0.738097 -0.944824 0.029036 0.326290
3455.085720 -202.489952 -1276749.184847 -40783.951965 0.716832 -0.693762 -0.069613 0.159381 0.065844 0.985019 0.678786 0.717188 -0.157772
1035.937087 -63.213486 -274007.855515 13678.241419 0.069443 0.997570 -0.005596 -0.055866 -0.001712 -0.998437 0.996020 -0.069647 -0.055611
465.936863 -65.348212 -49638.698243 6350.593075 -0.033722 0.997930 -0.054760 0.149421 -0.049141 -0.987552 0.988198 0.041484 0.147455
-12.464939 -44.060512 2012.263712 -1330.524477 0.861349 0.302868 -0.407859 0.379938 0.148895 0.912950 -0.337232 0.941329 -0.013180
-6.655012 -43.478930 2049.741397 -1422.445154 0.881257 0.284397 -0.377498 0.354935 0.129199 0.925920 -0.312101 0.949961 -0.012915
-9.908594 -39.878189 959.273689 -1575.458518 0.864871 0.292307 -0.408112 0.344780 0.245011 0.906144 -0.364864 0.924406 -0.111121
-13.964079 -40.731555 1410.205752 -1750.159812 0.846356 0.309076 -0.433768 0.357982 0.272921 0.892952 -0.394374 0.911036 -0.120344
-7.103848 -35.331325 1112.144740 -1486.966451 0.875248 0.277770 -0.395960 0.304530 0.319538 0.897306 -0.375768 0.905947 -0.195086
-11.030167 -36.551206 820.694933 -1319.674484 0.845425 0.283859 -0.452416 0.349817 0.345796 0.870663 -0.403589 0.894343 -0.193046
17.087102 -32.068117 -6841.690255 -1697.211829 -0.874819 0.335515 0.349459 0.370193 0.928277 0.035486 -0.312488 0.160411 -0.936280
10.065821 -38.199198 -7256.627402 -2075.967110 -0.888535 0.319445 0.329332 0.376275 0.918082 0.124667 -0.262530 0.234690 -0.935948
-2.945808 -39.208987 -4116.494706 -1917.316281 -0.892430 0.290125 0.345536 0.353079 0.925873 0.134514 -0.280897 0.242046 -0.928714
-10.212452 -50.328017 410.211677 1935.497218 0.919503 0.052659 0.389541 -0.237530 -0.715162 0.657361 -0.313201 0.696972 0.645085
-8.885196 -47.404098 290.395671 -4452.224382 0.902139 0.019467 0.431005 -0.369621 -0.480408 0.795354 -0.222542 0.876829 0.426200
0.347613 -55.450608 -748.432064 -958.438385 0.928384 0.068466 0.365261 -0.343434 -0.217432 0.913661 -0.141974 0.973671 0.178347
0.994522 -57.441793 -672.977774 1335.165221 0.926706 0.064278 0.370248 -0.358995 -0.139793 0.922811 -0.111075 0.988092 0.106471
-1.592463 -58.903650 -1030.368160 1281.297921 0.941959 0.073729 0.327532 -0.313274 -0.157761 0.936467 -0.120717 0.984721 0.125507
-5.301697 -56.936020 -1551.330319 -1320.931695 0.954682 0.080522 0.286530 -0.257274 -0.260773 0.930488 -0.149644 0.962036 0.228239
-8.055549 -92.525148 151.515746 -3783.774995 0.984582 -0.072093 -0.159375 -0.147494 -0.831981 -0.534840 0.094039 -0.550100 0.829787
-9.172748 -96.208250 -991.284457 -2041.888999 0.984534 -0.100565 -0.143455 -0.169891 -0.747973 -0.641618 0.042775 -0.656067 0.753490
8.199514 -90.563248 907.139848 -1806.542257 0.957964 -0.161599 -0.237046 -0.267953 -0.799200 -0.538034 0.102502 -0.578934 0.808906
6.418601 -85.346517 -220.361722 -2271.083741 0.956265 -0.197151 -0.216076 -0.280427 -0.827988 -0.485588 0.083174 -0.524945 0.847063
8.020973 -86.489412 536.672605 -2096.766256 0.958049 -0.180442 -0.222673 -0.268733 -0.835625 -0.479076 0.099625 -0.518818 0.849060
-15.097398 -51.180953 1771.759755 -2356.334974 0.849270 0.005743 0.527927 -0.489337 -0.366850 0.791183 -0.198214 0.930262 0.308745
-17.988452 -52.020644 1438.182779 -178.160523 0.885616 0.065829 0.459730 -0.426154 -0.278290 0.860783 -0.184602 0.958239 0.218405
-17.345067 -52.175537 122.819401 -1017.257060 0.882384 0.118807 0.455284 -0.386206 -0.369852 0.845018 -0.268782 0.921463 0.280467
-14.945745 -50.134778 980.274311 -2092.539757 0.845664 0.053074 0.531070 -0.450890 -0.461367 0.764094 -0.285571 0.885621 0.366231
-10.554093 -48.062138 2108.266879 787.138346 0.818319 -0.040436 0.573340 -0.499688 -0.542973 0.674902 -0.284018 0.838776 0.464530
-9.068019 -48.917288 -3303.153422 1682.064001 0.905035 0.315464 0.285297 -0.154950 -0.380127 0.911863 -0.396109 0.869474 0.295147
-0.300277 -97.126442 -1258.888444 6496.292834 0.832790 0.532759 -0.150427 0.337772 -0.704295 -0.624403 0.438601 -0.469187 0.766481
-1.360430 -84.292253 -558.780645 4276.332005 0.831428 0.534953 -0.150177 0.256223 -0.608961 -0.750677 0.493029 -0.585655 0.643374
-2.803835 -96.586067 -526.052413 5045.141097 0.826555 0.542366 -0.150484 0.327545 -0.680916 -0.655033 0.457734 -0.492131 0.740464
1.277538 -96.502831 -1012.779314 6369.022741 0.834945 0.528911 -0.152050 0.322002 -0.693572 -0.644416 0.446297 -0.489092 0.749405
-14.652822 -77.136924 459.789669 -168.644182 0.982370 -0.172029 -0.073178 0.135565 0.925065 -0.354792 -0.128729 -0.338617 -0.932077
-15.465145 -74.503173 253.624143 -98.586167 0.983604 -0.149565 -0.100764 0.074842 0.846886 -0.526481 -0.164079 -0.510307 -0.844195
-15.608161 -76.471080 535.671300 -1456.317872 0.975506 -0.196160 -0.099549 0.162366 0.947406 -0.275787 -0.148411 -0.252868 -0.956050
4.653487 -66.987147 -105.551890 -2083.283398 0.804532 0.229878 0.547617 0.360697 0.543405 -0.758029 0.471832 -0.807383 -0.354270
15.013093 -109.104306 1737.656695 -14094.369159 0.693930 0.719934 0.012477 -0.630743 0.599420 0.492806 -0.347309 0.349842 -0.870050
12.587883 -105.307469 1737.857403 -7635.665989 0.704100 0.708344 0.049923 -0.625450 0.585340 0.515934 -0.336237 0.394493 -0.855172
12.097151 -105.434050 -659.520518 -11690.235216 0.698631 0.714818 0.030831 -0.567709 0.527597 0.631940 -0.435456 0.458995 -0.774404
12.842231 -147.552083 -1005.927264 -20874.771703 0.735072 0.675833 -0.054026 -0.395401 0.492058 0.775588 -0.550752 0.548751 -0.628923
-4.435615 -49.389198 -2505.758172 88.264993 0.613046 0.789384 0.032363 -0.497189 0.353641 0.792301 -0.613985 0.501807 -0.609271
-9.112722 -52.388325 -2837.833017 -1264.852788 0.655013 0.752813 -0.065046 -0.336596 0.367768 0.866862 -0.676507 0.545911 -0.494286
-90.095096 -1015.438765 -10120.853494 361739.668409 0.718052 0.532482 0.448178 0.443558 0.146118 -0.884254 0.536336 -0.833734 0.131266
-61.467985 -1339.032375 7738.104160 501750.301301 0.830376 0.481164 0.280992 0.505003 -0.436771 -0.744448 0.235473 -0.760074 0.605674
160.823618 -7287.509074 -18632.394778 -3958800.001354 0.862355 0.363679 0.352251 0.474803 -0.822465 -0.313231 -0.175798 -0.437367 0.881933
57548.168815 -17119.310553 -190911085.845584 39236366.445620 -0.265143 -0.151149 -0.952288 -0.626106 0.778080 0.050827 0.733274 0.609710 -0.300938
-313.962493 -1602.740750 38516.448529 -2135306.406808 -0.852593 -0.165080 -0.495817 -0.149773 0.986182 -0.070798 0.500653 0.013898 -0.865536
-11.394743 -41.268596 375.230112 948.323320 0.609734 0.483986 0.627680 0.774521 -0.532027 -0.342147 0.168348 0.694770 -0.699252
-6.102114 -82.199180 -1088.748320 2784.191001 0.940012 -0.224943 -0.256474 -0.141528 0.426914 -0.893148 -0.310400 -0.875868 -0.369469
0.247014 -82.280879 -2015.149775 1885.845947 0.929853 -0.235408 -0.282766 -0.210782 0.289089 -0.933809 -0.301571 -0.927907 -0.219190
3.311528 -79.704985 -4054.579078 2704.664505 0.911099 -0.261240 -0.318830 -0.193439 0.412045 -0.890393 -0.363978 -0.872910 -0.324880
40.868762 -255.073080 7143.561028 -4950.115710 0.991283 -0.120392 0.053516 -0.129490 -0.815374 0.564268 0.024298 0.566279 0.823856
24.108024 -226.336567 3453.767662 -9699.110371 0.981801 -0.184636 0.044460 -0.162208 -0.693512 0.701947 0.098771 0.696384 0.710840
21.589250 -228.919877 2330.125370 19743.005371 0.988013 -0.154003 0.010681 -0.148516 -0.929370 0.337955 0.042119 0.335490 0.941102
15.218897 -95.342129 -1159.940600 21224.710381 -0.035910 0.762795 0.645643 0.222108 0.635993 -0.739040 0.974361 -0.116864 0.192262
11.964097 -199.767436 -641.681203 50491.022530 0.035684 0.791651 0.609931 0.377901 0.554312 -0.741572 0.925158 -0.256956 0.279386
2043.926385 -96.069303 -724613.204154 -10855.689917 0.549344 0.609430 0.571679 -0.498475 0.788099 -0.361142 -0.670630 -0.086576 0.736722
-41.253980 -55.011412 -20.016054 1344.458213 0.159061 0.940762 0.299443 0.776216 -0.306591 0.550900 -0.610073 -0.144805 0.779001
-41.227703 -55.721674 -816.981466 855.807804 0.143701 0.921533 0.360732 0.676595 -0.357501 0.643749 -0.722198 -0.151562 0.674877
-42.366779 -58.286051 -317.279373 780.257007 0.251421 0.885579 0.390561 0.566862 -0.461804 0.682205 -0.784509 -0.049874 0.618109
-43.949801 -59.841758 423.257424 670.281855 0.359507 0.871442 0.333681 0.556879 -0.487291 0.672632 -0.748759 0.055997 0.660472
105.715292 -91.570962 13057.616923 -10999.279527 0.989429 0.093456 -0.110890 -0.129561 0.226134 -0.965442 0.065150 -0.969603 -0.235851
94.584426 -79.110124 986.382830 -9918.470710 0.964532 -0.133473 -0.227735 -0.226017 0.028090 -0.973718 -0.136362 -0.990654 0.003073
85.833394 -69.360923 4723.989026 -9098.697253 0.987906 0.069810 -0.138449 -0.139254 0.006778 -0.990233 0.068190 -0.997537 -0.016417
4.800198 -137.878100 -3415.419648 -1447.793366 0.633011 -0.386500 0.670757 0.675344 0.699255 -0.234420 -0.378426 0.601382 0.703657
5.298854 -136.958892 -1909.489343 -945.611625 0.645860 -0.391994 0.655138 0.739047 0.536264 -0.407713 -0.191506 0.747504 0.636053
7.719895 -136.789055 -755.080253 2939.437382 0.657315 -0.410015 0.632317 -0.643738 -0.741737 0.188221 -0.391840 0.530767 0.751497
6.977884 -135.472431 259.643732 -5642.608803 0.666157 -0.419105 0.616917 0.707605 0.616524 -0.345245 -0.235650 0.666520 0.707262
4.218367 -129.369832 667.148138 2227.259206 0.656251 -0.429469 0.620396 0.753145 0.322810 -0.573207 0.045904 0.843416 0.535297
