15861
31709
-24.041203 -39.769568 780.178967 3206.333757 0.328177 0.234254 0.915109 0.515571 0.767322 -0.381318 -0.791509 0.596944 0.131043
-25.597053 -42.800047 798.239391 2724.760616 0.173462 0.065610 0.982653 0.504047 0.851278 -0.145815 -0.846078 0.520597 0.114594
-31.780565 -48.994851 78.581360 1894.982832 0.319912 0.270134 0.908121 0.325074 0.869014 -0.373018 -0.889934 0.414540 0.190195
-24.576897 -36.958562 -36.821652 2425.421875 -0.009180 -0.057180 0.998322 0.571298 0.819083 0.052167 -0.820692 0.570818 0.025148
-25.027632 -56.935348 583.394568 6130.266064 0.467948 0.490693 0.735014 0.306885 0.689715 -0.655831 -0.828762 0.532460 0.172164
-12.620667 -47.401495 2454.673140 5847.769272 0.515799 0.334500 0.788708 0.488168 0.641787 -0.591440 -0.704019 0.690087 0.167741
-19.901051 -29.737869 1552.118105 2695.480765 0.360230 0.192790 0.912725 0.613231 0.688367 -0.387427 -0.702981 0.699274 0.129745
-22.200774 -31.406706 342.144821 1699.617640 -0.026108 -0.126715 0.991596 0.644360 0.756237 0.113604 -0.764276 0.641911 0.061906
17.095265 -12.737706 -6424.950242 2134.574400 0.986196 -0.164672 -0.017344 -0.014706 -0.191434 0.981395 0.164929 0.967593 0.191213
8.511613 -14.920394 1574.207432 4312.838968 0.682215 -0.264347 0.681692 0.702597 -0.020996 -0.711278 0.202337 0.964199 0.171405
4.228169 -3.770847 4456.903709 -5428.301179 0.208562 -0.245591 0.946672 0.960926 -0.128670 -0.245082 0.181998 0.960796 0.209159
12.461343 -26.305675 -2671.803776 -378.228620 0.320735 -0.116748 0.939946 0.945957 0.089670 -0.311648 -0.047901 0.989105 0.139198
10.114974 -23.692284 -3773.133934 -719.310391 0.254530 -0.093853 0.962500 0.959232 0.150923 -0.238949 -0.122838 0.984080 0.128442
4.485210 -24.910810 -3180.911824 -85.658751 0.280593 -0.090133 0.955585 0.959112 0.064753 -0.275521 -0.037044 0.993822 0.104617
-1.531201 -25.639786 -2795.396694 -167.622155 0.282296 -0.090927 0.955008 0.958211 -0.021284 -0.285269 0.046265 0.995630 0.081119
7.322735 -26.548508 -2445.920051 71.382241 0.347574 -0.106663 0.931566 0.936942 0.000840 -0.349484 0.036494 0.994295 0.100229
30.744422 -21.239352 -4574.608700 2046.219518 -0.058443 0.997802 -0.031241 0.958441 0.064836 0.277825 -0.279240 0.013706 0.960124
34.869538 -34.589332 -3812.790569 6764.562588 -0.030166 0.994207 -0.103160 0.947623 0.061277 0.313456 -0.317962 0.088301 0.943983
44.229498 -19.205577 -3896.380830 2275.841628 -0.065701 0.982415 -0.174768 0.960858 0.109529 0.254472 -0.269139 0.151208 0.951157
22.064881 -28.920187 -3761.235479 5648.382069 -0.021551 0.999335 0.029407 0.953638 0.011716 0.300729 -0.300185 -0.034525 0.953256
42.497301 -20.061103 -5231.803017 -2134.872219 -0.121437 0.983654 -0.132961 0.956709 0.151686 0.248393 -0.264501 0.097041 0.959491
20.235397 -22.358127 -3278.762068 463.184330 -0.047810 0.997730 0.047425 0.959051 0.032583 0.281353 -0.279169 -0.058935 0.958432
28.763532 -23.972989 -5349.647738 -2469.412697 -0.128245 0.991619 -0.015637 0.955600 0.127773 0.265524 -0.265297 -0.019109 0.963977
-9.355141 -28.513375 -921.611023 505.042201 -0.078461 0.760585 0.644480 -0.453230 0.548585 -0.702593 0.887934 0.347223 -0.301677
-14.776664 -30.122879 -261.695833 380.353111 0.032926 -0.552793 -0.832668 -0.526478 0.698569 -0.484585 0.849551 0.454337 -0.268032
-8.491698 -30.303311 -870.550941 471.934764 -0.093461 0.742107 0.663733 -0.359772 0.596432 -0.717519 0.928348 0.305852 -0.211246
8.323101 -29.447107 -3804.846598 533.739241 -0.044223 0.893793 0.446293 -0.296812 0.414803 -0.860140 0.953911 0.170504 -0.246945
12.218189 -30.461809 -4164.142962 461.208615 -0.019444 0.881542 0.471705 -0.188099 0.460144 -0.867690 0.981958 0.105598 -0.156870
-7.855470 -31.579095 -970.108031 398.627868 -0.105814 0.731838 0.673214 -0.256044 0.634134 -0.729599 0.960856 0.249574 -0.120283
1.382636 -37.096634 66.137385 -6.880876 0.457268 -0.137336 0.878661 0.818654 0.450989 -0.355549 -0.347436 0.881900 0.318653
1.369265 -38.719932 154.405343 -818.681210 0.405857 -0.160428 0.899746 0.890828 0.289421 -0.350230 -0.204218 0.943662 0.260378
1.064579 -35.104126 22.743369 -58.306602 0.455868 -0.142456 0.878573 0.822165 0.445501 -0.354364 -0.340923 0.883875 0.320212
1.996486 -41.162912 246.258695 -924.903965 0.410678 -0.156139 0.898312 0.887653 0.293617 -0.354771 -0.208366 0.943085 0.259180
1.438341 -39.405161 27.903157 58.625020 0.466542 -0.125274 0.875582 0.810566 0.456753 -0.366549 -0.354006 0.880729 0.314638
3.920942 -73.704934 -900.836735 -1668.292124 0.625394 0.005427 0.780290 0.219533 0.958361 -0.182619 -0.748791 0.285508 0.598162
2.159314 -71.532084 -698.193992 986.173004 0.640971 0.019310 0.767322 0.424322 0.824126 -0.375190 -0.639615 0.566078 0.520047
7.810988 -72.746725 -1196.200185 -1240.357287 0.641066 0.048801 0.765932 0.205292 0.950708 -0.232399 -0.739519 0.306223 0.599449
-1.190074 -73.802721 -269.776656 1248.106125 0.635899 -0.026130 0.771330 0.458193 0.817015 -0.350066 -0.621041 0.576025 0.531511
9.247013 -69.771364 -1359.059455 -2866.172056 0.639676 0.014061 0.768516 0.004242 0.999753 -0.021822 -0.768633 0.017219 0.639458
4.853236 -68.858336 -902.499642 -3579.375588 0.627682 -0.007665 0.778432 -0.004354 0.999901 0.013357 -0.778458 -0.011773 0.627587
-0.189458 -74.064950 -414.500363 -1758.199483 0.625460 -0.023893 0.779890 0.236923 0.958153 -0.160654 -0.743416 0.285256 0.604948
-1.114963 -20.873685 -612.097712 -717.002649 -0.191716 0.781369 0.593892 0.304621 -0.527858 0.792826 -0.932980 -0.332909 0.136822
3.132856 -21.476018 -752.735773 -368.636786 -0.247382 0.866490 0.433587 0.332760 -0.344299 0.877912 -0.909985 -0.361460 0.203160
-0.967043 -24.874161 -1265.929727 -816.978963 -0.209904 0.788377 0.578276 0.359801 -0.487662 0.795443 -0.909112 -0.375031 0.181296
7.058553 -57.204707 -1044.293339 -1714.661343 -0.001783 0.999074 0.042977 0.253930 -0.041116 0.966348 -0.967221 -0.012637 0.253622
5.107555 -59.205331 -93.027248 -1451.822708 -0.000646 0.997685 0.067999 0.233169 -0.065974 0.970196 -0.972436 -0.016482 0.232587
5.053311 -54.129247 -412.206512 803.302380 0.015919 0.996770 0.078721 0.110181 -0.080001 0.990687 -0.993784 0.007097 0.111098
52.748051 -25.825590 -2609.379557 -133.296021 0.732957 -0.171662 0.658260 0.206623 0.978101 0.025001 -0.648137 0.117687 0.752375
46.943876 -24.989874 -10571.418118 208.659183 0.537903 -0.164783 0.826745 0.232875 0.971593 0.042139 -0.810204 0.169862 0.560997
46.100059 -23.510752 -9679.096392 391.680109 0.574966 -0.145218 0.805187 0.280292 0.959532 -0.027095 -0.768668 0.241266 0.592401
0.855790 -17.886694 -103.443288 -1282.625567 0.683498 0.138508 0.716691 0.270551 0.863833 -0.424965 -0.677962 0.484364 0.552954
1.773598 -22.188029 -268.357446 -1104.139754 0.660407 0.089436 0.745563 0.365907 0.828698 -0.423523 -0.655724 0.552505 0.514552
0.772022 -17.685498 87.102972 -1041.376232 0.668900 0.073209 0.739739 0.331220 0.861539 -0.384764 -0.665482 0.502385 0.552035
-0.966568 -14.609582 327.623947 -936.209803 0.678447 0.076482 0.730657 0.284617 0.889531 -0.357391 -0.677276 0.450428 0.581732
-0.324328 -14.388332 181.139200 -1167.548821 0.703038 0.187229 0.686063 0.185724 0.882902 -0.431267 -0.686472 0.430615 0.585941
-0.271766 -100.040291 433.133620 -8181.318230 -0.164520 0.971639 -0.169857 0.968148 0.192019 0.160681 -0.188739 0.138012 0.972281
1.335952 -79.574212 582.902453 -8444.469514 -0.159248 0.971671 -0.174632 0.889294 0.218002 0.402034 -0.428715 0.091276 0.898817
-0.343143 -87.283541 559.870015 -8555.085987 -0.140727 0.974471 -0.174935 0.932370 0.189871 0.307627 -0.332989 0.119813 0.935288
2.549435 -143.466531 -1848.449997 6758.549278 -0.187495 0.977158 -0.100040 -0.857221 -0.113048 0.502387 -0.479602 -0.179951 -0.858836
1.346800 -146.006977 -1542.251961 3904.649507 -0.193198 0.977452 -0.085223 -0.959866 -0.170293 0.222839 -0.203302 -0.124855 -0.971123
4.550800 -139.572313 -1159.703221 7645.295902 -0.174271 0.980750 -0.088082 -0.881129 -0.115383 0.458584 -0.439593 -0.157529 -0.884275
3.892849 -131.658282 1021.427653 -10279.552109 -0.109181 0.985042 0.133310 -0.892522 -0.156186 0.423096 -0.437589 0.072788 -0.896224
3.341292 -118.078862 1113.828700 -3802.962134 -0.094624 0.986305 0.135092 -0.867502 -0.148262 0.474824 -0.488350 0.072263 -0.869651
3.962178 -126.706753 1518.127991 -1315.659943 -0.077080 0.987561 0.137048 -0.744529 -0.148436 0.650879 -0.663126 0.051866 -0.746709
3.564771 -136.108655 -1023.310372 -11621.280859 -0.156058 0.986028 0.058270 -0.870610 -0.165177 0.463416 -0.466566 -0.021590 -0.884223
2.993318 -120.987900 58.912355 -11362.618544 -0.151192 0.984239 0.091726 -0.967670 -0.166318 0.189614 -0.201881 0.060093 -0.977565
4.547742 -142.704480 373.878488 -1692.050402 -0.096672 0.990968 0.092935 -0.654930 -0.133644 0.743778 -0.749481 -0.011036 -0.661934
17.984586 -30.057423 2605.465485 150.007093 -0.491000 0.862170 0.124830 -0.657139 -0.272481 -0.702796 0.571916 0.427103 -0.700353
23.729025 -31.539475 3213.973017 -80.318552 -0.444454 0.886491 0.128818 -0.720940 -0.268625 -0.638816 0.531701 0.376794 -0.758499
25.730462 -33.759389 1852.397099 1712.256706 -0.439054 0.897784 0.034856 -0.670222 -0.301436 -0.678188 0.598360 0.321123 -0.734061
22.469560 -35.457528 2075.798314 2356.830803 -0.472222 0.881146 0.024239 -0.606572 -0.304874 -0.734249 0.639591 0.361431 -0.678447
1.548954 -125.465704 -380.895853 -14340.738114 0.229935 -0.959726 0.161419 0.971773 0.217419 -0.091576 0.052792 0.177919 0.982628
2.674800 -111.296208 976.517933 -16795.707305 -0.228358 0.957371 -0.176899 0.960023 0.251644 0.122599 -0.161888 0.141831 0.976563
1.965890 -120.488010 -533.448034 -13338.463600 0.213611 -0.962531 0.167044 0.976888 0.209088 -0.044420 0.007829 0.172672 0.984948
1.563417 -158.622498 -420.476661 -26205.313917 0.274160 -0.950457 0.146519 0.961679 0.270467 -0.044957 0.003101 0.153230 0.988186
-0.218484 -143.925317 226.597282 -10573.242213 -0.222149 0.964118 -0.145347 0.921486 0.158894 -0.354424 0.318612 0.212670 0.923720
0.650120 -150.470102 -666.472791 -15594.081853 0.259488 -0.952103 0.161760 0.940120 0.210704 -0.267916 0.221000 0.221595 0.949766
-51.918289 -190.842732 -9633.053571 -34656.592458 0.303674 0.952485 0.023555 0.753637 -0.225005 -0.617579 0.582934 -0.205294 0.786156
13.163531 -513.226154 16511.591615 -108573.061825 -0.109496 0.993964 -0.006795 0.871146 0.092670 -0.482199 0.478659 0.058718 0.876035
-59.879824 -126.025832 -15358.472794 -30821.595227 0.062091 0.983004 0.172765 0.927022 0.007341 -0.374935 0.369831 -0.183437 0.910811
-7.115783 -20.069180 -1404.696488 -1676.831253 -0.474069 0.749702 -0.461741 -0.170298 -0.592585 -0.787300 0.863862 0.294601 -0.408599
-2.386177 -25.265034 -972.855854 -3481.103229 -0.450671 0.799059 -0.397995 -0.224819 -0.533062 -0.815660 0.863917 0.278118 -0.419879
-6.804075 -28.121647 -1269.571151 -2946.938624 -0.497656 0.721133 -0.481982 -0.204875 -0.637684 -0.742554 0.842831 0.270791 -0.465089
-11.896338 -23.634408 -1214.403916 1767.124104 -0.539968 0.595357 -0.594966 0.088702 0.743189 0.663176 0.836998 0.305319 -0.454108
-12.112614 -17.885368 -1338.706481 -140.617240 -0.518165 0.485140 -0.704375 -0.028151 0.813440 0.580967 0.854817 0.320866 -0.407839
-11.955452 -26.538633 -653.173897 -243.730952 0.805640 0.383909 0.451174 -0.590849 0.465566 0.658897 -0.042906 0.797410 -0.601911
-14.058341 -27.598592 -671.294422 -103.666499 0.775577 0.405340 0.483922 -0.618778 0.336518 0.709838 -0.124877 0.849974 -0.511810
-13.722752 -26.437127 150.767030 -149.393526 0.878143 0.274869 0.391550 -0.478319 0.489648 0.729010 -0.008660 0.827461 -0.561456
-11.738910 -25.557580 211.198993 -209.365422 0.899770 0.234762 0.367831 -0.432827 0.587253 0.683955 0.055443 0.774610 -0.630005
0.993367 -119.901950 42.394722 512.839909 -0.491744 0.067153 -0.868147 0.543873 0.802299 -0.246006 0.679993 -0.593133 -0.431048
1.492462 -100.509795 95.711943 1360.940777 -0.474072 0.078189 -0.877008 0.506457 0.838995 -0.198969 0.720248 -0.538492 -0.437343
0.954616 -119.647299 16.005604 294.778657 -0.459221 0.131827 -0.878486 0.410231 0.908632 -0.078094 0.787925 -0.396245 -0.471343
0.138791 -150.488977 59.257989 -1800.873046 -0.475113 0.118915 -0.871853 0.456450 0.880398 -0.128660 0.752277 -0.459085 -0.472567
0.993570 -113.597038 -23.832126 -225.532323 -0.441309 0.192746 -0.876411 0.248368 0.964741 0.087108 0.862299 -0.179231 -0.473621
0.997945 -139.709081 -57.654575 1116.225817 -0.454761 0.178568 -0.872529 0.274504 0.960101 0.053419 0.847254 -0.215220 -0.485634
-822.379200 -2418.989256 -220407.831343 -556125.559393 -0.586959 0.418357 0.693149 0.306261 0.907260 -0.288243 -0.749455 0.043098 -0.660651
-2048.224946 -6715.258215 4004079.708581 478571.557592 0.812664 -0.517541 0.267822 0.293520 -0.033496 -0.955366 -0.503412 -0.855003 -0.124688
-701.731947 -1501.758010 -314082.957045 -575176.629869 -0.325493 0.704371 0.630806 0.034920 -0.657725 0.752448 -0.944899 -0.266944 -0.189488
-24.929788 -404.918817 -1934.184830 -81126.708174 0.746538 -0.435540 -0.502977 0.578033 0.798923 0.166133 -0.329482 0.414762 -0.848182
-29.560431 -736.603417 2646.148923 -161719.244565 0.791247 -0.505329 -0.344341 0.611426 0.662387 0.432899 -0.009331 0.553069 -0.833083
-14.560651 -252.658836 -2643.769609 -50680.585883 -0.686808 0.588750 0.426225 0.701114 0.691266 0.174903 -0.191660 0.418957 -0.887548
1.800598 -28.023719 887.123206 -6077.347914 0.754439 -0.529330 -0.388112 0.499926 0.846558 -0.182795 0.425318 -0.056119 0.903302
-1.879348 -81.633954 1234.913534 -25446.642204 0.702684 -0.600592 -0.381477 0.557978 0.797835 -0.228298 0.441470 -0.052434 0.895743
-1.235050 -24.338713 819.444222 -4819.308298 0.806335 -0.414646 -0.421772 0.396459 0.908100 -0.134815 0.438912 -0.058509 0.896623
-25.056684 -38.510125 172.056023 -211.301548 0.912924 -0.037312 -0.406420 -0.395792 0.162052 -0.903929 -0.099589 -0.986077 -0.133173
-22.770285 -36.689946 -392.419723 -205.124463 0.880632 -0.045849 -0.471576 -0.470073 0.040051 -0.881718 -0.059313 -0.998145 -0.013718
-23.565962 -37.378107 -875.711680 -707.297432 0.850290 -0.108469 -0.515016 -0.503187 0.119347 -0.855897 -0.154304 -0.986910 -0.046899
-24.322770 -37.201198 -837.018315 -351.711635 0.821487 -0.135529 -0.553887 -0.520847 0.217054 -0.825594 -0.232115 -0.966706 -0.107717
-26.045178 -38.322086 191.969733 29.781378 0.906973 -0.076081 -0.414261 -0.378246 0.285545 -0.880564 -0.185284 -0.955341 -0.230205
45.367157 -55.314534 646.949127 -4659.787306 -0.303281 -0.151219 -0.940826 0.348733 0.901220 -0.257269 0.886795 -0.406122 -0.220588
47.701335 -58.626139 1008.581004 -4594.181578 -0.425294 -0.129363 -0.895762 0.344953 0.891855 -0.292577 0.836739 -0.433427 -0.334677
44.167254 -47.553948 416.314946 -2436.365001 -0.363521 -0.166576 -0.916572 0.462834 0.821571 -0.332875 0.808478 -0.545228 -0.221561
52.513281 -67.131247 1050.934114 -2865.315201 -0.418437 -0.124890 -0.899618 0.109539 0.976331 -0.186489 0.901616 -0.176577 -0.394853
45.887192 -65.863116 -1024.933491 -4037.999147 -0.216953 -0.143666 -0.965552 0.140957 0.974135 -0.176615 0.965952 -0.174419 -0.191091
-24.591107 -41.087651 2991.634617 364.159592 0.190473 -0.174364 -0.966083 0.938229 -0.257247 0.231411 -0.288871 -0.950485 0.114595
-24.616527 -38.001853 2463.383684 301.210237 0.285590 -0.169130 -0.943310 0.944996 -0.114059 0.306550 -0.159440 -0.978972 0.127253
-31.885881 -42.570152 1726.848109 -849.550412 0.515371 -0.286469 -0.807668 0.830244 -0.066619 0.553405 -0.212340 -0.955770 0.203506
-33.310863 -45.003506 936.392584 -1015.025613 0.530578 -0.379811 -0.757780 0.793336 -0.092318 0.601744 -0.298506 -0.920446 0.252335
-34.197034 -46.138995 687.656960 1205.710680 0.716477 -0.340056 -0.609117 -0.674468 -0.114633 -0.729350 -0.178194 -0.933392 0.311489
-11.074419 -27.896671 -306.750899 711.081137 -0.683729 -0.472122 -0.556431 -0.313515 0.878600 -0.360237 0.658956 -0.071856 -0.748742
-10.300648 -27.596955 -94.847617 524.978072 -0.703442 -0.381587 -0.599634 -0.292625 0.924328 -0.244927 0.647719 0.003176 -0.761873
-10.344766 -29.892762 -65.788834 186.946512 -0.654249 -0.470103 -0.592420 -0.283086 0.878614 -0.384576 0.701299 -0.083903 -0.707912
-10.258469 -30.653532 -126.602050 59.846078 -0.646982 -0.419657 -0.636634 -0.287618 0.907562 -0.305954 0.706180 -0.014839 -0.707877
-9.579056 -29.911917 29.645237 -27.194979 -0.630508 -0.429137 -0.646762 -0.204844 0.895717 -0.394626 0.748664 -0.116330 -0.652663
-8.430392 -28.241738 -31.031085 -666.218862 -0.636011 -0.474190 -0.608797 -0.165747 0.854455 -0.492376 0.753670 -0.212250 -0.622038
-2.961074 -11.974400 299.417046 -605.095247 0.849257 -0.179788 0.496426 0.405651 -0.379638 -0.831458 -0.337948 -0.907497 0.249478
-3.468816 -11.627683 -22.817800 -646.130095 0.881337 -0.214110 0.421192 0.326105 -0.369424 -0.870162 -0.341909 -0.904258 0.255765
-3.520268 -10.013669 404.160909 -438.159000 0.825249 -0.153376 0.543544 0.437698 -0.434517 -0.787157 -0.356910 -0.887508 0.291452
-2.924301 -33.122091 -105.310136 790.889888 0.810469 0.161614 0.563046 0.583198 -0.132450 -0.801459 0.054952 -0.977925 0.201600
-2.580655 -30.487018 -13.743874 705.940713 0.787902 0.157738 0.595256 0.611549 -0.087029 -0.786406 0.072242 -0.983639 0.165034
-2.126161 -29.873639 -162.725244 550.742999 0.775477 0.156825 0.611589 0.608828 0.070819 -0.790135 0.167225 -0.985084 0.040560
-1.897019 -31.588251 -164.755269 661.428408 0.792231 0.176261 0.584211 0.582303 0.067903 -0.810131 0.182464 -0.981999 0.048843
-1.006832 -29.984874 -226.076074 188.290063 0.770296 0.168122 0.615125 0.569533 0.252517 -0.782219 0.286838 -0.952875 -0.098762
-0.981662 -28.815217 201.552310 -207.851827 0.737603 0.188157 0.648490 0.610903 0.223168 -0.759601 0.287646 -0.956448 -0.049664
6.477498 -60.415164 -131.762926 -2680.466575 0.939553 0.204435 0.274675 0.113406 0.571125 -0.812992 0.323077 -0.794999 -0.513418
4.737179 -57.935684 77.660573 -2507.713955 0.948981 0.196091 0.246947 0.114267 0.516063 -0.848895 0.293900 -0.833803 -0.467327
4.985517 -51.941693 119.223828 -3324.868046 0.939593 0.201843 0.276451 0.193797 0.352039 -0.915703 0.282149 -0.913963 -0.291657
7.717038 -49.000530 146.611711 -425.601489 0.967049 0.110519 0.229351 0.038157 -0.953605 0.298634 -0.251715 0.280043 0.926399
8.083954 -53.923793 153.142913 666.296039 0.969272 0.061558 0.238164 -0.057075 -0.885485 0.461149 -0.239278 0.460572 0.854763
5.716433 -44.583788 291.601251 936.772347 0.973896 0.069929 0.215957 -0.003610 -0.946475 0.322757 -0.226968 0.315111 0.921515
8.292340 -55.643700 -54.707614 251.749565 0.958956 0.113105 0.260020 -0.017959 -0.890934 0.453778 -0.282985 0.439823 0.852335
6.769429 -41.063278 196.635800 -170.023604 0.964664 0.176198 0.195901 -0.142945 0.974557 -0.172641 -0.221336 0.138538 0.965307
9.069447 -49.668281 -130.544260 164.391933 0.959563 0.167578 0.226180 -0.146804 0.983485 -0.105857 -0.240184 0.068372 0.968317
7.671222 -53.651828 -115.915748 200.164645 0.955474 0.129189 0.265294 -0.055491 0.961693 -0.268454 -0.289812 0.241779 0.926041
-1.787267 -10.954425 -533.037559 746.902483 -0.380046 -0.241003 -0.893019 -0.311925 0.942299 -0.121555 0.870785 0.232359 -0.433292
-1.946677 -15.005950 -847.467098 914.496832 -0.374016 -0.232030 -0.897928 -0.255304 0.956549 -0.140836 0.891590 0.176569 -0.417002
-4.639877 -12.388206 -713.680601 833.903005 -0.369379 -0.294747 -0.881296 -0.325275 0.929380 -0.174496 0.870492 0.222208 -0.439167
-7.467385 -21.328860 196.566588 1346.509367 0.655700 0.081348 0.750626 -0.390738 0.887252 0.245170 -0.646050 -0.454056 0.613557
-8.026104 -17.072149 120.220930 1330.904217 0.641221 0.115044 0.758683 -0.363621 0.916200 0.168395 -0.675733 -0.383852 0.629319
-8.177147 -20.993307 -142.197188 1577.182169 0.611583 0.102932 0.784456 -0.408976 0.889888 0.202082 -0.677277 -0.444414 0.586337
-5.590582 -17.189305 849.892937 1101.489933 0.681514 0.103496 0.724450 -0.353985 0.913051 0.202565 -0.640495 -0.394495 0.658893
-7.531761 -25.757090 -76.032262 1078.330716 0.616333 0.090429 0.782277 -0.463129 0.845054 0.267200 -0.636903 -0.526979 0.562714
-6.530656 -25.716057 272.006379 1088.678575 0.664259 0.059710 0.745114 -0.434066 0.842336 0.319463 -0.608561 -0.535635 0.585447
-4.966826 -21.301459 882.548348 1422.260439 0.703044 0.046060 0.709653 -0.357779 0.885321 0.296986 -0.614592 -0.462693 0.638899
-0.900091 -113.322823 980.211468 2298.115447 0.186457 0.978724 -0.085627 0.747717 -0.197902 -0.633840 0.637301 -0.054160 0.768710
-3.539438 -109.491664 111.842617 -564.505121 0.221339 0.973358 -0.059861 0.817583 -0.218675 -0.532673 0.531571 -0.068960 0.844202
-3.416107 -108.592297 -15.239071 3981.028026 0.212187 0.976021 -0.048572 0.687335 -0.184389 -0.702547 0.694657 -0.115686 0.709978
-2.542494 -101.583831 131.254197 7308.866242 0.196137 0.979144 -0.052982 0.510799 -0.148144 -0.846840 0.837027 -0.139034 0.529203
-0.916515 -109.497850 692.889783 7875.649473 0.183084 0.980238 -0.074922 0.578259 -0.169010 -0.798155 0.795045 -0.102805 0.597775
7.240122 -23.786362 -2771.564806 195.546965 0.805699 -0.262784 0.530842 0.155384 -0.771046 -0.617531 -0.571581 -0.580028 0.580399
16.211038 -21.364422 -2486.436120 359.978797 0.840361 -0.300933 0.450813 0.090134 -0.742550 -0.663698 -0.534480 -0.598380 0.596886
5.620912 -22.634121 -2482.925579 338.119848 0.802162 -0.224421 0.553327 0.270331 -0.689776 -0.671663 -0.532407 -0.688364 0.492644
-3.736590 -25.026647 -1813.360372 304.258563 0.771606 -0.148637 0.618492 0.361013 -0.698225 -0.618184 -0.523731 -0.700277 0.485095
2.315615 -23.340773 -1651.963360 -96.040627 0.800000 -0.167543 0.576133 0.370527 -0.617295 -0.694015 -0.471921 -0.768685 0.431757
-4.848563 -26.201218 -1303.082794 -34.189105 0.750080 -0.093561 0.654696 0.477863 -0.607681 -0.634326 -0.457195 -0.788651 0.411100
0.725661 -105.437062 -206.290628 -2327.252796 -0.091688 0.994344 -0.053600 -0.881507 -0.056011 0.468838 -0.463184 -0.090236 -0.881657
1.290513 -105.242919 6.575147 -1942.475231 -0.086508 0.994816 -0.053461 -0.862573 -0.047942 0.503656 -0.498482 -0.089684 -0.862248
0.720001 -107.456374 115.963308 -210.833240 -0.081169 0.995806 -0.042222 -0.744308 -0.032387 0.667050 -0.662885 -0.085570 -0.743815
-0.727563 -109.743019 -549.472498 79.620141 -0.100235 0.993223 -0.058831 -0.766747 -0.039427 0.640737 -0.634075 -0.109333 -0.765503
-0.619262 -107.781712 -354.155026 -3469.231805 -0.103648 0.993337 -0.050386 -0.902102 -0.072551 0.425381 -0.418891 -0.089543 -0.903611
43.529185 -60.103614 4063.743724 14753.276143 0.015566 0.993747 0.110563 -0.451664 0.105640 -0.885912 0.892052 0.036147 -0.450484
38.068641 -63.157594 -5276.187973 14481.774899 0.099073 0.994190 0.042069 -0.422136 0.080276 -0.902971 0.901102 -0.071702 -0.427637
36.541514 -80.252217 3067.683947 11048.626868 0.026528 0.991955 0.123783 -0.305865 0.125942 -0.943708 0.951705 0.012826 -0.306746
38.522158 -77.651110 8978.001096 9214.246274 -0.031444 0.983664 0.177246 -0.319455 0.158141 -0.934313 0.947080 0.086000 -0.309264
19.397301 -87.339110 -326.962722 -6646.455696 0.080908 0.995235 0.054421 0.213961 0.035985 -0.976179 0.973486 -0.090624 0.210030
12.624153 -82.063656 -2892.826140 -4886.948376 0.104690 0.988031 0.113294 0.223721 0.087603 -0.970708 0.969014 -0.126969 0.211872
19.858153 -90.352302 -5328.609644 -2914.269006 0.107074 0.987455 0.116051 0.067147 0.109274 -0.991741 0.991981 -0.113982 0.054604
14.029331 -75.724712 -687.362024 -8795.433050 0.089826 0.995356 0.034611 0.363096 -0.000368 -0.931752 0.927412 -0.096262 0.361443
20.845390 -96.824291 2046.726059 -1040.490670 0.053668 0.994232 0.092862 0.054651 0.089932 -0.994447 0.997062 -0.058445 0.049510
15.358465 -99.365622 6484.716840 -2683.106125 0.060655 0.998079 0.012582 0.126182 0.004837 -0.991995 0.990151 -0.061757 0.125647
18.071375 -87.172658 721.622013 -8282.475311 0.094772 0.995493 -0.003397 0.310174 -0.032771 -0.950115 0.945944 -0.088990 0.311882
-5.950424 -20.484058 -719.455633 666.958124 0.946548 -0.320932 0.032391 -0.096579 -0.377785 -0.920843 -0.307765 -0.868494 0.388587
-3.027213 -20.492080 902.978147 -1635.182750 0.968916 -0.204589 0.139089 0.014967 -0.512717 -0.858427 -0.246938 -0.833825 0.493718
-3.492113 -19.808843 -101.196428 -647.390411 0.946284 -0.322159 -0.027578 -0.179385 -0.452117 -0.873734 -0.269013 -0.831748 0.485621
-4.304033 -19.234952 -455.095975 1174.898347 0.922828 -0.378245 -0.072933 -0.215295 -0.349441 -0.911887 -0.319431 -0.857218 0.403908
-1.536985 -17.952719 522.878127 -934.261516 0.950184 -0.305622 -0.061198 -0.216056 -0.504308 -0.836058 -0.224655 -0.807631 0.545217
-3.553767 -20.041401 -90.953619 841.289715 0.907774 -0.397069 -0.135216 -0.295659 -0.377030 -0.877744 -0.297544 -0.836770 0.459655
-59.000652 -2309.211517 17340.122637 438918.323646 -0.328569 0.943990 0.030403 0.938014 0.322391 0.127255 -0.110326 -0.070331 0.991404
4.276973 -462.896280 4951.777187 108550.514386 -0.124115 0.978460 0.164961 0.840269 0.192064 -0.507011 0.527773 -0.075684 0.846007
23.531419 -2526.127810 -25388.557867 790362.296985 0.306686 -0.937285 -0.165653 0.933951 0.262782 0.242243 -0.183520 -0.229004 0.955969
-72.629248 -5593.211895 -11666.868591 358050.661492 -0.309831 0.939813 -0.144071 0.509949 0.292145 0.809076 -0.802469 -0.177208 0.569772
-3.854854 -23.332044 -855.265923 -639.864058 0.905166 -0.228939 0.358136 0.350810 -0.073393 -0.933566 -0.240015 -0.970670 -0.013881
-6.083251 -22.795891 -577.268719 -686.161272 0.910371 -0.208240 0.357576 0.346044 -0.090686 -0.933825 -0.226886 -0.973865 0.010498
-3.839716 -20.475880 -645.265819 -793.479776 0.901724 -0.227523 0.367597 0.334042 -0.173069 -0.926533 -0.274427 -0.958269 0.080058
-8.944307 -20.962994 -110.757436 -295.803518 -0.808822 -0.110565 -0.577566 -0.060372 0.992588 -0.105469 0.584946 -0.050436 -0.809503
-11.165434 -21.850915 52.522557 -208.206086 -0.811297 -0.117584 -0.572688 -0.124461 0.991848 -0.027328 0.571232 0.049106 -0.819318
-9.094368 -21.191648 -245.382023 -284.629990 -0.784454 0.077137 -0.615372 0.085487 0.996212 0.015900 0.614268 -0.040134 -0.788077
-6.743004 -19.709011 -194.461151 -352.726218 -0.783257 0.077123 -0.616895 0.141922 0.988256 -0.056646 0.605282 -0.131919 -0.785004
-6.532922 -19.600712 -241.000756 -382.484249 -0.809716 -0.097061 -0.578740 0.006464 0.984691 -0.174188 0.586787 -0.144784 -0.796692
6.226176 -30.091199 -4146.855805 -1601.843630 0.791374 -0.131361 0.597052 -0.460204 -0.770895 0.440377 -0.402416 0.623269 0.670520
-2.558792 -30.056090 -338.199323 -1252.493303 0.825087 -0.085626 0.558480 -0.411823 -0.767872 0.490688 -0.386825 0.634855 0.668824
16.118256 -27.828150 -6597.832788 -833.396636 0.786268 -0.130451 0.603958 -0.495725 -0.716657 0.490570 -0.368836 0.685116 0.628153
-8.141407 -33.219589 657.818647 -1480.154660 0.844865 -0.055817 0.532060 -0.330690 -0.836269 0.437377 -0.420532 0.545472 0.724992
-0.334407 -33.146262 -2492.227832 -1394.326311 0.806060 -0.115853 0.580384 -0.393713 -0.837150 0.379697 -0.441880 0.534563 0.720406
30.824964 -144.665457 -3170.598343 -25886.399392 -0.829046 -0.082546 -0.553054 -0.277677 0.919255 0.279044 0.485364 0.384911 -0.785026
62.011663 -378.267869 -7313.883029 -126797.861394 -0.856715 -0.078673 -0.509754 -0.236538 0.938174 0.252744 0.458354 0.337106 -0.822357
29.151300 -105.323732 -3101.693303 -25976.854988 -0.810649 -0.120089 -0.573086 -0.210187 0.973191 0.093385 0.546508 0.196157 -0.814157
26.651504 -86.782187 -2462.595543 -19280.078380 -0.823997 -0.125771 -0.552459 -0.166732 0.985703 0.024280 0.541507 0.112119 -0.833187
15.705915 -78.236829 -1575.930235 -9484.007702 -0.792685 -0.035201 -0.608614 -0.072661 0.996670 0.036992 0.605286 0.073545 -0.792604
-26.630260 -39.822414 3534.846714 -3956.872751 -0.052375 0.411263 -0.910011 -0.637182 0.687898 0.347556 0.768931 0.598046 0.226021
-25.056570 -135.839819 1375.250951 36406.156359 -0.305803 0.661012 -0.685236 0.583851 -0.438313 -0.683374 0.752066 0.609053 0.251895
-30.626257 -49.269028 1663.200774 7877.389358 -0.551364 0.802824 -0.226873 0.345316 -0.027937 -0.938071 0.759444 0.595561 0.261825
-29.348446 -70.311088 -1888.517284 -26444.074092 -0.372086 0.775818 -0.509567 0.870268 0.482500 0.099137 0.322779 -0.406572 -0.854701
-36.410344 -142.894769 -5571.504652 -39759.395471 -0.478579 0.713382 -0.511906 0.808519 0.585410 0.059935 0.342431 -0.385202 -0.856948
-14.612857 -272.975729 -2417.403785 68161.304978 -0.447763 0.687343 -0.571898 -0.767701 -0.623432 -0.148214 0.458413 -0.372682 -0.806824
-18.505706 -64.044975 -2066.005868 -21634.406860 -0.525256 0.643428 -0.556872 0.770004 0.637947 0.010817 0.362215 -0.423112 -0.830528
-4.798016 -135.270101 -1790.928769 -34364.532648 -0.485513 0.652253 -0.582102 0.776186 0.627987 0.056275 0.402258 -0.424497 -0.811166
-2.218460 -223.575186 -1528.716310 46502.548368 -0.441228 0.699071 -0.562687 -0.658917 -0.678046 -0.325704 0.609218 -0.227054 -0.759802
-12.801868 -166.417806 -3426.852619 13712.850300 -0.412565 0.731230 -0.543224 -0.419162 -0.681848 -0.599489 0.808761 0.019629 -0.587810
-27.830991 -47.155341 672.288414 1664.047227 0.166023 0.113428 0.979577 0.392102 0.903867 -0.171117 -0.904816 0.412503 0.105587
-26.152299 -43.512584 141.888093 2571.622305 -0.000098 0.009386 0.999956 0.470832 0.882185 -0.008234 -0.882223 0.470810 -0.004505
-21.129890 -137.834008 2614.444599 34958.351484 0.229250 -0.213591 0.949644 0.819188 -0.484597 -0.306752 0.525714 0.848260 0.063877
-2.671662 -77.960472 6265.378186 17735.276767 0.221977 -0.357218 0.907261 0.896840 -0.290335 -0.333741 0.382628 0.887750 0.255920
-25.278985 -48.319048 -439.362659 -699.309563 -0.291241 0.052899 -0.955186 -0.571457 0.791132 0.218053 0.767213 0.609353 -0.200181
-24.595475 -46.564380 412.611918 -158.945739 -0.251991 0.122421 -0.959955 -0.578342 0.776282 0.250814 0.775900 0.618385 -0.124814
-25.092314 -47.474043 82.784409 -487.557021 -0.334797 0.114985 -0.935248 -0.433428 0.862505 0.261199 0.836691 0.492811 -0.238927
-25.777642 -51.647253 -1179.230168 -2009.869755 -0.361456 0.012208 -0.932309 -0.433506 0.883065 0.179633 0.825483 0.469091 -0.313897
-26.295883 -51.108199 -1121.939631 -332.924319 -0.332614 -0.045407 -0.941969 -0.608704 0.773250 0.177662 0.720311 0.632473 -0.284833
0.740225 -24.328683 5404.804182 509.895517 0.730763 -0.215200 0.647823 -0.675985 -0.360241 0.642861 -0.095029 0.907698 0.408723
0.927052 -25.365889 5625.268155 143.186032 0.611136 -0.264579 0.745996 0.791485 0.194784 -0.579319 0.007968 0.944488 0.328449
-7.226292 -22.417049 3064.892423 -437.659264 0.681321 -0.173069 0.711231 0.722486 0.315026 -0.615445 -0.117542 0.933170 0.339674
-8.843679 -21.373308 1672.112777 1044.317843 0.843719 -0.039719 0.535314 -0.491439 -0.458320 0.740560 -0.215931 0.887899 0.406213
0.238258 -22.984818 3827.152710 840.554928 0.826893 -0.112384 0.551015 -0.527133 -0.496234 0.689842 -0.195905 0.860884 0.469574
50.152311 -17.669677 -3217.238925 6321.179409 -0.038178 0.963001 -0.266781 0.965092 0.104762 0.240047 -0.259113 0.248304 0.933384
44.487953 -37.952720 -1707.778752 8308.171431 -0.013503 0.950061 -0.311773 0.941278 0.117277 0.316611 -0.337363 0.289190 0.895854
37.220602 -56.351751 -2160.141213 7490.086294 -0.000194 0.975787 -0.218721 0.896073 0.097262 0.433120 -0.443906 0.195906 0.874396
24.083831 -45.862941 -3951.713926 9130.585345 -0.028429 0.999581 0.005483 0.935522 0.024674 0.352406 -0.352123 -0.015148 0.935831
29.253633 -61.245553 -4131.387473 8648.587364 -0.021183 0.997247 -0.071067 0.897953 0.050232 0.437215 -0.439581 0.054553 0.896545
-15.322340 -27.963027 -296.581033 356.371426 -0.030258 -0.550278 -0.834433 -0.598231 0.678756 -0.425922 0.800752 0.486297 -0.349731
-14.788143 -28.291506 -329.612690 327.416174 -0.035024 -0.452107 -0.891276 -0.663874 0.677147 -0.317401 0.747024 0.580578 -0.323859
-14.860107 -30.429245 -95.384997 340.355685 0.049426 -0.479174 -0.876327 -0.598575 0.688164 -0.410047 0.799541 0.544815 -0.252808
0.744297 -36.679483 47.382247 -728.020120 0.412269 -0.160690 0.896779 0.888936 0.286565 -0.357315 -0.199568 0.944489 0.260985
0.921200 -40.750164 154.873014 -915.997577 0.367056 -0.165340 0.915387 0.929176 0.111305 -0.352481 -0.043608 0.979936 0.194486
2.094233 -42.846671 295.479372 -1041.389195 0.364492 -0.164303 0.916597 0.930099 0.112225 -0.349744 -0.045401 0.980005 0.193724
-1.994298 -67.388856 -218.526838 -2976.561736 0.645069 -0.027006 0.763647 -0.614241 -0.612788 0.497191 -0.454527 0.789786 0.411879
3.201990 -46.780323 -550.471604 -37.570437 -0.261032 0.130611 -0.956453 -0.643357 0.715144 0.273241 0.719690 0.686666 -0.102646
3.172738 -47.933202 549.276056 -850.998796 0.279870 -0.149827 0.948275 0.756610 -0.573577 -0.313927 0.590943 0.805333 -0.047166
6.599082 -48.993359 -648.869180 314.528979 -0.287814 0.126097 -0.949349 -0.642296 0.709878 0.289014 0.710365 0.692945 -0.123321
0.898903 -46.232595 577.531200 -483.837700 0.264124 -0.152385 0.952375 0.756433 -0.579882 -0.302567 0.598371 0.800322 -0.037891
6.606778 -45.345195 -654.178780 -1801.863483 -0.269844 0.104728 -0.957192 -0.510291 0.827444 0.234389 0.816570 0.551695 -0.169839
3.171260 -43.514775 -549.042459 -1432.853516 -0.245460 0.114461 -0.962626 -0.510257 0.829059 0.228690 0.824249 0.547321 -0.145096
0.772289 -45.064468 -554.475254 -203.232798 -0.244802 0.131690 -0.960588 -0.641383 0.720991 0.262297 0.727118 0.680316 -0.092036
-3.595127 -76.384268 -101.728872 3892.626378 -0.205858 0.978312 -0.022984 0.158642 0.010187 -0.987284 0.965637 0.206887 0.157299
-2.957651 -80.848083 -244.480394 5643.445971 -0.194552 0.980892 -0.000511 0.187679 0.036713 -0.981544 0.962770 0.191058 0.191235
-2.762948 -68.704925 -273.725610 3578.255794 -0.194481 0.980849 -0.010631 -0.006015 -0.012031 -0.999910 0.980888 0.194399 -0.008239
-4.304622 -85.737612 84.980432 3783.960786 -0.214648 0.976466 -0.020995 0.354389 0.057835 -0.933308 0.910129 0.207773 0.358463
-3.024110 -67.814476 -185.469674 3024.448264 -0.211296 0.976992 -0.028979 -0.032574 -0.036671 -0.998796 0.976879 0.210098 -0.039573
-3.589919 -74.730457 13.167863 3061.944152 -0.220858 0.974190 -0.046653 0.137451 -0.016266 -0.990375 0.965572 0.225144 0.130310
-4.129233 -82.027969 139.913294 2530.753453 -0.225234 0.973369 -0.042685 0.329951 0.034981 -0.943350 0.916734 0.226559 0.329043
2.692673 -56.519441 213.408934 2561.838267 0.044071 0.996102 0.076405 -0.028389 -0.075200 0.996764 -0.998625 0.046097 -0.024964
-0.560828 -61.915282 499.539104 3063.108271 0.055123 0.996477 0.063213 -0.204810 -0.050679 0.977489 -0.977248 0.066829 -0.201295
2.879547 -55.029234 501.339857 2604.983640 0.064943 0.997332 0.033350 -0.004885 -0.033102 0.999440 -0.997877 0.065069 -0.002722
2.515468 -25.862683 -78.118780 923.084471 0.644613 0.047387 0.763039 -0.458174 -0.775036 0.435196 -0.612006 0.630137 0.477887
1.884463 -26.656161 -531.781375 -786.762503 0.646989 0.082452 0.758028 0.433965 0.777605 -0.454978 -0.626961 0.623323 0.467320
1.838778 -21.559152 129.425790 -1107.923237 0.657805 0.047674 0.751678 0.396164 0.826890 -0.399133 -0.640583 0.560340 0.525045
3.103727 -29.258992 -273.486634 594.098008 0.635506 0.047121 0.770657 -0.525145 -0.705322 0.476176 -0.565999 0.707319 0.423491
2.959880 -28.714717 336.392552 804.606612 0.633791 0.014942 0.773360 -0.541977 -0.704766 0.457783 -0.551878 0.709283 0.438576
2.272231 -25.092790 316.682115 1031.607948 0.647730 0.021854 0.761556 -0.470580 -0.774641 0.422475 -0.599166 0.632023 0.491475
-1.197421 -97.518532 52.410447 -7051.087706 -0.131882 0.980034 -0.148797 0.974769 0.155489 0.160150 -0.180089 0.123921 0.975813
-2.315828 -114.146185 61.667627 -9223.033406 0.123190 -0.982704 0.138265 0.992365 0.121134 -0.023217 0.006066 0.140070 0.990123
-1.797286 -115.320809 -44.904009 -8481.998094 0.133112 -0.979625 0.150384 0.989962 0.124146 -0.067551 0.047505 0.157866 0.986317
-0.760964 -134.106069 -761.102707 -7826.118306 -0.183602 0.981414 -0.055827 -0.981482 -0.186179 -0.045067 0.054624 -0.046518 -0.997423
1.806376 -131.663126 -1042.682858 -7253.840431 -0.187973 0.979549 -0.071759 -0.976008 -0.194468 -0.097932 0.109884 -0.051629 -0.992603
3.087313 -7.693292 1463.196078 204.008872 0.879034 0.293330 0.375840 -0.270634 0.956009 -0.113158 -0.392499 -0.002245 0.919750
-2.128028 -13.155381 1412.837939 1182.544449 0.919071 -0.066615 0.388421 0.044451 0.996844 0.065781 -0.391577 -0.043191 0.919131
1.004569 -10.974325 449.835578 1278.878498 0.913053 0.070966 0.401619 -0.077379 0.997002 -0.000252 -0.400433 -0.030847 0.915807
15.074360 -30.115411 4248.837917 -482.406017 -0.470688 0.859558 0.199027 -0.724082 -0.247432 -0.643803 0.504140 0.447143 -0.738854
19.435295 -30.881199 4418.150195 -440.466379 -0.439986 0.875623 0.199238 -0.775856 -0.258947 -0.575321 0.452173 0.407713 -0.793291
4.223482 -104.162906 250.012991 -15644.578363 -0.248626 0.958877 -0.136893 0.925173 0.276939 0.259538 -0.286776 0.062122 0.955982
656.561745 -3015.124750 870.243872 630498.054516 0.475561 0.861229 -0.179241 0.861048 -0.497439 -0.105601 0.180108 0.104115 0.978121
91.950254 -3480.753661 -1351.257797 1428723.206166 0.922911 0.078081 -0.377013 0.344880 -0.602957 0.719375 0.171153 0.793944 0.583404
69.853776 -353.701372 11419.790365 -50639.125175 0.660431 0.622595 -0.419769 -0.601211 0.773361 0.201139 0.449862 0.119531 0.885063
-1.983107 -31.108298 -1007.443728 -3530.953644 -0.469257 0.777145 -0.419337 -0.281595 -0.581767 -0.763054 0.836960 0.239986 -0.491838
0.872862 -28.020147 -422.544133 -4276.901353 -0.447490 0.817570 -0.362397 -0.262958 -0.507613 -0.820477 0.854755 0.271860 -0.442138
-9.483954 -27.840584 -1430.473762 -253.942703 0.711804 0.480559 0.512248 -0.687676 0.328378 0.647510 -0.142955 0.813161 -0.564210
-10.750651 -28.569189 -1358.318983 74.207930 0.686344 0.489393 0.537984 0.690555 -0.206446 -0.693191 -0.228178 0.847275 -0.479646
-15.108263 -28.205918 -916.203714 -81.113062 0.702864 0.443478 0.556156 -0.675764 0.172180 0.716727 -0.222093 0.879592 -0.420705
-17.194014 -27.697841 -246.726820 -139.494269 0.759622 0.376547 0.530270 -0.627430 0.209682 0.749910 -0.171188 0.902356 -0.395536
1.636310 -27.831743 -789.917043 299.002821 0.448410 0.101552 0.888040 0.625598 0.673950 -0.392962 -0.638401 0.731764 0.238675
3.758863 -30.191729 -697.713263 953.774037 0.452818 0.083079 0.887724 0.614211 0.692651 -0.378125 -0.646298 0.716472 0.262616
1.526390 -29.234892 -429.878092 608.874365 0.411981 0.020703 0.910957 0.564439 0.779034 -0.272973 -0.715318 0.626639 0.309262
-0.850057 -27.348149 -380.561722 29.595476 0.406085 0.020955 0.913595 0.577034 0.769339 -0.274133 -0.708608 0.638497 0.300325
-1.566028 -27.100110 -658.183639 -104.874581 0.427521 0.075336 0.900861 0.657888 0.657531 -0.367201 -0.620008 0.749651 0.231546
1.413787 -100.563382 123.836547 921.460330 -0.505444 0.036260 -0.862097 0.617745 0.712763 -0.332203 0.602426 -0.700467 -0.382661
-192.910840 -448.566556 35039.960935 -91667.509534 0.735443 -0.261693 -0.625012 0.548300 0.771793 0.322028 -0.398108 0.579527 -0.711096
-116.636932 -460.051860 11094.529355 -94928.434011 0.812550 -0.298130 -0.500881 0.501684 0.795201 0.340541 -0.296775 0.527991 -0.795707
-20.282195 -1680.241969 -5567.040868 -329556.901438 -0.613374 0.483491 0.624507 0.610910 0.791596 -0.012831 -0.500561 0.373647 -0.780914
29.228654 -2585.490317 -22577.116689 -715042.743615 -0.683814 0.537701 0.493230 0.723144 0.409313 0.556350 0.097264 0.737116 -0.668730
-17.781325 -1219.364284 6252.978744 -332800.419390 0.695734 -0.622324 -0.358703 0.576258 0.185456 0.795947 0.428813 0.760473 -0.487647
-0.175414 -116.764608 1146.570009 -36895.775827 0.686326 -0.630305 -0.362868 0.577791 0.775553 -0.254312 0.441718 -0.035121 0.896466
-4.099920 -228.367654 690.888258 -57233.582698 0.706218 -0.593573 -0.385910 0.498779 0.803966 -0.323819 0.502469 0.036203 0.863837
-22.648698 -33.508914 -219.624605 -1845.603558 0.909553 0.028219 -0.414628 -0.411483 -0.078715 -0.908012 0.058260 -0.996498 0.059984
-23.754372 -36.588778 70.581998 -789.908095 0.954831 0.072769 -0.288100 -0.289409 0.007907 -0.957173 0.067374 -0.997318 -0.028610
-23.453786 -31.442485 94.769055 -2298.940776 0.978903 0.147905 -0.140972 -0.132963 -0.062760 -0.989132 0.155145 -0.987008 0.041771
-24.813317 -37.394984 -87.396823 -947.786133 0.965627 0.139778 -0.219151 -0.227015 0.042847 -0.972948 0.126607 -0.989255 -0.073106
51.316976 -60.953965 -365.604721 -3829.788070 -0.531857 -0.106829 -0.840069 0.296206 0.905879 -0.302729 0.793341 -0.409842 -0.450155
