16096
32183
-34.288151 -54.568383 458.802972 -4077.985118 0.831179 0.421073 -0.363096 -0.321407 -0.169006 -0.931737 0.453694 -0.891142 0.005139
-44.523333 -66.852657 -857.202837 -4624.229089 0.893264 0.399381 -0.206333 -0.238795 0.032692 -0.970520 0.380862 -0.916202 -0.124573
-41.396914 -72.251409 128.238624 -10448.933420 0.891366 0.445079 0.085860 0.048702 0.094285 -0.994353 0.450661 -0.890514 -0.062366
-36.074383 -58.507265 552.594785 -3051.485369 0.793158 0.314190 -0.521713 -0.502903 -0.145272 -0.852047 0.343495 -0.938180 -0.042784
-31.088437 -57.965272 2626.950152 -9879.219265 0.845851 0.533227 0.014336 0.054397 -0.059491 -0.996746 0.530639 -0.843878 0.079326
-28.351565 -42.946404 1283.343960 -4172.525774 0.756464 0.387658 -0.526767 -0.406257 -0.352684 -0.842953 0.512560 -0.851666 0.109304
-29.703292 -47.962538 1336.086070 -2774.253352 0.696270 0.266187 -0.666598 -0.591840 -0.312551 -0.742992 0.406121 -0.911842 0.060080
-0.655904 -26.585855 6044.599711 -5556.649888 0.446571 0.793074 -0.414255 0.519223 -0.606754 -0.601878 0.728685 -0.053690 0.682741
2.268148 -16.708267 -11339.160168 6749.957611 -0.351893 0.765565 0.538592 0.550405 0.634642 -0.542480 0.757117 -0.105549 0.644697
-25.228489 -49.589015 3529.534589 20142.917493 0.661921 0.452396 -0.597661 -0.374953 0.890246 0.258598 0.649054 0.052923 0.758899
-18.008945 -202.149428 7694.005260 68365.925715 0.579615 0.381885 -0.719869 -0.484375 0.871851 0.072507 0.655307 0.306661 0.690313
1.200136 -59.393656 6494.289640 13862.345737 0.507461 0.634850 -0.582622 -0.419074 0.772632 0.476882 0.752901 0.002163 0.658130
1.920910 -34.091779 -4927.559290 -637.025212 0.706075 0.481897 -0.518878 -0.360417 0.875284 0.322456 0.609556 -0.040666 0.791699
-8.738759 -35.104334 -3883.769765 -31.747665 0.705636 0.449261 -0.547944 -0.373325 0.892987 0.251400 0.602251 0.027164 0.797844
-2.746429 -36.012391 -4382.832242 -92.339053 0.699671 0.489868 -0.520085 -0.448421 0.867797 0.214117 0.556218 0.083406 0.826841
18.146392 -36.863660 -4140.542388 -872.650702 0.647277 0.537256 -0.540730 -0.384262 0.842633 0.377243 0.658313 -0.036399 0.751864
11.290484 -31.468508 -5814.571396 -1837.743613 0.713522 0.456938 -0.531125 -0.276845 0.880250 0.385379 0.643617 -0.127937 0.754579
9.687377 -36.828902 -4341.872433 46.773476 0.659759 0.547451 -0.514797 -0.465182 0.835540 0.292366 0.590189 0.046583 0.805920
17.326162 -50.074715 6731.539988 1849.737487 -0.868005 0.448305 -0.213518 0.382591 0.877906 0.287931 0.316529 0.168235 -0.933545
36.315428 -63.112369 12279.017915 8044.381307 -0.859868 0.447471 -0.245757 0.400343 0.889741 0.219284 0.316783 0.090169 -0.944202
46.157112 -50.288421 14131.760078 1583.922964 -0.862892 0.441346 -0.246235 0.359068 0.878243 0.315848 0.355652 0.184127 -0.916302
9.368047 -55.458601 4340.864568 5416.295152 -0.871065 0.429706 -0.237904 0.384070 0.897822 0.215422 0.306164 0.096274 -0.947098
-7.441428 -36.972305 659.382660 3329.174391 0.425795 0.312057 -0.849305 0.442222 0.747131 0.496221 0.789391 -0.586870 0.180126
-7.088889 -37.774229 65.955673 3196.399461 0.428213 0.334742 -0.839394 0.430042 0.741461 0.515071 0.794794 -0.581535 0.173550
-8.156961 -39.008931 761.317787 14.311206 0.405560 0.281362 -0.869688 0.427605 0.782521 0.452566 0.807883 -0.555425 0.197047
-7.970393 -38.350732 518.260871 835.295185 0.420122 0.279014 -0.863509 0.435120 0.773103 0.461501 0.796347 -0.569617 0.203393
-6.998925 -36.846571 -668.477384 2182.129634 0.446307 0.283526 -0.848777 0.482066 0.722924 0.494968 0.753938 -0.630074 0.185967
63.396353 -39.145428 20699.991292 -2601.160653 -0.594652 -0.388556 0.703856 0.110709 0.827548 0.550371 -0.796324 0.405202 -0.449087
71.595087 -42.725727 21816.020451 -2904.132020 -0.613300 -0.383296 0.690614 0.164020 0.793497 0.586055 -0.772632 0.472702 -0.423783
8.836554 -47.973382 5378.927278 -3916.194691 -0.585224 -0.298962 0.753747 0.257379 0.812996 0.522297 -0.768940 0.499659 -0.398838
25.206375 -77.688800 2060.586188 -7916.038613 -0.644014 -0.633425 0.428974 0.731393 -0.345394 0.588020 -0.224301 0.692442 0.685721
21.754853 -89.080773 1488.450922 -3662.927108 -0.645278 -0.625745 0.438246 0.763815 -0.517744 0.385393 -0.014258 0.583424 0.812042
18.673881 -81.637641 5249.843905 -3175.033308 -0.600073 -0.703460 0.380863 0.779939 -0.408686 0.473994 -0.177782 0.581481 0.793897
21.729108 -68.720840 5954.767495 -5095.888592 -0.594333 -0.720238 0.357808 0.705317 -0.253051 0.662188 -0.386389 0.645928 0.658392
-1.053084 -122.618534 -147.010915 -739.456734 0.453629 0.483706 -0.748498 -0.649347 0.754643 0.094139 0.610385 0.443331 0.656421
0.190777 -128.356625 269.576251 -2731.599614 -0.459543 -0.465125 0.756624 0.773273 -0.628585 0.083240 0.436885 0.623329 0.648531
0.039906 -120.829597 -1288.561276 -4004.859356 -0.469650 -0.439443 0.765714 0.790160 -0.596094 0.142546 0.393797 0.671983 0.627186
-2.586080 -116.985297 2749.052998 -153.876094 0.445136 0.453116 -0.772360 -0.648654 0.757790 0.070728 0.617335 0.469511 0.631235
-6.800038 -35.500934 146.082745 4263.915199 0.577708 0.154842 -0.801422 -0.401314 0.908857 -0.113689 0.710775 0.387301 0.587194
-7.134499 -36.918851 -303.268148 3028.153277 0.578391 0.136444 -0.804268 -0.398973 0.907265 -0.133005 0.711537 0.397811 0.579191
-6.257544 -35.561531 -132.896900 1385.687390 0.618459 0.059696 -0.783547 -0.377111 0.897337 -0.229291 0.689417 0.437291 0.577478
-7.161321 -32.324081 440.798751 2883.139382 0.613497 0.085214 -0.785086 -0.375672 0.905955 -0.195232 0.694616 0.414710 0.587813
-9.840886 -33.364919 -442.820859 2214.541232 0.609507 0.171523 -0.774003 -0.346826 0.935620 -0.065779 0.712890 0.308537 0.629756
-17.808958 -35.305237 -2995.005656 -99.236830 0.982801 0.174128 -0.061486 -0.103879 0.246021 -0.963682 0.152677 -0.953495 -0.259878
-15.095737 -36.272393 -2788.717573 -1610.010685 0.978358 0.086618 0.187919 0.145441 0.358123 -0.922277 0.147184 -0.929648 -0.337775
-25.579949 -41.853352 -4257.765750 -1955.325659 0.974158 0.129010 0.185397 0.133499 0.333233 -0.933346 0.182191 -0.933977 -0.307399
-28.676053 -42.050422 -4830.513080 1262.748481 0.905942 0.272431 -0.324115 -0.358319 0.085504 -0.929675 0.225559 -0.958369 -0.175079
-39.797719 -48.490334 -5679.977352 -2736.070361 0.950837 0.193471 0.241823 0.173352 0.314557 -0.933275 0.256629 -0.929313 -0.265554
25.524959 -43.739613 -5638.213517 4723.401951 0.723383 0.288397 -0.627331 0.148762 0.822145 0.549498 0.674230 -0.490821 0.551823
14.967888 -46.855557 -4755.180037 4299.591857 0.743755 0.259729 -0.615930 0.182315 0.807674 0.560735 0.643110 -0.529342 0.553359
16.710999 -35.625282 -4978.317765 4172.751555 0.740425 0.270779 -0.615183 0.106124 0.856684 0.504808 0.663709 -0.439058 0.605573
-13.436571 -83.708070 -1051.845548 -371.562839 0.547959 0.585224 -0.597707 -0.529405 0.795842 0.293879 0.647665 0.155395 0.745910
-14.466842 -85.784327 -764.412941 -931.181062 0.558931 0.606794 -0.565152 -0.625858 0.755802 0.192524 0.543966 0.246098 0.802208
-12.610162 -83.083152 -182.190932 -1639.653234 0.551871 0.600108 -0.579059 -0.461631 0.798119 0.387174 0.694504 0.053642 0.717486
-12.047838 -81.424609 322.236319 -651.231458 0.530367 0.559987 -0.636495 -0.435093 0.824166 0.362553 0.727602 0.084649 0.680757
-13.266311 -84.009986 922.794854 -272.270703 0.523539 0.554065 -0.647239 -0.584441 0.786308 0.200371 0.619948 0.273371 0.735481
37.154807 -22.611093 -310.393978 1449.582209 0.762962 0.494618 -0.416222 -0.460495 -0.036029 -0.886931 0.453689 -0.868363 -0.200280
31.593762 -28.080408 -1982.805911 1326.086785 0.743106 0.423605 -0.518027 -0.512717 -0.137038 -0.847550 0.430016 -0.895421 -0.115356
29.305830 -26.972348 1851.570300 2046.033034 0.737923 0.548665 -0.392984 -0.413856 -0.092080 -0.905673 0.533097 -0.830956 -0.159121
36.456776 -27.553002 -5699.300210 1073.015332 0.786177 0.328449 -0.523495 -0.544017 -0.034085 -0.838381 0.293209 -0.943907 -0.151885
30.178727 -21.932363 3683.018066 1153.644031 0.740740 0.613601 -0.273493 -0.348842 0.003407 -0.937176 0.574120 -0.789609 -0.216573
46.842256 -22.675351 -1414.557665 938.957885 0.787290 0.460241 -0.410308 -0.478830 0.037127 -0.877122 0.388454 -0.887017 -0.249606
42.197936 -20.337666 3656.182746 692.061890 0.754806 0.580157 -0.306081 -0.406750 0.047892 -0.912283 0.514609 -0.813095 -0.272128
21.835733 -241.010448 5677.295669 -49078.057803 -0.573866 0.752033 -0.324230 -0.152479 0.290870 0.944534 -0.804629 -0.591474 0.052251
11.936668 -302.326801 5020.022697 -70028.663103 -0.573332 0.777151 -0.259475 -0.189594 0.182256 0.964799 -0.797085 -0.602345 -0.042850
10.436249 -231.247378 6055.305826 -34444.139427 -0.549729 0.775718 -0.309936 0.025745 0.386586 0.921894 -0.834946 -0.498812 0.232488
13.910905 -251.761856 5072.217672 -29061.203636 -0.570167 0.744245 -0.347864 0.181551 0.527115 0.830174 -0.801217 -0.410182 0.435662
2.832459 -229.914673 4797.484296 -13006.530536 -0.567880 0.761623 -0.312159 0.309552 0.549014 0.776377 -0.762686 -0.344259 0.547536
-14.844517 -38.358459 169.883299 -1121.729205 -0.643201 -0.633983 0.429369 0.752935 -0.421729 0.505206 -0.139215 0.648236 0.748605
-15.083962 -37.742447 1927.137253 -387.483144 -0.591106 -0.687375 0.422030 0.796134 -0.413216 0.442066 -0.129476 0.597301 0.791497
-13.753577 -39.608301 623.219247 -50.885101 -0.621241 -0.647132 0.441905 0.781252 -0.467683 0.413423 -0.060868 0.602074 0.796117
-13.107323 -38.612540 933.392549 316.423044 -0.588213 -0.679016 0.439253 0.808339 -0.477307 0.344624 -0.024347 0.557778 0.829633
-13.915708 -39.240936 -1713.775309 -1501.045438 -0.671901 -0.574651 0.467253 0.736169 -0.448947 0.506460 -0.081265 0.684268 0.724688
29.339576 -441.603954 -10018.756603 69439.240506 -0.505440 0.825796 -0.250181 -0.302262 -0.441023 -0.845066 0.808188 0.351510 -0.472518
19.904116 -338.886767 -6891.263129 61489.456708 -0.513570 0.818406 -0.257792 -0.539353 -0.541573 -0.644823 0.667341 0.192121 -0.719546
8.362333 -383.118236 -5162.110617 69633.288698 -0.503964 0.833227 -0.227492 -0.296138 -0.414109 -0.860707 0.811371 0.366396 -0.455447
18.431613 13.746650 -1994.663484 -16899.183745 0.731095 0.622401 -0.279493 0.426375 -0.096985 0.899332 -0.532639 0.776666 0.336282
25.470253 16.175878 -7269.754894 -8698.813436 0.873746 0.436644 0.214266 -0.037630 -0.378523 0.924827 -0.484925 0.816126 0.314302
19.035738 -11.262499 -1988.257393 -10272.801006 0.742858 0.595268 -0.306296 0.466065 -0.131421 0.874935 -0.480568 0.792707 0.375061
35.768444 22.737904 -12875.904232 445.000517 0.564525 -0.040376 0.824428 0.685952 0.578498 -0.441373 -0.459109 0.814684 0.354273
54.770121 21.003330 -17890.380858 -2987.531770 0.600565 -0.030297 0.799002 0.610134 0.663215 -0.433455 -0.516777 0.747816 0.416789
-4.665975 -88.804847 -323.860859 11189.257207 0.765031 -0.592600 0.252097 -0.570110 -0.441157 0.693076 0.299503 0.673948 0.675346
-2.960496 -82.419430 737.302526 6137.068821 0.748403 -0.616273 0.245154 -0.574695 -0.418042 0.703539 0.331087 0.667420 0.667033
-3.058938 -109.849620 298.510827 13293.789567 0.745099 -0.616403 0.254706 -0.518408 -0.294978 0.802647 0.419621 0.730093 0.539336
-19.712046 -43.449878 3109.611474 811.840154 0.969814 -0.197568 -0.142926 0.124615 -0.102260 0.986921 0.209599 0.974941 0.074553
-18.990821 -43.174898 785.482410 709.180791 0.989669 -0.143297 -0.004642 -0.000979 -0.039131 0.999234 0.143369 0.988906 0.038867
-22.464506 -42.483001 1278.061397 1604.283251 0.985642 -0.148558 -0.080258 0.050076 -0.196752 0.979174 0.161255 0.969133 0.186488
-1.415644 -61.304470 69.735006 3113.580172 0.437469 0.515534 -0.736780 0.598736 0.444323 0.666403 0.670922 -0.732667 -0.114292
-2.006320 -65.395882 -63.777017 9171.808358 0.447377 0.525017 -0.724024 0.618205 0.403471 0.674562 0.646279 -0.749379 -0.144064
-2.763577 -62.977093 -376.757128 3241.118128 0.443392 0.519354 -0.730531 0.600952 0.432456 0.672189 0.665026 -0.737057 -0.120359
1917.428206 -54158.312977 -1240903.401981 17542273.558792 -0.521649 0.334486 0.784858 0.110498 0.938681 -0.326600 -0.845974 -0.083645 -0.526622
-73.784474 -1597.178775 18016.577135 -396207.755908 -0.288804 0.726077 0.624023 -0.728282 -0.589699 0.349084 -0.621448 0.353648 -0.699097
-72.985646 -1480.037176 44104.420870 -447738.088994 -0.331444 0.587984 0.737848 -0.232161 0.707180 -0.667831 -0.914465 -0.392648 -0.097884
-6.767892 -48.570189 957.240230 7309.742156 0.578923 0.464721 -0.669987 0.811444 -0.409022 0.417445 -0.080044 -0.785326 -0.613887
-6.772607 -48.675605 512.013216 55.821903 0.542545 0.475305 -0.692625 0.838524 -0.355727 0.412717 -0.050219 -0.804701 -0.591553
-7.551563 -48.442200 -1.082100 5266.678267 0.582805 0.439105 -0.683758 0.808439 -0.398470 0.433183 -0.082244 -0.805238 -0.587220
-5.221987 -52.233370 877.917599 1372.966464 0.539706 0.496672 -0.679731 0.840649 -0.361135 0.403598 -0.045019 -0.789239 -0.612434
-4.035174 -49.419221 976.109685 4212.699804 0.569659 0.488372 -0.661045 0.816081 -0.431492 0.384481 -0.097466 -0.758490 -0.644355
15.548500 -15.325454 -272.927241 -5158.554572 -0.554759 0.140631 -0.820040 0.823057 0.236969 -0.516161 0.121736 -0.961285 -0.247208
8.956655 -5.629164 -1703.634968 -4855.557830 -0.465336 0.111592 -0.878072 0.876805 0.193884 -0.440024 0.121140 -0.974657 -0.188066
11.379834 -16.832008 -2158.299515 -4908.963157 -0.464036 0.114269 -0.878415 0.871299 0.237678 -0.429358 0.159717 -0.964599 -0.209853
14.080265 -25.340489 -1652.297063 -2802.232836 -0.527943 0.110129 -0.842109 0.818439 0.330757 -0.469848 0.226790 -0.937268 -0.264755
-15.034384 -35.902538 -3538.938113 2750.748794 -0.866839 -0.399372 0.298484 -0.219507 0.843207 0.490733 -0.447668 0.359867 -0.818589
-6.815681 -46.502974 -3928.090142 5486.104740 -0.813125 -0.548093 0.196015 -0.388501 0.761770 0.518434 -0.433468 0.345400 -0.832349
-15.347932 -52.077637 -7461.732969 7604.580374 -0.774953 -0.613049 0.153682 -0.475566 0.725772 0.497083 -0.416274 0.312131 -0.853985
-8.732505 -32.497428 -2246.588938 2075.914918 -0.881633 -0.326364 0.340894 -0.113557 0.847814 0.517992 -0.458069 0.417968 -0.784523
-15.525669 -30.672698 -3195.330066 2684.928869 -0.874134 -0.028495 0.484848 0.175468 0.912323 0.369970 -0.452880 0.408479 -0.792493
23.974227 -13.428305 -5649.164425 -6191.265229 0.952918 0.065100 0.296157 0.267870 0.276971 -0.922785 0.142100 -0.958670 -0.246493
18.572717 -17.260501 -5420.870582 -6187.946028 0.994656 0.095513 0.039200 0.010653 0.282710 -0.959146 0.102693 -0.954438 -0.280182
11.106701 -5.258479 -4393.345078 -6563.245553 0.986987 0.075524 0.141961 0.119281 0.248184 -0.961341 0.107837 -0.965764 -0.235945
2.794476 -38.812212 -2141.493301 1303.917854 -0.439421 -0.511277 0.738583 -0.028714 0.829793 0.557333 -0.897822 0.223697 -0.379309
2.656723 -34.997822 -2832.776622 1261.582039 -0.445379 -0.544754 0.710550 0.074312 0.768378 0.635668 -0.892253 0.335916 -0.301737
5.409429 -36.281765 -1249.466973 1485.909793 -0.424383 -0.537813 0.728461 0.033188 0.794721 0.606067 -0.904874 0.281381 -0.319417
5.277097 -38.258516 -910.186669 1102.270172 -0.416617 -0.521031 0.744954 -0.037211 0.828545 0.558685 -0.908320 0.205037 -0.364574
5.394150 -36.377377 1005.523279 661.988790 -0.388222 -0.536212 0.749507 0.010254 0.810733 0.585326 -0.921509 0.234921 -0.309246
-15.678848 -39.270647 2034.237556 -1039.141722 0.447673 -0.324468 0.833252 0.871037 -0.052474 -0.488406 0.202196 0.944440 0.259133
-21.631210 -40.996981 1306.406758 -20.113068 0.370152 -0.289069 0.882851 0.900424 -0.122146 -0.417514 0.228527 0.949484 0.215072
-22.585196 -39.225619 2023.521978 -520.834123 0.320033 -0.301311 0.898215 0.938195 -0.031095 -0.344709 0.131794 0.953019 0.272737
-20.692418 -35.846921 364.233713 -1010.110316 0.329365 -0.318464 0.888875 0.941517 0.039819 -0.334605 0.071165 0.947098 0.312955
2.049761 -40.416529 178.676952 -324.242988 0.344699 0.329631 -0.878935 0.408781 0.790167 0.456655 0.845033 -0.516700 0.137623
1.164417 -42.594161 1848.720416 -288.928677 0.304066 0.376172 -0.875236 0.499030 0.719706 0.482694 0.811488 -0.583540 0.031117
3.992079 -41.978639 1116.472849 -750.775003 0.335602 0.357290 -0.871616 0.490170 0.723911 0.485475 0.804428 -0.590167 0.067812
5.084899 -39.854369 1282.536546 -1007.243261 0.327210 0.342059 -0.880869 0.414060 0.786027 0.459038 0.849404 -0.514934 0.115562
3.991414 -39.500967 947.586980 744.795535 0.330975 0.343094 -0.879057 0.293024 0.848141 0.441354 0.896991 -0.403662 0.180179
0.758343 -39.593255 596.923523 397.166057 0.336208 0.346935 -0.875557 0.294628 0.844266 0.447671 0.894516 -0.408475 0.181632
2.647897 -101.348873 -665.555289 10760.806969 0.492281 0.214276 -0.843650 0.859130 -0.275323 0.431386 -0.139841 -0.937168 -0.319627
2.187618 -102.376712 -1230.703053 10677.315538 0.501576 0.205421 -0.840371 0.846651 -0.316170 0.428040 -0.177772 -0.926196 -0.332503
3.119677 -116.067551 -923.211535 9849.679864 0.517768 0.196724 -0.832596 0.782236 -0.502959 0.367612 -0.346444 -0.841625 -0.414300
2.138695 -111.833489 1162.193337 8757.313010 0.513193 0.228206 -0.827378 0.828826 -0.382120 0.408695 -0.222891 -0.895492 -0.385245
2.697730 -122.625615 812.694219 4602.617088 0.534698 0.204312 -0.819972 0.712084 -0.631408 0.307017 -0.455010 -0.748051 -0.483100
2.887667 -42.373472 1451.624180 508.525983 0.322718 0.357129 -0.876534 0.555632 0.678236 0.480905 0.766242 -0.642227 0.020446
0.261261 -41.827561 825.939082 225.777513 0.334314 0.355981 -0.872647 0.580849 0.651343 0.488229 0.742192 -0.670098 0.010982
-2.404890 -42.414177 884.331525 -1282.247942 0.338631 0.357278 -0.870449 0.551817 0.673902 0.491278 0.762120 -0.646691 0.031053
-1.749109 -40.733831 879.734892 78.960536 0.331609 0.360791 -0.871703 0.457868 0.746320 0.483076 0.824859 -0.559317 0.082291
-1.627748 -40.412054 2869.446860 480.577618 0.298059 0.372439 -0.878891 0.434565 0.766847 0.472333 0.849891 -0.522719 0.066717
59.333958 -19.074141 -6766.468427 -1359.873977 0.695337 0.652140 -0.302027 -0.618862 0.329650 -0.712980 0.365400 -0.682674 -0.632802
78.762395 -26.713020 -21023.108879 -2147.535072 0.733895 0.547075 -0.402625 -0.636205 0.345931 -0.689620 0.237993 -0.762260 -0.601929
48.985692 -23.331525 -16292.765084 -3666.895693 0.708607 0.519745 -0.477222 -0.659286 0.246694 -0.710271 0.251431 -0.817929 -0.517470
37.036274 -18.248538 -11487.084881 -3367.959165 0.705673 0.543175 -0.454959 -0.634118 0.197691 -0.747538 0.316102 -0.816014 -0.483942
55.653458 -22.780027 2017.706265 -828.784554 -0.149279 0.200024 -0.968352 0.985003 -0.055609 -0.163332 -0.086519 -0.978212 -0.188723
55.873137 -25.499027 -430.919581 -177.647499 -0.113386 0.143411 -0.983146 0.986996 -0.097220 -0.128011 -0.113940 -0.984876 -0.130523
49.434709 -29.883406 951.638263 -614.332839 -0.194052 0.046678 -0.979880 0.979994 -0.035792 -0.195780 -0.044210 -0.998269 -0.038798
-0.963194 -75.351075 -1167.604594 -334.543131 0.523545 0.264576 -0.809876 0.572050 0.595278 0.564272 0.631395 -0.758712 0.160304
1.304001 -69.667722 -1010.686914 -2796.850776 0.523314 0.264682 -0.809991 0.705397 0.398726 0.586031 0.478077 -0.878044 0.021953
-1.217889 -71.545117 -748.005877 -1936.691639 0.505075 0.254909 -0.824573 0.672971 0.481860 0.561177 0.540378 -0.838351 0.071829
-5.148326 -79.509989 -1675.999676 -1445.234111 0.508575 0.236640 -0.827861 0.543839 0.657135 0.521932 0.667526 -0.715664 0.205508
9.367693 -35.745173 -283.729265 667.508457 0.590794 0.687545 -0.422190 0.526217 0.068306 0.847602 -0.611603 0.722922 0.321443
9.204484 -38.990884 1247.086894 -939.421325 0.563251 0.697999 -0.442205 0.559318 0.071850 0.825834 -0.608204 0.712485 0.349934
9.222177 -38.320033 3157.480966 616.350441 0.614701 0.679681 -0.400222 0.458047 0.105480 0.882648 -0.642134 0.725884 0.246487
9.411408 -37.141901 -126.448601 -1170.747905 -0.544698 -0.688146 0.479332 0.615331 0.060397 0.785952 -0.569800 0.723054 0.390540
8.125582 -37.404349 -1450.849943 1721.649336 0.605422 0.689276 -0.397949 0.441945 0.124693 0.888333 -0.661928 0.713688 0.229130
5.548449 -202.863083 -447.333223 18387.634550 0.572314 -0.355770 -0.738840 0.738541 0.615195 0.275850 0.356391 -0.703536 0.614835
5.347031 -162.967297 1379.749153 -2.411091 0.529253 -0.339640 -0.777519 0.707561 0.682399 0.183544 0.468240 -0.647284 0.601478
4.845810 -182.322269 1095.123962 8410.355860 0.579381 -0.310128 -0.753750 0.786372 0.455876 0.416888 0.214328 -0.834265 0.508002
4.045967 -145.884697 1248.678194 4780.025365 0.553440 -0.329870 -0.764781 0.769127 0.554766 0.317300 0.319607 -0.763820 0.560741
4.772250 -241.302715 -361.701895 23536.232816 0.624177 -0.343884 -0.701532 0.779792 0.329668 0.532207 0.048256 -0.879240 0.473929
22.573849 -69.153713 -824.135581 2353.965074 0.508442 -0.334853 -0.793322 0.848630 0.038658 0.527572 -0.145990 -0.941477 0.303822
23.301221 -105.930796 -589.177284 26687.339053 0.504498 -0.340166 -0.793580 0.834448 -0.043977 0.549329 -0.221762 -0.939337 0.261665
22.205977 -67.377808 -3276.053714 9165.756494 0.449612 -0.401468 -0.797918 0.877907 0.033894 0.477631 -0.164708 -0.915246 0.367690
-7.786920 -33.210284 2817.030264 -1074.496890 0.194478 0.780082 -0.594686 -0.836923 0.448162 0.314182 -0.511603 -0.436605 -0.740026
-11.528689 -30.473059 1047.903385 -1235.874815 0.204223 0.754817 -0.623333 -0.832106 0.469261 0.295623 -0.515647 -0.458306 -0.723922
-8.436932 -33.486091 1800.145338 -2121.306774 0.251972 0.724875 -0.641144 -0.774028 0.548618 0.316069 -0.580854 -0.416623 -0.699310
-11.346917 -30.665490 321.412295 -1306.003569 0.186674 0.741352 -0.644632 -0.802867 0.493275 0.334789 -0.566177 -0.455057 -0.687289
-12.612398 -34.315774 -223.403992 -1045.886372 0.184977 0.731336 -0.656454 -0.743483 0.540968 0.393176 -0.642664 -0.415333 -0.643802
-15.314766 -162.963327 179.516625 -22683.335581 0.651611 -0.386014 -0.652990 -0.595309 0.273275 -0.755598 -0.470118 -0.881087 0.051728
-13.728403 -152.294458 687.434194 -17869.094910 0.682922 -0.358173 -0.636655 -0.586008 0.251728 -0.770213 -0.436133 -0.899080 0.037982
-13.988538 -124.648919 -89.889132 18597.896218 0.666146 -0.387058 -0.637522 0.681893 -0.030174 0.730829 -0.302110 -0.921561 0.243832
-13.402309 -137.435215 -1706.797255 26506.632877 0.616564 -0.440523 -0.652524 0.694069 -0.087098 0.714620 -0.371641 -0.893506 0.252052
-10.836185 -99.756010 -1274.014954 18469.098110 0.616266 -0.435421 -0.656220 0.752880 0.081260 0.653122 -0.231058 -0.896552 0.377898
-11.975354 -90.065869 -996.784405 10440.084353 0.627599 -0.409995 -0.661833 0.761862 0.148434 0.630502 -0.160264 -0.899929 0.405517
19.814181 -278.876156 -5326.166623 -23798.788175 -0.732460 0.226151 0.642151 0.349527 0.934335 0.069630 -0.584238 0.275450 -0.763409
3.019439 -354.120294 552.890032 -66966.618451 -0.701603 0.177858 0.690014 0.044988 0.977473 -0.206209 -0.711147 -0.113635 -0.693799
13.838518 -410.243564 -5616.088656 -90500.557711 -0.711923 0.279303 0.644325 0.111772 0.950876 -0.288689 -0.693305 -0.133507 -0.708169
14.006569 -336.255858 -2033.321306 -50187.807483 -0.690324 0.284477 0.665226 0.357775 0.933392 -0.027882 -0.628848 0.218753 -0.746122
-6.797910 -40.087411 -1455.198355 5437.292591 -0.635998 -0.280263 0.718998 -0.286981 0.950793 0.116764 -0.716343 -0.132077 -0.685133
-7.010818 -42.259354 -1423.048788 1279.661716 -0.625813 -0.289935 0.724083 -0.397451 0.917315 0.023797 -0.671112 -0.272895 -0.689302
-7.391509 -39.568460 -1234.669685 5610.407662 -0.637979 -0.233919 0.733665 -0.260931 0.962050 0.079837 -0.724498 -0.140502 -0.674805
-2.202505 -11.035295 503.681394 -655.651176 0.524698 -0.512087 0.680043 0.745189 0.662499 -0.076087 -0.411565 0.546683 0.729214
-2.612280 -9.327819 -562.742542 14.322362 0.394321 -0.610145 0.687193 0.812747 0.580545 0.049088 -0.428897 0.539158 0.724815
-2.755381 -9.802758 -732.734095 -504.936348 0.544621 -0.487442 0.682487 0.731080 0.674697 -0.101520 -0.410987 0.554243 0.723813
-1.146615 -12.107827 -43.284225 897.345441 0.652668 -0.382843 0.653801 -0.652213 -0.723028 0.227703 -0.385542 0.575032 0.721592
12.747729 -241.645916 -465.055197 42619.240636 0.428422 0.043949 -0.902509 0.870384 0.248171 0.425257 0.242666 -0.967719 0.068070
11.350656 -228.839494 -1241.206712 19867.017499 0.458313 -0.003864 -0.888782 0.883275 -0.109253 0.455948 -0.098864 -0.994006 -0.046659
8.563399 -228.701525 -255.729758 29280.236344 0.459597 0.017809 -0.887949 0.877738 0.143374 0.457187 0.135451 -0.989508 0.050262
9.023018 -245.578629 446.038798 21158.948824 0.457350 0.054554 -0.887612 0.868876 -0.240029 0.432944 -0.189433 -0.969232 -0.157178
11.162804 -169.808030 498.182728 21108.537942 0.379197 0.098777 -0.920029 0.870271 0.299747 0.390870 0.314384 -0.948892 0.027700
11.588083 -191.188449 362.719612 15871.058048 0.446517 0.087685 -0.890468 0.893676 -0.093022 0.438966 -0.044342 -0.991795 -0.119898
10.835790 -172.244226 1390.083115 20038.788888 0.351425 0.088418 -0.932031 0.798721 0.491039 0.347743 0.488410 -0.866639 0.101942
10.418595 -255.888891 605.674878 -39706.259958 0.283500 -0.176816 -0.942531 0.809519 -0.482787 0.334061 -0.514108 -0.857702 0.006265
11.243922 -227.071728 -1033.324684 -24906.999262 0.300505 -0.149947 -0.941920 0.810845 -0.479848 0.335076 -0.502222 -0.864443 -0.022613
11.048033 -200.584204 600.529364 28088.122841 -0.282145 0.109603 0.953090 -0.630148 0.727926 -0.270254 -0.723400 -0.676839 -0.136314
-2.987953 -85.393314 -840.751069 3207.567002 0.466274 0.425221 -0.775743 0.880233 -0.135581 0.454761 0.088198 -0.894877 -0.437511
0.781212 -75.405539 -572.083049 -2152.962064 0.454856 0.435608 -0.776757 0.882057 -0.100088 0.460388 0.122805 -0.894554 -0.429757
1.531602 -77.680862 -1095.651557 923.849712 0.493975 0.411800 -0.765774 0.868998 -0.204608 0.450532 0.028846 -0.888007 -0.458924
-2.085878 -55.528938 -422.431210 -1196.607274 -0.507138 -0.117817 0.853774 0.861697 -0.049773 0.504976 -0.017000 0.991787 0.126765
-3.075093 -55.913687 -426.243054 -673.312949 -0.517213 -0.114705 0.848135 0.855082 -0.027097 0.517785 -0.036411 0.993030 0.112097
-2.817966 -53.444973 561.352715 -478.046030 -0.529801 -0.134873 0.837329 0.838780 0.062807 0.540836 -0.125534 0.988870 0.079854
-51.058027 -83.521923 -497.864256 -8854.631178 0.921879 0.335736 0.193442 0.085551 0.310552 -0.946699 0.377915 -0.889291 -0.257569
-48.529097 -72.388692 -594.485670 -3478.390910 0.913192 0.359562 -0.191821 -0.271937 0.187057 -0.943960 0.303530 -0.914180 -0.268597
-39.732092 -66.320388 325.484645 -4202.452180 0.845178 0.299584 -0.442632 -0.466358 0.008757 -0.884553 0.261122 -0.954030 -0.147115
13.001761 -33.506363 13045.983970 4296.425782 0.437386 -0.633631 -0.638127 0.538282 0.752910 -0.378655 0.720379 -0.177874 0.670384
-0.386266 -24.867498 14292.301861 4134.486730 0.513590 -0.587613 -0.625249 0.460751 0.803595 -0.376755 0.723833 -0.094587 0.683461
-35.623019 -65.163533 1416.977696 811.217115 0.725309 0.542832 -0.423391 0.643262 -0.753485 0.135920 0.245238 0.370935 0.895693
-35.194332 -62.030760 1570.598237 -3361.239015 0.737858 0.524100 -0.425305 -0.575039 0.818059 0.010458 0.353406 0.236851 0.904989
-34.036039 -63.939129 576.210416 781.800611 0.694392 0.517106 -0.500421 0.642690 -0.758469 0.108050 0.323681 0.396644 0.859014
-36.360821 -65.405232 1629.373817 2180.134951 0.743937 0.572780 -0.344211 0.629225 -0.773862 0.072198 0.225019 0.270297 0.936112
-34.530964 -64.889275 -398.881414 -1126.453775 -0.689069 -0.559615 0.460452 0.704663 -0.665753 0.245402 0.169216 0.493562 0.853090
-35.587752 -66.811712 1065.281630 -1877.358377 0.728488 0.581939 -0.361460 0.679437 -0.681207 0.272619 0.087581 0.444189 0.891642
-13.732851 -36.176334 -2433.317572 -215.433672 0.698315 0.425108 -0.575882 -0.406865 0.897667 0.169280 0.588912 0.116095 0.799815
20.798537 -85.231610 365.644673 3952.503933 0.790252 -0.094921 0.605386 0.387968 -0.687205 -0.614191 -0.474323 -0.720236 0.506239
36.255473 -83.408205 397.083891 5975.137358 0.805499 -0.157975 0.571153 0.412645 -0.542224 -0.731927 -0.425319 -0.825250 0.371573
14.254228 -82.236626 1818.957367 461.487581 0.820321 -0.218481 0.528527 0.213798 -0.739994 -0.637730 -0.530438 -0.636140 0.560322
28.477469 -82.666410 -1735.598045 3641.031684 0.790024 -0.337085 0.512090 0.270479 -0.557954 -0.784556 -0.550184 -0.758328 0.349622
4.797301 -79.508749 -709.434720 4679.566954 0.764376 -0.074257 0.640480 -0.268093 0.866804 0.420450 -0.586392 -0.493090 0.642657
17.102438 -85.229020 1664.542304 3304.775581 0.812044 -0.351888 0.465575 0.147252 -0.648413 -0.746912 -0.564714 -0.675082 0.474724
6.007214 -81.923480 1090.432454 1648.788945 0.807588 -0.384213 0.447417 0.009035 0.766630 0.642025 -0.589678 -0.514449 0.622593
0.715528 -78.644120 1386.713244 5217.427972 0.810295 -0.299446 0.503741 0.015107 0.869981 0.492854 -0.585828 -0.391747 0.709465
0.939722 -78.809353 1143.185891 6054.121093 0.800426 -0.164902 0.576304 -0.116830 0.900063 0.419806 -0.587937 -0.403353 0.701168
-5.924421 -37.184075 373.798332 2993.896196 0.418742 0.348140 -0.838721 0.419853 0.744734 0.518744 0.805220 -0.569360 0.165684
-5.663119 -35.041489 750.529147 655.349681 0.391769 0.329019 -0.859223 0.527299 0.684997 0.502728 0.753972 -0.650020 0.094869
-4.038027 -34.702908 1256.624932 -337.852705 0.374265 0.330700 -0.866351 0.544683 0.677708 0.493996 0.750498 -0.656771 0.073516
-4.305271 -38.240553 1380.366670 -3373.726225 0.379094 0.337131 -0.861760 0.646372 0.569945 0.507312 0.662186 -0.749337 -0.001850
-10.621038 -40.434397 1445.263228 4.801969 0.649064 0.484760 -0.586280 0.071118 0.728635 0.681200 0.757403 -0.483837 0.438456
-7.495927 -39.107215 1951.478001 -373.788494 0.648253 0.500057 -0.574205 0.147934 0.657036 0.739202 0.746916 -0.564134 0.351950
-3.406613 -41.520695 2752.623102 -552.104498 0.611312 0.461198 -0.643113 0.143654 0.734469 0.663264 0.778242 -0.497847 0.382736
-12.435340 -38.145251 187.992309 -613.832792 0.694934 0.524677 -0.491712 0.095340 0.610546 0.786221 0.712726 -0.593251 0.374267
-6.333806 -42.170498 2128.801228 -104.317125 0.622557 0.452209 -0.638694 0.038656 0.797378 0.602241 0.781619 -0.399619 0.478933
-11.167171 -42.044880 2167.736784 -173.816790 0.635403 0.467351 -0.614692 0.010538 0.790725 0.612081 0.772109 -0.395395 0.497504
-12.893894 -41.029860 711.038087 -151.550895 0.665892 0.468367 -0.580706 0.010683 0.772311 0.635155 0.745972 -0.429148 0.509272
-14.570774 -39.859647 790.010743 -514.281518 0.690451 0.492370 -0.529952 0.034880 0.709094 0.704251 0.722538 -0.504736 0.472421
7.762865 -59.312703 -247.679909 -2784.202522 0.604066 0.246798 -0.757757 0.511199 0.609448 0.606010 -0.611375 0.753435 -0.241984
8.875416 -55.094228 815.074769 -2264.579080 -0.598072 -0.263625 0.756843 0.410397 0.710403 0.571754 -0.688392 0.652556 -0.316681
5.274656 -56.137035 1195.658480 -2303.930986 0.627377 0.227885 -0.744625 0.458788 0.664475 0.589903 -0.629215 0.711717 -0.312326
6.220706 -49.525266 -1180.329063 -1233.212677 -0.633524 -0.238948 0.735902 0.356371 0.754108 0.551653 -0.686766 0.611739 -0.392591
4.569530 -59.605345 1422.558812 -3005.712579 0.626090 0.223327 -0.747085 0.539603 0.567546 0.621868 -0.562885 0.792475 -0.234827
4.337924 -57.054431 2089.718933 -2639.232563 0.646606 0.216382 -0.731492 0.492805 0.613470 0.617088 -0.582275 0.759496 -0.290039
5.238281 -52.535813 2369.949957 -2107.670160 0.652098 0.222856 -0.724640 0.403286 0.707401 0.580469 -0.641972 0.670760 -0.371421
-0.704450 -128.529889 270.927528 -1204.187811 0.430027 0.471689 -0.769796 -0.671339 0.737174 0.076673 0.603640 0.483823 0.633668
-0.641165 -131.215870 1463.338218 -6981.620940 -0.466136 -0.480084 0.743127 0.824557 -0.540188 0.168235 0.320661 0.691171 0.647657
0.649139 -123.553321 -944.465729 -2212.274238 0.444386 0.487709 -0.751440 -0.636128 0.762409 0.118635 0.630764 0.425291 0.649049
-10.159484 -93.766890 -194.750327 -403.569641 0.601616 0.678182 -0.422052 -0.615574 0.730342 0.296091 0.509046 0.081672 0.856856
-9.777891 -89.616568 -407.536721 2456.463208 0.600167 0.683502 -0.415481 -0.720074 0.687849 0.091414 0.348270 0.244314 0.904997
-8.063427 -95.953841 -1531.205140 2053.052377 0.618959 0.684058 -0.385945 -0.662049 0.718784 0.212228 0.422587 0.124154 0.897778
-11.003070 -92.796586 1417.601937 255.852315 0.580373 0.667833 -0.466011 -0.666481 0.718355 0.199425 0.467944 0.194847 0.862011
-7.948987 -94.705305 -1258.994383 -1680.903571 0.626354 0.675639 -0.388834 -0.533154 0.735186 0.418627 0.568706 -0.054901 0.820706
-11.892114 -90.787962 702.449658 -1980.370057 0.595445 0.653630 -0.467134 -0.537251 0.756273 0.373381 0.597333 0.028640 0.801481
-8.516387 -88.894583 -69.288567 -2858.456625 0.614761 0.660593 -0.430912 -0.480616 0.746955 0.459419 0.625361 -0.075330 0.776691
-7.721860 -38.841822 -1181.918899 2324.724821 0.569279 0.145093 -0.809240 -0.412239 0.902001 -0.128274 0.711324 0.406624 0.573303
-7.372667 -36.614436 -94.644069 -1218.666214 0.539963 0.171752 -0.823979 -0.309750 0.950806 -0.004795 0.782620 0.257816 0.566601
-7.913791 -39.207918 -1010.189703 -1737.218756 0.534063 0.176061 -0.826910 -0.318418 0.947943 -0.003821 0.783190 0.265344 0.562322
-7.440169 -38.054738 43.317369 -4203.349369 0.512104 0.214756 -0.831643 -0.209980 0.970161 0.121225 0.832862 0.112548 0.541917
-6.350959 -35.826696 1473.044053 -3997.297296 0.502739 0.251495 -0.827045 -0.225938 0.961714 0.155104 0.834389 0.108884 0.540314
-10.748916 -29.895163 -1652.352844 -1178.705115 0.991466 0.099640 0.084060 0.049569 0.308230 -0.950019 0.120570 -0.946079 -0.300661
44.428586 -32.039689 -3215.323442 -4499.182311 0.546776 0.439390 -0.712721 -0.097085 0.878765 0.467275 0.831631 -0.186300 0.523146
36.098747 -36.135003 -3042.811236 -3406.990392 0.574743 0.502564 -0.645832 -0.222984 0.855519 0.467296 0.787368 -0.124566 0.603767
44.148463 -43.281281 -697.436306 -5028.098666 0.468464 0.533608 -0.704134 -0.211140 0.841523 0.497251 0.857882 -0.084273 0.506889
-13.290498 -85.974335 633.569882 -214.192215 0.553153 0.620082 -0.556345 -0.645423 0.741226 0.184424 0.526736 0.257063 0.810227
-12.515980 -83.494072 163.050480 -1872.905384 0.558484 0.607587 -0.564742 -0.498804 0.789953 0.356608 0.662790 0.082536 0.744243
22.666825 -34.440759 -4686.578736 2185.573406 0.701327 0.284431 -0.653636 -0.620129 -0.208755 -0.756215 0.351541 -0.935692 -0.029978
24.771737 -35.900704 -2644.900462 2900.820801 0.706860 0.375002 -0.599768 -0.562274 -0.216580 -0.798086 0.429181 -0.901370 -0.057762
25.482591 -168.946787 5224.662700 -34070.013182 -0.598141 0.736941 -0.314873 -0.391514 0.074111 0.917183 -0.699245 -0.671882 -0.244194
11.701932 -168.428857 6460.265160 -32412.085770 -0.563648 0.787568 -0.249075 -0.415406 -0.009634 0.909585 -0.713960 -0.616153 -0.332591
-7.968036 -132.856679 336.033072 13999.165994 0.700990 -0.691426 0.174769 0.380218 0.155001 -0.911817 -0.603364 -0.705624 -0.371546
-8.642286 -139.194311 -329.534240 19016.166256 0.666783 -0.722191 0.183958 0.437715 0.179731 -0.880967 -0.603163 -0.667935 -0.435956
-7.651067 -110.126001 399.765643 8480.911549 0.674142 -0.704481 0.221901 0.554531 0.284302 -0.782092 -0.487882 -0.650292 -0.582316
-15.136828 -35.687690 677.815906 -1042.143339 -0.612612 -0.669033 0.420834 0.761407 -0.356695 0.541321 -0.212052 0.652045 0.727922
-12.498841 -38.131014 709.389575 -782.631202 -0.556646 -0.706810 0.436538 0.824800 -0.407426 0.392058 -0.099254 0.578294 0.809768
-13.754468 -37.106138 1141.650585 -712.786417 -0.534684 -0.727173 0.430502 0.819814 -0.322782 0.472988 -0.204986 0.605831 0.768733
-1.307478 -319.171591 -88.976856 24343.838171 -0.530334 0.816948 -0.226587 -0.132168 -0.343670 -0.929743 0.837423 0.463126 -0.290235
1.471343 -383.811592 3379.869272 -10268.842363 -0.578061 0.787696 -0.213026 -0.038579 -0.287154 -0.957107 0.815081 0.545048 -0.196381
1.813076 -394.329046 3615.746100 -64030.065149 -0.558593 0.805558 -0.197611 0.246412 -0.066320 -0.966893 0.791995 0.588793 0.161453
1.342606 -333.966443 -3039.711714 -4532.902821 -0.509155 0.831449 -0.222381 0.097189 -0.201185 -0.974720 0.855170 0.517896 -0.021627
18.934329 -9.035830 -1723.239798 -8127.651201 0.803943 0.543060 -0.242407 0.402633 -0.197042 0.893902 -0.437679 0.816247 0.377064
32.874782 21.497948 -7753.669084 -2050.832938 0.679977 -0.020361 0.732951 -0.630427 -0.526685 0.570232 -0.374423 0.849817 0.370969
22.435012 12.482779 -1076.014519 -7792.043876 0.918460 0.373219 0.130912 0.011556 -0.356174 0.934348 -0.395344 0.856649 0.331445
16.496600 -54.699207 -963.428823 -3698.479700 0.153403 0.862621 -0.482030 0.844009 -0.368075 -0.390090 0.513923 0.346997 0.784523
12.240778 -46.097435 -2287.588287 -4980.425801 0.131188 0.890891 -0.434859 0.907468 -0.284514 -0.309117 0.399113 0.354069 0.845780
16.660758 -50.641983 -462.826063 -7305.064433 0.095866 0.876736 -0.471321 0.906021 -0.272953 -0.323453 0.412232 0.396019 0.820508
-21.961732 -39.171623 -756.757313 -506.998211 0.979854 -0.089724 -0.178427 0.134206 -0.365812 0.920962 0.147904 0.926354 0.346401
-22.979102 -41.122935 34.980084 690.784367 0.984693 -0.110387 -0.134884 0.096900 -0.296546 0.950090 0.144877 0.948618 0.281310
-21.872774 -38.800042 -1212.263049 -41.873370 0.981524 -0.052909 -0.183880 0.153519 -0.355842 0.921850 0.114207 0.933047 0.341145
-21.640707 -38.268544 -1760.446575 -26.954087 0.964302 -0.012925 -0.264488 0.232724 -0.435154 0.869759 0.126335 0.900263 0.416612
-21.183604 -37.491326 -1047.855751 532.023584 0.983139 0.000906 -0.182856 0.169322 -0.382096 0.908478 0.069046 0.924122 0.375807
-49.882438 -345.323375 -17176.747821 84812.904046 0.304825 -0.387942 -0.869818 0.874077 -0.248758 0.417264 -0.378248 -0.887480 0.263264
-166.531330 -317.259797 -38098.390725 107979.734049 0.554468 -0.104888 -0.825569 0.822938 -0.078528 0.562678 -0.123848 -0.991379 0.042775
-77.095180 -289.174549 -11678.430334 -70173.280348 -0.327489 -0.177045 -0.928120 0.869685 -0.440437 -0.222853 -0.369323 -0.880153 0.298212
-36.915067 -239.776336 -17986.807067 72954.767036 0.463440 -0.422151 -0.779110 0.842430 -0.062803 0.535134 -0.274837 -0.904348 0.326527
43632.309617 -187599.567230 21455239.800384 -10309133.495083 -0.135081 -0.184356 -0.973533 0.927740 -0.368545 -0.058937 -0.347926 -0.911146 0.220818
8.221602 -496.556903 -13763.023878 -126571.098247 0.419293 0.853075 -0.310575 0.590932 0.003250 0.806715 -0.689197 0.521778 0.502747
9.834254 -409.011555 12558.723442 75364.411214 -0.413147 -0.858580 0.303562 0.878911 -0.288678 0.379712 -0.238382 0.423681 0.873881
-35.867268 -346.973948 17740.650181 16297.826268 -0.410021 -0.847349 0.337464 0.843926 -0.212127 0.492739 -0.345937 0.486828 0.802076
-52.206352 -466.653121 -22266.323907 -120332.007238 0.389127 0.856651 -0.338717 0.552536 0.077158 0.829910 -0.737078 0.510093 0.443306
-6.947919 -48.506611 -235.791605 -2314.893091 0.535244 0.453322 -0.712751 0.842998 -0.340163 0.416705 -0.053550 -0.823886 -0.564220
-7.595151 -50.166536 933.977354 -7519.990342 0.528684 0.483944 -0.697346 0.848671 -0.316726 0.423607 -0.015866 -0.815771 -0.578157
-6.646369 -49.622077 1080.355158 -5290.407852 0.535439 0.495492 -0.683954 0.844437 -0.328693 0.422951 -0.015242 -0.804020 -0.594407
0.311138 -66.832055 -8048.907247 8493.259912 -0.762241 -0.641695 0.084955 -0.557168 0.717240 0.418486 -0.329474 0.271653 -0.904241
46.026704 -28.102162 -9753.650316 -5152.847293 0.963224 0.095002 0.251344 0.202604 0.357642 -0.911616 0.176497 -0.929014 -0.325242
28.029432 -31.417845 -6080.809385 -3930.069984 0.993450 0.108773 -0.035003 -0.072958 0.368051 -0.926939 0.087943 -0.923421 -0.373576
11.598963 -22.664824 -2549.635437 -4577.196477 0.969032 0.144266 -0.200408 -0.234296 0.280852 -0.930714 0.077986 -0.948846 -0.305955
-2.481287 -36.485806 -3041.271603 1059.924502 -0.453850 -0.529036 0.717036 0.048455 0.788842 0.612683 -0.889760 0.312810 -0.332382
-2.846574 -33.107904 -2863.864132 1226.790414 -0.451185 -0.561524 0.693630 0.140081 0.723042 0.676452 -0.881368 0.402370 -0.247567
2.025471 -31.791751 -2124.842495 850.608835 -0.440998 -0.568158 0.694779 0.157945 0.712910 0.683237 -0.883501 0.411043 -0.224654
-15.030657 -40.993047 1783.791092 -797.774077 0.453172 -0.313130 0.834617 0.841707 -0.158001 -0.516300 0.293539 0.936475 0.191962
-22.450729 -41.293771 -31.240981 514.143688 0.392351 -0.242818 0.887187 0.867534 -0.222858 -0.444655 0.305687 0.944126 0.123214
5.983506 -40.296225 1324.734775 40.754618 0.330223 0.351309 -0.876091 0.369107 0.806190 0.462405 0.868742 -0.476068 0.136552
8.873108 -49.666013 496.756242 -1621.095443 -0.519128 -0.390488 0.760280 -0.400451 0.896978 0.187266 -0.755080 -0.207240 -0.622018
