13502
26991
-38.666729 -51.071174 -1780.672897 6328.530390 0.028059 0.991104 -0.130096 0.949487 -0.067119 -0.306545 0.312550 0.114923 0.942924
-45.056835 -68.649519 -1254.643898 7573.836727 -0.194576 0.973607 -0.119289 0.967430 0.170406 -0.187194 0.161926 0.151828 0.975053
-27.166278 -76.698896 -5542.477928 14164.965147 -0.287963 0.956869 0.038469 0.910729 0.286054 -0.297903 0.296059 0.050751 0.953821
-40.126633 -54.823230 205.570133 4244.305927 0.354388 0.886836 -0.296530 0.901626 -0.408152 -0.143119 0.247952 0.216640 0.944239
-25.814028 -47.728423 -4778.868436 7401.306264 -0.041853 0.998746 -0.027490 0.921947 0.028002 -0.386302 0.385048 0.041512 0.921962
-26.646601 -40.074080 -2388.223056 3549.322813 0.359150 0.904427 -0.230266 0.844809 -0.419907 -0.331625 0.396621 0.075428 0.914878
-31.840499 -44.715074 984.172078 -2439.395248 0.677933 0.617552 -0.398794 -0.638162 0.763673 0.097737 0.364906 0.188236 0.911817
-45.652947 -61.217985 -1604.580300 55.666700 0.621541 -0.428968 -0.655494 0.579622 -0.311076 0.753174 0.526996 0.848067 -0.055293
-43.189734 -64.116054 -1103.166447 2330.858841 0.663688 -0.378956 -0.644911 0.620961 -0.201564 0.757482 0.417043 0.903197 -0.101542
-41.359405 -62.018653 -1656.347923 664.562320 0.708015 -0.311649 -0.633711 0.549780 -0.319968 0.771597 0.443235 0.894704 0.055204
-42.949145 -58.889708 -1286.438167 -1507.194943 0.672159 -0.388913 -0.630039 0.520515 -0.356960 0.775657 0.526562 0.849309 0.037499
1.999555 -31.081157 1046.887660 -2116.948609 -0.158494 0.943819 -0.289974 0.951333 0.224586 0.211014 -0.264283 0.242417 0.933482
5.776549 -26.932288 1953.646515 -2659.566398 -0.092830 0.954288 -0.284109 0.945130 0.174218 0.276366 -0.313229 0.242864 0.918098
-0.202076 -26.478054 994.896114 -1777.810337 -0.198318 0.931924 -0.303625 0.922154 0.282375 0.264380 -0.332118 0.227558 0.915377
-5.247899 -26.391579 1153.021387 -1264.078395 -0.317045 0.885100 -0.340706 0.876711 0.410535 0.250678 -0.361747 0.219225 0.906135
-4.032684 -31.037939 1571.629648 -1912.574957 -0.238386 0.917365 -0.318768 0.925917 0.313713 0.210385 -0.293002 0.245000 0.924189
-4.514824 -44.895842 -1605.681926 85.007414 0.364972 0.927890 -0.076265 0.883575 -0.371025 -0.285719 0.293412 -0.036894 0.955274
-3.945544 -40.943891 -2230.380133 -6514.569589 0.348913 0.934479 -0.070773 0.879658 -0.352616 -0.319162 0.323206 -0.049104 0.945054
-6.063975 -46.949254 -1719.545511 -933.325259 0.332494 0.940500 -0.070054 0.897381 -0.338348 -0.283246 0.290095 -0.031313 0.956485
-7.561161 -43.842965 -1586.594683 5401.735112 0.382896 0.919561 -0.088303 0.883923 -0.392473 -0.254256 0.268460 -0.019300 0.963097
-8.468468 -47.538363 -1586.541746 1401.589228 0.357247 0.928982 -0.096783 0.889895 -0.370011 -0.266795 0.283658 -0.009185 0.958881
-7.267700 -44.485964 -747.586543 -3255.280456 0.342962 0.934064 -0.099506 0.880045 -0.356545 -0.313682 0.328477 -0.020011 0.944300
1.114168 -38.915648 -1057.194539 1343.756492 0.054482 0.998504 -0.004694 0.838135 -0.043175 0.543751 -0.542735 0.033559 0.839234
4.289735 -39.520020 -2014.318570 807.029969 -0.001202 0.999361 -0.035720 0.801018 0.022345 0.598223 -0.598639 0.027894 0.800533
6.739476 -37.987818 -1742.558284 2779.801232 -0.001616 0.999477 -0.032282 0.863493 0.017676 0.504051 -0.504358 0.027061 0.863070
-0.282692 -63.121598 -552.780354 143.712388 0.347055 0.913967 -0.210278 -0.440793 -0.038941 -0.896764 0.827801 -0.403915 -0.389356
1.212092 -66.113896 -306.829227 -1211.842640 0.335907 0.917179 -0.214356 -0.550395 0.006454 -0.834880 0.764351 -0.398422 -0.506979
-0.191270 -64.572151 -163.413939 106.677109 0.327393 0.914489 -0.237747 -0.513619 -0.038956 -0.857133 0.793101 -0.402731 -0.456945
12.338840 -77.528612 -3364.228365 3317.182026 -0.084048 0.975875 -0.201505 0.968352 0.127682 0.214459 -0.235014 0.177103 0.955721
12.712668 -79.024579 -2703.501390 3008.673580 -0.037482 0.981592 -0.187276 0.980974 0.071866 0.180347 -0.190486 0.176954 0.965610
7.158083 -69.745382 22.222449 2128.946229 0.048439 -0.975480 0.214689 0.996510 0.061827 0.056085 -0.067984 0.211223 0.975071
3.407281 -78.336094 542.567754 8959.250956 -0.139395 0.963547 -0.228354 0.967311 0.181831 0.176765 -0.211844 0.196250 0.957397
3.935298 -63.461140 -2246.206449 4299.240888 0.073426 -0.973411 0.216979 0.986229 0.103200 0.129234 -0.148190 0.204502 0.967584
6.736624 -63.049114 -1273.115590 -7287.105006 0.002038 -0.984040 0.177934 0.996596 0.016663 0.080734 -0.082410 0.177164 0.980725
1.044928 -50.913936 -163.167359 -687.816423 0.072771 0.973655 -0.216104 -0.472103 0.224494 0.852480 -0.878535 -0.039987 -0.476002
3.092738 -48.134915 754.694090 -176.179754 0.103141 0.963466 -0.247173 -0.561125 0.261542 0.785325 -0.821280 -0.057696 -0.567600
1.771616 -49.524218 1111.660253 93.212042 0.090796 0.971095 -0.220749 -0.590657 0.230980 0.773157 -0.801798 -0.060187 -0.594557
4.225498 -48.885338 251.080807 711.421761 0.104891 0.961381 -0.254451 -0.667071 0.257780 0.698975 -0.737573 -0.096421 -0.668348
19.373101 -6.530897 5088.395299 -238.337811 -0.903989 -0.029423 -0.426542 -0.128419 0.970251 0.205236 0.407814 0.240307 -0.880875
9.270294 -10.573195 5291.804097 -1354.182228 -0.927356 0.109203 -0.357890 0.007807 0.961904 0.273276 0.374098 0.250631 -0.892880
6.467875 -8.817422 5775.237628 -600.430793 -0.928909 0.043218 -0.367777 -0.048963 0.970111 0.237669 0.367056 0.238780 -0.899029
23.097012 -72.398896 3010.596783 -13345.918954 0.734555 0.655136 -0.176707 -0.531986 0.717680 0.449362 0.421213 -0.236075 0.875699
40.864195 -58.916401 8183.826634 -14392.898135 0.783770 0.594772 -0.178750 -0.430862 0.728029 0.533228 0.447284 -0.340912 0.826871
25.704308 -82.721034 2892.717365 -14541.560797 0.791721 0.592610 -0.148295 -0.504512 0.771182 0.388260 0.344450 -0.232577 0.909540
31.861508 -41.523925 9231.242646 -9321.393395 0.707769 0.671483 -0.219485 -0.474028 0.681776 0.557206 0.523794 -0.290331 0.800842
16.705933 -86.157603 327.752461 -5392.971051 0.743553 0.656404 -0.127524 -0.629595 0.751490 0.197162 0.225251 -0.066312 0.972041
18.669912 -60.863260 3218.232180 12142.977847 0.690513 0.695084 -0.200127 0.543977 -0.681390 -0.489691 0.476741 -0.229274 0.848617
-14.497224 -93.777887 108.387439 -642.741932 0.203113 0.964193 -0.170517 0.452929 -0.246914 -0.856673 0.868102 -0.096770 0.486863
-17.410096 -96.970972 885.337636 -373.379553 0.159511 0.970709 -0.179665 0.341245 -0.224994 -0.912650 0.926341 -0.084268 0.367139
-16.209907 -94.562893 725.109918 -1542.466523 0.158205 0.969733 -0.185980 0.558154 -0.243201 -0.793295 0.814515 -0.021698 0.579736
-11.266065 -93.847968 -1652.893414 -563.742672 0.257102 0.953659 -0.156309 0.486048 -0.267407 -0.832016 0.835258 -0.137939 0.532275
-12.481969 -94.469501 -1745.649843 -134.844557 0.259598 0.952716 -0.157925 0.297518 -0.234478 -0.925475 0.918745 -0.193266 0.344320
-12.335119 -88.389975 -587.590388 -1500.632662 0.213820 0.962870 -0.164810 0.633240 -0.265083 -0.727144 0.743833 -0.051113 0.666408
24.265188 -114.335957 -410.580733 11066.617979 -0.044395 0.950453 -0.307681 0.970057 0.114628 0.214127 0.238787 -0.288962 -0.927082
20.250134 -104.162236 1376.719617 7585.023542 -0.082692 0.971587 -0.221768 0.982909 0.116239 0.142753 0.164475 -0.206174 -0.964593
23.192467 -110.961524 533.180135 5161.655603 -0.055587 0.965343 -0.254997 0.998148 0.060047 0.009732 0.024707 -0.253984 -0.966893
4.300428 -146.695463 796.322454 -14948.526177 0.896749 0.008319 0.442462 0.409137 0.365480 -0.836081 0.168666 -0.930782 -0.324340
2.224256 -136.890265 23.076974 -7965.078137 0.889916 0.008989 0.456035 0.445567 0.196730 -0.873366 0.097566 -0.980417 -0.171068
3.220407 -150.967563 44.099474 -9425.673841 0.889593 0.018788 0.456367 0.414955 0.384315 -0.824691 0.190883 -0.923011 -0.334088
1.373043 -150.213004 87.845269 -225.737292 0.892244 0.012246 0.451388 0.332116 0.659483 -0.674375 0.305941 -0.751620 -0.584352
4.360792 -151.903790 540.186681 -1897.616590 0.895915 -0.003125 0.444215 0.336491 0.657621 -0.674025 0.290019 -0.753343 -0.590223
-21.217710 -39.677783 -2142.929035 -444.428852 -0.220720 0.973233 0.064038 0.562714 0.180696 -0.806661 0.796640 0.142011 0.587535
-18.261309 -38.112768 -811.143770 -780.529952 -0.211506 0.972745 0.095041 0.568044 0.201475 -0.797956 0.795356 0.114784 0.595175
-19.108689 -39.575594 -1097.097771 -775.891586 -0.267304 0.952644 0.144973 0.450471 0.256533 -0.855141 0.851836 0.163277 0.497711
-20.213712 -41.430866 -1218.299404 -277.749039 -0.293324 0.947476 0.127478 0.381390 0.238246 -0.893186 0.876643 0.213374 0.431241
-21.396411 -40.982045 -891.965192 -806.915437 -0.274600 0.959895 0.056539 0.492166 0.190822 -0.849329 0.826055 0.205399 0.524827
-18.030438 -40.031917 -1414.693145 431.822700 -0.278811 0.937609 0.207736 0.286643 0.287702 -0.913818 0.916570 0.195236 0.348973
-11.690370 -199.111866 303.482293 42782.164224 0.959541 0.030904 0.279869 -0.199020 -0.628680 0.751767 -0.199181 0.777050 0.597093
-10.616661 -143.442889 724.234949 23330.780399 0.965182 0.021032 0.260732 -0.147724 -0.778770 0.609668 -0.215873 0.626957 0.748548
-16.033985 -214.160079 2414.338412 41237.171760 0.964542 -0.022794 0.262944 -0.227329 -0.577910 0.783799 -0.134092 0.815782 0.562600
-5.747607 -161.708836 -3855.728440 35386.137418 0.951798 0.099636 0.290091 -0.127655 -0.731290 0.670014 -0.278899 0.674750 0.683322
-10.143512 -247.142769 -4380.106192 56377.853518 0.959804 0.096331 0.263621 -0.184113 -0.492839 0.850419 -0.211845 0.864772 0.455293
-14.760843 -235.734173 4751.401904 12586.336009 0.864298 -0.396058 0.310043 -0.075448 0.507352 0.858430 0.497289 0.765332 -0.408621
-11.165673 -475.716765 2632.375836 105972.180195 0.899420 -0.304692 0.313379 -0.063310 0.618597 0.783154 0.432476 0.724224 -0.537089
-25.817460 -281.983157 2150.216393 -11591.633140 0.885776 -0.310518 0.344935 -0.217431 0.378965 0.899505 0.410031 0.871759 -0.268162
-14.595130 -35.930532 150.623181 -3649.150438 0.305319 0.947203 0.097915 0.656644 -0.283891 0.698730 -0.689636 0.149040 0.708653
-9.249754 -27.722427 2610.390627 -3626.073210 0.225017 0.974288 -0.011424 0.626193 -0.135621 0.767782 -0.746492 0.179918 0.640609
-14.126032 -33.391919 -423.695726 -3811.877131 0.251603 0.963366 0.092857 0.627036 -0.235340 0.742590 -0.737239 0.128613 0.663277
-3.543439 -33.177481 5266.630028 -3115.715590 0.293027 0.956078 0.007023 0.682773 -0.214393 0.698467 -0.669295 0.199875 0.715607
-22.854272 -38.426260 1663.727834 -631.333125 0.195941 0.969229 0.149002 -0.575777 0.236709 -0.782592 0.793781 -0.067550 -0.604441
-18.367575 -42.285783 2240.160258 -2555.793741 0.240141 0.926839 0.288621 -0.580228 0.375410 -0.722774 0.778247 -0.006102 -0.627929
-15.710334 -37.677536 3312.531691 -1335.167485 0.217395 0.935429 0.278768 -0.509243 0.352344 -0.785191 0.832713 -0.028736 -0.552958
-21.620938 -42.547191 459.359588 -2925.252714 0.339995 0.891532 0.299288 -0.598476 0.450605 -0.662406 0.725417 -0.046098 -0.686765
-19.583181 -36.431650 1536.745343 -620.490318 0.150736 0.985322 0.080118 -0.506608 0.146586 -0.849624 0.848898 -0.087481 -0.521268
-22.218886 -36.474199 1.261911 676.413915 0.113982 0.990802 -0.072942 -0.580910 0.006907 -0.813939 0.805948 -0.135147 -0.576353
-11.239655 -36.474233 -1686.752459 -656.602228 0.485290 0.698484 -0.525941 0.288675 -0.695785 -0.657685 0.825324 -0.167342 0.539292
-9.463881 -37.887628 -670.849526 97.676907 0.456818 0.772517 -0.441062 0.375107 -0.616867 -0.691932 0.806606 -0.150641 0.571572
-8.858748 -39.896421 -1638.953671 -659.884595 0.499862 0.700656 -0.509135 0.237857 -0.676295 -0.697172 0.832804 -0.227389 0.504710
-11.667329 -34.475297 -868.785522 -353.366122 0.442784 0.761989 -0.472562 0.400582 -0.639635 -0.656049 0.802170 -0.101188 0.588460
-13.178829 -37.039464 -1981.582005 1307.074292 0.486613 0.653197 -0.580121 -0.192296 0.727844 0.658229 0.852191 -0.208748 0.479786
-13.412773 -34.376004 -1807.489300 -1059.740194 0.455855 0.716633 -0.527857 0.318804 -0.685179 -0.654900 0.831000 -0.130257 0.540808
-5.615807 -59.542475 -1034.841511 -2172.024753 0.240447 0.906086 -0.348127 0.969995 -0.237595 0.051564 -0.035992 -0.350080 -0.936028
-4.756766 -59.600377 -1487.391380 -2345.366373 0.217940 0.906803 -0.360846 0.974646 -0.221419 0.032232 -0.050670 -0.358722 -0.932068
-5.666306 -54.188766 -1475.072591 -2722.454778 0.226008 0.905537 -0.359059 0.958719 -0.272068 -0.082687 -0.172564 -0.325548 -0.929645
-4.931439 -53.587551 -1212.784843 -3609.702532 0.214329 0.908201 -0.359490 0.951160 -0.277773 -0.134669 -0.222164 -0.313070 -0.923380
-5.336074 -47.570582 -973.608659 2361.684927 0.202545 0.913979 -0.351593 -0.928454 0.293388 0.227808 -0.311365 -0.280297 -0.908012
7.326948 -182.783742 -683.049384 14051.895428 0.320283 0.940407 -0.114250 0.924999 -0.336480 -0.176516 0.204440 0.049146 0.977645
8.627990 -165.212797 -305.795282 8444.909155 0.336785 0.932621 -0.129588 0.831310 -0.359142 -0.424195 0.442153 -0.035135 0.896251
3.629748 -186.964780 -2314.801546 15625.642516 0.354816 0.932224 -0.071165 0.919916 -0.361692 -0.151436 0.166912 0.011734 0.985902
6.933304 -231.268226 -172.491424 25798.554814 -0.334661 -0.935635 0.112204 0.935381 -0.315383 0.159989 -0.114304 0.158495 0.980721
3.963929 -225.415112 -1884.344291 16277.992032 0.312073 0.946947 -0.076831 0.932104 -0.289525 0.217617 -0.183828 0.139527 0.973006
1.919725 -218.181724 -3667.426806 21054.397690 0.315906 0.946750 -0.062193 0.937003 -0.301010 0.177252 -0.149093 0.114270 0.982198
0.787415 -171.396167 1244.388429 12530.165317 -0.326102 -0.942012 0.079183 0.944675 -0.327858 -0.009926 0.035311 0.071565 0.996811
0.900869 -158.469244 -1662.840611 14273.427725 0.365123 0.927984 -0.074367 0.871887 -0.368865 -0.322105 0.326340 -0.052768 0.943779
-24.676859 -72.640302 1486.882256 10504.526774 0.900815 0.319823 -0.293675 -0.354512 0.151217 -0.922743 0.250706 -0.935332 -0.249600
-28.026544 -118.119046 -1620.870441 24010.072254 0.938358 0.233629 -0.254760 -0.283861 0.100249 -0.953611 0.197251 -0.967144 -0.160388
-18.730884 -63.843877 1220.636906 -7268.411922 0.960354 0.273420 -0.054424 -0.111628 0.198252 -0.973774 0.255459 -0.941243 -0.220914
-15.408097 -75.977389 2403.701670 -14277.204608 0.921447 0.347645 -0.173430 -0.259555 0.218701 -0.940639 0.289079 -0.911764 -0.291755
-50.712504 -62.314703 1640.712066 -117.980087 0.907610 -0.241890 -0.343123 0.372565 0.840796 0.392757 -0.193493 0.484306 -0.853234
-50.100758 -61.360904 -166.187562 1896.614333 0.847742 -0.195524 -0.493056 0.435079 0.788033 0.435558 -0.303382 0.583759 -0.753116
-50.479231 -60.886290 1280.474568 3880.398670 0.913964 -0.186327 -0.360489 0.366098 0.761818 0.534420 -0.175050 0.620415 -0.764489
-51.214878 -62.143507 683.930121 -2258.155009 0.860582 -0.262379 -0.436527 0.400319 0.878343 0.261264 -0.314870 0.399589 -0.860921
-50.577714 -61.772966 1402.872390 1912.948079 0.940349 -0.239672 -0.241455 0.332899 0.794572 0.507773 -0.070155 0.557864 -0.826962
-48.965757 -59.064312 1220.499733 -2520.239829 0.825831 -0.444810 -0.346622 0.521574 0.836177 0.169613 -0.214392 0.320860 -0.922542
-49.710039 -59.862239 549.000032 -176.550205 0.916101 -0.316113 -0.246639 0.390367 0.843590 0.368739 -0.091499 0.434082 -0.896214
25.772149 -48.280159 -2850.072167 1625.434699 -0.055074 0.961384 0.269643 -0.748267 -0.218544 0.626366 -0.661107 0.167269 -0.731408
23.823102 -51.482266 -1968.430069 718.118825 -0.059411 0.973210 0.222110 -0.823941 -0.173422 0.539486 -0.563552 0.150954 -0.812171
29.333545 -49.129965 -3904.590650 1263.179624 -0.068368 0.960698 0.269046 -0.804282 -0.212638 0.554901 -0.590302 0.178451 -0.787210
29.672988 -48.519692 -2892.274840 1140.323312 -0.045997 0.944248 0.326007 -0.796456 -0.231646 0.558568 -0.602944 0.233958 -0.762707
5.457835 -61.981298 4733.754766 -2837.516940 0.662360 0.245948 -0.707664 0.187614 0.860027 0.474505 0.725313 -0.447061 0.523504
35.497827 -81.097507 11197.711243 -13811.738332 0.691789 0.228679 -0.684933 0.140845 0.887581 0.438592 0.708230 -0.399883 0.581811
0.757807 -84.699914 2306.556743 -12985.393711 0.687462 0.252407 -0.680946 0.082555 0.904417 0.418587 0.721513 -0.343978 0.600914
-7.633753 -60.942430 239.143309 1229.930861 -0.000263 0.999041 0.043785 -0.098663 -0.043597 0.994165 -0.995121 0.004059 -0.098580
-7.425935 -56.635079 -59.559263 7371.245746 -0.012890 0.999618 0.024440 -0.134012 -0.025949 0.990640 -0.990896 -0.009494 -0.134295
-7.908982 -61.204919 304.469132 753.502061 -0.017407 0.999006 0.041042 -0.091942 -0.042473 0.994858 -0.995612 -0.013544 -0.092590
2.320491 -65.687867 173.566180 -1349.492550 0.090500 -0.983726 -0.155222 0.987513 0.108822 -0.113908 0.128945 -0.142975 0.981291
3.324219 -61.092076 290.709350 -361.046680 0.069644 -0.985526 -0.154556 0.990842 0.086305 -0.103843 0.115679 -0.145908 0.982512
2.620418 -60.399154 776.438281 196.802403 0.115858 -0.979860 -0.162636 0.991368 0.124194 -0.042022 0.061374 -0.156363 0.985791
-1.042500 -108.891653 -5.889294 12429.481655 -0.313861 0.948854 0.034161 0.148244 0.013435 0.988860 -0.937825 -0.315429 0.144879
-2.449636 -119.631498 94.302818 12528.827555 -0.319161 0.947677 0.006700 0.005840 -0.005102 0.999970 -0.947683 -0.319190 0.003906
-2.269112 -101.695407 571.518553 12124.776450 -0.299428 0.953777 0.025527 0.201217 0.036972 0.978849 -0.932660 -0.298232 0.202987
-7.671750 -53.771278 2096.887905 3333.110596 -0.102567 0.979679 0.172363 0.880541 0.008812 0.473888 -0.462740 -0.200378 0.863551
-4.976966 -55.548474 1105.904110 2424.184542 -0.109311 0.979040 0.171847 0.885155 0.017213 0.464977 -0.452273 -0.202938 0.868484
-7.124959 -64.694058 2363.396521 4147.188402 -0.068499 0.980270 0.185413 0.820444 -0.050388 0.569502 -0.567608 -0.191131 0.800805
12.388289 -46.826208 -6071.762160 -634.805860 -0.262908 0.942506 -0.206305 -0.820498 -0.105913 0.561752 -0.507604 -0.316962 -0.801170
19.579566 -48.488935 -3323.686492 -609.738847 -0.231485 0.958657 -0.165503 -0.822981 -0.102254 0.558791 -0.518765 -0.265557 -0.812627
17.628150 -47.556708 -6346.098232 614.793915 -0.275463 0.943167 -0.185893 -0.758934 -0.094678 0.644248 -0.590034 -0.318547 -0.741882
5.299100 -45.380137 -4376.676894 27.389901 -0.269505 0.943860 -0.191039 -0.776726 -0.095785 0.622513 -0.569266 -0.316155 -0.758935
2.625242 -46.243408 -3408.490528 -403.407606 -0.246626 0.949134 -0.195754 -0.840154 -0.108723 0.531338 -0.483029 -0.295506 -0.824233
1.330003 -66.925832 -313.584735 -3430.739518 -0.335920 0.941415 0.029921 0.577571 0.180790 0.796070 -0.744023 -0.284697 0.604465
-1.724961 -73.322476 11.621277 -6407.630769 -0.325460 0.945190 0.026296 0.685159 0.216574 0.695452 -0.651639 -0.244359 0.718091
-0.450864 -75.143366 -151.506468 -6201.266107 -0.344640 0.938587 0.016679 0.682959 0.238507 0.690421 -0.644042 -0.249338 0.723215
1.829698 -68.714411 734.265227 -4150.065664 -0.327395 0.944674 0.020099 0.571588 0.181068 0.800313 -0.752396 -0.273506 0.599245
1.523053 -62.104647 -40.437024 -379.444204 -0.318572 0.947012 0.040997 0.516371 0.137111 0.845318 -0.794904 -0.290464 0.532689
0.713925 -65.308100 -506.585111 1870.543093 -0.319255 0.946147 0.053682 0.496227 0.118643 0.860048 -0.807363 -0.301213 0.507381
1.635550 -80.618508 415.324197 1346.094852 -0.127593 0.990251 0.055890 0.104308 -0.042641 0.993631 -0.986326 -0.132611 0.097850
1.021917 -77.672648 -480.847151 3679.996416 -0.143497 0.989191 0.030171 0.062408 -0.021381 0.997822 -0.987681 -0.145067 0.058666
1.639870 -76.642531 242.356068 -109.075857 -0.138081 0.990022 0.028125 -0.088792 -0.040657 0.995220 -0.986433 -0.134924 -0.093520
1.256876 -78.238875 -107.253461 -2944.765872 -0.144493 0.989504 -0.001721 -0.290749 -0.040795 0.955929 -0.945826 -0.138625 -0.293592
1.265662 -80.066314 -321.874333 -4158.173435 -0.139906 0.990144 -0.006429 -0.248054 -0.028762 0.968319 -0.958590 -0.137068 -0.249633
-14.288125 -48.447048 -3635.397988 934.633310 0.241737 0.966911 -0.081521 0.970284 -0.241787 0.009409 -0.010613 -0.081373 -0.996627
-16.743041 -51.587451 -1136.456054 7307.666048 0.215397 0.974220 -0.067085 0.975900 -0.217210 -0.020933 -0.034965 -0.060959 -0.997528
-18.136971 -49.198055 -460.723753 -5329.770555 0.254881 0.966904 -0.011535 -0.965103 0.255111 0.059116 -0.060102 0.003935 -0.998184
5.804644 -161.022690 6259.055047 33090.403491 0.812629 -0.042924 -0.581198 0.508327 -0.435538 0.742907 0.285022 0.899147 0.332111
7.817077 -232.241787 6022.816850 57642.896117 0.833511 -0.026276 -0.551878 0.537576 -0.192051 0.821054 0.127563 0.981033 0.145951
-7.205437 -254.586265 4157.425900 56473.089275 0.805657 -0.028662 -0.591688 0.575743 -0.197184 0.793498 0.139415 0.979947 0.142361
-5.776622 -154.756348 4472.312364 30969.443361 0.800193 -0.035550 -0.598689 0.519219 -0.458559 0.721204 0.300173 0.887952 0.348478
-14.110654 -235.630598 2200.012898 52867.883170 0.770637 0.001950 -0.637271 0.622982 -0.212899 0.752706 0.134207 0.977072 0.165283
-5.217587 -284.377068 -3074.853312 -27337.346649 0.824694 -0.064454 -0.561894 -0.476690 -0.613875 -0.629225 0.304377 -0.786768 0.536984
-0.488874 -260.553902 -2355.207920 -20628.930261 0.843180 -0.053789 -0.534933 -0.322857 -0.846258 -0.423805 0.429896 -0.530051 0.730914
-4.419910 -327.741219 -2776.610198 -40659.326050 0.807154 -0.079690 -0.584937 -0.502476 -0.612838 -0.609875 0.309870 -0.786180 0.534697
-3.289729 -231.710822 -878.919372 -17204.089809 0.837855 -0.018886 -0.545567 -0.361534 -0.768005 -0.528641 0.409014 -0.640165 0.650304
-9.897804 -59.628120 -1179.566335 -795.742834 0.915986 -0.028556 -0.400192 0.186584 0.913357 0.361893 -0.355184 0.406158 -0.841950
-12.354439 -54.547196 -1879.612183 -32.800763 0.929298 -0.003314 -0.369316 0.140685 0.927748 0.345675 -0.341486 0.373193 -0.862621
-11.799989 -57.343627 2014.543335 758.570911 -0.904159 0.092729 0.417011 0.193043 0.959495 0.205193 -0.381093 0.266028 -0.885436
-10.705283 -61.009436 -147.437671 623.409729 -0.896710 0.105399 0.429886 0.217647 0.950700 0.220904 -0.385410 0.291651 -0.875442
-2.387477 -49.210951 2391.329667 1159.717184 0.013796 0.998475 -0.053451 -0.997697 0.010195 -0.067064 0.066417 -0.054253 -0.996316
-2.234056 -49.645440 3781.626636 154.726193 -0.020790 0.998869 -0.042768 -0.976941 -0.029388 -0.211479 0.212496 -0.037385 -0.976446
-4.427575 -49.100979 -377.656203 520.783357 -0.001530 0.995478 -0.094983 -0.985337 -0.017706 -0.169697 0.170611 -0.093330 -0.980908
2.242895 -212.629321 -966.516397 -6905.033192 -0.120626 0.986015 0.114996 0.737234 0.166556 -0.654786 0.664782 -0.005795 0.747015
3.769200 -214.710795 -1859.299779 4915.125070 -0.120991 0.986748 0.108121 0.614329 0.159989 -0.772660 0.779719 0.027063 0.625545
-2.159824 -219.240566 941.158324 3297.729773 -0.122024 0.990956 0.055819 0.463337 0.106609 -0.879746 0.877741 0.081487 0.472155
0.005187 -210.666746 552.853088 12139.664614 -0.126131 0.986850 0.101081 0.650170 0.159195 -0.742924 0.749247 0.027986 0.661700
-24.120770 -563.847840 -1219.317509 167890.820582 0.904212 0.423318 0.056594 -0.290445 0.512349 0.808171 -0.313117 0.747195 -0.586222
-28.497561 -648.331550 5732.403439 189697.969460 0.861259 0.462475 0.210594 -0.498561 0.688814 0.526282 -0.098332 0.558259 -0.823819
-114.978100 -1037.987417 -1709.822156 315133.933960 0.973383 0.207877 0.096502 -0.227672 0.828775 0.511173 -0.026283 0.519538 -0.854043
12.260677 -424.599648 2447.693784 117159.832300 0.734999 0.615276 0.284976 -0.621935 0.444289 0.644829 -0.270136 0.651185 -0.709214
-56.680512 -526.817250 1084.118851 154234.831983 0.936380 0.350829 0.010515 -0.254335 0.657576 0.709160 -0.241879 0.666718 -0.704969
-12.134274 -45.374336 384.279605 161.762523 0.223156 0.969647 0.099928 0.974767 -0.221384 -0.028626 -0.005634 0.103795 -0.994583
-13.092104 -43.754697 962.330360 -255.542754 0.272084 0.952648 0.135766 0.956362 -0.283323 0.071412 0.106496 0.110412 -0.988164
-15.706608 -46.632989 890.343229 -1909.130898 0.291356 0.953246 0.080213 0.955844 -0.293462 0.015587 0.038398 0.072129 -0.996656
-15.185301 -45.406063 1467.360491 1124.487252 0.232661 0.970148 0.068421 0.971641 -0.228812 -0.059656 -0.042220 0.080360 -0.995871
-11.417467 -44.894349 1274.954040 -477.081106 0.171324 0.979702 0.104073 -0.974874 0.153313 0.161602 -0.142366 0.129145 -0.981353
-47.125861 -74.132995 396.004178 4143.566531 -0.018878 -0.974499 0.223598 0.999792 -0.020126 -0.003304 0.007720 0.223489 0.974676
-52.737380 -82.878511 -933.680017 7020.545429 0.349808 -0.923549 0.157136 0.936497 0.349146 -0.032716 -0.024649 0.158602 0.987035
-42.439407 -62.574755 136.293636 4551.567512 -0.226647 -0.932618 0.280811 0.964247 -0.255505 -0.070313 0.137323 0.254835 0.957184
-34.656654 -92.076847 -4648.810591 14318.776596 -0.377785 0.925672 -0.020221 0.918394 0.371862 -0.135172 0.117605 0.069637 0.990616
-56.109824 -66.811886 251.291400 -1341.787723 -0.374425 0.819884 0.433124 -0.499172 0.215419 -0.839299 0.781430 0.530458 -0.328605
-57.675708 -68.620361 727.302460 -960.220731 -0.424184 0.833426 0.354216 -0.602547 0.032243 -0.797432 0.676022 0.551689 -0.488501
-57.332101 -65.542393 1578.407745 -1702.492666 -0.426545 0.749335 0.506514 -0.586797 0.196890 -0.785432 0.688280 0.632242 -0.355725
-57.779004 -67.889911 156.284663 2557.389652 -0.511771 0.771345 0.378309 0.606498 0.012495 0.794987 0.608482 0.636295 -0.474214
-54.934814 -64.285261 1453.834033 366.888216 -0.362862 0.630118 0.686500 -0.609576 0.396705 -0.686326 0.704804 0.667515 -0.240156
-54.603636 -66.218149 1696.246396 3046.678839 -0.483847 0.650512 0.585429 0.639808 -0.193482 0.743781 0.597108 0.734438 -0.322587
10.374919 -29.132827 2229.852672 -3554.632921 -0.006673 0.968730 -0.248028 0.958114 0.077210 0.275784 -0.286310 0.235799 0.928668
7.986621 -32.031943 -1903.715552 -2327.402743 0.061495 -0.960428 0.271654 0.970243 0.121382 0.209510 -0.234193 0.250686 0.939314
4.373997 -34.601490 -1379.850367 -916.481779 0.133100 -0.949144 0.285324 0.974485 0.177825 0.136960 -0.180733 0.259815 0.948595
10.281701 -35.960528 -1983.437285 -671.610619 0.067149 -0.960421 0.270338 0.985679 0.105862 0.131260 -0.154684 0.257653 0.953776
-3.651613 -42.020164 -1361.287771 -7118.639469 0.372252 0.925135 -0.074519 0.870607 -0.375879 -0.317423 0.321669 -0.053285 0.945352
-5.168018 -41.517876 -775.005405 -2499.880050 0.370469 0.924766 -0.086951 0.822350 -0.370076 -0.432186 0.431849 -0.088608 0.897583
-13.222537 -39.864127 -1810.397534 -2511.693839 0.283140 0.951519 0.120180 0.710454 -0.292265 0.640184 -0.644272 0.095880 0.758763
-12.134866 -41.487791 -1928.858649 304.973936 0.279652 0.953400 0.113239 0.789335 -0.295452 0.538199 -0.546576 0.061125 0.835176
-14.604410 -41.194337 287.027955 -1578.644144 0.338545 0.934964 0.105967 0.722833 -0.330514 0.606855 -0.602411 0.128852 0.787717
-10.386472 -38.400622 -1524.096614 -3261.050253 0.214761 0.971543 0.099912 0.695525 -0.223955 0.682708 -0.685655 0.077128 0.723829
1.292237 -66.155152 -1160.314995 -1133.134944 0.356290 0.911783 -0.204229 -0.534807 0.019769 -0.844743 0.766185 -0.410197 -0.494671
3.570765 -69.521531 -846.714696 -2299.058149 0.350962 0.913755 -0.204640 -0.620160 0.063077 -0.781935 0.701589 -0.401339 -0.588812
2.306468 -65.848139 -916.026161 -1046.053191 0.361540 0.913085 -0.188585 -0.516005 0.027490 -0.856144 0.776549 -0.406841 -0.481095
-2.869530 -55.085053 983.293436 -2020.706080 0.056045 0.985017 -0.163095 -0.478656 0.169864 0.861414 -0.876212 -0.029788 -0.481005
-1.336012 -51.454706 870.829611 102.912081 0.056911 0.982352 -0.178174 -0.589796 0.177074 0.787900 -0.805545 -0.060246 -0.589464
-2.657144 -52.280368 -179.790563 -485.754802 0.032322 0.985363 -0.167379 -0.551358 0.157258 0.819313 -0.833642 -0.065803 -0.548371
-2.415809 -56.253848 -875.200863 -3030.697470 0.020340 0.985340 -0.169384 -0.462301 0.159489 0.872262 -0.886490 -0.060565 -0.458768
-2.687307 -61.490907 454.109651 -4132.628151 0.042214 0.987731 -0.150353 -0.365149 0.155329 0.917899 -0.929991 -0.016154 -0.367226
-2.355553 -60.860717 663.955163 -3332.995023 0.052675 0.987677 -0.147375 -0.379662 0.156305 0.911825 -0.923624 -0.007923 -0.383217
28.432059 -4.656319 2671.335569 1.411194 -0.852618 -0.102570 -0.512369 -0.208706 0.965783 0.153964 0.479045 0.238207 -0.844851
31.282779 -1.883896 2553.967944 -1697.032103 -0.834713 -0.135734 -0.533696 -0.227055 0.967764 0.108990 0.501698 0.212154 -0.838624
28.673850 -2.157022 -2365.467779 -375.311582 -0.758162 -0.141795 -0.636462 -0.267397 0.957834 0.105134 0.594718 0.249897 -0.764109
29.597375 -4.318252 -244.501564 538.747781 -0.805047 -0.121158 -0.580707 -0.243412 0.960182 0.137116 0.540972 0.251736 -0.802483
28.011245 -5.827136 3458.534063 91.416125 -0.868477 -0.063401 -0.491659 -0.173284 0.968048 0.181260 0.464457 0.242617 -0.851714
-9.671521 -44.416310 -375.251452 -1307.073246 0.351035 0.913931 -0.203729 0.863246 -0.400158 -0.307700 0.362741 0.067855 0.929416
-10.119843 -44.651541 244.972066 -2247.630381 0.330971 0.915261 -0.229686 0.883687 -0.385998 -0.264769 0.330991 0.115340 0.936558
-10.228693 -46.579298 -454.248820 -4152.444580 0.329781 0.925894 -0.184293 0.915027 -0.361529 -0.178949 0.232315 0.109619 0.966444
-10.882190 -44.983178 1004.145551 2742.426660 0.311842 0.917120 -0.248284 0.838602 -0.388516 -0.381840 0.446656 0.089138 0.890254
-10.426093 -43.849074 -2.522447 4818.191300 0.336335 0.916860 -0.215051 0.795871 -0.398807 -0.455568 0.503456 0.017929 0.863835
39.239723 -75.238004 8124.845208 -16259.291881 0.837403 0.527635 -0.142682 -0.407544 0.776684 0.480281 0.364231 -0.344040 0.865432
56.667763 -53.639994 8112.524350 10243.372526 0.873855 0.476316 -0.097468 0.356554 -0.764138 -0.537551 0.330523 -0.434989 0.837579
55.175204 -35.187879 11712.641927 -4551.367135 0.797920 0.579424 -0.166105 -0.408408 0.722380 0.558005 0.443313 -0.377405 0.813043
-15.943897 -96.717042 -741.149433 -1031.618790 0.146818 0.976166 -0.159828 0.395145 -0.206006 -0.895222 0.906810 -0.068280 0.415973
-2.163285 -98.475078 1308.821857 2297.152352 0.044321 0.990159 -0.132741 0.998051 -0.049728 -0.037698 -0.043928 -0.130811 -0.990434
2.273051 -98.971976 2015.561682 816.960745 0.030911 0.992243 -0.120407 -0.973379 0.057255 0.221936 -0.227108 -0.110341 -0.967598
4.209293 -99.731460 2844.280394 2897.238330 -0.005673 0.994363 -0.105880 0.999798 0.003598 -0.019777 -0.019285 -0.105970 -0.994182
-1.181695 -95.017634 1888.734028 -2652.903921 -0.000506 0.993031 -0.117851 -0.989889 -0.017214 -0.140797 0.141844 -0.116588 -0.982999
4.562938 -94.357185 3586.231860 -2851.026210 -0.052458 0.992990 -0.105918 -0.985648 -0.068527 -0.154281 0.160458 -0.096305 -0.982333
11.683393 -102.118017 3658.058013 5460.788551 -0.060771 0.989771 -0.129071 0.995508 0.069507 0.064289 0.072603 -0.124585 -0.989549
3.436317 -140.047172 1287.855925 -4810.200133 0.893281 0.010303 0.449381 0.442685 0.153249 -0.883484 0.077970 -0.988134 -0.132334
-19.217836 -38.681423 -1519.989794 573.198664 -0.128637 0.991687 -0.003171 0.670384 0.084602 -0.737176 0.730779 0.096954 0.675694
-15.260988 -36.309039 -176.611864 -93.685863 -0.127413 0.991458 0.027889 0.668942 0.106659 -0.735623 0.732313 0.075072 0.676817
-14.055332 -35.276223 -753.334993 -377.884150 -0.161392 0.982352 0.094537 0.591666 0.172982 -0.787406 0.789863 0.071147 0.609142
-12.140615 -158.442243 390.281383 23447.751008 0.963349 -0.009134 0.268095 -0.181909 -0.756759 0.627873 -0.197148 0.653630 0.730685
-13.511918 -764.800992 -2577.081932 100646.200675 0.924508 -0.226858 0.306303 -0.041904 0.738236 0.673240 0.378853 0.635251 -0.672998
-31.181489 -651.913635 -9172.646298 -18420.490095 0.917354 -0.192092 0.348658 -0.251525 0.399163 0.881705 0.308540 0.896532 -0.317858
-13.006682 -24.191123 1368.573699 -1820.937074 0.152523 0.985705 -0.071567 0.604440 -0.035745 0.795848 -0.781914 0.164643 0.601252
0.896672 -21.747060 5642.435799 -1424.560683 0.112538 0.974531 -0.193972 0.622616 0.082978 0.778115 -0.774393 0.208338 0.597421
-10.310628 -39.125292 3675.854190 -2473.028529 0.239959 0.895003 0.376017 -0.525719 0.445426 -0.724718 0.816112 0.023777 -0.577404
-13.437305 -43.993859 3006.326366 -2964.631813 0.216498 0.917492 0.333673 -0.607340 0.394165 -0.689763 0.764374 0.053321 -0.642565
-16.767142 -46.077902 2019.163671 -2189.556787 0.253831 0.911594 0.323368 -0.665765 0.407181 -0.625268 0.701660 0.056574 -0.710262
-11.189375 -35.782913 240.244258 364.244254 0.380634 0.843909 -0.378068 0.524673 -0.533754 -0.663193 0.761470 -0.054072 0.645941
-1.794788 -65.459522 -1863.237464 594.918634 0.278470 0.896129 -0.345553 0.906556 -0.126425 0.402706 0.317191 -0.425405 -0.847597
-3.827427 -62.389437 -1512.571788 -1284.552773 0.249260 0.900983 -0.355103 0.962466 -0.189816 0.193982 0.107370 -0.390127 -0.914479
-3.240602 -63.636801 552.843217 -215.329989 0.281657 0.909180 -0.306694 0.930673 -0.181079 0.317897 0.233490 -0.374970 -0.897151
-2.277222 -63.527127 396.382544 1918.920085 0.293570 0.908029 -0.298830 0.878873 -0.133410 0.458022 0.376031 -0.397095 -0.837207
9.814047 -154.252045 -371.952552 62.026628 0.310296 0.944315 -0.109478 0.890182 -0.329042 -0.315131 0.333606 -0.000328 0.942713
14.713454 -149.905524 -489.519845 555.870227 0.315946 0.941268 -0.119136 0.769422 -0.327662 -0.548295 0.555129 -0.081566 0.827755
-51.276114 -471.211130 3457.120715 137901.579932 0.801984 0.198808 -0.563292 -0.567388 -0.041353 -0.822411 0.186796 -0.979166 -0.079637
-57.942468 -257.557802 -2776.078403 69909.523198 0.954562 0.136187 -0.265076 -0.266921 -0.004868 -0.963706 0.132535 -0.990671 -0.031705
-49.388606 -599.981790 -225.917685 183644.769672 0.812045 0.292577 -0.504958 -0.531552 0.013629 -0.846916 0.240906 -0.956145 -0.166587
-50.945939 -64.017620 -953.786425 -1570.182045 0.816477 -0.175185 -0.550160 0.392632 0.867088 0.306592 -0.423327 0.466335 -0.776741
26.884215 -53.020214 2222.866613 -171.273919 -0.030760 0.978063 0.206026 -0.943717 -0.096332 0.316414 -0.329319 0.184698 -0.925978
25.120892 -52.806127 161.843776 110.430306 -0.059328 0.972037 0.227212 -0.943866 -0.128718 0.304217 -0.324956 0.196409 -0.925109
25.222824 -53.528098 -1265.113043 207.184074 -0.063563 0.970909 0.230859 -0.903029 -0.154434 0.400861 -0.424852 0.182992 -0.886575
22.839397 -53.281927 767.455592 -669.812922 -0.038661 0.985593 0.164656 -0.886912 -0.109754 0.448710 -0.460317 0.128688 -0.878378
91.662967 -39.080004 -17796.515358 1161.326918 -0.059378 0.629832 0.774459 0.620704 -0.584314 0.522785 -0.781793 -0.511752 0.356243
99.323823 -37.212470 -10104.421218 -400.880047 0.068321 0.687605 0.722864 0.651084 -0.579723 0.489909 -0.755924 -0.437174 0.487296
108.368133 -34.146322 -35101.172484 -496.729090 -0.129347 0.515674 0.846965 -0.638319 0.610334 -0.469085 -0.758826 -0.601309 0.250220
107.841774 -21.519689 -34875.452035 -2192.408625 -0.070002 0.437209 0.896632 -0.701065 0.617869 -0.356014 -0.709653 -0.653519 0.263260
68.439488 -35.450270 -28457.967914 -1255.498386 -0.196064 0.466192 0.862684 -0.618723 0.623710 -0.477669 -0.760750 -0.627416 0.166157
58.208013 -30.613776 -28879.446326 -1013.383026 -0.146817 0.394036 0.907293 -0.657731 0.646192 -0.387073 -0.738806 -0.653584 0.164298
5.144303 -57.899835 312.285391 -717.672130 0.051575 0.986783 0.153622 0.970447 -0.013210 -0.240951 0.235737 -0.161509 0.958302
6.077573 -62.817398 -40.944960 -1116.344720 0.043500 0.988912 0.141986 0.944892 0.005435 -0.327336 0.324478 -0.148401 0.934179
6.380966 -60.678351 -200.671758 -1246.990493 0.086603 0.985320 0.147120 0.917656 -0.021409 -0.396799 0.387825 -0.169369 0.906039
6.097661 -56.920183 -169.569559 -791.635107 0.090775 0.981041 0.171226 0.939136 -0.027124 -0.342474 0.331337 -0.191892 0.923793
5.141750 -65.897356 -158.005402 -1347.136199 -0.016228 0.989352 0.144636 0.967313 0.052147 -0.248167 0.253067 -0.135881 0.957859
56.722617 -57.704402 8401.062436 11231.938952 -0.431324 0.902169 0.007148 -0.219667 -0.112699 0.969044 -0.875046 -0.416402 -0.246786
112.023996 -50.392480 13246.079145 12360.023263 -0.460578 0.879876 -0.116987 -0.092959 0.083260 0.992183 -0.882738 -0.467852 -0.043445
69.189462 -84.728512 -1591.617073 4622.395040 -0.682335 0.726554 0.080862 -0.172303 -0.267333 0.948074 -0.710444 -0.632971 -0.307597
53.189358 -101.320014 4654.718126 14709.197309 0.790207 -0.589491 -0.167551 0.218550 0.526490 -0.821611 -0.572546 -0.612624 -0.544870
49.423695 -79.312040 -1150.232544 -4813.320198 -0.663899 0.738762 0.116057 -0.313588 -0.415912 0.853628 -0.678897 -0.530329 -0.507790
0.816858 -77.863320 -373.726613 -323.328694 -0.146145 0.987326 0.061884 0.200632 -0.031674 0.979155 -0.968705 -0.155514 0.193460
0.521172 -74.174344 -973.522417 1174.858981 -0.164927 0.985479 0.040367 0.113424 -0.021705 0.993310 -0.979762 -0.168402 0.108197
0.171416 -73.142193 -510.417764 3448.817555 -0.145541 0.989036 0.025028 0.020013 -0.022349 0.999550 -0.989150 -0.145976 0.016541
22.602966 -220.824422 2152.932029 54034.544865 0.855765 0.038215 -0.515952 0.506071 -0.269068 0.819448 0.107510 0.962363 0.249598
19.960727 -350.850799 8287.121662 86785.440599 0.845749 -0.025435 -0.532974 0.532608 0.100542 0.840369 -0.032211 0.994608 -0.098580
22.221069 -153.878448 5395.118535 34429.922705 0.845831 -0.010800 -0.533342 0.471370 -0.452971 0.756721 0.249761 0.891460 0.378046
-10.184398 -59.472703 -2275.569254 -2448.063996 0.936225 0.057080 -0.346733 0.125236 0.867729 0.481002 -0.328326 0.493749 -0.805241
-12.968307 -56.622391 -1549.991307 -2013.646375 0.951167 0.077064 -0.298903 0.075664 0.880583 0.467812 -0.299260 0.467583 -0.831751
48.081188 -242.613480 21295.921871 -15605.424368 0.416276 0.315771 -0.852645 0.475862 0.723410 0.500234 0.774771 -0.613976 0.150874
62.263960 -634.825520 21817.655880 -36820.139387 0.627434 0.313300 -0.712860 -0.568115 -0.441893 -0.694245 0.532515 -0.840579 0.099268
100.025553 -1074.998299 -1294.409152 -266194.140443 0.633766 0.096500 -0.767482 0.418742 0.791432 0.445298 0.650381 -0.603592 0.461174
11.912365 -45.191408 -6823.948443 -115.139234 -0.029832 0.989670 -0.140223 -0.945630 -0.073398 -0.316853 0.323872 -0.123147 -0.938052
20.303702 -44.463931 -5445.552003 874.724065 -0.026574 0.995281 -0.093330 -0.932468 -0.058328 -0.356512 0.360273 -0.077553 -0.929617
23.500943 -44.429991 -4587.691921 -406.458860 -0.028386 0.996570 -0.077732 -0.959327 -0.049010 -0.278010 0.280866 -0.066679 -0.957428
14.767948 -45.543696 -7789.572313 -530.287471 -0.018565 0.990073 -0.139320 -0.974804 -0.048904 -0.217638 0.222291 -0.131769 -0.966035
0.730171 -45.862642 -4607.121482 -1135.487908 -0.029841 0.989187 -0.143589 -0.923735 -0.082172 -0.374114 0.381868 -0.121474 -0.916199
10.016381 -44.549872 -4750.169162 -106.610139 -0.037879 0.991678 -0.123048 -0.904958 -0.086266 -0.416665 0.423813 -0.095570 -0.900694
25.341661 -44.059566 -698.130740 1507.526916 -0.030879 0.999521 0.002058 -0.939483 -0.028321 -0.341424 0.341202 0.012477 -0.939907
27.408780 -49.849107 -3615.408710 -181.477693 -0.012189 0.994778 0.101328 -0.664510 0.067663 -0.744210 0.747180 0.076405 -0.660215
17.743275 -51.840791 -2842.223124 872.658015 0.025871 0.998731 0.043209 -0.669065 0.049414 -0.741560 0.742754 0.009725 -0.669494
21.442904 -50.087141 -4232.928252 -1341.807275 0.002899 0.999427 0.033727 -0.534406 0.030055 -0.844693 0.845223 0.015575 -0.534187
5.249261 -221.441286 -3322.910935 -32768.330859 -0.096510 0.983901 0.150416 0.862373 0.158115 -0.480949 0.496989 -0.083299 0.863750
3.166046 -258.917109 -3340.028543 -7214.624185 -0.078545 0.994127 0.074451 0.573983 0.106158 -0.811957 0.815092 0.021041 0.578950
-62.740010 -5638.930875 -55719.341749 2565696.051684 -0.908156 -0.372512 -0.191016 -0.351753 0.926410 -0.134293 0.226984 -0.054768 -0.972357
-31.689415 -724.374129 305.438875 195238.707815 0.880717 0.431111 0.196166 -0.473644 0.801513 0.365018 -0.000134 0.414390 -0.910099
-37.837067 -355.632342 -10313.810723 -71115.965064 0.903944 0.294770 0.309832 0.208242 0.329401 -0.920940 0.373524 -0.896998 -0.236377
-73.733157 -375.062379 -16141.582869 -83927.310070 0.869629 0.327330 0.369596 0.256021 0.341101 -0.904491 0.422136 -0.881195 -0.212828
-74.528132 -308.366143 -14740.633391 -11811.463774 0.912623 0.337053 0.231330 0.237419 0.023662 -0.971119 0.332792 -0.941188 0.058429
-16.660267 -44.967696 2081.865193 1264.050042 0.297482 0.947501 0.117241 -0.945913 0.309153 -0.098349 0.129431 0.081643 -0.988222
-11.712039 -39.858364 -208.303380 -1157.193845 0.364736 0.920573 0.139687 -0.899319 0.387163 -0.203299 0.241233 0.051472 -0.969101
