18994
37980
-34.211182 -56.637153 -513.246031 7821.640670 0.784028 0.394020 -0.479633 -0.246744 -0.511194 -0.823285 0.569577 -0.763825 0.303568
-38.809409 -64.262410 394.107883 5669.581329 0.736197 0.394054 -0.550214 -0.221974 -0.627432 -0.746362 0.639329 -0.671603 0.374445
-39.879556 -77.881307 -672.103329 11753.025613 0.808554 0.566637 -0.158630 0.118051 -0.420313 -0.899667 0.576459 -0.708702 0.406738
-32.716843 -54.891273 -154.689464 5726.481855 0.609910 0.273937 -0.743618 -0.453026 -0.649385 -0.610791 0.650213 -0.709406 0.271966
-30.748206 -59.744041 -1343.265661 11403.606222 0.857583 0.457002 -0.236010 -0.065531 -0.358036 -0.931405 0.510154 -0.814223 0.277098
-25.154173 -40.793681 -1227.992078 5010.249593 0.728266 0.261978 -0.633243 -0.464882 -0.490056 -0.737381 0.503502 -0.831392 0.235102
-27.288090 -42.580761 -509.736303 -3261.216780 0.550788 0.168583 -0.817443 0.603590 0.595984 0.529606 0.576466 -0.785100 0.226506
63.366627 -67.759336 556.281666 2404.672435 0.776239 0.627039 -0.065388 -0.577647 0.665856 -0.472187 0.252541 -0.404301 -0.879070
71.662399 -75.028027 -2134.260623 170.810831 0.797621 0.590238 -0.124173 -0.527379 0.582566 -0.618456 0.292698 -0.558780 -0.775946
75.966664 -80.446864 1654.402213 6101.634928 0.717179 0.696233 -0.030228 -0.570798 0.561980 -0.598639 0.399805 -0.446585 -0.800448
56.908375 -59.013432 5956.886430 5436.098467 0.643535 0.762800 0.063240 -0.643240 0.583745 -0.495464 0.414856 -0.278169 -0.866324
68.943054 -75.184343 7047.436986 9496.351133 0.571420 0.817703 0.069578 -0.619061 0.485156 -0.617565 0.538741 -0.309817 -0.783436
8.458416 -64.413014 5233.392242 23026.370323 0.278774 0.058579 -0.958568 0.934170 0.214959 0.284815 0.222737 -0.974865 0.005202
2.825595 -81.207932 -1392.571878 25506.165988 0.483196 -0.016266 -0.875361 0.868222 0.137655 0.476698 0.112744 -0.990347 0.080637
4.180156 -135.744358 2742.396090 53554.933100 0.564670 0.032726 -0.824667 0.779239 0.308061 0.545789 0.271909 -0.950804 0.148452
24.897619 -50.615973 8245.111516 18503.217305 0.191887 0.040169 -0.980595 0.947392 0.253229 0.195763 0.256179 -0.966572 0.010536
11.690550 -21.168458 10943.295511 4793.703943 -0.013397 0.083391 -0.996427 0.980649 0.195748 0.003197 0.195315 -0.977102 -0.084400
-54.150212 -73.905367 896.259690 -2210.501265 0.302323 -0.930599 -0.206363 0.952814 0.288823 0.093423 -0.027337 -0.224870 0.974005
-56.430188 -78.334719 260.799024 -1944.919530 0.423683 -0.900730 -0.095805 0.905726 0.422713 0.031214 0.012383 -0.099998 0.994911
-55.010432 -68.876268 163.783948 -6188.760950 -0.387211 0.920271 0.056293 0.904935 0.367650 0.214306 -0.176523 -0.133923 0.975143
-44.599939 -53.114872 -9679.025473 -3482.630005 0.933488 -0.166612 0.317554 0.119646 0.979479 0.162192 -0.338060 -0.113410 0.934266
-35.077560 -50.260398 -13063.491830 1303.019323 0.794362 0.444994 0.413485 -0.504929 0.862128 0.042213 -0.337693 -0.242313 0.909532
-50.016584 -61.959492 2524.810416 -4860.908760 -0.023915 -0.954463 -0.297369 0.983781 -0.075364 0.162776 -0.177774 -0.288653 0.940785
41.268030 -37.269509 -1064.295467 3618.584088 0.968988 -0.176107 0.173345 0.224210 0.331672 -0.916364 -0.103884 -0.926812 -0.360871
51.501015 -48.069514 2858.601929 4496.337760 0.956609 -0.230472 0.178275 0.235987 0.253947 -0.937988 -0.170908 -0.939358 -0.297317
48.426696 -49.060313 2744.929817 6378.702986 0.979749 -0.137261 0.145779 0.175871 0.241898 -0.954230 -0.095715 -0.960544 -0.261140
43.440383 -39.354044 3141.888123 1419.567295 0.926214 -0.282478 0.249668 0.336526 0.320972 -0.885284 -0.169937 -0.903982 -0.392350
32.688741 -39.266946 4176.336091 5240.282459 0.986578 -0.008671 0.163060 0.158155 0.299197 -0.940993 0.040628 -0.954152 -0.296553
33.104132 -30.166764 -370.797593 813.999230 0.974746 -0.129723 0.181774 0.218550 0.386886 -0.895854 -0.045887 -0.912957 -0.405467
38.545447 -32.654936 -3149.716832 971.315854 0.947953 -0.242303 0.206579 0.287879 0.374975 -0.881203 -0.136057 -0.894809 -0.425212
33.805941 -31.736204 2512.575420 3404.797018 0.984665 -0.036404 0.170616 0.172177 0.360384 -0.916776 0.028113 -0.932094 -0.361125
-1.923231 -42.442643 783.346871 -877.573085 0.613454 0.721516 -0.321074 0.051666 -0.442358 -0.895349 0.788039 -0.532667 0.308644
-1.309537 -41.813765 -53.040311 -1.869887 0.617616 0.723229 -0.309016 -0.029007 -0.371695 -0.927902 0.785945 -0.582050 0.208586
0.397862 -42.982775 1548.363178 -1089.819491 0.599616 0.725388 -0.338041 0.018181 -0.434638 -0.900422 0.800081 -0.533761 0.273805
-3.959658 -11.824243 -1709.662771 4254.588975 0.944277 0.318446 -0.083265 -0.326113 0.939425 -0.105500 -0.044626 -0.126775 -0.990927
1.495391 -3.418317 4137.249458 -770.152634 -0.637159 0.768537 -0.058132 0.769546 0.630183 -0.103284 -0.042743 -0.110543 -0.992952
-4.761705 -6.225868 3556.085751 -3008.995336 -0.001670 0.994756 -0.102268 0.998840 -0.003262 -0.048040 -0.048122 -0.102229 -0.993596
-1.229476 -56.428527 -534.743234 703.651209 0.784805 0.211881 -0.582397 0.555933 -0.656009 0.510481 0.273896 0.724402 0.632631
-2.174649 -56.594242 223.810422 3007.998981 0.797725 0.186079 -0.573594 0.478742 -0.773797 0.414783 0.366663 0.605486 0.706360
-0.936565 -56.150303 -479.471224 3622.037718 0.802553 0.188060 -0.566164 0.456145 -0.805081 0.379178 0.384499 0.562563 0.731903
-2.221656 -58.713927 66.943815 705.362814 0.785035 0.209251 -0.583039 0.569769 -0.613247 0.547075 0.243071 0.761670 0.600645
-1.896527 -54.550479 -746.492422 1025.282231 0.786250 0.204784 -0.582988 0.533907 -0.700099 0.474135 0.311054 0.684050 0.659789
-2.013069 -59.467935 -669.084223 -2324.017579 0.770603 0.205404 -0.603307 0.599028 -0.556606 0.575634 0.217567 0.804984 0.551966
-1.343702 -60.113596 319.768480 -698.245872 0.778501 0.199934 -0.594948 0.600016 -0.515211 0.611995 0.184165 0.833417 0.521056
-0.756703 -59.604713 -225.060586 -1236.628434 0.777220 0.201805 -0.595989 0.600234 -0.521992 0.606006 0.188807 0.828733 0.526833
36.593397 -85.844696 7568.563094 -9744.351901 -0.705284 -0.313243 0.635966 -0.428057 0.903260 -0.029816 -0.565103 -0.293258 -0.771141
59.031259 -90.618077 17071.787127 -10226.113744 -0.664620 -0.455454 0.592319 -0.499645 0.860333 0.100905 -0.555549 -0.228886 -0.799360
23.783722 -95.676464 3434.122838 -5896.062927 -0.728886 -0.326165 0.601948 -0.313074 0.940703 0.130624 -0.608859 -0.093244 -0.787779
77.388844 -68.594966 16990.817382 -9059.236821 -0.657073 -0.418187 0.627196 -0.579434 0.812394 -0.065367 -0.482195 -0.406369 -0.776113
114.411729 -55.099710 -26442.810484 -5936.572469 -0.712673 -0.679465 -0.174426 -0.672475 0.732513 -0.105840 0.199684 0.041868 -0.978965
119.728860 -54.163381 -21183.889605 834.876792 -0.735996 -0.676935 -0.008274 -0.671438 0.731471 -0.118830 0.086493 -0.081903 -0.992880
104.201956 -58.141233 -27593.423742 3727.382318 -0.690530 -0.684481 -0.233781 -0.679495 0.724664 -0.114669 0.247902 0.079671 -0.965504
109.950117 -56.678004 15104.753779 6985.119391 0.761073 0.646504 -0.052918 -0.644677 0.744837 -0.172072 0.071829 -0.165074 -0.983662
88.438104 -63.355583 -24010.863860 6520.709799 -0.714809 -0.666241 -0.212535 -0.629469 0.745378 -0.219501 0.304660 -0.023117 -0.952181
8.070530 -157.749845 -2906.912761 5997.351790 0.904944 0.396611 0.154193 -0.373789 0.914062 -0.157391 -0.203365 0.084795 0.975424
2.355269 -146.955152 -4349.877970 3978.798830 0.891926 0.404529 0.202052 -0.405673 0.913243 -0.037630 -0.199745 -0.048404 0.978652
7.164539 -132.694692 -3698.436481 9258.255724 0.875732 0.449266 0.176789 -0.367485 0.857762 -0.359442 -0.313128 0.249808 0.916268
3.534725 -162.862788 -2817.465205 322.046135 0.916322 0.369655 0.153977 0.393644 -0.902063 -0.176993 -0.073471 -0.222795 0.972093
10.691512 -142.108002 -2505.919836 -10017.104808 0.886756 0.445913 0.121760 0.330731 -0.796090 0.506812 -0.322926 0.409148 0.853414
11.592945 -160.596835 595.165687 -8418.943189 0.920120 0.379943 0.094987 0.348829 -0.905335 0.242255 -0.178038 0.189769 0.965552
8.500495 -165.454055 -980.930565 -2590.243109 0.926633 0.355057 0.123635 0.367788 -0.924278 -0.102186 -0.077991 -0.140160 0.987052
1.741375 -13.778597 -2129.871256 381.063776 0.961465 -0.258970 -0.092304 0.148755 0.772371 -0.617507 -0.231209 -0.579981 -0.781130
-3.774783 -16.307455 -2720.705215 313.314788 0.970371 -0.193644 -0.144510 0.064097 0.782958 -0.618764 -0.232965 -0.591168 -0.772171
1.275537 -14.613845 -2392.248714 888.677775 0.968917 -0.210833 -0.129417 0.085869 0.777239 -0.623319 -0.232004 -0.592831 -0.771184
5.546498 -110.460170 364.414321 641.318545 -0.302719 0.776717 -0.552334 -0.433467 -0.628321 -0.646002 0.848803 -0.043861 -0.526886
8.924793 -106.012989 -251.087104 -331.691893 -0.269228 0.783025 -0.560703 -0.281819 -0.620769 -0.731590 0.920920 0.038948 -0.387800
5.718454 -115.352834 66.566579 1446.381246 -0.285601 0.785992 -0.548315 -0.211359 -0.609717 -0.763919 0.934751 0.102285 -0.340262
4.051802 -116.632465 2220.159913 2286.900829 -0.329379 0.784836 -0.524921 -0.249813 -0.608570 -0.753151 0.910551 0.116940 -0.396512
0.194185 -60.742788 -309.223713 6706.173288 0.847924 0.490390 0.201350 0.127139 -0.556856 0.820821 -0.514646 0.670395 0.534519
0.893150 -64.960867 1171.258241 4635.574376 0.853951 0.487331 0.182418 0.125965 -0.533740 0.836214 -0.504877 0.691108 0.517174
-0.760737 -78.611187 1823.441107 4938.361968 0.862560 0.479588 0.161202 0.044839 -0.389814 0.919801 -0.503964 0.786156 0.357742
-1.359389 -75.334125 1350.563374 7821.690192 0.862914 0.482454 0.150393 0.108403 -0.467391 0.877379 -0.493588 0.740800 0.455617
4.831615 -38.901358 4209.068940 -2254.974643 0.694477 0.273708 -0.665422 0.280817 0.748368 0.600905 0.662453 -0.604176 0.442862
-4.021204 -38.548811 2743.634695 3622.946603 0.694194 0.214603 -0.687052 -0.359661 -0.723398 -0.589355 0.623489 -0.656233 0.424994
2.561630 -34.314358 2960.284246 957.096606 0.700174 0.235638 -0.673966 -0.344148 -0.715680 -0.607753 0.625554 -0.657478 0.420006
-4.474140 -32.615591 1877.049713 1575.691867 0.693172 0.185084 -0.696603 -0.414234 -0.688620 -0.595157 0.589849 -0.701103 0.400664
10.413206 -35.348054 2578.545700 228.846515 0.734415 0.282194 -0.617253 0.246377 0.736574 0.629887 0.632403 -0.614675 0.471425
79.680649 -23.333606 -15352.233362 8143.515537 -0.228642 -0.477104 0.848584 -0.005407 0.872283 0.488971 -0.973495 0.107211 -0.202021
106.515148 -21.079581 -27509.759525 9141.689530 -0.108924 -0.599068 0.793254 0.018157 0.796670 0.604141 -0.993884 0.080209 -0.075899
61.458750 -32.602268 -8368.145150 24136.742718 -0.190393 -0.399784 0.896617 0.094238 0.901663 0.422045 -0.977174 0.164850 -0.133996
45.279487 -52.464903 -1309.057651 24092.454468 -0.285523 -0.180594 0.941203 0.085742 0.973333 0.212770 -0.954529 0.141451 -0.262424
10.658105 -99.893351 1365.474483 179.418710 -0.747620 -0.314193 0.585104 -0.156395 0.939527 0.304679 -0.645449 0.136277 -0.751548
28.791943 -101.101699 11156.195757 -6407.284865 -0.684358 -0.425701 0.591974 -0.332520 0.904745 0.266207 -0.648910 -0.014663 -0.760724
18.196413 -106.549006 8586.217694 -2151.588143 -0.695512 -0.481774 0.533063 -0.228595 0.851717 0.471510 -0.681181 0.206086 -0.702511
3.309505 -103.112504 2120.435506 4754.873829 -0.735509 -0.372678 0.565807 -0.048870 0.862129 0.504327 -0.675750 0.343285 -0.652316
0.334486 -188.594184 958.506591 2726.391560 -0.433475 0.841746 -0.321812 0.567676 0.532403 0.627926 -0.699888 -0.089505 0.708622
-1.512896 -178.437714 1449.356938 -7479.481120 -0.423374 0.838893 -0.342070 0.325930 0.493339 0.806465 -0.845295 -0.229946 0.482288
-2.790451 -191.983005 849.586122 5554.315555 -0.431434 0.837034 -0.336511 0.496245 0.531700 0.686321 -0.753396 -0.129110 0.644767
-1.549558 -183.811871 1634.318638 16563.398114 -0.432174 0.834343 -0.342195 0.734117 0.545886 0.403833 -0.523735 0.076685 0.848423
0.600656 -175.188110 770.664987 15485.335837 -0.436920 0.841653 -0.317367 0.791759 0.527291 0.308352 -0.426870 0.116553 0.896770
1.108174 -182.802069 103.006981 6059.789141 -0.436873 0.843742 -0.311835 0.686274 0.536749 0.490845 -0.581524 -0.000433 0.813529
-8.895780 -143.416677 -995.498416 -15303.895105 -0.473681 0.788618 -0.392057 -0.440419 0.173393 0.880889 -0.762665 -0.589930 -0.265190
-9.627474 -117.547481 371.141035 -3801.777145 -0.431899 0.781913 -0.449528 -0.644645 0.080958 0.760184 -0.630790 -0.618108 -0.469090
-10.425350 -154.901368 1267.581964 -17870.225383 -0.448723 0.791073 -0.415754 -0.517234 0.149488 0.842687 -0.728777 -0.593175 -0.342091
14.765345 -22.543542 -6153.940790 94.244106 0.513554 0.842207 -0.164164 0.847891 -0.527458 -0.053552 0.131692 0.111691 0.984978
27.705003 -24.264543 9001.277972 2598.266250 -0.603783 -0.777626 0.175339 0.788697 -0.614696 -0.010275 0.115771 0.132086 0.984454
38.536665 -24.046602 -11435.516759 1750.189951 0.652472 0.730397 -0.201991 0.742616 -0.669368 -0.021627 0.151002 0.135891 0.979149
50.402019 -18.985194 -13229.664063 165.542313 0.691992 0.672146 -0.263375 -0.693465 0.720307 0.016246 0.200631 0.171399 0.964557
25.334433 -21.215292 -9566.235591 -1122.185800 0.641137 0.741849 -0.196476 0.746191 -0.662430 -0.066228 0.179282 0.104148 0.978269
68.814706 -24.912630 -15020.131417 -3678.924157 0.698402 0.644992 -0.310193 -0.679790 0.733385 -0.005608 0.223874 0.214783 0.950657
-88.476373 -20537.265225 19839.963186 14342271.653513 -0.137599 0.792740 -0.593826 0.720576 -0.331227 -0.609147 0.679586 0.511714 0.525653
-69.076172 -4288.023890 8028.847850 -3953708.024666 -0.131160 0.756894 -0.640241 0.682181 -0.399694 -0.612269 0.719323 0.517066 0.463915
-0.113285 -4248.645247 22030.406367 -2255270.056450 -0.332175 0.715475 -0.614618 0.813630 0.546986 0.197011 -0.477144 0.434629 0.763827
28.975603 -2828.349196 16868.147533 -755372.320292 -0.400970 0.635539 -0.659783 -0.423826 0.509806 0.748645 -0.812154 -0.579817 -0.064942
-253.457255 -2105.773181 -173834.215290 5485728.125334 0.261464 -0.610944 0.747251 -0.314986 0.677790 0.664368 -0.912371 -0.409082 -0.015221
-739.595590 -9217.975472 173894.727287 749309.201716 -0.409133 0.717019 -0.564353 0.600847 0.677169 0.424765 -0.686727 0.165305 0.707871
-2177.811107 -2677.509597 95762.296719 -929838.748322 0.980127 0.159964 -0.117310 0.197370 -0.845659 0.495890 0.019880 0.509188 0.860425
-580.535602 -2999.270751 174153.920634 -349444.868051 -0.287261 0.842319 -0.456048 -0.035394 0.466456 0.883836 -0.957198 -0.270033 0.104182
-724.810472 -9712.613758 175549.849966 5401648.530764 -0.386179 0.819022 -0.424345 0.441041 0.567988 0.694891 -0.810154 -0.081199 0.580567
-1159.574407 -12453.423962 -356471.014410 -11138331.219775 0.058114 -0.914397 0.400625 0.931224 -0.094974 -0.351854 0.359783 0.393520 0.845990
-11.334695 -30.701031 -1098.020942 -2976.078225 0.955292 0.070709 -0.287085 -0.060332 0.997170 0.044847 0.289443 -0.025521 0.956855
-5.011317 -24.946896 527.341891 -3988.117004 0.948939 0.106911 -0.296791 -0.070696 0.988963 0.130209 0.307436 -0.102578 0.946024
-7.368473 -33.127246 1322.984895 -2212.709450 0.948543 -0.020735 -0.315968 0.019357 0.999785 -0.007497 0.316056 0.000995 0.948740
-6.099807 -21.469875 -1761.437643 -3221.331884 0.918664 0.309603 -0.245361 -0.266693 0.944267 0.192965 0.291429 -0.111834 0.950033
-7.834026 -28.009145 -1490.885912 -3047.542264 0.932186 0.259051 -0.252829 -0.238649 0.964988 0.108832 0.272170 -0.041114 0.961370
10.473732 -45.376098 -5252.034353 -2071.414610 -0.531341 0.586804 -0.611013 0.782185 0.616829 -0.087804 0.325367 -0.524579 -0.786736
10.494297 -51.548953 -4737.318183 -3161.779319 -0.501922 0.619835 -0.603224 0.766450 0.641932 0.021872 0.400786 -0.451362 -0.797272
15.738741 -50.788687 -3151.219975 -2850.506360 -0.499689 0.652416 -0.569794 0.796414 0.604722 -0.006017 0.340641 -0.456798 -0.821766
9.281010 -39.283224 -4579.523986 2998.540510 0.387488 -0.741438 0.547835 0.879312 0.118771 -0.461199 0.276883 0.660426 0.697977
1.745535 -31.245834 -3319.827776 1995.022597 0.315766 -0.751343 0.579461 0.878157 0.000124 -0.478373 0.359351 0.659912 0.659836
11.360818 -33.810743 -4004.748315 692.361819 0.447103 -0.755851 0.478319 0.824229 0.140400 -0.548574 0.347484 0.639514 0.685768
-18.564586 -42.335526 -1183.081853 1483.068170 -0.089006 0.472221 -0.876975 0.839585 -0.438142 -0.321136 -0.535887 -0.764878 -0.357472
-20.850891 -43.005726 972.117601 988.962162 -0.059440 0.442159 -0.894965 0.843422 -0.457318 -0.281956 -0.533953 -0.771593 -0.345744
-19.094818 -43.154590 -613.546633 1466.266682 -0.112810 0.464342 -0.878442 0.782244 -0.503631 -0.366674 -0.612673 -0.728521 -0.306414
-21.490657 -44.026907 516.498215 802.264242 -0.044329 0.410329 -0.910860 0.820764 -0.504839 -0.267367 -0.569545 -0.759453 -0.314404
-1.814525 -35.007455 -1007.481389 758.726215 0.580428 0.217549 -0.784714 0.493064 0.673028 0.551290 -0.648067 0.706898 -0.283379
-0.464344 -36.729490 -399.487400 534.609626 -0.584283 -0.200593 0.786369 0.438275 0.737527 0.513779 -0.683029 0.644838 -0.343009
1.760720 -34.646285 -484.367477 276.105940 0.572419 0.200336 -0.795111 0.517914 0.663436 0.540017 -0.635690 0.720915 -0.276006
-0.119275 -34.850645 -1473.698486 -332.750788 0.572421 0.217174 -0.790677 0.534508 0.632417 0.560669 -0.621800 0.743562 -0.245927
-3.609127 -71.420930 -893.385905 -2584.633418 0.931724 0.349784 0.097676 0.269946 -0.487127 -0.830564 0.242937 -0.800224 0.548291
-3.804190 -77.459466 141.935420 -1673.201301 0.933081 0.352284 0.072494 0.205290 -0.356151 -0.911599 0.295323 -0.865478 0.404638
-3.846998 -73.148566 235.254470 2346.784078 0.917543 0.387174 0.090616 0.278460 -0.462959 -0.841504 0.283857 -0.797349 0.532597
-3.006725 -71.420248 -550.282341 1667.805385 0.914570 0.388672 0.111783 0.330699 -0.559601 -0.759925 0.232808 -0.731971 0.640328
-3.131374 -77.992508 -1075.607909 446.179619 0.922825 0.364645 0.124211 0.325307 -0.564975 -0.758274 0.206325 -0.740161 0.639994
-18.266587 -939.272211 -2131.559544 -271946.634525 0.412713 0.239452 0.878824 -0.219756 0.962502 -0.159051 -0.883955 -0.127484 0.449858
-32.516502 -257.439840 1798.112705 -65077.762890 0.354705 0.223813 0.907795 -0.271382 0.953773 -0.129111 -0.894727 -0.200563 0.399046
-25.031023 -208.505987 1808.423175 -62413.843524 0.391520 0.271237 0.879285 -0.446611 0.891483 -0.076137 -0.804519 -0.362889 0.470171
-22.456460 -382.450013 1614.581269 -104844.773640 0.484766 0.105791 0.868222 -0.246618 0.968914 0.019637 -0.839155 -0.223638 0.495787
-29.069392 -531.076211 7492.495914 -147483.838336 0.420036 -0.009060 0.907462 0.250070 0.962392 -0.106142 -0.872373 0.271513 0.406505
-8.058551 -93.158569 -2699.255801 -17596.493888 0.605340 0.408854 -0.682936 0.586222 0.351387 0.729980 -0.538430 0.842238 0.026971
-13.728186 -73.272731 -892.952449 -13677.008639 -0.482174 -0.331050 0.811119 0.683129 0.437583 0.584684 -0.548491 0.836019 0.015159
1.252263 -111.041610 -369.906963 -19731.990841 -0.526536 -0.347696 0.775801 0.730413 0.281950 0.622095 -0.435037 0.894210 0.105505
-2.366642 -59.498529 -1940.321081 -419.313746 0.719428 0.028758 -0.693971 -0.350419 0.877691 -0.326902 0.599691 0.478363 0.641513
-3.751349 -51.329468 1785.311122 -4683.898702 0.673192 0.031336 -0.738803 -0.377554 0.873626 -0.306970 0.635819 0.485588 0.599949
1.045514 -57.496818 997.322771 987.029086 0.674275 0.051823 -0.736660 -0.366628 0.889410 -0.273010 0.641044 0.454164 0.618706
-7.757487 -64.725082 -3937.107073 2820.146118 0.720789 0.062271 -0.690352 -0.376008 0.871812 -0.313947 0.582308 0.485867 0.651806
-4.791002 -57.103473 -2801.511578 -5256.290876 0.732282 -0.002461 -0.680997 -0.357460 0.849767 -0.387451 0.579642 0.527152 0.621390
-3.640195 -49.253728 -2591.893163 -1662.561472 0.763374 -0.021053 -0.645614 0.399592 -0.769895 0.497582 0.507531 0.637823 0.579305
-3.949554 -63.260652 -4304.699365 3481.654060 0.736822 0.064854 -0.672969 -0.317334 0.912105 -0.259544 0.596986 0.404793 0.692640
2.086810 -38.841177 -1947.018211 1281.729336 0.366091 -0.074822 -0.927566 0.890266 -0.262041 0.372506 -0.270932 -0.962152 -0.029319
6.992506 -39.044035 -1756.438637 4249.139588 0.438822 -0.100930 -0.892888 0.836888 -0.315912 0.447010 -0.327190 -0.943405 -0.054162
2.640927 -39.881275 -2370.351673 4789.661701 0.367889 -0.080766 -0.926356 0.877349 -0.299920 0.374575 -0.308086 -0.950539 -0.039477
-5.024575 -41.197183 -3482.975890 1899.117084 0.303543 -0.072411 -0.950062 0.913993 -0.259605 0.311805 -0.269219 -0.962996 -0.012618
13.092608 -22.642069 375.376493 -80.261243 -0.429878 0.678824 -0.595318 0.900268 0.372445 -0.225394 0.068721 -0.632837 -0.771229
8.608116 -21.244097 1010.776650 102.549026 -0.413081 0.696059 -0.587253 0.903930 0.391829 -0.171408 0.110793 -0.601641 -0.791046
10.528804 -23.220452 3300.319051 -561.121354 -0.328676 0.749822 -0.574229 0.942753 0.296830 -0.152015 0.056465 -0.591320 -0.804458
10.499051 -21.767006 -2913.434365 312.679501 -0.508968 0.605110 -0.612204 0.851981 0.455596 -0.257995 0.122802 -0.652898 -0.747425
17.210350 -22.633867 -4523.881062 -34.127316 -0.497543 0.605126 -0.621509 0.865312 0.396389 -0.306777 0.060721 -0.690434 -0.720843
31.357914 -58.340131 11681.760579 3521.786931 0.984354 0.176088 -0.006315 0.135439 -0.733224 0.666363 -0.112708 0.656792 0.745601
24.593021 -66.848407 7233.750634 10122.595001 0.971824 0.230032 -0.051415 0.190374 -0.637395 0.746649 -0.138981 0.735399 0.663228
16.171719 -64.568556 8267.687971 3998.650121 0.976824 0.199639 -0.077192 0.198711 -0.711800 0.673687 -0.079549 0.673413 0.734974
36.043361 -69.882111 10912.460051 -7629.732873 0.985518 0.169370 0.008227 0.127624 -0.772807 0.621676 -0.111651 0.611624 0.783231
12.902869 -66.565119 6966.055444 -2989.523359 0.982425 0.174564 -0.066089 0.178159 -0.771352 0.610962 -0.055674 0.611999 0.788896
6.022913 -65.983479 4567.010606 4271.764180 0.971758 0.217665 -0.091148 0.217823 -0.678802 0.701271 -0.090771 0.701320 0.707043
13.458467 -16.437436 1835.391953 569.388512 0.941577 0.276068 -0.192924 0.243292 -0.161411 0.956428 -0.232899 0.947488 0.219146
14.074177 -17.490723 688.594480 258.423755 0.959152 0.260884 -0.109397 0.149409 -0.138788 0.978987 -0.240219 0.955341 0.172097
3.123259 -14.311462 2282.412138 316.215412 0.978807 0.204037 -0.017469 0.060875 -0.208454 0.976136 -0.195527 0.956512 0.216457
35.785202 -41.626582 3722.821962 -1555.714527 0.947915 0.263221 0.179366 -0.318523 0.784462 0.532130 0.000638 0.561546 -0.827445
38.789398 -44.631557 -1359.264067 -846.080296 0.944461 0.309880 0.109396 -0.305263 0.704017 0.641229 -0.121687 0.639010 -0.759512
38.691597 -41.759787 -5546.020775 -2122.651513 0.932453 0.359770 0.033125 -0.321880 0.785596 0.528424 -0.164088 0.503393 -0.848334
34.208310 -42.816173 6762.258265 -1406.912235 0.953729 0.208700 0.216438 -0.298699 0.739899 0.602767 0.034345 0.639526 -0.768002
38.234133 -39.855572 751.669298 -1189.551247 0.946367 0.293574 0.134922 -0.321889 0.820653 0.472139 -0.027883 0.490247 -0.871137
28.822476 -40.921344 8000.005031 -1052.592370 0.947488 0.195725 0.252900 -0.305724 0.786368 0.536803 0.093807 0.585932 -0.804912
31.675636 -39.525933 6174.423694 -734.909980 0.944957 0.231145 0.231579 -0.314473 0.837047 0.447727 0.090352 0.495908 -0.863662
-0.082926 -35.599515 2371.738747 -111.697105 0.708813 0.012553 -0.705284 0.650587 0.374778 0.660513 -0.272617 0.927029 -0.257481
-1.398313 -36.244609 507.617763 -213.813222 0.698965 0.030590 -0.714502 0.650785 0.387043 0.653204 -0.296524 0.921554 -0.250622
0.246567 -33.713181 1778.530326 -3338.854285 0.721071 0.021156 -0.692538 0.645584 0.342375 0.682642 -0.251550 0.939325 -0.233218
0.668422 -33.486813 2027.885544 -3390.863438 0.709665 0.013195 -0.704416 0.660356 0.336039 0.671572 -0.245572 0.941756 -0.229761
-13.090065 -49.697299 1271.265175 -186.137363 0.859953 -0.116423 -0.496917 -0.506059 -0.320831 -0.800607 0.066217 -0.939954 0.334817
-13.406773 -52.199334 -861.691795 -1028.345244 0.870456 -0.156527 -0.466697 -0.492228 -0.268538 -0.828009 -0.004279 -0.950467 0.310797
-11.512228 -53.485707 694.933145 -2963.010194 0.834356 -0.132066 -0.535171 -0.550948 -0.230603 -0.802047 0.017489 -0.964044 0.265167
-7.987038 -50.706681 2584.047457 -570.361560 0.825120 -0.120719 -0.551910 -0.563252 -0.251640 -0.787035 0.043872 -0.960263 0.275628
2.807276 -68.785368 -970.989505 1200.763888 0.865742 0.225005 -0.447060 0.475711 -0.092363 0.874739 -0.155529 0.969970 0.187000
0.670677 -64.532664 -915.637009 -2959.654556 0.866405 0.223692 -0.446435 0.447554 0.048612 0.892935 -0.221444 0.973447 0.057997
1.973303 -61.406731 -954.652085 -5083.021691 0.865221 0.230927 -0.445045 0.426832 0.126482 0.895442 -0.263072 0.964715 -0.010868
1.551659 -72.725936 -945.691439 1051.913013 0.866081 0.217793 -0.449966 0.491524 -0.206894 0.845931 -0.091143 0.953814 0.286237
2.001874 -69.188670 495.328546 424.940966 0.868515 0.204430 -0.451542 0.479659 -0.117018 0.869617 -0.124937 0.971862 0.199689
2.543711 -71.833998 -22.595157 394.133659 0.865153 0.204377 -0.457974 0.497654 -0.236870 0.834406 -0.062053 0.949801 0.306638
-24.408470 -80.614684 906.522947 -10097.807206 0.976616 0.212782 -0.030743 0.108155 -0.362670 0.925620 -0.185806 0.907300 0.377203
-20.176513 -75.370677 -1758.225642 -11740.942129 0.966069 0.230388 0.116758 -0.021221 -0.379722 0.924857 -0.257412 0.895953 0.361948
-25.521273 -92.453034 -1967.335937 -8304.109613 0.969331 0.226711 0.094872 0.039032 -0.523150 0.851346 -0.242641 0.821533 0.515955
-16.454790 -67.780475 -2457.971297 -13302.569897 0.956841 0.256679 0.136275 -0.071176 -0.247659 0.966229 -0.281761 0.934227 0.218700
-35.130072 -109.253279 -2347.599358 -13690.419043 0.965106 0.260660 -0.025027 0.161591 -0.517624 0.840210 -0.206054 0.814937 0.541683
-26.053553 -93.295777 4153.984159 -11994.116880 0.956446 0.233639 -0.174997 0.261167 -0.417107 0.870525 -0.130396 0.878313 0.459959
-17.084541 -70.637961 4686.979865 -7176.127763 0.929552 0.263813 -0.257557 0.327952 -0.272439 0.904557 -0.168465 0.925300 0.339765
-15.508325 -55.599821 -232.861057 -5898.186457 0.963948 0.263154 -0.039432 0.087735 -0.174418 0.980755 -0.251212 0.948856 0.191218
-0.071713 -77.678083 -1619.034082 -7590.823941 0.914862 0.336579 0.223029 -0.298182 0.935639 -0.188856 -0.272240 0.106274 0.956343
-1.005821 -78.903717 -312.859230 -8499.033337 0.914348 0.356707 0.191643 -0.323902 0.928318 -0.182519 -0.243012 0.104812 0.964344
0.436553 -60.221756 -732.657356 -4366.736141 0.912541 0.354686 0.203634 -0.359034 0.933179 -0.016463 -0.195866 -0.058089 0.978909
1.497788 -59.707558 -1283.400832 -4129.051192 0.914894 0.333194 0.227928 -0.341936 0.939722 -0.001206 -0.214591 -0.076834 0.973677
0.300901 -87.603513 -385.988108 -8055.027433 0.963149 0.206510 0.172327 0.264268 -0.845813 -0.463424 -0.050055 -0.491887 0.869219
1.728212 -102.884209 1483.774751 -3550.773723 0.963476 0.216083 0.158183 0.265688 -0.697369 -0.665648 0.033523 -0.683363 0.729309
-0.038307 -103.026563 -1315.168536 -5299.284697 0.966003 0.184863 0.180729 0.258452 -0.707698 -0.657545 -0.006346 -0.681901 0.731417
15.815842 -31.364906 -4709.488914 -1507.121065 -0.864917 0.208652 -0.456489 0.155583 0.976153 0.151394 0.477192 0.059921 -0.876754
14.994448 -22.345170 -1132.492714 -2042.657492 -0.899304 0.164299 -0.405288 0.142219 0.986244 0.084239 0.413554 0.018116 -0.910299
10.754590 -27.186170 -2289.601689 286.748998 -0.821351 0.382814 -0.422891 0.352315 0.923503 0.151708 0.448617 -0.024385 -0.893391
8.521433 -32.660124 -4932.742098 354.807357 -0.809928 0.379371 -0.447318 0.339280 0.925141 0.170303 0.478440 -0.013833 -0.878011
14.888978 -27.548426 -1526.318010 2602.037608 -0.118615 -0.656952 0.744543 0.927097 -0.341780 -0.153874 0.355558 0.672012 0.649599
13.191001 -29.112409 -1090.296261 2209.130380 -0.225311 -0.584372 0.779580 0.912483 -0.407018 -0.041378 0.341483 0.702030 0.624935
9.571578 -24.170349 -861.758418 2399.090669 -0.167846 -0.629681 0.758504 0.906302 -0.401295 -0.132588 0.387872 0.665179 0.638037
13.803052 -25.024671 -2435.419537 2560.243721 -0.027263 -0.701123 0.712519 0.915500 -0.303726 -0.263838 0.401394 0.645118 0.650158
-6.159851 -50.468051 835.734836 -1716.519931 0.931834 -0.024320 -0.362069 0.109810 0.969871 0.217466 0.345872 -0.242400 0.906430
-5.749267 -56.773269 1352.627873 -3000.593431 0.932046 -0.017378 -0.361924 0.061606 0.991906 0.111025 0.357065 -0.125777 0.925572
-8.840898 -54.530839 1342.315396 -2751.523256 0.936172 -0.037515 -0.349536 0.091540 0.986003 0.139348 0.339416 -0.162450 0.926502
-8.896583 -48.721024 556.649278 -2166.331461 0.938682 -0.036047 -0.342894 0.136553 0.952063 0.273732 0.316590 -0.303770 0.898607
-7.406891 -91.294102 -1526.566381 -213.211612 0.700673 -0.665601 -0.256966 0.549709 0.274017 0.789135 0.454837 0.694183 -0.557884
-9.794982 -90.949165 -707.902012 -829.398270 0.699274 -0.677322 -0.228585 0.528662 0.274751 0.803137 0.481178 0.682457 -0.550200
-9.525756 -87.819441 -826.499102 -1156.846143 0.695479 -0.679173 -0.234591 0.607716 0.381777 0.696367 0.383392 0.626874 -0.678262
-5.849574 -88.207661 -1912.415083 -829.993827 0.694952 -0.662738 -0.278963 0.629978 0.374140 0.680549 0.346654 0.648690 -0.677519
-4.215123 -91.255222 -2151.900568 -296.926819 0.695096 -0.661975 -0.280411 0.570314 0.270266 0.775692 0.437704 0.699103 -0.565395
-0.390781 -72.400358 -1098.790947 -5989.003355 0.909354 0.354028 0.218495 -0.365325 0.930799 0.012268 -0.199032 -0.090978 0.975761
2.590719 -74.541485 -1126.451205 -5634.673970 0.907383 0.365207 0.208039 -0.376122 0.926463 0.014112 -0.187587 -0.091053 0.978019
-0.537113 -64.251422 -1125.729306 -1155.013731 0.933476 0.291557 0.208846 0.328486 -0.928788 -0.171607 -0.143940 -0.228794 0.962774
4.334908 -77.685969 320.263661 -2205.762031 -0.669812 0.740386 0.056399 0.443796 0.460073 -0.769011 0.595312 0.490063 0.636743
5.978030 -81.838327 -231.307334 -2189.213811 -0.674943 0.731384 0.097616 0.417764 0.487826 -0.766485 0.608215 0.476553 0.634801
7.910536 -72.117076 629.694091 -1523.549191 -0.633805 0.773451 0.008038 0.589782 0.489968 -0.641941 0.500449 0.402125 0.766712
6.575152 -64.567633 862.019275 -773.757148 -0.577873 0.813919 -0.059998 0.673459 0.434038 -0.598385 0.460995 0.386196 0.798959
4.779106 -69.804892 552.741682 -1973.228493 -0.638494 0.769603 0.006023 0.530399 0.445684 -0.721140 0.557676 0.457249 0.692763
14.203819 -67.082127 1478.359309 229.220093 -0.533635 0.840443 -0.094284 0.770901 0.437552 -0.462881 0.347772 0.319693 0.881392
12.193640 -72.872803 542.002978 -1390.659689 -0.606725 0.794912 0.000600 0.679489 0.519019 -0.518569 0.412528 0.314221 0.855036
4.192955 -184.409515 1135.607391 -1599.612584 -0.670604 0.740254 0.048107 -0.306603 -0.217535 -0.926646 0.675488 0.636163 -0.372844
2.070200 -177.399905 965.139155 8065.075418 -0.662797 0.746868 0.053743 -0.485502 -0.373989 -0.790203 0.570078 0.549836 -0.610485
0.692768 -186.826087 1158.723465 -2986.576807 -0.642351 0.761928 0.082768 -0.541618 -0.374883 -0.752404 0.542250 0.528136 -0.653481
3.735123 -192.347418 -1351.889274 1853.383516 -0.626740 0.777822 0.046795 -0.356733 -0.233015 -0.904680 0.692776 0.583693 -0.423515
2.387151 -194.008669 -1460.839569 3260.567170 -0.607059 0.792690 0.055875 -0.596312 -0.407934 -0.691377 0.525254 0.453026 -0.720330
10.733065 -123.915255 1686.546552 -14947.805805 -0.481382 0.847148 0.224969 0.843965 0.378689 0.379892 0.236631 0.372739 -0.897257
13.149672 -114.550841 2057.424253 -12992.152629 -0.437942 0.868910 0.230656 0.896521 0.403062 0.183823 0.066757 0.287292 -0.955514
14.018840 -132.029386 2282.805674 -17058.441768 -0.464760 0.858427 0.217028 0.854582 0.370739 0.363652 0.231708 0.354478 -0.905901
14.442416 -150.217608 3521.366217 -19258.402722 -0.479485 0.851942 0.210449 0.837697 0.372905 0.399005 0.261452 0.367610 -0.892472
-25.185028 -41.305503 941.977876 1210.703736 0.982277 0.159775 0.097998 -0.183083 0.705893 0.684248 -0.040150 0.690063 -0.722635
-25.680684 -41.695350 -809.336389 1385.934230 0.985086 0.169508 0.029553 -0.139954 0.689425 0.710708 -0.100096 0.704245 -0.702866
-22.392745 -40.519432 1970.487075 -117.887457 0.979570 0.160738 0.120857 -0.197660 0.658786 0.725901 -0.037061 0.734959 -0.677098
-21.134459 -41.516354 3756.566451 -24.746127 0.971432 0.146189 0.186946 -0.234671 0.709058 0.664955 0.035346 0.689830 -0.723108
-13.950828 -41.871338 4848.460495 -740.705428 0.969651 0.132938 0.205195 -0.241159 0.658200 0.713173 0.040251 0.741013 -0.670283
24.945381 -35.334174 -3040.072116 500.716223 -0.144971 0.869293 -0.472560 0.859662 -0.125796 -0.495133 0.489862 0.478022 0.729061
25.318566 -32.134519 -2871.869761 1005.329067 0.153011 -0.811316 0.564229 0.874543 -0.154701 -0.459611 0.460177 0.563768 0.685859
23.884683 -30.427768 1149.710788 445.643794 -0.266076 0.835159 -0.481366 0.786165 -0.100959 -0.609715 0.557807 0.540663 0.629710
29.213139 -38.482163 -1560.919601 1330.107815 0.082987 -0.822377 0.562858 0.926550 -0.144275 -0.347405 0.366904 0.550346 0.750001
17.826261 -37.549342 -6636.731997 -167.648895 -0.195456 0.904871 -0.378161 0.779023 -0.090986 -0.620359 0.595752 0.415849 0.687131
14.317267 -38.887482 -7066.437820 -521.616313 -0.176687 0.910837 -0.373038 0.835000 -0.061948 -0.546751 0.521110 0.408090 0.749604
22.099141 -41.202501 4267.842084 1643.131630 0.112265 -0.894744 0.432238 0.901764 -0.090979 -0.422545 0.417395 0.437213 0.796634
258.240300 -853.442898 27709.535609 -269065.543180 0.084476 -0.602892 0.793338 0.169965 0.793234 0.584715 -0.981823 0.085446 0.169480
76.789646 -2117.558946 -5680.466601 863340.783523 0.276949 -0.647086 0.710337 0.863739 0.491556 0.111029 -0.421016 0.582796 0.695050
399.430649 -1942.645211 -109465.452050 -848071.964848 -0.334818 0.834117 -0.438345 0.557804 0.550379 0.621239 -0.759442 0.036509 0.649550
90.928402 -3181.107337 -162621.360631 -1255902.097326 -0.368867 -0.226640 0.901428 0.546590 0.731514 0.407586 -0.751782 0.643056 -0.145952
85.941124 -637.497388 -6496.694118 -225976.195655 -0.303154 0.772342 -0.558198 -0.056759 0.570089 0.819620 -0.951250 -0.280154 0.128987
24.641557 -28.214575 9081.144612 3274.923130 0.618882 0.421901 -0.662559 0.493200 0.447777 0.745821 -0.611342 0.788350 -0.069039
33.807698 -37.516619 7940.994165 4795.749564 0.629380 0.538781 -0.559996 0.395430 0.398305 0.827640 -0.668966 0.742340 -0.037635
19.442060 -38.287130 6268.720726 4313.511793 0.662350 0.523658 -0.535795 0.334560 0.433155 0.836927 -0.670345 0.733593 -0.111705
4.648012 -30.236788 7121.366179 2921.849705 0.649185 0.426149 -0.630044 0.422660 0.486562 0.764602 -0.632390 0.762663 -0.135752
-12.888340 -28.642576 -93.175105 -604.689489 0.736290 0.676666 0.000500 -0.647957 0.705264 -0.287670 0.195009 -0.211484 -0.957730
-13.009763 -30.085047 736.484017 659.689078 0.683981 0.728679 -0.034601 0.711438 -0.655806 0.252534 0.161325 -0.197345 -0.966969
-14.501318 -30.292276 437.424590 -103.151538 0.705109 0.709030 0.009885 -0.693041 0.692024 -0.201980 0.150051 -0.135567 -0.979340
0.037297 -47.360788 1734.091202 -4147.910986 0.916313 -0.044604 -0.397972 -0.027233 0.984537 -0.173046 0.399536 0.169402 0.900929
0.220630 -43.763788 -223.352605 -6170.451356 0.928350 -0.089692 -0.360723 0.013146 0.977767 -0.209282 0.371474 0.189545 0.908889
-1.670945 -44.651830 -19.297759 -1705.426729 0.927301 -0.041667 -0.371990 -0.079261 0.949393 -0.303927 0.365829 0.311316 0.877070
-2.648414 -45.646303 -282.643911 -3336.114360 0.924388 0.010490 -0.381309 0.185337 -0.886051 0.424928 0.333401 0.463469 0.820999
-1.614937 -49.217133 -479.543588 -2715.301038 0.924003 0.039275 -0.380363 0.201205 -0.895810 0.396284 0.325169 0.442699 0.835633
-6.666962 -73.225429 -781.452395 -492.743550 0.889447 0.456794 0.014940 -0.207009 0.373504 0.904235 -0.407469 0.807362 -0.426773
-5.456116 -78.298927 -1580.198319 1083.066899 0.888794 0.458158 -0.011681 -0.225732 0.459800 0.858853 -0.398862 0.760707 -0.512088
-4.167716 -73.852117 -752.733088 -1966.322712 0.886556 0.462585 0.005803 -0.191383 0.355312 0.914946 -0.421179 0.812261 -0.403535
-6.739843 -72.752237 -767.841445 -1369.295830 0.886019 0.460424 0.054595 -0.174346 0.221743 0.959392 -0.429621 0.859558 -0.276742
-4.208980 -74.098195 -1650.402535 117.668962 0.877047 0.478926 0.037667 -0.139071 0.178062 0.974142 -0.459835 0.859607 -0.222774
-2.731831 -79.830254 -639.150576 64.253773 0.874299 0.485030 0.018632 -0.160981 0.253539 0.953836 -0.457915 0.836937 -0.299750
7.645705 -45.753002 -399.284788 2772.741816 0.848699 0.475912 -0.230689 -0.527205 0.795938 -0.297553 -0.042005 -0.374154 -0.926415
6.998493 -40.845363 -1072.505370 2122.022339 0.811566 0.519714 -0.266941 -0.574032 0.794389 -0.198580 -0.108851 -0.314393 -0.943031
5.836154 -43.911938 -435.269000 3915.033124 0.843738 0.476641 -0.246821 -0.533267 0.796714 -0.284381 -0.061098 -0.371564 -0.926395
-84.098797 -220.178480 9775.988830 -131348.914443 0.389133 0.873633 0.292131 -0.044124 -0.299085 0.953206 -0.920124 0.383814 0.077835
122.769915 -5445.903621 -451085.931090 5428740.339738 0.180374 0.236859 0.954653 0.939582 0.245604 -0.238463 -0.290948 0.939988 -0.178248
-104.462848 -329.429576 -19758.731459 -76713.639158 0.585725 -0.447647 0.675676 0.329081 0.893183 0.306478 -0.740697 0.042840 0.670472
25.490001 -221.921119 32995.358154 -56584.548740 -0.259713 0.910125 -0.322835 0.339943 0.399073 0.851575 -0.903874 -0.111419 0.413035
9.451363 -39.708010 -2039.317425 8852.464528 0.100778 0.427675 0.898297 -0.455399 0.822585 -0.340539 -0.884565 -0.374764 0.277661
4.873721 -39.385626 -2026.893130 -8792.407543 0.018957 0.607177 0.794340 -0.458063 0.711472 -0.532903 -0.888718 -0.353756 0.291612
9.137488 -55.656310 -1781.843411 -12408.282623 0.020292 0.641254 0.767061 -0.466920 0.684490 -0.559874 -0.884067 -0.346795 0.313303
14.713731 -52.094409 -529.473619 7910.888436 0.117771 0.495110 0.860811 -0.503173 0.777078 -0.378109 -0.856123 -0.388607 0.340643
17.056243 -74.515722 -2337.951926 20428.549533 0.094112 0.424207 0.900662 -0.524792 0.789918 -0.317210 -0.846012 -0.442807 0.296961
26.515837 -77.301555 8428.072296 -2438.591674 0.902846 0.227399 0.364909 -0.349669 0.882192 0.315388 0.250201 0.412344 -0.875998
19.582367 -81.788714 6296.384905 -4835.807293 0.905218 0.244962 0.347237 -0.387938 0.809894 0.439973 0.173448 0.532978 -0.828161
36.391986 -75.108760 7383.461263 -2749.622183 0.938038 0.215299 0.271535 -0.306870 0.880107 0.362274 0.160982 0.423153 -0.891643
-39.673203 -69.495272 -777.907894 -2158.265322 0.703577 0.377678 -0.601946 0.160113 0.741038 0.652094 0.692346 -0.555178 0.460906
-44.890108 -71.893916 1012.289794 -988.312066 0.776997 0.504563 -0.376420 -0.033551 0.630305 0.775622 0.628609 -0.590027 0.506674
-37.109653 -64.859647 306.121173 -5879.043020 0.605459 0.319107 -0.729102 0.338135 0.726170 0.598616 0.720475 -0.608972 0.331766
62.565901 -76.941998 -3911.798470 -4461.258588 0.839797 0.496956 -0.218576 -0.523830 0.635953 -0.566714 0.142628 -0.590422 -0.794392
66.477375 -75.402572 -4589.245611 -1401.762813 0.844154 0.501482 -0.189524 -0.473610 0.531952 -0.701940 0.251193 -0.682306 -0.686557
-57.349213 -84.047575 -155.757932 -33.304933 0.555180 -0.830207 0.050306 0.822895 0.539485 -0.178324 0.120907 0.140399 0.982685
-58.521189 -82.488608 -1299.093616 -703.541680 -0.529925 0.843708 0.085648 0.834496 0.536773 -0.124462 0.150983 -0.005517 0.988521
-56.652107 -78.630957 -905.728178 3485.631800 -0.559078 0.828592 0.029434 0.776864 0.535918 -0.330567 0.289679 0.161947 0.943324
-53.004220 -80.313745 -2266.691161 3967.237613 0.527538 -0.833164 0.165953 0.828181 0.460853 -0.318952 0.189260 0.305699 0.933129
69.293438 -69.487802 9767.503101 11092.430005 0.957227 -0.237940 0.164622 0.205808 0.160022 -0.965420 -0.203369 -0.958007 -0.202147
55.541989 -52.459767 5847.770360 4514.046786 0.898481 -0.358314 0.253659 0.345866 0.221871 -0.911674 -0.270386 -0.906854 -0.323276
7.635407 -37.372024 -1636.269173 1644.155867 0.400786 -0.075014 -0.913096 0.824914 -0.404071 0.395276 -0.398607 -0.911646 -0.100066
8.223623 -41.287351 -1069.178864 -3228.817144 0.434384 -0.080748 -0.897101 0.737049 -0.540638 0.405549 -0.517754 -0.837371 -0.175329
3.011419 -39.564280 -3301.453614 497.315619 0.332120 -0.067886 -0.940791 0.854900 -0.399775 0.330646 -0.398551 -0.914096 -0.074737
9.995752 -37.120544 -232.506433 -366.322292 0.469855 -0.081173 -0.879003 0.762752 -0.463907 0.450555 -0.444349 -0.882157 -0.156054
21.713977 -52.725070 -2152.738833 -1055.847037 -0.511427 -0.045257 0.858134 -0.224390 0.970999 -0.082521 -0.829513 -0.234760 -0.506751
