12298
24585
-44.782522 -64.323648 292.115996 5917.075324 -0.415577 0.887294 0.200012 0.467854 0.397109 -0.789567 0.780005 0.234550 0.580154
-50.322319 -76.179891 253.619300 5846.463697 -0.534719 0.774275 0.338489 0.457230 0.601963 -0.654661 0.710645 0.195292 0.675903
-39.921375 -87.620015 2747.254693 12384.241233 0.543366 -0.662633 -0.515433 0.315837 0.730228 -0.605817 0.777817 0.166387 0.606066
-45.094167 -65.589759 229.996543 3803.961145 -0.305036 0.947261 -0.098233 0.651487 0.132323 -0.747031 0.694635 0.291869 0.657492
-34.484727 -59.633016 -3669.715049 8020.901713 -0.404714 0.847731 0.342868 0.335709 0.486505 -0.806605 0.850591 0.211341 0.481487
-35.538018 -51.987006 -113.478243 4361.646705 -0.165162 0.936743 -0.308600 0.571255 -0.164207 -0.804179 0.803984 0.309109 0.507998
-53.133686 -66.183529 -3723.054288 4198.570237 -0.136261 0.757309 0.638683 0.924543 -0.134387 0.356595 0.355884 0.639080 -0.681853
-51.480540 -62.677358 260.695279 1188.432426 0.217822 0.514021 0.829660 0.886209 -0.460300 0.052513 0.408885 0.723814 -0.555794
-49.167583 -61.723292 -2088.462684 419.555925 -0.015896 0.728183 0.685198 0.894514 -0.295837 0.335148 0.446756 0.618247 -0.646667
74.532051 -47.952438 6189.648250 -6692.338416 0.494450 -0.628517 -0.600404 0.170555 0.747477 -0.642020 0.852309 0.215045 0.476787
74.022890 -31.374338 -5463.429924 -4626.295084 0.687546 -0.560247 -0.461956 0.166489 0.740858 -0.650700 0.706797 0.370476 0.602649
76.205470 -44.246087 1768.150541 -5176.630377 0.610993 -0.524384 -0.593051 0.025044 0.761575 -0.647593 0.791240 0.380822 0.478450
74.026700 -60.001292 5272.929466 -6480.505181 0.457638 -0.585966 -0.668739 0.015103 0.757134 -0.653085 0.889010 0.288777 0.355343
62.861965 -61.858209 11199.315039 -7169.822616 0.330008 -0.668990 -0.665993 0.169083 0.735999 -0.655528 0.928712 0.103721 0.356000
73.042691 -46.234777 -13150.503858 -5016.758893 -0.373609 0.713140 0.593168 0.279396 0.696294 -0.661145 0.884508 0.081281 0.459390
-13.731549 -25.270092 77.569984 3098.809793 -0.275990 0.696467 0.662392 -0.731084 -0.599509 0.325738 -0.623976 0.394364 -0.674634
-15.663725 -27.852243 1362.960867 -1868.988767 -0.384189 0.575536 0.721913 0.704975 0.687773 -0.173143 -0.596162 0.442411 -0.669973
-18.192084 -31.868167 -1177.274131 1799.756571 -0.088152 0.824587 0.558825 -0.834608 -0.367380 0.410441 -0.543745 0.430218 -0.720592
-12.841419 -26.298433 -1129.573838 3946.446453 -0.096529 0.841385 0.531746 -0.777028 -0.397570 0.488023 -0.622021 0.366073 -0.692156
-14.368230 -36.024450 -1148.545626 3202.695503 0.073425 0.904990 0.419048 -0.832859 -0.175491 0.524927 -0.548593 0.387551 -0.740844
-18.010010 -40.993655 -1315.122875 1641.227608 0.140157 0.903346 0.405366 -0.880296 -0.073725 0.468661 -0.453249 0.422528 -0.784879
9.486966 -51.243406 -843.889617 -1232.531440 -0.124220 0.990985 -0.050177 0.370620 -0.000571 -0.928784 0.920440 0.133970 0.367208
7.211147 -48.646444 -5022.329156 -796.886034 -0.103307 0.994141 0.031809 0.360722 0.067249 -0.930246 0.926934 0.084626 0.365556
16.458659 -47.847179 -1491.906711 -1467.442535 -0.138602 0.990330 -0.006041 0.467522 0.060053 -0.881939 0.873048 0.125063 0.471325
4.406785 -52.396400 -838.921782 -1034.449185 -0.109313 0.989777 -0.091609 0.264138 -0.059924 -0.962622 0.958270 0.129424 0.254887
11.208084 -54.084473 2894.348870 -1747.938757 -0.139538 0.981724 -0.129414 0.383376 -0.066939 -0.921163 0.912991 0.178151 0.367029
0.706524 -65.878510 -302.061753 590.069440 -0.180687 0.924213 -0.336427 -0.586912 0.173162 0.790917 -0.789232 -0.340361 -0.511143
1.043343 -63.414712 -525.455152 1831.342623 -0.193895 0.923682 -0.330478 -0.412500 0.228880 0.881735 -0.890083 -0.307286 -0.336640
-0.526058 -64.696870 -299.406175 104.438292 -0.181040 0.924077 -0.336611 -0.566766 0.181686 0.803596 -0.803742 -0.336263 -0.490842
-0.087501 -63.886013 -15.835638 -875.516904 -0.159359 0.924417 -0.346493 -0.728239 0.126893 0.673473 -0.666538 -0.359654 -0.652975
-0.318367 -64.027345 -21.557065 -355.339372 -0.165402 0.920502 -0.354004 -0.543616 0.214399 0.811489 -0.822875 -0.326664 -0.464938
1.195446 -62.395221 369.168718 -1360.710517 -0.145994 0.922813 -0.356513 -0.713090 0.151622 0.684481 -0.685703 -0.354155 -0.635913
29.461096 -52.638220 -621.506757 -9149.577902 -0.339110 0.940627 0.015013 -0.858652 -0.315998 0.403562 -0.384345 -0.123961 -0.914829
29.321310 -65.643844 3614.628308 -8639.424149 -0.248022 0.960253 0.128058 -0.791859 -0.277104 0.544218 -0.558073 -0.033575 -0.829113
28.191296 -68.556030 -3101.749162 -13419.878544 -0.341217 0.939547 -0.028683 -0.821818 -0.283372 0.494283 -0.456274 -0.192230 -0.868828
25.516969 -53.786048 -6452.568207 -12254.020721 -0.387278 0.911530 -0.138307 -0.872868 -0.314206 0.373331 -0.296846 -0.265307 -0.917330
27.513724 -43.849164 -3519.986395 -1913.631997 -0.382839 0.918439 -0.099521 -0.875939 -0.326656 0.355002 -0.293539 -0.223083 -0.929553
11.312098 -111.713762 -1274.649611 6792.401837 -0.193424 0.947237 -0.255596 0.587488 0.320469 0.743073 -0.785777 0.006431 0.618477
7.217640 -111.339881 -1304.235611 9205.465852 -0.211569 0.956221 -0.202190 0.598971 0.290325 0.746287 -0.772316 -0.036785 0.634173
8.272830 -120.534547 -1282.233470 8395.235251 -0.199893 0.949067 -0.243544 0.431706 0.308443 0.847639 -0.879586 -0.064297 0.471374
9.324346 -102.480207 -1528.402586 5376.040602 -0.200246 0.960639 -0.192546 0.735046 0.277239 0.618745 -0.647772 0.017629 0.761630
12.982877 -117.485582 -1207.695968 3978.228510 -0.171856 0.937431 -0.302801 0.416571 0.347694 0.839987 -0.892712 -0.018219 0.450260
11.918472 -113.163156 -871.289227 892.222648 -0.158179 0.956796 -0.243970 0.721353 0.280696 0.633135 -0.674262 0.075840 0.734587
14.480469 -120.339303 -585.804893 -809.320794 -0.141676 0.943338 -0.300069 0.569465 0.325614 0.754775 -0.809714 0.063945 0.583330
10.759242 -30.974515 -369.037474 10223.185376 0.040617 0.993165 0.109427 -0.896488 -0.012135 0.442903 -0.441203 0.116089 -0.889867
8.414476 -41.278133 -397.596486 3947.734531 0.002678 0.991571 0.129537 -0.946242 -0.039386 0.321051 -0.323447 0.123433 -0.938161
11.835792 -32.653619 -1107.203457 6447.682415 0.088934 0.989726 0.111948 -0.905666 0.033573 0.422661 -0.414560 0.138976 -0.899347
15.543369 -14.208512 -1035.000900 13122.661779 0.212837 0.976261 0.040175 -0.829632 0.158844 0.535238 -0.516151 0.147248 -0.843745
16.196294 -32.932014 -2587.589560 4316.837718 0.129544 0.984038 0.122015 -0.915671 0.071502 0.395516 -0.380479 0.162962 -0.910318
19.132719 -17.495305 -2736.457524 11596.079056 0.230415 0.970875 0.065659 -0.845399 0.166309 0.507585 -0.481882 0.172463 -0.859096
47.701550 -38.389552 6184.884272 9122.629502 -0.095931 0.958971 -0.266779 -0.088054 -0.275140 -0.957363 0.991486 0.068350 -0.110836
42.146573 -58.805739 4006.997358 7074.107929 -0.059079 0.958804 -0.277859 0.048527 -0.275257 -0.960145 0.997073 0.070208 0.030265
33.553220 -49.285947 5530.337582 6059.903149 -0.173970 0.954806 -0.240997 0.005918 -0.243711 -0.969830 0.984733 0.170147 -0.036748
31.986617 -33.226077 7044.984821 6637.567207 -0.213114 0.948658 -0.233730 -0.093218 -0.257877 -0.961670 0.972570 0.183158 -0.143389
-13.260793 -42.053626 790.866236 -1883.834375 -0.015543 0.983829 0.178434 -0.978731 0.021539 -0.204013 0.204557 0.177810 -0.962570
-13.581494 -41.020789 545.880998 -1492.413926 0.011254 0.987089 0.159777 -0.964901 0.052647 -0.257282 0.262372 0.151274 -0.953036
-14.800000 -44.720455 550.140543 1941.497460 -0.090919 0.985679 0.142024 0.984251 0.067231 0.163491 0.151601 0.154652 -0.976268
-9.815850 -38.306954 1325.674738 -873.268553 0.137312 0.963774 0.228660 -0.945858 0.196121 -0.258629 0.294105 0.180767 -0.938523
-14.499378 -44.146857 632.817802 1450.394274 -0.075210 0.981437 0.176421 0.992643 0.056851 0.106904 0.094890 0.183163 -0.978492
-10.922418 -40.118667 1012.863721 1596.508820 0.056709 0.973726 0.220547 0.979945 -0.096553 0.174315 0.191030 0.206239 -0.959673
-6.964178 -51.673181 330.486047 1173.762106 0.074053 0.922033 -0.379962 0.619559 -0.341094 -0.706966 0.781449 0.183055 0.596513
-7.111678 -48.166875 356.008103 523.727999 0.055986 0.921904 -0.383352 0.489806 -0.359938 -0.794062 0.870032 0.143312 0.471705
-8.057376 -52.009319 115.247539 1631.700069 0.071175 0.913649 -0.400225 0.626466 -0.353179 -0.694841 0.776192 0.201272 0.597508
-8.493694 -55.254383 33.179268 1237.720096 0.093848 0.911495 -0.400462 0.762077 -0.324604 -0.560242 0.640649 0.252605 0.725093
-9.088828 -55.700200 -767.845446 1261.370457 0.099175 0.905646 -0.412274 0.775913 -0.329779 -0.537778 0.622996 0.266555 0.735408
-8.720546 -52.775368 -919.308458 1912.944137 0.089512 0.907743 -0.409867 0.643182 -0.366889 -0.672093 0.760463 0.203459 0.616685
-2.065517 -151.672425 885.920489 -13609.241572 0.950817 0.120803 0.285224 0.199203 -0.943615 -0.264403 -0.237201 -0.308216 0.921270
-0.438311 -220.704702 -1561.771491 -34654.097154 0.946167 0.090345 0.310814 0.252186 -0.807717 -0.532912 -0.202904 -0.582607 0.787019
-3.613114 -157.123441 -1673.233273 -13728.966510 0.945768 0.088607 0.312525 0.189668 -0.931683 -0.309827 -0.263721 -0.352300 0.897962
-5.330719 -144.226232 281.137389 -15758.072262 0.954516 0.116464 0.274472 0.218962 -0.898626 -0.380168 -0.202372 -0.422976 0.883254
-5.418992 -122.570749 -341.254766 5159.848580 0.953598 0.094791 0.285771 -0.158551 0.964979 0.208988 -0.255953 -0.244600 0.935232
-27.942559 -85.859303 6408.749039 8426.834849 0.984382 0.020212 -0.174884 0.125771 -0.775837 0.618271 0.123185 0.630610 0.766261
-20.439691 -67.849313 1754.300860 5806.105052 0.944815 0.218064 -0.244484 0.303680 -0.862925 0.403904 0.122895 0.455860 0.881526
-20.126903 -85.001495 7464.052829 8140.800876 0.979617 0.000472 -0.200875 0.119502 -0.805162 0.580891 0.161463 0.593055 0.788806
-24.479747 -100.773199 6863.636530 6864.174871 0.986546 -0.066587 -0.149307 0.071281 -0.646704 0.759403 0.147123 0.759829 0.633257
67.010700 -1244.661018 -15603.249852 -425855.514734 0.664714 -0.094222 0.741132 0.052450 0.995453 0.079513 -0.745254 -0.013981 0.666634
30.508072 -1119.034763 230.485149 32193.217607 0.586605 -0.058986 0.807722 0.277189 0.951732 -0.131804 -0.760961 0.301208 0.574641
45.125242 -846.979760 -6944.827478 -18186.116245 0.746376 -0.079160 0.660800 0.359466 0.883561 -0.300173 -0.560096 0.461577 0.687924
43.456687 -761.687964 -2164.052515 -1153.597775 0.817985 -0.017239 0.574981 0.101644 0.988155 -0.114974 -0.566188 0.152491 0.810048
61.623384 -758.195859 -14144.257349 -162996.124829 0.721311 -0.051319 0.690707 -0.296147 0.878640 0.374551 -0.626105 -0.474718 0.618575
10.094617 -120.289425 781.316225 -3062.416238 0.960791 -0.241317 0.136553 -0.060210 0.299152 0.952304 0.270658 0.923187 -0.272893
10.654223 -126.546258 282.683800 -3511.233902 0.964153 -0.234852 0.123508 -0.107235 0.080895 0.990937 0.242715 0.968659 -0.052811
11.653247 -120.860815 -957.300893 -2925.750417 0.974289 -0.186887 0.125833 -0.064743 0.302717 0.950879 0.215799 0.934578 -0.282834
31.330001 -45.683516 709.069015 -353.263670 0.978405 -0.037449 -0.203275 -0.102654 0.765550 -0.635135 -0.179402 -0.642286 -0.745173
41.570304 -46.298463 11108.028711 -926.864352 0.978435 0.203111 -0.037558 -0.172240 0.701924 -0.691112 0.114010 -0.682677 -0.721771
35.614075 -45.539973 10337.437617 350.287493 0.986781 0.160479 -0.022565 -0.141448 0.784948 -0.603198 0.079088 -0.598417 -0.797272
-16.848498 -28.898721 213.901187 126.522919 -0.204519 0.927535 -0.312811 -0.660866 -0.366579 -0.654886 0.722100 -0.072789 -0.687949
-15.143957 -28.862445 2218.706848 661.624031 -0.135222 0.979868 -0.146881 -0.655423 -0.199634 -0.728400 0.743058 0.002226 -0.669223
-15.648068 -30.655727 -334.256751 660.270393 -0.170946 0.928019 -0.330995 -0.604515 -0.364066 -0.708532 0.778035 -0.078971 -0.623238
-16.774511 -32.958922 -1756.644535 -76.350213 -0.221280 0.852920 -0.472824 -0.615497 -0.498222 -0.610687 0.756438 -0.155889 -0.635216
12.790802 -135.020342 546.345328 919.866821 0.017284 0.985389 -0.169440 -0.158239 -0.164634 -0.973579 0.987250 -0.043639 -0.153081
18.179336 -128.200198 -235.644208 16950.343690 0.037681 0.983073 -0.179295 -0.435662 -0.145312 -0.888303 0.899321 -0.111584 -0.422813
13.313978 -135.523350 -719.992172 4900.986734 0.061155 0.973973 -0.218256 -0.172674 -0.205045 -0.963400 0.983079 -0.096604 -0.155640
-9.247119 -335.791028 -2432.189213 -77239.087525 0.077236 -0.335834 0.938749 0.762510 -0.586727 -0.272635 0.642349 0.736863 0.210761
-35.236931 -459.201583 -8747.058789 -124808.403348 -0.013705 -0.406232 0.913667 0.850487 -0.485249 -0.202993 0.525818 0.774280 0.352145
-66.927981 -524.722258 -20645.051993 -128109.485543 0.046519 -0.308828 0.949979 0.811745 -0.542549 -0.216126 0.582156 0.781195 0.225451
-90.795895 -1089.106202 6244.342188 295116.361654 -0.059927 0.176895 -0.982404 -0.530177 0.828238 0.181476 0.845767 0.531723 0.044152
19.364589 -35.684077 -9771.313677 2607.758937 -0.543427 0.714733 0.440277 0.136101 -0.442524 0.886368 -0.828350 -0.541599 -0.143204
-7.419761 -27.500269 -2057.544131 -1212.308606 -0.581116 0.799485 0.152080 -0.005300 -0.190586 0.981656 -0.813804 -0.569650 -0.114990
6.359924 -38.313201 -6280.391852 1776.892205 -0.662140 0.747942 0.046400 -0.121834 -0.168538 0.978137 -0.739410 -0.642010 -0.202721
28.683612 -41.828038 -5527.503378 3285.288015 -0.554276 0.780529 0.289056 -0.021161 -0.360387 0.932563 -0.832064 -0.510780 -0.216270
46.094569 -47.967451 -4510.781612 4656.201899 -0.405730 0.756074 0.513552 0.195790 -0.476938 0.856853 -0.892776 -0.448199 -0.045476
-56.640210 -68.118789 1809.163464 -1783.787324 -0.238912 0.319107 0.917111 0.861831 0.504837 0.048854 -0.447402 0.802066 -0.395628
-59.533659 -68.196317 -5.615976 -1912.343898 -0.420808 0.396392 0.815962 0.802125 0.582700 0.130598 -0.423693 0.709461 -0.563161
-57.608593 -63.678987 1349.461103 -2977.347279 -0.414593 0.207519 0.886030 0.701293 0.693333 0.165764 -0.579914 0.690091 -0.432982
32.356196 -47.829794 -1961.999021 2823.155166 0.365433 0.907295 0.208024 0.428630 -0.362395 0.827615 -0.826278 0.213273 0.521325
30.382800 -43.763364 3795.916220 2191.543850 0.418016 0.894554 0.158226 0.505548 -0.373782 0.777630 -0.754774 0.245071 0.608487
31.626927 -44.194898 -436.446981 2281.772009 0.353167 0.916178 0.189449 0.515881 -0.359637 0.777514 -0.780474 0.176859 0.599651
27.460802 -50.482848 8610.943782 5692.076051 0.533888 0.735275 0.417533 0.576160 0.045073 -0.816093 -0.618873 0.676268 -0.399572
10.949847 -32.527722 8069.886739 4711.791352 0.485647 0.724154 0.489641 0.681896 0.036645 -0.730530 -0.546959 0.688664 -0.476001
3.824626 -35.960976 6671.234733 -4483.510698 0.632753 0.706832 0.316247 -0.530189 0.097802 0.842220 -0.564378 0.700588 -0.436639
21.844549 -50.785357 1684.089496 1561.007891 0.186020 0.970619 -0.152628 0.694117 -0.019874 0.719587 -0.695412 0.239799 0.677421
23.145862 -50.998803 5882.524706 2690.723542 0.211628 0.938427 -0.273071 0.783203 0.004299 0.621751 -0.584642 0.345450 0.734069
32.911648 -44.970224 2677.936900 2161.379696 0.240702 0.963565 -0.116642 0.774601 -0.118289 0.621289 -0.584855 0.239897 0.774851
1.846568 -96.306687 1371.530255 -2212.189627 0.117492 0.985371 -0.123450 0.970815 -0.087796 0.223182 -0.209078 0.146069 0.966928
3.011673 -90.696333 445.731013 -1090.418164 0.098724 0.989806 -0.102656 0.970479 -0.072954 0.229889 -0.220057 0.122321 0.967788
3.086318 -89.574014 475.181174 -3926.577318 0.082311 0.989775 -0.116491 0.889173 -0.020143 0.457128 -0.450108 0.141207 0.881739
1.293176 -97.479726 632.171802 -7224.992663 0.107695 0.988312 -0.107891 0.884121 -0.045576 0.465030 -0.454678 0.145470 0.878696
-0.163880 -128.974196 -50.486637 4675.800798 0.328727 0.815957 -0.475555 -0.641350 -0.176756 -0.746611 0.693260 -0.550428 -0.465209
0.026150 -118.875999 -191.007368 -3687.158641 0.288602 0.805315 -0.517857 -0.757312 -0.138933 -0.638103 0.585822 -0.576338 -0.569779
-0.163626 -110.867711 113.182087 400.034338 0.314069 0.812828 -0.490583 -0.663563 -0.181626 -0.725739 0.679003 -0.553464 -0.482319
2.043716 -139.531626 -741.183882 665.206014 0.305641 0.807751 -0.504105 -0.735441 -0.135988 -0.663802 0.604739 -0.573625 -0.552490
-0.370795 -124.474579 174.207729 12549.863962 0.341094 0.823529 -0.453271 -0.545975 -0.218964 -0.808682 0.765223 -0.523311 -0.374939
1.916517 -154.879245 -571.640032 17140.058460 0.346514 0.821688 -0.452501 -0.609023 -0.169825 -0.774758 0.713455 -0.544048 -0.441580
-0.338962 -144.947231 43.799662 18791.883445 0.351441 0.828003 -0.436921 -0.513573 -0.219698 -0.829443 0.782772 -0.515891 -0.348029
12.437008 -39.379203 1483.382677 1907.951043 0.049523 0.995252 0.083795 -0.874521 0.002683 0.484979 -0.482452 0.097299 -0.870502
10.645667 -33.718640 -1011.079538 875.415195 0.001700 0.997890 0.064898 -0.860364 -0.031617 0.508698 -0.509677 0.056701 -0.858496
13.825412 -39.631865 195.871292 2281.989947 0.125019 0.991750 0.028342 -0.891226 0.099702 0.442465 -0.435989 0.080575 -0.896338
11.933016 -35.500748 960.378943 47.755808 -0.028870 0.992100 0.122082 -0.830390 -0.091791 0.549570 -0.556435 0.085509 -0.826480
16.652067 -40.725395 1389.962950 304.988357 0.105946 0.991759 0.072042 -0.908765 0.067161 0.411869 -0.403637 0.109105 -0.908391
12.677800 -43.974750 1866.226224 2310.004974 0.051717 0.992385 0.111793 -0.877295 -0.008340 0.479879 -0.477157 0.122893 -0.870183
0.916517 -38.569161 1545.145088 -141.649546 0.229791 0.947477 -0.222447 0.410259 0.112961 0.904946 -0.882544 0.299209 0.362754
-0.027558 -41.339151 2154.623086 2771.768759 0.254267 0.948001 -0.191423 0.326676 0.102108 0.939605 -0.910292 0.301443 0.283726
-3.831550 -39.697191 2063.294959 1674.538589 0.229042 0.939967 -0.252987 0.411082 0.142181 0.900442 -0.882356 0.310237 0.353838
22.845433 -50.746514 -5356.395054 -46.120711 -0.088968 0.976696 0.195322 0.197689 -0.174883 0.964539 -0.976219 -0.124426 0.177523
28.868915 -51.210040 -12085.832560 -7.006762 -0.085205 0.977438 0.193275 0.193975 -0.173996 0.965453 -0.977299 -0.119752 0.174773
22.711741 -51.460691 -4434.657718 264.101130 -0.079447 0.974594 0.209415 0.328467 -0.172752 0.928583 -0.941168 -0.142559 0.306398
24.763522 -49.594109 -8915.045982 -194.284796 -0.090323 0.980561 0.174187 0.059914 -0.169235 0.983753 -0.994109 -0.099292 0.043464
18.963095 -51.572050 5562.247341 -141.271238 -0.041058 0.982849 0.179782 0.257108 -0.163482 0.952454 -0.965510 -0.085329 0.245986
19.242632 -49.988884 -1250.694958 -393.232741 -0.078231 0.979500 0.185634 0.075407 -0.179858 0.980798 -0.994079 -0.090727 0.059791
-7.864350 -102.231813 -1349.702494 -10219.910400 0.303311 -0.652591 0.694354 0.740508 -0.297174 -0.602773 0.599708 0.697002 0.393113
-6.246298 -83.994647 -3087.823949 -8894.418283 0.281449 -0.615418 0.736239 0.823691 -0.238654 -0.514370 0.492259 0.751203 0.439745
-12.809265 -101.323356 -960.914072 -28.971514 0.381926 -0.664331 0.642493 0.809436 -0.095067 -0.579462 0.446034 0.741368 0.501424
-10.832421 -114.175904 1526.617189 1708.468198 0.368027 -0.702299 0.609371 0.789481 -0.110194 -0.603802 0.491198 0.703302 0.513897
-14.227476 -126.620667 -393.973471 16012.635488 0.431807 -0.666453 0.607769 0.841450 0.054992 -0.537530 0.324816 0.743516 0.584533
-11.270766 -121.607604 1480.730481 11101.381184 0.414670 -0.707876 0.571804 0.830889 0.038320 -0.555118 0.371043 0.705296 0.604056
-5.981413 -232.233634 -390.185512 -11231.725941 -0.268990 0.683761 -0.678319 -0.711437 -0.615793 -0.338610 0.649232 -0.391498 -0.652094
-8.425440 -224.108421 -1692.173593 -20560.745308 -0.244215 0.686948 -0.684442 -0.569297 -0.672944 -0.472278 0.785022 -0.274314 -0.555421
-4.223075 -220.792414 -142.323079 32259.825425 -0.268838 0.690722 -0.671289 0.381809 0.716273 0.584101 0.884278 -0.099276 -0.456286
-0.465830 -208.812940 -3041.217467 21891.798551 -0.209885 0.688906 -0.693799 0.294598 0.721186 0.626980 0.932288 -0.072798 -0.354316
-2.757544 -222.762125 -1541.870861 19714.260203 -0.242725 0.681490 -0.690403 0.541827 0.685570 0.486228 0.804679 -0.256059 -0.535654
-29.230013 -69.652626 -3395.995386 -6469.556484 0.192618 -0.619010 0.761397 0.264434 0.779966 0.567210 -0.944972 0.092084 0.313923
-24.870639 -69.055844 -3091.950153 -4562.694429 0.170777 -0.558241 0.811913 0.240309 0.822733 0.515134 -0.955556 0.107137 0.274654
-24.173469 -60.684750 -3168.920101 -2554.944057 0.217751 -0.524465 0.823117 0.105633 0.851063 0.514327 -0.970271 -0.025047 0.240720
-28.950301 -68.504714 -359.878406 -4332.100696 0.262111 -0.651534 0.711900 0.211142 0.758536 0.616476 -0.941656 -0.011273 0.336387
-20.115698 -57.836126 -2456.331481 274.820241 0.211852 -0.465327 0.859412 -0.027602 0.876173 0.481206 -0.976912 -0.125666 0.172775
-24.483937 -60.906824 -705.908327 -797.068154 0.276053 -0.542889 0.793137 0.025962 0.829113 0.558478 -0.960792 -0.133578 0.242973
4.943446 -90.403687 -894.093675 -23820.799257 -0.011850 0.962743 -0.270158 -0.504585 -0.239012 -0.829619 0.863281 -0.126487 -0.488618
35.896680 -48.345738 7975.532271 15110.213728 0.397392 0.915259 0.066191 -0.536503 0.290249 -0.792414 0.744476 -0.279387 -0.606382
9.722110 -89.397993 13655.768685 -18731.497585 -0.080667 0.968648 -0.234975 -0.530652 -0.241292 -0.812519 0.843743 -0.059146 -0.533479
-7.109219 -190.898906 6442.661085 -68218.732406 -0.144477 0.927971 -0.343506 -0.424269 -0.371714 -0.825727 0.893937 -0.026440 -0.447413
-17.207644 -246.469808 193.267989 -93827.485568 -0.105058 0.925994 -0.362627 -0.435489 -0.370661 -0.820341 0.894043 -0.071737 -0.442201
-18.769096 -100.958458 -11000.703018 -50024.840632 0.032668 0.948344 -0.315557 -0.485939 -0.260826 -0.834166 0.873382 -0.180592 -0.452316
-3.708997 -29.725065 3213.256754 -3078.044891 0.566046 0.809429 0.156258 -0.599129 0.273729 0.752407 -0.566248 0.519516 -0.639896
-6.668667 -31.890605 1878.593463 -2500.328259 0.481561 0.844436 0.234578 -0.632808 0.149844 0.759671 -0.606344 0.514271 -0.606526
-7.710133 -34.920415 2092.647377 -2276.142772 0.564577 0.811983 0.148109 -0.543960 0.231079 0.806666 -0.620774 0.535990 -0.572148
-4.066778 -32.491009 946.135447 -3380.613562 0.617253 0.784269 0.062623 -0.525726 0.351931 0.774440 -0.585330 0.510948 -0.629541
-30.190308 -53.034886 -8687.460843 -30173.881573 0.966295 0.212498 0.145324 0.257007 -0.828953 -0.496773 -0.014904 -0.517379 0.855627
-26.020521 -48.087124 8556.037827 -7119.705744 0.957811 0.279651 0.066289 0.266732 -0.779072 -0.567363 0.107020 -0.561108 0.820795
-32.974097 -60.002723 -201.770197 -29993.360449 0.934218 0.316126 0.165230 0.356499 -0.843118 -0.402567 -0.012047 -0.434990 0.900355
-26.255053 -42.753246 -27806.631776 -7124.463284 0.799544 0.440866 0.407881 0.596071 -0.665775 -0.448825 -0.073685 -0.601981 0.795103
-73.212225 -314.901990 -8211.527739 -90677.243317 0.667541 0.058801 0.742248 -0.651369 -0.436813 0.620413 -0.360704 0.897629 0.253289
361.674264 -2516.006756 -47809.870023 1023518.686036 -0.374295 -0.235493 0.896909 0.070807 0.957135 0.280855 -0.924603 0.168630 -0.341576
1419.071264 -633.053675 -364334.485063 -493442.870939 0.432470 0.753663 -0.494936 0.610455 0.159232 0.775880 -0.663562 0.637681 0.391214
-660.752184 -2141.187046 163955.140717 553642.493922 -0.660696 -0.560011 -0.499869 0.749735 -0.525236 -0.402523 -0.037131 -0.640714 0.766881
68.885583 -1101.056430 40407.429734 65764.705996 0.036247 -0.728491 0.684096 0.998336 -0.004329 -0.057507 0.044854 0.685042 0.727121
-191.620958 -4521.662409 86192.215662 1790530.205630 0.645225 0.169053 -0.745054 -0.513470 0.818072 -0.259050 0.565715 0.549709 0.614644
-18.570652 -139.769975 73767.436616 -39751.100870 0.815942 -0.576211 0.047117 -0.458932 -0.595988 0.658924 0.351598 0.559267 0.750733
-54.240424 -128.724325 -10952.035254 10691.959430 0.193956 -0.415025 0.888896 0.948793 0.309666 -0.062443 -0.249345 0.855489 0.453834
-80.778907 -165.552108 -15844.163447 51016.702582 0.281270 -0.398053 0.873179 0.912100 0.393702 -0.114332 -0.298262 0.828585 0.473801
-305.807420 -633.976358 -47375.502355 194185.480020 -0.069134 0.448912 -0.890897 -0.255692 0.855229 0.450782 0.964283 0.258960 0.055658
-119.253123 -627.557534 87321.140311 -172078.677040 -0.412755 0.884998 0.215435 0.046996 0.256900 -0.965295 0.909629 0.388305 0.147628
-179.579047 -444.001025 -32259.554376 168926.182409 0.172938 0.317855 -0.932234 -0.397071 0.888671 0.229341 0.901347 0.330502 0.279896
-154.861149 -799.172458 -34051.953171 280930.396797 0.269084 0.244312 -0.931614 -0.162721 0.964918 0.206046 0.949271 0.096149 0.299399
-191.025968 -434.473279 -26755.366860 121383.979931 0.022693 0.478176 -0.877971 0.151448 0.866417 0.475799 0.988205 -0.143764 -0.052757
-53.421565 -76.919970 520.693575 5875.153756 -0.550016 0.798831 0.243622 0.537172 0.561745 -0.629197 0.639476 0.215201 0.738078
-47.768558 -81.160773 -346.062898 2360.655428 -0.548159 0.751866 0.366359 0.570147 0.656401 -0.494035 0.611927 0.061932 0.788486
-28.706647 -71.959252 -2463.576504 567.678833 -0.114952 0.991389 -0.062725 -0.912680 -0.130332 -0.387335 0.392175 -0.012723 -0.919803
-15.610620 -73.013993 -7014.542591 1401.685103 -0.124276 0.979426 -0.158995 -0.928246 -0.171375 -0.330137 0.350593 -0.106558 -0.930446
-27.629731 -72.364627 -2795.292150 659.481466 -0.145033 0.984773 -0.095854 -0.959364 -0.163665 -0.229856 0.242044 -0.058622 -0.968493
-34.469968 -71.592383 423.050296 -452.502082 -0.155192 0.986504 0.052212 -0.900890 -0.119642 -0.417233 0.405355 0.111788 -0.907298
-31.744564 -69.327523 -23.567088 -1077.412652 -0.157491 0.987520 0.000855 -0.845269 -0.134357 -0.517174 0.510605 0.082173 -0.855880
-35.598705 -72.832819 -316.760488 737.283539 -0.139133 0.989891 0.027514 -0.961787 -0.128462 -0.241792 0.235813 0.060104 -0.969938
57.795178 -21.322036 -12286.704386 -1221.955742 0.836165 -0.429265 -0.341409 0.108783 0.739895 -0.663868 0.537582 0.517964 0.665371
68.671932 -24.608866 -15279.497966 -1395.084686 0.757095 -0.569865 -0.319470 0.240666 0.697895 -0.674553 0.607361 0.433815 0.665520
49.836706 -20.641667 -17897.407018 -358.671269 0.839297 -0.482896 -0.249783 -0.208313 -0.710007 0.672678 0.502182 0.512543 0.696500
67.454719 -28.359994 -16635.488116 1437.572599 0.731088 -0.625192 -0.273213 0.317486 0.666174 -0.674844 0.603915 0.406629 0.685521
-9.446079 -23.027398 2554.984808 -2994.700270 -0.544442 0.337153 0.768057 0.524943 0.851136 -0.001513 -0.654231 0.402362 -0.640380
-14.296601 -30.381320 2444.813221 -2315.102729 -0.553688 0.344770 0.757999 0.582064 0.811198 0.056208 -0.595509 0.472326 -0.649829
13.573971 -43.789505 -6499.980858 -1570.198910 -0.125332 0.984758 0.120598 0.485487 0.166884 -0.858168 0.865213 0.049007 0.499003
0.017963 -45.021927 -5378.524849 -857.384407 -0.126092 0.984618 0.120949 0.366423 0.159528 -0.916670 0.921865 0.071266 0.380902
-0.602323 -49.262209 -3745.413521 -427.877145 -0.089783 0.995833 -0.015998 0.225648 0.004693 -0.974198 0.970063 0.091076 0.225129
2.947468 -64.561697 -542.593291 2299.324403 -0.183335 0.923217 -0.337726 -0.438804 0.230571 0.868498 -0.879682 -0.307421 -0.362839
3.506721 -59.734590 -659.824723 2396.702320 -0.189674 0.925356 -0.328237 -0.278749 0.269799 0.921687 -0.941447 -0.266316 -0.206769
28.824844 -84.149511 1154.671204 -9878.271746 -0.252807 0.964644 0.074501 -0.717894 -0.238648 0.653969 -0.648626 -0.111844 -0.752844
23.992162 -80.054888 5028.869731 -5361.239762 -0.166775 0.972118 0.164843 -0.670516 -0.234393 0.703895 -0.722907 -0.006862 -0.690912
5.039695 -98.241382 -815.898363 6440.001587 -0.187342 0.967235 -0.171344 0.744446 0.253605 0.617644 -0.640861 0.011846 0.767565
7.736385 -41.496873 -449.651565 4053.999590 -0.027350 0.992466 0.119429 -0.942185 -0.065510 0.328628 -0.333976 0.103536 -0.936878
6.879758 -48.286415 -62.471191 -814.275559 -0.037241 0.990583 0.131748 -0.974328 -0.065286 0.215459 -0.222032 0.120341 -0.967585
47.765074 -20.791941 16952.646405 -3759.646218 -0.575609 -0.761304 -0.298479 0.735404 -0.322336 -0.596054 0.357568 -0.562597 0.745406
39.142066 -6.713793 13292.675672 -3184.206425 -0.468247 -0.840781 -0.271721 0.785644 -0.255434 -0.563486 0.404362 -0.477327 0.780161
68.831814 -18.113713 -11596.905550 -3879.137680 0.360110 0.896442 0.258288 0.807186 -0.160590 -0.568034 0.467731 -0.413041 0.781425
14.880659 -26.096626 -5298.810016 5819.294597 0.865367 0.500609 -0.023040 0.388665 -0.699460 -0.599745 0.316353 -0.510045 0.799859
-10.126253 -38.928970 283.796712 91.267625 0.127523 0.972072 0.197013 -0.929495 0.186437 -0.318247 0.346089 0.142539 -0.927311
2.597411 -174.370765 -1958.041830 -24176.892038 0.943437 0.108350 0.313348 0.230892 -0.892960 -0.386407 -0.237940 -0.436901 0.867469
2.564131 -220.341783 -2296.754175 -29767.508968 0.948371 0.086365 0.305177 0.277657 -0.691142 -0.667255 -0.153293 -0.717540 0.679439
-0.740397 -290.024999 -1882.950893 -50921.453777 0.948484 0.099989 0.300632 0.306872 -0.525896 -0.793261 -0.078784 -0.844651 0.529488
-2.810472 -234.501998 -897.664944 -41719.260365 0.945327 0.109188 0.307303 0.301005 -0.654770 -0.693305 -0.125512 -0.747900 0.651838
119.682656 -135.262597 -45340.230788 -38774.195325 0.979857 -0.157982 0.122153 0.058668 -0.356963 -0.932274 -0.190886 -0.920662 0.340505
218.400316 -61.129818 -78211.688894 -14427.650608 0.994567 -0.103889 0.006628 -0.036850 -0.410896 -0.910937 -0.097360 -0.905744 0.412491
216.075056 -151.137529 -67387.019963 -43629.544565 0.999774 0.021246 -0.000404 0.006237 -0.311568 -0.950203 0.020314 -0.949986 0.311630
109.839451 -229.040806 -40126.157479 -60299.478365 0.987134 -0.125361 0.099255 0.083568 -0.124738 -0.988664 -0.136321 -0.984238 0.112657
-13.027763 -884.940207 -17919.011824 179831.875538 0.463376 0.010609 0.886098 0.208330 0.970599 -0.120564 -0.861326 0.240467 0.447542
160.632486 -3912.896498 -17198.150539 1734183.445563 0.413475 -0.196806 0.888991 0.640870 0.756457 -0.130607 -0.646780 0.623731 0.438903
24.037273 -446.998186 -5618.043288 54990.932882 0.638701 -0.124544 0.759309 0.658319 0.599316 -0.455452 -0.398342 0.790765 0.464773
23.197522 -44.868807 34926.823677 439.878376 -0.166226 0.834994 -0.524551 0.805301 0.421947 0.416474 -0.569086 0.353193 0.742560
14.869708 -49.090718 33856.936405 1567.010419 -0.185093 0.817824 -0.544889 0.714784 0.492551 0.496465 -0.674407 0.297586 0.675735
-15.937803 -46.513895 10068.738766 953.426130 -0.192269 0.846210 -0.496951 0.797537 0.429811 0.423318 -0.571811 0.314946 0.757523
-12.070596 -44.061825 8741.947143 71.624880 -0.115425 0.886826 -0.447456 0.887049 0.294746 0.355344 -0.447014 0.355900 0.820679
31.640941 -42.289399 31446.461788 82.099026 -0.184169 0.836090 -0.516754 0.875237 0.378741 0.300858 -0.447260 0.396873 0.801530
9.503264 -149.506535 -1261.754345 5367.788913 0.112916 0.964614 -0.238263 0.043958 -0.244412 -0.968675 0.992632 -0.098905 0.070001
7.348555 -161.545299 -1202.354965 11122.174769 0.130406 0.964799 -0.228377 0.281497 -0.256895 -0.924535 0.950660 -0.056278 0.305089
8.766487 -160.854236 -781.600690 8606.744987 0.109810 0.966084 -0.233715 0.279514 -0.255662 -0.925477 0.953841 -0.036300 0.298109
14.943907 -160.533523 -370.320014 -28577.647817 0.171323 -0.527335 0.832206 0.773845 -0.450768 -0.444941 0.609764 0.720227 0.330848
-16.037050 -32.400508 -851.449589 -5195.341717 -0.516586 0.796361 0.314561 0.159346 -0.271545 0.949143 -0.841278 -0.540438 -0.013379
-11.823223 -29.202690 4771.957194 -2105.441492 -0.493556 0.842550 -0.215665 -0.132470 0.172251 0.976105 -0.859566 -0.510332 -0.026597
-6.014730 -35.998699 5381.785437 2399.715063 -0.497408 0.823934 -0.271511 -0.166566 0.216445 0.961981 -0.851376 -0.523722 -0.029578
1.357136 -43.350595 1214.887339 5560.267822 -0.565361 0.795647 -0.217516 -0.103971 0.192861 0.975702 -0.818265 -0.574239 0.026312
3.311582 -17.980481 3944.161651 1665.401589 0.105010 0.993640 -0.040652 0.931714 -0.084009 0.353344 -0.347682 0.074980 0.934610
-0.990667 -18.172452 2325.661231 404.758698 0.113783 0.993315 -0.019465 0.920373 -0.098010 0.378559 -0.374120 0.060989 0.925373
-2.552892 -17.412058 3401.791389 693.181351 0.096044 0.994692 -0.036917 0.941523 -0.078752 0.327617 -0.322971 0.066224 0.944089
2.658610 -17.299070 3700.711133 748.249378 0.112563 0.993083 -0.033412 0.941383 -0.095821 0.323446 -0.318007 0.067862 0.945657
10.749095 -28.098561 9014.617347 1363.168526 0.251007 0.705407 0.662870 0.824724 0.202671 -0.527973 -0.506781 0.679209 -0.530894
-6.302744 -17.999996 5245.623961 5728.283071 0.466098 0.727687 0.503214 0.731084 0.003538 -0.682278 -0.498265 0.685900 -0.530352
-4.460767 -25.505678 2533.556987 -4180.827548 0.687440 0.692871 0.217615 -0.496356 0.229510 0.837231 -0.530149 0.683561 -0.501684
2.481758 -62.966957 1025.580332 957.774442 0.173896 0.879906 -0.442182 -0.759826 -0.165749 -0.628642 0.626437 -0.445300 -0.639753
8.998256 -62.314357 3043.623810 36.678515 0.116966 0.876504 -0.466969 -0.711256 -0.254232 -0.655349 0.693134 -0.408788 -0.593681
-3.091625 -59.463288 395.013301 -1892.784115 0.192026 0.874090 -0.446198 -0.597794 -0.256397 -0.759541 0.778311 -0.412586 -0.473291
14.991445 -63.597277 3026.309661 1735.468375 0.134753 0.876349 -0.462443 -0.845314 -0.141834 -0.515100 0.516997 -0.460321 -0.721678
-2.345594 -60.886866 -581.488677 -1171.999533 0.257538 0.875804 -0.408218 -0.626457 -0.170316 -0.760621 0.735681 -0.451619 -0.504790
0.205759 -62.527409 -242.447034 1367.553556 0.245196 0.880302 -0.406137 -0.775995 -0.072905 -0.626511 0.581128 -0.468779 -0.665234
6.369138 -61.342090 1244.946503 -2325.412898 0.180649 0.881839 -0.435576 0.878266 0.054720 0.475031 0.442735 -0.468365 -0.764604
2.381353 -90.711902 -757.319827 438.800665 -0.134875 -0.985887 0.099177 0.990436 -0.137078 -0.015708 0.029081 0.096110 0.994946
1.991295 -85.973874 190.828802 83.010096 -0.124390 -0.989707 0.070761 0.992223 -0.123742 0.013483 -0.004588 0.071888 0.997402
2.413646 -85.793935 -465.572660 57.916793 0.082335 0.993771 -0.075105 0.967498 -0.061623 0.245254 -0.239098 0.092857 0.966545
2.176488 -133.860345 -831.134117 4643.737884 0.254734 0.797715 -0.546591 0.851203 0.083248 0.518192 0.458872 -0.597261 -0.657811
9.249682 -31.074563 -1664.451840 -1234.340754 -0.116842 0.987414 0.106589 -0.809060 -0.156879 0.566401 -0.575994 0.020057 -0.817208
12.904169 -49.639444 2192.815965 1201.425806 0.229896 0.945289 0.231466 0.529725 -0.321060 0.785055 -0.816419 0.057868 0.574554
14.587786 -48.879816 -3865.699090 1724.111860 0.228045 0.940680 0.251229 0.527901 -0.336266 0.779901 -0.818117 0.045228 0.573270
12.086073 -46.885673 -953.996269 1145.884234 0.205215 0.956329 0.208138 0.634298 -0.291913 0.715859 -0.745355 0.014883 0.666502
13.104623 -48.854401 805.544446 799.550321 0.176623 0.963058 0.203283 0.639922 -0.269278 0.719715 -0.747867 -0.002967 0.663842
12.087286 -42.984489 -1416.920187 1399.776637 0.163235 0.969944 0.180453 0.728279 -0.241854 0.641183 -0.665555 -0.026757 0.745869
-11.778821 -23.711964 -8700.427275 -1003.930084 0.034776 0.676237 0.735863 0.719705 -0.527816 0.451036 -0.693408 -0.513919 0.505047
-10.205800 -37.852104 2083.339690 -3204.575434 0.513564 0.206710 0.832781 -0.537132 0.834311 0.124152 -0.669135 -0.511073 0.539502
-15.920885 -34.952314 3222.008113 747.055394 0.600661 -0.008480 0.799459 -0.333672 0.906036 0.260310 -0.726546 -0.423115 0.541391
0.459201 -26.486038 -12450.878691 71.531687 0.064284 0.602479 0.795542 0.780900 -0.526722 0.335796 -0.621340 -0.599652 0.504335
21.972522 -29.167099 -18983.431704 1862.496570 -0.263025 0.767367 0.584778 0.718970 -0.248279 0.649184 -0.643351 -0.591189 0.486410
23.744337 -51.865173 -6640.201707 -64.669626 -0.029594 0.978993 0.201735 0.324389 -0.181493 0.928349 -0.945461 -0.092914 0.312203
35.546329 -50.574236 -4096.364486 -362.558881 0.021153 0.981469 0.190451 0.172369 -0.191221 0.966294 -0.984805 -0.012388 0.173220
34.544984 -49.419769 -9206.358389 -178.968571 -0.024751 0.982069 0.186889 0.068635 -0.184836 0.980370 -0.997335 -0.037092 0.062829
-1.332899 -90.860299 -3512.060775 -13917.546734 0.238888 -0.600210 0.763335 0.771614 -0.359911 -0.524477 0.589529 0.714291 0.377152
2.336400 -101.941623 -2958.870980 -16402.981905 0.238205 -0.601363 0.762641 0.781917 -0.347023 -0.517862 0.576077 0.719679 0.387553
23.972857 -78.647811 22440.493834 29078.979654 0.175741 0.982337 -0.064265 -0.597694 0.054600 -0.799863 0.782226 -0.178979 -0.596732
7.197576 -141.951690 88.025570 -185.788689 0.458514 -0.711292 0.532756 0.731992 -0.037663 -0.680271 0.503936 0.701887 0.503391
8.210164 -137.211160 1571.294345 833.502849 0.453006 -0.738159 0.499906 0.723971 -0.022626 -0.689460 0.520242 0.674247 0.524156
9.957178 -139.007083 -45.743509 -1345.420658 0.466916 -0.716817 0.517844 0.828133 0.149065 -0.540348 0.310138 0.681141 0.663221
-3.073090 -26.141906 1845.070234 -2588.940794 0.488697 0.840398 0.234321 -0.675382 0.194389 0.711387 -0.552299 0.505909 -0.662588
-18.702238 -47.419082 -14789.469497 11720.568391 0.951670 0.254312 0.172192 0.303992 -0.700132 -0.646068 0.043746 -0.667188 0.743604
9807.316951 -1128.105890 34169310.412521 -3419381.268752 0.018598 0.947109 0.320373 -0.064952 -0.318607 0.945659 -0.997715 0.038396 -0.055592
-176.986514 -1582.663094 -65599.905606 1722629.250827 -0.296016 0.009980 0.955131 -0.639519 0.740678 -0.205940 -0.709500 -0.671786 -0.212870
-136.696174 -2328.586361 -29283.439809 1796832.048795 -0.534487 0.028245 0.844705 -0.508425 0.787636 -0.348043 -0.675150 -0.615493 -0.406621
-43.516241 -129.793000 26648.173907 -19804.561052 -0.408232 0.819507 0.402188 0.056501 0.462409 -0.884865 0.911128 0.338506 0.235073
29.777484 -436.903607 18997.523891 -130380.036082 -0.322828 0.934012 0.152984 0.065078 0.183161 -0.980926 0.944218 0.306714 0.119914
-57.289276 -81.272747 255.617088 4106.633207 -0.585643 0.771984 0.247110 0.597059 0.617033 -0.512631 0.548218 0.152679 0.822281
-51.931457 -76.604583 -137.206646 3501.301819 -0.409676 0.910760 -0.051791 0.751314 0.304664 -0.585412 0.517391 0.278740 0.809080
-17.618774 -75.133027 -7600.665981 -16.126978 -0.199308 0.960861 -0.192413 -0.957964 -0.232393 -0.168223 0.206354 -0.150796 -0.966788
-1.584232 -79.186949 -10102.764383 184.618415 -0.194566 0.959515 -0.203657 -0.959887 -0.228986 -0.161812 0.201896 -0.164004 -0.965578
69.513697 -30.031255 -4409.762830 -2834.381605 0.774795 -0.410260 -0.481018 -0.008766 0.753805 -0.657040 0.632151 0.513288 0.580448
-9.095035 -18.241626 1315.305341 -4090.328407 -0.412235 0.552529 0.724413 0.614468 0.755669 -0.226700 -0.672675 0.351675 -0.651025
-9.984692 -29.908734 -1212.200912 4860.680257 0.063527 0.918123 0.391171 -0.780706 -0.198442 0.592553 -0.621662 0.343033 -0.704177
-7.911976 -15.054786 -737.804525 5018.297849 -0.155851 0.813761 0.559913 -0.715985 -0.483570 0.503513 -0.680497 0.322417 -0.658006
26.656067 -40.349432 -1759.663463 -2508.668494 -0.171687 0.983350 0.059554 0.602685 0.152660 -0.783241 0.779291 0.098580 0.618859
19.222004 -50.253688 3536.459461 -2036.489755 -0.169212 0.977407 -0.126658 0.511966 -0.022643 -0.858707 0.842175 0.210148 0.496568
5.411326 -61.499381 -700.405676 2293.573370 -0.172952 0.926534 -0.334099 -0.318737 0.268307 0.909075 -0.931930 -0.263717 -0.248916
5.541304 -56.214896 -553.392447 1796.508204 -0.169555 0.932833 -0.317920 -0.168100 0.290489 0.941997 -0.971079 -0.213163 -0.107555
3.587232 -54.399589 -619.440882 2270.259465 -0.188389 0.928732 -0.319321 -0.123042 0.300261 0.945888 -0.974356 -0.217485 -0.057707
18.163342 -76.071834 -6879.979255 -15486.587714 -0.342922 0.921759 -0.181012 -0.854113 -0.225745 0.468540 -0.391018 -0.315278 -0.864699
22.767055 -91.642985 -4633.594465 -13459.440876 -0.322724 0.943154 -0.079436 -0.761683 -0.208973 0.613327 -0.561861 -0.258440 -0.785825
9.143671 -124.973346 -1200.171253 6464.305935 -0.180461 0.943189 -0.278976 0.248907 0.318193 0.914767 -0.951567 -0.095641 0.292188
6.683193 -46.888212 -314.687535 -1646.018251 -0.054650 0.991211 0.120479 -0.973149 -0.079891 0.215865 -0.223593 0.105447 -0.968962
6.210427 -46.155224 -437.768038 -1376.054072 -0.024057 0.992096 0.123157 -0.991930 -0.039028 0.120632 -0.124485 0.119261 -0.985028
6.771288 -47.645129 597.860919 382.966678 -0.036649 0.988955 0.143616 0.992101 0.053258 -0.113571 -0.119965 0.138319 -0.983095
55.175206 -10.128782 -7810.057423 -1460.629509 0.214714 0.947299 0.237743 0.847260 -0.059571 -0.527827 0.485848 -0.314762 0.815400
37.324840 0.730871 -14784.716755 -784.012268 0.193414 0.915841 0.351888 0.871866 0.004038 -0.489727 0.449934 -0.401520 0.797710
