15519
31029
-40.334919 -62.012314 -196.892266 9928.522586 0.273422 0.954539 0.118727 0.790820 -0.152809 -0.592666 0.547580 -0.255940 0.796650
-41.013572 -69.454189 -385.874869 6355.995132 0.430480 0.900567 -0.060551 0.774863 -0.403130 -0.486902 0.462898 -0.162683 0.871355
-47.055802 -75.891906 1904.606614 7490.147308 0.188212 0.973476 0.130079 0.887646 -0.111926 -0.446718 0.420310 -0.199542 0.885168
-39.046338 -59.699138 383.741528 6564.615646 0.542574 0.811167 -0.218222 0.634153 -0.565913 -0.526870 0.550875 -0.147480 0.821454
-31.245300 -95.330857 -4796.701215 19372.122487 0.009586 0.936636 0.350173 0.880218 0.158258 -0.447403 0.474472 -0.312518 0.822927
-22.909789 -69.289239 -5469.399466 16654.488610 0.151168 0.935901 0.318179 0.797869 0.074501 -0.598209 0.583569 -0.344296 0.735464
-23.536356 -46.386589 -2842.289585 6945.095546 0.385316 0.916613 0.106550 0.679482 -0.203700 -0.704848 0.624369 -0.343988 0.701310
-32.678191 -47.937761 825.020362 4768.018378 0.640180 0.723406 -0.258560 0.484478 -0.641374 -0.594912 0.596196 -0.255584 0.761069
3.198486 -79.796917 -19308.949689 1728.799044 0.616163 0.749097 -0.243302 0.697891 -0.376075 0.609521 0.365091 -0.545363 -0.754512
48.769889 -85.825814 -22304.053675 5239.154711 0.590312 0.785106 -0.187457 0.659132 -0.334812 0.673384 0.465915 -0.521066 -0.715132
49.663029 -96.076568 -20942.604754 3792.879330 0.496269 0.842323 -0.210259 0.803031 -0.353329 0.479895 0.329936 -0.407002 -0.851758
-2.445332 -82.491199 -17123.612518 2311.255868 0.519302 0.808995 -0.275415 0.825534 -0.391557 0.406418 0.220950 -0.438418 -0.871189
-19.530305 -74.267667 -9673.233607 -707.385759 0.621612 0.763344 -0.175797 0.730456 -0.483820 0.482029 0.282900 -0.428047 -0.858338
21.257865 -86.973352 -930.109270 3958.143954 0.550027 0.592323 0.588747 -0.648027 0.747390 -0.146522 -0.526812 -0.300933 0.794927
22.164494 -80.122643 -216.769263 2996.525535 -0.566343 -0.620141 -0.542846 0.736392 -0.676540 0.004605 -0.370113 -0.397139 0.839820
21.385554 -87.035795 542.776297 5726.417615 -0.535608 -0.591363 -0.602838 0.738663 -0.674057 0.004941 -0.409269 -0.442647 0.797849
23.089499 -77.770894 -154.927397 13807.483404 -0.540141 -0.569333 -0.619764 0.788934 -0.598922 -0.137390 -0.292970 -0.563162 0.772668
20.803280 -90.513307 -1175.371530 -4635.410830 0.528640 0.549166 0.647268 -0.709195 0.704764 -0.018731 -0.466458 -0.449137 0.762032
27.417017 -41.875810 -12047.561858 2282.073350 0.286519 0.825795 0.485767 0.064422 0.489271 -0.869749 0.955906 -0.280493 -0.086986
53.054122 -38.701973 -12316.806638 2664.713528 0.183204 0.857371 0.480990 0.025466 0.484967 -0.874161 0.982745 -0.172399 -0.067014
33.599219 -35.745141 -12078.668127 2666.536927 0.279541 0.823111 0.494313 -0.010518 0.517433 -0.855659 0.960076 -0.233993 -0.153301
6.069203 -37.904149 -7046.721551 1869.726459 0.276615 0.828992 0.486062 0.001255 0.505486 -0.862834 0.960980 -0.239283 -0.138784
-11.838409 -50.273850 -97.772162 -4464.860713 -0.501432 -0.834163 0.229648 0.831746 -0.391663 0.393444 -0.238252 0.388295 0.890204
-12.751642 -58.691260 147.877078 2913.115755 -0.479911 -0.839890 0.253516 0.834752 -0.348230 0.426528 -0.269955 0.416318 0.868219
-12.442701 -59.465974 492.381003 2866.185499 -0.472194 -0.851195 0.229129 0.830304 -0.342194 0.439885 -0.296021 0.397958 0.868332
-11.260747 -53.155536 405.939563 -5054.933009 -0.495209 -0.843020 0.209964 0.828515 -0.385544 0.406102 -0.261401 0.375064 0.889380
-11.070766 -61.274521 1089.006355 2508.806963 -0.457824 -0.863023 0.213514 0.829852 -0.328670 0.450912 -0.318972 0.383623 0.866655
-11.600153 -62.874577 924.960789 8879.745635 -0.437682 -0.867471 0.236491 0.829358 -0.287915 0.478822 -0.347275 0.405707 0.845459
6.176686 -77.047276 -1302.455979 2694.260536 0.625292 0.729788 -0.276441 0.304672 -0.554412 -0.774469 0.718460 -0.400046 0.569015
9.514154 -79.393343 -2112.893149 756.106635 0.603777 0.758640 -0.244784 0.407857 -0.557829 -0.722827 0.684913 -0.336590 0.646221
11.312422 -76.711488 -2788.488244 2915.473577 0.629908 0.725764 -0.276554 0.221057 -0.508883 -0.831969 0.744547 -0.462930 0.480984
-13.674141 -89.218210 -824.338920 1138.984600 0.145447 0.962604 0.228559 0.981854 -0.112024 -0.153013 -0.121687 0.246667 -0.961430
-16.942482 -86.927873 -911.729966 1287.789029 0.123794 0.959219 0.254113 0.989825 -0.137471 0.036720 0.070156 0.246981 -0.966477
-15.255496 -85.419333 -1393.509587 33.011134 0.128687 0.964966 0.228649 0.988695 -0.142734 0.045928 0.076955 0.220153 -0.972425
-0.729516 -117.892486 -1252.266297 13593.870827 0.018053 0.992749 0.118846 0.042489 -0.119520 0.991922 -0.998934 0.012857 0.044339
-1.230251 -119.839681 29.539871 8794.401250 0.029614 0.993635 0.108688 -0.173061 -0.101997 0.979615 -0.984466 0.047820 -0.168939
-1.537973 -131.076891 -172.972239 7032.958770 0.046980 0.994409 0.094574 -0.285365 -0.077372 0.955291 -0.957267 0.071868 -0.280135
1.855073 -127.912514 -1666.318880 11292.011582 0.034930 0.993561 0.107782 -0.131832 -0.102324 0.985977 -0.990656 0.048649 -0.127409
-5.726898 -38.705078 -2301.138761 -3883.381214 -0.382357 0.886964 0.259031 0.472977 -0.052953 0.879482 -0.793786 -0.458792 0.399267
-9.528401 -34.441951 -1078.769786 -4615.032977 -0.334028 0.890426 0.309138 0.436591 -0.144509 0.887978 -0.835352 -0.431577 0.340482
-5.960881 -30.951434 -1846.161551 -4319.211727 -0.377312 0.889555 0.257540 0.404938 -0.091627 0.909742 -0.832863 -0.447544 0.325643
-8.954921 -23.736165 -786.537085 -2866.315754 -0.368007 0.891764 0.263303 0.366462 -0.121153 0.922511 -0.854562 -0.435981 0.282213
-3.374391 -27.919675 -2947.070452 -3641.115529 -0.417820 0.883617 0.211300 0.368484 -0.047772 0.928406 -0.830449 -0.465768 0.305638
0.916923 -35.127312 -3616.567967 -3438.778110 -0.431310 0.880603 0.196240 0.418095 0.002344 0.908400 -0.799480 -0.473849 0.369187
-3.491955 -120.013873 1121.674674 -4092.059116 0.440728 -0.301120 0.845627 0.872475 0.365205 -0.324674 -0.211062 0.880881 0.423676
-2.754422 -112.203081 -118.778505 -3132.132755 0.468616 -0.271936 0.840506 0.836120 0.443629 -0.322640 -0.285136 0.853958 0.435263
0.991319 -111.909370 1006.638177 -3875.451015 0.447264 -0.291744 0.845483 0.799513 0.554148 -0.231730 -0.400917 0.779619 0.481103
-6.342535 -118.272652 -547.650681 1540.601832 0.460459 -0.272449 0.844837 0.884771 0.217864 -0.411965 -0.071820 0.937180 0.341372
-6.394831 -122.242443 720.021247 -1052.732470 0.428971 -0.297017 0.853092 0.903115 0.120974 -0.412006 0.019171 0.947178 0.320134
-13.541562 -91.857705 -1661.320257 660.573773 0.233780 0.946899 0.220745 -0.516460 0.313295 -0.796941 0.823782 -0.072303 -0.562277
-12.868015 -91.897290 850.769500 -788.495412 0.215854 0.952252 0.215926 -0.508148 0.298386 -0.807930 0.833782 -0.064673 -0.548293
-14.726756 -92.760339 -311.545331 -471.311587 0.206708 0.953959 0.217336 -0.688150 0.299658 -0.660799 0.695501 0.012967 -0.718408
122.424076 -42.703550 30313.718932 1246.938411 0.219967 0.899289 -0.378012 0.817415 0.041568 0.574548 -0.532398 0.435374 0.725949
183.157454 -43.858671 41163.491068 -7279.923537 0.194265 0.893065 -0.405827 0.661115 0.186441 0.726751 -0.724699 0.409480 0.554200
178.323534 -54.519050 -74078.140841 -1690.061955 -0.467761 -0.703909 0.534520 0.743483 0.013661 0.668615 -0.477947 0.710159 0.516954
115.408893 -53.220295 -52837.407990 3767.248890 -0.459799 -0.746083 0.481607 0.796575 -0.106817 0.595028 -0.392496 0.657229 0.643425
115.348672 -50.463136 -47679.629273 2147.638077 -0.332441 -0.810734 0.481865 0.855089 -0.043556 0.516648 -0.397876 0.583792 0.707729
-2.534872 -232.848333 284.291923 12998.259099 -0.554399 -0.133868 -0.821414 0.832142 -0.073173 -0.549714 0.013484 -0.988294 0.151964
-1.603262 -228.280298 -2104.710202 -7089.748395 -0.570861 -0.176879 -0.801768 0.790491 -0.382328 -0.478487 -0.221904 -0.906940 0.358077
-3.270161 -218.627734 -1792.865526 17578.565024 -0.565178 -0.153855 -0.810495 0.822282 -0.025839 -0.568493 0.066523 -0.987756 0.141116
-3.682398 -206.857258 -691.644286 29164.659980 -0.560778 -0.120062 -0.819215 0.776927 0.265711 -0.570772 0.286203 -0.956547 -0.055725
-2.083666 -244.831315 -1148.442930 41479.368356 -0.563651 -0.138704 -0.814284 0.760348 0.298063 -0.577088 0.322752 -0.944415 -0.062540
5.013578 -278.867574 -4604.802261 54813.681144 0.456926 0.131681 0.879704 0.680124 -0.689113 -0.250110 0.573281 0.712589 -0.404432
14.102197 -265.883229 5261.535580 -70720.045495 -0.484672 -0.108538 -0.867936 -0.380993 0.919393 0.097781 0.787361 0.378069 -0.486956
21.787999 -278.274172 -5153.637667 59470.335212 0.484484 0.101803 0.868856 0.647816 -0.709208 -0.278133 0.587885 0.697610 -0.409550
17.651426 -95.383611 4547.970793 1044.184246 0.625421 0.305835 0.717853 -0.449990 0.892958 0.011612 -0.637462 -0.330289 0.696097
21.523074 -97.512954 7257.376779 2482.574680 0.661741 0.202527 0.721860 -0.336582 0.940595 0.044655 -0.669934 -0.272515 0.690597
9.691929 -94.790489 7294.610249 7378.653748 0.652598 0.256456 0.712984 -0.282420 0.955501 -0.085188 -0.703104 -0.145767 0.695986
0.216470 -226.106837 -820.574096 -30732.957450 -0.350312 -0.055468 -0.934989 -0.240153 0.970193 0.032421 0.905322 0.235898 -0.353192
-0.070120 -256.217336 -611.219763 -16726.894186 -0.367711 -0.070397 -0.927272 -0.311983 0.948680 0.051695 0.876045 0.308302 -0.370803
-1.211741 -231.461675 -2009.845861 695.518854 -0.353318 -0.112076 -0.928765 -0.018369 0.993437 -0.112892 0.935323 -0.022826 -0.353059
-0.750298 -193.390253 -598.758197 -3578.201791 -0.367415 -0.073839 -0.927121 -0.028030 0.997270 -0.068318 0.929635 0.000886 -0.368482
0.183370 -213.608274 905.499943 -28440.117600 -0.370221 -0.046933 -0.927757 -0.272583 0.960247 0.060198 0.888051 0.275177 -0.368297
-15.727340 -36.121007 4108.061801 -1176.902631 0.216709 0.960622 -0.173903 0.586567 0.014270 0.809775 -0.780370 0.277492 0.560376
-9.514681 -34.850259 3320.464417 -1708.733227 0.328887 0.943367 -0.043500 0.581134 -0.165863 0.796726 -0.744390 0.287313 0.602773
-9.207520 -30.126624 2140.580549 -726.868760 0.210365 0.955985 -0.204547 0.571930 0.049344 0.818817 -0.792870 0.289237 0.536376
-15.976663 -34.696849 2913.036233 626.218197 0.076568 0.926422 -0.368617 0.565928 0.263999 0.781044 -0.820891 0.268414 0.504075
-19.083634 -35.155029 3752.147400 1757.441825 -0.286370 0.351331 -0.891380 -0.174564 0.895640 0.409091 0.942083 0.272754 -0.195155
-14.247868 -38.400021 3303.113104 1828.951717 -0.289889 0.343678 -0.893224 -0.102147 0.916859 0.385923 0.951593 0.203115 -0.230682
-5.477984 -35.924926 5668.431248 1913.504524 -0.310734 0.251388 -0.916651 -0.182605 0.930638 0.317125 0.932791 0.265926 -0.243276
-4.641099 -39.633447 6535.890075 1803.291545 -0.319128 0.277365 -0.906215 -0.084980 0.943987 0.318852 0.943894 0.178765 -0.277682
8.883937 -37.658349 7991.387311 1680.611600 -0.328269 0.197296 -0.923750 -0.129773 0.959250 0.250995 0.935627 0.202271 -0.289288
7.433913 -33.566983 6251.891952 1635.293402 -0.309746 0.201192 -0.929290 -0.228253 0.933043 0.278085 0.923016 0.298249 -0.243083
-8.491756 -103.247356 1050.975505 -2885.420284 0.136855 0.953974 0.266841 -0.717192 -0.090393 0.690988 -0.683306 0.285941 -0.671812
-6.410059 -104.991158 1098.470468 -1258.602242 0.125994 0.951326 0.281254 -0.539641 -0.172171 0.824102 -0.832414 0.255608 -0.491683
-6.177447 -102.387464 3066.055104 -1643.939320 0.156379 0.939812 0.303807 -0.645311 -0.135648 0.751781 -0.747743 0.313613 -0.585258
-10.301782 -100.571647 2536.308083 -1889.030355 0.169678 0.942199 0.288912 -0.784417 -0.048343 0.618347 -0.596572 0.331548 -0.730874
0.761490 -139.388387 1183.123110 34562.096606 0.182668 0.971553 0.150724 -0.754570 0.040259 0.654984 -0.630283 0.233377 -0.740458
23.541744 -1283.918851 -5856.755537 468354.292629 0.220911 0.962627 0.156679 -0.759651 0.069080 0.646652 -0.611661 0.261874 -0.746520
-4.870720 -91.615040 -263.251992 4879.709159 0.155819 0.971606 0.178048 -0.740613 -0.004356 0.671918 -0.653615 0.236563 -0.718906
10.716379 -350.502459 -3740.241504 132721.976424 0.041511 0.168852 -0.984767 -0.495186 0.859528 0.126505 0.867795 0.482391 0.119293
39.520010 -1092.068454 -11325.244367 375687.566708 0.034978 -0.133909 -0.990376 -0.317347 0.938205 -0.138063 0.947664 0.319122 -0.009679
16.554879 -146.605756 1086.729928 28723.837411 0.006585 0.249223 -0.968424 -0.346694 0.908946 0.231559 0.937955 0.334222 0.092389
41.626096 -78.156284 7253.312356 -2017.253012 -0.056502 0.529374 -0.846505 -0.455220 0.740941 0.493743 0.888585 0.413243 0.199117
29.228037 -81.014805 1807.438853 2702.769160 -0.058060 0.481818 -0.874346 -0.510799 0.738158 0.440689 0.857738 0.472201 0.203255
38.528603 -86.426179 5137.043321 58.538966 0.005533 0.552775 -0.833312 -0.340105 0.784687 0.518262 0.940371 0.280546 0.192344
4.673604 -397.213943 -4099.251536 117878.597795 0.087101 -0.011159 -0.996137 -0.203860 0.978577 -0.028788 0.975118 0.205580 0.082960
22.812611 -45.981992 3832.521179 2451.120490 0.498822 -0.298538 0.813665 0.066675 0.949240 0.307406 -0.864136 -0.099090 0.493407
29.092236 -46.425624 699.502881 1164.249820 0.404997 -0.327966 0.853473 0.026341 0.937251 0.347660 -0.913938 -0.118320 0.388223
26.611001 -43.246330 563.824287 2733.156490 0.400236 -0.345963 0.848599 0.164256 0.938088 0.304976 -0.901571 0.017325 0.432284
22.390633 -40.785675 3743.666620 3121.002480 0.482701 -0.305829 0.820652 0.175058 0.951829 0.251746 -0.858111 0.022143 0.512986
21.047613 -103.966253 -725.079610 -10067.256883 -0.084753 0.825145 0.558527 -0.755029 -0.418960 0.504384 -0.650191 0.378956 -0.658517
33.822762 -93.608736 -1553.401063 -10290.243659 -0.068679 0.830876 0.552204 -0.866470 -0.324028 0.379784 -0.494482 0.452385 -0.742183
24.827817 -104.356114 -2442.250093 -6226.468266 -0.134149 0.760480 0.635353 -0.761717 -0.489244 0.424767 -0.633870 0.426977 -0.644902
26.877979 -95.691128 1470.399784 -14186.115914 -0.017440 0.876805 0.480529 -0.818457 -0.288573 0.496845 -0.574304 0.384627 -0.722660
11.986907 -109.056848 -1155.834662 -2548.039651 -0.104731 0.805730 0.582950 -0.599498 -0.518847 0.609426 -0.793494 0.285652 -0.537373
15.700747 -98.823203 82.111329 -77.599794 -0.076264 0.851542 0.518711 -0.596980 -0.455674 0.660285 -0.798623 0.259304 -0.543104
33.299274 -74.130084 2918.558840 -2864.547358 -0.089825 0.953190 -0.288723 0.070734 0.295268 0.952792 -0.993443 -0.065162 0.093946
39.071045 -62.628867 5669.120522 -10536.989818 -0.045652 0.943928 -0.326980 -0.208617 0.311095 0.927199 -0.976931 -0.110542 -0.182717
30.937971 -73.180198 3741.425387 -6236.420120 -0.012260 0.962424 -0.271273 -0.077797 0.269552 0.959838 -0.996894 -0.032872 -0.071569
-2.826234 -39.399641 -1149.917243 603.406718 -0.337636 0.917430 0.210533 0.938543 0.345160 0.001071 -0.071685 0.197956 -0.977586
-2.511953 -40.695900 -633.369576 142.641763 -0.330133 0.917816 0.220513 -0.923892 -0.362067 0.123816 -0.193481 0.162855 -0.967493
-5.485908 -40.568007 -1657.020022 317.066072 -0.342236 0.914017 0.217826 0.931092 0.361045 -0.052096 -0.126262 0.184987 -0.974596
-8.695278 -40.284639 -1526.182444 -762.622560 -0.363424 0.901937 0.233308 0.928502 0.371149 0.011516 -0.076205 0.220813 -0.972335
-5.031939 -39.785858 -2548.684269 103.135883 -0.339802 0.917960 0.204656 0.939581 0.340937 0.030810 -0.041492 0.202760 -0.978349
14.904657 -39.734590 5196.875737 -71.488917 -0.530240 0.687988 0.495497 0.729352 0.072144 0.680324 0.432308 0.722127 -0.540040
22.282633 -41.466806 6059.581859 123.550395 -0.539945 0.693489 0.477005 0.737832 0.117251 0.664723 0.405048 0.710863 -0.574987
20.933882 -40.818238 6347.553246 655.732963 -0.561616 0.688310 0.459148 0.683563 0.073319 0.726200 0.466186 0.721702 -0.511680
11.256934 -37.593157 4326.610176 606.032136 -0.547487 0.689032 0.474860 0.674127 0.026950 0.738124 0.495794 0.724229 -0.479250
4.838777 -38.820282 3625.564409 263.717259 -0.518675 0.684617 0.512129 0.734073 0.049516 0.677263 0.438307 0.727219 -0.528241
3.049866 -50.540225 979.755341 360.383648 0.566959 -0.809069 -0.154806 0.818663 0.532575 0.214838 -0.091373 -0.248538 0.964303
2.112897 -50.336625 241.570272 106.919019 0.573272 -0.806542 -0.144396 0.804395 0.520456 0.286486 -0.155911 -0.280386 0.947141
3.452091 -51.696236 897.531720 277.966783 0.571177 -0.806630 -0.152002 0.795768 0.498754 0.343508 -0.201273 -0.317162 0.926767
3.538009 -51.647661 262.728713 -115.541787 0.573963 -0.807676 -0.135002 0.774418 0.481785 0.410072 -0.266164 -0.339914 0.902006
3.638913 -51.433732 207.425260 -3.203381 0.572764 -0.808906 -0.132713 0.805493 0.525364 0.274179 -0.152062 -0.263939 0.952477
3.463597 -50.945267 295.536250 6.877542 0.571904 -0.806948 -0.147513 0.752527 0.444506 0.485919 -0.326541 -0.388907 0.861465
-15.229319 -102.292558 468.781354 2940.136228 -0.537158 0.836420 0.108917 0.763214 0.536948 -0.359433 0.359119 0.109945 0.926793
-15.218959 -105.145596 265.409725 -507.530430 -0.574155 0.808587 0.128581 0.803659 0.586591 -0.100214 0.156456 -0.045797 0.986623
-10.449302 -108.013918 -1970.613937 2837.887129 -0.536681 0.824851 0.177750 0.784142 0.565347 -0.255939 0.311602 -0.002024 0.950211
-5.243513 -116.327534 -3480.498392 2479.858047 -0.539111 0.810225 0.229989 0.790678 0.580947 -0.193204 0.290151 -0.077689 0.953822
-3.343651 -113.439211 -4771.771193 6546.403669 -0.493849 0.837653 0.233346 0.715661 0.543968 -0.438096 0.493906 0.049357 0.868114
-11.031242 -104.407169 -1757.139951 3188.464169 -0.508781 0.846726 0.155556 0.735933 0.521527 -0.431754 0.446704 0.105189 0.888477
-6.736550 -83.279639 1448.715710 -1287.242588 -0.687791 0.725909 -0.000461 0.205978 0.194552 -0.959022 0.696073 0.659701 0.283333
0.552446 -85.249633 3100.101710 -2268.516698 -0.705579 0.707817 0.033962 0.098526 0.145449 -0.984448 0.701749 0.691259 0.172364
-2.631836 -82.742513 2676.213275 -3184.134939 -0.710495 0.703558 0.014217 0.246461 0.267712 -0.931444 0.659131 0.658283 0.363608
-7.695175 -45.712005 -196.264733 9412.621922 0.718523 -0.689986 -0.087428 -0.585223 -0.531872 -0.612067 -0.375817 -0.490949 0.785958
-10.194636 -64.816645 1452.809306 -11367.663222 0.663259 -0.731187 -0.159540 0.691849 0.517770 0.503248 -0.285363 -0.444162 0.849287
-9.532912 -60.563131 -41.957282 10629.900718 0.686063 -0.719399 -0.108548 -0.658357 -0.550373 -0.513474 -0.309651 -0.423739 0.851212
13.208077 -15.006993 -6087.262630 -3021.215031 -0.201198 0.183657 -0.962180 -0.386357 0.887755 0.250240 0.900138 0.422092 -0.107657
1.549564 -26.874708 -4331.179080 -3592.221884 -0.134529 0.037489 -0.990200 -0.469102 0.877805 0.096966 0.872838 0.477550 -0.100504
12.605910 -23.298923 -4887.076714 -3863.570646 -0.207499 0.157965 -0.965397 -0.421706 0.876023 0.233981 0.882671 0.455665 -0.115160
22.500480 -17.482287 -4971.734586 -3042.972067 -0.279635 0.233168 -0.931363 -0.378831 0.864560 0.330185 0.882208 0.445161 -0.153430
15.823890 -26.432028 -3143.877645 -3651.535815 -0.263203 0.183657 -0.947098 -0.437391 0.852302 0.286828 0.859891 0.489746 -0.143999
4.117615 -130.574910 2992.976031 -207.542832 0.665467 -0.744214 0.057450 -0.567203 -0.454149 0.687044 0.485216 0.489791 0.724341
3.007753 -135.264590 1387.863923 -3448.904433 0.679875 -0.728967 0.079863 -0.475181 -0.354976 0.805105 0.558545 0.585320 0.587731
-2.727819 -143.162120 1036.612860 -3959.109730 0.676491 -0.730318 0.094847 -0.578339 -0.447094 0.682372 0.455943 0.516472 0.724826
4.308986 -132.527262 636.250996 12412.353411 -0.662747 0.748816 -0.006326 -0.363938 -0.329467 -0.871206 0.654458 0.575087 -0.490876
3.214480 -143.727782 605.495473 5073.809717 -0.670394 0.740780 -0.042621 -0.132392 -0.175936 -0.975458 0.730099 0.648298 -0.216020
2.811247 -128.800273 -184.021589 8156.420496 -0.674031 0.738545 -0.015262 -0.262564 -0.258838 -0.929550 0.690465 0.622538 -0.368380
-1.681895 -63.262440 233.668369 2946.720484 -0.430672 0.902492 -0.005514 0.405586 0.188082 -0.894497 0.806239 0.387471 0.447040
-2.136650 -58.579844 354.927137 2669.805958 -0.435031 0.900396 -0.005960 0.311940 0.144500 -0.939049 0.844655 0.410374 0.343732
0.157890 -61.795657 876.824816 1683.323386 -0.459168 0.888098 0.021130 0.427070 0.241537 -0.871362 0.778958 0.391077 0.490186
0.305582 -64.754155 976.199152 538.775425 -0.456647 0.889478 0.017377 0.507257 0.276366 -0.816279 0.730865 0.363937 0.577396
13.766431 -47.925687 -486.156229 678.197101 -0.368258 0.916332 0.157230 -0.588684 -0.098921 -0.802288 0.719609 0.388008 -0.575859
14.152982 -46.865572 -3287.488065 -390.210373 -0.360148 0.928452 0.090942 -0.649412 -0.179529 -0.738941 0.669744 0.325187 -0.667605
10.840775 -44.283238 -2555.570978 -589.528589 -0.344423 0.934424 0.090687 -0.587591 -0.139224 -0.797091 0.732195 0.327823 -0.597011
-16.334466 -220.949720 2516.973276 10999.901270 -0.610276 0.772300 -0.176395 0.143722 -0.111034 -0.983369 0.779042 0.625479 0.043235
-12.291492 -205.850360 2860.538947 1998.669560 -0.625249 0.759375 -0.180038 0.247502 -0.025843 -0.968543 0.740140 0.650140 0.171789
-17.174941 -220.356344 1895.458628 -15497.379666 -0.604919 0.779204 -0.164058 0.426564 0.143124 -0.893061 0.672396 0.610211 0.418959
-18.043695 -226.545182 285.641075 -7897.258450 -0.576121 0.803933 -0.147571 0.313898 0.050915 -0.948090 0.754687 0.592537 0.281687
-17.014820 -218.661837 228.503420 18171.936285 -0.570710 0.804985 -0.162143 0.044066 -0.167149 -0.984946 0.819969 0.569263 -0.059921
18.934148 -133.136936 4297.586656 -12821.445955 -0.565239 0.824033 0.038400 -0.823988 -0.566204 0.021363 -0.039346 0.019566 -0.999034
22.598044 -134.640099 3709.926195 -8391.891051 -0.555942 0.831213 -0.003673 -0.823795 -0.550381 0.135802 -0.110859 -0.078524 -0.990729
24.551639 -134.221596 4904.356026 -17002.046676 -0.550433 0.834805 0.011110 -0.823616 -0.540781 -0.170919 0.136675 0.103230 -0.985223
22.323833 -122.956574 5589.854131 13213.943448 -0.560180 0.826267 0.059006 0.813592 0.535393 0.226764 0.155776 0.175036 -0.972161
12.296052 -120.291081 1757.401144 12583.553336 -0.573266 0.818305 0.041759 0.810122 0.558423 0.178512 0.122758 0.136165 -0.983051
9.992100 -131.078019 545.650005 -7521.148857 -0.574603 0.818203 0.019370 -0.817036 -0.574844 0.044791 -0.047783 -0.009911 -0.998809
13.053230 -138.465549 1832.139047 -3521.343154 -0.571974 0.819903 0.024590 -0.794760 -0.561354 0.230732 -0.202981 -0.112430 -0.972707
1.961350 -29.902146 -1343.939428 5708.374986 -0.441464 0.760168 0.476711 -0.195150 -0.599910 0.775902 -0.875800 -0.249503 -0.413186
3.326355 -27.730248 -1059.256239 5737.683812 -0.439691 0.777234 0.450087 -0.182798 -0.568080 0.802415 -0.879350 -0.270540 -0.391857
4.461426 -23.990105 -1539.209483 3026.118415 -0.469661 0.696244 0.542829 -0.126641 -0.661634 0.739055 -0.873716 -0.278361 -0.398917
-0.821533 -27.483409 -1363.805275 -3726.087808 -0.470585 0.673643 0.569872 0.160337 0.700387 -0.695522 -0.867665 -0.235930 -0.437601
-28.518095 -205.823041 13069.321913 -45202.614570 0.626945 -0.700217 0.341521 -0.382312 0.105435 0.917998 0.678806 0.706102 0.201599
-22.716948 -295.778031 4166.220213 -112505.147010 0.698708 -0.607821 0.377308 -0.226515 0.312311 0.922580 0.678600 0.730079 -0.080533
12.658087 -337.090207 8209.245324 -116539.944380 0.689462 -0.646007 0.327592 -0.283402 0.175622 0.942783 0.666577 0.742854 0.061996
-76.962117 -461.351691 -4043.681049 -200726.081969 0.823726 -0.539919 -0.173096 0.348775 0.241816 0.905473 0.447025 0.806233 -0.387501
-17.081517 -551.713039 54.152230 -169537.737504 0.735950 -0.672048 0.082033 -0.222722 -0.125897 0.966719 0.639354 0.729727 0.242333
107.103311 -1772.767814 47618.828690 788061.229920 0.586593 -0.760830 0.277571 0.611708 0.191606 -0.767529 0.530775 0.620020 0.577801
-16.278056 -34.996348 -1458.460860 -86.452926 -0.595093 0.793519 0.127250 0.709072 0.443905 0.547874 0.378261 0.416265 -0.826826
-15.436723 -35.224367 -1157.290243 -180.280318 -0.517567 0.832600 0.197235 0.805428 0.396266 0.440749 0.288810 0.386975 -0.875693
-17.583899 -37.386712 -1385.912860 -770.889686 -0.635328 0.762332 0.123322 0.683995 0.481373 0.548117 0.358483 0.432586 -0.827260
-16.964434 -36.143550 2095.411669 139.790203 0.673353 -0.737366 -0.053731 0.586064 0.488056 0.646784 0.450693 0.467004 -0.760778
-0.491170 -49.342377 -1250.540651 -5085.277813 -0.436910 0.856070 -0.276142 0.894351 0.446247 -0.031620 0.096159 -0.260783 -0.960597
2.188050 -55.278851 -494.663555 1896.830800 -0.455902 0.852043 -0.257247 -0.859243 -0.496709 -0.122401 0.232068 -0.165234 -0.958563
2.434134 -49.368630 -363.443625 -5790.874131 -0.450946 0.857065 -0.249172 0.889961 0.453015 -0.052417 0.067954 -0.245390 -0.967040
4.467752 -55.453815 562.574364 1603.103157 -0.478907 0.843213 -0.244213 -0.850999 -0.514222 -0.106664 0.215521 -0.156743 -0.963837
3.447853 -240.096959 2645.816205 -40233.639922 0.390858 -0.913955 -0.109160 0.919565 0.392929 0.002739 0.040389 -0.101450 0.994020
1.542203 -335.735175 -136.601831 -86624.340265 -0.347074 0.935954 0.059406 0.918736 0.352041 -0.178863 0.188321 0.007500 0.982079
7.550266 -225.588426 805.363199 -47413.001553 0.419366 -0.902169 -0.101107 0.898612 0.396711 0.187395 -0.128952 -0.169443 0.977067
4.670066 -228.245437 -887.359295 -40429.661867 0.431750 -0.897218 -0.092691 0.901855 0.427595 0.061811 -0.015824 -0.110280 0.993775
9.540900 -164.827941 279.490186 -17417.079302 -0.437984 0.893996 0.094554 0.853178 0.380218 0.357101 -0.283296 -0.237076 0.929268
-246.161152 -394.160569 -13864.963026 15686.767347 0.533168 0.703257 0.470277 0.435908 0.248047 -0.865134 0.725063 -0.666260 0.174305
-225.791710 -353.184675 9087.814367 -16724.650391 -0.593167 -0.675988 -0.437256 0.663888 -0.103475 -0.740639 0.455418 -0.729612 0.510158
-273.458153 -446.840880 -56611.821424 85993.703611 0.839882 0.389756 0.377742 0.414913 -0.012360 -0.909777 0.349922 -0.920835 0.172096
-271.472026 -463.473850 -53892.089484 -15457.979225 0.696107 0.278276 0.661813 0.537812 0.408542 -0.737463 0.475597 -0.869285 -0.134729
-48.663995 -79.260082 635.216615 1861.032555 0.338413 0.940926 -0.011655 0.885160 -0.322511 -0.335379 0.319325 -0.103180 0.942011
-41.589058 -72.378119 -1214.814142 5310.444525 0.468114 0.867827 -0.166571 0.771382 -0.493264 -0.402070 0.431091 -0.059725 0.900330
-45.702437 -72.353373 -254.442106 33.816560 -0.595664 -0.270913 0.756168 0.629791 -0.741828 0.230335 0.498546 0.613430 0.612499
-43.999800 -71.473055 58.892703 59.221794 -0.540947 -0.287270 0.790476 0.740440 -0.608429 0.285594 0.398905 0.739791 0.541834
-46.272334 -71.436631 1545.986420 -209.417096 -0.597003 -0.367601 0.713062 0.726678 -0.624374 0.286523 0.339891 0.689222 0.639881
-44.941979 -70.437216 -1615.686859 1255.774047 -0.497639 -0.174490 0.849652 0.707340 -0.648581 0.281091 0.502021 0.740875 0.446183
-48.158778 -73.608689 -1244.635427 -1126.520899 -0.630208 -0.362789 0.686456 0.645888 -0.735617 0.204194 0.430889 0.572059 0.697914
-44.250761 -69.742384 -1255.608927 62.377977 -0.534027 -0.179156 0.826268 0.614231 -0.753774 0.233547 0.580978 0.632240 0.512579
-3.707093 -36.397407 -493.045470 -802.568200 0.707592 -0.545460 0.449207 -0.277973 0.369586 0.886644 0.649650 0.752249 -0.109893
5.425796 -29.938123 -4939.306881 -3516.063702 0.796387 -0.594756 0.109694 -0.063249 0.098476 0.993127 0.601471 0.797852 -0.040807
-0.422196 -48.855056 -1794.825704 -3604.202914 0.748331 -0.589506 0.304112 -0.244330 0.181265 0.952599 0.616688 0.787163 0.008388
-1.979918 -25.383248 -1639.096820 1020.653179 0.720366 -0.501626 0.479004 -0.304985 0.391177 0.868312 0.622943 0.771591 -0.128802
-6.919708 -44.176246 312.030852 -613.266950 0.695272 -0.562003 0.448050 -0.302801 0.336323 0.891739 0.651849 0.755672 -0.063660
-6.009448 -39.616502 -87.637287 -1182.820318 0.668078 -0.532700 0.519522 -0.281670 0.465191 0.839202 0.688720 0.706985 -0.160738
-1.911234 -35.958346 2071.076143 -1590.141996 -0.641945 0.446914 -0.623036 -0.326486 0.575900 0.749497 0.693767 0.684549 -0.223785
0.584633 -31.942343 -2824.709359 446.290539 0.617157 -0.386523 0.685359 -0.416484 0.578532 0.701314 0.667576 0.718262 -0.196064
49.637768 -44.208761 -15120.879753 2122.368559 0.230722 0.838858 0.493037 0.133881 0.474520 -0.870004 0.963765 -0.266737 0.002824
65.833697 -42.216768 -5432.274032 2173.436225 0.018754 0.885013 0.465188 0.101123 0.461205 -0.881512 0.994697 -0.063573 0.080846
65.176623 -39.814989 -1178.940504 2524.365040 -0.070068 0.893675 0.443211 0.020272 0.445487 -0.895059 0.997336 0.053730 0.049331
54.904420 -33.072144 -4744.243801 1687.379969 0.040752 0.892563 0.449077 -0.043663 0.450612 -0.891651 0.998215 -0.016728 -0.057336
-14.633163 -90.779953 -1699.346012 1372.701166 0.127236 0.962717 0.238720 0.979398 -0.083892 -0.183690 -0.156815 0.257174 -0.953557
-0.585433 -104.475616 -25.560251 12902.439214 0.025117 0.989963 0.139076 0.084490 -0.140724 0.986437 -0.996108 0.013026 0.087176
-2.323901 -107.312534 1326.559813 9251.638549 0.069840 0.988618 0.133256 -0.022516 -0.131986 0.990996 -0.997304 0.072212 -0.013042
-3.198201 -119.694652 768.879218 5036.449245 0.068750 0.990882 0.115870 -0.254399 -0.094893 0.962433 -0.964653 0.095645 -0.245556
11.027449 -39.076404 -1524.921828 2226.304951 0.656142 0.673213 -0.340972 -0.387329 -0.087342 -0.917795 0.647652 -0.734272 -0.203446
17.862877 -38.001859 91.463365 5893.457824 0.644580 0.704824 -0.296209 -0.442568 0.028064 -0.896296 0.623418 -0.708827 -0.330022
17.577300 -40.401022 -2724.250205 6807.469704 0.660531 0.668887 -0.341012 -0.454611 -0.005152 -0.890675 0.597518 -0.743347 -0.300680
-9.113132 -39.895863 -544.980138 -3758.566143 -0.323872 0.898341 0.296799 0.493621 -0.107176 0.863048 -0.807121 -0.426023 0.408729
0.688354 -105.294599 258.703374 -5255.672879 0.487698 -0.262978 0.832462 0.731376 0.643749 -0.225113 -0.476697 0.718630 0.506291
-1.078965 -109.399016 -533.628150 -5136.987704 0.488769 -0.253423 0.834794 0.798842 0.514609 -0.311497 -0.350652 0.819118 0.453970
-3.369124 -115.295399 -849.741642 -557.506561 0.486252 -0.253032 0.836381 0.863512 0.285717 -0.415587 -0.133811 0.924306 0.357427
-11.737307 -90.707689 142.950297 -2687.697350 0.259655 0.949149 0.178033 -0.316320 0.257780 -0.912958 0.912426 -0.180739 -0.367168
-12.388945 -92.617426 772.504178 -1002.210773 0.230233 0.958139 0.170182 -0.515510 0.268410 -0.813760 0.825374 -0.099624 -0.555727
-11.769714 -90.883793 2301.328018 -1994.737302 0.226269 0.952279 0.204859 -0.318314 0.271055 -0.908408 0.920586 -0.140335 -0.364455
-10.735307 -94.905202 -2257.257948 -1666.317152 0.296346 0.945628 0.134042 -0.399525 0.250216 -0.881914 0.867502 -0.207798 -0.451952
-10.682010 -90.113098 1539.388366 -1755.039952 0.252401 0.947027 0.198580 -0.145693 0.240080 -0.959758 0.956591 -0.213312 -0.198572
-10.281581 -93.131521 -2789.244907 -1161.016497 0.304360 0.937161 0.170568 -0.204825 0.239262 -0.949105 0.930275 -0.253933 -0.264776
256.720846 -41.091979 -69220.984707 -8047.846570 -0.149244 0.988190 -0.034743 0.636885 0.122946 0.761093 -0.756375 -0.091461 0.647712
236.573402 -36.703502 39159.655140 -3986.931107 0.094561 0.922526 -0.374171 0.610009 0.243335 0.754107 -0.786732 0.299557 0.539739
486.371689 -54.797672 -189923.756401 -4720.916918 -0.489360 -0.612103 0.621174 0.680410 0.177563 0.710995 -0.545499 0.770585 0.329589
-1.137453 -244.301687 2146.722064 -33611.564972 -0.549213 -0.123969 -0.826436 0.721888 -0.568587 -0.394445 -0.421002 -0.813229 0.401767
0.556773 -222.726946 -286.637304 -25526.895913 -0.563750 -0.153069 -0.811638 0.634311 -0.709613 -0.306754 -0.528995 -0.687764 0.497138
-1.074164 -218.079830 -1668.525400 -10606.515478 -0.565937 -0.144795 -0.811634 0.701440 -0.601887 -0.381725 -0.433239 -0.785345 0.442195
-2.441596 -210.985395 4175.010279 -52007.007325 -0.503747 -0.129825 -0.854040 -0.422477 0.899368 0.112478 0.753493 0.417473 -0.507902
-8.592301 -62.877577 1446.566987 5262.231915 0.621883 0.202943 0.756356 0.007302 0.964292 -0.264740 -0.783076 0.170160 0.598195
-16.506171 -55.397169 41.452802 1144.457774 0.605874 0.168739 0.777460 0.134855 0.941322 -0.309396 -0.784048 0.292300 0.547567
-9.924024 -52.889833 -2475.093201 2797.849050 0.590207 0.283798 0.755721 -0.001472 0.936542 -0.350553 -0.807250 0.205786 0.553172
-5.616686 -63.280271 -2728.722676 7437.107043 0.581042 0.343895 0.737649 -0.112392 0.931564 -0.345769 -0.806076 0.118001 0.579929
2.754179 -366.439531 -2670.718312 34165.344662 -0.388441 -0.131936 -0.911980 -0.238758 0.970309 -0.038680 0.890005 0.202717 -0.408408
1.170746 -264.346684 -2249.939038 5211.977174 -0.368612 -0.145519 -0.918123 -0.005167 0.987977 -0.154516 0.929569 -0.052213 -0.364932
-2.659241 -36.135337 2191.861093 -2085.733105 0.422522 0.902138 0.087300 0.579835 -0.343080 0.738977 -0.696611 0.261614 0.668051
-2.631250 -30.187561 879.224225 -1595.630173 0.355124 0.934764 0.010180 0.558970 -0.221061 0.799178 -0.749293 0.278117 0.601009
-4.816021 -97.467302 -737.809084 7723.726810 -0.316848 0.125199 -0.940177 0.349782 0.936806 0.006870 0.881624 -0.326680 -0.340618
-4.760057 -83.127729 1159.233120 6376.886946 -0.340957 0.143584 -0.929049 0.277420 0.959623 0.046498 0.898213 -0.241884 -0.367023
-3.281097 -81.408493 56.580579 3967.810563 -0.325402 0.174435 -0.929347 0.168844 0.977761 0.124402 0.930379 -0.116434 -0.347618
-21.525800 -38.778708 3702.333627 1488.593002 -0.266245 0.388653 -0.882078 -0.072587 0.904426 0.420410 0.961168 0.175960 -0.212588
-8.327453 -41.494451 5865.676727 1509.054827 -0.291803 0.284350 -0.913234 -0.028769 0.951746 0.305534 0.956046 0.115429 -0.269542
21.473726 -42.018692 10088.792713 -1204.414105 0.524499 0.793837 -0.307772 0.727470 -0.230026 0.646432 0.442367 -0.562948 -0.698142
27.500385 -40.611967 8080.407936 -789.379221 0.540942 0.764704 -0.350157 0.749752 -0.249781 0.612765 0.381122 -0.594001 -0.708456
25.373412 -42.299993 5521.934146 -4426.920210 0.557826 0.751640 -0.351948 0.720806 -0.228537 0.654377 0.411423 -0.618715 -0.669270
-2389.620168 -5862.798552 -819372.563484 1686967.665541 0.793334 0.304582 0.527116 -0.273361 0.951874 -0.138598 -0.543962 -0.034139 0.838415
-412.636620 -2084.874332 194861.259264 974215.939158 0.969986 -0.175009 -0.168818 -0.215895 -0.939270 -0.266760 0.111880 -0.295200 0.948862
3221.752886 292.964971 248718.347533 -64991.685859 0.843083 -0.528253 0.100792 -0.438284 -0.566313 0.697995 0.311638 0.632643 0.708974
0.236737 -132.564653 -92590.501139 34806.732860 0.908429 -0.408424 -0.089150 -0.173801 -0.175040 -0.969100 -0.380198 -0.895852 0.229996
474.889197 -8119.672332 18482.436003 -3498053.951664 0.412635 -0.314885 0.854740 0.198385 0.946892 0.253061 -0.889031 0.065146 0.453189
38.482366 10.597826 -5313.481579 -3332.895373 -0.344215 0.244373 -0.906530 -0.336180 0.869438 0.362024 0.876641 0.429371 -0.217120
28.918993 11.603989 -7915.410807 -3017.098084 -0.282111 0.331537 -0.900276 -0.320823 0.851766 0.414206 0.904149 0.405681 -0.133928
35.669933 7.640183 -9867.138679 -2880.315993 -0.277835 0.284759 -0.917453 -0.323800 0.871404 0.368524 0.904412 0.399460 -0.149902
44.894186 -93.586484 -1598.050670 5177.143490 -0.093100 0.754655 0.649483 0.902545 0.339402 -0.264988 -0.420410 0.561517 -0.712709
49.865769 -75.192397 1423.355340 2241.083267 0.005624 0.846602 0.532197 0.932290 0.188045 -0.308988 -0.361667 0.497900 -0.788221
38.189982 -83.065416 2290.150113 13512.109620 0.015909 0.880982 0.472882 0.902157 0.191270 -0.386688 -0.431113 0.432766 -0.791742
-15.603924 -90.552742 -11663.327058 -16221.056325 0.110707 0.905751 -0.409095 -0.540899 0.400234 0.739758 -0.833770 -0.139383 -0.534229
-17.067518 -74.275954 -16419.808092 -7533.072907 0.012748 0.901110 -0.433403 -0.513352 0.377855 0.770516 -0.858084 -0.212665 -0.467404
-8.284582 -119.952579 -598.675698 44875.233964 0.191053 0.927497 -0.321322 -0.153668 0.351577 0.923461 -0.969477 0.127053 -0.209696
-3.888998 -85.065255 -726.586952 30991.193369 0.227165 0.884232 -0.408080 -0.122316 0.441623 0.888824 -0.966144 0.151995 -0.208477
6.069448 -94.525307 8849.977402 36066.375491 0.347351 0.781730 -0.517925 -0.048118 0.566445 0.822693 -0.936500 0.260842 -0.234371
-7.930283 -196.896452 16316.447628 76085.113025 0.332092 0.900322 -0.281309 -0.053119 0.315612 0.947400 -0.941750 0.299682 -0.152636
-1.003513 -39.881590 191.474692 1089.260658 -0.342621 0.913559 0.219135 0.932875 0.358427 -0.035692 -0.111150 0.192197 -0.975042
-2.538046 -40.976501 831.293494 -225.564562 -0.334555 0.914744 0.226531 -0.916687 -0.371637 0.146871 -0.218537 0.158522 -0.962867
-1.777522 -41.543825 1024.109896 148.677018 -0.328212 0.916367 0.229237 -0.896599 -0.378599 0.229723 -0.297300 0.130135 -0.945874
-1.347765 -41.443982 -746.593491 300.938727 -0.324519 0.921100 0.215088 -0.897053 -0.371820 0.238844 -0.299973 0.115435 -0.946938
28.624455 -42.773507 1539.329413 219.357528 -0.515185 0.758480 0.399115 0.716083 0.125030 0.686726 0.470966 0.639590 -0.607548
1.676848 -49.225823 666.292138 192.582974 0.571103 -0.806960 -0.150525 0.817573 0.542718 0.192436 -0.073596 -0.232966 0.969696
0.137217 -49.079274 707.074382 644.248380 0.576445 -0.802166 -0.155697 0.815106 0.551055 0.178719 -0.057565 -0.229931 0.971503
0.960539 -51.126768 557.541314 205.421326 0.579589 -0.801038 -0.149717 0.791291 0.509301 0.338336 -0.194769 -0.314566 0.929039
-16.044359 -100.725810 -299.336657 290.208865 -0.575417 0.807284 0.131098 0.796891 0.589479 -0.132208 0.184009 -0.028396 0.982514
-14.960859 -96.846442 -251.121705 -5410.860136 0.611975 -0.780778 -0.125989 0.790454 0.598626 0.129729 -0.025869 -0.178979 0.983513
2.440878 -85.341493 2666.010775 3708.574489 -0.712068 0.701169 0.036339 0.450507 0.495982 -0.742324 0.538518 0.512215 0.669055
-4.608882 -85.131061 970.483627 2547.734003 -0.682260 0.731078 0.006747 0.433755 0.412185 -0.801224 0.588539 0.543717 0.598326
-3.561987 -78.558353 2039.528967 189.186518 -0.697884 0.716151 0.009308 0.398579 0.399144 -0.825723 0.595058 0.572549 0.563999
-6.460401 -68.332111 1815.721290 -12556.350972 0.639978 -0.746758 -0.181058 0.715950 0.493950 0.493385 -0.279006 -0.445384 0.850758
-8.215139 -93.059621 2301.550919 -12098.960544 0.616674 -0.761217 -0.200656 0.772472 0.536029 0.340528 -0.151658 -0.364996 0.918574
-2.608658 -96.288653 1872.217297 -12050.678923 0.602480 -0.771265 -0.205348 0.785419 0.527179 0.324345 -0.141901 -0.356696 0.923381
-5.797463 -111.893775 2960.202532 -6608.629448 0.573729 -0.787559 -0.224913 0.816966 0.569826 0.088680 0.058321 -0.234625 0.970335
-1.586839 -21.690126 -4834.167782 -3573.533464 -0.114584 0.008302 -0.993379 -0.443440 0.894385 0.058624 0.888950 0.447221 -0.098801
-10.634188 -29.888183 -3587.540718 -3083.726489 -0.070278 -0.098043 -0.992698 -0.513892 0.856499 -0.048211 0.854971 0.506752 -0.110576
-4.033731 -34.064981 -3063.421914 -2493.143221 -0.120456 -0.008104 -0.992686 -0.555525 0.829286 0.060639 0.822729 0.558766 -0.104395
-1.392409 -139.916731 733.398590 -5290.749765 0.685126 -0.723799 0.081967 -0.409571 -0.289724 0.865050 0.602374 0.626239 0.494945
5.499864 -138.129833 -2469.445743 818.038769 -0.672461 0.737842 -0.058179 0.325021 0.223769 -0.918852 0.664949 0.636801 0.390291
-6.996305 -200.470556 1847.696573 -3893.716657 -0.633260 0.751616 -0.184542 0.306509 0.024612 -0.951550 0.710658 0.659142 0.245962
-6.670055 -200.630270 1621.555994 11703.561034 -0.629915 0.754115 -0.185790 0.019288 -0.223952 -0.974409 0.776425 0.617378 -0.126525
-3.884298 -207.304324 1195.481159 11444.995859 -0.635158 0.748776 -0.189498 0.092592 -0.169758 -0.981126 0.766812 0.640716 -0.038492
-5.274374 -192.637288 1120.036740 12738.360441 -0.625973 0.755892 -0.191796 -0.182031 -0.380773 -0.906574 0.758303 0.532578 -0.375949
-8.176327 -187.378717 1986.643768 12132.648200 -0.621761 0.757177 -0.200241 -0.234941 -0.424206 -0.874558 0.747139 0.496721 -0.441646
2.516766 -19.148966 -2285.395391 -1098.030330 -0.510917 0.536840 0.671392 0.006256 0.783325 -0.621580 -0.859607 -0.313376 -0.403573
-1.055551 -19.666564 -2196.527560 -997.048987 -0.511482 0.428025 0.745104 -0.063498 0.845915 -0.529525 -0.856945 -0.318155 -0.405491
-1.491419 -20.885821 -2111.225237 -2214.836187 -0.509815 0.430175 0.745009 -0.033150 0.855536 -0.516680 -0.859645 -0.288108 -0.421904
6.038966 -142.067099 1444.550304 21150.307022 -0.377264 0.900341 -0.216928 0.877102 0.422546 0.228356 -0.297260 0.104117 0.949103
8.798447 -103.647454 618.046198 14661.063002 0.345671 -0.921289 0.178150 0.935527 0.353091 0.010745 -0.072802 0.162950 0.983945
5.180411 -121.582844 95.371741 13801.382157 -0.349176 0.923040 -0.161472 0.912794 0.374006 0.164096 -0.211858 0.090092 0.973139
