18048
36087
-37.230615 -56.395044 -177.097675 7214.470189 0.032302 0.916184 0.399453 0.453175 0.342793 -0.822876 0.890836 -0.207603 0.404119
-41.242904 -67.119173 -163.826008 7145.979852 -0.007278 0.913957 0.405746 0.547821 0.343094 -0.763006 0.836564 -0.216723 0.503182
-46.042002 -78.933479 74.872118 8645.690547 -0.167898 0.698428 0.695707 0.554033 0.650580 -0.519417 0.815388 -0.298236 0.496183
-36.676148 -55.460361 -435.668453 6238.238338 0.068205 0.983498 0.167573 0.464499 0.117345 -0.877764 0.882943 -0.137705 0.448831
-39.341143 -68.627333 2360.586679 12755.286278 0.125109 -0.650995 -0.748701 0.436982 0.713649 -0.547496 0.890727 -0.258672 0.373757
-31.583080 -46.782420 -1366.060985 7845.036248 0.040725 0.883014 0.467577 0.366042 0.422247 -0.829290 0.929707 -0.204926 0.306024
-31.581383 -46.184674 754.360579 2895.425943 0.170720 0.983010 -0.067425 0.354113 -0.125069 -0.926802 0.919488 -0.134348 0.369448
144.030221 -107.723026 -52553.585501 1051.817901 0.950371 0.024612 -0.310144 0.121916 -0.946601 0.298467 0.286237 0.321466 0.902623
183.236928 -104.950460 -38679.013057 -252.406388 0.809892 -0.002062 -0.586576 -0.221479 0.924898 -0.309049 0.543160 0.380211 0.748610
197.313870 -116.335831 -25653.804753 -6165.432471 0.786473 -0.058815 -0.614818 -0.044449 0.987485 -0.151323 0.616023 0.146339 0.774016
205.039018 -117.520828 -58225.838242 -6799.210679 0.944325 -0.058074 -0.323847 0.024274 0.993914 -0.107454 0.328117 0.093611 0.939987
-37.922824 -39.936359 -59.200013 56.285353 -0.084124 0.940869 0.328159 -0.543213 0.232786 -0.806679 0.835370 0.246121 -0.491509
-10.448401 -44.272791 -13469.032285 -722.226021 -0.300871 0.909348 -0.287339 -0.383694 -0.391263 -0.836476 0.873073 0.141421 -0.466631
-37.132755 -41.656715 -399.183756 -583.275792 -0.353284 0.906033 -0.233013 -0.466168 -0.386442 -0.795833 0.811097 0.172532 -0.558888
-40.389933 -45.270754 376.275997 159.331021 0.171587 0.829149 0.532043 -0.596287 0.517303 -0.613872 0.784219 0.211918 -0.583174
35.607697 -82.074386 204.701983 8345.030698 -0.141392 0.159622 -0.977000 0.133493 0.980975 0.140952 0.980912 -0.110494 -0.160010
43.801747 -99.697486 -5099.573528 12526.807812 -0.176762 0.161216 -0.970961 0.170681 0.976569 0.131075 0.969342 -0.142556 -0.200136
42.765149 -93.255580 -1019.529095 2726.852826 -0.185666 0.088512 -0.978618 0.312563 0.949525 0.026580 0.931575 -0.300945 -0.203960
-4.247247 -35.956508 -819.719684 -2787.235090 0.382043 0.908860 0.167380 -0.305442 0.295122 -0.905322 0.872209 -0.294747 -0.390353
-3.948961 -32.705150 448.555787 -410.596565 0.378038 0.907884 0.181200 -0.391878 0.334251 -0.857151 0.838760 -0.253027 -0.482140
-2.981163 -35.618811 -445.358922 -3173.109378 0.367828 0.919094 0.141314 -0.309344 0.264255 -0.913497 0.876932 -0.292295 -0.381516
-6.213847 -39.338179 -1445.524831 106.430794 0.386403 0.904799 0.178973 -0.264960 0.294759 -0.918103 0.883453 -0.307336 -0.353632
-4.119261 -42.347339 -904.956278 -1137.258170 0.083243 0.994900 0.056960 -0.389321 -0.020148 0.920882 -0.917333 0.098833 -0.385659
-4.284302 -43.702013 -1329.366839 1592.112616 0.064633 0.993926 0.089066 -0.242168 -0.070963 0.967636 -0.968079 0.084110 -0.236111
-3.703729 -41.250080 185.820362 -365.385922 0.099986 0.992997 0.062925 -0.323144 -0.027406 0.945953 -0.941053 0.114916 -0.318141
-3.448799 -43.376369 1049.211180 -3515.306241 0.112851 0.991905 0.058221 -0.414944 -0.006194 0.909826 -0.902821 0.126833 -0.410886
-3.956530 -44.200299 2071.114936 -2658.210850 0.134136 0.988393 0.071328 -0.407610 -0.010577 0.913095 -0.903251 0.151553 -0.401460
-4.265323 -51.810098 -1700.733237 1943.749905 0.114698 0.993400 0.000788 -0.913628 0.105175 0.392712 -0.390037 0.045763 -0.919661
-4.567682 -58.144738 94.695761 220.831275 0.128190 0.991702 0.009710 -0.959454 0.121531 0.254321 -0.251031 0.041918 -0.967071
-4.686201 -54.134391 -2416.200940 602.524394 0.132754 0.990855 -0.024154 -0.940264 0.133609 0.313133 -0.313497 0.018859 -0.949402
-6.703565 -50.356384 1036.591378 586.921684 0.145113 0.988621 0.039627 -0.919755 0.120026 0.373691 -0.364683 0.090675 -0.926706
-4.517614 -50.536617 -3387.301273 3694.115076 0.093437 0.995625 -0.000259 -0.881107 0.082811 0.465610 -0.463594 0.043277 -0.884990
-6.169298 -49.016269 -978.726888 3403.016362 0.131606 0.991108 0.019606 -0.848364 0.102376 0.519421 -0.512795 0.084992 -0.854294
-5.338914 -75.335880 126.647915 4275.002488 -0.249168 -0.899516 -0.358869 0.968135 -0.240961 -0.068214 -0.025113 -0.364431 0.930892
-3.848230 -83.298363 -265.851830 -37.228821 -0.222498 -0.909525 -0.351083 0.952228 -0.280001 0.121906 -0.209179 -0.307187 0.928375
-10.382382 -84.055187 61.348158 4832.597038 -0.236313 -0.899379 -0.367794 0.966884 -0.255201 0.002815 -0.096393 -0.354949 0.929903
-8.636681 -73.849541 -835.900283 6022.912898 -0.259821 -0.897868 -0.355423 0.957072 -0.190466 -0.218483 0.128473 -0.396933 0.908812
-5.672516 -71.730570 -2846.834797 7231.880435 -0.228639 -0.919261 -0.320444 0.969381 -0.184694 -0.161828 0.089578 -0.347632 0.933342
-1.171915 -65.648942 335.128203 10600.683068 -0.055895 0.805860 0.589462 -0.140741 -0.590850 0.794411 -0.988467 0.038558 -0.146443
-4.830561 -59.308231 682.869157 8514.172122 -0.046777 0.819871 0.570634 -0.161478 -0.569953 0.805654 -0.985767 0.054459 -0.159052
-2.761553 -80.793435 -68.546735 6781.334304 -0.023302 0.865227 0.500838 -0.302422 -0.483603 0.821382 -0.952889 0.132324 -0.272933
-1.271261 -84.842435 -1752.523455 10164.438856 -0.066778 0.849850 0.522776 -0.243502 -0.521984 0.817459 -0.967599 0.072709 -0.241797
3.066317 -98.405878 -1132.266908 4736.889779 -0.038077 0.878861 0.475557 -0.420648 -0.445779 0.790149 -0.906424 0.169956 -0.386665
-25.627839 -52.844622 857.749649 -3193.679627 -0.484412 -0.091464 -0.870046 0.808165 -0.427595 -0.405008 -0.334983 -0.899331 0.281050
-27.445240 -46.753165 -289.818591 -6105.428614 -0.608301 -0.115792 -0.785214 0.730480 -0.468608 -0.496795 -0.310432 -0.875785 0.369639
-26.993373 -44.720568 -580.155573 -5916.123263 -0.367224 -0.217984 -0.904229 0.832122 -0.511362 -0.214666 -0.415594 -0.831259 0.369174
74.644117 -95.880510 -7712.780871 -17473.076697 -0.352756 -0.059641 -0.933813 0.705527 0.638589 -0.307304 0.614650 -0.767234 -0.183188
67.299497 -62.125342 2777.697916 -9403.514919 -0.369703 -0.201375 -0.907066 0.683670 0.602144 -0.412331 0.629217 -0.772574 -0.084941
56.211245 -90.159490 1622.281851 -11849.842881 -0.314029 -0.043447 -0.948419 0.646957 0.721325 -0.247257 0.694861 -0.691232 -0.198409
63.542794 -115.882670 -11410.496029 -10012.277035 -0.265450 0.039169 -0.963329 0.585317 0.800519 -0.128737 0.766120 -0.598026 -0.235424
49.503982 -94.560346 1071.367836 -5920.501222 -0.258056 0.012062 -0.966055 0.521128 0.843724 -0.128671 0.813531 -0.536642 -0.224014
-5.261904 -68.430509 1634.255294 -5521.998852 0.056708 0.961828 0.267715 0.018928 -0.269134 0.962917 -0.998211 0.049538 0.033467
-4.829923 -63.772481 1826.307883 -4380.190487 0.057661 0.964128 0.259098 -0.085770 -0.253786 0.963450 -0.994645 0.077776 -0.068060
-7.037540 -64.256888 -1273.208479 -4462.577258 0.020322 0.969486 0.244302 -0.091097 -0.241541 0.966105 -0.995635 0.041889 -0.083408
-6.188488 -71.253421 -2583.851931 -5091.542559 0.014936 0.963780 0.266280 0.054063 -0.266698 0.962263 -0.998426 -0.000024 0.056088
-3.945177 -53.407742 3601.824314 -2825.799031 -0.183143 0.943551 0.275988 0.795743 0.307132 -0.521979 0.577279 -0.124018 0.807074
-7.188882 -49.367769 3169.553517 5379.731303 -0.155970 0.957990 0.240684 0.684263 0.280519 -0.673122 0.712361 -0.059704 0.699269
4.168596 -48.667688 6954.042461 358.407835 -0.299580 0.903457 0.306623 0.727518 0.424239 -0.539202 0.617227 -0.061540 0.784375
-12.967487 -51.709414 720.565451 3331.452449 -0.034003 0.980358 0.194273 0.714674 0.159734 -0.680974 0.698630 -0.115687 0.706068
5.691575 -52.483175 5256.109982 -3401.455420 -0.289548 0.907231 0.305114 0.810525 0.401955 -0.426006 0.509128 -0.123954 0.851718
2.496535 -53.051539 5117.729889 -6499.296617 -0.238654 0.923451 0.300472 0.843381 0.350480 -0.407275 0.481408 -0.156215 0.862464
-1.485289 -50.756326 3971.708606 -5188.288743 -0.172562 0.946103 0.274064 0.867490 0.277768 -0.412682 0.466566 -0.166534 0.868667
-11.439718 -54.649269 1237.089841 -1799.663189 -0.042771 0.975321 0.216612 0.819796 0.158185 -0.550374 0.571056 -0.154037 0.806330
20.641376 -204.198341 380.936339 -45521.589654 0.641585 -0.609542 0.465646 -0.471985 0.164813 0.866064 0.604647 0.775432 0.181953
20.299546 -157.936236 266.347505 35911.614124 -0.612424 0.617164 -0.494010 0.304178 -0.392830 -0.867848 0.729666 0.681758 -0.052850
17.277065 -189.129235 -1549.906301 -39869.689427 0.647052 -0.608107 0.459923 -0.435860 0.199919 0.877530 0.625579 0.768270 0.135691
19.030455 -209.008791 -877.456672 -31778.861115 0.660211 -0.601908 0.449253 -0.577680 -0.024671 0.815890 0.480008 0.798184 0.363998
18.658551 -240.837514 -1256.459169 -16715.088077 0.666574 -0.587902 0.458313 -0.657227 -0.173374 0.733480 0.351755 0.790135 0.501952
-1.385769 -116.796398 -1628.982661 -2322.671850 -0.571760 0.687851 -0.447160 0.709576 0.141020 -0.690373 -0.411815 -0.712022 -0.568712
-1.942522 -115.463246 1192.279384 -1359.789847 0.614366 -0.689235 0.384069 0.546781 0.020970 -0.837013 -0.568845 -0.724234 -0.389745
-3.480316 -107.071263 -1260.385961 -1139.843390 -0.594767 0.687278 -0.417015 0.606711 0.043435 -0.793735 -0.527404 -0.725095 -0.442813
-3.964904 -106.122737 140.265785 -3863.857583 -0.555488 0.707648 -0.436655 0.693920 0.105167 -0.712331 -0.458158 -0.698694 -0.549470
-12.175204 -44.110501 272.087532 -2526.905573 0.928799 -0.362097 -0.078854 -0.048824 -0.330496 0.942544 0.367354 0.871584 0.324643
-10.667036 -44.035156 -1458.565085 -2576.882099 0.944930 -0.319453 -0.071110 -0.022113 -0.279105 0.960006 0.326524 0.905566 0.270799
-11.131089 -46.856391 -55.764914 -2373.246440 0.935066 -0.351817 -0.043309 -0.086280 -0.344396 0.934851 0.343812 0.870411 0.352388
-13.100979 -51.085981 13.927423 -3213.528549 0.924151 -0.381978 -0.006219 -0.161951 -0.406461 0.899200 0.346002 0.829990 0.437493
8.614874 -393.701822 2322.358207 -62971.306790 -0.552242 0.686116 -0.473576 0.160621 0.644974 0.747134 -0.818065 -0.336532 0.466386
46.332805 -1589.548866 -10830.795261 -766118.853384 -0.607274 0.656277 -0.447793 -0.084152 0.507319 0.857640 -0.790023 -0.558505 0.252855
24.457166 -357.139604 -3215.638786 -64327.688032 -0.556125 0.700944 -0.446545 -0.159714 0.437145 0.885096 -0.815608 -0.563544 0.131157
12.581105 -375.208199 -3474.761230 -64263.299241 -0.560376 0.731059 -0.389269 0.124470 0.538993 0.833063 -0.818832 -0.418377 0.393034
34.582213 11.786739 5204.529008 1452.503613 0.762207 -0.444745 0.470364 -0.455040 0.148693 0.877969 0.460412 0.883228 0.089042
36.954766 12.632127 5190.981789 -3900.971839 0.745650 -0.438537 0.501689 -0.458118 0.209349 0.863887 0.483874 0.873990 0.044801
38.146416 15.798159 -740.226182 -3888.389475 0.779769 -0.354170 0.516260 -0.476136 0.199951 0.856337 0.406516 0.913555 0.012717
27.036018 13.600469 7682.758559 -2777.919244 0.753434 -0.525107 0.395727 -0.379677 0.143924 0.913855 0.536826 0.838778 0.090934
27.458475 -3.464872 5616.326211 10532.292702 0.817752 -0.497906 0.288740 -0.340505 -0.014045 0.940138 0.464045 0.867117 0.181025
22.820001 3.634456 6503.550983 6385.549203 0.831951 -0.537886 0.136145 -0.199653 -0.061276 0.977949 0.517683 0.840788 0.158369
-22.239423 -33.719615 -915.812440 -1114.085506 0.360116 -0.313615 -0.878614 -0.328810 0.838696 -0.434135 0.873041 0.445236 0.198908
-21.019902 -35.001241 -1381.904662 -1488.606923 0.375516 -0.249807 -0.892516 -0.397777 0.826350 -0.398648 0.837115 0.504720 0.210940
-18.344991 -34.657089 -1108.752543 -508.548155 0.396833 -0.220401 -0.891037 -0.381361 0.843404 -0.378462 0.834918 0.489993 0.250638
-24.534266 -33.954603 -1690.253469 -1836.909709 0.338567 -0.309941 -0.888431 -0.375292 0.821361 -0.429561 0.862860 0.478857 0.161768
-20.823279 -30.261607 -505.191234 -473.033861 0.380029 -0.388325 -0.839513 -0.227343 0.840552 -0.491719 0.896601 0.377725 0.231151
-24.332203 -30.013449 -678.252864 146.992288 0.397139 -0.598893 -0.695419 -0.177842 0.693155 -0.698504 0.900363 0.401078 0.168771
-26.329370 -34.516157 -1100.472235 -2564.271407 0.380845 -0.518363 -0.765675 -0.250539 0.739251 -0.625091 0.890049 0.429894 0.151670
0.035935 -41.819045 -1217.317907 4780.893451 0.333213 0.884109 0.327598 0.758224 -0.044748 -0.650456 0.560415 -0.465133 0.685264
0.052554 -45.850890 -1800.044425 531.053417 0.361436 0.881835 0.302872 0.721192 -0.058521 -0.690259 0.590970 -0.467913 0.657124
-1.785116 -41.258308 -1321.728900 4370.888876 0.358461 0.882213 0.305295 0.740432 -0.069504 -0.668527 0.568565 -0.465692 0.678134
191.459330 -724.970476 -67000.050966 -248963.403516 0.804444 0.476863 -0.354219 0.590453 -0.707211 0.388866 0.065072 0.521971 0.850477
15.588352 -1761.002533 -29649.330299 -711599.810646 0.961903 0.118958 0.246154 0.017663 -0.925531 0.378259 -0.272820 0.359501 0.892372
-68.891960 -266.099480 44212.749590 79616.413235 0.726805 0.108834 -0.678166 -0.424734 0.847163 -0.319242 0.539773 0.520067 0.661948
196.361547 -668.941702 20468.811124 -209027.620575 0.979162 -0.023137 -0.201756 0.072865 -0.887308 0.455384 0.189556 0.460596 0.867133
2.893721 -265.354348 3030.715048 -69282.403304 -0.337253 0.609452 -0.717516 0.438097 -0.573009 -0.692627 0.833266 0.547932 0.073750
-6.256681 -1002.162444 10016.612122 336159.878801 -0.359244 0.583247 -0.728538 -0.159343 0.730854 0.663673 0.919540 0.354508 -0.169619
-5.515412 -753.162043 2447.685946 249198.397718 -0.332437 0.542652 -0.771372 -0.118164 0.787479 0.604908 0.935694 0.292242 -0.197665
-4.977463 -735.763206 -316.158678 42531.464925 -0.317160 0.551633 -0.771434 0.435621 0.807278 0.398167 0.842404 -0.209770 -0.496339
4.347848 -1054.601749 -1500.874741 418260.265748 -0.305344 0.462024 -0.832646 -0.339452 0.764148 0.548498 0.889684 0.450124 -0.076493
10.304711 -1217.366996 3111.890856 519328.647408 -0.358511 0.489115 -0.795133 0.202886 0.872218 0.445055 0.911212 -0.001764 -0.411934
-23.935078 -58.163957 3359.321436 -4092.125328 -0.199615 0.776625 0.597501 0.297447 -0.532975 0.792126 -0.933638 -0.335845 0.124614
-27.357946 -72.391958 1418.419454 -7437.416666 -0.195174 0.720546 0.665372 0.419699 -0.551803 0.720671 -0.886431 -0.419913 0.194715
-24.882842 -70.571065 -1966.661516 -9400.098616 -0.204094 0.750301 0.628803 0.384864 -0.529106 0.756258 -0.900125 -0.396352 0.180777
-30.297995 -68.624097 4744.731839 -3537.192764 -0.238346 0.757243 0.608091 0.344308 -0.519581 0.781977 -0.908099 -0.395751 0.136885
-22.688625 -56.727038 225.557256 -6974.927390 -0.189237 0.806581 0.560014 0.280398 -0.502184 0.818039 -0.941045 -0.311830 0.131132
-30.153232 -56.786509 3876.068382 -473.107390 -0.276390 0.837110 0.472075 0.194568 -0.432298 0.880490 -0.941144 -0.335210 0.043392
-19.705718 -47.683595 2984.578989 -1187.142012 -0.219892 0.905592 0.362699 0.174344 -0.329332 0.927979 -0.959818 -0.267290 0.085467
-22.962994 -51.388709 5702.953523 3629.898835 -0.241610 0.917303 0.316513 0.142035 -0.289233 0.946663 -0.959922 -0.273679 0.060407
69.706557 -115.731443 7531.885008 -932.148610 0.098343 -0.173417 0.979926 0.732134 0.679552 0.046785 -0.674024 0.712836 0.193794
80.824377 -124.572170 12242.275594 6888.857215 0.123234 -0.236849 0.963699 0.873031 0.487596 0.008197 -0.471838 0.840329 0.266865
53.187786 -128.750646 6434.375944 -188.256166 0.117843 -0.323917 0.938718 0.755334 0.642912 0.127023 -0.644658 0.694076 0.320428
-54.240147 -67.027954 3240.833972 2163.366175 -0.047161 0.897235 0.439028 0.953310 0.171677 -0.248449 -0.298288 0.406813 -0.863439
-53.149540 -69.239707 2505.162199 -186.487576 -0.247232 0.839990 0.483004 -0.869727 -0.412121 0.271535 -0.427142 0.352950 -0.832452
-50.653275 -64.595835 4635.675867 2090.690398 -0.026236 0.856955 0.514723 0.935923 0.201965 -0.288544 -0.351225 0.474171 -0.807343
-48.825604 -65.443403 6434.357812 -1158.262500 0.307308 0.860998 0.405271 0.931123 -0.184166 -0.314791 -0.196397 0.474094 -0.858291
-42.467716 -59.177911 5870.496771 -703.510732 0.359481 0.807358 0.467916 0.905992 -0.181871 -0.382232 -0.223498 0.561334 -0.796839
-43.372119 -58.792323 3513.086187 3212.814357 0.075166 0.817648 0.570790 0.939820 0.133235 -0.314621 -0.333298 0.560089 -0.758428
-34.523003 -52.015833 17989.845604 954.301223 0.878378 -0.116704 -0.463500 -0.293999 0.632660 -0.716454 -0.376851 -0.765586 -0.521403
-10.653484 -50.946844 18552.298258 1656.905588 0.918919 -0.116706 -0.376786 -0.255238 0.552357 -0.793571 -0.300735 -0.825398 -0.477784
-46.744662 -59.849996 8672.226463 5485.987828 0.902986 -0.428305 -0.034225 0.146339 0.381458 -0.912729 -0.403982 -0.819173 -0.407129
21.745298 -46.474968 26863.662501 -400.117622 0.881991 -0.005938 -0.471228 -0.358131 0.641504 -0.678391 -0.306323 -0.767097 -0.563675
42.349781 -44.055440 5709.646803 6069.078398 0.994377 -0.054058 -0.091062 -0.075167 0.245427 -0.966496 -0.074597 -0.967907 -0.239984
40.382974 -46.668213 5630.345181 -4663.901631 0.994723 -0.033266 -0.097056 -0.084919 0.263937 -0.960795 -0.057578 -0.963966 -0.259719
54.153250 -51.239366 4544.987748 8115.411832 0.975125 -0.173803 -0.137565 -0.086551 0.272799 -0.958170 -0.204061 -0.946242 -0.250970
44.058713 -68.273850 4529.162668 16725.356683 0.984163 -0.098662 -0.147273 -0.123737 0.212561 -0.969282 -0.126936 -0.972154 -0.196987
55.174754 -79.213764 2483.603354 15541.491550 0.953641 -0.226908 -0.197689 -0.157179 0.184641 -0.970156 -0.256638 -0.956253 -0.140416
19.981378 -48.282582 3005.898467 792.828841 -0.489780 0.711666 0.503633 -0.476056 0.265644 -0.838334 0.730401 0.650357 -0.208686
15.317936 -48.202585 2102.024408 -5621.004691 -0.479694 0.726208 0.492458 0.571060 -0.167722 0.803592 0.666171 0.666701 -0.334254
25.632505 -46.259731 5221.322785 2829.114243 -0.410881 0.704046 0.579221 -0.546715 0.318142 -0.774525 0.729575 0.634906 -0.254194
33.511061 -51.564714 6913.819246 -3019.922061 -0.441345 0.694213 0.568580 -0.406297 0.410361 -0.816411 0.800086 0.591331 -0.100946
22.663087 -52.387945 4462.114423 -5209.474765 -0.543089 0.700322 0.463254 -0.321518 0.336218 -0.885203 0.775681 0.629688 -0.042569
17.870712 -36.018684 1966.436448 1837.079737 -0.406257 0.472260 0.782257 -0.398824 0.678596 -0.616804 -0.822128 -0.562563 -0.087336
19.342191 -37.636939 1926.356231 1346.167256 -0.420495 0.501680 0.755977 -0.438909 0.616760 -0.653427 -0.794067 -0.606568 -0.039153
20.930682 -39.098657 449.145607 1192.143172 -0.438868 0.451522 0.776867 -0.436268 0.648761 -0.623522 -0.785535 -0.612566 -0.087736
19.162703 -36.016977 843.136218 2261.955527 -0.419109 0.430349 0.799467 -0.380477 0.716241 -0.585009 -0.824369 -0.549361 -0.136445
17.115828 -31.719436 1680.865905 1635.164133 -0.393895 0.443333 0.805172 -0.357031 0.733408 -0.578482 -0.846980 -0.515333 -0.130603
12.257298 -30.435096 2451.779319 1657.027732 -0.373588 0.493135 0.785652 -0.348883 0.710086 -0.611603 -0.859484 -0.502588 -0.093234
6.285448 -66.285305 192.927475 -300.001792 -0.692481 0.600674 0.399576 0.715862 0.503388 0.483883 0.089514 0.621121 -0.778586
6.972178 -67.226307 556.809021 519.549322 -0.697081 0.600573 0.391651 0.701927 0.460238 0.543580 0.146207 0.653830 -0.742381
2.623943 -68.242211 -150.933679 1199.166154 0.695351 -0.592076 -0.407348 0.693996 0.405947 0.594624 0.186701 0.696170 -0.693174
7.752145 -65.886843 476.426705 -2209.694770 -0.694987 0.603476 0.390909 0.719017 0.585451 0.374517 -0.002846 0.541354 -0.840790
3.572461 -66.955203 26.166770 697.760820 -0.682082 0.601176 0.416355 0.719638 0.450639 0.528248 0.129945 0.659933 -0.740002
4.676231 -66.699020 584.485469 -2847.850402 -0.691475 0.595496 0.408958 0.721858 0.591501 0.359232 -0.027978 0.543609 -0.838872
2.855963 -87.776086 1658.547261 7226.997171 -0.755734 0.456417 0.469627 -0.093039 0.635016 -0.766876 -0.648236 -0.623248 -0.437438
-0.136810 -100.261852 2373.448256 13567.892177 -0.760650 0.454090 0.463911 -0.012426 0.704315 -0.709778 -0.649043 -0.545657 -0.530095
-1.525647 -97.818811 -2849.139940 4575.279386 0.746642 -0.441147 -0.497911 -0.186129 0.580049 -0.793032 -0.638656 -0.684786 -0.350978
-8.251766 -110.887134 -2132.207602 9425.008439 0.757245 -0.397322 -0.518378 -0.156610 0.660069 -0.734699 -0.634077 -0.637530 -0.437609
0.499586 -99.774638 -3286.958728 -1365.036368 0.731321 -0.451652 -0.511057 -0.294595 0.466626 -0.833951 -0.615128 -0.760441 -0.208199
-6.242311 -106.944059 -2477.247838 -4072.084324 0.744999 -0.398562 -0.534907 -0.350064 0.448996 -0.822106 -0.567831 -0.799719 -0.194980
-13.160011 -87.852112 -1868.422240 1956.756499 0.641351 -0.519115 -0.564967 0.189739 0.820796 -0.538789 0.743416 0.238357 0.624915
-13.629204 -83.770699 -1648.582038 753.211726 0.643083 -0.518893 -0.563200 0.054288 0.764484 -0.642353 0.763869 0.382511 0.519797
-12.128914 -87.235072 -677.568959 1836.987103 0.644927 -0.508150 -0.570835 0.149100 0.816235 -0.558149 0.749559 0.274854 0.602177
-11.110707 -95.639442 -3853.590352 3792.544404 0.662434 -0.509831 -0.548867 0.316872 0.854606 -0.411389 0.678803 0.098597 0.727671
-7.890126 -95.490829 595.425333 3264.539981 0.653279 -0.490446 -0.576793 0.292816 0.866211 -0.404892 0.698202 0.095613 0.709487
10.536232 -87.196270 -107.091495 -4464.350844 0.684020 -0.321290 -0.654897 0.720461 0.438164 0.537538 0.114247 -0.839515 0.531190
11.996401 -105.588188 11.832480 -7693.953363 0.680031 -0.330723 -0.654355 0.701185 0.554145 0.448623 0.214237 -0.763901 0.608734
11.013064 -105.107063 404.352618 -8054.591012 0.657129 -0.331574 -0.676935 0.717959 0.548871 0.428106 0.229601 -0.767332 0.598735
10.174738 -106.189217 408.582716 -9650.800057 0.651055 -0.325190 -0.685842 0.721315 0.546356 0.425676 0.236289 -0.771846 0.590272
9.240052 -86.707429 -57.739081 -7996.389847 0.672692 -0.314355 -0.669825 0.728863 0.437451 0.526683 0.127450 -0.842507 0.523392
10.634259 -72.941340 82.308717 3212.283904 0.744043 -0.282377 -0.605528 -0.668132 -0.313500 -0.674773 -0.000707 -0.906632 0.421922
13.024971 -78.420726 -361.570458 2051.425395 0.734640 -0.314004 -0.601419 -0.675278 -0.252702 -0.692922 -0.065601 -0.915174 0.397685
-16.265186 -25.896337 5900.420608 1593.266074 -0.337632 0.472608 0.814031 -0.331189 0.749868 -0.572723 -0.881089 -0.462968 -0.096656
-3.108234 -27.707447 4889.428670 1298.825162 -0.357320 0.532268 0.767472 -0.325216 0.699390 -0.636465 -0.875533 -0.477016 -0.076804
-10.040606 -23.207973 5617.306917 1412.992058 -0.331865 0.472884 0.816239 -0.281516 0.776201 -0.564146 -0.900341 -0.417005 -0.124469
-19.981747 -23.293476 3551.872208 2139.613806 -0.188087 0.073813 0.979375 -0.413102 0.898731 -0.147071 -0.891050 -0.432244 -0.138547
-22.381953 -27.627896 -196.672418 2622.877468 -0.014937 -0.281570 0.959424 -0.521851 0.820677 0.232726 -0.852906 -0.497200 -0.159196
-24.312357 -28.299850 3542.557762 1545.171953 -0.240604 0.206363 0.948432 -0.471620 0.829180 -0.300059 -0.848342 -0.519495 -0.102179
22.325261 -83.697202 5369.197108 -18683.799133 0.981908 0.095530 -0.163492 -0.184585 0.290284 -0.938969 0.042240 -0.952160 -0.302666
9.600714 -118.695337 4146.536158 -29833.145828 0.954784 0.167070 -0.245917 -0.290889 0.354116 -0.888811 0.061410 -0.920157 -0.386703
14.746697 -155.815196 3804.533299 -36942.194854 0.962067 0.142789 -0.232463 -0.271803 0.428377 -0.861752 0.023467 -0.892247 -0.450938
0.560362 -57.542962 -2092.168577 3676.438563 0.696324 -0.373040 -0.613168 0.711210 0.243750 0.659368 -0.096511 -0.895224 0.435039
2.011368 -54.752780 -99.679521 -519.249871 0.715552 -0.352749 -0.602954 -0.698336 -0.339361 -0.630207 -0.017686 -0.872011 0.489167
2.732642 -59.166955 1188.220494 -3385.792696 0.714983 -0.335755 -0.613243 -0.697280 -0.278483 -0.660491 -0.050986 -0.899842 0.433226
-3.142173 -87.255555 1363.502001 3975.408459 0.440115 -0.587582 -0.679004 -0.079300 0.727790 -0.681199 0.894433 0.353651 0.273716
-3.281949 -95.169714 3233.476623 7510.093187 0.430504 -0.566132 -0.702966 0.054046 0.793604 -0.606029 0.900969 0.222906 0.372247
1.423915 -96.599130 3380.210566 7324.565792 0.431047 -0.584586 -0.687356 -0.006594 0.759696 -0.650245 0.902305 0.284819 0.323610
-0.319787 -43.458886 2133.273014 -2358.790892 -0.399777 0.571649 0.716517 -0.059619 0.763829 -0.642659 -0.914672 -0.299638 -0.271280
1.278249 -38.925213 2825.785518 -4016.802022 -0.388529 0.520186 0.760560 -0.089901 0.800068 -0.593134 -0.917040 -0.298826 -0.264085
-2.906468 -42.756689 1688.117500 -5289.716572 -0.401332 0.591429 0.699388 -0.011998 0.760120 -0.649671 -0.915854 -0.269125 -0.297965
-7.415382 -43.765862 -180.015351 -4138.267794 -0.435659 0.631624 0.641290 0.053914 0.729488 -0.681866 -0.898496 -0.262486 -0.351861
-3.421911 -44.841975 1333.516657 -1420.619880 -0.401883 0.633021 0.661645 -0.004756 0.721111 -0.692803 -0.915679 -0.281572 -0.286792
-7.995383 -148.688056 -45.416759 -2666.333076 0.989642 -0.041863 -0.137319 0.140540 0.087382 0.986211 0.029286 0.995295 -0.092361
-8.229170 -142.570711 -426.306444 -2398.295684 0.989839 -0.053873 -0.131589 0.138325 0.150554 0.978877 0.032924 0.987133 -0.156476
-8.534319 -141.308830 -141.598314 -780.964319 0.985643 -0.047607 -0.161994 0.168539 0.335075 0.926995 -0.010149 0.940988 -0.338288
-8.649923 -151.380345 31.957723 -1662.685682 0.985858 -0.027981 -0.165232 0.166551 0.272886 0.947520 -0.018576 0.961639 -0.273687
-9.295151 -145.451546 -265.131045 -4925.231592 0.980823 -0.028288 -0.192839 0.178311 0.529709 0.829225 -0.078691 0.847708 -0.524595
-8.607335 -135.203713 -854.982729 -2696.513420 0.979304 -0.046741 -0.196925 0.188940 0.559965 0.806685 -0.072566 0.827197 -0.557207
-0.137266 -109.887686 -804.185775 7209.498870 0.932207 0.057722 -0.357294 0.229317 0.669557 0.706475 -0.280008 0.740514 -0.610929
1.832589 -114.935524 -708.039755 7045.780386 0.933763 0.046174 -0.354900 0.210591 0.730910 0.649171 -0.289375 0.680910 -0.672773
1.504335 -102.864396 -899.863233 6845.393205 0.937292 0.064619 -0.342503 0.244236 0.579294 0.777668 -0.248662 0.812553 -0.527186
6.803695 -23.814850 -1410.626394 -984.509239 -0.328917 0.013900 0.944257 -0.351004 0.926459 -0.135905 -0.876704 -0.376139 -0.299849
10.686234 -24.640588 234.903706 2397.356498 -0.305048 0.081795 0.948818 -0.347247 0.918160 -0.190793 -0.886772 -0.387675 -0.251679
9.477953 -23.778276 -867.215204 2261.852035 -0.295766 -0.034628 0.954632 -0.386005 0.918453 -0.086277 -0.873797 -0.394011 -0.285014
4.833427 -21.164400 -2182.067261 181.666652 -0.303927 -0.091663 0.948275 -0.404115 0.913780 -0.041192 -0.862740 -0.395731 -0.314765
-5.618663 -111.848544 -205.127014 5348.683723 0.946957 0.052858 -0.316983 0.114991 0.865336 0.487823 -0.300082 0.498398 -0.813358
-5.763156 -126.838379 390.378576 10268.828135 0.948018 0.031565 -0.316648 0.073323 0.946625 0.313887 -0.309655 0.320788 -0.895103
-6.210247 -130.476089 692.324030 8221.108393 0.948465 0.023531 -0.316006 0.084058 0.942830 0.322500 -0.305529 0.332443 -0.892263
7.872583 -88.360895 9033.933188 -60257.103932 0.917259 -0.348538 0.192761 0.261685 0.162523 -0.951371 -0.300261 -0.923097 -0.240283
14.422449 -2601.003800 -2157.023532 -1194864.942437 0.932741 -0.349849 0.087176 0.192423 0.278556 -0.940946 -0.304906 -0.894434 -0.327140
615.155167 -32119.600513 -408127.310014 -17027476.543308 0.876424 -0.408776 0.254526 0.339627 0.150020 -0.928519 -0.341372 -0.900220 -0.270313
29.980155 -32.400095 14161.414723 -27419.874879 0.666816 -0.481101 0.569121 0.643974 -0.012338 -0.764948 -0.375039 -0.876578 -0.301590
0.468376 -3501.783125 17929.784378 1117571.791186 0.994629 0.018860 -0.101776 0.057574 0.716318 0.695395 -0.086019 0.697520 -0.711384
54.984104 -1504.434770 11373.516382 -530780.243035 0.979794 -0.087357 -0.179925 -0.062585 0.720499 -0.690626 -0.189967 -0.687932 -0.700473
-20.626484 -31620.907156 -5934.343978 -18041520.988425 0.997319 0.034186 -0.064695 -0.041702 0.992061 -0.118645 -0.060125 -0.121024 -0.990827
2422.453102 -28410.086090 1118189.126418 13200962.982448 0.991641 0.118027 -0.052127 0.037097 0.126135 0.991319 -0.123577 0.984967 -0.120702
-10.847920 -46.864450 848.245607 -826.365366 -0.444654 0.468471 0.763425 0.337960 0.877071 -0.341365 -0.829497 0.106217 -0.548318
-10.045548 -48.792775 -3850.481384 -1548.685704 -0.465532 0.522511 0.714326 0.401797 0.843926 -0.355456 -0.788568 0.121538 -0.602818
-9.545093 -45.653039 -345.560445 -100.074380 -0.456455 0.497189 0.737870 0.322196 0.865385 -0.383796 -0.829361 0.062553 -0.555201
-1.792288 -92.438888 -1722.656426 5896.422094 0.959390 0.127697 -0.251523 0.062435 0.773420 0.630811 -0.275085 0.620898 -0.734039
-3.546904 -115.834293 -1907.974455 15775.814919 0.955743 0.106007 -0.274442 0.046017 0.867484 0.495333 -0.290583 0.486040 -0.824213
-0.826410 -120.079359 43.056365 15332.185519 0.960170 0.100062 -0.260884 0.035434 0.882536 0.468907 -0.277159 0.459475 -0.843840
-0.155516 -95.499690 -290.529250 8741.107849 0.959689 0.104363 -0.260971 0.066042 0.818780 0.570295 -0.273196 0.564541 -0.778882
-0.791507 -32.251318 732.303587 256.291857 -0.442672 0.469934 0.763678 0.865209 0.447517 0.226144 -0.235486 0.760849 -0.604695
-0.758217 -33.329394 1289.563755 199.962871 -0.439155 0.460604 0.771354 0.849649 0.491941 0.189975 -0.291957 0.738809 -0.607390
-0.639536 -33.689882 -809.256377 74.678497 -0.443969 0.476597 0.758780 0.849774 0.492545 0.187839 -0.284210 0.728186 -0.623674
-1.690101 -31.867476 -796.170691 734.423688 -0.453063 0.470241 0.757369 0.867517 0.428208 0.253086 -0.205300 0.771694 -0.601947
-2.176110 -35.063953 -2330.607675 683.335034 -0.437848 0.490640 0.753367 0.845532 0.509518 0.159582 -0.305557 0.706869 -0.637943
-4.690094 -33.615993 -2320.264223 433.900223 -0.460677 0.474947 0.749801 0.853304 0.469455 0.226901 -0.244232 0.744337 -0.621541
5.169671 -54.465849 -174.299114 -514.907651 0.641291 -0.405836 -0.651186 0.685481 0.684349 0.248561 0.344763 -0.605775 0.717060
5.419135 -53.520939 -182.559689 -608.334728 0.641747 -0.402431 -0.652848 0.686344 0.681193 0.254770 0.342188 -0.611576 0.713360
5.135691 -52.840245 -982.777885 -627.078599 0.669207 -0.390133 -0.632422 0.701757 0.611662 0.365249 0.244333 -0.688234 0.683107
5.783265 -51.349285 323.815462 -886.793184 0.670590 -0.369369 -0.643332 0.725376 0.508123 0.464371 0.155367 -0.778060 0.608674
4.512717 -52.529439 -1706.643311 -1191.037460 0.682139 -0.385962 -0.621063 0.719236 0.507305 0.474701 0.131852 -0.770503 0.623650
-12.555202 -34.307977 769.754497 -773.743116 -0.201581 0.497636 0.843637 0.944542 -0.129205 0.301906 0.259241 0.857709 -0.443993
-11.075996 -32.068151 154.664023 -216.828757 -0.327682 0.496004 0.804117 0.922247 -0.016881 0.386233 0.205147 0.868156 -0.451906
-14.036699 -33.146893 -634.015756 -156.391588 -0.283916 0.491076 0.823551 0.912011 -0.126855 0.390055 0.296019 0.861830 -0.411851
5.895177 -222.864305 -3397.111741 45490.778860 -0.641992 0.638287 0.424778 0.700828 0.713220 -0.012508 -0.310944 0.289666 -0.905211
13.702465 -251.295834 -4664.736976 23024.826273 -0.639676 0.626919 0.444733 0.555983 0.776903 -0.295473 -0.530752 0.058257 -0.845523
6.500548 -226.140329 -2333.871449 23178.482234 -0.661330 0.612395 0.433145 0.539211 0.789551 -0.293020 -0.521434 0.039774 -0.852364
5.128577 -209.864753 -746.646738 38199.498095 -0.641460 0.628955 0.439254 0.702837 0.711307 0.007881 -0.307488 0.313779 -0.898328
-83.164522 -342.949893 -19479.629061 -120982.188381 0.972827 0.196968 0.121699 0.218623 -0.608399 -0.762925 0.076230 -0.768800 0.634929
-47.387534 -123.878491 -18175.751408 -33929.024841 0.993936 0.008399 -0.109639 -0.070052 -0.720193 -0.690228 0.084758 -0.693722 0.715238
-40.012995 -270.770919 -8325.219184 -79059.290150 0.991909 0.101447 0.076321 0.120911 -0.571711 -0.811497 0.038690 -0.814159 0.579352
-67.332076 -353.873382 -15077.349931 -94859.978897 0.970877 0.137948 0.195876 0.229027 -0.294462 -0.927814 0.070312 -0.945654 0.317481
-11.050123 -33.593900 2963.341650 -1772.497655 -0.494916 0.651125 0.575409 0.370013 0.757077 -0.538446 -0.786224 -0.053577 -0.615614
-9.397590 -32.250551 3435.953920 -1690.978279 -0.448843 0.724157 0.523581 -0.389179 -0.685840 0.614949 -0.804413 -0.072249 -0.589661
-10.751618 -34.614109 536.994778 -1922.460558 -0.511416 0.626863 0.587789 0.344670 0.776209 -0.527922 -0.787182 -0.067395 -0.613027
-13.424690 -35.863471 2480.859216 -4087.121652 -0.524863 0.574026 0.628501 0.351461 0.818650 -0.454188 -0.775238 -0.017493 -0.631427
-11.907857 -36.962328 -1020.781044 -3109.875640 -0.545669 0.548450 0.633599 0.339473 0.835939 -0.431235 -0.766161 -0.020222 -0.642331
-7.773552 -35.941484 -3344.713996 -1603.358311 -0.533068 0.593087 0.603396 0.314263 0.800948 -0.509629 -0.785543 -0.082042 -0.613344
-3.591890 -32.037654 -1814.569230 4541.719832 -0.548162 0.431759 0.716312 -0.204460 0.761290 -0.615333 -0.810996 -0.483759 -0.329032
-7.498811 -34.027104 -2357.920379 4484.286516 -0.557456 0.477209 0.679348 -0.182272 0.727973 -0.660933 -0.809950 -0.492267 -0.318831
-4.501828 -26.147793 -2064.777119 4216.111005 -0.543577 0.425796 0.723341 -0.171997 0.786985 -0.592513 -0.821548 -0.446489 -0.354552
1.641672 -25.622603 -2319.758018 4164.529565 -0.538532 0.381056 0.751518 -0.203816 0.806503 -0.554989 -0.817583 -0.452051 -0.356663
-46.778116 -79.801533 -702.251846 4662.946691 -0.078992 0.831305 0.550175 0.648529 0.461996 -0.604955 0.757080 -0.309018 0.575619
-43.713946 -75.632064 -1596.797193 6175.501265 -0.031635 0.929272 0.368040 0.648466 0.299289 -0.699941 0.760586 -0.216519 0.612069
-41.836841 -65.658328 -576.004782 7417.753590 0.020710 0.979792 0.198942 0.556209 0.154057 -0.816638 0.830784 -0.127566 0.541779
149.469386 -91.461433 -36348.004242 -6250.879978 0.811428 0.050778 -0.582242 0.374680 -0.809767 0.451545 0.448552 0.584551 0.676093
179.519444 -99.451825 -10810.281728 303.998941 0.595113 -0.112731 -0.795696 -0.323648 0.872651 -0.365695 0.735590 0.475155 0.482841
113.187394 -92.784302 -36178.735843 -4551.489096 0.915157 0.044475 -0.400636 0.238917 -0.860349 0.450242 0.324662 0.507761 0.797981
-11.281727 -40.123431 -19152.069580 1138.037188 -0.371864 0.806255 -0.460077 -0.387127 -0.585157 -0.712548 0.843712 0.086863 -0.529722
5.563721 -61.545121 -20148.171641 4298.617738 -0.136667 0.978599 -0.153837 -0.378854 -0.195122 -0.904653 0.915309 0.065355 -0.397413
20.140552 -50.638270 -28459.129537 1608.361879 -0.250821 0.863233 -0.438084 -0.383495 -0.504131 -0.773811 0.888831 0.026085 -0.457492
-3.455719 -114.799204 1108.335888 -7494.182332 -0.649192 0.705658 -0.283895 0.076700 0.432070 0.898573 -0.756748 -0.561571 0.334620
-3.796159 -124.188039 1873.225766 -3982.998992 -0.641509 0.708205 -0.294807 0.214390 0.534510 0.817518 -0.736548 -0.461242 0.494725
0.619871 -122.015845 2052.908730 -9847.796782 -0.634562 0.715761 -0.291579 0.046770 0.412138 0.909920 -0.771456 -0.563763 0.295004
-5.900993 -120.015854 225.017595 -7163.155956 -0.665803 0.696343 -0.267979 0.147318 0.474776 0.867690 -0.731440 -0.538232 0.418691
-1.080154 -109.762304 1464.822710 -9747.329936 -0.640368 0.714950 -0.280670 -0.070624 0.309065 0.948415 -0.764815 -0.627156 0.147423
-3.913650 -110.537970 290.960592 -7540.345131 -0.657663 0.704407 -0.267000 -0.037002 0.323801 0.945401 -0.752403 -0.631636 0.186887
53.820082 -109.751637 -8183.789301 7680.059987 -0.215387 0.114513 -0.969791 0.355456 0.934167 0.031361 0.909538 -0.337963 -0.241912
55.067061 -115.489339 -8199.318724 18608.343547 -0.208963 0.223340 -0.952079 0.155521 0.968771 0.193121 0.965478 -0.107713 -0.237172
-4.453231 -32.045877 393.063889 1010.429007 0.376526 0.910101 0.173047 -0.419427 0.334022 -0.844103 0.826020 -0.245246 -0.507489
-5.611702 -34.436181 869.814561 2708.715509 0.382288 0.902608 0.197876 -0.477952 0.376419 -0.793644 0.790834 -0.208825 -0.575303
-4.348270 -35.055851 1356.980672 2692.311093 0.382444 0.899441 0.211523 -0.470548 0.386608 -0.793170 0.795187 -0.203812 -0.571086
-3.000339 -43.139593 368.420182 302.163581 0.088241 0.992669 0.082588 -0.359118 -0.045632 0.932176 -0.929111 0.111915 -0.352459
-0.663305 -43.960724 -1837.032824 3096.989962 0.069230 0.995353 0.066923 -0.236088 -0.048832 0.970504 -0.969263 0.082988 -0.231610
-4.006305 -64.701368 -751.071588 4370.501085 0.146862 0.989128 -0.007564 -0.967402 0.145223 0.207469 -0.206312 0.023152 -0.978212
-6.372222 -57.882230 2623.984158 -372.053526 0.155350 0.986906 0.043382 -0.959773 0.140390 0.243158 -0.233883 0.079411 -0.969016
-4.925677 -91.692857 3056.165255 3172.410610 0.186105 0.932693 0.308947 0.923887 -0.273128 0.268020 -0.334362 -0.235553 0.912533
0.044222 -88.435658 1483.675403 1873.352371 0.170846 0.933526 0.315184 0.924175 -0.262741 0.277249 -0.341631 -0.243918 0.907630
1.196395 -94.008327 1450.043226 1977.334854 0.123010 0.947347 0.295640 0.835097 -0.259761 0.484909 -0.536173 -0.187240 0.823080
4.549204 -85.729855 940.890835 2691.057909 0.127290 0.946111 0.297778 0.856998 -0.256053 0.447203 -0.499351 -0.198271 0.843408
4.897956 -82.805419 1382.143262 1735.479074 0.159539 0.931800 0.326032 0.928469 -0.253836 0.271131 -0.335398 -0.259455 0.905644
-15.274861 -85.191229 -690.258685 -1334.018091 0.053867 0.706673 0.705487 0.985346 0.076889 -0.152254 -0.161838 0.703351 -0.692175
-16.446658 -85.354000 67.350534 214.738420 0.053073 0.697594 0.714525 0.998104 -0.059384 -0.016159 0.031160 0.714028 -0.699424
-14.327695 -85.642106 -664.953755 -549.835923 0.060010 0.723411 0.687805 0.997707 -0.065078 -0.018602 0.031304 0.687344 -0.725657
-15.335308 -84.388616 -269.694624 1561.284905 0.071380 0.711743 0.698804 0.971089 -0.209588 0.114275 0.227795 0.670444 -0.706126
-12.508048 -84.213762 -873.878520 -1225.488277 0.069467 0.727607 0.682468 0.985315 0.056923 -0.160981 -0.155979 0.683628 -0.712968
-14.499826 -84.672958 -2752.020501 -1927.661542 0.080384 0.758650 0.646520 0.996757 -0.063657 -0.049233 0.003805 0.648381 -0.761306
-14.911544 -85.330017 -1604.696083 312.136354 0.086069 0.750432 0.655320 0.978032 -0.188986 0.087961 0.189854 0.633353 -0.750213
-1.105088 -53.873491 978.821581 10955.941486 -0.064558 0.736601 0.673240 0.001066 -0.674596 0.738187 -0.997913 -0.048373 -0.042765
-5.343435 -48.776263 -738.547365 8483.196884 -0.087136 0.755848 0.648923 -0.040310 -0.653542 0.755816 -0.995381 -0.039701 -0.087415
-22.824941 -52.519291 1203.558066 56.902553 0.760301 0.052698 0.647430 0.623138 -0.340605 -0.704051 -0.183416 -0.938728 0.291801
-26.277115 -43.815449 288.634319 -7427.220566 0.746536 0.070949 0.661551 0.605331 -0.485106 -0.631068 -0.276149 -0.871572 0.405097
-23.702149 -54.041626 280.740458 1132.736010 -0.605857 -0.062606 -0.793107 0.764222 -0.322898 -0.558303 -0.221139 -0.944361 0.243475
85.313034 -60.026051 -8518.560823 -13648.530325 -0.465121 -0.154796 -0.871608 0.724639 0.498977 -0.475311 0.508489 -0.852678 -0.119913
73.572098 -39.409662 2912.663258 -9203.757879 -0.447242 -0.281207 -0.849056 0.717386 0.454154 -0.528301 0.534164 -0.845380 -0.001382
65.826655 -38.560064 1160.664249 -6778.366496 -0.320645 -0.412432 -0.852694 0.691170 0.513669 -0.508358 0.647665 -0.752359 0.120355
60.336018 -53.333515 2568.242786 -5627.200426 -0.262077 -0.337493 -0.904109 0.629211 0.650583 -0.425246 0.731716 -0.680323 0.041852
-13.156232 -47.104265 1618.929095 6130.750574 -0.054791 0.985757 0.159001 0.624054 0.158115 -0.765217 0.779458 -0.057299 0.623828
-6.849549 -98.673516 433.442696 -1323.742818 0.052896 0.633127 0.772239 -0.616567 -0.587607 0.523987 -0.785523 0.503854 -0.359283
-8.839672 -95.979300 1476.897475 -37.622134 0.038099 0.602264 0.797387 -0.763846 -0.496929 0.411826 -0.644273 0.624771 -0.441105
-11.922273 -92.910211 199.391673 -1998.988923 0.055011 0.658884 0.750230 -0.782774 -0.437998 0.442066 -0.619870 0.611579 -0.491663
-13.855047 -90.393687 163.954237 -287.054780 0.038145 0.638651 0.768550 0.870536 0.356381 -0.339352 -0.490624 0.681995 -0.542375
-7.808937 -95.645408 1169.100115 -2220.742942 0.078258 0.664662 0.743035 -0.632317 -0.543128 0.552437 -0.770747 0.513066 -0.377773
-13.017043 -89.595376 -943.832917 2334.765538 0.070538 0.704105 0.706584 0.872456 0.299846 -0.385891 -0.483574 0.643683 -0.593151
-10.700620 -92.717557 859.561180 -3095.925320 0.096286 0.690666 0.716736 -0.748496 -0.424417 0.509533 -0.656112 0.585535 -0.476095
-14.293552 -89.405962 -2079.169476 933.291001 0.046492 0.684104 0.727901 0.886869 0.307055 -0.345226 -0.459676 0.661603 -0.592435
