14302
28593
-31.419156 -45.304731 -219.809255 -4123.196032 -0.125603 0.683822 0.718757 -0.676705 -0.588843 0.441967 -0.725462 0.430874 -0.536706
-35.087906 -53.606294 149.406493 -3266.189266 -0.103806 0.732400 0.672915 -0.568225 -0.598955 0.564246 -0.816299 0.323795 -0.478343
-39.617806 -61.316517 -971.351415 -5763.706714 0.171407 0.897044 0.407347 -0.543899 -0.258587 0.798315 -0.821458 0.358392 -0.443578
-28.947767 -45.383765 167.665310 3279.207473 -0.369102 0.510938 0.776341 0.575575 0.781523 -0.240698 -0.729710 0.358001 -0.582545
-29.335109 -56.716670 1691.552351 -8127.413131 0.215329 0.847959 0.484354 -0.654901 -0.242527 0.715741 -0.724388 0.471324 -0.503106
-25.331348 -37.128714 1024.893985 -4181.482624 -0.077487 0.672694 0.735852 -0.760396 -0.517234 0.392768 -0.644821 0.529104 -0.551593
-24.422295 -36.409402 -171.797146 1915.182613 -0.513210 0.307389 0.801328 0.550699 0.834062 0.032749 -0.658291 0.458097 -0.597328
61.552567 -94.128493 -17508.953266 -13544.177857 -0.089586 0.182078 0.979194 0.967591 0.248966 0.042230 -0.236097 0.951243 -0.198481
48.029054 -88.330557 -13012.062257 -4090.433518 0.021134 0.234680 0.971843 0.999450 -0.029804 -0.014537 0.025554 0.971616 -0.235181
78.152321 -110.757628 -12622.107509 -5392.445956 -0.003915 0.034589 0.999394 0.997784 -0.066246 0.006202 0.066420 0.997204 -0.034253
31.223782 -74.780567 -10753.612268 -10346.556140 -0.052661 0.242481 0.968726 0.975748 0.218891 -0.001748 -0.212469 0.945140 -0.248128
13.181017 -33.260121 -518.241396 334.410771 -0.124463 0.648083 0.751331 0.509338 0.691570 -0.512159 -0.851519 0.318936 -0.416168
13.118989 -34.844824 916.143542 222.768135 -0.060409 0.650376 0.757207 0.470340 0.687645 -0.553105 -0.880415 0.322732 -0.347438
12.369296 -35.622704 -368.244344 1218.781770 -0.133857 0.621892 0.771578 0.429809 0.737977 -0.520244 -0.892943 0.261993 -0.366078
9.513997 -31.960301 -2090.528157 0.216464 -0.191449 0.648462 0.736780 0.488136 0.714152 -0.501707 -0.851511 0.263598 -0.453261
9.861630 -31.061012 -1120.693799 -39.122997 -0.144990 0.666172 0.731569 -0.576336 -0.657860 0.484827 -0.804248 0.351335 -0.479322
0.354618 -40.684698 158.288915 1177.683391 0.375361 -0.423303 -0.824572 -0.569888 0.596197 -0.565489 0.730980 0.682176 -0.017446
-1.073165 -42.164770 -293.359075 955.682370 0.408747 -0.455219 -0.791013 -0.422113 0.674150 -0.606088 0.809164 0.581634 0.083403
0.045111 -39.124540 -290.879916 2236.141670 0.375697 -0.401342 -0.835330 -0.542711 0.635356 -0.549352 0.751210 0.659733 0.020889
-1.227542 -32.293768 -397.658108 -100.424076 0.375110 -0.598153 -0.708170 0.874333 0.482093 0.055926 0.307952 -0.640155 0.703823
-1.344445 -32.804187 -673.097907 32.478721 0.377121 -0.601927 -0.703892 0.832422 0.553469 -0.027311 0.406022 -0.575635 0.709782
-0.253633 -32.624180 -229.820004 -10.549944 0.369673 -0.596252 -0.712618 0.859505 0.510793 0.018488 0.352977 -0.619333 0.701308
0.017122 -60.610239 -1250.694060 2697.984202 -0.050058 0.699606 0.712773 -0.576699 -0.602918 0.551279 -0.815422 0.383459 -0.433643
-2.083282 -63.402962 -565.696188 3014.333139 0.011906 0.727623 0.685874 -0.561897 -0.562513 0.606507 -0.827121 0.392611 -0.402152
5.418460 -65.363668 -441.664712 447.445329 -0.048973 0.673383 0.737670 -0.735672 -0.523862 0.429367 -0.675566 0.521656 -0.521044
0.468227 -104.033691 324.719087 -1088.870038 0.166396 0.887397 0.429929 0.754230 0.166316 -0.635197 0.635177 -0.429959 0.641627
1.097818 -102.298803 411.720907 2685.767838 0.149412 0.883941 0.443084 0.538706 0.302994 -0.786123 0.829139 -0.356149 0.430914
2.140065 -109.621672 386.607317 1810.527952 0.149766 0.890241 0.430165 0.553918 0.284837 -0.782332 0.818991 -0.355442 0.450461
2.298754 -109.441876 537.237466 -884.558457 0.159719 0.894181 0.418247 0.711088 0.189666 -0.677038 0.684722 -0.405547 0.605548
1.731839 -106.011965 122.222447 -1951.211136 0.170369 0.887648 0.427851 0.767395 0.152851 -0.622689 0.618126 -0.434417 0.655135
-6.516441 -65.741139 2101.152846 2808.578514 0.221732 -0.643901 -0.732275 0.953406 -0.014395 0.301348 -0.204580 -0.764974 0.610707
-7.081249 -72.036947 1830.036276 1699.868401 0.198107 -0.647957 -0.735462 0.904239 -0.168772 0.392261 -0.378294 -0.742743 0.552473
-3.514227 -66.884201 1826.522368 2401.188630 0.211444 -0.632637 -0.745025 0.939755 -0.077897 0.332856 -0.268612 -0.770521 0.578052
-4.421833 -59.638726 1182.875241 2755.274127 0.229866 -0.642754 -0.730773 0.967334 0.068421 0.244097 -0.106894 -0.763011 0.637485
-2.758170 -65.646933 -264.952925 2095.523818 0.196060 -0.661393 -0.723961 0.940536 -0.082019 0.329643 -0.277403 -0.745541 0.605984
-4.489300 -94.770309 162.027793 5909.983691 0.002790 0.708496 -0.705709 0.577396 -0.577329 -0.577326 0.816460 0.405863 0.410694
-4.767958 -92.136210 103.567888 6579.346818 -0.001203 0.695207 -0.718809 0.521478 -0.612898 -0.593646 0.853264 0.375557 0.361798
-5.362036 -110.177148 -566.839353 8725.234763 0.020667 0.700669 -0.713187 0.718488 -0.506451 -0.476741 0.695232 0.502564 0.513889
-3.897136 -115.408425 -861.292273 8024.346329 0.017151 0.706495 -0.707511 0.772522 -0.458593 -0.439207 0.634757 0.539034 0.553648
-5.923040 -110.990251 358.804061 6723.391633 -0.000010 -0.689648 0.724144 0.816327 -0.418265 -0.398328 0.577590 0.591134 0.562983
-5.270667 -123.917903 879.829976 6262.817983 -0.003499 -0.707257 0.706948 0.903215 -0.305642 -0.301305 0.429173 0.637472 0.639875
-2.363626 -31.024591 -687.842772 517.385487 -0.313534 0.608716 0.728808 0.774635 0.607869 -0.174457 0.549215 -0.509863 0.662120
-1.810263 -32.383814 700.356877 571.016382 0.320495 -0.597953 -0.734667 0.809519 0.575646 -0.115375 0.491897 -0.557749 0.668546
-0.056165 -29.881723 1136.882369 605.452703 0.312604 -0.599009 -0.737202 0.745721 0.635486 -0.200145 0.588370 -0.487181 0.645349
4.962362 -32.503255 1702.768843 679.986264 0.371472 -0.568006 -0.734423 0.771935 0.628470 -0.095616 0.515873 -0.531408 0.671923
-12.950591 -34.704657 452.723275 668.516152 -0.039338 0.636349 0.770397 -0.755017 0.486096 -0.440069 0.654524 0.598975 -0.461332
-9.898087 -36.369687 -234.728805 -302.418730 0.008077 0.605684 0.795664 0.825577 -0.453008 0.336463 0.564232 0.654164 -0.503697
-10.786174 -36.219689 198.046979 -674.479019 -0.093192 0.622624 0.776952 -0.741043 0.477793 -0.471772 0.664959 0.619720 -0.416865
-10.091921 -32.353767 -196.500766 -62.428534 0.157331 0.537398 0.828523 0.807913 -0.552513 0.204954 0.567912 0.637129 -0.521098
112.733309 -12.420207 -10310.320889 4985.009843 0.746814 -0.345111 0.568478 -0.664207 -0.344484 0.663445 0.033131 0.873057 0.486491
130.242087 -7.379720 -16550.803002 845.866464 0.717486 -0.201607 0.666759 -0.690797 -0.328947 0.643889 -0.089516 0.922577 0.375285
91.479959 -14.543293 -15193.880321 -2521.879390 0.626243 -0.135507 0.767762 0.765583 0.292973 -0.572757 -0.147321 0.946470 0.287214
92.504522 -18.579030 -13289.005952 4351.080857 0.728978 -0.286099 0.621883 -0.684522 -0.298654 0.665008 0.004530 0.910469 0.413553
-2.080121 -95.720987 -37.914542 -2471.474017 0.080252 0.785675 -0.613412 -0.233296 0.613109 0.754765 -0.969089 -0.082535 -0.232498
-5.104706 -103.475173 -1424.571611 -4833.061368 0.060280 0.780050 -0.622807 -0.219192 0.619057 0.754138 -0.973818 -0.091054 -0.208297
-3.880739 -94.050096 -339.681738 -429.501048 0.102501 0.771946 -0.627370 -0.439172 0.601015 0.667765 -0.892537 -0.207076 -0.400621
-18.340705 -34.923976 -841.819778 -305.781264 0.008203 0.893731 0.448528 -0.824830 -0.247532 0.508314 -0.565321 0.374129 -0.735146
-18.154453 -34.574726 -1008.576762 -47.810057 0.038079 0.907035 0.419329 -0.874997 -0.172409 0.452389 -0.482629 0.384138 -0.787088
-13.550076 -35.606604 -2077.118034 -120.633457 0.003690 0.931600 0.363466 -0.837312 -0.195836 0.510447 -0.546712 0.306218 -0.779318
-15.882579 -35.604115 -2066.608214 -75.052921 -0.007665 0.919655 0.392652 -0.772611 -0.254730 0.581537 -0.634834 0.298909 -0.712488
-10.921561 -35.976097 -2448.832940 69.016345 -0.022110 0.935165 0.353522 -0.758523 -0.246042 0.603412 -0.651271 0.254813 -0.714784
-6.068556 -36.147276 -2370.433336 32.138887 0.012801 0.948352 0.316961 -0.865866 -0.148029 0.477873 -0.500111 0.280563 -0.819251
-6.738650 -36.243193 -2332.811368 54.034374 -0.009880 0.943065 0.332462 -0.808209 -0.203308 0.552688 -0.588813 0.263238 -0.764202
24.297837 -11.967037 2552.642895 -3066.345359 -0.655218 -0.560034 -0.507002 -0.465874 0.827870 -0.312397 0.594685 0.031511 -0.803341
28.066004 -14.740162 -968.320469 -2488.075801 -0.536899 -0.594351 -0.598738 -0.504310 0.795049 -0.336999 0.676322 0.121015 -0.726598
23.404879 -18.218520 467.852069 -1063.891641 -0.521532 -0.653378 -0.548727 -0.592805 0.740021 -0.317728 0.613666 0.159583 -0.773271
23.965586 -21.943532 -1473.617232 -998.206449 -0.422393 -0.665281 -0.615618 -0.601910 0.713685 -0.358271 0.677708 0.219215 -0.701895
22.346644 -23.813100 965.949396 -55.239747 0.399404 0.704387 0.586784 -0.669540 0.661339 -0.338152 0.626253 0.257816 -0.735757
21.303543 -21.760588 -389.377365 -62.131961 0.433339 0.724708 0.535738 -0.701868 0.644270 -0.303807 0.565331 0.244366 -0.787836
8.039604 -24.631413 -4027.512766 -89.005332 -0.637435 0.716127 -0.284322 -0.249373 -0.540892 -0.803274 0.729034 0.441133 -0.523366
12.671704 -22.773540 -2390.562119 -57.660026 -0.688416 0.645648 -0.330487 -0.225222 -0.623406 -0.748759 0.689462 0.441025 -0.574577
5.926343 -23.550481 -3171.329823 -26.048400 -0.641275 0.715591 -0.276941 -0.302039 -0.567198 -0.766198 0.705364 0.407696 -0.579866
-4.074793 -23.754143 606.931851 601.626870 0.032836 0.991426 0.126476 0.134097 -0.129770 0.982435 -0.990424 0.015300 0.137208
-2.347276 -22.232361 596.958107 424.819640 0.005798 0.999903 0.012666 0.195572 -0.013555 0.980596 -0.980672 0.003208 0.195631
0.755485 -22.855641 1767.170196 424.796729 0.048988 0.986619 0.155512 0.201348 -0.162257 0.965987 -0.978294 0.016010 0.206602
-101.305459 -264.004607 19745.768495 -62630.680663 0.877218 0.348121 -0.330606 0.479394 -0.672300 0.564088 0.025896 0.653318 0.756640
-63.758774 -389.932850 11439.124912 -88957.156061 0.863724 0.321514 -0.388084 0.447461 -0.843532 0.297039 0.231859 0.430213 0.872444
-13.839375 -2770.556560 7114.165842 -737050.345665 0.850307 0.354264 -0.389199 0.451826 -0.870606 0.194673 0.269874 0.341382 0.900348
-36.394040 -276.306765 2247.775386 -67308.082609 0.796560 0.428994 -0.425977 0.603245 -0.610442 0.513280 0.039840 0.665827 0.745042
-34.130107 -1050.508511 -16442.323857 308718.369032 0.890295 -0.024909 -0.454703 0.005604 0.999027 -0.043753 0.455350 0.036405 0.889568
-30.945595 -466.745460 -6127.790645 -111669.254627 0.904366 0.246650 -0.348262 0.384744 -0.824318 0.415297 0.184646 0.509572 0.840382
-45.992514 -843.818074 -1590.744190 130524.603018 0.884862 0.145740 -0.442468 0.052840 0.912275 0.406155 0.462846 -0.382771 0.799537
41.175763 -247.959451 3264.421019 3190.783409 0.652517 -0.258062 -0.712479 0.706117 -0.134135 0.695274 -0.274992 -0.956772 0.094697
50.431055 -253.522983 6507.944374 33753.612592 0.621396 -0.273518 -0.734204 -0.504002 0.577923 -0.641862 -0.599874 -0.768891 -0.221265
46.283768 -227.895511 5009.144646 5897.318717 0.575299 -0.297609 -0.761879 0.740770 -0.205389 0.639589 -0.346829 -0.932333 0.102300
32.442981 -209.355278 759.677813 19064.835580 0.577930 -0.287870 -0.763628 0.812385 0.113912 0.571887 -0.077643 -0.950871 0.299694
23.629398 -38.227733 -350.747930 -388.876363 0.098651 0.873758 0.476251 0.860754 0.165239 -0.481454 0.499370 -0.457430 0.735790
25.746972 -41.898836 2460.036867 -3733.286050 -0.226151 -0.826399 -0.515676 0.906455 0.015286 -0.422025 0.356643 -0.562878 0.745636
11.907263 -35.253703 -1686.377662 -3157.412302 -0.045822 -0.898544 -0.436485 0.921973 0.130157 -0.364727 0.384535 -0.419139 0.822469
10.571004 -40.441278 4718.444485 776.069557 -0.020941 0.926878 0.374777 0.877089 0.196955 -0.438091 0.479871 -0.319539 0.817079
-5.386227 -52.023017 8278.378694 10157.189527 -0.378410 0.858144 0.346980 0.804781 0.490210 -0.334698 0.457311 -0.152589 0.876118
-1.144085 -32.073703 -4609.358926 -2125.340178 0.187059 -0.908744 -0.373086 0.935679 0.280492 -0.214076 0.299188 -0.309043 0.902762
34.877632 -88.513969 4286.923866 -3552.941427 -0.550027 0.177225 -0.816126 0.828849 -0.003940 -0.559458 -0.102365 -0.984163 -0.144726
48.949043 -83.871037 4558.215062 -5409.928350 -0.553509 0.167109 -0.815906 0.789210 -0.207696 -0.577937 -0.266038 -0.963814 -0.016922
50.553920 -89.643378 7953.329378 -3580.071734 -0.636354 0.090352 -0.766087 0.769874 0.012020 -0.638082 -0.048444 -0.995837 -0.077209
23.862770 -34.743337 2751.934989 -746.260101 0.464371 0.686055 0.560079 -0.082895 0.663293 -0.743755 0.881753 -0.298950 -0.364884
20.818030 -34.640067 1660.750744 -1013.076618 0.424306 0.707174 0.565570 -0.059912 0.645137 -0.761714 0.903535 -0.289315 -0.316104
21.722550 -36.339096 1981.955399 63.975469 0.434844 0.701486 0.564649 -0.176995 0.681383 -0.710204 0.882940 -0.208888 -0.420455
17.949595 -36.154698 622.018744 -652.010476 0.397508 0.726498 0.560525 -0.142448 0.652312 -0.744444 0.906474 -0.216077 -0.362788
4.747639 -58.499457 -1706.286695 1253.195928 0.112367 -0.367586 -0.923176 -0.080306 0.922661 -0.377156 0.990416 0.116517 0.074158
0.246966 -56.995720 -1339.561229 523.737594 0.115109 -0.357495 -0.926794 -0.018705 0.932050 -0.361846 0.993177 0.058987 0.100601
1.138975 -56.518455 -1511.332408 525.701604 0.117241 -0.336025 -0.934528 -0.185993 0.916937 -0.353033 0.975531 0.215205 0.045004
6.105644 -57.790977 -1830.760658 236.602245 0.106373 -0.345875 -0.932231 -0.237664 0.901531 -0.361604 0.965505 0.260023 0.013696
1.881782 -54.627620 -1725.842520 177.942364 0.108449 -0.302225 -0.947047 -0.364343 0.874292 -0.320729 0.924929 0.379833 -0.015297
-6.103871 -73.573067 -357.944888 1612.557848 -0.475428 -0.846580 -0.239311 0.784456 -0.284805 -0.550922 0.398243 -0.449653 0.799509
-5.764132 -74.307585 -223.809128 2203.728189 -0.460997 -0.854800 -0.238324 0.794553 -0.278002 -0.539816 0.395180 -0.438214 0.807342
-4.973449 -81.448241 -334.824622 2162.346704 -0.471286 -0.849196 -0.238236 0.851988 -0.368494 -0.371927 0.228050 -0.378258 0.897170
-7.232244 -68.266299 94.586759 1387.980418 0.460167 0.854705 0.240262 0.693871 -0.177389 -0.697909 0.553886 -0.487866 0.674683
-7.455668 -68.813899 45.303964 2067.974906 0.486411 0.839866 0.240894 0.667741 -0.179515 -0.722424 0.563495 -0.512249 0.648131
-19.138143 -51.170357 469.656660 4476.726203 -0.393081 -0.729934 -0.559181 0.889037 -0.146457 -0.433778 0.234734 -0.667643 0.706508
-17.186440 -48.435422 360.841823 3900.745121 -0.292013 -0.714222 -0.636093 0.927121 -0.048047 -0.371668 0.234891 -0.698268 0.676201
-14.616804 -44.735828 161.184202 410.705799 -0.360547 -0.727117 -0.584214 0.874443 -0.045535 -0.482987 0.324586 -0.685002 0.652240
-15.620025 -46.160928 -548.776680 2258.227671 -0.439388 -0.751413 -0.492256 0.840468 -0.150443 -0.520557 0.317097 -0.642452 0.697642
6.514172 -36.234575 80.808219 3946.827895 0.282246 0.777125 0.562507 -0.704258 0.565993 -0.428570 0.651427 0.275188 -0.707046
8.099594 -29.368158 -819.991118 5206.446936 0.333816 0.732234 0.593634 -0.716257 0.606441 -0.345262 0.612816 0.309940 -0.726907
9.250300 -19.024839 -155.473608 7374.908349 0.347722 0.735102 0.581992 -0.761379 0.583630 -0.282271 0.547166 0.344965 -0.762632
39.340345 -36.417818 -486.668812 -3394.521255 0.086746 0.037204 0.995536 0.988831 0.118356 -0.090584 -0.121198 0.992274 -0.026521
35.417316 -41.141663 -2406.376453 -3599.481695 0.022538 0.127805 0.991543 0.986500 0.158069 -0.042798 -0.162202 0.979122 -0.122517
32.308712 -39.567832 -1579.600628 -51.182939 0.011015 0.107304 0.994165 0.999771 0.017064 -0.012919 -0.018351 0.994080 -0.107092
30.475985 -36.722667 408.421635 2805.813766 0.047941 0.010132 0.998799 0.990712 -0.127871 -0.046256 0.127249 0.991739 -0.016168
29.879666 -38.166364 -1446.813328 3404.537884 -0.010122 0.121040 0.992596 0.980480 -0.193723 0.033622 0.196358 0.973561 -0.116717
-1.542325 -143.217644 -137.637462 -10317.009109 0.544537 0.622003 -0.562665 0.239224 0.527804 0.814982 -0.803898 0.578390 -0.138611
-1.859054 -137.589264 7.889608 -5704.930945 0.545760 0.615510 -0.568589 0.299249 0.490642 0.818365 -0.782685 0.616780 -0.083582
-1.801233 -125.394348 165.421729 -3526.756210 -0.542956 -0.599986 0.587551 0.076627 0.661348 0.746155 -0.836258 0.450152 -0.313108
-3.256976 -125.796513 241.675462 -4985.512368 -0.547266 -0.586741 0.596854 0.057836 0.684906 0.726332 -0.834958 0.432017 -0.340891
-0.684704 -121.981162 448.248551 -3431.541940 -0.538890 -0.604481 0.586687 -0.005261 0.698867 0.715232 -0.842360 0.382345 -0.379792
-3.046089 -127.546305 117.085078 1543.264672 -0.565325 -0.542226 0.621609 -0.125024 0.801205 0.585183 -0.815338 0.253103 -0.520733
-1.588765 -161.916134 -370.440500 1473.380480 0.631871 0.407893 -0.659062 0.771513 -0.412412 0.484441 -0.074205 -0.814580 -0.575286
-1.318971 -164.879098 -1324.852204 -2686.041981 0.621720 0.394639 -0.676553 0.762078 -0.504225 0.406195 -0.180835 -0.768126 -0.614233
-2.662269 -149.565360 -1232.221967 -2667.919128 0.619020 0.411794 -0.668760 0.702811 -0.670498 0.237673 -0.350530 -0.617137 -0.704465
-0.084980 -26.935564 -2353.234431 -661.902438 -0.516554 -0.567261 -0.641394 0.852846 -0.274085 -0.444444 0.076320 -0.776590 0.625366
8.948737 -26.864522 -2713.732660 -978.067314 -0.442855 -0.574310 -0.688511 0.895965 -0.254744 -0.363802 0.033541 -0.777993 0.627376
4.193869 -22.869521 -2767.120710 -1422.791995 -0.562367 -0.550782 -0.616752 0.826685 -0.391011 -0.404601 -0.018309 -0.737394 0.675215
-3.396653 -24.529942 -1346.669106 -1061.533612 -0.642756 -0.506982 -0.574312 0.765625 -0.399561 -0.504152 0.026123 -0.763754 0.644978
-6.430713 -28.187014 -1533.527297 -782.231471 -0.591475 -0.535989 -0.602390 0.798425 -0.285005 -0.530368 0.112587 -0.794662 0.596520
21.060567 -213.358286 -4412.779416 -36048.680924 0.646101 0.625023 -0.438063 0.525631 0.051781 0.849135 -0.553413 0.778887 0.295076
10.108313 -176.613245 -1689.445841 -5279.330558 0.651729 0.602048 -0.461290 0.361788 0.287773 0.886733 -0.666603 0.744799 0.030263
21.115402 -178.826266 -5271.068644 1660.029421 0.640891 0.596058 -0.483708 0.425375 0.248771 0.870154 -0.638996 0.763431 0.094113
35.888862 -246.538875 -6827.944273 -9912.947419 0.635005 0.592506 -0.495686 0.559552 0.089612 0.823936 -0.532607 0.800566 0.274634
2.066892 -38.800853 1236.942523 -519.138359 -0.216254 -0.815580 -0.536716 0.896117 0.052415 -0.440713 0.387568 -0.576266 0.719519
0.177055 -40.069980 1277.115405 -18.281167 -0.215771 -0.813586 -0.539927 0.830324 0.138089 -0.539901 0.513814 -0.564809 0.645744
0.201595 -38.752175 -1029.107935 -386.699909 -0.197146 -0.828061 -0.524833 0.883343 0.082175 -0.461467 0.425251 -0.554584 0.715261
7.242254 -39.799414 3567.311072 -161.250340 -0.246426 -0.805648 -0.538708 0.848884 0.088772 -0.521072 0.467623 -0.585706 0.662025
1.120963 -36.981108 -815.780159 -785.814822 -0.192363 -0.827752 -0.527090 0.930600 0.016580 -0.365662 0.311417 -0.560850 0.767116
4.272132 -35.861181 1540.679085 -999.279490 -0.217135 -0.813847 -0.538986 0.941324 -0.028421 -0.336305 0.258382 -0.580384 0.772265
9.843914 -38.099296 3704.428442 -937.469441 -0.247156 -0.805098 -0.539195 0.903619 0.009399 -0.428234 0.349838 -0.593068 0.725178
-0.837011 -45.765095 5391.216714 -1269.023593 0.373941 -0.680380 -0.630279 0.745594 -0.183642 0.640597 -0.551595 -0.709478 0.438616
-16.072053 -45.949624 5221.963396 -1420.684393 0.376806 -0.710566 -0.594233 0.731365 -0.165457 0.661611 -0.568439 -0.683900 0.457338
-5.826121 -42.907105 4632.375808 -1775.675148 0.373925 -0.698505 -0.610140 0.663531 -0.258161 0.702196 -0.648002 -0.667415 0.366947
-3.073288 -53.591443 -880.560630 399.339625 -0.129965 -0.574881 -0.807850 0.895213 -0.418310 0.153657 -0.426266 -0.703228 0.569006
-4.291749 -53.290918 -520.312799 -296.850737 -0.117353 -0.562305 -0.818561 0.916370 -0.378989 0.128968 -0.382745 -0.734970 0.559755
-2.701341 -53.837242 -660.356880 -516.761116 -0.113375 -0.575363 -0.810002 0.940005 -0.326146 0.100098 -0.321772 -0.750057 0.577821
18.403835 -183.907235 -1041.533596 -31075.514013 0.286470 0.806083 0.517847 -0.342866 -0.418452 0.841036 -0.894638 0.418484 -0.156504
6.225489 -122.659484 -1182.922930 1040.949648 0.347147 0.794145 0.498822 -0.549404 -0.258851 0.794450 -0.760029 0.549846 -0.346447
10.343614 -125.268832 347.037010 5027.993950 0.416977 0.776819 0.471891 -0.414209 -0.299728 0.859415 -0.809049 0.553818 -0.196786
7.085363 -96.036592 -2665.316104 -10263.548343 0.190504 0.779376 0.596893 -0.521925 -0.434563 0.733995 -0.831446 0.451363 -0.323989
16.818238 -145.498232 1221.332000 -15857.543738 0.391957 0.792870 0.466612 -0.200743 -0.421265 0.884442 -0.897815 0.440332 0.005955
29.029463 -245.064298 -1254.878173 -43494.611887 0.265860 0.816263 0.512868 -0.009322 -0.529813 0.848063 -0.963967 0.230247 0.133247
20.718139 -153.802852 -3356.021874 -27511.804726 0.187520 0.780731 0.596067 -0.287339 -0.536686 0.793350 -0.939294 0.320042 -0.123695
64.659395 -218.847010 -5827.495475 1853.230816 -0.143370 0.127252 0.981454 -0.658713 0.727854 -0.190595 -0.738608 -0.673822 -0.020529
62.326092 -233.555122 7324.643129 19988.443935 0.194879 0.024735 -0.980515 0.812675 -0.563793 0.147298 -0.549164 -0.825546 -0.129973
40.808128 -205.679799 -3387.330273 9554.195349 -0.195355 0.000762 0.980732 -0.500966 0.859617 -0.100457 -0.843131 -0.510938 -0.167549
-43.579658 -63.268516 -550.079510 -2452.327727 0.099147 0.904080 0.415702 -0.413350 -0.342593 0.843666 -0.905158 0.255478 -0.339735
-37.627763 -58.721454 243.015555 -1924.224140 -0.108329 0.766640 0.632873 -0.434081 -0.609201 0.663662 -0.894337 0.202824 -0.398778
-32.002007 -52.741627 369.783789 2904.902551 -0.299439 0.611382 0.732494 0.496102 0.755547 -0.427821 -0.814996 0.235286 -0.529549
39.850559 -59.313366 3126.938075 -634.080183 0.424585 0.839836 0.338237 -0.304323 -0.219465 0.926943 -0.852710 0.496499 -0.162400
45.349226 -61.546686 5771.926870 2345.063313 0.438902 0.848664 0.295185 -0.440163 -0.083330 0.894043 -0.783340 0.522326 -0.336977
37.845811 -64.405637 1210.374225 2740.334983 0.460443 0.821280 0.336886 -0.451453 -0.110116 0.885474 -0.764319 0.559798 -0.320067
-1.376460 -39.387804 10718.234879 -407.252724 0.757585 0.082737 0.647472 0.094713 0.967503 -0.234453 -0.645829 0.238942 0.725129
-27.396323 -53.430564 6306.381948 3470.056102 0.633994 -0.242487 0.734337 0.330440 0.943462 0.026256 -0.699186 0.226009 0.678277
-19.870330 -50.670898 5230.234322 3792.786034 0.620582 -0.382230 0.684674 0.311847 0.921435 0.231751 -0.719465 0.069693 0.691023
-33.187939 -62.756055 3955.417602 1545.935283 0.484367 -0.521641 0.702338 0.321752 0.852748 0.411457 -0.813550 0.026682 0.580882
-22.484808 -58.963610 3805.414559 486.293585 0.505634 -0.607468 0.612631 0.274203 0.786426 0.553485 -0.818014 -0.111876 0.564214
-10.222616 -49.277834 4173.581430 3534.281291 0.591505 -0.529475 0.608093 0.322499 0.846582 0.423430 -0.738997 -0.054352 0.671513
-1.931149 -35.827456 6425.046315 1854.350843 0.714153 -0.149824 0.683768 0.186224 0.982288 0.020735 -0.674763 0.112526 0.729405
7.312399 -35.630991 2650.601276 -550.842632 0.005274 0.661466 0.749957 0.443709 0.670548 -0.594548 -0.896155 0.335898 -0.289962
13.816194 -34.706087 1250.917358 -56.193154 -0.049921 0.661728 0.748080 0.360103 0.710560 -0.604509 -0.931576 0.239208 -0.273762
7.784476 -34.289574 3886.816269 -326.593147 0.034951 0.672878 0.738927 0.339933 0.687289 -0.641934 -0.939800 0.273622 -0.204711
15.310863 -36.337740 -630.030577 1041.975363 -0.107743 0.636764 0.763494 0.381939 0.735542 -0.559554 -0.917886 0.231320 -0.322454
15.957239 -35.539046 -1167.511079 -207.541697 -0.135530 0.647554 0.749870 0.262176 0.753314 -0.603142 -0.955455 0.114854 -0.271870
13.379147 -34.158866 1733.098413 -458.657419 -0.037009 0.673647 0.738126 0.237474 0.723402 -0.648302 -0.970689 0.151293 -0.186746
5.743977 -32.786300 -646.931129 -555.920804 -0.299277 0.305000 0.904106 0.729611 -0.537475 0.422832 0.614899 0.786190 -0.061678
7.885975 -33.457734 -1068.728514 -986.885935 -0.324096 0.299653 0.897313 0.773930 -0.461501 0.433647 0.544054 0.835000 -0.082340
4.954662 -34.099990 -492.019569 -875.061374 -0.302680 0.311919 0.900606 0.789126 -0.447883 0.420334 0.534477 0.837918 -0.110578
-2.390883 -31.914348 -669.577370 331.653792 0.382744 -0.595369 -0.706429 0.769350 0.628743 -0.113062 0.511476 -0.500217 0.698695
-2.043828 -32.443817 -528.790778 48.946579 0.360093 -0.608089 -0.707503 0.831614 0.552917 -0.051964 0.422790 -0.569658 0.704797
-0.367535 -32.738888 -575.833326 280.143773 0.393619 -0.582350 -0.711289 0.765764 0.635798 -0.096778 0.508595 -0.506586 0.696205
-2.673046 -31.739364 -24.700560 381.622891 0.341170 -0.604917 -0.719499 0.794038 0.595121 -0.123831 0.503096 -0.529062 0.683365
-3.205540 -30.245009 -12.206633 376.830262 0.351428 -0.598404 -0.720008 0.727940 0.658269 -0.191792 0.588728 -0.456722 0.666936
-1.492492 -31.748705 -676.067114 362.924330 0.405398 -0.572820 -0.712411 0.706944 0.690535 -0.152943 0.579554 -0.441632 0.684893
-2.853903 -31.620116 -867.620350 -85.180268 0.401701 -0.581819 -0.707194 0.691941 0.698693 -0.181788 0.599879 -0.416312 0.683249
-3.727727 -55.814567 -890.044635 4014.623041 0.009440 0.741941 0.670399 -0.447798 -0.596310 0.666251 -0.894085 0.306493 -0.326611
-10.365663 -67.977508 1474.110422 3423.776032 0.221991 -0.670232 -0.708173 0.957412 0.012319 0.288461 -0.184612 -0.742050 0.644423
-14.801591 -77.632484 1078.059184 3057.382628 0.167704 -0.701511 -0.692645 0.927215 -0.126428 0.352546 -0.334885 -0.701354 0.629249
-12.362998 -78.101303 1477.580274 453.759074 0.153978 -0.668237 -0.727840 0.844386 -0.293555 0.448149 -0.513130 -0.683583 0.519049
-8.270908 -75.239170 2171.376932 -316.761428 0.173119 -0.628991 -0.757892 0.799484 -0.359663 0.481111 -0.575200 -0.689212 0.440603
-3.732968 -75.933376 375.877301 3478.286842 -0.018026 0.722273 -0.691373 0.349240 -0.643382 -0.681243 0.936860 0.253734 0.240649
-4.104949 -77.590412 337.927871 3039.503050 -0.019512 0.702590 -0.711328 0.356228 -0.659887 -0.661552 0.934195 0.266303 0.237406
38.742028 -30.184964 9870.288398 1051.573560 0.371981 -0.576718 -0.727342 0.679351 0.703104 -0.210062 0.632544 -0.415982 0.653335
233.057818 -37.385806 55741.303578 2086.487394 0.382255 -0.629803 -0.676187 0.673974 0.690637 -0.262258 0.632171 -0.355483 0.688470
99.263652 -28.018267 21942.870567 506.731555 0.358621 -0.603191 -0.712427 0.628043 0.720539 -0.293916 0.690618 -0.342030 0.637230
-7.597420 -29.003431 -1687.446858 886.518793 0.344046 0.427310 0.836085 0.742682 -0.668669 0.036136 0.574505 0.608513 -0.547408
-6.678326 -28.065091 2757.362244 -580.347437 -0.403868 -0.395879 -0.824725 -0.678195 0.734596 -0.020504 0.613956 0.551043 -0.565163
3.097633 -31.136716 -3914.722247 1668.579939 0.483087 0.322643 0.813958 0.682091 -0.721551 -0.118809 0.548979 0.612589 -0.568645
-1.483475 -32.505123 -1989.169615 1589.542749 0.382014 0.390778 0.837471 0.768555 -0.637579 -0.053072 0.513214 0.663917 -0.543898
-2.161062 -35.956609 -169.748766 -2636.647041 -0.268059 0.330734 0.904854 0.112542 0.943546 -0.311536 -0.956807 0.018324 -0.290147
-2.295748 -33.511929 312.294643 -1773.132861 -0.244953 0.393135 0.886252 0.138607 0.918911 -0.369312 -0.959576 0.032377 -0.279581
-0.272594 -31.281778 -357.000084 -1679.976519 -0.271334 0.351118 0.896155 0.055315 0.935234 -0.349681 -0.960895 -0.045310 -0.273183
-1.409057 -33.495480 -552.165372 -1125.002800 -0.274560 0.283921 0.918698 0.079954 0.958847 -0.272434 -0.958240 -0.001346 -0.285961
-2.339843 -37.492109 678.656794 -1886.365507 -0.239485 0.288718 0.926978 0.158576 0.953573 -0.256033 -0.957863 0.085680 -0.274150
68.875937 -34.827665 -16891.661514 626.391313 0.835236 -0.254570 0.487417 -0.522108 -0.088946 0.848229 0.172580 0.962955 0.207204
54.883013 -38.125479 -1087.107737 582.524172 0.770472 -0.523815 0.363306 -0.444445 -0.032835 0.895204 0.456992 0.851199 0.258106
63.852083 -36.246094 5646.621872 532.321422 0.728913 -0.587900 0.350797 -0.504307 -0.114564 0.855891 0.462990 0.800780 0.379989
67.050263 -37.720455 -18215.064865 -407.818899 -0.565904 0.803814 -0.183401 0.484544 0.144273 -0.862788 0.667061 0.577121 0.471128
72.303919 -30.928452 12685.544465 1691.897777 0.657751 -0.700544 0.276769 -0.559455 -0.208329 0.802252 0.504354 0.682522 0.528952
74.392941 -28.026657 -10761.578736 1685.104207 0.786837 -0.331708 0.520440 -0.596905 -0.194748 0.778317 0.156819 0.923062 0.351233
-19.855302 -33.980020 160.382936 -379.842827 0.061388 0.868241 0.492330 -0.865784 -0.199114 0.459099 -0.496638 0.454434 -0.739486
-138.382193 -271.404331 -19426.831808 100913.368118 -0.018482 0.945996 -0.323650 0.956827 0.110648 0.268773 0.290070 -0.304709 -0.907200
917.174533 -1285.852187 -334341.775711 -208273.405882 0.741984 -0.557992 0.371625 0.665608 0.679407 -0.308824 0.080163 -0.476498 -0.875513
191.358736 -1582.191490 60120.345281 -602720.004001 -0.017818 0.991582 -0.128251 -0.843137 -0.083846 -0.531121 0.537403 -0.098670 -0.837534
505.402600 -173.087892 -292754.183939 -3668.197213 0.886524 -0.446727 -0.120455 0.458209 0.883791 0.094642 -0.064178 0.139096 -0.988197
9.386904 -100.224359 14634.664770 -2579.210955 0.434577 0.881254 -0.185835 0.829434 -0.311199 0.463891 0.350974 -0.355734 -0.866182
136.626444 -319.134503 65171.581802 -64544.790674 0.596018 0.798897 -0.080783 -0.678472 0.447243 -0.582794 0.429463 -0.402165 -0.808594
29.634788 -6.705770 1297.755919 -3583.524553 -0.659177 -0.511515 -0.551215 -0.418371 0.858552 -0.296403 0.624861 0.035231 -0.779940
32.630479 -4.719438 -1903.157564 -3233.111680 -0.555846 -0.544038 -0.628536 -0.455005 0.831897 -0.317676 0.695705 0.109408 -0.709947
24.380458 -4.357424 4597.166103 -3588.280151 -0.755847 -0.471123 -0.454685 -0.382371 0.881335 -0.277564 0.531496 -0.035938 -0.846298
28.765984 2.781359 2144.207414 -3931.811052 -0.720574 -0.433709 -0.540990 -0.357075 0.900921 -0.246655 0.594365 0.015440 -0.804047
-10.782550 -49.964990 -2818.961529 -1630.063971 -0.393125 0.336342 0.855761 0.155917 0.941602 -0.298454 -0.906169 0.016098 -0.422609
-9.429243 -52.945547 -2235.643234 -931.199384 -0.399320 0.336750 0.852727 0.305277 0.925863 -0.222675 -0.864494 0.171399 -0.472518
-3.155464 -49.034511 -1936.956187 -1756.920849 -0.392774 0.388721 0.833441 0.211435 0.920167 -0.329527 -0.894999 0.046788 -0.443607
-2.453289 -52.970978 -1704.160591 -945.219934 -0.380119 0.398242 0.834813 0.371830 0.892213 -0.256318 -0.846908 0.212977 -0.487225
-3.437113 -44.548168 -2021.165135 -2125.157155 -0.391623 0.399886 0.828687 0.092380 0.913161 -0.396992 -0.915477 -0.078917 -0.394556
11.200983 -20.562557 195.415496 -363.368101 -0.765902 0.549270 -0.334210 0.226165 0.716737 0.659650 0.601866 0.429641 -0.673176
7.142205 -19.941506 -555.363937 -626.889647 -0.722115 0.620887 -0.305040 0.317371 0.689153 0.651417 0.614676 0.373587 -0.694699
11.282570 -21.522207 -2054.893804 -502.512622 -0.702428 0.635089 -0.321336 0.278615 0.660790 0.696944 0.654957 0.400023 -0.641102
6.369520 -18.753302 1006.149463 -227.849290 -0.798711 0.493526 -0.344228 0.219298 0.771486 0.597258 0.560329 0.401548 -0.724424
13.207774 -21.655508 110.670220 -373.075367 -0.768015 0.542837 -0.339824 0.188490 0.698710 0.690128 0.612065 0.465975 -0.638939
9.984412 -20.385525 2043.665483 -321.731322 -0.820795 0.450715 -0.350928 0.149494 0.762427 0.629568 0.551313 0.464285 -0.693176
-1.606994 -21.632794 620.629187 -92.642906 -0.017638 0.995216 -0.096091 0.248696 0.097452 0.963667 -0.968421 0.006900 0.249225
-0.065104 -22.155276 1228.452396 48.192883 0.012742 0.999881 -0.008666 0.243655 0.005301 0.969847 -0.969778 0.014469 0.243559
4.419899 -20.412815 2118.338776 -28.521842 0.025224 0.999451 0.021466 0.308351 -0.028205 0.950854 -0.950938 0.017366 0.308893
-0.518116 -21.141393 1123.814613 -73.086865 -0.024375 0.990636 -0.134336 0.318184 0.135076 0.938357 -0.947716 0.019871 0.318497
-3.272188 -20.994038 420.583636 -290.591124 -0.044843 0.986208 -0.159321 0.243343 0.165461 0.955723 -0.968903 -0.004088 0.247406
-130.007426 -253.053126 22232.847773 -57159.081605 0.784962 0.540633 -0.302572 0.604320 -0.560554 0.566194 -0.136495 0.627292 0.766729
4.547046 -247.005343 -5323.255889 -25909.679350 0.765722 -0.071707 -0.639162 -0.414448 -0.814948 -0.405084 0.491836 -0.575081 0.653742
17.587115 -354.248292 -1329.103102 -53244.863844 0.726713 -0.079154 -0.682365 -0.604718 -0.544962 -0.580804 0.325890 -0.834716 0.443897
7.567585 -199.266287 -2429.311002 -18165.054533 0.714688 -0.162300 -0.680353 -0.598712 -0.644848 -0.475096 0.361616 -0.746880 0.558036
-0.459358 -149.788416 -4031.715778 2977.858173 0.782689 -0.049514 -0.620440 0.336254 0.872480 0.354559 0.523766 -0.486135 0.699530
1.105662 -139.257987 -1444.064822 -11084.218179 0.694330 -0.176154 -0.697764 -0.577524 -0.714891 -0.394204 0.429384 -0.676684 0.598104
24.565009 -681.729911 5148.647909 201612.323454 0.600760 -0.261680 -0.755388 0.756511 0.491535 0.431376 0.258417 -0.830612 0.493258
31.257211 -47.914983 -686.843415 2948.819252 0.178903 0.840887 0.510786 0.807880 0.170755 -0.564067 0.561537 -0.513567 0.648788
29.039481 -53.955826 423.264500 -96.130819 -0.297685 -0.813968 -0.498838 0.868232 -0.013576 -0.495972 0.396934 -0.580750 0.710755
12.072184 -25.718449 -2300.234867 -1968.476632 -0.325415 -0.748860 -0.577333 0.943117 -0.213081 -0.255201 0.068091 -0.627538 0.775602
15.387898 -22.692059 -747.402684 -1502.033770 -0.333592 -0.705313 -0.625500 0.941358 -0.213597 -0.261193 0.050618 -0.675951 0.735206
12.484851 -21.568430 -1252.023944 -1796.490124 -0.280325 -0.741144 -0.610020 0.959865 -0.210593 -0.185231 0.008817 -0.637461 0.770432
9.856148 -22.308326 -2013.625367 -2104.116408 -0.270011 -0.773335 -0.573626 0.962857 -0.217161 -0.160458 -0.000481 -0.595645 0.803248
3.710619 -27.085285 931.559684 306.997754 -0.283096 -0.528483 -0.800352 0.367789 0.710874 -0.599491 0.885770 -0.464074 -0.006875
4.567388 -27.985280 1335.716522 452.354352 -0.286343 -0.519232 -0.805237 0.446350 0.671371 -0.591635 0.847809 -0.528828 0.039517
3.645395 -27.788901 -382.145074 368.210939 -0.262203 -0.555818 -0.788870 0.419249 0.670683 -0.611895 0.869184 -0.491173 0.057171
2.694594 -26.814017 -472.643449 157.445759 -0.267544 -0.571986 -0.775404 0.333966 0.699809 -0.631454 0.903818 -0.427900 0.003794
2.946553 -29.413113 -1770.182443 311.563928 -0.241482 -0.577509 -0.779852 0.482313 0.625918 -0.612863 0.842058 -0.524128 0.127392
2.383102 -27.734677 -1761.029162 507.049401 -0.248211 -0.587325 -0.770351 0.387772 0.668503 -0.634616 0.887707 -0.456239 0.061818
4.507109 -28.821820 -152.228549 235.043836 -0.266435 -0.543348 -0.796106 0.501880 0.626948 -0.595862 0.822878 -0.558308 0.105655
1.758363 -39.864584 -558.677986 110.157143 0.186424 0.436917 0.879971 0.312469 0.822799 -0.474727 -0.931456 0.363464 0.016866
1.212361 -40.061452 -528.212477 -12.619670 0.193310 0.456963 0.868226 0.199022 0.848257 -0.490765 -0.960740 0.267666 0.073031
-0.428407 -41.769155 -402.241541 -275.702424 0.205244 0.471943 0.857406 0.200870 0.837094 -0.508847 -0.957876 0.276665 0.077009
3.217054 -58.295478 -1509.553402 312.638555 0.109159 -0.396976 -0.911315 0.120566 0.915312 -0.384276 0.986685 -0.067926 0.147776
-2.482599 -83.939061 93.552882 -917.681488 -0.491627 -0.832107 -0.256713 0.857007 -0.514607 0.026803 -0.154409 -0.206828 0.966116
-1.925178 -84.265283 699.001531 -2240.057944 -0.507899 -0.818275 -0.269191 0.839609 -0.540119 0.057689 -0.192600 -0.196715 0.961358
-3.370441 -88.100698 104.433951 2534.235066 -0.501879 -0.826626 -0.254572 0.862329 -0.455360 -0.221439 0.067126 -0.330661 0.941359
-3.702313 -88.900208 110.926124 1060.136974 -0.516666 -0.813928 -0.265664 0.856018 -0.484896 -0.179193 0.017031 -0.319996 0.947266
-3.851510 -88.243049 -2.169873 3257.334520 -0.484960 -0.838138 -0.249676 0.870708 -0.436057 -0.227425 0.081740 -0.327687 0.941244
-4.950994 -84.505332 -200.996078 1664.269498 -0.516245 -0.818014 -0.253661 0.828139 -0.401277 -0.391360 0.218350 -0.412104 0.884587
16.241316 -6.091859 4109.364653 6894.856263 -0.587361 -0.509492 -0.628829 -0.638006 0.769538 -0.027564 0.497951 0.385007 -0.777055
14.829826 -19.493644 2660.195057 6778.164625 -0.462036 -0.591189 -0.661073 -0.674494 0.718231 -0.170888 0.575830 0.366934 -0.730602
7.388527 -37.569411 -399.868971 2741.453020 0.312646 0.726129 0.612363 -0.637121 0.638462 -0.431791 0.704507 0.255152 -0.662245
43.364834 -36.286554 -5713.829788 36.840577 0.090416 0.206959 0.974163 0.977728 0.167584 -0.126350 -0.189404 0.963890 -0.187197
46.040031 -37.352566 -3616.384865 -3050.078651 0.111274 0.102650 0.988474 0.971836 0.196673 -0.129825 -0.207732 0.975081 -0.077874
56.883300 -27.721065 -3495.319813 -2875.879320 0.296601 -0.013147 0.954911 0.931887 0.222646 -0.286384 -0.208842 0.974811 0.078289
83.502528 -24.275348 -14137.574408 283.820396 0.326098 0.177086 0.928601 0.901075 0.238825 -0.361976 -0.285874 0.954779 -0.081687
1.508359 -26.000639 366.316792 -82.437773 -0.280131 -0.544474 -0.790616 0.282219 0.740485 -0.609946 0.917540 -0.393992 -0.053771
-2.021262 -163.015520 -24.985853 -13280.988662 0.542555 0.621113 -0.565555 0.469795 0.333768 0.817246 -0.696366 0.709096 0.110708
-2.928974 -162.952348 -191.506448 -8879.774601 -0.545740 -0.614656 0.569531 0.562177 0.235447 0.792794 -0.621390 0.752837 0.217053
-1.900677 -155.086663 239.965018 -11496.855895 0.534928 0.607803 -0.586879 0.493355 0.339192 0.800968 -0.685895 0.718000 0.118420
-2.317082 -141.017392 142.443486 -6731.559174 0.549790 0.590340 -0.590956 0.316201 0.507740 0.801385 -0.773141 0.627454 -0.092484
-10.349506 -111.731391 277.569377 11147.181217 -0.654156 -0.456510 0.603058 -0.458689 0.873406 0.163607 -0.601402 -0.169591 -0.780739
-9.756557 -140.736752 1238.261705 14635.157750 -0.661241 -0.417032 0.623574 -0.593994 0.798759 -0.095683 -0.458183 -0.433669 -0.775886
-8.178964 -120.709080 1042.258082 7291.729695 -0.614858 -0.456857 0.642831 -0.513580 0.850536 0.113241 -0.598486 -0.260518 -0.757591
-8.222975 -93.869707 593.171860 4885.057700 -0.613324 -0.496020 0.614653 -0.399215 0.866167 0.300637 -0.681514 -0.060991 -0.729259
13.818556 -23.569688 -3196.981058 -1866.299993 -0.510937 -0.561260 -0.651099 0.856404 -0.397789 -0.329144 -0.074265 -0.725776 0.683911
6.025532 -236.178560 -2519.955471 -21398.719599 0.632692 0.634885 -0.443421 0.481677 0.125722 0.867284 -0.606373 0.762309 0.226266
3.993529 -216.819851 -645.633169 12572.488382 0.629021 0.596640 -0.498351 0.290472 0.414238 0.862573 -0.721082 0.687334 -0.087257
-4.181652 -86.694750 1648.131981 139.986450 0.667738 0.381031 -0.639485 0.727775 -0.153641 0.668384 0.156424 -0.911707 -0.379896
0.260779 -100.044741 1712.745780 -1914.846334 0.652798 0.389653 -0.649635 0.736650 -0.126557 0.664327 0.176641 -0.912225 -0.369653
-1.803967 -94.581902 1536.714453 -1321.215727 0.617080 0.370523 -0.694208 0.737767 0.034430 0.674176 0.273699 -0.928185 -0.252114
0.152121 -39.623103 -1310.666462 -164.538025 -0.196496 -0.829524 -0.522761 0.831818 0.141235 -0.536779 0.519103 -0.540317 0.662261
0.386141 -39.925628 -2181.586383 204.659775 0.231606 0.808930 0.540362 0.739886 0.214164 -0.637732 0.631607 -0.547509 0.548914
-1.373431 -40.095185 645.968848 -122.483276 0.199789 0.821091 0.534691 0.773781 0.202565 -0.600192 0.601121 -0.533645 0.594875
6.844213 -40.028259 -3812.835467 383.762932 0.248914 0.803492 0.540779 0.773526 0.171080 -0.610237 0.582837 -0.570203 0.578938
1.817486 -33.730840 -4105.085946 410.591655 0.728576 0.481276 0.487392 0.176260 0.555864 -0.812372 0.661899 -0.677782 -0.320159
-9.520232 -34.832477 -3892.585641 275.684683 0.726357 0.486252 0.485761 0.224946 0.499646 -0.836513 0.649465 -0.716877 -0.253541
2.311939 -34.997836 -4098.997279 640.444022 0.727413 0.482553 0.487867 0.240545 0.486537 -0.839893 0.642658 -0.728303 -0.237837
-6.015655 -47.103727 5609.131490 -35.613541 0.367987 -0.681491 -0.632578 0.814307 -0.092225 0.573060 -0.448875 -0.725992 0.521005
-24.356952 -48.050193 5243.489898 -267.063632 0.406361 -0.728815 -0.551089 0.787433 -0.026608 0.615826 -0.463487 -0.684193 0.563081
-34.579929 -47.772026 4340.108987 -1496.166315 0.464853 -0.783963 -0.411477 0.664712 0.002016 0.747097 -0.584867 -0.620804 0.522047
-4.631713 -52.012450 -479.880665 27.702599 -0.134729 -0.548106 -0.825487 0.874452 -0.457580 0.161104 -0.466028 -0.700143 0.540941
